0.0000000   -9.2813745e-07  3.9562898e-06  -9.2544976e-05  6.9704399e-07  4.6757519e-08  -5.6485184e-07  8.4774189e-05  -2.7926921e-05  -1.4819454e-07  -1.5112295e-07  0.0000000   -9.2813745e-07  3.9562898e-06  -9.2544976e-05  6.9704399e-07  4.6757519e-08  -5.6485184e-07  8.4774189e-05  -2.7926921e-05  -1.4819454e-07  -1.5112295e-07  
9.2813745e-07  0.0000000   -0.00063073943  -5.0742651e-06  -2.6102885e-05  -1.4098683e-05  6.8816013e-05  -3.1354168e-07  5.7168291e-07  -3.4514374e-06  -5.5459296e-05  9.2813745e-07  0.0000000   -0.00063073943  -5.0742651e-06  -2.6102885e-05  -1.4098683e-05  6.8816013e-05  -3.1354168e-07  5.7168291e-07  -3.4514374e-06  -5.5459296e-05  
-3.9562898e-06  0.00063073943  0.0000000   -6.9987742e-07  -0.00028587939  -3.7993840e-05  -2.8198737e-05  1.6522908e-07  -1.3360392e-06  9.4463869e-06  8.4708156e-05  -3.9562898e-06  0.00063073943  0.0000000   -6.9987742e-07  -0.00028587939  -3.7993840e-05  -2.8198737e-05  1.6522908e-07  -1.3360392e-06  9.4463869e-06  8.4708156e-05  
9.2544976e-05  5.0742651e-06  6.9987742e-07  0.0000000   -3.3125139e-06  -1.1033555e-06  -2.9333705e-07  7.8708077e-05  -0.00013363644  1.7738626e-06  -4.3576419e-07  9.2544976e-05  5.0742651e-06  6.9987742e-07  0.0000000   -3.3125139e-06  -1.1033555e-06  -2.9333705e-07  7.8708077e-05  -0.00013363644  1.7738626e-06  -4.3576419e-07  
-6.9704399e-07  2.6102885e-05  0.00028587939  3.3125139e-06  0.0000000   -3.8654682e-05  -1.4541169e-05  3.7326229e-07  -1.0162386e-07  -5.8796958e-05  3.4292176e-06  -6.9704399e-07  2.6102885e-05  0.00028587939  3.3125139e-06  0.0000000   -3.8654682e-05  -1.4541169e-05  3.7326229e-07  -1.0162386e-07  -5.8796958e-05  3.4292176e-06  
-4.6757519e-08  1.4098683e-05  3.7993840e-05  1.1033555e-06  3.8654682e-05  0.0000000   -0.00010545414  7.8353078e-06  -1.3147190e-06  -8.7458430e-05  -7.3675415e-05  -4.6757519e-08  1.4098683e-05  3.7993840e-05  1.1033555e-06  3.8654682e-05  0.0000000   -0.00010545414  7.8353078e-06  -1.3147190e-06  -8.7458430e-05  -7.3675415e-05  
5.6485184e-07  -6.8816013e-05  2.8198737e-05  2.9333705e-07  1.4541169e-05  0.00010545414  0.0000000   -3.7631742e-07  -3.4795318e-06  -7.4700821e-05  2.0045474e-05  5.6485184e-07  -6.8816013e-05  2.8198737e-05  2.9333705e-07  1.4541169e-05  0.00010545414  0.0000000   -3.7631742e-07  -3.4795318e-06  -7.4700821e-05  2.0045474e-05  
-8.4774189e-05  3.1354168e-07  -1.6522908e-07  -7.8708077e-05  -3.7326229e-07  -7.8353078e-06  3.7631742e-07  0.0000000   -0.0011856509  1.9126679e-05  -9.6438624e-06  -8.4774189e-05  3.1354168e-07  -1.6522908e-07  -7.8708077e-05  -3.7326229e-07  -7.8353078e-06  3.7631742e-07  0.0000000   -0.0011856509  1.9126679e-05  -9.6438624e-06  
2.7926921e-05  -5.7168291e-07  1.3360392e-06  0.00013363644  1.0162386e-07  1.3147190e-06  3.4795318e-06  0.0011856509  0.0000000   -2.5978118e-06  2.9456044e-06  2.7926921e-05  -5.7168291e-07  1.3360392e-06  0.00013363644  1.0162386e-07  1.3147190e-06  3.4795318e-06  0.0011856509  0.0000000   -2.5978118e-06  2.9456044e-06  
1.4819454e-07  3.4514374e-06  -9.4463869e-06  -1.7738626e-06  5.8796958e-05  8.7458430e-05  7.4700821e-05  -1.9126679e-05  2.5978118e-06  0.0000000   0.00020176355  1.4819454e-07  3.4514374e-06  -9.4463869e-06  -1.7738626e-06  5.8796958e-05  8.7458430e-05  7.4700821e-05  -1.9126679e-05  2.5978118e-06  0.0000000   0.00020176355  
1.5112295e-07  5.5459296e-05  -8.4708156e-05  4.3576419e-07  -3.4292176e-06  7.3675415e-05  -2.0045474e-05  9.6438624e-06  -2.9456044e-06  -0.00020176355  0.0000000   1.5112295e-07  5.5459296e-05  -8.4708156e-05  4.3576419e-07  -3.4292176e-06  7.3675415e-05  -2.0045474e-05  9.6438624e-06  -2.9456044e-06  -0.00020176355  0.0000000   
0.0000000   -9.2813745e-07  3.9562898e-06  -9.2544976e-05  6.9704399e-07  4.6757519e-08  -5.6485184e-07  8.4774189e-05  -2.7926921e-05  -1.4819454e-07  -1.5112295e-07  0.0000000   -9.2813745e-07  3.9562898e-06  -9.2544976e-05  6.9704399e-07  4.6757519e-08  -5.6485184e-07  8.4774189e-05  -2.7926921e-05  -1.4819454e-07  -1.5112295e-07  
9.2813745e-07  0.0000000   -0.00063073943  -5.0742651e-06  -2.6102885e-05  -1.4098683e-05  6.8816013e-05  -3.1354168e-07  5.7168291e-07  -3.4514374e-06  -5.5459296e-05  9.2813745e-07  0.0000000   -0.00063073943  -5.0742651e-06  -2.6102885e-05  -1.4098683e-05  6.8816013e-05  -3.1354168e-07  5.7168291e-07  -3.4514374e-06  -5.5459296e-05  
-3.9562898e-06  0.00063073943  0.0000000   -6.9987742e-07  -0.00028587939  -3.7993840e-05  -2.8198737e-05  1.6522908e-07  -1.3360392e-06  9.4463869e-06  8.4708156e-05  -3.9562898e-06  0.00063073943  0.0000000   -6.9987742e-07  -0.00028587939  -3.7993840e-05  -2.8198737e-05  1.6522908e-07  -1.3360392e-06  9.4463869e-06  8.4708156e-05  
9.2544976e-05  5.0742651e-06  6.9987742e-07  0.0000000   -3.3125139e-06  -1.1033555e-06  -2.9333705e-07  7.8708077e-05  -0.00013363644  1.7738626e-06  -4.3576419e-07  9.2544976e-05  5.0742651e-06  6.9987742e-07  0.0000000   -3.3125139e-06  -1.1033555e-06  -2.9333705e-07  7.8708077e-05  -0.00013363644  1.7738626e-06  -4.3576419e-07  
-6.9704399e-07  2.6102885e-05  0.00028587939  3.3125139e-06  0.0000000   -3.8654682e-05  -1.4541169e-05  3.7326229e-07  -1.0162386e-07  -5.8796958e-05  3.4292176e-06  -6.9704399e-07  2.6102885e-05  0.00028587939  3.3125139e-06  0.0000000   -3.8654682e-05  -1.4541169e-05  3.7326229e-07  -1.0162386e-07  -5.8796958e-05  3.4292176e-06  
-4.6757519e-08  1.4098683e-05  3.7993840e-05  1.1033555e-06  3.8654682e-05  0.0000000   -0.00010545414  7.8353078e-06  -1.3147190e-06  -8.7458430e-05  -7.3675415e-05  -4.6757519e-08  1.4098683e-05  3.7993840e-05  1.1033555e-06  3.8654682e-05  0.0000000   -0.00010545414  7.8353078e-06  -1.3147190e-06  -8.7458430e-05  -7.3675415e-05  
5.6485184e-07  -6.8816013e-05  2.8198737e-05  2.9333705e-07  1.4541169e-05  0.00010545414  0.0000000   -3.7631742e-07  -3.4795318e-06  -7.4700821e-05  2.0045474e-05  5.6485184e-07  -6.8816013e-05  2.8198737e-05  2.9333705e-07  1.4541169e-05  0.00010545414  0.0000000   -3.7631742e-07  -3.4795318e-06  -7.4700821e-05  2.0045474e-05  
-8.4774189e-05  3.1354168e-07  -1.6522908e-07  -7.8708077e-05  -3.7326229e-07  -7.8353078e-06  3.7631742e-07  0.0000000   -0.0011856509  1.9126679e-05  -9.6438624e-06  -8.4774189e-05  3.1354168e-07  -1.6522908e-07  -7.8708077e-05  -3.7326229e-07  -7.8353078e-06  3.7631742e-07  0.0000000   -0.0011856509  1.9126679e-05  -9.6438624e-06  
2.7926921e-05  -5.7168291e-07  1.3360392e-06  0.00013363644  1.0162386e-07  1.3147190e-06  3.4795318e-06  0.0011856509  0.0000000   -2.5978118e-06  2.9456044e-06  2.7926921e-05  -5.7168291e-07  1.3360392e-06  0.00013363644  1.0162386e-07  1.3147190e-06  3.4795318e-06  0.0011856509  0.0000000   -2.5978118e-06  2.9456044e-06  
1.4819454e-07  3.4514374e-06  -9.4463869e-06  -1.7738626e-06  5.8796958e-05  8.7458430e-05  7.4700821e-05  -1.9126679e-05  2.5978118e-06  0.0000000   0.00020176355  1.4819454e-07  3.4514374e-06  -9.4463869e-06  -1.7738626e-06  5.8796958e-05  8.7458430e-05  7.4700821e-05  -1.9126679e-05  2.5978118e-06  0.0000000   0.00020176355  
1.5112295e-07  5.5459296e-05  -8.4708156e-05  4.3576419e-07  -3.4292176e-06  7.3675415e-05  -2.0045474e-05  9.6438624e-06  -2.9456044e-06  -0.00020176355  0.0000000   1.5112295e-07  5.5459296e-05  -8.4708156e-05  4.3576419e-07  -3.4292176e-06  7.3675415e-05  -2.0045474e-05  9.6438624e-06  -2.9456044e-06  -0.00020176355  0.0000000   
