0.0000000   1.5277561e-07  4.0627808e-06  -9.3965180e-05  2.9595656e-06  4.7457386e-06  -1.2767264e-06  8.8791052e-06  -5.6832947e-06  -7.8262577e-06  9.5497484e-07  0.0000000   1.5277561e-07  4.0627808e-06  -9.3965180e-05  2.9595656e-06  4.7457386e-06  -1.2767264e-06  8.8791052e-06  -5.6832947e-06  -7.8262577e-06  9.5497484e-07  
-1.5277561e-07  0.0000000   -0.00067433747  3.5433233e-06  4.5942540e-06  4.7477194e-06  0.00010225721  -9.3447345e-07  -1.3302485e-06  -8.1506784e-08  -8.1360209e-06  -1.5277561e-07  0.0000000   -0.00067433747  3.5433233e-06  4.5942540e-06  4.7477194e-06  0.00010225721  -9.3447345e-07  -1.3302485e-06  -8.1506784e-08  -8.1360209e-06  
-4.0627808e-06  0.00067433747  0.0000000   5.2918414e-07  -8.0524462e-07  -4.7457527e-06  -8.2673424e-05  -6.9801990e-07  -6.6191912e-07  -3.5850477e-07  1.0482724e-06  -4.0627808e-06  0.00067433747  0.0000000   5.2918414e-07  -8.0524462e-07  -4.7457527e-06  -8.2673424e-05  -6.9801990e-07  -6.6191912e-07  -3.5850477e-07  1.0482724e-06  
9.3965180e-05  -3.5433233e-06  -5.2918414e-07  0.0000000   1.3839940e-05  4.7665180e-05  -1.0837114e-06  0.00016726431  4.5750884e-05  -8.7757440e-05  -3.5610271e-07  9.3965180e-05  -3.5433233e-06  -5.2918414e-07  0.0000000   1.3839940e-05  4.7665180e-05  -1.0837114e-06  0.00016726431  4.5750884e-05  -8.7757440e-05  -3.5610271e-07  
-2.9595656e-06  -4.5942540e-06  8.0524462e-07  -1.3839940e-05  0.0000000   -9.1227174e-05  4.7197917e-06  6.0228316e-05  -3.1077497e-05  2.8777961e-05  -3.2079594e-08  -2.9595656e-06  -4.5942540e-06  8.0524462e-07  -1.3839940e-05  0.0000000   -9.1227174e-05  4.7197917e-06  6.0228316e-05  -3.1077497e-05  2.8777961e-05  -3.2079594e-08  
-4.7457386e-06  -4.7477194e-06  4.7457527e-06  -4.7665180e-05  9.1227174e-05  0.0000000   -3.3162341e-06  -0.00063261084  -0.00021130612  0.00014127997  -1.0989178e-05  -4.7457386e-06  -4.7477194e-06  4.7457527e-06  -4.7665180e-05  9.1227174e-05  0.0000000   -3.3162341e-06  -0.00063261084  -0.00021130612  0.00014127997  -1.0989178e-05  
1.2767264e-06  -0.00010225721  8.2673424e-05  1.0837114e-06  -4.7197917e-06  3.3162341e-06  0.0000000   3.8136003e-05  3.3740911e-06  -7.5696998e-06  -0.00024107267  1.2767264e-06  -0.00010225721  8.2673424e-05  1.0837114e-06  -4.7197917e-06  3.3162341e-06  0.0000000   3.8136003e-05  3.3740911e-06  -7.5696998e-06  -0.00024107267  
-8.8791052e-06  9.3447345e-07  6.9801990e-07  -0.00016726431  -6.0228316e-05  0.00063261084  -3.8136003e-05  0.0000000   -0.0016723338  3.8472883e-05  -1.9996627e-06  -8.8791052e-06  9.3447345e-07  6.9801990e-07  -0.00016726431  -6.0228316e-05  0.00063261084  -3.8136003e-05  0.0000000   -0.0016723338  3.8472883e-05  -1.9996627e-06  
5.6832947e-06  1.3302485e-06  6.6191912e-07  -4.5750884e-05  3.1077497e-05  0.00021130612  -3.3740911e-06  0.0016723338  0.0000000   -0.00060239312  -1.9314288e-06  5.6832947e-06  1.3302485e-06  6.6191912e-07  -4.5750884e-05  3.1077497e-05  0.00021130612  -3.3740911e-06  0.0016723338  0.0000000   -0.00060239312  -1.9314288e-06  
7.8262577e-06  8.1506784e-08  3.5850477e-07  8.7757440e-05  -2.8777961e-05  -0.00014127997  7.5696998e-06  -3.8472883e-05  0.00060239312  0.0000000   3.8888376e-07  7.8262577e-06  8.1506784e-08  3.5850477e-07  8.7757440e-05  -2.8777961e-05  -0.00014127997  7.5696998e-06  -3.8472883e-05  0.00060239312  0.0000000   3.8888376e-07  
-9.5497484e-07  8.1360209e-06  -1.0482724e-06  3.5610271e-07  3.2079594e-08  1.0989178e-05  0.00024107267  1.9996627e-06  1.9314288e-06  -3.8888376e-07  0.0000000   -9.5497484e-07  8.1360209e-06  -1.0482724e-06  3.5610271e-07  3.2079594e-08  1.0989178e-05  0.00024107267  1.9996627e-06  1.9314288e-06  -3.8888376e-07  0.0000000   
0.0000000   1.5277561e-07  4.0627808e-06  -9.3965180e-05  2.9595656e-06  4.7457386e-06  -1.2767264e-06  8.8791052e-06  -5.6832947e-06  -7.8262577e-06  9.5497484e-07  0.0000000   1.5277561e-07  4.0627808e-06  -9.3965180e-05  2.9595656e-06  4.7457386e-06  -1.2767264e-06  8.8791052e-06  -5.6832947e-06  -7.8262577e-06  9.5497484e-07  
-1.5277561e-07  0.0000000   -0.00067433747  3.5433233e-06  4.5942540e-06  4.7477194e-06  0.00010225721  -9.3447345e-07  -1.3302485e-06  -8.1506784e-08  -8.1360209e-06  -1.5277561e-07  0.0000000   -0.00067433747  3.5433233e-06  4.5942540e-06  4.7477194e-06  0.00010225721  -9.3447345e-07  -1.3302485e-06  -8.1506784e-08  -8.1360209e-06  
-4.0627808e-06  0.00067433747  0.0000000   5.2918414e-07  -8.0524462e-07  -4.7457527e-06  -8.2673424e-05  -6.9801990e-07  -6.6191912e-07  -3.5850477e-07  1.0482724e-06  -4.0627808e-06  0.00067433747  0.0000000   5.2918414e-07  -8.0524462e-07  -4.7457527e-06  -8.2673424e-05  -6.9801990e-07  -6.6191912e-07  -3.5850477e-07  1.0482724e-06  
9.3965180e-05  -3.5433233e-06  -5.2918414e-07  0.0000000   1.3839940e-05  4.7665180e-05  -1.0837114e-06  0.00016726431  4.5750884e-05  -8.7757440e-05  -3.5610271e-07  9.3965180e-05  -3.5433233e-06  -5.2918414e-07  0.0000000   1.3839940e-05  4.7665180e-05  -1.0837114e-06  0.00016726431  4.5750884e-05  -8.7757440e-05  -3.5610271e-07  
-2.9595656e-06  -4.5942540e-06  8.0524462e-07  -1.3839940e-05  0.0000000   -9.1227174e-05  4.7197917e-06  6.0228316e-05  -3.1077497e-05  2.8777961e-05  -3.2079594e-08  -2.9595656e-06  -4.5942540e-06  8.0524462e-07  -1.3839940e-05  0.0000000   -9.1227174e-05  4.7197917e-06  6.0228316e-05  -3.1077497e-05  2.8777961e-05  -3.2079594e-08  
-4.7457386e-06  -4.7477194e-06  4.7457527e-06  -4.7665180e-05  9.1227174e-05  0.0000000   -3.3162341e-06  -0.00063261084  -0.00021130612  0.00014127997  -1.0989178e-05  -4.7457386e-06  -4.7477194e-06  4.7457527e-06  -4.7665180e-05  9.1227174e-05  0.0000000   -3.3162341e-06  -0.00063261084  -0.00021130612  0.00014127997  -1.0989178e-05  
1.2767264e-06  -0.00010225721  8.2673424e-05  1.0837114e-06  -4.7197917e-06  3.3162341e-06  0.0000000   3.8136003e-05  3.3740911e-06  -7.5696998e-06  -0.00024107267  1.2767264e-06  -0.00010225721  8.2673424e-05  1.0837114e-06  -4.7197917e-06  3.3162341e-06  0.0000000   3.8136003e-05  3.3740911e-06  -7.5696998e-06  -0.00024107267  
-8.8791052e-06  9.3447345e-07  6.9801990e-07  -0.00016726431  -6.0228316e-05  0.00063261084  -3.8136003e-05  0.0000000   -0.0016723338  3.8472883e-05  -1.9996627e-06  -8.8791052e-06  9.3447345e-07  6.9801990e-07  -0.00016726431  -6.0228316e-05  0.00063261084  -3.8136003e-05  0.0000000   -0.0016723338  3.8472883e-05  -1.9996627e-06  
5.6832947e-06  1.3302485e-06  6.6191912e-07  -4.5750884e-05  3.1077497e-05  0.00021130612  -3.3740911e-06  0.0016723338  0.0000000   -0.00060239312  -1.9314288e-06  5.6832947e-06  1.3302485e-06  6.6191912e-07  -4.5750884e-05  3.1077497e-05  0.00021130612  -3.3740911e-06  0.0016723338  0.0000000   -0.00060239312  -1.9314288e-06  
7.8262577e-06  8.1506784e-08  3.5850477e-07  8.7757440e-05  -2.8777961e-05  -0.00014127997  7.5696998e-06  -3.8472883e-05  0.00060239312  0.0000000   3.8888376e-07  7.8262577e-06  8.1506784e-08  3.5850477e-07  8.7757440e-05  -2.8777961e-05  -0.00014127997  7.5696998e-06  -3.8472883e-05  0.00060239312  0.0000000   3.8888376e-07  
-9.5497484e-07  8.1360209e-06  -1.0482724e-06  3.5610271e-07  3.2079594e-08  1.0989178e-05  0.00024107267  1.9996627e-06  1.9314288e-06  -3.8888376e-07  0.0000000   -9.5497484e-07  8.1360209e-06  -1.0482724e-06  3.5610271e-07  3.2079594e-08  1.0989178e-05  0.00024107267  1.9996627e-06  1.9314288e-06  -3.8888376e-07  0.0000000   
