0.0000000   -0.0087483704  1.3718481e-05  6.1066702e-06  -3.3290078e-06  1.7583175e-05  -1.6603923e-05  -8.4748111e-06  8.1735318e-07  -1.0899750e-05  -6.6736718e-05  0.0000000   -0.0087483704  1.3718481e-05  6.1066702e-06  -3.3290078e-06  1.7583175e-05  -1.6603923e-05  -8.4748111e-06  8.1735318e-07  -1.0899750e-05  -6.6736718e-05  
0.0087483704  0.0000000   3.3059292e-05  2.5920444e-05  -2.2671773e-05  4.1441763e-05  9.4711012e-06  -5.6637757e-06  3.7842471e-06  2.0989817e-06  -8.9022060e-05  0.0087483704  0.0000000   3.3059292e-05  2.5920444e-05  -2.2671773e-05  4.1441763e-05  9.4711012e-06  -5.6637757e-06  3.7842471e-06  2.0989817e-06  -8.9022060e-05  
-1.3718481e-05  -3.3059292e-05  0.0000000   -0.00053554395  -8.2088024e-06  1.7665710e-06  6.1748736e-05  -6.4216003e-05  -1.8257924e-05  -1.3632352e-07  -1.6948835e-08  -1.3718481e-05  -3.3059292e-05  0.0000000   -0.00053554395  -8.2088024e-06  1.7665710e-06  6.1748736e-05  -6.4216003e-05  -1.8257924e-05  -1.3632352e-07  -1.6948835e-08  
-6.1066702e-06  -2.5920444e-05  0.00053554395  0.0000000   2.5695846e-06  -2.8342656e-08  5.4296323e-05  -5.8005194e-05  -3.3854196e-05  2.8552648e-07  1.0557541e-07  -6.1066702e-06  -2.5920444e-05  0.00053554395  0.0000000   2.5695846e-06  -2.8342656e-08  5.4296323e-05  -5.8005194e-05  -3.3854196e-05  2.8552648e-07  1.0557541e-07  
3.3290078e-06  2.2671773e-05  8.2088024e-06  -2.5695846e-06  0.0000000   7.2661130e-05  2.3163892e-07  1.2852930e-06  -2.6287796e-06  -5.8450642e-05  1.3512175e-05  3.3290078e-06  2.2671773e-05  8.2088024e-06  -2.5695846e-06  0.0000000   7.2661130e-05  2.3163892e-07  1.2852930e-06  -2.6287796e-06  -5.8450642e-05  1.3512175e-05  
-1.7583175e-05  -4.1441763e-05  -1.7665710e-06  2.8342656e-08  -7.2661130e-05  0.0000000   -6.8060015e-07  2.3639803e-06  -1.0189190e-05  -0.00013348822  -5.9060219e-05  -1.7583175e-05  -4.1441763e-05  -1.7665710e-06  2.8342656e-08  -7.2661130e-05  0.0000000   -6.8060015e-07  2.3639803e-06  -1.0189190e-05  -0.00013348822  -5.9060219e-05  
1.6603923e-05  -9.4711012e-06  -6.1748736e-05  -5.4296323e-05  -2.3163892e-07  6.8060015e-07  0.0000000   -2.5218467e-05  -0.00015080150  -4.5828698e-07  -8.2604922e-07  1.6603923e-05  -9.4711012e-06  -6.1748736e-05  -5.4296323e-05  -2.3163892e-07  6.8060015e-07  0.0000000   -2.5218467e-05  -0.00015080150  -4.5828698e-07  -8.2604922e-07  
8.4748111e-06  5.6637757e-06  6.4216003e-05  5.8005194e-05  -1.2852930e-06  -2.3639803e-06  2.5218467e-05  0.0000000   0.0010998777  -1.3002054e-05  1.4318755e-06  8.4748111e-06  5.6637757e-06  6.4216003e-05  5.8005194e-05  -1.2852930e-06  -2.3639803e-06  2.5218467e-05  0.0000000   0.0010998777  -1.3002054e-05  1.4318755e-06  
-8.1735318e-07  -3.7842471e-06  1.8257924e-05  3.3854196e-05  2.6287796e-06  1.0189190e-05  0.00015080150  -0.0010998777  0.0000000   -2.3601015e-08  -4.2615225e-06  -8.1735318e-07  -3.7842471e-06  1.8257924e-05  3.3854196e-05  2.6287796e-06  1.0189190e-05  0.00015080150  -0.0010998777  0.0000000   -2.3601015e-08  -4.2615225e-06  
1.0899750e-05  -2.0989817e-06  1.3632352e-07  -2.8552648e-07  5.8450642e-05  0.00013348822  4.5828698e-07  1.3002054e-05  2.3601015e-08  0.0000000   -0.00053320983  1.0899750e-05  -2.0989817e-06  1.3632352e-07  -2.8552648e-07  5.8450642e-05  0.00013348822  4.5828698e-07  1.3002054e-05  2.3601015e-08  0.0000000   -0.00053320983  
6.6736718e-05  8.9022060e-05  1.6948835e-08  -1.0557541e-07  -1.3512175e-05  5.9060219e-05  8.2604922e-07  -1.4318755e-06  4.2615225e-06  0.00053320983  0.0000000   6.6736718e-05  8.9022060e-05  1.6948835e-08  -1.0557541e-07  -1.3512175e-05  5.9060219e-05  8.2604922e-07  -1.4318755e-06  4.2615225e-06  0.00053320983  0.0000000   
0.0000000   -0.0087483704  1.3718481e-05  6.1066702e-06  -3.3290078e-06  1.7583175e-05  -1.6603923e-05  -8.4748111e-06  8.1735318e-07  -1.0899750e-05  -6.6736718e-05  0.0000000   -0.0087483704  1.3718481e-05  6.1066702e-06  -3.3290078e-06  1.7583175e-05  -1.6603923e-05  -8.4748111e-06  8.1735318e-07  -1.0899750e-05  -6.6736718e-05  
0.0087483704  0.0000000   3.3059292e-05  2.5920444e-05  -2.2671773e-05  4.1441763e-05  9.4711012e-06  -5.6637757e-06  3.7842471e-06  2.0989817e-06  -8.9022060e-05  0.0087483704  0.0000000   3.3059292e-05  2.5920444e-05  -2.2671773e-05  4.1441763e-05  9.4711012e-06  -5.6637757e-06  3.7842471e-06  2.0989817e-06  -8.9022060e-05  
-1.3718481e-05  -3.3059292e-05  0.0000000   -0.00053554395  -8.2088024e-06  1.7665710e-06  6.1748736e-05  -6.4216003e-05  -1.8257924e-05  -1.3632352e-07  -1.6948835e-08  -1.3718481e-05  -3.3059292e-05  0.0000000   -0.00053554395  -8.2088024e-06  1.7665710e-06  6.1748736e-05  -6.4216003e-05  -1.8257924e-05  -1.3632352e-07  -1.6948835e-08  
-6.1066702e-06  -2.5920444e-05  0.00053554395  0.0000000   2.5695846e-06  -2.8342656e-08  5.4296323e-05  -5.8005194e-05  -3.3854196e-05  2.8552648e-07  1.0557541e-07  -6.1066702e-06  -2.5920444e-05  0.00053554395  0.0000000   2.5695846e-06  -2.8342656e-08  5.4296323e-05  -5.8005194e-05  -3.3854196e-05  2.8552648e-07  1.0557541e-07  
3.3290078e-06  2.2671773e-05  8.2088024e-06  -2.5695846e-06  0.0000000   7.2661130e-05  2.3163892e-07  1.2852930e-06  -2.6287796e-06  -5.8450642e-05  1.3512175e-05  3.3290078e-06  2.2671773e-05  8.2088024e-06  -2.5695846e-06  0.0000000   7.2661130e-05  2.3163892e-07  1.2852930e-06  -2.6287796e-06  -5.8450642e-05  1.3512175e-05  
-1.7583175e-05  -4.1441763e-05  -1.7665710e-06  2.8342656e-08  -7.2661130e-05  0.0000000   -6.8060015e-07  2.3639803e-06  -1.0189190e-05  -0.00013348822  -5.9060219e-05  -1.7583175e-05  -4.1441763e-05  -1.7665710e-06  2.8342656e-08  -7.2661130e-05  0.0000000   -6.8060015e-07  2.3639803e-06  -1.0189190e-05  -0.00013348822  -5.9060219e-05  
1.6603923e-05  -9.4711012e-06  -6.1748736e-05  -5.4296323e-05  -2.3163892e-07  6.8060015e-07  0.0000000   -2.5218467e-05  -0.00015080150  -4.5828698e-07  -8.2604922e-07  1.6603923e-05  -9.4711012e-06  -6.1748736e-05  -5.4296323e-05  -2.3163892e-07  6.8060015e-07  0.0000000   -2.5218467e-05  -0.00015080150  -4.5828698e-07  -8.2604922e-07  
8.4748111e-06  5.6637757e-06  6.4216003e-05  5.8005194e-05  -1.2852930e-06  -2.3639803e-06  2.5218467e-05  0.0000000   0.0010998777  -1.3002054e-05  1.4318755e-06  8.4748111e-06  5.6637757e-06  6.4216003e-05  5.8005194e-05  -1.2852930e-06  -2.3639803e-06  2.5218467e-05  0.0000000   0.0010998777  -1.3002054e-05  1.4318755e-06  
-8.1735318e-07  -3.7842471e-06  1.8257924e-05  3.3854196e-05  2.6287796e-06  1.0189190e-05  0.00015080150  -0.0010998777  0.0000000   -2.3601015e-08  -4.2615225e-06  -8.1735318e-07  -3.7842471e-06  1.8257924e-05  3.3854196e-05  2.6287796e-06  1.0189190e-05  0.00015080150  -0.0010998777  0.0000000   -2.3601015e-08  -4.2615225e-06  
1.0899750e-05  -2.0989817e-06  1.3632352e-07  -2.8552648e-07  5.8450642e-05  0.00013348822  4.5828698e-07  1.3002054e-05  2.3601015e-08  0.0000000   -0.00053320983  1.0899750e-05  -2.0989817e-06  1.3632352e-07  -2.8552648e-07  5.8450642e-05  0.00013348822  4.5828698e-07  1.3002054e-05  2.3601015e-08  0.0000000   -0.00053320983  
6.6736718e-05  8.9022060e-05  1.6948835e-08  -1.0557541e-07  -1.3512175e-05  5.9060219e-05  8.2604922e-07  -1.4318755e-06  4.2615225e-06  0.00053320983  0.0000000   6.6736718e-05  8.9022060e-05  1.6948835e-08  -1.0557541e-07  -1.3512175e-05  5.9060219e-05  8.2604922e-07  -1.4318755e-06  4.2615225e-06  0.00053320983  0.0000000   
