0.0000000   -1.4546062e-06  -5.5454921e-06  -5.0314831e-06  -6.4853387e-07  -5.4234412e-07  1.9312932e-05  -6.4435021e-05  2.2742596e-05  -7.6934641e-07  -3.7620005e-05  0.0000000   -1.4546062e-06  -5.5454921e-06  -5.0314831e-06  -6.4853387e-07  -5.4234412e-07  1.9312932e-05  -6.4435021e-05  2.2742596e-05  -7.6934641e-07  -3.7620005e-05  
1.4546062e-06  0.0000000   0.00048593614  4.0569496e-05  -1.3855253e-05  1.9077987e-06  1.6261758e-06  2.1194353e-07  2.6734566e-06  3.2252297e-05  -2.5651536e-07  1.4546062e-06  0.0000000   0.00048593614  4.0569496e-05  -1.3855253e-05  1.9077987e-06  1.6261758e-06  2.1194353e-07  2.6734566e-06  3.2252297e-05  -2.5651536e-07  
5.5454921e-06  -0.00048593614  0.0000000   -0.00086393943  -9.2402898e-05  1.9990944e-05  -4.6588484e-07  4.3453918e-06  -4.8066699e-07  1.9589972e-05  7.9342469e-07  5.5454921e-06  -0.00048593614  0.0000000   -0.00086393943  -9.2402898e-05  1.9990944e-05  -4.6588484e-07  4.3453918e-06  -4.8066699e-07  1.9589972e-05  7.9342469e-07  
5.0314831e-06  -4.0569496e-05  0.00086393943  0.0000000   -0.00016441679  -6.4922697e-05  2.6673351e-06  4.1899338e-07  -8.7062695e-07  -9.2468965e-05  -5.0584898e-07  5.0314831e-06  -4.0569496e-05  0.00086393943  0.0000000   -0.00016441679  -6.4922697e-05  2.6673351e-06  4.1899338e-07  -8.7062695e-07  -9.2468965e-05  -5.0584898e-07  
6.4853387e-07  1.3855253e-05  9.2402898e-05  0.00016441679  0.0000000   -0.00013504897  1.1362943e-06  -7.7793520e-08  1.7531218e-06  1.6975717e-05  3.0931619e-07  6.4853387e-07  1.3855253e-05  9.2402898e-05  0.00016441679  0.0000000   -0.00013504897  1.1362943e-06  -7.7793520e-08  1.7531218e-06  1.6975717e-05  3.0931619e-07  
5.4234412e-07  -1.9077987e-06  -1.9990944e-05  6.4922697e-05  0.00013504897  0.0000000   -1.6000515e-06  -2.6973065e-06  2.7445219e-06  0.00014670611  2.6116035e-06  5.4234412e-07  -1.9077987e-06  -1.9990944e-05  6.4922697e-05  0.00013504897  0.0000000   -1.6000515e-06  -2.6973065e-06  2.7445219e-06  0.00014670611  2.6116035e-06  
-1.9312932e-05  -1.6261758e-06  4.6588484e-07  -2.6673351e-06  -1.1362943e-06  1.6000515e-06  0.0000000   -5.3182775e-05  0.00034100004  -2.4791872e-07  -0.00030835224  -1.9312932e-05  -1.6261758e-06  4.6588484e-07  -2.6673351e-06  -1.1362943e-06  1.6000515e-06  0.0000000   -5.3182775e-05  0.00034100004  -2.4791872e-07  -0.00030835224  
6.4435021e-05  -2.1194353e-07  -4.3453918e-06  -4.1899338e-07  7.7793520e-08  2.6973065e-06  5.3182775e-05  0.0000000   0.00041727396  -1.0548780e-05  0.00019763033  6.4435021e-05  -2.1194353e-07  -4.3453918e-06  -4.1899338e-07  7.7793520e-08  2.6973065e-06  5.3182775e-05  0.0000000   0.00041727396  -1.0548780e-05  0.00019763033  
-2.2742596e-05  -2.6734566e-06  4.8066699e-07  8.7062695e-07  -1.7531218e-06  -2.7445219e-06  -0.00034100004  -0.00041727396  0.0000000   4.2791551e-07  1.0291950e-05  -2.2742596e-05  -2.6734566e-06  4.8066699e-07  8.7062695e-07  -1.7531218e-06  -2.7445219e-06  -0.00034100004  -0.00041727396  0.0000000   4.2791551e-07  1.0291950e-05  
7.6934641e-07  -3.2252297e-05  -1.9589972e-05  9.2468965e-05  -1.6975717e-05  -0.00014670611  2.4791872e-07  1.0548780e-05  -4.2791551e-07  0.0000000   -7.7115940e-07  7.6934641e-07  -3.2252297e-05  -1.9589972e-05  9.2468965e-05  -1.6975717e-05  -0.00014670611  2.4791872e-07  1.0548780e-05  -4.2791551e-07  0.0000000   -7.7115940e-07  
3.7620005e-05  2.5651536e-07  -7.9342469e-07  5.0584898e-07  -3.0931619e-07  -2.6116035e-06  0.00030835224  -0.00019763033  -1.0291950e-05  7.7115940e-07  0.0000000   3.7620005e-05  2.5651536e-07  -7.9342469e-07  5.0584898e-07  -3.0931619e-07  -2.6116035e-06  0.00030835224  -0.00019763033  -1.0291950e-05  7.7115940e-07  0.0000000   
0.0000000   -1.4546062e-06  -5.5454921e-06  -5.0314831e-06  -6.4853387e-07  -5.4234412e-07  1.9312932e-05  -6.4435021e-05  2.2742596e-05  -7.6934641e-07  -3.7620005e-05  0.0000000   -1.4546062e-06  -5.5454921e-06  -5.0314831e-06  -6.4853387e-07  -5.4234412e-07  1.9312932e-05  -6.4435021e-05  2.2742596e-05  -7.6934641e-07  -3.7620005e-05  
1.4546062e-06  0.0000000   0.00048593614  4.0569496e-05  -1.3855253e-05  1.9077987e-06  1.6261758e-06  2.1194353e-07  2.6734566e-06  3.2252297e-05  -2.5651536e-07  1.4546062e-06  0.0000000   0.00048593614  4.0569496e-05  -1.3855253e-05  1.9077987e-06  1.6261758e-06  2.1194353e-07  2.6734566e-06  3.2252297e-05  -2.5651536e-07  
5.5454921e-06  -0.00048593614  0.0000000   -0.00086393943  -9.2402898e-05  1.9990944e-05  -4.6588484e-07  4.3453918e-06  -4.8066699e-07  1.9589972e-05  7.9342469e-07  5.5454921e-06  -0.00048593614  0.0000000   -0.00086393943  -9.2402898e-05  1.9990944e-05  -4.6588484e-07  4.3453918e-06  -4.8066699e-07  1.9589972e-05  7.9342469e-07  
5.0314831e-06  -4.0569496e-05  0.00086393943  0.0000000   -0.00016441679  -6.4922697e-05  2.6673351e-06  4.1899338e-07  -8.7062695e-07  -9.2468965e-05  -5.0584898e-07  5.0314831e-06  -4.0569496e-05  0.00086393943  0.0000000   -0.00016441679  -6.4922697e-05  2.6673351e-06  4.1899338e-07  -8.7062695e-07  -9.2468965e-05  -5.0584898e-07  
6.4853387e-07  1.3855253e-05  9.2402898e-05  0.00016441679  0.0000000   -0.00013504897  1.1362943e-06  -7.7793520e-08  1.7531218e-06  1.6975717e-05  3.0931619e-07  6.4853387e-07  1.3855253e-05  9.2402898e-05  0.00016441679  0.0000000   -0.00013504897  1.1362943e-06  -7.7793520e-08  1.7531218e-06  1.6975717e-05  3.0931619e-07  
5.4234412e-07  -1.9077987e-06  -1.9990944e-05  6.4922697e-05  0.00013504897  0.0000000   -1.6000515e-06  -2.6973065e-06  2.7445219e-06  0.00014670611  2.6116035e-06  5.4234412e-07  -1.9077987e-06  -1.9990944e-05  6.4922697e-05  0.00013504897  0.0000000   -1.6000515e-06  -2.6973065e-06  2.7445219e-06  0.00014670611  2.6116035e-06  
-1.9312932e-05  -1.6261758e-06  4.6588484e-07  -2.6673351e-06  -1.1362943e-06  1.6000515e-06  0.0000000   -5.3182775e-05  0.00034100004  -2.4791872e-07  -0.00030835224  -1.9312932e-05  -1.6261758e-06  4.6588484e-07  -2.6673351e-06  -1.1362943e-06  1.6000515e-06  0.0000000   -5.3182775e-05  0.00034100004  -2.4791872e-07  -0.00030835224  
6.4435021e-05  -2.1194353e-07  -4.3453918e-06  -4.1899338e-07  7.7793520e-08  2.6973065e-06  5.3182775e-05  0.0000000   0.00041727396  -1.0548780e-05  0.00019763033  6.4435021e-05  -2.1194353e-07  -4.3453918e-06  -4.1899338e-07  7.7793520e-08  2.6973065e-06  5.3182775e-05  0.0000000   0.00041727396  -1.0548780e-05  0.00019763033  
-2.2742596e-05  -2.6734566e-06  4.8066699e-07  8.7062695e-07  -1.7531218e-06  -2.7445219e-06  -0.00034100004  -0.00041727396  0.0000000   4.2791551e-07  1.0291950e-05  -2.2742596e-05  -2.6734566e-06  4.8066699e-07  8.7062695e-07  -1.7531218e-06  -2.7445219e-06  -0.00034100004  -0.00041727396  0.0000000   4.2791551e-07  1.0291950e-05  
7.6934641e-07  -3.2252297e-05  -1.9589972e-05  9.2468965e-05  -1.6975717e-05  -0.00014670611  2.4791872e-07  1.0548780e-05  -4.2791551e-07  0.0000000   -7.7115940e-07  7.6934641e-07  -3.2252297e-05  -1.9589972e-05  9.2468965e-05  -1.6975717e-05  -0.00014670611  2.4791872e-07  1.0548780e-05  -4.2791551e-07  0.0000000   -7.7115940e-07  
3.7620005e-05  2.5651536e-07  -7.9342469e-07  5.0584898e-07  -3.0931619e-07  -2.6116035e-06  0.00030835224  -0.00019763033  -1.0291950e-05  7.7115940e-07  0.0000000   3.7620005e-05  2.5651536e-07  -7.9342469e-07  5.0584898e-07  -3.0931619e-07  -2.6116035e-06  0.00030835224  -0.00019763033  -1.0291950e-05  7.7115940e-07  0.0000000   
