0.0000000   8.6412070e-08  -2.7853756e-06  2.0267051e-06  -1.1973080e-06  -0.00021021757  0.00018030957  -1.9761438e-06  3.4255164e-06  3.0498376e-08  -1.5936741e-07  0.0000000   8.6412070e-08  -2.7853756e-06  2.0267051e-06  -1.1973080e-06  -0.00021021757  0.00018030957  -1.9761438e-06  3.4255164e-06  3.0498376e-08  -1.5936741e-07  
-8.6412070e-08  0.0000000   0.00010136543  -9.7954458e-05  -6.7137470e-05  -4.0576231e-07  1.0856417e-06  2.3545769e-05  -6.4942390e-05  -0.00015465532  0.00013236172  -8.6412070e-08  0.0000000   0.00010136543  -9.7954458e-05  -6.7137470e-05  -4.0576231e-07  1.0856417e-06  2.3545769e-05  -6.4942390e-05  -0.00015465532  0.00013236172  
2.7853756e-06  -0.00010136543  0.0000000   0.0017029092  -0.0014062858  2.0013231e-05  -7.3074918e-06  -4.6100381e-05  0.00011430815  0.00014924249  5.6959815e-05  2.7853756e-06  -0.00010136543  0.0000000   0.0017029092  -0.0014062858  2.0013231e-05  -7.3074918e-06  -4.6100381e-05  0.00011430815  0.00014924249  5.6959815e-05  
-2.0267051e-06  9.7954458e-05  -0.0017029092  0.0000000   0.0017865469  -1.4903430e-05  -2.5105299e-06  -3.6203971e-05  3.3557592e-05  -0.00030400462  -0.00012110625  -2.0267051e-06  9.7954458e-05  -0.0017029092  0.0000000   0.0017865469  -1.4903430e-05  -2.5105299e-06  -3.6203971e-05  3.3557592e-05  -0.00030400462  -0.00012110625  
1.1973080e-06  6.7137470e-05  0.0014062858  -0.0017865469  0.0000000   -6.6320239e-06  4.2817543e-06  -7.7163020e-05  0.00023143405  -0.00015069765  3.4299993e-06  1.1973080e-06  6.7137470e-05  0.0014062858  -0.0017865469  0.0000000   -6.6320239e-06  4.2817543e-06  -7.7163020e-05  0.00023143405  -0.00015069765  3.4299993e-06  
0.00021021757  4.0576231e-07  -2.0013231e-05  1.4903430e-05  6.6320239e-06  0.0000000   2.0012294e-05  -4.1788342e-07  1.9835014e-06  -1.0958152e-06  -7.3587014e-07  0.00021021757  4.0576231e-07  -2.0013231e-05  1.4903430e-05  6.6320239e-06  0.0000000   2.0012294e-05  -4.1788342e-07  1.9835014e-06  -1.0958152e-06  -7.3587014e-07  
-0.00018030957  -1.0856417e-06  7.3074918e-06  2.5105299e-06  -4.2817543e-06  -2.0012294e-05  0.0000000   -5.9789554e-06  -2.4388097e-06  -6.0999651e-06  -5.3619928e-07  -0.00018030957  -1.0856417e-06  7.3074918e-06  2.5105299e-06  -4.2817543e-06  -2.0012294e-05  0.0000000   -5.9789554e-06  -2.4388097e-06  -6.0999651e-06  -5.3619928e-07  
1.9761438e-06  -2.3545769e-05  4.6100381e-05  3.6203971e-05  7.7163020e-05  4.1788342e-07  5.9789554e-06  0.0000000   -0.00043514481  -0.00018843466  5.5426111e-05  1.9761438e-06  -2.3545769e-05  4.6100381e-05  3.6203971e-05  7.7163020e-05  4.1788342e-07  5.9789554e-06  0.0000000   -0.00043514481  -0.00018843466  5.5426111e-05  
-3.4255164e-06  6.4942390e-05  -0.00011430815  -3.3557592e-05  -0.00023143405  -1.9835014e-06  2.4388097e-06  0.00043514481  0.0000000   0.00046961257  6.1081770e-05  -3.4255164e-06  6.4942390e-05  -0.00011430815  -3.3557592e-05  -0.00023143405  -1.9835014e-06  2.4388097e-06  0.00043514481  0.0000000   0.00046961257  6.1081770e-05  
-3.0498376e-08  0.00015465532  -0.00014924249  0.00030400462  0.00015069765  1.0958152e-06  6.0999651e-06  0.00018843466  -0.00046961257  0.0000000   -0.00012591149  -3.0498376e-08  0.00015465532  -0.00014924249  0.00030400462  0.00015069765  1.0958152e-06  6.0999651e-06  0.00018843466  -0.00046961257  0.0000000   -0.00012591149  
1.5936741e-07  -0.00013236172  -5.6959815e-05  0.00012110625  -3.4299993e-06  7.3587014e-07  5.3619928e-07  -5.5426111e-05  -6.1081770e-05  0.00012591149  0.0000000   1.5936741e-07  -0.00013236172  -5.6959815e-05  0.00012110625  -3.4299993e-06  7.3587014e-07  5.3619928e-07  -5.5426111e-05  -6.1081770e-05  0.00012591149  0.0000000   
0.0000000   8.6412070e-08  -2.7853756e-06  2.0267051e-06  -1.1973080e-06  -0.00021021757  0.00018030957  -1.9761438e-06  3.4255164e-06  3.0498376e-08  -1.5936741e-07  0.0000000   8.6412070e-08  -2.7853756e-06  2.0267051e-06  -1.1973080e-06  -0.00021021757  0.00018030957  -1.9761438e-06  3.4255164e-06  3.0498376e-08  -1.5936741e-07  
-8.6412070e-08  0.0000000   0.00010136543  -9.7954458e-05  -6.7137470e-05  -4.0576231e-07  1.0856417e-06  2.3545769e-05  -6.4942390e-05  -0.00015465532  0.00013236172  -8.6412070e-08  0.0000000   0.00010136543  -9.7954458e-05  -6.7137470e-05  -4.0576231e-07  1.0856417e-06  2.3545769e-05  -6.4942390e-05  -0.00015465532  0.00013236172  
2.7853756e-06  -0.00010136543  0.0000000   0.0017029092  -0.0014062858  2.0013231e-05  -7.3074918e-06  -4.6100381e-05  0.00011430815  0.00014924249  5.6959815e-05  2.7853756e-06  -0.00010136543  0.0000000   0.0017029092  -0.0014062858  2.0013231e-05  -7.3074918e-06  -4.6100381e-05  0.00011430815  0.00014924249  5.6959815e-05  
-2.0267051e-06  9.7954458e-05  -0.0017029092  0.0000000   0.0017865469  -1.4903430e-05  -2.5105299e-06  -3.6203971e-05  3.3557592e-05  -0.00030400462  -0.00012110625  -2.0267051e-06  9.7954458e-05  -0.0017029092  0.0000000   0.0017865469  -1.4903430e-05  -2.5105299e-06  -3.6203971e-05  3.3557592e-05  -0.00030400462  -0.00012110625  
1.1973080e-06  6.7137470e-05  0.0014062858  -0.0017865469  0.0000000   -6.6320239e-06  4.2817543e-06  -7.7163020e-05  0.00023143405  -0.00015069765  3.4299993e-06  1.1973080e-06  6.7137470e-05  0.0014062858  -0.0017865469  0.0000000   -6.6320239e-06  4.2817543e-06  -7.7163020e-05  0.00023143405  -0.00015069765  3.4299993e-06  
0.00021021757  4.0576231e-07  -2.0013231e-05  1.4903430e-05  6.6320239e-06  0.0000000   2.0012294e-05  -4.1788342e-07  1.9835014e-06  -1.0958152e-06  -7.3587014e-07  0.00021021757  4.0576231e-07  -2.0013231e-05  1.4903430e-05  6.6320239e-06  0.0000000   2.0012294e-05  -4.1788342e-07  1.9835014e-06  -1.0958152e-06  -7.3587014e-07  
-0.00018030957  -1.0856417e-06  7.3074918e-06  2.5105299e-06  -4.2817543e-06  -2.0012294e-05  0.0000000   -5.9789554e-06  -2.4388097e-06  -6.0999651e-06  -5.3619928e-07  -0.00018030957  -1.0856417e-06  7.3074918e-06  2.5105299e-06  -4.2817543e-06  -2.0012294e-05  0.0000000   -5.9789554e-06  -2.4388097e-06  -6.0999651e-06  -5.3619928e-07  
1.9761438e-06  -2.3545769e-05  4.6100381e-05  3.6203971e-05  7.7163020e-05  4.1788342e-07  5.9789554e-06  0.0000000   -0.00043514481  -0.00018843466  5.5426111e-05  1.9761438e-06  -2.3545769e-05  4.6100381e-05  3.6203971e-05  7.7163020e-05  4.1788342e-07  5.9789554e-06  0.0000000   -0.00043514481  -0.00018843466  5.5426111e-05  
-3.4255164e-06  6.4942390e-05  -0.00011430815  -3.3557592e-05  -0.00023143405  -1.9835014e-06  2.4388097e-06  0.00043514481  0.0000000   0.00046961257  6.1081770e-05  -3.4255164e-06  6.4942390e-05  -0.00011430815  -3.3557592e-05  -0.00023143405  -1.9835014e-06  2.4388097e-06  0.00043514481  0.0000000   0.00046961257  6.1081770e-05  
-3.0498376e-08  0.00015465532  -0.00014924249  0.00030400462  0.00015069765  1.0958152e-06  6.0999651e-06  0.00018843466  -0.00046961257  0.0000000   -0.00012591149  -3.0498376e-08  0.00015465532  -0.00014924249  0.00030400462  0.00015069765  1.0958152e-06  6.0999651e-06  0.00018843466  -0.00046961257  0.0000000   -0.00012591149  
1.5936741e-07  -0.00013236172  -5.6959815e-05  0.00012110625  -3.4299993e-06  7.3587014e-07  5.3619928e-07  -5.5426111e-05  -6.1081770e-05  0.00012591149  0.0000000   1.5936741e-07  -0.00013236172  -5.6959815e-05  0.00012110625  -3.4299993e-06  7.3587014e-07  5.3619928e-07  -5.5426111e-05  -6.1081770e-05  0.00012591149  0.0000000   
