0.0000000   0.00023257499  -2.3467480e-05  -9.0397017e-08  -3.5097776e-06  -1.7565535e-06  -2.6311372e-05  -5.9825650e-06  7.0423576e-07  -2.6761080e-07  4.7545518e-05  0.0000000   0.00023257499  -2.3467480e-05  -9.0397017e-08  -3.5097776e-06  -1.7565535e-06  -2.6311372e-05  -5.9825650e-06  7.0423576e-07  -2.6761080e-07  4.7545518e-05  
-0.00023257499  0.0000000   -0.00092655892  -2.7466584e-06  -6.6263419e-05  3.6913696e-06  9.1036075e-05  -5.7249457e-07  1.7726805e-06  2.9775959e-07  -4.0991859e-06  -0.00023257499  0.0000000   -0.00092655892  -2.7466584e-06  -6.6263419e-05  3.6913696e-06  9.1036075e-05  -5.7249457e-07  1.7726805e-06  2.9775959e-07  -4.0991859e-06  
2.3467480e-05  0.00092655892  0.0000000   -1.2646675e-06  -0.00035335275  -2.6248495e-05  -7.8018744e-05  -8.3631814e-07  1.1076743e-06  3.0163185e-07  -1.3107637e-06  2.3467480e-05  0.00092655892  0.0000000   -1.2646675e-06  -0.00035335275  -2.6248495e-05  -7.8018744e-05  -8.3631814e-07  1.1076743e-06  3.0163185e-07  -1.3107637e-06  
9.0397017e-08  2.7466584e-06  1.2646675e-06  0.0000000   -1.3613116e-06  7.1001460e-06  4.6950215e-06  4.3191984e-06  6.2526214e-05  -8.1229497e-05  2.7893081e-07  9.0397017e-08  2.7466584e-06  1.2646675e-06  0.0000000   -1.3613116e-06  7.1001460e-06  4.6950215e-06  4.3191984e-06  6.2526214e-05  -8.1229497e-05  2.7893081e-07  
3.5097776e-06  6.6263419e-05  0.00035335275  1.3613116e-06  0.0000000   5.9330067e-05  -7.0298304e-05  -6.5127147e-05  1.2505372e-06  -6.2890661e-07  -7.4526096e-06  3.5097776e-06  6.6263419e-05  0.00035335275  1.3613116e-06  0.0000000   5.9330067e-05  -7.0298304e-05  -6.5127147e-05  1.2505372e-06  -6.2890661e-07  -7.4526096e-06  
1.7565535e-06  -3.6913696e-06  2.6248495e-05  -7.1001460e-06  -5.9330067e-05  0.0000000   -0.0050169646  0.00054908695  -5.9061791e-05  9.8075088e-06  -8.8609997e-05  1.7565535e-06  -3.6913696e-06  2.6248495e-05  -7.1001460e-06  -5.9330067e-05  0.0000000   -0.0050169646  0.00054908695  -5.9061791e-05  9.8075088e-06  -8.8609997e-05  
2.6311372e-05  -9.1036075e-05  7.8018744e-05  -4.6950215e-06  7.0298304e-05  0.0050169646  0.0000000   -0.00022121963  -1.4656335e-05  1.2203463e-05  -0.00019740193  2.6311372e-05  -9.1036075e-05  7.8018744e-05  -4.6950215e-06  7.0298304e-05  0.0050169646  0.0000000   -0.00022121963  -1.4656335e-05  1.2203463e-05  -0.00019740193  
5.9825650e-06  5.7249457e-07  8.3631814e-07  -4.3191984e-06  6.5127147e-05  -0.00054908695  0.00022121963  0.0000000   4.6482534e-06  -2.9182225e-05  5.3068705e-05  5.9825650e-06  5.7249457e-07  8.3631814e-07  -4.3191984e-06  6.5127147e-05  -0.00054908695  0.00022121963  0.0000000   4.6482534e-06  -2.9182225e-05  5.3068705e-05  
-7.0423576e-07  -1.7726805e-06  -1.1076743e-06  -6.2526214e-05  -1.2505372e-06  5.9061791e-05  1.4656335e-05  -4.6482534e-06  0.0000000   -0.00053601888  4.2963828e-07  -7.0423576e-07  -1.7726805e-06  -1.1076743e-06  -6.2526214e-05  -1.2505372e-06  5.9061791e-05  1.4656335e-05  -4.6482534e-06  0.0000000   -0.00053601888  4.2963828e-07  
2.6761080e-07  -2.9775959e-07  -3.0163185e-07  8.1229497e-05  6.2890661e-07  -9.8075088e-06  -1.2203463e-05  2.9182225e-05  0.00053601888  0.0000000   -2.6932355e-07  2.6761080e-07  -2.9775959e-07  -3.0163185e-07  8.1229497e-05  6.2890661e-07  -9.8075088e-06  -1.2203463e-05  2.9182225e-05  0.00053601888  0.0000000   -2.6932355e-07  
-4.7545518e-05  4.0991859e-06  1.3107637e-06  -2.7893081e-07  7.4526096e-06  8.8609997e-05  0.00019740193  -5.3068705e-05  -4.2963828e-07  2.6932355e-07  0.0000000   -4.7545518e-05  4.0991859e-06  1.3107637e-06  -2.7893081e-07  7.4526096e-06  8.8609997e-05  0.00019740193  -5.3068705e-05  -4.2963828e-07  2.6932355e-07  0.0000000   
0.0000000   0.00023257499  -2.3467480e-05  -9.0397017e-08  -3.5097776e-06  -1.7565535e-06  -2.6311372e-05  -5.9825650e-06  7.0423576e-07  -2.6761080e-07  4.7545518e-05  0.0000000   0.00023257499  -2.3467480e-05  -9.0397017e-08  -3.5097776e-06  -1.7565535e-06  -2.6311372e-05  -5.9825650e-06  7.0423576e-07  -2.6761080e-07  4.7545518e-05  
-0.00023257499  0.0000000   -0.00092655892  -2.7466584e-06  -6.6263419e-05  3.6913696e-06  9.1036075e-05  -5.7249457e-07  1.7726805e-06  2.9775959e-07  -4.0991859e-06  -0.00023257499  0.0000000   -0.00092655892  -2.7466584e-06  -6.6263419e-05  3.6913696e-06  9.1036075e-05  -5.7249457e-07  1.7726805e-06  2.9775959e-07  -4.0991859e-06  
2.3467480e-05  0.00092655892  0.0000000   -1.2646675e-06  -0.00035335275  -2.6248495e-05  -7.8018744e-05  -8.3631814e-07  1.1076743e-06  3.0163185e-07  -1.3107637e-06  2.3467480e-05  0.00092655892  0.0000000   -1.2646675e-06  -0.00035335275  -2.6248495e-05  -7.8018744e-05  -8.3631814e-07  1.1076743e-06  3.0163185e-07  -1.3107637e-06  
9.0397017e-08  2.7466584e-06  1.2646675e-06  0.0000000   -1.3613116e-06  7.1001460e-06  4.6950215e-06  4.3191984e-06  6.2526214e-05  -8.1229497e-05  2.7893081e-07  9.0397017e-08  2.7466584e-06  1.2646675e-06  0.0000000   -1.3613116e-06  7.1001460e-06  4.6950215e-06  4.3191984e-06  6.2526214e-05  -8.1229497e-05  2.7893081e-07  
3.5097776e-06  6.6263419e-05  0.00035335275  1.3613116e-06  0.0000000   5.9330067e-05  -7.0298304e-05  -6.5127147e-05  1.2505372e-06  -6.2890661e-07  -7.4526096e-06  3.5097776e-06  6.6263419e-05  0.00035335275  1.3613116e-06  0.0000000   5.9330067e-05  -7.0298304e-05  -6.5127147e-05  1.2505372e-06  -6.2890661e-07  -7.4526096e-06  
1.7565535e-06  -3.6913696e-06  2.6248495e-05  -7.1001460e-06  -5.9330067e-05  0.0000000   -0.0050169646  0.00054908695  -5.9061791e-05  9.8075088e-06  -8.8609997e-05  1.7565535e-06  -3.6913696e-06  2.6248495e-05  -7.1001460e-06  -5.9330067e-05  0.0000000   -0.0050169646  0.00054908695  -5.9061791e-05  9.8075088e-06  -8.8609997e-05  
2.6311372e-05  -9.1036075e-05  7.8018744e-05  -4.6950215e-06  7.0298304e-05  0.0050169646  0.0000000   -0.00022121963  -1.4656335e-05  1.2203463e-05  -0.00019740193  2.6311372e-05  -9.1036075e-05  7.8018744e-05  -4.6950215e-06  7.0298304e-05  0.0050169646  0.0000000   -0.00022121963  -1.4656335e-05  1.2203463e-05  -0.00019740193  
5.9825650e-06  5.7249457e-07  8.3631814e-07  -4.3191984e-06  6.5127147e-05  -0.00054908695  0.00022121963  0.0000000   4.6482534e-06  -2.9182225e-05  5.3068705e-05  5.9825650e-06  5.7249457e-07  8.3631814e-07  -4.3191984e-06  6.5127147e-05  -0.00054908695  0.00022121963  0.0000000   4.6482534e-06  -2.9182225e-05  5.3068705e-05  
-7.0423576e-07  -1.7726805e-06  -1.1076743e-06  -6.2526214e-05  -1.2505372e-06  5.9061791e-05  1.4656335e-05  -4.6482534e-06  0.0000000   -0.00053601888  4.2963828e-07  -7.0423576e-07  -1.7726805e-06  -1.1076743e-06  -6.2526214e-05  -1.2505372e-06  5.9061791e-05  1.4656335e-05  -4.6482534e-06  0.0000000   -0.00053601888  4.2963828e-07  
2.6761080e-07  -2.9775959e-07  -3.0163185e-07  8.1229497e-05  6.2890661e-07  -9.8075088e-06  -1.2203463e-05  2.9182225e-05  0.00053601888  0.0000000   -2.6932355e-07  2.6761080e-07  -2.9775959e-07  -3.0163185e-07  8.1229497e-05  6.2890661e-07  -9.8075088e-06  -1.2203463e-05  2.9182225e-05  0.00053601888  0.0000000   -2.6932355e-07  
-4.7545518e-05  4.0991859e-06  1.3107637e-06  -2.7893081e-07  7.4526096e-06  8.8609997e-05  0.00019740193  -5.3068705e-05  -4.2963828e-07  2.6932355e-07  0.0000000   -4.7545518e-05  4.0991859e-06  1.3107637e-06  -2.7893081e-07  7.4526096e-06  8.8609997e-05  0.00019740193  -5.3068705e-05  -4.2963828e-07  2.6932355e-07  0.0000000   
