0.0000000   -2.1814715e-06  -7.3130275e-05  -2.6829038e-05  -1.8801571e-05  -5.4017292e-08  3.1918084e-05  2.3235698e-05  -1.7285836e-06  3.4302985e-05  -1.0944566e-06  0.0000000   -2.1814715e-06  -7.3130275e-05  -2.6829038e-05  -1.8801571e-05  -5.4017292e-08  3.1918084e-05  2.3235698e-05  -1.7285836e-06  3.4302985e-05  -1.0944566e-06  
2.1814715e-06  0.0000000   6.2413416e-06  -1.5020403e-05  2.2403415e-05  -1.1830936e-05  5.0830190e-07  -3.3800187e-06  -4.8942520e-05  -5.9934608e-07  0.00011115280  2.1814715e-06  0.0000000   6.2413416e-06  -1.5020403e-05  2.2403415e-05  -1.1830936e-05  5.0830190e-07  -3.3800187e-06  -4.8942520e-05  -5.9934608e-07  0.00011115280  
7.3130275e-05  -6.2413416e-06  0.0000000   0.00082065133  -0.0017288810  -9.3490017e-06  -5.6845145e-05  3.2411158e-05  1.5857422e-05  -0.00020581096  8.9894513e-07  7.3130275e-05  -6.2413416e-06  0.0000000   0.00082065133  -0.0017288810  -9.3490017e-06  -5.6845145e-05  3.2411158e-05  1.5857422e-05  -0.00020581096  8.9894513e-07  
2.6829038e-05  1.5020403e-05  -0.00082065133  0.0000000   0.0012747729  9.6662991e-07  2.4171280e-05  0.00013708745  -1.5317757e-05  0.00014830374  4.2677384e-06  2.6829038e-05  1.5020403e-05  -0.00082065133  0.0000000   0.0012747729  9.6662991e-07  2.4171280e-05  0.00013708745  -1.5317757e-05  0.00014830374  4.2677384e-06  
1.8801571e-05  -2.2403415e-05  0.0017288810  -0.0012747729  0.0000000   1.3983122e-05  0.00016885900  0.00013162445  -1.3887482e-05  0.00020709362  -1.0809848e-05  1.8801571e-05  -2.2403415e-05  0.0017288810  -0.0012747729  0.0000000   1.3983122e-05  0.00016885900  0.00013162445  -1.3887482e-05  0.00020709362  -1.0809848e-05  
5.4017292e-08  1.1830936e-05  9.3490017e-06  -9.6662991e-07  -1.3983122e-05  0.0000000   -2.4809533e-06  -1.0559743e-05  -0.00019538551  -3.0166318e-06  -0.00020286291  5.4017292e-08  1.1830936e-05  9.3490017e-06  -9.6662991e-07  -1.3983122e-05  0.0000000   -2.4809533e-06  -1.0559743e-05  -0.00019538551  -3.0166318e-06  -0.00020286291  
-3.1918084e-05  -5.0830190e-07  5.6845145e-05  -2.4171280e-05  -0.00016885900  2.4809533e-06  0.0000000   -4.9768288e-05  1.8290486e-06  0.00025295509  -3.2284795e-06  -3.1918084e-05  -5.0830190e-07  5.6845145e-05  -2.4171280e-05  -0.00016885900  2.4809533e-06  0.0000000   -4.9768288e-05  1.8290486e-06  0.00025295509  -3.2284795e-06  
-2.3235698e-05  3.3800187e-06  -3.2411158e-05  -0.00013708745  -0.00013162445  1.0559743e-05  4.9768288e-05  0.0000000   -3.9438083e-06  0.00060708931  -8.2187243e-06  -2.3235698e-05  3.3800187e-06  -3.2411158e-05  -0.00013708745  -0.00013162445  1.0559743e-05  4.9768288e-05  0.0000000   -3.9438083e-06  0.00060708931  -8.2187243e-06  
1.7285836e-06  4.8942520e-05  -1.5857422e-05  1.5317757e-05  1.3887482e-05  0.00019538551  -1.8290486e-06  3.9438083e-06  0.0000000   -2.4824344e-05  -0.00016689674  1.7285836e-06  4.8942520e-05  -1.5857422e-05  1.5317757e-05  1.3887482e-05  0.00019538551  -1.8290486e-06  3.9438083e-06  0.0000000   -2.4824344e-05  -0.00016689674  
-3.4302985e-05  5.9934608e-07  0.00020581096  -0.00014830374  -0.00020709362  3.0166318e-06  -0.00025295509  -0.00060708931  2.4824344e-05  0.0000000   -2.5738325e-06  -3.4302985e-05  5.9934608e-07  0.00020581096  -0.00014830374  -0.00020709362  3.0166318e-06  -0.00025295509  -0.00060708931  2.4824344e-05  0.0000000   -2.5738325e-06  
1.0944566e-06  -0.00011115280  -8.9894513e-07  -4.2677384e-06  1.0809848e-05  0.00020286291  3.2284795e-06  8.2187243e-06  0.00016689674  2.5738325e-06  0.0000000   1.0944566e-06  -0.00011115280  -8.9894513e-07  -4.2677384e-06  1.0809848e-05  0.00020286291  3.2284795e-06  8.2187243e-06  0.00016689674  2.5738325e-06  0.0000000   
0.0000000   -2.1814715e-06  -7.3130275e-05  -2.6829038e-05  -1.8801571e-05  -5.4017292e-08  3.1918084e-05  2.3235698e-05  -1.7285836e-06  3.4302985e-05  -1.0944566e-06  0.0000000   -2.1814715e-06  -7.3130275e-05  -2.6829038e-05  -1.8801571e-05  -5.4017292e-08  3.1918084e-05  2.3235698e-05  -1.7285836e-06  3.4302985e-05  -1.0944566e-06  
2.1814715e-06  0.0000000   6.2413416e-06  -1.5020403e-05  2.2403415e-05  -1.1830936e-05  5.0830190e-07  -3.3800187e-06  -4.8942520e-05  -5.9934608e-07  0.00011115280  2.1814715e-06  0.0000000   6.2413416e-06  -1.5020403e-05  2.2403415e-05  -1.1830936e-05  5.0830190e-07  -3.3800187e-06  -4.8942520e-05  -5.9934608e-07  0.00011115280  
7.3130275e-05  -6.2413416e-06  0.0000000   0.00082065133  -0.0017288810  -9.3490017e-06  -5.6845145e-05  3.2411158e-05  1.5857422e-05  -0.00020581096  8.9894513e-07  7.3130275e-05  -6.2413416e-06  0.0000000   0.00082065133  -0.0017288810  -9.3490017e-06  -5.6845145e-05  3.2411158e-05  1.5857422e-05  -0.00020581096  8.9894513e-07  
2.6829038e-05  1.5020403e-05  -0.00082065133  0.0000000   0.0012747729  9.6662991e-07  2.4171280e-05  0.00013708745  -1.5317757e-05  0.00014830374  4.2677384e-06  2.6829038e-05  1.5020403e-05  -0.00082065133  0.0000000   0.0012747729  9.6662991e-07  2.4171280e-05  0.00013708745  -1.5317757e-05  0.00014830374  4.2677384e-06  
1.8801571e-05  -2.2403415e-05  0.0017288810  -0.0012747729  0.0000000   1.3983122e-05  0.00016885900  0.00013162445  -1.3887482e-05  0.00020709362  -1.0809848e-05  1.8801571e-05  -2.2403415e-05  0.0017288810  -0.0012747729  0.0000000   1.3983122e-05  0.00016885900  0.00013162445  -1.3887482e-05  0.00020709362  -1.0809848e-05  
5.4017292e-08  1.1830936e-05  9.3490017e-06  -9.6662991e-07  -1.3983122e-05  0.0000000   -2.4809533e-06  -1.0559743e-05  -0.00019538551  -3.0166318e-06  -0.00020286291  5.4017292e-08  1.1830936e-05  9.3490017e-06  -9.6662991e-07  -1.3983122e-05  0.0000000   -2.4809533e-06  -1.0559743e-05  -0.00019538551  -3.0166318e-06  -0.00020286291  
-3.1918084e-05  -5.0830190e-07  5.6845145e-05  -2.4171280e-05  -0.00016885900  2.4809533e-06  0.0000000   -4.9768288e-05  1.8290486e-06  0.00025295509  -3.2284795e-06  -3.1918084e-05  -5.0830190e-07  5.6845145e-05  -2.4171280e-05  -0.00016885900  2.4809533e-06  0.0000000   -4.9768288e-05  1.8290486e-06  0.00025295509  -3.2284795e-06  
-2.3235698e-05  3.3800187e-06  -3.2411158e-05  -0.00013708745  -0.00013162445  1.0559743e-05  4.9768288e-05  0.0000000   -3.9438083e-06  0.00060708931  -8.2187243e-06  -2.3235698e-05  3.3800187e-06  -3.2411158e-05  -0.00013708745  -0.00013162445  1.0559743e-05  4.9768288e-05  0.0000000   -3.9438083e-06  0.00060708931  -8.2187243e-06  
1.7285836e-06  4.8942520e-05  -1.5857422e-05  1.5317757e-05  1.3887482e-05  0.00019538551  -1.8290486e-06  3.9438083e-06  0.0000000   -2.4824344e-05  -0.00016689674  1.7285836e-06  4.8942520e-05  -1.5857422e-05  1.5317757e-05  1.3887482e-05  0.00019538551  -1.8290486e-06  3.9438083e-06  0.0000000   -2.4824344e-05  -0.00016689674  
-3.4302985e-05  5.9934608e-07  0.00020581096  -0.00014830374  -0.00020709362  3.0166318e-06  -0.00025295509  -0.00060708931  2.4824344e-05  0.0000000   -2.5738325e-06  -3.4302985e-05  5.9934608e-07  0.00020581096  -0.00014830374  -0.00020709362  3.0166318e-06  -0.00025295509  -0.00060708931  2.4824344e-05  0.0000000   -2.5738325e-06  
1.0944566e-06  -0.00011115280  -8.9894513e-07  -4.2677384e-06  1.0809848e-05  0.00020286291  3.2284795e-06  8.2187243e-06  0.00016689674  2.5738325e-06  0.0000000   1.0944566e-06  -0.00011115280  -8.9894513e-07  -4.2677384e-06  1.0809848e-05  0.00020286291  3.2284795e-06  8.2187243e-06  0.00016689674  2.5738325e-06  0.0000000   
