0.0000000   -3.9887932e-06  2.3533469e-07  -4.8379664e-07  -9.1874410e-06  5.6572215e-07  2.9601365e-06  3.1801094e-05  -2.9086082e-05  -2.3666022e-05  2.3892108e-05  0.0000000   -3.9887932e-06  2.3533469e-07  -4.8379664e-07  -9.1874410e-06  5.6572215e-07  2.9601365e-06  3.1801094e-05  -2.9086082e-05  -2.3666022e-05  2.3892108e-05  
3.9887932e-06  0.0000000   4.3699484e-08  -0.00010997148  2.2609424e-06  -0.00016470853  -9.6649754e-06  -0.00010783555  -9.4240381e-06  -1.8242684e-06  -3.4976874e-07  3.9887932e-06  0.0000000   4.3699484e-08  -0.00010997148  2.2609424e-06  -0.00016470853  -9.6649754e-06  -0.00010783555  -9.4240381e-06  -1.8242684e-06  -3.4976874e-07  
-2.3533469e-07  -4.3699484e-08  0.0000000   3.9907546e-06  -0.0015945210  -6.8265566e-08  9.6456366e-06  -0.00010851716  5.9357988e-05  5.1723417e-05  2.6720092e-05  -2.3533469e-07  -4.3699484e-08  0.0000000   3.9907546e-06  -0.0015945210  -6.8265566e-08  9.6456366e-06  -0.00010851716  5.9357988e-05  5.1723417e-05  2.6720092e-05  
4.8379664e-07  0.00010997148  -3.9907546e-06  0.0000000   1.4949370e-05  -0.00017913749  -0.00011227490  -3.4633920e-05  -7.1730863e-05  -0.00011209099  4.8796169e-07  4.8379664e-07  0.00010997148  -3.9907546e-06  0.0000000   1.4949370e-05  -0.00017913749  -0.00011227490  -3.4633920e-05  -7.1730863e-05  -0.00011209099  4.8796169e-07  
9.1874410e-06  -2.2609424e-06  0.0015945210  -1.4949370e-05  0.0000000   2.3764159e-06  -9.0592956e-06  6.2392333e-05  0.00012266123  3.0212352e-05  9.3658440e-05  9.1874410e-06  -2.2609424e-06  0.0015945210  -1.4949370e-05  0.0000000   2.3764159e-06  -9.0592956e-06  6.2392333e-05  0.00012266123  3.0212352e-05  9.3658440e-05  
-5.6572215e-07  0.00016470853  6.8265566e-08  0.00017913749  -2.3764159e-06  0.0000000   6.1812897e-05  0.00011911608  5.3537149e-05  8.5677717e-05  1.0149415e-09  -5.6572215e-07  0.00016470853  6.8265566e-08  0.00017913749  -2.3764159e-06  0.0000000   6.1812897e-05  0.00011911608  5.3537149e-05  8.5677717e-05  1.0149415e-09  
-2.9601365e-06  9.6649754e-06  -9.6456366e-06  0.00011227490  9.0592956e-06  -6.1812897e-05  0.0000000   0.0021460493  -0.0014426971  0.00036168448  -9.3427385e-07  -2.9601365e-06  9.6649754e-06  -9.6456366e-06  0.00011227490  9.0592956e-06  -6.1812897e-05  0.0000000   0.0021460493  -0.0014426971  0.00036168448  -9.3427385e-07  
-3.1801094e-05  0.00010783555  0.00010851716  3.4633920e-05  -6.2392333e-05  -0.00011911608  -0.0021460493  0.0000000   0.018249592  0.0063728736  1.7004146e-05  -3.1801094e-05  0.00010783555  0.00010851716  3.4633920e-05  -6.2392333e-05  -0.00011911608  -0.0021460493  0.0000000   0.018249592  0.0063728736  1.7004146e-05  
2.9086082e-05  9.4240381e-06  -5.9357988e-05  7.1730863e-05  -0.00012266123  -5.3537149e-05  0.0014426971  -0.018249592  0.0000000   0.0068865042  -2.1028178e-05  2.9086082e-05  9.4240381e-06  -5.9357988e-05  7.1730863e-05  -0.00012266123  -5.3537149e-05  0.0014426971  -0.018249592  0.0000000   0.0068865042  -2.1028178e-05  
2.3666022e-05  1.8242684e-06  -5.1723417e-05  0.00011209099  -3.0212352e-05  -8.5677717e-05  -0.00036168448  -0.0063728736  -0.0068865042  0.0000000   -1.6726479e-05  2.3666022e-05  1.8242684e-06  -5.1723417e-05  0.00011209099  -3.0212352e-05  -8.5677717e-05  -0.00036168448  -0.0063728736  -0.0068865042  0.0000000   -1.6726479e-05  
-2.3892108e-05  3.4976874e-07  -2.6720092e-05  -4.8796169e-07  -9.3658440e-05  -1.0149415e-09  9.3427385e-07  -1.7004146e-05  2.1028178e-05  1.6726479e-05  0.0000000   -2.3892108e-05  3.4976874e-07  -2.6720092e-05  -4.8796169e-07  -9.3658440e-05  -1.0149415e-09  9.3427385e-07  -1.7004146e-05  2.1028178e-05  1.6726479e-05  0.0000000   
0.0000000   -3.9887932e-06  2.3533469e-07  -4.8379664e-07  -9.1874410e-06  5.6572215e-07  2.9601365e-06  3.1801094e-05  -2.9086082e-05  -2.3666022e-05  2.3892108e-05  0.0000000   -3.9887932e-06  2.3533469e-07  -4.8379664e-07  -9.1874410e-06  5.6572215e-07  2.9601365e-06  3.1801094e-05  -2.9086082e-05  -2.3666022e-05  2.3892108e-05  
3.9887932e-06  0.0000000   4.3699484e-08  -0.00010997148  2.2609424e-06  -0.00016470853  -9.6649754e-06  -0.00010783555  -9.4240381e-06  -1.8242684e-06  -3.4976874e-07  3.9887932e-06  0.0000000   4.3699484e-08  -0.00010997148  2.2609424e-06  -0.00016470853  -9.6649754e-06  -0.00010783555  -9.4240381e-06  -1.8242684e-06  -3.4976874e-07  
-2.3533469e-07  -4.3699484e-08  0.0000000   3.9907546e-06  -0.0015945210  -6.8265566e-08  9.6456366e-06  -0.00010851716  5.9357988e-05  5.1723417e-05  2.6720092e-05  -2.3533469e-07  -4.3699484e-08  0.0000000   3.9907546e-06  -0.0015945210  -6.8265566e-08  9.6456366e-06  -0.00010851716  5.9357988e-05  5.1723417e-05  2.6720092e-05  
4.8379664e-07  0.00010997148  -3.9907546e-06  0.0000000   1.4949370e-05  -0.00017913749  -0.00011227490  -3.4633920e-05  -7.1730863e-05  -0.00011209099  4.8796169e-07  4.8379664e-07  0.00010997148  -3.9907546e-06  0.0000000   1.4949370e-05  -0.00017913749  -0.00011227490  -3.4633920e-05  -7.1730863e-05  -0.00011209099  4.8796169e-07  
9.1874410e-06  -2.2609424e-06  0.0015945210  -1.4949370e-05  0.0000000   2.3764159e-06  -9.0592956e-06  6.2392333e-05  0.00012266123  3.0212352e-05  9.3658440e-05  9.1874410e-06  -2.2609424e-06  0.0015945210  -1.4949370e-05  0.0000000   2.3764159e-06  -9.0592956e-06  6.2392333e-05  0.00012266123  3.0212352e-05  9.3658440e-05  
-5.6572215e-07  0.00016470853  6.8265566e-08  0.00017913749  -2.3764159e-06  0.0000000   6.1812897e-05  0.00011911608  5.3537149e-05  8.5677717e-05  1.0149415e-09  -5.6572215e-07  0.00016470853  6.8265566e-08  0.00017913749  -2.3764159e-06  0.0000000   6.1812897e-05  0.00011911608  5.3537149e-05  8.5677717e-05  1.0149415e-09  
-2.9601365e-06  9.6649754e-06  -9.6456366e-06  0.00011227490  9.0592956e-06  -6.1812897e-05  0.0000000   0.0021460493  -0.0014426971  0.00036168448  -9.3427385e-07  -2.9601365e-06  9.6649754e-06  -9.6456366e-06  0.00011227490  9.0592956e-06  -6.1812897e-05  0.0000000   0.0021460493  -0.0014426971  0.00036168448  -9.3427385e-07  
-3.1801094e-05  0.00010783555  0.00010851716  3.4633920e-05  -6.2392333e-05  -0.00011911608  -0.0021460493  0.0000000   0.018249592  0.0063728736  1.7004146e-05  -3.1801094e-05  0.00010783555  0.00010851716  3.4633920e-05  -6.2392333e-05  -0.00011911608  -0.0021460493  0.0000000   0.018249592  0.0063728736  1.7004146e-05  
2.9086082e-05  9.4240381e-06  -5.9357988e-05  7.1730863e-05  -0.00012266123  -5.3537149e-05  0.0014426971  -0.018249592  0.0000000   0.0068865042  -2.1028178e-05  2.9086082e-05  9.4240381e-06  -5.9357988e-05  7.1730863e-05  -0.00012266123  -5.3537149e-05  0.0014426971  -0.018249592  0.0000000   0.0068865042  -2.1028178e-05  
2.3666022e-05  1.8242684e-06  -5.1723417e-05  0.00011209099  -3.0212352e-05  -8.5677717e-05  -0.00036168448  -0.0063728736  -0.0068865042  0.0000000   -1.6726479e-05  2.3666022e-05  1.8242684e-06  -5.1723417e-05  0.00011209099  -3.0212352e-05  -8.5677717e-05  -0.00036168448  -0.0063728736  -0.0068865042  0.0000000   -1.6726479e-05  
-2.3892108e-05  3.4976874e-07  -2.6720092e-05  -4.8796169e-07  -9.3658440e-05  -1.0149415e-09  9.3427385e-07  -1.7004146e-05  2.1028178e-05  1.6726479e-05  0.0000000   -2.3892108e-05  3.4976874e-07  -2.6720092e-05  -4.8796169e-07  -9.3658440e-05  -1.0149415e-09  9.3427385e-07  -1.7004146e-05  2.1028178e-05  1.6726479e-05  0.0000000   
