0.0000000   -8.2138872e-07  8.9110724e-05  5.9171938e-07  2.2551214e-05  2.4221520e-06  -8.4931355e-05  -3.4065819e-07  -3.5690736e-05  8.6814494e-07  7.5150598e-05  0.0000000   -8.2138872e-07  8.9110724e-05  5.9171938e-07  2.2551214e-05  2.4221520e-06  -8.4931355e-05  -3.4065819e-07  -3.5690736e-05  8.6814494e-07  7.5150598e-05  
8.2138872e-07  0.0000000   -2.7512079e-06  -6.4484211e-05  -9.7864834e-07  6.7560909e-05  1.2243295e-06  0.00010029582  -1.0972922e-06  -1.0452565e-05  -9.2597537e-07  8.2138872e-07  0.0000000   -2.7512079e-06  -6.4484211e-05  -9.7864834e-07  6.7560909e-05  1.2243295e-06  0.00010029582  -1.0972922e-06  -1.0452565e-05  -9.2597537e-07  
-8.9110724e-05  2.7512079e-06  0.0000000   2.7153673e-06  0.00024160945  -5.5709476e-07  -7.3692935e-05  3.0997374e-08  3.2441029e-06  1.1690375e-06  4.1866406e-05  -8.9110724e-05  2.7512079e-06  0.0000000   2.7153673e-06  0.00024160945  -5.5709476e-07  -7.3692935e-05  3.0997374e-08  3.2441029e-06  1.1690375e-06  4.1866406e-05  
-5.9171938e-07  6.4484211e-05  -2.7153673e-06  0.0000000   1.6813295e-06  0.00012323076  -3.8733822e-07  -5.1354682e-05  -3.9436354e-07  -7.4859850e-05  6.0782010e-07  -5.9171938e-07  6.4484211e-05  -2.7153673e-06  0.0000000   1.6813295e-06  0.00012323076  -3.8733822e-07  -5.1354682e-05  -3.9436354e-07  -7.4859850e-05  6.0782010e-07  
-2.2551214e-05  9.7864834e-07  -0.00024160945  -1.6813295e-06  0.0000000   -1.2806241e-07  -8.0518125e-05  -2.7506013e-06  -9.4245528e-05  1.2839522e-06  -1.3490261e-05  -2.2551214e-05  9.7864834e-07  -0.00024160945  -1.6813295e-06  0.0000000   -1.2806241e-07  -8.0518125e-05  -2.7506013e-06  -9.4245528e-05  1.2839522e-06  -1.3490261e-05  
-2.4221520e-06  -6.7560909e-05  5.5709476e-07  -0.00012323076  1.2806241e-07  0.0000000   -1.7825975e-06  0.00052684881  -9.9709958e-06  -0.00012674891  1.6145876e-06  -2.4221520e-06  -6.7560909e-05  5.5709476e-07  -0.00012323076  1.2806241e-07  0.0000000   -1.7825975e-06  0.00052684881  -9.9709958e-06  -0.00012674891  1.6145876e-06  
8.4931355e-05  -1.2243295e-06  7.3692935e-05  3.8733822e-07  8.0518125e-05  1.7825975e-06  0.0000000   -1.0280585e-06  -0.00013535897  -5.5946339e-07  -0.00016419839  8.4931355e-05  -1.2243295e-06  7.3692935e-05  3.8733822e-07  8.0518125e-05  1.7825975e-06  0.0000000   -1.0280585e-06  -0.00013535897  -5.5946339e-07  -0.00016419839  
3.4065819e-07  -0.00010029582  -3.0997374e-08  5.1354682e-05  2.7506013e-06  -0.00052684881  1.0280585e-06  0.0000000   -1.2753842e-06  -0.00012116344  -8.3865377e-08  3.4065819e-07  -0.00010029582  -3.0997374e-08  5.1354682e-05  2.7506013e-06  -0.00052684881  1.0280585e-06  0.0000000   -1.2753842e-06  -0.00012116344  -8.3865377e-08  
3.5690736e-05  1.0972922e-06  -3.2441029e-06  3.9436354e-07  9.4245528e-05  9.9709958e-06  0.00013535897  1.2753842e-06  0.0000000   1.1903388e-06  -0.00010179796  3.5690736e-05  1.0972922e-06  -3.2441029e-06  3.9436354e-07  9.4245528e-05  9.9709958e-06  0.00013535897  1.2753842e-06  0.0000000   1.1903388e-06  -0.00010179796  
-8.6814494e-07  1.0452565e-05  -1.1690375e-06  7.4859850e-05  -1.2839522e-06  0.00012674891  5.5946339e-07  0.00012116344  -1.1903388e-06  0.0000000   5.0347017e-07  -8.6814494e-07  1.0452565e-05  -1.1690375e-06  7.4859850e-05  -1.2839522e-06  0.00012674891  5.5946339e-07  0.00012116344  -1.1903388e-06  0.0000000   5.0347017e-07  
-7.5150598e-05  9.2597537e-07  -4.1866406e-05  -6.0782010e-07  1.3490261e-05  -1.6145876e-06  0.00016419839  8.3865377e-08  0.00010179796  -5.0347017e-07  0.0000000   -7.5150598e-05  9.2597537e-07  -4.1866406e-05  -6.0782010e-07  1.3490261e-05  -1.6145876e-06  0.00016419839  8.3865377e-08  0.00010179796  -5.0347017e-07  0.0000000   
0.0000000   -8.2138872e-07  8.9110724e-05  5.9171938e-07  2.2551214e-05  2.4221520e-06  -8.4931355e-05  -3.4065819e-07  -3.5690736e-05  8.6814494e-07  7.5150598e-05  0.0000000   -8.2138872e-07  8.9110724e-05  5.9171938e-07  2.2551214e-05  2.4221520e-06  -8.4931355e-05  -3.4065819e-07  -3.5690736e-05  8.6814494e-07  7.5150598e-05  
8.2138872e-07  0.0000000   -2.7512079e-06  -6.4484211e-05  -9.7864834e-07  6.7560909e-05  1.2243295e-06  0.00010029582  -1.0972922e-06  -1.0452565e-05  -9.2597537e-07  8.2138872e-07  0.0000000   -2.7512079e-06  -6.4484211e-05  -9.7864834e-07  6.7560909e-05  1.2243295e-06  0.00010029582  -1.0972922e-06  -1.0452565e-05  -9.2597537e-07  
-8.9110724e-05  2.7512079e-06  0.0000000   2.7153673e-06  0.00024160945  -5.5709476e-07  -7.3692935e-05  3.0997374e-08  3.2441029e-06  1.1690375e-06  4.1866406e-05  -8.9110724e-05  2.7512079e-06  0.0000000   2.7153673e-06  0.00024160945  -5.5709476e-07  -7.3692935e-05  3.0997374e-08  3.2441029e-06  1.1690375e-06  4.1866406e-05  
-5.9171938e-07  6.4484211e-05  -2.7153673e-06  0.0000000   1.6813295e-06  0.00012323076  -3.8733822e-07  -5.1354682e-05  -3.9436354e-07  -7.4859850e-05  6.0782010e-07  -5.9171938e-07  6.4484211e-05  -2.7153673e-06  0.0000000   1.6813295e-06  0.00012323076  -3.8733822e-07  -5.1354682e-05  -3.9436354e-07  -7.4859850e-05  6.0782010e-07  
-2.2551214e-05  9.7864834e-07  -0.00024160945  -1.6813295e-06  0.0000000   -1.2806241e-07  -8.0518125e-05  -2.7506013e-06  -9.4245528e-05  1.2839522e-06  -1.3490261e-05  -2.2551214e-05  9.7864834e-07  -0.00024160945  -1.6813295e-06  0.0000000   -1.2806241e-07  -8.0518125e-05  -2.7506013e-06  -9.4245528e-05  1.2839522e-06  -1.3490261e-05  
-2.4221520e-06  -6.7560909e-05  5.5709476e-07  -0.00012323076  1.2806241e-07  0.0000000   -1.7825975e-06  0.00052684881  -9.9709958e-06  -0.00012674891  1.6145876e-06  -2.4221520e-06  -6.7560909e-05  5.5709476e-07  -0.00012323076  1.2806241e-07  0.0000000   -1.7825975e-06  0.00052684881  -9.9709958e-06  -0.00012674891  1.6145876e-06  
8.4931355e-05  -1.2243295e-06  7.3692935e-05  3.8733822e-07  8.0518125e-05  1.7825975e-06  0.0000000   -1.0280585e-06  -0.00013535897  -5.5946339e-07  -0.00016419839  8.4931355e-05  -1.2243295e-06  7.3692935e-05  3.8733822e-07  8.0518125e-05  1.7825975e-06  0.0000000   -1.0280585e-06  -0.00013535897  -5.5946339e-07  -0.00016419839  
3.4065819e-07  -0.00010029582  -3.0997374e-08  5.1354682e-05  2.7506013e-06  -0.00052684881  1.0280585e-06  0.0000000   -1.2753842e-06  -0.00012116344  -8.3865377e-08  3.4065819e-07  -0.00010029582  -3.0997374e-08  5.1354682e-05  2.7506013e-06  -0.00052684881  1.0280585e-06  0.0000000   -1.2753842e-06  -0.00012116344  -8.3865377e-08  
3.5690736e-05  1.0972922e-06  -3.2441029e-06  3.9436354e-07  9.4245528e-05  9.9709958e-06  0.00013535897  1.2753842e-06  0.0000000   1.1903388e-06  -0.00010179796  3.5690736e-05  1.0972922e-06  -3.2441029e-06  3.9436354e-07  9.4245528e-05  9.9709958e-06  0.00013535897  1.2753842e-06  0.0000000   1.1903388e-06  -0.00010179796  
-8.6814494e-07  1.0452565e-05  -1.1690375e-06  7.4859850e-05  -1.2839522e-06  0.00012674891  5.5946339e-07  0.00012116344  -1.1903388e-06  0.0000000   5.0347017e-07  -8.6814494e-07  1.0452565e-05  -1.1690375e-06  7.4859850e-05  -1.2839522e-06  0.00012674891  5.5946339e-07  0.00012116344  -1.1903388e-06  0.0000000   5.0347017e-07  
-7.5150598e-05  9.2597537e-07  -4.1866406e-05  -6.0782010e-07  1.3490261e-05  -1.6145876e-06  0.00016419839  8.3865377e-08  0.00010179796  -5.0347017e-07  0.0000000   -7.5150598e-05  9.2597537e-07  -4.1866406e-05  -6.0782010e-07  1.3490261e-05  -1.6145876e-06  0.00016419839  8.3865377e-08  0.00010179796  -5.0347017e-07  0.0000000   
