0.0000000   -8.8126801e-07  -3.3513269e-06  -0.00010417642  1.4970441e-06  4.3494268e-06  3.2911029e-07  0.00019533089  7.2734349e-05  -7.5123791e-07  -1.6325695e-05  0.0000000   -8.8126801e-07  -3.3513269e-06  -0.00010417642  1.4970441e-06  4.3494268e-06  3.2911029e-07  0.00019533089  7.2734349e-05  -7.5123791e-07  -1.6325695e-05  
8.8126801e-07  0.0000000   -0.00040709130  1.0760816e-05  9.2206357e-05  -7.2823919e-06  6.7095120e-06  9.3926188e-07  -1.0042604e-06  6.9399523e-05  -1.6960844e-06  8.8126801e-07  0.0000000   -0.00040709130  1.0760816e-05  9.2206357e-05  -7.2823919e-06  6.7095120e-06  9.3926188e-07  -1.0042604e-06  6.9399523e-05  -1.6960844e-06  
3.3513269e-06  0.00040709130  0.0000000   -3.1289180e-05  -0.0014724149  7.3208694e-05  -8.5781469e-05  -3.1718015e-06  -4.9799653e-06  0.00012432428  -3.3344440e-07  3.3513269e-06  0.00040709130  0.0000000   -3.1289180e-05  -0.0014724149  7.3208694e-05  -8.5781469e-05  -3.1718015e-06  -4.9799653e-06  0.00012432428  -3.3344440e-07  
0.00010417642  -1.0760816e-05  3.1289180e-05  0.0000000   3.2825393e-05  -2.9394880e-06  7.3210551e-06  -5.1870495e-05  5.8484186e-05  -4.6298721e-06  -5.2685467e-05  0.00010417642  -1.0760816e-05  3.1289180e-05  0.0000000   3.2825393e-05  -2.9394880e-06  7.3210551e-06  -5.1870495e-05  5.8484186e-05  -4.6298721e-06  -5.2685467e-05  
-1.4970441e-06  -9.2206357e-05  0.0014724149  -3.2825393e-05  0.0000000   -2.7521091e-06  3.8570143e-05  -1.4489144e-06  4.0123908e-06  -0.00021550701  3.4231497e-06  -1.4970441e-06  -9.2206357e-05  0.0014724149  -3.2825393e-05  0.0000000   -2.7521091e-06  3.8570143e-05  -1.4489144e-06  4.0123908e-06  -0.00021550701  3.4231497e-06  
-4.3494268e-06  7.2823919e-06  -7.3208694e-05  2.9394880e-06  2.7521091e-06  0.0000000   0.00055114577  -3.5457283e-06  -3.4638800e-06  0.00025985320  -2.0512137e-06  -4.3494268e-06  7.2823919e-06  -7.3208694e-05  2.9394880e-06  2.7521091e-06  0.0000000   0.00055114577  -3.5457283e-06  -3.4638800e-06  0.00025985320  -2.0512137e-06  
-3.2911029e-07  -6.7095120e-06  8.5781469e-05  -7.3210551e-06  -3.8570143e-05  -0.00055114577  0.0000000   6.3087772e-06  1.6054135e-06  -7.5382329e-05  9.2943289e-07  -3.2911029e-07  -6.7095120e-06  8.5781469e-05  -7.3210551e-06  -3.8570143e-05  -0.00055114577  0.0000000   6.3087772e-06  1.6054135e-06  -7.5382329e-05  9.2943289e-07  
-0.00019533089  -9.3926188e-07  3.1718015e-06  5.1870495e-05  1.4489144e-06  3.5457283e-06  -6.3087772e-06  0.0000000   6.4953265e-05  -1.9696365e-06  3.4932832e-05  -0.00019533089  -9.3926188e-07  3.1718015e-06  5.1870495e-05  1.4489144e-06  3.5457283e-06  -6.3087772e-06  0.0000000   6.4953265e-05  -1.9696365e-06  3.4932832e-05  
-7.2734349e-05  1.0042604e-06  4.9799653e-06  -5.8484186e-05  -4.0123908e-06  3.4638800e-06  -1.6054135e-06  -6.4953265e-05  0.0000000   -1.0645378e-06  -0.00015132051  -7.2734349e-05  1.0042604e-06  4.9799653e-06  -5.8484186e-05  -4.0123908e-06  3.4638800e-06  -1.6054135e-06  -6.4953265e-05  0.0000000   -1.0645378e-06  -0.00015132051  
7.5123791e-07  -6.9399523e-05  -0.00012432428  4.6298721e-06  0.00021550701  -0.00025985320  7.5382329e-05  1.9696365e-06  1.0645378e-06  0.0000000   -2.2590820e-06  7.5123791e-07  -6.9399523e-05  -0.00012432428  4.6298721e-06  0.00021550701  -0.00025985320  7.5382329e-05  1.9696365e-06  1.0645378e-06  0.0000000   -2.2590820e-06  
1.6325695e-05  1.6960844e-06  3.3344440e-07  5.2685467e-05  -3.4231497e-06  2.0512137e-06  -9.2943289e-07  -3.4932832e-05  0.00015132051  2.2590820e-06  0.0000000   1.6325695e-05  1.6960844e-06  3.3344440e-07  5.2685467e-05  -3.4231497e-06  2.0512137e-06  -9.2943289e-07  -3.4932832e-05  0.00015132051  2.2590820e-06  0.0000000   
0.0000000   -8.8126801e-07  -3.3513269e-06  -0.00010417642  1.4970441e-06  4.3494268e-06  3.2911029e-07  0.00019533089  7.2734349e-05  -7.5123791e-07  -1.6325695e-05  0.0000000   -8.8126801e-07  -3.3513269e-06  -0.00010417642  1.4970441e-06  4.3494268e-06  3.2911029e-07  0.00019533089  7.2734349e-05  -7.5123791e-07  -1.6325695e-05  
8.8126801e-07  0.0000000   -0.00040709130  1.0760816e-05  9.2206357e-05  -7.2823919e-06  6.7095120e-06  9.3926188e-07  -1.0042604e-06  6.9399523e-05  -1.6960844e-06  8.8126801e-07  0.0000000   -0.00040709130  1.0760816e-05  9.2206357e-05  -7.2823919e-06  6.7095120e-06  9.3926188e-07  -1.0042604e-06  6.9399523e-05  -1.6960844e-06  
3.3513269e-06  0.00040709130  0.0000000   -3.1289180e-05  -0.0014724149  7.3208694e-05  -8.5781469e-05  -3.1718015e-06  -4.9799653e-06  0.00012432428  -3.3344440e-07  3.3513269e-06  0.00040709130  0.0000000   -3.1289180e-05  -0.0014724149  7.3208694e-05  -8.5781469e-05  -3.1718015e-06  -4.9799653e-06  0.00012432428  -3.3344440e-07  
0.00010417642  -1.0760816e-05  3.1289180e-05  0.0000000   3.2825393e-05  -2.9394880e-06  7.3210551e-06  -5.1870495e-05  5.8484186e-05  -4.6298721e-06  -5.2685467e-05  0.00010417642  -1.0760816e-05  3.1289180e-05  0.0000000   3.2825393e-05  -2.9394880e-06  7.3210551e-06  -5.1870495e-05  5.8484186e-05  -4.6298721e-06  -5.2685467e-05  
-1.4970441e-06  -9.2206357e-05  0.0014724149  -3.2825393e-05  0.0000000   -2.7521091e-06  3.8570143e-05  -1.4489144e-06  4.0123908e-06  -0.00021550701  3.4231497e-06  -1.4970441e-06  -9.2206357e-05  0.0014724149  -3.2825393e-05  0.0000000   -2.7521091e-06  3.8570143e-05  -1.4489144e-06  4.0123908e-06  -0.00021550701  3.4231497e-06  
-4.3494268e-06  7.2823919e-06  -7.3208694e-05  2.9394880e-06  2.7521091e-06  0.0000000   0.00055114577  -3.5457283e-06  -3.4638800e-06  0.00025985320  -2.0512137e-06  -4.3494268e-06  7.2823919e-06  -7.3208694e-05  2.9394880e-06  2.7521091e-06  0.0000000   0.00055114577  -3.5457283e-06  -3.4638800e-06  0.00025985320  -2.0512137e-06  
-3.2911029e-07  -6.7095120e-06  8.5781469e-05  -7.3210551e-06  -3.8570143e-05  -0.00055114577  0.0000000   6.3087772e-06  1.6054135e-06  -7.5382329e-05  9.2943289e-07  -3.2911029e-07  -6.7095120e-06  8.5781469e-05  -7.3210551e-06  -3.8570143e-05  -0.00055114577  0.0000000   6.3087772e-06  1.6054135e-06  -7.5382329e-05  9.2943289e-07  
-0.00019533089  -9.3926188e-07  3.1718015e-06  5.1870495e-05  1.4489144e-06  3.5457283e-06  -6.3087772e-06  0.0000000   6.4953265e-05  -1.9696365e-06  3.4932832e-05  -0.00019533089  -9.3926188e-07  3.1718015e-06  5.1870495e-05  1.4489144e-06  3.5457283e-06  -6.3087772e-06  0.0000000   6.4953265e-05  -1.9696365e-06  3.4932832e-05  
-7.2734349e-05  1.0042604e-06  4.9799653e-06  -5.8484186e-05  -4.0123908e-06  3.4638800e-06  -1.6054135e-06  -6.4953265e-05  0.0000000   -1.0645378e-06  -0.00015132051  -7.2734349e-05  1.0042604e-06  4.9799653e-06  -5.8484186e-05  -4.0123908e-06  3.4638800e-06  -1.6054135e-06  -6.4953265e-05  0.0000000   -1.0645378e-06  -0.00015132051  
7.5123791e-07  -6.9399523e-05  -0.00012432428  4.6298721e-06  0.00021550701  -0.00025985320  7.5382329e-05  1.9696365e-06  1.0645378e-06  0.0000000   -2.2590820e-06  7.5123791e-07  -6.9399523e-05  -0.00012432428  4.6298721e-06  0.00021550701  -0.00025985320  7.5382329e-05  1.9696365e-06  1.0645378e-06  0.0000000   -2.2590820e-06  
1.6325695e-05  1.6960844e-06  3.3344440e-07  5.2685467e-05  -3.4231497e-06  2.0512137e-06  -9.2943289e-07  -3.4932832e-05  0.00015132051  2.2590820e-06  0.0000000   1.6325695e-05  1.6960844e-06  3.3344440e-07  5.2685467e-05  -3.4231497e-06  2.0512137e-06  -9.2943289e-07  -3.4932832e-05  0.00015132051  2.2590820e-06  0.0000000   
