0.0000000   -8.1054990e-05  -6.1425371e-05  -6.7522322e-07  -2.7214605e-05  -8.0916867e-05  3.4559819e-05  -2.4153235e-05  2.1718029e-07  6.0302824e-05  1.5140484e-06  0.0000000   -8.1054990e-05  -6.1425371e-05  -6.7522322e-07  -2.7214605e-05  -8.0916867e-05  3.4559819e-05  -2.4153235e-05  2.1718029e-07  6.0302824e-05  1.5140484e-06  
8.1054990e-05  0.0000000   0.00055916765  -1.0083153e-05  -0.00013281178  -1.9011169e-05  0.00013489489  0.00039639666  6.0355054e-06  -4.3044229e-05  2.9954896e-06  8.1054990e-05  0.0000000   0.00055916765  -1.0083153e-05  -0.00013281178  -1.9011169e-05  0.00013489489  0.00039639666  6.0355054e-06  -4.3044229e-05  2.9954896e-06  
6.1425371e-05  -0.00055916765  0.0000000   -6.9435731e-05  -0.0018168337  8.5717724e-05  -5.0911507e-05  7.3965057e-05  -1.5110024e-05  -0.00018573902  1.1060209e-06  6.1425371e-05  -0.00055916765  0.0000000   -6.9435731e-05  -0.0018168337  8.5717724e-05  -5.0911507e-05  7.3965057e-05  -1.5110024e-05  -0.00018573902  1.1060209e-06  
6.7522322e-07  1.0083153e-05  6.9435731e-05  0.0000000   1.5386876e-05  -2.0165126e-07  4.4572454e-06  4.1399612e-06  -0.00017379288  1.4389602e-05  -0.00014675564  6.7522322e-07  1.0083153e-05  6.9435731e-05  0.0000000   1.5386876e-05  -2.0165126e-07  4.4572454e-06  4.1399612e-06  -0.00017379288  1.4389602e-05  -0.00014675564  
2.7214605e-05  0.00013281178  0.0018168337  -1.5386876e-05  0.0000000   2.8691166e-05  0.00018369648  9.7226473e-05  1.2862540e-05  0.00019466304  1.3379706e-05  2.7214605e-05  0.00013281178  0.0018168337  -1.5386876e-05  0.0000000   2.8691166e-05  0.00018369648  9.7226473e-05  1.2862540e-05  0.00019466304  1.3379706e-05  
8.0916867e-05  1.9011169e-05  -8.5717724e-05  2.0165126e-07  -2.8691166e-05  0.0000000   0.00028435662  -0.00014412537  -3.6950388e-06  -0.00027513293  -4.9248131e-06  8.0916867e-05  1.9011169e-05  -8.5717724e-05  2.0165126e-07  -2.8691166e-05  0.0000000   0.00028435662  -0.00014412537  -3.6950388e-06  -0.00027513293  -4.9248131e-06  
-3.4559819e-05  -0.00013489489  5.0911507e-05  -4.4572454e-06  -0.00018369648  -0.00028435662  0.0000000   -4.9375363e-06  -2.5865747e-07  0.00026022594  5.6519848e-06  -3.4559819e-05  -0.00013489489  5.0911507e-05  -4.4572454e-06  -0.00018369648  -0.00028435662  0.0000000   -4.9375363e-06  -2.5865747e-07  0.00026022594  5.6519848e-06  
2.4153235e-05  -0.00039639666  -7.3965057e-05  -4.1399612e-06  -9.7226473e-05  0.00014412537  4.9375363e-06  0.0000000   3.9378334e-06  0.00067975688  6.5970883e-06  2.4153235e-05  -0.00039639666  -7.3965057e-05  -4.1399612e-06  -9.7226473e-05  0.00014412537  4.9375363e-06  0.0000000   3.9378334e-06  0.00067975688  6.5970883e-06  
-2.1718029e-07  -6.0355054e-06  1.5110024e-05  0.00017379288  -1.2862540e-05  3.6950388e-06  2.5865747e-07  -3.9378334e-06  0.0000000   1.4851991e-05  -0.00019667651  -2.1718029e-07  -6.0355054e-06  1.5110024e-05  0.00017379288  -1.2862540e-05  3.6950388e-06  2.5865747e-07  -3.9378334e-06  0.0000000   1.4851991e-05  -0.00019667651  
-6.0302824e-05  4.3044229e-05  0.00018573902  -1.4389602e-05  -0.00019466304  0.00027513293  -0.00026022594  -0.00067975688  -1.4851991e-05  0.0000000   2.1455964e-06  -6.0302824e-05  4.3044229e-05  0.00018573902  -1.4389602e-05  -0.00019466304  0.00027513293  -0.00026022594  -0.00067975688  -1.4851991e-05  0.0000000   2.1455964e-06  
-1.5140484e-06  -2.9954896e-06  -1.1060209e-06  0.00014675564  -1.3379706e-05  4.9248131e-06  -5.6519848e-06  -6.5970883e-06  0.00019667651  -2.1455964e-06  0.0000000   -1.5140484e-06  -2.9954896e-06  -1.1060209e-06  0.00014675564  -1.3379706e-05  4.9248131e-06  -5.6519848e-06  -6.5970883e-06  0.00019667651  -2.1455964e-06  0.0000000   
0.0000000   -8.1054990e-05  -6.1425371e-05  -6.7522322e-07  -2.7214605e-05  -8.0916867e-05  3.4559819e-05  -2.4153235e-05  2.1718029e-07  6.0302824e-05  1.5140484e-06  0.0000000   -8.1054990e-05  -6.1425371e-05  -6.7522322e-07  -2.7214605e-05  -8.0916867e-05  3.4559819e-05  -2.4153235e-05  2.1718029e-07  6.0302824e-05  1.5140484e-06  
8.1054990e-05  0.0000000   0.00055916765  -1.0083153e-05  -0.00013281178  -1.9011169e-05  0.00013489489  0.00039639666  6.0355054e-06  -4.3044229e-05  2.9954896e-06  8.1054990e-05  0.0000000   0.00055916765  -1.0083153e-05  -0.00013281178  -1.9011169e-05  0.00013489489  0.00039639666  6.0355054e-06  -4.3044229e-05  2.9954896e-06  
6.1425371e-05  -0.00055916765  0.0000000   -6.9435731e-05  -0.0018168337  8.5717724e-05  -5.0911507e-05  7.3965057e-05  -1.5110024e-05  -0.00018573902  1.1060209e-06  6.1425371e-05  -0.00055916765  0.0000000   -6.9435731e-05  -0.0018168337  8.5717724e-05  -5.0911507e-05  7.3965057e-05  -1.5110024e-05  -0.00018573902  1.1060209e-06  
6.7522322e-07  1.0083153e-05  6.9435731e-05  0.0000000   1.5386876e-05  -2.0165126e-07  4.4572454e-06  4.1399612e-06  -0.00017379288  1.4389602e-05  -0.00014675564  6.7522322e-07  1.0083153e-05  6.9435731e-05  0.0000000   1.5386876e-05  -2.0165126e-07  4.4572454e-06  4.1399612e-06  -0.00017379288  1.4389602e-05  -0.00014675564  
2.7214605e-05  0.00013281178  0.0018168337  -1.5386876e-05  0.0000000   2.8691166e-05  0.00018369648  9.7226473e-05  1.2862540e-05  0.00019466304  1.3379706e-05  2.7214605e-05  0.00013281178  0.0018168337  -1.5386876e-05  0.0000000   2.8691166e-05  0.00018369648  9.7226473e-05  1.2862540e-05  0.00019466304  1.3379706e-05  
8.0916867e-05  1.9011169e-05  -8.5717724e-05  2.0165126e-07  -2.8691166e-05  0.0000000   0.00028435662  -0.00014412537  -3.6950388e-06  -0.00027513293  -4.9248131e-06  8.0916867e-05  1.9011169e-05  -8.5717724e-05  2.0165126e-07  -2.8691166e-05  0.0000000   0.00028435662  -0.00014412537  -3.6950388e-06  -0.00027513293  -4.9248131e-06  
-3.4559819e-05  -0.00013489489  5.0911507e-05  -4.4572454e-06  -0.00018369648  -0.00028435662  0.0000000   -4.9375363e-06  -2.5865747e-07  0.00026022594  5.6519848e-06  -3.4559819e-05  -0.00013489489  5.0911507e-05  -4.4572454e-06  -0.00018369648  -0.00028435662  0.0000000   -4.9375363e-06  -2.5865747e-07  0.00026022594  5.6519848e-06  
2.4153235e-05  -0.00039639666  -7.3965057e-05  -4.1399612e-06  -9.7226473e-05  0.00014412537  4.9375363e-06  0.0000000   3.9378334e-06  0.00067975688  6.5970883e-06  2.4153235e-05  -0.00039639666  -7.3965057e-05  -4.1399612e-06  -9.7226473e-05  0.00014412537  4.9375363e-06  0.0000000   3.9378334e-06  0.00067975688  6.5970883e-06  
-2.1718029e-07  -6.0355054e-06  1.5110024e-05  0.00017379288  -1.2862540e-05  3.6950388e-06  2.5865747e-07  -3.9378334e-06  0.0000000   1.4851991e-05  -0.00019667651  -2.1718029e-07  -6.0355054e-06  1.5110024e-05  0.00017379288  -1.2862540e-05  3.6950388e-06  2.5865747e-07  -3.9378334e-06  0.0000000   1.4851991e-05  -0.00019667651  
-6.0302824e-05  4.3044229e-05  0.00018573902  -1.4389602e-05  -0.00019466304  0.00027513293  -0.00026022594  -0.00067975688  -1.4851991e-05  0.0000000   2.1455964e-06  -6.0302824e-05  4.3044229e-05  0.00018573902  -1.4389602e-05  -0.00019466304  0.00027513293  -0.00026022594  -0.00067975688  -1.4851991e-05  0.0000000   2.1455964e-06  
-1.5140484e-06  -2.9954896e-06  -1.1060209e-06  0.00014675564  -1.3379706e-05  4.9248131e-06  -5.6519848e-06  -6.5970883e-06  0.00019667651  -2.1455964e-06  0.0000000   -1.5140484e-06  -2.9954896e-06  -1.1060209e-06  0.00014675564  -1.3379706e-05  4.9248131e-06  -5.6519848e-06  -6.5970883e-06  0.00019667651  -2.1455964e-06  0.0000000   
