0.0000000   8.9611124e-06  0.00094031775  2.6648787e-05  7.3879991e-07  9.1017984e-06  9.1882397e-06  8.8094092e-05  8.6273338e-06  -3.9630772e-05  -5.1024099e-05  0.0000000   8.9611124e-06  0.00094031775  2.6648787e-05  7.3879991e-07  9.1017984e-06  9.1882397e-06  8.8094092e-05  8.6273338e-06  -3.9630772e-05  -5.1024099e-05  
-8.9611124e-06  0.0000000   -7.1557095e-05  0.00023140280  3.2856492e-05  7.5100137e-05  0.00013540091  -6.4036655e-06  4.5193299e-05  5.0980579e-06  5.8800163e-06  -8.9611124e-06  0.0000000   -7.1557095e-05  0.00023140280  3.2856492e-05  7.5100137e-05  0.00013540091  -6.4036655e-06  4.5193299e-05  5.0980579e-06  5.8800163e-06  
-0.00094031775  7.1557095e-05  0.0000000   3.4878720e-06  4.6716497e-06  -1.5292407e-06  -3.4070020e-06  2.7188194e-05  -2.2824366e-06  0.00014944657  -6.2620740e-05  -0.00094031775  7.1557095e-05  0.0000000   3.4878720e-06  4.6716497e-06  -1.5292407e-06  -3.4070020e-06  2.7188194e-05  -2.2824366e-06  0.00014944657  -6.2620740e-05  
-2.6648787e-05  -0.00023140280  -3.4878720e-06  0.0000000   -0.00050370150  -7.1395576e-06  4.6242128e-05  -5.4941647e-06  0.00015175841  4.6104617e-06  -2.9784362e-07  -2.6648787e-05  -0.00023140280  -3.4878720e-06  0.0000000   -0.00050370150  -7.1395576e-06  4.6242128e-05  -5.4941647e-06  0.00015175841  4.6104617e-06  -2.9784362e-07  
-7.3879991e-07  -3.2856492e-05  -4.6716497e-06  0.00050370150  0.0000000   0.00010905692  0.00043417649  3.6283986e-06  -5.9137166e-05  7.5448164e-08  5.2706369e-06  -7.3879991e-07  -3.2856492e-05  -4.6716497e-06  0.00050370150  0.0000000   0.00010905692  0.00043417649  3.6283986e-06  -5.9137166e-05  7.5448164e-08  5.2706369e-06  
-9.1017984e-06  -7.5100137e-05  1.5292407e-06  7.1395576e-06  -0.00010905692  0.0000000   0.00021791631  2.3030815e-08  -4.3250266e-05  -4.1059642e-07  -2.8270642e-06  -9.1017984e-06  -7.5100137e-05  1.5292407e-06  7.1395576e-06  -0.00010905692  0.0000000   0.00021791631  2.3030815e-08  -4.3250266e-05  -4.1059642e-07  -2.8270642e-06  
-9.1882397e-06  -0.00013540091  3.4070020e-06  -4.6242128e-05  -0.00043417649  -0.00021791631  0.0000000   -1.0242682e-06  -6.7060037e-06  -7.6553798e-07  3.5313909e-06  -9.1882397e-06  -0.00013540091  3.4070020e-06  -4.6242128e-05  -0.00043417649  -0.00021791631  0.0000000   -1.0242682e-06  -6.7060037e-06  -7.6553798e-07  3.5313909e-06  
-8.8094092e-05  6.4036655e-06  -2.7188194e-05  5.4941647e-06  -3.6283986e-06  -2.3030815e-08  1.0242682e-06  0.0000000   -3.9096493e-06  -1.3618390e-05  0.00016586684  -8.8094092e-05  6.4036655e-06  -2.7188194e-05  5.4941647e-06  -3.6283986e-06  -2.3030815e-08  1.0242682e-06  0.0000000   -3.9096493e-06  -1.3618390e-05  0.00016586684  
-8.6273338e-06  -4.5193299e-05  2.2824366e-06  -0.00015175841  5.9137166e-05  4.3250266e-05  6.7060037e-06  3.9096493e-06  0.0000000   1.8146909e-06  7.1629889e-06  -8.6273338e-06  -4.5193299e-05  2.2824366e-06  -0.00015175841  5.9137166e-05  4.3250266e-05  6.7060037e-06  3.9096493e-06  0.0000000   1.8146909e-06  7.1629889e-06  
3.9630772e-05  -5.0980579e-06  -0.00014944657  -4.6104617e-06  -7.5448164e-08  4.1059642e-07  7.6553798e-07  1.3618390e-05  -1.8146909e-06  0.0000000   0.00020742431  3.9630772e-05  -5.0980579e-06  -0.00014944657  -4.6104617e-06  -7.5448164e-08  4.1059642e-07  7.6553798e-07  1.3618390e-05  -1.8146909e-06  0.0000000   0.00020742431  
5.1024099e-05  -5.8800163e-06  6.2620740e-05  2.9784362e-07  -5.2706369e-06  2.8270642e-06  -3.5313909e-06  -0.00016586684  -7.1629889e-06  -0.00020742431  0.0000000   5.1024099e-05  -5.8800163e-06  6.2620740e-05  2.9784362e-07  -5.2706369e-06  2.8270642e-06  -3.5313909e-06  -0.00016586684  -7.1629889e-06  -0.00020742431  0.0000000   
0.0000000   8.9611124e-06  0.00094031775  2.6648787e-05  7.3879991e-07  9.1017984e-06  9.1882397e-06  8.8094092e-05  8.6273338e-06  -3.9630772e-05  -5.1024099e-05  0.0000000   8.9611124e-06  0.00094031775  2.6648787e-05  7.3879991e-07  9.1017984e-06  9.1882397e-06  8.8094092e-05  8.6273338e-06  -3.9630772e-05  -5.1024099e-05  
-8.9611124e-06  0.0000000   -7.1557095e-05  0.00023140280  3.2856492e-05  7.5100137e-05  0.00013540091  -6.4036655e-06  4.5193299e-05  5.0980579e-06  5.8800163e-06  -8.9611124e-06  0.0000000   -7.1557095e-05  0.00023140280  3.2856492e-05  7.5100137e-05  0.00013540091  -6.4036655e-06  4.5193299e-05  5.0980579e-06  5.8800163e-06  
-0.00094031775  7.1557095e-05  0.0000000   3.4878720e-06  4.6716497e-06  -1.5292407e-06  -3.4070020e-06  2.7188194e-05  -2.2824366e-06  0.00014944657  -6.2620740e-05  -0.00094031775  7.1557095e-05  0.0000000   3.4878720e-06  4.6716497e-06  -1.5292407e-06  -3.4070020e-06  2.7188194e-05  -2.2824366e-06  0.00014944657  -6.2620740e-05  
-2.6648787e-05  -0.00023140280  -3.4878720e-06  0.0000000   -0.00050370150  -7.1395576e-06  4.6242128e-05  -5.4941647e-06  0.00015175841  4.6104617e-06  -2.9784362e-07  -2.6648787e-05  -0.00023140280  -3.4878720e-06  0.0000000   -0.00050370150  -7.1395576e-06  4.6242128e-05  -5.4941647e-06  0.00015175841  4.6104617e-06  -2.9784362e-07  
-7.3879991e-07  -3.2856492e-05  -4.6716497e-06  0.00050370150  0.0000000   0.00010905692  0.00043417649  3.6283986e-06  -5.9137166e-05  7.5448164e-08  5.2706369e-06  -7.3879991e-07  -3.2856492e-05  -4.6716497e-06  0.00050370150  0.0000000   0.00010905692  0.00043417649  3.6283986e-06  -5.9137166e-05  7.5448164e-08  5.2706369e-06  
-9.1017984e-06  -7.5100137e-05  1.5292407e-06  7.1395576e-06  -0.00010905692  0.0000000   0.00021791631  2.3030815e-08  -4.3250266e-05  -4.1059642e-07  -2.8270642e-06  -9.1017984e-06  -7.5100137e-05  1.5292407e-06  7.1395576e-06  -0.00010905692  0.0000000   0.00021791631  2.3030815e-08  -4.3250266e-05  -4.1059642e-07  -2.8270642e-06  
-9.1882397e-06  -0.00013540091  3.4070020e-06  -4.6242128e-05  -0.00043417649  -0.00021791631  0.0000000   -1.0242682e-06  -6.7060037e-06  -7.6553798e-07  3.5313909e-06  -9.1882397e-06  -0.00013540091  3.4070020e-06  -4.6242128e-05  -0.00043417649  -0.00021791631  0.0000000   -1.0242682e-06  -6.7060037e-06  -7.6553798e-07  3.5313909e-06  
-8.8094092e-05  6.4036655e-06  -2.7188194e-05  5.4941647e-06  -3.6283986e-06  -2.3030815e-08  1.0242682e-06  0.0000000   -3.9096493e-06  -1.3618390e-05  0.00016586684  -8.8094092e-05  6.4036655e-06  -2.7188194e-05  5.4941647e-06  -3.6283986e-06  -2.3030815e-08  1.0242682e-06  0.0000000   -3.9096493e-06  -1.3618390e-05  0.00016586684  
-8.6273338e-06  -4.5193299e-05  2.2824366e-06  -0.00015175841  5.9137166e-05  4.3250266e-05  6.7060037e-06  3.9096493e-06  0.0000000   1.8146909e-06  7.1629889e-06  -8.6273338e-06  -4.5193299e-05  2.2824366e-06  -0.00015175841  5.9137166e-05  4.3250266e-05  6.7060037e-06  3.9096493e-06  0.0000000   1.8146909e-06  7.1629889e-06  
3.9630772e-05  -5.0980579e-06  -0.00014944657  -4.6104617e-06  -7.5448164e-08  4.1059642e-07  7.6553798e-07  1.3618390e-05  -1.8146909e-06  0.0000000   0.00020742431  3.9630772e-05  -5.0980579e-06  -0.00014944657  -4.6104617e-06  -7.5448164e-08  4.1059642e-07  7.6553798e-07  1.3618390e-05  -1.8146909e-06  0.0000000   0.00020742431  
5.1024099e-05  -5.8800163e-06  6.2620740e-05  2.9784362e-07  -5.2706369e-06  2.8270642e-06  -3.5313909e-06  -0.00016586684  -7.1629889e-06  -0.00020742431  0.0000000   5.1024099e-05  -5.8800163e-06  6.2620740e-05  2.9784362e-07  -5.2706369e-06  2.8270642e-06  -3.5313909e-06  -0.00016586684  -7.1629889e-06  -0.00020742431  0.0000000   
