0.0000000   -0.00061897930  -0.00078617987  -8.0236275e-05  -3.5061908e-05  -0.00029207312  -2.8108718e-05  3.3326309e-06  1.2703612e-06  2.4629527e-06  3.1954528e-06  0.0000000   -0.00061897930  -0.00078617987  -8.0236275e-05  -3.5061908e-05  -0.00029207312  -2.8108718e-05  3.3326309e-06  1.2703612e-06  2.4629527e-06  3.1954528e-06  
0.00061897930  0.0000000   0.018122083  0.00048764230  3.2666332e-05  -4.6003353e-05  3.8798911e-05  1.7128323e-05  1.2348189e-06  2.2830344e-05  -3.5133022e-06  0.00061897930  0.0000000   0.018122083  0.00048764230  3.2666332e-05  -4.6003353e-05  3.8798911e-05  1.7128323e-05  1.2348189e-06  2.2830344e-05  -3.5133022e-06  
0.00078617987  -0.018122083  0.0000000   -0.00035788694  0.00011775941  9.5387715e-05  -0.00020368264  -1.3472567e-05  -3.9274333e-05  -2.0151645e-05  -1.0123945e-06  0.00078617987  -0.018122083  0.0000000   -0.00035788694  0.00011775941  9.5387715e-05  -0.00020368264  -1.3472567e-05  -3.9274333e-05  -2.0151645e-05  -1.0123945e-06  
8.0236275e-05  -0.00048764230  0.00035788694  0.0000000   0.00023950403  -0.00018916258  -0.00012206604  -3.8989020e-06  3.6655623e-06  1.3039707e-06  -2.9924922e-06  8.0236275e-05  -0.00048764230  0.00035788694  0.0000000   0.00023950403  -0.00018916258  -0.00012206604  -3.8989020e-06  3.6655623e-06  1.3039707e-06  -2.9924922e-06  
3.5061908e-05  -3.2666332e-05  -0.00011775941  -0.00023950403  0.0000000   8.9321084e-05  0.00022255973  -5.9991416e-06  1.0173896e-06  -1.9001208e-06  -1.7639832e-06  3.5061908e-05  -3.2666332e-05  -0.00011775941  -0.00023950403  0.0000000   8.9321084e-05  0.00022255973  -5.9991416e-06  1.0173896e-06  -1.9001208e-06  -1.7639832e-06  
0.00029207312  4.6003353e-05  -9.5387715e-05  0.00018916258  -8.9321084e-05  0.0000000   0.0010908189  -3.7239148e-06  -1.9599181e-05  8.3835613e-07  3.6571679e-06  0.00029207312  4.6003353e-05  -9.5387715e-05  0.00018916258  -8.9321084e-05  0.0000000   0.0010908189  -3.7239148e-06  -1.9599181e-05  8.3835613e-07  3.6571679e-06  
2.8108718e-05  -3.8798911e-05  0.00020368264  0.00012206604  -0.00022255973  -0.0010908189  0.0000000   1.9597081e-05  -6.0388607e-06  2.0556082e-05  -1.6762514e-05  2.8108718e-05  -3.8798911e-05  0.00020368264  0.00012206604  -0.00022255973  -0.0010908189  0.0000000   1.9597081e-05  -6.0388607e-06  2.0556082e-05  -1.6762514e-05  
-3.3326309e-06  -1.7128323e-05  1.3472567e-05  3.8989020e-06  5.9991416e-06  3.7239148e-06  -1.9597081e-05  0.0000000   -0.0025586092  -0.00012359379  0.00027277081  -3.3326309e-06  -1.7128323e-05  1.3472567e-05  3.8989020e-06  5.9991416e-06  3.7239148e-06  -1.9597081e-05  0.0000000   -0.0025586092  -0.00012359379  0.00027277081  
-1.2703612e-06  -1.2348189e-06  3.9274333e-05  -3.6655623e-06  -1.0173896e-06  1.9599181e-05  6.0388607e-06  0.0025586092  0.0000000   0.00047225655  -0.00058567824  -1.2703612e-06  -1.2348189e-06  3.9274333e-05  -3.6655623e-06  -1.0173896e-06  1.9599181e-05  6.0388607e-06  0.0025586092  0.0000000   0.00047225655  -0.00058567824  
-2.4629527e-06  -2.2830344e-05  2.0151645e-05  -1.3039707e-06  1.9001208e-06  -8.3835613e-07  -2.0556082e-05  0.00012359379  -0.00047225655  0.0000000   0.00021955135  -2.4629527e-06  -2.2830344e-05  2.0151645e-05  -1.3039707e-06  1.9001208e-06  -8.3835613e-07  -2.0556082e-05  0.00012359379  -0.00047225655  0.0000000   0.00021955135  
-3.1954528e-06  3.5133022e-06  1.0123945e-06  2.9924922e-06  1.7639832e-06  -3.6571679e-06  1.6762514e-05  -0.00027277081  0.00058567824  -0.00021955135  0.0000000   -3.1954528e-06  3.5133022e-06  1.0123945e-06  2.9924922e-06  1.7639832e-06  -3.6571679e-06  1.6762514e-05  -0.00027277081  0.00058567824  -0.00021955135  0.0000000   
0.0000000   -0.00061897930  -0.00078617987  -8.0236275e-05  -3.5061908e-05  -0.00029207312  -2.8108718e-05  3.3326309e-06  1.2703612e-06  2.4629527e-06  3.1954528e-06  0.0000000   -0.00061897930  -0.00078617987  -8.0236275e-05  -3.5061908e-05  -0.00029207312  -2.8108718e-05  3.3326309e-06  1.2703612e-06  2.4629527e-06  3.1954528e-06  
0.00061897930  0.0000000   0.018122083  0.00048764230  3.2666332e-05  -4.6003353e-05  3.8798911e-05  1.7128323e-05  1.2348189e-06  2.2830344e-05  -3.5133022e-06  0.00061897930  0.0000000   0.018122083  0.00048764230  3.2666332e-05  -4.6003353e-05  3.8798911e-05  1.7128323e-05  1.2348189e-06  2.2830344e-05  -3.5133022e-06  
0.00078617987  -0.018122083  0.0000000   -0.00035788694  0.00011775941  9.5387715e-05  -0.00020368264  -1.3472567e-05  -3.9274333e-05  -2.0151645e-05  -1.0123945e-06  0.00078617987  -0.018122083  0.0000000   -0.00035788694  0.00011775941  9.5387715e-05  -0.00020368264  -1.3472567e-05  -3.9274333e-05  -2.0151645e-05  -1.0123945e-06  
8.0236275e-05  -0.00048764230  0.00035788694  0.0000000   0.00023950403  -0.00018916258  -0.00012206604  -3.8989020e-06  3.6655623e-06  1.3039707e-06  -2.9924922e-06  8.0236275e-05  -0.00048764230  0.00035788694  0.0000000   0.00023950403  -0.00018916258  -0.00012206604  -3.8989020e-06  3.6655623e-06  1.3039707e-06  -2.9924922e-06  
3.5061908e-05  -3.2666332e-05  -0.00011775941  -0.00023950403  0.0000000   8.9321084e-05  0.00022255973  -5.9991416e-06  1.0173896e-06  -1.9001208e-06  -1.7639832e-06  3.5061908e-05  -3.2666332e-05  -0.00011775941  -0.00023950403  0.0000000   8.9321084e-05  0.00022255973  -5.9991416e-06  1.0173896e-06  -1.9001208e-06  -1.7639832e-06  
0.00029207312  4.6003353e-05  -9.5387715e-05  0.00018916258  -8.9321084e-05  0.0000000   0.0010908189  -3.7239148e-06  -1.9599181e-05  8.3835613e-07  3.6571679e-06  0.00029207312  4.6003353e-05  -9.5387715e-05  0.00018916258  -8.9321084e-05  0.0000000   0.0010908189  -3.7239148e-06  -1.9599181e-05  8.3835613e-07  3.6571679e-06  
2.8108718e-05  -3.8798911e-05  0.00020368264  0.00012206604  -0.00022255973  -0.0010908189  0.0000000   1.9597081e-05  -6.0388607e-06  2.0556082e-05  -1.6762514e-05  2.8108718e-05  -3.8798911e-05  0.00020368264  0.00012206604  -0.00022255973  -0.0010908189  0.0000000   1.9597081e-05  -6.0388607e-06  2.0556082e-05  -1.6762514e-05  
-3.3326309e-06  -1.7128323e-05  1.3472567e-05  3.8989020e-06  5.9991416e-06  3.7239148e-06  -1.9597081e-05  0.0000000   -0.0025586092  -0.00012359379  0.00027277081  -3.3326309e-06  -1.7128323e-05  1.3472567e-05  3.8989020e-06  5.9991416e-06  3.7239148e-06  -1.9597081e-05  0.0000000   -0.0025586092  -0.00012359379  0.00027277081  
-1.2703612e-06  -1.2348189e-06  3.9274333e-05  -3.6655623e-06  -1.0173896e-06  1.9599181e-05  6.0388607e-06  0.0025586092  0.0000000   0.00047225655  -0.00058567824  -1.2703612e-06  -1.2348189e-06  3.9274333e-05  -3.6655623e-06  -1.0173896e-06  1.9599181e-05  6.0388607e-06  0.0025586092  0.0000000   0.00047225655  -0.00058567824  
-2.4629527e-06  -2.2830344e-05  2.0151645e-05  -1.3039707e-06  1.9001208e-06  -8.3835613e-07  -2.0556082e-05  0.00012359379  -0.00047225655  0.0000000   0.00021955135  -2.4629527e-06  -2.2830344e-05  2.0151645e-05  -1.3039707e-06  1.9001208e-06  -8.3835613e-07  -2.0556082e-05  0.00012359379  -0.00047225655  0.0000000   0.00021955135  
-3.1954528e-06  3.5133022e-06  1.0123945e-06  2.9924922e-06  1.7639832e-06  -3.6571679e-06  1.6762514e-05  -0.00027277081  0.00058567824  -0.00021955135  0.0000000   -3.1954528e-06  3.5133022e-06  1.0123945e-06  2.9924922e-06  1.7639832e-06  -3.6571679e-06  1.6762514e-05  -0.00027277081  0.00058567824  -0.00021955135  0.0000000   
