0.0000000   -5.0186702e-05  -3.2598887e-05  -1.6568166e-05  -1.6917730e-06  4.6589119e-08  1.7436688e-06  -4.6024677e-05  -2.8607879e-05  -6.8788447e-05  3.7808301e-05  0.0000000   -5.0186702e-05  -3.2598887e-05  -1.6568166e-05  -1.6917730e-06  4.6589119e-08  1.7436688e-06  -4.6024677e-05  -2.8607879e-05  -6.8788447e-05  3.7808301e-05  
5.0186702e-05  0.0000000   -0.0039055820  -0.00028111796  -7.5185417e-05  0.00013525599  5.1833987e-05  -1.4350208e-05  -1.5317725e-05  1.9159334e-05  1.6599674e-05  5.0186702e-05  0.0000000   -0.0039055820  -0.00028111796  -7.5185417e-05  0.00013525599  5.1833987e-05  -1.4350208e-05  -1.5317725e-05  1.9159334e-05  1.6599674e-05  
3.2598887e-05  0.0039055820  0.0000000   0.0012245196  7.1156809e-05  9.6997429e-05  -1.8359055e-05  -1.2292620e-05  -8.2329141e-06  -2.3741572e-05  -1.5144896e-06  3.2598887e-05  0.0039055820  0.0000000   0.0012245196  7.1156809e-05  9.6997429e-05  -1.8359055e-05  -1.2292620e-05  -8.2329141e-06  -2.3741572e-05  -1.5144896e-06  
1.6568166e-05  0.00028111796  -0.0012245196  0.0000000   0.00026433436  -0.00012881810  7.7697425e-05  -2.6315992e-06  3.7923399e-06  -6.2193397e-06  8.4447420e-06  1.6568166e-05  0.00028111796  -0.0012245196  0.0000000   0.00026433436  -0.00012881810  7.7697425e-05  -2.6315992e-06  3.7923399e-06  -6.2193397e-06  8.4447420e-06  
1.6917730e-06  7.5185417e-05  -7.1156809e-05  -0.00026433436  0.0000000   7.2719680e-05  -0.00028189569  -9.0050378e-06  -1.2971832e-06  -4.5486021e-06  1.3414551e-06  1.6917730e-06  7.5185417e-05  -7.1156809e-05  -0.00026433436  0.0000000   7.2719680e-05  -0.00028189569  -9.0050378e-06  -1.2971832e-06  -4.5486021e-06  1.3414551e-06  
-4.6589119e-08  -0.00013525599  -9.6997429e-05  0.00012881810  -7.2719680e-05  0.0000000   -2.1660876e-05  5.9947382e-07  6.0340112e-06  -2.7406599e-06  1.5198291e-06  -4.6589119e-08  -0.00013525599  -9.6997429e-05  0.00012881810  -7.2719680e-05  0.0000000   -2.1660876e-05  5.9947382e-07  6.0340112e-06  -2.7406599e-06  1.5198291e-06  
-1.7436688e-06  -5.1833987e-05  1.8359055e-05  -7.7697425e-05  0.00028189569  2.1660876e-05  0.0000000   2.5491443e-06  1.9108552e-06  -7.2503264e-06  1.2882789e-05  -1.7436688e-06  -5.1833987e-05  1.8359055e-05  -7.7697425e-05  0.00028189569  2.1660876e-05  0.0000000   2.5491443e-06  1.9108552e-06  -7.2503264e-06  1.2882789e-05  
4.6024677e-05  1.4350208e-05  1.2292620e-05  2.6315992e-06  9.0050378e-06  -5.9947382e-07  -2.5491443e-06  0.0000000   0.00028086346  -8.1217720e-05  -0.00040041557  4.6024677e-05  1.4350208e-05  1.2292620e-05  2.6315992e-06  9.0050378e-06  -5.9947382e-07  -2.5491443e-06  0.0000000   0.00028086346  -8.1217720e-05  -0.00040041557  
2.8607879e-05  1.5317725e-05  8.2329141e-06  -3.7923399e-06  1.2971832e-06  -6.0340112e-06  -1.9108552e-06  -0.00028086346  0.0000000   0.0013840914  -0.00076627735  2.8607879e-05  1.5317725e-05  8.2329141e-06  -3.7923399e-06  1.2971832e-06  -6.0340112e-06  -1.9108552e-06  -0.00028086346  0.0000000   0.0013840914  -0.00076627735  
6.8788447e-05  -1.9159334e-05  2.3741572e-05  6.2193397e-06  4.5486021e-06  2.7406599e-06  7.2503264e-06  8.1217720e-05  -0.0013840914  0.0000000   -2.6407640e-05  6.8788447e-05  -1.9159334e-05  2.3741572e-05  6.2193397e-06  4.5486021e-06  2.7406599e-06  7.2503264e-06  8.1217720e-05  -0.0013840914  0.0000000   -2.6407640e-05  
-3.7808301e-05  -1.6599674e-05  1.5144896e-06  -8.4447420e-06  -1.3414551e-06  -1.5198291e-06  -1.2882789e-05  0.00040041557  0.00076627735  2.6407640e-05  0.0000000   -3.7808301e-05  -1.6599674e-05  1.5144896e-06  -8.4447420e-06  -1.3414551e-06  -1.5198291e-06  -1.2882789e-05  0.00040041557  0.00076627735  2.6407640e-05  0.0000000   
0.0000000   -5.0186702e-05  -3.2598887e-05  -1.6568166e-05  -1.6917730e-06  4.6589119e-08  1.7436688e-06  -4.6024677e-05  -2.8607879e-05  -6.8788447e-05  3.7808301e-05  0.0000000   -5.0186702e-05  -3.2598887e-05  -1.6568166e-05  -1.6917730e-06  4.6589119e-08  1.7436688e-06  -4.6024677e-05  -2.8607879e-05  -6.8788447e-05  3.7808301e-05  
5.0186702e-05  0.0000000   -0.0039055820  -0.00028111796  -7.5185417e-05  0.00013525599  5.1833987e-05  -1.4350208e-05  -1.5317725e-05  1.9159334e-05  1.6599674e-05  5.0186702e-05  0.0000000   -0.0039055820  -0.00028111796  -7.5185417e-05  0.00013525599  5.1833987e-05  -1.4350208e-05  -1.5317725e-05  1.9159334e-05  1.6599674e-05  
3.2598887e-05  0.0039055820  0.0000000   0.0012245196  7.1156809e-05  9.6997429e-05  -1.8359055e-05  -1.2292620e-05  -8.2329141e-06  -2.3741572e-05  -1.5144896e-06  3.2598887e-05  0.0039055820  0.0000000   0.0012245196  7.1156809e-05  9.6997429e-05  -1.8359055e-05  -1.2292620e-05  -8.2329141e-06  -2.3741572e-05  -1.5144896e-06  
1.6568166e-05  0.00028111796  -0.0012245196  0.0000000   0.00026433436  -0.00012881810  7.7697425e-05  -2.6315992e-06  3.7923399e-06  -6.2193397e-06  8.4447420e-06  1.6568166e-05  0.00028111796  -0.0012245196  0.0000000   0.00026433436  -0.00012881810  7.7697425e-05  -2.6315992e-06  3.7923399e-06  -6.2193397e-06  8.4447420e-06  
1.6917730e-06  7.5185417e-05  -7.1156809e-05  -0.00026433436  0.0000000   7.2719680e-05  -0.00028189569  -9.0050378e-06  -1.2971832e-06  -4.5486021e-06  1.3414551e-06  1.6917730e-06  7.5185417e-05  -7.1156809e-05  -0.00026433436  0.0000000   7.2719680e-05  -0.00028189569  -9.0050378e-06  -1.2971832e-06  -4.5486021e-06  1.3414551e-06  
-4.6589119e-08  -0.00013525599  -9.6997429e-05  0.00012881810  -7.2719680e-05  0.0000000   -2.1660876e-05  5.9947382e-07  6.0340112e-06  -2.7406599e-06  1.5198291e-06  -4.6589119e-08  -0.00013525599  -9.6997429e-05  0.00012881810  -7.2719680e-05  0.0000000   -2.1660876e-05  5.9947382e-07  6.0340112e-06  -2.7406599e-06  1.5198291e-06  
-1.7436688e-06  -5.1833987e-05  1.8359055e-05  -7.7697425e-05  0.00028189569  2.1660876e-05  0.0000000   2.5491443e-06  1.9108552e-06  -7.2503264e-06  1.2882789e-05  -1.7436688e-06  -5.1833987e-05  1.8359055e-05  -7.7697425e-05  0.00028189569  2.1660876e-05  0.0000000   2.5491443e-06  1.9108552e-06  -7.2503264e-06  1.2882789e-05  
4.6024677e-05  1.4350208e-05  1.2292620e-05  2.6315992e-06  9.0050378e-06  -5.9947382e-07  -2.5491443e-06  0.0000000   0.00028086346  -8.1217720e-05  -0.00040041557  4.6024677e-05  1.4350208e-05  1.2292620e-05  2.6315992e-06  9.0050378e-06  -5.9947382e-07  -2.5491443e-06  0.0000000   0.00028086346  -8.1217720e-05  -0.00040041557  
2.8607879e-05  1.5317725e-05  8.2329141e-06  -3.7923399e-06  1.2971832e-06  -6.0340112e-06  -1.9108552e-06  -0.00028086346  0.0000000   0.0013840914  -0.00076627735  2.8607879e-05  1.5317725e-05  8.2329141e-06  -3.7923399e-06  1.2971832e-06  -6.0340112e-06  -1.9108552e-06  -0.00028086346  0.0000000   0.0013840914  -0.00076627735  
6.8788447e-05  -1.9159334e-05  2.3741572e-05  6.2193397e-06  4.5486021e-06  2.7406599e-06  7.2503264e-06  8.1217720e-05  -0.0013840914  0.0000000   -2.6407640e-05  6.8788447e-05  -1.9159334e-05  2.3741572e-05  6.2193397e-06  4.5486021e-06  2.7406599e-06  7.2503264e-06  8.1217720e-05  -0.0013840914  0.0000000   -2.6407640e-05  
-3.7808301e-05  -1.6599674e-05  1.5144896e-06  -8.4447420e-06  -1.3414551e-06  -1.5198291e-06  -1.2882789e-05  0.00040041557  0.00076627735  2.6407640e-05  0.0000000   -3.7808301e-05  -1.6599674e-05  1.5144896e-06  -8.4447420e-06  -1.3414551e-06  -1.5198291e-06  -1.2882789e-05  0.00040041557  0.00076627735  2.6407640e-05  0.0000000   
