0.0000000   -0.016552056  2.3644856e-05  -8.5208518e-05  1.0634574e-05  -2.2971427e-05  -2.5207449e-05  1.7499408e-05  4.2901500e-06  -5.5467823e-06  2.7292535e-05  0.0000000   -0.016552056  2.3644856e-05  -8.5208518e-05  1.0634574e-05  -2.2971427e-05  -2.5207449e-05  1.7499408e-05  4.2901500e-06  -5.5467823e-06  2.7292535e-05  
0.016552056  0.0000000   -6.9651490e-05  -9.8124296e-05  -4.2073276e-05  -6.8014247e-06  -0.00011136916  2.5039560e-05  -8.3525927e-06  -4.5363391e-06  -1.4526660e-05  0.016552056  0.0000000   -6.9651490e-05  -9.8124296e-05  -4.2073276e-05  -6.8014247e-06  -0.00011136916  2.5039560e-05  -8.3525927e-06  -4.5363391e-06  -1.4526660e-05  
-2.3644856e-05  6.9651490e-05  0.0000000   1.9147436e-06  4.5044317e-06  -4.2503603e-05  9.8432813e-07  -6.6439663e-05  -3.0554873e-05  1.2616484e-06  1.0666478e-05  -2.3644856e-05  6.9651490e-05  0.0000000   1.9147436e-06  4.5044317e-06  -4.2503603e-05  9.8432813e-07  -6.6439663e-05  -3.0554873e-05  1.2616484e-06  1.0666478e-05  
8.5208518e-05  9.8124296e-05  -1.9147436e-06  0.0000000   -0.00022341019  -5.4704300e-07  -5.4765664e-05  1.5173009e-07  5.2305273e-08  -7.5644677e-05  8.6073547e-07  8.5208518e-05  9.8124296e-05  -1.9147436e-06  0.0000000   -0.00022341019  -5.4704300e-07  -5.4765664e-05  1.5173009e-07  5.2305273e-08  -7.5644677e-05  8.6073547e-07  
-1.0634574e-05  4.2073276e-05  -4.5044317e-06  0.00022341019  0.0000000   1.1993099e-07  -8.1911151e-05  -5.6783140e-07  1.8604387e-07  -3.0275942e-05  7.8038187e-07  -1.0634574e-05  4.2073276e-05  -4.5044317e-06  0.00022341019  0.0000000   1.1993099e-07  -8.1911151e-05  -5.6783140e-07  1.8604387e-07  -3.0275942e-05  7.8038187e-07  
2.2971427e-05  6.8014247e-06  4.2503603e-05  5.4704300e-07  -1.1993099e-07  0.0000000   -8.6022123e-07  5.6177691e-05  0.00025724077  3.6585277e-06  7.7134579e-05  2.2971427e-05  6.8014247e-06  4.2503603e-05  5.4704300e-07  -1.1993099e-07  0.0000000   -8.6022123e-07  5.6177691e-05  0.00025724077  3.6585277e-06  7.7134579e-05  
2.5207449e-05  0.00011136916  -9.8432813e-07  5.4765664e-05  8.1911151e-05  8.6022123e-07  0.0000000   2.4007021e-06  2.2127637e-07  5.3946340e-05  -1.8732327e-07  2.5207449e-05  0.00011136916  -9.8432813e-07  5.4765664e-05  8.1911151e-05  8.6022123e-07  0.0000000   2.4007021e-06  2.2127637e-07  5.3946340e-05  -1.8732327e-07  
-1.7499408e-05  -2.5039560e-05  6.6439663e-05  -1.5173009e-07  5.6783140e-07  -5.6177691e-05  -2.4007021e-06  0.0000000   0.00057590225  6.9425312e-06  -4.2996944e-05  -1.7499408e-05  -2.5039560e-05  6.6439663e-05  -1.5173009e-07  5.6783140e-07  -5.6177691e-05  -2.4007021e-06  0.0000000   0.00057590225  6.9425312e-06  -4.2996944e-05  
-4.2901500e-06  8.3525927e-06  3.0554873e-05  -5.2305273e-08  -1.8604387e-07  -0.00025724077  -2.2127637e-07  -0.00057590225  0.0000000   6.3512635e-07  0.00011714757  -4.2901500e-06  8.3525927e-06  3.0554873e-05  -5.2305273e-08  -1.8604387e-07  -0.00025724077  -2.2127637e-07  -0.00057590225  0.0000000   6.3512635e-07  0.00011714757  
5.5467823e-06  4.5363391e-06  -1.2616484e-06  7.5644677e-05  3.0275942e-05  -3.6585277e-06  -5.3946340e-05  -6.9425312e-06  -6.3512635e-07  0.0000000   1.3347313e-06  5.5467823e-06  4.5363391e-06  -1.2616484e-06  7.5644677e-05  3.0275942e-05  -3.6585277e-06  -5.3946340e-05  -6.9425312e-06  -6.3512635e-07  0.0000000   1.3347313e-06  
-2.7292535e-05  1.4526660e-05  -1.0666478e-05  -8.6073547e-07  -7.8038187e-07  -7.7134579e-05  1.8732327e-07  4.2996944e-05  -0.00011714757  -1.3347313e-06  0.0000000   -2.7292535e-05  1.4526660e-05  -1.0666478e-05  -8.6073547e-07  -7.8038187e-07  -7.7134579e-05  1.8732327e-07  4.2996944e-05  -0.00011714757  -1.3347313e-06  0.0000000   
0.0000000   -0.016552056  2.3644856e-05  -8.5208518e-05  1.0634574e-05  -2.2971427e-05  -2.5207449e-05  1.7499408e-05  4.2901500e-06  -5.5467823e-06  2.7292535e-05  0.0000000   -0.016552056  2.3644856e-05  -8.5208518e-05  1.0634574e-05  -2.2971427e-05  -2.5207449e-05  1.7499408e-05  4.2901500e-06  -5.5467823e-06  2.7292535e-05  
0.016552056  0.0000000   -6.9651490e-05  -9.8124296e-05  -4.2073276e-05  -6.8014247e-06  -0.00011136916  2.5039560e-05  -8.3525927e-06  -4.5363391e-06  -1.4526660e-05  0.016552056  0.0000000   -6.9651490e-05  -9.8124296e-05  -4.2073276e-05  -6.8014247e-06  -0.00011136916  2.5039560e-05  -8.3525927e-06  -4.5363391e-06  -1.4526660e-05  
-2.3644856e-05  6.9651490e-05  0.0000000   1.9147436e-06  4.5044317e-06  -4.2503603e-05  9.8432813e-07  -6.6439663e-05  -3.0554873e-05  1.2616484e-06  1.0666478e-05  -2.3644856e-05  6.9651490e-05  0.0000000   1.9147436e-06  4.5044317e-06  -4.2503603e-05  9.8432813e-07  -6.6439663e-05  -3.0554873e-05  1.2616484e-06  1.0666478e-05  
8.5208518e-05  9.8124296e-05  -1.9147436e-06  0.0000000   -0.00022341019  -5.4704300e-07  -5.4765664e-05  1.5173009e-07  5.2305273e-08  -7.5644677e-05  8.6073547e-07  8.5208518e-05  9.8124296e-05  -1.9147436e-06  0.0000000   -0.00022341019  -5.4704300e-07  -5.4765664e-05  1.5173009e-07  5.2305273e-08  -7.5644677e-05  8.6073547e-07  
-1.0634574e-05  4.2073276e-05  -4.5044317e-06  0.00022341019  0.0000000   1.1993099e-07  -8.1911151e-05  -5.6783140e-07  1.8604387e-07  -3.0275942e-05  7.8038187e-07  -1.0634574e-05  4.2073276e-05  -4.5044317e-06  0.00022341019  0.0000000   1.1993099e-07  -8.1911151e-05  -5.6783140e-07  1.8604387e-07  -3.0275942e-05  7.8038187e-07  
2.2971427e-05  6.8014247e-06  4.2503603e-05  5.4704300e-07  -1.1993099e-07  0.0000000   -8.6022123e-07  5.6177691e-05  0.00025724077  3.6585277e-06  7.7134579e-05  2.2971427e-05  6.8014247e-06  4.2503603e-05  5.4704300e-07  -1.1993099e-07  0.0000000   -8.6022123e-07  5.6177691e-05  0.00025724077  3.6585277e-06  7.7134579e-05  
2.5207449e-05  0.00011136916  -9.8432813e-07  5.4765664e-05  8.1911151e-05  8.6022123e-07  0.0000000   2.4007021e-06  2.2127637e-07  5.3946340e-05  -1.8732327e-07  2.5207449e-05  0.00011136916  -9.8432813e-07  5.4765664e-05  8.1911151e-05  8.6022123e-07  0.0000000   2.4007021e-06  2.2127637e-07  5.3946340e-05  -1.8732327e-07  
-1.7499408e-05  -2.5039560e-05  6.6439663e-05  -1.5173009e-07  5.6783140e-07  -5.6177691e-05  -2.4007021e-06  0.0000000   0.00057590225  6.9425312e-06  -4.2996944e-05  -1.7499408e-05  -2.5039560e-05  6.6439663e-05  -1.5173009e-07  5.6783140e-07  -5.6177691e-05  -2.4007021e-06  0.0000000   0.00057590225  6.9425312e-06  -4.2996944e-05  
-4.2901500e-06  8.3525927e-06  3.0554873e-05  -5.2305273e-08  -1.8604387e-07  -0.00025724077  -2.2127637e-07  -0.00057590225  0.0000000   6.3512635e-07  0.00011714757  -4.2901500e-06  8.3525927e-06  3.0554873e-05  -5.2305273e-08  -1.8604387e-07  -0.00025724077  -2.2127637e-07  -0.00057590225  0.0000000   6.3512635e-07  0.00011714757  
5.5467823e-06  4.5363391e-06  -1.2616484e-06  7.5644677e-05  3.0275942e-05  -3.6585277e-06  -5.3946340e-05  -6.9425312e-06  -6.3512635e-07  0.0000000   1.3347313e-06  5.5467823e-06  4.5363391e-06  -1.2616484e-06  7.5644677e-05  3.0275942e-05  -3.6585277e-06  -5.3946340e-05  -6.9425312e-06  -6.3512635e-07  0.0000000   1.3347313e-06  
-2.7292535e-05  1.4526660e-05  -1.0666478e-05  -8.6073547e-07  -7.8038187e-07  -7.7134579e-05  1.8732327e-07  4.2996944e-05  -0.00011714757  -1.3347313e-06  0.0000000   -2.7292535e-05  1.4526660e-05  -1.0666478e-05  -8.6073547e-07  -7.8038187e-07  -7.7134579e-05  1.8732327e-07  4.2996944e-05  -0.00011714757  -1.3347313e-06  0.0000000   
