0.0000000   -2.2010884e-07  1.1494748e-06  -0.00013288914  -7.2278786e-06  6.9813618e-05  -2.3397473e-07  -9.3705589e-07  -5.5398281e-06  -9.5156503e-06  1.9009485e-07  0.0000000   -2.2010884e-07  1.1494748e-06  -0.00013288914  -7.2278786e-06  6.9813618e-05  -2.3397473e-07  -9.3705589e-07  -5.5398281e-06  -9.5156503e-06  1.9009485e-07  
2.2010884e-07  0.0000000   -0.00020868091  -2.4853180e-06  3.0703374e-06  2.9980128e-07  -0.00013517007  -3.2058637e-06  -3.6688982e-06  -2.0589273e-07  7.0393055e-05  2.2010884e-07  0.0000000   -0.00020868091  -2.4853180e-06  3.0703374e-06  2.9980128e-07  -0.00013517007  -3.2058637e-06  -3.6688982e-06  -2.0589273e-07  7.0393055e-05  
-1.1494748e-06  0.00020868091  0.0000000   -3.8634767e-06  -3.8063485e-06  1.9886765e-06  6.1894707e-05  7.4307984e-05  6.9564147e-05  5.0487803e-07  -9.8592959e-05  -1.1494748e-06  0.00020868091  0.0000000   -3.8634767e-06  -3.8063485e-06  1.9886765e-06  6.1894707e-05  7.4307984e-05  6.9564147e-05  5.0487803e-07  -9.8592959e-05  
0.00013288914  2.4853180e-06  3.8634767e-06  0.0000000   0.00057349017  -0.00010935607  9.6125446e-07  9.0925795e-06  -4.7206068e-06  -4.5157056e-05  -1.0988885e-06  0.00013288914  2.4853180e-06  3.8634767e-06  0.0000000   0.00057349017  -0.00010935607  9.6125446e-07  9.0925795e-06  -4.7206068e-06  -4.5157056e-05  -1.0988885e-06  
7.2278786e-06  -3.0703374e-06  3.8063485e-06  -0.00057349017  0.0000000   8.1557169e-05  -6.7474283e-07  3.4443317e-06  1.2796467e-05  8.5355026e-05  9.3184600e-07  7.2278786e-06  -3.0703374e-06  3.8063485e-06  -0.00057349017  0.0000000   8.1557169e-05  -6.7474283e-07  3.4443317e-06  1.2796467e-05  8.5355026e-05  9.3184600e-07  
-6.9813618e-05  -2.9980128e-07  -1.9886765e-06  0.00010935607  -8.1557169e-05  0.0000000   2.6681209e-06  -3.6362144e-05  4.1692686e-05  5.0836728e-05  -3.1918614e-06  -6.9813618e-05  -2.9980128e-07  -1.9886765e-06  0.00010935607  -8.1557169e-05  0.0000000   2.6681209e-06  -3.6362144e-05  4.1692686e-05  5.0836728e-05  -3.1918614e-06  
2.3397473e-07  0.00013517007  -6.1894707e-05  -9.6125446e-07  6.7474283e-07  -2.6681209e-06  0.0000000   0.00025087153  -5.7295440e-05  -1.7808719e-07  7.6117064e-05  2.3397473e-07  0.00013517007  -6.1894707e-05  -9.6125446e-07  6.7474283e-07  -2.6681209e-06  0.0000000   0.00025087153  -5.7295440e-05  -1.7808719e-07  7.6117064e-05  
9.3705589e-07  3.2058637e-06  -7.4307984e-05  -9.0925795e-06  -3.4443317e-06  3.6362144e-05  -0.00025087153  0.0000000   -0.0040088949  -3.9866925e-05  3.7461085e-05  9.3705589e-07  3.2058637e-06  -7.4307984e-05  -9.0925795e-06  -3.4443317e-06  3.6362144e-05  -0.00025087153  0.0000000   -0.0040088949  -3.9866925e-05  3.7461085e-05  
5.5398281e-06  3.6688982e-06  -6.9564147e-05  4.7206068e-06  -1.2796467e-05  -4.1692686e-05  5.7295440e-05  0.0040088949  0.0000000   -1.1951165e-06  0.00024114333  5.5398281e-06  3.6688982e-06  -6.9564147e-05  4.7206068e-06  -1.2796467e-05  -4.1692686e-05  5.7295440e-05  0.0040088949  0.0000000   -1.1951165e-06  0.00024114333  
9.5156503e-06  2.0589273e-07  -5.0487803e-07  4.5157056e-05  -8.5355026e-05  -5.0836728e-05  1.7808719e-07  3.9866925e-05  1.1951165e-06  0.0000000   2.7105065e-06  9.5156503e-06  2.0589273e-07  -5.0487803e-07  4.5157056e-05  -8.5355026e-05  -5.0836728e-05  1.7808719e-07  3.9866925e-05  1.1951165e-06  0.0000000   2.7105065e-06  
-1.9009485e-07  -7.0393055e-05  9.8592959e-05  1.0988885e-06  -9.3184600e-07  3.1918614e-06  -7.6117064e-05  -3.7461085e-05  -0.00024114333  -2.7105065e-06  0.0000000   -1.9009485e-07  -7.0393055e-05  9.8592959e-05  1.0988885e-06  -9.3184600e-07  3.1918614e-06  -7.6117064e-05  -3.7461085e-05  -0.00024114333  -2.7105065e-06  0.0000000   
0.0000000   -2.2010884e-07  1.1494748e-06  -0.00013288914  -7.2278786e-06  6.9813618e-05  -2.3397473e-07  -9.3705589e-07  -5.5398281e-06  -9.5156503e-06  1.9009485e-07  0.0000000   -2.2010884e-07  1.1494748e-06  -0.00013288914  -7.2278786e-06  6.9813618e-05  -2.3397473e-07  -9.3705589e-07  -5.5398281e-06  -9.5156503e-06  1.9009485e-07  
2.2010884e-07  0.0000000   -0.00020868091  -2.4853180e-06  3.0703374e-06  2.9980128e-07  -0.00013517007  -3.2058637e-06  -3.6688982e-06  -2.0589273e-07  7.0393055e-05  2.2010884e-07  0.0000000   -0.00020868091  -2.4853180e-06  3.0703374e-06  2.9980128e-07  -0.00013517007  -3.2058637e-06  -3.6688982e-06  -2.0589273e-07  7.0393055e-05  
-1.1494748e-06  0.00020868091  0.0000000   -3.8634767e-06  -3.8063485e-06  1.9886765e-06  6.1894707e-05  7.4307984e-05  6.9564147e-05  5.0487803e-07  -9.8592959e-05  -1.1494748e-06  0.00020868091  0.0000000   -3.8634767e-06  -3.8063485e-06  1.9886765e-06  6.1894707e-05  7.4307984e-05  6.9564147e-05  5.0487803e-07  -9.8592959e-05  
0.00013288914  2.4853180e-06  3.8634767e-06  0.0000000   0.00057349017  -0.00010935607  9.6125446e-07  9.0925795e-06  -4.7206068e-06  -4.5157056e-05  -1.0988885e-06  0.00013288914  2.4853180e-06  3.8634767e-06  0.0000000   0.00057349017  -0.00010935607  9.6125446e-07  9.0925795e-06  -4.7206068e-06  -4.5157056e-05  -1.0988885e-06  
7.2278786e-06  -3.0703374e-06  3.8063485e-06  -0.00057349017  0.0000000   8.1557169e-05  -6.7474283e-07  3.4443317e-06  1.2796467e-05  8.5355026e-05  9.3184600e-07  7.2278786e-06  -3.0703374e-06  3.8063485e-06  -0.00057349017  0.0000000   8.1557169e-05  -6.7474283e-07  3.4443317e-06  1.2796467e-05  8.5355026e-05  9.3184600e-07  
-6.9813618e-05  -2.9980128e-07  -1.9886765e-06  0.00010935607  -8.1557169e-05  0.0000000   2.6681209e-06  -3.6362144e-05  4.1692686e-05  5.0836728e-05  -3.1918614e-06  -6.9813618e-05  -2.9980128e-07  -1.9886765e-06  0.00010935607  -8.1557169e-05  0.0000000   2.6681209e-06  -3.6362144e-05  4.1692686e-05  5.0836728e-05  -3.1918614e-06  
2.3397473e-07  0.00013517007  -6.1894707e-05  -9.6125446e-07  6.7474283e-07  -2.6681209e-06  0.0000000   0.00025087153  -5.7295440e-05  -1.7808719e-07  7.6117064e-05  2.3397473e-07  0.00013517007  -6.1894707e-05  -9.6125446e-07  6.7474283e-07  -2.6681209e-06  0.0000000   0.00025087153  -5.7295440e-05  -1.7808719e-07  7.6117064e-05  
9.3705589e-07  3.2058637e-06  -7.4307984e-05  -9.0925795e-06  -3.4443317e-06  3.6362144e-05  -0.00025087153  0.0000000   -0.0040088949  -3.9866925e-05  3.7461085e-05  9.3705589e-07  3.2058637e-06  -7.4307984e-05  -9.0925795e-06  -3.4443317e-06  3.6362144e-05  -0.00025087153  0.0000000   -0.0040088949  -3.9866925e-05  3.7461085e-05  
5.5398281e-06  3.6688982e-06  -6.9564147e-05  4.7206068e-06  -1.2796467e-05  -4.1692686e-05  5.7295440e-05  0.0040088949  0.0000000   -1.1951165e-06  0.00024114333  5.5398281e-06  3.6688982e-06  -6.9564147e-05  4.7206068e-06  -1.2796467e-05  -4.1692686e-05  5.7295440e-05  0.0040088949  0.0000000   -1.1951165e-06  0.00024114333  
9.5156503e-06  2.0589273e-07  -5.0487803e-07  4.5157056e-05  -8.5355026e-05  -5.0836728e-05  1.7808719e-07  3.9866925e-05  1.1951165e-06  0.0000000   2.7105065e-06  9.5156503e-06  2.0589273e-07  -5.0487803e-07  4.5157056e-05  -8.5355026e-05  -5.0836728e-05  1.7808719e-07  3.9866925e-05  1.1951165e-06  0.0000000   2.7105065e-06  
-1.9009485e-07  -7.0393055e-05  9.8592959e-05  1.0988885e-06  -9.3184600e-07  3.1918614e-06  -7.6117064e-05  -3.7461085e-05  -0.00024114333  -2.7105065e-06  0.0000000   -1.9009485e-07  -7.0393055e-05  9.8592959e-05  1.0988885e-06  -9.3184600e-07  3.1918614e-06  -7.6117064e-05  -3.7461085e-05  -0.00024114333  -2.7105065e-06  0.0000000   
