0.0000000   -3.1559376e-06  0.00029743916  4.0664435e-05  -8.4419718e-06  3.3456031e-06  0.00014335537  7.7524600e-07  -2.3154389e-06  8.4556431e-07  -1.9443719e-05  0.0000000   -3.1559376e-06  0.00029743916  4.0664435e-05  -8.4419718e-06  3.3456031e-06  0.00014335537  7.7524600e-07  -2.3154389e-06  8.4556431e-07  -1.9443719e-05  
3.1559376e-06  0.0000000   6.1276655e-06  2.6564054e-05  4.9880159e-06  -0.00012185820  7.5653602e-07  3.7111355e-05  -3.2673392e-05  -4.1056802e-05  1.0718160e-06  3.1559376e-06  0.0000000   6.1276655e-06  2.6564054e-05  4.9880159e-06  -0.00012185820  7.5653602e-07  3.7111355e-05  -3.2673392e-05  -4.1056802e-05  1.0718160e-06  
-0.00029743916  -6.1276655e-06  0.0000000   -0.0017103648  -0.00025067740  -1.7448727e-06  7.5884950e-05  5.7516341e-07  4.5202215e-06  -8.2857655e-07  3.9100748e-05  -0.00029743916  -6.1276655e-06  0.0000000   -0.0017103648  -0.00025067740  -1.7448727e-06  7.5884950e-05  5.7516341e-07  4.5202215e-06  -8.2857655e-07  3.9100748e-05  
-4.0664435e-05  -2.6564054e-05  0.0017103648  0.0000000   0.00015727823  9.5589404e-07  2.4660460e-05  -2.9775350e-06  -1.5513011e-06  -1.7867307e-06  -9.8978650e-06  -4.0664435e-05  -2.6564054e-05  0.0017103648  0.0000000   0.00015727823  9.5589404e-07  2.4660460e-05  -2.9775350e-06  -1.5513011e-06  -1.7867307e-06  -9.8978650e-06  
8.4419718e-06  -4.9880159e-06  0.00025067740  -0.00015727823  0.0000000   -1.1124633e-06  1.8835212e-05  -1.5926164e-06  2.9809266e-06  -4.5656202e-07  -4.4312788e-05  8.4419718e-06  -4.9880159e-06  0.00025067740  -0.00015727823  0.0000000   -1.1124633e-06  1.8835212e-05  -1.5926164e-06  2.9809266e-06  -4.5656202e-07  -4.4312788e-05  
-3.3456031e-06  0.00012185820  1.7448727e-06  -9.5589404e-07  1.1124633e-06  0.0000000   -1.1293803e-06  0.00026182835  3.2100864e-05  -0.00038398798  -4.2006129e-06  -3.3456031e-06  0.00012185820  1.7448727e-06  -9.5589404e-07  1.1124633e-06  0.0000000   -1.1293803e-06  0.00026182835  3.2100864e-05  -0.00038398798  -4.2006129e-06  
-0.00014335537  -7.5653602e-07  -7.5884950e-05  -2.4660460e-05  -1.8835212e-05  1.1293803e-06  0.0000000   -8.3813751e-06  -1.8016089e-05  5.1447327e-06  -0.00038447987  -0.00014335537  -7.5653602e-07  -7.5884950e-05  -2.4660460e-05  -1.8835212e-05  1.1293803e-06  0.0000000   -8.3813751e-06  -1.8016089e-05  5.1447327e-06  -0.00038447987  
-7.7524600e-07  -3.7111355e-05  -5.7516341e-07  2.9775350e-06  1.5926164e-06  -0.00026182835  8.3813751e-06  0.0000000   0.0011632791  6.1055267e-05  -1.6987432e-05  -7.7524600e-07  -3.7111355e-05  -5.7516341e-07  2.9775350e-06  1.5926164e-06  -0.00026182835  8.3813751e-06  0.0000000   0.0011632791  6.1055267e-05  -1.6987432e-05  
2.3154389e-06  3.2673392e-05  -4.5202215e-06  1.5513011e-06  -2.9809266e-06  -3.2100864e-05  1.8016089e-05  -0.0011632791  0.0000000   -0.00010041241  3.5012693e-06  2.3154389e-06  3.2673392e-05  -4.5202215e-06  1.5513011e-06  -2.9809266e-06  -3.2100864e-05  1.8016089e-05  -0.0011632791  0.0000000   -0.00010041241  3.5012693e-06  
-8.4556431e-07  4.1056802e-05  8.2857655e-07  1.7867307e-06  4.5656202e-07  0.00038398798  -5.1447327e-06  -6.1055267e-05  0.00010041241  0.0000000   -9.9336466e-07  -8.4556431e-07  4.1056802e-05  8.2857655e-07  1.7867307e-06  4.5656202e-07  0.00038398798  -5.1447327e-06  -6.1055267e-05  0.00010041241  0.0000000   -9.9336466e-07  
1.9443719e-05  -1.0718160e-06  -3.9100748e-05  9.8978650e-06  4.4312788e-05  4.2006129e-06  0.00038447987  1.6987432e-05  -3.5012693e-06  9.9336466e-07  0.0000000   1.9443719e-05  -1.0718160e-06  -3.9100748e-05  9.8978650e-06  4.4312788e-05  4.2006129e-06  0.00038447987  1.6987432e-05  -3.5012693e-06  9.9336466e-07  0.0000000   
0.0000000   -3.1559376e-06  0.00029743916  4.0664435e-05  -8.4419718e-06  3.3456031e-06  0.00014335537  7.7524600e-07  -2.3154389e-06  8.4556431e-07  -1.9443719e-05  0.0000000   -3.1559376e-06  0.00029743916  4.0664435e-05  -8.4419718e-06  3.3456031e-06  0.00014335537  7.7524600e-07  -2.3154389e-06  8.4556431e-07  -1.9443719e-05  
3.1559376e-06  0.0000000   6.1276655e-06  2.6564054e-05  4.9880159e-06  -0.00012185820  7.5653602e-07  3.7111355e-05  -3.2673392e-05  -4.1056802e-05  1.0718160e-06  3.1559376e-06  0.0000000   6.1276655e-06  2.6564054e-05  4.9880159e-06  -0.00012185820  7.5653602e-07  3.7111355e-05  -3.2673392e-05  -4.1056802e-05  1.0718160e-06  
-0.00029743916  -6.1276655e-06  0.0000000   -0.0017103648  -0.00025067740  -1.7448727e-06  7.5884950e-05  5.7516341e-07  4.5202215e-06  -8.2857655e-07  3.9100748e-05  -0.00029743916  -6.1276655e-06  0.0000000   -0.0017103648  -0.00025067740  -1.7448727e-06  7.5884950e-05  5.7516341e-07  4.5202215e-06  -8.2857655e-07  3.9100748e-05  
-4.0664435e-05  -2.6564054e-05  0.0017103648  0.0000000   0.00015727823  9.5589404e-07  2.4660460e-05  -2.9775350e-06  -1.5513011e-06  -1.7867307e-06  -9.8978650e-06  -4.0664435e-05  -2.6564054e-05  0.0017103648  0.0000000   0.00015727823  9.5589404e-07  2.4660460e-05  -2.9775350e-06  -1.5513011e-06  -1.7867307e-06  -9.8978650e-06  
8.4419718e-06  -4.9880159e-06  0.00025067740  -0.00015727823  0.0000000   -1.1124633e-06  1.8835212e-05  -1.5926164e-06  2.9809266e-06  -4.5656202e-07  -4.4312788e-05  8.4419718e-06  -4.9880159e-06  0.00025067740  -0.00015727823  0.0000000   -1.1124633e-06  1.8835212e-05  -1.5926164e-06  2.9809266e-06  -4.5656202e-07  -4.4312788e-05  
-3.3456031e-06  0.00012185820  1.7448727e-06  -9.5589404e-07  1.1124633e-06  0.0000000   -1.1293803e-06  0.00026182835  3.2100864e-05  -0.00038398798  -4.2006129e-06  -3.3456031e-06  0.00012185820  1.7448727e-06  -9.5589404e-07  1.1124633e-06  0.0000000   -1.1293803e-06  0.00026182835  3.2100864e-05  -0.00038398798  -4.2006129e-06  
-0.00014335537  -7.5653602e-07  -7.5884950e-05  -2.4660460e-05  -1.8835212e-05  1.1293803e-06  0.0000000   -8.3813751e-06  -1.8016089e-05  5.1447327e-06  -0.00038447987  -0.00014335537  -7.5653602e-07  -7.5884950e-05  -2.4660460e-05  -1.8835212e-05  1.1293803e-06  0.0000000   -8.3813751e-06  -1.8016089e-05  5.1447327e-06  -0.00038447987  
-7.7524600e-07  -3.7111355e-05  -5.7516341e-07  2.9775350e-06  1.5926164e-06  -0.00026182835  8.3813751e-06  0.0000000   0.0011632791  6.1055267e-05  -1.6987432e-05  -7.7524600e-07  -3.7111355e-05  -5.7516341e-07  2.9775350e-06  1.5926164e-06  -0.00026182835  8.3813751e-06  0.0000000   0.0011632791  6.1055267e-05  -1.6987432e-05  
2.3154389e-06  3.2673392e-05  -4.5202215e-06  1.5513011e-06  -2.9809266e-06  -3.2100864e-05  1.8016089e-05  -0.0011632791  0.0000000   -0.00010041241  3.5012693e-06  2.3154389e-06  3.2673392e-05  -4.5202215e-06  1.5513011e-06  -2.9809266e-06  -3.2100864e-05  1.8016089e-05  -0.0011632791  0.0000000   -0.00010041241  3.5012693e-06  
-8.4556431e-07  4.1056802e-05  8.2857655e-07  1.7867307e-06  4.5656202e-07  0.00038398798  -5.1447327e-06  -6.1055267e-05  0.00010041241  0.0000000   -9.9336466e-07  -8.4556431e-07  4.1056802e-05  8.2857655e-07  1.7867307e-06  4.5656202e-07  0.00038398798  -5.1447327e-06  -6.1055267e-05  0.00010041241  0.0000000   -9.9336466e-07  
1.9443719e-05  -1.0718160e-06  -3.9100748e-05  9.8978650e-06  4.4312788e-05  4.2006129e-06  0.00038447987  1.6987432e-05  -3.5012693e-06  9.9336466e-07  0.0000000   1.9443719e-05  -1.0718160e-06  -3.9100748e-05  9.8978650e-06  4.4312788e-05  4.2006129e-06  0.00038447987  1.6987432e-05  -3.5012693e-06  9.9336466e-07  0.0000000   
