0.0000000   -3.3678676e-08  -2.3964267e-06  1.8030055e-07  2.2722115e-05  -2.7193482e-07  5.9416505e-06  3.6422393e-05  1.8705655e-05  2.6120801e-06  9.2475661e-07  0.0000000   -3.3678676e-08  -2.3964267e-06  1.8030055e-07  2.2722115e-05  -2.7193482e-07  5.9416505e-06  3.6422393e-05  1.8705655e-05  2.6120801e-06  9.2475661e-07  
3.3678676e-08  0.0000000   -0.00053346541  -1.3157065e-05  -1.5389487e-05  -3.2166501e-06  5.7208286e-07  -0.00014150664  0.00031365371  2.1285068e-05  -0.00012616524  3.3678676e-08  0.0000000   -0.00053346541  -1.3157065e-05  -1.5389487e-05  -3.2166501e-06  5.7208286e-07  -0.00014150664  0.00031365371  2.1285068e-05  -0.00012616524  
2.3964267e-06  0.00053346541  0.0000000   -2.6699408e-05  1.4706973e-05  2.4951198e-05  4.2523492e-06  4.6064049e-05  -6.6845289e-05  0.00021926777  -0.00016430764  2.3964267e-06  0.00053346541  0.0000000   -2.6699408e-05  1.4706973e-05  2.4951198e-05  4.2523492e-06  4.6064049e-05  -6.6845289e-05  0.00021926777  -0.00016430764  
-1.8030055e-07  1.3157065e-05  2.6699408e-05  0.0000000   -0.00080652587  8.7793757e-07  5.3764035e-05  -4.1432668e-05  -1.0528092e-05  1.4708402e-05  -2.0093141e-06  -1.8030055e-07  1.3157065e-05  2.6699408e-05  0.0000000   -0.00080652587  8.7793757e-07  5.3764035e-05  -4.1432668e-05  -1.0528092e-05  1.4708402e-05  -2.0093141e-06  
-2.2722115e-05  1.5389487e-05  -1.4706973e-05  0.00080652587  0.0000000   1.0855821e-05  -0.00016114663  -0.00038418253  -0.00018344587  9.3649201e-06  -8.6347058e-06  -2.2722115e-05  1.5389487e-05  -1.4706973e-05  0.00080652587  0.0000000   1.0855821e-05  -0.00016114663  -0.00038418253  -0.00018344587  9.3649201e-06  -8.6347058e-06  
2.7193482e-07  3.2166501e-06  -2.4951198e-05  -8.7793757e-07  -1.0855821e-05  0.0000000   2.9239985e-06  3.9819440e-05  -8.5701581e-05  -0.00020663399  -0.00024562801  2.7193482e-07  3.2166501e-06  -2.4951198e-05  -8.7793757e-07  -1.0855821e-05  0.0000000   2.9239985e-06  3.9819440e-05  -8.5701581e-05  -0.00020663399  -0.00024562801  
-5.9416505e-06  -5.7208286e-07  -4.2523492e-06  -5.3764035e-05  0.00016114663  -2.9239985e-06  0.0000000   5.0155635e-05  2.8266674e-05  -1.6076696e-06  4.3675118e-06  -5.9416505e-06  -5.7208286e-07  -4.2523492e-06  -5.3764035e-05  0.00016114663  -2.9239985e-06  0.0000000   5.0155635e-05  2.8266674e-05  -1.6076696e-06  4.3675118e-06  
-3.6422393e-05  0.00014150664  -4.6064049e-05  4.1432668e-05  0.00038418253  -3.9819440e-05  -5.0155635e-05  0.0000000   7.5332828e-06  -0.00044789662  2.4849637e-05  -3.6422393e-05  0.00014150664  -4.6064049e-05  4.1432668e-05  0.00038418253  -3.9819440e-05  -5.0155635e-05  0.0000000   7.5332828e-06  -0.00044789662  2.4849637e-05  
-1.8705655e-05  -0.00031365371  6.6845289e-05  1.0528092e-05  0.00018344587  8.5701581e-05  -2.8266674e-05  -7.5332828e-06  0.0000000   0.00098066456  -4.7564003e-05  -1.8705655e-05  -0.00031365371  6.6845289e-05  1.0528092e-05  0.00018344587  8.5701581e-05  -2.8266674e-05  -7.5332828e-06  0.0000000   0.00098066456  -4.7564003e-05  
-2.6120801e-06  -2.1285068e-05  -0.00021926777  -1.4708402e-05  -9.3649201e-06  0.00020663399  1.6076696e-06  0.00044789662  -0.00098066456  0.0000000   -0.00039039625  -2.6120801e-06  -2.1285068e-05  -0.00021926777  -1.4708402e-05  -9.3649201e-06  0.00020663399  1.6076696e-06  0.00044789662  -0.00098066456  0.0000000   -0.00039039625  
-9.2475661e-07  0.00012616524  0.00016430764  2.0093141e-06  8.6347058e-06  0.00024562801  -4.3675118e-06  -2.4849637e-05  4.7564003e-05  0.00039039625  0.0000000   -9.2475661e-07  0.00012616524  0.00016430764  2.0093141e-06  8.6347058e-06  0.00024562801  -4.3675118e-06  -2.4849637e-05  4.7564003e-05  0.00039039625  0.0000000   
0.0000000   -3.3678676e-08  -2.3964267e-06  1.8030055e-07  2.2722115e-05  -2.7193482e-07  5.9416505e-06  3.6422393e-05  1.8705655e-05  2.6120801e-06  9.2475661e-07  0.0000000   -3.3678676e-08  -2.3964267e-06  1.8030055e-07  2.2722115e-05  -2.7193482e-07  5.9416505e-06  3.6422393e-05  1.8705655e-05  2.6120801e-06  9.2475661e-07  
3.3678676e-08  0.0000000   -0.00053346541  -1.3157065e-05  -1.5389487e-05  -3.2166501e-06  5.7208286e-07  -0.00014150664  0.00031365371  2.1285068e-05  -0.00012616524  3.3678676e-08  0.0000000   -0.00053346541  -1.3157065e-05  -1.5389487e-05  -3.2166501e-06  5.7208286e-07  -0.00014150664  0.00031365371  2.1285068e-05  -0.00012616524  
2.3964267e-06  0.00053346541  0.0000000   -2.6699408e-05  1.4706973e-05  2.4951198e-05  4.2523492e-06  4.6064049e-05  -6.6845289e-05  0.00021926777  -0.00016430764  2.3964267e-06  0.00053346541  0.0000000   -2.6699408e-05  1.4706973e-05  2.4951198e-05  4.2523492e-06  4.6064049e-05  -6.6845289e-05  0.00021926777  -0.00016430764  
-1.8030055e-07  1.3157065e-05  2.6699408e-05  0.0000000   -0.00080652587  8.7793757e-07  5.3764035e-05  -4.1432668e-05  -1.0528092e-05  1.4708402e-05  -2.0093141e-06  -1.8030055e-07  1.3157065e-05  2.6699408e-05  0.0000000   -0.00080652587  8.7793757e-07  5.3764035e-05  -4.1432668e-05  -1.0528092e-05  1.4708402e-05  -2.0093141e-06  
-2.2722115e-05  1.5389487e-05  -1.4706973e-05  0.00080652587  0.0000000   1.0855821e-05  -0.00016114663  -0.00038418253  -0.00018344587  9.3649201e-06  -8.6347058e-06  -2.2722115e-05  1.5389487e-05  -1.4706973e-05  0.00080652587  0.0000000   1.0855821e-05  -0.00016114663  -0.00038418253  -0.00018344587  9.3649201e-06  -8.6347058e-06  
2.7193482e-07  3.2166501e-06  -2.4951198e-05  -8.7793757e-07  -1.0855821e-05  0.0000000   2.9239985e-06  3.9819440e-05  -8.5701581e-05  -0.00020663399  -0.00024562801  2.7193482e-07  3.2166501e-06  -2.4951198e-05  -8.7793757e-07  -1.0855821e-05  0.0000000   2.9239985e-06  3.9819440e-05  -8.5701581e-05  -0.00020663399  -0.00024562801  
-5.9416505e-06  -5.7208286e-07  -4.2523492e-06  -5.3764035e-05  0.00016114663  -2.9239985e-06  0.0000000   5.0155635e-05  2.8266674e-05  -1.6076696e-06  4.3675118e-06  -5.9416505e-06  -5.7208286e-07  -4.2523492e-06  -5.3764035e-05  0.00016114663  -2.9239985e-06  0.0000000   5.0155635e-05  2.8266674e-05  -1.6076696e-06  4.3675118e-06  
-3.6422393e-05  0.00014150664  -4.6064049e-05  4.1432668e-05  0.00038418253  -3.9819440e-05  -5.0155635e-05  0.0000000   7.5332828e-06  -0.00044789662  2.4849637e-05  -3.6422393e-05  0.00014150664  -4.6064049e-05  4.1432668e-05  0.00038418253  -3.9819440e-05  -5.0155635e-05  0.0000000   7.5332828e-06  -0.00044789662  2.4849637e-05  
-1.8705655e-05  -0.00031365371  6.6845289e-05  1.0528092e-05  0.00018344587  8.5701581e-05  -2.8266674e-05  -7.5332828e-06  0.0000000   0.00098066456  -4.7564003e-05  -1.8705655e-05  -0.00031365371  6.6845289e-05  1.0528092e-05  0.00018344587  8.5701581e-05  -2.8266674e-05  -7.5332828e-06  0.0000000   0.00098066456  -4.7564003e-05  
-2.6120801e-06  -2.1285068e-05  -0.00021926777  -1.4708402e-05  -9.3649201e-06  0.00020663399  1.6076696e-06  0.00044789662  -0.00098066456  0.0000000   -0.00039039625  -2.6120801e-06  -2.1285068e-05  -0.00021926777  -1.4708402e-05  -9.3649201e-06  0.00020663399  1.6076696e-06  0.00044789662  -0.00098066456  0.0000000   -0.00039039625  
-9.2475661e-07  0.00012616524  0.00016430764  2.0093141e-06  8.6347058e-06  0.00024562801  -4.3675118e-06  -2.4849637e-05  4.7564003e-05  0.00039039625  0.0000000   -9.2475661e-07  0.00012616524  0.00016430764  2.0093141e-06  8.6347058e-06  0.00024562801  -4.3675118e-06  -2.4849637e-05  4.7564003e-05  0.00039039625  0.0000000   
