1.0000000   2.5946144e-16  3.2589931e-16  -7.7901112e-16  -8.5911164e-17  -8.2194553e-16  -2.9448117e-16  -2.1773067e-16  4.1979376e-17  3.6300444e-16  3.8312994e-17  1.0000000   2.5946144e-16  3.2589931e-16  -7.7901112e-16  -8.5911164e-17  -8.2194553e-16  -2.9448117e-16  -2.1773067e-16  4.1979376e-17  3.6300444e-16  3.8312994e-17  
2.5946144e-16  1.0000000   -2.6973891e-16  3.0422798e-16  -5.3697230e-17  -2.0455253e-16  4.3677212e-16  -1.8891958e-16  -5.1503828e-16  5.1822916e-16  -6.8516368e-16  2.5946144e-16  1.0000000   -2.6973891e-16  3.0422798e-16  -5.3697230e-17  -2.0455253e-16  4.3677212e-16  -1.8891958e-16  -5.1503828e-16  5.1822916e-16  -6.8516368e-16  
3.2589931e-16  -2.6973891e-16  1.0000000   4.9048396e-16  -1.3424286e-16  1.7942530e-16  3.8102697e-16  -2.8011507e-16  -6.5899105e-16  -1.5604380e-16  -9.6032360e-19  3.2589931e-16  -2.6973891e-16  1.0000000   4.9048396e-16  -1.3424286e-16  1.7942530e-16  3.8102697e-16  -2.8011507e-16  -6.5899105e-16  -1.5604380e-16  -9.6032360e-19  
-7.7901112e-16  3.0422798e-16  4.9048396e-16  1.0000000   -2.9758321e-16  -2.7564570e-16  -5.8317901e-16  -5.8298398e-16  -4.1033394e-16  -1.4891263e-16  -7.5784006e-16  -7.7901112e-16  3.0422798e-16  4.9048396e-16  1.0000000   -2.9758321e-16  -2.7564570e-16  -5.8317901e-16  -5.8298398e-16  -4.1033394e-16  -1.4891263e-16  -7.5784006e-16  
-8.5911164e-17  -5.3697230e-17  -1.3424286e-16  -2.9758321e-16  1.0000000   -6.9901140e-16  -1.1776786e-16  -2.4761356e-16  -1.2248769e-16  6.2263317e-16  -5.7344152e-16  -8.5911164e-17  -5.3697230e-17  -1.3424286e-16  -2.9758321e-16  1.0000000   -6.9901140e-16  -1.1776786e-16  -2.4761356e-16  -1.2248769e-16  6.2263317e-16  -5.7344152e-16  
-8.2194553e-16  -2.0455253e-16  1.7942530e-16  -2.7564570e-16  -6.9901140e-16  1.0000000   3.7517540e-16  -3.9227451e-16  -2.4457018e-17  8.2636026e-16  -5.0661633e-16  -8.2194553e-16  -2.0455253e-16  1.7942530e-16  -2.7564570e-16  -6.9901140e-16  1.0000000   3.7517540e-16  -3.9227451e-16  -2.4457018e-17  8.2636026e-16  -5.0661633e-16  
-2.9448117e-16  4.3677212e-16  3.8102697e-16  -5.8317901e-16  -1.1776786e-16  3.7517540e-16  1.0000000   3.9674653e-16  8.5105675e-17  -6.2618054e-16  -3.7004455e-16  -2.9448117e-16  4.3677212e-16  3.8102697e-16  -5.8317901e-16  -1.1776786e-16  3.7517540e-16  1.0000000   3.9674653e-16  8.5105675e-17  -6.2618054e-16  -3.7004455e-16  
-2.1773067e-16  -1.8891958e-16  -2.8011507e-16  -5.8298398e-16  -2.4761356e-16  -3.9227451e-16  3.9674653e-16  1.0000000   -3.7191501e-16  5.2558056e-16  3.0349021e-16  -2.1773067e-16  -1.8891958e-16  -2.8011507e-16  -5.8298398e-16  -2.4761356e-16  -3.9227451e-16  3.9674653e-16  1.0000000   -3.7191501e-16  5.2558056e-16  3.0349021e-16  
4.1979376e-17  -5.1503828e-16  -6.5899105e-16  -4.1033394e-16  -1.2248769e-16  -2.4457018e-17  8.5105675e-17  -3.7191501e-16  1.0000000   -6.0158334e-16  -1.9079417e-18  4.1979376e-17  -5.1503828e-16  -6.5899105e-16  -4.1033394e-16  -1.2248769e-16  -2.4457018e-17  8.5105675e-17  -3.7191501e-16  1.0000000   -6.0158334e-16  -1.9079417e-18  
3.6300444e-16  5.1822916e-16  -1.5604380e-16  -1.4891263e-16  6.2263317e-16  8.2636026e-16  -6.2618054e-16  5.2558056e-16  -6.0158334e-16  1.0000000   1.9020972e-16  3.6300444e-16  5.1822916e-16  -1.5604380e-16  -1.4891263e-16  6.2263317e-16  8.2636026e-16  -6.2618054e-16  5.2558056e-16  -6.0158334e-16  1.0000000   1.9020972e-16  
3.8312994e-17  -6.8516368e-16  -9.6032360e-19  -7.5784006e-16  -5.7344152e-16  -5.0661633e-16  -3.7004455e-16  3.0349021e-16  -1.9079417e-18  1.9020972e-16  1.0000000   3.8312994e-17  -6.8516368e-16  -9.6032360e-19  -7.5784006e-16  -5.7344152e-16  -5.0661633e-16  -3.7004455e-16  3.0349021e-16  -1.9079417e-18  1.9020972e-16  1.0000000   
1.0000000   2.5946144e-16  3.2589931e-16  -7.7901112e-16  -8.5911164e-17  -8.2194553e-16  -2.9448117e-16  -2.1773067e-16  4.1979376e-17  3.6300444e-16  3.8312994e-17  1.0000000   2.5946144e-16  3.2589931e-16  -7.7901112e-16  -8.5911164e-17  -8.2194553e-16  -2.9448117e-16  -2.1773067e-16  4.1979376e-17  3.6300444e-16  3.8312994e-17  
2.5946144e-16  1.0000000   -2.6973891e-16  3.0422798e-16  -5.3697230e-17  -2.0455253e-16  4.3677212e-16  -1.8891958e-16  -5.1503828e-16  5.1822916e-16  -6.8516368e-16  2.5946144e-16  1.0000000   -2.6973891e-16  3.0422798e-16  -5.3697230e-17  -2.0455253e-16  4.3677212e-16  -1.8891958e-16  -5.1503828e-16  5.1822916e-16  -6.8516368e-16  
3.2589931e-16  -2.6973891e-16  1.0000000   4.9048396e-16  -1.3424286e-16  1.7942530e-16  3.8102697e-16  -2.8011507e-16  -6.5899105e-16  -1.5604380e-16  -9.6032360e-19  3.2589931e-16  -2.6973891e-16  1.0000000   4.9048396e-16  -1.3424286e-16  1.7942530e-16  3.8102697e-16  -2.8011507e-16  -6.5899105e-16  -1.5604380e-16  -9.6032360e-19  
-7.7901112e-16  3.0422798e-16  4.9048396e-16  1.0000000   -2.9758321e-16  -2.7564570e-16  -5.8317901e-16  -5.8298398e-16  -4.1033394e-16  -1.4891263e-16  -7.5784006e-16  -7.7901112e-16  3.0422798e-16  4.9048396e-16  1.0000000   -2.9758321e-16  -2.7564570e-16  -5.8317901e-16  -5.8298398e-16  -4.1033394e-16  -1.4891263e-16  -7.5784006e-16  
-8.5911164e-17  -5.3697230e-17  -1.3424286e-16  -2.9758321e-16  1.0000000   -6.9901140e-16  -1.1776786e-16  -2.4761356e-16  -1.2248769e-16  6.2263317e-16  -5.7344152e-16  -8.5911164e-17  -5.3697230e-17  -1.3424286e-16  -2.9758321e-16  1.0000000   -6.9901140e-16  -1.1776786e-16  -2.4761356e-16  -1.2248769e-16  6.2263317e-16  -5.7344152e-16  
-8.2194553e-16  -2.0455253e-16  1.7942530e-16  -2.7564570e-16  -6.9901140e-16  1.0000000   3.7517540e-16  -3.9227451e-16  -2.4457018e-17  8.2636026e-16  -5.0661633e-16  -8.2194553e-16  -2.0455253e-16  1.7942530e-16  -2.7564570e-16  -6.9901140e-16  1.0000000   3.7517540e-16  -3.9227451e-16  -2.4457018e-17  8.2636026e-16  -5.0661633e-16  
-2.9448117e-16  4.3677212e-16  3.8102697e-16  -5.8317901e-16  -1.1776786e-16  3.7517540e-16  1.0000000   3.9674653e-16  8.5105675e-17  -6.2618054e-16  -3.7004455e-16  -2.9448117e-16  4.3677212e-16  3.8102697e-16  -5.8317901e-16  -1.1776786e-16  3.7517540e-16  1.0000000   3.9674653e-16  8.5105675e-17  -6.2618054e-16  -3.7004455e-16  
-2.1773067e-16  -1.8891958e-16  -2.8011507e-16  -5.8298398e-16  -2.4761356e-16  -3.9227451e-16  3.9674653e-16  1.0000000   -3.7191501e-16  5.2558056e-16  3.0349021e-16  -2.1773067e-16  -1.8891958e-16  -2.8011507e-16  -5.8298398e-16  -2.4761356e-16  -3.9227451e-16  3.9674653e-16  1.0000000   -3.7191501e-16  5.2558056e-16  3.0349021e-16  
4.1979376e-17  -5.1503828e-16  -6.5899105e-16  -4.1033394e-16  -1.2248769e-16  -2.4457018e-17  8.5105675e-17  -3.7191501e-16  1.0000000   -6.0158334e-16  -1.9079417e-18  4.1979376e-17  -5.1503828e-16  -6.5899105e-16  -4.1033394e-16  -1.2248769e-16  -2.4457018e-17  8.5105675e-17  -3.7191501e-16  1.0000000   -6.0158334e-16  -1.9079417e-18  
3.6300444e-16  5.1822916e-16  -1.5604380e-16  -1.4891263e-16  6.2263317e-16  8.2636026e-16  -6.2618054e-16  5.2558056e-16  -6.0158334e-16  1.0000000   1.9020972e-16  3.6300444e-16  5.1822916e-16  -1.5604380e-16  -1.4891263e-16  6.2263317e-16  8.2636026e-16  -6.2618054e-16  5.2558056e-16  -6.0158334e-16  1.0000000   1.9020972e-16  
3.8312994e-17  -6.8516368e-16  -9.6032360e-19  -7.5784006e-16  -5.7344152e-16  -5.0661633e-16  -3.7004455e-16  3.0349021e-16  -1.9079417e-18  1.9020972e-16  1.0000000   3.8312994e-17  -6.8516368e-16  -9.6032360e-19  -7.5784006e-16  -5.7344152e-16  -5.0661633e-16  -3.7004455e-16  3.0349021e-16  -1.9079417e-18  1.9020972e-16  1.0000000   
