1.0000000   8.7369585e-16  1.0441714e-16  2.2185826e-16  -5.0363393e-16  6.7142946e-16  5.5686741e-16  -5.4521817e-17  -2.8537811e-17  -2.3670971e-16  -1.5964665e-16  1.0000000   8.7369585e-16  1.0441714e-16  2.2185826e-16  -5.0363393e-16  6.7142946e-16  5.5686741e-16  -5.4521817e-17  -2.8537811e-17  -2.3670971e-16  -1.5964665e-16  
8.7369585e-16  1.0000000   -3.8728842e-16  4.9944790e-16  3.7576923e-16  -3.0655753e-16  6.2037752e-17  3.3221670e-16  1.0105573e-15  -1.7564753e-16  -1.8553706e-16  8.7369585e-16  1.0000000   -3.8728842e-16  4.9944790e-16  3.7576923e-16  -3.0655753e-16  6.2037752e-17  3.3221670e-16  1.0105573e-15  -1.7564753e-16  -1.8553706e-16  
1.0441714e-16  -3.8728842e-16  1.0000000   2.5545476e-16  1.7785151e-16  1.6086596e-16  2.2131044e-16  -1.5643428e-17  7.1196507e-17  -2.1889872e-17  -2.4023972e-16  1.0441714e-16  -3.8728842e-16  1.0000000   2.5545476e-16  1.7785151e-16  1.6086596e-16  2.2131044e-16  -1.5643428e-17  7.1196507e-17  -2.1889872e-17  -2.4023972e-16  
2.2185826e-16  4.9944790e-16  2.5545476e-16  1.0000000   3.0308364e-16  -2.0186701e-16  2.5038125e-16  5.9231426e-16  -4.1001053e-17  3.9351795e-16  -3.7787834e-17  2.2185826e-16  4.9944790e-16  2.5545476e-16  1.0000000   3.0308364e-16  -2.0186701e-16  2.5038125e-16  5.9231426e-16  -4.1001053e-17  3.9351795e-16  -3.7787834e-17  
-5.0363393e-16  3.7576923e-16  1.7785151e-16  3.0308364e-16  1.0000000   -2.4941012e-16  -3.2465926e-16  6.2918666e-17  5.4824716e-16  -8.0890397e-16  3.1267586e-17  -5.0363393e-16  3.7576923e-16  1.7785151e-16  3.0308364e-16  1.0000000   -2.4941012e-16  -3.2465926e-16  6.2918666e-17  5.4824716e-16  -8.0890397e-16  3.1267586e-17  
6.7142946e-16  -3.0655753e-16  1.6086596e-16  -2.0186701e-16  -2.4941012e-16  1.0000000   -2.7348576e-17  -1.2773257e-17  -1.9313622e-17  -2.2775784e-16  -4.7195405e-17  6.7142946e-16  -3.0655753e-16  1.6086596e-16  -2.0186701e-16  -2.4941012e-16  1.0000000   -2.7348576e-17  -1.2773257e-17  -1.9313622e-17  -2.2775784e-16  -4.7195405e-17  
5.5686741e-16  6.2037752e-17  2.2131044e-16  2.5038125e-16  -3.2465926e-16  -2.7348576e-17  1.0000000   2.4043962e-16  -3.3183151e-16  -3.7816125e-16  -3.6847648e-16  5.5686741e-16  6.2037752e-17  2.2131044e-16  2.5038125e-16  -3.2465926e-16  -2.7348576e-17  1.0000000   2.4043962e-16  -3.3183151e-16  -3.7816125e-16  -3.6847648e-16  
-5.4521817e-17  3.3221670e-16  -1.5643428e-17  5.9231426e-16  6.2918666e-17  -1.2773257e-17  2.4043962e-16  1.0000000   6.7728225e-17  4.8436309e-16  1.4062674e-16  -5.4521817e-17  3.3221670e-16  -1.5643428e-17  5.9231426e-16  6.2918666e-17  -1.2773257e-17  2.4043962e-16  1.0000000   6.7728225e-17  4.8436309e-16  1.4062674e-16  
-2.8537811e-17  1.0105573e-15  7.1196507e-17  -4.1001053e-17  5.4824716e-16  -1.9313622e-17  -3.3183151e-16  6.7728225e-17  1.0000000   -2.5446627e-16  2.8890732e-16  -2.8537811e-17  1.0105573e-15  7.1196507e-17  -4.1001053e-17  5.4824716e-16  -1.9313622e-17  -3.3183151e-16  6.7728225e-17  1.0000000   -2.5446627e-16  2.8890732e-16  
-2.3670971e-16  -1.7564753e-16  -2.1889872e-17  3.9351795e-16  -8.0890397e-16  -2.2775784e-16  -3.7816125e-16  4.8436309e-16  -2.5446627e-16  1.0000000   3.3628902e-17  -2.3670971e-16  -1.7564753e-16  -2.1889872e-17  3.9351795e-16  -8.0890397e-16  -2.2775784e-16  -3.7816125e-16  4.8436309e-16  -2.5446627e-16  1.0000000   3.3628902e-17  
-1.5964665e-16  -1.8553706e-16  -2.4023972e-16  -3.7787834e-17  3.1267586e-17  -4.7195405e-17  -3.6847648e-16  1.4062674e-16  2.8890732e-16  3.3628902e-17  1.0000000   -1.5964665e-16  -1.8553706e-16  -2.4023972e-16  -3.7787834e-17  3.1267586e-17  -4.7195405e-17  -3.6847648e-16  1.4062674e-16  2.8890732e-16  3.3628902e-17  1.0000000   
1.0000000   8.7369585e-16  1.0441714e-16  2.2185826e-16  -5.0363393e-16  6.7142946e-16  5.5686741e-16  -5.4521817e-17  -2.8537811e-17  -2.3670971e-16  -1.5964665e-16  1.0000000   8.7369585e-16  1.0441714e-16  2.2185826e-16  -5.0363393e-16  6.7142946e-16  5.5686741e-16  -5.4521817e-17  -2.8537811e-17  -2.3670971e-16  -1.5964665e-16  
8.7369585e-16  1.0000000   -3.8728842e-16  4.9944790e-16  3.7576923e-16  -3.0655753e-16  6.2037752e-17  3.3221670e-16  1.0105573e-15  -1.7564753e-16  -1.8553706e-16  8.7369585e-16  1.0000000   -3.8728842e-16  4.9944790e-16  3.7576923e-16  -3.0655753e-16  6.2037752e-17  3.3221670e-16  1.0105573e-15  -1.7564753e-16  -1.8553706e-16  
1.0441714e-16  -3.8728842e-16  1.0000000   2.5545476e-16  1.7785151e-16  1.6086596e-16  2.2131044e-16  -1.5643428e-17  7.1196507e-17  -2.1889872e-17  -2.4023972e-16  1.0441714e-16  -3.8728842e-16  1.0000000   2.5545476e-16  1.7785151e-16  1.6086596e-16  2.2131044e-16  -1.5643428e-17  7.1196507e-17  -2.1889872e-17  -2.4023972e-16  
2.2185826e-16  4.9944790e-16  2.5545476e-16  1.0000000   3.0308364e-16  -2.0186701e-16  2.5038125e-16  5.9231426e-16  -4.1001053e-17  3.9351795e-16  -3.7787834e-17  2.2185826e-16  4.9944790e-16  2.5545476e-16  1.0000000   3.0308364e-16  -2.0186701e-16  2.5038125e-16  5.9231426e-16  -4.1001053e-17  3.9351795e-16  -3.7787834e-17  
-5.0363393e-16  3.7576923e-16  1.7785151e-16  3.0308364e-16  1.0000000   -2.4941012e-16  -3.2465926e-16  6.2918666e-17  5.4824716e-16  -8.0890397e-16  3.1267586e-17  -5.0363393e-16  3.7576923e-16  1.7785151e-16  3.0308364e-16  1.0000000   -2.4941012e-16  -3.2465926e-16  6.2918666e-17  5.4824716e-16  -8.0890397e-16  3.1267586e-17  
6.7142946e-16  -3.0655753e-16  1.6086596e-16  -2.0186701e-16  -2.4941012e-16  1.0000000   -2.7348576e-17  -1.2773257e-17  -1.9313622e-17  -2.2775784e-16  -4.7195405e-17  6.7142946e-16  -3.0655753e-16  1.6086596e-16  -2.0186701e-16  -2.4941012e-16  1.0000000   -2.7348576e-17  -1.2773257e-17  -1.9313622e-17  -2.2775784e-16  -4.7195405e-17  
5.5686741e-16  6.2037752e-17  2.2131044e-16  2.5038125e-16  -3.2465926e-16  -2.7348576e-17  1.0000000   2.4043962e-16  -3.3183151e-16  -3.7816125e-16  -3.6847648e-16  5.5686741e-16  6.2037752e-17  2.2131044e-16  2.5038125e-16  -3.2465926e-16  -2.7348576e-17  1.0000000   2.4043962e-16  -3.3183151e-16  -3.7816125e-16  -3.6847648e-16  
-5.4521817e-17  3.3221670e-16  -1.5643428e-17  5.9231426e-16  6.2918666e-17  -1.2773257e-17  2.4043962e-16  1.0000000   6.7728225e-17  4.8436309e-16  1.4062674e-16  -5.4521817e-17  3.3221670e-16  -1.5643428e-17  5.9231426e-16  6.2918666e-17  -1.2773257e-17  2.4043962e-16  1.0000000   6.7728225e-17  4.8436309e-16  1.4062674e-16  
-2.8537811e-17  1.0105573e-15  7.1196507e-17  -4.1001053e-17  5.4824716e-16  -1.9313622e-17  -3.3183151e-16  6.7728225e-17  1.0000000   -2.5446627e-16  2.8890732e-16  -2.8537811e-17  1.0105573e-15  7.1196507e-17  -4.1001053e-17  5.4824716e-16  -1.9313622e-17  -3.3183151e-16  6.7728225e-17  1.0000000   -2.5446627e-16  2.8890732e-16  
-2.3670971e-16  -1.7564753e-16  -2.1889872e-17  3.9351795e-16  -8.0890397e-16  -2.2775784e-16  -3.7816125e-16  4.8436309e-16  -2.5446627e-16  1.0000000   3.3628902e-17  -2.3670971e-16  -1.7564753e-16  -2.1889872e-17  3.9351795e-16  -8.0890397e-16  -2.2775784e-16  -3.7816125e-16  4.8436309e-16  -2.5446627e-16  1.0000000   3.3628902e-17  
-1.5964665e-16  -1.8553706e-16  -2.4023972e-16  -3.7787834e-17  3.1267586e-17  -4.7195405e-17  -3.6847648e-16  1.4062674e-16  2.8890732e-16  3.3628902e-17  1.0000000   -1.5964665e-16  -1.8553706e-16  -2.4023972e-16  -3.7787834e-17  3.1267586e-17  -4.7195405e-17  -3.6847648e-16  1.4062674e-16  2.8890732e-16  3.3628902e-17  1.0000000   
