1.0000000   3.7331114e-16  6.1289398e-16  4.7727871e-16  -5.8655338e-17  6.5462094e-17  2.7341101e-16  -2.8512315e-16  5.0869292e-16  -3.3569440e-16  -2.9706208e-16  1.0000000   3.7331114e-16  6.1289398e-16  4.7727871e-16  -5.8655338e-17  6.5462094e-17  2.7341101e-16  -2.8512315e-16  5.0869292e-16  -3.3569440e-16  -2.9706208e-16  
3.7331114e-16  1.0000000   2.2469243e-16  5.0879025e-16  3.4721151e-17  -4.8060480e-16  9.3562836e-17  2.7514510e-16  -6.0574487e-16  1.9715539e-17  4.2604063e-17  3.7331114e-16  1.0000000   2.2469243e-16  5.0879025e-16  3.4721151e-17  -4.8060480e-16  9.3562836e-17  2.7514510e-16  -6.0574487e-16  1.9715539e-17  4.2604063e-17  
6.1289398e-16  2.2469243e-16  1.0000000   -1.4772593e-16  1.6782264e-16  5.1618188e-17  -1.9257209e-16  -3.0438129e-17  5.9654016e-16  1.3406118e-16  -5.3398228e-17  6.1289398e-16  2.2469243e-16  1.0000000   -1.4772593e-16  1.6782264e-16  5.1618188e-17  -1.9257209e-16  -3.0438129e-17  5.9654016e-16  1.3406118e-16  -5.3398228e-17  
4.7727871e-16  5.0879025e-16  -1.4772593e-16  1.0000000   -8.0026826e-17  1.4295502e-16  4.4876907e-16  -6.6781772e-17  -2.7400775e-17  3.4333803e-16  -1.2010715e-17  4.7727871e-16  5.0879025e-16  -1.4772593e-16  1.0000000   -8.0026826e-17  1.4295502e-16  4.4876907e-16  -6.6781772e-17  -2.7400775e-17  3.4333803e-16  -1.2010715e-17  
-5.8655338e-17  3.4721151e-17  1.6782264e-16  -8.0026826e-17  1.0000000   -1.7812341e-16  5.5967871e-16  -9.8342219e-17  2.9792261e-16  -4.0864850e-16  2.5116306e-16  -5.8655338e-17  3.4721151e-17  1.6782264e-16  -8.0026826e-17  1.0000000   -1.7812341e-16  5.5967871e-16  -9.8342219e-17  2.9792261e-16  -4.0864850e-16  2.5116306e-16  
6.5462094e-17  -4.8060480e-16  5.1618188e-17  1.4295502e-16  -1.7812341e-16  1.0000000   7.4576169e-17  1.1566743e-16  1.1170173e-16  7.2872786e-16  2.9303782e-16  6.5462094e-17  -4.8060480e-16  5.1618188e-17  1.4295502e-16  -1.7812341e-16  1.0000000   7.4576169e-17  1.1566743e-16  1.1170173e-16  7.2872786e-16  2.9303782e-16  
2.7341101e-16  9.3562836e-17  -1.9257209e-16  4.4876907e-16  5.5967871e-16  7.4576169e-17  1.0000000   -1.4623452e-16  -7.2443366e-17  -7.1382685e-16  -1.0628273e-16  2.7341101e-16  9.3562836e-17  -1.9257209e-16  4.4876907e-16  5.5967871e-16  7.4576169e-17  1.0000000   -1.4623452e-16  -7.2443366e-17  -7.1382685e-16  -1.0628273e-16  
-2.8512315e-16  2.7514510e-16  -3.0438129e-17  -6.6781772e-17  -9.8342219e-17  1.1566743e-16  -1.4623452e-16  1.0000000   -6.1151141e-16  4.8277490e-17  2.3381243e-16  -2.8512315e-16  2.7514510e-16  -3.0438129e-17  -6.6781772e-17  -9.8342219e-17  1.1566743e-16  -1.4623452e-16  1.0000000   -6.1151141e-16  4.8277490e-17  2.3381243e-16  
5.0869292e-16  -6.0574487e-16  5.9654016e-16  -2.7400775e-17  2.9792261e-16  1.1170173e-16  -7.2443366e-17  -6.1151141e-16  1.0000000   -2.4123456e-16  1.4565475e-15  5.0869292e-16  -6.0574487e-16  5.9654016e-16  -2.7400775e-17  2.9792261e-16  1.1170173e-16  -7.2443366e-17  -6.1151141e-16  1.0000000   -2.4123456e-16  1.4565475e-15  
-3.3569440e-16  1.9715539e-17  1.3406118e-16  3.4333803e-16  -4.0864850e-16  7.2872786e-16  -7.1382685e-16  4.8277490e-17  -2.4123456e-16  1.0000000   -2.9744578e-16  -3.3569440e-16  1.9715539e-17  1.3406118e-16  3.4333803e-16  -4.0864850e-16  7.2872786e-16  -7.1382685e-16  4.8277490e-17  -2.4123456e-16  1.0000000   -2.9744578e-16  
-2.9706208e-16  4.2604063e-17  -5.3398228e-17  -1.2010715e-17  2.5116306e-16  2.9303782e-16  -1.0628273e-16  2.3381243e-16  1.4565475e-15  -2.9744578e-16  1.0000000   -2.9706208e-16  4.2604063e-17  -5.3398228e-17  -1.2010715e-17  2.5116306e-16  2.9303782e-16  -1.0628273e-16  2.3381243e-16  1.4565475e-15  -2.9744578e-16  1.0000000   
1.0000000   3.7331114e-16  6.1289398e-16  4.7727871e-16  -5.8655338e-17  6.5462094e-17  2.7341101e-16  -2.8512315e-16  5.0869292e-16  -3.3569440e-16  -2.9706208e-16  1.0000000   3.7331114e-16  6.1289398e-16  4.7727871e-16  -5.8655338e-17  6.5462094e-17  2.7341101e-16  -2.8512315e-16  5.0869292e-16  -3.3569440e-16  -2.9706208e-16  
3.7331114e-16  1.0000000   2.2469243e-16  5.0879025e-16  3.4721151e-17  -4.8060480e-16  9.3562836e-17  2.7514510e-16  -6.0574487e-16  1.9715539e-17  4.2604063e-17  3.7331114e-16  1.0000000   2.2469243e-16  5.0879025e-16  3.4721151e-17  -4.8060480e-16  9.3562836e-17  2.7514510e-16  -6.0574487e-16  1.9715539e-17  4.2604063e-17  
6.1289398e-16  2.2469243e-16  1.0000000   -1.4772593e-16  1.6782264e-16  5.1618188e-17  -1.9257209e-16  -3.0438129e-17  5.9654016e-16  1.3406118e-16  -5.3398228e-17  6.1289398e-16  2.2469243e-16  1.0000000   -1.4772593e-16  1.6782264e-16  5.1618188e-17  -1.9257209e-16  -3.0438129e-17  5.9654016e-16  1.3406118e-16  -5.3398228e-17  
4.7727871e-16  5.0879025e-16  -1.4772593e-16  1.0000000   -8.0026826e-17  1.4295502e-16  4.4876907e-16  -6.6781772e-17  -2.7400775e-17  3.4333803e-16  -1.2010715e-17  4.7727871e-16  5.0879025e-16  -1.4772593e-16  1.0000000   -8.0026826e-17  1.4295502e-16  4.4876907e-16  -6.6781772e-17  -2.7400775e-17  3.4333803e-16  -1.2010715e-17  
-5.8655338e-17  3.4721151e-17  1.6782264e-16  -8.0026826e-17  1.0000000   -1.7812341e-16  5.5967871e-16  -9.8342219e-17  2.9792261e-16  -4.0864850e-16  2.5116306e-16  -5.8655338e-17  3.4721151e-17  1.6782264e-16  -8.0026826e-17  1.0000000   -1.7812341e-16  5.5967871e-16  -9.8342219e-17  2.9792261e-16  -4.0864850e-16  2.5116306e-16  
6.5462094e-17  -4.8060480e-16  5.1618188e-17  1.4295502e-16  -1.7812341e-16  1.0000000   7.4576169e-17  1.1566743e-16  1.1170173e-16  7.2872786e-16  2.9303782e-16  6.5462094e-17  -4.8060480e-16  5.1618188e-17  1.4295502e-16  -1.7812341e-16  1.0000000   7.4576169e-17  1.1566743e-16  1.1170173e-16  7.2872786e-16  2.9303782e-16  
2.7341101e-16  9.3562836e-17  -1.9257209e-16  4.4876907e-16  5.5967871e-16  7.4576169e-17  1.0000000   -1.4623452e-16  -7.2443366e-17  -7.1382685e-16  -1.0628273e-16  2.7341101e-16  9.3562836e-17  -1.9257209e-16  4.4876907e-16  5.5967871e-16  7.4576169e-17  1.0000000   -1.4623452e-16  -7.2443366e-17  -7.1382685e-16  -1.0628273e-16  
-2.8512315e-16  2.7514510e-16  -3.0438129e-17  -6.6781772e-17  -9.8342219e-17  1.1566743e-16  -1.4623452e-16  1.0000000   -6.1151141e-16  4.8277490e-17  2.3381243e-16  -2.8512315e-16  2.7514510e-16  -3.0438129e-17  -6.6781772e-17  -9.8342219e-17  1.1566743e-16  -1.4623452e-16  1.0000000   -6.1151141e-16  4.8277490e-17  2.3381243e-16  
5.0869292e-16  -6.0574487e-16  5.9654016e-16  -2.7400775e-17  2.9792261e-16  1.1170173e-16  -7.2443366e-17  -6.1151141e-16  1.0000000   -2.4123456e-16  1.4565475e-15  5.0869292e-16  -6.0574487e-16  5.9654016e-16  -2.7400775e-17  2.9792261e-16  1.1170173e-16  -7.2443366e-17  -6.1151141e-16  1.0000000   -2.4123456e-16  1.4565475e-15  
-3.3569440e-16  1.9715539e-17  1.3406118e-16  3.4333803e-16  -4.0864850e-16  7.2872786e-16  -7.1382685e-16  4.8277490e-17  -2.4123456e-16  1.0000000   -2.9744578e-16  -3.3569440e-16  1.9715539e-17  1.3406118e-16  3.4333803e-16  -4.0864850e-16  7.2872786e-16  -7.1382685e-16  4.8277490e-17  -2.4123456e-16  1.0000000   -2.9744578e-16  
-2.9706208e-16  4.2604063e-17  -5.3398228e-17  -1.2010715e-17  2.5116306e-16  2.9303782e-16  -1.0628273e-16  2.3381243e-16  1.4565475e-15  -2.9744578e-16  1.0000000   -2.9706208e-16  4.2604063e-17  -5.3398228e-17  -1.2010715e-17  2.5116306e-16  2.9303782e-16  -1.0628273e-16  2.3381243e-16  1.4565475e-15  -2.9744578e-16  1.0000000   
