1.0000000   2.9357633e-16  6.7359025e-17  6.4069699e-16  -1.1512872e-17  -5.6954834e-16  7.8167207e-16  6.8975926e-16  -3.4074187e-16  4.1272940e-16  -2.4174246e-16  1.0000000   2.9357633e-16  6.7359025e-17  6.4069699e-16  -1.1512872e-17  -5.6954834e-16  7.8167207e-16  6.8975926e-16  -3.4074187e-16  4.1272940e-16  -2.4174246e-16  
2.9357633e-16  1.0000000   -2.9545568e-17  -3.0171250e-16  3.7684792e-16  3.4603371e-16  -4.6336429e-16  -2.9511602e-16  7.0529236e-16  1.6372506e-16  -7.7084720e-16  2.9357633e-16  1.0000000   -2.9545568e-17  -3.0171250e-16  3.7684792e-16  3.4603371e-16  -4.6336429e-16  -2.9511602e-16  7.0529236e-16  1.6372506e-16  -7.7084720e-16  
6.7359025e-17  -2.9545568e-17  1.0000000   3.0198757e-16  8.5845942e-17  1.7138907e-16  3.1125920e-17  -1.1452182e-16  -7.3780932e-16  6.2321984e-17  -1.6433604e-16  6.7359025e-17  -2.9545568e-17  1.0000000   3.0198757e-16  8.5845942e-17  1.7138907e-16  3.1125920e-17  -1.1452182e-16  -7.3780932e-16  6.2321984e-17  -1.6433604e-16  
6.4069699e-16  -3.0171250e-16  3.0198757e-16  1.0000000   -7.7346687e-16  -2.0204785e-16  2.3716923e-19  3.8168660e-16  3.8165039e-16  1.6407992e-16  -8.3455615e-17  6.4069699e-16  -3.0171250e-16  3.0198757e-16  1.0000000   -7.7346687e-16  -2.0204785e-16  2.3716923e-19  3.8168660e-16  3.8165039e-16  1.6407992e-16  -8.3455615e-17  
-1.1512872e-17  3.7684792e-16  8.5845942e-17  -7.7346687e-16  1.0000000   1.6425853e-16  -1.6091170e-16  -1.6607055e-16  9.6877784e-16  -3.6254355e-16  -1.3668062e-16  -1.1512872e-17  3.7684792e-16  8.5845942e-17  -7.7346687e-16  1.0000000   1.6425853e-16  -1.6091170e-16  -1.6607055e-16  9.6877784e-16  -3.6254355e-16  -1.3668062e-16  
-5.6954834e-16  3.4603371e-16  1.7138907e-16  -2.0204785e-16  1.6425853e-16  1.0000000   8.4827131e-16  6.0670768e-16  -4.5776837e-17  1.6140520e-16  -2.0733630e-16  -5.6954834e-16  3.4603371e-16  1.7138907e-16  -2.0204785e-16  1.6425853e-16  1.0000000   8.4827131e-16  6.0670768e-16  -4.5776837e-17  1.6140520e-16  -2.0733630e-16  
7.8167207e-16  -4.6336429e-16  3.1125920e-17  2.3716923e-19  -1.6091170e-16  8.4827131e-16  1.0000000   -3.8452755e-16  1.0029971e-16  -3.5395114e-16  1.9741882e-16  7.8167207e-16  -4.6336429e-16  3.1125920e-17  2.3716923e-19  -1.6091170e-16  8.4827131e-16  1.0000000   -3.8452755e-16  1.0029971e-16  -3.5395114e-16  1.9741882e-16  
6.8975926e-16  -2.9511602e-16  -1.1452182e-16  3.8168660e-16  -1.6607055e-16  6.0670768e-16  -3.8452755e-16  1.0000000   -3.6468368e-16  -2.3737114e-16  3.9461952e-16  6.8975926e-16  -2.9511602e-16  -1.1452182e-16  3.8168660e-16  -1.6607055e-16  6.0670768e-16  -3.8452755e-16  1.0000000   -3.6468368e-16  -2.3737114e-16  3.9461952e-16  
-3.4074187e-16  7.0529236e-16  -7.3780932e-16  3.8165039e-16  9.6877784e-16  -4.5776837e-17  1.0029971e-16  -3.6468368e-16  1.0000000   -4.3440799e-16  -4.6545826e-16  -3.4074187e-16  7.0529236e-16  -7.3780932e-16  3.8165039e-16  9.6877784e-16  -4.5776837e-17  1.0029971e-16  -3.6468368e-16  1.0000000   -4.3440799e-16  -4.6545826e-16  
4.1272940e-16  1.6372506e-16  6.2321984e-17  1.6407992e-16  -3.6254355e-16  1.6140520e-16  -3.5395114e-16  -2.3737114e-16  -4.3440799e-16  1.0000000   -9.1994586e-16  4.1272940e-16  1.6372506e-16  6.2321984e-17  1.6407992e-16  -3.6254355e-16  1.6140520e-16  -3.5395114e-16  -2.3737114e-16  -4.3440799e-16  1.0000000   -9.1994586e-16  
-2.4174246e-16  -7.7084720e-16  -1.6433604e-16  -8.3455615e-17  -1.3668062e-16  -2.0733630e-16  1.9741882e-16  3.9461952e-16  -4.6545826e-16  -9.1994586e-16  1.0000000   -2.4174246e-16  -7.7084720e-16  -1.6433604e-16  -8.3455615e-17  -1.3668062e-16  -2.0733630e-16  1.9741882e-16  3.9461952e-16  -4.6545826e-16  -9.1994586e-16  1.0000000   
1.0000000   2.9357633e-16  6.7359025e-17  6.4069699e-16  -1.1512872e-17  -5.6954834e-16  7.8167207e-16  6.8975926e-16  -3.4074187e-16  4.1272940e-16  -2.4174246e-16  1.0000000   2.9357633e-16  6.7359025e-17  6.4069699e-16  -1.1512872e-17  -5.6954834e-16  7.8167207e-16  6.8975926e-16  -3.4074187e-16  4.1272940e-16  -2.4174246e-16  
2.9357633e-16  1.0000000   -2.9545568e-17  -3.0171250e-16  3.7684792e-16  3.4603371e-16  -4.6336429e-16  -2.9511602e-16  7.0529236e-16  1.6372506e-16  -7.7084720e-16  2.9357633e-16  1.0000000   -2.9545568e-17  -3.0171250e-16  3.7684792e-16  3.4603371e-16  -4.6336429e-16  -2.9511602e-16  7.0529236e-16  1.6372506e-16  -7.7084720e-16  
6.7359025e-17  -2.9545568e-17  1.0000000   3.0198757e-16  8.5845942e-17  1.7138907e-16  3.1125920e-17  -1.1452182e-16  -7.3780932e-16  6.2321984e-17  -1.6433604e-16  6.7359025e-17  -2.9545568e-17  1.0000000   3.0198757e-16  8.5845942e-17  1.7138907e-16  3.1125920e-17  -1.1452182e-16  -7.3780932e-16  6.2321984e-17  -1.6433604e-16  
6.4069699e-16  -3.0171250e-16  3.0198757e-16  1.0000000   -7.7346687e-16  -2.0204785e-16  2.3716923e-19  3.8168660e-16  3.8165039e-16  1.6407992e-16  -8.3455615e-17  6.4069699e-16  -3.0171250e-16  3.0198757e-16  1.0000000   -7.7346687e-16  -2.0204785e-16  2.3716923e-19  3.8168660e-16  3.8165039e-16  1.6407992e-16  -8.3455615e-17  
-1.1512872e-17  3.7684792e-16  8.5845942e-17  -7.7346687e-16  1.0000000   1.6425853e-16  -1.6091170e-16  -1.6607055e-16  9.6877784e-16  -3.6254355e-16  -1.3668062e-16  -1.1512872e-17  3.7684792e-16  8.5845942e-17  -7.7346687e-16  1.0000000   1.6425853e-16  -1.6091170e-16  -1.6607055e-16  9.6877784e-16  -3.6254355e-16  -1.3668062e-16  
-5.6954834e-16  3.4603371e-16  1.7138907e-16  -2.0204785e-16  1.6425853e-16  1.0000000   8.4827131e-16  6.0670768e-16  -4.5776837e-17  1.6140520e-16  -2.0733630e-16  -5.6954834e-16  3.4603371e-16  1.7138907e-16  -2.0204785e-16  1.6425853e-16  1.0000000   8.4827131e-16  6.0670768e-16  -4.5776837e-17  1.6140520e-16  -2.0733630e-16  
7.8167207e-16  -4.6336429e-16  3.1125920e-17  2.3716923e-19  -1.6091170e-16  8.4827131e-16  1.0000000   -3.8452755e-16  1.0029971e-16  -3.5395114e-16  1.9741882e-16  7.8167207e-16  -4.6336429e-16  3.1125920e-17  2.3716923e-19  -1.6091170e-16  8.4827131e-16  1.0000000   -3.8452755e-16  1.0029971e-16  -3.5395114e-16  1.9741882e-16  
6.8975926e-16  -2.9511602e-16  -1.1452182e-16  3.8168660e-16  -1.6607055e-16  6.0670768e-16  -3.8452755e-16  1.0000000   -3.6468368e-16  -2.3737114e-16  3.9461952e-16  6.8975926e-16  -2.9511602e-16  -1.1452182e-16  3.8168660e-16  -1.6607055e-16  6.0670768e-16  -3.8452755e-16  1.0000000   -3.6468368e-16  -2.3737114e-16  3.9461952e-16  
-3.4074187e-16  7.0529236e-16  -7.3780932e-16  3.8165039e-16  9.6877784e-16  -4.5776837e-17  1.0029971e-16  -3.6468368e-16  1.0000000   -4.3440799e-16  -4.6545826e-16  -3.4074187e-16  7.0529236e-16  -7.3780932e-16  3.8165039e-16  9.6877784e-16  -4.5776837e-17  1.0029971e-16  -3.6468368e-16  1.0000000   -4.3440799e-16  -4.6545826e-16  
4.1272940e-16  1.6372506e-16  6.2321984e-17  1.6407992e-16  -3.6254355e-16  1.6140520e-16  -3.5395114e-16  -2.3737114e-16  -4.3440799e-16  1.0000000   -9.1994586e-16  4.1272940e-16  1.6372506e-16  6.2321984e-17  1.6407992e-16  -3.6254355e-16  1.6140520e-16  -3.5395114e-16  -2.3737114e-16  -4.3440799e-16  1.0000000   -9.1994586e-16  
-2.4174246e-16  -7.7084720e-16  -1.6433604e-16  -8.3455615e-17  -1.3668062e-16  -2.0733630e-16  1.9741882e-16  3.9461952e-16  -4.6545826e-16  -9.1994586e-16  1.0000000   -2.4174246e-16  -7.7084720e-16  -1.6433604e-16  -8.3455615e-17  -1.3668062e-16  -2.0733630e-16  1.9741882e-16  3.9461952e-16  -4.6545826e-16  -9.1994586e-16  1.0000000   
