1.0000000   2.3135689e-16  3.7149340e-16  3.5889633e-16  -9.8694585e-17  -8.6905580e-18  -8.3033793e-17  -1.7617269e-16  -2.6062696e-16  -5.1600231e-16  1.3397706e-15  1.0000000   2.3135689e-16  3.7149340e-16  3.5889633e-16  -9.8694585e-17  -8.6905580e-18  -8.3033793e-17  -1.7617269e-16  -2.6062696e-16  -5.1600231e-16  1.3397706e-15  
2.3135689e-16  1.0000000   -1.5282306e-16  9.2736555e-17  -3.1848439e-16  3.8517341e-17  3.8031335e-16  -5.5159040e-16  -6.7054913e-16  -3.3543182e-16  -4.9793679e-16  2.3135689e-16  1.0000000   -1.5282306e-16  9.2736555e-17  -3.1848439e-16  3.8517341e-17  3.8031335e-16  -5.5159040e-16  -6.7054913e-16  -3.3543182e-16  -4.9793679e-16  
3.7149340e-16  -1.5282306e-16  1.0000000   -8.9302578e-17  -1.4389692e-16  2.6114238e-16  9.4985216e-17  5.0852301e-16  -2.0656698e-16  1.2692577e-16  -1.7523185e-16  3.7149340e-16  -1.5282306e-16  1.0000000   -8.9302578e-17  -1.4389692e-16  2.6114238e-16  9.4985216e-17  5.0852301e-16  -2.0656698e-16  1.2692577e-16  -1.7523185e-16  
3.5889633e-16  9.2736555e-17  -8.9302578e-17  1.0000000   -7.8892649e-17  2.9495297e-16  -5.5835353e-16  -3.2063204e-16  -7.1504404e-18  1.7575087e-16  -6.8424169e-17  3.5889633e-16  9.2736555e-17  -8.9302578e-17  1.0000000   -7.8892649e-17  2.9495297e-16  -5.5835353e-16  -3.2063204e-16  -7.1504404e-18  1.7575087e-16  -6.8424169e-17  
-9.8694585e-17  -3.1848439e-16  -1.4389692e-16  -7.8892649e-17  1.0000000   8.1308387e-17  4.0716366e-16  2.1752357e-16  -9.8653324e-16  -3.2149072e-16  -7.0080118e-17  -9.8694585e-17  -3.1848439e-16  -1.4389692e-16  -7.8892649e-17  1.0000000   8.1308387e-17  4.0716366e-16  2.1752357e-16  -9.8653324e-16  -3.2149072e-16  -7.0080118e-17  
-8.6905580e-18  3.8517341e-17  2.6114238e-16  2.9495297e-16  8.1308387e-17  1.0000000   1.8853598e-16  -1.8842714e-16  -5.3277314e-17  -7.4799786e-17  2.4345379e-16  -8.6905580e-18  3.8517341e-17  2.6114238e-16  2.9495297e-16  8.1308387e-17  1.0000000   1.8853598e-16  -1.8842714e-16  -5.3277314e-17  -7.4799786e-17  2.4345379e-16  
-8.3033793e-17  3.8031335e-16  9.4985216e-17  -5.5835353e-16  4.0716366e-16  1.8853598e-16  1.0000000   -1.3315231e-16  2.8632498e-16  -7.1261729e-16  8.2887595e-16  -8.3033793e-17  3.8031335e-16  9.4985216e-17  -5.5835353e-16  4.0716366e-16  1.8853598e-16  1.0000000   -1.3315231e-16  2.8632498e-16  -7.1261729e-16  8.2887595e-16  
-1.7617269e-16  -5.5159040e-16  5.0852301e-16  -3.2063204e-16  2.1752357e-16  -1.8842714e-16  -1.3315231e-16  1.0000000   1.3809118e-15  4.3263436e-16  2.0353672e-16  -1.7617269e-16  -5.5159040e-16  5.0852301e-16  -3.2063204e-16  2.1752357e-16  -1.8842714e-16  -1.3315231e-16  1.0000000   1.3809118e-15  4.3263436e-16  2.0353672e-16  
-2.6062696e-16  -6.7054913e-16  -2.0656698e-16  -7.1504404e-18  -9.8653324e-16  -5.3277314e-17  2.8632498e-16  1.3809118e-15  1.0000000   -2.4763612e-16  5.1065954e-16  -2.6062696e-16  -6.7054913e-16  -2.0656698e-16  -7.1504404e-18  -9.8653324e-16  -5.3277314e-17  2.8632498e-16  1.3809118e-15  1.0000000   -2.4763612e-16  5.1065954e-16  
-5.1600231e-16  -3.3543182e-16  1.2692577e-16  1.7575087e-16  -3.2149072e-16  -7.4799786e-17  -7.1261729e-16  4.3263436e-16  -2.4763612e-16  1.0000000   -2.0219523e-16  -5.1600231e-16  -3.3543182e-16  1.2692577e-16  1.7575087e-16  -3.2149072e-16  -7.4799786e-17  -7.1261729e-16  4.3263436e-16  -2.4763612e-16  1.0000000   -2.0219523e-16  
1.3397706e-15  -4.9793679e-16  -1.7523185e-16  -6.8424169e-17  -7.0080118e-17  2.4345379e-16  8.2887595e-16  2.0353672e-16  5.1065954e-16  -2.0219523e-16  1.0000000   1.3397706e-15  -4.9793679e-16  -1.7523185e-16  -6.8424169e-17  -7.0080118e-17  2.4345379e-16  8.2887595e-16  2.0353672e-16  5.1065954e-16  -2.0219523e-16  1.0000000   
1.0000000   2.3135689e-16  3.7149340e-16  3.5889633e-16  -9.8694585e-17  -8.6905580e-18  -8.3033793e-17  -1.7617269e-16  -2.6062696e-16  -5.1600231e-16  1.3397706e-15  1.0000000   2.3135689e-16  3.7149340e-16  3.5889633e-16  -9.8694585e-17  -8.6905580e-18  -8.3033793e-17  -1.7617269e-16  -2.6062696e-16  -5.1600231e-16  1.3397706e-15  
2.3135689e-16  1.0000000   -1.5282306e-16  9.2736555e-17  -3.1848439e-16  3.8517341e-17  3.8031335e-16  -5.5159040e-16  -6.7054913e-16  -3.3543182e-16  -4.9793679e-16  2.3135689e-16  1.0000000   -1.5282306e-16  9.2736555e-17  -3.1848439e-16  3.8517341e-17  3.8031335e-16  -5.5159040e-16  -6.7054913e-16  -3.3543182e-16  -4.9793679e-16  
3.7149340e-16  -1.5282306e-16  1.0000000   -8.9302578e-17  -1.4389692e-16  2.6114238e-16  9.4985216e-17  5.0852301e-16  -2.0656698e-16  1.2692577e-16  -1.7523185e-16  3.7149340e-16  -1.5282306e-16  1.0000000   -8.9302578e-17  -1.4389692e-16  2.6114238e-16  9.4985216e-17  5.0852301e-16  -2.0656698e-16  1.2692577e-16  -1.7523185e-16  
3.5889633e-16  9.2736555e-17  -8.9302578e-17  1.0000000   -7.8892649e-17  2.9495297e-16  -5.5835353e-16  -3.2063204e-16  -7.1504404e-18  1.7575087e-16  -6.8424169e-17  3.5889633e-16  9.2736555e-17  -8.9302578e-17  1.0000000   -7.8892649e-17  2.9495297e-16  -5.5835353e-16  -3.2063204e-16  -7.1504404e-18  1.7575087e-16  -6.8424169e-17  
-9.8694585e-17  -3.1848439e-16  -1.4389692e-16  -7.8892649e-17  1.0000000   8.1308387e-17  4.0716366e-16  2.1752357e-16  -9.8653324e-16  -3.2149072e-16  -7.0080118e-17  -9.8694585e-17  -3.1848439e-16  -1.4389692e-16  -7.8892649e-17  1.0000000   8.1308387e-17  4.0716366e-16  2.1752357e-16  -9.8653324e-16  -3.2149072e-16  -7.0080118e-17  
-8.6905580e-18  3.8517341e-17  2.6114238e-16  2.9495297e-16  8.1308387e-17  1.0000000   1.8853598e-16  -1.8842714e-16  -5.3277314e-17  -7.4799786e-17  2.4345379e-16  -8.6905580e-18  3.8517341e-17  2.6114238e-16  2.9495297e-16  8.1308387e-17  1.0000000   1.8853598e-16  -1.8842714e-16  -5.3277314e-17  -7.4799786e-17  2.4345379e-16  
-8.3033793e-17  3.8031335e-16  9.4985216e-17  -5.5835353e-16  4.0716366e-16  1.8853598e-16  1.0000000   -1.3315231e-16  2.8632498e-16  -7.1261729e-16  8.2887595e-16  -8.3033793e-17  3.8031335e-16  9.4985216e-17  -5.5835353e-16  4.0716366e-16  1.8853598e-16  1.0000000   -1.3315231e-16  2.8632498e-16  -7.1261729e-16  8.2887595e-16  
-1.7617269e-16  -5.5159040e-16  5.0852301e-16  -3.2063204e-16  2.1752357e-16  -1.8842714e-16  -1.3315231e-16  1.0000000   1.3809118e-15  4.3263436e-16  2.0353672e-16  -1.7617269e-16  -5.5159040e-16  5.0852301e-16  -3.2063204e-16  2.1752357e-16  -1.8842714e-16  -1.3315231e-16  1.0000000   1.3809118e-15  4.3263436e-16  2.0353672e-16  
-2.6062696e-16  -6.7054913e-16  -2.0656698e-16  -7.1504404e-18  -9.8653324e-16  -5.3277314e-17  2.8632498e-16  1.3809118e-15  1.0000000   -2.4763612e-16  5.1065954e-16  -2.6062696e-16  -6.7054913e-16  -2.0656698e-16  -7.1504404e-18  -9.8653324e-16  -5.3277314e-17  2.8632498e-16  1.3809118e-15  1.0000000   -2.4763612e-16  5.1065954e-16  
-5.1600231e-16  -3.3543182e-16  1.2692577e-16  1.7575087e-16  -3.2149072e-16  -7.4799786e-17  -7.1261729e-16  4.3263436e-16  -2.4763612e-16  1.0000000   -2.0219523e-16  -5.1600231e-16  -3.3543182e-16  1.2692577e-16  1.7575087e-16  -3.2149072e-16  -7.4799786e-17  -7.1261729e-16  4.3263436e-16  -2.4763612e-16  1.0000000   -2.0219523e-16  
1.3397706e-15  -4.9793679e-16  -1.7523185e-16  -6.8424169e-17  -7.0080118e-17  2.4345379e-16  8.2887595e-16  2.0353672e-16  5.1065954e-16  -2.0219523e-16  1.0000000   1.3397706e-15  -4.9793679e-16  -1.7523185e-16  -6.8424169e-17  -7.0080118e-17  2.4345379e-16  8.2887595e-16  2.0353672e-16  5.1065954e-16  -2.0219523e-16  1.0000000   
