1.0000000   -5.6650538e-16  -1.7470732e-16  -1.1303655e-16  2.0555796e-17  -2.0015812e-16  5.7003274e-16  -4.2843901e-16  1.6216276e-16  7.9754928e-17  8.4203715e-16  1.0000000   -5.6650538e-16  -1.7470732e-16  -1.1303655e-16  2.0555796e-17  -2.0015812e-16  5.7003274e-16  -4.2843901e-16  1.6216276e-16  7.9754928e-17  8.4203715e-16  
-5.6650538e-16  1.0000000   -7.7234158e-17  -4.4036354e-16  3.5066317e-17  4.0131574e-17  -5.4135803e-16  2.2576075e-16  1.7748093e-16  6.3615562e-17  -1.3650275e-15  -5.6650538e-16  1.0000000   -7.7234158e-17  -4.4036354e-16  3.5066317e-17  4.0131574e-17  -5.4135803e-16  2.2576075e-16  1.7748093e-16  6.3615562e-17  -1.3650275e-15  
-1.7470732e-16  -7.7234158e-17  1.0000000   -5.5106058e-16  2.9353884e-16  -2.4898576e-16  -5.2087534e-16  3.8974937e-16  2.3977682e-16  -7.9593018e-16  3.3761357e-16  -1.7470732e-16  -7.7234158e-17  1.0000000   -5.5106058e-16  2.9353884e-16  -2.4898576e-16  -5.2087534e-16  3.8974937e-16  2.3977682e-16  -7.9593018e-16  3.3761357e-16  
-1.1303655e-16  -4.4036354e-16  -5.5106058e-16  1.0000000   2.8454314e-16  4.9346530e-16  4.0513882e-16  -5.0646767e-17  3.2990959e-16  -6.9319567e-16  -6.4705270e-17  -1.1303655e-16  -4.4036354e-16  -5.5106058e-16  1.0000000   2.8454314e-16  4.9346530e-16  4.0513882e-16  -5.0646767e-17  3.2990959e-16  -6.9319567e-16  -6.4705270e-17  
2.0555796e-17  3.5066317e-17  2.9353884e-16  2.8454314e-16  1.0000000   2.3690199e-16  8.6845388e-17  -5.5537767e-17  -1.1881014e-16  1.2514912e-18  -3.6734887e-16  2.0555796e-17  3.5066317e-17  2.9353884e-16  2.8454314e-16  1.0000000   2.3690199e-16  8.6845388e-17  -5.5537767e-17  -1.1881014e-16  1.2514912e-18  -3.6734887e-16  
-2.0015812e-16  4.0131574e-17  -2.4898576e-16  4.9346530e-16  2.3690199e-16  1.0000000   2.4431681e-16  -1.5723089e-16  -6.9454732e-16  2.0166626e-16  5.4092795e-17  -2.0015812e-16  4.0131574e-17  -2.4898576e-16  4.9346530e-16  2.3690199e-16  1.0000000   2.4431681e-16  -1.5723089e-16  -6.9454732e-16  2.0166626e-16  5.4092795e-17  
5.7003274e-16  -5.4135803e-16  -5.2087534e-16  4.0513882e-16  8.6845388e-17  2.4431681e-16  1.0000000   -3.7798475e-17  -2.0079430e-16  -4.1803659e-16  5.1128666e-16  5.7003274e-16  -5.4135803e-16  -5.2087534e-16  4.0513882e-16  8.6845388e-17  2.4431681e-16  1.0000000   -3.7798475e-17  -2.0079430e-16  -4.1803659e-16  5.1128666e-16  
-4.2843901e-16  2.2576075e-16  3.8974937e-16  -5.0646767e-17  -5.5537767e-17  -1.5723089e-16  -3.7798475e-17  1.0000000   5.4602823e-16  -3.2654894e-16  -3.0813068e-16  -4.2843901e-16  2.2576075e-16  3.8974937e-16  -5.0646767e-17  -5.5537767e-17  -1.5723089e-16  -3.7798475e-17  1.0000000   5.4602823e-16  -3.2654894e-16  -3.0813068e-16  
1.6216276e-16  1.7748093e-16  2.3977682e-16  3.2990959e-16  -1.1881014e-16  -6.9454732e-16  -2.0079430e-16  5.4602823e-16  1.0000000   -9.5232973e-17  -3.9578356e-16  1.6216276e-16  1.7748093e-16  2.3977682e-16  3.2990959e-16  -1.1881014e-16  -6.9454732e-16  -2.0079430e-16  5.4602823e-16  1.0000000   -9.5232973e-17  -3.9578356e-16  
7.9754928e-17  6.3615562e-17  -7.9593018e-16  -6.9319567e-16  1.2514912e-18  2.0166626e-16  -4.1803659e-16  -3.2654894e-16  -9.5232973e-17  1.0000000   -8.8135472e-17  7.9754928e-17  6.3615562e-17  -7.9593018e-16  -6.9319567e-16  1.2514912e-18  2.0166626e-16  -4.1803659e-16  -3.2654894e-16  -9.5232973e-17  1.0000000   -8.8135472e-17  
8.4203715e-16  -1.3650275e-15  3.3761357e-16  -6.4705270e-17  -3.6734887e-16  5.4092795e-17  5.1128666e-16  -3.0813068e-16  -3.9578356e-16  -8.8135472e-17  1.0000000   8.4203715e-16  -1.3650275e-15  3.3761357e-16  -6.4705270e-17  -3.6734887e-16  5.4092795e-17  5.1128666e-16  -3.0813068e-16  -3.9578356e-16  -8.8135472e-17  1.0000000   
1.0000000   -5.6650538e-16  -1.7470732e-16  -1.1303655e-16  2.0555796e-17  -2.0015812e-16  5.7003274e-16  -4.2843901e-16  1.6216276e-16  7.9754928e-17  8.4203715e-16  1.0000000   -5.6650538e-16  -1.7470732e-16  -1.1303655e-16  2.0555796e-17  -2.0015812e-16  5.7003274e-16  -4.2843901e-16  1.6216276e-16  7.9754928e-17  8.4203715e-16  
-5.6650538e-16  1.0000000   -7.7234158e-17  -4.4036354e-16  3.5066317e-17  4.0131574e-17  -5.4135803e-16  2.2576075e-16  1.7748093e-16  6.3615562e-17  -1.3650275e-15  -5.6650538e-16  1.0000000   -7.7234158e-17  -4.4036354e-16  3.5066317e-17  4.0131574e-17  -5.4135803e-16  2.2576075e-16  1.7748093e-16  6.3615562e-17  -1.3650275e-15  
-1.7470732e-16  -7.7234158e-17  1.0000000   -5.5106058e-16  2.9353884e-16  -2.4898576e-16  -5.2087534e-16  3.8974937e-16  2.3977682e-16  -7.9593018e-16  3.3761357e-16  -1.7470732e-16  -7.7234158e-17  1.0000000   -5.5106058e-16  2.9353884e-16  -2.4898576e-16  -5.2087534e-16  3.8974937e-16  2.3977682e-16  -7.9593018e-16  3.3761357e-16  
-1.1303655e-16  -4.4036354e-16  -5.5106058e-16  1.0000000   2.8454314e-16  4.9346530e-16  4.0513882e-16  -5.0646767e-17  3.2990959e-16  -6.9319567e-16  -6.4705270e-17  -1.1303655e-16  -4.4036354e-16  -5.5106058e-16  1.0000000   2.8454314e-16  4.9346530e-16  4.0513882e-16  -5.0646767e-17  3.2990959e-16  -6.9319567e-16  -6.4705270e-17  
2.0555796e-17  3.5066317e-17  2.9353884e-16  2.8454314e-16  1.0000000   2.3690199e-16  8.6845388e-17  -5.5537767e-17  -1.1881014e-16  1.2514912e-18  -3.6734887e-16  2.0555796e-17  3.5066317e-17  2.9353884e-16  2.8454314e-16  1.0000000   2.3690199e-16  8.6845388e-17  -5.5537767e-17  -1.1881014e-16  1.2514912e-18  -3.6734887e-16  
-2.0015812e-16  4.0131574e-17  -2.4898576e-16  4.9346530e-16  2.3690199e-16  1.0000000   2.4431681e-16  -1.5723089e-16  -6.9454732e-16  2.0166626e-16  5.4092795e-17  -2.0015812e-16  4.0131574e-17  -2.4898576e-16  4.9346530e-16  2.3690199e-16  1.0000000   2.4431681e-16  -1.5723089e-16  -6.9454732e-16  2.0166626e-16  5.4092795e-17  
5.7003274e-16  -5.4135803e-16  -5.2087534e-16  4.0513882e-16  8.6845388e-17  2.4431681e-16  1.0000000   -3.7798475e-17  -2.0079430e-16  -4.1803659e-16  5.1128666e-16  5.7003274e-16  -5.4135803e-16  -5.2087534e-16  4.0513882e-16  8.6845388e-17  2.4431681e-16  1.0000000   -3.7798475e-17  -2.0079430e-16  -4.1803659e-16  5.1128666e-16  
-4.2843901e-16  2.2576075e-16  3.8974937e-16  -5.0646767e-17  -5.5537767e-17  -1.5723089e-16  -3.7798475e-17  1.0000000   5.4602823e-16  -3.2654894e-16  -3.0813068e-16  -4.2843901e-16  2.2576075e-16  3.8974937e-16  -5.0646767e-17  -5.5537767e-17  -1.5723089e-16  -3.7798475e-17  1.0000000   5.4602823e-16  -3.2654894e-16  -3.0813068e-16  
1.6216276e-16  1.7748093e-16  2.3977682e-16  3.2990959e-16  -1.1881014e-16  -6.9454732e-16  -2.0079430e-16  5.4602823e-16  1.0000000   -9.5232973e-17  -3.9578356e-16  1.6216276e-16  1.7748093e-16  2.3977682e-16  3.2990959e-16  -1.1881014e-16  -6.9454732e-16  -2.0079430e-16  5.4602823e-16  1.0000000   -9.5232973e-17  -3.9578356e-16  
7.9754928e-17  6.3615562e-17  -7.9593018e-16  -6.9319567e-16  1.2514912e-18  2.0166626e-16  -4.1803659e-16  -3.2654894e-16  -9.5232973e-17  1.0000000   -8.8135472e-17  7.9754928e-17  6.3615562e-17  -7.9593018e-16  -6.9319567e-16  1.2514912e-18  2.0166626e-16  -4.1803659e-16  -3.2654894e-16  -9.5232973e-17  1.0000000   -8.8135472e-17  
8.4203715e-16  -1.3650275e-15  3.3761357e-16  -6.4705270e-17  -3.6734887e-16  5.4092795e-17  5.1128666e-16  -3.0813068e-16  -3.9578356e-16  -8.8135472e-17  1.0000000   8.4203715e-16  -1.3650275e-15  3.3761357e-16  -6.4705270e-17  -3.6734887e-16  5.4092795e-17  5.1128666e-16  -3.0813068e-16  -3.9578356e-16  -8.8135472e-17  1.0000000   
