1.0000000   -4.0689822e-16  4.3090758e-16  1.5007306e-17  -1.7251224e-16  1.4602001e-17  -8.6257600e-18  2.2381972e-16  -3.1584863e-16  -4.3386340e-16  6.5046836e-18  1.0000000   -4.0689822e-16  4.3090758e-16  1.5007306e-17  -1.7251224e-16  1.4602001e-17  -8.6257600e-18  2.2381972e-16  -3.1584863e-16  -4.3386340e-16  6.5046836e-18  
-4.0689822e-16  1.0000000   2.9228905e-16  -6.2886818e-16  -2.2243276e-16  1.1307043e-17  7.0303989e-16  -1.2697786e-16  1.2134086e-16  2.2407410e-17  -2.0045882e-16  -4.0689822e-16  1.0000000   2.9228905e-16  -6.2886818e-16  -2.2243276e-16  1.1307043e-17  7.0303989e-16  -1.2697786e-16  1.2134086e-16  2.2407410e-17  -2.0045882e-16  
4.3090758e-16  2.9228905e-16  1.0000000   -5.9738968e-16  -3.5092469e-16  4.0555535e-16  -1.0277474e-16  -2.7258918e-16  -3.9162568e-16  1.9202830e-16  2.0440938e-16  4.3090758e-16  2.9228905e-16  1.0000000   -5.9738968e-16  -3.5092469e-16  4.0555535e-16  -1.0277474e-16  -2.7258918e-16  -3.9162568e-16  1.9202830e-16  2.0440938e-16  
1.5007306e-17  -6.2886818e-16  -5.9738968e-16  1.0000000   1.6231565e-16  -1.1053780e-18  -5.2306826e-16  2.3912672e-16  2.5266146e-16  -2.9885143e-16  3.8714996e-16  1.5007306e-17  -6.2886818e-16  -5.9738968e-16  1.0000000   1.6231565e-16  -1.1053780e-18  -5.2306826e-16  2.3912672e-16  2.5266146e-16  -2.9885143e-16  3.8714996e-16  
-1.7251224e-16  -2.2243276e-16  -3.5092469e-16  1.6231565e-16  1.0000000   3.4575398e-16  3.1070778e-16  -3.9337057e-17  2.6005563e-16  -1.4957670e-16  -4.5669475e-16  -1.7251224e-16  -2.2243276e-16  -3.5092469e-16  1.6231565e-16  1.0000000   3.4575398e-16  3.1070778e-16  -3.9337057e-17  2.6005563e-16  -1.4957670e-16  -4.5669475e-16  
1.4602001e-17  1.1307043e-17  4.0555535e-16  -1.1053780e-18  3.4575398e-16  1.0000000   2.0597512e-16  -1.4635819e-16  -2.0719231e-16  -2.8246770e-16  -4.0773032e-16  1.4602001e-17  1.1307043e-17  4.0555535e-16  -1.1053780e-18  3.4575398e-16  1.0000000   2.0597512e-16  -1.4635819e-16  -2.0719231e-16  -2.8246770e-16  -4.0773032e-16  
-8.6257600e-18  7.0303989e-16  -1.0277474e-16  -5.2306826e-16  3.1070778e-16  2.0597512e-16  1.0000000   -4.0648306e-16  -4.1859140e-16  3.4565975e-16  3.3791109e-17  -8.6257600e-18  7.0303989e-16  -1.0277474e-16  -5.2306826e-16  3.1070778e-16  2.0597512e-16  1.0000000   -4.0648306e-16  -4.1859140e-16  3.4565975e-16  3.3791109e-17  
2.2381972e-16  -1.2697786e-16  -2.7258918e-16  2.3912672e-16  -3.9337057e-17  -1.4635819e-16  -4.0648306e-16  1.0000000   -2.6382069e-16  -3.1448470e-16  -4.2223830e-16  2.2381972e-16  -1.2697786e-16  -2.7258918e-16  2.3912672e-16  -3.9337057e-17  -1.4635819e-16  -4.0648306e-16  1.0000000   -2.6382069e-16  -3.1448470e-16  -4.2223830e-16  
-3.1584863e-16  1.2134086e-16  -3.9162568e-16  2.5266146e-16  2.6005563e-16  -2.0719231e-16  -4.1859140e-16  -2.6382069e-16  1.0000000   -9.4667790e-17  -2.3940878e-16  -3.1584863e-16  1.2134086e-16  -3.9162568e-16  2.5266146e-16  2.6005563e-16  -2.0719231e-16  -4.1859140e-16  -2.6382069e-16  1.0000000   -9.4667790e-17  -2.3940878e-16  
-4.3386340e-16  2.2407410e-17  1.9202830e-16  -2.9885143e-16  -1.4957670e-16  -2.8246770e-16  3.4565975e-16  -3.1448470e-16  -9.4667790e-17  1.0000000   1.9088565e-16  -4.3386340e-16  2.2407410e-17  1.9202830e-16  -2.9885143e-16  -1.4957670e-16  -2.8246770e-16  3.4565975e-16  -3.1448470e-16  -9.4667790e-17  1.0000000   1.9088565e-16  
6.5046836e-18  -2.0045882e-16  2.0440938e-16  3.8714996e-16  -4.5669475e-16  -4.0773032e-16  3.3791109e-17  -4.2223830e-16  -2.3940878e-16  1.9088565e-16  1.0000000   6.5046836e-18  -2.0045882e-16  2.0440938e-16  3.8714996e-16  -4.5669475e-16  -4.0773032e-16  3.3791109e-17  -4.2223830e-16  -2.3940878e-16  1.9088565e-16  1.0000000   
1.0000000   -4.0689822e-16  4.3090758e-16  1.5007306e-17  -1.7251224e-16  1.4602001e-17  -8.6257600e-18  2.2381972e-16  -3.1584863e-16  -4.3386340e-16  6.5046836e-18  1.0000000   -4.0689822e-16  4.3090758e-16  1.5007306e-17  -1.7251224e-16  1.4602001e-17  -8.6257600e-18  2.2381972e-16  -3.1584863e-16  -4.3386340e-16  6.5046836e-18  
-4.0689822e-16  1.0000000   2.9228905e-16  -6.2886818e-16  -2.2243276e-16  1.1307043e-17  7.0303989e-16  -1.2697786e-16  1.2134086e-16  2.2407410e-17  -2.0045882e-16  -4.0689822e-16  1.0000000   2.9228905e-16  -6.2886818e-16  -2.2243276e-16  1.1307043e-17  7.0303989e-16  -1.2697786e-16  1.2134086e-16  2.2407410e-17  -2.0045882e-16  
4.3090758e-16  2.9228905e-16  1.0000000   -5.9738968e-16  -3.5092469e-16  4.0555535e-16  -1.0277474e-16  -2.7258918e-16  -3.9162568e-16  1.9202830e-16  2.0440938e-16  4.3090758e-16  2.9228905e-16  1.0000000   -5.9738968e-16  -3.5092469e-16  4.0555535e-16  -1.0277474e-16  -2.7258918e-16  -3.9162568e-16  1.9202830e-16  2.0440938e-16  
1.5007306e-17  -6.2886818e-16  -5.9738968e-16  1.0000000   1.6231565e-16  -1.1053780e-18  -5.2306826e-16  2.3912672e-16  2.5266146e-16  -2.9885143e-16  3.8714996e-16  1.5007306e-17  -6.2886818e-16  -5.9738968e-16  1.0000000   1.6231565e-16  -1.1053780e-18  -5.2306826e-16  2.3912672e-16  2.5266146e-16  -2.9885143e-16  3.8714996e-16  
-1.7251224e-16  -2.2243276e-16  -3.5092469e-16  1.6231565e-16  1.0000000   3.4575398e-16  3.1070778e-16  -3.9337057e-17  2.6005563e-16  -1.4957670e-16  -4.5669475e-16  -1.7251224e-16  -2.2243276e-16  -3.5092469e-16  1.6231565e-16  1.0000000   3.4575398e-16  3.1070778e-16  -3.9337057e-17  2.6005563e-16  -1.4957670e-16  -4.5669475e-16  
1.4602001e-17  1.1307043e-17  4.0555535e-16  -1.1053780e-18  3.4575398e-16  1.0000000   2.0597512e-16  -1.4635819e-16  -2.0719231e-16  -2.8246770e-16  -4.0773032e-16  1.4602001e-17  1.1307043e-17  4.0555535e-16  -1.1053780e-18  3.4575398e-16  1.0000000   2.0597512e-16  -1.4635819e-16  -2.0719231e-16  -2.8246770e-16  -4.0773032e-16  
-8.6257600e-18  7.0303989e-16  -1.0277474e-16  -5.2306826e-16  3.1070778e-16  2.0597512e-16  1.0000000   -4.0648306e-16  -4.1859140e-16  3.4565975e-16  3.3791109e-17  -8.6257600e-18  7.0303989e-16  -1.0277474e-16  -5.2306826e-16  3.1070778e-16  2.0597512e-16  1.0000000   -4.0648306e-16  -4.1859140e-16  3.4565975e-16  3.3791109e-17  
2.2381972e-16  -1.2697786e-16  -2.7258918e-16  2.3912672e-16  -3.9337057e-17  -1.4635819e-16  -4.0648306e-16  1.0000000   -2.6382069e-16  -3.1448470e-16  -4.2223830e-16  2.2381972e-16  -1.2697786e-16  -2.7258918e-16  2.3912672e-16  -3.9337057e-17  -1.4635819e-16  -4.0648306e-16  1.0000000   -2.6382069e-16  -3.1448470e-16  -4.2223830e-16  
-3.1584863e-16  1.2134086e-16  -3.9162568e-16  2.5266146e-16  2.6005563e-16  -2.0719231e-16  -4.1859140e-16  -2.6382069e-16  1.0000000   -9.4667790e-17  -2.3940878e-16  -3.1584863e-16  1.2134086e-16  -3.9162568e-16  2.5266146e-16  2.6005563e-16  -2.0719231e-16  -4.1859140e-16  -2.6382069e-16  1.0000000   -9.4667790e-17  -2.3940878e-16  
-4.3386340e-16  2.2407410e-17  1.9202830e-16  -2.9885143e-16  -1.4957670e-16  -2.8246770e-16  3.4565975e-16  -3.1448470e-16  -9.4667790e-17  1.0000000   1.9088565e-16  -4.3386340e-16  2.2407410e-17  1.9202830e-16  -2.9885143e-16  -1.4957670e-16  -2.8246770e-16  3.4565975e-16  -3.1448470e-16  -9.4667790e-17  1.0000000   1.9088565e-16  
6.5046836e-18  -2.0045882e-16  2.0440938e-16  3.8714996e-16  -4.5669475e-16  -4.0773032e-16  3.3791109e-17  -4.2223830e-16  -2.3940878e-16  1.9088565e-16  1.0000000   6.5046836e-18  -2.0045882e-16  2.0440938e-16  3.8714996e-16  -4.5669475e-16  -4.0773032e-16  3.3791109e-17  -4.2223830e-16  -2.3940878e-16  1.9088565e-16  1.0000000   
