1.0000000   -1.4172894e-16  7.2075516e-16  6.7403240e-16  1.4269964e-17  1.6055001e-16  1.5421336e-16  -2.9756437e-16  -1.0102393e-16  3.3443571e-16  -2.1137877e-16  1.0000000   -1.4172894e-16  7.2075516e-16  6.7403240e-16  1.4269964e-17  1.6055001e-16  1.5421336e-16  -2.9756437e-16  -1.0102393e-16  3.3443571e-16  -2.1137877e-16  
-1.4172894e-16  1.0000000   1.5381957e-15  2.0222658e-16  4.0978988e-16  -4.7162667e-16  -9.8996658e-16  -2.5751072e-17  -4.6161030e-16  1.2467647e-16  -5.2272351e-16  -1.4172894e-16  1.0000000   1.5381957e-15  2.0222658e-16  4.0978988e-16  -4.7162667e-16  -9.8996658e-16  -2.5751072e-17  -4.6161030e-16  1.2467647e-16  -5.2272351e-16  
7.2075516e-16  1.5381957e-15  1.0000000   -6.6912003e-16  -5.4686565e-16  1.0465261e-16  -2.9433548e-16  1.3122870e-16  2.5891913e-16  -7.9302994e-16  -3.4361967e-16  7.2075516e-16  1.5381957e-15  1.0000000   -6.6912003e-16  -5.4686565e-16  1.0465261e-16  -2.9433548e-16  1.3122870e-16  2.5891913e-16  -7.9302994e-16  -3.4361967e-16  
6.7403240e-16  2.0222658e-16  -6.6912003e-16  1.0000000   -4.8869566e-18  4.1271998e-16  -2.2963953e-16  2.7279940e-16  -2.0354740e-16  -2.4259659e-16  -2.1173325e-16  6.7403240e-16  2.0222658e-16  -6.6912003e-16  1.0000000   -4.8869566e-18  4.1271998e-16  -2.2963953e-16  2.7279940e-16  -2.0354740e-16  -2.4259659e-16  -2.1173325e-16  
1.4269964e-17  4.0978988e-16  -5.4686565e-16  -4.8869566e-18  1.0000000   3.2292877e-16  -1.9175809e-16  2.3511813e-16  6.5153986e-17  -4.3369188e-16  -2.3682808e-16  1.4269964e-17  4.0978988e-16  -5.4686565e-16  -4.8869566e-18  1.0000000   3.2292877e-16  -1.9175809e-16  2.3511813e-16  6.5153986e-17  -4.3369188e-16  -2.3682808e-16  
1.6055001e-16  -4.7162667e-16  1.0465261e-16  4.1271998e-16  3.2292877e-16  1.0000000   2.0174271e-16  1.0167445e-16  -1.8433936e-16  -3.2034786e-17  -2.4830517e-16  1.6055001e-16  -4.7162667e-16  1.0465261e-16  4.1271998e-16  3.2292877e-16  1.0000000   2.0174271e-16  1.0167445e-16  -1.8433936e-16  -3.2034786e-17  -2.4830517e-16  
1.5421336e-16  -9.8996658e-16  -2.9433548e-16  -2.2963953e-16  -1.9175809e-16  2.0174271e-16  1.0000000   2.2506491e-16  2.2522839e-16  6.5920509e-16  8.9307385e-16  1.5421336e-16  -9.8996658e-16  -2.9433548e-16  -2.2963953e-16  -1.9175809e-16  2.0174271e-16  1.0000000   2.2506491e-16  2.2522839e-16  6.5920509e-16  8.9307385e-16  
-2.9756437e-16  -2.5751072e-17  1.3122870e-16  2.7279940e-16  2.3511813e-16  1.0167445e-16  2.2506491e-16  1.0000000   -4.5534014e-16  7.7042729e-17  -1.0903093e-16  -2.9756437e-16  -2.5751072e-17  1.3122870e-16  2.7279940e-16  2.3511813e-16  1.0167445e-16  2.2506491e-16  1.0000000   -4.5534014e-16  7.7042729e-17  -1.0903093e-16  
-1.0102393e-16  -4.6161030e-16  2.5891913e-16  -2.0354740e-16  6.5153986e-17  -1.8433936e-16  2.2522839e-16  -4.5534014e-16  1.0000000   2.9985009e-16  5.1288544e-16  -1.0102393e-16  -4.6161030e-16  2.5891913e-16  -2.0354740e-16  6.5153986e-17  -1.8433936e-16  2.2522839e-16  -4.5534014e-16  1.0000000   2.9985009e-16  5.1288544e-16  
3.3443571e-16  1.2467647e-16  -7.9302994e-16  -2.4259659e-16  -4.3369188e-16  -3.2034786e-17  6.5920509e-16  7.7042729e-17  2.9985009e-16  1.0000000   -3.9424132e-16  3.3443571e-16  1.2467647e-16  -7.9302994e-16  -2.4259659e-16  -4.3369188e-16  -3.2034786e-17  6.5920509e-16  7.7042729e-17  2.9985009e-16  1.0000000   -3.9424132e-16  
-2.1137877e-16  -5.2272351e-16  -3.4361967e-16  -2.1173325e-16  -2.3682808e-16  -2.4830517e-16  8.9307385e-16  -1.0903093e-16  5.1288544e-16  -3.9424132e-16  1.0000000   -2.1137877e-16  -5.2272351e-16  -3.4361967e-16  -2.1173325e-16  -2.3682808e-16  -2.4830517e-16  8.9307385e-16  -1.0903093e-16  5.1288544e-16  -3.9424132e-16  1.0000000   
1.0000000   -1.4172894e-16  7.2075516e-16  6.7403240e-16  1.4269964e-17  1.6055001e-16  1.5421336e-16  -2.9756437e-16  -1.0102393e-16  3.3443571e-16  -2.1137877e-16  1.0000000   -1.4172894e-16  7.2075516e-16  6.7403240e-16  1.4269964e-17  1.6055001e-16  1.5421336e-16  -2.9756437e-16  -1.0102393e-16  3.3443571e-16  -2.1137877e-16  
-1.4172894e-16  1.0000000   1.5381957e-15  2.0222658e-16  4.0978988e-16  -4.7162667e-16  -9.8996658e-16  -2.5751072e-17  -4.6161030e-16  1.2467647e-16  -5.2272351e-16  -1.4172894e-16  1.0000000   1.5381957e-15  2.0222658e-16  4.0978988e-16  -4.7162667e-16  -9.8996658e-16  -2.5751072e-17  -4.6161030e-16  1.2467647e-16  -5.2272351e-16  
7.2075516e-16  1.5381957e-15  1.0000000   -6.6912003e-16  -5.4686565e-16  1.0465261e-16  -2.9433548e-16  1.3122870e-16  2.5891913e-16  -7.9302994e-16  -3.4361967e-16  7.2075516e-16  1.5381957e-15  1.0000000   -6.6912003e-16  -5.4686565e-16  1.0465261e-16  -2.9433548e-16  1.3122870e-16  2.5891913e-16  -7.9302994e-16  -3.4361967e-16  
6.7403240e-16  2.0222658e-16  -6.6912003e-16  1.0000000   -4.8869566e-18  4.1271998e-16  -2.2963953e-16  2.7279940e-16  -2.0354740e-16  -2.4259659e-16  -2.1173325e-16  6.7403240e-16  2.0222658e-16  -6.6912003e-16  1.0000000   -4.8869566e-18  4.1271998e-16  -2.2963953e-16  2.7279940e-16  -2.0354740e-16  -2.4259659e-16  -2.1173325e-16  
1.4269964e-17  4.0978988e-16  -5.4686565e-16  -4.8869566e-18  1.0000000   3.2292877e-16  -1.9175809e-16  2.3511813e-16  6.5153986e-17  -4.3369188e-16  -2.3682808e-16  1.4269964e-17  4.0978988e-16  -5.4686565e-16  -4.8869566e-18  1.0000000   3.2292877e-16  -1.9175809e-16  2.3511813e-16  6.5153986e-17  -4.3369188e-16  -2.3682808e-16  
1.6055001e-16  -4.7162667e-16  1.0465261e-16  4.1271998e-16  3.2292877e-16  1.0000000   2.0174271e-16  1.0167445e-16  -1.8433936e-16  -3.2034786e-17  -2.4830517e-16  1.6055001e-16  -4.7162667e-16  1.0465261e-16  4.1271998e-16  3.2292877e-16  1.0000000   2.0174271e-16  1.0167445e-16  -1.8433936e-16  -3.2034786e-17  -2.4830517e-16  
1.5421336e-16  -9.8996658e-16  -2.9433548e-16  -2.2963953e-16  -1.9175809e-16  2.0174271e-16  1.0000000   2.2506491e-16  2.2522839e-16  6.5920509e-16  8.9307385e-16  1.5421336e-16  -9.8996658e-16  -2.9433548e-16  -2.2963953e-16  -1.9175809e-16  2.0174271e-16  1.0000000   2.2506491e-16  2.2522839e-16  6.5920509e-16  8.9307385e-16  
-2.9756437e-16  -2.5751072e-17  1.3122870e-16  2.7279940e-16  2.3511813e-16  1.0167445e-16  2.2506491e-16  1.0000000   -4.5534014e-16  7.7042729e-17  -1.0903093e-16  -2.9756437e-16  -2.5751072e-17  1.3122870e-16  2.7279940e-16  2.3511813e-16  1.0167445e-16  2.2506491e-16  1.0000000   -4.5534014e-16  7.7042729e-17  -1.0903093e-16  
-1.0102393e-16  -4.6161030e-16  2.5891913e-16  -2.0354740e-16  6.5153986e-17  -1.8433936e-16  2.2522839e-16  -4.5534014e-16  1.0000000   2.9985009e-16  5.1288544e-16  -1.0102393e-16  -4.6161030e-16  2.5891913e-16  -2.0354740e-16  6.5153986e-17  -1.8433936e-16  2.2522839e-16  -4.5534014e-16  1.0000000   2.9985009e-16  5.1288544e-16  
3.3443571e-16  1.2467647e-16  -7.9302994e-16  -2.4259659e-16  -4.3369188e-16  -3.2034786e-17  6.5920509e-16  7.7042729e-17  2.9985009e-16  1.0000000   -3.9424132e-16  3.3443571e-16  1.2467647e-16  -7.9302994e-16  -2.4259659e-16  -4.3369188e-16  -3.2034786e-17  6.5920509e-16  7.7042729e-17  2.9985009e-16  1.0000000   -3.9424132e-16  
-2.1137877e-16  -5.2272351e-16  -3.4361967e-16  -2.1173325e-16  -2.3682808e-16  -2.4830517e-16  8.9307385e-16  -1.0903093e-16  5.1288544e-16  -3.9424132e-16  1.0000000   -2.1137877e-16  -5.2272351e-16  -3.4361967e-16  -2.1173325e-16  -2.3682808e-16  -2.4830517e-16  8.9307385e-16  -1.0903093e-16  5.1288544e-16  -3.9424132e-16  1.0000000   
