1.0000000   -3.5915891e-16  4.0292510e-16  4.5460936e-16  -2.8489784e-16  9.9464538e-17  -4.4504127e-16  2.9500125e-16  -1.6787071e-16  -1.2781727e-16  1.8947492e-16  1.0000000   -3.5915891e-16  4.0292510e-16  4.5460936e-16  -2.8489784e-16  9.9464538e-17  -4.4504127e-16  2.9500125e-16  -1.6787071e-16  -1.2781727e-16  1.8947492e-16  
-3.5915891e-16  1.0000000   1.8774559e-16  2.3603420e-16  -2.6420143e-16  -2.8248453e-16  -6.8218594e-16  3.9181796e-16  3.5080293e-17  -3.5747331e-17  7.4049314e-17  -3.5915891e-16  1.0000000   1.8774559e-16  2.3603420e-16  -2.6420143e-16  -2.8248453e-16  -6.8218594e-16  3.9181796e-16  3.5080293e-17  -3.5747331e-17  7.4049314e-17  
4.0292510e-16  1.8774559e-16  1.0000000   -6.9593159e-16  -6.0845913e-16  3.1229724e-16  -1.6004603e-16  1.9700356e-16  -2.0114465e-16  -4.5562156e-16  2.6513952e-16  4.0292510e-16  1.8774559e-16  1.0000000   -6.9593159e-16  -6.0845913e-16  3.1229724e-16  -1.6004603e-16  1.9700356e-16  -2.0114465e-16  -4.5562156e-16  2.6513952e-16  
4.5460936e-16  2.3603420e-16  -6.9593159e-16  1.0000000   4.4593998e-16  2.5045663e-16  2.4278421e-16  -2.0063966e-16  -2.1402490e-16  1.7925419e-16  -4.7397423e-17  4.5460936e-16  2.3603420e-16  -6.9593159e-16  1.0000000   4.4593998e-16  2.5045663e-16  2.4278421e-16  -2.0063966e-16  -2.1402490e-16  1.7925419e-16  -4.7397423e-17  
-2.8489784e-16  -2.6420143e-16  -6.0845913e-16  4.4593998e-16  1.0000000   -4.8157804e-16  -9.1485911e-17  -1.4558802e-17  6.6044853e-16  7.6965924e-16  -3.8664259e-16  -2.8489784e-16  -2.6420143e-16  -6.0845913e-16  4.4593998e-16  1.0000000   -4.8157804e-16  -9.1485911e-17  -1.4558802e-17  6.6044853e-16  7.6965924e-16  -3.8664259e-16  
9.9464538e-17  -2.8248453e-16  3.1229724e-16  2.5045663e-16  -4.8157804e-16  1.0000000   -1.4815496e-16  3.8094841e-16  -4.4906235e-16  3.9990628e-16  -2.5418866e-16  9.9464538e-17  -2.8248453e-16  3.1229724e-16  2.5045663e-16  -4.8157804e-16  1.0000000   -1.4815496e-16  3.8094841e-16  -4.4906235e-16  3.9990628e-16  -2.5418866e-16  
-4.4504127e-16  -6.8218594e-16  -1.6004603e-16  2.4278421e-16  -9.1485911e-17  -1.4815496e-16  1.0000000   5.7039834e-16  -3.9737630e-16  -5.7800681e-17  1.5442787e-16  -4.4504127e-16  -6.8218594e-16  -1.6004603e-16  2.4278421e-16  -9.1485911e-17  -1.4815496e-16  1.0000000   5.7039834e-16  -3.9737630e-16  -5.7800681e-17  1.5442787e-16  
2.9500125e-16  3.9181796e-16  1.9700356e-16  -2.0063966e-16  -1.4558802e-17  3.8094841e-16  5.7039834e-16  1.0000000   1.7829684e-16  -3.9913823e-16  2.6503343e-17  2.9500125e-16  3.9181796e-16  1.9700356e-16  -2.0063966e-16  -1.4558802e-17  3.8094841e-16  5.7039834e-16  1.0000000   1.7829684e-16  -3.9913823e-16  2.6503343e-17  
-1.6787071e-16  3.5080293e-17  -2.0114465e-16  -2.1402490e-16  6.6044853e-16  -4.4906235e-16  -3.9737630e-16  1.7829684e-16  1.0000000   2.6503375e-16  -2.7276594e-16  -1.6787071e-16  3.5080293e-17  -2.0114465e-16  -2.1402490e-16  6.6044853e-16  -4.4906235e-16  -3.9737630e-16  1.7829684e-16  1.0000000   2.6503375e-16  -2.7276594e-16  
-1.2781727e-16  -3.5747331e-17  -4.5562156e-16  1.7925419e-16  7.6965924e-16  3.9990628e-16  -5.7800681e-17  -3.9913823e-16  2.6503375e-16  1.0000000   3.2230451e-16  -1.2781727e-16  -3.5747331e-17  -4.5562156e-16  1.7925419e-16  7.6965924e-16  3.9990628e-16  -5.7800681e-17  -3.9913823e-16  2.6503375e-16  1.0000000   3.2230451e-16  
1.8947492e-16  7.4049314e-17  2.6513952e-16  -4.7397423e-17  -3.8664259e-16  -2.5418866e-16  1.5442787e-16  2.6503343e-17  -2.7276594e-16  3.2230451e-16  1.0000000   1.8947492e-16  7.4049314e-17  2.6513952e-16  -4.7397423e-17  -3.8664259e-16  -2.5418866e-16  1.5442787e-16  2.6503343e-17  -2.7276594e-16  3.2230451e-16  1.0000000   
1.0000000   -3.5915891e-16  4.0292510e-16  4.5460936e-16  -2.8489784e-16  9.9464538e-17  -4.4504127e-16  2.9500125e-16  -1.6787071e-16  -1.2781727e-16  1.8947492e-16  1.0000000   -3.5915891e-16  4.0292510e-16  4.5460936e-16  -2.8489784e-16  9.9464538e-17  -4.4504127e-16  2.9500125e-16  -1.6787071e-16  -1.2781727e-16  1.8947492e-16  
-3.5915891e-16  1.0000000   1.8774559e-16  2.3603420e-16  -2.6420143e-16  -2.8248453e-16  -6.8218594e-16  3.9181796e-16  3.5080293e-17  -3.5747331e-17  7.4049314e-17  -3.5915891e-16  1.0000000   1.8774559e-16  2.3603420e-16  -2.6420143e-16  -2.8248453e-16  -6.8218594e-16  3.9181796e-16  3.5080293e-17  -3.5747331e-17  7.4049314e-17  
4.0292510e-16  1.8774559e-16  1.0000000   -6.9593159e-16  -6.0845913e-16  3.1229724e-16  -1.6004603e-16  1.9700356e-16  -2.0114465e-16  -4.5562156e-16  2.6513952e-16  4.0292510e-16  1.8774559e-16  1.0000000   -6.9593159e-16  -6.0845913e-16  3.1229724e-16  -1.6004603e-16  1.9700356e-16  -2.0114465e-16  -4.5562156e-16  2.6513952e-16  
4.5460936e-16  2.3603420e-16  -6.9593159e-16  1.0000000   4.4593998e-16  2.5045663e-16  2.4278421e-16  -2.0063966e-16  -2.1402490e-16  1.7925419e-16  -4.7397423e-17  4.5460936e-16  2.3603420e-16  -6.9593159e-16  1.0000000   4.4593998e-16  2.5045663e-16  2.4278421e-16  -2.0063966e-16  -2.1402490e-16  1.7925419e-16  -4.7397423e-17  
-2.8489784e-16  -2.6420143e-16  -6.0845913e-16  4.4593998e-16  1.0000000   -4.8157804e-16  -9.1485911e-17  -1.4558802e-17  6.6044853e-16  7.6965924e-16  -3.8664259e-16  -2.8489784e-16  -2.6420143e-16  -6.0845913e-16  4.4593998e-16  1.0000000   -4.8157804e-16  -9.1485911e-17  -1.4558802e-17  6.6044853e-16  7.6965924e-16  -3.8664259e-16  
9.9464538e-17  -2.8248453e-16  3.1229724e-16  2.5045663e-16  -4.8157804e-16  1.0000000   -1.4815496e-16  3.8094841e-16  -4.4906235e-16  3.9990628e-16  -2.5418866e-16  9.9464538e-17  -2.8248453e-16  3.1229724e-16  2.5045663e-16  -4.8157804e-16  1.0000000   -1.4815496e-16  3.8094841e-16  -4.4906235e-16  3.9990628e-16  -2.5418866e-16  
-4.4504127e-16  -6.8218594e-16  -1.6004603e-16  2.4278421e-16  -9.1485911e-17  -1.4815496e-16  1.0000000   5.7039834e-16  -3.9737630e-16  -5.7800681e-17  1.5442787e-16  -4.4504127e-16  -6.8218594e-16  -1.6004603e-16  2.4278421e-16  -9.1485911e-17  -1.4815496e-16  1.0000000   5.7039834e-16  -3.9737630e-16  -5.7800681e-17  1.5442787e-16  
2.9500125e-16  3.9181796e-16  1.9700356e-16  -2.0063966e-16  -1.4558802e-17  3.8094841e-16  5.7039834e-16  1.0000000   1.7829684e-16  -3.9913823e-16  2.6503343e-17  2.9500125e-16  3.9181796e-16  1.9700356e-16  -2.0063966e-16  -1.4558802e-17  3.8094841e-16  5.7039834e-16  1.0000000   1.7829684e-16  -3.9913823e-16  2.6503343e-17  
-1.6787071e-16  3.5080293e-17  -2.0114465e-16  -2.1402490e-16  6.6044853e-16  -4.4906235e-16  -3.9737630e-16  1.7829684e-16  1.0000000   2.6503375e-16  -2.7276594e-16  -1.6787071e-16  3.5080293e-17  -2.0114465e-16  -2.1402490e-16  6.6044853e-16  -4.4906235e-16  -3.9737630e-16  1.7829684e-16  1.0000000   2.6503375e-16  -2.7276594e-16  
-1.2781727e-16  -3.5747331e-17  -4.5562156e-16  1.7925419e-16  7.6965924e-16  3.9990628e-16  -5.7800681e-17  -3.9913823e-16  2.6503375e-16  1.0000000   3.2230451e-16  -1.2781727e-16  -3.5747331e-17  -4.5562156e-16  1.7925419e-16  7.6965924e-16  3.9990628e-16  -5.7800681e-17  -3.9913823e-16  2.6503375e-16  1.0000000   3.2230451e-16  
1.8947492e-16  7.4049314e-17  2.6513952e-16  -4.7397423e-17  -3.8664259e-16  -2.5418866e-16  1.5442787e-16  2.6503343e-17  -2.7276594e-16  3.2230451e-16  1.0000000   1.8947492e-16  7.4049314e-17  2.6513952e-16  -4.7397423e-17  -3.8664259e-16  -2.5418866e-16  1.5442787e-16  2.6503343e-17  -2.7276594e-16  3.2230451e-16  1.0000000   
