1.0000000   -5.4716973e-16  1.8949271e-16  3.6696517e-16  -3.6883880e-16  -2.6835783e-16  -5.2696461e-17  -1.8210658e-16  -4.8377736e-16  1.5845572e-16  -6.1966474e-16  1.0000000   -5.4716973e-16  1.8949271e-16  3.6696517e-16  -3.6883880e-16  -2.6835783e-16  -5.2696461e-17  -1.8210658e-16  -4.8377736e-16  1.5845572e-16  -6.1966474e-16  
-5.4716973e-16  1.0000000   3.0710069e-16  -6.4268794e-16  4.1021636e-16  5.3187380e-16  -2.0062547e-16  5.3698289e-17  8.1017833e-16  6.9996770e-16  8.9931436e-16  -5.4716973e-16  1.0000000   3.0710069e-16  -6.4268794e-16  4.1021636e-16  5.3187380e-16  -2.0062547e-16  5.3698289e-17  8.1017833e-16  6.9996770e-16  8.9931436e-16  
1.8949271e-16  3.0710069e-16  1.0000000   -5.1374602e-16  2.7682794e-16  -1.5781876e-16  -2.6004420e-16  -1.4067523e-17  2.3962721e-16  1.5157655e-16  1.3949828e-16  1.8949271e-16  3.0710069e-16  1.0000000   -5.1374602e-16  2.7682794e-16  -1.5781876e-16  -2.6004420e-16  -1.4067523e-17  2.3962721e-16  1.5157655e-16  1.3949828e-16  
3.6696517e-16  -6.4268794e-16  -5.1374602e-16  1.0000000   2.6553636e-17  -5.1567620e-16  2.8546027e-16  1.9801724e-17  1.1883025e-17  -1.9139556e-17  4.7095837e-16  3.6696517e-16  -6.4268794e-16  -5.1374602e-16  1.0000000   2.6553636e-17  -5.1567620e-16  2.8546027e-16  1.9801724e-17  1.1883025e-17  -1.9139556e-17  4.7095837e-16  
-3.6883880e-16  4.1021636e-16  2.7682794e-16  2.6553636e-17  1.0000000   6.5883070e-17  -5.5294311e-17  1.3666030e-16  3.2878706e-16  -2.8187901e-16  2.2157323e-17  -3.6883880e-16  4.1021636e-16  2.7682794e-16  2.6553636e-17  1.0000000   6.5883070e-17  -5.5294311e-17  1.3666030e-16  3.2878706e-16  -2.8187901e-16  2.2157323e-17  
-2.6835783e-16  5.3187380e-16  -1.5781876e-16  -5.1567620e-16  6.5883070e-17  1.0000000   5.1034582e-17  -1.6914528e-16  7.6458520e-16  4.8090719e-17  -1.6668804e-16  -2.6835783e-16  5.3187380e-16  -1.5781876e-16  -5.1567620e-16  6.5883070e-17  1.0000000   5.1034582e-17  -1.6914528e-16  7.6458520e-16  4.8090719e-17  -1.6668804e-16  
-5.2696461e-17  -2.0062547e-16  -2.6004420e-16  2.8546027e-16  -5.5294311e-17  5.1034582e-17  1.0000000   8.2645005e-17  1.1998688e-16  2.9456757e-16  -1.6828025e-16  -5.2696461e-17  -2.0062547e-16  -2.6004420e-16  2.8546027e-16  -5.5294311e-17  5.1034582e-17  1.0000000   8.2645005e-17  1.1998688e-16  2.9456757e-16  -1.6828025e-16  
-1.8210658e-16  5.3698289e-17  -1.4067523e-17  1.9801724e-17  1.3666030e-16  -1.6914528e-16  8.2645005e-17  1.0000000   3.4111393e-16  2.0900326e-16  8.7468434e-17  -1.8210658e-16  5.3698289e-17  -1.4067523e-17  1.9801724e-17  1.3666030e-16  -1.6914528e-16  8.2645005e-17  1.0000000   3.4111393e-16  2.0900326e-16  8.7468434e-17  
-4.8377736e-16  8.1017833e-16  2.3962721e-16  1.1883025e-17  3.2878706e-16  7.6458520e-16  1.1998688e-16  3.4111393e-16  1.0000000   2.0999620e-16  3.3933765e-16  -4.8377736e-16  8.1017833e-16  2.3962721e-16  1.1883025e-17  3.2878706e-16  7.6458520e-16  1.1998688e-16  3.4111393e-16  1.0000000   2.0999620e-16  3.3933765e-16  
1.5845572e-16  6.9996770e-16  1.5157655e-16  -1.9139556e-17  -2.8187901e-16  4.8090719e-17  2.9456757e-16  2.0900326e-16  2.0999620e-16  1.0000000   4.1049758e-17  1.5845572e-16  6.9996770e-16  1.5157655e-16  -1.9139556e-17  -2.8187901e-16  4.8090719e-17  2.9456757e-16  2.0900326e-16  2.0999620e-16  1.0000000   4.1049758e-17  
-6.1966474e-16  8.9931436e-16  1.3949828e-16  4.7095837e-16  2.2157323e-17  -1.6668804e-16  -1.6828025e-16  8.7468434e-17  3.3933765e-16  4.1049758e-17  1.0000000   -6.1966474e-16  8.9931436e-16  1.3949828e-16  4.7095837e-16  2.2157323e-17  -1.6668804e-16  -1.6828025e-16  8.7468434e-17  3.3933765e-16  4.1049758e-17  1.0000000   
1.0000000   -5.4716973e-16  1.8949271e-16  3.6696517e-16  -3.6883880e-16  -2.6835783e-16  -5.2696461e-17  -1.8210658e-16  -4.8377736e-16  1.5845572e-16  -6.1966474e-16  1.0000000   -5.4716973e-16  1.8949271e-16  3.6696517e-16  -3.6883880e-16  -2.6835783e-16  -5.2696461e-17  -1.8210658e-16  -4.8377736e-16  1.5845572e-16  -6.1966474e-16  
-5.4716973e-16  1.0000000   3.0710069e-16  -6.4268794e-16  4.1021636e-16  5.3187380e-16  -2.0062547e-16  5.3698289e-17  8.1017833e-16  6.9996770e-16  8.9931436e-16  -5.4716973e-16  1.0000000   3.0710069e-16  -6.4268794e-16  4.1021636e-16  5.3187380e-16  -2.0062547e-16  5.3698289e-17  8.1017833e-16  6.9996770e-16  8.9931436e-16  
1.8949271e-16  3.0710069e-16  1.0000000   -5.1374602e-16  2.7682794e-16  -1.5781876e-16  -2.6004420e-16  -1.4067523e-17  2.3962721e-16  1.5157655e-16  1.3949828e-16  1.8949271e-16  3.0710069e-16  1.0000000   -5.1374602e-16  2.7682794e-16  -1.5781876e-16  -2.6004420e-16  -1.4067523e-17  2.3962721e-16  1.5157655e-16  1.3949828e-16  
3.6696517e-16  -6.4268794e-16  -5.1374602e-16  1.0000000   2.6553636e-17  -5.1567620e-16  2.8546027e-16  1.9801724e-17  1.1883025e-17  -1.9139556e-17  4.7095837e-16  3.6696517e-16  -6.4268794e-16  -5.1374602e-16  1.0000000   2.6553636e-17  -5.1567620e-16  2.8546027e-16  1.9801724e-17  1.1883025e-17  -1.9139556e-17  4.7095837e-16  
-3.6883880e-16  4.1021636e-16  2.7682794e-16  2.6553636e-17  1.0000000   6.5883070e-17  -5.5294311e-17  1.3666030e-16  3.2878706e-16  -2.8187901e-16  2.2157323e-17  -3.6883880e-16  4.1021636e-16  2.7682794e-16  2.6553636e-17  1.0000000   6.5883070e-17  -5.5294311e-17  1.3666030e-16  3.2878706e-16  -2.8187901e-16  2.2157323e-17  
-2.6835783e-16  5.3187380e-16  -1.5781876e-16  -5.1567620e-16  6.5883070e-17  1.0000000   5.1034582e-17  -1.6914528e-16  7.6458520e-16  4.8090719e-17  -1.6668804e-16  -2.6835783e-16  5.3187380e-16  -1.5781876e-16  -5.1567620e-16  6.5883070e-17  1.0000000   5.1034582e-17  -1.6914528e-16  7.6458520e-16  4.8090719e-17  -1.6668804e-16  
-5.2696461e-17  -2.0062547e-16  -2.6004420e-16  2.8546027e-16  -5.5294311e-17  5.1034582e-17  1.0000000   8.2645005e-17  1.1998688e-16  2.9456757e-16  -1.6828025e-16  -5.2696461e-17  -2.0062547e-16  -2.6004420e-16  2.8546027e-16  -5.5294311e-17  5.1034582e-17  1.0000000   8.2645005e-17  1.1998688e-16  2.9456757e-16  -1.6828025e-16  
-1.8210658e-16  5.3698289e-17  -1.4067523e-17  1.9801724e-17  1.3666030e-16  -1.6914528e-16  8.2645005e-17  1.0000000   3.4111393e-16  2.0900326e-16  8.7468434e-17  -1.8210658e-16  5.3698289e-17  -1.4067523e-17  1.9801724e-17  1.3666030e-16  -1.6914528e-16  8.2645005e-17  1.0000000   3.4111393e-16  2.0900326e-16  8.7468434e-17  
-4.8377736e-16  8.1017833e-16  2.3962721e-16  1.1883025e-17  3.2878706e-16  7.6458520e-16  1.1998688e-16  3.4111393e-16  1.0000000   2.0999620e-16  3.3933765e-16  -4.8377736e-16  8.1017833e-16  2.3962721e-16  1.1883025e-17  3.2878706e-16  7.6458520e-16  1.1998688e-16  3.4111393e-16  1.0000000   2.0999620e-16  3.3933765e-16  
1.5845572e-16  6.9996770e-16  1.5157655e-16  -1.9139556e-17  -2.8187901e-16  4.8090719e-17  2.9456757e-16  2.0900326e-16  2.0999620e-16  1.0000000   4.1049758e-17  1.5845572e-16  6.9996770e-16  1.5157655e-16  -1.9139556e-17  -2.8187901e-16  4.8090719e-17  2.9456757e-16  2.0900326e-16  2.0999620e-16  1.0000000   4.1049758e-17  
-6.1966474e-16  8.9931436e-16  1.3949828e-16  4.7095837e-16  2.2157323e-17  -1.6668804e-16  -1.6828025e-16  8.7468434e-17  3.3933765e-16  4.1049758e-17  1.0000000   -6.1966474e-16  8.9931436e-16  1.3949828e-16  4.7095837e-16  2.2157323e-17  -1.6668804e-16  -1.6828025e-16  8.7468434e-17  3.3933765e-16  4.1049758e-17  1.0000000   
