1.0000000   5.8400741e-16  1.0571818e-17  -2.7655287e-16  -9.7701015e-18  4.2278072e-16  -1.3885953e-15  1.0204799e-16  -3.9156639e-17  -4.4775347e-16  2.6963854e-16  1.0000000   5.8400741e-16  1.0571818e-17  -2.7655287e-16  -9.7701015e-18  4.2278072e-16  -1.3885953e-15  1.0204799e-16  -3.9156639e-17  -4.4775347e-16  2.6963854e-16  
5.8400741e-16  1.0000000   2.1031743e-16  6.1614659e-16  3.3739440e-18  -3.9293858e-17  6.4579825e-16  2.6623262e-16  1.0408044e-16  -1.9016737e-17  -2.0418237e-16  5.8400741e-16  1.0000000   2.1031743e-16  6.1614659e-16  3.3739440e-18  -3.9293858e-17  6.4579825e-16  2.6623262e-16  1.0408044e-16  -1.9016737e-17  -2.0418237e-16  
1.0571818e-17  2.1031743e-16  1.0000000   -4.1604903e-16  1.9367281e-16  -6.7124862e-16  -5.3966205e-16  2.2206345e-16  -6.8278818e-16  4.9558055e-16  2.8319721e-16  1.0571818e-17  2.1031743e-16  1.0000000   -4.1604903e-16  1.9367281e-16  -6.7124862e-16  -5.3966205e-16  2.2206345e-16  -6.8278818e-16  4.9558055e-16  2.8319721e-16  
-2.7655287e-16  6.1614659e-16  -4.1604903e-16  1.0000000   3.9048605e-16  3.7082298e-16  -1.3011019e-16  2.6106826e-16  4.7484752e-16  -9.0664628e-16  -5.5074082e-17  -2.7655287e-16  6.1614659e-16  -4.1604903e-16  1.0000000   3.9048605e-16  3.7082298e-16  -1.3011019e-16  2.6106826e-16  4.7484752e-16  -9.0664628e-16  -5.5074082e-17  
-9.7701015e-18  3.3739440e-18  1.9367281e-16  3.9048605e-16  1.0000000   5.6020874e-16  4.2820819e-16  5.6463534e-17  -1.1086158e-16  -3.2526722e-16  6.4996417e-16  -9.7701015e-18  3.3739440e-18  1.9367281e-16  3.9048605e-16  1.0000000   5.6020874e-16  4.2820819e-16  5.6463534e-17  -1.1086158e-16  -3.2526722e-16  6.4996417e-16  
4.2278072e-16  -3.9293858e-17  -6.7124862e-16  3.7082298e-16  5.6020874e-16  1.0000000   -2.9277651e-16  7.1928958e-16  -2.5208293e-16  -3.0625959e-17  4.3924418e-16  4.2278072e-16  -3.9293858e-17  -6.7124862e-16  3.7082298e-16  5.6020874e-16  1.0000000   -2.9277651e-16  7.1928958e-16  -2.5208293e-16  -3.0625959e-17  4.3924418e-16  
-1.3885953e-15  6.4579825e-16  -5.3966205e-16  -1.3011019e-16  4.2820819e-16  -2.9277651e-16  1.0000000   1.5700137e-16  -1.8872233e-16  5.3245338e-17  9.5135480e-16  -1.3885953e-15  6.4579825e-16  -5.3966205e-16  -1.3011019e-16  4.2820819e-16  -2.9277651e-16  1.0000000   1.5700137e-16  -1.8872233e-16  5.3245338e-17  9.5135480e-16  
1.0204799e-16  2.6623262e-16  2.2206345e-16  2.6106826e-16  5.6463534e-17  7.1928958e-16  1.5700137e-16  1.0000000   -2.1240664e-16  -8.2348755e-17  4.9036749e-17  1.0204799e-16  2.6623262e-16  2.2206345e-16  2.6106826e-16  5.6463534e-17  7.1928958e-16  1.5700137e-16  1.0000000   -2.1240664e-16  -8.2348755e-17  4.9036749e-17  
-3.9156639e-17  1.0408044e-16  -6.8278818e-16  4.7484752e-16  -1.1086158e-16  -2.5208293e-16  -1.8872233e-16  -2.1240664e-16  1.0000000   7.2773725e-16  3.2160105e-16  -3.9156639e-17  1.0408044e-16  -6.8278818e-16  4.7484752e-16  -1.1086158e-16  -2.5208293e-16  -1.8872233e-16  -2.1240664e-16  1.0000000   7.2773725e-16  3.2160105e-16  
-4.4775347e-16  -1.9016737e-17  4.9558055e-16  -9.0664628e-16  -3.2526722e-16  -3.0625959e-17  5.3245338e-17  -8.2348755e-17  7.2773725e-16  1.0000000   4.4488203e-16  -4.4775347e-16  -1.9016737e-17  4.9558055e-16  -9.0664628e-16  -3.2526722e-16  -3.0625959e-17  5.3245338e-17  -8.2348755e-17  7.2773725e-16  1.0000000   4.4488203e-16  
2.6963854e-16  -2.0418237e-16  2.8319721e-16  -5.5074082e-17  6.4996417e-16  4.3924418e-16  9.5135480e-16  4.9036749e-17  3.2160105e-16  4.4488203e-16  1.0000000   2.6963854e-16  -2.0418237e-16  2.8319721e-16  -5.5074082e-17  6.4996417e-16  4.3924418e-16  9.5135480e-16  4.9036749e-17  3.2160105e-16  4.4488203e-16  1.0000000   
1.0000000   5.8400741e-16  1.0571818e-17  -2.7655287e-16  -9.7701015e-18  4.2278072e-16  -1.3885953e-15  1.0204799e-16  -3.9156639e-17  -4.4775347e-16  2.6963854e-16  1.0000000   5.8400741e-16  1.0571818e-17  -2.7655287e-16  -9.7701015e-18  4.2278072e-16  -1.3885953e-15  1.0204799e-16  -3.9156639e-17  -4.4775347e-16  2.6963854e-16  
5.8400741e-16  1.0000000   2.1031743e-16  6.1614659e-16  3.3739440e-18  -3.9293858e-17  6.4579825e-16  2.6623262e-16  1.0408044e-16  -1.9016737e-17  -2.0418237e-16  5.8400741e-16  1.0000000   2.1031743e-16  6.1614659e-16  3.3739440e-18  -3.9293858e-17  6.4579825e-16  2.6623262e-16  1.0408044e-16  -1.9016737e-17  -2.0418237e-16  
1.0571818e-17  2.1031743e-16  1.0000000   -4.1604903e-16  1.9367281e-16  -6.7124862e-16  -5.3966205e-16  2.2206345e-16  -6.8278818e-16  4.9558055e-16  2.8319721e-16  1.0571818e-17  2.1031743e-16  1.0000000   -4.1604903e-16  1.9367281e-16  -6.7124862e-16  -5.3966205e-16  2.2206345e-16  -6.8278818e-16  4.9558055e-16  2.8319721e-16  
-2.7655287e-16  6.1614659e-16  -4.1604903e-16  1.0000000   3.9048605e-16  3.7082298e-16  -1.3011019e-16  2.6106826e-16  4.7484752e-16  -9.0664628e-16  -5.5074082e-17  -2.7655287e-16  6.1614659e-16  -4.1604903e-16  1.0000000   3.9048605e-16  3.7082298e-16  -1.3011019e-16  2.6106826e-16  4.7484752e-16  -9.0664628e-16  -5.5074082e-17  
-9.7701015e-18  3.3739440e-18  1.9367281e-16  3.9048605e-16  1.0000000   5.6020874e-16  4.2820819e-16  5.6463534e-17  -1.1086158e-16  -3.2526722e-16  6.4996417e-16  -9.7701015e-18  3.3739440e-18  1.9367281e-16  3.9048605e-16  1.0000000   5.6020874e-16  4.2820819e-16  5.6463534e-17  -1.1086158e-16  -3.2526722e-16  6.4996417e-16  
4.2278072e-16  -3.9293858e-17  -6.7124862e-16  3.7082298e-16  5.6020874e-16  1.0000000   -2.9277651e-16  7.1928958e-16  -2.5208293e-16  -3.0625959e-17  4.3924418e-16  4.2278072e-16  -3.9293858e-17  -6.7124862e-16  3.7082298e-16  5.6020874e-16  1.0000000   -2.9277651e-16  7.1928958e-16  -2.5208293e-16  -3.0625959e-17  4.3924418e-16  
-1.3885953e-15  6.4579825e-16  -5.3966205e-16  -1.3011019e-16  4.2820819e-16  -2.9277651e-16  1.0000000   1.5700137e-16  -1.8872233e-16  5.3245338e-17  9.5135480e-16  -1.3885953e-15  6.4579825e-16  -5.3966205e-16  -1.3011019e-16  4.2820819e-16  -2.9277651e-16  1.0000000   1.5700137e-16  -1.8872233e-16  5.3245338e-17  9.5135480e-16  
1.0204799e-16  2.6623262e-16  2.2206345e-16  2.6106826e-16  5.6463534e-17  7.1928958e-16  1.5700137e-16  1.0000000   -2.1240664e-16  -8.2348755e-17  4.9036749e-17  1.0204799e-16  2.6623262e-16  2.2206345e-16  2.6106826e-16  5.6463534e-17  7.1928958e-16  1.5700137e-16  1.0000000   -2.1240664e-16  -8.2348755e-17  4.9036749e-17  
-3.9156639e-17  1.0408044e-16  -6.8278818e-16  4.7484752e-16  -1.1086158e-16  -2.5208293e-16  -1.8872233e-16  -2.1240664e-16  1.0000000   7.2773725e-16  3.2160105e-16  -3.9156639e-17  1.0408044e-16  -6.8278818e-16  4.7484752e-16  -1.1086158e-16  -2.5208293e-16  -1.8872233e-16  -2.1240664e-16  1.0000000   7.2773725e-16  3.2160105e-16  
-4.4775347e-16  -1.9016737e-17  4.9558055e-16  -9.0664628e-16  -3.2526722e-16  -3.0625959e-17  5.3245338e-17  -8.2348755e-17  7.2773725e-16  1.0000000   4.4488203e-16  -4.4775347e-16  -1.9016737e-17  4.9558055e-16  -9.0664628e-16  -3.2526722e-16  -3.0625959e-17  5.3245338e-17  -8.2348755e-17  7.2773725e-16  1.0000000   4.4488203e-16  
2.6963854e-16  -2.0418237e-16  2.8319721e-16  -5.5074082e-17  6.4996417e-16  4.3924418e-16  9.5135480e-16  4.9036749e-17  3.2160105e-16  4.4488203e-16  1.0000000   2.6963854e-16  -2.0418237e-16  2.8319721e-16  -5.5074082e-17  6.4996417e-16  4.3924418e-16  9.5135480e-16  4.9036749e-17  3.2160105e-16  4.4488203e-16  1.0000000   
