1.0000000   9.3480250e-17  1.6571353e-17  5.7166508e-16  1.6811232e-16  1.6445483e-16  -6.1009623e-16  4.2859359e-16  -1.5111703e-16  9.6934450e-17  -2.2200056e-16  1.0000000   9.3480250e-17  1.6571353e-17  5.7166508e-16  1.6811232e-16  1.6445483e-16  -6.1009623e-16  4.2859359e-16  -1.5111703e-16  9.6934450e-17  -2.2200056e-16  
9.3480250e-17  1.0000000   -1.0401861e-16  -8.9925698e-16  6.4895768e-16  4.5669475e-17  3.6347835e-16  -2.6349077e-16  1.1436660e-16  -2.1509046e-16  -8.6344167e-16  9.3480250e-17  1.0000000   -1.0401861e-16  -8.9925698e-16  6.4895768e-16  4.5669475e-17  3.6347835e-16  -2.6349077e-16  1.1436660e-16  -2.1509046e-16  -8.6344167e-16  
1.6571353e-17  -1.0401861e-16  1.0000000   -5.9295356e-16  1.6586430e-16  2.8172104e-16  -3.8757602e-16  4.2665177e-16  -3.5989604e-16  -4.4480368e-16  1.2806397e-17  1.6571353e-17  -1.0401861e-16  1.0000000   -5.9295356e-16  1.6586430e-16  2.8172104e-16  -3.8757602e-16  4.2665177e-16  -3.5989604e-16  -4.4480368e-16  1.2806397e-17  
5.7166508e-16  -8.9925698e-16  -5.9295356e-16  1.0000000   4.3972148e-16  -3.8194791e-16  -1.9068448e-16  -1.6930251e-16  2.9285031e-16  -6.2795042e-16  1.9426701e-17  5.7166508e-16  -8.9925698e-16  -5.9295356e-16  1.0000000   4.3972148e-16  -3.8194791e-16  -1.9068448e-16  -1.6930251e-16  2.9285031e-16  -6.2795042e-16  1.9426701e-17  
1.6811232e-16  6.4895768e-16  1.6586430e-16  4.3972148e-16  1.0000000   1.6207975e-17  2.1432983e-16  1.6224493e-16  3.4525762e-16  -8.4570480e-16  5.5885963e-17  1.6811232e-16  6.4895768e-16  1.6586430e-16  4.3972148e-16  1.0000000   1.6207975e-17  2.1432983e-16  1.6224493e-16  3.4525762e-16  -8.4570480e-16  5.5885963e-17  
1.6445483e-16  4.5669475e-17  2.8172104e-16  -3.8194791e-16  1.6207975e-17  1.0000000   -5.9924362e-16  -2.8102097e-16  -1.5282274e-16  -2.3893783e-16  -2.7664774e-16  1.6445483e-16  4.5669475e-17  2.8172104e-16  -3.8194791e-16  1.6207975e-17  1.0000000   -5.9924362e-16  -2.8102097e-16  -1.5282274e-16  -2.3893783e-16  -2.7664774e-16  
-6.1009623e-16  3.6347835e-16  -3.8757602e-16  -1.9068448e-16  2.1432983e-16  -5.9924362e-16  1.0000000   -2.1881614e-16  7.4907253e-16  -1.6995801e-16  6.8710762e-16  -6.1009623e-16  3.6347835e-16  -3.8757602e-16  -1.9068448e-16  2.1432983e-16  -5.9924362e-16  1.0000000   -2.1881614e-16  7.4907253e-16  -1.6995801e-16  6.8710762e-16  
4.2859359e-16  -2.6349077e-16  4.2665177e-16  -1.6930251e-16  1.6224493e-16  -2.8102097e-16  -2.1881614e-16  1.0000000   7.6654915e-16  -2.0957289e-17  7.3331030e-17  4.2859359e-16  -2.6349077e-16  4.2665177e-16  -1.6930251e-16  1.6224493e-16  -2.8102097e-16  -2.1881614e-16  1.0000000   7.6654915e-16  -2.0957289e-17  7.3331030e-17  
-1.5111703e-16  1.1436660e-16  -3.5989604e-16  2.9285031e-16  3.4525762e-16  -1.5282274e-16  7.4907253e-16  7.6654915e-16  1.0000000   1.8536427e-16  8.8753192e-16  -1.5111703e-16  1.1436660e-16  -3.5989604e-16  2.9285031e-16  3.4525762e-16  -1.5282274e-16  7.4907253e-16  7.6654915e-16  1.0000000   1.8536427e-16  8.8753192e-16  
9.6934450e-17  -2.1509046e-16  -4.4480368e-16  -6.2795042e-16  -8.4570480e-16  -2.3893783e-16  -1.6995801e-16  -2.0957289e-17  1.8536427e-16  1.0000000   5.0865345e-16  9.6934450e-17  -2.1509046e-16  -4.4480368e-16  -6.2795042e-16  -8.4570480e-16  -2.3893783e-16  -1.6995801e-16  -2.0957289e-17  1.8536427e-16  1.0000000   5.0865345e-16  
-2.2200056e-16  -8.6344167e-16  1.2806397e-17  1.9426701e-17  5.5885963e-17  -2.7664774e-16  6.8710762e-16  7.3331030e-17  8.8753192e-16  5.0865345e-16  1.0000000   -2.2200056e-16  -8.6344167e-16  1.2806397e-17  1.9426701e-17  5.5885963e-17  -2.7664774e-16  6.8710762e-16  7.3331030e-17  8.8753192e-16  5.0865345e-16  1.0000000   
1.0000000   9.3480250e-17  1.6571353e-17  5.7166508e-16  1.6811232e-16  1.6445483e-16  -6.1009623e-16  4.2859359e-16  -1.5111703e-16  9.6934450e-17  -2.2200056e-16  1.0000000   9.3480250e-17  1.6571353e-17  5.7166508e-16  1.6811232e-16  1.6445483e-16  -6.1009623e-16  4.2859359e-16  -1.5111703e-16  9.6934450e-17  -2.2200056e-16  
9.3480250e-17  1.0000000   -1.0401861e-16  -8.9925698e-16  6.4895768e-16  4.5669475e-17  3.6347835e-16  -2.6349077e-16  1.1436660e-16  -2.1509046e-16  -8.6344167e-16  9.3480250e-17  1.0000000   -1.0401861e-16  -8.9925698e-16  6.4895768e-16  4.5669475e-17  3.6347835e-16  -2.6349077e-16  1.1436660e-16  -2.1509046e-16  -8.6344167e-16  
1.6571353e-17  -1.0401861e-16  1.0000000   -5.9295356e-16  1.6586430e-16  2.8172104e-16  -3.8757602e-16  4.2665177e-16  -3.5989604e-16  -4.4480368e-16  1.2806397e-17  1.6571353e-17  -1.0401861e-16  1.0000000   -5.9295356e-16  1.6586430e-16  2.8172104e-16  -3.8757602e-16  4.2665177e-16  -3.5989604e-16  -4.4480368e-16  1.2806397e-17  
5.7166508e-16  -8.9925698e-16  -5.9295356e-16  1.0000000   4.3972148e-16  -3.8194791e-16  -1.9068448e-16  -1.6930251e-16  2.9285031e-16  -6.2795042e-16  1.9426701e-17  5.7166508e-16  -8.9925698e-16  -5.9295356e-16  1.0000000   4.3972148e-16  -3.8194791e-16  -1.9068448e-16  -1.6930251e-16  2.9285031e-16  -6.2795042e-16  1.9426701e-17  
1.6811232e-16  6.4895768e-16  1.6586430e-16  4.3972148e-16  1.0000000   1.6207975e-17  2.1432983e-16  1.6224493e-16  3.4525762e-16  -8.4570480e-16  5.5885963e-17  1.6811232e-16  6.4895768e-16  1.6586430e-16  4.3972148e-16  1.0000000   1.6207975e-17  2.1432983e-16  1.6224493e-16  3.4525762e-16  -8.4570480e-16  5.5885963e-17  
1.6445483e-16  4.5669475e-17  2.8172104e-16  -3.8194791e-16  1.6207975e-17  1.0000000   -5.9924362e-16  -2.8102097e-16  -1.5282274e-16  -2.3893783e-16  -2.7664774e-16  1.6445483e-16  4.5669475e-17  2.8172104e-16  -3.8194791e-16  1.6207975e-17  1.0000000   -5.9924362e-16  -2.8102097e-16  -1.5282274e-16  -2.3893783e-16  -2.7664774e-16  
-6.1009623e-16  3.6347835e-16  -3.8757602e-16  -1.9068448e-16  2.1432983e-16  -5.9924362e-16  1.0000000   -2.1881614e-16  7.4907253e-16  -1.6995801e-16  6.8710762e-16  -6.1009623e-16  3.6347835e-16  -3.8757602e-16  -1.9068448e-16  2.1432983e-16  -5.9924362e-16  1.0000000   -2.1881614e-16  7.4907253e-16  -1.6995801e-16  6.8710762e-16  
4.2859359e-16  -2.6349077e-16  4.2665177e-16  -1.6930251e-16  1.6224493e-16  -2.8102097e-16  -2.1881614e-16  1.0000000   7.6654915e-16  -2.0957289e-17  7.3331030e-17  4.2859359e-16  -2.6349077e-16  4.2665177e-16  -1.6930251e-16  1.6224493e-16  -2.8102097e-16  -2.1881614e-16  1.0000000   7.6654915e-16  -2.0957289e-17  7.3331030e-17  
-1.5111703e-16  1.1436660e-16  -3.5989604e-16  2.9285031e-16  3.4525762e-16  -1.5282274e-16  7.4907253e-16  7.6654915e-16  1.0000000   1.8536427e-16  8.8753192e-16  -1.5111703e-16  1.1436660e-16  -3.5989604e-16  2.9285031e-16  3.4525762e-16  -1.5282274e-16  7.4907253e-16  7.6654915e-16  1.0000000   1.8536427e-16  8.8753192e-16  
9.6934450e-17  -2.1509046e-16  -4.4480368e-16  -6.2795042e-16  -8.4570480e-16  -2.3893783e-16  -1.6995801e-16  -2.0957289e-17  1.8536427e-16  1.0000000   5.0865345e-16  9.6934450e-17  -2.1509046e-16  -4.4480368e-16  -6.2795042e-16  -8.4570480e-16  -2.3893783e-16  -1.6995801e-16  -2.0957289e-17  1.8536427e-16  1.0000000   5.0865345e-16  
-2.2200056e-16  -8.6344167e-16  1.2806397e-17  1.9426701e-17  5.5885963e-17  -2.7664774e-16  6.8710762e-16  7.3331030e-17  8.8753192e-16  5.0865345e-16  1.0000000   -2.2200056e-16  -8.6344167e-16  1.2806397e-17  1.9426701e-17  5.5885963e-17  -2.7664774e-16  6.8710762e-16  7.3331030e-17  8.8753192e-16  5.0865345e-16  1.0000000   
