1.0000000   5.9580382e-16  -2.3377771e-16  -6.1929819e-16  9.1014114e-17  -3.7058327e-16  -6.9682701e-16  -1.8356178e-16  -3.5121295e-18  -1.0027938e-16  -2.1183955e-16  1.0000000   5.9580382e-16  -2.3377771e-16  -6.1929819e-16  9.1014114e-17  -3.7058327e-16  -6.9682701e-16  -1.8356178e-16  -3.5121295e-18  -1.0027938e-16  -2.1183955e-16  
5.9580382e-16  1.0000000   3.5898950e-17  -7.0927066e-16  -1.2709814e-16  5.1924983e-16  -2.2056145e-16  -1.6286750e-17  2.6297504e-16  2.5201941e-16  3.2598063e-16  5.9580382e-16  1.0000000   3.5898950e-17  -7.0927066e-16  -1.2709814e-16  5.1924983e-16  -2.2056145e-16  -1.6286750e-17  2.6297504e-16  2.5201941e-16  3.2598063e-16  
-2.3377771e-16  3.5898950e-17  1.0000000   3.9301736e-16  9.6672548e-16  -1.0717127e-16  -1.0252826e-16  -2.0607592e-16  -4.6662100e-16  -2.1906008e-16  1.9336470e-16  -2.3377771e-16  3.5898950e-17  1.0000000   3.9301736e-16  9.6672548e-16  -1.0717127e-16  -1.0252826e-16  -2.0607592e-16  -4.6662100e-16  -2.1906008e-16  1.9336470e-16  
-6.1929819e-16  -7.0927066e-16  3.9301736e-16  1.0000000   -3.2197755e-16  -2.9513211e-16  3.5678214e-16  -2.8392756e-17  -2.1850965e-16  3.4396441e-16  -3.0074964e-17  -6.1929819e-16  -7.0927066e-16  3.9301736e-16  1.0000000   -3.2197755e-16  -2.9513211e-16  3.5678214e-16  -2.8392756e-17  -2.1850965e-16  3.4396441e-16  -3.0074964e-17  
9.1014114e-17  -1.2709814e-16  9.6672548e-16  -3.2197755e-16  1.0000000   1.8999457e-16  -2.1040891e-16  1.5207121e-16  -8.0764459e-17  -3.1233662e-16  -1.6500837e-16  9.1014114e-17  -1.2709814e-16  9.6672548e-16  -3.2197755e-16  1.0000000   1.8999457e-16  -2.1040891e-16  1.5207121e-16  -8.0764459e-17  -3.1233662e-16  -1.6500837e-16  
-3.7058327e-16  5.1924983e-16  -1.0717127e-16  -2.9513211e-16  1.8999457e-16  1.0000000   5.5226548e-17  9.5104859e-18  1.1151411e-16  4.5911896e-16  5.1580071e-17  -3.7058327e-16  5.1924983e-16  -1.0717127e-16  -2.9513211e-16  1.8999457e-16  1.0000000   5.5226548e-17  9.5104859e-18  1.1151411e-16  4.5911896e-16  5.1580071e-17  
-6.9682701e-16  -2.2056145e-16  -1.0252826e-16  3.5678214e-16  -2.1040891e-16  5.5226548e-17  1.0000000   -5.4144887e-17  1.6804027e-16  7.2542231e-17  -9.2507136e-16  -6.9682701e-16  -2.2056145e-16  -1.0252826e-16  3.5678214e-16  -2.1040891e-16  5.5226548e-17  1.0000000   -5.4144887e-17  1.6804027e-16  7.2542231e-17  -9.2507136e-16  
-1.8356178e-16  -1.6286750e-17  -2.0607592e-16  -2.8392756e-17  1.5207121e-16  9.5104859e-18  -5.4144887e-17  1.0000000   8.5419559e-16  -1.6135978e-17  4.2158693e-16  -1.8356178e-16  -1.6286750e-17  -2.0607592e-16  -2.8392756e-17  1.5207121e-16  9.5104859e-18  -5.4144887e-17  1.0000000   8.5419559e-16  -1.6135978e-17  4.2158693e-16  
-3.5121295e-18  2.6297504e-16  -4.6662100e-16  -2.1850965e-16  -8.0764459e-17  1.1151411e-16  1.6804027e-16  8.5419559e-16  1.0000000   -3.0429586e-16  5.7903151e-16  -3.5121295e-18  2.6297504e-16  -4.6662100e-16  -2.1850965e-16  -8.0764459e-17  1.1151411e-16  1.6804027e-16  8.5419559e-16  1.0000000   -3.0429586e-16  5.7903151e-16  
-1.0027938e-16  2.5201941e-16  -2.1906008e-16  3.4396441e-16  -3.1233662e-16  4.5911896e-16  7.2542231e-17  -1.6135978e-17  -3.0429586e-16  1.0000000   3.4378865e-16  -1.0027938e-16  2.5201941e-16  -2.1906008e-16  3.4396441e-16  -3.1233662e-16  4.5911896e-16  7.2542231e-17  -1.6135978e-17  -3.0429586e-16  1.0000000   3.4378865e-16  
-2.1183955e-16  3.2598063e-16  1.9336470e-16  -3.0074964e-17  -1.6500837e-16  5.1580071e-17  -9.2507136e-16  4.2158693e-16  5.7903151e-16  3.4378865e-16  1.0000000   -2.1183955e-16  3.2598063e-16  1.9336470e-16  -3.0074964e-17  -1.6500837e-16  5.1580071e-17  -9.2507136e-16  4.2158693e-16  5.7903151e-16  3.4378865e-16  1.0000000   
1.0000000   5.9580382e-16  -2.3377771e-16  -6.1929819e-16  9.1014114e-17  -3.7058327e-16  -6.9682701e-16  -1.8356178e-16  -3.5121295e-18  -1.0027938e-16  -2.1183955e-16  1.0000000   5.9580382e-16  -2.3377771e-16  -6.1929819e-16  9.1014114e-17  -3.7058327e-16  -6.9682701e-16  -1.8356178e-16  -3.5121295e-18  -1.0027938e-16  -2.1183955e-16  
5.9580382e-16  1.0000000   3.5898950e-17  -7.0927066e-16  -1.2709814e-16  5.1924983e-16  -2.2056145e-16  -1.6286750e-17  2.6297504e-16  2.5201941e-16  3.2598063e-16  5.9580382e-16  1.0000000   3.5898950e-17  -7.0927066e-16  -1.2709814e-16  5.1924983e-16  -2.2056145e-16  -1.6286750e-17  2.6297504e-16  2.5201941e-16  3.2598063e-16  
-2.3377771e-16  3.5898950e-17  1.0000000   3.9301736e-16  9.6672548e-16  -1.0717127e-16  -1.0252826e-16  -2.0607592e-16  -4.6662100e-16  -2.1906008e-16  1.9336470e-16  -2.3377771e-16  3.5898950e-17  1.0000000   3.9301736e-16  9.6672548e-16  -1.0717127e-16  -1.0252826e-16  -2.0607592e-16  -4.6662100e-16  -2.1906008e-16  1.9336470e-16  
-6.1929819e-16  -7.0927066e-16  3.9301736e-16  1.0000000   -3.2197755e-16  -2.9513211e-16  3.5678214e-16  -2.8392756e-17  -2.1850965e-16  3.4396441e-16  -3.0074964e-17  -6.1929819e-16  -7.0927066e-16  3.9301736e-16  1.0000000   -3.2197755e-16  -2.9513211e-16  3.5678214e-16  -2.8392756e-17  -2.1850965e-16  3.4396441e-16  -3.0074964e-17  
9.1014114e-17  -1.2709814e-16  9.6672548e-16  -3.2197755e-16  1.0000000   1.8999457e-16  -2.1040891e-16  1.5207121e-16  -8.0764459e-17  -3.1233662e-16  -1.6500837e-16  9.1014114e-17  -1.2709814e-16  9.6672548e-16  -3.2197755e-16  1.0000000   1.8999457e-16  -2.1040891e-16  1.5207121e-16  -8.0764459e-17  -3.1233662e-16  -1.6500837e-16  
-3.7058327e-16  5.1924983e-16  -1.0717127e-16  -2.9513211e-16  1.8999457e-16  1.0000000   5.5226548e-17  9.5104859e-18  1.1151411e-16  4.5911896e-16  5.1580071e-17  -3.7058327e-16  5.1924983e-16  -1.0717127e-16  -2.9513211e-16  1.8999457e-16  1.0000000   5.5226548e-17  9.5104859e-18  1.1151411e-16  4.5911896e-16  5.1580071e-17  
-6.9682701e-16  -2.2056145e-16  -1.0252826e-16  3.5678214e-16  -2.1040891e-16  5.5226548e-17  1.0000000   -5.4144887e-17  1.6804027e-16  7.2542231e-17  -9.2507136e-16  -6.9682701e-16  -2.2056145e-16  -1.0252826e-16  3.5678214e-16  -2.1040891e-16  5.5226548e-17  1.0000000   -5.4144887e-17  1.6804027e-16  7.2542231e-17  -9.2507136e-16  
-1.8356178e-16  -1.6286750e-17  -2.0607592e-16  -2.8392756e-17  1.5207121e-16  9.5104859e-18  -5.4144887e-17  1.0000000   8.5419559e-16  -1.6135978e-17  4.2158693e-16  -1.8356178e-16  -1.6286750e-17  -2.0607592e-16  -2.8392756e-17  1.5207121e-16  9.5104859e-18  -5.4144887e-17  1.0000000   8.5419559e-16  -1.6135978e-17  4.2158693e-16  
-3.5121295e-18  2.6297504e-16  -4.6662100e-16  -2.1850965e-16  -8.0764459e-17  1.1151411e-16  1.6804027e-16  8.5419559e-16  1.0000000   -3.0429586e-16  5.7903151e-16  -3.5121295e-18  2.6297504e-16  -4.6662100e-16  -2.1850965e-16  -8.0764459e-17  1.1151411e-16  1.6804027e-16  8.5419559e-16  1.0000000   -3.0429586e-16  5.7903151e-16  
-1.0027938e-16  2.5201941e-16  -2.1906008e-16  3.4396441e-16  -3.1233662e-16  4.5911896e-16  7.2542231e-17  -1.6135978e-17  -3.0429586e-16  1.0000000   3.4378865e-16  -1.0027938e-16  2.5201941e-16  -2.1906008e-16  3.4396441e-16  -3.1233662e-16  4.5911896e-16  7.2542231e-17  -1.6135978e-17  -3.0429586e-16  1.0000000   3.4378865e-16  
-2.1183955e-16  3.2598063e-16  1.9336470e-16  -3.0074964e-17  -1.6500837e-16  5.1580071e-17  -9.2507136e-16  4.2158693e-16  5.7903151e-16  3.4378865e-16  1.0000000   -2.1183955e-16  3.2598063e-16  1.9336470e-16  -3.0074964e-17  -1.6500837e-16  5.1580071e-17  -9.2507136e-16  4.2158693e-16  5.7903151e-16  3.4378865e-16  1.0000000   
