0.0000000   0.00095172805  0.0014084108  -0.00013390072  0.00052125269  -0.00011925695  -0.00016987141  8.2751692e-06  4.8433211e-05  -1.8751615e-05  5.3938121e-06  7.4871068e-05  7.9262704e-05  7.7462511e-05  1.9583197e-05  -3.3336057e-05  -9.6647477e-05  
-0.00095172805  0.0000000   0.00025194647  0.0053662281  -0.00097829095  8.1126897e-05  -8.0701984e-05  -2.5502982e-06  1.7679866e-07  -1.0991162e-06  -3.6005493e-05  3.4807525e-06  0.00013405365  -0.00012140026  1.2297702e-05  5.7592499e-06  -1.4555069e-06  
-0.0014084108  -0.00025194647  0.0000000   -0.0041269861  -0.00082078439  -7.4186269e-05  8.1126897e-05  2.7011726e-06  1.7453631e-06  1.7679866e-07  2.8656010e-05  -4.2949538e-07  -0.00013292835  0.00013405365  1.2929743e-05  7.9793932e-06  5.2915068e-07  
0.00013390072  -0.0053662281  0.0041269861  0.0000000   4.2225242e-05  1.0072726e-05  6.4580162e-06  8.1126897e-05  3.5096851e-05  -2.7745621e-05  1.7679866e-07  -8.3436820e-06  3.2716093e-06  4.7054662e-06  -1.5846758e-06  0.00013405365  -7.3520735e-06  
-0.00052125269  0.00097829095  0.00082078439  -4.2225242e-05  0.0000000   -1.2684406e-07  -1.3313426e-06  -7.5481263e-06  -6.2689887e-06  -4.9357541e-06  5.0705000e-07  8.1126897e-05  -9.8961463e-07  7.6421853e-07  1.7679866e-07  -9.8063023e-06  0.00013405365  
0.00011925695  -8.1126897e-05  7.4186269e-05  -1.0072726e-05  1.2684406e-07  0.0000000   0.00025194647  0.0053662281  -8.4689553e-06  3.0441324e-05  0.00048133558  -0.00097829095  -0.00032222597  0.00030269887  -8.8527363e-05  -2.0899990e-05  -6.7827530e-07  
0.00016987141  8.0701984e-05  -8.1126897e-05  -6.4580162e-06  1.3313426e-06  -0.00025194647  0.0000000   -0.0041269861  -1.4751805e-05  -8.4689553e-06  -0.00037099968  -0.00082078439  0.00030446318  -0.00032222597  -7.4539598e-05  -1.0958864e-05  3.5620039e-06  
-8.2751692e-06  2.5502982e-06  -2.7011726e-06  -8.1126897e-05  7.5481263e-06  -0.0053662281  0.0041269861  0.0000000   -0.00048193938  0.00037000443  -8.4689553e-06  4.2225242e-05  -5.3571901e-06  -2.2358431e-05  4.5286222e-06  -0.00032222597  2.3932036e-05  
-4.8433211e-05  -1.7679866e-07  -1.7453631e-06  -3.5096851e-05  6.2689887e-06  8.4689553e-06  1.4751805e-05  0.00048193938  0.0000000   0.00025194647  0.0053662281  -8.7790246e-05  9.8290017e-06  -1.1963610e-05  -0.00097829095  -5.9323434e-05  1.1029878e-05  
1.8751615e-05  1.0991162e-06  -1.7679866e-07  2.7745621e-05  4.9357541e-06  -3.0441324e-05  8.4689553e-06  -0.00037000443  -0.00025194647  0.0000000   -0.0041269861  -7.3854469e-05  -6.4795002e-06  9.8290017e-06  -0.00082078439  4.6515114e-05  9.1931601e-06  
-5.3938121e-06  3.6005493e-05  -2.8656010e-05  -1.7679866e-07  -5.0705000e-07  -0.00048133558  0.00037099968  8.4689553e-06  -0.0053662281  0.0041269861  0.0000000   3.1233227e-06  6.0125029e-05  -4.5480176e-05  4.2225242e-05  9.8290017e-06  -1.1678808e-06  
-7.4871068e-05  -3.4807525e-06  4.2949538e-07  8.3436820e-06  -8.1126897e-05  0.00097829095  0.00082078439  -4.2225242e-05  8.7790246e-05  7.3854469e-05  -3.1233227e-06  0.0000000   -3.8043673e-06  1.4354728e-06  -8.4689553e-06  2.4390591e-05  -0.00032222597  
-7.9262704e-05  -0.00013405365  0.00013292835  -3.2716093e-06  9.8961463e-07  0.00032222597  -0.00030446318  5.3571901e-06  -9.8290017e-06  6.4795002e-06  -6.0125029e-05  3.8043673e-06  0.0000000   0.00025194647  1.1340298e-05  0.0053662281  -0.00097829095  
-7.7462511e-05  0.00012140026  -0.00013405365  -4.7054662e-06  -7.6421853e-07  -0.00030269887  0.00032222597  2.2358431e-05  1.1963610e-05  -9.8290017e-06  4.5480176e-05  -1.4354728e-06  -0.00025194647  0.0000000   9.5762856e-06  -0.0041269861  -0.00082078439  
-1.9583197e-05  -1.2297702e-05  -1.2929743e-05  1.5846758e-06  -1.7679866e-07  8.8527363e-05  7.4539598e-05  -4.5286222e-06  0.00097829095  0.00082078439  -4.2225242e-05  8.4689553e-06  -1.1340298e-05  -9.5762856e-06  0.0000000   -7.6754176e-08  9.8290017e-06  
3.3336057e-05  -5.7592499e-06  -7.9793932e-06  -0.00013405365  9.8063023e-06  2.0899990e-05  1.0958864e-05  0.00032222597  5.9323434e-05  -4.6515114e-05  -9.8290017e-06  -2.4390591e-05  -0.0053662281  0.0041269861  7.6754176e-08  0.0000000   4.2225242e-05  
9.6647477e-05  1.4555069e-06  -5.2915068e-07  7.3520735e-06  -0.00013405365  6.7827530e-07  -3.5620039e-06  -2.3932036e-05  -1.1029878e-05  -9.1931601e-06  1.1678808e-06  0.00032222597  0.00097829095  0.00082078439  -9.8290017e-06  -4.2225242e-05  0.0000000   
