0.0000000   0.0049853102  -0.0049053035  0.0017346673  0.00017433920  0.00019693118  9.6991210e-05  1.0914844e-05  -1.9014665e-05  3.9930929e-06  1.4709597e-05  1.8342317e-05  -5.3516045e-05  -0.00010725834  0.00014088984  -1.1666137e-05  8.8069029e-06  
-0.0049853102  0.0000000   0.0044221111  0.0028963166  -0.00038647567  -0.00012340806  2.3430609e-06  -2.0194547e-05  -5.7662630e-07  3.4192876e-06  2.9191693e-05  -2.3768793e-05  0.00012864586  -1.6219647e-06  3.5296385e-06  -5.3576906e-07  -7.8448476e-06  
0.0049053035  -0.0044221111  0.0000000   -0.00011213937  0.00010086293  2.6027683e-06  -0.00012340806  3.6430974e-05  -1.6893988e-06  -2.0194547e-05  -4.0878061e-05  1.2191520e-05  1.6440778e-06  0.00012864586  7.0519921e-07  1.8581180e-06  2.1247041e-05  
-0.0017346673  -0.0028963166  0.00011213937  0.0000000   1.1456299e-05  2.7790470e-06  -3.9802620e-07  6.1635245e-06  -0.00012340806  6.9328205e-06  3.0376415e-06  -2.0194547e-05  -1.3825736e-06  5.8941543e-07  6.3603223e-07  0.00012864586  4.9059022e-06  
-0.00017433920  0.00038647567  -0.00010086293  -1.1456299e-05  0.0000000   3.6073103e-06  -1.0677106e-05  -2.0757951e-06  -7.6976620e-06  -7.7465080e-07  -0.00012340806  -1.2196244e-06  -9.5076783e-07  1.1036670e-05  -2.0194547e-05  7.4071989e-06  0.00012864586  
-0.00019693118  0.00012340806  -2.6027683e-06  -2.7790470e-06  -3.6073103e-06  0.0000000   0.0044221111  -4.9783262e-06  0.0028963166  0.00030924916  -0.00038647567  0.00020140420  -0.00034164676  4.0366274e-06  -2.7070151e-05  -5.1650869e-06  -7.1961029e-07  
-9.6991210e-05  -2.3430609e-06  0.00012340806  3.9802620e-07  1.0677106e-05  -0.0044221111  0.0000000   -0.00030851241  -0.00011213937  -4.9783262e-06  0.00010086293  -8.0738862e-06  1.1206270e-05  -0.00034164676  6.5946384e-06  -2.5162326e-06  -3.4567769e-05  
-1.0914844e-05  2.0194547e-05  -3.6430974e-05  -6.1635245e-06  2.0757951e-06  4.9783262e-06  0.00030851241  0.0000000   0.00020189172  0.0044221111  -2.6817602e-05  0.0028963166  1.6666196e-05  -0.00012037628  -0.00038647567  -7.8272307e-05  1.0503447e-05  
1.9014665e-05  5.7662630e-07  1.6893988e-06  0.00012340806  7.6976620e-06  -0.0028963166  0.00011213937  -0.00020189172  0.0000000   7.6976849e-06  1.1456299e-05  -4.9783262e-06  -1.8686789e-07  -2.6836260e-06  4.9297236e-07  -0.00034164676  -2.0333817e-05  
-3.9930929e-06  -3.4192876e-06  2.0194547e-05  -6.9328205e-06  7.7465080e-07  -0.00030924916  4.9783262e-06  -0.0044221111  -7.6976849e-06  0.0000000   7.4917080e-06  -0.00011213937  0.00011949685  1.6666196e-05  0.00010086293  3.2094986e-06  -1.0990994e-06  
-1.4709597e-05  -2.9191693e-05  4.0878061e-05  -3.0376415e-06  0.00012340806  0.00038647567  -0.00010086293  2.6817602e-05  -1.1456299e-05  -7.4917080e-06  0.0000000   -1.2374201e-06  -7.4372603e-07  -3.3600461e-05  -4.9783262e-06  -2.0280189e-05  -0.00034164676  
-1.8342317e-05  2.3768793e-05  -1.2191520e-05  2.0194547e-05  1.2196244e-06  -0.00020140420  8.0738862e-06  -0.0028963166  4.9783262e-06  0.00011213937  1.2374201e-06  0.0000000   7.8344584e-05  -3.1472229e-06  1.1456299e-05  1.6666196e-05  6.7317653e-07  
5.3516045e-05  -0.00012864586  -1.6440778e-06  1.3825736e-06  9.5076783e-07  0.00034164676  -1.1206270e-05  -1.6666196e-05  1.8686789e-07  -0.00011949685  7.4372603e-07  -7.8344584e-05  0.0000000   0.0044221111  1.0575093e-05  0.0028963166  -0.00038647567  
0.00010725834  1.6219647e-06  -0.00012864586  -5.8941543e-07  -1.1036670e-05  -4.0366274e-06  0.00034164676  0.00012037628  2.6836260e-06  -1.6666196e-05  3.3600461e-05  3.1472229e-06  -0.0044221111  0.0000000   -4.4895530e-06  -0.00011213937  0.00010086293  
-0.00014088984  -3.5296385e-06  -7.0519921e-07  -6.3603223e-07  2.0194547e-05  2.7070151e-05  -6.5946384e-06  0.00038647567  -4.9297236e-07  -0.00010086293  4.9783262e-06  -1.1456299e-05  -1.0575093e-05  4.4895530e-06  0.0000000   1.2702160e-06  1.6666196e-05  
1.1666137e-05  5.3576906e-07  -1.8581180e-06  -0.00012864586  -7.4071989e-06  5.1650869e-06  2.5162326e-06  7.8272307e-05  0.00034164676  -3.2094986e-06  2.0280189e-05  -1.6666196e-05  -0.0028963166  0.00011213937  -1.2702160e-06  0.0000000   1.1456299e-05  
-8.8069029e-06  7.8448476e-06  -2.1247041e-05  -4.9059022e-06  -0.00012864586  7.1961029e-07  3.4567769e-05  -1.0503447e-05  2.0333817e-05  1.0990994e-06  0.00034164676  -6.7317653e-07  0.00038647567  -0.00010086293  -1.6666196e-05  -1.1456299e-05  0.0000000   
