0.0000000   1.9767270e-05  0.00011176915  0.0018805786  -0.00013385781  -1.1881095e-05  -4.0182638e-06  2.9901743e-06  0.00026473762  -1.5215115e-05  -1.3412306e-05  -5.5070422e-06  5.2476989e-05  7.3666315e-07  -7.9742468e-06  4.5446481e-06  -3.0250804e-08  
-1.9767270e-05  0.0000000   -0.0023032445  0.00014365594  0.00084778297  -0.00016699819  -1.0780300e-06  0.00020754136  9.3250951e-06  2.6560593e-07  -8.3437263e-07  -0.00024361795  5.1599375e-06  -4.8569182e-07  -1.0668780e-07  -3.1683798e-06  -2.7562940e-07  
-0.00011176915  0.0023032445  0.0000000   -7.6200689e-05  -0.00067240159  1.1405788e-06  -0.00016699819  8.4719847e-07  -1.8074906e-06  0.00020754136  -9.5974127e-07  2.5207980e-07  -1.2056202e-05  -0.00024361795  1.6007486e-06  1.1814677e-05  -7.5393173e-08  
-0.0018805786  -0.00014365594  7.6200689e-05  0.0000000   8.2633645e-05  5.9629687e-06  -7.6098316e-07  2.2103158e-05  -0.00016699819  -1.0206373e-05  -2.9980242e-05  3.6453348e-06  0.00020754136  1.1311061e-05  2.8951428e-05  -0.00024361795  -1.2443267e-05  
0.00013385781  -0.00084778297  0.00067240159  -8.2633645e-05  0.0000000   -7.5049684e-07  4.3935459e-07  -8.9157144e-07  -2.2176494e-05  7.8731627e-07  -0.00016699819  -7.9057715e-07  1.7788195e-05  -6.0880146e-07  0.00020754136  -2.2700347e-05  -0.00024361795  
1.1881095e-05  0.00016699819  -1.1405788e-06  -5.9629687e-06  7.5049684e-07  0.0000000   -0.0023032445  -0.00053545677  0.00014365594  -4.3235820e-07  0.00084778297  -0.00072282209  -7.7167676e-06  -1.2704803e-06  -1.0911491e-06  -1.0096895e-05  -1.2804164e-06  
4.0182638e-06  1.0780300e-06  0.00016699819  7.6098316e-07  -4.3935459e-07  0.0023032445  0.0000000   -1.4708611e-06  -7.6200689e-05  -0.00053545677  -0.00067240159  -1.3948067e-06  2.6372066e-05  -0.00072282209  -1.3514767e-06  3.5262434e-05  -1.9403600e-06  
-2.9901743e-06  -0.00020754136  -8.4719847e-07  -2.2103158e-05  8.9157144e-07  0.00053545677  1.4708611e-06  0.0000000   4.7242100e-06  -0.0023032445  8.3032736e-07  0.00014917092  0.00014365594  -6.1379954e-08  0.00084778297  2.0534126e-06  3.8347140e-07  
-0.00026473762  -9.3250951e-06  1.8074906e-06  0.00016699819  2.2176494e-05  -0.00014365594  7.6200689e-05  -4.7242100e-06  0.0000000   2.6079042e-05  8.2633645e-05  -9.0701262e-06  -0.00053545677  3.5162032e-05  -4.7978511e-05  -0.00072282209  -6.5205591e-05  
1.5215115e-05  -2.6560593e-07  -0.00020754136  1.0206373e-05  -7.8731627e-07  4.3235820e-07  0.00053545677  0.0023032445  -2.6079042e-05  0.0000000   1.6858960e-06  5.3741032e-07  -7.6200689e-05  0.00014917092  -0.00067240159  -7.2986331e-06  2.2302149e-07  
1.3412306e-05  8.3437263e-07  9.5974127e-07  2.9980242e-05  0.00016699819  -0.00084778297  0.00067240159  -8.3032736e-07  -8.2633645e-05  -1.6858960e-06  0.0000000   -1.2798520e-06  -4.8922131e-05  -1.9332318e-06  -0.00053545677  -6.6588825e-05  -0.00072282209  
5.5070422e-06  0.00024361795  -2.5207980e-07  -3.6453348e-06  7.9057715e-07  0.00072282209  1.3948067e-06  -0.00014917092  9.0701262e-06  -5.3741032e-07  1.2798520e-06  0.0000000   -2.2533676e-06  -0.0023032445  -1.2788007e-07  0.00014365594  0.00084778297  
-5.2476989e-05  -5.1599375e-06  1.2056202e-05  -0.00020754136  -1.7788195e-05  7.7167676e-06  -2.6372066e-05  -0.00014365594  0.00053545677  7.6200689e-05  4.8922131e-05  2.2533676e-06  0.0000000   -7.2785264e-06  8.2633645e-05  0.00014917092  1.4037841e-05  
-7.3666315e-07  4.8569182e-07  0.00024361795  -1.1311061e-05  6.0880146e-07  1.2704803e-06  0.00072282209  6.1379954e-08  -3.5162032e-05  -0.00014917092  1.9332318e-06  0.0023032445  7.2785264e-06  0.0000000   -4.9157024e-07  -7.6200689e-05  -0.00067240159  
7.9742468e-06  1.0668780e-07  -1.6007486e-06  -2.8951428e-05  -0.00020754136  1.0911491e-06  1.3514767e-06  -0.00084778297  4.7978511e-05  0.00067240159  0.00053545677  1.2788007e-07  -8.2633645e-05  4.9157024e-07  0.0000000   1.3703867e-05  0.00014917092  
-4.5446481e-06  3.1683798e-06  -1.1814677e-05  0.00024361795  2.2700347e-05  1.0096895e-05  -3.5262434e-05  -2.0534126e-06  0.00072282209  7.2986331e-06  6.6588825e-05  -0.00014365594  -0.00014917092  7.6200689e-05  -1.3703867e-05  0.0000000   8.2633645e-05  
3.0250804e-08  2.7562940e-07  7.5393173e-08  1.2443267e-05  0.00024361795  1.2804164e-06  1.9403600e-06  -3.8347140e-07  6.5205591e-05  -2.2302149e-07  0.00072282209  -0.00084778297  -1.4037841e-05  0.00067240159  -0.00014917092  -8.2633645e-05  0.0000000   
