0.0000000   6.6250121e-05  0.0012009402  -0.00034306759  0.0012399467  -8.7721325e-05  -2.2088535e-05  4.1680120e-06  -1.7272835e-05  -2.3093316e-05  -0.00017390026  -3.7668281e-05  2.6684920e-05  1.3246588e-05  -0.00018605344  -1.0002722e-05  1.4836646e-06  
-6.6250121e-05  0.0000000   -0.00011667294  -0.0011425529  -0.00036948338  -9.4694803e-06  0.00012837656  -1.8797515e-06  -2.5144160e-06  1.0974664e-05  3.1520568e-05  6.1986067e-06  -8.8004520e-06  -2.6080316e-06  4.7289149e-05  1.2810187e-05  2.6908886e-06  
-0.0012009402  0.00011667294  0.0000000   0.00010660275  -0.00018732918  -1.2402513e-06  -1.9701197e-06  -9.4694803e-06  0.00012837656  -6.2306217e-07  -2.5436344e-06  1.0300612e-05  -1.9696779e-05  1.0974664e-05  -5.2407032e-06  -2.6912735e-08  -6.8140706e-06  
0.00034306759  0.0011425529  -0.00010660275  0.0000000   -7.6603441e-05  1.7250850e-05  -1.5410818e-06  3.5054425e-07  -5.3731628e-06  -9.4373092e-06  -9.4694803e-06  -5.1356589e-06  0.00012837656  -1.1998765e-06  5.5834226e-05  1.0974664e-05  6.7355246e-06  
-0.0012399467  0.00036948338  0.00018732918  7.6603441e-05  0.0000000   2.3782036e-06  7.2563351e-06  -2.3926951e-06  -6.5758044e-07  -1.6577157e-06  -2.8884440e-06  -9.4694803e-06  2.9198672e-05  9.1945826e-07  0.00012837656  4.7769878e-06  1.0974664e-05  
8.7721325e-05  9.4694803e-06  1.2402513e-06  -1.7250850e-05  -2.3782036e-06  0.0000000   -6.1427360e-06  -0.00011667294  4.5070605e-06  0.00024899265  -0.0011425529  -0.00036948338  4.2477381e-05  -1.3102364e-05  1.3154102e-05  -1.2987049e-06  4.7497152e-06  
2.2088535e-05  -0.00012837656  1.9701197e-06  1.5410818e-06  -7.2563351e-06  6.1427360e-06  0.0000000   3.9595192e-06  -0.00011667294  1.7254751e-05  4.2065989e-05  1.3395172e-05  -0.0011425529  4.9729486e-06  -0.00036948338  5.8439522e-05  1.9355914e-05  
-4.1680120e-06  1.8797515e-06  9.4694803e-06  -3.5054425e-07  2.3926951e-06  0.00011667294  -3.9595192e-06  0.0000000   -6.1427360e-06  -1.3354699e-05  0.00010660275  -0.00018732918  -3.5092560e-06  0.00024899265  6.1882708e-06  -1.2620935e-05  -1.7255409e-06  
1.7272835e-05  2.5144160e-06  -0.00012837656  5.3731628e-06  6.5758044e-07  -4.5070605e-06  0.00011667294  6.1427360e-06  0.0000000   -6.9096307e-06  -4.1093456e-06  6.5605842e-06  0.00010660275  1.7254751e-05  -0.00018732918  -6.3530460e-06  9.5961426e-06  
2.3093316e-05  -1.0974664e-05  6.2306217e-07  9.4373092e-06  1.6577157e-06  -0.00024899265  -1.7254751e-05  1.3354699e-05  6.9096307e-06  0.0000000   4.8992997e-06  -3.1953821e-06  5.9064785e-05  -0.00011667294  1.8951418e-05  -0.0011425529  -0.00036948338  
0.00017390026  -3.1520568e-05  2.5436344e-06  9.4694803e-06  2.8884440e-06  0.0011425529  -4.2065989e-05  -0.00010660275  4.1093456e-06  -4.8992997e-06  0.0000000   -7.6603441e-05  -6.1427360e-06  -1.2640832e-05  6.7534257e-07  0.00024899265  8.5706318e-05  
3.7668281e-05  -6.1986067e-06  -1.0300612e-05  5.1356589e-06  9.4694803e-06  0.00036948338  -1.3395172e-05  0.00018732918  -6.5605842e-06  3.1953821e-06  7.6603441e-05  0.0000000   -4.7056961e-06  -2.5004153e-06  -6.1427360e-06  8.4298674e-05  0.00024899265  
-2.6684920e-05  8.8004520e-06  1.9696779e-05  -0.00012837656  -2.9198672e-05  -4.2477381e-05  0.0011425529  3.5092560e-06  -0.00010660275  -5.9064785e-05  6.1427360e-06  4.7056961e-06  0.0000000   4.8201001e-06  -7.6603441e-05  1.7254751e-05  9.6061219e-06  
-1.3246588e-05  2.6080316e-06  -1.0974664e-05  1.1998765e-06  -9.1945826e-07  1.3102364e-05  -4.9729486e-06  -0.00024899265  -1.7254751e-05  0.00011667294  1.2640832e-05  2.5004153e-06  -4.8201001e-06  0.0000000   1.0153983e-05  0.00010660275  -0.00018732918  
0.00018605344  -4.7289149e-05  5.2407032e-06  -5.5834226e-05  -0.00012837656  -1.3154102e-05  0.00036948338  -6.1882708e-06  0.00018732918  -1.8951418e-05  -6.7534257e-07  6.1427360e-06  7.6603441e-05  -1.0153983e-05  0.0000000   1.6491999e-06  1.7254751e-05  
1.0002722e-05  -1.2810187e-05  2.6912735e-08  -1.0974664e-05  -4.7769878e-06  1.2987049e-06  -5.8439522e-05  1.2620935e-05  6.3530460e-06  0.0011425529  -0.00024899265  -8.4298674e-05  -1.7254751e-05  -0.00010660275  -1.6491999e-06  0.0000000   -7.6603441e-05  
-1.4836646e-06  -2.6908886e-06  6.8140706e-06  -6.7355246e-06  -1.0974664e-05  -4.7497152e-06  -1.9355914e-05  1.7255409e-06  -9.5961426e-06  0.00036948338  -8.5706318e-05  -0.00024899265  -9.6061219e-06  0.00018732918  -1.7254751e-05  7.6603441e-05  0.0000000   
