0.0000000   -6.2072750e-06  -0.00099562784  1.3469808e-05  -0.00024050955  4.9504579e-05  0.00030624971  -2.6963625e-06  -1.7033240e-05  2.6703488e-05  -0.00011212279  0.00022545226  8.4644288e-06  -1.7891373e-05  5.0911829e-06  0.00015487752  -5.5257302e-06  
6.2072750e-06  0.0000000   5.6171565e-05  0.00072944990  3.5272068e-05  1.6443771e-05  2.1687520e-05  -1.2539243e-07  -1.7097495e-06  -3.1454632e-06  -9.8457927e-06  4.3054382e-05  7.9291653e-07  -2.5905425e-06  3.5124133e-07  2.0049418e-05  -7.6047875e-07  
0.00099562784  -5.6171565e-05  0.0000000   -1.2861908e-05  0.00095978942  -7.5487423e-08  -6.5305457e-08  1.6443771e-05  2.1687520e-05  -6.5018768e-08  6.7130053e-07  1.7049083e-06  7.5490522e-06  -3.1454632e-06  1.4472045e-05  -1.5954475e-07  -6.3784820e-06  
-1.3469808e-05  -0.00072944990  1.2861908e-05  0.0000000   2.3922265e-05  -5.6090937e-06  -8.9803243e-06  1.5143480e-06  1.7403594e-06  2.0048715e-06  1.6443771e-05  2.1687520e-05  -7.4305617e-08  -5.1126227e-07  -3.4346196e-08  -3.1454632e-06  1.8681186e-08  
0.00024050955  -3.5272068e-05  -0.00095978942  -2.3922265e-05  0.0000000   -6.0266591e-07  3.3302480e-07  -1.0773172e-05  -1.4803478e-05  2.9888836e-07  -1.2179682e-06  3.8501800e-07  1.6443771e-05  4.1792848e-06  2.1687520e-05  9.1952895e-07  -3.1454632e-06  
-4.9504579e-05  -1.6443771e-05  7.5487423e-08  5.6090937e-06  6.0266591e-07  0.0000000   0.00037609215  5.6171565e-05  -3.0037649e-06  0.00080566035  0.00072944990  -8.6973549e-08  3.5272068e-05  -6.7449259e-06  -1.5745502e-05  4.3897787e-07  -3.3536588e-05  
-0.00030624971  -2.1687520e-05  6.5305457e-08  8.9803243e-06  -3.3302480e-07  -0.00037609215  0.0000000   6.6475286e-06  5.6171565e-05  -0.00057186379  -5.1951482e-07  0.00072944990  1.5837623e-05  2.0954340e-06  3.5272068e-05  1.6704188e-07  2.5181392e-05  
2.6963625e-06  1.2539243e-07  -1.6443771e-05  -1.5143480e-06  1.0773172e-05  -5.6171565e-05  -6.6475286e-06  0.0000000   0.00037609215  -6.6652109e-06  -1.2861908e-05  2.6208456e-05  0.00095978942  0.00080566035  -1.0198701e-07  6.0111850e-05  9.8815531e-07  
1.7033240e-05  1.7097495e-06  -2.1687520e-05  -1.7403594e-06  1.4803478e-05  3.0037649e-06  -5.6171565e-05  -0.00037609215  0.0000000   4.4770420e-06  -2.8951496e-05  -1.2861908e-05  -9.5537794e-07  -0.00057186379  0.00095978942  -4.3990922e-05  -3.5094306e-07  
-2.6703488e-05  3.1454632e-06  6.5018768e-08  -2.0048715e-06  -2.9888836e-07  -0.00080566035  0.00057186379  6.6652109e-06  -4.4770420e-06  0.0000000   -3.8980872e-07  5.3455652e-07  3.3736112e-05  5.6171565e-05  -2.3919823e-05  0.00072944990  3.5272068e-05  
0.00011212279  9.8457927e-06  -6.7130053e-07  -1.6443771e-05  1.2179682e-06  -0.00072944990  5.1951482e-07  1.2861908e-05  2.8951496e-05  3.8980872e-07  0.0000000   0.00037609215  2.3922265e-05  6.2883270e-05  -7.7529394e-06  0.00080566035  -1.6947193e-05  
-0.00022545226  -4.3054382e-05  -1.7049083e-06  -2.1687520e-05  -3.8501800e-07  8.6973549e-08  -0.00072944990  -2.6208456e-05  1.2861908e-05  -5.3455652e-07  -0.00037609215  0.0000000   7.7662687e-06  -4.5777444e-05  2.3922265e-05  -0.00057186379  1.2624837e-05  
-8.4644288e-06  -7.9291653e-07  -7.5490522e-06  7.4305617e-08  -1.6443771e-05  -3.5272068e-05  -1.5837623e-05  -0.00095978942  9.5537794e-07  -3.3736112e-05  -2.3922265e-05  -7.7662687e-06  0.0000000   9.5948035e-07  0.00037609215  -1.6549457e-05  0.00080566035  
1.7891373e-05  2.5905425e-06  3.1454632e-06  5.1126227e-07  -4.1792848e-06  6.7449259e-06  -2.0954340e-06  -0.00080566035  0.00057186379  -5.6171565e-05  -6.2883270e-05  4.5777444e-05  -9.5948035e-07  0.0000000   1.1379661e-06  -1.2861908e-05  0.00095978942  
-5.0911829e-06  -3.5124133e-07  -1.4472045e-05  3.4346196e-08  -2.1687520e-05  1.5745502e-05  -3.5272068e-05  1.0198701e-07  -0.00095978942  2.3919823e-05  7.7529394e-06  -2.3922265e-05  -0.00037609215  -1.1379661e-06  0.0000000   1.1650309e-05  -0.00057186379  
-0.00015487752  -2.0049418e-05  1.5954475e-07  3.1454632e-06  -9.1952895e-07  -4.3897787e-07  -1.6704188e-07  -6.0111850e-05  4.3990922e-05  -0.00072944990  -0.00080566035  0.00057186379  1.6549457e-05  1.2861908e-05  -1.1650309e-05  0.0000000   2.3922265e-05  
5.5257302e-06  7.6047875e-07  6.3784820e-06  -1.8681186e-08  3.1454632e-06  3.3536588e-05  -2.5181392e-05  -9.8815531e-07  3.5094306e-07  -3.5272068e-05  1.6947193e-05  -1.2624837e-05  -0.00080566035  -0.00095978942  0.00057186379  -2.3922265e-05  0.0000000   
