0.0000000   -0.0013739022  0.00011354734  -0.00049492331  -4.4899821e-05  2.9882705e-06  9.1298481e-05  3.9404470e-06  8.6954233e-06  7.5024724e-06  -6.4653448e-06  1.1373481e-05  -0.00011506687  -2.2800337e-05  4.8300855e-06  -2.0932780e-06  2.2374591e-05  
0.0013739022  0.0000000   -0.0016147669  -0.00055385719  6.4684060e-07  -1.4041497e-05  -0.00010178312  3.3760002e-05  5.7559078e-06  -1.1503067e-06  -1.9817600e-07  1.3324215e-06  -1.9165598e-06  9.6825421e-06  1.8680959e-05  3.1085293e-06  -3.4078220e-07  
-0.00011354734  0.0016147669  0.0000000   -0.00045812550  -7.0511854e-05  -2.6319003e-05  1.5297495e-06  -1.4041497e-05  7.3886738e-06  -0.00010178312  2.0575823e-06  -1.8484599e-05  -7.8640445e-07  5.7797935e-06  1.3324215e-06  5.4134851e-06  6.8107164e-07  
0.00049492331  0.00055385719  0.00045812550  0.0000000   -1.4190459e-05  -5.5874529e-06  2.7477308e-08  -4.4088551e-06  -1.4041497e-05  -1.2911443e-07  -3.2859853e-06  -4.7477537e-06  -0.00010178312  -2.1445078e-05  -4.9246267e-06  1.3324215e-06  4.0137794e-07  
4.4899821e-05  -6.4684060e-07  7.0511854e-05  1.4190459e-05  0.0000000   5.5363415e-07  3.8535978e-07  -4.5543975e-08  -3.8175557e-06  6.3370114e-06  -1.4041497e-05  -1.1962575e-07  -2.1778641e-05  -0.00010178312  -9.5426229e-07  9.6180549e-08  1.3324215e-06  
-2.9882705e-06  1.4041497e-05  2.6319003e-05  5.5874529e-06  -5.5363415e-07  0.0000000   -6.4222273e-06  -0.0016147669  -0.00055385719  -5.9981640e-05  6.4684060e-07  0.00018727771  -2.1351163e-05  2.3836477e-09  -6.5524469e-07  2.3267874e-07  -4.0119936e-06  
-9.1298481e-05  0.00010178312  -1.5297495e-06  -2.7477308e-08  -3.8535978e-07  6.4222273e-06  0.0000000   -6.0585680e-05  -2.0386028e-05  -0.0016147669  -7.9764276e-08  -1.7759572e-06  -0.00055385719  6.4684060e-07  -3.1792567e-05  -1.0686516e-05  5.3048145e-08  
-3.9404470e-06  -3.3760002e-05  1.4041497e-05  4.4088551e-06  4.5543975e-08  0.0016147669  6.0585680e-05  0.0000000   -0.00045812550  -6.4222273e-06  -7.0511854e-05  4.4535892e-07  -1.7757258e-05  -2.3739136e-06  0.00018727771  1.1390381e-06  -1.1681620e-05  
-8.6954233e-06  -5.7559078e-06  -7.3886738e-06  1.4041497e-05  3.8175557e-06  0.00055385719  2.0386028e-05  0.00045812550  0.0000000   1.6969632e-05  -1.4190459e-05  5.5796518e-07  -6.4222273e-06  -2.0435755e-06  1.4334314e-06  0.00018727771  4.4232473e-05  
-7.5024724e-06  1.1503067e-06  0.00010178312  1.2911443e-07  -6.3370114e-06  5.9981640e-05  0.0016147669  6.4222273e-06  -1.6969632e-05  0.0000000   -3.0247369e-06  3.1735006e-05  -0.00045812550  -7.0511854e-05  -1.7759572e-06  -9.0043826e-06  -1.2676693e-06  
6.4653448e-06  1.9817600e-07  -2.0575823e-06  3.2859853e-06  1.4041497e-05  -6.4684060e-07  7.9764276e-08  7.0511854e-05  1.4190459e-05  3.0247369e-06  0.0000000   -4.1436645e-06  -9.5459055e-07  -6.4222273e-06  -1.1767642e-05  4.4274776e-05  0.00018727771  
-1.1373481e-05  -1.3324215e-06  1.8484599e-05  4.7477537e-06  1.1962575e-07  -0.00018727771  1.7759572e-06  -4.4535892e-07  -5.5796518e-07  -3.1735006e-05  4.1436645e-06  0.0000000   -1.1214056e-05  -1.5483909e-07  -0.0016147669  -0.00055385719  6.4684060e-07  
0.00011506687  1.9165598e-06  7.8640445e-07  0.00010178312  2.1778641e-05  2.1351163e-05  0.00055385719  1.7757258e-05  6.4222273e-06  0.00045812550  9.5459055e-07  1.1214056e-05  0.0000000   -1.4190459e-05  9.0388959e-06  -1.7759572e-06  -7.4317776e-07  
2.2800337e-05  -9.6825421e-06  -5.7797935e-06  2.1445078e-05  0.00010178312  -2.3836477e-09  -6.4684060e-07  2.3739136e-06  2.0435755e-06  7.0511854e-05  6.4222273e-06  1.5483909e-07  1.4190459e-05  0.0000000   1.5337028e-06  -2.0384561e-07  -1.7759572e-06  
-4.8300855e-06  -1.8680959e-05  -1.3324215e-06  4.9246267e-06  9.5426229e-07  6.5524469e-07  3.1792567e-05  -0.00018727771  -1.4334314e-06  1.7759572e-06  1.1767642e-05  0.0016147669  -9.0388959e-06  -1.5337028e-06  0.0000000   -0.00045812550  -7.0511854e-05  
2.0932780e-06  -3.1085293e-06  -5.4134851e-06  -1.3324215e-06  -9.6180549e-08  -2.3267874e-07  1.0686516e-05  -1.1390381e-06  -0.00018727771  9.0043826e-06  -4.4274776e-05  0.00055385719  1.7759572e-06  2.0384561e-07  0.00045812550  0.0000000   -1.4190459e-05  
-2.2374591e-05  3.4078220e-07  -6.8107164e-07  -4.0137794e-07  -1.3324215e-06  4.0119936e-06  -5.3048145e-08  1.1681620e-05  -4.4232473e-05  1.2676693e-06  -0.00018727771  -6.4684060e-07  7.4317776e-07  1.7759572e-06  7.0511854e-05  1.4190459e-05  0.0000000   
