0.0000000   -0.00024956519  -0.00023201609  0.00025731891  -0.00024174269  -2.4903313e-05  -4.3614451e-05  6.4487353e-05  0.00029091206  2.7522485e-05  -2.2537927e-05  1.2596156e-05  2.0708901e-05  -2.5937533e-05  -1.2620528e-07  1.9155356e-05  0.00020190448  
0.00024956519  0.0000000   -0.0084021310  0.00010356541  0.00018221338  5.0120313e-06  5.3589911e-05  -2.3520064e-05  3.4051083e-05  3.6389694e-05  5.6639770e-07  2.5304240e-06  -9.2297169e-07  4.9944667e-07  3.0002336e-07  -6.7816596e-07  1.1050219e-05  
0.00023201609  0.0084021310  0.0000000   0.00025278364  -0.00012333440  -5.4325041e-05  5.0120313e-06  -2.2437693e-05  -2.3520064e-05  3.7232903e-07  3.6389694e-05  3.4912441e-07  -1.0042227e-06  1.2641021e-06  8.1131301e-07  -2.9184157e-07  -1.0085178e-05  
-0.00025731891  -0.00010356541  -0.00025278364  0.0000000   -0.0027302050  5.4385322e-07  1.3798048e-06  1.0661024e-06  9.4686795e-07  -4.2753426e-06  -7.3223467e-07  5.0120313e-06  1.8997745e-05  -2.3520064e-05  5.0415192e-06  3.6389694e-05  5.6617380e-07  
0.00024174269  -0.00018221338  0.00012333440  0.0027302050  0.0000000   1.1384216e-06  -4.5775716e-07  4.1257878e-07  -7.5779477e-07  3.2263549e-06  2.2005103e-06  -1.5312255e-05  5.0120313e-06  -5.3983780e-06  -2.3520064e-05  -3.7769211e-08  3.6389694e-05  
2.4903313e-05  -5.0120313e-06  5.4325041e-05  -5.4385322e-07  -1.1384216e-06  0.0000000   -0.0084021310  -0.0029573488  5.8819977e-07  -0.00015523797  0.00013382256  0.00010356541  0.00018221338  0.00014042774  -5.9387362e-05  5.7146747e-06  -6.1385203e-06  
4.3614451e-05  -5.3589911e-05  -5.0120313e-06  -1.3798048e-06  4.5775716e-07  0.0084021310  0.0000000   8.7965135e-06  -0.0029573488  -0.00013270519  -0.00015523797  0.00025278364  -0.00012333440  -5.6423735e-05  -7.4647701e-05  -6.9545170e-06  -1.7352715e-06  
-6.4487353e-05  2.3520064e-05  2.2437693e-05  -1.0661024e-06  -4.1257878e-07  0.0029573488  -8.7965135e-06  0.0000000   -0.0084021310  3.1830375e-05  0.00078360238  -0.00014092607  5.9938925e-05  0.00010356541  0.00018221338  -1.1161417e-05  -1.6030459e-05  
-0.00029091206  -3.4051083e-05  2.3520064e-05  -9.4686795e-07  7.5779477e-07  -5.8819977e-07  0.0029573488  0.0084021310  0.0000000   -0.00078706588  3.1830375e-05  5.3512448e-05  7.5748939e-05  0.00025278364  -0.00012333440  -2.3079466e-05  1.2149357e-05  
-2.7522485e-05  -3.6389694e-05  -3.7232903e-07  4.2753426e-06  -3.2263549e-06  0.00015523797  0.00013270519  -3.1830375e-05  0.00078706588  0.0000000   -0.0084021310  -9.1895743e-06  5.4167244e-07  -8.5223139e-06  -1.7778134e-05  0.00010356541  0.00018221338  
2.2537927e-05  -5.6639770e-07  -3.6389694e-05  7.3223467e-07  -2.2005103e-06  -0.00013382256  0.00015523797  -0.00078360238  -3.1830375e-05  0.0084021310  0.0000000   -7.1713186e-07  5.9179202e-06  -2.4253364e-05  1.0811467e-05  0.00025278364  -0.00012333440  
-1.2596156e-05  -2.5304240e-06  -3.4912441e-07  -5.0120313e-06  1.5312255e-05  -0.00010356541  -0.00025278364  0.00014092607  -5.3512448e-05  9.1895743e-06  7.1713186e-07  0.0000000   -0.0027302050  -0.0029573488  -1.9819807e-06  -0.00015523797  4.5594588e-05  
-2.0708901e-05  9.2297169e-07  1.0042227e-06  -1.8997745e-05  -5.0120313e-06  -0.00018221338  0.00012333440  -5.9938925e-05  -7.5748939e-05  -5.4167244e-07  -5.9179202e-06  0.0027302050  0.0000000   6.5113810e-07  -0.0029573488  -4.3463201e-05  -0.00015523797  
2.5937533e-05  -4.9944667e-07  -1.2641021e-06  2.3520064e-05  5.3983780e-06  -0.00014042774  5.6423735e-05  -0.00010356541  -0.00025278364  8.5223139e-06  2.4253364e-05  0.0029573488  -6.5113810e-07  0.0000000   -0.0027302050  3.1830375e-05  0.00025554192  
1.2620528e-07  -3.0002336e-07  -8.1131301e-07  -5.0415192e-06  2.3520064e-05  5.9387362e-05  7.4647701e-05  -0.00018221338  0.00012333440  1.7778134e-05  -1.0811467e-05  1.9819807e-06  0.0029573488  0.0027302050  0.0000000   -0.00025466841  3.1830375e-05  
-1.9155356e-05  6.7816596e-07  2.9184157e-07  -3.6389694e-05  3.7769211e-08  -5.7146747e-06  6.9545170e-06  1.1161417e-05  2.3079466e-05  -0.00010356541  -0.00025278364  0.00015523797  4.3463201e-05  -3.1830375e-05  0.00025466841  0.0000000   -0.0027302050  
-0.00020190448  -1.1050219e-05  1.0085178e-05  -5.6617380e-07  -3.6389694e-05  6.1385203e-06  1.7352715e-06  1.6030459e-05  -1.2149357e-05  -0.00018221338  0.00012333440  -4.5594588e-05  0.00015523797  -0.00025554192  -3.1830375e-05  0.0027302050  0.0000000   
