0.0000000   5.9154940e-06  2.1312358e-06  1.3870389e-05  -0.00019464124  -0.00017076701  -7.8941194e-05  -1.0703756e-05  -3.8561473e-06  -0.00012126951  -1.4220767e-05  9.8274872e-05  -0.00015875268  -1.8583351e-05  0.00015190789  -0.00021448771  -1.5408364e-05  
-5.9154940e-06  0.0000000   -0.00089913897  -0.00079505326  -4.1789761e-05  2.0984939e-05  -2.4624329e-06  -0.00030647303  8.1810861e-09  -2.0082980e-06  1.3568947e-07  9.0108379e-06  6.3751851e-06  2.2361185e-07  -5.3174323e-06  5.8858210e-06  4.9785992e-07  
-2.1312358e-06  0.00089913897  0.0000000   0.00045519419  2.7594742e-05  8.6811974e-06  2.0984939e-05  4.9141078e-07  -0.00030647303  5.5735142e-06  1.0826213e-06  -9.2663396e-06  9.0108379e-06  1.5942031e-06  -1.8107336e-05  4.5090183e-06  7.4685438e-07  
-1.3870389e-05  0.00079505326  -0.00045519419  0.0000000   1.0896277e-05  4.0241380e-07  -2.3454298e-06  8.6258667e-08  5.3854769e-07  2.0984939e-05  -0.00030647303  -4.0183052e-06  1.0748481e-06  9.6383439e-07  -1.6408273e-05  9.0108379e-06  3.6099082e-07  
0.00019464124  4.1789761e-05  -2.7594742e-05  -1.0896277e-05  0.0000000   4.6922079e-07  8.4249982e-07  -4.5703235e-06  -1.3897703e-05  1.2055370e-06  -1.8186408e-05  -9.9898175e-08  6.5106474e-07  2.0984939e-05  -0.00030647303  7.2265739e-07  9.0108379e-06  
0.00017076701  -2.0984939e-05  -8.6811974e-06  -4.0241380e-07  -4.6922079e-07  0.0000000   -0.00089913897  -4.9111747e-06  -0.00012904344  -0.00079505326  -0.00011326082  -0.00031964912  2.2414336e-06  -4.1789761e-05  -6.0408388e-06  2.1314190e-06  -5.8548064e-06  
7.8941194e-05  2.4624329e-06  -2.0984939e-05  2.3454298e-06  -8.4249982e-07  0.00089913897  0.0000000   0.00012818077  -4.9111747e-06  0.00045519419  6.4854072e-05  -2.0461852e-06  -0.00031964912  2.7594742e-05  3.7541710e-06  -5.1288791e-07  -1.3870934e-05  
1.0703756e-05  0.00030647303  -4.9141078e-07  -8.6258667e-08  4.5703235e-06  4.9111747e-06  -0.00012818077  0.0000000   -0.00089913897  -0.00011340563  -0.00079505326  -2.4037591e-05  -3.2492922e-05  -5.8227385e-06  -4.1789761e-05  -2.8804564e-05  -1.9554495e-06  
3.8561473e-06  -8.1810861e-09  0.00030647303  -5.3854769e-07  1.3897703e-05  0.00012904344  4.9111747e-06  0.00089913897  0.0000000   6.5514143e-05  0.00045519419  3.1777335e-05  -2.4037591e-05  4.2669969e-06  2.7594742e-05  1.7602043e-05  5.1413684e-08  
0.00012126951  2.0082980e-06  -5.5735142e-06  -2.0984939e-05  -1.2055370e-06  0.00079505326  -0.00045519419  0.00011340563  -6.5514143e-05  0.0000000   -4.9111747e-06  -1.7006579e-06  1.7113606e-06  1.0896277e-05  1.2402461e-06  -0.00031964912  -1.9670587e-05  
1.4220767e-05  -1.3568947e-07  -1.0826213e-06  0.00030647303  1.8186408e-05  0.00011326082  -6.4854072e-05  0.00079505326  -0.00045519419  4.9111747e-06  0.0000000   2.8595152e-05  -1.6314953e-05  1.9431595e-06  1.0896277e-05  -2.4037591e-05  -1.1142690e-06  
-9.8274872e-05  -9.0108379e-06  9.2663396e-06  4.0183052e-06  9.9898175e-08  0.00031964912  2.0461852e-06  2.4037591e-05  -3.1777335e-05  1.7006579e-06  -2.8595152e-05  0.0000000   -0.00089913897  4.4089501e-06  -1.0899469e-06  -0.00079505326  -4.1789761e-05  
0.00015875268  -6.3751851e-06  -9.0108379e-06  -1.0748481e-06  -6.5106474e-07  -2.2414336e-06  0.00031964912  3.2492922e-05  2.4037591e-05  -1.7113606e-06  1.6314953e-05  0.00089913897  0.0000000   1.4400416e-05  2.0510883e-06  0.00045519419  2.7594742e-05  
1.8583351e-05  -2.2361185e-07  -1.5942031e-06  -9.6383439e-07  -2.0984939e-05  4.1789761e-05  -2.7594742e-05  5.8227385e-06  -4.2669969e-06  -1.0896277e-05  -1.9431595e-06  -4.4089501e-06  -1.4400416e-05  0.0000000   -4.9111747e-06  -2.0436269e-05  -0.00031964912  
-0.00015190789  5.3174323e-06  1.8107336e-05  1.6408273e-05  0.00030647303  6.0408388e-06  -3.7541710e-06  4.1789761e-05  -2.7594742e-05  -1.2402461e-06  -1.0896277e-05  1.0899469e-06  -2.0510883e-06  4.9111747e-06  0.0000000   -1.8826237e-06  -2.4037591e-05  
0.00021448771  -5.8858210e-06  -4.5090183e-06  -9.0108379e-06  -7.2265739e-07  -2.1314190e-06  5.1288791e-07  2.8804564e-05  -1.7602043e-05  0.00031964912  2.4037591e-05  0.00079505326  -0.00045519419  2.0436269e-05  1.8826237e-06  0.0000000   1.0896277e-05  
1.5408364e-05  -4.9785992e-07  -7.4685438e-07  -3.6099082e-07  -9.0108379e-06  5.8548064e-06  1.3870934e-05  1.9554495e-06  -5.1413684e-08  1.9670587e-05  1.1142690e-06  4.1789761e-05  -2.7594742e-05  0.00031964912  2.4037591e-05  -1.0896277e-05  0.0000000   
