0.0000000   -2.1216396e-05  6.4128416e-05  0.00045256910  -3.8363516e-05  8.9487276e-08  -1.1447590e-05  -1.1253902e-06  1.8026400e-06  1.6509974e-05  -0.00011961655  -8.4580495e-06  3.5551172e-06  4.8287600e-05  6.7441799e-06  -4.7383771e-05  -1.5668046e-06  
2.1216396e-05  0.0000000   -0.0022502631  -7.4639107e-05  -6.4472216e-05  8.7705388e-05  -0.00017151089  -4.0811359e-07  -4.3853165e-07  -1.2342699e-06  8.2693015e-06  2.0884983e-06  0.00012591450  -6.2657604e-06  -2.4567223e-07  3.0779226e-06  2.3099433e-06  
-6.4128416e-05  0.0022502631  0.0000000   1.9333229e-05  -6.0344398e-05  8.6310797e-07  5.2758552e-07  8.7705388e-05  -0.00017151089  -4.8745344e-06  1.0972863e-05  -3.9099006e-06  6.3446223e-08  7.0910012e-06  0.00012591450  -5.8875485e-06  -5.7496445e-06  
-0.00045256910  7.4639107e-05  -1.9333229e-05  0.0000000   0.0012407837  1.2691412e-06  2.7385903e-06  -6.1429554e-06  1.1162723e-05  8.7705388e-05  -0.00017151089  9.0926075e-08  1.0411889e-06  4.2706808e-07  -6.4825127e-06  0.00012591450  -3.9932752e-07  
3.8363516e-05  6.4472216e-05  6.0344398e-05  -0.0012407837  0.0000000   1.4349580e-06  -3.2053665e-06  -3.8758683e-06  7.6855202e-06  -5.4631656e-07  3.4175045e-07  8.7705388e-05  2.0936535e-06  -0.00017151089  -5.7906549e-06  -2.0466855e-07  0.00012591450  
-8.9487276e-08  -8.7705388e-05  -8.6310797e-07  -1.2691412e-06  -1.4349580e-06  0.0000000   0.0025274563  -0.0022502631  1.5306461e-06  -7.4639107e-05  -2.3034473e-06  -6.4472216e-05  0.00029920892  4.3971770e-05  -6.2460733e-07  -2.0034165e-07  5.2045647e-06  
1.1447590e-05  0.00017151089  -5.2758552e-07  -2.7385903e-06  3.2053665e-06  -0.0025274563  0.0000000   -1.8647971e-06  -0.0022502631  2.5500857e-06  -7.4639107e-05  -4.4076483e-05  0.00013247180  -6.4472216e-05  1.5970496e-06  1.7846542e-07  2.3668028e-06  
1.1253902e-06  4.0811359e-07  -8.7705388e-05  6.1429554e-06  3.8758683e-06  0.0022502631  1.8647971e-06  0.0000000   0.0025274563  1.9333229e-05  -0.00013381626  -6.0344398e-05  1.0213907e-06  -0.00011570236  0.00029920892  -1.5945668e-05  -1.3742493e-05  
-1.8026400e-06  4.3853165e-07  0.00017151089  -1.1162723e-05  -7.6855202e-06  -1.5306461e-06  0.0022502631  -0.0025274563  0.0000000   0.00013334395  1.9333229e-05  0.00011589249  -1.4705818e-06  -6.0344398e-05  0.00013247180  -6.7850717e-06  -6.0238207e-06  
-1.6509974e-05  1.2342699e-06  4.8745344e-06  -8.7705388e-05  5.4631656e-07  7.4639107e-05  -2.5500857e-06  -1.9333229e-05  -0.00013334395  0.0000000   0.0025274563  0.0012407837  -2.4479506e-07  -5.5779900e-06  -1.5796855e-05  0.00029920892  -2.2686573e-07  
0.00011961655  -8.2693015e-06  -1.0972863e-05  0.00017151089  -3.4175045e-07  2.3034473e-06  7.4639107e-05  0.00013381626  -1.9333229e-05  -0.0025274563  0.0000000   5.7906657e-06  -5.0272183e-07  0.0012407837  -7.0247710e-06  0.00013247180  -1.1393668e-06  
8.4580495e-06  -2.0884983e-06  3.9099006e-06  -9.0926075e-08  -8.7705388e-05  6.4472216e-05  4.4076483e-05  6.0344398e-05  -0.00011589249  -0.0012407837  -5.7906657e-06  0.0000000   5.2246567e-06  0.0025274563  -1.3696300e-05  -1.1237031e-06  0.00029920892  
-3.5551172e-06  -0.00012591450  -6.3446223e-08  -1.0411889e-06  -2.0936535e-06  -0.00029920892  -0.00013247180  -1.0213907e-06  1.4705818e-06  2.4479506e-07  5.0272183e-07  -5.2246567e-06  0.0000000   -2.3938561e-06  -0.0022502631  -7.4639107e-05  -6.4472216e-05  
-4.8287600e-05  6.2657604e-06  -7.0910012e-06  -4.2706808e-07  0.00017151089  -4.3971770e-05  6.4472216e-05  0.00011570236  6.0344398e-05  5.5779900e-06  -0.0012407837  -0.0025274563  2.3938561e-06  0.0000000   -6.0964276e-06  5.6165142e-07  0.00013247180  
-6.7441799e-06  2.4567223e-07  -0.00012591450  6.4825127e-06  5.7906549e-06  6.2460733e-07  -1.5970496e-06  -0.00029920892  -0.00013247180  1.5796855e-05  7.0247710e-06  1.3696300e-05  0.0022502631  6.0964276e-06  0.0000000   1.9333229e-05  -6.0344398e-05  
4.7383771e-05  -3.0779226e-06  5.8875485e-06  -0.00012591450  2.0466855e-07  2.0034165e-07  -1.7846542e-07  1.5945668e-05  6.7850717e-06  -0.00029920892  -0.00013247180  1.1237031e-06  7.4639107e-05  -5.6165142e-07  -1.9333229e-05  0.0000000   0.0012407837  
1.5668046e-06  -2.3099433e-06  5.7496445e-06  3.9932752e-07  -0.00012591450  -5.2045647e-06  -2.3668028e-06  1.3742493e-05  6.0238207e-06  2.2686573e-07  1.1393668e-06  -0.00029920892  6.4472216e-05  -0.00013247180  6.0344398e-05  -0.0012407837  0.0000000   
