0.0000000   0.0024720884  -9.1231375e-05  -0.00042855618  0.00052565570  -3.9141506e-05  9.2648643e-06  -1.7099246e-05  -0.00012079699  -0.00014284471  -3.5726998e-06  -4.0059618e-05  -0.00010170087  -9.5197689e-07  -7.1871272e-06  -8.6579984e-05  -2.9095474e-05  
-0.0024720884  0.0000000   8.4674059e-05  0.00023974931  0.0010504485  -0.00025742468  -4.4014831e-05  2.0936088e-05  9.5225902e-07  -1.8234951e-08  3.3203210e-06  0.00012391445  1.8596084e-06  1.2085392e-06  -2.4984587e-05  -6.9580142e-07  -2.0628954e-07  
9.1231375e-05  -8.4674059e-05  0.0000000   -9.8277338e-06  -6.8034278e-05  -2.2526534e-05  -0.00025742468  5.6226739e-07  4.8520571e-06  2.0936088e-05  -2.1986023e-08  1.3141520e-05  2.2017040e-05  0.00012391445  -5.3021423e-07  3.1404967e-06  -7.6618408e-06  
0.00042855618  -0.00023974931  9.8277338e-06  0.0000000   0.00010566206  1.6365509e-07  3.7799961e-06  -8.2788104e-06  -0.00025742468  5.3650780e-07  2.0936088e-05  2.0021778e-07  -2.7498566e-07  1.6321164e-06  6.6889755e-06  0.00012391445  -1.0913262e-07  
-0.00052565570  -0.0010504485  6.8034278e-05  -0.00010566206  0.0000000   9.9063839e-07  1.3984308e-05  -1.0561893e-06  -4.2577516e-07  -2.1452510e-06  -5.8879790e-07  -4.6013683e-07  -0.00025742468  -1.0986616e-05  2.0936088e-05  -4.3850944e-07  0.00012391445  
3.9141506e-05  0.00025742468  2.2526534e-05  -1.6365509e-07  -9.9063839e-07  0.0000000   8.4674059e-05  -2.2994458e-05  0.00023974931  -6.4125914e-07  4.0017023e-06  -0.0010967739  0.0010504485  -0.00010210251  1.8128749e-05  9.7488508e-07  2.7761334e-06  
-9.2648643e-06  4.4014831e-05  0.00025742468  -3.7799961e-06  -1.3984308e-05  -8.4674059e-05  0.0000000   -3.5579780e-06  -9.8277338e-06  -2.2994458e-05  -1.5961438e-07  -0.00010249580  -6.8034278e-05  -0.0010967739  3.0764147e-07  6.4407727e-07  7.7387377e-05  
1.7099246e-05  -2.0936088e-05  -5.6226739e-07  8.2788104e-06  1.0561893e-06  2.2994458e-05  3.5579780e-06  0.0000000   5.7450765e-06  8.4674059e-05  0.00023974931  2.1521021e-05  1.8937135e-05  -2.3010829e-06  0.0010504485  -1.1182717e-05  -5.4130355e-05  
0.00012079699  -9.5225902e-07  -4.8520571e-06  0.00025742468  4.2577516e-07  -0.00023974931  9.8277338e-06  -5.7450765e-06  0.0000000   3.6532796e-07  -2.2994458e-05  1.2965715e-06  0.00010566206  1.8390933e-06  3.3998271e-06  -0.0010967739  -2.9054576e-07  
0.00014284471  1.8234951e-08  -2.0936088e-05  -5.3650780e-07  2.1452510e-06  6.4125914e-07  2.2994458e-05  -8.4674059e-05  -3.6532796e-07  0.0000000   -9.8277338e-06  6.4306887e-06  -2.9442323e-06  2.1521021e-05  -6.8034278e-05  4.1817098e-07  1.9426847e-06  
3.5726998e-06  -3.3203210e-06  2.1986023e-08  -2.0936088e-05  5.8879790e-07  -4.0017023e-06  1.5961438e-07  -0.00023974931  2.2994458e-05  9.8277338e-06  0.0000000   1.2438798e-05  1.8216929e-06  -5.2065056e-07  0.00010566206  2.1521021e-05  -5.4612740e-06  
4.0059618e-05  -0.00012391445  -1.3141520e-05  -2.0021778e-07  4.6013683e-07  0.0010967739  0.00010249580  -2.1521021e-05  -1.2965715e-06  -6.4306887e-06  -1.2438798e-05  0.0000000   -4.0832162e-06  8.4674059e-05  -5.3880619e-05  0.00023974931  0.0010504485  
0.00010170087  -1.8596084e-06  -2.2017040e-05  2.7498566e-07  0.00025742468  -0.0010504485  6.8034278e-05  -1.8937135e-05  -0.00010566206  2.9442323e-06  -1.8216929e-06  4.0832162e-06  0.0000000   7.7965465e-05  -2.2994458e-05  -8.3440483e-08  -0.0010967739  
9.5197689e-07  -1.2085392e-06  -0.00012391445  -1.6321164e-06  1.0986616e-05  0.00010210251  0.0010967739  2.3010829e-06  -1.8390933e-06  -2.1521021e-05  5.2065056e-07  -8.4674059e-05  -7.7965465e-05  0.0000000   5.0342016e-06  -9.8277338e-06  -6.8034278e-05  
7.1871272e-06  2.4984587e-05  5.3021423e-07  -6.6889755e-06  -2.0936088e-05  -1.8128749e-05  -3.0764147e-07  -0.0010504485  -3.3998271e-06  6.8034278e-05  -0.00010566206  5.3880619e-05  2.2994458e-05  -5.0342016e-06  0.0000000   4.3112514e-06  2.1521021e-05  
8.6579984e-05  6.9580142e-07  -3.1404967e-06  -0.00012391445  4.3850944e-07  -9.7488508e-07  -6.4407727e-07  1.1182717e-05  0.0010967739  -4.1817098e-07  -2.1521021e-05  -0.00023974931  8.3440483e-08  9.8277338e-06  -4.3112514e-06  0.0000000   0.00010566206  
2.9095474e-05  2.0628954e-07  7.6618408e-06  1.0913262e-07  -0.00012391445  -2.7761334e-06  -7.7387377e-05  5.4130355e-05  2.9054576e-07  -1.9426847e-06  5.4612740e-06  -0.0010504485  0.0010967739  6.8034278e-05  -2.1521021e-05  -0.00010566206  0.0000000   
