0.0000000   0.0017235318  -0.0012105786  -1.9761173e-05  5.1197966e-06  -0.00018058248  -6.2562004e-06  1.8471497e-05  -1.6063536e-05  6.6893030e-05  -1.1551002e-05  -2.3481191e-05  -3.0494751e-05  3.0221607e-06  7.4138558e-05  1.5879949e-05  0.00018183490  
-0.0017235318  0.0000000   -0.020041243  0.00047161530  0.00044103999  -3.1747243e-05  1.0499833e-05  5.2460321e-06  0.00014907588  -2.1051472e-06  -7.4481465e-06  3.8694312e-06  -3.4807369e-05  6.1962400e-06  -4.8570494e-06  -2.4606319e-05  -2.6400111e-06  
0.0012105786  0.020041243  0.0000000   0.00032775830  -0.00030282503  -1.0500866e-05  -3.1747243e-05  -0.00014825371  5.2460321e-06  -2.8180858e-06  9.9266897e-07  4.2532547e-05  3.8694312e-06  -6.1933828e-06  -5.5812126e-07  1.7646999e-05  -8.2136676e-06  
1.9761173e-05  -0.00047161530  -0.00032775830  0.0000000   6.0874135e-07  -1.7435412e-08  5.9310265e-07  3.5720664e-06  2.3770596e-06  -3.1747243e-05  5.2460321e-06  -8.3739944e-07  -7.1440483e-07  -3.7424998e-06  6.4753932e-07  3.8694312e-06  5.5630227e-07  
-5.1197966e-06  -0.00044103999  0.00030282503  -6.0874135e-07  0.0000000   -1.1349707e-06  -1.4836949e-06  3.4627807e-06  -2.1223245e-06  -3.3547863e-06  5.4408037e-07  -8.8375278e-07  5.9649812e-07  -3.1747243e-05  5.2460321e-06  4.4232302e-07  3.8694312e-06  
0.00018058248  3.1747243e-05  1.0500866e-05  1.7435412e-08  1.1349707e-06  0.0000000   -0.020041243  5.6690474e-06  -0.0023312452  0.00047161530  5.5365727e-05  -9.1735100e-05  -0.00014587439  0.00044103999  5.1369523e-05  5.2299679e-06  1.0115563e-06  
6.2562004e-06  -1.0499833e-05  3.1747243e-05  -5.9310265e-07  1.4836949e-06  0.020041243  0.0000000   0.0023312994  5.6690474e-06  0.00032775830  3.8052872e-05  0.00014579053  -9.1735100e-05  -0.00030282503  -3.4729411e-05  3.2411904e-06  -4.9136598e-06  
-1.8471497e-05  -5.2460321e-06  0.00014825371  -3.5720664e-06  -3.4627807e-06  -5.6690474e-06  -0.0023312994  0.0000000   -0.020041243  5.4867657e-05  0.00047161530  -0.0015430270  1.1835892e-05  5.1260462e-05  0.00044103999  -1.4367335e-05  -3.3587005e-05  
1.6063536e-05  -0.00014907588  -5.2460321e-06  -2.3770596e-06  2.1223245e-06  0.0023312452  -5.6690474e-06  0.020041243  0.0000000   3.8161708e-05  0.00032775830  -6.9737849e-06  -0.0015430270  -3.5504365e-05  -0.00030282503  1.1946872e-05  -5.7217003e-05  
-6.6893030e-05  2.1051472e-06  2.8180858e-06  3.1747243e-05  3.3547863e-06  -0.00047161530  -0.00032775830  -5.4867657e-05  -3.8161708e-05  0.0000000   5.6690474e-06  -4.4217065e-06  -1.5575531e-06  6.0874135e-07  7.1941585e-07  -9.1735100e-05  -1.0559729e-05  
1.1551002e-05  7.4481465e-06  -9.9266897e-07  -5.2460321e-06  -5.4408037e-07  -5.5365727e-05  -3.8052872e-05  -0.00047161530  -0.00032775830  -5.6690474e-06  0.0000000   -1.3696826e-05  1.1926015e-05  -6.2436648e-07  6.0874135e-07  -0.0015430270  -0.00017743776  
2.3481191e-05  -3.8694312e-06  -4.2532547e-05  8.3739944e-07  8.8375278e-07  9.1735100e-05  -0.00014579053  0.0015430270  6.9737849e-06  4.4217065e-06  1.3696826e-05  0.0000000   -0.020041243  5.1088922e-06  3.3523929e-05  0.00047161530  0.00044103999  
3.0494751e-05  3.4807369e-05  -3.8694312e-06  7.1440483e-07  -5.9649812e-07  0.00014587439  9.1735100e-05  -1.1835892e-05  0.0015430270  1.5575531e-06  -1.1926015e-05  0.020041243  0.0000000   1.0718862e-06  5.7348410e-05  0.00032775830  -0.00030282503  
-3.0221607e-06  -6.1962400e-06  6.1933828e-06  3.7424998e-06  3.1747243e-05  -0.00044103999  0.00030282503  -5.1260462e-05  3.5504365e-05  -6.0874135e-07  6.2436648e-07  -5.1088922e-06  -1.0718862e-06  0.0000000   5.6690474e-06  -1.0691520e-05  -9.1735100e-05  
-7.4138558e-05  4.8570494e-06  5.5812126e-07  -6.4753932e-07  -5.2460321e-06  -5.1369523e-05  3.4729411e-05  -0.00044103999  0.00030282503  -7.1941585e-07  -6.0874135e-07  -3.3523929e-05  -5.7348410e-05  -5.6690474e-06  0.0000000   -0.00017896637  -0.0015430270  
-1.5879949e-05  2.4606319e-05  -1.7646999e-05  -3.8694312e-06  -4.4232302e-07  -5.2299679e-06  -3.2411904e-06  1.4367335e-05  -1.1946872e-05  9.1735100e-05  0.0015430270  -0.00047161530  -0.00032775830  1.0691520e-05  0.00017896637  0.0000000   6.0874135e-07  
-0.00018183490  2.6400111e-06  8.2136676e-06  -5.5630227e-07  -3.8694312e-06  -1.0115563e-06  4.9136598e-06  3.3587005e-05  5.7217003e-05  1.0559729e-05  0.00017743776  -0.00044103999  0.00030282503  9.1735100e-05  0.0015430270  -6.0874135e-07  0.0000000   
