0.0000000   -0.0052932221  4.5754033e-05  -0.00019917452  -0.00089225752  -0.00013858324  1.9778953e-05  -5.7501404e-05  0.00010775721  8.8316940e-06  -0.00018202871  0.00014424194  0.00015868688  -2.6061375e-06  0.00020000087  -3.0782597e-06  6.8281476e-06  
0.0052932221  0.0000000   -0.00080323335  -0.00063545598  0.00070276340  -8.8469152e-05  0.00014589800  -1.7315470e-06  7.0093292e-07  4.0587579e-05  2.6326207e-06  2.6319546e-06  2.8005117e-06  2.7055538e-05  -3.3496170e-06  -1.0276518e-05  5.7089691e-06  
-4.5754033e-05  0.00080323335  0.0000000   0.00073049139  9.6621843e-05  1.2133203e-07  8.1900555e-08  -8.8469152e-05  0.00014589800  -4.3537913e-06  4.3575895e-07  -9.0666964e-07  -6.8010101e-07  4.0587579e-05  -2.1010552e-07  -4.2416612e-06  -5.4604121e-07  
0.00019917452  0.00063545598  -0.00073049139  0.0000000   0.0044158270  9.7798005e-07  -5.8432337e-07  6.5589257e-07  -8.2955940e-07  -5.8324537e-06  -8.8469152e-05  -2.4596563e-06  0.00014589800  5.1601695e-06  -1.2321693e-06  4.0587579e-05  -2.5970181e-05  
0.00089225752  -0.00070276340  -9.6621843e-05  -0.0044158270  0.0000000   4.0447610e-07  -6.4628456e-07  -8.3928884e-07  1.0506217e-06  -4.3012291e-06  1.5744850e-06  -8.8469152e-05  5.7767772e-07  4.4561255e-06  0.00014589800  2.3805480e-05  4.0587579e-05  
0.00013858324  8.8469152e-05  -1.2133203e-07  -9.7798005e-07  -4.0447610e-07  0.0000000   0.00031873258  -0.00080323335  8.5244853e-08  -2.3468228e-05  -0.00063545598  0.00070276340  -1.2747563e-06  -5.8583901e-06  -1.9241706e-06  -5.3543975e-06  6.0369152e-06  
-1.9778953e-05  -0.00014589800  -8.1900555e-08  5.8432337e-07  6.4628456e-07  -0.00031873258  0.0000000   -3.9537651e-07  -0.00080323335  2.2848580e-05  1.0612202e-06  2.2097812e-06  -0.00063545598  5.7320586e-05  0.00070276340  4.5362660e-05  -5.0391929e-05  
5.7501404e-05  1.7315470e-06  8.8469152e-05  -6.5589257e-07  8.3928884e-07  0.00080323335  3.9537651e-07  0.0000000   0.00031873258  5.8731169e-06  0.00073049139  9.6621843e-05  -1.3379369e-07  -2.3468228e-05  1.0261175e-06  5.7122829e-06  7.9878864e-07  
-0.00010775721  -7.0093292e-07  -0.00014589800  8.2955940e-07  -1.0506217e-06  -8.5244853e-08  0.00080323335  -0.00031873258  0.0000000   -5.6375095e-05  3.4905152e-07  -1.1184037e-06  0.00073049139  2.2848580e-05  9.6621843e-05  -5.1927925e-05  -7.0295021e-06  
-8.8316940e-06  -4.0587579e-05  4.3537913e-06  5.8324537e-06  4.3012291e-06  2.3468228e-05  -2.2848580e-05  -5.8731169e-06  5.6375095e-05  0.0000000   -3.4944665e-06  4.1332048e-06  4.4017788e-05  -0.00080323335  -5.1910834e-05  -0.00063545598  0.00070276340  
0.00018202871  -2.6326207e-06  -4.3575895e-07  8.8469152e-05  -1.5744850e-06  0.00063545598  -1.0612202e-06  -0.00073049139  -3.4905152e-07  3.4944665e-06  0.0000000   0.0044158270  0.00031873258  -5.0590762e-06  3.1756894e-07  -2.3468228e-05  3.5713976e-05  
-0.00014424194  -2.6319546e-06  9.0666964e-07  2.4596563e-06  8.8469152e-05  -0.00070276340  -2.2097812e-06  -9.6621843e-05  1.1184037e-06  -4.1332048e-06  -0.0044158270  0.0000000   -1.5230748e-06  -1.4620755e-06  0.00031873258  -3.4898940e-05  -2.3468228e-05  
-0.00015868688  -2.8005117e-06  6.8010101e-07  -0.00014589800  -5.7767772e-07  1.2747563e-06  0.00063545598  1.3379369e-07  -0.00073049139  -4.4017788e-05  -0.00031873258  1.5230748e-06  0.0000000   5.1503865e-05  0.0044158270  2.2848580e-05  -0.00031584012  
2.6061375e-06  -2.7055538e-05  -4.0587579e-05  -5.1601695e-06  -4.4561255e-06  5.8583901e-06  -5.7320586e-05  2.3468228e-05  -2.2848580e-05  0.00080323335  5.0590762e-06  1.4620755e-06  -5.1503865e-05  0.0000000   -6.1431432e-06  0.00073049139  9.6621843e-05  
-0.00020000087  3.3496170e-06  2.1010552e-07  1.2321693e-06  -0.00014589800  1.9241706e-06  -0.00070276340  -1.0261175e-06  -9.6621843e-05  5.1910834e-05  -3.1756894e-07  -0.00031873258  -0.0044158270  6.1431432e-06  0.0000000   0.00031598267  2.2848580e-05  
3.0782597e-06  1.0276518e-05  4.2416612e-06  -4.0587579e-05  -2.3805480e-05  5.3543975e-06  -4.5362660e-05  -5.7122829e-06  5.1927925e-05  0.00063545598  2.3468228e-05  3.4898940e-05  -2.2848580e-05  -0.00073049139  -0.00031598267  0.0000000   0.0044158270  
-6.8281476e-06  -5.7089691e-06  5.4604121e-07  2.5970181e-05  -4.0587579e-05  -6.0369152e-06  5.0391929e-05  -7.9878864e-07  7.0295021e-06  -0.00070276340  -3.5713976e-05  2.3468228e-05  0.00031584012  -9.6621843e-05  -2.2848580e-05  -0.0044158270  0.0000000   
