0.0000000   -0.0016683276  -8.1050906e-05  -1.1594895e-05  -0.00058018623  -0.00013370191  0.00024578653  -0.00016488892  5.8883865e-05  0.00011727761  -2.4220044e-06  -3.3965718e-05  -6.8320730e-06  4.6013735e-06  -2.8617954e-05  -8.7339248e-05  2.2509960e-06  
0.0016683276  0.0000000   -0.0021386364  0.00041512910  -0.00027185873  -0.00051738531  -0.00015326634  6.3167166e-06  2.7458914e-05  1.2415161e-06  -1.2008872e-07  1.1404149e-05  6.6712012e-06  6.5356149e-08  -1.2494876e-05  2.2750815e-06  -9.5324952e-07  
8.1050906e-05  0.0021386364  0.0000000   0.00034830709  0.0035948573  5.1764130e-06  2.3379872e-06  -0.00051738531  0.00020926094  -2.5895335e-05  -0.00015326634  1.5399329e-05  6.2424250e-05  -3.4319155e-06  1.1404149e-05  -1.5305049e-06  2.7639649e-05  
1.1594895e-05  -0.00041512910  -0.00034830709  0.0000000   -0.00076924539  2.5794486e-05  6.5565352e-06  0.00021006362  -0.00051738531  -0.00011257333  6.1737216e-05  -3.7238044e-06  -0.00015326634  -3.4155216e-05  -7.1556287e-06  1.1404149e-05  -3.3075832e-06  
0.00058018623  0.00027185873  -0.0035948573  0.00076924539  0.0000000   6.3839520e-07  1.2444049e-07  -2.2694798e-05  -0.00011207332  -0.00051738531  -1.0651512e-05  -3.5265023e-06  -3.2997534e-05  -0.00015326634  -2.5239151e-05  8.1832010e-06  1.1404149e-05  
0.00013370191  0.00051738531  -5.1764130e-06  -2.5794486e-05  -6.3839520e-07  0.0000000   -0.00059823833  -0.0021386364  0.00041512910  -0.00027185873  6.8910643e-06  7.8804852e-06  2.9083470e-05  1.3068631e-06  2.3109039e-05  -4.8008639e-06  2.9800800e-06  
-0.00024578653  0.00015326634  -2.3379872e-06  -6.5565352e-06  -1.2444049e-07  0.00059823833  0.0000000   -5.1146613e-06  -2.9876484e-05  -1.1986128e-06  -0.0021386364  -9.1076076e-06  0.00041512910  -0.00027185873  0.00014886514  -2.8425752e-05  1.8830861e-05  
0.00016488892  -6.3167166e-06  0.00051738531  -0.00021006362  2.2694798e-05  0.0021386364  5.1146613e-06  0.0000000   0.00034830709  0.0035948573  -0.00059823833  -2.4539925e-05  0.00024208372  -2.9210837e-05  7.8804852e-06  -6.9676387e-06  -3.7971565e-05  
-5.8883865e-05  -2.7458914e-05  -0.00020926094  0.00051738531  0.00011207332  -0.00041512910  2.9876484e-05  -0.00034830709  0.0000000   -0.00076924539  0.00024246031  4.5720611e-06  -0.00059823833  -0.00012986990  3.6346326e-07  7.8804852e-06  9.9058280e-06  
-0.00011727761  -1.2415161e-06  2.5895335e-05  0.00011257333  0.00051738531  0.00027185873  1.1986128e-06  -0.0035948573  0.00076924539  0.0000000   -2.6452401e-05  -1.8029324e-06  -0.00013038507  -0.00059823833  3.8551642e-05  -6.4981373e-06  7.8804852e-06  
2.4220044e-06  1.2008872e-07  0.00015326634  -6.1737216e-05  1.0651512e-05  -6.8910643e-06  0.0021386364  0.00059823833  -0.00024246031  2.6452401e-05  0.0000000   -0.00014924356  0.00034830709  0.0035948573  -9.1076076e-06  -2.0655498e-05  -0.00025138222  
3.3965718e-05  -1.1404149e-05  -1.5399329e-05  3.7238044e-06  3.5265023e-06  -7.8804852e-06  9.1076076e-06  2.4539925e-05  -4.5720611e-06  1.8029324e-06  0.00014924356  0.0000000   -2.9387934e-05  1.8917235e-05  -0.0021386364  0.00041512910  -0.00027185873  
6.8320730e-06  -6.6712012e-06  -6.2424250e-05  0.00015326634  3.2997534e-05  -2.9083470e-05  -0.00041512910  -0.00024208372  0.00059823833  0.00013038507  -0.00034830709  2.9387934e-05  0.0000000   -0.00076924539  2.8042355e-05  -9.1076076e-06  5.1722977e-05  
-4.6013735e-06  -6.5356149e-08  3.4319155e-06  3.4155216e-05  0.00015326634  -1.3068631e-06  0.00027185873  2.9210837e-05  0.00012986990  0.00059823833  -0.0035948573  -1.8917235e-05  0.00076924539  0.0000000   0.00025052674  -5.5684926e-05  -9.1076076e-06  
2.8617954e-05  1.2494876e-05  -1.1404149e-05  7.1556287e-06  2.5239151e-05  -2.3109039e-05  -0.00014886514  -7.8804852e-06  -3.6346326e-07  -3.8551642e-05  9.1076076e-06  0.0021386364  -2.8042355e-05  -0.00025052674  0.0000000   0.00034830709  0.0035948573  
8.7339248e-05  -2.2750815e-06  1.5305049e-06  -1.1404149e-05  -8.1832010e-06  4.8008639e-06  2.8425752e-05  6.9676387e-06  -7.8804852e-06  6.4981373e-06  2.0655498e-05  -0.00041512910  9.1076076e-06  5.5684926e-05  -0.00034830709  0.0000000   -0.00076924539  
-2.2509960e-06  9.5324952e-07  -2.7639649e-05  3.3075832e-06  -1.1404149e-05  -2.9800800e-06  -1.8830861e-05  3.7971565e-05  -9.9058280e-06  -7.8804852e-06  0.00025138222  0.00027185873  -5.1722977e-05  9.1076076e-06  -0.0035948573  0.00076924539  0.0000000   
