0.0000000   -7.4279552e-05  4.8109435e-06  -0.0021413615  -0.00035484751  1.1994238e-05  0.00021069536  -3.8297753e-05  2.2826868e-05  9.9015264e-05  -1.1629786e-05  -0.00022810373  -1.1742225e-05  2.3116955e-05  -3.6766877e-06  0.00011080945  1.6639082e-05  
7.4279552e-05  0.0000000   -0.0018014921  -0.00013581906  0.00078836451  9.1336239e-06  6.2874453e-05  -2.7473544e-05  1.1075735e-05  -3.6662958e-06  0.00013305637  1.4729962e-05  -5.5633928e-07  -5.4232203e-06  -3.4571056e-07  -6.4710686e-06  -1.3666005e-06  
-4.8109435e-06  0.0018014921  0.0000000   -0.00012665511  0.00033394323  2.8293594e-05  -4.2211332e-06  9.1336239e-06  6.2874453e-05  1.4770427e-06  7.7539661e-08  -2.4155895e-06  1.2074391e-06  -1.1131116e-06  0.00013305637  5.5046779e-06  1.1215631e-06  
0.0021413615  0.00013581906  0.00012665511  0.0000000   -4.9230278e-06  4.3155768e-06  -3.3529675e-06  1.6807408e-06  1.2333278e-06  9.1336239e-06  -1.5335953e-05  -2.8948776e-06  6.2874453e-05  -1.3319814e-05  1.2752153e-06  0.00013305637  -5.3505988e-05  
0.00035484751  -0.00078836451  -0.00033394323  4.9230278e-06  0.0000000   -1.1776009e-05  5.7501256e-06  -5.4399658e-06  2.6419841e-06  -2.6449345e-06  -2.9098894e-06  9.1336239e-06  -1.5848999e-05  6.2874453e-05  2.7154730e-07  -4.1849447e-05  0.00013305637  
-1.1994238e-05  -9.1336239e-06  -2.8293594e-05  -4.3155768e-06  1.1776009e-05  0.0000000   0.0064268331  -0.0018014921  1.9711602e-06  -0.00013581906  -0.00015391485  0.00078836451  -0.00025175908  -4.7322549e-05  -2.8437072e-05  4.0141165e-06  1.3637507e-05  
-0.00021069536  -6.2874453e-05  4.2211332e-06  3.3529675e-06  -5.7501256e-06  -0.0064268331  0.0000000   -1.6858957e-06  -0.0018014921  0.00025184719  -5.4536319e-05  4.7208056e-05  -0.00013581906  0.00078836451  8.0789044e-05  8.1510878e-06  -3.3866771e-05  
3.8297753e-05  2.7473544e-05  -9.1336239e-06  -1.6807408e-06  5.4399658e-06  0.0018014921  1.6858957e-06  0.0000000   0.0064268331  -0.00012665511  2.8168434e-05  0.00033394323  8.9060852e-05  2.2621392e-05  -0.00015391485  -4.1257796e-06  4.5261614e-06  
-2.2826868e-05  -1.1075735e-05  -6.2874453e-05  -1.2333278e-06  -2.6419841e-06  -1.9711602e-06  0.0018014921  -0.0064268331  0.0000000   -8.8488383e-05  -8.0660430e-05  -2.2670296e-05  -0.00012665511  0.00033394323  -5.4536319e-05  4.9778042e-06  -1.5034410e-05  
-9.9015264e-05  3.6662958e-06  -1.4770427e-06  -9.1336239e-06  2.6449345e-06  0.00013581906  -0.00025184719  0.00012665511  8.8488383e-05  0.0000000   8.6488699e-06  -4.9230278e-06  0.0064268331  -0.0020600780  -9.3895608e-08  -0.00015391485  4.9734223e-05  
1.1629786e-05  -0.00013305637  -7.7539661e-08  1.5335953e-05  2.9098894e-06  0.00015391485  5.4536319e-05  -2.8168434e-05  8.0660430e-05  -8.6488699e-06  0.0000000   1.2375494e-05  4.1526985e-06  -3.5810006e-05  -0.0018014921  -0.00013581906  0.00078836451  
0.00022810373  -1.4729962e-05  2.4155895e-06  2.8948776e-06  -9.1336239e-06  -0.00078836451  -4.7208056e-05  -0.00033394323  2.2670296e-05  4.9230278e-06  -1.2375494e-05  0.0000000   -0.0020569079  0.0064268331  -5.8651861e-06  4.9486702e-05  -0.00015391485  
1.1742225e-05  5.5633928e-07  -1.2074391e-06  -6.2874453e-05  1.5848999e-05  0.00025175908  0.00013581906  -8.9060852e-05  0.00012665511  -0.0064268331  -4.1526985e-06  0.0020569079  0.0000000   -4.9230278e-06  -6.4774365e-06  -5.4536319e-05  1.7845975e-05  
-2.3116955e-05  5.4232203e-06  1.1131116e-06  1.3319814e-05  -6.2874453e-05  4.7322549e-05  -0.00078836451  -2.2621392e-05  -0.00033394323  0.0020600780  3.5810006e-05  -0.0064268331  4.9230278e-06  0.0000000   1.4771587e-05  1.7601957e-05  -5.4536319e-05  
3.6766877e-06  3.4571056e-07  -0.00013305637  -1.2752153e-06  -2.7154730e-07  2.8437072e-05  -8.0789044e-05  0.00015391485  5.4536319e-05  9.3895608e-08  0.0018014921  5.8651861e-06  6.4774365e-06  -1.4771587e-05  0.0000000   -0.00012665511  0.00033394323  
-0.00011080945  6.4710686e-06  -5.5046779e-06  -0.00013305637  4.1849447e-05  -4.0141165e-06  -8.1510878e-06  4.1257796e-06  -4.9778042e-06  0.00015391485  0.00013581906  -4.9486702e-05  5.4536319e-05  -1.7601957e-05  0.00012665511  0.0000000   -4.9230278e-06  
-1.6639082e-05  1.3666005e-06  -1.1215631e-06  5.3505988e-05  -0.00013305637  -1.3637507e-05  3.3866771e-05  -4.5261614e-06  1.5034410e-05  -4.9734223e-05  -0.00078836451  0.00015391485  -1.7845975e-05  5.4536319e-05  -0.00033394323  4.9230278e-06  0.0000000   
