0.0000000   -0.00012639638  7.0110014e-05  0.00013930390  -0.00088705615  -1.2318433e-05  3.4236975e-05  2.2284784e-06  -3.0626832e-05  -0.00011914275  -4.7589044e-05  3.6764804e-05  -3.7554243e-06  -1.1129305e-05  -5.7417461e-06  -8.4523444e-06  -6.3241799e-05  
0.00012639638  0.0000000   -0.00040485070  0.0033010423  -0.00015987031  0.00011603899  -4.1751819e-06  -1.4058704e-07  -1.3250626e-06  1.7721853e-05  -3.1894048e-05  -5.5485752e-06  -2.3851510e-05  3.6918135e-06  3.6702588e-07  1.1349986e-06  7.2987479e-06  
-7.0110014e-05  0.00040485070  0.0000000   -0.0019673603  0.00010030157  -3.8453713e-07  -4.2721291e-06  0.00011603899  2.8240264e-06  -4.1751819e-06  2.1826737e-05  6.1757366e-06  -2.4577671e-07  -1.7524539e-06  -2.3851510e-05  -2.1825306e-07  -1.6327106e-06  
-0.00013930390  -0.0033010423  0.0019673603  0.0000000   0.00011134621  2.9192058e-06  3.4985553e-05  -6.5470059e-07  0.00011603899  -1.4015447e-05  -4.1751819e-06  -1.6360236e-05  2.1600639e-07  -6.6133299e-07  4.1558074e-07  -2.3851510e-05  7.1898243e-06  
0.00088705615  0.00015987031  -0.00010030157  -0.00011134621  0.0000000   5.5362560e-06  -2.7743020e-06  -1.4140795e-06  -1.7623201e-05  7.8602047e-07  1.4092818e-06  0.00011603899  1.2211690e-06  -4.1751819e-06  -2.0824098e-06  3.5870933e-06  -2.3851510e-05  
1.2318433e-05  -0.00011603899  3.8453713e-07  -2.9192058e-06  -5.5362560e-06  0.0000000   -4.3096904e-06  -0.00040485070  0.0033010423  -4.6710786e-05  0.00037212558  -0.00015987031  0.00027602074  -1.8012474e-05  1.5381370e-06  1.2178974e-07  -4.6349269e-06  
-3.4236975e-05  4.1751819e-06  4.2721291e-06  -3.4985553e-05  2.7743020e-06  4.3096904e-06  0.0000000   -4.5368083e-05  0.00037268750  -0.00040485070  0.0033010423  -1.8159744e-05  -5.6682279e-06  -0.00015987031  3.4935341e-08  -2.5871251e-07  1.8659316e-07  
-2.2284784e-06  1.4058704e-07  -0.00011603899  6.5470059e-07  1.4140795e-06  0.00040485070  4.5368083e-05  0.0000000   -0.0019673603  -4.3096904e-06  -0.00022162023  0.00010030157  1.9339691e-06  1.1178005e-05  0.00027602074  5.2735742e-07  1.5019863e-05  
3.0626832e-05  1.3250626e-06  -2.8240264e-06  -0.00011603899  1.7623201e-05  -0.0033010423  -0.00037268750  0.0019673603  0.0000000   0.00022253339  -4.3096904e-06  0.00011134621  -2.2683499e-06  1.3269001e-05  1.9428170e-06  0.00027602074  -3.2219626e-05  
0.00011914275  -1.7721853e-05  4.1751819e-06  1.4015447e-05  -7.8602047e-07  4.6710786e-05  0.00040485070  4.3096904e-06  -0.00022253339  0.0000000   -0.0019673603  1.1583831e-05  4.9776315e-08  0.00010030157  -5.6682279e-06  2.3595792e-07  -3.5510175e-07  
4.7589044e-05  3.1894048e-05  -2.1826737e-05  4.1751819e-06  -1.4092818e-06  -0.00037212558  -0.0033010423  0.00022162023  4.3096904e-06  0.0019673603  0.0000000   1.2061022e-05  3.3070757e-07  0.00011134621  -2.2257938e-07  -5.6682279e-06  6.5952246e-07  
-3.6764804e-05  5.5485752e-06  -6.1757366e-06  1.6360236e-05  -0.00011603899  0.00015987031  1.8159744e-05  -0.00010030157  -0.00011134621  -1.1583831e-05  -1.2061022e-05  0.0000000   -4.0168619e-06  -4.3096904e-06  1.4433721e-05  -3.2614006e-05  0.00027602074  
3.7554243e-06  2.3851510e-05  2.4577671e-07  -2.1600639e-07  -1.2211690e-06  -0.00027602074  5.6682279e-06  -1.9339691e-06  2.2683499e-06  -4.9776315e-08  -3.3070757e-07  4.0168619e-06  0.0000000   -6.3516798e-08  -0.00040485070  0.0033010423  -0.00015987031  
1.1129305e-05  -3.6918135e-06  1.7524539e-06  6.6133299e-07  4.1751819e-06  1.8012474e-05  0.00015987031  -1.1178005e-05  -1.3269001e-05  -0.00010030157  -0.00011134621  4.3096904e-06  6.3516798e-08  0.0000000   -3.2623716e-07  6.4668540e-07  -5.6682279e-06  
5.7417461e-06  -3.6702588e-07  2.3851510e-05  -4.1558074e-07  2.0824098e-06  -1.5381370e-06  -3.4935341e-08  -0.00027602074  -1.9428170e-06  5.6682279e-06  2.2257938e-07  -1.4433721e-05  0.00040485070  3.2623716e-07  0.0000000   -0.0019673603  0.00010030157  
8.4523444e-06  -1.1349986e-06  2.1825306e-07  2.3851510e-05  -3.5870933e-06  -1.2178974e-07  2.5871251e-07  -5.2735742e-07  -0.00027602074  -2.3595792e-07  5.6682279e-06  3.2614006e-05  -0.0033010423  -6.4668540e-07  0.0019673603  0.0000000   0.00011134621  
6.3241799e-05  -7.2987479e-06  1.6327106e-06  -7.1898243e-06  2.3851510e-05  4.6349269e-06  -1.8659316e-07  -1.5019863e-05  3.2219626e-05  3.5510175e-07  -6.5952246e-07  -0.00027602074  0.00015987031  5.6682279e-06  -0.00010030157  -0.00011134621  0.0000000   
