0.0000000   0.00047948473  0.00027536307  -3.3328682e-05  3.1327812e-05  -3.6320095e-05  -0.00027758602  9.3996692e-06  0.00014882164  -0.00013159335  -4.2712186e-07  2.4836973e-05  -1.7625299e-05  -7.1888447e-06  -2.1820545e-05  -9.1950489e-05  -1.2579989e-05  
-0.00047948473  0.0000000   0.00066124411  -0.00020534185  3.9947342e-05  -3.3268217e-06  -2.0735167e-06  1.5680876e-06  -3.7832132e-07  3.7389734e-08  -5.8985803e-06  -3.0325991e-07  -4.0722834e-07  -5.0745747e-06  -6.7246656e-06  1.8060305e-06  -7.4187988e-07  
-0.00027536307  -0.00066124411  0.0000000   -0.00010554387  -0.00055884777  1.5897846e-06  3.0205027e-07  -3.3268217e-06  7.3827145e-07  -2.0735167e-06  4.2308751e-06  5.4304657e-07  4.4870799e-07  -3.1363385e-06  -5.8985803e-06  3.2402263e-06  3.4289948e-06  
3.3328682e-05  0.00020534185  0.00010554387  0.0000000   -0.0030413026  -1.7838249e-07  1.7591229e-06  8.1288696e-07  -3.3268217e-06  1.6014905e-06  -1.4769383e-06  -2.0735167e-06  3.9816830e-06  -5.5721524e-07  1.6469699e-06  -5.8985803e-06  2.0912108e-05  
-3.1327812e-05  -3.9947342e-05  0.00055884777  0.0030413026  0.0000000   -3.6404778e-07  -2.4464021e-06  -6.5374022e-07  -2.5828711e-06  -1.0508130e-06  -1.0000795e-07  1.1852838e-06  -3.3268217e-06  -2.0735167e-06  -4.4726910e-06  -2.1438527e-05  -5.8985803e-06  
3.6320095e-05  3.3268217e-06  -1.5897846e-06  1.7838249e-07  3.6404778e-07  0.0000000   7.9361342e-06  0.00066124411  -0.00020534185  0.00012346824  0.0014925595  -3.8128650e-05  3.9947342e-05  8.2864010e-06  1.9836483e-06  2.8408536e-05  8.5487057e-05  
0.00027758602  2.0735167e-06  -3.0205027e-07  -1.7591229e-06  2.4464021e-06  -7.9361342e-06  0.0000000   0.00012170226  -3.8087063e-05  0.00066124411  -0.00016258260  -0.00020534185  7.0839499e-06  3.9947342e-05  1.0135287e-06  -3.3232209e-06  -9.2324940e-06  
-9.3996692e-06  -1.5680876e-06  3.3268217e-06  -8.1288696e-07  6.5374022e-07  -0.00066124411  -0.00012170226  0.0000000   -0.00010554387  7.9361342e-06  2.3210641e-06  -2.2573333e-05  -0.00055884777  -0.00010366009  0.0014925595  -0.00052517823  8.4018841e-05  
-0.00014882164  3.7832132e-07  -7.3827145e-07  3.3268217e-06  2.5828711e-06  0.00020534185  3.8087063e-05  0.00010554387  0.0000000   1.6644104e-05  2.7886259e-05  7.9361342e-06  -0.0030413026  -0.00056784915  -0.00052644960  0.0014925595  -1.4119250e-05  
0.00013159335  -3.7389734e-08  2.0735167e-06  -1.6014905e-06  1.0508130e-06  -0.00012346824  -0.00066124411  -7.9361342e-06  -1.6644104e-05  0.0000000   -4.6385019e-08  -0.00010554387  -0.00010444960  -0.00055884777  -0.00016258260  5.7096250e-05  -9.0501225e-06  
4.2712186e-07  5.8985803e-06  -4.2308751e-06  1.4769383e-06  1.0000795e-07  -0.0014925595  0.00016258260  -2.3210641e-06  -2.7886259e-05  4.6385019e-08  0.0000000   3.1024336e-06  -8.5496700e-05  9.3037971e-06  0.00066124411  -0.00020534185  3.9947342e-05  
-2.4836973e-05  3.0325991e-07  -5.4304657e-07  2.0735167e-06  -1.1852838e-06  3.8128650e-05  0.00020534185  2.2573333e-05  -7.9361342e-06  0.00010554387  -3.1024336e-06  0.0000000   -0.00056615091  -0.0030413026  5.7133022e-05  -0.00016258260  1.8668670e-06  
1.7625299e-05  4.0722834e-07  -4.4870799e-07  -3.9816830e-06  3.3268217e-06  -3.9947342e-05  -7.0839499e-06  0.00055884777  0.0030413026  0.00010444960  8.5496700e-05  0.00056615091  0.0000000   7.9361342e-06  8.3552199e-05  -1.6723817e-05  0.0014925595  
7.1888447e-06  5.0745747e-06  3.1363385e-06  5.5721524e-07  2.0735167e-06  -8.2864010e-06  -3.9947342e-05  0.00010366009  0.00056784915  0.00055884777  -9.3037971e-06  0.0030413026  -7.9361342e-06  0.0000000   -9.3500943e-06  5.0863642e-07  -0.00016258260  
2.1820545e-05  6.7246656e-06  5.8985803e-06  -1.6469699e-06  4.4726910e-06  -1.9836483e-06  -1.0135287e-06  -0.0014925595  0.00052644960  0.00016258260  -0.00066124411  -5.7133022e-05  -8.3552199e-05  9.3500943e-06  0.0000000   -0.00010554387  -0.00055884777  
9.1950489e-05  -1.8060305e-06  -3.2402263e-06  5.8985803e-06  2.1438527e-05  -2.8408536e-05  3.3232209e-06  0.00052517823  -0.0014925595  -5.7096250e-05  0.00020534185  0.00016258260  1.6723817e-05  -5.0863642e-07  0.00010554387  0.0000000   -0.0030413026  
1.2579989e-05  7.4187988e-07  -3.4289948e-06  -2.0912108e-05  5.8985803e-06  -8.5487057e-05  9.2324940e-06  -8.4018841e-05  1.4119250e-05  9.0501225e-06  -3.9947342e-05  -1.8668670e-06  -0.0014925595  0.00016258260  0.00055884777  0.0030413026  0.0000000   
