0.0000000   4.9641085e-05  5.3956158e-06  0.00010459618  0.00025071850  -1.8696882e-06  -1.6905741e-05  -5.8812252e-06  9.7376361e-06  3.9575929e-07  -5.8034413e-05  2.5895081e-07  -1.5949300e-05  -8.1092130e-06  -1.0457425e-05  -8.4276418e-06  3.3360405e-06  
-4.9641085e-05  0.0000000   -0.0010760458  -0.00040978605  0.00090374007  0.00018739713  8.9686028e-07  -0.00019402865  -1.8048983e-06  -1.2323577e-07  3.4795025e-07  6.4592370e-05  1.4349439e-06  3.4661183e-07  7.7180787e-07  -1.0640637e-07  -1.9962670e-07  
-5.3956158e-06  0.0010760458  0.0000000   -0.00072314734  -0.00017164307  -4.4582619e-07  0.00018739713  3.7062810e-07  -1.5850922e-07  -0.00019402865  2.0229389e-06  -2.1662268e-07  7.2052784e-07  6.4592370e-05  1.5021619e-06  5.6938429e-07  -4.4015717e-07  
-0.00010459618  0.00040978605  0.00072314734  0.0000000   0.0074651358  -1.1312052e-06  1.0176543e-06  2.1619081e-06  0.00018739713  -5.0421155e-07  1.6484020e-07  -5.1370720e-07  -0.00019402865  4.2680184e-07  7.2969669e-07  6.4592370e-05  -1.0840700e-06  
-0.00025071850  -0.00090374007  0.00017164307  -0.0074651358  0.0000000   3.1740645e-07  -9.2038301e-07  1.5704631e-06  8.9489781e-07  -1.2872190e-09  0.00018739713  -1.9005864e-09  -1.3303555e-06  -5.1636001e-07  -0.00019402865  1.3802744e-06  6.4592370e-05  
1.8696882e-06  -0.00018739713  4.4582619e-07  1.1312052e-06  -3.1740645e-07  0.0000000   -0.0010760458  -0.00022665044  -0.00040978605  -8.5522966e-08  0.00090374007  2.8241172e-05  1.3563494e-06  -1.4209412e-07  4.5702101e-07  -2.2175795e-07  7.0338603e-08  
1.6905741e-05  -8.9686028e-07  -0.00018739713  -1.0176543e-06  9.2038301e-07  0.0010760458  0.0000000   1.5004443e-07  -0.00072314734  -0.00022665044  -0.00017164307  1.3547226e-07  -1.1925328e-07  2.8241172e-05  1.0081685e-06  -8.0065226e-08  -2.0730360e-07  
5.8812252e-06  0.00019402865  -3.7062810e-07  -2.1619081e-06  -1.5704631e-06  0.00022665044  -1.5004443e-07  0.0000000   -1.4447282e-06  -0.0010760458  1.7856084e-07  -0.00062784272  -0.00040978605  4.0252100e-07  0.00090374007  3.9824561e-06  7.2173501e-07  
-9.7376361e-06  1.8048983e-06  1.5850922e-07  -0.00018739713  -8.9489781e-07  0.00040978605  0.00072314734  1.4447282e-06  0.0000000   -4.2637351e-09  0.0074651358  -1.2054894e-07  -0.00022665044  4.7879880e-09  5.6879119e-07  2.8241172e-05  1.0982303e-06  
-3.9575929e-07  1.2323577e-07  0.00019402865  5.0421155e-07  1.2872190e-09  8.5522966e-08  0.00022665044  0.0010760458  4.2637351e-09  0.0000000   -1.3582500e-06  3.8885592e-08  -0.00072314734  -0.00062784272  -0.00017164307  -1.5168985e-07  3.1094491e-06  
5.8034413e-05  -3.4795025e-07  -2.0229389e-06  -1.6484020e-07  -0.00018739713  -0.00090374007  0.00017164307  -1.7856084e-07  -0.0074651358  1.3582500e-06  0.0000000   -1.4020514e-07  -1.5682010e-06  -1.6536972e-07  -0.00022665044  -9.9907367e-07  2.8241172e-05  
-2.5895081e-07  -6.4592370e-05  2.1662268e-07  5.1370720e-07  1.9005864e-09  -2.8241172e-05  -1.3547226e-07  0.00062784272  1.2054894e-07  -3.8885592e-08  1.4020514e-07  0.0000000   -3.8223849e-06  -0.0010760458  -1.0241184e-06  -0.00040978605  0.00090374007  
1.5949300e-05  -1.4349439e-06  -7.2052784e-07  0.00019402865  1.3303555e-06  -1.3563494e-06  1.1925328e-07  0.00040978605  0.00022665044  0.00072314734  1.5682010e-06  3.8223849e-06  0.0000000   -3.5584414e-07  0.0074651358  -0.00062784272  -2.4958953e-06  
8.1092130e-06  -3.4661183e-07  -6.4592370e-05  -4.2680184e-07  5.1636001e-07  1.4209412e-07  -2.8241172e-05  -4.0252100e-07  -4.7879880e-09  0.00062784272  1.6536972e-07  0.0010760458  3.5584414e-07  0.0000000   -3.0890558e-06  -0.00072314734  -0.00017164307  
1.0457425e-05  -7.7180787e-07  -1.5021619e-06  -7.2969669e-07  0.00019402865  -4.5702101e-07  -1.0081685e-06  -0.00090374007  -5.6879119e-07  0.00017164307  0.00022665044  1.0241184e-06  -0.0074651358  3.0890558e-06  0.0000000   -2.1383504e-07  -0.00062784272  
8.4276418e-06  1.0640637e-07  -5.6938429e-07  -6.4592370e-05  -1.3802744e-06  2.2175795e-07  8.0065226e-08  -3.9824561e-06  -2.8241172e-05  1.5168985e-07  9.9907367e-07  0.00040978605  0.00062784272  0.00072314734  2.1383504e-07  0.0000000   0.0074651358  
-3.3360405e-06  1.9962670e-07  4.4015717e-07  1.0840700e-06  -6.4592370e-05  -7.0338603e-08  2.0730360e-07  -7.2173501e-07  -1.0982303e-06  -3.1094491e-06  -2.8241172e-05  -0.00090374007  2.4958953e-06  0.00017164307  0.00062784272  -0.0074651358  0.0000000   
