0.0000000   -5.1872649e-06  -0.00041917570  1.2653136e-05  -0.00039212713  -1.5144717e-05  -0.00020326104  -3.7129734e-05  -2.3811113e-05  -9.0705784e-05  7.3173671e-05  0.00011787054  3.5281737e-05  1.0911179e-05  -4.3974215e-06  0.00014432798  1.4709250e-06  
5.1872649e-06  0.0000000   3.3834069e-05  -0.0016286396  -0.00010572001  -1.5472299e-06  -2.3571009e-05  -4.5115715e-08  -1.5461814e-06  -7.4404145e-06  -5.9007840e-06  2.3684948e-06  -2.7560751e-07  1.7563106e-06  -5.9655721e-07  1.1785642e-05  1.1664252e-06  
0.00041917570  -3.3834069e-05  0.0000000   -7.8029913e-05  0.00036244038  5.7321172e-07  -1.7927141e-06  -1.5472299e-06  -2.3571009e-05  -6.7366962e-07  -3.0994903e-07  1.3976090e-06  1.5581403e-06  -4.3001018e-06  -5.9007840e-06  1.0791178e-06  -1.7679794e-06  
-1.2653136e-05  0.0016286396  7.8029913e-05  0.0000000   -3.6951314e-05  6.9346325e-06  -5.5396004e-06  -1.2379445e-07  8.8629544e-07  -1.5472299e-06  -1.0346491e-05  -2.3571009e-05  2.0215348e-07  -2.5595384e-06  -3.0905546e-07  -5.9007840e-06  -4.6542214e-07  
0.00039212713  0.00010572001  -0.00036244038  3.6951314e-05  0.0000000   1.3264169e-06  9.4303515e-07  -2.1887026e-06  3.7967069e-06  -5.2067898e-07  -4.2266925e-07  -2.9926653e-06  -1.5472299e-06  -2.3571009e-05  4.3940291e-06  -6.8170105e-07  -5.9007840e-06  
1.5144717e-05  1.5472299e-06  -5.7321172e-07  -6.9346325e-06  -1.3264169e-06  0.0000000   -0.0094748125  3.3834069e-05  -0.00059671123  -0.0016286396  -0.0010638207  -5.2791528e-05  -0.00010572001  0.00065697204  -6.6705000e-05  -1.7227238e-05  7.3057039e-05  
0.00020326104  2.3571009e-05  1.7927141e-06  5.5396004e-06  -9.4303515e-07  0.0094748125  0.0000000   0.00059646742  3.3834069e-05  5.6001933e-05  -0.00081616655  -0.0016286396  -0.00065694683  -0.00010572001  -5.0792651e-05  1.1214430e-05  5.7992573e-05  
3.7129734e-05  4.5115715e-08  1.5472299e-06  1.2379445e-07  2.1887026e-06  -3.3834069e-05  -0.00059646742  0.0000000   -0.0094748125  -7.8029913e-05  -6.7358664e-05  0.00059077034  0.00036244038  5.2364038e-05  -0.0010638207  6.5607805e-05  8.5579611e-06  
2.3811113e-05  1.5461814e-06  2.3571009e-05  -8.8629544e-07  -3.7967069e-06  0.00059671123  -3.3834069e-05  0.0094748125  0.0000000   -0.00059156687  -5.0487062e-05  -7.8029913e-05  -5.3137158e-05  0.00036244038  -0.00081616655  5.2848677e-05  1.0750143e-06  
9.0705784e-05  7.4404145e-06  6.7366962e-07  1.5472299e-06  5.2067898e-07  0.0016286396  -5.6001933e-05  7.8029913e-05  0.00059156687  0.0000000   5.1482695e-06  -0.0094748125  -3.6951314e-05  -0.0011666348  6.7312689e-05  -0.0010638207  -0.00013099278  
-7.3173671e-05  5.9007840e-06  3.0994903e-07  1.0346491e-05  4.2266925e-07  0.0010638207  0.00081616655  6.7358664e-05  5.0487062e-05  -5.1482695e-06  0.0000000   2.0641561e-05  -7.4510892e-05  -5.4874923e-05  3.3834069e-05  -0.0016286396  -0.00010572001  
-0.00011787054  -2.3684948e-06  -1.3976090e-06  2.3571009e-05  2.9926653e-06  5.2791528e-05  0.0016286396  -0.00059077034  7.8029913e-05  0.0094748125  -2.0641561e-05  0.0000000   0.0011658425  -3.6951314e-05  4.9590731e-05  -0.00081616655  -0.00010027309  
-3.5281737e-05  2.7560751e-07  -1.5581403e-06  -2.0215348e-07  1.5472299e-06  0.00010572001  0.00065694683  -0.00036244038  5.3137158e-05  3.6951314e-05  7.4510892e-05  -0.0011658425  0.0000000   -0.0094748125  3.2622535e-06  -0.00013066932  -0.0010638207  
-1.0911179e-05  -1.7563106e-06  4.3001018e-06  2.5595384e-06  2.3571009e-05  -0.00065697204  0.00010572001  -5.2364038e-05  -0.00036244038  0.0011666348  5.4874923e-05  3.6951314e-05  0.0094748125  0.0000000   8.1143014e-06  -0.00010214556  -0.00081616655  
4.3974215e-06  5.9655721e-07  5.9007840e-06  3.0905546e-07  -4.3940291e-06  6.6705000e-05  5.0792651e-05  0.0010638207  0.00081616655  -6.7312689e-05  -3.3834069e-05  -4.9590731e-05  -3.2622535e-06  -8.1143014e-06  0.0000000   -7.8029913e-05  0.00036244038  
-0.00014432798  -1.1785642e-05  -1.0791178e-06  5.9007840e-06  6.8170105e-07  1.7227238e-05  -1.1214430e-05  -6.5607805e-05  -5.2848677e-05  0.0010638207  0.0016286396  0.00081616655  0.00013066932  0.00010214556  7.8029913e-05  0.0000000   -3.6951314e-05  
-1.4709250e-06  -1.1664252e-06  1.7679794e-06  4.6542214e-07  5.9007840e-06  -7.3057039e-05  -5.7992573e-05  -8.5579611e-06  -1.0750143e-06  0.00013099278  0.00010572001  0.00010027309  0.0010638207  0.00081616655  -0.00036244038  3.6951314e-05  0.0000000   
