0.0000000   5.4946375e-07  -4.8530435e-05  -0.00028053577  -3.1789384e-05  -5.2424544e-07  1.1141512e-05  -9.5987613e-06  -0.00021675980  1.7014605e-05  4.5805640e-06  -9.8516871e-05  -2.5269733e-06  -7.1235572e-05  -6.2699327e-05  2.1696561e-05  -8.5377583e-05  
-5.4946375e-07  0.0000000   -5.6076048e-06  -1.3070168e-05  7.8522191e-06  -5.6126847e-06  -6.8500907e-07  0.00010829783  1.1679636e-05  2.8039362e-06  -2.8679726e-07  2.5962420e-06  1.1077341e-07  1.5110597e-06  2.8321914e-06  -5.3948389e-07  2.1389050e-06  
4.8530435e-05  5.6076048e-06  0.0000000   0.00073766361  -0.00018946097  -2.5587857e-07  -5.6126847e-06  6.9992401e-06  0.00010829783  6.7605900e-07  1.0334388e-05  2.8039362e-06  -2.7505700e-06  5.2589062e-07  -1.2910338e-07  -1.3533824e-07  8.1827613e-08  
0.00028053577  1.3070168e-05  -0.00073766361  0.0000000   0.00076038090  1.4576732e-07  -1.0965178e-05  3.5536538e-06  -2.7486736e-07  3.0228900e-06  -5.6126847e-06  6.5858692e-08  1.1238572e-05  0.00010829783  5.2562415e-07  2.8039362e-06  -1.4807513e-07  
3.1789384e-05  -7.8522191e-06  0.00018946097  -0.00076038090  0.0000000   -1.8786077e-07  2.7579063e-06  1.7024725e-06  8.4829460e-08  3.7901049e-07  -1.1429804e-05  -4.4203430e-08  -5.6126847e-06  -5.6840289e-07  0.00010829783  1.2023230e-07  2.8039362e-06  
5.2424544e-07  5.6126847e-06  2.5587857e-07  -1.4576732e-07  1.8786077e-07  0.0000000   -5.6076048e-06  -1.7880643e-06  -4.7676692e-07  -9.9729201e-05  -1.3070168e-05  -5.7942990e-06  7.8522191e-06  -9.5430000e-07  5.7629331e-07  2.5887283e-07  -1.1872301e-06  
-1.1141512e-05  6.8500907e-07  5.6126847e-06  1.0965178e-05  -2.7579063e-06  5.6076048e-06  0.0000000   1.6820805e-07  -1.7880643e-06  -5.9827021e-06  0.00073766361  -9.9729201e-05  -0.00018946097  5.4945895e-05  -1.4064028e-05  -2.4913625e-06  7.3654312e-07  
9.5987613e-06  -0.00010829783  -6.9992401e-06  -3.5536538e-06  -1.7024725e-06  1.7880643e-06  -1.6820805e-07  0.0000000   -5.6076048e-06  0.0025532965  -1.0059356e-06  0.00014801489  5.7506025e-07  -1.3070168e-05  7.8522191e-06  -5.3329860e-06  2.9021790e-05  
0.00021675980  -1.1679636e-05  -0.00010829783  2.7486736e-07  -8.4829460e-08  4.7676692e-07  1.7880643e-06  5.6076048e-06  0.0000000   0.00015170504  5.2846035e-05  0.0025532965  -1.4021045e-05  0.00073766361  -0.00018946097  3.6643575e-07  -1.4072756e-06  
-1.7014605e-05  -2.8039362e-06  -6.7605900e-07  -3.0228900e-06  -3.7901049e-07  9.9729201e-05  5.9827021e-06  -0.0025532965  -0.00015170504  0.0000000   3.5276791e-08  -5.6076048e-06  1.1183484e-06  4.8522306e-06  -3.0848408e-05  -1.3070168e-05  7.8522191e-06  
-4.5805640e-06  2.8679726e-07  -1.0334388e-05  5.6126847e-06  1.1429804e-05  1.3070168e-05  -0.00073766361  1.0059356e-06  -5.2846035e-05  -3.5276791e-08  0.0000000   3.4092585e-06  0.00076038090  -1.7880643e-06  5.7183963e-05  -9.9729201e-05  -1.7070052e-06  
9.8516871e-05  -2.5962420e-06  -2.8039362e-06  -6.5858692e-08  4.4203430e-08  5.7942990e-06  9.9729201e-05  -0.00014801489  -0.0025532965  5.6076048e-06  -3.4092585e-06  0.0000000   6.2511953e-07  1.9795916e-07  1.1998425e-06  0.00073766361  -0.00018946097  
2.5269733e-06  -1.1077341e-07  2.7505700e-06  -1.1238572e-05  5.6126847e-06  -7.8522191e-06  0.00018946097  -5.7506025e-07  1.4021045e-05  -1.1183484e-06  -0.00076038090  -6.2511953e-07  0.0000000   -5.6616776e-05  -1.7880643e-06  2.5961531e-06  -9.9729201e-05  
7.1235572e-05  -1.5110597e-06  -5.2589062e-07  -0.00010829783  5.6840289e-07  9.5430000e-07  -5.4945895e-05  1.3070168e-05  -0.00073766361  -4.8522306e-06  1.7880643e-06  -1.9795916e-07  5.6616776e-05  0.0000000   0.00076038090  0.0025532965  -5.7133801e-07  
6.2699327e-05  -2.8321914e-06  1.2910338e-07  -5.2562415e-07  -0.00010829783  -5.7629331e-07  1.4064028e-05  -7.8522191e-06  0.00018946097  3.0848408e-05  -5.7183963e-05  -1.1998425e-06  1.7880643e-06  -0.00076038090  0.0000000   -1.2090713e-06  0.0025532965  
-2.1696561e-05  5.3948389e-07  1.3533824e-07  -2.8039362e-06  -1.2023230e-07  -2.5887283e-07  2.4913625e-06  5.3329860e-06  -3.6643575e-07  1.3070168e-05  9.9729201e-05  -0.00073766361  -2.5961531e-06  -0.0025532965  1.2090713e-06  0.0000000   0.00076038090  
8.5377583e-05  -2.1389050e-06  -8.1827613e-08  1.4807513e-07  -2.8039362e-06  1.1872301e-06  -7.3654312e-07  -2.9021790e-05  1.4072756e-06  -7.8522191e-06  1.7070052e-06  0.00018946097  9.9729201e-05  5.7133801e-07  -0.0025532965  -0.00076038090  0.0000000   
