0.0000000   -0.00012451457  0.00077816004  -0.0011059064  4.7033992e-05  -0.00019973661  -2.6809339e-05  -2.6655356e-05  1.0086123e-05  8.8230237e-05  7.9871459e-05  -2.5669959e-06  3.5391844e-05  -3.9675398e-06  4.3430182e-06  -3.1808024e-06  8.7667781e-06  
0.00012451457  0.0000000   2.1001274e-05  -5.5566135e-05  -0.00099339123  1.0216263e-05  -0.00015193722  8.7625362e-08  -1.1735987e-06  -2.4312923e-05  1.8822385e-05  -4.3519502e-06  -6.1820772e-06  7.8516367e-07  -2.6483188e-07  -5.2000362e-07  1.4654961e-07  
-0.00077816004  -2.1001274e-05  0.0000000   -1.4672587e-05  -0.00010177988  5.2660317e-07  -2.2873502e-05  1.0216263e-05  5.2518186e-06  -0.00015193722  1.7134181e-06  -5.7774635e-08  -4.0766591e-07  -7.8811861e-06  -6.1820772e-06  4.8186172e-06  -9.2714419e-08  
0.0011059064  5.5566135e-05  1.4672587e-05  0.0000000   2.9328645e-05  -1.4055956e-07  1.1714029e-06  -4.2676244e-07  1.0216263e-05  -2.5357045e-07  -0.00015193722  1.0726249e-07  -3.9134214e-07  3.3991585e-06  5.8234236e-06  -6.1820772e-06  -1.7580888e-07  
-4.7033992e-05  0.00099339123  0.00010177988  -2.9328645e-05  0.0000000   5.9965074e-06  6.9800568e-07  9.2819200e-07  2.9597548e-07  -4.2848169e-06  -3.5980548e-06  1.0216263e-05  2.2795702e-07  -0.00015193722  -3.7522820e-07  1.8907539e-07  -6.1820772e-06  
0.00019973661  -1.0216263e-05  -5.2660317e-07  1.4055956e-07  -5.9965074e-06  0.0000000   4.6205803e-06  2.1001274e-05  -5.5566135e-05  1.9381471e-06  -3.6431198e-06  -0.00099339123  -3.3284562e-06  -5.8222374e-05  3.6675810e-07  -9.5241787e-07  -1.4942227e-08  
2.6809339e-05  0.00015193722  2.2873502e-05  -1.1714029e-06  -6.9800568e-07  -4.6205803e-06  0.0000000   5.8498124e-07  -3.2221651e-06  2.1001274e-05  -5.5566135e-05  -5.9315829e-05  4.7406268e-06  -0.00099339123  1.1152717e-06  -6.8365292e-07  -2.8724178e-06  
2.6655356e-05  -8.7625362e-08  -1.0216263e-05  4.2676244e-07  -9.2819200e-07  -2.1001274e-05  -5.8498124e-07  0.0000000   -1.4672587e-05  4.6205803e-06  -9.4303848e-07  -0.00010177988  -7.1106763e-07  -5.8221087e-06  -3.3284562e-06  -1.3296832e-07  -8.2305699e-08  
-1.0086123e-05  1.1735987e-06  -5.2518186e-06  -1.0216263e-05  -2.9597548e-07  5.5566135e-05  3.2221651e-06  1.4672587e-05  0.0000000   2.4317122e-07  4.6205803e-06  2.9328645e-05  4.4309180e-08  1.8086030e-06  -5.2208172e-08  -3.3284562e-06  -1.2142380e-07  
-8.8230237e-05  2.4312923e-05  0.00015193722  2.5357045e-07  4.2848169e-06  -1.9381471e-06  -2.1001274e-05  -4.6205803e-06  -2.4317122e-07  0.0000000   -1.4672587e-05  -6.1660727e-06  9.2653819e-07  -0.00010177988  4.7406268e-06  4.6381551e-07  -1.8214204e-07  
-7.9871459e-05  -1.8822385e-05  -1.7134181e-06  0.00015193722  3.5980548e-06  3.6431198e-06  5.5566135e-05  9.4303848e-07  -4.6205803e-06  1.4672587e-05  0.0000000   1.6802408e-06  -1.6884695e-07  2.9328645e-05  -4.1721077e-07  4.7406268e-06  1.7706981e-07  
2.5669959e-06  4.3519502e-06  5.7774635e-08  -1.0726249e-07  -1.0216263e-05  0.00099339123  5.9315829e-05  0.00010177988  -2.9328645e-05  6.1660727e-06  -1.6802408e-06  0.0000000   3.7195525e-09  4.6205803e-06  -6.2982142e-08  -7.7583685e-08  -3.3284562e-06  
-3.5391844e-05  6.1820772e-06  4.0766591e-07  3.9134214e-07  -2.2795702e-07  3.3284562e-06  -4.7406268e-06  7.1106763e-07  -4.4309180e-08  -9.2653819e-07  1.6884695e-07  -3.7195525e-09  0.0000000   -2.9650564e-06  2.1001274e-05  -5.5566135e-05  -0.00099339123  
3.9675398e-06  -7.8516367e-07  7.8811861e-06  -3.3991585e-06  0.00015193722  5.8222374e-05  0.00099339123  5.8221087e-06  -1.8086030e-06  0.00010177988  -2.9328645e-05  -4.6205803e-06  2.9650564e-06  0.0000000   4.3826247e-07  -3.5787393e-08  4.7406268e-06  
-4.3430182e-06  2.6483188e-07  6.1820772e-06  -5.8234236e-06  3.7522820e-07  -3.6675810e-07  -1.1152717e-06  3.3284562e-06  5.2208172e-08  -4.7406268e-06  4.1721077e-07  6.2982142e-08  -2.1001274e-05  -4.3826247e-07  0.0000000   -1.4672587e-05  -0.00010177988  
3.1808024e-06  5.2000362e-07  -4.8186172e-06  6.1820772e-06  -1.8907539e-07  9.5241787e-07  6.8365292e-07  1.3296832e-07  3.3284562e-06  -4.6381551e-07  -4.7406268e-06  7.7583685e-08  5.5566135e-05  3.5787393e-08  1.4672587e-05  0.0000000   2.9328645e-05  
-8.7667781e-06  -1.4654961e-07  9.2714419e-08  1.7580888e-07  6.1820772e-06  1.4942227e-08  2.8724178e-06  8.2305699e-08  1.2142380e-07  1.8214204e-07  -1.7706981e-07  3.3284562e-06  0.00099339123  -4.7406268e-06  0.00010177988  -2.9328645e-05  0.0000000   
