0.0000000   -0.00018022820  -0.0010815805  -0.00022045600  0.00015243963  1.1279270e-05  0.00018391240  -8.6693452e-07  -4.1943549e-06  1.0544506e-05  7.6272334e-05  -3.0402856e-06  -1.7840531e-05  -0.00014202453  1.7364308e-06  -2.3704035e-06  -1.4464957e-05  
0.00018022820  0.0000000   0.00012291653  -0.0021772208  -6.5206866e-05  0.00025487614  0.00011906217  2.0460490e-06  7.8148710e-06  2.9670334e-06  -4.5572642e-07  1.3621539e-05  -1.6562911e-05  -3.0221122e-05  2.1938455e-06  4.7993971e-07  -1.5393691e-06  
0.0010815805  -0.00012291653  0.0000000   0.00036764357  0.00010252957  8.5101875e-05  0.00025487614  1.1231788e-05  1.8772505e-06  7.8148710e-06  -9.3492993e-08  -2.5535401e-06  1.7400907e-06  -1.6562911e-05  1.0667382e-05  -3.5029840e-06  2.9349914e-07  
0.00022045600  0.0021772208  -0.00036764357  0.0000000   6.3796565e-05  2.9694233e-06  1.0468628e-05  0.00025487614  -1.4543372e-05  1.9628265e-06  -1.7610257e-05  7.8148710e-06  -7.5083365e-07  -4.1315535e-06  1.3358909e-06  -1.6562911e-05  8.6165331e-07  
-0.00015243963  6.5206866e-05  -0.00010252957  -6.3796565e-05  0.0000000   -1.2978748e-05  3.9684981e-06  -2.0378024e-05  -6.2261501e-07  1.4376104e-06  0.00025487614  -1.4911598e-07  -2.7426700e-07  -1.0512079e-06  7.8148710e-06  1.7144972e-06  -1.6562911e-05  
-1.1279270e-05  -0.00025487614  -8.5101875e-05  -2.9694233e-06  1.2978748e-05  0.0000000   0.00012291653  -0.0021772208  -8.5127150e-06  1.3751535e-06  -6.5206866e-05  -7.5730551e-05  -0.00026947785  -9.2077883e-05  -1.9405847e-06  -4.9671771e-06  1.4086621e-05  
-0.00018391240  -0.00011906217  -0.00025487614  -1.0468628e-05  -3.9684981e-06  -0.00012291653  0.0000000   0.00036764357  -6.9021982e-06  -8.5127150e-06  0.00010252957  1.2661836e-05  -9.3823650e-05  -0.00026947785  1.5532655e-06  -4.9433245e-06  -2.7119739e-06  
8.6693452e-07  -2.0460490e-06  -1.1231788e-05  -0.00025487614  2.0378024e-05  0.0021772208  -0.00036764357  0.0000000   7.5572477e-05  -1.2913685e-05  6.3796565e-05  -8.5127150e-06  3.1028567e-07  -7.0755940e-06  2.8887996e-06  -0.00026947785  2.0700816e-05  
4.1943549e-06  -7.8148710e-06  -1.8772505e-06  1.4543372e-05  6.2261501e-07  8.5127150e-06  6.9021982e-06  -7.5572477e-05  0.0000000   0.00012291653  -2.8369123e-06  -0.0021772208  -1.0229661e-05  -9.3300609e-06  -6.5206866e-05  0.00010691522  3.7652892e-06  
-1.0544506e-05  -2.9670334e-06  -7.8148710e-06  -1.9628265e-06  -1.4376104e-06  -1.3751535e-06  8.5127150e-06  1.2913685e-05  -0.00012291653  0.0000000   3.3530834e-06  0.00036764357  2.5345638e-06  -1.0229661e-05  0.00010252957  -1.8255389e-05  -5.0894726e-06  
-7.6272334e-05  4.5572642e-07  9.3492993e-08  1.7610257e-05  -0.00025487614  6.5206866e-05  -0.00010252957  -6.3796565e-05  2.8369123e-06  -3.3530834e-06  0.0000000   -1.5319022e-06  1.3751119e-05  -2.7958299e-06  -8.5127150e-06  2.0825280e-05  -0.00026947785  
3.0402856e-06  -1.3621539e-05  2.5535401e-06  -7.8148710e-06  1.4911598e-07  7.5730551e-05  -1.2661836e-05  8.5127150e-06  0.0021772208  -0.00036764357  1.5319022e-06  0.0000000   -0.00010707160  1.7898688e-05  6.3796565e-05  -1.0229661e-05  -2.3439938e-06  
1.7840531e-05  1.6562911e-05  -1.7400907e-06  7.5083365e-07  2.7426700e-07  0.00026947785  9.3823650e-05  -3.1028567e-07  1.0229661e-05  -2.5345638e-06  -1.3751119e-05  0.00010707160  0.0000000   0.00012291653  2.8654621e-06  -0.0021772208  -6.5206866e-05  
0.00014202453  3.0221122e-05  1.6562911e-05  4.1315535e-06  1.0512079e-06  9.2077883e-05  0.00026947785  7.0755940e-06  9.3300609e-06  1.0229661e-05  2.7958299e-06  -1.7898688e-05  -0.00012291653  0.0000000   -3.4499427e-06  0.00036764357  0.00010252957  
-1.7364308e-06  -2.1938455e-06  -1.0667382e-05  -1.3358909e-06  -7.8148710e-06  1.9405847e-06  -1.5532655e-06  -2.8887996e-06  6.5206866e-05  -0.00010252957  8.5127150e-06  -6.3796565e-05  -2.8654621e-06  3.4499427e-06  0.0000000   3.9011677e-06  -1.0229661e-05  
2.3704035e-06  -4.7993971e-07  3.5029840e-06  1.6562911e-05  -1.7144972e-06  4.9671771e-06  4.9433245e-06  0.00026947785  -0.00010691522  1.8255389e-05  -2.0825280e-05  1.0229661e-05  0.0021772208  -0.00036764357  -3.9011677e-06  0.0000000   6.3796565e-05  
1.4464957e-05  1.5393691e-06  -2.9349914e-07  -8.6165331e-07  1.6562911e-05  -1.4086621e-05  2.7119739e-06  -2.0700816e-05  -3.7652892e-06  5.0894726e-06  0.00026947785  2.3439938e-06  6.5206866e-05  -0.00010252957  1.0229661e-05  -6.3796565e-05  0.0000000   
