0.0000000   -5.2388404e-06  0.00039619679  -6.9244601e-06  -1.1500132e-05  3.2291715e-06  -8.3269156e-05  -2.7154129e-06  0.00021046993  6.1610297e-06  4.8363902e-06  -3.1662441e-05  5.0847271e-06  0.00017015753  -2.6124547e-06  -2.3346132e-07  2.7618763e-06  
5.2388404e-06  0.0000000   9.3968595e-06  0.00057048693  -0.00031565873  -0.00015697425  8.9222561e-06  -0.00025570719  2.7791142e-05  2.1310083e-08  1.9505829e-07  -5.9962317e-05  3.0759852e-07  1.1147578e-05  -1.3807860e-07  1.7785100e-07  1.4737692e-09  
-0.00039619679  -9.3968595e-06  0.0000000   1.8263716e-05  -1.9361966e-06  6.6962901e-06  -0.00015697425  1.9384192e-05  -0.00025570719  1.9419331e-06  7.2765760e-06  8.4522775e-06  3.0981561e-07  -5.9962317e-05  -3.6709898e-08  3.3028365e-06  -1.3937547e-06  
6.9244601e-06  -0.00057048693  -1.8263716e-05  0.0000000   0.00059332614  8.9111867e-08  7.3916241e-06  -1.9813187e-07  2.5257306e-06  -0.00015697425  -0.00025570719  5.3046213e-07  -2.9386530e-07  -2.7272661e-06  2.5981490e-07  -5.9962317e-05  2.0633581e-07  
1.1500132e-05  0.00031565873  1.9361966e-06  -0.00059332614  0.0000000   1.5302863e-07  -2.4115515e-06  1.0217700e-07  1.6882697e-06  4.1420268e-07  4.0786536e-08  -4.8076519e-07  -0.00015697425  2.3621576e-06  -0.00025570719  -2.7259146e-07  -5.9962317e-05  
-3.2291715e-06  0.00015697425  -6.6962901e-06  -8.9111867e-08  -1.5302863e-07  0.0000000   9.3968595e-06  -0.0015658936  0.00012368986  0.00057048693  -9.2759222e-07  -1.7147477e-05  -0.00031565873  3.6553709e-06  4.1494112e-07  3.1977055e-07  -1.4408280e-07  
8.3269156e-05  -8.9222561e-06  0.00015697425  -7.3916241e-06  2.4115515e-06  -9.3968595e-06  0.0000000   0.00012088467  -0.0015658936  1.8263716e-05  5.1069186e-05  4.8972753e-07  -1.9361966e-06  -1.7147477e-05  -1.0973288e-05  2.8369012e-07  9.2001030e-08  
2.7154129e-06  0.00025570719  -1.9384192e-05  1.9813187e-07  -1.0217700e-07  0.0015658936  -0.00012088467  0.0000000   9.3968595e-06  7.7108806e-07  0.00057048693  -0.00043800252  -3.0842987e-07  3.3932357e-05  -0.00031565873  -6.8942506e-07  3.5508172e-07  
-0.00021046993  -2.7791142e-05  0.00025570719  -2.5257306e-06  -1.6882697e-06  -0.00012368986  0.0015658936  -9.3968595e-06  0.0000000   -5.2532321e-05  1.8263716e-05  3.5846349e-05  1.1343221e-05  -0.00043800252  -1.9361966e-06  1.4926322e-05  -3.4927489e-06  
-6.1610297e-06  -2.1310083e-08  -1.9419331e-06  0.00015697425  -4.1420268e-07  -0.00057048693  -1.8263716e-05  -7.7108806e-07  5.2532321e-05  0.0000000   -0.0015658936  -5.2312535e-07  0.00059332614  1.9004028e-06  3.3938104e-07  -1.7147477e-05  3.4596439e-07  
-4.8363902e-06  -1.9505829e-07  -7.2765760e-06  0.00025570719  -4.0786536e-08  9.2759222e-07  -5.1069186e-05  -0.00057048693  -1.8263716e-05  0.0015658936  0.0000000   1.6050505e-07  -5.5454266e-07  1.4682058e-05  0.00059332614  -0.00043800252  -3.3205852e-07  
3.1662441e-05  5.9962317e-05  -8.4522775e-06  -5.3046213e-07  4.8076519e-07  1.7147477e-05  -4.8972753e-07  0.00043800252  -3.5846349e-05  5.2312535e-07  -1.6050505e-07  0.0000000   -3.4081998e-07  9.3968595e-06  2.8504041e-08  0.00057048693  -0.00031565873  
-5.0847271e-06  -3.0759852e-07  -3.0981561e-07  2.9386530e-07  0.00015697425  0.00031565873  1.9361966e-06  3.0842987e-07  -1.1343221e-05  -0.00059332614  5.5454266e-07  3.4081998e-07  0.0000000   -7.0431564e-07  -0.0015658936  -3.1117843e-07  -1.7147477e-05  
-0.00017015753  -1.1147578e-05  5.9962317e-05  2.7272661e-06  -2.3621576e-06  -3.6553709e-06  1.7147477e-05  -3.3932357e-05  0.00043800252  -1.9004028e-06  -1.4682058e-05  -9.3968595e-06  7.0431564e-07  0.0000000   3.6999206e-06  1.8263716e-05  -1.9361966e-06  
2.6124547e-06  1.3807860e-07  3.6709898e-08  -2.5981490e-07  0.00025570719  -4.1494112e-07  1.0973288e-05  0.00031565873  1.9361966e-06  -3.3938104e-07  -0.00059332614  -2.8504041e-08  0.0015658936  -3.6999206e-06  0.0000000   5.7618765e-07  -0.00043800252  
2.3346132e-07  -1.7785100e-07  -3.3028365e-06  5.9962317e-05  2.7259146e-07  -3.1977055e-07  -2.8369012e-07  6.8942506e-07  -1.4926322e-05  1.7147477e-05  0.00043800252  -0.00057048693  3.1117843e-07  -1.8263716e-05  -5.7618765e-07  0.0000000   0.00059332614  
-2.7618763e-06  -1.4737692e-09  1.3937547e-06  -2.0633581e-07  5.9962317e-05  1.4408280e-07  -9.2001030e-08  -3.5508172e-07  3.4927489e-06  -3.4596439e-07  3.3205852e-07  0.00031565873  1.7147477e-05  1.9361966e-06  0.00043800252  -0.00059332614  0.0000000   
