0.0000000   -3.7878613e-05  0.00015328528  5.6982992e-05  -0.00029043769  -1.8156271e-05  -0.00011085118  -2.4061575e-06  -1.8954151e-05  -5.5914966e-05  8.3956241e-05  -9.2852505e-06  -9.3349694e-07  -6.5563410e-05  0.00010825467  4.4981148e-06  -7.1480231e-05  
3.7878613e-05  0.0000000   -3.4744424e-05  0.0014275489  7.9276702e-05  0.00044214648  1.4735323e-06  0.00011092557  -1.2209583e-06  2.4557350e-06  4.2658666e-06  -5.8911452e-07  7.0839505e-05  7.4617074e-06  -9.1048884e-06  -9.9429749e-07  6.9520098e-06  
-0.00015328528  3.4744424e-05  0.0000000   0.00020507680  -0.0036477344  -6.5158778e-06  0.00044214648  -2.3763979e-06  -2.1414979e-06  0.00011092557  -6.8196181e-07  -1.0937528e-06  -1.5764562e-06  1.6861227e-06  7.0839505e-05  3.2842197e-07  1.9905950e-07  
-5.6982992e-05  -0.0014275489  -0.00020507680  0.0000000   -1.0961215e-05  -2.1848579e-06  1.9259654e-06  -1.7260294e-07  0.00044214648  1.7392001e-06  5.3743971e-05  0.00011092557  -5.5544029e-07  1.6950902e-05  -4.7384704e-06  7.0839505e-05  1.2056291e-05  
0.00029043769  -7.9276702e-05  0.0036477344  1.0961215e-05  0.0000000   1.0129952e-05  1.0551283e-06  3.9423932e-06  5.6639524e-05  -1.5914823e-06  0.00044214648  1.5083296e-05  2.6223043e-06  0.00011092557  -5.8953559e-07  7.7430583e-06  7.0839505e-05  
1.8156271e-05  -0.00044214648  6.5158778e-06  2.1848579e-06  -1.0129952e-05  0.0000000   -3.4744424e-05  0.00086297205  0.0014275489  -1.3110195e-05  7.9276702e-05  -4.5790459e-06  -0.00014540359  2.0577324e-05  2.1138442e-06  -1.1863030e-06  -3.4644520e-06  
0.00011085118  -1.4735323e-06  -0.00044214648  -1.9259654e-06  -1.0551283e-06  3.4744424e-05  0.0000000   -1.2661594e-05  0.00020507680  0.00086297205  -0.0036477344  -4.4645286e-06  2.5272654e-06  -2.0652072e-06  -0.00014540359  -7.5993829e-10  5.0648653e-06  
2.4061575e-06  -0.00011092557  2.3763979e-06  1.7260294e-07  -3.9423932e-06  -0.00086297205  1.2661594e-05  0.0000000   6.0990254e-06  -3.4744424e-05  -2.0026129e-05  0.0014275489  0.00010183773  7.9276702e-05  -1.0409410e-06  -2.2806674e-06  2.0066572e-06  
1.8954151e-05  1.2209583e-06  2.1414979e-06  -0.00044214648  -5.6639524e-05  -0.0014275489  -0.00020507680  -6.0990254e-06  0.0000000   -4.8547563e-06  -1.0961215e-05  0.00086297205  2.9798560e-06  0.00011162803  8.9061524e-07  -0.00014540359  -1.8641046e-05  
5.5914966e-05  -2.4557350e-06  -0.00011092557  -1.7392001e-06  1.5914823e-06  1.3110195e-05  -0.00086297205  3.4744424e-05  4.8547563e-06  0.0000000   -1.8894086e-06  0.00020507680  -1.4125591e-06  -0.0036477344  0.00010183773  -1.0780980e-06  4.1961749e-06  
-8.3956241e-05  -4.2658666e-06  6.8196181e-07  -5.3743971e-05  -0.00044214648  -7.9276702e-05  0.0036477344  2.0026129e-05  1.0961215e-05  1.8894086e-06  0.0000000   0.00011129596  -3.6034240e-06  0.00086297205  -5.0843896e-06  -1.8399586e-05  -0.00014540359  
9.2852505e-06  5.8911452e-07  1.0937528e-06  -0.00011092557  -1.5083296e-05  4.5790459e-06  4.4645286e-06  -0.0014275489  -0.00086297205  -0.00020507680  -0.00011129596  0.0000000   1.0392556e-06  -1.0961215e-05  -6.8600613e-08  0.00010183773  1.2988980e-05  
9.3349694e-07  -7.0839505e-05  1.5764562e-06  5.5544029e-07  -2.6223043e-06  0.00014540359  -2.5272654e-06  -0.00010183773  -2.9798560e-06  1.4125591e-06  3.6034240e-06  -1.0392556e-06  0.0000000   -2.7148206e-06  -3.4744424e-05  0.0014275489  7.9276702e-05  
6.5563410e-05  -7.4617074e-06  -1.6861227e-06  -1.6950902e-05  -0.00011092557  -2.0577324e-05  2.0652072e-06  -7.9276702e-05  -0.00011162803  0.0036477344  -0.00086297205  1.0961215e-05  2.7148206e-06  0.0000000   -4.1952816e-06  1.2832917e-05  0.00010183773  
-0.00010825467  9.1048884e-06  -7.0839505e-05  4.7384704e-06  5.8953559e-07  -2.1138442e-06  0.00014540359  1.0409410e-06  -8.9061524e-07  -0.00010183773  5.0843896e-06  6.8600613e-08  3.4744424e-05  4.1952816e-06  0.0000000   0.00020507680  -0.0036477344  
-4.4981148e-06  9.9429749e-07  -3.2842197e-07  -7.0839505e-05  -7.7430583e-06  1.1863030e-06  7.5993829e-10  2.2806674e-06  0.00014540359  1.0780980e-06  1.8399586e-05  -0.00010183773  -0.0014275489  -1.2832917e-05  -0.00020507680  0.0000000   -1.0961215e-05  
7.1480231e-05  -6.9520098e-06  -1.9905950e-07  -1.2056291e-05  -7.0839505e-05  3.4644520e-06  -5.0648653e-06  -2.0066572e-06  1.8641046e-05  -4.1961749e-06  0.00014540359  -1.2988980e-05  -7.9276702e-05  -0.00010183773  0.0036477344  1.0961215e-05  0.0000000   
