0.0000000   -0.00052327883  -0.00059547254  9.3405210e-06  2.3317430e-06  -0.00012137791  8.7116112e-06  -6.5825521e-05  1.0233519e-06  -9.8122744e-07  -2.2236689e-05  8.2727187e-06  4.1614662e-06  -1.1943438e-06  0.00014975825  9.3477527e-05  -4.6057846e-05  
0.00052327883  0.0000000   0.0026995978  -2.0812956e-05  -4.2895038e-06  0.00016176469  -2.1745407e-06  1.0978670e-06  2.9057548e-05  -3.3351414e-06  -5.2856449e-08  5.5902824e-06  -5.9985969e-06  -1.3322001e-05  -2.4448060e-07  -2.3559820e-07  -8.5488375e-08  
0.00059547254  -0.0026995978  0.0000000   1.0045926e-05  3.6537454e-05  -1.1577230e-06  -2.7869495e-05  0.00016176469  -2.1745407e-06  -5.1523393e-06  2.2040915e-07  1.2235873e-05  -3.4851734e-06  5.5902824e-06  5.1669369e-07  -2.2715463e-07  -3.4458603e-07  
-9.3405210e-06  2.0812956e-05  -1.0045926e-05  0.0000000   -0.00056758729  -3.2666137e-06  4.1030337e-07  -3.6915160e-06  -9.6467314e-08  0.00016176469  -2.1745407e-06  5.5880157e-08  1.7031482e-07  -7.7806197e-08  -2.5931518e-06  5.5902824e-06  2.2267103e-06  
-2.3317430e-06  4.2895038e-06  -3.6537454e-05  0.00056758729  0.0000000   -3.7254340e-06  1.5186243e-07  -3.9015175e-07  -3.6110018e-07  3.6704054e-07  5.3348544e-06  -4.7975598e-08  0.00016176469  1.8896021e-07  -2.1745407e-06  -2.4007677e-06  5.5902824e-06  
0.00012137791  -0.00016176469  1.1577230e-06  3.2666137e-06  3.7254340e-06  0.0000000   -2.5158810e-07  0.0026995978  -0.00015217011  -2.0812956e-05  1.2091830e-06  -1.2882704e-05  -4.2895038e-06  -2.1787059e-05  2.0670773e-07  1.7905927e-07  2.5146865e-07  
-8.7116112e-06  2.1745407e-06  2.7869495e-05  -4.1030337e-07  -1.5186243e-07  2.5158810e-07  0.0000000   -0.00015265342  0.0026995978  1.2199416e-06  -2.0812956e-05  -0.00063464029  2.7961051e-07  1.1234843e-06  -4.2895038e-06  3.3093207e-06  1.1154250e-05  
6.5825521e-05  -1.0978670e-06  -0.00016176469  3.6915160e-06  3.9015175e-07  -0.0026995978  0.00015265342  0.0000000   -2.5158810e-07  1.0045926e-05  -5.6422870e-07  2.1864737e-05  3.6537454e-05  -1.2882704e-05  -1.9883511e-06  1.3792904e-07  -3.4468934e-07  
-1.0233519e-06  -2.9057548e-05  2.1745407e-06  9.6467314e-08  3.6110018e-07  0.00015217011  -0.0026995978  2.5158810e-07  0.0000000   -5.7312973e-07  1.0045926e-05  -4.9650765e-07  -2.0393103e-06  -0.00063464029  3.6537454e-05  9.9399102e-06  -7.0929850e-07  
9.8122744e-07  3.3351414e-06  5.1523393e-06  -0.00016176469  -3.6704054e-07  2.0812956e-05  -1.2199416e-06  -1.0045926e-05  5.7312973e-07  0.0000000   -2.5158810e-07  -1.4054636e-07  -0.00056758729  2.8200711e-07  3.1441052e-05  -1.2882704e-05  4.8518683e-06  
2.2236689e-05  5.2856449e-08  -2.2040915e-07  2.1745407e-06  -5.3348544e-06  -1.2091830e-06  2.0812956e-05  5.6422870e-07  -1.0045926e-05  2.5158810e-07  0.0000000   3.4901428e-06  3.1999452e-05  9.4839063e-06  -0.00056758729  -0.00063464029  -9.6753354e-07  
-8.2727187e-06  -5.5902824e-06  -1.2235873e-05  -5.5880157e-08  4.7975598e-08  1.2882704e-05  0.00063464029  -2.1864737e-05  4.9650765e-07  1.4054636e-07  -3.4901428e-06  0.0000000   -1.5637204e-07  0.0026995978  -1.1675117e-05  -2.0812956e-05  -4.2895038e-06  
-4.1614662e-06  5.9985969e-06  3.4851734e-06  -1.7031482e-07  -0.00016176469  4.2895038e-06  -2.7961051e-07  -3.6537454e-05  2.0393103e-06  0.00056758729  -3.1999452e-05  1.5637204e-07  0.0000000   2.8552158e-07  -2.5158810e-07  -5.2376061e-06  -1.2882704e-05  
1.1943438e-06  1.3322001e-05  -5.5902824e-06  7.7806197e-08  -1.8896021e-07  2.1787059e-05  -1.1234843e-06  1.2882704e-05  0.00063464029  -2.8200711e-07  -9.4839063e-06  -0.0026995978  -2.8552158e-07  0.0000000   9.0748770e-07  1.0045926e-05  3.6537454e-05  
-0.00014975825  2.4448060e-07  -5.1669369e-07  2.5931518e-06  2.1745407e-06  -2.0670773e-07  4.2895038e-06  1.9883511e-06  -3.6537454e-05  -3.1441052e-05  0.00056758729  1.1675117e-05  2.5158810e-07  -9.0748770e-07  0.0000000   -5.5128646e-07  -0.00063464029  
-9.3477527e-05  2.3559820e-07  2.2715463e-07  -5.5902824e-06  2.4007677e-06  -1.7905927e-07  -3.3093207e-06  -1.3792904e-07  -9.9399102e-06  1.2882704e-05  0.00063464029  2.0812956e-05  5.2376061e-06  -1.0045926e-05  5.5128646e-07  0.0000000   -0.00056758729  
4.6057846e-05  8.5488375e-08  3.4458603e-07  -2.2267103e-06  -5.5902824e-06  -2.5146865e-07  -1.1154250e-05  3.4468934e-07  7.0929850e-07  -4.8518683e-06  9.6753354e-07  4.2895038e-06  1.2882704e-05  -3.6537454e-05  0.00063464029  0.00056758729  0.0000000   
