0.0000000   -1.2103346e-05  1.8027885e-05  -0.00019896838  0.00018026727  -0.00010225316  -2.0203299e-05  -1.0031081e-05  1.4418377e-06  -4.7684743e-06  -1.0460587e-05  -0.00022463101  -8.2023646e-06  3.9031304e-05  7.9320643e-06  -0.00028366735  2.3193158e-05  
1.2103346e-05  0.0000000   0.00065798107  -1.2233149e-05  -6.0615096e-05  2.2759162e-06  8.4460589e-06  -5.1810467e-05  -1.7614042e-08  1.7659417e-08  -1.3613283e-07  1.4449413e-05  5.2316851e-05  -2.7285708e-06  -3.4221797e-07  1.1595104e-05  -4.6065298e-07  
-1.8027885e-05  -0.00065798107  0.0000000   5.1269362e-05  -2.8323986e-05  -7.0936769e-06  2.2759162e-06  -2.5717017e-09  -5.1810467e-05  4.5995209e-07  -3.3390797e-07  2.4131112e-06  1.3864085e-08  1.6892579e-06  5.2316851e-05  -7.9353837e-07  -1.9316610e-06  
0.00019896838  1.2233149e-05  -5.1269362e-05  0.0000000   -0.0016424749  -1.2170706e-07  -7.1229929e-07  2.5682309e-06  -5.1514024e-08  2.2759162e-06  -1.8877208e-05  -5.1810467e-05  -4.0741629e-06  -1.3653045e-07  -8.8422984e-07  5.2316851e-05  6.6883738e-09  
-0.00018026727  6.0615096e-05  2.8323986e-05  0.0016424749  0.0000000   6.3996023e-07  2.5559038e-07  -4.0139544e-07  3.4007716e-06  1.7916077e-05  2.2759162e-06  2.2338219e-07  1.7318001e-06  -5.1810467e-05  -2.5729438e-06  8.3346333e-08  5.2316851e-05  
0.00010225316  -2.2759162e-06  7.0936769e-06  1.2170706e-07  -6.3996023e-07  0.0000000   0.00065798107  5.6678791e-06  -6.2313808e-06  -1.2233149e-05  -6.0615096e-05  -2.9274461e-07  -2.5379386e-05  6.3232650e-07  -1.1131461e-05  1.5886292e-06  7.7091659e-07  
2.0203299e-05  -8.4460589e-06  -2.2759162e-06  7.1229929e-07  -2.5559038e-07  -0.00065798107  0.0000000   5.2982338e-06  5.6678791e-06  5.1269362e-05  -2.8323986e-05  -5.7507620e-07  1.1484774e-05  3.5159855e-08  -2.5379386e-05  -3.8782808e-08  1.4009856e-06  
1.0031081e-05  5.1810467e-05  2.5717017e-09  -2.5682309e-06  4.0139544e-07  -5.6678791e-06  -5.2982338e-06  0.0000000   0.00065798107  4.6069723e-07  4.1299459e-07  -1.2233149e-05  -0.00078433094  -6.0615096e-05  4.4298247e-07  4.4841733e-05  -1.0933933e-05  
-1.4418377e-06  1.7614042e-08  5.1810467e-05  5.1514024e-08  -3.4007716e-06  6.2313808e-06  -5.6678791e-06  -0.00065798107  0.0000000   -1.9477245e-07  5.2324560e-07  5.1269362e-05  1.1129639e-06  -2.8323986e-05  -0.00078433094  2.7952439e-05  2.7480856e-05  
4.7684743e-06  -1.7659417e-08  -4.5995209e-07  -2.2759162e-06  -1.7916077e-05  1.2233149e-05  -5.1269362e-05  -4.6069723e-07  1.9477245e-07  0.0000000   -0.0016424749  5.6678791e-06  1.1664725e-06  1.3455429e-05  1.7724212e-06  -2.5379386e-05  2.8954287e-05  
1.0460587e-05  1.3613283e-07  3.3390797e-07  1.8877208e-05  -2.2759162e-06  6.0615096e-05  2.8323986e-05  -4.1299459e-07  -5.2324560e-07  0.0016424749  0.0000000   -1.2921796e-05  -1.4630323e-06  5.6678791e-06  4.2555277e-07  -2.8391633e-05  -2.5379386e-05  
0.00022463101  -1.4449413e-05  -2.4131112e-06  5.1810467e-05  -2.2338219e-07  2.9274461e-07  5.7507620e-07  1.2233149e-05  -5.1269362e-05  -5.6678791e-06  1.2921796e-05  0.0000000   4.3092875e-05  -0.0016424749  2.6445200e-05  -0.00078433094  5.4098508e-07  
8.2023646e-06  -5.2316851e-05  -1.3864085e-08  4.0741629e-06  -1.7318001e-06  2.5379386e-05  -1.1484774e-05  0.00078433094  -1.1129639e-06  -1.1664725e-06  1.4630323e-06  -4.3092875e-05  0.0000000   1.0743516e-05  0.00065798107  -1.2233149e-05  -6.0615096e-05  
-3.9031304e-05  2.7285708e-06  -1.6892579e-06  1.3653045e-07  5.1810467e-05  -6.3232650e-07  -3.5159855e-08  6.0615096e-05  2.8323986e-05  -1.3455429e-05  -5.6678791e-06  0.0016424749  -1.0743516e-05  0.0000000   2.7502170e-05  -1.2606027e-06  -0.00078433094  
-7.9320643e-06  3.4221797e-07  -5.2316851e-05  8.8422984e-07  2.5729438e-06  1.1131461e-05  2.5379386e-05  -4.4298247e-07  0.00078433094  -1.7724212e-06  -4.2555277e-07  -2.6445200e-05  -0.00065798107  -2.7502170e-05  0.0000000   5.1269362e-05  -2.8323986e-05  
0.00028366735  -1.1595104e-05  7.9353837e-07  -5.2316851e-05  -8.3346333e-08  -1.5886292e-06  3.8782808e-08  -4.4841733e-05  -2.7952439e-05  2.5379386e-05  2.8391633e-05  0.00078433094  1.2233149e-05  1.2606027e-06  -5.1269362e-05  0.0000000   -0.0016424749  
-2.3193158e-05  4.6065298e-07  1.9316610e-06  -6.6883738e-09  -5.2316851e-05  -7.7091659e-07  -1.4009856e-06  1.0933933e-05  -2.7480856e-05  -2.8954287e-05  2.5379386e-05  -5.4098508e-07  6.0615096e-05  0.00078433094  2.8323986e-05  0.0016424749  0.0000000   
