0.0000000   0.00050329108  -0.00011492088  0.0019680143  -2.6357697e-05  -1.8666263e-05  2.7482398e-05  -8.0009463e-06  -2.0703479e-05  2.1130358e-06  -6.2602402e-06  -1.5379438e-05  2.1802807e-05  6.6833184e-06  0.00015224208  -4.3348378e-05  -6.0842023e-06  
-0.00050329108  0.0000000   0.0059532812  0.00013339817  9.9533383e-06  1.0074563e-05  -7.8494053e-07  5.8627634e-06  -2.7744691e-06  3.7259508e-05  4.1033878e-07  -2.5874271e-06  0.00012173808  -1.8616327e-06  4.6040230e-06  -2.3867493e-05  2.1906716e-06  
0.00011492088  -0.0059532812  0.0000000   0.00064491955  0.0019725918  2.7781863e-06  1.0074563e-05  -3.7732412e-05  -2.3855466e-06  5.8627634e-06  3.3451905e-06  -2.9195665e-06  8.5688504e-07  0.00012173808  2.8260666e-05  -1.8494545e-07  -3.3405997e-07  
-0.0019680143  -0.00013339817  -0.00064491955  0.0000000   1.4331414e-05  1.0861161e-05  1.6124512e-05  -1.9886200e-06  1.0074563e-05  -2.6835952e-06  5.8627634e-06  -8.9936341e-06  -2.1627877e-05  -1.1317501e-05  6.7992940e-07  0.00012173808  2.0052257e-06  
2.6357697e-05  -9.9533383e-06  -0.0019725918  -1.4331414e-05  0.0000000   -2.9200389e-07  1.9200024e-06  -1.0602656e-07  -5.1325360e-07  -1.2214449e-05  -3.8157715e-07  1.0074563e-05  1.1224221e-06  -1.5794529e-07  5.8627634e-06  -4.1967723e-06  0.00012173808  
1.8666263e-05  -1.0074563e-05  -2.7781863e-06  -1.0861161e-05  2.9200389e-07  0.0000000   0.0059532812  5.2100664e-06  0.00013339817  -0.00035768938  -8.9637717e-06  9.9533383e-06  -0.00060415355  -6.6943151e-06  -1.5410721e-06  0.00011126399  -4.4643665e-06  
-2.7482398e-05  7.8494053e-07  -1.0074563e-05  -1.6124512e-05  -1.9200024e-06  -0.0059532812  0.0000000   0.00035774561  0.00064491955  5.2100664e-06  -3.8475341e-05  0.0019725918  4.3509893e-06  -0.00060415355  -0.00011967382  -2.0881356e-05  -2.2575596e-06  
8.0009463e-06  -5.8627634e-06  3.7732412e-05  1.9886200e-06  1.0602656e-07  -5.2100664e-06  -0.00035774561  0.0000000   -7.0539608e-06  0.0059532812  0.00013339817  -6.0168234e-07  -1.8680655e-05  0.00017540040  9.9533383e-06  7.3678057e-06  1.3238442e-07  
2.0703479e-05  2.7744691e-06  2.3855466e-06  -1.0074563e-05  5.1325360e-07  -0.00013339817  -0.00064491955  7.0539608e-06  0.0000000   3.8913705e-05  5.2100664e-06  1.4331414e-05  0.00011123005  -1.9811661e-05  -9.6389825e-07  -0.00060415355  1.8427040e-05  
-2.1130358e-06  -3.7259508e-05  -5.8627634e-06  2.6835952e-06  1.2214449e-05  0.00035768938  -5.2100664e-06  -0.0059532812  -3.8913705e-05  0.0000000   0.00064491955  -0.00011851900  -0.00017542020  -1.8680655e-05  0.0019725918  1.8384954e-05  5.8102910e-05  
6.2602402e-06  -4.1033878e-07  -3.3451905e-06  -5.8627634e-06  3.8157715e-07  8.9637717e-06  3.8475341e-05  -0.00013339817  -5.2100664e-06  -0.00064491955  0.0000000   -6.4825942e-07  -5.3320328e-07  -1.9597288e-05  1.4331414e-05  -1.8680655e-05  9.8622395e-07  
1.5379438e-05  2.5874271e-06  2.9195665e-06  8.9936341e-06  -1.0074563e-05  -9.9533383e-06  -0.0019725918  6.0168234e-07  -1.4331414e-05  0.00011851900  6.4825942e-07  0.0000000   -4.3401945e-06  1.5101673e-06  5.2100664e-06  1.8335023e-05  -0.00060415355  
-2.1802807e-05  -0.00012173808  -8.5688504e-07  2.1627877e-05  -1.1224221e-06  0.00060415355  -4.3509893e-06  1.8680655e-05  -0.00011123005  0.00017542020  5.3320328e-07  4.3401945e-06  0.0000000   0.0059532812  3.7744074e-07  0.00013339817  9.9533383e-06  
-6.6833184e-06  1.8616327e-06  -0.00012173808  1.1317501e-05  1.5794529e-07  6.6943151e-06  0.00060415355  -0.00017540040  1.9811661e-05  1.8680655e-05  1.9597288e-05  -1.5101673e-06  -0.0059532812  0.0000000   5.9310338e-05  0.00064491955  0.0019725918  
-0.00015224208  -4.6040230e-06  -2.8260666e-05  -6.7992940e-07  -5.8627634e-06  1.5410721e-06  0.00011967382  -9.9533383e-06  9.6389825e-07  -0.0019725918  -1.4331414e-05  -5.2100664e-06  -3.7744074e-07  -5.9310338e-05  0.0000000   7.8704477e-08  -1.8680655e-05  
4.3348378e-05  2.3867493e-05  1.8494545e-07  -0.00012173808  4.1967723e-06  -0.00011126399  2.0881356e-05  -7.3678057e-06  0.00060415355  -1.8384954e-05  1.8680655e-05  -1.8335023e-05  -0.00013339817  -0.00064491955  -7.8704477e-08  0.0000000   1.4331414e-05  
6.0842023e-06  -2.1906716e-06  3.3405997e-07  -2.0052257e-06  -0.00012173808  4.4643665e-06  2.2575596e-06  -1.3238442e-07  -1.8427040e-05  -5.8102910e-05  -9.8622395e-07  0.00060415355  -9.9533383e-06  -0.0019725918  1.8680655e-05  -1.4331414e-05  0.0000000   
