0.0000000   -0.00037576866  -0.0010786516  -0.00032668975  -8.5913083e-07  0.00011897766  8.2181791e-05  0.00010618072  -4.5670367e-05  -0.00011668565  -0.00024846915  0.00018661377  6.9471418e-06  4.8732029e-05  -5.5330912e-06  -1.1981719e-05  6.8956154e-06  
0.00037576866  0.0000000   -0.0023296418  -0.00094022355  2.8506754e-05  0.00013620984  1.6006154e-07  0.00017379095  -1.1383937e-07  -0.00012325113  -5.2697598e-07  1.3847690e-06  -2.0561174e-06  2.9754243e-07  5.3465477e-07  3.3536118e-07  3.8455060e-07  
0.0010786516  0.0023296418  0.0000000   -0.00045109250  6.4421369e-06  -1.4114803e-07  0.00013620984  2.9142590e-07  0.00017379095  -1.2538207e-06  -4.2046082e-08  -0.00012325113  -3.9366502e-06  -1.7137115e-07  4.1553580e-06  4.7646366e-07  -7.4115594e-07  
0.00032668975  0.00094022355  0.00045109250  0.0000000   1.8116738e-05  -1.5593918e-08  -1.1163221e-07  1.3740861e-07  -2.1655291e-07  -4.8869207e-07  0.00013620984  -3.4067656e-07  -9.2156345e-06  0.00017379095  -8.9678859e-06  -0.00012325113  7.0179325e-06  
8.5913083e-07  -2.8506754e-05  -6.4421369e-06  -1.8116738e-05  0.0000000   -7.1763202e-07  8.5789053e-07  -7.5526842e-07  1.6122321e-06  6.9120246e-07  -6.8199848e-06  -1.6708672e-06  0.00013620984  -9.9570492e-06  0.00017379095  6.9924204e-06  -0.00012325113  
-0.00011897766  -0.00013620984  1.4114803e-07  1.5593918e-08  7.1763202e-07  0.0000000   -0.0023296418  -0.00050321000  -5.2993649e-07  0.00017069537  -0.00094022355  -1.4803780e-06  2.8506754e-05  -6.8519799e-07  8.4661759e-07  -4.6188113e-07  -4.0087337e-07  
-8.2181791e-05  -1.6006154e-07  -0.00013620984  1.1163221e-07  -8.5789053e-07  0.0023296418  0.0000000   1.1684625e-06  -0.00050321000  1.2640590e-06  -0.00045109250  0.00017069537  6.4421369e-06  6.9697456e-07  -4.4189947e-06  -5.6933806e-07  1.4139287e-06  
-0.00010618072  -0.00017379095  -2.9142590e-07  -1.3740861e-07  7.5526842e-07  0.00050321000  -1.1684625e-06  0.0000000   -0.0023296418  -0.0015365878  -1.3769807e-07  -2.6806992e-08  -6.2022701e-07  -0.00094022355  2.8506754e-05  -1.4639051e-06  3.4482035e-06  
4.5670367e-05  1.1383937e-07  -0.00017379095  2.1655291e-07  -1.6122321e-06  5.2993649e-07  0.00050321000  0.0023296418  0.0000000   2.0619809e-06  -1.0320877e-06  -0.0015365878  4.0011977e-06  -0.00045109250  6.4421369e-06  2.3585729e-06  -1.2847753e-05  
0.00011668565  0.00012325113  1.2538207e-06  4.8869207e-07  -6.9120246e-07  -0.00017069537  -1.2640590e-06  0.0015365878  -2.0619809e-06  0.0000000   -5.8940542e-07  -0.0023296418  -1.4948488e-07  5.4028344e-07  -3.1529670e-06  -0.00094022355  2.8506754e-05  
0.00024846915  5.2697598e-07  4.2046082e-08  -0.00013620984  6.8199848e-06  0.00094022355  0.00045109250  1.3769807e-07  1.0320877e-06  5.8940542e-07  0.0000000   -1.1756870e-07  1.8116738e-05  -0.00050321000  2.8974565e-05  0.00017069537  -9.5357647e-06  
-0.00018661377  -1.3847690e-06  0.00012325113  3.4067656e-07  1.6708672e-06  1.4803780e-06  -0.00017069537  2.6806992e-08  0.0015365878  0.0023296418  1.1756870e-07  0.0000000   -5.5068398e-07  -2.8408928e-06  1.2403337e-05  -0.00045109250  6.4421369e-06  
-6.9471418e-06  2.0561174e-06  3.9366502e-06  9.2156345e-06  -0.00013620984  -2.8506754e-05  -6.4421369e-06  6.2022701e-07  -4.0011977e-06  1.4948488e-07  -1.8116738e-05  5.5068398e-07  0.0000000   2.8110489e-05  -0.00050321000  -9.5706666e-06  0.00017069537  
-4.8732029e-05  -2.9754243e-07  1.7137115e-07  -0.00017379095  9.9570492e-06  6.8519799e-07  -6.9697456e-07  0.00094022355  0.00045109250  -5.4028344e-07  0.00050321000  2.8408928e-06  -2.8110489e-05  0.0000000   1.8116738e-05  -0.0015365878  8.6556068e-05  
5.5330912e-06  -5.3465477e-07  -4.1553580e-06  8.9678859e-06  -0.00017379095  -8.4661759e-07  4.4189947e-06  -2.8506754e-05  -6.4421369e-06  3.1529670e-06  -2.8974565e-05  -1.2403337e-05  0.00050321000  -1.8116738e-05  0.0000000   8.6521433e-05  -0.0015365878  
1.1981719e-05  -3.3536118e-07  -4.7646366e-07  0.00012325113  -6.9924204e-06  4.6188113e-07  5.6933806e-07  1.4639051e-06  -2.3585729e-06  0.00094022355  -0.00017069537  0.00045109250  9.5706666e-06  0.0015365878  -8.6521433e-05  0.0000000   1.8116738e-05  
-6.8956154e-06  -3.8455060e-07  7.4115594e-07  -7.0179325e-06  0.00012325113  4.0087337e-07  -1.4139287e-06  -3.4482035e-06  1.2847753e-05  -2.8506754e-05  9.5357647e-06  -6.4421369e-06  -0.00017069537  -8.6556068e-05  0.0015365878  -1.8116738e-05  0.0000000   
