0.0000000   -1.3843175e-05  -4.0663279e-05  0.00033011256  7.9881960e-06  8.9271100e-05  -2.0924048e-07  -1.7563984e-06  -3.2655798e-06  -3.0338009e-06  5.0404815e-05  -9.0244327e-06  -9.5929279e-06  0.00015496231  -5.6734984e-05  0.00022102760  5.4797955e-06  
1.3843175e-05  0.0000000   3.8983310e-05  -3.1929300e-05  0.00028682304  -5.3031737e-07  -1.4159084e-06  5.1784969e-07  4.4033109e-09  2.5413380e-07  -7.3845475e-07  9.0396537e-07  -5.8002924e-05  -1.1437888e-05  6.1138103e-06  -1.0824493e-05  -3.1944549e-08  
4.0663279e-05  -3.8983310e-05  0.0000000   0.0013027554  6.4244250e-05  -4.5743878e-07  1.8000075e-07  -5.3031737e-07  1.2175760e-05  -1.4159084e-06  5.1832140e-07  -4.3185119e-06  2.1996421e-06  -4.5897517e-07  -5.8002924e-05  3.3231475e-07  -3.5773993e-06  
-0.00033011256  3.1929300e-05  -0.0013027554  0.0000000   -3.7613902e-05  2.4542670e-07  9.3858060e-08  -1.2471184e-05  -5.3031737e-07  1.4715800e-06  -6.3529420e-07  -1.4159084e-06  4.8032390e-06  -6.2255424e-07  1.5877920e-07  -5.8002924e-05  -5.1006422e-06  
-7.9881960e-06  -0.00028682304  -6.4244250e-05  3.7613902e-05  0.0000000   -2.2791467e-06  1.0168736e-06  -6.4429129e-07  2.6182886e-07  5.0857200e-08  -5.3031737e-07  -3.4635624e-07  1.7698564e-07  -1.4159084e-06  -3.8109023e-06  -4.3532754e-06  -5.8002924e-05  
-8.9271100e-05  5.3031737e-07  4.5743878e-07  -2.4542670e-07  2.2791467e-06  0.0000000   0.00021395223  3.8983310e-05  -3.1929300e-05  -9.2753102e-06  0.00028682304  -1.5580330e-05  -2.0351059e-05  -1.1930248e-06  1.8315739e-07  1.8704191e-06  -4.7837935e-06  
2.0924048e-07  1.4159084e-06  -1.8000075e-07  -9.3858060e-08  -1.0168736e-06  -0.00021395223  0.0000000   8.4169337e-06  1.5058741e-05  3.8983310e-05  9.3056473e-07  -3.1929300e-05  -1.1824193e-05  0.00028682304  1.9951933e-06  -4.7713256e-07  1.1174530e-05  
1.7563984e-06  -5.1784969e-07  5.3031737e-07  1.2471184e-05  6.4429129e-07  -3.8983310e-05  -8.4169337e-06  0.0000000   0.0013027554  0.00021395223  6.4244250e-05  -1.1649837e-06  1.4550383e-06  1.3336291e-05  -2.0351059e-05  -2.2014374e-05  -2.3483516e-06  
3.2655798e-06  -4.4033109e-09  -1.2175760e-05  5.3031737e-07  -2.6182886e-07  3.1929300e-05  -1.5058741e-05  -0.0013027554  0.0000000   -6.0661597e-07  -3.7613902e-05  0.00021395223  8.4678352e-07  1.9922477e-05  2.2300404e-05  -2.0351059e-05  -1.1878983e-06  
3.0338009e-06  -2.5413380e-07  1.4159084e-06  -1.4715800e-06  -5.0857200e-08  9.2753102e-06  -3.8983310e-05  -0.00021395223  6.0661597e-07  0.0000000   -1.2680850e-05  0.0013027554  -1.1430073e-06  6.4244250e-05  -1.1824193e-05  5.2651949e-05  1.8144776e-06  
-5.0404815e-05  7.3845475e-07  -5.1832140e-07  6.3529420e-07  5.3031737e-07  -0.00028682304  -9.3056473e-07  -6.4244250e-05  3.7613902e-05  1.2680850e-05  0.0000000   1.9124219e-05  5.1272010e-06  0.00021395223  -1.4970504e-07  -2.4303207e-06  -2.0351059e-05  
9.0244327e-06  -9.0396537e-07  4.3185119e-06  1.4159084e-06  3.4635624e-07  1.5580330e-05  3.1929300e-05  1.1649837e-06  -0.00021395223  -0.0013027554  -1.9124219e-05  0.0000000   1.9928231e-06  -3.7613902e-05  -5.0807652e-05  -1.1824193e-05  -2.5048644e-06  
9.5929279e-06  5.8002924e-05  -2.1996421e-06  -4.8032390e-06  -1.7698564e-07  2.0351059e-05  1.1824193e-05  -1.4550383e-06  -8.4678352e-07  1.1430073e-06  -5.1272010e-06  -1.9928231e-06  0.0000000   1.0747863e-05  3.8983310e-05  -3.1929300e-05  0.00028682304  
-0.00015496231  1.1437888e-05  4.5897517e-07  6.2255424e-07  1.4159084e-06  1.1930248e-06  -0.00028682304  -1.3336291e-05  -1.9922477e-05  -6.4244250e-05  -0.00021395223  3.7613902e-05  -1.0747863e-05  0.0000000   -3.2090630e-06  5.1122253e-07  -1.1824193e-05  
5.6734984e-05  -6.1138103e-06  5.8002924e-05  -1.5877920e-07  3.8109023e-06  -1.8315739e-07  -1.9951933e-06  2.0351059e-05  -2.2300404e-05  1.1824193e-05  1.4970504e-07  5.0807652e-05  -3.8983310e-05  3.2090630e-06  0.0000000   0.0013027554  6.4244250e-05  
-0.00022102760  1.0824493e-05  -3.3231475e-07  5.8002924e-05  4.3532754e-06  -1.8704191e-06  4.7713256e-07  2.2014374e-05  2.0351059e-05  -5.2651949e-05  2.4303207e-06  1.1824193e-05  3.1929300e-05  -5.1122253e-07  -0.0013027554  0.0000000   -3.7613902e-05  
-5.4797955e-06  3.1944549e-08  3.5773993e-06  5.1006422e-06  5.8002924e-05  4.7837935e-06  -1.1174530e-05  2.3483516e-06  1.1878983e-06  -1.8144776e-06  2.0351059e-05  2.5048644e-06  -0.00028682304  1.1824193e-05  -6.4244250e-05  3.7613902e-05  0.0000000   
