0.0000000   3.1438243e-05  -4.3267564e-05  0.0016411439  -7.9680215e-05  -7.7357564e-06  1.4639086e-06  -4.0570822e-05  0.00025839829  -0.00038529608  -1.6032256e-05  -2.0351109e-05  2.0933170e-05  5.1569123e-06  -0.00011746008  0.00018407035  -2.6334908e-06  
-3.1438243e-05  0.0000000   -0.00032028882  4.7136779e-05  0.00066853573  -0.00016740365  -4.0738221e-07  -1.7029179e-06  1.1963858e-05  -1.2902671e-05  -6.2903892e-07  3.0409113e-06  9.1172468e-07  1.4260106e-07  -6.4411207e-06  8.0376864e-06  4.3463443e-08  
4.3267564e-05  0.00032028882  0.0000000   -4.3010824e-05  -0.00064304363  4.5116415e-07  -0.00016740365  1.8290992e-07  -1.7029179e-06  -1.6441309e-06  1.2380518e-07  7.2968879e-08  -4.0212526e-07  3.0409113e-06  3.4607787e-06  -3.3497153e-06  -1.1656164e-07  
-0.0016411439  -4.7136779e-05  4.3010824e-05  0.0000000   -4.7788482e-05  -2.0158671e-05  -2.3175872e-05  -6.0123902e-07  -1.1149631e-06  -0.00016740365  -1.7029179e-06  1.4387390e-05  4.0740575e-07  -1.2685124e-06  -1.0017153e-07  3.0409113e-06  1.7021117e-06  
7.9680215e-05  -0.00066853573  0.00064304363  4.7788482e-05  0.0000000   9.8861581e-07  7.8084250e-07  1.2520008e-07  6.3192875e-06  -2.3092577e-05  -9.9271446e-07  -1.4194452e-06  -0.00016740365  3.3999272e-07  -1.7029179e-06  5.5672287e-06  3.0409113e-06  
7.7357564e-06  0.00016740365  -4.5116415e-07  2.0158671e-05  -9.8861581e-07  0.0000000   -0.00032028882  -1.1442959e-06  3.5344745e-05  4.7136779e-05  -4.8793627e-06  -0.00019099141  0.00066853573  2.5838454e-07  -6.7539226e-05  7.2889196e-06  -1.1692338e-06  
-1.4639086e-06  4.0738221e-07  0.00016740365  2.3175872e-05  -7.8084250e-07  0.00032028882  0.0000000   -3.1879098e-05  -1.1442959e-06  -4.3010824e-05  4.0394373e-06  -9.4928685e-07  -0.00064304363  -0.00019099141  6.2281519e-05  -8.6016738e-06  1.1558462e-06  
4.0570822e-05  1.7029179e-06  -1.8290992e-07  6.0123902e-07  -1.2520008e-07  1.1442959e-06  3.1879098e-05  0.0000000   -0.00032028882  -4.8456875e-06  4.7136779e-05  -3.8799671e-06  -6.6098192e-05  -7.2430196e-06  0.00066853573  1.2501634e-06  1.5143878e-05  
-0.00025839829  -1.1963858e-05  1.7029179e-06  1.1149631e-06  -6.3192875e-06  -3.5344745e-05  1.1442959e-06  0.00032028882  0.0000000   4.1143399e-06  -4.3010824e-05  9.5351881e-06  6.5242218e-05  -3.8799671e-06  -0.00064304363  -1.0998345e-06  -1.4367241e-05  
0.00038529608  1.2902671e-05  1.6441309e-06  0.00016740365  2.3092577e-05  -4.7136779e-05  4.3010824e-05  4.8456875e-06  -4.1143399e-06  0.0000000   -1.1442959e-06  1.3174753e-06  -4.7788482e-05  -9.9835460e-06  4.6572370e-06  -0.00019099141  -1.3857402e-05  
1.6032256e-05  6.2903892e-07  -1.2380518e-07  1.7029179e-06  9.9271446e-07  4.8793627e-06  -4.0394373e-06  -4.7136779e-05  4.3010824e-05  1.1442959e-06  0.0000000   -1.0368956e-06  4.5819268e-06  7.6214209e-07  -4.7788482e-05  -3.8799671e-06  -1.3654151e-06  
2.0351109e-05  -3.0409113e-06  -7.2968879e-08  -1.4387390e-05  1.4194452e-06  0.00019099141  9.4928685e-07  3.8799671e-06  -9.5351881e-06  -1.3174753e-06  1.0368956e-06  0.0000000   -1.2214068e-06  -0.00032028882  1.6223406e-05  4.7136779e-05  0.00066853573  
-2.0933170e-05  -9.1172468e-07  4.0212526e-07  -4.0740575e-07  0.00016740365  -0.00066853573  0.00064304363  6.6098192e-05  -6.5242218e-05  4.7788482e-05  -4.5819268e-06  1.2214068e-06  0.0000000   -8.1081584e-07  -1.1442959e-06  -1.5031391e-05  -0.00019099141  
-5.1569123e-06  -1.4260106e-07  -3.0409113e-06  1.2685124e-06  -3.3999272e-07  -2.5838454e-07  0.00019099141  7.2430196e-06  3.8799671e-06  9.9835460e-06  -7.6214209e-07  0.00032028882  8.1081584e-07  0.0000000   -1.4713031e-05  -4.3010824e-05  -0.00064304363  
0.00011746008  6.4411207e-06  -3.4607787e-06  1.0017153e-07  1.7029179e-06  6.7539226e-05  -6.2281519e-05  -0.00066853573  0.00064304363  -4.6572370e-06  4.7788482e-05  -1.6223406e-05  1.1442959e-06  1.4713031e-05  0.0000000   8.2658161e-07  -3.8799671e-06  
-0.00018407035  -8.0376864e-06  3.3497153e-06  -3.0409113e-06  -5.5672287e-06  -7.2889196e-06  8.6016738e-06  -1.2501634e-06  1.0998345e-06  0.00019099141  3.8799671e-06  -4.7136779e-05  1.5031391e-05  4.3010824e-05  -8.2658161e-07  0.0000000   -4.7788482e-05  
2.6334908e-06  -4.3463443e-08  1.1656164e-07  -1.7021117e-06  -3.0409113e-06  1.1692338e-06  -1.1558462e-06  -1.5143878e-05  1.4367241e-05  1.3857402e-05  1.3654151e-06  -0.00066853573  0.00019099141  0.00064304363  3.8799671e-06  4.7788482e-05  0.0000000   
