0.0000000   -0.00046182677  0.0019876946  -0.00015409624  -2.8581381e-05  2.3441392e-06  -4.1259399e-05  4.9635866e-05  -2.4808998e-05  0.00016243548  -8.8329012e-06  3.0816449e-05  7.3462122e-05  -0.00012684048  -3.0644661e-05  0.00023670273  -0.00018018706  
0.00046182677  0.0000000   0.00017686277  0.00062392615  -0.00036117954  0.00022815295  -8.1837113e-06  0.00010065890  -1.5941367e-05  2.6697393e-05  -1.2174973e-06  0.00014894671  2.4419674e-05  4.4053334e-05  -2.3149513e-06  3.6113110e-05  -1.6681684e-05  
-0.0019876946  -0.00017686277  0.0000000   -0.0024064329  0.0014324836  7.5426214e-05  -1.0674897e-05  0.00022815295  -8.1837113e-06  4.7983203e-06  -7.8774378e-07  5.8491860e-05  4.4802867e-06  0.00014894671  -1.1950471e-05  6.2650928e-06  -2.4931519e-06  
0.00015409624  -0.00062392615  0.0024064329  0.0000000   0.0026566358  4.4461490e-06  9.7722573e-08  2.2621950e-06  -1.4402776e-06  0.00022815295  -8.1837113e-06  2.0405687e-06  5.2342609e-07  2.7573706e-06  2.7998720e-06  0.00014894671  1.5563941e-06  
2.8581381e-05  0.00036117954  -0.0014324836  -0.0026566358  0.0000000   1.4053659e-05  -4.9087270e-07  3.8621627e-06  -1.8507694e-06  -8.8001744e-07  -1.7918961e-06  9.3395777e-06  0.00022815295  1.1016554e-06  -8.1837113e-06  5.7818950e-08  0.00014894671  
-2.3441392e-06  -0.00022815295  -7.5426214e-05  -4.4461490e-06  -1.4053659e-05  0.0000000   1.0898321e-05  0.00017686277  6.0196818e-05  0.00062392615  0.00019725565  -0.0019421890  -0.00036117954  -0.00080064047  -0.00011379261  -2.5018267e-05  -0.00011801687  
4.1259399e-05  8.1837113e-06  1.0674897e-05  -9.7722573e-08  4.9087270e-07  -1.0898321e-05  0.0000000   5.1516840e-05  0.00017686277  0.00019750678  0.00062392615  0.00031673360  -0.00011451454  0.00013211924  -0.00036117954  1.2466043e-05  1.4214823e-05  
-4.9635866e-05  -0.00010065890  -0.00022815295  -2.2621950e-06  -3.8621627e-06  -0.00017686277  -5.1516840e-05  0.0000000   1.0898321e-05  -0.0024064329  -0.00076039551  -0.00080028926  0.0014324836  -0.0019421890  0.00045263694  -1.6517350e-05  -3.3080482e-05  
2.4808998e-05  1.5941367e-05  8.1837113e-06  1.4402776e-06  1.8507694e-06  -6.0196818e-05  -0.00017686277  -1.0898321e-05  0.0000000   -0.00076378442  -0.0024064329  0.00012785467  0.00045107349  0.00031673360  0.0014324836  -3.0221777e-05  2.5782070e-05  
-0.00016243548  -2.6697393e-05  -4.7983203e-06  -0.00022815295  8.8001744e-07  -0.00062392615  -0.00019750678  0.0024064329  0.00076378442  0.0000000   1.0898321e-05  -3.0035993e-05  0.0026566358  -6.8027997e-06  0.00083856036  -0.0019421890  1.1925755e-05  
8.8329012e-06  1.2174973e-06  7.8774378e-07  8.1837113e-06  1.7918961e-06  -0.00019725565  -0.00062392615  0.00076039551  0.0024064329  -1.0898321e-05  0.0000000   -2.4580048e-06  0.00083957431  2.9337986e-05  0.0026566358  0.00031673360  2.9259796e-05  
-3.0816449e-05  -0.00014894671  -5.8491860e-05  -2.0405687e-06  -9.3395777e-06  0.0019421890  -0.00031673360  0.00080028926  -0.00012785467  3.0035993e-05  2.4580048e-06  0.0000000   0.00011497611  0.00017686277  -2.3204882e-05  0.00062392615  -0.00036117954  
-7.3462122e-05  -2.4419674e-05  -4.4802867e-06  -5.2342609e-07  -0.00022815295  0.00036117954  0.00011451454  -0.0014324836  -0.00045107349  -0.0026566358  -0.00083957431  -0.00011497611  0.0000000   -3.9269442e-05  1.0898321e-05  1.5773763e-06  -0.0019421890  
0.00012684048  -4.4053334e-05  -0.00014894671  -2.7573706e-06  -1.1016554e-06  0.00080064047  -0.00013211924  0.0019421890  -0.00031673360  6.8027997e-06  -2.9337986e-05  -0.00017686277  3.9269442e-05  0.0000000   1.1130873e-05  -0.0024064329  0.0014324836  
3.0644661e-05  2.3149513e-06  1.1950471e-05  -2.7998720e-06  8.1837113e-06  0.00011379261  0.00036117954  -0.00045263694  -0.0014324836  -0.00083856036  -0.0026566358  2.3204882e-05  -1.0898321e-05  -1.1130873e-05  0.0000000   -2.9905400e-05  0.00031673360  
-0.00023670273  -3.6113110e-05  -6.2650928e-06  -0.00014894671  -5.7818950e-08  2.5018267e-05  -1.2466043e-05  1.6517350e-05  3.0221777e-05  0.0019421890  -0.00031673360  -0.00062392615  -1.5773763e-06  0.0024064329  2.9905400e-05  0.0000000   0.0026566358  
0.00018018706  1.6681684e-05  2.4931519e-06  -1.5563941e-06  -0.00014894671  0.00011801687  -1.4214823e-05  3.3080482e-05  -2.5782070e-05  -1.1925755e-05  -2.9259796e-05  0.00036117954  0.0019421890  -0.0014324836  -0.00031673360  -0.0026566358  0.0000000   
