0.0000000   -0.00017489759  -1.6712073e-05  -0.0011063805  0.00084941609  0.00013521550  2.9237314e-05  -1.4869683e-05  -2.2193576e-05  2.8446303e-06  -1.6746915e-05  -0.00020948977  6.5511822e-05  0.00011186048  -0.00016164921  4.3788448e-06  2.6821521e-06  
0.00017489759  0.0000000   -0.0052613592  -0.00016887396  0.00025987632  7.3166525e-06  -7.0029093e-05  -6.3115862e-05  -4.1658873e-06  -2.1924586e-06  4.1626893e-06  -1.9410712e-05  3.8962085e-06  -1.6800262e-05  -5.8593361e-06  5.9291859e-07  3.1843294e-08  
1.6712073e-05  0.0052613592  0.0000000   0.00012522668  0.00011188285  6.1069372e-05  7.3166525e-06  2.0439856e-06  2.7562418e-06  -6.3115862e-05  3.4929320e-06  3.5814221e-05  -8.2635671e-07  -1.9410712e-05  6.0967894e-06  1.4284696e-06  -1.5894338e-06  
0.0011063805  0.00016887396  -0.00012522668  0.0000000   -0.0046477964  2.0731972e-06  -3.1995799e-06  -5.9036772e-06  7.3166525e-06  -2.9668163e-06  -5.5164059e-05  2.7441432e-06  -6.3115862e-05  5.6745675e-07  9.0444985e-08  -1.9410712e-05  -2.3998661e-05  
-0.00084941609  -0.00025987632  -0.00011188285  0.0046477964  0.0000000   -4.1127982e-06  -1.8100651e-07  5.3955517e-06  6.7208751e-05  -4.5699804e-07  7.3166525e-06  -1.3241311e-06  1.0415888e-06  -2.6292390e-06  -6.3115862e-05  1.5438950e-05  -1.9410712e-05  
-0.00013521550  -7.3166525e-06  -6.1069372e-05  -2.0731972e-06  4.1127982e-06  0.0000000   -0.0052613592  -9.0300302e-06  -0.00016887396  7.2155392e-05  0.00025987632  0.00058341742  2.5948481e-06  -4.4880169e-07  -3.7318574e-06  -1.6645975e-05  5.6225852e-06  
-2.9237314e-05  7.0029093e-05  -7.3166525e-06  3.1995799e-06  1.8100651e-07  0.0052613592  0.0000000   -7.1119261e-05  0.00012522668  -9.0300302e-06  0.00011188285  1.7995626e-06  -1.1894722e-06  0.00058341742  -2.2027651e-06  -3.6193844e-05  5.2634013e-05  
1.4869683e-05  6.3115862e-05  -2.0439856e-06  5.9036772e-06  -5.3955517e-06  9.0300302e-06  7.1119261e-05  0.0000000   2.1147167e-06  -0.0052613592  -3.2313694e-06  1.1902121e-05  -0.00016887396  -0.00011433966  0.00025987632  -3.9576657e-06  5.6123341e-06  
2.2193576e-05  4.1658873e-06  -2.7562418e-06  -7.3166525e-06  -6.7208751e-05  0.00016887396  -0.00012522668  -2.1147167e-06  0.0000000   2.1043576e-06  -0.0046477964  -1.5002852e-05  -9.0300302e-06  -3.6739407e-05  6.3887497e-05  0.00058341742  -1.1586298e-06  
-2.8446303e-06  2.1924586e-06  6.3115862e-05  2.9668163e-06  4.5699804e-07  -7.2155392e-05  9.0300302e-06  0.0052613592  -2.1043576e-06  0.0000000   -6.2030518e-07  0.00011487666  0.00012522668  1.1902121e-05  0.00011188285  1.9299799e-06  3.4836614e-06  
1.6746915e-05  -4.1626893e-06  -3.4929320e-06  5.5164059e-05  -7.3166525e-06  -0.00025987632  -0.00011188285  3.2313694e-06  0.0046477964  6.2030518e-07  0.0000000   3.4232818e-06  -6.2573993e-05  5.3189322e-05  -9.0300302e-06  9.1608140e-07  0.00058341742  
0.00020948977  1.9410712e-05  -3.5814221e-05  -2.7441432e-06  1.3241311e-06  -0.00058341742  -1.7995626e-06  -1.1902121e-05  1.5002852e-05  -0.00011487666  -3.4232818e-06  0.0000000   -3.3091332e-06  -0.0052613592  5.4914080e-06  -0.00016887396  0.00025987632  
-6.5511822e-05  -3.8962085e-06  8.2635671e-07  6.3115862e-05  -1.0415888e-06  -2.5948481e-06  1.1894722e-06  0.00016887396  9.0300302e-06  -0.00012522668  6.2573993e-05  3.3091332e-06  0.0000000   -3.4770326e-06  -0.0046477964  1.1902121e-05  -9.9987526e-05  
-0.00011186048  1.6800262e-05  1.9410712e-05  -5.6745675e-07  2.6292390e-06  4.4880169e-07  -0.00058341742  0.00011433966  3.6739407e-05  -1.1902121e-05  -5.3189322e-05  0.0052613592  3.4770326e-06  0.0000000   1.2555928e-06  0.00012522668  0.00011188285  
0.00016164921  5.8593361e-06  -6.0967894e-06  -9.0444985e-08  6.3115862e-05  3.7318574e-06  2.2027651e-06  -0.00025987632  -6.3887497e-05  -0.00011188285  9.0300302e-06  -5.4914080e-06  0.0046477964  -1.2555928e-06  0.0000000   0.00010085275  1.1902121e-05  
-4.3788448e-06  -5.9291859e-07  -1.4284696e-06  1.9410712e-05  -1.5438950e-05  1.6645975e-05  3.6193844e-05  3.9576657e-06  -0.00058341742  -1.9299799e-06  -9.1608140e-07  0.00016887396  -1.1902121e-05  -0.00012522668  -0.00010085275  0.0000000   -0.0046477964  
-2.6821521e-06  -3.1843294e-08  1.5894338e-06  2.3998661e-05  1.9410712e-05  -5.6225852e-06  -5.2634013e-05  -5.6123341e-06  1.1586298e-06  -3.4836614e-06  -0.00058341742  -0.00025987632  9.9987526e-05  -0.00011188285  -1.1902121e-05  0.0046477964  0.0000000   
