0.0000000   -0.00074803957  0.0019513751  9.8375805e-05  -2.0633320e-05  -8.9392464e-06  -1.2793267e-05  0.00011163578  -3.0328148e-05  4.0593714e-05  5.7222788e-06  1.1804079e-05  -3.0910055e-05  -0.00011206470  6.9108689e-06  -1.5646225e-05  9.8184634e-06  
0.00074803957  0.0000000   0.0054864864  0.00016001545  -7.1140794e-05  -7.8438833e-06  -3.2567580e-05  6.9309313e-05  -1.8395289e-06  -2.7983542e-07  -7.5712563e-06  -9.4038506e-05  9.1893120e-08  -8.1318946e-07  1.0504701e-06  -7.8852425e-06  -9.2639083e-06  
-0.0019513751  -0.0054864864  0.0000000   0.00013468587  -3.0678311e-05  2.3802704e-05  -7.8438833e-06  2.4089824e-06  6.9309313e-05  -6.5708570e-07  1.5885601e-05  6.5947734e-08  -9.4038506e-05  -3.5280078e-07  2.9029828e-06  2.5446161e-05  1.7085444e-05  
-9.8375805e-05  -0.00016001545  -0.00013468587  0.0000000   -0.0015224788  1.0342037e-06  7.4585400e-07  -4.1626574e-06  5.0225150e-06  -7.8438833e-06  6.9309313e-05  4.3717753e-06  -6.1394564e-06  8.9850535e-06  4.1670136e-07  -9.4038506e-05  7.6013124e-07  
2.0633320e-05  7.1140794e-05  3.0678311e-05  0.0015224788  0.0000000   -7.1005766e-07  -3.4665314e-07  3.8540126e-06  -1.1802845e-06  -7.4838782e-06  -4.7378343e-07  -3.0432963e-06  6.0784714e-07  -7.8438833e-06  6.9309313e-05  -3.9388898e-07  -9.4038506e-05  
8.9392464e-06  7.8438833e-06  -2.3802704e-05  -1.0342037e-06  7.1005766e-07  0.0000000   0.0054864864  -4.1924294e-06  -0.00028040967  0.00016001545  -8.0133984e-06  2.8840018e-05  -3.7695101e-05  -7.1140794e-05  3.4934902e-06  -2.6516644e-06  1.4228572e-06  
1.2793267e-05  3.2567580e-05  7.8438833e-06  -7.4585400e-07  3.4665314e-07  -0.0054864864  0.0000000   0.00027977864  -4.1924294e-06  0.00013468587  -7.2638594e-06  3.7742554e-05  2.8840018e-05  -3.0678311e-05  1.5569263e-06  8.8142912e-07  -2.5078569e-07  
-0.00011163578  -6.9309313e-05  -2.4089824e-06  4.1626574e-06  -3.8540126e-06  4.1924294e-06  -0.00027977864  0.0000000   0.0054864864  -8.3588733e-06  0.00016001545  -0.0011039618  -4.3547040e-06  3.7938399e-06  -7.1140794e-05  5.4052830e-05  -3.6650409e-05  
3.0328148e-05  1.8395289e-06  -6.9309313e-05  -5.0225150e-06  1.1802845e-06  0.00028040967  4.1924294e-06  -0.0054864864  0.0000000   -6.6315791e-06  0.00013468587  -2.6555616e-06  -0.0011039618  1.5971317e-06  -3.0678311e-05  -7.4899722e-05  1.1657285e-05  
-4.0593714e-05  2.7983542e-07  6.5708570e-07  7.8438833e-06  7.4838782e-06  -0.00016001545  -0.00013468587  8.3588733e-06  6.6315791e-06  0.0000000   -4.1924294e-06  -2.5669360e-07  2.8519930e-06  -0.0015224788  7.7863282e-05  2.8840018e-05  1.0766672e-05  
-5.7222788e-06  7.5712563e-06  -1.5885601e-05  -6.9309313e-05  4.7378343e-07  8.0133984e-06  7.2638594e-06  -0.00016001545  -0.00013468587  4.1924294e-06  0.0000000   5.2209733e-05  -7.4199913e-05  7.8425225e-05  -0.0015224788  -0.0011039618  1.3359072e-06  
-1.1804079e-05  9.4038506e-05  -6.5947734e-08  -4.3717753e-06  3.0432963e-06  -2.8840018e-05  -3.7742554e-05  0.0011039618  2.6555616e-06  2.5669360e-07  -5.2209733e-05  0.0000000   0.0054864864  -4.6307018e-07  3.7606903e-05  0.00016001545  -7.1140794e-05  
3.0910055e-05  -9.1893120e-08  9.4038506e-05  6.1394564e-06  -6.0784714e-07  3.7695101e-05  -2.8840018e-05  4.3547040e-06  0.0011039618  -2.8519930e-06  7.4199913e-05  -0.0054864864  0.0000000   4.5839234e-07  -1.1956775e-05  0.00013468587  -3.0678311e-05  
0.00011206470  8.1318946e-07  3.5280078e-07  -8.9850535e-06  7.8438833e-06  7.1140794e-05  3.0678311e-05  -3.7938399e-06  -1.5971317e-06  0.0015224788  -7.8425225e-05  4.6307018e-07  -4.5839234e-07  0.0000000   -4.1924294e-06  -1.2323314e-05  2.8840018e-05  
-6.9108689e-06  -1.0504701e-06  -2.9029828e-06  -4.1670136e-07  -6.9309313e-05  -3.4934902e-06  -1.5569263e-06  7.1140794e-05  3.0678311e-05  -7.7863282e-05  0.0015224788  -3.7606903e-05  1.1956775e-05  4.1924294e-06  0.0000000   1.0275109e-06  -0.0011039618  
1.5646225e-05  7.8852425e-06  -2.5446161e-05  9.4038506e-05  3.9388898e-07  2.6516644e-06  -8.8142912e-07  -5.4052830e-05  7.4899722e-05  -2.8840018e-05  0.0011039618  -0.00016001545  -0.00013468587  1.2323314e-05  -1.0275109e-06  0.0000000   -0.0015224788  
-9.8184634e-06  9.2639083e-06  -1.7085444e-05  -7.6013124e-07  9.4038506e-05  -1.4228572e-06  2.5078569e-07  3.6650409e-05  -1.1657285e-05  -1.0766672e-05  -1.3359072e-06  7.1140794e-05  3.0678311e-05  -2.8840018e-05  0.0011039618  0.0015224788  0.0000000   
