0.0000000   0.00013183025  0.00033133437  -1.4861247e-05  -7.7841001e-07  0.00013936886  0.00029911149  4.7015794e-06  -1.0804538e-05  0.00016091236  -9.4189498e-06  -0.00017840127  -7.8987995e-05  -0.00017852063  3.3113727e-06  0.00012760904  0.00020605619  
-0.00013183025  0.0000000   -0.0092843475  0.0011858458  3.8457249e-05  -3.9644072e-05  9.4236597e-05  -0.00043891624  -8.4766770e-06  -2.6201805e-05  -5.4546868e-07  2.6384618e-06  4.9731532e-06  1.7750355e-05  -4.3188205e-07  -9.5504573e-06  -1.4481235e-05  
-0.00033133437  0.0092843475  0.0000000   0.0010161374  0.00013915206  -0.00011197028  -3.9644072e-05  8.7618180e-06  -0.00043891624  -7.5154950e-06  7.5244984e-06  -9.8791415e-06  -4.0142621e-06  2.6384618e-06  1.2572418e-06  3.1341415e-06  5.6581833e-06  
1.4861247e-05  -0.0011858458  -0.0010161374  0.0000000   0.00069387530  1.7107456e-05  1.8696347e-05  -4.3545077e-06  3.1095966e-06  -3.9644072e-05  -0.00043891624  -2.7451121e-06  -1.0109332e-05  -2.8453875e-06  6.7793884e-07  2.6384618e-06  3.5620039e-06  
7.7841001e-07  -3.8457249e-05  -0.00013915206  -0.00069387530  0.0000000   -2.4933496e-06  -4.5216736e-06  -5.3664753e-07  7.2385690e-07  5.2065547e-06  -4.2716426e-07  3.7811637e-06  -3.9644072e-05  3.8388223e-06  -0.00043891624  -2.2827042e-06  2.6384618e-06  
-0.00013936886  3.9644072e-05  0.00011197028  -1.7107456e-05  2.4933496e-06  0.0000000   -0.0092843475  7.7577330e-06  -0.0016674540  0.0011858458  0.00021405155  -0.00032072105  3.8457249e-05  3.5410161e-06  7.0963887e-06  -2.5984880e-06  2.0625816e-07  
-0.00029911149  -9.4236597e-05  3.9644072e-05  -1.8696347e-05  4.5216736e-06  0.0092843475  0.0000000   0.0016669590  7.7577330e-06  0.0010161374  0.00018480549  -3.5919664e-06  0.00013915206  -0.00032072105  2.5343573e-05  2.5218618e-06  3.3609333e-08  
-4.7015794e-06  0.00043891624  -8.7618180e-06  4.3545077e-06  5.3664753e-07  -7.7577330e-06  -0.0016669590  0.0000000   -0.0092843475  0.00021263957  0.0011858458  2.9780835e-05  6.9806614e-06  1.8663869e-05  3.8457249e-05  -2.2677194e-06  -2.7445326e-07  
1.0804538e-05  8.4766770e-06  0.00043891624  -3.1095966e-06  -7.2385690e-07  0.0016674540  -7.7577330e-06  0.0092843475  0.0000000   0.00018338653  0.0010161374  -1.9490034e-05  2.4546858e-05  2.9780835e-05  0.00013915206  -1.5854985e-06  8.5008821e-07  
-0.00016091236  2.6201805e-05  7.5154950e-06  3.9644072e-05  -5.2065547e-06  -0.0011858458  -0.0010161374  -0.00021263957  -0.00018338653  0.0000000   7.7577330e-06  -1.5407265e-06  0.00069387530  3.3661629e-06  0.00012476060  -0.00032072105  -4.4728114e-07  
9.4189498e-06  5.4546868e-07  -7.5244984e-06  0.00043891624  4.2716426e-07  -0.00021405155  -0.00018480549  -0.0011858458  -0.0010161374  -7.7577330e-06  0.0000000   4.0365085e-06  0.00012521055  3.2197790e-06  0.00069387530  2.9780835e-05  -3.0721994e-06  
0.00017840127  -2.6384618e-06  9.8791415e-06  2.7451121e-06  -3.7811637e-06  0.00032072105  3.5919664e-06  -2.9780835e-05  1.9490034e-05  1.5407265e-06  -4.0365085e-06  0.0000000   4.7753321e-07  -0.0092843475  -3.3614700e-07  0.0011858458  3.8457249e-05  
7.8987995e-05  -4.9731532e-06  4.0142621e-06  1.0109332e-05  3.9644072e-05  -3.8457249e-05  -0.00013915206  -6.9806614e-06  -2.4546858e-05  -0.00069387530  -0.00012521055  -4.7753321e-07  0.0000000   5.6016369e-07  7.7577330e-06  3.3436855e-07  -0.00032072105  
0.00017852063  -1.7750355e-05  -2.6384618e-06  2.8453875e-06  -3.8388223e-06  -3.5410161e-06  0.00032072105  -1.8663869e-05  -2.9780835e-05  -3.3661629e-06  -3.2197790e-06  0.0092843475  -5.6016369e-07  0.0000000   -4.5710318e-07  0.0010161374  0.00013915206  
-3.3113727e-06  4.3188205e-07  -1.2572418e-06  -6.7793884e-07  0.00043891624  -7.0963887e-06  -2.5343573e-05  -3.8457249e-05  -0.00013915206  -0.00012476060  -0.00069387530  3.3614700e-07  -7.7577330e-06  4.5710318e-07  0.0000000   1.2192553e-06  2.9780835e-05  
-0.00012760904  9.5504573e-06  -3.1341415e-06  -2.6384618e-06  2.2827042e-06  2.5984880e-06  -2.5218618e-06  2.2677194e-06  1.5854985e-06  0.00032072105  -2.9780835e-05  -0.0011858458  -3.3436855e-07  -0.0010161374  -1.2192553e-06  0.0000000   0.00069387530  
-0.00020605619  1.4481235e-05  -5.6581833e-06  -3.5620039e-06  -2.6384618e-06  -2.0625816e-07  -3.3609333e-08  2.7445326e-07  -8.5008821e-07  4.4728114e-07  3.0721994e-06  -3.8457249e-05  0.00032072105  -0.00013915206  -2.9780835e-05  -0.00069387530  0.0000000   
