0.0000000   1.9242298e-06  0.00038674971  0.0012220704  -9.0391306e-05  -6.9530684e-06  -1.4008945e-05  8.1772059e-05  8.8363932e-06  9.3092917e-06  -2.6519416e-05  -1.6502656e-05  -0.00016439797  -9.7069304e-06  5.9704678e-06  -0.00011919663  2.3189879e-05  
-1.9242298e-06  0.0000000   -2.0798719e-05  -3.0543334e-05  3.3921314e-05  0.00010115181  -1.8147554e-05  1.0332489e-05  -4.7765434e-08  5.2164562e-05  -3.7564349e-06  -9.4309624e-07  -1.2098712e-05  -8.4039990e-07  2.5507396e-06  -1.0021191e-05  2.0340980e-06  
-0.00038674971  2.0798719e-05  0.0000000   0.0039281135  -0.0018843697  6.1466998e-06  -1.5032988e-06  0.00010115181  -1.8147554e-05  -5.5629507e-07  -1.5561757e-06  -1.0931190e-06  1.2261384e-06  8.3073227e-07  5.2164562e-05  6.5094274e-07  -9.0614770e-08  
-0.0012220704  3.0543334e-05  -0.0039281135  0.0000000   4.0338717e-05  4.7887388e-06  -2.2531522e-06  1.6811466e-06  7.0534116e-07  -9.1947041e-06  0.00010115181  -1.8147554e-05  -6.0394983e-07  9.7918023e-07  -1.1626077e-06  5.2164562e-05  -6.6330665e-08  
9.0391306e-05  -3.3921314e-05  0.0018843697  -4.0338717e-05  0.0000000   2.8555743e-08  1.1369513e-07  -7.0547422e-07  -5.1022605e-07  8.6542367e-07  -5.6086936e-07  1.3668392e-07  0.00010115181  -1.8147554e-05  2.0527153e-07  -2.9999161e-07  5.2164562e-05  
6.9530684e-06  -0.00010115181  -6.1466998e-06  -4.7887388e-06  -2.8555743e-08  0.0000000   0.0043043305  -2.0798719e-05  0.00017294741  0.00027392886  -3.0543334e-05  -7.3823418e-05  3.3921314e-05  2.1214648e-05  1.1074625e-05  -3.9316784e-06  1.0715742e-06  
1.4008945e-05  1.8147554e-05  1.5032988e-06  2.2531522e-06  -1.1369513e-07  -0.0043043305  0.0000000   -0.00017282892  -2.0798719e-05  0.0010945256  7.3856481e-05  -3.0543334e-05  -2.1503320e-05  3.3921314e-05  4.3995489e-05  -1.9070128e-05  5.4558540e-06  
-8.1772059e-05  -1.0332489e-05  -0.00010115181  -1.6811466e-06  7.0547422e-07  2.0798719e-05  0.00017282892  0.0000000   0.0043043305  1.0360768e-05  0.0039281135  2.0147026e-06  -0.0018843697  1.2192983e-06  0.00027392886  -1.7220808e-05  8.4220980e-06  
-8.8363932e-06  4.7765434e-08  1.8147554e-05  -7.0534116e-07  5.1022605e-07  -0.00017294741  2.0798719e-05  -0.0043043305  0.0000000   4.3950657e-05  -1.0164206e-06  0.0039281135  -1.6988966e-06  -0.0018843697  0.0010945256  3.6802470e-06  -1.2333018e-06  
-9.3092917e-06  -5.2164562e-05  5.5629507e-07  9.1947041e-06  -8.6542367e-07  -0.00027392886  -0.0010945256  -1.0360768e-05  -4.3950657e-05  0.0000000   4.6531742e-06  1.8655040e-05  -2.6129408e-06  -5.4119769e-06  -2.0798719e-05  -3.0543334e-05  3.3921314e-05  
2.6519416e-05  3.7564349e-06  1.5561757e-06  -0.00010115181  5.6086936e-07  3.0543334e-05  -7.3856481e-05  -0.0039281135  1.0164206e-06  -4.6531742e-06  0.0000000   0.0043043305  4.0338717e-05  -2.6967480e-05  1.7461437e-05  0.00027392886  -1.8860323e-06  
1.6502656e-05  9.4309624e-07  1.0931190e-06  1.8147554e-05  -1.3668392e-07  7.3823418e-05  3.0543334e-05  -2.0147026e-06  -0.0039281135  -1.8655040e-05  -0.0043043305  0.0000000   2.6940907e-05  4.0338717e-05  -2.9368185e-06  0.0010945256  -6.8200984e-06  
0.00016439797  1.2098712e-05  -1.2261384e-06  6.0394983e-07  -0.00010115181  -3.3921314e-05  2.1503320e-05  0.0018843697  1.6988966e-06  2.6129408e-06  -4.0338717e-05  -2.6940907e-05  0.0000000   0.0043043305  -8.1053140e-06  -1.5460175e-06  0.00027392886  
9.7069304e-06  8.4039990e-07  -8.3073227e-07  -9.7918023e-07  1.8147554e-05  -2.1214648e-05  -3.3921314e-05  -1.2192983e-06  0.0018843697  5.4119769e-06  2.6967480e-05  -4.0338717e-05  -0.0043043305  0.0000000   1.9590701e-06  -6.8020559e-06  0.0010945256  
-5.9704678e-06  -2.5507396e-06  -5.2164562e-05  1.1626077e-06  -2.0527153e-07  -1.1074625e-05  -4.3995489e-05  -0.00027392886  -0.0010945256  2.0798719e-05  -1.7461437e-05  2.9368185e-06  8.1053140e-06  -1.9590701e-06  0.0000000   0.0039281135  -0.0018843697  
0.00011919663  1.0021191e-05  -6.5094274e-07  -5.2164562e-05  2.9999161e-07  3.9316784e-06  1.9070128e-05  1.7220808e-05  -3.6802470e-06  3.0543334e-05  -0.00027392886  -0.0010945256  1.5460175e-06  6.8020559e-06  -0.0039281135  0.0000000   4.0338717e-05  
-2.3189879e-05  -2.0340980e-06  9.0614770e-08  6.6330665e-08  -5.2164562e-05  -1.0715742e-06  -5.4558540e-06  -8.4220980e-06  1.2333018e-06  -3.3921314e-05  1.8860323e-06  6.8200984e-06  -0.00027392886  -0.0010945256  0.0018843697  -4.0338717e-05  0.0000000   
