0.0000000   0.00011399477  -0.0011677759  0.00055343460  -0.00014371774  3.3024938e-06  0.00022057387  -7.3637646e-05  0.00012296519  -1.7819698e-05  1.5130760e-06  8.2811381e-06  -8.3360898e-05  -5.8309959e-06  0.00021991771  -2.0918555e-06  8.1088558e-06  
-0.00011399477  0.0000000   -0.00012584799  0.00017643611  0.0012361698  0.00025679342  -7.3407697e-05  1.1770007e-07  -2.9428018e-05  1.3003962e-06  7.6846917e-07  -3.5946818e-07  1.1774019e-05  -2.9577131e-07  -2.0477982e-05  -4.2127445e-07  -2.3059688e-06  
0.0011677759  0.00012584799  0.0000000   -0.0012964599  0.00013753376  -3.9928541e-05  0.00025679342  8.0370054e-07  -2.5238890e-06  1.1770007e-07  -6.4833100e-06  -5.8668742e-07  -7.2624113e-07  1.1774019e-05  -1.6731585e-06  3.8117283e-07  -1.5306641e-07  
-0.00055343460  -0.00017643611  0.0012964599  0.0000000   4.9114324e-05  -1.5362521e-05  -2.0564960e-06  -4.0909911e-07  0.00025679342  8.2133021e-06  1.1770007e-07  -6.1441085e-06  -2.1256137e-07  2.7473586e-06  -7.8428750e-07  1.1774019e-05  -4.2142641e-07  
0.00014371774  -0.0012361698  -0.00013753376  -4.9114324e-05  0.0000000   -1.8046628e-07  2.5658759e-06  -7.7446842e-06  -1.0203789e-05  -5.2933029e-07  -5.8380419e-08  0.00025679342  2.2620836e-06  -6.1518239e-07  1.1770007e-07  -4.3993618e-07  1.1774019e-05  
-3.3024938e-06  -0.00025679342  3.9928541e-05  1.5362521e-05  1.8046628e-07  0.0000000   -0.00012584799  3.1872502e-06  0.00017643611  1.8430030e-06  -3.6170534e-06  0.0012361698  -2.4142152e-05  1.4601116e-06  -2.3377703e-05  5.0251326e-06  2.6562395e-05  
-0.00022057387  7.3407697e-05  -0.00025679342  2.0564960e-06  -2.5658759e-06  0.00012584799  0.0000000   -2.8999266e-06  -0.0012964599  3.1872502e-06  2.4886979e-05  0.00013753376  6.7014319e-06  -2.4142152e-05  -2.4385549e-06  -2.7548204e-05  2.5073987e-06  
7.3637646e-05  -1.1770007e-07  -8.0370054e-07  4.0909911e-07  7.7446842e-06  -3.1872502e-06  2.8999266e-06  0.0000000   -3.3646458e-06  -0.00012584799  0.00017643611  -2.4537111e-05  -0.0011886849  0.00020413667  0.0012361698  6.1261828e-05  6.8105213e-07  
-0.00012296519  2.9428018e-05  2.5238890e-06  -0.00025679342  1.0203789e-05  -0.00017643611  0.0012964599  3.3646458e-06  0.0000000   -2.5549491e-05  3.1872502e-06  4.9114324e-05  -2.6037870e-06  2.8788585e-05  -1.0141074e-06  -2.4142152e-05  1.8966421e-06  
1.7819698e-05  -1.3003962e-06  -1.1770007e-07  -8.2133021e-06  5.2933029e-07  -1.8430030e-06  -3.1872502e-06  0.00012584799  2.5549491e-05  0.0000000   -0.0012964599  -2.8271072e-06  0.00020447423  -0.0011886849  0.00013753376  4.6266726e-06  -2.3549143e-05  
-1.5130760e-06  -7.6846917e-07  6.4833100e-06  -1.1770007e-07  5.8380419e-08  3.6170534e-06  -2.4886979e-05  -0.00017643611  -3.1872502e-06  0.0012964599  0.0000000   -8.2709120e-07  6.1263009e-05  3.7536026e-06  4.9114324e-05  -0.0011886849  4.0641487e-05  
-8.2811381e-06  3.5946818e-07  5.8668742e-07  6.1441085e-06  -0.00025679342  -0.0012361698  -0.00013753376  2.4537111e-05  -4.9114324e-05  2.8271072e-06  8.2709120e-07  0.0000000   -2.6089055e-05  -3.3381066e-06  3.1872502e-06  -2.1136304e-07  -2.4142152e-05  
8.3360898e-05  -1.1774019e-05  7.2624113e-07  2.1256137e-07  -2.2620836e-06  2.4142152e-05  -6.7014319e-06  0.0011886849  2.6037870e-06  -0.00020447423  -6.1263009e-05  2.6089055e-05  0.0000000   -0.00012584799  -1.4627117e-06  0.00017643611  0.0012361698  
5.8309959e-06  2.9577131e-07  -1.1774019e-05  -2.7473586e-06  6.1518239e-07  -1.4601116e-06  2.4142152e-05  -0.00020413667  -2.8788585e-05  0.0011886849  -3.7536026e-06  3.3381066e-06  0.00012584799  0.0000000   2.1850312e-05  -0.0012964599  0.00013753376  
-0.00021991771  2.0477982e-05  1.6731585e-06  7.8428750e-07  -1.1770007e-07  2.3377703e-05  2.4385549e-06  -0.0012361698  1.0141074e-06  -0.00013753376  -4.9114324e-05  -3.1872502e-06  1.4627117e-06  -2.1850312e-05  0.0000000   4.0828223e-05  -0.0011886849  
2.0918555e-06  4.2127445e-07  -3.8117283e-07  -1.1774019e-05  4.3993618e-07  -5.0251326e-06  2.7548204e-05  -6.1261828e-05  2.4142152e-05  -4.6266726e-06  0.0011886849  2.1136304e-07  -0.00017643611  0.0012964599  -4.0828223e-05  0.0000000   4.9114324e-05  
-8.1088558e-06  2.3059688e-06  1.5306641e-07  4.2142641e-07  -1.1774019e-05  -2.6562395e-05  -2.5073987e-06  -6.8105213e-07  -1.8966421e-06  2.3549143e-05  -4.0641487e-05  2.4142152e-05  -0.0012361698  -0.00013753376  0.0011886849  -4.9114324e-05  0.0000000   
