0.0000000   -0.0044504620  -0.00079209184  -0.0011615281  -0.00045137283  0.00013422366  1.7851620e-05  -5.4595935e-05  -7.6533914e-05  -2.1276727e-05  1.6934199e-05  1.8766523e-05  -0.00020324547  -3.0150733e-05  0.00018881545  0.00011295410  6.7358595e-05  
0.0044504620  0.0000000   7.9184876e-05  0.0034285226  0.00059641345  0.00035613984  0.00011988936  -4.0521273e-06  0.00013952258  3.6748223e-05  3.4227138e-06  -3.0160525e-06  -2.0694787e-08  -6.3835691e-06  -1.5917839e-07  -6.0990307e-07  -4.8906898e-07  
0.00079209184  -7.9184876e-05  0.0000000   0.00058759289  8.6584670e-05  0.00012062212  0.00035613984  2.7997255e-05  4.6672961e-05  0.00013952258  -3.0901920e-05  1.1171777e-05  -1.6798527e-06  -2.0694787e-08  -1.0363755e-05  1.1460742e-06  6.6943662e-07  
0.0011615281  -0.0034285226  -0.00058759289  0.0000000   -0.00051725114  -5.3454966e-06  2.8472714e-05  0.00035613984  -3.5301672e-08  8.5766332e-06  2.3601515e-07  0.00013952258  8.7820845e-07  -1.5508677e-06  2.8431650e-06  -2.0694787e-08  1.4355446e-06  
0.00045137283  -0.00059641345  -8.6584670e-05  0.00051725114  0.0000000   4.8709222e-06  -3.0761456e-05  7.7123231e-07  2.4108663e-06  -1.3102452e-05  0.00035613984  1.4969311e-07  1.5125630e-07  -6.5755781e-07  0.00013952258  1.5101868e-07  -2.0694787e-08  
-0.00013422366  -0.00035613984  -0.00012062212  5.3454966e-06  -4.8709222e-06  0.0000000   7.9184876e-05  0.0034285226  -0.0011666463  -0.00038736614  0.00059641345  2.1876321e-05  0.00013455879  4.4997662e-05  -1.3720445e-05  3.2253621e-06  2.6755638e-06  
-1.7851620e-05  -0.00011988936  -0.00035613984  -2.8472714e-05  3.0761456e-05  -7.9184876e-05  0.0000000   0.00058759289  -0.00038769333  -0.0011666463  8.6584670e-05  -9.2177779e-05  4.4498366e-05  0.00013455879  0.00010137777  1.1637463e-05  -1.1517917e-05  
5.4595935e-05  4.0521273e-06  -2.7997255e-05  -0.00035613984  -7.7123231e-07  -0.0034285226  -0.00058759289  0.0000000   2.1490231e-05  -9.2380232e-05  -0.00051725114  -0.0011666463  -8.1703670e-06  9.5819731e-06  -1.9699825e-06  0.00013455879  -6.2169241e-07  
7.6533914e-05  -0.00013952258  -4.6672961e-05  3.5301672e-08  -2.4108663e-06  0.0011666463  0.00038769333  -2.1490231e-05  0.0000000   7.9184876e-05  1.4057701e-05  0.0034285226  -0.00075579520  -0.00025127358  0.00059641345  1.4320757e-05  -8.9683591e-06  
2.1276727e-05  -3.6748223e-05  -0.00013952258  -8.5766332e-06  1.3102452e-05  0.00038736614  0.0011666463  9.2380232e-05  -7.9184876e-05  0.0000000   -0.00010133765  0.00058759289  -0.00025067738  -0.00075579520  8.6584670e-05  -5.9958895e-05  6.5484453e-05  
-1.6934199e-05  -3.4227138e-06  3.0901920e-05  -2.3601515e-07  -0.00035613984  -0.00059641345  -8.6584670e-05  0.00051725114  -1.4057701e-05  0.00010133765  0.0000000   -1.9181496e-06  6.7297180e-07  -1.1795219e-05  -0.0011666463  1.0407974e-06  0.00013455879  
-1.8766523e-05  3.0160525e-06  -1.1171777e-05  -0.00013952258  -1.4969311e-07  -2.1876321e-05  9.2177779e-05  0.0011666463  -0.0034285226  -0.00058759289  1.9181496e-06  0.0000000   1.3864951e-05  -5.9741566e-05  -0.00051725114  -0.00075579520  -1.2477446e-06  
0.00020324547  2.0694787e-08  1.6798527e-06  -8.7820845e-07  -1.5125630e-07  -0.00013455879  -4.4498366e-05  8.1703670e-06  0.00075579520  0.00025067738  -6.7297180e-07  -1.3864951e-05  0.0000000   7.9184876e-05  9.1397002e-06  0.0034285226  0.00059641345  
3.0150733e-05  6.3835691e-06  2.0694787e-08  1.5508677e-06  6.5755781e-07  -4.4997662e-05  -0.00013455879  -9.5819731e-06  0.00025127358  0.00075579520  1.1795219e-05  5.9741566e-05  -7.9184876e-05  0.0000000   -6.5902226e-05  0.00058759289  8.6584670e-05  
-0.00018881545  1.5917839e-07  1.0363755e-05  -2.8431650e-06  -0.00013952258  1.3720445e-05  -0.00010137777  1.9699825e-06  -0.00059641345  -8.6584670e-05  0.0011666463  0.00051725114  -9.1397002e-06  6.5902226e-05  0.0000000   -1.3879693e-06  -0.00075579520  
-0.00011295410  6.0990307e-07  -1.1460742e-06  2.0694787e-08  -1.5101868e-07  -3.2253621e-06  -1.1637463e-05  -0.00013455879  -1.4320757e-05  5.9958895e-05  -1.0407974e-06  0.00075579520  -0.0034285226  -0.00058759289  1.3879693e-06  0.0000000   -0.00051725114  
-6.7358595e-05  4.8906898e-07  -6.6943662e-07  -1.4355446e-06  2.0694787e-08  -2.6755638e-06  1.1517917e-05  6.2169241e-07  8.9683591e-06  -6.5484453e-05  -0.00013455879  1.2477446e-06  -0.00059641345  -8.6584670e-05  0.00075579520  0.00051725114  0.0000000   
