0.0000000   -0.0026740579  0.00026369213  -0.00019464831  0.00081959157  -1.8929655e-05  0.00025958066  -0.00036294524  -3.2977818e-05  -8.9649524e-05  1.1226277e-06  -8.3088094e-05  -3.0889445e-06  -1.0577405e-05  3.5389070e-05  -1.3598677e-05  -0.00019341324  
0.0026740579  0.0000000   0.00027696619  0.00046734543  0.00033101845  -2.4714595e-05  -0.00014556204  1.2381598e-06  1.0774542e-05  -5.0882413e-06  9.4421561e-06  -2.4635260e-05  -1.3561544e-05  -1.8325001e-05  8.2330835e-07  6.3389008e-06  2.7729764e-07  
-0.00026369213  -0.00027696619  0.0000000   0.0056764635  0.00019247229  5.8952545e-07  1.9071733e-05  -2.4714595e-05  -0.00014556204  -1.2186389e-05  2.6276511e-06  5.3428791e-06  4.6206701e-07  -2.4635260e-05  -2.6463870e-06  -7.9575299e-07  2.4813979e-06  
0.00019464831  -0.00046734543  -0.0056764635  0.0000000   6.4109136e-05  2.3754686e-06  -1.6993442e-05  1.9057162e-05  -3.1170518e-06  -2.4714595e-05  -0.00014556204  -1.1218564e-06  8.1538935e-07  -9.4874191e-07  1.0520461e-05  -2.4635260e-05  4.6072886e-06  
-0.00081959157  -0.00033101845  -0.00019247229  -6.4109136e-05  0.0000000   -1.2513631e-05  -5.5218436e-08  7.7613139e-07  1.5180417e-06  2.5638454e-06  4.1212390e-06  5.9332224e-07  -2.4714595e-05  6.4516558e-06  -0.00014556204  -7.6672702e-07  -2.4635260e-05  
1.8929655e-05  2.4714595e-05  -5.8952545e-07  -2.3754686e-06  1.2513631e-05  0.0000000   -7.1968999e-06  0.00027696619  9.6984859e-06  0.00046734543  1.5047883e-05  -5.2672049e-06  0.00033101845  4.8509861e-07  1.1515646e-05  -6.3941892e-07  -3.1524068e-06  
-0.00025958066  0.00014556204  -1.9071733e-05  1.6993442e-05  5.5218436e-08  7.1968999e-06  0.0000000   8.7551947e-06  0.00027696619  1.6431972e-05  0.00046734543  -0.00063918575  1.2254750e-05  0.00010248536  0.00033101845  -5.6190939e-05  -3.4521081e-06  
0.00036294524  -1.2381598e-06  2.4714595e-05  -1.9057162e-05  -7.7613139e-07  -0.00027696619  -8.7551947e-06  0.0000000   -7.1968999e-06  0.0056764635  0.00019134491  5.7943354e-07  0.00019247229  -5.2672049e-06  6.4641433e-06  9.5848717e-07  1.1859323e-07  
3.2977818e-05  -1.0774542e-05  0.00014556204  3.1170518e-06  -1.5180417e-06  -9.6984859e-06  -0.00027696619  7.1968999e-06  0.0000000   0.00018865928  0.0056764635  0.00010000765  6.3477934e-06  -0.00063918575  0.00019247229  1.1562743e-05  -8.0759248e-06  
8.9649524e-05  5.0882413e-06  1.2186389e-05  2.4714595e-05  -2.5638454e-06  -0.00046734543  -1.6431972e-05  -0.0056764635  -0.00018865928  0.0000000   -7.1968999e-06  -4.6365583e-07  6.4109136e-05  -4.5162960e-07  2.6920039e-06  -5.2672049e-06  5.3460785e-07  
-1.1226277e-06  -9.4421561e-06  -2.6276511e-06  0.00014556204  -4.1212390e-06  -1.5047883e-05  -0.00046734543  -0.00019134491  -0.0056764635  7.1968999e-06  0.0000000   -5.7176941e-05  1.5696114e-06  -2.2346704e-06  6.4109136e-05  -0.00063918575  4.6216206e-05  
8.3088094e-05  2.4635260e-05  -5.3428791e-06  1.1218564e-06  -5.9332224e-07  5.2672049e-06  0.00063918575  -5.7943354e-07  -0.00010000765  4.6365583e-07  5.7176941e-05  0.0000000   -3.6945266e-07  0.00027696619  4.4830595e-06  0.00046734543  0.00033101845  
3.0889445e-06  1.3561544e-05  -4.6206701e-07  -8.1538935e-07  2.4714595e-05  -0.00033101845  -1.2254750e-05  -0.00019247229  -6.3477934e-06  -6.4109136e-05  -1.5696114e-06  3.6945266e-07  0.0000000   -4.3179997e-08  -7.1968999e-06  4.6992720e-07  -5.2672049e-06  
1.0577405e-05  1.8325001e-05  2.4635260e-05  9.4874191e-07  -6.4516558e-06  -4.8509861e-07  -0.00010248536  5.2672049e-06  0.00063918575  4.5162960e-07  2.2346704e-06  -0.00027696619  4.3179997e-08  0.0000000   9.1347193e-06  0.0056764635  0.00019247229  
-3.5389070e-05  -8.2330835e-07  2.6463870e-06  -1.0520461e-05  0.00014556204  -1.1515646e-05  -0.00033101845  -6.4641433e-06  -0.00019247229  -2.6920039e-06  -6.4109136e-05  -4.4830595e-06  7.1968999e-06  -9.1347193e-06  0.0000000   4.7524796e-05  -0.00063918575  
1.3598677e-05  -6.3389008e-06  7.9575299e-07  2.4635260e-05  7.6672702e-07  6.3941892e-07  5.6190939e-05  -9.5848717e-07  -1.1562743e-05  5.2672049e-06  0.00063918575  -0.00046734543  -4.6992720e-07  -0.0056764635  -4.7524796e-05  0.0000000   6.4109136e-05  
0.00019341324  -2.7729764e-07  -2.4813979e-06  -4.6072886e-06  2.4635260e-05  3.1524068e-06  3.4521081e-06  -1.1859323e-07  8.0759248e-06  -5.3460785e-07  -4.6216206e-05  -0.00033101845  5.2672049e-06  -0.00019247229  0.00063918575  -6.4109136e-05  0.0000000   
