0.0000000   1.5413021e-05  -7.0960328e-05  -0.00069732234  3.9785471e-05  -1.7376447e-05  5.0617865e-05  1.6964447e-06  1.1431343e-05  8.1352363e-05  6.7669864e-05  2.4625021e-06  0.00010084862  7.8302036e-06  -9.4584452e-05  5.5700850e-06  -5.5277452e-06  
-1.5413021e-05  0.0000000   0.0017060410  -0.00014052838  1.3511506e-05  -6.2707715e-05  -2.5921157e-06  6.9343857e-07  -6.9335508e-06  6.1705107e-06  7.6400975e-07  6.2976642e-07  -3.5749423e-06  -3.0440794e-07  4.2651316e-06  -5.9360038e-07  2.3322114e-07  
7.0960328e-05  -0.0017060410  0.0000000   -3.2744793e-06  8.0717470e-05  -7.2012428e-07  6.9020234e-06  -6.2707715e-05  -2.5921157e-06  -1.5433508e-06  -8.1779136e-06  -5.1052224e-07  3.6131085e-06  -9.0745331e-08  6.1705107e-06  1.0822522e-06  -1.2362916e-07  
0.00069732234  0.00014052838  3.2744793e-06  0.0000000   0.00083599392  1.4686243e-06  -4.2386701e-07  1.4670962e-06  1.7486668e-07  1.4365240e-07  -6.2707715e-05  -2.5921157e-06  3.7998328e-07  -2.6853781e-06  1.1795677e-06  6.1705107e-06  2.0828517e-06  
-3.9785471e-05  -1.3511506e-05  -8.0717470e-05  -0.00083599392  0.0000000   -1.0249681e-06  5.2937690e-08  2.4687627e-06  4.2090555e-07  1.4954832e-07  -4.6890168e-07  3.3549602e-06  -6.2707715e-05  -2.5921157e-06  -4.9834666e-07  -1.0534846e-06  6.1705107e-06  
1.7376447e-05  6.2707715e-05  7.2012428e-07  -1.4686243e-06  1.0249681e-06  0.0000000   -1.0707341e-05  0.0017060410  0.00019899323  -4.6210435e-05  -0.00014052838  -1.6011649e-05  1.3511506e-05  1.3959819e-06  -3.1646052e-05  4.5198666e-06  -1.0020435e-06  
-5.0617865e-05  2.5921157e-06  -6.9020234e-06  4.2386701e-07  -5.2937690e-08  1.0707341e-05  0.0000000   0.00019820483  0.0017060410  0.00053731028  -1.6772497e-05  -0.00014052838  1.7449244e-06  1.3511506e-05  -3.3802766e-06  -2.1434102e-05  9.0380045e-06  
-1.6964447e-06  -6.9343857e-07  6.2707715e-05  -1.4670962e-06  -2.4687627e-06  -0.0017060410  -0.00019820483  0.0000000   -1.0707341e-05  3.3274942e-05  -3.2744793e-06  -1.7847949e-06  8.0717470e-05  1.0047125e-05  -4.6210435e-05  -6.0898744e-06  6.6729921e-07  
-1.1431343e-05  6.9335508e-06  2.5921157e-06  -1.7486668e-07  -4.2090555e-07  -0.00019899323  -0.0017060410  1.0707341e-05  0.0000000   -2.6998665e-07  1.1217462e-06  -3.2744793e-06  8.9636463e-06  8.0717470e-05  0.00053731028  7.2350952e-05  -2.6380665e-05  
-8.1352363e-05  -6.1705107e-06  1.5433508e-06  -1.4365240e-07  -1.4954832e-07  4.6210435e-05  -0.00053731028  -3.3274942e-05  2.6998665e-07  0.0000000   8.7991578e-07  2.1734914e-05  5.4012760e-07  -9.2079285e-06  0.0017060410  -0.00014052838  1.3511506e-05  
-6.7669864e-05  -7.6400975e-07  8.1779136e-06  6.2707715e-05  4.6890168e-07  0.00014052838  1.6772497e-05  3.2744793e-06  -1.1217462e-06  -8.7991578e-07  0.0000000   -1.0707341e-05  0.00083599392  9.7398361e-05  -6.2439969e-06  -4.6210435e-05  -1.5911613e-05  
-2.4625021e-06  -6.2976642e-07  5.1052224e-07  2.5921157e-06  -3.3549602e-06  1.6011649e-05  0.00014052838  1.7847949e-06  3.2744793e-06  -2.1734914e-05  1.0707341e-05  0.0000000   9.7263700e-05  0.00083599392  7.2624287e-05  0.00053731028  9.7499749e-07  
-0.00010084862  3.5749423e-06  -3.6131085e-06  -3.7998328e-07  6.2707715e-05  -1.3511506e-05  -1.7449244e-06  -8.0717470e-05  -8.9636463e-06  -5.4012760e-07  -0.00083599392  -9.7263700e-05  0.0000000   -1.0707341e-05  3.6936919e-06  1.5192726e-05  -4.6210435e-05  
-7.8302036e-06  3.0440794e-07  9.0745331e-08  2.6853781e-06  2.5921157e-06  -1.3959819e-06  -1.3511506e-05  -1.0047125e-05  -8.0717470e-05  9.2079285e-06  -9.7398361e-05  -0.00083599392  1.0707341e-05  0.0000000   -2.6297585e-05  2.4255803e-06  0.00053731028  
9.4584452e-05  -4.2651316e-06  -6.1705107e-06  -1.1795677e-06  4.9834666e-07  3.1646052e-05  3.3802766e-06  4.6210435e-05  -0.00053731028  -0.0017060410  6.2439969e-06  -7.2624287e-05  -3.6936919e-06  2.6297585e-05  0.0000000   -3.2744793e-06  8.0717470e-05  
-5.5700850e-06  5.9360038e-07  -1.0822522e-06  -6.1705107e-06  1.0534846e-06  -4.5198666e-06  2.1434102e-05  6.0898744e-06  -7.2350952e-05  0.00014052838  4.6210435e-05  -0.00053731028  -1.5192726e-05  -2.4255803e-06  3.2744793e-06  0.0000000   0.00083599392  
5.5277452e-06  -2.3322114e-07  1.2362916e-07  -2.0828517e-06  -6.1705107e-06  1.0020435e-06  -9.0380045e-06  -6.6729921e-07  2.6380665e-05  -1.3511506e-05  1.5911613e-05  -9.7499749e-07  4.6210435e-05  -0.00053731028  -8.0717470e-05  -0.00083599392  0.0000000   
