0.0000000   -0.0031693301  0.00054693840  2.6506338e-05  -0.00032573134  1.8847993e-05  -7.2022653e-06  1.0211486e-05  1.1010078e-07  -0.00034647526  -0.00012942631  8.3972404e-05  -3.1673781e-06  3.9494546e-05  3.2318348e-06  -1.9794677e-06  0.00012459468  
0.0031693301  0.0000000   -0.00041185310  6.6465753e-05  -0.00027256224  -1.9835752e-05  -4.3557155e-06  2.5475937e-05  3.2999625e-06  3.3512233e-05  -1.8347727e-07  1.6136117e-07  4.0277759e-05  -1.4663517e-07  3.6806069e-06  -3.3768324e-06  -6.2785017e-07  
-0.00054693840  0.00041185310  0.0000000   1.7339513e-05  -0.0013921280  8.0780546e-06  7.8664072e-07  -1.9835752e-05  -4.3557155e-06  2.7888130e-07  1.2336211e-06  1.6248283e-07  -1.6418477e-05  3.3512233e-05  -5.1840481e-07  -1.0378869e-06  -1.5058375e-06  
-2.6506338e-05  -6.6465753e-05  -1.7339513e-05  0.0000000   -4.3449860e-05  6.2719707e-07  -2.9183682e-07  1.0988484e-06  1.9566622e-07  -1.5690133e-05  -1.9835752e-05  -4.3557155e-06  -1.6307539e-06  1.0026351e-07  -6.7283215e-08  3.3512233e-05  7.0317827e-06  
0.00032573134  0.00027256224  0.0013921280  4.3449860e-05  0.0000000   -1.3682526e-06  -5.1657923e-07  1.2090427e-05  2.2662758e-07  -3.4944299e-08  -7.9762612e-07  -5.7805750e-08  -1.9835752e-05  1.5796506e-06  -4.3557155e-06  1.1165206e-06  3.3512233e-05  
-1.8847993e-05  1.9835752e-05  -8.0780546e-06  -6.2719707e-07  1.3682526e-06  0.0000000   0.00015131901  -0.00041185310  -1.1533026e-07  2.7755134e-05  6.6465753e-05  -4.8015025e-07  -0.00027256224  5.2664042e-06  8.6632602e-08  -8.1242300e-07  2.5642768e-06  
7.2022653e-06  4.3557155e-06  -7.8664072e-07  2.9183682e-07  5.1657923e-07  -0.00015131901  0.0000000   3.8640399e-07  -0.00041185310  3.6136231e-07  -1.8949018e-07  6.6465753e-05  1.2097709e-07  1.2882713e-05  -0.00027256224  -2.0926737e-06  8.3788105e-06  
-1.0211486e-05  -2.5475937e-05  1.9835752e-05  -1.0988484e-06  -1.2090427e-05  0.00041185310  -3.8640399e-07  0.0000000   0.00015131901  -8.8160153e-06  1.7339513e-05  -6.7830911e-06  -0.0013921280  2.7755134e-05  3.3159745e-07  -1.6259132e-06  2.0336825e-05  
-1.1010078e-07  -3.2999625e-06  4.3557155e-06  -1.9566622e-07  -2.2662758e-07  1.1533026e-07  0.00041185310  -0.00015131901  0.0000000   -1.3298067e-05  7.3852815e-06  1.7339513e-05  5.0095793e-07  3.6136231e-07  -0.0013921280  -5.6471401e-07  4.3870698e-05  
0.00034647526  -3.3512233e-05  -2.7888130e-07  1.5690133e-05  3.4944299e-08  -2.7755134e-05  -3.6136231e-07  8.8160153e-06  1.3298067e-05  0.0000000   -1.0978882e-06  -2.0374515e-06  8.3563453e-06  -0.00041185310  8.9655902e-06  6.6465753e-05  -0.00027256224  
0.00012942631  1.8347727e-07  -1.2336211e-06  1.9835752e-05  7.9762612e-07  -6.6465753e-05  1.8949018e-07  -1.7339513e-05  -7.3852815e-06  1.0978882e-06  0.0000000   0.00015131901  -4.3449860e-05  -1.1331832e-06  6.6399297e-06  2.7755134e-05  1.7522790e-06  
-8.3972404e-05  -1.6136117e-07  -1.6248283e-07  4.3557155e-06  5.7805750e-08  4.8015025e-07  -6.6465753e-05  6.7830911e-06  -1.7339513e-05  2.0374515e-06  -0.00015131901  0.0000000   -7.5805504e-06  5.1984217e-07  -4.3449860e-05  3.6136231e-07  1.3968351e-06  
3.1673781e-06  -4.0277759e-05  1.6418477e-05  1.6307539e-06  1.9835752e-05  0.00027256224  -1.2097709e-07  0.0013921280  -5.0095793e-07  -8.3563453e-06  4.3449860e-05  7.5805504e-06  0.0000000   -1.8738948e-05  0.00015131901  5.5774176e-07  2.7755134e-05  
-3.9494546e-05  1.4663517e-07  -3.3512233e-05  -1.0026351e-07  -1.5796506e-06  -5.2664042e-06  -1.2882713e-05  -2.7755134e-05  -3.6136231e-07  0.00041185310  1.1331832e-06  -5.1984217e-07  1.8738948e-05  0.0000000   4.3697692e-05  1.7339513e-05  -0.0013921280  
-3.2318348e-06  -3.6806069e-06  5.1840481e-07  6.7283215e-08  4.3557155e-06  -8.6632602e-08  0.00027256224  -3.3159745e-07  0.0013921280  -8.9655902e-06  -6.6399297e-06  4.3449860e-05  -0.00015131901  -4.3697692e-05  0.0000000   -1.3484763e-06  3.6136231e-07  
1.9794677e-06  3.3768324e-06  1.0378869e-06  -3.3512233e-05  -1.1165206e-06  8.1242300e-07  2.0926737e-06  1.6259132e-06  5.6471401e-07  -6.6465753e-05  -2.7755134e-05  -3.6136231e-07  -5.5774176e-07  -1.7339513e-05  1.3484763e-06  0.0000000   -4.3449860e-05  
-0.00012459468  6.2785017e-07  1.5058375e-06  -7.0317827e-06  -3.3512233e-05  -2.5642768e-06  -8.3788105e-06  -2.0336825e-05  -4.3870698e-05  0.00027256224  -1.7522790e-06  -1.3968351e-06  -2.7755134e-05  0.0013921280  -3.6136231e-07  4.3449860e-05  0.0000000   
