0.0000000   0.00013729271  0.0016458723  0.00010592669  0.00051476631  -2.7613856e-05  5.1664143e-06  -5.9324560e-06  -5.7746819e-05  7.8652911e-06  -1.2093124e-05  -8.4032057e-05  5.2491091e-06  -9.3788777e-05  -0.00014169506  0.00013102166  3.8966119e-06  
-0.00013729271  0.0000000   -2.1118354e-05  0.00013011843  -2.2600838e-06  1.2665449e-06  5.6407748e-07  -9.1648175e-05  1.5925995e-05  -9.9357017e-07  5.4533511e-06  -9.8404484e-07  -1.3614184e-06  2.7323771e-06  -2.3818256e-06  4.2209504e-08  2.1335370e-07  
-0.0016458723  2.1118354e-05  0.0000000   0.0016464183  0.00023908891  2.8144477e-07  1.2665449e-06  2.3601657e-05  -9.1648175e-05  -1.2071993e-05  -4.0624403e-06  5.4533511e-06  -1.8393419e-05  3.5510515e-07  -2.8064044e-07  1.0464572e-06  1.0011384e-06  
-0.00010592669  -0.00013011843  -0.0016464183  0.0000000   -0.0010587750  7.2390401e-07  1.0690820e-05  3.2614440e-06  -1.7490431e-07  1.2665449e-06  -4.3916988e-07  -6.7284097e-07  5.4681309e-06  -9.1648175e-05  -3.2206885e-07  5.4533511e-06  -2.3255757e-07  
-0.00051476631  2.2600838e-06  -0.00023908891  0.0010587750  0.0000000   2.0865079e-07  3.9175196e-06  1.3142499e-07  -2.5684061e-07  -7.1333956e-06  -8.4326808e-07  1.2153168e-07  1.2665449e-06  6.6111453e-09  -9.1648175e-05  5.1526136e-07  5.4533511e-06  
2.7613856e-05  -1.2665449e-06  -2.8144477e-07  -7.2390401e-07  -2.0865079e-07  0.0000000   -2.1118354e-05  -2.8037093e-05  3.4681888e-06  0.00013011843  -0.00010533596  1.8914353e-05  -2.2600838e-06  9.9737534e-06  -7.8219885e-07  3.5956615e-07  -2.5327437e-06  
-5.1664143e-06  -5.6407748e-07  -1.2665449e-06  -1.0690820e-05  -3.9175196e-06  2.1118354e-05  0.0000000   6.4387665e-06  -2.8037093e-05  0.0016464183  1.8043049e-05  -0.00010533596  0.00023908891  0.00011557680  1.7394159e-05  -3.5868406e-05  -5.1171035e-06  
5.9324560e-06  9.1648175e-05  -2.3601657e-05  -3.2614440e-06  -1.3142499e-07  2.8037093e-05  -6.4387665e-06  0.0000000   -2.1118354e-05  8.2272477e-06  0.0030671657  -0.00053667386  5.6110414e-07  0.00013011843  -2.2600838e-06  -9.3371983e-05  7.4627963e-05  
5.7746819e-05  -1.5925995e-05  9.1648175e-05  1.7490431e-07  2.5684061e-07  -3.4681888e-06  2.8037093e-05  2.1118354e-05  0.0000000   0.00011533672  -0.00053696420  0.0030671657  1.7330283e-05  0.0016464183  0.00023908891  7.1076052e-06  4.9193221e-07  
-7.8652911e-06  9.9357017e-07  1.2071993e-05  -1.2665449e-06  7.1333956e-06  -0.00013011843  -0.0016464183  -8.2272477e-06  -0.00011533672  0.0000000   5.9216208e-06  3.4643908e-05  -0.0010587750  -2.8037093e-05  -7.4265010e-05  -0.00010533596  2.2441781e-05  
1.2093124e-05  -5.4533511e-06  4.0624403e-06  4.3916988e-07  8.4326808e-07  0.00010533596  -1.8043049e-05  -0.0030671657  0.00053696420  -5.9216208e-06  0.0000000   -2.1118354e-05  2.7459302e-06  9.2523717e-05  -7.4914571e-05  0.00013011843  -2.2600838e-06  
8.4032057e-05  9.8404484e-07  -5.4533511e-06  6.7284097e-07  -1.2153168e-07  -1.8914353e-05  0.00010533596  0.00053667386  -0.0030671657  -3.4643908e-05  2.1118354e-05  0.0000000   -4.2002528e-06  -7.8358755e-06  -5.6548819e-07  0.0016464183  0.00023908891  
-5.2491091e-06  1.3614184e-06  1.8393419e-05  -5.4681309e-06  -1.2665449e-06  2.2600838e-06  -0.00023908891  -5.6110414e-07  -1.7330283e-05  0.0010587750  -2.7459302e-06  4.2002528e-06  0.0000000   7.3101008e-05  -2.8037093e-05  -2.1225983e-05  -0.00010533596  
9.3788777e-05  -2.7323771e-06  -3.5510515e-07  9.1648175e-05  -6.6111453e-09  -9.9737534e-06  -0.00011557680  -0.00013011843  -0.0016464183  2.8037093e-05  -9.2523717e-05  7.8358755e-06  -7.3101008e-05  0.0000000   -0.0010587750  0.0030671657  2.2545234e-06  
0.00014169506  2.3818256e-06  2.8064044e-07  3.2206885e-07  9.1648175e-05  7.8219885e-07  -1.7394159e-05  2.2600838e-06  -0.00023908891  7.4265010e-05  7.4914571e-05  5.6548819e-07  2.8037093e-05  0.0010587750  0.0000000   1.7836789e-06  0.0030671657  
-0.00013102166  -4.2209504e-08  -1.0464572e-06  -5.4533511e-06  -5.1526136e-07  -3.5956615e-07  3.5868406e-05  9.3371983e-05  -7.1076052e-06  0.00010533596  -0.00013011843  -0.0016464183  2.1225983e-05  -0.0030671657  -1.7836789e-06  0.0000000   -0.0010587750  
-3.8966119e-06  -2.1335370e-07  -1.0011384e-06  2.3255757e-07  -5.4533511e-06  2.5327437e-06  5.1171035e-06  -7.4627963e-05  -4.9193221e-07  -2.2441781e-05  2.2600838e-06  -0.00023908891  0.00010533596  -2.2545234e-06  -0.0030671657  0.0010587750  0.0000000   
