0.0000000   -6.6292937e-06  -6.7430582e-05  -5.6747369e-05  -2.2617892e-07  1.2147968e-05  4.4844474e-06  3.4136081e-07  2.4776728e-06  6.2240858e-06  -7.7234231e-06  1.5792974e-05  -5.3437876e-06  -1.4943204e-05  1.5398759e-05  -3.7149793e-07  1.3144831e-05  
6.6292937e-06  0.0000000   -0.0016605860  -0.0011664858  -0.00040095060  -0.00020798891  8.5788812e-05  -6.2589354e-07  3.4370144e-07  -5.3784559e-07  -7.5023416e-07  -1.7558132e-06  3.7525114e-05  1.7699847e-06  -1.2246270e-06  7.5941060e-09  -8.7448778e-07  
6.7430582e-05  0.0016605860  0.0000000   0.0020993280  -0.0021756398  -4.1288661e-07  2.8648892e-07  -0.00020798891  1.5148107e-06  8.5788812e-05  7.4401077e-07  -7.9999557e-07  -6.0389071e-08  -1.0082511e-06  3.7525114e-05  3.8428988e-07  -1.9517276e-07  
5.6747369e-05  0.0011664858  -0.0020993280  0.0000000   -0.0027891585  8.6726211e-07  -1.0871431e-07  8.8663328e-07  -0.00020798891  -1.0028655e-06  -1.4474190e-06  8.5788812e-05  -3.2709988e-07  -4.4320511e-07  -9.7951847e-08  3.7525114e-05  4.3792954e-07  
2.2617892e-07  0.00040095060  0.0021756398  0.0027891585  0.0000000   -1.1849286e-06  6.0253293e-07  1.5386444e-06  -2.9757079e-07  -3.4052113e-07  -0.00020798891  5.6286719e-07  1.8752303e-07  8.5788812e-05  -1.8621055e-07  3.3298186e-08  3.7525114e-05  
-1.2147968e-05  0.00020798891  4.1288661e-07  -8.6726211e-07  1.1849286e-06  0.0000000   0.00050047389  -0.0016605860  -0.0011664858  8.1979828e-07  -0.00040095060  -1.8657687e-06  -0.00020659478  3.3874796e-06  -4.6914344e-07  5.5050112e-07  -1.4226419e-06  
-4.4844474e-06  -8.5788812e-05  -2.8648892e-07  1.0871431e-07  -6.0253293e-07  -0.00050047389  0.0000000   -6.9210800e-07  1.8896796e-06  -0.0016605860  -3.2175015e-06  -0.0011664858  0.00068557978  -0.00040095060  8.8341795e-07  -2.6955955e-06  4.3930003e-06  
-3.4136081e-07  6.2589354e-07  0.00020798891  -8.8663328e-07  -1.5386444e-06  0.0016605860  6.9210800e-07  0.0000000   0.0020993280  0.00050047389  -0.0021756398  -3.3458555e-06  -1.6205147e-07  -2.7489343e-06  -0.00020659478  1.5102776e-06  9.6858992e-07  
-2.4776728e-06  -3.4370144e-07  -1.5148107e-06  0.00020798891  2.9757079e-07  0.0011664858  -1.8896796e-06  -0.0020993280  0.0000000   -3.2411713e-06  -0.0027891585  0.00050047389  8.7212518e-07  1.9863917e-06  1.1568587e-06  -0.00020659478  -1.0257350e-06  
-6.2240858e-06  5.3784559e-07  -8.5788812e-05  1.0028655e-06  3.4052113e-07  -8.1979828e-07  0.0016605860  -0.00050047389  3.2411713e-06  0.0000000   2.9248421e-06  0.0020993280  1.2012151e-06  -0.0021756398  0.00068557978  -4.3580789e-06  -4.1654025e-06  
7.7234231e-06  7.5023416e-07  -7.4401077e-07  1.4474190e-06  0.00020798891  0.00040095060  3.2175015e-06  0.0021756398  0.0027891585  -2.9248421e-06  0.0000000   1.7825131e-06  -1.2988180e-06  0.00050047389  1.2857322e-06  -4.8194566e-07  -0.00020659478  
-1.5792974e-05  1.7558132e-06  7.9999557e-07  -8.5788812e-05  -5.6286719e-07  1.8657687e-06  0.0011664858  3.3458555e-06  -0.00050047389  -0.0020993280  -1.7825131e-06  0.0000000   -2.3939847e-06  -0.0027891585  -4.6978809e-06  0.00068557978  2.2701559e-06  
5.3437876e-06  -3.7525114e-05  6.0389071e-08  3.2709988e-07  -1.8752303e-07  0.00020659478  -0.00068557978  1.6205147e-07  -8.7212518e-07  -1.2012151e-06  1.2988180e-06  2.3939847e-06  0.0000000   -4.4683036e-06  -0.0016605860  -0.0011664858  -0.00040095060  
1.4943204e-05  -1.7699847e-06  1.0082511e-06  4.4320511e-07  -8.5788812e-05  -3.3874796e-06  0.00040095060  2.7489343e-06  -1.9863917e-06  0.0021756398  -0.00050047389  0.0027891585  4.4683036e-06  0.0000000   -3.8185082e-06  2.9944341e-06  0.00068557978  
-1.5398759e-05  1.2246270e-06  -3.7525114e-05  9.7951847e-08  1.8621055e-07  4.6914344e-07  -8.8341795e-07  0.00020659478  -1.1568587e-06  -0.00068557978  -1.2857322e-06  4.6978809e-06  0.0016605860  3.8185082e-06  0.0000000   0.0020993280  -0.0021756398  
3.7149793e-07  -7.5941060e-09  -3.8428988e-07  -3.7525114e-05  -3.3298186e-08  -5.5050112e-07  2.6955955e-06  -1.5102776e-06  0.00020659478  4.3580789e-06  4.8194566e-07  -0.00068557978  0.0011664858  -2.9944341e-06  -0.0020993280  0.0000000   -0.0027891585  
-1.3144831e-05  8.7448778e-07  1.9517276e-07  -4.3792954e-07  -3.7525114e-05  1.4226419e-06  -4.3930003e-06  -9.6858992e-07  1.0257350e-06  4.1654025e-06  0.00020659478  -2.2701559e-06  0.00040095060  -0.00068557978  0.0021756398  0.0027891585  0.0000000   
