0.0000000   0.00037048184  -0.0017322748  -0.0015783946  -8.4701261e-05  0.00014285068  3.8714785e-05  0.00019352600  1.3074056e-05  4.5734929e-05  6.8509261e-06  7.6246807e-06  -4.6481078e-05  2.8929946e-06  0.00014149559  -4.4522773e-05  -1.1119998e-06  
-0.00037048184  0.0000000   3.2870944e-05  0.00022766625  -0.00035885566  -1.0411380e-05  3.1879251e-06  -8.5538090e-06  -4.8705345e-06  2.7445681e-06  2.0782632e-06  0.00025620285  -0.00010852391  -2.9315176e-06  1.4364104e-07  5.1743215e-06  -7.9486310e-07  
0.0017322748  -3.2870944e-05  0.0000000   -0.00071248695  -8.8382314e-05  4.6038247e-06  -1.0411380e-05  3.5827735e-06  1.8787881e-05  -8.5538090e-06  -2.4022268e-07  -0.00011736853  0.00025620285  1.0123410e-05  5.1864426e-07  7.1178181e-07  6.0391353e-06  
0.0015783946  -0.00022766625  0.00071248695  0.0000000   -4.5711988e-05  1.2110542e-06  -2.4101073e-06  1.4291708e-06  -1.0411380e-05  -5.9271130e-06  -1.2691522e-07  -2.3216430e-06  -1.9594450e-06  -8.5538090e-06  5.7722037e-07  0.00025620285  -1.5280658e-06  
8.4701261e-05  0.00035885566  8.8382314e-05  4.5711988e-05  0.0000000   -7.3322106e-06  -2.5380498e-06  -9.9083534e-06  -3.4957806e-07  -2.9627064e-06  -1.0411380e-05  -3.9051383e-06  1.7775606e-05  -4.7265621e-07  -8.5538090e-06  9.3774301e-06  0.00025620285  
-0.00014285068  1.0411380e-05  -4.6038247e-06  -1.2110542e-06  7.3322106e-06  0.0000000   3.2870944e-05  -0.00046265897  0.00022766625  0.00019773042  -0.00035885566  4.0453421e-06  -2.4814014e-06  -9.1291315e-06  5.6726857e-06  -5.5871971e-06  9.4989684e-06  
-3.8714785e-05  -3.1879251e-06  1.0411380e-05  2.4101073e-06  2.5380498e-06  -3.2870944e-05  0.0000000   0.00019789142  -0.00071248695  -0.00046265897  -8.8382314e-05  -7.4539978e-07  4.0453421e-06  2.2184100e-06  -2.8871446e-05  1.7208694e-05  2.6248061e-06  
-0.00019352600  8.5538090e-06  -3.5827735e-06  -1.4291708e-06  9.9083534e-06  0.00046265897  -0.00019789142  0.0000000   6.9552158e-06  3.2870944e-05  -5.4764802e-06  1.0046349e-05  -3.7515758e-06  0.00022766625  -0.00035885566  3.2839832e-06  -4.1477430e-06  
-1.3074056e-05  4.8705345e-06  -1.8787881e-05  1.0411380e-05  3.4957806e-07  -0.00022766625  0.00071248695  -6.9552158e-06  0.0000000   2.2732231e-06  -4.5711988e-05  5.7305704e-06  -1.7715611e-05  -0.00046265897  -1.2573386e-05  4.0453421e-06  1.2975505e-06  
-4.5734929e-05  -2.7445681e-06  8.5538090e-06  5.9271130e-06  2.9627064e-06  -0.00019773042  0.00046265897  -3.2870944e-05  -2.2732231e-06  0.0000000   2.9059312e-05  -4.5587443e-06  1.0046349e-05  -0.00071248695  -8.8382314e-05  -1.0296768e-05  -3.7196824e-07  
-6.8509261e-06  -2.0782632e-06  2.4022268e-07  1.2691522e-07  1.0411380e-05  0.00035885566  8.8382314e-05  5.4764802e-06  4.5711988e-05  -2.9059312e-05  0.0000000   -8.7355119e-06  -1.8885213e-06  -1.3815041e-05  -0.00046265897  -9.9394210e-07  4.0453421e-06  
-7.6246807e-06  -0.00025620285  0.00011736853  2.3216430e-06  3.9051383e-06  -4.0453421e-06  7.4539978e-07  -1.0046349e-05  -5.7305704e-06  4.5587443e-06  8.7355119e-06  0.0000000   3.2870944e-05  3.0458296e-06  -5.6780057e-06  0.00022766625  -0.00035885566  
4.6481078e-05  0.00010852391  -0.00025620285  1.9594450e-06  -1.7775606e-05  2.4814014e-06  -4.0453421e-06  3.7515758e-06  1.7715611e-05  -1.0046349e-05  1.8885213e-06  -3.2870944e-05  0.0000000   -1.0055319e-05  -1.9328036e-06  -0.00071248695  -8.8382314e-05  
-2.8929946e-06  2.9315176e-06  -1.0123410e-05  8.5538090e-06  4.7265621e-07  9.1291315e-06  -2.2184100e-06  -0.00022766625  0.00046265897  0.00071248695  1.3815041e-05  -3.0458296e-06  1.0055319e-05  0.0000000   -4.5711988e-05  1.0046349e-05  -3.4317752e-07  
-0.00014149559  -1.4364104e-07  -5.1864426e-07  -5.7722037e-07  8.5538090e-06  -5.6726857e-06  2.8871446e-05  0.00035885566  1.2573386e-05  8.8382314e-05  0.00046265897  5.6780057e-06  1.9328036e-06  4.5711988e-05  0.0000000   8.1331253e-07  1.0046349e-05  
4.4522773e-05  -5.1743215e-06  -7.1178181e-07  -0.00025620285  -9.3774301e-06  5.5871971e-06  -1.7208694e-05  -3.2839832e-06  -4.0453421e-06  1.0296768e-05  9.9394210e-07  -0.00022766625  0.00071248695  -1.0046349e-05  -8.1331253e-07  0.0000000   -4.5711988e-05  
1.1119998e-06  7.9486310e-07  -6.0391353e-06  1.5280658e-06  -0.00025620285  -9.4989684e-06  -2.6248061e-06  4.1477430e-06  -1.2975505e-06  3.7196824e-07  -4.0453421e-06  0.00035885566  8.8382314e-05  3.4317752e-07  -1.0046349e-05  4.5711988e-05  0.0000000   
