0.0000000   -0.0017953497  0.0010224631  -5.0170610e-05  0.00044916028  0.00035702268  0.00032896848  0.00019105936  -3.1300160e-05  9.0426425e-05  -0.00023634934  2.8017306e-05  -6.5760793e-05  0.00013658446  -1.7952221e-07  -0.00037604796  -0.00026122543  
0.0017953497  0.0000000   -0.0043324054  0.0011905231  0.00017928044  9.2182263e-05  -1.1733957e-06  -4.2570151e-05  9.9019965e-08  1.8672446e-06  5.5078562e-07  -1.9515658e-05  -6.1958165e-08  9.1266462e-07  1.4655638e-06  3.9220882e-07  2.5207271e-06  
-0.0010224631  0.0043324054  0.0000000   -0.0039325699  0.00034427596  9.2186025e-07  9.2182263e-05  8.2540810e-07  -4.2570151e-05  -2.0813361e-06  1.4631079e-07  1.2198177e-06  9.5678444e-08  -1.9515658e-05  -3.6131024e-07  2.2463424e-06  1.0727745e-06  
5.0170610e-05  -0.0011905231  0.0039325699  0.0000000   0.0026952670  3.1247446e-06  4.0893245e-06  1.7710866e-07  1.0238740e-06  9.2182263e-05  -4.2570151e-05  -3.5120613e-07  7.1686851e-07  1.5874572e-06  9.2064052e-07  -1.9515658e-05  -1.1835035e-06  
-0.00044916028  -0.00017928044  -0.00034427596  -0.0026952670  0.0000000   5.0030539e-07  -1.3413448e-06  1.8346431e-07  -1.5773637e-07  -1.1363076e-06  -8.6561471e-07  2.4278247e-07  9.2182263e-05  -4.9640874e-07  -4.2570151e-05  -1.8399198e-07  -1.9515658e-05  
-0.00035702268  -9.2182263e-05  -9.2186025e-07  -3.1247446e-06  -5.0030539e-07  0.0000000   -0.0043324054  0.0015564704  9.4150443e-06  0.0011905231  2.2637806e-05  -0.00015505127  0.00017928044  6.1183638e-06  3.2198005e-06  -3.7867957e-06  -7.2375986e-07  
-0.00032896848  1.1733957e-06  -9.2182263e-05  -4.0893245e-06  1.3413448e-06  0.0043324054  0.0000000   8.6654526e-06  0.0015564704  -0.0039325699  6.0400702e-06  -8.2433326e-06  0.00034427596  -0.00015505127  -1.4081223e-05  6.2599636e-06  2.9400332e-07  
-0.00019105936  4.2570151e-05  -8.2540810e-07  -1.7710866e-07  -1.8346431e-07  -0.0015564704  -8.6654526e-06  0.0000000   -0.0043324054  -2.2906442e-05  0.0011905231  -0.0011322542  -3.4604367e-06  -7.7916765e-06  0.00017928044  -1.5765983e-05  -2.4886356e-06  
3.1300160e-05  -9.9019965e-08  4.2570151e-05  -1.0238740e-06  1.5773637e-07  -9.4150443e-06  -0.0015564704  0.0043324054  0.0000000   -4.7595008e-06  -0.0039325699  -5.6402611e-06  1.3616795e-05  -0.0011322542  0.00034427596  -5.1965214e-06  9.8523115e-06  
-9.0426425e-05  -1.8672446e-06  2.0813361e-06  -9.2182263e-05  1.1363076e-06  -0.0011905231  0.0039325699  2.2906442e-05  4.7595008e-06  0.0000000   0.0015564704  -8.8336750e-08  0.0026952670  -7.5412784e-06  6.4237117e-07  -0.00015505127  -4.9836704e-06  
0.00023634934  -5.5078562e-07  -1.4631079e-07  4.2570151e-05  8.6561471e-07  -2.2637806e-05  -6.0400702e-06  -0.0011905231  0.0039325699  -0.0015564704  0.0000000   -1.6848968e-05  -1.7064752e-06  -2.9088747e-06  0.0026952670  -0.0011322542  -7.7636489e-08  
-2.8017306e-05  1.9515658e-05  -1.2198177e-06  3.5120613e-07  -2.4278247e-07  0.00015505127  8.2433326e-06  0.0011322542  5.6402611e-06  8.8336750e-08  1.6848968e-05  0.0000000   9.5577271e-08  -0.0043324054  2.5950798e-06  0.0011905231  0.00017928044  
6.5760793e-05  6.1958165e-08  -9.5678444e-08  -7.1686851e-07  -9.2182263e-05  -0.00017928044  -0.00034427596  3.4604367e-06  -1.3616795e-05  -0.0026952670  1.7064752e-06  -9.5577271e-08  0.0000000   2.0137329e-06  0.0015564704  4.7040340e-06  -0.00015505127  
-0.00013658446  -9.1266462e-07  1.9515658e-05  -1.5874572e-06  4.9640874e-07  -6.1183638e-06  0.00015505127  7.7916765e-06  0.0011322542  7.5412784e-06  2.9088747e-06  0.0043324054  -2.0137329e-06  0.0000000   -1.0044161e-05  -0.0039325699  0.00034427596  
1.7952221e-07  -1.4655638e-06  3.6131024e-07  -9.2064052e-07  4.2570151e-05  -3.2198005e-06  1.4081223e-05  -0.00017928044  -0.00034427596  -6.4237117e-07  -0.0026952670  -2.5950798e-06  -0.0015564704  1.0044161e-05  0.0000000   -1.7251489e-06  -0.0011322542  
0.00037604796  -3.9220882e-07  -2.2463424e-06  1.9515658e-05  1.8399198e-07  3.7867957e-06  -6.2599636e-06  1.5765983e-05  5.1965214e-06  0.00015505127  0.0011322542  -0.0011905231  -4.7040340e-06  0.0039325699  1.7251489e-06  0.0000000   0.0026952670  
0.00026122543  -2.5207271e-06  -1.0727745e-06  1.1835035e-06  1.9515658e-05  7.2375986e-07  -2.9400332e-07  2.4886356e-06  -9.8523115e-06  4.9836704e-06  7.7636489e-08  -0.00017928044  0.00015505127  -0.00034427596  0.0011322542  -0.0026952670  0.0000000   
