0.0000000   1.5568055e-05  0.00025031033  -0.00085269496  6.9377744e-05  1.2983862e-05  0.00011474709  0.00026971024  -2.0807074e-06  2.1183159e-05  0.00013259766  3.1583698e-06  0.00037274070  3.5147160e-05  6.0916359e-06  4.1427738e-05  7.3197181e-05  
-1.5568055e-05  0.0000000   -6.8920092e-06  2.7289309e-05  -3.2447296e-05  -0.00018443215  -2.9988585e-06  -4.8911759e-06  2.3188540e-07  -2.2135348e-05  -8.9108864e-06  -1.8003127e-07  -1.8452531e-05  -7.3763110e-07  -3.1381938e-07  -2.3740696e-06  -3.7087029e-06  
-0.00025031033  6.8920092e-06  0.0000000   0.00027241948  -0.0011861388  1.1949360e-05  2.9186598e-07  -0.00018443215  -2.9988585e-06  4.4433371e-06  2.3537595e-07  -7.7514835e-08  -1.9045521e-07  -2.2135348e-05  -1.6093177e-06  2.4915966e-07  -6.9462871e-07  
0.00085269496  -2.7289309e-05  -0.00027241948  0.0000000   -0.00059415876  -1.1699146e-05  6.3042130e-08  1.5432665e-07  -7.8356795e-08  -1.1555691e-05  -0.00018443215  -2.9988585e-06  -4.5611545e-07  -1.6622022e-08  -4.3739778e-06  -2.2135348e-05  -4.7906536e-07  
-6.9377744e-05  3.2447296e-05  0.0011861388  0.00059415876  0.0000000   1.6902348e-06  1.4554328e-07  6.4434924e-07  2.4836437e-06  1.0602412e-06  4.8327901e-07  1.0864984e-06  -0.00018443215  8.0032487e-07  -2.9988585e-06  4.4514394e-07  -2.2135348e-05  
-1.2983862e-05  0.00018443215  -1.1949360e-05  1.1699146e-05  -1.6902348e-06  0.0000000   4.1408079e-06  -6.8920092e-06  5.7022428e-08  -0.00059174404  2.7289309e-05  -9.9582550e-07  -3.2447296e-05  2.8783154e-05  1.1142789e-06  -7.0183273e-06  1.9645866e-06  
-0.00011474709  2.9988585e-06  -2.9186598e-07  -6.3042130e-08  -1.4554328e-07  -4.1408079e-06  0.0000000   4.4919873e-07  -6.8920092e-06  -3.1579077e-06  -1.0196689e-06  2.7289309e-05  1.2709238e-06  2.8704137e-08  -3.2447296e-05  4.0975103e-07  -4.7662365e-07  
-0.00026971024  4.8911759e-06  0.00018443215  -1.5432665e-07  -6.4434924e-07  6.8920092e-06  -4.4919873e-07  0.0000000   4.1408079e-06  3.2777425e-05  0.00027241948  -1.0412104e-05  -0.0011861388  -0.00059174404  4.3230604e-05  1.0546071e-07  -1.6609232e-06  
2.0807074e-06  -2.3188540e-07  2.9988585e-06  7.8356795e-08  -2.4836437e-06  -5.7022428e-08  6.8920092e-06  -4.1408079e-06  0.0000000   2.5034869e-07  -9.6241079e-06  0.00027241948  4.2457027e-05  -3.1579077e-06  -0.0011861388  4.3562771e-06  -1.8825703e-05  
-2.1183159e-05  2.2135348e-05  -4.4433371e-06  1.1555691e-05  -1.0602412e-06  0.00059174404  3.1579077e-06  -3.2777425e-05  -2.5034869e-07  0.0000000   4.8455391e-06  3.7130307e-07  -7.7866855e-06  -6.8920092e-06  -5.3458643e-07  2.7289309e-05  -3.2447296e-05  
-0.00013259766  8.9108864e-06  -2.3537595e-07  0.00018443215  -4.8327901e-07  -2.7289309e-05  1.0196689e-06  -0.00027241948  9.6241079e-06  -4.8455391e-06  0.0000000   4.1408079e-06  -0.00059415876  -4.9323439e-07  2.1642276e-05  -0.00059174404  -3.0917669e-07  
-3.1583698e-06  1.8003127e-07  7.7514835e-08  2.9988585e-06  -1.0864984e-06  9.9582550e-07  -2.7289309e-05  1.0412104e-05  -0.00027241948  -3.7130307e-07  -4.1408079e-06  0.0000000   2.2147843e-05  -4.2416760e-06  -0.00059415876  -3.1579077e-06  -9.2549898e-06  
-0.00037274070  1.8452531e-05  1.9045521e-07  4.5611545e-07  0.00018443215  3.2447296e-05  -1.2709238e-06  0.0011861388  -4.2457027e-05  7.7866855e-06  0.00059415876  -2.2147843e-05  0.0000000   6.0537126e-07  4.1408079e-06  8.6925293e-07  -0.00059174404  
-3.5147160e-05  7.3763110e-07  2.2135348e-05  1.6622022e-08  -8.0032487e-07  -2.8783154e-05  -2.8704137e-08  0.00059174404  3.1579077e-06  6.8920092e-06  4.9323439e-07  4.2416760e-06  -6.0537126e-07  0.0000000   -1.8733827e-05  0.00027241948  -0.0011861388  
-6.0916359e-06  3.1381938e-07  1.6093177e-06  4.3739778e-06  2.9988585e-06  -1.1142789e-06  3.2447296e-05  -4.3230604e-05  0.0011861388  5.3458643e-07  -2.1642276e-05  0.00059415876  -4.1408079e-06  1.8733827e-05  0.0000000   9.3008668e-06  -3.1579077e-06  
-4.1427738e-05  2.3740696e-06  -2.4915966e-07  2.2135348e-05  -4.4514394e-07  7.0183273e-06  -4.0975103e-07  -1.0546071e-07  -4.3562771e-06  -2.7289309e-05  0.00059174404  3.1579077e-06  -8.6925293e-07  -0.00027241948  -9.3008668e-06  0.0000000   -0.00059415876  
-7.3197181e-05  3.7087029e-06  6.9462871e-07  4.7906536e-07  2.2135348e-05  -1.9645866e-06  4.7662365e-07  1.6609232e-06  1.8825703e-05  3.2447296e-05  3.0917669e-07  9.2549898e-06  0.00059174404  0.0011861388  3.1579077e-06  0.00059415876  0.0000000   
