0.0000000   -0.0018080358  -9.2984026e-05  -0.0018182586  0.00034813614  -1.6000801e-05  -0.00016501643  2.5783998e-05  -6.4964329e-06  6.1030597e-05  -7.7198048e-05  -0.00025908921  0.00033453892  -7.0000971e-05  3.3800046e-06  8.1030765e-05  -1.9085369e-05  
0.0018080358  0.0000000   -2.4892719e-05  0.0010503806  -0.00021493061  -2.9922788e-06  0.00011816274  4.0425810e-07  -9.7464247e-06  -8.9469371e-05  -9.5757846e-06  1.7639139e-07  2.2381725e-06  1.1460845e-05  2.7327498e-06  2.4485204e-06  1.5951366e-05  
9.2984026e-05  2.4892719e-05  0.0000000   3.0382483e-05  -0.00032440005  7.6627440e-07  -6.8150895e-07  -2.9922788e-06  0.00011816274  3.9387823e-06  4.0776458e-06  1.8538230e-05  -2.1132871e-05  5.1238780e-06  -8.9469371e-05  -1.6709797e-06  1.4081136e-06  
0.0018182586  -0.0010503806  -3.0382483e-05  0.0000000   -2.7286199e-05  1.6629870e-05  2.6734847e-06  5.0717791e-08  -3.5524797e-06  -5.1170369e-07  -2.9922788e-06  -7.7691948e-07  0.00011816274  4.9395881e-05  -1.9639645e-06  -8.9469371e-05  -1.1949674e-05  
-0.00034813614  0.00021493061  0.00032440005  2.7286199e-05  0.0000000   -2.9518038e-06  9.1189694e-06  -5.6326483e-06  6.2703531e-07  -5.0396682e-06  -1.7552273e-07  -2.9922788e-06  3.0106363e-05  0.00011816274  3.0348476e-07  -3.4326617e-05  -8.9469371e-05  
1.6000801e-05  2.9922788e-06  -7.6627440e-07  -1.6629870e-05  2.9518038e-06  0.0000000   6.1838107e-06  -2.4892719e-05  -3.0893136e-06  7.5132713e-05  0.0010503806  -0.00021493061  0.00010952752  -2.2129564e-05  -5.6663369e-06  -1.4475881e-05  5.7273845e-06  
0.00016501643  -0.00011816274  6.8150895e-07  -2.6734847e-06  -9.1189694e-06  -6.1838107e-06  0.0000000   -2.1346434e-06  -2.4892719e-05  -0.0012118505  0.00010984835  -2.2643319e-05  0.0010503806  -0.00021493061  9.6242718e-05  -1.2276031e-05  -3.7534722e-05  
-2.5783998e-05  -4.0425810e-07  2.9922788e-06  -5.0717791e-08  5.6326483e-06  2.4892719e-05  2.1346434e-06  0.0000000   6.1838107e-06  -6.3786805e-06  3.0382483e-05  -0.00032440005  2.9205720e-06  -3.3817265e-05  7.5132713e-05  -2.5953775e-06  4.8828662e-06  
6.4964329e-06  9.7464247e-06  -0.00011816274  3.5524797e-06  -6.2703531e-07  3.0893136e-06  2.4892719e-05  -6.1838107e-06  0.0000000   9.6618154e-05  3.3710690e-06  -3.3750754e-05  3.0382483e-05  -0.00032440005  -0.0012118505  3.3851863e-05  -6.7097419e-06  
-6.1030597e-05  8.9469371e-05  -3.9387823e-06  5.1170369e-07  5.0396682e-06  -7.5132713e-05  0.0012118505  6.3786805e-06  -9.6618154e-05  0.0000000   -1.6295691e-05  6.0374086e-07  1.1775424e-05  3.9156711e-05  -2.4892719e-05  0.0010503806  -0.00021493061  
7.7198048e-05  9.5757846e-06  -4.0776458e-06  2.9922788e-06  1.7552273e-07  -0.0010503806  -0.00010984835  -3.0382483e-05  -3.3710690e-06  1.6295691e-05  0.0000000   -2.7286199e-05  6.1838107e-06  -6.0558579e-07  -1.8339077e-06  7.5132713e-05  2.7310463e-05  
0.00025908921  -1.7639139e-07  -1.8538230e-05  7.7691948e-07  2.9922788e-06  0.00021493061  2.2643319e-05  0.00032440005  3.3750754e-05  -6.0374086e-07  2.7286199e-05  0.0000000   4.7520916e-06  6.1838107e-06  -4.9278636e-06  2.6085640e-05  7.5132713e-05  
-0.00033453892  -2.2381725e-06  2.1132871e-05  -0.00011816274  -3.0106363e-05  -0.00010952752  -0.0010503806  -2.9205720e-06  -3.0382483e-05  -1.1775424e-05  -6.1838107e-06  -4.7520916e-06  0.0000000   -2.7286199e-05  3.4699386e-05  -0.0012118505  -0.00042562655  
7.0000971e-05  -1.1460845e-05  -5.1238780e-06  -4.9395881e-05  -0.00011816274  2.2129564e-05  0.00021493061  3.3817265e-05  0.00032440005  -3.9156711e-05  6.0558579e-07  -6.1838107e-06  2.7286199e-05  0.0000000   -7.2122421e-06  -0.00042167711  -0.0012118505  
-3.3800046e-06  -2.7327498e-06  8.9469371e-05  1.9639645e-06  -3.0348476e-07  5.6663369e-06  -9.6242718e-05  -7.5132713e-05  0.0012118505  2.4892719e-05  1.8339077e-06  4.9278636e-06  -3.4699386e-05  7.2122421e-06  0.0000000   3.0382483e-05  -0.00032440005  
-8.1030765e-05  -2.4485204e-06  1.6709797e-06  8.9469371e-05  3.4326617e-05  1.4475881e-05  1.2276031e-05  2.5953775e-06  -3.3851863e-05  -0.0010503806  -7.5132713e-05  -2.6085640e-05  0.0012118505  0.00042167711  -3.0382483e-05  0.0000000   -2.7286199e-05  
1.9085369e-05  -1.5951366e-05  -1.4081136e-06  1.1949674e-05  8.9469371e-05  -5.7273845e-06  3.7534722e-05  -4.8828662e-06  6.7097419e-06  0.00021493061  -2.7310463e-05  -7.5132713e-05  0.00042562655  0.0012118505  0.00032440005  2.7286199e-05  0.0000000   
