0.0000000   -5.8559019e-05  -3.6629091e-05  -0.00031004070  5.4194067e-06  1.6738833e-05  4.5716250e-05  -5.9403710e-06  9.5819493e-06  0.00025564762  -2.8841253e-07  0.00010345786  3.1419899e-06  4.9817250e-05  8.8974279e-06  -9.3690628e-06  0.00017981847  
5.8559019e-05  0.0000000   0.0025715811  3.7599642e-05  0.00065369047  8.2099771e-06  -3.1792071e-05  0.00014127977  1.8398065e-06  -7.1581984e-06  -2.0104824e-07  4.3790652e-06  -8.2961507e-06  -1.2893728e-06  6.8481848e-07  -1.0676170e-07  5.2280398e-06  
3.6629091e-05  -0.0025715811  0.0000000   3.4046941e-05  0.00043620856  3.2330314e-05  8.2099771e-06  -2.2047636e-06  0.00014127977  -1.1732022e-05  1.2684978e-07  -7.1581984e-06  -5.7322221e-06  2.7809968e-06  -3.1186360e-07  1.4483096e-07  -6.8489957e-06  
0.00031004070  -3.7599642e-05  -3.4046941e-05  0.0000000   6.5937731e-06  3.9935472e-07  4.5202089e-07  -5.1796128e-06  1.1514835e-06  -2.2217814e-10  8.2099771e-06  -3.5480105e-07  -1.5978121e-07  0.00014127977  -2.1347252e-06  -7.1581984e-06  -1.1094511e-07  
-5.4194067e-06  -0.00065369047  -0.00043620856  -6.5937731e-06  0.0000000   8.3072623e-06  5.3597363e-06  -3.3166447e-07  -5.2420069e-07  -1.6979820e-06  3.0728507e-09  -7.8194609e-07  8.2099771e-06  -9.7613876e-07  0.00014127977  8.0577352e-08  -7.1581984e-06  
-1.6738833e-05  -8.2099771e-06  -3.2330314e-05  -3.9935472e-07  -8.3072623e-06  0.0000000   0.0025715811  1.3397269e-05  -0.00016375766  0.00035328417  3.7599642e-05  5.9629978e-06  0.00065369047  -2.6267048e-06  -4.1584547e-05  -6.5033626e-06  1.9058008e-06  
-4.5716250e-05  3.1792071e-05  -8.2099771e-06  -4.5202089e-07  -5.3597363e-06  -0.0025715811  0.0000000   0.00016433809  1.3397269e-05  -5.8556442e-06  3.4046941e-05  0.00035328417  0.00043620856  -1.7379261e-06  -2.7625730e-05  1.1951144e-05  4.4090119e-07  
5.9403710e-06  -0.00014127977  2.2047636e-06  5.1796128e-06  3.3166447e-07  -1.3397269e-05  -0.00016433809  0.0000000   0.0025715811  -1.3114463e-05  -2.1002027e-06  0.00018418682  -4.1718261e-05  3.7599642e-05  0.00065369047  3.0248285e-06  4.5560435e-05  
-9.5819493e-06  -1.8398065e-06  -0.00014127977  -1.1514835e-06  5.2420069e-07  0.00016375766  -1.3397269e-05  -0.0025715811  0.0000000   -0.00018797059  -2.6894566e-06  -1.3114463e-05  -2.7830911e-05  3.4046941e-05  0.00043620856  2.1189523e-06  2.9340781e-05  
-0.00025564762  7.1581984e-06  1.1732022e-05  2.2217814e-10  1.6979820e-06  -0.00035328417  5.8556442e-06  1.3114463e-05  0.00018797059  0.0000000   4.7439133e-06  0.0025715811  1.1160122e-06  2.5825613e-06  4.8214357e-05  3.7599642e-05  0.00065369047  
2.8841253e-07  2.0104824e-07  -1.2684978e-07  -8.2099771e-06  -3.0728507e-09  -3.7599642e-05  -3.4046941e-05  2.1002027e-06  2.6894566e-06  -4.7439133e-06  0.0000000   1.2562401e-05  6.5937731e-06  1.3397269e-05  -4.2313366e-07  0.00035328417  -4.3629862e-07  
-0.00010345786  -4.3790652e-06  7.1581984e-06  3.5480105e-07  7.8194609e-07  -5.9629978e-06  -0.00035328417  -0.00018418682  1.3114463e-05  -0.0025715811  -1.2562401e-05  0.0000000   1.4069692e-06  2.9314204e-06  3.1841221e-05  3.4046941e-05  0.00043620856  
-3.1419899e-06  8.2961507e-06  5.7322221e-06  1.5978121e-07  -8.2099771e-06  -0.00065369047  -0.00043620856  4.1718261e-05  2.7830911e-05  -1.1160122e-06  -6.5937731e-06  -1.4069692e-06  0.0000000   3.4820038e-07  1.3397269e-05  -1.8218178e-06  0.00035328417  
-4.9817250e-05  1.2893728e-06  -2.7809968e-06  -0.00014127977  9.7613876e-07  2.6267048e-06  1.7379261e-06  -3.7599642e-05  -3.4046941e-05  -2.5825613e-06  -1.3397269e-05  -2.9314204e-06  -3.4820038e-07  0.0000000   6.5937731e-06  -1.3114463e-05  4.6784470e-07  
-8.8974279e-06  -6.8481848e-07  3.1186360e-07  2.1347252e-06  -0.00014127977  4.1584547e-05  2.7625730e-05  -0.00065369047  -0.00043620856  -4.8214357e-05  4.2313366e-07  -3.1841221e-05  -1.3397269e-05  -6.5937731e-06  0.0000000   -3.6285306e-07  -1.3114463e-05  
9.3690628e-06  1.0676170e-07  -1.4483096e-07  7.1581984e-06  -8.0577352e-08  6.5033626e-06  -1.1951144e-05  -3.0248285e-06  -2.1189523e-06  -3.7599642e-05  -0.00035328417  -3.4046941e-05  1.8218178e-06  1.3114463e-05  3.6285306e-07  0.0000000   6.5937731e-06  
-0.00017981847  -5.2280398e-06  6.8489957e-06  1.1094511e-07  7.1581984e-06  -1.9058008e-06  -4.4090119e-07  -4.5560435e-05  -2.9340781e-05  -0.00065369047  4.3629862e-07  -0.00043620856  -0.00035328417  -4.6784470e-07  1.3114463e-05  -6.5937731e-06  0.0000000   
