0.0000000   0.0015588646  0.00041757303  7.5187889e-05  0.00053717266  6.6816458e-05  6.1593410e-05  1.1106984e-05  7.4252221e-05  -9.7315197e-06  -3.0074218e-07  -0.00011661929  -4.6828683e-06  4.0641365e-06  -5.9291222e-05  0.00029171802  -9.6360720e-06  
-0.0015588646  0.0000000   -0.0036443529  -0.00010315392  -0.0010318270  -0.00023134785  1.0420814e-06  6.1193737e-05  -6.2748911e-07  1.1781158e-05  1.0586081e-05  2.8846770e-07  9.8623706e-06  -3.4471315e-05  -5.6776596e-07  -1.2455335e-07  -4.3646753e-06  
-0.00041757303  0.0036443529  0.0000000   0.00011134719  -4.7184614e-05  -1.7852506e-06  -0.00023134785  3.2497032e-07  6.1193737e-05  1.0155725e-05  1.0119792e-06  -2.5330549e-07  2.6844105e-05  9.8623706e-06  4.6780807e-07  -1.0913926e-06  4.1265930e-07  
-7.5187889e-05  0.00010315392  -0.00011134719  0.0000000   -2.4954380e-05  1.4310483e-05  1.0998350e-05  -3.7463799e-06  -2.6646589e-06  -0.00023134785  6.1193737e-05  9.6822594e-06  6.2084981e-07  -1.6931471e-06  -2.8377358e-06  9.8623706e-06  -5.0330502e-07  
-0.00053717266  0.0010318270  4.7184614e-05  2.4954380e-05  0.0000000   -6.5173805e-07  -1.0053237e-06  -1.6681546e-07  6.4755414e-08  9.1810539e-06  2.3041625e-06  -0.00023134785  1.0772397e-05  -3.3952232e-06  6.1193737e-05  -4.7187056e-07  9.8623706e-06  
-6.6816458e-05  0.00023134785  1.7852506e-06  -1.4310483e-05  6.5173805e-07  0.0000000   -0.0036443529  -0.00061032927  -1.7516876e-06  -0.00010315392  3.7860351e-05  -0.0010318270  -9.5022795e-06  5.9975541e-05  -1.2205223e-06  2.2270525e-06  1.7204380e-05  
-6.1593410e-05  -1.0420814e-06  0.00023134785  -1.0998350e-05  1.0053237e-06  0.0036443529  0.0000000   -1.0948931e-06  -0.00061032927  0.00011134719  2.8981992e-05  -4.7184614e-05  -6.0019095e-05  -9.5022795e-06  -2.7584473e-06  -1.4571719e-06  8.3455648e-07  
-1.1106984e-05  -6.1193737e-05  -3.2497032e-07  3.7463799e-06  1.6681546e-07  0.00061032927  1.0948931e-06  0.0000000   -0.0036443529  -3.7289193e-05  -0.00010315392  9.4306985e-07  -6.5383635e-06  7.3851509e-05  -0.0010318270  2.7282579e-06  2.0931644e-05  
-7.4252221e-05  6.2748911e-07  -6.1193737e-05  2.6646589e-06  -6.4755414e-08  1.7516876e-06  0.00061032927  0.0036443529  0.0000000   -2.8508938e-05  0.00011134719  2.7549278e-06  -7.3396011e-05  -6.5383635e-06  -4.7184614e-05  -1.8647874e-06  1.0368101e-06  
9.7315197e-06  -1.1781158e-05  -1.0155725e-05  0.00023134785  -9.1810539e-06  0.00010315392  -0.00011134719  3.7289193e-05  2.8508938e-05  0.0000000   -0.00061032927  -2.4954380e-05  -1.2118732e-06  2.3634922e-06  2.6252167e-05  -9.5022795e-06  7.9504313e-07  
3.0074218e-07  -1.0586081e-05  -1.0119792e-06  -6.1193737e-05  -2.3041625e-06  -3.7860351e-05  -2.8981992e-05  0.00010315392  -0.00011134719  0.00061032927  0.0000000   -2.5271153e-05  -1.6529799e-06  2.5281384e-06  -2.4954380e-05  -6.5383635e-06  8.7667344e-07  
0.00011661929  -2.8846770e-07  2.5330549e-07  -9.6822594e-06  0.00023134785  0.0010318270  4.7184614e-05  -9.4306985e-07  -2.7549278e-06  2.4954380e-05  2.5271153e-05  0.0000000   -1.8014395e-05  -1.5401726e-08  -0.00061032927  -1.6823921e-07  -9.5022795e-06  
4.6828683e-06  -9.8623706e-06  -2.6844105e-05  -6.2084981e-07  -1.0772397e-05  9.5022795e-06  6.0019095e-05  6.5383635e-06  7.3396011e-05  1.2118732e-06  1.6529799e-06  1.8014395e-05  0.0000000   -0.0036443529  2.1395324e-05  -0.00010315392  -0.0010318270  
-4.0641365e-06  3.4471315e-05  -9.8623706e-06  1.6931471e-06  3.3952232e-06  -5.9975541e-05  9.5022795e-06  -7.3851509e-05  6.5383635e-06  -2.3634922e-06  -2.5281384e-06  1.5401726e-08  0.0036443529  0.0000000   5.7294793e-07  0.00011134719  -4.7184614e-05  
5.9291222e-05  5.6776596e-07  -4.6780807e-07  2.8377358e-06  -6.1193737e-05  1.2205223e-06  2.7584473e-06  0.0010318270  4.7184614e-05  -2.6252167e-05  2.4954380e-05  0.00061032927  -2.1395324e-05  -5.7294793e-07  0.0000000   -1.7088989e-07  -6.5383635e-06  
-0.00029171802  1.2455335e-07  1.0913926e-06  -9.8623706e-06  4.7187056e-07  -2.2270525e-06  1.4571719e-06  -2.7282579e-06  1.8647874e-06  9.5022795e-06  6.5383635e-06  1.6823921e-07  0.00010315392  -0.00011134719  1.7088989e-07  0.0000000   -2.4954380e-05  
9.6360720e-06  4.3646753e-06  -4.1265930e-07  5.0330502e-07  -9.8623706e-06  -1.7204380e-05  -8.3455648e-07  -2.0931644e-05  -1.0368101e-06  -7.9504313e-07  -8.7667344e-07  9.5022795e-06  0.0010318270  4.7184614e-05  6.5383635e-06  2.4954380e-05  0.0000000   
