0.0000000   -0.0053335448  0.00077881380  2.6467694e-05  7.9628395e-05  -0.00036004718  -3.7015838e-05  3.5341560e-05  -5.3901972e-06  3.5331333e-06  -4.9488268e-06  -2.0490146e-05  -0.00020584869  6.4777000e-05  2.7239379e-06  -8.3684724e-06  -0.00024307956  
0.0053335448  0.0000000   -0.0023024466  6.4603854e-05  -0.00017626361  5.4723408e-05  5.2388421e-06  2.1587178e-05  8.1815454e-05  -6.7459591e-06  -0.00012344102  3.2163765e-06  4.0325961e-06  4.0732753e-06  5.3201648e-05  -3.6109261e-05  2.4367169e-06  
-0.00077881380  0.0023024466  0.0000000   -1.1768532e-05  0.00028951532  -9.1114617e-07  5.4723408e-05  -1.4383286e-05  2.1587178e-05  2.2873110e-06  -5.3411204e-07  -1.8852035e-07  -0.00012344102  4.8349413e-07  -8.6118964e-06  2.3237809e-06  -3.0643547e-06  
-2.6467694e-05  -6.4603854e-05  1.1768532e-05  0.0000000   9.1232585e-08  -5.9714806e-06  4.7063268e-07  8.7342486e-07  -4.4107692e-08  5.4723408e-05  -1.5827109e-06  2.1587178e-05  -6.3946174e-06  -2.0941046e-06  -1.4937419e-06  -0.00012344102  2.9025947e-06  
-7.9628395e-05  0.00017626361  -0.00028951532  -9.1232585e-08  0.0000000   4.8270880e-08  -5.9140456e-07  -1.3000850e-06  -1.7107031e-07  -3.1355109e-06  -3.0001737e-08  -1.3387324e-06  -1.9467569e-08  5.4723408e-05  2.1587178e-05  7.8415750e-06  -0.00012344102  
0.00036004718  -5.4723408e-05  9.1114617e-07  5.9714806e-06  -4.8270880e-08  0.0000000   -0.0023024466  1.1364220e-05  -0.00030904701  6.4603854e-05  -0.00023898480  9.1602211e-06  -8.1531557e-06  -0.00017626361  -2.0491215e-05  -4.9897354e-06  -4.8533476e-07  
3.7015838e-05  -5.2388421e-06  -5.4723408e-05  -4.7063268e-07  5.9140456e-07  0.0023024466  0.0000000   0.00031438578  1.1364220e-05  -1.1768532e-05  9.9483017e-06  -1.3740436e-06  -0.00023898480  0.00028951532  3.9852229e-05  -5.4073130e-06  8.4748930e-07  
-3.5341560e-05  -2.1587178e-05  1.4383286e-05  -8.7342486e-07  1.3000850e-06  -1.1364220e-05  -0.00031438578  0.0000000   -0.0023024466  8.7550122e-06  5.4376580e-06  6.4603854e-05  -0.00013786585  -2.3469775e-05  -0.00017626361  4.0327703e-06  -1.2656804e-05  
5.3901972e-06  -8.1815454e-05  -2.1587178e-05  4.4107692e-08  1.7107031e-07  0.00030904701  -1.1364220e-05  0.0023024466  0.0000000   -1.8062652e-06  0.00013585143  -1.1768532e-05  5.4376580e-06  4.0397677e-05  0.00028951532  -7.3022141e-07  1.3705383e-05  
-3.5331333e-06  6.7459591e-06  -2.2873110e-06  -5.4723408e-05  3.1355109e-06  -6.4603854e-05  1.1768532e-05  -8.7550122e-06  1.8062652e-06  0.0000000   -3.1603047e-06  1.1364220e-05  -4.7723457e-06  9.1232585e-08  -7.0100254e-07  -0.00023898480  1.4530566e-05  
4.9488268e-06  0.00012344102  5.3411204e-07  1.5827109e-06  3.0001737e-08  0.00023898480  -9.9483017e-06  -5.4376580e-06  -0.00013585143  3.1603047e-06  0.0000000   3.7445942e-06  -0.0023024466  -7.6688337e-07  -1.0354889e-05  6.4603854e-05  -0.00017626361  
2.0490146e-05  -3.2163765e-06  1.8852035e-07  -2.1587178e-05  1.3387324e-06  -9.1602211e-06  1.3740436e-06  -6.4603854e-05  1.1768532e-05  -1.1364220e-05  -3.7445942e-06  0.0000000   7.0020885e-07  7.4235109e-07  9.1232585e-08  5.4376580e-06  -4.5274673e-07  
0.00020584869  -4.0325961e-06  0.00012344102  6.3946174e-06  1.9467569e-08  8.1531557e-06  0.00023898480  0.00013786585  -5.4376580e-06  4.7723457e-06  0.0023024466  -7.0020885e-07  0.0000000   1.2690650e-06  1.9127827e-05  -1.1768532e-05  0.00028951532  
-6.4777000e-05  -4.0732753e-06  -4.8349413e-07  2.0941046e-06  -5.4723408e-05  0.00017626361  -0.00028951532  2.3469775e-05  -4.0397677e-05  -9.1232585e-08  7.6688337e-07  -7.4235109e-07  -1.2690650e-06  0.0000000   1.1364220e-05  1.4602519e-05  -0.00023898480  
-2.7239379e-06  -5.3201648e-05  8.6118964e-06  1.4937419e-06  -2.1587178e-05  2.0491215e-05  -3.9852229e-05  0.00017626361  -0.00028951532  7.0100254e-07  1.0354889e-05  -9.1232585e-08  -1.9127827e-05  -1.1364220e-05  0.0000000   -3.9316196e-07  5.4376580e-06  
8.3684724e-06  3.6109261e-05  -2.3237809e-06  0.00012344102  -7.8415750e-06  4.9897354e-06  5.4073130e-06  -4.0327703e-06  7.3022141e-07  0.00023898480  -6.4603854e-05  -5.4376580e-06  1.1768532e-05  -1.4602519e-05  3.9316196e-07  0.0000000   9.1232585e-08  
0.00024307956  -2.4367169e-06  3.0643547e-06  -2.9025947e-06  0.00012344102  4.8533476e-07  -8.4748930e-07  1.2656804e-05  -1.3705383e-05  -1.4530566e-05  0.00017626361  4.5274673e-07  -0.00028951532  0.00023898480  -5.4376580e-06  -9.1232585e-08  0.0000000   
