{
 "cells": [
  {
   "cell_type": "markdown",
   "metadata": {},
   "source": [
    "![image info](./thumb0.PNG)"
   ]
  },
  {
   "cell_type": "markdown",
   "metadata": {},
   "source": [
    "## Table of contents<a name=\"toc\"></a>\n",
    "1. [Getting started](#intro)    \n",
    "\n",
    "2. [Importing Libra and other dependencies](#import)      \n",
    "\n",
    "3. [Kohn-Sham orbital basis](#kohn_sham)    \n",
    "\n",
    " 3.1.[Read in the Kohn-Sham data](#data_ks)    \n",
    " \n",
    "    *  3.1.1. [Sanity check](#sanity_ks)  \n",
    "    \n",
    "    *  3.1.2. [Using an active space](#active_sp_ks)  \n",
    "    \n",
    " 3.2. [Compute decoherence time in Kohn-Sham basis](#decoherence_ks)    \n",
    " \n",
    "    *  3.2.1. [Setting initial times](#initial_time_ks) | [Exercise1](#exercise1) \n",
    "    \n",
    " 3.3. [Plot decoherence time in Kohn-Sham basis](#plot_deco_ks) | [Exercise2](#exercise2)    \n",
    "\n",
    "4. [Slater determinant basis](#slater)    \n",
    "\n",
    " 4.1.[Read in the Slater determinant data](#data_sd)    \n",
    " \n",
    "    *  4.1.1. [Sanity check](#sanity_sd)\n",
    "    \n",
    " 4.2. [Compute decoherence time in Slater determinant basis](#decoherence_sd)    \n",
    " \n",
    " 4.3. [Plot decoherence time in Slater determinant basis](#plot_deco_sd)  | [Exercise3](#exercise3)  \n",
    "    \n",
    "5. [References](#references)  \n",
    "\n",
    "### A. Learning objectives\n",
    "\n",
    "* To be able to initialize a NBRA NAMD calculation after acquiring the necessary data\n",
    "* Compute decoherence times between the states of the quantum system\n",
    "\n",
    "### B. Use cases\n",
    "\n",
    "* To reading Hamiltonian data files\n",
    "* To computie average decoherence times\n",
    "* To computie average energy gaps\n",
    "* To plot maps of dephasing times for all pairs of states\n",
    "\n",
    "### C. Functions\n",
    "\n",
    "- `libra_py`\n",
    "  - `workflows`\n",
    "    -  `nbra`\n",
    "      - `step4`\n",
    "        - [`get_Hvib2`](#get_Hvib2-1)\n",
    "      - `decoherence_times`\n",
    "        - [`decoherence_times_ave`](#decoherence_times_ave-1) | [also here](#decoherence_times_ave-2)\n",
    "        - [`energy_gaps_ave`](#energy_gaps_ave-1) | [also here](#energy_gaps_ave-2)\n",
    "        \n",
    "  - `data_conv`\n",
    "    - [`MATRIX2nparray`](#MATRIX2nparray-1)\n",
    "\n",
    "  - `data_visualize`\n",
    "    - [`plot_map_nparray`](#plot_map_nparray-1)    "
   ]
  },
  {
   "cell_type": "markdown",
   "metadata": {},
   "source": [
    "## 1. Getting started<a name=\"intro\"></a>\n",
    "[Return to TOC](#toc)\n",
    "\n",
    "In this tutorial, we will read in the dynamical data from both steps 2 and 3. This means reading the data in the Kohn-Sham orbital basis and the Slater determinant basis, respectively.\n",
    "\n"
   ]
  },
  {
   "cell_type": "markdown",
   "metadata": {},
   "source": [
    "Copy results from step 2 and 3 and name them as res_ks_step2 and res_sd_step3 respectively "
   ]
  },
  {
   "cell_type": "markdown",
   "metadata": {},
   "source": [
    "## 2. Importing Libra and other dependencies <a name=\"import\"></a>\n",
    "[Return to TOC](#toc)\n",
    "\n",
    "In the cell below, we import Libra and other dependencies such as numpy and matplotlib"
   ]
  },
  {
   "cell_type": "code",
   "execution_count": 21,
   "metadata": {},
   "outputs": [],
   "source": [
    "import os\n",
    "import sys\n",
    "import time\n",
    "import math\n",
    "\n",
    "# Fisrt, we add the location of the library to test to the PYTHON path\n",
    "if sys.platform==\"cygwin\":\n",
    "    from cyglibra_core import *\n",
    "elif sys.platform==\"linux\" or sys.platform==\"linux2\":\n",
    "    from liblibra_core import *\n",
    "\n",
    "from libra_py import units\n",
    "from libra_py import influence_spectrum as infsp\n",
    "from libra_py import data_visualize\n",
    "from libra_py import data_conv\n",
    "import libra_py.workflows.nbra.step4 as step4\n",
    "import libra_py.workflows.nbra.decoherence_times as decoherence_times\n",
    "import libra_py.workflows.nbra.lz as lz\n",
    "import libra_py.workflows.nbra.qsh as qsh\n",
    "import numpy as np\n",
    "import matplotlib.pyplot as plt\n",
    "\n",
    "colors = {}\n",
    "colors.update({\"1\": '#000000'})  # Black \n",
    "colors.update({\"2\": '#000099'})  # Blue  \n",
    "colors.update({\"3\": '#006400'})  # Green \n",
    "colors.update({\"4\": '#990000'})  # Red   \n",
    "colors.update({\"5\": '#8B008B'})  # Purple\n",
    "colors.update({\"6\": '#FF8C00'})  # Orange\n",
    "colors.update({\"9\": '#4d4d4d'})  # Gray  \n",
    "color_index = [\"1\",\"2\",\"3\",\"4\",\"5\",\"6\",\"9\"]\n"
   ]
  },
  {
   "cell_type": "markdown",
   "metadata": {},
   "source": [
    "## 3. Kohn-Sham orbital basis<a name=\"kohn_sham\"></a>\n",
    "[Return to TOC](#toc)\n",
    "\n",
    "### 3.1.  Read in the Kohn-Sham data<a name=\"data_ks\"></a>\n",
    "[Return to TOC](#toc)\n",
    "\n",
    "Recall that the electronic wavefunctions in the Kohn-Sham orbital basis are computed along the precomputed nuclear trajectories are stored in the folder \"res_ks_step2\". We may potentially have multiple folders (e.g. for different trajectories or cases/parameterizations) To read in all the data, we use the `step4.get_Hvib2` funtion:\n",
    "<a name=\"get_Hvib2-1\"></a>"
   ]
  },
  {
   "cell_type": "code",
   "execution_count": 22,
   "metadata": {},
   "outputs": [
    {
     "name": "stdout",
     "output_type": "stream",
     "text": [
      "Help on function get_Hvib2 in module libra_py.workflows.nbra.step4:\n",
      "\n",
      "get_Hvib2(params)\n",
      "    Reads several sets of vibronic Hamiltonian files \n",
      "    \n",
      "    Args:\n",
      "        params ( dictionary ): parameters controlling the function execution [Required!]\n",
      "    \n",
      "            Required parameter keys:\n",
      "    \n",
      "            * **params[\"data_set_paths\"]** ( list of strings ):\n",
      "                define the paths of the directories where the vibronic Hamiltonian files for\n",
      "                different data sets (e.g. independent MD trajectories) are located. \n",
      "            .. note::\n",
      "                In addition, requires parameters described in\n",
      "                :func:`libra_py.workflows.nbra.step4.getHvib`\n",
      "    \n",
      "    Returns:\n",
      "        list of lists of CMATRIX: Hvib: \n",
      "            the time series of Hvib matrices for several data sets, such that\n",
      "            Hvib[idata][time] is a CMATRIX for the data set indexed by `idata`\n",
      "            at time `time`\n",
      "    \n",
      "    Example:\n",
      "        The full name of the vibronic Hamiltonian files read by this module should be:\n",
      "    \n",
      "        params[\"data_set_paths\"][idata]+params[\"Hvib_re_prefix\"]+integer(time step)+params[\"Hvib_re_suffix\"] - for real part\n",
      "    \n",
      "        params[\"data_set_paths\"][idata]+params[\"Hvib_im_prefix\"]+integer(time step)+params[\"Hvib_im_suffix\"] - for imaginary part\n",
      "    \n",
      "        Say, the directory \"/home/alexeyak/test/step3/res0\" contains files:\n",
      "        Hvib_0_re, Hvib_1_re, .... ,    Hvib_999_re\n",
      "        Hvib_0_im, Hvib_1_im, .... ,    Hvib_999_im\n",
      "    \n",
      "        Then set:\n",
      "    \n",
      "        >>> params[\"data_set_paths\"] = [\"/home/alexeyak/test/step3/res0/\"]\n",
      "        >>> params[\"Hvib_re_prefix\"] = \"Hvib_\"\n",
      "        >>> params[\"Hvib_re_suffix\"] = \"_re\"\n",
      "        >>> params[\"Hvib_im_prefix\"] = \"Hvib_\"\n",
      "        >>> params[\"Hvib_im_suffix\"] = \"_im\"\n",
      "\n"
     ]
    }
   ],
   "source": [
    "help(step4.get_Hvib2)"
   ]
  },
  {
   "cell_type": "code",
   "execution_count": 23,
   "metadata": {},
   "outputs": [
    {
     "name": "stdout",
     "output_type": "stream",
     "text": [
      "\n",
      "Gathering data from MD \n",
      "Considering system Libra: Single Hematite Unit Cell - Kohn-Sham basis\n",
      "Length of hvib is:  99\n"
     ]
    }
   ],
   "source": [
    "print (\"\\nGathering data from MD \")\n",
    "print (\"Considering system\", \"Libra: Single Hematite Unit Cell - Kohn-Sham basis\")\n",
    "\n",
    "absolute_path = os.getcwd()\n",
    "params = {}\n",
    "params[\"data_set_paths\"] = []\n",
    "params[\"data_set_paths\"].append(absolute_path+\"/res_ks_step2/\")\n",
    "\n",
    "params[\"Hvib_re_prefix\"] = \"hvib_dia_\"; params[\"Hvib_re_suffix\"] = \"_re\"\n",
    "params[\"Hvib_im_prefix\"] = \"hvib_dia_\"; params[\"Hvib_im_suffix\"] = \"_im\"\n",
    "params[\"nfiles\"]         = 99\n",
    "params[\"init_times\"]     = [0]\n",
    "\n",
    "params[\"nstates\"]        = 16 # total number of electronic states\n",
    "params[\"active_space\"]   = list( range(params[\"nstates\"]) ) # indexing is from 0!\n",
    "\n",
    "# Include HOMO and up to the last electronic state\n",
    "hvib = step4.get_Hvib2(params)\n",
    "print (\"Length of hvib is: \", len(hvib[0]))"
   ]
  },
  {
   "cell_type": "markdown",
   "metadata": {},
   "source": [
    "#### 3.1.1 Sanity check <a name=\"sanity_ks\"></a>\n",
    "[Return to TOC](#toc)\n",
    "\n",
    "We need to print an element of hvib to see if we have anything meaningful. A lot of times, when I run this, I somehow don't read the data correctly. When the data is read incorrectly, the hvib lists will contain matrices full of 0's. So, let's print some matrix elements of hvib[0] to see if we get non-zero values. If these values happen to turn up all zero, you should reconsider the paths to your hvib files and their names. \n",
    "\n",
    "There is also the possibility that the values you see here are non-zero, yet incorrect. This may happen if your pathing is correcting but you do not have the correct number for the parameter, nstates. Please double check these printed values with the values in the actual hvib files to see if they match."
   ]
  },
  {
   "cell_type": "code",
   "execution_count": 24,
   "metadata": {},
   "outputs": [
    {
     "name": "stdout",
     "output_type": "stream",
     "text": [
      "\n",
      " Test, for energies, Ha \n",
      "hvib[0][0].get(0,0) =  (0.65735989+0j)\n",
      "hvib[0][0].get(1,1) =  (0.65682141+0j)\n",
      "\n",
      " Test, for nacs, Ha \n",
      "hvib[0][0].get(0,1) =  -0.00011826335j\n",
      "hvib[0][0].get(0,2) =  -0.00031870082j\n"
     ]
    }
   ],
   "source": [
    "#Print the matrix elements: 0,0 1,1  0,1 0,2 . \n",
    "# The matrix elemnts are extracted with the .get() function\n",
    "\n",
    "print ( \"\\n Test, for energies, Ha \")\n",
    "print ( \"hvib[0][0].get(0,0) = \",  hvib[0][0].get(1,1) )\n",
    "print ( \"hvib[0][0].get(1,1) = \",  hvib[0][0].get(0,0) )\n",
    "\n",
    "print ( \"\\n Test, for nacs, Ha \")\n",
    "print ( \"hvib[0][0].get(0,1) = \",  hvib[0][0].get(0,1) )\n",
    "print ( \"hvib[0][0].get(0,2) = \",  hvib[0][0].get(0,2) )\n"
   ]
  },
  {
   "cell_type": "markdown",
   "metadata": {},
   "source": [
    "#### 3.1.2 What if I don't want to include all 22 Kohn-Sham orbitals in my active space?? <a name=\"active_sp_ks\"></a>\n",
    "[Return to TOC](#toc)\n",
    "\n",
    "This is a common question. Luckily, Libra allows us to select a particular active space to consider in the dynamics. \n",
    "\n",
    "In the above example, we used all 11 alpha and 11 beta orbitals in the active space. But what if we wanted to only consider the alpha and beta orbitals for a subset of orbitals, say the conduction band minimum and valence band maximum?\n",
    "\n",
    "To do this, we first must remember what the index of the CBM and VBM are from 0. We start from 0 here because the computer indexes the first row and column matrix elements from 0. In this case, the index of the CBM in the alpha spin channel was index 5 and the CBM in the beta spin channel was 16. Please revisit the previous tutorials for building a Slater determinant basis for a refresher on this"
   ]
  },
  {
   "cell_type": "markdown",
   "metadata": {},
   "source": [
    "### 3.2. Compute decoherence time in Kohn-Sham basis<a name=\"decoherence_ks\"></a>\n",
    "[Return to TOC](#toc)"
   ]
  },
  {
   "cell_type": "markdown",
   "metadata": {},
   "source": [
    "In Libra, the decoherence time is computed as the dephasing times as according to linear response formalism.$^1$ What we compute is a matrix, $\\tau$, which contains the decoherence times between all considered quantum (electronic) states in our system.\n",
    "\n",
    "$$ \\large{\\tau} = \\sqrt{ \\frac{\\frac{12}{5} \\hbar^2 }{dE} } $$\n",
    "\n",
    "Where the matix elements of $dE$ are the expectation value of the energy gap fluctation between some states i and j.\n",
    "\n",
    "$$ \\large{ dE_{ij} = < \\delta E_{ij}^2(t)  > } $$\n",
    "\n",
    "and $ \\delta E_{ij}(t) $ is computed as \n",
    "\n",
    "$$ \\large{  \\delta E_{ij}(t) = E_{ij}(t) - < E_{ij} > } $$\n",
    "\n",
    "\n",
    "Before we compute the decoherence time for the quantum states in our system, we must first decide how much of the precomputed nuclear dynamics trajectory we want to keep. This step is useful because typically molecular dynamics data features a thermalization step in which the molecular dynamics data is unreliable for dynamics purposes.\n",
    "<a name=\"energy_gaps_ave-1\"></a>\n",
    "To compute the ensembe-averaged gaps, we use `decoherence_times.energy_gaps_ave` function"
   ]
  },
  {
   "cell_type": "code",
   "execution_count": 25,
   "metadata": {},
   "outputs": [
    {
     "name": "stdout",
     "output_type": "stream",
     "text": [
      "Help on function energy_gaps_ave in module libra_py.workflows.nbra.decoherence_times:\n",
      "\n",
      "energy_gaps_ave(Hvib, itimes, nsteps)\n",
      "    Pre-compute the energy gaps along the trajectory \n",
      "    \n",
      "    Args:\n",
      "        Hvib ( list of lists of CMATRIX objects ):\n",
      "            Vibronic Hamiltonians along the trajectory for different data sets (adiabatic MDs),\n",
      "            and potential different sections of the time-range\n",
      "            where Hvib[idata][istep] is a CMATRIX object that represents a vibronic Hamiltonian\n",
      "            from the data set ```idata``` at the time step ```istep```. \n",
      "    \n",
      "        itimes ( list if ints ): initial times for averaging. The number ```itimes[idata]``` tells \n",
      "            which datapoint (timestep) of the time-series Hvib[idata] consider the beginning of \n",
      "            the range that will be used to compute gap fluctuations\n",
      "    \n",
      "        nsteps ( int ): the length of the time-steps to consider in the calculations for each data set\n",
      "    \n",
      "    Returns:\n",
      "        ( list of MATRIX(nstates, nstates) ): dE, where:\n",
      "            dE[t].get(i,j) is the absolute value of energy gap between states i and j at time t, but also averaged \n",
      "            over several data sets:      < |E_i(t) - E_j(t)| >\n",
      "\n"
     ]
    }
   ],
   "source": [
    "help(decoherence_times.energy_gaps_ave)"
   ]
  },
  {
   "cell_type": "markdown",
   "metadata": {},
   "source": [
    "<a name=\"decoherence_times_ave-1\"></a>\n",
    "Likewise, to compute the dephasing times, using the information on energy gap fluctuations, we use the function `decoherence_times.decoherence_times_ave`"
   ]
  },
  {
   "cell_type": "code",
   "execution_count": 26,
   "metadata": {},
   "outputs": [
    {
     "name": "stdout",
     "output_type": "stream",
     "text": [
      "Help on function decoherence_times_ave in module libra_py.workflows.nbra.decoherence_times:\n",
      "\n",
      "decoherence_times_ave(Hvib, itimes, nsteps, verbosity=0)\n",
      "    Compute the matrix of decoherence times from the time-series data \n",
      "    that consists of vereral data sets\n",
      "    \n",
      "    Ref: Akimov, A. V; Prezhdo O. V. J. Phys. Chem. Lett. 2013, 4, 3857  \n",
      "    \n",
      "    \n",
      "    Args:\n",
      "        Hvib ( list of lists of CMATRIX objects ):\n",
      "            Vibronic Hamiltonians along the trajectory for different data sets (adiabatic MDs),\n",
      "            and potential different sections of the time-range\n",
      "            where Hvib[idata][istep] is a CMATRIX object that represents a vibronic Hamiltonian\n",
      "            from the data set ```idata``` at the time step ```istep```. \n",
      "    \n",
      "        itimes ( list if ints ): initial times for averaging. The number ```itimes[idata]``` tells \n",
      "            which datapoint (timestep) of the time-series Hvib[idata] consider the beginning of \n",
      "            the range that will be used to compute gap fluctuations\n",
      "    \n",
      "        nsteps ( int ): the length of the time-steps to consider in the calculations for each data set\n",
      "    \n",
      "    Returns:\n",
      "        tuple:  ( decoh_times, decoh_rates ), where\n",
      "    \n",
      "            * decoh_times ( MATRIX(N,N) ): the matrix of decoherence times, diagonal elements are\n",
      "                set to very large number which corresponds to no decoherence of a state with itself.\n",
      "                This value is computed based on gaps averaged over several data sets. [ units: a.u. ]\n",
      "    \n",
      "            * decoh_rates ( MATRIX(N,N) ): the matrix of decoherence rates, diagonal elements are\n",
      "                set to zero which corresponds to no decoherence of a state with itself, the off-diagonal\n",
      "                elements are equal to inverse of the off-diagonal matrix elements of ```decoh_times```.\n",
      "                This value is computed based on gaps averaged over several data sets. [ units: a.u.^-1 ]\n",
      "\n"
     ]
    }
   ],
   "source": [
    "help(decoherence_times.decoherence_times_ave)"
   ]
  },
  {
   "cell_type": "markdown",
   "metadata": {},
   "source": [
    "When reading in our Hamiltonian data, we read 100 files, because we had taken 100 molecular dynamics steps. At this time, we can choose to take either the entirety of the 100 files or use only a subset of these for dynamics. this can be done with the following parameter keys:\n",
    "\n",
    "`params[\"init_times\"]` -  a list of integers denoting the initial times for the NBRA NAMD. The simulation will run from `params[\"init_times\"]`[i] to `params[\"init_times\"]`[i] + nsteps, for each `params[\"init_times\"]`\n",
    "\n",
    "`params[\"nsteps\"]` - an integer denoting the number of steps to take in the NBRA NAMD. This number cannot be bigger than the number set for parameter key, `params[\"nfiles\"]`. Please note, that for each value of `params[\"init_times\"]`, we will take nsteps steps.\n",
    "\n",
    "\n",
    "In total, here is the summary:\n",
    "\n",
    "   * 1. We read our data along the precomputed nuclear dynamics trajectory. This will be of size `params[\"nfiles\"]`. In this case, we have 100 files\n",
    " \n",
    "   * 2. We define the starting points of what will be the NBRA NAMD with the parameter, `params[\"init_times\"]`.\n",
    "\n",
    "   * 3. At each initial time listed in `params[\"init_times\"]`, we compute `params[\"nsteps\"]` worth of NBRA NAMD. "
   ]
  },
  {
   "cell_type": "markdown",
   "metadata": {},
   "source": [
    "#### 3.2.1 Setting initial times <a name=\"initial_time_ks\"></a>\n",
    "[Return to TOC](#toc)\n",
    "\n",
    "Possibility 1"
   ]
  },
  {
   "cell_type": "code",
   "execution_count": 27,
   "metadata": {},
   "outputs": [],
   "source": [
    "params[\"init_times\"] = [40]\n",
    "params[\"nsteps\"] = 50"
   ]
  },
  {
   "cell_type": "markdown",
   "metadata": {},
   "source": [
    "Possibility 2, etc"
   ]
  },
  {
   "cell_type": "code",
   "execution_count": 28,
   "metadata": {},
   "outputs": [],
   "source": [
    "#params[\"init_times\"] = [0]\n",
    "#params[\"nsteps\"] = 99"
   ]
  },
  {
   "cell_type": "markdown",
   "metadata": {},
   "source": [
    "For now, we will use Possibility 1. Let's go ahead and use this part of the trajectory. \n",
    "\n",
    "Comment the Possibility 1 and uncommend Possibility 2 to give it a try\n",
    "<a name=\"energy_gaps_ave-2\"></a><a name=\"decoherence_times_ave-2\"></a>"
   ]
  },
  {
   "cell_type": "code",
   "execution_count": 29,
   "metadata": {},
   "outputs": [
    {
     "name": "stdout",
     "output_type": "stream",
     "text": [
      "Finished gather data for MD time 50 steps.\n",
      "Dephasing time between Kohn-Sham orbitals 0 and 1 is: 13.265029340002819 fs\n"
     ]
    }
   ],
   "source": [
    "# Compute energy gaps and decoherence times over part of the trajectory we want. Using the init_times parameter\n",
    "tau, rates = decoherence_times.decoherence_times_ave(hvib, [params[\"init_times\"][0]], params[\"nsteps\"], 0)\n",
    "dE         = decoherence_times.energy_gaps_ave(      hvib, [params[\"init_times\"][0]], params[\"nsteps\"])\n",
    "avg_deco   = tau * units.au2fs\n",
    "print (\"Finished gather data for MD time\", params[\"nsteps\"], \"steps.\")\n",
    "print (\"Dephasing time between Kohn-Sham orbitals 0 and 1 is:\", tau.get(0,1) * units.au2fs, \"fs\")"
   ]
  },
  {
   "cell_type": "markdown",
   "metadata": {},
   "source": [
    "### Exercise 1<a name=\"exercise1\"></a>\n",
    "[Return to TOC](#toc)\n",
    "\n",
    "It has been established that we have 100 data files and each data file corresponds to a 1.0 fs integration time step. What should the parameters `params[\"init_times\"]` and `params[\"nsteps\"]` be set to if one wanted to compute the dephasing times for the section of the trajectory spanning t = 25 fs to t = 75 fs?. Recall the index 0 corresponds to t = 0 fs.\n",
    "\n",
    "params[\"init_times\"] = [?]\n",
    "\n",
    "params[\"nsteps\"] = [?]\n"
   ]
  },
  {
   "cell_type": "markdown",
   "metadata": {},
   "source": [
    "### 3.3. Plotting the decoherence times for Kohn-Sham basis<a name=\"plot_deco_ks\"></a>\n",
    "[Return to TOC](#toc)\n",
    "<a name=\"plot_map_nparray-1\"></a><a name=\"MATRIX2nparray-1\"></a>\n",
    "\n",
    "We are now going to plot the decoherence times. Below is a code snippet plot the decoherence times in matplotlib. Please notice how elements of Libra MATRIX data is extract using the feature \".get(i,j)\", where i and j are elements of the MATRIX we wish to extract. The trajectory averaged dephasing times between the Kohn-Sham orbitals is visualized using Libra's data_visualize module. Here, we use the function plot_map_nparray(..) "
   ]
  },
  {
   "cell_type": "code",
   "execution_count": 30,
   "metadata": {},
   "outputs": [
    {
     "name": "stdout",
     "output_type": "stream",
     "text": [
      "[array([[ 0.        , 13.26502934, 12.70355137, 13.23645022, 11.51614045,\n",
      "        10.67287594, 14.97577794, 15.0925655 ,  0.        , 13.26502934,\n",
      "        12.70355137, 13.23645022, 11.51614045, 10.67287594, 14.97577794,\n",
      "        15.0925655 ],\n",
      "       [13.26502934,  0.        , 24.4458445 , 27.19084707, 14.97219553,\n",
      "        17.3123371 , 20.9621912 , 23.15103488, 13.26502934,  0.        ,\n",
      "        24.4458445 , 27.19084707, 14.97219553, 17.3123371 , 20.9621912 ,\n",
      "        23.15103488],\n",
      "       [12.70355137, 24.4458445 ,  0.        , 45.55893098, 14.33602505,\n",
      "        16.32795156, 21.80510442, 25.01455166, 12.70355137, 24.4458445 ,\n",
      "         0.        , 45.55893098, 14.33602505, 16.32795156, 21.80510442,\n",
      "        25.01455166],\n",
      "       [13.23645022, 27.19084707, 45.55893098,  0.        , 13.47670696,\n",
      "        17.50928862, 22.77711414, 24.24340702, 13.23645022, 27.19084707,\n",
      "        45.55893098,  0.        , 13.47670696, 17.50928862, 22.77711414,\n",
      "        24.24340702],\n",
      "       [11.51614045, 14.97219553, 14.33602505, 13.47670696,  0.        ,\n",
      "         9.70641428, 11.07445428, 13.51936027, 11.51614045, 14.97219553,\n",
      "        14.33602505, 13.47670696,  0.        ,  9.70641428, 11.07445428,\n",
      "        13.51936027],\n",
      "       [10.67287594, 17.3123371 , 16.32795156, 17.50928862,  9.70641428,\n",
      "         0.        , 28.61449477, 24.08523965, 10.67287594, 17.3123371 ,\n",
      "        16.32795156, 17.50928862,  9.70641428,  0.        , 28.61449477,\n",
      "        24.08523965],\n",
      "       [14.97577794, 20.9621912 , 21.80510442, 22.77711414, 11.07445428,\n",
      "        28.61449477,  0.        , 41.8421255 , 14.97577794, 20.9621912 ,\n",
      "        21.80510442, 22.77711414, 11.07445428, 28.61449477,  0.        ,\n",
      "        41.8421255 ],\n",
      "       [15.0925655 , 23.15103488, 25.01455166, 24.24340702, 13.51936027,\n",
      "        24.08523965, 41.8421255 ,  0.        , 15.0925655 , 23.15103488,\n",
      "        25.01455166, 24.24340702, 13.51936027, 24.08523965, 41.8421255 ,\n",
      "         0.        ],\n",
      "       [ 0.        , 13.26502934, 12.70355137, 13.23645022, 11.51614045,\n",
      "        10.67287594, 14.97577794, 15.0925655 ,  0.        , 13.26502934,\n",
      "        12.70355137, 13.23645022, 11.51614045, 10.67287594, 14.97577794,\n",
      "        15.0925655 ],\n",
      "       [13.26502934,  0.        , 24.4458445 , 27.19084707, 14.97219553,\n",
      "        17.3123371 , 20.9621912 , 23.15103488, 13.26502934,  0.        ,\n",
      "        24.4458445 , 27.19084707, 14.97219553, 17.3123371 , 20.9621912 ,\n",
      "        23.15103488],\n",
      "       [12.70355137, 24.4458445 ,  0.        , 45.55893098, 14.33602505,\n",
      "        16.32795156, 21.80510442, 25.01455166, 12.70355137, 24.4458445 ,\n",
      "         0.        , 45.55893098, 14.33602505, 16.32795156, 21.80510442,\n",
      "        25.01455166],\n",
      "       [13.23645022, 27.19084707, 45.55893098,  0.        , 13.47670696,\n",
      "        17.50928862, 22.77711414, 24.24340702, 13.23645022, 27.19084707,\n",
      "        45.55893098,  0.        , 13.47670696, 17.50928862, 22.77711414,\n",
      "        24.24340702],\n",
      "       [11.51614045, 14.97219553, 14.33602505, 13.47670696,  0.        ,\n",
      "         9.70641428, 11.07445428, 13.51936027, 11.51614045, 14.97219553,\n",
      "        14.33602505, 13.47670696,  0.        ,  9.70641428, 11.07445428,\n",
      "        13.51936027],\n",
      "       [10.67287594, 17.3123371 , 16.32795156, 17.50928862,  9.70641428,\n",
      "         0.        , 28.61449477, 24.08523965, 10.67287594, 17.3123371 ,\n",
      "        16.32795156, 17.50928862,  9.70641428,  0.        , 28.61449477,\n",
      "        24.08523965],\n",
      "       [14.97577794, 20.9621912 , 21.80510442, 22.77711414, 11.07445428,\n",
      "        28.61449477,  0.        , 41.8421255 , 14.97577794, 20.9621912 ,\n",
      "        21.80510442, 22.77711414, 11.07445428, 28.61449477,  0.        ,\n",
      "        41.8421255 ],\n",
      "       [15.0925655 , 23.15103488, 25.01455166, 24.24340702, 13.51936027,\n",
      "        24.08523965, 41.8421255 ,  0.        , 15.0925655 , 23.15103488,\n",
      "        25.01455166, 24.24340702, 13.51936027, 24.08523965, 41.8421255 ,\n",
      "         0.        ]])]\n"
     ]
    },
    {
     "data": {
