0.0000000   -0.0024909738  5.0527378e-05  4.5947806e-05  2.0497486e-05  1.0372067e-05  4.5538161e-06  -8.2061346e-06  -2.7548600e-06  0.00013213392  -3.9507541e-05  2.8805297e-05  1.4078147e-05  0.00012306012  -1.4825810e-05  -3.7513247e-07  -1.5398878e-05  
0.0024909738  0.0000000   0.0011108521  0.00010592099  -0.00011861673  -6.5261790e-06  -2.6597679e-06  -1.5595849e-06  -7.2844096e-06  7.5880102e-07  2.6051237e-07  -7.2434049e-07  -1.8343319e-05  2.9357189e-07  1.4243001e-06  -1.7605521e-05  9.7421498e-07  
-5.0527378e-05  -0.0011108521  0.0000000   0.00015118599  0.00018623256  -6.6651554e-06  -3.6658925e-06  -6.5261790e-06  -2.6597679e-06  1.1988869e-06  7.2917318e-07  6.7650718e-07  -5.3857774e-08  1.0325462e-07  -1.8343319e-05  1.9056375e-06  -1.4393091e-06  
-4.5947806e-05  -0.00010592099  -0.00015118599  0.0000000   -0.0036277528  -5.7826147e-07  -4.5713654e-07  -1.8353914e-07  -4.9641629e-08  -6.5261790e-06  -2.2701327e-05  -2.6597679e-06  -6.0869388e-07  -1.2887354e-05  1.6350680e-06  -1.8343319e-05  -9.3042359e-08  
-2.0497486e-05  0.00011861673  -0.00018623256  0.0036277528  0.0000000   6.7325010e-07  2.9336197e-07  -1.5878838e-06  -7.2104859e-07  2.2351571e-05  -6.5261790e-06  1.1809086e-05  -5.8434555e-07  -2.6597679e-06  -1.4026575e-06  1.7259360e-07  -1.8343319e-05  
-1.0372067e-05  6.5261790e-06  6.6651554e-06  5.7826147e-07  -6.7325010e-07  0.0000000   -0.0013805337  0.0011108521  6.4292255e-07  0.00010592099  -0.00011861673  -3.7984117e-05  -2.0678237e-05  -4.0675090e-05  8.2858722e-08  -4.9475133e-07  -4.8126202e-07  
-4.5538161e-06  2.6597679e-06  3.6658925e-06  4.5713654e-07  -2.9336197e-07  0.0013805337  0.0000000   -7.0622696e-07  0.0011108521  3.7760123e-05  3.9750701e-05  0.00010592099  2.1759268e-06  -0.00011861673  2.8736918e-05  2.8312657e-06  -3.0096035e-06  
8.2061346e-06  1.5595849e-06  6.5261790e-06  1.8353914e-07  1.5878838e-06  -0.0011108521  7.0622696e-07  0.0000000   -0.0013805337  0.00015118599  0.00018623256  0.00011679531  -5.6831410e-09  -0.00010954049  -2.0678237e-05  1.6914712e-06  -1.5818013e-06  
2.7548600e-06  7.2844096e-06  2.6597679e-06  4.9641629e-08  7.2104859e-07  -6.4292255e-07  -0.0011108521  0.0013805337  0.0000000   -0.00011749775  0.00010926913  0.00015118599  -2.8803970e-05  0.00018623256  2.1759268e-06  3.7100871e-06  5.0596461e-06  
-0.00013213392  -7.5880102e-07  -1.1988869e-06  6.5261790e-06  -2.2351571e-05  -0.00010592099  -3.7760123e-05  -0.00015118599  0.00011749775  0.0000000   -0.0036277528  -0.0013805337  -5.5475394e-07  -5.4719851e-06  1.6806910e-06  -2.0678237e-05  -5.7144139e-08  
3.9507541e-05  -2.6051237e-07  -7.2917318e-07  2.2701327e-05  6.5261790e-06  0.00011861673  -3.9750701e-05  -0.00018623256  -0.00010926913  0.0036277528  0.0000000   -5.9209284e-06  -5.9398983e-07  -0.0013805337  -1.6138188e-06  -4.6609415e-07  -2.0678237e-05  
-2.8805297e-05  7.2434049e-07  -6.7650718e-07  2.6597679e-06  -1.1809086e-05  3.7984117e-05  -0.00010592099  -0.00011679531  -0.00015118599  0.0013805337  5.9209284e-06  0.0000000   -2.6852726e-06  -0.0036277528  -4.1059310e-06  2.1759268e-06  -9.3862827e-05  
-1.4078147e-05  1.8343319e-05  5.3857774e-08  6.0869388e-07  5.8434555e-07  2.0678237e-05  -2.1759268e-06  5.6831410e-09  2.8803970e-05  5.5475394e-07  5.9398983e-07  2.6852726e-06  0.0000000   -3.1416500e-06  0.0011108521  0.00010592099  -0.00011861673  
-0.00012306012  -2.9357189e-07  -1.0325462e-07  1.2887354e-05  2.6597679e-06  4.0675090e-05  0.00011861673  0.00010954049  -0.00018623256  5.4719851e-06  0.0013805337  0.0036277528  3.1416500e-06  0.0000000   -4.7192763e-06  9.4714512e-05  2.1759268e-06  
1.4825810e-05  -1.4243001e-06  1.8343319e-05  -1.6350680e-06  1.4026575e-06  -8.2858722e-08  -2.8736918e-05  2.0678237e-05  -2.1759268e-06  -1.6806910e-06  1.6138188e-06  4.1059310e-06  -0.0011108521  4.7192763e-06  0.0000000   0.00015118599  0.00018623256  
3.7513247e-07  1.7605521e-05  -1.9056375e-06  1.8343319e-05  -1.7259360e-07  4.9475133e-07  -2.8312657e-06  -1.6914712e-06  -3.7100871e-06  2.0678237e-05  4.6609415e-07  -2.1759268e-06  -0.00010592099  -9.4714512e-05  -0.00015118599  0.0000000   -0.0036277528  
1.5398878e-05  -9.7421498e-07  1.4393091e-06  9.3042359e-08  1.8343319e-05  4.8126202e-07  3.0096035e-06  1.5818013e-06  -5.0596461e-06  5.7144139e-08  2.0678237e-05  9.3862827e-05  0.00011861673  -2.1759268e-06  -0.00018623256  0.0036277528  0.0000000   
