0.0000000   0.0025839575  -0.00048505958  -0.00018703647  -5.6641658e-05  5.8614100e-06  -6.5232455e-05  -0.00013179318  9.7561209e-06  0.00011399336  0.00018935221  -1.0046821e-05  -8.0999661e-05  2.4819426e-05  1.0085872e-05  -4.1112719e-07  -2.7733472e-05  
-0.0025839575  0.0000000   2.7715088e-05  -0.00026365235  -0.00067180814  -1.1204496e-05  -4.6933630e-07  3.9371950e-05  -1.0659359e-05  -1.5754069e-06  -3.8745707e-06  -1.7578735e-05  -5.1951158e-06  -2.2215546e-06  6.1988526e-07  6.5038741e-06  1.4591866e-06  
0.00048505958  -2.7715088e-05  0.0000000   0.00020866902  -0.00041776698  -2.3302356e-06  -1.1204496e-05  1.8364279e-05  3.9371950e-05  -3.1630213e-06  -5.1445696e-06  -1.5754069e-06  5.7737032e-06  -7.5089281e-07  -1.2002333e-07  -1.2133087e-06  5.6086917e-07  
0.00018703647  0.00026365235  -0.00020866902  0.0000000   -0.018149336  -1.1953601e-06  1.5257507e-06  3.2999662e-06  1.0920092e-06  -9.6020746e-07  -1.1204496e-05  1.3793609e-06  8.5794459e-05  3.9371950e-05  1.2335444e-05  -1.5754069e-06  2.2872975e-06  
5.6641658e-05  0.00067180814  0.00041776698  0.018149336  0.0000000   -2.5526709e-06  -2.7444878e-06  -2.8771612e-06  4.6297881e-07  1.2364236e-06  -8.2322272e-05  2.1333571e-07  -1.1204496e-05  -1.2121838e-05  3.9371950e-05  -2.2755293e-06  -1.5754069e-06  
-5.8614100e-06  1.1204496e-05  2.3302356e-06  1.1953601e-06  2.5526709e-06  0.0000000   2.7715088e-05  7.6263813e-06  6.3388257e-06  -0.00014688954  -0.00026365235  -5.1608233e-05  -0.00067180814  -3.4534187e-05  -8.9317342e-05  -8.6996343e-06  2.2099491e-07  
6.5232455e-05  4.6933630e-07  1.1204496e-05  -1.5257507e-06  2.7444878e-06  -2.7715088e-05  0.0000000   -6.9616831e-07  7.6263813e-06  -5.1939851e-05  0.00020866902  -0.00014688954  -0.00041776698  2.7619590e-05  -5.5455756e-05  3.7716049e-06  -2.8049173e-06  
0.00013179318  -3.9371950e-05  -1.8364279e-05  -3.2999662e-06  2.8771612e-06  -7.6263813e-06  6.9616831e-07  0.0000000   2.7715088e-05  0.0020912875  -3.4794648e-05  0.00073684410  -8.8621984e-05  -0.00026365235  -0.00067180814  0.00010207536  -5.9698700e-05  
-9.7561209e-06  1.0659359e-05  -3.9371950e-05  -1.0920092e-06  -4.6297881e-07  -6.3388257e-06  -7.6263813e-06  -2.7715088e-05  0.0000000   0.00073704339  2.9607096e-05  0.0020912875  -5.6252806e-05  0.00020866902  -0.00041776698  -3.8895492e-05  5.4580354e-06  
-0.00011399336  1.5754069e-06  3.1630213e-06  9.6020746e-07  -1.2364236e-06  0.00014688954  5.1939851e-05  -0.0020912875  -0.00073704339  0.0000000   5.6969181e-06  2.7715088e-05  -8.4955628e-06  -0.00010276229  5.9169062e-05  -0.00026365235  -0.00067180814  
-0.00018935221  3.8745707e-06  5.1445696e-06  1.1204496e-05  8.2322272e-05  0.00026365235  -0.00020866902  3.4794648e-05  -2.9607096e-05  -5.6969181e-06  0.0000000   2.7596847e-07  -0.018149336  7.6263813e-06  -0.0024080077  -0.00014688954  -0.00010420209  
1.0046821e-05  1.7578735e-05  1.5754069e-06  -1.3793609e-06  -2.1333571e-07  5.1608233e-05  0.00014688954  -0.00073684410  -0.0020912875  -2.7715088e-05  -2.7596847e-07  0.0000000   -2.4858845e-06  3.9245983e-05  -5.9533746e-06  0.00020866902  -0.00041776698  
8.0999661e-05  5.1951158e-06  -5.7737032e-06  -8.5794459e-05  1.1204496e-05  0.00067180814  0.00041776698  8.8621984e-05  5.6252806e-05  8.4955628e-06  0.018149336  2.4858845e-06  0.0000000   0.0024083457  7.6263813e-06  0.00010388821  -0.00014688954  
-2.4819426e-05  2.2215546e-06  7.5089281e-07  -3.9371950e-05  1.2121838e-05  3.4534187e-05  -2.7619590e-05  0.00026365235  -0.00020866902  0.00010276229  -7.6263813e-06  -3.9245983e-05  -0.0024083457  0.0000000   -0.018149336  0.0020912875  -5.4153845e-06  
-1.0085872e-05  -6.1988526e-07  1.2002333e-07  -1.2335444e-05  -3.9371950e-05  8.9317342e-05  5.5455756e-05  0.00067180814  0.00041776698  -5.9169062e-05  0.0024080077  5.9533746e-06  -7.6263813e-06  0.018149336  0.0000000   7.6314170e-06  0.0020912875  
4.1112719e-07  -6.5038741e-06  1.2133087e-06  1.5754069e-06  2.2755293e-06  8.6996343e-06  -3.7716049e-06  -0.00010207536  3.8895492e-05  0.00026365235  0.00014688954  -0.00020866902  -0.00010388821  -0.0020912875  -7.6314170e-06  0.0000000   -0.018149336  
2.7733472e-05  -1.4591866e-06  -5.6086917e-07  -2.2872975e-06  1.5754069e-06  -2.2099491e-07  2.8049173e-06  5.9698700e-05  -5.4580354e-06  0.00067180814  0.00010420209  0.00041776698  0.00014688954  5.4153845e-06  -0.0020912875  0.018149336  0.0000000   
