0.0000000   0.00012508458  -0.00013329708  -0.00096316207  -0.00025787327  -0.00024221416  1.9188580e-05  2.2391256e-05  4.5751145e-05  -4.8024359e-06  0.00015973482  7.6890266e-06  3.9986135e-05  9.1323227e-05  0.00014967227  1.4490802e-05  -5.2384426e-06  
-0.00012508458  0.0000000   -0.0070521226  -0.00016081426  6.6907218e-05  -7.6225859e-06  2.0943743e-05  -0.00010035476  4.0862633e-07  -2.1221268e-07  -1.0857937e-05  -3.4470171e-07  9.4551417e-06  2.4049836e-07  -2.9871847e-05  -2.2462360e-06  9.5259702e-08  
0.00013329708  0.0070521226  0.0000000   0.00017055699  -0.00014756673  -1.4503695e-05  -7.6225859e-06  -4.7763076e-07  -0.00010035476  -1.8174896e-07  -1.0287195e-05  4.9914552e-07  2.2206179e-05  -8.3183385e-07  9.4551417e-06  2.2702076e-06  -5.4829514e-07  
0.00096316207  0.00016081426  -0.00017055699  0.0000000   -0.00036333869  -3.6110811e-07  -1.7493416e-06  7.9949072e-06  -8.0957135e-06  -7.6225859e-06  -0.00010035476  2.0737719e-06  -1.7695121e-07  -1.9799895e-07  -2.8126556e-07  9.4551417e-06  -1.4868649e-06  
0.00025787327  -6.6907218e-05  0.00014756673  0.00036333869  0.0000000   5.6182079e-08  -7.6033320e-07  7.4111896e-06  1.2034578e-06  1.1074396e-07  3.6421684e-07  -7.6225859e-06  -8.0796162e-07  -0.00010035476  6.1363428e-07  4.2952111e-06  9.4551417e-06  
0.00024221416  7.6225859e-06  1.4503695e-05  3.6110811e-07  -5.6182079e-08  0.0000000   -0.0070521226  -4.3813775e-06  0.00043278224  -0.00016081426  9.7331053e-06  6.6907218e-05  -0.00022779940  -3.9945012e-06  3.1104329e-06  -6.4535384e-06  9.1729733e-06  
-1.9188580e-05  -2.0943743e-05  7.6225859e-06  1.7493416e-06  7.6033320e-07  0.0070521226  0.0000000   -0.00043364769  -4.3813775e-06  0.00017055699  -1.1030037e-05  -0.00014756673  -2.0080625e-06  8.9805507e-06  -0.00022779940  -1.3164249e-05  4.1435311e-06  
-2.2391256e-05  0.00010035476  4.7763076e-07  -7.9949072e-06  -7.4111896e-06  4.3813775e-06  0.00043364769  0.0000000   -0.0070521226  9.8964521e-06  -0.00016081426  -4.2149206e-06  4.0238493e-06  6.6907218e-05  9.9480274e-05  2.3088200e-06  -1.1496664e-06  
-4.5751145e-05  -4.0862633e-07  0.00010035476  8.0957135e-06  -1.2034578e-06  -0.00043278224  4.3813775e-06  0.0070521226  0.0000000   -1.0438342e-05  0.00017055699  8.9247812e-06  -9.7653727e-05  -0.00014756673  4.0238493e-06  -2.7135632e-06  1.9961595e-06  
4.8024359e-06  2.1221268e-07  1.8174896e-07  7.6225859e-06  -1.1074396e-07  0.00016081426  -0.00017055699  -9.8964521e-06  1.0438342e-05  0.0000000   -4.3813775e-06  -0.00036333869  -9.2659636e-06  2.2763759e-05  -1.2079252e-05  -0.00022779940  3.7774420e-07  
-0.00015973482  1.0857937e-05  1.0287195e-05  0.00010035476  -3.6421684e-07  -9.7331053e-06  1.1030037e-05  0.00016081426  -0.00017055699  4.3813775e-06  0.0000000   2.2162923e-05  -1.8835974e-06  -0.00036333869  2.6018395e-06  4.0238493e-06  5.0679592e-06  
-7.6890266e-06  3.4470171e-07  -4.9914552e-07  -2.0737719e-06  7.6225859e-06  -6.6907218e-05  0.00014756673  4.2149206e-06  -8.9247812e-06  0.00036333869  -2.2162923e-05  0.0000000   9.3381560e-06  -4.3813775e-06  4.1731158e-06  6.6467149e-08  -0.00022779940  
-3.9986135e-05  -9.4551417e-06  -2.2206179e-05  1.7695121e-07  8.0796162e-07  0.00022779940  2.0080625e-06  -4.0238493e-06  9.7653727e-05  9.2659636e-06  1.8835974e-06  -9.3381560e-06  0.0000000   -8.4982977e-07  -0.0070521226  -0.00016081426  6.6907218e-05  
-9.1323227e-05  -2.4049836e-07  8.3183385e-07  1.9799895e-07  0.00010035476  3.9945012e-06  -8.9805507e-06  -6.6907218e-05  0.00014756673  -2.2763759e-05  0.00036333869  4.3813775e-06  8.4982977e-07  0.0000000   -2.1545700e-06  -6.1228660e-06  4.0238493e-06  
-0.00014967227  2.9871847e-05  -9.4551417e-06  2.8126556e-07  -6.1363428e-07  -3.1104329e-06  0.00022779940  -9.9480274e-05  -4.0238493e-06  1.2079252e-05  -2.6018395e-06  -4.1731158e-06  0.0070521226  2.1545700e-06  0.0000000   0.00017055699  -0.00014756673  
-1.4490802e-05  2.2462360e-06  -2.2702076e-06  -9.4551417e-06  -4.2952111e-06  6.4535384e-06  1.3164249e-05  -2.3088200e-06  2.7135632e-06  0.00022779940  -4.0238493e-06  -6.6467149e-08  0.00016081426  6.1228660e-06  -0.00017055699  0.0000000   -0.00036333869  
5.2384426e-06  -9.5259702e-08  5.4829514e-07  1.4868649e-06  -9.4551417e-06  -9.1729733e-06  -4.1435311e-06  1.1496664e-06  -1.9961595e-06  -3.7774420e-07  -5.0679592e-06  0.00022779940  -6.6907218e-05  -4.0238493e-06  0.00014756673  0.00036333869  0.0000000   
