0.0000000   -0.00048580068  0.00044470819  2.1971995e-05  3.7012442e-05  0.00011687456  -1.2818114e-05  -0.00029780789  2.5853815e-05  1.7067334e-05  -6.7747750e-05  0.00015611929  1.0637787e-05  8.4923350e-06  0.00014333010  -3.2925080e-05  1.5839216e-05  
0.00048580068  0.0000000   -0.0011348862  3.1630517e-05  -8.3257142e-07  0.00064149853  -3.0600346e-05  -2.5883585e-07  7.0448544e-06  -8.6010121e-06  3.4342302e-05  1.6023983e-07  -1.2679069e-05  8.8333234e-07  -3.4860589e-08  -5.5159246e-06  -3.6933492e-06  
-0.00044470819  0.0011348862  0.0000000   9.3785492e-05  -1.4590646e-05  -6.2332100e-07  -3.1158409e-06  0.00064149853  -3.0600346e-05  3.6329277e-06  -5.8000049e-07  -3.7236165e-07  -3.9003617e-05  3.4342302e-05  2.3995815e-06  4.7428746e-06  6.7473232e-07  
-2.1971995e-05  -3.1630517e-05  -9.3785492e-05  0.0000000   -0.0031930056  -1.1663615e-05  8.3212355e-07  1.1515138e-05  -7.8726922e-07  0.00064149853  1.4023270e-06  -3.0600346e-05  -4.0369101e-07  3.9079203e-08  4.8259735e-06  3.4342302e-05  2.3110584e-06  
-3.7012442e-05  8.3257142e-07  1.4590646e-05  0.0031930056  0.0000000   -8.7775124e-06  3.1716831e-07  -4.5043290e-05  1.9560101e-06  6.4381844e-07  -1.3882448e-06  -6.6478287e-06  0.00064149853  -2.1088837e-06  -3.0600346e-05  -2.6204024e-06  3.4342302e-05  
-0.00011687456  -0.00064149853  6.2332100e-07  1.1663615e-05  8.7775124e-06  0.0000000   -2.9587273e-05  -0.0011348862  0.00012036974  3.1630517e-05  -0.00043865351  -2.8369507e-06  -8.3257142e-07  -7.0397596e-06  7.9114410e-07  7.2101804e-06  7.7677251e-06  
1.2818114e-05  3.0600346e-05  3.1158409e-06  -8.3212355e-07  -3.1716831e-07  2.9587273e-05  0.0000000   0.00012123170  -0.0011348862  -3.7728582e-06  -3.3133394e-05  3.1630517e-05  -4.4617604e-07  -8.0431812e-05  -8.3257142e-07  2.5441082e-06  3.8943267e-07  
0.00029780789  2.5883585e-07  -0.00064149853  -1.1515138e-05  4.5043290e-05  0.0011348862  -0.00012123170  0.0000000   -2.9587273e-05  9.3785492e-05  7.2836564e-06  -1.0219523e-05  -1.4590646e-05  -0.00043865351  3.1982050e-06  -4.9241600e-06  2.6173708e-05  
-2.5853815e-05  -7.0448544e-06  3.0600346e-05  7.8726922e-07  -1.9560101e-06  -0.00012036974  0.0011348862  2.9587273e-05  0.0000000   -9.7154053e-06  7.9935447e-05  9.3785492e-05  -1.2588734e-07  -3.3133394e-05  -1.4590646e-05  6.4650268e-06  1.3912538e-06  
-1.7067334e-05  8.6010121e-06  -3.6329277e-06  -0.00064149853  -6.4381844e-07  -3.1630517e-05  3.7728582e-06  -9.3785492e-05  9.7154053e-06  0.0000000   5.6416497e-06  -2.9587273e-05  -0.0031930056  -3.0294546e-06  0.00034122599  -0.00043865351  -2.0460254e-05  
6.7747750e-05  -3.4342302e-05  5.8000049e-07  -1.4023270e-06  1.3882448e-06  0.00043865351  3.3133394e-05  -7.2836564e-06  -7.9935447e-05  -5.6416497e-06  0.0000000   1.6690297e-06  -7.3573772e-06  -0.0011348862  -7.6365315e-07  3.1630517e-05  -8.3257142e-07  
-0.00015611929  -1.6023983e-07  3.7236165e-07  3.0600346e-05  6.6478287e-06  2.8369507e-06  -3.1630517e-05  1.0219523e-05  -9.3785492e-05  2.9587273e-05  -1.6690297e-06  0.0000000   0.00034202286  -6.8285646e-06  -0.0031930056  -3.3133394e-05  -0.00022534693  
-1.0637787e-05  1.2679069e-05  3.9003617e-05  4.0369101e-07  -0.00064149853  8.3257142e-07  4.4617604e-07  1.4590646e-05  1.2588734e-07  0.0031930056  7.3573772e-06  -0.00034202286  0.0000000   2.8240641e-05  -2.9587273e-05  2.0713015e-05  -0.00043865351  
-8.4923350e-06  -8.8333234e-07  -3.4342302e-05  -3.9079203e-08  2.1088837e-06  7.0397596e-06  8.0431812e-05  0.00043865351  3.3133394e-05  3.0294546e-06  0.0011348862  6.8285646e-06  -2.8240641e-05  0.0000000   -3.1597086e-06  9.3785492e-05  -1.4590646e-05  
-0.00014333010  3.4860589e-08  -2.3995815e-06  -4.8259735e-06  3.0600346e-05  -7.9114410e-07  8.3257142e-07  -3.1982050e-06  1.4590646e-05  -0.00034122599  7.6365315e-07  0.0031930056  2.9587273e-05  3.1597086e-06  0.0000000   0.00022786385  -3.3133394e-05  
3.2925080e-05  5.5159246e-06  -4.7428746e-06  -3.4342302e-05  2.6204024e-06  -7.2101804e-06  -2.5441082e-06  4.9241600e-06  -6.4650268e-06  0.00043865351  -3.1630517e-05  3.3133394e-05  -2.0713015e-05  -9.3785492e-05  -0.00022786385  0.0000000   -0.0031930056  
-1.5839216e-05  3.6933492e-06  -6.7473232e-07  -2.3110584e-06  -3.4342302e-05  -7.7677251e-06  -3.8943267e-07  -2.6173708e-05  -1.3912538e-06  2.0460254e-05  8.3257142e-07  0.00022534693  0.00043865351  1.4590646e-05  3.3133394e-05  0.0031930056  0.0000000   
