0.0000000   -0.0080843389  0.0029319957  -0.0011414166  0.0011565109  -1.3436972e-05  -1.7529429e-06  3.4923201e-05  -2.7283882e-05  1.2725553e-05  6.0063843e-06  0.00013092983  2.6038817e-05  7.6298084e-05  -5.7053615e-06  5.3017482e-05  8.7185406e-06  
0.0080843389  0.0000000   -0.0035233114  -0.00094418985  -0.00014420879  -3.2629378e-05  -1.9850740e-05  -2.6940128e-05  2.8263255e-05  -1.7692560e-05  4.2919443e-05  -0.00013518590  1.5383560e-05  -4.0328222e-06  -5.0982060e-05  -8.3368291e-07  2.8041856e-06  
-0.0029319957  0.0035233114  0.0000000   -0.0015775918  -0.0027742953  -1.8953005e-05  -3.2629378e-05  -3.2796153e-05  -1.3990392e-05  -2.6940128e-05  -2.3887962e-05  3.9673487e-07  7.0832131e-06  -0.00013518590  3.7303185e-05  -1.9455830e-07  -5.4949131e-06  
0.0011414166  0.00094418985  0.0015775918  0.0000000   -0.0069295898  1.3833499e-05  3.5283472e-06  -3.6537571e-06  -3.2629378e-05  -1.6020188e-05  -1.2539525e-05  -1.5349490e-06  -2.6940128e-05  3.2179848e-06  3.9534465e-05  -0.00013518590  -4.3786635e-06  
-0.0011565109  0.00014420879  0.0027742953  0.0069295898  0.0000000   -1.1498964e-05  8.7235719e-06  -4.6417303e-06  1.4581895e-05  -1.3013875e-05  -3.2629378e-05  -1.7188651e-06  -4.7899958e-05  1.0515402e-06  -2.6940128e-05  5.9503960e-06  -0.00013518590  
1.3436972e-05  3.2629378e-05  1.8953005e-05  -1.3833499e-05  1.1498964e-05  0.0000000   -0.0035233114  -0.0011238624  -0.00094418985  -2.2769619e-05  -0.00014420879  -2.0483124e-05  4.5712598e-06  7.9981343e-05  -2.6493238e-05  2.1936225e-05  2.8743639e-06  
1.7529429e-06  1.9850740e-05  3.2629378e-05  -3.5283472e-06  -8.7235719e-06  0.0035233114  0.0000000   -2.0888667e-05  -0.0015775918  -0.0011238624  -0.0027742953  -8.0197677e-05  1.9973126e-05  -2.0483124e-05  -7.3652515e-06  3.5968987e-05  6.2580987e-05  
-3.4923201e-05  2.6940128e-05  3.2796153e-05  3.6537571e-06  4.6417303e-06  0.0011238624  2.0888667e-05  0.0000000   -5.0362681e-06  -0.0035233114  2.6097090e-05  1.8080682e-05  -0.00094418985  0.00011531408  -0.00014420879  3.0822232e-05  5.1169990e-06  
2.7283882e-05  -2.8263255e-05  1.3990392e-05  3.2629378e-05  -1.4581895e-05  0.00094418985  0.0015775918  5.0362681e-06  0.0000000   2.0796048e-05  -0.0069295898  -2.0800864e-05  -0.0011238624  -3.4992735e-05  1.3229862e-06  -2.0483124e-05  0.00015675288  
-1.2725553e-05  1.7692560e-05  2.6940128e-05  1.6020188e-05  1.3013875e-05  2.2769619e-05  0.0011238624  0.0035233114  -2.0796048e-05  0.0000000   5.7076158e-06  -0.00011506660  -0.0015775918  1.8080682e-05  -0.0027742953  5.0794902e-05  9.0426505e-05  
-6.0063843e-06  -4.2919443e-05  2.3887962e-05  1.2539525e-05  3.2629378e-05  0.00014420879  0.0027742953  -2.6097090e-05  0.0069295898  -5.7076158e-06  0.0000000   -3.0168992e-06  5.5336616e-06  -6.2415174e-05  -0.0011238624  -0.00015628369  -2.0483124e-05  
-0.00013092983  0.00013518590  -3.9673487e-07  1.5349490e-06  1.7188651e-06  2.0483124e-05  8.0197677e-05  -1.8080682e-05  2.0800864e-05  0.00011506660  3.0168992e-06  0.0000000   3.0649567e-05  -0.0035233114  5.1136674e-06  -0.00094418985  -0.00014420879  
-2.6038817e-05  -1.5383560e-05  -7.0832131e-06  2.6940128e-05  4.7899958e-05  -4.5712598e-06  -1.9973126e-05  0.00094418985  0.0011238624  0.0015775918  -5.5336616e-06  -3.0649567e-05  0.0000000   -5.1640279e-05  -0.0069295898  1.8080682e-05  0.00022566972  
-7.6298084e-05  4.0328222e-06  0.00013518590  -3.2179848e-06  -1.0515402e-06  -7.9981343e-05  2.0483124e-05  -0.00011531408  3.4992735e-05  -1.8080682e-05  6.2415174e-05  0.0035233114  5.1640279e-05  0.0000000   9.0751683e-05  -0.0015775918  -0.0027742953  
5.7053615e-06  5.0982060e-05  -3.7303185e-05  -3.9534465e-05  2.6940128e-05  2.6493238e-05  7.3652515e-06  0.00014420879  -1.3229862e-06  0.0027742953  0.0011238624  -5.1136674e-06  0.0069295898  -9.0751683e-05  0.0000000   -0.00022612798  1.8080682e-05  
-5.3017482e-05  8.3368291e-07  1.9455830e-07  0.00013518590  -5.9503960e-06  -2.1936225e-05  -3.5968987e-05  -3.0822232e-05  2.0483124e-05  -5.0794902e-05  0.00015628369  0.00094418985  -1.8080682e-05  0.0015775918  0.00022612798  0.0000000   -0.0069295898  
-8.7185406e-06  -2.8041856e-06  5.4949131e-06  4.3786635e-06  0.00013518590  -2.8743639e-06  -6.2580987e-05  -5.1169990e-06  -0.00015675288  -9.0426505e-05  2.0483124e-05  0.00014420879  -0.00022566972  0.0027742953  -1.8080682e-05  0.0069295898  0.0000000   
