0.0000000   -0.00010754064  6.4098602e-05  -9.3848920e-05  -6.8796492e-05  -6.9679832e-05  -0.00013331548  -0.00024227855  0.00024984624  -9.0922721e-05  -0.00011855409  4.0750473e-05  -1.1540441e-05  -2.7849414e-05  0.00017691576  3.1658662e-07  -6.6959504e-06  
0.00010754064  0.0000000   -0.0039372381  0.00099546690  0.00092428427  -6.3420132e-08  3.8712526e-06  9.9761616e-07  -1.9004003e-05  -5.8099487e-06  2.5807815e-06  -4.8733187e-07  -4.3057752e-05  -1.8082406e-07  1.3538321e-05  -9.1821996e-07  -3.1448425e-07  
-6.4098602e-05  0.0039372381  0.0000000   0.0027606457  0.0020008624  -1.2738278e-05  -6.3420132e-08  1.5893627e-05  9.9761616e-07  -1.1128683e-05  1.3815251e-05  -2.4911123e-06  -4.8741380e-07  -4.3057752e-05  2.3835297e-05  5.8914422e-07  -5.4232436e-07  
9.3848920e-05  -0.00099546690  -0.0027606457  0.0000000   0.0011444321  2.7026690e-06  7.0603687e-06  -6.0271101e-06  -2.1489418e-05  -6.3420132e-08  9.9761616e-07  -2.8019654e-06  4.3166407e-07  6.2039171e-07  7.3185095e-06  -4.3057752e-05  -2.4813129e-08  
6.8796492e-05  -0.00092428427  -0.0020008624  -0.0011444321  0.0000000   1.7421891e-06  3.8101642e-06  -8.2131157e-06  -1.3122976e-05  2.0996456e-06  -9.0243910e-06  -6.3420132e-08  1.2311933e-07  2.3314563e-09  9.9761616e-07  -5.6800206e-07  -4.3057752e-05  
6.9679832e-05  6.3420132e-08  1.2738278e-05  -2.7026690e-06  -1.7421891e-06  0.0000000   -0.0039372381  0.00069940841  -1.0506739e-06  0.00099546690  -8.3430404e-06  0.00092428427  -3.5415007e-06  0.00019820666  -4.6789631e-06  -5.0869131e-05  -4.6607196e-05  
0.00013331548  -3.8712526e-06  6.3420132e-08  -7.0603687e-06  -3.8101642e-06  0.0039372381  0.0000000   -6.6430197e-06  0.00069940841  0.0027606457  -7.3114330e-07  0.0020008624  -0.00019810583  -3.5415007e-06  2.3325597e-06  -0.00014043619  -0.00010090997  
0.00024227855  -9.9761616e-07  -1.5893627e-05  6.0271101e-06  8.2131157e-06  -0.00069940841  6.6430197e-06  0.0000000   -0.0039372381  7.0134055e-06  0.00099546690  3.5342721e-06  2.1935274e-05  0.00010470050  0.00092428427  -2.9501513e-05  -2.5058793e-05  
-0.00024984624  1.9004003e-05  -9.9761616e-07  2.1489418e-05  1.3122976e-05  1.0506739e-06  -0.00069940841  0.0039372381  0.0000000   -3.0198565e-06  0.0027606457  -5.3224069e-06  -0.00010347632  2.1935274e-05  0.0020008624  -6.9609878e-05  -5.2020263e-05  
9.0922721e-05  5.8099487e-06  1.1128683e-05  6.3420132e-08  -2.0996456e-06  -0.00099546690  -0.0027606457  -7.0134055e-06  3.0198565e-06  0.0000000   0.00069940841  0.0011444321  4.9927342e-05  0.00013913710  -4.4645515e-06  -3.5415007e-06  -5.7723424e-05  
0.00011855409  -2.5807815e-06  -1.3815251e-05  -9.9761616e-07  9.0243910e-06  8.3430404e-06  7.3114330e-07  -0.00099546690  -0.0027606457  -0.00069940841  0.0000000   2.9193015e-06  2.5810656e-05  7.3305606e-05  0.0011444321  2.1935274e-05  -3.0559780e-05  
-4.0750473e-05  4.8733187e-07  2.4911123e-06  2.8019654e-06  6.3420132e-08  -0.00092428427  -0.0020008624  -3.5342721e-06  5.3224069e-06  -0.0011444321  -2.9193015e-06  0.0000000   4.6541072e-05  0.00010037160  0.00069940841  5.8053113e-05  -3.5415007e-06  
1.1540441e-05  4.3057752e-05  4.8741380e-07  -4.3166407e-07  -1.2311933e-07  3.5415007e-06  0.00019810583  -2.1935274e-05  0.00010347632  -4.9927342e-05  -2.5810656e-05  -4.6541072e-05  0.0000000   -0.0039372381  -2.4525710e-05  0.00099546690  0.00092428427  
2.7849414e-05  1.8082406e-07  4.3057752e-05  -6.2039171e-07  -2.3314563e-09  -0.00019820666  3.5415007e-06  -0.00010470050  -2.1935274e-05  -0.00013913710  -7.3305606e-05  -0.00010037160  0.0039372381  0.0000000   -5.2127079e-05  0.0027606457  0.0020008624  
-0.00017691576  -1.3538321e-05  -2.3835297e-05  -7.3185095e-06  -9.9761616e-07  4.6789631e-06  -2.3325597e-06  -0.00092428427  -0.0020008624  4.4645515e-06  -0.0011444321  -0.00069940841  2.4525710e-05  5.2127079e-05  0.0000000   3.2258867e-05  2.1935274e-05  
-3.1658662e-07  9.1821996e-07  -5.8914422e-07  4.3057752e-05  5.6800206e-07  5.0869131e-05  0.00014043619  2.9501513e-05  6.9609878e-05  3.5415007e-06  -2.1935274e-05  -5.8053113e-05  -0.00099546690  -0.0027606457  -3.2258867e-05  0.0000000   0.0011444321  
6.6959504e-06  3.1448425e-07  5.4232436e-07  2.4813129e-08  4.3057752e-05  4.6607196e-05  0.00010090997  2.5058793e-05  5.2020263e-05  5.7723424e-05  3.0559780e-05  3.5415007e-06  -0.00092428427  -0.0020008624  -2.1935274e-05  -0.0011444321  0.0000000   
