0.0000000   -0.0064863308  0.00011626969  -0.00010391285  0.00027547536  -0.00036773544  -0.00012020900  -8.3821241e-06  -1.3425063e-05  -1.2525909e-05  5.7770571e-05  1.8163259e-05  4.6637836e-07  -1.2830873e-05  -2.7332487e-06  0.00014427017  2.1684763e-06  
0.0064863308  0.0000000   -0.0011898017  -1.9414374e-05  -6.7089326e-05  -6.4440548e-05  7.3600204e-06  -1.6826662e-05  -8.6819345e-05  1.4083564e-05  2.7985582e-06  7.7000955e-06  -4.2801180e-05  5.0575385e-06  -4.6048317e-05  1.1147314e-06  -6.7236180e-05  
-0.00011626969  0.0011898017  0.0000000   2.4707642e-05  -0.00030501320  -1.0625597e-06  -6.4440548e-05  1.2435763e-05  -1.6826662e-05  2.3134900e-06  1.2706815e-06  7.7029226e-06  7.7000955e-06  -4.9834785e-07  -2.3009527e-06  7.9454089e-07  -7.7245797e-07  
0.00010391285  1.9414374e-05  -2.4707642e-05  0.0000000   -8.9190949e-06  2.1233688e-06  2.7037627e-06  4.0525505e-07  -7.7276397e-07  -6.4440548e-05  -1.6826662e-05  2.9457470e-09  -1.0310800e-06  -2.8714477e-06  -1.5861675e-06  7.7000955e-06  -7.7641467e-07  
-0.00027547536  6.7089326e-05  0.00030501320  8.9190949e-06  0.0000000   -4.2291556e-08  4.6725729e-09  1.5764105e-06  6.2911342e-06  -3.4487424e-06  -7.5645576e-07  1.0462323e-07  3.4613613e-06  -6.4440548e-05  -1.6826662e-05  4.0966707e-07  7.7000955e-06  
0.00036773544  6.4440548e-05  1.0625597e-06  -2.1233688e-06  4.2291556e-08  0.0000000   -0.0011898017  -1.1271935e-05  0.00022195201  -1.9414374e-05  4.2128635e-06  -5.8926925e-05  -2.6452857e-05  -6.7089326e-05  1.0208802e-05  1.6038604e-06  -5.0062697e-06  
0.00012020900  -7.3600204e-06  6.4440548e-05  -2.7037627e-06  -4.6725729e-09  0.0011898017  0.0000000   -0.00022657819  -1.1271935e-05  2.4707642e-05  -4.1207281e-06  2.4612460e-05  -5.8926925e-05  -0.00030501320  5.7150629e-05  3.0946709e-06  -7.4539481e-06  
8.3821241e-06  1.6826662e-05  -1.2435763e-05  -4.0525505e-07  -1.5764105e-06  1.1271935e-05  0.00022657819  0.0000000   -0.0011898017  3.3917933e-06  -1.9414374e-05  0.00060505344  -1.7081524e-06  1.2770278e-05  -6.7089326e-05  -1.9441413e-05  -1.8105342e-06  
1.3425063e-05  8.6819345e-05  1.6826662e-05  7.7276397e-07  -6.2911342e-06  -0.00022195201  1.1271935e-05  0.0011898017  0.0000000   -4.9798950e-06  2.4707642e-05  1.6191177e-06  0.00060505344  5.8134686e-05  -0.00030501320  -2.5881382e-05  -1.1247537e-06  
1.2525909e-05  -1.4083564e-05  -2.3134900e-06  6.4440548e-05  3.4487424e-06  1.9414374e-05  -2.4707642e-05  -3.3917933e-06  4.9798950e-06  0.0000000   -1.1271935e-05  2.2948125e-06  1.7878993e-06  -8.9190949e-06  1.0884019e-06  -5.8926925e-05  -2.9975674e-06  
-5.7770571e-05  -2.7985582e-06  -1.2706815e-06  1.6826662e-05  7.5645576e-07  -4.2128635e-06  4.1207281e-06  1.9414374e-05  -2.4707642e-05  1.1271935e-05  0.0000000   -1.9000785e-05  -2.3982810e-05  2.1609125e-06  -8.9190949e-06  0.00060505344  2.8196090e-05  
-1.8163259e-05  -7.7000955e-06  -7.7029226e-06  -2.9457470e-09  -1.0462323e-07  5.8926925e-05  -2.4612460e-05  -0.00060505344  -1.6191177e-06  -2.2948125e-06  1.9000785e-05  0.0000000   -0.0011898017  -1.5654685e-06  1.6456463e-06  -1.9414374e-05  -6.7089326e-05  
-4.6637836e-07  4.2801180e-05  -7.7000955e-06  1.0310800e-06  -3.4613613e-06  2.6452857e-05  5.8926925e-05  1.7081524e-06  -0.00060505344  -1.7878993e-06  2.3982810e-05  0.0011898017  0.0000000   -6.2507882e-06  8.9002703e-08  2.4707642e-05  -0.00030501320  
1.2830873e-05  -5.0575385e-06  4.9834785e-07  2.8714477e-06  6.4440548e-05  6.7089326e-05  0.00030501320  -1.2770278e-05  -5.8134686e-05  8.9190949e-06  -2.1609125e-06  1.5654685e-06  6.2507882e-06  0.0000000   -1.1271935e-05  -2.3925467e-06  -5.8926925e-05  
2.7332487e-06  4.6048317e-05  2.3009527e-06  1.5861675e-06  1.6826662e-05  -1.0208802e-05  -5.7150629e-05  6.7089326e-05  0.00030501320  -1.0884019e-06  8.9190949e-06  -1.6456463e-06  -8.9002703e-08  1.1271935e-05  0.0000000   2.6617152e-05  0.00060505344  
-0.00014427017  -1.1147314e-06  -7.9454089e-07  -7.7000955e-06  -4.0966707e-07  -1.6038604e-06  -3.0946709e-06  1.9441413e-05  2.5881382e-05  5.8926925e-05  -0.00060505344  1.9414374e-05  -2.4707642e-05  2.3925467e-06  -2.6617152e-05  0.0000000   -8.9190949e-06  
-2.1684763e-06  6.7236180e-05  7.7245797e-07  7.7641467e-07  -7.7000955e-06  5.0062697e-06  7.4539481e-06  1.8105342e-06  1.1247537e-06  2.9975674e-06  -2.8196090e-05  6.7089326e-05  0.00030501320  5.8926925e-05  -0.00060505344  8.9190949e-06  0.0000000   
