0.0000000   0.0045270656  -0.00096664384  8.6637627e-05  -0.00015046094  0.00014565204  4.8415393e-05  -4.6830073e-05  3.5423532e-05  -1.4595551e-05  5.4359924e-05  -0.00015193221  0.00013670695  -3.4616924e-05  -1.6343348e-05  6.9206453e-06  -5.3457820e-06  
-0.0045270656  0.0000000   0.0085493471  -0.00011725423  -0.00074335958  1.9558602e-05  6.7857855e-07  -1.8968451e-05  -1.6943941e-05  1.4005723e-05  2.7081381e-05  -2.8621020e-06  8.0935989e-07  -2.5680315e-06  6.3460512e-06  -2.5764332e-05  -1.9610173e-06  
0.00096664384  -0.0085493471  0.0000000   -0.00019162931  0.0010278694  -1.6789862e-06  1.9558602e-05  -3.4565394e-06  -1.8968451e-05  -3.1437755e-06  3.0753250e-06  2.7081381e-05  5.5176821e-06  -1.5796999e-06  -6.6813209e-07  6.5613619e-06  3.2305110e-08  
-8.6637627e-05  0.00011725423  0.00019162931  0.0000000   -4.2482599e-05  9.7522767e-07  1.2273316e-06  -6.4907183e-07  -5.9923472e-07  1.9558602e-05  -3.0859601e-07  -6.4350220e-07  4.4142050e-06  -1.8968451e-05  -3.0205980e-06  2.7081381e-05  4.1019848e-06  
0.00015046094  0.00074335958  -0.0010278694  4.2482599e-05  0.0000000   8.2398015e-08  -8.4987288e-07  2.9108973e-06  -5.0646757e-07  2.6125019e-06  -3.9837684e-07  4.8948770e-07  1.9558602e-05  -2.6795831e-06  -1.8968451e-05  4.9946708e-06  2.7081381e-05  
-0.00014565204  -1.9558602e-05  1.6789862e-06  -9.7522767e-07  -8.2398015e-08  0.0000000   0.0085493471  -7.4450772e-06  0.0014783673  -0.00011725423  -0.00014814676  -6.0057679e-05  -0.00074335958  -2.0178759e-05  -0.00012831249  4.3912210e-06  6.8725174e-06  
-4.8415393e-05  -6.7857855e-07  -1.9558602e-05  -1.2273316e-06  8.4987288e-07  -0.0085493471  0.0000000   -0.0014797713  -7.4450772e-06  -0.00019162931  6.1429091e-05  -0.00014814676  0.0010278694  -3.3502796e-05  0.00017791780  -4.1558983e-06  -6.9404472e-06  
4.6830073e-05  1.8968451e-05  3.4565394e-06  6.4907183e-07  -2.9108973e-06  7.4450772e-06  0.0014797713  0.0000000   0.0085493471  -2.0808826e-05  1.4349520e-05  -0.00067930523  -0.00012731416  -0.00011725423  -0.00074335958  9.2017738e-06  5.8727411e-05  
-3.5423532e-05  1.6943941e-05  1.8968451e-05  5.9923472e-07  5.0646757e-07  -0.0014783673  7.4450772e-06  -0.0085493471  0.0000000   -3.2870170e-05  0.00067794624  1.4349520e-05  0.00017870977  -0.00019162931  0.0010278694  1.5548125e-05  -8.1561764e-05  
1.4595551e-05  -1.4005723e-05  3.1437755e-06  -1.9558602e-05  -2.6125019e-06  0.00011725423  0.00019162931  2.0808826e-05  3.2870170e-05  0.0000000   3.3617289e-06  -6.1181012e-06  -4.2482599e-05  -7.4450772e-06  -8.4715010e-06  -0.00014814676  -2.2577572e-05  
-5.4359924e-05  -2.7081381e-05  -3.0753250e-06  3.0859601e-07  3.9837684e-07  0.00014814676  -6.1429091e-05  -1.4349520e-05  -0.00067794624  -3.3617289e-06  0.0000000   0.0085493471  3.7307844e-06  9.6577503e-06  5.9160329e-05  -0.00011725423  -0.00074335958  
0.00015193221  2.8621020e-06  -2.7081381e-05  6.4350220e-07  -4.8948770e-07  6.0057679e-05  0.00014814676  0.00067930523  -1.4349520e-05  6.1181012e-06  -0.0085493471  0.0000000   -7.6600567e-06  1.4763701e-05  -8.1689286e-05  -0.00019162931  0.0010278694  
-0.00013670695  -8.0935989e-07  -5.5176821e-06  -4.4142050e-06  -1.9558602e-05  0.00074335958  -0.0010278694  0.00012731416  -0.00017870977  4.2482599e-05  -3.7307844e-06  7.6600567e-06  0.0000000   6.1228039e-06  -7.4450772e-06  -2.3959924e-05  -0.00014814676  
3.4616924e-05  2.5680315e-06  1.5796999e-06  1.8968451e-05  2.6795831e-06  2.0178759e-05  3.3502796e-05  0.00011725423  0.00019162931  7.4450772e-06  -9.6577503e-06  -1.4763701e-05  -6.1228039e-06  0.0000000   -4.2482599e-05  1.4349520e-05  5.5953543e-06  
1.6343348e-05  -6.3460512e-06  6.6813209e-07  3.0205980e-06  1.8968451e-05  0.00012831249  -0.00017791780  0.00074335958  -0.0010278694  8.4715010e-06  -5.9160329e-05  8.1689286e-05  7.4450772e-06  4.2482599e-05  0.0000000   -1.0700439e-06  1.4349520e-05  
-6.9206453e-06  2.5764332e-05  -6.5613619e-06  -2.7081381e-05  -4.9946708e-06  -4.3912210e-06  4.1558983e-06  -9.2017738e-06  -1.5548125e-05  0.00014814676  0.00011725423  0.00019162931  2.3959924e-05  -1.4349520e-05  1.0700439e-06  0.0000000   -4.2482599e-05  
5.3457820e-06  1.9610173e-06  -3.2305110e-08  -4.1019848e-06  -2.7081381e-05  -6.8725174e-06  6.9404472e-06  -5.8727411e-05  8.1561764e-05  2.2577572e-05  0.00074335958  -0.0010278694  0.00014814676  -5.5953543e-06  -1.4349520e-05  4.2482599e-05  0.0000000   
