0.0000000   -0.00069487248  -6.2687901e-06  1.8722600e-05  -2.9629968e-05  3.3364246e-05  1.6389413e-05  -6.1320959e-05  -5.5454720e-05  1.4718309e-06  -0.00011011203  6.4465570e-05  -6.2060829e-05  -0.00021281574  1.4492355e-05  6.3671637e-06  7.6751670e-05  
0.00069487248  0.0000000   -8.9691077e-06  4.8164515e-06  -3.3615779e-06  -6.0163444e-05  1.6415999e-06  2.5776910e-07  2.2095119e-07  -2.7946079e-05  8.7731230e-07  5.8157697e-07  -1.0262753e-06  2.0905917e-07  2.0757368e-07  1.0492203e-07  -3.5633933e-07  
6.2687901e-06  8.9691077e-06  0.0000000   -0.00036604734  0.00015162055  1.0910382e-07  -3.8334392e-07  -6.0163444e-05  1.6415999e-06  3.5969211e-07  1.8985353e-06  -4.1190001e-06  2.1740942e-06  -2.7946079e-05  5.7020157e-07  1.8808397e-06  -2.9864548e-06  
-1.8722600e-05  -4.8164515e-06  0.00036604734  0.0000000   -0.0022580242  -3.4925579e-07  -6.5645557e-07  3.0517362e-06  3.9769415e-06  3.3554894e-07  -6.0163444e-05  1.6415999e-06  -5.4118221e-06  4.2989985e-06  -1.4863070e-05  -2.7946079e-05  1.0346533e-05  
2.9629968e-05  3.3615779e-06  -0.00015162055  0.0022580242  0.0000000   -1.2472796e-06  -1.6738855e-07  9.2108227e-07  3.7378985e-07  -3.4150081e-07  9.9499755e-06  1.2905516e-05  -6.0163444e-05  5.9197763e-06  1.6415999e-06  -1.2766969e-05  -2.7946079e-05  
-3.3364246e-05  6.0163444e-05  -1.0910382e-07  3.4925579e-07  1.2472796e-06  0.0000000   0.0068159257  -8.9691077e-06  -0.00011586189  -1.3883681e-06  4.8164515e-06  -6.7803359e-05  -3.3615779e-06  7.7376757e-07  4.0967254e-05  -2.1910922e-08  -2.3351046e-07  
-1.6389413e-05  -1.6415999e-06  3.8334392e-07  6.5645557e-07  1.6738855e-07  -0.0068159257  0.0000000   0.00011566861  -8.9691077e-06  -0.00033178140  6.6825707e-05  4.8164515e-06  -4.1406667e-05  4.2714965e-06  -3.3615779e-06  3.3291752e-06  -1.4863570e-06  
6.1320959e-05  -2.5776910e-07  6.0163444e-05  -3.0517362e-06  -9.2108227e-07  8.9691077e-06  -0.00011566861  0.0000000   0.0068159257  -2.6549048e-07  -0.00036604734  -2.8047051e-06  0.00015162055  -1.3883681e-06  2.9019889e-06  1.6434853e-06  -7.8893762e-07  
5.5454720e-05  -2.2095119e-07  -1.6415999e-06  -3.9769415e-06  -3.7378985e-07  0.00011586189  8.9691077e-06  -0.0068159257  0.0000000   5.4175282e-06  3.7590722e-06  -0.00036604734  -3.3917655e-06  -0.00033178140  0.00015162055  4.9565644e-07  -2.7652433e-07  
-1.4718309e-06  2.7946079e-05  -3.5969211e-07  -3.3554894e-07  3.4150081e-07  1.3883681e-06  0.00033178140  2.6549048e-07  -5.4175282e-06  0.0000000   4.0703125e-07  -3.5538320e-06  2.7481639e-07  -8.9691077e-06  1.9411322e-06  4.8164515e-06  -3.3615779e-06  
0.00011011203  -8.7731230e-07  -1.8985353e-06  6.0163444e-05  -9.9499755e-06  -4.8164515e-06  -6.6825707e-05  0.00036604734  -3.7590722e-06  -4.0703125e-07  0.0000000   0.0068159257  -0.0022580242  -1.7932137e-06  1.5725813e-06  -1.3883681e-06  1.0251545e-05  
-6.4465570e-05  -5.8157697e-07  4.1190001e-06  -1.6415999e-06  -1.2905516e-05  6.7803359e-05  -4.8164515e-06  2.8047051e-06  0.00036604734  3.5538320e-06  -0.0068159257  0.0000000   4.6468666e-06  -3.2877600e-07  -0.0022580242  -0.00033178140  2.2822818e-06  
6.2060829e-05  1.0262753e-06  -2.1740942e-06  5.4118221e-06  6.0163444e-05  3.3615779e-06  4.1406667e-05  -0.00015162055  3.3917655e-06  -2.7481639e-07  0.0022580242  -4.6468666e-06  0.0000000   8.5974497e-07  0.0068159257  -1.0273338e-05  -1.3883681e-06  
0.00021281574  -2.0905917e-07  2.7946079e-05  -4.2989985e-06  -5.9197763e-06  -7.7376757e-07  -4.2714965e-06  1.3883681e-06  0.00033178140  8.9691077e-06  1.7932137e-06  3.2877600e-07  -8.5974497e-07  0.0000000   6.8986816e-08  -0.00036604734  0.00015162055  
-1.4492355e-05  -2.0757368e-07  -5.7020157e-07  1.4863070e-05  -1.6415999e-06  -4.0967254e-05  3.3615779e-06  -2.9019889e-06  -0.00015162055  -1.9411322e-06  -1.5725813e-06  0.0022580242  -0.0068159257  -6.8986816e-08  0.0000000   -2.0442890e-06  -0.00033178140  
-6.3671637e-06  -1.0492203e-07  -1.8808397e-06  2.7946079e-05  1.2766969e-05  2.1910922e-08  -3.3291752e-06  -1.6434853e-06  -4.9565644e-07  -4.8164515e-06  1.3883681e-06  0.00033178140  1.0273338e-05  0.00036604734  2.0442890e-06  0.0000000   -0.0022580242  
-7.6751670e-05  3.5633933e-07  2.9864548e-06  -1.0346533e-05  2.7946079e-05  2.3351046e-07  1.4863570e-06  7.8893762e-07  2.7652433e-07  3.3615779e-06  -1.0251545e-05  -2.2822818e-06  1.3883681e-06  -0.00015162055  0.00033178140  0.0022580242  0.0000000   
