0.0000000   -0.00091683519  4.7366039e-05  -0.0011820184  8.4144371e-05  7.5543653e-06  -0.00016838252  -3.8756734e-07  9.5171036e-06  -9.9508442e-05  8.6244271e-05  6.6310076e-06  -1.9051197e-07  -3.0555373e-05  0.00013885987  -4.4900305e-06  -1.5446517e-05  
0.00091683519  0.0000000   2.1113660e-05  0.00084077381  -2.8065855e-05  -4.3541879e-06  9.7893112e-09  6.6600029e-06  -1.3906972e-05  8.3215533e-08  6.8709468e-07  -7.6535229e-06  -6.5099064e-06  4.3278760e-07  -2.8742323e-07  3.0323833e-06  -4.0719181e-07  
-4.7366039e-05  -2.1113660e-05  0.0000000   -0.00014495256  -0.0031114500  2.5134032e-07  -4.3541879e-06  1.8530359e-07  2.5527145e-06  6.6600029e-06  5.3934932e-05  4.6985611e-07  -1.5666268e-08  1.1179516e-05  -6.5099064e-06  4.2391363e-07  1.0161240e-05  
0.0011820184  -0.00084077381  0.00014495256  0.0000000   2.3742630e-05  1.6536582e-05  -2.3857741e-06  -6.1444638e-07  -4.3541879e-06  -7.3238395e-07  2.9789713e-07  6.6600029e-06  5.6793115e-06  -1.0454603e-07  -2.2276153e-07  -6.5099064e-06  -3.9203259e-07  
-8.4144371e-05  2.8065855e-05  0.0031114500  -2.3742630e-05  0.0000000   -3.9425036e-07  -5.7493801e-05  -8.4325901e-09  8.6202701e-07  -1.2460639e-05  -4.3541879e-06  4.3387062e-08  -1.5159993e-07  6.6600029e-06  -7.7901519e-06  4.3003871e-08  -6.5099064e-06  
-7.5543653e-06  4.3541879e-06  -2.5134032e-07  -1.6536582e-05  3.9425036e-07  0.0000000   2.1113660e-05  0.00028614976  0.00084077381  -1.5740354e-06  -2.8065855e-05  -1.0503583e-06  -3.4832899e-05  -6.7104779e-06  3.6014308e-07  -4.7992429e-07  8.1309245e-07  
0.00016838252  -9.7893112e-09  4.3541879e-06  2.3857741e-06  5.7493801e-05  -2.1113660e-05  0.0000000   -1.9525264e-06  -0.00014495256  0.00028614976  -0.0031114500  -1.0088192e-05  6.1042680e-07  -8.8504154e-07  -3.4832899e-05  2.2648924e-06  2.0654861e-06  
3.8756734e-07  -6.6600029e-06  -1.8530359e-07  6.1444638e-07  8.4325901e-09  -0.00028614976  1.9525264e-06  0.0000000   1.8748483e-06  2.1113660e-05  6.3791542e-06  0.00084077381  6.8361160e-05  -2.8065855e-05  -7.7712314e-07  -1.1069801e-06  -1.5173027e-06  
-9.5171036e-06  1.3906972e-05  -2.5527145e-06  4.3541879e-06  -8.6202701e-07  -0.00084077381  0.00014495256  -1.8748483e-06  0.0000000   -9.1906981e-06  2.3742630e-05  0.00028614976  7.6800245e-07  -2.4651129e-05  1.1460871e-06  -3.4832899e-05  2.9726883e-06  
9.9508442e-05  -8.3215533e-08  -6.6600029e-06  7.3238395e-07  1.2460639e-05  1.5740354e-06  -0.00028614976  -2.1113660e-05  9.1906981e-06  0.0000000   -1.9863643e-06  -0.00014495256  -7.6922278e-08  -0.0031114500  6.8361160e-05  -1.4398299e-06  2.8803254e-06  
-8.6244271e-05  -6.8709468e-07  -5.3934932e-05  -2.9789713e-07  4.3541879e-06  2.8065855e-05  0.0031114500  -6.3791542e-06  -2.3742630e-05  1.9863643e-06  0.0000000   -2.4198946e-05  5.7404615e-07  0.00028614976  -2.2810173e-06  2.4788450e-06  -3.4832899e-05  
-6.6310076e-06  7.6535229e-06  -4.6985611e-07  -6.6600029e-06  -4.3387062e-08  1.0503583e-06  1.0088192e-05  -0.00084077381  -0.00028614976  0.00014495256  2.4198946e-05  0.0000000   3.9022308e-07  2.3742630e-05  -3.0271106e-06  6.8361160e-05  -5.8217659e-06  
1.9051197e-07  6.5099064e-06  1.5666268e-08  -5.6793115e-06  1.5159993e-07  3.4832899e-05  -6.1042680e-07  -6.8361160e-05  -7.6800245e-07  7.6922278e-08  -5.7404615e-07  -3.9022308e-07  0.0000000   1.5379840e-06  2.1113660e-05  0.00084077381  -2.8065855e-05  
3.0555373e-05  -4.3278760e-07  -1.1179516e-05  1.0454603e-07  -6.6600029e-06  6.7104779e-06  8.8504154e-07  2.8065855e-05  2.4651129e-05  0.0031114500  -0.00028614976  -2.3742630e-05  -1.5379840e-06  0.0000000   -2.6370692e-06  -5.6746117e-06  6.8361160e-05  
-0.00013885987  2.8742323e-07  6.5099064e-06  2.2276153e-07  7.7901519e-06  -3.6014308e-07  3.4832899e-05  7.7712314e-07  -1.1460871e-06  -6.8361160e-05  2.2810173e-06  3.0271106e-06  -2.1113660e-05  2.6370692e-06  0.0000000   -0.00014495256  -0.0031114500  
4.4900305e-06  -3.0323833e-06  -4.2391363e-07  6.5099064e-06  -4.3003871e-08  4.7992429e-07  -2.2648924e-06  1.1069801e-06  3.4832899e-05  1.4398299e-06  -2.4788450e-06  -6.8361160e-05  -0.00084077381  5.6746117e-06  0.00014495256  0.0000000   2.3742630e-05  
1.5446517e-05  4.0719181e-07  -1.0161240e-05  3.9203259e-07  6.5099064e-06  -8.1309245e-07  -2.0654861e-06  1.5173027e-06  -2.9726883e-06  -2.8803254e-06  3.4832899e-05  5.8217659e-06  2.8065855e-05  -6.8361160e-05  0.0031114500  -2.3742630e-05  0.0000000   
