0.0000000   -0.0022966821  6.3891840e-05  -0.00023236453  -1.0300508e-05  -6.9141370e-06  -0.00016521237  -0.00017921359  5.4546539e-06  -2.6782672e-06  0.00013500932  -8.6947404e-05  -9.7743082e-07  -6.1008377e-06  -2.4915358e-05  7.6885617e-07  -1.1194991e-05  
0.0022966821  0.0000000   7.9471528e-06  2.5757366e-05  7.2955964e-05  2.2838021e-06  0.00018757402  -9.5427439e-07  1.8189249e-06  -1.1880740e-05  -3.8264385e-07  5.9644409e-07  4.4665854e-06  -8.5501458e-07  -1.0545216e-06  -1.1776831e-05  9.6633908e-07  
-6.3891840e-05  -7.9471528e-06  0.0000000   8.6378317e-05  0.0015965013  -2.6176059e-07  1.1313346e-05  2.2838021e-06  0.00018757402  -4.2843195e-07  -1.6786923e-05  -1.0171254e-05  -3.0681068e-08  1.1739521e-06  4.4665854e-06  -5.3390645e-08  3.1643430e-07  
0.00023236453  -2.5757366e-05  -8.6378317e-05  0.0000000   -0.00010574683  1.8071584e-06  -9.6483375e-07  1.8597241e-07  -1.7598717e-05  2.2838021e-06  0.00018757402  1.0299357e-06  1.0486250e-06  2.2351138e-05  -5.5518808e-07  4.4665854e-06  6.0674870e-07  
1.0300508e-05  -7.2955964e-05  -0.0015965013  0.00010574683  0.0000000   4.5308688e-07  -4.8432639e-06  9.1787336e-06  1.0082546e-06  -4.7797140e-07  2.2872574e-05  2.2838021e-06  -6.3972581e-08  0.00018757402  -4.3511157e-07  4.9747722e-07  4.4665854e-06  
6.9141370e-06  -2.2838021e-06  2.6176059e-07  -1.8071584e-06  -4.5308688e-07  0.0000000   1.9168035e-06  7.9471528e-06  6.0638650e-07  2.5757366e-05  2.5158760e-06  7.2955964e-05  6.0190343e-05  4.3498073e-06  3.3874125e-06  -2.9640408e-07  -1.3321675e-06  
0.00016521237  -0.00018757402  -1.1313346e-05  9.6483375e-07  4.8432639e-06  -1.9168035e-06  0.0000000   3.7030348e-07  7.9471528e-06  7.2910851e-07  2.5757366e-05  4.5801404e-06  4.6362312e-06  7.2955964e-05  2.5275894e-07  -6.6536330e-07  5.5429737e-07  
0.00017921359  9.5427439e-07  -2.2838021e-06  -1.8597241e-07  -9.1787336e-06  -7.9471528e-06  -3.7030348e-07  0.0000000   1.9168035e-06  8.6378317e-05  5.0392190e-06  0.0015965013  4.4013393e-06  9.7049008e-05  6.0190343e-05  -6.2859564e-06  2.6553076e-09  
-5.4546539e-06  -1.8189249e-06  -0.00018757402  1.7598717e-05  -1.0082546e-06  -6.0638650e-07  -7.9471528e-06  -1.9168035e-06  0.0000000   5.4462447e-06  8.6378317e-05  9.7139664e-05  1.9178948e-07  0.0015965013  4.6362312e-06  2.8754873e-07  1.2534179e-05  
2.6782672e-06  1.1880740e-05  4.2843195e-07  -2.2838021e-06  4.7797140e-07  -2.5757366e-05  -7.2910851e-07  -8.6378317e-05  -5.4462447e-06  0.0000000   1.9168035e-06  -0.00010574683  -2.3466337e-07  -6.1518039e-06  -5.1938454e-06  6.0190343e-05  7.1662722e-06  
-0.00013500932  3.8264385e-07  1.6786923e-05  -0.00018757402  -2.2872574e-05  -2.5158760e-06  -2.5757366e-05  -5.0392190e-06  -8.6378317e-05  -1.9168035e-06  0.0000000   -6.7185572e-06  -8.4475459e-07  -0.00010574683  -1.0128474e-06  4.6362312e-06  -3.4373669e-07  
8.6947404e-05  -5.9644409e-07  1.0171254e-05  -1.0299357e-06  -2.2838021e-06  -7.2955964e-05  -4.5801404e-06  -0.0015965013  -9.7139664e-05  0.00010574683  6.7185572e-06  0.0000000   -8.1359589e-07  1.9168035e-06  7.4982444e-07  6.6037312e-06  6.0190343e-05  
9.7743082e-07  -4.4665854e-06  3.0681068e-08  -1.0486250e-06  6.3972581e-08  -6.0190343e-05  -4.6362312e-06  -4.4013393e-06  -1.9178948e-07  2.3466337e-07  8.4475459e-07  8.1359589e-07  0.0000000   6.3777221e-07  7.9471528e-06  2.5757366e-05  7.2955964e-05  
6.1008377e-06  8.5501458e-07  -1.1739521e-06  -2.2351138e-05  -0.00018757402  -4.3498073e-06  -7.2955964e-05  -9.7049008e-05  -0.0015965013  6.1518039e-06  0.00010574683  -1.9168035e-06  -6.3777221e-07  0.0000000   -1.2471133e-05  1.3404941e-06  4.6362312e-06  
2.4915358e-05  1.0545216e-06  -4.4665854e-06  5.5518808e-07  4.3511157e-07  -3.3874125e-06  -2.5275894e-07  -6.0190343e-05  -4.6362312e-06  5.1938454e-06  1.0128474e-06  -7.4982444e-07  -7.9471528e-06  1.2471133e-05  0.0000000   8.6378317e-05  0.0015965013  
-7.6885617e-07  1.1776831e-05  5.3390645e-08  -4.4665854e-06  -4.9747722e-07  2.9640408e-07  6.6536330e-07  6.2859564e-06  -2.8754873e-07  -6.0190343e-05  -4.6362312e-06  -6.6037312e-06  -2.5757366e-05  -1.3404941e-06  -8.6378317e-05  0.0000000   -0.00010574683  
1.1194991e-05  -9.6633908e-07  -3.1643430e-07  -6.0674870e-07  -4.4665854e-06  1.3321675e-06  -5.5429737e-07  -2.6553076e-09  -1.2534179e-05  -7.1662722e-06  3.4373669e-07  -6.0190343e-05  -7.2955964e-05  -4.6362312e-06  -0.0015965013  0.00010574683  0.0000000   
