0.0000000   1.0633839e-05  -0.00049158767  -2.3562675e-05  -0.00012166987  0.00012033034  7.7893505e-06  1.4011120e-05  5.5414035e-05  2.0726766e-06  -8.5899343e-07  4.4786709e-06  -6.7779231e-05  9.0785106e-06  -7.9948020e-05  0.00028607653  -0.00015491632  
-1.0633839e-05  0.0000000   -1.3816965e-06  7.8577586e-06  -1.1457618e-05  -2.0139342e-05  -2.2083891e-07  0.00025253204  1.2503798e-05  5.8251142e-07  -5.5754521e-06  -1.5452295e-05  -5.0298187e-06  4.0993065e-07  -1.5642193e-06  1.9265324e-05  -1.0478411e-05  
0.00049158767  1.3816965e-06  0.0000000   0.00013064175  0.0014692062  -4.0387617e-07  -2.0139342e-05  8.4344283e-06  0.00025253204  -1.8379501e-06  7.6735028e-08  1.3224209e-06  -1.5452295e-05  -7.8935288e-06  -5.9151781e-07  3.9922632e-07  -5.4213876e-07  
2.3562675e-05  -7.8577586e-06  -0.00013064175  0.0000000   0.0015114185  4.1260247e-07  4.6786364e-07  -5.5445384e-06  3.3972957e-07  -2.0139342e-05  0.00025253204  4.2692807e-07  6.1987381e-08  -4.9659619e-06  -7.7132238e-07  -1.5452295e-05  -3.5022567e-07  
0.00012166987  1.1457618e-05  -0.0014692062  -0.0015114185  0.0000000   -3.2484952e-07  5.0956240e-06  3.6090162e-06  6.3029660e-07  4.5066936e-06  1.9320645e-07  2.2768953e-07  4.9180823e-07  -2.0139342e-05  0.00025253204  4.2058731e-07  -1.5452295e-05  
-0.00012033034  2.0139342e-05  4.0387617e-07  -4.1260247e-07  3.2484952e-07  0.0000000   -1.3816965e-06  2.6433622e-06  -8.8340257e-08  7.8577586e-06  9.8439315e-07  -7.0349965e-05  -2.5326886e-06  -1.1457618e-05  -1.4140285e-06  1.6314337e-06  -1.1493752e-06  
-7.7893505e-06  2.2083891e-07  2.0139342e-05  -4.6786364e-07  -5.0956240e-06  1.3816965e-06  0.0000000   3.2141265e-07  2.6433622e-06  0.00013064175  1.6543609e-05  -2.4715361e-06  -7.0349965e-05  0.0014692062  0.00018574390  1.3401081e-06  4.6671364e-06  
-1.4011120e-05  -0.00025253204  -8.4344283e-06  5.5445384e-06  -3.6090162e-06  -2.6433622e-06  -3.2141265e-07  0.0000000   -1.3816965e-06  1.0906871e-06  7.8577586e-06  0.0011425246  4.0038916e-05  -1.4061102e-06  -1.1457618e-05  -2.5220343e-05  1.6960370e-05  
-5.5414035e-05  -1.2503798e-05  -0.00025253204  -3.3972957e-07  -6.3029660e-07  8.8340257e-08  -2.6433622e-06  1.3816965e-06  0.0000000   1.6694734e-05  0.00013064175  3.9778105e-05  0.0011425246  0.00018637251  0.0014692062  1.5107018e-06  7.9452531e-07  
-2.0726766e-06  -5.8251142e-07  1.8379501e-06  2.0139342e-05  -4.5066936e-06  -7.8577586e-06  -0.00013064175  -1.0906871e-06  -1.6694734e-05  0.0000000   2.6433622e-06  1.4892775e-06  -3.6091110e-07  0.0015114185  0.00019158025  -7.0349965e-05  5.8914706e-06  
8.5899343e-07  5.5754521e-06  -7.6735028e-08  -0.00025253204  -1.9320645e-07  -9.8439315e-07  -1.6543609e-05  -7.8577586e-06  -0.00013064175  -2.6433622e-06  0.0000000   -2.4974706e-05  1.4342803e-06  0.00019134928  0.0015114185  0.0011425246  -8.7576261e-07  
-4.4786709e-06  1.5452295e-05  -1.3224209e-06  -4.2692807e-07  -2.2768953e-07  7.0349965e-05  2.4715361e-06  -0.0011425246  -3.9778105e-05  -1.4892775e-06  2.4974706e-05  0.0000000   -1.3816965e-06  1.0592249e-06  -1.7137001e-05  7.8577586e-06  -1.1457618e-05  
6.7779231e-05  5.0298187e-06  1.5452295e-05  -6.1987381e-08  -4.9180823e-07  2.5326886e-06  7.0349965e-05  -4.0038916e-05  -0.0011425246  3.6091110e-07  -1.4342803e-06  1.3816965e-06  0.0000000   4.8155902e-06  -2.1184379e-07  0.00013064175  0.0014692062  
-9.0785106e-06  -4.0993065e-07  7.8935288e-06  4.9659619e-06  2.0139342e-05  1.1457618e-05  -0.0014692062  1.4061102e-06  -0.00018637251  -0.0015114185  -0.00019134928  -1.0592249e-06  -4.8155902e-06  0.0000000   2.6433622e-06  -7.1580953e-06  -7.0349965e-05  
7.9948020e-05  1.5642193e-06  5.9151781e-07  7.7132238e-07  -0.00025253204  1.4140285e-06  -0.00018574390  1.1457618e-05  -0.0014692062  -0.00019158025  -0.0015114185  1.7137001e-05  2.1184379e-07  -2.6433622e-06  0.0000000   -1.6602145e-06  0.0011425246  
-0.00028607653  -1.9265324e-05  -3.9922632e-07  1.5452295e-05  -4.2058731e-07  -1.6314337e-06  -1.3401081e-06  2.5220343e-05  -1.5107018e-06  7.0349965e-05  -0.0011425246  -7.8577586e-06  -0.00013064175  7.1580953e-06  1.6602145e-06  0.0000000   0.0015114185  
0.00015491632  1.0478411e-05  5.4213876e-07  3.5022567e-07  1.5452295e-05  1.1493752e-06  -4.6671364e-06  -1.6960370e-05  -7.9452531e-07  -5.8914706e-06  8.7576261e-07  1.1457618e-05  -0.0014692062  7.0349965e-05  -0.0011425246  -0.0015114185  0.0000000   
