0.0000000   -7.6585879e-05  -0.00090305474  -1.2779676e-05  3.8880054e-05  -8.7603202e-06  0.00011336761  -8.2472610e-05  -6.0745372e-06  2.4901186e-08  1.0885298e-05  8.5556590e-05  -1.9175160e-05  -0.00017258598  1.1645003e-05  -0.00019616889  4.4471634e-06  
7.6585879e-05  0.0000000   2.9508171e-06  -0.00072986928  8.8218644e-05  7.3134266e-05  -1.8084233e-05  -1.3945329e-05  2.1799651e-06  -1.3089941e-06  -8.4012312e-06  -7.0297857e-06  2.5998424e-06  7.9842429e-06  8.5537021e-07  9.5121468e-06  4.0586062e-07  
0.00090305474  -2.9508171e-06  0.0000000   6.2258974e-05  0.0012018227  -1.5883754e-05  7.3134266e-05  2.2152365e-06  -1.3945329e-05  -3.0765172e-06  1.2062195e-06  1.9933132e-06  -7.0297857e-06  1.8242133e-06  1.5876616e-05  -7.4076101e-07  6.1515347e-06  
1.2779676e-05  0.00072986928  -6.2258974e-05  0.0000000   -4.5592359e-05  1.0405832e-06  6.1735539e-07  7.8031767e-06  -8.7348088e-07  7.3134266e-05  -1.3945329e-05  1.1040062e-06  -9.3923124e-08  4.0095142e-07  -5.4827478e-07  -7.0297857e-06  -5.4129834e-08  
-3.8880054e-05  -8.8218644e-05  -0.0012018227  4.5592359e-05  0.0000000   -1.4528796e-06  -1.6037457e-06  -6.4510685e-07  -1.2727791e-05  7.8181358e-07  3.5466687e-07  -3.8160202e-08  -1.9533347e-06  7.3134266e-05  -1.3945329e-05  8.7332121e-08  -7.0297857e-06  
8.7603202e-06  -7.3134266e-05  1.5883754e-05  -1.0405832e-06  1.4528796e-06  0.0000000   2.9508171e-06  -4.9447988e-06  1.5158926e-06  -0.00072986928  -0.00018141917  -0.00012276179  2.0187889e-05  8.8218644e-05  2.2002199e-05  9.3979928e-06  1.4906747e-06  
-0.00011336761  1.8084233e-05  -7.3134266e-05  -6.1735539e-07  1.6037457e-06  -2.9508171e-06  0.0000000   4.8432289e-08  -4.9447988e-06  6.2258974e-05  1.5349428e-05  2.0055501e-05  -0.00012276179  0.0012018227  0.00029827768  -1.8004028e-06  -1.5058059e-05  
8.2472610e-05  1.3945329e-05  -2.2152365e-06  -7.8031767e-06  6.4510685e-07  4.9447988e-06  -4.8432289e-08  0.0000000   2.9508171e-06  -0.00018171859  -0.00072986928  -0.0010251832  0.00016824245  2.1824138e-05  8.8218644e-05  -1.9719477e-06  2.1522223e-05  
6.0745372e-06  -2.1799651e-06  1.3945329e-05  8.7348088e-07  1.2727791e-05  -1.5158926e-06  4.9447988e-06  -2.9508171e-06  0.0000000   1.5489344e-05  6.2258974e-05  0.00016728417  -0.0010251832  0.00029971131  0.0012018227  -7.7626555e-06  -3.1641272e-07  
-2.4901186e-08  1.3089941e-06  3.0765172e-06  -7.3134266e-05  -7.8181358e-07  0.00072986928  -6.2258974e-05  0.00018171859  -1.5489344e-05  0.0000000   -4.9447988e-06  -9.1116333e-06  -2.6346429e-07  -4.5592359e-05  -1.1416409e-05  -0.00012276179  -4.0601605e-07  
-1.0885298e-05  8.4012312e-06  -1.2062195e-06  1.3945329e-05  -3.5466687e-07  0.00018141917  -1.5349428e-05  0.00072986928  -6.2258974e-05  4.9447988e-06  0.0000000   3.3898313e-07  -9.2042963e-06  -1.1417886e-05  -4.5592359e-05  -0.0010251832  -7.8657985e-06  
-8.5556590e-05  7.0297857e-06  -1.9933132e-06  -1.1040062e-06  3.8160202e-08  0.00012276179  -2.0055501e-05  0.0010251832  -0.00016728417  9.1116333e-06  -3.3898313e-07  0.0000000   2.9508171e-06  -3.7165305e-06  -2.1122920e-05  -0.00072986928  8.8218644e-05  
1.9175160e-05  -2.5998424e-06  7.0297857e-06  9.3923124e-08  1.9533347e-06  -2.0187889e-05  0.00012276179  -0.00016824245  0.0010251832  2.6346429e-07  9.2042963e-06  -2.9508171e-06  0.0000000   -1.4908136e-05  4.0602855e-06  6.2258974e-05  0.0012018227  
0.00017258598  -7.9842429e-06  -1.8242133e-06  -4.0095142e-07  -7.3134266e-05  -8.8218644e-05  -0.0012018227  -2.1824138e-05  -0.00029971131  4.5592359e-05  1.1417886e-05  3.7165305e-06  1.4908136e-05  0.0000000   -4.9447988e-06  -1.6056026e-06  -0.00012276179  
-1.1645003e-05  -8.5537021e-07  -1.5876616e-05  5.4827478e-07  1.3945329e-05  -2.2002199e-05  -0.00029827768  -8.8218644e-05  -0.0012018227  1.1416409e-05  4.5592359e-05  2.1122920e-05  -4.0602855e-06  4.9447988e-06  0.0000000   -8.3137183e-06  -0.0010251832  
0.00019616889  -9.5121468e-06  7.4076101e-07  7.0297857e-06  -8.7332121e-08  -9.3979928e-06  1.8004028e-06  1.9719477e-06  7.7626555e-06  0.00012276179  0.0010251832  0.00072986928  -6.2258974e-05  1.6056026e-06  8.3137183e-06  0.0000000   -4.5592359e-05  
-4.4471634e-06  -4.0586062e-07  -6.1515347e-06  5.4129834e-08  7.0297857e-06  -1.4906747e-06  1.5058059e-05  -2.1522223e-05  3.1641272e-07  4.0601605e-07  7.8657985e-06  -8.8218644e-05  -0.0012018227  0.00012276179  0.0010251832  4.5592359e-05  0.0000000   
