0.0000000   1.5000703e-05  -0.00024924953  -0.00011002626  5.5054263e-06  1.4617808e-05  -2.5191320e-05  -0.00026351393  0.00012865666  1.1713075e-05  -2.0644910e-05  2.6851263e-07  -2.1577299e-06  0.00017328643  7.4055549e-06  -1.2086528e-05  1.5865544e-06  
-1.5000703e-05  0.0000000   -0.00012334142  -0.0017316922  0.00025027899  2.9149067e-05  0.00021085451  4.0818594e-05  4.2240375e-06  -2.8044849e-06  -6.1555797e-07  -9.6933271e-07  5.2238636e-07  -2.4955871e-05  -1.0714122e-07  7.9637051e-07  -1.9970551e-08  
0.00024924953  0.00012334142  0.0000000   -0.00011868884  -6.9439584e-05  1.1196798e-06  2.4686504e-05  2.9149067e-05  0.00021085451  5.1172118e-06  -9.6580764e-07  3.4466499e-05  -3.9558690e-07  -6.1555797e-07  -9.7888905e-06  1.8082789e-07  -1.2958372e-06  
0.00011002626  0.0017316922  0.00011868884  0.0000000   -0.0011406327  -4.9630980e-07  -1.9259350e-06  7.9042486e-06  3.1493574e-05  2.9149067e-05  6.8167256e-07  0.00021085451  2.9954845e-08  -2.2077773e-06  1.4432680e-06  -6.1555797e-07  -1.1945930e-06  
-5.5054263e-06  -0.00025027899  6.9439584e-05  0.0011406327  0.0000000   2.5239688e-07  9.2260090e-07  -4.4317725e-06  -8.0716067e-06  7.8090094e-07  -3.5804494e-07  1.2128658e-07  2.9149067e-05  2.1330402e-06  0.00021085451  4.5869885e-07  -6.1555797e-07  
-1.4617808e-05  -2.9149067e-05  -1.1196798e-06  4.9630980e-07  -2.5239688e-07  0.0000000   0.00013521741  -0.00012334142  1.3483211e-05  -0.0017316922  0.00014265487  -1.2860201e-06  0.00025027899  1.3952568e-05  6.5412569e-07  -1.0998423e-06  7.8617708e-07  
2.5191320e-05  -0.00021085451  -2.4686504e-05  1.9259350e-06  -9.2260090e-07  -0.00013521741  0.0000000   -1.6548497e-05  -0.00012334142  1.4912577e-06  6.3512726e-05  -0.0017316922  -6.3852441e-07  8.3013179e-06  0.00025027899  1.3380706e-06  -7.3489260e-08  
0.00026351393  -4.0818594e-05  -2.9149067e-05  -7.9042486e-06  4.4317725e-06  0.00012334142  1.6548497e-05  0.0000000   0.00013521741  -0.00011868884  1.4053540e-05  2.2593818e-05  -6.9439584e-05  0.00014265487  -6.3491394e-06  2.2655770e-05  -7.8053760e-06  
-0.00012865666  -4.2240375e-06  -0.00021085451  -3.1493574e-05  8.0716067e-06  -1.3483211e-05  0.00012334142  -0.00013521741  0.0000000   -2.1581082e-05  7.2419389e-06  -0.00011868884  5.6458027e-06  6.3512726e-05  -6.9439584e-05  9.9821444e-06  -2.1408803e-06  
-1.1713075e-05  2.8044849e-06  -5.1172118e-06  -2.9149067e-05  -7.8090094e-07  0.0017316922  -1.4912577e-06  0.00011868884  2.1581082e-05  0.0000000   -1.5008122e-06  0.00013521741  -0.0011406327  2.2876537e-05  6.3917162e-07  0.00014265487  7.6895230e-07  
2.0644910e-05  6.1555797e-07  9.6580764e-07  -6.8167256e-07  3.5804494e-07  -0.00014265487  -6.3512726e-05  -1.4053540e-05  -7.2419389e-06  1.5008122e-06  0.0000000   2.7063088e-06  -6.8193414e-07  -0.00012334142  -6.7384426e-07  -0.0017316922  0.00025027899  
-2.6851263e-07  9.6933271e-07  -3.4466499e-05  -0.00021085451  -1.2128658e-07  1.2860201e-06  0.0017316922  -2.2593818e-05  0.00011868884  -0.00013521741  -2.7063088e-06  0.0000000   -5.4160781e-07  1.0728607e-05  -0.0011406327  6.3512726e-05  1.5976042e-06  
2.1577299e-06  -5.2238636e-07  3.9558690e-07  -2.9954845e-08  -2.9149067e-05  -0.00025027899  6.3852441e-07  6.9439584e-05  -5.6458027e-06  0.0011406327  6.8193414e-07  5.4160781e-07  0.0000000   -5.8204195e-06  0.00013521741  4.5233100e-07  0.00014265487  
-0.00017328643  2.4955871e-05  6.1555797e-07  2.2077773e-06  -2.1330402e-06  -1.3952568e-05  -8.3013179e-06  -0.00014265487  -6.3512726e-05  -2.2876537e-05  0.00012334142  -1.0728607e-05  5.8204195e-06  0.0000000   3.1039862e-06  -0.00011868884  -6.9439584e-05  
-7.4055549e-06  1.0714122e-07  9.7888905e-06  -1.4432680e-06  -0.00021085451  -6.5412569e-07  -0.00025027899  6.3491394e-06  6.9439584e-05  -6.3917162e-07  6.7384426e-07  0.0011406327  -0.00013521741  -3.1039862e-06  0.0000000   -1.0502882e-06  6.3512726e-05  
1.2086528e-05  -7.9637051e-07  -1.8082789e-07  6.1555797e-07  -4.5869885e-07  1.0998423e-06  -1.3380706e-06  -2.2655770e-05  -9.9821444e-06  -0.00014265487  0.0017316922  -6.3512726e-05  -4.5233100e-07  0.00011868884  1.0502882e-06  0.0000000   -0.0011406327  
-1.5865544e-06  1.9970551e-08  1.2958372e-06  1.1945930e-06  6.1555797e-07  -7.8617708e-07  7.3489260e-08  7.8053760e-06  2.1408803e-06  -7.6895230e-07  -0.00025027899  -1.5976042e-06  -0.00014265487  6.9439584e-05  -6.3512726e-05  0.0011406327  0.0000000   
