0.0000000   0.0034291942  -0.00048904613  -0.00019216161  -2.3961767e-06  0.00013973593  -5.8013426e-06  -1.1541117e-05  3.2005494e-05  -0.00010255438  8.6265265e-05  1.5625262e-05  3.7596449e-06  7.9513144e-05  5.0568433e-06  -2.0194674e-06  0.00018686334  
-0.0034291942  0.0000000   -6.2269777e-05  -0.00056695016  -4.7112264e-05  9.1510735e-05  1.7779200e-05  -0.00040958530  9.2028474e-05  -2.2528502e-06  -4.7464737e-06  6.2744627e-06  5.9484657e-06  -6.0829290e-07  -1.8382975e-06  -1.2936421e-06  -1.3010951e-06  
0.00048904613  6.2269777e-05  0.0000000   7.4908024e-05  -0.00053423825  -3.0283344e-05  9.1510735e-05  0.00011406615  -0.00040958530  7.5168567e-06  -2.0571369e-05  -3.5207662e-07  -1.6152855e-06  6.2744627e-06  -6.2045671e-08  5.1808868e-07  -6.4581654e-06  
0.00019216161  0.00056695016  -7.4908024e-05  0.0000000   4.1487955e-06  1.1611555e-06  1.5746401e-06  -2.2972929e-06  -1.7104096e-05  9.1510735e-05  -0.00040958530  1.9294615e-06  3.7051633e-07  1.9647675e-07  -2.9992225e-06  6.2744627e-06  4.6008919e-07  
2.3961767e-06  4.7112264e-05  0.00053423825  -4.1487955e-06  0.0000000   1.9399339e-06  5.7361556e-07  2.6173417e-06  4.9411880e-07  -1.1185602e-06  -1.7172053e-06  3.4527350e-07  9.1510735e-05  2.5533844e-06  -0.00040958530  5.1560678e-09  6.2744627e-06  
-0.00013973593  -9.1510735e-05  3.0283344e-05  -1.1611555e-06  -1.9399339e-06  0.0000000   -6.2269777e-05  0.0051494156  -0.0014211019  -0.00056695016  3.5033135e-05  -3.1855690e-06  -4.7112264e-05  -4.5627685e-07  -3.5419834e-05  -1.1163652e-05  -1.3327172e-06  
5.8013426e-06  -1.7779200e-05  -9.1510735e-05  -1.5746401e-06  -5.7361556e-07  6.2269777e-05  0.0000000   -0.0014199964  0.0051494156  7.4908024e-05  0.00022900966  1.9259891e-06  -0.00053423825  -3.1855690e-06  3.9949216e-06  1.3551354e-06  -1.2845742e-05  
1.1541117e-05  0.00040958530  -0.00011406615  2.2972929e-06  -2.6173417e-06  -0.0051494156  0.0014199964  0.0000000   -6.2269777e-05  -3.5739130e-05  -0.00056695016  -4.3719722e-05  3.5178580e-05  1.2231350e-05  -4.7112264e-05  2.2523846e-07  6.2866650e-07  
-3.2005494e-05  -9.2028474e-05  0.00040958530  1.7104096e-05  -4.9411880e-07  0.0014211019  -0.0051494156  6.2269777e-05  0.0000000   -0.00023069510  7.4908024e-05  1.1982906e-05  -4.2619994e-06  -4.3719722e-05  -0.00053423825  -2.0369041e-06  1.5907656e-06  
0.00010255438  2.2528502e-06  -7.5168567e-06  -9.1510735e-05  1.1185602e-06  0.00056695016  -7.4908024e-05  3.5739130e-05  0.00023069510  0.0000000   0.0051494156  1.1486229e-05  4.1487955e-06  -1.6003680e-06  4.1240472e-05  -3.1855690e-06  2.1121367e-07  
-8.6265265e-05  4.7464737e-06  2.0571369e-05  0.00040958530  1.7172053e-06  -3.5033135e-05  -0.00022900966  0.00056695016  -7.4908024e-05  -0.0051494156  0.0000000   -1.1232652e-06  -4.0928188e-05  -1.8131350e-06  4.1487955e-06  -4.3719722e-05  -2.9064539e-07  
-1.5625262e-05  -6.2744627e-06  3.5207662e-07  -1.9294615e-06  -3.4527350e-07  3.1855690e-06  -1.9259891e-06  4.3719722e-05  -1.1982906e-05  -1.1486229e-05  1.1232652e-06  0.0000000   -9.0412087e-07  -6.2269777e-05  -2.5837046e-07  -0.00056695016  -4.7112264e-05  
-3.7596449e-06  -5.9484657e-06  1.6152855e-06  -3.7051633e-07  -9.1510735e-05  4.7112264e-05  0.00053423825  -3.5178580e-05  4.2619994e-06  -4.1487955e-06  4.0928188e-05  9.0412087e-07  0.0000000   1.0342042e-05  0.0051494156  -1.0320217e-07  -3.1855690e-06  
-7.9513144e-05  6.0829290e-07  -6.2744627e-06  -1.9647675e-07  -2.5533844e-06  4.5627685e-07  3.1855690e-06  -1.2231350e-05  4.3719722e-05  1.6003680e-06  1.8131350e-06  6.2269777e-05  -1.0342042e-05  0.0000000   4.2485507e-07  7.4908024e-05  -0.00053423825  
-5.0568433e-06  1.8382975e-06  6.2045671e-08  2.9992225e-06  0.00040958530  3.5419834e-05  -3.9949216e-06  4.7112264e-05  0.00053423825  -4.1240472e-05  -4.1487955e-06  2.5837046e-07  -0.0051494156  -4.2485507e-07  0.0000000   -3.4800356e-07  -4.3719722e-05  
2.0194674e-06  1.2936421e-06  -5.1808868e-07  -6.2744627e-06  -5.1560678e-09  1.1163652e-05  -1.3551354e-06  -2.2523846e-07  2.0369041e-06  3.1855690e-06  4.3719722e-05  0.00056695016  1.0320217e-07  -7.4908024e-05  3.4800356e-07  0.0000000   4.1487955e-06  
-0.00018686334  1.3010951e-06  6.4581654e-06  -4.6008919e-07  -6.2744627e-06  1.3327172e-06  1.2845742e-05  -6.2866650e-07  -1.5907656e-06  -2.1121367e-07  2.9064539e-07  4.7112264e-05  3.1855690e-06  0.00053423825  4.3719722e-05  -4.1487955e-06  0.0000000   
