0.0000000   1.9401083e-05  -0.00027983046  -3.5527623e-06  3.0037552e-06  3.2396941e-07  1.4185621e-07  4.7252383e-07  -4.6044141e-06  -0.00015210952  0.00023755482  0.00013449879  -8.1196910e-05  -1.5370282e-05  -1.1494141e-05  1.2572269e-07  -1.2606268e-06  
-1.9401083e-05  0.0000000   -0.00031888601  -5.6947493e-06  -2.0664755e-05  -2.3120681e-06  -4.1193884e-06  8.3372589e-06  -1.6686362e-06  -1.9130829e-05  -7.5440974e-08  7.1099436e-08  -2.5849531e-07  1.3514704e-07  -2.2853515e-07  -4.1189984e-07  3.3069863e-07  
0.00027983046  0.00031888601  0.0000000   -5.5547134e-06  1.8882404e-05  3.3726577e-06  -2.3120681e-06  -1.0116259e-06  8.3372589e-06  -1.0854063e-07  -3.4671096e-08  -1.9130829e-05  3.3965288e-07  -2.3681033e-07  4.4705296e-08  9.5702093e-07  -4.3891306e-07  
3.5527623e-06  5.6947493e-06  5.5547134e-06  0.0000000   0.0011485889  1.6793365e-08  9.6067817e-08  1.5202348e-07  -5.5635216e-08  1.0535775e-06  -2.3120681e-06  -9.1970858e-07  1.5938247e-05  8.3372589e-06  5.6622864e-06  -1.9130829e-05  -1.6865855e-07  
-3.0037552e-06  2.0664755e-05  -1.8882404e-05  -0.0011485889  0.0000000   3.1736477e-07  -2.2716864e-07  -1.5812220e-10  -1.3818646e-07  3.1159705e-07  -1.5206022e-05  4.7786679e-08  -2.3120681e-06  -5.5666601e-06  8.3372589e-06  2.0121584e-07  -1.9130829e-05  
-3.2396941e-07  2.3120681e-06  -3.3726577e-06  -1.6793365e-08  -3.1736477e-07  0.0000000   -0.00031888601  -0.00030323554  -1.0040873e-07  -3.2439879e-06  -5.6947493e-06  3.6891431e-06  -2.0664755e-05  -5.8227217e-06  4.6773463e-06  9.2335897e-09  3.1931365e-07  
-1.4185621e-07  4.1193884e-06  2.3120681e-06  -9.6067817e-08  2.2716864e-07  0.00031888601  0.0000000   -1.3407614e-07  -0.00030323554  -3.3550330e-06  -5.5547134e-06  -3.2439879e-06  1.8882404e-05  5.4914519e-06  1.0647342e-06  1.2833269e-07  -2.2522569e-07  
-4.7252383e-07  -8.3372589e-06  1.0116259e-06  -1.5202348e-07  1.5812220e-10  0.00030323554  1.3407614e-07  0.0000000   -0.00031888601  -1.5689682e-05  3.6966749e-06  7.5118691e-06  -3.8990311e-06  -5.6947493e-06  -2.0664755e-05  -1.4962977e-07  8.1947687e-07  
4.6044141e-06  1.6686362e-06  -8.3372589e-06  5.5635216e-08  1.3818646e-07  1.0040873e-07  0.00030323554  0.00031888601  0.0000000   -9.7503999e-06  -3.8623937e-06  -1.5689682e-05  -1.5398182e-06  -5.5547134e-06  1.8882404e-05  4.4357105e-07  -4.8225334e-07  
0.00015210952  1.9130829e-05  1.0854063e-07  -1.0535775e-06  -3.1159705e-07  3.2439879e-06  3.3550330e-06  1.5689682e-05  9.7503999e-06  0.0000000   9.3925112e-08  -0.00031888601  2.7434003e-07  4.2937274e-07  3.1836888e-07  -5.6947493e-06  -2.0664755e-05  
-0.00023755482  7.5440974e-08  3.4671096e-08  2.3120681e-06  1.5206022e-05  5.6947493e-06  5.5547134e-06  -3.6966749e-06  3.8623937e-06  -9.3925112e-08  0.0000000   -6.1235069e-09  0.0011485889  -0.00030323554  2.4551208e-07  -3.2439879e-06  -1.4318647e-05  
-0.00013449879  -7.1099436e-08  1.9130829e-05  9.1970858e-07  -4.7786679e-08  -3.6891431e-06  3.2439879e-06  -7.5118691e-06  1.5689682e-05  0.00031888601  6.1235069e-09  0.0000000   -2.8996106e-07  -9.8001846e-08  -5.6071182e-07  -5.5547134e-06  1.8882404e-05  
8.1196910e-05  2.5849531e-07  -3.3965288e-07  -1.5938247e-05  2.3120681e-06  2.0664755e-05  -1.8882404e-05  3.8990311e-06  1.5398182e-06  -2.7434003e-07  -0.0011485889  2.8996106e-07  0.0000000   2.8261352e-07  -0.00030323554  1.4926682e-05  -3.2439879e-06  
1.5370282e-05  -1.3514704e-07  2.3681033e-07  -8.3372589e-06  5.5666601e-06  5.8227217e-06  -5.4914519e-06  5.6947493e-06  5.5547134e-06  -4.2937274e-07  0.00030323554  9.8001846e-08  -2.8261352e-07  0.0000000   0.0011485889  -1.5689682e-05  -3.1523572e-05  
1.1494141e-05  2.2853515e-07  -4.4705296e-08  -5.6622864e-06  -8.3372589e-06  -4.6773463e-06  -1.0647342e-06  2.0664755e-05  -1.8882404e-05  -3.1836888e-07  -2.4551208e-07  5.6071182e-07  0.00030323554  -0.0011485889  0.0000000   3.1549277e-05  -1.5689682e-05  
-1.2572269e-07  4.1189984e-07  -9.5702093e-07  1.9130829e-05  -2.0121584e-07  -9.2335897e-09  -1.2833269e-07  1.4962977e-07  -4.4357105e-07  5.6947493e-06  3.2439879e-06  5.5547134e-06  -1.4926682e-05  1.5689682e-05  -3.1549277e-05  0.0000000   0.0011485889  
1.2606268e-06  -3.3069863e-07  4.3891306e-07  1.6865855e-07  1.9130829e-05  -3.1931365e-07  2.2522569e-07  -8.1947687e-07  4.8225334e-07  2.0664755e-05  1.4318647e-05  -1.8882404e-05  3.2439879e-06  3.1523572e-05  1.5689682e-05  -0.0011485889  0.0000000   
