0.0000000   0.0012370715  -0.00043298605  0.0016560660  -0.00054803854  -9.6695546e-06  -1.9903952e-05  8.1930647e-06  -1.3264167e-05  -4.7637313e-05  -1.4167182e-05  -8.8310070e-05  -1.8592404e-05  4.2626220e-05  -2.9045281e-05  9.6982299e-05  2.3315927e-05  
-0.0012370715  0.0000000   0.0011984389  0.00017992056  0.00083236243  -1.5515322e-05  -2.1867339e-06  -3.5407111e-06  3.6187840e-07  1.4686615e-07  1.5451449e-05  -0.00031605247  1.2288027e-05  1.1371323e-05  -5.1991432e-08  3.9942713e-07  6.4627591e-07  
0.00043298605  -0.0011984389  0.0000000   -0.00065429336  0.00096390062  -9.0107311e-07  -3.5001577e-07  -1.5515322e-05  -2.1867339e-06  -1.8517330e-06  -1.7662602e-06  -3.7549572e-07  -4.2040589e-06  -4.1580482e-06  -0.00031605247  1.2478289e-06  2.0078022e-07  
-0.0016560660  -0.00017992056  0.00065429336  0.0000000   -0.0035079524  -1.0533082e-05  2.2756933e-06  -7.4620239e-06  7.2799869e-07  -1.5515322e-05  7.2163361e-06  8.6498701e-07  -2.1867339e-06  1.6281923e-05  1.1123013e-06  -0.00031605247  9.9558931e-07  
0.00054803854  -0.00083236243  -0.00096390062  0.0035079524  0.0000000   9.5560322e-07  -4.4513658e-07  2.8359542e-07  2.6439982e-09  1.0627212e-05  -1.5515322e-05  6.8053552e-07  -6.2082271e-06  -2.1867339e-06  4.4788532e-07  -3.2987024e-07  -0.00031605247  
9.6695546e-06  1.5515322e-05  9.0107311e-07  1.0533082e-05  -9.5560322e-07  0.0000000   0.0046205330  0.0011984389  -5.0708278e-07  0.00017992056  0.00083236243  -3.1262188e-06  -6.6816439e-07  -7.3948060e-06  -2.7776811e-05  -3.5597723e-06  -1.9025532e-05  
1.9903952e-05  2.1867339e-06  3.5001577e-07  -2.2756933e-06  4.4513658e-07  -0.0046205330  0.0000000   -7.6434348e-07  0.0011984389  3.3575343e-07  6.4772364e-06  5.3876338e-05  0.00017992056  0.00083236243  -2.0604176e-06  -4.5570566e-07  -1.5769890e-06  
-8.1930647e-06  3.5407111e-06  1.5515322e-05  7.4620239e-06  -2.8359542e-07  -0.0011984389  7.6434348e-07  0.0000000   0.0046205330  -0.00065429336  0.00096390062  2.7102158e-05  -1.5396801e-05  -4.2213562e-06  -3.1262188e-06  1.5633267e-05  -2.2062407e-05  
1.3264167e-05  -3.6187840e-07  2.1867339e-06  -7.2799869e-07  -2.6439982e-09  5.0708278e-07  -0.0011984389  -0.0046205330  0.0000000   1.6105069e-05  3.3720839e-06  2.1438650e-06  -0.00065429336  0.00096390062  5.3876338e-05  9.0903721e-07  -1.7513711e-06  
4.7637313e-05  -1.4686615e-07  1.8517330e-06  1.5515322e-05  -1.0627212e-05  -0.00017992056  -3.3575343e-07  0.00065429336  -1.6105069e-05  0.0000000   -0.0035079524  4.0951174e-06  0.0046205330  -5.8368748e-06  -1.5068553e-05  -3.1262188e-06  8.0793691e-05  
1.4167182e-05  -1.5451449e-05  1.7662602e-06  -7.2163361e-06  1.5515322e-05  -0.00083236243  -6.4772364e-06  -0.00096390062  -3.3720839e-06  0.0035079524  0.0000000   2.0096187e-05  -9.1214649e-06  0.0046205330  2.2506610e-05  -8.1808625e-05  -3.1262188e-06  
8.8310070e-05  0.00031605247  3.7549572e-07  -8.6498701e-07  -6.8053552e-07  3.1262188e-06  -5.3876338e-05  -2.7102158e-05  -2.1438650e-06  -4.0951174e-06  -2.0096187e-05  0.0000000   -1.1829667e-06  -2.2214713e-06  0.0011984389  0.00017992056  0.00083236243  
1.8592404e-05  -1.2288027e-05  4.2040589e-06  2.1867339e-06  6.2082271e-06  6.6816439e-07  -0.00017992056  1.5396801e-05  0.00065429336  -0.0046205330  9.1214649e-06  1.1829667e-06  0.0000000   -0.0035079524  -1.0416367e-06  5.3876338e-05  5.8298526e-06  
-4.2626220e-05  -1.1371323e-05  4.1580482e-06  -1.6281923e-05  2.1867339e-06  7.3948060e-06  -0.00083236243  4.2213562e-06  -0.00096390062  5.8368748e-06  -0.0046205330  2.2214713e-06  0.0035079524  0.0000000   1.9160759e-06  -7.1288358e-06  5.3876338e-05  
2.9045281e-05  5.1991432e-08  0.00031605247  -1.1123013e-06  -4.4788532e-07  2.7776811e-05  2.0604176e-06  3.1262188e-06  -5.3876338e-05  1.5068553e-05  -2.2506610e-05  -0.0011984389  1.0416367e-06  -1.9160759e-06  0.0000000   -0.00065429336  0.00096390062  
-9.6982299e-05  -3.9942713e-07  -1.2478289e-06  0.00031605247  3.2987024e-07  3.5597723e-06  4.5570566e-07  -1.5633267e-05  -9.0903721e-07  3.1262188e-06  8.1808625e-05  -0.00017992056  -5.3876338e-05  7.1288358e-06  0.00065429336  0.0000000   -0.0035079524  
-2.3315927e-05  -6.4627591e-07  -2.0078022e-07  -9.9558931e-07  0.00031605247  1.9025532e-05  1.5769890e-06  2.2062407e-05  1.7513711e-06  -8.0793691e-05  3.1262188e-06  -0.00083236243  -5.8298526e-06  -5.3876338e-05  -0.00096390062  0.0035079524  0.0000000   
