0.0000000   0.00042222327  -0.00032419971  5.0027218e-05  4.3582934e-05  -0.00018277225  -0.00015152572  8.0918539e-05  4.5382049e-05  -0.00011089623  8.8994683e-06  1.7466422e-05  -8.9387401e-05  0.00012379640  -0.00012758435  -0.00029755396  5.7640380e-06  
-0.00042222327  0.0000000   -0.011160278  -0.00053848503  0.00043613456  -8.8589586e-07  4.3708904e-05  -0.00014479047  1.8320826e-06  8.3308658e-06  8.6582831e-07  -2.1430627e-06  -4.2952054e-06  5.4966510e-05  1.5804573e-05  2.0602531e-05  -5.0452467e-07  
0.00032419971  0.011160278  0.0000000   0.0016228604  -0.00040138532  -2.1156332e-05  -8.8589586e-07  -9.7153997e-07  -0.00014479047  2.5715188e-06  1.7331219e-06  -4.2396403e-08  -5.5712465e-05  -4.2952054e-06  1.8750667e-05  1.1531475e-05  5.8187341e-07  
-5.0027218e-05  0.00053848503  -0.0016228604  0.0000000   4.3649210e-05  -4.0660954e-06  3.0682138e-06  3.5406284e-06  2.1165899e-06  -8.8589586e-07  -0.00014479047  1.8327260e-07  -3.9925390e-06  1.0678724e-05  9.5934365e-06  -4.2952054e-06  4.0475817e-07  
-4.3582934e-05  -0.00043613456  0.00040138532  -4.3649210e-05  0.0000000   5.8254600e-07  -1.7164627e-06  8.2453095e-06  1.0772294e-05  -2.4047715e-07  1.1154184e-05  -8.8589586e-07  2.3322195e-06  -1.3295506e-06  -0.00014479047  -6.4856747e-07  -4.2952054e-06  
0.00018277225  8.8589586e-07  2.1156332e-05  4.0660954e-06  -5.8254600e-07  0.0000000   -0.011160278  -1.6940813e-05  -0.00064876328  -0.00053848503  -3.0273699e-05  0.00043613456  0.0015108121  -1.1210201e-05  2.6135997e-05  -2.9889746e-05  -8.7401818e-05  
0.00015152572  -4.3708904e-05  8.8589586e-07  -3.0682138e-06  1.7164627e-06  0.011160278  0.0000000   0.00064763233  -1.6940813e-05  0.0016228604  9.4607281e-05  -0.00040138532  -1.7096471e-07  0.0015108121  -2.1843791e-05  -1.0142844e-05  -0.00010492050  
-8.0918539e-05  0.00014479047  9.7153997e-07  -3.5406284e-06  -8.2453095e-06  1.6940813e-05  -0.00064763233  0.0000000   -0.011160278  -3.2371803e-05  -0.00053848503  2.4462012e-05  4.5889204e-05  0.00023493718  0.00043613456  8.0557231e-06  -1.1351997e-05  
-4.5382049e-05  -1.8320826e-06  0.00014479047  -2.1165899e-06  -1.0772294e-05  0.00064876328  1.6940813e-05  0.011160278  0.0000000   9.5334222e-05  0.0016228604  -2.4626460e-05  -0.00023294645  4.5889204e-05  -0.00040138532  -3.0515485e-05  5.3959955e-06  
0.00011089623  -8.3308658e-06  -2.5715188e-06  8.8589586e-07  2.4047715e-07  0.00053848503  -0.0016228604  3.2371803e-05  -9.5334222e-05  0.0000000   -1.6940813e-05  4.3649210e-05  -2.9131325e-05  -1.2445541e-05  3.9097327e-06  0.0015108121  -0.00011801916  
-8.8994683e-06  -8.6582831e-07  -1.7331219e-06  0.00014479047  -1.1154184e-05  3.0273699e-05  -9.4607281e-05  0.00053848503  -0.0016228604  1.6940813e-05  0.0000000   1.2700234e-06  -1.2454175e-05  3.4088196e-05  4.3649210e-05  4.5889204e-05  -4.4242060e-06  
-1.7466422e-05  2.1430627e-06  4.2396403e-08  -1.8327260e-07  8.8589586e-07  -0.00043613456  0.00040138532  -2.4462012e-05  2.4626460e-05  -4.3649210e-05  -1.2700234e-06  0.0000000   -8.6915510e-05  -0.00010382303  -1.6940813e-05  -0.00011741823  0.0015108121  
8.9387401e-05  4.2952054e-06  5.5712465e-05  3.9925390e-06  -2.3322195e-06  -0.0015108121  1.7096471e-07  -4.5889204e-05  0.00023294645  2.9131325e-05  1.2454175e-05  8.6915510e-05  0.0000000   -0.011160278  -6.3434712e-06  -0.00053848503  0.00043613456  
-0.00012379640  -5.4966510e-05  4.2952054e-06  -1.0678724e-05  1.3295506e-06  1.1210201e-05  -0.0015108121  -0.00023493718  -4.5889204e-05  1.2445541e-05  -3.4088196e-05  0.00010382303  0.011160278  0.0000000   1.1774278e-05  0.0016228604  -0.00040138532  
0.00012758435  -1.5804573e-05  -1.8750667e-05  -9.5934365e-06  0.00014479047  -2.6135997e-05  2.1843791e-05  -0.00043613456  0.00040138532  -3.9097327e-06  -4.3649210e-05  1.6940813e-05  6.3434712e-06  -1.1774278e-05  0.0000000   -2.7207825e-06  4.5889204e-05  
0.00029755396  -2.0602531e-05  -1.1531475e-05  4.2952054e-06  6.4856747e-07  2.9889746e-05  1.0142844e-05  -8.0557231e-06  3.0515485e-05  -0.0015108121  -4.5889204e-05  0.00011741823  0.00053848503  -0.0016228604  2.7207825e-06  0.0000000   4.3649210e-05  
-5.7640380e-06  5.0452467e-07  -5.8187341e-07  -4.0475817e-07  4.2952054e-06  8.7401818e-05  0.00010492050  1.1351997e-05  -5.3959955e-06  0.00011801916  4.4242060e-06  -0.0015108121  -0.00043613456  0.00040138532  -4.5889204e-05  -4.3649210e-05  0.0000000   
