0.0000000   -5.7272365e-06  -0.00047025385  -0.00035110278  -3.6127188e-05  1.4918119e-05  -6.1292930e-05  -0.00023417964  0.00012043192  -5.9231876e-07  -2.6981836e-05  -2.3928464e-05  2.1044256e-05  6.3233397e-05  2.7612063e-06  9.9364571e-05  -2.2082816e-06  
5.7272365e-06  0.0000000   0.00063027667  0.00046310135  0.00051653856  -0.00060109548  -3.5916243e-05  -1.3965304e-05  4.9972427e-05  -2.9220858e-06  2.3749703e-06  7.6003589e-05  5.7577856e-06  7.6713689e-06  4.7189884e-06  9.5336256e-07  6.0814703e-07  
0.00047025385  -0.00063027667  0.0000000   0.015973998  0.00013924332  -2.7885416e-05  -0.00060109548  -3.6353381e-06  -2.8583965e-06  -0.00010662810  -1.3965304e-05  -1.2275565e-06  0.00011940522  -2.1443525e-06  7.6003589e-05  1.1149586e-05  1.3038359e-05  
0.00035110278  -0.00046310135  -0.015973998  0.0000000   -0.0015439359  4.6138771e-05  2.1056975e-06  -4.6085888e-06  -0.00060109548  -1.3220398e-05  -0.00012281795  -9.7069286e-06  -1.3965304e-05  -1.1609269e-05  -1.1484728e-05  7.6003589e-05  8.2150308e-08  
3.6127188e-05  -0.00051653856  -0.00013924332  0.0015439359  0.0000000   -2.3774327e-06  -0.00010248505  -3.7407052e-06  -1.0756369e-05  -0.00060109548  -3.5656516e-06  -4.0342496e-07  1.1323065e-05  -1.3965304e-05  1.2931069e-05  2.3782205e-06  7.6003589e-05  
-1.4918119e-05  0.00060109548  2.7885416e-05  -4.6138771e-05  2.3774327e-06  0.0000000   0.00063027667  2.2109723e-05  0.00046310135  0.00051653856  6.1851588e-06  -0.00027766767  2.4767077e-06  4.9361896e-06  -1.4788719e-05  2.0697528e-05  -1.2504461e-06  
6.1292930e-05  3.5916243e-05  0.00060109548  -2.1056975e-06  0.00010248505  -0.00063027667  0.0000000   -4.4910762e-06  0.015973998  0.00013924332  2.2109723e-05  -1.5599224e-05  0.00013128467  5.0128948e-06  -0.00027766767  1.3903465e-06  -4.7415197e-05  
0.00023417964  1.3965304e-05  3.6353381e-06  4.6085888e-06  3.7407052e-06  -2.2109723e-05  4.4910762e-06  0.0000000   5.7510535e-06  2.1708213e-06  0.00063027667  1.2338678e-05  0.00046310135  0.00051653856  -3.7130109e-05  -2.9058773e-05  -3.1271908e-05  
-0.00012043192  -4.9972427e-05  2.8583965e-06  0.00060109548  1.0756369e-05  -0.00046310135  -0.015973998  -5.7510535e-06  0.0000000   -0.0015439359  -0.00013094265  2.0949940e-05  2.2109723e-05  -1.2139636e-05  -1.7418748e-06  -0.00027766767  -4.9571087e-06  
5.9231876e-07  2.9220858e-06  0.00010662810  1.3220398e-05  0.00060109548  -0.00051653856  -0.00013924332  -2.1708213e-06  0.0015439359  0.0000000   2.8551439e-06  -1.1257932e-06  1.2908020e-05  2.2109723e-05  -4.7448634e-05  -5.5427645e-06  -0.00027766767  
2.6981836e-05  -2.3749703e-06  1.3965304e-05  0.00012281795  3.5656516e-06  -6.1851588e-06  -2.2109723e-05  -0.00063027667  0.00013094265  -2.8551439e-06  0.0000000   3.8662104e-05  0.015973998  0.00013924332  1.2338678e-05  -0.00096828800  -6.3240748e-06  
2.3928464e-05  -7.6003589e-05  1.2275565e-06  9.7069286e-06  4.0342496e-07  0.00027766767  1.5599224e-05  -1.2338678e-05  -2.0949940e-05  1.1257932e-06  -3.8662104e-05  0.0000000   -2.7481918e-05  -3.2042060e-05  0.00063027667  0.00046310135  0.00051653856  
-2.1044256e-05  -5.7577856e-06  -0.00011940522  1.3965304e-05  -1.1323065e-05  -2.4767077e-06  -0.00013128467  -0.00046310135  -2.2109723e-05  -1.2908020e-05  -0.015973998  2.7481918e-05  0.0000000   -0.0015439359  0.00096782294  1.2338678e-05  9.3771486e-05  
-6.3233397e-05  -7.6713689e-06  2.1443525e-06  1.1609269e-05  1.3965304e-05  -4.9361896e-06  -5.0128948e-06  -0.00051653856  1.2139636e-05  -2.2109723e-05  -0.00013924332  3.2042060e-05  0.0015439359  0.0000000   1.0434232e-05  -9.3363238e-05  1.2338678e-05  
-2.7612063e-06  -4.7189884e-06  -7.6003589e-05  1.1484728e-05  -1.2931069e-05  1.4788719e-05  0.00027766767  3.7130109e-05  1.7418748e-06  4.7448634e-05  -1.2338678e-05  -0.00063027667  -0.00096782294  -1.0434232e-05  0.0000000   0.015973998  0.00013924332  
-9.9364571e-05  -9.5336256e-07  -1.1149586e-05  -7.6003589e-05  -2.3782205e-06  -2.0697528e-05  -1.3903465e-06  2.9058773e-05  0.00027766767  5.5427645e-06  0.00096828800  -0.00046310135  -1.2338678e-05  9.3363238e-05  -0.015973998  0.0000000   -0.0015439359  
2.2082816e-06  -6.0814703e-07  -1.3038359e-05  -8.2150308e-08  -7.6003589e-05  1.2504461e-06  4.7415197e-05  3.1271908e-05  4.9571087e-06  0.00027766767  6.3240748e-06  -0.00051653856  -9.3771486e-05  -1.2338678e-05  -0.00013924332  0.0015439359  0.0000000   
