0.0000000   -0.0042435292  0.00016483047  -0.0014647986  -0.00053203227  0.00017451581  0.00010091090  -0.00019729678  -0.00013225471  0.00016089918  1.2788576e-05  6.3051753e-05  -1.8195682e-06  -0.00018657010  -5.5581972e-05  -2.2609520e-05  -3.5427497e-06  
0.0042435292  0.0000000   -0.00070527646  0.00045575026  0.00037509136  -4.7484062e-05  -0.00023782763  8.8610295e-06  -1.7715036e-05  -4.2929178e-06  8.3438667e-06  7.2151297e-07  8.9827799e-06  9.3953422e-07  -9.7732450e-06  2.0287501e-05  1.9643553e-06  
-0.00016483047  0.00070527646  0.0000000   0.019032294  0.0018073764  4.9065873e-06  8.7671168e-07  -4.7484062e-05  -2.1951172e-05  -0.00023782763  -2.3074722e-06  -8.5143784e-07  1.1447997e-06  -1.3006126e-05  8.9827799e-06  3.5087699e-05  3.5461143e-06  
0.0014647986  -0.00045575026  -0.019032294  0.0000000   -0.0013407735  -7.1472729e-07  -2.5242544e-06  2.1266355e-05  -4.7484062e-05  2.9140523e-06  -0.00023782763  -4.5149511e-08  1.3911265e-06  -8.0319377e-06  -3.9607822e-05  8.9827799e-06  -1.8297273e-06  
0.00053203227  -0.00037509136  -0.0018073764  0.0013407735  0.0000000   2.3716071e-07  6.4747352e-08  1.4153349e-06  -5.1933752e-06  -6.1097383e-06  -7.3931895e-06  -4.7484062e-05  6.7386033e-08  -0.00023782763  -4.3510940e-06  5.3093425e-06  8.9827799e-06  
-0.00017451581  4.7484062e-05  -4.9065873e-06  7.1472729e-07  -2.3716071e-07  0.0000000   0.0020549781  -0.00070527646  0.00045575026  1.9379739e-05  4.1898762e-05  0.00037509136  -1.6747963e-05  7.7430065e-06  4.9398833e-06  -4.1967686e-06  -2.6338336e-06  
-0.00010091090  0.00023782763  -8.7671168e-07  2.5242544e-06  -6.4747352e-08  -0.0020549781  0.0000000   -1.9666265e-05  -4.2374099e-05  -0.00070527646  0.00045575026  -7.8130956e-06  -4.4261048e-07  0.00037509136  -6.7684195e-06  3.9431358e-06  3.6223894e-06  
0.00019729678  -8.8610295e-06  4.7484062e-05  -2.1266355e-05  -1.4153349e-06  0.00070527646  1.9666265e-05  0.0000000   0.019032294  0.0020549781  -7.6309520e-06  0.0018073764  -4.6195525e-06  5.3386681e-05  -1.6747963e-05  -0.00012700556  -1.2536344e-05  
0.00013225471  1.7715036e-05  2.1951172e-05  4.7484062e-05  5.1933752e-06  -0.00045575026  4.2374099e-05  -0.019032294  0.0000000   -4.6018354e-06  0.0020549781  -0.0013407735  2.9114636e-06  7.7551234e-05  0.00012790132  -1.6747963e-05  8.4372166e-06  
-0.00016089918  4.2929178e-06  0.00023782763  -2.9140523e-06  6.1097383e-06  -1.9379739e-05  0.00070527646  -0.0020549781  4.6018354e-06  0.0000000   0.019032294  -5.4171890e-05  6.6467792e-06  0.0018073764  -4.4261048e-07  0.00018491214  1.7572338e-05  
-1.2788576e-05  -8.3438667e-06  2.3074722e-06  0.00023782763  7.3931895e-06  -4.1898762e-05  -0.00045575026  7.6309520e-06  -0.0020549781  -0.019032294  0.0000000   -7.6273819e-05  -4.4781373e-06  -0.0013407735  -0.00018577586  -4.4261048e-07  -1.3108275e-05  
-6.3051753e-05  -7.2151297e-07  8.5143784e-07  4.5149511e-08  4.7484062e-05  -0.00037509136  7.8130956e-06  -0.0018073764  0.0013407735  5.4171890e-05  7.6273819e-05  0.0000000   2.3666397e-06  0.0020549781  1.1816762e-05  -9.9272473e-06  -1.6747963e-05  
1.8195682e-06  -8.9827799e-06  -1.1447997e-06  -1.3911265e-06  -6.7386033e-08  1.6747963e-05  4.4261048e-07  4.6195525e-06  -2.9114636e-06  -6.6467792e-06  4.4781373e-06  -2.3666397e-06  0.0000000   3.3955860e-06  -0.00070527646  0.00045575026  0.00037509136  
0.00018657010  -9.3953422e-07  1.3006126e-05  8.0319377e-06  0.00023782763  -7.7430065e-06  -0.00037509136  -5.3386681e-05  -7.7551234e-05  -0.0018073764  0.0013407735  -0.0020549781  -3.3955860e-06  0.0000000   -1.8038175e-05  1.3895564e-05  -4.4261048e-07  
5.5581972e-05  9.7732450e-06  -8.9827799e-06  3.9607822e-05  4.3510940e-06  -4.9398833e-06  6.7684195e-06  1.6747963e-05  -0.00012790132  4.4261048e-07  0.00018577586  -1.1816762e-05  0.00070527646  1.8038175e-05  0.0000000   0.019032294  0.0018073764  
2.2609520e-05  -2.0287501e-05  -3.5087699e-05  -8.9827799e-06  -5.3093425e-06  4.1967686e-06  -3.9431358e-06  0.00012700556  1.6747963e-05  -0.00018491214  4.4261048e-07  9.9272473e-06  -0.00045575026  -1.3895564e-05  -0.019032294  0.0000000   -0.0013407735  
3.5427497e-06  -1.9643553e-06  -3.5461143e-06  1.8297273e-06  -8.9827799e-06  2.6338336e-06  -3.6223894e-06  1.2536344e-05  -8.4372166e-06  -1.7572338e-05  1.3108275e-05  1.6747963e-05  -0.00037509136  4.4261048e-07  -0.0018073764  0.0013407735  0.0000000   
