0.0000000   0.0031031690  1.3303404e-05  3.1194686e-05  -2.3099589e-05  0.00016629673  0.00014604491  0.00046834355  -0.00020583499  -3.9936026e-05  2.1554947e-06  1.9673872e-06  1.6052001e-05  -2.7930947e-06  0.00021236456  -9.8826769e-06  2.6869067e-06  
-0.0031031690  0.0000000   -0.00087573643  -2.9654398e-05  -4.8312195e-05  -2.8429227e-06  -9.7050533e-05  -1.5410731e-06  -4.8708414e-06  -5.8348975e-05  7.5484748e-06  2.2446020e-05  -8.7571030e-06  1.6394981e-05  1.0516029e-06  8.0951923e-06  -2.1189927e-05  
-1.3303404e-05  0.00087573643  0.0000000   4.1483407e-05  3.0833566e-05  -1.6993431e-07  1.3202441e-07  -2.8429227e-06  -9.7050533e-05  -5.5711008e-07  1.2968731e-07  4.1130687e-06  -1.5830843e-07  -4.5609467e-06  -5.8348975e-05  2.4090328e-06  -2.8795465e-06  
-3.1194686e-05  2.9654398e-05  -4.1483407e-05  0.0000000   0.0016308166  -3.5473195e-06  -4.0131040e-06  -9.8163187e-06  8.3395404e-06  2.9170274e-07  -2.8429227e-06  -9.7050533e-05  -1.4006661e-06  5.7669742e-08  -2.0642689e-06  -5.8348975e-05  -1.0698031e-06  
2.3099589e-05  4.8312195e-05  -3.0833566e-05  -0.0016308166  0.0000000   -1.3599395e-06  1.3508387e-07  -3.9060510e-06  -2.9009595e-06  1.0933372e-06  9.0351788e-07  1.6613116e-07  -2.8429227e-06  -9.7050533e-05  -4.4882162e-06  9.2958339e-07  -5.8348975e-05  
-0.00016629673  2.8429227e-06  1.6993431e-07  3.5473195e-06  1.3599395e-06  0.0000000   -0.0035060384  -0.00087573643  -9.0535783e-07  6.0634165e-05  -2.9654398e-05  -3.0919663e-05  -4.8312195e-05  4.8320404e-05  1.9286828e-06  1.0955346e-06  -1.8898018e-06  
-0.00014604491  9.7050533e-05  -1.3202441e-07  4.0131040e-06  -1.3508387e-07  0.0035060384  0.0000000   1.1667527e-06  -0.00087573643  0.00083353011  3.2531289e-05  -2.9654398e-05  -4.7906344e-05  -4.8312195e-05  -5.8368330e-07  8.0156288e-06  -1.2380671e-05  
-0.00046834355  1.5410731e-06  2.8429227e-06  9.8163187e-06  3.9060510e-06  0.00087573643  -1.1667527e-06  0.0000000   -0.0035060384  -2.1355163e-06  4.1483407e-05  0.00014858050  3.0833566e-05  -0.00016445072  6.0634165e-05  -1.3122901e-06  -5.0837703e-07  
0.00020583499  4.8708414e-06  9.7050533e-05  -8.3395404e-06  2.9009595e-06  9.0535783e-07  0.00087573643  0.0035060384  0.0000000   1.1330612e-06  -0.00014556390  4.1483407e-05  0.00016732861  3.0833566e-05  0.00083353011  -3.5029372e-05  4.1133907e-05  
3.9936026e-05  5.8348975e-05  5.5711008e-07  -2.9170274e-07  -1.0933372e-06  -6.0634165e-05  -0.00083353011  2.1355163e-06  -1.1330612e-06  0.0000000   -5.8380547e-07  -7.9807143e-06  1.0508277e-06  1.1047043e-05  -0.00087573643  -2.9654398e-05  -4.8312195e-05  
-2.1554947e-06  -7.5484748e-06  -1.2968731e-07  2.8429227e-06  -9.0351788e-07  2.9654398e-05  -3.2531289e-05  -4.1483407e-05  0.00014556390  5.8380547e-07  0.0000000   -0.0035060384  0.0016308166  3.5156124e-06  -2.9282463e-06  6.0634165e-05  -3.9068613e-06  
-1.9673872e-06  -2.2446020e-05  -4.1130687e-06  9.7050533e-05  -1.6613116e-07  3.0919663e-05  2.9654398e-05  -0.00014858050  -4.1483407e-05  7.9807143e-06  0.0035060384  0.0000000   -3.9499093e-06  0.0016308166  -3.6128713e-05  0.00083353011  8.7094879e-07  
-1.6052001e-05  8.7571030e-06  1.5830843e-07  1.4006661e-06  2.8429227e-06  4.8312195e-05  4.7906344e-05  -3.0833566e-05  -0.00016732861  -1.0508277e-06  -0.0016308166  3.9499093e-06  0.0000000   -0.0035060384  3.5626073e-06  3.7748657e-06  6.0634165e-05  
2.7930947e-06  -1.6394981e-05  4.5609467e-06  -5.7669742e-08  9.7050533e-05  -4.8320404e-05  4.8312195e-05  0.00016445072  -3.0833566e-05  -1.1047043e-05  -3.5156124e-06  -0.0016308166  0.0035060384  0.0000000   3.8570772e-05  -2.6055889e-06  0.00083353011  
-0.00021236456  -1.0516029e-06  5.8348975e-05  2.0642689e-06  4.4882162e-06  -1.9286828e-06  5.8368330e-07  -6.0634165e-05  -0.00083353011  0.00087573643  2.9282463e-06  3.6128713e-05  -3.5626073e-06  -3.8570772e-05  0.0000000   4.1483407e-05  3.0833566e-05  
9.8826769e-06  -8.0951923e-06  -2.4090328e-06  5.8348975e-05  -9.2958339e-07  -1.0955346e-06  -8.0156288e-06  1.3122901e-06  3.5029372e-05  2.9654398e-05  -6.0634165e-05  -0.00083353011  -3.7748657e-06  2.6055889e-06  -4.1483407e-05  0.0000000   0.0016308166  
-2.6869067e-06  2.1189927e-05  2.8795465e-06  1.0698031e-06  5.8348975e-05  1.8898018e-06  1.2380671e-05  5.0837703e-07  -4.1133907e-05  4.8312195e-05  3.9068613e-06  -8.7094879e-07  -6.0634165e-05  -0.00083353011  -3.0833566e-05  -0.0016308166  0.0000000   
