0.0000000   -0.0010848841  -5.7982583e-05  0.00023449739  0.00024208720  -0.00015206354  -1.7904567e-06  -9.4051204e-06  -9.6406131e-05  0.00025703862  0.00025303779  8.6970005e-06  -2.5421198e-06  -1.5325445e-05  0.00012282594  1.0668776e-05  6.6059636e-06  
0.0010848841  0.0000000   -5.7555400e-05  0.0014498545  0.00018183035  0.00055121991  -5.4103771e-05  -5.2736800e-06  -4.3573425e-07  6.9522178e-06  3.2280990e-07  1.7908903e-05  1.0741292e-05  5.8557528e-06  -1.3383683e-06  -4.1530382e-06  -1.1770051e-06  
5.7982583e-05  5.7555400e-05  0.0000000   0.00029990046  0.00021176494  -4.9545719e-05  0.00055121991  7.9619627e-07  5.0665793e-05  -7.1679868e-05  -5.2736800e-06  -1.5953672e-06  2.2741170e-06  3.3881569e-06  1.7908903e-05  1.0570169e-06  -2.1488588e-06  
-0.00023449739  -0.0014498545  -0.00029990046  0.0000000   -0.0047320514  -7.8425598e-07  4.6299082e-05  -1.0647338e-05  0.00055121991  -2.2244737e-06  -3.5262532e-06  -3.4748097e-06  -5.2736800e-06  -4.4332375e-05  1.0055856e-06  1.7908903e-05  -4.0171583e-06  
-0.00024208720  -0.00018183035  -0.00021176494  0.0047320514  0.0000000   6.1838594e-06  -6.1484673e-05  9.8536936e-07  -2.2450714e-06  0.00055121991  -1.0199141e-06  -2.1327341e-06  4.4037927e-05  -5.2736800e-06  -2.0951939e-06  5.4515155e-06  1.7908903e-05  
0.00015206354  -0.00055121991  4.9545719e-05  7.8425598e-07  -6.1838594e-06  0.0000000   -5.7555400e-05  1.8681962e-05  0.0014498545  0.00018183035  -2.2918864e-06  3.5359733e-07  5.1842402e-06  1.5195229e-06  6.9129199e-07  -1.9978579e-05  -2.6271014e-06  
1.7904567e-06  5.4103771e-05  -0.00055121991  -4.6299082e-05  6.1484673e-05  5.7555400e-05  0.0000000   -1.7029834e-06  0.00029990046  0.00021176494  1.8681962e-05  -7.6878799e-07  2.7279151e-06  -1.2722266e-06  3.5359733e-07  -3.9357525e-06  -2.8370814e-06  
9.4051204e-06  5.2736800e-06  -7.9619627e-07  1.0647338e-05  -9.8536936e-07  -1.8681962e-05  1.7029834e-06  0.0000000   6.7163751e-06  -2.4020913e-06  -5.7555400e-05  0.0010656214  0.0014498545  0.00018183035  -0.00010917278  -2.8073194e-06  1.1875307e-05  
9.6406131e-05  4.3573425e-07  -5.0665793e-05  -0.00055121991  2.2450714e-06  -0.0014498545  -0.00029990046  -6.7163751e-06  0.0000000   -0.0047320514  6.2896720e-07  2.0082621e-05  1.8681962e-05  -1.7919510e-05  4.1343941e-06  3.5359733e-07  6.2556153e-05  
-0.00025703862  -6.9522178e-06  7.1679868e-05  2.2244737e-06  -0.00055121991  -0.00018183035  -0.00021176494  2.4020913e-06  0.0047320514  0.0000000   -2.7891791e-06  9.9793093e-08  1.8769999e-05  1.8681962e-05  2.7256402e-06  -6.1397908e-05  3.5359733e-07  
-0.00025303779  -3.2280990e-07  5.2736800e-06  3.5262532e-06  1.0199141e-06  2.2918864e-06  -1.8681962e-05  5.7555400e-05  -6.2896720e-07  2.7891791e-06  0.0000000   -0.00011010351  0.00029990046  0.00021176494  0.0010656214  9.1378335e-05  -0.00011783969  
-8.6970005e-06  -1.7908903e-05  1.5953672e-06  3.4748097e-06  2.1327341e-06  -3.5359733e-07  7.6878799e-07  -0.0010656214  -2.0082621e-05  -9.9793093e-08  0.00011010351  0.0000000   1.8645423e-06  -1.2232442e-05  -5.7555400e-05  0.0014498545  0.00018183035  
2.5421198e-06  -1.0741292e-05  -2.2741170e-06  5.2736800e-06  -4.4037927e-05  -5.1842402e-06  -2.7279151e-06  -0.0014498545  -1.8681962e-05  -1.8769999e-05  -0.00029990046  -1.8645423e-06  0.0000000   -0.0047320514  8.9978129e-05  0.0010656214  -2.3573978e-06  
1.5325445e-05  -5.8557528e-06  -3.3881569e-06  4.4332375e-05  5.2736800e-06  -1.5195229e-06  1.2722266e-06  -0.00018183035  1.7919510e-05  -1.8681962e-05  -0.00021176494  1.2232442e-05  0.0047320514  0.0000000   -0.00011760059  -4.8965400e-06  0.0010656214  
-0.00012282594  1.3383683e-06  -1.7908903e-05  -1.0055856e-06  2.0951939e-06  -6.9129199e-07  -3.5359733e-07  0.00010917278  -4.1343941e-06  -2.7256402e-06  -0.0010656214  5.7555400e-05  -8.9978129e-05  0.00011760059  0.0000000   0.00029990046  0.00021176494  
-1.0668776e-05  4.1530382e-06  -1.0570169e-06  -1.7908903e-05  -5.4515155e-06  1.9978579e-05  3.9357525e-06  2.8073194e-06  -3.5359733e-07  6.1397908e-05  -9.1378335e-05  -0.0014498545  -0.0010656214  4.8965400e-06  -0.00029990046  0.0000000   -0.0047320514  
-6.6059636e-06  1.1770051e-06  2.1488588e-06  4.0171583e-06  -1.7908903e-05  2.6271014e-06  2.8370814e-06  -1.1875307e-05  -6.2556153e-05  -3.5359733e-07  0.00011783969  -0.00018183035  2.3573978e-06  -0.0010656214  -0.00021176494  0.0047320514  0.0000000   
