0.0000000   7.3868894e-05  0.0014089982  -0.00062937537  -2.3724125e-05  -1.5357398e-05  -1.6880867e-05  4.9117638e-06  -4.3491986e-05  -4.5754841e-06  0.00013189202  -0.00023057642  6.5607924e-07  4.9930410e-06  4.9739732e-06  -1.2899873e-05  0.00010578928  
-7.3868894e-05  0.0000000   -8.0359180e-06  0.00010398288  -4.4373507e-05  -0.00044229425  -5.0551360e-05  -0.00017260516  -1.0981929e-05  -4.3881334e-06  -2.5642143e-05  1.5631582e-05  -5.0674768e-06  -1.2718581e-06  1.1540314e-06  1.2856148e-06  -4.3737796e-06  
-0.0014089982  8.0359180e-06  0.0000000   0.0011478902  0.00018851379  -4.1462171e-05  -0.00044229425  -3.1324105e-05  7.6592039e-06  -5.6781497e-05  -0.00017260516  1.5047959e-06  2.1906350e-06  -7.8864297e-06  1.5631582e-05  5.0885296e-06  1.7899005e-06  
0.00062937537  -0.00010398288  -0.0011478902  0.0000000   -4.6062477e-05  -1.7222174e-05  6.1466931e-06  -4.6694536e-08  -0.00044229425  -0.00012788695  1.1900251e-06  1.8107333e-06  -0.00017260516  -5.6306414e-05  3.5842865e-06  1.5631582e-05  4.0594271e-06  
2.3724125e-05  4.4373507e-05  -0.00018851379  4.6062477e-05  0.0000000   -4.5205544e-06  -4.4187220e-05  -1.1755126e-06  -0.00013505446  -0.00044229425  -1.3256307e-05  -6.6064858e-06  -5.2154267e-05  -0.00017260516  1.8376104e-06  4.2586709e-06  1.5631582e-05  
1.5357398e-05  0.00044229425  4.1462171e-05  1.7222174e-05  4.5205544e-06  0.0000000   -8.0359180e-06  -9.1018324e-05  0.00010398288  -4.4373507e-05  -1.1452230e-05  1.0444867e-05  -2.7182843e-06  -9.1459592e-07  1.4123176e-06  -1.5346718e-06  1.5477824e-07  
1.6880867e-05  5.0551360e-05  0.00044229425  -6.1466931e-06  4.4187220e-05  8.0359180e-06  0.0000000   -1.0408186e-05  0.0011478902  0.00018851379  -9.1018324e-05  9.3496030e-07  5.7184918e-07  -9.1998625e-06  1.0444867e-05  -2.0868474e-05  -2.3028083e-06  
-4.9117638e-06  0.00017260516  3.1324105e-05  4.6694536e-08  1.1755126e-06  9.1018324e-05  1.0408186e-05  0.0000000   2.2688192e-06  7.4361460e-07  -8.0359180e-06  5.7407224e-06  0.00010398288  -4.4373507e-05  7.9390647e-07  -1.4501314e-06  1.5566241e-06  
4.3491986e-05  1.0981929e-05  -7.6592039e-06  0.00044229425  0.00013505446  -0.00010398288  -0.0011478902  -2.2688192e-06  0.0000000   -4.6062477e-05  1.5422124e-06  2.5372089e-06  -9.1018324e-05  -2.7787911e-05  2.0786403e-05  1.0444867e-05  3.8192868e-06  
4.5754841e-06  4.3881334e-06  5.6781497e-05  0.00012788695  0.00044229425  4.4373507e-05  -0.00018851379  -7.4361460e-07  4.6062477e-05  0.0000000   -7.6794560e-06  -2.8406323e-06  -2.7538705e-05  -9.1018324e-05  4.4997652e-06  2.1924086e-06  1.0444867e-05  
-0.00013189202  2.5642143e-05  0.00017260516  -1.1900251e-06  1.3256307e-05  1.1452230e-05  9.1018324e-05  8.0359180e-06  -1.5422124e-06  7.6794560e-06  0.0000000   5.0444941e-07  0.0011478902  0.00018851379  5.7407224e-06  -1.6498605e-05  -2.1821621e-06  
0.00023057642  -1.5631582e-05  -1.5047959e-06  -1.8107333e-06  6.6064858e-06  -1.0444867e-05  -9.3496030e-07  -5.7407224e-06  -2.5372089e-06  2.8406323e-06  -5.0444941e-07  0.0000000   -1.6456815e-06  -8.8784815e-07  -8.0359180e-06  0.00010398288  -4.4373507e-05  
-6.5607924e-07  5.0674768e-06  -2.1906350e-06  0.00017260516  5.2154267e-05  2.7182843e-06  -5.7184918e-07  -0.00010398288  9.1018324e-05  2.7538705e-05  -0.0011478902  1.6456815e-06  0.0000000   -4.6062477e-05  1.6846861e-05  5.7407224e-06  2.4403740e-06  
-4.9930410e-06  1.2718581e-06  7.8864297e-06  5.6306414e-05  0.00017260516  9.1459592e-07  9.1998625e-06  4.4373507e-05  2.7787911e-05  9.1018324e-05  -0.00018851379  8.8784815e-07  4.6062477e-05  0.0000000   3.2843700e-06  1.1591555e-06  5.7407224e-06  
-4.9739732e-06  -1.1540314e-06  -1.5631582e-05  -3.5842865e-06  -1.8376104e-06  -1.4123176e-06  -1.0444867e-05  -7.9390647e-07  -2.0786403e-05  -4.4997652e-06  -5.7407224e-06  8.0359180e-06  -1.6846861e-05  -3.2843700e-06  0.0000000   0.0011478902  0.00018851379  
1.2899873e-05  -1.2856148e-06  -5.0885296e-06  -1.5631582e-05  -4.2586709e-06  1.5346718e-06  2.0868474e-05  1.4501314e-06  -1.0444867e-05  -2.1924086e-06  1.6498605e-05  -0.00010398288  -5.7407224e-06  -1.1591555e-06  -0.0011478902  0.0000000   -4.6062477e-05  
-0.00010578928  4.3737796e-06  -1.7899005e-06  -4.0594271e-06  -1.5631582e-05  -1.5477824e-07  2.3028083e-06  -1.5566241e-06  -3.8192868e-06  -1.0444867e-05  2.1821621e-06  4.4373507e-05  -2.4403740e-06  -5.7407224e-06  -0.00018851379  4.6062477e-05  0.0000000   
