0.0000000   -0.0041998509  -0.00059726462  0.00059696761  0.00019070579  1.2256910e-05  5.2690725e-05  -3.3646331e-05  8.2817572e-05  1.2303122e-05  8.9098861e-06  -7.0771909e-06  3.7379839e-07  -0.00015498046  -1.2302216e-05  -9.3846605e-06  -5.2851243e-07  
0.0041998509  0.0000000   -0.00017863093  9.9733383e-05  0.00030253534  -2.3370042e-05  -5.1970850e-07  -1.8878533e-05  3.7058488e-07  5.9453418e-06  1.4274192e-06  1.3212103e-05  2.2666745e-05  3.3293788e-06  -1.0219691e-05  -2.7231140e-05  -4.0813912e-06  
0.00059726462  0.00017863093  0.0000000   -9.7263394e-06  -3.6997637e-06  9.7121724e-07  -2.3370042e-05  6.9919021e-07  -1.8878533e-05  3.4400708e-06  1.0379588e-06  2.6107045e-06  4.4148833e-06  1.4274192e-06  -1.4918327e-06  -4.6812345e-06  -6.0426853e-07  
-0.00059696761  -9.9733383e-05  9.7263394e-06  0.0000000   0.00062937271  -6.1495050e-06  8.5442518e-07  -8.4699704e-06  6.3134789e-07  -2.3370042e-05  -8.2438355e-08  -1.8878533e-05  -1.7669679e-06  -6.7308984e-07  2.3919042e-06  1.4274192e-06  -8.0007934e-07  
-0.00019070579  -0.00030253534  3.6997637e-06  -0.00062937271  0.0000000   -2.6211971e-06  1.0962799e-06  -3.2348000e-06  9.4740524e-07  -1.5102167e-06  5.5277296e-07  -1.4372630e-06  -2.3370042e-05  -5.7115259e-07  -1.8878533e-05  2.4911075e-06  1.4274192e-06  
-1.2256910e-05  2.3370042e-05  -9.7121724e-07  6.1495050e-06  2.6211971e-06  0.0000000   -0.00017863093  -0.0035013824  -0.00091290517  9.9733383e-05  -0.00019962716  -3.7954325e-05  0.00030253534  -5.2585501e-05  -2.8478759e-05  -2.7237482e-06  -3.2977852e-06  
-5.2690725e-05  5.1970850e-07  2.3370042e-05  -8.5442518e-07  -1.0962799e-06  0.00017863093  0.0000000   -0.00091427529  -0.0035013824  -9.7263394e-06  -5.3092282e-05  0.00024209952  -3.6997637e-06  -0.00019962716  0.00018482707  1.4193193e-05  1.0594614e-05  
3.3646331e-05  1.8878533e-05  -6.9919021e-07  8.4699704e-06  3.2348000e-06  0.0035013824  0.00091427529  0.0000000   -0.00017863093  3.8155398e-05  -0.0018247667  9.9733383e-05  2.8856302e-05  -0.00047830962  0.00030253534  -2.0034517e-05  -1.4728500e-05  
-8.2817572e-05  -3.7058488e-07  1.8878533e-05  -6.3134789e-07  -9.4740524e-07  0.00091290517  0.0035013824  0.00017863093  0.0000000   -0.00024238704  -0.00047605400  -9.7263394e-06  -0.00018515408  -0.0018247667  -3.6997637e-06  0.00012678124  9.6330834e-05  
-1.2303122e-05  -5.9453418e-06  -3.4400708e-06  2.3370042e-05  1.5102167e-06  -9.9733383e-05  9.7263394e-06  -3.8155398e-05  0.00024238704  0.0000000   -1.6016995e-06  -0.0035013824  0.00062937271  1.3530917e-05  9.5150817e-06  -0.00019962716  -2.9524137e-06  
-8.9098861e-06  -1.4274192e-06  -1.0379588e-06  8.2438355e-08  -5.5277296e-07  0.00019962716  5.3092282e-05  0.0018247667  0.00047605400  1.6016995e-06  0.0000000   1.9775150e-05  -9.6314355e-08  -0.00017863093  1.5062106e-05  9.9733383e-05  0.00030253534  
7.0771909e-06  -1.3212103e-05  -2.6107045e-06  1.8878533e-05  1.4372630e-06  3.7954325e-05  -0.00024209952  -9.9733383e-05  9.7263394e-06  0.0035013824  -1.9775150e-05  0.0000000   -8.8779553e-06  0.00012578607  0.00062937271  -0.0018247667  5.1589019e-06  
-3.7379839e-07  -2.2666745e-05  -4.4148833e-06  1.7669679e-06  2.3370042e-05  -0.00030253534  3.6997637e-06  -2.8856302e-05  0.00018515408  -0.00062937271  9.6314355e-08  8.8779553e-06  0.0000000   9.6906779e-06  -0.0035013824  3.9647027e-06  -0.00019962716  
0.00015498046  -3.3293788e-06  -1.4274192e-06  6.7308984e-07  5.7115259e-07  5.2585501e-05  0.00019962716  0.00047830962  0.0018247667  -1.3530917e-05  0.00017863093  -0.00012578607  -9.6906779e-06  0.0000000   -9.6661770e-05  -9.7263394e-06  -3.6997637e-06  
1.2302216e-05  1.0219691e-05  1.4918327e-06  -2.3919042e-06  1.8878533e-05  2.8478759e-05  -0.00018482707  -0.00030253534  3.6997637e-06  -9.5150817e-06  -1.5062106e-05  -0.00062937271  0.0035013824  9.6661770e-05  0.0000000   4.3766934e-06  -0.0018247667  
9.3846605e-06  2.7231140e-05  4.6812345e-06  -1.4274192e-06  -2.4911075e-06  2.7237482e-06  -1.4193193e-05  2.0034517e-05  -0.00012678124  0.00019962716  -9.9733383e-05  0.0018247667  -3.9647027e-06  9.7263394e-06  -4.3766934e-06  0.0000000   0.00062937271  
5.2851243e-07  4.0813912e-06  6.0426853e-07  8.0007934e-07  -1.4274192e-06  3.2977852e-06  -1.0594614e-05  1.4728500e-05  -9.6330834e-05  2.9524137e-06  -0.00030253534  -5.1589019e-06  0.00019962716  3.6997637e-06  0.0018247667  -0.00062937271  0.0000000   
