0.0000000   0.0014836728  0.00075410116  1.2776916e-05  2.4310950e-06  3.2417173e-05  9.4309028e-05  3.4502591e-05  -0.00017500545  -4.8802902e-06  6.8115808e-06  3.0929345e-05  6.3691411e-06  5.3831410e-06  -5.5762657e-05  -3.8456042e-06  -9.9377685e-07  
-0.0014836728  0.0000000   -0.0030599675  6.4515758e-06  1.9038413e-05  -0.00013574522  0.00023233812  2.3060577e-06  6.9512044e-07  3.7389099e-06  -1.4885666e-06  -0.00014342377  1.0076353e-05  -1.1330521e-05  -1.9093185e-07  1.1686582e-07  2.7449878e-06  
-0.00075410116  0.0030599675  0.0000000   2.0502948e-06  4.3338211e-05  -1.8629408e-06  -5.4906496e-07  -0.00013574522  0.00023233812  1.1945968e-06  4.5994915e-07  3.8902312e-08  1.7765742e-06  -1.4537086e-07  -0.00014342377  -6.9310200e-07  -2.0861201e-06  
-1.2776916e-05  -6.4515758e-06  -2.0502948e-06  0.0000000   0.0014414419  1.5641386e-06  3.8046946e-07  4.4168679e-07  -3.1013856e-06  -0.00013574522  0.00023233812  1.5908050e-06  -2.4288017e-07  -6.6451137e-07  -1.4218053e-06  -0.00014342377  2.0853976e-07  
-2.4310950e-06  -1.9038413e-05  -4.3338211e-05  -0.0014414419  0.0000000   2.5141208e-06  -3.1958811e-06  -1.8723909e-06  2.4093141e-06  8.8557217e-07  -5.5983943e-08  2.6247907e-06  -0.00013574522  0.00023233812  -2.6705547e-06  2.4837457e-07  -0.00014342377  
-3.2417173e-05  0.00013574522  1.8629408e-06  -1.5641386e-06  -2.5141208e-06  0.0000000   -0.0024919885  -0.0030599675  -2.9613253e-06  6.4515758e-06  1.6584298e-05  -0.00040092415  1.9038413e-05  4.1515780e-05  2.5351584e-06  2.6424845e-06  6.6939251e-06  
-9.4309028e-05  -0.00023233812  5.4906496e-07  -3.8046946e-07  3.1958811e-06  0.0024919885  0.0000000   2.4203030e-06  -0.0030599675  -1.6398365e-05  6.4515758e-06  -0.00048924741  -4.1179704e-05  1.9038413e-05  -3.5481322e-06  3.2100635e-06  8.2234816e-06  
-3.4502591e-05  -2.3060577e-06  0.00013574522  -4.4168679e-07  1.8723909e-06  0.0030599675  -2.4203030e-06  0.0000000   -0.0024919885  2.0502948e-06  -4.9677541e-06  -3.4018311e-06  4.3338211e-05  -3.9549536e-05  -0.00040092415  -8.1758538e-07  -6.3685042e-06  
0.00017500545  -6.9512044e-07  -0.00023233812  3.1013856e-06  -2.4093141e-06  2.9613253e-06  0.0030599675  0.0024919885  0.0000000   4.6293782e-06  2.0502948e-06  2.4365936e-06  3.8459745e-05  4.3338211e-05  -0.00048924741  -8.7439807e-07  -7.7286878e-06  
4.8802902e-06  -3.7389099e-06  -1.1945968e-06  0.00013574522  -8.8557217e-07  -6.4515758e-06  1.6398365e-05  -2.0502948e-06  -4.6293782e-06  0.0000000   -0.0024919885  2.6122304e-06  0.0014414419  4.5195127e-06  -6.8975105e-07  -0.00040092415  -6.9585252e-07  
-6.8115808e-06  1.4885666e-06  -4.5994915e-07  -0.00023233812  5.5983943e-08  -1.6584298e-05  -6.4515758e-06  4.9677541e-06  -2.0502948e-06  0.0024919885  0.0000000   3.2512850e-06  -4.2065885e-06  0.0014414419  -9.7496537e-07  -0.00048924741  2.2941798e-06  
-3.0929345e-05  0.00014342377  -3.8902312e-08  -1.5908050e-06  -2.6247907e-06  0.00040092415  0.00048924741  3.4018311e-06  -2.4365936e-06  -2.6122304e-06  -3.2512850e-06  0.0000000   -6.5639081e-06  -8.3211037e-06  -0.0030599675  6.4515758e-06  1.9038413e-05  
-6.3691411e-06  -1.0076353e-05  -1.7765742e-06  2.4288017e-07  0.00013574522  -1.9038413e-05  4.1179704e-05  -4.3338211e-05  -3.8459745e-05  -0.0014414419  4.2065885e-06  6.5639081e-06  0.0000000   -0.0024919885  -5.9997190e-06  2.1206273e-06  -0.00040092415  
-5.3831410e-06  1.1330521e-05  1.4537086e-07  6.6451137e-07  -0.00023233812  -4.1515780e-05  -1.9038413e-05  3.9549536e-05  -4.3338211e-05  -4.5195127e-06  -0.0014414419  8.3211037e-06  0.0024919885  0.0000000   -8.0538813e-06  -5.9748275e-07  -0.00048924741  
5.5762657e-05  1.9093185e-07  0.00014342377  1.4218053e-06  2.6705547e-06  -2.5351584e-06  3.5481322e-06  0.00040092415  0.00048924741  6.8975105e-07  9.7496537e-07  0.0030599675  5.9997190e-06  8.0538813e-06  0.0000000   2.0502948e-06  4.3338211e-05  
3.8456042e-06  -1.1686582e-07  6.9310200e-07  0.00014342377  -2.4837457e-07  -2.6424845e-06  -3.2100635e-06  8.1758538e-07  8.7439807e-07  0.00040092415  0.00048924741  -6.4515758e-06  -2.1206273e-06  5.9748275e-07  -2.0502948e-06  0.0000000   0.0014414419  
9.9377685e-07  -2.7449878e-06  2.0861201e-06  -2.0853976e-07  0.00014342377  -6.6939251e-06  -8.2234816e-06  6.3685042e-06  7.7286878e-06  6.9585252e-07  -2.2941798e-06  -1.9038413e-05  0.00040092415  0.00048924741  -4.3338211e-05  -0.0014414419  0.0000000   
