0.0000000   2.9480088e-05  1.6106778e-05  6.3954163e-06  -1.6060890e-05  8.9357428e-05  5.5162162e-06  1.9956085e-06  -3.5725563e-05  8.2199587e-05  -1.4849433e-06  -9.4161535e-06  3.1514066e-06  0.00011865647  4.6008772e-05  9.2705357e-06  -7.6267451e-05  
-2.9480088e-05  0.0000000   0.00026067495  0.0062958874  0.00035248749  -0.00011366786  -9.5811623e-06  -2.8131930e-06  4.2220058e-06  -2.5097696e-06  -5.0885377e-05  -3.2309445e-06  4.2367346e-07  -3.1644685e-06  2.6983559e-08  1.9914266e-06  2.9248264e-07  
-1.6106778e-05  -0.00026067495  0.0000000   0.00033902944  -0.0010832541  -6.8123173e-06  -0.00011366786  1.9644781e-06  -1.0736659e-05  -2.8131930e-06  -3.0360635e-06  -1.6968772e-06  5.5621265e-08  1.3110005e-05  4.2367346e-07  4.6403378e-07  -3.1510011e-06  
-6.3954163e-06  -0.0062958874  -0.00033902944  0.0000000   -0.00010795481  -3.1777365e-06  -9.7735615e-06  5.0920122e-05  -0.00011366786  2.2558343e-06  -2.8131930e-06  -1.1135354e-05  -2.0723136e-06  2.4049475e-07  -2.1480013e-07  4.2367346e-07  2.3960014e-07  
1.6060890e-05  -0.00035248749  0.0010832541  0.00010795481  0.0000000   -1.2457436e-06  -1.1124253e-07  2.7880760e-06  -1.1997655e-05  -6.5914811e-06  -1.1845349e-06  -0.00011366786  -6.0804562e-09  -2.8131930e-06  1.5832984e-06  3.4707718e-07  4.2367346e-07  
-8.9357428e-05  0.00011366786  6.8123173e-06  3.1777365e-06  1.2457436e-06  0.0000000   0.00026067495  -6.5823893e-06  0.0062958874  2.4684968e-05  0.00060812228  0.00035248749  -3.3485443e-05  3.3953844e-05  -5.9078056e-06  -7.2436608e-05  -5.0894890e-06  
-5.5162162e-06  9.5811623e-06  0.00011366786  9.7735615e-06  1.1124253e-07  -0.00026067495  0.0000000   -2.5758878e-05  0.00033902944  -6.5823893e-06  3.2199578e-05  -0.0010832541  4.3782324e-08  -0.00010558545  -3.3485443e-05  -6.8163589e-06  1.2845929e-05  
-1.9956085e-06  2.8131930e-06  -1.9644781e-06  -5.0920122e-05  -2.7880760e-06  6.5823893e-06  2.5758878e-05  0.0000000   0.00060813217  0.00026067495  0.0062958874  3.4261769e-05  0.00020348682  0.00035248749  1.7610691e-05  -3.6618359e-06  6.1567857e-06  
3.5725563e-05  -4.2220058e-06  1.0736659e-05  0.00011366786  1.1997655e-05  -0.0062958874  -0.00033902944  -0.00060813217  0.0000000   -3.3337834e-05  -6.5823893e-06  -0.00010795481  7.2703178e-05  -1.1115589e-05  1.0605671e-06  -3.3485443e-05  -2.0186409e-06  
-8.2199587e-05  2.5097696e-06  2.8131930e-06  -2.2558343e-06  6.5914811e-06  -2.4684968e-05  6.5823893e-06  -0.00026067495  3.3337834e-05  0.0000000   0.00033902944  -0.00010460411  1.7841852e-05  -0.0010832541  0.00020348682  1.6955728e-05  1.8155669e-06  
1.4849433e-06  5.0885377e-05  3.0360635e-06  2.8131930e-06  1.1845349e-06  -0.00060812228  -3.2199578e-05  -0.0062958874  6.5823893e-06  -0.00033902944  0.0000000   -9.7852463e-06  1.4257734e-06  -0.00010795481  1.7359234e-05  0.00020348682  1.9905154e-05  
9.4161535e-06  3.2309445e-06  1.6968772e-06  1.1135354e-05  0.00011366786  -0.00035248749  0.0010832541  -3.4261769e-05  0.00010795481  0.00010460411  9.7852463e-06  0.0000000   3.0535409e-06  -6.5823893e-06  -1.2678375e-05  -4.4973158e-06  -3.3485443e-05  
-3.1514066e-06  -4.2367346e-07  -5.5621265e-08  2.0723136e-06  6.0804562e-09  3.3485443e-05  -4.3782324e-08  -0.00020348682  -7.2703178e-05  -1.7841852e-05  -1.4257734e-06  -3.0535409e-06  0.0000000   -6.2074658e-06  0.00026067495  0.0062958874  0.00035248749  
-0.00011865647  3.1644685e-06  -1.3110005e-05  -2.4049475e-07  2.8131930e-06  -3.3953844e-05  0.00010558545  -0.00035248749  1.1115589e-05  0.0010832541  0.00010795481  6.5823893e-06  6.2074658e-06  0.0000000   8.6458336e-07  1.9654195e-05  0.00020348682  
-4.6008772e-05  -2.6983559e-08  -4.2367346e-07  2.1480013e-07  -1.5832984e-06  5.9078056e-06  3.3485443e-05  -1.7610691e-05  -1.0605671e-06  -0.00020348682  -1.7359234e-05  1.2678375e-05  -0.00026067495  -8.6458336e-07  0.0000000   0.00033902944  -0.0010832541  
-9.2705357e-06  -1.9914266e-06  -4.6403378e-07  -4.2367346e-07  -3.4707718e-07  7.2436608e-05  6.8163589e-06  3.6618359e-06  3.3485443e-05  -1.6955728e-05  -0.00020348682  4.4973158e-06  -0.0062958874  -1.9654195e-05  -0.00033902944  0.0000000   -0.00010795481  
7.6267451e-05  -2.9248264e-07  3.1510011e-06  -2.3960014e-07  -4.2367346e-07  5.0894890e-06  -1.2845929e-05  -6.1567857e-06  2.0186409e-06  -1.8155669e-06  -1.9905154e-05  3.3485443e-05  -0.00035248749  -0.00020348682  0.0010832541  0.00010795481  0.0000000   
