0.0000000   0.00088090398  0.00054985896  6.1917256e-05  0.00070754534  4.4188357e-07  -5.9583583e-05  1.0706570e-05  0.00014490079  -3.8265351e-06  -2.9463113e-05  -6.9362643e-06  0.00032552950  -5.3354438e-05  2.8850610e-06  5.9800700e-06  7.4631056e-05  
-0.00088090398  0.0000000   -2.1985227e-05  0.00014342390  0.00050904918  1.3811522e-05  9.3040610e-05  -1.5743353e-06  -9.5442724e-07  -1.6958848e-06  1.6087273e-07  -6.5010162e-06  -0.00013405993  2.7806776e-07  -2.4096048e-06  -1.2595979e-06  3.8482488e-08  
-0.00054985896  2.1985227e-05  0.0000000   -0.013714777  -2.6483000e-05  -2.0446471e-06  2.0105471e-06  1.3811522e-05  0.00015904294  9.3040610e-05  -5.3610854e-06  1.3615363e-08  -4.7060192e-06  4.8888859e-07  -0.00013405993  7.4176360e-07  -5.7688412e-07  
-6.1917256e-05  -0.00014342390  0.013714777  0.0000000   -1.9191912e-05  1.5188590e-06  -3.9639645e-06  -0.00015928095  1.3811522e-05  4.9145612e-06  9.3040610e-05  -3.5473116e-07  2.2514353e-05  -4.0966111e-06  -9.9269699e-07  -0.00013405993  5.7492224e-06  
-0.00070754534  -0.00050904918  2.6483000e-05  1.9191912e-05  0.0000000   3.3664704e-06  -6.2398870e-08  -1.9594339e-06  1.3748541e-07  -2.4905173e-06  -4.4617315e-07  1.3811522e-05  -4.6615647e-08  9.3040610e-05  -2.8588346e-07  -1.9587223e-07  -0.00013405993  
-4.4188357e-07  -1.3811522e-05  2.0446471e-06  -1.5188590e-06  -3.3664704e-06  0.0000000   -1.3509752e-06  -2.1985227e-05  0.00014342390  -8.0858132e-07  4.9325890e-06  0.00050904918  7.2366199e-06  1.7707290e-05  -1.4769748e-07  1.7755841e-06  6.4192228e-06  
5.9583583e-05  -9.3040610e-05  -2.0105471e-06  3.9639645e-06  6.2398870e-08  1.3509752e-06  0.0000000   -6.1716780e-07  4.9747830e-06  -2.1985227e-05  0.00014342390  1.7938256e-05  0.00018581967  0.00050904918  2.8010201e-06  5.5636447e-07  -2.3639715e-07  
-1.0706570e-05  1.5743353e-06  -1.3811522e-05  0.00015928095  1.9594339e-06  2.1985227e-05  6.1716780e-07  0.0000000   -0.013714777  -1.3509752e-06  -0.00048232264  -2.6483000e-05  1.1281294e-06  -1.0525868e-06  7.2366199e-06  -0.00016576013  -1.5011222e-07  
-0.00014490079  9.5442724e-07  -0.00015904294  -1.3811522e-05  -1.3748541e-07  -0.00014342390  -4.9747830e-06  0.013714777  0.0000000   0.00048175165  -1.3509752e-06  -1.9191912e-05  -1.9342991e-06  -6.0919100e-07  0.00016568424  7.2366199e-06  -3.1275048e-07  
3.8265351e-06  1.6958848e-06  -9.3040610e-05  -4.9145612e-06  2.4905173e-06  8.0858132e-07  2.1985227e-05  1.3509752e-06  -0.00048175165  0.0000000   -0.013714777  -9.5351317e-07  3.8966727e-06  -2.6483000e-05  0.00018581967  3.5379729e-06  1.9466853e-07  
2.9463113e-05  -1.6087273e-07  5.3610854e-06  -9.3040610e-05  4.4617315e-07  -4.9325890e-06  -0.00014342390  0.00048232264  1.3509752e-06  0.013714777  0.0000000   -6.6245854e-07  6.3044219e-07  -1.9191912e-05  -3.7253745e-06  0.00018581967  -6.7636500e-07  
6.9362643e-06  6.5010162e-06  -1.3615363e-08  3.5473116e-07  -1.3811522e-05  -0.00050904918  -1.7938256e-05  2.6483000e-05  1.9191912e-05  9.5351317e-07  6.6245854e-07  0.0000000   -5.9501560e-06  -1.3509752e-06  3.2235306e-07  2.1546903e-07  7.2366199e-06  
-0.00032552950  0.00013405993  4.7060192e-06  -2.2514353e-05  4.6615647e-08  -7.2366199e-06  -0.00018581967  -1.1281294e-06  1.9342991e-06  -3.8966727e-06  -6.3044219e-07  5.9501560e-06  0.0000000   6.5094851e-09  -2.1985227e-05  0.00014342390  0.00050904918  
5.3354438e-05  -2.7806776e-07  -4.8888859e-07  4.0966111e-06  -9.3040610e-05  -1.7707290e-05  -0.00050904918  1.0525868e-06  6.0919100e-07  2.6483000e-05  1.9191912e-05  1.3509752e-06  -6.5094851e-09  0.0000000   -5.4843583e-08  -6.4854969e-07  0.00018581967  
-2.8850610e-06  2.4096048e-06  0.00013405993  9.9269699e-07  2.8588346e-07  1.4769748e-07  -2.8010201e-06  -7.2366199e-06  -0.00016568424  -0.00018581967  3.7253745e-06  -3.2235306e-07  2.1985227e-05  5.4843583e-08  0.0000000   -0.013714777  -2.6483000e-05  
-5.9800700e-06  1.2595979e-06  -7.4176360e-07  0.00013405993  1.9587223e-07  -1.7755841e-06  -5.5636447e-07  0.00016576013  -7.2366199e-06  -3.5379729e-06  -0.00018581967  -2.1546903e-07  -0.00014342390  6.4854969e-07  0.013714777  0.0000000   -1.9191912e-05  
-7.4631056e-05  -3.8482488e-08  5.7688412e-07  -5.7492224e-06  0.00013405993  -6.4192228e-06  2.3639715e-07  1.5011222e-07  3.1275048e-07  -1.9466853e-07  6.7636500e-07  -7.2366199e-06  -0.00050904918  -0.00018581967  2.6483000e-05  1.9191912e-05  0.0000000   
