0.0000000   0.00082545403  -0.0020397319  -5.9396828e-05  2.2200735e-06  -2.2172147e-05  5.9595726e-05  -0.00023725049  -9.0323583e-05  1.1250988e-05  4.6181067e-05  -4.9182165e-05  -6.8540292e-05  -8.9651623e-06  0.00019991108  -9.4970061e-07  -9.9637292e-06  
-0.00082545403  0.0000000   8.9931405e-05  -0.00072612479  -0.00021745682  0.00013802320  -9.0746881e-05  -6.7899527e-06  2.0624331e-06  -1.0506733e-06  -0.00015283509  0.00010295464  -4.8983041e-06  6.9214928e-06  1.5327260e-05  5.6654817e-06  -8.2012966e-06  
0.0020397319  -8.9931405e-05  0.0000000   -0.00029752778  -0.00011070521  -0.00010028765  0.00013802320  8.2374970e-07  -6.7899527e-06  3.9600717e-06  0.00010154516  -0.00015283509  -3.3642599e-06  -1.8414757e-05  7.2366056e-06  -1.3123015e-05  1.7158645e-05  
5.9396828e-05  0.00072612479  0.00029752778  0.0000000   0.0016281518  -9.2862762e-08  -2.2436454e-08  5.9827143e-06  1.8356824e-06  0.00013802320  -6.5177156e-07  -4.4030732e-07  -6.7899527e-06  1.4228077e-07  -4.8798495e-06  -0.00015283509  4.2207336e-07  
-2.2200735e-06  0.00021745682  0.00011070521  -0.0016281518  0.0000000   1.6285265e-06  -2.8096446e-06  -3.7953163e-06  -1.2100024e-06  -5.3049135e-07  -1.4328478e-06  3.3875614e-06  -1.0662815e-06  0.00013802320  -6.7899527e-06  6.1095392e-07  -0.00015283509  
2.2172147e-05  -0.00013802320  0.00010028765  9.2862762e-08  -1.6285265e-06  0.0000000   8.9931405e-05  -2.5821132e-06  8.3375915e-06  -0.00072612479  -5.3375794e-05  3.6783471e-05  -5.2370410e-05  -0.00021745682  -1.6104685e-05  3.2587883e-06  3.5165831e-07  
-5.9595726e-05  9.0746881e-05  -0.00013802320  2.2436454e-08  2.8096446e-06  -8.9931405e-05  0.0000000   -4.6795531e-06  -2.5821132e-06  -0.00029752778  3.7631513e-05  -5.3375794e-05  -2.1464050e-05  -0.00011070521  -8.0659773e-06  1.0714692e-06  1.5488096e-06  
0.00023725049  6.7899527e-06  -8.2374970e-07  -5.9827143e-06  3.7953163e-06  2.5821132e-06  4.6795531e-06  0.0000000   8.9931405e-05  -5.2219403e-05  -3.3653128e-06  1.2889485e-05  -0.00072612479  -1.7366826e-05  -0.00021745682  -8.8681846e-05  -2.4678792e-05  
9.0323583e-05  -2.0624331e-06  6.7899527e-06  -1.8356824e-06  1.2100024e-06  -8.3375915e-06  2.5821132e-06  -8.9931405e-05  0.0000000   -2.1441615e-05  -9.0001862e-06  -3.3653128e-06  -0.00029752778  -8.6598370e-06  -0.00011070521  -3.6333381e-05  -1.2583556e-05  
-1.1250988e-05  1.0506733e-06  -3.9600717e-06  -0.00013802320  5.3049135e-07  0.00072612479  0.00029752778  5.2219403e-05  2.1441615e-05  0.0000000   -2.7056065e-06  -1.8468961e-06  -2.5821132e-06  0.0016281518  0.00011793243  -5.3375794e-05  -6.9376424e-06  
-4.6181067e-05  0.00015283509  -0.00010154516  6.5177156e-07  1.4328478e-06  5.3375794e-05  -3.7631513e-05  3.3653128e-06  9.0001862e-06  2.7056065e-06  0.0000000   8.9931405e-05  -8.7131421e-05  2.0110210e-06  -2.6731198e-05  -0.00072612479  -0.00021745682  
4.9182165e-05  -0.00010295464  0.00015283509  4.4030732e-07  -3.3875614e-06  -3.6783471e-05  5.3375794e-05  -1.2889485e-05  3.3653128e-06  1.8468961e-06  -8.9931405e-05  0.0000000   -3.5730896e-05  -1.3277497e-06  -1.3542918e-05  -0.00029752778  -0.00011070521  
6.8540292e-05  4.8983041e-06  3.3642599e-06  6.7899527e-06  1.0662815e-06  5.2370410e-05  2.1464050e-05  0.00072612479  0.00029752778  2.5821132e-06  8.7131421e-05  3.5730896e-05  0.0000000   0.00011722623  0.0016281518  -3.3653128e-06  0.00019630514  
8.9651623e-06  -6.9214928e-06  1.8414757e-05  -1.4228077e-07  -0.00013802320  0.00021745682  0.00011070521  1.7366826e-05  8.6598370e-06  -0.0016281518  -2.0110210e-06  1.3277497e-06  -0.00011722623  0.0000000   -2.5821132e-06  6.9496786e-06  -5.3375794e-05  
-0.00019991108  -1.5327260e-05  -7.2366056e-06  4.8798495e-06  6.7899527e-06  1.6104685e-05  8.0659773e-06  0.00021745682  0.00011070521  -0.00011793243  2.6731198e-05  1.3542918e-05  -0.0016281518  2.5821132e-06  0.0000000   -0.00019470470  -3.3653128e-06  
9.4970061e-07  -5.6654817e-06  1.3123015e-05  0.00015283509  -6.1095392e-07  -3.2587883e-06  -1.0714692e-06  8.8681846e-05  3.6333381e-05  5.3375794e-05  0.00072612479  0.00029752778  3.3653128e-06  -6.9496786e-06  0.00019470470  0.0000000   0.0016281518  
9.9637292e-06  8.2012966e-06  -1.7158645e-05  -4.2207336e-07  0.00015283509  -3.5165831e-07  -1.5488096e-06  2.4678792e-05  1.2583556e-05  6.9376424e-06  0.00021745682  0.00011070521  -0.00019630514  5.3375794e-05  3.3653128e-06  -0.0016281518  0.0000000   
