0.0000000   0.00043935296  0.0015373788  -2.7593815e-05  0.00060629924  -1.0965061e-06  -2.8516886e-05  0.00028618317  -7.6228558e-05  7.0472231e-06  2.6505276e-05  1.5263657e-05  -0.00015861528  4.1205511e-05  -6.6544598e-06  -1.9424256e-06  7.9253364e-05  
-0.00043935296  0.0000000   -4.2324033e-06  0.00025517480  0.00014927839  -0.00014504946  7.5219835e-05  1.2756888e-06  -1.7607181e-06  -1.6307503e-06  4.7735425e-05  -2.4315019e-05  1.9177363e-06  -1.7775228e-07  3.0878674e-06  2.4833232e-06  -1.6443860e-07  
-0.0015373788  4.2324033e-06  0.0000000   -8.1394306e-05  0.00045480595  7.1831486e-05  -0.00014504946  -1.2943257e-06  1.2756888e-06  -5.2255107e-06  -2.9003535e-05  4.7735425e-05  -3.1875906e-08  -7.6004653e-07  1.1140370e-05  8.5602374e-06  9.3871331e-07  
2.7593815e-05  -0.00025517480  8.1394306e-05  0.0000000   -3.8883841e-05  -4.2282598e-07  -1.3391894e-06  -2.8139097e-06  7.8852997e-07  -0.00014504946  -3.5554067e-08  3.4943721e-07  -6.5198537e-06  1.2756888e-06  -2.6249186e-08  4.7735425e-05  1.8393394e-06  
-0.00060629924  -0.00014927839  -0.00045480595  3.8883841e-05  0.0000000   1.5742477e-06  -4.7587835e-07  1.2178286e-07  -3.5521085e-07  -9.6597551e-06  -2.6046015e-06  7.2566498e-07  -0.00014504946  -2.6566574e-07  1.2756888e-06  5.8742277e-06  4.7735425e-05  
1.0965061e-06  0.00014504946  -7.1831486e-05  4.2282598e-07  -1.5742477e-06  0.0000000   -4.2324033e-06  7.2059228e-06  -4.1885412e-06  0.00025517480  -8.4608453e-05  4.3855631e-05  0.00014927839  1.7654309e-05  1.0094794e-05  8.0205545e-07  2.4994935e-06  
2.8516886e-05  -7.5219835e-05  0.00014504946  1.3391894e-06  4.7587835e-07  4.2324033e-06  0.0000000   -3.6074047e-06  7.2059228e-06  -8.1394306e-05  4.3924151e-05  -8.4608453e-05  0.00045480595  -5.5233881e-06  3.1092305e-05  -1.4489789e-06  1.4208617e-06  
-0.00028618317  -1.2756888e-06  1.2943257e-06  2.8139097e-06  -1.2178286e-07  -7.2059228e-06  3.6074047e-06  0.0000000   -4.2324033e-06  1.6832614e-05  4.2090600e-06  -2.5215122e-06  1.0531616e-05  0.00025517480  0.00014927839  3.4457280e-05  1.9334716e-05  
7.6228558e-05  1.7607181e-06  -1.2756888e-06  -7.8852997e-07  3.5521085e-07  4.1885412e-06  -7.2059228e-06  4.2324033e-06  0.0000000   -5.4841308e-06  -1.3907439e-06  4.2090600e-06  3.0962802e-05  -8.1394306e-05  0.00045480595  -1.0863067e-05  5.8814324e-05  
-7.0472231e-06  1.6307503e-06  5.2255107e-06  0.00014504946  9.6597551e-06  -0.00025517480  8.1394306e-05  -1.6832614e-05  5.4841308e-06  0.0000000   -1.4316424e-06  -5.3054916e-07  -3.8883841e-05  7.2059228e-06  -2.2266753e-06  -8.4608453e-05  -4.7770762e-06  
-2.6505276e-05  -4.7735425e-05  2.9003535e-05  3.5554067e-08  2.6046015e-06  8.4608453e-05  -4.3924151e-05  -4.2090600e-06  1.3907439e-06  1.4316424e-06  0.0000000   -4.2324033e-06  -1.4126517e-06  3.3028805e-05  1.9536906e-05  0.00025517480  0.00014927839  
-1.5263657e-05  2.4315019e-05  -4.7735425e-05  -3.4943721e-07  -7.2566498e-07  -4.3855631e-05  8.4608453e-05  2.5215122e-06  -4.2090600e-06  5.3054916e-07  4.2324033e-06  0.0000000   2.7164653e-06  -1.0592621e-05  5.8811772e-05  -8.1394306e-05  0.00045480595  
0.00015861528  -1.9177363e-06  3.1875906e-08  6.5198537e-06  0.00014504946  -0.00014927839  -0.00045480595  -1.0531616e-05  -3.0962802e-05  3.8883841e-05  1.4126517e-06  -2.7164653e-06  0.0000000   3.1401585e-06  7.2059228e-06  -5.4469929e-06  -8.4608453e-05  
-4.1205511e-05  1.7775228e-07  7.6004653e-07  -1.2756888e-06  2.6566574e-07  -1.7654309e-05  5.5233881e-06  -0.00025517480  8.1394306e-05  -7.2059228e-06  -3.3028805e-05  1.0592621e-05  -3.1401585e-06  0.0000000   -3.8883841e-05  4.2090600e-06  -4.7218035e-06  
6.6544598e-06  -3.0878674e-06  -1.1140370e-05  2.6249186e-08  -1.2756888e-06  -1.0094794e-05  -3.1092305e-05  -0.00014927839  -0.00045480595  2.2266753e-06  -1.9536906e-05  -5.8811772e-05  -7.2059228e-06  3.8883841e-05  0.0000000   5.2385860e-06  4.2090600e-06  
1.9424256e-06  -2.4833232e-06  -8.5602374e-06  -4.7735425e-05  -5.8742277e-06  -8.0205545e-07  1.4489789e-06  -3.4457280e-05  1.0863067e-05  8.4608453e-05  -0.00025517480  8.1394306e-05  5.4469929e-06  -4.2090600e-06  -5.2385860e-06  0.0000000   -3.8883841e-05  
-7.9253364e-05  1.6443860e-07  -9.3871331e-07  -1.8393394e-06  -4.7735425e-05  -2.4994935e-06  -1.4208617e-06  -1.9334716e-05  -5.8814324e-05  4.7770762e-06  -0.00014927839  -0.00045480595  8.4608453e-05  4.7218035e-06  -4.2090600e-06  3.8883841e-05  0.0000000   
