0.0000000   0.00087920439  8.1355889e-05  0.0018845975  -0.00072846788  -7.2177360e-06  -5.3689378e-06  -1.5929272e-06  7.3752891e-06  -3.6261923e-06  -2.5662449e-05  -2.8838556e-06  -6.2720304e-06  -6.4769574e-06  -8.1740356e-06  -1.8648751e-05  9.9596157e-07  
-0.00087920439  0.0000000   0.0012256486  0.00071442650  -0.00080415383  -1.0676762e-05  4.0724125e-06  2.3686775e-06  -6.1556789e-06  -1.2025051e-05  -1.1059880e-05  -2.7548890e-06  -8.4591392e-06  7.2014008e-06  1.2489673e-05  5.8070867e-06  -2.0120230e-06  
-8.1355889e-05  -0.0012256486  0.0000000   -0.00082187555  0.00071647949  -7.3805942e-06  -1.0676762e-05  1.1529597e-05  -6.0431697e-06  2.3686775e-06  3.8413197e-06  -8.1677142e-06  7.0853880e-06  -2.7548890e-06  -5.9071695e-06  -5.5265084e-06  5.1779226e-06  
-0.0018845975  -0.00071442650  0.00082187555  0.0000000   -0.0034201450  1.5241179e-06  -2.5231803e-06  2.1189085e-05  -1.0676762e-05  -9.7319706e-06  -3.4279655e-05  -1.6802996e-06  2.3686775e-06  3.1985515e-06  4.1828273e-05  -2.7548890e-06  -1.5786137e-05  
0.00072846788  0.00080415383  -0.00071647949  0.0034201450  0.0000000   2.7289194e-06  -1.4358417e-06  -1.2868210e-05  3.0015896e-05  7.3269599e-06  -1.0676762e-05  4.2400410e-06  -2.8610922e-05  -3.8806723e-06  2.3686775e-06  2.2505687e-05  -2.7548890e-06  
7.2177360e-06  1.0676762e-05  7.3805942e-06  -1.5241179e-06  -2.7289194e-06  0.0000000   0.0012256486  0.00030005905  0.00071442650  -5.5702338e-07  -0.00080415383  0.00073739958  1.4488276e-06  -9.3539693e-07  1.6251323e-07  3.7852494e-06  1.1282157e-07  
5.3689378e-06  -4.0724125e-06  1.0676762e-05  2.5231803e-06  1.4358417e-06  -0.0012256486  0.0000000   -1.9089186e-07  -0.00082187555  0.00030005905  0.00071647949  -8.2512654e-07  -6.1712190e-07  0.00073739958  -8.1356207e-07  -1.8726165e-06  -1.5885718e-06  
1.5929272e-06  -2.3686775e-06  -1.1529597e-05  -2.1189085e-05  1.2868210e-05  -0.00030005905  1.9089186e-07  0.0000000   -1.7042097e-06  0.0012256486  3.1860681e-07  0.00038094959  0.00071442650  -1.1605933e-07  -0.00080415383  2.2658719e-06  -1.5582569e-07  
-7.3752891e-06  6.1556789e-06  6.0431697e-06  1.0676762e-05  -3.0015896e-05  -0.00071442650  0.00082187555  1.7042097e-06  0.0000000   -9.4969707e-07  -0.0034201450  3.8051217e-06  0.00030005905  -1.9856543e-06  -5.8960169e-07  0.00073739958  -2.5468007e-06  
3.6261923e-06  1.2025051e-05  -2.3686775e-06  9.7319706e-06  -7.3269599e-06  5.5702338e-07  -0.00030005905  -0.0012256486  9.4969707e-07  0.0000000   4.8517683e-07  -7.5496383e-07  -0.00082187555  0.00038094959  0.00071647949  -1.1741218e-06  -6.3213479e-07  
2.5662449e-05  1.1059880e-05  -3.8413197e-06  3.4279655e-05  1.0676762e-05  0.00080415383  -0.00071647949  -3.1860681e-07  0.0034201450  -4.8517683e-07  0.0000000   -2.4443213e-08  -1.7334585e-06  -1.4900773e-06  0.00030005905  -3.1934494e-06  0.00073739958  
2.8838556e-06  2.7548890e-06  8.1677142e-06  1.6802996e-06  -4.2400410e-06  -0.00073739958  8.2512654e-07  -0.00038094959  -3.8051217e-06  7.5496383e-07  2.4443213e-08  0.0000000   -1.7675651e-06  0.0012256486  -2.3997610e-07  0.00071442650  -0.00080415383  
6.2720304e-06  8.4591392e-06  -7.0853880e-06  -2.3686775e-06  2.8610922e-05  -1.4488276e-06  6.1712190e-07  -0.00071442650  -0.00030005905  0.00082187555  1.7334585e-06  1.7675651e-06  0.0000000   -7.6762223e-07  -0.0034201450  0.00038094959  -2.2786466e-06  
6.4769574e-06  -7.2014008e-06  2.7548890e-06  -3.1985515e-06  3.8806723e-06  9.3539693e-07  -0.00073739958  1.1605933e-07  1.9856543e-06  -0.00038094959  1.4900773e-06  -0.0012256486  7.6762223e-07  0.0000000   9.0647625e-07  -0.00082187555  0.00071647949  
8.1740356e-06  -1.2489673e-05  5.9071695e-06  -4.1828273e-05  -2.3686775e-06  -1.6251323e-07  8.1356207e-07  0.00080415383  5.8960169e-07  -0.00071647949  -0.00030005905  2.3997610e-07  0.0034201450  -9.0647625e-07  0.0000000   -5.4472278e-07  0.00038094959  
1.8648751e-05  -5.8070867e-06  5.5265084e-06  2.7548890e-06  -2.2505687e-05  -3.7852494e-06  1.8726165e-06  -2.2658719e-06  -0.00073739958  1.1741218e-06  3.1934494e-06  -0.00071442650  -0.00038094959  0.00082187555  5.4472278e-07  0.0000000   -0.0034201450  
-9.9596157e-07  2.0120230e-06  -5.1779226e-06  1.5786137e-05  2.7548890e-06  -1.1282157e-07  1.5885718e-06  1.5582569e-07  2.5468007e-06  6.3213479e-07  -0.00073739958  0.00080415383  2.2786466e-06  -0.00071647949  -0.00038094959  0.0034201450  0.0000000   
