0.0000000   3.1908315e-05  -0.00033235103  0.00018809983  0.00083256093  1.9476881e-06  0.00010504107  9.6585383e-06  -1.3003855e-05  -7.1697231e-05  0.00012140484  -3.3578643e-05  -0.00053353423  7.5968695e-09  8.3363827e-05  -0.00012346966  -2.8560952e-06  
-3.1908315e-05  0.0000000   0.00025806607  0.00088302881  2.4872596e-05  -0.00018848698  -1.0223680e-05  1.1711403e-06  -7.5583477e-08  1.6289439e-06  -6.8559235e-06  2.8608215e-06  1.4160631e-05  1.0055316e-07  -1.7151796e-06  8.0959417e-06  -9.1968258e-08  
0.00033235103  -0.00025806607  0.0000000   -0.010842886  -6.6302250e-05  3.5820201e-07  -3.0640055e-06  -0.00018848698  -5.7681838e-07  -1.0223680e-05  2.9525577e-05  -7.3217245e-06  1.8513115e-05  -1.1326914e-06  1.4160631e-05  -4.3641899e-05  2.1877174e-06  
-0.00018809983  -0.00088302881  0.010842886  0.0000000   -0.00025590459  -2.6993672e-07  -3.6110648e-06  9.3825048e-07  -0.00018848698  -2.9628879e-05  -1.0223680e-05  5.0497028e-06  2.8455963e-05  1.4565425e-06  4.2911243e-05  1.4160631e-05  -2.1626196e-06  
-0.00083256093  -2.4872596e-05  6.6302250e-05  0.00025590459  0.0000000   4.2290951e-06  3.7624595e-07  -8.7693856e-06  1.6804072e-06  -1.7260684e-06  -1.2676162e-06  -0.00018848698  -5.6260109e-07  -1.0223680e-05  2.0137046e-06  2.0556383e-06  1.4160631e-05  
-1.9476881e-06  0.00018848698  -3.5820201e-07  2.6993672e-07  -4.2290951e-06  0.0000000   -8.0994409e-06  0.00025806607  0.00088302881  1.0946208e-05  3.6123747e-05  2.4872596e-05  5.8025037e-06  1.1083802e-06  2.6495523e-06  1.0455685e-05  2.2835066e-07  
-0.00010504107  1.0223680e-05  3.0640055e-06  3.6110648e-06  -3.7624595e-07  8.0994409e-06  0.0000000   1.0582086e-05  3.6361524e-05  0.00025806607  0.00088302881  9.4852850e-07  -0.00019359598  2.4872596e-05  1.6609515e-06  -2.7614269e-07  1.2460443e-06  
-9.6585383e-06  -1.1711403e-06  0.00018848698  -9.3825048e-07  8.7693856e-06  -0.00025806607  -1.0582086e-05  0.0000000   -0.010842886  -8.0994409e-06  -0.00044834119  -6.6302250e-05  -3.1116721e-06  -3.0853874e-06  5.8025037e-06  -0.00012360829  -5.4222132e-07  
1.3003855e-05  7.5583477e-08  5.7681838e-07  0.00018848698  -1.6804072e-06  -0.00088302881  -3.6361524e-05  0.010842886  0.0000000   0.00044825202  -8.0994409e-06  -0.00025590459  -1.0959600e-05  -1.0483855e-05  0.00012372202  5.8025037e-06  -2.9488651e-06  
7.1697231e-05  -1.6289439e-06  1.0223680e-05  2.9628879e-05  1.7260684e-06  -1.0946208e-05  -0.00025806607  8.0994409e-06  -0.00044825202  0.0000000   -0.010842886  -2.4058655e-06  8.1163670e-07  -6.6302250e-05  -0.00019359598  -2.1016586e-06  -8.4644089e-06  
-0.00012140484  6.8559235e-06  -2.9525577e-05  1.0223680e-05  1.2676162e-06  -3.6123747e-05  -0.00088302881  0.00044834119  8.0994409e-06  0.010842886  0.0000000   -1.0755160e-05  -1.2043481e-06  -0.00025590459  2.0050847e-06  -0.00019359598  2.4807657e-06  
3.3578643e-05  -2.8608215e-06  7.3217245e-06  -5.0497028e-06  0.00018848698  -2.4872596e-05  -9.4852850e-07  6.6302250e-05  0.00025590459  2.4058655e-06  1.0755160e-05  0.0000000   -3.9227742e-07  -8.0994409e-06  9.8742936e-07  2.7597660e-06  5.8025037e-06  
0.00053353423  -1.4160631e-05  -1.8513115e-05  -2.8455963e-05  5.6260109e-07  -5.8025037e-06  0.00019359598  3.1116721e-06  1.0959600e-05  -8.1163670e-07  1.2043481e-06  3.9227742e-07  0.0000000   -3.1846433e-06  0.00025806607  0.00088302881  2.4872596e-05  
-7.5968695e-09  -1.0055316e-07  1.1326914e-06  -1.4565425e-06  1.0223680e-05  -1.1083802e-06  -2.4872596e-05  3.0853874e-06  1.0483855e-05  6.6302250e-05  0.00025590459  8.0994409e-06  3.1846433e-06  0.0000000   -9.0305318e-06  3.5245084e-06  -0.00019359598  
-8.3363827e-05  1.7151796e-06  -1.4160631e-05  -4.2911243e-05  -2.0137046e-06  -2.6495523e-06  -1.6609515e-06  -5.8025037e-06  -0.00012372202  0.00019359598  -2.0050847e-06  -9.8742936e-07  -0.00025806607  9.0305318e-06  0.0000000   -0.010842886  -6.6302250e-05  
0.00012346966  -8.0959417e-06  4.3641899e-05  -1.4160631e-05  -2.0556383e-06  -1.0455685e-05  2.7614269e-07  0.00012360829  -5.8025037e-06  2.1016586e-06  0.00019359598  -2.7597660e-06  -0.00088302881  -3.5245084e-06  0.010842886  0.0000000   -0.00025590459  
2.8560952e-06  9.1968258e-08  -2.1877174e-06  2.1626196e-06  -1.4160631e-05  -2.2835066e-07  -1.2460443e-06  5.4222132e-07  2.9488651e-06  8.4644089e-06  -2.4807657e-06  -5.8025037e-06  -2.4872596e-05  0.00019359598  6.6302250e-05  0.00025590459  0.0000000   
