0.0000000   0.00010978426  -0.00010815453  -0.00015433534  3.2251995e-05  6.5427805e-05  7.0200979e-05  -8.5277582e-05  2.3429978e-05  2.6445255e-05  -1.4006486e-05  -5.9963532e-06  -0.00014485250  0.00013465765  -6.6426721e-05  8.5226943e-05  8.3383870e-05  
-0.00010978426  0.0000000   0.0023087888  0.0029334215  -0.00010379915  -9.5077586e-06  -2.6716463e-05  1.1237386e-05  -4.1348154e-05  -1.3145871e-05  -2.9714347e-09  -2.1178302e-05  1.2399376e-05  1.5908828e-05  -1.2033840e-05  3.7644639e-06  9.5725986e-06  
0.00010815453  -0.0023087888  0.0000000   -0.0010032769  0.0030664033  3.5991630e-05  -9.5077586e-06  1.4465342e-05  1.5574014e-05  1.1237386e-05  -4.6287430e-05  6.8687752e-06  1.7303909e-06  -1.8710088e-05  1.2399376e-05  3.6112726e-06  -4.3535893e-06  
0.00015433534  -0.0029334215  0.0010032769  0.0000000   -0.0020284617  4.7253200e-05  -1.1756662e-05  1.6429874e-05  -9.5077586e-06  -5.6546626e-06  2.9737402e-05  1.1237386e-05  -1.0778682e-06  2.0389874e-05  -5.0527998e-06  1.2399376e-05  7.9190717e-06  
-3.2251995e-05  0.00010379915  -0.0030664033  0.0020284617  0.0000000   -1.5865258e-07  4.7506724e-05  -2.5993616e-06  -2.9943540e-05  2.1889626e-05  -9.5077586e-06  -1.4230033e-05  -3.3620695e-06  1.1237386e-05  4.5729406e-06  -2.1103838e-06  1.2399376e-05  
-6.5427805e-05  9.5077586e-06  -3.5991630e-05  -4.7253200e-05  1.5865258e-07  0.0000000   0.0023087888  -0.0012649968  0.0029334215  -1.9285133e-06  -0.00010379915  6.6253388e-06  0.00030492842  9.7659818e-07  4.6305265e-06  3.8659226e-06  -3.3104585e-07  
-7.0200979e-05  2.6716463e-05  9.5077586e-06  1.1756662e-05  -4.7506724e-05  -0.0023087888  0.0000000   2.2688871e-08  -0.0010032769  -0.0012649968  0.0030664033  3.0730596e-06  -4.2629771e-06  -2.8199328e-06  0.00030492842  -2.6065270e-06  6.3068171e-06  
8.5277582e-05  -1.1237386e-05  -1.4465342e-05  -1.6429874e-05  2.5993616e-06  0.0012649968  -2.2688871e-08  0.0000000   -9.0897213e-06  0.0023087888  -7.7317665e-07  0.0029334215  -0.00044557575  -0.00010379915  2.1502893e-06  6.0006192e-06  2.3164914e-07  
-2.3429978e-05  4.1348154e-05  -1.5574014e-05  9.5077586e-06  2.9943540e-05  -0.0029334215  0.0010032769  9.0897213e-06  0.0000000   2.2366356e-06  -0.0020284617  -0.0012649968  -7.6744931e-06  -9.0572526e-07  1.2687793e-06  0.00030492842  -3.4646814e-06  
-2.6445255e-05  1.3145871e-05  -1.1237386e-05  5.6546626e-06  -2.1889626e-05  1.9285133e-06  0.0012649968  -0.0023087888  -2.2366356e-06  0.0000000   2.1059868e-07  -0.0010032769  -2.9209472e-06  0.0030664033  -0.00044557575  -8.4195922e-08  2.8241673e-06  
1.4006486e-05  2.9714347e-09  4.6287430e-05  -2.9737402e-05  9.5077586e-06  0.00010379915  -0.0030664033  7.7317665e-07  0.0020284617  -2.1059868e-07  0.0000000   -2.6915502e-06  2.7456400e-08  -0.0012649968  -5.5804545e-06  4.3757733e-06  0.00030492842  
5.9963532e-06  2.1178302e-05  -6.8687752e-06  -1.1237386e-05  1.4230033e-05  -6.6253388e-06  -3.0730596e-06  -0.0029334215  0.0012649968  0.0010032769  2.6915502e-06  0.0000000   -4.2240268e-07  -0.0020284617  2.0028686e-06  -0.00044557575  -2.8066985e-06  
0.00014485250  -1.2399376e-05  -1.7303909e-06  1.0778682e-06  3.3620695e-06  -0.00030492842  4.2629771e-06  0.00044557575  7.6744931e-06  2.9209472e-06  -2.7456400e-08  4.2240268e-07  0.0000000   -4.0103430e-07  0.0023087888  0.0029334215  -0.00010379915  
-0.00013465765  -1.5908828e-05  1.8710088e-05  -2.0389874e-05  -1.1237386e-05  -9.7659818e-07  2.8199328e-06  0.00010379915  9.0572526e-07  -0.0030664033  0.0012649968  0.0020284617  4.0103430e-07  0.0000000   -3.8678506e-06  1.5093438e-06  -0.00044557575  
6.6426721e-05  1.2033840e-05  -1.2399376e-05  5.0527998e-06  -4.5729406e-06  -4.6305265e-06  -0.00030492842  -2.1502893e-06  -1.2687793e-06  0.00044557575  5.5804545e-06  -2.0028686e-06  -0.0023087888  3.8678506e-06  0.0000000   -0.0010032769  0.0030664033  
-8.5226943e-05  -3.7644639e-06  -3.6112726e-06  -1.2399376e-05  2.1103838e-06  -3.8659226e-06  2.6065270e-06  -6.0006192e-06  -0.00030492842  8.4195922e-08  -4.3757733e-06  0.00044557575  -0.0029334215  -1.5093438e-06  0.0010032769  0.0000000   -0.0020284617  
-8.3383870e-05  -9.5725986e-06  4.3535893e-06  -7.9190717e-06  -1.2399376e-05  3.3104585e-07  -6.3068171e-06  -2.3164914e-07  3.4646814e-06  -2.8241673e-06  -0.00030492842  2.8066985e-06  0.00010379915  0.00044557575  -0.0030664033  0.0020284617  0.0000000   
