0.0000000   0.0041147692  -0.0010169702  7.0279909e-05  -1.6457315e-05  5.3390390e-06  1.3736822e-05  2.6057793e-05  -1.6149522e-05  -2.9332873e-05  1.5641251e-05  2.7668217e-05  -6.1543093e-05  0.00013113744  0.00020013520  0.00016611624  -0.00023827737  
-0.0041147692  0.0000000   0.0016359425  2.9653481e-05  -1.5280356e-05  -2.1226949e-05  -2.1322168e-05  1.4102350e-05  -4.2885308e-05  1.7058955e-06  5.4148396e-06  3.0256067e-05  3.3116101e-06  -1.9098065e-06  -1.8270872e-06  -1.1969186e-06  -1.7288114e-06  
0.0010169702  -0.0016359425  0.0000000   1.4062651e-05  2.6222141e-05  -6.4789368e-07  -2.1226949e-05  7.8920247e-06  1.4102350e-05  -1.0089137e-07  -1.0755818e-05  5.4148396e-06  -6.2783608e-07  -1.2920599e-06  -4.6964149e-08  -5.8110613e-07  2.1314417e-06  
-7.0279909e-05  -2.9653481e-05  -1.4062651e-05  0.0000000   0.0020498590  3.5868227e-07  6.1062394e-07  4.0421201e-07  -1.4728389e-06  -2.1226949e-05  4.8024701e-07  9.4286211e-07  1.4102350e-05  -6.3133469e-06  7.1257438e-06  5.4148396e-06  5.2015501e-06  
1.6457315e-05  1.5280356e-05  -2.6222141e-05  -0.0020498590  0.0000000   -3.7243606e-08  -9.2136617e-07  -2.3151660e-07  9.5417966e-07  1.0254520e-05  -1.3560608e-07  -2.4639281e-07  -1.0776748e-06  -2.1226949e-05  1.4102350e-05  -1.3417637e-05  5.4148396e-06  
-5.3390390e-06  2.1226949e-05  6.4789368e-07  -3.5868227e-07  3.7243606e-08  0.0000000   0.0016359425  -0.0023250686  -9.5465587e-06  2.9653481e-05  5.9545990e-05  7.3150548e-06  -5.6332887e-05  -1.5280356e-05  2.2885352e-05  2.0195938e-07  1.2861550e-06  
-1.3736822e-05  2.1322168e-05  2.1226949e-05  -6.1062394e-07  9.2136617e-07  -0.0016359425  0.0000000   -9.9292262e-06  -0.0023250686  1.4062651e-05  -6.9517594e-06  5.9545990e-05  4.2296816e-05  2.6222141e-05  -0.00010591570  -4.9405290e-07  2.0706447e-06  
-2.6057793e-05  -1.4102350e-05  -7.8920247e-06  -4.0421201e-07  2.3151660e-07  0.0023250686  9.9292262e-06  0.0000000   0.0016359425  5.6601743e-05  0.0023053403  9.7527010e-06  2.9653481e-05  -2.3375538e-05  -1.5280356e-05  5.7868988e-05  -2.6527368e-05  
1.6149522e-05  4.2885308e-05  -1.4102350e-05  1.4728389e-06  -9.5417966e-07  9.5465587e-06  0.0023250686  -0.0016359425  0.0000000   -4.2808142e-05  1.0126023e-05  0.0023053403  1.4062651e-05  0.00010797929  2.6222141e-05  -4.0334968e-05  0.00010309415  
2.9332873e-05  -1.7058955e-06  1.0089137e-07  2.1226949e-05  -1.0254520e-05  -2.9653481e-05  -1.4062651e-05  -5.6601743e-05  4.2808142e-05  0.0000000   1.2797696e-06  -1.3145411e-06  -0.0023250686  0.0020498590  3.9648035e-06  5.9545990e-05  9.1563564e-06  
-1.5641251e-05  -5.4148396e-06  1.0755818e-05  -4.8024701e-07  1.3560608e-07  -5.9545990e-05  6.9517594e-06  -0.0023053403  -1.0126023e-05  -1.2797696e-06  0.0000000   0.0016359425  -5.6289314e-05  3.9403197e-07  2.4102142e-05  2.9653481e-05  -1.5280356e-05  
-2.7668217e-05  -3.0256067e-05  -5.4148396e-06  -9.4286211e-07  2.4639281e-07  -7.3150548e-06  -5.9545990e-05  -9.7527010e-06  -0.0023053403  1.3145411e-06  -0.0016359425  0.0000000   4.2452006e-05  -3.2893700e-06  -0.00010668093  1.4062651e-05  2.6222141e-05  
6.1543093e-05  -3.3116101e-06  6.2783608e-07  -1.4102350e-05  1.0776748e-06  5.6332887e-05  -4.2296816e-05  -2.9653481e-05  -1.4062651e-05  0.0023250686  5.6289314e-05  -4.2452006e-05  0.0000000   -3.7975700e-06  0.0020498590  0.0023053403  -4.0564699e-06  
-0.00013113744  1.9098065e-06  1.2920599e-06  6.3133469e-06  2.1226949e-05  1.5280356e-05  -2.6222141e-05  2.3375538e-05  -0.00010797929  -0.0020498590  -3.9403197e-07  3.2893700e-06  3.7975700e-06  0.0000000   -0.0023250686  -9.1664639e-06  5.9545990e-05  
-0.00020013520  1.8270872e-06  4.6964149e-08  -7.1257438e-06  -1.4102350e-05  -2.2885352e-05  0.00010591570  1.5280356e-05  -2.6222141e-05  -3.9648035e-06  -2.4102142e-05  0.00010668093  -0.0020498590  0.0023250686  0.0000000   -3.4938575e-06  0.0023053403  
-0.00016611624  1.1969186e-06  5.8110613e-07  -5.4148396e-06  1.3417637e-05  -2.0195938e-07  4.9405290e-07  -5.7868988e-05  4.0334968e-05  -5.9545990e-05  -2.9653481e-05  -1.4062651e-05  -0.0023053403  9.1664639e-06  3.4938575e-06  0.0000000   0.0020498590  
0.00023827737  1.7288114e-06  -2.1314417e-06  -5.2015501e-06  -5.4148396e-06  -1.2861550e-06  -2.0706447e-06  2.6527368e-05  -0.00010309415  -9.1563564e-06  1.5280356e-05  -2.6222141e-05  4.0564699e-06  -5.9545990e-05  -0.0023053403  -0.0020498590  0.0000000   
