0.0000000   -0.0025700489  0.00070954201  0.00028028102  -0.00021490852  -2.6616241e-05  2.4603955e-05  -4.0495909e-05  0.00020551577  -7.0628837e-06  -0.00011526611  0.00012190170  -6.5584045e-05  5.8763364e-06  0.00010493619  6.0437227e-06  6.9958877e-06  
0.0025700489  0.0000000   -0.00022123497  -0.0012126186  -3.9078993e-06  -0.00020812970  0.00017254741  -8.5288550e-07  -6.3364969e-07  -2.1620371e-05  4.9138112e-07  3.9017963e-07  -3.1277154e-07  -7.6041933e-06  -7.6451691e-08  -1.3149107e-05  -2.5495178e-07  
-0.00070954201  0.00022123497  0.0000000   0.00081676728  8.9651806e-05  -4.5299641e-07  3.7138114e-07  -0.00020812970  0.00017254741  -6.1850368e-06  8.0336418e-08  -3.3870595e-07  8.5321494e-08  -2.1620371e-05  1.5071061e-07  5.3995736e-06  3.7102260e-07  
-0.00028028102  0.0012126186  -0.00081676728  0.0000000   0.0017571723  1.7362145e-07  1.1054023e-07  2.0689791e-07  -8.2334913e-07  1.7029293e-06  -0.00020812970  -3.1264042e-07  0.00017254741  -2.2544536e-06  -7.3874028e-08  -2.1620371e-05  6.4130721e-06  
0.00021490852  3.9078993e-06  -8.9651806e-05  -0.0017571723  0.0000000   4.2307079e-07  -3.3400529e-07  -3.3176512e-07  8.5698512e-08  2.1631701e-06  -2.2146720e-07  -0.00020812970  -1.4111686e-07  -9.2542104e-07  0.00017254741  -7.1592015e-06  -2.1620371e-05  
2.6616241e-05  0.00020812970  4.5299641e-07  -1.7362145e-07  -4.2307079e-07  0.0000000   -0.00067273725  -0.00022123497  -1.7039074e-06  -1.2831191e-05  -0.0012126186  -3.9078993e-06  -1.7249425e-07  -8.2767814e-07  1.3679088e-06  -4.0702299e-06  1.0026226e-08  
-2.4603955e-05  -0.00017254741  -3.7138114e-07  -1.1054023e-07  3.3400529e-07  0.00067273725  0.0000000   1.7146216e-06  -0.00022123497  -2.3842777e-05  3.3681491e-07  -1.3548584e-06  -0.0012126186  -7.7385948e-06  -3.9078993e-06  -4.2368939e-05  -8.4674665e-08  
4.0495909e-05  8.5288550e-07  0.00020812970  -2.0689791e-07  3.3176512e-07  0.00022123497  -1.7146216e-06  0.0000000   -0.00067273725  1.0897136e-06  0.00081676728  8.9651806e-05  3.7267710e-07  -1.2831191e-05  -1.0164825e-06  2.5473821e-06  2.6944584e-07  
-0.00020551577  6.3364969e-07  -0.00017254741  8.2334913e-07  -8.5698512e-08  1.7039074e-06  0.00022123497  0.00067273725  0.0000000   5.6757059e-06  -5.0350510e-07  9.4829762e-07  0.00081676728  -2.3842777e-05  8.9651806e-05  2.9297663e-05  3.1223920e-06  
7.0628837e-06  2.1620371e-05  6.1850368e-06  -1.7029293e-06  -2.1631701e-06  1.2831191e-05  2.3842777e-05  -1.0897136e-06  -5.6757059e-06  0.0000000   -5.0952118e-06  1.1534986e-06  -4.3076435e-05  -0.00022123497  8.4198072e-07  -0.0012126186  -3.9078993e-06  
0.00011526611  -4.9138112e-07  -8.0336418e-08  0.00020812970  2.2146720e-07  0.0012126186  -3.3681491e-07  -0.00081676728  5.0350510e-07  5.0952118e-06  0.0000000   0.0017571723  -0.00067273725  -2.9696459e-06  -4.3582800e-07  -1.2831191e-05  5.7421795e-06  
-0.00012190170  -3.9017963e-07  3.3870595e-07  3.1264042e-07  0.00020812970  3.9078993e-06  1.3548584e-06  -8.9651806e-05  -9.4829762e-07  -1.1534986e-06  -0.0017571723  0.0000000   -1.9987981e-07  6.7261005e-09  -0.00067273725  -5.3529790e-06  -1.2831191e-05  
6.5584045e-05  3.1277154e-07  -8.5321494e-08  -0.00017254741  1.4111686e-07  1.7249425e-07  0.0012126186  -3.7267710e-07  -0.00081676728  4.3076435e-05  0.00067273725  1.9987981e-07  0.0000000   -2.8745484e-05  0.0017571723  -2.3842777e-05  6.1483861e-05  
-5.8763364e-06  7.6041933e-06  2.1620371e-05  2.2544536e-06  9.2542104e-07  8.2767814e-07  7.7385948e-06  1.2831191e-05  2.3842777e-05  0.00022123497  2.9696459e-06  -6.7261005e-09  2.8745484e-05  0.0000000   2.8975745e-06  0.00081676728  8.9651806e-05  
-0.00010493619  7.6451691e-08  -1.5071061e-07  7.3874028e-08  -0.00017254741  -1.3679088e-06  3.9078993e-06  1.0164825e-06  -8.9651806e-05  -8.4198072e-07  4.3582800e-07  0.00067273725  -0.0017571723  -2.8975745e-06  0.0000000   -6.1159778e-05  -2.3842777e-05  
-6.0437227e-06  1.3149107e-05  -5.3995736e-06  2.1620371e-05  7.1592015e-06  4.0702299e-06  4.2368939e-05  -2.5473821e-06  -2.9297663e-05  0.0012126186  1.2831191e-05  5.3529790e-06  2.3842777e-05  -0.00081676728  6.1159778e-05  0.0000000   0.0017571723  
-6.9958877e-06  2.5495178e-07  -3.7102260e-07  -6.4130721e-06  2.1620371e-05  -1.0026226e-08  8.4674665e-08  -2.6944584e-07  -3.1223920e-06  3.9078993e-06  -5.7421795e-06  1.2831191e-05  -6.1483861e-05  -8.9651806e-05  2.3842777e-05  -0.0017571723  0.0000000   
