0.0000000   9.7779971e-06  -2.1615362e-05  1.2105535e-05  2.9907040e-05  1.5840192e-05  -1.0903461e-05  -3.4738049e-07  -2.0911274e-05  -5.6452709e-06  6.3827420e-06  3.8670158e-06  7.3786346e-06  -1.5842908e-05  8.0836420e-06  1.1753377e-06  -1.0976808e-05  
-9.7779971e-06  0.0000000   0.00013235069  0.00019556363  -0.00063901449  -0.00019197020  -0.00030661045  -2.2273048e-07  1.1538312e-06  4.3611420e-05  -7.3175752e-07  -2.9076766e-07  -1.3675599e-07  1.1289641e-06  -9.3008548e-07  5.7727938e-08  5.4569247e-07  
2.1615362e-05  -0.00013235069  0.0000000   -0.00065934486  -0.00070076252  -5.0353181e-07  -2.7970566e-07  -0.00019197020  -0.00030661045  1.3634644e-07  5.9633832e-07  -2.0901024e-07  5.2844088e-07  4.3611420e-05  -3.1156990e-07  -4.2173553e-07  -5.2753838e-08  
-1.2105535e-05  -0.00019556363  0.00065934486  0.0000000   0.00096271396  -2.3183024e-07  3.4304258e-07  -5.4619157e-07  5.4131181e-07  6.0913023e-08  -0.00019197020  -0.00030661045  -1.2747873e-06  5.9181609e-07  -3.2462366e-07  4.3611420e-05  7.5082857e-07  
-2.9907040e-05  0.00063901449  0.00070076252  -0.00096271396  0.0000000   -1.1039165e-06  2.6138536e-07  -5.2963275e-07  2.8700518e-07  4.3741402e-07  5.9161995e-07  -1.1045999e-07  -0.00019197020  3.8801748e-07  -0.00030661045  -3.0808124e-07  4.3611420e-05  
-1.5840192e-05  0.00019197020  5.0353181e-07  2.3183024e-07  1.1039165e-06  0.0000000   -0.0031516222  0.00013235069  -3.1630388e-06  -0.00080809645  0.00019556363  -8.1803441e-07  -0.00063901449  -6.6287948e-07  -2.9801855e-06  2.2081588e-07  -1.9603256e-06  
1.0903461e-05  0.00030661045  2.7970566e-07  -3.4304258e-07  -2.6138536e-07  0.0031516222  0.0000000   2.8930943e-06  0.00013235069  -0.00061060974  5.6166849e-07  0.00019556363  3.8868621e-06  -6.5967310e-07  -0.00063901449  -7.1845430e-07  1.1297330e-06  
3.4738049e-07  2.2273048e-07  0.00019197020  5.4619157e-07  5.2963275e-07  -0.00013235069  -2.8930943e-06  0.0000000   -0.0031516222  -9.7853549e-07  -0.00065934486  6.1081271e-07  -0.00070076252  -0.00080809645  -5.1634392e-07  -1.1332020e-06  -1.4073882e-06  
2.0911274e-05  -1.1538312e-06  0.00030661045  -5.4131181e-07  -2.8700518e-07  3.1630388e-06  -0.00013235069  0.0031516222  0.0000000   -2.4932474e-07  4.7888545e-07  -0.00065934486  1.6290708e-06  -0.00061060974  -0.00070076252  1.6752638e-06  1.5984432e-06  
5.6452709e-06  -4.3611420e-05  -1.3634644e-07  -6.0913023e-08  -4.3741402e-07  0.00080809645  0.00061060974  9.7853549e-07  2.4932474e-07  0.0000000   5.6120082e-07  -3.9748862e-07  -2.1423808e-07  0.00013235069  2.3569683e-06  0.00019556363  -0.00063901449  
-6.3827420e-06  7.3175752e-07  -5.9633832e-07  0.00019197020  -5.9161995e-07  -0.00019556363  -5.6166849e-07  0.00065934486  -4.7888545e-07  -5.6120082e-07  0.0000000   -0.0031516222  0.00096271396  1.0630732e-06  -2.1594349e-06  -0.00080809645  1.2757264e-06  
-3.8670158e-06  2.9076766e-07  2.0901024e-07  0.00030661045  1.1045999e-07  8.1803441e-07  -0.00019556363  -6.1081271e-07  0.00065934486  3.9748862e-07  0.0031516222  0.0000000   6.7093895e-07  -1.6692677e-06  0.00096271396  -0.00061060974  -2.7601252e-06  
-7.3786346e-06  1.3675599e-07  -5.2844088e-07  1.2747873e-06  0.00019197020  0.00063901449  -3.8868621e-06  0.00070076252  -1.6290708e-06  2.1423808e-07  -0.00096271396  -6.7093895e-07  0.0000000   8.4781179e-07  -0.0031516222  -2.0282112e-06  -0.00080809645  
1.5842908e-05  -1.1289641e-06  -4.3611420e-05  -5.9181609e-07  -3.8801748e-07  6.6287948e-07  6.5967310e-07  0.00080809645  0.00061060974  -0.00013235069  -1.0630732e-06  1.6692677e-06  -8.4781179e-07  0.0000000   2.1199054e-06  -0.00065934486  -0.00070076252  
-8.0836420e-06  9.3008548e-07  3.1156990e-07  3.2462366e-07  0.00030661045  2.9801855e-06  0.00063901449  5.1634392e-07  0.00070076252  -2.3569683e-06  2.1594349e-06  -0.00096271396  0.0031516222  -2.1199054e-06  0.0000000   2.2886682e-06  -0.00061060974  
-1.1753377e-06  -5.7727938e-08  4.2173553e-07  -4.3611420e-05  3.0808124e-07  -2.2081588e-07  7.1845430e-07  1.1332020e-06  -1.6752638e-06  -0.00019556363  0.00080809645  0.00061060974  2.0282112e-06  0.00065934486  -2.2886682e-06  0.0000000   0.00096271396  
1.0976808e-05  -5.4569247e-07  5.2753838e-08  -7.5082857e-07  -4.3611420e-05  1.9603256e-06  -1.1297330e-06  1.4073882e-06  -1.5984432e-06  0.00063901449  -1.2757264e-06  2.7601252e-06  0.00080809645  0.00070076252  0.00061060974  -0.00096271396  0.0000000   
