0.0000000   -0.0020260503  0.0016923709  -6.2682570e-05  5.7693803e-05  -7.8004332e-06  8.3188152e-06  6.0606313e-05  5.1222579e-06  -0.00010020667  1.6841631e-05  5.6085422e-06  6.6153723e-06  -7.5141808e-06  -7.1787828e-06  -1.4039017e-05  2.5136215e-05  
0.0020260503  0.0000000   -0.0029756992  0.00038048765  -5.1116738e-05  3.3635723e-06  -1.4563171e-06  0.00017301053  -1.5571404e-05  5.8201178e-07  -5.2285795e-06  3.4342313e-06  5.0330481e-06  5.4209179e-06  -1.1934328e-05  1.5914901e-06  6.2150802e-07  
-0.0016923709  0.0029756992  0.0000000   -0.0030430603  -0.0010085482  2.3826059e-05  3.3635723e-06  1.3613990e-06  5.9746164e-06  0.00017301053  1.7459438e-06  -3.7703535e-07  -8.3673118e-06  3.4342313e-06  2.1114605e-05  6.3590702e-06  2.3796003e-06  
6.2682570e-05  -0.00038048765  0.0030430603  0.0000000   0.00013735892  -1.4553564e-06  7.7719091e-06  1.2207858e-06  3.3635723e-06  -1.2645325e-06  2.0361774e-06  7.5274315e-07  0.00017301053  -8.5767010e-06  0.00010268415  3.4342313e-06  1.4419730e-06  
-5.7693803e-05  5.1116738e-05  0.0010085482  -0.00013735892  0.0000000   3.0625647e-07  3.0119601e-06  1.1450186e-06  2.3486797e-06  9.1418645e-06  3.3635723e-06  3.4596991e-07  0.00010298305  -2.8009705e-06  0.00017301053  1.7295040e-06  3.4342313e-06  
7.8004332e-06  -3.3635723e-06  -2.3826059e-05  1.4553564e-06  -3.0625647e-07  0.0000000   -0.0029756992  -4.4578541e-06  0.00038048765  6.5270654e-05  -5.1116738e-05  3.8448373e-05  -8.3290078e-06  -9.5815521e-07  1.1734510e-06  7.3978271e-07  -6.0149287e-07  
-8.3188152e-06  1.4563171e-06  -3.3635723e-06  -7.7719091e-06  -3.0119601e-06  0.0029756992  0.0000000   -6.4170080e-05  -0.0030430603  -4.4578541e-06  -0.0010085482  1.4342914e-06  6.5898638e-05  3.8448373e-05  2.1488709e-05  -2.1890139e-06  2.5563994e-06  
-6.0606313e-05  -0.00017301053  -1.3613990e-06  -1.2207858e-06  -1.1450186e-06  4.4578541e-06  6.4170080e-05  0.0000000   -7.6762584e-06  -0.0029756992  1.2231751e-06  3.7596582e-06  0.00038048765  8.7309539e-05  -5.1116738e-05  -1.1191001e-05  1.4586540e-06  
-5.1222579e-06  1.5571404e-05  -5.9746164e-06  -3.3635723e-06  -2.3486797e-06  -0.00038048765  0.0030430603  7.6762584e-06  0.0000000   -6.4863256e-05  0.00013735892  2.6734183e-07  -4.4578541e-06  3.8411854e-07  -5.5346723e-06  3.8448373e-05  2.2705857e-05  
0.00010020667  -5.8201178e-07  -0.00017301053  1.2645325e-06  -9.1418645e-06  -6.5270654e-05  4.4578541e-06  0.0029756992  6.4863256e-05  0.0000000   2.1900216e-05  -8.7657471e-05  -0.0030430603  3.7596582e-06  -0.0010085482  8.9211813e-05  2.9884820e-05  
-1.6841631e-05  5.2285795e-06  -1.7459438e-06  -2.0361774e-06  -3.3635723e-06  5.1116738e-05  0.0010085482  -1.2231751e-06  -0.00013735892  -2.1900216e-05  0.0000000   -2.5713362e-07  2.7932021e-07  3.3380741e-06  -4.4578541e-06  2.2815579e-05  3.8448373e-05  
-5.6085422e-06  -3.4342313e-06  3.7703535e-07  -7.5274315e-07  -3.4596991e-07  -3.8448373e-05  -1.4342914e-06  -3.7596582e-06  -2.6734183e-07  8.7657471e-05  2.5713362e-07  0.0000000   -1.1233043e-05  -0.0029756992  1.5940149e-06  0.00038048765  -5.1116738e-05  
-6.6153723e-06  -5.0330481e-06  8.3673118e-06  -0.00017301053  -0.00010298305  8.3290078e-06  -6.5898638e-05  -0.00038048765  4.4578541e-06  0.0030430603  -2.7932021e-07  1.1233043e-05  0.0000000   -8.9272678e-05  0.00013735892  3.7596582e-06  -1.7572505e-06  
7.5141808e-06  -5.4209179e-06  -3.4342313e-06  8.5767010e-06  2.8009705e-06  9.5815521e-07  -3.8448373e-05  -8.7309539e-05  -3.8411854e-07  -3.7596582e-06  -3.3380741e-06  0.0029756992  8.9272678e-05  0.0000000   2.9246700e-05  -0.0030430603  -0.0010085482  
7.1787828e-06  1.1934328e-05  -2.1114605e-05  -0.00010268415  -0.00017301053  -1.1734510e-06  -2.1488709e-05  5.1116738e-05  5.5346723e-06  0.0010085482  4.4578541e-06  -1.5940149e-06  -0.00013735892  -2.9246700e-05  0.0000000   6.3417184e-06  3.7596582e-06  
1.4039017e-05  -1.5914901e-06  -6.3590702e-06  -3.4342313e-06  -1.7295040e-06  -7.3978271e-07  2.1890139e-06  1.1191001e-05  -3.8448373e-05  -8.9211813e-05  -2.2815579e-05  -0.00038048765  -3.7596582e-06  0.0030430603  -6.3417184e-06  0.0000000   0.00013735892  
-2.5136215e-05  -6.2150802e-07  -2.3796003e-06  -1.4419730e-06  -3.4342313e-06  6.0149287e-07  -2.5563994e-06  -1.4586540e-06  -2.2705857e-05  -2.9884820e-05  -3.8448373e-05  5.1116738e-05  1.7572505e-06  0.0010085482  -3.7596582e-06  -0.00013735892  0.0000000   
