0.0000000   0.00052381401  6.7189564e-05  2.7306848e-05  -1.3500909e-05  -2.8252699e-05  1.8251714e-06  1.1401127e-06  -1.3357543e-05  2.5257593e-07  2.2147184e-05  0.0000000   0.00052381401  6.7189564e-05  2.7306848e-05  -1.3500909e-05  -2.8252699e-05  1.8251714e-06  1.1401127e-06  -1.3357543e-05  2.5257593e-07  2.2147184e-05  
-0.00052381401  0.0000000   9.0670990e-05  5.4551369e-05  4.8505628e-05  -5.1289340e-05  -9.5539899e-07  -1.0888944e-07  8.3744485e-06  -2.4885896e-07  1.9354317e-05  -0.00052381401  0.0000000   9.0670990e-05  5.4551369e-05  4.8505628e-05  -5.1289340e-05  -9.5539899e-07  -1.0888944e-07  8.3744485e-06  -2.4885896e-07  1.9354317e-05  
-6.7189564e-05  -9.0670990e-05  0.0000000   -8.4345050e-05  1.6958182e-05  -4.3479765e-05  3.6502908e-07  -5.0636371e-07  3.6887798e-05  1.8386102e-07  7.7141954e-06  -6.7189564e-05  -9.0670990e-05  0.0000000   -8.4345050e-05  1.6958182e-05  -4.3479765e-05  3.6502908e-07  -5.0636371e-07  3.6887798e-05  1.8386102e-07  7.7141954e-06  
-2.7306848e-05  -5.4551369e-05  8.4345050e-05  0.0000000   -1.1038896e-05  6.8512404e-05  -1.2159175e-06  1.3578232e-06  -3.4061475e-05  -3.5138463e-07  -3.7336412e-06  -2.7306848e-05  -5.4551369e-05  8.4345050e-05  0.0000000   -1.1038896e-05  6.8512404e-05  -1.2159175e-06  1.3578232e-06  -3.4061475e-05  -3.5138463e-07  -3.7336412e-06  
1.3500909e-05  -4.8505628e-05  -1.6958182e-05  1.1038896e-05  0.0000000   -3.7306275e-05  8.3591555e-07  -1.4788238e-06  -5.6075828e-05  -3.0873315e-07  2.8178784e-05  1.3500909e-05  -4.8505628e-05  -1.6958182e-05  1.1038896e-05  0.0000000   -3.7306275e-05  8.3591555e-07  -1.4788238e-06  -5.6075828e-05  -3.0873315e-07  2.8178784e-05  
2.8252699e-05  5.1289340e-05  4.3479765e-05  -6.8512404e-05  3.7306275e-05  0.0000000   -9.5467282e-06  -2.2073776e-05  -7.0651694e-05  5.0436028e-07  -8.3841991e-06  2.8252699e-05  5.1289340e-05  4.3479765e-05  -6.8512404e-05  3.7306275e-05  0.0000000   -9.5467282e-06  -2.2073776e-05  -7.0651694e-05  5.0436028e-07  -8.3841991e-06  
-1.8251714e-06  9.5539899e-07  -3.6502908e-07  1.2159175e-06  -8.3591555e-07  9.5467282e-06  0.0000000   -0.0011396095  3.6212661e-06  -6.4361586e-06  4.0540164e-09  -1.8251714e-06  9.5539899e-07  -3.6502908e-07  1.2159175e-06  -8.3591555e-07  9.5467282e-06  0.0000000   -0.0011396095  3.6212661e-06  -6.4361586e-06  4.0540164e-09  
-1.1401127e-06  1.0888944e-07  5.0636371e-07  -1.3578232e-06  1.4788238e-06  2.2073776e-05  0.0011396095  0.0000000   1.4928674e-06  -8.1880497e-05  6.8477306e-07  -1.1401127e-06  1.0888944e-07  5.0636371e-07  -1.3578232e-06  1.4788238e-06  2.2073776e-05  0.0011396095  0.0000000   1.4928674e-06  -8.1880497e-05  6.8477306e-07  
1.3357543e-05  -8.3744485e-06  -3.6887798e-05  3.4061475e-05  5.6075828e-05  7.0651694e-05  -3.6212661e-06  -1.4928674e-06  0.0000000   9.8064046e-08  -1.5965806e-06  1.3357543e-05  -8.3744485e-06  -3.6887798e-05  3.4061475e-05  5.6075828e-05  7.0651694e-05  -3.6212661e-06  -1.4928674e-06  0.0000000   9.8064046e-08  -1.5965806e-06  
-2.5257593e-07  2.4885896e-07  -1.8386102e-07  3.5138463e-07  3.0873315e-07  -5.0436028e-07  6.4361586e-06  8.1880497e-05  -9.8064046e-08  0.0000000   5.3384949e-08  -2.5257593e-07  2.4885896e-07  -1.8386102e-07  3.5138463e-07  3.0873315e-07  -5.0436028e-07  6.4361586e-06  8.1880497e-05  -9.8064046e-08  0.0000000   5.3384949e-08  
-2.2147184e-05  -1.9354317e-05  -7.7141954e-06  3.7336412e-06  -2.8178784e-05  8.3841991e-06  -4.0540164e-09  -6.8477306e-07  1.5965806e-06  -5.3384949e-08  0.0000000   -2.2147184e-05  -1.9354317e-05  -7.7141954e-06  3.7336412e-06  -2.8178784e-05  8.3841991e-06  -4.0540164e-09  -6.8477306e-07  1.5965806e-06  -5.3384949e-08  0.0000000   
0.0000000   0.00052381401  6.7189564e-05  2.7306848e-05  -1.3500909e-05  -2.8252699e-05  1.8251714e-06  1.1401127e-06  -1.3357543e-05  2.5257593e-07  2.2147184e-05  0.0000000   0.00052381401  6.7189564e-05  2.7306848e-05  -1.3500909e-05  -2.8252699e-05  1.8251714e-06  1.1401127e-06  -1.3357543e-05  2.5257593e-07  2.2147184e-05  
-0.00052381401  0.0000000   9.0670990e-05  5.4551369e-05  4.8505628e-05  -5.1289340e-05  -9.5539899e-07  -1.0888944e-07  8.3744485e-06  -2.4885896e-07  1.9354317e-05  -0.00052381401  0.0000000   9.0670990e-05  5.4551369e-05  4.8505628e-05  -5.1289340e-05  -9.5539899e-07  -1.0888944e-07  8.3744485e-06  -2.4885896e-07  1.9354317e-05  
-6.7189564e-05  -9.0670990e-05  0.0000000   -8.4345050e-05  1.6958182e-05  -4.3479765e-05  3.6502908e-07  -5.0636371e-07  3.6887798e-05  1.8386102e-07  7.7141954e-06  -6.7189564e-05  -9.0670990e-05  0.0000000   -8.4345050e-05  1.6958182e-05  -4.3479765e-05  3.6502908e-07  -5.0636371e-07  3.6887798e-05  1.8386102e-07  7.7141954e-06  
-2.7306848e-05  -5.4551369e-05  8.4345050e-05  0.0000000   -1.1038896e-05  6.8512404e-05  -1.2159175e-06  1.3578232e-06  -3.4061475e-05  -3.5138463e-07  -3.7336412e-06  -2.7306848e-05  -5.4551369e-05  8.4345050e-05  0.0000000   -1.1038896e-05  6.8512404e-05  -1.2159175e-06  1.3578232e-06  -3.4061475e-05  -3.5138463e-07  -3.7336412e-06  
1.3500909e-05  -4.8505628e-05  -1.6958182e-05  1.1038896e-05  0.0000000   -3.7306275e-05  8.3591555e-07  -1.4788238e-06  -5.6075828e-05  -3.0873315e-07  2.8178784e-05  1.3500909e-05  -4.8505628e-05  -1.6958182e-05  1.1038896e-05  0.0000000   -3.7306275e-05  8.3591555e-07  -1.4788238e-06  -5.6075828e-05  -3.0873315e-07  2.8178784e-05  
2.8252699e-05  5.1289340e-05  4.3479765e-05  -6.8512404e-05  3.7306275e-05  0.0000000   -9.5467282e-06  -2.2073776e-05  -7.0651694e-05  5.0436028e-07  -8.3841991e-06  2.8252699e-05  5.1289340e-05  4.3479765e-05  -6.8512404e-05  3.7306275e-05  0.0000000   -9.5467282e-06  -2.2073776e-05  -7.0651694e-05  5.0436028e-07  -8.3841991e-06  
-1.8251714e-06  9.5539899e-07  -3.6502908e-07  1.2159175e-06  -8.3591555e-07  9.5467282e-06  0.0000000   -0.0011396095  3.6212661e-06  -6.4361586e-06  4.0540164e-09  -1.8251714e-06  9.5539899e-07  -3.6502908e-07  1.2159175e-06  -8.3591555e-07  9.5467282e-06  0.0000000   -0.0011396095  3.6212661e-06  -6.4361586e-06  4.0540164e-09  
-1.1401127e-06  1.0888944e-07  5.0636371e-07  -1.3578232e-06  1.4788238e-06  2.2073776e-05  0.0011396095  0.0000000   1.4928674e-06  -8.1880497e-05  6.8477306e-07  -1.1401127e-06  1.0888944e-07  5.0636371e-07  -1.3578232e-06  1.4788238e-06  2.2073776e-05  0.0011396095  0.0000000   1.4928674e-06  -8.1880497e-05  6.8477306e-07  
1.3357543e-05  -8.3744485e-06  -3.6887798e-05  3.4061475e-05  5.6075828e-05  7.0651694e-05  -3.6212661e-06  -1.4928674e-06  0.0000000   9.8064046e-08  -1.5965806e-06  1.3357543e-05  -8.3744485e-06  -3.6887798e-05  3.4061475e-05  5.6075828e-05  7.0651694e-05  -3.6212661e-06  -1.4928674e-06  0.0000000   9.8064046e-08  -1.5965806e-06  
-2.5257593e-07  2.4885896e-07  -1.8386102e-07  3.5138463e-07  3.0873315e-07  -5.0436028e-07  6.4361586e-06  8.1880497e-05  -9.8064046e-08  0.0000000   5.3384949e-08  -2.5257593e-07  2.4885896e-07  -1.8386102e-07  3.5138463e-07  3.0873315e-07  -5.0436028e-07  6.4361586e-06  8.1880497e-05  -9.8064046e-08  0.0000000   5.3384949e-08  
-2.2147184e-05  -1.9354317e-05  -7.7141954e-06  3.7336412e-06  -2.8178784e-05  8.3841991e-06  -4.0540164e-09  -6.8477306e-07  1.5965806e-06  -5.3384949e-08  0.0000000   -2.2147184e-05  -1.9354317e-05  -7.7141954e-06  3.7336412e-06  -2.8178784e-05  8.3841991e-06  -4.0540164e-09  -6.8477306e-07  1.5965806e-06  -5.3384949e-08  0.0000000   
