0.0000000   0.00019864472  -7.5910397e-05  1.3861071e-06  -7.7359130e-05  5.7442523e-05  -3.9599835e-06  -5.4498446e-06  8.2388987e-06  1.7176919e-05  -2.0578192e-05  0.0000000   0.00019864472  -7.5910397e-05  1.3861071e-06  -7.7359130e-05  5.7442523e-05  -3.9599835e-06  -5.4498446e-06  8.2388987e-06  1.7176919e-05  -2.0578192e-05  
-0.00019864472  0.0000000   -0.00050368163  -4.1213831e-07  9.4274948e-06  7.4352273e-08  7.6336503e-06  -4.4173411e-06  6.1151590e-05  1.9108504e-05  -5.0146721e-05  -0.00019864472  0.0000000   -0.00050368163  -4.1213831e-07  9.4274948e-06  7.4352273e-08  7.6336503e-06  -4.4173411e-06  6.1151590e-05  1.9108504e-05  -5.0146721e-05  
7.5910397e-05  0.00050368163  0.0000000   1.7722496e-07  2.0687024e-05  -3.8438606e-05  -2.6615175e-06  -2.6281524e-06  -1.0263316e-05  -3.2959980e-05  -7.1048213e-06  7.5910397e-05  0.00050368163  0.0000000   1.7722496e-07  2.0687024e-05  -3.8438606e-05  -2.6615175e-06  -2.6281524e-06  -1.0263316e-05  -3.2959980e-05  -7.1048213e-06  
-1.3861071e-06  4.1213831e-07  -1.7722496e-07  0.0000000   3.4416270e-08  -6.4343613e-07  2.4534137e-05  -8.0255883e-05  7.0957985e-08  -1.5973912e-07  7.0102131e-07  -1.3861071e-06  4.1213831e-07  -1.7722496e-07  0.0000000   3.4416270e-08  -6.4343613e-07  2.4534137e-05  -8.0255883e-05  7.0957985e-08  -1.5973912e-07  7.0102131e-07  
7.7359130e-05  -9.4274948e-06  -2.0687024e-05  -3.4416270e-08  0.0000000   2.3933117e-05  4.0924219e-06  4.6691621e-06  6.1217710e-05  5.8401577e-06  3.2001020e-05  7.7359130e-05  -9.4274948e-06  -2.0687024e-05  -3.4416270e-08  0.0000000   2.3933117e-05  4.0924219e-06  4.6691621e-06  6.1217710e-05  5.8401577e-06  3.2001020e-05  
-5.7442523e-05  -7.4352273e-08  3.8438606e-05  6.4343613e-07  -2.3933117e-05  0.0000000   -5.7040962e-06  0.00014124973  4.3666220e-05  0.00013342214  -3.8706839e-05  -5.7442523e-05  -7.4352273e-08  3.8438606e-05  6.4343613e-07  -2.3933117e-05  0.0000000   -5.7040962e-06  0.00014124973  4.3666220e-05  0.00013342214  -3.8706839e-05  
3.9599835e-06  -7.6336503e-06  2.6615175e-06  -2.4534137e-05  -4.0924219e-06  5.7040962e-06  0.0000000   -0.0034036483  2.1109910e-05  5.4364693e-07  -7.3784490e-06  3.9599835e-06  -7.6336503e-06  2.6615175e-06  -2.4534137e-05  -4.0924219e-06  5.7040962e-06  0.0000000   -0.0034036483  2.1109910e-05  5.4364693e-07  -7.3784490e-06  
5.4498446e-06  4.4173411e-06  2.6281524e-06  8.0255883e-05  -4.6691621e-06  -0.00014124973  0.0034036483  0.0000000   -1.0440817e-05  -2.6584656e-06  -1.5080167e-07  5.4498446e-06  4.4173411e-06  2.6281524e-06  8.0255883e-05  -4.6691621e-06  -0.00014124973  0.0034036483  0.0000000   -1.0440817e-05  -2.6584656e-06  -1.5080167e-07  
-8.2388987e-06  -6.1151590e-05  1.0263316e-05  -7.0957985e-08  -6.1217710e-05  -4.3666220e-05  -2.1109910e-05  1.0440817e-05  0.0000000   -0.00036844581  -1.7970267e-05  -8.2388987e-06  -6.1151590e-05  1.0263316e-05  -7.0957985e-08  -6.1217710e-05  -4.3666220e-05  -2.1109910e-05  1.0440817e-05  0.0000000   -0.00036844581  -1.7970267e-05  
-1.7176919e-05  -1.9108504e-05  3.2959980e-05  1.5973912e-07  -5.8401577e-06  -0.00013342214  -5.4364693e-07  2.6584656e-06  0.00036844581  0.0000000   -0.00020576537  -1.7176919e-05  -1.9108504e-05  3.2959980e-05  1.5973912e-07  -5.8401577e-06  -0.00013342214  -5.4364693e-07  2.6584656e-06  0.00036844581  0.0000000   -0.00020576537  
2.0578192e-05  5.0146721e-05  7.1048213e-06  -7.0102131e-07  -3.2001020e-05  3.8706839e-05  7.3784490e-06  1.5080167e-07  1.7970267e-05  0.00020576537  0.0000000   2.0578192e-05  5.0146721e-05  7.1048213e-06  -7.0102131e-07  -3.2001020e-05  3.8706839e-05  7.3784490e-06  1.5080167e-07  1.7970267e-05  0.00020576537  0.0000000   
0.0000000   0.00019864472  -7.5910397e-05  1.3861071e-06  -7.7359130e-05  5.7442523e-05  -3.9599835e-06  -5.4498446e-06  8.2388987e-06  1.7176919e-05  -2.0578192e-05  0.0000000   0.00019864472  -7.5910397e-05  1.3861071e-06  -7.7359130e-05  5.7442523e-05  -3.9599835e-06  -5.4498446e-06  8.2388987e-06  1.7176919e-05  -2.0578192e-05  
-0.00019864472  0.0000000   -0.00050368163  -4.1213831e-07  9.4274948e-06  7.4352273e-08  7.6336503e-06  -4.4173411e-06  6.1151590e-05  1.9108504e-05  -5.0146721e-05  -0.00019864472  0.0000000   -0.00050368163  -4.1213831e-07  9.4274948e-06  7.4352273e-08  7.6336503e-06  -4.4173411e-06  6.1151590e-05  1.9108504e-05  -5.0146721e-05  
7.5910397e-05  0.00050368163  0.0000000   1.7722496e-07  2.0687024e-05  -3.8438606e-05  -2.6615175e-06  -2.6281524e-06  -1.0263316e-05  -3.2959980e-05  -7.1048213e-06  7.5910397e-05  0.00050368163  0.0000000   1.7722496e-07  2.0687024e-05  -3.8438606e-05  -2.6615175e-06  -2.6281524e-06  -1.0263316e-05  -3.2959980e-05  -7.1048213e-06  
-1.3861071e-06  4.1213831e-07  -1.7722496e-07  0.0000000   3.4416270e-08  -6.4343613e-07  2.4534137e-05  -8.0255883e-05  7.0957985e-08  -1.5973912e-07  7.0102131e-07  -1.3861071e-06  4.1213831e-07  -1.7722496e-07  0.0000000   3.4416270e-08  -6.4343613e-07  2.4534137e-05  -8.0255883e-05  7.0957985e-08  -1.5973912e-07  7.0102131e-07  
7.7359130e-05  -9.4274948e-06  -2.0687024e-05  -3.4416270e-08  0.0000000   2.3933117e-05  4.0924219e-06  4.6691621e-06  6.1217710e-05  5.8401577e-06  3.2001020e-05  7.7359130e-05  -9.4274948e-06  -2.0687024e-05  -3.4416270e-08  0.0000000   2.3933117e-05  4.0924219e-06  4.6691621e-06  6.1217710e-05  5.8401577e-06  3.2001020e-05  
-5.7442523e-05  -7.4352273e-08  3.8438606e-05  6.4343613e-07  -2.3933117e-05  0.0000000   -5.7040962e-06  0.00014124973  4.3666220e-05  0.00013342214  -3.8706839e-05  -5.7442523e-05  -7.4352273e-08  3.8438606e-05  6.4343613e-07  -2.3933117e-05  0.0000000   -5.7040962e-06  0.00014124973  4.3666220e-05  0.00013342214  -3.8706839e-05  
3.9599835e-06  -7.6336503e-06  2.6615175e-06  -2.4534137e-05  -4.0924219e-06  5.7040962e-06  0.0000000   -0.0034036483  2.1109910e-05  5.4364693e-07  -7.3784490e-06  3.9599835e-06  -7.6336503e-06  2.6615175e-06  -2.4534137e-05  -4.0924219e-06  5.7040962e-06  0.0000000   -0.0034036483  2.1109910e-05  5.4364693e-07  -7.3784490e-06  
5.4498446e-06  4.4173411e-06  2.6281524e-06  8.0255883e-05  -4.6691621e-06  -0.00014124973  0.0034036483  0.0000000   -1.0440817e-05  -2.6584656e-06  -1.5080167e-07  5.4498446e-06  4.4173411e-06  2.6281524e-06  8.0255883e-05  -4.6691621e-06  -0.00014124973  0.0034036483  0.0000000   -1.0440817e-05  -2.6584656e-06  -1.5080167e-07  
-8.2388987e-06  -6.1151590e-05  1.0263316e-05  -7.0957985e-08  -6.1217710e-05  -4.3666220e-05  -2.1109910e-05  1.0440817e-05  0.0000000   -0.00036844581  -1.7970267e-05  -8.2388987e-06  -6.1151590e-05  1.0263316e-05  -7.0957985e-08  -6.1217710e-05  -4.3666220e-05  -2.1109910e-05  1.0440817e-05  0.0000000   -0.00036844581  -1.7970267e-05  
-1.7176919e-05  -1.9108504e-05  3.2959980e-05  1.5973912e-07  -5.8401577e-06  -0.00013342214  -5.4364693e-07  2.6584656e-06  0.00036844581  0.0000000   -0.00020576537  -1.7176919e-05  -1.9108504e-05  3.2959980e-05  1.5973912e-07  -5.8401577e-06  -0.00013342214  -5.4364693e-07  2.6584656e-06  0.00036844581  0.0000000   -0.00020576537  
2.0578192e-05  5.0146721e-05  7.1048213e-06  -7.0102131e-07  -3.2001020e-05  3.8706839e-05  7.3784490e-06  1.5080167e-07  1.7970267e-05  0.00020576537  0.0000000   2.0578192e-05  5.0146721e-05  7.1048213e-06  -7.0102131e-07  -3.2001020e-05  3.8706839e-05  7.3784490e-06  1.5080167e-07  1.7970267e-05  0.00020576537  0.0000000   
