0.0000000   7.2189076e-07  -1.9157410e-06  9.2163435e-05  -1.0022057e-05  0.00017808062  1.4216187e-05  7.1946079e-06  1.6329602e-06  -7.2181026e-07  -2.1129853e-05  0.0000000   7.2189076e-07  -1.9157410e-06  9.2163435e-05  -1.0022057e-05  0.00017808062  1.4216187e-05  7.1946079e-06  1.6329602e-06  -7.2181026e-07  -2.1129853e-05  
-7.2189076e-07  0.0000000   0.00010267590  1.8357068e-06  -5.9825108e-05  1.2221234e-05  -0.00024541175  -5.7167456e-05  5.8333003e-06  3.6228017e-06  -2.6685793e-07  -7.2189076e-07  0.0000000   0.00010267590  1.8357068e-06  -5.9825108e-05  1.2221234e-05  -0.00024541175  -5.7167456e-05  5.8333003e-06  3.6228017e-06  -2.6685793e-07  
1.9157410e-06  -0.00010267590  0.0000000   2.6910570e-07  3.3959390e-05  7.1487538e-07  7.0139778e-06  4.3322894e-06  -1.2746369e-05  5.5487880e-05  -3.0473715e-06  1.9157410e-06  -0.00010267590  0.0000000   2.6910570e-07  3.3959390e-05  7.1487538e-07  7.0139778e-06  4.3322894e-06  -1.2746369e-05  5.5487880e-05  -3.0473715e-06  
-9.2163435e-05  -1.8357068e-06  -2.6910570e-07  0.0000000   -1.1477500e-06  3.6025008e-05  3.5145895e-06  -4.6904483e-07  -4.7732393e-07  1.5980277e-08  8.6686443e-06  -9.2163435e-05  -1.8357068e-06  -2.6910570e-07  0.0000000   -1.1477500e-06  3.6025008e-05  3.5145895e-06  -4.6904483e-07  -4.7732393e-07  1.5980277e-08  8.6686443e-06  
1.0022057e-05  5.9825108e-05  -3.3959390e-05  1.1477500e-06  0.0000000   -2.9203826e-05  0.00079160984  0.00035142528  5.4174801e-05  -3.2310441e-05  1.3018926e-07  1.0022057e-05  5.9825108e-05  -3.3959390e-05  1.1477500e-06  0.0000000   -2.9203826e-05  0.00079160984  0.00035142528  5.4174801e-05  -3.2310441e-05  1.3018926e-07  
-0.00017808062  -1.2221234e-05  -7.1487538e-07  -3.6025008e-05  2.9203826e-05  0.0000000   3.8631059e-05  -4.7669227e-06  -5.2352485e-06  -3.6773943e-06  -1.4588838e-05  -0.00017808062  -1.2221234e-05  -7.1487538e-07  -3.6025008e-05  2.9203826e-05  0.0000000   3.8631059e-05  -4.7669227e-06  -5.2352485e-06  -3.6773943e-06  -1.4588838e-05  
-1.4216187e-05  0.00024541175  -7.0139778e-06  -3.5145895e-06  -0.00079160984  -3.8631059e-05  0.0000000   0.00060704837  0.00026380875  -4.2643061e-06  -8.8277532e-07  -1.4216187e-05  0.00024541175  -7.0139778e-06  -3.5145895e-06  -0.00079160984  -3.8631059e-05  0.0000000   0.00060704837  0.00026380875  -4.2643061e-06  -8.8277532e-07  
-7.1946079e-06  5.7167456e-05  -4.3322894e-06  4.6904483e-07  -0.00035142528  4.7669227e-06  -0.00060704837  0.0000000   -5.1163713e-05  0.00016971009  2.2670866e-07  -7.1946079e-06  5.7167456e-05  -4.3322894e-06  4.6904483e-07  -0.00035142528  4.7669227e-06  -0.00060704837  0.0000000   -5.1163713e-05  0.00016971009  2.2670866e-07  
-1.6329602e-06  -5.8333003e-06  1.2746369e-05  4.7732393e-07  -5.4174801e-05  5.2352485e-06  -0.00026380875  5.1163713e-05  0.0000000   0.00045899002  7.5398132e-07  -1.6329602e-06  -5.8333003e-06  1.2746369e-05  4.7732393e-07  -5.4174801e-05  5.2352485e-06  -0.00026380875  5.1163713e-05  0.0000000   0.00045899002  7.5398132e-07  
7.2181026e-07  -3.6228017e-06  -5.5487880e-05  -1.5980277e-08  3.2310441e-05  3.6773943e-06  4.2643061e-06  -0.00016971009  -0.00045899002  0.0000000   3.0365394e-07  7.2181026e-07  -3.6228017e-06  -5.5487880e-05  -1.5980277e-08  3.2310441e-05  3.6773943e-06  4.2643061e-06  -0.00016971009  -0.00045899002  0.0000000   3.0365394e-07  
2.1129853e-05  2.6685793e-07  3.0473715e-06  -8.6686443e-06  -1.3018926e-07  1.4588838e-05  8.8277532e-07  -2.2670866e-07  -7.5398132e-07  -3.0365394e-07  0.0000000   2.1129853e-05  2.6685793e-07  3.0473715e-06  -8.6686443e-06  -1.3018926e-07  1.4588838e-05  8.8277532e-07  -2.2670866e-07  -7.5398132e-07  -3.0365394e-07  0.0000000   
0.0000000   7.2189076e-07  -1.9157410e-06  9.2163435e-05  -1.0022057e-05  0.00017808062  1.4216187e-05  7.1946079e-06  1.6329602e-06  -7.2181026e-07  -2.1129853e-05  0.0000000   7.2189076e-07  -1.9157410e-06  9.2163435e-05  -1.0022057e-05  0.00017808062  1.4216187e-05  7.1946079e-06  1.6329602e-06  -7.2181026e-07  -2.1129853e-05  
-7.2189076e-07  0.0000000   0.00010267590  1.8357068e-06  -5.9825108e-05  1.2221234e-05  -0.00024541175  -5.7167456e-05  5.8333003e-06  3.6228017e-06  -2.6685793e-07  -7.2189076e-07  0.0000000   0.00010267590  1.8357068e-06  -5.9825108e-05  1.2221234e-05  -0.00024541175  -5.7167456e-05  5.8333003e-06  3.6228017e-06  -2.6685793e-07  
1.9157410e-06  -0.00010267590  0.0000000   2.6910570e-07  3.3959390e-05  7.1487538e-07  7.0139778e-06  4.3322894e-06  -1.2746369e-05  5.5487880e-05  -3.0473715e-06  1.9157410e-06  -0.00010267590  0.0000000   2.6910570e-07  3.3959390e-05  7.1487538e-07  7.0139778e-06  4.3322894e-06  -1.2746369e-05  5.5487880e-05  -3.0473715e-06  
-9.2163435e-05  -1.8357068e-06  -2.6910570e-07  0.0000000   -1.1477500e-06  3.6025008e-05  3.5145895e-06  -4.6904483e-07  -4.7732393e-07  1.5980277e-08  8.6686443e-06  -9.2163435e-05  -1.8357068e-06  -2.6910570e-07  0.0000000   -1.1477500e-06  3.6025008e-05  3.5145895e-06  -4.6904483e-07  -4.7732393e-07  1.5980277e-08  8.6686443e-06  
1.0022057e-05  5.9825108e-05  -3.3959390e-05  1.1477500e-06  0.0000000   -2.9203826e-05  0.00079160984  0.00035142528  5.4174801e-05  -3.2310441e-05  1.3018926e-07  1.0022057e-05  5.9825108e-05  -3.3959390e-05  1.1477500e-06  0.0000000   -2.9203826e-05  0.00079160984  0.00035142528  5.4174801e-05  -3.2310441e-05  1.3018926e-07  
-0.00017808062  -1.2221234e-05  -7.1487538e-07  -3.6025008e-05  2.9203826e-05  0.0000000   3.8631059e-05  -4.7669227e-06  -5.2352485e-06  -3.6773943e-06  -1.4588838e-05  -0.00017808062  -1.2221234e-05  -7.1487538e-07  -3.6025008e-05  2.9203826e-05  0.0000000   3.8631059e-05  -4.7669227e-06  -5.2352485e-06  -3.6773943e-06  -1.4588838e-05  
-1.4216187e-05  0.00024541175  -7.0139778e-06  -3.5145895e-06  -0.00079160984  -3.8631059e-05  0.0000000   0.00060704837  0.00026380875  -4.2643061e-06  -8.8277532e-07  -1.4216187e-05  0.00024541175  -7.0139778e-06  -3.5145895e-06  -0.00079160984  -3.8631059e-05  0.0000000   0.00060704837  0.00026380875  -4.2643061e-06  -8.8277532e-07  
-7.1946079e-06  5.7167456e-05  -4.3322894e-06  4.6904483e-07  -0.00035142528  4.7669227e-06  -0.00060704837  0.0000000   -5.1163713e-05  0.00016971009  2.2670866e-07  -7.1946079e-06  5.7167456e-05  -4.3322894e-06  4.6904483e-07  -0.00035142528  4.7669227e-06  -0.00060704837  0.0000000   -5.1163713e-05  0.00016971009  2.2670866e-07  
-1.6329602e-06  -5.8333003e-06  1.2746369e-05  4.7732393e-07  -5.4174801e-05  5.2352485e-06  -0.00026380875  5.1163713e-05  0.0000000   0.00045899002  7.5398132e-07  -1.6329602e-06  -5.8333003e-06  1.2746369e-05  4.7732393e-07  -5.4174801e-05  5.2352485e-06  -0.00026380875  5.1163713e-05  0.0000000   0.00045899002  7.5398132e-07  
7.2181026e-07  -3.6228017e-06  -5.5487880e-05  -1.5980277e-08  3.2310441e-05  3.6773943e-06  4.2643061e-06  -0.00016971009  -0.00045899002  0.0000000   3.0365394e-07  7.2181026e-07  -3.6228017e-06  -5.5487880e-05  -1.5980277e-08  3.2310441e-05  3.6773943e-06  4.2643061e-06  -0.00016971009  -0.00045899002  0.0000000   3.0365394e-07  
2.1129853e-05  2.6685793e-07  3.0473715e-06  -8.6686443e-06  -1.3018926e-07  1.4588838e-05  8.8277532e-07  -2.2670866e-07  -7.5398132e-07  -3.0365394e-07  0.0000000   2.1129853e-05  2.6685793e-07  3.0473715e-06  -8.6686443e-06  -1.3018926e-07  1.4588838e-05  8.8277532e-07  -2.2670866e-07  -7.5398132e-07  -3.0365394e-07  0.0000000   
