0.0000000   0.00021965395  6.1099981e-07  5.7832347e-07  -1.7830517e-07  -7.8839623e-07  -9.7052921e-07  -7.2820237e-07  -1.1558796e-06  -1.3429051e-06  -1.5731683e-07  0.0000000   0.00021965395  6.1099981e-07  5.7832347e-07  -1.7830517e-07  -7.8839623e-07  -9.7052921e-07  -7.2820237e-07  -1.1558796e-06  -1.3429051e-06  -1.5731683e-07  
-0.00021965395  0.0000000   -5.5814233e-07  4.2812955e-07  -2.3929963e-07  -2.7086561e-06  -1.8005538e-07  1.0186649e-06  -1.3697751e-06  -1.8337827e-07  2.5559654e-07  -0.00021965395  0.0000000   -5.5814233e-07  4.2812955e-07  -2.3929963e-07  -2.7086561e-06  -1.8005538e-07  1.0186649e-06  -1.3697751e-06  -1.8337827e-07  2.5559654e-07  
-6.1099981e-07  5.5814233e-07  0.0000000   -9.7090594e-05  -0.00026401114  2.4564908e-05  5.6641508e-06  5.4206450e-05  1.4203283e-05  -4.1382844e-05  1.6228933e-05  -6.1099981e-07  5.5814233e-07  0.0000000   -9.7090594e-05  -0.00026401114  2.4564908e-05  5.6641508e-06  5.4206450e-05  1.4203283e-05  -4.1382844e-05  1.6228933e-05  
-5.7832347e-07  -4.2812955e-07  9.7090594e-05  0.0000000   -3.2164585e-05  0.00010723545  -6.7959664e-05  2.8718780e-05  -3.3393269e-05  1.6468760e-05  3.4137406e-06  -5.7832347e-07  -4.2812955e-07  9.7090594e-05  0.0000000   -3.2164585e-05  0.00010723545  -6.7959664e-05  2.8718780e-05  -3.3393269e-05  1.6468760e-05  3.4137406e-06  
1.7830517e-07  2.3929963e-07  0.00026401114  3.2164585e-05  0.0000000   -8.4639161e-05  1.6079547e-05  -5.9949200e-06  -3.3183507e-05  -0.00010341582  0.00010579748  1.7830517e-07  2.3929963e-07  0.00026401114  3.2164585e-05  0.0000000   -8.4639161e-05  1.6079547e-05  -5.9949200e-06  -3.3183507e-05  -0.00010341582  0.00010579748  
7.8839623e-07  2.7086561e-06  -2.4564908e-05  -0.00010723545  8.4639161e-05  0.0000000   0.00039449239  0.00078231822  3.3088514e-05  -2.4408407e-05  5.0478508e-06  7.8839623e-07  2.7086561e-06  -2.4564908e-05  -0.00010723545  8.4639161e-05  0.0000000   0.00039449239  0.00078231822  3.3088514e-05  -2.4408407e-05  5.0478508e-06  
9.7052921e-07  1.8005538e-07  -5.6641508e-06  6.7959664e-05  -1.6079547e-05  -0.00039449239  0.0000000   0.00073118491  -0.00010953497  7.5646661e-05  -3.3953975e-05  9.7052921e-07  1.8005538e-07  -5.6641508e-06  6.7959664e-05  -1.6079547e-05  -0.00039449239  0.0000000   0.00073118491  -0.00010953497  7.5646661e-05  -3.3953975e-05  
7.2820237e-07  -1.0186649e-06  -5.4206450e-05  -2.8718780e-05  5.9949200e-06  -0.00078231822  -0.00073118491  0.0000000   0.00020206461  -0.00013804776  -3.0644072e-05  7.2820237e-07  -1.0186649e-06  -5.4206450e-05  -2.8718780e-05  5.9949200e-06  -0.00078231822  -0.00073118491  0.0000000   0.00020206461  -0.00013804776  -3.0644072e-05  
1.1558796e-06  1.3697751e-06  -1.4203283e-05  3.3393269e-05  3.3183507e-05  -3.3088514e-05  0.00010953497  -0.00020206461  0.0000000   -0.0040496124  6.6555183e-05  1.1558796e-06  1.3697751e-06  -1.4203283e-05  3.3393269e-05  3.3183507e-05  -3.3088514e-05  0.00010953497  -0.00020206461  0.0000000   -0.0040496124  6.6555183e-05  
1.3429051e-06  1.8337827e-07  4.1382844e-05  -1.6468760e-05  0.00010341582  2.4408407e-05  -7.5646661e-05  0.00013804776  0.0040496124  0.0000000   0.00013251123  1.3429051e-06  1.8337827e-07  4.1382844e-05  -1.6468760e-05  0.00010341582  2.4408407e-05  -7.5646661e-05  0.00013804776  0.0040496124  0.0000000   0.00013251123  
1.5731683e-07  -2.5559654e-07  -1.6228933e-05  -3.4137406e-06  -0.00010579748  -5.0478508e-06  3.3953975e-05  3.0644072e-05  -6.6555183e-05  -0.00013251123  0.0000000   1.5731683e-07  -2.5559654e-07  -1.6228933e-05  -3.4137406e-06  -0.00010579748  -5.0478508e-06  3.3953975e-05  3.0644072e-05  -6.6555183e-05  -0.00013251123  0.0000000   
0.0000000   0.00021965395  6.1099981e-07  5.7832347e-07  -1.7830517e-07  -7.8839623e-07  -9.7052921e-07  -7.2820237e-07  -1.1558796e-06  -1.3429051e-06  -1.5731683e-07  0.0000000   0.00021965395  6.1099981e-07  5.7832347e-07  -1.7830517e-07  -7.8839623e-07  -9.7052921e-07  -7.2820237e-07  -1.1558796e-06  -1.3429051e-06  -1.5731683e-07  
-0.00021965395  0.0000000   -5.5814233e-07  4.2812955e-07  -2.3929963e-07  -2.7086561e-06  -1.8005538e-07  1.0186649e-06  -1.3697751e-06  -1.8337827e-07  2.5559654e-07  -0.00021965395  0.0000000   -5.5814233e-07  4.2812955e-07  -2.3929963e-07  -2.7086561e-06  -1.8005538e-07  1.0186649e-06  -1.3697751e-06  -1.8337827e-07  2.5559654e-07  
-6.1099981e-07  5.5814233e-07  0.0000000   -9.7090594e-05  -0.00026401114  2.4564908e-05  5.6641508e-06  5.4206450e-05  1.4203283e-05  -4.1382844e-05  1.6228933e-05  -6.1099981e-07  5.5814233e-07  0.0000000   -9.7090594e-05  -0.00026401114  2.4564908e-05  5.6641508e-06  5.4206450e-05  1.4203283e-05  -4.1382844e-05  1.6228933e-05  
-5.7832347e-07  -4.2812955e-07  9.7090594e-05  0.0000000   -3.2164585e-05  0.00010723545  -6.7959664e-05  2.8718780e-05  -3.3393269e-05  1.6468760e-05  3.4137406e-06  -5.7832347e-07  -4.2812955e-07  9.7090594e-05  0.0000000   -3.2164585e-05  0.00010723545  -6.7959664e-05  2.8718780e-05  -3.3393269e-05  1.6468760e-05  3.4137406e-06  
1.7830517e-07  2.3929963e-07  0.00026401114  3.2164585e-05  0.0000000   -8.4639161e-05  1.6079547e-05  -5.9949200e-06  -3.3183507e-05  -0.00010341582  0.00010579748  1.7830517e-07  2.3929963e-07  0.00026401114  3.2164585e-05  0.0000000   -8.4639161e-05  1.6079547e-05  -5.9949200e-06  -3.3183507e-05  -0.00010341582  0.00010579748  
7.8839623e-07  2.7086561e-06  -2.4564908e-05  -0.00010723545  8.4639161e-05  0.0000000   0.00039449239  0.00078231822  3.3088514e-05  -2.4408407e-05  5.0478508e-06  7.8839623e-07  2.7086561e-06  -2.4564908e-05  -0.00010723545  8.4639161e-05  0.0000000   0.00039449239  0.00078231822  3.3088514e-05  -2.4408407e-05  5.0478508e-06  
9.7052921e-07  1.8005538e-07  -5.6641508e-06  6.7959664e-05  -1.6079547e-05  -0.00039449239  0.0000000   0.00073118491  -0.00010953497  7.5646661e-05  -3.3953975e-05  9.7052921e-07  1.8005538e-07  -5.6641508e-06  6.7959664e-05  -1.6079547e-05  -0.00039449239  0.0000000   0.00073118491  -0.00010953497  7.5646661e-05  -3.3953975e-05  
7.2820237e-07  -1.0186649e-06  -5.4206450e-05  -2.8718780e-05  5.9949200e-06  -0.00078231822  -0.00073118491  0.0000000   0.00020206461  -0.00013804776  -3.0644072e-05  7.2820237e-07  -1.0186649e-06  -5.4206450e-05  -2.8718780e-05  5.9949200e-06  -0.00078231822  -0.00073118491  0.0000000   0.00020206461  -0.00013804776  -3.0644072e-05  
1.1558796e-06  1.3697751e-06  -1.4203283e-05  3.3393269e-05  3.3183507e-05  -3.3088514e-05  0.00010953497  -0.00020206461  0.0000000   -0.0040496124  6.6555183e-05  1.1558796e-06  1.3697751e-06  -1.4203283e-05  3.3393269e-05  3.3183507e-05  -3.3088514e-05  0.00010953497  -0.00020206461  0.0000000   -0.0040496124  6.6555183e-05  
1.3429051e-06  1.8337827e-07  4.1382844e-05  -1.6468760e-05  0.00010341582  2.4408407e-05  -7.5646661e-05  0.00013804776  0.0040496124  0.0000000   0.00013251123  1.3429051e-06  1.8337827e-07  4.1382844e-05  -1.6468760e-05  0.00010341582  2.4408407e-05  -7.5646661e-05  0.00013804776  0.0040496124  0.0000000   0.00013251123  
1.5731683e-07  -2.5559654e-07  -1.6228933e-05  -3.4137406e-06  -0.00010579748  -5.0478508e-06  3.3953975e-05  3.0644072e-05  -6.6555183e-05  -0.00013251123  0.0000000   1.5731683e-07  -2.5559654e-07  -1.6228933e-05  -3.4137406e-06  -0.00010579748  -5.0478508e-06  3.3953975e-05  3.0644072e-05  -6.6555183e-05  -0.00013251123  0.0000000   
