0.0000000   -0.00022409029  -2.6601326e-06  -7.4674019e-07  -2.1053890e-05  4.0767352e-06  -2.7245963e-06  -1.5524008e-05  3.2828257e-07  -1.2806900e-05  5.8480876e-07  0.0000000   -0.00022409029  -2.6601326e-06  -7.4674019e-07  -2.1053890e-05  4.0767352e-06  -2.7245963e-06  -1.5524008e-05  3.2828257e-07  -1.2806900e-05  5.8480876e-07  
0.00022409029  0.0000000   4.0531970e-07  -7.9631614e-07  -5.2102540e-05  -5.0899485e-06  -1.2915645e-06  2.2008872e-05  -4.3459189e-05  -2.8973918e-06  5.5374134e-08  0.00022409029  0.0000000   4.0531970e-07  -7.9631614e-07  -5.2102540e-05  -5.0899485e-06  -1.2915645e-06  2.2008872e-05  -4.3459189e-05  -2.8973918e-06  5.5374134e-08  
2.6601326e-06  -4.0531970e-07  0.0000000   0.00011377233  -1.1080459e-06  1.7763055e-05  0.00010885496  2.1325705e-06  1.7091098e-06  -9.2695543e-07  1.8220655e-06  2.6601326e-06  -4.0531970e-07  0.0000000   0.00011377233  -1.1080459e-06  1.7763055e-05  0.00010885496  2.1325705e-06  1.7091098e-06  -9.2695543e-07  1.8220655e-06  
7.4674019e-07  7.9631614e-07  -0.00011377233  0.0000000   6.6058399e-07  -8.2240847e-05  6.0993691e-05  1.3159536e-07  5.1810158e-08  1.0396354e-08  -1.1254849e-05  7.4674019e-07  7.9631614e-07  -0.00011377233  0.0000000   6.6058399e-07  -8.2240847e-05  6.0993691e-05  1.3159536e-07  5.1810158e-08  1.0396354e-08  -1.1254849e-05  
2.1053890e-05  5.2102540e-05  1.1080459e-06  -6.6058399e-07  0.0000000   2.3760580e-06  1.2640776e-06  3.8665233e-05  5.2129794e-05  -2.0406478e-05  -3.0821428e-08  2.1053890e-05  5.2102540e-05  1.1080459e-06  -6.6058399e-07  0.0000000   2.3760580e-06  1.2640776e-06  3.8665233e-05  5.2129794e-05  -2.0406478e-05  -3.0821428e-08  
-4.0767352e-06  5.0899485e-06  -1.7763055e-05  8.2240847e-05  -2.3760580e-06  0.0000000   -0.0023920081  -3.6264886e-05  -5.6147922e-06  5.3813836e-06  2.2546981e-05  -4.0767352e-06  5.0899485e-06  -1.7763055e-05  8.2240847e-05  -2.3760580e-06  0.0000000   -0.0023920081  -3.6264886e-05  -5.6147922e-06  5.3813836e-06  2.2546981e-05  
2.7245963e-06  1.2915645e-06  -0.00010885496  -6.0993691e-05  -1.2640776e-06  0.0023920081  0.0000000   3.3302509e-05  -1.3021393e-05  -7.7846719e-06  -4.8607107e-05  2.7245963e-06  1.2915645e-06  -0.00010885496  -6.0993691e-05  -1.2640776e-06  0.0023920081  0.0000000   3.3302509e-05  -1.3021393e-05  -7.7846719e-06  -4.8607107e-05  
1.5524008e-05  -2.2008872e-05  -2.1325705e-06  -1.3159536e-07  -3.8665233e-05  3.6264886e-05  -3.3302509e-05  0.0000000   0.00033329799  -8.6458503e-05  -2.6669092e-07  1.5524008e-05  -2.2008872e-05  -2.1325705e-06  -1.3159536e-07  -3.8665233e-05  3.6264886e-05  -3.3302509e-05  0.0000000   0.00033329799  -8.6458503e-05  -2.6669092e-07  
-3.2828257e-07  4.3459189e-05  -1.7091098e-06  -5.1810158e-08  -5.2129794e-05  5.6147922e-06  1.3021393e-05  -0.00033329799  0.0000000   0.0011267942  -7.4510170e-06  -3.2828257e-07  4.3459189e-05  -1.7091098e-06  -5.1810158e-08  -5.2129794e-05  5.6147922e-06  1.3021393e-05  -0.00033329799  0.0000000   0.0011267942  -7.4510170e-06  
1.2806900e-05  2.8973918e-06  9.2695543e-07  -1.0396354e-08  2.0406478e-05  -5.3813836e-06  7.7846719e-06  8.6458503e-05  -0.0011267942  0.0000000   2.1077518e-06  1.2806900e-05  2.8973918e-06  9.2695543e-07  -1.0396354e-08  2.0406478e-05  -5.3813836e-06  7.7846719e-06  8.6458503e-05  -0.0011267942  0.0000000   2.1077518e-06  
-5.8480876e-07  -5.5374134e-08  -1.8220655e-06  1.1254849e-05  3.0821428e-08  -2.2546981e-05  4.8607107e-05  2.6669092e-07  7.4510170e-06  -2.1077518e-06  0.0000000   -5.8480876e-07  -5.5374134e-08  -1.8220655e-06  1.1254849e-05  3.0821428e-08  -2.2546981e-05  4.8607107e-05  2.6669092e-07  7.4510170e-06  -2.1077518e-06  0.0000000   
0.0000000   -0.00022409029  -2.6601326e-06  -7.4674019e-07  -2.1053890e-05  4.0767352e-06  -2.7245963e-06  -1.5524008e-05  3.2828257e-07  -1.2806900e-05  5.8480876e-07  0.0000000   -0.00022409029  -2.6601326e-06  -7.4674019e-07  -2.1053890e-05  4.0767352e-06  -2.7245963e-06  -1.5524008e-05  3.2828257e-07  -1.2806900e-05  5.8480876e-07  
0.00022409029  0.0000000   4.0531970e-07  -7.9631614e-07  -5.2102540e-05  -5.0899485e-06  -1.2915645e-06  2.2008872e-05  -4.3459189e-05  -2.8973918e-06  5.5374134e-08  0.00022409029  0.0000000   4.0531970e-07  -7.9631614e-07  -5.2102540e-05  -5.0899485e-06  -1.2915645e-06  2.2008872e-05  -4.3459189e-05  -2.8973918e-06  5.5374134e-08  
2.6601326e-06  -4.0531970e-07  0.0000000   0.00011377233  -1.1080459e-06  1.7763055e-05  0.00010885496  2.1325705e-06  1.7091098e-06  -9.2695543e-07  1.8220655e-06  2.6601326e-06  -4.0531970e-07  0.0000000   0.00011377233  -1.1080459e-06  1.7763055e-05  0.00010885496  2.1325705e-06  1.7091098e-06  -9.2695543e-07  1.8220655e-06  
7.4674019e-07  7.9631614e-07  -0.00011377233  0.0000000   6.6058399e-07  -8.2240847e-05  6.0993691e-05  1.3159536e-07  5.1810158e-08  1.0396354e-08  -1.1254849e-05  7.4674019e-07  7.9631614e-07  -0.00011377233  0.0000000   6.6058399e-07  -8.2240847e-05  6.0993691e-05  1.3159536e-07  5.1810158e-08  1.0396354e-08  -1.1254849e-05  
2.1053890e-05  5.2102540e-05  1.1080459e-06  -6.6058399e-07  0.0000000   2.3760580e-06  1.2640776e-06  3.8665233e-05  5.2129794e-05  -2.0406478e-05  -3.0821428e-08  2.1053890e-05  5.2102540e-05  1.1080459e-06  -6.6058399e-07  0.0000000   2.3760580e-06  1.2640776e-06  3.8665233e-05  5.2129794e-05  -2.0406478e-05  -3.0821428e-08  
-4.0767352e-06  5.0899485e-06  -1.7763055e-05  8.2240847e-05  -2.3760580e-06  0.0000000   -0.0023920081  -3.6264886e-05  -5.6147922e-06  5.3813836e-06  2.2546981e-05  -4.0767352e-06  5.0899485e-06  -1.7763055e-05  8.2240847e-05  -2.3760580e-06  0.0000000   -0.0023920081  -3.6264886e-05  -5.6147922e-06  5.3813836e-06  2.2546981e-05  
2.7245963e-06  1.2915645e-06  -0.00010885496  -6.0993691e-05  -1.2640776e-06  0.0023920081  0.0000000   3.3302509e-05  -1.3021393e-05  -7.7846719e-06  -4.8607107e-05  2.7245963e-06  1.2915645e-06  -0.00010885496  -6.0993691e-05  -1.2640776e-06  0.0023920081  0.0000000   3.3302509e-05  -1.3021393e-05  -7.7846719e-06  -4.8607107e-05  
1.5524008e-05  -2.2008872e-05  -2.1325705e-06  -1.3159536e-07  -3.8665233e-05  3.6264886e-05  -3.3302509e-05  0.0000000   0.00033329799  -8.6458503e-05  -2.6669092e-07  1.5524008e-05  -2.2008872e-05  -2.1325705e-06  -1.3159536e-07  -3.8665233e-05  3.6264886e-05  -3.3302509e-05  0.0000000   0.00033329799  -8.6458503e-05  -2.6669092e-07  
-3.2828257e-07  4.3459189e-05  -1.7091098e-06  -5.1810158e-08  -5.2129794e-05  5.6147922e-06  1.3021393e-05  -0.00033329799  0.0000000   0.0011267942  -7.4510170e-06  -3.2828257e-07  4.3459189e-05  -1.7091098e-06  -5.1810158e-08  -5.2129794e-05  5.6147922e-06  1.3021393e-05  -0.00033329799  0.0000000   0.0011267942  -7.4510170e-06  
1.2806900e-05  2.8973918e-06  9.2695543e-07  -1.0396354e-08  2.0406478e-05  -5.3813836e-06  7.7846719e-06  8.6458503e-05  -0.0011267942  0.0000000   2.1077518e-06  1.2806900e-05  2.8973918e-06  9.2695543e-07  -1.0396354e-08  2.0406478e-05  -5.3813836e-06  7.7846719e-06  8.6458503e-05  -0.0011267942  0.0000000   2.1077518e-06  
-5.8480876e-07  -5.5374134e-08  -1.8220655e-06  1.1254849e-05  3.0821428e-08  -2.2546981e-05  4.8607107e-05  2.6669092e-07  7.4510170e-06  -2.1077518e-06  0.0000000   -5.8480876e-07  -5.5374134e-08  -1.8220655e-06  1.1254849e-05  3.0821428e-08  -2.2546981e-05  4.8607107e-05  2.6669092e-07  7.4510170e-06  -2.1077518e-06  0.0000000   
