0.0000000   2.0106972e-07  -6.4398022e-07  -8.1695547e-06  2.5802812e-05  3.1860449e-05  8.2015350e-07  -1.3011124e-05  -1.0470313e-05  3.2544910e-06  1.6509279e-07  0.0000000   2.0106972e-07  -6.4398022e-07  -8.1695547e-06  2.5802812e-05  3.1860449e-05  8.2015350e-07  -1.3011124e-05  -1.0470313e-05  3.2544910e-06  1.6509279e-07  
-2.0106972e-07  0.0000000   -9.6125873e-05  2.4419398e-07  -1.4885047e-07  -3.5905522e-07  1.0491517e-05  7.7433184e-07  8.0247450e-08  -1.9323124e-07  2.8210688e-06  -2.0106972e-07  0.0000000   -9.6125873e-05  2.4419398e-07  -1.4885047e-07  -3.5905522e-07  1.0491517e-05  7.7433184e-07  8.0247450e-08  -1.9323124e-07  2.8210688e-06  
6.4398022e-07  9.6125873e-05  0.0000000   -2.3626727e-07  2.1986078e-08  -3.8798547e-07  2.7196111e-06  -1.4772649e-07  -6.1188377e-07  6.0230690e-08  -1.9848720e-05  6.4398022e-07  9.6125873e-05  0.0000000   -2.3626727e-07  2.1986078e-08  -3.8798547e-07  2.7196111e-06  -1.4772649e-07  -6.1188377e-07  6.0230690e-08  -1.9848720e-05  
8.1695547e-06  -2.4419398e-07  2.3626727e-07  0.0000000   9.2593409e-05  6.4612284e-05  6.8509663e-07  -1.0604619e-05  3.1943292e-05  3.2381246e-05  -4.4302776e-08  8.1695547e-06  -2.4419398e-07  2.3626727e-07  0.0000000   9.2593409e-05  6.4612284e-05  6.8509663e-07  -1.0604619e-05  3.1943292e-05  3.2381246e-05  -4.4302776e-08  
-2.5802812e-05  1.4885047e-07  -2.1986078e-08  -9.2593409e-05  0.0000000   4.3559436e-05  1.2892959e-06  -3.3853563e-05  4.4307458e-05  9.8295393e-05  3.9234551e-08  -2.5802812e-05  1.4885047e-07  -2.1986078e-08  -9.2593409e-05  0.0000000   4.3559436e-05  1.2892959e-06  -3.3853563e-05  4.4307458e-05  9.8295393e-05  3.9234551e-08  
-3.1860449e-05  3.5905522e-07  3.8798547e-07  -6.4612284e-05  -4.3559436e-05  0.0000000   -2.9050502e-06  0.00032215666  -8.6981830e-06  -1.2302116e-05  -4.3882499e-07  -3.1860449e-05  3.5905522e-07  3.8798547e-07  -6.4612284e-05  -4.3559436e-05  0.0000000   -2.9050502e-06  0.00032215666  -8.6981830e-06  -1.2302116e-05  -4.3882499e-07  
-8.2015350e-07  -1.0491517e-05  -2.7196111e-06  -6.8509663e-07  -1.2892959e-06  2.9050502e-06  0.0000000   1.2303962e-06  -7.3573781e-06  5.1727688e-07  5.6626386e-06  -8.2015350e-07  -1.0491517e-05  -2.7196111e-06  -6.8509663e-07  -1.2892959e-06  2.9050502e-06  0.0000000   1.2303962e-06  -7.3573781e-06  5.1727688e-07  5.6626386e-06  
1.3011124e-05  -7.7433184e-07  1.4772649e-07  1.0604619e-05  3.3853563e-05  -0.00032215666  -1.2303962e-06  0.0000000   1.9390422e-05  -4.5241929e-05  1.2360189e-07  1.3011124e-05  -7.7433184e-07  1.4772649e-07  1.0604619e-05  3.3853563e-05  -0.00032215666  -1.2303962e-06  0.0000000   1.9390422e-05  -4.5241929e-05  1.2360189e-07  
1.0470313e-05  -8.0247450e-08  6.1188377e-07  -3.1943292e-05  -4.4307458e-05  8.6981830e-06  7.3573781e-06  -1.9390422e-05  0.0000000   0.0011048794  1.7509891e-06  1.0470313e-05  -8.0247450e-08  6.1188377e-07  -3.1943292e-05  -4.4307458e-05  8.6981830e-06  7.3573781e-06  -1.9390422e-05  0.0000000   0.0011048794  1.7509891e-06  
-3.2544910e-06  1.9323124e-07  -6.0230690e-08  -3.2381246e-05  -9.8295393e-05  1.2302116e-05  -5.1727688e-07  4.5241929e-05  -0.0011048794  0.0000000   -7.2978606e-07  -3.2544910e-06  1.9323124e-07  -6.0230690e-08  -3.2381246e-05  -9.8295393e-05  1.2302116e-05  -5.1727688e-07  4.5241929e-05  -0.0011048794  0.0000000   -7.2978606e-07  
-1.6509279e-07  -2.8210688e-06  1.9848720e-05  4.4302776e-08  -3.9234551e-08  4.3882499e-07  -5.6626386e-06  -1.2360189e-07  -1.7509891e-06  7.2978606e-07  0.0000000   -1.6509279e-07  -2.8210688e-06  1.9848720e-05  4.4302776e-08  -3.9234551e-08  4.3882499e-07  -5.6626386e-06  -1.2360189e-07  -1.7509891e-06  7.2978606e-07  0.0000000   
0.0000000   2.0106972e-07  -6.4398022e-07  -8.1695547e-06  2.5802812e-05  3.1860449e-05  8.2015350e-07  -1.3011124e-05  -1.0470313e-05  3.2544910e-06  1.6509279e-07  0.0000000   2.0106972e-07  -6.4398022e-07  -8.1695547e-06  2.5802812e-05  3.1860449e-05  8.2015350e-07  -1.3011124e-05  -1.0470313e-05  3.2544910e-06  1.6509279e-07  
-2.0106972e-07  0.0000000   -9.6125873e-05  2.4419398e-07  -1.4885047e-07  -3.5905522e-07  1.0491517e-05  7.7433184e-07  8.0247450e-08  -1.9323124e-07  2.8210688e-06  -2.0106972e-07  0.0000000   -9.6125873e-05  2.4419398e-07  -1.4885047e-07  -3.5905522e-07  1.0491517e-05  7.7433184e-07  8.0247450e-08  -1.9323124e-07  2.8210688e-06  
6.4398022e-07  9.6125873e-05  0.0000000   -2.3626727e-07  2.1986078e-08  -3.8798547e-07  2.7196111e-06  -1.4772649e-07  -6.1188377e-07  6.0230690e-08  -1.9848720e-05  6.4398022e-07  9.6125873e-05  0.0000000   -2.3626727e-07  2.1986078e-08  -3.8798547e-07  2.7196111e-06  -1.4772649e-07  -6.1188377e-07  6.0230690e-08  -1.9848720e-05  
8.1695547e-06  -2.4419398e-07  2.3626727e-07  0.0000000   9.2593409e-05  6.4612284e-05  6.8509663e-07  -1.0604619e-05  3.1943292e-05  3.2381246e-05  -4.4302776e-08  8.1695547e-06  -2.4419398e-07  2.3626727e-07  0.0000000   9.2593409e-05  6.4612284e-05  6.8509663e-07  -1.0604619e-05  3.1943292e-05  3.2381246e-05  -4.4302776e-08  
-2.5802812e-05  1.4885047e-07  -2.1986078e-08  -9.2593409e-05  0.0000000   4.3559436e-05  1.2892959e-06  -3.3853563e-05  4.4307458e-05  9.8295393e-05  3.9234551e-08  -2.5802812e-05  1.4885047e-07  -2.1986078e-08  -9.2593409e-05  0.0000000   4.3559436e-05  1.2892959e-06  -3.3853563e-05  4.4307458e-05  9.8295393e-05  3.9234551e-08  
-3.1860449e-05  3.5905522e-07  3.8798547e-07  -6.4612284e-05  -4.3559436e-05  0.0000000   -2.9050502e-06  0.00032215666  -8.6981830e-06  -1.2302116e-05  -4.3882499e-07  -3.1860449e-05  3.5905522e-07  3.8798547e-07  -6.4612284e-05  -4.3559436e-05  0.0000000   -2.9050502e-06  0.00032215666  -8.6981830e-06  -1.2302116e-05  -4.3882499e-07  
-8.2015350e-07  -1.0491517e-05  -2.7196111e-06  -6.8509663e-07  -1.2892959e-06  2.9050502e-06  0.0000000   1.2303962e-06  -7.3573781e-06  5.1727688e-07  5.6626386e-06  -8.2015350e-07  -1.0491517e-05  -2.7196111e-06  -6.8509663e-07  -1.2892959e-06  2.9050502e-06  0.0000000   1.2303962e-06  -7.3573781e-06  5.1727688e-07  5.6626386e-06  
1.3011124e-05  -7.7433184e-07  1.4772649e-07  1.0604619e-05  3.3853563e-05  -0.00032215666  -1.2303962e-06  0.0000000   1.9390422e-05  -4.5241929e-05  1.2360189e-07  1.3011124e-05  -7.7433184e-07  1.4772649e-07  1.0604619e-05  3.3853563e-05  -0.00032215666  -1.2303962e-06  0.0000000   1.9390422e-05  -4.5241929e-05  1.2360189e-07  
1.0470313e-05  -8.0247450e-08  6.1188377e-07  -3.1943292e-05  -4.4307458e-05  8.6981830e-06  7.3573781e-06  -1.9390422e-05  0.0000000   0.0011048794  1.7509891e-06  1.0470313e-05  -8.0247450e-08  6.1188377e-07  -3.1943292e-05  -4.4307458e-05  8.6981830e-06  7.3573781e-06  -1.9390422e-05  0.0000000   0.0011048794  1.7509891e-06  
-3.2544910e-06  1.9323124e-07  -6.0230690e-08  -3.2381246e-05  -9.8295393e-05  1.2302116e-05  -5.1727688e-07  4.5241929e-05  -0.0011048794  0.0000000   -7.2978606e-07  -3.2544910e-06  1.9323124e-07  -6.0230690e-08  -3.2381246e-05  -9.8295393e-05  1.2302116e-05  -5.1727688e-07  4.5241929e-05  -0.0011048794  0.0000000   -7.2978606e-07  
-1.6509279e-07  -2.8210688e-06  1.9848720e-05  4.4302776e-08  -3.9234551e-08  4.3882499e-07  -5.6626386e-06  -1.2360189e-07  -1.7509891e-06  7.2978606e-07  0.0000000   -1.6509279e-07  -2.8210688e-06  1.9848720e-05  4.4302776e-08  -3.9234551e-08  4.3882499e-07  -5.6626386e-06  -1.2360189e-07  -1.7509891e-06  7.2978606e-07  0.0000000   
