0.0000000   -1.0877380e-06  9.6303745e-05  -2.4725859e-05  5.0366138e-07  6.8825769e-07  -9.2136636e-05  2.7983158e-05  -9.8859866e-06  -1.8855373e-06  2.2744405e-06  0.0000000   -1.0877380e-06  9.6303745e-05  -2.4725859e-05  5.0366138e-07  6.8825769e-07  -9.2136636e-05  2.7983158e-05  -9.8859866e-06  -1.8855373e-06  2.2744405e-06  
1.0877380e-06  0.0000000   5.1503476e-07  -2.1852078e-08  2.0905064e-05  7.1127118e-05  1.0748119e-06  4.7470641e-07  2.3912496e-07  -4.6056845e-07  1.2867459e-07  1.0877380e-06  0.0000000   5.1503476e-07  -2.1852078e-08  2.0905064e-05  7.1127118e-05  1.0748119e-06  4.7470641e-07  2.3912496e-07  -4.6056845e-07  1.2867459e-07  
-9.6303745e-05  -5.1503476e-07  0.0000000   0.00022775491  5.5382212e-07  -9.6977778e-08  1.2869041e-05  2.1615378e-05  1.3709570e-05  2.6013528e-05  -1.6154863e-05  -9.6303745e-05  -5.1503476e-07  0.0000000   0.00022775491  5.5382212e-07  -9.6977778e-08  1.2869041e-05  2.1615378e-05  1.3709570e-05  2.6013528e-05  -1.6154863e-05  
2.4725859e-05  2.1852078e-08  -0.00022775491  0.0000000   -4.6444347e-08  -2.6684695e-07  1.4137432e-05  3.8189520e-06  1.5546648e-05  4.0812862e-06  1.3699833e-05  2.4725859e-05  2.1852078e-08  -0.00022775491  0.0000000   -4.6444347e-08  -2.6684695e-07  1.4137432e-05  3.8189520e-06  1.5546648e-05  4.0812862e-06  1.3699833e-05  
-5.0366138e-07  -2.0905064e-05  -5.5382212e-07  4.6444347e-08  0.0000000   2.2487011e-05  2.5636236e-08  1.4230240e-06  1.4236688e-07  1.9451563e-07  4.5072604e-08  -5.0366138e-07  -2.0905064e-05  -5.5382212e-07  4.6444347e-08  0.0000000   2.2487011e-05  2.5636236e-08  1.4230240e-06  1.4236688e-07  1.9451563e-07  4.5072604e-08  
-6.8825769e-07  -7.1127118e-05  9.6977778e-08  2.6684695e-07  -2.2487011e-05  0.0000000   -3.2878387e-06  2.0618399e-06  8.7982301e-07  1.2263642e-06  8.2856190e-08  -6.8825769e-07  -7.1127118e-05  9.6977778e-08  2.6684695e-07  -2.2487011e-05  0.0000000   -3.2878387e-06  2.0618399e-06  8.7982301e-07  1.2263642e-06  8.2856190e-08  
9.2136636e-05  -1.0748119e-06  -1.2869041e-05  -1.4137432e-05  -2.5636236e-08  3.2878387e-06  0.0000000   -0.00039745315  7.4493322e-05  4.2687160e-05  1.1761253e-05  9.2136636e-05  -1.0748119e-06  -1.2869041e-05  -1.4137432e-05  -2.5636236e-08  3.2878387e-06  0.0000000   -0.00039745315  7.4493322e-05  4.2687160e-05  1.1761253e-05  
-2.7983158e-05  -4.7470641e-07  -2.1615378e-05  -3.8189520e-06  -1.4230240e-06  -2.0618399e-06  0.00039745315  0.0000000   -0.00012326307  -0.00015105270  -2.4769456e-05  -2.7983158e-05  -4.7470641e-07  -2.1615378e-05  -3.8189520e-06  -1.4230240e-06  -2.0618399e-06  0.00039745315  0.0000000   -0.00012326307  -0.00015105270  -2.4769456e-05  
9.8859866e-06  -2.3912496e-07  -1.3709570e-05  -1.5546648e-05  -1.4236688e-07  -8.7982301e-07  -7.4493322e-05  0.00012326307  0.0000000   -8.6519623e-05  -4.0343232e-05  9.8859866e-06  -2.3912496e-07  -1.3709570e-05  -1.5546648e-05  -1.4236688e-07  -8.7982301e-07  -7.4493322e-05  0.00012326307  0.0000000   -8.6519623e-05  -4.0343232e-05  
1.8855373e-06  4.6056845e-07  -2.6013528e-05  -4.0812862e-06  -1.9451563e-07  -1.2263642e-06  -4.2687160e-05  0.00015105270  8.6519623e-05  0.0000000   9.3494431e-05  1.8855373e-06  4.6056845e-07  -2.6013528e-05  -4.0812862e-06  -1.9451563e-07  -1.2263642e-06  -4.2687160e-05  0.00015105270  8.6519623e-05  0.0000000   9.3494431e-05  
-2.2744405e-06  -1.2867459e-07  1.6154863e-05  -1.3699833e-05  -4.5072604e-08  -8.2856190e-08  -1.1761253e-05  2.4769456e-05  4.0343232e-05  -9.3494431e-05  0.0000000   -2.2744405e-06  -1.2867459e-07  1.6154863e-05  -1.3699833e-05  -4.5072604e-08  -8.2856190e-08  -1.1761253e-05  2.4769456e-05  4.0343232e-05  -9.3494431e-05  0.0000000   
0.0000000   -1.0877380e-06  9.6303745e-05  -2.4725859e-05  5.0366138e-07  6.8825769e-07  -9.2136636e-05  2.7983158e-05  -9.8859866e-06  -1.8855373e-06  2.2744405e-06  0.0000000   -1.0877380e-06  9.6303745e-05  -2.4725859e-05  5.0366138e-07  6.8825769e-07  -9.2136636e-05  2.7983158e-05  -9.8859866e-06  -1.8855373e-06  2.2744405e-06  
1.0877380e-06  0.0000000   5.1503476e-07  -2.1852078e-08  2.0905064e-05  7.1127118e-05  1.0748119e-06  4.7470641e-07  2.3912496e-07  -4.6056845e-07  1.2867459e-07  1.0877380e-06  0.0000000   5.1503476e-07  -2.1852078e-08  2.0905064e-05  7.1127118e-05  1.0748119e-06  4.7470641e-07  2.3912496e-07  -4.6056845e-07  1.2867459e-07  
-9.6303745e-05  -5.1503476e-07  0.0000000   0.00022775491  5.5382212e-07  -9.6977778e-08  1.2869041e-05  2.1615378e-05  1.3709570e-05  2.6013528e-05  -1.6154863e-05  -9.6303745e-05  -5.1503476e-07  0.0000000   0.00022775491  5.5382212e-07  -9.6977778e-08  1.2869041e-05  2.1615378e-05  1.3709570e-05  2.6013528e-05  -1.6154863e-05  
2.4725859e-05  2.1852078e-08  -0.00022775491  0.0000000   -4.6444347e-08  -2.6684695e-07  1.4137432e-05  3.8189520e-06  1.5546648e-05  4.0812862e-06  1.3699833e-05  2.4725859e-05  2.1852078e-08  -0.00022775491  0.0000000   -4.6444347e-08  -2.6684695e-07  1.4137432e-05  3.8189520e-06  1.5546648e-05  4.0812862e-06  1.3699833e-05  
-5.0366138e-07  -2.0905064e-05  -5.5382212e-07  4.6444347e-08  0.0000000   2.2487011e-05  2.5636236e-08  1.4230240e-06  1.4236688e-07  1.9451563e-07  4.5072604e-08  -5.0366138e-07  -2.0905064e-05  -5.5382212e-07  4.6444347e-08  0.0000000   2.2487011e-05  2.5636236e-08  1.4230240e-06  1.4236688e-07  1.9451563e-07  4.5072604e-08  
-6.8825769e-07  -7.1127118e-05  9.6977778e-08  2.6684695e-07  -2.2487011e-05  0.0000000   -3.2878387e-06  2.0618399e-06  8.7982301e-07  1.2263642e-06  8.2856190e-08  -6.8825769e-07  -7.1127118e-05  9.6977778e-08  2.6684695e-07  -2.2487011e-05  0.0000000   -3.2878387e-06  2.0618399e-06  8.7982301e-07  1.2263642e-06  8.2856190e-08  
9.2136636e-05  -1.0748119e-06  -1.2869041e-05  -1.4137432e-05  -2.5636236e-08  3.2878387e-06  0.0000000   -0.00039745315  7.4493322e-05  4.2687160e-05  1.1761253e-05  9.2136636e-05  -1.0748119e-06  -1.2869041e-05  -1.4137432e-05  -2.5636236e-08  3.2878387e-06  0.0000000   -0.00039745315  7.4493322e-05  4.2687160e-05  1.1761253e-05  
-2.7983158e-05  -4.7470641e-07  -2.1615378e-05  -3.8189520e-06  -1.4230240e-06  -2.0618399e-06  0.00039745315  0.0000000   -0.00012326307  -0.00015105270  -2.4769456e-05  -2.7983158e-05  -4.7470641e-07  -2.1615378e-05  -3.8189520e-06  -1.4230240e-06  -2.0618399e-06  0.00039745315  0.0000000   -0.00012326307  -0.00015105270  -2.4769456e-05  
9.8859866e-06  -2.3912496e-07  -1.3709570e-05  -1.5546648e-05  -1.4236688e-07  -8.7982301e-07  -7.4493322e-05  0.00012326307  0.0000000   -8.6519623e-05  -4.0343232e-05  9.8859866e-06  -2.3912496e-07  -1.3709570e-05  -1.5546648e-05  -1.4236688e-07  -8.7982301e-07  -7.4493322e-05  0.00012326307  0.0000000   -8.6519623e-05  -4.0343232e-05  
1.8855373e-06  4.6056845e-07  -2.6013528e-05  -4.0812862e-06  -1.9451563e-07  -1.2263642e-06  -4.2687160e-05  0.00015105270  8.6519623e-05  0.0000000   9.3494431e-05  1.8855373e-06  4.6056845e-07  -2.6013528e-05  -4.0812862e-06  -1.9451563e-07  -1.2263642e-06  -4.2687160e-05  0.00015105270  8.6519623e-05  0.0000000   9.3494431e-05  
-2.2744405e-06  -1.2867459e-07  1.6154863e-05  -1.3699833e-05  -4.5072604e-08  -8.2856190e-08  -1.1761253e-05  2.4769456e-05  4.0343232e-05  -9.3494431e-05  0.0000000   -2.2744405e-06  -1.2867459e-07  1.6154863e-05  -1.3699833e-05  -4.5072604e-08  -8.2856190e-08  -1.1761253e-05  2.4769456e-05  4.0343232e-05  -9.3494431e-05  0.0000000   
