0.0000000   -0.0010654088  -0.00015101583  1.2614873e-05  1.5114738e-06  -2.7729655e-05  3.2347793e-06  2.3463301e-05  -9.6665859e-08  -2.0262172e-07  5.4644685e-07  0.0000000   -0.0010654088  -0.00015101583  1.2614873e-05  1.5114738e-06  -2.7729655e-05  3.2347793e-06  2.3463301e-05  -9.6665859e-08  -2.0262172e-07  5.4644685e-07  
0.0010654088  0.0000000   0.00011100691  5.1891905e-05  4.8093481e-07  4.6889211e-05  2.3118588e-06  4.3232928e-05  -1.4976655e-06  4.5782118e-07  1.0821974e-07  0.0010654088  0.0000000   0.00011100691  5.1891905e-05  4.8093481e-07  4.6889211e-05  2.3118588e-06  4.3232928e-05  -1.4976655e-06  4.5782118e-07  1.0821974e-07  
0.00015101583  -0.00011100691  0.0000000   0.00070248017  1.9262139e-06  -1.9044312e-05  2.5449010e-06  4.6574738e-05  6.1934352e-07  5.4440017e-07  3.9047792e-07  0.00015101583  -0.00011100691  0.0000000   0.00070248017  1.9262139e-06  -1.9044312e-05  2.5449010e-06  4.6574738e-05  6.1934352e-07  5.4440017e-07  3.9047792e-07  
-1.2614873e-05  -5.1891905e-05  -0.00070248017  0.0000000   -3.2463114e-07  2.8079321e-05  4.4049010e-07  4.2518958e-05  2.1386229e-06  -1.5119877e-07  1.9399692e-07  -1.2614873e-05  -5.1891905e-05  -0.00070248017  0.0000000   -3.2463114e-07  2.8079321e-05  4.4049010e-07  4.2518958e-05  2.1386229e-06  -1.5119877e-07  1.9399692e-07  
-1.5114738e-06  -4.8093481e-07  -1.9262139e-06  3.2463114e-07  0.0000000   -7.7072585e-07  -5.5807126e-05  3.2155553e-07  -5.2523795e-05  0.00022830331  4.8358710e-05  -1.5114738e-06  -4.8093481e-07  -1.9262139e-06  3.2463114e-07  0.0000000   -7.7072585e-07  -5.5807126e-05  3.2155553e-07  -5.2523795e-05  0.00022830331  4.8358710e-05  
2.7729655e-05  -4.6889211e-05  1.9044312e-05  -2.8079321e-05  7.7072585e-07  0.0000000   3.0711111e-06  0.00015250404  -7.4614555e-08  -2.2244485e-08  -8.7658378e-07  2.7729655e-05  -4.6889211e-05  1.9044312e-05  -2.8079321e-05  7.7072585e-07  0.0000000   3.0711111e-06  0.00015250404  -7.4614555e-08  -2.2244485e-08  -8.7658378e-07  
-3.2347793e-06  -2.3118588e-06  -2.5449010e-06  -4.4049010e-07  5.5807126e-05  -3.0711111e-06  0.0000000   -6.6213991e-07  2.0859625e-05  3.7037200e-05  -7.1082918e-06  -3.2347793e-06  -2.3118588e-06  -2.5449010e-06  -4.4049010e-07  5.5807126e-05  -3.0711111e-06  0.0000000   -6.6213991e-07  2.0859625e-05  3.7037200e-05  -7.1082918e-06  
-2.3463301e-05  -4.3232928e-05  -4.6574738e-05  -4.2518958e-05  -3.2155553e-07  -0.00015250404  6.6213991e-07  0.0000000   7.8728213e-07  -9.0128852e-07  1.7694015e-07  -2.3463301e-05  -4.3232928e-05  -4.6574738e-05  -4.2518958e-05  -3.2155553e-07  -0.00015250404  6.6213991e-07  0.0000000   7.8728213e-07  -9.0128852e-07  1.7694015e-07  
9.6665859e-08  1.4976655e-06  -6.1934352e-07  -2.1386229e-06  5.2523795e-05  7.4614555e-08  -2.0859625e-05  -7.8728213e-07  0.0000000   -2.5590435e-05  -0.00024870379  9.6665859e-08  1.4976655e-06  -6.1934352e-07  -2.1386229e-06  5.2523795e-05  7.4614555e-08  -2.0859625e-05  -7.8728213e-07  0.0000000   -2.5590435e-05  -0.00024870379  
2.0262172e-07  -4.5782118e-07  -5.4440017e-07  1.5119877e-07  -0.00022830331  2.2244485e-08  -3.7037200e-05  9.0128852e-07  2.5590435e-05  0.0000000   1.9778548e-05  2.0262172e-07  -4.5782118e-07  -5.4440017e-07  1.5119877e-07  -0.00022830331  2.2244485e-08  -3.7037200e-05  9.0128852e-07  2.5590435e-05  0.0000000   1.9778548e-05  
-5.4644685e-07  -1.0821974e-07  -3.9047792e-07  -1.9399692e-07  -4.8358710e-05  8.7658378e-07  7.1082918e-06  -1.7694015e-07  0.00024870379  -1.9778548e-05  0.0000000   -5.4644685e-07  -1.0821974e-07  -3.9047792e-07  -1.9399692e-07  -4.8358710e-05  8.7658378e-07  7.1082918e-06  -1.7694015e-07  0.00024870379  -1.9778548e-05  0.0000000   
0.0000000   -0.0010654088  -0.00015101583  1.2614873e-05  1.5114738e-06  -2.7729655e-05  3.2347793e-06  2.3463301e-05  -9.6665859e-08  -2.0262172e-07  5.4644685e-07  0.0000000   -0.0010654088  -0.00015101583  1.2614873e-05  1.5114738e-06  -2.7729655e-05  3.2347793e-06  2.3463301e-05  -9.6665859e-08  -2.0262172e-07  5.4644685e-07  
0.0010654088  0.0000000   0.00011100691  5.1891905e-05  4.8093481e-07  4.6889211e-05  2.3118588e-06  4.3232928e-05  -1.4976655e-06  4.5782118e-07  1.0821974e-07  0.0010654088  0.0000000   0.00011100691  5.1891905e-05  4.8093481e-07  4.6889211e-05  2.3118588e-06  4.3232928e-05  -1.4976655e-06  4.5782118e-07  1.0821974e-07  
0.00015101583  -0.00011100691  0.0000000   0.00070248017  1.9262139e-06  -1.9044312e-05  2.5449010e-06  4.6574738e-05  6.1934352e-07  5.4440017e-07  3.9047792e-07  0.00015101583  -0.00011100691  0.0000000   0.00070248017  1.9262139e-06  -1.9044312e-05  2.5449010e-06  4.6574738e-05  6.1934352e-07  5.4440017e-07  3.9047792e-07  
-1.2614873e-05  -5.1891905e-05  -0.00070248017  0.0000000   -3.2463114e-07  2.8079321e-05  4.4049010e-07  4.2518958e-05  2.1386229e-06  -1.5119877e-07  1.9399692e-07  -1.2614873e-05  -5.1891905e-05  -0.00070248017  0.0000000   -3.2463114e-07  2.8079321e-05  4.4049010e-07  4.2518958e-05  2.1386229e-06  -1.5119877e-07  1.9399692e-07  
-1.5114738e-06  -4.8093481e-07  -1.9262139e-06  3.2463114e-07  0.0000000   -7.7072585e-07  -5.5807126e-05  3.2155553e-07  -5.2523795e-05  0.00022830331  4.8358710e-05  -1.5114738e-06  -4.8093481e-07  -1.9262139e-06  3.2463114e-07  0.0000000   -7.7072585e-07  -5.5807126e-05  3.2155553e-07  -5.2523795e-05  0.00022830331  4.8358710e-05  
2.7729655e-05  -4.6889211e-05  1.9044312e-05  -2.8079321e-05  7.7072585e-07  0.0000000   3.0711111e-06  0.00015250404  -7.4614555e-08  -2.2244485e-08  -8.7658378e-07  2.7729655e-05  -4.6889211e-05  1.9044312e-05  -2.8079321e-05  7.7072585e-07  0.0000000   3.0711111e-06  0.00015250404  -7.4614555e-08  -2.2244485e-08  -8.7658378e-07  
-3.2347793e-06  -2.3118588e-06  -2.5449010e-06  -4.4049010e-07  5.5807126e-05  -3.0711111e-06  0.0000000   -6.6213991e-07  2.0859625e-05  3.7037200e-05  -7.1082918e-06  -3.2347793e-06  -2.3118588e-06  -2.5449010e-06  -4.4049010e-07  5.5807126e-05  -3.0711111e-06  0.0000000   -6.6213991e-07  2.0859625e-05  3.7037200e-05  -7.1082918e-06  
-2.3463301e-05  -4.3232928e-05  -4.6574738e-05  -4.2518958e-05  -3.2155553e-07  -0.00015250404  6.6213991e-07  0.0000000   7.8728213e-07  -9.0128852e-07  1.7694015e-07  -2.3463301e-05  -4.3232928e-05  -4.6574738e-05  -4.2518958e-05  -3.2155553e-07  -0.00015250404  6.6213991e-07  0.0000000   7.8728213e-07  -9.0128852e-07  1.7694015e-07  
9.6665859e-08  1.4976655e-06  -6.1934352e-07  -2.1386229e-06  5.2523795e-05  7.4614555e-08  -2.0859625e-05  -7.8728213e-07  0.0000000   -2.5590435e-05  -0.00024870379  9.6665859e-08  1.4976655e-06  -6.1934352e-07  -2.1386229e-06  5.2523795e-05  7.4614555e-08  -2.0859625e-05  -7.8728213e-07  0.0000000   -2.5590435e-05  -0.00024870379  
2.0262172e-07  -4.5782118e-07  -5.4440017e-07  1.5119877e-07  -0.00022830331  2.2244485e-08  -3.7037200e-05  9.0128852e-07  2.5590435e-05  0.0000000   1.9778548e-05  2.0262172e-07  -4.5782118e-07  -5.4440017e-07  1.5119877e-07  -0.00022830331  2.2244485e-08  -3.7037200e-05  9.0128852e-07  2.5590435e-05  0.0000000   1.9778548e-05  
-5.4644685e-07  -1.0821974e-07  -3.9047792e-07  -1.9399692e-07  -4.8358710e-05  8.7658378e-07  7.1082918e-06  -1.7694015e-07  0.00024870379  -1.9778548e-05  0.0000000   -5.4644685e-07  -1.0821974e-07  -3.9047792e-07  -1.9399692e-07  -4.8358710e-05  8.7658378e-07  7.1082918e-06  -1.7694015e-07  0.00024870379  -1.9778548e-05  0.0000000   
