0.0000000   -0.00010955083  7.6614183e-09  1.1525823e-06  -6.2743348e-05  1.2877449e-07  -1.1717150e-06  -3.3581865e-05  5.9827807e-06  -9.7108123e-07  -3.1153637e-07  0.0000000   -0.00010955083  7.6614183e-09  1.1525823e-06  -6.2743348e-05  1.2877449e-07  -1.1717150e-06  -3.3581865e-05  5.9827807e-06  -9.7108123e-07  -3.1153637e-07  
0.00010955083  0.0000000   -1.0762409e-07  1.1249445e-07  4.8753073e-05  1.5847433e-06  1.0843043e-06  5.7719647e-05  -4.9957242e-06  6.0719527e-07  9.3590443e-08  0.00010955083  0.0000000   -1.0762409e-07  1.1249445e-07  4.8753073e-05  1.5847433e-06  1.0843043e-06  5.7719647e-05  -4.9957242e-06  6.0719527e-07  9.3590443e-08  
-7.6614183e-09  1.0762409e-07  0.0000000   0.00015425047  4.9729067e-07  6.8387223e-06  1.1403513e-05  -9.9050239e-08  5.9884602e-06  4.0494173e-05  -6.8471303e-06  -7.6614183e-09  1.0762409e-07  0.0000000   0.00015425047  4.9729067e-07  6.8387223e-06  1.1403513e-05  -9.9050239e-08  5.9884602e-06  4.0494173e-05  -6.8471303e-06  
-1.1525823e-06  -1.1249445e-07  -0.00015425047  0.0000000   3.8857762e-07  9.6957557e-05  -5.4834179e-05  -7.7847428e-07  -8.3551727e-06  -5.4820740e-05  -2.2402160e-06  -1.1525823e-06  -1.1249445e-07  -0.00015425047  0.0000000   3.8857762e-07  9.6957557e-05  -5.4834179e-05  -7.7847428e-07  -8.3551727e-06  -5.4820740e-05  -2.2402160e-06  
6.2743348e-05  -4.8753073e-05  -4.9729067e-07  -3.8857762e-07  0.0000000   5.0491013e-07  -1.7488547e-07  1.7354717e-05  -4.6212269e-05  6.6770629e-06  -1.9788788e-07  6.2743348e-05  -4.8753073e-05  -4.9729067e-07  -3.8857762e-07  0.0000000   5.0491013e-07  -1.7488547e-07  1.7354717e-05  -4.6212269e-05  6.6770629e-06  -1.9788788e-07  
-1.2877449e-07  -1.5847433e-06  -6.8387223e-06  -9.6957557e-05  -5.0491013e-07  0.0000000   0.00030937247  -7.0977870e-06  1.9286142e-06  -5.0684865e-06  -1.2118270e-05  -1.2877449e-07  -1.5847433e-06  -6.8387223e-06  -9.6957557e-05  -5.0491013e-07  0.0000000   0.00030937247  -7.0977870e-06  1.9286142e-06  -5.0684865e-06  -1.2118270e-05  
1.1717150e-06  -1.0843043e-06  -1.1403513e-05  5.4834179e-05  1.7488547e-07  -0.00030937247  0.0000000   5.5975224e-06  4.1961032e-05  0.00026133730  3.4299841e-06  1.1717150e-06  -1.0843043e-06  -1.1403513e-05  5.4834179e-05  1.7488547e-07  -0.00030937247  0.0000000   5.5975224e-06  4.1961032e-05  0.00026133730  3.4299841e-06  
3.3581865e-05  -5.7719647e-05  9.9050239e-08  7.7847428e-07  -1.7354717e-05  7.0977870e-06  -5.5975224e-06  0.0000000   0.00012232852  -2.4179195e-05  -3.5011398e-07  3.3581865e-05  -5.7719647e-05  9.9050239e-08  7.7847428e-07  -1.7354717e-05  7.0977870e-06  -5.5975224e-06  0.0000000   0.00012232852  -2.4179195e-05  -3.5011398e-07  
-5.9827807e-06  4.9957242e-06  -5.9884602e-06  8.3551727e-06  4.6212269e-05  -1.9286142e-06  -4.1961032e-05  -0.00012232852  0.0000000   7.3296898e-07  -1.7241460e-05  -5.9827807e-06  4.9957242e-06  -5.9884602e-06  8.3551727e-06  4.6212269e-05  -1.9286142e-06  -4.1961032e-05  -0.00012232852  0.0000000   7.3296898e-07  -1.7241460e-05  
9.7108123e-07  -6.0719527e-07  -4.0494173e-05  5.4820740e-05  -6.6770629e-06  5.0684865e-06  -0.00026133730  2.4179195e-05  -7.3296898e-07  0.0000000   -0.00011763614  9.7108123e-07  -6.0719527e-07  -4.0494173e-05  5.4820740e-05  -6.6770629e-06  5.0684865e-06  -0.00026133730  2.4179195e-05  -7.3296898e-07  0.0000000   -0.00011763614  
3.1153637e-07  -9.3590443e-08  6.8471303e-06  2.2402160e-06  1.9788788e-07  1.2118270e-05  -3.4299841e-06  3.5011398e-07  1.7241460e-05  0.00011763614  0.0000000   3.1153637e-07  -9.3590443e-08  6.8471303e-06  2.2402160e-06  1.9788788e-07  1.2118270e-05  -3.4299841e-06  3.5011398e-07  1.7241460e-05  0.00011763614  0.0000000   
0.0000000   -0.00010955083  7.6614183e-09  1.1525823e-06  -6.2743348e-05  1.2877449e-07  -1.1717150e-06  -3.3581865e-05  5.9827807e-06  -9.7108123e-07  -3.1153637e-07  0.0000000   -0.00010955083  7.6614183e-09  1.1525823e-06  -6.2743348e-05  1.2877449e-07  -1.1717150e-06  -3.3581865e-05  5.9827807e-06  -9.7108123e-07  -3.1153637e-07  
0.00010955083  0.0000000   -1.0762409e-07  1.1249445e-07  4.8753073e-05  1.5847433e-06  1.0843043e-06  5.7719647e-05  -4.9957242e-06  6.0719527e-07  9.3590443e-08  0.00010955083  0.0000000   -1.0762409e-07  1.1249445e-07  4.8753073e-05  1.5847433e-06  1.0843043e-06  5.7719647e-05  -4.9957242e-06  6.0719527e-07  9.3590443e-08  
-7.6614183e-09  1.0762409e-07  0.0000000   0.00015425047  4.9729067e-07  6.8387223e-06  1.1403513e-05  -9.9050239e-08  5.9884602e-06  4.0494173e-05  -6.8471303e-06  -7.6614183e-09  1.0762409e-07  0.0000000   0.00015425047  4.9729067e-07  6.8387223e-06  1.1403513e-05  -9.9050239e-08  5.9884602e-06  4.0494173e-05  -6.8471303e-06  
-1.1525823e-06  -1.1249445e-07  -0.00015425047  0.0000000   3.8857762e-07  9.6957557e-05  -5.4834179e-05  -7.7847428e-07  -8.3551727e-06  -5.4820740e-05  -2.2402160e-06  -1.1525823e-06  -1.1249445e-07  -0.00015425047  0.0000000   3.8857762e-07  9.6957557e-05  -5.4834179e-05  -7.7847428e-07  -8.3551727e-06  -5.4820740e-05  -2.2402160e-06  
6.2743348e-05  -4.8753073e-05  -4.9729067e-07  -3.8857762e-07  0.0000000   5.0491013e-07  -1.7488547e-07  1.7354717e-05  -4.6212269e-05  6.6770629e-06  -1.9788788e-07  6.2743348e-05  -4.8753073e-05  -4.9729067e-07  -3.8857762e-07  0.0000000   5.0491013e-07  -1.7488547e-07  1.7354717e-05  -4.6212269e-05  6.6770629e-06  -1.9788788e-07  
-1.2877449e-07  -1.5847433e-06  -6.8387223e-06  -9.6957557e-05  -5.0491013e-07  0.0000000   0.00030937247  -7.0977870e-06  1.9286142e-06  -5.0684865e-06  -1.2118270e-05  -1.2877449e-07  -1.5847433e-06  -6.8387223e-06  -9.6957557e-05  -5.0491013e-07  0.0000000   0.00030937247  -7.0977870e-06  1.9286142e-06  -5.0684865e-06  -1.2118270e-05  
1.1717150e-06  -1.0843043e-06  -1.1403513e-05  5.4834179e-05  1.7488547e-07  -0.00030937247  0.0000000   5.5975224e-06  4.1961032e-05  0.00026133730  3.4299841e-06  1.1717150e-06  -1.0843043e-06  -1.1403513e-05  5.4834179e-05  1.7488547e-07  -0.00030937247  0.0000000   5.5975224e-06  4.1961032e-05  0.00026133730  3.4299841e-06  
3.3581865e-05  -5.7719647e-05  9.9050239e-08  7.7847428e-07  -1.7354717e-05  7.0977870e-06  -5.5975224e-06  0.0000000   0.00012232852  -2.4179195e-05  -3.5011398e-07  3.3581865e-05  -5.7719647e-05  9.9050239e-08  7.7847428e-07  -1.7354717e-05  7.0977870e-06  -5.5975224e-06  0.0000000   0.00012232852  -2.4179195e-05  -3.5011398e-07  
-5.9827807e-06  4.9957242e-06  -5.9884602e-06  8.3551727e-06  4.6212269e-05  -1.9286142e-06  -4.1961032e-05  -0.00012232852  0.0000000   7.3296898e-07  -1.7241460e-05  -5.9827807e-06  4.9957242e-06  -5.9884602e-06  8.3551727e-06  4.6212269e-05  -1.9286142e-06  -4.1961032e-05  -0.00012232852  0.0000000   7.3296898e-07  -1.7241460e-05  
9.7108123e-07  -6.0719527e-07  -4.0494173e-05  5.4820740e-05  -6.6770629e-06  5.0684865e-06  -0.00026133730  2.4179195e-05  -7.3296898e-07  0.0000000   -0.00011763614  9.7108123e-07  -6.0719527e-07  -4.0494173e-05  5.4820740e-05  -6.6770629e-06  5.0684865e-06  -0.00026133730  2.4179195e-05  -7.3296898e-07  0.0000000   -0.00011763614  
3.1153637e-07  -9.3590443e-08  6.8471303e-06  2.2402160e-06  1.9788788e-07  1.2118270e-05  -3.4299841e-06  3.5011398e-07  1.7241460e-05  0.00011763614  0.0000000   3.1153637e-07  -9.3590443e-08  6.8471303e-06  2.2402160e-06  1.9788788e-07  1.2118270e-05  -3.4299841e-06  3.5011398e-07  1.7241460e-05  0.00011763614  0.0000000   
