0.0000000   -0.00058347643  -0.00022303103  -0.00010198037  -2.6490501e-06  -2.7343870e-06  -5.2001771e-05  -0.00013535814  -9.8782954e-07  -1.2887953e-05  1.6295725e-07  0.0000000   -0.00058347643  -0.00022303103  -0.00010198037  -2.6490501e-06  -2.7343870e-06  -5.2001771e-05  -0.00013535814  -9.8782954e-07  -1.2887953e-05  1.6295725e-07  
0.00058347643  0.0000000   0.00014005201  -9.8822155e-05  2.6559527e-06  1.2095444e-07  0.00010968488  -8.4741839e-05  -8.9664077e-08  7.7542458e-05  -4.6662801e-07  0.00058347643  0.0000000   0.00014005201  -9.8822155e-05  2.6559527e-06  1.2095444e-07  0.00010968488  -8.4741839e-05  -8.9664077e-08  7.7542458e-05  -4.6662801e-07  
0.00022303103  -0.00014005201  0.0000000   -0.00064410364  1.3994251e-06  -1.5157620e-07  -4.1061484e-05  4.2056558e-06  1.0045739e-07  -2.2382746e-05  1.4133522e-06  0.00022303103  -0.00014005201  0.0000000   -0.00064410364  1.3994251e-06  -1.5157620e-07  -4.1061484e-05  4.2056558e-06  1.0045739e-07  -2.2382746e-05  1.4133522e-06  
0.00010198037  9.8822155e-05  0.00064410364  0.0000000   2.2845019e-06  -1.0936391e-06  -2.4947395e-05  -7.1883848e-05  1.7696310e-07  -2.7179351e-06  -1.6845226e-06  0.00010198037  9.8822155e-05  0.00064410364  0.0000000   2.2845019e-06  -1.0936391e-06  -2.4947395e-05  -7.1883848e-05  1.7696310e-07  -2.7179351e-06  -1.6845226e-06  
2.6490501e-06  -2.6559527e-06  -1.3994251e-06  -2.2845019e-06  0.0000000   0.00023993109  -4.0861238e-06  -2.5517438e-06  -2.7158204e-05  4.0728526e-07  5.3257706e-05  2.6490501e-06  -2.6559527e-06  -1.3994251e-06  -2.2845019e-06  0.0000000   0.00023993109  -4.0861238e-06  -2.5517438e-06  -2.7158204e-05  4.0728526e-07  5.3257706e-05  
2.7343870e-06  -1.2095444e-07  1.5157620e-07  1.0936391e-06  -0.00023993109  0.0000000   -1.4568506e-05  7.6060014e-06  -0.00016441150  -1.4278066e-08  -3.2041135e-05  2.7343870e-06  -1.2095444e-07  1.5157620e-07  1.0936391e-06  -0.00023993109  0.0000000   -1.4568506e-05  7.6060014e-06  -0.00016441150  -1.4278066e-08  -3.2041135e-05  
5.2001771e-05  -0.00010968488  4.1061484e-05  2.4947395e-05  4.0861238e-06  1.4568506e-05  0.0000000   0.0014111207  -2.7812157e-07  0.00010990544  4.8627508e-07  5.2001771e-05  -0.00010968488  4.1061484e-05  2.4947395e-05  4.0861238e-06  1.4568506e-05  0.0000000   0.0014111207  -2.7812157e-07  0.00010990544  4.8627508e-07  
0.00013535814  8.4741839e-05  -4.2056558e-06  7.1883848e-05  2.5517438e-06  -7.6060014e-06  -0.0014111207  0.0000000   -1.0889913e-05  2.3861070e-05  3.1438812e-07  0.00013535814  8.4741839e-05  -4.2056558e-06  7.1883848e-05  2.5517438e-06  -7.6060014e-06  -0.0014111207  0.0000000   -1.0889913e-05  2.3861070e-05  3.1438812e-07  
9.8782954e-07  8.9664077e-08  -1.0045739e-07  -1.7696310e-07  2.7158204e-05  0.00016441150  2.7812157e-07  1.0889913e-05  0.0000000   8.5977321e-07  -0.00013151389  9.8782954e-07  8.9664077e-08  -1.0045739e-07  -1.7696310e-07  2.7158204e-05  0.00016441150  2.7812157e-07  1.0889913e-05  0.0000000   8.5977321e-07  -0.00013151389  
1.2887953e-05  -7.7542458e-05  2.2382746e-05  2.7179351e-06  -4.0728526e-07  1.4278066e-08  -0.00010990544  -2.3861070e-05  -8.5977321e-07  0.0000000   -3.7779030e-07  1.2887953e-05  -7.7542458e-05  2.2382746e-05  2.7179351e-06  -4.0728526e-07  1.4278066e-08  -0.00010990544  -2.3861070e-05  -8.5977321e-07  0.0000000   -3.7779030e-07  
-1.6295725e-07  4.6662801e-07  -1.4133522e-06  1.6845226e-06  -5.3257706e-05  3.2041135e-05  -4.8627508e-07  -3.1438812e-07  0.00013151389  3.7779030e-07  0.0000000   -1.6295725e-07  4.6662801e-07  -1.4133522e-06  1.6845226e-06  -5.3257706e-05  3.2041135e-05  -4.8627508e-07  -3.1438812e-07  0.00013151389  3.7779030e-07  0.0000000   
0.0000000   -0.00058347643  -0.00022303103  -0.00010198037  -2.6490501e-06  -2.7343870e-06  -5.2001771e-05  -0.00013535814  -9.8782954e-07  -1.2887953e-05  1.6295725e-07  0.0000000   -0.00058347643  -0.00022303103  -0.00010198037  -2.6490501e-06  -2.7343870e-06  -5.2001771e-05  -0.00013535814  -9.8782954e-07  -1.2887953e-05  1.6295725e-07  
0.00058347643  0.0000000   0.00014005201  -9.8822155e-05  2.6559527e-06  1.2095444e-07  0.00010968488  -8.4741839e-05  -8.9664077e-08  7.7542458e-05  -4.6662801e-07  0.00058347643  0.0000000   0.00014005201  -9.8822155e-05  2.6559527e-06  1.2095444e-07  0.00010968488  -8.4741839e-05  -8.9664077e-08  7.7542458e-05  -4.6662801e-07  
0.00022303103  -0.00014005201  0.0000000   -0.00064410364  1.3994251e-06  -1.5157620e-07  -4.1061484e-05  4.2056558e-06  1.0045739e-07  -2.2382746e-05  1.4133522e-06  0.00022303103  -0.00014005201  0.0000000   -0.00064410364  1.3994251e-06  -1.5157620e-07  -4.1061484e-05  4.2056558e-06  1.0045739e-07  -2.2382746e-05  1.4133522e-06  
0.00010198037  9.8822155e-05  0.00064410364  0.0000000   2.2845019e-06  -1.0936391e-06  -2.4947395e-05  -7.1883848e-05  1.7696310e-07  -2.7179351e-06  -1.6845226e-06  0.00010198037  9.8822155e-05  0.00064410364  0.0000000   2.2845019e-06  -1.0936391e-06  -2.4947395e-05  -7.1883848e-05  1.7696310e-07  -2.7179351e-06  -1.6845226e-06  
2.6490501e-06  -2.6559527e-06  -1.3994251e-06  -2.2845019e-06  0.0000000   0.00023993109  -4.0861238e-06  -2.5517438e-06  -2.7158204e-05  4.0728526e-07  5.3257706e-05  2.6490501e-06  -2.6559527e-06  -1.3994251e-06  -2.2845019e-06  0.0000000   0.00023993109  -4.0861238e-06  -2.5517438e-06  -2.7158204e-05  4.0728526e-07  5.3257706e-05  
2.7343870e-06  -1.2095444e-07  1.5157620e-07  1.0936391e-06  -0.00023993109  0.0000000   -1.4568506e-05  7.6060014e-06  -0.00016441150  -1.4278066e-08  -3.2041135e-05  2.7343870e-06  -1.2095444e-07  1.5157620e-07  1.0936391e-06  -0.00023993109  0.0000000   -1.4568506e-05  7.6060014e-06  -0.00016441150  -1.4278066e-08  -3.2041135e-05  
5.2001771e-05  -0.00010968488  4.1061484e-05  2.4947395e-05  4.0861238e-06  1.4568506e-05  0.0000000   0.0014111207  -2.7812157e-07  0.00010990544  4.8627508e-07  5.2001771e-05  -0.00010968488  4.1061484e-05  2.4947395e-05  4.0861238e-06  1.4568506e-05  0.0000000   0.0014111207  -2.7812157e-07  0.00010990544  4.8627508e-07  
0.00013535814  8.4741839e-05  -4.2056558e-06  7.1883848e-05  2.5517438e-06  -7.6060014e-06  -0.0014111207  0.0000000   -1.0889913e-05  2.3861070e-05  3.1438812e-07  0.00013535814  8.4741839e-05  -4.2056558e-06  7.1883848e-05  2.5517438e-06  -7.6060014e-06  -0.0014111207  0.0000000   -1.0889913e-05  2.3861070e-05  3.1438812e-07  
9.8782954e-07  8.9664077e-08  -1.0045739e-07  -1.7696310e-07  2.7158204e-05  0.00016441150  2.7812157e-07  1.0889913e-05  0.0000000   8.5977321e-07  -0.00013151389  9.8782954e-07  8.9664077e-08  -1.0045739e-07  -1.7696310e-07  2.7158204e-05  0.00016441150  2.7812157e-07  1.0889913e-05  0.0000000   8.5977321e-07  -0.00013151389  
1.2887953e-05  -7.7542458e-05  2.2382746e-05  2.7179351e-06  -4.0728526e-07  1.4278066e-08  -0.00010990544  -2.3861070e-05  -8.5977321e-07  0.0000000   -3.7779030e-07  1.2887953e-05  -7.7542458e-05  2.2382746e-05  2.7179351e-06  -4.0728526e-07  1.4278066e-08  -0.00010990544  -2.3861070e-05  -8.5977321e-07  0.0000000   -3.7779030e-07  
-1.6295725e-07  4.6662801e-07  -1.4133522e-06  1.6845226e-06  -5.3257706e-05  3.2041135e-05  -4.8627508e-07  -3.1438812e-07  0.00013151389  3.7779030e-07  0.0000000   -1.6295725e-07  4.6662801e-07  -1.4133522e-06  1.6845226e-06  -5.3257706e-05  3.2041135e-05  -4.8627508e-07  -3.1438812e-07  0.00013151389  3.7779030e-07  0.0000000   
