0.0000000   5.0009113e-06  9.6960946e-05  1.0457113e-06  2.8485978e-05  4.9673730e-05  -8.1476199e-05  -1.8388241e-06  1.5244695e-06  8.6650032e-08  1.5703915e-05  0.0000000   5.0009113e-06  9.6960946e-05  1.0457113e-06  2.8485978e-05  4.9673730e-05  -8.1476199e-05  -1.8388241e-06  1.5244695e-06  8.6650032e-08  1.5703915e-05  
-5.0009113e-06  0.0000000   -3.5011202e-07  -8.8079229e-06  -1.9922984e-06  -2.9524066e-06  3.5060141e-06  -3.2831618e-05  5.1471668e-05  -1.4272958e-05  2.0877263e-07  -5.0009113e-06  0.0000000   -3.5011202e-07  -8.8079229e-06  -1.9922984e-06  -2.9524066e-06  3.5060141e-06  -3.2831618e-05  5.1471668e-05  -1.4272958e-05  2.0877263e-07  
-9.6960946e-05  3.5011202e-07  0.0000000   -1.6328307e-06  -0.00016960630  2.1780157e-05  7.6304955e-05  2.1203405e-06  1.5649856e-06  7.7956435e-07  4.8815097e-06  -9.6960946e-05  3.5011202e-07  0.0000000   -1.6328307e-06  -0.00016960630  2.1780157e-05  7.6304955e-05  2.1203405e-06  1.5649856e-06  7.7956435e-07  4.8815097e-06  
-1.0457113e-06  8.8079229e-06  1.6328307e-06  0.0000000   -4.7190711e-07  3.7916668e-07  -3.3062184e-06  -4.3162634e-05  2.3705682e-06  -4.5744786e-07  -7.3600120e-07  -1.0457113e-06  8.8079229e-06  1.6328307e-06  0.0000000   -4.7190711e-07  3.7916668e-07  -3.3062184e-06  -4.3162634e-05  2.3705682e-06  -4.5744786e-07  -7.3600120e-07  
-2.8485978e-05  1.9922984e-06  0.00016960630  4.7190711e-07  0.0000000   -2.1462468e-05  -3.5073057e-05  -1.1047583e-06  2.1895483e-07  -4.2151983e-07  2.2037984e-05  -2.8485978e-05  1.9922984e-06  0.00016960630  4.7190711e-07  0.0000000   -2.1462468e-05  -3.5073057e-05  -1.1047583e-06  2.1895483e-07  -4.2151983e-07  2.2037984e-05  
-4.9673730e-05  2.9524066e-06  -2.1780157e-05  -3.7916668e-07  2.1462468e-05  0.0000000   0.0019822989  4.8794171e-05  3.6525995e-06  5.1181833e-06  3.4345555e-05  -4.9673730e-05  2.9524066e-06  -2.1780157e-05  -3.7916668e-07  2.1462468e-05  0.0000000   0.0019822989  4.8794171e-05  3.6525995e-06  5.1181833e-06  3.4345555e-05  
8.1476199e-05  -3.5060141e-06  -7.6304955e-05  3.3062184e-06  3.5073057e-05  -0.0019822989  0.0000000   2.1879516e-05  -1.3645265e-05  4.4050359e-06  4.6097190e-05  8.1476199e-05  -3.5060141e-06  -7.6304955e-05  3.3062184e-06  3.5073057e-05  -0.0019822989  0.0000000   2.1879516e-05  -1.3645265e-05  4.4050359e-06  4.6097190e-05  
1.8388241e-06  3.2831618e-05  -2.1203405e-06  4.3162634e-05  1.1047583e-06  -4.8794171e-05  -2.1879516e-05  0.0000000   0.00031062821  6.2796659e-05  4.1505478e-07  1.8388241e-06  3.2831618e-05  -2.1203405e-06  4.3162634e-05  1.1047583e-06  -4.8794171e-05  -2.1879516e-05  0.0000000   0.00031062821  6.2796659e-05  4.1505478e-07  
-1.5244695e-06  -5.1471668e-05  -1.5649856e-06  -2.3705682e-06  -2.1895483e-07  -3.6525995e-06  1.3645265e-05  -0.00031062821  0.0000000   -0.0010234800  7.3088824e-06  -1.5244695e-06  -5.1471668e-05  -1.5649856e-06  -2.3705682e-06  -2.1895483e-07  -3.6525995e-06  1.3645265e-05  -0.00031062821  0.0000000   -0.0010234800  7.3088824e-06  
-8.6650032e-08  1.4272958e-05  -7.7956435e-07  4.5744786e-07  4.2151983e-07  -5.1181833e-06  -4.4050359e-06  -6.2796659e-05  0.0010234800  0.0000000   9.0717962e-07  -8.6650032e-08  1.4272958e-05  -7.7956435e-07  4.5744786e-07  4.2151983e-07  -5.1181833e-06  -4.4050359e-06  -6.2796659e-05  0.0010234800  0.0000000   9.0717962e-07  
-1.5703915e-05  -2.0877263e-07  -4.8815097e-06  7.3600120e-07  -2.2037984e-05  -3.4345555e-05  -4.6097190e-05  -4.1505478e-07  -7.3088824e-06  -9.0717962e-07  0.0000000   -1.5703915e-05  -2.0877263e-07  -4.8815097e-06  7.3600120e-07  -2.2037984e-05  -3.4345555e-05  -4.6097190e-05  -4.1505478e-07  -7.3088824e-06  -9.0717962e-07  0.0000000   
0.0000000   5.0009113e-06  9.6960946e-05  1.0457113e-06  2.8485978e-05  4.9673730e-05  -8.1476199e-05  -1.8388241e-06  1.5244695e-06  8.6650032e-08  1.5703915e-05  0.0000000   5.0009113e-06  9.6960946e-05  1.0457113e-06  2.8485978e-05  4.9673730e-05  -8.1476199e-05  -1.8388241e-06  1.5244695e-06  8.6650032e-08  1.5703915e-05  
-5.0009113e-06  0.0000000   -3.5011202e-07  -8.8079229e-06  -1.9922984e-06  -2.9524066e-06  3.5060141e-06  -3.2831618e-05  5.1471668e-05  -1.4272958e-05  2.0877263e-07  -5.0009113e-06  0.0000000   -3.5011202e-07  -8.8079229e-06  -1.9922984e-06  -2.9524066e-06  3.5060141e-06  -3.2831618e-05  5.1471668e-05  -1.4272958e-05  2.0877263e-07  
-9.6960946e-05  3.5011202e-07  0.0000000   -1.6328307e-06  -0.00016960630  2.1780157e-05  7.6304955e-05  2.1203405e-06  1.5649856e-06  7.7956435e-07  4.8815097e-06  -9.6960946e-05  3.5011202e-07  0.0000000   -1.6328307e-06  -0.00016960630  2.1780157e-05  7.6304955e-05  2.1203405e-06  1.5649856e-06  7.7956435e-07  4.8815097e-06  
-1.0457113e-06  8.8079229e-06  1.6328307e-06  0.0000000   -4.7190711e-07  3.7916668e-07  -3.3062184e-06  -4.3162634e-05  2.3705682e-06  -4.5744786e-07  -7.3600120e-07  -1.0457113e-06  8.8079229e-06  1.6328307e-06  0.0000000   -4.7190711e-07  3.7916668e-07  -3.3062184e-06  -4.3162634e-05  2.3705682e-06  -4.5744786e-07  -7.3600120e-07  
-2.8485978e-05  1.9922984e-06  0.00016960630  4.7190711e-07  0.0000000   -2.1462468e-05  -3.5073057e-05  -1.1047583e-06  2.1895483e-07  -4.2151983e-07  2.2037984e-05  -2.8485978e-05  1.9922984e-06  0.00016960630  4.7190711e-07  0.0000000   -2.1462468e-05  -3.5073057e-05  -1.1047583e-06  2.1895483e-07  -4.2151983e-07  2.2037984e-05  
-4.9673730e-05  2.9524066e-06  -2.1780157e-05  -3.7916668e-07  2.1462468e-05  0.0000000   0.0019822989  4.8794171e-05  3.6525995e-06  5.1181833e-06  3.4345555e-05  -4.9673730e-05  2.9524066e-06  -2.1780157e-05  -3.7916668e-07  2.1462468e-05  0.0000000   0.0019822989  4.8794171e-05  3.6525995e-06  5.1181833e-06  3.4345555e-05  
8.1476199e-05  -3.5060141e-06  -7.6304955e-05  3.3062184e-06  3.5073057e-05  -0.0019822989  0.0000000   2.1879516e-05  -1.3645265e-05  4.4050359e-06  4.6097190e-05  8.1476199e-05  -3.5060141e-06  -7.6304955e-05  3.3062184e-06  3.5073057e-05  -0.0019822989  0.0000000   2.1879516e-05  -1.3645265e-05  4.4050359e-06  4.6097190e-05  
1.8388241e-06  3.2831618e-05  -2.1203405e-06  4.3162634e-05  1.1047583e-06  -4.8794171e-05  -2.1879516e-05  0.0000000   0.00031062821  6.2796659e-05  4.1505478e-07  1.8388241e-06  3.2831618e-05  -2.1203405e-06  4.3162634e-05  1.1047583e-06  -4.8794171e-05  -2.1879516e-05  0.0000000   0.00031062821  6.2796659e-05  4.1505478e-07  
-1.5244695e-06  -5.1471668e-05  -1.5649856e-06  -2.3705682e-06  -2.1895483e-07  -3.6525995e-06  1.3645265e-05  -0.00031062821  0.0000000   -0.0010234800  7.3088824e-06  -1.5244695e-06  -5.1471668e-05  -1.5649856e-06  -2.3705682e-06  -2.1895483e-07  -3.6525995e-06  1.3645265e-05  -0.00031062821  0.0000000   -0.0010234800  7.3088824e-06  
-8.6650032e-08  1.4272958e-05  -7.7956435e-07  4.5744786e-07  4.2151983e-07  -5.1181833e-06  -4.4050359e-06  -6.2796659e-05  0.0010234800  0.0000000   9.0717962e-07  -8.6650032e-08  1.4272958e-05  -7.7956435e-07  4.5744786e-07  4.2151983e-07  -5.1181833e-06  -4.4050359e-06  -6.2796659e-05  0.0010234800  0.0000000   9.0717962e-07  
-1.5703915e-05  -2.0877263e-07  -4.8815097e-06  7.3600120e-07  -2.2037984e-05  -3.4345555e-05  -4.6097190e-05  -4.1505478e-07  -7.3088824e-06  -9.0717962e-07  0.0000000   -1.5703915e-05  -2.0877263e-07  -4.8815097e-06  7.3600120e-07  -2.2037984e-05  -3.4345555e-05  -4.6097190e-05  -4.1505478e-07  -7.3088824e-06  -9.0717962e-07  0.0000000   
