0.0000000   0.00056000663  4.7953170e-07  1.0162580e-06  1.4444908e-05  5.2539019e-05  3.6564669e-05  8.2388727e-05  -3.0073813e-05  -3.3187123e-08  1.9814927e-07  0.0000000   0.00056000663  4.7953170e-07  1.0162580e-06  1.4444908e-05  5.2539019e-05  3.6564669e-05  8.2388727e-05  -3.0073813e-05  -3.3187123e-08  1.9814927e-07  
-0.00056000663  0.0000000   6.5616378e-07  -1.1700004e-07  3.8796127e-05  -7.3863031e-07  5.3393296e-05  5.6832881e-05  7.0945690e-06  -3.3614981e-07  2.3301113e-07  -0.00056000663  0.0000000   6.5616378e-07  -1.1700004e-07  3.8796127e-05  -7.3863031e-07  5.3393296e-05  5.6832881e-05  7.0945690e-06  -3.3614981e-07  2.3301113e-07  
-4.7953170e-07  -6.5616378e-07  0.0000000   -7.5511066e-06  -3.5143397e-07  5.4573812e-07  8.7167207e-07  4.5280861e-07  -2.1150863e-07  4.3569660e-05  4.7919843e-06  -4.7953170e-07  -6.5616378e-07  0.0000000   -7.5511066e-06  -3.5143397e-07  5.4573812e-07  8.7167207e-07  4.5280861e-07  -2.1150863e-07  4.3569660e-05  4.7919843e-06  
-1.0162580e-06  1.1700004e-07  7.5511066e-06  0.0000000   2.2281511e-07  -8.0462602e-07  -1.4935615e-06  -6.3680392e-07  -8.6777115e-08  1.5344228e-05  4.4606964e-06  -1.0162580e-06  1.1700004e-07  7.5511066e-06  0.0000000   2.2281511e-07  -8.0462602e-07  -1.4935615e-06  -6.3680392e-07  -8.6777115e-08  1.5344228e-05  4.4606964e-06  
-1.4444908e-05  -3.8796127e-05  3.5143397e-07  -2.2281511e-07  0.0000000   -4.6690635e-05  -1.4478089e-05  3.0966893e-05  -0.00011461307  -2.2527112e-07  1.2929901e-07  -1.4444908e-05  -3.8796127e-05  3.5143397e-07  -2.2281511e-07  0.0000000   -4.6690635e-05  -1.4478089e-05  3.0966893e-05  -0.00011461307  -2.2527112e-07  1.2929901e-07  
-5.2539019e-05  7.3863031e-07  -5.4573812e-07  8.0462602e-07  4.6690635e-05  0.0000000   -0.0010701510  -0.00011231182  -6.6550991e-05  6.9487194e-07  -2.1006686e-07  -5.2539019e-05  7.3863031e-07  -5.4573812e-07  8.0462602e-07  4.6690635e-05  0.0000000   -0.0010701510  -0.00011231182  -6.6550991e-05  6.9487194e-07  -2.1006686e-07  
-3.6564669e-05  -5.3393296e-05  -8.7167207e-07  1.4935615e-06  1.4478089e-05  0.0010701510  0.0000000   0.0010227100  -5.7571657e-05  2.2026375e-06  1.2555190e-07  -3.6564669e-05  -5.3393296e-05  -8.7167207e-07  1.4935615e-06  1.4478089e-05  0.0010701510  0.0000000   0.0010227100  -5.7571657e-05  2.2026375e-06  1.2555190e-07  
-8.2388727e-05  -5.6832881e-05  -4.5280861e-07  6.3680392e-07  -3.0966893e-05  0.00011231182  -0.0010227100  0.0000000   -0.00011861816  9.4397995e-07  -7.4359044e-08  -8.2388727e-05  -5.6832881e-05  -4.5280861e-07  6.3680392e-07  -3.0966893e-05  0.00011231182  -0.0010227100  0.0000000   -0.00011861816  9.4397995e-07  -7.4359044e-08  
3.0073813e-05  -7.0945690e-06  2.1150863e-07  8.6777115e-08  0.00011461307  6.6550991e-05  5.7571657e-05  0.00011861816  0.0000000   -2.4129013e-08  -2.4140866e-07  3.0073813e-05  -7.0945690e-06  2.1150863e-07  8.6777115e-08  0.00011461307  6.6550991e-05  5.7571657e-05  0.00011861816  0.0000000   -2.4129013e-08  -2.4140866e-07  
3.3187123e-08  3.3614981e-07  -4.3569660e-05  -1.5344228e-05  2.2527112e-07  -6.9487194e-07  -2.2026375e-06  -9.4397995e-07  2.4129013e-08  0.0000000   6.9439629e-05  3.3187123e-08  3.3614981e-07  -4.3569660e-05  -1.5344228e-05  2.2527112e-07  -6.9487194e-07  -2.2026375e-06  -9.4397995e-07  2.4129013e-08  0.0000000   6.9439629e-05  
-1.9814927e-07  -2.3301113e-07  -4.7919843e-06  -4.4606964e-06  -1.2929901e-07  2.1006686e-07  -1.2555190e-07  7.4359044e-08  2.4140866e-07  -6.9439629e-05  0.0000000   -1.9814927e-07  -2.3301113e-07  -4.7919843e-06  -4.4606964e-06  -1.2929901e-07  2.1006686e-07  -1.2555190e-07  7.4359044e-08  2.4140866e-07  -6.9439629e-05  0.0000000   
0.0000000   0.00056000663  4.7953170e-07  1.0162580e-06  1.4444908e-05  5.2539019e-05  3.6564669e-05  8.2388727e-05  -3.0073813e-05  -3.3187123e-08  1.9814927e-07  0.0000000   0.00056000663  4.7953170e-07  1.0162580e-06  1.4444908e-05  5.2539019e-05  3.6564669e-05  8.2388727e-05  -3.0073813e-05  -3.3187123e-08  1.9814927e-07  
-0.00056000663  0.0000000   6.5616378e-07  -1.1700004e-07  3.8796127e-05  -7.3863031e-07  5.3393296e-05  5.6832881e-05  7.0945690e-06  -3.3614981e-07  2.3301113e-07  -0.00056000663  0.0000000   6.5616378e-07  -1.1700004e-07  3.8796127e-05  -7.3863031e-07  5.3393296e-05  5.6832881e-05  7.0945690e-06  -3.3614981e-07  2.3301113e-07  
-4.7953170e-07  -6.5616378e-07  0.0000000   -7.5511066e-06  -3.5143397e-07  5.4573812e-07  8.7167207e-07  4.5280861e-07  -2.1150863e-07  4.3569660e-05  4.7919843e-06  -4.7953170e-07  -6.5616378e-07  0.0000000   -7.5511066e-06  -3.5143397e-07  5.4573812e-07  8.7167207e-07  4.5280861e-07  -2.1150863e-07  4.3569660e-05  4.7919843e-06  
-1.0162580e-06  1.1700004e-07  7.5511066e-06  0.0000000   2.2281511e-07  -8.0462602e-07  -1.4935615e-06  -6.3680392e-07  -8.6777115e-08  1.5344228e-05  4.4606964e-06  -1.0162580e-06  1.1700004e-07  7.5511066e-06  0.0000000   2.2281511e-07  -8.0462602e-07  -1.4935615e-06  -6.3680392e-07  -8.6777115e-08  1.5344228e-05  4.4606964e-06  
-1.4444908e-05  -3.8796127e-05  3.5143397e-07  -2.2281511e-07  0.0000000   -4.6690635e-05  -1.4478089e-05  3.0966893e-05  -0.00011461307  -2.2527112e-07  1.2929901e-07  -1.4444908e-05  -3.8796127e-05  3.5143397e-07  -2.2281511e-07  0.0000000   -4.6690635e-05  -1.4478089e-05  3.0966893e-05  -0.00011461307  -2.2527112e-07  1.2929901e-07  
-5.2539019e-05  7.3863031e-07  -5.4573812e-07  8.0462602e-07  4.6690635e-05  0.0000000   -0.0010701510  -0.00011231182  -6.6550991e-05  6.9487194e-07  -2.1006686e-07  -5.2539019e-05  7.3863031e-07  -5.4573812e-07  8.0462602e-07  4.6690635e-05  0.0000000   -0.0010701510  -0.00011231182  -6.6550991e-05  6.9487194e-07  -2.1006686e-07  
-3.6564669e-05  -5.3393296e-05  -8.7167207e-07  1.4935615e-06  1.4478089e-05  0.0010701510  0.0000000   0.0010227100  -5.7571657e-05  2.2026375e-06  1.2555190e-07  -3.6564669e-05  -5.3393296e-05  -8.7167207e-07  1.4935615e-06  1.4478089e-05  0.0010701510  0.0000000   0.0010227100  -5.7571657e-05  2.2026375e-06  1.2555190e-07  
-8.2388727e-05  -5.6832881e-05  -4.5280861e-07  6.3680392e-07  -3.0966893e-05  0.00011231182  -0.0010227100  0.0000000   -0.00011861816  9.4397995e-07  -7.4359044e-08  -8.2388727e-05  -5.6832881e-05  -4.5280861e-07  6.3680392e-07  -3.0966893e-05  0.00011231182  -0.0010227100  0.0000000   -0.00011861816  9.4397995e-07  -7.4359044e-08  
3.0073813e-05  -7.0945690e-06  2.1150863e-07  8.6777115e-08  0.00011461307  6.6550991e-05  5.7571657e-05  0.00011861816  0.0000000   -2.4129013e-08  -2.4140866e-07  3.0073813e-05  -7.0945690e-06  2.1150863e-07  8.6777115e-08  0.00011461307  6.6550991e-05  5.7571657e-05  0.00011861816  0.0000000   -2.4129013e-08  -2.4140866e-07  
3.3187123e-08  3.3614981e-07  -4.3569660e-05  -1.5344228e-05  2.2527112e-07  -6.9487194e-07  -2.2026375e-06  -9.4397995e-07  2.4129013e-08  0.0000000   6.9439629e-05  3.3187123e-08  3.3614981e-07  -4.3569660e-05  -1.5344228e-05  2.2527112e-07  -6.9487194e-07  -2.2026375e-06  -9.4397995e-07  2.4129013e-08  0.0000000   6.9439629e-05  
-1.9814927e-07  -2.3301113e-07  -4.7919843e-06  -4.4606964e-06  -1.2929901e-07  2.1006686e-07  -1.2555190e-07  7.4359044e-08  2.4140866e-07  -6.9439629e-05  0.0000000   -1.9814927e-07  -2.3301113e-07  -4.7919843e-06  -4.4606964e-06  -1.2929901e-07  2.1006686e-07  -1.2555190e-07  7.4359044e-08  2.4140866e-07  -6.9439629e-05  0.0000000   
