0.0000000   6.7593213e-05  -0.00015253817  7.2728974e-07  -2.6642199e-06  2.0447611e-05  -2.5138705e-05  -2.5209232e-07  -7.2229131e-06  2.1805410e-07  -2.3722764e-07  0.0000000   6.7593213e-05  -0.00015253817  7.2728974e-07  -2.6642199e-06  2.0447611e-05  -2.5138705e-05  -2.5209232e-07  -7.2229131e-06  2.1805410e-07  -2.3722764e-07  
-6.7593213e-05  0.0000000   8.8988954e-05  -6.2247615e-07  -1.9206691e-05  -1.6877705e-05  -7.9202919e-05  -3.8717333e-07  -1.6827213e-06  -3.1470300e-07  5.2318538e-08  -6.7593213e-05  0.0000000   8.8988954e-05  -6.2247615e-07  -1.9206691e-05  -1.6877705e-05  -7.9202919e-05  -3.8717333e-07  -1.6827213e-06  -3.1470300e-07  5.2318538e-08  
0.00015253817  -8.8988954e-05  0.0000000   9.7954160e-08  1.4432685e-05  -4.9564960e-05  4.0310251e-05  8.7204557e-07  5.0288838e-06  3.0451215e-07  5.0358744e-07  0.00015253817  -8.8988954e-05  0.0000000   9.7954160e-08  1.4432685e-05  -4.9564960e-05  4.0310251e-05  8.7204557e-07  5.0288838e-06  3.0451215e-07  5.0358744e-07  
-7.2728974e-07  6.2247615e-07  -9.7954160e-08  0.0000000   -2.1819591e-07  1.8110569e-06  -8.5921943e-07  7.9621987e-05  -2.5748978e-07  1.3082184e-05  5.9250864e-06  -7.2728974e-07  6.2247615e-07  -9.7954160e-08  0.0000000   -2.1819591e-07  1.8110569e-06  -8.5921943e-07  7.9621987e-05  -2.5748978e-07  1.3082184e-05  5.9250864e-06  
2.6642199e-06  1.9206691e-05  -1.4432685e-05  2.1819591e-07  0.0000000   7.6624320e-05  9.0469037e-05  7.6580453e-07  7.0714192e-05  -8.0684244e-07  -2.9721616e-07  2.6642199e-06  1.9206691e-05  -1.4432685e-05  2.1819591e-07  0.0000000   7.6624320e-05  9.0469037e-05  7.6580453e-07  7.0714192e-05  -8.0684244e-07  -2.9721616e-07  
-2.0447611e-05  1.6877705e-05  4.9564960e-05  -1.8110569e-06  -7.6624320e-05  0.0000000   -0.00097037457  -1.0953445e-05  -0.00026778143  3.9938989e-07  1.5902789e-07  -2.0447611e-05  1.6877705e-05  4.9564960e-05  -1.8110569e-06  -7.6624320e-05  0.0000000   -0.00097037457  -1.0953445e-05  -0.00026778143  3.9938989e-07  1.5902789e-07  
2.5138705e-05  7.9202919e-05  -4.0310251e-05  8.5921943e-07  -9.0469037e-05  0.00097037457  0.0000000   -1.7815853e-06  1.8178376e-05  -3.8862118e-06  -4.7295423e-07  2.5138705e-05  7.9202919e-05  -4.0310251e-05  8.5921943e-07  -9.0469037e-05  0.00097037457  0.0000000   -1.7815853e-06  1.8178376e-05  -3.8862118e-06  -4.7295423e-07  
2.5209232e-07  3.8717333e-07  -8.7204557e-07  -7.9621987e-05  -7.6580453e-07  1.0953445e-05  1.7815853e-06  0.0000000   7.6244821e-07  -2.2871374e-05  5.5603303e-05  2.5209232e-07  3.8717333e-07  -8.7204557e-07  -7.9621987e-05  -7.6580453e-07  1.0953445e-05  1.7815853e-06  0.0000000   7.6244821e-07  -2.2871374e-05  5.5603303e-05  
7.2229131e-06  1.6827213e-06  -5.0288838e-06  2.5748978e-07  -7.0714192e-05  0.00026778143  -1.8178376e-05  -7.6244821e-07  0.0000000   -1.1619761e-06  -4.2230213e-08  7.2229131e-06  1.6827213e-06  -5.0288838e-06  2.5748978e-07  -7.0714192e-05  0.00026778143  -1.8178376e-05  -7.6244821e-07  0.0000000   -1.1619761e-06  -4.2230213e-08  
-2.1805410e-07  3.1470300e-07  -3.0451215e-07  -1.3082184e-05  8.0684244e-07  -3.9938989e-07  3.8862118e-06  2.2871374e-05  1.1619761e-06  0.0000000   -4.0869210e-06  -2.1805410e-07  3.1470300e-07  -3.0451215e-07  -1.3082184e-05  8.0684244e-07  -3.9938989e-07  3.8862118e-06  2.2871374e-05  1.1619761e-06  0.0000000   -4.0869210e-06  
2.3722764e-07  -5.2318538e-08  -5.0358744e-07  -5.9250864e-06  2.9721616e-07  -1.5902789e-07  4.7295423e-07  -5.5603303e-05  4.2230213e-08  4.0869210e-06  0.0000000   2.3722764e-07  -5.2318538e-08  -5.0358744e-07  -5.9250864e-06  2.9721616e-07  -1.5902789e-07  4.7295423e-07  -5.5603303e-05  4.2230213e-08  4.0869210e-06  0.0000000   
0.0000000   6.7593213e-05  -0.00015253817  7.2728974e-07  -2.6642199e-06  2.0447611e-05  -2.5138705e-05  -2.5209232e-07  -7.2229131e-06  2.1805410e-07  -2.3722764e-07  0.0000000   6.7593213e-05  -0.00015253817  7.2728974e-07  -2.6642199e-06  2.0447611e-05  -2.5138705e-05  -2.5209232e-07  -7.2229131e-06  2.1805410e-07  -2.3722764e-07  
-6.7593213e-05  0.0000000   8.8988954e-05  -6.2247615e-07  -1.9206691e-05  -1.6877705e-05  -7.9202919e-05  -3.8717333e-07  -1.6827213e-06  -3.1470300e-07  5.2318538e-08  -6.7593213e-05  0.0000000   8.8988954e-05  -6.2247615e-07  -1.9206691e-05  -1.6877705e-05  -7.9202919e-05  -3.8717333e-07  -1.6827213e-06  -3.1470300e-07  5.2318538e-08  
0.00015253817  -8.8988954e-05  0.0000000   9.7954160e-08  1.4432685e-05  -4.9564960e-05  4.0310251e-05  8.7204557e-07  5.0288838e-06  3.0451215e-07  5.0358744e-07  0.00015253817  -8.8988954e-05  0.0000000   9.7954160e-08  1.4432685e-05  -4.9564960e-05  4.0310251e-05  8.7204557e-07  5.0288838e-06  3.0451215e-07  5.0358744e-07  
-7.2728974e-07  6.2247615e-07  -9.7954160e-08  0.0000000   -2.1819591e-07  1.8110569e-06  -8.5921943e-07  7.9621987e-05  -2.5748978e-07  1.3082184e-05  5.9250864e-06  -7.2728974e-07  6.2247615e-07  -9.7954160e-08  0.0000000   -2.1819591e-07  1.8110569e-06  -8.5921943e-07  7.9621987e-05  -2.5748978e-07  1.3082184e-05  5.9250864e-06  
2.6642199e-06  1.9206691e-05  -1.4432685e-05  2.1819591e-07  0.0000000   7.6624320e-05  9.0469037e-05  7.6580453e-07  7.0714192e-05  -8.0684244e-07  -2.9721616e-07  2.6642199e-06  1.9206691e-05  -1.4432685e-05  2.1819591e-07  0.0000000   7.6624320e-05  9.0469037e-05  7.6580453e-07  7.0714192e-05  -8.0684244e-07  -2.9721616e-07  
-2.0447611e-05  1.6877705e-05  4.9564960e-05  -1.8110569e-06  -7.6624320e-05  0.0000000   -0.00097037457  -1.0953445e-05  -0.00026778143  3.9938989e-07  1.5902789e-07  -2.0447611e-05  1.6877705e-05  4.9564960e-05  -1.8110569e-06  -7.6624320e-05  0.0000000   -0.00097037457  -1.0953445e-05  -0.00026778143  3.9938989e-07  1.5902789e-07  
2.5138705e-05  7.9202919e-05  -4.0310251e-05  8.5921943e-07  -9.0469037e-05  0.00097037457  0.0000000   -1.7815853e-06  1.8178376e-05  -3.8862118e-06  -4.7295423e-07  2.5138705e-05  7.9202919e-05  -4.0310251e-05  8.5921943e-07  -9.0469037e-05  0.00097037457  0.0000000   -1.7815853e-06  1.8178376e-05  -3.8862118e-06  -4.7295423e-07  
2.5209232e-07  3.8717333e-07  -8.7204557e-07  -7.9621987e-05  -7.6580453e-07  1.0953445e-05  1.7815853e-06  0.0000000   7.6244821e-07  -2.2871374e-05  5.5603303e-05  2.5209232e-07  3.8717333e-07  -8.7204557e-07  -7.9621987e-05  -7.6580453e-07  1.0953445e-05  1.7815853e-06  0.0000000   7.6244821e-07  -2.2871374e-05  5.5603303e-05  
7.2229131e-06  1.6827213e-06  -5.0288838e-06  2.5748978e-07  -7.0714192e-05  0.00026778143  -1.8178376e-05  -7.6244821e-07  0.0000000   -1.1619761e-06  -4.2230213e-08  7.2229131e-06  1.6827213e-06  -5.0288838e-06  2.5748978e-07  -7.0714192e-05  0.00026778143  -1.8178376e-05  -7.6244821e-07  0.0000000   -1.1619761e-06  -4.2230213e-08  
-2.1805410e-07  3.1470300e-07  -3.0451215e-07  -1.3082184e-05  8.0684244e-07  -3.9938989e-07  3.8862118e-06  2.2871374e-05  1.1619761e-06  0.0000000   -4.0869210e-06  -2.1805410e-07  3.1470300e-07  -3.0451215e-07  -1.3082184e-05  8.0684244e-07  -3.9938989e-07  3.8862118e-06  2.2871374e-05  1.1619761e-06  0.0000000   -4.0869210e-06  
2.3722764e-07  -5.2318538e-08  -5.0358744e-07  -5.9250864e-06  2.9721616e-07  -1.5902789e-07  4.7295423e-07  -5.5603303e-05  4.2230213e-08  4.0869210e-06  0.0000000   2.3722764e-07  -5.2318538e-08  -5.0358744e-07  -5.9250864e-06  2.9721616e-07  -1.5902789e-07  4.7295423e-07  -5.5603303e-05  4.2230213e-08  4.0869210e-06  0.0000000   
