0.0000000   2.1304625e-06  0.00011186510  0.00013466839  -3.0636616e-05  0.00013369956  8.3701213e-06  1.0719115e-06  5.2581160e-07  -1.4682119e-06  4.1275686e-05  0.0000000   2.1304625e-06  0.00011186510  0.00013466839  -3.0636616e-05  0.00013369956  8.3701213e-06  1.0719115e-06  5.2581160e-07  -1.4682119e-06  4.1275686e-05  
-2.1304625e-06  0.0000000   -3.6985812e-06  -5.2305470e-06  -8.6269691e-07  6.7849008e-06  9.7585810e-07  4.3723933e-05  -5.2939416e-05  -9.0408757e-05  -6.8627846e-07  -2.1304625e-06  0.0000000   -3.6985812e-06  -5.2305470e-06  -8.6269691e-07  6.7849008e-06  9.7585810e-07  4.3723933e-05  -5.2939416e-05  -9.0408757e-05  -6.8627846e-07  
-0.00011186510  3.6985812e-06  0.0000000   0.00057135030  0.00023383395  2.9519539e-05  5.0992074e-05  1.8307270e-06  -6.7767271e-07  -1.0693017e-06  8.3160473e-06  -0.00011186510  3.6985812e-06  0.0000000   0.00057135030  0.00023383395  2.9519539e-05  5.0992074e-05  1.8307270e-06  -6.7767271e-07  -1.0693017e-06  8.3160473e-06  
-0.00013466839  5.2305470e-06  -0.00057135030  0.0000000   -0.00036513679  5.7822699e-05  -9.7886513e-05  -4.3534841e-06  -1.0009106e-06  -7.5979527e-07  1.0080850e-05  -0.00013466839  5.2305470e-06  -0.00057135030  0.0000000   -0.00036513679  5.7822699e-05  -9.7886513e-05  -4.3534841e-06  -1.0009106e-06  -7.5979527e-07  1.0080850e-05  
3.0636616e-05  8.6269691e-07  -0.00023383395  0.00036513679  0.0000000   -6.2587752e-05  -9.7614355e-05  1.9142503e-07  -2.8786814e-07  2.9723266e-06  8.5771371e-06  3.0636616e-05  8.6269691e-07  -0.00023383395  0.00036513679  0.0000000   -6.2587752e-05  -9.7614355e-05  1.9142503e-07  -2.8786814e-07  2.9723266e-06  8.5771371e-06  
-0.00013369956  -6.7849008e-06  -2.9519539e-05  -5.7822699e-05  6.2587752e-05  0.0000000   0.0026848111  9.4262467e-05  4.1107972e-06  -4.0655500e-06  -2.7094769e-06  -0.00013369956  -6.7849008e-06  -2.9519539e-05  -5.7822699e-05  6.2587752e-05  0.0000000   0.0026848111  9.4262467e-05  4.1107972e-06  -4.0655500e-06  -2.7094769e-06  
-8.3701213e-06  -9.7585810e-07  -5.0992074e-05  9.7886513e-05  9.7614355e-05  -0.0026848111  0.0000000   4.5966782e-05  -9.0056815e-06  3.9924159e-06  -2.0114051e-05  -8.3701213e-06  -9.7585810e-07  -5.0992074e-05  9.7886513e-05  9.7614355e-05  -0.0026848111  0.0000000   4.5966782e-05  -9.0056815e-06  3.9924159e-06  -2.0114051e-05  
-1.0719115e-06  -4.3723933e-05  -1.8307270e-06  4.3534841e-06  -1.9142503e-07  -9.4262467e-05  -4.5966782e-05  0.0000000   0.00018359362  -0.00010455125  -1.0473741e-06  -1.0719115e-06  -4.3723933e-05  -1.8307270e-06  4.3534841e-06  -1.9142503e-07  -9.4262467e-05  -4.5966782e-05  0.0000000   0.00018359362  -0.00010455125  -1.0473741e-06  
-5.2581160e-07  5.2939416e-05  6.7767271e-07  1.0009106e-06  2.8786814e-07  -4.1107972e-06  9.0056815e-06  -0.00018359362  0.0000000   -0.0012006193  6.8041005e-07  -5.2581160e-07  5.2939416e-05  6.7767271e-07  1.0009106e-06  2.8786814e-07  -4.1107972e-06  9.0056815e-06  -0.00018359362  0.0000000   -0.0012006193  6.8041005e-07  
1.4682119e-06  9.0408757e-05  1.0693017e-06  7.5979527e-07  -2.9723266e-06  4.0655500e-06  -3.9924159e-06  0.00010455125  0.0012006193  0.0000000   -2.8397590e-06  1.4682119e-06  9.0408757e-05  1.0693017e-06  7.5979527e-07  -2.9723266e-06  4.0655500e-06  -3.9924159e-06  0.00010455125  0.0012006193  0.0000000   -2.8397590e-06  
-4.1275686e-05  6.8627846e-07  -8.3160473e-06  -1.0080850e-05  -8.5771371e-06  2.7094769e-06  2.0114051e-05  1.0473741e-06  -6.8041005e-07  2.8397590e-06  0.0000000   -4.1275686e-05  6.8627846e-07  -8.3160473e-06  -1.0080850e-05  -8.5771371e-06  2.7094769e-06  2.0114051e-05  1.0473741e-06  -6.8041005e-07  2.8397590e-06  0.0000000   
0.0000000   2.1304625e-06  0.00011186510  0.00013466839  -3.0636616e-05  0.00013369956  8.3701213e-06  1.0719115e-06  5.2581160e-07  -1.4682119e-06  4.1275686e-05  0.0000000   2.1304625e-06  0.00011186510  0.00013466839  -3.0636616e-05  0.00013369956  8.3701213e-06  1.0719115e-06  5.2581160e-07  -1.4682119e-06  4.1275686e-05  
-2.1304625e-06  0.0000000   -3.6985812e-06  -5.2305470e-06  -8.6269691e-07  6.7849008e-06  9.7585810e-07  4.3723933e-05  -5.2939416e-05  -9.0408757e-05  -6.8627846e-07  -2.1304625e-06  0.0000000   -3.6985812e-06  -5.2305470e-06  -8.6269691e-07  6.7849008e-06  9.7585810e-07  4.3723933e-05  -5.2939416e-05  -9.0408757e-05  -6.8627846e-07  
-0.00011186510  3.6985812e-06  0.0000000   0.00057135030  0.00023383395  2.9519539e-05  5.0992074e-05  1.8307270e-06  -6.7767271e-07  -1.0693017e-06  8.3160473e-06  -0.00011186510  3.6985812e-06  0.0000000   0.00057135030  0.00023383395  2.9519539e-05  5.0992074e-05  1.8307270e-06  -6.7767271e-07  -1.0693017e-06  8.3160473e-06  
-0.00013466839  5.2305470e-06  -0.00057135030  0.0000000   -0.00036513679  5.7822699e-05  -9.7886513e-05  -4.3534841e-06  -1.0009106e-06  -7.5979527e-07  1.0080850e-05  -0.00013466839  5.2305470e-06  -0.00057135030  0.0000000   -0.00036513679  5.7822699e-05  -9.7886513e-05  -4.3534841e-06  -1.0009106e-06  -7.5979527e-07  1.0080850e-05  
3.0636616e-05  8.6269691e-07  -0.00023383395  0.00036513679  0.0000000   -6.2587752e-05  -9.7614355e-05  1.9142503e-07  -2.8786814e-07  2.9723266e-06  8.5771371e-06  3.0636616e-05  8.6269691e-07  -0.00023383395  0.00036513679  0.0000000   -6.2587752e-05  -9.7614355e-05  1.9142503e-07  -2.8786814e-07  2.9723266e-06  8.5771371e-06  
-0.00013369956  -6.7849008e-06  -2.9519539e-05  -5.7822699e-05  6.2587752e-05  0.0000000   0.0026848111  9.4262467e-05  4.1107972e-06  -4.0655500e-06  -2.7094769e-06  -0.00013369956  -6.7849008e-06  -2.9519539e-05  -5.7822699e-05  6.2587752e-05  0.0000000   0.0026848111  9.4262467e-05  4.1107972e-06  -4.0655500e-06  -2.7094769e-06  
-8.3701213e-06  -9.7585810e-07  -5.0992074e-05  9.7886513e-05  9.7614355e-05  -0.0026848111  0.0000000   4.5966782e-05  -9.0056815e-06  3.9924159e-06  -2.0114051e-05  -8.3701213e-06  -9.7585810e-07  -5.0992074e-05  9.7886513e-05  9.7614355e-05  -0.0026848111  0.0000000   4.5966782e-05  -9.0056815e-06  3.9924159e-06  -2.0114051e-05  
-1.0719115e-06  -4.3723933e-05  -1.8307270e-06  4.3534841e-06  -1.9142503e-07  -9.4262467e-05  -4.5966782e-05  0.0000000   0.00018359362  -0.00010455125  -1.0473741e-06  -1.0719115e-06  -4.3723933e-05  -1.8307270e-06  4.3534841e-06  -1.9142503e-07  -9.4262467e-05  -4.5966782e-05  0.0000000   0.00018359362  -0.00010455125  -1.0473741e-06  
-5.2581160e-07  5.2939416e-05  6.7767271e-07  1.0009106e-06  2.8786814e-07  -4.1107972e-06  9.0056815e-06  -0.00018359362  0.0000000   -0.0012006193  6.8041005e-07  -5.2581160e-07  5.2939416e-05  6.7767271e-07  1.0009106e-06  2.8786814e-07  -4.1107972e-06  9.0056815e-06  -0.00018359362  0.0000000   -0.0012006193  6.8041005e-07  
1.4682119e-06  9.0408757e-05  1.0693017e-06  7.5979527e-07  -2.9723266e-06  4.0655500e-06  -3.9924159e-06  0.00010455125  0.0012006193  0.0000000   -2.8397590e-06  1.4682119e-06  9.0408757e-05  1.0693017e-06  7.5979527e-07  -2.9723266e-06  4.0655500e-06  -3.9924159e-06  0.00010455125  0.0012006193  0.0000000   -2.8397590e-06  
-4.1275686e-05  6.8627846e-07  -8.3160473e-06  -1.0080850e-05  -8.5771371e-06  2.7094769e-06  2.0114051e-05  1.0473741e-06  -6.8041005e-07  2.8397590e-06  0.0000000   -4.1275686e-05  6.8627846e-07  -8.3160473e-06  -1.0080850e-05  -8.5771371e-06  2.7094769e-06  2.0114051e-05  1.0473741e-06  -6.8041005e-07  2.8397590e-06  0.0000000   
