0.0000000   -5.8770555e-08  3.8570824e-05  -2.2191143e-07  -2.3622894e-07  2.4087773e-05  0.00010320513  -2.1111767e-08  -1.2648286e-05  6.7516762e-06  -1.3155976e-05  0.0000000   -5.8770555e-08  3.8570824e-05  -2.2191143e-07  -2.3622894e-07  2.4087773e-05  0.00010320513  -2.1111767e-08  -1.2648286e-05  6.7516762e-06  -1.3155976e-05  
5.8770555e-08  0.0000000   4.0217276e-07  -3.6539321e-06  2.2064167e-05  2.4970235e-07  1.1580480e-06  -1.5516605e-05  -1.1674978e-07  2.2980723e-07  1.6114011e-07  5.8770555e-08  0.0000000   4.0217276e-07  -3.6539321e-06  2.2064167e-05  2.4970235e-07  1.1580480e-06  -1.5516605e-05  -1.1674978e-07  2.2980723e-07  1.6114011e-07  
-3.8570824e-05  -4.0217276e-07  0.0000000   -2.4751664e-07  1.6906955e-07  -1.9881656e-06  -6.0120712e-06  -1.9456877e-07  -2.0607410e-05  2.6241256e-05  2.3153815e-05  -3.8570824e-05  -4.0217276e-07  0.0000000   -2.4751664e-07  1.6906955e-07  -1.9881656e-06  -6.0120712e-06  -1.9456877e-07  -2.0607410e-05  2.6241256e-05  2.3153815e-05  
2.2191143e-07  3.6539321e-06  2.4751664e-07  0.0000000   -0.00014130092  -3.3013420e-07  5.3732701e-07  3.8281612e-06  1.2267846e-07  -4.6205820e-07  -4.1535805e-08  2.2191143e-07  3.6539321e-06  2.4751664e-07  0.0000000   -0.00014130092  -3.3013420e-07  5.3732701e-07  3.8281612e-06  1.2267846e-07  -4.6205820e-07  -4.1535805e-08  
2.3622894e-07  -2.2064167e-05  -1.6906955e-07  0.00014130092  0.0000000   -9.3317429e-08  1.3079637e-06  5.6855729e-05  1.2177547e-06  -5.6799241e-07  -1.8852976e-08  2.3622894e-07  -2.2064167e-05  -1.6906955e-07  0.00014130092  0.0000000   -9.3317429e-08  1.3079637e-06  5.6855729e-05  1.2177547e-06  -5.6799241e-07  -1.8852976e-08  
-2.4087773e-05  -2.4970235e-07  1.9881656e-06  3.3013420e-07  9.3317429e-08  0.0000000   -0.00018352440  4.1495067e-07  -3.6418279e-05  -1.5433331e-05  5.2328090e-06  -2.4087773e-05  -2.4970235e-07  1.9881656e-06  3.3013420e-07  9.3317429e-08  0.0000000   -0.00018352440  4.1495067e-07  -3.6418279e-05  -1.5433331e-05  5.2328090e-06  
-0.00010320513  -1.1580480e-06  6.0120712e-06  -5.3732701e-07  -1.3079637e-06  0.00018352440  0.0000000   7.5151698e-07  1.9177208e-05  0.00032186139  -5.6438233e-06  -0.00010320513  -1.1580480e-06  6.0120712e-06  -5.3732701e-07  -1.3079637e-06  0.00018352440  0.0000000   7.5151698e-07  1.9177208e-05  0.00032186139  -5.6438233e-06  
2.1111767e-08  1.5516605e-05  1.9456877e-07  -3.8281612e-06  -5.6855729e-05  -4.1495067e-07  -7.5151698e-07  0.0000000   -3.0459543e-07  -1.1889129e-06  1.5567631e-07  2.1111767e-08  1.5516605e-05  1.9456877e-07  -3.8281612e-06  -5.6855729e-05  -4.1495067e-07  -7.5151698e-07  0.0000000   -3.0459543e-07  -1.1889129e-06  1.5567631e-07  
1.2648286e-05  1.1674978e-07  2.0607410e-05  -1.2267846e-07  -1.2177547e-06  3.6418279e-05  -1.9177208e-05  3.0459543e-07  0.0000000   0.00039453145  2.5135967e-06  1.2648286e-05  1.1674978e-07  2.0607410e-05  -1.2267846e-07  -1.2177547e-06  3.6418279e-05  -1.9177208e-05  3.0459543e-07  0.0000000   0.00039453145  2.5135967e-06  
-6.7516762e-06  -2.2980723e-07  -2.6241256e-05  4.6205820e-07  5.6799241e-07  1.5433331e-05  -0.00032186139  1.1889129e-06  -0.00039453145  0.0000000   -6.2157499e-05  -6.7516762e-06  -2.2980723e-07  -2.6241256e-05  4.6205820e-07  5.6799241e-07  1.5433331e-05  -0.00032186139  1.1889129e-06  -0.00039453145  0.0000000   -6.2157499e-05  
1.3155976e-05  -1.6114011e-07  -2.3153815e-05  4.1535805e-08  1.8852976e-08  -5.2328090e-06  5.6438233e-06  -1.5567631e-07  -2.5135967e-06  6.2157499e-05  0.0000000   1.3155976e-05  -1.6114011e-07  -2.3153815e-05  4.1535805e-08  1.8852976e-08  -5.2328090e-06  5.6438233e-06  -1.5567631e-07  -2.5135967e-06  6.2157499e-05  0.0000000   
0.0000000   -5.8770555e-08  3.8570824e-05  -2.2191143e-07  -2.3622894e-07  2.4087773e-05  0.00010320513  -2.1111767e-08  -1.2648286e-05  6.7516762e-06  -1.3155976e-05  0.0000000   -5.8770555e-08  3.8570824e-05  -2.2191143e-07  -2.3622894e-07  2.4087773e-05  0.00010320513  -2.1111767e-08  -1.2648286e-05  6.7516762e-06  -1.3155976e-05  
5.8770555e-08  0.0000000   4.0217276e-07  -3.6539321e-06  2.2064167e-05  2.4970235e-07  1.1580480e-06  -1.5516605e-05  -1.1674978e-07  2.2980723e-07  1.6114011e-07  5.8770555e-08  0.0000000   4.0217276e-07  -3.6539321e-06  2.2064167e-05  2.4970235e-07  1.1580480e-06  -1.5516605e-05  -1.1674978e-07  2.2980723e-07  1.6114011e-07  
-3.8570824e-05  -4.0217276e-07  0.0000000   -2.4751664e-07  1.6906955e-07  -1.9881656e-06  -6.0120712e-06  -1.9456877e-07  -2.0607410e-05  2.6241256e-05  2.3153815e-05  -3.8570824e-05  -4.0217276e-07  0.0000000   -2.4751664e-07  1.6906955e-07  -1.9881656e-06  -6.0120712e-06  -1.9456877e-07  -2.0607410e-05  2.6241256e-05  2.3153815e-05  
2.2191143e-07  3.6539321e-06  2.4751664e-07  0.0000000   -0.00014130092  -3.3013420e-07  5.3732701e-07  3.8281612e-06  1.2267846e-07  -4.6205820e-07  -4.1535805e-08  2.2191143e-07  3.6539321e-06  2.4751664e-07  0.0000000   -0.00014130092  -3.3013420e-07  5.3732701e-07  3.8281612e-06  1.2267846e-07  -4.6205820e-07  -4.1535805e-08  
2.3622894e-07  -2.2064167e-05  -1.6906955e-07  0.00014130092  0.0000000   -9.3317429e-08  1.3079637e-06  5.6855729e-05  1.2177547e-06  -5.6799241e-07  -1.8852976e-08  2.3622894e-07  -2.2064167e-05  -1.6906955e-07  0.00014130092  0.0000000   -9.3317429e-08  1.3079637e-06  5.6855729e-05  1.2177547e-06  -5.6799241e-07  -1.8852976e-08  
-2.4087773e-05  -2.4970235e-07  1.9881656e-06  3.3013420e-07  9.3317429e-08  0.0000000   -0.00018352440  4.1495067e-07  -3.6418279e-05  -1.5433331e-05  5.2328090e-06  -2.4087773e-05  -2.4970235e-07  1.9881656e-06  3.3013420e-07  9.3317429e-08  0.0000000   -0.00018352440  4.1495067e-07  -3.6418279e-05  -1.5433331e-05  5.2328090e-06  
-0.00010320513  -1.1580480e-06  6.0120712e-06  -5.3732701e-07  -1.3079637e-06  0.00018352440  0.0000000   7.5151698e-07  1.9177208e-05  0.00032186139  -5.6438233e-06  -0.00010320513  -1.1580480e-06  6.0120712e-06  -5.3732701e-07  -1.3079637e-06  0.00018352440  0.0000000   7.5151698e-07  1.9177208e-05  0.00032186139  -5.6438233e-06  
2.1111767e-08  1.5516605e-05  1.9456877e-07  -3.8281612e-06  -5.6855729e-05  -4.1495067e-07  -7.5151698e-07  0.0000000   -3.0459543e-07  -1.1889129e-06  1.5567631e-07  2.1111767e-08  1.5516605e-05  1.9456877e-07  -3.8281612e-06  -5.6855729e-05  -4.1495067e-07  -7.5151698e-07  0.0000000   -3.0459543e-07  -1.1889129e-06  1.5567631e-07  
1.2648286e-05  1.1674978e-07  2.0607410e-05  -1.2267846e-07  -1.2177547e-06  3.6418279e-05  -1.9177208e-05  3.0459543e-07  0.0000000   0.00039453145  2.5135967e-06  1.2648286e-05  1.1674978e-07  2.0607410e-05  -1.2267846e-07  -1.2177547e-06  3.6418279e-05  -1.9177208e-05  3.0459543e-07  0.0000000   0.00039453145  2.5135967e-06  
-6.7516762e-06  -2.2980723e-07  -2.6241256e-05  4.6205820e-07  5.6799241e-07  1.5433331e-05  -0.00032186139  1.1889129e-06  -0.00039453145  0.0000000   -6.2157499e-05  -6.7516762e-06  -2.2980723e-07  -2.6241256e-05  4.6205820e-07  5.6799241e-07  1.5433331e-05  -0.00032186139  1.1889129e-06  -0.00039453145  0.0000000   -6.2157499e-05  
1.3155976e-05  -1.6114011e-07  -2.3153815e-05  4.1535805e-08  1.8852976e-08  -5.2328090e-06  5.6438233e-06  -1.5567631e-07  -2.5135967e-06  6.2157499e-05  0.0000000   1.3155976e-05  -1.6114011e-07  -2.3153815e-05  4.1535805e-08  1.8852976e-08  -5.2328090e-06  5.6438233e-06  -1.5567631e-07  -2.5135967e-06  6.2157499e-05  0.0000000   
