0.0000000   -0.0066948274  6.2462601e-06  9.3216405e-06  2.0510857e-05  -8.6384811e-05  -0.00012543410  5.5549983e-07  -1.5193386e-06  -7.5358074e-06  7.9726507e-06  0.0000000   -0.0066948274  6.2462601e-06  9.3216405e-06  2.0510857e-05  -8.6384811e-05  -0.00012543410  5.5549983e-07  -1.5193386e-06  -7.5358074e-06  7.9726507e-06  
0.0066948274  0.0000000   -7.0338328e-07  -2.3647137e-06  9.8195728e-06  7.7237951e-05  -1.8168081e-05  -3.7996648e-06  1.2059353e-06  -1.5718394e-07  1.5561420e-05  0.0066948274  0.0000000   -7.0338328e-07  -2.3647137e-06  9.8195728e-06  7.7237951e-05  -1.8168081e-05  -3.7996648e-06  1.2059353e-06  -1.5718394e-07  1.5561420e-05  
-6.2462601e-06  7.0338328e-07  0.0000000   0.00047424097  -5.3678777e-07  -4.9691744e-07  -1.0948982e-06  6.0226681e-05  6.0396245e-05  -1.1200513e-07  -8.5874376e-07  -6.2462601e-06  7.0338328e-07  0.0000000   0.00047424097  -5.3678777e-07  -4.9691744e-07  -1.0948982e-06  6.0226681e-05  6.0396245e-05  -1.1200513e-07  -8.5874376e-07  
-9.3216405e-06  2.3647137e-06  -0.00047424097  0.0000000   2.6579881e-07  -3.3321131e-06  -1.1096925e-06  -3.4163659e-05  0.00012952187  -8.5780818e-07  -6.9081565e-08  -9.3216405e-06  2.3647137e-06  -0.00047424097  0.0000000   2.6579881e-07  -3.3321131e-06  -1.1096925e-06  -3.4163659e-05  0.00012952187  -8.5780818e-07  -6.9081565e-08  
-2.0510857e-05  -9.8195728e-06  5.3678777e-07  -2.6579881e-07  0.0000000   0.00015613637  9.8988086e-05  1.0079142e-06  -1.6299057e-07  7.5844485e-05  0.00011402124  -2.0510857e-05  -9.8195728e-06  5.3678777e-07  -2.6579881e-07  0.0000000   0.00015613637  9.8988086e-05  1.0079142e-06  -1.6299057e-07  7.5844485e-05  0.00011402124  
8.6384811e-05  -7.7237951e-05  4.9691744e-07  3.3321131e-06  -0.00015613637  0.0000000   0.0016561254  5.9871066e-06  6.1637080e-06  -6.7437234e-05  -2.8185669e-05  8.6384811e-05  -7.7237951e-05  4.9691744e-07  3.3321131e-06  -0.00015613637  0.0000000   0.0016561254  5.9871066e-06  6.1637080e-06  -6.7437234e-05  -2.8185669e-05  
0.00012543410  1.8168081e-05  1.0948982e-06  1.1096925e-06  -9.8988086e-05  -0.0016561254  0.0000000   -1.1415467e-05  -6.2899708e-06  0.00012074825  1.9880443e-05  0.00012543410  1.8168081e-05  1.0948982e-06  1.1096925e-06  -9.8988086e-05  -0.0016561254  0.0000000   -1.1415467e-05  -6.2899708e-06  0.00012074825  1.9880443e-05  
-5.5549983e-07  3.7996648e-06  -6.0226681e-05  3.4163659e-05  -1.0079142e-06  -5.9871066e-06  1.1415467e-05  0.0000000   -0.00025747818  -1.8734739e-06  2.1996129e-07  -5.5549983e-07  3.7996648e-06  -6.0226681e-05  3.4163659e-05  -1.0079142e-06  -5.9871066e-06  1.1415467e-05  0.0000000   -0.00025747818  -1.8734739e-06  2.1996129e-07  
1.5193386e-06  -1.2059353e-06  -6.0396245e-05  -0.00012952187  1.6299057e-07  -6.1637080e-06  6.2899708e-06  0.00025747818  0.0000000   3.3815043e-07  3.1364008e-06  1.5193386e-06  -1.2059353e-06  -6.0396245e-05  -0.00012952187  1.6299057e-07  -6.1637080e-06  6.2899708e-06  0.00025747818  0.0000000   3.3815043e-07  3.1364008e-06  
7.5358074e-06  1.5718394e-07  1.1200513e-07  8.5780818e-07  -7.5844485e-05  6.7437234e-05  -0.00012074825  1.8734739e-06  -3.3815043e-07  0.0000000   -0.00040971454  7.5358074e-06  1.5718394e-07  1.1200513e-07  8.5780818e-07  -7.5844485e-05  6.7437234e-05  -0.00012074825  1.8734739e-06  -3.3815043e-07  0.0000000   -0.00040971454  
-7.9726507e-06  -1.5561420e-05  8.5874376e-07  6.9081565e-08  -0.00011402124  2.8185669e-05  -1.9880443e-05  -2.1996129e-07  -3.1364008e-06  0.00040971454  0.0000000   -7.9726507e-06  -1.5561420e-05  8.5874376e-07  6.9081565e-08  -0.00011402124  2.8185669e-05  -1.9880443e-05  -2.1996129e-07  -3.1364008e-06  0.00040971454  0.0000000   
0.0000000   -0.0066948274  6.2462601e-06  9.3216405e-06  2.0510857e-05  -8.6384811e-05  -0.00012543410  5.5549983e-07  -1.5193386e-06  -7.5358074e-06  7.9726507e-06  0.0000000   -0.0066948274  6.2462601e-06  9.3216405e-06  2.0510857e-05  -8.6384811e-05  -0.00012543410  5.5549983e-07  -1.5193386e-06  -7.5358074e-06  7.9726507e-06  
0.0066948274  0.0000000   -7.0338328e-07  -2.3647137e-06  9.8195728e-06  7.7237951e-05  -1.8168081e-05  -3.7996648e-06  1.2059353e-06  -1.5718394e-07  1.5561420e-05  0.0066948274  0.0000000   -7.0338328e-07  -2.3647137e-06  9.8195728e-06  7.7237951e-05  -1.8168081e-05  -3.7996648e-06  1.2059353e-06  -1.5718394e-07  1.5561420e-05  
-6.2462601e-06  7.0338328e-07  0.0000000   0.00047424097  -5.3678777e-07  -4.9691744e-07  -1.0948982e-06  6.0226681e-05  6.0396245e-05  -1.1200513e-07  -8.5874376e-07  -6.2462601e-06  7.0338328e-07  0.0000000   0.00047424097  -5.3678777e-07  -4.9691744e-07  -1.0948982e-06  6.0226681e-05  6.0396245e-05  -1.1200513e-07  -8.5874376e-07  
-9.3216405e-06  2.3647137e-06  -0.00047424097  0.0000000   2.6579881e-07  -3.3321131e-06  -1.1096925e-06  -3.4163659e-05  0.00012952187  -8.5780818e-07  -6.9081565e-08  -9.3216405e-06  2.3647137e-06  -0.00047424097  0.0000000   2.6579881e-07  -3.3321131e-06  -1.1096925e-06  -3.4163659e-05  0.00012952187  -8.5780818e-07  -6.9081565e-08  
-2.0510857e-05  -9.8195728e-06  5.3678777e-07  -2.6579881e-07  0.0000000   0.00015613637  9.8988086e-05  1.0079142e-06  -1.6299057e-07  7.5844485e-05  0.00011402124  -2.0510857e-05  -9.8195728e-06  5.3678777e-07  -2.6579881e-07  0.0000000   0.00015613637  9.8988086e-05  1.0079142e-06  -1.6299057e-07  7.5844485e-05  0.00011402124  
8.6384811e-05  -7.7237951e-05  4.9691744e-07  3.3321131e-06  -0.00015613637  0.0000000   0.0016561254  5.9871066e-06  6.1637080e-06  -6.7437234e-05  -2.8185669e-05  8.6384811e-05  -7.7237951e-05  4.9691744e-07  3.3321131e-06  -0.00015613637  0.0000000   0.0016561254  5.9871066e-06  6.1637080e-06  -6.7437234e-05  -2.8185669e-05  
0.00012543410  1.8168081e-05  1.0948982e-06  1.1096925e-06  -9.8988086e-05  -0.0016561254  0.0000000   -1.1415467e-05  -6.2899708e-06  0.00012074825  1.9880443e-05  0.00012543410  1.8168081e-05  1.0948982e-06  1.1096925e-06  -9.8988086e-05  -0.0016561254  0.0000000   -1.1415467e-05  -6.2899708e-06  0.00012074825  1.9880443e-05  
-5.5549983e-07  3.7996648e-06  -6.0226681e-05  3.4163659e-05  -1.0079142e-06  -5.9871066e-06  1.1415467e-05  0.0000000   -0.00025747818  -1.8734739e-06  2.1996129e-07  -5.5549983e-07  3.7996648e-06  -6.0226681e-05  3.4163659e-05  -1.0079142e-06  -5.9871066e-06  1.1415467e-05  0.0000000   -0.00025747818  -1.8734739e-06  2.1996129e-07  
1.5193386e-06  -1.2059353e-06  -6.0396245e-05  -0.00012952187  1.6299057e-07  -6.1637080e-06  6.2899708e-06  0.00025747818  0.0000000   3.3815043e-07  3.1364008e-06  1.5193386e-06  -1.2059353e-06  -6.0396245e-05  -0.00012952187  1.6299057e-07  -6.1637080e-06  6.2899708e-06  0.00025747818  0.0000000   3.3815043e-07  3.1364008e-06  
7.5358074e-06  1.5718394e-07  1.1200513e-07  8.5780818e-07  -7.5844485e-05  6.7437234e-05  -0.00012074825  1.8734739e-06  -3.3815043e-07  0.0000000   -0.00040971454  7.5358074e-06  1.5718394e-07  1.1200513e-07  8.5780818e-07  -7.5844485e-05  6.7437234e-05  -0.00012074825  1.8734739e-06  -3.3815043e-07  0.0000000   -0.00040971454  
-7.9726507e-06  -1.5561420e-05  8.5874376e-07  6.9081565e-08  -0.00011402124  2.8185669e-05  -1.9880443e-05  -2.1996129e-07  -3.1364008e-06  0.00040971454  0.0000000   -7.9726507e-06  -1.5561420e-05  8.5874376e-07  6.9081565e-08  -0.00011402124  2.8185669e-05  -1.9880443e-05  -2.1996129e-07  -3.1364008e-06  0.00040971454  0.0000000   
