0.0000000   0.018870911  -7.2710718e-05  -6.7328237e-06  4.9684320e-05  1.3555966e-05  4.0034381e-05  5.0756039e-06  8.5079078e-06  -2.6614106e-06  -1.0244270e-05  0.0000000   0.018870911  -7.2710718e-05  -6.7328237e-06  4.9684320e-05  1.3555966e-05  4.0034381e-05  5.0756039e-06  8.5079078e-06  -2.6614106e-06  -1.0244270e-05  
-0.018870911  0.0000000   -7.1115784e-06  2.3565885e-05  -2.3764858e-05  0.00015677948  3.0277396e-05  -2.2725099e-05  -5.3572727e-06  -5.5360431e-06  2.6974589e-05  -0.018870911  0.0000000   -7.1115784e-06  2.3565885e-05  -2.3764858e-05  0.00015677948  3.0277396e-05  -2.2725099e-05  -5.3572727e-06  -5.5360431e-06  2.6974589e-05  
7.2710718e-05  7.1115784e-06  0.0000000   -1.1133128e-07  1.9959935e-06  1.0889648e-07  1.0760970e-05  -2.9652717e-05  -0.00012621965  2.1365616e-05  -5.2935461e-07  7.2710718e-05  7.1115784e-06  0.0000000   -1.1133128e-07  1.9959935e-06  1.0889648e-07  1.0760970e-05  -2.9652717e-05  -0.00012621965  2.1365616e-05  -5.2935461e-07  
6.7328237e-06  -2.3565885e-05  1.1133128e-07  0.0000000   0.00022711732  8.1542049e-05  -2.1201183e-07  1.6694608e-06  1.6657753e-06  6.1079332e-07  7.7930755e-06  6.7328237e-06  -2.3565885e-05  1.1133128e-07  0.0000000   0.00022711732  8.1542049e-05  -2.1201183e-07  1.6694608e-06  1.6657753e-06  6.1079332e-07  7.7930755e-06  
-4.9684320e-05  2.3764858e-05  -1.9959935e-06  -0.00022711732  0.0000000   6.1954929e-05  3.5935923e-06  -4.7481844e-07  -2.2734564e-07  1.1751474e-06  4.9184789e-05  -4.9684320e-05  2.3764858e-05  -1.9959935e-06  -0.00022711732  0.0000000   6.1954929e-05  3.5935923e-06  -4.7481844e-07  -2.2734564e-07  1.1751474e-06  4.9184789e-05  
-1.3555966e-05  -0.00015677948  -1.0889648e-07  -8.1542049e-05  -6.1954929e-05  0.0000000   -8.3789626e-06  2.3681116e-06  -3.9349005e-07  8.8984183e-07  3.1207067e-06  -1.3555966e-05  -0.00015677948  -1.0889648e-07  -8.1542049e-05  -6.1954929e-05  0.0000000   -8.3789626e-06  2.3681116e-06  -3.9349005e-07  8.8984183e-07  3.1207067e-06  
-4.0034381e-05  -3.0277396e-05  -1.0760970e-05  2.1201183e-07  -3.5935923e-06  8.3789626e-06  0.0000000   0.0011020540  -5.1294408e-06  -1.5335004e-05  -3.2346813e-08  -4.0034381e-05  -3.0277396e-05  -1.0760970e-05  2.1201183e-07  -3.5935923e-06  8.3789626e-06  0.0000000   0.0011020540  -5.1294408e-06  -1.5335004e-05  -3.2346813e-08  
-5.0756039e-06  2.2725099e-05  2.9652717e-05  -1.6694608e-06  4.7481844e-07  -2.3681116e-06  -0.0011020540  0.0000000   -1.3772985e-05  7.6735350e-05  1.5664418e-07  -5.0756039e-06  2.2725099e-05  2.9652717e-05  -1.6694608e-06  4.7481844e-07  -2.3681116e-06  -0.0011020540  0.0000000   -1.3772985e-05  7.6735350e-05  1.5664418e-07  
-8.5079078e-06  5.3572727e-06  0.00012621965  -1.6657753e-06  2.2734564e-07  3.9349005e-07  5.1294408e-06  1.3772985e-05  0.0000000   -0.00017414713  1.8012394e-07  -8.5079078e-06  5.3572727e-06  0.00012621965  -1.6657753e-06  2.2734564e-07  3.9349005e-07  5.1294408e-06  1.3772985e-05  0.0000000   -0.00017414713  1.8012394e-07  
2.6614106e-06  5.5360431e-06  -2.1365616e-05  -6.1079332e-07  -1.1751474e-06  -8.8984183e-07  1.5335004e-05  -7.6735350e-05  0.00017414713  0.0000000   -1.7941203e-11  2.6614106e-06  5.5360431e-06  -2.1365616e-05  -6.1079332e-07  -1.1751474e-06  -8.8984183e-07  1.5335004e-05  -7.6735350e-05  0.00017414713  0.0000000   -1.7941203e-11  
1.0244270e-05  -2.6974589e-05  5.2935461e-07  -7.7930755e-06  -4.9184789e-05  -3.1207067e-06  3.2346813e-08  -1.5664418e-07  -1.8012394e-07  1.7941203e-11  0.0000000   1.0244270e-05  -2.6974589e-05  5.2935461e-07  -7.7930755e-06  -4.9184789e-05  -3.1207067e-06  3.2346813e-08  -1.5664418e-07  -1.8012394e-07  1.7941203e-11  0.0000000   
0.0000000   0.018870911  -7.2710718e-05  -6.7328237e-06  4.9684320e-05  1.3555966e-05  4.0034381e-05  5.0756039e-06  8.5079078e-06  -2.6614106e-06  -1.0244270e-05  0.0000000   0.018870911  -7.2710718e-05  -6.7328237e-06  4.9684320e-05  1.3555966e-05  4.0034381e-05  5.0756039e-06  8.5079078e-06  -2.6614106e-06  -1.0244270e-05  
-0.018870911  0.0000000   -7.1115784e-06  2.3565885e-05  -2.3764858e-05  0.00015677948  3.0277396e-05  -2.2725099e-05  -5.3572727e-06  -5.5360431e-06  2.6974589e-05  -0.018870911  0.0000000   -7.1115784e-06  2.3565885e-05  -2.3764858e-05  0.00015677948  3.0277396e-05  -2.2725099e-05  -5.3572727e-06  -5.5360431e-06  2.6974589e-05  
7.2710718e-05  7.1115784e-06  0.0000000   -1.1133128e-07  1.9959935e-06  1.0889648e-07  1.0760970e-05  -2.9652717e-05  -0.00012621965  2.1365616e-05  -5.2935461e-07  7.2710718e-05  7.1115784e-06  0.0000000   -1.1133128e-07  1.9959935e-06  1.0889648e-07  1.0760970e-05  -2.9652717e-05  -0.00012621965  2.1365616e-05  -5.2935461e-07  
6.7328237e-06  -2.3565885e-05  1.1133128e-07  0.0000000   0.00022711732  8.1542049e-05  -2.1201183e-07  1.6694608e-06  1.6657753e-06  6.1079332e-07  7.7930755e-06  6.7328237e-06  -2.3565885e-05  1.1133128e-07  0.0000000   0.00022711732  8.1542049e-05  -2.1201183e-07  1.6694608e-06  1.6657753e-06  6.1079332e-07  7.7930755e-06  
-4.9684320e-05  2.3764858e-05  -1.9959935e-06  -0.00022711732  0.0000000   6.1954929e-05  3.5935923e-06  -4.7481844e-07  -2.2734564e-07  1.1751474e-06  4.9184789e-05  -4.9684320e-05  2.3764858e-05  -1.9959935e-06  -0.00022711732  0.0000000   6.1954929e-05  3.5935923e-06  -4.7481844e-07  -2.2734564e-07  1.1751474e-06  4.9184789e-05  
-1.3555966e-05  -0.00015677948  -1.0889648e-07  -8.1542049e-05  -6.1954929e-05  0.0000000   -8.3789626e-06  2.3681116e-06  -3.9349005e-07  8.8984183e-07  3.1207067e-06  -1.3555966e-05  -0.00015677948  -1.0889648e-07  -8.1542049e-05  -6.1954929e-05  0.0000000   -8.3789626e-06  2.3681116e-06  -3.9349005e-07  8.8984183e-07  3.1207067e-06  
-4.0034381e-05  -3.0277396e-05  -1.0760970e-05  2.1201183e-07  -3.5935923e-06  8.3789626e-06  0.0000000   0.0011020540  -5.1294408e-06  -1.5335004e-05  -3.2346813e-08  -4.0034381e-05  -3.0277396e-05  -1.0760970e-05  2.1201183e-07  -3.5935923e-06  8.3789626e-06  0.0000000   0.0011020540  -5.1294408e-06  -1.5335004e-05  -3.2346813e-08  
-5.0756039e-06  2.2725099e-05  2.9652717e-05  -1.6694608e-06  4.7481844e-07  -2.3681116e-06  -0.0011020540  0.0000000   -1.3772985e-05  7.6735350e-05  1.5664418e-07  -5.0756039e-06  2.2725099e-05  2.9652717e-05  -1.6694608e-06  4.7481844e-07  -2.3681116e-06  -0.0011020540  0.0000000   -1.3772985e-05  7.6735350e-05  1.5664418e-07  
-8.5079078e-06  5.3572727e-06  0.00012621965  -1.6657753e-06  2.2734564e-07  3.9349005e-07  5.1294408e-06  1.3772985e-05  0.0000000   -0.00017414713  1.8012394e-07  -8.5079078e-06  5.3572727e-06  0.00012621965  -1.6657753e-06  2.2734564e-07  3.9349005e-07  5.1294408e-06  1.3772985e-05  0.0000000   -0.00017414713  1.8012394e-07  
2.6614106e-06  5.5360431e-06  -2.1365616e-05  -6.1079332e-07  -1.1751474e-06  -8.8984183e-07  1.5335004e-05  -7.6735350e-05  0.00017414713  0.0000000   -1.7941203e-11  2.6614106e-06  5.5360431e-06  -2.1365616e-05  -6.1079332e-07  -1.1751474e-06  -8.8984183e-07  1.5335004e-05  -7.6735350e-05  0.00017414713  0.0000000   -1.7941203e-11  
1.0244270e-05  -2.6974589e-05  5.2935461e-07  -7.7930755e-06  -4.9184789e-05  -3.1207067e-06  3.2346813e-08  -1.5664418e-07  -1.8012394e-07  1.7941203e-11  0.0000000   1.0244270e-05  -2.6974589e-05  5.2935461e-07  -7.7930755e-06  -4.9184789e-05  -3.1207067e-06  3.2346813e-08  -1.5664418e-07  -1.8012394e-07  1.7941203e-11  0.0000000   
