0.0000000   -8.1980772e-05  6.5802792e-07  -2.7766998e-07  4.8256568e-06  3.0658015e-06  2.5652201e-07  -5.3386796e-07  1.1567535e-06  -5.9512676e-07  3.3160020e-05  0.0000000   -8.1980772e-05  6.5802792e-07  -2.7766998e-07  4.8256568e-06  3.0658015e-06  2.5652201e-07  -5.3386796e-07  1.1567535e-06  -5.9512676e-07  3.3160020e-05  
8.1980772e-05  0.0000000   1.8754272e-07  1.7119367e-07  -4.1926047e-05  1.8515362e-06  -2.8087865e-06  1.4504780e-06  1.6635376e-06  6.2434897e-07  -3.4188217e-06  8.1980772e-05  0.0000000   1.8754272e-07  1.7119367e-07  -4.1926047e-05  1.8515362e-06  -2.8087865e-06  1.4504780e-06  1.6635376e-06  6.2434897e-07  -3.4188217e-06  
-6.5802792e-07  -1.8754272e-07  0.0000000   -0.00011760127  -1.4414002e-09  -3.7978340e-06  -7.7589950e-06  -3.9898135e-05  -1.5514690e-05  -9.5420655e-05  -7.4066940e-07  -6.5802792e-07  -1.8754272e-07  0.0000000   -0.00011760127  -1.4414002e-09  -3.7978340e-06  -7.7589950e-06  -3.9898135e-05  -1.5514690e-05  -9.5420655e-05  -7.4066940e-07  
2.7766998e-07  -1.7119367e-07  0.00011760127  0.0000000   -1.9744907e-07  8.9872124e-05  -4.6163752e-05  -4.5538145e-05  -9.7706784e-05  -2.9919295e-05  4.6092067e-07  2.7766998e-07  -1.7119367e-07  0.00011760127  0.0000000   -1.9744907e-07  8.9872124e-05  -4.6163752e-05  -4.5538145e-05  -9.7706784e-05  -2.9919295e-05  4.6092067e-07  
-4.8256568e-06  4.1926047e-05  1.4414002e-09  1.9744907e-07  0.0000000   3.7619886e-07  -1.8418651e-06  1.6239716e-06  -2.1745791e-06  1.8053043e-06  -6.9714859e-05  -4.8256568e-06  4.1926047e-05  1.4414002e-09  1.9744907e-07  0.0000000   3.7619886e-07  -1.8418651e-06  1.6239716e-06  -2.1745791e-06  1.8053043e-06  -6.9714859e-05  
-3.0658015e-06  -1.8515362e-06  3.7978340e-06  -8.9872124e-05  -3.7619886e-07  0.0000000   -0.00084863228  0.00059968990  -4.6294033e-05  0.00013839929  -1.7519598e-06  -3.0658015e-06  -1.8515362e-06  3.7978340e-06  -8.9872124e-05  -3.7619886e-07  0.0000000   -0.00084863228  0.00059968990  -4.6294033e-05  0.00013839929  -1.7519598e-06  
-2.5652201e-07  2.8087865e-06  7.7589950e-06  4.6163752e-05  1.8418651e-06  0.00084863228  0.0000000   -7.7810533e-05  0.00023757848  -1.2684841e-05  -2.6455251e-07  -2.5652201e-07  2.8087865e-06  7.7589950e-06  4.6163752e-05  1.8418651e-06  0.00084863228  0.0000000   -7.7810533e-05  0.00023757848  -1.2684841e-05  -2.6455251e-07  
5.3386796e-07  -1.4504780e-06  3.9898135e-05  4.5538145e-05  -1.6239716e-06  -0.00059968990  7.7810533e-05  0.0000000   0.00040705477  -1.6600358e-05  -2.5515243e-07  5.3386796e-07  -1.4504780e-06  3.9898135e-05  4.5538145e-05  -1.6239716e-06  -0.00059968990  7.7810533e-05  0.0000000   0.00040705477  -1.6600358e-05  -2.5515243e-07  
-1.1567535e-06  -1.6635376e-06  1.5514690e-05  9.7706784e-05  2.1745791e-06  4.6294033e-05  -0.00023757848  -0.00040705477  0.0000000   0.0040225886  -3.2549195e-05  -1.1567535e-06  -1.6635376e-06  1.5514690e-05  9.7706784e-05  2.1745791e-06  4.6294033e-05  -0.00023757848  -0.00040705477  0.0000000   0.0040225886  -3.2549195e-05  
5.9512676e-07  -6.2434897e-07  9.5420655e-05  2.9919295e-05  -1.8053043e-06  -0.00013839929  1.2684841e-05  1.6600358e-05  -0.0040225886  0.0000000   6.0929368e-06  5.9512676e-07  -6.2434897e-07  9.5420655e-05  2.9919295e-05  -1.8053043e-06  -0.00013839929  1.2684841e-05  1.6600358e-05  -0.0040225886  0.0000000   6.0929368e-06  
-3.3160020e-05  3.4188217e-06  7.4066940e-07  -4.6092067e-07  6.9714859e-05  1.7519598e-06  2.6455251e-07  2.5515243e-07  3.2549195e-05  -6.0929368e-06  0.0000000   -3.3160020e-05  3.4188217e-06  7.4066940e-07  -4.6092067e-07  6.9714859e-05  1.7519598e-06  2.6455251e-07  2.5515243e-07  3.2549195e-05  -6.0929368e-06  0.0000000   
0.0000000   -8.1980772e-05  6.5802792e-07  -2.7766998e-07  4.8256568e-06  3.0658015e-06  2.5652201e-07  -5.3386796e-07  1.1567535e-06  -5.9512676e-07  3.3160020e-05  0.0000000   -8.1980772e-05  6.5802792e-07  -2.7766998e-07  4.8256568e-06  3.0658015e-06  2.5652201e-07  -5.3386796e-07  1.1567535e-06  -5.9512676e-07  3.3160020e-05  
8.1980772e-05  0.0000000   1.8754272e-07  1.7119367e-07  -4.1926047e-05  1.8515362e-06  -2.8087865e-06  1.4504780e-06  1.6635376e-06  6.2434897e-07  -3.4188217e-06  8.1980772e-05  0.0000000   1.8754272e-07  1.7119367e-07  -4.1926047e-05  1.8515362e-06  -2.8087865e-06  1.4504780e-06  1.6635376e-06  6.2434897e-07  -3.4188217e-06  
-6.5802792e-07  -1.8754272e-07  0.0000000   -0.00011760127  -1.4414002e-09  -3.7978340e-06  -7.7589950e-06  -3.9898135e-05  -1.5514690e-05  -9.5420655e-05  -7.4066940e-07  -6.5802792e-07  -1.8754272e-07  0.0000000   -0.00011760127  -1.4414002e-09  -3.7978340e-06  -7.7589950e-06  -3.9898135e-05  -1.5514690e-05  -9.5420655e-05  -7.4066940e-07  
2.7766998e-07  -1.7119367e-07  0.00011760127  0.0000000   -1.9744907e-07  8.9872124e-05  -4.6163752e-05  -4.5538145e-05  -9.7706784e-05  -2.9919295e-05  4.6092067e-07  2.7766998e-07  -1.7119367e-07  0.00011760127  0.0000000   -1.9744907e-07  8.9872124e-05  -4.6163752e-05  -4.5538145e-05  -9.7706784e-05  -2.9919295e-05  4.6092067e-07  
-4.8256568e-06  4.1926047e-05  1.4414002e-09  1.9744907e-07  0.0000000   3.7619886e-07  -1.8418651e-06  1.6239716e-06  -2.1745791e-06  1.8053043e-06  -6.9714859e-05  -4.8256568e-06  4.1926047e-05  1.4414002e-09  1.9744907e-07  0.0000000   3.7619886e-07  -1.8418651e-06  1.6239716e-06  -2.1745791e-06  1.8053043e-06  -6.9714859e-05  
-3.0658015e-06  -1.8515362e-06  3.7978340e-06  -8.9872124e-05  -3.7619886e-07  0.0000000   -0.00084863228  0.00059968990  -4.6294033e-05  0.00013839929  -1.7519598e-06  -3.0658015e-06  -1.8515362e-06  3.7978340e-06  -8.9872124e-05  -3.7619886e-07  0.0000000   -0.00084863228  0.00059968990  -4.6294033e-05  0.00013839929  -1.7519598e-06  
-2.5652201e-07  2.8087865e-06  7.7589950e-06  4.6163752e-05  1.8418651e-06  0.00084863228  0.0000000   -7.7810533e-05  0.00023757848  -1.2684841e-05  -2.6455251e-07  -2.5652201e-07  2.8087865e-06  7.7589950e-06  4.6163752e-05  1.8418651e-06  0.00084863228  0.0000000   -7.7810533e-05  0.00023757848  -1.2684841e-05  -2.6455251e-07  
5.3386796e-07  -1.4504780e-06  3.9898135e-05  4.5538145e-05  -1.6239716e-06  -0.00059968990  7.7810533e-05  0.0000000   0.00040705477  -1.6600358e-05  -2.5515243e-07  5.3386796e-07  -1.4504780e-06  3.9898135e-05  4.5538145e-05  -1.6239716e-06  -0.00059968990  7.7810533e-05  0.0000000   0.00040705477  -1.6600358e-05  -2.5515243e-07  
-1.1567535e-06  -1.6635376e-06  1.5514690e-05  9.7706784e-05  2.1745791e-06  4.6294033e-05  -0.00023757848  -0.00040705477  0.0000000   0.0040225886  -3.2549195e-05  -1.1567535e-06  -1.6635376e-06  1.5514690e-05  9.7706784e-05  2.1745791e-06  4.6294033e-05  -0.00023757848  -0.00040705477  0.0000000   0.0040225886  -3.2549195e-05  
5.9512676e-07  -6.2434897e-07  9.5420655e-05  2.9919295e-05  -1.8053043e-06  -0.00013839929  1.2684841e-05  1.6600358e-05  -0.0040225886  0.0000000   6.0929368e-06  5.9512676e-07  -6.2434897e-07  9.5420655e-05  2.9919295e-05  -1.8053043e-06  -0.00013839929  1.2684841e-05  1.6600358e-05  -0.0040225886  0.0000000   6.0929368e-06  
-3.3160020e-05  3.4188217e-06  7.4066940e-07  -4.6092067e-07  6.9714859e-05  1.7519598e-06  2.6455251e-07  2.5515243e-07  3.2549195e-05  -6.0929368e-06  0.0000000   -3.3160020e-05  3.4188217e-06  7.4066940e-07  -4.6092067e-07  6.9714859e-05  1.7519598e-06  2.6455251e-07  2.5515243e-07  3.2549195e-05  -6.0929368e-06  0.0000000   
