0.0000000   -9.1774552e-07  0.00016671213  -6.7102616e-07  -1.7547491e-05  -9.0072461e-05  2.6265943e-07  -2.1632258e-05  7.1953787e-06  -1.0973334e-07  -3.8228804e-07  0.0000000   -9.1774552e-07  0.00016671213  -6.7102616e-07  -1.7547491e-05  -9.0072461e-05  2.6265943e-07  -2.1632258e-05  7.1953787e-06  -1.0973334e-07  -3.8228804e-07  
9.1774552e-07  0.0000000   1.0689306e-06  7.1566157e-05  -6.9764276e-07  -8.3895272e-07  -9.7443481e-05  2.8499405e-07  1.2462669e-07  -1.6692325e-05  -7.5886203e-06  9.1774552e-07  0.0000000   1.0689306e-06  7.1566157e-05  -6.9764276e-07  -8.3895272e-07  -9.7443481e-05  2.8499405e-07  1.2462669e-07  -1.6692325e-05  -7.5886203e-06  
-0.00016671213  -1.0689306e-06  0.0000000   1.5514116e-07  2.0616862e-05  7.3590726e-05  2.0202480e-07  3.1601630e-05  1.9623839e-05  4.8939694e-07  3.7811977e-07  -0.00016671213  -1.0689306e-06  0.0000000   1.5514116e-07  2.0616862e-05  7.3590726e-05  2.0202480e-07  3.1601630e-05  1.9623839e-05  4.8939694e-07  3.7811977e-07  
6.7102616e-07  -7.1566157e-05  -1.5514116e-07  0.0000000   3.4932439e-07  1.3781712e-06  1.3573815e-05  -1.9646292e-07  -4.6507612e-07  -1.7704348e-05  -8.7059986e-06  6.7102616e-07  -7.1566157e-05  -1.5514116e-07  0.0000000   3.4932439e-07  1.3781712e-06  1.3573815e-05  -1.9646292e-07  -4.6507612e-07  -1.7704348e-05  -8.7059986e-06  
1.7547491e-05  6.9764276e-07  -2.0616862e-05  -3.4932439e-07  0.0000000   -0.00011498692  -1.1616638e-06  -0.00011558725  -9.4270833e-06  -1.0095398e-06  -1.4087088e-07  1.7547491e-05  6.9764276e-07  -2.0616862e-05  -3.4932439e-07  0.0000000   -0.00011498692  -1.1616638e-06  -0.00011558725  -9.4270833e-06  -1.0095398e-06  -1.4087088e-07  
9.0072461e-05  8.3895272e-07  -7.3590726e-05  -1.3781712e-06  0.00011498692  0.0000000   -1.2825015e-06  -0.00010729520  0.00025594331  4.3503849e-07  3.4050106e-08  9.0072461e-05  8.3895272e-07  -7.3590726e-05  -1.3781712e-06  0.00011498692  0.0000000   -1.2825015e-06  -0.00010729520  0.00025594331  4.3503849e-07  3.4050106e-08  
-2.6265943e-07  9.7443481e-05  -2.0202480e-07  -1.3573815e-05  1.1616638e-06  1.2825015e-06  0.0000000   6.4832941e-07  -2.6697007e-06  3.9520421e-05  4.3995986e-06  -2.6265943e-07  9.7443481e-05  -2.0202480e-07  -1.3573815e-05  1.1616638e-06  1.2825015e-06  0.0000000   6.4832941e-07  -2.6697007e-06  3.9520421e-05  4.3995986e-06  
2.1632258e-05  -2.8499405e-07  -3.1601630e-05  1.9646292e-07  0.00011558725  0.00010729520  -6.4832941e-07  0.0000000   -0.00026447382  -4.9285127e-07  -4.3043333e-07  2.1632258e-05  -2.8499405e-07  -3.1601630e-05  1.9646292e-07  0.00011558725  0.00010729520  -6.4832941e-07  0.0000000   -0.00026447382  -4.9285127e-07  -4.3043333e-07  
-7.1953787e-06  -1.2462669e-07  -1.9623839e-05  4.6507612e-07  9.4270833e-06  -0.00025594331  2.6697007e-06  0.00026447382  0.0000000   -1.1849874e-06  -1.6224721e-07  -7.1953787e-06  -1.2462669e-07  -1.9623839e-05  4.6507612e-07  9.4270833e-06  -0.00025594331  2.6697007e-06  0.00026447382  0.0000000   -1.1849874e-06  -1.6224721e-07  
1.0973334e-07  1.6692325e-05  -4.8939694e-07  1.7704348e-05  1.0095398e-06  -4.3503849e-07  -3.9520421e-05  4.9285127e-07  1.1849874e-06  0.0000000   2.0882698e-05  1.0973334e-07  1.6692325e-05  -4.8939694e-07  1.7704348e-05  1.0095398e-06  -4.3503849e-07  -3.9520421e-05  4.9285127e-07  1.1849874e-06  0.0000000   2.0882698e-05  
3.8228804e-07  7.5886203e-06  -3.7811977e-07  8.7059986e-06  1.4087088e-07  -3.4050106e-08  -4.3995986e-06  4.3043333e-07  1.6224721e-07  -2.0882698e-05  0.0000000   3.8228804e-07  7.5886203e-06  -3.7811977e-07  8.7059986e-06  1.4087088e-07  -3.4050106e-08  -4.3995986e-06  4.3043333e-07  1.6224721e-07  -2.0882698e-05  0.0000000   
0.0000000   -9.1774552e-07  0.00016671213  -6.7102616e-07  -1.7547491e-05  -9.0072461e-05  2.6265943e-07  -2.1632258e-05  7.1953787e-06  -1.0973334e-07  -3.8228804e-07  0.0000000   -9.1774552e-07  0.00016671213  -6.7102616e-07  -1.7547491e-05  -9.0072461e-05  2.6265943e-07  -2.1632258e-05  7.1953787e-06  -1.0973334e-07  -3.8228804e-07  
9.1774552e-07  0.0000000   1.0689306e-06  7.1566157e-05  -6.9764276e-07  -8.3895272e-07  -9.7443481e-05  2.8499405e-07  1.2462669e-07  -1.6692325e-05  -7.5886203e-06  9.1774552e-07  0.0000000   1.0689306e-06  7.1566157e-05  -6.9764276e-07  -8.3895272e-07  -9.7443481e-05  2.8499405e-07  1.2462669e-07  -1.6692325e-05  -7.5886203e-06  
-0.00016671213  -1.0689306e-06  0.0000000   1.5514116e-07  2.0616862e-05  7.3590726e-05  2.0202480e-07  3.1601630e-05  1.9623839e-05  4.8939694e-07  3.7811977e-07  -0.00016671213  -1.0689306e-06  0.0000000   1.5514116e-07  2.0616862e-05  7.3590726e-05  2.0202480e-07  3.1601630e-05  1.9623839e-05  4.8939694e-07  3.7811977e-07  
6.7102616e-07  -7.1566157e-05  -1.5514116e-07  0.0000000   3.4932439e-07  1.3781712e-06  1.3573815e-05  -1.9646292e-07  -4.6507612e-07  -1.7704348e-05  -8.7059986e-06  6.7102616e-07  -7.1566157e-05  -1.5514116e-07  0.0000000   3.4932439e-07  1.3781712e-06  1.3573815e-05  -1.9646292e-07  -4.6507612e-07  -1.7704348e-05  -8.7059986e-06  
1.7547491e-05  6.9764276e-07  -2.0616862e-05  -3.4932439e-07  0.0000000   -0.00011498692  -1.1616638e-06  -0.00011558725  -9.4270833e-06  -1.0095398e-06  -1.4087088e-07  1.7547491e-05  6.9764276e-07  -2.0616862e-05  -3.4932439e-07  0.0000000   -0.00011498692  -1.1616638e-06  -0.00011558725  -9.4270833e-06  -1.0095398e-06  -1.4087088e-07  
9.0072461e-05  8.3895272e-07  -7.3590726e-05  -1.3781712e-06  0.00011498692  0.0000000   -1.2825015e-06  -0.00010729520  0.00025594331  4.3503849e-07  3.4050106e-08  9.0072461e-05  8.3895272e-07  -7.3590726e-05  -1.3781712e-06  0.00011498692  0.0000000   -1.2825015e-06  -0.00010729520  0.00025594331  4.3503849e-07  3.4050106e-08  
-2.6265943e-07  9.7443481e-05  -2.0202480e-07  -1.3573815e-05  1.1616638e-06  1.2825015e-06  0.0000000   6.4832941e-07  -2.6697007e-06  3.9520421e-05  4.3995986e-06  -2.6265943e-07  9.7443481e-05  -2.0202480e-07  -1.3573815e-05  1.1616638e-06  1.2825015e-06  0.0000000   6.4832941e-07  -2.6697007e-06  3.9520421e-05  4.3995986e-06  
2.1632258e-05  -2.8499405e-07  -3.1601630e-05  1.9646292e-07  0.00011558725  0.00010729520  -6.4832941e-07  0.0000000   -0.00026447382  -4.9285127e-07  -4.3043333e-07  2.1632258e-05  -2.8499405e-07  -3.1601630e-05  1.9646292e-07  0.00011558725  0.00010729520  -6.4832941e-07  0.0000000   -0.00026447382  -4.9285127e-07  -4.3043333e-07  
-7.1953787e-06  -1.2462669e-07  -1.9623839e-05  4.6507612e-07  9.4270833e-06  -0.00025594331  2.6697007e-06  0.00026447382  0.0000000   -1.1849874e-06  -1.6224721e-07  -7.1953787e-06  -1.2462669e-07  -1.9623839e-05  4.6507612e-07  9.4270833e-06  -0.00025594331  2.6697007e-06  0.00026447382  0.0000000   -1.1849874e-06  -1.6224721e-07  
1.0973334e-07  1.6692325e-05  -4.8939694e-07  1.7704348e-05  1.0095398e-06  -4.3503849e-07  -3.9520421e-05  4.9285127e-07  1.1849874e-06  0.0000000   2.0882698e-05  1.0973334e-07  1.6692325e-05  -4.8939694e-07  1.7704348e-05  1.0095398e-06  -4.3503849e-07  -3.9520421e-05  4.9285127e-07  1.1849874e-06  0.0000000   2.0882698e-05  
3.8228804e-07  7.5886203e-06  -3.7811977e-07  8.7059986e-06  1.4087088e-07  -3.4050106e-08  -4.3995986e-06  4.3043333e-07  1.6224721e-07  -2.0882698e-05  0.0000000   3.8228804e-07  7.5886203e-06  -3.7811977e-07  8.7059986e-06  1.4087088e-07  -3.4050106e-08  -4.3995986e-06  4.3043333e-07  1.6224721e-07  -2.0882698e-05  0.0000000   
