0.0000000   0.00019393695  -0.00013799990  4.3354264e-07  -3.1809919e-06  -3.7516400e-05  -2.5831227e-06  7.0289240e-07  -2.4894794e-06  -6.9185677e-06  -1.9648103e-05  0.0000000   0.00019393695  -0.00013799990  4.3354264e-07  -3.1809919e-06  -3.7516400e-05  -2.5831227e-06  7.0289240e-07  -2.4894794e-06  -6.9185677e-06  -1.9648103e-05  
-0.00019393695  0.0000000   0.00024497109  -6.7049743e-07  1.1232431e-06  -5.5977291e-05  -1.5700464e-06  8.0118519e-07  -1.3630200e-05  6.5167112e-07  9.7670576e-06  -0.00019393695  0.0000000   0.00024497109  -6.7049743e-07  1.1232431e-06  -5.5977291e-05  -1.5700464e-06  8.0118519e-07  -1.3630200e-05  6.5167112e-07  9.7670576e-06  
0.00013799990  -0.00024497109  0.0000000   -3.9416056e-06  -9.3709186e-07  6.2581672e-05  1.8708971e-06  -1.9752810e-06  2.8108778e-05  5.4892427e-05  6.3280635e-06  0.00013799990  -0.00024497109  0.0000000   -3.9416056e-06  -9.3709186e-07  6.2581672e-05  1.8708971e-06  -1.9752810e-06  2.8108778e-05  5.4892427e-05  6.3280635e-06  
-4.3354264e-07  6.7049743e-07  3.9416056e-06  0.0000000   -0.00061186949  8.3013560e-07  -6.7393244e-05  -2.3617015e-05  -3.8259278e-07  2.1443404e-07  -1.5806373e-07  -4.3354264e-07  6.7049743e-07  3.9416056e-06  0.0000000   -0.00061186949  8.3013560e-07  -6.7393244e-05  -2.3617015e-05  -3.8259278e-07  2.1443404e-07  -1.5806373e-07  
3.1809919e-06  -1.1232431e-06  9.3709186e-07  0.00061186949  0.0000000   -3.5737118e-06  8.6055650e-05  4.2754553e-06  2.6625169e-07  -4.3698577e-08  5.9111442e-08  3.1809919e-06  -1.1232431e-06  9.3709186e-07  0.00061186949  0.0000000   -3.5737118e-06  8.6055650e-05  4.2754553e-06  2.6625169e-07  -4.3698577e-08  5.9111442e-08  
3.7516400e-05  5.5977291e-05  -6.2581672e-05  -8.3013560e-07  3.5737118e-06  0.0000000   -6.9544866e-06  -1.9362045e-05  0.00018127631  0.00021353676  -5.9371141e-06  3.7516400e-05  5.5977291e-05  -6.2581672e-05  -8.3013560e-07  3.5737118e-06  0.0000000   -6.9544866e-06  -1.9362045e-05  0.00018127631  0.00021353676  -5.9371141e-06  
2.5831227e-06  1.5700464e-06  -1.8708971e-06  6.7393244e-05  -8.6055650e-05  6.9544866e-06  0.0000000   0.00044454053  1.0775432e-05  7.1047641e-06  -9.9866469e-07  2.5831227e-06  1.5700464e-06  -1.8708971e-06  6.7393244e-05  -8.6055650e-05  6.9544866e-06  0.0000000   0.00044454053  1.0775432e-05  7.1047641e-06  -9.9866469e-07  
-7.0289240e-07  -8.0118519e-07  1.9752810e-06  2.3617015e-05  -4.2754553e-06  1.9362045e-05  -0.00044454053  0.0000000   -4.6362274e-06  -1.0014330e-05  -3.9331652e-07  -7.0289240e-07  -8.0118519e-07  1.9752810e-06  2.3617015e-05  -4.2754553e-06  1.9362045e-05  -0.00044454053  0.0000000   -4.6362274e-06  -1.0014330e-05  -3.9331652e-07  
2.4894794e-06  1.3630200e-05  -2.8108778e-05  3.8259278e-07  -2.6625169e-07  -0.00018127631  -1.0775432e-05  4.6362274e-06  0.0000000   0.0010718803  0.00011252023  2.4894794e-06  1.3630200e-05  -2.8108778e-05  3.8259278e-07  -2.6625169e-07  -0.00018127631  -1.0775432e-05  4.6362274e-06  0.0000000   0.0010718803  0.00011252023  
6.9185677e-06  -6.5167112e-07  -5.4892427e-05  -2.1443404e-07  4.3698577e-08  -0.00021353676  -7.1047641e-06  1.0014330e-05  -0.0010718803  0.0000000   0.00028300138  6.9185677e-06  -6.5167112e-07  -5.4892427e-05  -2.1443404e-07  4.3698577e-08  -0.00021353676  -7.1047641e-06  1.0014330e-05  -0.0010718803  0.0000000   0.00028300138  
1.9648103e-05  -9.7670576e-06  -6.3280635e-06  1.5806373e-07  -5.9111442e-08  5.9371141e-06  9.9866469e-07  3.9331652e-07  -0.00011252023  -0.00028300138  0.0000000   1.9648103e-05  -9.7670576e-06  -6.3280635e-06  1.5806373e-07  -5.9111442e-08  5.9371141e-06  9.9866469e-07  3.9331652e-07  -0.00011252023  -0.00028300138  0.0000000   
0.0000000   0.00019393695  -0.00013799990  4.3354264e-07  -3.1809919e-06  -3.7516400e-05  -2.5831227e-06  7.0289240e-07  -2.4894794e-06  -6.9185677e-06  -1.9648103e-05  0.0000000   0.00019393695  -0.00013799990  4.3354264e-07  -3.1809919e-06  -3.7516400e-05  -2.5831227e-06  7.0289240e-07  -2.4894794e-06  -6.9185677e-06  -1.9648103e-05  
-0.00019393695  0.0000000   0.00024497109  -6.7049743e-07  1.1232431e-06  -5.5977291e-05  -1.5700464e-06  8.0118519e-07  -1.3630200e-05  6.5167112e-07  9.7670576e-06  -0.00019393695  0.0000000   0.00024497109  -6.7049743e-07  1.1232431e-06  -5.5977291e-05  -1.5700464e-06  8.0118519e-07  -1.3630200e-05  6.5167112e-07  9.7670576e-06  
0.00013799990  -0.00024497109  0.0000000   -3.9416056e-06  -9.3709186e-07  6.2581672e-05  1.8708971e-06  -1.9752810e-06  2.8108778e-05  5.4892427e-05  6.3280635e-06  0.00013799990  -0.00024497109  0.0000000   -3.9416056e-06  -9.3709186e-07  6.2581672e-05  1.8708971e-06  -1.9752810e-06  2.8108778e-05  5.4892427e-05  6.3280635e-06  
-4.3354264e-07  6.7049743e-07  3.9416056e-06  0.0000000   -0.00061186949  8.3013560e-07  -6.7393244e-05  -2.3617015e-05  -3.8259278e-07  2.1443404e-07  -1.5806373e-07  -4.3354264e-07  6.7049743e-07  3.9416056e-06  0.0000000   -0.00061186949  8.3013560e-07  -6.7393244e-05  -2.3617015e-05  -3.8259278e-07  2.1443404e-07  -1.5806373e-07  
3.1809919e-06  -1.1232431e-06  9.3709186e-07  0.00061186949  0.0000000   -3.5737118e-06  8.6055650e-05  4.2754553e-06  2.6625169e-07  -4.3698577e-08  5.9111442e-08  3.1809919e-06  -1.1232431e-06  9.3709186e-07  0.00061186949  0.0000000   -3.5737118e-06  8.6055650e-05  4.2754553e-06  2.6625169e-07  -4.3698577e-08  5.9111442e-08  
3.7516400e-05  5.5977291e-05  -6.2581672e-05  -8.3013560e-07  3.5737118e-06  0.0000000   -6.9544866e-06  -1.9362045e-05  0.00018127631  0.00021353676  -5.9371141e-06  3.7516400e-05  5.5977291e-05  -6.2581672e-05  -8.3013560e-07  3.5737118e-06  0.0000000   -6.9544866e-06  -1.9362045e-05  0.00018127631  0.00021353676  -5.9371141e-06  
2.5831227e-06  1.5700464e-06  -1.8708971e-06  6.7393244e-05  -8.6055650e-05  6.9544866e-06  0.0000000   0.00044454053  1.0775432e-05  7.1047641e-06  -9.9866469e-07  2.5831227e-06  1.5700464e-06  -1.8708971e-06  6.7393244e-05  -8.6055650e-05  6.9544866e-06  0.0000000   0.00044454053  1.0775432e-05  7.1047641e-06  -9.9866469e-07  
-7.0289240e-07  -8.0118519e-07  1.9752810e-06  2.3617015e-05  -4.2754553e-06  1.9362045e-05  -0.00044454053  0.0000000   -4.6362274e-06  -1.0014330e-05  -3.9331652e-07  -7.0289240e-07  -8.0118519e-07  1.9752810e-06  2.3617015e-05  -4.2754553e-06  1.9362045e-05  -0.00044454053  0.0000000   -4.6362274e-06  -1.0014330e-05  -3.9331652e-07  
2.4894794e-06  1.3630200e-05  -2.8108778e-05  3.8259278e-07  -2.6625169e-07  -0.00018127631  -1.0775432e-05  4.6362274e-06  0.0000000   0.0010718803  0.00011252023  2.4894794e-06  1.3630200e-05  -2.8108778e-05  3.8259278e-07  -2.6625169e-07  -0.00018127631  -1.0775432e-05  4.6362274e-06  0.0000000   0.0010718803  0.00011252023  
6.9185677e-06  -6.5167112e-07  -5.4892427e-05  -2.1443404e-07  4.3698577e-08  -0.00021353676  -7.1047641e-06  1.0014330e-05  -0.0010718803  0.0000000   0.00028300138  6.9185677e-06  -6.5167112e-07  -5.4892427e-05  -2.1443404e-07  4.3698577e-08  -0.00021353676  -7.1047641e-06  1.0014330e-05  -0.0010718803  0.0000000   0.00028300138  
1.9648103e-05  -9.7670576e-06  -6.3280635e-06  1.5806373e-07  -5.9111442e-08  5.9371141e-06  9.9866469e-07  3.9331652e-07  -0.00011252023  -0.00028300138  0.0000000   1.9648103e-05  -9.7670576e-06  -6.3280635e-06  1.5806373e-07  -5.9111442e-08  5.9371141e-06  9.9866469e-07  3.9331652e-07  -0.00011252023  -0.00028300138  0.0000000   
