0.0000000   1.5826420e-06  -6.8413172e-06  -1.4614510e-05  -4.1293432e-06  -5.5341900e-05  1.9789909e-05  -1.1802086e-05  -2.2931260e-06  3.5809507e-06  -1.2459267e-05  0.0000000   1.5826420e-06  -6.8413172e-06  -1.4614510e-05  -4.1293432e-06  -5.5341900e-05  1.9789909e-05  -1.1802086e-05  -2.2931260e-06  3.5809507e-06  -1.2459267e-05  
-1.5826420e-06  0.0000000   1.1750609e-06  -7.1476362e-05  -1.9139592e-05  -0.00025222936  -1.2594748e-05  -6.9664648e-05  -1.0236030e-05  1.7179345e-05  2.4545620e-06  -1.5826420e-06  0.0000000   1.1750609e-06  -7.1476362e-05  -1.9139592e-05  -0.00025222936  -1.2594748e-05  -6.9664648e-05  -1.0236030e-05  1.7179345e-05  2.4545620e-06  
6.8413172e-06  -1.1750609e-06  0.0000000   -5.0985475e-08  5.1586140e-06  -4.3186320e-06  6.4748509e-05  9.2900075e-08  -6.3189307e-07  -8.4022925e-08  -2.4686268e-06  6.8413172e-06  -1.1750609e-06  0.0000000   -5.0985475e-08  5.1586140e-06  -4.3186320e-06  6.4748509e-05  9.2900075e-08  -6.3189307e-07  -8.4022925e-08  -2.4686268e-06  
1.4614510e-05  7.1476362e-05  5.0985475e-08  0.0000000   2.8255954e-05  2.6250132e-05  -2.9879346e-07  -1.9628693e-08  -5.4281218e-05  5.9058760e-05  -1.2822495e-06  1.4614510e-05  7.1476362e-05  5.0985475e-08  0.0000000   2.8255954e-05  2.6250132e-05  -2.9879346e-07  -1.9628693e-08  -5.4281218e-05  5.9058760e-05  -1.2822495e-06  
4.1293432e-06  1.9139592e-05  -5.1586140e-06  -2.8255954e-05  0.0000000   0.0014154763  6.6238055e-05  -0.00054023273  2.0806248e-05  -0.00010965933  -1.1844963e-06  4.1293432e-06  1.9139592e-05  -5.1586140e-06  -2.8255954e-05  0.0000000   0.0014154763  6.6238055e-05  -0.00054023273  2.0806248e-05  -0.00010965933  -1.1844963e-06  
5.5341900e-05  0.00025222936  4.3186320e-06  -2.6250132e-05  -0.0014154763  0.0000000   3.1584555e-05  0.00058728831  -0.00023381378  1.5441389e-06  1.2031252e-06  5.5341900e-05  0.00025222936  4.3186320e-06  -2.6250132e-05  -0.0014154763  0.0000000   3.1584555e-05  0.00058728831  -0.00023381378  1.5441389e-06  1.2031252e-06  
-1.9789909e-05  1.2594748e-05  -6.4748509e-05  2.9879346e-07  -6.6238055e-05  -3.1584555e-05  0.0000000   3.8643678e-05  -8.0144718e-06  -5.9636423e-07  -1.5705001e-05  -1.9789909e-05  1.2594748e-05  -6.4748509e-05  2.9879346e-07  -6.6238055e-05  -3.1584555e-05  0.0000000   3.8643678e-05  -8.0144718e-06  -5.9636423e-07  -1.5705001e-05  
1.1802086e-05  6.9664648e-05  -9.2900075e-08  1.9628693e-08  0.00054023273  -0.00058728831  -3.8643678e-05  0.0000000   -6.7784611e-05  0.00018910092  2.4532295e-07  1.1802086e-05  6.9664648e-05  -9.2900075e-08  1.9628693e-08  0.00054023273  -0.00058728831  -3.8643678e-05  0.0000000   -6.7784611e-05  0.00018910092  2.4532295e-07  
2.2931260e-06  1.0236030e-05  6.3189307e-07  5.4281218e-05  -2.0806248e-05  0.00023381378  8.0144718e-06  6.7784611e-05  0.0000000   -0.00019699433  -3.1826273e-07  2.2931260e-06  1.0236030e-05  6.3189307e-07  5.4281218e-05  -2.0806248e-05  0.00023381378  8.0144718e-06  6.7784611e-05  0.0000000   -0.00019699433  -3.1826273e-07  
-3.5809507e-06  -1.7179345e-05  8.4022925e-08  -5.9058760e-05  0.00010965933  -1.5441389e-06  5.9636423e-07  -0.00018910092  0.00019699433  0.0000000   1.8656047e-07  -3.5809507e-06  -1.7179345e-05  8.4022925e-08  -5.9058760e-05  0.00010965933  -1.5441389e-06  5.9636423e-07  -0.00018910092  0.00019699433  0.0000000   1.8656047e-07  
1.2459267e-05  -2.4545620e-06  2.4686268e-06  1.2822495e-06  1.1844963e-06  -1.2031252e-06  1.5705001e-05  -2.4532295e-07  3.1826273e-07  -1.8656047e-07  0.0000000   1.2459267e-05  -2.4545620e-06  2.4686268e-06  1.2822495e-06  1.1844963e-06  -1.2031252e-06  1.5705001e-05  -2.4532295e-07  3.1826273e-07  -1.8656047e-07  0.0000000   
0.0000000   1.5826420e-06  -6.8413172e-06  -1.4614510e-05  -4.1293432e-06  -5.5341900e-05  1.9789909e-05  -1.1802086e-05  -2.2931260e-06  3.5809507e-06  -1.2459267e-05  0.0000000   1.5826420e-06  -6.8413172e-06  -1.4614510e-05  -4.1293432e-06  -5.5341900e-05  1.9789909e-05  -1.1802086e-05  -2.2931260e-06  3.5809507e-06  -1.2459267e-05  
-1.5826420e-06  0.0000000   1.1750609e-06  -7.1476362e-05  -1.9139592e-05  -0.00025222936  -1.2594748e-05  -6.9664648e-05  -1.0236030e-05  1.7179345e-05  2.4545620e-06  -1.5826420e-06  0.0000000   1.1750609e-06  -7.1476362e-05  -1.9139592e-05  -0.00025222936  -1.2594748e-05  -6.9664648e-05  -1.0236030e-05  1.7179345e-05  2.4545620e-06  
6.8413172e-06  -1.1750609e-06  0.0000000   -5.0985475e-08  5.1586140e-06  -4.3186320e-06  6.4748509e-05  9.2900075e-08  -6.3189307e-07  -8.4022925e-08  -2.4686268e-06  6.8413172e-06  -1.1750609e-06  0.0000000   -5.0985475e-08  5.1586140e-06  -4.3186320e-06  6.4748509e-05  9.2900075e-08  -6.3189307e-07  -8.4022925e-08  -2.4686268e-06  
1.4614510e-05  7.1476362e-05  5.0985475e-08  0.0000000   2.8255954e-05  2.6250132e-05  -2.9879346e-07  -1.9628693e-08  -5.4281218e-05  5.9058760e-05  -1.2822495e-06  1.4614510e-05  7.1476362e-05  5.0985475e-08  0.0000000   2.8255954e-05  2.6250132e-05  -2.9879346e-07  -1.9628693e-08  -5.4281218e-05  5.9058760e-05  -1.2822495e-06  
4.1293432e-06  1.9139592e-05  -5.1586140e-06  -2.8255954e-05  0.0000000   0.0014154763  6.6238055e-05  -0.00054023273  2.0806248e-05  -0.00010965933  -1.1844963e-06  4.1293432e-06  1.9139592e-05  -5.1586140e-06  -2.8255954e-05  0.0000000   0.0014154763  6.6238055e-05  -0.00054023273  2.0806248e-05  -0.00010965933  -1.1844963e-06  
5.5341900e-05  0.00025222936  4.3186320e-06  -2.6250132e-05  -0.0014154763  0.0000000   3.1584555e-05  0.00058728831  -0.00023381378  1.5441389e-06  1.2031252e-06  5.5341900e-05  0.00025222936  4.3186320e-06  -2.6250132e-05  -0.0014154763  0.0000000   3.1584555e-05  0.00058728831  -0.00023381378  1.5441389e-06  1.2031252e-06  
-1.9789909e-05  1.2594748e-05  -6.4748509e-05  2.9879346e-07  -6.6238055e-05  -3.1584555e-05  0.0000000   3.8643678e-05  -8.0144718e-06  -5.9636423e-07  -1.5705001e-05  -1.9789909e-05  1.2594748e-05  -6.4748509e-05  2.9879346e-07  -6.6238055e-05  -3.1584555e-05  0.0000000   3.8643678e-05  -8.0144718e-06  -5.9636423e-07  -1.5705001e-05  
1.1802086e-05  6.9664648e-05  -9.2900075e-08  1.9628693e-08  0.00054023273  -0.00058728831  -3.8643678e-05  0.0000000   -6.7784611e-05  0.00018910092  2.4532295e-07  1.1802086e-05  6.9664648e-05  -9.2900075e-08  1.9628693e-08  0.00054023273  -0.00058728831  -3.8643678e-05  0.0000000   -6.7784611e-05  0.00018910092  2.4532295e-07  
2.2931260e-06  1.0236030e-05  6.3189307e-07  5.4281218e-05  -2.0806248e-05  0.00023381378  8.0144718e-06  6.7784611e-05  0.0000000   -0.00019699433  -3.1826273e-07  2.2931260e-06  1.0236030e-05  6.3189307e-07  5.4281218e-05  -2.0806248e-05  0.00023381378  8.0144718e-06  6.7784611e-05  0.0000000   -0.00019699433  -3.1826273e-07  
-3.5809507e-06  -1.7179345e-05  8.4022925e-08  -5.9058760e-05  0.00010965933  -1.5441389e-06  5.9636423e-07  -0.00018910092  0.00019699433  0.0000000   1.8656047e-07  -3.5809507e-06  -1.7179345e-05  8.4022925e-08  -5.9058760e-05  0.00010965933  -1.5441389e-06  5.9636423e-07  -0.00018910092  0.00019699433  0.0000000   1.8656047e-07  
1.2459267e-05  -2.4545620e-06  2.4686268e-06  1.2822495e-06  1.1844963e-06  -1.2031252e-06  1.5705001e-05  -2.4532295e-07  3.1826273e-07  -1.8656047e-07  0.0000000   1.2459267e-05  -2.4545620e-06  2.4686268e-06  1.2822495e-06  1.1844963e-06  -1.2031252e-06  1.5705001e-05  -2.4532295e-07  3.1826273e-07  -1.8656047e-07  0.0000000   
