0.0000000   -0.00026791714  0.00016323697  7.6463129e-07  -5.7704722e-08  8.5531106e-05  -6.1776009e-05  -7.8251870e-07  -1.5989906e-05  -2.5007102e-06  -4.9643138e-08  0.0000000   -0.00026791714  0.00016323697  7.6463129e-07  -5.7704722e-08  8.5531106e-05  -6.1776009e-05  -7.8251870e-07  -1.5989906e-05  -2.5007102e-06  -4.9643138e-08  
0.00026791714  0.0000000   -0.00017642605  4.6642523e-07  -5.6077846e-07  1.4373742e-06  -4.1288839e-05  1.1825021e-06  -1.9670751e-07  -1.3381312e-07  3.3792138e-07  0.00026791714  0.0000000   -0.00017642605  4.6642523e-07  -5.6077846e-07  1.4373742e-06  -4.1288839e-05  1.1825021e-06  -1.9670751e-07  -1.3381312e-07  3.3792138e-07  
-0.00016323697  0.00017642605  0.0000000   -1.1528937e-06  3.1731481e-07  2.9632554e-05  7.1235836e-06  -3.6755839e-07  1.1069819e-05  1.1998012e-06  -6.6747734e-07  -0.00016323697  0.00017642605  0.0000000   -1.1528937e-06  3.1731481e-07  2.9632554e-05  7.1235836e-06  -3.6755839e-07  1.1069819e-05  1.1998012e-06  -6.6747734e-07  
-7.6463129e-07  -4.6642523e-07  1.1528937e-06  0.0000000   -1.7299069e-05  4.1735645e-07  -6.7154334e-08  -2.3145430e-05  2.5606164e-06  -1.8418455e-05  -4.0990720e-06  -7.6463129e-07  -4.6642523e-07  1.1528937e-06  0.0000000   -1.7299069e-05  4.1735645e-07  -6.7154334e-08  -2.3145430e-05  2.5606164e-06  -1.8418455e-05  -4.0990720e-06  
5.7704722e-08  5.6077846e-07  -3.1731481e-07  1.7299069e-05  0.0000000   6.2844729e-08  -6.2376372e-08  1.7849156e-05  -1.5139695e-05  0.00010362983  -0.00010205561  5.7704722e-08  5.6077846e-07  -3.1731481e-07  1.7299069e-05  0.0000000   6.2844729e-08  -6.2376372e-08  1.7849156e-05  -1.5139695e-05  0.00010362983  -0.00010205561  
-8.5531106e-05  -1.4373742e-06  -2.9632554e-05  -4.1735645e-07  -6.2844729e-08  0.0000000   0.00026776731  -5.6273046e-06  3.4213549e-05  6.8789101e-06  6.6729340e-07  -8.5531106e-05  -1.4373742e-06  -2.9632554e-05  -4.1735645e-07  -6.2844729e-08  0.0000000   0.00026776731  -5.6273046e-06  3.4213549e-05  6.8789101e-06  6.6729340e-07  
6.1776009e-05  4.1288839e-05  -7.1235836e-06  6.7154334e-08  6.2376372e-08  -0.00026776731  0.0000000   3.7746454e-06  -7.6538257e-05  -7.4750938e-06  7.2620857e-07  6.1776009e-05  4.1288839e-05  -7.1235836e-06  6.7154334e-08  6.2376372e-08  -0.00026776731  0.0000000   3.7746454e-06  -7.6538257e-05  -7.4750938e-06  7.2620857e-07  
7.8251870e-07  -1.1825021e-06  3.6755839e-07  2.3145430e-05  -1.7849156e-05  5.6273046e-06  -3.7746454e-06  0.0000000   -2.1685783e-05  0.00016203791  3.0083748e-05  7.8251870e-07  -1.1825021e-06  3.6755839e-07  2.3145430e-05  -1.7849156e-05  5.6273046e-06  -3.7746454e-06  0.0000000   -2.1685783e-05  0.00016203791  3.0083748e-05  
1.5989906e-05  1.9670751e-07  -1.1069819e-05  -2.5606164e-06  1.5139695e-05  -3.4213549e-05  7.6538257e-05  2.1685783e-05  0.0000000   -3.2315323e-07  1.0755251e-05  1.5989906e-05  1.9670751e-07  -1.1069819e-05  -2.5606164e-06  1.5139695e-05  -3.4213549e-05  7.6538257e-05  2.1685783e-05  0.0000000   -3.2315323e-07  1.0755251e-05  
2.5007102e-06  1.3381312e-07  -1.1998012e-06  1.8418455e-05  -0.00010362983  -6.8789101e-06  7.4750938e-06  -0.00016203791  3.2315323e-07  0.0000000   -7.7399550e-05  2.5007102e-06  1.3381312e-07  -1.1998012e-06  1.8418455e-05  -0.00010362983  -6.8789101e-06  7.4750938e-06  -0.00016203791  3.2315323e-07  0.0000000   -7.7399550e-05  
4.9643138e-08  -3.3792138e-07  6.6747734e-07  4.0990720e-06  0.00010205561  -6.6729340e-07  -7.2620857e-07  -3.0083748e-05  -1.0755251e-05  7.7399550e-05  0.0000000   4.9643138e-08  -3.3792138e-07  6.6747734e-07  4.0990720e-06  0.00010205561  -6.6729340e-07  -7.2620857e-07  -3.0083748e-05  -1.0755251e-05  7.7399550e-05  0.0000000   
0.0000000   -0.00026791714  0.00016323697  7.6463129e-07  -5.7704722e-08  8.5531106e-05  -6.1776009e-05  -7.8251870e-07  -1.5989906e-05  -2.5007102e-06  -4.9643138e-08  0.0000000   -0.00026791714  0.00016323697  7.6463129e-07  -5.7704722e-08  8.5531106e-05  -6.1776009e-05  -7.8251870e-07  -1.5989906e-05  -2.5007102e-06  -4.9643138e-08  
0.00026791714  0.0000000   -0.00017642605  4.6642523e-07  -5.6077846e-07  1.4373742e-06  -4.1288839e-05  1.1825021e-06  -1.9670751e-07  -1.3381312e-07  3.3792138e-07  0.00026791714  0.0000000   -0.00017642605  4.6642523e-07  -5.6077846e-07  1.4373742e-06  -4.1288839e-05  1.1825021e-06  -1.9670751e-07  -1.3381312e-07  3.3792138e-07  
-0.00016323697  0.00017642605  0.0000000   -1.1528937e-06  3.1731481e-07  2.9632554e-05  7.1235836e-06  -3.6755839e-07  1.1069819e-05  1.1998012e-06  -6.6747734e-07  -0.00016323697  0.00017642605  0.0000000   -1.1528937e-06  3.1731481e-07  2.9632554e-05  7.1235836e-06  -3.6755839e-07  1.1069819e-05  1.1998012e-06  -6.6747734e-07  
-7.6463129e-07  -4.6642523e-07  1.1528937e-06  0.0000000   -1.7299069e-05  4.1735645e-07  -6.7154334e-08  -2.3145430e-05  2.5606164e-06  -1.8418455e-05  -4.0990720e-06  -7.6463129e-07  -4.6642523e-07  1.1528937e-06  0.0000000   -1.7299069e-05  4.1735645e-07  -6.7154334e-08  -2.3145430e-05  2.5606164e-06  -1.8418455e-05  -4.0990720e-06  
5.7704722e-08  5.6077846e-07  -3.1731481e-07  1.7299069e-05  0.0000000   6.2844729e-08  -6.2376372e-08  1.7849156e-05  -1.5139695e-05  0.00010362983  -0.00010205561  5.7704722e-08  5.6077846e-07  -3.1731481e-07  1.7299069e-05  0.0000000   6.2844729e-08  -6.2376372e-08  1.7849156e-05  -1.5139695e-05  0.00010362983  -0.00010205561  
-8.5531106e-05  -1.4373742e-06  -2.9632554e-05  -4.1735645e-07  -6.2844729e-08  0.0000000   0.00026776731  -5.6273046e-06  3.4213549e-05  6.8789101e-06  6.6729340e-07  -8.5531106e-05  -1.4373742e-06  -2.9632554e-05  -4.1735645e-07  -6.2844729e-08  0.0000000   0.00026776731  -5.6273046e-06  3.4213549e-05  6.8789101e-06  6.6729340e-07  
6.1776009e-05  4.1288839e-05  -7.1235836e-06  6.7154334e-08  6.2376372e-08  -0.00026776731  0.0000000   3.7746454e-06  -7.6538257e-05  -7.4750938e-06  7.2620857e-07  6.1776009e-05  4.1288839e-05  -7.1235836e-06  6.7154334e-08  6.2376372e-08  -0.00026776731  0.0000000   3.7746454e-06  -7.6538257e-05  -7.4750938e-06  7.2620857e-07  
7.8251870e-07  -1.1825021e-06  3.6755839e-07  2.3145430e-05  -1.7849156e-05  5.6273046e-06  -3.7746454e-06  0.0000000   -2.1685783e-05  0.00016203791  3.0083748e-05  7.8251870e-07  -1.1825021e-06  3.6755839e-07  2.3145430e-05  -1.7849156e-05  5.6273046e-06  -3.7746454e-06  0.0000000   -2.1685783e-05  0.00016203791  3.0083748e-05  
1.5989906e-05  1.9670751e-07  -1.1069819e-05  -2.5606164e-06  1.5139695e-05  -3.4213549e-05  7.6538257e-05  2.1685783e-05  0.0000000   -3.2315323e-07  1.0755251e-05  1.5989906e-05  1.9670751e-07  -1.1069819e-05  -2.5606164e-06  1.5139695e-05  -3.4213549e-05  7.6538257e-05  2.1685783e-05  0.0000000   -3.2315323e-07  1.0755251e-05  
2.5007102e-06  1.3381312e-07  -1.1998012e-06  1.8418455e-05  -0.00010362983  -6.8789101e-06  7.4750938e-06  -0.00016203791  3.2315323e-07  0.0000000   -7.7399550e-05  2.5007102e-06  1.3381312e-07  -1.1998012e-06  1.8418455e-05  -0.00010362983  -6.8789101e-06  7.4750938e-06  -0.00016203791  3.2315323e-07  0.0000000   -7.7399550e-05  
4.9643138e-08  -3.3792138e-07  6.6747734e-07  4.0990720e-06  0.00010205561  -6.6729340e-07  -7.2620857e-07  -3.0083748e-05  -1.0755251e-05  7.7399550e-05  0.0000000   4.9643138e-08  -3.3792138e-07  6.6747734e-07  4.0990720e-06  0.00010205561  -6.6729340e-07  -7.2620857e-07  -3.0083748e-05  -1.0755251e-05  7.7399550e-05  0.0000000   
