0.0000000   0.00084256734  3.6140057e-06  -2.7465101e-06  -1.9013643e-06  -2.4922267e-05  -3.2142741e-06  -1.0244499e-06  -6.2449148e-06  -1.0761342e-05  2.3545941e-05  0.0000000   0.00084256734  3.6140057e-06  -2.7465101e-06  -1.9013643e-06  -2.4922267e-05  -3.2142741e-06  -1.0244499e-06  -6.2449148e-06  -1.0761342e-05  2.3545941e-05  
-0.00084256734  0.0000000   1.5763741e-06  2.1601214e-08  -6.1021767e-07  3.0882544e-05  2.0516567e-06  -2.5298047e-06  6.1985749e-06  4.1138155e-05  2.0490491e-05  -0.00084256734  0.0000000   1.5763741e-06  2.1601214e-08  -6.1021767e-07  3.0882544e-05  2.0516567e-06  -2.5298047e-06  6.1985749e-06  4.1138155e-05  2.0490491e-05  
-3.6140057e-06  -1.5763741e-06  0.0000000   0.00052706447  -3.2408075e-05  -1.6180302e-06  3.3544706e-05  -1.9395134e-05  -5.6191334e-08  3.9679100e-07  -8.5209089e-08  -3.6140057e-06  -1.5763741e-06  0.0000000   0.00052706447  -3.2408075e-05  -1.6180302e-06  3.3544706e-05  -1.9395134e-05  -5.6191334e-08  3.9679100e-07  -8.5209089e-08  
2.7465101e-06  -2.1601214e-08  -0.00052706447  0.0000000   3.3597041e-06  -1.2689690e-07  -4.1452649e-05  -1.0172466e-05  7.6233542e-07  -9.7548047e-07  5.0586379e-08  2.7465101e-06  -2.1601214e-08  -0.00052706447  0.0000000   3.3597041e-06  -1.2689690e-07  -4.1452649e-05  -1.0172466e-05  7.6233542e-07  -9.7548047e-07  5.0586379e-08  
1.9013643e-06  6.1021767e-07  3.2408075e-05  -3.3597041e-06  0.0000000   -1.6602923e-06  4.2764498e-05  -9.0006778e-05  1.0103169e-07  -1.8304341e-07  1.7122828e-08  1.9013643e-06  6.1021767e-07  3.2408075e-05  -3.3597041e-06  0.0000000   -1.6602923e-06  4.2764498e-05  -9.0006778e-05  1.0103169e-07  -1.8304341e-07  1.7122828e-08  
2.4922267e-05  -3.0882544e-05  1.6180302e-06  1.2689690e-07  1.6602923e-06  0.0000000   1.2205538e-05  2.1710307e-05  -8.6522129e-05  9.0148483e-05  -1.1640012e-05  2.4922267e-05  -3.0882544e-05  1.6180302e-06  1.2689690e-07  1.6602923e-06  0.0000000   1.2205538e-05  2.1710307e-05  -8.6522129e-05  9.0148483e-05  -1.1640012e-05  
3.2142741e-06  -2.0516567e-06  -3.3544706e-05  4.1452649e-05  -4.2764498e-05  -1.2205538e-05  0.0000000   -0.0011684253  -3.7848581e-06  5.0676978e-06  7.6994999e-08  3.2142741e-06  -2.0516567e-06  -3.3544706e-05  4.1452649e-05  -4.2764498e-05  -1.2205538e-05  0.0000000   -0.0011684253  -3.7848581e-06  5.0676978e-06  7.6994999e-08  
1.0244499e-06  2.5298047e-06  1.9395134e-05  1.0172466e-05  9.0006778e-05  -2.1710307e-05  0.0011684253  0.0000000   -1.5455513e-06  -1.2067181e-06  -1.0006585e-06  1.0244499e-06  2.5298047e-06  1.9395134e-05  1.0172466e-05  9.0006778e-05  -2.1710307e-05  0.0011684253  0.0000000   -1.5455513e-06  -1.2067181e-06  -1.0006585e-06  
6.2449148e-06  -6.1985749e-06  5.6191334e-08  -7.6233542e-07  -1.0103169e-07  8.6522129e-05  3.7848581e-06  1.5455513e-06  0.0000000   0.00013858680  2.1242510e-05  6.2449148e-06  -6.1985749e-06  5.6191334e-08  -7.6233542e-07  -1.0103169e-07  8.6522129e-05  3.7848581e-06  1.5455513e-06  0.0000000   0.00013858680  2.1242510e-05  
1.0761342e-05  -4.1138155e-05  -3.9679100e-07  9.7548047e-07  1.8304341e-07  -9.0148483e-05  -5.0676978e-06  1.2067181e-06  -0.00013858680  0.0000000   -0.00011223059  1.0761342e-05  -4.1138155e-05  -3.9679100e-07  9.7548047e-07  1.8304341e-07  -9.0148483e-05  -5.0676978e-06  1.2067181e-06  -0.00013858680  0.0000000   -0.00011223059  
-2.3545941e-05  -2.0490491e-05  8.5209089e-08  -5.0586379e-08  -1.7122828e-08  1.1640012e-05  -7.6994999e-08  1.0006585e-06  -2.1242510e-05  0.00011223059  0.0000000   -2.3545941e-05  -2.0490491e-05  8.5209089e-08  -5.0586379e-08  -1.7122828e-08  1.1640012e-05  -7.6994999e-08  1.0006585e-06  -2.1242510e-05  0.00011223059  0.0000000   
0.0000000   0.00084256734  3.6140057e-06  -2.7465101e-06  -1.9013643e-06  -2.4922267e-05  -3.2142741e-06  -1.0244499e-06  -6.2449148e-06  -1.0761342e-05  2.3545941e-05  0.0000000   0.00084256734  3.6140057e-06  -2.7465101e-06  -1.9013643e-06  -2.4922267e-05  -3.2142741e-06  -1.0244499e-06  -6.2449148e-06  -1.0761342e-05  2.3545941e-05  
-0.00084256734  0.0000000   1.5763741e-06  2.1601214e-08  -6.1021767e-07  3.0882544e-05  2.0516567e-06  -2.5298047e-06  6.1985749e-06  4.1138155e-05  2.0490491e-05  -0.00084256734  0.0000000   1.5763741e-06  2.1601214e-08  -6.1021767e-07  3.0882544e-05  2.0516567e-06  -2.5298047e-06  6.1985749e-06  4.1138155e-05  2.0490491e-05  
-3.6140057e-06  -1.5763741e-06  0.0000000   0.00052706447  -3.2408075e-05  -1.6180302e-06  3.3544706e-05  -1.9395134e-05  -5.6191334e-08  3.9679100e-07  -8.5209089e-08  -3.6140057e-06  -1.5763741e-06  0.0000000   0.00052706447  -3.2408075e-05  -1.6180302e-06  3.3544706e-05  -1.9395134e-05  -5.6191334e-08  3.9679100e-07  -8.5209089e-08  
2.7465101e-06  -2.1601214e-08  -0.00052706447  0.0000000   3.3597041e-06  -1.2689690e-07  -4.1452649e-05  -1.0172466e-05  7.6233542e-07  -9.7548047e-07  5.0586379e-08  2.7465101e-06  -2.1601214e-08  -0.00052706447  0.0000000   3.3597041e-06  -1.2689690e-07  -4.1452649e-05  -1.0172466e-05  7.6233542e-07  -9.7548047e-07  5.0586379e-08  
1.9013643e-06  6.1021767e-07  3.2408075e-05  -3.3597041e-06  0.0000000   -1.6602923e-06  4.2764498e-05  -9.0006778e-05  1.0103169e-07  -1.8304341e-07  1.7122828e-08  1.9013643e-06  6.1021767e-07  3.2408075e-05  -3.3597041e-06  0.0000000   -1.6602923e-06  4.2764498e-05  -9.0006778e-05  1.0103169e-07  -1.8304341e-07  1.7122828e-08  
2.4922267e-05  -3.0882544e-05  1.6180302e-06  1.2689690e-07  1.6602923e-06  0.0000000   1.2205538e-05  2.1710307e-05  -8.6522129e-05  9.0148483e-05  -1.1640012e-05  2.4922267e-05  -3.0882544e-05  1.6180302e-06  1.2689690e-07  1.6602923e-06  0.0000000   1.2205538e-05  2.1710307e-05  -8.6522129e-05  9.0148483e-05  -1.1640012e-05  
3.2142741e-06  -2.0516567e-06  -3.3544706e-05  4.1452649e-05  -4.2764498e-05  -1.2205538e-05  0.0000000   -0.0011684253  -3.7848581e-06  5.0676978e-06  7.6994999e-08  3.2142741e-06  -2.0516567e-06  -3.3544706e-05  4.1452649e-05  -4.2764498e-05  -1.2205538e-05  0.0000000   -0.0011684253  -3.7848581e-06  5.0676978e-06  7.6994999e-08  
1.0244499e-06  2.5298047e-06  1.9395134e-05  1.0172466e-05  9.0006778e-05  -2.1710307e-05  0.0011684253  0.0000000   -1.5455513e-06  -1.2067181e-06  -1.0006585e-06  1.0244499e-06  2.5298047e-06  1.9395134e-05  1.0172466e-05  9.0006778e-05  -2.1710307e-05  0.0011684253  0.0000000   -1.5455513e-06  -1.2067181e-06  -1.0006585e-06  
6.2449148e-06  -6.1985749e-06  5.6191334e-08  -7.6233542e-07  -1.0103169e-07  8.6522129e-05  3.7848581e-06  1.5455513e-06  0.0000000   0.00013858680  2.1242510e-05  6.2449148e-06  -6.1985749e-06  5.6191334e-08  -7.6233542e-07  -1.0103169e-07  8.6522129e-05  3.7848581e-06  1.5455513e-06  0.0000000   0.00013858680  2.1242510e-05  
1.0761342e-05  -4.1138155e-05  -3.9679100e-07  9.7548047e-07  1.8304341e-07  -9.0148483e-05  -5.0676978e-06  1.2067181e-06  -0.00013858680  0.0000000   -0.00011223059  1.0761342e-05  -4.1138155e-05  -3.9679100e-07  9.7548047e-07  1.8304341e-07  -9.0148483e-05  -5.0676978e-06  1.2067181e-06  -0.00013858680  0.0000000   -0.00011223059  
-2.3545941e-05  -2.0490491e-05  8.5209089e-08  -5.0586379e-08  -1.7122828e-08  1.1640012e-05  -7.6994999e-08  1.0006585e-06  -2.1242510e-05  0.00011223059  0.0000000   -2.3545941e-05  -2.0490491e-05  8.5209089e-08  -5.0586379e-08  -1.7122828e-08  1.1640012e-05  -7.6994999e-08  1.0006585e-06  -2.1242510e-05  0.00011223059  0.0000000   
