0.0000000   7.6150836e-07  0.00012051667  -5.1745250e-07  -3.5641620e-07  -3.1739384e-06  4.8873246e-07  -2.0560345e-07  3.4730098e-06  1.2451647e-07  2.8908992e-07  0.0000000   7.6150836e-07  0.00012051667  -5.1745250e-07  -3.5641620e-07  -3.1739384e-06  4.8873246e-07  -2.0560345e-07  3.4730098e-06  1.2451647e-07  2.8908992e-07  
-7.6150836e-07  0.0000000   -1.5972042e-07  3.3515181e-05  3.1855674e-05  -3.8975295e-07  -2.0454950e-05  -3.0591547e-05  -1.8234720e-07  -4.7710405e-07  -9.4281142e-06  -7.6150836e-07  0.0000000   -1.5972042e-07  3.3515181e-05  3.1855674e-05  -3.8975295e-07  -2.0454950e-05  -3.0591547e-05  -1.8234720e-07  -4.7710405e-07  -9.4281142e-06  
-0.00012051667  1.5972042e-07  0.0000000   2.2426005e-08  2.9867401e-07  4.7447467e-06  1.8315523e-07  -2.9443810e-08  -1.1743555e-05  2.0823434e-07  6.1161747e-07  -0.00012051667  1.5972042e-07  0.0000000   2.2426005e-08  2.9867401e-07  4.7447467e-06  1.8315523e-07  -2.9443810e-08  -1.1743555e-05  2.0823434e-07  6.1161747e-07  
5.1745250e-07  -3.3515181e-05  -2.2426005e-08  0.0000000   0.00018494067  -2.5661708e-07  -3.2273567e-05  -8.0457085e-06  1.3771187e-06  2.8782469e-05  -1.9430202e-06  5.1745250e-07  -3.3515181e-05  -2.2426005e-08  0.0000000   0.00018494067  -2.5661708e-07  -3.2273567e-05  -8.0457085e-06  1.3771187e-06  2.8782469e-05  -1.9430202e-06  
3.5641620e-07  -3.1855674e-05  -2.9867401e-07  -0.00018494067  0.0000000   -3.6038348e-08  1.5982382e-05  -4.2302830e-05  3.4406725e-06  7.9185692e-05  6.4337259e-05  3.5641620e-07  -3.1855674e-05  -2.9867401e-07  -0.00018494067  0.0000000   -3.6038348e-08  1.5982382e-05  -4.2302830e-05  3.4406725e-06  7.9185692e-05  6.4337259e-05  
3.1739384e-06  3.8975295e-07  -4.7447467e-06  2.5661708e-07  3.6038348e-08  0.0000000   -2.9975548e-06  2.4471246e-06  -0.00011640632  3.3259982e-06  6.7279025e-08  3.1739384e-06  3.8975295e-07  -4.7447467e-06  2.5661708e-07  3.6038348e-08  0.0000000   -2.9975548e-06  2.4471246e-06  -0.00011640632  3.3259982e-06  6.7279025e-08  
-4.8873246e-07  2.0454950e-05  -1.8315523e-07  3.2273567e-05  -1.5982382e-05  2.9975548e-06  0.0000000   0.00039459473  -1.1737713e-05  -0.00030156161  -1.4415799e-06  -4.8873246e-07  2.0454950e-05  -1.8315523e-07  3.2273567e-05  -1.5982382e-05  2.9975548e-06  0.0000000   0.00039459473  -1.1737713e-05  -0.00030156161  -1.4415799e-06  
2.0560345e-07  3.0591547e-05  2.9443810e-08  8.0457085e-06  4.2302830e-05  -2.4471246e-06  -0.00039459473  0.0000000   2.0722192e-06  2.3449947e-05  2.8598942e-05  2.0560345e-07  3.0591547e-05  2.9443810e-08  8.0457085e-06  4.2302830e-05  -2.4471246e-06  -0.00039459473  0.0000000   2.0722192e-06  2.3449947e-05  2.8598942e-05  
-3.4730098e-06  1.8234720e-07  1.1743555e-05  -1.3771187e-06  -3.4406725e-06  0.00011640632  1.1737713e-05  -2.0722192e-06  0.0000000   -3.4827526e-08  -1.2168185e-06  -3.4730098e-06  1.8234720e-07  1.1743555e-05  -1.3771187e-06  -3.4406725e-06  0.00011640632  1.1737713e-05  -2.0722192e-06  0.0000000   -3.4827526e-08  -1.2168185e-06  
-1.2451647e-07  4.7710405e-07  -2.0823434e-07  -2.8782469e-05  -7.9185692e-05  -3.3259982e-06  0.00030156161  -2.3449947e-05  3.4827526e-08  0.0000000   -2.9182190e-05  -1.2451647e-07  4.7710405e-07  -2.0823434e-07  -2.8782469e-05  -7.9185692e-05  -3.3259982e-06  0.00030156161  -2.3449947e-05  3.4827526e-08  0.0000000   -2.9182190e-05  
-2.8908992e-07  9.4281142e-06  -6.1161747e-07  1.9430202e-06  -6.4337259e-05  -6.7279025e-08  1.4415799e-06  -2.8598942e-05  1.2168185e-06  2.9182190e-05  0.0000000   -2.8908992e-07  9.4281142e-06  -6.1161747e-07  1.9430202e-06  -6.4337259e-05  -6.7279025e-08  1.4415799e-06  -2.8598942e-05  1.2168185e-06  2.9182190e-05  0.0000000   
0.0000000   7.6150836e-07  0.00012051667  -5.1745250e-07  -3.5641620e-07  -3.1739384e-06  4.8873246e-07  -2.0560345e-07  3.4730098e-06  1.2451647e-07  2.8908992e-07  0.0000000   7.6150836e-07  0.00012051667  -5.1745250e-07  -3.5641620e-07  -3.1739384e-06  4.8873246e-07  -2.0560345e-07  3.4730098e-06  1.2451647e-07  2.8908992e-07  
-7.6150836e-07  0.0000000   -1.5972042e-07  3.3515181e-05  3.1855674e-05  -3.8975295e-07  -2.0454950e-05  -3.0591547e-05  -1.8234720e-07  -4.7710405e-07  -9.4281142e-06  -7.6150836e-07  0.0000000   -1.5972042e-07  3.3515181e-05  3.1855674e-05  -3.8975295e-07  -2.0454950e-05  -3.0591547e-05  -1.8234720e-07  -4.7710405e-07  -9.4281142e-06  
-0.00012051667  1.5972042e-07  0.0000000   2.2426005e-08  2.9867401e-07  4.7447467e-06  1.8315523e-07  -2.9443810e-08  -1.1743555e-05  2.0823434e-07  6.1161747e-07  -0.00012051667  1.5972042e-07  0.0000000   2.2426005e-08  2.9867401e-07  4.7447467e-06  1.8315523e-07  -2.9443810e-08  -1.1743555e-05  2.0823434e-07  6.1161747e-07  
5.1745250e-07  -3.3515181e-05  -2.2426005e-08  0.0000000   0.00018494067  -2.5661708e-07  -3.2273567e-05  -8.0457085e-06  1.3771187e-06  2.8782469e-05  -1.9430202e-06  5.1745250e-07  -3.3515181e-05  -2.2426005e-08  0.0000000   0.00018494067  -2.5661708e-07  -3.2273567e-05  -8.0457085e-06  1.3771187e-06  2.8782469e-05  -1.9430202e-06  
3.5641620e-07  -3.1855674e-05  -2.9867401e-07  -0.00018494067  0.0000000   -3.6038348e-08  1.5982382e-05  -4.2302830e-05  3.4406725e-06  7.9185692e-05  6.4337259e-05  3.5641620e-07  -3.1855674e-05  -2.9867401e-07  -0.00018494067  0.0000000   -3.6038348e-08  1.5982382e-05  -4.2302830e-05  3.4406725e-06  7.9185692e-05  6.4337259e-05  
3.1739384e-06  3.8975295e-07  -4.7447467e-06  2.5661708e-07  3.6038348e-08  0.0000000   -2.9975548e-06  2.4471246e-06  -0.00011640632  3.3259982e-06  6.7279025e-08  3.1739384e-06  3.8975295e-07  -4.7447467e-06  2.5661708e-07  3.6038348e-08  0.0000000   -2.9975548e-06  2.4471246e-06  -0.00011640632  3.3259982e-06  6.7279025e-08  
-4.8873246e-07  2.0454950e-05  -1.8315523e-07  3.2273567e-05  -1.5982382e-05  2.9975548e-06  0.0000000   0.00039459473  -1.1737713e-05  -0.00030156161  -1.4415799e-06  -4.8873246e-07  2.0454950e-05  -1.8315523e-07  3.2273567e-05  -1.5982382e-05  2.9975548e-06  0.0000000   0.00039459473  -1.1737713e-05  -0.00030156161  -1.4415799e-06  
2.0560345e-07  3.0591547e-05  2.9443810e-08  8.0457085e-06  4.2302830e-05  -2.4471246e-06  -0.00039459473  0.0000000   2.0722192e-06  2.3449947e-05  2.8598942e-05  2.0560345e-07  3.0591547e-05  2.9443810e-08  8.0457085e-06  4.2302830e-05  -2.4471246e-06  -0.00039459473  0.0000000   2.0722192e-06  2.3449947e-05  2.8598942e-05  
-3.4730098e-06  1.8234720e-07  1.1743555e-05  -1.3771187e-06  -3.4406725e-06  0.00011640632  1.1737713e-05  -2.0722192e-06  0.0000000   -3.4827526e-08  -1.2168185e-06  -3.4730098e-06  1.8234720e-07  1.1743555e-05  -1.3771187e-06  -3.4406725e-06  0.00011640632  1.1737713e-05  -2.0722192e-06  0.0000000   -3.4827526e-08  -1.2168185e-06  
-1.2451647e-07  4.7710405e-07  -2.0823434e-07  -2.8782469e-05  -7.9185692e-05  -3.3259982e-06  0.00030156161  -2.3449947e-05  3.4827526e-08  0.0000000   -2.9182190e-05  -1.2451647e-07  4.7710405e-07  -2.0823434e-07  -2.8782469e-05  -7.9185692e-05  -3.3259982e-06  0.00030156161  -2.3449947e-05  3.4827526e-08  0.0000000   -2.9182190e-05  
-2.8908992e-07  9.4281142e-06  -6.1161747e-07  1.9430202e-06  -6.4337259e-05  -6.7279025e-08  1.4415799e-06  -2.8598942e-05  1.2168185e-06  2.9182190e-05  0.0000000   -2.8908992e-07  9.4281142e-06  -6.1161747e-07  1.9430202e-06  -6.4337259e-05  -6.7279025e-08  1.4415799e-06  -2.8598942e-05  1.2168185e-06  2.9182190e-05  0.0000000   
