0.0000000   -6.3980475e-07  -0.00017989306  7.1047156e-07  1.1684717e-06  -1.6268728e-06  2.9743247e-07  2.7957958e-05  6.8410785e-06  4.4071639e-07  -3.1090579e-05  0.0000000   -6.3980475e-07  -0.00017989306  7.1047156e-07  1.1684717e-06  -1.6268728e-06  2.9743247e-07  2.7957958e-05  6.8410785e-06  4.4071639e-07  -3.1090579e-05  
6.3980475e-07  0.0000000   -5.3766058e-07  -7.8881591e-05  4.2050715e-05  -0.00011789636  5.5180067e-05  -8.9193436e-07  -7.2505663e-08  -4.9643189e-07  -5.7127074e-08  6.3980475e-07  0.0000000   -5.3766058e-07  -7.8881591e-05  4.2050715e-05  -0.00011789636  5.5180067e-05  -8.9193436e-07  -7.2505663e-08  -4.9643189e-07  -5.7127074e-08  
0.00017989306  5.3766058e-07  0.0000000   1.1679970e-06  1.3111015e-06  -4.5225922e-08  -1.3233745e-06  -2.6367051e-05  2.1457221e-05  3.3243533e-05  2.1274695e-05  0.00017989306  5.3766058e-07  0.0000000   1.1679970e-06  1.3111015e-06  -4.5225922e-08  -1.3233745e-06  -2.6367051e-05  2.1457221e-05  3.3243533e-05  2.1274695e-05  
-7.1047156e-07  7.8881591e-05  -1.1679970e-06  0.0000000   -0.00024627118  -5.1695332e-05  -2.1784989e-05  5.8378757e-07  -3.0592820e-07  -5.2029111e-07  7.5340666e-08  -7.1047156e-07  7.8881591e-05  -1.1679970e-06  0.0000000   -0.00024627118  -5.1695332e-05  -2.1784989e-05  5.8378757e-07  -3.0592820e-07  -5.2029111e-07  7.5340666e-08  
-1.1684717e-06  -4.2050715e-05  -1.3111015e-06  0.00024627118  0.0000000   -0.00016410167  1.3249978e-05  -1.0710079e-06  -1.3977413e-06  -1.2593218e-06  -2.4194472e-07  -1.1684717e-06  -4.2050715e-05  -1.3111015e-06  0.00024627118  0.0000000   -0.00016410167  1.3249978e-05  -1.0710079e-06  -1.3977413e-06  -1.2593218e-06  -2.4194472e-07  
1.6268728e-06  0.00011789636  4.5225922e-08  5.1695332e-05  0.00016410167  0.0000000   -0.00026597722  2.6168512e-06  3.7654193e-07  3.9512755e-07  2.8981828e-07  1.6268728e-06  0.00011789636  4.5225922e-08  5.1695332e-05  0.00016410167  0.0000000   -0.00026597722  2.6168512e-06  3.7654193e-07  3.9512755e-07  2.8981828e-07  
-2.9743247e-07  -5.5180067e-05  1.3233745e-06  2.1784989e-05  -1.3249978e-05  0.00026597722  0.0000000   1.0240311e-06  -2.7503424e-06  1.7968477e-06  -7.8638893e-07  -2.9743247e-07  -5.5180067e-05  1.3233745e-06  2.1784989e-05  -1.3249978e-05  0.00026597722  0.0000000   1.0240311e-06  -2.7503424e-06  1.7968477e-06  -7.8638893e-07  
-2.7957958e-05  8.9193436e-07  2.6367051e-05  -5.8378757e-07  1.0710079e-06  -2.6168512e-06  -1.0240311e-06  0.0000000   -0.00025881471  2.4467686e-05  -4.5884610e-05  -2.7957958e-05  8.9193436e-07  2.6367051e-05  -5.8378757e-07  1.0710079e-06  -2.6168512e-06  -1.0240311e-06  0.0000000   -0.00025881471  2.4467686e-05  -4.5884610e-05  
-6.8410785e-06  7.2505663e-08  -2.1457221e-05  3.0592820e-07  1.3977413e-06  -3.7654193e-07  2.7503424e-06  0.00025881471  0.0000000   -0.00014504108  -0.00011642614  -6.8410785e-06  7.2505663e-08  -2.1457221e-05  3.0592820e-07  1.3977413e-06  -3.7654193e-07  2.7503424e-06  0.00025881471  0.0000000   -0.00014504108  -0.00011642614  
-4.4071639e-07  4.9643189e-07  -3.3243533e-05  5.2029111e-07  1.2593218e-06  -3.9512755e-07  -1.7968477e-06  -2.4467686e-05  0.00014504108  0.0000000   5.4436319e-05  -4.4071639e-07  4.9643189e-07  -3.3243533e-05  5.2029111e-07  1.2593218e-06  -3.9512755e-07  -1.7968477e-06  -2.4467686e-05  0.00014504108  0.0000000   5.4436319e-05  
3.1090579e-05  5.7127074e-08  -2.1274695e-05  -7.5340666e-08  2.4194472e-07  -2.8981828e-07  7.8638893e-07  4.5884610e-05  0.00011642614  -5.4436319e-05  0.0000000   3.1090579e-05  5.7127074e-08  -2.1274695e-05  -7.5340666e-08  2.4194472e-07  -2.8981828e-07  7.8638893e-07  4.5884610e-05  0.00011642614  -5.4436319e-05  0.0000000   
0.0000000   -6.3980475e-07  -0.00017989306  7.1047156e-07  1.1684717e-06  -1.6268728e-06  2.9743247e-07  2.7957958e-05  6.8410785e-06  4.4071639e-07  -3.1090579e-05  0.0000000   -6.3980475e-07  -0.00017989306  7.1047156e-07  1.1684717e-06  -1.6268728e-06  2.9743247e-07  2.7957958e-05  6.8410785e-06  4.4071639e-07  -3.1090579e-05  
6.3980475e-07  0.0000000   -5.3766058e-07  -7.8881591e-05  4.2050715e-05  -0.00011789636  5.5180067e-05  -8.9193436e-07  -7.2505663e-08  -4.9643189e-07  -5.7127074e-08  6.3980475e-07  0.0000000   -5.3766058e-07  -7.8881591e-05  4.2050715e-05  -0.00011789636  5.5180067e-05  -8.9193436e-07  -7.2505663e-08  -4.9643189e-07  -5.7127074e-08  
0.00017989306  5.3766058e-07  0.0000000   1.1679970e-06  1.3111015e-06  -4.5225922e-08  -1.3233745e-06  -2.6367051e-05  2.1457221e-05  3.3243533e-05  2.1274695e-05  0.00017989306  5.3766058e-07  0.0000000   1.1679970e-06  1.3111015e-06  -4.5225922e-08  -1.3233745e-06  -2.6367051e-05  2.1457221e-05  3.3243533e-05  2.1274695e-05  
-7.1047156e-07  7.8881591e-05  -1.1679970e-06  0.0000000   -0.00024627118  -5.1695332e-05  -2.1784989e-05  5.8378757e-07  -3.0592820e-07  -5.2029111e-07  7.5340666e-08  -7.1047156e-07  7.8881591e-05  -1.1679970e-06  0.0000000   -0.00024627118  -5.1695332e-05  -2.1784989e-05  5.8378757e-07  -3.0592820e-07  -5.2029111e-07  7.5340666e-08  
-1.1684717e-06  -4.2050715e-05  -1.3111015e-06  0.00024627118  0.0000000   -0.00016410167  1.3249978e-05  -1.0710079e-06  -1.3977413e-06  -1.2593218e-06  -2.4194472e-07  -1.1684717e-06  -4.2050715e-05  -1.3111015e-06  0.00024627118  0.0000000   -0.00016410167  1.3249978e-05  -1.0710079e-06  -1.3977413e-06  -1.2593218e-06  -2.4194472e-07  
1.6268728e-06  0.00011789636  4.5225922e-08  5.1695332e-05  0.00016410167  0.0000000   -0.00026597722  2.6168512e-06  3.7654193e-07  3.9512755e-07  2.8981828e-07  1.6268728e-06  0.00011789636  4.5225922e-08  5.1695332e-05  0.00016410167  0.0000000   -0.00026597722  2.6168512e-06  3.7654193e-07  3.9512755e-07  2.8981828e-07  
-2.9743247e-07  -5.5180067e-05  1.3233745e-06  2.1784989e-05  -1.3249978e-05  0.00026597722  0.0000000   1.0240311e-06  -2.7503424e-06  1.7968477e-06  -7.8638893e-07  -2.9743247e-07  -5.5180067e-05  1.3233745e-06  2.1784989e-05  -1.3249978e-05  0.00026597722  0.0000000   1.0240311e-06  -2.7503424e-06  1.7968477e-06  -7.8638893e-07  
-2.7957958e-05  8.9193436e-07  2.6367051e-05  -5.8378757e-07  1.0710079e-06  -2.6168512e-06  -1.0240311e-06  0.0000000   -0.00025881471  2.4467686e-05  -4.5884610e-05  -2.7957958e-05  8.9193436e-07  2.6367051e-05  -5.8378757e-07  1.0710079e-06  -2.6168512e-06  -1.0240311e-06  0.0000000   -0.00025881471  2.4467686e-05  -4.5884610e-05  
-6.8410785e-06  7.2505663e-08  -2.1457221e-05  3.0592820e-07  1.3977413e-06  -3.7654193e-07  2.7503424e-06  0.00025881471  0.0000000   -0.00014504108  -0.00011642614  -6.8410785e-06  7.2505663e-08  -2.1457221e-05  3.0592820e-07  1.3977413e-06  -3.7654193e-07  2.7503424e-06  0.00025881471  0.0000000   -0.00014504108  -0.00011642614  
-4.4071639e-07  4.9643189e-07  -3.3243533e-05  5.2029111e-07  1.2593218e-06  -3.9512755e-07  -1.7968477e-06  -2.4467686e-05  0.00014504108  0.0000000   5.4436319e-05  -4.4071639e-07  4.9643189e-07  -3.3243533e-05  5.2029111e-07  1.2593218e-06  -3.9512755e-07  -1.7968477e-06  -2.4467686e-05  0.00014504108  0.0000000   5.4436319e-05  
3.1090579e-05  5.7127074e-08  -2.1274695e-05  -7.5340666e-08  2.4194472e-07  -2.8981828e-07  7.8638893e-07  4.5884610e-05  0.00011642614  -5.4436319e-05  0.0000000   3.1090579e-05  5.7127074e-08  -2.1274695e-05  -7.5340666e-08  2.4194472e-07  -2.8981828e-07  7.8638893e-07  4.5884610e-05  0.00011642614  -5.4436319e-05  0.0000000   
