0.0000000   0.00022424652  -5.6764782e-07  -2.3709014e-07  2.0913090e-06  4.1111899e-07  6.0151821e-07  -1.9328212e-07  -3.3472446e-07  -8.4806800e-07  1.3794775e-07  0.0000000   0.00022424652  -5.6764782e-07  -2.3709014e-07  2.0913090e-06  4.1111899e-07  6.0151821e-07  -1.9328212e-07  -3.3472446e-07  -8.4806800e-07  1.3794775e-07  
-0.00022424652  0.0000000   1.1265047e-08  7.8316062e-07  -2.5213539e-05  -4.0324836e-07  -5.4798723e-07  1.5968177e-07  1.4943344e-07  -1.5299366e-07  -3.6214465e-07  -0.00022424652  0.0000000   1.1265047e-08  7.8316062e-07  -2.5213539e-05  -4.0324836e-07  -5.4798723e-07  1.5968177e-07  1.4943344e-07  -1.5299366e-07  -3.6214465e-07  
5.6764782e-07  -1.1265047e-08  0.0000000   0.00012494105  3.6866277e-07  2.5185112e-05  -2.2731152e-05  -2.9879436e-05  -5.5915096e-05  1.8437332e-05  1.3497102e-05  5.6764782e-07  -1.1265047e-08  0.0000000   0.00012494105  3.6866277e-07  2.5185112e-05  -2.2731152e-05  -2.9879436e-05  -5.5915096e-05  1.8437332e-05  1.3497102e-05  
2.3709014e-07  -7.8316062e-07  -0.00012494105  0.0000000   8.8744207e-07  3.3023999e-05  5.8353274e-06  4.1841064e-06  -2.7435639e-05  6.9482092e-06  -4.7251939e-06  2.3709014e-07  -7.8316062e-07  -0.00012494105  0.0000000   8.8744207e-07  3.3023999e-05  5.8353274e-06  4.1841064e-06  -2.7435639e-05  6.9482092e-06  -4.7251939e-06  
-2.0913090e-06  2.5213539e-05  -3.6866277e-07  -8.8744207e-07  0.0000000   -3.3179854e-07  -8.3431931e-07  -2.8626641e-07  -1.9056151e-06  6.9210249e-07  8.9647525e-08  -2.0913090e-06  2.5213539e-05  -3.6866277e-07  -8.8744207e-07  0.0000000   -3.3179854e-07  -8.3431931e-07  -2.8626641e-07  -1.9056151e-06  6.9210249e-07  8.9647525e-08  
-4.1111899e-07  4.0324836e-07  -2.5185112e-05  -3.3023999e-05  3.3179854e-07  0.0000000   7.8593581e-05  0.00031395330  0.00023353647  -6.6587175e-05  1.4392505e-05  -4.1111899e-07  4.0324836e-07  -2.5185112e-05  -3.3023999e-05  3.3179854e-07  0.0000000   7.8593581e-05  0.00031395330  0.00023353647  -6.6587175e-05  1.4392505e-05  
-6.0151821e-07  5.4798723e-07  2.2731152e-05  -5.8353274e-06  8.3431931e-07  -7.8593581e-05  0.0000000   -5.8370012e-05  5.6239744e-05  0.00030958763  -8.3408186e-06  -6.0151821e-07  5.4798723e-07  2.2731152e-05  -5.8353274e-06  8.3431931e-07  -7.8593581e-05  0.0000000   -5.8370012e-05  5.6239744e-05  0.00030958763  -8.3408186e-06  
1.9328212e-07  -1.5968177e-07  2.9879436e-05  -4.1841064e-06  2.8626641e-07  -0.00031395330  5.8370012e-05  0.0000000   2.1056744e-06  -0.00011283464  -3.5884378e-06  1.9328212e-07  -1.5968177e-07  2.9879436e-05  -4.1841064e-06  2.8626641e-07  -0.00031395330  5.8370012e-05  0.0000000   2.1056744e-06  -0.00011283464  -3.5884378e-06  
3.3472446e-07  -1.4943344e-07  5.5915096e-05  2.7435639e-05  1.9056151e-06  -0.00023353647  -5.6239744e-05  -2.1056744e-06  0.0000000   0.00070432849  9.9018784e-05  3.3472446e-07  -1.4943344e-07  5.5915096e-05  2.7435639e-05  1.9056151e-06  -0.00023353647  -5.6239744e-05  -2.1056744e-06  0.0000000   0.00070432849  9.9018784e-05  
8.4806800e-07  1.5299366e-07  -1.8437332e-05  -6.9482092e-06  -6.9210249e-07  6.6587175e-05  -0.00030958763  0.00011283464  -0.00070432849  0.0000000   -3.0597387e-05  8.4806800e-07  1.5299366e-07  -1.8437332e-05  -6.9482092e-06  -6.9210249e-07  6.6587175e-05  -0.00030958763  0.00011283464  -0.00070432849  0.0000000   -3.0597387e-05  
-1.3794775e-07  3.6214465e-07  -1.3497102e-05  4.7251939e-06  -8.9647525e-08  -1.4392505e-05  8.3408186e-06  3.5884378e-06  -9.9018784e-05  3.0597387e-05  0.0000000   -1.3794775e-07  3.6214465e-07  -1.3497102e-05  4.7251939e-06  -8.9647525e-08  -1.4392505e-05  8.3408186e-06  3.5884378e-06  -9.9018784e-05  3.0597387e-05  0.0000000   
0.0000000   0.00022424652  -5.6764782e-07  -2.3709014e-07  2.0913090e-06  4.1111899e-07  6.0151821e-07  -1.9328212e-07  -3.3472446e-07  -8.4806800e-07  1.3794775e-07  0.0000000   0.00022424652  -5.6764782e-07  -2.3709014e-07  2.0913090e-06  4.1111899e-07  6.0151821e-07  -1.9328212e-07  -3.3472446e-07  -8.4806800e-07  1.3794775e-07  
-0.00022424652  0.0000000   1.1265047e-08  7.8316062e-07  -2.5213539e-05  -4.0324836e-07  -5.4798723e-07  1.5968177e-07  1.4943344e-07  -1.5299366e-07  -3.6214465e-07  -0.00022424652  0.0000000   1.1265047e-08  7.8316062e-07  -2.5213539e-05  -4.0324836e-07  -5.4798723e-07  1.5968177e-07  1.4943344e-07  -1.5299366e-07  -3.6214465e-07  
5.6764782e-07  -1.1265047e-08  0.0000000   0.00012494105  3.6866277e-07  2.5185112e-05  -2.2731152e-05  -2.9879436e-05  -5.5915096e-05  1.8437332e-05  1.3497102e-05  5.6764782e-07  -1.1265047e-08  0.0000000   0.00012494105  3.6866277e-07  2.5185112e-05  -2.2731152e-05  -2.9879436e-05  -5.5915096e-05  1.8437332e-05  1.3497102e-05  
2.3709014e-07  -7.8316062e-07  -0.00012494105  0.0000000   8.8744207e-07  3.3023999e-05  5.8353274e-06  4.1841064e-06  -2.7435639e-05  6.9482092e-06  -4.7251939e-06  2.3709014e-07  -7.8316062e-07  -0.00012494105  0.0000000   8.8744207e-07  3.3023999e-05  5.8353274e-06  4.1841064e-06  -2.7435639e-05  6.9482092e-06  -4.7251939e-06  
-2.0913090e-06  2.5213539e-05  -3.6866277e-07  -8.8744207e-07  0.0000000   -3.3179854e-07  -8.3431931e-07  -2.8626641e-07  -1.9056151e-06  6.9210249e-07  8.9647525e-08  -2.0913090e-06  2.5213539e-05  -3.6866277e-07  -8.8744207e-07  0.0000000   -3.3179854e-07  -8.3431931e-07  -2.8626641e-07  -1.9056151e-06  6.9210249e-07  8.9647525e-08  
-4.1111899e-07  4.0324836e-07  -2.5185112e-05  -3.3023999e-05  3.3179854e-07  0.0000000   7.8593581e-05  0.00031395330  0.00023353647  -6.6587175e-05  1.4392505e-05  -4.1111899e-07  4.0324836e-07  -2.5185112e-05  -3.3023999e-05  3.3179854e-07  0.0000000   7.8593581e-05  0.00031395330  0.00023353647  -6.6587175e-05  1.4392505e-05  
-6.0151821e-07  5.4798723e-07  2.2731152e-05  -5.8353274e-06  8.3431931e-07  -7.8593581e-05  0.0000000   -5.8370012e-05  5.6239744e-05  0.00030958763  -8.3408186e-06  -6.0151821e-07  5.4798723e-07  2.2731152e-05  -5.8353274e-06  8.3431931e-07  -7.8593581e-05  0.0000000   -5.8370012e-05  5.6239744e-05  0.00030958763  -8.3408186e-06  
1.9328212e-07  -1.5968177e-07  2.9879436e-05  -4.1841064e-06  2.8626641e-07  -0.00031395330  5.8370012e-05  0.0000000   2.1056744e-06  -0.00011283464  -3.5884378e-06  1.9328212e-07  -1.5968177e-07  2.9879436e-05  -4.1841064e-06  2.8626641e-07  -0.00031395330  5.8370012e-05  0.0000000   2.1056744e-06  -0.00011283464  -3.5884378e-06  
3.3472446e-07  -1.4943344e-07  5.5915096e-05  2.7435639e-05  1.9056151e-06  -0.00023353647  -5.6239744e-05  -2.1056744e-06  0.0000000   0.00070432849  9.9018784e-05  3.3472446e-07  -1.4943344e-07  5.5915096e-05  2.7435639e-05  1.9056151e-06  -0.00023353647  -5.6239744e-05  -2.1056744e-06  0.0000000   0.00070432849  9.9018784e-05  
8.4806800e-07  1.5299366e-07  -1.8437332e-05  -6.9482092e-06  -6.9210249e-07  6.6587175e-05  -0.00030958763  0.00011283464  -0.00070432849  0.0000000   -3.0597387e-05  8.4806800e-07  1.5299366e-07  -1.8437332e-05  -6.9482092e-06  -6.9210249e-07  6.6587175e-05  -0.00030958763  0.00011283464  -0.00070432849  0.0000000   -3.0597387e-05  
-1.3794775e-07  3.6214465e-07  -1.3497102e-05  4.7251939e-06  -8.9647525e-08  -1.4392505e-05  8.3408186e-06  3.5884378e-06  -9.9018784e-05  3.0597387e-05  0.0000000   -1.3794775e-07  3.6214465e-07  -1.3497102e-05  4.7251939e-06  -8.9647525e-08  -1.4392505e-05  8.3408186e-06  3.5884378e-06  -9.9018784e-05  3.0597387e-05  0.0000000   
