0.0000000   -4.1326680e-07  7.0779065e-08  -4.5754947e-07  -4.5954673e-06  6.2398115e-06  5.2348238e-06  2.7180527e-05  -1.4392050e-06  2.5172666e-07  2.2199044e-05  0.0000000   -4.1326680e-07  7.0779065e-08  -4.5754947e-07  -4.5954673e-06  6.2398115e-06  5.2348238e-06  2.7180527e-05  -1.4392050e-06  2.5172666e-07  2.2199044e-05  
4.1326680e-07  0.0000000   -4.7638275e-06  -4.6075430e-06  -6.0547298e-07  -0.00012047007  8.1463812e-06  2.5380379e-07  -1.0935833e-06  -8.3961028e-06  9.8967291e-07  4.1326680e-07  0.0000000   -4.7638275e-06  -4.6075430e-06  -6.0547298e-07  -0.00012047007  8.1463812e-06  2.5380379e-07  -1.0935833e-06  -8.3961028e-06  9.8967291e-07  
-7.0779065e-08  4.7638275e-06  0.0000000   -0.00018851843  -5.6619631e-07  -1.9804647e-05  1.4992147e-06  2.9826089e-07  1.1797521e-05  0.00011241283  -6.6153044e-07  -7.0779065e-08  4.7638275e-06  0.0000000   -0.00018851843  -5.6619631e-07  -1.9804647e-05  1.4992147e-06  2.9826089e-07  1.1797521e-05  0.00011241283  -6.6153044e-07  
4.5754947e-07  4.6075430e-06  0.00018851843  0.0000000   7.3796435e-07  -3.4396041e-05  2.2512443e-06  2.6175465e-07  -1.2020423e-05  -0.00011055482  -7.6725171e-07  4.5754947e-07  4.6075430e-06  0.00018851843  0.0000000   7.3796435e-07  -3.4396041e-05  2.2512443e-06  2.6175465e-07  -1.2020423e-05  -0.00011055482  -7.6725171e-07  
4.5954673e-06  6.0547298e-07  5.6619631e-07  -7.3796435e-07  0.0000000   -7.0320835e-07  -1.0892162e-05  -5.4716984e-05  -0.00010339894  1.0073328e-05  5.9303022e-06  4.5954673e-06  6.0547298e-07  5.6619631e-07  -7.3796435e-07  0.0000000   -7.0320835e-07  -1.0892162e-05  -5.4716984e-05  -0.00010339894  1.0073328e-05  5.9303022e-06  
-6.2398115e-06  0.00012047007  1.9804647e-05  3.4396041e-05  7.0320835e-07  0.0000000   1.0980877e-06  3.6365536e-05  8.6762938e-06  2.5301744e-05  1.1772242e-06  -6.2398115e-06  0.00012047007  1.9804647e-05  3.4396041e-05  7.0320835e-07  0.0000000   1.0980877e-06  3.6365536e-05  8.6762938e-06  2.5301744e-05  1.1772242e-06  
-5.2348238e-06  -8.1463812e-06  -1.4992147e-06  -2.2512443e-06  1.0892162e-05  -1.0980877e-06  0.0000000   0.00048617729  7.0893023e-05  -7.3447125e-06  1.1290403e-05  -5.2348238e-06  -8.1463812e-06  -1.4992147e-06  -2.2512443e-06  1.0892162e-05  -1.0980877e-06  0.0000000   0.00048617729  7.0893023e-05  -7.3447125e-06  1.1290403e-05  
-2.7180527e-05  -2.5380379e-07  -2.9826089e-07  -2.6175465e-07  5.4716984e-05  -3.6365536e-05  -0.00048617729  0.0000000   -0.00029307259  3.1850507e-05  1.4496710e-05  -2.7180527e-05  -2.5380379e-07  -2.9826089e-07  -2.6175465e-07  5.4716984e-05  -3.6365536e-05  -0.00048617729  0.0000000   -0.00029307259  3.1850507e-05  1.4496710e-05  
1.4392050e-06  1.0935833e-06  -1.1797521e-05  1.2020423e-05  0.00010339894  -8.6762938e-06  -7.0893023e-05  0.00029307259  0.0000000   -4.2544896e-08  0.00026319316  1.4392050e-06  1.0935833e-06  -1.1797521e-05  1.2020423e-05  0.00010339894  -8.6762938e-06  -7.0893023e-05  0.00029307259  0.0000000   -4.2544896e-08  0.00026319316  
-2.5172666e-07  8.3961028e-06  -0.00011241283  0.00011055482  -1.0073328e-05  -2.5301744e-05  7.3447125e-06  -3.1850507e-05  4.2544896e-08  0.0000000   -2.7114185e-05  -2.5172666e-07  8.3961028e-06  -0.00011241283  0.00011055482  -1.0073328e-05  -2.5301744e-05  7.3447125e-06  -3.1850507e-05  4.2544896e-08  0.0000000   -2.7114185e-05  
-2.2199044e-05  -9.8967291e-07  6.6153044e-07  7.6725171e-07  -5.9303022e-06  -1.1772242e-06  -1.1290403e-05  -1.4496710e-05  -0.00026319316  2.7114185e-05  0.0000000   -2.2199044e-05  -9.8967291e-07  6.6153044e-07  7.6725171e-07  -5.9303022e-06  -1.1772242e-06  -1.1290403e-05  -1.4496710e-05  -0.00026319316  2.7114185e-05  0.0000000   
0.0000000   -4.1326680e-07  7.0779065e-08  -4.5754947e-07  -4.5954673e-06  6.2398115e-06  5.2348238e-06  2.7180527e-05  -1.4392050e-06  2.5172666e-07  2.2199044e-05  0.0000000   -4.1326680e-07  7.0779065e-08  -4.5754947e-07  -4.5954673e-06  6.2398115e-06  5.2348238e-06  2.7180527e-05  -1.4392050e-06  2.5172666e-07  2.2199044e-05  
4.1326680e-07  0.0000000   -4.7638275e-06  -4.6075430e-06  -6.0547298e-07  -0.00012047007  8.1463812e-06  2.5380379e-07  -1.0935833e-06  -8.3961028e-06  9.8967291e-07  4.1326680e-07  0.0000000   -4.7638275e-06  -4.6075430e-06  -6.0547298e-07  -0.00012047007  8.1463812e-06  2.5380379e-07  -1.0935833e-06  -8.3961028e-06  9.8967291e-07  
-7.0779065e-08  4.7638275e-06  0.0000000   -0.00018851843  -5.6619631e-07  -1.9804647e-05  1.4992147e-06  2.9826089e-07  1.1797521e-05  0.00011241283  -6.6153044e-07  -7.0779065e-08  4.7638275e-06  0.0000000   -0.00018851843  -5.6619631e-07  -1.9804647e-05  1.4992147e-06  2.9826089e-07  1.1797521e-05  0.00011241283  -6.6153044e-07  
4.5754947e-07  4.6075430e-06  0.00018851843  0.0000000   7.3796435e-07  -3.4396041e-05  2.2512443e-06  2.6175465e-07  -1.2020423e-05  -0.00011055482  -7.6725171e-07  4.5754947e-07  4.6075430e-06  0.00018851843  0.0000000   7.3796435e-07  -3.4396041e-05  2.2512443e-06  2.6175465e-07  -1.2020423e-05  -0.00011055482  -7.6725171e-07  
4.5954673e-06  6.0547298e-07  5.6619631e-07  -7.3796435e-07  0.0000000   -7.0320835e-07  -1.0892162e-05  -5.4716984e-05  -0.00010339894  1.0073328e-05  5.9303022e-06  4.5954673e-06  6.0547298e-07  5.6619631e-07  -7.3796435e-07  0.0000000   -7.0320835e-07  -1.0892162e-05  -5.4716984e-05  -0.00010339894  1.0073328e-05  5.9303022e-06  
-6.2398115e-06  0.00012047007  1.9804647e-05  3.4396041e-05  7.0320835e-07  0.0000000   1.0980877e-06  3.6365536e-05  8.6762938e-06  2.5301744e-05  1.1772242e-06  -6.2398115e-06  0.00012047007  1.9804647e-05  3.4396041e-05  7.0320835e-07  0.0000000   1.0980877e-06  3.6365536e-05  8.6762938e-06  2.5301744e-05  1.1772242e-06  
-5.2348238e-06  -8.1463812e-06  -1.4992147e-06  -2.2512443e-06  1.0892162e-05  -1.0980877e-06  0.0000000   0.00048617729  7.0893023e-05  -7.3447125e-06  1.1290403e-05  -5.2348238e-06  -8.1463812e-06  -1.4992147e-06  -2.2512443e-06  1.0892162e-05  -1.0980877e-06  0.0000000   0.00048617729  7.0893023e-05  -7.3447125e-06  1.1290403e-05  
-2.7180527e-05  -2.5380379e-07  -2.9826089e-07  -2.6175465e-07  5.4716984e-05  -3.6365536e-05  -0.00048617729  0.0000000   -0.00029307259  3.1850507e-05  1.4496710e-05  -2.7180527e-05  -2.5380379e-07  -2.9826089e-07  -2.6175465e-07  5.4716984e-05  -3.6365536e-05  -0.00048617729  0.0000000   -0.00029307259  3.1850507e-05  1.4496710e-05  
1.4392050e-06  1.0935833e-06  -1.1797521e-05  1.2020423e-05  0.00010339894  -8.6762938e-06  -7.0893023e-05  0.00029307259  0.0000000   -4.2544896e-08  0.00026319316  1.4392050e-06  1.0935833e-06  -1.1797521e-05  1.2020423e-05  0.00010339894  -8.6762938e-06  -7.0893023e-05  0.00029307259  0.0000000   -4.2544896e-08  0.00026319316  
-2.5172666e-07  8.3961028e-06  -0.00011241283  0.00011055482  -1.0073328e-05  -2.5301744e-05  7.3447125e-06  -3.1850507e-05  4.2544896e-08  0.0000000   -2.7114185e-05  -2.5172666e-07  8.3961028e-06  -0.00011241283  0.00011055482  -1.0073328e-05  -2.5301744e-05  7.3447125e-06  -3.1850507e-05  4.2544896e-08  0.0000000   -2.7114185e-05  
-2.2199044e-05  -9.8967291e-07  6.6153044e-07  7.6725171e-07  -5.9303022e-06  -1.1772242e-06  -1.1290403e-05  -1.4496710e-05  -0.00026319316  2.7114185e-05  0.0000000   -2.2199044e-05  -9.8967291e-07  6.6153044e-07  7.6725171e-07  -5.9303022e-06  -1.1772242e-06  -1.1290403e-05  -1.4496710e-05  -0.00026319316  2.7114185e-05  0.0000000   
