0.0000000   5.8627794e-07  -2.4651576e-06  3.2425743e-07  -2.1916109e-05  0.00017118842  -1.3801054e-05  8.7749446e-05  -3.1860731e-07  2.3882344e-06  1.7110313e-07  0.0000000   5.8627794e-07  -2.4651576e-06  3.2425743e-07  -2.1916109e-05  0.00017118842  -1.3801054e-05  8.7749446e-05  -3.1860731e-07  2.3882344e-06  1.7110313e-07  
-5.8627794e-07  0.0000000   0.00020933806  3.1790013e-05  3.6181060e-07  -4.1790891e-06  -7.8607285e-07  2.5251964e-06  2.5787772e-06  -3.6575157e-07  -2.9290981e-06  -5.8627794e-07  0.0000000   0.00020933806  3.1790013e-05  3.6181060e-07  -4.1790891e-06  -7.8607285e-07  2.5251964e-06  2.5787772e-06  -3.6575157e-07  -2.9290981e-06  
2.4651576e-06  -0.00020933806  0.0000000   0.00015078507  1.8229973e-06  2.1255135e-06  1.9869653e-06  -2.1097488e-06  -2.7486644e-05  3.1613346e-07  -7.8465956e-06  2.4651576e-06  -0.00020933806  0.0000000   0.00015078507  1.8229973e-06  2.1255135e-06  1.9869653e-06  -2.1097488e-06  -2.7486644e-05  3.1613346e-07  -7.8465956e-06  
-3.2425743e-07  -3.1790013e-05  -0.00015078507  0.0000000   9.8865212e-08  2.0458192e-06  -1.1762756e-06  -9.8838646e-07  -2.3204983e-05  4.4550444e-07  8.9142477e-06  -3.2425743e-07  -3.1790013e-05  -0.00015078507  0.0000000   9.8865212e-08  2.0458192e-06  -1.1762756e-06  -9.8838646e-07  -2.3204983e-05  4.4550444e-07  8.9142477e-06  
2.1916109e-05  -3.6181060e-07  -1.8229973e-06  -9.8865212e-08  0.0000000   -8.9443226e-05  -4.1971903e-05  9.8512477e-06  1.8720150e-07  -4.8567608e-05  -2.2116153e-07  2.1916109e-05  -3.6181060e-07  -1.8229973e-06  -9.8865212e-08  0.0000000   -8.9443226e-05  -4.1971903e-05  9.8512477e-06  1.8720150e-07  -4.8567608e-05  -2.2116153e-07  
-0.00017118842  4.1790891e-06  -2.1255135e-06  -2.0458192e-06  8.9443226e-05  0.0000000   -0.0024491903  0.00020340999  -2.7320214e-06  -2.2137079e-05  -9.8806869e-07  -0.00017118842  4.1790891e-06  -2.1255135e-06  -2.0458192e-06  8.9443226e-05  0.0000000   -0.0024491903  0.00020340999  -2.7320214e-06  -2.2137079e-05  -9.8806869e-07  
1.3801054e-05  7.8607285e-07  -1.9869653e-06  1.1762756e-06  4.1971903e-05  0.0024491903  0.0000000   -0.0012929324  -1.1005942e-05  0.00020842475  1.5180832e-06  1.3801054e-05  7.8607285e-07  -1.9869653e-06  1.1762756e-06  4.1971903e-05  0.0024491903  0.0000000   -0.0012929324  -1.1005942e-05  0.00020842475  1.5180832e-06  
-8.7749446e-05  -2.5251964e-06  2.1097488e-06  9.8838646e-07  -9.8512477e-06  -0.00020340999  0.0012929324  0.0000000   2.8520631e-06  0.00013504204  5.8737883e-07  -8.7749446e-05  -2.5251964e-06  2.1097488e-06  9.8838646e-07  -9.8512477e-06  -0.00020340999  0.0012929324  0.0000000   2.8520631e-06  0.00013504204  5.8737883e-07  
3.1860731e-07  -2.5787772e-06  2.7486644e-05  2.3204983e-05  -1.8720150e-07  2.7320214e-06  1.1005942e-05  -2.8520631e-06  0.0000000   1.7709029e-07  7.9787898e-05  3.1860731e-07  -2.5787772e-06  2.7486644e-05  2.3204983e-05  -1.8720150e-07  2.7320214e-06  1.1005942e-05  -2.8520631e-06  0.0000000   1.7709029e-07  7.9787898e-05  
-2.3882344e-06  3.6575157e-07  -3.1613346e-07  -4.4550444e-07  4.8567608e-05  2.2137079e-05  -0.00020842475  -0.00013504204  -1.7709029e-07  0.0000000   8.1397563e-08  -2.3882344e-06  3.6575157e-07  -3.1613346e-07  -4.4550444e-07  4.8567608e-05  2.2137079e-05  -0.00020842475  -0.00013504204  -1.7709029e-07  0.0000000   8.1397563e-08  
-1.7110313e-07  2.9290981e-06  7.8465956e-06  -8.9142477e-06  2.2116153e-07  9.8806869e-07  -1.5180832e-06  -5.8737883e-07  -7.9787898e-05  -8.1397563e-08  0.0000000   -1.7110313e-07  2.9290981e-06  7.8465956e-06  -8.9142477e-06  2.2116153e-07  9.8806869e-07  -1.5180832e-06  -5.8737883e-07  -7.9787898e-05  -8.1397563e-08  0.0000000   
0.0000000   5.8627794e-07  -2.4651576e-06  3.2425743e-07  -2.1916109e-05  0.00017118842  -1.3801054e-05  8.7749446e-05  -3.1860731e-07  2.3882344e-06  1.7110313e-07  0.0000000   5.8627794e-07  -2.4651576e-06  3.2425743e-07  -2.1916109e-05  0.00017118842  -1.3801054e-05  8.7749446e-05  -3.1860731e-07  2.3882344e-06  1.7110313e-07  
-5.8627794e-07  0.0000000   0.00020933806  3.1790013e-05  3.6181060e-07  -4.1790891e-06  -7.8607285e-07  2.5251964e-06  2.5787772e-06  -3.6575157e-07  -2.9290981e-06  -5.8627794e-07  0.0000000   0.00020933806  3.1790013e-05  3.6181060e-07  -4.1790891e-06  -7.8607285e-07  2.5251964e-06  2.5787772e-06  -3.6575157e-07  -2.9290981e-06  
2.4651576e-06  -0.00020933806  0.0000000   0.00015078507  1.8229973e-06  2.1255135e-06  1.9869653e-06  -2.1097488e-06  -2.7486644e-05  3.1613346e-07  -7.8465956e-06  2.4651576e-06  -0.00020933806  0.0000000   0.00015078507  1.8229973e-06  2.1255135e-06  1.9869653e-06  -2.1097488e-06  -2.7486644e-05  3.1613346e-07  -7.8465956e-06  
-3.2425743e-07  -3.1790013e-05  -0.00015078507  0.0000000   9.8865212e-08  2.0458192e-06  -1.1762756e-06  -9.8838646e-07  -2.3204983e-05  4.4550444e-07  8.9142477e-06  -3.2425743e-07  -3.1790013e-05  -0.00015078507  0.0000000   9.8865212e-08  2.0458192e-06  -1.1762756e-06  -9.8838646e-07  -2.3204983e-05  4.4550444e-07  8.9142477e-06  
2.1916109e-05  -3.6181060e-07  -1.8229973e-06  -9.8865212e-08  0.0000000   -8.9443226e-05  -4.1971903e-05  9.8512477e-06  1.8720150e-07  -4.8567608e-05  -2.2116153e-07  2.1916109e-05  -3.6181060e-07  -1.8229973e-06  -9.8865212e-08  0.0000000   -8.9443226e-05  -4.1971903e-05  9.8512477e-06  1.8720150e-07  -4.8567608e-05  -2.2116153e-07  
-0.00017118842  4.1790891e-06  -2.1255135e-06  -2.0458192e-06  8.9443226e-05  0.0000000   -0.0024491903  0.00020340999  -2.7320214e-06  -2.2137079e-05  -9.8806869e-07  -0.00017118842  4.1790891e-06  -2.1255135e-06  -2.0458192e-06  8.9443226e-05  0.0000000   -0.0024491903  0.00020340999  -2.7320214e-06  -2.2137079e-05  -9.8806869e-07  
1.3801054e-05  7.8607285e-07  -1.9869653e-06  1.1762756e-06  4.1971903e-05  0.0024491903  0.0000000   -0.0012929324  -1.1005942e-05  0.00020842475  1.5180832e-06  1.3801054e-05  7.8607285e-07  -1.9869653e-06  1.1762756e-06  4.1971903e-05  0.0024491903  0.0000000   -0.0012929324  -1.1005942e-05  0.00020842475  1.5180832e-06  
-8.7749446e-05  -2.5251964e-06  2.1097488e-06  9.8838646e-07  -9.8512477e-06  -0.00020340999  0.0012929324  0.0000000   2.8520631e-06  0.00013504204  5.8737883e-07  -8.7749446e-05  -2.5251964e-06  2.1097488e-06  9.8838646e-07  -9.8512477e-06  -0.00020340999  0.0012929324  0.0000000   2.8520631e-06  0.00013504204  5.8737883e-07  
3.1860731e-07  -2.5787772e-06  2.7486644e-05  2.3204983e-05  -1.8720150e-07  2.7320214e-06  1.1005942e-05  -2.8520631e-06  0.0000000   1.7709029e-07  7.9787898e-05  3.1860731e-07  -2.5787772e-06  2.7486644e-05  2.3204983e-05  -1.8720150e-07  2.7320214e-06  1.1005942e-05  -2.8520631e-06  0.0000000   1.7709029e-07  7.9787898e-05  
-2.3882344e-06  3.6575157e-07  -3.1613346e-07  -4.4550444e-07  4.8567608e-05  2.2137079e-05  -0.00020842475  -0.00013504204  -1.7709029e-07  0.0000000   8.1397563e-08  -2.3882344e-06  3.6575157e-07  -3.1613346e-07  -4.4550444e-07  4.8567608e-05  2.2137079e-05  -0.00020842475  -0.00013504204  -1.7709029e-07  0.0000000   8.1397563e-08  
-1.7110313e-07  2.9290981e-06  7.8465956e-06  -8.9142477e-06  2.2116153e-07  9.8806869e-07  -1.5180832e-06  -5.8737883e-07  -7.9787898e-05  -8.1397563e-08  0.0000000   -1.7110313e-07  2.9290981e-06  7.8465956e-06  -8.9142477e-06  2.2116153e-07  9.8806869e-07  -1.5180832e-06  -5.8737883e-07  -7.9787898e-05  -8.1397563e-08  0.0000000   
