0.0000000   -0.00015444451  -5.8584812e-07  7.1662036e-05  9.1901241e-08  -4.0179370e-05  -4.8792638e-07  6.4778446e-05  7.3594220e-09  -1.5141545e-05  -2.5387507e-07  0.0000000   -0.00015444451  -5.8584812e-07  7.1662036e-05  9.1901241e-08  -4.0179370e-05  -4.8792638e-07  6.4778446e-05  7.3594220e-09  -1.5141545e-05  -2.5387507e-07  
0.00015444451  0.0000000   -5.3847874e-07  1.3899582e-06  1.0485106e-06  1.1297138e-05  -5.7896232e-06  -0.00012628634  1.5725936e-06  -9.7546905e-06  -2.9059241e-07  0.00015444451  0.0000000   -5.3847874e-07  1.3899582e-06  1.0485106e-06  1.1297138e-05  -5.7896232e-06  -0.00012628634  1.5725936e-06  -9.7546905e-06  -2.9059241e-07  
5.8584812e-07  5.3847874e-07  0.0000000   3.0872342e-07  -1.6129795e-05  -2.1014845e-06  3.4404459e-05  -2.2965166e-06  -4.6282721e-06  -1.7355555e-07  -1.4774542e-05  5.8584812e-07  5.3847874e-07  0.0000000   3.0872342e-07  -1.6129795e-05  -2.1014845e-06  3.4404459e-05  -2.2965166e-06  -4.6282721e-06  -1.7355555e-07  -1.4774542e-05  
-7.1662036e-05  -1.3899582e-06  -3.0872342e-07  0.0000000   7.7643885e-08  0.00013345768  4.3000291e-06  -7.5638216e-05  -1.3433945e-08  2.3664575e-07  5.7680476e-07  -7.1662036e-05  -1.3899582e-06  -3.0872342e-07  0.0000000   7.7643885e-08  0.00013345768  4.3000291e-06  -7.5638216e-05  -1.3433945e-08  2.3664575e-07  5.7680476e-07  
-9.1901241e-08  -1.0485106e-06  1.6129795e-05  -7.7643885e-08  0.0000000   3.4267728e-06  -3.8731997e-05  2.4751741e-06  8.5847904e-05  3.0862947e-07  3.1138848e-05  -9.1901241e-08  -1.0485106e-06  1.6129795e-05  -7.7643885e-08  0.0000000   3.4267728e-06  -3.8731997e-05  2.4751741e-06  8.5847904e-05  3.0862947e-07  3.1138848e-05  
4.0179370e-05  -1.1297138e-05  2.1014845e-06  -0.00013345768  -3.4267728e-06  0.0000000   -7.1709045e-06  -0.00014789611  -4.5974825e-06  -0.00018926570  -2.1826265e-06  4.0179370e-05  -1.1297138e-05  2.1014845e-06  -0.00013345768  -3.4267728e-06  0.0000000   -7.1709045e-06  -0.00014789611  -4.5974825e-06  -0.00018926570  -2.1826265e-06  
4.8792638e-07  5.7896232e-06  -3.4404459e-05  -4.3000291e-06  3.8731997e-05  7.1709045e-06  0.0000000   -7.2821950e-06  0.00013160617  -5.3099763e-06  2.2535060e-05  4.8792638e-07  5.7896232e-06  -3.4404459e-05  -4.3000291e-06  3.8731997e-05  7.1709045e-06  0.0000000   -7.2821950e-06  0.00013160617  -5.3099763e-06  2.2535060e-05  
-6.4778446e-05  0.00012628634  2.2965166e-06  7.5638216e-05  -2.4751741e-06  0.00014789611  7.2821950e-06  0.0000000   -6.9723900e-06  9.9459394e-05  -7.5386146e-07  -6.4778446e-05  0.00012628634  2.2965166e-06  7.5638216e-05  -2.4751741e-06  0.00014789611  7.2821950e-06  0.0000000   -6.9723900e-06  9.9459394e-05  -7.5386146e-07  
-7.3594220e-09  -1.5725936e-06  4.6282721e-06  1.3433945e-08  -8.5847904e-05  4.5974825e-06  -0.00013160617  6.9723900e-06  0.0000000   -2.1580924e-07  -5.2936670e-05  -7.3594220e-09  -1.5725936e-06  4.6282721e-06  1.3433945e-08  -8.5847904e-05  4.5974825e-06  -0.00013160617  6.9723900e-06  0.0000000   -2.1580924e-07  -5.2936670e-05  
1.5141545e-05  9.7546905e-06  1.7355555e-07  -2.3664575e-07  -3.0862947e-07  0.00018926570  5.3099763e-06  -9.9459394e-05  2.1580924e-07  0.0000000   -5.3311021e-07  1.5141545e-05  9.7546905e-06  1.7355555e-07  -2.3664575e-07  -3.0862947e-07  0.00018926570  5.3099763e-06  -9.9459394e-05  2.1580924e-07  0.0000000   -5.3311021e-07  
2.5387507e-07  2.9059241e-07  1.4774542e-05  -5.7680476e-07  -3.1138848e-05  2.1826265e-06  -2.2535060e-05  7.5386146e-07  5.2936670e-05  5.3311021e-07  0.0000000   2.5387507e-07  2.9059241e-07  1.4774542e-05  -5.7680476e-07  -3.1138848e-05  2.1826265e-06  -2.2535060e-05  7.5386146e-07  5.2936670e-05  5.3311021e-07  0.0000000   
0.0000000   -0.00015444451  -5.8584812e-07  7.1662036e-05  9.1901241e-08  -4.0179370e-05  -4.8792638e-07  6.4778446e-05  7.3594220e-09  -1.5141545e-05  -2.5387507e-07  0.0000000   -0.00015444451  -5.8584812e-07  7.1662036e-05  9.1901241e-08  -4.0179370e-05  -4.8792638e-07  6.4778446e-05  7.3594220e-09  -1.5141545e-05  -2.5387507e-07  
0.00015444451  0.0000000   -5.3847874e-07  1.3899582e-06  1.0485106e-06  1.1297138e-05  -5.7896232e-06  -0.00012628634  1.5725936e-06  -9.7546905e-06  -2.9059241e-07  0.00015444451  0.0000000   -5.3847874e-07  1.3899582e-06  1.0485106e-06  1.1297138e-05  -5.7896232e-06  -0.00012628634  1.5725936e-06  -9.7546905e-06  -2.9059241e-07  
5.8584812e-07  5.3847874e-07  0.0000000   3.0872342e-07  -1.6129795e-05  -2.1014845e-06  3.4404459e-05  -2.2965166e-06  -4.6282721e-06  -1.7355555e-07  -1.4774542e-05  5.8584812e-07  5.3847874e-07  0.0000000   3.0872342e-07  -1.6129795e-05  -2.1014845e-06  3.4404459e-05  -2.2965166e-06  -4.6282721e-06  -1.7355555e-07  -1.4774542e-05  
-7.1662036e-05  -1.3899582e-06  -3.0872342e-07  0.0000000   7.7643885e-08  0.00013345768  4.3000291e-06  -7.5638216e-05  -1.3433945e-08  2.3664575e-07  5.7680476e-07  -7.1662036e-05  -1.3899582e-06  -3.0872342e-07  0.0000000   7.7643885e-08  0.00013345768  4.3000291e-06  -7.5638216e-05  -1.3433945e-08  2.3664575e-07  5.7680476e-07  
-9.1901241e-08  -1.0485106e-06  1.6129795e-05  -7.7643885e-08  0.0000000   3.4267728e-06  -3.8731997e-05  2.4751741e-06  8.5847904e-05  3.0862947e-07  3.1138848e-05  -9.1901241e-08  -1.0485106e-06  1.6129795e-05  -7.7643885e-08  0.0000000   3.4267728e-06  -3.8731997e-05  2.4751741e-06  8.5847904e-05  3.0862947e-07  3.1138848e-05  
4.0179370e-05  -1.1297138e-05  2.1014845e-06  -0.00013345768  -3.4267728e-06  0.0000000   -7.1709045e-06  -0.00014789611  -4.5974825e-06  -0.00018926570  -2.1826265e-06  4.0179370e-05  -1.1297138e-05  2.1014845e-06  -0.00013345768  -3.4267728e-06  0.0000000   -7.1709045e-06  -0.00014789611  -4.5974825e-06  -0.00018926570  -2.1826265e-06  
4.8792638e-07  5.7896232e-06  -3.4404459e-05  -4.3000291e-06  3.8731997e-05  7.1709045e-06  0.0000000   -7.2821950e-06  0.00013160617  -5.3099763e-06  2.2535060e-05  4.8792638e-07  5.7896232e-06  -3.4404459e-05  -4.3000291e-06  3.8731997e-05  7.1709045e-06  0.0000000   -7.2821950e-06  0.00013160617  -5.3099763e-06  2.2535060e-05  
-6.4778446e-05  0.00012628634  2.2965166e-06  7.5638216e-05  -2.4751741e-06  0.00014789611  7.2821950e-06  0.0000000   -6.9723900e-06  9.9459394e-05  -7.5386146e-07  -6.4778446e-05  0.00012628634  2.2965166e-06  7.5638216e-05  -2.4751741e-06  0.00014789611  7.2821950e-06  0.0000000   -6.9723900e-06  9.9459394e-05  -7.5386146e-07  
-7.3594220e-09  -1.5725936e-06  4.6282721e-06  1.3433945e-08  -8.5847904e-05  4.5974825e-06  -0.00013160617  6.9723900e-06  0.0000000   -2.1580924e-07  -5.2936670e-05  -7.3594220e-09  -1.5725936e-06  4.6282721e-06  1.3433945e-08  -8.5847904e-05  4.5974825e-06  -0.00013160617  6.9723900e-06  0.0000000   -2.1580924e-07  -5.2936670e-05  
1.5141545e-05  9.7546905e-06  1.7355555e-07  -2.3664575e-07  -3.0862947e-07  0.00018926570  5.3099763e-06  -9.9459394e-05  2.1580924e-07  0.0000000   -5.3311021e-07  1.5141545e-05  9.7546905e-06  1.7355555e-07  -2.3664575e-07  -3.0862947e-07  0.00018926570  5.3099763e-06  -9.9459394e-05  2.1580924e-07  0.0000000   -5.3311021e-07  
2.5387507e-07  2.9059241e-07  1.4774542e-05  -5.7680476e-07  -3.1138848e-05  2.1826265e-06  -2.2535060e-05  7.5386146e-07  5.2936670e-05  5.3311021e-07  0.0000000   2.5387507e-07  2.9059241e-07  1.4774542e-05  -5.7680476e-07  -3.1138848e-05  2.1826265e-06  -2.2535060e-05  7.5386146e-07  5.2936670e-05  5.3311021e-07  0.0000000   
