0.0000000   9.1006314e-07  -8.4107573e-05  3.2413418e-06  -1.3206380e-05  -9.0517533e-07  2.8166095e-06  -1.2797457e-06  2.8525530e-05  1.1975182e-05  2.1641295e-07  0.0000000   9.1006314e-07  -8.4107573e-05  3.2413418e-06  -1.3206380e-05  -9.0517533e-07  2.8166095e-06  -1.2797457e-06  2.8525530e-05  1.1975182e-05  2.1641295e-07  
-9.1006314e-07  0.0000000   -8.5298242e-07  9.6169612e-08  -3.6364491e-07  -9.3356566e-07  4.9824031e-05  6.2999325e-05  3.1531251e-07  3.6200099e-07  -2.1767066e-05  -9.1006314e-07  0.0000000   -8.5298242e-07  9.6169612e-08  -3.6364491e-07  -9.3356566e-07  4.9824031e-05  6.2999325e-05  3.1531251e-07  3.6200099e-07  -2.1767066e-05  
8.4107573e-05  8.5298242e-07  0.0000000   -1.7770007e-05  -6.1001903e-05  -6.8201397e-07  -9.4857863e-07  -5.4341995e-07  1.3245914e-05  5.0035348e-05  3.2074497e-07  8.4107573e-05  8.5298242e-07  0.0000000   -1.7770007e-05  -6.1001903e-05  -6.8201397e-07  -9.4857863e-07  -5.4341995e-07  1.3245914e-05  5.0035348e-05  3.2074497e-07  
-3.2413418e-06  -9.6169612e-08  1.7770007e-05  0.0000000   -6.7553748e-05  8.5451632e-07  1.7002143e-06  8.1946923e-07  -4.7993564e-05  1.4552793e-05  2.6302878e-07  -3.2413418e-06  -9.6169612e-08  1.7770007e-05  0.0000000   -6.7553748e-05  8.5451632e-07  1.7002143e-06  8.1946923e-07  -4.7993564e-05  1.4552793e-05  2.6302878e-07  
1.3206380e-05  3.6364491e-07  6.1001903e-05  6.7553748e-05  0.0000000   7.7337392e-07  3.2277576e-07  1.3940513e-06  0.00012424268  2.6930980e-05  9.8731213e-08  1.3206380e-05  3.6364491e-07  6.1001903e-05  6.7553748e-05  0.0000000   7.7337392e-07  3.2277576e-07  1.3940513e-06  0.00012424268  2.6930980e-05  9.8731213e-08  
9.0517533e-07  9.3356566e-07  6.8201397e-07  -8.5451632e-07  -7.7337392e-07  0.0000000   -0.0011337480  -0.00016030982  2.1750227e-06  -4.8294522e-07  -7.7715279e-06  9.0517533e-07  9.3356566e-07  6.8201397e-07  -8.5451632e-07  -7.7337392e-07  0.0000000   -0.0011337480  -0.00016030982  2.1750227e-06  -4.8294522e-07  -7.7715279e-06  
-2.8166095e-06  -4.9824031e-05  9.4857863e-07  -1.7002143e-06  -3.2277576e-07  0.0011337480  0.0000000   0.0010548387  -4.4479204e-06  -3.5723024e-06  -1.5239054e-05  -2.8166095e-06  -4.9824031e-05  9.4857863e-07  -1.7002143e-06  -3.2277576e-07  0.0011337480  0.0000000   0.0010548387  -4.4479204e-06  -3.5723024e-06  -1.5239054e-05  
1.2797457e-06  -6.2999325e-05  5.4341995e-07  -8.1946923e-07  -1.3940513e-06  0.00016030982  -0.0010548387  0.0000000   1.6026363e-06  -1.0763091e-06  -3.1686762e-06  1.2797457e-06  -6.2999325e-05  5.4341995e-07  -8.1946923e-07  -1.3940513e-06  0.00016030982  -0.0010548387  0.0000000   1.6026363e-06  -1.0763091e-06  -3.1686762e-06  
-2.8525530e-05  -3.1531251e-07  -1.3245914e-05  4.7993564e-05  -0.00012424268  -2.1750227e-06  4.4479204e-06  -1.6026363e-06  0.0000000   1.8279637e-05  -1.8833457e-07  -2.8525530e-05  -3.1531251e-07  -1.3245914e-05  4.7993564e-05  -0.00012424268  -2.1750227e-06  4.4479204e-06  -1.6026363e-06  0.0000000   1.8279637e-05  -1.8833457e-07  
-1.1975182e-05  -3.6200099e-07  -5.0035348e-05  -1.4552793e-05  -2.6930980e-05  4.8294522e-07  3.5723024e-06  1.0763091e-06  -1.8279637e-05  0.0000000   -1.7105716e-07  -1.1975182e-05  -3.6200099e-07  -5.0035348e-05  -1.4552793e-05  -2.6930980e-05  4.8294522e-07  3.5723024e-06  1.0763091e-06  -1.8279637e-05  0.0000000   -1.7105716e-07  
-2.1641295e-07  2.1767066e-05  -3.2074497e-07  -2.6302878e-07  -9.8731213e-08  7.7715279e-06  1.5239054e-05  3.1686762e-06  1.8833457e-07  1.7105716e-07  0.0000000   -2.1641295e-07  2.1767066e-05  -3.2074497e-07  -2.6302878e-07  -9.8731213e-08  7.7715279e-06  1.5239054e-05  3.1686762e-06  1.8833457e-07  1.7105716e-07  0.0000000   
0.0000000   9.1006314e-07  -8.4107573e-05  3.2413418e-06  -1.3206380e-05  -9.0517533e-07  2.8166095e-06  -1.2797457e-06  2.8525530e-05  1.1975182e-05  2.1641295e-07  0.0000000   9.1006314e-07  -8.4107573e-05  3.2413418e-06  -1.3206380e-05  -9.0517533e-07  2.8166095e-06  -1.2797457e-06  2.8525530e-05  1.1975182e-05  2.1641295e-07  
-9.1006314e-07  0.0000000   -8.5298242e-07  9.6169612e-08  -3.6364491e-07  -9.3356566e-07  4.9824031e-05  6.2999325e-05  3.1531251e-07  3.6200099e-07  -2.1767066e-05  -9.1006314e-07  0.0000000   -8.5298242e-07  9.6169612e-08  -3.6364491e-07  -9.3356566e-07  4.9824031e-05  6.2999325e-05  3.1531251e-07  3.6200099e-07  -2.1767066e-05  
8.4107573e-05  8.5298242e-07  0.0000000   -1.7770007e-05  -6.1001903e-05  -6.8201397e-07  -9.4857863e-07  -5.4341995e-07  1.3245914e-05  5.0035348e-05  3.2074497e-07  8.4107573e-05  8.5298242e-07  0.0000000   -1.7770007e-05  -6.1001903e-05  -6.8201397e-07  -9.4857863e-07  -5.4341995e-07  1.3245914e-05  5.0035348e-05  3.2074497e-07  
-3.2413418e-06  -9.6169612e-08  1.7770007e-05  0.0000000   -6.7553748e-05  8.5451632e-07  1.7002143e-06  8.1946923e-07  -4.7993564e-05  1.4552793e-05  2.6302878e-07  -3.2413418e-06  -9.6169612e-08  1.7770007e-05  0.0000000   -6.7553748e-05  8.5451632e-07  1.7002143e-06  8.1946923e-07  -4.7993564e-05  1.4552793e-05  2.6302878e-07  
1.3206380e-05  3.6364491e-07  6.1001903e-05  6.7553748e-05  0.0000000   7.7337392e-07  3.2277576e-07  1.3940513e-06  0.00012424268  2.6930980e-05  9.8731213e-08  1.3206380e-05  3.6364491e-07  6.1001903e-05  6.7553748e-05  0.0000000   7.7337392e-07  3.2277576e-07  1.3940513e-06  0.00012424268  2.6930980e-05  9.8731213e-08  
9.0517533e-07  9.3356566e-07  6.8201397e-07  -8.5451632e-07  -7.7337392e-07  0.0000000   -0.0011337480  -0.00016030982  2.1750227e-06  -4.8294522e-07  -7.7715279e-06  9.0517533e-07  9.3356566e-07  6.8201397e-07  -8.5451632e-07  -7.7337392e-07  0.0000000   -0.0011337480  -0.00016030982  2.1750227e-06  -4.8294522e-07  -7.7715279e-06  
-2.8166095e-06  -4.9824031e-05  9.4857863e-07  -1.7002143e-06  -3.2277576e-07  0.0011337480  0.0000000   0.0010548387  -4.4479204e-06  -3.5723024e-06  -1.5239054e-05  -2.8166095e-06  -4.9824031e-05  9.4857863e-07  -1.7002143e-06  -3.2277576e-07  0.0011337480  0.0000000   0.0010548387  -4.4479204e-06  -3.5723024e-06  -1.5239054e-05  
1.2797457e-06  -6.2999325e-05  5.4341995e-07  -8.1946923e-07  -1.3940513e-06  0.00016030982  -0.0010548387  0.0000000   1.6026363e-06  -1.0763091e-06  -3.1686762e-06  1.2797457e-06  -6.2999325e-05  5.4341995e-07  -8.1946923e-07  -1.3940513e-06  0.00016030982  -0.0010548387  0.0000000   1.6026363e-06  -1.0763091e-06  -3.1686762e-06  
-2.8525530e-05  -3.1531251e-07  -1.3245914e-05  4.7993564e-05  -0.00012424268  -2.1750227e-06  4.4479204e-06  -1.6026363e-06  0.0000000   1.8279637e-05  -1.8833457e-07  -2.8525530e-05  -3.1531251e-07  -1.3245914e-05  4.7993564e-05  -0.00012424268  -2.1750227e-06  4.4479204e-06  -1.6026363e-06  0.0000000   1.8279637e-05  -1.8833457e-07  
-1.1975182e-05  -3.6200099e-07  -5.0035348e-05  -1.4552793e-05  -2.6930980e-05  4.8294522e-07  3.5723024e-06  1.0763091e-06  -1.8279637e-05  0.0000000   -1.7105716e-07  -1.1975182e-05  -3.6200099e-07  -5.0035348e-05  -1.4552793e-05  -2.6930980e-05  4.8294522e-07  3.5723024e-06  1.0763091e-06  -1.8279637e-05  0.0000000   -1.7105716e-07  
-2.1641295e-07  2.1767066e-05  -3.2074497e-07  -2.6302878e-07  -9.8731213e-08  7.7715279e-06  1.5239054e-05  3.1686762e-06  1.8833457e-07  1.7105716e-07  0.0000000   -2.1641295e-07  2.1767066e-05  -3.2074497e-07  -2.6302878e-07  -9.8731213e-08  7.7715279e-06  1.5239054e-05  3.1686762e-06  1.8833457e-07  1.7105716e-07  0.0000000   
