0.0000000   -4.5207115e-06  4.4924545e-05  0.00026444179  6.9136509e-05  3.0804678e-05  0.00012654080  -2.9226552e-06  -1.2824975e-05  1.5969237e-05  1.1670373e-06  0.0000000   -4.5207115e-06  4.4924545e-05  0.00026444179  6.9136509e-05  3.0804678e-05  0.00012654080  -2.9226552e-06  -1.2824975e-05  1.5969237e-05  1.1670373e-06  
4.5207115e-06  0.0000000   -9.2142846e-07  2.7844067e-06  -1.2959541e-07  -3.7382875e-06  -3.2384278e-06  5.9949493e-05  -1.1604857e-06  -3.7319306e-07  -1.4137413e-05  4.5207115e-06  0.0000000   -9.2142846e-07  2.7844067e-06  -1.2959541e-07  -3.7382875e-06  -3.2384278e-06  5.9949493e-05  -1.1604857e-06  -3.7319306e-07  -1.4137413e-05  
-4.4924545e-05  9.2142846e-07  0.0000000   0.0013873582  0.00034116531  -2.8390636e-05  0.00014272380  -2.3092884e-07  1.2566146e-06  3.8781436e-05  -5.8472576e-09  -4.4924545e-05  9.2142846e-07  0.0000000   0.0013873582  0.00034116531  -2.8390636e-05  0.00014272380  -2.3092884e-07  1.2566146e-06  3.8781436e-05  -5.8472576e-09  
-0.00026444179  -2.7844067e-06  -0.0013873582  0.0000000   0.00015950910  -0.00012832991  4.1346922e-05  -1.4354688e-06  2.3464958e-05  -8.4919024e-07  1.1822952e-06  -0.00026444179  -2.7844067e-06  -0.0013873582  0.0000000   0.00015950910  -0.00012832991  4.1346922e-05  -1.4354688e-06  2.3464958e-05  -8.4919024e-07  1.1822952e-06  
-6.9136509e-05  1.2959541e-07  -0.00034116531  -0.00015950910  0.0000000   0.00015829113  1.0703377e-05  6.0325135e-06  -0.00011536985  1.7280058e-06  -2.2847929e-08  -6.9136509e-05  1.2959541e-07  -0.00034116531  -0.00015950910  0.0000000   0.00015829113  1.0703377e-05  6.0325135e-06  -0.00011536985  1.7280058e-06  -2.2847929e-08  
-3.0804678e-05  3.7382875e-06  2.8390636e-05  0.00012832991  -0.00015829113  0.0000000   -0.0016338504  -1.8410562e-05  -1.3394810e-05  -4.3917323e-05  5.5515894e-07  -3.0804678e-05  3.7382875e-06  2.8390636e-05  0.00012832991  -0.00015829113  0.0000000   -0.0016338504  -1.8410562e-05  -1.3394810e-05  -4.3917323e-05  5.5515894e-07  
-0.00012654080  3.2384278e-06  -0.00014272380  -4.1346922e-05  -1.0703377e-05  0.0016338504  0.0000000   3.7553708e-05  -0.00012084381  4.9729390e-05  1.3156896e-06  -0.00012654080  3.2384278e-06  -0.00014272380  -4.1346922e-05  -1.0703377e-05  0.0016338504  0.0000000   3.7553708e-05  -0.00012084381  4.9729390e-05  1.3156896e-06  
2.9226552e-06  -5.9949493e-05  2.3092884e-07  1.4354688e-06  -6.0325135e-06  1.8410562e-05  -3.7553708e-05  0.0000000   -1.0761404e-06  3.7025864e-06  -1.8038343e-06  2.9226552e-06  -5.9949493e-05  2.3092884e-07  1.4354688e-06  -6.0325135e-06  1.8410562e-05  -3.7553708e-05  0.0000000   -1.0761404e-06  3.7025864e-06  -1.8038343e-06  
1.2824975e-05  1.1604857e-06  -1.2566146e-06  -2.3464958e-05  0.00011536985  1.3394810e-05  0.00012084381  1.0761404e-06  0.0000000   -0.00088659600  3.4453398e-07  1.2824975e-05  1.1604857e-06  -1.2566146e-06  -2.3464958e-05  0.00011536985  1.3394810e-05  0.00012084381  1.0761404e-06  0.0000000   -0.00088659600  3.4453398e-07  
-1.5969237e-05  3.7319306e-07  -3.8781436e-05  8.4919024e-07  -1.7280058e-06  4.3917323e-05  -4.9729390e-05  -3.7025864e-06  0.00088659600  0.0000000   -1.2776499e-06  -1.5969237e-05  3.7319306e-07  -3.8781436e-05  8.4919024e-07  -1.7280058e-06  4.3917323e-05  -4.9729390e-05  -3.7025864e-06  0.00088659600  0.0000000   -1.2776499e-06  
-1.1670373e-06  1.4137413e-05  5.8472576e-09  -1.1822952e-06  2.2847929e-08  -5.5515894e-07  -1.3156896e-06  1.8038343e-06  -3.4453398e-07  1.2776499e-06  0.0000000   -1.1670373e-06  1.4137413e-05  5.8472576e-09  -1.1822952e-06  2.2847929e-08  -5.5515894e-07  -1.3156896e-06  1.8038343e-06  -3.4453398e-07  1.2776499e-06  0.0000000   
0.0000000   -4.5207115e-06  4.4924545e-05  0.00026444179  6.9136509e-05  3.0804678e-05  0.00012654080  -2.9226552e-06  -1.2824975e-05  1.5969237e-05  1.1670373e-06  0.0000000   -4.5207115e-06  4.4924545e-05  0.00026444179  6.9136509e-05  3.0804678e-05  0.00012654080  -2.9226552e-06  -1.2824975e-05  1.5969237e-05  1.1670373e-06  
4.5207115e-06  0.0000000   -9.2142846e-07  2.7844067e-06  -1.2959541e-07  -3.7382875e-06  -3.2384278e-06  5.9949493e-05  -1.1604857e-06  -3.7319306e-07  -1.4137413e-05  4.5207115e-06  0.0000000   -9.2142846e-07  2.7844067e-06  -1.2959541e-07  -3.7382875e-06  -3.2384278e-06  5.9949493e-05  -1.1604857e-06  -3.7319306e-07  -1.4137413e-05  
-4.4924545e-05  9.2142846e-07  0.0000000   0.0013873582  0.00034116531  -2.8390636e-05  0.00014272380  -2.3092884e-07  1.2566146e-06  3.8781436e-05  -5.8472576e-09  -4.4924545e-05  9.2142846e-07  0.0000000   0.0013873582  0.00034116531  -2.8390636e-05  0.00014272380  -2.3092884e-07  1.2566146e-06  3.8781436e-05  -5.8472576e-09  
-0.00026444179  -2.7844067e-06  -0.0013873582  0.0000000   0.00015950910  -0.00012832991  4.1346922e-05  -1.4354688e-06  2.3464958e-05  -8.4919024e-07  1.1822952e-06  -0.00026444179  -2.7844067e-06  -0.0013873582  0.0000000   0.00015950910  -0.00012832991  4.1346922e-05  -1.4354688e-06  2.3464958e-05  -8.4919024e-07  1.1822952e-06  
-6.9136509e-05  1.2959541e-07  -0.00034116531  -0.00015950910  0.0000000   0.00015829113  1.0703377e-05  6.0325135e-06  -0.00011536985  1.7280058e-06  -2.2847929e-08  -6.9136509e-05  1.2959541e-07  -0.00034116531  -0.00015950910  0.0000000   0.00015829113  1.0703377e-05  6.0325135e-06  -0.00011536985  1.7280058e-06  -2.2847929e-08  
-3.0804678e-05  3.7382875e-06  2.8390636e-05  0.00012832991  -0.00015829113  0.0000000   -0.0016338504  -1.8410562e-05  -1.3394810e-05  -4.3917323e-05  5.5515894e-07  -3.0804678e-05  3.7382875e-06  2.8390636e-05  0.00012832991  -0.00015829113  0.0000000   -0.0016338504  -1.8410562e-05  -1.3394810e-05  -4.3917323e-05  5.5515894e-07  
-0.00012654080  3.2384278e-06  -0.00014272380  -4.1346922e-05  -1.0703377e-05  0.0016338504  0.0000000   3.7553708e-05  -0.00012084381  4.9729390e-05  1.3156896e-06  -0.00012654080  3.2384278e-06  -0.00014272380  -4.1346922e-05  -1.0703377e-05  0.0016338504  0.0000000   3.7553708e-05  -0.00012084381  4.9729390e-05  1.3156896e-06  
2.9226552e-06  -5.9949493e-05  2.3092884e-07  1.4354688e-06  -6.0325135e-06  1.8410562e-05  -3.7553708e-05  0.0000000   -1.0761404e-06  3.7025864e-06  -1.8038343e-06  2.9226552e-06  -5.9949493e-05  2.3092884e-07  1.4354688e-06  -6.0325135e-06  1.8410562e-05  -3.7553708e-05  0.0000000   -1.0761404e-06  3.7025864e-06  -1.8038343e-06  
1.2824975e-05  1.1604857e-06  -1.2566146e-06  -2.3464958e-05  0.00011536985  1.3394810e-05  0.00012084381  1.0761404e-06  0.0000000   -0.00088659600  3.4453398e-07  1.2824975e-05  1.1604857e-06  -1.2566146e-06  -2.3464958e-05  0.00011536985  1.3394810e-05  0.00012084381  1.0761404e-06  0.0000000   -0.00088659600  3.4453398e-07  
-1.5969237e-05  3.7319306e-07  -3.8781436e-05  8.4919024e-07  -1.7280058e-06  4.3917323e-05  -4.9729390e-05  -3.7025864e-06  0.00088659600  0.0000000   -1.2776499e-06  -1.5969237e-05  3.7319306e-07  -3.8781436e-05  8.4919024e-07  -1.7280058e-06  4.3917323e-05  -4.9729390e-05  -3.7025864e-06  0.00088659600  0.0000000   -1.2776499e-06  
-1.1670373e-06  1.4137413e-05  5.8472576e-09  -1.1822952e-06  2.2847929e-08  -5.5515894e-07  -1.3156896e-06  1.8038343e-06  -3.4453398e-07  1.2776499e-06  0.0000000   -1.1670373e-06  1.4137413e-05  5.8472576e-09  -1.1822952e-06  2.2847929e-08  -5.5515894e-07  -1.3156896e-06  1.8038343e-06  -3.4453398e-07  1.2776499e-06  0.0000000   
