0.0000000   1.9510362e-07  -5.2636467e-06  -0.00011945019  9.0244780e-07  2.2796396e-05  -6.2309136e-05  9.1066444e-06  -7.1860632e-07  -5.1139508e-07  1.6781067e-07  0.0000000   1.9510362e-07  -5.2636467e-06  -0.00011945019  9.0244780e-07  2.2796396e-05  -6.2309136e-05  9.1066444e-06  -7.1860632e-07  -5.1139508e-07  1.6781067e-07  
-1.9510362e-07  0.0000000   -3.8674098e-05  1.7742432e-07  5.8347189e-05  -9.0556466e-05  -3.3925897e-05  1.0054417e-06  2.6877343e-06  -4.3266869e-05  -1.9950388e-06  -1.9510362e-07  0.0000000   -3.8674098e-05  1.7742432e-07  5.8347189e-05  -9.0556466e-05  -3.3925897e-05  1.0054417e-06  2.6877343e-06  -4.3266869e-05  -1.9950388e-06  
5.2636467e-06  3.8674098e-05  0.0000000   -9.5105257e-07  0.00018912530  2.2523411e-05  6.9644124e-06  2.0369532e-06  9.9617591e-05  -6.0525815e-05  -1.5073504e-05  5.2636467e-06  3.8674098e-05  0.0000000   -9.5105257e-07  0.00018912530  2.2523411e-05  6.9644124e-06  2.0369532e-06  9.9617591e-05  -6.0525815e-05  -1.5073504e-05  
0.00011945019  -1.7742432e-07  9.5105257e-07  0.0000000   -8.0071660e-06  9.4920876e-06  -2.6147313e-05  1.3461630e-05  -4.0609273e-06  2.0136536e-06  3.0624369e-08  0.00011945019  -1.7742432e-07  9.5105257e-07  0.0000000   -8.0071660e-06  9.4920876e-06  -2.6147313e-05  1.3461630e-05  -4.0609273e-06  2.0136536e-06  3.0624369e-08  
-9.0244780e-07  -5.8347189e-05  -0.00018912530  8.0071660e-06  0.0000000   -3.9324496e-05  -1.4238709e-05  -8.5485874e-07  -7.7808391e-05  0.00020417873  -8.0180659e-05  -9.0244780e-07  -5.8347189e-05  -0.00018912530  8.0071660e-06  0.0000000   -3.9324496e-05  -1.4238709e-05  -8.5485874e-07  -7.7808391e-05  0.00020417873  -8.0180659e-05  
-2.2796396e-05  9.0556466e-05  -2.2523411e-05  -9.4920876e-06  3.9324496e-05  0.0000000   -2.4084746e-06  -1.3183863e-05  -8.0985506e-07  -1.5707945e-06  -1.8092094e-05  -2.2796396e-05  9.0556466e-05  -2.2523411e-05  -9.4920876e-06  3.9324496e-05  0.0000000   -2.4084746e-06  -1.3183863e-05  -8.0985506e-07  -1.5707945e-06  -1.8092094e-05  
6.2309136e-05  3.3925897e-05  -6.9644124e-06  2.6147313e-05  1.4238709e-05  2.4084746e-06  0.0000000   3.5621364e-05  -8.4109420e-07  -3.0599854e-07  -6.9597730e-06  6.2309136e-05  3.3925897e-05  -6.9644124e-06  2.6147313e-05  1.4238709e-05  2.4084746e-06  0.0000000   3.5621364e-05  -8.4109420e-07  -3.0599854e-07  -6.9597730e-06  
-9.1066444e-06  -1.0054417e-06  -2.0369532e-06  -1.3461630e-05  8.5485874e-07  1.3183863e-05  -3.5621364e-05  0.0000000   -9.3148886e-07  2.1382316e-06  -5.6258263e-07  -9.1066444e-06  -1.0054417e-06  -2.0369532e-06  -1.3461630e-05  8.5485874e-07  1.3183863e-05  -3.5621364e-05  0.0000000   -9.3148886e-07  2.1382316e-06  -5.6258263e-07  
7.1860632e-07  -2.6877343e-06  -9.9617591e-05  4.0609273e-06  7.7808391e-05  8.0985506e-07  8.4109420e-07  9.3148886e-07  0.0000000   0.00040428652  -0.00021270180  7.1860632e-07  -2.6877343e-06  -9.9617591e-05  4.0609273e-06  7.7808391e-05  8.0985506e-07  8.4109420e-07  9.3148886e-07  0.0000000   0.00040428652  -0.00021270180  
5.1139508e-07  4.3266869e-05  6.0525815e-05  -2.0136536e-06  -0.00020417873  1.5707945e-06  3.0599854e-07  -2.1382316e-06  -0.00040428652  0.0000000   0.00013238738  5.1139508e-07  4.3266869e-05  6.0525815e-05  -2.0136536e-06  -0.00020417873  1.5707945e-06  3.0599854e-07  -2.1382316e-06  -0.00040428652  0.0000000   0.00013238738  
-1.6781067e-07  1.9950388e-06  1.5073504e-05  -3.0624369e-08  8.0180659e-05  1.8092094e-05  6.9597730e-06  5.6258263e-07  0.00021270180  -0.00013238738  0.0000000   -1.6781067e-07  1.9950388e-06  1.5073504e-05  -3.0624369e-08  8.0180659e-05  1.8092094e-05  6.9597730e-06  5.6258263e-07  0.00021270180  -0.00013238738  0.0000000   
0.0000000   1.9510362e-07  -5.2636467e-06  -0.00011945019  9.0244780e-07  2.2796396e-05  -6.2309136e-05  9.1066444e-06  -7.1860632e-07  -5.1139508e-07  1.6781067e-07  0.0000000   1.9510362e-07  -5.2636467e-06  -0.00011945019  9.0244780e-07  2.2796396e-05  -6.2309136e-05  9.1066444e-06  -7.1860632e-07  -5.1139508e-07  1.6781067e-07  
-1.9510362e-07  0.0000000   -3.8674098e-05  1.7742432e-07  5.8347189e-05  -9.0556466e-05  -3.3925897e-05  1.0054417e-06  2.6877343e-06  -4.3266869e-05  -1.9950388e-06  -1.9510362e-07  0.0000000   -3.8674098e-05  1.7742432e-07  5.8347189e-05  -9.0556466e-05  -3.3925897e-05  1.0054417e-06  2.6877343e-06  -4.3266869e-05  -1.9950388e-06  
5.2636467e-06  3.8674098e-05  0.0000000   -9.5105257e-07  0.00018912530  2.2523411e-05  6.9644124e-06  2.0369532e-06  9.9617591e-05  -6.0525815e-05  -1.5073504e-05  5.2636467e-06  3.8674098e-05  0.0000000   -9.5105257e-07  0.00018912530  2.2523411e-05  6.9644124e-06  2.0369532e-06  9.9617591e-05  -6.0525815e-05  -1.5073504e-05  
0.00011945019  -1.7742432e-07  9.5105257e-07  0.0000000   -8.0071660e-06  9.4920876e-06  -2.6147313e-05  1.3461630e-05  -4.0609273e-06  2.0136536e-06  3.0624369e-08  0.00011945019  -1.7742432e-07  9.5105257e-07  0.0000000   -8.0071660e-06  9.4920876e-06  -2.6147313e-05  1.3461630e-05  -4.0609273e-06  2.0136536e-06  3.0624369e-08  
-9.0244780e-07  -5.8347189e-05  -0.00018912530  8.0071660e-06  0.0000000   -3.9324496e-05  -1.4238709e-05  -8.5485874e-07  -7.7808391e-05  0.00020417873  -8.0180659e-05  -9.0244780e-07  -5.8347189e-05  -0.00018912530  8.0071660e-06  0.0000000   -3.9324496e-05  -1.4238709e-05  -8.5485874e-07  -7.7808391e-05  0.00020417873  -8.0180659e-05  
-2.2796396e-05  9.0556466e-05  -2.2523411e-05  -9.4920876e-06  3.9324496e-05  0.0000000   -2.4084746e-06  -1.3183863e-05  -8.0985506e-07  -1.5707945e-06  -1.8092094e-05  -2.2796396e-05  9.0556466e-05  -2.2523411e-05  -9.4920876e-06  3.9324496e-05  0.0000000   -2.4084746e-06  -1.3183863e-05  -8.0985506e-07  -1.5707945e-06  -1.8092094e-05  
6.2309136e-05  3.3925897e-05  -6.9644124e-06  2.6147313e-05  1.4238709e-05  2.4084746e-06  0.0000000   3.5621364e-05  -8.4109420e-07  -3.0599854e-07  -6.9597730e-06  6.2309136e-05  3.3925897e-05  -6.9644124e-06  2.6147313e-05  1.4238709e-05  2.4084746e-06  0.0000000   3.5621364e-05  -8.4109420e-07  -3.0599854e-07  -6.9597730e-06  
-9.1066444e-06  -1.0054417e-06  -2.0369532e-06  -1.3461630e-05  8.5485874e-07  1.3183863e-05  -3.5621364e-05  0.0000000   -9.3148886e-07  2.1382316e-06  -5.6258263e-07  -9.1066444e-06  -1.0054417e-06  -2.0369532e-06  -1.3461630e-05  8.5485874e-07  1.3183863e-05  -3.5621364e-05  0.0000000   -9.3148886e-07  2.1382316e-06  -5.6258263e-07  
7.1860632e-07  -2.6877343e-06  -9.9617591e-05  4.0609273e-06  7.7808391e-05  8.0985506e-07  8.4109420e-07  9.3148886e-07  0.0000000   0.00040428652  -0.00021270180  7.1860632e-07  -2.6877343e-06  -9.9617591e-05  4.0609273e-06  7.7808391e-05  8.0985506e-07  8.4109420e-07  9.3148886e-07  0.0000000   0.00040428652  -0.00021270180  
5.1139508e-07  4.3266869e-05  6.0525815e-05  -2.0136536e-06  -0.00020417873  1.5707945e-06  3.0599854e-07  -2.1382316e-06  -0.00040428652  0.0000000   0.00013238738  5.1139508e-07  4.3266869e-05  6.0525815e-05  -2.0136536e-06  -0.00020417873  1.5707945e-06  3.0599854e-07  -2.1382316e-06  -0.00040428652  0.0000000   0.00013238738  
-1.6781067e-07  1.9950388e-06  1.5073504e-05  -3.0624369e-08  8.0180659e-05  1.8092094e-05  6.9597730e-06  5.6258263e-07  0.00021270180  -0.00013238738  0.0000000   -1.6781067e-07  1.9950388e-06  1.5073504e-05  -3.0624369e-08  8.0180659e-05  1.8092094e-05  6.9597730e-06  5.6258263e-07  0.00021270180  -0.00013238738  0.0000000   
