0.0000000   -0.0017052291  4.8777116e-07  7.3168676e-05  2.2571989e-05  0.00013309281  -1.3868711e-05  -0.00016596203  -4.2771326e-05  3.2559130e-06  -1.7116297e-05  0.0000000   -0.0017052291  4.8777116e-07  7.3168676e-05  2.2571989e-05  0.00013309281  -1.3868711e-05  -0.00016596203  -4.2771326e-05  3.2559130e-06  -1.7116297e-05  
0.0017052291  0.0000000   -2.5359072e-06  0.00011265275  -2.9327417e-05  -0.00034011231  2.8774651e-05  4.7047432e-05  -7.6644541e-06  7.6279424e-07  -4.1920395e-05  0.0017052291  0.0000000   -2.5359072e-06  0.00011265275  -2.9327417e-05  -0.00034011231  2.8774651e-05  4.7047432e-05  -7.6644541e-06  7.6279424e-07  -4.1920395e-05  
-4.8777116e-07  2.5359072e-06  0.0000000   -2.3450447e-08  3.0236947e-05  -2.9653274e-06  1.5177276e-05  2.0846867e-07  -3.0789358e-07  7.3592949e-07  2.5303667e-06  -4.8777116e-07  2.5359072e-06  0.0000000   -2.3450447e-08  3.0236947e-05  -2.9653274e-06  1.5177276e-05  2.0846867e-07  -3.0789358e-07  7.3592949e-07  2.5303667e-06  
-7.3168676e-05  -0.00011265275  2.3450447e-08  0.0000000   5.3197534e-06  7.6341155e-05  -7.5616312e-06  -5.0396944e-06  3.2315607e-05  -2.0425056e-05  1.1059797e-05  -7.3168676e-05  -0.00011265275  2.3450447e-08  0.0000000   5.3197534e-06  7.6341155e-05  -7.5616312e-06  -5.0396944e-06  3.2315607e-05  -2.0425056e-05  1.1059797e-05  
-2.2571989e-05  2.9327417e-05  -3.0236947e-05  -5.3197534e-06  0.0000000   9.9733831e-05  0.0017923864  -8.9291530e-05  -1.3692447e-05  -1.7541413e-06  -1.2714420e-06  -2.2571989e-05  2.9327417e-05  -3.0236947e-05  -5.3197534e-06  0.0000000   9.9733831e-05  0.0017923864  -8.9291530e-05  -1.3692447e-05  -1.7541413e-06  -1.2714420e-06  
-0.00013309281  0.00034011231  2.9653274e-06  -7.6341155e-05  -9.9733831e-05  0.0000000   -0.00018636680  -0.00067627662  -5.2848418e-05  -6.0029175e-06  -1.7916934e-05  -0.00013309281  0.00034011231  2.9653274e-06  -7.6341155e-05  -9.9733831e-05  0.0000000   -0.00018636680  -0.00067627662  -5.2848418e-05  -6.0029175e-06  -1.7916934e-05  
1.3868711e-05  -2.8774651e-05  -1.5177276e-05  7.5616312e-06  -0.0017923864  0.00018636680  0.0000000   5.0076046e-05  5.1937700e-06  -4.7775466e-06  1.5561016e-06  1.3868711e-05  -2.8774651e-05  -1.5177276e-05  7.5616312e-06  -0.0017923864  0.00018636680  0.0000000   5.0076046e-05  5.1937700e-06  -4.7775466e-06  1.5561016e-06  
0.00016596203  -4.7047432e-05  -2.0846867e-07  5.0396944e-06  8.9291530e-05  0.00067627662  -5.0076046e-05  0.0000000   4.2666578e-05  -0.00014559131  1.3875570e-05  0.00016596203  -4.7047432e-05  -2.0846867e-07  5.0396944e-06  8.9291530e-05  0.00067627662  -5.0076046e-05  0.0000000   4.2666578e-05  -0.00014559131  1.3875570e-05  
4.2771326e-05  7.6644541e-06  3.0789358e-07  -3.2315607e-05  1.3692447e-05  5.2848418e-05  -5.1937700e-06  -4.2666578e-05  0.0000000   -0.00036040004  3.4953527e-05  4.2771326e-05  7.6644541e-06  3.0789358e-07  -3.2315607e-05  1.3692447e-05  5.2848418e-05  -5.1937700e-06  -4.2666578e-05  0.0000000   -0.00036040004  3.4953527e-05  
-3.2559130e-06  -7.6279424e-07  -7.3592949e-07  2.0425056e-05  1.7541413e-06  6.0029175e-06  4.7775466e-06  0.00014559131  0.00036040004  0.0000000   -0.00010622906  -3.2559130e-06  -7.6279424e-07  -7.3592949e-07  2.0425056e-05  1.7541413e-06  6.0029175e-06  4.7775466e-06  0.00014559131  0.00036040004  0.0000000   -0.00010622906  
1.7116297e-05  4.1920395e-05  -2.5303667e-06  -1.1059797e-05  1.2714420e-06  1.7916934e-05  -1.5561016e-06  -1.3875570e-05  -3.4953527e-05  0.00010622906  0.0000000   1.7116297e-05  4.1920395e-05  -2.5303667e-06  -1.1059797e-05  1.2714420e-06  1.7916934e-05  -1.5561016e-06  -1.3875570e-05  -3.4953527e-05  0.00010622906  0.0000000   
0.0000000   -0.0017052291  4.8777116e-07  7.3168676e-05  2.2571989e-05  0.00013309281  -1.3868711e-05  -0.00016596203  -4.2771326e-05  3.2559130e-06  -1.7116297e-05  0.0000000   -0.0017052291  4.8777116e-07  7.3168676e-05  2.2571989e-05  0.00013309281  -1.3868711e-05  -0.00016596203  -4.2771326e-05  3.2559130e-06  -1.7116297e-05  
0.0017052291  0.0000000   -2.5359072e-06  0.00011265275  -2.9327417e-05  -0.00034011231  2.8774651e-05  4.7047432e-05  -7.6644541e-06  7.6279424e-07  -4.1920395e-05  0.0017052291  0.0000000   -2.5359072e-06  0.00011265275  -2.9327417e-05  -0.00034011231  2.8774651e-05  4.7047432e-05  -7.6644541e-06  7.6279424e-07  -4.1920395e-05  
-4.8777116e-07  2.5359072e-06  0.0000000   -2.3450447e-08  3.0236947e-05  -2.9653274e-06  1.5177276e-05  2.0846867e-07  -3.0789358e-07  7.3592949e-07  2.5303667e-06  -4.8777116e-07  2.5359072e-06  0.0000000   -2.3450447e-08  3.0236947e-05  -2.9653274e-06  1.5177276e-05  2.0846867e-07  -3.0789358e-07  7.3592949e-07  2.5303667e-06  
-7.3168676e-05  -0.00011265275  2.3450447e-08  0.0000000   5.3197534e-06  7.6341155e-05  -7.5616312e-06  -5.0396944e-06  3.2315607e-05  -2.0425056e-05  1.1059797e-05  -7.3168676e-05  -0.00011265275  2.3450447e-08  0.0000000   5.3197534e-06  7.6341155e-05  -7.5616312e-06  -5.0396944e-06  3.2315607e-05  -2.0425056e-05  1.1059797e-05  
-2.2571989e-05  2.9327417e-05  -3.0236947e-05  -5.3197534e-06  0.0000000   9.9733831e-05  0.0017923864  -8.9291530e-05  -1.3692447e-05  -1.7541413e-06  -1.2714420e-06  -2.2571989e-05  2.9327417e-05  -3.0236947e-05  -5.3197534e-06  0.0000000   9.9733831e-05  0.0017923864  -8.9291530e-05  -1.3692447e-05  -1.7541413e-06  -1.2714420e-06  
-0.00013309281  0.00034011231  2.9653274e-06  -7.6341155e-05  -9.9733831e-05  0.0000000   -0.00018636680  -0.00067627662  -5.2848418e-05  -6.0029175e-06  -1.7916934e-05  -0.00013309281  0.00034011231  2.9653274e-06  -7.6341155e-05  -9.9733831e-05  0.0000000   -0.00018636680  -0.00067627662  -5.2848418e-05  -6.0029175e-06  -1.7916934e-05  
1.3868711e-05  -2.8774651e-05  -1.5177276e-05  7.5616312e-06  -0.0017923864  0.00018636680  0.0000000   5.0076046e-05  5.1937700e-06  -4.7775466e-06  1.5561016e-06  1.3868711e-05  -2.8774651e-05  -1.5177276e-05  7.5616312e-06  -0.0017923864  0.00018636680  0.0000000   5.0076046e-05  5.1937700e-06  -4.7775466e-06  1.5561016e-06  
0.00016596203  -4.7047432e-05  -2.0846867e-07  5.0396944e-06  8.9291530e-05  0.00067627662  -5.0076046e-05  0.0000000   4.2666578e-05  -0.00014559131  1.3875570e-05  0.00016596203  -4.7047432e-05  -2.0846867e-07  5.0396944e-06  8.9291530e-05  0.00067627662  -5.0076046e-05  0.0000000   4.2666578e-05  -0.00014559131  1.3875570e-05  
4.2771326e-05  7.6644541e-06  3.0789358e-07  -3.2315607e-05  1.3692447e-05  5.2848418e-05  -5.1937700e-06  -4.2666578e-05  0.0000000   -0.00036040004  3.4953527e-05  4.2771326e-05  7.6644541e-06  3.0789358e-07  -3.2315607e-05  1.3692447e-05  5.2848418e-05  -5.1937700e-06  -4.2666578e-05  0.0000000   -0.00036040004  3.4953527e-05  
-3.2559130e-06  -7.6279424e-07  -7.3592949e-07  2.0425056e-05  1.7541413e-06  6.0029175e-06  4.7775466e-06  0.00014559131  0.00036040004  0.0000000   -0.00010622906  -3.2559130e-06  -7.6279424e-07  -7.3592949e-07  2.0425056e-05  1.7541413e-06  6.0029175e-06  4.7775466e-06  0.00014559131  0.00036040004  0.0000000   -0.00010622906  
1.7116297e-05  4.1920395e-05  -2.5303667e-06  -1.1059797e-05  1.2714420e-06  1.7916934e-05  -1.5561016e-06  -1.3875570e-05  -3.4953527e-05  0.00010622906  0.0000000   1.7116297e-05  4.1920395e-05  -2.5303667e-06  -1.1059797e-05  1.2714420e-06  1.7916934e-05  -1.5561016e-06  -1.3875570e-05  -3.4953527e-05  0.00010622906  0.0000000   
