0.0000000   0.00042665412  -7.0624823e-05  -1.9026222e-07  8.8177149e-07  6.8173706e-06  0.00017650487  -5.0004635e-06  8.6528875e-07  7.1338690e-07  -4.6052096e-08  0.0000000   0.00042665412  -7.0624823e-05  -1.9026222e-07  8.8177149e-07  6.8173706e-06  0.00017650487  -5.0004635e-06  8.6528875e-07  7.1338690e-07  -4.6052096e-08  
-0.00042665412  0.0000000   -6.6767787e-05  -7.8650381e-07  -9.7520060e-07  -1.3793524e-06  1.4204298e-05  -3.6621195e-05  1.4813490e-05  8.6830184e-07  5.0347672e-07  -0.00042665412  0.0000000   -6.6767787e-05  -7.8650381e-07  -9.7520060e-07  -1.3793524e-06  1.4204298e-05  -3.6621195e-05  1.4813490e-05  8.6830184e-07  5.0347672e-07  
7.0624823e-05  6.6767787e-05  0.0000000   -1.9458415e-07  4.1021309e-07  -2.5055795e-05  2.5291565e-05  2.7002438e-05  6.8520387e-05  -1.7636118e-05  -1.1418513e-06  7.0624823e-05  6.6767787e-05  0.0000000   -1.9458415e-07  4.1021309e-07  -2.5055795e-05  2.5291565e-05  2.7002438e-05  6.8520387e-05  -1.7636118e-05  -1.1418513e-06  
1.9026222e-07  7.8650381e-07  1.9458415e-07  0.0000000   -0.00026306637  4.2919999e-07  9.4951279e-08  -6.1881202e-07  -1.1725457e-07  -5.3601223e-07  -4.9906646e-06  1.9026222e-07  7.8650381e-07  1.9458415e-07  0.0000000   -0.00026306637  4.2919999e-07  9.4951279e-08  -6.1881202e-07  -1.1725457e-07  -5.3601223e-07  -4.9906646e-06  
-8.8177149e-07  9.7520060e-07  -4.1021309e-07  0.00026306637  0.0000000   -3.6389869e-07  -3.4834041e-07  -3.7433770e-07  -9.4872268e-07  6.4946029e-07  -5.1021271e-05  -8.8177149e-07  9.7520060e-07  -4.1021309e-07  0.00026306637  0.0000000   -3.6389869e-07  -3.4834041e-07  -3.7433770e-07  -9.4872268e-07  6.4946029e-07  -5.1021271e-05  
-6.8173706e-06  1.3793524e-06  2.5055795e-05  -4.2919999e-07  3.6389869e-07  0.0000000   -8.9005862e-05  -0.00037873200  -0.00020120410  6.9762458e-05  -9.4050100e-07  -6.8173706e-06  1.3793524e-06  2.5055795e-05  -4.2919999e-07  3.6389869e-07  0.0000000   -8.9005862e-05  -0.00037873200  -0.00020120410  6.9762458e-05  -9.4050100e-07  
-0.00017650487  -1.4204298e-05  -2.5291565e-05  -9.4951279e-08  3.4834041e-07  8.9005862e-05  0.0000000   0.00027911269  -6.0904425e-05  -0.00030275173  -8.7127728e-08  -0.00017650487  -1.4204298e-05  -2.5291565e-05  -9.4951279e-08  3.4834041e-07  8.9005862e-05  0.0000000   0.00027911269  -6.0904425e-05  -0.00030275173  -8.7127728e-08  
5.0004635e-06  3.6621195e-05  -2.7002438e-05  6.1881202e-07  3.7433770e-07  0.00037873200  -0.00027911269  0.0000000   1.5042554e-06  0.00012011117  -4.0874878e-07  5.0004635e-06  3.6621195e-05  -2.7002438e-05  6.1881202e-07  3.7433770e-07  0.00037873200  -0.00027911269  0.0000000   1.5042554e-06  0.00012011117  -4.0874878e-07  
-8.6528875e-07  -1.4813490e-05  -6.8520387e-05  1.1725457e-07  9.4872268e-07  0.00020120410  6.0904425e-05  -1.5042554e-06  0.0000000   -0.00029084042  -1.5932711e-07  -8.6528875e-07  -1.4813490e-05  -6.8520387e-05  1.1725457e-07  9.4872268e-07  0.00020120410  6.0904425e-05  -1.5042554e-06  0.0000000   -0.00029084042  -1.5932711e-07  
-7.1338690e-07  -8.6830184e-07  1.7636118e-05  5.3601223e-07  -6.4946029e-07  -6.9762458e-05  0.00030275173  -0.00012011117  0.00029084042  0.0000000   6.9072891e-07  -7.1338690e-07  -8.6830184e-07  1.7636118e-05  5.3601223e-07  -6.4946029e-07  -6.9762458e-05  0.00030275173  -0.00012011117  0.00029084042  0.0000000   6.9072891e-07  
4.6052096e-08  -5.0347672e-07  1.1418513e-06  4.9906646e-06  5.1021271e-05  9.4050100e-07  8.7127728e-08  4.0874878e-07  1.5932711e-07  -6.9072891e-07  0.0000000   4.6052096e-08  -5.0347672e-07  1.1418513e-06  4.9906646e-06  5.1021271e-05  9.4050100e-07  8.7127728e-08  4.0874878e-07  1.5932711e-07  -6.9072891e-07  0.0000000   
0.0000000   0.00042665412  -7.0624823e-05  -1.9026222e-07  8.8177149e-07  6.8173706e-06  0.00017650487  -5.0004635e-06  8.6528875e-07  7.1338690e-07  -4.6052096e-08  0.0000000   0.00042665412  -7.0624823e-05  -1.9026222e-07  8.8177149e-07  6.8173706e-06  0.00017650487  -5.0004635e-06  8.6528875e-07  7.1338690e-07  -4.6052096e-08  
-0.00042665412  0.0000000   -6.6767787e-05  -7.8650381e-07  -9.7520060e-07  -1.3793524e-06  1.4204298e-05  -3.6621195e-05  1.4813490e-05  8.6830184e-07  5.0347672e-07  -0.00042665412  0.0000000   -6.6767787e-05  -7.8650381e-07  -9.7520060e-07  -1.3793524e-06  1.4204298e-05  -3.6621195e-05  1.4813490e-05  8.6830184e-07  5.0347672e-07  
7.0624823e-05  6.6767787e-05  0.0000000   -1.9458415e-07  4.1021309e-07  -2.5055795e-05  2.5291565e-05  2.7002438e-05  6.8520387e-05  -1.7636118e-05  -1.1418513e-06  7.0624823e-05  6.6767787e-05  0.0000000   -1.9458415e-07  4.1021309e-07  -2.5055795e-05  2.5291565e-05  2.7002438e-05  6.8520387e-05  -1.7636118e-05  -1.1418513e-06  
1.9026222e-07  7.8650381e-07  1.9458415e-07  0.0000000   -0.00026306637  4.2919999e-07  9.4951279e-08  -6.1881202e-07  -1.1725457e-07  -5.3601223e-07  -4.9906646e-06  1.9026222e-07  7.8650381e-07  1.9458415e-07  0.0000000   -0.00026306637  4.2919999e-07  9.4951279e-08  -6.1881202e-07  -1.1725457e-07  -5.3601223e-07  -4.9906646e-06  
-8.8177149e-07  9.7520060e-07  -4.1021309e-07  0.00026306637  0.0000000   -3.6389869e-07  -3.4834041e-07  -3.7433770e-07  -9.4872268e-07  6.4946029e-07  -5.1021271e-05  -8.8177149e-07  9.7520060e-07  -4.1021309e-07  0.00026306637  0.0000000   -3.6389869e-07  -3.4834041e-07  -3.7433770e-07  -9.4872268e-07  6.4946029e-07  -5.1021271e-05  
-6.8173706e-06  1.3793524e-06  2.5055795e-05  -4.2919999e-07  3.6389869e-07  0.0000000   -8.9005862e-05  -0.00037873200  -0.00020120410  6.9762458e-05  -9.4050100e-07  -6.8173706e-06  1.3793524e-06  2.5055795e-05  -4.2919999e-07  3.6389869e-07  0.0000000   -8.9005862e-05  -0.00037873200  -0.00020120410  6.9762458e-05  -9.4050100e-07  
-0.00017650487  -1.4204298e-05  -2.5291565e-05  -9.4951279e-08  3.4834041e-07  8.9005862e-05  0.0000000   0.00027911269  -6.0904425e-05  -0.00030275173  -8.7127728e-08  -0.00017650487  -1.4204298e-05  -2.5291565e-05  -9.4951279e-08  3.4834041e-07  8.9005862e-05  0.0000000   0.00027911269  -6.0904425e-05  -0.00030275173  -8.7127728e-08  
5.0004635e-06  3.6621195e-05  -2.7002438e-05  6.1881202e-07  3.7433770e-07  0.00037873200  -0.00027911269  0.0000000   1.5042554e-06  0.00012011117  -4.0874878e-07  5.0004635e-06  3.6621195e-05  -2.7002438e-05  6.1881202e-07  3.7433770e-07  0.00037873200  -0.00027911269  0.0000000   1.5042554e-06  0.00012011117  -4.0874878e-07  
-8.6528875e-07  -1.4813490e-05  -6.8520387e-05  1.1725457e-07  9.4872268e-07  0.00020120410  6.0904425e-05  -1.5042554e-06  0.0000000   -0.00029084042  -1.5932711e-07  -8.6528875e-07  -1.4813490e-05  -6.8520387e-05  1.1725457e-07  9.4872268e-07  0.00020120410  6.0904425e-05  -1.5042554e-06  0.0000000   -0.00029084042  -1.5932711e-07  
-7.1338690e-07  -8.6830184e-07  1.7636118e-05  5.3601223e-07  -6.4946029e-07  -6.9762458e-05  0.00030275173  -0.00012011117  0.00029084042  0.0000000   6.9072891e-07  -7.1338690e-07  -8.6830184e-07  1.7636118e-05  5.3601223e-07  -6.4946029e-07  -6.9762458e-05  0.00030275173  -0.00012011117  0.00029084042  0.0000000   6.9072891e-07  
4.6052096e-08  -5.0347672e-07  1.1418513e-06  4.9906646e-06  5.1021271e-05  9.4050100e-07  8.7127728e-08  4.0874878e-07  1.5932711e-07  -6.9072891e-07  0.0000000   4.6052096e-08  -5.0347672e-07  1.1418513e-06  4.9906646e-06  5.1021271e-05  9.4050100e-07  8.7127728e-08  4.0874878e-07  1.5932711e-07  -6.9072891e-07  0.0000000   
