0.0000000   8.2926104e-06  2.3902588e-06  2.6487084e-06  1.4833117e-05  -3.2836698e-06  9.9032379e-06  -2.3530287e-05  5.2238402e-06  7.8497127e-07  5.4249085e-08  0.0000000   8.2926104e-06  2.3902588e-06  2.6487084e-06  1.4833117e-05  -3.2836698e-06  9.9032379e-06  -2.3530287e-05  5.2238402e-06  7.8497127e-07  5.4249085e-08  
-8.2926104e-06  0.0000000   -9.8448387e-07  1.2000651e-06  -3.8828925e-05  3.2892901e-05  -5.4478223e-05  4.0582155e-05  1.1489329e-05  -3.5648766e-05  -1.8777203e-07  -8.2926104e-06  0.0000000   -9.8448387e-07  1.2000651e-06  -3.8828925e-05  3.2892901e-05  -5.4478223e-05  4.0582155e-05  1.1489329e-05  -3.5648766e-05  -1.8777203e-07  
-2.3902588e-06  9.8448387e-07  0.0000000   -0.00096946199  1.9211476e-07  -4.4108575e-07  6.8596447e-07  3.9312960e-08  1.5521894e-06  -5.5718085e-07  1.4762758e-05  -2.3902588e-06  9.8448387e-07  0.0000000   -0.00096946199  1.9211476e-07  -4.4108575e-07  6.8596447e-07  3.9312960e-08  1.5521894e-06  -5.5718085e-07  1.4762758e-05  
-2.6487084e-06  -1.2000651e-06  0.00096946199  0.0000000   1.4777960e-06  5.7699040e-07  5.2469926e-07  6.7746245e-07  6.3513939e-07  -3.5420666e-07  1.1926815e-06  -2.6487084e-06  -1.2000651e-06  0.00096946199  0.0000000   1.4777960e-06  5.7699040e-07  5.2469926e-07  6.7746245e-07  6.3513939e-07  -3.5420666e-07  1.1926815e-06  
-1.4833117e-05  3.8828925e-05  -1.9211476e-07  -1.4777960e-06  0.0000000   4.4964288e-06  -2.8757908e-05  -4.8326099e-05  -4.4526042e-05  -0.00013393912  -8.4429556e-08  -1.4833117e-05  3.8828925e-05  -1.9211476e-07  -1.4777960e-06  0.0000000   4.4964288e-06  -2.8757908e-05  -4.8326099e-05  -4.4526042e-05  -0.00013393912  -8.4429556e-08  
3.2836698e-06  -3.2892901e-05  4.4108575e-07  -5.7699040e-07  -4.4964288e-06  0.0000000   -0.00061131263  -0.00055644090  5.9841984e-05  -9.4956415e-05  -3.3599605e-07  3.2836698e-06  -3.2892901e-05  4.4108575e-07  -5.7699040e-07  -4.4964288e-06  0.0000000   -0.00061131263  -0.00055644090  5.9841984e-05  -9.4956415e-05  -3.3599605e-07  
-9.9032379e-06  5.4478223e-05  -6.8596447e-07  -5.2469926e-07  2.8757908e-05  0.00061131263  0.0000000   -0.00031769242  -6.3156546e-05  -3.1955498e-05  1.9414389e-07  -9.9032379e-06  5.4478223e-05  -6.8596447e-07  -5.2469926e-07  2.8757908e-05  0.00061131263  0.0000000   -0.00031769242  -6.3156546e-05  -3.1955498e-05  1.9414389e-07  
2.3530287e-05  -4.0582155e-05  -3.9312960e-08  -6.7746245e-07  4.8326099e-05  0.00055644090  0.00031769242  0.0000000   -2.4010835e-05  0.00012317833  1.1710551e-07  2.3530287e-05  -4.0582155e-05  -3.9312960e-08  -6.7746245e-07  4.8326099e-05  0.00055644090  0.00031769242  0.0000000   -2.4010835e-05  0.00012317833  1.1710551e-07  
-5.2238402e-06  -1.1489329e-05  -1.5521894e-06  -6.3513939e-07  4.4526042e-05  -5.9841984e-05  6.3156546e-05  2.4010835e-05  0.0000000   -3.8422233e-06  -6.7161225e-09  -5.2238402e-06  -1.1489329e-05  -1.5521894e-06  -6.3513939e-07  4.4526042e-05  -5.9841984e-05  6.3156546e-05  2.4010835e-05  0.0000000   -3.8422233e-06  -6.7161225e-09  
-7.8497127e-07  3.5648766e-05  5.5718085e-07  3.5420666e-07  0.00013393912  9.4956415e-05  3.1955498e-05  -0.00012317833  3.8422233e-06  0.0000000   -9.8079431e-08  -7.8497127e-07  3.5648766e-05  5.5718085e-07  3.5420666e-07  0.00013393912  9.4956415e-05  3.1955498e-05  -0.00012317833  3.8422233e-06  0.0000000   -9.8079431e-08  
-5.4249085e-08  1.8777203e-07  -1.4762758e-05  -1.1926815e-06  8.4429556e-08  3.3599605e-07  -1.9414389e-07  -1.1710551e-07  6.7161225e-09  9.8079431e-08  0.0000000   -5.4249085e-08  1.8777203e-07  -1.4762758e-05  -1.1926815e-06  8.4429556e-08  3.3599605e-07  -1.9414389e-07  -1.1710551e-07  6.7161225e-09  9.8079431e-08  0.0000000   
0.0000000   8.2926104e-06  2.3902588e-06  2.6487084e-06  1.4833117e-05  -3.2836698e-06  9.9032379e-06  -2.3530287e-05  5.2238402e-06  7.8497127e-07  5.4249085e-08  0.0000000   8.2926104e-06  2.3902588e-06  2.6487084e-06  1.4833117e-05  -3.2836698e-06  9.9032379e-06  -2.3530287e-05  5.2238402e-06  7.8497127e-07  5.4249085e-08  
-8.2926104e-06  0.0000000   -9.8448387e-07  1.2000651e-06  -3.8828925e-05  3.2892901e-05  -5.4478223e-05  4.0582155e-05  1.1489329e-05  -3.5648766e-05  -1.8777203e-07  -8.2926104e-06  0.0000000   -9.8448387e-07  1.2000651e-06  -3.8828925e-05  3.2892901e-05  -5.4478223e-05  4.0582155e-05  1.1489329e-05  -3.5648766e-05  -1.8777203e-07  
-2.3902588e-06  9.8448387e-07  0.0000000   -0.00096946199  1.9211476e-07  -4.4108575e-07  6.8596447e-07  3.9312960e-08  1.5521894e-06  -5.5718085e-07  1.4762758e-05  -2.3902588e-06  9.8448387e-07  0.0000000   -0.00096946199  1.9211476e-07  -4.4108575e-07  6.8596447e-07  3.9312960e-08  1.5521894e-06  -5.5718085e-07  1.4762758e-05  
-2.6487084e-06  -1.2000651e-06  0.00096946199  0.0000000   1.4777960e-06  5.7699040e-07  5.2469926e-07  6.7746245e-07  6.3513939e-07  -3.5420666e-07  1.1926815e-06  -2.6487084e-06  -1.2000651e-06  0.00096946199  0.0000000   1.4777960e-06  5.7699040e-07  5.2469926e-07  6.7746245e-07  6.3513939e-07  -3.5420666e-07  1.1926815e-06  
-1.4833117e-05  3.8828925e-05  -1.9211476e-07  -1.4777960e-06  0.0000000   4.4964288e-06  -2.8757908e-05  -4.8326099e-05  -4.4526042e-05  -0.00013393912  -8.4429556e-08  -1.4833117e-05  3.8828925e-05  -1.9211476e-07  -1.4777960e-06  0.0000000   4.4964288e-06  -2.8757908e-05  -4.8326099e-05  -4.4526042e-05  -0.00013393912  -8.4429556e-08  
3.2836698e-06  -3.2892901e-05  4.4108575e-07  -5.7699040e-07  -4.4964288e-06  0.0000000   -0.00061131263  -0.00055644090  5.9841984e-05  -9.4956415e-05  -3.3599605e-07  3.2836698e-06  -3.2892901e-05  4.4108575e-07  -5.7699040e-07  -4.4964288e-06  0.0000000   -0.00061131263  -0.00055644090  5.9841984e-05  -9.4956415e-05  -3.3599605e-07  
-9.9032379e-06  5.4478223e-05  -6.8596447e-07  -5.2469926e-07  2.8757908e-05  0.00061131263  0.0000000   -0.00031769242  -6.3156546e-05  -3.1955498e-05  1.9414389e-07  -9.9032379e-06  5.4478223e-05  -6.8596447e-07  -5.2469926e-07  2.8757908e-05  0.00061131263  0.0000000   -0.00031769242  -6.3156546e-05  -3.1955498e-05  1.9414389e-07  
2.3530287e-05  -4.0582155e-05  -3.9312960e-08  -6.7746245e-07  4.8326099e-05  0.00055644090  0.00031769242  0.0000000   -2.4010835e-05  0.00012317833  1.1710551e-07  2.3530287e-05  -4.0582155e-05  -3.9312960e-08  -6.7746245e-07  4.8326099e-05  0.00055644090  0.00031769242  0.0000000   -2.4010835e-05  0.00012317833  1.1710551e-07  
-5.2238402e-06  -1.1489329e-05  -1.5521894e-06  -6.3513939e-07  4.4526042e-05  -5.9841984e-05  6.3156546e-05  2.4010835e-05  0.0000000   -3.8422233e-06  -6.7161225e-09  -5.2238402e-06  -1.1489329e-05  -1.5521894e-06  -6.3513939e-07  4.4526042e-05  -5.9841984e-05  6.3156546e-05  2.4010835e-05  0.0000000   -3.8422233e-06  -6.7161225e-09  
-7.8497127e-07  3.5648766e-05  5.5718085e-07  3.5420666e-07  0.00013393912  9.4956415e-05  3.1955498e-05  -0.00012317833  3.8422233e-06  0.0000000   -9.8079431e-08  -7.8497127e-07  3.5648766e-05  5.5718085e-07  3.5420666e-07  0.00013393912  9.4956415e-05  3.1955498e-05  -0.00012317833  3.8422233e-06  0.0000000   -9.8079431e-08  
-5.4249085e-08  1.8777203e-07  -1.4762758e-05  -1.1926815e-06  8.4429556e-08  3.3599605e-07  -1.9414389e-07  -1.1710551e-07  6.7161225e-09  9.8079431e-08  0.0000000   -5.4249085e-08  1.8777203e-07  -1.4762758e-05  -1.1926815e-06  8.4429556e-08  3.3599605e-07  -1.9414389e-07  -1.1710551e-07  6.7161225e-09  9.8079431e-08  0.0000000   
