0.0000000   -1.9094386e-07  -2.7710358e-05  -5.6728372e-06  -2.6245314e-06  -1.6491158e-06  -1.1204775e-06  2.2948406e-06  -2.5050024e-07  3.1993449e-07  -1.5000089e-06  0.0000000   -1.9094386e-07  -2.7710358e-05  -5.6728372e-06  -2.6245314e-06  -1.6491158e-06  -1.1204775e-06  2.2948406e-06  -2.5050024e-07  3.1993449e-07  -1.5000089e-06  
1.9094386e-07  0.0000000   -2.8548619e-06  5.8244272e-05  2.2274180e-05  -8.1608450e-05  2.9402307e-05  -4.4465982e-05  -1.1576374e-05  2.5357324e-06  1.8492631e-05  1.9094386e-07  0.0000000   -2.8548619e-06  5.8244272e-05  2.2274180e-05  -8.1608450e-05  2.9402307e-05  -4.4465982e-05  -1.1576374e-05  2.5357324e-06  1.8492631e-05  
2.7710358e-05  2.8548619e-06  0.0000000   4.1905116e-08  4.6136394e-07  4.9840379e-07  4.3457306e-07  3.6937302e-07  -6.2264425e-06  -1.9029499e-06  -7.1228542e-07  2.7710358e-05  2.8548619e-06  0.0000000   4.1905116e-08  4.6136394e-07  4.9840379e-07  4.3457306e-07  3.6937302e-07  -6.2264425e-06  -1.9029499e-06  -7.1228542e-07  
5.6728372e-06  -5.8244272e-05  -4.1905116e-08  0.0000000   -9.2581662e-05  -6.5575672e-05  4.9787799e-06  -1.3289840e-05  8.6737253e-05  5.1449169e-05  2.4520924e-06  5.6728372e-06  -5.8244272e-05  -4.1905116e-08  0.0000000   -9.2581662e-05  -6.5575672e-05  4.9787799e-06  -1.3289840e-05  8.6737253e-05  5.1449169e-05  2.4520924e-06  
2.6245314e-06  -2.2274180e-05  -4.6136394e-07  9.2581662e-05  0.0000000   -0.00013407768  -0.00010070747  -1.9620036e-05  -0.00012313210  -4.0297997e-05  -8.4697015e-05  2.6245314e-06  -2.2274180e-05  -4.6136394e-07  9.2581662e-05  0.0000000   -0.00013407768  -0.00010070747  -1.9620036e-05  -0.00012313210  -4.0297997e-05  -8.4697015e-05  
1.6491158e-06  8.1608450e-05  -4.9840379e-07  6.5575672e-05  0.00013407768  0.0000000   -0.0018706517  -0.00028149655  -7.4456349e-05  9.0459068e-05  1.0777811e-05  1.6491158e-06  8.1608450e-05  -4.9840379e-07  6.5575672e-05  0.00013407768  0.0000000   -0.0018706517  -0.00028149655  -7.4456349e-05  9.0459068e-05  1.0777811e-05  
1.1204775e-06  -2.9402307e-05  -4.3457306e-07  -4.9787799e-06  0.00010070747  0.0018706517  0.0000000   0.00048974204  0.00019129949  3.4320241e-05  -1.1420427e-05  1.1204775e-06  -2.9402307e-05  -4.3457306e-07  -4.9787799e-06  0.00010070747  0.0018706517  0.0000000   0.00048974204  0.00019129949  3.4320241e-05  -1.1420427e-05  
-2.2948406e-06  4.4465982e-05  -3.6937302e-07  1.3289840e-05  1.9620036e-05  0.00028149655  -0.00048974204  0.0000000   -0.00043629383  -0.00016460523  -3.8831121e-05  -2.2948406e-06  4.4465982e-05  -3.6937302e-07  1.3289840e-05  1.9620036e-05  0.00028149655  -0.00048974204  0.0000000   -0.00043629383  -0.00016460523  -3.8831121e-05  
2.5050024e-07  1.1576374e-05  6.2264425e-06  -8.6737253e-05  0.00012313210  7.4456349e-05  -0.00019129949  0.00043629383  0.0000000   0.0024302564  -9.3121112e-05  2.5050024e-07  1.1576374e-05  6.2264425e-06  -8.6737253e-05  0.00012313210  7.4456349e-05  -0.00019129949  0.00043629383  0.0000000   0.0024302564  -9.3121112e-05  
-3.1993449e-07  -2.5357324e-06  1.9029499e-06  -5.1449169e-05  4.0297997e-05  -9.0459068e-05  -3.4320241e-05  0.00016460523  -0.0024302564  0.0000000   0.00037068192  -3.1993449e-07  -2.5357324e-06  1.9029499e-06  -5.1449169e-05  4.0297997e-05  -9.0459068e-05  -3.4320241e-05  0.00016460523  -0.0024302564  0.0000000   0.00037068192  
1.5000089e-06  -1.8492631e-05  7.1228542e-07  -2.4520924e-06  8.4697015e-05  -1.0777811e-05  1.1420427e-05  3.8831121e-05  9.3121112e-05  -0.00037068192  0.0000000   1.5000089e-06  -1.8492631e-05  7.1228542e-07  -2.4520924e-06  8.4697015e-05  -1.0777811e-05  1.1420427e-05  3.8831121e-05  9.3121112e-05  -0.00037068192  0.0000000   
0.0000000   -1.9094386e-07  -2.7710358e-05  -5.6728372e-06  -2.6245314e-06  -1.6491158e-06  -1.1204775e-06  2.2948406e-06  -2.5050024e-07  3.1993449e-07  -1.5000089e-06  0.0000000   -1.9094386e-07  -2.7710358e-05  -5.6728372e-06  -2.6245314e-06  -1.6491158e-06  -1.1204775e-06  2.2948406e-06  -2.5050024e-07  3.1993449e-07  -1.5000089e-06  
1.9094386e-07  0.0000000   -2.8548619e-06  5.8244272e-05  2.2274180e-05  -8.1608450e-05  2.9402307e-05  -4.4465982e-05  -1.1576374e-05  2.5357324e-06  1.8492631e-05  1.9094386e-07  0.0000000   -2.8548619e-06  5.8244272e-05  2.2274180e-05  -8.1608450e-05  2.9402307e-05  -4.4465982e-05  -1.1576374e-05  2.5357324e-06  1.8492631e-05  
2.7710358e-05  2.8548619e-06  0.0000000   4.1905116e-08  4.6136394e-07  4.9840379e-07  4.3457306e-07  3.6937302e-07  -6.2264425e-06  -1.9029499e-06  -7.1228542e-07  2.7710358e-05  2.8548619e-06  0.0000000   4.1905116e-08  4.6136394e-07  4.9840379e-07  4.3457306e-07  3.6937302e-07  -6.2264425e-06  -1.9029499e-06  -7.1228542e-07  
5.6728372e-06  -5.8244272e-05  -4.1905116e-08  0.0000000   -9.2581662e-05  -6.5575672e-05  4.9787799e-06  -1.3289840e-05  8.6737253e-05  5.1449169e-05  2.4520924e-06  5.6728372e-06  -5.8244272e-05  -4.1905116e-08  0.0000000   -9.2581662e-05  -6.5575672e-05  4.9787799e-06  -1.3289840e-05  8.6737253e-05  5.1449169e-05  2.4520924e-06  
2.6245314e-06  -2.2274180e-05  -4.6136394e-07  9.2581662e-05  0.0000000   -0.00013407768  -0.00010070747  -1.9620036e-05  -0.00012313210  -4.0297997e-05  -8.4697015e-05  2.6245314e-06  -2.2274180e-05  -4.6136394e-07  9.2581662e-05  0.0000000   -0.00013407768  -0.00010070747  -1.9620036e-05  -0.00012313210  -4.0297997e-05  -8.4697015e-05  
1.6491158e-06  8.1608450e-05  -4.9840379e-07  6.5575672e-05  0.00013407768  0.0000000   -0.0018706517  -0.00028149655  -7.4456349e-05  9.0459068e-05  1.0777811e-05  1.6491158e-06  8.1608450e-05  -4.9840379e-07  6.5575672e-05  0.00013407768  0.0000000   -0.0018706517  -0.00028149655  -7.4456349e-05  9.0459068e-05  1.0777811e-05  
1.1204775e-06  -2.9402307e-05  -4.3457306e-07  -4.9787799e-06  0.00010070747  0.0018706517  0.0000000   0.00048974204  0.00019129949  3.4320241e-05  -1.1420427e-05  1.1204775e-06  -2.9402307e-05  -4.3457306e-07  -4.9787799e-06  0.00010070747  0.0018706517  0.0000000   0.00048974204  0.00019129949  3.4320241e-05  -1.1420427e-05  
-2.2948406e-06  4.4465982e-05  -3.6937302e-07  1.3289840e-05  1.9620036e-05  0.00028149655  -0.00048974204  0.0000000   -0.00043629383  -0.00016460523  -3.8831121e-05  -2.2948406e-06  4.4465982e-05  -3.6937302e-07  1.3289840e-05  1.9620036e-05  0.00028149655  -0.00048974204  0.0000000   -0.00043629383  -0.00016460523  -3.8831121e-05  
2.5050024e-07  1.1576374e-05  6.2264425e-06  -8.6737253e-05  0.00012313210  7.4456349e-05  -0.00019129949  0.00043629383  0.0000000   0.0024302564  -9.3121112e-05  2.5050024e-07  1.1576374e-05  6.2264425e-06  -8.6737253e-05  0.00012313210  7.4456349e-05  -0.00019129949  0.00043629383  0.0000000   0.0024302564  -9.3121112e-05  
-3.1993449e-07  -2.5357324e-06  1.9029499e-06  -5.1449169e-05  4.0297997e-05  -9.0459068e-05  -3.4320241e-05  0.00016460523  -0.0024302564  0.0000000   0.00037068192  -3.1993449e-07  -2.5357324e-06  1.9029499e-06  -5.1449169e-05  4.0297997e-05  -9.0459068e-05  -3.4320241e-05  0.00016460523  -0.0024302564  0.0000000   0.00037068192  
1.5000089e-06  -1.8492631e-05  7.1228542e-07  -2.4520924e-06  8.4697015e-05  -1.0777811e-05  1.1420427e-05  3.8831121e-05  9.3121112e-05  -0.00037068192  0.0000000   1.5000089e-06  -1.8492631e-05  7.1228542e-07  -2.4520924e-06  8.4697015e-05  -1.0777811e-05  1.1420427e-05  3.8831121e-05  9.3121112e-05  -0.00037068192  0.0000000   
