0.0000000   0.00068063939  8.2791491e-07  1.3902154e-06  -1.1935737e-05  9.6597479e-07  -3.1688634e-06  9.2074822e-05  -4.1485120e-07  1.9881057e-07  1.5781455e-05  0.0000000   0.00068063939  8.2791491e-07  1.3902154e-06  -1.1935737e-05  9.6597479e-07  -3.1688634e-06  9.2074822e-05  -4.1485120e-07  1.9881057e-07  1.5781455e-05  
-0.00068063939  0.0000000   -1.0607461e-06  1.0688680e-07  4.2597200e-05  -7.9586006e-07  2.3648904e-06  -6.8654615e-05  2.9983670e-07  3.9960592e-07  2.1226297e-05  -0.00068063939  0.0000000   -1.0607461e-06  1.0688680e-07  4.2597200e-05  -7.9586006e-07  2.3648904e-06  -6.8654615e-05  2.9983670e-07  3.9960592e-07  2.1226297e-05  
-8.2791491e-07  1.0607461e-06  0.0000000   1.5391490e-05  -5.6372064e-07  5.6023504e-05  -2.8567079e-05  -6.1854975e-07  -1.3917682e-05  -5.5502521e-05  3.4620222e-07  -8.2791491e-07  1.0607461e-06  0.0000000   1.5391490e-05  -5.6372064e-07  5.6023504e-05  -2.8567079e-05  -6.1854975e-07  -1.3917682e-05  -5.5502521e-05  3.4620222e-07  
-1.3902154e-06  -1.0688680e-07  -1.5391490e-05  0.0000000   1.2537457e-07  -6.7566329e-05  4.3779050e-05  9.7865476e-07  4.5074484e-05  -1.3706482e-05  2.4749109e-07  -1.3902154e-06  -1.0688680e-07  -1.5391490e-05  0.0000000   1.2537457e-07  -6.7566329e-05  4.3779050e-05  9.7865476e-07  4.5074484e-05  -1.3706482e-05  2.4749109e-07  
1.1935737e-05  -4.2597200e-05  5.6372064e-07  -1.2537457e-07  0.0000000   -9.8470072e-07  -9.2685423e-07  5.0850888e-05  3.0987568e-07  2.5343866e-08  1.7626615e-05  1.1935737e-05  -4.2597200e-05  5.6372064e-07  -1.2537457e-07  0.0000000   -9.8470072e-07  -9.2685423e-07  5.0850888e-05  3.0987568e-07  2.5343866e-08  1.7626615e-05  
-9.6597479e-07  7.9586006e-07  -5.6023504e-05  6.7566329e-05  9.8470072e-07  0.0000000   -0.0011510621  -2.6370380e-05  0.00011288843  0.00011852535  4.6515733e-07  -9.6597479e-07  7.9586006e-07  -5.6023504e-05  6.7566329e-05  9.8470072e-07  0.0000000   -0.0011510621  -2.6370380e-05  0.00011288843  0.00011852535  4.6515733e-07  
3.1688634e-06  -2.3648904e-06  2.8567079e-05  -4.3779050e-05  9.2685423e-07  0.0011510621  0.0000000   -5.3305138e-06  0.00010605514  -1.6654287e-05  -1.6729097e-08  3.1688634e-06  -2.3648904e-06  2.8567079e-05  -4.3779050e-05  9.2685423e-07  0.0011510621  0.0000000   -5.3305138e-06  0.00010605514  -1.6654287e-05  -1.6729097e-08  
-9.2074822e-05  6.8654615e-05  6.1854975e-07  -9.7865476e-07  -5.0850888e-05  2.6370380e-05  5.3305138e-06  0.0000000   2.0849632e-06  -1.0885981e-06  -2.7437624e-07  -9.2074822e-05  6.8654615e-05  6.1854975e-07  -9.7865476e-07  -5.0850888e-05  2.6370380e-05  5.3305138e-06  0.0000000   2.0849632e-06  -1.0885981e-06  -2.7437624e-07  
4.1485120e-07  -2.9983670e-07  1.3917682e-05  -4.5074484e-05  -3.0987568e-07  -0.00011288843  -0.00010605514  -2.0849632e-06  0.0000000   2.2745933e-05  -1.3633274e-07  4.1485120e-07  -2.9983670e-07  1.3917682e-05  -4.5074484e-05  -3.0987568e-07  -0.00011288843  -0.00010605514  -2.0849632e-06  0.0000000   2.2745933e-05  -1.3633274e-07  
-1.9881057e-07  -3.9960592e-07  5.5502521e-05  1.3706482e-05  -2.5343866e-08  -0.00011852535  1.6654287e-05  1.0885981e-06  -2.2745933e-05  0.0000000   -1.4393571e-07  -1.9881057e-07  -3.9960592e-07  5.5502521e-05  1.3706482e-05  -2.5343866e-08  -0.00011852535  1.6654287e-05  1.0885981e-06  -2.2745933e-05  0.0000000   -1.4393571e-07  
-1.5781455e-05  -2.1226297e-05  -3.4620222e-07  -2.4749109e-07  -1.7626615e-05  -4.6515733e-07  1.6729097e-08  2.7437624e-07  1.3633274e-07  1.4393571e-07  0.0000000   -1.5781455e-05  -2.1226297e-05  -3.4620222e-07  -2.4749109e-07  -1.7626615e-05  -4.6515733e-07  1.6729097e-08  2.7437624e-07  1.3633274e-07  1.4393571e-07  0.0000000   
0.0000000   0.00068063939  8.2791491e-07  1.3902154e-06  -1.1935737e-05  9.6597479e-07  -3.1688634e-06  9.2074822e-05  -4.1485120e-07  1.9881057e-07  1.5781455e-05  0.0000000   0.00068063939  8.2791491e-07  1.3902154e-06  -1.1935737e-05  9.6597479e-07  -3.1688634e-06  9.2074822e-05  -4.1485120e-07  1.9881057e-07  1.5781455e-05  
-0.00068063939  0.0000000   -1.0607461e-06  1.0688680e-07  4.2597200e-05  -7.9586006e-07  2.3648904e-06  -6.8654615e-05  2.9983670e-07  3.9960592e-07  2.1226297e-05  -0.00068063939  0.0000000   -1.0607461e-06  1.0688680e-07  4.2597200e-05  -7.9586006e-07  2.3648904e-06  -6.8654615e-05  2.9983670e-07  3.9960592e-07  2.1226297e-05  
-8.2791491e-07  1.0607461e-06  0.0000000   1.5391490e-05  -5.6372064e-07  5.6023504e-05  -2.8567079e-05  -6.1854975e-07  -1.3917682e-05  -5.5502521e-05  3.4620222e-07  -8.2791491e-07  1.0607461e-06  0.0000000   1.5391490e-05  -5.6372064e-07  5.6023504e-05  -2.8567079e-05  -6.1854975e-07  -1.3917682e-05  -5.5502521e-05  3.4620222e-07  
-1.3902154e-06  -1.0688680e-07  -1.5391490e-05  0.0000000   1.2537457e-07  -6.7566329e-05  4.3779050e-05  9.7865476e-07  4.5074484e-05  -1.3706482e-05  2.4749109e-07  -1.3902154e-06  -1.0688680e-07  -1.5391490e-05  0.0000000   1.2537457e-07  -6.7566329e-05  4.3779050e-05  9.7865476e-07  4.5074484e-05  -1.3706482e-05  2.4749109e-07  
1.1935737e-05  -4.2597200e-05  5.6372064e-07  -1.2537457e-07  0.0000000   -9.8470072e-07  -9.2685423e-07  5.0850888e-05  3.0987568e-07  2.5343866e-08  1.7626615e-05  1.1935737e-05  -4.2597200e-05  5.6372064e-07  -1.2537457e-07  0.0000000   -9.8470072e-07  -9.2685423e-07  5.0850888e-05  3.0987568e-07  2.5343866e-08  1.7626615e-05  
-9.6597479e-07  7.9586006e-07  -5.6023504e-05  6.7566329e-05  9.8470072e-07  0.0000000   -0.0011510621  -2.6370380e-05  0.00011288843  0.00011852535  4.6515733e-07  -9.6597479e-07  7.9586006e-07  -5.6023504e-05  6.7566329e-05  9.8470072e-07  0.0000000   -0.0011510621  -2.6370380e-05  0.00011288843  0.00011852535  4.6515733e-07  
3.1688634e-06  -2.3648904e-06  2.8567079e-05  -4.3779050e-05  9.2685423e-07  0.0011510621  0.0000000   -5.3305138e-06  0.00010605514  -1.6654287e-05  -1.6729097e-08  3.1688634e-06  -2.3648904e-06  2.8567079e-05  -4.3779050e-05  9.2685423e-07  0.0011510621  0.0000000   -5.3305138e-06  0.00010605514  -1.6654287e-05  -1.6729097e-08  
-9.2074822e-05  6.8654615e-05  6.1854975e-07  -9.7865476e-07  -5.0850888e-05  2.6370380e-05  5.3305138e-06  0.0000000   2.0849632e-06  -1.0885981e-06  -2.7437624e-07  -9.2074822e-05  6.8654615e-05  6.1854975e-07  -9.7865476e-07  -5.0850888e-05  2.6370380e-05  5.3305138e-06  0.0000000   2.0849632e-06  -1.0885981e-06  -2.7437624e-07  
4.1485120e-07  -2.9983670e-07  1.3917682e-05  -4.5074484e-05  -3.0987568e-07  -0.00011288843  -0.00010605514  -2.0849632e-06  0.0000000   2.2745933e-05  -1.3633274e-07  4.1485120e-07  -2.9983670e-07  1.3917682e-05  -4.5074484e-05  -3.0987568e-07  -0.00011288843  -0.00010605514  -2.0849632e-06  0.0000000   2.2745933e-05  -1.3633274e-07  
-1.9881057e-07  -3.9960592e-07  5.5502521e-05  1.3706482e-05  -2.5343866e-08  -0.00011852535  1.6654287e-05  1.0885981e-06  -2.2745933e-05  0.0000000   -1.4393571e-07  -1.9881057e-07  -3.9960592e-07  5.5502521e-05  1.3706482e-05  -2.5343866e-08  -0.00011852535  1.6654287e-05  1.0885981e-06  -2.2745933e-05  0.0000000   -1.4393571e-07  
-1.5781455e-05  -2.1226297e-05  -3.4620222e-07  -2.4749109e-07  -1.7626615e-05  -4.6515733e-07  1.6729097e-08  2.7437624e-07  1.3633274e-07  1.4393571e-07  0.0000000   -1.5781455e-05  -2.1226297e-05  -3.4620222e-07  -2.4749109e-07  -1.7626615e-05  -4.6515733e-07  1.6729097e-08  2.7437624e-07  1.3633274e-07  1.4393571e-07  0.0000000   
