0.0000000   0.0033693545  2.5379435e-05  -9.0545832e-06  0.00018368122  0.00018859601  0.00016968447  0.00018521079  1.3150391e-06  1.7674778e-05  -2.6557491e-06  0.0000000   0.0033693545  2.5379435e-05  -9.0545832e-06  0.00018368122  0.00018859601  0.00016968447  0.00018521079  1.3150391e-06  1.7674778e-05  -2.6557491e-06  
-0.0033693545  0.0000000   3.9989108e-05  -9.4826841e-06  -0.00013575169  0.00025766976  0.00010980259  -2.4123508e-05  -7.5117525e-06  -3.6401173e-05  5.8093367e-07  -0.0033693545  0.0000000   3.9989108e-05  -9.4826841e-06  -0.00013575169  0.00025766976  0.00010980259  -2.4123508e-05  -7.5117525e-06  -3.6401173e-05  5.8093367e-07  
-2.5379435e-05  -3.9989108e-05  0.0000000   0.022738733  1.7323905e-05  6.2072677e-05  8.4032592e-06  9.1057915e-06  -1.4167248e-05  -1.9591762e-05  -2.6792795e-05  -2.5379435e-05  -3.9989108e-05  0.0000000   0.022738733  1.7323905e-05  6.2072677e-05  8.4032592e-06  9.1057915e-06  -1.4167248e-05  -1.9591762e-05  -2.6792795e-05  
9.0545832e-06  9.4826841e-06  -0.022738733  0.0000000   4.6987934e-05  -6.4190634e-05  2.0858029e-05  -8.3469234e-06  -2.9506668e-05  -2.8753327e-05  4.2266391e-05  9.0545832e-06  9.4826841e-06  -0.022738733  0.0000000   4.6987934e-05  -6.4190634e-05  2.0858029e-05  -8.3469234e-06  -2.9506668e-05  -2.8753327e-05  4.2266391e-05  
-0.00018368122  0.00013575169  -1.7323905e-05  -4.6987934e-05  0.0000000   0.0067570335  -0.0055661708  -0.00024313779  -1.7854043e-05  -0.00014637548  -4.7269269e-06  -0.00018368122  0.00013575169  -1.7323905e-05  -4.6987934e-05  0.0000000   0.0067570335  -0.0055661708  -0.00024313779  -1.7854043e-05  -0.00014637548  -4.7269269e-06  
-0.00018859601  -0.00025766976  -6.2072677e-05  6.4190634e-05  -0.0067570335  0.0000000   -0.013598440  0.00010303151  -0.00013519169  -1.1033625e-05  -2.9109561e-06  -0.00018859601  -0.00025766976  -6.2072677e-05  6.4190634e-05  -0.0067570335  0.0000000   -0.013598440  0.00010303151  -0.00013519169  -1.1033625e-05  -2.9109561e-06  
-0.00016968447  -0.00010980259  -8.4032592e-06  -2.0858029e-05  0.0055661708  0.013598440  0.0000000   -0.0012080578  -0.00024207484  9.2128427e-05  -6.5380471e-06  -0.00016968447  -0.00010980259  -8.4032592e-06  -2.0858029e-05  0.0055661708  0.013598440  0.0000000   -0.0012080578  -0.00024207484  9.2128427e-05  -6.5380471e-06  
-0.00018521079  2.4123508e-05  -9.1057915e-06  8.3469234e-06  0.00024313779  -0.00010303151  0.0012080578  0.0000000   -0.00011470297  -0.00019741692  -2.5665993e-07  -0.00018521079  2.4123508e-05  -9.1057915e-06  8.3469234e-06  0.00024313779  -0.00010303151  0.0012080578  0.0000000   -0.00011470297  -0.00019741692  -2.5665993e-07  
-1.3150391e-06  7.5117525e-06  1.4167248e-05  2.9506668e-05  1.7854043e-05  0.00013519169  0.00024207484  0.00011470297  0.0000000   -0.00012632962  -4.2128027e-08  -1.3150391e-06  7.5117525e-06  1.4167248e-05  2.9506668e-05  1.7854043e-05  0.00013519169  0.00024207484  0.00011470297  0.0000000   -0.00012632962  -4.2128027e-08  
-1.7674778e-05  3.6401173e-05  1.9591762e-05  2.8753327e-05  0.00014637548  1.1033625e-05  -9.2128427e-05  0.00019741692  0.00012632962  0.0000000   -2.2233932e-07  -1.7674778e-05  3.6401173e-05  1.9591762e-05  2.8753327e-05  0.00014637548  1.1033625e-05  -9.2128427e-05  0.00019741692  0.00012632962  0.0000000   -2.2233932e-07  
2.6557491e-06  -5.8093367e-07  2.6792795e-05  -4.2266391e-05  4.7269269e-06  2.9109561e-06  6.5380471e-06  2.5665993e-07  4.2128027e-08  2.2233932e-07  0.0000000   2.6557491e-06  -5.8093367e-07  2.6792795e-05  -4.2266391e-05  4.7269269e-06  2.9109561e-06  6.5380471e-06  2.5665993e-07  4.2128027e-08  2.2233932e-07  0.0000000   
0.0000000   0.0033693545  2.5379435e-05  -9.0545832e-06  0.00018368122  0.00018859601  0.00016968447  0.00018521079  1.3150391e-06  1.7674778e-05  -2.6557491e-06  0.0000000   0.0033693545  2.5379435e-05  -9.0545832e-06  0.00018368122  0.00018859601  0.00016968447  0.00018521079  1.3150391e-06  1.7674778e-05  -2.6557491e-06  
-0.0033693545  0.0000000   3.9989108e-05  -9.4826841e-06  -0.00013575169  0.00025766976  0.00010980259  -2.4123508e-05  -7.5117525e-06  -3.6401173e-05  5.8093367e-07  -0.0033693545  0.0000000   3.9989108e-05  -9.4826841e-06  -0.00013575169  0.00025766976  0.00010980259  -2.4123508e-05  -7.5117525e-06  -3.6401173e-05  5.8093367e-07  
-2.5379435e-05  -3.9989108e-05  0.0000000   0.022738733  1.7323905e-05  6.2072677e-05  8.4032592e-06  9.1057915e-06  -1.4167248e-05  -1.9591762e-05  -2.6792795e-05  -2.5379435e-05  -3.9989108e-05  0.0000000   0.022738733  1.7323905e-05  6.2072677e-05  8.4032592e-06  9.1057915e-06  -1.4167248e-05  -1.9591762e-05  -2.6792795e-05  
9.0545832e-06  9.4826841e-06  -0.022738733  0.0000000   4.6987934e-05  -6.4190634e-05  2.0858029e-05  -8.3469234e-06  -2.9506668e-05  -2.8753327e-05  4.2266391e-05  9.0545832e-06  9.4826841e-06  -0.022738733  0.0000000   4.6987934e-05  -6.4190634e-05  2.0858029e-05  -8.3469234e-06  -2.9506668e-05  -2.8753327e-05  4.2266391e-05  
-0.00018368122  0.00013575169  -1.7323905e-05  -4.6987934e-05  0.0000000   0.0067570335  -0.0055661708  -0.00024313779  -1.7854043e-05  -0.00014637548  -4.7269269e-06  -0.00018368122  0.00013575169  -1.7323905e-05  -4.6987934e-05  0.0000000   0.0067570335  -0.0055661708  -0.00024313779  -1.7854043e-05  -0.00014637548  -4.7269269e-06  
-0.00018859601  -0.00025766976  -6.2072677e-05  6.4190634e-05  -0.0067570335  0.0000000   -0.013598440  0.00010303151  -0.00013519169  -1.1033625e-05  -2.9109561e-06  -0.00018859601  -0.00025766976  -6.2072677e-05  6.4190634e-05  -0.0067570335  0.0000000   -0.013598440  0.00010303151  -0.00013519169  -1.1033625e-05  -2.9109561e-06  
-0.00016968447  -0.00010980259  -8.4032592e-06  -2.0858029e-05  0.0055661708  0.013598440  0.0000000   -0.0012080578  -0.00024207484  9.2128427e-05  -6.5380471e-06  -0.00016968447  -0.00010980259  -8.4032592e-06  -2.0858029e-05  0.0055661708  0.013598440  0.0000000   -0.0012080578  -0.00024207484  9.2128427e-05  -6.5380471e-06  
-0.00018521079  2.4123508e-05  -9.1057915e-06  8.3469234e-06  0.00024313779  -0.00010303151  0.0012080578  0.0000000   -0.00011470297  -0.00019741692  -2.5665993e-07  -0.00018521079  2.4123508e-05  -9.1057915e-06  8.3469234e-06  0.00024313779  -0.00010303151  0.0012080578  0.0000000   -0.00011470297  -0.00019741692  -2.5665993e-07  
-1.3150391e-06  7.5117525e-06  1.4167248e-05  2.9506668e-05  1.7854043e-05  0.00013519169  0.00024207484  0.00011470297  0.0000000   -0.00012632962  -4.2128027e-08  -1.3150391e-06  7.5117525e-06  1.4167248e-05  2.9506668e-05  1.7854043e-05  0.00013519169  0.00024207484  0.00011470297  0.0000000   -0.00012632962  -4.2128027e-08  
-1.7674778e-05  3.6401173e-05  1.9591762e-05  2.8753327e-05  0.00014637548  1.1033625e-05  -9.2128427e-05  0.00019741692  0.00012632962  0.0000000   -2.2233932e-07  -1.7674778e-05  3.6401173e-05  1.9591762e-05  2.8753327e-05  0.00014637548  1.1033625e-05  -9.2128427e-05  0.00019741692  0.00012632962  0.0000000   -2.2233932e-07  
2.6557491e-06  -5.8093367e-07  2.6792795e-05  -4.2266391e-05  4.7269269e-06  2.9109561e-06  6.5380471e-06  2.5665993e-07  4.2128027e-08  2.2233932e-07  0.0000000   2.6557491e-06  -5.8093367e-07  2.6792795e-05  -4.2266391e-05  4.7269269e-06  2.9109561e-06  6.5380471e-06  2.5665993e-07  4.2128027e-08  2.2233932e-07  0.0000000   
