0.0000000   -3.7602331e-07  -2.4868795e-06  2.8964750e-06  -1.5548208e-05  -1.5280703e-06  -3.2003399e-08  1.1278184e-06  8.5756671e-07  3.8204220e-07  -1.9118992e-05  0.0000000   -3.7602331e-07  -2.4868795e-06  2.8964750e-06  -1.5548208e-05  -1.5280703e-06  -3.2003399e-08  1.1278184e-06  8.5756671e-07  3.8204220e-07  -1.9118992e-05  
3.7602331e-07  0.0000000   -4.1329998e-05  -4.6717542e-05  5.5577009e-08  9.7072577e-06  4.4517067e-05  5.4446590e-05  -2.1945351e-05  3.9335158e-05  -3.1502588e-08  3.7602331e-07  0.0000000   -4.1329998e-05  -4.6717542e-05  5.5577009e-08  9.7072577e-06  4.4517067e-05  5.4446590e-05  -2.1945351e-05  3.9335158e-05  -3.1502588e-08  
2.4868795e-06  4.1329998e-05  0.0000000   -2.9169442e-05  -1.8661903e-07  -2.1965810e-05  1.4898216e-05  3.2065503e-05  -1.6335749e-05  -8.9777391e-06  -1.4830035e-07  2.4868795e-06  4.1329998e-05  0.0000000   -2.9169442e-05  -1.8661903e-07  -2.1965810e-05  1.4898216e-05  3.2065503e-05  -1.6335749e-05  -8.9777391e-06  -1.4830035e-07  
-2.8964750e-06  4.6717542e-05  2.9169442e-05  0.0000000   -1.3282315e-07  3.1156455e-05  -2.1233697e-05  -2.5009999e-05  -1.6992885e-05  5.0628477e-06  -6.2248193e-08  -2.8964750e-06  4.6717542e-05  2.9169442e-05  0.0000000   -1.3282315e-07  3.1156455e-05  -2.1233697e-05  -2.5009999e-05  -1.6992885e-05  5.0628477e-06  -6.2248193e-08  
1.5548208e-05  -5.5577009e-08  1.8661903e-07  1.3282315e-07  0.0000000   1.3832563e-08  5.6980233e-07  2.7725445e-06  8.9061372e-08  1.4166767e-07  -2.5339481e-06  1.5548208e-05  -5.5577009e-08  1.8661903e-07  1.3282315e-07  0.0000000   1.3832563e-08  5.6980233e-07  2.7725445e-06  8.9061372e-08  1.4166767e-07  -2.5339481e-06  
1.5280703e-06  -9.7072577e-06  2.1965810e-05  -3.1156455e-05  -1.3832563e-08  0.0000000   0.00024720148  0.00069995122  -2.5199847e-05  3.4999979e-05  2.1478969e-07  1.5280703e-06  -9.7072577e-06  2.1965810e-05  -3.1156455e-05  -1.3832563e-08  0.0000000   0.00024720148  0.00069995122  -2.5199847e-05  3.4999979e-05  2.1478969e-07  
3.2003399e-08  -4.4517067e-05  -1.4898216e-05  2.1233697e-05  -5.6980233e-07  -0.00024720148  0.0000000   0.0010232980  7.4568949e-06  -1.3781521e-05  7.1600084e-08  3.2003399e-08  -4.4517067e-05  -1.4898216e-05  2.1233697e-05  -5.6980233e-07  -0.00024720148  0.0000000   0.0010232980  7.4568949e-06  -1.3781521e-05  7.1600084e-08  
-1.1278184e-06  -5.4446590e-05  -3.2065503e-05  2.5009999e-05  -2.7725445e-06  -0.00069995122  -0.0010232980  0.0000000   -1.8478049e-05  9.3056933e-05  -4.2742731e-07  -1.1278184e-06  -5.4446590e-05  -3.2065503e-05  2.5009999e-05  -2.7725445e-06  -0.00069995122  -0.0010232980  0.0000000   -1.8478049e-05  9.3056933e-05  -4.2742731e-07  
-8.5756671e-07  2.1945351e-05  1.6335749e-05  1.6992885e-05  -8.9061372e-08  2.5199847e-05  -7.4568949e-06  1.8478049e-05  0.0000000   -0.00032876743  3.8126618e-09  -8.5756671e-07  2.1945351e-05  1.6335749e-05  1.6992885e-05  -8.9061372e-08  2.5199847e-05  -7.4568949e-06  1.8478049e-05  0.0000000   -0.00032876743  3.8126618e-09  
-3.8204220e-07  -3.9335158e-05  8.9777391e-06  -5.0628477e-06  -1.4166767e-07  -3.4999979e-05  1.3781521e-05  -9.3056933e-05  0.00032876743  0.0000000   4.4199052e-07  -3.8204220e-07  -3.9335158e-05  8.9777391e-06  -5.0628477e-06  -1.4166767e-07  -3.4999979e-05  1.3781521e-05  -9.3056933e-05  0.00032876743  0.0000000   4.4199052e-07  
1.9118992e-05  3.1502588e-08  1.4830035e-07  6.2248193e-08  2.5339481e-06  -2.1478969e-07  -7.1600084e-08  4.2742731e-07  -3.8126618e-09  -4.4199052e-07  0.0000000   1.9118992e-05  3.1502588e-08  1.4830035e-07  6.2248193e-08  2.5339481e-06  -2.1478969e-07  -7.1600084e-08  4.2742731e-07  -3.8126618e-09  -4.4199052e-07  0.0000000   
0.0000000   -3.7602331e-07  -2.4868795e-06  2.8964750e-06  -1.5548208e-05  -1.5280703e-06  -3.2003399e-08  1.1278184e-06  8.5756671e-07  3.8204220e-07  -1.9118992e-05  0.0000000   -3.7602331e-07  -2.4868795e-06  2.8964750e-06  -1.5548208e-05  -1.5280703e-06  -3.2003399e-08  1.1278184e-06  8.5756671e-07  3.8204220e-07  -1.9118992e-05  
3.7602331e-07  0.0000000   -4.1329998e-05  -4.6717542e-05  5.5577009e-08  9.7072577e-06  4.4517067e-05  5.4446590e-05  -2.1945351e-05  3.9335158e-05  -3.1502588e-08  3.7602331e-07  0.0000000   -4.1329998e-05  -4.6717542e-05  5.5577009e-08  9.7072577e-06  4.4517067e-05  5.4446590e-05  -2.1945351e-05  3.9335158e-05  -3.1502588e-08  
2.4868795e-06  4.1329998e-05  0.0000000   -2.9169442e-05  -1.8661903e-07  -2.1965810e-05  1.4898216e-05  3.2065503e-05  -1.6335749e-05  -8.9777391e-06  -1.4830035e-07  2.4868795e-06  4.1329998e-05  0.0000000   -2.9169442e-05  -1.8661903e-07  -2.1965810e-05  1.4898216e-05  3.2065503e-05  -1.6335749e-05  -8.9777391e-06  -1.4830035e-07  
-2.8964750e-06  4.6717542e-05  2.9169442e-05  0.0000000   -1.3282315e-07  3.1156455e-05  -2.1233697e-05  -2.5009999e-05  -1.6992885e-05  5.0628477e-06  -6.2248193e-08  -2.8964750e-06  4.6717542e-05  2.9169442e-05  0.0000000   -1.3282315e-07  3.1156455e-05  -2.1233697e-05  -2.5009999e-05  -1.6992885e-05  5.0628477e-06  -6.2248193e-08  
1.5548208e-05  -5.5577009e-08  1.8661903e-07  1.3282315e-07  0.0000000   1.3832563e-08  5.6980233e-07  2.7725445e-06  8.9061372e-08  1.4166767e-07  -2.5339481e-06  1.5548208e-05  -5.5577009e-08  1.8661903e-07  1.3282315e-07  0.0000000   1.3832563e-08  5.6980233e-07  2.7725445e-06  8.9061372e-08  1.4166767e-07  -2.5339481e-06  
1.5280703e-06  -9.7072577e-06  2.1965810e-05  -3.1156455e-05  -1.3832563e-08  0.0000000   0.00024720148  0.00069995122  -2.5199847e-05  3.4999979e-05  2.1478969e-07  1.5280703e-06  -9.7072577e-06  2.1965810e-05  -3.1156455e-05  -1.3832563e-08  0.0000000   0.00024720148  0.00069995122  -2.5199847e-05  3.4999979e-05  2.1478969e-07  
3.2003399e-08  -4.4517067e-05  -1.4898216e-05  2.1233697e-05  -5.6980233e-07  -0.00024720148  0.0000000   0.0010232980  7.4568949e-06  -1.3781521e-05  7.1600084e-08  3.2003399e-08  -4.4517067e-05  -1.4898216e-05  2.1233697e-05  -5.6980233e-07  -0.00024720148  0.0000000   0.0010232980  7.4568949e-06  -1.3781521e-05  7.1600084e-08  
-1.1278184e-06  -5.4446590e-05  -3.2065503e-05  2.5009999e-05  -2.7725445e-06  -0.00069995122  -0.0010232980  0.0000000   -1.8478049e-05  9.3056933e-05  -4.2742731e-07  -1.1278184e-06  -5.4446590e-05  -3.2065503e-05  2.5009999e-05  -2.7725445e-06  -0.00069995122  -0.0010232980  0.0000000   -1.8478049e-05  9.3056933e-05  -4.2742731e-07  
-8.5756671e-07  2.1945351e-05  1.6335749e-05  1.6992885e-05  -8.9061372e-08  2.5199847e-05  -7.4568949e-06  1.8478049e-05  0.0000000   -0.00032876743  3.8126618e-09  -8.5756671e-07  2.1945351e-05  1.6335749e-05  1.6992885e-05  -8.9061372e-08  2.5199847e-05  -7.4568949e-06  1.8478049e-05  0.0000000   -0.00032876743  3.8126618e-09  
-3.8204220e-07  -3.9335158e-05  8.9777391e-06  -5.0628477e-06  -1.4166767e-07  -3.4999979e-05  1.3781521e-05  -9.3056933e-05  0.00032876743  0.0000000   4.4199052e-07  -3.8204220e-07  -3.9335158e-05  8.9777391e-06  -5.0628477e-06  -1.4166767e-07  -3.4999979e-05  1.3781521e-05  -9.3056933e-05  0.00032876743  0.0000000   4.4199052e-07  
1.9118992e-05  3.1502588e-08  1.4830035e-07  6.2248193e-08  2.5339481e-06  -2.1478969e-07  -7.1600084e-08  4.2742731e-07  -3.8126618e-09  -4.4199052e-07  0.0000000   1.9118992e-05  3.1502588e-08  1.4830035e-07  6.2248193e-08  2.5339481e-06  -2.1478969e-07  -7.1600084e-08  4.2742731e-07  -3.8126618e-09  -4.4199052e-07  0.0000000   
