0.0000000   4.5745889e-06  2.7693379e-06  9.3014945e-07  -2.4509471e-05  -4.2371190e-05  2.5182287e-06  -2.5064538e-05  -6.0273410e-07  1.7932932e-07  -1.7303975e-05  0.0000000   4.5745889e-06  2.7693379e-06  9.3014945e-07  -2.4509471e-05  -4.2371190e-05  2.5182287e-06  -2.5064538e-05  -6.0273410e-07  1.7932932e-07  -1.7303975e-05  
-4.5745889e-06  0.0000000   -0.00034683688  2.3068515e-05  -1.8781640e-06  -4.1508664e-06  -6.2176280e-05  9.9367159e-07  4.3237168e-07  8.2604815e-06  1.2227732e-07  -4.5745889e-06  0.0000000   -0.00034683688  2.3068515e-05  -1.8781640e-06  -4.1508664e-06  -6.2176280e-05  9.9367159e-07  4.3237168e-07  8.2604815e-06  1.2227732e-07  
-2.7693379e-06  0.00034683688  0.0000000   0.00013358629  1.3138219e-06  5.4904965e-06  9.3681226e-05  -2.1031761e-06  -1.6698803e-06  -6.6590269e-05  7.1554544e-07  -2.7693379e-06  0.00034683688  0.0000000   0.00013358629  1.3138219e-06  5.4904965e-06  9.3681226e-05  -2.1031761e-06  -1.6698803e-06  -6.6590269e-05  7.1554544e-07  
-9.3014945e-07  -2.3068515e-05  -0.00013358629  0.0000000   -6.0705862e-07  9.5924312e-07  4.3366222e-05  1.4207471e-07  -1.7522484e-08  2.2896385e-06  -6.4926949e-07  -9.3014945e-07  -2.3068515e-05  -0.00013358629  0.0000000   -6.0705862e-07  9.5924312e-07  4.3366222e-05  1.4207471e-07  -1.7522484e-08  2.2896385e-06  -6.4926949e-07  
2.4509471e-05  1.8781640e-06  -1.3138219e-06  6.0705862e-07  0.0000000   4.2494051e-05  -4.9648098e-07  2.6485482e-05  4.7306636e-05  -5.1876533e-07  -2.2419769e-05  2.4509471e-05  1.8781640e-06  -1.3138219e-06  6.0705862e-07  0.0000000   4.2494051e-05  -4.9648098e-07  2.6485482e-05  4.7306636e-05  -5.1876533e-07  -2.2419769e-05  
4.2371190e-05  4.1508664e-06  -5.4904965e-06  -9.5924312e-07  -4.2494051e-05  0.0000000   1.3018187e-05  0.00061787475  -0.00013267512  5.5148134e-06  -2.8622777e-05  4.2371190e-05  4.1508664e-06  -5.4904965e-06  -9.5924312e-07  -4.2494051e-05  0.0000000   1.3018187e-05  0.00061787475  -0.00013267512  5.5148134e-06  -2.8622777e-05  
-2.5182287e-06  6.2176280e-05  -9.3681226e-05  -4.3366222e-05  4.9648098e-07  -1.3018187e-05  0.0000000   -2.8508923e-05  1.3461104e-05  3.3779457e-05  3.1144615e-06  -2.5182287e-06  6.2176280e-05  -9.3681226e-05  -4.3366222e-05  4.9648098e-07  -1.3018187e-05  0.0000000   -2.8508923e-05  1.3461104e-05  3.3779457e-05  3.1144615e-06  
2.5064538e-05  -9.9367159e-07  2.1031761e-06  -1.4207471e-07  -2.6485482e-05  -0.00061787475  2.8508923e-05  0.0000000   0.00032369072  -1.1043624e-05  8.9842149e-05  2.5064538e-05  -9.9367159e-07  2.1031761e-06  -1.4207471e-07  -2.6485482e-05  -0.00061787475  2.8508923e-05  0.0000000   0.00032369072  -1.1043624e-05  8.9842149e-05  
6.0273410e-07  -4.3237168e-07  1.6698803e-06  1.7522484e-08  -4.7306636e-05  0.00013267512  -1.3461104e-05  -0.00032369072  0.0000000   4.4475229e-07  -6.2446019e-05  6.0273410e-07  -4.3237168e-07  1.6698803e-06  1.7522484e-08  -4.7306636e-05  0.00013267512  -1.3461104e-05  -0.00032369072  0.0000000   4.4475229e-07  -6.2446019e-05  
-1.7932932e-07  -8.2604815e-06  6.6590269e-05  -2.2896385e-06  5.1876533e-07  -5.5148134e-06  -3.3779457e-05  1.1043624e-05  -4.4475229e-07  0.0000000   1.5002763e-06  -1.7932932e-07  -8.2604815e-06  6.6590269e-05  -2.2896385e-06  5.1876533e-07  -5.5148134e-06  -3.3779457e-05  1.1043624e-05  -4.4475229e-07  0.0000000   1.5002763e-06  
1.7303975e-05  -1.2227732e-07  -7.1554544e-07  6.4926949e-07  2.2419769e-05  2.8622777e-05  -3.1144615e-06  -8.9842149e-05  6.2446019e-05  -1.5002763e-06  0.0000000   1.7303975e-05  -1.2227732e-07  -7.1554544e-07  6.4926949e-07  2.2419769e-05  2.8622777e-05  -3.1144615e-06  -8.9842149e-05  6.2446019e-05  -1.5002763e-06  0.0000000   
0.0000000   4.5745889e-06  2.7693379e-06  9.3014945e-07  -2.4509471e-05  -4.2371190e-05  2.5182287e-06  -2.5064538e-05  -6.0273410e-07  1.7932932e-07  -1.7303975e-05  0.0000000   4.5745889e-06  2.7693379e-06  9.3014945e-07  -2.4509471e-05  -4.2371190e-05  2.5182287e-06  -2.5064538e-05  -6.0273410e-07  1.7932932e-07  -1.7303975e-05  
-4.5745889e-06  0.0000000   -0.00034683688  2.3068515e-05  -1.8781640e-06  -4.1508664e-06  -6.2176280e-05  9.9367159e-07  4.3237168e-07  8.2604815e-06  1.2227732e-07  -4.5745889e-06  0.0000000   -0.00034683688  2.3068515e-05  -1.8781640e-06  -4.1508664e-06  -6.2176280e-05  9.9367159e-07  4.3237168e-07  8.2604815e-06  1.2227732e-07  
-2.7693379e-06  0.00034683688  0.0000000   0.00013358629  1.3138219e-06  5.4904965e-06  9.3681226e-05  -2.1031761e-06  -1.6698803e-06  -6.6590269e-05  7.1554544e-07  -2.7693379e-06  0.00034683688  0.0000000   0.00013358629  1.3138219e-06  5.4904965e-06  9.3681226e-05  -2.1031761e-06  -1.6698803e-06  -6.6590269e-05  7.1554544e-07  
-9.3014945e-07  -2.3068515e-05  -0.00013358629  0.0000000   -6.0705862e-07  9.5924312e-07  4.3366222e-05  1.4207471e-07  -1.7522484e-08  2.2896385e-06  -6.4926949e-07  -9.3014945e-07  -2.3068515e-05  -0.00013358629  0.0000000   -6.0705862e-07  9.5924312e-07  4.3366222e-05  1.4207471e-07  -1.7522484e-08  2.2896385e-06  -6.4926949e-07  
2.4509471e-05  1.8781640e-06  -1.3138219e-06  6.0705862e-07  0.0000000   4.2494051e-05  -4.9648098e-07  2.6485482e-05  4.7306636e-05  -5.1876533e-07  -2.2419769e-05  2.4509471e-05  1.8781640e-06  -1.3138219e-06  6.0705862e-07  0.0000000   4.2494051e-05  -4.9648098e-07  2.6485482e-05  4.7306636e-05  -5.1876533e-07  -2.2419769e-05  
4.2371190e-05  4.1508664e-06  -5.4904965e-06  -9.5924312e-07  -4.2494051e-05  0.0000000   1.3018187e-05  0.00061787475  -0.00013267512  5.5148134e-06  -2.8622777e-05  4.2371190e-05  4.1508664e-06  -5.4904965e-06  -9.5924312e-07  -4.2494051e-05  0.0000000   1.3018187e-05  0.00061787475  -0.00013267512  5.5148134e-06  -2.8622777e-05  
-2.5182287e-06  6.2176280e-05  -9.3681226e-05  -4.3366222e-05  4.9648098e-07  -1.3018187e-05  0.0000000   -2.8508923e-05  1.3461104e-05  3.3779457e-05  3.1144615e-06  -2.5182287e-06  6.2176280e-05  -9.3681226e-05  -4.3366222e-05  4.9648098e-07  -1.3018187e-05  0.0000000   -2.8508923e-05  1.3461104e-05  3.3779457e-05  3.1144615e-06  
2.5064538e-05  -9.9367159e-07  2.1031761e-06  -1.4207471e-07  -2.6485482e-05  -0.00061787475  2.8508923e-05  0.0000000   0.00032369072  -1.1043624e-05  8.9842149e-05  2.5064538e-05  -9.9367159e-07  2.1031761e-06  -1.4207471e-07  -2.6485482e-05  -0.00061787475  2.8508923e-05  0.0000000   0.00032369072  -1.1043624e-05  8.9842149e-05  
6.0273410e-07  -4.3237168e-07  1.6698803e-06  1.7522484e-08  -4.7306636e-05  0.00013267512  -1.3461104e-05  -0.00032369072  0.0000000   4.4475229e-07  -6.2446019e-05  6.0273410e-07  -4.3237168e-07  1.6698803e-06  1.7522484e-08  -4.7306636e-05  0.00013267512  -1.3461104e-05  -0.00032369072  0.0000000   4.4475229e-07  -6.2446019e-05  
-1.7932932e-07  -8.2604815e-06  6.6590269e-05  -2.2896385e-06  5.1876533e-07  -5.5148134e-06  -3.3779457e-05  1.1043624e-05  -4.4475229e-07  0.0000000   1.5002763e-06  -1.7932932e-07  -8.2604815e-06  6.6590269e-05  -2.2896385e-06  5.1876533e-07  -5.5148134e-06  -3.3779457e-05  1.1043624e-05  -4.4475229e-07  0.0000000   1.5002763e-06  
1.7303975e-05  -1.2227732e-07  -7.1554544e-07  6.4926949e-07  2.2419769e-05  2.8622777e-05  -3.1144615e-06  -8.9842149e-05  6.2446019e-05  -1.5002763e-06  0.0000000   1.7303975e-05  -1.2227732e-07  -7.1554544e-07  6.4926949e-07  2.2419769e-05  2.8622777e-05  -3.1144615e-06  -8.9842149e-05  6.2446019e-05  -1.5002763e-06  0.0000000   
