0.0000000   0.00023853086  0.00012001728  -7.9184905e-05  4.6587138e-06  2.6975842e-06  0.00016747376  1.4247853e-05  6.6280638e-07  -2.0351854e-06  -2.6724947e-07  0.0000000   0.00023853086  0.00012001728  -7.9184905e-05  4.6587138e-06  2.6975842e-06  0.00016747376  1.4247853e-05  6.6280638e-07  -2.0351854e-06  -2.6724947e-07  
-0.00023853086  0.0000000   -5.6885783e-05  8.9678394e-05  4.8253162e-05  1.9393913e-06  3.7566438e-05  -4.8047826e-05  4.4239504e-06  1.8734855e-07  8.7335691e-08  -0.00023853086  0.0000000   -5.6885783e-05  8.9678394e-05  4.8253162e-05  1.9393913e-06  3.7566438e-05  -4.8047826e-05  4.4239504e-06  1.8734855e-07  8.7335691e-08  
-0.00012001728  5.6885783e-05  0.0000000   -0.00010060584  -0.00016270525  6.1868196e-07  -7.3288736e-06  -3.8472968e-05  1.5506878e-05  -7.6145980e-06  7.5898897e-07  -0.00012001728  5.6885783e-05  0.0000000   -0.00010060584  -0.00016270525  6.1868196e-07  -7.3288736e-06  -3.8472968e-05  1.5506878e-05  -7.6145980e-06  7.5898897e-07  
7.9184905e-05  -8.9678394e-05  0.00010060584  0.0000000   -4.4387667e-05  -7.2772486e-07  -5.3253195e-05  -4.9313513e-05  5.1375195e-07  -1.9385178e-05  -4.4649130e-07  7.9184905e-05  -8.9678394e-05  0.00010060584  0.0000000   -4.4387667e-05  -7.2772486e-07  -5.3253195e-05  -4.9313513e-05  5.1375195e-07  -1.9385178e-05  -4.4649130e-07  
-4.6587138e-06  -4.8253162e-05  0.00016270525  4.4387667e-05  0.0000000   -1.1142412e-08  1.9534266e-05  -9.2770436e-07  -3.2516737e-06  3.1893627e-06  -1.5741891e-08  -4.6587138e-06  -4.8253162e-05  0.00016270525  4.4387667e-05  0.0000000   -1.1142412e-08  1.9534266e-05  -9.2770436e-07  -3.2516737e-06  3.1893627e-06  -1.5741891e-08  
-2.6975842e-06  -1.9393913e-06  -6.1868196e-07  7.2772486e-07  1.1142412e-08  0.0000000   1.1447533e-06  9.2990675e-07  9.0647509e-06  -0.00013194036  -9.5253722e-06  -2.6975842e-06  -1.9393913e-06  -6.1868196e-07  7.2772486e-07  1.1142412e-08  0.0000000   1.1447533e-06  9.2990675e-07  9.0647509e-06  -0.00013194036  -9.5253722e-06  
-0.00016747376  -3.7566438e-05  7.3288736e-06  5.3253195e-05  -1.9534266e-05  -1.1447533e-06  0.0000000   0.00010200651  1.4342790e-05  4.6547832e-05  4.6843098e-07  -0.00016747376  -3.7566438e-05  7.3288736e-06  5.3253195e-05  -1.9534266e-05  -1.1447533e-06  0.0000000   0.00010200651  1.4342790e-05  4.6547832e-05  4.6843098e-07  
-1.4247853e-05  4.8047826e-05  3.8472968e-05  4.9313513e-05  9.2770436e-07  -9.2990675e-07  -0.00010200651  0.0000000   2.7896691e-05  7.0568167e-05  2.2788429e-07  -1.4247853e-05  4.8047826e-05  3.8472968e-05  4.9313513e-05  9.2770436e-07  -9.2990675e-07  -0.00010200651  0.0000000   2.7896691e-05  7.0568167e-05  2.2788429e-07  
-6.6280638e-07  -4.4239504e-06  -1.5506878e-05  -5.1375195e-07  3.2516737e-06  -9.0647509e-06  -1.4342790e-05  -2.7896691e-05  0.0000000   -0.0093911051  -0.00017843092  -6.6280638e-07  -4.4239504e-06  -1.5506878e-05  -5.1375195e-07  3.2516737e-06  -9.0647509e-06  -1.4342790e-05  -2.7896691e-05  0.0000000   -0.0093911051  -0.00017843092  
2.0351854e-06  -1.8734855e-07  7.6145980e-06  1.9385178e-05  -3.1893627e-06  0.00013194036  -4.6547832e-05  -7.0568167e-05  0.0093911051  0.0000000   -0.00033970103  2.0351854e-06  -1.8734855e-07  7.6145980e-06  1.9385178e-05  -3.1893627e-06  0.00013194036  -4.6547832e-05  -7.0568167e-05  0.0093911051  0.0000000   -0.00033970103  
2.6724947e-07  -8.7335691e-08  -7.5898897e-07  4.4649130e-07  1.5741891e-08  9.5253722e-06  -4.6843098e-07  -2.2788429e-07  0.00017843092  0.00033970103  0.0000000   2.6724947e-07  -8.7335691e-08  -7.5898897e-07  4.4649130e-07  1.5741891e-08  9.5253722e-06  -4.6843098e-07  -2.2788429e-07  0.00017843092  0.00033970103  0.0000000   
0.0000000   0.00023853086  0.00012001728  -7.9184905e-05  4.6587138e-06  2.6975842e-06  0.00016747376  1.4247853e-05  6.6280638e-07  -2.0351854e-06  -2.6724947e-07  0.0000000   0.00023853086  0.00012001728  -7.9184905e-05  4.6587138e-06  2.6975842e-06  0.00016747376  1.4247853e-05  6.6280638e-07  -2.0351854e-06  -2.6724947e-07  
-0.00023853086  0.0000000   -5.6885783e-05  8.9678394e-05  4.8253162e-05  1.9393913e-06  3.7566438e-05  -4.8047826e-05  4.4239504e-06  1.8734855e-07  8.7335691e-08  -0.00023853086  0.0000000   -5.6885783e-05  8.9678394e-05  4.8253162e-05  1.9393913e-06  3.7566438e-05  -4.8047826e-05  4.4239504e-06  1.8734855e-07  8.7335691e-08  
-0.00012001728  5.6885783e-05  0.0000000   -0.00010060584  -0.00016270525  6.1868196e-07  -7.3288736e-06  -3.8472968e-05  1.5506878e-05  -7.6145980e-06  7.5898897e-07  -0.00012001728  5.6885783e-05  0.0000000   -0.00010060584  -0.00016270525  6.1868196e-07  -7.3288736e-06  -3.8472968e-05  1.5506878e-05  -7.6145980e-06  7.5898897e-07  
7.9184905e-05  -8.9678394e-05  0.00010060584  0.0000000   -4.4387667e-05  -7.2772486e-07  -5.3253195e-05  -4.9313513e-05  5.1375195e-07  -1.9385178e-05  -4.4649130e-07  7.9184905e-05  -8.9678394e-05  0.00010060584  0.0000000   -4.4387667e-05  -7.2772486e-07  -5.3253195e-05  -4.9313513e-05  5.1375195e-07  -1.9385178e-05  -4.4649130e-07  
-4.6587138e-06  -4.8253162e-05  0.00016270525  4.4387667e-05  0.0000000   -1.1142412e-08  1.9534266e-05  -9.2770436e-07  -3.2516737e-06  3.1893627e-06  -1.5741891e-08  -4.6587138e-06  -4.8253162e-05  0.00016270525  4.4387667e-05  0.0000000   -1.1142412e-08  1.9534266e-05  -9.2770436e-07  -3.2516737e-06  3.1893627e-06  -1.5741891e-08  
-2.6975842e-06  -1.9393913e-06  -6.1868196e-07  7.2772486e-07  1.1142412e-08  0.0000000   1.1447533e-06  9.2990675e-07  9.0647509e-06  -0.00013194036  -9.5253722e-06  -2.6975842e-06  -1.9393913e-06  -6.1868196e-07  7.2772486e-07  1.1142412e-08  0.0000000   1.1447533e-06  9.2990675e-07  9.0647509e-06  -0.00013194036  -9.5253722e-06  
-0.00016747376  -3.7566438e-05  7.3288736e-06  5.3253195e-05  -1.9534266e-05  -1.1447533e-06  0.0000000   0.00010200651  1.4342790e-05  4.6547832e-05  4.6843098e-07  -0.00016747376  -3.7566438e-05  7.3288736e-06  5.3253195e-05  -1.9534266e-05  -1.1447533e-06  0.0000000   0.00010200651  1.4342790e-05  4.6547832e-05  4.6843098e-07  
-1.4247853e-05  4.8047826e-05  3.8472968e-05  4.9313513e-05  9.2770436e-07  -9.2990675e-07  -0.00010200651  0.0000000   2.7896691e-05  7.0568167e-05  2.2788429e-07  -1.4247853e-05  4.8047826e-05  3.8472968e-05  4.9313513e-05  9.2770436e-07  -9.2990675e-07  -0.00010200651  0.0000000   2.7896691e-05  7.0568167e-05  2.2788429e-07  
-6.6280638e-07  -4.4239504e-06  -1.5506878e-05  -5.1375195e-07  3.2516737e-06  -9.0647509e-06  -1.4342790e-05  -2.7896691e-05  0.0000000   -0.0093911051  -0.00017843092  -6.6280638e-07  -4.4239504e-06  -1.5506878e-05  -5.1375195e-07  3.2516737e-06  -9.0647509e-06  -1.4342790e-05  -2.7896691e-05  0.0000000   -0.0093911051  -0.00017843092  
2.0351854e-06  -1.8734855e-07  7.6145980e-06  1.9385178e-05  -3.1893627e-06  0.00013194036  -4.6547832e-05  -7.0568167e-05  0.0093911051  0.0000000   -0.00033970103  2.0351854e-06  -1.8734855e-07  7.6145980e-06  1.9385178e-05  -3.1893627e-06  0.00013194036  -4.6547832e-05  -7.0568167e-05  0.0093911051  0.0000000   -0.00033970103  
2.6724947e-07  -8.7335691e-08  -7.5898897e-07  4.4649130e-07  1.5741891e-08  9.5253722e-06  -4.6843098e-07  -2.2788429e-07  0.00017843092  0.00033970103  0.0000000   2.6724947e-07  -8.7335691e-08  -7.5898897e-07  4.4649130e-07  1.5741891e-08  9.5253722e-06  -4.6843098e-07  -2.2788429e-07  0.00017843092  0.00033970103  0.0000000   
