0.0000000   -0.00014505729  3.1726083e-06  2.4298316e-06  2.3384541e-06  -5.5300099e-05  9.8814842e-05  -9.4741691e-07  -2.5193695e-07  2.6486587e-06  -1.6829303e-07  0.0000000   -0.00014505729  3.1726083e-06  2.4298316e-06  2.3384541e-06  -5.5300099e-05  9.8814842e-05  -9.4741691e-07  -2.5193695e-07  2.6486587e-06  -1.6829303e-07  
0.00014505729  0.0000000   1.7381437e-06  -7.1693492e-07  8.9907559e-07  -3.2591261e-05  2.9385681e-07  1.2991271e-07  5.1365339e-08  3.1869718e-05  8.8863221e-07  0.00014505729  0.0000000   1.7381437e-06  -7.1693492e-07  8.9907559e-07  -3.2591261e-05  2.9385681e-07  1.2991271e-07  5.1365339e-08  3.1869718e-05  8.8863221e-07  
-3.1726083e-06  -1.7381437e-06  0.0000000   0.00051860326  0.00015130558  1.2966696e-06  -3.0235859e-07  -4.4748808e-05  1.9863558e-06  6.9756855e-07  -1.3990665e-05  -3.1726083e-06  -1.7381437e-06  0.0000000   0.00051860326  0.00015130558  1.2966696e-06  -3.0235859e-07  -4.4748808e-05  1.9863558e-06  6.9756855e-07  -1.3990665e-05  
-2.4298316e-06  7.1693492e-07  -0.00051860326  0.0000000   -6.5742581e-06  -9.1493056e-08  -1.0233387e-06  -0.00010910491  7.6433051e-05  -1.4524162e-06  4.2303274e-06  -2.4298316e-06  7.1693492e-07  -0.00051860326  0.0000000   -6.5742581e-06  -9.1493056e-08  -1.0233387e-06  -0.00010910491  7.6433051e-05  -1.4524162e-06  4.2303274e-06  
-2.3384541e-06  -8.9907559e-07  -0.00015130558  6.5742581e-06  0.0000000   -2.0169548e-06  6.3528832e-06  0.00014158506  0.00013115163  -2.2343508e-06  -8.0588424e-05  -2.3384541e-06  -8.9907559e-07  -0.00015130558  6.5742581e-06  0.0000000   -2.0169548e-06  6.3528832e-06  0.00014158506  0.00013115163  -2.2343508e-06  -8.0588424e-05  
5.5300099e-05  3.2591261e-05  -1.2966696e-06  9.1493056e-08  2.0169548e-06  0.0000000   -0.00010886725  3.2531985e-06  3.3960803e-06  0.00018188343  -1.6486874e-06  5.5300099e-05  3.2591261e-05  -1.2966696e-06  9.1493056e-08  2.0169548e-06  0.0000000   -0.00010886725  3.2531985e-06  3.3960803e-06  0.00018188343  -1.6486874e-06  
-9.8814842e-05  -2.9385681e-07  3.0235859e-07  1.0233387e-06  -6.3528832e-06  0.00010886725  0.0000000   -2.3695764e-07  -3.9472721e-06  -4.5020299e-05  1.6197415e-06  -9.8814842e-05  -2.9385681e-07  3.0235859e-07  1.0233387e-06  -6.3528832e-06  0.00010886725  0.0000000   -2.3695764e-07  -3.9472721e-06  -4.5020299e-05  1.6197415e-06  
9.4741691e-07  -1.2991271e-07  4.4748808e-05  0.00010910491  -0.00014158506  -3.2531985e-06  2.3695764e-07  0.0000000   -0.00011822610  3.9755808e-06  7.3788922e-05  9.4741691e-07  -1.2991271e-07  4.4748808e-05  0.00010910491  -0.00014158506  -3.2531985e-06  2.3695764e-07  0.0000000   -0.00011822610  3.9755808e-06  7.3788922e-05  
2.5193695e-07  -5.1365339e-08  -1.9863558e-06  -7.6433051e-05  -0.00013115163  -3.3960803e-06  3.9472721e-06  0.00011822610  0.0000000   1.2496615e-06  -7.5592337e-05  2.5193695e-07  -5.1365339e-08  -1.9863558e-06  -7.6433051e-05  -0.00013115163  -3.3960803e-06  3.9472721e-06  0.00011822610  0.0000000   1.2496615e-06  -7.5592337e-05  
-2.6486587e-06  -3.1869718e-05  -6.9756855e-07  1.4524162e-06  2.2343508e-06  -0.00018188343  4.5020299e-05  -3.9755808e-06  -1.2496615e-06  0.0000000   2.9947409e-07  -2.6486587e-06  -3.1869718e-05  -6.9756855e-07  1.4524162e-06  2.2343508e-06  -0.00018188343  4.5020299e-05  -3.9755808e-06  -1.2496615e-06  0.0000000   2.9947409e-07  
1.6829303e-07  -8.8863221e-07  1.3990665e-05  -4.2303274e-06  8.0588424e-05  1.6486874e-06  -1.6197415e-06  -7.3788922e-05  7.5592337e-05  -2.9947409e-07  0.0000000   1.6829303e-07  -8.8863221e-07  1.3990665e-05  -4.2303274e-06  8.0588424e-05  1.6486874e-06  -1.6197415e-06  -7.3788922e-05  7.5592337e-05  -2.9947409e-07  0.0000000   
0.0000000   -0.00014505729  3.1726083e-06  2.4298316e-06  2.3384541e-06  -5.5300099e-05  9.8814842e-05  -9.4741691e-07  -2.5193695e-07  2.6486587e-06  -1.6829303e-07  0.0000000   -0.00014505729  3.1726083e-06  2.4298316e-06  2.3384541e-06  -5.5300099e-05  9.8814842e-05  -9.4741691e-07  -2.5193695e-07  2.6486587e-06  -1.6829303e-07  
0.00014505729  0.0000000   1.7381437e-06  -7.1693492e-07  8.9907559e-07  -3.2591261e-05  2.9385681e-07  1.2991271e-07  5.1365339e-08  3.1869718e-05  8.8863221e-07  0.00014505729  0.0000000   1.7381437e-06  -7.1693492e-07  8.9907559e-07  -3.2591261e-05  2.9385681e-07  1.2991271e-07  5.1365339e-08  3.1869718e-05  8.8863221e-07  
-3.1726083e-06  -1.7381437e-06  0.0000000   0.00051860326  0.00015130558  1.2966696e-06  -3.0235859e-07  -4.4748808e-05  1.9863558e-06  6.9756855e-07  -1.3990665e-05  -3.1726083e-06  -1.7381437e-06  0.0000000   0.00051860326  0.00015130558  1.2966696e-06  -3.0235859e-07  -4.4748808e-05  1.9863558e-06  6.9756855e-07  -1.3990665e-05  
-2.4298316e-06  7.1693492e-07  -0.00051860326  0.0000000   -6.5742581e-06  -9.1493056e-08  -1.0233387e-06  -0.00010910491  7.6433051e-05  -1.4524162e-06  4.2303274e-06  -2.4298316e-06  7.1693492e-07  -0.00051860326  0.0000000   -6.5742581e-06  -9.1493056e-08  -1.0233387e-06  -0.00010910491  7.6433051e-05  -1.4524162e-06  4.2303274e-06  
-2.3384541e-06  -8.9907559e-07  -0.00015130558  6.5742581e-06  0.0000000   -2.0169548e-06  6.3528832e-06  0.00014158506  0.00013115163  -2.2343508e-06  -8.0588424e-05  -2.3384541e-06  -8.9907559e-07  -0.00015130558  6.5742581e-06  0.0000000   -2.0169548e-06  6.3528832e-06  0.00014158506  0.00013115163  -2.2343508e-06  -8.0588424e-05  
5.5300099e-05  3.2591261e-05  -1.2966696e-06  9.1493056e-08  2.0169548e-06  0.0000000   -0.00010886725  3.2531985e-06  3.3960803e-06  0.00018188343  -1.6486874e-06  5.5300099e-05  3.2591261e-05  -1.2966696e-06  9.1493056e-08  2.0169548e-06  0.0000000   -0.00010886725  3.2531985e-06  3.3960803e-06  0.00018188343  -1.6486874e-06  
-9.8814842e-05  -2.9385681e-07  3.0235859e-07  1.0233387e-06  -6.3528832e-06  0.00010886725  0.0000000   -2.3695764e-07  -3.9472721e-06  -4.5020299e-05  1.6197415e-06  -9.8814842e-05  -2.9385681e-07  3.0235859e-07  1.0233387e-06  -6.3528832e-06  0.00010886725  0.0000000   -2.3695764e-07  -3.9472721e-06  -4.5020299e-05  1.6197415e-06  
9.4741691e-07  -1.2991271e-07  4.4748808e-05  0.00010910491  -0.00014158506  -3.2531985e-06  2.3695764e-07  0.0000000   -0.00011822610  3.9755808e-06  7.3788922e-05  9.4741691e-07  -1.2991271e-07  4.4748808e-05  0.00010910491  -0.00014158506  -3.2531985e-06  2.3695764e-07  0.0000000   -0.00011822610  3.9755808e-06  7.3788922e-05  
2.5193695e-07  -5.1365339e-08  -1.9863558e-06  -7.6433051e-05  -0.00013115163  -3.3960803e-06  3.9472721e-06  0.00011822610  0.0000000   1.2496615e-06  -7.5592337e-05  2.5193695e-07  -5.1365339e-08  -1.9863558e-06  -7.6433051e-05  -0.00013115163  -3.3960803e-06  3.9472721e-06  0.00011822610  0.0000000   1.2496615e-06  -7.5592337e-05  
-2.6486587e-06  -3.1869718e-05  -6.9756855e-07  1.4524162e-06  2.2343508e-06  -0.00018188343  4.5020299e-05  -3.9755808e-06  -1.2496615e-06  0.0000000   2.9947409e-07  -2.6486587e-06  -3.1869718e-05  -6.9756855e-07  1.4524162e-06  2.2343508e-06  -0.00018188343  4.5020299e-05  -3.9755808e-06  -1.2496615e-06  0.0000000   2.9947409e-07  
1.6829303e-07  -8.8863221e-07  1.3990665e-05  -4.2303274e-06  8.0588424e-05  1.6486874e-06  -1.6197415e-06  -7.3788922e-05  7.5592337e-05  -2.9947409e-07  0.0000000   1.6829303e-07  -8.8863221e-07  1.3990665e-05  -4.2303274e-06  8.0588424e-05  1.6486874e-06  -1.6197415e-06  -7.3788922e-05  7.5592337e-05  -2.9947409e-07  0.0000000   
