0.0000000   0.00011660270  -3.9480005e-06  -0.00011801210  3.2042795e-05  -9.8273449e-05  7.3289124e-07  -1.0261744e-07  -5.9382271e-07  3.7826617e-07  -7.6550222e-08  0.0000000   0.00011660270  -3.9480005e-06  -0.00011801210  3.2042795e-05  -9.8273449e-05  7.3289124e-07  -1.0261744e-07  -5.9382271e-07  3.7826617e-07  -7.6550222e-08  
-0.00011660270  0.0000000   -4.3581198e-07  3.0055171e-05  6.3127274e-05  -2.4769654e-05  1.5827634e-06  2.4872244e-06  3.5248192e-08  3.3562734e-07  -1.6102918e-08  -0.00011660270  0.0000000   -4.3581198e-07  3.0055171e-05  6.3127274e-05  -2.4769654e-05  1.5827634e-06  2.4872244e-06  3.5248192e-08  3.3562734e-07  -1.6102918e-08  
3.9480005e-06  4.3581198e-07  0.0000000   -1.5370329e-06  4.7536007e-06  -1.6872406e-07  -5.8995127e-06  -6.9521215e-05  0.00011498696  5.6030337e-05  1.9425994e-05  3.9480005e-06  4.3581198e-07  0.0000000   -1.5370329e-06  4.7536007e-06  -1.6872406e-07  -5.8995127e-06  -6.9521215e-05  0.00011498696  5.6030337e-05  1.9425994e-05  
0.00011801210  -3.0055171e-05  1.5370329e-06  0.0000000   0.00013999947  -2.1384144e-05  5.3178726e-07  3.4598268e-06  -2.2070921e-06  -8.1810737e-07  1.6689921e-07  0.00011801210  -3.0055171e-05  1.5370329e-06  0.0000000   0.00013999947  -2.1384144e-05  5.3178726e-07  3.4598268e-06  -2.2070921e-06  -8.1810737e-07  1.6689921e-07  
-3.2042795e-05  -6.3127274e-05  -4.7536007e-06  -0.00013999947  0.0000000   -2.0003013e-05  -1.2855229e-06  9.8453685e-07  2.8026152e-06  1.9640961e-06  2.7078686e-07  -3.2042795e-05  -6.3127274e-05  -4.7536007e-06  -0.00013999947  0.0000000   -2.0003013e-05  -1.2855229e-06  9.8453685e-07  2.8026152e-06  1.9640961e-06  2.7078686e-07  
9.8273449e-05  2.4769654e-05  1.6872406e-07  2.1384144e-05  2.0003013e-05  0.0000000   -7.5814153e-06  -7.9388959e-06  1.3797362e-06  5.8795871e-08  2.4522512e-07  9.8273449e-05  2.4769654e-05  1.6872406e-07  2.1384144e-05  2.0003013e-05  0.0000000   -7.5814153e-06  -7.9388959e-06  1.3797362e-06  5.8795871e-08  2.4522512e-07  
-7.3289124e-07  -1.5827634e-06  5.8995127e-06  -5.3178726e-07  1.2855229e-06  7.5814153e-06  0.0000000   -0.00081826686  1.7210238e-05  -8.0886267e-05  1.4073993e-05  -7.3289124e-07  -1.5827634e-06  5.8995127e-06  -5.3178726e-07  1.2855229e-06  7.5814153e-06  0.0000000   -0.00081826686  1.7210238e-05  -8.0886267e-05  1.4073993e-05  
1.0261744e-07  -2.4872244e-06  6.9521215e-05  -3.4598268e-06  -9.8453685e-07  7.9388959e-06  0.00081826686  0.0000000   -0.00020573313  -5.7032784e-05  -5.6411705e-05  1.0261744e-07  -2.4872244e-06  6.9521215e-05  -3.4598268e-06  -9.8453685e-07  7.9388959e-06  0.00081826686  0.0000000   -0.00020573313  -5.7032784e-05  -5.6411705e-05  
5.9382271e-07  -3.5248192e-08  -0.00011498696  2.2070921e-06  -2.8026152e-06  -1.3797362e-06  -1.7210238e-05  0.00020573313  0.0000000   -0.00044298441  0.00024418677  5.9382271e-07  -3.5248192e-08  -0.00011498696  2.2070921e-06  -2.8026152e-06  -1.3797362e-06  -1.7210238e-05  0.00020573313  0.0000000   -0.00044298441  0.00024418677  
-3.7826617e-07  -3.3562734e-07  -5.6030337e-05  8.1810737e-07  -1.9640961e-06  -5.8795871e-08  8.0886267e-05  5.7032784e-05  0.00044298441  0.0000000   0.00010222505  -3.7826617e-07  -3.3562734e-07  -5.6030337e-05  8.1810737e-07  -1.9640961e-06  -5.8795871e-08  8.0886267e-05  5.7032784e-05  0.00044298441  0.0000000   0.00010222505  
7.6550222e-08  1.6102918e-08  -1.9425994e-05  -1.6689921e-07  -2.7078686e-07  -2.4522512e-07  -1.4073993e-05  5.6411705e-05  -0.00024418677  -0.00010222505  0.0000000   7.6550222e-08  1.6102918e-08  -1.9425994e-05  -1.6689921e-07  -2.7078686e-07  -2.4522512e-07  -1.4073993e-05  5.6411705e-05  -0.00024418677  -0.00010222505  0.0000000   
0.0000000   0.00011660270  -3.9480005e-06  -0.00011801210  3.2042795e-05  -9.8273449e-05  7.3289124e-07  -1.0261744e-07  -5.9382271e-07  3.7826617e-07  -7.6550222e-08  0.0000000   0.00011660270  -3.9480005e-06  -0.00011801210  3.2042795e-05  -9.8273449e-05  7.3289124e-07  -1.0261744e-07  -5.9382271e-07  3.7826617e-07  -7.6550222e-08  
-0.00011660270  0.0000000   -4.3581198e-07  3.0055171e-05  6.3127274e-05  -2.4769654e-05  1.5827634e-06  2.4872244e-06  3.5248192e-08  3.3562734e-07  -1.6102918e-08  -0.00011660270  0.0000000   -4.3581198e-07  3.0055171e-05  6.3127274e-05  -2.4769654e-05  1.5827634e-06  2.4872244e-06  3.5248192e-08  3.3562734e-07  -1.6102918e-08  
3.9480005e-06  4.3581198e-07  0.0000000   -1.5370329e-06  4.7536007e-06  -1.6872406e-07  -5.8995127e-06  -6.9521215e-05  0.00011498696  5.6030337e-05  1.9425994e-05  3.9480005e-06  4.3581198e-07  0.0000000   -1.5370329e-06  4.7536007e-06  -1.6872406e-07  -5.8995127e-06  -6.9521215e-05  0.00011498696  5.6030337e-05  1.9425994e-05  
0.00011801210  -3.0055171e-05  1.5370329e-06  0.0000000   0.00013999947  -2.1384144e-05  5.3178726e-07  3.4598268e-06  -2.2070921e-06  -8.1810737e-07  1.6689921e-07  0.00011801210  -3.0055171e-05  1.5370329e-06  0.0000000   0.00013999947  -2.1384144e-05  5.3178726e-07  3.4598268e-06  -2.2070921e-06  -8.1810737e-07  1.6689921e-07  
-3.2042795e-05  -6.3127274e-05  -4.7536007e-06  -0.00013999947  0.0000000   -2.0003013e-05  -1.2855229e-06  9.8453685e-07  2.8026152e-06  1.9640961e-06  2.7078686e-07  -3.2042795e-05  -6.3127274e-05  -4.7536007e-06  -0.00013999947  0.0000000   -2.0003013e-05  -1.2855229e-06  9.8453685e-07  2.8026152e-06  1.9640961e-06  2.7078686e-07  
9.8273449e-05  2.4769654e-05  1.6872406e-07  2.1384144e-05  2.0003013e-05  0.0000000   -7.5814153e-06  -7.9388959e-06  1.3797362e-06  5.8795871e-08  2.4522512e-07  9.8273449e-05  2.4769654e-05  1.6872406e-07  2.1384144e-05  2.0003013e-05  0.0000000   -7.5814153e-06  -7.9388959e-06  1.3797362e-06  5.8795871e-08  2.4522512e-07  
-7.3289124e-07  -1.5827634e-06  5.8995127e-06  -5.3178726e-07  1.2855229e-06  7.5814153e-06  0.0000000   -0.00081826686  1.7210238e-05  -8.0886267e-05  1.4073993e-05  -7.3289124e-07  -1.5827634e-06  5.8995127e-06  -5.3178726e-07  1.2855229e-06  7.5814153e-06  0.0000000   -0.00081826686  1.7210238e-05  -8.0886267e-05  1.4073993e-05  
1.0261744e-07  -2.4872244e-06  6.9521215e-05  -3.4598268e-06  -9.8453685e-07  7.9388959e-06  0.00081826686  0.0000000   -0.00020573313  -5.7032784e-05  -5.6411705e-05  1.0261744e-07  -2.4872244e-06  6.9521215e-05  -3.4598268e-06  -9.8453685e-07  7.9388959e-06  0.00081826686  0.0000000   -0.00020573313  -5.7032784e-05  -5.6411705e-05  
5.9382271e-07  -3.5248192e-08  -0.00011498696  2.2070921e-06  -2.8026152e-06  -1.3797362e-06  -1.7210238e-05  0.00020573313  0.0000000   -0.00044298441  0.00024418677  5.9382271e-07  -3.5248192e-08  -0.00011498696  2.2070921e-06  -2.8026152e-06  -1.3797362e-06  -1.7210238e-05  0.00020573313  0.0000000   -0.00044298441  0.00024418677  
-3.7826617e-07  -3.3562734e-07  -5.6030337e-05  8.1810737e-07  -1.9640961e-06  -5.8795871e-08  8.0886267e-05  5.7032784e-05  0.00044298441  0.0000000   0.00010222505  -3.7826617e-07  -3.3562734e-07  -5.6030337e-05  8.1810737e-07  -1.9640961e-06  -5.8795871e-08  8.0886267e-05  5.7032784e-05  0.00044298441  0.0000000   0.00010222505  
7.6550222e-08  1.6102918e-08  -1.9425994e-05  -1.6689921e-07  -2.7078686e-07  -2.4522512e-07  -1.4073993e-05  5.6411705e-05  -0.00024418677  -0.00010222505  0.0000000   7.6550222e-08  1.6102918e-08  -1.9425994e-05  -1.6689921e-07  -2.7078686e-07  -2.4522512e-07  -1.4073993e-05  5.6411705e-05  -0.00024418677  -0.00010222505  0.0000000   
