0.0000000   9.5510308e-07  4.5584949e-05  3.6419717e-05  -6.9834014e-07  -3.8647374e-07  5.0972999e-07  3.2297121e-07  7.0562945e-07  -1.7587378e-06  2.0111885e-07  0.0000000   9.5510308e-07  4.5584949e-05  3.6419717e-05  -6.9834014e-07  -3.8647374e-07  5.0972999e-07  3.2297121e-07  7.0562945e-07  -1.7587378e-06  2.0111885e-07  
-9.5510308e-07  0.0000000   -4.3593791e-07  -1.8230654e-06  -3.2154270e-05  -5.4244884e-05  7.0424462e-05  2.2107764e-05  3.3298556e-05  2.8070823e-07  1.8742579e-05  -9.5510308e-07  0.0000000   -4.3593791e-07  -1.8230654e-06  -3.2154270e-05  -5.4244884e-05  7.0424462e-05  2.2107764e-05  3.3298556e-05  2.8070823e-07  1.8742579e-05  
-4.5584949e-05  4.3593791e-07  0.0000000   0.00034983301  -1.2365196e-07  -8.9944306e-07  -7.0620115e-07  1.6697589e-06  9.6337495e-07  -5.3338938e-05  4.3531247e-07  -4.5584949e-05  4.3593791e-07  0.0000000   0.00034983301  -1.2365196e-07  -8.9944306e-07  -7.0620115e-07  1.6697589e-06  9.6337495e-07  -5.3338938e-05  4.3531247e-07  
-3.6419717e-05  1.8230654e-06  -0.00034983301  0.0000000   -6.6097079e-08  -1.5070257e-06  9.5899024e-08  1.3097794e-06  4.5070537e-07  -1.4657600e-05  -1.7537220e-07  -3.6419717e-05  1.8230654e-06  -0.00034983301  0.0000000   -6.6097079e-08  -1.5070257e-06  9.5899024e-08  1.3097794e-06  4.5070537e-07  -1.4657600e-05  -1.7537220e-07  
6.9834014e-07  3.2154270e-05  1.2365196e-07  6.6097079e-08  0.0000000   -3.7552653e-05  -3.3658951e-06  4.0164556e-05  9.9600371e-05  -2.1338828e-07  -1.3512969e-06  6.9834014e-07  3.2154270e-05  1.2365196e-07  6.6097079e-08  0.0000000   -3.7552653e-05  -3.3658951e-06  4.0164556e-05  9.9600371e-05  -2.1338828e-07  -1.3512969e-06  
3.8647374e-07  5.4244884e-05  8.9944306e-07  1.5070257e-06  3.7552653e-05  0.0000000   -0.0010050274  -0.00053561176  -7.6068473e-05  -2.1184935e-06  4.8122922e-06  3.8647374e-07  5.4244884e-05  8.9944306e-07  1.5070257e-06  3.7552653e-05  0.0000000   -0.0010050274  -0.00053561176  -7.6068473e-05  -2.1184935e-06  4.8122922e-06  
-5.0972999e-07  -7.0424462e-05  7.0620115e-07  -9.5899024e-08  3.3658951e-06  0.0010050274  0.0000000   -0.0011178892  -9.5762036e-05  3.4261341e-07  -2.9513459e-05  -5.0972999e-07  -7.0424462e-05  7.0620115e-07  -9.5899024e-08  3.3658951e-06  0.0010050274  0.0000000   -0.0011178892  -9.5762036e-05  3.4261341e-07  -2.9513459e-05  
-3.2297121e-07  -2.2107764e-05  -1.6697589e-06  -1.3097794e-06  -4.0164556e-05  0.00053561176  0.0011178892  0.0000000   -0.00019122520  2.4035193e-06  -2.2471443e-05  -3.2297121e-07  -2.2107764e-05  -1.6697589e-06  -1.3097794e-06  -4.0164556e-05  0.00053561176  0.0011178892  0.0000000   -0.00019122520  2.4035193e-06  -2.2471443e-05  
-7.0562945e-07  -3.3298556e-05  -9.6337495e-07  -4.5070537e-07  -9.9600371e-05  7.6068473e-05  9.5762036e-05  0.00019122520  0.0000000   6.6882676e-07  -0.00013109210  -7.0562945e-07  -3.3298556e-05  -9.6337495e-07  -4.5070537e-07  -9.9600371e-05  7.6068473e-05  9.5762036e-05  0.00019122520  0.0000000   6.6882676e-07  -0.00013109210  
1.7587378e-06  -2.8070823e-07  5.3338938e-05  1.4657600e-05  2.1338828e-07  2.1184935e-06  -3.4261341e-07  -2.4035193e-06  -6.6882676e-07  0.0000000   -3.1030175e-07  1.7587378e-06  -2.8070823e-07  5.3338938e-05  1.4657600e-05  2.1338828e-07  2.1184935e-06  -3.4261341e-07  -2.4035193e-06  -6.6882676e-07  0.0000000   -3.1030175e-07  
-2.0111885e-07  -1.8742579e-05  -4.3531247e-07  1.7537220e-07  1.3512969e-06  -4.8122922e-06  2.9513459e-05  2.2471443e-05  0.00013109210  3.1030175e-07  0.0000000   -2.0111885e-07  -1.8742579e-05  -4.3531247e-07  1.7537220e-07  1.3512969e-06  -4.8122922e-06  2.9513459e-05  2.2471443e-05  0.00013109210  3.1030175e-07  0.0000000   
0.0000000   9.5510308e-07  4.5584949e-05  3.6419717e-05  -6.9834014e-07  -3.8647374e-07  5.0972999e-07  3.2297121e-07  7.0562945e-07  -1.7587378e-06  2.0111885e-07  0.0000000   9.5510308e-07  4.5584949e-05  3.6419717e-05  -6.9834014e-07  -3.8647374e-07  5.0972999e-07  3.2297121e-07  7.0562945e-07  -1.7587378e-06  2.0111885e-07  
-9.5510308e-07  0.0000000   -4.3593791e-07  -1.8230654e-06  -3.2154270e-05  -5.4244884e-05  7.0424462e-05  2.2107764e-05  3.3298556e-05  2.8070823e-07  1.8742579e-05  -9.5510308e-07  0.0000000   -4.3593791e-07  -1.8230654e-06  -3.2154270e-05  -5.4244884e-05  7.0424462e-05  2.2107764e-05  3.3298556e-05  2.8070823e-07  1.8742579e-05  
-4.5584949e-05  4.3593791e-07  0.0000000   0.00034983301  -1.2365196e-07  -8.9944306e-07  -7.0620115e-07  1.6697589e-06  9.6337495e-07  -5.3338938e-05  4.3531247e-07  -4.5584949e-05  4.3593791e-07  0.0000000   0.00034983301  -1.2365196e-07  -8.9944306e-07  -7.0620115e-07  1.6697589e-06  9.6337495e-07  -5.3338938e-05  4.3531247e-07  
-3.6419717e-05  1.8230654e-06  -0.00034983301  0.0000000   -6.6097079e-08  -1.5070257e-06  9.5899024e-08  1.3097794e-06  4.5070537e-07  -1.4657600e-05  -1.7537220e-07  -3.6419717e-05  1.8230654e-06  -0.00034983301  0.0000000   -6.6097079e-08  -1.5070257e-06  9.5899024e-08  1.3097794e-06  4.5070537e-07  -1.4657600e-05  -1.7537220e-07  
6.9834014e-07  3.2154270e-05  1.2365196e-07  6.6097079e-08  0.0000000   -3.7552653e-05  -3.3658951e-06  4.0164556e-05  9.9600371e-05  -2.1338828e-07  -1.3512969e-06  6.9834014e-07  3.2154270e-05  1.2365196e-07  6.6097079e-08  0.0000000   -3.7552653e-05  -3.3658951e-06  4.0164556e-05  9.9600371e-05  -2.1338828e-07  -1.3512969e-06  
3.8647374e-07  5.4244884e-05  8.9944306e-07  1.5070257e-06  3.7552653e-05  0.0000000   -0.0010050274  -0.00053561176  -7.6068473e-05  -2.1184935e-06  4.8122922e-06  3.8647374e-07  5.4244884e-05  8.9944306e-07  1.5070257e-06  3.7552653e-05  0.0000000   -0.0010050274  -0.00053561176  -7.6068473e-05  -2.1184935e-06  4.8122922e-06  
-5.0972999e-07  -7.0424462e-05  7.0620115e-07  -9.5899024e-08  3.3658951e-06  0.0010050274  0.0000000   -0.0011178892  -9.5762036e-05  3.4261341e-07  -2.9513459e-05  -5.0972999e-07  -7.0424462e-05  7.0620115e-07  -9.5899024e-08  3.3658951e-06  0.0010050274  0.0000000   -0.0011178892  -9.5762036e-05  3.4261341e-07  -2.9513459e-05  
-3.2297121e-07  -2.2107764e-05  -1.6697589e-06  -1.3097794e-06  -4.0164556e-05  0.00053561176  0.0011178892  0.0000000   -0.00019122520  2.4035193e-06  -2.2471443e-05  -3.2297121e-07  -2.2107764e-05  -1.6697589e-06  -1.3097794e-06  -4.0164556e-05  0.00053561176  0.0011178892  0.0000000   -0.00019122520  2.4035193e-06  -2.2471443e-05  
-7.0562945e-07  -3.3298556e-05  -9.6337495e-07  -4.5070537e-07  -9.9600371e-05  7.6068473e-05  9.5762036e-05  0.00019122520  0.0000000   6.6882676e-07  -0.00013109210  -7.0562945e-07  -3.3298556e-05  -9.6337495e-07  -4.5070537e-07  -9.9600371e-05  7.6068473e-05  9.5762036e-05  0.00019122520  0.0000000   6.6882676e-07  -0.00013109210  
1.7587378e-06  -2.8070823e-07  5.3338938e-05  1.4657600e-05  2.1338828e-07  2.1184935e-06  -3.4261341e-07  -2.4035193e-06  -6.6882676e-07  0.0000000   -3.1030175e-07  1.7587378e-06  -2.8070823e-07  5.3338938e-05  1.4657600e-05  2.1338828e-07  2.1184935e-06  -3.4261341e-07  -2.4035193e-06  -6.6882676e-07  0.0000000   -3.1030175e-07  
-2.0111885e-07  -1.8742579e-05  -4.3531247e-07  1.7537220e-07  1.3512969e-06  -4.8122922e-06  2.9513459e-05  2.2471443e-05  0.00013109210  3.1030175e-07  0.0000000   -2.0111885e-07  -1.8742579e-05  -4.3531247e-07  1.7537220e-07  1.3512969e-06  -4.8122922e-06  2.9513459e-05  2.2471443e-05  0.00013109210  3.1030175e-07  0.0000000   
