0.0000000   8.7205281e-06  -3.1632174e-06  -5.7184859e-06  -4.6299705e-06  -7.6379150e-05  1.6086572e-06  -0.00011363515  -2.1617995e-05  -8.9435436e-07  2.5001624e-07  0.0000000   8.7205281e-06  -3.1632174e-06  -5.7184859e-06  -4.6299705e-06  -7.6379150e-05  1.6086572e-06  -0.00011363515  -2.1617995e-05  -8.9435436e-07  2.5001624e-07  
-8.7205281e-06  0.0000000   -4.1896869e-05  0.00015530133  -2.0987602e-05  1.2767923e-06  4.7947557e-05  3.6301931e-07  4.0722993e-07  -1.4064363e-05  -3.9431195e-05  -8.7205281e-06  0.0000000   -4.1896869e-05  0.00015530133  -2.0987602e-05  1.2767923e-06  4.7947557e-05  3.6301931e-07  4.0722993e-07  -1.4064363e-05  -3.9431195e-05  
3.1632174e-06  4.1896869e-05  0.0000000   0.00077699690  0.00024055551  -2.8180591e-07  -0.00012048743  -3.1426388e-06  -2.0918830e-06  2.1558728e-05  3.0717778e-06  3.1632174e-06  4.1896869e-05  0.0000000   0.00077699690  0.00024055551  -2.8180591e-07  -0.00012048743  -3.1426388e-06  -2.0918830e-06  2.1558728e-05  3.0717778e-06  
5.7184859e-06  -0.00015530133  -0.00077699690  0.0000000   -8.3929664e-05  1.6021699e-07  2.8605065e-05  1.3076076e-06  -6.4001639e-07  2.8988266e-05  1.0972469e-05  5.7184859e-06  -0.00015530133  -0.00077699690  0.0000000   -8.3929664e-05  1.6021699e-07  2.8605065e-05  1.3076076e-06  -6.4001639e-07  2.8988266e-05  1.0972469e-05  
4.6299705e-06  2.0987602e-05  -0.00024055551  8.3929664e-05  0.0000000   1.3720785e-06  6.6177657e-06  1.5934447e-06  3.7868774e-07  -7.0154525e-05  -8.3281585e-05  4.6299705e-06  2.0987602e-05  -0.00024055551  8.3929664e-05  0.0000000   1.3720785e-06  6.6177657e-06  1.5934447e-06  3.7868774e-07  -7.0154525e-05  -8.3281585e-05  
7.6379150e-05  -1.2767923e-06  2.8180591e-07  -1.6021699e-07  -1.3720785e-06  0.0000000   1.1200048e-05  -0.00033860047  -0.00011636722  -9.7237146e-07  8.6887727e-07  7.6379150e-05  -1.2767923e-06  2.8180591e-07  -1.6021699e-07  -1.3720785e-06  0.0000000   1.1200048e-05  -0.00033860047  -0.00011636722  -9.7237146e-07  8.6887727e-07  
-1.6086572e-06  -4.7947557e-05  0.00012048743  -2.8605065e-05  -6.6177657e-06  -1.1200048e-05  0.0000000   -3.2118279e-06  -3.8459396e-06  8.7610177e-05  1.0210507e-05  -1.6086572e-06  -4.7947557e-05  0.00012048743  -2.8605065e-05  -6.6177657e-06  -1.1200048e-05  0.0000000   -3.2118279e-06  -3.8459396e-06  8.7610177e-05  1.0210507e-05  
0.00011363515  -3.6301931e-07  3.1426388e-06  -1.3076076e-06  -1.5934447e-06  0.00033860047  3.2118279e-06  0.0000000   9.0259178e-05  3.7209209e-06  1.0657412e-06  0.00011363515  -3.6301931e-07  3.1426388e-06  -1.3076076e-06  -1.5934447e-06  0.00033860047  3.2118279e-06  0.0000000   9.0259178e-05  3.7209209e-06  1.0657412e-06  
2.1617995e-05  -4.0722993e-07  2.0918830e-06  6.4001639e-07  -3.7868774e-07  0.00011636722  3.8459396e-06  -9.0259178e-05  0.0000000   1.8991725e-06  7.7976586e-07  2.1617995e-05  -4.0722993e-07  2.0918830e-06  6.4001639e-07  -3.7868774e-07  0.00011636722  3.8459396e-06  -9.0259178e-05  0.0000000   1.8991725e-06  7.7976586e-07  
8.9435436e-07  1.4064363e-05  -2.1558728e-05  -2.8988266e-05  7.0154525e-05  9.7237146e-07  -8.7610177e-05  -3.7209209e-06  -1.8991725e-06  0.0000000   -0.00018486092  8.9435436e-07  1.4064363e-05  -2.1558728e-05  -2.8988266e-05  7.0154525e-05  9.7237146e-07  -8.7610177e-05  -3.7209209e-06  -1.8991725e-06  0.0000000   -0.00018486092  
-2.5001624e-07  3.9431195e-05  -3.0717778e-06  -1.0972469e-05  8.3281585e-05  -8.6887727e-07  -1.0210507e-05  -1.0657412e-06  -7.7976586e-07  0.00018486092  0.0000000   -2.5001624e-07  3.9431195e-05  -3.0717778e-06  -1.0972469e-05  8.3281585e-05  -8.6887727e-07  -1.0210507e-05  -1.0657412e-06  -7.7976586e-07  0.00018486092  0.0000000   
0.0000000   8.7205281e-06  -3.1632174e-06  -5.7184859e-06  -4.6299705e-06  -7.6379150e-05  1.6086572e-06  -0.00011363515  -2.1617995e-05  -8.9435436e-07  2.5001624e-07  0.0000000   8.7205281e-06  -3.1632174e-06  -5.7184859e-06  -4.6299705e-06  -7.6379150e-05  1.6086572e-06  -0.00011363515  -2.1617995e-05  -8.9435436e-07  2.5001624e-07  
-8.7205281e-06  0.0000000   -4.1896869e-05  0.00015530133  -2.0987602e-05  1.2767923e-06  4.7947557e-05  3.6301931e-07  4.0722993e-07  -1.4064363e-05  -3.9431195e-05  -8.7205281e-06  0.0000000   -4.1896869e-05  0.00015530133  -2.0987602e-05  1.2767923e-06  4.7947557e-05  3.6301931e-07  4.0722993e-07  -1.4064363e-05  -3.9431195e-05  
3.1632174e-06  4.1896869e-05  0.0000000   0.00077699690  0.00024055551  -2.8180591e-07  -0.00012048743  -3.1426388e-06  -2.0918830e-06  2.1558728e-05  3.0717778e-06  3.1632174e-06  4.1896869e-05  0.0000000   0.00077699690  0.00024055551  -2.8180591e-07  -0.00012048743  -3.1426388e-06  -2.0918830e-06  2.1558728e-05  3.0717778e-06  
5.7184859e-06  -0.00015530133  -0.00077699690  0.0000000   -8.3929664e-05  1.6021699e-07  2.8605065e-05  1.3076076e-06  -6.4001639e-07  2.8988266e-05  1.0972469e-05  5.7184859e-06  -0.00015530133  -0.00077699690  0.0000000   -8.3929664e-05  1.6021699e-07  2.8605065e-05  1.3076076e-06  -6.4001639e-07  2.8988266e-05  1.0972469e-05  
4.6299705e-06  2.0987602e-05  -0.00024055551  8.3929664e-05  0.0000000   1.3720785e-06  6.6177657e-06  1.5934447e-06  3.7868774e-07  -7.0154525e-05  -8.3281585e-05  4.6299705e-06  2.0987602e-05  -0.00024055551  8.3929664e-05  0.0000000   1.3720785e-06  6.6177657e-06  1.5934447e-06  3.7868774e-07  -7.0154525e-05  -8.3281585e-05  
7.6379150e-05  -1.2767923e-06  2.8180591e-07  -1.6021699e-07  -1.3720785e-06  0.0000000   1.1200048e-05  -0.00033860047  -0.00011636722  -9.7237146e-07  8.6887727e-07  7.6379150e-05  -1.2767923e-06  2.8180591e-07  -1.6021699e-07  -1.3720785e-06  0.0000000   1.1200048e-05  -0.00033860047  -0.00011636722  -9.7237146e-07  8.6887727e-07  
-1.6086572e-06  -4.7947557e-05  0.00012048743  -2.8605065e-05  -6.6177657e-06  -1.1200048e-05  0.0000000   -3.2118279e-06  -3.8459396e-06  8.7610177e-05  1.0210507e-05  -1.6086572e-06  -4.7947557e-05  0.00012048743  -2.8605065e-05  -6.6177657e-06  -1.1200048e-05  0.0000000   -3.2118279e-06  -3.8459396e-06  8.7610177e-05  1.0210507e-05  
0.00011363515  -3.6301931e-07  3.1426388e-06  -1.3076076e-06  -1.5934447e-06  0.00033860047  3.2118279e-06  0.0000000   9.0259178e-05  3.7209209e-06  1.0657412e-06  0.00011363515  -3.6301931e-07  3.1426388e-06  -1.3076076e-06  -1.5934447e-06  0.00033860047  3.2118279e-06  0.0000000   9.0259178e-05  3.7209209e-06  1.0657412e-06  
2.1617995e-05  -4.0722993e-07  2.0918830e-06  6.4001639e-07  -3.7868774e-07  0.00011636722  3.8459396e-06  -9.0259178e-05  0.0000000   1.8991725e-06  7.7976586e-07  2.1617995e-05  -4.0722993e-07  2.0918830e-06  6.4001639e-07  -3.7868774e-07  0.00011636722  3.8459396e-06  -9.0259178e-05  0.0000000   1.8991725e-06  7.7976586e-07  
8.9435436e-07  1.4064363e-05  -2.1558728e-05  -2.8988266e-05  7.0154525e-05  9.7237146e-07  -8.7610177e-05  -3.7209209e-06  -1.8991725e-06  0.0000000   -0.00018486092  8.9435436e-07  1.4064363e-05  -2.1558728e-05  -2.8988266e-05  7.0154525e-05  9.7237146e-07  -8.7610177e-05  -3.7209209e-06  -1.8991725e-06  0.0000000   -0.00018486092  
-2.5001624e-07  3.9431195e-05  -3.0717778e-06  -1.0972469e-05  8.3281585e-05  -8.6887727e-07  -1.0210507e-05  -1.0657412e-06  -7.7976586e-07  0.00018486092  0.0000000   -2.5001624e-07  3.9431195e-05  -3.0717778e-06  -1.0972469e-05  8.3281585e-05  -8.6887727e-07  -1.0210507e-05  -1.0657412e-06  -7.7976586e-07  0.00018486092  0.0000000   
