0.0000000   -1.6113492e-06  -3.2082873e-06  8.1563050e-05  -8.8512821e-06  3.5565982e-07  -5.9098756e-05  -8.3135864e-06  1.4246501e-05  -3.4929691e-06  -5.0005477e-08  0.0000000   -1.6113492e-06  -3.2082873e-06  8.1563050e-05  -8.8512821e-06  3.5565982e-07  -5.9098756e-05  -8.3135864e-06  1.4246501e-05  -3.4929691e-06  -5.0005477e-08  
1.6113492e-06  0.0000000   3.9324396e-05  6.1902167e-07  -3.9369792e-07  -1.7456532e-06  9.7712217e-07  2.2717847e-07  -7.8337978e-08  9.1949573e-09  -2.8608206e-06  1.6113492e-06  0.0000000   3.9324396e-05  6.1902167e-07  -3.9369792e-07  -1.7456532e-06  9.7712217e-07  2.2717847e-07  -7.8337978e-08  9.1949573e-09  -2.8608206e-06  
3.2082873e-06  -3.9324396e-05  0.0000000   5.0020352e-07  6.9229678e-08  -2.2624512e-06  9.0456954e-07  -2.1984938e-06  2.9576044e-06  4.2322161e-07  -1.7012079e-05  3.2082873e-06  -3.9324396e-05  0.0000000   5.0020352e-07  6.9229678e-08  -2.2624512e-06  9.0456954e-07  -2.1984938e-06  2.9576044e-06  4.2322161e-07  -1.7012079e-05  
-8.1563050e-05  -6.1902167e-07  -5.0020352e-07  0.0000000   -5.4330866e-05  5.4966347e-05  -1.3134016e-05  3.1239881e-05  -6.6331564e-05  -2.7759245e-05  -1.7033580e-07  -8.1563050e-05  -6.1902167e-07  -5.0020352e-07  0.0000000   -5.4330866e-05  5.4966347e-05  -1.3134016e-05  3.1239881e-05  -6.6331564e-05  -2.7759245e-05  -1.7033580e-07  
8.8512821e-06  3.9369792e-07  -6.9229678e-08  5.4330866e-05  0.0000000   2.0852222e-05  6.7252511e-05  -3.3639406e-05  7.1122549e-05  -0.00019127962  1.9124182e-07  8.8512821e-06  3.9369792e-07  -6.9229678e-08  5.4330866e-05  0.0000000   2.0852222e-05  6.7252511e-05  -3.3639406e-05  7.1122549e-05  -0.00019127962  1.9124182e-07  
-3.5565982e-07  1.7456532e-06  2.2624512e-06  -5.4966347e-05  -2.0852222e-05  0.0000000   -0.00053110452  -0.00048770043  -2.6637262e-05  -2.5707901e-05  1.6534849e-07  -3.5565982e-07  1.7456532e-06  2.2624512e-06  -5.4966347e-05  -2.0852222e-05  0.0000000   -0.00053110452  -0.00048770043  -2.6637262e-05  -2.5707901e-05  1.6534849e-07  
5.9098756e-05  -9.7712217e-07  -9.0456954e-07  1.3134016e-05  -6.7252511e-05  0.00053110452  0.0000000   0.00020748042  8.8514381e-05  -4.6829250e-05  -6.1214931e-08  5.9098756e-05  -9.7712217e-07  -9.0456954e-07  1.3134016e-05  -6.7252511e-05  0.00053110452  0.0000000   0.00020748042  8.8514381e-05  -4.6829250e-05  -6.1214931e-08  
8.3135864e-06  -2.2717847e-07  2.1984938e-06  -3.1239881e-05  3.3639406e-05  0.00048770043  -0.00020748042  0.0000000   0.00011097345  -0.00010100318  1.9416740e-07  8.3135864e-06  -2.2717847e-07  2.1984938e-06  -3.1239881e-05  3.3639406e-05  0.00048770043  -0.00020748042  0.0000000   0.00011097345  -0.00010100318  1.9416740e-07  
-1.4246501e-05  7.8337978e-08  -2.9576044e-06  6.6331564e-05  -7.1122549e-05  2.6637262e-05  -8.8514381e-05  -0.00011097345  0.0000000   -0.00014520660  5.3781607e-07  -1.4246501e-05  7.8337978e-08  -2.9576044e-06  6.6331564e-05  -7.1122549e-05  2.6637262e-05  -8.8514381e-05  -0.00011097345  0.0000000   -0.00014520660  5.3781607e-07  
3.4929691e-06  -9.1949573e-09  -4.2322161e-07  2.7759245e-05  0.00019127962  2.5707901e-05  4.6829250e-05  0.00010100318  0.00014520660  0.0000000   1.0749969e-06  3.4929691e-06  -9.1949573e-09  -4.2322161e-07  2.7759245e-05  0.00019127962  2.5707901e-05  4.6829250e-05  0.00010100318  0.00014520660  0.0000000   1.0749969e-06  
5.0005477e-08  2.8608206e-06  1.7012079e-05  1.7033580e-07  -1.9124182e-07  -1.6534849e-07  6.1214931e-08  -1.9416740e-07  -5.3781607e-07  -1.0749969e-06  0.0000000   5.0005477e-08  2.8608206e-06  1.7012079e-05  1.7033580e-07  -1.9124182e-07  -1.6534849e-07  6.1214931e-08  -1.9416740e-07  -5.3781607e-07  -1.0749969e-06  0.0000000   
0.0000000   -1.6113492e-06  -3.2082873e-06  8.1563050e-05  -8.8512821e-06  3.5565982e-07  -5.9098756e-05  -8.3135864e-06  1.4246501e-05  -3.4929691e-06  -5.0005477e-08  0.0000000   -1.6113492e-06  -3.2082873e-06  8.1563050e-05  -8.8512821e-06  3.5565982e-07  -5.9098756e-05  -8.3135864e-06  1.4246501e-05  -3.4929691e-06  -5.0005477e-08  
1.6113492e-06  0.0000000   3.9324396e-05  6.1902167e-07  -3.9369792e-07  -1.7456532e-06  9.7712217e-07  2.2717847e-07  -7.8337978e-08  9.1949573e-09  -2.8608206e-06  1.6113492e-06  0.0000000   3.9324396e-05  6.1902167e-07  -3.9369792e-07  -1.7456532e-06  9.7712217e-07  2.2717847e-07  -7.8337978e-08  9.1949573e-09  -2.8608206e-06  
3.2082873e-06  -3.9324396e-05  0.0000000   5.0020352e-07  6.9229678e-08  -2.2624512e-06  9.0456954e-07  -2.1984938e-06  2.9576044e-06  4.2322161e-07  -1.7012079e-05  3.2082873e-06  -3.9324396e-05  0.0000000   5.0020352e-07  6.9229678e-08  -2.2624512e-06  9.0456954e-07  -2.1984938e-06  2.9576044e-06  4.2322161e-07  -1.7012079e-05  
-8.1563050e-05  -6.1902167e-07  -5.0020352e-07  0.0000000   -5.4330866e-05  5.4966347e-05  -1.3134016e-05  3.1239881e-05  -6.6331564e-05  -2.7759245e-05  -1.7033580e-07  -8.1563050e-05  -6.1902167e-07  -5.0020352e-07  0.0000000   -5.4330866e-05  5.4966347e-05  -1.3134016e-05  3.1239881e-05  -6.6331564e-05  -2.7759245e-05  -1.7033580e-07  
8.8512821e-06  3.9369792e-07  -6.9229678e-08  5.4330866e-05  0.0000000   2.0852222e-05  6.7252511e-05  -3.3639406e-05  7.1122549e-05  -0.00019127962  1.9124182e-07  8.8512821e-06  3.9369792e-07  -6.9229678e-08  5.4330866e-05  0.0000000   2.0852222e-05  6.7252511e-05  -3.3639406e-05  7.1122549e-05  -0.00019127962  1.9124182e-07  
-3.5565982e-07  1.7456532e-06  2.2624512e-06  -5.4966347e-05  -2.0852222e-05  0.0000000   -0.00053110452  -0.00048770043  -2.6637262e-05  -2.5707901e-05  1.6534849e-07  -3.5565982e-07  1.7456532e-06  2.2624512e-06  -5.4966347e-05  -2.0852222e-05  0.0000000   -0.00053110452  -0.00048770043  -2.6637262e-05  -2.5707901e-05  1.6534849e-07  
5.9098756e-05  -9.7712217e-07  -9.0456954e-07  1.3134016e-05  -6.7252511e-05  0.00053110452  0.0000000   0.00020748042  8.8514381e-05  -4.6829250e-05  -6.1214931e-08  5.9098756e-05  -9.7712217e-07  -9.0456954e-07  1.3134016e-05  -6.7252511e-05  0.00053110452  0.0000000   0.00020748042  8.8514381e-05  -4.6829250e-05  -6.1214931e-08  
8.3135864e-06  -2.2717847e-07  2.1984938e-06  -3.1239881e-05  3.3639406e-05  0.00048770043  -0.00020748042  0.0000000   0.00011097345  -0.00010100318  1.9416740e-07  8.3135864e-06  -2.2717847e-07  2.1984938e-06  -3.1239881e-05  3.3639406e-05  0.00048770043  -0.00020748042  0.0000000   0.00011097345  -0.00010100318  1.9416740e-07  
-1.4246501e-05  7.8337978e-08  -2.9576044e-06  6.6331564e-05  -7.1122549e-05  2.6637262e-05  -8.8514381e-05  -0.00011097345  0.0000000   -0.00014520660  5.3781607e-07  -1.4246501e-05  7.8337978e-08  -2.9576044e-06  6.6331564e-05  -7.1122549e-05  2.6637262e-05  -8.8514381e-05  -0.00011097345  0.0000000   -0.00014520660  5.3781607e-07  
3.4929691e-06  -9.1949573e-09  -4.2322161e-07  2.7759245e-05  0.00019127962  2.5707901e-05  4.6829250e-05  0.00010100318  0.00014520660  0.0000000   1.0749969e-06  3.4929691e-06  -9.1949573e-09  -4.2322161e-07  2.7759245e-05  0.00019127962  2.5707901e-05  4.6829250e-05  0.00010100318  0.00014520660  0.0000000   1.0749969e-06  
5.0005477e-08  2.8608206e-06  1.7012079e-05  1.7033580e-07  -1.9124182e-07  -1.6534849e-07  6.1214931e-08  -1.9416740e-07  -5.3781607e-07  -1.0749969e-06  0.0000000   5.0005477e-08  2.8608206e-06  1.7012079e-05  1.7033580e-07  -1.9124182e-07  -1.6534849e-07  6.1214931e-08  -1.9416740e-07  -5.3781607e-07  -1.0749969e-06  0.0000000   
