0.0000000   -1.0499006e-06  -3.5027680e-06  2.6238721e-05  5.2216911e-07  -6.5575059e-08  5.4865584e-07  -2.1757430e-07  -1.1446086e-05  3.7343316e-07  -1.2691071e-06  0.0000000   -1.0499006e-06  -3.5027680e-06  2.6238721e-05  5.2216911e-07  -6.5575059e-08  5.4865584e-07  -2.1757430e-07  -1.1446086e-05  3.7343316e-07  -1.2691071e-06  
1.0499006e-06  0.0000000   -0.00030030091  2.6577487e-06  3.4764099e-05  -2.8681905e-05  4.6248452e-05  -3.5379961e-05  1.3492504e-07  1.8075675e-06  9.8795225e-08  1.0499006e-06  0.0000000   -0.00030030091  2.6577487e-06  3.4764099e-05  -2.8681905e-05  4.6248452e-05  -3.5379961e-05  1.3492504e-07  1.8075675e-06  9.8795225e-08  
3.5027680e-06  0.00030030091  0.0000000   1.3705683e-07  -0.00010775772  9.5572336e-06  2.3979876e-05  7.2221709e-05  1.1553349e-06  -4.2240706e-05  5.3571899e-07  3.5027680e-06  0.00030030091  0.0000000   1.3705683e-07  -0.00010775772  9.5572336e-06  2.3979876e-05  7.2221709e-05  1.1553349e-06  -4.2240706e-05  5.3571899e-07  
-2.6238721e-05  -2.6577487e-06  -1.3705683e-07  0.0000000   6.3933760e-07  9.1833177e-08  1.5279754e-06  -5.9565863e-07  7.5844275e-05  5.8773252e-07  2.4718700e-07  -2.6238721e-05  -2.6577487e-06  -1.3705683e-07  0.0000000   6.3933760e-07  9.1833177e-08  1.5279754e-06  -5.9565863e-07  7.5844275e-05  5.8773252e-07  2.4718700e-07  
-5.2216911e-07  -3.4764099e-05  0.00010775772  -6.3933760e-07  0.0000000   2.1885943e-05  -4.4364407e-05  9.3723329e-05  3.9108010e-07  -7.2897776e-05  -6.3906753e-08  -5.2216911e-07  -3.4764099e-05  0.00010775772  -6.3933760e-07  0.0000000   2.1885943e-05  -4.4364407e-05  9.3723329e-05  3.9108010e-07  -7.2897776e-05  -6.3906753e-08  
6.5575059e-08  2.8681905e-05  -9.5572336e-06  -9.1833177e-08  -2.1885943e-05  0.0000000   0.0012180887  0.00046832516  2.0632045e-06  -1.0527610e-05  8.9983094e-07  6.5575059e-08  2.8681905e-05  -9.5572336e-06  -9.1833177e-08  -2.1885943e-05  0.0000000   0.0012180887  0.00046832516  2.0632045e-06  -1.0527610e-05  8.9983094e-07  
-5.4865584e-07  -4.6248452e-05  -2.3979876e-05  -1.5279754e-06  4.4364407e-05  -0.0012180887  0.0000000   0.0014650765  5.9226710e-06  0.00020209091  1.3475598e-06  -5.4865584e-07  -4.6248452e-05  -2.3979876e-05  -1.5279754e-06  4.4364407e-05  -0.0012180887  0.0000000   0.0014650765  5.9226710e-06  0.00020209091  1.3475598e-06  
2.1757430e-07  3.5379961e-05  -7.2221709e-05  5.9565863e-07  -9.3723329e-05  -0.00046832516  -0.0014650765  0.0000000   -1.5017424e-07  -4.9730684e-05  1.2872083e-07  2.1757430e-07  3.5379961e-05  -7.2221709e-05  5.9565863e-07  -9.3723329e-05  -0.00046832516  -0.0014650765  0.0000000   -1.5017424e-07  -4.9730684e-05  1.2872083e-07  
1.1446086e-05  -1.3492504e-07  -1.1553349e-06  -7.5844275e-05  -3.9108010e-07  -2.0632045e-06  -5.9226710e-06  1.5017424e-07  0.0000000   -5.3730287e-07  -0.00015546301  1.1446086e-05  -1.3492504e-07  -1.1553349e-06  -7.5844275e-05  -3.9108010e-07  -2.0632045e-06  -5.9226710e-06  1.5017424e-07  0.0000000   -5.3730287e-07  -0.00015546301  
-3.7343316e-07  -1.8075675e-06  4.2240706e-05  -5.8773252e-07  7.2897776e-05  1.0527610e-05  -0.00020209091  4.9730684e-05  5.3730287e-07  0.0000000   -3.0661666e-07  -3.7343316e-07  -1.8075675e-06  4.2240706e-05  -5.8773252e-07  7.2897776e-05  1.0527610e-05  -0.00020209091  4.9730684e-05  5.3730287e-07  0.0000000   -3.0661666e-07  
1.2691071e-06  -9.8795225e-08  -5.3571899e-07  -2.4718700e-07  6.3906753e-08  -8.9983094e-07  -1.3475598e-06  -1.2872083e-07  0.00015546301  3.0661666e-07  0.0000000   1.2691071e-06  -9.8795225e-08  -5.3571899e-07  -2.4718700e-07  6.3906753e-08  -8.9983094e-07  -1.3475598e-06  -1.2872083e-07  0.00015546301  3.0661666e-07  0.0000000   
0.0000000   -1.0499006e-06  -3.5027680e-06  2.6238721e-05  5.2216911e-07  -6.5575059e-08  5.4865584e-07  -2.1757430e-07  -1.1446086e-05  3.7343316e-07  -1.2691071e-06  0.0000000   -1.0499006e-06  -3.5027680e-06  2.6238721e-05  5.2216911e-07  -6.5575059e-08  5.4865584e-07  -2.1757430e-07  -1.1446086e-05  3.7343316e-07  -1.2691071e-06  
1.0499006e-06  0.0000000   -0.00030030091  2.6577487e-06  3.4764099e-05  -2.8681905e-05  4.6248452e-05  -3.5379961e-05  1.3492504e-07  1.8075675e-06  9.8795225e-08  1.0499006e-06  0.0000000   -0.00030030091  2.6577487e-06  3.4764099e-05  -2.8681905e-05  4.6248452e-05  -3.5379961e-05  1.3492504e-07  1.8075675e-06  9.8795225e-08  
3.5027680e-06  0.00030030091  0.0000000   1.3705683e-07  -0.00010775772  9.5572336e-06  2.3979876e-05  7.2221709e-05  1.1553349e-06  -4.2240706e-05  5.3571899e-07  3.5027680e-06  0.00030030091  0.0000000   1.3705683e-07  -0.00010775772  9.5572336e-06  2.3979876e-05  7.2221709e-05  1.1553349e-06  -4.2240706e-05  5.3571899e-07  
-2.6238721e-05  -2.6577487e-06  -1.3705683e-07  0.0000000   6.3933760e-07  9.1833177e-08  1.5279754e-06  -5.9565863e-07  7.5844275e-05  5.8773252e-07  2.4718700e-07  -2.6238721e-05  -2.6577487e-06  -1.3705683e-07  0.0000000   6.3933760e-07  9.1833177e-08  1.5279754e-06  -5.9565863e-07  7.5844275e-05  5.8773252e-07  2.4718700e-07  
-5.2216911e-07  -3.4764099e-05  0.00010775772  -6.3933760e-07  0.0000000   2.1885943e-05  -4.4364407e-05  9.3723329e-05  3.9108010e-07  -7.2897776e-05  -6.3906753e-08  -5.2216911e-07  -3.4764099e-05  0.00010775772  -6.3933760e-07  0.0000000   2.1885943e-05  -4.4364407e-05  9.3723329e-05  3.9108010e-07  -7.2897776e-05  -6.3906753e-08  
6.5575059e-08  2.8681905e-05  -9.5572336e-06  -9.1833177e-08  -2.1885943e-05  0.0000000   0.0012180887  0.00046832516  2.0632045e-06  -1.0527610e-05  8.9983094e-07  6.5575059e-08  2.8681905e-05  -9.5572336e-06  -9.1833177e-08  -2.1885943e-05  0.0000000   0.0012180887  0.00046832516  2.0632045e-06  -1.0527610e-05  8.9983094e-07  
-5.4865584e-07  -4.6248452e-05  -2.3979876e-05  -1.5279754e-06  4.4364407e-05  -0.0012180887  0.0000000   0.0014650765  5.9226710e-06  0.00020209091  1.3475598e-06  -5.4865584e-07  -4.6248452e-05  -2.3979876e-05  -1.5279754e-06  4.4364407e-05  -0.0012180887  0.0000000   0.0014650765  5.9226710e-06  0.00020209091  1.3475598e-06  
2.1757430e-07  3.5379961e-05  -7.2221709e-05  5.9565863e-07  -9.3723329e-05  -0.00046832516  -0.0014650765  0.0000000   -1.5017424e-07  -4.9730684e-05  1.2872083e-07  2.1757430e-07  3.5379961e-05  -7.2221709e-05  5.9565863e-07  -9.3723329e-05  -0.00046832516  -0.0014650765  0.0000000   -1.5017424e-07  -4.9730684e-05  1.2872083e-07  
1.1446086e-05  -1.3492504e-07  -1.1553349e-06  -7.5844275e-05  -3.9108010e-07  -2.0632045e-06  -5.9226710e-06  1.5017424e-07  0.0000000   -5.3730287e-07  -0.00015546301  1.1446086e-05  -1.3492504e-07  -1.1553349e-06  -7.5844275e-05  -3.9108010e-07  -2.0632045e-06  -5.9226710e-06  1.5017424e-07  0.0000000   -5.3730287e-07  -0.00015546301  
-3.7343316e-07  -1.8075675e-06  4.2240706e-05  -5.8773252e-07  7.2897776e-05  1.0527610e-05  -0.00020209091  4.9730684e-05  5.3730287e-07  0.0000000   -3.0661666e-07  -3.7343316e-07  -1.8075675e-06  4.2240706e-05  -5.8773252e-07  7.2897776e-05  1.0527610e-05  -0.00020209091  4.9730684e-05  5.3730287e-07  0.0000000   -3.0661666e-07  
1.2691071e-06  -9.8795225e-08  -5.3571899e-07  -2.4718700e-07  6.3906753e-08  -8.9983094e-07  -1.3475598e-06  -1.2872083e-07  0.00015546301  3.0661666e-07  0.0000000   1.2691071e-06  -9.8795225e-08  -5.3571899e-07  -2.4718700e-07  6.3906753e-08  -8.9983094e-07  -1.3475598e-06  -1.2872083e-07  0.00015546301  3.0661666e-07  0.0000000   
