0.0000000   2.3666938e-06  -1.2303536e-05  -3.5076413e-06  1.7817163e-05  -8.3594006e-05  0.00018704869  -2.4900590e-05  -2.0990174e-06  -8.4929632e-06  -1.0164889e-07  0.0000000   2.3666938e-06  -1.2303536e-05  -3.5076413e-06  1.7817163e-05  -8.3594006e-05  0.00018704869  -2.4900590e-05  -2.0990174e-06  -8.4929632e-06  -1.0164889e-07  
-2.3666938e-06  0.0000000   -3.9179812e-05  -1.4500769e-05  -4.1325036e-06  -0.00011655178  -9.0951196e-05  -8.1357627e-05  -1.4199423e-05  -1.6945794e-06  -4.5902931e-07  -2.3666938e-06  0.0000000   -3.9179812e-05  -1.4500769e-05  -4.1325036e-06  -0.00011655178  -9.0951196e-05  -8.1357627e-05  -1.4199423e-05  -1.6945794e-06  -4.5902931e-07  
1.2303536e-05  3.9179812e-05  0.0000000   -0.00010029871  7.7603346e-07  -1.0006082e-05  -1.5868424e-06  -2.0074528e-05  -2.2095357e-05  -7.7850721e-06  -5.0450492e-05  1.2303536e-05  3.9179812e-05  0.0000000   -0.00010029871  7.7603346e-07  -1.0006082e-05  -1.5868424e-06  -2.0074528e-05  -2.2095357e-05  -7.7850721e-06  -5.0450492e-05  
3.5076413e-06  1.4500769e-05  0.00010029871  0.0000000   -1.8300012e-06  2.1051209e-06  -3.4679304e-07  -1.8695002e-05  -1.8715126e-05  -6.4741804e-06  -8.8672119e-07  3.5076413e-06  1.4500769e-05  0.00010029871  0.0000000   -1.8300012e-06  2.1051209e-06  -3.4679304e-07  -1.8695002e-05  -1.8715126e-05  -6.4741804e-06  -8.8672119e-07  
-1.7817163e-05  4.1325036e-06  -7.7603346e-07  1.8300012e-06  0.0000000   4.4142525e-05  -0.00021766819  3.3623515e-07  1.2968947e-05  -3.4490475e-05  -1.7626490e-07  -1.7817163e-05  4.1325036e-06  -7.7603346e-07  1.8300012e-06  0.0000000   4.4142525e-05  -0.00021766819  3.3623515e-07  1.2968947e-05  -3.4490475e-05  -1.7626490e-07  
8.3594006e-05  0.00011655178  1.0006082e-05  -2.1051209e-06  -4.4142525e-05  0.0000000   -2.2282932e-06  -8.1973541e-05  -0.00013181676  -3.7819287e-05  -4.5508378e-06  8.3594006e-05  0.00011655178  1.0006082e-05  -2.1051209e-06  -4.4142525e-05  0.0000000   -2.2282932e-06  -8.1973541e-05  -0.00013181676  -3.7819287e-05  -4.5508378e-06  
-0.00018704869  9.0951196e-05  1.5868424e-06  3.4679304e-07  0.00021766819  2.2282932e-06  0.0000000   -1.6707775e-05  -2.1179550e-05  -3.6773388e-05  -6.3718927e-07  -0.00018704869  9.0951196e-05  1.5868424e-06  3.4679304e-07  0.00021766819  2.2282932e-06  0.0000000   -1.6707775e-05  -2.1179550e-05  -3.6773388e-05  -6.3718927e-07  
2.4900590e-05  8.1357627e-05  2.0074528e-05  1.8695002e-05  -3.3623515e-07  8.1973541e-05  1.6707775e-05  0.0000000   0.00032897522  0.00010873867  -2.7428670e-05  2.4900590e-05  8.1357627e-05  2.0074528e-05  1.8695002e-05  -3.3623515e-07  8.1973541e-05  1.6707775e-05  0.0000000   0.00032897522  0.00010873867  -2.7428670e-05  
2.0990174e-06  1.4199423e-05  2.2095357e-05  1.8715126e-05  -1.2968947e-05  0.00013181676  2.1179550e-05  -0.00032897522  0.0000000   7.4693700e-07  -5.1795858e-05  2.0990174e-06  1.4199423e-05  2.2095357e-05  1.8715126e-05  -1.2968947e-05  0.00013181676  2.1179550e-05  -0.00032897522  0.0000000   7.4693700e-07  -5.1795858e-05  
8.4929632e-06  1.6945794e-06  7.7850721e-06  6.4741804e-06  3.4490475e-05  3.7819287e-05  3.6773388e-05  -0.00010873867  -7.4693700e-07  0.0000000   -1.6444629e-05  8.4929632e-06  1.6945794e-06  7.7850721e-06  6.4741804e-06  3.4490475e-05  3.7819287e-05  3.6773388e-05  -0.00010873867  -7.4693700e-07  0.0000000   -1.6444629e-05  
1.0164889e-07  4.5902931e-07  5.0450492e-05  8.8672119e-07  1.7626490e-07  4.5508378e-06  6.3718927e-07  2.7428670e-05  5.1795858e-05  1.6444629e-05  0.0000000   1.0164889e-07  4.5902931e-07  5.0450492e-05  8.8672119e-07  1.7626490e-07  4.5508378e-06  6.3718927e-07  2.7428670e-05  5.1795858e-05  1.6444629e-05  0.0000000   
0.0000000   2.3666938e-06  -1.2303536e-05  -3.5076413e-06  1.7817163e-05  -8.3594006e-05  0.00018704869  -2.4900590e-05  -2.0990174e-06  -8.4929632e-06  -1.0164889e-07  0.0000000   2.3666938e-06  -1.2303536e-05  -3.5076413e-06  1.7817163e-05  -8.3594006e-05  0.00018704869  -2.4900590e-05  -2.0990174e-06  -8.4929632e-06  -1.0164889e-07  
-2.3666938e-06  0.0000000   -3.9179812e-05  -1.4500769e-05  -4.1325036e-06  -0.00011655178  -9.0951196e-05  -8.1357627e-05  -1.4199423e-05  -1.6945794e-06  -4.5902931e-07  -2.3666938e-06  0.0000000   -3.9179812e-05  -1.4500769e-05  -4.1325036e-06  -0.00011655178  -9.0951196e-05  -8.1357627e-05  -1.4199423e-05  -1.6945794e-06  -4.5902931e-07  
1.2303536e-05  3.9179812e-05  0.0000000   -0.00010029871  7.7603346e-07  -1.0006082e-05  -1.5868424e-06  -2.0074528e-05  -2.2095357e-05  -7.7850721e-06  -5.0450492e-05  1.2303536e-05  3.9179812e-05  0.0000000   -0.00010029871  7.7603346e-07  -1.0006082e-05  -1.5868424e-06  -2.0074528e-05  -2.2095357e-05  -7.7850721e-06  -5.0450492e-05  
3.5076413e-06  1.4500769e-05  0.00010029871  0.0000000   -1.8300012e-06  2.1051209e-06  -3.4679304e-07  -1.8695002e-05  -1.8715126e-05  -6.4741804e-06  -8.8672119e-07  3.5076413e-06  1.4500769e-05  0.00010029871  0.0000000   -1.8300012e-06  2.1051209e-06  -3.4679304e-07  -1.8695002e-05  -1.8715126e-05  -6.4741804e-06  -8.8672119e-07  
-1.7817163e-05  4.1325036e-06  -7.7603346e-07  1.8300012e-06  0.0000000   4.4142525e-05  -0.00021766819  3.3623515e-07  1.2968947e-05  -3.4490475e-05  -1.7626490e-07  -1.7817163e-05  4.1325036e-06  -7.7603346e-07  1.8300012e-06  0.0000000   4.4142525e-05  -0.00021766819  3.3623515e-07  1.2968947e-05  -3.4490475e-05  -1.7626490e-07  
8.3594006e-05  0.00011655178  1.0006082e-05  -2.1051209e-06  -4.4142525e-05  0.0000000   -2.2282932e-06  -8.1973541e-05  -0.00013181676  -3.7819287e-05  -4.5508378e-06  8.3594006e-05  0.00011655178  1.0006082e-05  -2.1051209e-06  -4.4142525e-05  0.0000000   -2.2282932e-06  -8.1973541e-05  -0.00013181676  -3.7819287e-05  -4.5508378e-06  
-0.00018704869  9.0951196e-05  1.5868424e-06  3.4679304e-07  0.00021766819  2.2282932e-06  0.0000000   -1.6707775e-05  -2.1179550e-05  -3.6773388e-05  -6.3718927e-07  -0.00018704869  9.0951196e-05  1.5868424e-06  3.4679304e-07  0.00021766819  2.2282932e-06  0.0000000   -1.6707775e-05  -2.1179550e-05  -3.6773388e-05  -6.3718927e-07  
2.4900590e-05  8.1357627e-05  2.0074528e-05  1.8695002e-05  -3.3623515e-07  8.1973541e-05  1.6707775e-05  0.0000000   0.00032897522  0.00010873867  -2.7428670e-05  2.4900590e-05  8.1357627e-05  2.0074528e-05  1.8695002e-05  -3.3623515e-07  8.1973541e-05  1.6707775e-05  0.0000000   0.00032897522  0.00010873867  -2.7428670e-05  
2.0990174e-06  1.4199423e-05  2.2095357e-05  1.8715126e-05  -1.2968947e-05  0.00013181676  2.1179550e-05  -0.00032897522  0.0000000   7.4693700e-07  -5.1795858e-05  2.0990174e-06  1.4199423e-05  2.2095357e-05  1.8715126e-05  -1.2968947e-05  0.00013181676  2.1179550e-05  -0.00032897522  0.0000000   7.4693700e-07  -5.1795858e-05  
8.4929632e-06  1.6945794e-06  7.7850721e-06  6.4741804e-06  3.4490475e-05  3.7819287e-05  3.6773388e-05  -0.00010873867  -7.4693700e-07  0.0000000   -1.6444629e-05  8.4929632e-06  1.6945794e-06  7.7850721e-06  6.4741804e-06  3.4490475e-05  3.7819287e-05  3.6773388e-05  -0.00010873867  -7.4693700e-07  0.0000000   -1.6444629e-05  
1.0164889e-07  4.5902931e-07  5.0450492e-05  8.8672119e-07  1.7626490e-07  4.5508378e-06  6.3718927e-07  2.7428670e-05  5.1795858e-05  1.6444629e-05  0.0000000   1.0164889e-07  4.5902931e-07  5.0450492e-05  8.8672119e-07  1.7626490e-07  4.5508378e-06  6.3718927e-07  2.7428670e-05  5.1795858e-05  1.6444629e-05  0.0000000   
