0.0000000   0.0036023862  7.5923211e-06  -1.0237161e-06  5.2971978e-05  -6.8028217e-05  -9.0651528e-05  3.1883615e-05  1.6248220e-06  1.3641835e-05  -1.4927332e-06  0.0000000   0.0036023862  7.5923211e-06  -1.0237161e-06  5.2971978e-05  -6.8028217e-05  -9.0651528e-05  3.1883615e-05  1.6248220e-06  1.3641835e-05  -1.4927332e-06  
-0.0036023862  0.0000000   7.0662050e-06  -1.3255132e-06  5.6481326e-07  0.00015211765  3.9282128e-05  2.5127940e-05  1.8596136e-05  5.6787103e-07  -2.0295922e-06  -0.0036023862  0.0000000   7.0662050e-06  -1.3255132e-06  5.6481326e-07  0.00015211765  3.9282128e-05  2.5127940e-05  1.8596136e-05  5.6787103e-07  -2.0295922e-06  
-7.5923211e-06  -7.0662050e-06  0.0000000   0.00028638367  -1.6124363e-06  -2.5424348e-07  1.3413233e-06  -3.9665676e-07  -6.1240866e-07  3.9225565e-08  2.1583253e-05  -7.5923211e-06  -7.0662050e-06  0.0000000   0.00028638367  -1.6124363e-06  -2.5424348e-07  1.3413233e-06  -3.9665676e-07  -6.1240866e-07  3.9225565e-08  2.1583253e-05  
1.0237161e-06  1.3255132e-06  -0.00028638367  0.0000000   -5.3290432e-07  6.0371420e-08  -1.5659877e-07  1.4817072e-06  1.4344124e-06  5.9558965e-07  -5.6238432e-06  1.0237161e-06  1.3255132e-06  -0.00028638367  0.0000000   -5.3290432e-07  6.0371420e-08  -1.5659877e-07  1.4817072e-06  1.4344124e-06  5.9558965e-07  -5.6238432e-06  
-5.2971978e-05  -5.6481326e-07  1.6124363e-06  5.3290432e-07  0.0000000   6.6459888e-05  -1.7910497e-05  0.00015227404  0.00011508999  0.00019169779  -3.6965700e-08  -5.2971978e-05  -5.6481326e-07  1.6124363e-06  5.3290432e-07  0.0000000   6.6459888e-05  -1.7910497e-05  0.00015227404  0.00011508999  0.00019169779  -3.6965700e-08  
6.8028217e-05  -0.00015211765  2.5424348e-07  -6.0371420e-08  -6.6459888e-05  0.0000000   -0.00013036293  -0.00033309642  0.00015182508  4.2973845e-05  4.7564936e-07  6.8028217e-05  -0.00015211765  2.5424348e-07  -6.0371420e-08  -6.6459888e-05  0.0000000   -0.00013036293  -0.00033309642  0.00015182508  4.2973845e-05  4.7564936e-07  
9.0651528e-05  -3.9282128e-05  -1.3413233e-06  1.5659877e-07  1.7910497e-05  0.00013036293  0.0000000   -0.0010568396  5.1921690e-07  2.7610685e-05  -2.0784659e-08  9.0651528e-05  -3.9282128e-05  -1.3413233e-06  1.5659877e-07  1.7910497e-05  0.00013036293  0.0000000   -0.0010568396  5.1921690e-07  2.7610685e-05  -2.0784659e-08  
-3.1883615e-05  -2.5127940e-05  3.9665676e-07  -1.4817072e-06  -0.00015227404  0.00033309642  0.0010568396  0.0000000   2.0645384e-05  -9.0816020e-05  1.9075656e-07  -3.1883615e-05  -2.5127940e-05  3.9665676e-07  -1.4817072e-06  -0.00015227404  0.00033309642  0.0010568396  0.0000000   2.0645384e-05  -9.0816020e-05  1.9075656e-07  
-1.6248220e-06  -1.8596136e-05  6.1240866e-07  -1.4344124e-06  -0.00011508999  -0.00015182508  -5.1921690e-07  -2.0645384e-05  0.0000000   0.00016182622  1.5794350e-07  -1.6248220e-06  -1.8596136e-05  6.1240866e-07  -1.4344124e-06  -0.00011508999  -0.00015182508  -5.1921690e-07  -2.0645384e-05  0.0000000   0.00016182622  1.5794350e-07  
-1.3641835e-05  -5.6787103e-07  -3.9225565e-08  -5.9558965e-07  -0.00019169779  -4.2973845e-05  -2.7610685e-05  9.0816020e-05  -0.00016182622  0.0000000   -3.2448328e-08  -1.3641835e-05  -5.6787103e-07  -3.9225565e-08  -5.9558965e-07  -0.00019169779  -4.2973845e-05  -2.7610685e-05  9.0816020e-05  -0.00016182622  0.0000000   -3.2448328e-08  
1.4927332e-06  2.0295922e-06  -2.1583253e-05  5.6238432e-06  3.6965700e-08  -4.7564936e-07  2.0784659e-08  -1.9075656e-07  -1.5794350e-07  3.2448328e-08  0.0000000   1.4927332e-06  2.0295922e-06  -2.1583253e-05  5.6238432e-06  3.6965700e-08  -4.7564936e-07  2.0784659e-08  -1.9075656e-07  -1.5794350e-07  3.2448328e-08  0.0000000   
0.0000000   0.0036023862  7.5923211e-06  -1.0237161e-06  5.2971978e-05  -6.8028217e-05  -9.0651528e-05  3.1883615e-05  1.6248220e-06  1.3641835e-05  -1.4927332e-06  0.0000000   0.0036023862  7.5923211e-06  -1.0237161e-06  5.2971978e-05  -6.8028217e-05  -9.0651528e-05  3.1883615e-05  1.6248220e-06  1.3641835e-05  -1.4927332e-06  
-0.0036023862  0.0000000   7.0662050e-06  -1.3255132e-06  5.6481326e-07  0.00015211765  3.9282128e-05  2.5127940e-05  1.8596136e-05  5.6787103e-07  -2.0295922e-06  -0.0036023862  0.0000000   7.0662050e-06  -1.3255132e-06  5.6481326e-07  0.00015211765  3.9282128e-05  2.5127940e-05  1.8596136e-05  5.6787103e-07  -2.0295922e-06  
-7.5923211e-06  -7.0662050e-06  0.0000000   0.00028638367  -1.6124363e-06  -2.5424348e-07  1.3413233e-06  -3.9665676e-07  -6.1240866e-07  3.9225565e-08  2.1583253e-05  -7.5923211e-06  -7.0662050e-06  0.0000000   0.00028638367  -1.6124363e-06  -2.5424348e-07  1.3413233e-06  -3.9665676e-07  -6.1240866e-07  3.9225565e-08  2.1583253e-05  
1.0237161e-06  1.3255132e-06  -0.00028638367  0.0000000   -5.3290432e-07  6.0371420e-08  -1.5659877e-07  1.4817072e-06  1.4344124e-06  5.9558965e-07  -5.6238432e-06  1.0237161e-06  1.3255132e-06  -0.00028638367  0.0000000   -5.3290432e-07  6.0371420e-08  -1.5659877e-07  1.4817072e-06  1.4344124e-06  5.9558965e-07  -5.6238432e-06  
-5.2971978e-05  -5.6481326e-07  1.6124363e-06  5.3290432e-07  0.0000000   6.6459888e-05  -1.7910497e-05  0.00015227404  0.00011508999  0.00019169779  -3.6965700e-08  -5.2971978e-05  -5.6481326e-07  1.6124363e-06  5.3290432e-07  0.0000000   6.6459888e-05  -1.7910497e-05  0.00015227404  0.00011508999  0.00019169779  -3.6965700e-08  
6.8028217e-05  -0.00015211765  2.5424348e-07  -6.0371420e-08  -6.6459888e-05  0.0000000   -0.00013036293  -0.00033309642  0.00015182508  4.2973845e-05  4.7564936e-07  6.8028217e-05  -0.00015211765  2.5424348e-07  -6.0371420e-08  -6.6459888e-05  0.0000000   -0.00013036293  -0.00033309642  0.00015182508  4.2973845e-05  4.7564936e-07  
9.0651528e-05  -3.9282128e-05  -1.3413233e-06  1.5659877e-07  1.7910497e-05  0.00013036293  0.0000000   -0.0010568396  5.1921690e-07  2.7610685e-05  -2.0784659e-08  9.0651528e-05  -3.9282128e-05  -1.3413233e-06  1.5659877e-07  1.7910497e-05  0.00013036293  0.0000000   -0.0010568396  5.1921690e-07  2.7610685e-05  -2.0784659e-08  
-3.1883615e-05  -2.5127940e-05  3.9665676e-07  -1.4817072e-06  -0.00015227404  0.00033309642  0.0010568396  0.0000000   2.0645384e-05  -9.0816020e-05  1.9075656e-07  -3.1883615e-05  -2.5127940e-05  3.9665676e-07  -1.4817072e-06  -0.00015227404  0.00033309642  0.0010568396  0.0000000   2.0645384e-05  -9.0816020e-05  1.9075656e-07  
-1.6248220e-06  -1.8596136e-05  6.1240866e-07  -1.4344124e-06  -0.00011508999  -0.00015182508  -5.1921690e-07  -2.0645384e-05  0.0000000   0.00016182622  1.5794350e-07  -1.6248220e-06  -1.8596136e-05  6.1240866e-07  -1.4344124e-06  -0.00011508999  -0.00015182508  -5.1921690e-07  -2.0645384e-05  0.0000000   0.00016182622  1.5794350e-07  
-1.3641835e-05  -5.6787103e-07  -3.9225565e-08  -5.9558965e-07  -0.00019169779  -4.2973845e-05  -2.7610685e-05  9.0816020e-05  -0.00016182622  0.0000000   -3.2448328e-08  -1.3641835e-05  -5.6787103e-07  -3.9225565e-08  -5.9558965e-07  -0.00019169779  -4.2973845e-05  -2.7610685e-05  9.0816020e-05  -0.00016182622  0.0000000   -3.2448328e-08  
1.4927332e-06  2.0295922e-06  -2.1583253e-05  5.6238432e-06  3.6965700e-08  -4.7564936e-07  2.0784659e-08  -1.9075656e-07  -1.5794350e-07  3.2448328e-08  0.0000000   1.4927332e-06  2.0295922e-06  -2.1583253e-05  5.6238432e-06  3.6965700e-08  -4.7564936e-07  2.0784659e-08  -1.9075656e-07  -1.5794350e-07  3.2448328e-08  0.0000000   
