0.0000000   -8.5370456e-05  -8.5715210e-08  -4.3205310e-05  7.8861494e-08  2.5440922e-08  -1.5074341e-05  -1.6920663e-05  1.0304192e-05  1.0710246e-06  3.7994035e-05  0.0000000   -8.5370456e-05  -8.5715210e-08  -4.3205310e-05  7.8861494e-08  2.5440922e-08  -1.5074341e-05  -1.6920663e-05  1.0304192e-05  1.0710246e-06  3.7994035e-05  
8.5370456e-05  0.0000000   8.0855591e-09  -5.9983742e-05  -2.1694235e-07  -1.0737166e-06  1.4682792e-05  4.9967418e-05  -1.0313423e-05  -7.0461642e-07  1.0095611e-05  8.5370456e-05  0.0000000   8.0855591e-09  -5.9983742e-05  -2.1694235e-07  -1.0737166e-06  1.4682792e-05  4.9967418e-05  -1.0313423e-05  -7.0461642e-07  1.0095611e-05  
8.5715210e-08  -8.0855591e-09  0.0000000   8.3135781e-09  0.00010688723  6.0038964e-06  3.5569145e-07  2.3065861e-07  -1.8282732e-06  1.9412299e-05  6.0894139e-07  8.5715210e-08  -8.0855591e-09  0.0000000   8.3135781e-09  0.00010688723  6.0038964e-06  3.5569145e-07  2.3065861e-07  -1.8282732e-06  1.9412299e-05  6.0894139e-07  
4.3205310e-05  5.9983742e-05  -8.3135781e-09  0.0000000   1.2071145e-07  -4.8141524e-07  4.4276071e-05  1.5179857e-05  9.8665679e-06  1.2076090e-06  3.0383464e-06  4.3205310e-05  5.9983742e-05  -8.3135781e-09  0.0000000   1.2071145e-07  -4.8141524e-07  4.4276071e-05  1.5179857e-05  9.8665679e-06  1.2076090e-06  3.0383464e-06  
-7.8861494e-08  2.1694235e-07  -0.00010688723  -1.2071145e-07  0.0000000   -2.9144135e-05  -7.1577247e-07  -8.0838771e-07  -6.1224550e-06  6.0450376e-05  -1.2729528e-07  -7.8861494e-08  2.1694235e-07  -0.00010688723  -1.2071145e-07  0.0000000   -2.9144135e-05  -7.1577247e-07  -8.0838771e-07  -6.1224550e-06  6.0450376e-05  -1.2729528e-07  
-2.5440922e-08  1.0737166e-06  -6.0038964e-06  4.8141524e-07  2.9144135e-05  0.0000000   -1.0893258e-05  5.2033895e-06  7.5070132e-07  -1.9644117e-05  -1.1570647e-07  -2.5440922e-08  1.0737166e-06  -6.0038964e-06  4.8141524e-07  2.9144135e-05  0.0000000   -1.0893258e-05  5.2033895e-06  7.5070132e-07  -1.9644117e-05  -1.1570647e-07  
1.5074341e-05  -1.4682792e-05  -3.5569145e-07  -4.4276071e-05  7.1577247e-07  1.0893258e-05  0.0000000   -0.00082315975  5.4652193e-05  4.1855926e-06  -6.7868635e-07  1.5074341e-05  -1.4682792e-05  -3.5569145e-07  -4.4276071e-05  7.1577247e-07  1.0893258e-05  0.0000000   -0.00082315975  5.4652193e-05  4.1855926e-06  -6.7868635e-07  
1.6920663e-05  -4.9967418e-05  -2.3065861e-07  -1.5179857e-05  8.0838771e-07  -5.2033895e-06  0.00082315975  0.0000000   5.1101014e-05  9.3061135e-06  -9.9602154e-06  1.6920663e-05  -4.9967418e-05  -2.3065861e-07  -1.5179857e-05  8.0838771e-07  -5.2033895e-06  0.00082315975  0.0000000   5.1101014e-05  9.3061135e-06  -9.9602154e-06  
-1.0304192e-05  1.0313423e-05  1.8282732e-06  -9.8665679e-06  6.1224550e-06  -7.5070132e-07  -5.4652193e-05  -5.1101014e-05  0.0000000   -2.4469956e-07  7.7457337e-05  -1.0304192e-05  1.0313423e-05  1.8282732e-06  -9.8665679e-06  6.1224550e-06  -7.5070132e-07  -5.4652193e-05  -5.1101014e-05  0.0000000   -2.4469956e-07  7.7457337e-05  
-1.0710246e-06  7.0461642e-07  -1.9412299e-05  -1.2076090e-06  -6.0450376e-05  1.9644117e-05  -4.1855926e-06  -9.3061135e-06  2.4469956e-07  0.0000000   7.2908152e-06  -1.0710246e-06  7.0461642e-07  -1.9412299e-05  -1.2076090e-06  -6.0450376e-05  1.9644117e-05  -4.1855926e-06  -9.3061135e-06  2.4469956e-07  0.0000000   7.2908152e-06  
-3.7994035e-05  -1.0095611e-05  -6.0894139e-07  -3.0383464e-06  1.2729528e-07  1.1570647e-07  6.7868635e-07  9.9602154e-06  -7.7457337e-05  -7.2908152e-06  0.0000000   -3.7994035e-05  -1.0095611e-05  -6.0894139e-07  -3.0383464e-06  1.2729528e-07  1.1570647e-07  6.7868635e-07  9.9602154e-06  -7.7457337e-05  -7.2908152e-06  0.0000000   
0.0000000   -8.5370456e-05  -8.5715210e-08  -4.3205310e-05  7.8861494e-08  2.5440922e-08  -1.5074341e-05  -1.6920663e-05  1.0304192e-05  1.0710246e-06  3.7994035e-05  0.0000000   -8.5370456e-05  -8.5715210e-08  -4.3205310e-05  7.8861494e-08  2.5440922e-08  -1.5074341e-05  -1.6920663e-05  1.0304192e-05  1.0710246e-06  3.7994035e-05  
8.5370456e-05  0.0000000   8.0855591e-09  -5.9983742e-05  -2.1694235e-07  -1.0737166e-06  1.4682792e-05  4.9967418e-05  -1.0313423e-05  -7.0461642e-07  1.0095611e-05  8.5370456e-05  0.0000000   8.0855591e-09  -5.9983742e-05  -2.1694235e-07  -1.0737166e-06  1.4682792e-05  4.9967418e-05  -1.0313423e-05  -7.0461642e-07  1.0095611e-05  
8.5715210e-08  -8.0855591e-09  0.0000000   8.3135781e-09  0.00010688723  6.0038964e-06  3.5569145e-07  2.3065861e-07  -1.8282732e-06  1.9412299e-05  6.0894139e-07  8.5715210e-08  -8.0855591e-09  0.0000000   8.3135781e-09  0.00010688723  6.0038964e-06  3.5569145e-07  2.3065861e-07  -1.8282732e-06  1.9412299e-05  6.0894139e-07  
4.3205310e-05  5.9983742e-05  -8.3135781e-09  0.0000000   1.2071145e-07  -4.8141524e-07  4.4276071e-05  1.5179857e-05  9.8665679e-06  1.2076090e-06  3.0383464e-06  4.3205310e-05  5.9983742e-05  -8.3135781e-09  0.0000000   1.2071145e-07  -4.8141524e-07  4.4276071e-05  1.5179857e-05  9.8665679e-06  1.2076090e-06  3.0383464e-06  
-7.8861494e-08  2.1694235e-07  -0.00010688723  -1.2071145e-07  0.0000000   -2.9144135e-05  -7.1577247e-07  -8.0838771e-07  -6.1224550e-06  6.0450376e-05  -1.2729528e-07  -7.8861494e-08  2.1694235e-07  -0.00010688723  -1.2071145e-07  0.0000000   -2.9144135e-05  -7.1577247e-07  -8.0838771e-07  -6.1224550e-06  6.0450376e-05  -1.2729528e-07  
-2.5440922e-08  1.0737166e-06  -6.0038964e-06  4.8141524e-07  2.9144135e-05  0.0000000   -1.0893258e-05  5.2033895e-06  7.5070132e-07  -1.9644117e-05  -1.1570647e-07  -2.5440922e-08  1.0737166e-06  -6.0038964e-06  4.8141524e-07  2.9144135e-05  0.0000000   -1.0893258e-05  5.2033895e-06  7.5070132e-07  -1.9644117e-05  -1.1570647e-07  
1.5074341e-05  -1.4682792e-05  -3.5569145e-07  -4.4276071e-05  7.1577247e-07  1.0893258e-05  0.0000000   -0.00082315975  5.4652193e-05  4.1855926e-06  -6.7868635e-07  1.5074341e-05  -1.4682792e-05  -3.5569145e-07  -4.4276071e-05  7.1577247e-07  1.0893258e-05  0.0000000   -0.00082315975  5.4652193e-05  4.1855926e-06  -6.7868635e-07  
1.6920663e-05  -4.9967418e-05  -2.3065861e-07  -1.5179857e-05  8.0838771e-07  -5.2033895e-06  0.00082315975  0.0000000   5.1101014e-05  9.3061135e-06  -9.9602154e-06  1.6920663e-05  -4.9967418e-05  -2.3065861e-07  -1.5179857e-05  8.0838771e-07  -5.2033895e-06  0.00082315975  0.0000000   5.1101014e-05  9.3061135e-06  -9.9602154e-06  
-1.0304192e-05  1.0313423e-05  1.8282732e-06  -9.8665679e-06  6.1224550e-06  -7.5070132e-07  -5.4652193e-05  -5.1101014e-05  0.0000000   -2.4469956e-07  7.7457337e-05  -1.0304192e-05  1.0313423e-05  1.8282732e-06  -9.8665679e-06  6.1224550e-06  -7.5070132e-07  -5.4652193e-05  -5.1101014e-05  0.0000000   -2.4469956e-07  7.7457337e-05  
-1.0710246e-06  7.0461642e-07  -1.9412299e-05  -1.2076090e-06  -6.0450376e-05  1.9644117e-05  -4.1855926e-06  -9.3061135e-06  2.4469956e-07  0.0000000   7.2908152e-06  -1.0710246e-06  7.0461642e-07  -1.9412299e-05  -1.2076090e-06  -6.0450376e-05  1.9644117e-05  -4.1855926e-06  -9.3061135e-06  2.4469956e-07  0.0000000   7.2908152e-06  
-3.7994035e-05  -1.0095611e-05  -6.0894139e-07  -3.0383464e-06  1.2729528e-07  1.1570647e-07  6.7868635e-07  9.9602154e-06  -7.7457337e-05  -7.2908152e-06  0.0000000   -3.7994035e-05  -1.0095611e-05  -6.0894139e-07  -3.0383464e-06  1.2729528e-07  1.1570647e-07  6.7868635e-07  9.9602154e-06  -7.7457337e-05  -7.2908152e-06  0.0000000   
