0.0000000   8.3179209e-07  -2.0773053e-07  3.9228274e-07  6.5912215e-05  -1.6505537e-06  -7.3323000e-05  -6.0567416e-05  2.3883655e-05  -2.5884777e-06  -3.6827107e-05  0.0000000   8.3179209e-07  -2.0773053e-07  3.9228274e-07  6.5912215e-05  -1.6505537e-06  -7.3323000e-05  -6.0567416e-05  2.3883655e-05  -2.5884777e-06  -3.6827107e-05  
-8.3179209e-07  0.0000000   -1.3042311e-05  2.7429130e-05  5.9253913e-08  0.00011695202  -9.9652590e-08  3.5751216e-07  1.0066703e-06  9.7781113e-05  -3.9350470e-07  -8.3179209e-07  0.0000000   -1.3042311e-05  2.7429130e-05  5.9253913e-08  0.00011695202  -9.9652590e-08  3.5751216e-07  1.0066703e-06  9.7781113e-05  -3.9350470e-07  
2.0773053e-07  1.3042311e-05  0.0000000   0.0010237986  1.1307197e-06  -4.1097773e-05  -4.6321047e-07  -7.3978758e-07  -8.7657441e-08  -1.1299794e-05  8.2958840e-08  2.0773053e-07  1.3042311e-05  0.0000000   0.0010237986  1.1307197e-06  -4.1097773e-05  -4.6321047e-07  -7.3978758e-07  -8.7657441e-08  -1.1299794e-05  8.2958840e-08  
-3.9228274e-07  -2.7429130e-05  -0.0010237986  0.0000000   -5.3130901e-06  -0.00011262394  1.9467081e-06  -1.3249101e-06  5.3491648e-07  1.1069313e-06  6.9118706e-07  -3.9228274e-07  -2.7429130e-05  -0.0010237986  0.0000000   -5.3130901e-06  -0.00011262394  1.9467081e-06  -1.3249101e-06  5.3491648e-07  1.1069313e-06  6.9118706e-07  
-6.5912215e-05  -5.9253913e-08  -1.1307197e-06  5.3130901e-06  0.0000000   1.5894149e-07  -3.4705428e-05  -5.2897258e-05  -8.1588357e-05  6.9393875e-07  -8.4587164e-05  -6.5912215e-05  -5.9253913e-08  -1.1307197e-06  5.3130901e-06  0.0000000   1.5894149e-07  -3.4705428e-05  -5.2897258e-05  -8.1588357e-05  6.9393875e-07  -8.4587164e-05  
1.6505537e-06  -0.00011695202  4.1097773e-05  0.00011262394  -1.5894149e-07  0.0000000   4.0217386e-06  -1.8115368e-06  -3.7747274e-06  9.8771624e-06  -1.9230992e-07  1.6505537e-06  -0.00011695202  4.1097773e-05  0.00011262394  -1.5894149e-07  0.0000000   4.0217386e-06  -1.8115368e-06  -3.7747274e-06  9.8771624e-06  -1.9230992e-07  
7.3323000e-05  9.9652590e-08  4.6321047e-07  -1.9467081e-06  3.4705428e-05  -4.0217386e-06  0.0000000   0.00034630719  1.1108308e-05  1.0091202e-07  -2.4624154e-05  7.3323000e-05  9.9652590e-08  4.6321047e-07  -1.9467081e-06  3.4705428e-05  -4.0217386e-06  0.0000000   0.00034630719  1.1108308e-05  1.0091202e-07  -2.4624154e-05  
6.0567416e-05  -3.5751216e-07  7.3978758e-07  1.3249101e-06  5.2897258e-05  1.8115368e-06  -0.00034630719  0.0000000   0.00023564821  -3.1230283e-06  5.8425593e-06  6.0567416e-05  -3.5751216e-07  7.3978758e-07  1.3249101e-06  5.2897258e-05  1.8115368e-06  -0.00034630719  0.0000000   0.00023564821  -3.1230283e-06  5.8425593e-06  
-2.3883655e-05  -1.0066703e-06  8.7657441e-08  -5.3491648e-07  8.1588357e-05  3.7747274e-06  -1.1108308e-05  -0.00023564821  0.0000000   2.0824036e-07  -2.6801965e-05  -2.3883655e-05  -1.0066703e-06  8.7657441e-08  -5.3491648e-07  8.1588357e-05  3.7747274e-06  -1.1108308e-05  -0.00023564821  0.0000000   2.0824036e-07  -2.6801965e-05  
2.5884777e-06  -9.7781113e-05  1.1299794e-05  -1.1069313e-06  -6.9393875e-07  -9.8771624e-06  -1.0091202e-07  3.1230283e-06  -2.0824036e-07  0.0000000   3.6626290e-07  2.5884777e-06  -9.7781113e-05  1.1299794e-05  -1.1069313e-06  -6.9393875e-07  -9.8771624e-06  -1.0091202e-07  3.1230283e-06  -2.0824036e-07  0.0000000   3.6626290e-07  
3.6827107e-05  3.9350470e-07  -8.2958840e-08  -6.9118706e-07  8.4587164e-05  1.9230992e-07  2.4624154e-05  -5.8425593e-06  2.6801965e-05  -3.6626290e-07  0.0000000   3.6827107e-05  3.9350470e-07  -8.2958840e-08  -6.9118706e-07  8.4587164e-05  1.9230992e-07  2.4624154e-05  -5.8425593e-06  2.6801965e-05  -3.6626290e-07  0.0000000   
0.0000000   8.3179209e-07  -2.0773053e-07  3.9228274e-07  6.5912215e-05  -1.6505537e-06  -7.3323000e-05  -6.0567416e-05  2.3883655e-05  -2.5884777e-06  -3.6827107e-05  0.0000000   8.3179209e-07  -2.0773053e-07  3.9228274e-07  6.5912215e-05  -1.6505537e-06  -7.3323000e-05  -6.0567416e-05  2.3883655e-05  -2.5884777e-06  -3.6827107e-05  
-8.3179209e-07  0.0000000   -1.3042311e-05  2.7429130e-05  5.9253913e-08  0.00011695202  -9.9652590e-08  3.5751216e-07  1.0066703e-06  9.7781113e-05  -3.9350470e-07  -8.3179209e-07  0.0000000   -1.3042311e-05  2.7429130e-05  5.9253913e-08  0.00011695202  -9.9652590e-08  3.5751216e-07  1.0066703e-06  9.7781113e-05  -3.9350470e-07  
2.0773053e-07  1.3042311e-05  0.0000000   0.0010237986  1.1307197e-06  -4.1097773e-05  -4.6321047e-07  -7.3978758e-07  -8.7657441e-08  -1.1299794e-05  8.2958840e-08  2.0773053e-07  1.3042311e-05  0.0000000   0.0010237986  1.1307197e-06  -4.1097773e-05  -4.6321047e-07  -7.3978758e-07  -8.7657441e-08  -1.1299794e-05  8.2958840e-08  
-3.9228274e-07  -2.7429130e-05  -0.0010237986  0.0000000   -5.3130901e-06  -0.00011262394  1.9467081e-06  -1.3249101e-06  5.3491648e-07  1.1069313e-06  6.9118706e-07  -3.9228274e-07  -2.7429130e-05  -0.0010237986  0.0000000   -5.3130901e-06  -0.00011262394  1.9467081e-06  -1.3249101e-06  5.3491648e-07  1.1069313e-06  6.9118706e-07  
-6.5912215e-05  -5.9253913e-08  -1.1307197e-06  5.3130901e-06  0.0000000   1.5894149e-07  -3.4705428e-05  -5.2897258e-05  -8.1588357e-05  6.9393875e-07  -8.4587164e-05  -6.5912215e-05  -5.9253913e-08  -1.1307197e-06  5.3130901e-06  0.0000000   1.5894149e-07  -3.4705428e-05  -5.2897258e-05  -8.1588357e-05  6.9393875e-07  -8.4587164e-05  
1.6505537e-06  -0.00011695202  4.1097773e-05  0.00011262394  -1.5894149e-07  0.0000000   4.0217386e-06  -1.8115368e-06  -3.7747274e-06  9.8771624e-06  -1.9230992e-07  1.6505537e-06  -0.00011695202  4.1097773e-05  0.00011262394  -1.5894149e-07  0.0000000   4.0217386e-06  -1.8115368e-06  -3.7747274e-06  9.8771624e-06  -1.9230992e-07  
7.3323000e-05  9.9652590e-08  4.6321047e-07  -1.9467081e-06  3.4705428e-05  -4.0217386e-06  0.0000000   0.00034630719  1.1108308e-05  1.0091202e-07  -2.4624154e-05  7.3323000e-05  9.9652590e-08  4.6321047e-07  -1.9467081e-06  3.4705428e-05  -4.0217386e-06  0.0000000   0.00034630719  1.1108308e-05  1.0091202e-07  -2.4624154e-05  
6.0567416e-05  -3.5751216e-07  7.3978758e-07  1.3249101e-06  5.2897258e-05  1.8115368e-06  -0.00034630719  0.0000000   0.00023564821  -3.1230283e-06  5.8425593e-06  6.0567416e-05  -3.5751216e-07  7.3978758e-07  1.3249101e-06  5.2897258e-05  1.8115368e-06  -0.00034630719  0.0000000   0.00023564821  -3.1230283e-06  5.8425593e-06  
-2.3883655e-05  -1.0066703e-06  8.7657441e-08  -5.3491648e-07  8.1588357e-05  3.7747274e-06  -1.1108308e-05  -0.00023564821  0.0000000   2.0824036e-07  -2.6801965e-05  -2.3883655e-05  -1.0066703e-06  8.7657441e-08  -5.3491648e-07  8.1588357e-05  3.7747274e-06  -1.1108308e-05  -0.00023564821  0.0000000   2.0824036e-07  -2.6801965e-05  
2.5884777e-06  -9.7781113e-05  1.1299794e-05  -1.1069313e-06  -6.9393875e-07  -9.8771624e-06  -1.0091202e-07  3.1230283e-06  -2.0824036e-07  0.0000000   3.6626290e-07  2.5884777e-06  -9.7781113e-05  1.1299794e-05  -1.1069313e-06  -6.9393875e-07  -9.8771624e-06  -1.0091202e-07  3.1230283e-06  -2.0824036e-07  0.0000000   3.6626290e-07  
3.6827107e-05  3.9350470e-07  -8.2958840e-08  -6.9118706e-07  8.4587164e-05  1.9230992e-07  2.4624154e-05  -5.8425593e-06  2.6801965e-05  -3.6626290e-07  0.0000000   3.6827107e-05  3.9350470e-07  -8.2958840e-08  -6.9118706e-07  8.4587164e-05  1.9230992e-07  2.4624154e-05  -5.8425593e-06  2.6801965e-05  -3.6626290e-07  0.0000000   
