0.0000000   0.0022311377  -5.9408731e-06  -3.2681165e-06  3.1586622e-06  -2.0809921e-06  -1.9344848e-05  -2.3069892e-06  3.8994157e-05  -2.8618587e-07  9.2381688e-07  0.0000000   0.0022311377  -5.9408731e-06  -3.2681165e-06  3.1586622e-06  -2.0809921e-06  -1.9344848e-05  -2.3069892e-06  3.8994157e-05  -2.8618587e-07  9.2381688e-07  
-0.0022311377  0.0000000   -6.4087774e-06  2.1724472e-06  1.1996665e-08  -1.1943785e-06  0.00011954025  3.7130360e-06  -1.9581841e-05  7.3577216e-07  6.3415418e-07  -0.0022311377  0.0000000   -6.4087774e-06  2.1724472e-06  1.1996665e-08  -1.1943785e-06  0.00011954025  3.7130360e-06  -1.9581841e-05  7.3577216e-07  6.3415418e-07  
5.9408731e-06  6.4087774e-06  0.0000000   0.00057664784  0.00012564223  -1.8913110e-05  -2.3000142e-06  4.1736967e-05  -3.8781104e-07  2.9075642e-05  -1.3020617e-05  5.9408731e-06  6.4087774e-06  0.0000000   0.00057664784  0.00012564223  -1.8913110e-05  -2.3000142e-06  4.1736967e-05  -3.8781104e-07  2.9075642e-05  -1.3020617e-05  
3.2681165e-06  -2.1724472e-06  -0.00057664784  0.0000000   8.3424801e-05  2.6535130e-05  -5.1775335e-07  4.3208584e-05  -1.7020771e-06  6.8048748e-05  -6.6182869e-06  3.2681165e-06  -2.1724472e-06  -0.00057664784  0.0000000   8.3424801e-05  2.6535130e-05  -5.1775335e-07  4.3208584e-05  -1.7020771e-06  6.8048748e-05  -6.6182869e-06  
-3.1586622e-06  -1.1996665e-08  -0.00012564223  -8.3424801e-05  0.0000000   3.3777765e-05  3.4516850e-06  -0.00014914451  -1.0534012e-06  -0.00021724848  -4.1296516e-05  -3.1586622e-06  -1.1996665e-08  -0.00012564223  -8.3424801e-05  0.0000000   3.3777765e-05  3.4516850e-06  -0.00014914451  -1.0534012e-06  -0.00021724848  -4.1296516e-05  
2.0809921e-06  1.1943785e-06  1.8913110e-05  -2.6535130e-05  -3.3777765e-05  0.0000000   -3.2451721e-06  0.00015298885  9.9199904e-08  9.8447343e-06  -1.0906858e-06  2.0809921e-06  1.1943785e-06  1.8913110e-05  -2.6535130e-05  -3.3777765e-05  0.0000000   -3.2451721e-06  0.00015298885  9.9199904e-08  9.8447343e-06  -1.0906858e-06  
1.9344848e-05  -0.00011954025  2.3000142e-06  5.1775335e-07  -3.4516850e-06  3.2451721e-06  0.0000000   6.4737463e-07  1.7182659e-05  1.3799082e-06  3.3987417e-07  1.9344848e-05  -0.00011954025  2.3000142e-06  5.1775335e-07  -3.4516850e-06  3.2451721e-06  0.0000000   6.4737463e-07  1.7182659e-05  1.3799082e-06  3.3987417e-07  
2.3069892e-06  -3.7130360e-06  -4.1736967e-05  -4.3208584e-05  0.00014914451  -0.00015298885  -6.4737463e-07  0.0000000   -7.6200402e-07  -6.3736425e-05  -2.3988008e-05  2.3069892e-06  -3.7130360e-06  -4.1736967e-05  -4.3208584e-05  0.00014914451  -0.00015298885  -6.4737463e-07  0.0000000   -7.6200402e-07  -6.3736425e-05  -2.3988008e-05  
-3.8994157e-05  1.9581841e-05  3.8781104e-07  1.7020771e-06  1.0534012e-06  -9.9199904e-08  -1.7182659e-05  7.6200402e-07  0.0000000   3.7010593e-07  8.9815885e-08  -3.8994157e-05  1.9581841e-05  3.8781104e-07  1.7020771e-06  1.0534012e-06  -9.9199904e-08  -1.7182659e-05  7.6200402e-07  0.0000000   3.7010593e-07  8.9815885e-08  
2.8618587e-07  -7.3577216e-07  -2.9075642e-05  -6.8048748e-05  0.00021724848  -9.8447343e-06  -1.3799082e-06  6.3736425e-05  -3.7010593e-07  0.0000000   -1.9016611e-05  2.8618587e-07  -7.3577216e-07  -2.9075642e-05  -6.8048748e-05  0.00021724848  -9.8447343e-06  -1.3799082e-06  6.3736425e-05  -3.7010593e-07  0.0000000   -1.9016611e-05  
-9.2381688e-07  -6.3415418e-07  1.3020617e-05  6.6182869e-06  4.1296516e-05  1.0906858e-06  -3.3987417e-07  2.3988008e-05  -8.9815885e-08  1.9016611e-05  0.0000000   -9.2381688e-07  -6.3415418e-07  1.3020617e-05  6.6182869e-06  4.1296516e-05  1.0906858e-06  -3.3987417e-07  2.3988008e-05  -8.9815885e-08  1.9016611e-05  0.0000000   
0.0000000   0.0022311377  -5.9408731e-06  -3.2681165e-06  3.1586622e-06  -2.0809921e-06  -1.9344848e-05  -2.3069892e-06  3.8994157e-05  -2.8618587e-07  9.2381688e-07  0.0000000   0.0022311377  -5.9408731e-06  -3.2681165e-06  3.1586622e-06  -2.0809921e-06  -1.9344848e-05  -2.3069892e-06  3.8994157e-05  -2.8618587e-07  9.2381688e-07  
-0.0022311377  0.0000000   -6.4087774e-06  2.1724472e-06  1.1996665e-08  -1.1943785e-06  0.00011954025  3.7130360e-06  -1.9581841e-05  7.3577216e-07  6.3415418e-07  -0.0022311377  0.0000000   -6.4087774e-06  2.1724472e-06  1.1996665e-08  -1.1943785e-06  0.00011954025  3.7130360e-06  -1.9581841e-05  7.3577216e-07  6.3415418e-07  
5.9408731e-06  6.4087774e-06  0.0000000   0.00057664784  0.00012564223  -1.8913110e-05  -2.3000142e-06  4.1736967e-05  -3.8781104e-07  2.9075642e-05  -1.3020617e-05  5.9408731e-06  6.4087774e-06  0.0000000   0.00057664784  0.00012564223  -1.8913110e-05  -2.3000142e-06  4.1736967e-05  -3.8781104e-07  2.9075642e-05  -1.3020617e-05  
3.2681165e-06  -2.1724472e-06  -0.00057664784  0.0000000   8.3424801e-05  2.6535130e-05  -5.1775335e-07  4.3208584e-05  -1.7020771e-06  6.8048748e-05  -6.6182869e-06  3.2681165e-06  -2.1724472e-06  -0.00057664784  0.0000000   8.3424801e-05  2.6535130e-05  -5.1775335e-07  4.3208584e-05  -1.7020771e-06  6.8048748e-05  -6.6182869e-06  
-3.1586622e-06  -1.1996665e-08  -0.00012564223  -8.3424801e-05  0.0000000   3.3777765e-05  3.4516850e-06  -0.00014914451  -1.0534012e-06  -0.00021724848  -4.1296516e-05  -3.1586622e-06  -1.1996665e-08  -0.00012564223  -8.3424801e-05  0.0000000   3.3777765e-05  3.4516850e-06  -0.00014914451  -1.0534012e-06  -0.00021724848  -4.1296516e-05  
2.0809921e-06  1.1943785e-06  1.8913110e-05  -2.6535130e-05  -3.3777765e-05  0.0000000   -3.2451721e-06  0.00015298885  9.9199904e-08  9.8447343e-06  -1.0906858e-06  2.0809921e-06  1.1943785e-06  1.8913110e-05  -2.6535130e-05  -3.3777765e-05  0.0000000   -3.2451721e-06  0.00015298885  9.9199904e-08  9.8447343e-06  -1.0906858e-06  
1.9344848e-05  -0.00011954025  2.3000142e-06  5.1775335e-07  -3.4516850e-06  3.2451721e-06  0.0000000   6.4737463e-07  1.7182659e-05  1.3799082e-06  3.3987417e-07  1.9344848e-05  -0.00011954025  2.3000142e-06  5.1775335e-07  -3.4516850e-06  3.2451721e-06  0.0000000   6.4737463e-07  1.7182659e-05  1.3799082e-06  3.3987417e-07  
2.3069892e-06  -3.7130360e-06  -4.1736967e-05  -4.3208584e-05  0.00014914451  -0.00015298885  -6.4737463e-07  0.0000000   -7.6200402e-07  -6.3736425e-05  -2.3988008e-05  2.3069892e-06  -3.7130360e-06  -4.1736967e-05  -4.3208584e-05  0.00014914451  -0.00015298885  -6.4737463e-07  0.0000000   -7.6200402e-07  -6.3736425e-05  -2.3988008e-05  
-3.8994157e-05  1.9581841e-05  3.8781104e-07  1.7020771e-06  1.0534012e-06  -9.9199904e-08  -1.7182659e-05  7.6200402e-07  0.0000000   3.7010593e-07  8.9815885e-08  -3.8994157e-05  1.9581841e-05  3.8781104e-07  1.7020771e-06  1.0534012e-06  -9.9199904e-08  -1.7182659e-05  7.6200402e-07  0.0000000   3.7010593e-07  8.9815885e-08  
2.8618587e-07  -7.3577216e-07  -2.9075642e-05  -6.8048748e-05  0.00021724848  -9.8447343e-06  -1.3799082e-06  6.3736425e-05  -3.7010593e-07  0.0000000   -1.9016611e-05  2.8618587e-07  -7.3577216e-07  -2.9075642e-05  -6.8048748e-05  0.00021724848  -9.8447343e-06  -1.3799082e-06  6.3736425e-05  -3.7010593e-07  0.0000000   -1.9016611e-05  
-9.2381688e-07  -6.3415418e-07  1.3020617e-05  6.6182869e-06  4.1296516e-05  1.0906858e-06  -3.3987417e-07  2.3988008e-05  -8.9815885e-08  1.9016611e-05  0.0000000   -9.2381688e-07  -6.3415418e-07  1.3020617e-05  6.6182869e-06  4.1296516e-05  1.0906858e-06  -3.3987417e-07  2.3988008e-05  -8.9815885e-08  1.9016611e-05  0.0000000   
