0.0000000   -0.0012453230  7.8073946e-08  -9.1269139e-07  -2.7655788e-05  -4.0056740e-05  -0.00023850078  4.7950388e-05  -1.0235416e-06  1.7941943e-07  2.4598741e-05  0.0000000   -0.0012453230  7.8073946e-08  -9.1269139e-07  -2.7655788e-05  -4.0056740e-05  -0.00023850078  4.7950388e-05  -1.0235416e-06  1.7941943e-07  2.4598741e-05  
0.0012453230  0.0000000   1.3427097e-06  6.7216130e-05  2.4003232e-05  -0.00010076404  -5.7891700e-06  -4.1297053e-05  8.4893666e-07  -2.3055080e-07  1.6491995e-05  0.0012453230  0.0000000   1.3427097e-06  6.7216130e-05  2.4003232e-05  -0.00010076404  -5.7891700e-06  -4.1297053e-05  8.4893666e-07  -2.3055080e-07  1.6491995e-05  
-7.8073946e-08  -1.3427097e-06  0.0000000   -4.5110402e-08  -3.6053651e-07  -2.9264535e-07  -5.1790995e-07  -3.6425924e-07  1.7884053e-05  -0.00012594930  6.8643350e-07  -7.8073946e-08  -1.3427097e-06  0.0000000   -4.5110402e-08  -3.6053651e-07  -2.9264535e-07  -5.1790995e-07  -3.6425924e-07  1.7884053e-05  -0.00012594930  6.8643350e-07  
9.1269139e-07  -6.7216130e-05  4.5110402e-08  0.0000000   -9.4042308e-05  -7.3435402e-05  1.5578142e-05  -2.2040540e-05  -1.6150276e-06  3.7256250e-06  1.6537029e-06  9.1269139e-07  -6.7216130e-05  4.5110402e-08  0.0000000   -9.4042308e-05  -7.3435402e-05  1.5578142e-05  -2.2040540e-05  -1.6150276e-06  3.7256250e-06  1.6537029e-06  
2.7655788e-05  -2.4003232e-05  3.6053651e-07  9.4042308e-05  0.0000000   -0.00011262675  -9.5514144e-05  -7.8744097e-06  1.6070889e-06  -2.5980600e-06  -8.1416781e-05  2.7655788e-05  -2.4003232e-05  3.6053651e-07  9.4042308e-05  0.0000000   -0.00011262675  -9.5514144e-05  -7.8744097e-06  1.6070889e-06  -2.5980600e-06  -8.1416781e-05  
4.0056740e-05  0.00010076404  2.9264535e-07  7.3435402e-05  0.00011262675  0.0000000   -0.0014277968  -0.00037199243  -6.0497995e-06  -2.8141934e-06  1.1752223e-05  4.0056740e-05  0.00010076404  2.9264535e-07  7.3435402e-05  0.00011262675  0.0000000   -0.0014277968  -0.00037199243  -6.0497995e-06  -2.8141934e-06  1.1752223e-05  
0.00023850078  5.7891700e-06  5.1790995e-07  -1.5578142e-05  9.5514144e-05  0.0014277968  0.0000000   0.00042423505  -7.7028359e-06  8.8018507e-06  -1.4062834e-05  0.00023850078  5.7891700e-06  5.1790995e-07  -1.5578142e-05  9.5514144e-05  0.0014277968  0.0000000   0.00042423505  -7.7028359e-06  8.8018507e-06  -1.4062834e-05  
-4.7950388e-05  4.1297053e-05  3.6425924e-07  2.2040540e-05  7.8744097e-06  0.00037199243  -0.00042423505  0.0000000   1.0064105e-06  -1.5868721e-05  -4.1152242e-05  -4.7950388e-05  4.1297053e-05  3.6425924e-07  2.2040540e-05  7.8744097e-06  0.00037199243  -0.00042423505  0.0000000   1.0064105e-06  -1.5868721e-05  -4.1152242e-05  
1.0235416e-06  -8.4893666e-07  -1.7884053e-05  1.6150276e-06  -1.6070889e-06  6.0497995e-06  7.7028359e-06  -1.0064105e-06  0.0000000   -0.0017051469  -1.3117239e-05  1.0235416e-06  -8.4893666e-07  -1.7884053e-05  1.6150276e-06  -1.6070889e-06  6.0497995e-06  7.7028359e-06  -1.0064105e-06  0.0000000   -0.0017051469  -1.3117239e-05  
-1.7941943e-07  2.3055080e-07  0.00012594930  -3.7256250e-06  2.5980600e-06  2.8141934e-06  -8.8018507e-06  1.5868721e-05  0.0017051469  0.0000000   -1.4383775e-06  -1.7941943e-07  2.3055080e-07  0.00012594930  -3.7256250e-06  2.5980600e-06  2.8141934e-06  -8.8018507e-06  1.5868721e-05  0.0017051469  0.0000000   -1.4383775e-06  
-2.4598741e-05  -1.6491995e-05  -6.8643350e-07  -1.6537029e-06  8.1416781e-05  -1.1752223e-05  1.4062834e-05  4.1152242e-05  1.3117239e-05  1.4383775e-06  0.0000000   -2.4598741e-05  -1.6491995e-05  -6.8643350e-07  -1.6537029e-06  8.1416781e-05  -1.1752223e-05  1.4062834e-05  4.1152242e-05  1.3117239e-05  1.4383775e-06  0.0000000   
0.0000000   -0.0012453230  7.8073946e-08  -9.1269139e-07  -2.7655788e-05  -4.0056740e-05  -0.00023850078  4.7950388e-05  -1.0235416e-06  1.7941943e-07  2.4598741e-05  0.0000000   -0.0012453230  7.8073946e-08  -9.1269139e-07  -2.7655788e-05  -4.0056740e-05  -0.00023850078  4.7950388e-05  -1.0235416e-06  1.7941943e-07  2.4598741e-05  
0.0012453230  0.0000000   1.3427097e-06  6.7216130e-05  2.4003232e-05  -0.00010076404  -5.7891700e-06  -4.1297053e-05  8.4893666e-07  -2.3055080e-07  1.6491995e-05  0.0012453230  0.0000000   1.3427097e-06  6.7216130e-05  2.4003232e-05  -0.00010076404  -5.7891700e-06  -4.1297053e-05  8.4893666e-07  -2.3055080e-07  1.6491995e-05  
-7.8073946e-08  -1.3427097e-06  0.0000000   -4.5110402e-08  -3.6053651e-07  -2.9264535e-07  -5.1790995e-07  -3.6425924e-07  1.7884053e-05  -0.00012594930  6.8643350e-07  -7.8073946e-08  -1.3427097e-06  0.0000000   -4.5110402e-08  -3.6053651e-07  -2.9264535e-07  -5.1790995e-07  -3.6425924e-07  1.7884053e-05  -0.00012594930  6.8643350e-07  
9.1269139e-07  -6.7216130e-05  4.5110402e-08  0.0000000   -9.4042308e-05  -7.3435402e-05  1.5578142e-05  -2.2040540e-05  -1.6150276e-06  3.7256250e-06  1.6537029e-06  9.1269139e-07  -6.7216130e-05  4.5110402e-08  0.0000000   -9.4042308e-05  -7.3435402e-05  1.5578142e-05  -2.2040540e-05  -1.6150276e-06  3.7256250e-06  1.6537029e-06  
2.7655788e-05  -2.4003232e-05  3.6053651e-07  9.4042308e-05  0.0000000   -0.00011262675  -9.5514144e-05  -7.8744097e-06  1.6070889e-06  -2.5980600e-06  -8.1416781e-05  2.7655788e-05  -2.4003232e-05  3.6053651e-07  9.4042308e-05  0.0000000   -0.00011262675  -9.5514144e-05  -7.8744097e-06  1.6070889e-06  -2.5980600e-06  -8.1416781e-05  
4.0056740e-05  0.00010076404  2.9264535e-07  7.3435402e-05  0.00011262675  0.0000000   -0.0014277968  -0.00037199243  -6.0497995e-06  -2.8141934e-06  1.1752223e-05  4.0056740e-05  0.00010076404  2.9264535e-07  7.3435402e-05  0.00011262675  0.0000000   -0.0014277968  -0.00037199243  -6.0497995e-06  -2.8141934e-06  1.1752223e-05  
0.00023850078  5.7891700e-06  5.1790995e-07  -1.5578142e-05  9.5514144e-05  0.0014277968  0.0000000   0.00042423505  -7.7028359e-06  8.8018507e-06  -1.4062834e-05  0.00023850078  5.7891700e-06  5.1790995e-07  -1.5578142e-05  9.5514144e-05  0.0014277968  0.0000000   0.00042423505  -7.7028359e-06  8.8018507e-06  -1.4062834e-05  
-4.7950388e-05  4.1297053e-05  3.6425924e-07  2.2040540e-05  7.8744097e-06  0.00037199243  -0.00042423505  0.0000000   1.0064105e-06  -1.5868721e-05  -4.1152242e-05  -4.7950388e-05  4.1297053e-05  3.6425924e-07  2.2040540e-05  7.8744097e-06  0.00037199243  -0.00042423505  0.0000000   1.0064105e-06  -1.5868721e-05  -4.1152242e-05  
1.0235416e-06  -8.4893666e-07  -1.7884053e-05  1.6150276e-06  -1.6070889e-06  6.0497995e-06  7.7028359e-06  -1.0064105e-06  0.0000000   -0.0017051469  -1.3117239e-05  1.0235416e-06  -8.4893666e-07  -1.7884053e-05  1.6150276e-06  -1.6070889e-06  6.0497995e-06  7.7028359e-06  -1.0064105e-06  0.0000000   -0.0017051469  -1.3117239e-05  
-1.7941943e-07  2.3055080e-07  0.00012594930  -3.7256250e-06  2.5980600e-06  2.8141934e-06  -8.8018507e-06  1.5868721e-05  0.0017051469  0.0000000   -1.4383775e-06  -1.7941943e-07  2.3055080e-07  0.00012594930  -3.7256250e-06  2.5980600e-06  2.8141934e-06  -8.8018507e-06  1.5868721e-05  0.0017051469  0.0000000   -1.4383775e-06  
-2.4598741e-05  -1.6491995e-05  -6.8643350e-07  -1.6537029e-06  8.1416781e-05  -1.1752223e-05  1.4062834e-05  4.1152242e-05  1.3117239e-05  1.4383775e-06  0.0000000   -2.4598741e-05  -1.6491995e-05  -6.8643350e-07  -1.6537029e-06  8.1416781e-05  -1.1752223e-05  1.4062834e-05  4.1152242e-05  1.3117239e-05  1.4383775e-06  0.0000000   
