0.0000000   -4.4948528e-07  2.1919394e-07  -1.7633239e-05  1.1492342e-06  -1.1191178e-06  -2.7664515e-05  7.4314780e-05  -6.2031104e-06  -7.9885589e-08  1.0121036e-07  0.0000000   -4.4948528e-07  2.1919394e-07  -1.7633239e-05  1.1492342e-06  -1.1191178e-06  -2.7664515e-05  7.4314780e-05  -6.2031104e-06  -7.9885589e-08  1.0121036e-07  
4.4948528e-07  0.0000000   0.00011212557  2.1534500e-07  5.0604015e-05  4.3138656e-05  1.1281849e-06  -3.8060124e-08  3.7052300e-07  -4.9356046e-05  -1.7752780e-05  4.4948528e-07  0.0000000   0.00011212557  2.1534500e-07  5.0604015e-05  4.3138656e-05  1.1281849e-06  -3.8060124e-08  3.7052300e-07  -4.9356046e-05  -1.7752780e-05  
-2.1919394e-07  -0.00011212557  0.0000000   1.1413631e-07  -2.1438233e-05  -4.0424691e-05  5.3004801e-07  -3.6246970e-07  1.6432564e-07  -6.4788385e-05  1.7332611e-06  -2.1919394e-07  -0.00011212557  0.0000000   1.1413631e-07  -2.1438233e-05  -4.0424691e-05  5.3004801e-07  -3.6246970e-07  1.6432564e-07  -6.4788385e-05  1.7332611e-06  
1.7633239e-05  -2.1534500e-07  -1.1413631e-07  0.0000000   2.6600846e-07  1.0845020e-06  5.8419231e-05  -1.2734074e-06  3.0515626e-05  -3.4457278e-07  -3.9546850e-08  1.7633239e-05  -2.1534500e-07  -1.1413631e-07  0.0000000   2.6600846e-07  1.0845020e-06  5.8419231e-05  -1.2734074e-06  3.0515626e-05  -3.4457278e-07  -3.9546850e-08  
-1.1492342e-06  -5.0604015e-05  2.1438233e-05  -2.6600846e-07  0.0000000   -6.1965098e-05  1.8592809e-06  -2.2983167e-06  -2.9220138e-07  -7.3706711e-06  3.3361983e-05  -1.1492342e-06  -5.0604015e-05  2.1438233e-05  -2.6600846e-07  0.0000000   -6.1965098e-05  1.8592809e-06  -2.2983167e-06  -2.9220138e-07  -7.3706711e-06  3.3361983e-05  
1.1191178e-06  -4.3138656e-05  4.0424691e-05  -1.0845020e-06  6.1965098e-05  0.0000000   9.6954649e-06  2.2381621e-05  -3.8566684e-06  -0.00010862330  1.1471697e-05  1.1191178e-06  -4.3138656e-05  4.0424691e-05  -1.0845020e-06  6.1965098e-05  0.0000000   9.6954649e-06  2.2381621e-05  -3.8566684e-06  -0.00010862330  1.1471697e-05  
2.7664515e-05  -1.1281849e-06  -5.3004801e-07  -5.8419231e-05  -1.8592809e-06  -9.6954649e-06  0.0000000   0.0010601991  -0.00012905842  5.4122076e-06  2.2942446e-07  2.7664515e-05  -1.1281849e-06  -5.3004801e-07  -5.8419231e-05  -1.8592809e-06  -9.6954649e-06  0.0000000   0.0010601991  -0.00012905842  5.4122076e-06  2.2942446e-07  
-7.4314780e-05  3.8060124e-08  3.6246970e-07  1.2734074e-06  2.2983167e-06  -2.2381621e-05  -0.0010601991  0.0000000   9.8823619e-05  -9.6278856e-07  -9.4603463e-07  -7.4314780e-05  3.8060124e-08  3.6246970e-07  1.2734074e-06  2.2983167e-06  -2.2381621e-05  -0.0010601991  0.0000000   9.8823619e-05  -9.6278856e-07  -9.4603463e-07  
6.2031104e-06  -3.7052300e-07  -1.6432564e-07  -3.0515626e-05  2.9220138e-07  3.8566684e-06  0.00012905842  -9.8823619e-05  0.0000000   -4.5451641e-07  1.6970771e-07  6.2031104e-06  -3.7052300e-07  -1.6432564e-07  -3.0515626e-05  2.9220138e-07  3.8566684e-06  0.00012905842  -9.8823619e-05  0.0000000   -4.5451641e-07  1.6970771e-07  
7.9885589e-08  4.9356046e-05  6.4788385e-05  3.4457278e-07  7.3706711e-06  0.00010862330  -5.4122076e-06  9.6278856e-07  4.5451641e-07  0.0000000   0.00012255532  7.9885589e-08  4.9356046e-05  6.4788385e-05  3.4457278e-07  7.3706711e-06  0.00010862330  -5.4122076e-06  9.6278856e-07  4.5451641e-07  0.0000000   0.00012255532  
-1.0121036e-07  1.7752780e-05  -1.7332611e-06  3.9546850e-08  -3.3361983e-05  -1.1471697e-05  -2.2942446e-07  9.4603463e-07  -1.6970771e-07  -0.00012255532  0.0000000   -1.0121036e-07  1.7752780e-05  -1.7332611e-06  3.9546850e-08  -3.3361983e-05  -1.1471697e-05  -2.2942446e-07  9.4603463e-07  -1.6970771e-07  -0.00012255532  0.0000000   
0.0000000   -4.4948528e-07  2.1919394e-07  -1.7633239e-05  1.1492342e-06  -1.1191178e-06  -2.7664515e-05  7.4314780e-05  -6.2031104e-06  -7.9885589e-08  1.0121036e-07  0.0000000   -4.4948528e-07  2.1919394e-07  -1.7633239e-05  1.1492342e-06  -1.1191178e-06  -2.7664515e-05  7.4314780e-05  -6.2031104e-06  -7.9885589e-08  1.0121036e-07  
4.4948528e-07  0.0000000   0.00011212557  2.1534500e-07  5.0604015e-05  4.3138656e-05  1.1281849e-06  -3.8060124e-08  3.7052300e-07  -4.9356046e-05  -1.7752780e-05  4.4948528e-07  0.0000000   0.00011212557  2.1534500e-07  5.0604015e-05  4.3138656e-05  1.1281849e-06  -3.8060124e-08  3.7052300e-07  -4.9356046e-05  -1.7752780e-05  
-2.1919394e-07  -0.00011212557  0.0000000   1.1413631e-07  -2.1438233e-05  -4.0424691e-05  5.3004801e-07  -3.6246970e-07  1.6432564e-07  -6.4788385e-05  1.7332611e-06  -2.1919394e-07  -0.00011212557  0.0000000   1.1413631e-07  -2.1438233e-05  -4.0424691e-05  5.3004801e-07  -3.6246970e-07  1.6432564e-07  -6.4788385e-05  1.7332611e-06  
1.7633239e-05  -2.1534500e-07  -1.1413631e-07  0.0000000   2.6600846e-07  1.0845020e-06  5.8419231e-05  -1.2734074e-06  3.0515626e-05  -3.4457278e-07  -3.9546850e-08  1.7633239e-05  -2.1534500e-07  -1.1413631e-07  0.0000000   2.6600846e-07  1.0845020e-06  5.8419231e-05  -1.2734074e-06  3.0515626e-05  -3.4457278e-07  -3.9546850e-08  
-1.1492342e-06  -5.0604015e-05  2.1438233e-05  -2.6600846e-07  0.0000000   -6.1965098e-05  1.8592809e-06  -2.2983167e-06  -2.9220138e-07  -7.3706711e-06  3.3361983e-05  -1.1492342e-06  -5.0604015e-05  2.1438233e-05  -2.6600846e-07  0.0000000   -6.1965098e-05  1.8592809e-06  -2.2983167e-06  -2.9220138e-07  -7.3706711e-06  3.3361983e-05  
1.1191178e-06  -4.3138656e-05  4.0424691e-05  -1.0845020e-06  6.1965098e-05  0.0000000   9.6954649e-06  2.2381621e-05  -3.8566684e-06  -0.00010862330  1.1471697e-05  1.1191178e-06  -4.3138656e-05  4.0424691e-05  -1.0845020e-06  6.1965098e-05  0.0000000   9.6954649e-06  2.2381621e-05  -3.8566684e-06  -0.00010862330  1.1471697e-05  
2.7664515e-05  -1.1281849e-06  -5.3004801e-07  -5.8419231e-05  -1.8592809e-06  -9.6954649e-06  0.0000000   0.0010601991  -0.00012905842  5.4122076e-06  2.2942446e-07  2.7664515e-05  -1.1281849e-06  -5.3004801e-07  -5.8419231e-05  -1.8592809e-06  -9.6954649e-06  0.0000000   0.0010601991  -0.00012905842  5.4122076e-06  2.2942446e-07  
-7.4314780e-05  3.8060124e-08  3.6246970e-07  1.2734074e-06  2.2983167e-06  -2.2381621e-05  -0.0010601991  0.0000000   9.8823619e-05  -9.6278856e-07  -9.4603463e-07  -7.4314780e-05  3.8060124e-08  3.6246970e-07  1.2734074e-06  2.2983167e-06  -2.2381621e-05  -0.0010601991  0.0000000   9.8823619e-05  -9.6278856e-07  -9.4603463e-07  
6.2031104e-06  -3.7052300e-07  -1.6432564e-07  -3.0515626e-05  2.9220138e-07  3.8566684e-06  0.00012905842  -9.8823619e-05  0.0000000   -4.5451641e-07  1.6970771e-07  6.2031104e-06  -3.7052300e-07  -1.6432564e-07  -3.0515626e-05  2.9220138e-07  3.8566684e-06  0.00012905842  -9.8823619e-05  0.0000000   -4.5451641e-07  1.6970771e-07  
7.9885589e-08  4.9356046e-05  6.4788385e-05  3.4457278e-07  7.3706711e-06  0.00010862330  -5.4122076e-06  9.6278856e-07  4.5451641e-07  0.0000000   0.00012255532  7.9885589e-08  4.9356046e-05  6.4788385e-05  3.4457278e-07  7.3706711e-06  0.00010862330  -5.4122076e-06  9.6278856e-07  4.5451641e-07  0.0000000   0.00012255532  
-1.0121036e-07  1.7752780e-05  -1.7332611e-06  3.9546850e-08  -3.3361983e-05  -1.1471697e-05  -2.2942446e-07  9.4603463e-07  -1.6970771e-07  -0.00012255532  0.0000000   -1.0121036e-07  1.7752780e-05  -1.7332611e-06  3.9546850e-08  -3.3361983e-05  -1.1471697e-05  -2.2942446e-07  9.4603463e-07  -1.6970771e-07  -0.00012255532  0.0000000   
