0.0000000   0.0066654635  -9.5677878e-06  1.8153941e-07  1.6243392e-05  0.00019752881  5.3513115e-05  0.00018469211  2.3853307e-06  2.1931178e-05  5.3276304e-06  0.0000000   0.0066654635  -9.5677878e-06  1.8153941e-07  1.6243392e-05  0.00019752881  5.3513115e-05  0.00018469211  2.3853307e-06  2.1931178e-05  5.3276304e-06  
-0.0066654635  0.0000000   2.5516615e-06  6.8403901e-05  3.1724062e-05  0.00026583967  4.0058049e-05  1.3150281e-05  1.8543140e-06  -2.8236821e-05  2.8378213e-08  -0.0066654635  0.0000000   2.5516615e-06  6.8403901e-05  3.1724062e-05  0.00026583967  4.0058049e-05  1.3150281e-05  1.8543140e-06  -2.8236821e-05  2.8378213e-08  
9.5677878e-06  -2.5516615e-06  0.0000000   -5.6931190e-08  7.3259499e-05  -8.0560995e-06  -4.7092262e-06  7.2793879e-08  -2.5210103e-05  2.6349157e-06  3.4906727e-07  9.5677878e-06  -2.5516615e-06  0.0000000   -5.6931190e-08  7.3259499e-05  -8.0560995e-06  -4.7092262e-06  7.2793879e-08  -2.5210103e-05  2.6349157e-06  3.4906727e-07  
-1.8153941e-07  -6.8403901e-05  5.6931190e-08  0.0000000   5.3865647e-06  -1.4436689e-05  -3.6934279e-05  3.1184724e-06  -1.6991966e-06  -5.8280869e-05  -1.6302512e-06  -1.8153941e-07  -6.8403901e-05  5.6931190e-08  0.0000000   5.3865647e-06  -1.4436689e-05  -3.6934279e-05  3.1184724e-06  -1.6991966e-06  -5.8280869e-05  -1.6302512e-06  
-1.6243392e-05  -3.1724062e-05  -7.3259499e-05  -5.3865647e-06  0.0000000   -0.00023286266  -0.00020483748  4.3400925e-05  2.4276309e-05  -5.5106985e-06  -1.0997352e-05  -1.6243392e-05  -3.1724062e-05  -7.3259499e-05  -5.3865647e-06  0.0000000   -0.00023286266  -0.00020483748  4.3400925e-05  2.4276309e-05  -5.5106985e-06  -1.0997352e-05  
-0.00019752881  -0.00026583967  8.0560995e-06  1.4436689e-05  0.00023286266  0.0000000   -0.0041058891  -0.00042841878  -1.7780553e-05  -5.4616078e-06  1.8400665e-06  -0.00019752881  -0.00026583967  8.0560995e-06  1.4436689e-05  0.00023286266  0.0000000   -0.0041058891  -0.00042841878  -1.7780553e-05  -5.4616078e-06  1.8400665e-06  
-5.3513115e-05  -4.0058049e-05  4.7092262e-06  3.6934279e-05  0.00020483748  0.0041058891  0.0000000   -0.0011777849  1.7719476e-05  0.00013059635  1.0398889e-06  -5.3513115e-05  -4.0058049e-05  4.7092262e-06  3.6934279e-05  0.00020483748  0.0041058891  0.0000000   -0.0011777849  1.7719476e-05  0.00013059635  1.0398889e-06  
-0.00018469211  -1.3150281e-05  -7.2793879e-08  -3.1184724e-06  -4.3400925e-05  0.00042841878  0.0011777849  0.0000000   7.7305816e-06  -0.00019069776  2.4206913e-07  -0.00018469211  -1.3150281e-05  -7.2793879e-08  -3.1184724e-06  -4.3400925e-05  0.00042841878  0.0011777849  0.0000000   7.7305816e-06  -0.00019069776  2.4206913e-07  
-2.3853307e-06  -1.8543140e-06  2.5210103e-05  1.6991966e-06  -2.4276309e-05  1.7780553e-05  -1.7719476e-05  -7.7305816e-06  0.0000000   -1.3203930e-07  -4.8203946e-05  -2.3853307e-06  -1.8543140e-06  2.5210103e-05  1.6991966e-06  -2.4276309e-05  1.7780553e-05  -1.7719476e-05  -7.7305816e-06  0.0000000   -1.3203930e-07  -4.8203946e-05  
-2.1931178e-05  2.8236821e-05  -2.6349157e-06  5.8280869e-05  5.5106985e-06  5.4616078e-06  -0.00013059635  0.00019069776  1.3203930e-07  0.0000000   2.4218386e-07  -2.1931178e-05  2.8236821e-05  -2.6349157e-06  5.8280869e-05  5.5106985e-06  5.4616078e-06  -0.00013059635  0.00019069776  1.3203930e-07  0.0000000   2.4218386e-07  
-5.3276304e-06  -2.8378213e-08  -3.4906727e-07  1.6302512e-06  1.0997352e-05  -1.8400665e-06  -1.0398889e-06  -2.4206913e-07  4.8203946e-05  -2.4218386e-07  0.0000000   -5.3276304e-06  -2.8378213e-08  -3.4906727e-07  1.6302512e-06  1.0997352e-05  -1.8400665e-06  -1.0398889e-06  -2.4206913e-07  4.8203946e-05  -2.4218386e-07  0.0000000   
0.0000000   0.0066654635  -9.5677878e-06  1.8153941e-07  1.6243392e-05  0.00019752881  5.3513115e-05  0.00018469211  2.3853307e-06  2.1931178e-05  5.3276304e-06  0.0000000   0.0066654635  -9.5677878e-06  1.8153941e-07  1.6243392e-05  0.00019752881  5.3513115e-05  0.00018469211  2.3853307e-06  2.1931178e-05  5.3276304e-06  
-0.0066654635  0.0000000   2.5516615e-06  6.8403901e-05  3.1724062e-05  0.00026583967  4.0058049e-05  1.3150281e-05  1.8543140e-06  -2.8236821e-05  2.8378213e-08  -0.0066654635  0.0000000   2.5516615e-06  6.8403901e-05  3.1724062e-05  0.00026583967  4.0058049e-05  1.3150281e-05  1.8543140e-06  -2.8236821e-05  2.8378213e-08  
9.5677878e-06  -2.5516615e-06  0.0000000   -5.6931190e-08  7.3259499e-05  -8.0560995e-06  -4.7092262e-06  7.2793879e-08  -2.5210103e-05  2.6349157e-06  3.4906727e-07  9.5677878e-06  -2.5516615e-06  0.0000000   -5.6931190e-08  7.3259499e-05  -8.0560995e-06  -4.7092262e-06  7.2793879e-08  -2.5210103e-05  2.6349157e-06  3.4906727e-07  
-1.8153941e-07  -6.8403901e-05  5.6931190e-08  0.0000000   5.3865647e-06  -1.4436689e-05  -3.6934279e-05  3.1184724e-06  -1.6991966e-06  -5.8280869e-05  -1.6302512e-06  -1.8153941e-07  -6.8403901e-05  5.6931190e-08  0.0000000   5.3865647e-06  -1.4436689e-05  -3.6934279e-05  3.1184724e-06  -1.6991966e-06  -5.8280869e-05  -1.6302512e-06  
-1.6243392e-05  -3.1724062e-05  -7.3259499e-05  -5.3865647e-06  0.0000000   -0.00023286266  -0.00020483748  4.3400925e-05  2.4276309e-05  -5.5106985e-06  -1.0997352e-05  -1.6243392e-05  -3.1724062e-05  -7.3259499e-05  -5.3865647e-06  0.0000000   -0.00023286266  -0.00020483748  4.3400925e-05  2.4276309e-05  -5.5106985e-06  -1.0997352e-05  
-0.00019752881  -0.00026583967  8.0560995e-06  1.4436689e-05  0.00023286266  0.0000000   -0.0041058891  -0.00042841878  -1.7780553e-05  -5.4616078e-06  1.8400665e-06  -0.00019752881  -0.00026583967  8.0560995e-06  1.4436689e-05  0.00023286266  0.0000000   -0.0041058891  -0.00042841878  -1.7780553e-05  -5.4616078e-06  1.8400665e-06  
-5.3513115e-05  -4.0058049e-05  4.7092262e-06  3.6934279e-05  0.00020483748  0.0041058891  0.0000000   -0.0011777849  1.7719476e-05  0.00013059635  1.0398889e-06  -5.3513115e-05  -4.0058049e-05  4.7092262e-06  3.6934279e-05  0.00020483748  0.0041058891  0.0000000   -0.0011777849  1.7719476e-05  0.00013059635  1.0398889e-06  
-0.00018469211  -1.3150281e-05  -7.2793879e-08  -3.1184724e-06  -4.3400925e-05  0.00042841878  0.0011777849  0.0000000   7.7305816e-06  -0.00019069776  2.4206913e-07  -0.00018469211  -1.3150281e-05  -7.2793879e-08  -3.1184724e-06  -4.3400925e-05  0.00042841878  0.0011777849  0.0000000   7.7305816e-06  -0.00019069776  2.4206913e-07  
-2.3853307e-06  -1.8543140e-06  2.5210103e-05  1.6991966e-06  -2.4276309e-05  1.7780553e-05  -1.7719476e-05  -7.7305816e-06  0.0000000   -1.3203930e-07  -4.8203946e-05  -2.3853307e-06  -1.8543140e-06  2.5210103e-05  1.6991966e-06  -2.4276309e-05  1.7780553e-05  -1.7719476e-05  -7.7305816e-06  0.0000000   -1.3203930e-07  -4.8203946e-05  
-2.1931178e-05  2.8236821e-05  -2.6349157e-06  5.8280869e-05  5.5106985e-06  5.4616078e-06  -0.00013059635  0.00019069776  1.3203930e-07  0.0000000   2.4218386e-07  -2.1931178e-05  2.8236821e-05  -2.6349157e-06  5.8280869e-05  5.5106985e-06  5.4616078e-06  -0.00013059635  0.00019069776  1.3203930e-07  0.0000000   2.4218386e-07  
-5.3276304e-06  -2.8378213e-08  -3.4906727e-07  1.6302512e-06  1.0997352e-05  -1.8400665e-06  -1.0398889e-06  -2.4206913e-07  4.8203946e-05  -2.4218386e-07  0.0000000   -5.3276304e-06  -2.8378213e-08  -3.4906727e-07  1.6302512e-06  1.0997352e-05  -1.8400665e-06  -1.0398889e-06  -2.4206913e-07  4.8203946e-05  -2.4218386e-07  0.0000000   
