0.0000000   1.0797616e-06  1.8715064e-06  4.0493076e-08  4.5564824e-06  -3.2488571e-05  5.0171373e-05  1.0153647e-05  -6.3031113e-08  9.4817019e-06  -2.2748083e-05  0.0000000   1.0797616e-06  1.8715064e-06  4.0493076e-08  4.5564824e-06  -3.2488571e-05  5.0171373e-05  1.0153647e-05  -6.3031113e-08  9.4817019e-06  -2.2748083e-05  
-1.0797616e-06  0.0000000   0.00014273701  -6.9009447e-05  -9.4114722e-05  2.6335865e-06  2.3954572e-06  1.2925343e-06  -5.6521124e-06  2.7499464e-07  8.2072500e-08  -1.0797616e-06  0.0000000   0.00014273701  -6.9009447e-05  -9.4114722e-05  2.6335865e-06  2.3954572e-06  1.2925343e-06  -5.6521124e-06  2.7499464e-07  8.2072500e-08  
-1.8715064e-06  -0.00014273701  0.0000000   -7.6043473e-05  -0.00036559230  -2.9767746e-06  -1.7136698e-06  -2.2576353e-06  2.2193001e-05  -1.0189945e-06  -6.3424273e-07  -1.8715064e-06  -0.00014273701  0.0000000   -7.6043473e-05  -0.00036559230  -2.9767746e-06  -1.7136698e-06  -2.2576353e-06  2.2193001e-05  -1.0189945e-06  -6.3424273e-07  
-4.0493076e-08  6.9009447e-05  7.6043473e-05  0.0000000   -0.00069429602  8.5640868e-07  3.9434934e-07  -9.0688607e-07  -2.9760009e-05  2.3951064e-07  -1.5691370e-08  -4.0493076e-08  6.9009447e-05  7.6043473e-05  0.0000000   -0.00069429602  8.5640868e-07  3.9434934e-07  -9.0688607e-07  -2.9760009e-05  2.3951064e-07  -1.5691370e-08  
-4.5564824e-06  9.4114722e-05  0.00036559230  0.00069429602  0.0000000   -1.0522431e-06  -3.3025784e-07  -5.5812550e-07  3.4890267e-05  1.9305725e-07  4.2104004e-08  -4.5564824e-06  9.4114722e-05  0.00036559230  0.00069429602  0.0000000   -1.0522431e-06  -3.3025784e-07  -5.5812550e-07  3.4890267e-05  1.9305725e-07  4.2104004e-08  
3.2488571e-05  -2.6335865e-06  2.9767746e-06  -8.5640868e-07  1.0522431e-06  0.0000000   0.0010769624  0.00062490875  8.6993744e-06  0.00021785447  -2.1816714e-06  3.2488571e-05  -2.6335865e-06  2.9767746e-06  -8.5640868e-07  1.0522431e-06  0.0000000   0.0010769624  0.00062490875  8.6993744e-06  0.00021785447  -2.1816714e-06  
-5.0171373e-05  -2.3954572e-06  1.7136698e-06  -3.9434934e-07  3.3025784e-07  -0.0010769624  0.0000000   -0.00034939775  -6.5407462e-06  3.3649729e-05  4.5830347e-05  -5.0171373e-05  -2.3954572e-06  1.7136698e-06  -3.9434934e-07  3.3025784e-07  -0.0010769624  0.0000000   -0.00034939775  -6.5407462e-06  3.3649729e-05  4.5830347e-05  
-1.0153647e-05  -1.2925343e-06  2.2576353e-06  9.0688607e-07  5.5812550e-07  -0.00062490875  0.00034939775  0.0000000   -4.3962841e-06  -8.0424994e-05  7.4071541e-05  -1.0153647e-05  -1.2925343e-06  2.2576353e-06  9.0688607e-07  5.5812550e-07  -0.00062490875  0.00034939775  0.0000000   -4.3962841e-06  -8.0424994e-05  7.4071541e-05  
6.3031113e-08  5.6521124e-06  -2.2193001e-05  2.9760009e-05  -3.4890267e-05  -8.6993744e-06  6.5407462e-06  4.3962841e-06  0.0000000   7.0254410e-07  5.1467862e-06  6.3031113e-08  5.6521124e-06  -2.2193001e-05  2.9760009e-05  -3.4890267e-05  -8.6993744e-06  6.5407462e-06  4.3962841e-06  0.0000000   7.0254410e-07  5.1467862e-06  
-9.4817019e-06  -2.7499464e-07  1.0189945e-06  -2.3951064e-07  -1.9305725e-07  -0.00021785447  -3.3649729e-05  8.0424994e-05  -7.0254410e-07  0.0000000   0.00025344479  -9.4817019e-06  -2.7499464e-07  1.0189945e-06  -2.3951064e-07  -1.9305725e-07  -0.00021785447  -3.3649729e-05  8.0424994e-05  -7.0254410e-07  0.0000000   0.00025344479  
2.2748083e-05  -8.2072500e-08  6.3424273e-07  1.5691370e-08  -4.2104004e-08  2.1816714e-06  -4.5830347e-05  -7.4071541e-05  -5.1467862e-06  -0.00025344479  0.0000000   2.2748083e-05  -8.2072500e-08  6.3424273e-07  1.5691370e-08  -4.2104004e-08  2.1816714e-06  -4.5830347e-05  -7.4071541e-05  -5.1467862e-06  -0.00025344479  0.0000000   
0.0000000   1.0797616e-06  1.8715064e-06  4.0493076e-08  4.5564824e-06  -3.2488571e-05  5.0171373e-05  1.0153647e-05  -6.3031113e-08  9.4817019e-06  -2.2748083e-05  0.0000000   1.0797616e-06  1.8715064e-06  4.0493076e-08  4.5564824e-06  -3.2488571e-05  5.0171373e-05  1.0153647e-05  -6.3031113e-08  9.4817019e-06  -2.2748083e-05  
-1.0797616e-06  0.0000000   0.00014273701  -6.9009447e-05  -9.4114722e-05  2.6335865e-06  2.3954572e-06  1.2925343e-06  -5.6521124e-06  2.7499464e-07  8.2072500e-08  -1.0797616e-06  0.0000000   0.00014273701  -6.9009447e-05  -9.4114722e-05  2.6335865e-06  2.3954572e-06  1.2925343e-06  -5.6521124e-06  2.7499464e-07  8.2072500e-08  
-1.8715064e-06  -0.00014273701  0.0000000   -7.6043473e-05  -0.00036559230  -2.9767746e-06  -1.7136698e-06  -2.2576353e-06  2.2193001e-05  -1.0189945e-06  -6.3424273e-07  -1.8715064e-06  -0.00014273701  0.0000000   -7.6043473e-05  -0.00036559230  -2.9767746e-06  -1.7136698e-06  -2.2576353e-06  2.2193001e-05  -1.0189945e-06  -6.3424273e-07  
-4.0493076e-08  6.9009447e-05  7.6043473e-05  0.0000000   -0.00069429602  8.5640868e-07  3.9434934e-07  -9.0688607e-07  -2.9760009e-05  2.3951064e-07  -1.5691370e-08  -4.0493076e-08  6.9009447e-05  7.6043473e-05  0.0000000   -0.00069429602  8.5640868e-07  3.9434934e-07  -9.0688607e-07  -2.9760009e-05  2.3951064e-07  -1.5691370e-08  
-4.5564824e-06  9.4114722e-05  0.00036559230  0.00069429602  0.0000000   -1.0522431e-06  -3.3025784e-07  -5.5812550e-07  3.4890267e-05  1.9305725e-07  4.2104004e-08  -4.5564824e-06  9.4114722e-05  0.00036559230  0.00069429602  0.0000000   -1.0522431e-06  -3.3025784e-07  -5.5812550e-07  3.4890267e-05  1.9305725e-07  4.2104004e-08  
3.2488571e-05  -2.6335865e-06  2.9767746e-06  -8.5640868e-07  1.0522431e-06  0.0000000   0.0010769624  0.00062490875  8.6993744e-06  0.00021785447  -2.1816714e-06  3.2488571e-05  -2.6335865e-06  2.9767746e-06  -8.5640868e-07  1.0522431e-06  0.0000000   0.0010769624  0.00062490875  8.6993744e-06  0.00021785447  -2.1816714e-06  
-5.0171373e-05  -2.3954572e-06  1.7136698e-06  -3.9434934e-07  3.3025784e-07  -0.0010769624  0.0000000   -0.00034939775  -6.5407462e-06  3.3649729e-05  4.5830347e-05  -5.0171373e-05  -2.3954572e-06  1.7136698e-06  -3.9434934e-07  3.3025784e-07  -0.0010769624  0.0000000   -0.00034939775  -6.5407462e-06  3.3649729e-05  4.5830347e-05  
-1.0153647e-05  -1.2925343e-06  2.2576353e-06  9.0688607e-07  5.5812550e-07  -0.00062490875  0.00034939775  0.0000000   -4.3962841e-06  -8.0424994e-05  7.4071541e-05  -1.0153647e-05  -1.2925343e-06  2.2576353e-06  9.0688607e-07  5.5812550e-07  -0.00062490875  0.00034939775  0.0000000   -4.3962841e-06  -8.0424994e-05  7.4071541e-05  
6.3031113e-08  5.6521124e-06  -2.2193001e-05  2.9760009e-05  -3.4890267e-05  -8.6993744e-06  6.5407462e-06  4.3962841e-06  0.0000000   7.0254410e-07  5.1467862e-06  6.3031113e-08  5.6521124e-06  -2.2193001e-05  2.9760009e-05  -3.4890267e-05  -8.6993744e-06  6.5407462e-06  4.3962841e-06  0.0000000   7.0254410e-07  5.1467862e-06  
-9.4817019e-06  -2.7499464e-07  1.0189945e-06  -2.3951064e-07  -1.9305725e-07  -0.00021785447  -3.3649729e-05  8.0424994e-05  -7.0254410e-07  0.0000000   0.00025344479  -9.4817019e-06  -2.7499464e-07  1.0189945e-06  -2.3951064e-07  -1.9305725e-07  -0.00021785447  -3.3649729e-05  8.0424994e-05  -7.0254410e-07  0.0000000   0.00025344479  
2.2748083e-05  -8.2072500e-08  6.3424273e-07  1.5691370e-08  -4.2104004e-08  2.1816714e-06  -4.5830347e-05  -7.4071541e-05  -5.1467862e-06  -0.00025344479  0.0000000   2.2748083e-05  -8.2072500e-08  6.3424273e-07  1.5691370e-08  -4.2104004e-08  2.1816714e-06  -4.5830347e-05  -7.4071541e-05  -5.1467862e-06  -0.00025344479  0.0000000   
