0.0000000   -2.2677196e-07  9.0917550e-05  -0.00013755779  1.5119664e-06  6.9389871e-05  -8.7398294e-05  -7.3178969e-07  -2.4849040e-07  -4.5509736e-07  -6.0824420e-08  0.0000000   -2.2677196e-07  9.0917550e-05  -0.00013755779  1.5119664e-06  6.9389871e-05  -8.7398294e-05  -7.3178969e-07  -2.4849040e-07  -4.5509736e-07  -6.0824420e-08  
2.2677196e-07  0.0000000   -5.9547299e-07  -2.0243963e-07  -1.5956458e-05  2.0397119e-06  5.0506084e-07  7.7547891e-05  -1.2091398e-06  3.6992830e-05  -2.0227646e-05  2.2677196e-07  0.0000000   -5.9547299e-07  -2.0243963e-07  -1.5956458e-05  2.0397119e-06  5.0506084e-07  7.7547891e-05  -1.2091398e-06  3.6992830e-05  -2.0227646e-05  
-9.0917550e-05  5.9547299e-07  0.0000000   6.5285651e-05  -1.1897869e-08  -2.2698949e-05  8.5659257e-05  1.2930620e-06  7.9821671e-07  2.0040458e-07  2.5421337e-07  -9.0917550e-05  5.9547299e-07  0.0000000   6.5285651e-05  -1.1897869e-08  -2.2698949e-05  8.5659257e-05  1.2930620e-06  7.9821671e-07  2.0040458e-07  2.5421337e-07  
0.00013755779  2.0243963e-07  -6.5285651e-05  0.0000000   -3.1135780e-07  -5.5066664e-05  -4.3852782e-05  -5.1187154e-07  -1.9913038e-07  9.8647356e-08  -1.3172874e-07  0.00013755779  2.0243963e-07  -6.5285651e-05  0.0000000   -3.1135780e-07  -5.5066664e-05  -4.3852782e-05  -5.1187154e-07  -1.9913038e-07  9.8647356e-08  -1.3172874e-07  
-1.5119664e-06  1.5956458e-05  1.1897869e-08  3.1135780e-07  0.0000000   -2.4189409e-08  2.4778087e-06  -8.0806235e-05  -0.00015255914  -5.1092574e-05  1.3032070e-05  -1.5119664e-06  1.5956458e-05  1.1897869e-08  3.1135780e-07  0.0000000   -2.4189409e-08  2.4778087e-06  -8.0806235e-05  -0.00015255914  -5.1092574e-05  1.3032070e-05  
-6.9389871e-05  -2.0397119e-06  2.2698949e-05  5.5066664e-05  2.4189409e-08  0.0000000   -0.00099039744  -1.0249403e-05  -3.8676477e-06  -1.2704256e-08  -1.1899745e-06  -6.9389871e-05  -2.0397119e-06  2.2698949e-05  5.5066664e-05  2.4189409e-08  0.0000000   -0.00099039744  -1.0249403e-05  -3.8676477e-06  -1.2704256e-08  -1.1899745e-06  
8.7398294e-05  -5.0506084e-07  -8.5659257e-05  4.3852782e-05  -2.4778087e-06  0.00099039744  0.0000000   -8.4434246e-06  -2.7337041e-06  -4.2732728e-06  3.8747378e-07  8.7398294e-05  -5.0506084e-07  -8.5659257e-05  4.3852782e-05  -2.4778087e-06  0.00099039744  0.0000000   -8.4434246e-06  -2.7337041e-06  -4.2732728e-06  3.8747378e-07  
7.3178969e-07  -7.7547891e-05  -1.2930620e-06  5.1187154e-07  8.0806235e-05  1.0249403e-05  8.4434246e-06  0.0000000   0.00015111875  2.7731340e-05  -5.2383349e-05  7.3178969e-07  -7.7547891e-05  -1.2930620e-06  5.1187154e-07  8.0806235e-05  1.0249403e-05  8.4434246e-06  0.0000000   0.00015111875  2.7731340e-05  -5.2383349e-05  
2.4849040e-07  1.2091398e-06  -7.9821671e-07  1.9913038e-07  0.00015255914  3.8676477e-06  2.7337041e-06  -0.00015111875  0.0000000   4.3765152e-05  0.00015284068  2.4849040e-07  1.2091398e-06  -7.9821671e-07  1.9913038e-07  0.00015255914  3.8676477e-06  2.7337041e-06  -0.00015111875  0.0000000   4.3765152e-05  0.00015284068  
4.5509736e-07  -3.6992830e-05  -2.0040458e-07  -9.8647356e-08  5.1092574e-05  1.2704256e-08  4.2732728e-06  -2.7731340e-05  -4.3765152e-05  0.0000000   -0.00026421988  4.5509736e-07  -3.6992830e-05  -2.0040458e-07  -9.8647356e-08  5.1092574e-05  1.2704256e-08  4.2732728e-06  -2.7731340e-05  -4.3765152e-05  0.0000000   -0.00026421988  
6.0824420e-08  2.0227646e-05  -2.5421337e-07  1.3172874e-07  -1.3032070e-05  1.1899745e-06  -3.8747378e-07  5.2383349e-05  -0.00015284068  0.00026421988  0.0000000   6.0824420e-08  2.0227646e-05  -2.5421337e-07  1.3172874e-07  -1.3032070e-05  1.1899745e-06  -3.8747378e-07  5.2383349e-05  -0.00015284068  0.00026421988  0.0000000   
0.0000000   -2.2677196e-07  9.0917550e-05  -0.00013755779  1.5119664e-06  6.9389871e-05  -8.7398294e-05  -7.3178969e-07  -2.4849040e-07  -4.5509736e-07  -6.0824420e-08  0.0000000   -2.2677196e-07  9.0917550e-05  -0.00013755779  1.5119664e-06  6.9389871e-05  -8.7398294e-05  -7.3178969e-07  -2.4849040e-07  -4.5509736e-07  -6.0824420e-08  
2.2677196e-07  0.0000000   -5.9547299e-07  -2.0243963e-07  -1.5956458e-05  2.0397119e-06  5.0506084e-07  7.7547891e-05  -1.2091398e-06  3.6992830e-05  -2.0227646e-05  2.2677196e-07  0.0000000   -5.9547299e-07  -2.0243963e-07  -1.5956458e-05  2.0397119e-06  5.0506084e-07  7.7547891e-05  -1.2091398e-06  3.6992830e-05  -2.0227646e-05  
-9.0917550e-05  5.9547299e-07  0.0000000   6.5285651e-05  -1.1897869e-08  -2.2698949e-05  8.5659257e-05  1.2930620e-06  7.9821671e-07  2.0040458e-07  2.5421337e-07  -9.0917550e-05  5.9547299e-07  0.0000000   6.5285651e-05  -1.1897869e-08  -2.2698949e-05  8.5659257e-05  1.2930620e-06  7.9821671e-07  2.0040458e-07  2.5421337e-07  
0.00013755779  2.0243963e-07  -6.5285651e-05  0.0000000   -3.1135780e-07  -5.5066664e-05  -4.3852782e-05  -5.1187154e-07  -1.9913038e-07  9.8647356e-08  -1.3172874e-07  0.00013755779  2.0243963e-07  -6.5285651e-05  0.0000000   -3.1135780e-07  -5.5066664e-05  -4.3852782e-05  -5.1187154e-07  -1.9913038e-07  9.8647356e-08  -1.3172874e-07  
-1.5119664e-06  1.5956458e-05  1.1897869e-08  3.1135780e-07  0.0000000   -2.4189409e-08  2.4778087e-06  -8.0806235e-05  -0.00015255914  -5.1092574e-05  1.3032070e-05  -1.5119664e-06  1.5956458e-05  1.1897869e-08  3.1135780e-07  0.0000000   -2.4189409e-08  2.4778087e-06  -8.0806235e-05  -0.00015255914  -5.1092574e-05  1.3032070e-05  
-6.9389871e-05  -2.0397119e-06  2.2698949e-05  5.5066664e-05  2.4189409e-08  0.0000000   -0.00099039744  -1.0249403e-05  -3.8676477e-06  -1.2704256e-08  -1.1899745e-06  -6.9389871e-05  -2.0397119e-06  2.2698949e-05  5.5066664e-05  2.4189409e-08  0.0000000   -0.00099039744  -1.0249403e-05  -3.8676477e-06  -1.2704256e-08  -1.1899745e-06  
8.7398294e-05  -5.0506084e-07  -8.5659257e-05  4.3852782e-05  -2.4778087e-06  0.00099039744  0.0000000   -8.4434246e-06  -2.7337041e-06  -4.2732728e-06  3.8747378e-07  8.7398294e-05  -5.0506084e-07  -8.5659257e-05  4.3852782e-05  -2.4778087e-06  0.00099039744  0.0000000   -8.4434246e-06  -2.7337041e-06  -4.2732728e-06  3.8747378e-07  
7.3178969e-07  -7.7547891e-05  -1.2930620e-06  5.1187154e-07  8.0806235e-05  1.0249403e-05  8.4434246e-06  0.0000000   0.00015111875  2.7731340e-05  -5.2383349e-05  7.3178969e-07  -7.7547891e-05  -1.2930620e-06  5.1187154e-07  8.0806235e-05  1.0249403e-05  8.4434246e-06  0.0000000   0.00015111875  2.7731340e-05  -5.2383349e-05  
2.4849040e-07  1.2091398e-06  -7.9821671e-07  1.9913038e-07  0.00015255914  3.8676477e-06  2.7337041e-06  -0.00015111875  0.0000000   4.3765152e-05  0.00015284068  2.4849040e-07  1.2091398e-06  -7.9821671e-07  1.9913038e-07  0.00015255914  3.8676477e-06  2.7337041e-06  -0.00015111875  0.0000000   4.3765152e-05  0.00015284068  
4.5509736e-07  -3.6992830e-05  -2.0040458e-07  -9.8647356e-08  5.1092574e-05  1.2704256e-08  4.2732728e-06  -2.7731340e-05  -4.3765152e-05  0.0000000   -0.00026421988  4.5509736e-07  -3.6992830e-05  -2.0040458e-07  -9.8647356e-08  5.1092574e-05  1.2704256e-08  4.2732728e-06  -2.7731340e-05  -4.3765152e-05  0.0000000   -0.00026421988  
6.0824420e-08  2.0227646e-05  -2.5421337e-07  1.3172874e-07  -1.3032070e-05  1.1899745e-06  -3.8747378e-07  5.2383349e-05  -0.00015284068  0.00026421988  0.0000000   6.0824420e-08  2.0227646e-05  -2.5421337e-07  1.3172874e-07  -1.3032070e-05  1.1899745e-06  -3.8747378e-07  5.2383349e-05  -0.00015284068  0.00026421988  0.0000000   
