0.0000000   1.1479564e-06  -2.1119328e-05  1.2615266e-05  -5.0303276e-07  2.3558145e-05  5.9903198e-06  2.0282703e-09  -5.6139071e-07  2.9466265e-06  -5.0633616e-06  0.0000000   1.1479564e-06  -2.1119328e-05  1.2615266e-05  -5.0303276e-07  2.3558145e-05  5.9903198e-06  2.0282703e-09  -5.6139071e-07  2.9466265e-06  -5.0633616e-06  
-1.1479564e-06  0.0000000   -6.4299618e-07  -3.1136367e-06  3.5785906e-05  1.6575143e-06  -5.9150611e-07  -2.5266847e-05  3.9040075e-05  -6.3241820e-07  -2.0856092e-07  -1.1479564e-06  0.0000000   -6.4299618e-07  -3.1136367e-06  3.5785906e-05  1.6575143e-06  -5.9150611e-07  -2.5266847e-05  3.9040075e-05  -6.3241820e-07  -2.0856092e-07  
2.1119328e-05  6.4299618e-07  0.0000000   0.00044922420  3.6972282e-07  -8.2887854e-06  -2.5218465e-05  1.6765385e-06  1.2490151e-06  4.1056378e-05  1.9470842e-05  2.1119328e-05  6.4299618e-07  0.0000000   0.00044922420  3.6972282e-07  -8.2887854e-06  -2.5218465e-05  1.6765385e-06  1.2490151e-06  4.1056378e-05  1.9470842e-05  
-1.2615266e-05  3.1136367e-06  -0.00044922420  0.0000000   -7.3239222e-07  9.7614908e-05  -1.6429153e-06  2.4753976e-07  -6.2204843e-07  -1.0505382e-05  -5.6607115e-07  -1.2615266e-05  3.1136367e-06  -0.00044922420  0.0000000   -7.3239222e-07  9.7614908e-05  -1.6429153e-06  2.4753976e-07  -6.2204843e-07  -1.0505382e-05  -5.6607115e-07  
5.0303276e-07  -3.5785906e-05  -3.6972282e-07  7.3239222e-07  0.0000000   -7.0143369e-07  2.3691270e-06  8.7231228e-05  9.1104635e-05  2.5525668e-07  6.3268838e-08  5.0303276e-07  -3.5785906e-05  -3.6972282e-07  7.3239222e-07  0.0000000   -7.0143369e-07  2.3691270e-06  8.7231228e-05  9.1104635e-05  2.5525668e-07  6.3268838e-08  
-2.3558145e-05  -1.6575143e-06  8.2887854e-06  -9.7614908e-05  7.0143369e-07  0.0000000   -0.0012913702  4.2382957e-05  2.6455920e-06  -4.5937884e-06  1.1009803e-05  -2.3558145e-05  -1.6575143e-06  8.2887854e-06  -9.7614908e-05  7.0143369e-07  0.0000000   -0.0012913702  4.2382957e-05  2.6455920e-06  -4.5937884e-06  1.1009803e-05  
-5.9903198e-06  5.9150611e-07  2.5218465e-05  1.6429153e-06  -2.3691270e-06  0.0012913702  0.0000000   -1.2563565e-05  6.2905076e-06  -0.00019467382  -2.3194665e-05  -5.9903198e-06  5.9150611e-07  2.5218465e-05  1.6429153e-06  -2.3691270e-06  0.0012913702  0.0000000   -1.2563565e-05  6.2905076e-06  -0.00019467382  -2.3194665e-05  
-2.0282703e-09  2.5266847e-05  -1.6765385e-06  -2.4753976e-07  -8.7231228e-05  -4.2382957e-05  1.2563565e-05  0.0000000   0.00026588995  5.9805314e-06  -7.0300342e-08  -2.0282703e-09  2.5266847e-05  -1.6765385e-06  -2.4753976e-07  -8.7231228e-05  -4.2382957e-05  1.2563565e-05  0.0000000   0.00026588995  5.9805314e-06  -7.0300342e-08  
5.6139071e-07  -3.9040075e-05  -1.2490151e-06  6.2204843e-07  -9.1104635e-05  -2.6455920e-06  -6.2905076e-06  -0.00026588995  0.0000000   -2.4912727e-07  2.0104070e-07  5.6139071e-07  -3.9040075e-05  -1.2490151e-06  6.2204843e-07  -9.1104635e-05  -2.6455920e-06  -6.2905076e-06  -0.00026588995  0.0000000   -2.4912727e-07  2.0104070e-07  
-2.9466265e-06  6.3241820e-07  -4.1056378e-05  1.0505382e-05  -2.5525668e-07  4.5937884e-06  0.00019467382  -5.9805314e-06  2.4912727e-07  0.0000000   1.9502032e-05  -2.9466265e-06  6.3241820e-07  -4.1056378e-05  1.0505382e-05  -2.5525668e-07  4.5937884e-06  0.00019467382  -5.9805314e-06  2.4912727e-07  0.0000000   1.9502032e-05  
5.0633616e-06  2.0856092e-07  -1.9470842e-05  5.6607115e-07  -6.3268838e-08  -1.1009803e-05  2.3194665e-05  7.0300342e-08  -2.0104070e-07  -1.9502032e-05  0.0000000   5.0633616e-06  2.0856092e-07  -1.9470842e-05  5.6607115e-07  -6.3268838e-08  -1.1009803e-05  2.3194665e-05  7.0300342e-08  -2.0104070e-07  -1.9502032e-05  0.0000000   
0.0000000   1.1479564e-06  -2.1119328e-05  1.2615266e-05  -5.0303276e-07  2.3558145e-05  5.9903198e-06  2.0282703e-09  -5.6139071e-07  2.9466265e-06  -5.0633616e-06  0.0000000   1.1479564e-06  -2.1119328e-05  1.2615266e-05  -5.0303276e-07  2.3558145e-05  5.9903198e-06  2.0282703e-09  -5.6139071e-07  2.9466265e-06  -5.0633616e-06  
-1.1479564e-06  0.0000000   -6.4299618e-07  -3.1136367e-06  3.5785906e-05  1.6575143e-06  -5.9150611e-07  -2.5266847e-05  3.9040075e-05  -6.3241820e-07  -2.0856092e-07  -1.1479564e-06  0.0000000   -6.4299618e-07  -3.1136367e-06  3.5785906e-05  1.6575143e-06  -5.9150611e-07  -2.5266847e-05  3.9040075e-05  -6.3241820e-07  -2.0856092e-07  
2.1119328e-05  6.4299618e-07  0.0000000   0.00044922420  3.6972282e-07  -8.2887854e-06  -2.5218465e-05  1.6765385e-06  1.2490151e-06  4.1056378e-05  1.9470842e-05  2.1119328e-05  6.4299618e-07  0.0000000   0.00044922420  3.6972282e-07  -8.2887854e-06  -2.5218465e-05  1.6765385e-06  1.2490151e-06  4.1056378e-05  1.9470842e-05  
-1.2615266e-05  3.1136367e-06  -0.00044922420  0.0000000   -7.3239222e-07  9.7614908e-05  -1.6429153e-06  2.4753976e-07  -6.2204843e-07  -1.0505382e-05  -5.6607115e-07  -1.2615266e-05  3.1136367e-06  -0.00044922420  0.0000000   -7.3239222e-07  9.7614908e-05  -1.6429153e-06  2.4753976e-07  -6.2204843e-07  -1.0505382e-05  -5.6607115e-07  
5.0303276e-07  -3.5785906e-05  -3.6972282e-07  7.3239222e-07  0.0000000   -7.0143369e-07  2.3691270e-06  8.7231228e-05  9.1104635e-05  2.5525668e-07  6.3268838e-08  5.0303276e-07  -3.5785906e-05  -3.6972282e-07  7.3239222e-07  0.0000000   -7.0143369e-07  2.3691270e-06  8.7231228e-05  9.1104635e-05  2.5525668e-07  6.3268838e-08  
-2.3558145e-05  -1.6575143e-06  8.2887854e-06  -9.7614908e-05  7.0143369e-07  0.0000000   -0.0012913702  4.2382957e-05  2.6455920e-06  -4.5937884e-06  1.1009803e-05  -2.3558145e-05  -1.6575143e-06  8.2887854e-06  -9.7614908e-05  7.0143369e-07  0.0000000   -0.0012913702  4.2382957e-05  2.6455920e-06  -4.5937884e-06  1.1009803e-05  
-5.9903198e-06  5.9150611e-07  2.5218465e-05  1.6429153e-06  -2.3691270e-06  0.0012913702  0.0000000   -1.2563565e-05  6.2905076e-06  -0.00019467382  -2.3194665e-05  -5.9903198e-06  5.9150611e-07  2.5218465e-05  1.6429153e-06  -2.3691270e-06  0.0012913702  0.0000000   -1.2563565e-05  6.2905076e-06  -0.00019467382  -2.3194665e-05  
-2.0282703e-09  2.5266847e-05  -1.6765385e-06  -2.4753976e-07  -8.7231228e-05  -4.2382957e-05  1.2563565e-05  0.0000000   0.00026588995  5.9805314e-06  -7.0300342e-08  -2.0282703e-09  2.5266847e-05  -1.6765385e-06  -2.4753976e-07  -8.7231228e-05  -4.2382957e-05  1.2563565e-05  0.0000000   0.00026588995  5.9805314e-06  -7.0300342e-08  
5.6139071e-07  -3.9040075e-05  -1.2490151e-06  6.2204843e-07  -9.1104635e-05  -2.6455920e-06  -6.2905076e-06  -0.00026588995  0.0000000   -2.4912727e-07  2.0104070e-07  5.6139071e-07  -3.9040075e-05  -1.2490151e-06  6.2204843e-07  -9.1104635e-05  -2.6455920e-06  -6.2905076e-06  -0.00026588995  0.0000000   -2.4912727e-07  2.0104070e-07  
-2.9466265e-06  6.3241820e-07  -4.1056378e-05  1.0505382e-05  -2.5525668e-07  4.5937884e-06  0.00019467382  -5.9805314e-06  2.4912727e-07  0.0000000   1.9502032e-05  -2.9466265e-06  6.3241820e-07  -4.1056378e-05  1.0505382e-05  -2.5525668e-07  4.5937884e-06  0.00019467382  -5.9805314e-06  2.4912727e-07  0.0000000   1.9502032e-05  
5.0633616e-06  2.0856092e-07  -1.9470842e-05  5.6607115e-07  -6.3268838e-08  -1.1009803e-05  2.3194665e-05  7.0300342e-08  -2.0104070e-07  -1.9502032e-05  0.0000000   5.0633616e-06  2.0856092e-07  -1.9470842e-05  5.6607115e-07  -6.3268838e-08  -1.1009803e-05  2.3194665e-05  7.0300342e-08  -2.0104070e-07  -1.9502032e-05  0.0000000   
