0.0000000   -0.00019864435  8.9578395e-05  1.2941961e-06  7.2868303e-05  -5.1903540e-05  -1.4692833e-06  -5.0417981e-06  -7.3610301e-06  -1.4754948e-05  2.2576702e-05  0.0000000   -0.00019864435  8.9578395e-05  1.2941961e-06  7.2868303e-05  -5.1903540e-05  -1.4692833e-06  -5.0417981e-06  -7.3610301e-06  -1.4754948e-05  2.2576702e-05  
0.00019864435  0.0000000   0.00048868079  -2.2843734e-07  -1.0348617e-05  -3.0877879e-06  7.0463894e-06  -1.7034709e-06  -5.8583130e-05  -1.3893893e-05  4.8865056e-05  0.00019864435  0.0000000   0.00048868079  -2.2843734e-07  -1.0348617e-05  -3.0877879e-06  7.0463894e-06  -1.7034709e-06  -5.8583130e-05  -1.3893893e-05  4.8865056e-05  
-8.9578395e-05  -0.00048868079  0.0000000   1.8208054e-07  -8.0218121e-06  3.6250174e-05  -2.8667119e-06  -2.4982153e-06  1.0088623e-05  3.3283712e-05  9.9984032e-06  -8.9578395e-05  -0.00048868079  0.0000000   1.8208054e-07  -8.0218121e-06  3.6250174e-05  -2.8667119e-06  -2.4982153e-06  1.0088623e-05  3.3283712e-05  9.9984032e-06  
-1.2941961e-06  2.2843734e-07  -1.8208054e-07  0.0000000   6.2112760e-08  -5.6760286e-07  -1.5296920e-05  7.6487264e-05  7.5097851e-08  -1.7245216e-07  6.1370958e-07  -1.2941961e-06  2.2843734e-07  -1.8208054e-07  0.0000000   6.2112760e-08  -5.6760286e-07  -1.5296920e-05  7.6487264e-05  7.5097851e-08  -1.7245216e-07  6.1370958e-07  
-7.2868303e-05  1.0348617e-05  8.0218121e-06  -6.2112760e-08  0.0000000   -2.1771039e-05  2.8147721e-06  3.7632743e-06  -6.4538424e-05  1.9342522e-06  -3.3433883e-05  -7.2868303e-05  1.0348617e-05  8.0218121e-06  -6.2112760e-08  0.0000000   -2.1771039e-05  2.8147721e-06  3.7632743e-06  -6.4538424e-05  1.9342522e-06  -3.3433883e-05  
5.1903540e-05  3.0877879e-06  -3.6250174e-05  5.6760286e-07  2.1771039e-05  0.0000000   6.0412019e-07  0.00012796292  -5.2639752e-05  -0.00015593260  3.7484488e-05  5.1903540e-05  3.0877879e-06  -3.6250174e-05  5.6760286e-07  2.1771039e-05  0.0000000   6.0412019e-07  0.00012796292  -5.2639752e-05  -0.00015593260  3.7484488e-05  
1.4692833e-06  -7.0463894e-06  2.8667119e-06  1.5296920e-05  -2.8147721e-06  -6.0412019e-07  0.0000000   0.0026669453  1.9590684e-05  2.1483289e-06  -6.4215461e-06  1.4692833e-06  -7.0463894e-06  2.8667119e-06  1.5296920e-05  -2.8147721e-06  -6.0412019e-07  0.0000000   0.0026669453  1.9590684e-05  2.1483289e-06  -6.4215461e-06  
5.0417981e-06  1.7034709e-06  2.4982153e-06  -7.6487264e-05  -3.7632743e-06  -0.00012796292  -0.0026669453  0.0000000   -8.0911201e-06  -3.6436517e-06  -5.6859555e-07  5.0417981e-06  1.7034709e-06  2.4982153e-06  -7.6487264e-05  -3.7632743e-06  -0.00012796292  -0.0026669453  0.0000000   -8.0911201e-06  -3.6436517e-06  -5.6859555e-07  
7.3610301e-06  5.8583130e-05  -1.0088623e-05  -7.5097851e-08  6.4538424e-05  5.2639752e-05  -1.9590684e-05  8.0911201e-06  0.0000000   0.00042097965  3.4349006e-05  7.3610301e-06  5.8583130e-05  -1.0088623e-05  -7.5097851e-08  6.4538424e-05  5.2639752e-05  -1.9590684e-05  8.0911201e-06  0.0000000   0.00042097965  3.4349006e-05  
1.4754948e-05  1.3893893e-05  -3.3283712e-05  1.7245216e-07  -1.9342522e-06  0.00015593260  -2.1483289e-06  3.6436517e-06  -0.00042097965  0.0000000   0.00021770188  1.4754948e-05  1.3893893e-05  -3.3283712e-05  1.7245216e-07  -1.9342522e-06  0.00015593260  -2.1483289e-06  3.6436517e-06  -0.00042097965  0.0000000   0.00021770188  
-2.2576702e-05  -4.8865056e-05  -9.9984032e-06  -6.1370958e-07  3.3433883e-05  -3.7484488e-05  6.4215461e-06  5.6859555e-07  -3.4349006e-05  -0.00021770188  0.0000000   -2.2576702e-05  -4.8865056e-05  -9.9984032e-06  -6.1370958e-07  3.3433883e-05  -3.7484488e-05  6.4215461e-06  5.6859555e-07  -3.4349006e-05  -0.00021770188  0.0000000   
0.0000000   -0.00019864435  8.9578395e-05  1.2941961e-06  7.2868303e-05  -5.1903540e-05  -1.4692833e-06  -5.0417981e-06  -7.3610301e-06  -1.4754948e-05  2.2576702e-05  0.0000000   -0.00019864435  8.9578395e-05  1.2941961e-06  7.2868303e-05  -5.1903540e-05  -1.4692833e-06  -5.0417981e-06  -7.3610301e-06  -1.4754948e-05  2.2576702e-05  
0.00019864435  0.0000000   0.00048868079  -2.2843734e-07  -1.0348617e-05  -3.0877879e-06  7.0463894e-06  -1.7034709e-06  -5.8583130e-05  -1.3893893e-05  4.8865056e-05  0.00019864435  0.0000000   0.00048868079  -2.2843734e-07  -1.0348617e-05  -3.0877879e-06  7.0463894e-06  -1.7034709e-06  -5.8583130e-05  -1.3893893e-05  4.8865056e-05  
-8.9578395e-05  -0.00048868079  0.0000000   1.8208054e-07  -8.0218121e-06  3.6250174e-05  -2.8667119e-06  -2.4982153e-06  1.0088623e-05  3.3283712e-05  9.9984032e-06  -8.9578395e-05  -0.00048868079  0.0000000   1.8208054e-07  -8.0218121e-06  3.6250174e-05  -2.8667119e-06  -2.4982153e-06  1.0088623e-05  3.3283712e-05  9.9984032e-06  
-1.2941961e-06  2.2843734e-07  -1.8208054e-07  0.0000000   6.2112760e-08  -5.6760286e-07  -1.5296920e-05  7.6487264e-05  7.5097851e-08  -1.7245216e-07  6.1370958e-07  -1.2941961e-06  2.2843734e-07  -1.8208054e-07  0.0000000   6.2112760e-08  -5.6760286e-07  -1.5296920e-05  7.6487264e-05  7.5097851e-08  -1.7245216e-07  6.1370958e-07  
-7.2868303e-05  1.0348617e-05  8.0218121e-06  -6.2112760e-08  0.0000000   -2.1771039e-05  2.8147721e-06  3.7632743e-06  -6.4538424e-05  1.9342522e-06  -3.3433883e-05  -7.2868303e-05  1.0348617e-05  8.0218121e-06  -6.2112760e-08  0.0000000   -2.1771039e-05  2.8147721e-06  3.7632743e-06  -6.4538424e-05  1.9342522e-06  -3.3433883e-05  
5.1903540e-05  3.0877879e-06  -3.6250174e-05  5.6760286e-07  2.1771039e-05  0.0000000   6.0412019e-07  0.00012796292  -5.2639752e-05  -0.00015593260  3.7484488e-05  5.1903540e-05  3.0877879e-06  -3.6250174e-05  5.6760286e-07  2.1771039e-05  0.0000000   6.0412019e-07  0.00012796292  -5.2639752e-05  -0.00015593260  3.7484488e-05  
1.4692833e-06  -7.0463894e-06  2.8667119e-06  1.5296920e-05  -2.8147721e-06  -6.0412019e-07  0.0000000   0.0026669453  1.9590684e-05  2.1483289e-06  -6.4215461e-06  1.4692833e-06  -7.0463894e-06  2.8667119e-06  1.5296920e-05  -2.8147721e-06  -6.0412019e-07  0.0000000   0.0026669453  1.9590684e-05  2.1483289e-06  -6.4215461e-06  
5.0417981e-06  1.7034709e-06  2.4982153e-06  -7.6487264e-05  -3.7632743e-06  -0.00012796292  -0.0026669453  0.0000000   -8.0911201e-06  -3.6436517e-06  -5.6859555e-07  5.0417981e-06  1.7034709e-06  2.4982153e-06  -7.6487264e-05  -3.7632743e-06  -0.00012796292  -0.0026669453  0.0000000   -8.0911201e-06  -3.6436517e-06  -5.6859555e-07  
7.3610301e-06  5.8583130e-05  -1.0088623e-05  -7.5097851e-08  6.4538424e-05  5.2639752e-05  -1.9590684e-05  8.0911201e-06  0.0000000   0.00042097965  3.4349006e-05  7.3610301e-06  5.8583130e-05  -1.0088623e-05  -7.5097851e-08  6.4538424e-05  5.2639752e-05  -1.9590684e-05  8.0911201e-06  0.0000000   0.00042097965  3.4349006e-05  
1.4754948e-05  1.3893893e-05  -3.3283712e-05  1.7245216e-07  -1.9342522e-06  0.00015593260  -2.1483289e-06  3.6436517e-06  -0.00042097965  0.0000000   0.00021770188  1.4754948e-05  1.3893893e-05  -3.3283712e-05  1.7245216e-07  -1.9342522e-06  0.00015593260  -2.1483289e-06  3.6436517e-06  -0.00042097965  0.0000000   0.00021770188  
-2.2576702e-05  -4.8865056e-05  -9.9984032e-06  -6.1370958e-07  3.3433883e-05  -3.7484488e-05  6.4215461e-06  5.6859555e-07  -3.4349006e-05  -0.00021770188  0.0000000   -2.2576702e-05  -4.8865056e-05  -9.9984032e-06  -6.1370958e-07  3.3433883e-05  -3.7484488e-05  6.4215461e-06  5.6859555e-07  -3.4349006e-05  -0.00021770188  0.0000000   
