0.0000000   0.0014730497  -1.3402714e-06  1.9704623e-05  -3.8825993e-07  -3.1914823e-05  -1.9693930e-06  -3.0127366e-06  3.2638671e-08  -1.1411656e-07  5.1579576e-08  0.0000000   0.0014730497  -1.3402714e-06  1.9704623e-05  -3.8825993e-07  -3.1914823e-05  -1.9693930e-06  -3.0127366e-06  3.2638671e-08  -1.1411656e-07  5.1579576e-08  
-0.0014730497  0.0000000   -3.9735908e-06  -4.2895345e-05  1.4069216e-06  9.9709345e-05  -2.3850930e-06  1.8546200e-06  1.5903300e-05  -8.5519644e-08  1.4782056e-06  -0.0014730497  0.0000000   -3.9735908e-06  -4.2895345e-05  1.4069216e-06  9.9709345e-05  -2.3850930e-06  1.8546200e-06  1.5903300e-05  -8.5519644e-08  1.4782056e-06  
1.3402714e-06  3.9735908e-06  0.0000000   7.1385480e-09  -3.1998748e-06  1.1474921e-06  -1.9423317e-05  -1.4755865e-05  3.4710796e-08  -2.5499886e-05  1.8121708e-05  1.3402714e-06  3.9735908e-06  0.0000000   7.1385480e-09  -3.1998748e-06  1.1474921e-06  -1.9423317e-05  -1.4755865e-05  3.4710796e-08  -2.5499886e-05  1.8121708e-05  
-1.9704623e-05  4.2895345e-05  -7.1385480e-09  0.0000000   -3.8171337e-08  -0.00010698300  -5.0429625e-07  1.4542990e-07  -8.7479769e-06  8.4112760e-07  3.2956300e-07  -1.9704623e-05  4.2895345e-05  -7.1385480e-09  0.0000000   -3.8171337e-08  -0.00010698300  -5.0429625e-07  1.4542990e-07  -8.7479769e-06  8.4112760e-07  3.2956300e-07  
3.8825993e-07  -1.4069216e-06  3.1998748e-06  3.8171337e-08  0.0000000   9.1732938e-07  -2.9805132e-06  -0.00015739423  -8.5624108e-07  -0.00018550513  -1.9426199e-05  3.8825993e-07  -1.4069216e-06  3.1998748e-06  3.8171337e-08  0.0000000   9.1732938e-07  -2.9805132e-06  -0.00015739423  -8.5624108e-07  -0.00018550513  -1.9426199e-05  
3.1914823e-05  -9.9709345e-05  -1.1474921e-06  0.00010698300  -9.1732938e-07  0.0000000   8.5902387e-06  -3.8673619e-06  6.5500434e-05  1.1467080e-07  -1.8281999e-07  3.1914823e-05  -9.9709345e-05  -1.1474921e-06  0.00010698300  -9.1732938e-07  0.0000000   8.5902387e-06  -3.8673619e-06  6.5500434e-05  1.1467080e-07  -1.8281999e-07  
1.9693930e-06  2.3850930e-06  1.9423317e-05  5.0429625e-07  2.9805132e-06  -8.5902387e-06  0.0000000   0.00075734620  -4.9680458e-07  -4.9386537e-05  -2.6666991e-06  1.9693930e-06  2.3850930e-06  1.9423317e-05  5.0429625e-07  2.9805132e-06  -8.5902387e-06  0.0000000   0.00075734620  -4.9680458e-07  -4.9386537e-05  -2.6666991e-06  
3.0127366e-06  -1.8546200e-06  1.4755865e-05  -1.4542990e-07  0.00015739423  3.8673619e-06  -0.00075734620  0.0000000   1.4738755e-07  -1.2538816e-05  1.7257660e-05  3.0127366e-06  -1.8546200e-06  1.4755865e-05  -1.4542990e-07  0.00015739423  3.8673619e-06  -0.00075734620  0.0000000   1.4738755e-07  -1.2538816e-05  1.7257660e-05  
-3.2638671e-08  -1.5903300e-05  -3.4710796e-08  8.7479769e-06  8.5624108e-07  -6.5500434e-05  4.9680458e-07  -1.4738755e-07  0.0000000   2.7902707e-07  5.5320539e-08  -3.2638671e-08  -1.5903300e-05  -3.4710796e-08  8.7479769e-06  8.5624108e-07  -6.5500434e-05  4.9680458e-07  -1.4738755e-07  0.0000000   2.7902707e-07  5.5320539e-08  
1.1411656e-07  8.5519644e-08  2.5499886e-05  -8.4112760e-07  0.00018550513  -1.1467080e-07  4.9386537e-05  1.2538816e-05  -2.7902707e-07  0.0000000   5.9518713e-05  1.1411656e-07  8.5519644e-08  2.5499886e-05  -8.4112760e-07  0.00018550513  -1.1467080e-07  4.9386537e-05  1.2538816e-05  -2.7902707e-07  0.0000000   5.9518713e-05  
-5.1579576e-08  -1.4782056e-06  -1.8121708e-05  -3.2956300e-07  1.9426199e-05  1.8281999e-07  2.6666991e-06  -1.7257660e-05  -5.5320539e-08  -5.9518713e-05  0.0000000   -5.1579576e-08  -1.4782056e-06  -1.8121708e-05  -3.2956300e-07  1.9426199e-05  1.8281999e-07  2.6666991e-06  -1.7257660e-05  -5.5320539e-08  -5.9518713e-05  0.0000000   
0.0000000   0.0014730497  -1.3402714e-06  1.9704623e-05  -3.8825993e-07  -3.1914823e-05  -1.9693930e-06  -3.0127366e-06  3.2638671e-08  -1.1411656e-07  5.1579576e-08  0.0000000   0.0014730497  -1.3402714e-06  1.9704623e-05  -3.8825993e-07  -3.1914823e-05  -1.9693930e-06  -3.0127366e-06  3.2638671e-08  -1.1411656e-07  5.1579576e-08  
-0.0014730497  0.0000000   -3.9735908e-06  -4.2895345e-05  1.4069216e-06  9.9709345e-05  -2.3850930e-06  1.8546200e-06  1.5903300e-05  -8.5519644e-08  1.4782056e-06  -0.0014730497  0.0000000   -3.9735908e-06  -4.2895345e-05  1.4069216e-06  9.9709345e-05  -2.3850930e-06  1.8546200e-06  1.5903300e-05  -8.5519644e-08  1.4782056e-06  
1.3402714e-06  3.9735908e-06  0.0000000   7.1385480e-09  -3.1998748e-06  1.1474921e-06  -1.9423317e-05  -1.4755865e-05  3.4710796e-08  -2.5499886e-05  1.8121708e-05  1.3402714e-06  3.9735908e-06  0.0000000   7.1385480e-09  -3.1998748e-06  1.1474921e-06  -1.9423317e-05  -1.4755865e-05  3.4710796e-08  -2.5499886e-05  1.8121708e-05  
-1.9704623e-05  4.2895345e-05  -7.1385480e-09  0.0000000   -3.8171337e-08  -0.00010698300  -5.0429625e-07  1.4542990e-07  -8.7479769e-06  8.4112760e-07  3.2956300e-07  -1.9704623e-05  4.2895345e-05  -7.1385480e-09  0.0000000   -3.8171337e-08  -0.00010698300  -5.0429625e-07  1.4542990e-07  -8.7479769e-06  8.4112760e-07  3.2956300e-07  
3.8825993e-07  -1.4069216e-06  3.1998748e-06  3.8171337e-08  0.0000000   9.1732938e-07  -2.9805132e-06  -0.00015739423  -8.5624108e-07  -0.00018550513  -1.9426199e-05  3.8825993e-07  -1.4069216e-06  3.1998748e-06  3.8171337e-08  0.0000000   9.1732938e-07  -2.9805132e-06  -0.00015739423  -8.5624108e-07  -0.00018550513  -1.9426199e-05  
3.1914823e-05  -9.9709345e-05  -1.1474921e-06  0.00010698300  -9.1732938e-07  0.0000000   8.5902387e-06  -3.8673619e-06  6.5500434e-05  1.1467080e-07  -1.8281999e-07  3.1914823e-05  -9.9709345e-05  -1.1474921e-06  0.00010698300  -9.1732938e-07  0.0000000   8.5902387e-06  -3.8673619e-06  6.5500434e-05  1.1467080e-07  -1.8281999e-07  
1.9693930e-06  2.3850930e-06  1.9423317e-05  5.0429625e-07  2.9805132e-06  -8.5902387e-06  0.0000000   0.00075734620  -4.9680458e-07  -4.9386537e-05  -2.6666991e-06  1.9693930e-06  2.3850930e-06  1.9423317e-05  5.0429625e-07  2.9805132e-06  -8.5902387e-06  0.0000000   0.00075734620  -4.9680458e-07  -4.9386537e-05  -2.6666991e-06  
3.0127366e-06  -1.8546200e-06  1.4755865e-05  -1.4542990e-07  0.00015739423  3.8673619e-06  -0.00075734620  0.0000000   1.4738755e-07  -1.2538816e-05  1.7257660e-05  3.0127366e-06  -1.8546200e-06  1.4755865e-05  -1.4542990e-07  0.00015739423  3.8673619e-06  -0.00075734620  0.0000000   1.4738755e-07  -1.2538816e-05  1.7257660e-05  
-3.2638671e-08  -1.5903300e-05  -3.4710796e-08  8.7479769e-06  8.5624108e-07  -6.5500434e-05  4.9680458e-07  -1.4738755e-07  0.0000000   2.7902707e-07  5.5320539e-08  -3.2638671e-08  -1.5903300e-05  -3.4710796e-08  8.7479769e-06  8.5624108e-07  -6.5500434e-05  4.9680458e-07  -1.4738755e-07  0.0000000   2.7902707e-07  5.5320539e-08  
1.1411656e-07  8.5519644e-08  2.5499886e-05  -8.4112760e-07  0.00018550513  -1.1467080e-07  4.9386537e-05  1.2538816e-05  -2.7902707e-07  0.0000000   5.9518713e-05  1.1411656e-07  8.5519644e-08  2.5499886e-05  -8.4112760e-07  0.00018550513  -1.1467080e-07  4.9386537e-05  1.2538816e-05  -2.7902707e-07  0.0000000   5.9518713e-05  
-5.1579576e-08  -1.4782056e-06  -1.8121708e-05  -3.2956300e-07  1.9426199e-05  1.8281999e-07  2.6666991e-06  -1.7257660e-05  -5.5320539e-08  -5.9518713e-05  0.0000000   -5.1579576e-08  -1.4782056e-06  -1.8121708e-05  -3.2956300e-07  1.9426199e-05  1.8281999e-07  2.6666991e-06  -1.7257660e-05  -5.5320539e-08  -5.9518713e-05  0.0000000   
