0.0000000   -0.00010861549  3.4547689e-06  1.4788992e-06  -1.0174751e-05  -2.8494371e-06  -6.9915531e-05  7.6285601e-07  1.5785999e-05  -6.0889943e-06  8.7169136e-09  0.0000000   -0.00010861549  3.4547689e-06  1.4788992e-06  -1.0174751e-05  -2.8494371e-06  -6.9915531e-05  7.6285601e-07  1.5785999e-05  -6.0889943e-06  8.7169136e-09  
0.00010861549  0.0000000   4.2818498e-07  8.3238946e-07  -5.0909818e-05  -6.3189136e-06  -0.00011200252  4.9085794e-07  3.8053167e-06  5.2430756e-05  3.0241476e-08  0.00010861549  0.0000000   4.2818498e-07  8.3238946e-07  -5.0909818e-05  -6.3189136e-06  -0.00011200252  4.9085794e-07  3.8053167e-06  5.2430756e-05  3.0241476e-08  
-3.4547689e-06  -4.2818498e-07  0.0000000   0.0020007914  7.4528685e-07  4.5614796e-06  -7.4833891e-07  5.6400236e-05  -3.0500044e-06  -8.0461957e-07  -1.5503124e-05  -3.4547689e-06  -4.2818498e-07  0.0000000   0.0020007914  7.4528685e-07  4.5614796e-06  -7.4833891e-07  5.6400236e-05  -3.0500044e-06  -8.0461957e-07  -1.5503124e-05  
-1.4788992e-06  -8.3238946e-07  -0.0020007914  0.0000000   -8.7031141e-06  -6.1222636e-05  1.1374825e-06  -2.1978512e-05  -3.3962050e-06  1.7849799e-06  -1.1981776e-05  -1.4788992e-06  -8.3238946e-07  -0.0020007914  0.0000000   -8.7031141e-06  -6.1222636e-05  1.1374825e-06  -2.1978512e-05  -3.3962050e-06  1.7849799e-06  -1.1981776e-05  
1.0174751e-05  5.0909818e-05  -7.4528685e-07  8.7031141e-06  0.0000000   2.7139118e-06  6.6942098e-05  -9.6058878e-07  7.0131270e-05  -0.00019438668  -2.2944077e-07  1.0174751e-05  5.0909818e-05  -7.4528685e-07  8.7031141e-06  0.0000000   2.7139118e-06  6.6942098e-05  -9.6058878e-07  7.0131270e-05  -0.00019438668  -2.2944077e-07  
2.8494371e-06  6.3189136e-06  -4.5614796e-06  6.1222636e-05  -2.7139118e-06  0.0000000   -1.6314560e-06  0.00056411514  3.7183986e-06  -2.6474376e-06  -1.1811725e-05  2.8494371e-06  6.3189136e-06  -4.5614796e-06  6.1222636e-05  -2.7139118e-06  0.0000000   -1.6314560e-06  0.00056411514  3.7183986e-06  -2.6474376e-06  -1.1811725e-05  
6.9915531e-05  0.00011200252  7.4833891e-07  -1.1374825e-06  -6.6942098e-05  1.6314560e-06  0.0000000   -2.8141656e-05  5.7579749e-05  -3.5008763e-05  7.2294323e-07  6.9915531e-05  0.00011200252  7.4833891e-07  -1.1374825e-06  -6.6942098e-05  1.6314560e-06  0.0000000   -2.8141656e-05  5.7579749e-05  -3.5008763e-05  7.2294323e-07  
-7.6285601e-07  -4.9085794e-07  -5.6400236e-05  2.1978512e-05  9.6058878e-07  -0.00056411514  2.8141656e-05  0.0000000   -2.8944825e-07  1.9914048e-08  -6.0710435e-05  -7.6285601e-07  -4.9085794e-07  -5.6400236e-05  2.1978512e-05  9.6058878e-07  -0.00056411514  2.8141656e-05  0.0000000   -2.8944825e-07  1.9914048e-08  -6.0710435e-05  
-1.5785999e-05  -3.8053167e-06  3.0500044e-06  3.3962050e-06  -7.0131270e-05  -3.7183986e-06  -5.7579749e-05  2.8944825e-07  0.0000000   -0.00015936333  -5.6822010e-07  -1.5785999e-05  -3.8053167e-06  3.0500044e-06  3.3962050e-06  -7.0131270e-05  -3.7183986e-06  -5.7579749e-05  2.8944825e-07  0.0000000   -0.00015936333  -5.6822010e-07  
6.0889943e-06  -5.2430756e-05  8.0461957e-07  -1.7849799e-06  0.00019438668  2.6474376e-06  3.5008763e-05  -1.9914048e-08  0.00015936333  0.0000000   -1.3210562e-06  6.0889943e-06  -5.2430756e-05  8.0461957e-07  -1.7849799e-06  0.00019438668  2.6474376e-06  3.5008763e-05  -1.9914048e-08  0.00015936333  0.0000000   -1.3210562e-06  
-8.7169136e-09  -3.0241476e-08  1.5503124e-05  1.1981776e-05  2.2944077e-07  1.1811725e-05  -7.2294323e-07  6.0710435e-05  5.6822010e-07  1.3210562e-06  0.0000000   -8.7169136e-09  -3.0241476e-08  1.5503124e-05  1.1981776e-05  2.2944077e-07  1.1811725e-05  -7.2294323e-07  6.0710435e-05  5.6822010e-07  1.3210562e-06  0.0000000   
0.0000000   -0.00010861549  3.4547689e-06  1.4788992e-06  -1.0174751e-05  -2.8494371e-06  -6.9915531e-05  7.6285601e-07  1.5785999e-05  -6.0889943e-06  8.7169136e-09  0.0000000   -0.00010861549  3.4547689e-06  1.4788992e-06  -1.0174751e-05  -2.8494371e-06  -6.9915531e-05  7.6285601e-07  1.5785999e-05  -6.0889943e-06  8.7169136e-09  
0.00010861549  0.0000000   4.2818498e-07  8.3238946e-07  -5.0909818e-05  -6.3189136e-06  -0.00011200252  4.9085794e-07  3.8053167e-06  5.2430756e-05  3.0241476e-08  0.00010861549  0.0000000   4.2818498e-07  8.3238946e-07  -5.0909818e-05  -6.3189136e-06  -0.00011200252  4.9085794e-07  3.8053167e-06  5.2430756e-05  3.0241476e-08  
-3.4547689e-06  -4.2818498e-07  0.0000000   0.0020007914  7.4528685e-07  4.5614796e-06  -7.4833891e-07  5.6400236e-05  -3.0500044e-06  -8.0461957e-07  -1.5503124e-05  -3.4547689e-06  -4.2818498e-07  0.0000000   0.0020007914  7.4528685e-07  4.5614796e-06  -7.4833891e-07  5.6400236e-05  -3.0500044e-06  -8.0461957e-07  -1.5503124e-05  
-1.4788992e-06  -8.3238946e-07  -0.0020007914  0.0000000   -8.7031141e-06  -6.1222636e-05  1.1374825e-06  -2.1978512e-05  -3.3962050e-06  1.7849799e-06  -1.1981776e-05  -1.4788992e-06  -8.3238946e-07  -0.0020007914  0.0000000   -8.7031141e-06  -6.1222636e-05  1.1374825e-06  -2.1978512e-05  -3.3962050e-06  1.7849799e-06  -1.1981776e-05  
1.0174751e-05  5.0909818e-05  -7.4528685e-07  8.7031141e-06  0.0000000   2.7139118e-06  6.6942098e-05  -9.6058878e-07  7.0131270e-05  -0.00019438668  -2.2944077e-07  1.0174751e-05  5.0909818e-05  -7.4528685e-07  8.7031141e-06  0.0000000   2.7139118e-06  6.6942098e-05  -9.6058878e-07  7.0131270e-05  -0.00019438668  -2.2944077e-07  
2.8494371e-06  6.3189136e-06  -4.5614796e-06  6.1222636e-05  -2.7139118e-06  0.0000000   -1.6314560e-06  0.00056411514  3.7183986e-06  -2.6474376e-06  -1.1811725e-05  2.8494371e-06  6.3189136e-06  -4.5614796e-06  6.1222636e-05  -2.7139118e-06  0.0000000   -1.6314560e-06  0.00056411514  3.7183986e-06  -2.6474376e-06  -1.1811725e-05  
6.9915531e-05  0.00011200252  7.4833891e-07  -1.1374825e-06  -6.6942098e-05  1.6314560e-06  0.0000000   -2.8141656e-05  5.7579749e-05  -3.5008763e-05  7.2294323e-07  6.9915531e-05  0.00011200252  7.4833891e-07  -1.1374825e-06  -6.6942098e-05  1.6314560e-06  0.0000000   -2.8141656e-05  5.7579749e-05  -3.5008763e-05  7.2294323e-07  
-7.6285601e-07  -4.9085794e-07  -5.6400236e-05  2.1978512e-05  9.6058878e-07  -0.00056411514  2.8141656e-05  0.0000000   -2.8944825e-07  1.9914048e-08  -6.0710435e-05  -7.6285601e-07  -4.9085794e-07  -5.6400236e-05  2.1978512e-05  9.6058878e-07  -0.00056411514  2.8141656e-05  0.0000000   -2.8944825e-07  1.9914048e-08  -6.0710435e-05  
-1.5785999e-05  -3.8053167e-06  3.0500044e-06  3.3962050e-06  -7.0131270e-05  -3.7183986e-06  -5.7579749e-05  2.8944825e-07  0.0000000   -0.00015936333  -5.6822010e-07  -1.5785999e-05  -3.8053167e-06  3.0500044e-06  3.3962050e-06  -7.0131270e-05  -3.7183986e-06  -5.7579749e-05  2.8944825e-07  0.0000000   -0.00015936333  -5.6822010e-07  
6.0889943e-06  -5.2430756e-05  8.0461957e-07  -1.7849799e-06  0.00019438668  2.6474376e-06  3.5008763e-05  -1.9914048e-08  0.00015936333  0.0000000   -1.3210562e-06  6.0889943e-06  -5.2430756e-05  8.0461957e-07  -1.7849799e-06  0.00019438668  2.6474376e-06  3.5008763e-05  -1.9914048e-08  0.00015936333  0.0000000   -1.3210562e-06  
-8.7169136e-09  -3.0241476e-08  1.5503124e-05  1.1981776e-05  2.2944077e-07  1.1811725e-05  -7.2294323e-07  6.0710435e-05  5.6822010e-07  1.3210562e-06  0.0000000   -8.7169136e-09  -3.0241476e-08  1.5503124e-05  1.1981776e-05  2.2944077e-07  1.1811725e-05  -7.2294323e-07  6.0710435e-05  5.6822010e-07  1.3210562e-06  0.0000000   
