0.0000000   2.8971194e-06  -4.3879309e-07  1.9148192e-06  6.8344505e-06  -1.2987720e-06  9.9800557e-05  8.2779547e-05  -1.8543139e-05  2.1596214e-05  4.2042167e-05  0.0000000   2.8971194e-06  -4.3879309e-07  1.9148192e-06  6.8344505e-06  -1.2987720e-06  9.9800557e-05  8.2779547e-05  -1.8543139e-05  2.1596214e-05  4.2042167e-05  
-2.8971194e-06  0.0000000   3.1357484e-05  -1.5259713e-05  7.6272124e-05  -0.00014545576  8.4414641e-07  3.1040680e-07  1.1216284e-06  1.9563662e-07  -5.6177447e-07  -2.8971194e-06  0.0000000   3.1357484e-05  -1.5259713e-05  7.6272124e-05  -0.00014545576  8.4414641e-07  3.1040680e-07  1.1216284e-06  1.9563662e-07  -5.6177447e-07  
4.3879309e-07  -3.1357484e-05  0.0000000   -0.0012512687  -0.00032169341  3.9395174e-05  -1.5605867e-06  -4.7046367e-07  -4.2328779e-07  3.4224397e-07  6.2910287e-08  4.3879309e-07  -3.1357484e-05  0.0000000   -0.0012512687  -0.00032169341  3.9395174e-05  -1.5605867e-06  -4.7046367e-07  -4.2328779e-07  3.4224397e-07  6.2910287e-08  
-1.9148192e-06  1.5259713e-05  0.0012512687  0.0000000   -0.00010763394  0.00012366749  1.3831425e-06  -1.3617604e-06  5.0458583e-07  9.6072532e-07  9.0875440e-07  -1.9148192e-06  1.5259713e-05  0.0012512687  0.0000000   -0.00010763394  0.00012366749  1.3831425e-06  -1.3617604e-06  5.0458583e-07  9.6072532e-07  9.0875440e-07  
-6.8344505e-06  -7.6272124e-05  0.00032169341  0.00010763394  0.0000000   -0.00021413987  4.9913551e-06  5.6730749e-06  -8.3629288e-07  -7.0842072e-07  -2.7858752e-08  -6.8344505e-06  -7.6272124e-05  0.00032169341  0.00010763394  0.0000000   -0.00021413987  4.9913551e-06  5.6730749e-06  -8.3629288e-07  -7.0842072e-07  -2.7858752e-08  
1.2987720e-06  0.00014545576  -3.9395174e-05  -0.00012366749  0.00021413987  0.0000000   7.3120646e-06  -7.2041305e-06  -5.1295967e-06  2.3096144e-07  1.1394025e-07  1.2987720e-06  0.00014545576  -3.9395174e-05  -0.00012366749  0.00021413987  0.0000000   7.3120646e-06  -7.2041305e-06  -5.1295967e-06  2.3096144e-07  1.1394025e-07  
-9.9800557e-05  -8.4414641e-07  1.5605867e-06  -1.3831425e-06  -4.9913551e-06  -7.3120646e-06  0.0000000   -0.00047697266  -6.8347949e-05  2.2602793e-05  2.0273251e-05  -9.9800557e-05  -8.4414641e-07  1.5605867e-06  -1.3831425e-06  -4.9913551e-06  -7.3120646e-06  0.0000000   -0.00047697266  -6.8347949e-05  2.2602793e-05  2.0273251e-05  
-8.2779547e-05  -3.1040680e-07  4.7046367e-07  1.3617604e-06  -5.6730749e-06  7.2041305e-06  0.00047697266  0.0000000   -0.00024583031  4.7153016e-06  -2.4104467e-06  -8.2779547e-05  -3.1040680e-07  4.7046367e-07  1.3617604e-06  -5.6730749e-06  7.2041305e-06  0.00047697266  0.0000000   -0.00024583031  4.7153016e-06  -2.4104467e-06  
1.8543139e-05  -1.1216284e-06  4.2328779e-07  -5.0458583e-07  8.3629288e-07  5.1295967e-06  6.8347949e-05  0.00024583031  0.0000000   -0.00081343787  5.4051083e-05  1.8543139e-05  -1.1216284e-06  4.2328779e-07  -5.0458583e-07  8.3629288e-07  5.1295967e-06  6.8347949e-05  0.00024583031  0.0000000   -0.00081343787  5.4051083e-05  
-2.1596214e-05  -1.9563662e-07  -3.4224397e-07  -9.6072532e-07  7.0842072e-07  -2.3096144e-07  -2.2602793e-05  -4.7153016e-06  0.00081343787  0.0000000   4.7017247e-05  -2.1596214e-05  -1.9563662e-07  -3.4224397e-07  -9.6072532e-07  7.0842072e-07  -2.3096144e-07  -2.2602793e-05  -4.7153016e-06  0.00081343787  0.0000000   4.7017247e-05  
-4.2042167e-05  5.6177447e-07  -6.2910287e-08  -9.0875440e-07  2.7858752e-08  -1.1394025e-07  -2.0273251e-05  2.4104467e-06  -5.4051083e-05  -4.7017247e-05  0.0000000   -4.2042167e-05  5.6177447e-07  -6.2910287e-08  -9.0875440e-07  2.7858752e-08  -1.1394025e-07  -2.0273251e-05  2.4104467e-06  -5.4051083e-05  -4.7017247e-05  0.0000000   
0.0000000   2.8971194e-06  -4.3879309e-07  1.9148192e-06  6.8344505e-06  -1.2987720e-06  9.9800557e-05  8.2779547e-05  -1.8543139e-05  2.1596214e-05  4.2042167e-05  0.0000000   2.8971194e-06  -4.3879309e-07  1.9148192e-06  6.8344505e-06  -1.2987720e-06  9.9800557e-05  8.2779547e-05  -1.8543139e-05  2.1596214e-05  4.2042167e-05  
-2.8971194e-06  0.0000000   3.1357484e-05  -1.5259713e-05  7.6272124e-05  -0.00014545576  8.4414641e-07  3.1040680e-07  1.1216284e-06  1.9563662e-07  -5.6177447e-07  -2.8971194e-06  0.0000000   3.1357484e-05  -1.5259713e-05  7.6272124e-05  -0.00014545576  8.4414641e-07  3.1040680e-07  1.1216284e-06  1.9563662e-07  -5.6177447e-07  
4.3879309e-07  -3.1357484e-05  0.0000000   -0.0012512687  -0.00032169341  3.9395174e-05  -1.5605867e-06  -4.7046367e-07  -4.2328779e-07  3.4224397e-07  6.2910287e-08  4.3879309e-07  -3.1357484e-05  0.0000000   -0.0012512687  -0.00032169341  3.9395174e-05  -1.5605867e-06  -4.7046367e-07  -4.2328779e-07  3.4224397e-07  6.2910287e-08  
-1.9148192e-06  1.5259713e-05  0.0012512687  0.0000000   -0.00010763394  0.00012366749  1.3831425e-06  -1.3617604e-06  5.0458583e-07  9.6072532e-07  9.0875440e-07  -1.9148192e-06  1.5259713e-05  0.0012512687  0.0000000   -0.00010763394  0.00012366749  1.3831425e-06  -1.3617604e-06  5.0458583e-07  9.6072532e-07  9.0875440e-07  
-6.8344505e-06  -7.6272124e-05  0.00032169341  0.00010763394  0.0000000   -0.00021413987  4.9913551e-06  5.6730749e-06  -8.3629288e-07  -7.0842072e-07  -2.7858752e-08  -6.8344505e-06  -7.6272124e-05  0.00032169341  0.00010763394  0.0000000   -0.00021413987  4.9913551e-06  5.6730749e-06  -8.3629288e-07  -7.0842072e-07  -2.7858752e-08  
1.2987720e-06  0.00014545576  -3.9395174e-05  -0.00012366749  0.00021413987  0.0000000   7.3120646e-06  -7.2041305e-06  -5.1295967e-06  2.3096144e-07  1.1394025e-07  1.2987720e-06  0.00014545576  -3.9395174e-05  -0.00012366749  0.00021413987  0.0000000   7.3120646e-06  -7.2041305e-06  -5.1295967e-06  2.3096144e-07  1.1394025e-07  
-9.9800557e-05  -8.4414641e-07  1.5605867e-06  -1.3831425e-06  -4.9913551e-06  -7.3120646e-06  0.0000000   -0.00047697266  -6.8347949e-05  2.2602793e-05  2.0273251e-05  -9.9800557e-05  -8.4414641e-07  1.5605867e-06  -1.3831425e-06  -4.9913551e-06  -7.3120646e-06  0.0000000   -0.00047697266  -6.8347949e-05  2.2602793e-05  2.0273251e-05  
-8.2779547e-05  -3.1040680e-07  4.7046367e-07  1.3617604e-06  -5.6730749e-06  7.2041305e-06  0.00047697266  0.0000000   -0.00024583031  4.7153016e-06  -2.4104467e-06  -8.2779547e-05  -3.1040680e-07  4.7046367e-07  1.3617604e-06  -5.6730749e-06  7.2041305e-06  0.00047697266  0.0000000   -0.00024583031  4.7153016e-06  -2.4104467e-06  
1.8543139e-05  -1.1216284e-06  4.2328779e-07  -5.0458583e-07  8.3629288e-07  5.1295967e-06  6.8347949e-05  0.00024583031  0.0000000   -0.00081343787  5.4051083e-05  1.8543139e-05  -1.1216284e-06  4.2328779e-07  -5.0458583e-07  8.3629288e-07  5.1295967e-06  6.8347949e-05  0.00024583031  0.0000000   -0.00081343787  5.4051083e-05  
-2.1596214e-05  -1.9563662e-07  -3.4224397e-07  -9.6072532e-07  7.0842072e-07  -2.3096144e-07  -2.2602793e-05  -4.7153016e-06  0.00081343787  0.0000000   4.7017247e-05  -2.1596214e-05  -1.9563662e-07  -3.4224397e-07  -9.6072532e-07  7.0842072e-07  -2.3096144e-07  -2.2602793e-05  -4.7153016e-06  0.00081343787  0.0000000   4.7017247e-05  
-4.2042167e-05  5.6177447e-07  -6.2910287e-08  -9.0875440e-07  2.7858752e-08  -1.1394025e-07  -2.0273251e-05  2.4104467e-06  -5.4051083e-05  -4.7017247e-05  0.0000000   -4.2042167e-05  5.6177447e-07  -6.2910287e-08  -9.0875440e-07  2.7858752e-08  -1.1394025e-07  -2.0273251e-05  2.4104467e-06  -5.4051083e-05  -4.7017247e-05  0.0000000   
