0.0000000   5.9472017e-07  6.8499136e-06  7.8126297e-05  -1.1028421e-06  1.1156709e-05  8.8785651e-06  -9.5379937e-05  -9.0221162e-07  2.6760879e-06  -2.8371395e-05  0.0000000   5.9472017e-07  6.8499136e-06  7.8126297e-05  -1.1028421e-06  1.1156709e-05  8.8785651e-06  -9.5379937e-05  -9.0221162e-07  2.6760879e-06  -2.8371395e-05  
-5.9472017e-07  0.0000000   -8.4455775e-05  6.2079183e-06  -3.8480320e-05  -1.9819952e-05  2.7119341e-06  -8.4134694e-06  -7.6685527e-06  -6.2706545e-06  -2.1135840e-06  -5.9472017e-07  0.0000000   -8.4455775e-05  6.2079183e-06  -3.8480320e-05  -1.9819952e-05  2.7119341e-06  -8.4134694e-06  -7.6685527e-06  -6.2706545e-06  -2.1135840e-06  
-6.8499136e-06  8.4455775e-05  0.0000000   1.1721367e-07  4.8578034e-05  -5.8074535e-06  -1.1408932e-06  7.9316107e-07  1.3615930e-05  1.3401032e-05  -1.0207098e-07  -6.8499136e-06  8.4455775e-05  0.0000000   1.1721367e-07  4.8578034e-05  -5.8074535e-06  -1.1408932e-06  7.9316107e-07  1.3615930e-05  1.3401032e-05  -1.0207098e-07  
-7.8126297e-05  -6.2079183e-06  -1.1721367e-07  0.0000000   1.3674577e-05  2.6043029e-05  -4.9264467e-05  4.9596360e-06  -1.2209753e-05  1.2854009e-05  8.9187533e-06  -7.8126297e-05  -6.2079183e-06  -1.1721367e-07  0.0000000   1.3674577e-05  2.6043029e-05  -4.9264467e-05  4.9596360e-06  -1.2209753e-05  1.2854009e-05  8.9187533e-06  
1.1028421e-06  3.8480320e-05  -4.8578034e-05  -1.3674577e-05  0.0000000   -0.017604941  0.0012784111  -0.00070895610  -6.0657733e-05  -5.0810192e-06  6.6184382e-06  1.1028421e-06  3.8480320e-05  -4.8578034e-05  -1.3674577e-05  0.0000000   -0.017604941  0.0012784111  -0.00070895610  -6.0657733e-05  -5.0810192e-06  6.6184382e-06  
-1.1156709e-05  1.9819952e-05  5.8074535e-06  -2.6043029e-05  0.017604941  0.0000000   -0.00064968717  0.00035054585  6.1420156e-05  -0.00011377222  1.4031557e-05  -1.1156709e-05  1.9819952e-05  5.8074535e-06  -2.6043029e-05  0.017604941  0.0000000   -0.00064968717  0.00035054585  6.1420156e-05  -0.00011377222  1.4031557e-05  
-8.8785651e-06  -2.7119341e-06  1.1408932e-06  4.9264467e-05  -0.0012784111  0.00064968717  0.0000000   -0.00035777656  -9.9465256e-05  0.00010832036  3.1261257e-05  -8.8785651e-06  -2.7119341e-06  1.1408932e-06  4.9264467e-05  -0.0012784111  0.00064968717  0.0000000   -0.00035777656  -9.9465256e-05  0.00010832036  3.1261257e-05  
9.5379937e-05  8.4134694e-06  -7.9316107e-07  -4.9596360e-06  0.00070895610  -0.00035054585  0.00035777656  0.0000000   -5.1130025e-05  4.8934668e-05  3.1395730e-06  9.5379937e-05  8.4134694e-06  -7.9316107e-07  -4.9596360e-06  0.00070895610  -0.00035054585  0.00035777656  0.0000000   -5.1130025e-05  4.8934668e-05  3.1395730e-06  
9.0221162e-07  7.6685527e-06  -1.3615930e-05  1.2209753e-05  6.0657733e-05  -6.1420156e-05  9.9465256e-05  5.1130025e-05  0.0000000   -6.9779533e-07  2.4993408e-05  9.0221162e-07  7.6685527e-06  -1.3615930e-05  1.2209753e-05  6.0657733e-05  -6.1420156e-05  9.9465256e-05  5.1130025e-05  0.0000000   -6.9779533e-07  2.4993408e-05  
-2.6760879e-06  6.2706545e-06  -1.3401032e-05  -1.2854009e-05  5.0810192e-06  0.00011377222  -0.00010832036  -4.8934668e-05  6.9779533e-07  0.0000000   -2.5612508e-05  -2.6760879e-06  6.2706545e-06  -1.3401032e-05  -1.2854009e-05  5.0810192e-06  0.00011377222  -0.00010832036  -4.8934668e-05  6.9779533e-07  0.0000000   -2.5612508e-05  
2.8371395e-05  2.1135840e-06  1.0207098e-07  -8.9187533e-06  -6.6184382e-06  -1.4031557e-05  -3.1261257e-05  -3.1395730e-06  -2.4993408e-05  2.5612508e-05  0.0000000   2.8371395e-05  2.1135840e-06  1.0207098e-07  -8.9187533e-06  -6.6184382e-06  -1.4031557e-05  -3.1261257e-05  -3.1395730e-06  -2.4993408e-05  2.5612508e-05  0.0000000   
0.0000000   5.9472017e-07  6.8499136e-06  7.8126297e-05  -1.1028421e-06  1.1156709e-05  8.8785651e-06  -9.5379937e-05  -9.0221162e-07  2.6760879e-06  -2.8371395e-05  0.0000000   5.9472017e-07  6.8499136e-06  7.8126297e-05  -1.1028421e-06  1.1156709e-05  8.8785651e-06  -9.5379937e-05  -9.0221162e-07  2.6760879e-06  -2.8371395e-05  
-5.9472017e-07  0.0000000   -8.4455775e-05  6.2079183e-06  -3.8480320e-05  -1.9819952e-05  2.7119341e-06  -8.4134694e-06  -7.6685527e-06  -6.2706545e-06  -2.1135840e-06  -5.9472017e-07  0.0000000   -8.4455775e-05  6.2079183e-06  -3.8480320e-05  -1.9819952e-05  2.7119341e-06  -8.4134694e-06  -7.6685527e-06  -6.2706545e-06  -2.1135840e-06  
-6.8499136e-06  8.4455775e-05  0.0000000   1.1721367e-07  4.8578034e-05  -5.8074535e-06  -1.1408932e-06  7.9316107e-07  1.3615930e-05  1.3401032e-05  -1.0207098e-07  -6.8499136e-06  8.4455775e-05  0.0000000   1.1721367e-07  4.8578034e-05  -5.8074535e-06  -1.1408932e-06  7.9316107e-07  1.3615930e-05  1.3401032e-05  -1.0207098e-07  
-7.8126297e-05  -6.2079183e-06  -1.1721367e-07  0.0000000   1.3674577e-05  2.6043029e-05  -4.9264467e-05  4.9596360e-06  -1.2209753e-05  1.2854009e-05  8.9187533e-06  -7.8126297e-05  -6.2079183e-06  -1.1721367e-07  0.0000000   1.3674577e-05  2.6043029e-05  -4.9264467e-05  4.9596360e-06  -1.2209753e-05  1.2854009e-05  8.9187533e-06  
1.1028421e-06  3.8480320e-05  -4.8578034e-05  -1.3674577e-05  0.0000000   -0.017604941  0.0012784111  -0.00070895610  -6.0657733e-05  -5.0810192e-06  6.6184382e-06  1.1028421e-06  3.8480320e-05  -4.8578034e-05  -1.3674577e-05  0.0000000   -0.017604941  0.0012784111  -0.00070895610  -6.0657733e-05  -5.0810192e-06  6.6184382e-06  
-1.1156709e-05  1.9819952e-05  5.8074535e-06  -2.6043029e-05  0.017604941  0.0000000   -0.00064968717  0.00035054585  6.1420156e-05  -0.00011377222  1.4031557e-05  -1.1156709e-05  1.9819952e-05  5.8074535e-06  -2.6043029e-05  0.017604941  0.0000000   -0.00064968717  0.00035054585  6.1420156e-05  -0.00011377222  1.4031557e-05  
-8.8785651e-06  -2.7119341e-06  1.1408932e-06  4.9264467e-05  -0.0012784111  0.00064968717  0.0000000   -0.00035777656  -9.9465256e-05  0.00010832036  3.1261257e-05  -8.8785651e-06  -2.7119341e-06  1.1408932e-06  4.9264467e-05  -0.0012784111  0.00064968717  0.0000000   -0.00035777656  -9.9465256e-05  0.00010832036  3.1261257e-05  
9.5379937e-05  8.4134694e-06  -7.9316107e-07  -4.9596360e-06  0.00070895610  -0.00035054585  0.00035777656  0.0000000   -5.1130025e-05  4.8934668e-05  3.1395730e-06  9.5379937e-05  8.4134694e-06  -7.9316107e-07  -4.9596360e-06  0.00070895610  -0.00035054585  0.00035777656  0.0000000   -5.1130025e-05  4.8934668e-05  3.1395730e-06  
9.0221162e-07  7.6685527e-06  -1.3615930e-05  1.2209753e-05  6.0657733e-05  -6.1420156e-05  9.9465256e-05  5.1130025e-05  0.0000000   -6.9779533e-07  2.4993408e-05  9.0221162e-07  7.6685527e-06  -1.3615930e-05  1.2209753e-05  6.0657733e-05  -6.1420156e-05  9.9465256e-05  5.1130025e-05  0.0000000   -6.9779533e-07  2.4993408e-05  
-2.6760879e-06  6.2706545e-06  -1.3401032e-05  -1.2854009e-05  5.0810192e-06  0.00011377222  -0.00010832036  -4.8934668e-05  6.9779533e-07  0.0000000   -2.5612508e-05  -2.6760879e-06  6.2706545e-06  -1.3401032e-05  -1.2854009e-05  5.0810192e-06  0.00011377222  -0.00010832036  -4.8934668e-05  6.9779533e-07  0.0000000   -2.5612508e-05  
2.8371395e-05  2.1135840e-06  1.0207098e-07  -8.9187533e-06  -6.6184382e-06  -1.4031557e-05  -3.1261257e-05  -3.1395730e-06  -2.4993408e-05  2.5612508e-05  0.0000000   2.8371395e-05  2.1135840e-06  1.0207098e-07  -8.9187533e-06  -6.6184382e-06  -1.4031557e-05  -3.1261257e-05  -3.1395730e-06  -2.4993408e-05  2.5612508e-05  0.0000000   
