0.0000000   -1.0023746e-06  -2.5647832e-06  -2.2017576e-05  3.3058428e-07  7.3942672e-06  0.00011939154  -3.6615981e-05  7.5626604e-07  -3.7217611e-06  -4.5122037e-07  0.0000000   -1.0023746e-06  -2.5647832e-06  -2.2017576e-05  3.3058428e-07  7.3942672e-06  0.00011939154  -3.6615981e-05  7.5626604e-07  -3.7217611e-06  -4.5122037e-07  
1.0023746e-06  0.0000000   0.00014101355  -7.8430474e-07  -1.5009691e-05  -9.7424385e-07  1.7666215e-06  2.4405128e-08  -8.0015614e-06  5.1330488e-07  9.4319519e-06  1.0023746e-06  0.0000000   0.00014101355  -7.8430474e-07  -1.5009691e-05  -9.7424385e-07  1.7666215e-06  2.4405128e-08  -8.0015614e-06  5.1330488e-07  9.4319519e-06  
2.5647832e-06  -0.00014101355  0.0000000   -3.2290511e-07  0.00012319123  -5.6667284e-07  -4.5169227e-07  2.7899222e-07  -1.8089660e-06  2.8756119e-07  -1.5205740e-05  2.5647832e-06  -0.00014101355  0.0000000   -3.2290511e-07  0.00012319123  -5.6667284e-07  -4.5169227e-07  2.7899222e-07  -1.8089660e-06  2.8756119e-07  -1.5205740e-05  
2.2017576e-05  7.8430474e-07  3.2290511e-07  0.0000000   -7.0805846e-07  -2.1113469e-05  8.5477340e-06  6.7901716e-06  -3.8111862e-07  2.7550453e-06  -1.9450247e-07  2.2017576e-05  7.8430474e-07  3.2290511e-07  0.0000000   -7.0805846e-07  -2.1113469e-05  8.5477340e-06  6.7901716e-06  -3.8111862e-07  2.7550453e-06  -1.9450247e-07  
-3.3058428e-07  1.5009691e-05  -0.00012319123  7.0805846e-07  0.0000000   -9.2807131e-07  -2.5469420e-07  1.4611863e-06  4.9268760e-05  -2.4312972e-07  -2.2757652e-05  -3.3058428e-07  1.5009691e-05  -0.00012319123  7.0805846e-07  0.0000000   -9.2807131e-07  -2.5469420e-07  1.4611863e-06  4.9268760e-05  -2.4312972e-07  -2.2757652e-05  
-7.3942672e-06  9.7424385e-07  5.6667284e-07  2.1113469e-05  9.2807131e-07  0.0000000   0.00070418104  0.00037669688  2.9415382e-07  0.00016066345  -1.6727480e-07  -7.3942672e-06  9.7424385e-07  5.6667284e-07  2.1113469e-05  9.2807131e-07  0.0000000   0.00070418104  0.00037669688  2.9415382e-07  0.00016066345  -1.6727480e-07  
-0.00011939154  -1.7666215e-06  4.5169227e-07  -8.5477340e-06  2.5469420e-07  -0.00070418104  0.0000000   0.00041793793  -3.8972793e-07  7.8882136e-05  2.6716979e-07  -0.00011939154  -1.7666215e-06  4.5169227e-07  -8.5477340e-06  2.5469420e-07  -0.00070418104  0.0000000   0.00041793793  -3.8972793e-07  7.8882136e-05  2.6716979e-07  
3.6615981e-05  -2.4405128e-08  -2.7899222e-07  -6.7901716e-06  -1.4611863e-06  -0.00037669688  -0.00041793793  0.0000000   -1.2765548e-07  -0.00018322433  -1.7823616e-08  3.6615981e-05  -2.4405128e-08  -2.7899222e-07  -6.7901716e-06  -1.4611863e-06  -0.00037669688  -0.00041793793  0.0000000   -1.2765548e-07  -0.00018322433  -1.7823616e-08  
-7.5626604e-07  8.0015614e-06  1.8089660e-06  3.8111862e-07  -4.9268760e-05  -2.9415382e-07  3.8972793e-07  1.2765548e-07  0.0000000   1.6502837e-07  0.00010595225  -7.5626604e-07  8.0015614e-06  1.8089660e-06  3.8111862e-07  -4.9268760e-05  -2.9415382e-07  3.8972793e-07  1.2765548e-07  0.0000000   1.6502837e-07  0.00010595225  
3.7217611e-06  -5.1330488e-07  -2.8756119e-07  -2.7550453e-06  2.4312972e-07  -0.00016066345  -7.8882136e-05  0.00018322433  -1.6502837e-07  0.0000000   1.9719874e-07  3.7217611e-06  -5.1330488e-07  -2.8756119e-07  -2.7550453e-06  2.4312972e-07  -0.00016066345  -7.8882136e-05  0.00018322433  -1.6502837e-07  0.0000000   1.9719874e-07  
4.5122037e-07  -9.4319519e-06  1.5205740e-05  1.9450247e-07  2.2757652e-05  1.6727480e-07  -2.6716979e-07  1.7823616e-08  -0.00010595225  -1.9719874e-07  0.0000000   4.5122037e-07  -9.4319519e-06  1.5205740e-05  1.9450247e-07  2.2757652e-05  1.6727480e-07  -2.6716979e-07  1.7823616e-08  -0.00010595225  -1.9719874e-07  0.0000000   
0.0000000   -1.0023746e-06  -2.5647832e-06  -2.2017576e-05  3.3058428e-07  7.3942672e-06  0.00011939154  -3.6615981e-05  7.5626604e-07  -3.7217611e-06  -4.5122037e-07  0.0000000   -1.0023746e-06  -2.5647832e-06  -2.2017576e-05  3.3058428e-07  7.3942672e-06  0.00011939154  -3.6615981e-05  7.5626604e-07  -3.7217611e-06  -4.5122037e-07  
1.0023746e-06  0.0000000   0.00014101355  -7.8430474e-07  -1.5009691e-05  -9.7424385e-07  1.7666215e-06  2.4405128e-08  -8.0015614e-06  5.1330488e-07  9.4319519e-06  1.0023746e-06  0.0000000   0.00014101355  -7.8430474e-07  -1.5009691e-05  -9.7424385e-07  1.7666215e-06  2.4405128e-08  -8.0015614e-06  5.1330488e-07  9.4319519e-06  
2.5647832e-06  -0.00014101355  0.0000000   -3.2290511e-07  0.00012319123  -5.6667284e-07  -4.5169227e-07  2.7899222e-07  -1.8089660e-06  2.8756119e-07  -1.5205740e-05  2.5647832e-06  -0.00014101355  0.0000000   -3.2290511e-07  0.00012319123  -5.6667284e-07  -4.5169227e-07  2.7899222e-07  -1.8089660e-06  2.8756119e-07  -1.5205740e-05  
2.2017576e-05  7.8430474e-07  3.2290511e-07  0.0000000   -7.0805846e-07  -2.1113469e-05  8.5477340e-06  6.7901716e-06  -3.8111862e-07  2.7550453e-06  -1.9450247e-07  2.2017576e-05  7.8430474e-07  3.2290511e-07  0.0000000   -7.0805846e-07  -2.1113469e-05  8.5477340e-06  6.7901716e-06  -3.8111862e-07  2.7550453e-06  -1.9450247e-07  
-3.3058428e-07  1.5009691e-05  -0.00012319123  7.0805846e-07  0.0000000   -9.2807131e-07  -2.5469420e-07  1.4611863e-06  4.9268760e-05  -2.4312972e-07  -2.2757652e-05  -3.3058428e-07  1.5009691e-05  -0.00012319123  7.0805846e-07  0.0000000   -9.2807131e-07  -2.5469420e-07  1.4611863e-06  4.9268760e-05  -2.4312972e-07  -2.2757652e-05  
-7.3942672e-06  9.7424385e-07  5.6667284e-07  2.1113469e-05  9.2807131e-07  0.0000000   0.00070418104  0.00037669688  2.9415382e-07  0.00016066345  -1.6727480e-07  -7.3942672e-06  9.7424385e-07  5.6667284e-07  2.1113469e-05  9.2807131e-07  0.0000000   0.00070418104  0.00037669688  2.9415382e-07  0.00016066345  -1.6727480e-07  
-0.00011939154  -1.7666215e-06  4.5169227e-07  -8.5477340e-06  2.5469420e-07  -0.00070418104  0.0000000   0.00041793793  -3.8972793e-07  7.8882136e-05  2.6716979e-07  -0.00011939154  -1.7666215e-06  4.5169227e-07  -8.5477340e-06  2.5469420e-07  -0.00070418104  0.0000000   0.00041793793  -3.8972793e-07  7.8882136e-05  2.6716979e-07  
3.6615981e-05  -2.4405128e-08  -2.7899222e-07  -6.7901716e-06  -1.4611863e-06  -0.00037669688  -0.00041793793  0.0000000   -1.2765548e-07  -0.00018322433  -1.7823616e-08  3.6615981e-05  -2.4405128e-08  -2.7899222e-07  -6.7901716e-06  -1.4611863e-06  -0.00037669688  -0.00041793793  0.0000000   -1.2765548e-07  -0.00018322433  -1.7823616e-08  
-7.5626604e-07  8.0015614e-06  1.8089660e-06  3.8111862e-07  -4.9268760e-05  -2.9415382e-07  3.8972793e-07  1.2765548e-07  0.0000000   1.6502837e-07  0.00010595225  -7.5626604e-07  8.0015614e-06  1.8089660e-06  3.8111862e-07  -4.9268760e-05  -2.9415382e-07  3.8972793e-07  1.2765548e-07  0.0000000   1.6502837e-07  0.00010595225  
3.7217611e-06  -5.1330488e-07  -2.8756119e-07  -2.7550453e-06  2.4312972e-07  -0.00016066345  -7.8882136e-05  0.00018322433  -1.6502837e-07  0.0000000   1.9719874e-07  3.7217611e-06  -5.1330488e-07  -2.8756119e-07  -2.7550453e-06  2.4312972e-07  -0.00016066345  -7.8882136e-05  0.00018322433  -1.6502837e-07  0.0000000   1.9719874e-07  
4.5122037e-07  -9.4319519e-06  1.5205740e-05  1.9450247e-07  2.2757652e-05  1.6727480e-07  -2.6716979e-07  1.7823616e-08  -0.00010595225  -1.9719874e-07  0.0000000   4.5122037e-07  -9.4319519e-06  1.5205740e-05  1.9450247e-07  2.2757652e-05  1.6727480e-07  -2.6716979e-07  1.7823616e-08  -0.00010595225  -1.9719874e-07  0.0000000   
