0.0000000   0.00018324804  -2.2935151e-06  -1.3261103e-06  -8.0095266e-05  6.2127861e-05  6.3495251e-06  4.8934844e-06  3.3804686e-07  1.9264273e-05  -1.8539263e-05  0.0000000   0.00018324804  -2.2935151e-06  -1.3261103e-06  -8.0095266e-05  6.2127861e-05  6.3495251e-06  4.8934844e-06  3.3804686e-07  1.9264273e-05  -1.8539263e-05  
-0.00018324804  0.0000000   -3.4167831e-08  6.1881307e-07  6.5203034e-06  -7.7041549e-06  -6.7712483e-06  7.3761700e-06  1.6012134e-06  2.4147378e-05  -5.0854335e-05  -0.00018324804  0.0000000   -3.4167831e-08  6.1881307e-07  6.5203034e-06  -7.7041549e-06  -6.7712483e-06  7.3761700e-06  1.6012134e-06  2.4147378e-05  -5.0854335e-05  
2.2935151e-06  3.4167831e-08  0.0000000   8.1013258e-05  -5.9232242e-07  -8.6456298e-07  -1.6915476e-05  -4.3822162e-06  1.0969542e-05  -2.6115741e-07  1.2856930e-06  2.2935151e-06  3.4167831e-08  0.0000000   8.1013258e-05  -5.9232242e-07  -8.6456298e-07  -1.6915476e-05  -4.3822162e-06  1.0969542e-05  -2.6115741e-07  1.2856930e-06  
1.3261103e-06  -6.1881307e-07  -8.1013258e-05  0.0000000   -4.1391435e-09  5.4246660e-07  2.7606679e-05  -8.5158632e-05  2.4174088e-05  1.3843931e-07  -7.7112401e-07  1.3261103e-06  -6.1881307e-07  -8.1013258e-05  0.0000000   -4.1391435e-09  5.4246660e-07  2.7606679e-05  -8.5158632e-05  2.4174088e-05  1.3843931e-07  -7.7112401e-07  
8.0095266e-05  -6.5203034e-06  5.9232242e-07  4.1391435e-09  0.0000000   2.9669479e-05  -5.7623413e-06  -5.0710447e-06  8.3561755e-09  1.3874850e-05  3.0555781e-05  8.0095266e-05  -6.5203034e-06  5.9232242e-07  4.1391435e-09  0.0000000   2.9669479e-05  -5.7623413e-06  -5.0710447e-06  8.3561755e-09  1.3874850e-05  3.0555781e-05  
-6.2127861e-05  7.7041549e-06  8.6456298e-07  -5.4246660e-07  -2.9669479e-05  0.0000000   1.0932357e-05  -0.00014878262  -5.6324565e-06  0.00011077369  -3.9354291e-05  -6.2127861e-05  7.7041549e-06  8.6456298e-07  -5.4246660e-07  -2.9669479e-05  0.0000000   1.0932357e-05  -0.00014878262  -5.6324565e-06  0.00011077369  -3.9354291e-05  
-6.3495251e-06  6.7712483e-06  1.6915476e-05  -2.7606679e-05  5.7623413e-06  -1.0932357e-05  0.0000000   -0.0040199368  -0.00015165888  -4.3408076e-07  8.0210266e-06  -6.3495251e-06  6.7712483e-06  1.6915476e-05  -2.7606679e-05  5.7623413e-06  -1.0932357e-05  0.0000000   -0.0040199368  -0.00015165888  -4.3408076e-07  8.0210266e-06  
-4.8934844e-06  -7.3761700e-06  4.3822162e-06  8.5158632e-05  5.0710447e-06  0.00014878262  0.0040199368  0.0000000   -0.00023484028  1.5198974e-06  -6.4671608e-07  -4.8934844e-06  -7.3761700e-06  4.3822162e-06  8.5158632e-05  5.0710447e-06  0.00014878262  0.0040199368  0.0000000   -0.00023484028  1.5198974e-06  -6.4671608e-07  
-3.3804686e-07  -1.6012134e-06  -1.0969542e-05  -2.4174088e-05  -8.3561755e-09  5.6324565e-06  0.00015165888  0.00023484028  0.0000000   1.7309482e-08  -1.5209838e-06  -3.3804686e-07  -1.6012134e-06  -1.0969542e-05  -2.4174088e-05  -8.3561755e-09  5.6324565e-06  0.00015165888  0.00023484028  0.0000000   1.7309482e-08  -1.5209838e-06  
-1.9264273e-05  -2.4147378e-05  2.6115741e-07  -1.3843931e-07  -1.3874850e-05  -0.00011077369  4.3408076e-07  -1.5198974e-06  -1.7309482e-08  0.0000000   -0.00019118463  -1.9264273e-05  -2.4147378e-05  2.6115741e-07  -1.3843931e-07  -1.3874850e-05  -0.00011077369  4.3408076e-07  -1.5198974e-06  -1.7309482e-08  0.0000000   -0.00019118463  
1.8539263e-05  5.0854335e-05  -1.2856930e-06  7.7112401e-07  -3.0555781e-05  3.9354291e-05  -8.0210266e-06  6.4671608e-07  1.5209838e-06  0.00019118463  0.0000000   1.8539263e-05  5.0854335e-05  -1.2856930e-06  7.7112401e-07  -3.0555781e-05  3.9354291e-05  -8.0210266e-06  6.4671608e-07  1.5209838e-06  0.00019118463  0.0000000   
0.0000000   0.00018324804  -2.2935151e-06  -1.3261103e-06  -8.0095266e-05  6.2127861e-05  6.3495251e-06  4.8934844e-06  3.3804686e-07  1.9264273e-05  -1.8539263e-05  0.0000000   0.00018324804  -2.2935151e-06  -1.3261103e-06  -8.0095266e-05  6.2127861e-05  6.3495251e-06  4.8934844e-06  3.3804686e-07  1.9264273e-05  -1.8539263e-05  
-0.00018324804  0.0000000   -3.4167831e-08  6.1881307e-07  6.5203034e-06  -7.7041549e-06  -6.7712483e-06  7.3761700e-06  1.6012134e-06  2.4147378e-05  -5.0854335e-05  -0.00018324804  0.0000000   -3.4167831e-08  6.1881307e-07  6.5203034e-06  -7.7041549e-06  -6.7712483e-06  7.3761700e-06  1.6012134e-06  2.4147378e-05  -5.0854335e-05  
2.2935151e-06  3.4167831e-08  0.0000000   8.1013258e-05  -5.9232242e-07  -8.6456298e-07  -1.6915476e-05  -4.3822162e-06  1.0969542e-05  -2.6115741e-07  1.2856930e-06  2.2935151e-06  3.4167831e-08  0.0000000   8.1013258e-05  -5.9232242e-07  -8.6456298e-07  -1.6915476e-05  -4.3822162e-06  1.0969542e-05  -2.6115741e-07  1.2856930e-06  
1.3261103e-06  -6.1881307e-07  -8.1013258e-05  0.0000000   -4.1391435e-09  5.4246660e-07  2.7606679e-05  -8.5158632e-05  2.4174088e-05  1.3843931e-07  -7.7112401e-07  1.3261103e-06  -6.1881307e-07  -8.1013258e-05  0.0000000   -4.1391435e-09  5.4246660e-07  2.7606679e-05  -8.5158632e-05  2.4174088e-05  1.3843931e-07  -7.7112401e-07  
8.0095266e-05  -6.5203034e-06  5.9232242e-07  4.1391435e-09  0.0000000   2.9669479e-05  -5.7623413e-06  -5.0710447e-06  8.3561755e-09  1.3874850e-05  3.0555781e-05  8.0095266e-05  -6.5203034e-06  5.9232242e-07  4.1391435e-09  0.0000000   2.9669479e-05  -5.7623413e-06  -5.0710447e-06  8.3561755e-09  1.3874850e-05  3.0555781e-05  
-6.2127861e-05  7.7041549e-06  8.6456298e-07  -5.4246660e-07  -2.9669479e-05  0.0000000   1.0932357e-05  -0.00014878262  -5.6324565e-06  0.00011077369  -3.9354291e-05  -6.2127861e-05  7.7041549e-06  8.6456298e-07  -5.4246660e-07  -2.9669479e-05  0.0000000   1.0932357e-05  -0.00014878262  -5.6324565e-06  0.00011077369  -3.9354291e-05  
-6.3495251e-06  6.7712483e-06  1.6915476e-05  -2.7606679e-05  5.7623413e-06  -1.0932357e-05  0.0000000   -0.0040199368  -0.00015165888  -4.3408076e-07  8.0210266e-06  -6.3495251e-06  6.7712483e-06  1.6915476e-05  -2.7606679e-05  5.7623413e-06  -1.0932357e-05  0.0000000   -0.0040199368  -0.00015165888  -4.3408076e-07  8.0210266e-06  
-4.8934844e-06  -7.3761700e-06  4.3822162e-06  8.5158632e-05  5.0710447e-06  0.00014878262  0.0040199368  0.0000000   -0.00023484028  1.5198974e-06  -6.4671608e-07  -4.8934844e-06  -7.3761700e-06  4.3822162e-06  8.5158632e-05  5.0710447e-06  0.00014878262  0.0040199368  0.0000000   -0.00023484028  1.5198974e-06  -6.4671608e-07  
-3.3804686e-07  -1.6012134e-06  -1.0969542e-05  -2.4174088e-05  -8.3561755e-09  5.6324565e-06  0.00015165888  0.00023484028  0.0000000   1.7309482e-08  -1.5209838e-06  -3.3804686e-07  -1.6012134e-06  -1.0969542e-05  -2.4174088e-05  -8.3561755e-09  5.6324565e-06  0.00015165888  0.00023484028  0.0000000   1.7309482e-08  -1.5209838e-06  
-1.9264273e-05  -2.4147378e-05  2.6115741e-07  -1.3843931e-07  -1.3874850e-05  -0.00011077369  4.3408076e-07  -1.5198974e-06  -1.7309482e-08  0.0000000   -0.00019118463  -1.9264273e-05  -2.4147378e-05  2.6115741e-07  -1.3843931e-07  -1.3874850e-05  -0.00011077369  4.3408076e-07  -1.5198974e-06  -1.7309482e-08  0.0000000   -0.00019118463  
1.8539263e-05  5.0854335e-05  -1.2856930e-06  7.7112401e-07  -3.0555781e-05  3.9354291e-05  -8.0210266e-06  6.4671608e-07  1.5209838e-06  0.00019118463  0.0000000   1.8539263e-05  5.0854335e-05  -1.2856930e-06  7.7112401e-07  -3.0555781e-05  3.9354291e-05  -8.0210266e-06  6.4671608e-07  1.5209838e-06  0.00019118463  0.0000000   
