0.0000000   0.00033008978  -2.0481361e-06  -1.4968955e-07  -1.8942206e-05  -1.7464353e-05  -0.00010639066  3.2375279e-05  -1.1539116e-05  7.7036678e-08  -3.8080976e-07  0.0000000   0.00033008978  -2.0481361e-06  -1.4968955e-07  -1.8942206e-05  -1.7464353e-05  -0.00010639066  3.2375279e-05  -1.1539116e-05  7.7036678e-08  -3.8080976e-07  
-0.00033008978  0.0000000   3.9122875e-07  3.5702995e-07  -1.7528634e-05  -5.2526116e-05  -3.4034726e-05  5.5050436e-06  -1.1566498e-05  -5.0661121e-07  1.5410541e-07  -0.00033008978  0.0000000   3.9122875e-07  3.5702995e-07  -1.7528634e-05  -5.2526116e-05  -3.4034726e-05  5.5050436e-06  -1.1566498e-05  -5.0661121e-07  1.5410541e-07  
2.0481361e-06  -3.9122875e-07  0.0000000   -7.0512364e-05  2.6960621e-07  -3.3406574e-07  -5.2280947e-07  4.9564687e-08  3.7836540e-07  -1.9991944e-05  1.5899124e-05  2.0481361e-06  -3.9122875e-07  0.0000000   -7.0512364e-05  2.6960621e-07  -3.3406574e-07  -5.2280947e-07  4.9564687e-08  3.7836540e-07  -1.9991944e-05  1.5899124e-05  
1.4968955e-07  -3.5702995e-07  7.0512364e-05  0.0000000   2.8146988e-07  -2.3409919e-07  -2.2680123e-07  -5.5359379e-07  3.4870611e-07  -5.9648620e-07  -1.3353737e-05  1.4968955e-07  -3.5702995e-07  7.0512364e-05  0.0000000   2.8146988e-07  -2.3409919e-07  -2.2680123e-07  -5.5359379e-07  3.4870611e-07  -5.9648620e-07  -1.3353737e-05  
1.8942206e-05  1.7528634e-05  -2.6960621e-07  -2.8146988e-07  0.0000000   -1.3823712e-05  -3.2213746e-05  -2.7733422e-06  4.6138231e-05  2.0417954e-07  1.4214616e-08  1.8942206e-05  1.7528634e-05  -2.6960621e-07  -2.8146988e-07  0.0000000   -1.3823712e-05  -3.2213746e-05  -2.7733422e-06  4.6138231e-05  2.0417954e-07  1.4214616e-08  
1.7464353e-05  5.2526116e-05  3.3406574e-07  2.3409919e-07  1.3823712e-05  0.0000000   -0.00044505290  -0.00038890874  -4.1612418e-05  9.3253289e-07  -3.3065677e-08  1.7464353e-05  5.2526116e-05  3.3406574e-07  2.3409919e-07  1.3823712e-05  0.0000000   -0.00044505290  -0.00038890874  -4.1612418e-05  9.3253289e-07  -3.3065677e-08  
0.00010639066  3.4034726e-05  5.2280947e-07  2.2680123e-07  3.2213746e-05  0.00044505290  0.0000000   -0.00040525927  9.8302882e-05  2.4326351e-06  3.2863288e-07  0.00010639066  3.4034726e-05  5.2280947e-07  2.2680123e-07  3.2213746e-05  0.00044505290  0.0000000   -0.00040525927  9.8302882e-05  2.4326351e-06  3.2863288e-07  
-3.2375279e-05  -5.5050436e-06  -4.9564687e-08  5.5359379e-07  2.7733422e-06  0.00038890874  0.00040525927  0.0000000   -0.00012506762  1.7626644e-06  -6.4760558e-08  -3.2375279e-05  -5.5050436e-06  -4.9564687e-08  5.5359379e-07  2.7733422e-06  0.00038890874  0.00040525927  0.0000000   -0.00012506762  1.7626644e-06  -6.4760558e-08  
1.1539116e-05  1.1566498e-05  -3.7836540e-07  -3.4870611e-07  -4.6138231e-05  4.1612418e-05  -9.8302882e-05  0.00012506762  0.0000000   -1.8485956e-07  -3.6379138e-07  1.1539116e-05  1.1566498e-05  -3.7836540e-07  -3.4870611e-07  -4.6138231e-05  4.1612418e-05  -9.8302882e-05  0.00012506762  0.0000000   -1.8485956e-07  -3.6379138e-07  
-7.7036678e-08  5.0661121e-07  1.9991944e-05  5.9648620e-07  -2.0417954e-07  -9.3253289e-07  -2.4326351e-06  -1.7626644e-06  1.8485956e-07  0.0000000   -8.5719827e-05  -7.7036678e-08  5.0661121e-07  1.9991944e-05  5.9648620e-07  -2.0417954e-07  -9.3253289e-07  -2.4326351e-06  -1.7626644e-06  1.8485956e-07  0.0000000   -8.5719827e-05  
3.8080976e-07  -1.5410541e-07  -1.5899124e-05  1.3353737e-05  -1.4214616e-08  3.3065677e-08  -3.2863288e-07  6.4760558e-08  3.6379138e-07  8.5719827e-05  0.0000000   3.8080976e-07  -1.5410541e-07  -1.5899124e-05  1.3353737e-05  -1.4214616e-08  3.3065677e-08  -3.2863288e-07  6.4760558e-08  3.6379138e-07  8.5719827e-05  0.0000000   
0.0000000   0.00033008978  -2.0481361e-06  -1.4968955e-07  -1.8942206e-05  -1.7464353e-05  -0.00010639066  3.2375279e-05  -1.1539116e-05  7.7036678e-08  -3.8080976e-07  0.0000000   0.00033008978  -2.0481361e-06  -1.4968955e-07  -1.8942206e-05  -1.7464353e-05  -0.00010639066  3.2375279e-05  -1.1539116e-05  7.7036678e-08  -3.8080976e-07  
-0.00033008978  0.0000000   3.9122875e-07  3.5702995e-07  -1.7528634e-05  -5.2526116e-05  -3.4034726e-05  5.5050436e-06  -1.1566498e-05  -5.0661121e-07  1.5410541e-07  -0.00033008978  0.0000000   3.9122875e-07  3.5702995e-07  -1.7528634e-05  -5.2526116e-05  -3.4034726e-05  5.5050436e-06  -1.1566498e-05  -5.0661121e-07  1.5410541e-07  
2.0481361e-06  -3.9122875e-07  0.0000000   -7.0512364e-05  2.6960621e-07  -3.3406574e-07  -5.2280947e-07  4.9564687e-08  3.7836540e-07  -1.9991944e-05  1.5899124e-05  2.0481361e-06  -3.9122875e-07  0.0000000   -7.0512364e-05  2.6960621e-07  -3.3406574e-07  -5.2280947e-07  4.9564687e-08  3.7836540e-07  -1.9991944e-05  1.5899124e-05  
1.4968955e-07  -3.5702995e-07  7.0512364e-05  0.0000000   2.8146988e-07  -2.3409919e-07  -2.2680123e-07  -5.5359379e-07  3.4870611e-07  -5.9648620e-07  -1.3353737e-05  1.4968955e-07  -3.5702995e-07  7.0512364e-05  0.0000000   2.8146988e-07  -2.3409919e-07  -2.2680123e-07  -5.5359379e-07  3.4870611e-07  -5.9648620e-07  -1.3353737e-05  
1.8942206e-05  1.7528634e-05  -2.6960621e-07  -2.8146988e-07  0.0000000   -1.3823712e-05  -3.2213746e-05  -2.7733422e-06  4.6138231e-05  2.0417954e-07  1.4214616e-08  1.8942206e-05  1.7528634e-05  -2.6960621e-07  -2.8146988e-07  0.0000000   -1.3823712e-05  -3.2213746e-05  -2.7733422e-06  4.6138231e-05  2.0417954e-07  1.4214616e-08  
1.7464353e-05  5.2526116e-05  3.3406574e-07  2.3409919e-07  1.3823712e-05  0.0000000   -0.00044505290  -0.00038890874  -4.1612418e-05  9.3253289e-07  -3.3065677e-08  1.7464353e-05  5.2526116e-05  3.3406574e-07  2.3409919e-07  1.3823712e-05  0.0000000   -0.00044505290  -0.00038890874  -4.1612418e-05  9.3253289e-07  -3.3065677e-08  
0.00010639066  3.4034726e-05  5.2280947e-07  2.2680123e-07  3.2213746e-05  0.00044505290  0.0000000   -0.00040525927  9.8302882e-05  2.4326351e-06  3.2863288e-07  0.00010639066  3.4034726e-05  5.2280947e-07  2.2680123e-07  3.2213746e-05  0.00044505290  0.0000000   -0.00040525927  9.8302882e-05  2.4326351e-06  3.2863288e-07  
-3.2375279e-05  -5.5050436e-06  -4.9564687e-08  5.5359379e-07  2.7733422e-06  0.00038890874  0.00040525927  0.0000000   -0.00012506762  1.7626644e-06  -6.4760558e-08  -3.2375279e-05  -5.5050436e-06  -4.9564687e-08  5.5359379e-07  2.7733422e-06  0.00038890874  0.00040525927  0.0000000   -0.00012506762  1.7626644e-06  -6.4760558e-08  
1.1539116e-05  1.1566498e-05  -3.7836540e-07  -3.4870611e-07  -4.6138231e-05  4.1612418e-05  -9.8302882e-05  0.00012506762  0.0000000   -1.8485956e-07  -3.6379138e-07  1.1539116e-05  1.1566498e-05  -3.7836540e-07  -3.4870611e-07  -4.6138231e-05  4.1612418e-05  -9.8302882e-05  0.00012506762  0.0000000   -1.8485956e-07  -3.6379138e-07  
-7.7036678e-08  5.0661121e-07  1.9991944e-05  5.9648620e-07  -2.0417954e-07  -9.3253289e-07  -2.4326351e-06  -1.7626644e-06  1.8485956e-07  0.0000000   -8.5719827e-05  -7.7036678e-08  5.0661121e-07  1.9991944e-05  5.9648620e-07  -2.0417954e-07  -9.3253289e-07  -2.4326351e-06  -1.7626644e-06  1.8485956e-07  0.0000000   -8.5719827e-05  
3.8080976e-07  -1.5410541e-07  -1.5899124e-05  1.3353737e-05  -1.4214616e-08  3.3065677e-08  -3.2863288e-07  6.4760558e-08  3.6379138e-07  8.5719827e-05  0.0000000   3.8080976e-07  -1.5410541e-07  -1.5899124e-05  1.3353737e-05  -1.4214616e-08  3.3065677e-08  -3.2863288e-07  6.4760558e-08  3.6379138e-07  8.5719827e-05  0.0000000   
