0.0000000   -0.00024183427  -1.6970414e-06  -3.4203332e-07  8.4444462e-08  -8.4471435e-07  -6.5420500e-07  -3.2704081e-06  1.4426190e-05  3.5563049e-07  1.8912624e-07  0.0000000   -0.00024183427  -1.6970414e-06  -3.4203332e-07  8.4444462e-08  -8.4471435e-07  -6.5420500e-07  -3.2704081e-06  1.4426190e-05  3.5563049e-07  1.8912624e-07  
0.00024183427  0.0000000   -7.5894022e-05  -6.7261883e-07  -1.9544999e-07  5.1636241e-07  2.2450474e-07  -2.7512019e-05  -1.1484512e-05  3.9003133e-07  3.2895526e-07  0.00024183427  0.0000000   -7.5894022e-05  -6.7261883e-07  -1.9544999e-07  5.1636241e-07  2.2450474e-07  -2.7512019e-05  -1.1484512e-05  3.9003133e-07  3.2895526e-07  
1.6970414e-06  7.5894022e-05  0.0000000   -8.8404644e-07  -1.6247934e-06  6.2721410e-07  -1.1920651e-07  -3.0105342e-05  2.4959719e-05  5.9688467e-08  1.5534517e-07  1.6970414e-06  7.5894022e-05  0.0000000   -8.8404644e-07  -1.6247934e-06  6.2721410e-07  -1.1920651e-07  -3.0105342e-05  2.4959719e-05  5.9688467e-08  1.5534517e-07  
3.4203332e-07  6.7261883e-07  8.8404644e-07  0.0000000   0.00015121605  2.2252464e-05  6.5516559e-06  -4.1095757e-07  -1.6212094e-07  -6.5830506e-06  -3.2338727e-05  3.4203332e-07  6.7261883e-07  8.8404644e-07  0.0000000   0.00015121605  2.2252464e-05  6.5516559e-06  -4.1095757e-07  -1.6212094e-07  -6.5830506e-06  -3.2338727e-05  
-8.4444462e-08  1.9544999e-07  1.6247934e-06  -0.00015121605  0.0000000   8.6162993e-05  -4.2518679e-05  1.9074186e-06  -7.4766820e-07  3.4945988e-06  -4.9220358e-05  -8.4444462e-08  1.9544999e-07  1.6247934e-06  -0.00015121605  0.0000000   8.6162993e-05  -4.2518679e-05  1.9074186e-06  -7.4766820e-07  3.4945988e-06  -4.9220358e-05  
8.4471435e-07  -5.1636241e-07  -6.2721410e-07  -2.2252464e-05  -8.6162993e-05  0.0000000   6.0048111e-05  -2.7798129e-07  -5.0108979e-07  -2.4473545e-05  -2.0220776e-05  8.4471435e-07  -5.1636241e-07  -6.2721410e-07  -2.2252464e-05  -8.6162993e-05  0.0000000   6.0048111e-05  -2.7798129e-07  -5.0108979e-07  -2.4473545e-05  -2.0220776e-05  
6.5420500e-07  -2.2450474e-07  1.1920651e-07  -6.5516559e-06  4.2518679e-05  -6.0048111e-05  0.0000000   -7.9029743e-08  2.5586062e-07  -8.6340580e-05  -7.8924705e-06  6.5420500e-07  -2.2450474e-07  1.1920651e-07  -6.5516559e-06  4.2518679e-05  -6.0048111e-05  0.0000000   -7.9029743e-08  2.5586062e-07  -8.6340580e-05  -7.8924705e-06  
3.2704081e-06  2.7512019e-05  3.0105342e-05  4.1095757e-07  -1.9074186e-06  2.7798129e-07  7.9029743e-08  0.0000000   8.4227926e-05  1.7471996e-07  6.2304814e-07  3.2704081e-06  2.7512019e-05  3.0105342e-05  4.1095757e-07  -1.9074186e-06  2.7798129e-07  7.9029743e-08  0.0000000   8.4227926e-05  1.7471996e-07  6.2304814e-07  
-1.4426190e-05  1.1484512e-05  -2.4959719e-05  1.6212094e-07  7.4766820e-07  5.0108979e-07  -2.5586062e-07  -8.4227926e-05  0.0000000   -5.6408968e-08  -6.4619633e-07  -1.4426190e-05  1.1484512e-05  -2.4959719e-05  1.6212094e-07  7.4766820e-07  5.0108979e-07  -2.5586062e-07  -8.4227926e-05  0.0000000   -5.6408968e-08  -6.4619633e-07  
-3.5563049e-07  -3.9003133e-07  -5.9688467e-08  6.5830506e-06  -3.4945988e-06  2.4473545e-05  8.6340580e-05  -1.7471996e-07  5.6408968e-08  0.0000000   -0.00018264098  -3.5563049e-07  -3.9003133e-07  -5.9688467e-08  6.5830506e-06  -3.4945988e-06  2.4473545e-05  8.6340580e-05  -1.7471996e-07  5.6408968e-08  0.0000000   -0.00018264098  
-1.8912624e-07  -3.2895526e-07  -1.5534517e-07  3.2338727e-05  4.9220358e-05  2.0220776e-05  7.8924705e-06  -6.2304814e-07  6.4619633e-07  0.00018264098  0.0000000   -1.8912624e-07  -3.2895526e-07  -1.5534517e-07  3.2338727e-05  4.9220358e-05  2.0220776e-05  7.8924705e-06  -6.2304814e-07  6.4619633e-07  0.00018264098  0.0000000   
0.0000000   -0.00024183427  -1.6970414e-06  -3.4203332e-07  8.4444462e-08  -8.4471435e-07  -6.5420500e-07  -3.2704081e-06  1.4426190e-05  3.5563049e-07  1.8912624e-07  0.0000000   -0.00024183427  -1.6970414e-06  -3.4203332e-07  8.4444462e-08  -8.4471435e-07  -6.5420500e-07  -3.2704081e-06  1.4426190e-05  3.5563049e-07  1.8912624e-07  
0.00024183427  0.0000000   -7.5894022e-05  -6.7261883e-07  -1.9544999e-07  5.1636241e-07  2.2450474e-07  -2.7512019e-05  -1.1484512e-05  3.9003133e-07  3.2895526e-07  0.00024183427  0.0000000   -7.5894022e-05  -6.7261883e-07  -1.9544999e-07  5.1636241e-07  2.2450474e-07  -2.7512019e-05  -1.1484512e-05  3.9003133e-07  3.2895526e-07  
1.6970414e-06  7.5894022e-05  0.0000000   -8.8404644e-07  -1.6247934e-06  6.2721410e-07  -1.1920651e-07  -3.0105342e-05  2.4959719e-05  5.9688467e-08  1.5534517e-07  1.6970414e-06  7.5894022e-05  0.0000000   -8.8404644e-07  -1.6247934e-06  6.2721410e-07  -1.1920651e-07  -3.0105342e-05  2.4959719e-05  5.9688467e-08  1.5534517e-07  
3.4203332e-07  6.7261883e-07  8.8404644e-07  0.0000000   0.00015121605  2.2252464e-05  6.5516559e-06  -4.1095757e-07  -1.6212094e-07  -6.5830506e-06  -3.2338727e-05  3.4203332e-07  6.7261883e-07  8.8404644e-07  0.0000000   0.00015121605  2.2252464e-05  6.5516559e-06  -4.1095757e-07  -1.6212094e-07  -6.5830506e-06  -3.2338727e-05  
-8.4444462e-08  1.9544999e-07  1.6247934e-06  -0.00015121605  0.0000000   8.6162993e-05  -4.2518679e-05  1.9074186e-06  -7.4766820e-07  3.4945988e-06  -4.9220358e-05  -8.4444462e-08  1.9544999e-07  1.6247934e-06  -0.00015121605  0.0000000   8.6162993e-05  -4.2518679e-05  1.9074186e-06  -7.4766820e-07  3.4945988e-06  -4.9220358e-05  
8.4471435e-07  -5.1636241e-07  -6.2721410e-07  -2.2252464e-05  -8.6162993e-05  0.0000000   6.0048111e-05  -2.7798129e-07  -5.0108979e-07  -2.4473545e-05  -2.0220776e-05  8.4471435e-07  -5.1636241e-07  -6.2721410e-07  -2.2252464e-05  -8.6162993e-05  0.0000000   6.0048111e-05  -2.7798129e-07  -5.0108979e-07  -2.4473545e-05  -2.0220776e-05  
6.5420500e-07  -2.2450474e-07  1.1920651e-07  -6.5516559e-06  4.2518679e-05  -6.0048111e-05  0.0000000   -7.9029743e-08  2.5586062e-07  -8.6340580e-05  -7.8924705e-06  6.5420500e-07  -2.2450474e-07  1.1920651e-07  -6.5516559e-06  4.2518679e-05  -6.0048111e-05  0.0000000   -7.9029743e-08  2.5586062e-07  -8.6340580e-05  -7.8924705e-06  
3.2704081e-06  2.7512019e-05  3.0105342e-05  4.1095757e-07  -1.9074186e-06  2.7798129e-07  7.9029743e-08  0.0000000   8.4227926e-05  1.7471996e-07  6.2304814e-07  3.2704081e-06  2.7512019e-05  3.0105342e-05  4.1095757e-07  -1.9074186e-06  2.7798129e-07  7.9029743e-08  0.0000000   8.4227926e-05  1.7471996e-07  6.2304814e-07  
-1.4426190e-05  1.1484512e-05  -2.4959719e-05  1.6212094e-07  7.4766820e-07  5.0108979e-07  -2.5586062e-07  -8.4227926e-05  0.0000000   -5.6408968e-08  -6.4619633e-07  -1.4426190e-05  1.1484512e-05  -2.4959719e-05  1.6212094e-07  7.4766820e-07  5.0108979e-07  -2.5586062e-07  -8.4227926e-05  0.0000000   -5.6408968e-08  -6.4619633e-07  
-3.5563049e-07  -3.9003133e-07  -5.9688467e-08  6.5830506e-06  -3.4945988e-06  2.4473545e-05  8.6340580e-05  -1.7471996e-07  5.6408968e-08  0.0000000   -0.00018264098  -3.5563049e-07  -3.9003133e-07  -5.9688467e-08  6.5830506e-06  -3.4945988e-06  2.4473545e-05  8.6340580e-05  -1.7471996e-07  5.6408968e-08  0.0000000   -0.00018264098  
-1.8912624e-07  -3.2895526e-07  -1.5534517e-07  3.2338727e-05  4.9220358e-05  2.0220776e-05  7.8924705e-06  -6.2304814e-07  6.4619633e-07  0.00018264098  0.0000000   -1.8912624e-07  -3.2895526e-07  -1.5534517e-07  3.2338727e-05  4.9220358e-05  2.0220776e-05  7.8924705e-06  -6.2304814e-07  6.4619633e-07  0.00018264098  0.0000000   
