0.0000000   0.0011148311  3.5308423e-05  3.4307291e-06  -4.5340097e-07  -1.1391059e-05  -3.2558242e-05  4.9566192e-05  2.0507296e-06  -1.3283109e-05  -2.3839868e-05  0.0000000   0.0011148311  3.5308423e-05  3.4307291e-06  -4.5340097e-07  -1.1391059e-05  -3.2558242e-05  4.9566192e-05  2.0507296e-06  -1.3283109e-05  -2.3839868e-05  
-0.0011148311  0.0000000   -0.00013228468  -0.00011498070  9.0882450e-06  5.9528896e-05  -8.5047846e-05  0.00011414542  1.6445537e-06  -6.0868648e-06  2.3151441e-05  -0.0011148311  0.0000000   -0.00013228468  -0.00011498070  9.0882450e-06  5.9528896e-05  -8.5047846e-05  0.00011414542  1.6445537e-06  -6.0868648e-06  2.3151441e-05  
-3.5308423e-05  0.00013228468  0.0000000   -0.00012738885  8.6144127e-07  5.6190831e-07  -3.2814296e-06  2.0777616e-05  -1.0821860e-05  8.3830663e-05  7.0031683e-05  -3.5308423e-05  0.00013228468  0.0000000   -0.00012738885  8.6144127e-07  5.6190831e-07  -3.2814296e-06  2.0777616e-05  -1.0821860e-05  8.3830663e-05  7.0031683e-05  
-3.4307291e-06  0.00011498070  0.00012738885  0.0000000   -2.3123373e-06  1.0079132e-05  6.3771666e-06  5.3878363e-05  1.7588713e-08  -6.7641344e-06  2.8698221e-07  -3.4307291e-06  0.00011498070  0.00012738885  0.0000000   -2.3123373e-06  1.0079132e-05  6.3771666e-06  5.3878363e-05  1.7588713e-08  -6.7641344e-06  2.8698221e-07  
4.5340097e-07  -9.0882450e-06  -8.6144127e-07  2.3123373e-06  0.0000000   -0.00080750454  -9.6443686e-05  4.3943583e-06  -0.00016360333  -2.1334056e-05  -9.8027060e-08  4.5340097e-07  -9.0882450e-06  -8.6144127e-07  2.3123373e-06  0.0000000   -0.00080750454  -9.6443686e-05  4.3943583e-06  -0.00016360333  -2.1334056e-05  -9.8027060e-08  
1.1391059e-05  -5.9528896e-05  -5.6190831e-07  -1.0079132e-05  0.00080750454  0.0000000   -0.0091708828  3.8131564e-05  -0.00012176825  -1.4115098e-05  -1.9577426e-06  1.1391059e-05  -5.9528896e-05  -5.6190831e-07  -1.0079132e-05  0.00080750454  0.0000000   -0.0091708828  3.8131564e-05  -0.00012176825  -1.4115098e-05  -1.9577426e-06  
3.2558242e-05  8.5047846e-05  3.2814296e-06  -6.3771666e-06  9.6443686e-05  0.0091708828  0.0000000   -0.00010388945  0.00025850375  3.4339906e-05  1.6436048e-06  3.2558242e-05  8.5047846e-05  3.2814296e-06  -6.3771666e-06  9.6443686e-05  0.0091708828  0.0000000   -0.00010388945  0.00025850375  3.4339906e-05  1.6436048e-06  
-4.9566192e-05  -0.00011414542  -2.0777616e-05  -5.3878363e-05  -4.3943583e-06  -3.8131564e-05  0.00010388945  0.0000000   3.2133020e-05  -0.00024332251  -2.9290904e-05  -4.9566192e-05  -0.00011414542  -2.0777616e-05  -5.3878363e-05  -4.3943583e-06  -3.8131564e-05  0.00010388945  0.0000000   3.2133020e-05  -0.00024332251  -2.9290904e-05  
-2.0507296e-06  -1.6445537e-06  1.0821860e-05  -1.7588713e-08  0.00016360333  0.00012176825  -0.00025850375  -3.2133020e-05  0.0000000   3.7954587e-07  2.5411562e-05  -2.0507296e-06  -1.6445537e-06  1.0821860e-05  -1.7588713e-08  0.00016360333  0.00012176825  -0.00025850375  -3.2133020e-05  0.0000000   3.7954587e-07  2.5411562e-05  
1.3283109e-05  6.0868648e-06  -8.3830663e-05  6.7641344e-06  2.1334056e-05  1.4115098e-05  -3.4339906e-05  0.00024332251  -3.7954587e-07  0.0000000   -0.00018540423  1.3283109e-05  6.0868648e-06  -8.3830663e-05  6.7641344e-06  2.1334056e-05  1.4115098e-05  -3.4339906e-05  0.00024332251  -3.7954587e-07  0.0000000   -0.00018540423  
2.3839868e-05  -2.3151441e-05  -7.0031683e-05  -2.8698221e-07  9.8027060e-08  1.9577426e-06  -1.6436048e-06  2.9290904e-05  -2.5411562e-05  0.00018540423  0.0000000   2.3839868e-05  -2.3151441e-05  -7.0031683e-05  -2.8698221e-07  9.8027060e-08  1.9577426e-06  -1.6436048e-06  2.9290904e-05  -2.5411562e-05  0.00018540423  0.0000000   
0.0000000   0.0011148311  3.5308423e-05  3.4307291e-06  -4.5340097e-07  -1.1391059e-05  -3.2558242e-05  4.9566192e-05  2.0507296e-06  -1.3283109e-05  -2.3839868e-05  0.0000000   0.0011148311  3.5308423e-05  3.4307291e-06  -4.5340097e-07  -1.1391059e-05  -3.2558242e-05  4.9566192e-05  2.0507296e-06  -1.3283109e-05  -2.3839868e-05  
-0.0011148311  0.0000000   -0.00013228468  -0.00011498070  9.0882450e-06  5.9528896e-05  -8.5047846e-05  0.00011414542  1.6445537e-06  -6.0868648e-06  2.3151441e-05  -0.0011148311  0.0000000   -0.00013228468  -0.00011498070  9.0882450e-06  5.9528896e-05  -8.5047846e-05  0.00011414542  1.6445537e-06  -6.0868648e-06  2.3151441e-05  
-3.5308423e-05  0.00013228468  0.0000000   -0.00012738885  8.6144127e-07  5.6190831e-07  -3.2814296e-06  2.0777616e-05  -1.0821860e-05  8.3830663e-05  7.0031683e-05  -3.5308423e-05  0.00013228468  0.0000000   -0.00012738885  8.6144127e-07  5.6190831e-07  -3.2814296e-06  2.0777616e-05  -1.0821860e-05  8.3830663e-05  7.0031683e-05  
-3.4307291e-06  0.00011498070  0.00012738885  0.0000000   -2.3123373e-06  1.0079132e-05  6.3771666e-06  5.3878363e-05  1.7588713e-08  -6.7641344e-06  2.8698221e-07  -3.4307291e-06  0.00011498070  0.00012738885  0.0000000   -2.3123373e-06  1.0079132e-05  6.3771666e-06  5.3878363e-05  1.7588713e-08  -6.7641344e-06  2.8698221e-07  
4.5340097e-07  -9.0882450e-06  -8.6144127e-07  2.3123373e-06  0.0000000   -0.00080750454  -9.6443686e-05  4.3943583e-06  -0.00016360333  -2.1334056e-05  -9.8027060e-08  4.5340097e-07  -9.0882450e-06  -8.6144127e-07  2.3123373e-06  0.0000000   -0.00080750454  -9.6443686e-05  4.3943583e-06  -0.00016360333  -2.1334056e-05  -9.8027060e-08  
1.1391059e-05  -5.9528896e-05  -5.6190831e-07  -1.0079132e-05  0.00080750454  0.0000000   -0.0091708828  3.8131564e-05  -0.00012176825  -1.4115098e-05  -1.9577426e-06  1.1391059e-05  -5.9528896e-05  -5.6190831e-07  -1.0079132e-05  0.00080750454  0.0000000   -0.0091708828  3.8131564e-05  -0.00012176825  -1.4115098e-05  -1.9577426e-06  
3.2558242e-05  8.5047846e-05  3.2814296e-06  -6.3771666e-06  9.6443686e-05  0.0091708828  0.0000000   -0.00010388945  0.00025850375  3.4339906e-05  1.6436048e-06  3.2558242e-05  8.5047846e-05  3.2814296e-06  -6.3771666e-06  9.6443686e-05  0.0091708828  0.0000000   -0.00010388945  0.00025850375  3.4339906e-05  1.6436048e-06  
-4.9566192e-05  -0.00011414542  -2.0777616e-05  -5.3878363e-05  -4.3943583e-06  -3.8131564e-05  0.00010388945  0.0000000   3.2133020e-05  -0.00024332251  -2.9290904e-05  -4.9566192e-05  -0.00011414542  -2.0777616e-05  -5.3878363e-05  -4.3943583e-06  -3.8131564e-05  0.00010388945  0.0000000   3.2133020e-05  -0.00024332251  -2.9290904e-05  
-2.0507296e-06  -1.6445537e-06  1.0821860e-05  -1.7588713e-08  0.00016360333  0.00012176825  -0.00025850375  -3.2133020e-05  0.0000000   3.7954587e-07  2.5411562e-05  -2.0507296e-06  -1.6445537e-06  1.0821860e-05  -1.7588713e-08  0.00016360333  0.00012176825  -0.00025850375  -3.2133020e-05  0.0000000   3.7954587e-07  2.5411562e-05  
1.3283109e-05  6.0868648e-06  -8.3830663e-05  6.7641344e-06  2.1334056e-05  1.4115098e-05  -3.4339906e-05  0.00024332251  -3.7954587e-07  0.0000000   -0.00018540423  1.3283109e-05  6.0868648e-06  -8.3830663e-05  6.7641344e-06  2.1334056e-05  1.4115098e-05  -3.4339906e-05  0.00024332251  -3.7954587e-07  0.0000000   -0.00018540423  
2.3839868e-05  -2.3151441e-05  -7.0031683e-05  -2.8698221e-07  9.8027060e-08  1.9577426e-06  -1.6436048e-06  2.9290904e-05  -2.5411562e-05  0.00018540423  0.0000000   2.3839868e-05  -2.3151441e-05  -7.0031683e-05  -2.8698221e-07  9.8027060e-08  1.9577426e-06  -1.6436048e-06  2.9290904e-05  -2.5411562e-05  0.00018540423  0.0000000   
