0.0000000   0.00052565363  4.9273335e-07  1.0322253e-07  -5.3358776e-05  4.9726103e-06  8.7197185e-05  -1.9000053e-05  -9.4779019e-07  2.9359314e-06  -3.8044419e-05  0.0000000   0.00052565363  4.9273335e-07  1.0322253e-07  -5.3358776e-05  4.9726103e-06  8.7197185e-05  -1.9000053e-05  -9.4779019e-07  2.9359314e-06  -3.8044419e-05  
-0.00052565363  0.0000000   1.4470168e-06  4.4631463e-07  -3.4218946e-05  -2.7174070e-05  -3.6227549e-05  -5.4896321e-05  2.1594642e-07  -9.3744138e-07  1.7623321e-05  -0.00052565363  0.0000000   1.4470168e-06  4.4631463e-07  -3.4218946e-05  -2.7174070e-05  -3.6227549e-05  -5.4896321e-05  2.1594642e-07  -9.3744138e-07  1.7623321e-05  
-4.9273335e-07  -1.4470168e-06  0.0000000   -0.00026110019  9.1702610e-07  -5.7206487e-07  -1.0478901e-06  -6.0312202e-07  -3.1211828e-05  2.2936521e-07  9.7077305e-07  -4.9273335e-07  -1.4470168e-06  0.0000000   -0.00026110019  9.1702610e-07  -5.7206487e-07  -1.0478901e-06  -6.0312202e-07  -3.1211828e-05  2.2936521e-07  9.7077305e-07  
-1.0322253e-07  -4.4631463e-07  0.00026110019  0.0000000   -5.6459255e-08  2.4025972e-07  -3.7026501e-07  6.4952790e-07  -3.0013366e-05  4.7485853e-07  -1.1800826e-07  -1.0322253e-07  -4.4631463e-07  0.00026110019  0.0000000   -5.6459255e-08  2.4025972e-07  -3.7026501e-07  6.4952790e-07  -3.0013366e-05  4.7485853e-07  -1.1800826e-07  
5.3358776e-05  3.4218946e-05  -9.1702610e-07  5.6459255e-08  0.0000000   -2.7257263e-05  -2.1228652e-06  9.5573195e-05  6.6054608e-07  0.00012460276  1.4380214e-05  5.3358776e-05  3.4218946e-05  -9.1702610e-07  5.6459255e-08  0.0000000   -2.7257263e-05  -2.1228652e-06  9.5573195e-05  6.6054608e-07  0.00012460276  1.4380214e-05  
-4.9726103e-06  2.7174070e-05  5.7206487e-07  -2.4025972e-07  2.7257263e-05  0.0000000   0.00036090204  0.00057925492  -2.6804200e-07  -5.9814781e-05  2.9903674e-05  -4.9726103e-06  2.7174070e-05  5.7206487e-07  -2.4025972e-07  2.7257263e-05  0.0000000   0.00036090204  0.00057925492  -2.6804200e-07  -5.9814781e-05  2.9903674e-05  
-8.7197185e-05  3.6227549e-05  1.0478901e-06  3.7026501e-07  2.1228652e-06  -0.00036090204  0.0000000   -0.00079992311  7.8755204e-07  0.00019750306  2.8212212e-06  -8.7197185e-05  3.6227549e-05  1.0478901e-06  3.7026501e-07  2.1228652e-06  -0.00036090204  0.0000000   -0.00079992311  7.8755204e-07  0.00019750306  2.8212212e-06  
1.9000053e-05  5.4896321e-05  6.0312202e-07  -6.4952790e-07  -9.5573195e-05  -0.00057925492  0.00079992311  0.0000000   3.5366812e-07  6.2377042e-06  2.1440972e-05  1.9000053e-05  5.4896321e-05  6.0312202e-07  -6.4952790e-07  -9.5573195e-05  -0.00057925492  0.00079992311  0.0000000   3.5366812e-07  6.2377042e-06  2.1440972e-05  
9.4779019e-07  -2.1594642e-07  3.1211828e-05  3.0013366e-05  -6.6054608e-07  2.6804200e-07  -7.8755204e-07  -3.5366812e-07  0.0000000   1.2848045e-07  -2.1775450e-07  9.4779019e-07  -2.1594642e-07  3.1211828e-05  3.0013366e-05  -6.6054608e-07  2.6804200e-07  -7.8755204e-07  -3.5366812e-07  0.0000000   1.2848045e-07  -2.1775450e-07  
-2.9359314e-06  9.3744138e-07  -2.2936521e-07  -4.7485853e-07  -0.00012460276  5.9814781e-05  -0.00019750306  -6.2377042e-06  -1.2848045e-07  0.0000000   1.9770348e-05  -2.9359314e-06  9.3744138e-07  -2.2936521e-07  -4.7485853e-07  -0.00012460276  5.9814781e-05  -0.00019750306  -6.2377042e-06  -1.2848045e-07  0.0000000   1.9770348e-05  
3.8044419e-05  -1.7623321e-05  -9.7077305e-07  1.1800826e-07  -1.4380214e-05  -2.9903674e-05  -2.8212212e-06  -2.1440972e-05  2.1775450e-07  -1.9770348e-05  0.0000000   3.8044419e-05  -1.7623321e-05  -9.7077305e-07  1.1800826e-07  -1.4380214e-05  -2.9903674e-05  -2.8212212e-06  -2.1440972e-05  2.1775450e-07  -1.9770348e-05  0.0000000   
0.0000000   0.00052565363  4.9273335e-07  1.0322253e-07  -5.3358776e-05  4.9726103e-06  8.7197185e-05  -1.9000053e-05  -9.4779019e-07  2.9359314e-06  -3.8044419e-05  0.0000000   0.00052565363  4.9273335e-07  1.0322253e-07  -5.3358776e-05  4.9726103e-06  8.7197185e-05  -1.9000053e-05  -9.4779019e-07  2.9359314e-06  -3.8044419e-05  
-0.00052565363  0.0000000   1.4470168e-06  4.4631463e-07  -3.4218946e-05  -2.7174070e-05  -3.6227549e-05  -5.4896321e-05  2.1594642e-07  -9.3744138e-07  1.7623321e-05  -0.00052565363  0.0000000   1.4470168e-06  4.4631463e-07  -3.4218946e-05  -2.7174070e-05  -3.6227549e-05  -5.4896321e-05  2.1594642e-07  -9.3744138e-07  1.7623321e-05  
-4.9273335e-07  -1.4470168e-06  0.0000000   -0.00026110019  9.1702610e-07  -5.7206487e-07  -1.0478901e-06  -6.0312202e-07  -3.1211828e-05  2.2936521e-07  9.7077305e-07  -4.9273335e-07  -1.4470168e-06  0.0000000   -0.00026110019  9.1702610e-07  -5.7206487e-07  -1.0478901e-06  -6.0312202e-07  -3.1211828e-05  2.2936521e-07  9.7077305e-07  
-1.0322253e-07  -4.4631463e-07  0.00026110019  0.0000000   -5.6459255e-08  2.4025972e-07  -3.7026501e-07  6.4952790e-07  -3.0013366e-05  4.7485853e-07  -1.1800826e-07  -1.0322253e-07  -4.4631463e-07  0.00026110019  0.0000000   -5.6459255e-08  2.4025972e-07  -3.7026501e-07  6.4952790e-07  -3.0013366e-05  4.7485853e-07  -1.1800826e-07  
5.3358776e-05  3.4218946e-05  -9.1702610e-07  5.6459255e-08  0.0000000   -2.7257263e-05  -2.1228652e-06  9.5573195e-05  6.6054608e-07  0.00012460276  1.4380214e-05  5.3358776e-05  3.4218946e-05  -9.1702610e-07  5.6459255e-08  0.0000000   -2.7257263e-05  -2.1228652e-06  9.5573195e-05  6.6054608e-07  0.00012460276  1.4380214e-05  
-4.9726103e-06  2.7174070e-05  5.7206487e-07  -2.4025972e-07  2.7257263e-05  0.0000000   0.00036090204  0.00057925492  -2.6804200e-07  -5.9814781e-05  2.9903674e-05  -4.9726103e-06  2.7174070e-05  5.7206487e-07  -2.4025972e-07  2.7257263e-05  0.0000000   0.00036090204  0.00057925492  -2.6804200e-07  -5.9814781e-05  2.9903674e-05  
-8.7197185e-05  3.6227549e-05  1.0478901e-06  3.7026501e-07  2.1228652e-06  -0.00036090204  0.0000000   -0.00079992311  7.8755204e-07  0.00019750306  2.8212212e-06  -8.7197185e-05  3.6227549e-05  1.0478901e-06  3.7026501e-07  2.1228652e-06  -0.00036090204  0.0000000   -0.00079992311  7.8755204e-07  0.00019750306  2.8212212e-06  
1.9000053e-05  5.4896321e-05  6.0312202e-07  -6.4952790e-07  -9.5573195e-05  -0.00057925492  0.00079992311  0.0000000   3.5366812e-07  6.2377042e-06  2.1440972e-05  1.9000053e-05  5.4896321e-05  6.0312202e-07  -6.4952790e-07  -9.5573195e-05  -0.00057925492  0.00079992311  0.0000000   3.5366812e-07  6.2377042e-06  2.1440972e-05  
9.4779019e-07  -2.1594642e-07  3.1211828e-05  3.0013366e-05  -6.6054608e-07  2.6804200e-07  -7.8755204e-07  -3.5366812e-07  0.0000000   1.2848045e-07  -2.1775450e-07  9.4779019e-07  -2.1594642e-07  3.1211828e-05  3.0013366e-05  -6.6054608e-07  2.6804200e-07  -7.8755204e-07  -3.5366812e-07  0.0000000   1.2848045e-07  -2.1775450e-07  
-2.9359314e-06  9.3744138e-07  -2.2936521e-07  -4.7485853e-07  -0.00012460276  5.9814781e-05  -0.00019750306  -6.2377042e-06  -1.2848045e-07  0.0000000   1.9770348e-05  -2.9359314e-06  9.3744138e-07  -2.2936521e-07  -4.7485853e-07  -0.00012460276  5.9814781e-05  -0.00019750306  -6.2377042e-06  -1.2848045e-07  0.0000000   1.9770348e-05  
3.8044419e-05  -1.7623321e-05  -9.7077305e-07  1.1800826e-07  -1.4380214e-05  -2.9903674e-05  -2.8212212e-06  -2.1440972e-05  2.1775450e-07  -1.9770348e-05  0.0000000   3.8044419e-05  -1.7623321e-05  -9.7077305e-07  1.1800826e-07  -1.4380214e-05  -2.9903674e-05  -2.8212212e-06  -2.1440972e-05  2.1775450e-07  -1.9770348e-05  0.0000000   
