0.0000000   6.4228809e-07  -8.4335551e-05  -7.1816374e-07  2.1350313e-07  3.3659746e-06  7.2450407e-08  -3.4657008e-05  1.2069647e-05  -8.8062303e-08  -3.0822667e-05  0.0000000   6.4228809e-07  -8.4335551e-05  -7.1816374e-07  2.1350313e-07  3.3659746e-06  7.2450407e-08  -3.4657008e-05  1.2069647e-05  -8.8062303e-08  -3.0822667e-05  
-6.4228809e-07  0.0000000   -7.5330039e-07  7.9742844e-05  -3.5659644e-05  0.00012330453  2.6206802e-05  -1.3850109e-06  -7.2793686e-07  -4.7259115e-07  -3.3586499e-07  -6.4228809e-07  0.0000000   -7.5330039e-07  7.9742844e-05  -3.5659644e-05  0.00012330453  2.6206802e-05  -1.3850109e-06  -7.2793686e-07  -4.7259115e-07  -3.3586499e-07  
8.4335551e-05  7.5330039e-07  0.0000000   -1.1285155e-07  8.9199945e-08  -2.4773236e-07  4.3679134e-07  -4.1748462e-05  -4.5879166e-07  -0.00010477083  4.0534597e-05  8.4335551e-05  7.5330039e-07  0.0000000   -1.1285155e-07  8.9199945e-08  -2.4773236e-07  4.3679134e-07  -4.1748462e-05  -4.5879166e-07  -0.00010477083  4.0534597e-05  
7.1816374e-07  -7.9742844e-05  1.1285155e-07  0.0000000   -8.6264666e-05  -8.6908893e-05  3.8601786e-05  1.3800775e-06  1.8433004e-06  -4.9117954e-06  4.6173732e-07  7.1816374e-07  -7.9742844e-05  1.1285155e-07  0.0000000   -8.6264666e-05  -8.6908893e-05  3.8601786e-05  1.3800775e-06  1.8433004e-06  -4.9117954e-06  4.6173732e-07  
-2.1350313e-07  3.5659644e-05  -8.9199945e-08  8.6264666e-05  0.0000000   8.9674952e-05  5.8251396e-05  -1.4664421e-06  1.8058908e-06  -1.1934973e-06  -1.1134357e-07  -2.1350313e-07  3.5659644e-05  -8.9199945e-08  8.6264666e-05  0.0000000   8.9674952e-05  5.8251396e-05  -1.4664421e-06  1.8058908e-06  -1.1934973e-06  -1.1134357e-07  
-3.3659746e-06  -0.00012330453  2.4773236e-07  8.6908893e-05  -8.9674952e-05  0.0000000   0.00097439066  5.0052161e-06  -7.9171580e-06  -2.5231655e-06  -1.7860633e-06  -3.3659746e-06  -0.00012330453  2.4773236e-07  8.6908893e-05  -8.9674952e-05  0.0000000   0.00097439066  5.0052161e-06  -7.9171580e-06  -2.5231655e-06  -1.7860633e-06  
-7.2450407e-08  -2.6206802e-05  -4.3679134e-07  -3.8601786e-05  -5.8251396e-05  -0.00097439066  0.0000000   9.1562943e-06  -3.8036440e-06  1.4685754e-05  -5.8249785e-08  -7.2450407e-08  -2.6206802e-05  -4.3679134e-07  -3.8601786e-05  -5.8251396e-05  -0.00097439066  0.0000000   9.1562943e-06  -3.8036440e-06  1.4685754e-05  -5.8249785e-08  
3.4657008e-05  1.3850109e-06  4.1748462e-05  -1.3800775e-06  1.4664421e-06  -5.0052161e-06  -9.1562943e-06  0.0000000   0.00040789125  5.5101999e-05  -3.7330090e-05  3.4657008e-05  1.3850109e-06  4.1748462e-05  -1.3800775e-06  1.4664421e-06  -5.0052161e-06  -9.1562943e-06  0.0000000   0.00040789125  5.5101999e-05  -3.7330090e-05  
-1.2069647e-05  7.2793686e-07  4.5879166e-07  -1.8433004e-06  -1.8058908e-06  7.9171580e-06  3.8036440e-06  -0.00040789125  0.0000000   0.0023456672  -9.4365763e-06  -1.2069647e-05  7.2793686e-07  4.5879166e-07  -1.8433004e-06  -1.8058908e-06  7.9171580e-06  3.8036440e-06  -0.00040789125  0.0000000   0.0023456672  -9.4365763e-06  
8.8062303e-08  4.7259115e-07  0.00010477083  4.9117954e-06  1.1934973e-06  2.5231655e-06  -1.4685754e-05  -5.5101999e-05  -0.0023456672  0.0000000   -0.00040443585  8.8062303e-08  4.7259115e-07  0.00010477083  4.9117954e-06  1.1934973e-06  2.5231655e-06  -1.4685754e-05  -5.5101999e-05  -0.0023456672  0.0000000   -0.00040443585  
3.0822667e-05  3.3586499e-07  -4.0534597e-05  -4.6173732e-07  1.1134357e-07  1.7860633e-06  5.8249785e-08  3.7330090e-05  9.4365763e-06  0.00040443585  0.0000000   3.0822667e-05  3.3586499e-07  -4.0534597e-05  -4.6173732e-07  1.1134357e-07  1.7860633e-06  5.8249785e-08  3.7330090e-05  9.4365763e-06  0.00040443585  0.0000000   
0.0000000   6.4228809e-07  -8.4335551e-05  -7.1816374e-07  2.1350313e-07  3.3659746e-06  7.2450407e-08  -3.4657008e-05  1.2069647e-05  -8.8062303e-08  -3.0822667e-05  0.0000000   6.4228809e-07  -8.4335551e-05  -7.1816374e-07  2.1350313e-07  3.3659746e-06  7.2450407e-08  -3.4657008e-05  1.2069647e-05  -8.8062303e-08  -3.0822667e-05  
-6.4228809e-07  0.0000000   -7.5330039e-07  7.9742844e-05  -3.5659644e-05  0.00012330453  2.6206802e-05  -1.3850109e-06  -7.2793686e-07  -4.7259115e-07  -3.3586499e-07  -6.4228809e-07  0.0000000   -7.5330039e-07  7.9742844e-05  -3.5659644e-05  0.00012330453  2.6206802e-05  -1.3850109e-06  -7.2793686e-07  -4.7259115e-07  -3.3586499e-07  
8.4335551e-05  7.5330039e-07  0.0000000   -1.1285155e-07  8.9199945e-08  -2.4773236e-07  4.3679134e-07  -4.1748462e-05  -4.5879166e-07  -0.00010477083  4.0534597e-05  8.4335551e-05  7.5330039e-07  0.0000000   -1.1285155e-07  8.9199945e-08  -2.4773236e-07  4.3679134e-07  -4.1748462e-05  -4.5879166e-07  -0.00010477083  4.0534597e-05  
7.1816374e-07  -7.9742844e-05  1.1285155e-07  0.0000000   -8.6264666e-05  -8.6908893e-05  3.8601786e-05  1.3800775e-06  1.8433004e-06  -4.9117954e-06  4.6173732e-07  7.1816374e-07  -7.9742844e-05  1.1285155e-07  0.0000000   -8.6264666e-05  -8.6908893e-05  3.8601786e-05  1.3800775e-06  1.8433004e-06  -4.9117954e-06  4.6173732e-07  
-2.1350313e-07  3.5659644e-05  -8.9199945e-08  8.6264666e-05  0.0000000   8.9674952e-05  5.8251396e-05  -1.4664421e-06  1.8058908e-06  -1.1934973e-06  -1.1134357e-07  -2.1350313e-07  3.5659644e-05  -8.9199945e-08  8.6264666e-05  0.0000000   8.9674952e-05  5.8251396e-05  -1.4664421e-06  1.8058908e-06  -1.1934973e-06  -1.1134357e-07  
-3.3659746e-06  -0.00012330453  2.4773236e-07  8.6908893e-05  -8.9674952e-05  0.0000000   0.00097439066  5.0052161e-06  -7.9171580e-06  -2.5231655e-06  -1.7860633e-06  -3.3659746e-06  -0.00012330453  2.4773236e-07  8.6908893e-05  -8.9674952e-05  0.0000000   0.00097439066  5.0052161e-06  -7.9171580e-06  -2.5231655e-06  -1.7860633e-06  
-7.2450407e-08  -2.6206802e-05  -4.3679134e-07  -3.8601786e-05  -5.8251396e-05  -0.00097439066  0.0000000   9.1562943e-06  -3.8036440e-06  1.4685754e-05  -5.8249785e-08  -7.2450407e-08  -2.6206802e-05  -4.3679134e-07  -3.8601786e-05  -5.8251396e-05  -0.00097439066  0.0000000   9.1562943e-06  -3.8036440e-06  1.4685754e-05  -5.8249785e-08  
3.4657008e-05  1.3850109e-06  4.1748462e-05  -1.3800775e-06  1.4664421e-06  -5.0052161e-06  -9.1562943e-06  0.0000000   0.00040789125  5.5101999e-05  -3.7330090e-05  3.4657008e-05  1.3850109e-06  4.1748462e-05  -1.3800775e-06  1.4664421e-06  -5.0052161e-06  -9.1562943e-06  0.0000000   0.00040789125  5.5101999e-05  -3.7330090e-05  
-1.2069647e-05  7.2793686e-07  4.5879166e-07  -1.8433004e-06  -1.8058908e-06  7.9171580e-06  3.8036440e-06  -0.00040789125  0.0000000   0.0023456672  -9.4365763e-06  -1.2069647e-05  7.2793686e-07  4.5879166e-07  -1.8433004e-06  -1.8058908e-06  7.9171580e-06  3.8036440e-06  -0.00040789125  0.0000000   0.0023456672  -9.4365763e-06  
8.8062303e-08  4.7259115e-07  0.00010477083  4.9117954e-06  1.1934973e-06  2.5231655e-06  -1.4685754e-05  -5.5101999e-05  -0.0023456672  0.0000000   -0.00040443585  8.8062303e-08  4.7259115e-07  0.00010477083  4.9117954e-06  1.1934973e-06  2.5231655e-06  -1.4685754e-05  -5.5101999e-05  -0.0023456672  0.0000000   -0.00040443585  
3.0822667e-05  3.3586499e-07  -4.0534597e-05  -4.6173732e-07  1.1134357e-07  1.7860633e-06  5.8249785e-08  3.7330090e-05  9.4365763e-06  0.00040443585  0.0000000   3.0822667e-05  3.3586499e-07  -4.0534597e-05  -4.6173732e-07  1.1134357e-07  1.7860633e-06  5.8249785e-08  3.7330090e-05  9.4365763e-06  0.00040443585  0.0000000   
