0.0000000   -2.0205289e-07  0.00010528360  -4.2236686e-06  2.3584979e-05  7.0854864e-06  -1.7567504e-05  -2.6790196e-05  -3.0880099e-05  -1.3808229e-05  3.1725780e-06  0.0000000   -2.0205289e-07  0.00010528360  -4.2236686e-06  2.3584979e-05  7.0854864e-06  -1.7567504e-05  -2.6790196e-05  -3.0880099e-05  -1.3808229e-05  3.1725780e-06  
2.0205289e-07  0.0000000   1.6238566e-05  -2.3714638e-06  3.1026160e-06  1.2750664e-06  0.00010832961  -6.6357687e-06  -5.3110464e-06  -2.2130515e-06  -1.9520238e-05  2.0205289e-07  0.0000000   1.6238566e-05  -2.3714638e-06  3.1026160e-06  1.2750664e-06  0.00010832961  -6.6357687e-06  -5.3110464e-06  -2.2130515e-06  -1.9520238e-05  
-0.00010528360  -1.6238566e-05  0.0000000   0.00047994606  0.00011542051  -1.7651363e-05  2.0005153e-06  3.6590967e-05  0.00013085418  2.6019883e-05  -3.5086196e-07  -0.00010528360  -1.6238566e-05  0.0000000   0.00047994606  0.00011542051  -1.7651363e-05  2.0005153e-06  3.6590967e-05  0.00013085418  2.6019883e-05  -3.5086196e-07  
4.2236686e-06  2.3714638e-06  -0.00047994606  0.0000000   8.5384076e-05  2.4039174e-05  5.3314052e-07  4.2000235e-05  -8.1802381e-06  6.7539569e-05  -1.3172688e-07  4.2236686e-06  2.3714638e-06  -0.00047994606  0.0000000   8.5384076e-05  2.4039174e-05  5.3314052e-07  4.2000235e-05  -8.1802381e-06  6.7539569e-05  -1.3172688e-07  
-2.3584979e-05  -3.1026160e-06  -0.00011542051  -8.5384076e-05  0.0000000   3.1444697e-05  -3.4057390e-06  -0.00014970021  -5.2758375e-05  -0.00020454501  -2.0328957e-07  -2.3584979e-05  -3.1026160e-06  -0.00011542051  -8.5384076e-05  0.0000000   3.1444697e-05  -3.4057390e-06  -0.00014970021  -5.2758375e-05  -0.00020454501  -2.0328957e-07  
-7.0854864e-06  -1.2750664e-06  1.7651363e-05  -2.4039174e-05  -3.1444697e-05  0.0000000   3.2483913e-06  0.00015037462  5.7629820e-05  3.4166978e-06  3.8906941e-07  -7.0854864e-06  -1.2750664e-06  1.7651363e-05  -2.4039174e-05  -3.1444697e-05  0.0000000   3.2483913e-06  0.00015037462  5.7629820e-05  3.4166978e-06  3.8906941e-07  
1.7567504e-05  -0.00010832961  -2.0005153e-06  -5.3314052e-07  3.4057390e-06  -3.2483913e-06  0.0000000   -6.0296356e-07  -9.8720370e-08  -1.7755009e-06  6.5959772e-06  1.7567504e-05  -0.00010832961  -2.0005153e-06  -5.3314052e-07  3.4057390e-06  -3.2483913e-06  0.0000000   -6.0296356e-07  -9.8720370e-08  -1.7755009e-06  6.5959772e-06  
2.6790196e-05  6.6357687e-06  -3.6590967e-05  -4.2000235e-05  0.00014970021  -0.00015037462  6.0296356e-07  0.0000000   1.0396785e-06  -8.4981589e-05  -1.6918456e-07  2.6790196e-05  6.6357687e-06  -3.6590967e-05  -4.2000235e-05  0.00014970021  -0.00015037462  6.0296356e-07  0.0000000   1.0396785e-06  -8.4981589e-05  -1.6918456e-07  
3.0880099e-05  5.3110464e-06  -0.00013085418  8.1802381e-06  5.2758375e-05  -5.7629820e-05  9.8720370e-08  -1.0396785e-06  0.0000000   -0.00011328214  9.8745418e-08  3.0880099e-05  5.3110464e-06  -0.00013085418  8.1802381e-06  5.2758375e-05  -5.7629820e-05  9.8720370e-08  -1.0396785e-06  0.0000000   -0.00011328214  9.8745418e-08  
1.3808229e-05  2.2130515e-06  -2.6019883e-05  -6.7539569e-05  0.00020454501  -3.4166978e-06  1.7755009e-06  8.4981589e-05  0.00011328214  0.0000000   1.1071350e-06  1.3808229e-05  2.2130515e-06  -2.6019883e-05  -6.7539569e-05  0.00020454501  -3.4166978e-06  1.7755009e-06  8.4981589e-05  0.00011328214  0.0000000   1.1071350e-06  
-3.1725780e-06  1.9520238e-05  3.5086196e-07  1.3172688e-07  2.0328957e-07  -3.8906941e-07  -6.5959772e-06  1.6918456e-07  -9.8745418e-08  -1.1071350e-06  0.0000000   -3.1725780e-06  1.9520238e-05  3.5086196e-07  1.3172688e-07  2.0328957e-07  -3.8906941e-07  -6.5959772e-06  1.6918456e-07  -9.8745418e-08  -1.1071350e-06  0.0000000   
0.0000000   -2.0205289e-07  0.00010528360  -4.2236686e-06  2.3584979e-05  7.0854864e-06  -1.7567504e-05  -2.6790196e-05  -3.0880099e-05  -1.3808229e-05  3.1725780e-06  0.0000000   -2.0205289e-07  0.00010528360  -4.2236686e-06  2.3584979e-05  7.0854864e-06  -1.7567504e-05  -2.6790196e-05  -3.0880099e-05  -1.3808229e-05  3.1725780e-06  
2.0205289e-07  0.0000000   1.6238566e-05  -2.3714638e-06  3.1026160e-06  1.2750664e-06  0.00010832961  -6.6357687e-06  -5.3110464e-06  -2.2130515e-06  -1.9520238e-05  2.0205289e-07  0.0000000   1.6238566e-05  -2.3714638e-06  3.1026160e-06  1.2750664e-06  0.00010832961  -6.6357687e-06  -5.3110464e-06  -2.2130515e-06  -1.9520238e-05  
-0.00010528360  -1.6238566e-05  0.0000000   0.00047994606  0.00011542051  -1.7651363e-05  2.0005153e-06  3.6590967e-05  0.00013085418  2.6019883e-05  -3.5086196e-07  -0.00010528360  -1.6238566e-05  0.0000000   0.00047994606  0.00011542051  -1.7651363e-05  2.0005153e-06  3.6590967e-05  0.00013085418  2.6019883e-05  -3.5086196e-07  
4.2236686e-06  2.3714638e-06  -0.00047994606  0.0000000   8.5384076e-05  2.4039174e-05  5.3314052e-07  4.2000235e-05  -8.1802381e-06  6.7539569e-05  -1.3172688e-07  4.2236686e-06  2.3714638e-06  -0.00047994606  0.0000000   8.5384076e-05  2.4039174e-05  5.3314052e-07  4.2000235e-05  -8.1802381e-06  6.7539569e-05  -1.3172688e-07  
-2.3584979e-05  -3.1026160e-06  -0.00011542051  -8.5384076e-05  0.0000000   3.1444697e-05  -3.4057390e-06  -0.00014970021  -5.2758375e-05  -0.00020454501  -2.0328957e-07  -2.3584979e-05  -3.1026160e-06  -0.00011542051  -8.5384076e-05  0.0000000   3.1444697e-05  -3.4057390e-06  -0.00014970021  -5.2758375e-05  -0.00020454501  -2.0328957e-07  
-7.0854864e-06  -1.2750664e-06  1.7651363e-05  -2.4039174e-05  -3.1444697e-05  0.0000000   3.2483913e-06  0.00015037462  5.7629820e-05  3.4166978e-06  3.8906941e-07  -7.0854864e-06  -1.2750664e-06  1.7651363e-05  -2.4039174e-05  -3.1444697e-05  0.0000000   3.2483913e-06  0.00015037462  5.7629820e-05  3.4166978e-06  3.8906941e-07  
1.7567504e-05  -0.00010832961  -2.0005153e-06  -5.3314052e-07  3.4057390e-06  -3.2483913e-06  0.0000000   -6.0296356e-07  -9.8720370e-08  -1.7755009e-06  6.5959772e-06  1.7567504e-05  -0.00010832961  -2.0005153e-06  -5.3314052e-07  3.4057390e-06  -3.2483913e-06  0.0000000   -6.0296356e-07  -9.8720370e-08  -1.7755009e-06  6.5959772e-06  
2.6790196e-05  6.6357687e-06  -3.6590967e-05  -4.2000235e-05  0.00014970021  -0.00015037462  6.0296356e-07  0.0000000   1.0396785e-06  -8.4981589e-05  -1.6918456e-07  2.6790196e-05  6.6357687e-06  -3.6590967e-05  -4.2000235e-05  0.00014970021  -0.00015037462  6.0296356e-07  0.0000000   1.0396785e-06  -8.4981589e-05  -1.6918456e-07  
3.0880099e-05  5.3110464e-06  -0.00013085418  8.1802381e-06  5.2758375e-05  -5.7629820e-05  9.8720370e-08  -1.0396785e-06  0.0000000   -0.00011328214  9.8745418e-08  3.0880099e-05  5.3110464e-06  -0.00013085418  8.1802381e-06  5.2758375e-05  -5.7629820e-05  9.8720370e-08  -1.0396785e-06  0.0000000   -0.00011328214  9.8745418e-08  
1.3808229e-05  2.2130515e-06  -2.6019883e-05  -6.7539569e-05  0.00020454501  -3.4166978e-06  1.7755009e-06  8.4981589e-05  0.00011328214  0.0000000   1.1071350e-06  1.3808229e-05  2.2130515e-06  -2.6019883e-05  -6.7539569e-05  0.00020454501  -3.4166978e-06  1.7755009e-06  8.4981589e-05  0.00011328214  0.0000000   1.1071350e-06  
-3.1725780e-06  1.9520238e-05  3.5086196e-07  1.3172688e-07  2.0328957e-07  -3.8906941e-07  -6.5959772e-06  1.6918456e-07  -9.8745418e-08  -1.1071350e-06  0.0000000   -3.1725780e-06  1.9520238e-05  3.5086196e-07  1.3172688e-07  2.0328957e-07  -3.8906941e-07  -6.5959772e-06  1.6918456e-07  -9.8745418e-08  -1.1071350e-06  0.0000000   
