0.0000000   -0.00037112536  3.3449823e-06  -2.9622900e-06  -3.2657815e-05  2.0931656e-05  7.0337345e-06  1.4525401e-07  5.8419703e-07  -4.3145609e-07  -8.5823029e-06  0.0000000   -0.00037112536  3.3449823e-06  -2.9622900e-06  -3.2657815e-05  2.0931656e-05  7.0337345e-06  1.4525401e-07  5.8419703e-07  -4.3145609e-07  -8.5823029e-06  
0.00037112536  0.0000000   -4.3163472e-07  2.5246247e-05  -3.7222347e-05  -3.2842887e-05  5.7005670e-05  2.7599706e-07  2.6911307e-07  -6.5582242e-07  3.1049763e-05  0.00037112536  0.0000000   -4.3163472e-07  2.5246247e-05  -3.7222347e-05  -3.2842887e-05  5.7005670e-05  2.7599706e-07  2.6911307e-07  -6.5582242e-07  3.1049763e-05  
-3.3449823e-06  4.3163472e-07  0.0000000   -2.6600826e-07  4.7348167e-07  6.4731677e-07  1.9131381e-06  -7.5055064e-05  4.1780537e-05  -3.9446715e-05  -6.1375547e-07  -3.3449823e-06  4.3163472e-07  0.0000000   -2.6600826e-07  4.7348167e-07  6.4731677e-07  1.9131381e-06  -7.5055064e-05  4.1780537e-05  -3.9446715e-05  -6.1375547e-07  
2.9622900e-06  -2.5246247e-05  2.6600826e-07  0.0000000   4.3462098e-05  0.00010200249  9.1370781e-06  1.7090476e-07  6.9376861e-07  -8.1623112e-07  -1.5239181e-06  2.9622900e-06  -2.5246247e-05  2.6600826e-07  0.0000000   4.3462098e-05  0.00010200249  9.1370781e-06  1.7090476e-07  6.9376861e-07  -8.1623112e-07  -1.5239181e-06  
3.2657815e-05  3.7222347e-05  -4.7348167e-07  -4.3462098e-05  0.0000000   2.1028593e-05  -5.6002181e-05  -2.6093593e-06  3.2588332e-07  1.8811796e-07  4.4899875e-05  3.2657815e-05  3.7222347e-05  -4.7348167e-07  -4.3462098e-05  0.0000000   2.1028593e-05  -5.6002181e-05  -2.6093593e-06  3.2588332e-07  1.8811796e-07  4.4899875e-05  
-2.0931656e-05  3.2842887e-05  -6.4731677e-07  -0.00010200249  -2.1028593e-05  0.0000000   -0.0013114035  -4.6831306e-05  -3.2388377e-06  5.5823310e-06  1.0773139e-05  -2.0931656e-05  3.2842887e-05  -6.4731677e-07  -0.00010200249  -2.1028593e-05  0.0000000   -0.0013114035  -4.6831306e-05  -3.2388377e-06  5.5823310e-06  1.0773139e-05  
-7.0337345e-06  -5.7005670e-05  -1.9131381e-06  -9.1370781e-06  5.6002181e-05  0.0013114035  0.0000000   1.3582421e-05  -6.8803144e-06  2.1150179e-07  -2.4600390e-05  -7.0337345e-06  -5.7005670e-05  -1.9131381e-06  -9.1370781e-06  5.6002181e-05  0.0013114035  0.0000000   1.3582421e-05  -6.8803144e-06  2.1150179e-07  -2.4600390e-05  
-1.4525401e-07  -2.7599706e-07  7.5055064e-05  -1.7090476e-07  2.6093593e-06  4.6831306e-05  -1.3582421e-05  0.0000000   0.00027270925  -2.2333202e-05  2.9652201e-08  -1.4525401e-07  -2.7599706e-07  7.5055064e-05  -1.7090476e-07  2.6093593e-06  4.6831306e-05  -1.3582421e-05  0.0000000   0.00027270925  -2.2333202e-05  2.9652201e-08  
-5.8419703e-07  -2.6911307e-07  -4.1780537e-05  -6.9376861e-07  -3.2588332e-07  3.2388377e-06  6.8803144e-06  -0.00027270925  0.0000000   -0.00013066437  -2.5473969e-07  -5.8419703e-07  -2.6911307e-07  -4.1780537e-05  -6.9376861e-07  -3.2588332e-07  3.2388377e-06  6.8803144e-06  -0.00027270925  0.0000000   -0.00013066437  -2.5473969e-07  
4.3145609e-07  6.5582242e-07  3.9446715e-05  8.1623112e-07  -1.8811796e-07  -5.5823310e-06  -2.1150179e-07  2.2333202e-05  0.00013066437  0.0000000   5.1267203e-07  4.3145609e-07  6.5582242e-07  3.9446715e-05  8.1623112e-07  -1.8811796e-07  -5.5823310e-06  -2.1150179e-07  2.2333202e-05  0.00013066437  0.0000000   5.1267203e-07  
8.5823029e-06  -3.1049763e-05  6.1375547e-07  1.5239181e-06  -4.4899875e-05  -1.0773139e-05  2.4600390e-05  -2.9652201e-08  2.5473969e-07  -5.1267203e-07  0.0000000   8.5823029e-06  -3.1049763e-05  6.1375547e-07  1.5239181e-06  -4.4899875e-05  -1.0773139e-05  2.4600390e-05  -2.9652201e-08  2.5473969e-07  -5.1267203e-07  0.0000000   
0.0000000   -0.00037112536  3.3449823e-06  -2.9622900e-06  -3.2657815e-05  2.0931656e-05  7.0337345e-06  1.4525401e-07  5.8419703e-07  -4.3145609e-07  -8.5823029e-06  0.0000000   -0.00037112536  3.3449823e-06  -2.9622900e-06  -3.2657815e-05  2.0931656e-05  7.0337345e-06  1.4525401e-07  5.8419703e-07  -4.3145609e-07  -8.5823029e-06  
0.00037112536  0.0000000   -4.3163472e-07  2.5246247e-05  -3.7222347e-05  -3.2842887e-05  5.7005670e-05  2.7599706e-07  2.6911307e-07  -6.5582242e-07  3.1049763e-05  0.00037112536  0.0000000   -4.3163472e-07  2.5246247e-05  -3.7222347e-05  -3.2842887e-05  5.7005670e-05  2.7599706e-07  2.6911307e-07  -6.5582242e-07  3.1049763e-05  
-3.3449823e-06  4.3163472e-07  0.0000000   -2.6600826e-07  4.7348167e-07  6.4731677e-07  1.9131381e-06  -7.5055064e-05  4.1780537e-05  -3.9446715e-05  -6.1375547e-07  -3.3449823e-06  4.3163472e-07  0.0000000   -2.6600826e-07  4.7348167e-07  6.4731677e-07  1.9131381e-06  -7.5055064e-05  4.1780537e-05  -3.9446715e-05  -6.1375547e-07  
2.9622900e-06  -2.5246247e-05  2.6600826e-07  0.0000000   4.3462098e-05  0.00010200249  9.1370781e-06  1.7090476e-07  6.9376861e-07  -8.1623112e-07  -1.5239181e-06  2.9622900e-06  -2.5246247e-05  2.6600826e-07  0.0000000   4.3462098e-05  0.00010200249  9.1370781e-06  1.7090476e-07  6.9376861e-07  -8.1623112e-07  -1.5239181e-06  
3.2657815e-05  3.7222347e-05  -4.7348167e-07  -4.3462098e-05  0.0000000   2.1028593e-05  -5.6002181e-05  -2.6093593e-06  3.2588332e-07  1.8811796e-07  4.4899875e-05  3.2657815e-05  3.7222347e-05  -4.7348167e-07  -4.3462098e-05  0.0000000   2.1028593e-05  -5.6002181e-05  -2.6093593e-06  3.2588332e-07  1.8811796e-07  4.4899875e-05  
-2.0931656e-05  3.2842887e-05  -6.4731677e-07  -0.00010200249  -2.1028593e-05  0.0000000   -0.0013114035  -4.6831306e-05  -3.2388377e-06  5.5823310e-06  1.0773139e-05  -2.0931656e-05  3.2842887e-05  -6.4731677e-07  -0.00010200249  -2.1028593e-05  0.0000000   -0.0013114035  -4.6831306e-05  -3.2388377e-06  5.5823310e-06  1.0773139e-05  
-7.0337345e-06  -5.7005670e-05  -1.9131381e-06  -9.1370781e-06  5.6002181e-05  0.0013114035  0.0000000   1.3582421e-05  -6.8803144e-06  2.1150179e-07  -2.4600390e-05  -7.0337345e-06  -5.7005670e-05  -1.9131381e-06  -9.1370781e-06  5.6002181e-05  0.0013114035  0.0000000   1.3582421e-05  -6.8803144e-06  2.1150179e-07  -2.4600390e-05  
-1.4525401e-07  -2.7599706e-07  7.5055064e-05  -1.7090476e-07  2.6093593e-06  4.6831306e-05  -1.3582421e-05  0.0000000   0.00027270925  -2.2333202e-05  2.9652201e-08  -1.4525401e-07  -2.7599706e-07  7.5055064e-05  -1.7090476e-07  2.6093593e-06  4.6831306e-05  -1.3582421e-05  0.0000000   0.00027270925  -2.2333202e-05  2.9652201e-08  
-5.8419703e-07  -2.6911307e-07  -4.1780537e-05  -6.9376861e-07  -3.2588332e-07  3.2388377e-06  6.8803144e-06  -0.00027270925  0.0000000   -0.00013066437  -2.5473969e-07  -5.8419703e-07  -2.6911307e-07  -4.1780537e-05  -6.9376861e-07  -3.2588332e-07  3.2388377e-06  6.8803144e-06  -0.00027270925  0.0000000   -0.00013066437  -2.5473969e-07  
4.3145609e-07  6.5582242e-07  3.9446715e-05  8.1623112e-07  -1.8811796e-07  -5.5823310e-06  -2.1150179e-07  2.2333202e-05  0.00013066437  0.0000000   5.1267203e-07  4.3145609e-07  6.5582242e-07  3.9446715e-05  8.1623112e-07  -1.8811796e-07  -5.5823310e-06  -2.1150179e-07  2.2333202e-05  0.00013066437  0.0000000   5.1267203e-07  
8.5823029e-06  -3.1049763e-05  6.1375547e-07  1.5239181e-06  -4.4899875e-05  -1.0773139e-05  2.4600390e-05  -2.9652201e-08  2.5473969e-07  -5.1267203e-07  0.0000000   8.5823029e-06  -3.1049763e-05  6.1375547e-07  1.5239181e-06  -4.4899875e-05  -1.0773139e-05  2.4600390e-05  -2.9652201e-08  2.5473969e-07  -5.1267203e-07  0.0000000   
