0.0000000   -0.00017247781  -0.00010665573  -2.4269165e-06  2.6310621e-05  8.3332738e-05  -2.8036366e-05  -1.3228004e-07  1.5506951e-05  -1.0014447e-05  -3.3836099e-08  0.0000000   -0.00017247781  -0.00010665573  -2.4269165e-06  2.6310621e-05  8.3332738e-05  -2.8036366e-05  -1.3228004e-07  1.5506951e-05  -1.0014447e-05  -3.3836099e-08  
0.00017247781  0.0000000   5.3174666e-05  1.9217171e-06  -5.8922780e-05  3.1560523e-05  0.00018301741  2.0131767e-06  -1.9085485e-05  2.2700691e-05  5.3164667e-09  0.00017247781  0.0000000   5.3174666e-05  1.9217171e-06  -5.8922780e-05  3.1560523e-05  0.00018301741  2.0131767e-06  -1.9085485e-05  2.2700691e-05  5.3164667e-09  
0.00010665573  -5.3174666e-05  0.0000000   -1.1583530e-06  -0.00016721561  -3.8588547e-05  1.9439443e-05  2.1631658e-06  -0.00010279692  6.6596592e-05  3.1861524e-07  0.00010665573  -5.3174666e-05  0.0000000   -1.1583530e-06  -0.00016721561  -3.8588547e-05  1.9439443e-05  2.1631658e-06  -0.00010279692  6.6596592e-05  3.1861524e-07  
2.4269165e-06  -1.9217171e-06  1.1583530e-06  0.0000000   -4.7985073e-06  1.2387865e-05  -2.2068190e-07  -4.1053845e-06  -4.0122722e-06  2.2297559e-06  2.8385691e-06  2.4269165e-06  -1.9217171e-06  1.1583530e-06  0.0000000   -4.7985073e-06  1.2387865e-05  -2.2068190e-07  -4.1053845e-06  -4.0122722e-06  2.2297559e-06  2.8385691e-06  
-2.6310621e-05  5.8922780e-05  0.00016721561  4.7985073e-06  0.0000000   3.5571213e-05  -2.8617000e-07  -1.8596178e-06  2.7281546e-05  -0.00020791399  2.5441126e-07  -2.6310621e-05  5.8922780e-05  0.00016721561  4.7985073e-06  0.0000000   3.5571213e-05  -2.8617000e-07  -1.8596178e-06  2.7281546e-05  -0.00020791399  2.5441126e-07  
-8.3332738e-05  -3.1560523e-05  3.8588547e-05  -1.2387865e-05  -3.5571213e-05  0.0000000   -0.010199203  -0.00010123468  9.8655729e-05  -4.8749665e-05  -2.6853557e-06  -8.3332738e-05  -3.1560523e-05  3.8588547e-05  -1.2387865e-05  -3.5571213e-05  0.0000000   -0.010199203  -0.00010123468  9.8655729e-05  -4.8749665e-05  -2.6853557e-06  
2.8036366e-05  -0.00018301741  -1.9439443e-05  2.2068190e-07  2.8617000e-07  0.010199203  0.0000000   0.00013405967  -4.6830422e-05  -1.0053107e-05  1.0246372e-06  2.8036366e-05  -0.00018301741  -1.9439443e-05  2.2068190e-07  2.8617000e-07  0.010199203  0.0000000   0.00013405967  -4.6830422e-05  -1.0053107e-05  1.0246372e-06  
1.3228004e-07  -2.0131767e-06  -2.1631658e-06  4.1053845e-06  1.8596178e-06  0.00010123468  -0.00013405967  0.0000000   1.6584947e-07  -2.8277404e-07  6.0575281e-05  1.3228004e-07  -2.0131767e-06  -2.1631658e-06  4.1053845e-06  1.8596178e-06  0.00010123468  -0.00013405967  0.0000000   1.6584947e-07  -2.8277404e-07  6.0575281e-05  
-1.5506951e-05  1.9085485e-05  0.00010279692  4.0122722e-06  -2.7281546e-05  -9.8655729e-05  4.6830422e-05  -1.6584947e-07  0.0000000   -0.00024125245  1.2747262e-06  -1.5506951e-05  1.9085485e-05  0.00010279692  4.0122722e-06  -2.7281546e-05  -9.8655729e-05  4.6830422e-05  -1.6584947e-07  0.0000000   -0.00024125245  1.2747262e-06  
1.0014447e-05  -2.2700691e-05  -6.6596592e-05  -2.2297559e-06  0.00020791399  4.8749665e-05  1.0053107e-05  2.8277404e-07  0.00024125245  0.0000000   1.5219083e-06  1.0014447e-05  -2.2700691e-05  -6.6596592e-05  -2.2297559e-06  0.00020791399  4.8749665e-05  1.0053107e-05  2.8277404e-07  0.00024125245  0.0000000   1.5219083e-06  
3.3836099e-08  -5.3164667e-09  -3.1861524e-07  -2.8385691e-06  -2.5441126e-07  2.6853557e-06  -1.0246372e-06  -6.0575281e-05  -1.2747262e-06  -1.5219083e-06  0.0000000   3.3836099e-08  -5.3164667e-09  -3.1861524e-07  -2.8385691e-06  -2.5441126e-07  2.6853557e-06  -1.0246372e-06  -6.0575281e-05  -1.2747262e-06  -1.5219083e-06  0.0000000   
0.0000000   -0.00017247781  -0.00010665573  -2.4269165e-06  2.6310621e-05  8.3332738e-05  -2.8036366e-05  -1.3228004e-07  1.5506951e-05  -1.0014447e-05  -3.3836099e-08  0.0000000   -0.00017247781  -0.00010665573  -2.4269165e-06  2.6310621e-05  8.3332738e-05  -2.8036366e-05  -1.3228004e-07  1.5506951e-05  -1.0014447e-05  -3.3836099e-08  
0.00017247781  0.0000000   5.3174666e-05  1.9217171e-06  -5.8922780e-05  3.1560523e-05  0.00018301741  2.0131767e-06  -1.9085485e-05  2.2700691e-05  5.3164667e-09  0.00017247781  0.0000000   5.3174666e-05  1.9217171e-06  -5.8922780e-05  3.1560523e-05  0.00018301741  2.0131767e-06  -1.9085485e-05  2.2700691e-05  5.3164667e-09  
0.00010665573  -5.3174666e-05  0.0000000   -1.1583530e-06  -0.00016721561  -3.8588547e-05  1.9439443e-05  2.1631658e-06  -0.00010279692  6.6596592e-05  3.1861524e-07  0.00010665573  -5.3174666e-05  0.0000000   -1.1583530e-06  -0.00016721561  -3.8588547e-05  1.9439443e-05  2.1631658e-06  -0.00010279692  6.6596592e-05  3.1861524e-07  
2.4269165e-06  -1.9217171e-06  1.1583530e-06  0.0000000   -4.7985073e-06  1.2387865e-05  -2.2068190e-07  -4.1053845e-06  -4.0122722e-06  2.2297559e-06  2.8385691e-06  2.4269165e-06  -1.9217171e-06  1.1583530e-06  0.0000000   -4.7985073e-06  1.2387865e-05  -2.2068190e-07  -4.1053845e-06  -4.0122722e-06  2.2297559e-06  2.8385691e-06  
-2.6310621e-05  5.8922780e-05  0.00016721561  4.7985073e-06  0.0000000   3.5571213e-05  -2.8617000e-07  -1.8596178e-06  2.7281546e-05  -0.00020791399  2.5441126e-07  -2.6310621e-05  5.8922780e-05  0.00016721561  4.7985073e-06  0.0000000   3.5571213e-05  -2.8617000e-07  -1.8596178e-06  2.7281546e-05  -0.00020791399  2.5441126e-07  
-8.3332738e-05  -3.1560523e-05  3.8588547e-05  -1.2387865e-05  -3.5571213e-05  0.0000000   -0.010199203  -0.00010123468  9.8655729e-05  -4.8749665e-05  -2.6853557e-06  -8.3332738e-05  -3.1560523e-05  3.8588547e-05  -1.2387865e-05  -3.5571213e-05  0.0000000   -0.010199203  -0.00010123468  9.8655729e-05  -4.8749665e-05  -2.6853557e-06  
2.8036366e-05  -0.00018301741  -1.9439443e-05  2.2068190e-07  2.8617000e-07  0.010199203  0.0000000   0.00013405967  -4.6830422e-05  -1.0053107e-05  1.0246372e-06  2.8036366e-05  -0.00018301741  -1.9439443e-05  2.2068190e-07  2.8617000e-07  0.010199203  0.0000000   0.00013405967  -4.6830422e-05  -1.0053107e-05  1.0246372e-06  
1.3228004e-07  -2.0131767e-06  -2.1631658e-06  4.1053845e-06  1.8596178e-06  0.00010123468  -0.00013405967  0.0000000   1.6584947e-07  -2.8277404e-07  6.0575281e-05  1.3228004e-07  -2.0131767e-06  -2.1631658e-06  4.1053845e-06  1.8596178e-06  0.00010123468  -0.00013405967  0.0000000   1.6584947e-07  -2.8277404e-07  6.0575281e-05  
-1.5506951e-05  1.9085485e-05  0.00010279692  4.0122722e-06  -2.7281546e-05  -9.8655729e-05  4.6830422e-05  -1.6584947e-07  0.0000000   -0.00024125245  1.2747262e-06  -1.5506951e-05  1.9085485e-05  0.00010279692  4.0122722e-06  -2.7281546e-05  -9.8655729e-05  4.6830422e-05  -1.6584947e-07  0.0000000   -0.00024125245  1.2747262e-06  
1.0014447e-05  -2.2700691e-05  -6.6596592e-05  -2.2297559e-06  0.00020791399  4.8749665e-05  1.0053107e-05  2.8277404e-07  0.00024125245  0.0000000   1.5219083e-06  1.0014447e-05  -2.2700691e-05  -6.6596592e-05  -2.2297559e-06  0.00020791399  4.8749665e-05  1.0053107e-05  2.8277404e-07  0.00024125245  0.0000000   1.5219083e-06  
3.3836099e-08  -5.3164667e-09  -3.1861524e-07  -2.8385691e-06  -2.5441126e-07  2.6853557e-06  -1.0246372e-06  -6.0575281e-05  -1.2747262e-06  -1.5219083e-06  0.0000000   3.3836099e-08  -5.3164667e-09  -3.1861524e-07  -2.8385691e-06  -2.5441126e-07  2.6853557e-06  -1.0246372e-06  -6.0575281e-05  -1.2747262e-06  -1.5219083e-06  0.0000000   
