0.0000000   -0.00042990345  7.8449641e-06  -1.4902007e-05  -7.0791160e-06  8.1575122e-05  -3.1731138e-07  6.7445507e-05  1.2968971e-05  -1.1266436e-06  -2.0068064e-06  0.0000000   -0.00042990345  7.8449641e-06  -1.4902007e-05  -7.0791160e-06  8.1575122e-05  -3.1731138e-07  6.7445507e-05  1.2968971e-05  -1.1266436e-06  -2.0068064e-06  
0.00042990345  0.0000000   -0.00013813486  -1.1259023e-05  -2.9357531e-05  2.1287947e-05  -5.3575777e-07  4.4221318e-05  1.1719606e-05  1.1075817e-05  -5.1313799e-06  0.00042990345  0.0000000   -0.00013813486  -1.1259023e-05  -2.9357531e-05  2.1287947e-05  -5.3575777e-07  4.4221318e-05  1.1719606e-05  1.1075817e-05  -5.1313799e-06  
-7.8449641e-06  0.00013813486  0.0000000   -0.00034575422  3.6591755e-05  -2.2906267e-05  1.5314346e-07  1.8991676e-05  1.9241176e-05  7.4756410e-05  1.6503711e-05  -7.8449641e-06  0.00013813486  0.0000000   -0.00034575422  3.6591755e-05  -2.2906267e-05  1.5314346e-07  1.8991676e-05  1.9241176e-05  7.4756410e-05  1.6503711e-05  
1.4902007e-05  1.1259023e-05  0.00034575422  0.0000000   -8.0180591e-05  -2.8443021e-06  -2.7083093e-07  -1.6527149e-05  5.7231832e-05  8.1509758e-06  -1.2273639e-05  1.4902007e-05  1.1259023e-05  0.00034575422  0.0000000   -8.0180591e-05  -2.8443021e-06  -2.7083093e-07  -1.6527149e-05  5.7231832e-05  8.1509758e-06  -1.2273639e-05  
7.0791160e-06  2.9357531e-05  -3.6591755e-05  8.0180591e-05  0.0000000   8.7926983e-06  6.6867900e-08  1.2131126e-05  -5.3443365e-05  -1.5078484e-05  -8.6057843e-05  7.0791160e-06  2.9357531e-05  -3.6591755e-05  8.0180591e-05  0.0000000   8.7926983e-06  6.6867900e-08  1.2131126e-05  -5.3443365e-05  -1.5078484e-05  -8.6057843e-05  
-8.1575122e-05  -2.1287947e-05  2.2906267e-05  2.8443021e-06  -8.7926983e-06  0.0000000   2.4657666e-06  0.00021556614  0.00023882203  1.7405784e-05  -7.7438476e-06  -8.1575122e-05  -2.1287947e-05  2.2906267e-05  2.8443021e-06  -8.7926983e-06  0.0000000   2.4657666e-06  0.00021556614  0.00023882203  1.7405784e-05  -7.7438476e-06  
3.1731138e-07  5.3575777e-07  -1.5314346e-07  2.7083093e-07  -6.6867900e-08  -2.4657666e-06  0.0000000   -3.7276609e-06  -5.5136211e-06  6.7554167e-07  1.2694794e-06  3.1731138e-07  5.3575777e-07  -1.5314346e-07  2.7083093e-07  -6.6867900e-08  -2.4657666e-06  0.0000000   -3.7276609e-06  -5.5136211e-06  6.7554167e-07  1.2694794e-06  
-6.7445507e-05  -4.4221318e-05  -1.8991676e-05  1.6527149e-05  -1.2131126e-05  -0.00021556614  3.7276609e-06  0.0000000   4.4537307e-05  5.9502247e-05  1.9065520e-05  -6.7445507e-05  -4.4221318e-05  -1.8991676e-05  1.6527149e-05  -1.2131126e-05  -0.00021556614  3.7276609e-06  0.0000000   4.4537307e-05  5.9502247e-05  1.9065520e-05  
-1.2968971e-05  -1.1719606e-05  -1.9241176e-05  -5.7231832e-05  5.3443365e-05  -0.00023882203  5.5136211e-06  -4.4537307e-05  0.0000000   -0.00034176416  2.0670954e-06  -1.2968971e-05  -1.1719606e-05  -1.9241176e-05  -5.7231832e-05  5.3443365e-05  -0.00023882203  5.5136211e-06  -4.4537307e-05  0.0000000   -0.00034176416  2.0670954e-06  
1.1266436e-06  -1.1075817e-05  -7.4756410e-05  -8.1509758e-06  1.5078484e-05  -1.7405784e-05  -6.7554167e-07  -5.9502247e-05  0.00034176416  0.0000000   -0.00018414005  1.1266436e-06  -1.1075817e-05  -7.4756410e-05  -8.1509758e-06  1.5078484e-05  -1.7405784e-05  -6.7554167e-07  -5.9502247e-05  0.00034176416  0.0000000   -0.00018414005  
2.0068064e-06  5.1313799e-06  -1.6503711e-05  1.2273639e-05  8.6057843e-05  7.7438476e-06  -1.2694794e-06  -1.9065520e-05  -2.0670954e-06  0.00018414005  0.0000000   2.0068064e-06  5.1313799e-06  -1.6503711e-05  1.2273639e-05  8.6057843e-05  7.7438476e-06  -1.2694794e-06  -1.9065520e-05  -2.0670954e-06  0.00018414005  0.0000000   
0.0000000   -0.00042990345  7.8449641e-06  -1.4902007e-05  -7.0791160e-06  8.1575122e-05  -3.1731138e-07  6.7445507e-05  1.2968971e-05  -1.1266436e-06  -2.0068064e-06  0.0000000   -0.00042990345  7.8449641e-06  -1.4902007e-05  -7.0791160e-06  8.1575122e-05  -3.1731138e-07  6.7445507e-05  1.2968971e-05  -1.1266436e-06  -2.0068064e-06  
0.00042990345  0.0000000   -0.00013813486  -1.1259023e-05  -2.9357531e-05  2.1287947e-05  -5.3575777e-07  4.4221318e-05  1.1719606e-05  1.1075817e-05  -5.1313799e-06  0.00042990345  0.0000000   -0.00013813486  -1.1259023e-05  -2.9357531e-05  2.1287947e-05  -5.3575777e-07  4.4221318e-05  1.1719606e-05  1.1075817e-05  -5.1313799e-06  
-7.8449641e-06  0.00013813486  0.0000000   -0.00034575422  3.6591755e-05  -2.2906267e-05  1.5314346e-07  1.8991676e-05  1.9241176e-05  7.4756410e-05  1.6503711e-05  -7.8449641e-06  0.00013813486  0.0000000   -0.00034575422  3.6591755e-05  -2.2906267e-05  1.5314346e-07  1.8991676e-05  1.9241176e-05  7.4756410e-05  1.6503711e-05  
1.4902007e-05  1.1259023e-05  0.00034575422  0.0000000   -8.0180591e-05  -2.8443021e-06  -2.7083093e-07  -1.6527149e-05  5.7231832e-05  8.1509758e-06  -1.2273639e-05  1.4902007e-05  1.1259023e-05  0.00034575422  0.0000000   -8.0180591e-05  -2.8443021e-06  -2.7083093e-07  -1.6527149e-05  5.7231832e-05  8.1509758e-06  -1.2273639e-05  
7.0791160e-06  2.9357531e-05  -3.6591755e-05  8.0180591e-05  0.0000000   8.7926983e-06  6.6867900e-08  1.2131126e-05  -5.3443365e-05  -1.5078484e-05  -8.6057843e-05  7.0791160e-06  2.9357531e-05  -3.6591755e-05  8.0180591e-05  0.0000000   8.7926983e-06  6.6867900e-08  1.2131126e-05  -5.3443365e-05  -1.5078484e-05  -8.6057843e-05  
-8.1575122e-05  -2.1287947e-05  2.2906267e-05  2.8443021e-06  -8.7926983e-06  0.0000000   2.4657666e-06  0.00021556614  0.00023882203  1.7405784e-05  -7.7438476e-06  -8.1575122e-05  -2.1287947e-05  2.2906267e-05  2.8443021e-06  -8.7926983e-06  0.0000000   2.4657666e-06  0.00021556614  0.00023882203  1.7405784e-05  -7.7438476e-06  
3.1731138e-07  5.3575777e-07  -1.5314346e-07  2.7083093e-07  -6.6867900e-08  -2.4657666e-06  0.0000000   -3.7276609e-06  -5.5136211e-06  6.7554167e-07  1.2694794e-06  3.1731138e-07  5.3575777e-07  -1.5314346e-07  2.7083093e-07  -6.6867900e-08  -2.4657666e-06  0.0000000   -3.7276609e-06  -5.5136211e-06  6.7554167e-07  1.2694794e-06  
-6.7445507e-05  -4.4221318e-05  -1.8991676e-05  1.6527149e-05  -1.2131126e-05  -0.00021556614  3.7276609e-06  0.0000000   4.4537307e-05  5.9502247e-05  1.9065520e-05  -6.7445507e-05  -4.4221318e-05  -1.8991676e-05  1.6527149e-05  -1.2131126e-05  -0.00021556614  3.7276609e-06  0.0000000   4.4537307e-05  5.9502247e-05  1.9065520e-05  
-1.2968971e-05  -1.1719606e-05  -1.9241176e-05  -5.7231832e-05  5.3443365e-05  -0.00023882203  5.5136211e-06  -4.4537307e-05  0.0000000   -0.00034176416  2.0670954e-06  -1.2968971e-05  -1.1719606e-05  -1.9241176e-05  -5.7231832e-05  5.3443365e-05  -0.00023882203  5.5136211e-06  -4.4537307e-05  0.0000000   -0.00034176416  2.0670954e-06  
1.1266436e-06  -1.1075817e-05  -7.4756410e-05  -8.1509758e-06  1.5078484e-05  -1.7405784e-05  -6.7554167e-07  -5.9502247e-05  0.00034176416  0.0000000   -0.00018414005  1.1266436e-06  -1.1075817e-05  -7.4756410e-05  -8.1509758e-06  1.5078484e-05  -1.7405784e-05  -6.7554167e-07  -5.9502247e-05  0.00034176416  0.0000000   -0.00018414005  
2.0068064e-06  5.1313799e-06  -1.6503711e-05  1.2273639e-05  8.6057843e-05  7.7438476e-06  -1.2694794e-06  -1.9065520e-05  -2.0670954e-06  0.00018414005  0.0000000   2.0068064e-06  5.1313799e-06  -1.6503711e-05  1.2273639e-05  8.6057843e-05  7.7438476e-06  -1.2694794e-06  -1.9065520e-05  -2.0670954e-06  0.00018414005  0.0000000   
