0.0000000   4.9872703e-05  -0.00015695089  9.2625285e-06  1.1745749e-05  4.3132359e-06  -0.00019033782  -0.00016514850  2.9439171e-05  3.9936820e-06  -1.8474121e-06  0.0000000   4.9872703e-05  -0.00015695089  9.2625285e-06  1.1745749e-05  4.3132359e-06  -0.00019033782  -0.00016514850  2.9439171e-05  3.9936820e-06  -1.8474121e-06  
-4.9872703e-05  0.0000000   1.8348824e-06  0.00013220733  1.6041587e-05  4.8762282e-05  -4.6092508e-06  -2.6102573e-08  -1.5276634e-07  -8.0480145e-07  -4.7671302e-05  -4.9872703e-05  0.0000000   1.8348824e-06  0.00013220733  1.6041587e-05  4.8762282e-05  -4.6092508e-06  -2.6102573e-08  -1.5276634e-07  -8.0480145e-07  -4.7671302e-05  
0.00015695089  -1.8348824e-06  0.0000000   -1.3905851e-06  6.0586967e-06  5.3682901e-07  -0.00010655341  -3.3976142e-05  2.0566293e-05  2.1838121e-05  -1.3004559e-06  0.00015695089  -1.8348824e-06  0.0000000   -1.3905851e-06  6.0586967e-06  5.3682901e-07  -0.00010655341  -3.3976142e-05  2.0566293e-05  2.1838121e-05  -1.3004559e-06  
-9.2625285e-06  -0.00013220733  1.3905851e-06  0.0000000   0.00024403754  4.1688318e-05  -6.7913168e-07  1.1354979e-06  3.6084080e-07  -9.7909374e-07  -1.4633118e-05  -9.2625285e-06  -0.00013220733  1.3905851e-06  0.0000000   0.00024403754  4.1688318e-05  -6.7913168e-07  1.1354979e-06  3.6084080e-07  -9.7909374e-07  -1.4633118e-05  
-1.1745749e-05  -1.6041587e-05  -6.0586967e-06  -0.00024403754  0.0000000   -7.8017651e-05  1.1917008e-05  4.8758797e-06  -7.0982763e-07  4.2932695e-07  5.3349712e-05  -1.1745749e-05  -1.6041587e-05  -6.0586967e-06  -0.00024403754  0.0000000   -7.8017651e-05  1.1917008e-05  4.8758797e-06  -7.0982763e-07  4.2932695e-07  5.3349712e-05  
-4.3132359e-06  -4.8762282e-05  -5.3682901e-07  -4.1688318e-05  7.8017651e-05  0.0000000   -1.5987660e-06  9.4713325e-06  -3.9811483e-06  5.5189306e-08  -2.1038396e-05  -4.3132359e-06  -4.8762282e-05  -5.3682901e-07  -4.1688318e-05  7.8017651e-05  0.0000000   -1.5987660e-06  9.4713325e-06  -3.9811483e-06  5.5189306e-08  -2.1038396e-05  
0.00019033782  4.6092508e-06  0.00010655341  6.7913168e-07  -1.1917008e-05  1.5987660e-06  0.0000000   0.0014238898  -0.00052126853  0.00012233214  9.8791121e-07  0.00019033782  4.6092508e-06  0.00010655341  6.7913168e-07  -1.1917008e-05  1.5987660e-06  0.0000000   0.0014238898  -0.00052126853  0.00012233214  9.8791121e-07  
0.00016514850  2.6102573e-08  3.3976142e-05  -1.1354979e-06  -4.8758797e-06  -9.4713325e-06  -0.0014238898  0.0000000   -0.00010256952  -6.7714438e-05  -1.8707346e-07  0.00016514850  2.6102573e-08  3.3976142e-05  -1.1354979e-06  -4.8758797e-06  -9.4713325e-06  -0.0014238898  0.0000000   -0.00010256952  -6.7714438e-05  -1.8707346e-07  
-2.9439171e-05  1.5276634e-07  -2.0566293e-05  -3.6084080e-07  7.0982763e-07  3.9811483e-06  0.00052126853  0.00010256952  0.0000000   0.00022150463  6.9750426e-07  -2.9439171e-05  1.5276634e-07  -2.0566293e-05  -3.6084080e-07  7.0982763e-07  3.9811483e-06  0.00052126853  0.00010256952  0.0000000   0.00022150463  6.9750426e-07  
-3.9936820e-06  8.0480145e-07  -2.1838121e-05  9.7909374e-07  -4.2932695e-07  -5.5189306e-08  -0.00012233214  6.7714438e-05  -0.00022150463  0.0000000   -1.3186447e-07  -3.9936820e-06  8.0480145e-07  -2.1838121e-05  9.7909374e-07  -4.2932695e-07  -5.5189306e-08  -0.00012233214  6.7714438e-05  -0.00022150463  0.0000000   -1.3186447e-07  
1.8474121e-06  4.7671302e-05  1.3004559e-06  1.4633118e-05  -5.3349712e-05  2.1038396e-05  -9.8791121e-07  1.8707346e-07  -6.9750426e-07  1.3186447e-07  0.0000000   1.8474121e-06  4.7671302e-05  1.3004559e-06  1.4633118e-05  -5.3349712e-05  2.1038396e-05  -9.8791121e-07  1.8707346e-07  -6.9750426e-07  1.3186447e-07  0.0000000   
0.0000000   4.9872703e-05  -0.00015695089  9.2625285e-06  1.1745749e-05  4.3132359e-06  -0.00019033782  -0.00016514850  2.9439171e-05  3.9936820e-06  -1.8474121e-06  0.0000000   4.9872703e-05  -0.00015695089  9.2625285e-06  1.1745749e-05  4.3132359e-06  -0.00019033782  -0.00016514850  2.9439171e-05  3.9936820e-06  -1.8474121e-06  
-4.9872703e-05  0.0000000   1.8348824e-06  0.00013220733  1.6041587e-05  4.8762282e-05  -4.6092508e-06  -2.6102573e-08  -1.5276634e-07  -8.0480145e-07  -4.7671302e-05  -4.9872703e-05  0.0000000   1.8348824e-06  0.00013220733  1.6041587e-05  4.8762282e-05  -4.6092508e-06  -2.6102573e-08  -1.5276634e-07  -8.0480145e-07  -4.7671302e-05  
0.00015695089  -1.8348824e-06  0.0000000   -1.3905851e-06  6.0586967e-06  5.3682901e-07  -0.00010655341  -3.3976142e-05  2.0566293e-05  2.1838121e-05  -1.3004559e-06  0.00015695089  -1.8348824e-06  0.0000000   -1.3905851e-06  6.0586967e-06  5.3682901e-07  -0.00010655341  -3.3976142e-05  2.0566293e-05  2.1838121e-05  -1.3004559e-06  
-9.2625285e-06  -0.00013220733  1.3905851e-06  0.0000000   0.00024403754  4.1688318e-05  -6.7913168e-07  1.1354979e-06  3.6084080e-07  -9.7909374e-07  -1.4633118e-05  -9.2625285e-06  -0.00013220733  1.3905851e-06  0.0000000   0.00024403754  4.1688318e-05  -6.7913168e-07  1.1354979e-06  3.6084080e-07  -9.7909374e-07  -1.4633118e-05  
-1.1745749e-05  -1.6041587e-05  -6.0586967e-06  -0.00024403754  0.0000000   -7.8017651e-05  1.1917008e-05  4.8758797e-06  -7.0982763e-07  4.2932695e-07  5.3349712e-05  -1.1745749e-05  -1.6041587e-05  -6.0586967e-06  -0.00024403754  0.0000000   -7.8017651e-05  1.1917008e-05  4.8758797e-06  -7.0982763e-07  4.2932695e-07  5.3349712e-05  
-4.3132359e-06  -4.8762282e-05  -5.3682901e-07  -4.1688318e-05  7.8017651e-05  0.0000000   -1.5987660e-06  9.4713325e-06  -3.9811483e-06  5.5189306e-08  -2.1038396e-05  -4.3132359e-06  -4.8762282e-05  -5.3682901e-07  -4.1688318e-05  7.8017651e-05  0.0000000   -1.5987660e-06  9.4713325e-06  -3.9811483e-06  5.5189306e-08  -2.1038396e-05  
0.00019033782  4.6092508e-06  0.00010655341  6.7913168e-07  -1.1917008e-05  1.5987660e-06  0.0000000   0.0014238898  -0.00052126853  0.00012233214  9.8791121e-07  0.00019033782  4.6092508e-06  0.00010655341  6.7913168e-07  -1.1917008e-05  1.5987660e-06  0.0000000   0.0014238898  -0.00052126853  0.00012233214  9.8791121e-07  
0.00016514850  2.6102573e-08  3.3976142e-05  -1.1354979e-06  -4.8758797e-06  -9.4713325e-06  -0.0014238898  0.0000000   -0.00010256952  -6.7714438e-05  -1.8707346e-07  0.00016514850  2.6102573e-08  3.3976142e-05  -1.1354979e-06  -4.8758797e-06  -9.4713325e-06  -0.0014238898  0.0000000   -0.00010256952  -6.7714438e-05  -1.8707346e-07  
-2.9439171e-05  1.5276634e-07  -2.0566293e-05  -3.6084080e-07  7.0982763e-07  3.9811483e-06  0.00052126853  0.00010256952  0.0000000   0.00022150463  6.9750426e-07  -2.9439171e-05  1.5276634e-07  -2.0566293e-05  -3.6084080e-07  7.0982763e-07  3.9811483e-06  0.00052126853  0.00010256952  0.0000000   0.00022150463  6.9750426e-07  
-3.9936820e-06  8.0480145e-07  -2.1838121e-05  9.7909374e-07  -4.2932695e-07  -5.5189306e-08  -0.00012233214  6.7714438e-05  -0.00022150463  0.0000000   -1.3186447e-07  -3.9936820e-06  8.0480145e-07  -2.1838121e-05  9.7909374e-07  -4.2932695e-07  -5.5189306e-08  -0.00012233214  6.7714438e-05  -0.00022150463  0.0000000   -1.3186447e-07  
1.8474121e-06  4.7671302e-05  1.3004559e-06  1.4633118e-05  -5.3349712e-05  2.1038396e-05  -9.8791121e-07  1.8707346e-07  -6.9750426e-07  1.3186447e-07  0.0000000   1.8474121e-06  4.7671302e-05  1.3004559e-06  1.4633118e-05  -5.3349712e-05  2.1038396e-05  -9.8791121e-07  1.8707346e-07  -6.9750426e-07  1.3186447e-07  0.0000000   
