0.0000000   -0.00032028753  0.00011082358  -1.5668444e-06  -5.9463999e-05  1.1636971e-06  -4.5294703e-07  -2.8681507e-07  2.6996269e-05  4.2994494e-07  -9.9135422e-09  0.0000000   -0.00032028753  0.00011082358  -1.5668444e-06  -5.9463999e-05  1.1636971e-06  -4.5294703e-07  -2.8681507e-07  2.6996269e-05  4.2994494e-07  -9.9135422e-09  
0.00032028753  0.0000000   1.7500887e-05  -2.0736568e-07  3.2005959e-06  -6.0221843e-07  4.7243163e-07  7.7475284e-07  -2.1532472e-05  -6.2365309e-07  4.1929957e-07  0.00032028753  0.0000000   1.7500887e-05  -2.0736568e-07  3.2005959e-06  -6.0221843e-07  4.7243163e-07  7.7475284e-07  -2.1532472e-05  -6.2365309e-07  4.1929957e-07  
-0.00011082358  -1.7500887e-05  0.0000000   9.3333747e-07  -0.00013072827  -3.8665556e-07  9.0459157e-07  6.7823585e-07  2.3776955e-05  -7.8196361e-08  -4.5185839e-07  -0.00011082358  -1.7500887e-05  0.0000000   9.3333747e-07  -0.00013072827  -3.8665556e-07  9.0459157e-07  6.7823585e-07  2.3776955e-05  -7.8196361e-08  -4.5185839e-07  
1.5668444e-06  2.0736568e-07  -9.3333747e-07  0.0000000   1.0406054e-06  -4.0325476e-05  0.00011406535  5.4949772e-05  3.4626222e-07  -4.0330976e-06  -3.2561406e-05  1.5668444e-06  2.0736568e-07  -9.3333747e-07  0.0000000   1.0406054e-06  -4.0325476e-05  0.00011406535  5.4949772e-05  3.4626222e-07  -4.0330976e-06  -3.2561406e-05  
5.9463999e-05  -3.2005959e-06  0.00013072827  -1.0406054e-06  0.0000000   1.0555729e-07  -1.2292023e-06  2.0896375e-06  -5.8862076e-05  -4.2714159e-07  -8.1211782e-08  5.9463999e-05  -3.2005959e-06  0.00013072827  -1.0406054e-06  0.0000000   1.0555729e-07  -1.2292023e-06  2.0896375e-06  -5.8862076e-05  -4.2714159e-07  -8.1211782e-08  
-1.1636971e-06  6.0221843e-07  3.8665556e-07  4.0325476e-05  -1.0555729e-07  0.0000000   -0.00015415510  1.0831203e-05  6.4591310e-07  -0.00013897515  -3.4585607e-06  -1.1636971e-06  6.0221843e-07  3.8665556e-07  4.0325476e-05  -1.0555729e-07  0.0000000   -0.00015415510  1.0831203e-05  6.4591310e-07  -0.00013897515  -3.4585607e-06  
4.5294703e-07  -4.7243163e-07  -9.0459157e-07  -0.00011406535  1.2292023e-06  0.00015415510  0.0000000   -0.00070598419  -1.9195420e-06  0.00018924904  1.2580640e-05  4.5294703e-07  -4.7243163e-07  -9.0459157e-07  -0.00011406535  1.2292023e-06  0.00015415510  0.0000000   -0.00070598419  -1.9195420e-06  0.00018924904  1.2580640e-05  
2.8681507e-07  -7.7475284e-07  -6.7823585e-07  -5.4949772e-05  -2.0896375e-06  -1.0831203e-05  0.00070598419  0.0000000   2.8638935e-06  -1.7525914e-05  -2.2651415e-05  2.8681507e-07  -7.7475284e-07  -6.7823585e-07  -5.4949772e-05  -2.0896375e-06  -1.0831203e-05  0.00070598419  0.0000000   2.8638935e-06  -1.7525914e-05  -2.2651415e-05  
-2.6996269e-05  2.1532472e-05  -2.3776955e-05  -3.4626222e-07  5.8862076e-05  -6.4591310e-07  1.9195420e-06  -2.8638935e-06  0.0000000   6.6559239e-07  9.2073799e-07  -2.6996269e-05  2.1532472e-05  -2.3776955e-05  -3.4626222e-07  5.8862076e-05  -6.4591310e-07  1.9195420e-06  -2.8638935e-06  0.0000000   6.6559239e-07  9.2073799e-07  
-4.2994494e-07  6.2365309e-07  7.8196361e-08  4.0330976e-06  4.2714159e-07  0.00013897515  -0.00018924904  1.7525914e-05  -6.6559239e-07  0.0000000   -0.00015691416  -4.2994494e-07  6.2365309e-07  7.8196361e-08  4.0330976e-06  4.2714159e-07  0.00013897515  -0.00018924904  1.7525914e-05  -6.6559239e-07  0.0000000   -0.00015691416  
9.9135422e-09  -4.1929957e-07  4.5185839e-07  3.2561406e-05  8.1211782e-08  3.4585607e-06  -1.2580640e-05  2.2651415e-05  -9.2073799e-07  0.00015691416  0.0000000   9.9135422e-09  -4.1929957e-07  4.5185839e-07  3.2561406e-05  8.1211782e-08  3.4585607e-06  -1.2580640e-05  2.2651415e-05  -9.2073799e-07  0.00015691416  0.0000000   
0.0000000   -0.00032028753  0.00011082358  -1.5668444e-06  -5.9463999e-05  1.1636971e-06  -4.5294703e-07  -2.8681507e-07  2.6996269e-05  4.2994494e-07  -9.9135422e-09  0.0000000   -0.00032028753  0.00011082358  -1.5668444e-06  -5.9463999e-05  1.1636971e-06  -4.5294703e-07  -2.8681507e-07  2.6996269e-05  4.2994494e-07  -9.9135422e-09  
0.00032028753  0.0000000   1.7500887e-05  -2.0736568e-07  3.2005959e-06  -6.0221843e-07  4.7243163e-07  7.7475284e-07  -2.1532472e-05  -6.2365309e-07  4.1929957e-07  0.00032028753  0.0000000   1.7500887e-05  -2.0736568e-07  3.2005959e-06  -6.0221843e-07  4.7243163e-07  7.7475284e-07  -2.1532472e-05  -6.2365309e-07  4.1929957e-07  
-0.00011082358  -1.7500887e-05  0.0000000   9.3333747e-07  -0.00013072827  -3.8665556e-07  9.0459157e-07  6.7823585e-07  2.3776955e-05  -7.8196361e-08  -4.5185839e-07  -0.00011082358  -1.7500887e-05  0.0000000   9.3333747e-07  -0.00013072827  -3.8665556e-07  9.0459157e-07  6.7823585e-07  2.3776955e-05  -7.8196361e-08  -4.5185839e-07  
1.5668444e-06  2.0736568e-07  -9.3333747e-07  0.0000000   1.0406054e-06  -4.0325476e-05  0.00011406535  5.4949772e-05  3.4626222e-07  -4.0330976e-06  -3.2561406e-05  1.5668444e-06  2.0736568e-07  -9.3333747e-07  0.0000000   1.0406054e-06  -4.0325476e-05  0.00011406535  5.4949772e-05  3.4626222e-07  -4.0330976e-06  -3.2561406e-05  
5.9463999e-05  -3.2005959e-06  0.00013072827  -1.0406054e-06  0.0000000   1.0555729e-07  -1.2292023e-06  2.0896375e-06  -5.8862076e-05  -4.2714159e-07  -8.1211782e-08  5.9463999e-05  -3.2005959e-06  0.00013072827  -1.0406054e-06  0.0000000   1.0555729e-07  -1.2292023e-06  2.0896375e-06  -5.8862076e-05  -4.2714159e-07  -8.1211782e-08  
-1.1636971e-06  6.0221843e-07  3.8665556e-07  4.0325476e-05  -1.0555729e-07  0.0000000   -0.00015415510  1.0831203e-05  6.4591310e-07  -0.00013897515  -3.4585607e-06  -1.1636971e-06  6.0221843e-07  3.8665556e-07  4.0325476e-05  -1.0555729e-07  0.0000000   -0.00015415510  1.0831203e-05  6.4591310e-07  -0.00013897515  -3.4585607e-06  
4.5294703e-07  -4.7243163e-07  -9.0459157e-07  -0.00011406535  1.2292023e-06  0.00015415510  0.0000000   -0.00070598419  -1.9195420e-06  0.00018924904  1.2580640e-05  4.5294703e-07  -4.7243163e-07  -9.0459157e-07  -0.00011406535  1.2292023e-06  0.00015415510  0.0000000   -0.00070598419  -1.9195420e-06  0.00018924904  1.2580640e-05  
2.8681507e-07  -7.7475284e-07  -6.7823585e-07  -5.4949772e-05  -2.0896375e-06  -1.0831203e-05  0.00070598419  0.0000000   2.8638935e-06  -1.7525914e-05  -2.2651415e-05  2.8681507e-07  -7.7475284e-07  -6.7823585e-07  -5.4949772e-05  -2.0896375e-06  -1.0831203e-05  0.00070598419  0.0000000   2.8638935e-06  -1.7525914e-05  -2.2651415e-05  
-2.6996269e-05  2.1532472e-05  -2.3776955e-05  -3.4626222e-07  5.8862076e-05  -6.4591310e-07  1.9195420e-06  -2.8638935e-06  0.0000000   6.6559239e-07  9.2073799e-07  -2.6996269e-05  2.1532472e-05  -2.3776955e-05  -3.4626222e-07  5.8862076e-05  -6.4591310e-07  1.9195420e-06  -2.8638935e-06  0.0000000   6.6559239e-07  9.2073799e-07  
-4.2994494e-07  6.2365309e-07  7.8196361e-08  4.0330976e-06  4.2714159e-07  0.00013897515  -0.00018924904  1.7525914e-05  -6.6559239e-07  0.0000000   -0.00015691416  -4.2994494e-07  6.2365309e-07  7.8196361e-08  4.0330976e-06  4.2714159e-07  0.00013897515  -0.00018924904  1.7525914e-05  -6.6559239e-07  0.0000000   -0.00015691416  
9.9135422e-09  -4.1929957e-07  4.5185839e-07  3.2561406e-05  8.1211782e-08  3.4585607e-06  -1.2580640e-05  2.2651415e-05  -9.2073799e-07  0.00015691416  0.0000000   9.9135422e-09  -4.1929957e-07  4.5185839e-07  3.2561406e-05  8.1211782e-08  3.4585607e-06  -1.2580640e-05  2.2651415e-05  -9.2073799e-07  0.00015691416  0.0000000   
