0.0000000   -0.00060480766  -0.00010256131  -4.2956265e-07  9.2736858e-08  2.4192482e-05  -5.3827826e-07  4.3309153e-06  6.8239356e-07  3.0523163e-07  -3.2289961e-05  0.0000000   -0.00060480766  -0.00010256131  -4.2956265e-07  9.2736858e-08  2.4192482e-05  -5.3827826e-07  4.3309153e-06  6.8239356e-07  3.0523163e-07  -3.2289961e-05  
0.00060480766  0.0000000   -2.7888620e-05  -1.8396951e-07  -3.1619740e-07  -4.0456045e-05  -1.1355552e-06  -4.4016719e-05  -3.3143275e-07  -2.0257656e-08  1.0300151e-05  0.00060480766  0.0000000   -2.7888620e-05  -1.8396951e-07  -3.1619740e-07  -4.0456045e-05  -1.1355552e-06  -4.4016719e-05  -3.3143275e-07  -2.0257656e-08  1.0300151e-05  
0.00010256131  2.7888620e-05  0.0000000   8.0034591e-08  -5.5156399e-07  -3.3958316e-05  -6.7360783e-07  1.2538346e-05  2.1425192e-07  2.4117310e-07  8.2120299e-06  0.00010256131  2.7888620e-05  0.0000000   8.0034591e-08  -5.5156399e-07  -3.3958316e-05  -6.7360783e-07  1.2538346e-05  2.1425192e-07  2.4117310e-07  8.2120299e-06  
4.2956265e-07  1.8396951e-07  -8.0034591e-08  0.0000000   -0.00010672494  3.0639233e-07  -5.2257177e-05  -2.7189649e-07  3.5908818e-05  2.4863606e-05  -1.1404451e-07  4.2956265e-07  1.8396951e-07  -8.0034591e-08  0.0000000   -0.00010672494  3.0639233e-07  -5.2257177e-05  -2.7189649e-07  3.5908818e-05  2.4863606e-05  -1.1404451e-07  
-9.2736858e-08  3.1619740e-07  5.5156399e-07  0.00010672494  0.0000000   3.0908697e-07  -8.8830746e-07  4.4200592e-07  1.7937598e-05  -8.2031403e-05  -7.7885199e-08  -9.2736858e-08  3.1619740e-07  5.5156399e-07  0.00010672494  0.0000000   3.0908697e-07  -8.8830746e-07  4.4200592e-07  1.7937598e-05  -8.2031403e-05  -7.7885199e-08  
-2.4192482e-05  4.0456045e-05  3.3958316e-05  -3.0639233e-07  -3.0908697e-07  0.0000000   -2.8063168e-06  -0.00047814590  -1.3183353e-06  -4.5464626e-06  -1.4326249e-05  -2.4192482e-05  4.0456045e-05  3.3958316e-05  -3.0639233e-07  -3.0908697e-07  0.0000000   -2.8063168e-06  -0.00047814590  -1.3183353e-06  -4.5464626e-06  -1.4326249e-05  
5.3827826e-07  1.1355552e-06  6.7360783e-07  5.2257177e-05  8.8830746e-07  2.8063168e-06  0.0000000   -4.0773932e-06  3.1031640e-05  0.00021672733  -9.2811337e-08  5.3827826e-07  1.1355552e-06  6.7360783e-07  5.2257177e-05  8.8830746e-07  2.8063168e-06  0.0000000   -4.0773932e-06  3.1031640e-05  0.00021672733  -9.2811337e-08  
-4.3309153e-06  4.4016719e-05  -1.2538346e-05  2.7189649e-07  -4.4200592e-07  0.00047814590  4.0773932e-06  0.0000000   1.2783877e-06  -1.3617182e-06  -1.7944712e-05  -4.3309153e-06  4.4016719e-05  -1.2538346e-05  2.7189649e-07  -4.4200592e-07  0.00047814590  4.0773932e-06  0.0000000   1.2783877e-06  -1.3617182e-06  -1.7944712e-05  
-6.8239356e-07  3.3143275e-07  -2.1425192e-07  -3.5908818e-05  -1.7937598e-05  1.3183353e-06  -3.1031640e-05  -1.2783877e-06  0.0000000   0.00079433281  2.9945498e-07  -6.8239356e-07  3.3143275e-07  -2.1425192e-07  -3.5908818e-05  -1.7937598e-05  1.3183353e-06  -3.1031640e-05  -1.2783877e-06  0.0000000   0.00079433281  2.9945498e-07  
-3.0523163e-07  2.0257656e-08  -2.4117310e-07  -2.4863606e-05  8.2031403e-05  4.5464626e-06  -0.00021672733  1.3617182e-06  -0.00079433281  0.0000000   -1.0351101e-06  -3.0523163e-07  2.0257656e-08  -2.4117310e-07  -2.4863606e-05  8.2031403e-05  4.5464626e-06  -0.00021672733  1.3617182e-06  -0.00079433281  0.0000000   -1.0351101e-06  
3.2289961e-05  -1.0300151e-05  -8.2120299e-06  1.1404451e-07  7.7885199e-08  1.4326249e-05  9.2811337e-08  1.7944712e-05  -2.9945498e-07  1.0351101e-06  0.0000000   3.2289961e-05  -1.0300151e-05  -8.2120299e-06  1.1404451e-07  7.7885199e-08  1.4326249e-05  9.2811337e-08  1.7944712e-05  -2.9945498e-07  1.0351101e-06  0.0000000   
0.0000000   -0.00060480766  -0.00010256131  -4.2956265e-07  9.2736858e-08  2.4192482e-05  -5.3827826e-07  4.3309153e-06  6.8239356e-07  3.0523163e-07  -3.2289961e-05  0.0000000   -0.00060480766  -0.00010256131  -4.2956265e-07  9.2736858e-08  2.4192482e-05  -5.3827826e-07  4.3309153e-06  6.8239356e-07  3.0523163e-07  -3.2289961e-05  
0.00060480766  0.0000000   -2.7888620e-05  -1.8396951e-07  -3.1619740e-07  -4.0456045e-05  -1.1355552e-06  -4.4016719e-05  -3.3143275e-07  -2.0257656e-08  1.0300151e-05  0.00060480766  0.0000000   -2.7888620e-05  -1.8396951e-07  -3.1619740e-07  -4.0456045e-05  -1.1355552e-06  -4.4016719e-05  -3.3143275e-07  -2.0257656e-08  1.0300151e-05  
0.00010256131  2.7888620e-05  0.0000000   8.0034591e-08  -5.5156399e-07  -3.3958316e-05  -6.7360783e-07  1.2538346e-05  2.1425192e-07  2.4117310e-07  8.2120299e-06  0.00010256131  2.7888620e-05  0.0000000   8.0034591e-08  -5.5156399e-07  -3.3958316e-05  -6.7360783e-07  1.2538346e-05  2.1425192e-07  2.4117310e-07  8.2120299e-06  
4.2956265e-07  1.8396951e-07  -8.0034591e-08  0.0000000   -0.00010672494  3.0639233e-07  -5.2257177e-05  -2.7189649e-07  3.5908818e-05  2.4863606e-05  -1.1404451e-07  4.2956265e-07  1.8396951e-07  -8.0034591e-08  0.0000000   -0.00010672494  3.0639233e-07  -5.2257177e-05  -2.7189649e-07  3.5908818e-05  2.4863606e-05  -1.1404451e-07  
-9.2736858e-08  3.1619740e-07  5.5156399e-07  0.00010672494  0.0000000   3.0908697e-07  -8.8830746e-07  4.4200592e-07  1.7937598e-05  -8.2031403e-05  -7.7885199e-08  -9.2736858e-08  3.1619740e-07  5.5156399e-07  0.00010672494  0.0000000   3.0908697e-07  -8.8830746e-07  4.4200592e-07  1.7937598e-05  -8.2031403e-05  -7.7885199e-08  
-2.4192482e-05  4.0456045e-05  3.3958316e-05  -3.0639233e-07  -3.0908697e-07  0.0000000   -2.8063168e-06  -0.00047814590  -1.3183353e-06  -4.5464626e-06  -1.4326249e-05  -2.4192482e-05  4.0456045e-05  3.3958316e-05  -3.0639233e-07  -3.0908697e-07  0.0000000   -2.8063168e-06  -0.00047814590  -1.3183353e-06  -4.5464626e-06  -1.4326249e-05  
5.3827826e-07  1.1355552e-06  6.7360783e-07  5.2257177e-05  8.8830746e-07  2.8063168e-06  0.0000000   -4.0773932e-06  3.1031640e-05  0.00021672733  -9.2811337e-08  5.3827826e-07  1.1355552e-06  6.7360783e-07  5.2257177e-05  8.8830746e-07  2.8063168e-06  0.0000000   -4.0773932e-06  3.1031640e-05  0.00021672733  -9.2811337e-08  
-4.3309153e-06  4.4016719e-05  -1.2538346e-05  2.7189649e-07  -4.4200592e-07  0.00047814590  4.0773932e-06  0.0000000   1.2783877e-06  -1.3617182e-06  -1.7944712e-05  -4.3309153e-06  4.4016719e-05  -1.2538346e-05  2.7189649e-07  -4.4200592e-07  0.00047814590  4.0773932e-06  0.0000000   1.2783877e-06  -1.3617182e-06  -1.7944712e-05  
-6.8239356e-07  3.3143275e-07  -2.1425192e-07  -3.5908818e-05  -1.7937598e-05  1.3183353e-06  -3.1031640e-05  -1.2783877e-06  0.0000000   0.00079433281  2.9945498e-07  -6.8239356e-07  3.3143275e-07  -2.1425192e-07  -3.5908818e-05  -1.7937598e-05  1.3183353e-06  -3.1031640e-05  -1.2783877e-06  0.0000000   0.00079433281  2.9945498e-07  
-3.0523163e-07  2.0257656e-08  -2.4117310e-07  -2.4863606e-05  8.2031403e-05  4.5464626e-06  -0.00021672733  1.3617182e-06  -0.00079433281  0.0000000   -1.0351101e-06  -3.0523163e-07  2.0257656e-08  -2.4117310e-07  -2.4863606e-05  8.2031403e-05  4.5464626e-06  -0.00021672733  1.3617182e-06  -0.00079433281  0.0000000   -1.0351101e-06  
3.2289961e-05  -1.0300151e-05  -8.2120299e-06  1.1404451e-07  7.7885199e-08  1.4326249e-05  9.2811337e-08  1.7944712e-05  -2.9945498e-07  1.0351101e-06  0.0000000   3.2289961e-05  -1.0300151e-05  -8.2120299e-06  1.1404451e-07  7.7885199e-08  1.4326249e-05  9.2811337e-08  1.7944712e-05  -2.9945498e-07  1.0351101e-06  0.0000000   
