0.0000000   -7.8912393e-06  -0.00017998223  1.2445857e-06  6.8541798e-05  2.7390135e-07  6.3918565e-05  3.8073003e-05  -6.7892404e-07  -2.2592142e-07  -2.9139038e-07  0.0000000   -7.8912393e-06  -0.00017998223  1.2445857e-06  6.8541798e-05  2.7390135e-07  6.3918565e-05  3.8073003e-05  -6.7892404e-07  -2.2592142e-07  -2.9139038e-07  
7.8912393e-06  0.0000000   -9.7121995e-05  3.6612219e-07  -5.1578915e-05  1.5542560e-06  5.0806817e-06  -6.2244122e-05  5.6552480e-07  1.2730106e-08  3.7865885e-08  7.8912393e-06  0.0000000   -9.7121995e-05  3.6612219e-07  -5.1578915e-05  1.5542560e-06  5.0806817e-06  -6.2244122e-05  5.6552480e-07  1.2730106e-08  3.7865885e-08  
0.00017998223  9.7121995e-05  0.0000000   1.2481111e-07  -0.00017045176  -1.4732667e-06  1.4928306e-05  2.8273109e-05  -2.4076982e-06  -8.3693029e-07  -8.6475194e-07  0.00017998223  9.7121995e-05  0.0000000   1.2481111e-07  -0.00017045176  -1.4732667e-06  1.4928306e-05  2.8273109e-05  -2.4076982e-06  -8.3693029e-07  -8.6475194e-07  
-1.2445857e-06  -3.6612219e-07  -1.2481111e-07  0.0000000   7.3720451e-07  -0.00010441566  1.6933630e-06  -7.6506123e-07  2.0693907e-05  6.0190174e-05  2.1263192e-06  -1.2445857e-06  -3.6612219e-07  -1.2481111e-07  0.0000000   7.3720451e-07  -0.00010441566  1.6933630e-06  -7.6506123e-07  2.0693907e-05  6.0190174e-05  2.1263192e-06  
-6.8541798e-05  5.1578915e-05  0.00017045176  -7.3720451e-07  0.0000000   6.2518351e-07  -3.6110951e-06  -3.1153388e-05  3.0949434e-06  1.9099683e-06  -2.3371562e-07  -6.8541798e-05  5.1578915e-05  0.00017045176  -7.3720451e-07  0.0000000   6.2518351e-07  -3.6110951e-06  -3.1153388e-05  3.0949434e-06  1.9099683e-06  -2.3371562e-07  
-2.7390135e-07  -1.5542560e-06  1.4732667e-06  0.00010441566  -6.2518351e-07  0.0000000   -1.9685890e-05  -6.4241695e-06  3.6571354e-05  1.4164226e-05  1.3871103e-05  -2.7390135e-07  -1.5542560e-06  1.4732667e-06  0.00010441566  -6.2518351e-07  0.0000000   -1.9685890e-05  -6.4241695e-06  3.6571354e-05  1.4164226e-05  1.3871103e-05  
-6.3918565e-05  -5.0806817e-06  -1.4928306e-05  -1.6933630e-06  3.6110951e-06  1.9685890e-05  0.0000000   -0.0012190149  -1.4176037e-05  2.2007863e-06  -1.9765632e-07  -6.3918565e-05  -5.0806817e-06  -1.4928306e-05  -1.6933630e-06  3.6110951e-06  1.9685890e-05  0.0000000   -0.0012190149  -1.4176037e-05  2.2007863e-06  -1.9765632e-07  
-3.8073003e-05  6.2244122e-05  -2.8273109e-05  7.6506123e-07  3.1153388e-05  6.4241695e-06  0.0012190149  0.0000000   4.9458054e-06  -1.3336328e-05  -4.2074543e-07  -3.8073003e-05  6.2244122e-05  -2.8273109e-05  7.6506123e-07  3.1153388e-05  6.4241695e-06  0.0012190149  0.0000000   4.9458054e-06  -1.3336328e-05  -4.2074543e-07  
6.7892404e-07  -5.6552480e-07  2.4076982e-06  -2.0693907e-05  -3.0949434e-06  -3.6571354e-05  1.4176037e-05  -4.9458054e-06  0.0000000   0.0021721526  -0.00012617505  6.7892404e-07  -5.6552480e-07  2.4076982e-06  -2.0693907e-05  -3.0949434e-06  -3.6571354e-05  1.4176037e-05  -4.9458054e-06  0.0000000   0.0021721526  -0.00012617505  
2.2592142e-07  -1.2730106e-08  8.3693029e-07  -6.0190174e-05  -1.9099683e-06  -1.4164226e-05  -2.2007863e-06  1.3336328e-05  -0.0021721526  0.0000000   0.00017594580  2.2592142e-07  -1.2730106e-08  8.3693029e-07  -6.0190174e-05  -1.9099683e-06  -1.4164226e-05  -2.2007863e-06  1.3336328e-05  -0.0021721526  0.0000000   0.00017594580  
2.9139038e-07  -3.7865885e-08  8.6475194e-07  -2.1263192e-06  2.3371562e-07  -1.3871103e-05  1.9765632e-07  4.2074543e-07  0.00012617505  -0.00017594580  0.0000000   2.9139038e-07  -3.7865885e-08  8.6475194e-07  -2.1263192e-06  2.3371562e-07  -1.3871103e-05  1.9765632e-07  4.2074543e-07  0.00012617505  -0.00017594580  0.0000000   
0.0000000   -7.8912393e-06  -0.00017998223  1.2445857e-06  6.8541798e-05  2.7390135e-07  6.3918565e-05  3.8073003e-05  -6.7892404e-07  -2.2592142e-07  -2.9139038e-07  0.0000000   -7.8912393e-06  -0.00017998223  1.2445857e-06  6.8541798e-05  2.7390135e-07  6.3918565e-05  3.8073003e-05  -6.7892404e-07  -2.2592142e-07  -2.9139038e-07  
7.8912393e-06  0.0000000   -9.7121995e-05  3.6612219e-07  -5.1578915e-05  1.5542560e-06  5.0806817e-06  -6.2244122e-05  5.6552480e-07  1.2730106e-08  3.7865885e-08  7.8912393e-06  0.0000000   -9.7121995e-05  3.6612219e-07  -5.1578915e-05  1.5542560e-06  5.0806817e-06  -6.2244122e-05  5.6552480e-07  1.2730106e-08  3.7865885e-08  
0.00017998223  9.7121995e-05  0.0000000   1.2481111e-07  -0.00017045176  -1.4732667e-06  1.4928306e-05  2.8273109e-05  -2.4076982e-06  -8.3693029e-07  -8.6475194e-07  0.00017998223  9.7121995e-05  0.0000000   1.2481111e-07  -0.00017045176  -1.4732667e-06  1.4928306e-05  2.8273109e-05  -2.4076982e-06  -8.3693029e-07  -8.6475194e-07  
-1.2445857e-06  -3.6612219e-07  -1.2481111e-07  0.0000000   7.3720451e-07  -0.00010441566  1.6933630e-06  -7.6506123e-07  2.0693907e-05  6.0190174e-05  2.1263192e-06  -1.2445857e-06  -3.6612219e-07  -1.2481111e-07  0.0000000   7.3720451e-07  -0.00010441566  1.6933630e-06  -7.6506123e-07  2.0693907e-05  6.0190174e-05  2.1263192e-06  
-6.8541798e-05  5.1578915e-05  0.00017045176  -7.3720451e-07  0.0000000   6.2518351e-07  -3.6110951e-06  -3.1153388e-05  3.0949434e-06  1.9099683e-06  -2.3371562e-07  -6.8541798e-05  5.1578915e-05  0.00017045176  -7.3720451e-07  0.0000000   6.2518351e-07  -3.6110951e-06  -3.1153388e-05  3.0949434e-06  1.9099683e-06  -2.3371562e-07  
-2.7390135e-07  -1.5542560e-06  1.4732667e-06  0.00010441566  -6.2518351e-07  0.0000000   -1.9685890e-05  -6.4241695e-06  3.6571354e-05  1.4164226e-05  1.3871103e-05  -2.7390135e-07  -1.5542560e-06  1.4732667e-06  0.00010441566  -6.2518351e-07  0.0000000   -1.9685890e-05  -6.4241695e-06  3.6571354e-05  1.4164226e-05  1.3871103e-05  
-6.3918565e-05  -5.0806817e-06  -1.4928306e-05  -1.6933630e-06  3.6110951e-06  1.9685890e-05  0.0000000   -0.0012190149  -1.4176037e-05  2.2007863e-06  -1.9765632e-07  -6.3918565e-05  -5.0806817e-06  -1.4928306e-05  -1.6933630e-06  3.6110951e-06  1.9685890e-05  0.0000000   -0.0012190149  -1.4176037e-05  2.2007863e-06  -1.9765632e-07  
-3.8073003e-05  6.2244122e-05  -2.8273109e-05  7.6506123e-07  3.1153388e-05  6.4241695e-06  0.0012190149  0.0000000   4.9458054e-06  -1.3336328e-05  -4.2074543e-07  -3.8073003e-05  6.2244122e-05  -2.8273109e-05  7.6506123e-07  3.1153388e-05  6.4241695e-06  0.0012190149  0.0000000   4.9458054e-06  -1.3336328e-05  -4.2074543e-07  
6.7892404e-07  -5.6552480e-07  2.4076982e-06  -2.0693907e-05  -3.0949434e-06  -3.6571354e-05  1.4176037e-05  -4.9458054e-06  0.0000000   0.0021721526  -0.00012617505  6.7892404e-07  -5.6552480e-07  2.4076982e-06  -2.0693907e-05  -3.0949434e-06  -3.6571354e-05  1.4176037e-05  -4.9458054e-06  0.0000000   0.0021721526  -0.00012617505  
2.2592142e-07  -1.2730106e-08  8.3693029e-07  -6.0190174e-05  -1.9099683e-06  -1.4164226e-05  -2.2007863e-06  1.3336328e-05  -0.0021721526  0.0000000   0.00017594580  2.2592142e-07  -1.2730106e-08  8.3693029e-07  -6.0190174e-05  -1.9099683e-06  -1.4164226e-05  -2.2007863e-06  1.3336328e-05  -0.0021721526  0.0000000   0.00017594580  
2.9139038e-07  -3.7865885e-08  8.6475194e-07  -2.1263192e-06  2.3371562e-07  -1.3871103e-05  1.9765632e-07  4.2074543e-07  0.00012617505  -0.00017594580  0.0000000   2.9139038e-07  -3.7865885e-08  8.6475194e-07  -2.1263192e-06  2.3371562e-07  -1.3871103e-05  1.9765632e-07  4.2074543e-07  0.00012617505  -0.00017594580  0.0000000   
