0.0000000   -2.8261687e-06  -0.00012087348  -0.00012454516  -4.3169737e-06  -3.8215229e-06  2.9665410e-06  -7.9321817e-07  6.6794604e-07  -3.6509316e-07  -4.2244060e-07  0.0000000   -2.8261687e-06  -0.00012087348  -0.00012454516  -4.3169737e-06  -3.8215229e-06  2.9665410e-06  -7.9321817e-07  6.6794604e-07  -3.6509316e-07  -4.2244060e-07  
2.8261687e-06  0.0000000   3.5703682e-07  -7.5082108e-07  1.5627744e-06  2.1169798e-05  9.3526962e-05  3.6108129e-06  1.9106142e-05  1.7898114e-06  -1.4108693e-05  2.8261687e-06  0.0000000   3.5703682e-07  -7.5082108e-07  1.5627744e-06  2.1169798e-05  9.3526962e-05  3.6108129e-06  1.9106142e-05  1.7898114e-06  -1.4108693e-05  
0.00012087348  -3.5703682e-07  0.0000000   -0.00012458258  0.00027404559  6.2479033e-06  -1.0901173e-06  1.8343682e-06  1.5998956e-06  -9.0109147e-07  5.4715692e-07  0.00012087348  -3.5703682e-07  0.0000000   -0.00012458258  0.00027404559  6.2479033e-06  -1.0901173e-06  1.8343682e-06  1.5998956e-06  -9.0109147e-07  5.4715692e-07  
0.00012454516  7.5082108e-07  0.00012458258  0.0000000   0.00057187793  1.3077360e-06  2.0400603e-06  2.9529782e-07  -3.8437429e-07  2.8719867e-07  -2.5960965e-07  0.00012454516  7.5082108e-07  0.00012458258  0.0000000   0.00057187793  1.3077360e-06  2.0400603e-06  2.9529782e-07  -3.8437429e-07  2.8719867e-07  -2.5960965e-07  
4.3169737e-06  -1.5627744e-06  -0.00027404559  -0.00057187793  0.0000000   -3.6221470e-06  -1.5592598e-06  -6.4305450e-07  7.4255745e-08  -9.2379556e-08  4.8041315e-08  4.3169737e-06  -1.5627744e-06  -0.00027404559  -0.00057187793  0.0000000   -3.6221470e-06  -1.5592598e-06  -6.4305450e-07  7.4255745e-08  -9.2379556e-08  4.8041315e-08  
3.8215229e-06  -2.1169798e-05  -6.2479033e-06  -1.3077360e-06  3.6221470e-06  0.0000000   -0.0022256052  0.00060730428  -0.00017043027  -0.00020332947  1.1344004e-05  3.8215229e-06  -2.1169798e-05  -6.2479033e-06  -1.3077360e-06  3.6221470e-06  0.0000000   -0.0022256052  0.00060730428  -0.00017043027  -0.00020332947  1.1344004e-05  
-2.9665410e-06  -9.3526962e-05  1.0901173e-06  -2.0400603e-06  1.5592598e-06  0.0022256052  0.0000000   0.00050897124  -3.2910002e-05  -2.3597490e-05  -4.8827185e-05  -2.9665410e-06  -9.3526962e-05  1.0901173e-06  -2.0400603e-06  1.5592598e-06  0.0022256052  0.0000000   0.00050897124  -3.2910002e-05  -2.3597490e-05  -4.8827185e-05  
7.9321817e-07  -3.6108129e-06  -1.8343682e-06  -2.9529782e-07  6.4305450e-07  -0.00060730428  -0.00050897124  0.0000000   -0.00029962101  6.6293804e-05  8.3724409e-05  7.9321817e-07  -3.6108129e-06  -1.8343682e-06  -2.9529782e-07  6.4305450e-07  -0.00060730428  -0.00050897124  0.0000000   -0.00029962101  6.6293804e-05  8.3724409e-05  
-6.6794604e-07  -1.9106142e-05  -1.5998956e-06  3.8437429e-07  -7.4255745e-08  0.00017043027  3.2910002e-05  0.00029962101  0.0000000   -0.0011012673  -9.4172391e-05  -6.6794604e-07  -1.9106142e-05  -1.5998956e-06  3.8437429e-07  -7.4255745e-08  0.00017043027  3.2910002e-05  0.00029962101  0.0000000   -0.0011012673  -9.4172391e-05  
3.6509316e-07  -1.7898114e-06  9.0109147e-07  -2.8719867e-07  9.2379556e-08  0.00020332947  2.3597490e-05  -6.6293804e-05  0.0011012673  0.0000000   -0.00029718945  3.6509316e-07  -1.7898114e-06  9.0109147e-07  -2.8719867e-07  9.2379556e-08  0.00020332947  2.3597490e-05  -6.6293804e-05  0.0011012673  0.0000000   -0.00029718945  
4.2244060e-07  1.4108693e-05  -5.4715692e-07  2.5960965e-07  -4.8041315e-08  -1.1344004e-05  4.8827185e-05  -8.3724409e-05  9.4172391e-05  0.00029718945  0.0000000   4.2244060e-07  1.4108693e-05  -5.4715692e-07  2.5960965e-07  -4.8041315e-08  -1.1344004e-05  4.8827185e-05  -8.3724409e-05  9.4172391e-05  0.00029718945  0.0000000   
0.0000000   -2.8261687e-06  -0.00012087348  -0.00012454516  -4.3169737e-06  -3.8215229e-06  2.9665410e-06  -7.9321817e-07  6.6794604e-07  -3.6509316e-07  -4.2244060e-07  0.0000000   -2.8261687e-06  -0.00012087348  -0.00012454516  -4.3169737e-06  -3.8215229e-06  2.9665410e-06  -7.9321817e-07  6.6794604e-07  -3.6509316e-07  -4.2244060e-07  
2.8261687e-06  0.0000000   3.5703682e-07  -7.5082108e-07  1.5627744e-06  2.1169798e-05  9.3526962e-05  3.6108129e-06  1.9106142e-05  1.7898114e-06  -1.4108693e-05  2.8261687e-06  0.0000000   3.5703682e-07  -7.5082108e-07  1.5627744e-06  2.1169798e-05  9.3526962e-05  3.6108129e-06  1.9106142e-05  1.7898114e-06  -1.4108693e-05  
0.00012087348  -3.5703682e-07  0.0000000   -0.00012458258  0.00027404559  6.2479033e-06  -1.0901173e-06  1.8343682e-06  1.5998956e-06  -9.0109147e-07  5.4715692e-07  0.00012087348  -3.5703682e-07  0.0000000   -0.00012458258  0.00027404559  6.2479033e-06  -1.0901173e-06  1.8343682e-06  1.5998956e-06  -9.0109147e-07  5.4715692e-07  
0.00012454516  7.5082108e-07  0.00012458258  0.0000000   0.00057187793  1.3077360e-06  2.0400603e-06  2.9529782e-07  -3.8437429e-07  2.8719867e-07  -2.5960965e-07  0.00012454516  7.5082108e-07  0.00012458258  0.0000000   0.00057187793  1.3077360e-06  2.0400603e-06  2.9529782e-07  -3.8437429e-07  2.8719867e-07  -2.5960965e-07  
4.3169737e-06  -1.5627744e-06  -0.00027404559  -0.00057187793  0.0000000   -3.6221470e-06  -1.5592598e-06  -6.4305450e-07  7.4255745e-08  -9.2379556e-08  4.8041315e-08  4.3169737e-06  -1.5627744e-06  -0.00027404559  -0.00057187793  0.0000000   -3.6221470e-06  -1.5592598e-06  -6.4305450e-07  7.4255745e-08  -9.2379556e-08  4.8041315e-08  
3.8215229e-06  -2.1169798e-05  -6.2479033e-06  -1.3077360e-06  3.6221470e-06  0.0000000   -0.0022256052  0.00060730428  -0.00017043027  -0.00020332947  1.1344004e-05  3.8215229e-06  -2.1169798e-05  -6.2479033e-06  -1.3077360e-06  3.6221470e-06  0.0000000   -0.0022256052  0.00060730428  -0.00017043027  -0.00020332947  1.1344004e-05  
-2.9665410e-06  -9.3526962e-05  1.0901173e-06  -2.0400603e-06  1.5592598e-06  0.0022256052  0.0000000   0.00050897124  -3.2910002e-05  -2.3597490e-05  -4.8827185e-05  -2.9665410e-06  -9.3526962e-05  1.0901173e-06  -2.0400603e-06  1.5592598e-06  0.0022256052  0.0000000   0.00050897124  -3.2910002e-05  -2.3597490e-05  -4.8827185e-05  
7.9321817e-07  -3.6108129e-06  -1.8343682e-06  -2.9529782e-07  6.4305450e-07  -0.00060730428  -0.00050897124  0.0000000   -0.00029962101  6.6293804e-05  8.3724409e-05  7.9321817e-07  -3.6108129e-06  -1.8343682e-06  -2.9529782e-07  6.4305450e-07  -0.00060730428  -0.00050897124  0.0000000   -0.00029962101  6.6293804e-05  8.3724409e-05  
-6.6794604e-07  -1.9106142e-05  -1.5998956e-06  3.8437429e-07  -7.4255745e-08  0.00017043027  3.2910002e-05  0.00029962101  0.0000000   -0.0011012673  -9.4172391e-05  -6.6794604e-07  -1.9106142e-05  -1.5998956e-06  3.8437429e-07  -7.4255745e-08  0.00017043027  3.2910002e-05  0.00029962101  0.0000000   -0.0011012673  -9.4172391e-05  
3.6509316e-07  -1.7898114e-06  9.0109147e-07  -2.8719867e-07  9.2379556e-08  0.00020332947  2.3597490e-05  -6.6293804e-05  0.0011012673  0.0000000   -0.00029718945  3.6509316e-07  -1.7898114e-06  9.0109147e-07  -2.8719867e-07  9.2379556e-08  0.00020332947  2.3597490e-05  -6.6293804e-05  0.0011012673  0.0000000   -0.00029718945  
4.2244060e-07  1.4108693e-05  -5.4715692e-07  2.5960965e-07  -4.8041315e-08  -1.1344004e-05  4.8827185e-05  -8.3724409e-05  9.4172391e-05  0.00029718945  0.0000000   4.2244060e-07  1.4108693e-05  -5.4715692e-07  2.5960965e-07  -4.8041315e-08  -1.1344004e-05  4.8827185e-05  -8.3724409e-05  9.4172391e-05  0.00029718945  0.0000000   
