0.0000000   5.9032107e-05  -2.5983855e-07  2.4726844e-06  -4.7491890e-05  -1.1576579e-05  1.8532564e-06  -9.4594973e-08  -4.0936043e-06  3.4447712e-07  -1.6120010e-06  0.0000000   5.9032107e-05  -2.5983855e-07  2.4726844e-06  -4.7491890e-05  -1.1576579e-05  1.8532564e-06  -9.4594973e-08  -4.0936043e-06  3.4447712e-07  -1.6120010e-06  
-5.9032107e-05  0.0000000   -4.2258993e-08  3.5610896e-06  3.6334430e-05  -5.1608221e-05  1.0849377e-07  3.0072388e-08  -3.1193558e-05  1.2551256e-05  -3.4923612e-05  -5.9032107e-05  0.0000000   -4.2258993e-08  3.5610896e-06  3.6334430e-05  -5.1608221e-05  1.0849377e-07  3.0072388e-08  -3.1193558e-05  1.2551256e-05  -3.4923612e-05  
2.5983855e-07  4.2258993e-08  0.0000000   0.00097323399  -5.1561681e-07  -8.0524565e-08  4.9130276e-05  3.1418582e-06  1.3605803e-06  -6.0131027e-07  3.4989697e-07  2.5983855e-07  4.2258993e-08  0.0000000   0.00097323399  -5.1561681e-07  -8.0524565e-08  4.9130276e-05  3.1418582e-06  1.3605803e-06  -6.0131027e-07  3.4989697e-07  
-2.4726844e-06  -3.5610896e-06  -0.00097323399  0.0000000   -4.8493314e-07  2.1856260e-07  8.1753643e-05  -3.5343944e-05  6.6500179e-07  2.7028642e-08  2.8486074e-07  -2.4726844e-06  -3.5610896e-06  -0.00097323399  0.0000000   -4.8493314e-07  2.1856260e-07  8.1753643e-05  -3.5343944e-05  6.6500179e-07  2.7028642e-08  2.8486074e-07  
4.7491890e-05  -3.6334430e-05  5.1561681e-07  4.8493314e-07  0.0000000   -1.6481073e-05  3.9350575e-08  -8.9173062e-07  5.1933940e-05  0.00011824729  1.4585868e-05  4.7491890e-05  -3.6334430e-05  5.1561681e-07  4.8493314e-07  0.0000000   -1.6481073e-05  3.9350575e-08  -8.9173062e-07  5.1933940e-05  0.00011824729  1.4585868e-05  
1.1576579e-05  5.1608221e-05  8.0524565e-08  -2.1856260e-07  1.6481073e-05  0.0000000   7.9515278e-06  -9.7529983e-07  -1.0142936e-05  0.00010530515  -2.1704049e-05  1.1576579e-05  5.1608221e-05  8.0524565e-08  -2.1856260e-07  1.6481073e-05  0.0000000   7.9515278e-06  -9.7529983e-07  -1.0142936e-05  0.00010530515  -2.1704049e-05  
-1.8532564e-06  -1.0849377e-07  -4.9130276e-05  -8.1753643e-05  -3.9350575e-08  -7.9515278e-06  0.0000000   -0.00097591651  1.6549868e-07  -2.0809629e-06  5.5168768e-07  -1.8532564e-06  -1.0849377e-07  -4.9130276e-05  -8.1753643e-05  -3.9350575e-08  -7.9515278e-06  0.0000000   -0.00097591651  1.6549868e-07  -2.0809629e-06  5.5168768e-07  
9.4594973e-08  -3.0072388e-08  -3.1418582e-06  3.5343944e-05  8.9173062e-07  9.7529983e-07  0.00097591651  0.0000000   3.0841510e-06  -1.3077549e-07  -5.7942013e-08  9.4594973e-08  -3.0072388e-08  -3.1418582e-06  3.5343944e-05  8.9173062e-07  9.7529983e-07  0.00097591651  0.0000000   3.0841510e-06  -1.3077549e-07  -5.7942013e-08  
4.0936043e-06  3.1193558e-05  -1.3605803e-06  -6.6500179e-07  -5.1933940e-05  1.0142936e-05  -1.6549868e-07  -3.0841510e-06  0.0000000   0.00034254642  -0.00015737444  4.0936043e-06  3.1193558e-05  -1.3605803e-06  -6.6500179e-07  -5.1933940e-05  1.0142936e-05  -1.6549868e-07  -3.0841510e-06  0.0000000   0.00034254642  -0.00015737444  
-3.4447712e-07  -1.2551256e-05  6.0131027e-07  -2.7028642e-08  -0.00011824729  -0.00010530515  2.0809629e-06  1.3077549e-07  -0.00034254642  0.0000000   -2.2919574e-05  -3.4447712e-07  -1.2551256e-05  6.0131027e-07  -2.7028642e-08  -0.00011824729  -0.00010530515  2.0809629e-06  1.3077549e-07  -0.00034254642  0.0000000   -2.2919574e-05  
1.6120010e-06  3.4923612e-05  -3.4989697e-07  -2.8486074e-07  -1.4585868e-05  2.1704049e-05  -5.5168768e-07  5.7942013e-08  0.00015737444  2.2919574e-05  0.0000000   1.6120010e-06  3.4923612e-05  -3.4989697e-07  -2.8486074e-07  -1.4585868e-05  2.1704049e-05  -5.5168768e-07  5.7942013e-08  0.00015737444  2.2919574e-05  0.0000000   
0.0000000   5.9032107e-05  -2.5983855e-07  2.4726844e-06  -4.7491890e-05  -1.1576579e-05  1.8532564e-06  -9.4594973e-08  -4.0936043e-06  3.4447712e-07  -1.6120010e-06  0.0000000   5.9032107e-05  -2.5983855e-07  2.4726844e-06  -4.7491890e-05  -1.1576579e-05  1.8532564e-06  -9.4594973e-08  -4.0936043e-06  3.4447712e-07  -1.6120010e-06  
-5.9032107e-05  0.0000000   -4.2258993e-08  3.5610896e-06  3.6334430e-05  -5.1608221e-05  1.0849377e-07  3.0072388e-08  -3.1193558e-05  1.2551256e-05  -3.4923612e-05  -5.9032107e-05  0.0000000   -4.2258993e-08  3.5610896e-06  3.6334430e-05  -5.1608221e-05  1.0849377e-07  3.0072388e-08  -3.1193558e-05  1.2551256e-05  -3.4923612e-05  
2.5983855e-07  4.2258993e-08  0.0000000   0.00097323399  -5.1561681e-07  -8.0524565e-08  4.9130276e-05  3.1418582e-06  1.3605803e-06  -6.0131027e-07  3.4989697e-07  2.5983855e-07  4.2258993e-08  0.0000000   0.00097323399  -5.1561681e-07  -8.0524565e-08  4.9130276e-05  3.1418582e-06  1.3605803e-06  -6.0131027e-07  3.4989697e-07  
-2.4726844e-06  -3.5610896e-06  -0.00097323399  0.0000000   -4.8493314e-07  2.1856260e-07  8.1753643e-05  -3.5343944e-05  6.6500179e-07  2.7028642e-08  2.8486074e-07  -2.4726844e-06  -3.5610896e-06  -0.00097323399  0.0000000   -4.8493314e-07  2.1856260e-07  8.1753643e-05  -3.5343944e-05  6.6500179e-07  2.7028642e-08  2.8486074e-07  
4.7491890e-05  -3.6334430e-05  5.1561681e-07  4.8493314e-07  0.0000000   -1.6481073e-05  3.9350575e-08  -8.9173062e-07  5.1933940e-05  0.00011824729  1.4585868e-05  4.7491890e-05  -3.6334430e-05  5.1561681e-07  4.8493314e-07  0.0000000   -1.6481073e-05  3.9350575e-08  -8.9173062e-07  5.1933940e-05  0.00011824729  1.4585868e-05  
1.1576579e-05  5.1608221e-05  8.0524565e-08  -2.1856260e-07  1.6481073e-05  0.0000000   7.9515278e-06  -9.7529983e-07  -1.0142936e-05  0.00010530515  -2.1704049e-05  1.1576579e-05  5.1608221e-05  8.0524565e-08  -2.1856260e-07  1.6481073e-05  0.0000000   7.9515278e-06  -9.7529983e-07  -1.0142936e-05  0.00010530515  -2.1704049e-05  
-1.8532564e-06  -1.0849377e-07  -4.9130276e-05  -8.1753643e-05  -3.9350575e-08  -7.9515278e-06  0.0000000   -0.00097591651  1.6549868e-07  -2.0809629e-06  5.5168768e-07  -1.8532564e-06  -1.0849377e-07  -4.9130276e-05  -8.1753643e-05  -3.9350575e-08  -7.9515278e-06  0.0000000   -0.00097591651  1.6549868e-07  -2.0809629e-06  5.5168768e-07  
9.4594973e-08  -3.0072388e-08  -3.1418582e-06  3.5343944e-05  8.9173062e-07  9.7529983e-07  0.00097591651  0.0000000   3.0841510e-06  -1.3077549e-07  -5.7942013e-08  9.4594973e-08  -3.0072388e-08  -3.1418582e-06  3.5343944e-05  8.9173062e-07  9.7529983e-07  0.00097591651  0.0000000   3.0841510e-06  -1.3077549e-07  -5.7942013e-08  
4.0936043e-06  3.1193558e-05  -1.3605803e-06  -6.6500179e-07  -5.1933940e-05  1.0142936e-05  -1.6549868e-07  -3.0841510e-06  0.0000000   0.00034254642  -0.00015737444  4.0936043e-06  3.1193558e-05  -1.3605803e-06  -6.6500179e-07  -5.1933940e-05  1.0142936e-05  -1.6549868e-07  -3.0841510e-06  0.0000000   0.00034254642  -0.00015737444  
-3.4447712e-07  -1.2551256e-05  6.0131027e-07  -2.7028642e-08  -0.00011824729  -0.00010530515  2.0809629e-06  1.3077549e-07  -0.00034254642  0.0000000   -2.2919574e-05  -3.4447712e-07  -1.2551256e-05  6.0131027e-07  -2.7028642e-08  -0.00011824729  -0.00010530515  2.0809629e-06  1.3077549e-07  -0.00034254642  0.0000000   -2.2919574e-05  
1.6120010e-06  3.4923612e-05  -3.4989697e-07  -2.8486074e-07  -1.4585868e-05  2.1704049e-05  -5.5168768e-07  5.7942013e-08  0.00015737444  2.2919574e-05  0.0000000   1.6120010e-06  3.4923612e-05  -3.4989697e-07  -2.8486074e-07  -1.4585868e-05  2.1704049e-05  -5.5168768e-07  5.7942013e-08  0.00015737444  2.2919574e-05  0.0000000   
