0.0000000   -1.0836668e-05  3.2153480e-07  -0.00014101197  -4.7716094e-05  -9.0346552e-05  -0.00020405797  -1.9857811e-06  -9.0862678e-07  -2.3075342e-06  1.0056938e-06  0.0000000   -1.0836668e-05  3.2153480e-07  -0.00014101197  -4.7716094e-05  -9.0346552e-05  -0.00020405797  -1.9857811e-06  -9.0862678e-07  -2.3075342e-06  1.0056938e-06  
1.0836668e-05  0.0000000   0.00010554396  -1.2711352e-06  -6.6293510e-07  -7.0545440e-06  1.0757100e-07  -7.1079106e-05  -6.8677856e-07  -5.7278422e-07  1.1423569e-05  1.0836668e-05  0.0000000   0.00010554396  -1.2711352e-06  -6.6293510e-07  -7.0545440e-06  1.0757100e-07  -7.1079106e-05  -6.8677856e-07  -5.7278422e-07  1.1423569e-05  
-3.2153480e-07  -0.00010554396  0.0000000   1.2634700e-06  -2.8476060e-06  -1.1738186e-05  -1.9207600e-06  -3.2748779e-05  -3.1918545e-07  6.4557479e-08  6.4203105e-06  -3.2153480e-07  -0.00010554396  0.0000000   1.2634700e-06  -2.8476060e-06  -1.1738186e-05  -1.9207600e-06  -3.2748779e-05  -3.1918545e-07  6.4557479e-08  6.4203105e-06  
0.00014101197  1.2711352e-06  -1.2634700e-06  0.0000000   -0.00021456939  0.00013354865  -3.3299048e-05  -3.7143566e-06  -2.7010871e-05  -5.0729116e-07  1.4033844e-06  0.00014101197  1.2711352e-06  -1.2634700e-06  0.0000000   -0.00021456939  0.00013354865  -3.3299048e-05  -3.7143566e-06  -2.7010871e-05  -5.0729116e-07  1.4033844e-06  
4.7716094e-05  6.6293510e-07  2.8476060e-06  0.00021456939  0.0000000   -0.00015524737  -5.2968858e-05  8.1226684e-06  0.00012356423  5.0808137e-07  4.0981315e-09  4.7716094e-05  6.6293510e-07  2.8476060e-06  0.00021456939  0.0000000   -0.00015524737  -5.2968858e-05  8.1226684e-06  0.00012356423  5.0808137e-07  4.0981315e-09  
9.0346552e-05  7.0545440e-06  1.1738186e-05  -0.00013354865  0.00015524737  0.0000000   0.0033490815  -3.3030490e-05  6.4505373e-05  3.0733198e-05  1.5755309e-06  9.0346552e-05  7.0545440e-06  1.1738186e-05  -0.00013354865  0.00015524737  0.0000000   0.0033490815  -3.3030490e-05  6.4505373e-05  3.0733198e-05  1.5755309e-06  
0.00020405797  -1.0757100e-07  1.9207600e-06  3.3299048e-05  5.2968858e-05  -0.0033490815  0.0000000   9.9151674e-05  0.00018273135  -8.9434324e-05  2.8850366e-06  0.00020405797  -1.0757100e-07  1.9207600e-06  3.3299048e-05  5.2968858e-05  -0.0033490815  0.0000000   9.9151674e-05  0.00018273135  -8.9434324e-05  2.8850366e-06  
1.9857811e-06  7.1079106e-05  3.2748779e-05  3.7143566e-06  -8.1226684e-06  3.3030490e-05  -9.9151674e-05  0.0000000   -3.4812639e-06  4.4398084e-06  1.0032947e-05  1.9857811e-06  7.1079106e-05  3.2748779e-05  3.7143566e-06  -8.1226684e-06  3.3030490e-05  -9.9151674e-05  0.0000000   -3.4812639e-06  4.4398084e-06  1.0032947e-05  
9.0862678e-07  6.8677856e-07  3.1918545e-07  2.7010871e-05  -0.00012356423  -6.4505373e-05  -0.00018273135  3.4812639e-06  0.0000000   0.00095485166  -3.1348630e-07  9.0862678e-07  6.8677856e-07  3.1918545e-07  2.7010871e-05  -0.00012356423  -6.4505373e-05  -0.00018273135  3.4812639e-06  0.0000000   0.00095485166  -3.1348630e-07  
2.3075342e-06  5.7278422e-07  -6.4557479e-08  5.0729116e-07  -5.0808137e-07  -3.0733198e-05  8.9434324e-05  -4.4398084e-06  -0.00095485166  0.0000000   -1.8971719e-06  2.3075342e-06  5.7278422e-07  -6.4557479e-08  5.0729116e-07  -5.0808137e-07  -3.0733198e-05  8.9434324e-05  -4.4398084e-06  -0.00095485166  0.0000000   -1.8971719e-06  
-1.0056938e-06  -1.1423569e-05  -6.4203105e-06  -1.4033844e-06  -4.0981315e-09  -1.5755309e-06  -2.8850366e-06  -1.0032947e-05  3.1348630e-07  1.8971719e-06  0.0000000   -1.0056938e-06  -1.1423569e-05  -6.4203105e-06  -1.4033844e-06  -4.0981315e-09  -1.5755309e-06  -2.8850366e-06  -1.0032947e-05  3.1348630e-07  1.8971719e-06  0.0000000   
0.0000000   -1.0836668e-05  3.2153480e-07  -0.00014101197  -4.7716094e-05  -9.0346552e-05  -0.00020405797  -1.9857811e-06  -9.0862678e-07  -2.3075342e-06  1.0056938e-06  0.0000000   -1.0836668e-05  3.2153480e-07  -0.00014101197  -4.7716094e-05  -9.0346552e-05  -0.00020405797  -1.9857811e-06  -9.0862678e-07  -2.3075342e-06  1.0056938e-06  
1.0836668e-05  0.0000000   0.00010554396  -1.2711352e-06  -6.6293510e-07  -7.0545440e-06  1.0757100e-07  -7.1079106e-05  -6.8677856e-07  -5.7278422e-07  1.1423569e-05  1.0836668e-05  0.0000000   0.00010554396  -1.2711352e-06  -6.6293510e-07  -7.0545440e-06  1.0757100e-07  -7.1079106e-05  -6.8677856e-07  -5.7278422e-07  1.1423569e-05  
-3.2153480e-07  -0.00010554396  0.0000000   1.2634700e-06  -2.8476060e-06  -1.1738186e-05  -1.9207600e-06  -3.2748779e-05  -3.1918545e-07  6.4557479e-08  6.4203105e-06  -3.2153480e-07  -0.00010554396  0.0000000   1.2634700e-06  -2.8476060e-06  -1.1738186e-05  -1.9207600e-06  -3.2748779e-05  -3.1918545e-07  6.4557479e-08  6.4203105e-06  
0.00014101197  1.2711352e-06  -1.2634700e-06  0.0000000   -0.00021456939  0.00013354865  -3.3299048e-05  -3.7143566e-06  -2.7010871e-05  -5.0729116e-07  1.4033844e-06  0.00014101197  1.2711352e-06  -1.2634700e-06  0.0000000   -0.00021456939  0.00013354865  -3.3299048e-05  -3.7143566e-06  -2.7010871e-05  -5.0729116e-07  1.4033844e-06  
4.7716094e-05  6.6293510e-07  2.8476060e-06  0.00021456939  0.0000000   -0.00015524737  -5.2968858e-05  8.1226684e-06  0.00012356423  5.0808137e-07  4.0981315e-09  4.7716094e-05  6.6293510e-07  2.8476060e-06  0.00021456939  0.0000000   -0.00015524737  -5.2968858e-05  8.1226684e-06  0.00012356423  5.0808137e-07  4.0981315e-09  
9.0346552e-05  7.0545440e-06  1.1738186e-05  -0.00013354865  0.00015524737  0.0000000   0.0033490815  -3.3030490e-05  6.4505373e-05  3.0733198e-05  1.5755309e-06  9.0346552e-05  7.0545440e-06  1.1738186e-05  -0.00013354865  0.00015524737  0.0000000   0.0033490815  -3.3030490e-05  6.4505373e-05  3.0733198e-05  1.5755309e-06  
0.00020405797  -1.0757100e-07  1.9207600e-06  3.3299048e-05  5.2968858e-05  -0.0033490815  0.0000000   9.9151674e-05  0.00018273135  -8.9434324e-05  2.8850366e-06  0.00020405797  -1.0757100e-07  1.9207600e-06  3.3299048e-05  5.2968858e-05  -0.0033490815  0.0000000   9.9151674e-05  0.00018273135  -8.9434324e-05  2.8850366e-06  
1.9857811e-06  7.1079106e-05  3.2748779e-05  3.7143566e-06  -8.1226684e-06  3.3030490e-05  -9.9151674e-05  0.0000000   -3.4812639e-06  4.4398084e-06  1.0032947e-05  1.9857811e-06  7.1079106e-05  3.2748779e-05  3.7143566e-06  -8.1226684e-06  3.3030490e-05  -9.9151674e-05  0.0000000   -3.4812639e-06  4.4398084e-06  1.0032947e-05  
9.0862678e-07  6.8677856e-07  3.1918545e-07  2.7010871e-05  -0.00012356423  -6.4505373e-05  -0.00018273135  3.4812639e-06  0.0000000   0.00095485166  -3.1348630e-07  9.0862678e-07  6.8677856e-07  3.1918545e-07  2.7010871e-05  -0.00012356423  -6.4505373e-05  -0.00018273135  3.4812639e-06  0.0000000   0.00095485166  -3.1348630e-07  
2.3075342e-06  5.7278422e-07  -6.4557479e-08  5.0729116e-07  -5.0808137e-07  -3.0733198e-05  8.9434324e-05  -4.4398084e-06  -0.00095485166  0.0000000   -1.8971719e-06  2.3075342e-06  5.7278422e-07  -6.4557479e-08  5.0729116e-07  -5.0808137e-07  -3.0733198e-05  8.9434324e-05  -4.4398084e-06  -0.00095485166  0.0000000   -1.8971719e-06  
-1.0056938e-06  -1.1423569e-05  -6.4203105e-06  -1.4033844e-06  -4.0981315e-09  -1.5755309e-06  -2.8850366e-06  -1.0032947e-05  3.1348630e-07  1.8971719e-06  0.0000000   -1.0056938e-06  -1.1423569e-05  -6.4203105e-06  -1.4033844e-06  -4.0981315e-09  -1.5755309e-06  -2.8850366e-06  -1.0032947e-05  3.1348630e-07  1.8971719e-06  0.0000000   
