0.0000000   7.7808922e-07  1.2402070e-05  2.5303396e-05  1.2165261e-07  -7.6915108e-07  7.4504312e-05  1.1182023e-06  -1.4593006e-05  4.1569189e-07  3.5481045e-06  0.0000000   7.7808922e-07  1.2402070e-05  2.5303396e-05  1.2165261e-07  -7.6915108e-07  7.4504312e-05  1.1182023e-06  -1.4593006e-05  4.1569189e-07  3.5481045e-06  
-7.7808922e-07  0.0000000   -1.9501068e-06  9.3938593e-07  1.1995216e-05  -0.00013912405  1.1388413e-07  -3.5801955e-05  5.7515061e-08  5.1926966e-06  -4.0810210e-07  -7.7808922e-07  0.0000000   -1.9501068e-06  9.3938593e-07  1.1995216e-05  -0.00013912405  1.1388413e-07  -3.5801955e-05  5.7515061e-08  5.1926966e-06  -4.0810210e-07  
-1.2402070e-05  1.9501068e-06  0.0000000   0.00034563367  -1.6896636e-06  8.0775618e-07  3.3350282e-05  1.5872166e-07  -2.6077911e-05  7.1164804e-08  -3.5974650e-05  -1.2402070e-05  1.9501068e-06  0.0000000   0.00034563367  -1.6896636e-06  8.0775618e-07  3.3350282e-05  1.5872166e-07  -2.6077911e-05  7.1164804e-08  -3.5974650e-05  
-2.5303396e-05  -9.3938593e-07  -0.00034563367  0.0000000   -1.3870924e-06  -1.7287152e-07  1.8601215e-06  4.5064795e-07  2.2561898e-05  -2.7404701e-07  -3.4127745e-05  -2.5303396e-05  -9.3938593e-07  -0.00034563367  0.0000000   -1.3870924e-06  -1.7287152e-07  1.8601215e-06  4.5064795e-07  2.2561898e-05  -2.7404701e-07  -3.4127745e-05  
-1.2165261e-07  -1.1995216e-05  1.6896636e-06  1.3870924e-06  0.0000000   -8.6658221e-05  7.7158727e-07  3.0542550e-05  -8.1930606e-07  6.4708773e-07  2.3326335e-08  -1.2165261e-07  -1.1995216e-05  1.6896636e-06  1.3870924e-06  0.0000000   -8.6658221e-05  7.7158727e-07  3.0542550e-05  -8.1930606e-07  6.4708773e-07  2.3326335e-08  
7.6915108e-07  0.00013912405  -8.0775618e-07  1.7287152e-07  8.6658221e-05  0.0000000   6.0182446e-07  -0.00018709424  -3.1762158e-07  9.8000700e-07  1.5037706e-07  7.6915108e-07  0.00013912405  -8.0775618e-07  1.7287152e-07  8.6658221e-05  0.0000000   6.0182446e-07  -0.00018709424  -3.1762158e-07  9.8000700e-07  1.5037706e-07  
-7.4504312e-05  -1.1388413e-07  -3.3350282e-05  -1.8601215e-06  -7.7158727e-07  -6.0182446e-07  0.0000000   3.5884404e-07  5.2236827e-06  1.1745995e-06  -1.1943090e-05  -7.4504312e-05  -1.1388413e-07  -3.3350282e-05  -1.8601215e-06  -7.7158727e-07  -6.0182446e-07  0.0000000   3.5884404e-07  5.2236827e-06  1.1745995e-06  -1.1943090e-05  
-1.1182023e-06  3.5801955e-05  -1.5872166e-07  -4.5064795e-07  -3.0542550e-05  0.00018709424  -3.5884404e-07  0.0000000   1.7419831e-06  -0.00015847240  -7.0392744e-07  -1.1182023e-06  3.5801955e-05  -1.5872166e-07  -4.5064795e-07  -3.0542550e-05  0.00018709424  -3.5884404e-07  0.0000000   1.7419831e-06  -0.00015847240  -7.0392744e-07  
1.4593006e-05  -5.7515061e-08  2.6077911e-05  -2.2561898e-05  8.1930606e-07  3.1762158e-07  -5.2236827e-06  -1.7419831e-06  0.0000000   -9.9634109e-08  -0.00011408467  1.4593006e-05  -5.7515061e-08  2.6077911e-05  -2.2561898e-05  8.1930606e-07  3.1762158e-07  -5.2236827e-06  -1.7419831e-06  0.0000000   -9.9634109e-08  -0.00011408467  
-4.1569189e-07  -5.1926966e-06  -7.1164804e-08  2.7404701e-07  -6.4708773e-07  -9.8000700e-07  -1.1745995e-06  0.00015847240  9.9634109e-08  0.0000000   -1.0407400e-06  -4.1569189e-07  -5.1926966e-06  -7.1164804e-08  2.7404701e-07  -6.4708773e-07  -9.8000700e-07  -1.1745995e-06  0.00015847240  9.9634109e-08  0.0000000   -1.0407400e-06  
-3.5481045e-06  4.0810210e-07  3.5974650e-05  3.4127745e-05  -2.3326335e-08  -1.5037706e-07  1.1943090e-05  7.0392744e-07  0.00011408467  1.0407400e-06  0.0000000   -3.5481045e-06  4.0810210e-07  3.5974650e-05  3.4127745e-05  -2.3326335e-08  -1.5037706e-07  1.1943090e-05  7.0392744e-07  0.00011408467  1.0407400e-06  0.0000000   
0.0000000   7.7808922e-07  1.2402070e-05  2.5303396e-05  1.2165261e-07  -7.6915108e-07  7.4504312e-05  1.1182023e-06  -1.4593006e-05  4.1569189e-07  3.5481045e-06  0.0000000   7.7808922e-07  1.2402070e-05  2.5303396e-05  1.2165261e-07  -7.6915108e-07  7.4504312e-05  1.1182023e-06  -1.4593006e-05  4.1569189e-07  3.5481045e-06  
-7.7808922e-07  0.0000000   -1.9501068e-06  9.3938593e-07  1.1995216e-05  -0.00013912405  1.1388413e-07  -3.5801955e-05  5.7515061e-08  5.1926966e-06  -4.0810210e-07  -7.7808922e-07  0.0000000   -1.9501068e-06  9.3938593e-07  1.1995216e-05  -0.00013912405  1.1388413e-07  -3.5801955e-05  5.7515061e-08  5.1926966e-06  -4.0810210e-07  
-1.2402070e-05  1.9501068e-06  0.0000000   0.00034563367  -1.6896636e-06  8.0775618e-07  3.3350282e-05  1.5872166e-07  -2.6077911e-05  7.1164804e-08  -3.5974650e-05  -1.2402070e-05  1.9501068e-06  0.0000000   0.00034563367  -1.6896636e-06  8.0775618e-07  3.3350282e-05  1.5872166e-07  -2.6077911e-05  7.1164804e-08  -3.5974650e-05  
-2.5303396e-05  -9.3938593e-07  -0.00034563367  0.0000000   -1.3870924e-06  -1.7287152e-07  1.8601215e-06  4.5064795e-07  2.2561898e-05  -2.7404701e-07  -3.4127745e-05  -2.5303396e-05  -9.3938593e-07  -0.00034563367  0.0000000   -1.3870924e-06  -1.7287152e-07  1.8601215e-06  4.5064795e-07  2.2561898e-05  -2.7404701e-07  -3.4127745e-05  
-1.2165261e-07  -1.1995216e-05  1.6896636e-06  1.3870924e-06  0.0000000   -8.6658221e-05  7.7158727e-07  3.0542550e-05  -8.1930606e-07  6.4708773e-07  2.3326335e-08  -1.2165261e-07  -1.1995216e-05  1.6896636e-06  1.3870924e-06  0.0000000   -8.6658221e-05  7.7158727e-07  3.0542550e-05  -8.1930606e-07  6.4708773e-07  2.3326335e-08  
7.6915108e-07  0.00013912405  -8.0775618e-07  1.7287152e-07  8.6658221e-05  0.0000000   6.0182446e-07  -0.00018709424  -3.1762158e-07  9.8000700e-07  1.5037706e-07  7.6915108e-07  0.00013912405  -8.0775618e-07  1.7287152e-07  8.6658221e-05  0.0000000   6.0182446e-07  -0.00018709424  -3.1762158e-07  9.8000700e-07  1.5037706e-07  
-7.4504312e-05  -1.1388413e-07  -3.3350282e-05  -1.8601215e-06  -7.7158727e-07  -6.0182446e-07  0.0000000   3.5884404e-07  5.2236827e-06  1.1745995e-06  -1.1943090e-05  -7.4504312e-05  -1.1388413e-07  -3.3350282e-05  -1.8601215e-06  -7.7158727e-07  -6.0182446e-07  0.0000000   3.5884404e-07  5.2236827e-06  1.1745995e-06  -1.1943090e-05  
-1.1182023e-06  3.5801955e-05  -1.5872166e-07  -4.5064795e-07  -3.0542550e-05  0.00018709424  -3.5884404e-07  0.0000000   1.7419831e-06  -0.00015847240  -7.0392744e-07  -1.1182023e-06  3.5801955e-05  -1.5872166e-07  -4.5064795e-07  -3.0542550e-05  0.00018709424  -3.5884404e-07  0.0000000   1.7419831e-06  -0.00015847240  -7.0392744e-07  
1.4593006e-05  -5.7515061e-08  2.6077911e-05  -2.2561898e-05  8.1930606e-07  3.1762158e-07  -5.2236827e-06  -1.7419831e-06  0.0000000   -9.9634109e-08  -0.00011408467  1.4593006e-05  -5.7515061e-08  2.6077911e-05  -2.2561898e-05  8.1930606e-07  3.1762158e-07  -5.2236827e-06  -1.7419831e-06  0.0000000   -9.9634109e-08  -0.00011408467  
-4.1569189e-07  -5.1926966e-06  -7.1164804e-08  2.7404701e-07  -6.4708773e-07  -9.8000700e-07  -1.1745995e-06  0.00015847240  9.9634109e-08  0.0000000   -1.0407400e-06  -4.1569189e-07  -5.1926966e-06  -7.1164804e-08  2.7404701e-07  -6.4708773e-07  -9.8000700e-07  -1.1745995e-06  0.00015847240  9.9634109e-08  0.0000000   -1.0407400e-06  
-3.5481045e-06  4.0810210e-07  3.5974650e-05  3.4127745e-05  -2.3326335e-08  -1.5037706e-07  1.1943090e-05  7.0392744e-07  0.00011408467  1.0407400e-06  0.0000000   -3.5481045e-06  4.0810210e-07  3.5974650e-05  3.4127745e-05  -2.3326335e-08  -1.5037706e-07  1.1943090e-05  7.0392744e-07  0.00011408467  1.0407400e-06  0.0000000   
