0.0000000   -0.00043228103  -5.1782965e-05  -1.1087089e-05  -2.3631998e-05  -2.6659812e-06  4.2153034e-07  -1.8887091e-05  2.0566967e-05  1.9390240e-07  4.1341902e-08  0.0000000   -0.00043228103  -5.1782965e-05  -1.1087089e-05  -2.3631998e-05  -2.6659812e-06  4.2153034e-07  -1.8887091e-05  2.0566967e-05  1.9390240e-07  4.1341902e-08  
0.00043228103  0.0000000   8.0616209e-05  1.2571429e-05  -1.7385918e-07  1.9931404e-06  3.7082946e-06  3.8388504e-06  7.3112332e-07  8.6290547e-08  8.3083238e-08  0.00043228103  0.0000000   8.0616209e-05  1.2571429e-05  -1.7385918e-07  1.9931404e-06  3.7082946e-06  3.8388504e-06  7.3112332e-07  8.6290547e-08  8.3083238e-08  
5.1782965e-05  -8.0616209e-05  0.0000000   0.00038470446  2.4860301e-05  -4.0306639e-07  1.9991788e-06  -3.2519522e-05  -1.4602550e-05  -3.5127141e-08  2.3353937e-07  5.1782965e-05  -8.0616209e-05  0.0000000   0.00038470446  2.4860301e-05  -4.0306639e-07  1.9991788e-06  -3.2519522e-05  -1.4602550e-05  -3.5127141e-08  2.3353937e-07  
1.1087089e-05  -1.2571429e-05  -0.00038470446  0.0000000   0.00015881898  -1.8710631e-06  5.0362629e-07  -9.9235478e-07  -3.1605411e-05  -3.0157806e-07  2.3955885e-07  1.1087089e-05  -1.2571429e-05  -0.00038470446  0.0000000   0.00015881898  -1.8710631e-06  5.0362629e-07  -9.9235478e-07  -3.1605411e-05  -3.0157806e-07  2.3955885e-07  
2.3631998e-05  1.7385918e-07  -2.4860301e-05  -0.00015881898  0.0000000   -8.2895392e-07  -9.0683875e-07  1.9219710e-05  -2.9336644e-05  1.7715772e-07  -3.7126618e-08  2.3631998e-05  1.7385918e-07  -2.4860301e-05  -0.00015881898  0.0000000   -8.2895392e-07  -9.0683875e-07  1.9219710e-05  -2.9336644e-05  1.7715772e-07  -3.7126618e-08  
2.6659812e-06  -1.9931404e-06  4.0306639e-07  1.8710631e-06  8.2895392e-07  0.0000000   -0.0011295566  -1.0713016e-05  2.0702149e-06  -9.3087967e-05  1.8633167e-05  2.6659812e-06  -1.9931404e-06  4.0306639e-07  1.8710631e-06  8.2895392e-07  0.0000000   -0.0011295566  -1.0713016e-05  2.0702149e-06  -9.3087967e-05  1.8633167e-05  
-4.2153034e-07  -3.7082946e-06  -1.9991788e-06  -5.0362629e-07  9.0683875e-07  0.0011295566  0.0000000   3.4999025e-06  -9.2753307e-07  1.6239448e-05  -1.1608379e-05  -4.2153034e-07  -3.7082946e-06  -1.9991788e-06  -5.0362629e-07  9.0683875e-07  0.0011295566  0.0000000   3.4999025e-06  -9.2753307e-07  1.6239448e-05  -1.1608379e-05  
1.8887091e-05  -3.8388504e-06  3.2519522e-05  9.9235478e-07  -1.9219710e-05  1.0713016e-05  -3.4999025e-06  0.0000000   -7.5237992e-05  9.0801763e-08  1.6065358e-07  1.8887091e-05  -3.8388504e-06  3.2519522e-05  9.9235478e-07  -1.9219710e-05  1.0713016e-05  -3.4999025e-06  0.0000000   -7.5237992e-05  9.0801763e-08  1.6065358e-07  
-2.0566967e-05  -7.3112332e-07  1.4602550e-05  3.1605411e-05  2.9336644e-05  -2.0702149e-06  9.2753307e-07  7.5237992e-05  0.0000000   6.9934491e-08  5.5158501e-07  -2.0566967e-05  -7.3112332e-07  1.4602550e-05  3.1605411e-05  2.9336644e-05  -2.0702149e-06  9.2753307e-07  7.5237992e-05  0.0000000   6.9934491e-08  5.5158501e-07  
-1.9390240e-07  -8.6290547e-08  3.5127141e-08  3.0157806e-07  -1.7715772e-07  9.3087967e-05  -1.6239448e-05  -9.0801763e-08  -6.9934491e-08  0.0000000   0.00015604047  -1.9390240e-07  -8.6290547e-08  3.5127141e-08  3.0157806e-07  -1.7715772e-07  9.3087967e-05  -1.6239448e-05  -9.0801763e-08  -6.9934491e-08  0.0000000   0.00015604047  
-4.1341902e-08  -8.3083238e-08  -2.3353937e-07  -2.3955885e-07  3.7126618e-08  -1.8633167e-05  1.1608379e-05  -1.6065358e-07  -5.5158501e-07  -0.00015604047  0.0000000   -4.1341902e-08  -8.3083238e-08  -2.3353937e-07  -2.3955885e-07  3.7126618e-08  -1.8633167e-05  1.1608379e-05  -1.6065358e-07  -5.5158501e-07  -0.00015604047  0.0000000   
0.0000000   -0.00043228103  -5.1782965e-05  -1.1087089e-05  -2.3631998e-05  -2.6659812e-06  4.2153034e-07  -1.8887091e-05  2.0566967e-05  1.9390240e-07  4.1341902e-08  0.0000000   -0.00043228103  -5.1782965e-05  -1.1087089e-05  -2.3631998e-05  -2.6659812e-06  4.2153034e-07  -1.8887091e-05  2.0566967e-05  1.9390240e-07  4.1341902e-08  
0.00043228103  0.0000000   8.0616209e-05  1.2571429e-05  -1.7385918e-07  1.9931404e-06  3.7082946e-06  3.8388504e-06  7.3112332e-07  8.6290547e-08  8.3083238e-08  0.00043228103  0.0000000   8.0616209e-05  1.2571429e-05  -1.7385918e-07  1.9931404e-06  3.7082946e-06  3.8388504e-06  7.3112332e-07  8.6290547e-08  8.3083238e-08  
5.1782965e-05  -8.0616209e-05  0.0000000   0.00038470446  2.4860301e-05  -4.0306639e-07  1.9991788e-06  -3.2519522e-05  -1.4602550e-05  -3.5127141e-08  2.3353937e-07  5.1782965e-05  -8.0616209e-05  0.0000000   0.00038470446  2.4860301e-05  -4.0306639e-07  1.9991788e-06  -3.2519522e-05  -1.4602550e-05  -3.5127141e-08  2.3353937e-07  
1.1087089e-05  -1.2571429e-05  -0.00038470446  0.0000000   0.00015881898  -1.8710631e-06  5.0362629e-07  -9.9235478e-07  -3.1605411e-05  -3.0157806e-07  2.3955885e-07  1.1087089e-05  -1.2571429e-05  -0.00038470446  0.0000000   0.00015881898  -1.8710631e-06  5.0362629e-07  -9.9235478e-07  -3.1605411e-05  -3.0157806e-07  2.3955885e-07  
2.3631998e-05  1.7385918e-07  -2.4860301e-05  -0.00015881898  0.0000000   -8.2895392e-07  -9.0683875e-07  1.9219710e-05  -2.9336644e-05  1.7715772e-07  -3.7126618e-08  2.3631998e-05  1.7385918e-07  -2.4860301e-05  -0.00015881898  0.0000000   -8.2895392e-07  -9.0683875e-07  1.9219710e-05  -2.9336644e-05  1.7715772e-07  -3.7126618e-08  
2.6659812e-06  -1.9931404e-06  4.0306639e-07  1.8710631e-06  8.2895392e-07  0.0000000   -0.0011295566  -1.0713016e-05  2.0702149e-06  -9.3087967e-05  1.8633167e-05  2.6659812e-06  -1.9931404e-06  4.0306639e-07  1.8710631e-06  8.2895392e-07  0.0000000   -0.0011295566  -1.0713016e-05  2.0702149e-06  -9.3087967e-05  1.8633167e-05  
-4.2153034e-07  -3.7082946e-06  -1.9991788e-06  -5.0362629e-07  9.0683875e-07  0.0011295566  0.0000000   3.4999025e-06  -9.2753307e-07  1.6239448e-05  -1.1608379e-05  -4.2153034e-07  -3.7082946e-06  -1.9991788e-06  -5.0362629e-07  9.0683875e-07  0.0011295566  0.0000000   3.4999025e-06  -9.2753307e-07  1.6239448e-05  -1.1608379e-05  
1.8887091e-05  -3.8388504e-06  3.2519522e-05  9.9235478e-07  -1.9219710e-05  1.0713016e-05  -3.4999025e-06  0.0000000   -7.5237992e-05  9.0801763e-08  1.6065358e-07  1.8887091e-05  -3.8388504e-06  3.2519522e-05  9.9235478e-07  -1.9219710e-05  1.0713016e-05  -3.4999025e-06  0.0000000   -7.5237992e-05  9.0801763e-08  1.6065358e-07  
-2.0566967e-05  -7.3112332e-07  1.4602550e-05  3.1605411e-05  2.9336644e-05  -2.0702149e-06  9.2753307e-07  7.5237992e-05  0.0000000   6.9934491e-08  5.5158501e-07  -2.0566967e-05  -7.3112332e-07  1.4602550e-05  3.1605411e-05  2.9336644e-05  -2.0702149e-06  9.2753307e-07  7.5237992e-05  0.0000000   6.9934491e-08  5.5158501e-07  
-1.9390240e-07  -8.6290547e-08  3.5127141e-08  3.0157806e-07  -1.7715772e-07  9.3087967e-05  -1.6239448e-05  -9.0801763e-08  -6.9934491e-08  0.0000000   0.00015604047  -1.9390240e-07  -8.6290547e-08  3.5127141e-08  3.0157806e-07  -1.7715772e-07  9.3087967e-05  -1.6239448e-05  -9.0801763e-08  -6.9934491e-08  0.0000000   0.00015604047  
-4.1341902e-08  -8.3083238e-08  -2.3353937e-07  -2.3955885e-07  3.7126618e-08  -1.8633167e-05  1.1608379e-05  -1.6065358e-07  -5.5158501e-07  -0.00015604047  0.0000000   -4.1341902e-08  -8.3083238e-08  -2.3353937e-07  -2.3955885e-07  3.7126618e-08  -1.8633167e-05  1.1608379e-05  -1.6065358e-07  -5.5158501e-07  -0.00015604047  0.0000000   
