0.0000000   -0.00022451695  3.7679780e-06  5.6129580e-06  4.3984357e-06  7.1558230e-08  -1.2509621e-06  7.2672379e-07  -2.0669257e-05  7.7800709e-07  -3.5160205e-07  0.0000000   -0.00022451695  3.7679780e-06  5.6129580e-06  4.3984357e-06  7.1558230e-08  -1.2509621e-06  7.2672379e-07  -2.0669257e-05  7.7800709e-07  -3.5160205e-07  
0.00022451695  0.0000000   -3.8740790e-06  1.9441672e-06  2.9196537e-07  1.1165984e-06  3.2792858e-06  2.3917384e-07  1.3990649e-05  7.3809247e-08  -7.1098971e-07  0.00022451695  0.0000000   -3.8740790e-06  1.9441672e-06  2.9196537e-07  1.1165984e-06  3.2792858e-06  2.3917384e-07  1.3990649e-05  7.3809247e-08  -7.1098971e-07  
-3.7679780e-06  3.8740790e-06  0.0000000   0.00077711572  0.00024681900  -3.8930498e-05  -0.00011924777  1.2256174e-05  2.2195914e-06  1.1627006e-05  6.2376874e-06  -3.7679780e-06  3.8740790e-06  0.0000000   0.00077711572  0.00024681900  -3.8930498e-05  -0.00011924777  1.2256174e-05  2.2195914e-06  1.1627006e-05  6.2376874e-06  
-5.6129580e-06  -1.9441672e-06  -0.00077711572  0.0000000   -6.2945054e-05  -5.3942119e-05  1.6769965e-05  9.4735860e-05  7.1002369e-07  3.0139859e-05  1.2434973e-05  -5.6129580e-06  -1.9441672e-06  -0.00077711572  0.0000000   -6.2945054e-05  -5.3942119e-05  1.6769965e-05  9.4735860e-05  7.1002369e-07  3.0139859e-05  1.2434973e-05  
-4.3984357e-06  -2.9196537e-07  -0.00024681900  6.2945054e-05  0.0000000   -3.0363573e-05  7.0187042e-06  -0.00016653104  -5.1650083e-07  -7.5320757e-05  -8.5948122e-05  -4.3984357e-06  -2.9196537e-07  -0.00024681900  6.2945054e-05  0.0000000   -3.0363573e-05  7.0187042e-06  -0.00016653104  -5.1650083e-07  -7.5320757e-05  -8.5948122e-05  
-7.1558230e-08  -1.1165984e-06  3.8930498e-05  5.3942119e-05  3.0363573e-05  0.0000000   -4.8419991e-05  0.00030664852  2.2854312e-06  0.00022210869  2.5631386e-05  -7.1558230e-08  -1.1165984e-06  3.8930498e-05  5.3942119e-05  3.0363573e-05  0.0000000   -4.8419991e-05  0.00030664852  2.2854312e-06  0.00022210869  2.5631386e-05  
1.2509621e-06  -3.2792858e-06  0.00011924777  -1.6769965e-05  -7.0187042e-06  4.8419991e-05  0.0000000   0.0011221520  2.3795955e-06  7.4391657e-05  3.3637332e-06  1.2509621e-06  -3.2792858e-06  0.00011924777  -1.6769965e-05  -7.0187042e-06  4.8419991e-05  0.0000000   0.0011221520  2.3795955e-06  7.4391657e-05  3.3637332e-06  
-7.2672379e-07  -2.3917384e-07  -1.2256174e-05  -9.4735860e-05  0.00016653104  -0.00030664852  -0.0011221520  0.0000000   1.4185398e-05  3.2995887e-05  -5.8296363e-05  -7.2672379e-07  -2.3917384e-07  -1.2256174e-05  -9.4735860e-05  0.00016653104  -0.00030664852  -0.0011221520  0.0000000   1.4185398e-05  3.2995887e-05  -5.8296363e-05  
2.0669257e-05  -1.3990649e-05  -2.2195914e-06  -7.1002369e-07  5.1650083e-07  -2.2854312e-06  -2.3795955e-06  -1.4185398e-05  0.0000000   -1.4556364e-06  -7.1360717e-07  2.0669257e-05  -1.3990649e-05  -2.2195914e-06  -7.1002369e-07  5.1650083e-07  -2.2854312e-06  -2.3795955e-06  -1.4185398e-05  0.0000000   -1.4556364e-06  -7.1360717e-07  
-7.7800709e-07  -7.3809247e-08  -1.1627006e-05  -3.0139859e-05  7.5320757e-05  -0.00022210869  -7.4391657e-05  -3.2995887e-05  1.4556364e-06  0.0000000   -0.00017231478  -7.7800709e-07  -7.3809247e-08  -1.1627006e-05  -3.0139859e-05  7.5320757e-05  -0.00022210869  -7.4391657e-05  -3.2995887e-05  1.4556364e-06  0.0000000   -0.00017231478  
3.5160205e-07  7.1098971e-07  -6.2376874e-06  -1.2434973e-05  8.5948122e-05  -2.5631386e-05  -3.3637332e-06  5.8296363e-05  7.1360717e-07  0.00017231478  0.0000000   3.5160205e-07  7.1098971e-07  -6.2376874e-06  -1.2434973e-05  8.5948122e-05  -2.5631386e-05  -3.3637332e-06  5.8296363e-05  7.1360717e-07  0.00017231478  0.0000000   
0.0000000   -0.00022451695  3.7679780e-06  5.6129580e-06  4.3984357e-06  7.1558230e-08  -1.2509621e-06  7.2672379e-07  -2.0669257e-05  7.7800709e-07  -3.5160205e-07  0.0000000   -0.00022451695  3.7679780e-06  5.6129580e-06  4.3984357e-06  7.1558230e-08  -1.2509621e-06  7.2672379e-07  -2.0669257e-05  7.7800709e-07  -3.5160205e-07  
0.00022451695  0.0000000   -3.8740790e-06  1.9441672e-06  2.9196537e-07  1.1165984e-06  3.2792858e-06  2.3917384e-07  1.3990649e-05  7.3809247e-08  -7.1098971e-07  0.00022451695  0.0000000   -3.8740790e-06  1.9441672e-06  2.9196537e-07  1.1165984e-06  3.2792858e-06  2.3917384e-07  1.3990649e-05  7.3809247e-08  -7.1098971e-07  
-3.7679780e-06  3.8740790e-06  0.0000000   0.00077711572  0.00024681900  -3.8930498e-05  -0.00011924777  1.2256174e-05  2.2195914e-06  1.1627006e-05  6.2376874e-06  -3.7679780e-06  3.8740790e-06  0.0000000   0.00077711572  0.00024681900  -3.8930498e-05  -0.00011924777  1.2256174e-05  2.2195914e-06  1.1627006e-05  6.2376874e-06  
-5.6129580e-06  -1.9441672e-06  -0.00077711572  0.0000000   -6.2945054e-05  -5.3942119e-05  1.6769965e-05  9.4735860e-05  7.1002369e-07  3.0139859e-05  1.2434973e-05  -5.6129580e-06  -1.9441672e-06  -0.00077711572  0.0000000   -6.2945054e-05  -5.3942119e-05  1.6769965e-05  9.4735860e-05  7.1002369e-07  3.0139859e-05  1.2434973e-05  
-4.3984357e-06  -2.9196537e-07  -0.00024681900  6.2945054e-05  0.0000000   -3.0363573e-05  7.0187042e-06  -0.00016653104  -5.1650083e-07  -7.5320757e-05  -8.5948122e-05  -4.3984357e-06  -2.9196537e-07  -0.00024681900  6.2945054e-05  0.0000000   -3.0363573e-05  7.0187042e-06  -0.00016653104  -5.1650083e-07  -7.5320757e-05  -8.5948122e-05  
-7.1558230e-08  -1.1165984e-06  3.8930498e-05  5.3942119e-05  3.0363573e-05  0.0000000   -4.8419991e-05  0.00030664852  2.2854312e-06  0.00022210869  2.5631386e-05  -7.1558230e-08  -1.1165984e-06  3.8930498e-05  5.3942119e-05  3.0363573e-05  0.0000000   -4.8419991e-05  0.00030664852  2.2854312e-06  0.00022210869  2.5631386e-05  
1.2509621e-06  -3.2792858e-06  0.00011924777  -1.6769965e-05  -7.0187042e-06  4.8419991e-05  0.0000000   0.0011221520  2.3795955e-06  7.4391657e-05  3.3637332e-06  1.2509621e-06  -3.2792858e-06  0.00011924777  -1.6769965e-05  -7.0187042e-06  4.8419991e-05  0.0000000   0.0011221520  2.3795955e-06  7.4391657e-05  3.3637332e-06  
-7.2672379e-07  -2.3917384e-07  -1.2256174e-05  -9.4735860e-05  0.00016653104  -0.00030664852  -0.0011221520  0.0000000   1.4185398e-05  3.2995887e-05  -5.8296363e-05  -7.2672379e-07  -2.3917384e-07  -1.2256174e-05  -9.4735860e-05  0.00016653104  -0.00030664852  -0.0011221520  0.0000000   1.4185398e-05  3.2995887e-05  -5.8296363e-05  
2.0669257e-05  -1.3990649e-05  -2.2195914e-06  -7.1002369e-07  5.1650083e-07  -2.2854312e-06  -2.3795955e-06  -1.4185398e-05  0.0000000   -1.4556364e-06  -7.1360717e-07  2.0669257e-05  -1.3990649e-05  -2.2195914e-06  -7.1002369e-07  5.1650083e-07  -2.2854312e-06  -2.3795955e-06  -1.4185398e-05  0.0000000   -1.4556364e-06  -7.1360717e-07  
-7.7800709e-07  -7.3809247e-08  -1.1627006e-05  -3.0139859e-05  7.5320757e-05  -0.00022210869  -7.4391657e-05  -3.2995887e-05  1.4556364e-06  0.0000000   -0.00017231478  -7.7800709e-07  -7.3809247e-08  -1.1627006e-05  -3.0139859e-05  7.5320757e-05  -0.00022210869  -7.4391657e-05  -3.2995887e-05  1.4556364e-06  0.0000000   -0.00017231478  
3.5160205e-07  7.1098971e-07  -6.2376874e-06  -1.2434973e-05  8.5948122e-05  -2.5631386e-05  -3.3637332e-06  5.8296363e-05  7.1360717e-07  0.00017231478  0.0000000   3.5160205e-07  7.1098971e-07  -6.2376874e-06  -1.2434973e-05  8.5948122e-05  -2.5631386e-05  -3.3637332e-06  5.8296363e-05  7.1360717e-07  0.00017231478  0.0000000   
