0.0000000   1.0467754e-06  5.3899786e-06  7.9143604e-06  2.1661628e-05  4.7790482e-07  1.5205775e-07  -1.0231189e-05  8.5913368e-07  -6.9992379e-06  -8.4326092e-08  0.0000000   1.0467754e-06  5.3899786e-06  7.9143604e-06  2.1661628e-05  4.7790482e-07  1.5205775e-07  -1.0231189e-05  8.5913368e-07  -6.9992379e-06  -8.4326092e-08  
-1.0467754e-06  0.0000000   -9.0684128e-05  -7.7141678e-05  4.8109018e-07  1.6141076e-05  -0.00028442293  3.5632167e-06  1.6285726e-05  2.8087184e-07  1.0530201e-05  -1.0467754e-06  0.0000000   -9.0684128e-05  -7.7141678e-05  4.8109018e-07  1.6141076e-05  -0.00028442293  3.5632167e-06  1.6285726e-05  2.8087184e-07  1.0530201e-05  
-5.3899786e-06  9.0684128e-05  0.0000000   0.0020016232  -7.7434624e-06  2.5350778e-05  -5.9357876e-06  2.1235011e-06  0.00011075874  1.9521654e-06  2.7650231e-05  -5.3899786e-06  9.0684128e-05  0.0000000   0.0020016232  -7.7434624e-06  2.5350778e-05  -5.9357876e-06  2.1235011e-06  0.00011075874  1.9521654e-06  2.7650231e-05  
-7.9143604e-06  7.7141678e-05  -0.0020016232  0.0000000   3.5386771e-06  1.9951434e-05  -5.5794179e-05  3.6080248e-06  -4.0126738e-05  -2.5034589e-06  2.2312546e-06  -7.9143604e-06  7.7141678e-05  -0.0020016232  0.0000000   3.5386771e-06  1.9951434e-05  -5.5794179e-05  3.6080248e-06  -4.0126738e-05  -2.5034589e-06  2.2312546e-06  
-2.1661628e-05  -4.8109018e-07  7.7434624e-06  -3.5386771e-06  0.0000000   1.4257227e-06  6.6687618e-07  0.00013973671  -2.7010335e-06  -0.00020956453  -3.2972805e-07  -2.1661628e-05  -4.8109018e-07  7.7434624e-06  -3.5386771e-06  0.0000000   1.4257227e-06  6.6687618e-07  0.00013973671  -2.7010335e-06  -0.00020956453  -3.2972805e-07  
-4.7790482e-07  -1.6141076e-05  -2.5350778e-05  -1.9951434e-05  -1.4257227e-06  0.0000000   0.0016144297  -1.9674251e-05  -8.4345638e-05  -5.1685938e-07  9.1204980e-06  -4.7790482e-07  -1.6141076e-05  -2.5350778e-05  -1.9951434e-05  -1.4257227e-06  0.0000000   0.0016144297  -1.9674251e-05  -8.4345638e-05  -5.1685938e-07  9.1204980e-06  
-1.5205775e-07  0.00028442293  5.9357876e-06  5.5794179e-05  -6.6687618e-07  -0.0016144297  0.0000000   1.6415235e-05  2.2327125e-05  2.4300476e-06  1.4696114e-05  -1.5205775e-07  0.00028442293  5.9357876e-06  5.5794179e-05  -6.6687618e-07  -0.0016144297  0.0000000   1.6415235e-05  2.2327125e-05  2.4300476e-06  1.4696114e-05  
1.0231189e-05  -3.5632167e-06  -2.1235011e-06  -3.6080248e-06  -0.00013973671  1.9674251e-05  -1.6415235e-05  0.0000000   -3.0457351e-07  7.4564692e-05  7.2279441e-07  1.0231189e-05  -3.5632167e-06  -2.1235011e-06  -3.6080248e-06  -0.00013973671  1.9674251e-05  -1.6415235e-05  0.0000000   -3.0457351e-07  7.4564692e-05  7.2279441e-07  
-8.5913368e-07  -1.6285726e-05  -0.00011075874  4.0126738e-05  2.7010335e-06  8.4345638e-05  -2.2327125e-05  3.0457351e-07  0.0000000   -1.2446518e-06  0.00022840598  -8.5913368e-07  -1.6285726e-05  -0.00011075874  4.0126738e-05  2.7010335e-06  8.4345638e-05  -2.2327125e-05  3.0457351e-07  0.0000000   -1.2446518e-06  0.00022840598  
6.9992379e-06  -2.8087184e-07  -1.9521654e-06  2.5034589e-06  0.00020956453  5.1685938e-07  -2.4300476e-06  -7.4564692e-05  1.2446518e-06  0.0000000   -2.2618186e-06  6.9992379e-06  -2.8087184e-07  -1.9521654e-06  2.5034589e-06  0.00020956453  5.1685938e-07  -2.4300476e-06  -7.4564692e-05  1.2446518e-06  0.0000000   -2.2618186e-06  
8.4326092e-08  -1.0530201e-05  -2.7650231e-05  -2.2312546e-06  3.2972805e-07  -9.1204980e-06  -1.4696114e-05  -7.2279441e-07  -0.00022840598  2.2618186e-06  0.0000000   8.4326092e-08  -1.0530201e-05  -2.7650231e-05  -2.2312546e-06  3.2972805e-07  -9.1204980e-06  -1.4696114e-05  -7.2279441e-07  -0.00022840598  2.2618186e-06  0.0000000   
0.0000000   1.0467754e-06  5.3899786e-06  7.9143604e-06  2.1661628e-05  4.7790482e-07  1.5205775e-07  -1.0231189e-05  8.5913368e-07  -6.9992379e-06  -8.4326092e-08  0.0000000   1.0467754e-06  5.3899786e-06  7.9143604e-06  2.1661628e-05  4.7790482e-07  1.5205775e-07  -1.0231189e-05  8.5913368e-07  -6.9992379e-06  -8.4326092e-08  
-1.0467754e-06  0.0000000   -9.0684128e-05  -7.7141678e-05  4.8109018e-07  1.6141076e-05  -0.00028442293  3.5632167e-06  1.6285726e-05  2.8087184e-07  1.0530201e-05  -1.0467754e-06  0.0000000   -9.0684128e-05  -7.7141678e-05  4.8109018e-07  1.6141076e-05  -0.00028442293  3.5632167e-06  1.6285726e-05  2.8087184e-07  1.0530201e-05  
-5.3899786e-06  9.0684128e-05  0.0000000   0.0020016232  -7.7434624e-06  2.5350778e-05  -5.9357876e-06  2.1235011e-06  0.00011075874  1.9521654e-06  2.7650231e-05  -5.3899786e-06  9.0684128e-05  0.0000000   0.0020016232  -7.7434624e-06  2.5350778e-05  -5.9357876e-06  2.1235011e-06  0.00011075874  1.9521654e-06  2.7650231e-05  
-7.9143604e-06  7.7141678e-05  -0.0020016232  0.0000000   3.5386771e-06  1.9951434e-05  -5.5794179e-05  3.6080248e-06  -4.0126738e-05  -2.5034589e-06  2.2312546e-06  -7.9143604e-06  7.7141678e-05  -0.0020016232  0.0000000   3.5386771e-06  1.9951434e-05  -5.5794179e-05  3.6080248e-06  -4.0126738e-05  -2.5034589e-06  2.2312546e-06  
-2.1661628e-05  -4.8109018e-07  7.7434624e-06  -3.5386771e-06  0.0000000   1.4257227e-06  6.6687618e-07  0.00013973671  -2.7010335e-06  -0.00020956453  -3.2972805e-07  -2.1661628e-05  -4.8109018e-07  7.7434624e-06  -3.5386771e-06  0.0000000   1.4257227e-06  6.6687618e-07  0.00013973671  -2.7010335e-06  -0.00020956453  -3.2972805e-07  
-4.7790482e-07  -1.6141076e-05  -2.5350778e-05  -1.9951434e-05  -1.4257227e-06  0.0000000   0.0016144297  -1.9674251e-05  -8.4345638e-05  -5.1685938e-07  9.1204980e-06  -4.7790482e-07  -1.6141076e-05  -2.5350778e-05  -1.9951434e-05  -1.4257227e-06  0.0000000   0.0016144297  -1.9674251e-05  -8.4345638e-05  -5.1685938e-07  9.1204980e-06  
-1.5205775e-07  0.00028442293  5.9357876e-06  5.5794179e-05  -6.6687618e-07  -0.0016144297  0.0000000   1.6415235e-05  2.2327125e-05  2.4300476e-06  1.4696114e-05  -1.5205775e-07  0.00028442293  5.9357876e-06  5.5794179e-05  -6.6687618e-07  -0.0016144297  0.0000000   1.6415235e-05  2.2327125e-05  2.4300476e-06  1.4696114e-05  
1.0231189e-05  -3.5632167e-06  -2.1235011e-06  -3.6080248e-06  -0.00013973671  1.9674251e-05  -1.6415235e-05  0.0000000   -3.0457351e-07  7.4564692e-05  7.2279441e-07  1.0231189e-05  -3.5632167e-06  -2.1235011e-06  -3.6080248e-06  -0.00013973671  1.9674251e-05  -1.6415235e-05  0.0000000   -3.0457351e-07  7.4564692e-05  7.2279441e-07  
-8.5913368e-07  -1.6285726e-05  -0.00011075874  4.0126738e-05  2.7010335e-06  8.4345638e-05  -2.2327125e-05  3.0457351e-07  0.0000000   -1.2446518e-06  0.00022840598  -8.5913368e-07  -1.6285726e-05  -0.00011075874  4.0126738e-05  2.7010335e-06  8.4345638e-05  -2.2327125e-05  3.0457351e-07  0.0000000   -1.2446518e-06  0.00022840598  
6.9992379e-06  -2.8087184e-07  -1.9521654e-06  2.5034589e-06  0.00020956453  5.1685938e-07  -2.4300476e-06  -7.4564692e-05  1.2446518e-06  0.0000000   -2.2618186e-06  6.9992379e-06  -2.8087184e-07  -1.9521654e-06  2.5034589e-06  0.00020956453  5.1685938e-07  -2.4300476e-06  -7.4564692e-05  1.2446518e-06  0.0000000   -2.2618186e-06  
8.4326092e-08  -1.0530201e-05  -2.7650231e-05  -2.2312546e-06  3.2972805e-07  -9.1204980e-06  -1.4696114e-05  -7.2279441e-07  -0.00022840598  2.2618186e-06  0.0000000   8.4326092e-08  -1.0530201e-05  -2.7650231e-05  -2.2312546e-06  3.2972805e-07  -9.1204980e-06  -1.4696114e-05  -7.2279441e-07  -0.00022840598  2.2618186e-06  0.0000000   
