1.0000000   1.0804413e-16  -2.5783683e-17  7.7851645e-17  1.6240502e-16  2.5724729e-16  4.4979398e-16  1.5076149e-16  2.8701034e-16  -8.7036870e-18  1.1469927e-16  1.0000000   1.0804413e-16  -2.5783683e-17  7.7851645e-17  1.6240502e-16  2.5724729e-16  4.4979398e-16  1.5076149e-16  2.8701034e-16  -8.7036870e-18  1.1469927e-16  
1.0804413e-16  1.0000000   1.1643993e-16  -3.6708248e-16  2.1477219e-16  -1.0837787e-16  4.3375456e-16  -3.0185046e-16  -2.6987105e-17  3.2212324e-16  -6.4561698e-17  1.0804413e-16  1.0000000   1.1643993e-16  -3.6708248e-16  2.1477219e-16  -1.0837787e-16  4.3375456e-16  -3.0185046e-16  -2.6987105e-17  3.2212324e-16  -6.4561698e-17  
-2.5783683e-17  1.1643993e-16  1.0000000   1.2781642e-16  -2.7628521e-16  -2.6166542e-17  1.2753182e-16  4.8061444e-16  5.8341660e-16  -1.9121684e-16  1.7407120e-16  -2.5783683e-17  1.1643993e-16  1.0000000   1.2781642e-16  -2.7628521e-16  -2.6166542e-17  1.2753182e-16  4.8061444e-16  5.8341660e-16  -1.9121684e-16  1.7407120e-16  
7.7851645e-17  -3.6708248e-16  1.2781642e-16  1.0000000   -2.6149199e-16  -1.6469327e-16  4.4656678e-16  -8.4308683e-17  2.2673039e-16  -9.0067131e-17  1.1833897e-16  7.7851645e-17  -3.6708248e-16  1.2781642e-16  1.0000000   -2.6149199e-16  -1.6469327e-16  4.4656678e-16  -8.4308683e-17  2.2673039e-16  -9.0067131e-17  1.1833897e-16  
1.6240502e-16  2.1477219e-16  -2.7628521e-16  -2.6149199e-16  1.0000000   -1.9815404e-16  4.2258050e-17  -7.1578411e-16  9.6978073e-17  -4.6125298e-17  3.6273807e-16  1.6240502e-16  2.1477219e-16  -2.7628521e-16  -2.6149199e-16  1.0000000   -1.9815404e-16  4.2258050e-17  -7.1578411e-16  9.6978073e-17  -4.6125298e-17  3.6273807e-16  
2.5724729e-16  -1.0837787e-16  -2.6166542e-17  -1.6469327e-16  -1.9815404e-16  1.0000000   1.8584750e-17  -1.9643245e-16  -1.0666548e-15  -1.0563051e-16  1.8100840e-16  2.5724729e-16  -1.0837787e-16  -2.6166542e-17  -1.6469327e-16  -1.9815404e-16  1.0000000   1.8584750e-17  -1.9643245e-16  -1.0666548e-15  -1.0563051e-16  1.8100840e-16  
4.4979398e-16  4.3375456e-16  1.2753182e-16  4.4656678e-16  4.2258050e-17  1.8584750e-17  1.0000000   -2.6604320e-16  -1.6706454e-16  4.1158210e-16  1.7473909e-16  4.4979398e-16  4.3375456e-16  1.2753182e-16  4.4656678e-16  4.2258050e-17  1.8584750e-17  1.0000000   -2.6604320e-16  -1.6706454e-16  4.1158210e-16  1.7473909e-16  
1.5076149e-16  -3.0185046e-16  4.8061444e-16  -8.4308683e-17  -7.1578411e-16  -1.9643245e-16  -2.6604320e-16  1.0000000   -5.1581818e-17  -5.0664058e-16  -1.6562289e-16  1.5076149e-16  -3.0185046e-16  4.8061444e-16  -8.4308683e-17  -7.1578411e-16  -1.9643245e-16  -2.6604320e-16  1.0000000   -5.1581818e-17  -5.0664058e-16  -1.6562289e-16  
2.8701034e-16  -2.6987105e-17  5.8341660e-16  2.2673039e-16  9.6978073e-17  -1.0666548e-15  -1.6706454e-16  -5.1581818e-17  1.0000000   -3.0903489e-16  7.2788400e-17  2.8701034e-16  -2.6987105e-17  5.8341660e-16  2.2673039e-16  9.6978073e-17  -1.0666548e-15  -1.6706454e-16  -5.1581818e-17  1.0000000   -3.0903489e-16  7.2788400e-17  
-8.7036870e-18  3.2212324e-16  -1.9121684e-16  -9.0067131e-17  -4.6125298e-17  -1.0563051e-16  4.1158210e-16  -5.0664058e-16  -3.0903489e-16  1.0000000   -1.8044862e-16  -8.7036870e-18  3.2212324e-16  -1.9121684e-16  -9.0067131e-17  -4.6125298e-17  -1.0563051e-16  4.1158210e-16  -5.0664058e-16  -3.0903489e-16  1.0000000   -1.8044862e-16  
1.1469927e-16  -6.4561698e-17  1.7407120e-16  1.1833897e-16  3.6273807e-16  1.8100840e-16  1.7473909e-16  -1.6562289e-16  7.2788400e-17  -1.8044862e-16  1.0000000   1.1469927e-16  -6.4561698e-17  1.7407120e-16  1.1833897e-16  3.6273807e-16  1.8100840e-16  1.7473909e-16  -1.6562289e-16  7.2788400e-17  -1.8044862e-16  1.0000000   
1.0000000   1.0804413e-16  -2.5783683e-17  7.7851645e-17  1.6240502e-16  2.5724729e-16  4.4979398e-16  1.5076149e-16  2.8701034e-16  -8.7036870e-18  1.1469927e-16  1.0000000   1.0804413e-16  -2.5783683e-17  7.7851645e-17  1.6240502e-16  2.5724729e-16  4.4979398e-16  1.5076149e-16  2.8701034e-16  -8.7036870e-18  1.1469927e-16  
1.0804413e-16  1.0000000   1.1643993e-16  -3.6708248e-16  2.1477219e-16  -1.0837787e-16  4.3375456e-16  -3.0185046e-16  -2.6987105e-17  3.2212324e-16  -6.4561698e-17  1.0804413e-16  1.0000000   1.1643993e-16  -3.6708248e-16  2.1477219e-16  -1.0837787e-16  4.3375456e-16  -3.0185046e-16  -2.6987105e-17  3.2212324e-16  -6.4561698e-17  
-2.5783683e-17  1.1643993e-16  1.0000000   1.2781642e-16  -2.7628521e-16  -2.6166542e-17  1.2753182e-16  4.8061444e-16  5.8341660e-16  -1.9121684e-16  1.7407120e-16  -2.5783683e-17  1.1643993e-16  1.0000000   1.2781642e-16  -2.7628521e-16  -2.6166542e-17  1.2753182e-16  4.8061444e-16  5.8341660e-16  -1.9121684e-16  1.7407120e-16  
7.7851645e-17  -3.6708248e-16  1.2781642e-16  1.0000000   -2.6149199e-16  -1.6469327e-16  4.4656678e-16  -8.4308683e-17  2.2673039e-16  -9.0067131e-17  1.1833897e-16  7.7851645e-17  -3.6708248e-16  1.2781642e-16  1.0000000   -2.6149199e-16  -1.6469327e-16  4.4656678e-16  -8.4308683e-17  2.2673039e-16  -9.0067131e-17  1.1833897e-16  
1.6240502e-16  2.1477219e-16  -2.7628521e-16  -2.6149199e-16  1.0000000   -1.9815404e-16  4.2258050e-17  -7.1578411e-16  9.6978073e-17  -4.6125298e-17  3.6273807e-16  1.6240502e-16  2.1477219e-16  -2.7628521e-16  -2.6149199e-16  1.0000000   -1.9815404e-16  4.2258050e-17  -7.1578411e-16  9.6978073e-17  -4.6125298e-17  3.6273807e-16  
2.5724729e-16  -1.0837787e-16  -2.6166542e-17  -1.6469327e-16  -1.9815404e-16  1.0000000   1.8584750e-17  -1.9643245e-16  -1.0666548e-15  -1.0563051e-16  1.8100840e-16  2.5724729e-16  -1.0837787e-16  -2.6166542e-17  -1.6469327e-16  -1.9815404e-16  1.0000000   1.8584750e-17  -1.9643245e-16  -1.0666548e-15  -1.0563051e-16  1.8100840e-16  
4.4979398e-16  4.3375456e-16  1.2753182e-16  4.4656678e-16  4.2258050e-17  1.8584750e-17  1.0000000   -2.6604320e-16  -1.6706454e-16  4.1158210e-16  1.7473909e-16  4.4979398e-16  4.3375456e-16  1.2753182e-16  4.4656678e-16  4.2258050e-17  1.8584750e-17  1.0000000   -2.6604320e-16  -1.6706454e-16  4.1158210e-16  1.7473909e-16  
1.5076149e-16  -3.0185046e-16  4.8061444e-16  -8.4308683e-17  -7.1578411e-16  -1.9643245e-16  -2.6604320e-16  1.0000000   -5.1581818e-17  -5.0664058e-16  -1.6562289e-16  1.5076149e-16  -3.0185046e-16  4.8061444e-16  -8.4308683e-17  -7.1578411e-16  -1.9643245e-16  -2.6604320e-16  1.0000000   -5.1581818e-17  -5.0664058e-16  -1.6562289e-16  
2.8701034e-16  -2.6987105e-17  5.8341660e-16  2.2673039e-16  9.6978073e-17  -1.0666548e-15  -1.6706454e-16  -5.1581818e-17  1.0000000   -3.0903489e-16  7.2788400e-17  2.8701034e-16  -2.6987105e-17  5.8341660e-16  2.2673039e-16  9.6978073e-17  -1.0666548e-15  -1.6706454e-16  -5.1581818e-17  1.0000000   -3.0903489e-16  7.2788400e-17  
-8.7036870e-18  3.2212324e-16  -1.9121684e-16  -9.0067131e-17  -4.6125298e-17  -1.0563051e-16  4.1158210e-16  -5.0664058e-16  -3.0903489e-16  1.0000000   -1.8044862e-16  -8.7036870e-18  3.2212324e-16  -1.9121684e-16  -9.0067131e-17  -4.6125298e-17  -1.0563051e-16  4.1158210e-16  -5.0664058e-16  -3.0903489e-16  1.0000000   -1.8044862e-16  
1.1469927e-16  -6.4561698e-17  1.7407120e-16  1.1833897e-16  3.6273807e-16  1.8100840e-16  1.7473909e-16  -1.6562289e-16  7.2788400e-17  -1.8044862e-16  1.0000000   1.1469927e-16  -6.4561698e-17  1.7407120e-16  1.1833897e-16  3.6273807e-16  1.8100840e-16  1.7473909e-16  -1.6562289e-16  7.2788400e-17  -1.8044862e-16  1.0000000   
