1.0000000   -3.4012777e-16  -6.7671156e-17  -2.4248796e-16  -3.0136585e-17  -5.0195172e-18  3.4248676e-16  -1.0457045e-16  4.9740210e-16  2.9216591e-16  -2.0245400e-16  1.0000000   -3.4012777e-16  -6.7671156e-17  -2.4248796e-16  -3.0136585e-17  -5.0195172e-18  3.4248676e-16  -1.0457045e-16  4.9740210e-16  2.9216591e-16  -2.0245400e-16  
-3.4012777e-16  1.0000000   8.0773062e-17  3.0379048e-17  4.8566667e-16  4.6696588e-16  7.0278324e-17  -4.1908310e-16  -1.4155911e-15  3.5993225e-16  3.6592416e-16  -3.4012777e-16  1.0000000   8.0773062e-17  3.0379048e-17  4.8566667e-16  4.6696588e-16  7.0278324e-17  -4.1908310e-16  -1.4155911e-15  3.5993225e-16  3.6592416e-16  
-6.7671156e-17  8.0773062e-17  1.0000000   -1.5377608e-16  7.0688288e-16  -9.6754032e-17  3.4037511e-16  -8.0458813e-16  3.7788427e-16  -3.2999387e-16  1.4810837e-15  -6.7671156e-17  8.0773062e-17  1.0000000   -1.5377608e-16  7.0688288e-16  -9.6754032e-17  3.4037511e-16  -8.0458813e-16  3.7788427e-16  -3.2999387e-16  1.4810837e-15  
-2.4248796e-16  3.0379048e-17  -1.5377608e-16  1.0000000   1.2546421e-16  -3.5621335e-17  -1.2037746e-16  -3.9308014e-16  4.4637488e-16  9.1913759e-16  -8.2202536e-17  -2.4248796e-16  3.0379048e-17  -1.5377608e-16  1.0000000   1.2546421e-16  -3.5621335e-17  -1.2037746e-16  -3.9308014e-16  4.4637488e-16  9.1913759e-16  -8.2202536e-17  
-3.0136585e-17  4.8566667e-16  7.0688288e-16  1.2546421e-16  1.0000000   -4.3926303e-16  -4.0460646e-16  -2.8830587e-16  6.8974105e-17  -2.5273737e-16  3.7201327e-16  -3.0136585e-17  4.8566667e-16  7.0688288e-16  1.2546421e-16  1.0000000   -4.3926303e-16  -4.0460646e-16  -2.8830587e-16  6.8974105e-17  -2.5273737e-16  3.7201327e-16  
-5.0195172e-18  4.6696588e-16  -9.6754032e-17  -3.5621335e-17  -4.3926303e-16  1.0000000   5.0570620e-16  -1.6973566e-16  2.9887727e-16  -2.4702890e-16  1.8479231e-16  -5.0195172e-18  4.6696588e-16  -9.6754032e-17  -3.5621335e-17  -4.3926303e-16  1.0000000   5.0570620e-16  -1.6973566e-16  2.9887727e-16  -2.4702890e-16  1.8479231e-16  
3.4248676e-16  7.0278324e-17  3.4037511e-16  -1.2037746e-16  -4.0460646e-16  5.0570620e-16  1.0000000   -1.4424971e-16  4.1326505e-16  1.0783338e-16  4.0080752e-17  3.4248676e-16  7.0278324e-17  3.4037511e-16  -1.2037746e-16  -4.0460646e-16  5.0570620e-16  1.0000000   -1.4424971e-16  4.1326505e-16  1.0783338e-16  4.0080752e-17  
-1.0457045e-16  -4.1908310e-16  -8.0458813e-16  -3.9308014e-16  -2.8830587e-16  -1.6973566e-16  -1.4424971e-16  1.0000000   4.1575236e-17  -5.4672705e-16  1.0094234e-15  -1.0457045e-16  -4.1908310e-16  -8.0458813e-16  -3.9308014e-16  -2.8830587e-16  -1.6973566e-16  -1.4424971e-16  1.0000000   4.1575236e-17  -5.4672705e-16  1.0094234e-15  
4.9740210e-16  -1.4155911e-15  3.7788427e-16  4.4637488e-16  6.8974105e-17  2.9887727e-16  4.1326505e-16  4.1575236e-17  1.0000000   6.4335371e-16  -7.3236099e-16  4.9740210e-16  -1.4155911e-15  3.7788427e-16  4.4637488e-16  6.8974105e-17  2.9887727e-16  4.1326505e-16  4.1575236e-17  1.0000000   6.4335371e-16  -7.3236099e-16  
2.9216591e-16  3.5993225e-16  -3.2999387e-16  9.1913759e-16  -2.5273737e-16  -2.4702890e-16  1.0783338e-16  -5.4672705e-16  6.4335371e-16  1.0000000   -5.9000914e-17  2.9216591e-16  3.5993225e-16  -3.2999387e-16  9.1913759e-16  -2.5273737e-16  -2.4702890e-16  1.0783338e-16  -5.4672705e-16  6.4335371e-16  1.0000000   -5.9000914e-17  
-2.0245400e-16  3.6592416e-16  1.4810837e-15  -8.2202536e-17  3.7201327e-16  1.8479231e-16  4.0080752e-17  1.0094234e-15  -7.3236099e-16  -5.9000914e-17  1.0000000   -2.0245400e-16  3.6592416e-16  1.4810837e-15  -8.2202536e-17  3.7201327e-16  1.8479231e-16  4.0080752e-17  1.0094234e-15  -7.3236099e-16  -5.9000914e-17  1.0000000   
1.0000000   -3.4012777e-16  -6.7671156e-17  -2.4248796e-16  -3.0136585e-17  -5.0195172e-18  3.4248676e-16  -1.0457045e-16  4.9740210e-16  2.9216591e-16  -2.0245400e-16  1.0000000   -3.4012777e-16  -6.7671156e-17  -2.4248796e-16  -3.0136585e-17  -5.0195172e-18  3.4248676e-16  -1.0457045e-16  4.9740210e-16  2.9216591e-16  -2.0245400e-16  
-3.4012777e-16  1.0000000   8.0773062e-17  3.0379048e-17  4.8566667e-16  4.6696588e-16  7.0278324e-17  -4.1908310e-16  -1.4155911e-15  3.5993225e-16  3.6592416e-16  -3.4012777e-16  1.0000000   8.0773062e-17  3.0379048e-17  4.8566667e-16  4.6696588e-16  7.0278324e-17  -4.1908310e-16  -1.4155911e-15  3.5993225e-16  3.6592416e-16  
-6.7671156e-17  8.0773062e-17  1.0000000   -1.5377608e-16  7.0688288e-16  -9.6754032e-17  3.4037511e-16  -8.0458813e-16  3.7788427e-16  -3.2999387e-16  1.4810837e-15  -6.7671156e-17  8.0773062e-17  1.0000000   -1.5377608e-16  7.0688288e-16  -9.6754032e-17  3.4037511e-16  -8.0458813e-16  3.7788427e-16  -3.2999387e-16  1.4810837e-15  
-2.4248796e-16  3.0379048e-17  -1.5377608e-16  1.0000000   1.2546421e-16  -3.5621335e-17  -1.2037746e-16  -3.9308014e-16  4.4637488e-16  9.1913759e-16  -8.2202536e-17  -2.4248796e-16  3.0379048e-17  -1.5377608e-16  1.0000000   1.2546421e-16  -3.5621335e-17  -1.2037746e-16  -3.9308014e-16  4.4637488e-16  9.1913759e-16  -8.2202536e-17  
-3.0136585e-17  4.8566667e-16  7.0688288e-16  1.2546421e-16  1.0000000   -4.3926303e-16  -4.0460646e-16  -2.8830587e-16  6.8974105e-17  -2.5273737e-16  3.7201327e-16  -3.0136585e-17  4.8566667e-16  7.0688288e-16  1.2546421e-16  1.0000000   -4.3926303e-16  -4.0460646e-16  -2.8830587e-16  6.8974105e-17  -2.5273737e-16  3.7201327e-16  
-5.0195172e-18  4.6696588e-16  -9.6754032e-17  -3.5621335e-17  -4.3926303e-16  1.0000000   5.0570620e-16  -1.6973566e-16  2.9887727e-16  -2.4702890e-16  1.8479231e-16  -5.0195172e-18  4.6696588e-16  -9.6754032e-17  -3.5621335e-17  -4.3926303e-16  1.0000000   5.0570620e-16  -1.6973566e-16  2.9887727e-16  -2.4702890e-16  1.8479231e-16  
3.4248676e-16  7.0278324e-17  3.4037511e-16  -1.2037746e-16  -4.0460646e-16  5.0570620e-16  1.0000000   -1.4424971e-16  4.1326505e-16  1.0783338e-16  4.0080752e-17  3.4248676e-16  7.0278324e-17  3.4037511e-16  -1.2037746e-16  -4.0460646e-16  5.0570620e-16  1.0000000   -1.4424971e-16  4.1326505e-16  1.0783338e-16  4.0080752e-17  
-1.0457045e-16  -4.1908310e-16  -8.0458813e-16  -3.9308014e-16  -2.8830587e-16  -1.6973566e-16  -1.4424971e-16  1.0000000   4.1575236e-17  -5.4672705e-16  1.0094234e-15  -1.0457045e-16  -4.1908310e-16  -8.0458813e-16  -3.9308014e-16  -2.8830587e-16  -1.6973566e-16  -1.4424971e-16  1.0000000   4.1575236e-17  -5.4672705e-16  1.0094234e-15  
4.9740210e-16  -1.4155911e-15  3.7788427e-16  4.4637488e-16  6.8974105e-17  2.9887727e-16  4.1326505e-16  4.1575236e-17  1.0000000   6.4335371e-16  -7.3236099e-16  4.9740210e-16  -1.4155911e-15  3.7788427e-16  4.4637488e-16  6.8974105e-17  2.9887727e-16  4.1326505e-16  4.1575236e-17  1.0000000   6.4335371e-16  -7.3236099e-16  
2.9216591e-16  3.5993225e-16  -3.2999387e-16  9.1913759e-16  -2.5273737e-16  -2.4702890e-16  1.0783338e-16  -5.4672705e-16  6.4335371e-16  1.0000000   -5.9000914e-17  2.9216591e-16  3.5993225e-16  -3.2999387e-16  9.1913759e-16  -2.5273737e-16  -2.4702890e-16  1.0783338e-16  -5.4672705e-16  6.4335371e-16  1.0000000   -5.9000914e-17  
-2.0245400e-16  3.6592416e-16  1.4810837e-15  -8.2202536e-17  3.7201327e-16  1.8479231e-16  4.0080752e-17  1.0094234e-15  -7.3236099e-16  -5.9000914e-17  1.0000000   -2.0245400e-16  3.6592416e-16  1.4810837e-15  -8.2202536e-17  3.7201327e-16  1.8479231e-16  4.0080752e-17  1.0094234e-15  -7.3236099e-16  -5.9000914e-17  1.0000000   
