1.0000000   6.6481922e-17  2.4326786e-17  -1.9578616e-16  2.1434169e-17  -1.3672552e-16  5.0444031e-16  -9.6560062e-17  -7.6230848e-17  -1.3740770e-16  -2.9196379e-17  1.0000000   6.6481922e-17  2.4326786e-17  -1.9578616e-16  2.1434169e-17  -1.3672552e-16  5.0444031e-16  -9.6560062e-17  -7.6230848e-17  -1.3740770e-16  -2.9196379e-17  
6.6481922e-17  1.0000000   -4.6796876e-17  5.7484971e-16  -3.1103135e-16  3.1948473e-16  1.2414623e-16  6.0599278e-16  -2.9617481e-16  2.6177574e-16  4.0988602e-16  6.6481922e-17  1.0000000   -4.6796876e-17  5.7484971e-16  -3.1103135e-16  3.1948473e-16  1.2414623e-16  6.0599278e-16  -2.9617481e-16  2.6177574e-16  4.0988602e-16  
2.4326786e-17  -4.6796876e-17  1.0000000   -2.4346183e-16  1.2496599e-15  2.1233253e-16  7.6078805e-17  -2.0846328e-16  -7.0185574e-17  6.5888999e-17  2.2067216e-15  2.4326786e-17  -4.6796876e-17  1.0000000   -2.4346183e-16  1.2496599e-15  2.1233253e-16  7.6078805e-17  -2.0846328e-16  -7.0185574e-17  6.5888999e-17  2.2067216e-15  
-1.9578616e-16  5.7484971e-16  -2.4346183e-16  1.0000000   1.4140569e-16  1.9221253e-16  -1.1387987e-16  2.7826515e-17  1.3979583e-16  -7.3139526e-16  4.6797787e-16  -1.9578616e-16  5.7484971e-16  -2.4346183e-16  1.0000000   1.4140569e-16  1.9221253e-16  -1.1387987e-16  2.7826515e-17  1.3979583e-16  -7.3139526e-16  4.6797787e-16  
2.1434169e-17  -3.1103135e-16  1.2496599e-15  1.4140569e-16  1.0000000   -1.1633680e-16  7.6470558e-17  -2.0588957e-16  -1.0003464e-16  -1.9388775e-16  -2.0231805e-16  2.1434169e-17  -3.1103135e-16  1.2496599e-15  1.4140569e-16  1.0000000   -1.1633680e-16  7.6470558e-17  -2.0588957e-16  -1.0003464e-16  -1.9388775e-16  -2.0231805e-16  
-1.3672552e-16  3.1948473e-16  2.1233253e-16  1.9221253e-16  -1.1633680e-16  1.0000000   2.1794581e-17  -1.2891841e-17  3.1411095e-16  2.4200112e-16  -2.3651150e-16  -1.3672552e-16  3.1948473e-16  2.1233253e-16  1.9221253e-16  -1.1633680e-16  1.0000000   2.1794581e-17  -1.2891841e-17  3.1411095e-16  2.4200112e-16  -2.3651150e-16  
5.0444031e-16  1.2414623e-16  7.6078805e-17  -1.1387987e-16  7.6470558e-17  2.1794581e-17  1.0000000   -7.2723708e-17  -1.5431797e-16  -4.0628226e-17  -1.0015868e-16  5.0444031e-16  1.2414623e-16  7.6078805e-17  -1.1387987e-16  7.6470558e-17  2.1794581e-17  1.0000000   -7.2723708e-17  -1.5431797e-16  -4.0628226e-17  -1.0015868e-16  
-9.6560062e-17  6.0599278e-16  -2.0846328e-16  2.7826515e-17  -2.0588957e-16  -1.2891841e-17  -7.2723708e-17  1.0000000   -9.1956014e-17  -6.1367908e-17  5.3492947e-16  -9.6560062e-17  6.0599278e-16  -2.0846328e-16  2.7826515e-17  -2.0588957e-16  -1.2891841e-17  -7.2723708e-17  1.0000000   -9.1956014e-17  -6.1367908e-17  5.3492947e-16  
-7.6230848e-17  -2.9617481e-16  -7.0185574e-17  1.3979583e-16  -1.0003464e-16  3.1411095e-16  -1.5431797e-16  -9.1956014e-17  1.0000000   -2.0195267e-16  -3.0592045e-16  -7.6230848e-17  -2.9617481e-16  -7.0185574e-17  1.3979583e-16  -1.0003464e-16  3.1411095e-16  -1.5431797e-16  -9.1956014e-17  1.0000000   -2.0195267e-16  -3.0592045e-16  
-1.3740770e-16  2.6177574e-16  6.5888999e-17  -7.3139526e-16  -1.9388775e-16  2.4200112e-16  -4.0628226e-17  -6.1367908e-17  -2.0195267e-16  1.0000000   -1.3841806e-16  -1.3740770e-16  2.6177574e-16  6.5888999e-17  -7.3139526e-16  -1.9388775e-16  2.4200112e-16  -4.0628226e-17  -6.1367908e-17  -2.0195267e-16  1.0000000   -1.3841806e-16  
-2.9196379e-17  4.0988602e-16  2.2067216e-15  4.6797787e-16  -2.0231805e-16  -2.3651150e-16  -1.0015868e-16  5.3492947e-16  -3.0592045e-16  -1.3841806e-16  1.0000000   -2.9196379e-17  4.0988602e-16  2.2067216e-15  4.6797787e-16  -2.0231805e-16  -2.3651150e-16  -1.0015868e-16  5.3492947e-16  -3.0592045e-16  -1.3841806e-16  1.0000000   
1.0000000   6.6481922e-17  2.4326786e-17  -1.9578616e-16  2.1434169e-17  -1.3672552e-16  5.0444031e-16  -9.6560062e-17  -7.6230848e-17  -1.3740770e-16  -2.9196379e-17  1.0000000   6.6481922e-17  2.4326786e-17  -1.9578616e-16  2.1434169e-17  -1.3672552e-16  5.0444031e-16  -9.6560062e-17  -7.6230848e-17  -1.3740770e-16  -2.9196379e-17  
6.6481922e-17  1.0000000   -4.6796876e-17  5.7484971e-16  -3.1103135e-16  3.1948473e-16  1.2414623e-16  6.0599278e-16  -2.9617481e-16  2.6177574e-16  4.0988602e-16  6.6481922e-17  1.0000000   -4.6796876e-17  5.7484971e-16  -3.1103135e-16  3.1948473e-16  1.2414623e-16  6.0599278e-16  -2.9617481e-16  2.6177574e-16  4.0988602e-16  
2.4326786e-17  -4.6796876e-17  1.0000000   -2.4346183e-16  1.2496599e-15  2.1233253e-16  7.6078805e-17  -2.0846328e-16  -7.0185574e-17  6.5888999e-17  2.2067216e-15  2.4326786e-17  -4.6796876e-17  1.0000000   -2.4346183e-16  1.2496599e-15  2.1233253e-16  7.6078805e-17  -2.0846328e-16  -7.0185574e-17  6.5888999e-17  2.2067216e-15  
-1.9578616e-16  5.7484971e-16  -2.4346183e-16  1.0000000   1.4140569e-16  1.9221253e-16  -1.1387987e-16  2.7826515e-17  1.3979583e-16  -7.3139526e-16  4.6797787e-16  -1.9578616e-16  5.7484971e-16  -2.4346183e-16  1.0000000   1.4140569e-16  1.9221253e-16  -1.1387987e-16  2.7826515e-17  1.3979583e-16  -7.3139526e-16  4.6797787e-16  
2.1434169e-17  -3.1103135e-16  1.2496599e-15  1.4140569e-16  1.0000000   -1.1633680e-16  7.6470558e-17  -2.0588957e-16  -1.0003464e-16  -1.9388775e-16  -2.0231805e-16  2.1434169e-17  -3.1103135e-16  1.2496599e-15  1.4140569e-16  1.0000000   -1.1633680e-16  7.6470558e-17  -2.0588957e-16  -1.0003464e-16  -1.9388775e-16  -2.0231805e-16  
-1.3672552e-16  3.1948473e-16  2.1233253e-16  1.9221253e-16  -1.1633680e-16  1.0000000   2.1794581e-17  -1.2891841e-17  3.1411095e-16  2.4200112e-16  -2.3651150e-16  -1.3672552e-16  3.1948473e-16  2.1233253e-16  1.9221253e-16  -1.1633680e-16  1.0000000   2.1794581e-17  -1.2891841e-17  3.1411095e-16  2.4200112e-16  -2.3651150e-16  
5.0444031e-16  1.2414623e-16  7.6078805e-17  -1.1387987e-16  7.6470558e-17  2.1794581e-17  1.0000000   -7.2723708e-17  -1.5431797e-16  -4.0628226e-17  -1.0015868e-16  5.0444031e-16  1.2414623e-16  7.6078805e-17  -1.1387987e-16  7.6470558e-17  2.1794581e-17  1.0000000   -7.2723708e-17  -1.5431797e-16  -4.0628226e-17  -1.0015868e-16  
-9.6560062e-17  6.0599278e-16  -2.0846328e-16  2.7826515e-17  -2.0588957e-16  -1.2891841e-17  -7.2723708e-17  1.0000000   -9.1956014e-17  -6.1367908e-17  5.3492947e-16  -9.6560062e-17  6.0599278e-16  -2.0846328e-16  2.7826515e-17  -2.0588957e-16  -1.2891841e-17  -7.2723708e-17  1.0000000   -9.1956014e-17  -6.1367908e-17  5.3492947e-16  
-7.6230848e-17  -2.9617481e-16  -7.0185574e-17  1.3979583e-16  -1.0003464e-16  3.1411095e-16  -1.5431797e-16  -9.1956014e-17  1.0000000   -2.0195267e-16  -3.0592045e-16  -7.6230848e-17  -2.9617481e-16  -7.0185574e-17  1.3979583e-16  -1.0003464e-16  3.1411095e-16  -1.5431797e-16  -9.1956014e-17  1.0000000   -2.0195267e-16  -3.0592045e-16  
-1.3740770e-16  2.6177574e-16  6.5888999e-17  -7.3139526e-16  -1.9388775e-16  2.4200112e-16  -4.0628226e-17  -6.1367908e-17  -2.0195267e-16  1.0000000   -1.3841806e-16  -1.3740770e-16  2.6177574e-16  6.5888999e-17  -7.3139526e-16  -1.9388775e-16  2.4200112e-16  -4.0628226e-17  -6.1367908e-17  -2.0195267e-16  1.0000000   -1.3841806e-16  
-2.9196379e-17  4.0988602e-16  2.2067216e-15  4.6797787e-16  -2.0231805e-16  -2.3651150e-16  -1.0015868e-16  5.3492947e-16  -3.0592045e-16  -1.3841806e-16  1.0000000   -2.9196379e-17  4.0988602e-16  2.2067216e-15  4.6797787e-16  -2.0231805e-16  -2.3651150e-16  -1.0015868e-16  5.3492947e-16  -3.0592045e-16  -1.3841806e-16  1.0000000   
