1.0000000   2.9414066e-16  -2.8121494e-18  3.9497993e-17  -9.6805701e-17  -6.0624604e-16  -1.2714608e-15  -2.9968957e-16  -1.8692048e-16  -4.3891024e-16  -1.1275406e-16  1.0000000   2.9414066e-16  -2.8121494e-18  3.9497993e-17  -9.6805701e-17  -6.0624604e-16  -1.2714608e-15  -2.9968957e-16  -1.8692048e-16  -4.3891024e-16  -1.1275406e-16  
2.9414066e-16  1.0000000   2.1729444e-16  -2.1297966e-16  2.1554871e-16  2.7203141e-16  1.1791901e-15  2.8366286e-17  6.5850586e-16  -9.5771474e-17  -2.1115684e-17  2.9414066e-16  1.0000000   2.1729444e-16  -2.1297966e-16  2.1554871e-16  2.7203141e-16  1.1791901e-15  2.8366286e-17  6.5850586e-16  -9.5771474e-17  -2.1115684e-17  
-2.8121494e-18  2.1729444e-16  1.0000000   3.7335095e-17  2.0134905e-16  -9.5724887e-17  1.9294225e-16  3.3758668e-16  -8.8462850e-17  4.6109297e-17  2.7308088e-16  -2.8121494e-18  2.1729444e-16  1.0000000   3.7335095e-17  2.0134905e-16  -9.5724887e-17  1.9294225e-16  3.3758668e-16  -8.8462850e-17  4.6109297e-17  2.7308088e-16  
3.9497993e-17  -2.1297966e-16  3.7335095e-17  1.0000000   7.9995644e-17  -1.4225410e-16  -2.3250885e-16  -1.4231715e-16  3.1511029e-16  -1.9489005e-16  -1.6422201e-16  3.9497993e-17  -2.1297966e-16  3.7335095e-17  1.0000000   7.9995644e-17  -1.4225410e-16  -2.3250885e-16  -1.4231715e-16  3.1511029e-16  -1.9489005e-16  -1.6422201e-16  
-9.6805701e-17  2.1554871e-16  2.0134905e-16  7.9995644e-17  1.0000000   2.6655703e-17  2.7934511e-16  1.1424558e-15  7.0377850e-18  2.2379405e-16  4.5176185e-17  -9.6805701e-17  2.1554871e-16  2.0134905e-16  7.9995644e-17  1.0000000   2.6655703e-17  2.7934511e-16  1.1424558e-15  7.0377850e-18  2.2379405e-16  4.5176185e-17  
-6.0624604e-16  2.7203141e-16  -9.5724887e-17  -1.4225410e-16  2.6655703e-17  1.0000000   -4.5312536e-16  6.0411025e-17  1.8080045e-16  -7.7552854e-17  -1.8232088e-16  -6.0624604e-16  2.7203141e-16  -9.5724887e-17  -1.4225410e-16  2.6655703e-17  1.0000000   -4.5312536e-16  6.0411025e-17  1.8080045e-16  -7.7552854e-17  -1.8232088e-16  
-1.2714608e-15  1.1791901e-15  1.9294225e-16  -2.3250885e-16  2.7934511e-16  -4.5312536e-16  1.0000000   -2.2319106e-16  2.1209387e-16  4.1913895e-16  -1.2651348e-16  -1.2714608e-15  1.1791901e-15  1.9294225e-16  -2.3250885e-16  2.7934511e-16  -4.5312536e-16  1.0000000   -2.2319106e-16  2.1209387e-16  4.1913895e-16  -1.2651348e-16  
-2.9968957e-16  2.8366286e-17  3.3758668e-16  -1.4231715e-16  1.1424558e-15  6.0411025e-17  -2.2319106e-16  1.0000000   -2.8183685e-17  -3.0648548e-16  1.4815612e-16  -2.9968957e-16  2.8366286e-17  3.3758668e-16  -1.4231715e-16  1.1424558e-15  6.0411025e-17  -2.2319106e-16  1.0000000   -2.8183685e-17  -3.0648548e-16  1.4815612e-16  
-1.8692048e-16  6.5850586e-16  -8.8462850e-17  3.1511029e-16  7.0377850e-18  1.8080045e-16  2.1209387e-16  -2.8183685e-17  1.0000000   -3.9794084e-16  -3.5384007e-16  -1.8692048e-16  6.5850586e-16  -8.8462850e-17  3.1511029e-16  7.0377850e-18  1.8080045e-16  2.1209387e-16  -2.8183685e-17  1.0000000   -3.9794084e-16  -3.5384007e-16  
-4.3891024e-16  -9.5771474e-17  4.6109297e-17  -1.9489005e-16  2.2379405e-16  -7.7552854e-17  4.1913895e-16  -3.0648548e-16  -3.9794084e-16  1.0000000   -1.7016950e-16  -4.3891024e-16  -9.5771474e-17  4.6109297e-17  -1.9489005e-16  2.2379405e-16  -7.7552854e-17  4.1913895e-16  -3.0648548e-16  -3.9794084e-16  1.0000000   -1.7016950e-16  
-1.1275406e-16  -2.1115684e-17  2.7308088e-16  -1.6422201e-16  4.5176185e-17  -1.8232088e-16  -1.2651348e-16  1.4815612e-16  -3.5384007e-16  -1.7016950e-16  1.0000000   -1.1275406e-16  -2.1115684e-17  2.7308088e-16  -1.6422201e-16  4.5176185e-17  -1.8232088e-16  -1.2651348e-16  1.4815612e-16  -3.5384007e-16  -1.7016950e-16  1.0000000   
1.0000000   2.9414066e-16  -2.8121494e-18  3.9497993e-17  -9.6805701e-17  -6.0624604e-16  -1.2714608e-15  -2.9968957e-16  -1.8692048e-16  -4.3891024e-16  -1.1275406e-16  1.0000000   2.9414066e-16  -2.8121494e-18  3.9497993e-17  -9.6805701e-17  -6.0624604e-16  -1.2714608e-15  -2.9968957e-16  -1.8692048e-16  -4.3891024e-16  -1.1275406e-16  
2.9414066e-16  1.0000000   2.1729444e-16  -2.1297966e-16  2.1554871e-16  2.7203141e-16  1.1791901e-15  2.8366286e-17  6.5850586e-16  -9.5771474e-17  -2.1115684e-17  2.9414066e-16  1.0000000   2.1729444e-16  -2.1297966e-16  2.1554871e-16  2.7203141e-16  1.1791901e-15  2.8366286e-17  6.5850586e-16  -9.5771474e-17  -2.1115684e-17  
-2.8121494e-18  2.1729444e-16  1.0000000   3.7335095e-17  2.0134905e-16  -9.5724887e-17  1.9294225e-16  3.3758668e-16  -8.8462850e-17  4.6109297e-17  2.7308088e-16  -2.8121494e-18  2.1729444e-16  1.0000000   3.7335095e-17  2.0134905e-16  -9.5724887e-17  1.9294225e-16  3.3758668e-16  -8.8462850e-17  4.6109297e-17  2.7308088e-16  
3.9497993e-17  -2.1297966e-16  3.7335095e-17  1.0000000   7.9995644e-17  -1.4225410e-16  -2.3250885e-16  -1.4231715e-16  3.1511029e-16  -1.9489005e-16  -1.6422201e-16  3.9497993e-17  -2.1297966e-16  3.7335095e-17  1.0000000   7.9995644e-17  -1.4225410e-16  -2.3250885e-16  -1.4231715e-16  3.1511029e-16  -1.9489005e-16  -1.6422201e-16  
-9.6805701e-17  2.1554871e-16  2.0134905e-16  7.9995644e-17  1.0000000   2.6655703e-17  2.7934511e-16  1.1424558e-15  7.0377850e-18  2.2379405e-16  4.5176185e-17  -9.6805701e-17  2.1554871e-16  2.0134905e-16  7.9995644e-17  1.0000000   2.6655703e-17  2.7934511e-16  1.1424558e-15  7.0377850e-18  2.2379405e-16  4.5176185e-17  
-6.0624604e-16  2.7203141e-16  -9.5724887e-17  -1.4225410e-16  2.6655703e-17  1.0000000   -4.5312536e-16  6.0411025e-17  1.8080045e-16  -7.7552854e-17  -1.8232088e-16  -6.0624604e-16  2.7203141e-16  -9.5724887e-17  -1.4225410e-16  2.6655703e-17  1.0000000   -4.5312536e-16  6.0411025e-17  1.8080045e-16  -7.7552854e-17  -1.8232088e-16  
-1.2714608e-15  1.1791901e-15  1.9294225e-16  -2.3250885e-16  2.7934511e-16  -4.5312536e-16  1.0000000   -2.2319106e-16  2.1209387e-16  4.1913895e-16  -1.2651348e-16  -1.2714608e-15  1.1791901e-15  1.9294225e-16  -2.3250885e-16  2.7934511e-16  -4.5312536e-16  1.0000000   -2.2319106e-16  2.1209387e-16  4.1913895e-16  -1.2651348e-16  
-2.9968957e-16  2.8366286e-17  3.3758668e-16  -1.4231715e-16  1.1424558e-15  6.0411025e-17  -2.2319106e-16  1.0000000   -2.8183685e-17  -3.0648548e-16  1.4815612e-16  -2.9968957e-16  2.8366286e-17  3.3758668e-16  -1.4231715e-16  1.1424558e-15  6.0411025e-17  -2.2319106e-16  1.0000000   -2.8183685e-17  -3.0648548e-16  1.4815612e-16  
-1.8692048e-16  6.5850586e-16  -8.8462850e-17  3.1511029e-16  7.0377850e-18  1.8080045e-16  2.1209387e-16  -2.8183685e-17  1.0000000   -3.9794084e-16  -3.5384007e-16  -1.8692048e-16  6.5850586e-16  -8.8462850e-17  3.1511029e-16  7.0377850e-18  1.8080045e-16  2.1209387e-16  -2.8183685e-17  1.0000000   -3.9794084e-16  -3.5384007e-16  
-4.3891024e-16  -9.5771474e-17  4.6109297e-17  -1.9489005e-16  2.2379405e-16  -7.7552854e-17  4.1913895e-16  -3.0648548e-16  -3.9794084e-16  1.0000000   -1.7016950e-16  -4.3891024e-16  -9.5771474e-17  4.6109297e-17  -1.9489005e-16  2.2379405e-16  -7.7552854e-17  4.1913895e-16  -3.0648548e-16  -3.9794084e-16  1.0000000   -1.7016950e-16  
-1.1275406e-16  -2.1115684e-17  2.7308088e-16  -1.6422201e-16  4.5176185e-17  -1.8232088e-16  -1.2651348e-16  1.4815612e-16  -3.5384007e-16  -1.7016950e-16  1.0000000   -1.1275406e-16  -2.1115684e-17  2.7308088e-16  -1.6422201e-16  4.5176185e-17  -1.8232088e-16  -1.2651348e-16  1.4815612e-16  -3.5384007e-16  -1.7016950e-16  1.0000000   
