1.0000000   -2.6406083e-16  -3.2854714e-16  -2.0880379e-16  1.3903114e-16  5.8382593e-17  5.1399992e-16  -1.2202166e-16  4.5578758e-16  -1.2612829e-16  1.5638939e-16  1.0000000   -2.6406083e-16  -3.2854714e-16  -2.0880379e-16  1.3903114e-16  5.8382593e-17  5.1399992e-16  -1.2202166e-16  4.5578758e-16  -1.2612829e-16  1.5638939e-16  
-2.6406083e-16  1.0000000   -1.0282980e-17  1.2833904e-16  4.3536011e-17  3.9993635e-16  6.4559411e-16  2.0852172e-16  -3.8509209e-16  4.0904597e-16  6.7606358e-17  -2.6406083e-16  1.0000000   -1.0282980e-17  1.2833904e-16  4.3536011e-17  3.9993635e-16  6.4559411e-16  2.0852172e-16  -3.8509209e-16  4.0904597e-16  6.7606358e-17  
-3.2854714e-16  -1.0282980e-17  1.0000000   5.6517596e-16  3.5798408e-16  -3.7961052e-16  -1.2481878e-16  1.2951176e-16  6.5811495e-17  -3.1838698e-17  3.0277955e-16  -3.2854714e-16  -1.0282980e-17  1.0000000   5.6517596e-16  3.5798408e-16  -3.7961052e-16  -1.2481878e-16  1.2951176e-16  6.5811495e-17  -3.1838698e-17  3.0277955e-16  
-2.0880379e-16  1.2833904e-16  5.6517596e-16  1.0000000   2.0166287e-16  3.8981896e-16  5.3658351e-16  -2.2046023e-16  -1.7747034e-16  -1.4191995e-16  -1.6326899e-16  -2.0880379e-16  1.2833904e-16  5.6517596e-16  1.0000000   2.0166287e-16  3.8981896e-16  5.3658351e-16  -2.2046023e-16  -1.7747034e-16  -1.4191995e-16  -1.6326899e-16  
1.3903114e-16  4.3536011e-17  3.5798408e-16  2.0166287e-16  1.0000000   1.2426122e-16  3.6640295e-16  -4.9150434e-16  4.1802834e-16  5.5889359e-16  -1.2968230e-15  1.3903114e-16  4.3536011e-17  3.5798408e-16  2.0166287e-16  1.0000000   1.2426122e-16  3.6640295e-16  -4.9150434e-16  4.1802834e-16  5.5889359e-16  -1.2968230e-15  
5.8382593e-17  3.9993635e-16  -3.7961052e-16  3.8981896e-16  1.2426122e-16  1.0000000   -2.4722944e-16  5.7841762e-18  2.7404269e-17  2.6088837e-16  -4.2549430e-17  5.8382593e-17  3.9993635e-16  -3.7961052e-16  3.8981896e-16  1.2426122e-16  1.0000000   -2.4722944e-16  5.7841762e-18  2.7404269e-17  2.6088837e-16  -4.2549430e-17  
5.1399992e-16  6.4559411e-16  -1.2481878e-16  5.3658351e-16  3.6640295e-16  -2.4722944e-16  1.0000000   -8.3672667e-17  -1.2297627e-16  -1.8012516e-16  -4.7211753e-16  5.1399992e-16  6.4559411e-16  -1.2481878e-16  5.3658351e-16  3.6640295e-16  -2.4722944e-16  1.0000000   -8.3672667e-17  -1.2297627e-16  -1.8012516e-16  -4.7211753e-16  
-1.2202166e-16  2.0852172e-16  1.2951176e-16  -2.2046023e-16  -4.9150434e-16  5.7841762e-18  -8.3672667e-17  1.0000000   1.8044703e-16  4.5499659e-17  -2.4593972e-16  -1.2202166e-16  2.0852172e-16  1.2951176e-16  -2.2046023e-16  -4.9150434e-16  5.7841762e-18  -8.3672667e-17  1.0000000   1.8044703e-16  4.5499659e-17  -2.4593972e-16  
4.5578758e-16  -3.8509209e-16  6.5811495e-17  -1.7747034e-16  4.1802834e-16  2.7404269e-17  -1.2297627e-16  1.8044703e-16  1.0000000   3.3576169e-16  3.0683874e-16  4.5578758e-16  -3.8509209e-16  6.5811495e-17  -1.7747034e-16  4.1802834e-16  2.7404269e-17  -1.2297627e-16  1.8044703e-16  1.0000000   3.3576169e-16  3.0683874e-16  
-1.2612829e-16  4.0904597e-16  -3.1838698e-17  -1.4191995e-16  5.5889359e-16  2.6088837e-16  -1.8012516e-16  4.5499659e-17  3.3576169e-16  1.0000000   1.1856894e-16  -1.2612829e-16  4.0904597e-16  -3.1838698e-17  -1.4191995e-16  5.5889359e-16  2.6088837e-16  -1.8012516e-16  4.5499659e-17  3.3576169e-16  1.0000000   1.1856894e-16  
1.5638939e-16  6.7606358e-17  3.0277955e-16  -1.6326899e-16  -1.2968230e-15  -4.2549430e-17  -4.7211753e-16  -2.4593972e-16  3.0683874e-16  1.1856894e-16  1.0000000   1.5638939e-16  6.7606358e-17  3.0277955e-16  -1.6326899e-16  -1.2968230e-15  -4.2549430e-17  -4.7211753e-16  -2.4593972e-16  3.0683874e-16  1.1856894e-16  1.0000000   
1.0000000   -2.6406083e-16  -3.2854714e-16  -2.0880379e-16  1.3903114e-16  5.8382593e-17  5.1399992e-16  -1.2202166e-16  4.5578758e-16  -1.2612829e-16  1.5638939e-16  1.0000000   -2.6406083e-16  -3.2854714e-16  -2.0880379e-16  1.3903114e-16  5.8382593e-17  5.1399992e-16  -1.2202166e-16  4.5578758e-16  -1.2612829e-16  1.5638939e-16  
-2.6406083e-16  1.0000000   -1.0282980e-17  1.2833904e-16  4.3536011e-17  3.9993635e-16  6.4559411e-16  2.0852172e-16  -3.8509209e-16  4.0904597e-16  6.7606358e-17  -2.6406083e-16  1.0000000   -1.0282980e-17  1.2833904e-16  4.3536011e-17  3.9993635e-16  6.4559411e-16  2.0852172e-16  -3.8509209e-16  4.0904597e-16  6.7606358e-17  
-3.2854714e-16  -1.0282980e-17  1.0000000   5.6517596e-16  3.5798408e-16  -3.7961052e-16  -1.2481878e-16  1.2951176e-16  6.5811495e-17  -3.1838698e-17  3.0277955e-16  -3.2854714e-16  -1.0282980e-17  1.0000000   5.6517596e-16  3.5798408e-16  -3.7961052e-16  -1.2481878e-16  1.2951176e-16  6.5811495e-17  -3.1838698e-17  3.0277955e-16  
-2.0880379e-16  1.2833904e-16  5.6517596e-16  1.0000000   2.0166287e-16  3.8981896e-16  5.3658351e-16  -2.2046023e-16  -1.7747034e-16  -1.4191995e-16  -1.6326899e-16  -2.0880379e-16  1.2833904e-16  5.6517596e-16  1.0000000   2.0166287e-16  3.8981896e-16  5.3658351e-16  -2.2046023e-16  -1.7747034e-16  -1.4191995e-16  -1.6326899e-16  
1.3903114e-16  4.3536011e-17  3.5798408e-16  2.0166287e-16  1.0000000   1.2426122e-16  3.6640295e-16  -4.9150434e-16  4.1802834e-16  5.5889359e-16  -1.2968230e-15  1.3903114e-16  4.3536011e-17  3.5798408e-16  2.0166287e-16  1.0000000   1.2426122e-16  3.6640295e-16  -4.9150434e-16  4.1802834e-16  5.5889359e-16  -1.2968230e-15  
5.8382593e-17  3.9993635e-16  -3.7961052e-16  3.8981896e-16  1.2426122e-16  1.0000000   -2.4722944e-16  5.7841762e-18  2.7404269e-17  2.6088837e-16  -4.2549430e-17  5.8382593e-17  3.9993635e-16  -3.7961052e-16  3.8981896e-16  1.2426122e-16  1.0000000   -2.4722944e-16  5.7841762e-18  2.7404269e-17  2.6088837e-16  -4.2549430e-17  
5.1399992e-16  6.4559411e-16  -1.2481878e-16  5.3658351e-16  3.6640295e-16  -2.4722944e-16  1.0000000   -8.3672667e-17  -1.2297627e-16  -1.8012516e-16  -4.7211753e-16  5.1399992e-16  6.4559411e-16  -1.2481878e-16  5.3658351e-16  3.6640295e-16  -2.4722944e-16  1.0000000   -8.3672667e-17  -1.2297627e-16  -1.8012516e-16  -4.7211753e-16  
-1.2202166e-16  2.0852172e-16  1.2951176e-16  -2.2046023e-16  -4.9150434e-16  5.7841762e-18  -8.3672667e-17  1.0000000   1.8044703e-16  4.5499659e-17  -2.4593972e-16  -1.2202166e-16  2.0852172e-16  1.2951176e-16  -2.2046023e-16  -4.9150434e-16  5.7841762e-18  -8.3672667e-17  1.0000000   1.8044703e-16  4.5499659e-17  -2.4593972e-16  
4.5578758e-16  -3.8509209e-16  6.5811495e-17  -1.7747034e-16  4.1802834e-16  2.7404269e-17  -1.2297627e-16  1.8044703e-16  1.0000000   3.3576169e-16  3.0683874e-16  4.5578758e-16  -3.8509209e-16  6.5811495e-17  -1.7747034e-16  4.1802834e-16  2.7404269e-17  -1.2297627e-16  1.8044703e-16  1.0000000   3.3576169e-16  3.0683874e-16  
-1.2612829e-16  4.0904597e-16  -3.1838698e-17  -1.4191995e-16  5.5889359e-16  2.6088837e-16  -1.8012516e-16  4.5499659e-17  3.3576169e-16  1.0000000   1.1856894e-16  -1.2612829e-16  4.0904597e-16  -3.1838698e-17  -1.4191995e-16  5.5889359e-16  2.6088837e-16  -1.8012516e-16  4.5499659e-17  3.3576169e-16  1.0000000   1.1856894e-16  
1.5638939e-16  6.7606358e-17  3.0277955e-16  -1.6326899e-16  -1.2968230e-15  -4.2549430e-17  -4.7211753e-16  -2.4593972e-16  3.0683874e-16  1.1856894e-16  1.0000000   1.5638939e-16  6.7606358e-17  3.0277955e-16  -1.6326899e-16  -1.2968230e-15  -4.2549430e-17  -4.7211753e-16  -2.4593972e-16  3.0683874e-16  1.1856894e-16  1.0000000   
