1.0000000   -2.5536010e-16  -2.1473979e-17  -5.2020359e-16  -2.4858723e-17  3.4574784e-16  -1.0244863e-16  1.1206754e-16  2.2145825e-16  -2.1871757e-16  1.0315803e-16  1.0000000   -2.5536010e-16  -2.1473979e-17  -5.2020359e-16  -2.4858723e-17  3.4574784e-16  -1.0244863e-16  1.1206754e-16  2.2145825e-16  -2.1871757e-16  1.0315803e-16  
-2.5536010e-16  1.0000000   -1.8565607e-16  -1.3200733e-16  3.5021932e-16  -7.1372860e-16  -8.2889967e-16  -2.5067601e-16  3.4785017e-16  -1.3978352e-16  3.9376868e-17  -2.5536010e-16  1.0000000   -1.8565607e-16  -1.3200733e-16  3.5021932e-16  -7.1372860e-16  -8.2889967e-16  -2.5067601e-16  3.4785017e-16  -1.3978352e-16  3.9376868e-17  
-2.1473979e-17  -1.8565607e-16  1.0000000   1.7444855e-17  3.9233041e-16  -1.5775142e-17  6.2336543e-17  -7.6813522e-16  2.8629205e-16  5.4336782e-16  6.1213038e-16  -2.1473979e-17  -1.8565607e-16  1.0000000   1.7444855e-17  3.9233041e-16  -1.5775142e-17  6.2336543e-17  -7.6813522e-16  2.8629205e-16  5.4336782e-16  6.1213038e-16  
-5.2020359e-16  -1.3200733e-16  1.7444855e-17  1.0000000   -2.0954097e-16  8.3536295e-17  5.5792684e-17  2.0888923e-16  -3.6430246e-16  4.0114897e-16  3.3918587e-17  -5.2020359e-16  -1.3200733e-16  1.7444855e-17  1.0000000   -2.0954097e-16  8.3536295e-17  5.5792684e-17  2.0888923e-16  -3.6430246e-16  4.0114897e-16  3.3918587e-17  
-2.4858723e-17  3.5021932e-16  3.9233041e-16  -2.0954097e-16  1.0000000   8.1282764e-17  -8.0855266e-16  -2.6638339e-17  -1.0124680e-16  -3.8881142e-17  -3.4674712e-16  -2.4858723e-17  3.5021932e-16  3.9233041e-16  -2.0954097e-16  1.0000000   8.1282764e-17  -8.0855266e-16  -2.6638339e-17  -1.0124680e-16  -3.8881142e-17  -3.4674712e-16  
3.4574784e-16  -7.1372860e-16  -1.5775142e-17  8.3536295e-17  8.1282764e-17  1.0000000   9.9376446e-17  -2.1280432e-17  -1.6265214e-16  -2.5474897e-16  2.0571042e-17  3.4574784e-16  -7.1372860e-16  -1.5775142e-17  8.3536295e-17  8.1282764e-17  1.0000000   9.9376446e-17  -2.1280432e-17  -1.6265214e-16  -2.5474897e-16  2.0571042e-17  
-1.0244863e-16  -8.2889967e-16  6.2336543e-17  5.5792684e-17  -8.0855266e-16  9.9376446e-17  1.0000000   4.3894645e-16  -8.2622558e-17  8.4300689e-17  -5.2214795e-16  -1.0244863e-16  -8.2889967e-16  6.2336543e-17  5.5792684e-17  -8.0855266e-16  9.9376446e-17  1.0000000   4.3894645e-16  -8.2622558e-17  8.4300689e-17  -5.2214795e-16  
1.1206754e-16  -2.5067601e-16  -7.6813522e-16  2.0888923e-16  -2.6638339e-17  -2.1280432e-17  4.3894645e-16  1.0000000   -2.9777729e-16  -2.7765258e-16  8.3390436e-16  1.1206754e-16  -2.5067601e-16  -7.6813522e-16  2.0888923e-16  -2.6638339e-17  -2.1280432e-17  4.3894645e-16  1.0000000   -2.9777729e-16  -2.7765258e-16  8.3390436e-16  
2.2145825e-16  3.4785017e-16  2.8629205e-16  -3.6430246e-16  -1.0124680e-16  -1.6265214e-16  -8.2622558e-17  -2.9777729e-16  1.0000000   -2.2321605e-16  6.1131427e-17  2.2145825e-16  3.4785017e-16  2.8629205e-16  -3.6430246e-16  -1.0124680e-16  -1.6265214e-16  -8.2622558e-17  -2.9777729e-16  1.0000000   -2.2321605e-16  6.1131427e-17  
-2.1871757e-16  -1.3978352e-16  5.4336782e-16  4.0114897e-16  -3.8881142e-17  -2.5474897e-16  8.4300689e-17  -2.7765258e-16  -2.2321605e-16  1.0000000   -1.5936131e-17  -2.1871757e-16  -1.3978352e-16  5.4336782e-16  4.0114897e-16  -3.8881142e-17  -2.5474897e-16  8.4300689e-17  -2.7765258e-16  -2.2321605e-16  1.0000000   -1.5936131e-17  
1.0315803e-16  3.9376868e-17  6.1213038e-16  3.3918587e-17  -3.4674712e-16  2.0571042e-17  -5.2214795e-16  8.3390436e-16  6.1131427e-17  -1.5936131e-17  1.0000000   1.0315803e-16  3.9376868e-17  6.1213038e-16  3.3918587e-17  -3.4674712e-16  2.0571042e-17  -5.2214795e-16  8.3390436e-16  6.1131427e-17  -1.5936131e-17  1.0000000   
1.0000000   -2.5536010e-16  -2.1473979e-17  -5.2020359e-16  -2.4858723e-17  3.4574784e-16  -1.0244863e-16  1.1206754e-16  2.2145825e-16  -2.1871757e-16  1.0315803e-16  1.0000000   -2.5536010e-16  -2.1473979e-17  -5.2020359e-16  -2.4858723e-17  3.4574784e-16  -1.0244863e-16  1.1206754e-16  2.2145825e-16  -2.1871757e-16  1.0315803e-16  
-2.5536010e-16  1.0000000   -1.8565607e-16  -1.3200733e-16  3.5021932e-16  -7.1372860e-16  -8.2889967e-16  -2.5067601e-16  3.4785017e-16  -1.3978352e-16  3.9376868e-17  -2.5536010e-16  1.0000000   -1.8565607e-16  -1.3200733e-16  3.5021932e-16  -7.1372860e-16  -8.2889967e-16  -2.5067601e-16  3.4785017e-16  -1.3978352e-16  3.9376868e-17  
-2.1473979e-17  -1.8565607e-16  1.0000000   1.7444855e-17  3.9233041e-16  -1.5775142e-17  6.2336543e-17  -7.6813522e-16  2.8629205e-16  5.4336782e-16  6.1213038e-16  -2.1473979e-17  -1.8565607e-16  1.0000000   1.7444855e-17  3.9233041e-16  -1.5775142e-17  6.2336543e-17  -7.6813522e-16  2.8629205e-16  5.4336782e-16  6.1213038e-16  
-5.2020359e-16  -1.3200733e-16  1.7444855e-17  1.0000000   -2.0954097e-16  8.3536295e-17  5.5792684e-17  2.0888923e-16  -3.6430246e-16  4.0114897e-16  3.3918587e-17  -5.2020359e-16  -1.3200733e-16  1.7444855e-17  1.0000000   -2.0954097e-16  8.3536295e-17  5.5792684e-17  2.0888923e-16  -3.6430246e-16  4.0114897e-16  3.3918587e-17  
-2.4858723e-17  3.5021932e-16  3.9233041e-16  -2.0954097e-16  1.0000000   8.1282764e-17  -8.0855266e-16  -2.6638339e-17  -1.0124680e-16  -3.8881142e-17  -3.4674712e-16  -2.4858723e-17  3.5021932e-16  3.9233041e-16  -2.0954097e-16  1.0000000   8.1282764e-17  -8.0855266e-16  -2.6638339e-17  -1.0124680e-16  -3.8881142e-17  -3.4674712e-16  
3.4574784e-16  -7.1372860e-16  -1.5775142e-17  8.3536295e-17  8.1282764e-17  1.0000000   9.9376446e-17  -2.1280432e-17  -1.6265214e-16  -2.5474897e-16  2.0571042e-17  3.4574784e-16  -7.1372860e-16  -1.5775142e-17  8.3536295e-17  8.1282764e-17  1.0000000   9.9376446e-17  -2.1280432e-17  -1.6265214e-16  -2.5474897e-16  2.0571042e-17  
-1.0244863e-16  -8.2889967e-16  6.2336543e-17  5.5792684e-17  -8.0855266e-16  9.9376446e-17  1.0000000   4.3894645e-16  -8.2622558e-17  8.4300689e-17  -5.2214795e-16  -1.0244863e-16  -8.2889967e-16  6.2336543e-17  5.5792684e-17  -8.0855266e-16  9.9376446e-17  1.0000000   4.3894645e-16  -8.2622558e-17  8.4300689e-17  -5.2214795e-16  
1.1206754e-16  -2.5067601e-16  -7.6813522e-16  2.0888923e-16  -2.6638339e-17  -2.1280432e-17  4.3894645e-16  1.0000000   -2.9777729e-16  -2.7765258e-16  8.3390436e-16  1.1206754e-16  -2.5067601e-16  -7.6813522e-16  2.0888923e-16  -2.6638339e-17  -2.1280432e-17  4.3894645e-16  1.0000000   -2.9777729e-16  -2.7765258e-16  8.3390436e-16  
2.2145825e-16  3.4785017e-16  2.8629205e-16  -3.6430246e-16  -1.0124680e-16  -1.6265214e-16  -8.2622558e-17  -2.9777729e-16  1.0000000   -2.2321605e-16  6.1131427e-17  2.2145825e-16  3.4785017e-16  2.8629205e-16  -3.6430246e-16  -1.0124680e-16  -1.6265214e-16  -8.2622558e-17  -2.9777729e-16  1.0000000   -2.2321605e-16  6.1131427e-17  
-2.1871757e-16  -1.3978352e-16  5.4336782e-16  4.0114897e-16  -3.8881142e-17  -2.5474897e-16  8.4300689e-17  -2.7765258e-16  -2.2321605e-16  1.0000000   -1.5936131e-17  -2.1871757e-16  -1.3978352e-16  5.4336782e-16  4.0114897e-16  -3.8881142e-17  -2.5474897e-16  8.4300689e-17  -2.7765258e-16  -2.2321605e-16  1.0000000   -1.5936131e-17  
1.0315803e-16  3.9376868e-17  6.1213038e-16  3.3918587e-17  -3.4674712e-16  2.0571042e-17  -5.2214795e-16  8.3390436e-16  6.1131427e-17  -1.5936131e-17  1.0000000   1.0315803e-16  3.9376868e-17  6.1213038e-16  3.3918587e-17  -3.4674712e-16  2.0571042e-17  -5.2214795e-16  8.3390436e-16  6.1131427e-17  -1.5936131e-17  1.0000000   
