1.0000000   -9.5429485e-17  -3.2292284e-17  3.0886209e-17  1.7174228e-17  -1.0006339e-16  -7.8398998e-16  -4.5789076e-16  7.0279594e-16  8.7556165e-16  -1.5319099e-16  1.0000000   -9.5429485e-17  -3.2292284e-17  3.0886209e-17  1.7174228e-17  -1.0006339e-16  -7.8398998e-16  -4.5789076e-16  7.0279594e-16  8.7556165e-16  -1.5319099e-16  
-9.5429485e-17  1.0000000   -1.6068538e-16  -5.4661365e-16  -1.4910855e-16  -4.0682844e-16  8.9380399e-17  6.3150197e-17  -9.6832012e-18  -1.3778332e-16  -2.0785122e-16  -9.5429485e-17  1.0000000   -1.6068538e-16  -5.4661365e-16  -1.4910855e-16  -4.0682844e-16  8.9380399e-17  6.3150197e-17  -9.6832012e-18  -1.3778332e-16  -2.0785122e-16  
-3.2292284e-17  -1.6068538e-16  1.0000000   -2.3683211e-16  -3.1655760e-16  1.5855949e-16  -3.2224521e-16  2.6912481e-16  -5.4291466e-16  1.5500438e-16  -1.2919370e-16  -3.2292284e-17  -1.6068538e-16  1.0000000   -2.3683211e-16  -3.1655760e-16  1.5855949e-16  -3.2224521e-16  2.6912481e-16  -5.4291466e-16  1.5500438e-16  -1.2919370e-16  
3.0886209e-17  -5.4661365e-16  -2.3683211e-16  1.0000000   -3.3578821e-16  6.4141993e-16  4.1891539e-16  -4.9717531e-16  -1.3474122e-15  5.2544524e-17  5.6143715e-16  3.0886209e-17  -5.4661365e-16  -2.3683211e-16  1.0000000   -3.3578821e-16  6.4141993e-16  4.1891539e-16  -4.9717531e-16  -1.3474122e-15  5.2544524e-17  5.6143715e-16  
1.7174228e-17  -1.4910855e-16  -3.1655760e-16  -3.3578821e-16  1.0000000   3.4776515e-16  5.0570832e-17  -2.7410436e-16  -1.0909983e-16  2.4232153e-17  3.7586780e-16  1.7174228e-17  -1.4910855e-16  -3.1655760e-16  -3.3578821e-16  1.0000000   3.4776515e-16  5.0570832e-17  -2.7410436e-16  -1.0909983e-16  2.4232153e-17  3.7586780e-16  
-1.0006339e-16  -4.0682844e-16  1.5855949e-16  6.4141993e-16  3.4776515e-16  1.0000000   -5.9678723e-16  5.3089696e-17  1.4124126e-16  8.1373502e-17  -1.7459467e-17  -1.0006339e-16  -4.0682844e-16  1.5855949e-16  6.4141993e-16  3.4776515e-16  1.0000000   -5.9678723e-16  5.3089696e-17  1.4124126e-16  8.1373502e-17  -1.7459467e-17  
-7.8398998e-16  8.9380399e-17  -3.2224521e-16  4.1891539e-16  5.0570832e-17  -5.9678723e-16  1.0000000   2.1851332e-16  3.0068145e-16  1.5442549e-16  3.9830284e-16  -7.8398998e-16  8.9380399e-17  -3.2224521e-16  4.1891539e-16  5.0570832e-17  -5.9678723e-16  1.0000000   2.1851332e-16  3.0068145e-16  1.5442549e-16  3.9830284e-16  
-4.5789076e-16  6.3150197e-17  2.6912481e-16  -4.9717531e-16  -2.7410436e-16  5.3089696e-17  2.1851332e-16  1.0000000   5.5750862e-17  -3.7480434e-16  -5.1112022e-16  -4.5789076e-16  6.3150197e-17  2.6912481e-16  -4.9717531e-16  -2.7410436e-16  5.3089696e-17  2.1851332e-16  1.0000000   5.5750862e-17  -3.7480434e-16  -5.1112022e-16  
7.0279594e-16  -9.6832012e-18  -5.4291466e-16  -1.3474122e-15  -1.0909983e-16  1.4124126e-16  3.0068145e-16  5.5750862e-17  1.0000000   -4.8289184e-16  -1.5924558e-16  7.0279594e-16  -9.6832012e-18  -5.4291466e-16  -1.3474122e-15  -1.0909983e-16  1.4124126e-16  3.0068145e-16  5.5750862e-17  1.0000000   -4.8289184e-16  -1.5924558e-16  
8.7556165e-16  -1.3778332e-16  1.5500438e-16  5.2544524e-17  2.4232153e-17  8.1373502e-17  1.5442549e-16  -3.7480434e-16  -4.8289184e-16  1.0000000   -1.5017367e-16  8.7556165e-16  -1.3778332e-16  1.5500438e-16  5.2544524e-17  2.4232153e-17  8.1373502e-17  1.5442549e-16  -3.7480434e-16  -4.8289184e-16  1.0000000   -1.5017367e-16  
-1.5319099e-16  -2.0785122e-16  -1.2919370e-16  5.6143715e-16  3.7586780e-16  -1.7459467e-17  3.9830284e-16  -5.1112022e-16  -1.5924558e-16  -1.5017367e-16  1.0000000   -1.5319099e-16  -2.0785122e-16  -1.2919370e-16  5.6143715e-16  3.7586780e-16  -1.7459467e-17  3.9830284e-16  -5.1112022e-16  -1.5924558e-16  -1.5017367e-16  1.0000000   
1.0000000   -9.5429485e-17  -3.2292284e-17  3.0886209e-17  1.7174228e-17  -1.0006339e-16  -7.8398998e-16  -4.5789076e-16  7.0279594e-16  8.7556165e-16  -1.5319099e-16  1.0000000   -9.5429485e-17  -3.2292284e-17  3.0886209e-17  1.7174228e-17  -1.0006339e-16  -7.8398998e-16  -4.5789076e-16  7.0279594e-16  8.7556165e-16  -1.5319099e-16  
-9.5429485e-17  1.0000000   -1.6068538e-16  -5.4661365e-16  -1.4910855e-16  -4.0682844e-16  8.9380399e-17  6.3150197e-17  -9.6832012e-18  -1.3778332e-16  -2.0785122e-16  -9.5429485e-17  1.0000000   -1.6068538e-16  -5.4661365e-16  -1.4910855e-16  -4.0682844e-16  8.9380399e-17  6.3150197e-17  -9.6832012e-18  -1.3778332e-16  -2.0785122e-16  
-3.2292284e-17  -1.6068538e-16  1.0000000   -2.3683211e-16  -3.1655760e-16  1.5855949e-16  -3.2224521e-16  2.6912481e-16  -5.4291466e-16  1.5500438e-16  -1.2919370e-16  -3.2292284e-17  -1.6068538e-16  1.0000000   -2.3683211e-16  -3.1655760e-16  1.5855949e-16  -3.2224521e-16  2.6912481e-16  -5.4291466e-16  1.5500438e-16  -1.2919370e-16  
3.0886209e-17  -5.4661365e-16  -2.3683211e-16  1.0000000   -3.3578821e-16  6.4141993e-16  4.1891539e-16  -4.9717531e-16  -1.3474122e-15  5.2544524e-17  5.6143715e-16  3.0886209e-17  -5.4661365e-16  -2.3683211e-16  1.0000000   -3.3578821e-16  6.4141993e-16  4.1891539e-16  -4.9717531e-16  -1.3474122e-15  5.2544524e-17  5.6143715e-16  
1.7174228e-17  -1.4910855e-16  -3.1655760e-16  -3.3578821e-16  1.0000000   3.4776515e-16  5.0570832e-17  -2.7410436e-16  -1.0909983e-16  2.4232153e-17  3.7586780e-16  1.7174228e-17  -1.4910855e-16  -3.1655760e-16  -3.3578821e-16  1.0000000   3.4776515e-16  5.0570832e-17  -2.7410436e-16  -1.0909983e-16  2.4232153e-17  3.7586780e-16  
-1.0006339e-16  -4.0682844e-16  1.5855949e-16  6.4141993e-16  3.4776515e-16  1.0000000   -5.9678723e-16  5.3089696e-17  1.4124126e-16  8.1373502e-17  -1.7459467e-17  -1.0006339e-16  -4.0682844e-16  1.5855949e-16  6.4141993e-16  3.4776515e-16  1.0000000   -5.9678723e-16  5.3089696e-17  1.4124126e-16  8.1373502e-17  -1.7459467e-17  
-7.8398998e-16  8.9380399e-17  -3.2224521e-16  4.1891539e-16  5.0570832e-17  -5.9678723e-16  1.0000000   2.1851332e-16  3.0068145e-16  1.5442549e-16  3.9830284e-16  -7.8398998e-16  8.9380399e-17  -3.2224521e-16  4.1891539e-16  5.0570832e-17  -5.9678723e-16  1.0000000   2.1851332e-16  3.0068145e-16  1.5442549e-16  3.9830284e-16  
-4.5789076e-16  6.3150197e-17  2.6912481e-16  -4.9717531e-16  -2.7410436e-16  5.3089696e-17  2.1851332e-16  1.0000000   5.5750862e-17  -3.7480434e-16  -5.1112022e-16  -4.5789076e-16  6.3150197e-17  2.6912481e-16  -4.9717531e-16  -2.7410436e-16  5.3089696e-17  2.1851332e-16  1.0000000   5.5750862e-17  -3.7480434e-16  -5.1112022e-16  
7.0279594e-16  -9.6832012e-18  -5.4291466e-16  -1.3474122e-15  -1.0909983e-16  1.4124126e-16  3.0068145e-16  5.5750862e-17  1.0000000   -4.8289184e-16  -1.5924558e-16  7.0279594e-16  -9.6832012e-18  -5.4291466e-16  -1.3474122e-15  -1.0909983e-16  1.4124126e-16  3.0068145e-16  5.5750862e-17  1.0000000   -4.8289184e-16  -1.5924558e-16  
8.7556165e-16  -1.3778332e-16  1.5500438e-16  5.2544524e-17  2.4232153e-17  8.1373502e-17  1.5442549e-16  -3.7480434e-16  -4.8289184e-16  1.0000000   -1.5017367e-16  8.7556165e-16  -1.3778332e-16  1.5500438e-16  5.2544524e-17  2.4232153e-17  8.1373502e-17  1.5442549e-16  -3.7480434e-16  -4.8289184e-16  1.0000000   -1.5017367e-16  
-1.5319099e-16  -2.0785122e-16  -1.2919370e-16  5.6143715e-16  3.7586780e-16  -1.7459467e-17  3.9830284e-16  -5.1112022e-16  -1.5924558e-16  -1.5017367e-16  1.0000000   -1.5319099e-16  -2.0785122e-16  -1.2919370e-16  5.6143715e-16  3.7586780e-16  -1.7459467e-17  3.9830284e-16  -5.1112022e-16  -1.5924558e-16  -1.5017367e-16  1.0000000   
