1.0000000   -1.0663467e-16  -1.2387349e-16  -2.0438058e-16  2.7960431e-16  2.6355515e-16  6.6686480e-16  2.8855871e-17  2.9283941e-16  8.3716501e-18  6.6348091e-18  1.0000000   -1.0663467e-16  -1.2387349e-16  -2.0438058e-16  2.7960431e-16  2.6355515e-16  6.6686480e-16  2.8855871e-17  2.9283941e-16  8.3716501e-18  6.6348091e-18  
-1.0663467e-16  1.0000000   3.0241448e-16  -1.8339026e-16  -2.4064164e-16  3.7063621e-16  -3.4610783e-16  1.4221344e-16  5.6390340e-16  5.2699891e-16  2.1355903e-16  -1.0663467e-16  1.0000000   3.0241448e-16  -1.8339026e-16  -2.4064164e-16  3.7063621e-16  -3.4610783e-16  1.4221344e-16  5.6390340e-16  5.2699891e-16  2.1355903e-16  
-1.2387349e-16  3.0241448e-16  1.0000000   2.3096979e-16  5.6705934e-16  3.2864370e-16  6.9861583e-17  6.7433563e-16  3.2276159e-16  2.7933325e-16  -1.4461563e-16  -1.2387349e-16  3.0241448e-16  1.0000000   2.3096979e-16  5.6705934e-16  3.2864370e-16  6.9861583e-17  6.7433563e-16  3.2276159e-16  2.7933325e-16  -1.4461563e-16  
-2.0438058e-16  -1.8339026e-16  2.3096979e-16  1.0000000   -7.3344636e-17  5.1620729e-17  -1.0393295e-16  3.4381120e-17  -5.8752662e-16  4.7519626e-16  -1.0659052e-16  -2.0438058e-16  -1.8339026e-16  2.3096979e-16  1.0000000   -7.3344636e-17  5.1620729e-17  -1.0393295e-16  3.4381120e-17  -5.8752662e-16  4.7519626e-16  -1.0659052e-16  
2.7960431e-16  -2.4064164e-16  5.6705934e-16  -7.3344636e-17  1.0000000   -2.1958630e-16  -4.7169783e-17  -7.3062203e-16  1.1330209e-16  3.0103159e-16  -2.6423299e-17  2.7960431e-16  -2.4064164e-16  5.6705934e-16  -7.3344636e-17  1.0000000   -2.1958630e-16  -4.7169783e-17  -7.3062203e-16  1.1330209e-16  3.0103159e-16  -2.6423299e-17  
2.6355515e-16  3.7063621e-16  3.2864370e-16  5.1620729e-17  -2.1958630e-16  1.0000000   1.7990641e-16  3.7329885e-16  2.3920766e-17  1.3337423e-16  1.1745764e-16  2.6355515e-16  3.7063621e-16  3.2864370e-16  5.1620729e-17  -2.1958630e-16  1.0000000   1.7990641e-16  3.7329885e-16  2.3920766e-17  1.3337423e-16  1.1745764e-16  
6.6686480e-16  -3.4610783e-16  6.9861583e-17  -1.0393295e-16  -4.7169783e-17  1.7990641e-16  1.0000000   2.0489791e-16  9.9955182e-18  6.3404132e-16  2.0453940e-16  6.6686480e-16  -3.4610783e-16  6.9861583e-17  -1.0393295e-16  -4.7169783e-17  1.7990641e-16  1.0000000   2.0489791e-16  9.9955182e-18  6.3404132e-16  2.0453940e-16  
2.8855871e-17  1.4221344e-16  6.7433563e-16  3.4381120e-17  -7.3062203e-16  3.7329885e-16  2.0489791e-16  1.0000000   -5.5478194e-16  1.0361894e-16  -3.1302113e-16  2.8855871e-17  1.4221344e-16  6.7433563e-16  3.4381120e-17  -7.3062203e-16  3.7329885e-16  2.0489791e-16  1.0000000   -5.5478194e-16  1.0361894e-16  -3.1302113e-16  
2.9283941e-16  5.6390340e-16  3.2276159e-16  -5.8752662e-16  1.1330209e-16  2.3920766e-17  9.9955182e-18  -5.5478194e-16  1.0000000   -3.6786334e-16  -1.3176842e-16  2.9283941e-16  5.6390340e-16  3.2276159e-16  -5.8752662e-16  1.1330209e-16  2.3920766e-17  9.9955182e-18  -5.5478194e-16  1.0000000   -3.6786334e-16  -1.3176842e-16  
8.3716501e-18  5.2699891e-16  2.7933325e-16  4.7519626e-16  3.0103159e-16  1.3337423e-16  6.3404132e-16  1.0361894e-16  -3.6786334e-16  1.0000000   1.0582348e-16  8.3716501e-18  5.2699891e-16  2.7933325e-16  4.7519626e-16  3.0103159e-16  1.3337423e-16  6.3404132e-16  1.0361894e-16  -3.6786334e-16  1.0000000   1.0582348e-16  
6.6348091e-18  2.1355903e-16  -1.4461563e-16  -1.0659052e-16  -2.6423299e-17  1.1745764e-16  2.0453940e-16  -3.1302113e-16  -1.3176842e-16  1.0582348e-16  1.0000000   6.6348091e-18  2.1355903e-16  -1.4461563e-16  -1.0659052e-16  -2.6423299e-17  1.1745764e-16  2.0453940e-16  -3.1302113e-16  -1.3176842e-16  1.0582348e-16  1.0000000   
1.0000000   -1.0663467e-16  -1.2387349e-16  -2.0438058e-16  2.7960431e-16  2.6355515e-16  6.6686480e-16  2.8855871e-17  2.9283941e-16  8.3716501e-18  6.6348091e-18  1.0000000   -1.0663467e-16  -1.2387349e-16  -2.0438058e-16  2.7960431e-16  2.6355515e-16  6.6686480e-16  2.8855871e-17  2.9283941e-16  8.3716501e-18  6.6348091e-18  
-1.0663467e-16  1.0000000   3.0241448e-16  -1.8339026e-16  -2.4064164e-16  3.7063621e-16  -3.4610783e-16  1.4221344e-16  5.6390340e-16  5.2699891e-16  2.1355903e-16  -1.0663467e-16  1.0000000   3.0241448e-16  -1.8339026e-16  -2.4064164e-16  3.7063621e-16  -3.4610783e-16  1.4221344e-16  5.6390340e-16  5.2699891e-16  2.1355903e-16  
-1.2387349e-16  3.0241448e-16  1.0000000   2.3096979e-16  5.6705934e-16  3.2864370e-16  6.9861583e-17  6.7433563e-16  3.2276159e-16  2.7933325e-16  -1.4461563e-16  -1.2387349e-16  3.0241448e-16  1.0000000   2.3096979e-16  5.6705934e-16  3.2864370e-16  6.9861583e-17  6.7433563e-16  3.2276159e-16  2.7933325e-16  -1.4461563e-16  
-2.0438058e-16  -1.8339026e-16  2.3096979e-16  1.0000000   -7.3344636e-17  5.1620729e-17  -1.0393295e-16  3.4381120e-17  -5.8752662e-16  4.7519626e-16  -1.0659052e-16  -2.0438058e-16  -1.8339026e-16  2.3096979e-16  1.0000000   -7.3344636e-17  5.1620729e-17  -1.0393295e-16  3.4381120e-17  -5.8752662e-16  4.7519626e-16  -1.0659052e-16  
2.7960431e-16  -2.4064164e-16  5.6705934e-16  -7.3344636e-17  1.0000000   -2.1958630e-16  -4.7169783e-17  -7.3062203e-16  1.1330209e-16  3.0103159e-16  -2.6423299e-17  2.7960431e-16  -2.4064164e-16  5.6705934e-16  -7.3344636e-17  1.0000000   -2.1958630e-16  -4.7169783e-17  -7.3062203e-16  1.1330209e-16  3.0103159e-16  -2.6423299e-17  
2.6355515e-16  3.7063621e-16  3.2864370e-16  5.1620729e-17  -2.1958630e-16  1.0000000   1.7990641e-16  3.7329885e-16  2.3920766e-17  1.3337423e-16  1.1745764e-16  2.6355515e-16  3.7063621e-16  3.2864370e-16  5.1620729e-17  -2.1958630e-16  1.0000000   1.7990641e-16  3.7329885e-16  2.3920766e-17  1.3337423e-16  1.1745764e-16  
6.6686480e-16  -3.4610783e-16  6.9861583e-17  -1.0393295e-16  -4.7169783e-17  1.7990641e-16  1.0000000   2.0489791e-16  9.9955182e-18  6.3404132e-16  2.0453940e-16  6.6686480e-16  -3.4610783e-16  6.9861583e-17  -1.0393295e-16  -4.7169783e-17  1.7990641e-16  1.0000000   2.0489791e-16  9.9955182e-18  6.3404132e-16  2.0453940e-16  
2.8855871e-17  1.4221344e-16  6.7433563e-16  3.4381120e-17  -7.3062203e-16  3.7329885e-16  2.0489791e-16  1.0000000   -5.5478194e-16  1.0361894e-16  -3.1302113e-16  2.8855871e-17  1.4221344e-16  6.7433563e-16  3.4381120e-17  -7.3062203e-16  3.7329885e-16  2.0489791e-16  1.0000000   -5.5478194e-16  1.0361894e-16  -3.1302113e-16  
2.9283941e-16  5.6390340e-16  3.2276159e-16  -5.8752662e-16  1.1330209e-16  2.3920766e-17  9.9955182e-18  -5.5478194e-16  1.0000000   -3.6786334e-16  -1.3176842e-16  2.9283941e-16  5.6390340e-16  3.2276159e-16  -5.8752662e-16  1.1330209e-16  2.3920766e-17  9.9955182e-18  -5.5478194e-16  1.0000000   -3.6786334e-16  -1.3176842e-16  
8.3716501e-18  5.2699891e-16  2.7933325e-16  4.7519626e-16  3.0103159e-16  1.3337423e-16  6.3404132e-16  1.0361894e-16  -3.6786334e-16  1.0000000   1.0582348e-16  8.3716501e-18  5.2699891e-16  2.7933325e-16  4.7519626e-16  3.0103159e-16  1.3337423e-16  6.3404132e-16  1.0361894e-16  -3.6786334e-16  1.0000000   1.0582348e-16  
6.6348091e-18  2.1355903e-16  -1.4461563e-16  -1.0659052e-16  -2.6423299e-17  1.1745764e-16  2.0453940e-16  -3.1302113e-16  -1.3176842e-16  1.0582348e-16  1.0000000   6.6348091e-18  2.1355903e-16  -1.4461563e-16  -1.0659052e-16  -2.6423299e-17  1.1745764e-16  2.0453940e-16  -3.1302113e-16  -1.3176842e-16  1.0582348e-16  1.0000000   
