1.0000000   1.4322819e-16  1.3640619e-16  6.5228313e-17  1.3519112e-16  -5.4710451e-16  -1.0901653e-16  2.6150279e-16  1.4624193e-16  1.2491904e-16  -1.4122580e-16  1.0000000   1.4322819e-16  1.3640619e-16  6.5228313e-17  1.3519112e-16  -5.4710451e-16  -1.0901653e-16  2.6150279e-16  1.4624193e-16  1.2491904e-16  -1.4122580e-16  
1.4322819e-16  1.0000000   -1.5808430e-16  -4.3299901e-17  9.6507916e-17  -6.6985377e-16  -2.1757672e-16  7.5025096e-17  7.8970787e-17  3.8689976e-16  -7.6255518e-17  1.4322819e-16  1.0000000   -1.5808430e-16  -4.3299901e-17  9.6507916e-17  -6.6985377e-16  -2.1757672e-16  7.5025096e-17  7.8970787e-17  3.8689976e-16  -7.6255518e-17  
1.3640619e-16  -1.5808430e-16  1.0000000   -5.9681264e-16  7.2512934e-16  1.1811832e-16  -2.0871231e-16  5.6559609e-16  -7.2910479e-16  -1.1598157e-16  -4.6432313e-16  1.3640619e-16  -1.5808430e-16  1.0000000   -5.9681264e-16  7.2512934e-16  1.1811832e-16  -2.0871231e-16  5.6559609e-16  -7.2910479e-16  -1.1598157e-16  -4.6432313e-16  
6.5228313e-17  -4.3299901e-17  -5.9681264e-16  1.0000000   -6.6029691e-16  4.6323597e-16  -2.1179212e-16  -6.5524775e-17  -1.1000807e-15  -6.6542564e-17  2.0221133e-16  6.5228313e-17  -4.3299901e-17  -5.9681264e-16  1.0000000   -6.6029691e-16  4.6323597e-16  -2.1179212e-16  -6.5524775e-17  -1.1000807e-15  -6.6542564e-17  2.0221133e-16  
1.3519112e-16  9.6507916e-17  7.2512934e-16  -6.6029691e-16  1.0000000   3.8358549e-16  7.2436775e-17  7.5937901e-16  -5.2758596e-16  7.2851451e-18  -7.6710184e-16  1.3519112e-16  9.6507916e-17  7.2512934e-16  -6.6029691e-16  1.0000000   3.8358549e-16  7.2436775e-17  7.5937901e-16  -5.2758596e-16  7.2851451e-18  -7.6710184e-16  
-5.4710451e-16  -6.6985377e-16  1.1811832e-16  4.6323597e-16  3.8358549e-16  1.0000000   1.0375476e-16  3.0141667e-16  3.7816516e-16  -2.5016509e-16  -2.9971202e-16  -5.4710451e-16  -6.6985377e-16  1.1811832e-16  4.6323597e-16  3.8358549e-16  1.0000000   1.0375476e-16  3.0141667e-16  3.7816516e-16  -2.5016509e-16  -2.9971202e-16  
-1.0901653e-16  -2.1757672e-16  -2.0871231e-16  -2.1179212e-16  7.2436775e-17  1.0375476e-16  1.0000000   -3.3333965e-16  -1.6453996e-16  4.1094155e-16  -2.7047964e-16  -1.0901653e-16  -2.1757672e-16  -2.0871231e-16  -2.1179212e-16  7.2436775e-17  1.0375476e-16  1.0000000   -3.3333965e-16  -1.6453996e-16  4.1094155e-16  -2.7047964e-16  
2.6150279e-16  7.5025096e-17  5.6559609e-16  -6.5524775e-17  7.5937901e-16  3.0141667e-16  -3.3333965e-16  1.0000000   -1.2897982e-16  -1.5925133e-16  -1.6953703e-16  2.6150279e-16  7.5025096e-17  5.6559609e-16  -6.5524775e-17  7.5937901e-16  3.0141667e-16  -3.3333965e-16  1.0000000   -1.2897982e-16  -1.5925133e-16  -1.6953703e-16  
1.4624193e-16  7.8970787e-17  -7.2910479e-16  -1.1000807e-15  -5.2758596e-16  3.7816516e-16  -1.6453996e-16  -1.2897982e-16  1.0000000   -9.3299210e-17  4.1095032e-16  1.4624193e-16  7.8970787e-17  -7.2910479e-16  -1.1000807e-15  -5.2758596e-16  3.7816516e-16  -1.6453996e-16  -1.2897982e-16  1.0000000   -9.3299210e-17  4.1095032e-16  
1.2491904e-16  3.8689976e-16  -1.1598157e-16  -6.6542564e-17  7.2851451e-18  -2.5016509e-16  4.1094155e-16  -1.5925133e-16  -9.3299210e-17  1.0000000   -1.5543359e-16  1.2491904e-16  3.8689976e-16  -1.1598157e-16  -6.6542564e-17  7.2851451e-18  -2.5016509e-16  4.1094155e-16  -1.5925133e-16  -9.3299210e-17  1.0000000   -1.5543359e-16  
-1.4122580e-16  -7.6255518e-17  -4.6432313e-16  2.0221133e-16  -7.6710184e-16  -2.9971202e-16  -2.7047964e-16  -1.6953703e-16  4.1095032e-16  -1.5543359e-16  1.0000000   -1.4122580e-16  -7.6255518e-17  -4.6432313e-16  2.0221133e-16  -7.6710184e-16  -2.9971202e-16  -2.7047964e-16  -1.6953703e-16  4.1095032e-16  -1.5543359e-16  1.0000000   
1.0000000   1.4322819e-16  1.3640619e-16  6.5228313e-17  1.3519112e-16  -5.4710451e-16  -1.0901653e-16  2.6150279e-16  1.4624193e-16  1.2491904e-16  -1.4122580e-16  1.0000000   1.4322819e-16  1.3640619e-16  6.5228313e-17  1.3519112e-16  -5.4710451e-16  -1.0901653e-16  2.6150279e-16  1.4624193e-16  1.2491904e-16  -1.4122580e-16  
1.4322819e-16  1.0000000   -1.5808430e-16  -4.3299901e-17  9.6507916e-17  -6.6985377e-16  -2.1757672e-16  7.5025096e-17  7.8970787e-17  3.8689976e-16  -7.6255518e-17  1.4322819e-16  1.0000000   -1.5808430e-16  -4.3299901e-17  9.6507916e-17  -6.6985377e-16  -2.1757672e-16  7.5025096e-17  7.8970787e-17  3.8689976e-16  -7.6255518e-17  
1.3640619e-16  -1.5808430e-16  1.0000000   -5.9681264e-16  7.2512934e-16  1.1811832e-16  -2.0871231e-16  5.6559609e-16  -7.2910479e-16  -1.1598157e-16  -4.6432313e-16  1.3640619e-16  -1.5808430e-16  1.0000000   -5.9681264e-16  7.2512934e-16  1.1811832e-16  -2.0871231e-16  5.6559609e-16  -7.2910479e-16  -1.1598157e-16  -4.6432313e-16  
6.5228313e-17  -4.3299901e-17  -5.9681264e-16  1.0000000   -6.6029691e-16  4.6323597e-16  -2.1179212e-16  -6.5524775e-17  -1.1000807e-15  -6.6542564e-17  2.0221133e-16  6.5228313e-17  -4.3299901e-17  -5.9681264e-16  1.0000000   -6.6029691e-16  4.6323597e-16  -2.1179212e-16  -6.5524775e-17  -1.1000807e-15  -6.6542564e-17  2.0221133e-16  
1.3519112e-16  9.6507916e-17  7.2512934e-16  -6.6029691e-16  1.0000000   3.8358549e-16  7.2436775e-17  7.5937901e-16  -5.2758596e-16  7.2851451e-18  -7.6710184e-16  1.3519112e-16  9.6507916e-17  7.2512934e-16  -6.6029691e-16  1.0000000   3.8358549e-16  7.2436775e-17  7.5937901e-16  -5.2758596e-16  7.2851451e-18  -7.6710184e-16  
-5.4710451e-16  -6.6985377e-16  1.1811832e-16  4.6323597e-16  3.8358549e-16  1.0000000   1.0375476e-16  3.0141667e-16  3.7816516e-16  -2.5016509e-16  -2.9971202e-16  -5.4710451e-16  -6.6985377e-16  1.1811832e-16  4.6323597e-16  3.8358549e-16  1.0000000   1.0375476e-16  3.0141667e-16  3.7816516e-16  -2.5016509e-16  -2.9971202e-16  
-1.0901653e-16  -2.1757672e-16  -2.0871231e-16  -2.1179212e-16  7.2436775e-17  1.0375476e-16  1.0000000   -3.3333965e-16  -1.6453996e-16  4.1094155e-16  -2.7047964e-16  -1.0901653e-16  -2.1757672e-16  -2.0871231e-16  -2.1179212e-16  7.2436775e-17  1.0375476e-16  1.0000000   -3.3333965e-16  -1.6453996e-16  4.1094155e-16  -2.7047964e-16  
2.6150279e-16  7.5025096e-17  5.6559609e-16  -6.5524775e-17  7.5937901e-16  3.0141667e-16  -3.3333965e-16  1.0000000   -1.2897982e-16  -1.5925133e-16  -1.6953703e-16  2.6150279e-16  7.5025096e-17  5.6559609e-16  -6.5524775e-17  7.5937901e-16  3.0141667e-16  -3.3333965e-16  1.0000000   -1.2897982e-16  -1.5925133e-16  -1.6953703e-16  
1.4624193e-16  7.8970787e-17  -7.2910479e-16  -1.1000807e-15  -5.2758596e-16  3.7816516e-16  -1.6453996e-16  -1.2897982e-16  1.0000000   -9.3299210e-17  4.1095032e-16  1.4624193e-16  7.8970787e-17  -7.2910479e-16  -1.1000807e-15  -5.2758596e-16  3.7816516e-16  -1.6453996e-16  -1.2897982e-16  1.0000000   -9.3299210e-17  4.1095032e-16  
1.2491904e-16  3.8689976e-16  -1.1598157e-16  -6.6542564e-17  7.2851451e-18  -2.5016509e-16  4.1094155e-16  -1.5925133e-16  -9.3299210e-17  1.0000000   -1.5543359e-16  1.2491904e-16  3.8689976e-16  -1.1598157e-16  -6.6542564e-17  7.2851451e-18  -2.5016509e-16  4.1094155e-16  -1.5925133e-16  -9.3299210e-17  1.0000000   -1.5543359e-16  
-1.4122580e-16  -7.6255518e-17  -4.6432313e-16  2.0221133e-16  -7.6710184e-16  -2.9971202e-16  -2.7047964e-16  -1.6953703e-16  4.1095032e-16  -1.5543359e-16  1.0000000   -1.4122580e-16  -7.6255518e-17  -4.6432313e-16  2.0221133e-16  -7.6710184e-16  -2.9971202e-16  -2.7047964e-16  -1.6953703e-16  4.1095032e-16  -1.5543359e-16  1.0000000   
