1.0000000   -1.6456495e-16  -7.7794894e-17  7.9532582e-17  3.8357887e-17  -4.7058948e-16  5.2037130e-16  1.3284060e-16  -3.0588223e-16  8.5443178e-17  2.2439597e-17  1.0000000   -1.6456495e-16  -7.7794894e-17  7.9532582e-17  3.8357887e-17  -4.7058948e-16  5.2037130e-16  1.3284060e-16  -3.0588223e-16  8.5443178e-17  2.2439597e-17  
-1.6456495e-16  1.0000000   -2.0198686e-16  -1.6349133e-16  -2.4713033e-17  7.0884969e-16  -7.1778588e-16  -1.4492691e-16  -1.2451634e-15  9.2887751e-17  -1.9531817e-16  -1.6456495e-16  1.0000000   -2.0198686e-16  -1.6349133e-16  -2.4713033e-17  7.0884969e-16  -7.1778588e-16  -1.4492691e-16  -1.2451634e-15  9.2887751e-17  -1.9531817e-16  
-7.7794894e-17  -2.0198686e-16  1.0000000   9.5200574e-17  -7.5335280e-16  1.2876764e-16  5.4465913e-17  -3.4795436e-16  -9.9431927e-17  2.1831930e-16  -2.9434734e-16  -7.7794894e-17  -2.0198686e-16  1.0000000   9.5200574e-17  -7.5335280e-16  1.2876764e-16  5.4465913e-17  -3.4795436e-16  -9.9431927e-17  2.1831930e-16  -2.9434734e-16  
7.9532582e-17  -1.6349133e-16  9.5200574e-17  1.0000000   -2.5862388e-16  -1.8903891e-16  -2.6725859e-16  1.5639598e-16  -3.6510296e-17  -5.5999426e-16  -2.6765108e-16  7.9532582e-17  -1.6349133e-16  9.5200574e-17  1.0000000   -2.5862388e-16  -1.8903891e-16  -2.6725859e-16  1.5639598e-16  -3.6510296e-17  -5.5999426e-16  -2.6765108e-16  
3.8357887e-17  -2.4713033e-17  -7.5335280e-16  -2.5862388e-16  1.0000000   -1.5743420e-16  -7.7121079e-17  4.5261438e-16  2.9016816e-16  3.0764369e-16  8.1832086e-16  3.8357887e-17  -2.4713033e-17  -7.5335280e-16  -2.5862388e-16  1.0000000   -1.5743420e-16  -7.7121079e-17  4.5261438e-16  2.9016816e-16  3.0764369e-16  8.1832086e-16  
-4.7058948e-16  7.0884969e-16  1.2876764e-16  -1.8903891e-16  -1.5743420e-16  1.0000000   4.7385395e-16  -4.6377966e-17  3.0795937e-16  1.1227739e-16  7.1185072e-17  -4.7058948e-16  7.0884969e-16  1.2876764e-16  -1.8903891e-16  -1.5743420e-16  1.0000000   4.7385395e-16  -4.6377966e-17  3.0795937e-16  1.1227739e-16  7.1185072e-17  
5.2037130e-16  -7.1778588e-16  5.4465913e-17  -2.6725859e-16  -7.7121079e-17  4.7385395e-16  1.0000000   -3.3954650e-16  -9.1877029e-17  2.6751895e-17  -2.6964468e-16  5.2037130e-16  -7.1778588e-16  5.4465913e-17  -2.6725859e-16  -7.7121079e-17  4.7385395e-16  1.0000000   -3.3954650e-16  -9.1877029e-17  2.6751895e-17  -2.6964468e-16  
1.3284060e-16  -1.4492691e-16  -3.4795436e-16  1.5639598e-16  4.5261438e-16  -4.6377966e-17  -3.3954650e-16  1.0000000   -4.0743860e-17  -6.4725387e-17  1.2360088e-15  1.3284060e-16  -1.4492691e-16  -3.4795436e-16  1.5639598e-16  4.5261438e-16  -4.6377966e-17  -3.3954650e-16  1.0000000   -4.0743860e-17  -6.4725387e-17  1.2360088e-15  
-3.0588223e-16  -1.2451634e-15  -9.9431927e-17  -3.6510296e-17  2.9016816e-16  3.0795937e-16  -9.1877029e-17  -4.0743860e-17  1.0000000   -2.5663425e-16  2.4309443e-16  -3.0588223e-16  -1.2451634e-15  -9.9431927e-17  -3.6510296e-17  2.9016816e-16  3.0795937e-16  -9.1877029e-17  -4.0743860e-17  1.0000000   -2.5663425e-16  2.4309443e-16  
8.5443178e-17  9.2887751e-17  2.1831930e-16  -5.5999426e-16  3.0764369e-16  1.1227739e-16  2.6751895e-17  -6.4725387e-17  -2.5663425e-16  1.0000000   -5.8111828e-16  8.5443178e-17  9.2887751e-17  2.1831930e-16  -5.5999426e-16  3.0764369e-16  1.1227739e-16  2.6751895e-17  -6.4725387e-17  -2.5663425e-16  1.0000000   -5.8111828e-16  
2.2439597e-17  -1.9531817e-16  -2.9434734e-16  -2.6765108e-16  8.1832086e-16  7.1185072e-17  -2.6964468e-16  1.2360088e-15  2.4309443e-16  -5.8111828e-16  1.0000000   2.2439597e-17  -1.9531817e-16  -2.9434734e-16  -2.6765108e-16  8.1832086e-16  7.1185072e-17  -2.6964468e-16  1.2360088e-15  2.4309443e-16  -5.8111828e-16  1.0000000   
1.0000000   -1.6456495e-16  -7.7794894e-17  7.9532582e-17  3.8357887e-17  -4.7058948e-16  5.2037130e-16  1.3284060e-16  -3.0588223e-16  8.5443178e-17  2.2439597e-17  1.0000000   -1.6456495e-16  -7.7794894e-17  7.9532582e-17  3.8357887e-17  -4.7058948e-16  5.2037130e-16  1.3284060e-16  -3.0588223e-16  8.5443178e-17  2.2439597e-17  
-1.6456495e-16  1.0000000   -2.0198686e-16  -1.6349133e-16  -2.4713033e-17  7.0884969e-16  -7.1778588e-16  -1.4492691e-16  -1.2451634e-15  9.2887751e-17  -1.9531817e-16  -1.6456495e-16  1.0000000   -2.0198686e-16  -1.6349133e-16  -2.4713033e-17  7.0884969e-16  -7.1778588e-16  -1.4492691e-16  -1.2451634e-15  9.2887751e-17  -1.9531817e-16  
-7.7794894e-17  -2.0198686e-16  1.0000000   9.5200574e-17  -7.5335280e-16  1.2876764e-16  5.4465913e-17  -3.4795436e-16  -9.9431927e-17  2.1831930e-16  -2.9434734e-16  -7.7794894e-17  -2.0198686e-16  1.0000000   9.5200574e-17  -7.5335280e-16  1.2876764e-16  5.4465913e-17  -3.4795436e-16  -9.9431927e-17  2.1831930e-16  -2.9434734e-16  
7.9532582e-17  -1.6349133e-16  9.5200574e-17  1.0000000   -2.5862388e-16  -1.8903891e-16  -2.6725859e-16  1.5639598e-16  -3.6510296e-17  -5.5999426e-16  -2.6765108e-16  7.9532582e-17  -1.6349133e-16  9.5200574e-17  1.0000000   -2.5862388e-16  -1.8903891e-16  -2.6725859e-16  1.5639598e-16  -3.6510296e-17  -5.5999426e-16  -2.6765108e-16  
3.8357887e-17  -2.4713033e-17  -7.5335280e-16  -2.5862388e-16  1.0000000   -1.5743420e-16  -7.7121079e-17  4.5261438e-16  2.9016816e-16  3.0764369e-16  8.1832086e-16  3.8357887e-17  -2.4713033e-17  -7.5335280e-16  -2.5862388e-16  1.0000000   -1.5743420e-16  -7.7121079e-17  4.5261438e-16  2.9016816e-16  3.0764369e-16  8.1832086e-16  
-4.7058948e-16  7.0884969e-16  1.2876764e-16  -1.8903891e-16  -1.5743420e-16  1.0000000   4.7385395e-16  -4.6377966e-17  3.0795937e-16  1.1227739e-16  7.1185072e-17  -4.7058948e-16  7.0884969e-16  1.2876764e-16  -1.8903891e-16  -1.5743420e-16  1.0000000   4.7385395e-16  -4.6377966e-17  3.0795937e-16  1.1227739e-16  7.1185072e-17  
5.2037130e-16  -7.1778588e-16  5.4465913e-17  -2.6725859e-16  -7.7121079e-17  4.7385395e-16  1.0000000   -3.3954650e-16  -9.1877029e-17  2.6751895e-17  -2.6964468e-16  5.2037130e-16  -7.1778588e-16  5.4465913e-17  -2.6725859e-16  -7.7121079e-17  4.7385395e-16  1.0000000   -3.3954650e-16  -9.1877029e-17  2.6751895e-17  -2.6964468e-16  
1.3284060e-16  -1.4492691e-16  -3.4795436e-16  1.5639598e-16  4.5261438e-16  -4.6377966e-17  -3.3954650e-16  1.0000000   -4.0743860e-17  -6.4725387e-17  1.2360088e-15  1.3284060e-16  -1.4492691e-16  -3.4795436e-16  1.5639598e-16  4.5261438e-16  -4.6377966e-17  -3.3954650e-16  1.0000000   -4.0743860e-17  -6.4725387e-17  1.2360088e-15  
-3.0588223e-16  -1.2451634e-15  -9.9431927e-17  -3.6510296e-17  2.9016816e-16  3.0795937e-16  -9.1877029e-17  -4.0743860e-17  1.0000000   -2.5663425e-16  2.4309443e-16  -3.0588223e-16  -1.2451634e-15  -9.9431927e-17  -3.6510296e-17  2.9016816e-16  3.0795937e-16  -9.1877029e-17  -4.0743860e-17  1.0000000   -2.5663425e-16  2.4309443e-16  
8.5443178e-17  9.2887751e-17  2.1831930e-16  -5.5999426e-16  3.0764369e-16  1.1227739e-16  2.6751895e-17  -6.4725387e-17  -2.5663425e-16  1.0000000   -5.8111828e-16  8.5443178e-17  9.2887751e-17  2.1831930e-16  -5.5999426e-16  3.0764369e-16  1.1227739e-16  2.6751895e-17  -6.4725387e-17  -2.5663425e-16  1.0000000   -5.8111828e-16  
2.2439597e-17  -1.9531817e-16  -2.9434734e-16  -2.6765108e-16  8.1832086e-16  7.1185072e-17  -2.6964468e-16  1.2360088e-15  2.4309443e-16  -5.8111828e-16  1.0000000   2.2439597e-17  -1.9531817e-16  -2.9434734e-16  -2.6765108e-16  8.1832086e-16  7.1185072e-17  -2.6964468e-16  1.2360088e-15  2.4309443e-16  -5.8111828e-16  1.0000000   
