1.0000000   1.8299300e-17  4.4058588e-16  -2.1779250e-16  -7.7575512e-17  -3.5313312e-16  1.2255855e-15  -5.2365165e-17  -1.2367952e-17  -4.4788773e-16  2.8169944e-16  1.0000000   1.8299300e-17  4.4058588e-16  -2.1779250e-16  -7.7575512e-17  -3.5313312e-16  1.2255855e-15  -5.2365165e-17  -1.2367952e-17  -4.4788773e-16  2.8169944e-16  
1.8299300e-17  1.0000000   -1.2912458e-15  8.0286187e-16  -3.2212059e-16  -1.1730424e-15  1.0381236e-16  -5.4532405e-17  -1.7072616e-16  -4.1978339e-16  -2.9781678e-16  1.8299300e-17  1.0000000   -1.2912458e-15  8.0286187e-16  -3.2212059e-16  -1.1730424e-15  1.0381236e-16  -5.4532405e-17  -1.7072616e-16  -4.1978339e-16  -2.9781678e-16  
4.4058588e-16  -1.2912458e-15  1.0000000   -2.2358112e-16  3.7291536e-16  5.5613790e-16  2.7853069e-16  1.0859089e-16  6.1584928e-16  6.0685210e-16  3.0380065e-16  4.4058588e-16  -1.2912458e-15  1.0000000   -2.2358112e-16  3.7291536e-16  5.5613790e-16  2.7853069e-16  1.0859089e-16  6.1584928e-16  6.0685210e-16  3.0380065e-16  
-2.1779250e-16  8.0286187e-16  -2.2358112e-16  1.0000000   1.0015191e-16  -1.7941344e-16  2.5062011e-16  -3.4905187e-16  2.4425031e-16  -2.0927812e-16  -6.3184592e-16  -2.1779250e-16  8.0286187e-16  -2.2358112e-16  1.0000000   1.0015191e-16  -1.7941344e-16  2.5062011e-16  -3.4905187e-16  2.4425031e-16  -2.0927812e-16  -6.3184592e-16  
-7.7575512e-17  -3.2212059e-16  3.7291536e-16  1.0015191e-16  1.0000000   -3.1408850e-16  7.3948306e-17  1.1567311e-15  -1.6358210e-16  -2.3359787e-16  -3.1459958e-16  -7.7575512e-17  -3.2212059e-16  3.7291536e-16  1.0015191e-16  1.0000000   -3.1408850e-16  7.3948306e-17  1.1567311e-15  -1.6358210e-16  -2.3359787e-16  -3.1459958e-16  
-3.5313312e-16  -1.1730424e-15  5.5613790e-16  -1.7941344e-16  -3.1408850e-16  1.0000000   8.0127115e-16  6.3864442e-16  -1.7627546e-16  -1.7248439e-16  -3.5304079e-16  -3.5313312e-16  -1.1730424e-15  5.5613790e-16  -1.7941344e-16  -3.1408850e-16  1.0000000   8.0127115e-16  6.3864442e-16  -1.7627546e-16  -1.7248439e-16  -3.5304079e-16  
1.2255855e-15  1.0381236e-16  2.7853069e-16  2.5062011e-16  7.3948306e-17  8.0127115e-16  1.0000000   -1.1151644e-16  9.6502638e-16  -3.9483996e-16  -2.5800624e-17  1.2255855e-15  1.0381236e-16  2.7853069e-16  2.5062011e-16  7.3948306e-17  8.0127115e-16  1.0000000   -1.1151644e-16  9.6502638e-16  -3.9483996e-16  -2.5800624e-17  
-5.2365165e-17  -5.4532405e-17  1.0859089e-16  -3.4905187e-16  1.1567311e-15  6.3864442e-16  -1.1151644e-16  1.0000000   -5.4127781e-17  5.3632281e-16  3.9644133e-16  -5.2365165e-17  -5.4532405e-17  1.0859089e-16  -3.4905187e-16  1.1567311e-15  6.3864442e-16  -1.1151644e-16  1.0000000   -5.4127781e-17  5.3632281e-16  3.9644133e-16  
-1.2367952e-17  -1.7072616e-16  6.1584928e-16  2.4425031e-16  -1.6358210e-16  -1.7627546e-16  9.6502638e-16  -5.4127781e-17  1.0000000   2.0276603e-16  1.6167011e-16  -1.2367952e-17  -1.7072616e-16  6.1584928e-16  2.4425031e-16  -1.6358210e-16  -1.7627546e-16  9.6502638e-16  -5.4127781e-17  1.0000000   2.0276603e-16  1.6167011e-16  
-4.4788773e-16  -4.1978339e-16  6.0685210e-16  -2.0927812e-16  -2.3359787e-16  -1.7248439e-16  -3.9483996e-16  5.3632281e-16  2.0276603e-16  1.0000000   -5.9089018e-17  -4.4788773e-16  -4.1978339e-16  6.0685210e-16  -2.0927812e-16  -2.3359787e-16  -1.7248439e-16  -3.9483996e-16  5.3632281e-16  2.0276603e-16  1.0000000   -5.9089018e-17  
2.8169944e-16  -2.9781678e-16  3.0380065e-16  -6.3184592e-16  -3.1459958e-16  -3.5304079e-16  -2.5800624e-17  3.9644133e-16  1.6167011e-16  -5.9089018e-17  1.0000000   2.8169944e-16  -2.9781678e-16  3.0380065e-16  -6.3184592e-16  -3.1459958e-16  -3.5304079e-16  -2.5800624e-17  3.9644133e-16  1.6167011e-16  -5.9089018e-17  1.0000000   
1.0000000   1.8299300e-17  4.4058588e-16  -2.1779250e-16  -7.7575512e-17  -3.5313312e-16  1.2255855e-15  -5.2365165e-17  -1.2367952e-17  -4.4788773e-16  2.8169944e-16  1.0000000   1.8299300e-17  4.4058588e-16  -2.1779250e-16  -7.7575512e-17  -3.5313312e-16  1.2255855e-15  -5.2365165e-17  -1.2367952e-17  -4.4788773e-16  2.8169944e-16  
1.8299300e-17  1.0000000   -1.2912458e-15  8.0286187e-16  -3.2212059e-16  -1.1730424e-15  1.0381236e-16  -5.4532405e-17  -1.7072616e-16  -4.1978339e-16  -2.9781678e-16  1.8299300e-17  1.0000000   -1.2912458e-15  8.0286187e-16  -3.2212059e-16  -1.1730424e-15  1.0381236e-16  -5.4532405e-17  -1.7072616e-16  -4.1978339e-16  -2.9781678e-16  
4.4058588e-16  -1.2912458e-15  1.0000000   -2.2358112e-16  3.7291536e-16  5.5613790e-16  2.7853069e-16  1.0859089e-16  6.1584928e-16  6.0685210e-16  3.0380065e-16  4.4058588e-16  -1.2912458e-15  1.0000000   -2.2358112e-16  3.7291536e-16  5.5613790e-16  2.7853069e-16  1.0859089e-16  6.1584928e-16  6.0685210e-16  3.0380065e-16  
-2.1779250e-16  8.0286187e-16  -2.2358112e-16  1.0000000   1.0015191e-16  -1.7941344e-16  2.5062011e-16  -3.4905187e-16  2.4425031e-16  -2.0927812e-16  -6.3184592e-16  -2.1779250e-16  8.0286187e-16  -2.2358112e-16  1.0000000   1.0015191e-16  -1.7941344e-16  2.5062011e-16  -3.4905187e-16  2.4425031e-16  -2.0927812e-16  -6.3184592e-16  
-7.7575512e-17  -3.2212059e-16  3.7291536e-16  1.0015191e-16  1.0000000   -3.1408850e-16  7.3948306e-17  1.1567311e-15  -1.6358210e-16  -2.3359787e-16  -3.1459958e-16  -7.7575512e-17  -3.2212059e-16  3.7291536e-16  1.0015191e-16  1.0000000   -3.1408850e-16  7.3948306e-17  1.1567311e-15  -1.6358210e-16  -2.3359787e-16  -3.1459958e-16  
-3.5313312e-16  -1.1730424e-15  5.5613790e-16  -1.7941344e-16  -3.1408850e-16  1.0000000   8.0127115e-16  6.3864442e-16  -1.7627546e-16  -1.7248439e-16  -3.5304079e-16  -3.5313312e-16  -1.1730424e-15  5.5613790e-16  -1.7941344e-16  -3.1408850e-16  1.0000000   8.0127115e-16  6.3864442e-16  -1.7627546e-16  -1.7248439e-16  -3.5304079e-16  
1.2255855e-15  1.0381236e-16  2.7853069e-16  2.5062011e-16  7.3948306e-17  8.0127115e-16  1.0000000   -1.1151644e-16  9.6502638e-16  -3.9483996e-16  -2.5800624e-17  1.2255855e-15  1.0381236e-16  2.7853069e-16  2.5062011e-16  7.3948306e-17  8.0127115e-16  1.0000000   -1.1151644e-16  9.6502638e-16  -3.9483996e-16  -2.5800624e-17  
-5.2365165e-17  -5.4532405e-17  1.0859089e-16  -3.4905187e-16  1.1567311e-15  6.3864442e-16  -1.1151644e-16  1.0000000   -5.4127781e-17  5.3632281e-16  3.9644133e-16  -5.2365165e-17  -5.4532405e-17  1.0859089e-16  -3.4905187e-16  1.1567311e-15  6.3864442e-16  -1.1151644e-16  1.0000000   -5.4127781e-17  5.3632281e-16  3.9644133e-16  
-1.2367952e-17  -1.7072616e-16  6.1584928e-16  2.4425031e-16  -1.6358210e-16  -1.7627546e-16  9.6502638e-16  -5.4127781e-17  1.0000000   2.0276603e-16  1.6167011e-16  -1.2367952e-17  -1.7072616e-16  6.1584928e-16  2.4425031e-16  -1.6358210e-16  -1.7627546e-16  9.6502638e-16  -5.4127781e-17  1.0000000   2.0276603e-16  1.6167011e-16  
-4.4788773e-16  -4.1978339e-16  6.0685210e-16  -2.0927812e-16  -2.3359787e-16  -1.7248439e-16  -3.9483996e-16  5.3632281e-16  2.0276603e-16  1.0000000   -5.9089018e-17  -4.4788773e-16  -4.1978339e-16  6.0685210e-16  -2.0927812e-16  -2.3359787e-16  -1.7248439e-16  -3.9483996e-16  5.3632281e-16  2.0276603e-16  1.0000000   -5.9089018e-17  
2.8169944e-16  -2.9781678e-16  3.0380065e-16  -6.3184592e-16  -3.1459958e-16  -3.5304079e-16  -2.5800624e-17  3.9644133e-16  1.6167011e-16  -5.9089018e-17  1.0000000   2.8169944e-16  -2.9781678e-16  3.0380065e-16  -6.3184592e-16  -3.1459958e-16  -3.5304079e-16  -2.5800624e-17  3.9644133e-16  1.6167011e-16  -5.9089018e-17  1.0000000   
