1.0000000   -3.0319883e-16  -1.7666397e-16  -2.5583106e-16  -1.0998723e-18  1.9717318e-16  -2.2966790e-16  -1.9891468e-16  5.2645300e-16  -1.1219396e-16  6.1914720e-17  1.0000000   -3.0319883e-16  -1.7666397e-16  -2.5583106e-16  -1.0998723e-18  1.9717318e-16  -2.2966790e-16  -1.9891468e-16  5.2645300e-16  -1.1219396e-16  6.1914720e-17  
-3.0319883e-16  1.0000000   -3.1492336e-16  -4.0165000e-16  1.8996805e-17  2.9558406e-16  4.3592445e-16  -4.2910242e-16  3.1813732e-16  -5.9457791e-16  1.5855959e-16  -3.0319883e-16  1.0000000   -3.1492336e-16  -4.0165000e-16  1.8996805e-17  2.9558406e-16  4.3592445e-16  -4.2910242e-16  3.1813732e-16  -5.9457791e-16  1.5855959e-16  
-1.7666397e-16  -3.1492336e-16  1.0000000   5.2377129e-16  9.8324643e-17  -3.9811523e-16  -8.3856262e-18  -6.7630477e-16  -2.7670618e-16  3.5150380e-16  4.0084733e-16  -1.7666397e-16  -3.1492336e-16  1.0000000   5.2377129e-16  9.8324643e-17  -3.9811523e-16  -8.3856262e-18  -6.7630477e-16  -2.7670618e-16  3.5150380e-16  4.0084733e-16  
-2.5583106e-16  -4.0165000e-16  5.2377129e-16  1.0000000   -7.0228137e-16  6.1163106e-16  -4.0500203e-16  2.4219128e-16  -6.9250703e-16  2.4425444e-16  2.5521526e-17  -2.5583106e-16  -4.0165000e-16  5.2377129e-16  1.0000000   -7.0228137e-16  6.1163106e-16  -4.0500203e-16  2.4219128e-16  -6.9250703e-16  2.4425444e-16  2.5521526e-17  
-1.0998723e-18  1.8996805e-17  9.8324643e-17  -7.0228137e-16  1.0000000   -1.0322707e-16  -1.1954981e-16  7.4561245e-16  -1.5283471e-16  -1.1044060e-15  -2.6460600e-16  -1.0998723e-18  1.8996805e-17  9.8324643e-17  -7.0228137e-16  1.0000000   -1.0322707e-16  -1.1954981e-16  7.4561245e-16  -1.5283471e-16  -1.1044060e-15  -2.6460600e-16  
1.9717318e-16  2.9558406e-16  -3.9811523e-16  6.1163106e-16  -1.0322707e-16  1.0000000   -2.5838147e-16  -2.9545886e-16  -2.1070474e-16  -3.4970147e-16  -1.4399025e-16  1.9717318e-16  2.9558406e-16  -3.9811523e-16  6.1163106e-16  -1.0322707e-16  1.0000000   -2.5838147e-16  -2.9545886e-16  -2.1070474e-16  -3.4970147e-16  -1.4399025e-16  
-2.2966790e-16  4.3592445e-16  -8.3856262e-18  -4.0500203e-16  -1.1954981e-16  -2.5838147e-16  1.0000000   4.0961264e-16  2.4297733e-16  4.4322661e-16  1.7502665e-16  -2.2966790e-16  4.3592445e-16  -8.3856262e-18  -4.0500203e-16  -1.1954981e-16  -2.5838147e-16  1.0000000   4.0961264e-16  2.4297733e-16  4.4322661e-16  1.7502665e-16  
-1.9891468e-16  -4.2910242e-16  -6.7630477e-16  2.4219128e-16  7.4561245e-16  -2.9545886e-16  4.0961264e-16  1.0000000   -3.7286157e-16  -3.4549653e-17  -1.0281710e-15  -1.9891468e-16  -4.2910242e-16  -6.7630477e-16  2.4219128e-16  7.4561245e-16  -2.9545886e-16  4.0961264e-16  1.0000000   -3.7286157e-16  -3.4549653e-17  -1.0281710e-15  
5.2645300e-16  3.1813732e-16  -2.7670618e-16  -6.9250703e-16  -1.5283471e-16  -2.1070474e-16  2.4297733e-16  -3.7286157e-16  1.0000000   5.3273677e-16  -1.7374594e-16  5.2645300e-16  3.1813732e-16  -2.7670618e-16  -6.9250703e-16  -1.5283471e-16  -2.1070474e-16  2.4297733e-16  -3.7286157e-16  1.0000000   5.3273677e-16  -1.7374594e-16  
-1.1219396e-16  -5.9457791e-16  3.5150380e-16  2.4425444e-16  -1.1044060e-15  -3.4970147e-16  4.4322661e-16  -3.4549653e-17  5.3273677e-16  1.0000000   1.6454886e-16  -1.1219396e-16  -5.9457791e-16  3.5150380e-16  2.4425444e-16  -1.1044060e-15  -3.4970147e-16  4.4322661e-16  -3.4549653e-17  5.3273677e-16  1.0000000   1.6454886e-16  
6.1914720e-17  1.5855959e-16  4.0084733e-16  2.5521526e-17  -2.6460600e-16  -1.4399025e-16  1.7502665e-16  -1.0281710e-15  -1.7374594e-16  1.6454886e-16  1.0000000   6.1914720e-17  1.5855959e-16  4.0084733e-16  2.5521526e-17  -2.6460600e-16  -1.4399025e-16  1.7502665e-16  -1.0281710e-15  -1.7374594e-16  1.6454886e-16  1.0000000   
1.0000000   -3.0319883e-16  -1.7666397e-16  -2.5583106e-16  -1.0998723e-18  1.9717318e-16  -2.2966790e-16  -1.9891468e-16  5.2645300e-16  -1.1219396e-16  6.1914720e-17  1.0000000   -3.0319883e-16  -1.7666397e-16  -2.5583106e-16  -1.0998723e-18  1.9717318e-16  -2.2966790e-16  -1.9891468e-16  5.2645300e-16  -1.1219396e-16  6.1914720e-17  
-3.0319883e-16  1.0000000   -3.1492336e-16  -4.0165000e-16  1.8996805e-17  2.9558406e-16  4.3592445e-16  -4.2910242e-16  3.1813732e-16  -5.9457791e-16  1.5855959e-16  -3.0319883e-16  1.0000000   -3.1492336e-16  -4.0165000e-16  1.8996805e-17  2.9558406e-16  4.3592445e-16  -4.2910242e-16  3.1813732e-16  -5.9457791e-16  1.5855959e-16  
-1.7666397e-16  -3.1492336e-16  1.0000000   5.2377129e-16  9.8324643e-17  -3.9811523e-16  -8.3856262e-18  -6.7630477e-16  -2.7670618e-16  3.5150380e-16  4.0084733e-16  -1.7666397e-16  -3.1492336e-16  1.0000000   5.2377129e-16  9.8324643e-17  -3.9811523e-16  -8.3856262e-18  -6.7630477e-16  -2.7670618e-16  3.5150380e-16  4.0084733e-16  
-2.5583106e-16  -4.0165000e-16  5.2377129e-16  1.0000000   -7.0228137e-16  6.1163106e-16  -4.0500203e-16  2.4219128e-16  -6.9250703e-16  2.4425444e-16  2.5521526e-17  -2.5583106e-16  -4.0165000e-16  5.2377129e-16  1.0000000   -7.0228137e-16  6.1163106e-16  -4.0500203e-16  2.4219128e-16  -6.9250703e-16  2.4425444e-16  2.5521526e-17  
-1.0998723e-18  1.8996805e-17  9.8324643e-17  -7.0228137e-16  1.0000000   -1.0322707e-16  -1.1954981e-16  7.4561245e-16  -1.5283471e-16  -1.1044060e-15  -2.6460600e-16  -1.0998723e-18  1.8996805e-17  9.8324643e-17  -7.0228137e-16  1.0000000   -1.0322707e-16  -1.1954981e-16  7.4561245e-16  -1.5283471e-16  -1.1044060e-15  -2.6460600e-16  
1.9717318e-16  2.9558406e-16  -3.9811523e-16  6.1163106e-16  -1.0322707e-16  1.0000000   -2.5838147e-16  -2.9545886e-16  -2.1070474e-16  -3.4970147e-16  -1.4399025e-16  1.9717318e-16  2.9558406e-16  -3.9811523e-16  6.1163106e-16  -1.0322707e-16  1.0000000   -2.5838147e-16  -2.9545886e-16  -2.1070474e-16  -3.4970147e-16  -1.4399025e-16  
-2.2966790e-16  4.3592445e-16  -8.3856262e-18  -4.0500203e-16  -1.1954981e-16  -2.5838147e-16  1.0000000   4.0961264e-16  2.4297733e-16  4.4322661e-16  1.7502665e-16  -2.2966790e-16  4.3592445e-16  -8.3856262e-18  -4.0500203e-16  -1.1954981e-16  -2.5838147e-16  1.0000000   4.0961264e-16  2.4297733e-16  4.4322661e-16  1.7502665e-16  
-1.9891468e-16  -4.2910242e-16  -6.7630477e-16  2.4219128e-16  7.4561245e-16  -2.9545886e-16  4.0961264e-16  1.0000000   -3.7286157e-16  -3.4549653e-17  -1.0281710e-15  -1.9891468e-16  -4.2910242e-16  -6.7630477e-16  2.4219128e-16  7.4561245e-16  -2.9545886e-16  4.0961264e-16  1.0000000   -3.7286157e-16  -3.4549653e-17  -1.0281710e-15  
5.2645300e-16  3.1813732e-16  -2.7670618e-16  -6.9250703e-16  -1.5283471e-16  -2.1070474e-16  2.4297733e-16  -3.7286157e-16  1.0000000   5.3273677e-16  -1.7374594e-16  5.2645300e-16  3.1813732e-16  -2.7670618e-16  -6.9250703e-16  -1.5283471e-16  -2.1070474e-16  2.4297733e-16  -3.7286157e-16  1.0000000   5.3273677e-16  -1.7374594e-16  
-1.1219396e-16  -5.9457791e-16  3.5150380e-16  2.4425444e-16  -1.1044060e-15  -3.4970147e-16  4.4322661e-16  -3.4549653e-17  5.3273677e-16  1.0000000   1.6454886e-16  -1.1219396e-16  -5.9457791e-16  3.5150380e-16  2.4425444e-16  -1.1044060e-15  -3.4970147e-16  4.4322661e-16  -3.4549653e-17  5.3273677e-16  1.0000000   1.6454886e-16  
6.1914720e-17  1.5855959e-16  4.0084733e-16  2.5521526e-17  -2.6460600e-16  -1.4399025e-16  1.7502665e-16  -1.0281710e-15  -1.7374594e-16  1.6454886e-16  1.0000000   6.1914720e-17  1.5855959e-16  4.0084733e-16  2.5521526e-17  -2.6460600e-16  -1.4399025e-16  1.7502665e-16  -1.0281710e-15  -1.7374594e-16  1.6454886e-16  1.0000000   
