1.0000000   1.7723317e-17  7.0656100e-17  -2.6806899e-17  -8.1972884e-17  -1.9745185e-16  -7.1106722e-17  1.3206429e-16  -8.4527112e-17  -1.0040474e-16  -2.1829987e-16  1.0000000   1.7723317e-17  7.0656100e-17  -2.6806899e-17  -8.1972884e-17  -1.9745185e-16  -7.1106722e-17  1.3206429e-16  -8.4527112e-17  -1.0040474e-16  -2.1829987e-16  
1.7723317e-17  1.0000000   4.1277313e-16  2.3853041e-16  -2.0416833e-16  -5.1262243e-16  -4.1178083e-16  -4.2650226e-17  -2.3296858e-16  5.6088177e-16  -1.6430623e-16  1.7723317e-17  1.0000000   4.1277313e-16  2.3853041e-16  -2.0416833e-16  -5.1262243e-16  -4.1178083e-16  -4.2650226e-17  -2.3296858e-16  5.6088177e-16  -1.6430623e-16  
7.0656100e-17  4.1277313e-16  1.0000000   2.1336421e-16  -1.8391732e-17  -2.9471834e-16  -7.8660562e-17  -2.8906863e-16  -3.5558274e-16  -6.2211415e-16  -4.2266097e-16  7.0656100e-17  4.1277313e-16  1.0000000   2.1336421e-16  -1.8391732e-17  -2.9471834e-16  -7.8660562e-17  -2.8906863e-16  -3.5558274e-16  -6.2211415e-16  -4.2266097e-16  
-2.6806899e-17  2.3853041e-16  2.1336421e-16  1.0000000   -3.2787608e-16  -6.0803921e-16  -2.9207390e-17  5.9473571e-17  3.0141752e-16  1.6140636e-17  -1.3971385e-16  -2.6806899e-17  2.3853041e-16  2.1336421e-16  1.0000000   -3.2787608e-16  -6.0803921e-16  -2.9207390e-17  5.9473571e-17  3.0141752e-16  1.6140636e-17  -1.3971385e-16  
-8.1972884e-17  -2.0416833e-16  -1.8391732e-17  -3.2787608e-16  1.0000000   -7.4758069e-17  8.5370751e-16  5.7039119e-16  3.2942670e-16  4.2680290e-17  -9.8676744e-17  -8.1972884e-17  -2.0416833e-16  -1.8391732e-17  -3.2787608e-16  1.0000000   -7.4758069e-17  8.5370751e-16  5.7039119e-16  3.2942670e-16  4.2680290e-17  -9.8676744e-17  
-1.9745185e-16  -5.1262243e-16  -2.9471834e-16  -6.0803921e-16  -7.4758069e-17  1.0000000   -3.3519444e-16  -4.7798916e-17  4.3194106e-16  -2.3094467e-16  1.1100367e-16  -1.9745185e-16  -5.1262243e-16  -2.9471834e-16  -6.0803921e-16  -7.4758069e-17  1.0000000   -3.3519444e-16  -4.7798916e-17  4.3194106e-16  -2.3094467e-16  1.1100367e-16  
-7.1106722e-17  -4.1178083e-16  -7.8660562e-17  -2.9207390e-17  8.5370751e-16  -3.3519444e-16  1.0000000   1.8261776e-16  -1.3823789e-16  4.3848619e-16  -4.4511539e-16  -7.1106722e-17  -4.1178083e-16  -7.8660562e-17  -2.9207390e-17  8.5370751e-16  -3.3519444e-16  1.0000000   1.8261776e-16  -1.3823789e-16  4.3848619e-16  -4.4511539e-16  
1.3206429e-16  -4.2650226e-17  -2.8906863e-16  5.9473571e-17  5.7039119e-16  -4.7798916e-17  1.8261776e-16  1.0000000   3.6723960e-17  1.6883585e-16  1.1038576e-16  1.3206429e-16  -4.2650226e-17  -2.8906863e-16  5.9473571e-17  5.7039119e-16  -4.7798916e-17  1.8261776e-16  1.0000000   3.6723960e-17  1.6883585e-16  1.1038576e-16  
-8.4527112e-17  -2.3296858e-16  -3.5558274e-16  3.0141752e-16  3.2942670e-16  4.3194106e-16  -1.3823789e-16  3.6723960e-17  1.0000000   -3.7724439e-16  1.5899804e-16  -8.4527112e-17  -2.3296858e-16  -3.5558274e-16  3.0141752e-16  3.2942670e-16  4.3194106e-16  -1.3823789e-16  3.6723960e-17  1.0000000   -3.7724439e-16  1.5899804e-16  
-1.0040474e-16  5.6088177e-16  -6.2211415e-16  1.6140636e-17  4.2680290e-17  -2.3094467e-16  4.3848619e-16  1.6883585e-16  -3.7724439e-16  1.0000000   -4.7293370e-17  -1.0040474e-16  5.6088177e-16  -6.2211415e-16  1.6140636e-17  4.2680290e-17  -2.3094467e-16  4.3848619e-16  1.6883585e-16  -3.7724439e-16  1.0000000   -4.7293370e-17  
-2.1829987e-16  -1.6430623e-16  -4.2266097e-16  -1.3971385e-16  -9.8676744e-17  1.1100367e-16  -4.4511539e-16  1.1038576e-16  1.5899804e-16  -4.7293370e-17  1.0000000   -2.1829987e-16  -1.6430623e-16  -4.2266097e-16  -1.3971385e-16  -9.8676744e-17  1.1100367e-16  -4.4511539e-16  1.1038576e-16  1.5899804e-16  -4.7293370e-17  1.0000000   
1.0000000   1.7723317e-17  7.0656100e-17  -2.6806899e-17  -8.1972884e-17  -1.9745185e-16  -7.1106722e-17  1.3206429e-16  -8.4527112e-17  -1.0040474e-16  -2.1829987e-16  1.0000000   1.7723317e-17  7.0656100e-17  -2.6806899e-17  -8.1972884e-17  -1.9745185e-16  -7.1106722e-17  1.3206429e-16  -8.4527112e-17  -1.0040474e-16  -2.1829987e-16  
1.7723317e-17  1.0000000   4.1277313e-16  2.3853041e-16  -2.0416833e-16  -5.1262243e-16  -4.1178083e-16  -4.2650226e-17  -2.3296858e-16  5.6088177e-16  -1.6430623e-16  1.7723317e-17  1.0000000   4.1277313e-16  2.3853041e-16  -2.0416833e-16  -5.1262243e-16  -4.1178083e-16  -4.2650226e-17  -2.3296858e-16  5.6088177e-16  -1.6430623e-16  
7.0656100e-17  4.1277313e-16  1.0000000   2.1336421e-16  -1.8391732e-17  -2.9471834e-16  -7.8660562e-17  -2.8906863e-16  -3.5558274e-16  -6.2211415e-16  -4.2266097e-16  7.0656100e-17  4.1277313e-16  1.0000000   2.1336421e-16  -1.8391732e-17  -2.9471834e-16  -7.8660562e-17  -2.8906863e-16  -3.5558274e-16  -6.2211415e-16  -4.2266097e-16  
-2.6806899e-17  2.3853041e-16  2.1336421e-16  1.0000000   -3.2787608e-16  -6.0803921e-16  -2.9207390e-17  5.9473571e-17  3.0141752e-16  1.6140636e-17  -1.3971385e-16  -2.6806899e-17  2.3853041e-16  2.1336421e-16  1.0000000   -3.2787608e-16  -6.0803921e-16  -2.9207390e-17  5.9473571e-17  3.0141752e-16  1.6140636e-17  -1.3971385e-16  
-8.1972884e-17  -2.0416833e-16  -1.8391732e-17  -3.2787608e-16  1.0000000   -7.4758069e-17  8.5370751e-16  5.7039119e-16  3.2942670e-16  4.2680290e-17  -9.8676744e-17  -8.1972884e-17  -2.0416833e-16  -1.8391732e-17  -3.2787608e-16  1.0000000   -7.4758069e-17  8.5370751e-16  5.7039119e-16  3.2942670e-16  4.2680290e-17  -9.8676744e-17  
-1.9745185e-16  -5.1262243e-16  -2.9471834e-16  -6.0803921e-16  -7.4758069e-17  1.0000000   -3.3519444e-16  -4.7798916e-17  4.3194106e-16  -2.3094467e-16  1.1100367e-16  -1.9745185e-16  -5.1262243e-16  -2.9471834e-16  -6.0803921e-16  -7.4758069e-17  1.0000000   -3.3519444e-16  -4.7798916e-17  4.3194106e-16  -2.3094467e-16  1.1100367e-16  
-7.1106722e-17  -4.1178083e-16  -7.8660562e-17  -2.9207390e-17  8.5370751e-16  -3.3519444e-16  1.0000000   1.8261776e-16  -1.3823789e-16  4.3848619e-16  -4.4511539e-16  -7.1106722e-17  -4.1178083e-16  -7.8660562e-17  -2.9207390e-17  8.5370751e-16  -3.3519444e-16  1.0000000   1.8261776e-16  -1.3823789e-16  4.3848619e-16  -4.4511539e-16  
1.3206429e-16  -4.2650226e-17  -2.8906863e-16  5.9473571e-17  5.7039119e-16  -4.7798916e-17  1.8261776e-16  1.0000000   3.6723960e-17  1.6883585e-16  1.1038576e-16  1.3206429e-16  -4.2650226e-17  -2.8906863e-16  5.9473571e-17  5.7039119e-16  -4.7798916e-17  1.8261776e-16  1.0000000   3.6723960e-17  1.6883585e-16  1.1038576e-16  
-8.4527112e-17  -2.3296858e-16  -3.5558274e-16  3.0141752e-16  3.2942670e-16  4.3194106e-16  -1.3823789e-16  3.6723960e-17  1.0000000   -3.7724439e-16  1.5899804e-16  -8.4527112e-17  -2.3296858e-16  -3.5558274e-16  3.0141752e-16  3.2942670e-16  4.3194106e-16  -1.3823789e-16  3.6723960e-17  1.0000000   -3.7724439e-16  1.5899804e-16  
-1.0040474e-16  5.6088177e-16  -6.2211415e-16  1.6140636e-17  4.2680290e-17  -2.3094467e-16  4.3848619e-16  1.6883585e-16  -3.7724439e-16  1.0000000   -4.7293370e-17  -1.0040474e-16  5.6088177e-16  -6.2211415e-16  1.6140636e-17  4.2680290e-17  -2.3094467e-16  4.3848619e-16  1.6883585e-16  -3.7724439e-16  1.0000000   -4.7293370e-17  
-2.1829987e-16  -1.6430623e-16  -4.2266097e-16  -1.3971385e-16  -9.8676744e-17  1.1100367e-16  -4.4511539e-16  1.1038576e-16  1.5899804e-16  -4.7293370e-17  1.0000000   -2.1829987e-16  -1.6430623e-16  -4.2266097e-16  -1.3971385e-16  -9.8676744e-17  1.1100367e-16  -4.4511539e-16  1.1038576e-16  1.5899804e-16  -4.7293370e-17  1.0000000   
