1.0000000   2.1185565e-16  -1.0985340e-16  -1.2476795e-16  1.6410522e-16  3.9454795e-16  -2.4514150e-16  -8.5848483e-17  1.9890028e-17  -4.7684143e-16  -1.3644346e-16  1.0000000   2.1185565e-16  -1.0985340e-16  -1.2476795e-16  1.6410522e-16  3.9454795e-16  -2.4514150e-16  -8.5848483e-17  1.9890028e-17  -4.7684143e-16  -1.3644346e-16  
2.1185565e-16  1.0000000   -6.3764767e-16  2.5952984e-16  2.0298779e-16  4.8134468e-16  3.7486544e-16  -1.4393906e-16  4.8117697e-16  -2.0851129e-16  -7.7171213e-17  2.1185565e-16  1.0000000   -6.3764767e-16  2.5952984e-16  2.0298779e-16  4.8134468e-16  3.7486544e-16  -1.4393906e-16  4.8117697e-16  -2.0851129e-16  -7.7171213e-17  
-1.0985340e-16  -6.3764767e-16  1.0000000   5.1635806e-16  -3.4065632e-16  -3.0847585e-16  -2.7717120e-16  -7.9074253e-16  4.6489149e-16  -2.1522747e-16  -3.4185149e-16  -1.0985340e-16  -6.3764767e-16  1.0000000   5.1635806e-16  -3.4065632e-16  -3.0847585e-16  -2.7717120e-16  -7.9074253e-16  4.6489149e-16  -2.1522747e-16  -3.4185149e-16  
-1.2476795e-16  2.5952984e-16  5.1635806e-16  1.0000000   3.6916565e-16  3.8950217e-16  6.2539831e-17  -2.6326292e-16  4.6104003e-18  -2.0986692e-16  -2.3896875e-16  -1.2476795e-16  2.5952984e-16  5.1635806e-16  1.0000000   3.6916565e-16  3.8950217e-16  6.2539831e-17  -2.6326292e-16  4.6104003e-18  -2.0986692e-16  -2.3896875e-16  
1.6410522e-16  2.0298779e-16  -3.4065632e-16  3.6916565e-16  1.0000000   3.3995519e-16  -8.8096720e-19  4.1470108e-16  -8.9767228e-17  3.5504751e-16  -1.4697160e-16  1.6410522e-16  2.0298779e-16  -3.4065632e-16  3.6916565e-16  1.0000000   3.3995519e-16  -8.8096720e-19  4.1470108e-16  -8.9767228e-17  3.5504751e-16  -1.4697160e-16  
3.9454795e-16  4.8134468e-16  -3.0847585e-16  3.8950217e-16  3.3995519e-16  1.0000000   2.7833227e-16  5.9418557e-16  -1.4578390e-16  5.9107132e-16  3.1752089e-16  3.9454795e-16  4.8134468e-16  -3.0847585e-16  3.8950217e-16  3.3995519e-16  1.0000000   2.7833227e-16  5.9418557e-16  -1.4578390e-16  5.9107132e-16  3.1752089e-16  
-2.4514150e-16  3.7486544e-16  -2.7717120e-16  6.2539831e-17  -8.8096720e-19  2.7833227e-16  1.0000000   -1.7085925e-16  -1.6415244e-16  5.1571919e-16  -4.1424570e-17  -2.4514150e-16  3.7486544e-16  -2.7717120e-16  6.2539831e-17  -8.8096720e-19  2.7833227e-16  1.0000000   -1.7085925e-16  -1.6415244e-16  5.1571919e-16  -4.1424570e-17  
-8.5848483e-17  -1.4393906e-16  -7.9074253e-16  -2.6326292e-16  4.1470108e-16  5.9418557e-16  -1.7085925e-16  1.0000000   -3.3330746e-19  -5.3087303e-16  2.1428324e-16  -8.5848483e-17  -1.4393906e-16  -7.9074253e-16  -2.6326292e-16  4.1470108e-16  5.9418557e-16  -1.7085925e-16  1.0000000   -3.3330746e-19  -5.3087303e-16  2.1428324e-16  
1.9890028e-17  4.8117697e-16  4.6489149e-16  4.6104003e-18  -8.9767228e-17  -1.4578390e-16  -1.6415244e-16  -3.3330746e-19  1.0000000   9.3419317e-17  -1.7572143e-16  1.9890028e-17  4.8117697e-16  4.6489149e-16  4.6104003e-18  -8.9767228e-17  -1.4578390e-16  -1.6415244e-16  -3.3330746e-19  1.0000000   9.3419317e-17  -1.7572143e-16  
-4.7684143e-16  -2.0851129e-16  -2.1522747e-16  -2.0986692e-16  3.5504751e-16  5.9107132e-16  5.1571919e-16  -5.3087303e-16  9.3419317e-17  1.0000000   -7.5892087e-17  -4.7684143e-16  -2.0851129e-16  -2.1522747e-16  -2.0986692e-16  3.5504751e-16  5.9107132e-16  5.1571919e-16  -5.3087303e-16  9.3419317e-17  1.0000000   -7.5892087e-17  
-1.3644346e-16  -7.7171213e-17  -3.4185149e-16  -2.3896875e-16  -1.4697160e-16  3.1752089e-16  -4.1424570e-17  2.1428324e-16  -1.7572143e-16  -7.5892087e-17  1.0000000   -1.3644346e-16  -7.7171213e-17  -3.4185149e-16  -2.3896875e-16  -1.4697160e-16  3.1752089e-16  -4.1424570e-17  2.1428324e-16  -1.7572143e-16  -7.5892087e-17  1.0000000   
1.0000000   2.1185565e-16  -1.0985340e-16  -1.2476795e-16  1.6410522e-16  3.9454795e-16  -2.4514150e-16  -8.5848483e-17  1.9890028e-17  -4.7684143e-16  -1.3644346e-16  1.0000000   2.1185565e-16  -1.0985340e-16  -1.2476795e-16  1.6410522e-16  3.9454795e-16  -2.4514150e-16  -8.5848483e-17  1.9890028e-17  -4.7684143e-16  -1.3644346e-16  
2.1185565e-16  1.0000000   -6.3764767e-16  2.5952984e-16  2.0298779e-16  4.8134468e-16  3.7486544e-16  -1.4393906e-16  4.8117697e-16  -2.0851129e-16  -7.7171213e-17  2.1185565e-16  1.0000000   -6.3764767e-16  2.5952984e-16  2.0298779e-16  4.8134468e-16  3.7486544e-16  -1.4393906e-16  4.8117697e-16  -2.0851129e-16  -7.7171213e-17  
-1.0985340e-16  -6.3764767e-16  1.0000000   5.1635806e-16  -3.4065632e-16  -3.0847585e-16  -2.7717120e-16  -7.9074253e-16  4.6489149e-16  -2.1522747e-16  -3.4185149e-16  -1.0985340e-16  -6.3764767e-16  1.0000000   5.1635806e-16  -3.4065632e-16  -3.0847585e-16  -2.7717120e-16  -7.9074253e-16  4.6489149e-16  -2.1522747e-16  -3.4185149e-16  
-1.2476795e-16  2.5952984e-16  5.1635806e-16  1.0000000   3.6916565e-16  3.8950217e-16  6.2539831e-17  -2.6326292e-16  4.6104003e-18  -2.0986692e-16  -2.3896875e-16  -1.2476795e-16  2.5952984e-16  5.1635806e-16  1.0000000   3.6916565e-16  3.8950217e-16  6.2539831e-17  -2.6326292e-16  4.6104003e-18  -2.0986692e-16  -2.3896875e-16  
1.6410522e-16  2.0298779e-16  -3.4065632e-16  3.6916565e-16  1.0000000   3.3995519e-16  -8.8096720e-19  4.1470108e-16  -8.9767228e-17  3.5504751e-16  -1.4697160e-16  1.6410522e-16  2.0298779e-16  -3.4065632e-16  3.6916565e-16  1.0000000   3.3995519e-16  -8.8096720e-19  4.1470108e-16  -8.9767228e-17  3.5504751e-16  -1.4697160e-16  
3.9454795e-16  4.8134468e-16  -3.0847585e-16  3.8950217e-16  3.3995519e-16  1.0000000   2.7833227e-16  5.9418557e-16  -1.4578390e-16  5.9107132e-16  3.1752089e-16  3.9454795e-16  4.8134468e-16  -3.0847585e-16  3.8950217e-16  3.3995519e-16  1.0000000   2.7833227e-16  5.9418557e-16  -1.4578390e-16  5.9107132e-16  3.1752089e-16  
-2.4514150e-16  3.7486544e-16  -2.7717120e-16  6.2539831e-17  -8.8096720e-19  2.7833227e-16  1.0000000   -1.7085925e-16  -1.6415244e-16  5.1571919e-16  -4.1424570e-17  -2.4514150e-16  3.7486544e-16  -2.7717120e-16  6.2539831e-17  -8.8096720e-19  2.7833227e-16  1.0000000   -1.7085925e-16  -1.6415244e-16  5.1571919e-16  -4.1424570e-17  
-8.5848483e-17  -1.4393906e-16  -7.9074253e-16  -2.6326292e-16  4.1470108e-16  5.9418557e-16  -1.7085925e-16  1.0000000   -3.3330746e-19  -5.3087303e-16  2.1428324e-16  -8.5848483e-17  -1.4393906e-16  -7.9074253e-16  -2.6326292e-16  4.1470108e-16  5.9418557e-16  -1.7085925e-16  1.0000000   -3.3330746e-19  -5.3087303e-16  2.1428324e-16  
1.9890028e-17  4.8117697e-16  4.6489149e-16  4.6104003e-18  -8.9767228e-17  -1.4578390e-16  -1.6415244e-16  -3.3330746e-19  1.0000000   9.3419317e-17  -1.7572143e-16  1.9890028e-17  4.8117697e-16  4.6489149e-16  4.6104003e-18  -8.9767228e-17  -1.4578390e-16  -1.6415244e-16  -3.3330746e-19  1.0000000   9.3419317e-17  -1.7572143e-16  
-4.7684143e-16  -2.0851129e-16  -2.1522747e-16  -2.0986692e-16  3.5504751e-16  5.9107132e-16  5.1571919e-16  -5.3087303e-16  9.3419317e-17  1.0000000   -7.5892087e-17  -4.7684143e-16  -2.0851129e-16  -2.1522747e-16  -2.0986692e-16  3.5504751e-16  5.9107132e-16  5.1571919e-16  -5.3087303e-16  9.3419317e-17  1.0000000   -7.5892087e-17  
-1.3644346e-16  -7.7171213e-17  -3.4185149e-16  -2.3896875e-16  -1.4697160e-16  3.1752089e-16  -4.1424570e-17  2.1428324e-16  -1.7572143e-16  -7.5892087e-17  1.0000000   -1.3644346e-16  -7.7171213e-17  -3.4185149e-16  -2.3896875e-16  -1.4697160e-16  3.1752089e-16  -4.1424570e-17  2.1428324e-16  -1.7572143e-16  -7.5892087e-17  1.0000000   
