1.0000000   2.2402327e-17  -8.8752112e-17  1.8956597e-16  -1.5745538e-16  2.7984867e-16  4.4984734e-16  -9.7860469e-17  2.6628577e-16  -1.0918255e-18  3.2814903e-17  1.0000000   2.2402327e-17  -8.8752112e-17  1.8956597e-16  -1.5745538e-16  2.7984867e-16  4.4984734e-16  -9.7860469e-17  2.6628577e-16  -1.0918255e-18  3.2814903e-17  
2.2402327e-17  1.0000000   -9.1672682e-17  1.0038696e-16  -3.1210348e-16  -4.0969628e-16  -1.1462219e-16  -1.1247136e-16  8.9742505e-17  -1.4724482e-16  -4.4815666e-17  2.2402327e-17  1.0000000   -9.1672682e-17  1.0038696e-16  -3.1210348e-16  -4.0969628e-16  -1.1462219e-16  -1.1247136e-16  8.9742505e-17  -1.4724482e-16  -4.4815666e-17  
-8.8752112e-17  -9.1672682e-17  1.0000000   -4.6610529e-17  3.6116056e-16  1.0086542e-16  -2.8421852e-16  -1.0660280e-16  -4.3349706e-16  7.8660456e-16  1.5177390e-16  -8.8752112e-17  -9.1672682e-17  1.0000000   -4.6610529e-17  3.6116056e-16  1.0086542e-16  -2.8421852e-16  -1.0660280e-16  -4.3349706e-16  7.8660456e-16  1.5177390e-16  
1.8956597e-16  1.0038696e-16  -4.6610529e-17  1.0000000   -2.1121571e-16  -2.2621857e-16  -8.0907740e-17  -7.6758126e-17  1.6567986e-16  3.7763820e-16  2.3064241e-16  1.8956597e-16  1.0038696e-16  -4.6610529e-17  1.0000000   -2.1121571e-16  -2.2621857e-16  -8.0907740e-17  -7.6758126e-17  1.6567986e-16  3.7763820e-16  2.3064241e-16  
-1.5745538e-16  -3.1210348e-16  3.6116056e-16  -2.1121571e-16  1.0000000   -2.3511440e-16  8.7502315e-17  2.8987859e-16  -2.3725922e-17  2.3005108e-16  -1.5191991e-16  -1.5745538e-16  -3.1210348e-16  3.6116056e-16  -2.1121571e-16  1.0000000   -2.3511440e-16  8.7502315e-17  2.8987859e-16  -2.3725922e-17  2.3005108e-16  -1.5191991e-16  
2.7984867e-16  -4.0969628e-16  1.0086542e-16  -2.2621857e-16  -2.3511440e-16  1.0000000   1.2380064e-16  4.0232212e-16  1.3100492e-16  5.2478985e-17  -1.8469172e-16  2.7984867e-16  -4.0969628e-16  1.0086542e-16  -2.2621857e-16  -2.3511440e-16  1.0000000   1.2380064e-16  4.0232212e-16  1.3100492e-16  5.2478985e-17  -1.8469172e-16  
4.4984734e-16  -1.1462219e-16  -2.8421852e-16  -8.0907740e-17  8.7502315e-17  1.2380064e-16  1.0000000   1.7949412e-16  -3.1268962e-16  -3.8734245e-16  3.2526065e-18  4.4984734e-16  -1.1462219e-16  -2.8421852e-16  -8.0907740e-17  8.7502315e-17  1.2380064e-16  1.0000000   1.7949412e-16  -3.1268962e-16  -3.8734245e-16  3.2526065e-18  
-9.7860469e-17  -1.1247136e-16  -1.0660280e-16  -7.6758126e-17  2.8987859e-16  4.0232212e-16  1.7949412e-16  1.0000000   4.3341029e-16  3.0973880e-16  -1.6699032e-16  -9.7860469e-17  -1.1247136e-16  -1.0660280e-16  -7.6758126e-17  2.8987859e-16  4.0232212e-16  1.7949412e-16  1.0000000   4.3341029e-16  3.0973880e-16  -1.6699032e-16  
2.6628577e-16  8.9742505e-17  -4.3349706e-16  1.6567986e-16  -2.3725922e-17  1.3100492e-16  -3.1268962e-16  4.3341029e-16  1.0000000   -1.1019139e-16  1.4825724e-16  2.6628577e-16  8.9742505e-17  -4.3349706e-16  1.6567986e-16  -2.3725922e-17  1.3100492e-16  -3.1268962e-16  4.3341029e-16  1.0000000   -1.1019139e-16  1.4825724e-16  
-1.0918255e-18  -1.4724482e-16  7.8660456e-16  3.7763820e-16  2.3005108e-16  5.2478985e-17  -3.8734245e-16  3.0973880e-16  -1.1019139e-16  1.0000000   2.9139733e-17  -1.0918255e-18  -1.4724482e-16  7.8660456e-16  3.7763820e-16  2.3005108e-16  5.2478985e-17  -3.8734245e-16  3.0973880e-16  -1.1019139e-16  1.0000000   2.9139733e-17  
3.2814903e-17  -4.4815666e-17  1.5177390e-16  2.3064241e-16  -1.5191991e-16  -1.8469172e-16  3.2526065e-18  -1.6699032e-16  1.4825724e-16  2.9139733e-17  1.0000000   3.2814903e-17  -4.4815666e-17  1.5177390e-16  2.3064241e-16  -1.5191991e-16  -1.8469172e-16  3.2526065e-18  -1.6699032e-16  1.4825724e-16  2.9139733e-17  1.0000000   
1.0000000   2.2402327e-17  -8.8752112e-17  1.8956597e-16  -1.5745538e-16  2.7984867e-16  4.4984734e-16  -9.7860469e-17  2.6628577e-16  -1.0918255e-18  3.2814903e-17  1.0000000   2.2402327e-17  -8.8752112e-17  1.8956597e-16  -1.5745538e-16  2.7984867e-16  4.4984734e-16  -9.7860469e-17  2.6628577e-16  -1.0918255e-18  3.2814903e-17  
2.2402327e-17  1.0000000   -9.1672682e-17  1.0038696e-16  -3.1210348e-16  -4.0969628e-16  -1.1462219e-16  -1.1247136e-16  8.9742505e-17  -1.4724482e-16  -4.4815666e-17  2.2402327e-17  1.0000000   -9.1672682e-17  1.0038696e-16  -3.1210348e-16  -4.0969628e-16  -1.1462219e-16  -1.1247136e-16  8.9742505e-17  -1.4724482e-16  -4.4815666e-17  
-8.8752112e-17  -9.1672682e-17  1.0000000   -4.6610529e-17  3.6116056e-16  1.0086542e-16  -2.8421852e-16  -1.0660280e-16  -4.3349706e-16  7.8660456e-16  1.5177390e-16  -8.8752112e-17  -9.1672682e-17  1.0000000   -4.6610529e-17  3.6116056e-16  1.0086542e-16  -2.8421852e-16  -1.0660280e-16  -4.3349706e-16  7.8660456e-16  1.5177390e-16  
1.8956597e-16  1.0038696e-16  -4.6610529e-17  1.0000000   -2.1121571e-16  -2.2621857e-16  -8.0907740e-17  -7.6758126e-17  1.6567986e-16  3.7763820e-16  2.3064241e-16  1.8956597e-16  1.0038696e-16  -4.6610529e-17  1.0000000   -2.1121571e-16  -2.2621857e-16  -8.0907740e-17  -7.6758126e-17  1.6567986e-16  3.7763820e-16  2.3064241e-16  
-1.5745538e-16  -3.1210348e-16  3.6116056e-16  -2.1121571e-16  1.0000000   -2.3511440e-16  8.7502315e-17  2.8987859e-16  -2.3725922e-17  2.3005108e-16  -1.5191991e-16  -1.5745538e-16  -3.1210348e-16  3.6116056e-16  -2.1121571e-16  1.0000000   -2.3511440e-16  8.7502315e-17  2.8987859e-16  -2.3725922e-17  2.3005108e-16  -1.5191991e-16  
2.7984867e-16  -4.0969628e-16  1.0086542e-16  -2.2621857e-16  -2.3511440e-16  1.0000000   1.2380064e-16  4.0232212e-16  1.3100492e-16  5.2478985e-17  -1.8469172e-16  2.7984867e-16  -4.0969628e-16  1.0086542e-16  -2.2621857e-16  -2.3511440e-16  1.0000000   1.2380064e-16  4.0232212e-16  1.3100492e-16  5.2478985e-17  -1.8469172e-16  
4.4984734e-16  -1.1462219e-16  -2.8421852e-16  -8.0907740e-17  8.7502315e-17  1.2380064e-16  1.0000000   1.7949412e-16  -3.1268962e-16  -3.8734245e-16  3.2526065e-18  4.4984734e-16  -1.1462219e-16  -2.8421852e-16  -8.0907740e-17  8.7502315e-17  1.2380064e-16  1.0000000   1.7949412e-16  -3.1268962e-16  -3.8734245e-16  3.2526065e-18  
-9.7860469e-17  -1.1247136e-16  -1.0660280e-16  -7.6758126e-17  2.8987859e-16  4.0232212e-16  1.7949412e-16  1.0000000   4.3341029e-16  3.0973880e-16  -1.6699032e-16  -9.7860469e-17  -1.1247136e-16  -1.0660280e-16  -7.6758126e-17  2.8987859e-16  4.0232212e-16  1.7949412e-16  1.0000000   4.3341029e-16  3.0973880e-16  -1.6699032e-16  
2.6628577e-16  8.9742505e-17  -4.3349706e-16  1.6567986e-16  -2.3725922e-17  1.3100492e-16  -3.1268962e-16  4.3341029e-16  1.0000000   -1.1019139e-16  1.4825724e-16  2.6628577e-16  8.9742505e-17  -4.3349706e-16  1.6567986e-16  -2.3725922e-17  1.3100492e-16  -3.1268962e-16  4.3341029e-16  1.0000000   -1.1019139e-16  1.4825724e-16  
-1.0918255e-18  -1.4724482e-16  7.8660456e-16  3.7763820e-16  2.3005108e-16  5.2478985e-17  -3.8734245e-16  3.0973880e-16  -1.1019139e-16  1.0000000   2.9139733e-17  -1.0918255e-18  -1.4724482e-16  7.8660456e-16  3.7763820e-16  2.3005108e-16  5.2478985e-17  -3.8734245e-16  3.0973880e-16  -1.1019139e-16  1.0000000   2.9139733e-17  
3.2814903e-17  -4.4815666e-17  1.5177390e-16  2.3064241e-16  -1.5191991e-16  -1.8469172e-16  3.2526065e-18  -1.6699032e-16  1.4825724e-16  2.9139733e-17  1.0000000   3.2814903e-17  -4.4815666e-17  1.5177390e-16  2.3064241e-16  -1.5191991e-16  -1.8469172e-16  3.2526065e-18  -1.6699032e-16  1.4825724e-16  2.9139733e-17  1.0000000   
