1.0000000   -2.1893991e-16  2.7420151e-17  -1.5805635e-17  1.4883766e-16  -5.0971393e-16  2.2883103e-16  -1.0575037e-16  2.9650219e-16  2.1953569e-16  -1.6385852e-16  1.0000000   -2.1893991e-16  2.7420151e-17  -1.5805635e-17  1.4883766e-16  -5.0971393e-16  2.2883103e-16  -1.0575037e-16  2.9650219e-16  2.1953569e-16  -1.6385852e-16  
-2.1893991e-16  1.0000000   2.3953065e-16  -1.0379055e-16  -2.1930576e-18  5.8866455e-16  -5.3338311e-16  -3.6362304e-16  -4.0645485e-17  -1.3751969e-16  -3.4079236e-16  -2.1893991e-16  1.0000000   2.3953065e-16  -1.0379055e-16  -2.1930576e-18  5.8866455e-16  -5.3338311e-16  -3.6362304e-16  -4.0645485e-17  -1.3751969e-16  -3.4079236e-16  
2.7420151e-17  2.3953065e-16  1.0000000   -5.7770527e-16  2.3080780e-16  -1.2115705e-16  1.3618765e-16  2.9717135e-16  -4.1592579e-16  -2.7389319e-16  -1.1092743e-17  2.7420151e-17  2.3953065e-16  1.0000000   -5.7770527e-16  2.3080780e-16  -1.2115705e-16  1.3618765e-16  2.9717135e-16  -4.1592579e-16  -2.7389319e-16  -1.1092743e-17  
-1.5805635e-17  -1.0379055e-16  -5.7770527e-16  1.0000000   -2.9322767e-16  6.3552035e-17  1.9626600e-16  -9.3525566e-17  8.5187882e-16  -3.7782868e-16  -1.7080419e-16  -1.5805635e-17  -1.0379055e-16  -5.7770527e-16  1.0000000   -2.9322767e-16  6.3552035e-17  1.9626600e-16  -9.3525566e-17  8.5187882e-16  -3.7782868e-16  -1.7080419e-16  
1.4883766e-16  -2.1930576e-18  2.3080780e-16  -2.9322767e-16  1.0000000   -3.1461784e-16  3.3914786e-16  -2.9134789e-16  -1.4273417e-16  -3.1468680e-17  3.8285254e-16  1.4883766e-16  -2.1930576e-18  2.3080780e-16  -2.9322767e-16  1.0000000   -3.1461784e-16  3.3914786e-16  -2.9134789e-16  -1.4273417e-16  -3.1468680e-17  3.8285254e-16  
-5.0971393e-16  5.8866455e-16  -1.2115705e-16  6.3552035e-17  -3.1461784e-16  1.0000000   -2.6481384e-16  -5.2490018e-16  -3.2577522e-17  5.0182425e-16  2.3069345e-16  -5.0971393e-16  5.8866455e-16  -1.2115705e-16  6.3552035e-17  -3.1461784e-16  1.0000000   -2.6481384e-16  -5.2490018e-16  -3.2577522e-17  5.0182425e-16  2.3069345e-16  
2.2883103e-16  -5.3338311e-16  1.3618765e-16  1.9626600e-16  3.3914786e-16  -2.6481384e-16  1.0000000   3.5020238e-16  -3.3780902e-16  -2.3565129e-16  3.1988792e-16  2.2883103e-16  -5.3338311e-16  1.3618765e-16  1.9626600e-16  3.3914786e-16  -2.6481384e-16  1.0000000   3.5020238e-16  -3.3780902e-16  -2.3565129e-16  3.1988792e-16  
-1.0575037e-16  -3.6362304e-16  2.9717135e-16  -9.3525566e-17  -2.9134789e-16  -5.2490018e-16  3.5020238e-16  1.0000000   1.4900252e-16  1.2601066e-16  -5.9634042e-16  -1.0575037e-16  -3.6362304e-16  2.9717135e-16  -9.3525566e-17  -2.9134789e-16  -5.2490018e-16  3.5020238e-16  1.0000000   1.4900252e-16  1.2601066e-16  -5.9634042e-16  
2.9650219e-16  -4.0645485e-17  -4.1592579e-16  8.5187882e-16  -1.4273417e-16  -3.2577522e-17  -3.3780902e-16  1.4900252e-16  1.0000000   1.2697834e-16  -2.7196492e-16  2.9650219e-16  -4.0645485e-17  -4.1592579e-16  8.5187882e-16  -1.4273417e-16  -3.2577522e-17  -3.3780902e-16  1.4900252e-16  1.0000000   1.2697834e-16  -2.7196492e-16  
2.1953569e-16  -1.3751969e-16  -2.7389319e-16  -3.7782868e-16  -3.1468680e-17  5.0182425e-16  -2.3565129e-16  1.2601066e-16  1.2697834e-16  1.0000000   8.6045763e-17  2.1953569e-16  -1.3751969e-16  -2.7389319e-16  -3.7782868e-16  -3.1468680e-17  5.0182425e-16  -2.3565129e-16  1.2601066e-16  1.2697834e-16  1.0000000   8.6045763e-17  
-1.6385852e-16  -3.4079236e-16  -1.1092743e-17  -1.7080419e-16  3.8285254e-16  2.3069345e-16  3.1988792e-16  -5.9634042e-16  -2.7196492e-16  8.6045763e-17  1.0000000   -1.6385852e-16  -3.4079236e-16  -1.1092743e-17  -1.7080419e-16  3.8285254e-16  2.3069345e-16  3.1988792e-16  -5.9634042e-16  -2.7196492e-16  8.6045763e-17  1.0000000   
1.0000000   -2.1893991e-16  2.7420151e-17  -1.5805635e-17  1.4883766e-16  -5.0971393e-16  2.2883103e-16  -1.0575037e-16  2.9650219e-16  2.1953569e-16  -1.6385852e-16  1.0000000   -2.1893991e-16  2.7420151e-17  -1.5805635e-17  1.4883766e-16  -5.0971393e-16  2.2883103e-16  -1.0575037e-16  2.9650219e-16  2.1953569e-16  -1.6385852e-16  
-2.1893991e-16  1.0000000   2.3953065e-16  -1.0379055e-16  -2.1930576e-18  5.8866455e-16  -5.3338311e-16  -3.6362304e-16  -4.0645485e-17  -1.3751969e-16  -3.4079236e-16  -2.1893991e-16  1.0000000   2.3953065e-16  -1.0379055e-16  -2.1930576e-18  5.8866455e-16  -5.3338311e-16  -3.6362304e-16  -4.0645485e-17  -1.3751969e-16  -3.4079236e-16  
2.7420151e-17  2.3953065e-16  1.0000000   -5.7770527e-16  2.3080780e-16  -1.2115705e-16  1.3618765e-16  2.9717135e-16  -4.1592579e-16  -2.7389319e-16  -1.1092743e-17  2.7420151e-17  2.3953065e-16  1.0000000   -5.7770527e-16  2.3080780e-16  -1.2115705e-16  1.3618765e-16  2.9717135e-16  -4.1592579e-16  -2.7389319e-16  -1.1092743e-17  
-1.5805635e-17  -1.0379055e-16  -5.7770527e-16  1.0000000   -2.9322767e-16  6.3552035e-17  1.9626600e-16  -9.3525566e-17  8.5187882e-16  -3.7782868e-16  -1.7080419e-16  -1.5805635e-17  -1.0379055e-16  -5.7770527e-16  1.0000000   -2.9322767e-16  6.3552035e-17  1.9626600e-16  -9.3525566e-17  8.5187882e-16  -3.7782868e-16  -1.7080419e-16  
1.4883766e-16  -2.1930576e-18  2.3080780e-16  -2.9322767e-16  1.0000000   -3.1461784e-16  3.3914786e-16  -2.9134789e-16  -1.4273417e-16  -3.1468680e-17  3.8285254e-16  1.4883766e-16  -2.1930576e-18  2.3080780e-16  -2.9322767e-16  1.0000000   -3.1461784e-16  3.3914786e-16  -2.9134789e-16  -1.4273417e-16  -3.1468680e-17  3.8285254e-16  
-5.0971393e-16  5.8866455e-16  -1.2115705e-16  6.3552035e-17  -3.1461784e-16  1.0000000   -2.6481384e-16  -5.2490018e-16  -3.2577522e-17  5.0182425e-16  2.3069345e-16  -5.0971393e-16  5.8866455e-16  -1.2115705e-16  6.3552035e-17  -3.1461784e-16  1.0000000   -2.6481384e-16  -5.2490018e-16  -3.2577522e-17  5.0182425e-16  2.3069345e-16  
2.2883103e-16  -5.3338311e-16  1.3618765e-16  1.9626600e-16  3.3914786e-16  -2.6481384e-16  1.0000000   3.5020238e-16  -3.3780902e-16  -2.3565129e-16  3.1988792e-16  2.2883103e-16  -5.3338311e-16  1.3618765e-16  1.9626600e-16  3.3914786e-16  -2.6481384e-16  1.0000000   3.5020238e-16  -3.3780902e-16  -2.3565129e-16  3.1988792e-16  
-1.0575037e-16  -3.6362304e-16  2.9717135e-16  -9.3525566e-17  -2.9134789e-16  -5.2490018e-16  3.5020238e-16  1.0000000   1.4900252e-16  1.2601066e-16  -5.9634042e-16  -1.0575037e-16  -3.6362304e-16  2.9717135e-16  -9.3525566e-17  -2.9134789e-16  -5.2490018e-16  3.5020238e-16  1.0000000   1.4900252e-16  1.2601066e-16  -5.9634042e-16  
2.9650219e-16  -4.0645485e-17  -4.1592579e-16  8.5187882e-16  -1.4273417e-16  -3.2577522e-17  -3.3780902e-16  1.4900252e-16  1.0000000   1.2697834e-16  -2.7196492e-16  2.9650219e-16  -4.0645485e-17  -4.1592579e-16  8.5187882e-16  -1.4273417e-16  -3.2577522e-17  -3.3780902e-16  1.4900252e-16  1.0000000   1.2697834e-16  -2.7196492e-16  
2.1953569e-16  -1.3751969e-16  -2.7389319e-16  -3.7782868e-16  -3.1468680e-17  5.0182425e-16  -2.3565129e-16  1.2601066e-16  1.2697834e-16  1.0000000   8.6045763e-17  2.1953569e-16  -1.3751969e-16  -2.7389319e-16  -3.7782868e-16  -3.1468680e-17  5.0182425e-16  -2.3565129e-16  1.2601066e-16  1.2697834e-16  1.0000000   8.6045763e-17  
-1.6385852e-16  -3.4079236e-16  -1.1092743e-17  -1.7080419e-16  3.8285254e-16  2.3069345e-16  3.1988792e-16  -5.9634042e-16  -2.7196492e-16  8.6045763e-17  1.0000000   -1.6385852e-16  -3.4079236e-16  -1.1092743e-17  -1.7080419e-16  3.8285254e-16  2.3069345e-16  3.1988792e-16  -5.9634042e-16  -2.7196492e-16  8.6045763e-17  1.0000000   
