1.0000000   -1.4653331e-16  -1.9945254e-16  3.0553156e-16  -4.8907682e-17  1.1471537e-16  -6.6119731e-16  8.3451380e-17  3.4537514e-16  -3.3376402e-16  -3.3181838e-16  1.0000000   -1.4653331e-16  -1.9945254e-16  3.0553156e-16  -4.8907682e-17  1.1471537e-16  -6.6119731e-16  8.3451380e-17  3.4537514e-16  -3.3376402e-16  -3.3181838e-16  
-1.4653331e-16  1.0000000   -5.9597238e-17  7.0337616e-18  4.0719500e-16  -3.7557356e-16  -3.2336838e-16  7.5248289e-17  5.3062802e-16  3.5760228e-16  1.0336174e-16  -1.4653331e-16  1.0000000   -5.9597238e-17  7.0337616e-18  4.0719500e-16  -3.7557356e-16  -3.2336838e-16  7.5248289e-17  5.3062802e-16  3.5760228e-16  1.0336174e-16  
-1.9945254e-16  -5.9597238e-17  1.0000000   9.4984581e-17  1.5365008e-16  -1.8692217e-16  -1.1317970e-16  -1.5792019e-16  3.5888924e-16  -2.9172196e-16  -2.6269160e-16  -1.9945254e-16  -5.9597238e-17  1.0000000   9.4984581e-17  1.5365008e-16  -1.8692217e-16  -1.1317970e-16  -1.5792019e-16  3.5888924e-16  -2.9172196e-16  -2.6269160e-16  
3.0553156e-16  7.0337616e-18  9.4984581e-17  1.0000000   1.8224274e-16  2.3050265e-16  3.5614856e-16  -1.5704181e-16  -1.3202247e-16  5.2346636e-17  -6.6349785e-17  3.0553156e-16  7.0337616e-18  9.4984581e-17  1.0000000   1.8224274e-16  2.3050265e-16  3.5614856e-16  -1.5704181e-16  -1.3202247e-16  5.2346636e-17  -6.6349785e-17  
-4.8907682e-17  4.0719500e-16  1.5365008e-16  1.8224274e-16  1.0000000   -1.2333004e-16  -3.2862867e-17  -8.6036662e-16  -7.1213748e-16  3.0032003e-17  -2.5272176e-16  -4.8907682e-17  4.0719500e-16  1.5365008e-16  1.8224274e-16  1.0000000   -1.2333004e-16  -3.2862867e-17  -8.6036662e-16  -7.1213748e-16  3.0032003e-17  -2.5272176e-16  
1.1471537e-16  -3.7557356e-16  -1.8692217e-16  2.3050265e-16  -1.2333004e-16  1.0000000   9.1420266e-17  -2.5123505e-16  -6.2396894e-17  -3.6445610e-16  1.0284971e-16  1.1471537e-16  -3.7557356e-16  -1.8692217e-16  2.3050265e-16  -1.2333004e-16  1.0000000   9.1420266e-17  -2.5123505e-16  -6.2396894e-17  -3.6445610e-16  1.0284971e-16  
-6.6119731e-16  -3.2336838e-16  -1.1317970e-16  3.5614856e-16  -3.2862867e-17  9.1420266e-17  1.0000000   2.1627631e-16  -4.6099705e-16  -1.0613471e-16  2.8053731e-17  -6.6119731e-16  -3.2336838e-16  -1.1317970e-16  3.5614856e-16  -3.2862867e-17  9.1420266e-17  1.0000000   2.1627631e-16  -4.6099705e-16  -1.0613471e-16  2.8053731e-17  
8.3451380e-17  7.5248289e-17  -1.5792019e-16  -1.5704181e-16  -8.6036662e-16  -2.5123505e-16  2.1627631e-16  1.0000000   -8.9096431e-17  -1.1520707e-18  -3.5520856e-16  8.3451380e-17  7.5248289e-17  -1.5792019e-16  -1.5704181e-16  -8.6036662e-16  -2.5123505e-16  2.1627631e-16  1.0000000   -8.9096431e-17  -1.1520707e-18  -3.5520856e-16  
3.4537514e-16  5.3062802e-16  3.5888924e-16  -1.3202247e-16  -7.1213748e-16  -6.2396894e-17  -4.6099705e-16  -8.9096431e-17  1.0000000   2.0093012e-16  -3.1125920e-16  3.4537514e-16  5.3062802e-16  3.5888924e-16  -1.3202247e-16  -7.1213748e-16  -6.2396894e-17  -4.6099705e-16  -8.9096431e-17  1.0000000   2.0093012e-16  -3.1125920e-16  
-3.3376402e-16  3.5760228e-16  -2.9172196e-16  5.2346636e-17  3.0032003e-17  -3.6445610e-16  -1.0613471e-16  -1.1520707e-18  2.0093012e-16  1.0000000   -1.5048610e-16  -3.3376402e-16  3.5760228e-16  -2.9172196e-16  5.2346636e-17  3.0032003e-17  -3.6445610e-16  -1.0613471e-16  -1.1520707e-18  2.0093012e-16  1.0000000   -1.5048610e-16  
-3.3181838e-16  1.0336174e-16  -2.6269160e-16  -6.6349785e-17  -2.5272176e-16  1.0284971e-16  2.8053731e-17  -3.5520856e-16  -3.1125920e-16  -1.5048610e-16  1.0000000   -3.3181838e-16  1.0336174e-16  -2.6269160e-16  -6.6349785e-17  -2.5272176e-16  1.0284971e-16  2.8053731e-17  -3.5520856e-16  -3.1125920e-16  -1.5048610e-16  1.0000000   
1.0000000   -1.4653331e-16  -1.9945254e-16  3.0553156e-16  -4.8907682e-17  1.1471537e-16  -6.6119731e-16  8.3451380e-17  3.4537514e-16  -3.3376402e-16  -3.3181838e-16  1.0000000   -1.4653331e-16  -1.9945254e-16  3.0553156e-16  -4.8907682e-17  1.1471537e-16  -6.6119731e-16  8.3451380e-17  3.4537514e-16  -3.3376402e-16  -3.3181838e-16  
-1.4653331e-16  1.0000000   -5.9597238e-17  7.0337616e-18  4.0719500e-16  -3.7557356e-16  -3.2336838e-16  7.5248289e-17  5.3062802e-16  3.5760228e-16  1.0336174e-16  -1.4653331e-16  1.0000000   -5.9597238e-17  7.0337616e-18  4.0719500e-16  -3.7557356e-16  -3.2336838e-16  7.5248289e-17  5.3062802e-16  3.5760228e-16  1.0336174e-16  
-1.9945254e-16  -5.9597238e-17  1.0000000   9.4984581e-17  1.5365008e-16  -1.8692217e-16  -1.1317970e-16  -1.5792019e-16  3.5888924e-16  -2.9172196e-16  -2.6269160e-16  -1.9945254e-16  -5.9597238e-17  1.0000000   9.4984581e-17  1.5365008e-16  -1.8692217e-16  -1.1317970e-16  -1.5792019e-16  3.5888924e-16  -2.9172196e-16  -2.6269160e-16  
3.0553156e-16  7.0337616e-18  9.4984581e-17  1.0000000   1.8224274e-16  2.3050265e-16  3.5614856e-16  -1.5704181e-16  -1.3202247e-16  5.2346636e-17  -6.6349785e-17  3.0553156e-16  7.0337616e-18  9.4984581e-17  1.0000000   1.8224274e-16  2.3050265e-16  3.5614856e-16  -1.5704181e-16  -1.3202247e-16  5.2346636e-17  -6.6349785e-17  
-4.8907682e-17  4.0719500e-16  1.5365008e-16  1.8224274e-16  1.0000000   -1.2333004e-16  -3.2862867e-17  -8.6036662e-16  -7.1213748e-16  3.0032003e-17  -2.5272176e-16  -4.8907682e-17  4.0719500e-16  1.5365008e-16  1.8224274e-16  1.0000000   -1.2333004e-16  -3.2862867e-17  -8.6036662e-16  -7.1213748e-16  3.0032003e-17  -2.5272176e-16  
1.1471537e-16  -3.7557356e-16  -1.8692217e-16  2.3050265e-16  -1.2333004e-16  1.0000000   9.1420266e-17  -2.5123505e-16  -6.2396894e-17  -3.6445610e-16  1.0284971e-16  1.1471537e-16  -3.7557356e-16  -1.8692217e-16  2.3050265e-16  -1.2333004e-16  1.0000000   9.1420266e-17  -2.5123505e-16  -6.2396894e-17  -3.6445610e-16  1.0284971e-16  
-6.6119731e-16  -3.2336838e-16  -1.1317970e-16  3.5614856e-16  -3.2862867e-17  9.1420266e-17  1.0000000   2.1627631e-16  -4.6099705e-16  -1.0613471e-16  2.8053731e-17  -6.6119731e-16  -3.2336838e-16  -1.1317970e-16  3.5614856e-16  -3.2862867e-17  9.1420266e-17  1.0000000   2.1627631e-16  -4.6099705e-16  -1.0613471e-16  2.8053731e-17  
8.3451380e-17  7.5248289e-17  -1.5792019e-16  -1.5704181e-16  -8.6036662e-16  -2.5123505e-16  2.1627631e-16  1.0000000   -8.9096431e-17  -1.1520707e-18  -3.5520856e-16  8.3451380e-17  7.5248289e-17  -1.5792019e-16  -1.5704181e-16  -8.6036662e-16  -2.5123505e-16  2.1627631e-16  1.0000000   -8.9096431e-17  -1.1520707e-18  -3.5520856e-16  
3.4537514e-16  5.3062802e-16  3.5888924e-16  -1.3202247e-16  -7.1213748e-16  -6.2396894e-17  -4.6099705e-16  -8.9096431e-17  1.0000000   2.0093012e-16  -3.1125920e-16  3.4537514e-16  5.3062802e-16  3.5888924e-16  -1.3202247e-16  -7.1213748e-16  -6.2396894e-17  -4.6099705e-16  -8.9096431e-17  1.0000000   2.0093012e-16  -3.1125920e-16  
-3.3376402e-16  3.5760228e-16  -2.9172196e-16  5.2346636e-17  3.0032003e-17  -3.6445610e-16  -1.0613471e-16  -1.1520707e-18  2.0093012e-16  1.0000000   -1.5048610e-16  -3.3376402e-16  3.5760228e-16  -2.9172196e-16  5.2346636e-17  3.0032003e-17  -3.6445610e-16  -1.0613471e-16  -1.1520707e-18  2.0093012e-16  1.0000000   -1.5048610e-16  
-3.3181838e-16  1.0336174e-16  -2.6269160e-16  -6.6349785e-17  -2.5272176e-16  1.0284971e-16  2.8053731e-17  -3.5520856e-16  -3.1125920e-16  -1.5048610e-16  1.0000000   -3.3181838e-16  1.0336174e-16  -2.6269160e-16  -6.6349785e-17  -2.5272176e-16  1.0284971e-16  2.8053731e-17  -3.5520856e-16  -3.1125920e-16  -1.5048610e-16  1.0000000   
