1.0000000   -7.1835170e-17  1.5213728e-16  2.5959188e-16  -1.4580402e-16  9.2843917e-17  3.2910957e-16  3.0939954e-16  3.2235406e-16  -1.5493291e-16  2.5773519e-17  1.0000000   -7.1835170e-17  1.5213728e-16  2.5959188e-16  -1.4580402e-16  9.2843917e-17  3.2910957e-16  3.0939954e-16  3.2235406e-16  -1.5493291e-16  2.5773519e-17  
-7.1835170e-17  1.0000000   2.7324097e-16  4.6040815e-16  2.3904117e-17  -7.0668573e-16  3.3524548e-16  -1.3965869e-16  -5.7241851e-17  3.3913992e-16  -1.7998095e-16  -7.1835170e-17  1.0000000   2.7324097e-16  4.6040815e-16  2.3904117e-17  -7.0668573e-16  3.3524548e-16  -1.3965869e-16  -5.7241851e-17  3.3913992e-16  -1.7998095e-16  
1.5213728e-16  2.7324097e-16  1.0000000   -5.5910612e-16  3.9898555e-16  -3.6878978e-16  5.3284471e-16  -3.7308159e-16  -4.0977760e-16  -1.6634668e-17  2.5455373e-16  1.5213728e-16  2.7324097e-16  1.0000000   -5.5910612e-16  3.9898555e-16  -3.6878978e-16  5.3284471e-16  -3.7308159e-16  -4.0977760e-16  -1.6634668e-17  2.5455373e-16  
2.5959188e-16  4.6040815e-16  -5.5910612e-16  1.0000000   3.7700166e-16  1.2808917e-16  -4.3842425e-16  -1.5355267e-16  6.6657004e-16  1.7970609e-16  -3.8615385e-17  2.5959188e-16  4.6040815e-16  -5.5910612e-16  1.0000000   3.7700166e-16  1.2808917e-16  -4.3842425e-16  -1.5355267e-16  6.6657004e-16  1.7970609e-16  -3.8615385e-17  
-1.4580402e-16  2.3904117e-17  3.9898555e-16  3.7700166e-16  1.0000000   -3.2174123e-17  7.5037802e-17  -7.8002809e-16  -3.5780265e-16  -3.9159140e-16  1.0004905e-15  -1.4580402e-16  2.3904117e-17  3.9898555e-16  3.7700166e-16  1.0000000   -3.2174123e-17  7.5037802e-17  -7.8002809e-16  -3.5780265e-16  -3.9159140e-16  1.0004905e-15  
9.2843917e-17  -7.0668573e-16  -3.6878978e-16  1.2808917e-16  -3.2174123e-17  1.0000000   1.3279571e-16  -2.3682184e-16  -3.2124118e-16  -1.8036979e-16  -1.2918989e-16  9.2843917e-17  -7.0668573e-16  -3.6878978e-16  1.2808917e-16  -3.2174123e-17  1.0000000   1.3279571e-16  -2.3682184e-16  -3.2124118e-16  -1.8036979e-16  -1.2918989e-16  
3.2910957e-16  3.3524548e-16  5.3284471e-16  -4.3842425e-16  7.5037802e-17  1.3279571e-16  1.0000000   2.1628086e-16  2.2934561e-16  9.3730125e-17  2.0749427e-16  3.2910957e-16  3.3524548e-16  5.3284471e-16  -4.3842425e-16  7.5037802e-17  1.3279571e-16  1.0000000   2.1628086e-16  2.2934561e-16  9.3730125e-17  2.0749427e-16  
3.0939954e-16  -1.3965869e-16  -3.7308159e-16  -1.5355267e-16  -7.8002809e-16  -2.3682184e-16  2.1628086e-16  1.0000000   -1.5247173e-16  8.2508950e-17  8.0109660e-16  3.0939954e-16  -1.3965869e-16  -3.7308159e-16  -1.5355267e-16  -7.8002809e-16  -2.3682184e-16  2.1628086e-16  1.0000000   -1.5247173e-16  8.2508950e-17  8.0109660e-16  
3.2235406e-16  -5.7241851e-17  -4.0977760e-16  6.6657004e-16  -3.5780265e-16  -3.2124118e-16  2.2934561e-16  -1.5247173e-16  1.0000000   2.5637676e-17  -4.9067877e-17  3.2235406e-16  -5.7241851e-17  -4.0977760e-16  6.6657004e-16  -3.5780265e-16  -3.2124118e-16  2.2934561e-16  -1.5247173e-16  1.0000000   2.5637676e-17  -4.9067877e-17  
-1.5493291e-16  3.3913992e-16  -1.6634668e-17  1.7970609e-16  -3.9159140e-16  -1.8036979e-16  9.3730125e-17  8.2508950e-17  2.5637676e-17  1.0000000   1.9489752e-16  -1.5493291e-16  3.3913992e-16  -1.6634668e-17  1.7970609e-16  -3.9159140e-16  -1.8036979e-16  9.3730125e-17  8.2508950e-17  2.5637676e-17  1.0000000   1.9489752e-16  
2.5773519e-17  -1.7998095e-16  2.5455373e-16  -3.8615385e-17  1.0004905e-15  -1.2918989e-16  2.0749427e-16  8.0109660e-16  -4.9067877e-17  1.9489752e-16  1.0000000   2.5773519e-17  -1.7998095e-16  2.5455373e-16  -3.8615385e-17  1.0004905e-15  -1.2918989e-16  2.0749427e-16  8.0109660e-16  -4.9067877e-17  1.9489752e-16  1.0000000   
1.0000000   -7.1835170e-17  1.5213728e-16  2.5959188e-16  -1.4580402e-16  9.2843917e-17  3.2910957e-16  3.0939954e-16  3.2235406e-16  -1.5493291e-16  2.5773519e-17  1.0000000   -7.1835170e-17  1.5213728e-16  2.5959188e-16  -1.4580402e-16  9.2843917e-17  3.2910957e-16  3.0939954e-16  3.2235406e-16  -1.5493291e-16  2.5773519e-17  
-7.1835170e-17  1.0000000   2.7324097e-16  4.6040815e-16  2.3904117e-17  -7.0668573e-16  3.3524548e-16  -1.3965869e-16  -5.7241851e-17  3.3913992e-16  -1.7998095e-16  -7.1835170e-17  1.0000000   2.7324097e-16  4.6040815e-16  2.3904117e-17  -7.0668573e-16  3.3524548e-16  -1.3965869e-16  -5.7241851e-17  3.3913992e-16  -1.7998095e-16  
1.5213728e-16  2.7324097e-16  1.0000000   -5.5910612e-16  3.9898555e-16  -3.6878978e-16  5.3284471e-16  -3.7308159e-16  -4.0977760e-16  -1.6634668e-17  2.5455373e-16  1.5213728e-16  2.7324097e-16  1.0000000   -5.5910612e-16  3.9898555e-16  -3.6878978e-16  5.3284471e-16  -3.7308159e-16  -4.0977760e-16  -1.6634668e-17  2.5455373e-16  
2.5959188e-16  4.6040815e-16  -5.5910612e-16  1.0000000   3.7700166e-16  1.2808917e-16  -4.3842425e-16  -1.5355267e-16  6.6657004e-16  1.7970609e-16  -3.8615385e-17  2.5959188e-16  4.6040815e-16  -5.5910612e-16  1.0000000   3.7700166e-16  1.2808917e-16  -4.3842425e-16  -1.5355267e-16  6.6657004e-16  1.7970609e-16  -3.8615385e-17  
-1.4580402e-16  2.3904117e-17  3.9898555e-16  3.7700166e-16  1.0000000   -3.2174123e-17  7.5037802e-17  -7.8002809e-16  -3.5780265e-16  -3.9159140e-16  1.0004905e-15  -1.4580402e-16  2.3904117e-17  3.9898555e-16  3.7700166e-16  1.0000000   -3.2174123e-17  7.5037802e-17  -7.8002809e-16  -3.5780265e-16  -3.9159140e-16  1.0004905e-15  
9.2843917e-17  -7.0668573e-16  -3.6878978e-16  1.2808917e-16  -3.2174123e-17  1.0000000   1.3279571e-16  -2.3682184e-16  -3.2124118e-16  -1.8036979e-16  -1.2918989e-16  9.2843917e-17  -7.0668573e-16  -3.6878978e-16  1.2808917e-16  -3.2174123e-17  1.0000000   1.3279571e-16  -2.3682184e-16  -3.2124118e-16  -1.8036979e-16  -1.2918989e-16  
3.2910957e-16  3.3524548e-16  5.3284471e-16  -4.3842425e-16  7.5037802e-17  1.3279571e-16  1.0000000   2.1628086e-16  2.2934561e-16  9.3730125e-17  2.0749427e-16  3.2910957e-16  3.3524548e-16  5.3284471e-16  -4.3842425e-16  7.5037802e-17  1.3279571e-16  1.0000000   2.1628086e-16  2.2934561e-16  9.3730125e-17  2.0749427e-16  
3.0939954e-16  -1.3965869e-16  -3.7308159e-16  -1.5355267e-16  -7.8002809e-16  -2.3682184e-16  2.1628086e-16  1.0000000   -1.5247173e-16  8.2508950e-17  8.0109660e-16  3.0939954e-16  -1.3965869e-16  -3.7308159e-16  -1.5355267e-16  -7.8002809e-16  -2.3682184e-16  2.1628086e-16  1.0000000   -1.5247173e-16  8.2508950e-17  8.0109660e-16  
3.2235406e-16  -5.7241851e-17  -4.0977760e-16  6.6657004e-16  -3.5780265e-16  -3.2124118e-16  2.2934561e-16  -1.5247173e-16  1.0000000   2.5637676e-17  -4.9067877e-17  3.2235406e-16  -5.7241851e-17  -4.0977760e-16  6.6657004e-16  -3.5780265e-16  -3.2124118e-16  2.2934561e-16  -1.5247173e-16  1.0000000   2.5637676e-17  -4.9067877e-17  
-1.5493291e-16  3.3913992e-16  -1.6634668e-17  1.7970609e-16  -3.9159140e-16  -1.8036979e-16  9.3730125e-17  8.2508950e-17  2.5637676e-17  1.0000000   1.9489752e-16  -1.5493291e-16  3.3913992e-16  -1.6634668e-17  1.7970609e-16  -3.9159140e-16  -1.8036979e-16  9.3730125e-17  8.2508950e-17  2.5637676e-17  1.0000000   1.9489752e-16  
2.5773519e-17  -1.7998095e-16  2.5455373e-16  -3.8615385e-17  1.0004905e-15  -1.2918989e-16  2.0749427e-16  8.0109660e-16  -4.9067877e-17  1.9489752e-16  1.0000000   2.5773519e-17  -1.7998095e-16  2.5455373e-16  -3.8615385e-17  1.0004905e-15  -1.2918989e-16  2.0749427e-16  8.0109660e-16  -4.9067877e-17  1.9489752e-16  1.0000000   
