1.0000000   -2.7457844e-17  -2.4289178e-16  5.1446071e-16  3.9029161e-18  8.0844890e-16  1.1744281e-16  -5.0745066e-16  7.0806872e-17  6.9956663e-17  -1.6093626e-17  1.0000000   -2.7457844e-17  -2.4289178e-16  5.1446071e-16  3.9029161e-18  8.0844890e-16  1.1744281e-16  -5.0745066e-16  7.0806872e-17  6.9956663e-17  -1.6093626e-17  
-2.7457844e-17  1.0000000   1.1835528e-16  -5.0501100e-16  -9.0533978e-17  -4.6430746e-16  -1.8000212e-16  5.3969932e-16  3.4802805e-16  8.5833515e-16  3.0700323e-16  -2.7457844e-17  1.0000000   1.1835528e-16  -5.0501100e-16  -9.0533978e-17  -4.6430746e-16  -1.8000212e-16  5.3969932e-16  3.4802805e-16  8.5833515e-16  3.0700323e-16  
-2.4289178e-16  1.1835528e-16  1.0000000   -6.1521019e-16  -1.9698651e-16  1.7196463e-16  2.0575108e-16  1.0444848e-16  -4.4042071e-16  1.4207919e-16  -2.3435708e-16  -2.4289178e-16  1.1835528e-16  1.0000000   -6.1521019e-16  -1.9698651e-16  1.7196463e-16  2.0575108e-16  1.0444848e-16  -4.4042071e-16  1.4207919e-16  -2.3435708e-16  
5.1446071e-16  -5.0501100e-16  -6.1521019e-16  1.0000000   -1.3672700e-16  1.2588180e-17  1.3586154e-16  -7.7545866e-18  -1.6286834e-16  -1.7120601e-16  1.8096817e-16  5.1446071e-16  -5.0501100e-16  -6.1521019e-16  1.0000000   -1.3672700e-16  1.2588180e-17  1.3586154e-16  -7.7545866e-18  -1.6286834e-16  -1.7120601e-16  1.8096817e-16  
3.9029161e-18  -9.0533978e-17  -1.9698651e-16  -1.3672700e-16  1.0000000   1.0622852e-16  2.8426045e-16  5.2048745e-16  -2.5255669e-16  3.0457869e-16  -4.1770556e-16  3.9029161e-18  -9.0533978e-17  -1.9698651e-16  -1.3672700e-16  1.0000000   1.0622852e-16  2.8426045e-16  5.2048745e-16  -2.5255669e-16  3.0457869e-16  -4.1770556e-16  
8.0844890e-16  -4.6430746e-16  1.7196463e-16  1.2588180e-17  1.0622852e-16  1.0000000   1.5765401e-18  1.3667724e-17  -1.3111308e-16  -3.9602180e-16  -4.7999748e-16  8.0844890e-16  -4.6430746e-16  1.7196463e-16  1.2588180e-17  1.0622852e-16  1.0000000   1.5765401e-18  1.3667724e-17  -1.3111308e-16  -3.9602180e-16  -4.7999748e-16  
1.1744281e-16  -1.8000212e-16  2.0575108e-16  1.3586154e-16  2.8426045e-16  1.5765401e-18  1.0000000   -8.4832975e-16  2.6243622e-16  -3.7343740e-16  2.3485301e-16  1.1744281e-16  -1.8000212e-16  2.0575108e-16  1.3586154e-16  2.8426045e-16  1.5765401e-18  1.0000000   -8.4832975e-16  2.6243622e-16  -3.7343740e-16  2.3485301e-16  
-5.0745066e-16  5.3969932e-16  1.0444848e-16  -7.7545866e-18  5.2048745e-16  1.3667724e-17  -8.4832975e-16  1.0000000   1.7462516e-16  -4.0320960e-16  -3.8736680e-16  -5.0745066e-16  5.3969932e-16  1.0444848e-16  -7.7545866e-18  5.2048745e-16  1.3667724e-17  -8.4832975e-16  1.0000000   1.7462516e-16  -4.0320960e-16  -3.8736680e-16  
7.0806872e-17  3.4802805e-16  -4.4042071e-16  -1.6286834e-16  -2.5255669e-16  -1.3111308e-16  2.6243622e-16  1.7462516e-16  1.0000000   3.2423638e-16  -3.7248274e-19  7.0806872e-17  3.4802805e-16  -4.4042071e-16  -1.6286834e-16  -2.5255669e-16  -1.3111308e-16  2.6243622e-16  1.7462516e-16  1.0000000   3.2423638e-16  -3.7248274e-19  
6.9956663e-17  8.5833515e-16  1.4207919e-16  -1.7120601e-16  3.0457869e-16  -3.9602180e-16  -3.7343740e-16  -4.0320960e-16  3.2423638e-16  1.0000000   -3.0560684e-17  6.9956663e-17  8.5833515e-16  1.4207919e-16  -1.7120601e-16  3.0457869e-16  -3.9602180e-16  -3.7343740e-16  -4.0320960e-16  3.2423638e-16  1.0000000   -3.0560684e-17  
-1.6093626e-17  3.0700323e-16  -2.3435708e-16  1.8096817e-16  -4.1770556e-16  -4.7999748e-16  2.3485301e-16  -3.8736680e-16  -3.7248274e-19  -3.0560684e-17  1.0000000   -1.6093626e-17  3.0700323e-16  -2.3435708e-16  1.8096817e-16  -4.1770556e-16  -4.7999748e-16  2.3485301e-16  -3.8736680e-16  -3.7248274e-19  -3.0560684e-17  1.0000000   
1.0000000   -2.7457844e-17  -2.4289178e-16  5.1446071e-16  3.9029161e-18  8.0844890e-16  1.1744281e-16  -5.0745066e-16  7.0806872e-17  6.9956663e-17  -1.6093626e-17  1.0000000   -2.7457844e-17  -2.4289178e-16  5.1446071e-16  3.9029161e-18  8.0844890e-16  1.1744281e-16  -5.0745066e-16  7.0806872e-17  6.9956663e-17  -1.6093626e-17  
-2.7457844e-17  1.0000000   1.1835528e-16  -5.0501100e-16  -9.0533978e-17  -4.6430746e-16  -1.8000212e-16  5.3969932e-16  3.4802805e-16  8.5833515e-16  3.0700323e-16  -2.7457844e-17  1.0000000   1.1835528e-16  -5.0501100e-16  -9.0533978e-17  -4.6430746e-16  -1.8000212e-16  5.3969932e-16  3.4802805e-16  8.5833515e-16  3.0700323e-16  
-2.4289178e-16  1.1835528e-16  1.0000000   -6.1521019e-16  -1.9698651e-16  1.7196463e-16  2.0575108e-16  1.0444848e-16  -4.4042071e-16  1.4207919e-16  -2.3435708e-16  -2.4289178e-16  1.1835528e-16  1.0000000   -6.1521019e-16  -1.9698651e-16  1.7196463e-16  2.0575108e-16  1.0444848e-16  -4.4042071e-16  1.4207919e-16  -2.3435708e-16  
5.1446071e-16  -5.0501100e-16  -6.1521019e-16  1.0000000   -1.3672700e-16  1.2588180e-17  1.3586154e-16  -7.7545866e-18  -1.6286834e-16  -1.7120601e-16  1.8096817e-16  5.1446071e-16  -5.0501100e-16  -6.1521019e-16  1.0000000   -1.3672700e-16  1.2588180e-17  1.3586154e-16  -7.7545866e-18  -1.6286834e-16  -1.7120601e-16  1.8096817e-16  
3.9029161e-18  -9.0533978e-17  -1.9698651e-16  -1.3672700e-16  1.0000000   1.0622852e-16  2.8426045e-16  5.2048745e-16  -2.5255669e-16  3.0457869e-16  -4.1770556e-16  3.9029161e-18  -9.0533978e-17  -1.9698651e-16  -1.3672700e-16  1.0000000   1.0622852e-16  2.8426045e-16  5.2048745e-16  -2.5255669e-16  3.0457869e-16  -4.1770556e-16  
8.0844890e-16  -4.6430746e-16  1.7196463e-16  1.2588180e-17  1.0622852e-16  1.0000000   1.5765401e-18  1.3667724e-17  -1.3111308e-16  -3.9602180e-16  -4.7999748e-16  8.0844890e-16  -4.6430746e-16  1.7196463e-16  1.2588180e-17  1.0622852e-16  1.0000000   1.5765401e-18  1.3667724e-17  -1.3111308e-16  -3.9602180e-16  -4.7999748e-16  
1.1744281e-16  -1.8000212e-16  2.0575108e-16  1.3586154e-16  2.8426045e-16  1.5765401e-18  1.0000000   -8.4832975e-16  2.6243622e-16  -3.7343740e-16  2.3485301e-16  1.1744281e-16  -1.8000212e-16  2.0575108e-16  1.3586154e-16  2.8426045e-16  1.5765401e-18  1.0000000   -8.4832975e-16  2.6243622e-16  -3.7343740e-16  2.3485301e-16  
-5.0745066e-16  5.3969932e-16  1.0444848e-16  -7.7545866e-18  5.2048745e-16  1.3667724e-17  -8.4832975e-16  1.0000000   1.7462516e-16  -4.0320960e-16  -3.8736680e-16  -5.0745066e-16  5.3969932e-16  1.0444848e-16  -7.7545866e-18  5.2048745e-16  1.3667724e-17  -8.4832975e-16  1.0000000   1.7462516e-16  -4.0320960e-16  -3.8736680e-16  
7.0806872e-17  3.4802805e-16  -4.4042071e-16  -1.6286834e-16  -2.5255669e-16  -1.3111308e-16  2.6243622e-16  1.7462516e-16  1.0000000   3.2423638e-16  -3.7248274e-19  7.0806872e-17  3.4802805e-16  -4.4042071e-16  -1.6286834e-16  -2.5255669e-16  -1.3111308e-16  2.6243622e-16  1.7462516e-16  1.0000000   3.2423638e-16  -3.7248274e-19  
6.9956663e-17  8.5833515e-16  1.4207919e-16  -1.7120601e-16  3.0457869e-16  -3.9602180e-16  -3.7343740e-16  -4.0320960e-16  3.2423638e-16  1.0000000   -3.0560684e-17  6.9956663e-17  8.5833515e-16  1.4207919e-16  -1.7120601e-16  3.0457869e-16  -3.9602180e-16  -3.7343740e-16  -4.0320960e-16  3.2423638e-16  1.0000000   -3.0560684e-17  
-1.6093626e-17  3.0700323e-16  -2.3435708e-16  1.8096817e-16  -4.1770556e-16  -4.7999748e-16  2.3485301e-16  -3.8736680e-16  -3.7248274e-19  -3.0560684e-17  1.0000000   -1.6093626e-17  3.0700323e-16  -2.3435708e-16  1.8096817e-16  -4.1770556e-16  -4.7999748e-16  2.3485301e-16  -3.8736680e-16  -3.7248274e-19  -3.0560684e-17  1.0000000   
