1.0000000   8.7281875e-17  -8.9649967e-17  -2.9285656e-16  -1.2120851e-16  1.3404127e-16  -5.9513213e-16  2.8354936e-16  -4.6375986e-16  3.0526983e-16  1.5658590e-16  1.0000000   8.7281875e-17  -8.9649967e-17  -2.9285656e-16  -1.2120851e-16  1.3404127e-16  -5.9513213e-16  2.8354936e-16  -4.6375986e-16  3.0526983e-16  1.5658590e-16  
8.7281875e-17  1.0000000   -6.4794156e-16  1.1852511e-16  3.2800741e-16  -5.7080566e-16  -3.1348689e-18  -2.7742865e-16  3.1760612e-17  5.5822847e-16  -5.8446438e-17  8.7281875e-17  1.0000000   -6.4794156e-16  1.1852511e-16  3.2800741e-16  -5.7080566e-16  -3.1348689e-18  -2.7742865e-16  3.1760612e-17  5.5822847e-16  -5.8446438e-17  
-8.9649967e-17  -6.4794156e-16  1.0000000   -9.7171620e-16  -7.3722465e-17  3.4807464e-16  4.4640330e-16  2.4309210e-16  -1.2652250e-15  -3.4655506e-17  3.1802530e-16  -8.9649967e-17  -6.4794156e-16  1.0000000   -9.7171620e-16  -7.3722465e-17  3.4807464e-16  4.4640330e-16  2.4309210e-16  -1.2652250e-15  -3.4655506e-17  3.1802530e-16  
-2.9285656e-16  1.1852511e-16  -9.7171620e-16  1.0000000   -1.4138716e-16  -2.5360336e-16  1.4765648e-16  -2.3729586e-16  -5.6319941e-16  -3.6199975e-16  -1.1802159e-15  -2.9285656e-16  1.1852511e-16  -9.7171620e-16  1.0000000   -1.4138716e-16  -2.5360336e-16  1.4765648e-16  -2.3729586e-16  -5.6319941e-16  -3.6199975e-16  -1.1802159e-15  
-1.2120851e-16  3.2800741e-16  -7.3722465e-17  -1.4138716e-16  1.0000000   3.8491713e-16  2.2075362e-16  -4.6752354e-17  1.6389087e-16  3.1661995e-16  2.8199273e-16  -1.2120851e-16  3.2800741e-16  -7.3722465e-17  -1.4138716e-16  1.0000000   3.8491713e-16  2.2075362e-16  -4.6752354e-17  1.6389087e-16  3.1661995e-16  2.8199273e-16  
1.3404127e-16  -5.7080566e-16  3.4807464e-16  -2.5360336e-16  3.8491713e-16  1.0000000   5.2002063e-16  3.3769933e-17  7.0792896e-17  3.0642677e-16  5.7962888e-17  1.3404127e-16  -5.7080566e-16  3.4807464e-16  -2.5360336e-16  3.8491713e-16  1.0000000   5.2002063e-16  3.3769933e-17  7.0792896e-17  3.0642677e-16  5.7962888e-17  
-5.9513213e-16  -3.1348689e-18  4.4640330e-16  1.4765648e-16  2.2075362e-16  5.2002063e-16  1.0000000   2.6005309e-16  1.3151796e-16  -1.9607489e-17  -1.3905062e-16  -5.9513213e-16  -3.1348689e-18  4.4640330e-16  1.4765648e-16  2.2075362e-16  5.2002063e-16  1.0000000   2.6005309e-16  1.3151796e-16  -1.9607489e-17  -1.3905062e-16  
2.8354936e-16  -2.7742865e-16  2.4309210e-16  -2.3729586e-16  -4.6752354e-17  3.3769933e-17  2.6005309e-16  1.0000000   2.6632960e-16  3.1958280e-16  2.4053110e-16  2.8354936e-16  -2.7742865e-16  2.4309210e-16  -2.3729586e-16  -4.6752354e-17  3.3769933e-17  2.6005309e-16  1.0000000   2.6632960e-16  3.1958280e-16  2.4053110e-16  
-4.6375986e-16  3.1760612e-17  -1.2652250e-15  -5.6319941e-16  1.6389087e-16  7.0792896e-17  1.3151796e-16  2.6632960e-16  1.0000000   -2.1106409e-16  -6.1934795e-16  -4.6375986e-16  3.1760612e-17  -1.2652250e-15  -5.6319941e-16  1.6389087e-16  7.0792896e-17  1.3151796e-16  2.6632960e-16  1.0000000   -2.1106409e-16  -6.1934795e-16  
3.0526983e-16  5.5822847e-16  -3.4655506e-17  -3.6199975e-16  3.1661995e-16  3.0642677e-16  -1.9607489e-17  3.1958280e-16  -2.1106409e-16  1.0000000   -1.0512936e-17  3.0526983e-16  5.5822847e-16  -3.4655506e-17  -3.6199975e-16  3.1661995e-16  3.0642677e-16  -1.9607489e-17  3.1958280e-16  -2.1106409e-16  1.0000000   -1.0512936e-17  
1.5658590e-16  -5.8446438e-17  3.1802530e-16  -1.1802159e-15  2.8199273e-16  5.7962888e-17  -1.3905062e-16  2.4053110e-16  -6.1934795e-16  -1.0512936e-17  1.0000000   1.5658590e-16  -5.8446438e-17  3.1802530e-16  -1.1802159e-15  2.8199273e-16  5.7962888e-17  -1.3905062e-16  2.4053110e-16  -6.1934795e-16  -1.0512936e-17  1.0000000   
1.0000000   8.7281875e-17  -8.9649967e-17  -2.9285656e-16  -1.2120851e-16  1.3404127e-16  -5.9513213e-16  2.8354936e-16  -4.6375986e-16  3.0526983e-16  1.5658590e-16  1.0000000   8.7281875e-17  -8.9649967e-17  -2.9285656e-16  -1.2120851e-16  1.3404127e-16  -5.9513213e-16  2.8354936e-16  -4.6375986e-16  3.0526983e-16  1.5658590e-16  
8.7281875e-17  1.0000000   -6.4794156e-16  1.1852511e-16  3.2800741e-16  -5.7080566e-16  -3.1348689e-18  -2.7742865e-16  3.1760612e-17  5.5822847e-16  -5.8446438e-17  8.7281875e-17  1.0000000   -6.4794156e-16  1.1852511e-16  3.2800741e-16  -5.7080566e-16  -3.1348689e-18  -2.7742865e-16  3.1760612e-17  5.5822847e-16  -5.8446438e-17  
-8.9649967e-17  -6.4794156e-16  1.0000000   -9.7171620e-16  -7.3722465e-17  3.4807464e-16  4.4640330e-16  2.4309210e-16  -1.2652250e-15  -3.4655506e-17  3.1802530e-16  -8.9649967e-17  -6.4794156e-16  1.0000000   -9.7171620e-16  -7.3722465e-17  3.4807464e-16  4.4640330e-16  2.4309210e-16  -1.2652250e-15  -3.4655506e-17  3.1802530e-16  
-2.9285656e-16  1.1852511e-16  -9.7171620e-16  1.0000000   -1.4138716e-16  -2.5360336e-16  1.4765648e-16  -2.3729586e-16  -5.6319941e-16  -3.6199975e-16  -1.1802159e-15  -2.9285656e-16  1.1852511e-16  -9.7171620e-16  1.0000000   -1.4138716e-16  -2.5360336e-16  1.4765648e-16  -2.3729586e-16  -5.6319941e-16  -3.6199975e-16  -1.1802159e-15  
-1.2120851e-16  3.2800741e-16  -7.3722465e-17  -1.4138716e-16  1.0000000   3.8491713e-16  2.2075362e-16  -4.6752354e-17  1.6389087e-16  3.1661995e-16  2.8199273e-16  -1.2120851e-16  3.2800741e-16  -7.3722465e-17  -1.4138716e-16  1.0000000   3.8491713e-16  2.2075362e-16  -4.6752354e-17  1.6389087e-16  3.1661995e-16  2.8199273e-16  
1.3404127e-16  -5.7080566e-16  3.4807464e-16  -2.5360336e-16  3.8491713e-16  1.0000000   5.2002063e-16  3.3769933e-17  7.0792896e-17  3.0642677e-16  5.7962888e-17  1.3404127e-16  -5.7080566e-16  3.4807464e-16  -2.5360336e-16  3.8491713e-16  1.0000000   5.2002063e-16  3.3769933e-17  7.0792896e-17  3.0642677e-16  5.7962888e-17  
-5.9513213e-16  -3.1348689e-18  4.4640330e-16  1.4765648e-16  2.2075362e-16  5.2002063e-16  1.0000000   2.6005309e-16  1.3151796e-16  -1.9607489e-17  -1.3905062e-16  -5.9513213e-16  -3.1348689e-18  4.4640330e-16  1.4765648e-16  2.2075362e-16  5.2002063e-16  1.0000000   2.6005309e-16  1.3151796e-16  -1.9607489e-17  -1.3905062e-16  
2.8354936e-16  -2.7742865e-16  2.4309210e-16  -2.3729586e-16  -4.6752354e-17  3.3769933e-17  2.6005309e-16  1.0000000   2.6632960e-16  3.1958280e-16  2.4053110e-16  2.8354936e-16  -2.7742865e-16  2.4309210e-16  -2.3729586e-16  -4.6752354e-17  3.3769933e-17  2.6005309e-16  1.0000000   2.6632960e-16  3.1958280e-16  2.4053110e-16  
-4.6375986e-16  3.1760612e-17  -1.2652250e-15  -5.6319941e-16  1.6389087e-16  7.0792896e-17  1.3151796e-16  2.6632960e-16  1.0000000   -2.1106409e-16  -6.1934795e-16  -4.6375986e-16  3.1760612e-17  -1.2652250e-15  -5.6319941e-16  1.6389087e-16  7.0792896e-17  1.3151796e-16  2.6632960e-16  1.0000000   -2.1106409e-16  -6.1934795e-16  
3.0526983e-16  5.5822847e-16  -3.4655506e-17  -3.6199975e-16  3.1661995e-16  3.0642677e-16  -1.9607489e-17  3.1958280e-16  -2.1106409e-16  1.0000000   -1.0512936e-17  3.0526983e-16  5.5822847e-16  -3.4655506e-17  -3.6199975e-16  3.1661995e-16  3.0642677e-16  -1.9607489e-17  3.1958280e-16  -2.1106409e-16  1.0000000   -1.0512936e-17  
1.5658590e-16  -5.8446438e-17  3.1802530e-16  -1.1802159e-15  2.8199273e-16  5.7962888e-17  -1.3905062e-16  2.4053110e-16  -6.1934795e-16  -1.0512936e-17  1.0000000   1.5658590e-16  -5.8446438e-17  3.1802530e-16  -1.1802159e-15  2.8199273e-16  5.7962888e-17  -1.3905062e-16  2.4053110e-16  -6.1934795e-16  -1.0512936e-17  1.0000000   
