1.0000000   -4.6891744e-17  -4.1487335e-16  -2.2606462e-17  4.4942721e-17  3.8628006e-16  8.5552022e-17  2.3168172e-16  3.5416883e-17  2.0076544e-16  -2.6174080e-16  1.0000000   -4.6891744e-17  -4.1487335e-16  -2.2606462e-17  4.4942721e-17  3.8628006e-16  8.5552022e-17  2.3168172e-16  3.5416883e-17  2.0076544e-16  -2.6174080e-16  
-4.6891744e-17  1.0000000   2.7944972e-16  -4.1350624e-16  4.7347448e-17  -5.5817269e-16  5.1961914e-16  2.8449296e-17  -4.1076863e-16  4.5408166e-16  -1.8448886e-16  -4.6891744e-17  1.0000000   2.7944972e-16  -4.1350624e-16  4.7347448e-17  -5.5817269e-16  5.1961914e-16  2.8449296e-17  -4.1076863e-16  4.5408166e-16  -1.8448886e-16  
-4.1487335e-16  2.7944972e-16  1.0000000   1.0179218e-17  8.1332781e-16  -8.3784264e-17  -6.2483418e-16  4.8924115e-16  -1.2496383e-16  6.5340757e-17  3.4203953e-16  -4.1487335e-16  2.7944972e-16  1.0000000   1.0179218e-17  8.1332781e-16  -8.3784264e-17  -6.2483418e-16  4.8924115e-16  -1.2496383e-16  6.5340757e-17  3.4203953e-16  
-2.2606462e-17  -4.1350624e-16  1.0179218e-17  1.0000000   1.8797339e-16  -6.6181109e-16  -3.1383037e-16  -2.7253216e-16  -3.6836949e-16  -2.2422942e-16  3.0309380e-16  -2.2606462e-17  -4.1350624e-16  1.0179218e-17  1.0000000   1.8797339e-16  -6.6181109e-16  -3.1383037e-16  -2.7253216e-16  -3.6836949e-16  -2.2422942e-16  3.0309380e-16  
4.4942721e-17  4.7347448e-17  8.1332781e-16  1.8797339e-16  1.0000000   -1.1888489e-16  1.2331741e-17  -6.8916771e-16  3.3478972e-16  6.7951656e-17  7.0671463e-16  4.4942721e-17  4.7347448e-17  8.1332781e-16  1.8797339e-16  1.0000000   -1.1888489e-16  1.2331741e-17  -6.8916771e-16  3.3478972e-16  6.7951656e-17  7.0671463e-16  
3.8628006e-16  -5.5817269e-16  -8.3784264e-17  -6.6181109e-16  -1.1888489e-16  1.0000000   -1.5984571e-16  1.3240798e-16  1.7619359e-16  1.3825759e-16  -1.9265870e-16  3.8628006e-16  -5.5817269e-16  -8.3784264e-17  -6.6181109e-16  -1.1888489e-16  1.0000000   -1.5984571e-16  1.3240798e-16  1.7619359e-16  1.3825759e-16  -1.9265870e-16  
8.5552022e-17  5.1961914e-16  -6.2483418e-16  -3.1383037e-16  1.2331741e-17  -1.5984571e-16  1.0000000   2.4205322e-16  -6.5654000e-17  -1.8709264e-16  -6.4662495e-17  8.5552022e-17  5.1961914e-16  -6.2483418e-16  -3.1383037e-16  1.2331741e-17  -1.5984571e-16  1.0000000   2.4205322e-16  -6.5654000e-17  -1.8709264e-16  -6.4662495e-17  
2.3168172e-16  2.8449296e-17  4.8924115e-16  -2.7253216e-16  -6.8916771e-16  1.3240798e-16  2.4205322e-16  1.0000000   -3.7085088e-16  -9.7918915e-17  -3.1179452e-16  2.3168172e-16  2.8449296e-17  4.8924115e-16  -2.7253216e-16  -6.8916771e-16  1.3240798e-16  2.4205322e-16  1.0000000   -3.7085088e-16  -9.7918915e-17  -3.1179452e-16  
3.5416883e-17  -4.1076863e-16  -1.2496383e-16  -3.6836949e-16  3.3478972e-16  1.7619359e-16  -6.5654000e-17  -3.7085088e-16  1.0000000   3.8224654e-16  1.0470542e-16  3.5416883e-17  -4.1076863e-16  -1.2496383e-16  -3.6836949e-16  3.3478972e-16  1.7619359e-16  -6.5654000e-17  -3.7085088e-16  1.0000000   3.8224654e-16  1.0470542e-16  
2.0076544e-16  4.5408166e-16  6.5340757e-17  -2.2422942e-16  6.7951656e-17  1.3825759e-16  -1.8709264e-16  -9.7918915e-17  3.8224654e-16  1.0000000   2.1793623e-16  2.0076544e-16  4.5408166e-16  6.5340757e-17  -2.2422942e-16  6.7951656e-17  1.3825759e-16  -1.8709264e-16  -9.7918915e-17  3.8224654e-16  1.0000000   2.1793623e-16  
-2.6174080e-16  -1.8448886e-16  3.4203953e-16  3.0309380e-16  7.0671463e-16  -1.9265870e-16  -6.4662495e-17  -3.1179452e-16  1.0470542e-16  2.1793623e-16  1.0000000   -2.6174080e-16  -1.8448886e-16  3.4203953e-16  3.0309380e-16  7.0671463e-16  -1.9265870e-16  -6.4662495e-17  -3.1179452e-16  1.0470542e-16  2.1793623e-16  1.0000000   
1.0000000   -4.6891744e-17  -4.1487335e-16  -2.2606462e-17  4.4942721e-17  3.8628006e-16  8.5552022e-17  2.3168172e-16  3.5416883e-17  2.0076544e-16  -2.6174080e-16  1.0000000   -4.6891744e-17  -4.1487335e-16  -2.2606462e-17  4.4942721e-17  3.8628006e-16  8.5552022e-17  2.3168172e-16  3.5416883e-17  2.0076544e-16  -2.6174080e-16  
-4.6891744e-17  1.0000000   2.7944972e-16  -4.1350624e-16  4.7347448e-17  -5.5817269e-16  5.1961914e-16  2.8449296e-17  -4.1076863e-16  4.5408166e-16  -1.8448886e-16  -4.6891744e-17  1.0000000   2.7944972e-16  -4.1350624e-16  4.7347448e-17  -5.5817269e-16  5.1961914e-16  2.8449296e-17  -4.1076863e-16  4.5408166e-16  -1.8448886e-16  
-4.1487335e-16  2.7944972e-16  1.0000000   1.0179218e-17  8.1332781e-16  -8.3784264e-17  -6.2483418e-16  4.8924115e-16  -1.2496383e-16  6.5340757e-17  3.4203953e-16  -4.1487335e-16  2.7944972e-16  1.0000000   1.0179218e-17  8.1332781e-16  -8.3784264e-17  -6.2483418e-16  4.8924115e-16  -1.2496383e-16  6.5340757e-17  3.4203953e-16  
-2.2606462e-17  -4.1350624e-16  1.0179218e-17  1.0000000   1.8797339e-16  -6.6181109e-16  -3.1383037e-16  -2.7253216e-16  -3.6836949e-16  -2.2422942e-16  3.0309380e-16  -2.2606462e-17  -4.1350624e-16  1.0179218e-17  1.0000000   1.8797339e-16  -6.6181109e-16  -3.1383037e-16  -2.7253216e-16  -3.6836949e-16  -2.2422942e-16  3.0309380e-16  
4.4942721e-17  4.7347448e-17  8.1332781e-16  1.8797339e-16  1.0000000   -1.1888489e-16  1.2331741e-17  -6.8916771e-16  3.3478972e-16  6.7951656e-17  7.0671463e-16  4.4942721e-17  4.7347448e-17  8.1332781e-16  1.8797339e-16  1.0000000   -1.1888489e-16  1.2331741e-17  -6.8916771e-16  3.3478972e-16  6.7951656e-17  7.0671463e-16  
3.8628006e-16  -5.5817269e-16  -8.3784264e-17  -6.6181109e-16  -1.1888489e-16  1.0000000   -1.5984571e-16  1.3240798e-16  1.7619359e-16  1.3825759e-16  -1.9265870e-16  3.8628006e-16  -5.5817269e-16  -8.3784264e-17  -6.6181109e-16  -1.1888489e-16  1.0000000   -1.5984571e-16  1.3240798e-16  1.7619359e-16  1.3825759e-16  -1.9265870e-16  
8.5552022e-17  5.1961914e-16  -6.2483418e-16  -3.1383037e-16  1.2331741e-17  -1.5984571e-16  1.0000000   2.4205322e-16  -6.5654000e-17  -1.8709264e-16  -6.4662495e-17  8.5552022e-17  5.1961914e-16  -6.2483418e-16  -3.1383037e-16  1.2331741e-17  -1.5984571e-16  1.0000000   2.4205322e-16  -6.5654000e-17  -1.8709264e-16  -6.4662495e-17  
2.3168172e-16  2.8449296e-17  4.8924115e-16  -2.7253216e-16  -6.8916771e-16  1.3240798e-16  2.4205322e-16  1.0000000   -3.7085088e-16  -9.7918915e-17  -3.1179452e-16  2.3168172e-16  2.8449296e-17  4.8924115e-16  -2.7253216e-16  -6.8916771e-16  1.3240798e-16  2.4205322e-16  1.0000000   -3.7085088e-16  -9.7918915e-17  -3.1179452e-16  
3.5416883e-17  -4.1076863e-16  -1.2496383e-16  -3.6836949e-16  3.3478972e-16  1.7619359e-16  -6.5654000e-17  -3.7085088e-16  1.0000000   3.8224654e-16  1.0470542e-16  3.5416883e-17  -4.1076863e-16  -1.2496383e-16  -3.6836949e-16  3.3478972e-16  1.7619359e-16  -6.5654000e-17  -3.7085088e-16  1.0000000   3.8224654e-16  1.0470542e-16  
2.0076544e-16  4.5408166e-16  6.5340757e-17  -2.2422942e-16  6.7951656e-17  1.3825759e-16  -1.8709264e-16  -9.7918915e-17  3.8224654e-16  1.0000000   2.1793623e-16  2.0076544e-16  4.5408166e-16  6.5340757e-17  -2.2422942e-16  6.7951656e-17  1.3825759e-16  -1.8709264e-16  -9.7918915e-17  3.8224654e-16  1.0000000   2.1793623e-16  
-2.6174080e-16  -1.8448886e-16  3.4203953e-16  3.0309380e-16  7.0671463e-16  -1.9265870e-16  -6.4662495e-17  -3.1179452e-16  1.0470542e-16  2.1793623e-16  1.0000000   -2.6174080e-16  -1.8448886e-16  3.4203953e-16  3.0309380e-16  7.0671463e-16  -1.9265870e-16  -6.4662495e-17  -3.1179452e-16  1.0470542e-16  2.1793623e-16  1.0000000   
