1.0000000   5.1452847e-16  -1.1973319e-16  4.1401340e-16  3.4034716e-16  6.4762699e-16  1.1652573e-15  1.9995737e-16  1.4540358e-16  1.4242033e-16  8.6981813e-17  1.0000000   5.1452847e-16  -1.1973319e-16  4.1401340e-16  3.4034716e-16  6.4762699e-16  1.1652573e-15  1.9995737e-16  1.4540358e-16  1.4242033e-16  8.6981813e-17  
5.1452847e-16  1.0000000   -3.8038556e-17  -2.6654793e-16  2.3531253e-16  8.2369550e-16  -4.7586819e-16  -2.7168243e-16  -6.9804409e-17  4.6062287e-17  7.5147069e-17  5.1452847e-16  1.0000000   -3.8038556e-17  -2.6654793e-16  2.3531253e-16  8.2369550e-16  -4.7586819e-16  -2.7168243e-16  -6.9804409e-17  4.6062287e-17  7.5147069e-17  
-1.1973319e-16  -3.8038556e-17  1.0000000   1.5445561e-16  6.4513587e-16  -1.5698655e-16  -2.0779582e-16  -9.0481753e-17  -2.9490977e-16  -1.9246918e-17  -9.1011996e-17  -1.1973319e-16  -3.8038556e-17  1.0000000   1.5445561e-16  6.4513587e-16  -1.5698655e-16  -2.0779582e-16  -9.0481753e-17  -2.9490977e-16  -1.9246918e-17  -9.1011996e-17  
4.1401340e-16  -2.6654793e-16  1.5445561e-16  1.0000000   1.0870789e-16  7.5846866e-16  -7.2701473e-17  -2.8263467e-16  -4.7620240e-16  2.2555979e-16  1.2486796e-16  4.1401340e-16  -2.6654793e-16  1.5445561e-16  1.0000000   1.0870789e-16  7.5846866e-16  -7.2701473e-17  -2.8263467e-16  -4.7620240e-16  2.2555979e-16  1.2486796e-16  
3.4034716e-16  2.3531253e-16  6.4513587e-16  1.0870789e-16  1.0000000   -1.4798619e-16  -3.5536717e-16  5.6371525e-16  -1.3937737e-16  1.4524074e-16  1.9128630e-16  3.4034716e-16  2.3531253e-16  6.4513587e-16  1.0870789e-16  1.0000000   -1.4798619e-16  -3.5536717e-16  5.6371525e-16  -1.3937737e-16  1.4524074e-16  1.9128630e-16  
6.4762699e-16  8.2369550e-16  -1.5698655e-16  7.5846866e-16  -1.4798619e-16  1.0000000   -1.5818171e-16  3.0589494e-16  1.7823140e-16  3.6255763e-16  9.2130927e-17  6.4762699e-16  8.2369550e-16  -1.5698655e-16  7.5846866e-16  -1.4798619e-16  1.0000000   -1.5818171e-16  3.0589494e-16  1.7823140e-16  3.6255763e-16  9.2130927e-17  
1.1652573e-15  -4.7586819e-16  -2.0779582e-16  -7.2701473e-17  -3.5536717e-16  -1.5818171e-16  1.0000000   -3.4218437e-17  1.8602283e-16  -9.5382527e-17  -2.3878409e-16  1.1652573e-15  -4.7586819e-16  -2.0779582e-16  -7.2701473e-17  -3.5536717e-16  -1.5818171e-16  1.0000000   -3.4218437e-17  1.8602283e-16  -9.5382527e-17  -2.3878409e-16  
1.9995737e-16  -2.7168243e-16  -9.0481753e-17  -2.8263467e-16  5.6371525e-16  3.0589494e-16  -3.4218437e-17  1.0000000   3.6488835e-16  8.8079727e-17  8.2823623e-16  1.9995737e-16  -2.7168243e-16  -9.0481753e-17  -2.8263467e-16  5.6371525e-16  3.0589494e-16  -3.4218437e-17  1.0000000   3.6488835e-16  8.8079727e-17  8.2823623e-16  
1.4540358e-16  -6.9804409e-17  -2.9490977e-16  -4.7620240e-16  -1.3937737e-16  1.7823140e-16  1.8602283e-16  3.6488835e-16  1.0000000   -4.4901312e-16  1.7446941e-16  1.4540358e-16  -6.9804409e-17  -2.9490977e-16  -4.7620240e-16  -1.3937737e-16  1.7823140e-16  1.8602283e-16  3.6488835e-16  1.0000000   -4.4901312e-16  1.7446941e-16  
1.4242033e-16  4.6062287e-17  -1.9246918e-17  2.2555979e-16  1.4524074e-16  3.6255763e-16  -9.5382527e-17  8.8079727e-17  -4.4901312e-16  1.0000000   1.3530645e-16  1.4242033e-16  4.6062287e-17  -1.9246918e-17  2.2555979e-16  1.4524074e-16  3.6255763e-16  -9.5382527e-17  8.8079727e-17  -4.4901312e-16  1.0000000   1.3530645e-16  
8.6981813e-17  7.5147069e-17  -9.1011996e-17  1.2486796e-16  1.9128630e-16  9.2130927e-17  -2.3878409e-16  8.2823623e-16  1.7446941e-16  1.3530645e-16  1.0000000   8.6981813e-17  7.5147069e-17  -9.1011996e-17  1.2486796e-16  1.9128630e-16  9.2130927e-17  -2.3878409e-16  8.2823623e-16  1.7446941e-16  1.3530645e-16  1.0000000   
1.0000000   5.1452847e-16  -1.1973319e-16  4.1401340e-16  3.4034716e-16  6.4762699e-16  1.1652573e-15  1.9995737e-16  1.4540358e-16  1.4242033e-16  8.6981813e-17  1.0000000   5.1452847e-16  -1.1973319e-16  4.1401340e-16  3.4034716e-16  6.4762699e-16  1.1652573e-15  1.9995737e-16  1.4540358e-16  1.4242033e-16  8.6981813e-17  
5.1452847e-16  1.0000000   -3.8038556e-17  -2.6654793e-16  2.3531253e-16  8.2369550e-16  -4.7586819e-16  -2.7168243e-16  -6.9804409e-17  4.6062287e-17  7.5147069e-17  5.1452847e-16  1.0000000   -3.8038556e-17  -2.6654793e-16  2.3531253e-16  8.2369550e-16  -4.7586819e-16  -2.7168243e-16  -6.9804409e-17  4.6062287e-17  7.5147069e-17  
-1.1973319e-16  -3.8038556e-17  1.0000000   1.5445561e-16  6.4513587e-16  -1.5698655e-16  -2.0779582e-16  -9.0481753e-17  -2.9490977e-16  -1.9246918e-17  -9.1011996e-17  -1.1973319e-16  -3.8038556e-17  1.0000000   1.5445561e-16  6.4513587e-16  -1.5698655e-16  -2.0779582e-16  -9.0481753e-17  -2.9490977e-16  -1.9246918e-17  -9.1011996e-17  
4.1401340e-16  -2.6654793e-16  1.5445561e-16  1.0000000   1.0870789e-16  7.5846866e-16  -7.2701473e-17  -2.8263467e-16  -4.7620240e-16  2.2555979e-16  1.2486796e-16  4.1401340e-16  -2.6654793e-16  1.5445561e-16  1.0000000   1.0870789e-16  7.5846866e-16  -7.2701473e-17  -2.8263467e-16  -4.7620240e-16  2.2555979e-16  1.2486796e-16  
3.4034716e-16  2.3531253e-16  6.4513587e-16  1.0870789e-16  1.0000000   -1.4798619e-16  -3.5536717e-16  5.6371525e-16  -1.3937737e-16  1.4524074e-16  1.9128630e-16  3.4034716e-16  2.3531253e-16  6.4513587e-16  1.0870789e-16  1.0000000   -1.4798619e-16  -3.5536717e-16  5.6371525e-16  -1.3937737e-16  1.4524074e-16  1.9128630e-16  
6.4762699e-16  8.2369550e-16  -1.5698655e-16  7.5846866e-16  -1.4798619e-16  1.0000000   -1.5818171e-16  3.0589494e-16  1.7823140e-16  3.6255763e-16  9.2130927e-17  6.4762699e-16  8.2369550e-16  -1.5698655e-16  7.5846866e-16  -1.4798619e-16  1.0000000   -1.5818171e-16  3.0589494e-16  1.7823140e-16  3.6255763e-16  9.2130927e-17  
1.1652573e-15  -4.7586819e-16  -2.0779582e-16  -7.2701473e-17  -3.5536717e-16  -1.5818171e-16  1.0000000   -3.4218437e-17  1.8602283e-16  -9.5382527e-17  -2.3878409e-16  1.1652573e-15  -4.7586819e-16  -2.0779582e-16  -7.2701473e-17  -3.5536717e-16  -1.5818171e-16  1.0000000   -3.4218437e-17  1.8602283e-16  -9.5382527e-17  -2.3878409e-16  
1.9995737e-16  -2.7168243e-16  -9.0481753e-17  -2.8263467e-16  5.6371525e-16  3.0589494e-16  -3.4218437e-17  1.0000000   3.6488835e-16  8.8079727e-17  8.2823623e-16  1.9995737e-16  -2.7168243e-16  -9.0481753e-17  -2.8263467e-16  5.6371525e-16  3.0589494e-16  -3.4218437e-17  1.0000000   3.6488835e-16  8.8079727e-17  8.2823623e-16  
1.4540358e-16  -6.9804409e-17  -2.9490977e-16  -4.7620240e-16  -1.3937737e-16  1.7823140e-16  1.8602283e-16  3.6488835e-16  1.0000000   -4.4901312e-16  1.7446941e-16  1.4540358e-16  -6.9804409e-17  -2.9490977e-16  -4.7620240e-16  -1.3937737e-16  1.7823140e-16  1.8602283e-16  3.6488835e-16  1.0000000   -4.4901312e-16  1.7446941e-16  
1.4242033e-16  4.6062287e-17  -1.9246918e-17  2.2555979e-16  1.4524074e-16  3.6255763e-16  -9.5382527e-17  8.8079727e-17  -4.4901312e-16  1.0000000   1.3530645e-16  1.4242033e-16  4.6062287e-17  -1.9246918e-17  2.2555979e-16  1.4524074e-16  3.6255763e-16  -9.5382527e-17  8.8079727e-17  -4.4901312e-16  1.0000000   1.3530645e-16  
8.6981813e-17  7.5147069e-17  -9.1011996e-17  1.2486796e-16  1.9128630e-16  9.2130927e-17  -2.3878409e-16  8.2823623e-16  1.7446941e-16  1.3530645e-16  1.0000000   8.6981813e-17  7.5147069e-17  -9.1011996e-17  1.2486796e-16  1.9128630e-16  9.2130927e-17  -2.3878409e-16  8.2823623e-16  1.7446941e-16  1.3530645e-16  1.0000000   
