1.0000000   7.1899545e-17  -1.1728357e-16  -2.2754291e-16  8.8370947e-17  -2.2704379e-16  5.7105352e-16  -2.5264663e-16  3.5602044e-16  -1.2677664e-16  2.2044202e-16  1.0000000   7.1899545e-17  -1.1728357e-16  -2.2754291e-16  8.8370947e-17  -2.2704379e-16  5.7105352e-16  -2.5264663e-16  3.5602044e-16  -1.2677664e-16  2.2044202e-16  
7.1899545e-17  1.0000000   -4.9018135e-16  3.2977873e-16  6.2311301e-16  7.0473141e-19  5.7516756e-16  3.2637026e-16  -2.4398784e-16  -3.0037355e-16  -8.8008417e-17  7.1899545e-17  1.0000000   -4.9018135e-16  3.2977873e-16  6.2311301e-16  7.0473141e-19  5.7516756e-16  3.2637026e-16  -2.4398784e-16  -3.0037355e-16  -8.8008417e-17  
-1.1728357e-16  -4.9018135e-16  1.0000000   5.7089174e-17  -9.9742195e-16  4.8426568e-17  -5.5199443e-17  -2.5454780e-16  -3.0489989e-16  -1.5561340e-16  -1.1759951e-16  -1.1728357e-16  -4.9018135e-16  1.0000000   5.7089174e-17  -9.9742195e-16  4.8426568e-17  -5.5199443e-17  -2.5454780e-16  -3.0489989e-16  -1.5561340e-16  -1.1759951e-16  
-2.2754291e-16  3.2977873e-16  5.7089174e-17  1.0000000   5.0905547e-16  -1.0074335e-16  -4.2925089e-17  6.9606780e-16  5.5433515e-16  8.8179620e-16  4.3566155e-16  -2.2754291e-16  3.2977873e-16  5.7089174e-17  1.0000000   5.0905547e-16  -1.0074335e-16  -4.2925089e-17  6.9606780e-16  5.5433515e-16  8.8179620e-16  4.3566155e-16  
8.8370947e-17  6.2311301e-16  -9.9742195e-16  5.0905547e-16  1.0000000   -1.5371954e-16  2.8676936e-16  1.1115768e-15  3.1046629e-16  5.0615497e-16  -1.9559600e-16  8.8370947e-17  6.2311301e-16  -9.9742195e-16  5.0905547e-16  1.0000000   -1.5371954e-16  2.8676936e-16  1.1115768e-15  3.1046629e-16  5.0615497e-16  -1.9559600e-16  
-2.2704379e-16  7.0473141e-19  4.8426568e-17  -1.0074335e-16  -1.5371954e-16  1.0000000   -2.3935118e-16  -2.5365842e-16  -6.4855026e-16  -1.5082809e-16  2.4559720e-17  -2.2704379e-16  7.0473141e-19  4.8426568e-17  -1.0074335e-16  -1.5371954e-16  1.0000000   -2.3935118e-16  -2.5365842e-16  -6.4855026e-16  -1.5082809e-16  2.4559720e-17  
5.7105352e-16  5.7516756e-16  -5.5199443e-17  -4.2925089e-17  2.8676936e-16  -2.3935118e-16  1.0000000   2.2217717e-16  2.3338045e-16  -1.8346559e-16  2.5182904e-16  5.7105352e-16  5.7516756e-16  -5.5199443e-17  -4.2925089e-17  2.8676936e-16  -2.3935118e-16  1.0000000   2.2217717e-16  2.3338045e-16  -1.8346559e-16  2.5182904e-16  
-2.5264663e-16  3.2637026e-16  -2.5454780e-16  6.9606780e-16  1.1115768e-15  -2.5365842e-16  2.2217717e-16  1.0000000   -3.5757480e-16  -5.0461840e-16  -6.8204258e-17  -2.5264663e-16  3.2637026e-16  -2.5454780e-16  6.9606780e-16  1.1115768e-15  -2.5365842e-16  2.2217717e-16  1.0000000   -3.5757480e-16  -5.0461840e-16  -6.8204258e-17  
3.5602044e-16  -2.4398784e-16  -3.0489989e-16  5.5433515e-16  3.1046629e-16  -6.4855026e-16  2.3338045e-16  -3.5757480e-16  1.0000000   -2.7229198e-16  -9.9700860e-17  3.5602044e-16  -2.4398784e-16  -3.0489989e-16  5.5433515e-16  3.1046629e-16  -6.4855026e-16  2.3338045e-16  -3.5757480e-16  1.0000000   -2.7229198e-16  -9.9700860e-17  
-1.2677664e-16  -3.0037355e-16  -1.5561340e-16  8.8179620e-16  5.0615497e-16  -1.5082809e-16  -1.8346559e-16  -5.0461840e-16  -2.7229198e-16  1.0000000   -1.8034004e-16  -1.2677664e-16  -3.0037355e-16  -1.5561340e-16  8.8179620e-16  5.0615497e-16  -1.5082809e-16  -1.8346559e-16  -5.0461840e-16  -2.7229198e-16  1.0000000   -1.8034004e-16  
2.2044202e-16  -8.8008417e-17  -1.1759951e-16  4.3566155e-16  -1.9559600e-16  2.4559720e-17  2.5182904e-16  -6.8204258e-17  -9.9700860e-17  -1.8034004e-16  1.0000000   2.2044202e-16  -8.8008417e-17  -1.1759951e-16  4.3566155e-16  -1.9559600e-16  2.4559720e-17  2.5182904e-16  -6.8204258e-17  -9.9700860e-17  -1.8034004e-16  1.0000000   
1.0000000   7.1899545e-17  -1.1728357e-16  -2.2754291e-16  8.8370947e-17  -2.2704379e-16  5.7105352e-16  -2.5264663e-16  3.5602044e-16  -1.2677664e-16  2.2044202e-16  1.0000000   7.1899545e-17  -1.1728357e-16  -2.2754291e-16  8.8370947e-17  -2.2704379e-16  5.7105352e-16  -2.5264663e-16  3.5602044e-16  -1.2677664e-16  2.2044202e-16  
7.1899545e-17  1.0000000   -4.9018135e-16  3.2977873e-16  6.2311301e-16  7.0473141e-19  5.7516756e-16  3.2637026e-16  -2.4398784e-16  -3.0037355e-16  -8.8008417e-17  7.1899545e-17  1.0000000   -4.9018135e-16  3.2977873e-16  6.2311301e-16  7.0473141e-19  5.7516756e-16  3.2637026e-16  -2.4398784e-16  -3.0037355e-16  -8.8008417e-17  
-1.1728357e-16  -4.9018135e-16  1.0000000   5.7089174e-17  -9.9742195e-16  4.8426568e-17  -5.5199443e-17  -2.5454780e-16  -3.0489989e-16  -1.5561340e-16  -1.1759951e-16  -1.1728357e-16  -4.9018135e-16  1.0000000   5.7089174e-17  -9.9742195e-16  4.8426568e-17  -5.5199443e-17  -2.5454780e-16  -3.0489989e-16  -1.5561340e-16  -1.1759951e-16  
-2.2754291e-16  3.2977873e-16  5.7089174e-17  1.0000000   5.0905547e-16  -1.0074335e-16  -4.2925089e-17  6.9606780e-16  5.5433515e-16  8.8179620e-16  4.3566155e-16  -2.2754291e-16  3.2977873e-16  5.7089174e-17  1.0000000   5.0905547e-16  -1.0074335e-16  -4.2925089e-17  6.9606780e-16  5.5433515e-16  8.8179620e-16  4.3566155e-16  
8.8370947e-17  6.2311301e-16  -9.9742195e-16  5.0905547e-16  1.0000000   -1.5371954e-16  2.8676936e-16  1.1115768e-15  3.1046629e-16  5.0615497e-16  -1.9559600e-16  8.8370947e-17  6.2311301e-16  -9.9742195e-16  5.0905547e-16  1.0000000   -1.5371954e-16  2.8676936e-16  1.1115768e-15  3.1046629e-16  5.0615497e-16  -1.9559600e-16  
-2.2704379e-16  7.0473141e-19  4.8426568e-17  -1.0074335e-16  -1.5371954e-16  1.0000000   -2.3935118e-16  -2.5365842e-16  -6.4855026e-16  -1.5082809e-16  2.4559720e-17  -2.2704379e-16  7.0473141e-19  4.8426568e-17  -1.0074335e-16  -1.5371954e-16  1.0000000   -2.3935118e-16  -2.5365842e-16  -6.4855026e-16  -1.5082809e-16  2.4559720e-17  
5.7105352e-16  5.7516756e-16  -5.5199443e-17  -4.2925089e-17  2.8676936e-16  -2.3935118e-16  1.0000000   2.2217717e-16  2.3338045e-16  -1.8346559e-16  2.5182904e-16  5.7105352e-16  5.7516756e-16  -5.5199443e-17  -4.2925089e-17  2.8676936e-16  -2.3935118e-16  1.0000000   2.2217717e-16  2.3338045e-16  -1.8346559e-16  2.5182904e-16  
-2.5264663e-16  3.2637026e-16  -2.5454780e-16  6.9606780e-16  1.1115768e-15  -2.5365842e-16  2.2217717e-16  1.0000000   -3.5757480e-16  -5.0461840e-16  -6.8204258e-17  -2.5264663e-16  3.2637026e-16  -2.5454780e-16  6.9606780e-16  1.1115768e-15  -2.5365842e-16  2.2217717e-16  1.0000000   -3.5757480e-16  -5.0461840e-16  -6.8204258e-17  
3.5602044e-16  -2.4398784e-16  -3.0489989e-16  5.5433515e-16  3.1046629e-16  -6.4855026e-16  2.3338045e-16  -3.5757480e-16  1.0000000   -2.7229198e-16  -9.9700860e-17  3.5602044e-16  -2.4398784e-16  -3.0489989e-16  5.5433515e-16  3.1046629e-16  -6.4855026e-16  2.3338045e-16  -3.5757480e-16  1.0000000   -2.7229198e-16  -9.9700860e-17  
-1.2677664e-16  -3.0037355e-16  -1.5561340e-16  8.8179620e-16  5.0615497e-16  -1.5082809e-16  -1.8346559e-16  -5.0461840e-16  -2.7229198e-16  1.0000000   -1.8034004e-16  -1.2677664e-16  -3.0037355e-16  -1.5561340e-16  8.8179620e-16  5.0615497e-16  -1.5082809e-16  -1.8346559e-16  -5.0461840e-16  -2.7229198e-16  1.0000000   -1.8034004e-16  
2.2044202e-16  -8.8008417e-17  -1.1759951e-16  4.3566155e-16  -1.9559600e-16  2.4559720e-17  2.5182904e-16  -6.8204258e-17  -9.9700860e-17  -1.8034004e-16  1.0000000   2.2044202e-16  -8.8008417e-17  -1.1759951e-16  4.3566155e-16  -1.9559600e-16  2.4559720e-17  2.5182904e-16  -6.8204258e-17  -9.9700860e-17  -1.8034004e-16  1.0000000   
