1.0000000   2.2465685e-16  1.7108880e-16  -1.0898138e-17  -1.3065737e-16  4.3485105e-16  3.6628585e-16  -1.1485881e-16  -1.5720550e-16  2.0478843e-16  1.3472186e-16  1.0000000   2.2465685e-16  1.7108880e-16  -1.0898138e-17  -1.3065737e-16  4.3485105e-16  3.6628585e-16  -1.1485881e-16  -1.5720550e-16  2.0478843e-16  1.3472186e-16  
2.2465685e-16  1.0000000   -2.2649661e-16  -4.7818398e-17  7.8643515e-17  5.6342514e-16  -7.6907203e-17  -3.1567039e-16  -2.2728012e-18  -2.6806777e-16  1.1012995e-16  2.2465685e-16  1.0000000   -2.2649661e-16  -4.7818398e-17  7.8643515e-17  5.6342514e-16  -7.6907203e-17  -3.1567039e-16  -2.2728012e-18  -2.6806777e-16  1.1012995e-16  
1.7108880e-16  -2.2649661e-16  1.0000000   -8.9450914e-18  -2.7020679e-16  -1.3507634e-16  1.5477155e-16  -4.1884535e-16  6.2739307e-17  -1.3109307e-16  -5.3279897e-16  1.7108880e-16  -2.2649661e-16  1.0000000   -8.9450914e-18  -2.7020679e-16  -1.3507634e-16  1.5477155e-16  -4.1884535e-16  6.2739307e-17  -1.3109307e-16  -5.3279897e-16  
-1.0898138e-17  -4.7818398e-17  -8.9450914e-18  1.0000000   2.9202776e-16  -3.4455490e-16  3.1604070e-16  -2.2792002e-16  2.6876853e-16  2.0566869e-16  9.5375222e-17  -1.0898138e-17  -4.7818398e-17  -8.9450914e-18  1.0000000   2.9202776e-16  -3.4455490e-16  3.1604070e-16  -2.2792002e-16  2.6876853e-16  2.0566869e-16  9.5375222e-17  
-1.3065737e-16  7.8643515e-17  -2.7020679e-16  2.9202776e-16  1.0000000   3.3589171e-17  1.5576539e-16  1.9563494e-16  -5.7856847e-17  3.9158051e-16  -4.3398262e-17  -1.3065737e-16  7.8643515e-17  -2.7020679e-16  2.9202776e-16  1.0000000   3.3589171e-17  1.5576539e-16  1.9563494e-16  -5.7856847e-17  3.9158051e-16  -4.3398262e-17  
4.3485105e-16  5.6342514e-16  -1.3507634e-16  -3.4455490e-16  3.3589171e-17  1.0000000   -2.8492918e-17  1.7542218e-17  -5.8510918e-17  -1.9955779e-16  2.0409767e-16  4.3485105e-16  5.6342514e-16  -1.3507634e-16  -3.4455490e-16  3.3589171e-17  1.0000000   -2.8492918e-17  1.7542218e-17  -5.8510918e-17  -1.9955779e-16  2.0409767e-16  
3.6628585e-16  -7.6907203e-17  1.5477155e-16  3.1604070e-16  1.5576539e-16  -2.8492918e-17  1.0000000   9.2120868e-17  1.1908044e-16  3.1009066e-16  8.5160693e-17  3.6628585e-16  -7.6907203e-17  1.5477155e-16  3.1604070e-16  1.5576539e-16  -2.8492918e-17  1.0000000   9.2120868e-17  1.1908044e-16  3.1009066e-16  8.5160693e-17  
-1.1485881e-16  -3.1567039e-16  -4.1884535e-16  -2.2792002e-16  1.9563494e-16  1.7542218e-17  9.2120868e-17  1.0000000   7.0116658e-17  9.9815110e-17  5.9909425e-16  -1.1485881e-16  -3.1567039e-16  -4.1884535e-16  -2.2792002e-16  1.9563494e-16  1.7542218e-17  9.2120868e-17  1.0000000   7.0116658e-17  9.9815110e-17  5.9909425e-16  
-1.5720550e-16  -2.2728012e-18  6.2739307e-17  2.6876853e-16  -5.7856847e-17  -5.8510918e-17  1.1908044e-16  7.0116658e-17  1.0000000   -1.1724588e-16  1.6592772e-16  -1.5720550e-16  -2.2728012e-18  6.2739307e-17  2.6876853e-16  -5.7856847e-17  -5.8510918e-17  1.1908044e-16  7.0116658e-17  1.0000000   -1.1724588e-16  1.6592772e-16  
2.0478843e-16  -2.6806777e-16  -1.3109307e-16  2.0566869e-16  3.9158051e-16  -1.9955779e-16  3.1009066e-16  9.9815110e-17  -1.1724588e-16  1.0000000   1.0790636e-16  2.0478843e-16  -2.6806777e-16  -1.3109307e-16  2.0566869e-16  3.9158051e-16  -1.9955779e-16  3.1009066e-16  9.9815110e-17  -1.1724588e-16  1.0000000   1.0790636e-16  
1.3472186e-16  1.1012995e-16  -5.3279897e-16  9.5375222e-17  -4.3398262e-17  2.0409767e-16  8.5160693e-17  5.9909425e-16  1.6592772e-16  1.0790636e-16  1.0000000   1.3472186e-16  1.1012995e-16  -5.3279897e-16  9.5375222e-17  -4.3398262e-17  2.0409767e-16  8.5160693e-17  5.9909425e-16  1.6592772e-16  1.0790636e-16  1.0000000   
1.0000000   2.2465685e-16  1.7108880e-16  -1.0898138e-17  -1.3065737e-16  4.3485105e-16  3.6628585e-16  -1.1485881e-16  -1.5720550e-16  2.0478843e-16  1.3472186e-16  1.0000000   2.2465685e-16  1.7108880e-16  -1.0898138e-17  -1.3065737e-16  4.3485105e-16  3.6628585e-16  -1.1485881e-16  -1.5720550e-16  2.0478843e-16  1.3472186e-16  
2.2465685e-16  1.0000000   -2.2649661e-16  -4.7818398e-17  7.8643515e-17  5.6342514e-16  -7.6907203e-17  -3.1567039e-16  -2.2728012e-18  -2.6806777e-16  1.1012995e-16  2.2465685e-16  1.0000000   -2.2649661e-16  -4.7818398e-17  7.8643515e-17  5.6342514e-16  -7.6907203e-17  -3.1567039e-16  -2.2728012e-18  -2.6806777e-16  1.1012995e-16  
1.7108880e-16  -2.2649661e-16  1.0000000   -8.9450914e-18  -2.7020679e-16  -1.3507634e-16  1.5477155e-16  -4.1884535e-16  6.2739307e-17  -1.3109307e-16  -5.3279897e-16  1.7108880e-16  -2.2649661e-16  1.0000000   -8.9450914e-18  -2.7020679e-16  -1.3507634e-16  1.5477155e-16  -4.1884535e-16  6.2739307e-17  -1.3109307e-16  -5.3279897e-16  
-1.0898138e-17  -4.7818398e-17  -8.9450914e-18  1.0000000   2.9202776e-16  -3.4455490e-16  3.1604070e-16  -2.2792002e-16  2.6876853e-16  2.0566869e-16  9.5375222e-17  -1.0898138e-17  -4.7818398e-17  -8.9450914e-18  1.0000000   2.9202776e-16  -3.4455490e-16  3.1604070e-16  -2.2792002e-16  2.6876853e-16  2.0566869e-16  9.5375222e-17  
-1.3065737e-16  7.8643515e-17  -2.7020679e-16  2.9202776e-16  1.0000000   3.3589171e-17  1.5576539e-16  1.9563494e-16  -5.7856847e-17  3.9158051e-16  -4.3398262e-17  -1.3065737e-16  7.8643515e-17  -2.7020679e-16  2.9202776e-16  1.0000000   3.3589171e-17  1.5576539e-16  1.9563494e-16  -5.7856847e-17  3.9158051e-16  -4.3398262e-17  
4.3485105e-16  5.6342514e-16  -1.3507634e-16  -3.4455490e-16  3.3589171e-17  1.0000000   -2.8492918e-17  1.7542218e-17  -5.8510918e-17  -1.9955779e-16  2.0409767e-16  4.3485105e-16  5.6342514e-16  -1.3507634e-16  -3.4455490e-16  3.3589171e-17  1.0000000   -2.8492918e-17  1.7542218e-17  -5.8510918e-17  -1.9955779e-16  2.0409767e-16  
3.6628585e-16  -7.6907203e-17  1.5477155e-16  3.1604070e-16  1.5576539e-16  -2.8492918e-17  1.0000000   9.2120868e-17  1.1908044e-16  3.1009066e-16  8.5160693e-17  3.6628585e-16  -7.6907203e-17  1.5477155e-16  3.1604070e-16  1.5576539e-16  -2.8492918e-17  1.0000000   9.2120868e-17  1.1908044e-16  3.1009066e-16  8.5160693e-17  
-1.1485881e-16  -3.1567039e-16  -4.1884535e-16  -2.2792002e-16  1.9563494e-16  1.7542218e-17  9.2120868e-17  1.0000000   7.0116658e-17  9.9815110e-17  5.9909425e-16  -1.1485881e-16  -3.1567039e-16  -4.1884535e-16  -2.2792002e-16  1.9563494e-16  1.7542218e-17  9.2120868e-17  1.0000000   7.0116658e-17  9.9815110e-17  5.9909425e-16  
-1.5720550e-16  -2.2728012e-18  6.2739307e-17  2.6876853e-16  -5.7856847e-17  -5.8510918e-17  1.1908044e-16  7.0116658e-17  1.0000000   -1.1724588e-16  1.6592772e-16  -1.5720550e-16  -2.2728012e-18  6.2739307e-17  2.6876853e-16  -5.7856847e-17  -5.8510918e-17  1.1908044e-16  7.0116658e-17  1.0000000   -1.1724588e-16  1.6592772e-16  
2.0478843e-16  -2.6806777e-16  -1.3109307e-16  2.0566869e-16  3.9158051e-16  -1.9955779e-16  3.1009066e-16  9.9815110e-17  -1.1724588e-16  1.0000000   1.0790636e-16  2.0478843e-16  -2.6806777e-16  -1.3109307e-16  2.0566869e-16  3.9158051e-16  -1.9955779e-16  3.1009066e-16  9.9815110e-17  -1.1724588e-16  1.0000000   1.0790636e-16  
1.3472186e-16  1.1012995e-16  -5.3279897e-16  9.5375222e-17  -4.3398262e-17  2.0409767e-16  8.5160693e-17  5.9909425e-16  1.6592772e-16  1.0790636e-16  1.0000000   1.3472186e-16  1.1012995e-16  -5.3279897e-16  9.5375222e-17  -4.3398262e-17  2.0409767e-16  8.5160693e-17  5.9909425e-16  1.6592772e-16  1.0790636e-16  1.0000000   
