1.0000000   -3.0410177e-16  -1.1190999e-17  2.2735720e-16  8.1861076e-17  3.6481370e-16  -5.4069501e-17  1.8285790e-16  7.5026790e-17  -6.2046010e-16  1.4159003e-17  1.0000000   -3.0410177e-16  -1.1190999e-17  2.2735720e-16  8.1861076e-17  3.6481370e-16  -5.4069501e-17  1.8285790e-16  7.5026790e-17  -6.2046010e-16  1.4159003e-17  
-3.0410177e-16  1.0000000   1.8808875e-16  1.3966049e-16  4.4447525e-16  1.0190179e-15  2.5987818e-16  -1.6852822e-16  7.8878990e-17  -2.7047244e-17  -1.3970961e-16  -3.0410177e-16  1.0000000   1.8808875e-16  1.3966049e-16  4.4447525e-16  1.0190179e-15  2.5987818e-16  -1.6852822e-16  7.8878990e-17  -2.7047244e-17  -1.3970961e-16  
-1.1190999e-17  1.8808875e-16  1.0000000   5.4826918e-16  -6.4865444e-16  7.7463281e-18  5.0053803e-16  1.3176392e-16  -6.1671908e-16  5.0480623e-16  4.4665678e-16  -1.1190999e-17  1.8808875e-16  1.0000000   5.4826918e-16  -6.4865444e-16  7.7463281e-18  5.0053803e-16  1.3176392e-16  -6.1671908e-16  5.0480623e-16  4.4665678e-16  
2.2735720e-16  1.3966049e-16  5.4826918e-16  1.0000000   4.4620955e-16  -4.9850239e-16  1.1667032e-16  -6.2567571e-17  -3.6071914e-16  8.0496717e-16  -1.1878748e-15  2.2735720e-16  1.3966049e-16  5.4826918e-16  1.0000000   4.4620955e-16  -4.9850239e-16  1.1667032e-16  -6.2567571e-17  -3.6071914e-16  8.0496717e-16  -1.1878748e-15  
8.1861076e-17  4.4447525e-16  -6.4865444e-16  4.4620955e-16  1.0000000   -2.4860737e-16  -4.3740443e-16  -6.9616285e-16  -2.5945241e-16  -4.8423127e-16  1.8102100e-16  8.1861076e-17  4.4447525e-16  -6.4865444e-16  4.4620955e-16  1.0000000   -2.4860737e-16  -4.3740443e-16  -6.9616285e-16  -2.5945241e-16  -4.8423127e-16  1.8102100e-16  
3.6481370e-16  1.0190179e-15  7.7463281e-18  -4.9850239e-16  -2.4860737e-16  1.0000000   -3.6184316e-16  3.9738858e-16  -1.7166467e-16  1.5360932e-16  -3.5004822e-16  3.6481370e-16  1.0190179e-15  7.7463281e-18  -4.9850239e-16  -2.4860737e-16  1.0000000   -3.6184316e-16  3.9738858e-16  -1.7166467e-16  1.5360932e-16  -3.5004822e-16  
-5.4069501e-17  2.5987818e-16  5.0053803e-16  1.1667032e-16  -4.3740443e-16  -3.6184316e-16  1.0000000   2.2616627e-16  -8.8895896e-17  5.3037392e-17  2.8495035e-17  -5.4069501e-17  2.5987818e-16  5.0053803e-16  1.1667032e-16  -4.3740443e-16  -3.6184316e-16  1.0000000   2.2616627e-16  -8.8895896e-17  5.3037392e-17  2.8495035e-17  
1.8285790e-16  -1.6852822e-16  1.3176392e-16  -6.2567571e-17  -6.9616285e-16  3.9738858e-16  2.2616627e-16  1.0000000   -6.0764503e-17  -3.1687606e-16  -1.0037019e-15  1.8285790e-16  -1.6852822e-16  1.3176392e-16  -6.2567571e-17  -6.9616285e-16  3.9738858e-16  2.2616627e-16  1.0000000   -6.0764503e-17  -3.1687606e-16  -1.0037019e-15  
7.5026790e-17  7.8878990e-17  -6.1671908e-16  -3.6071914e-16  -2.5945241e-16  -1.7166467e-16  -8.8895896e-17  -6.0764503e-17  1.0000000   -1.6270876e-16  2.2710806e-17  7.5026790e-17  7.8878990e-17  -6.1671908e-16  -3.6071914e-16  -2.5945241e-16  -1.7166467e-16  -8.8895896e-17  -6.0764503e-17  1.0000000   -1.6270876e-16  2.2710806e-17  
-6.2046010e-16  -2.7047244e-17  5.0480623e-16  8.0496717e-16  -4.8423127e-16  1.5360932e-16  5.3037392e-17  -3.1687606e-16  -1.6270876e-16  1.0000000   -1.6613492e-16  -6.2046010e-16  -2.7047244e-17  5.0480623e-16  8.0496717e-16  -4.8423127e-16  1.5360932e-16  5.3037392e-17  -3.1687606e-16  -1.6270876e-16  1.0000000   -1.6613492e-16  
1.4159003e-17  -1.3970961e-16  4.4665678e-16  -1.1878748e-15  1.8102100e-16  -3.5004822e-16  2.8495035e-17  -1.0037019e-15  2.2710806e-17  -1.6613492e-16  1.0000000   1.4159003e-17  -1.3970961e-16  4.4665678e-16  -1.1878748e-15  1.8102100e-16  -3.5004822e-16  2.8495035e-17  -1.0037019e-15  2.2710806e-17  -1.6613492e-16  1.0000000   
1.0000000   -3.0410177e-16  -1.1190999e-17  2.2735720e-16  8.1861076e-17  3.6481370e-16  -5.4069501e-17  1.8285790e-16  7.5026790e-17  -6.2046010e-16  1.4159003e-17  1.0000000   -3.0410177e-16  -1.1190999e-17  2.2735720e-16  8.1861076e-17  3.6481370e-16  -5.4069501e-17  1.8285790e-16  7.5026790e-17  -6.2046010e-16  1.4159003e-17  
-3.0410177e-16  1.0000000   1.8808875e-16  1.3966049e-16  4.4447525e-16  1.0190179e-15  2.5987818e-16  -1.6852822e-16  7.8878990e-17  -2.7047244e-17  -1.3970961e-16  -3.0410177e-16  1.0000000   1.8808875e-16  1.3966049e-16  4.4447525e-16  1.0190179e-15  2.5987818e-16  -1.6852822e-16  7.8878990e-17  -2.7047244e-17  -1.3970961e-16  
-1.1190999e-17  1.8808875e-16  1.0000000   5.4826918e-16  -6.4865444e-16  7.7463281e-18  5.0053803e-16  1.3176392e-16  -6.1671908e-16  5.0480623e-16  4.4665678e-16  -1.1190999e-17  1.8808875e-16  1.0000000   5.4826918e-16  -6.4865444e-16  7.7463281e-18  5.0053803e-16  1.3176392e-16  -6.1671908e-16  5.0480623e-16  4.4665678e-16  
2.2735720e-16  1.3966049e-16  5.4826918e-16  1.0000000   4.4620955e-16  -4.9850239e-16  1.1667032e-16  -6.2567571e-17  -3.6071914e-16  8.0496717e-16  -1.1878748e-15  2.2735720e-16  1.3966049e-16  5.4826918e-16  1.0000000   4.4620955e-16  -4.9850239e-16  1.1667032e-16  -6.2567571e-17  -3.6071914e-16  8.0496717e-16  -1.1878748e-15  
8.1861076e-17  4.4447525e-16  -6.4865444e-16  4.4620955e-16  1.0000000   -2.4860737e-16  -4.3740443e-16  -6.9616285e-16  -2.5945241e-16  -4.8423127e-16  1.8102100e-16  8.1861076e-17  4.4447525e-16  -6.4865444e-16  4.4620955e-16  1.0000000   -2.4860737e-16  -4.3740443e-16  -6.9616285e-16  -2.5945241e-16  -4.8423127e-16  1.8102100e-16  
3.6481370e-16  1.0190179e-15  7.7463281e-18  -4.9850239e-16  -2.4860737e-16  1.0000000   -3.6184316e-16  3.9738858e-16  -1.7166467e-16  1.5360932e-16  -3.5004822e-16  3.6481370e-16  1.0190179e-15  7.7463281e-18  -4.9850239e-16  -2.4860737e-16  1.0000000   -3.6184316e-16  3.9738858e-16  -1.7166467e-16  1.5360932e-16  -3.5004822e-16  
-5.4069501e-17  2.5987818e-16  5.0053803e-16  1.1667032e-16  -4.3740443e-16  -3.6184316e-16  1.0000000   2.2616627e-16  -8.8895896e-17  5.3037392e-17  2.8495035e-17  -5.4069501e-17  2.5987818e-16  5.0053803e-16  1.1667032e-16  -4.3740443e-16  -3.6184316e-16  1.0000000   2.2616627e-16  -8.8895896e-17  5.3037392e-17  2.8495035e-17  
1.8285790e-16  -1.6852822e-16  1.3176392e-16  -6.2567571e-17  -6.9616285e-16  3.9738858e-16  2.2616627e-16  1.0000000   -6.0764503e-17  -3.1687606e-16  -1.0037019e-15  1.8285790e-16  -1.6852822e-16  1.3176392e-16  -6.2567571e-17  -6.9616285e-16  3.9738858e-16  2.2616627e-16  1.0000000   -6.0764503e-17  -3.1687606e-16  -1.0037019e-15  
7.5026790e-17  7.8878990e-17  -6.1671908e-16  -3.6071914e-16  -2.5945241e-16  -1.7166467e-16  -8.8895896e-17  -6.0764503e-17  1.0000000   -1.6270876e-16  2.2710806e-17  7.5026790e-17  7.8878990e-17  -6.1671908e-16  -3.6071914e-16  -2.5945241e-16  -1.7166467e-16  -8.8895896e-17  -6.0764503e-17  1.0000000   -1.6270876e-16  2.2710806e-17  
-6.2046010e-16  -2.7047244e-17  5.0480623e-16  8.0496717e-16  -4.8423127e-16  1.5360932e-16  5.3037392e-17  -3.1687606e-16  -1.6270876e-16  1.0000000   -1.6613492e-16  -6.2046010e-16  -2.7047244e-17  5.0480623e-16  8.0496717e-16  -4.8423127e-16  1.5360932e-16  5.3037392e-17  -3.1687606e-16  -1.6270876e-16  1.0000000   -1.6613492e-16  
1.4159003e-17  -1.3970961e-16  4.4665678e-16  -1.1878748e-15  1.8102100e-16  -3.5004822e-16  2.8495035e-17  -1.0037019e-15  2.2710806e-17  -1.6613492e-16  1.0000000   1.4159003e-17  -1.3970961e-16  4.4665678e-16  -1.1878748e-15  1.8102100e-16  -3.5004822e-16  2.8495035e-17  -1.0037019e-15  2.2710806e-17  -1.6613492e-16  1.0000000   
