1.0000000   1.2655011e-16  6.6780416e-16  5.2148261e-16  -3.7091149e-16  -8.7740755e-17  9.8057277e-16  4.9391253e-16  -3.0791299e-16  2.3743811e-16  -1.3128248e-16  1.0000000   1.2655011e-16  6.6780416e-16  5.2148261e-16  -3.7091149e-16  -8.7740755e-17  9.8057277e-16  4.9391253e-16  -3.0791299e-16  2.3743811e-16  -1.3128248e-16  
1.2655011e-16  1.0000000   -1.9089751e-16  -1.2073015e-16  -4.0766002e-17  9.1325737e-16  1.5274715e-16  3.2377834e-17  6.7982864e-18  2.2617050e-17  -3.7686190e-17  1.2655011e-16  1.0000000   -1.9089751e-16  -1.2073015e-16  -4.0766002e-17  9.1325737e-16  1.5274715e-16  3.2377834e-17  6.7982864e-18  2.2617050e-17  -3.7686190e-17  
6.6780416e-16  -1.9089751e-16  1.0000000   -1.5803242e-16  -3.4274765e-16  -4.9647650e-16  -5.5545033e-17  1.2480895e-15  3.4753465e-16  1.0986250e-16  -1.8655215e-15  6.6780416e-16  -1.9089751e-16  1.0000000   -1.5803242e-16  -3.4274765e-16  -4.9647650e-16  -5.5545033e-17  1.2480895e-15  3.4753465e-16  1.0986250e-16  -1.8655215e-15  
5.2148261e-16  -1.2073015e-16  -1.5803242e-16  1.0000000   2.9464560e-16  -2.5274997e-16  -2.2330033e-16  2.8888509e-16  -3.4195482e-16  -3.1183928e-16  7.7760801e-18  5.2148261e-16  -1.2073015e-16  -1.5803242e-16  1.0000000   2.9464560e-16  -2.5274997e-16  -2.2330033e-16  2.8888509e-16  -3.4195482e-16  -3.1183928e-16  7.7760801e-18  
-3.7091149e-16  -4.0766002e-17  -3.4274765e-16  2.9464560e-16  1.0000000   5.0788858e-16  1.7348082e-17  -7.5370897e-16  1.2638952e-16  1.5881857e-16  6.6246023e-16  -3.7091149e-16  -4.0766002e-17  -3.4274765e-16  2.9464560e-16  1.0000000   5.0788858e-16  1.7348082e-17  -7.5370897e-16  1.2638952e-16  1.5881857e-16  6.6246023e-16  
-8.7740755e-17  9.1325737e-16  -4.9647650e-16  -2.5274997e-16  5.0788858e-16  1.0000000   -9.5382517e-16  1.8231791e-16  -3.0483699e-16  3.5861395e-16  -1.0604048e-16  -8.7740755e-17  9.1325737e-16  -4.9647650e-16  -2.5274997e-16  5.0788858e-16  1.0000000   -9.5382517e-16  1.8231791e-16  -3.0483699e-16  3.5861395e-16  -1.0604048e-16  
9.8057277e-16  1.5274715e-16  -5.5545033e-17  -2.2330033e-16  1.7348082e-17  -9.5382517e-16  1.0000000   1.5863360e-16  -3.6727656e-16  1.4770407e-16  3.0647092e-16  9.8057277e-16  1.5274715e-16  -5.5545033e-17  -2.2330033e-16  1.7348082e-17  -9.5382517e-16  1.0000000   1.5863360e-16  -3.6727656e-16  1.4770407e-16  3.0647092e-16  
4.9391253e-16  3.2377834e-17  1.2480895e-15  2.8888509e-16  -7.5370897e-16  1.8231791e-16  1.5863360e-16  1.0000000   -4.9639926e-16  4.2955248e-16  -3.1060190e-16  4.9391253e-16  3.2377834e-17  1.2480895e-15  2.8888509e-16  -7.5370897e-16  1.8231791e-16  1.5863360e-16  1.0000000   -4.9639926e-16  4.2955248e-16  -3.1060190e-16  
-3.0791299e-16  6.7982864e-18  3.4753465e-16  -3.4195482e-16  1.2638952e-16  -3.0483699e-16  -3.6727656e-16  -4.9639926e-16  1.0000000   1.2830749e-16  4.0641700e-17  -3.0791299e-16  6.7982864e-18  3.4753465e-16  -3.4195482e-16  1.2638952e-16  -3.0483699e-16  -3.6727656e-16  -4.9639926e-16  1.0000000   1.2830749e-16  4.0641700e-17  
2.3743811e-16  2.2617050e-17  1.0986250e-16  -3.1183928e-16  1.5881857e-16  3.5861395e-16  1.4770407e-16  4.2955248e-16  1.2830749e-16  1.0000000   3.1176212e-17  2.3743811e-16  2.2617050e-17  1.0986250e-16  -3.1183928e-16  1.5881857e-16  3.5861395e-16  1.4770407e-16  4.2955248e-16  1.2830749e-16  1.0000000   3.1176212e-17  
-1.3128248e-16  -3.7686190e-17  -1.8655215e-15  7.7760801e-18  6.6246023e-16  -1.0604048e-16  3.0647092e-16  -3.1060190e-16  4.0641700e-17  3.1176212e-17  1.0000000   -1.3128248e-16  -3.7686190e-17  -1.8655215e-15  7.7760801e-18  6.6246023e-16  -1.0604048e-16  3.0647092e-16  -3.1060190e-16  4.0641700e-17  3.1176212e-17  1.0000000   
1.0000000   1.2655011e-16  6.6780416e-16  5.2148261e-16  -3.7091149e-16  -8.7740755e-17  9.8057277e-16  4.9391253e-16  -3.0791299e-16  2.3743811e-16  -1.3128248e-16  1.0000000   1.2655011e-16  6.6780416e-16  5.2148261e-16  -3.7091149e-16  -8.7740755e-17  9.8057277e-16  4.9391253e-16  -3.0791299e-16  2.3743811e-16  -1.3128248e-16  
1.2655011e-16  1.0000000   -1.9089751e-16  -1.2073015e-16  -4.0766002e-17  9.1325737e-16  1.5274715e-16  3.2377834e-17  6.7982864e-18  2.2617050e-17  -3.7686190e-17  1.2655011e-16  1.0000000   -1.9089751e-16  -1.2073015e-16  -4.0766002e-17  9.1325737e-16  1.5274715e-16  3.2377834e-17  6.7982864e-18  2.2617050e-17  -3.7686190e-17  
6.6780416e-16  -1.9089751e-16  1.0000000   -1.5803242e-16  -3.4274765e-16  -4.9647650e-16  -5.5545033e-17  1.2480895e-15  3.4753465e-16  1.0986250e-16  -1.8655215e-15  6.6780416e-16  -1.9089751e-16  1.0000000   -1.5803242e-16  -3.4274765e-16  -4.9647650e-16  -5.5545033e-17  1.2480895e-15  3.4753465e-16  1.0986250e-16  -1.8655215e-15  
5.2148261e-16  -1.2073015e-16  -1.5803242e-16  1.0000000   2.9464560e-16  -2.5274997e-16  -2.2330033e-16  2.8888509e-16  -3.4195482e-16  -3.1183928e-16  7.7760801e-18  5.2148261e-16  -1.2073015e-16  -1.5803242e-16  1.0000000   2.9464560e-16  -2.5274997e-16  -2.2330033e-16  2.8888509e-16  -3.4195482e-16  -3.1183928e-16  7.7760801e-18  
-3.7091149e-16  -4.0766002e-17  -3.4274765e-16  2.9464560e-16  1.0000000   5.0788858e-16  1.7348082e-17  -7.5370897e-16  1.2638952e-16  1.5881857e-16  6.6246023e-16  -3.7091149e-16  -4.0766002e-17  -3.4274765e-16  2.9464560e-16  1.0000000   5.0788858e-16  1.7348082e-17  -7.5370897e-16  1.2638952e-16  1.5881857e-16  6.6246023e-16  
-8.7740755e-17  9.1325737e-16  -4.9647650e-16  -2.5274997e-16  5.0788858e-16  1.0000000   -9.5382517e-16  1.8231791e-16  -3.0483699e-16  3.5861395e-16  -1.0604048e-16  -8.7740755e-17  9.1325737e-16  -4.9647650e-16  -2.5274997e-16  5.0788858e-16  1.0000000   -9.5382517e-16  1.8231791e-16  -3.0483699e-16  3.5861395e-16  -1.0604048e-16  
9.8057277e-16  1.5274715e-16  -5.5545033e-17  -2.2330033e-16  1.7348082e-17  -9.5382517e-16  1.0000000   1.5863360e-16  -3.6727656e-16  1.4770407e-16  3.0647092e-16  9.8057277e-16  1.5274715e-16  -5.5545033e-17  -2.2330033e-16  1.7348082e-17  -9.5382517e-16  1.0000000   1.5863360e-16  -3.6727656e-16  1.4770407e-16  3.0647092e-16  
4.9391253e-16  3.2377834e-17  1.2480895e-15  2.8888509e-16  -7.5370897e-16  1.8231791e-16  1.5863360e-16  1.0000000   -4.9639926e-16  4.2955248e-16  -3.1060190e-16  4.9391253e-16  3.2377834e-17  1.2480895e-15  2.8888509e-16  -7.5370897e-16  1.8231791e-16  1.5863360e-16  1.0000000   -4.9639926e-16  4.2955248e-16  -3.1060190e-16  
-3.0791299e-16  6.7982864e-18  3.4753465e-16  -3.4195482e-16  1.2638952e-16  -3.0483699e-16  -3.6727656e-16  -4.9639926e-16  1.0000000   1.2830749e-16  4.0641700e-17  -3.0791299e-16  6.7982864e-18  3.4753465e-16  -3.4195482e-16  1.2638952e-16  -3.0483699e-16  -3.6727656e-16  -4.9639926e-16  1.0000000   1.2830749e-16  4.0641700e-17  
2.3743811e-16  2.2617050e-17  1.0986250e-16  -3.1183928e-16  1.5881857e-16  3.5861395e-16  1.4770407e-16  4.2955248e-16  1.2830749e-16  1.0000000   3.1176212e-17  2.3743811e-16  2.2617050e-17  1.0986250e-16  -3.1183928e-16  1.5881857e-16  3.5861395e-16  1.4770407e-16  4.2955248e-16  1.2830749e-16  1.0000000   3.1176212e-17  
-1.3128248e-16  -3.7686190e-17  -1.8655215e-15  7.7760801e-18  6.6246023e-16  -1.0604048e-16  3.0647092e-16  -3.1060190e-16  4.0641700e-17  3.1176212e-17  1.0000000   -1.3128248e-16  -3.7686190e-17  -1.8655215e-15  7.7760801e-18  6.6246023e-16  -1.0604048e-16  3.0647092e-16  -3.1060190e-16  4.0641700e-17  3.1176212e-17  1.0000000   
