1.0000000   -2.4973581e-16  -1.9944492e-16  1.7278382e-16  -1.5836799e-16  -5.5129171e-16  1.3946440e-16  -1.3672781e-16  1.9630624e-16  2.9958654e-16  1.3805684e-17  1.0000000   -2.4973581e-16  -1.9944492e-16  1.7278382e-16  -1.5836799e-16  -5.5129171e-16  1.3946440e-16  -1.3672781e-16  1.9630624e-16  2.9958654e-16  1.3805684e-17  
-2.4973581e-16  1.0000000   -1.1616549e-16  -2.8375604e-17  -8.2886833e-17  4.9018559e-16  -1.3605890e-16  9.2780548e-17  3.1854580e-17  6.0791713e-17  1.0417531e-16  -2.4973581e-16  1.0000000   -1.1616549e-16  -2.8375604e-17  -8.2886833e-17  4.9018559e-16  -1.3605890e-16  9.2780548e-17  3.1854580e-17  6.0791713e-17  1.0417531e-16  
-1.9944492e-16  -1.1616549e-16  1.0000000   1.5552203e-16  8.6973449e-16  -9.2187678e-17  8.9128195e-17  3.3669930e-16  7.0640007e-17  8.6875325e-17  -7.7063905e-16  -1.9944492e-16  -1.1616549e-16  1.0000000   1.5552203e-16  8.6973449e-16  -9.2187678e-17  8.9128195e-17  3.3669930e-16  7.0640007e-17  8.6875325e-17  -7.7063905e-16  
1.7278382e-16  -2.8375604e-17  1.5552203e-16  1.0000000   -4.5475080e-16  -8.8789699e-17  -1.0043439e-16  -4.1356347e-16  5.3991098e-17  -2.0997587e-16  -3.5818408e-16  1.7278382e-16  -2.8375604e-17  1.5552203e-16  1.0000000   -4.5475080e-16  -8.8789699e-17  -1.0043439e-16  -4.1356347e-16  5.3991098e-17  -2.0997587e-16  -3.5818408e-16  
-1.5836799e-16  -8.2886833e-17  8.6973449e-16  -4.5475080e-16  1.0000000   -5.2364728e-17  2.7957355e-17  5.5433683e-17  3.8269094e-17  4.6570130e-17  -4.8245673e-18  -1.5836799e-16  -8.2886833e-17  8.6973449e-16  -4.5475080e-16  1.0000000   -5.2364728e-17  2.7957355e-17  5.5433683e-17  3.8269094e-17  4.6570130e-17  -4.8245673e-18  
-5.5129171e-16  4.9018559e-16  -9.2187678e-17  -8.8789699e-17  -5.2364728e-17  1.0000000   1.1120156e-15  3.7293656e-16  -1.7328907e-16  -2.0328358e-16  3.2413537e-16  -5.5129171e-16  4.9018559e-16  -9.2187678e-17  -8.8789699e-17  -5.2364728e-17  1.0000000   1.1120156e-15  3.7293656e-16  -1.7328907e-16  -2.0328358e-16  3.2413537e-16  
1.3946440e-16  -1.3605890e-16  8.9128195e-17  -1.0043439e-16  2.7957355e-17  1.1120156e-15  1.0000000   1.7055041e-16  4.1382959e-17  1.3724218e-16  -1.2975168e-17  1.3946440e-16  -1.3605890e-16  8.9128195e-17  -1.0043439e-16  2.7957355e-17  1.1120156e-15  1.0000000   1.7055041e-16  4.1382959e-17  1.3724218e-16  -1.2975168e-17  
-1.3672781e-16  9.2780548e-17  3.3669930e-16  -4.1356347e-16  5.5433683e-17  3.7293656e-16  1.7055041e-16  1.0000000   3.5414745e-17  -2.2908761e-16  1.6103109e-16  -1.3672781e-16  9.2780548e-17  3.3669930e-16  -4.1356347e-16  5.5433683e-17  3.7293656e-16  1.7055041e-16  1.0000000   3.5414745e-17  -2.2908761e-16  1.6103109e-16  
1.9630624e-16  3.1854580e-17  7.0640007e-17  5.3991098e-17  3.8269094e-17  -1.7328907e-16  4.1382959e-17  3.5414745e-17  1.0000000   6.4600810e-16  -1.9497359e-16  1.9630624e-16  3.1854580e-17  7.0640007e-17  5.3991098e-17  3.8269094e-17  -1.7328907e-16  4.1382959e-17  3.5414745e-17  1.0000000   6.4600810e-16  -1.9497359e-16  
2.9958654e-16  6.0791713e-17  8.6875325e-17  -2.0997587e-16  4.6570130e-17  -2.0328358e-16  1.3724218e-16  -2.2908761e-16  6.4600810e-16  1.0000000   -1.6850970e-16  2.9958654e-16  6.0791713e-17  8.6875325e-17  -2.0997587e-16  4.6570130e-17  -2.0328358e-16  1.3724218e-16  -2.2908761e-16  6.4600810e-16  1.0000000   -1.6850970e-16  
1.3805684e-17  1.0417531e-16  -7.7063905e-16  -3.5818408e-16  -4.8245673e-18  3.2413537e-16  -1.2975168e-17  1.6103109e-16  -1.9497359e-16  -1.6850970e-16  1.0000000   1.3805684e-17  1.0417531e-16  -7.7063905e-16  -3.5818408e-16  -4.8245673e-18  3.2413537e-16  -1.2975168e-17  1.6103109e-16  -1.9497359e-16  -1.6850970e-16  1.0000000   
1.0000000   -2.4973581e-16  -1.9944492e-16  1.7278382e-16  -1.5836799e-16  -5.5129171e-16  1.3946440e-16  -1.3672781e-16  1.9630624e-16  2.9958654e-16  1.3805684e-17  1.0000000   -2.4973581e-16  -1.9944492e-16  1.7278382e-16  -1.5836799e-16  -5.5129171e-16  1.3946440e-16  -1.3672781e-16  1.9630624e-16  2.9958654e-16  1.3805684e-17  
-2.4973581e-16  1.0000000   -1.1616549e-16  -2.8375604e-17  -8.2886833e-17  4.9018559e-16  -1.3605890e-16  9.2780548e-17  3.1854580e-17  6.0791713e-17  1.0417531e-16  -2.4973581e-16  1.0000000   -1.1616549e-16  -2.8375604e-17  -8.2886833e-17  4.9018559e-16  -1.3605890e-16  9.2780548e-17  3.1854580e-17  6.0791713e-17  1.0417531e-16  
-1.9944492e-16  -1.1616549e-16  1.0000000   1.5552203e-16  8.6973449e-16  -9.2187678e-17  8.9128195e-17  3.3669930e-16  7.0640007e-17  8.6875325e-17  -7.7063905e-16  -1.9944492e-16  -1.1616549e-16  1.0000000   1.5552203e-16  8.6973449e-16  -9.2187678e-17  8.9128195e-17  3.3669930e-16  7.0640007e-17  8.6875325e-17  -7.7063905e-16  
1.7278382e-16  -2.8375604e-17  1.5552203e-16  1.0000000   -4.5475080e-16  -8.8789699e-17  -1.0043439e-16  -4.1356347e-16  5.3991098e-17  -2.0997587e-16  -3.5818408e-16  1.7278382e-16  -2.8375604e-17  1.5552203e-16  1.0000000   -4.5475080e-16  -8.8789699e-17  -1.0043439e-16  -4.1356347e-16  5.3991098e-17  -2.0997587e-16  -3.5818408e-16  
-1.5836799e-16  -8.2886833e-17  8.6973449e-16  -4.5475080e-16  1.0000000   -5.2364728e-17  2.7957355e-17  5.5433683e-17  3.8269094e-17  4.6570130e-17  -4.8245673e-18  -1.5836799e-16  -8.2886833e-17  8.6973449e-16  -4.5475080e-16  1.0000000   -5.2364728e-17  2.7957355e-17  5.5433683e-17  3.8269094e-17  4.6570130e-17  -4.8245673e-18  
-5.5129171e-16  4.9018559e-16  -9.2187678e-17  -8.8789699e-17  -5.2364728e-17  1.0000000   1.1120156e-15  3.7293656e-16  -1.7328907e-16  -2.0328358e-16  3.2413537e-16  -5.5129171e-16  4.9018559e-16  -9.2187678e-17  -8.8789699e-17  -5.2364728e-17  1.0000000   1.1120156e-15  3.7293656e-16  -1.7328907e-16  -2.0328358e-16  3.2413537e-16  
1.3946440e-16  -1.3605890e-16  8.9128195e-17  -1.0043439e-16  2.7957355e-17  1.1120156e-15  1.0000000   1.7055041e-16  4.1382959e-17  1.3724218e-16  -1.2975168e-17  1.3946440e-16  -1.3605890e-16  8.9128195e-17  -1.0043439e-16  2.7957355e-17  1.1120156e-15  1.0000000   1.7055041e-16  4.1382959e-17  1.3724218e-16  -1.2975168e-17  
-1.3672781e-16  9.2780548e-17  3.3669930e-16  -4.1356347e-16  5.5433683e-17  3.7293656e-16  1.7055041e-16  1.0000000   3.5414745e-17  -2.2908761e-16  1.6103109e-16  -1.3672781e-16  9.2780548e-17  3.3669930e-16  -4.1356347e-16  5.5433683e-17  3.7293656e-16  1.7055041e-16  1.0000000   3.5414745e-17  -2.2908761e-16  1.6103109e-16  
1.9630624e-16  3.1854580e-17  7.0640007e-17  5.3991098e-17  3.8269094e-17  -1.7328907e-16  4.1382959e-17  3.5414745e-17  1.0000000   6.4600810e-16  -1.9497359e-16  1.9630624e-16  3.1854580e-17  7.0640007e-17  5.3991098e-17  3.8269094e-17  -1.7328907e-16  4.1382959e-17  3.5414745e-17  1.0000000   6.4600810e-16  -1.9497359e-16  
2.9958654e-16  6.0791713e-17  8.6875325e-17  -2.0997587e-16  4.6570130e-17  -2.0328358e-16  1.3724218e-16  -2.2908761e-16  6.4600810e-16  1.0000000   -1.6850970e-16  2.9958654e-16  6.0791713e-17  8.6875325e-17  -2.0997587e-16  4.6570130e-17  -2.0328358e-16  1.3724218e-16  -2.2908761e-16  6.4600810e-16  1.0000000   -1.6850970e-16  
1.3805684e-17  1.0417531e-16  -7.7063905e-16  -3.5818408e-16  -4.8245673e-18  3.2413537e-16  -1.2975168e-17  1.6103109e-16  -1.9497359e-16  -1.6850970e-16  1.0000000   1.3805684e-17  1.0417531e-16  -7.7063905e-16  -3.5818408e-16  -4.8245673e-18  3.2413537e-16  -1.2975168e-17  1.6103109e-16  -1.9497359e-16  -1.6850970e-16  1.0000000   
