1.0000000   -9.4282390e-16  4.8417589e-16  -3.8165611e-17  -2.1849059e-16  2.1236323e-16  1.5356696e-15  1.8280877e-17  3.2617809e-17  -2.3781509e-18  4.1831294e-16  1.0000000   -9.4282390e-16  4.8417589e-16  -3.8165611e-17  -2.1849059e-16  2.1236323e-16  1.5356696e-15  1.8280877e-17  3.2617809e-17  -2.3781509e-18  4.1831294e-16  
-9.4282390e-16  1.0000000   -6.1067687e-17  -2.3327880e-16  -8.7669260e-16  4.9062658e-16  3.6538164e-16  -4.1101151e-16  -1.5200207e-16  -1.2705812e-17  7.2023212e-17  -9.4282390e-16  1.0000000   -6.1067687e-17  -2.3327880e-16  -8.7669260e-16  4.9062658e-16  3.6538164e-16  -4.1101151e-16  -1.5200207e-16  -1.2705812e-17  7.2023212e-17  
4.8417589e-16  -6.1067687e-17  1.0000000   -3.5978571e-17  2.0448646e-17  4.6847381e-17  3.2367458e-17  3.8830214e-16  4.9797353e-16  -2.6858356e-17  -4.8022956e-17  4.8417589e-16  -6.1067687e-17  1.0000000   -3.5978571e-17  2.0448646e-17  4.6847381e-17  3.2367458e-17  3.8830214e-16  4.9797353e-16  -2.6858356e-17  -4.8022956e-17  
-3.8165611e-17  -2.3327880e-16  -3.5978571e-17  1.0000000   2.6751021e-16  -3.7867087e-16  1.9845426e-16  1.9650256e-16  1.1896308e-16  9.7267652e-17  5.8222620e-16  -3.8165611e-17  -2.3327880e-16  -3.5978571e-17  1.0000000   2.6751021e-16  -3.7867087e-16  1.9845426e-16  1.9650256e-16  1.1896308e-16  9.7267652e-17  5.8222620e-16  
-2.1849059e-16  -8.7669260e-16  2.0448646e-17  2.6751021e-16  1.0000000   7.8503411e-16  1.1803865e-16  -8.8993697e-16  1.0961718e-17  9.2823164e-18  4.6748807e-16  -2.1849059e-16  -8.7669260e-16  2.0448646e-17  2.6751021e-16  1.0000000   7.8503411e-16  1.1803865e-16  -8.8993697e-16  1.0961718e-17  9.2823164e-18  4.6748807e-16  
2.1236323e-16  4.9062658e-16  4.6847381e-17  -3.7867087e-16  7.8503411e-16  1.0000000   -6.4895058e-16  -4.6629514e-16  9.7143853e-17  -4.0923417e-17  -3.0119123e-16  2.1236323e-16  4.9062658e-16  4.6847381e-17  -3.7867087e-16  7.8503411e-16  1.0000000   -6.4895058e-16  -4.6629514e-16  9.7143853e-17  -4.0923417e-17  -3.0119123e-16  
1.5356696e-15  3.6538164e-16  3.2367458e-17  1.9845426e-16  1.1803865e-16  -6.4895058e-16  1.0000000   2.5523895e-16  -5.8584054e-17  -1.0126702e-17  3.3450268e-16  1.5356696e-15  3.6538164e-16  3.2367458e-17  1.9845426e-16  1.1803865e-16  -6.4895058e-16  1.0000000   2.5523895e-16  -5.8584054e-17  -1.0126702e-17  3.3450268e-16  
1.8280877e-17  -4.1101151e-16  3.8830214e-16  1.9650256e-16  -8.8993697e-16  -4.6629514e-16  2.5523895e-16  1.0000000   2.7189334e-16  9.1530896e-17  -1.2100453e-16  1.8280877e-17  -4.1101151e-16  3.8830214e-16  1.9650256e-16  -8.8993697e-16  -4.6629514e-16  2.5523895e-16  1.0000000   2.7189334e-16  9.1530896e-17  -1.2100453e-16  
3.2617809e-17  -1.5200207e-16  4.9797353e-16  1.1896308e-16  1.0961718e-17  9.7143853e-17  -5.8584054e-17  2.7189334e-16  1.0000000   -2.4862937e-16  -1.2035610e-16  3.2617809e-17  -1.5200207e-16  4.9797353e-16  1.1896308e-16  1.0961718e-17  9.7143853e-17  -5.8584054e-17  2.7189334e-16  1.0000000   -2.4862937e-16  -1.2035610e-16  
-2.3781509e-18  -1.2705812e-17  -2.6858356e-17  9.7267652e-17  9.2823164e-18  -4.0923417e-17  -1.0126702e-17  9.1530896e-17  -2.4862937e-16  1.0000000   9.3377878e-17  -2.3781509e-18  -1.2705812e-17  -2.6858356e-17  9.7267652e-17  9.2823164e-18  -4.0923417e-17  -1.0126702e-17  9.1530896e-17  -2.4862937e-16  1.0000000   9.3377878e-17  
4.1831294e-16  7.2023212e-17  -4.8022956e-17  5.8222620e-16  4.6748807e-16  -3.0119123e-16  3.3450268e-16  -1.2100453e-16  -1.2035610e-16  9.3377878e-17  1.0000000   4.1831294e-16  7.2023212e-17  -4.8022956e-17  5.8222620e-16  4.6748807e-16  -3.0119123e-16  3.3450268e-16  -1.2100453e-16  -1.2035610e-16  9.3377878e-17  1.0000000   
1.0000000   -9.4282390e-16  4.8417589e-16  -3.8165611e-17  -2.1849059e-16  2.1236323e-16  1.5356696e-15  1.8280877e-17  3.2617809e-17  -2.3781509e-18  4.1831294e-16  1.0000000   -9.4282390e-16  4.8417589e-16  -3.8165611e-17  -2.1849059e-16  2.1236323e-16  1.5356696e-15  1.8280877e-17  3.2617809e-17  -2.3781509e-18  4.1831294e-16  
-9.4282390e-16  1.0000000   -6.1067687e-17  -2.3327880e-16  -8.7669260e-16  4.9062658e-16  3.6538164e-16  -4.1101151e-16  -1.5200207e-16  -1.2705812e-17  7.2023212e-17  -9.4282390e-16  1.0000000   -6.1067687e-17  -2.3327880e-16  -8.7669260e-16  4.9062658e-16  3.6538164e-16  -4.1101151e-16  -1.5200207e-16  -1.2705812e-17  7.2023212e-17  
4.8417589e-16  -6.1067687e-17  1.0000000   -3.5978571e-17  2.0448646e-17  4.6847381e-17  3.2367458e-17  3.8830214e-16  4.9797353e-16  -2.6858356e-17  -4.8022956e-17  4.8417589e-16  -6.1067687e-17  1.0000000   -3.5978571e-17  2.0448646e-17  4.6847381e-17  3.2367458e-17  3.8830214e-16  4.9797353e-16  -2.6858356e-17  -4.8022956e-17  
-3.8165611e-17  -2.3327880e-16  -3.5978571e-17  1.0000000   2.6751021e-16  -3.7867087e-16  1.9845426e-16  1.9650256e-16  1.1896308e-16  9.7267652e-17  5.8222620e-16  -3.8165611e-17  -2.3327880e-16  -3.5978571e-17  1.0000000   2.6751021e-16  -3.7867087e-16  1.9845426e-16  1.9650256e-16  1.1896308e-16  9.7267652e-17  5.8222620e-16  
-2.1849059e-16  -8.7669260e-16  2.0448646e-17  2.6751021e-16  1.0000000   7.8503411e-16  1.1803865e-16  -8.8993697e-16  1.0961718e-17  9.2823164e-18  4.6748807e-16  -2.1849059e-16  -8.7669260e-16  2.0448646e-17  2.6751021e-16  1.0000000   7.8503411e-16  1.1803865e-16  -8.8993697e-16  1.0961718e-17  9.2823164e-18  4.6748807e-16  
2.1236323e-16  4.9062658e-16  4.6847381e-17  -3.7867087e-16  7.8503411e-16  1.0000000   -6.4895058e-16  -4.6629514e-16  9.7143853e-17  -4.0923417e-17  -3.0119123e-16  2.1236323e-16  4.9062658e-16  4.6847381e-17  -3.7867087e-16  7.8503411e-16  1.0000000   -6.4895058e-16  -4.6629514e-16  9.7143853e-17  -4.0923417e-17  -3.0119123e-16  
1.5356696e-15  3.6538164e-16  3.2367458e-17  1.9845426e-16  1.1803865e-16  -6.4895058e-16  1.0000000   2.5523895e-16  -5.8584054e-17  -1.0126702e-17  3.3450268e-16  1.5356696e-15  3.6538164e-16  3.2367458e-17  1.9845426e-16  1.1803865e-16  -6.4895058e-16  1.0000000   2.5523895e-16  -5.8584054e-17  -1.0126702e-17  3.3450268e-16  
1.8280877e-17  -4.1101151e-16  3.8830214e-16  1.9650256e-16  -8.8993697e-16  -4.6629514e-16  2.5523895e-16  1.0000000   2.7189334e-16  9.1530896e-17  -1.2100453e-16  1.8280877e-17  -4.1101151e-16  3.8830214e-16  1.9650256e-16  -8.8993697e-16  -4.6629514e-16  2.5523895e-16  1.0000000   2.7189334e-16  9.1530896e-17  -1.2100453e-16  
3.2617809e-17  -1.5200207e-16  4.9797353e-16  1.1896308e-16  1.0961718e-17  9.7143853e-17  -5.8584054e-17  2.7189334e-16  1.0000000   -2.4862937e-16  -1.2035610e-16  3.2617809e-17  -1.5200207e-16  4.9797353e-16  1.1896308e-16  1.0961718e-17  9.7143853e-17  -5.8584054e-17  2.7189334e-16  1.0000000   -2.4862937e-16  -1.2035610e-16  
-2.3781509e-18  -1.2705812e-17  -2.6858356e-17  9.7267652e-17  9.2823164e-18  -4.0923417e-17  -1.0126702e-17  9.1530896e-17  -2.4862937e-16  1.0000000   9.3377878e-17  -2.3781509e-18  -1.2705812e-17  -2.6858356e-17  9.7267652e-17  9.2823164e-18  -4.0923417e-17  -1.0126702e-17  9.1530896e-17  -2.4862937e-16  1.0000000   9.3377878e-17  
4.1831294e-16  7.2023212e-17  -4.8022956e-17  5.8222620e-16  4.6748807e-16  -3.0119123e-16  3.3450268e-16  -1.2100453e-16  -1.2035610e-16  9.3377878e-17  1.0000000   4.1831294e-16  7.2023212e-17  -4.8022956e-17  5.8222620e-16  4.6748807e-16  -3.0119123e-16  3.3450268e-16  -1.2100453e-16  -1.2035610e-16  9.3377878e-17  1.0000000   
