1.0000000   2.3202774e-17  -5.5733074e-16  4.9839419e-17  1.0508799e-16  1.0685998e-16  -8.7898303e-17  8.6824265e-17  -2.3364049e-16  3.4842944e-16  -7.5887376e-17  1.0000000   2.3202774e-17  -5.5733074e-16  4.9839419e-17  1.0508799e-16  1.0685998e-16  -8.7898303e-17  8.6824265e-17  -2.3364049e-16  3.4842944e-16  -7.5887376e-17  
2.3202774e-17  1.0000000   -6.8983994e-16  6.8297855e-17  -3.9250600e-17  -3.0872657e-16  -2.9340448e-16  -3.3011664e-16  9.0767415e-17  -1.3064158e-16  -3.1513681e-16  2.3202774e-17  1.0000000   -6.8983994e-16  6.8297855e-17  -3.9250600e-17  -3.0872657e-16  -2.9340448e-16  -3.3011664e-16  9.0767415e-17  -1.3064158e-16  -3.1513681e-16  
-5.5733074e-16  -6.8983994e-16  1.0000000   3.7564048e-16  9.1041219e-17  -2.3319368e-16  -4.1457689e-16  3.4712850e-16  3.9691540e-16  6.7942630e-19  8.5021186e-16  -5.5733074e-16  -6.8983994e-16  1.0000000   3.7564048e-16  9.1041219e-17  -2.3319368e-16  -4.1457689e-16  3.4712850e-16  3.9691540e-16  6.7942630e-19  8.5021186e-16  
4.9839419e-17  6.8297855e-17  3.7564048e-16  1.0000000   1.2733160e-16  5.7648385e-16  4.8270714e-17  3.1552401e-16  -8.7599216e-16  2.9805861e-16  -6.1201180e-16  4.9839419e-17  6.8297855e-17  3.7564048e-16  1.0000000   1.2733160e-16  5.7648385e-16  4.8270714e-17  3.1552401e-16  -8.7599216e-16  2.9805861e-16  -6.1201180e-16  
1.0508799e-16  -3.9250600e-17  9.1041219e-17  1.2733160e-16  1.0000000   -4.8293525e-16  -1.0421569e-15  2.0009502e-16  1.1859213e-16  4.3932131e-17  2.2601497e-16  1.0508799e-16  -3.9250600e-17  9.1041219e-17  1.2733160e-16  1.0000000   -4.8293525e-16  -1.0421569e-15  2.0009502e-16  1.1859213e-16  4.3932131e-17  2.2601497e-16  
1.0685998e-16  -3.0872657e-16  -2.3319368e-16  5.7648385e-16  -4.8293525e-16  1.0000000   -1.4557998e-16  1.3940892e-17  2.7861243e-16  1.4803293e-16  1.9034291e-16  1.0685998e-16  -3.0872657e-16  -2.3319368e-16  5.7648385e-16  -4.8293525e-16  1.0000000   -1.4557998e-16  1.3940892e-17  2.7861243e-16  1.4803293e-16  1.9034291e-16  
-8.7898303e-17  -2.9340448e-16  -4.1457689e-16  4.8270714e-17  -1.0421569e-15  -1.4557998e-16  1.0000000   7.1409282e-16  -4.6149193e-16  -1.2099821e-16  6.6433556e-16  -8.7898303e-17  -2.9340448e-16  -4.1457689e-16  4.8270714e-17  -1.0421569e-15  -1.4557998e-16  1.0000000   7.1409282e-16  -4.6149193e-16  -1.2099821e-16  6.6433556e-16  
8.6824265e-17  -3.3011664e-16  3.4712850e-16  3.1552401e-16  2.0009502e-16  1.3940892e-17  7.1409282e-16  1.0000000   2.9740301e-16  5.3705769e-16  -5.0161291e-18  8.6824265e-17  -3.3011664e-16  3.4712850e-16  3.1552401e-16  2.0009502e-16  1.3940892e-17  7.1409282e-16  1.0000000   2.9740301e-16  5.3705769e-16  -5.0161291e-18  
-2.3364049e-16  9.0767415e-17  3.9691540e-16  -8.7599216e-16  1.1859213e-16  2.7861243e-16  -4.6149193e-16  2.9740301e-16  1.0000000   2.5753722e-16  -5.7729912e-16  -2.3364049e-16  9.0767415e-17  3.9691540e-16  -8.7599216e-16  1.1859213e-16  2.7861243e-16  -4.6149193e-16  2.9740301e-16  1.0000000   2.5753722e-16  -5.7729912e-16  
3.4842944e-16  -1.3064158e-16  6.7942630e-19  2.9805861e-16  4.3932131e-17  1.4803293e-16  -1.2099821e-16  5.3705769e-16  2.5753722e-16  1.0000000   3.1424239e-16  3.4842944e-16  -1.3064158e-16  6.7942630e-19  2.9805861e-16  4.3932131e-17  1.4803293e-16  -1.2099821e-16  5.3705769e-16  2.5753722e-16  1.0000000   3.1424239e-16  
-7.5887376e-17  -3.1513681e-16  8.5021186e-16  -6.1201180e-16  2.2601497e-16  1.9034291e-16  6.6433556e-16  -5.0161291e-18  -5.7729912e-16  3.1424239e-16  1.0000000   -7.5887376e-17  -3.1513681e-16  8.5021186e-16  -6.1201180e-16  2.2601497e-16  1.9034291e-16  6.6433556e-16  -5.0161291e-18  -5.7729912e-16  3.1424239e-16  1.0000000   
1.0000000   2.3202774e-17  -5.5733074e-16  4.9839419e-17  1.0508799e-16  1.0685998e-16  -8.7898303e-17  8.6824265e-17  -2.3364049e-16  3.4842944e-16  -7.5887376e-17  1.0000000   2.3202774e-17  -5.5733074e-16  4.9839419e-17  1.0508799e-16  1.0685998e-16  -8.7898303e-17  8.6824265e-17  -2.3364049e-16  3.4842944e-16  -7.5887376e-17  
2.3202774e-17  1.0000000   -6.8983994e-16  6.8297855e-17  -3.9250600e-17  -3.0872657e-16  -2.9340448e-16  -3.3011664e-16  9.0767415e-17  -1.3064158e-16  -3.1513681e-16  2.3202774e-17  1.0000000   -6.8983994e-16  6.8297855e-17  -3.9250600e-17  -3.0872657e-16  -2.9340448e-16  -3.3011664e-16  9.0767415e-17  -1.3064158e-16  -3.1513681e-16  
-5.5733074e-16  -6.8983994e-16  1.0000000   3.7564048e-16  9.1041219e-17  -2.3319368e-16  -4.1457689e-16  3.4712850e-16  3.9691540e-16  6.7942630e-19  8.5021186e-16  -5.5733074e-16  -6.8983994e-16  1.0000000   3.7564048e-16  9.1041219e-17  -2.3319368e-16  -4.1457689e-16  3.4712850e-16  3.9691540e-16  6.7942630e-19  8.5021186e-16  
4.9839419e-17  6.8297855e-17  3.7564048e-16  1.0000000   1.2733160e-16  5.7648385e-16  4.8270714e-17  3.1552401e-16  -8.7599216e-16  2.9805861e-16  -6.1201180e-16  4.9839419e-17  6.8297855e-17  3.7564048e-16  1.0000000   1.2733160e-16  5.7648385e-16  4.8270714e-17  3.1552401e-16  -8.7599216e-16  2.9805861e-16  -6.1201180e-16  
1.0508799e-16  -3.9250600e-17  9.1041219e-17  1.2733160e-16  1.0000000   -4.8293525e-16  -1.0421569e-15  2.0009502e-16  1.1859213e-16  4.3932131e-17  2.2601497e-16  1.0508799e-16  -3.9250600e-17  9.1041219e-17  1.2733160e-16  1.0000000   -4.8293525e-16  -1.0421569e-15  2.0009502e-16  1.1859213e-16  4.3932131e-17  2.2601497e-16  
1.0685998e-16  -3.0872657e-16  -2.3319368e-16  5.7648385e-16  -4.8293525e-16  1.0000000   -1.4557998e-16  1.3940892e-17  2.7861243e-16  1.4803293e-16  1.9034291e-16  1.0685998e-16  -3.0872657e-16  -2.3319368e-16  5.7648385e-16  -4.8293525e-16  1.0000000   -1.4557998e-16  1.3940892e-17  2.7861243e-16  1.4803293e-16  1.9034291e-16  
-8.7898303e-17  -2.9340448e-16  -4.1457689e-16  4.8270714e-17  -1.0421569e-15  -1.4557998e-16  1.0000000   7.1409282e-16  -4.6149193e-16  -1.2099821e-16  6.6433556e-16  -8.7898303e-17  -2.9340448e-16  -4.1457689e-16  4.8270714e-17  -1.0421569e-15  -1.4557998e-16  1.0000000   7.1409282e-16  -4.6149193e-16  -1.2099821e-16  6.6433556e-16  
8.6824265e-17  -3.3011664e-16  3.4712850e-16  3.1552401e-16  2.0009502e-16  1.3940892e-17  7.1409282e-16  1.0000000   2.9740301e-16  5.3705769e-16  -5.0161291e-18  8.6824265e-17  -3.3011664e-16  3.4712850e-16  3.1552401e-16  2.0009502e-16  1.3940892e-17  7.1409282e-16  1.0000000   2.9740301e-16  5.3705769e-16  -5.0161291e-18  
-2.3364049e-16  9.0767415e-17  3.9691540e-16  -8.7599216e-16  1.1859213e-16  2.7861243e-16  -4.6149193e-16  2.9740301e-16  1.0000000   2.5753722e-16  -5.7729912e-16  -2.3364049e-16  9.0767415e-17  3.9691540e-16  -8.7599216e-16  1.1859213e-16  2.7861243e-16  -4.6149193e-16  2.9740301e-16  1.0000000   2.5753722e-16  -5.7729912e-16  
3.4842944e-16  -1.3064158e-16  6.7942630e-19  2.9805861e-16  4.3932131e-17  1.4803293e-16  -1.2099821e-16  5.3705769e-16  2.5753722e-16  1.0000000   3.1424239e-16  3.4842944e-16  -1.3064158e-16  6.7942630e-19  2.9805861e-16  4.3932131e-17  1.4803293e-16  -1.2099821e-16  5.3705769e-16  2.5753722e-16  1.0000000   3.1424239e-16  
-7.5887376e-17  -3.1513681e-16  8.5021186e-16  -6.1201180e-16  2.2601497e-16  1.9034291e-16  6.6433556e-16  -5.0161291e-18  -5.7729912e-16  3.1424239e-16  1.0000000   -7.5887376e-17  -3.1513681e-16  8.5021186e-16  -6.1201180e-16  2.2601497e-16  1.9034291e-16  6.6433556e-16  -5.0161291e-18  -5.7729912e-16  3.1424239e-16  1.0000000   
