1.0000000   -4.7606301e-16  2.6661887e-16  3.9827404e-16  -3.4729791e-16  -2.1243586e-16  5.5016653e-16  1.0434832e-16  3.2693354e-16  1.1794680e-16  -4.6482796e-16  1.0000000   -4.7606301e-16  2.6661887e-16  3.9827404e-16  -3.4729791e-16  -2.1243586e-16  5.5016653e-16  1.0434832e-16  3.2693354e-16  1.1794680e-16  -4.6482796e-16  
-4.7606301e-16  1.0000000   3.7945043e-16  6.4303946e-16  7.1694774e-17  1.9792195e-16  -1.8310481e-16  -4.3860827e-16  3.8456524e-16  4.6807761e-16  -1.7460314e-16  -4.7606301e-16  1.0000000   3.7945043e-16  6.4303946e-16  7.1694774e-17  1.9792195e-16  -1.8310481e-16  -4.3860827e-16  3.8456524e-16  4.6807761e-16  -1.7460314e-16  
2.6661887e-16  3.7945043e-16  1.0000000   -9.5883283e-17  -6.7799905e-17  4.4224268e-16  -2.7449373e-16  3.3439548e-16  -7.0973166e-16  -1.3459798e-16  -5.4692070e-16  2.6661887e-16  3.7945043e-16  1.0000000   -9.5883283e-17  -6.7799905e-17  4.4224268e-16  -2.7449373e-16  3.3439548e-16  -7.0973166e-16  -1.3459798e-16  -5.4692070e-16  
3.9827404e-16  6.4303946e-16  -9.5883283e-17  1.0000000   1.2362054e-16  1.7826952e-16  -5.8019237e-16  4.0584615e-16  2.3411355e-16  3.6020288e-17  -1.7320087e-16  3.9827404e-16  6.4303946e-16  -9.5883283e-17  1.0000000   1.2362054e-16  1.7826952e-16  -5.8019237e-16  4.0584615e-16  2.3411355e-16  3.6020288e-17  -1.7320087e-16  
-3.4729791e-16  7.1694774e-17  -6.7799905e-17  1.2362054e-16  1.0000000   -3.7204599e-16  -2.8972958e-16  5.0375751e-16  5.9350410e-16  2.4634281e-16  -5.2569774e-16  -3.4729791e-16  7.1694774e-17  -6.7799905e-17  1.2362054e-16  1.0000000   -3.7204599e-16  -2.8972958e-16  5.0375751e-16  5.9350410e-16  2.4634281e-16  -5.2569774e-16  
-2.1243586e-16  1.9792195e-16  4.4224268e-16  1.7826952e-16  -3.7204599e-16  1.0000000   -1.9077300e-16  -4.5928244e-17  1.4674698e-16  -5.0718639e-17  -8.2331602e-17  -2.1243586e-16  1.9792195e-16  4.4224268e-16  1.7826952e-16  -3.7204599e-16  1.0000000   -1.9077300e-16  -4.5928244e-17  1.4674698e-16  -5.0718639e-17  -8.2331602e-17  
5.5016653e-16  -1.8310481e-16  -2.7449373e-16  -5.8019237e-16  -2.8972958e-16  -1.9077300e-16  1.0000000   3.1421714e-16  1.9155862e-17  -9.5184247e-16  -3.3165448e-16  5.5016653e-16  -1.8310481e-16  -2.7449373e-16  -5.8019237e-16  -2.8972958e-16  -1.9077300e-16  1.0000000   3.1421714e-16  1.9155862e-17  -9.5184247e-16  -3.3165448e-16  
1.0434832e-16  -4.3860827e-16  3.3439548e-16  4.0584615e-16  5.0375751e-16  -4.5928244e-17  3.1421714e-16  1.0000000   -1.6169425e-16  -1.4833807e-16  -6.1519802e-16  1.0434832e-16  -4.3860827e-16  3.3439548e-16  4.0584615e-16  5.0375751e-16  -4.5928244e-17  3.1421714e-16  1.0000000   -1.6169425e-16  -1.4833807e-16  -6.1519802e-16  
3.2693354e-16  3.8456524e-16  -7.0973166e-16  2.3411355e-16  5.9350410e-16  1.4674698e-16  1.9155862e-17  -1.6169425e-16  1.0000000   2.8301615e-16  5.1314855e-16  3.2693354e-16  3.8456524e-16  -7.0973166e-16  2.3411355e-16  5.9350410e-16  1.4674698e-16  1.9155862e-17  -1.6169425e-16  1.0000000   2.8301615e-16  5.1314855e-16  
1.1794680e-16  4.6807761e-16  -1.3459798e-16  3.6020288e-17  2.4634281e-16  -5.0718639e-17  -9.5184247e-16  -1.4833807e-16  2.8301615e-16  1.0000000   9.8087898e-17  1.1794680e-16  4.6807761e-16  -1.3459798e-16  3.6020288e-17  2.4634281e-16  -5.0718639e-17  -9.5184247e-16  -1.4833807e-16  2.8301615e-16  1.0000000   9.8087898e-17  
-4.6482796e-16  -1.7460314e-16  -5.4692070e-16  -1.7320087e-16  -5.2569774e-16  -8.2331602e-17  -3.3165448e-16  -6.1519802e-16  5.1314855e-16  9.8087898e-17  1.0000000   -4.6482796e-16  -1.7460314e-16  -5.4692070e-16  -1.7320087e-16  -5.2569774e-16  -8.2331602e-17  -3.3165448e-16  -6.1519802e-16  5.1314855e-16  9.8087898e-17  1.0000000   
1.0000000   -4.7606301e-16  2.6661887e-16  3.9827404e-16  -3.4729791e-16  -2.1243586e-16  5.5016653e-16  1.0434832e-16  3.2693354e-16  1.1794680e-16  -4.6482796e-16  1.0000000   -4.7606301e-16  2.6661887e-16  3.9827404e-16  -3.4729791e-16  -2.1243586e-16  5.5016653e-16  1.0434832e-16  3.2693354e-16  1.1794680e-16  -4.6482796e-16  
-4.7606301e-16  1.0000000   3.7945043e-16  6.4303946e-16  7.1694774e-17  1.9792195e-16  -1.8310481e-16  -4.3860827e-16  3.8456524e-16  4.6807761e-16  -1.7460314e-16  -4.7606301e-16  1.0000000   3.7945043e-16  6.4303946e-16  7.1694774e-17  1.9792195e-16  -1.8310481e-16  -4.3860827e-16  3.8456524e-16  4.6807761e-16  -1.7460314e-16  
2.6661887e-16  3.7945043e-16  1.0000000   -9.5883283e-17  -6.7799905e-17  4.4224268e-16  -2.7449373e-16  3.3439548e-16  -7.0973166e-16  -1.3459798e-16  -5.4692070e-16  2.6661887e-16  3.7945043e-16  1.0000000   -9.5883283e-17  -6.7799905e-17  4.4224268e-16  -2.7449373e-16  3.3439548e-16  -7.0973166e-16  -1.3459798e-16  -5.4692070e-16  
3.9827404e-16  6.4303946e-16  -9.5883283e-17  1.0000000   1.2362054e-16  1.7826952e-16  -5.8019237e-16  4.0584615e-16  2.3411355e-16  3.6020288e-17  -1.7320087e-16  3.9827404e-16  6.4303946e-16  -9.5883283e-17  1.0000000   1.2362054e-16  1.7826952e-16  -5.8019237e-16  4.0584615e-16  2.3411355e-16  3.6020288e-17  -1.7320087e-16  
-3.4729791e-16  7.1694774e-17  -6.7799905e-17  1.2362054e-16  1.0000000   -3.7204599e-16  -2.8972958e-16  5.0375751e-16  5.9350410e-16  2.4634281e-16  -5.2569774e-16  -3.4729791e-16  7.1694774e-17  -6.7799905e-17  1.2362054e-16  1.0000000   -3.7204599e-16  -2.8972958e-16  5.0375751e-16  5.9350410e-16  2.4634281e-16  -5.2569774e-16  
-2.1243586e-16  1.9792195e-16  4.4224268e-16  1.7826952e-16  -3.7204599e-16  1.0000000   -1.9077300e-16  -4.5928244e-17  1.4674698e-16  -5.0718639e-17  -8.2331602e-17  -2.1243586e-16  1.9792195e-16  4.4224268e-16  1.7826952e-16  -3.7204599e-16  1.0000000   -1.9077300e-16  -4.5928244e-17  1.4674698e-16  -5.0718639e-17  -8.2331602e-17  
5.5016653e-16  -1.8310481e-16  -2.7449373e-16  -5.8019237e-16  -2.8972958e-16  -1.9077300e-16  1.0000000   3.1421714e-16  1.9155862e-17  -9.5184247e-16  -3.3165448e-16  5.5016653e-16  -1.8310481e-16  -2.7449373e-16  -5.8019237e-16  -2.8972958e-16  -1.9077300e-16  1.0000000   3.1421714e-16  1.9155862e-17  -9.5184247e-16  -3.3165448e-16  
1.0434832e-16  -4.3860827e-16  3.3439548e-16  4.0584615e-16  5.0375751e-16  -4.5928244e-17  3.1421714e-16  1.0000000   -1.6169425e-16  -1.4833807e-16  -6.1519802e-16  1.0434832e-16  -4.3860827e-16  3.3439548e-16  4.0584615e-16  5.0375751e-16  -4.5928244e-17  3.1421714e-16  1.0000000   -1.6169425e-16  -1.4833807e-16  -6.1519802e-16  
3.2693354e-16  3.8456524e-16  -7.0973166e-16  2.3411355e-16  5.9350410e-16  1.4674698e-16  1.9155862e-17  -1.6169425e-16  1.0000000   2.8301615e-16  5.1314855e-16  3.2693354e-16  3.8456524e-16  -7.0973166e-16  2.3411355e-16  5.9350410e-16  1.4674698e-16  1.9155862e-17  -1.6169425e-16  1.0000000   2.8301615e-16  5.1314855e-16  
1.1794680e-16  4.6807761e-16  -1.3459798e-16  3.6020288e-17  2.4634281e-16  -5.0718639e-17  -9.5184247e-16  -1.4833807e-16  2.8301615e-16  1.0000000   9.8087898e-17  1.1794680e-16  4.6807761e-16  -1.3459798e-16  3.6020288e-17  2.4634281e-16  -5.0718639e-17  -9.5184247e-16  -1.4833807e-16  2.8301615e-16  1.0000000   9.8087898e-17  
-4.6482796e-16  -1.7460314e-16  -5.4692070e-16  -1.7320087e-16  -5.2569774e-16  -8.2331602e-17  -3.3165448e-16  -6.1519802e-16  5.1314855e-16  9.8087898e-17  1.0000000   -4.6482796e-16  -1.7460314e-16  -5.4692070e-16  -1.7320087e-16  -5.2569774e-16  -8.2331602e-17  -3.3165448e-16  -6.1519802e-16  5.1314855e-16  9.8087898e-17  1.0000000   
