1.0000000   -6.8597133e-16  4.8934787e-17  -4.3391634e-16  1.4929909e-16  4.4751588e-16  -2.0150744e-16  -2.7116595e-16  5.7903511e-16  1.0144871e-16  5.5167256e-17  1.0000000   -6.8597133e-16  4.8934787e-17  -4.3391634e-16  1.4929909e-16  4.4751588e-16  -2.0150744e-16  -2.7116595e-16  5.7903511e-16  1.0144871e-16  5.5167256e-17  
-6.8597133e-16  1.0000000   1.5084302e-16  3.1937208e-16  1.7463892e-16  7.8644235e-16  -1.3574550e-16  -3.7755403e-16  9.4571652e-17  2.3971435e-16  2.3592409e-17  -6.8597133e-16  1.0000000   1.5084302e-16  3.1937208e-16  1.7463892e-16  7.8644235e-16  -1.3574550e-16  -3.7755403e-16  9.4571652e-17  2.3971435e-16  2.3592409e-17  
4.8934787e-17  1.5084302e-16  1.0000000   1.1445109e-16  -5.4521817e-17  2.5715454e-16  -3.1809475e-17  -1.1552598e-16  1.4556812e-16  1.6361310e-16  -1.1917563e-16  4.8934787e-17  1.5084302e-16  1.0000000   1.1445109e-16  -5.4521817e-17  2.5715454e-16  -3.1809475e-17  -1.1552598e-16  1.4556812e-16  1.6361310e-16  -1.1917563e-16  
-4.3391634e-16  3.1937208e-16  1.1445109e-16  1.0000000   -5.2932423e-16  -6.0689487e-17  3.1477438e-17  2.9257259e-17  5.2216564e-16  5.0038725e-16  -1.6735232e-16  -4.3391634e-16  3.1937208e-16  1.1445109e-16  1.0000000   -5.2932423e-16  -6.0689487e-17  3.1477438e-17  2.9257259e-17  5.2216564e-16  5.0038725e-16  -1.6735232e-16  
1.4929909e-16  1.7463892e-16  -5.4521817e-17  -5.2932423e-16  1.0000000   2.0592337e-17  -1.3786414e-17  1.5641176e-15  1.6005484e-16  2.5997326e-16  -6.1970573e-16  1.4929909e-16  1.7463892e-16  -5.4521817e-17  -5.2932423e-16  1.0000000   2.0592337e-17  -1.3786414e-17  1.5641176e-15  1.6005484e-16  2.5997326e-16  -6.1970573e-16  
4.4751588e-16  7.8644235e-16  2.5715454e-16  -6.0689487e-17  2.0592337e-17  1.0000000   -5.3914494e-17  3.2113089e-16  -2.5865210e-18  -1.9381771e-16  8.7563301e-17  4.4751588e-16  7.8644235e-16  2.5715454e-16  -6.0689487e-17  2.0592337e-17  1.0000000   -5.3914494e-17  3.2113089e-16  -2.5865210e-18  -1.9381771e-16  8.7563301e-17  
-2.0150744e-16  -1.3574550e-16  -3.1809475e-17  3.1477438e-17  -1.3786414e-17  -5.3914494e-17  1.0000000   -1.2526453e-16  6.3103108e-17  1.3730637e-16  -2.0701062e-16  -2.0150744e-16  -1.3574550e-16  -3.1809475e-17  3.1477438e-17  -1.3786414e-17  -5.3914494e-17  1.0000000   -1.2526453e-16  6.3103108e-17  1.3730637e-16  -2.0701062e-16  
-2.7116595e-16  -3.7755403e-16  -1.1552598e-16  2.9257259e-17  1.5641176e-15  3.2113089e-16  -1.2526453e-16  1.0000000   -1.5046757e-16  -3.5164356e-16  -1.7251668e-16  -2.7116595e-16  -3.7755403e-16  -1.1552598e-16  2.9257259e-17  1.5641176e-15  3.2113089e-16  -1.2526453e-16  1.0000000   -1.5046757e-16  -3.5164356e-16  -1.7251668e-16  
5.7903511e-16  9.4571652e-17  1.4556812e-16  5.2216564e-16  1.6005484e-16  -2.5865210e-18  6.3103108e-17  -1.5046757e-16  1.0000000   3.4178544e-16  1.1456756e-16  5.7903511e-16  9.4571652e-17  1.4556812e-16  5.2216564e-16  1.6005484e-16  -2.5865210e-18  6.3103108e-17  -1.5046757e-16  1.0000000   3.4178544e-16  1.1456756e-16  
1.0144871e-16  2.3971435e-16  1.6361310e-16  5.0038725e-16  2.5997326e-16  -1.9381771e-16  1.3730637e-16  -3.5164356e-16  3.4178544e-16  1.0000000   -1.6449592e-17  1.0144871e-16  2.3971435e-16  1.6361310e-16  5.0038725e-16  2.5997326e-16  -1.9381771e-16  1.3730637e-16  -3.5164356e-16  3.4178544e-16  1.0000000   -1.6449592e-17  
5.5167256e-17  2.3592409e-17  -1.1917563e-16  -1.6735232e-16  -6.1970573e-16  8.7563301e-17  -2.0701062e-16  -1.7251668e-16  1.1456756e-16  -1.6449592e-17  1.0000000   5.5167256e-17  2.3592409e-17  -1.1917563e-16  -1.6735232e-16  -6.1970573e-16  8.7563301e-17  -2.0701062e-16  -1.7251668e-16  1.1456756e-16  -1.6449592e-17  1.0000000   
1.0000000   -6.8597133e-16  4.8934787e-17  -4.3391634e-16  1.4929909e-16  4.4751588e-16  -2.0150744e-16  -2.7116595e-16  5.7903511e-16  1.0144871e-16  5.5167256e-17  1.0000000   -6.8597133e-16  4.8934787e-17  -4.3391634e-16  1.4929909e-16  4.4751588e-16  -2.0150744e-16  -2.7116595e-16  5.7903511e-16  1.0144871e-16  5.5167256e-17  
-6.8597133e-16  1.0000000   1.5084302e-16  3.1937208e-16  1.7463892e-16  7.8644235e-16  -1.3574550e-16  -3.7755403e-16  9.4571652e-17  2.3971435e-16  2.3592409e-17  -6.8597133e-16  1.0000000   1.5084302e-16  3.1937208e-16  1.7463892e-16  7.8644235e-16  -1.3574550e-16  -3.7755403e-16  9.4571652e-17  2.3971435e-16  2.3592409e-17  
4.8934787e-17  1.5084302e-16  1.0000000   1.1445109e-16  -5.4521817e-17  2.5715454e-16  -3.1809475e-17  -1.1552598e-16  1.4556812e-16  1.6361310e-16  -1.1917563e-16  4.8934787e-17  1.5084302e-16  1.0000000   1.1445109e-16  -5.4521817e-17  2.5715454e-16  -3.1809475e-17  -1.1552598e-16  1.4556812e-16  1.6361310e-16  -1.1917563e-16  
-4.3391634e-16  3.1937208e-16  1.1445109e-16  1.0000000   -5.2932423e-16  -6.0689487e-17  3.1477438e-17  2.9257259e-17  5.2216564e-16  5.0038725e-16  -1.6735232e-16  -4.3391634e-16  3.1937208e-16  1.1445109e-16  1.0000000   -5.2932423e-16  -6.0689487e-17  3.1477438e-17  2.9257259e-17  5.2216564e-16  5.0038725e-16  -1.6735232e-16  
1.4929909e-16  1.7463892e-16  -5.4521817e-17  -5.2932423e-16  1.0000000   2.0592337e-17  -1.3786414e-17  1.5641176e-15  1.6005484e-16  2.5997326e-16  -6.1970573e-16  1.4929909e-16  1.7463892e-16  -5.4521817e-17  -5.2932423e-16  1.0000000   2.0592337e-17  -1.3786414e-17  1.5641176e-15  1.6005484e-16  2.5997326e-16  -6.1970573e-16  
4.4751588e-16  7.8644235e-16  2.5715454e-16  -6.0689487e-17  2.0592337e-17  1.0000000   -5.3914494e-17  3.2113089e-16  -2.5865210e-18  -1.9381771e-16  8.7563301e-17  4.4751588e-16  7.8644235e-16  2.5715454e-16  -6.0689487e-17  2.0592337e-17  1.0000000   -5.3914494e-17  3.2113089e-16  -2.5865210e-18  -1.9381771e-16  8.7563301e-17  
-2.0150744e-16  -1.3574550e-16  -3.1809475e-17  3.1477438e-17  -1.3786414e-17  -5.3914494e-17  1.0000000   -1.2526453e-16  6.3103108e-17  1.3730637e-16  -2.0701062e-16  -2.0150744e-16  -1.3574550e-16  -3.1809475e-17  3.1477438e-17  -1.3786414e-17  -5.3914494e-17  1.0000000   -1.2526453e-16  6.3103108e-17  1.3730637e-16  -2.0701062e-16  
-2.7116595e-16  -3.7755403e-16  -1.1552598e-16  2.9257259e-17  1.5641176e-15  3.2113089e-16  -1.2526453e-16  1.0000000   -1.5046757e-16  -3.5164356e-16  -1.7251668e-16  -2.7116595e-16  -3.7755403e-16  -1.1552598e-16  2.9257259e-17  1.5641176e-15  3.2113089e-16  -1.2526453e-16  1.0000000   -1.5046757e-16  -3.5164356e-16  -1.7251668e-16  
5.7903511e-16  9.4571652e-17  1.4556812e-16  5.2216564e-16  1.6005484e-16  -2.5865210e-18  6.3103108e-17  -1.5046757e-16  1.0000000   3.4178544e-16  1.1456756e-16  5.7903511e-16  9.4571652e-17  1.4556812e-16  5.2216564e-16  1.6005484e-16  -2.5865210e-18  6.3103108e-17  -1.5046757e-16  1.0000000   3.4178544e-16  1.1456756e-16  
1.0144871e-16  2.3971435e-16  1.6361310e-16  5.0038725e-16  2.5997326e-16  -1.9381771e-16  1.3730637e-16  -3.5164356e-16  3.4178544e-16  1.0000000   -1.6449592e-17  1.0144871e-16  2.3971435e-16  1.6361310e-16  5.0038725e-16  2.5997326e-16  -1.9381771e-16  1.3730637e-16  -3.5164356e-16  3.4178544e-16  1.0000000   -1.6449592e-17  
5.5167256e-17  2.3592409e-17  -1.1917563e-16  -1.6735232e-16  -6.1970573e-16  8.7563301e-17  -2.0701062e-16  -1.7251668e-16  1.1456756e-16  -1.6449592e-17  1.0000000   5.5167256e-17  2.3592409e-17  -1.1917563e-16  -1.6735232e-16  -6.1970573e-16  8.7563301e-17  -2.0701062e-16  -1.7251668e-16  1.1456756e-16  -1.6449592e-17  1.0000000   
