1.0000000   5.5540003e-16  1.1182190e-16  2.3912757e-16  -1.8547904e-17  -4.6386574e-16  2.2976277e-16  -3.8767851e-16  -1.8381547e-16  5.2083844e-16  2.1559191e-16  1.0000000   5.5540003e-16  1.1182190e-16  2.3912757e-16  -1.8547904e-17  -4.6386574e-16  2.2976277e-16  -3.8767851e-16  -1.8381547e-16  5.2083844e-16  2.1559191e-16  
5.5540003e-16  1.0000000   -1.2831782e-16  -5.2071192e-16  -6.3268219e-17  -4.1169492e-16  -5.7857967e-16  1.1345125e-16  3.2991448e-16  -9.8477180e-17  7.6893386e-17  5.5540003e-16  1.0000000   -1.2831782e-16  -5.2071192e-16  -6.3268219e-17  -4.1169492e-16  -5.7857967e-16  1.1345125e-16  3.2991448e-16  -9.8477180e-17  7.6893386e-17  
1.1182190e-16  -1.2831782e-16  1.0000000   2.2306274e-16  -2.3171825e-16  6.9464410e-16  1.2253009e-16  5.8644326e-17  7.1091518e-16  3.4241307e-19  9.1755522e-16  1.1182190e-16  -1.2831782e-16  1.0000000   2.2306274e-16  -2.3171825e-16  6.9464410e-16  1.2253009e-16  5.8644326e-17  7.1091518e-16  3.4241307e-19  9.1755522e-16  
2.3912757e-16  -5.2071192e-16  2.2306274e-16  1.0000000   2.1324118e-16  2.4186433e-16  -2.7737788e-16  -2.2437098e-16  1.2718623e-16  -1.3277136e-17  9.1703599e-16  2.3912757e-16  -5.2071192e-16  2.2306274e-16  1.0000000   2.1324118e-16  2.4186433e-16  -2.7737788e-16  -2.2437098e-16  1.2718623e-16  -1.3277136e-17  9.1703599e-16  
-1.8547904e-17  -6.3268219e-17  -2.3171825e-16  2.1324118e-16  1.0000000   1.8172240e-16  -4.5617563e-16  -2.0493750e-17  2.1799941e-16  7.4197730e-17  1.3539313e-16  -1.8547904e-17  -6.3268219e-17  -2.3171825e-16  2.1324118e-16  1.0000000   1.8172240e-16  -4.5617563e-16  -2.0493750e-17  2.1799941e-16  7.4197730e-17  1.3539313e-16  
-4.6386574e-16  -4.1169492e-16  6.9464410e-16  2.4186433e-16  1.8172240e-16  1.0000000   -2.1263068e-16  -1.2560482e-16  -4.0837745e-16  3.7104130e-16  -2.4085001e-16  -4.6386574e-16  -4.1169492e-16  6.9464410e-16  2.4186433e-16  1.8172240e-16  1.0000000   -2.1263068e-16  -1.2560482e-16  -4.0837745e-16  3.7104130e-16  -2.4085001e-16  
2.2976277e-16  -5.7857967e-16  1.2253009e-16  -2.7737788e-16  -4.5617563e-16  -2.1263068e-16  1.0000000   1.1423298e-16  -2.4816160e-16  3.0950690e-17  -3.4769855e-16  2.2976277e-16  -5.7857967e-16  1.2253009e-16  -2.7737788e-16  -4.5617563e-16  -2.1263068e-16  1.0000000   1.1423298e-16  -2.4816160e-16  3.0950690e-17  -3.4769855e-16  
-3.8767851e-16  1.1345125e-16  5.8644326e-17  -2.2437098e-16  -2.0493750e-17  -1.2560482e-16  1.1423298e-16  1.0000000   -2.9174028e-16  2.9113564e-16  5.6389736e-17  -3.8767851e-16  1.1345125e-16  5.8644326e-17  -2.2437098e-16  -2.0493750e-17  -1.2560482e-16  1.1423298e-16  1.0000000   -2.9174028e-16  2.9113564e-16  5.6389736e-17  
-1.8381547e-16  3.2991448e-16  7.1091518e-16  1.2718623e-16  2.1799941e-16  -4.0837745e-16  -2.4816160e-16  -2.9174028e-16  1.0000000   -2.3752720e-16  2.2940829e-16  -1.8381547e-16  3.2991448e-16  7.1091518e-16  1.2718623e-16  2.1799941e-16  -4.0837745e-16  -2.4816160e-16  -2.9174028e-16  1.0000000   -2.3752720e-16  2.2940829e-16  
5.2083844e-16  -9.8477180e-17  3.4241307e-19  -1.3277136e-17  7.4197730e-17  3.7104130e-16  3.0950690e-17  2.9113564e-16  -2.3752720e-16  1.0000000   -1.7183659e-16  5.2083844e-16  -9.8477180e-17  3.4241307e-19  -1.3277136e-17  7.4197730e-17  3.7104130e-16  3.0950690e-17  2.9113564e-16  -2.3752720e-16  1.0000000   -1.7183659e-16  
2.1559191e-16  7.6893386e-17  9.1755522e-16  9.1703599e-16  1.3539313e-16  -2.4085001e-16  -3.4769855e-16  5.6389736e-17  2.2940829e-16  -1.7183659e-16  1.0000000   2.1559191e-16  7.6893386e-17  9.1755522e-16  9.1703599e-16  1.3539313e-16  -2.4085001e-16  -3.4769855e-16  5.6389736e-17  2.2940829e-16  -1.7183659e-16  1.0000000   
1.0000000   5.5540003e-16  1.1182190e-16  2.3912757e-16  -1.8547904e-17  -4.6386574e-16  2.2976277e-16  -3.8767851e-16  -1.8381547e-16  5.2083844e-16  2.1559191e-16  1.0000000   5.5540003e-16  1.1182190e-16  2.3912757e-16  -1.8547904e-17  -4.6386574e-16  2.2976277e-16  -3.8767851e-16  -1.8381547e-16  5.2083844e-16  2.1559191e-16  
5.5540003e-16  1.0000000   -1.2831782e-16  -5.2071192e-16  -6.3268219e-17  -4.1169492e-16  -5.7857967e-16  1.1345125e-16  3.2991448e-16  -9.8477180e-17  7.6893386e-17  5.5540003e-16  1.0000000   -1.2831782e-16  -5.2071192e-16  -6.3268219e-17  -4.1169492e-16  -5.7857967e-16  1.1345125e-16  3.2991448e-16  -9.8477180e-17  7.6893386e-17  
1.1182190e-16  -1.2831782e-16  1.0000000   2.2306274e-16  -2.3171825e-16  6.9464410e-16  1.2253009e-16  5.8644326e-17  7.1091518e-16  3.4241307e-19  9.1755522e-16  1.1182190e-16  -1.2831782e-16  1.0000000   2.2306274e-16  -2.3171825e-16  6.9464410e-16  1.2253009e-16  5.8644326e-17  7.1091518e-16  3.4241307e-19  9.1755522e-16  
2.3912757e-16  -5.2071192e-16  2.2306274e-16  1.0000000   2.1324118e-16  2.4186433e-16  -2.7737788e-16  -2.2437098e-16  1.2718623e-16  -1.3277136e-17  9.1703599e-16  2.3912757e-16  -5.2071192e-16  2.2306274e-16  1.0000000   2.1324118e-16  2.4186433e-16  -2.7737788e-16  -2.2437098e-16  1.2718623e-16  -1.3277136e-17  9.1703599e-16  
-1.8547904e-17  -6.3268219e-17  -2.3171825e-16  2.1324118e-16  1.0000000   1.8172240e-16  -4.5617563e-16  -2.0493750e-17  2.1799941e-16  7.4197730e-17  1.3539313e-16  -1.8547904e-17  -6.3268219e-17  -2.3171825e-16  2.1324118e-16  1.0000000   1.8172240e-16  -4.5617563e-16  -2.0493750e-17  2.1799941e-16  7.4197730e-17  1.3539313e-16  
-4.6386574e-16  -4.1169492e-16  6.9464410e-16  2.4186433e-16  1.8172240e-16  1.0000000   -2.1263068e-16  -1.2560482e-16  -4.0837745e-16  3.7104130e-16  -2.4085001e-16  -4.6386574e-16  -4.1169492e-16  6.9464410e-16  2.4186433e-16  1.8172240e-16  1.0000000   -2.1263068e-16  -1.2560482e-16  -4.0837745e-16  3.7104130e-16  -2.4085001e-16  
2.2976277e-16  -5.7857967e-16  1.2253009e-16  -2.7737788e-16  -4.5617563e-16  -2.1263068e-16  1.0000000   1.1423298e-16  -2.4816160e-16  3.0950690e-17  -3.4769855e-16  2.2976277e-16  -5.7857967e-16  1.2253009e-16  -2.7737788e-16  -4.5617563e-16  -2.1263068e-16  1.0000000   1.1423298e-16  -2.4816160e-16  3.0950690e-17  -3.4769855e-16  
-3.8767851e-16  1.1345125e-16  5.8644326e-17  -2.2437098e-16  -2.0493750e-17  -1.2560482e-16  1.1423298e-16  1.0000000   -2.9174028e-16  2.9113564e-16  5.6389736e-17  -3.8767851e-16  1.1345125e-16  5.8644326e-17  -2.2437098e-16  -2.0493750e-17  -1.2560482e-16  1.1423298e-16  1.0000000   -2.9174028e-16  2.9113564e-16  5.6389736e-17  
-1.8381547e-16  3.2991448e-16  7.1091518e-16  1.2718623e-16  2.1799941e-16  -4.0837745e-16  -2.4816160e-16  -2.9174028e-16  1.0000000   -2.3752720e-16  2.2940829e-16  -1.8381547e-16  3.2991448e-16  7.1091518e-16  1.2718623e-16  2.1799941e-16  -4.0837745e-16  -2.4816160e-16  -2.9174028e-16  1.0000000   -2.3752720e-16  2.2940829e-16  
5.2083844e-16  -9.8477180e-17  3.4241307e-19  -1.3277136e-17  7.4197730e-17  3.7104130e-16  3.0950690e-17  2.9113564e-16  -2.3752720e-16  1.0000000   -1.7183659e-16  5.2083844e-16  -9.8477180e-17  3.4241307e-19  -1.3277136e-17  7.4197730e-17  3.7104130e-16  3.0950690e-17  2.9113564e-16  -2.3752720e-16  1.0000000   -1.7183659e-16  
2.1559191e-16  7.6893386e-17  9.1755522e-16  9.1703599e-16  1.3539313e-16  -2.4085001e-16  -3.4769855e-16  5.6389736e-17  2.2940829e-16  -1.7183659e-16  1.0000000   2.1559191e-16  7.6893386e-17  9.1755522e-16  9.1703599e-16  1.3539313e-16  -2.4085001e-16  -3.4769855e-16  5.6389736e-17  2.2940829e-16  -1.7183659e-16  1.0000000   
