1.0000000   1.2641459e-16  -2.2843801e-16  -2.7269379e-17  -7.3588528e-17  1.0638929e-15  8.7933370e-16  -8.5278197e-16  1.3390394e-16  -9.6984214e-17  -2.6805289e-16  1.0000000   1.2641459e-16  -2.2843801e-16  -2.7269379e-17  -7.3588528e-17  1.0638929e-15  8.7933370e-16  -8.5278197e-16  1.3390394e-16  -9.6984214e-17  -2.6805289e-16  
1.2641459e-16  1.0000000   1.1768337e-16  -4.5934724e-16  1.5249134e-17  6.9460259e-16  -3.0555189e-16  -1.6724835e-16  1.5611707e-16  -2.6111781e-16  -1.4216347e-16  1.2641459e-16  1.0000000   1.1768337e-16  -4.5934724e-16  1.5249134e-17  6.9460259e-16  -3.0555189e-16  -1.6724835e-16  1.5611707e-16  -2.6111781e-16  -1.4216347e-16  
-2.2843801e-16  1.1768337e-16  1.0000000   -3.3661640e-16  8.1336466e-16  1.5590488e-16  -6.9214450e-17  -1.2440076e-16  -8.0045037e-17  1.6177652e-16  -8.2146780e-16  -2.2843801e-16  1.1768337e-16  1.0000000   -3.3661640e-16  8.1336466e-16  1.5590488e-16  -6.9214450e-17  -1.2440076e-16  -8.0045037e-17  1.6177652e-16  -8.2146780e-16  
-2.7269379e-17  -4.5934724e-16  -3.3661640e-16  1.0000000   4.5804005e-16  -2.2900107e-16  -1.0077956e-16  3.6726438e-16  -9.1564407e-17  3.9433386e-16  -5.8224621e-16  -2.7269379e-17  -4.5934724e-16  -3.3661640e-16  1.0000000   4.5804005e-16  -2.2900107e-16  -1.0077956e-16  3.6726438e-16  -9.1564407e-17  3.9433386e-16  -5.8224621e-16  
-7.3588528e-17  1.5249134e-17  8.1336466e-16  4.5804005e-16  1.0000000   3.9134224e-16  2.7430506e-16  1.6741458e-16  -1.8990541e-16  -2.6814650e-16  -5.9508527e-16  -7.3588528e-17  1.5249134e-17  8.1336466e-16  4.5804005e-16  1.0000000   3.9134224e-16  2.7430506e-16  1.6741458e-16  -1.8990541e-16  -2.6814650e-16  -5.9508527e-16  
1.0638929e-15  6.9460259e-16  1.5590488e-16  -2.2900107e-16  3.9134224e-16  1.0000000   -3.2292411e-16  -5.1737228e-16  -3.5282310e-16  9.1387973e-17  -1.4907060e-16  1.0638929e-15  6.9460259e-16  1.5590488e-16  -2.2900107e-16  3.9134224e-16  1.0000000   -3.2292411e-16  -5.1737228e-16  -3.5282310e-16  9.1387973e-17  -1.4907060e-16  
8.7933370e-16  -3.0555189e-16  -6.9214450e-17  -1.0077956e-16  2.7430506e-16  -3.2292411e-16  1.0000000   1.2223215e-16  6.9178293e-17  -5.0316912e-16  3.6798542e-16  8.7933370e-16  -3.0555189e-16  -6.9214450e-17  -1.0077956e-16  2.7430506e-16  -3.2292411e-16  1.0000000   1.2223215e-16  6.9178293e-17  -5.0316912e-16  3.6798542e-16  
-8.5278197e-16  -1.6724835e-16  -1.2440076e-16  3.6726438e-16  1.6741458e-16  -5.1737228e-16  1.2223215e-16  1.0000000   4.3418370e-16  3.1448556e-16  -2.2652387e-16  -8.5278197e-16  -1.6724835e-16  -1.2440076e-16  3.6726438e-16  1.6741458e-16  -5.1737228e-16  1.2223215e-16  1.0000000   4.3418370e-16  3.1448556e-16  -2.2652387e-16  
1.3390394e-16  1.5611707e-16  -8.0045037e-17  -9.1564407e-17  -1.8990541e-16  -3.5282310e-16  6.9178293e-17  4.3418370e-16  1.0000000   3.0473948e-16  -5.4792841e-17  1.3390394e-16  1.5611707e-16  -8.0045037e-17  -9.1564407e-17  -1.8990541e-16  -3.5282310e-16  6.9178293e-17  4.3418370e-16  1.0000000   3.0473948e-16  -5.4792841e-17  
-9.6984214e-17  -2.6111781e-16  1.6177652e-16  3.9433386e-16  -2.6814650e-16  9.1387973e-17  -5.0316912e-16  3.1448556e-16  3.0473948e-16  1.0000000   -1.1584105e-16  -9.6984214e-17  -2.6111781e-16  1.6177652e-16  3.9433386e-16  -2.6814650e-16  9.1387973e-17  -5.0316912e-16  3.1448556e-16  3.0473948e-16  1.0000000   -1.1584105e-16  
-2.6805289e-16  -1.4216347e-16  -8.2146780e-16  -5.8224621e-16  -5.9508527e-16  -1.4907060e-16  3.6798542e-16  -2.2652387e-16  -5.4792841e-17  -1.1584105e-16  1.0000000   -2.6805289e-16  -1.4216347e-16  -8.2146780e-16  -5.8224621e-16  -5.9508527e-16  -1.4907060e-16  3.6798542e-16  -2.2652387e-16  -5.4792841e-17  -1.1584105e-16  1.0000000   
1.0000000   1.2641459e-16  -2.2843801e-16  -2.7269379e-17  -7.3588528e-17  1.0638929e-15  8.7933370e-16  -8.5278197e-16  1.3390394e-16  -9.6984214e-17  -2.6805289e-16  1.0000000   1.2641459e-16  -2.2843801e-16  -2.7269379e-17  -7.3588528e-17  1.0638929e-15  8.7933370e-16  -8.5278197e-16  1.3390394e-16  -9.6984214e-17  -2.6805289e-16  
1.2641459e-16  1.0000000   1.1768337e-16  -4.5934724e-16  1.5249134e-17  6.9460259e-16  -3.0555189e-16  -1.6724835e-16  1.5611707e-16  -2.6111781e-16  -1.4216347e-16  1.2641459e-16  1.0000000   1.1768337e-16  -4.5934724e-16  1.5249134e-17  6.9460259e-16  -3.0555189e-16  -1.6724835e-16  1.5611707e-16  -2.6111781e-16  -1.4216347e-16  
-2.2843801e-16  1.1768337e-16  1.0000000   -3.3661640e-16  8.1336466e-16  1.5590488e-16  -6.9214450e-17  -1.2440076e-16  -8.0045037e-17  1.6177652e-16  -8.2146780e-16  -2.2843801e-16  1.1768337e-16  1.0000000   -3.3661640e-16  8.1336466e-16  1.5590488e-16  -6.9214450e-17  -1.2440076e-16  -8.0045037e-17  1.6177652e-16  -8.2146780e-16  
-2.7269379e-17  -4.5934724e-16  -3.3661640e-16  1.0000000   4.5804005e-16  -2.2900107e-16  -1.0077956e-16  3.6726438e-16  -9.1564407e-17  3.9433386e-16  -5.8224621e-16  -2.7269379e-17  -4.5934724e-16  -3.3661640e-16  1.0000000   4.5804005e-16  -2.2900107e-16  -1.0077956e-16  3.6726438e-16  -9.1564407e-17  3.9433386e-16  -5.8224621e-16  
-7.3588528e-17  1.5249134e-17  8.1336466e-16  4.5804005e-16  1.0000000   3.9134224e-16  2.7430506e-16  1.6741458e-16  -1.8990541e-16  -2.6814650e-16  -5.9508527e-16  -7.3588528e-17  1.5249134e-17  8.1336466e-16  4.5804005e-16  1.0000000   3.9134224e-16  2.7430506e-16  1.6741458e-16  -1.8990541e-16  -2.6814650e-16  -5.9508527e-16  
1.0638929e-15  6.9460259e-16  1.5590488e-16  -2.2900107e-16  3.9134224e-16  1.0000000   -3.2292411e-16  -5.1737228e-16  -3.5282310e-16  9.1387973e-17  -1.4907060e-16  1.0638929e-15  6.9460259e-16  1.5590488e-16  -2.2900107e-16  3.9134224e-16  1.0000000   -3.2292411e-16  -5.1737228e-16  -3.5282310e-16  9.1387973e-17  -1.4907060e-16  
8.7933370e-16  -3.0555189e-16  -6.9214450e-17  -1.0077956e-16  2.7430506e-16  -3.2292411e-16  1.0000000   1.2223215e-16  6.9178293e-17  -5.0316912e-16  3.6798542e-16  8.7933370e-16  -3.0555189e-16  -6.9214450e-17  -1.0077956e-16  2.7430506e-16  -3.2292411e-16  1.0000000   1.2223215e-16  6.9178293e-17  -5.0316912e-16  3.6798542e-16  
-8.5278197e-16  -1.6724835e-16  -1.2440076e-16  3.6726438e-16  1.6741458e-16  -5.1737228e-16  1.2223215e-16  1.0000000   4.3418370e-16  3.1448556e-16  -2.2652387e-16  -8.5278197e-16  -1.6724835e-16  -1.2440076e-16  3.6726438e-16  1.6741458e-16  -5.1737228e-16  1.2223215e-16  1.0000000   4.3418370e-16  3.1448556e-16  -2.2652387e-16  
1.3390394e-16  1.5611707e-16  -8.0045037e-17  -9.1564407e-17  -1.8990541e-16  -3.5282310e-16  6.9178293e-17  4.3418370e-16  1.0000000   3.0473948e-16  -5.4792841e-17  1.3390394e-16  1.5611707e-16  -8.0045037e-17  -9.1564407e-17  -1.8990541e-16  -3.5282310e-16  6.9178293e-17  4.3418370e-16  1.0000000   3.0473948e-16  -5.4792841e-17  
-9.6984214e-17  -2.6111781e-16  1.6177652e-16  3.9433386e-16  -2.6814650e-16  9.1387973e-17  -5.0316912e-16  3.1448556e-16  3.0473948e-16  1.0000000   -1.1584105e-16  -9.6984214e-17  -2.6111781e-16  1.6177652e-16  3.9433386e-16  -2.6814650e-16  9.1387973e-17  -5.0316912e-16  3.1448556e-16  3.0473948e-16  1.0000000   -1.1584105e-16  
-2.6805289e-16  -1.4216347e-16  -8.2146780e-16  -5.8224621e-16  -5.9508527e-16  -1.4907060e-16  3.6798542e-16  -2.2652387e-16  -5.4792841e-17  -1.1584105e-16  1.0000000   -2.6805289e-16  -1.4216347e-16  -8.2146780e-16  -5.8224621e-16  -5.9508527e-16  -1.4907060e-16  3.6798542e-16  -2.2652387e-16  -5.4792841e-17  -1.1584105e-16  1.0000000   
