1.0000000   -5.1158461e-16  2.6346113e-16  -1.9447029e-16  5.6424592e-16  1.3281138e-16  -4.8007795e-16  3.4512929e-16  2.9550142e-16  -3.9105267e-16  -1.3125623e-17  1.0000000   -5.1158461e-16  2.6346113e-16  -1.9447029e-16  5.6424592e-16  1.3281138e-16  -4.8007795e-16  3.4512929e-16  2.9550142e-16  -3.9105267e-16  -1.3125623e-17  
-5.1158461e-16  1.0000000   -3.9004681e-16  -4.2244069e-16  -2.5749346e-16  -5.7090021e-18  -1.6372882e-15  -2.0926447e-16  -5.1788563e-16  -6.1764081e-16  -2.1679724e-16  -5.1158461e-16  1.0000000   -3.9004681e-16  -4.2244069e-16  -2.5749346e-16  -5.7090021e-18  -1.6372882e-15  -2.0926447e-16  -5.1788563e-16  -6.1764081e-16  -2.1679724e-16  
2.6346113e-16  -3.9004681e-16  1.0000000   -1.8205830e-16  1.1518742e-15  2.5512632e-18  5.9906744e-16  6.7422383e-16  -4.3741120e-16  -6.0581977e-16  -5.4316072e-16  2.6346113e-16  -3.9004681e-16  1.0000000   -1.8205830e-16  1.1518742e-15  2.5512632e-18  5.9906744e-16  6.7422383e-16  -4.3741120e-16  -6.0581977e-16  -5.4316072e-16  
-1.9447029e-16  -4.2244069e-16  -1.8205830e-16  1.0000000   -5.6719973e-18  1.0428691e-16  4.7914706e-16  -1.8965485e-16  1.5357078e-16  -7.3627788e-16  -3.3194480e-16  -1.9447029e-16  -4.2244069e-16  -1.8205830e-16  1.0000000   -5.6719973e-18  1.0428691e-16  4.7914706e-16  -1.8965485e-16  1.5357078e-16  -7.3627788e-16  -3.3194480e-16  
5.6424592e-16  -2.5749346e-16  1.1518742e-15  -5.6719973e-18  1.0000000   -3.6746110e-16  -1.5953463e-16  4.1540550e-16  -2.4279501e-16  -3.3778853e-16  -9.6017924e-16  5.6424592e-16  -2.5749346e-16  1.1518742e-15  -5.6719973e-18  1.0000000   -3.6746110e-16  -1.5953463e-16  4.1540550e-16  -2.4279501e-16  -3.3778853e-16  -9.6017924e-16  
1.3281138e-16  -5.7090021e-18  2.5512632e-18  1.0428691e-16  -3.6746110e-16  1.0000000   -6.0460449e-16  -1.9137547e-16  5.9679972e-16  -2.8381618e-16  4.1676012e-16  1.3281138e-16  -5.7090021e-18  2.5512632e-18  1.0428691e-16  -3.6746110e-16  1.0000000   -6.0460449e-16  -1.9137547e-16  5.9679972e-16  -2.8381618e-16  4.1676012e-16  
-4.8007795e-16  -1.6372882e-15  5.9906744e-16  4.7914706e-16  -1.5953463e-16  -6.0460449e-16  1.0000000   2.9360354e-16  5.2598205e-17  1.5670438e-16  2.5997940e-16  -4.8007795e-16  -1.6372882e-15  5.9906744e-16  4.7914706e-16  -1.5953463e-16  -6.0460449e-16  1.0000000   2.9360354e-16  5.2598205e-17  1.5670438e-16  2.5997940e-16  
3.4512929e-16  -2.0926447e-16  6.7422383e-16  -1.8965485e-16  4.1540550e-16  -1.9137547e-16  2.9360354e-16  1.0000000   -1.9858873e-16  -7.6480352e-17  -4.6884883e-16  3.4512929e-16  -2.0926447e-16  6.7422383e-16  -1.8965485e-16  4.1540550e-16  -1.9137547e-16  2.9360354e-16  1.0000000   -1.9858873e-16  -7.6480352e-17  -4.6884883e-16  
2.9550142e-16  -5.1788563e-16  -4.3741120e-16  1.5357078e-16  -2.4279501e-16  5.9679972e-16  5.2598205e-17  -1.9858873e-16  1.0000000   -5.9182743e-16  -3.2812299e-16  2.9550142e-16  -5.1788563e-16  -4.3741120e-16  1.5357078e-16  -2.4279501e-16  5.9679972e-16  5.2598205e-17  -1.9858873e-16  1.0000000   -5.9182743e-16  -3.2812299e-16  
-3.9105267e-16  -6.1764081e-16  -6.0581977e-16  -7.3627788e-16  -3.3778853e-16  -2.8381618e-16  1.5670438e-16  -7.6480352e-17  -5.9182743e-16  1.0000000   2.0541735e-16  -3.9105267e-16  -6.1764081e-16  -6.0581977e-16  -7.3627788e-16  -3.3778853e-16  -2.8381618e-16  1.5670438e-16  -7.6480352e-17  -5.9182743e-16  1.0000000   2.0541735e-16  
-1.3125623e-17  -2.1679724e-16  -5.4316072e-16  -3.3194480e-16  -9.6017924e-16  4.1676012e-16  2.5997940e-16  -4.6884883e-16  -3.2812299e-16  2.0541735e-16  1.0000000   -1.3125623e-17  -2.1679724e-16  -5.4316072e-16  -3.3194480e-16  -9.6017924e-16  4.1676012e-16  2.5997940e-16  -4.6884883e-16  -3.2812299e-16  2.0541735e-16  1.0000000   
1.0000000   -5.1158461e-16  2.6346113e-16  -1.9447029e-16  5.6424592e-16  1.3281138e-16  -4.8007795e-16  3.4512929e-16  2.9550142e-16  -3.9105267e-16  -1.3125623e-17  1.0000000   -5.1158461e-16  2.6346113e-16  -1.9447029e-16  5.6424592e-16  1.3281138e-16  -4.8007795e-16  3.4512929e-16  2.9550142e-16  -3.9105267e-16  -1.3125623e-17  
-5.1158461e-16  1.0000000   -3.9004681e-16  -4.2244069e-16  -2.5749346e-16  -5.7090021e-18  -1.6372882e-15  -2.0926447e-16  -5.1788563e-16  -6.1764081e-16  -2.1679724e-16  -5.1158461e-16  1.0000000   -3.9004681e-16  -4.2244069e-16  -2.5749346e-16  -5.7090021e-18  -1.6372882e-15  -2.0926447e-16  -5.1788563e-16  -6.1764081e-16  -2.1679724e-16  
2.6346113e-16  -3.9004681e-16  1.0000000   -1.8205830e-16  1.1518742e-15  2.5512632e-18  5.9906744e-16  6.7422383e-16  -4.3741120e-16  -6.0581977e-16  -5.4316072e-16  2.6346113e-16  -3.9004681e-16  1.0000000   -1.8205830e-16  1.1518742e-15  2.5512632e-18  5.9906744e-16  6.7422383e-16  -4.3741120e-16  -6.0581977e-16  -5.4316072e-16  
-1.9447029e-16  -4.2244069e-16  -1.8205830e-16  1.0000000   -5.6719973e-18  1.0428691e-16  4.7914706e-16  -1.8965485e-16  1.5357078e-16  -7.3627788e-16  -3.3194480e-16  -1.9447029e-16  -4.2244069e-16  -1.8205830e-16  1.0000000   -5.6719973e-18  1.0428691e-16  4.7914706e-16  -1.8965485e-16  1.5357078e-16  -7.3627788e-16  -3.3194480e-16  
5.6424592e-16  -2.5749346e-16  1.1518742e-15  -5.6719973e-18  1.0000000   -3.6746110e-16  -1.5953463e-16  4.1540550e-16  -2.4279501e-16  -3.3778853e-16  -9.6017924e-16  5.6424592e-16  -2.5749346e-16  1.1518742e-15  -5.6719973e-18  1.0000000   -3.6746110e-16  -1.5953463e-16  4.1540550e-16  -2.4279501e-16  -3.3778853e-16  -9.6017924e-16  
1.3281138e-16  -5.7090021e-18  2.5512632e-18  1.0428691e-16  -3.6746110e-16  1.0000000   -6.0460449e-16  -1.9137547e-16  5.9679972e-16  -2.8381618e-16  4.1676012e-16  1.3281138e-16  -5.7090021e-18  2.5512632e-18  1.0428691e-16  -3.6746110e-16  1.0000000   -6.0460449e-16  -1.9137547e-16  5.9679972e-16  -2.8381618e-16  4.1676012e-16  
-4.8007795e-16  -1.6372882e-15  5.9906744e-16  4.7914706e-16  -1.5953463e-16  -6.0460449e-16  1.0000000   2.9360354e-16  5.2598205e-17  1.5670438e-16  2.5997940e-16  -4.8007795e-16  -1.6372882e-15  5.9906744e-16  4.7914706e-16  -1.5953463e-16  -6.0460449e-16  1.0000000   2.9360354e-16  5.2598205e-17  1.5670438e-16  2.5997940e-16  
3.4512929e-16  -2.0926447e-16  6.7422383e-16  -1.8965485e-16  4.1540550e-16  -1.9137547e-16  2.9360354e-16  1.0000000   -1.9858873e-16  -7.6480352e-17  -4.6884883e-16  3.4512929e-16  -2.0926447e-16  6.7422383e-16  -1.8965485e-16  4.1540550e-16  -1.9137547e-16  2.9360354e-16  1.0000000   -1.9858873e-16  -7.6480352e-17  -4.6884883e-16  
2.9550142e-16  -5.1788563e-16  -4.3741120e-16  1.5357078e-16  -2.4279501e-16  5.9679972e-16  5.2598205e-17  -1.9858873e-16  1.0000000   -5.9182743e-16  -3.2812299e-16  2.9550142e-16  -5.1788563e-16  -4.3741120e-16  1.5357078e-16  -2.4279501e-16  5.9679972e-16  5.2598205e-17  -1.9858873e-16  1.0000000   -5.9182743e-16  -3.2812299e-16  
-3.9105267e-16  -6.1764081e-16  -6.0581977e-16  -7.3627788e-16  -3.3778853e-16  -2.8381618e-16  1.5670438e-16  -7.6480352e-17  -5.9182743e-16  1.0000000   2.0541735e-16  -3.9105267e-16  -6.1764081e-16  -6.0581977e-16  -7.3627788e-16  -3.3778853e-16  -2.8381618e-16  1.5670438e-16  -7.6480352e-17  -5.9182743e-16  1.0000000   2.0541735e-16  
-1.3125623e-17  -2.1679724e-16  -5.4316072e-16  -3.3194480e-16  -9.6017924e-16  4.1676012e-16  2.5997940e-16  -4.6884883e-16  -3.2812299e-16  2.0541735e-16  1.0000000   -1.3125623e-17  -2.1679724e-16  -5.4316072e-16  -3.3194480e-16  -9.6017924e-16  4.1676012e-16  2.5997940e-16  -4.6884883e-16  -3.2812299e-16  2.0541735e-16  1.0000000   
