1.0000000   2.0122454e-16  -1.5875091e-16  -4.1110024e-16  -3.2437370e-16  2.9314116e-16  -4.1425925e-16  7.2683685e-17  -1.2427769e-15  3.1426627e-16  -1.6119238e-16  1.0000000   2.0122454e-16  -1.5875091e-16  -4.1110024e-16  -3.2437370e-16  2.9314116e-16  -4.1425925e-16  7.2683685e-17  -1.2427769e-15  3.1426627e-16  -1.6119238e-16  
2.0122454e-16  1.0000000   4.9224134e-16  3.0683260e-16  2.2394950e-16  8.9650391e-17  8.9169022e-16  -2.0821150e-16  8.4758452e-16  1.1936600e-17  -4.1928681e-16  2.0122454e-16  1.0000000   4.9224134e-16  3.0683260e-16  2.2394950e-16  8.9650391e-17  8.9169022e-16  -2.0821150e-16  8.4758452e-16  1.1936600e-17  -4.1928681e-16  
-1.5875091e-16  4.9224134e-16  1.0000000   6.6087162e-16  2.3241856e-16  1.9572390e-17  -2.8793784e-16  -6.3524146e-16  -9.6428189e-17  9.5888153e-17  -8.5823411e-16  -1.5875091e-16  4.9224134e-16  1.0000000   6.6087162e-16  2.3241856e-16  1.9572390e-17  -2.8793784e-16  -6.3524146e-16  -9.6428189e-17  9.5888153e-17  -8.5823411e-16  
-4.1110024e-16  3.0683260e-16  6.6087162e-16  1.0000000   1.4167004e-16  -5.2843633e-17  -3.2759275e-16  -5.4767181e-16  8.5833652e-16  -5.2297585e-16  2.6996862e-16  -4.1110024e-16  3.0683260e-16  6.6087162e-16  1.0000000   1.4167004e-16  -5.2843633e-17  -3.2759275e-16  -5.4767181e-16  8.5833652e-16  -5.2297585e-16  2.6996862e-16  
-3.2437370e-16  2.2394950e-16  2.3241856e-16  1.4167004e-16  1.0000000   -1.7201175e-16  3.0385698e-16  -3.4621332e-16  2.5311557e-16  2.7898013e-16  -1.4048990e-16  -3.2437370e-16  2.2394950e-16  2.3241856e-16  1.4167004e-16  1.0000000   -1.7201175e-16  3.0385698e-16  -3.4621332e-16  2.5311557e-16  2.7898013e-16  -1.4048990e-16  
2.9314116e-16  8.9650391e-17  1.9572390e-17  -5.2843633e-17  -1.7201175e-16  1.0000000   -1.4515561e-16  -1.5354629e-16  1.1787580e-16  4.0767696e-17  1.6169483e-16  2.9314116e-16  8.9650391e-17  1.9572390e-17  -5.2843633e-17  -1.7201175e-16  1.0000000   -1.4515561e-16  -1.5354629e-16  1.1787580e-16  4.0767696e-17  1.6169483e-16  
-4.1425925e-16  8.9169022e-16  -2.8793784e-16  -3.2759275e-16  3.0385698e-16  -1.4515561e-16  1.0000000   -1.7047052e-16  -2.5108913e-16  -1.1574896e-16  -2.5381517e-16  -4.1425925e-16  8.9169022e-16  -2.8793784e-16  -3.2759275e-16  3.0385698e-16  -1.4515561e-16  1.0000000   -1.7047052e-16  -2.5108913e-16  -1.1574896e-16  -2.5381517e-16  
7.2683685e-17  -2.0821150e-16  -6.3524146e-16  -5.4767181e-16  -3.4621332e-16  -1.5354629e-16  -1.7047052e-16  1.0000000   -5.3637882e-16  -1.3035061e-16  1.0854367e-15  7.2683685e-17  -2.0821150e-16  -6.3524146e-16  -5.4767181e-16  -3.4621332e-16  -1.5354629e-16  -1.7047052e-16  1.0000000   -5.3637882e-16  -1.3035061e-16  1.0854367e-15  
-1.2427769e-15  8.4758452e-16  -9.6428189e-17  8.5833652e-16  2.5311557e-16  1.1787580e-16  -2.5108913e-16  -5.3637882e-16  1.0000000   7.9294989e-17  1.2716469e-16  -1.2427769e-15  8.4758452e-16  -9.6428189e-17  8.5833652e-16  2.5311557e-16  1.1787580e-16  -2.5108913e-16  -5.3637882e-16  1.0000000   7.9294989e-17  1.2716469e-16  
3.1426627e-16  1.1936600e-17  9.5888153e-17  -5.2297585e-16  2.7898013e-16  4.0767696e-17  -1.1574896e-16  -1.3035061e-16  7.9294989e-17  1.0000000   -6.4610059e-17  3.1426627e-16  1.1936600e-17  9.5888153e-17  -5.2297585e-16  2.7898013e-16  4.0767696e-17  -1.1574896e-16  -1.3035061e-16  7.9294989e-17  1.0000000   -6.4610059e-17  
-1.6119238e-16  -4.1928681e-16  -8.5823411e-16  2.6996862e-16  -1.4048990e-16  1.6169483e-16  -2.5381517e-16  1.0854367e-15  1.2716469e-16  -6.4610059e-17  1.0000000   -1.6119238e-16  -4.1928681e-16  -8.5823411e-16  2.6996862e-16  -1.4048990e-16  1.6169483e-16  -2.5381517e-16  1.0854367e-15  1.2716469e-16  -6.4610059e-17  1.0000000   
1.0000000   2.0122454e-16  -1.5875091e-16  -4.1110024e-16  -3.2437370e-16  2.9314116e-16  -4.1425925e-16  7.2683685e-17  -1.2427769e-15  3.1426627e-16  -1.6119238e-16  1.0000000   2.0122454e-16  -1.5875091e-16  -4.1110024e-16  -3.2437370e-16  2.9314116e-16  -4.1425925e-16  7.2683685e-17  -1.2427769e-15  3.1426627e-16  -1.6119238e-16  
2.0122454e-16  1.0000000   4.9224134e-16  3.0683260e-16  2.2394950e-16  8.9650391e-17  8.9169022e-16  -2.0821150e-16  8.4758452e-16  1.1936600e-17  -4.1928681e-16  2.0122454e-16  1.0000000   4.9224134e-16  3.0683260e-16  2.2394950e-16  8.9650391e-17  8.9169022e-16  -2.0821150e-16  8.4758452e-16  1.1936600e-17  -4.1928681e-16  
-1.5875091e-16  4.9224134e-16  1.0000000   6.6087162e-16  2.3241856e-16  1.9572390e-17  -2.8793784e-16  -6.3524146e-16  -9.6428189e-17  9.5888153e-17  -8.5823411e-16  -1.5875091e-16  4.9224134e-16  1.0000000   6.6087162e-16  2.3241856e-16  1.9572390e-17  -2.8793784e-16  -6.3524146e-16  -9.6428189e-17  9.5888153e-17  -8.5823411e-16  
-4.1110024e-16  3.0683260e-16  6.6087162e-16  1.0000000   1.4167004e-16  -5.2843633e-17  -3.2759275e-16  -5.4767181e-16  8.5833652e-16  -5.2297585e-16  2.6996862e-16  -4.1110024e-16  3.0683260e-16  6.6087162e-16  1.0000000   1.4167004e-16  -5.2843633e-17  -3.2759275e-16  -5.4767181e-16  8.5833652e-16  -5.2297585e-16  2.6996862e-16  
-3.2437370e-16  2.2394950e-16  2.3241856e-16  1.4167004e-16  1.0000000   -1.7201175e-16  3.0385698e-16  -3.4621332e-16  2.5311557e-16  2.7898013e-16  -1.4048990e-16  -3.2437370e-16  2.2394950e-16  2.3241856e-16  1.4167004e-16  1.0000000   -1.7201175e-16  3.0385698e-16  -3.4621332e-16  2.5311557e-16  2.7898013e-16  -1.4048990e-16  
2.9314116e-16  8.9650391e-17  1.9572390e-17  -5.2843633e-17  -1.7201175e-16  1.0000000   -1.4515561e-16  -1.5354629e-16  1.1787580e-16  4.0767696e-17  1.6169483e-16  2.9314116e-16  8.9650391e-17  1.9572390e-17  -5.2843633e-17  -1.7201175e-16  1.0000000   -1.4515561e-16  -1.5354629e-16  1.1787580e-16  4.0767696e-17  1.6169483e-16  
-4.1425925e-16  8.9169022e-16  -2.8793784e-16  -3.2759275e-16  3.0385698e-16  -1.4515561e-16  1.0000000   -1.7047052e-16  -2.5108913e-16  -1.1574896e-16  -2.5381517e-16  -4.1425925e-16  8.9169022e-16  -2.8793784e-16  -3.2759275e-16  3.0385698e-16  -1.4515561e-16  1.0000000   -1.7047052e-16  -2.5108913e-16  -1.1574896e-16  -2.5381517e-16  
7.2683685e-17  -2.0821150e-16  -6.3524146e-16  -5.4767181e-16  -3.4621332e-16  -1.5354629e-16  -1.7047052e-16  1.0000000   -5.3637882e-16  -1.3035061e-16  1.0854367e-15  7.2683685e-17  -2.0821150e-16  -6.3524146e-16  -5.4767181e-16  -3.4621332e-16  -1.5354629e-16  -1.7047052e-16  1.0000000   -5.3637882e-16  -1.3035061e-16  1.0854367e-15  
-1.2427769e-15  8.4758452e-16  -9.6428189e-17  8.5833652e-16  2.5311557e-16  1.1787580e-16  -2.5108913e-16  -5.3637882e-16  1.0000000   7.9294989e-17  1.2716469e-16  -1.2427769e-15  8.4758452e-16  -9.6428189e-17  8.5833652e-16  2.5311557e-16  1.1787580e-16  -2.5108913e-16  -5.3637882e-16  1.0000000   7.9294989e-17  1.2716469e-16  
3.1426627e-16  1.1936600e-17  9.5888153e-17  -5.2297585e-16  2.7898013e-16  4.0767696e-17  -1.1574896e-16  -1.3035061e-16  7.9294989e-17  1.0000000   -6.4610059e-17  3.1426627e-16  1.1936600e-17  9.5888153e-17  -5.2297585e-16  2.7898013e-16  4.0767696e-17  -1.1574896e-16  -1.3035061e-16  7.9294989e-17  1.0000000   -6.4610059e-17  
-1.6119238e-16  -4.1928681e-16  -8.5823411e-16  2.6996862e-16  -1.4048990e-16  1.6169483e-16  -2.5381517e-16  1.0854367e-15  1.2716469e-16  -6.4610059e-17  1.0000000   -1.6119238e-16  -4.1928681e-16  -8.5823411e-16  2.6996862e-16  -1.4048990e-16  1.6169483e-16  -2.5381517e-16  1.0854367e-15  1.2716469e-16  -6.4610059e-17  1.0000000   
