1.0000000   2.4231728e-16  3.1746795e-17  3.4064277e-17  6.1681786e-17  -5.8869467e-16  -1.1969253e-16  -1.1197437e-16  7.9519453e-18  2.2483653e-16  1.7558993e-16  1.0000000   2.4231728e-16  3.1746795e-17  3.4064277e-17  6.1681786e-17  -5.8869467e-16  -1.1969253e-16  -1.1197437e-16  7.9519453e-18  2.2483653e-16  1.7558993e-16  
2.4231728e-16  1.0000000   4.2759970e-16  2.0767469e-16  -1.7152240e-16  2.9304312e-16  2.8885306e-17  -2.1570938e-16  -3.8602807e-16  4.1150737e-16  -6.4701909e-16  2.4231728e-16  1.0000000   4.2759970e-16  2.0767469e-16  -1.7152240e-16  2.9304312e-16  2.8885306e-17  -2.1570938e-16  -3.8602807e-16  4.1150737e-16  -6.4701909e-16  
3.1746795e-17  4.2759970e-16  1.0000000   -1.6788193e-16  -1.9540711e-16  5.1750621e-16  2.7130465e-17  2.3060472e-16  -1.3822561e-16  -1.5887839e-16  3.8816979e-17  3.1746795e-17  4.2759970e-16  1.0000000   -1.6788193e-16  -1.9540711e-16  5.1750621e-16  2.7130465e-17  2.3060472e-16  -1.3822561e-16  -1.5887839e-16  3.8816979e-17  
3.4064277e-17  2.0767469e-16  -1.6788193e-16  1.0000000   3.6176142e-17  -8.0059860e-17  1.6605912e-16  4.7613077e-16  -6.2825111e-16  9.4225745e-17  4.4489474e-16  3.4064277e-17  2.0767469e-16  -1.6788193e-16  1.0000000   3.6176142e-17  -8.0059860e-17  1.6605912e-16  4.7613077e-16  -6.2825111e-16  9.4225745e-17  4.4489474e-16  
6.1681786e-17  -1.7152240e-16  -1.9540711e-16  3.6176142e-17  1.0000000   -3.1834516e-17  -4.6894518e-16  1.5076996e-16  -3.1774308e-16  2.4926311e-16  -2.1807414e-16  6.1681786e-17  -1.7152240e-16  -1.9540711e-16  3.6176142e-17  1.0000000   -3.1834516e-17  -4.6894518e-16  1.5076996e-16  -3.1774308e-16  2.4926311e-16  -2.1807414e-16  
-5.8869467e-16  2.9304312e-16  5.1750621e-16  -8.0059860e-17  -3.1834516e-17  1.0000000   -8.4227686e-17  1.4007776e-16  -4.5608891e-16  -3.1643033e-17  5.7040893e-17  -5.8869467e-16  2.9304312e-16  5.1750621e-16  -8.0059860e-17  -3.1834516e-17  1.0000000   -8.4227686e-17  1.4007776e-16  -4.5608891e-16  -3.1643033e-17  5.7040893e-17  
-1.1969253e-16  2.8885306e-17  2.7130465e-17  1.6605912e-16  -4.6894518e-16  -8.4227686e-17  1.0000000   7.0061737e-16  -1.0515702e-16  -2.7823656e-17  2.6782589e-16  -1.1969253e-16  2.8885306e-17  2.7130465e-17  1.6605912e-16  -4.6894518e-16  -8.4227686e-17  1.0000000   7.0061737e-16  -1.0515702e-16  -2.7823656e-17  2.6782589e-16  
-1.1197437e-16  -2.1570938e-16  2.3060472e-16  4.7613077e-16  1.5076996e-16  1.4007776e-16  7.0061737e-16  1.0000000   4.1909877e-16  -3.1387560e-16  4.8100036e-17  -1.1197437e-16  -2.1570938e-16  2.3060472e-16  4.7613077e-16  1.5076996e-16  1.4007776e-16  7.0061737e-16  1.0000000   4.1909877e-16  -3.1387560e-16  4.8100036e-17  
7.9519453e-18  -3.8602807e-16  -1.3822561e-16  -6.2825111e-16  -3.1774308e-16  -4.5608891e-16  -1.0515702e-16  4.1909877e-16  1.0000000   -1.8481571e-17  -6.7632955e-16  7.9519453e-18  -3.8602807e-16  -1.3822561e-16  -6.2825111e-16  -3.1774308e-16  -4.5608891e-16  -1.0515702e-16  4.1909877e-16  1.0000000   -1.8481571e-17  -6.7632955e-16  
2.2483653e-16  4.1150737e-16  -1.5887839e-16  9.4225745e-17  2.4926311e-16  -3.1643033e-17  -2.7823656e-17  -3.1387560e-16  -1.8481571e-17  1.0000000   3.3910326e-16  2.2483653e-16  4.1150737e-16  -1.5887839e-16  9.4225745e-17  2.4926311e-16  -3.1643033e-17  -2.7823656e-17  -3.1387560e-16  -1.8481571e-17  1.0000000   3.3910326e-16  
1.7558993e-16  -6.4701909e-16  3.8816979e-17  4.4489474e-16  -2.1807414e-16  5.7040893e-17  2.6782589e-16  4.8100036e-17  -6.7632955e-16  3.3910326e-16  1.0000000   1.7558993e-16  -6.4701909e-16  3.8816979e-17  4.4489474e-16  -2.1807414e-16  5.7040893e-17  2.6782589e-16  4.8100036e-17  -6.7632955e-16  3.3910326e-16  1.0000000   
1.0000000   2.4231728e-16  3.1746795e-17  3.4064277e-17  6.1681786e-17  -5.8869467e-16  -1.1969253e-16  -1.1197437e-16  7.9519453e-18  2.2483653e-16  1.7558993e-16  1.0000000   2.4231728e-16  3.1746795e-17  3.4064277e-17  6.1681786e-17  -5.8869467e-16  -1.1969253e-16  -1.1197437e-16  7.9519453e-18  2.2483653e-16  1.7558993e-16  
2.4231728e-16  1.0000000   4.2759970e-16  2.0767469e-16  -1.7152240e-16  2.9304312e-16  2.8885306e-17  -2.1570938e-16  -3.8602807e-16  4.1150737e-16  -6.4701909e-16  2.4231728e-16  1.0000000   4.2759970e-16  2.0767469e-16  -1.7152240e-16  2.9304312e-16  2.8885306e-17  -2.1570938e-16  -3.8602807e-16  4.1150737e-16  -6.4701909e-16  
3.1746795e-17  4.2759970e-16  1.0000000   -1.6788193e-16  -1.9540711e-16  5.1750621e-16  2.7130465e-17  2.3060472e-16  -1.3822561e-16  -1.5887839e-16  3.8816979e-17  3.1746795e-17  4.2759970e-16  1.0000000   -1.6788193e-16  -1.9540711e-16  5.1750621e-16  2.7130465e-17  2.3060472e-16  -1.3822561e-16  -1.5887839e-16  3.8816979e-17  
3.4064277e-17  2.0767469e-16  -1.6788193e-16  1.0000000   3.6176142e-17  -8.0059860e-17  1.6605912e-16  4.7613077e-16  -6.2825111e-16  9.4225745e-17  4.4489474e-16  3.4064277e-17  2.0767469e-16  -1.6788193e-16  1.0000000   3.6176142e-17  -8.0059860e-17  1.6605912e-16  4.7613077e-16  -6.2825111e-16  9.4225745e-17  4.4489474e-16  
6.1681786e-17  -1.7152240e-16  -1.9540711e-16  3.6176142e-17  1.0000000   -3.1834516e-17  -4.6894518e-16  1.5076996e-16  -3.1774308e-16  2.4926311e-16  -2.1807414e-16  6.1681786e-17  -1.7152240e-16  -1.9540711e-16  3.6176142e-17  1.0000000   -3.1834516e-17  -4.6894518e-16  1.5076996e-16  -3.1774308e-16  2.4926311e-16  -2.1807414e-16  
-5.8869467e-16  2.9304312e-16  5.1750621e-16  -8.0059860e-17  -3.1834516e-17  1.0000000   -8.4227686e-17  1.4007776e-16  -4.5608891e-16  -3.1643033e-17  5.7040893e-17  -5.8869467e-16  2.9304312e-16  5.1750621e-16  -8.0059860e-17  -3.1834516e-17  1.0000000   -8.4227686e-17  1.4007776e-16  -4.5608891e-16  -3.1643033e-17  5.7040893e-17  
-1.1969253e-16  2.8885306e-17  2.7130465e-17  1.6605912e-16  -4.6894518e-16  -8.4227686e-17  1.0000000   7.0061737e-16  -1.0515702e-16  -2.7823656e-17  2.6782589e-16  -1.1969253e-16  2.8885306e-17  2.7130465e-17  1.6605912e-16  -4.6894518e-16  -8.4227686e-17  1.0000000   7.0061737e-16  -1.0515702e-16  -2.7823656e-17  2.6782589e-16  
-1.1197437e-16  -2.1570938e-16  2.3060472e-16  4.7613077e-16  1.5076996e-16  1.4007776e-16  7.0061737e-16  1.0000000   4.1909877e-16  -3.1387560e-16  4.8100036e-17  -1.1197437e-16  -2.1570938e-16  2.3060472e-16  4.7613077e-16  1.5076996e-16  1.4007776e-16  7.0061737e-16  1.0000000   4.1909877e-16  -3.1387560e-16  4.8100036e-17  
7.9519453e-18  -3.8602807e-16  -1.3822561e-16  -6.2825111e-16  -3.1774308e-16  -4.5608891e-16  -1.0515702e-16  4.1909877e-16  1.0000000   -1.8481571e-17  -6.7632955e-16  7.9519453e-18  -3.8602807e-16  -1.3822561e-16  -6.2825111e-16  -3.1774308e-16  -4.5608891e-16  -1.0515702e-16  4.1909877e-16  1.0000000   -1.8481571e-17  -6.7632955e-16  
2.2483653e-16  4.1150737e-16  -1.5887839e-16  9.4225745e-17  2.4926311e-16  -3.1643033e-17  -2.7823656e-17  -3.1387560e-16  -1.8481571e-17  1.0000000   3.3910326e-16  2.2483653e-16  4.1150737e-16  -1.5887839e-16  9.4225745e-17  2.4926311e-16  -3.1643033e-17  -2.7823656e-17  -3.1387560e-16  -1.8481571e-17  1.0000000   3.3910326e-16  
1.7558993e-16  -6.4701909e-16  3.8816979e-17  4.4489474e-16  -2.1807414e-16  5.7040893e-17  2.6782589e-16  4.8100036e-17  -6.7632955e-16  3.3910326e-16  1.0000000   1.7558993e-16  -6.4701909e-16  3.8816979e-17  4.4489474e-16  -2.1807414e-16  5.7040893e-17  2.6782589e-16  4.8100036e-17  -6.7632955e-16  3.3910326e-16  1.0000000   
