1.0000000   -2.4685589e-16  -3.6633159e-16  1.1798491e-16  2.6361889e-16  3.1612371e-16  3.0081528e-16  4.7718660e-17  -3.9617594e-16  -4.6065336e-16  2.8247871e-16  1.0000000   -2.4685589e-16  -3.6633159e-16  1.1798491e-16  2.6361889e-16  3.1612371e-16  3.0081528e-16  4.7718660e-17  -3.9617594e-16  -4.6065336e-16  2.8247871e-16  
-2.4685589e-16  1.0000000   -2.4669157e-16  5.9552684e-16  4.4859098e-16  5.4070263e-16  -4.4356236e-16  -6.2307426e-16  6.2951023e-16  -4.6559432e-16  8.9716036e-17  -2.4685589e-16  1.0000000   -2.4669157e-16  5.9552684e-16  4.4859098e-16  5.4070263e-16  -4.4356236e-16  -6.2307426e-16  6.2951023e-16  -4.6559432e-16  8.9716036e-17  
-3.6633159e-16  -2.4669157e-16  1.0000000   -1.1008599e-15  -2.6859912e-16  -4.4137532e-16  -2.2594434e-16  -7.7865410e-17  -4.8825753e-16  -1.6251661e-16  1.0346126e-16  -3.6633159e-16  -2.4669157e-16  1.0000000   -1.1008599e-15  -2.6859912e-16  -4.4137532e-16  -2.2594434e-16  -7.7865410e-17  -4.8825753e-16  -1.6251661e-16  1.0346126e-16  
1.1798491e-16  5.9552684e-16  -1.1008599e-15  1.0000000   5.5736504e-16  -2.7874076e-16  1.2867278e-16  2.8204768e-16  1.4159414e-15  3.0935020e-16  1.0511992e-15  1.1798491e-16  5.9552684e-16  -1.1008599e-15  1.0000000   5.5736504e-16  -2.7874076e-16  1.2867278e-16  2.8204768e-16  1.4159414e-15  3.0935020e-16  1.0511992e-15  
2.6361889e-16  4.4859098e-16  -2.6859912e-16  5.5736504e-16  1.0000000   -1.3325473e-15  5.3590356e-16  -1.0722084e-15  -3.3058603e-16  -9.5112350e-17  1.2229557e-16  2.6361889e-16  4.4859098e-16  -2.6859912e-16  5.5736504e-16  1.0000000   -1.3325473e-15  5.3590356e-16  -1.0722084e-15  -3.3058603e-16  -9.5112350e-17  1.2229557e-16  
3.1612371e-16  5.4070263e-16  -4.4137532e-16  -2.7874076e-16  -1.3325473e-15  1.0000000   1.7153264e-17  6.4536412e-16  -3.5857677e-16  1.9142436e-16  -6.5471412e-17  3.1612371e-16  5.4070263e-16  -4.4137532e-16  -2.7874076e-16  -1.3325473e-15  1.0000000   1.7153264e-17  6.4536412e-16  -3.5857677e-16  1.9142436e-16  -6.5471412e-17  
3.0081528e-16  -4.4356236e-16  -2.2594434e-16  1.2867278e-16  5.3590356e-16  1.7153264e-17  1.0000000   -7.3246518e-16  -1.9098528e-16  -2.8528959e-16  4.1683677e-16  3.0081528e-16  -4.4356236e-16  -2.2594434e-16  1.2867278e-16  5.3590356e-16  1.7153264e-17  1.0000000   -7.3246518e-16  -1.9098528e-16  -2.8528959e-16  4.1683677e-16  
4.7718660e-17  -6.2307426e-16  -7.7865410e-17  2.8204768e-16  -1.0722084e-15  6.4536412e-16  -7.3246518e-16  1.0000000   -1.9363081e-17  -2.8328596e-16  8.7896879e-16  4.7718660e-17  -6.2307426e-16  -7.7865410e-17  2.8204768e-16  -1.0722084e-15  6.4536412e-16  -7.3246518e-16  1.0000000   -1.9363081e-17  -2.8328596e-16  8.7896879e-16  
-3.9617594e-16  6.2951023e-16  -4.8825753e-16  1.4159414e-15  -3.3058603e-16  -3.5857677e-16  -1.9098528e-16  -1.9363081e-17  1.0000000   3.4666282e-16  5.6512635e-17  -3.9617594e-16  6.2951023e-16  -4.8825753e-16  1.4159414e-15  -3.3058603e-16  -3.5857677e-16  -1.9098528e-16  -1.9363081e-17  1.0000000   3.4666282e-16  5.6512635e-17  
-4.6065336e-16  -4.6559432e-16  -1.6251661e-16  3.0935020e-16  -9.5112350e-17  1.9142436e-16  -2.8528959e-16  -2.8328596e-16  3.4666282e-16  1.0000000   9.0978644e-17  -4.6065336e-16  -4.6559432e-16  -1.6251661e-16  3.0935020e-16  -9.5112350e-17  1.9142436e-16  -2.8528959e-16  -2.8328596e-16  3.4666282e-16  1.0000000   9.0978644e-17  
2.8247871e-16  8.9716036e-17  1.0346126e-16  1.0511992e-15  1.2229557e-16  -6.5471412e-17  4.1683677e-16  8.7896879e-16  5.6512635e-17  9.0978644e-17  1.0000000   2.8247871e-16  8.9716036e-17  1.0346126e-16  1.0511992e-15  1.2229557e-16  -6.5471412e-17  4.1683677e-16  8.7896879e-16  5.6512635e-17  9.0978644e-17  1.0000000   
1.0000000   -2.4685589e-16  -3.6633159e-16  1.1798491e-16  2.6361889e-16  3.1612371e-16  3.0081528e-16  4.7718660e-17  -3.9617594e-16  -4.6065336e-16  2.8247871e-16  1.0000000   -2.4685589e-16  -3.6633159e-16  1.1798491e-16  2.6361889e-16  3.1612371e-16  3.0081528e-16  4.7718660e-17  -3.9617594e-16  -4.6065336e-16  2.8247871e-16  
-2.4685589e-16  1.0000000   -2.4669157e-16  5.9552684e-16  4.4859098e-16  5.4070263e-16  -4.4356236e-16  -6.2307426e-16  6.2951023e-16  -4.6559432e-16  8.9716036e-17  -2.4685589e-16  1.0000000   -2.4669157e-16  5.9552684e-16  4.4859098e-16  5.4070263e-16  -4.4356236e-16  -6.2307426e-16  6.2951023e-16  -4.6559432e-16  8.9716036e-17  
-3.6633159e-16  -2.4669157e-16  1.0000000   -1.1008599e-15  -2.6859912e-16  -4.4137532e-16  -2.2594434e-16  -7.7865410e-17  -4.8825753e-16  -1.6251661e-16  1.0346126e-16  -3.6633159e-16  -2.4669157e-16  1.0000000   -1.1008599e-15  -2.6859912e-16  -4.4137532e-16  -2.2594434e-16  -7.7865410e-17  -4.8825753e-16  -1.6251661e-16  1.0346126e-16  
1.1798491e-16  5.9552684e-16  -1.1008599e-15  1.0000000   5.5736504e-16  -2.7874076e-16  1.2867278e-16  2.8204768e-16  1.4159414e-15  3.0935020e-16  1.0511992e-15  1.1798491e-16  5.9552684e-16  -1.1008599e-15  1.0000000   5.5736504e-16  -2.7874076e-16  1.2867278e-16  2.8204768e-16  1.4159414e-15  3.0935020e-16  1.0511992e-15  
2.6361889e-16  4.4859098e-16  -2.6859912e-16  5.5736504e-16  1.0000000   -1.3325473e-15  5.3590356e-16  -1.0722084e-15  -3.3058603e-16  -9.5112350e-17  1.2229557e-16  2.6361889e-16  4.4859098e-16  -2.6859912e-16  5.5736504e-16  1.0000000   -1.3325473e-15  5.3590356e-16  -1.0722084e-15  -3.3058603e-16  -9.5112350e-17  1.2229557e-16  
3.1612371e-16  5.4070263e-16  -4.4137532e-16  -2.7874076e-16  -1.3325473e-15  1.0000000   1.7153264e-17  6.4536412e-16  -3.5857677e-16  1.9142436e-16  -6.5471412e-17  3.1612371e-16  5.4070263e-16  -4.4137532e-16  -2.7874076e-16  -1.3325473e-15  1.0000000   1.7153264e-17  6.4536412e-16  -3.5857677e-16  1.9142436e-16  -6.5471412e-17  
3.0081528e-16  -4.4356236e-16  -2.2594434e-16  1.2867278e-16  5.3590356e-16  1.7153264e-17  1.0000000   -7.3246518e-16  -1.9098528e-16  -2.8528959e-16  4.1683677e-16  3.0081528e-16  -4.4356236e-16  -2.2594434e-16  1.2867278e-16  5.3590356e-16  1.7153264e-17  1.0000000   -7.3246518e-16  -1.9098528e-16  -2.8528959e-16  4.1683677e-16  
4.7718660e-17  -6.2307426e-16  -7.7865410e-17  2.8204768e-16  -1.0722084e-15  6.4536412e-16  -7.3246518e-16  1.0000000   -1.9363081e-17  -2.8328596e-16  8.7896879e-16  4.7718660e-17  -6.2307426e-16  -7.7865410e-17  2.8204768e-16  -1.0722084e-15  6.4536412e-16  -7.3246518e-16  1.0000000   -1.9363081e-17  -2.8328596e-16  8.7896879e-16  
-3.9617594e-16  6.2951023e-16  -4.8825753e-16  1.4159414e-15  -3.3058603e-16  -3.5857677e-16  -1.9098528e-16  -1.9363081e-17  1.0000000   3.4666282e-16  5.6512635e-17  -3.9617594e-16  6.2951023e-16  -4.8825753e-16  1.4159414e-15  -3.3058603e-16  -3.5857677e-16  -1.9098528e-16  -1.9363081e-17  1.0000000   3.4666282e-16  5.6512635e-17  
-4.6065336e-16  -4.6559432e-16  -1.6251661e-16  3.0935020e-16  -9.5112350e-17  1.9142436e-16  -2.8528959e-16  -2.8328596e-16  3.4666282e-16  1.0000000   9.0978644e-17  -4.6065336e-16  -4.6559432e-16  -1.6251661e-16  3.0935020e-16  -9.5112350e-17  1.9142436e-16  -2.8528959e-16  -2.8328596e-16  3.4666282e-16  1.0000000   9.0978644e-17  
2.8247871e-16  8.9716036e-17  1.0346126e-16  1.0511992e-15  1.2229557e-16  -6.5471412e-17  4.1683677e-16  8.7896879e-16  5.6512635e-17  9.0978644e-17  1.0000000   2.8247871e-16  8.9716036e-17  1.0346126e-16  1.0511992e-15  1.2229557e-16  -6.5471412e-17  4.1683677e-16  8.7896879e-16  5.6512635e-17  9.0978644e-17  1.0000000   
