1.0000000   3.7443790e-16  9.6253965e-17  4.1581694e-16  -3.4777960e-16  1.8542356e-16  1.9058029e-16  6.1709595e-16  2.3181181e-17  5.6407779e-17  9.2527232e-17  1.0000000   3.7443790e-16  9.6253965e-17  4.1581694e-16  -3.4777960e-16  1.8542356e-16  1.9058029e-16  6.1709595e-16  2.3181181e-17  5.6407779e-17  9.2527232e-17  
3.7443790e-16  1.0000000   -6.2578371e-17  -1.5456657e-16  2.6274496e-16  1.0063539e-15  5.0446477e-17  1.3961538e-16  6.8963464e-17  2.3657789e-16  -1.3287321e-16  3.7443790e-16  1.0000000   -6.2578371e-17  -1.5456657e-16  2.6274496e-16  1.0063539e-15  5.0446477e-17  1.3961538e-16  6.8963464e-17  2.3657789e-16  -1.3287321e-16  
9.6253965e-17  -6.2578371e-17  1.0000000   -3.0469088e-16  1.6740084e-16  -5.6443893e-17  7.7562879e-16  -3.0941551e-17  -3.1073292e-16  7.2186161e-16  -2.4597133e-16  9.6253965e-17  -6.2578371e-17  1.0000000   -3.0469088e-16  1.6740084e-16  -5.6443893e-17  7.7562879e-16  -3.0941551e-17  -3.1073292e-16  7.2186161e-16  -2.4597133e-16  
4.1581694e-16  -1.5456657e-16  -3.0469088e-16  1.0000000   1.8170911e-16  -6.8096790e-17  3.9373294e-17  -4.1806746e-16  -2.8444002e-17  2.3543440e-17  4.8903447e-16  4.1581694e-16  -1.5456657e-16  -3.0469088e-16  1.0000000   1.8170911e-16  -6.8096790e-17  3.9373294e-17  -4.1806746e-16  -2.8444002e-17  2.3543440e-17  4.8903447e-16  
-3.4777960e-16  2.6274496e-16  1.6740084e-16  1.8170911e-16  1.0000000   8.3704822e-17  5.7585858e-16  4.6589533e-16  -8.2630129e-17  7.9593913e-17  7.9519532e-16  -3.4777960e-16  2.6274496e-16  1.6740084e-16  1.8170911e-16  1.0000000   8.3704822e-17  5.7585858e-16  4.6589533e-16  -8.2630129e-17  7.9593913e-17  7.9519532e-16  
1.8542356e-16  1.0063539e-15  -5.6443893e-17  -6.8096790e-17  8.3704822e-17  1.0000000   -4.5424016e-16  -2.1846236e-16  -2.5236645e-17  6.1940217e-17  2.3330038e-16  1.8542356e-16  1.0063539e-15  -5.6443893e-17  -6.8096790e-17  8.3704822e-17  1.0000000   -4.5424016e-16  -2.1846236e-16  -2.5236645e-17  6.1940217e-17  2.3330038e-16  
1.9058029e-16  5.0446477e-17  7.7562879e-16  3.9373294e-17  5.7585858e-16  -4.5424016e-16  1.0000000   2.0756144e-16  -2.7953467e-17  4.1432332e-17  3.0186348e-17  1.9058029e-16  5.0446477e-17  7.7562879e-16  3.9373294e-17  5.7585858e-16  -4.5424016e-16  1.0000000   2.0756144e-16  -2.7953467e-17  4.1432332e-17  3.0186348e-17  
6.1709595e-16  1.3961538e-16  -3.0941551e-17  -4.1806746e-16  4.6589533e-16  -2.1846236e-16  2.0756144e-16  1.0000000   1.2103432e-17  1.6710127e-17  3.2531862e-17  6.1709595e-16  1.3961538e-16  -3.0941551e-17  -4.1806746e-16  4.6589533e-16  -2.1846236e-16  2.0756144e-16  1.0000000   1.2103432e-17  1.6710127e-17  3.2531862e-17  
2.3181181e-17  6.8963464e-17  -3.1073292e-16  -2.8444002e-17  -8.2630129e-17  -2.5236645e-17  -2.7953467e-17  1.2103432e-17  1.0000000   -1.8038816e-16  1.6194793e-16  2.3181181e-17  6.8963464e-17  -3.1073292e-16  -2.8444002e-17  -8.2630129e-17  -2.5236645e-17  -2.7953467e-17  1.2103432e-17  1.0000000   -1.8038816e-16  1.6194793e-16  
5.6407779e-17  2.3657789e-16  7.2186161e-16  2.3543440e-17  7.9593913e-17  6.1940217e-17  4.1432332e-17  1.6710127e-17  -1.8038816e-16  1.0000000   3.6951667e-17  5.6407779e-17  2.3657789e-16  7.2186161e-16  2.3543440e-17  7.9593913e-17  6.1940217e-17  4.1432332e-17  1.6710127e-17  -1.8038816e-16  1.0000000   3.6951667e-17  
9.2527232e-17  -1.3287321e-16  -2.4597133e-16  4.8903447e-16  7.9519532e-16  2.3330038e-16  3.0186348e-17  3.2531862e-17  1.6194793e-16  3.6951667e-17  1.0000000   9.2527232e-17  -1.3287321e-16  -2.4597133e-16  4.8903447e-16  7.9519532e-16  2.3330038e-16  3.0186348e-17  3.2531862e-17  1.6194793e-16  3.6951667e-17  1.0000000   
1.0000000   3.7443790e-16  9.6253965e-17  4.1581694e-16  -3.4777960e-16  1.8542356e-16  1.9058029e-16  6.1709595e-16  2.3181181e-17  5.6407779e-17  9.2527232e-17  1.0000000   3.7443790e-16  9.6253965e-17  4.1581694e-16  -3.4777960e-16  1.8542356e-16  1.9058029e-16  6.1709595e-16  2.3181181e-17  5.6407779e-17  9.2527232e-17  
3.7443790e-16  1.0000000   -6.2578371e-17  -1.5456657e-16  2.6274496e-16  1.0063539e-15  5.0446477e-17  1.3961538e-16  6.8963464e-17  2.3657789e-16  -1.3287321e-16  3.7443790e-16  1.0000000   -6.2578371e-17  -1.5456657e-16  2.6274496e-16  1.0063539e-15  5.0446477e-17  1.3961538e-16  6.8963464e-17  2.3657789e-16  -1.3287321e-16  
9.6253965e-17  -6.2578371e-17  1.0000000   -3.0469088e-16  1.6740084e-16  -5.6443893e-17  7.7562879e-16  -3.0941551e-17  -3.1073292e-16  7.2186161e-16  -2.4597133e-16  9.6253965e-17  -6.2578371e-17  1.0000000   -3.0469088e-16  1.6740084e-16  -5.6443893e-17  7.7562879e-16  -3.0941551e-17  -3.1073292e-16  7.2186161e-16  -2.4597133e-16  
4.1581694e-16  -1.5456657e-16  -3.0469088e-16  1.0000000   1.8170911e-16  -6.8096790e-17  3.9373294e-17  -4.1806746e-16  -2.8444002e-17  2.3543440e-17  4.8903447e-16  4.1581694e-16  -1.5456657e-16  -3.0469088e-16  1.0000000   1.8170911e-16  -6.8096790e-17  3.9373294e-17  -4.1806746e-16  -2.8444002e-17  2.3543440e-17  4.8903447e-16  
-3.4777960e-16  2.6274496e-16  1.6740084e-16  1.8170911e-16  1.0000000   8.3704822e-17  5.7585858e-16  4.6589533e-16  -8.2630129e-17  7.9593913e-17  7.9519532e-16  -3.4777960e-16  2.6274496e-16  1.6740084e-16  1.8170911e-16  1.0000000   8.3704822e-17  5.7585858e-16  4.6589533e-16  -8.2630129e-17  7.9593913e-17  7.9519532e-16  
1.8542356e-16  1.0063539e-15  -5.6443893e-17  -6.8096790e-17  8.3704822e-17  1.0000000   -4.5424016e-16  -2.1846236e-16  -2.5236645e-17  6.1940217e-17  2.3330038e-16  1.8542356e-16  1.0063539e-15  -5.6443893e-17  -6.8096790e-17  8.3704822e-17  1.0000000   -4.5424016e-16  -2.1846236e-16  -2.5236645e-17  6.1940217e-17  2.3330038e-16  
1.9058029e-16  5.0446477e-17  7.7562879e-16  3.9373294e-17  5.7585858e-16  -4.5424016e-16  1.0000000   2.0756144e-16  -2.7953467e-17  4.1432332e-17  3.0186348e-17  1.9058029e-16  5.0446477e-17  7.7562879e-16  3.9373294e-17  5.7585858e-16  -4.5424016e-16  1.0000000   2.0756144e-16  -2.7953467e-17  4.1432332e-17  3.0186348e-17  
6.1709595e-16  1.3961538e-16  -3.0941551e-17  -4.1806746e-16  4.6589533e-16  -2.1846236e-16  2.0756144e-16  1.0000000   1.2103432e-17  1.6710127e-17  3.2531862e-17  6.1709595e-16  1.3961538e-16  -3.0941551e-17  -4.1806746e-16  4.6589533e-16  -2.1846236e-16  2.0756144e-16  1.0000000   1.2103432e-17  1.6710127e-17  3.2531862e-17  
2.3181181e-17  6.8963464e-17  -3.1073292e-16  -2.8444002e-17  -8.2630129e-17  -2.5236645e-17  -2.7953467e-17  1.2103432e-17  1.0000000   -1.8038816e-16  1.6194793e-16  2.3181181e-17  6.8963464e-17  -3.1073292e-16  -2.8444002e-17  -8.2630129e-17  -2.5236645e-17  -2.7953467e-17  1.2103432e-17  1.0000000   -1.8038816e-16  1.6194793e-16  
5.6407779e-17  2.3657789e-16  7.2186161e-16  2.3543440e-17  7.9593913e-17  6.1940217e-17  4.1432332e-17  1.6710127e-17  -1.8038816e-16  1.0000000   3.6951667e-17  5.6407779e-17  2.3657789e-16  7.2186161e-16  2.3543440e-17  7.9593913e-17  6.1940217e-17  4.1432332e-17  1.6710127e-17  -1.8038816e-16  1.0000000   3.6951667e-17  
9.2527232e-17  -1.3287321e-16  -2.4597133e-16  4.8903447e-16  7.9519532e-16  2.3330038e-16  3.0186348e-17  3.2531862e-17  1.6194793e-16  3.6951667e-17  1.0000000   9.2527232e-17  -1.3287321e-16  -2.4597133e-16  4.8903447e-16  7.9519532e-16  2.3330038e-16  3.0186348e-17  3.2531862e-17  1.6194793e-16  3.6951667e-17  1.0000000   
