1.0000000   -3.3829861e-16  2.0562572e-16  -4.2995392e-17  7.7491444e-17  9.7898374e-17  -1.8614396e-16  3.8093613e-17  -1.6526714e-16  2.0657249e-16  -1.5927099e-16  1.0000000   -3.3829861e-16  2.0562572e-16  -4.2995392e-17  7.7491444e-17  9.7898374e-17  -1.8614396e-16  3.8093613e-17  -1.6526714e-16  2.0657249e-16  -1.5927099e-16  
-3.3829861e-16  1.0000000   6.4387633e-17  -8.4925641e-18  -3.8889181e-16  -3.3099136e-16  -1.8922864e-16  8.0886955e-17  -5.3527199e-16  4.9155446e-16  4.5425309e-16  -3.3829861e-16  1.0000000   6.4387633e-17  -8.4925641e-18  -3.8889181e-16  -3.3099136e-16  -1.8922864e-16  8.0886955e-17  -5.3527199e-16  4.9155446e-16  4.5425309e-16  
2.0562572e-16  6.4387633e-17  1.0000000   -4.6043017e-17  -4.7472999e-16  -1.5037799e-16  5.4684447e-16  -3.8701147e-16  2.9382811e-16  -1.5789096e-16  -1.1393051e-15  2.0562572e-16  6.4387633e-17  1.0000000   -4.6043017e-17  -4.7472999e-16  -1.5037799e-16  5.4684447e-16  -3.8701147e-16  2.9382811e-16  -1.5789096e-16  -1.1393051e-15  
-4.2995392e-17  -8.4925641e-18  -4.6043017e-17  1.0000000   -1.1159199e-16  5.7005063e-16  -2.6271235e-16  8.0630760e-17  -4.5842482e-16  -1.7403764e-16  5.2692480e-16  -4.2995392e-17  -8.4925641e-18  -4.6043017e-17  1.0000000   -1.1159199e-16  5.7005063e-16  -2.6271235e-16  8.0630760e-17  -4.5842482e-16  -1.7403764e-16  5.2692480e-16  
7.7491444e-17  -3.8889181e-16  -4.7472999e-16  -1.1159199e-16  1.0000000   4.2628714e-16  -7.3512137e-16  -6.2080421e-16  1.5163784e-16  5.3873711e-16  5.1326184e-16  7.7491444e-17  -3.8889181e-16  -4.7472999e-16  -1.1159199e-16  1.0000000   4.2628714e-16  -7.3512137e-16  -6.2080421e-16  1.5163784e-16  5.3873711e-16  5.1326184e-16  
9.7898374e-17  -3.3099136e-16  -1.5037799e-16  5.7005063e-16  4.2628714e-16  1.0000000   3.9265483e-16  4.1106212e-16  2.4609483e-16  3.7149992e-16  -4.2484187e-16  9.7898374e-17  -3.3099136e-16  -1.5037799e-16  5.7005063e-16  4.2628714e-16  1.0000000   3.9265483e-16  4.1106212e-16  2.4609483e-16  3.7149992e-16  -4.2484187e-16  
-1.8614396e-16  -1.8922864e-16  5.4684447e-16  -2.6271235e-16  -7.3512137e-16  3.9265483e-16  1.0000000   -6.4816189e-16  1.5043475e-16  -1.4283379e-16  -4.3301171e-17  -1.8614396e-16  -1.8922864e-16  5.4684447e-16  -2.6271235e-16  -7.3512137e-16  3.9265483e-16  1.0000000   -6.4816189e-16  1.5043475e-16  -1.4283379e-16  -4.3301171e-17  
3.8093613e-17  8.0886955e-17  -3.8701147e-16  8.0630760e-17  -6.2080421e-16  4.1106212e-16  -6.4816189e-16  1.0000000   8.1403254e-17  -4.9101048e-16  -1.1422282e-16  3.8093613e-17  8.0886955e-17  -3.8701147e-16  8.0630760e-17  -6.2080421e-16  4.1106212e-16  -6.4816189e-16  1.0000000   8.1403254e-17  -4.9101048e-16  -1.1422282e-16  
-1.6526714e-16  -5.3527199e-16  2.9382811e-16  -4.5842482e-16  1.5163784e-16  2.4609483e-16  1.5043475e-16  8.1403254e-17  1.0000000   -6.4204039e-17  -1.2736898e-16  -1.6526714e-16  -5.3527199e-16  2.9382811e-16  -4.5842482e-16  1.5163784e-16  2.4609483e-16  1.5043475e-16  8.1403254e-17  1.0000000   -6.4204039e-17  -1.2736898e-16  
2.0657249e-16  4.9155446e-16  -1.5789096e-16  -1.7403764e-16  5.3873711e-16  3.7149992e-16  -1.4283379e-16  -4.9101048e-16  -6.4204039e-17  1.0000000   -1.6990719e-16  2.0657249e-16  4.9155446e-16  -1.5789096e-16  -1.7403764e-16  5.3873711e-16  3.7149992e-16  -1.4283379e-16  -4.9101048e-16  -6.4204039e-17  1.0000000   -1.6990719e-16  
-1.5927099e-16  4.5425309e-16  -1.1393051e-15  5.2692480e-16  5.1326184e-16  -4.2484187e-16  -4.3301171e-17  -1.1422282e-16  -1.2736898e-16  -1.6990719e-16  1.0000000   -1.5927099e-16  4.5425309e-16  -1.1393051e-15  5.2692480e-16  5.1326184e-16  -4.2484187e-16  -4.3301171e-17  -1.1422282e-16  -1.2736898e-16  -1.6990719e-16  1.0000000   
1.0000000   -3.3829861e-16  2.0562572e-16  -4.2995392e-17  7.7491444e-17  9.7898374e-17  -1.8614396e-16  3.8093613e-17  -1.6526714e-16  2.0657249e-16  -1.5927099e-16  1.0000000   -3.3829861e-16  2.0562572e-16  -4.2995392e-17  7.7491444e-17  9.7898374e-17  -1.8614396e-16  3.8093613e-17  -1.6526714e-16  2.0657249e-16  -1.5927099e-16  
-3.3829861e-16  1.0000000   6.4387633e-17  -8.4925641e-18  -3.8889181e-16  -3.3099136e-16  -1.8922864e-16  8.0886955e-17  -5.3527199e-16  4.9155446e-16  4.5425309e-16  -3.3829861e-16  1.0000000   6.4387633e-17  -8.4925641e-18  -3.8889181e-16  -3.3099136e-16  -1.8922864e-16  8.0886955e-17  -5.3527199e-16  4.9155446e-16  4.5425309e-16  
2.0562572e-16  6.4387633e-17  1.0000000   -4.6043017e-17  -4.7472999e-16  -1.5037799e-16  5.4684447e-16  -3.8701147e-16  2.9382811e-16  -1.5789096e-16  -1.1393051e-15  2.0562572e-16  6.4387633e-17  1.0000000   -4.6043017e-17  -4.7472999e-16  -1.5037799e-16  5.4684447e-16  -3.8701147e-16  2.9382811e-16  -1.5789096e-16  -1.1393051e-15  
-4.2995392e-17  -8.4925641e-18  -4.6043017e-17  1.0000000   -1.1159199e-16  5.7005063e-16  -2.6271235e-16  8.0630760e-17  -4.5842482e-16  -1.7403764e-16  5.2692480e-16  -4.2995392e-17  -8.4925641e-18  -4.6043017e-17  1.0000000   -1.1159199e-16  5.7005063e-16  -2.6271235e-16  8.0630760e-17  -4.5842482e-16  -1.7403764e-16  5.2692480e-16  
7.7491444e-17  -3.8889181e-16  -4.7472999e-16  -1.1159199e-16  1.0000000   4.2628714e-16  -7.3512137e-16  -6.2080421e-16  1.5163784e-16  5.3873711e-16  5.1326184e-16  7.7491444e-17  -3.8889181e-16  -4.7472999e-16  -1.1159199e-16  1.0000000   4.2628714e-16  -7.3512137e-16  -6.2080421e-16  1.5163784e-16  5.3873711e-16  5.1326184e-16  
9.7898374e-17  -3.3099136e-16  -1.5037799e-16  5.7005063e-16  4.2628714e-16  1.0000000   3.9265483e-16  4.1106212e-16  2.4609483e-16  3.7149992e-16  -4.2484187e-16  9.7898374e-17  -3.3099136e-16  -1.5037799e-16  5.7005063e-16  4.2628714e-16  1.0000000   3.9265483e-16  4.1106212e-16  2.4609483e-16  3.7149992e-16  -4.2484187e-16  
-1.8614396e-16  -1.8922864e-16  5.4684447e-16  -2.6271235e-16  -7.3512137e-16  3.9265483e-16  1.0000000   -6.4816189e-16  1.5043475e-16  -1.4283379e-16  -4.3301171e-17  -1.8614396e-16  -1.8922864e-16  5.4684447e-16  -2.6271235e-16  -7.3512137e-16  3.9265483e-16  1.0000000   -6.4816189e-16  1.5043475e-16  -1.4283379e-16  -4.3301171e-17  
3.8093613e-17  8.0886955e-17  -3.8701147e-16  8.0630760e-17  -6.2080421e-16  4.1106212e-16  -6.4816189e-16  1.0000000   8.1403254e-17  -4.9101048e-16  -1.1422282e-16  3.8093613e-17  8.0886955e-17  -3.8701147e-16  8.0630760e-17  -6.2080421e-16  4.1106212e-16  -6.4816189e-16  1.0000000   8.1403254e-17  -4.9101048e-16  -1.1422282e-16  
-1.6526714e-16  -5.3527199e-16  2.9382811e-16  -4.5842482e-16  1.5163784e-16  2.4609483e-16  1.5043475e-16  8.1403254e-17  1.0000000   -6.4204039e-17  -1.2736898e-16  -1.6526714e-16  -5.3527199e-16  2.9382811e-16  -4.5842482e-16  1.5163784e-16  2.4609483e-16  1.5043475e-16  8.1403254e-17  1.0000000   -6.4204039e-17  -1.2736898e-16  
2.0657249e-16  4.9155446e-16  -1.5789096e-16  -1.7403764e-16  5.3873711e-16  3.7149992e-16  -1.4283379e-16  -4.9101048e-16  -6.4204039e-17  1.0000000   -1.6990719e-16  2.0657249e-16  4.9155446e-16  -1.5789096e-16  -1.7403764e-16  5.3873711e-16  3.7149992e-16  -1.4283379e-16  -4.9101048e-16  -6.4204039e-17  1.0000000   -1.6990719e-16  
-1.5927099e-16  4.5425309e-16  -1.1393051e-15  5.2692480e-16  5.1326184e-16  -4.2484187e-16  -4.3301171e-17  -1.1422282e-16  -1.2736898e-16  -1.6990719e-16  1.0000000   -1.5927099e-16  4.5425309e-16  -1.1393051e-15  5.2692480e-16  5.1326184e-16  -4.2484187e-16  -4.3301171e-17  -1.1422282e-16  -1.2736898e-16  -1.6990719e-16  1.0000000   
