1.0000000   -9.4983225e-16  8.1887757e-17  -1.8276769e-16  -9.5038791e-17  -4.9254796e-16  2.2823811e-16  9.3751301e-17  6.1970963e-16  -6.4793203e-16  -1.6246261e-16  1.0000000   -9.4983225e-16  8.1887757e-17  -1.8276769e-16  -9.5038791e-17  -4.9254796e-16  2.2823811e-16  9.3751301e-17  6.1970963e-16  -6.4793203e-16  -1.6246261e-16  
-9.4983225e-16  1.0000000   -2.2206493e-16  2.1678728e-16  -4.1666398e-17  9.6745562e-16  3.8358903e-16  2.2192771e-16  -3.7249544e-16  2.4163521e-17  2.0280425e-16  -9.4983225e-16  1.0000000   -2.2206493e-16  2.1678728e-16  -4.1666398e-17  9.6745562e-16  3.8358903e-16  2.2192771e-16  -3.7249544e-16  2.4163521e-17  2.0280425e-16  
8.1887757e-17  -2.2206493e-16  1.0000000   1.6967340e-17  2.9707987e-17  -1.6586599e-16  5.3872312e-16  -3.3426800e-16  -3.1253398e-17  -3.1332257e-16  2.9433378e-16  8.1887757e-17  -2.2206493e-16  1.0000000   1.6967340e-17  2.9707987e-17  -1.6586599e-16  5.3872312e-16  -3.3426800e-16  -3.1253398e-17  -3.1332257e-16  2.9433378e-16  
-1.8276769e-16  2.1678728e-16  1.6967340e-17  1.0000000   2.2420756e-16  -5.3921800e-17  1.5384024e-17  4.9131828e-17  1.2214263e-16  2.5798175e-17  -8.1041942e-17  -1.8276769e-16  2.1678728e-16  1.6967340e-17  1.0000000   2.2420756e-16  -5.3921800e-17  1.5384024e-17  4.9131828e-17  1.2214263e-16  2.5798175e-17  -8.1041942e-17  
-9.5038791e-17  -4.1666398e-17  2.9707987e-17  2.2420756e-16  1.0000000   -1.5341969e-16  1.6753041e-16  1.1125862e-16  -6.2611140e-16  1.4010192e-16  -1.0710550e-15  -9.5038791e-17  -4.1666398e-17  2.9707987e-17  2.2420756e-16  1.0000000   -1.5341969e-16  1.6753041e-16  1.1125862e-16  -6.2611140e-16  1.4010192e-16  -1.0710550e-15  
-4.9254796e-16  9.6745562e-16  -1.6586599e-16  -5.3921800e-17  -1.5341969e-16  1.0000000   6.4242197e-16  -9.0751110e-18  9.8774418e-17  2.3922540e-17  7.5085447e-17  -4.9254796e-16  9.6745562e-16  -1.6586599e-16  -5.3921800e-17  -1.5341969e-16  1.0000000   6.4242197e-16  -9.0751110e-18  9.8774418e-17  2.3922540e-17  7.5085447e-17  
2.2823811e-16  3.8358903e-16  5.3872312e-16  1.5384024e-17  1.6753041e-16  6.4242197e-16  1.0000000   3.9799537e-17  2.4292693e-16  2.0998704e-16  -4.8784016e-17  2.2823811e-16  3.8358903e-16  5.3872312e-16  1.5384024e-17  1.6753041e-16  6.4242197e-16  1.0000000   3.9799537e-17  2.4292693e-16  2.0998704e-16  -4.8784016e-17  
9.3751301e-17  2.2192771e-16  -3.3426800e-16  4.9131828e-17  1.1125862e-16  -9.0751110e-18  3.9799537e-17  1.0000000   1.0449581e-16  -3.1363978e-16  8.3511964e-16  9.3751301e-17  2.2192771e-16  -3.3426800e-16  4.9131828e-17  1.1125862e-16  -9.0751110e-18  3.9799537e-17  1.0000000   1.0449581e-16  -3.1363978e-16  8.3511964e-16  
6.1970963e-16  -3.7249544e-16  -3.1253398e-17  1.2214263e-16  -6.2611140e-16  9.8774418e-17  2.4292693e-16  1.0449581e-16  1.0000000   -5.0972076e-16  5.3658055e-17  6.1970963e-16  -3.7249544e-16  -3.1253398e-17  1.2214263e-16  -6.2611140e-16  9.8774418e-17  2.4292693e-16  1.0449581e-16  1.0000000   -5.0972076e-16  5.3658055e-17  
-6.4793203e-16  2.4163521e-17  -3.1332257e-16  2.5798175e-17  1.4010192e-16  2.3922540e-17  2.0998704e-16  -3.1363978e-16  -5.0972076e-16  1.0000000   -4.3659678e-17  -6.4793203e-16  2.4163521e-17  -3.1332257e-16  2.5798175e-17  1.4010192e-16  2.3922540e-17  2.0998704e-16  -3.1363978e-16  -5.0972076e-16  1.0000000   -4.3659678e-17  
-1.6246261e-16  2.0280425e-16  2.9433378e-16  -8.1041942e-17  -1.0710550e-15  7.5085447e-17  -4.8784016e-17  8.3511964e-16  5.3658055e-17  -4.3659678e-17  1.0000000   -1.6246261e-16  2.0280425e-16  2.9433378e-16  -8.1041942e-17  -1.0710550e-15  7.5085447e-17  -4.8784016e-17  8.3511964e-16  5.3658055e-17  -4.3659678e-17  1.0000000   
1.0000000   -9.4983225e-16  8.1887757e-17  -1.8276769e-16  -9.5038791e-17  -4.9254796e-16  2.2823811e-16  9.3751301e-17  6.1970963e-16  -6.4793203e-16  -1.6246261e-16  1.0000000   -9.4983225e-16  8.1887757e-17  -1.8276769e-16  -9.5038791e-17  -4.9254796e-16  2.2823811e-16  9.3751301e-17  6.1970963e-16  -6.4793203e-16  -1.6246261e-16  
-9.4983225e-16  1.0000000   -2.2206493e-16  2.1678728e-16  -4.1666398e-17  9.6745562e-16  3.8358903e-16  2.2192771e-16  -3.7249544e-16  2.4163521e-17  2.0280425e-16  -9.4983225e-16  1.0000000   -2.2206493e-16  2.1678728e-16  -4.1666398e-17  9.6745562e-16  3.8358903e-16  2.2192771e-16  -3.7249544e-16  2.4163521e-17  2.0280425e-16  
8.1887757e-17  -2.2206493e-16  1.0000000   1.6967340e-17  2.9707987e-17  -1.6586599e-16  5.3872312e-16  -3.3426800e-16  -3.1253398e-17  -3.1332257e-16  2.9433378e-16  8.1887757e-17  -2.2206493e-16  1.0000000   1.6967340e-17  2.9707987e-17  -1.6586599e-16  5.3872312e-16  -3.3426800e-16  -3.1253398e-17  -3.1332257e-16  2.9433378e-16  
-1.8276769e-16  2.1678728e-16  1.6967340e-17  1.0000000   2.2420756e-16  -5.3921800e-17  1.5384024e-17  4.9131828e-17  1.2214263e-16  2.5798175e-17  -8.1041942e-17  -1.8276769e-16  2.1678728e-16  1.6967340e-17  1.0000000   2.2420756e-16  -5.3921800e-17  1.5384024e-17  4.9131828e-17  1.2214263e-16  2.5798175e-17  -8.1041942e-17  
-9.5038791e-17  -4.1666398e-17  2.9707987e-17  2.2420756e-16  1.0000000   -1.5341969e-16  1.6753041e-16  1.1125862e-16  -6.2611140e-16  1.4010192e-16  -1.0710550e-15  -9.5038791e-17  -4.1666398e-17  2.9707987e-17  2.2420756e-16  1.0000000   -1.5341969e-16  1.6753041e-16  1.1125862e-16  -6.2611140e-16  1.4010192e-16  -1.0710550e-15  
-4.9254796e-16  9.6745562e-16  -1.6586599e-16  -5.3921800e-17  -1.5341969e-16  1.0000000   6.4242197e-16  -9.0751110e-18  9.8774418e-17  2.3922540e-17  7.5085447e-17  -4.9254796e-16  9.6745562e-16  -1.6586599e-16  -5.3921800e-17  -1.5341969e-16  1.0000000   6.4242197e-16  -9.0751110e-18  9.8774418e-17  2.3922540e-17  7.5085447e-17  
2.2823811e-16  3.8358903e-16  5.3872312e-16  1.5384024e-17  1.6753041e-16  6.4242197e-16  1.0000000   3.9799537e-17  2.4292693e-16  2.0998704e-16  -4.8784016e-17  2.2823811e-16  3.8358903e-16  5.3872312e-16  1.5384024e-17  1.6753041e-16  6.4242197e-16  1.0000000   3.9799537e-17  2.4292693e-16  2.0998704e-16  -4.8784016e-17  
9.3751301e-17  2.2192771e-16  -3.3426800e-16  4.9131828e-17  1.1125862e-16  -9.0751110e-18  3.9799537e-17  1.0000000   1.0449581e-16  -3.1363978e-16  8.3511964e-16  9.3751301e-17  2.2192771e-16  -3.3426800e-16  4.9131828e-17  1.1125862e-16  -9.0751110e-18  3.9799537e-17  1.0000000   1.0449581e-16  -3.1363978e-16  8.3511964e-16  
6.1970963e-16  -3.7249544e-16  -3.1253398e-17  1.2214263e-16  -6.2611140e-16  9.8774418e-17  2.4292693e-16  1.0449581e-16  1.0000000   -5.0972076e-16  5.3658055e-17  6.1970963e-16  -3.7249544e-16  -3.1253398e-17  1.2214263e-16  -6.2611140e-16  9.8774418e-17  2.4292693e-16  1.0449581e-16  1.0000000   -5.0972076e-16  5.3658055e-17  
-6.4793203e-16  2.4163521e-17  -3.1332257e-16  2.5798175e-17  1.4010192e-16  2.3922540e-17  2.0998704e-16  -3.1363978e-16  -5.0972076e-16  1.0000000   -4.3659678e-17  -6.4793203e-16  2.4163521e-17  -3.1332257e-16  2.5798175e-17  1.4010192e-16  2.3922540e-17  2.0998704e-16  -3.1363978e-16  -5.0972076e-16  1.0000000   -4.3659678e-17  
-1.6246261e-16  2.0280425e-16  2.9433378e-16  -8.1041942e-17  -1.0710550e-15  7.5085447e-17  -4.8784016e-17  8.3511964e-16  5.3658055e-17  -4.3659678e-17  1.0000000   -1.6246261e-16  2.0280425e-16  2.9433378e-16  -8.1041942e-17  -1.0710550e-15  7.5085447e-17  -4.8784016e-17  8.3511964e-16  5.3658055e-17  -4.3659678e-17  1.0000000   
