1.0000000   1.9568854e-16  -5.2016293e-16  -1.7184266e-16  6.0270206e-17  1.1190406e-16  2.0927812e-16  1.9159716e-16  4.2176820e-16  -4.5206164e-16  -1.2902006e-17  1.0000000   1.9568854e-16  -5.2016293e-16  -1.7184266e-16  6.0270206e-17  1.1190406e-16  2.0927812e-16  1.9159716e-16  4.2176820e-16  -4.5206164e-16  -1.2902006e-17  
1.9568854e-16  1.0000000   -8.1861817e-16  -1.6836622e-16  -2.1772074e-16  2.8364550e-16  -2.7425625e-16  5.3213786e-18  3.5872354e-16  3.2912634e-16  6.8999780e-17  1.9568854e-16  1.0000000   -8.1861817e-16  -1.6836622e-16  -2.1772074e-16  2.8364550e-16  -2.7425625e-16  5.3213786e-18  3.5872354e-16  3.2912634e-16  6.8999780e-17  
-5.2016293e-16  -8.1861817e-16  1.0000000   -2.1358952e-16  7.7469845e-17  7.9736505e-16  -4.3529362e-16  3.9014846e-16  -1.4178400e-16  3.8915851e-16  -6.2800886e-16  -5.2016293e-16  -8.1861817e-16  1.0000000   -2.1358952e-16  7.7469845e-17  7.9736505e-16  -4.3529362e-16  3.9014846e-16  -1.4178400e-16  3.8915851e-16  -6.2800886e-16  
-1.7184266e-16  -1.6836622e-16  -2.1358952e-16  1.0000000   -7.3816168e-17  -1.8700370e-17  2.2437225e-16  -1.3502552e-17  -6.7881856e-16  -3.4258581e-16  -3.3376740e-16  -1.7184266e-16  -1.6836622e-16  -2.1358952e-16  1.0000000   -7.3816168e-17  -1.8700370e-17  2.2437225e-16  -1.3502552e-17  -6.7881856e-16  -3.4258581e-16  -3.3376740e-16  
6.0270206e-17  -2.1772074e-16  7.7469845e-17  -7.3816168e-17  1.0000000   1.3154766e-16  6.3646839e-16  -3.7438856e-18  -3.6303726e-17  1.0762590e-16  1.3269385e-16  6.0270206e-17  -2.1772074e-16  7.7469845e-17  -7.3816168e-17  1.0000000   1.3154766e-16  6.3646839e-16  -3.7438856e-18  -3.6303726e-17  1.0762590e-16  1.3269385e-16  
1.1190406e-16  2.8364550e-16  7.9736505e-16  -1.8700370e-17  1.3154766e-16  1.0000000   1.0002062e-16  -4.3171851e-16  -5.3218106e-16  -5.7129143e-17  7.0420837e-17  1.1190406e-16  2.8364550e-16  7.9736505e-16  -1.8700370e-17  1.3154766e-16  1.0000000   1.0002062e-16  -4.3171851e-16  -5.3218106e-16  -5.7129143e-17  7.0420837e-17  
2.0927812e-16  -2.7425625e-16  -4.3529362e-16  2.2437225e-16  6.3646839e-16  1.0002062e-16  1.0000000   4.0342739e-16  -4.0018537e-16  -1.7378072e-16  -1.0578171e-16  2.0927812e-16  -2.7425625e-16  -4.3529362e-16  2.2437225e-16  6.3646839e-16  1.0002062e-16  1.0000000   4.0342739e-16  -4.0018537e-16  -1.7378072e-16  -1.0578171e-16  
1.9159716e-16  5.3213786e-18  3.9014846e-16  -1.3502552e-17  -3.7438856e-18  -4.3171851e-16  4.0342739e-16  1.0000000   4.7083597e-17  2.8114816e-16  -6.5634508e-16  1.9159716e-16  5.3213786e-18  3.9014846e-16  -1.3502552e-17  -3.7438856e-18  -4.3171851e-16  4.0342739e-16  1.0000000   4.7083597e-17  2.8114816e-16  -6.5634508e-16  
4.2176820e-16  3.5872354e-16  -1.4178400e-16  -6.7881856e-16  -3.6303726e-17  -5.3218106e-16  -4.0018537e-16  4.7083597e-17  1.0000000   6.4176543e-17  -5.3124212e-16  4.2176820e-16  3.5872354e-16  -1.4178400e-16  -6.7881856e-16  -3.6303726e-17  -5.3218106e-16  -4.0018537e-16  4.7083597e-17  1.0000000   6.4176543e-17  -5.3124212e-16  
-4.5206164e-16  3.2912634e-16  3.8915851e-16  -3.4258581e-16  1.0762590e-16  -5.7129143e-17  -1.7378072e-16  2.8114816e-16  6.4176543e-17  1.0000000   -1.7963266e-16  -4.5206164e-16  3.2912634e-16  3.8915851e-16  -3.4258581e-16  1.0762590e-16  -5.7129143e-17  -1.7378072e-16  2.8114816e-16  6.4176543e-17  1.0000000   -1.7963266e-16  
-1.2902006e-17  6.8999780e-17  -6.2800886e-16  -3.3376740e-16  1.3269385e-16  7.0420837e-17  -1.0578171e-16  -6.5634508e-16  -5.3124212e-16  -1.7963266e-16  1.0000000   -1.2902006e-17  6.8999780e-17  -6.2800886e-16  -3.3376740e-16  1.3269385e-16  7.0420837e-17  -1.0578171e-16  -6.5634508e-16  -5.3124212e-16  -1.7963266e-16  1.0000000   
1.0000000   1.9568854e-16  -5.2016293e-16  -1.7184266e-16  6.0270206e-17  1.1190406e-16  2.0927812e-16  1.9159716e-16  4.2176820e-16  -4.5206164e-16  -1.2902006e-17  1.0000000   1.9568854e-16  -5.2016293e-16  -1.7184266e-16  6.0270206e-17  1.1190406e-16  2.0927812e-16  1.9159716e-16  4.2176820e-16  -4.5206164e-16  -1.2902006e-17  
1.9568854e-16  1.0000000   -8.1861817e-16  -1.6836622e-16  -2.1772074e-16  2.8364550e-16  -2.7425625e-16  5.3213786e-18  3.5872354e-16  3.2912634e-16  6.8999780e-17  1.9568854e-16  1.0000000   -8.1861817e-16  -1.6836622e-16  -2.1772074e-16  2.8364550e-16  -2.7425625e-16  5.3213786e-18  3.5872354e-16  3.2912634e-16  6.8999780e-17  
-5.2016293e-16  -8.1861817e-16  1.0000000   -2.1358952e-16  7.7469845e-17  7.9736505e-16  -4.3529362e-16  3.9014846e-16  -1.4178400e-16  3.8915851e-16  -6.2800886e-16  -5.2016293e-16  -8.1861817e-16  1.0000000   -2.1358952e-16  7.7469845e-17  7.9736505e-16  -4.3529362e-16  3.9014846e-16  -1.4178400e-16  3.8915851e-16  -6.2800886e-16  
-1.7184266e-16  -1.6836622e-16  -2.1358952e-16  1.0000000   -7.3816168e-17  -1.8700370e-17  2.2437225e-16  -1.3502552e-17  -6.7881856e-16  -3.4258581e-16  -3.3376740e-16  -1.7184266e-16  -1.6836622e-16  -2.1358952e-16  1.0000000   -7.3816168e-17  -1.8700370e-17  2.2437225e-16  -1.3502552e-17  -6.7881856e-16  -3.4258581e-16  -3.3376740e-16  
6.0270206e-17  -2.1772074e-16  7.7469845e-17  -7.3816168e-17  1.0000000   1.3154766e-16  6.3646839e-16  -3.7438856e-18  -3.6303726e-17  1.0762590e-16  1.3269385e-16  6.0270206e-17  -2.1772074e-16  7.7469845e-17  -7.3816168e-17  1.0000000   1.3154766e-16  6.3646839e-16  -3.7438856e-18  -3.6303726e-17  1.0762590e-16  1.3269385e-16  
1.1190406e-16  2.8364550e-16  7.9736505e-16  -1.8700370e-17  1.3154766e-16  1.0000000   1.0002062e-16  -4.3171851e-16  -5.3218106e-16  -5.7129143e-17  7.0420837e-17  1.1190406e-16  2.8364550e-16  7.9736505e-16  -1.8700370e-17  1.3154766e-16  1.0000000   1.0002062e-16  -4.3171851e-16  -5.3218106e-16  -5.7129143e-17  7.0420837e-17  
2.0927812e-16  -2.7425625e-16  -4.3529362e-16  2.2437225e-16  6.3646839e-16  1.0002062e-16  1.0000000   4.0342739e-16  -4.0018537e-16  -1.7378072e-16  -1.0578171e-16  2.0927812e-16  -2.7425625e-16  -4.3529362e-16  2.2437225e-16  6.3646839e-16  1.0002062e-16  1.0000000   4.0342739e-16  -4.0018537e-16  -1.7378072e-16  -1.0578171e-16  
1.9159716e-16  5.3213786e-18  3.9014846e-16  -1.3502552e-17  -3.7438856e-18  -4.3171851e-16  4.0342739e-16  1.0000000   4.7083597e-17  2.8114816e-16  -6.5634508e-16  1.9159716e-16  5.3213786e-18  3.9014846e-16  -1.3502552e-17  -3.7438856e-18  -4.3171851e-16  4.0342739e-16  1.0000000   4.7083597e-17  2.8114816e-16  -6.5634508e-16  
4.2176820e-16  3.5872354e-16  -1.4178400e-16  -6.7881856e-16  -3.6303726e-17  -5.3218106e-16  -4.0018537e-16  4.7083597e-17  1.0000000   6.4176543e-17  -5.3124212e-16  4.2176820e-16  3.5872354e-16  -1.4178400e-16  -6.7881856e-16  -3.6303726e-17  -5.3218106e-16  -4.0018537e-16  4.7083597e-17  1.0000000   6.4176543e-17  -5.3124212e-16  
-4.5206164e-16  3.2912634e-16  3.8915851e-16  -3.4258581e-16  1.0762590e-16  -5.7129143e-17  -1.7378072e-16  2.8114816e-16  6.4176543e-17  1.0000000   -1.7963266e-16  -4.5206164e-16  3.2912634e-16  3.8915851e-16  -3.4258581e-16  1.0762590e-16  -5.7129143e-17  -1.7378072e-16  2.8114816e-16  6.4176543e-17  1.0000000   -1.7963266e-16  
-1.2902006e-17  6.8999780e-17  -6.2800886e-16  -3.3376740e-16  1.3269385e-16  7.0420837e-17  -1.0578171e-16  -6.5634508e-16  -5.3124212e-16  -1.7963266e-16  1.0000000   -1.2902006e-17  6.8999780e-17  -6.2800886e-16  -3.3376740e-16  1.3269385e-16  7.0420837e-17  -1.0578171e-16  -6.5634508e-16  -5.3124212e-16  -1.7963266e-16  1.0000000   
