1.0000000   -3.8516917e-16  4.7453157e-16  4.6836179e-16  3.1557758e-16  4.1453284e-16  5.9856430e-16  3.6542780e-16  -4.5715723e-16  2.4131969e-16  -2.6264798e-16  1.0000000   -3.8516917e-16  4.7453157e-16  4.6836179e-16  3.1557758e-16  4.1453284e-16  5.9856430e-16  3.6542780e-16  -4.5715723e-16  2.4131969e-16  -2.6264798e-16  
-3.8516917e-16  1.0000000   9.1993877e-16  5.1747424e-16  4.1656900e-16  -9.4582791e-16  1.2738247e-15  3.0379583e-16  3.2342788e-17  -1.4779417e-16  5.2233504e-16  -3.8516917e-16  1.0000000   9.1993877e-16  5.1747424e-16  4.1656900e-16  -9.4582791e-16  1.2738247e-15  3.0379583e-16  3.2342788e-17  -1.4779417e-16  5.2233504e-16  
4.7453157e-16  9.1993877e-16  1.0000000   7.1897851e-17  -5.1405572e-16  3.6427922e-16  1.5358401e-17  1.3634541e-16  -4.8896078e-16  -8.3179059e-17  6.2988335e-16  4.7453157e-16  9.1993877e-16  1.0000000   7.1897851e-17  -5.1405572e-16  3.6427922e-16  1.5358401e-17  1.3634541e-16  -4.8896078e-16  -8.3179059e-17  6.2988335e-16  
4.6836179e-16  5.1747424e-16  7.1897851e-17  1.0000000   7.6881380e-16  -7.4092937e-17  -2.9522995e-16  3.1621116e-16  -2.0971392e-16  -4.0755181e-16  -6.4737881e-17  4.6836179e-16  5.1747424e-16  7.1897851e-17  1.0000000   7.6881380e-16  -7.4092937e-17  -2.9522995e-16  3.1621116e-16  -2.0971392e-16  -4.0755181e-16  -6.4737881e-17  
3.1557758e-16  4.1656900e-16  -5.1405572e-16  7.6881380e-16  1.0000000   4.2749793e-16  -1.7087926e-16  -3.5317163e-16  9.6854406e-17  -1.9740884e-17  -1.2725018e-16  3.1557758e-16  4.1656900e-16  -5.1405572e-16  7.6881380e-16  1.0000000   4.2749793e-16  -1.7087926e-16  -3.5317163e-16  9.6854406e-17  -1.9740884e-17  -1.2725018e-16  
4.1453284e-16  -9.4582791e-16  3.6427922e-16  -7.4092937e-17  4.2749793e-16  1.0000000   -3.4447559e-16  2.0699151e-16  1.7025489e-16  3.3143018e-16  -3.2992950e-16  4.1453284e-16  -9.4582791e-16  3.6427922e-16  -7.4092937e-17  4.2749793e-16  1.0000000   -3.4447559e-16  2.0699151e-16  1.7025489e-16  3.3143018e-16  -3.2992950e-16  
5.9856430e-16  1.2738247e-15  1.5358401e-17  -2.9522995e-16  -1.7087926e-16  -3.4447559e-16  1.0000000   3.1731633e-16  2.1943574e-16  -5.2054960e-16  8.5177633e-17  5.9856430e-16  1.2738247e-15  1.5358401e-17  -2.9522995e-16  -1.7087926e-16  -3.4447559e-16  1.0000000   3.1731633e-16  2.1943574e-16  -5.2054960e-16  8.5177633e-17  
3.6542780e-16  3.0379583e-16  1.3634541e-16  3.1621116e-16  -3.5317163e-16  2.0699151e-16  3.1731633e-16  1.0000000   9.0784250e-17  -4.4676888e-16  -1.4974759e-16  3.6542780e-16  3.0379583e-16  1.3634541e-16  3.1621116e-16  -3.5317163e-16  2.0699151e-16  3.1731633e-16  1.0000000   9.0784250e-17  -4.4676888e-16  -1.4974759e-16  
-4.5715723e-16  3.2342788e-17  -4.8896078e-16  -2.0971392e-16  9.6854406e-17  1.7025489e-16  2.1943574e-16  9.0784250e-17  1.0000000   6.3851027e-16  -2.7181647e-16  -4.5715723e-16  3.2342788e-17  -4.8896078e-16  -2.0971392e-16  9.6854406e-17  1.7025489e-16  2.1943574e-16  9.0784250e-17  1.0000000   6.3851027e-16  -2.7181647e-16  
2.4131969e-16  -1.4779417e-16  -8.3179059e-17  -4.0755181e-16  -1.9740884e-17  3.3143018e-16  -5.2054960e-16  -4.4676888e-16  6.3851027e-16  1.0000000   -1.7040360e-16  2.4131969e-16  -1.4779417e-16  -8.3179059e-17  -4.0755181e-16  -1.9740884e-17  3.3143018e-16  -5.2054960e-16  -4.4676888e-16  6.3851027e-16  1.0000000   -1.7040360e-16  
-2.6264798e-16  5.2233504e-16  6.2988335e-16  -6.4737881e-17  -1.2725018e-16  -3.2992950e-16  8.5177633e-17  -1.4974759e-16  -2.7181647e-16  -1.7040360e-16  1.0000000   -2.6264798e-16  5.2233504e-16  6.2988335e-16  -6.4737881e-17  -1.2725018e-16  -3.2992950e-16  8.5177633e-17  -1.4974759e-16  -2.7181647e-16  -1.7040360e-16  1.0000000   
1.0000000   -3.8516917e-16  4.7453157e-16  4.6836179e-16  3.1557758e-16  4.1453284e-16  5.9856430e-16  3.6542780e-16  -4.5715723e-16  2.4131969e-16  -2.6264798e-16  1.0000000   -3.8516917e-16  4.7453157e-16  4.6836179e-16  3.1557758e-16  4.1453284e-16  5.9856430e-16  3.6542780e-16  -4.5715723e-16  2.4131969e-16  -2.6264798e-16  
-3.8516917e-16  1.0000000   9.1993877e-16  5.1747424e-16  4.1656900e-16  -9.4582791e-16  1.2738247e-15  3.0379583e-16  3.2342788e-17  -1.4779417e-16  5.2233504e-16  -3.8516917e-16  1.0000000   9.1993877e-16  5.1747424e-16  4.1656900e-16  -9.4582791e-16  1.2738247e-15  3.0379583e-16  3.2342788e-17  -1.4779417e-16  5.2233504e-16  
4.7453157e-16  9.1993877e-16  1.0000000   7.1897851e-17  -5.1405572e-16  3.6427922e-16  1.5358401e-17  1.3634541e-16  -4.8896078e-16  -8.3179059e-17  6.2988335e-16  4.7453157e-16  9.1993877e-16  1.0000000   7.1897851e-17  -5.1405572e-16  3.6427922e-16  1.5358401e-17  1.3634541e-16  -4.8896078e-16  -8.3179059e-17  6.2988335e-16  
4.6836179e-16  5.1747424e-16  7.1897851e-17  1.0000000   7.6881380e-16  -7.4092937e-17  -2.9522995e-16  3.1621116e-16  -2.0971392e-16  -4.0755181e-16  -6.4737881e-17  4.6836179e-16  5.1747424e-16  7.1897851e-17  1.0000000   7.6881380e-16  -7.4092937e-17  -2.9522995e-16  3.1621116e-16  -2.0971392e-16  -4.0755181e-16  -6.4737881e-17  
3.1557758e-16  4.1656900e-16  -5.1405572e-16  7.6881380e-16  1.0000000   4.2749793e-16  -1.7087926e-16  -3.5317163e-16  9.6854406e-17  -1.9740884e-17  -1.2725018e-16  3.1557758e-16  4.1656900e-16  -5.1405572e-16  7.6881380e-16  1.0000000   4.2749793e-16  -1.7087926e-16  -3.5317163e-16  9.6854406e-17  -1.9740884e-17  -1.2725018e-16  
4.1453284e-16  -9.4582791e-16  3.6427922e-16  -7.4092937e-17  4.2749793e-16  1.0000000   -3.4447559e-16  2.0699151e-16  1.7025489e-16  3.3143018e-16  -3.2992950e-16  4.1453284e-16  -9.4582791e-16  3.6427922e-16  -7.4092937e-17  4.2749793e-16  1.0000000   -3.4447559e-16  2.0699151e-16  1.7025489e-16  3.3143018e-16  -3.2992950e-16  
5.9856430e-16  1.2738247e-15  1.5358401e-17  -2.9522995e-16  -1.7087926e-16  -3.4447559e-16  1.0000000   3.1731633e-16  2.1943574e-16  -5.2054960e-16  8.5177633e-17  5.9856430e-16  1.2738247e-15  1.5358401e-17  -2.9522995e-16  -1.7087926e-16  -3.4447559e-16  1.0000000   3.1731633e-16  2.1943574e-16  -5.2054960e-16  8.5177633e-17  
3.6542780e-16  3.0379583e-16  1.3634541e-16  3.1621116e-16  -3.5317163e-16  2.0699151e-16  3.1731633e-16  1.0000000   9.0784250e-17  -4.4676888e-16  -1.4974759e-16  3.6542780e-16  3.0379583e-16  1.3634541e-16  3.1621116e-16  -3.5317163e-16  2.0699151e-16  3.1731633e-16  1.0000000   9.0784250e-17  -4.4676888e-16  -1.4974759e-16  
-4.5715723e-16  3.2342788e-17  -4.8896078e-16  -2.0971392e-16  9.6854406e-17  1.7025489e-16  2.1943574e-16  9.0784250e-17  1.0000000   6.3851027e-16  -2.7181647e-16  -4.5715723e-16  3.2342788e-17  -4.8896078e-16  -2.0971392e-16  9.6854406e-17  1.7025489e-16  2.1943574e-16  9.0784250e-17  1.0000000   6.3851027e-16  -2.7181647e-16  
2.4131969e-16  -1.4779417e-16  -8.3179059e-17  -4.0755181e-16  -1.9740884e-17  3.3143018e-16  -5.2054960e-16  -4.4676888e-16  6.3851027e-16  1.0000000   -1.7040360e-16  2.4131969e-16  -1.4779417e-16  -8.3179059e-17  -4.0755181e-16  -1.9740884e-17  3.3143018e-16  -5.2054960e-16  -4.4676888e-16  6.3851027e-16  1.0000000   -1.7040360e-16  
-2.6264798e-16  5.2233504e-16  6.2988335e-16  -6.4737881e-17  -1.2725018e-16  -3.2992950e-16  8.5177633e-17  -1.4974759e-16  -2.7181647e-16  -1.7040360e-16  1.0000000   -2.6264798e-16  5.2233504e-16  6.2988335e-16  -6.4737881e-17  -1.2725018e-16  -3.2992950e-16  8.5177633e-17  -1.4974759e-16  -2.7181647e-16  -1.7040360e-16  1.0000000   
