1.0000000   6.4791138e-17  -1.6878317e-16  1.6207128e-16  -1.1181258e-16  -2.4395904e-16  -4.7445704e-16  1.6195101e-16  1.7553233e-16  7.6597062e-16  7.0994914e-17  1.0000000   6.4791138e-17  -1.6878317e-16  1.6207128e-16  -1.1181258e-16  -2.4395904e-16  -4.7445704e-16  1.6195101e-16  1.7553233e-16  7.6597062e-16  7.0994914e-17  
6.4791138e-17  1.0000000   2.0204002e-16  -3.2935778e-16  -1.9102256e-16  -3.0418457e-16  2.0326800e-16  2.1290613e-16  -3.5383412e-16  6.2034892e-16  1.1858583e-16  6.4791138e-17  1.0000000   2.0204002e-16  -3.2935778e-16  -1.9102256e-16  -3.0418457e-16  2.0326800e-16  2.1290613e-16  -3.5383412e-16  6.2034892e-16  1.1858583e-16  
-1.6878317e-16  2.0204002e-16  1.0000000   -8.7400925e-16  -1.9653102e-16  3.3665324e-17  4.2056880e-16  4.3917811e-16  -7.4916676e-17  6.3020945e-17  -1.9891468e-16  -1.6878317e-16  2.0204002e-16  1.0000000   -8.7400925e-16  -1.9653102e-16  3.3665324e-17  4.2056880e-16  4.3917811e-16  -7.4916676e-17  6.3020945e-17  -1.9891468e-16  
1.6207128e-16  -3.2935778e-16  -8.7400925e-16  1.0000000   2.1515886e-16  -7.2989422e-16  -2.9298531e-16  1.6485421e-16  -1.0480932e-16  4.4292835e-17  4.9409126e-16  1.6207128e-16  -3.2935778e-16  -8.7400925e-16  1.0000000   2.1515886e-16  -7.2989422e-16  -2.9298531e-16  1.6485421e-16  -1.0480932e-16  4.4292835e-17  4.9409126e-16  
-1.1181258e-16  -1.9102256e-16  -1.9653102e-16  2.1515886e-16  1.0000000   1.4346112e-16  9.8697550e-17  -2.8526889e-16  -1.5348520e-16  9.4883234e-17  -2.6662967e-16  -1.1181258e-16  -1.9102256e-16  -1.9653102e-16  2.1515886e-16  1.0000000   1.4346112e-16  9.8697550e-17  -2.8526889e-16  -1.5348520e-16  9.4883234e-17  -2.6662967e-16  
-2.4395904e-16  -3.0418457e-16  3.3665324e-17  -7.2989422e-16  1.4346112e-16  1.0000000   1.9950591e-16  -3.5082834e-17  1.5607090e-16  1.1603822e-17  -8.2464587e-17  -2.4395904e-16  -3.0418457e-16  3.3665324e-17  -7.2989422e-16  1.4346112e-16  1.0000000   1.9950591e-16  -3.5082834e-17  1.5607090e-16  1.1603822e-17  -8.2464587e-17  
-4.7445704e-16  2.0326800e-16  4.2056880e-16  -2.9298531e-16  9.8697550e-17  1.9950591e-16  1.0000000   -6.0353639e-17  9.0473410e-16  5.0425682e-16  -1.7003509e-16  -4.7445704e-16  2.0326800e-16  4.2056880e-16  -2.9298531e-16  9.8697550e-17  1.9950591e-16  1.0000000   -6.0353639e-17  9.0473410e-16  5.0425682e-16  -1.7003509e-16  
1.6195101e-16  2.1290613e-16  4.3917811e-16  1.6485421e-16  -2.8526889e-16  -3.5082834e-17  -6.0353639e-17  1.0000000   -1.9411136e-17  -6.2124321e-17  1.8269590e-16  1.6195101e-16  2.1290613e-16  4.3917811e-16  1.6485421e-16  -2.8526889e-16  -3.5082834e-17  -6.0353639e-17  1.0000000   -1.9411136e-17  -6.2124321e-17  1.8269590e-16  
1.7553233e-16  -3.5383412e-16  -7.4916676e-17  -1.0480932e-16  -1.5348520e-16  1.5607090e-16  9.0473410e-16  -1.9411136e-17  1.0000000   1.0242291e-16  -3.1260630e-16  1.7553233e-16  -3.5383412e-16  -7.4916676e-17  -1.0480932e-16  -1.5348520e-16  1.5607090e-16  9.0473410e-16  -1.9411136e-17  1.0000000   1.0242291e-16  -3.1260630e-16  
7.6597062e-16  6.2034892e-16  6.3020945e-17  4.4292835e-17  9.4883234e-17  1.1603822e-17  5.0425682e-16  -6.2124321e-17  1.0242291e-16  1.0000000   1.3052907e-16  7.6597062e-16  6.2034892e-16  6.3020945e-17  4.4292835e-17  9.4883234e-17  1.1603822e-17  5.0425682e-16  -6.2124321e-17  1.0242291e-16  1.0000000   1.3052907e-16  
7.0994914e-17  1.1858583e-16  -1.9891468e-16  4.9409126e-16  -2.6662967e-16  -8.2464587e-17  -1.7003509e-16  1.8269590e-16  -3.1260630e-16  1.3052907e-16  1.0000000   7.0994914e-17  1.1858583e-16  -1.9891468e-16  4.9409126e-16  -2.6662967e-16  -8.2464587e-17  -1.7003509e-16  1.8269590e-16  -3.1260630e-16  1.3052907e-16  1.0000000   
1.0000000   6.4791138e-17  -1.6878317e-16  1.6207128e-16  -1.1181258e-16  -2.4395904e-16  -4.7445704e-16  1.6195101e-16  1.7553233e-16  7.6597062e-16  7.0994914e-17  1.0000000   6.4791138e-17  -1.6878317e-16  1.6207128e-16  -1.1181258e-16  -2.4395904e-16  -4.7445704e-16  1.6195101e-16  1.7553233e-16  7.6597062e-16  7.0994914e-17  
6.4791138e-17  1.0000000   2.0204002e-16  -3.2935778e-16  -1.9102256e-16  -3.0418457e-16  2.0326800e-16  2.1290613e-16  -3.5383412e-16  6.2034892e-16  1.1858583e-16  6.4791138e-17  1.0000000   2.0204002e-16  -3.2935778e-16  -1.9102256e-16  -3.0418457e-16  2.0326800e-16  2.1290613e-16  -3.5383412e-16  6.2034892e-16  1.1858583e-16  
-1.6878317e-16  2.0204002e-16  1.0000000   -8.7400925e-16  -1.9653102e-16  3.3665324e-17  4.2056880e-16  4.3917811e-16  -7.4916676e-17  6.3020945e-17  -1.9891468e-16  -1.6878317e-16  2.0204002e-16  1.0000000   -8.7400925e-16  -1.9653102e-16  3.3665324e-17  4.2056880e-16  4.3917811e-16  -7.4916676e-17  6.3020945e-17  -1.9891468e-16  
1.6207128e-16  -3.2935778e-16  -8.7400925e-16  1.0000000   2.1515886e-16  -7.2989422e-16  -2.9298531e-16  1.6485421e-16  -1.0480932e-16  4.4292835e-17  4.9409126e-16  1.6207128e-16  -3.2935778e-16  -8.7400925e-16  1.0000000   2.1515886e-16  -7.2989422e-16  -2.9298531e-16  1.6485421e-16  -1.0480932e-16  4.4292835e-17  4.9409126e-16  
-1.1181258e-16  -1.9102256e-16  -1.9653102e-16  2.1515886e-16  1.0000000   1.4346112e-16  9.8697550e-17  -2.8526889e-16  -1.5348520e-16  9.4883234e-17  -2.6662967e-16  -1.1181258e-16  -1.9102256e-16  -1.9653102e-16  2.1515886e-16  1.0000000   1.4346112e-16  9.8697550e-17  -2.8526889e-16  -1.5348520e-16  9.4883234e-17  -2.6662967e-16  
-2.4395904e-16  -3.0418457e-16  3.3665324e-17  -7.2989422e-16  1.4346112e-16  1.0000000   1.9950591e-16  -3.5082834e-17  1.5607090e-16  1.1603822e-17  -8.2464587e-17  -2.4395904e-16  -3.0418457e-16  3.3665324e-17  -7.2989422e-16  1.4346112e-16  1.0000000   1.9950591e-16  -3.5082834e-17  1.5607090e-16  1.1603822e-17  -8.2464587e-17  
-4.7445704e-16  2.0326800e-16  4.2056880e-16  -2.9298531e-16  9.8697550e-17  1.9950591e-16  1.0000000   -6.0353639e-17  9.0473410e-16  5.0425682e-16  -1.7003509e-16  -4.7445704e-16  2.0326800e-16  4.2056880e-16  -2.9298531e-16  9.8697550e-17  1.9950591e-16  1.0000000   -6.0353639e-17  9.0473410e-16  5.0425682e-16  -1.7003509e-16  
1.6195101e-16  2.1290613e-16  4.3917811e-16  1.6485421e-16  -2.8526889e-16  -3.5082834e-17  -6.0353639e-17  1.0000000   -1.9411136e-17  -6.2124321e-17  1.8269590e-16  1.6195101e-16  2.1290613e-16  4.3917811e-16  1.6485421e-16  -2.8526889e-16  -3.5082834e-17  -6.0353639e-17  1.0000000   -1.9411136e-17  -6.2124321e-17  1.8269590e-16  
1.7553233e-16  -3.5383412e-16  -7.4916676e-17  -1.0480932e-16  -1.5348520e-16  1.5607090e-16  9.0473410e-16  -1.9411136e-17  1.0000000   1.0242291e-16  -3.1260630e-16  1.7553233e-16  -3.5383412e-16  -7.4916676e-17  -1.0480932e-16  -1.5348520e-16  1.5607090e-16  9.0473410e-16  -1.9411136e-17  1.0000000   1.0242291e-16  -3.1260630e-16  
7.6597062e-16  6.2034892e-16  6.3020945e-17  4.4292835e-17  9.4883234e-17  1.1603822e-17  5.0425682e-16  -6.2124321e-17  1.0242291e-16  1.0000000   1.3052907e-16  7.6597062e-16  6.2034892e-16  6.3020945e-17  4.4292835e-17  9.4883234e-17  1.1603822e-17  5.0425682e-16  -6.2124321e-17  1.0242291e-16  1.0000000   1.3052907e-16  
7.0994914e-17  1.1858583e-16  -1.9891468e-16  4.9409126e-16  -2.6662967e-16  -8.2464587e-17  -1.7003509e-16  1.8269590e-16  -3.1260630e-16  1.3052907e-16  1.0000000   7.0994914e-17  1.1858583e-16  -1.9891468e-16  4.9409126e-16  -2.6662967e-16  -8.2464587e-17  -1.7003509e-16  1.8269590e-16  -3.1260630e-16  1.3052907e-16  1.0000000   
