1.0000000   -3.0105669e-16  -6.5685711e-17  -2.4279352e-17  -1.4973679e-16  -4.8860926e-16  2.2970517e-16  1.4984521e-16  1.7879680e-16  2.1832422e-16  7.9762552e-17  1.0000000   -3.0105669e-16  -6.5685711e-17  -2.4279352e-17  -1.4973679e-16  -4.8860926e-16  2.2970517e-16  1.4984521e-16  1.7879680e-16  2.1832422e-16  7.9762552e-17  
-3.0105669e-16  1.0000000   1.9840222e-16  2.3063564e-16  -2.1057398e-16  2.1644783e-16  3.5196506e-16  3.4998872e-16  -6.7575378e-16  -6.6505692e-17  -9.0546234e-18  -3.0105669e-16  1.0000000   1.9840222e-16  2.3063564e-16  -2.1057398e-16  2.1644783e-16  3.5196506e-16  3.4998872e-16  -6.7575378e-16  -6.6505692e-17  -9.0546234e-18  
-6.5685711e-17  1.9840222e-16  1.0000000   -1.9501070e-16  2.8769368e-17  -1.3952284e-16  -2.2163464e-16  -7.4212368e-16  -1.6413889e-16  2.3106529e-16  6.0138831e-16  -6.5685711e-17  1.9840222e-16  1.0000000   -1.9501070e-16  2.8769368e-17  -1.3952284e-16  -2.2163464e-16  -7.4212368e-16  -1.6413889e-16  2.3106529e-16  6.0138831e-16  
-2.4279352e-17  2.3063564e-16  -1.9501070e-16  1.0000000   -6.6023725e-16  2.4535580e-17  4.6749273e-16  3.8903884e-16  -3.9228637e-17  1.4718913e-16  -4.4085185e-16  -2.4279352e-17  2.3063564e-16  -1.9501070e-16  1.0000000   -6.6023725e-16  2.4535580e-17  4.6749273e-16  3.8903884e-16  -3.9228637e-17  1.4718913e-16  -4.4085185e-16  
-1.4973679e-16  -2.1057398e-16  2.8769368e-17  -6.6023725e-16  1.0000000   -1.2553335e-16  1.3702103e-16  -2.4872471e-16  -2.7664573e-17  2.1978754e-16  -2.6715716e-16  -1.4973679e-16  -2.1057398e-16  2.8769368e-17  -6.6023725e-16  1.0000000   -1.2553335e-16  1.3702103e-16  -2.4872471e-16  -2.7664573e-17  2.1978754e-16  -2.6715716e-16  
-4.8860926e-16  2.1644783e-16  -1.3952284e-16  2.4535580e-17  -1.2553335e-16  1.0000000   6.1145021e-16  -3.6399674e-16  1.3153617e-16  2.6768851e-16  2.4729466e-16  -4.8860926e-16  2.1644783e-16  -1.3952284e-16  2.4535580e-17  -1.2553335e-16  1.0000000   6.1145021e-16  -3.6399674e-16  1.3153617e-16  2.6768851e-16  2.4729466e-16  
2.2970517e-16  3.5196506e-16  -2.2163464e-16  4.6749273e-16  1.3702103e-16  6.1145021e-16  1.0000000   -1.9170812e-16  -2.3793918e-16  -4.8805445e-16  5.4835346e-16  2.2970517e-16  3.5196506e-16  -2.2163464e-16  4.6749273e-16  1.3702103e-16  6.1145021e-16  1.0000000   -1.9170812e-16  -2.3793918e-16  -4.8805445e-16  5.4835346e-16  
1.4984521e-16  3.4998872e-16  -7.4212368e-16  3.8903884e-16  -2.4872471e-16  -3.6399674e-16  -1.9170812e-16  1.0000000   -5.1051523e-17  3.1200194e-16  8.6550758e-16  1.4984521e-16  3.4998872e-16  -7.4212368e-16  3.8903884e-16  -2.4872471e-16  -3.6399674e-16  -1.9170812e-16  1.0000000   -5.1051523e-17  3.1200194e-16  8.6550758e-16  
1.7879680e-16  -6.7575378e-16  -1.6413889e-16  -3.9228637e-17  -2.7664573e-17  1.3153617e-16  -2.3793918e-16  -5.1051523e-17  1.0000000   2.7328825e-16  -3.4121282e-16  1.7879680e-16  -6.7575378e-16  -1.6413889e-16  -3.9228637e-17  -2.7664573e-17  1.3153617e-16  -2.3793918e-16  -5.1051523e-17  1.0000000   2.7328825e-16  -3.4121282e-16  
2.1832422e-16  -6.6505692e-17  2.3106529e-16  1.4718913e-16  2.1978754e-16  2.6768851e-16  -4.8805445e-16  3.1200194e-16  2.7328825e-16  1.0000000   6.4998238e-17  2.1832422e-16  -6.6505692e-17  2.3106529e-16  1.4718913e-16  2.1978754e-16  2.6768851e-16  -4.8805445e-16  3.1200194e-16  2.7328825e-16  1.0000000   6.4998238e-17  
7.9762552e-17  -9.0546234e-18  6.0138831e-16  -4.4085185e-16  -2.6715716e-16  2.4729466e-16  5.4835346e-16  8.6550758e-16  -3.4121282e-16  6.4998238e-17  1.0000000   7.9762552e-17  -9.0546234e-18  6.0138831e-16  -4.4085185e-16  -2.6715716e-16  2.4729466e-16  5.4835346e-16  8.6550758e-16  -3.4121282e-16  6.4998238e-17  1.0000000   
1.0000000   -3.0105669e-16  -6.5685711e-17  -2.4279352e-17  -1.4973679e-16  -4.8860926e-16  2.2970517e-16  1.4984521e-16  1.7879680e-16  2.1832422e-16  7.9762552e-17  1.0000000   -3.0105669e-16  -6.5685711e-17  -2.4279352e-17  -1.4973679e-16  -4.8860926e-16  2.2970517e-16  1.4984521e-16  1.7879680e-16  2.1832422e-16  7.9762552e-17  
-3.0105669e-16  1.0000000   1.9840222e-16  2.3063564e-16  -2.1057398e-16  2.1644783e-16  3.5196506e-16  3.4998872e-16  -6.7575378e-16  -6.6505692e-17  -9.0546234e-18  -3.0105669e-16  1.0000000   1.9840222e-16  2.3063564e-16  -2.1057398e-16  2.1644783e-16  3.5196506e-16  3.4998872e-16  -6.7575378e-16  -6.6505692e-17  -9.0546234e-18  
-6.5685711e-17  1.9840222e-16  1.0000000   -1.9501070e-16  2.8769368e-17  -1.3952284e-16  -2.2163464e-16  -7.4212368e-16  -1.6413889e-16  2.3106529e-16  6.0138831e-16  -6.5685711e-17  1.9840222e-16  1.0000000   -1.9501070e-16  2.8769368e-17  -1.3952284e-16  -2.2163464e-16  -7.4212368e-16  -1.6413889e-16  2.3106529e-16  6.0138831e-16  
-2.4279352e-17  2.3063564e-16  -1.9501070e-16  1.0000000   -6.6023725e-16  2.4535580e-17  4.6749273e-16  3.8903884e-16  -3.9228637e-17  1.4718913e-16  -4.4085185e-16  -2.4279352e-17  2.3063564e-16  -1.9501070e-16  1.0000000   -6.6023725e-16  2.4535580e-17  4.6749273e-16  3.8903884e-16  -3.9228637e-17  1.4718913e-16  -4.4085185e-16  
-1.4973679e-16  -2.1057398e-16  2.8769368e-17  -6.6023725e-16  1.0000000   -1.2553335e-16  1.3702103e-16  -2.4872471e-16  -2.7664573e-17  2.1978754e-16  -2.6715716e-16  -1.4973679e-16  -2.1057398e-16  2.8769368e-17  -6.6023725e-16  1.0000000   -1.2553335e-16  1.3702103e-16  -2.4872471e-16  -2.7664573e-17  2.1978754e-16  -2.6715716e-16  
-4.8860926e-16  2.1644783e-16  -1.3952284e-16  2.4535580e-17  -1.2553335e-16  1.0000000   6.1145021e-16  -3.6399674e-16  1.3153617e-16  2.6768851e-16  2.4729466e-16  -4.8860926e-16  2.1644783e-16  -1.3952284e-16  2.4535580e-17  -1.2553335e-16  1.0000000   6.1145021e-16  -3.6399674e-16  1.3153617e-16  2.6768851e-16  2.4729466e-16  
2.2970517e-16  3.5196506e-16  -2.2163464e-16  4.6749273e-16  1.3702103e-16  6.1145021e-16  1.0000000   -1.9170812e-16  -2.3793918e-16  -4.8805445e-16  5.4835346e-16  2.2970517e-16  3.5196506e-16  -2.2163464e-16  4.6749273e-16  1.3702103e-16  6.1145021e-16  1.0000000   -1.9170812e-16  -2.3793918e-16  -4.8805445e-16  5.4835346e-16  
1.4984521e-16  3.4998872e-16  -7.4212368e-16  3.8903884e-16  -2.4872471e-16  -3.6399674e-16  -1.9170812e-16  1.0000000   -5.1051523e-17  3.1200194e-16  8.6550758e-16  1.4984521e-16  3.4998872e-16  -7.4212368e-16  3.8903884e-16  -2.4872471e-16  -3.6399674e-16  -1.9170812e-16  1.0000000   -5.1051523e-17  3.1200194e-16  8.6550758e-16  
1.7879680e-16  -6.7575378e-16  -1.6413889e-16  -3.9228637e-17  -2.7664573e-17  1.3153617e-16  -2.3793918e-16  -5.1051523e-17  1.0000000   2.7328825e-16  -3.4121282e-16  1.7879680e-16  -6.7575378e-16  -1.6413889e-16  -3.9228637e-17  -2.7664573e-17  1.3153617e-16  -2.3793918e-16  -5.1051523e-17  1.0000000   2.7328825e-16  -3.4121282e-16  
2.1832422e-16  -6.6505692e-17  2.3106529e-16  1.4718913e-16  2.1978754e-16  2.6768851e-16  -4.8805445e-16  3.1200194e-16  2.7328825e-16  1.0000000   6.4998238e-17  2.1832422e-16  -6.6505692e-17  2.3106529e-16  1.4718913e-16  2.1978754e-16  2.6768851e-16  -4.8805445e-16  3.1200194e-16  2.7328825e-16  1.0000000   6.4998238e-17  
7.9762552e-17  -9.0546234e-18  6.0138831e-16  -4.4085185e-16  -2.6715716e-16  2.4729466e-16  5.4835346e-16  8.6550758e-16  -3.4121282e-16  6.4998238e-17  1.0000000   7.9762552e-17  -9.0546234e-18  6.0138831e-16  -4.4085185e-16  -2.6715716e-16  2.4729466e-16  5.4835346e-16  8.6550758e-16  -3.4121282e-16  6.4998238e-17  1.0000000   
