1.0000000   -2.9937067e-16  -3.6185248e-18  -4.1966078e-16  -3.2505482e-16  3.0380531e-17  -2.0265771e-16  -1.1310632e-16  1.8196216e-16  2.6556696e-16  -1.2761229e-16  1.0000000   -2.9937067e-16  -3.6185248e-18  -4.1966078e-16  -3.2505482e-16  3.0380531e-17  -2.0265771e-16  -1.1310632e-16  1.8196216e-16  2.6556696e-16  -1.2761229e-16  
-2.9937067e-16  1.0000000   2.8043524e-16  2.1644953e-16  -4.4202306e-16  3.5119439e-16  4.1782018e-17  -4.8785471e-17  1.2372616e-16  2.0759759e-16  2.6893063e-16  -2.9937067e-16  1.0000000   2.8043524e-16  2.1644953e-16  -4.4202306e-16  3.5119439e-16  4.1782018e-17  -4.8785471e-17  1.2372616e-16  2.0759759e-16  2.6893063e-16  
-3.6185248e-18  2.8043524e-16  1.0000000   2.1382839e-16  -3.5627180e-16  -1.5003749e-16  2.3650854e-17  -5.9476753e-16  -1.2531048e-16  2.7564485e-16  -1.3087243e-15  -3.6185248e-18  2.8043524e-16  1.0000000   2.1382839e-16  -3.5627180e-16  -1.5003749e-16  2.3650854e-17  -5.9476753e-16  -1.2531048e-16  2.7564485e-16  -1.3087243e-15  
-4.1966078e-16  2.1644953e-16  2.1382839e-16  1.0000000   -1.2366490e-16  3.2405109e-16  -4.6375901e-16  2.5890994e-16  1.1594441e-16  1.4949655e-17  6.8980076e-16  -4.1966078e-16  2.1644953e-16  2.1382839e-16  1.0000000   -1.2366490e-16  3.2405109e-16  -4.6375901e-16  2.5890994e-16  1.1594441e-16  1.4949655e-17  6.8980076e-16  
-3.2505482e-16  -4.4202306e-16  -3.5627180e-16  -1.2366490e-16  1.0000000   -5.9521188e-16  -2.1467902e-16  1.7680530e-15  4.6362314e-16  9.7326424e-16  -4.2201267e-16  -3.2505482e-16  -4.4202306e-16  -3.5627180e-16  -1.2366490e-16  1.0000000   -5.9521188e-16  -2.1467902e-16  1.7680530e-15  4.6362314e-16  9.7326424e-16  -4.2201267e-16  
3.0380531e-17  3.5119439e-16  -1.5003749e-16  3.2405109e-16  -5.9521188e-16  1.0000000   2.5894221e-16  -6.2585877e-16  4.8249135e-16  3.9233200e-16  2.0272675e-17  3.0380531e-17  3.5119439e-16  -1.5003749e-16  3.2405109e-16  -5.9521188e-16  1.0000000   2.5894221e-16  -6.2585877e-16  4.8249135e-16  3.9233200e-16  2.0272675e-17  
-2.0265771e-16  4.1782018e-17  2.3650854e-17  -4.6375901e-16  -2.1467902e-16  2.5894221e-16  1.0000000   1.6667703e-16  -9.2377413e-18  2.1146199e-16  -3.1290244e-17  -2.0265771e-16  4.1782018e-17  2.3650854e-17  -4.6375901e-16  -2.1467902e-16  2.5894221e-16  1.0000000   1.6667703e-16  -9.2377413e-18  2.1146199e-16  -3.1290244e-17  
-1.1310632e-16  -4.8785471e-17  -5.9476753e-16  2.5890994e-16  1.7680530e-15  -6.2585877e-16  1.6667703e-16  1.0000000   -3.9290883e-16  -3.2833803e-17  -2.8141738e-16  -1.1310632e-16  -4.8785471e-17  -5.9476753e-16  2.5890994e-16  1.7680530e-15  -6.2585877e-16  1.6667703e-16  1.0000000   -3.9290883e-16  -3.2833803e-17  -2.8141738e-16  
1.8196216e-16  1.2372616e-16  -1.2531048e-16  1.1594441e-16  4.6362314e-16  4.8249135e-16  -9.2377413e-18  -3.9290883e-16  1.0000000   -2.3497567e-16  2.0872925e-16  1.8196216e-16  1.2372616e-16  -1.2531048e-16  1.1594441e-16  4.6362314e-16  4.8249135e-16  -9.2377413e-18  -3.9290883e-16  1.0000000   -2.3497567e-16  2.0872925e-16  
2.6556696e-16  2.0759759e-16  2.7564485e-16  1.4949655e-17  9.7326424e-16  3.9233200e-16  2.1146199e-16  -3.2833803e-17  -2.3497567e-16  1.0000000   5.0794475e-17  2.6556696e-16  2.0759759e-16  2.7564485e-16  1.4949655e-17  9.7326424e-16  3.9233200e-16  2.1146199e-16  -3.2833803e-17  -2.3497567e-16  1.0000000   5.0794475e-17  
-1.2761229e-16  2.6893063e-16  -1.3087243e-15  6.8980076e-16  -4.2201267e-16  2.0272675e-17  -3.1290244e-17  -2.8141738e-16  2.0872925e-16  5.0794475e-17  1.0000000   -1.2761229e-16  2.6893063e-16  -1.3087243e-15  6.8980076e-16  -4.2201267e-16  2.0272675e-17  -3.1290244e-17  -2.8141738e-16  2.0872925e-16  5.0794475e-17  1.0000000   
1.0000000   -2.9937067e-16  -3.6185248e-18  -4.1966078e-16  -3.2505482e-16  3.0380531e-17  -2.0265771e-16  -1.1310632e-16  1.8196216e-16  2.6556696e-16  -1.2761229e-16  1.0000000   -2.9937067e-16  -3.6185248e-18  -4.1966078e-16  -3.2505482e-16  3.0380531e-17  -2.0265771e-16  -1.1310632e-16  1.8196216e-16  2.6556696e-16  -1.2761229e-16  
-2.9937067e-16  1.0000000   2.8043524e-16  2.1644953e-16  -4.4202306e-16  3.5119439e-16  4.1782018e-17  -4.8785471e-17  1.2372616e-16  2.0759759e-16  2.6893063e-16  -2.9937067e-16  1.0000000   2.8043524e-16  2.1644953e-16  -4.4202306e-16  3.5119439e-16  4.1782018e-17  -4.8785471e-17  1.2372616e-16  2.0759759e-16  2.6893063e-16  
-3.6185248e-18  2.8043524e-16  1.0000000   2.1382839e-16  -3.5627180e-16  -1.5003749e-16  2.3650854e-17  -5.9476753e-16  -1.2531048e-16  2.7564485e-16  -1.3087243e-15  -3.6185248e-18  2.8043524e-16  1.0000000   2.1382839e-16  -3.5627180e-16  -1.5003749e-16  2.3650854e-17  -5.9476753e-16  -1.2531048e-16  2.7564485e-16  -1.3087243e-15  
-4.1966078e-16  2.1644953e-16  2.1382839e-16  1.0000000   -1.2366490e-16  3.2405109e-16  -4.6375901e-16  2.5890994e-16  1.1594441e-16  1.4949655e-17  6.8980076e-16  -4.1966078e-16  2.1644953e-16  2.1382839e-16  1.0000000   -1.2366490e-16  3.2405109e-16  -4.6375901e-16  2.5890994e-16  1.1594441e-16  1.4949655e-17  6.8980076e-16  
-3.2505482e-16  -4.4202306e-16  -3.5627180e-16  -1.2366490e-16  1.0000000   -5.9521188e-16  -2.1467902e-16  1.7680530e-15  4.6362314e-16  9.7326424e-16  -4.2201267e-16  -3.2505482e-16  -4.4202306e-16  -3.5627180e-16  -1.2366490e-16  1.0000000   -5.9521188e-16  -2.1467902e-16  1.7680530e-15  4.6362314e-16  9.7326424e-16  -4.2201267e-16  
3.0380531e-17  3.5119439e-16  -1.5003749e-16  3.2405109e-16  -5.9521188e-16  1.0000000   2.5894221e-16  -6.2585877e-16  4.8249135e-16  3.9233200e-16  2.0272675e-17  3.0380531e-17  3.5119439e-16  -1.5003749e-16  3.2405109e-16  -5.9521188e-16  1.0000000   2.5894221e-16  -6.2585877e-16  4.8249135e-16  3.9233200e-16  2.0272675e-17  
-2.0265771e-16  4.1782018e-17  2.3650854e-17  -4.6375901e-16  -2.1467902e-16  2.5894221e-16  1.0000000   1.6667703e-16  -9.2377413e-18  2.1146199e-16  -3.1290244e-17  -2.0265771e-16  4.1782018e-17  2.3650854e-17  -4.6375901e-16  -2.1467902e-16  2.5894221e-16  1.0000000   1.6667703e-16  -9.2377413e-18  2.1146199e-16  -3.1290244e-17  
-1.1310632e-16  -4.8785471e-17  -5.9476753e-16  2.5890994e-16  1.7680530e-15  -6.2585877e-16  1.6667703e-16  1.0000000   -3.9290883e-16  -3.2833803e-17  -2.8141738e-16  -1.1310632e-16  -4.8785471e-17  -5.9476753e-16  2.5890994e-16  1.7680530e-15  -6.2585877e-16  1.6667703e-16  1.0000000   -3.9290883e-16  -3.2833803e-17  -2.8141738e-16  
1.8196216e-16  1.2372616e-16  -1.2531048e-16  1.1594441e-16  4.6362314e-16  4.8249135e-16  -9.2377413e-18  -3.9290883e-16  1.0000000   -2.3497567e-16  2.0872925e-16  1.8196216e-16  1.2372616e-16  -1.2531048e-16  1.1594441e-16  4.6362314e-16  4.8249135e-16  -9.2377413e-18  -3.9290883e-16  1.0000000   -2.3497567e-16  2.0872925e-16  
2.6556696e-16  2.0759759e-16  2.7564485e-16  1.4949655e-17  9.7326424e-16  3.9233200e-16  2.1146199e-16  -3.2833803e-17  -2.3497567e-16  1.0000000   5.0794475e-17  2.6556696e-16  2.0759759e-16  2.7564485e-16  1.4949655e-17  9.7326424e-16  3.9233200e-16  2.1146199e-16  -3.2833803e-17  -2.3497567e-16  1.0000000   5.0794475e-17  
-1.2761229e-16  2.6893063e-16  -1.3087243e-15  6.8980076e-16  -4.2201267e-16  2.0272675e-17  -3.1290244e-17  -2.8141738e-16  2.0872925e-16  5.0794475e-17  1.0000000   -1.2761229e-16  2.6893063e-16  -1.3087243e-15  6.8980076e-16  -4.2201267e-16  2.0272675e-17  -3.1290244e-17  -2.8141738e-16  2.0872925e-16  5.0794475e-17  1.0000000   
