1.0000000   -1.5793099e-16  -2.2215980e-17  -2.1018148e-16  1.3497301e-16  5.1990967e-16  7.6881792e-17  5.6863863e-17  1.9648856e-16  5.0566215e-16  -5.5968126e-17  1.0000000   -1.5793099e-16  -2.2215980e-17  -2.1018148e-16  1.3497301e-16  5.1990967e-16  7.6881792e-17  5.6863863e-17  1.9648856e-16  5.0566215e-16  -5.5968126e-17  
-1.5793099e-16  1.0000000   2.3490934e-16  2.9878261e-16  -7.6663258e-17  -5.0069303e-16  6.5646747e-17  7.4488077e-18  -7.0724710e-17  1.4173371e-16  -1.5792252e-16  -1.5793099e-16  1.0000000   2.3490934e-16  2.9878261e-16  -7.6663258e-17  -5.0069303e-16  6.5646747e-17  7.4488077e-18  -7.0724710e-17  1.4173371e-16  -1.5792252e-16  
-2.2215980e-17  2.3490934e-16  1.0000000   1.0252762e-16  -6.9481350e-16  -3.0877570e-16  -5.7533866e-17  -4.7264947e-16  -2.8507106e-16  -2.8105638e-16  -1.5137580e-16  -2.2215980e-17  2.3490934e-16  1.0000000   1.0252762e-16  -6.9481350e-16  -3.0877570e-16  -5.7533866e-17  -4.7264947e-16  -2.8507106e-16  -2.8105638e-16  -1.5137580e-16  
-2.1018148e-16  2.9878261e-16  1.0252762e-16  1.0000000   -9.2009907e-17  -4.0038088e-16  -2.7389869e-17  1.6252445e-20  -1.4762628e-16  -3.8615112e-16  2.5979400e-17  -2.1018148e-16  2.9878261e-16  1.0252762e-16  1.0000000   -9.2009907e-17  -4.0038088e-16  -2.7389869e-17  1.6252445e-20  -1.4762628e-16  -3.8615112e-16  2.5979400e-17  
1.3497301e-16  -7.6663258e-17  -6.9481350e-16  -9.2009907e-17  1.0000000   5.3796608e-16  -5.5038930e-17  1.6616245e-16  -8.5520787e-17  -1.5193315e-16  -3.2501057e-16  1.3497301e-16  -7.6663258e-17  -6.9481350e-16  -9.2009907e-17  1.0000000   5.3796608e-16  -5.5038930e-17  1.6616245e-16  -8.5520787e-17  -1.5193315e-16  -3.2501057e-16  
5.1990967e-16  -5.0069303e-16  -3.0877570e-16  -4.0038088e-16  5.3796608e-16  1.0000000   1.0362728e-16  2.3052637e-16  1.2827213e-16  7.0434834e-16  -9.2718344e-17  5.1990967e-16  -5.0069303e-16  -3.0877570e-16  -4.0038088e-16  5.3796608e-16  1.0000000   1.0362728e-16  2.3052637e-16  1.2827213e-16  7.0434834e-16  -9.2718344e-17  
7.6881792e-17  6.5646747e-17  -5.7533866e-17  -2.7389869e-17  -5.5038930e-17  1.0362728e-16  1.0000000   -2.9975776e-16  -6.9899700e-17  -1.5749842e-16  -3.2293470e-16  7.6881792e-17  6.5646747e-17  -5.7533866e-17  -2.7389869e-17  -5.5038930e-17  1.0362728e-16  1.0000000   -2.9975776e-16  -6.9899700e-17  -1.5749842e-16  -3.2293470e-16  
5.6863863e-17  7.4488077e-18  -4.7264947e-16  1.6252445e-20  1.6616245e-16  2.3052637e-16  -2.9975776e-16  1.0000000   3.7041820e-16  1.1386463e-16  -1.0622109e-15  5.6863863e-17  7.4488077e-18  -4.7264947e-16  1.6252445e-20  1.6616245e-16  2.3052637e-16  -2.9975776e-16  1.0000000   3.7041820e-16  1.1386463e-16  -1.0622109e-15  
1.9648856e-16  -7.0724710e-17  -2.8507106e-16  -1.4762628e-16  -8.5520787e-17  1.2827213e-16  -6.9899700e-17  3.7041820e-16  1.0000000   1.0139867e-15  3.8993278e-16  1.9648856e-16  -7.0724710e-17  -2.8507106e-16  -1.4762628e-16  -8.5520787e-17  1.2827213e-16  -6.9899700e-17  3.7041820e-16  1.0000000   1.0139867e-15  3.8993278e-16  
5.0566215e-16  1.4173371e-16  -2.8105638e-16  -3.8615112e-16  -1.5193315e-16  7.0434834e-16  -1.5749842e-16  1.1386463e-16  1.0139867e-15  1.0000000   4.7604797e-16  5.0566215e-16  1.4173371e-16  -2.8105638e-16  -3.8615112e-16  -1.5193315e-16  7.0434834e-16  -1.5749842e-16  1.1386463e-16  1.0139867e-15  1.0000000   4.7604797e-16  
-5.5968126e-17  -1.5792252e-16  -1.5137580e-16  2.5979400e-17  -3.2501057e-16  -9.2718344e-17  -3.2293470e-16  -1.0622109e-15  3.8993278e-16  4.7604797e-16  1.0000000   -5.5968126e-17  -1.5792252e-16  -1.5137580e-16  2.5979400e-17  -3.2501057e-16  -9.2718344e-17  -3.2293470e-16  -1.0622109e-15  3.8993278e-16  4.7604797e-16  1.0000000   
1.0000000   -1.5793099e-16  -2.2215980e-17  -2.1018148e-16  1.3497301e-16  5.1990967e-16  7.6881792e-17  5.6863863e-17  1.9648856e-16  5.0566215e-16  -5.5968126e-17  1.0000000   -1.5793099e-16  -2.2215980e-17  -2.1018148e-16  1.3497301e-16  5.1990967e-16  7.6881792e-17  5.6863863e-17  1.9648856e-16  5.0566215e-16  -5.5968126e-17  
-1.5793099e-16  1.0000000   2.3490934e-16  2.9878261e-16  -7.6663258e-17  -5.0069303e-16  6.5646747e-17  7.4488077e-18  -7.0724710e-17  1.4173371e-16  -1.5792252e-16  -1.5793099e-16  1.0000000   2.3490934e-16  2.9878261e-16  -7.6663258e-17  -5.0069303e-16  6.5646747e-17  7.4488077e-18  -7.0724710e-17  1.4173371e-16  -1.5792252e-16  
-2.2215980e-17  2.3490934e-16  1.0000000   1.0252762e-16  -6.9481350e-16  -3.0877570e-16  -5.7533866e-17  -4.7264947e-16  -2.8507106e-16  -2.8105638e-16  -1.5137580e-16  -2.2215980e-17  2.3490934e-16  1.0000000   1.0252762e-16  -6.9481350e-16  -3.0877570e-16  -5.7533866e-17  -4.7264947e-16  -2.8507106e-16  -2.8105638e-16  -1.5137580e-16  
-2.1018148e-16  2.9878261e-16  1.0252762e-16  1.0000000   -9.2009907e-17  -4.0038088e-16  -2.7389869e-17  1.6252445e-20  -1.4762628e-16  -3.8615112e-16  2.5979400e-17  -2.1018148e-16  2.9878261e-16  1.0252762e-16  1.0000000   -9.2009907e-17  -4.0038088e-16  -2.7389869e-17  1.6252445e-20  -1.4762628e-16  -3.8615112e-16  2.5979400e-17  
1.3497301e-16  -7.6663258e-17  -6.9481350e-16  -9.2009907e-17  1.0000000   5.3796608e-16  -5.5038930e-17  1.6616245e-16  -8.5520787e-17  -1.5193315e-16  -3.2501057e-16  1.3497301e-16  -7.6663258e-17  -6.9481350e-16  -9.2009907e-17  1.0000000   5.3796608e-16  -5.5038930e-17  1.6616245e-16  -8.5520787e-17  -1.5193315e-16  -3.2501057e-16  
5.1990967e-16  -5.0069303e-16  -3.0877570e-16  -4.0038088e-16  5.3796608e-16  1.0000000   1.0362728e-16  2.3052637e-16  1.2827213e-16  7.0434834e-16  -9.2718344e-17  5.1990967e-16  -5.0069303e-16  -3.0877570e-16  -4.0038088e-16  5.3796608e-16  1.0000000   1.0362728e-16  2.3052637e-16  1.2827213e-16  7.0434834e-16  -9.2718344e-17  
7.6881792e-17  6.5646747e-17  -5.7533866e-17  -2.7389869e-17  -5.5038930e-17  1.0362728e-16  1.0000000   -2.9975776e-16  -6.9899700e-17  -1.5749842e-16  -3.2293470e-16  7.6881792e-17  6.5646747e-17  -5.7533866e-17  -2.7389869e-17  -5.5038930e-17  1.0362728e-16  1.0000000   -2.9975776e-16  -6.9899700e-17  -1.5749842e-16  -3.2293470e-16  
5.6863863e-17  7.4488077e-18  -4.7264947e-16  1.6252445e-20  1.6616245e-16  2.3052637e-16  -2.9975776e-16  1.0000000   3.7041820e-16  1.1386463e-16  -1.0622109e-15  5.6863863e-17  7.4488077e-18  -4.7264947e-16  1.6252445e-20  1.6616245e-16  2.3052637e-16  -2.9975776e-16  1.0000000   3.7041820e-16  1.1386463e-16  -1.0622109e-15  
1.9648856e-16  -7.0724710e-17  -2.8507106e-16  -1.4762628e-16  -8.5520787e-17  1.2827213e-16  -6.9899700e-17  3.7041820e-16  1.0000000   1.0139867e-15  3.8993278e-16  1.9648856e-16  -7.0724710e-17  -2.8507106e-16  -1.4762628e-16  -8.5520787e-17  1.2827213e-16  -6.9899700e-17  3.7041820e-16  1.0000000   1.0139867e-15  3.8993278e-16  
5.0566215e-16  1.4173371e-16  -2.8105638e-16  -3.8615112e-16  -1.5193315e-16  7.0434834e-16  -1.5749842e-16  1.1386463e-16  1.0139867e-15  1.0000000   4.7604797e-16  5.0566215e-16  1.4173371e-16  -2.8105638e-16  -3.8615112e-16  -1.5193315e-16  7.0434834e-16  -1.5749842e-16  1.1386463e-16  1.0139867e-15  1.0000000   4.7604797e-16  
-5.5968126e-17  -1.5792252e-16  -1.5137580e-16  2.5979400e-17  -3.2501057e-16  -9.2718344e-17  -3.2293470e-16  -1.0622109e-15  3.8993278e-16  4.7604797e-16  1.0000000   -5.5968126e-17  -1.5792252e-16  -1.5137580e-16  2.5979400e-17  -3.2501057e-16  -9.2718344e-17  -3.2293470e-16  -1.0622109e-15  3.8993278e-16  4.7604797e-16  1.0000000   
