1.0000000   4.2432285e-16  -1.2927078e-16  1.2235920e-16  2.2161577e-16  -2.7476796e-16  -3.7551639e-16  -1.9347260e-16  -2.5297608e-16  8.5456731e-17  -1.1974505e-16  1.0000000   4.2432285e-16  -1.2927078e-16  1.2235920e-16  2.2161577e-16  -2.7476796e-16  -3.7551639e-16  -1.9347260e-16  -2.5297608e-16  8.5456731e-17  -1.1974505e-16  
4.2432285e-16  1.0000000   2.1213771e-16  2.0951868e-16  4.5967340e-17  -1.0733136e-16  -1.2722426e-15  1.4098800e-16  1.4788184e-16  -4.6466745e-17  3.6670121e-16  4.2432285e-16  1.0000000   2.1213771e-16  2.0951868e-16  4.5967340e-17  -1.0733136e-16  -1.2722426e-15  1.4098800e-16  1.4788184e-16  -4.6466745e-17  3.6670121e-16  
-1.2927078e-16  2.1213771e-16  1.0000000   1.9647310e-16  -3.8023711e-16  5.7900419e-17  -2.6625380e-16  -2.0726917e-16  1.7502475e-16  -2.7894171e-17  -2.3961380e-15  -1.2927078e-16  2.1213771e-16  1.0000000   1.9647310e-16  -3.8023711e-16  5.7900419e-17  -2.6625380e-16  -2.0726917e-16  1.7502475e-16  -2.7894171e-17  -2.3961380e-15  
1.2235920e-16  2.0951868e-16  1.9647310e-16  1.0000000   -2.9884868e-17  -7.0386797e-17  -3.4889329e-16  -4.7239398e-17  4.0734622e-16  -2.2539353e-16  5.7562232e-17  1.2235920e-16  2.0951868e-16  1.9647310e-16  1.0000000   -2.9884868e-17  -7.0386797e-17  -3.4889329e-16  -4.7239398e-17  4.0734622e-16  -2.2539353e-16  5.7562232e-17  
2.2161577e-16  4.5967340e-17  -3.8023711e-16  -2.9884868e-17  1.0000000   -6.8982363e-17  -3.3791307e-17  -6.3116210e-16  7.0070430e-17  9.1623554e-18  1.6483956e-17  2.2161577e-16  4.5967340e-17  -3.8023711e-16  -2.9884868e-17  1.0000000   -6.8982363e-17  -3.3791307e-17  -6.3116210e-16  7.0070430e-17  9.1623554e-18  1.6483956e-17  
-2.7476796e-16  -1.0733136e-16  5.7900419e-17  -7.0386797e-17  -6.8982363e-17  1.0000000   4.5815334e-16  7.3349652e-17  1.6937165e-16  3.4450206e-16  -1.2136063e-17  -2.7476796e-16  -1.0733136e-16  5.7900419e-17  -7.0386797e-17  -6.8982363e-17  1.0000000   4.5815334e-16  7.3349652e-17  1.6937165e-16  3.4450206e-16  -1.2136063e-17  
-3.7551639e-16  -1.2722426e-15  -2.6625380e-16  -3.4889329e-16  -3.3791307e-17  4.5815334e-16  1.0000000   -4.5537968e-16  1.0096438e-16  -1.0957033e-16  -1.5269751e-16  -3.7551639e-16  -1.2722426e-15  -2.6625380e-16  -3.4889329e-16  -3.3791307e-17  4.5815334e-16  1.0000000   -4.5537968e-16  1.0096438e-16  -1.0957033e-16  -1.5269751e-16  
-1.9347260e-16  1.4098800e-16  -2.0726917e-16  -4.7239398e-17  -6.3116210e-16  7.3349652e-17  -4.5537968e-16  1.0000000   1.6914351e-16  3.2094767e-17  -1.3297517e-17  -1.9347260e-16  1.4098800e-16  -2.0726917e-16  -4.7239398e-17  -6.3116210e-16  7.3349652e-17  -4.5537968e-16  1.0000000   1.6914351e-16  3.2094767e-17  -1.3297517e-17  
-2.5297608e-16  1.4788184e-16  1.7502475e-16  4.0734622e-16  7.0070430e-17  1.6937165e-16  1.0096438e-16  1.6914351e-16  1.0000000   3.7782561e-16  -1.2420206e-16  -2.5297608e-16  1.4788184e-16  1.7502475e-16  4.0734622e-16  7.0070430e-17  1.6937165e-16  1.0096438e-16  1.6914351e-16  1.0000000   3.7782561e-16  -1.2420206e-16  
8.5456731e-17  -4.6466745e-17  -2.7894171e-17  -2.2539353e-16  9.1623554e-18  3.4450206e-16  -1.0957033e-16  3.2094767e-17  3.7782561e-16  1.0000000   -2.8608935e-17  8.5456731e-17  -4.6466745e-17  -2.7894171e-17  -2.2539353e-16  9.1623554e-18  3.4450206e-16  -1.0957033e-16  3.2094767e-17  3.7782561e-16  1.0000000   -2.8608935e-17  
-1.1974505e-16  3.6670121e-16  -2.3961380e-15  5.7562232e-17  1.6483956e-17  -1.2136063e-17  -1.5269751e-16  -1.3297517e-17  -1.2420206e-16  -2.8608935e-17  1.0000000   -1.1974505e-16  3.6670121e-16  -2.3961380e-15  5.7562232e-17  1.6483956e-17  -1.2136063e-17  -1.5269751e-16  -1.3297517e-17  -1.2420206e-16  -2.8608935e-17  1.0000000   
1.0000000   4.2432285e-16  -1.2927078e-16  1.2235920e-16  2.2161577e-16  -2.7476796e-16  -3.7551639e-16  -1.9347260e-16  -2.5297608e-16  8.5456731e-17  -1.1974505e-16  1.0000000   4.2432285e-16  -1.2927078e-16  1.2235920e-16  2.2161577e-16  -2.7476796e-16  -3.7551639e-16  -1.9347260e-16  -2.5297608e-16  8.5456731e-17  -1.1974505e-16  
4.2432285e-16  1.0000000   2.1213771e-16  2.0951868e-16  4.5967340e-17  -1.0733136e-16  -1.2722426e-15  1.4098800e-16  1.4788184e-16  -4.6466745e-17  3.6670121e-16  4.2432285e-16  1.0000000   2.1213771e-16  2.0951868e-16  4.5967340e-17  -1.0733136e-16  -1.2722426e-15  1.4098800e-16  1.4788184e-16  -4.6466745e-17  3.6670121e-16  
-1.2927078e-16  2.1213771e-16  1.0000000   1.9647310e-16  -3.8023711e-16  5.7900419e-17  -2.6625380e-16  -2.0726917e-16  1.7502475e-16  -2.7894171e-17  -2.3961380e-15  -1.2927078e-16  2.1213771e-16  1.0000000   1.9647310e-16  -3.8023711e-16  5.7900419e-17  -2.6625380e-16  -2.0726917e-16  1.7502475e-16  -2.7894171e-17  -2.3961380e-15  
1.2235920e-16  2.0951868e-16  1.9647310e-16  1.0000000   -2.9884868e-17  -7.0386797e-17  -3.4889329e-16  -4.7239398e-17  4.0734622e-16  -2.2539353e-16  5.7562232e-17  1.2235920e-16  2.0951868e-16  1.9647310e-16  1.0000000   -2.9884868e-17  -7.0386797e-17  -3.4889329e-16  -4.7239398e-17  4.0734622e-16  -2.2539353e-16  5.7562232e-17  
2.2161577e-16  4.5967340e-17  -3.8023711e-16  -2.9884868e-17  1.0000000   -6.8982363e-17  -3.3791307e-17  -6.3116210e-16  7.0070430e-17  9.1623554e-18  1.6483956e-17  2.2161577e-16  4.5967340e-17  -3.8023711e-16  -2.9884868e-17  1.0000000   -6.8982363e-17  -3.3791307e-17  -6.3116210e-16  7.0070430e-17  9.1623554e-18  1.6483956e-17  
-2.7476796e-16  -1.0733136e-16  5.7900419e-17  -7.0386797e-17  -6.8982363e-17  1.0000000   4.5815334e-16  7.3349652e-17  1.6937165e-16  3.4450206e-16  -1.2136063e-17  -2.7476796e-16  -1.0733136e-16  5.7900419e-17  -7.0386797e-17  -6.8982363e-17  1.0000000   4.5815334e-16  7.3349652e-17  1.6937165e-16  3.4450206e-16  -1.2136063e-17  
-3.7551639e-16  -1.2722426e-15  -2.6625380e-16  -3.4889329e-16  -3.3791307e-17  4.5815334e-16  1.0000000   -4.5537968e-16  1.0096438e-16  -1.0957033e-16  -1.5269751e-16  -3.7551639e-16  -1.2722426e-15  -2.6625380e-16  -3.4889329e-16  -3.3791307e-17  4.5815334e-16  1.0000000   -4.5537968e-16  1.0096438e-16  -1.0957033e-16  -1.5269751e-16  
-1.9347260e-16  1.4098800e-16  -2.0726917e-16  -4.7239398e-17  -6.3116210e-16  7.3349652e-17  -4.5537968e-16  1.0000000   1.6914351e-16  3.2094767e-17  -1.3297517e-17  -1.9347260e-16  1.4098800e-16  -2.0726917e-16  -4.7239398e-17  -6.3116210e-16  7.3349652e-17  -4.5537968e-16  1.0000000   1.6914351e-16  3.2094767e-17  -1.3297517e-17  
-2.5297608e-16  1.4788184e-16  1.7502475e-16  4.0734622e-16  7.0070430e-17  1.6937165e-16  1.0096438e-16  1.6914351e-16  1.0000000   3.7782561e-16  -1.2420206e-16  -2.5297608e-16  1.4788184e-16  1.7502475e-16  4.0734622e-16  7.0070430e-17  1.6937165e-16  1.0096438e-16  1.6914351e-16  1.0000000   3.7782561e-16  -1.2420206e-16  
8.5456731e-17  -4.6466745e-17  -2.7894171e-17  -2.2539353e-16  9.1623554e-18  3.4450206e-16  -1.0957033e-16  3.2094767e-17  3.7782561e-16  1.0000000   -2.8608935e-17  8.5456731e-17  -4.6466745e-17  -2.7894171e-17  -2.2539353e-16  9.1623554e-18  3.4450206e-16  -1.0957033e-16  3.2094767e-17  3.7782561e-16  1.0000000   -2.8608935e-17  
-1.1974505e-16  3.6670121e-16  -2.3961380e-15  5.7562232e-17  1.6483956e-17  -1.2136063e-17  -1.5269751e-16  -1.3297517e-17  -1.2420206e-16  -2.8608935e-17  1.0000000   -1.1974505e-16  3.6670121e-16  -2.3961380e-15  5.7562232e-17  1.6483956e-17  -1.2136063e-17  -1.5269751e-16  -1.3297517e-17  -1.2420206e-16  -2.8608935e-17  1.0000000   
