1.0000000   -1.2278590e-17  2.9806073e-16  -9.5833308e-18  7.0600196e-19  -4.0734323e-16  2.5574974e-16  1.0732797e-16  -1.3365756e-17  -7.4027207e-16  3.0273720e-16  1.0000000   -1.2278590e-17  2.9806073e-16  -9.5833308e-18  7.0600196e-19  -4.0734323e-16  2.5574974e-16  1.0732797e-16  -1.3365756e-17  -7.4027207e-16  3.0273720e-16  
-1.2278590e-17  1.0000000   1.8962018e-16  -1.7350115e-16  -5.5508398e-17  6.7128462e-16  -8.5889988e-17  -8.8586517e-17  -1.7347701e-16  2.3620911e-16  1.2611897e-17  -1.2278590e-17  1.0000000   1.8962018e-16  -1.7350115e-16  -5.5508398e-17  6.7128462e-16  -8.5889988e-17  -8.8586517e-17  -1.7347701e-16  2.3620911e-16  1.2611897e-17  
2.9806073e-16  1.8962018e-16  1.0000000   6.3948277e-16  -4.5092392e-16  1.3600723e-16  -6.7925266e-17  6.5370615e-17  1.5440352e-16  8.9027398e-18  4.0185509e-16  2.9806073e-16  1.8962018e-16  1.0000000   6.3948277e-16  -4.5092392e-16  1.3600723e-16  -6.7925266e-17  6.5370615e-17  1.5440352e-16  8.9027398e-18  4.0185509e-16  
-9.5833308e-18  -1.7350115e-16  6.3948277e-16  1.0000000   -3.4046182e-16  1.2533885e-16  5.2801493e-17  -2.5361675e-16  -6.8731747e-16  -5.5442976e-16  5.8476105e-16  -9.5833308e-18  -1.7350115e-16  6.3948277e-16  1.0000000   -3.4046182e-16  1.2533885e-16  5.2801493e-17  -2.5361675e-16  -6.8731747e-16  -5.5442976e-16  5.8476105e-16  
7.0600196e-19  -5.5508398e-17  -4.5092392e-16  -3.4046182e-16  1.0000000   -1.3788532e-16  -1.1081637e-16  -8.8085279e-17  -1.7452669e-16  -2.0476235e-16  1.3069614e-16  7.0600196e-19  -5.5508398e-17  -4.5092392e-16  -3.4046182e-16  1.0000000   -1.3788532e-16  -1.1081637e-16  -8.8085279e-17  -1.7452669e-16  -2.0476235e-16  1.3069614e-16  
-4.0734323e-16  6.7128462e-16  1.3600723e-16  1.2533885e-16  -1.3788532e-16  1.0000000   6.2354669e-16  -1.1973928e-16  -4.2536512e-17  1.3707820e-16  5.1908551e-16  -4.0734323e-16  6.7128462e-16  1.3600723e-16  1.2533885e-16  -1.3788532e-16  1.0000000   6.2354669e-16  -1.1973928e-16  -4.2536512e-17  1.3707820e-16  5.1908551e-16  
2.5574974e-16  -8.5889988e-17  -6.7925266e-17  5.2801493e-17  -1.1081637e-16  6.2354669e-16  1.0000000   -5.3721625e-16  1.8088431e-16  -3.6233804e-16  -3.3294324e-16  2.5574974e-16  -8.5889988e-17  -6.7925266e-17  5.2801493e-17  -1.1081637e-16  6.2354669e-16  1.0000000   -5.3721625e-16  1.8088431e-16  -3.6233804e-16  -3.3294324e-16  
1.0732797e-16  -8.8586517e-17  6.5370615e-17  -2.5361675e-16  -8.8085279e-17  -1.1973928e-16  -5.3721625e-16  1.0000000   -9.7514112e-17  -3.7034147e-16  2.0092807e-16  1.0732797e-16  -8.8586517e-17  6.5370615e-17  -2.5361675e-16  -8.8085279e-17  -1.1973928e-16  -5.3721625e-16  1.0000000   -9.7514112e-17  -3.7034147e-16  2.0092807e-16  
-1.3365756e-17  -1.7347701e-16  1.5440352e-16  -6.8731747e-16  -1.7452669e-16  -4.2536512e-17  1.8088431e-16  -9.7514112e-17  1.0000000   -6.7065427e-16  8.4461784e-17  -1.3365756e-17  -1.7347701e-16  1.5440352e-16  -6.8731747e-16  -1.7452669e-16  -4.2536512e-17  1.8088431e-16  -9.7514112e-17  1.0000000   -6.7065427e-16  8.4461784e-17  
-7.4027207e-16  2.3620911e-16  8.9027398e-18  -5.5442976e-16  -2.0476235e-16  1.3707820e-16  -3.6233804e-16  -3.7034147e-16  -6.7065427e-16  1.0000000   -7.2207124e-17  -7.4027207e-16  2.3620911e-16  8.9027398e-18  -5.5442976e-16  -2.0476235e-16  1.3707820e-16  -3.6233804e-16  -3.7034147e-16  -6.7065427e-16  1.0000000   -7.2207124e-17  
3.0273720e-16  1.2611897e-17  4.0185509e-16  5.8476105e-16  1.3069614e-16  5.1908551e-16  -3.3294324e-16  2.0092807e-16  8.4461784e-17  -7.2207124e-17  1.0000000   3.0273720e-16  1.2611897e-17  4.0185509e-16  5.8476105e-16  1.3069614e-16  5.1908551e-16  -3.3294324e-16  2.0092807e-16  8.4461784e-17  -7.2207124e-17  1.0000000   
1.0000000   -1.2278590e-17  2.9806073e-16  -9.5833308e-18  7.0600196e-19  -4.0734323e-16  2.5574974e-16  1.0732797e-16  -1.3365756e-17  -7.4027207e-16  3.0273720e-16  1.0000000   -1.2278590e-17  2.9806073e-16  -9.5833308e-18  7.0600196e-19  -4.0734323e-16  2.5574974e-16  1.0732797e-16  -1.3365756e-17  -7.4027207e-16  3.0273720e-16  
-1.2278590e-17  1.0000000   1.8962018e-16  -1.7350115e-16  -5.5508398e-17  6.7128462e-16  -8.5889988e-17  -8.8586517e-17  -1.7347701e-16  2.3620911e-16  1.2611897e-17  -1.2278590e-17  1.0000000   1.8962018e-16  -1.7350115e-16  -5.5508398e-17  6.7128462e-16  -8.5889988e-17  -8.8586517e-17  -1.7347701e-16  2.3620911e-16  1.2611897e-17  
2.9806073e-16  1.8962018e-16  1.0000000   6.3948277e-16  -4.5092392e-16  1.3600723e-16  -6.7925266e-17  6.5370615e-17  1.5440352e-16  8.9027398e-18  4.0185509e-16  2.9806073e-16  1.8962018e-16  1.0000000   6.3948277e-16  -4.5092392e-16  1.3600723e-16  -6.7925266e-17  6.5370615e-17  1.5440352e-16  8.9027398e-18  4.0185509e-16  
-9.5833308e-18  -1.7350115e-16  6.3948277e-16  1.0000000   -3.4046182e-16  1.2533885e-16  5.2801493e-17  -2.5361675e-16  -6.8731747e-16  -5.5442976e-16  5.8476105e-16  -9.5833308e-18  -1.7350115e-16  6.3948277e-16  1.0000000   -3.4046182e-16  1.2533885e-16  5.2801493e-17  -2.5361675e-16  -6.8731747e-16  -5.5442976e-16  5.8476105e-16  
7.0600196e-19  -5.5508398e-17  -4.5092392e-16  -3.4046182e-16  1.0000000   -1.3788532e-16  -1.1081637e-16  -8.8085279e-17  -1.7452669e-16  -2.0476235e-16  1.3069614e-16  7.0600196e-19  -5.5508398e-17  -4.5092392e-16  -3.4046182e-16  1.0000000   -1.3788532e-16  -1.1081637e-16  -8.8085279e-17  -1.7452669e-16  -2.0476235e-16  1.3069614e-16  
-4.0734323e-16  6.7128462e-16  1.3600723e-16  1.2533885e-16  -1.3788532e-16  1.0000000   6.2354669e-16  -1.1973928e-16  -4.2536512e-17  1.3707820e-16  5.1908551e-16  -4.0734323e-16  6.7128462e-16  1.3600723e-16  1.2533885e-16  -1.3788532e-16  1.0000000   6.2354669e-16  -1.1973928e-16  -4.2536512e-17  1.3707820e-16  5.1908551e-16  
2.5574974e-16  -8.5889988e-17  -6.7925266e-17  5.2801493e-17  -1.1081637e-16  6.2354669e-16  1.0000000   -5.3721625e-16  1.8088431e-16  -3.6233804e-16  -3.3294324e-16  2.5574974e-16  -8.5889988e-17  -6.7925266e-17  5.2801493e-17  -1.1081637e-16  6.2354669e-16  1.0000000   -5.3721625e-16  1.8088431e-16  -3.6233804e-16  -3.3294324e-16  
1.0732797e-16  -8.8586517e-17  6.5370615e-17  -2.5361675e-16  -8.8085279e-17  -1.1973928e-16  -5.3721625e-16  1.0000000   -9.7514112e-17  -3.7034147e-16  2.0092807e-16  1.0732797e-16  -8.8586517e-17  6.5370615e-17  -2.5361675e-16  -8.8085279e-17  -1.1973928e-16  -5.3721625e-16  1.0000000   -9.7514112e-17  -3.7034147e-16  2.0092807e-16  
-1.3365756e-17  -1.7347701e-16  1.5440352e-16  -6.8731747e-16  -1.7452669e-16  -4.2536512e-17  1.8088431e-16  -9.7514112e-17  1.0000000   -6.7065427e-16  8.4461784e-17  -1.3365756e-17  -1.7347701e-16  1.5440352e-16  -6.8731747e-16  -1.7452669e-16  -4.2536512e-17  1.8088431e-16  -9.7514112e-17  1.0000000   -6.7065427e-16  8.4461784e-17  
-7.4027207e-16  2.3620911e-16  8.9027398e-18  -5.5442976e-16  -2.0476235e-16  1.3707820e-16  -3.6233804e-16  -3.7034147e-16  -6.7065427e-16  1.0000000   -7.2207124e-17  -7.4027207e-16  2.3620911e-16  8.9027398e-18  -5.5442976e-16  -2.0476235e-16  1.3707820e-16  -3.6233804e-16  -3.7034147e-16  -6.7065427e-16  1.0000000   -7.2207124e-17  
3.0273720e-16  1.2611897e-17  4.0185509e-16  5.8476105e-16  1.3069614e-16  5.1908551e-16  -3.3294324e-16  2.0092807e-16  8.4461784e-17  -7.2207124e-17  1.0000000   3.0273720e-16  1.2611897e-17  4.0185509e-16  5.8476105e-16  1.3069614e-16  5.1908551e-16  -3.3294324e-16  2.0092807e-16  8.4461784e-17  -7.2207124e-17  1.0000000   
