1.0000000   2.5501621e-16  4.3158023e-17  -1.4630292e-16  -5.1353066e-17  -4.5940865e-16  -8.4272324e-16  4.3820614e-17  -3.3070199e-16  2.2699297e-16  -2.0228841e-16  1.0000000   2.5501621e-16  4.3158023e-17  -1.4630292e-16  -5.1353066e-17  -4.5940865e-16  -8.4272324e-16  4.3820614e-17  -3.3070199e-16  2.2699297e-16  -2.0228841e-16  
2.5501621e-16  1.0000000   2.9307340e-19  1.4934546e-16  -3.3459061e-16  8.2412198e-16  -3.7363555e-16  7.5630884e-17  -2.7145140e-16  -2.9905462e-16  -6.4012397e-17  2.5501621e-16  1.0000000   2.9307340e-19  1.4934546e-16  -3.3459061e-16  8.2412198e-16  -3.7363555e-16  7.5630884e-17  -2.7145140e-16  -2.9905462e-16  -6.4012397e-17  
4.3158023e-17  2.9307340e-19  1.0000000   7.3347971e-17  -4.1623750e-16  -5.8977210e-17  -2.8293611e-16  3.9850010e-16  3.6474679e-16  4.1599884e-16  -4.0048565e-16  4.3158023e-17  2.9307340e-19  1.0000000   7.3347971e-17  -4.1623750e-16  -5.8977210e-17  -2.8293611e-16  3.9850010e-16  3.6474679e-16  4.1599884e-16  -4.0048565e-16  
-1.4630292e-16  1.4934546e-16  7.3347971e-17  1.0000000   -4.3822922e-16  -3.4320420e-16  -5.6631606e-16  6.4010354e-16  2.0720925e-16  -2.4601458e-16  -7.4150958e-17  -1.4630292e-16  1.4934546e-16  7.3347971e-17  1.0000000   -4.3822922e-16  -3.4320420e-16  -5.6631606e-16  6.4010354e-16  2.0720925e-16  -2.4601458e-16  -7.4150958e-17  
-5.1353066e-17  -3.3459061e-16  -4.1623750e-16  -4.3822922e-16  1.0000000   -7.6330236e-16  -5.0521068e-17  1.5074629e-15  -6.8745242e-16  -3.2614016e-16  6.5873901e-16  -5.1353066e-17  -3.3459061e-16  -4.1623750e-16  -4.3822922e-16  1.0000000   -7.6330236e-16  -5.0521068e-17  1.5074629e-15  -6.8745242e-16  -3.2614016e-16  6.5873901e-16  
-4.5940865e-16  8.2412198e-16  -5.8977210e-17  -3.4320420e-16  -7.6330236e-16  1.0000000   2.2309747e-16  -1.9468862e-16  -1.1509378e-16  -7.2834034e-17  3.2526065e-18  -4.5940865e-16  8.2412198e-16  -5.8977210e-17  -3.4320420e-16  -7.6330236e-16  1.0000000   2.2309747e-16  -1.9468862e-16  -1.1509378e-16  -7.2834034e-17  3.2526065e-18  
-8.4272324e-16  -3.7363555e-16  -2.8293611e-16  -5.6631606e-16  -5.0521068e-17  2.2309747e-16  1.0000000   -5.8292649e-17  -2.7682096e-16  3.2151740e-16  -1.4519839e-17  -8.4272324e-16  -3.7363555e-16  -2.8293611e-16  -5.6631606e-16  -5.0521068e-17  2.2309747e-16  1.0000000   -5.8292649e-17  -2.7682096e-16  3.2151740e-16  -1.4519839e-17  
4.3820614e-17  7.5630884e-17  3.9850010e-16  6.4010354e-16  1.5074629e-15  -1.9468862e-16  -5.8292649e-17  1.0000000   -2.1641075e-16  6.2395110e-16  3.4653829e-16  4.3820614e-17  7.5630884e-17  3.9850010e-16  6.4010354e-16  1.5074629e-15  -1.9468862e-16  -5.8292649e-17  1.0000000   -2.1641075e-16  6.2395110e-16  3.4653829e-16  
-3.3070199e-16  -2.7145140e-16  3.6474679e-16  2.0720925e-16  -6.8745242e-16  -1.1509378e-16  -2.7682096e-16  -2.1641075e-16  1.0000000   -1.8647600e-16  6.7148219e-16  -3.3070199e-16  -2.7145140e-16  3.6474679e-16  2.0720925e-16  -6.8745242e-16  -1.1509378e-16  -2.7682096e-16  -2.1641075e-16  1.0000000   -1.8647600e-16  6.7148219e-16  
2.2699297e-16  -2.9905462e-16  4.1599884e-16  -2.4601458e-16  -3.2614016e-16  -7.2834034e-17  3.2151740e-16  6.2395110e-16  -1.8647600e-16  1.0000000   -1.2354748e-16  2.2699297e-16  -2.9905462e-16  4.1599884e-16  -2.4601458e-16  -3.2614016e-16  -7.2834034e-17  3.2151740e-16  6.2395110e-16  -1.8647600e-16  1.0000000   -1.2354748e-16  
-2.0228841e-16  -6.4012397e-17  -4.0048565e-16  -7.4150958e-17  6.5873901e-16  3.2526065e-18  -1.4519839e-17  3.4653829e-16  6.7148219e-16  -1.2354748e-16  1.0000000   -2.0228841e-16  -6.4012397e-17  -4.0048565e-16  -7.4150958e-17  6.5873901e-16  3.2526065e-18  -1.4519839e-17  3.4653829e-16  6.7148219e-16  -1.2354748e-16  1.0000000   
1.0000000   2.5501621e-16  4.3158023e-17  -1.4630292e-16  -5.1353066e-17  -4.5940865e-16  -8.4272324e-16  4.3820614e-17  -3.3070199e-16  2.2699297e-16  -2.0228841e-16  1.0000000   2.5501621e-16  4.3158023e-17  -1.4630292e-16  -5.1353066e-17  -4.5940865e-16  -8.4272324e-16  4.3820614e-17  -3.3070199e-16  2.2699297e-16  -2.0228841e-16  
2.5501621e-16  1.0000000   2.9307340e-19  1.4934546e-16  -3.3459061e-16  8.2412198e-16  -3.7363555e-16  7.5630884e-17  -2.7145140e-16  -2.9905462e-16  -6.4012397e-17  2.5501621e-16  1.0000000   2.9307340e-19  1.4934546e-16  -3.3459061e-16  8.2412198e-16  -3.7363555e-16  7.5630884e-17  -2.7145140e-16  -2.9905462e-16  -6.4012397e-17  
4.3158023e-17  2.9307340e-19  1.0000000   7.3347971e-17  -4.1623750e-16  -5.8977210e-17  -2.8293611e-16  3.9850010e-16  3.6474679e-16  4.1599884e-16  -4.0048565e-16  4.3158023e-17  2.9307340e-19  1.0000000   7.3347971e-17  -4.1623750e-16  -5.8977210e-17  -2.8293611e-16  3.9850010e-16  3.6474679e-16  4.1599884e-16  -4.0048565e-16  
-1.4630292e-16  1.4934546e-16  7.3347971e-17  1.0000000   -4.3822922e-16  -3.4320420e-16  -5.6631606e-16  6.4010354e-16  2.0720925e-16  -2.4601458e-16  -7.4150958e-17  -1.4630292e-16  1.4934546e-16  7.3347971e-17  1.0000000   -4.3822922e-16  -3.4320420e-16  -5.6631606e-16  6.4010354e-16  2.0720925e-16  -2.4601458e-16  -7.4150958e-17  
-5.1353066e-17  -3.3459061e-16  -4.1623750e-16  -4.3822922e-16  1.0000000   -7.6330236e-16  -5.0521068e-17  1.5074629e-15  -6.8745242e-16  -3.2614016e-16  6.5873901e-16  -5.1353066e-17  -3.3459061e-16  -4.1623750e-16  -4.3822922e-16  1.0000000   -7.6330236e-16  -5.0521068e-17  1.5074629e-15  -6.8745242e-16  -3.2614016e-16  6.5873901e-16  
-4.5940865e-16  8.2412198e-16  -5.8977210e-17  -3.4320420e-16  -7.6330236e-16  1.0000000   2.2309747e-16  -1.9468862e-16  -1.1509378e-16  -7.2834034e-17  3.2526065e-18  -4.5940865e-16  8.2412198e-16  -5.8977210e-17  -3.4320420e-16  -7.6330236e-16  1.0000000   2.2309747e-16  -1.9468862e-16  -1.1509378e-16  -7.2834034e-17  3.2526065e-18  
-8.4272324e-16  -3.7363555e-16  -2.8293611e-16  -5.6631606e-16  -5.0521068e-17  2.2309747e-16  1.0000000   -5.8292649e-17  -2.7682096e-16  3.2151740e-16  -1.4519839e-17  -8.4272324e-16  -3.7363555e-16  -2.8293611e-16  -5.6631606e-16  -5.0521068e-17  2.2309747e-16  1.0000000   -5.8292649e-17  -2.7682096e-16  3.2151740e-16  -1.4519839e-17  
4.3820614e-17  7.5630884e-17  3.9850010e-16  6.4010354e-16  1.5074629e-15  -1.9468862e-16  -5.8292649e-17  1.0000000   -2.1641075e-16  6.2395110e-16  3.4653829e-16  4.3820614e-17  7.5630884e-17  3.9850010e-16  6.4010354e-16  1.5074629e-15  -1.9468862e-16  -5.8292649e-17  1.0000000   -2.1641075e-16  6.2395110e-16  3.4653829e-16  
-3.3070199e-16  -2.7145140e-16  3.6474679e-16  2.0720925e-16  -6.8745242e-16  -1.1509378e-16  -2.7682096e-16  -2.1641075e-16  1.0000000   -1.8647600e-16  6.7148219e-16  -3.3070199e-16  -2.7145140e-16  3.6474679e-16  2.0720925e-16  -6.8745242e-16  -1.1509378e-16  -2.7682096e-16  -2.1641075e-16  1.0000000   -1.8647600e-16  6.7148219e-16  
2.2699297e-16  -2.9905462e-16  4.1599884e-16  -2.4601458e-16  -3.2614016e-16  -7.2834034e-17  3.2151740e-16  6.2395110e-16  -1.8647600e-16  1.0000000   -1.2354748e-16  2.2699297e-16  -2.9905462e-16  4.1599884e-16  -2.4601458e-16  -3.2614016e-16  -7.2834034e-17  3.2151740e-16  6.2395110e-16  -1.8647600e-16  1.0000000   -1.2354748e-16  
-2.0228841e-16  -6.4012397e-17  -4.0048565e-16  -7.4150958e-17  6.5873901e-16  3.2526065e-18  -1.4519839e-17  3.4653829e-16  6.7148219e-16  -1.2354748e-16  1.0000000   -2.0228841e-16  -6.4012397e-17  -4.0048565e-16  -7.4150958e-17  6.5873901e-16  3.2526065e-18  -1.4519839e-17  3.4653829e-16  6.7148219e-16  -1.2354748e-16  1.0000000   
