1.0000000   1.6883061e-17  -1.5750069e-16  -3.7639391e-17  2.2359976e-16  -1.3397181e-16  -1.0809140e-15  1.3471636e-16  2.6539046e-16  -2.5963905e-16  3.6957742e-17  1.0000000   1.6883061e-17  -1.5750069e-16  -3.7639391e-17  2.2359976e-16  -1.3397181e-16  -1.0809140e-15  1.3471636e-16  2.6539046e-16  -2.5963905e-16  3.6957742e-17  
1.6883061e-17  1.0000000   -1.0117978e-16  7.9263226e-17  5.7887079e-17  -4.8275796e-16  3.1019702e-16  -4.2613381e-16  -4.7391028e-16  -5.8640027e-16  1.8767709e-16  1.6883061e-17  1.0000000   -1.0117978e-16  7.9263226e-17  5.7887079e-17  -4.8275796e-16  3.1019702e-16  -4.2613381e-16  -4.7391028e-16  -5.8640027e-16  1.8767709e-16  
-1.5750069e-16  -1.0117978e-16  1.0000000   1.6790014e-16  -6.3828083e-16  -1.0741225e-16  -1.8270839e-16  -7.8072721e-17  6.2720037e-17  -3.0734103e-16  -2.5530674e-16  -1.5750069e-16  -1.0117978e-16  1.0000000   1.6790014e-16  -6.3828083e-16  -1.0741225e-16  -1.8270839e-16  -7.8072721e-17  6.2720037e-17  -3.0734103e-16  -2.5530674e-16  
-3.7639391e-17  7.9263226e-17  1.6790014e-16  1.0000000   -2.1414634e-17  -3.7549468e-16  -4.2261332e-17  5.0653576e-17  -4.0343380e-16  -2.9955003e-17  1.9158932e-16  -3.7639391e-17  7.9263226e-17  1.6790014e-16  1.0000000   -2.1414634e-17  -3.7549468e-16  -4.2261332e-17  5.0653576e-17  -4.0343380e-16  -2.9955003e-17  1.9158932e-16  
2.2359976e-16  5.7887079e-17  -6.3828083e-16  -2.1414634e-17  1.0000000   -2.4607281e-16  -1.3643202e-16  1.6438326e-16  -5.3513953e-17  1.1082876e-16  -1.1771283e-15  2.2359976e-16  5.7887079e-17  -6.3828083e-16  -2.1414634e-17  1.0000000   -2.4607281e-16  -1.3643202e-16  1.6438326e-16  -5.3513953e-17  1.1082876e-16  -1.1771283e-15  
-1.3397181e-16  -4.8275796e-16  -1.0741225e-16  -3.7549468e-16  -2.4607281e-16  1.0000000   -1.7725901e-16  -2.6528860e-17  -2.4420976e-16  3.7387918e-16  1.3459650e-16  -1.3397181e-16  -4.8275796e-16  -1.0741225e-16  -3.7549468e-16  -2.4607281e-16  1.0000000   -1.7725901e-16  -2.6528860e-17  -2.4420976e-16  3.7387918e-16  1.3459650e-16  
-1.0809140e-15  3.1019702e-16  -1.8270839e-16  -4.2261332e-17  -1.3643202e-16  -1.7725901e-16  1.0000000   1.7042684e-16  -1.0868036e-16  -3.8895816e-16  -3.4296830e-16  -1.0809140e-15  3.1019702e-16  -1.8270839e-16  -4.2261332e-17  -1.3643202e-16  -1.7725901e-16  1.0000000   1.7042684e-16  -1.0868036e-16  -3.8895816e-16  -3.4296830e-16  
1.3471636e-16  -4.2613381e-16  -7.8072721e-17  5.0653576e-17  1.6438326e-16  -2.6528860e-17  1.7042684e-16  1.0000000   1.7016103e-16  4.7435963e-18  -6.8301899e-16  1.3471636e-16  -4.2613381e-16  -7.8072721e-17  5.0653576e-17  1.6438326e-16  -2.6528860e-17  1.7042684e-16  1.0000000   1.7016103e-16  4.7435963e-18  -6.8301899e-16  
2.6539046e-16  -4.7391028e-16  6.2720037e-17  -4.0343380e-16  -5.3513953e-17  -2.4420976e-16  -1.0868036e-16  1.7016103e-16  1.0000000   1.5877050e-16  -4.0052906e-16  2.6539046e-16  -4.7391028e-16  6.2720037e-17  -4.0343380e-16  -5.3513953e-17  -2.4420976e-16  -1.0868036e-16  1.7016103e-16  1.0000000   1.5877050e-16  -4.0052906e-16  
-2.5963905e-16  -5.8640027e-16  -3.0734103e-16  -2.9955003e-17  1.1082876e-16  3.7387918e-16  -3.8895816e-16  4.7435963e-18  1.5877050e-16  1.0000000   1.2193945e-16  -2.5963905e-16  -5.8640027e-16  -3.0734103e-16  -2.9955003e-17  1.1082876e-16  3.7387918e-16  -3.8895816e-16  4.7435963e-18  1.5877050e-16  1.0000000   1.2193945e-16  
3.6957742e-17  1.8767709e-16  -2.5530674e-16  1.9158932e-16  -1.1771283e-15  1.3459650e-16  -3.4296830e-16  -6.8301899e-16  -4.0052906e-16  1.2193945e-16  1.0000000   3.6957742e-17  1.8767709e-16  -2.5530674e-16  1.9158932e-16  -1.1771283e-15  1.3459650e-16  -3.4296830e-16  -6.8301899e-16  -4.0052906e-16  1.2193945e-16  1.0000000   
1.0000000   1.6883061e-17  -1.5750069e-16  -3.7639391e-17  2.2359976e-16  -1.3397181e-16  -1.0809140e-15  1.3471636e-16  2.6539046e-16  -2.5963905e-16  3.6957742e-17  1.0000000   1.6883061e-17  -1.5750069e-16  -3.7639391e-17  2.2359976e-16  -1.3397181e-16  -1.0809140e-15  1.3471636e-16  2.6539046e-16  -2.5963905e-16  3.6957742e-17  
1.6883061e-17  1.0000000   -1.0117978e-16  7.9263226e-17  5.7887079e-17  -4.8275796e-16  3.1019702e-16  -4.2613381e-16  -4.7391028e-16  -5.8640027e-16  1.8767709e-16  1.6883061e-17  1.0000000   -1.0117978e-16  7.9263226e-17  5.7887079e-17  -4.8275796e-16  3.1019702e-16  -4.2613381e-16  -4.7391028e-16  -5.8640027e-16  1.8767709e-16  
-1.5750069e-16  -1.0117978e-16  1.0000000   1.6790014e-16  -6.3828083e-16  -1.0741225e-16  -1.8270839e-16  -7.8072721e-17  6.2720037e-17  -3.0734103e-16  -2.5530674e-16  -1.5750069e-16  -1.0117978e-16  1.0000000   1.6790014e-16  -6.3828083e-16  -1.0741225e-16  -1.8270839e-16  -7.8072721e-17  6.2720037e-17  -3.0734103e-16  -2.5530674e-16  
-3.7639391e-17  7.9263226e-17  1.6790014e-16  1.0000000   -2.1414634e-17  -3.7549468e-16  -4.2261332e-17  5.0653576e-17  -4.0343380e-16  -2.9955003e-17  1.9158932e-16  -3.7639391e-17  7.9263226e-17  1.6790014e-16  1.0000000   -2.1414634e-17  -3.7549468e-16  -4.2261332e-17  5.0653576e-17  -4.0343380e-16  -2.9955003e-17  1.9158932e-16  
2.2359976e-16  5.7887079e-17  -6.3828083e-16  -2.1414634e-17  1.0000000   -2.4607281e-16  -1.3643202e-16  1.6438326e-16  -5.3513953e-17  1.1082876e-16  -1.1771283e-15  2.2359976e-16  5.7887079e-17  -6.3828083e-16  -2.1414634e-17  1.0000000   -2.4607281e-16  -1.3643202e-16  1.6438326e-16  -5.3513953e-17  1.1082876e-16  -1.1771283e-15  
-1.3397181e-16  -4.8275796e-16  -1.0741225e-16  -3.7549468e-16  -2.4607281e-16  1.0000000   -1.7725901e-16  -2.6528860e-17  -2.4420976e-16  3.7387918e-16  1.3459650e-16  -1.3397181e-16  -4.8275796e-16  -1.0741225e-16  -3.7549468e-16  -2.4607281e-16  1.0000000   -1.7725901e-16  -2.6528860e-17  -2.4420976e-16  3.7387918e-16  1.3459650e-16  
-1.0809140e-15  3.1019702e-16  -1.8270839e-16  -4.2261332e-17  -1.3643202e-16  -1.7725901e-16  1.0000000   1.7042684e-16  -1.0868036e-16  -3.8895816e-16  -3.4296830e-16  -1.0809140e-15  3.1019702e-16  -1.8270839e-16  -4.2261332e-17  -1.3643202e-16  -1.7725901e-16  1.0000000   1.7042684e-16  -1.0868036e-16  -3.8895816e-16  -3.4296830e-16  
1.3471636e-16  -4.2613381e-16  -7.8072721e-17  5.0653576e-17  1.6438326e-16  -2.6528860e-17  1.7042684e-16  1.0000000   1.7016103e-16  4.7435963e-18  -6.8301899e-16  1.3471636e-16  -4.2613381e-16  -7.8072721e-17  5.0653576e-17  1.6438326e-16  -2.6528860e-17  1.7042684e-16  1.0000000   1.7016103e-16  4.7435963e-18  -6.8301899e-16  
2.6539046e-16  -4.7391028e-16  6.2720037e-17  -4.0343380e-16  -5.3513953e-17  -2.4420976e-16  -1.0868036e-16  1.7016103e-16  1.0000000   1.5877050e-16  -4.0052906e-16  2.6539046e-16  -4.7391028e-16  6.2720037e-17  -4.0343380e-16  -5.3513953e-17  -2.4420976e-16  -1.0868036e-16  1.7016103e-16  1.0000000   1.5877050e-16  -4.0052906e-16  
-2.5963905e-16  -5.8640027e-16  -3.0734103e-16  -2.9955003e-17  1.1082876e-16  3.7387918e-16  -3.8895816e-16  4.7435963e-18  1.5877050e-16  1.0000000   1.2193945e-16  -2.5963905e-16  -5.8640027e-16  -3.0734103e-16  -2.9955003e-17  1.1082876e-16  3.7387918e-16  -3.8895816e-16  4.7435963e-18  1.5877050e-16  1.0000000   1.2193945e-16  
3.6957742e-17  1.8767709e-16  -2.5530674e-16  1.9158932e-16  -1.1771283e-15  1.3459650e-16  -3.4296830e-16  -6.8301899e-16  -4.0052906e-16  1.2193945e-16  1.0000000   3.6957742e-17  1.8767709e-16  -2.5530674e-16  1.9158932e-16  -1.1771283e-15  1.3459650e-16  -3.4296830e-16  -6.8301899e-16  -4.0052906e-16  1.2193945e-16  1.0000000   
