1.0000000   6.2575067e-16  8.2849987e-17  2.2047929e-16  -1.2997805e-16  -6.0091905e-17  2.4045571e-16  -3.7657306e-16  -5.4770506e-16  3.1515407e-16  -2.2896825e-16  1.0000000   6.2575067e-16  8.2849987e-17  2.2047929e-16  -1.2997805e-16  -6.0091905e-17  2.4045571e-16  -3.7657306e-16  -5.4770506e-16  3.1515407e-16  -2.2896825e-16  
6.2575067e-16  1.0000000   2.1625810e-17  6.0912214e-16  -1.1373400e-16  5.7576429e-17  4.0338758e-16  -3.9828813e-17  -3.3924673e-16  -8.3895510e-17  -3.0041760e-16  6.2575067e-16  1.0000000   2.1625810e-17  6.0912214e-16  -1.1373400e-16  5.7576429e-17  4.0338758e-16  -3.9828813e-17  -3.3924673e-16  -8.3895510e-17  -3.0041760e-16  
8.2849987e-17  2.1625810e-17  1.0000000   8.1598072e-17  1.1604934e-16  1.3168144e-16  -5.0952251e-16  -3.1284865e-16  -1.7418894e-16  7.4761246e-19  8.5352037e-16  8.2849987e-17  2.1625810e-17  1.0000000   8.1598072e-17  1.1604934e-16  1.3168144e-16  -5.0952251e-16  -3.1284865e-16  -1.7418894e-16  7.4761246e-19  8.5352037e-16  
2.2047929e-16  6.0912214e-16  8.1598072e-17  1.0000000   -4.9259699e-16  1.8025200e-16  8.8101591e-17  2.6298764e-16  -1.0713565e-15  -2.2112875e-16  5.0488754e-16  2.2047929e-16  6.0912214e-16  8.1598072e-17  1.0000000   -4.9259699e-16  1.8025200e-16  8.8101591e-17  2.6298764e-16  -1.0713565e-15  -2.2112875e-16  5.0488754e-16  
-1.2997805e-16  -1.1373400e-16  1.1604934e-16  -4.9259699e-16  1.0000000   -1.7489319e-16  1.6804901e-16  7.7966355e-16  3.7157737e-16  -3.8858305e-16  -5.7172956e-16  -1.2997805e-16  -1.1373400e-16  1.1604934e-16  -4.9259699e-16  1.0000000   -1.7489319e-16  1.6804901e-16  7.7966355e-16  3.7157737e-16  -3.8858305e-16  -5.7172956e-16  
-6.0091905e-17  5.7576429e-17  1.3168144e-16  1.8025200e-16  -1.7489319e-16  1.0000000   -4.6899706e-16  3.8047905e-16  1.7649583e-16  1.8782638e-17  -1.8890995e-16  -6.0091905e-17  5.7576429e-17  1.3168144e-16  1.8025200e-16  -1.7489319e-16  1.0000000   -4.6899706e-16  3.8047905e-16  1.7649583e-16  1.8782638e-17  -1.8890995e-16  
2.4045571e-16  4.0338758e-16  -5.0952251e-16  8.8101591e-17  1.6804901e-16  -4.6899706e-16  1.0000000   -4.1623877e-16  1.5113778e-16  5.0415851e-17  4.6708023e-16  2.4045571e-16  4.0338758e-16  -5.0952251e-16  8.8101591e-17  1.6804901e-16  -4.6899706e-16  1.0000000   -4.1623877e-16  1.5113778e-16  5.0415851e-17  4.6708023e-16  
-3.7657306e-16  -3.9828813e-17  -3.1284865e-16  2.6298764e-16  7.7966355e-16  3.8047905e-16  -4.1623877e-16  1.0000000   -9.2704580e-17  -4.9409787e-16  3.4702792e-16  -3.7657306e-16  -3.9828813e-17  -3.1284865e-16  2.6298764e-16  7.7966355e-16  3.8047905e-16  -4.1623877e-16  1.0000000   -9.2704580e-17  -4.9409787e-16  3.4702792e-16  
-5.4770506e-16  -3.3924673e-16  -1.7418894e-16  -1.0713565e-15  3.7157737e-16  1.7649583e-16  1.5113778e-16  -9.2704580e-17  1.0000000   2.2317550e-16  1.1182000e-16  -5.4770506e-16  -3.3924673e-16  -1.7418894e-16  -1.0713565e-15  3.7157737e-16  1.7649583e-16  1.5113778e-16  -9.2704580e-17  1.0000000   2.2317550e-16  1.1182000e-16  
3.1515407e-16  -8.3895510e-17  7.4761246e-19  -2.2112875e-16  -3.8858305e-16  1.8782638e-17  5.0415851e-17  -4.9409787e-16  2.2317550e-16  1.0000000   -1.0178266e-17  3.1515407e-16  -8.3895510e-17  7.4761246e-19  -2.2112875e-16  -3.8858305e-16  1.8782638e-17  5.0415851e-17  -4.9409787e-16  2.2317550e-16  1.0000000   -1.0178266e-17  
-2.2896825e-16  -3.0041760e-16  8.5352037e-16  5.0488754e-16  -5.7172956e-16  -1.8890995e-16  4.6708023e-16  3.4702792e-16  1.1182000e-16  -1.0178266e-17  1.0000000   -2.2896825e-16  -3.0041760e-16  8.5352037e-16  5.0488754e-16  -5.7172956e-16  -1.8890995e-16  4.6708023e-16  3.4702792e-16  1.1182000e-16  -1.0178266e-17  1.0000000   
1.0000000   6.2575067e-16  8.2849987e-17  2.2047929e-16  -1.2997805e-16  -6.0091905e-17  2.4045571e-16  -3.7657306e-16  -5.4770506e-16  3.1515407e-16  -2.2896825e-16  1.0000000   6.2575067e-16  8.2849987e-17  2.2047929e-16  -1.2997805e-16  -6.0091905e-17  2.4045571e-16  -3.7657306e-16  -5.4770506e-16  3.1515407e-16  -2.2896825e-16  
6.2575067e-16  1.0000000   2.1625810e-17  6.0912214e-16  -1.1373400e-16  5.7576429e-17  4.0338758e-16  -3.9828813e-17  -3.3924673e-16  -8.3895510e-17  -3.0041760e-16  6.2575067e-16  1.0000000   2.1625810e-17  6.0912214e-16  -1.1373400e-16  5.7576429e-17  4.0338758e-16  -3.9828813e-17  -3.3924673e-16  -8.3895510e-17  -3.0041760e-16  
8.2849987e-17  2.1625810e-17  1.0000000   8.1598072e-17  1.1604934e-16  1.3168144e-16  -5.0952251e-16  -3.1284865e-16  -1.7418894e-16  7.4761246e-19  8.5352037e-16  8.2849987e-17  2.1625810e-17  1.0000000   8.1598072e-17  1.1604934e-16  1.3168144e-16  -5.0952251e-16  -3.1284865e-16  -1.7418894e-16  7.4761246e-19  8.5352037e-16  
2.2047929e-16  6.0912214e-16  8.1598072e-17  1.0000000   -4.9259699e-16  1.8025200e-16  8.8101591e-17  2.6298764e-16  -1.0713565e-15  -2.2112875e-16  5.0488754e-16  2.2047929e-16  6.0912214e-16  8.1598072e-17  1.0000000   -4.9259699e-16  1.8025200e-16  8.8101591e-17  2.6298764e-16  -1.0713565e-15  -2.2112875e-16  5.0488754e-16  
-1.2997805e-16  -1.1373400e-16  1.1604934e-16  -4.9259699e-16  1.0000000   -1.7489319e-16  1.6804901e-16  7.7966355e-16  3.7157737e-16  -3.8858305e-16  -5.7172956e-16  -1.2997805e-16  -1.1373400e-16  1.1604934e-16  -4.9259699e-16  1.0000000   -1.7489319e-16  1.6804901e-16  7.7966355e-16  3.7157737e-16  -3.8858305e-16  -5.7172956e-16  
-6.0091905e-17  5.7576429e-17  1.3168144e-16  1.8025200e-16  -1.7489319e-16  1.0000000   -4.6899706e-16  3.8047905e-16  1.7649583e-16  1.8782638e-17  -1.8890995e-16  -6.0091905e-17  5.7576429e-17  1.3168144e-16  1.8025200e-16  -1.7489319e-16  1.0000000   -4.6899706e-16  3.8047905e-16  1.7649583e-16  1.8782638e-17  -1.8890995e-16  
2.4045571e-16  4.0338758e-16  -5.0952251e-16  8.8101591e-17  1.6804901e-16  -4.6899706e-16  1.0000000   -4.1623877e-16  1.5113778e-16  5.0415851e-17  4.6708023e-16  2.4045571e-16  4.0338758e-16  -5.0952251e-16  8.8101591e-17  1.6804901e-16  -4.6899706e-16  1.0000000   -4.1623877e-16  1.5113778e-16  5.0415851e-17  4.6708023e-16  
-3.7657306e-16  -3.9828813e-17  -3.1284865e-16  2.6298764e-16  7.7966355e-16  3.8047905e-16  -4.1623877e-16  1.0000000   -9.2704580e-17  -4.9409787e-16  3.4702792e-16  -3.7657306e-16  -3.9828813e-17  -3.1284865e-16  2.6298764e-16  7.7966355e-16  3.8047905e-16  -4.1623877e-16  1.0000000   -9.2704580e-17  -4.9409787e-16  3.4702792e-16  
-5.4770506e-16  -3.3924673e-16  -1.7418894e-16  -1.0713565e-15  3.7157737e-16  1.7649583e-16  1.5113778e-16  -9.2704580e-17  1.0000000   2.2317550e-16  1.1182000e-16  -5.4770506e-16  -3.3924673e-16  -1.7418894e-16  -1.0713565e-15  3.7157737e-16  1.7649583e-16  1.5113778e-16  -9.2704580e-17  1.0000000   2.2317550e-16  1.1182000e-16  
3.1515407e-16  -8.3895510e-17  7.4761246e-19  -2.2112875e-16  -3.8858305e-16  1.8782638e-17  5.0415851e-17  -4.9409787e-16  2.2317550e-16  1.0000000   -1.0178266e-17  3.1515407e-16  -8.3895510e-17  7.4761246e-19  -2.2112875e-16  -3.8858305e-16  1.8782638e-17  5.0415851e-17  -4.9409787e-16  2.2317550e-16  1.0000000   -1.0178266e-17  
-2.2896825e-16  -3.0041760e-16  8.5352037e-16  5.0488754e-16  -5.7172956e-16  -1.8890995e-16  4.6708023e-16  3.4702792e-16  1.1182000e-16  -1.0178266e-17  1.0000000   -2.2896825e-16  -3.0041760e-16  8.5352037e-16  5.0488754e-16  -5.7172956e-16  -1.8890995e-16  4.6708023e-16  3.4702792e-16  1.1182000e-16  -1.0178266e-17  1.0000000   
