1.0000000   -5.4210109e-20  3.4453573e-16  -1.6504437e-16  2.1272724e-16  -4.4989308e-17  4.2692324e-16  -5.4878312e-17  2.7587185e-16  1.8213686e-16  9.7923785e-17  1.0000000   -5.4210109e-20  3.4453573e-16  -1.6504437e-16  2.1272724e-16  -4.4989308e-17  4.2692324e-16  -5.4878312e-17  2.7587185e-16  1.8213686e-16  9.7923785e-17  
-5.4210109e-20  1.0000000   2.0178019e-17  7.6927786e-16  3.6221458e-16  2.5788935e-16  -3.4066056e-16  1.3708058e-16  -1.2707442e-16  -2.8391671e-16  2.9007829e-16  -5.4210109e-20  1.0000000   2.0178019e-17  7.6927786e-16  3.6221458e-16  2.5788935e-16  -3.4066056e-16  1.3708058e-16  -1.2707442e-16  -2.8391671e-16  2.9007829e-16  
3.4453573e-16  2.0178019e-17  1.0000000   5.5776400e-16  8.6511710e-17  4.4605602e-16  -1.4098525e-16  -1.6146523e-16  4.3176361e-16  2.7362044e-16  7.0521846e-17  3.4453573e-16  2.0178019e-17  1.0000000   5.5776400e-16  8.6511710e-17  4.4605602e-16  -1.4098525e-16  -1.6146523e-16  4.3176361e-16  2.7362044e-16  7.0521846e-17  
-1.6504437e-16  7.6927786e-16  5.5776400e-16  1.0000000   9.0540411e-18  -2.6212811e-16  1.5568720e-16  -1.3974646e-16  -6.6185651e-16  -8.3981077e-16  -2.4254630e-16  -1.6504437e-16  7.6927786e-16  5.5776400e-16  1.0000000   9.0540411e-18  -2.6212811e-16  1.5568720e-16  -1.3974646e-16  -6.6185651e-16  -8.3981077e-16  -2.4254630e-16  
2.1272724e-16  3.6221458e-16  8.6511710e-17  9.0540411e-18  1.0000000   5.0201144e-16  -4.4295133e-16  -8.5518559e-16  -2.3109359e-16  6.6533538e-16  -2.5624017e-17  2.1272724e-16  3.6221458e-16  8.6511710e-17  9.0540411e-18  1.0000000   5.0201144e-16  -4.4295133e-16  -8.5518559e-16  -2.3109359e-16  6.6533538e-16  -2.5624017e-17  
-4.4989308e-17  2.5788935e-16  4.4605602e-16  -2.6212811e-16  5.0201144e-16  1.0000000   3.1128715e-16  -5.5235601e-17  3.1479175e-16  -7.3589164e-17  -9.8650116e-17  -4.4989308e-17  2.5788935e-16  4.4605602e-16  -2.6212811e-16  5.0201144e-16  1.0000000   3.1128715e-16  -5.5235601e-17  3.1479175e-16  -7.3589164e-17  -9.8650116e-17  
4.2692324e-16  -3.4066056e-16  -1.4098525e-16  1.5568720e-16  -4.4295133e-16  3.1128715e-16  1.0000000   -4.6364175e-17  4.9961222e-16  1.6745481e-16  -5.4293372e-16  4.2692324e-16  -3.4066056e-16  -1.4098525e-16  1.5568720e-16  -4.4295133e-16  3.1128715e-16  1.0000000   -4.6364175e-17  4.9961222e-16  1.6745481e-16  -5.4293372e-16  
-5.4878312e-17  1.3708058e-16  -1.6146523e-16  -1.3974646e-16  -8.5518559e-16  -5.5235601e-17  -4.6364175e-17  1.0000000   -2.0227539e-16  4.2960910e-16  -4.9984560e-16  -5.4878312e-17  1.3708058e-16  -1.6146523e-16  -1.3974646e-16  -8.5518559e-16  -5.5235601e-17  -4.6364175e-17  1.0000000   -2.0227539e-16  4.2960910e-16  -4.9984560e-16  
2.7587185e-16  -1.2707442e-16  4.3176361e-16  -6.6185651e-16  -2.3109359e-16  3.1479175e-16  4.9961222e-16  -2.0227539e-16  1.0000000   2.9293740e-16  -5.7839084e-16  2.7587185e-16  -1.2707442e-16  4.3176361e-16  -6.6185651e-16  -2.3109359e-16  3.1479175e-16  4.9961222e-16  -2.0227539e-16  1.0000000   2.9293740e-16  -5.7839084e-16  
1.8213686e-16  -2.8391671e-16  2.7362044e-16  -8.3981077e-16  6.6533538e-16  -7.3589164e-17  1.6745481e-16  4.2960910e-16  2.9293740e-16  1.0000000   2.8236584e-17  1.8213686e-16  -2.8391671e-16  2.7362044e-16  -8.3981077e-16  6.6533538e-16  -7.3589164e-17  1.6745481e-16  4.2960910e-16  2.9293740e-16  1.0000000   2.8236584e-17  
9.7923785e-17  2.9007829e-16  7.0521846e-17  -2.4254630e-16  -2.5624017e-17  -9.8650116e-17  -5.4293372e-16  -4.9984560e-16  -5.7839084e-16  2.8236584e-17  1.0000000   9.7923785e-17  2.9007829e-16  7.0521846e-17  -2.4254630e-16  -2.5624017e-17  -9.8650116e-17  -5.4293372e-16  -4.9984560e-16  -5.7839084e-16  2.8236584e-17  1.0000000   
1.0000000   -5.4210109e-20  3.4453573e-16  -1.6504437e-16  2.1272724e-16  -4.4989308e-17  4.2692324e-16  -5.4878312e-17  2.7587185e-16  1.8213686e-16  9.7923785e-17  1.0000000   -5.4210109e-20  3.4453573e-16  -1.6504437e-16  2.1272724e-16  -4.4989308e-17  4.2692324e-16  -5.4878312e-17  2.7587185e-16  1.8213686e-16  9.7923785e-17  
-5.4210109e-20  1.0000000   2.0178019e-17  7.6927786e-16  3.6221458e-16  2.5788935e-16  -3.4066056e-16  1.3708058e-16  -1.2707442e-16  -2.8391671e-16  2.9007829e-16  -5.4210109e-20  1.0000000   2.0178019e-17  7.6927786e-16  3.6221458e-16  2.5788935e-16  -3.4066056e-16  1.3708058e-16  -1.2707442e-16  -2.8391671e-16  2.9007829e-16  
3.4453573e-16  2.0178019e-17  1.0000000   5.5776400e-16  8.6511710e-17  4.4605602e-16  -1.4098525e-16  -1.6146523e-16  4.3176361e-16  2.7362044e-16  7.0521846e-17  3.4453573e-16  2.0178019e-17  1.0000000   5.5776400e-16  8.6511710e-17  4.4605602e-16  -1.4098525e-16  -1.6146523e-16  4.3176361e-16  2.7362044e-16  7.0521846e-17  
-1.6504437e-16  7.6927786e-16  5.5776400e-16  1.0000000   9.0540411e-18  -2.6212811e-16  1.5568720e-16  -1.3974646e-16  -6.6185651e-16  -8.3981077e-16  -2.4254630e-16  -1.6504437e-16  7.6927786e-16  5.5776400e-16  1.0000000   9.0540411e-18  -2.6212811e-16  1.5568720e-16  -1.3974646e-16  -6.6185651e-16  -8.3981077e-16  -2.4254630e-16  
2.1272724e-16  3.6221458e-16  8.6511710e-17  9.0540411e-18  1.0000000   5.0201144e-16  -4.4295133e-16  -8.5518559e-16  -2.3109359e-16  6.6533538e-16  -2.5624017e-17  2.1272724e-16  3.6221458e-16  8.6511710e-17  9.0540411e-18  1.0000000   5.0201144e-16  -4.4295133e-16  -8.5518559e-16  -2.3109359e-16  6.6533538e-16  -2.5624017e-17  
-4.4989308e-17  2.5788935e-16  4.4605602e-16  -2.6212811e-16  5.0201144e-16  1.0000000   3.1128715e-16  -5.5235601e-17  3.1479175e-16  -7.3589164e-17  -9.8650116e-17  -4.4989308e-17  2.5788935e-16  4.4605602e-16  -2.6212811e-16  5.0201144e-16  1.0000000   3.1128715e-16  -5.5235601e-17  3.1479175e-16  -7.3589164e-17  -9.8650116e-17  
4.2692324e-16  -3.4066056e-16  -1.4098525e-16  1.5568720e-16  -4.4295133e-16  3.1128715e-16  1.0000000   -4.6364175e-17  4.9961222e-16  1.6745481e-16  -5.4293372e-16  4.2692324e-16  -3.4066056e-16  -1.4098525e-16  1.5568720e-16  -4.4295133e-16  3.1128715e-16  1.0000000   -4.6364175e-17  4.9961222e-16  1.6745481e-16  -5.4293372e-16  
-5.4878312e-17  1.3708058e-16  -1.6146523e-16  -1.3974646e-16  -8.5518559e-16  -5.5235601e-17  -4.6364175e-17  1.0000000   -2.0227539e-16  4.2960910e-16  -4.9984560e-16  -5.4878312e-17  1.3708058e-16  -1.6146523e-16  -1.3974646e-16  -8.5518559e-16  -5.5235601e-17  -4.6364175e-17  1.0000000   -2.0227539e-16  4.2960910e-16  -4.9984560e-16  
2.7587185e-16  -1.2707442e-16  4.3176361e-16  -6.6185651e-16  -2.3109359e-16  3.1479175e-16  4.9961222e-16  -2.0227539e-16  1.0000000   2.9293740e-16  -5.7839084e-16  2.7587185e-16  -1.2707442e-16  4.3176361e-16  -6.6185651e-16  -2.3109359e-16  3.1479175e-16  4.9961222e-16  -2.0227539e-16  1.0000000   2.9293740e-16  -5.7839084e-16  
1.8213686e-16  -2.8391671e-16  2.7362044e-16  -8.3981077e-16  6.6533538e-16  -7.3589164e-17  1.6745481e-16  4.2960910e-16  2.9293740e-16  1.0000000   2.8236584e-17  1.8213686e-16  -2.8391671e-16  2.7362044e-16  -8.3981077e-16  6.6533538e-16  -7.3589164e-17  1.6745481e-16  4.2960910e-16  2.9293740e-16  1.0000000   2.8236584e-17  
9.7923785e-17  2.9007829e-16  7.0521846e-17  -2.4254630e-16  -2.5624017e-17  -9.8650116e-17  -5.4293372e-16  -4.9984560e-16  -5.7839084e-16  2.8236584e-17  1.0000000   9.7923785e-17  2.9007829e-16  7.0521846e-17  -2.4254630e-16  -2.5624017e-17  -9.8650116e-17  -5.4293372e-16  -4.9984560e-16  -5.7839084e-16  2.8236584e-17  1.0000000   
