1.0000000   1.6601126e-16  -2.3994749e-17  3.5361931e-16  -5.8070885e-17  -1.7606427e-16  9.7608689e-17  1.1116122e-16  -9.5549552e-17  -2.3938782e-16  2.0155149e-16  1.0000000   1.6601126e-16  -2.3994749e-17  3.5361931e-16  -5.8070885e-17  -1.7606427e-16  9.7608689e-17  1.1116122e-16  -9.5549552e-17  -2.3938782e-16  2.0155149e-16  
1.6601126e-16  1.0000000   -5.4648533e-16  -7.7655981e-18  -1.0188390e-16  1.4449048e-16  -3.2489113e-17  6.0026049e-18  -2.2821946e-16  -2.4162281e-16  9.8801152e-17  1.6601126e-16  1.0000000   -5.4648533e-16  -7.7655981e-18  -1.0188390e-16  1.4449048e-16  -3.2489113e-17  6.0026049e-18  -2.2821946e-16  -2.4162281e-16  9.8801152e-17  
-2.3994749e-17  -5.4648533e-16  1.0000000   -8.0582141e-16  3.0415577e-17  -4.0390427e-16  -1.0318386e-16  -7.0401990e-17  -4.2640359e-16  3.0847235e-16  1.1740359e-15  -2.3994749e-17  -5.4648533e-16  1.0000000   -8.0582141e-16  3.0415577e-17  -4.0390427e-16  -1.0318386e-16  -7.0401990e-17  -4.2640359e-16  3.0847235e-16  1.1740359e-15  
3.5361931e-16  -7.7655981e-18  -8.0582141e-16  1.0000000   7.0384256e-16  -2.8454124e-16  -2.1319650e-16  1.2614184e-16  -3.9422946e-16  6.2675811e-16  5.3234242e-16  3.5361931e-16  -7.7655981e-18  -8.0582141e-16  1.0000000   7.0384256e-16  -2.8454124e-16  -2.1319650e-16  1.2614184e-16  -3.9422946e-16  6.2675811e-16  5.3234242e-16  
-5.8070885e-17  -1.0188390e-16  3.0415577e-17  7.0384256e-16  1.0000000   -4.2443873e-16  -2.2562046e-16  1.0730002e-17  -6.2042516e-17  2.4633674e-16  -9.8463345e-18  -5.8070885e-17  -1.0188390e-16  3.0415577e-17  7.0384256e-16  1.0000000   -4.2443873e-16  -2.2562046e-16  1.0730002e-17  -6.2042516e-17  2.4633674e-16  -9.8463345e-18  
-1.7606427e-16  1.4449048e-16  -4.0390427e-16  -2.8454124e-16  -4.2443873e-16  1.0000000   -1.4340776e-16  1.6465452e-16  1.8298453e-16  -4.6425071e-16  5.9315600e-16  -1.7606427e-16  1.4449048e-16  -4.0390427e-16  -2.8454124e-16  -4.2443873e-16  1.0000000   -1.4340776e-16  1.6465452e-16  1.8298453e-16  -4.6425071e-16  5.9315600e-16  
9.7608689e-17  -3.2489113e-17  -1.0318386e-16  -2.1319650e-16  -2.2562046e-16  -1.4340776e-16  1.0000000   -2.6211307e-16  -2.1437642e-16  -6.5298204e-16  2.5904809e-16  9.7608689e-17  -3.2489113e-17  -1.0318386e-16  -2.1319650e-16  -2.2562046e-16  -1.4340776e-16  1.0000000   -2.6211307e-16  -2.1437642e-16  -6.5298204e-16  2.5904809e-16  
1.1116122e-16  6.0026049e-18  -7.0401990e-17  1.2614184e-16  1.0730002e-17  1.6465452e-16  -2.6211307e-16  1.0000000   1.9456802e-16  3.6006250e-16  3.8279748e-16  1.1116122e-16  6.0026049e-18  -7.0401990e-17  1.2614184e-16  1.0730002e-17  1.6465452e-16  -2.6211307e-16  1.0000000   1.9456802e-16  3.6006250e-16  3.8279748e-16  
-9.5549552e-17  -2.2821946e-16  -4.2640359e-16  -3.9422946e-16  -6.2042516e-17  1.8298453e-16  -2.1437642e-16  1.9456802e-16  1.0000000   3.3871948e-17  -1.4558061e-17  -9.5549552e-17  -2.2821946e-16  -4.2640359e-16  -3.9422946e-16  -6.2042516e-17  1.8298453e-16  -2.1437642e-16  1.9456802e-16  1.0000000   3.3871948e-17  -1.4558061e-17  
-2.3938782e-16  -2.4162281e-16  3.0847235e-16  6.2675811e-16  2.4633674e-16  -4.6425071e-16  -6.5298204e-16  3.6006250e-16  3.3871948e-17  1.0000000   -1.3955331e-16  -2.3938782e-16  -2.4162281e-16  3.0847235e-16  6.2675811e-16  2.4633674e-16  -4.6425071e-16  -6.5298204e-16  3.6006250e-16  3.3871948e-17  1.0000000   -1.3955331e-16  
2.0155149e-16  9.8801152e-17  1.1740359e-15  5.3234242e-16  -9.8463345e-18  5.9315600e-16  2.5904809e-16  3.8279748e-16  -1.4558061e-17  -1.3955331e-16  1.0000000   2.0155149e-16  9.8801152e-17  1.1740359e-15  5.3234242e-16  -9.8463345e-18  5.9315600e-16  2.5904809e-16  3.8279748e-16  -1.4558061e-17  -1.3955331e-16  1.0000000   
1.0000000   1.6601126e-16  -2.3994749e-17  3.5361931e-16  -5.8070885e-17  -1.7606427e-16  9.7608689e-17  1.1116122e-16  -9.5549552e-17  -2.3938782e-16  2.0155149e-16  1.0000000   1.6601126e-16  -2.3994749e-17  3.5361931e-16  -5.8070885e-17  -1.7606427e-16  9.7608689e-17  1.1116122e-16  -9.5549552e-17  -2.3938782e-16  2.0155149e-16  
1.6601126e-16  1.0000000   -5.4648533e-16  -7.7655981e-18  -1.0188390e-16  1.4449048e-16  -3.2489113e-17  6.0026049e-18  -2.2821946e-16  -2.4162281e-16  9.8801152e-17  1.6601126e-16  1.0000000   -5.4648533e-16  -7.7655981e-18  -1.0188390e-16  1.4449048e-16  -3.2489113e-17  6.0026049e-18  -2.2821946e-16  -2.4162281e-16  9.8801152e-17  
-2.3994749e-17  -5.4648533e-16  1.0000000   -8.0582141e-16  3.0415577e-17  -4.0390427e-16  -1.0318386e-16  -7.0401990e-17  -4.2640359e-16  3.0847235e-16  1.1740359e-15  -2.3994749e-17  -5.4648533e-16  1.0000000   -8.0582141e-16  3.0415577e-17  -4.0390427e-16  -1.0318386e-16  -7.0401990e-17  -4.2640359e-16  3.0847235e-16  1.1740359e-15  
3.5361931e-16  -7.7655981e-18  -8.0582141e-16  1.0000000   7.0384256e-16  -2.8454124e-16  -2.1319650e-16  1.2614184e-16  -3.9422946e-16  6.2675811e-16  5.3234242e-16  3.5361931e-16  -7.7655981e-18  -8.0582141e-16  1.0000000   7.0384256e-16  -2.8454124e-16  -2.1319650e-16  1.2614184e-16  -3.9422946e-16  6.2675811e-16  5.3234242e-16  
-5.8070885e-17  -1.0188390e-16  3.0415577e-17  7.0384256e-16  1.0000000   -4.2443873e-16  -2.2562046e-16  1.0730002e-17  -6.2042516e-17  2.4633674e-16  -9.8463345e-18  -5.8070885e-17  -1.0188390e-16  3.0415577e-17  7.0384256e-16  1.0000000   -4.2443873e-16  -2.2562046e-16  1.0730002e-17  -6.2042516e-17  2.4633674e-16  -9.8463345e-18  
-1.7606427e-16  1.4449048e-16  -4.0390427e-16  -2.8454124e-16  -4.2443873e-16  1.0000000   -1.4340776e-16  1.6465452e-16  1.8298453e-16  -4.6425071e-16  5.9315600e-16  -1.7606427e-16  1.4449048e-16  -4.0390427e-16  -2.8454124e-16  -4.2443873e-16  1.0000000   -1.4340776e-16  1.6465452e-16  1.8298453e-16  -4.6425071e-16  5.9315600e-16  
9.7608689e-17  -3.2489113e-17  -1.0318386e-16  -2.1319650e-16  -2.2562046e-16  -1.4340776e-16  1.0000000   -2.6211307e-16  -2.1437642e-16  -6.5298204e-16  2.5904809e-16  9.7608689e-17  -3.2489113e-17  -1.0318386e-16  -2.1319650e-16  -2.2562046e-16  -1.4340776e-16  1.0000000   -2.6211307e-16  -2.1437642e-16  -6.5298204e-16  2.5904809e-16  
1.1116122e-16  6.0026049e-18  -7.0401990e-17  1.2614184e-16  1.0730002e-17  1.6465452e-16  -2.6211307e-16  1.0000000   1.9456802e-16  3.6006250e-16  3.8279748e-16  1.1116122e-16  6.0026049e-18  -7.0401990e-17  1.2614184e-16  1.0730002e-17  1.6465452e-16  -2.6211307e-16  1.0000000   1.9456802e-16  3.6006250e-16  3.8279748e-16  
-9.5549552e-17  -2.2821946e-16  -4.2640359e-16  -3.9422946e-16  -6.2042516e-17  1.8298453e-16  -2.1437642e-16  1.9456802e-16  1.0000000   3.3871948e-17  -1.4558061e-17  -9.5549552e-17  -2.2821946e-16  -4.2640359e-16  -3.9422946e-16  -6.2042516e-17  1.8298453e-16  -2.1437642e-16  1.9456802e-16  1.0000000   3.3871948e-17  -1.4558061e-17  
-2.3938782e-16  -2.4162281e-16  3.0847235e-16  6.2675811e-16  2.4633674e-16  -4.6425071e-16  -6.5298204e-16  3.6006250e-16  3.3871948e-17  1.0000000   -1.3955331e-16  -2.3938782e-16  -2.4162281e-16  3.0847235e-16  6.2675811e-16  2.4633674e-16  -4.6425071e-16  -6.5298204e-16  3.6006250e-16  3.3871948e-17  1.0000000   -1.3955331e-16  
2.0155149e-16  9.8801152e-17  1.1740359e-15  5.3234242e-16  -9.8463345e-18  5.9315600e-16  2.5904809e-16  3.8279748e-16  -1.4558061e-17  -1.3955331e-16  1.0000000   2.0155149e-16  9.8801152e-17  1.1740359e-15  5.3234242e-16  -9.8463345e-18  5.9315600e-16  2.5904809e-16  3.8279748e-16  -1.4558061e-17  -1.3955331e-16  1.0000000   
