1.0000000   2.9240933e-16  -4.1684524e-16  3.2333535e-16  3.0229807e-16  -1.1348667e-15  1.3230824e-15  4.7838843e-16  -3.6260146e-16  -1.8380393e-16  -1.2828653e-16  1.0000000   2.9240933e-16  -4.1684524e-16  3.2333535e-16  3.0229807e-16  -1.1348667e-15  1.3230824e-15  4.7838843e-16  -3.6260146e-16  -1.8380393e-16  -1.2828653e-16  
2.9240933e-16  1.0000000   3.1811169e-17  -5.0155531e-16  4.2200134e-17  -6.0294442e-16  -3.8993501e-16  1.3349218e-16  5.2506312e-16  1.9518815e-16  9.0948045e-17  2.9240933e-16  1.0000000   3.1811169e-17  -5.0155531e-16  4.2200134e-17  -6.0294442e-16  -3.8993501e-16  1.3349218e-16  5.2506312e-16  1.9518815e-16  9.0948045e-17  
-4.1684524e-16  3.1811169e-17  1.0000000   -6.1916414e-17  3.3130094e-16  -3.0124293e-16  -4.5954756e-16  -2.2700483e-17  -1.0285002e-16  7.5378097e-17  2.6010137e-16  -4.1684524e-16  3.1811169e-17  1.0000000   -6.1916414e-17  3.3130094e-16  -3.0124293e-16  -4.5954756e-16  -2.2700483e-17  -1.0285002e-16  7.5378097e-17  2.6010137e-16  
3.2333535e-16  -5.0155531e-16  -6.1916414e-17  1.0000000   6.1647454e-16  5.0412774e-16  2.1991368e-16  -2.0522830e-16  9.1373679e-19  2.2603678e-16  -1.2733531e-16  3.2333535e-16  -5.0155531e-16  -6.1916414e-17  1.0000000   6.1647454e-16  5.0412774e-16  2.1991368e-16  -2.0522830e-16  9.1373679e-19  2.2603678e-16  -1.2733531e-16  
3.0229807e-16  4.2200134e-17  3.3130094e-16  6.1647454e-16  1.0000000   -2.9327481e-16  3.0186824e-16  -5.1278295e-16  -1.3498238e-16  1.3370268e-16  -7.8209403e-16  3.0229807e-16  4.2200134e-17  3.3130094e-16  6.1647454e-16  1.0000000   -2.9327481e-16  3.0186824e-16  -5.1278295e-16  -1.3498238e-16  1.3370268e-16  -7.8209403e-16  
-1.1348667e-15  -6.0294442e-16  -3.0124293e-16  5.0412774e-16  -2.9327481e-16  1.0000000   -8.1324401e-17  8.6990287e-17  1.9770490e-16  -8.3165427e-17  -3.5042292e-16  -1.1348667e-15  -6.0294442e-16  -3.0124293e-16  5.0412774e-16  -2.9327481e-16  1.0000000   -8.1324401e-17  8.6990287e-17  1.9770490e-16  -8.3165427e-17  -3.5042292e-16  
1.3230824e-15  -3.8993501e-16  -4.5954756e-16  2.1991368e-16  3.0186824e-16  -8.1324401e-17  1.0000000   8.6447971e-17  1.0570092e-16  3.2928406e-20  -4.7003605e-16  1.3230824e-15  -3.8993501e-16  -4.5954756e-16  2.1991368e-16  3.0186824e-16  -8.1324401e-17  1.0000000   8.6447971e-17  1.0570092e-16  3.2928406e-20  -4.7003605e-16  
4.7838843e-16  1.3349218e-16  -2.2700483e-17  -2.0522830e-16  -5.1278295e-16  8.6990287e-17  8.6447971e-17  1.0000000   -1.5140555e-17  1.0998883e-16  1.4055911e-16  4.7838843e-16  1.3349218e-16  -2.2700483e-17  -2.0522830e-16  -5.1278295e-16  8.6990287e-17  8.6447971e-17  1.0000000   -1.5140555e-17  1.0998883e-16  1.4055911e-16  
-3.6260146e-16  5.2506312e-16  -1.0285002e-16  9.1373679e-19  -1.3498238e-16  1.9770490e-16  1.0570092e-16  -1.5140555e-17  1.0000000   9.0788379e-17  8.7508774e-17  -3.6260146e-16  5.2506312e-16  -1.0285002e-16  9.1373679e-19  -1.3498238e-16  1.9770490e-16  1.0570092e-16  -1.5140555e-17  1.0000000   9.0788379e-17  8.7508774e-17  
-1.8380393e-16  1.9518815e-16  7.5378097e-17  2.2603678e-16  1.3370268e-16  -8.3165427e-17  3.2928406e-20  1.0998883e-16  9.0788379e-17  1.0000000   -9.4101628e-17  -1.8380393e-16  1.9518815e-16  7.5378097e-17  2.2603678e-16  1.3370268e-16  -8.3165427e-17  3.2928406e-20  1.0998883e-16  9.0788379e-17  1.0000000   -9.4101628e-17  
-1.2828653e-16  9.0948045e-17  2.6010137e-16  -1.2733531e-16  -7.8209403e-16  -3.5042292e-16  -4.7003605e-16  1.4055911e-16  8.7508774e-17  -9.4101628e-17  1.0000000   -1.2828653e-16  9.0948045e-17  2.6010137e-16  -1.2733531e-16  -7.8209403e-16  -3.5042292e-16  -4.7003605e-16  1.4055911e-16  8.7508774e-17  -9.4101628e-17  1.0000000   
1.0000000   2.9240933e-16  -4.1684524e-16  3.2333535e-16  3.0229807e-16  -1.1348667e-15  1.3230824e-15  4.7838843e-16  -3.6260146e-16  -1.8380393e-16  -1.2828653e-16  1.0000000   2.9240933e-16  -4.1684524e-16  3.2333535e-16  3.0229807e-16  -1.1348667e-15  1.3230824e-15  4.7838843e-16  -3.6260146e-16  -1.8380393e-16  -1.2828653e-16  
2.9240933e-16  1.0000000   3.1811169e-17  -5.0155531e-16  4.2200134e-17  -6.0294442e-16  -3.8993501e-16  1.3349218e-16  5.2506312e-16  1.9518815e-16  9.0948045e-17  2.9240933e-16  1.0000000   3.1811169e-17  -5.0155531e-16  4.2200134e-17  -6.0294442e-16  -3.8993501e-16  1.3349218e-16  5.2506312e-16  1.9518815e-16  9.0948045e-17  
-4.1684524e-16  3.1811169e-17  1.0000000   -6.1916414e-17  3.3130094e-16  -3.0124293e-16  -4.5954756e-16  -2.2700483e-17  -1.0285002e-16  7.5378097e-17  2.6010137e-16  -4.1684524e-16  3.1811169e-17  1.0000000   -6.1916414e-17  3.3130094e-16  -3.0124293e-16  -4.5954756e-16  -2.2700483e-17  -1.0285002e-16  7.5378097e-17  2.6010137e-16  
3.2333535e-16  -5.0155531e-16  -6.1916414e-17  1.0000000   6.1647454e-16  5.0412774e-16  2.1991368e-16  -2.0522830e-16  9.1373679e-19  2.2603678e-16  -1.2733531e-16  3.2333535e-16  -5.0155531e-16  -6.1916414e-17  1.0000000   6.1647454e-16  5.0412774e-16  2.1991368e-16  -2.0522830e-16  9.1373679e-19  2.2603678e-16  -1.2733531e-16  
3.0229807e-16  4.2200134e-17  3.3130094e-16  6.1647454e-16  1.0000000   -2.9327481e-16  3.0186824e-16  -5.1278295e-16  -1.3498238e-16  1.3370268e-16  -7.8209403e-16  3.0229807e-16  4.2200134e-17  3.3130094e-16  6.1647454e-16  1.0000000   -2.9327481e-16  3.0186824e-16  -5.1278295e-16  -1.3498238e-16  1.3370268e-16  -7.8209403e-16  
-1.1348667e-15  -6.0294442e-16  -3.0124293e-16  5.0412774e-16  -2.9327481e-16  1.0000000   -8.1324401e-17  8.6990287e-17  1.9770490e-16  -8.3165427e-17  -3.5042292e-16  -1.1348667e-15  -6.0294442e-16  -3.0124293e-16  5.0412774e-16  -2.9327481e-16  1.0000000   -8.1324401e-17  8.6990287e-17  1.9770490e-16  -8.3165427e-17  -3.5042292e-16  
1.3230824e-15  -3.8993501e-16  -4.5954756e-16  2.1991368e-16  3.0186824e-16  -8.1324401e-17  1.0000000   8.6447971e-17  1.0570092e-16  3.2928406e-20  -4.7003605e-16  1.3230824e-15  -3.8993501e-16  -4.5954756e-16  2.1991368e-16  3.0186824e-16  -8.1324401e-17  1.0000000   8.6447971e-17  1.0570092e-16  3.2928406e-20  -4.7003605e-16  
4.7838843e-16  1.3349218e-16  -2.2700483e-17  -2.0522830e-16  -5.1278295e-16  8.6990287e-17  8.6447971e-17  1.0000000   -1.5140555e-17  1.0998883e-16  1.4055911e-16  4.7838843e-16  1.3349218e-16  -2.2700483e-17  -2.0522830e-16  -5.1278295e-16  8.6990287e-17  8.6447971e-17  1.0000000   -1.5140555e-17  1.0998883e-16  1.4055911e-16  
-3.6260146e-16  5.2506312e-16  -1.0285002e-16  9.1373679e-19  -1.3498238e-16  1.9770490e-16  1.0570092e-16  -1.5140555e-17  1.0000000   9.0788379e-17  8.7508774e-17  -3.6260146e-16  5.2506312e-16  -1.0285002e-16  9.1373679e-19  -1.3498238e-16  1.9770490e-16  1.0570092e-16  -1.5140555e-17  1.0000000   9.0788379e-17  8.7508774e-17  
-1.8380393e-16  1.9518815e-16  7.5378097e-17  2.2603678e-16  1.3370268e-16  -8.3165427e-17  3.2928406e-20  1.0998883e-16  9.0788379e-17  1.0000000   -9.4101628e-17  -1.8380393e-16  1.9518815e-16  7.5378097e-17  2.2603678e-16  1.3370268e-16  -8.3165427e-17  3.2928406e-20  1.0998883e-16  9.0788379e-17  1.0000000   -9.4101628e-17  
-1.2828653e-16  9.0948045e-17  2.6010137e-16  -1.2733531e-16  -7.8209403e-16  -3.5042292e-16  -4.7003605e-16  1.4055911e-16  8.7508774e-17  -9.4101628e-17  1.0000000   -1.2828653e-16  9.0948045e-17  2.6010137e-16  -1.2733531e-16  -7.8209403e-16  -3.5042292e-16  -4.7003605e-16  1.4055911e-16  8.7508774e-17  -9.4101628e-17  1.0000000   
