1.0000000   -8.0515564e-17  -1.3853393e-16  -1.4260647e-16  -1.5719195e-16  -4.8360923e-16  -5.8405463e-16  1.1824538e-16  4.5867845e-16  2.2637273e-16  -3.0347412e-16  1.0000000   -8.0515564e-17  -1.3853393e-16  -1.4260647e-16  -1.5719195e-16  -4.8360923e-16  -5.8405463e-16  1.1824538e-16  4.5867845e-16  2.2637273e-16  -3.0347412e-16  
-8.0515564e-17  1.0000000   -2.9625824e-17  -3.8431537e-16  -6.4666730e-18  -2.4512032e-16  1.7467344e-16  -1.4825067e-16  1.6859301e-16  8.0833582e-16  -1.3900658e-16  -8.0515564e-17  1.0000000   -2.9625824e-17  -3.8431537e-16  -6.4666730e-18  -2.4512032e-16  1.7467344e-16  -1.4825067e-16  1.6859301e-16  8.0833582e-16  -1.3900658e-16  
-1.3853393e-16  -2.9625824e-17  1.0000000   2.9008337e-16  -1.0598373e-16  -2.6061764e-16  7.8382735e-17  -6.0757673e-17  -3.6059998e-16  -5.5155715e-16  -1.0313084e-15  -1.3853393e-16  -2.9625824e-17  1.0000000   2.9008337e-16  -1.0598373e-16  -2.6061764e-16  7.8382735e-17  -6.0757673e-17  -3.6059998e-16  -5.5155715e-16  -1.0313084e-15  
-1.4260647e-16  -3.8431537e-16  2.9008337e-16  1.0000000   -6.5033919e-17  -1.0070068e-16  2.1159667e-16  1.7033462e-16  -1.8941494e-16  2.9794670e-16  -2.9262458e-16  -1.4260647e-16  -3.8431537e-16  2.9008337e-16  1.0000000   -6.5033919e-17  -1.0070068e-16  2.1159667e-16  1.7033462e-16  -1.8941494e-16  2.9794670e-16  -2.9262458e-16  
-1.5719195e-16  -6.4666730e-18  -1.0598373e-16  -6.5033919e-17  1.0000000   3.3771309e-17  5.2362179e-16  7.5514957e-16  -4.3201481e-16  -9.6099369e-17  -3.0916247e-16  -1.5719195e-16  -6.4666730e-18  -1.0598373e-16  -6.5033919e-17  1.0000000   3.3771309e-17  5.2362179e-16  7.5514957e-16  -4.3201481e-16  -9.6099369e-17  -3.0916247e-16  
-4.8360923e-16  -2.4512032e-16  -2.6061764e-16  -1.0070068e-16  3.3771309e-17  1.0000000   3.1389220e-16  -1.1626713e-16  -1.4149580e-17  1.6069210e-16  2.0285126e-16  -4.8360923e-16  -2.4512032e-16  -2.6061764e-16  -1.0070068e-16  3.3771309e-17  1.0000000   3.1389220e-16  -1.1626713e-16  -1.4149580e-17  1.6069210e-16  2.0285126e-16  
-5.8405463e-16  1.7467344e-16  7.8382735e-17  2.1159667e-16  5.2362179e-16  3.1389220e-16  1.0000000   2.1993253e-16  -5.9027079e-17  1.8688829e-16  5.0055793e-16  -5.8405463e-16  1.7467344e-16  7.8382735e-17  2.1159667e-16  5.2362179e-16  3.1389220e-16  1.0000000   2.1993253e-16  -5.9027079e-17  1.8688829e-16  5.0055793e-16  
1.1824538e-16  -1.4825067e-16  -6.0757673e-17  1.7033462e-16  7.5514957e-16  -1.1626713e-16  2.1993253e-16  1.0000000   -2.5748268e-16  -2.2713030e-17  1.5916638e-16  1.1824538e-16  -1.4825067e-16  -6.0757673e-17  1.7033462e-16  7.5514957e-16  -1.1626713e-16  2.1993253e-16  1.0000000   -2.5748268e-16  -2.2713030e-17  1.5916638e-16  
4.5867845e-16  1.6859301e-16  -3.6059998e-16  -1.8941494e-16  -4.3201481e-16  -1.4149580e-17  -5.9027079e-17  -2.5748268e-16  1.0000000   1.0118211e-16  -1.7838564e-16  4.5867845e-16  1.6859301e-16  -3.6059998e-16  -1.8941494e-16  -4.3201481e-16  -1.4149580e-17  -5.9027079e-17  -2.5748268e-16  1.0000000   1.0118211e-16  -1.7838564e-16  
2.2637273e-16  8.0833582e-16  -5.5155715e-16  2.9794670e-16  -9.6099369e-17  1.6069210e-16  1.8688829e-16  -2.2713030e-17  1.0118211e-16  1.0000000   2.7979081e-16  2.2637273e-16  8.0833582e-16  -5.5155715e-16  2.9794670e-16  -9.6099369e-17  1.6069210e-16  1.8688829e-16  -2.2713030e-17  1.0118211e-16  1.0000000   2.7979081e-16  
-3.0347412e-16  -1.3900658e-16  -1.0313084e-15  -2.9262458e-16  -3.0916247e-16  2.0285126e-16  5.0055793e-16  1.5916638e-16  -1.7838564e-16  2.7979081e-16  1.0000000   -3.0347412e-16  -1.3900658e-16  -1.0313084e-15  -2.9262458e-16  -3.0916247e-16  2.0285126e-16  5.0055793e-16  1.5916638e-16  -1.7838564e-16  2.7979081e-16  1.0000000   
1.0000000   -8.0515564e-17  -1.3853393e-16  -1.4260647e-16  -1.5719195e-16  -4.8360923e-16  -5.8405463e-16  1.1824538e-16  4.5867845e-16  2.2637273e-16  -3.0347412e-16  1.0000000   -8.0515564e-17  -1.3853393e-16  -1.4260647e-16  -1.5719195e-16  -4.8360923e-16  -5.8405463e-16  1.1824538e-16  4.5867845e-16  2.2637273e-16  -3.0347412e-16  
-8.0515564e-17  1.0000000   -2.9625824e-17  -3.8431537e-16  -6.4666730e-18  -2.4512032e-16  1.7467344e-16  -1.4825067e-16  1.6859301e-16  8.0833582e-16  -1.3900658e-16  -8.0515564e-17  1.0000000   -2.9625824e-17  -3.8431537e-16  -6.4666730e-18  -2.4512032e-16  1.7467344e-16  -1.4825067e-16  1.6859301e-16  8.0833582e-16  -1.3900658e-16  
-1.3853393e-16  -2.9625824e-17  1.0000000   2.9008337e-16  -1.0598373e-16  -2.6061764e-16  7.8382735e-17  -6.0757673e-17  -3.6059998e-16  -5.5155715e-16  -1.0313084e-15  -1.3853393e-16  -2.9625824e-17  1.0000000   2.9008337e-16  -1.0598373e-16  -2.6061764e-16  7.8382735e-17  -6.0757673e-17  -3.6059998e-16  -5.5155715e-16  -1.0313084e-15  
-1.4260647e-16  -3.8431537e-16  2.9008337e-16  1.0000000   -6.5033919e-17  -1.0070068e-16  2.1159667e-16  1.7033462e-16  -1.8941494e-16  2.9794670e-16  -2.9262458e-16  -1.4260647e-16  -3.8431537e-16  2.9008337e-16  1.0000000   -6.5033919e-17  -1.0070068e-16  2.1159667e-16  1.7033462e-16  -1.8941494e-16  2.9794670e-16  -2.9262458e-16  
-1.5719195e-16  -6.4666730e-18  -1.0598373e-16  -6.5033919e-17  1.0000000   3.3771309e-17  5.2362179e-16  7.5514957e-16  -4.3201481e-16  -9.6099369e-17  -3.0916247e-16  -1.5719195e-16  -6.4666730e-18  -1.0598373e-16  -6.5033919e-17  1.0000000   3.3771309e-17  5.2362179e-16  7.5514957e-16  -4.3201481e-16  -9.6099369e-17  -3.0916247e-16  
-4.8360923e-16  -2.4512032e-16  -2.6061764e-16  -1.0070068e-16  3.3771309e-17  1.0000000   3.1389220e-16  -1.1626713e-16  -1.4149580e-17  1.6069210e-16  2.0285126e-16  -4.8360923e-16  -2.4512032e-16  -2.6061764e-16  -1.0070068e-16  3.3771309e-17  1.0000000   3.1389220e-16  -1.1626713e-16  -1.4149580e-17  1.6069210e-16  2.0285126e-16  
-5.8405463e-16  1.7467344e-16  7.8382735e-17  2.1159667e-16  5.2362179e-16  3.1389220e-16  1.0000000   2.1993253e-16  -5.9027079e-17  1.8688829e-16  5.0055793e-16  -5.8405463e-16  1.7467344e-16  7.8382735e-17  2.1159667e-16  5.2362179e-16  3.1389220e-16  1.0000000   2.1993253e-16  -5.9027079e-17  1.8688829e-16  5.0055793e-16  
1.1824538e-16  -1.4825067e-16  -6.0757673e-17  1.7033462e-16  7.5514957e-16  -1.1626713e-16  2.1993253e-16  1.0000000   -2.5748268e-16  -2.2713030e-17  1.5916638e-16  1.1824538e-16  -1.4825067e-16  -6.0757673e-17  1.7033462e-16  7.5514957e-16  -1.1626713e-16  2.1993253e-16  1.0000000   -2.5748268e-16  -2.2713030e-17  1.5916638e-16  
4.5867845e-16  1.6859301e-16  -3.6059998e-16  -1.8941494e-16  -4.3201481e-16  -1.4149580e-17  -5.9027079e-17  -2.5748268e-16  1.0000000   1.0118211e-16  -1.7838564e-16  4.5867845e-16  1.6859301e-16  -3.6059998e-16  -1.8941494e-16  -4.3201481e-16  -1.4149580e-17  -5.9027079e-17  -2.5748268e-16  1.0000000   1.0118211e-16  -1.7838564e-16  
2.2637273e-16  8.0833582e-16  -5.5155715e-16  2.9794670e-16  -9.6099369e-17  1.6069210e-16  1.8688829e-16  -2.2713030e-17  1.0118211e-16  1.0000000   2.7979081e-16  2.2637273e-16  8.0833582e-16  -5.5155715e-16  2.9794670e-16  -9.6099369e-17  1.6069210e-16  1.8688829e-16  -2.2713030e-17  1.0118211e-16  1.0000000   2.7979081e-16  
-3.0347412e-16  -1.3900658e-16  -1.0313084e-15  -2.9262458e-16  -3.0916247e-16  2.0285126e-16  5.0055793e-16  1.5916638e-16  -1.7838564e-16  2.7979081e-16  1.0000000   -3.0347412e-16  -1.3900658e-16  -1.0313084e-15  -2.9262458e-16  -3.0916247e-16  2.0285126e-16  5.0055793e-16  1.5916638e-16  -1.7838564e-16  2.7979081e-16  1.0000000   
