1.0000000   4.7125186e-16  1.1749363e-16  -1.5006036e-17  1.3271058e-16  -2.7717713e-16  2.8042212e-16  1.0868534e-16  4.4087218e-16  -1.2061072e-16  -1.7162920e-16  1.0000000   4.7125186e-16  1.1749363e-16  -1.5006036e-17  1.3271058e-16  -2.7717713e-16  2.8042212e-16  1.0868534e-16  4.4087218e-16  -1.2061072e-16  -1.7162920e-16  
4.7125186e-16  1.0000000   -8.3516093e-16  8.2209630e-17  3.0224804e-16  -1.7100155e-16  1.7987592e-16  -2.8268285e-16  2.8177334e-16  -2.0673279e-16  2.7904908e-16  4.7125186e-16  1.0000000   -8.3516093e-16  8.2209630e-17  3.0224804e-16  -1.7100155e-16  1.7987592e-16  -2.8268285e-16  2.8177334e-16  -2.0673279e-16  2.7904908e-16  
1.1749363e-16  -8.3516093e-16  1.0000000   8.4591825e-16  -6.3851228e-16  -2.7654630e-16  -1.2268425e-17  7.0711115e-16  -3.6200155e-16  6.7856445e-17  -1.3367535e-16  1.1749363e-16  -8.3516093e-16  1.0000000   8.4591825e-16  -6.3851228e-16  -2.7654630e-16  -1.2268425e-17  7.0711115e-16  -3.6200155e-16  6.7856445e-17  -1.3367535e-16  
-1.5006036e-17  8.2209630e-17  8.4591825e-16  1.0000000   6.3177519e-16  1.5345675e-16  2.2199378e-16  -7.1193119e-17  -1.0717783e-15  -1.8169534e-16  -4.1189603e-16  -1.5006036e-17  8.2209630e-17  8.4591825e-16  1.0000000   6.3177519e-16  1.5345675e-16  2.2199378e-16  -7.1193119e-17  -1.0717783e-15  -1.8169534e-16  -4.1189603e-16  
1.3271058e-16  3.0224804e-16  -6.3851228e-16  6.3177519e-16  1.0000000   -2.6580127e-16  -1.9708276e-16  1.8582749e-16  -2.2163941e-16  5.9276266e-17  -2.8276723e-16  1.3271058e-16  3.0224804e-16  -6.3851228e-16  6.3177519e-16  1.0000000   -2.6580127e-16  -1.9708276e-16  1.8582749e-16  -2.2163941e-16  5.9276266e-17  -2.8276723e-16  
-2.7717713e-16  -1.7100155e-16  -2.7654630e-16  1.5345675e-16  -2.6580127e-16  1.0000000   1.0464245e-17  2.0936553e-16  5.0155558e-16  1.9834018e-17  2.2257781e-16  -2.7717713e-16  -1.7100155e-16  -2.7654630e-16  1.5345675e-16  -2.6580127e-16  1.0000000   1.0464245e-17  2.0936553e-16  5.0155558e-16  1.9834018e-17  2.2257781e-16  
2.8042212e-16  1.7987592e-16  -1.2268425e-17  2.2199378e-16  -1.9708276e-16  1.0464245e-17  1.0000000   8.4802609e-17  8.1171803e-17  -1.7853506e-16  5.1484357e-17  2.8042212e-16  1.7987592e-16  -1.2268425e-17  2.2199378e-16  -1.9708276e-16  1.0464245e-17  1.0000000   8.4802609e-17  8.1171803e-17  -1.7853506e-16  5.1484357e-17  
1.0868534e-16  -2.8268285e-16  7.0711115e-16  -7.1193119e-17  1.8582749e-16  2.0936553e-16  8.4802609e-17  1.0000000   4.1001191e-16  2.1499123e-16  8.7848587e-16  1.0868534e-16  -2.8268285e-16  7.0711115e-16  -7.1193119e-17  1.8582749e-16  2.0936553e-16  8.4802609e-17  1.0000000   4.1001191e-16  2.1499123e-16  8.7848587e-16  
4.4087218e-16  2.8177334e-16  -3.6200155e-16  -1.0717783e-15  -2.2163941e-16  5.0155558e-16  8.1171803e-17  4.1001191e-16  1.0000000   1.7867482e-16  -6.2085609e-17  4.4087218e-16  2.8177334e-16  -3.6200155e-16  -1.0717783e-15  -2.2163941e-16  5.0155558e-16  8.1171803e-17  4.1001191e-16  1.0000000   1.7867482e-16  -6.2085609e-17  
-1.2061072e-16  -2.0673279e-16  6.7856445e-17  -1.8169534e-16  5.9276266e-17  1.9834018e-17  -1.7853506e-16  2.1499123e-16  1.7867482e-16  1.0000000   -1.1824696e-16  -1.2061072e-16  -2.0673279e-16  6.7856445e-17  -1.8169534e-16  5.9276266e-17  1.9834018e-17  -1.7853506e-16  2.1499123e-16  1.7867482e-16  1.0000000   -1.1824696e-16  
-1.7162920e-16  2.7904908e-16  -1.3367535e-16  -4.1189603e-16  -2.8276723e-16  2.2257781e-16  5.1484357e-17  8.7848587e-16  -6.2085609e-17  -1.1824696e-16  1.0000000   -1.7162920e-16  2.7904908e-16  -1.3367535e-16  -4.1189603e-16  -2.8276723e-16  2.2257781e-16  5.1484357e-17  8.7848587e-16  -6.2085609e-17  -1.1824696e-16  1.0000000   
1.0000000   4.7125186e-16  1.1749363e-16  -1.5006036e-17  1.3271058e-16  -2.7717713e-16  2.8042212e-16  1.0868534e-16  4.4087218e-16  -1.2061072e-16  -1.7162920e-16  1.0000000   4.7125186e-16  1.1749363e-16  -1.5006036e-17  1.3271058e-16  -2.7717713e-16  2.8042212e-16  1.0868534e-16  4.4087218e-16  -1.2061072e-16  -1.7162920e-16  
4.7125186e-16  1.0000000   -8.3516093e-16  8.2209630e-17  3.0224804e-16  -1.7100155e-16  1.7987592e-16  -2.8268285e-16  2.8177334e-16  -2.0673279e-16  2.7904908e-16  4.7125186e-16  1.0000000   -8.3516093e-16  8.2209630e-17  3.0224804e-16  -1.7100155e-16  1.7987592e-16  -2.8268285e-16  2.8177334e-16  -2.0673279e-16  2.7904908e-16  
1.1749363e-16  -8.3516093e-16  1.0000000   8.4591825e-16  -6.3851228e-16  -2.7654630e-16  -1.2268425e-17  7.0711115e-16  -3.6200155e-16  6.7856445e-17  -1.3367535e-16  1.1749363e-16  -8.3516093e-16  1.0000000   8.4591825e-16  -6.3851228e-16  -2.7654630e-16  -1.2268425e-17  7.0711115e-16  -3.6200155e-16  6.7856445e-17  -1.3367535e-16  
-1.5006036e-17  8.2209630e-17  8.4591825e-16  1.0000000   6.3177519e-16  1.5345675e-16  2.2199378e-16  -7.1193119e-17  -1.0717783e-15  -1.8169534e-16  -4.1189603e-16  -1.5006036e-17  8.2209630e-17  8.4591825e-16  1.0000000   6.3177519e-16  1.5345675e-16  2.2199378e-16  -7.1193119e-17  -1.0717783e-15  -1.8169534e-16  -4.1189603e-16  
1.3271058e-16  3.0224804e-16  -6.3851228e-16  6.3177519e-16  1.0000000   -2.6580127e-16  -1.9708276e-16  1.8582749e-16  -2.2163941e-16  5.9276266e-17  -2.8276723e-16  1.3271058e-16  3.0224804e-16  -6.3851228e-16  6.3177519e-16  1.0000000   -2.6580127e-16  -1.9708276e-16  1.8582749e-16  -2.2163941e-16  5.9276266e-17  -2.8276723e-16  
-2.7717713e-16  -1.7100155e-16  -2.7654630e-16  1.5345675e-16  -2.6580127e-16  1.0000000   1.0464245e-17  2.0936553e-16  5.0155558e-16  1.9834018e-17  2.2257781e-16  -2.7717713e-16  -1.7100155e-16  -2.7654630e-16  1.5345675e-16  -2.6580127e-16  1.0000000   1.0464245e-17  2.0936553e-16  5.0155558e-16  1.9834018e-17  2.2257781e-16  
2.8042212e-16  1.7987592e-16  -1.2268425e-17  2.2199378e-16  -1.9708276e-16  1.0464245e-17  1.0000000   8.4802609e-17  8.1171803e-17  -1.7853506e-16  5.1484357e-17  2.8042212e-16  1.7987592e-16  -1.2268425e-17  2.2199378e-16  -1.9708276e-16  1.0464245e-17  1.0000000   8.4802609e-17  8.1171803e-17  -1.7853506e-16  5.1484357e-17  
1.0868534e-16  -2.8268285e-16  7.0711115e-16  -7.1193119e-17  1.8582749e-16  2.0936553e-16  8.4802609e-17  1.0000000   4.1001191e-16  2.1499123e-16  8.7848587e-16  1.0868534e-16  -2.8268285e-16  7.0711115e-16  -7.1193119e-17  1.8582749e-16  2.0936553e-16  8.4802609e-17  1.0000000   4.1001191e-16  2.1499123e-16  8.7848587e-16  
4.4087218e-16  2.8177334e-16  -3.6200155e-16  -1.0717783e-15  -2.2163941e-16  5.0155558e-16  8.1171803e-17  4.1001191e-16  1.0000000   1.7867482e-16  -6.2085609e-17  4.4087218e-16  2.8177334e-16  -3.6200155e-16  -1.0717783e-15  -2.2163941e-16  5.0155558e-16  8.1171803e-17  4.1001191e-16  1.0000000   1.7867482e-16  -6.2085609e-17  
-1.2061072e-16  -2.0673279e-16  6.7856445e-17  -1.8169534e-16  5.9276266e-17  1.9834018e-17  -1.7853506e-16  2.1499123e-16  1.7867482e-16  1.0000000   -1.1824696e-16  -1.2061072e-16  -2.0673279e-16  6.7856445e-17  -1.8169534e-16  5.9276266e-17  1.9834018e-17  -1.7853506e-16  2.1499123e-16  1.7867482e-16  1.0000000   -1.1824696e-16  
-1.7162920e-16  2.7904908e-16  -1.3367535e-16  -4.1189603e-16  -2.8276723e-16  2.2257781e-16  5.1484357e-17  8.7848587e-16  -6.2085609e-17  -1.1824696e-16  1.0000000   -1.7162920e-16  2.7904908e-16  -1.3367535e-16  -4.1189603e-16  -2.8276723e-16  2.2257781e-16  5.1484357e-17  8.7848587e-16  -6.2085609e-17  -1.1824696e-16  1.0000000   
