1.0000000   6.5536210e-16  6.0478152e-16  -1.2324668e-16  -1.1938146e-16  2.5764201e-16  3.2762896e-16  -1.7593594e-16  3.3556904e-16  -2.2969988e-16  -6.2602511e-17  1.0000000   6.5536210e-16  6.0478152e-16  -1.2324668e-16  -1.1938146e-16  2.5764201e-16  3.2762896e-16  -1.7593594e-16  3.3556904e-16  -2.2969988e-16  -6.2602511e-17  
6.5536210e-16  1.0000000   3.3659819e-16  2.4648278e-16  -3.0408597e-16  4.7575564e-17  3.7133840e-16  -7.1592495e-17  5.2368228e-16  -4.6088420e-16  -7.6358538e-17  6.5536210e-16  1.0000000   3.3659819e-16  2.4648278e-16  -3.0408597e-16  4.7575564e-17  3.7133840e-16  -7.1592495e-17  5.2368228e-16  -4.6088420e-16  -7.6358538e-17  
6.0478152e-16  3.3659819e-16  1.0000000   1.7009269e-16  -1.0212041e-17  -3.7720918e-17  -4.0553058e-16  -3.8263422e-16  -5.1231602e-16  -1.5739090e-16  -1.0236198e-15  6.0478152e-16  3.3659819e-16  1.0000000   1.7009269e-16  -1.0212041e-17  -3.7720918e-17  -4.0553058e-16  -3.8263422e-16  -5.1231602e-16  -1.5739090e-16  -1.0236198e-15  
-1.2324668e-16  2.4648278e-16  1.7009269e-16  1.0000000   -6.2255672e-16  2.2650677e-16  -9.1546474e-16  2.3614770e-16  3.8755993e-18  -5.7055716e-17  -1.9276827e-15  -1.2324668e-16  2.4648278e-16  1.7009269e-16  1.0000000   -6.2255672e-16  2.2650677e-16  -9.1546474e-16  2.3614770e-16  3.8755993e-18  -5.7055716e-17  -1.9276827e-15  
-1.1938146e-16  -3.0408597e-16  -1.0212041e-17  -6.2255672e-16  1.0000000   -4.8871652e-16  1.1681198e-16  -8.7548373e-16  2.3574428e-16  9.2274307e-17  4.9389814e-16  -1.1938146e-16  -3.0408597e-16  -1.0212041e-17  -6.2255672e-16  1.0000000   -4.8871652e-16  1.1681198e-16  -8.7548373e-16  2.3574428e-16  9.2274307e-17  4.9389814e-16  
2.5764201e-16  4.7575564e-17  -3.7720918e-17  2.2650677e-16  -4.8871652e-16  1.0000000   -3.7070820e-16  -3.7699531e-16  2.6677091e-16  -5.5376759e-16  -1.7214208e-16  2.5764201e-16  4.7575564e-17  -3.7720918e-17  2.2650677e-16  -4.8871652e-16  1.0000000   -3.7070820e-16  -3.7699531e-16  2.6677091e-16  -5.5376759e-16  -1.7214208e-16  
3.2762896e-16  3.7133840e-16  -4.0553058e-16  -9.1546474e-16  1.1681198e-16  -3.7070820e-16  1.0000000   -8.7852987e-17  -3.9535136e-16  -1.7441827e-16  9.4020657e-17  3.2762896e-16  3.7133840e-16  -4.0553058e-16  -9.1546474e-16  1.1681198e-16  -3.7070820e-16  1.0000000   -8.7852987e-17  -3.9535136e-16  -1.7441827e-16  9.4020657e-17  
-1.7593594e-16  -7.1592495e-17  -3.8263422e-16  2.3614770e-16  -8.7548373e-16  -3.7699531e-16  -8.7852987e-17  1.0000000   -3.9960360e-16  2.4143881e-16  -4.4634825e-16  -1.7593594e-16  -7.1592495e-17  -3.8263422e-16  2.3614770e-16  -8.7548373e-16  -3.7699531e-16  -8.7852987e-17  1.0000000   -3.9960360e-16  2.4143881e-16  -4.4634825e-16  
3.3556904e-16  5.2368228e-16  -5.1231602e-16  3.8755993e-18  2.3574428e-16  2.6677091e-16  -3.9535136e-16  -3.9960360e-16  1.0000000   4.6034811e-17  5.2838000e-16  3.3556904e-16  5.2368228e-16  -5.1231602e-16  3.8755993e-18  2.3574428e-16  2.6677091e-16  -3.9535136e-16  -3.9960360e-16  1.0000000   4.6034811e-17  5.2838000e-16  
-2.2969988e-16  -4.6088420e-16  -1.5739090e-16  -5.7055716e-17  9.2274307e-17  -5.5376759e-16  -1.7441827e-16  2.4143881e-16  4.6034811e-17  1.0000000   -1.9470958e-17  -2.2969988e-16  -4.6088420e-16  -1.5739090e-16  -5.7055716e-17  9.2274307e-17  -5.5376759e-16  -1.7441827e-16  2.4143881e-16  4.6034811e-17  1.0000000   -1.9470958e-17  
-6.2602511e-17  -7.6358538e-17  -1.0236198e-15  -1.9276827e-15  4.9389814e-16  -1.7214208e-16  9.4020657e-17  -4.4634825e-16  5.2838000e-16  -1.9470958e-17  1.0000000   -6.2602511e-17  -7.6358538e-17  -1.0236198e-15  -1.9276827e-15  4.9389814e-16  -1.7214208e-16  9.4020657e-17  -4.4634825e-16  5.2838000e-16  -1.9470958e-17  1.0000000   
1.0000000   6.5536210e-16  6.0478152e-16  -1.2324668e-16  -1.1938146e-16  2.5764201e-16  3.2762896e-16  -1.7593594e-16  3.3556904e-16  -2.2969988e-16  -6.2602511e-17  1.0000000   6.5536210e-16  6.0478152e-16  -1.2324668e-16  -1.1938146e-16  2.5764201e-16  3.2762896e-16  -1.7593594e-16  3.3556904e-16  -2.2969988e-16  -6.2602511e-17  
6.5536210e-16  1.0000000   3.3659819e-16  2.4648278e-16  -3.0408597e-16  4.7575564e-17  3.7133840e-16  -7.1592495e-17  5.2368228e-16  -4.6088420e-16  -7.6358538e-17  6.5536210e-16  1.0000000   3.3659819e-16  2.4648278e-16  -3.0408597e-16  4.7575564e-17  3.7133840e-16  -7.1592495e-17  5.2368228e-16  -4.6088420e-16  -7.6358538e-17  
6.0478152e-16  3.3659819e-16  1.0000000   1.7009269e-16  -1.0212041e-17  -3.7720918e-17  -4.0553058e-16  -3.8263422e-16  -5.1231602e-16  -1.5739090e-16  -1.0236198e-15  6.0478152e-16  3.3659819e-16  1.0000000   1.7009269e-16  -1.0212041e-17  -3.7720918e-17  -4.0553058e-16  -3.8263422e-16  -5.1231602e-16  -1.5739090e-16  -1.0236198e-15  
-1.2324668e-16  2.4648278e-16  1.7009269e-16  1.0000000   -6.2255672e-16  2.2650677e-16  -9.1546474e-16  2.3614770e-16  3.8755993e-18  -5.7055716e-17  -1.9276827e-15  -1.2324668e-16  2.4648278e-16  1.7009269e-16  1.0000000   -6.2255672e-16  2.2650677e-16  -9.1546474e-16  2.3614770e-16  3.8755993e-18  -5.7055716e-17  -1.9276827e-15  
-1.1938146e-16  -3.0408597e-16  -1.0212041e-17  -6.2255672e-16  1.0000000   -4.8871652e-16  1.1681198e-16  -8.7548373e-16  2.3574428e-16  9.2274307e-17  4.9389814e-16  -1.1938146e-16  -3.0408597e-16  -1.0212041e-17  -6.2255672e-16  1.0000000   -4.8871652e-16  1.1681198e-16  -8.7548373e-16  2.3574428e-16  9.2274307e-17  4.9389814e-16  
2.5764201e-16  4.7575564e-17  -3.7720918e-17  2.2650677e-16  -4.8871652e-16  1.0000000   -3.7070820e-16  -3.7699531e-16  2.6677091e-16  -5.5376759e-16  -1.7214208e-16  2.5764201e-16  4.7575564e-17  -3.7720918e-17  2.2650677e-16  -4.8871652e-16  1.0000000   -3.7070820e-16  -3.7699531e-16  2.6677091e-16  -5.5376759e-16  -1.7214208e-16  
3.2762896e-16  3.7133840e-16  -4.0553058e-16  -9.1546474e-16  1.1681198e-16  -3.7070820e-16  1.0000000   -8.7852987e-17  -3.9535136e-16  -1.7441827e-16  9.4020657e-17  3.2762896e-16  3.7133840e-16  -4.0553058e-16  -9.1546474e-16  1.1681198e-16  -3.7070820e-16  1.0000000   -8.7852987e-17  -3.9535136e-16  -1.7441827e-16  9.4020657e-17  
-1.7593594e-16  -7.1592495e-17  -3.8263422e-16  2.3614770e-16  -8.7548373e-16  -3.7699531e-16  -8.7852987e-17  1.0000000   -3.9960360e-16  2.4143881e-16  -4.4634825e-16  -1.7593594e-16  -7.1592495e-17  -3.8263422e-16  2.3614770e-16  -8.7548373e-16  -3.7699531e-16  -8.7852987e-17  1.0000000   -3.9960360e-16  2.4143881e-16  -4.4634825e-16  
3.3556904e-16  5.2368228e-16  -5.1231602e-16  3.8755993e-18  2.3574428e-16  2.6677091e-16  -3.9535136e-16  -3.9960360e-16  1.0000000   4.6034811e-17  5.2838000e-16  3.3556904e-16  5.2368228e-16  -5.1231602e-16  3.8755993e-18  2.3574428e-16  2.6677091e-16  -3.9535136e-16  -3.9960360e-16  1.0000000   4.6034811e-17  5.2838000e-16  
-2.2969988e-16  -4.6088420e-16  -1.5739090e-16  -5.7055716e-17  9.2274307e-17  -5.5376759e-16  -1.7441827e-16  2.4143881e-16  4.6034811e-17  1.0000000   -1.9470958e-17  -2.2969988e-16  -4.6088420e-16  -1.5739090e-16  -5.7055716e-17  9.2274307e-17  -5.5376759e-16  -1.7441827e-16  2.4143881e-16  4.6034811e-17  1.0000000   -1.9470958e-17  
-6.2602511e-17  -7.6358538e-17  -1.0236198e-15  -1.9276827e-15  4.9389814e-16  -1.7214208e-16  9.4020657e-17  -4.4634825e-16  5.2838000e-16  -1.9470958e-17  1.0000000   -6.2602511e-17  -7.6358538e-17  -1.0236198e-15  -1.9276827e-15  4.9389814e-16  -1.7214208e-16  9.4020657e-17  -4.4634825e-16  5.2838000e-16  -1.9470958e-17  1.0000000   
