1.0000000   -7.2248522e-17  7.7452693e-18  -1.1429863e-16  -3.0562706e-16  -5.4553284e-16  7.8398973e-17  8.8484427e-17  3.1449200e-20  -4.7304391e-22  6.7566124e-17  1.0000000   -7.2248522e-17  7.7452693e-18  -1.1429863e-16  -3.0562706e-16  -5.4553284e-16  7.8398973e-17  8.8484427e-17  3.1449200e-20  -4.7304391e-22  6.7566124e-17  
-7.2248522e-17  1.0000000   -9.3042122e-17  -5.4279904e-16  1.0259475e-16  -9.0987856e-17  5.9221667e-16  4.5098927e-16  -2.6425936e-16  -4.6356244e-18  8.6563379e-17  -7.2248522e-17  1.0000000   -9.3042122e-17  -5.4279904e-16  1.0259475e-16  -9.0987856e-17  5.9221667e-16  4.5098927e-16  -2.6425936e-16  -4.6356244e-18  8.6563379e-17  
7.7452693e-18  -9.3042122e-17  1.0000000   5.0728888e-16  -1.9359059e-16  9.4155865e-17  -2.7423021e-16  1.8759104e-16  -2.3019462e-16  2.5842404e-17  -6.0636230e-17  7.7452693e-18  -9.3042122e-17  1.0000000   5.0728888e-16  -1.9359059e-16  9.4155865e-17  -2.7423021e-16  1.8759104e-16  -2.3019462e-16  2.5842404e-17  -6.0636230e-17  
-1.1429863e-16  -5.4279904e-16  5.0728888e-16  1.0000000   -7.8732242e-17  5.9167792e-17  -1.0654501e-16  -4.4147089e-16  3.9670329e-16  -4.6764649e-17  -3.7360760e-16  -1.1429863e-16  -5.4279904e-16  5.0728888e-16  1.0000000   -7.8732242e-17  5.9167792e-17  -1.0654501e-16  -4.4147089e-16  3.9670329e-16  -4.6764649e-17  -3.7360760e-16  
-3.0562706e-16  1.0259475e-16  -1.9359059e-16  -7.8732242e-17  1.0000000   4.0732952e-16  5.0751883e-16  4.8298504e-16  5.8572252e-17  2.0284586e-18  -3.5652215e-16  -3.0562706e-16  1.0259475e-16  -1.9359059e-16  -7.8732242e-17  1.0000000   4.0732952e-16  5.0751883e-16  4.8298504e-16  5.8572252e-17  2.0284586e-18  -3.5652215e-16  
-5.4553284e-16  -9.0987856e-17  9.4155865e-17  5.9167792e-17  4.0732952e-16  1.0000000   -3.0348234e-16  -1.4151244e-16  -4.0869912e-17  2.0334467e-19  1.3956985e-17  -5.4553284e-16  -9.0987856e-17  9.4155865e-17  5.9167792e-17  4.0732952e-16  1.0000000   -3.0348234e-16  -1.4151244e-16  -4.0869912e-17  2.0334467e-19  1.3956985e-17  
7.8398973e-17  5.9221667e-16  -2.7423021e-16  -1.0654501e-16  5.0751883e-16  -3.0348234e-16  1.0000000   -1.6262816e-15  2.3980732e-16  -8.6111366e-18  9.2970583e-17  7.8398973e-17  5.9221667e-16  -2.7423021e-16  -1.0654501e-16  5.0751883e-16  -3.0348234e-16  1.0000000   -1.6262816e-15  2.3980732e-16  -8.6111366e-18  9.2970583e-17  
8.8484427e-17  4.5098927e-16  1.8759104e-16  -4.4147089e-16  4.8298504e-16  -1.4151244e-16  -1.6262816e-15  1.0000000   1.8948932e-16  1.6235462e-18  -3.7836831e-16  8.8484427e-17  4.5098927e-16  1.8759104e-16  -4.4147089e-16  4.8298504e-16  -1.4151244e-16  -1.6262816e-15  1.0000000   1.8948932e-16  1.6235462e-18  -3.7836831e-16  
3.1449200e-20  -2.6425936e-16  -2.3019462e-16  3.9670329e-16  5.8572252e-17  -4.0869912e-17  2.3980732e-16  1.8948932e-16  1.0000000   -1.5907272e-16  2.2101224e-16  3.1449200e-20  -2.6425936e-16  -2.3019462e-16  3.9670329e-16  5.8572252e-17  -4.0869912e-17  2.3980732e-16  1.8948932e-16  1.0000000   -1.5907272e-16  2.2101224e-16  
-4.7304391e-22  -4.6356244e-18  2.5842404e-17  -4.6764649e-17  2.0284586e-18  2.0334467e-19  -8.6111366e-18  1.6235462e-18  -1.5907272e-16  1.0000000   -1.5023214e-17  -4.7304391e-22  -4.6356244e-18  2.5842404e-17  -4.6764649e-17  2.0284586e-18  2.0334467e-19  -8.6111366e-18  1.6235462e-18  -1.5907272e-16  1.0000000   -1.5023214e-17  
6.7566124e-17  8.6563379e-17  -6.0636230e-17  -3.7360760e-16  -3.5652215e-16  1.3956985e-17  9.2970583e-17  -3.7836831e-16  2.2101224e-16  -1.5023214e-17  1.0000000   6.7566124e-17  8.6563379e-17  -6.0636230e-17  -3.7360760e-16  -3.5652215e-16  1.3956985e-17  9.2970583e-17  -3.7836831e-16  2.2101224e-16  -1.5023214e-17  1.0000000   
1.0000000   -7.2248522e-17  7.7452693e-18  -1.1429863e-16  -3.0562706e-16  -5.4553284e-16  7.8398973e-17  8.8484427e-17  3.1449200e-20  -4.7304391e-22  6.7566124e-17  1.0000000   -7.2248522e-17  7.7452693e-18  -1.1429863e-16  -3.0562706e-16  -5.4553284e-16  7.8398973e-17  8.8484427e-17  3.1449200e-20  -4.7304391e-22  6.7566124e-17  
-7.2248522e-17  1.0000000   -9.3042122e-17  -5.4279904e-16  1.0259475e-16  -9.0987856e-17  5.9221667e-16  4.5098927e-16  -2.6425936e-16  -4.6356244e-18  8.6563379e-17  -7.2248522e-17  1.0000000   -9.3042122e-17  -5.4279904e-16  1.0259475e-16  -9.0987856e-17  5.9221667e-16  4.5098927e-16  -2.6425936e-16  -4.6356244e-18  8.6563379e-17  
7.7452693e-18  -9.3042122e-17  1.0000000   5.0728888e-16  -1.9359059e-16  9.4155865e-17  -2.7423021e-16  1.8759104e-16  -2.3019462e-16  2.5842404e-17  -6.0636230e-17  7.7452693e-18  -9.3042122e-17  1.0000000   5.0728888e-16  -1.9359059e-16  9.4155865e-17  -2.7423021e-16  1.8759104e-16  -2.3019462e-16  2.5842404e-17  -6.0636230e-17  
-1.1429863e-16  -5.4279904e-16  5.0728888e-16  1.0000000   -7.8732242e-17  5.9167792e-17  -1.0654501e-16  -4.4147089e-16  3.9670329e-16  -4.6764649e-17  -3.7360760e-16  -1.1429863e-16  -5.4279904e-16  5.0728888e-16  1.0000000   -7.8732242e-17  5.9167792e-17  -1.0654501e-16  -4.4147089e-16  3.9670329e-16  -4.6764649e-17  -3.7360760e-16  
-3.0562706e-16  1.0259475e-16  -1.9359059e-16  -7.8732242e-17  1.0000000   4.0732952e-16  5.0751883e-16  4.8298504e-16  5.8572252e-17  2.0284586e-18  -3.5652215e-16  -3.0562706e-16  1.0259475e-16  -1.9359059e-16  -7.8732242e-17  1.0000000   4.0732952e-16  5.0751883e-16  4.8298504e-16  5.8572252e-17  2.0284586e-18  -3.5652215e-16  
-5.4553284e-16  -9.0987856e-17  9.4155865e-17  5.9167792e-17  4.0732952e-16  1.0000000   -3.0348234e-16  -1.4151244e-16  -4.0869912e-17  2.0334467e-19  1.3956985e-17  -5.4553284e-16  -9.0987856e-17  9.4155865e-17  5.9167792e-17  4.0732952e-16  1.0000000   -3.0348234e-16  -1.4151244e-16  -4.0869912e-17  2.0334467e-19  1.3956985e-17  
7.8398973e-17  5.9221667e-16  -2.7423021e-16  -1.0654501e-16  5.0751883e-16  -3.0348234e-16  1.0000000   -1.6262816e-15  2.3980732e-16  -8.6111366e-18  9.2970583e-17  7.8398973e-17  5.9221667e-16  -2.7423021e-16  -1.0654501e-16  5.0751883e-16  -3.0348234e-16  1.0000000   -1.6262816e-15  2.3980732e-16  -8.6111366e-18  9.2970583e-17  
8.8484427e-17  4.5098927e-16  1.8759104e-16  -4.4147089e-16  4.8298504e-16  -1.4151244e-16  -1.6262816e-15  1.0000000   1.8948932e-16  1.6235462e-18  -3.7836831e-16  8.8484427e-17  4.5098927e-16  1.8759104e-16  -4.4147089e-16  4.8298504e-16  -1.4151244e-16  -1.6262816e-15  1.0000000   1.8948932e-16  1.6235462e-18  -3.7836831e-16  
3.1449200e-20  -2.6425936e-16  -2.3019462e-16  3.9670329e-16  5.8572252e-17  -4.0869912e-17  2.3980732e-16  1.8948932e-16  1.0000000   -1.5907272e-16  2.2101224e-16  3.1449200e-20  -2.6425936e-16  -2.3019462e-16  3.9670329e-16  5.8572252e-17  -4.0869912e-17  2.3980732e-16  1.8948932e-16  1.0000000   -1.5907272e-16  2.2101224e-16  
-4.7304391e-22  -4.6356244e-18  2.5842404e-17  -4.6764649e-17  2.0284586e-18  2.0334467e-19  -8.6111366e-18  1.6235462e-18  -1.5907272e-16  1.0000000   -1.5023214e-17  -4.7304391e-22  -4.6356244e-18  2.5842404e-17  -4.6764649e-17  2.0284586e-18  2.0334467e-19  -8.6111366e-18  1.6235462e-18  -1.5907272e-16  1.0000000   -1.5023214e-17  
6.7566124e-17  8.6563379e-17  -6.0636230e-17  -3.7360760e-16  -3.5652215e-16  1.3956985e-17  9.2970583e-17  -3.7836831e-16  2.2101224e-16  -1.5023214e-17  1.0000000   6.7566124e-17  8.6563379e-17  -6.0636230e-17  -3.7360760e-16  -3.5652215e-16  1.3956985e-17  9.2970583e-17  -3.7836831e-16  2.2101224e-16  -1.5023214e-17  1.0000000   
