1.0000000   -4.0691463e-18  1.4895921e-16  2.1872085e-16  -2.0329362e-16  6.4480383e-17  1.2590196e-15  -2.7024501e-16  9.1750609e-18  8.2949937e-18  -9.9094384e-18  1.0000000   -4.0691463e-18  1.4895921e-16  2.1872085e-16  -2.0329362e-16  6.4480383e-17  1.2590196e-15  -2.7024501e-16  9.1750609e-18  8.2949937e-18  -9.9094384e-18  
-4.0691463e-18  1.0000000   -1.6416346e-16  -4.1945241e-16  2.6662353e-16  -7.1267150e-16  -8.5029911e-16  -1.2855070e-16  1.0248675e-17  1.8306500e-17  1.7787692e-19  -4.0691463e-18  1.0000000   -1.6416346e-16  -4.1945241e-16  2.6662353e-16  -7.1267150e-16  -8.5029911e-16  -1.2855070e-16  1.0248675e-17  1.8306500e-17  1.7787692e-19  
1.4895921e-16  -1.6416346e-16  1.0000000   -1.9186313e-16  -2.3880146e-16  -4.5532193e-16  -1.1359220e-16  2.6071918e-16  -4.5120386e-17  1.6900764e-16  6.4195611e-16  1.4895921e-16  -1.6416346e-16  1.0000000   -1.9186313e-16  -2.3880146e-16  -4.5532193e-16  -1.1359220e-16  2.6071918e-16  -4.5120386e-17  1.6900764e-16  6.4195611e-16  
2.1872085e-16  -4.1945241e-16  -1.9186313e-16  1.0000000   5.9310009e-16  3.6066515e-16  -9.4367941e-17  -1.9021279e-16  6.5925040e-16  -4.8922971e-16  -6.3179425e-16  2.1872085e-16  -4.1945241e-16  -1.9186313e-16  1.0000000   5.9310009e-16  3.6066515e-16  -9.4367941e-17  -1.9021279e-16  6.5925040e-16  -4.8922971e-16  -6.3179425e-16  
-2.0329362e-16  2.6662353e-16  -2.3880146e-16  5.9310009e-16  1.0000000   1.1705008e-16  8.5021356e-17  5.6543965e-16  1.9239467e-16  -2.2974907e-16  3.2797253e-16  -2.0329362e-16  2.6662353e-16  -2.3880146e-16  5.9310009e-16  1.0000000   1.1705008e-16  8.5021356e-17  5.6543965e-16  1.9239467e-16  -2.2974907e-16  3.2797253e-16  
6.4480383e-17  -7.1267150e-16  -4.5532193e-16  3.6066515e-16  1.1705008e-16  1.0000000   1.7049164e-16  -2.5268157e-17  1.2215263e-16  -3.5458356e-16  -2.3930248e-16  6.4480383e-17  -7.1267150e-16  -4.5532193e-16  3.6066515e-16  1.1705008e-16  1.0000000   1.7049164e-16  -2.5268157e-17  1.2215263e-16  -3.5458356e-16  -2.3930248e-16  
1.2590196e-15  -8.5029911e-16  -1.1359220e-16  -9.4367941e-17  8.5021356e-17  1.7049164e-16  1.0000000   2.3531698e-16  -3.3593581e-16  -6.6139678e-16  2.8935069e-16  1.2590196e-15  -8.5029911e-16  -1.1359220e-16  -9.4367941e-17  8.5021356e-17  1.7049164e-16  1.0000000   2.3531698e-16  -3.3593581e-16  -6.6139678e-16  2.8935069e-16  
-2.7024501e-16  -1.2855070e-16  2.6071918e-16  -1.9021279e-16  5.6543965e-16  -2.5268157e-17  2.3531698e-16  1.0000000   -2.1900721e-16  -2.8561623e-16  4.0709865e-16  -2.7024501e-16  -1.2855070e-16  2.6071918e-16  -1.9021279e-16  5.6543965e-16  -2.5268157e-17  2.3531698e-16  1.0000000   -2.1900721e-16  -2.8561623e-16  4.0709865e-16  
9.1750609e-18  1.0248675e-17  -4.5120386e-17  6.5925040e-16  1.9239467e-16  1.2215263e-16  -3.3593581e-16  -2.1900721e-16  1.0000000   4.2914286e-16  -2.2146132e-16  9.1750609e-18  1.0248675e-17  -4.5120386e-17  6.5925040e-16  1.9239467e-16  1.2215263e-16  -3.3593581e-16  -2.1900721e-16  1.0000000   4.2914286e-16  -2.2146132e-16  
8.2949937e-18  1.8306500e-17  1.6900764e-16  -4.8922971e-16  -2.2974907e-16  -3.5458356e-16  -6.6139678e-16  -2.8561623e-16  4.2914286e-16  1.0000000   -1.2042342e-16  8.2949937e-18  1.8306500e-17  1.6900764e-16  -4.8922971e-16  -2.2974907e-16  -3.5458356e-16  -6.6139678e-16  -2.8561623e-16  4.2914286e-16  1.0000000   -1.2042342e-16  
-9.9094384e-18  1.7787692e-19  6.4195611e-16  -6.3179425e-16  3.2797253e-16  -2.3930248e-16  2.8935069e-16  4.0709865e-16  -2.2146132e-16  -1.2042342e-16  1.0000000   -9.9094384e-18  1.7787692e-19  6.4195611e-16  -6.3179425e-16  3.2797253e-16  -2.3930248e-16  2.8935069e-16  4.0709865e-16  -2.2146132e-16  -1.2042342e-16  1.0000000   
1.0000000   -4.0691463e-18  1.4895921e-16  2.1872085e-16  -2.0329362e-16  6.4480383e-17  1.2590196e-15  -2.7024501e-16  9.1750609e-18  8.2949937e-18  -9.9094384e-18  1.0000000   -4.0691463e-18  1.4895921e-16  2.1872085e-16  -2.0329362e-16  6.4480383e-17  1.2590196e-15  -2.7024501e-16  9.1750609e-18  8.2949937e-18  -9.9094384e-18  
-4.0691463e-18  1.0000000   -1.6416346e-16  -4.1945241e-16  2.6662353e-16  -7.1267150e-16  -8.5029911e-16  -1.2855070e-16  1.0248675e-17  1.8306500e-17  1.7787692e-19  -4.0691463e-18  1.0000000   -1.6416346e-16  -4.1945241e-16  2.6662353e-16  -7.1267150e-16  -8.5029911e-16  -1.2855070e-16  1.0248675e-17  1.8306500e-17  1.7787692e-19  
1.4895921e-16  -1.6416346e-16  1.0000000   -1.9186313e-16  -2.3880146e-16  -4.5532193e-16  -1.1359220e-16  2.6071918e-16  -4.5120386e-17  1.6900764e-16  6.4195611e-16  1.4895921e-16  -1.6416346e-16  1.0000000   -1.9186313e-16  -2.3880146e-16  -4.5532193e-16  -1.1359220e-16  2.6071918e-16  -4.5120386e-17  1.6900764e-16  6.4195611e-16  
2.1872085e-16  -4.1945241e-16  -1.9186313e-16  1.0000000   5.9310009e-16  3.6066515e-16  -9.4367941e-17  -1.9021279e-16  6.5925040e-16  -4.8922971e-16  -6.3179425e-16  2.1872085e-16  -4.1945241e-16  -1.9186313e-16  1.0000000   5.9310009e-16  3.6066515e-16  -9.4367941e-17  -1.9021279e-16  6.5925040e-16  -4.8922971e-16  -6.3179425e-16  
-2.0329362e-16  2.6662353e-16  -2.3880146e-16  5.9310009e-16  1.0000000   1.1705008e-16  8.5021356e-17  5.6543965e-16  1.9239467e-16  -2.2974907e-16  3.2797253e-16  -2.0329362e-16  2.6662353e-16  -2.3880146e-16  5.9310009e-16  1.0000000   1.1705008e-16  8.5021356e-17  5.6543965e-16  1.9239467e-16  -2.2974907e-16  3.2797253e-16  
6.4480383e-17  -7.1267150e-16  -4.5532193e-16  3.6066515e-16  1.1705008e-16  1.0000000   1.7049164e-16  -2.5268157e-17  1.2215263e-16  -3.5458356e-16  -2.3930248e-16  6.4480383e-17  -7.1267150e-16  -4.5532193e-16  3.6066515e-16  1.1705008e-16  1.0000000   1.7049164e-16  -2.5268157e-17  1.2215263e-16  -3.5458356e-16  -2.3930248e-16  
1.2590196e-15  -8.5029911e-16  -1.1359220e-16  -9.4367941e-17  8.5021356e-17  1.7049164e-16  1.0000000   2.3531698e-16  -3.3593581e-16  -6.6139678e-16  2.8935069e-16  1.2590196e-15  -8.5029911e-16  -1.1359220e-16  -9.4367941e-17  8.5021356e-17  1.7049164e-16  1.0000000   2.3531698e-16  -3.3593581e-16  -6.6139678e-16  2.8935069e-16  
-2.7024501e-16  -1.2855070e-16  2.6071918e-16  -1.9021279e-16  5.6543965e-16  -2.5268157e-17  2.3531698e-16  1.0000000   -2.1900721e-16  -2.8561623e-16  4.0709865e-16  -2.7024501e-16  -1.2855070e-16  2.6071918e-16  -1.9021279e-16  5.6543965e-16  -2.5268157e-17  2.3531698e-16  1.0000000   -2.1900721e-16  -2.8561623e-16  4.0709865e-16  
9.1750609e-18  1.0248675e-17  -4.5120386e-17  6.5925040e-16  1.9239467e-16  1.2215263e-16  -3.3593581e-16  -2.1900721e-16  1.0000000   4.2914286e-16  -2.2146132e-16  9.1750609e-18  1.0248675e-17  -4.5120386e-17  6.5925040e-16  1.9239467e-16  1.2215263e-16  -3.3593581e-16  -2.1900721e-16  1.0000000   4.2914286e-16  -2.2146132e-16  
8.2949937e-18  1.8306500e-17  1.6900764e-16  -4.8922971e-16  -2.2974907e-16  -3.5458356e-16  -6.6139678e-16  -2.8561623e-16  4.2914286e-16  1.0000000   -1.2042342e-16  8.2949937e-18  1.8306500e-17  1.6900764e-16  -4.8922971e-16  -2.2974907e-16  -3.5458356e-16  -6.6139678e-16  -2.8561623e-16  4.2914286e-16  1.0000000   -1.2042342e-16  
-9.9094384e-18  1.7787692e-19  6.4195611e-16  -6.3179425e-16  3.2797253e-16  -2.3930248e-16  2.8935069e-16  4.0709865e-16  -2.2146132e-16  -1.2042342e-16  1.0000000   -9.9094384e-18  1.7787692e-19  6.4195611e-16  -6.3179425e-16  3.2797253e-16  -2.3930248e-16  2.8935069e-16  4.0709865e-16  -2.2146132e-16  -1.2042342e-16  1.0000000   
