1.0000000   -3.8333323e-17  2.6740830e-16  2.6061086e-16  -2.8091848e-17  6.6398913e-16  5.8319912e-17  -1.6167741e-18  3.1302823e-16  -4.1969487e-16  -1.7113454e-16  1.0000000   -3.8333323e-17  2.6740830e-16  2.6061086e-16  -2.8091848e-17  6.6398913e-16  5.8319912e-17  -1.6167741e-18  3.1302823e-16  -4.1969487e-16  -1.7113454e-16  
-3.8333323e-17  1.0000000   1.5208985e-16  1.0416007e-16  -3.4910463e-16  2.8821651e-16  -4.0882808e-16  -1.1390121e-16  2.4848368e-16  3.2134545e-16  -9.5718958e-17  -3.8333323e-17  1.0000000   1.5208985e-16  1.0416007e-16  -3.4910463e-16  2.8821651e-16  -4.0882808e-16  -1.1390121e-16  2.4848368e-16  3.2134545e-16  -9.5718958e-17  
2.6740830e-16  1.5208985e-16  1.0000000   7.4052702e-17  6.4556108e-16  1.0181014e-15  1.7934991e-16  2.5642768e-16  5.1198419e-16  9.8304103e-17  1.4671966e-16  2.6740830e-16  1.5208985e-16  1.0000000   7.4052702e-17  6.4556108e-16  1.0181014e-15  1.7934991e-16  2.5642768e-16  5.1198419e-16  9.8304103e-17  1.4671966e-16  
2.6061086e-16  1.0416007e-16  7.4052702e-17  1.0000000   -3.2151735e-16  -1.6443493e-16  -4.4403796e-16  3.5177894e-16  7.2698201e-16  9.4372017e-16  -8.2085328e-17  2.6061086e-16  1.0416007e-16  7.4052702e-17  1.0000000   -3.2151735e-16  -1.6443493e-16  -4.4403796e-16  3.5177894e-16  7.2698201e-16  9.4372017e-16  -8.2085328e-17  
-2.8091848e-17  -3.4910463e-16  6.4556108e-16  -3.2151735e-16  1.0000000   4.4108976e-16  4.0272923e-17  -9.5519815e-16  1.3032698e-16  1.8709899e-16  6.4648638e-16  -2.8091848e-17  -3.4910463e-16  6.4556108e-16  -3.2151735e-16  1.0000000   4.4108976e-16  4.0272923e-17  -9.5519815e-16  1.3032698e-16  1.8709899e-16  6.4648638e-16  
6.6398913e-16  2.8821651e-16  1.0181014e-15  -1.6443493e-16  4.4108976e-16  1.0000000   -2.6242902e-16  3.2146827e-16  -1.2222990e-15  1.4749978e-16  -2.2138942e-16  6.6398913e-16  2.8821651e-16  1.0181014e-15  -1.6443493e-16  4.4108976e-16  1.0000000   -2.6242902e-16  3.2146827e-16  -1.2222990e-15  1.4749978e-16  -2.2138942e-16  
5.8319912e-17  -4.0882808e-16  1.7934991e-16  -4.4403796e-16  4.0272923e-17  -2.6242902e-16  1.0000000   -7.1699486e-17  -1.0708783e-16  -2.9652887e-16  -5.1878862e-17  5.8319912e-17  -4.0882808e-16  1.7934991e-16  -4.4403796e-16  4.0272923e-17  -2.6242902e-16  1.0000000   -7.1699486e-17  -1.0708783e-16  -2.9652887e-16  -5.1878862e-17  
-1.6167741e-18  -1.1390121e-16  2.5642768e-16  3.5177894e-16  -9.5519815e-16  3.2146827e-16  -7.1699486e-17  1.0000000   -3.8132105e-16  5.2510759e-16  8.3774793e-16  -1.6167741e-18  -1.1390121e-16  2.5642768e-16  3.5177894e-16  -9.5519815e-16  3.2146827e-16  -7.1699486e-17  1.0000000   -3.8132105e-16  5.2510759e-16  8.3774793e-16  
3.1302823e-16  2.4848368e-16  5.1198419e-16  7.2698201e-16  1.3032698e-16  -1.2222990e-15  -1.0708783e-16  -3.8132105e-16  1.0000000   2.9793495e-16  -7.7206291e-16  3.1302823e-16  2.4848368e-16  5.1198419e-16  7.2698201e-16  1.3032698e-16  -1.2222990e-15  -1.0708783e-16  -3.8132105e-16  1.0000000   2.9793495e-16  -7.7206291e-16  
-4.1969487e-16  3.2134545e-16  9.8304103e-17  9.4372017e-16  1.8709899e-16  1.4749978e-16  -2.9652887e-16  5.2510759e-16  2.9793495e-16  1.0000000   -2.9443448e-16  -4.1969487e-16  3.2134545e-16  9.8304103e-17  9.4372017e-16  1.8709899e-16  1.4749978e-16  -2.9652887e-16  5.2510759e-16  2.9793495e-16  1.0000000   -2.9443448e-16  
-1.7113454e-16  -9.5718958e-17  1.4671966e-16  -8.2085328e-17  6.4648638e-16  -2.2138942e-16  -5.1878862e-17  8.3774793e-16  -7.7206291e-16  -2.9443448e-16  1.0000000   -1.7113454e-16  -9.5718958e-17  1.4671966e-16  -8.2085328e-17  6.4648638e-16  -2.2138942e-16  -5.1878862e-17  8.3774793e-16  -7.7206291e-16  -2.9443448e-16  1.0000000   
1.0000000   -3.8333323e-17  2.6740830e-16  2.6061086e-16  -2.8091848e-17  6.6398913e-16  5.8319912e-17  -1.6167741e-18  3.1302823e-16  -4.1969487e-16  -1.7113454e-16  1.0000000   -3.8333323e-17  2.6740830e-16  2.6061086e-16  -2.8091848e-17  6.6398913e-16  5.8319912e-17  -1.6167741e-18  3.1302823e-16  -4.1969487e-16  -1.7113454e-16  
-3.8333323e-17  1.0000000   1.5208985e-16  1.0416007e-16  -3.4910463e-16  2.8821651e-16  -4.0882808e-16  -1.1390121e-16  2.4848368e-16  3.2134545e-16  -9.5718958e-17  -3.8333323e-17  1.0000000   1.5208985e-16  1.0416007e-16  -3.4910463e-16  2.8821651e-16  -4.0882808e-16  -1.1390121e-16  2.4848368e-16  3.2134545e-16  -9.5718958e-17  
2.6740830e-16  1.5208985e-16  1.0000000   7.4052702e-17  6.4556108e-16  1.0181014e-15  1.7934991e-16  2.5642768e-16  5.1198419e-16  9.8304103e-17  1.4671966e-16  2.6740830e-16  1.5208985e-16  1.0000000   7.4052702e-17  6.4556108e-16  1.0181014e-15  1.7934991e-16  2.5642768e-16  5.1198419e-16  9.8304103e-17  1.4671966e-16  
2.6061086e-16  1.0416007e-16  7.4052702e-17  1.0000000   -3.2151735e-16  -1.6443493e-16  -4.4403796e-16  3.5177894e-16  7.2698201e-16  9.4372017e-16  -8.2085328e-17  2.6061086e-16  1.0416007e-16  7.4052702e-17  1.0000000   -3.2151735e-16  -1.6443493e-16  -4.4403796e-16  3.5177894e-16  7.2698201e-16  9.4372017e-16  -8.2085328e-17  
-2.8091848e-17  -3.4910463e-16  6.4556108e-16  -3.2151735e-16  1.0000000   4.4108976e-16  4.0272923e-17  -9.5519815e-16  1.3032698e-16  1.8709899e-16  6.4648638e-16  -2.8091848e-17  -3.4910463e-16  6.4556108e-16  -3.2151735e-16  1.0000000   4.4108976e-16  4.0272923e-17  -9.5519815e-16  1.3032698e-16  1.8709899e-16  6.4648638e-16  
6.6398913e-16  2.8821651e-16  1.0181014e-15  -1.6443493e-16  4.4108976e-16  1.0000000   -2.6242902e-16  3.2146827e-16  -1.2222990e-15  1.4749978e-16  -2.2138942e-16  6.6398913e-16  2.8821651e-16  1.0181014e-15  -1.6443493e-16  4.4108976e-16  1.0000000   -2.6242902e-16  3.2146827e-16  -1.2222990e-15  1.4749978e-16  -2.2138942e-16  
5.8319912e-17  -4.0882808e-16  1.7934991e-16  -4.4403796e-16  4.0272923e-17  -2.6242902e-16  1.0000000   -7.1699486e-17  -1.0708783e-16  -2.9652887e-16  -5.1878862e-17  5.8319912e-17  -4.0882808e-16  1.7934991e-16  -4.4403796e-16  4.0272923e-17  -2.6242902e-16  1.0000000   -7.1699486e-17  -1.0708783e-16  -2.9652887e-16  -5.1878862e-17  
-1.6167741e-18  -1.1390121e-16  2.5642768e-16  3.5177894e-16  -9.5519815e-16  3.2146827e-16  -7.1699486e-17  1.0000000   -3.8132105e-16  5.2510759e-16  8.3774793e-16  -1.6167741e-18  -1.1390121e-16  2.5642768e-16  3.5177894e-16  -9.5519815e-16  3.2146827e-16  -7.1699486e-17  1.0000000   -3.8132105e-16  5.2510759e-16  8.3774793e-16  
3.1302823e-16  2.4848368e-16  5.1198419e-16  7.2698201e-16  1.3032698e-16  -1.2222990e-15  -1.0708783e-16  -3.8132105e-16  1.0000000   2.9793495e-16  -7.7206291e-16  3.1302823e-16  2.4848368e-16  5.1198419e-16  7.2698201e-16  1.3032698e-16  -1.2222990e-15  -1.0708783e-16  -3.8132105e-16  1.0000000   2.9793495e-16  -7.7206291e-16  
-4.1969487e-16  3.2134545e-16  9.8304103e-17  9.4372017e-16  1.8709899e-16  1.4749978e-16  -2.9652887e-16  5.2510759e-16  2.9793495e-16  1.0000000   -2.9443448e-16  -4.1969487e-16  3.2134545e-16  9.8304103e-17  9.4372017e-16  1.8709899e-16  1.4749978e-16  -2.9652887e-16  5.2510759e-16  2.9793495e-16  1.0000000   -2.9443448e-16  
-1.7113454e-16  -9.5718958e-17  1.4671966e-16  -8.2085328e-17  6.4648638e-16  -2.2138942e-16  -5.1878862e-17  8.3774793e-16  -7.7206291e-16  -2.9443448e-16  1.0000000   -1.7113454e-16  -9.5718958e-17  1.4671966e-16  -8.2085328e-17  6.4648638e-16  -2.2138942e-16  -5.1878862e-17  8.3774793e-16  -7.7206291e-16  -2.9443448e-16  1.0000000   
