1.0000000   3.5996783e-17  -1.6645891e-17  -1.7019941e-16  9.4010069e-17  6.5787355e-16  -3.9493758e-17  -1.8950329e-16  7.3459779e-17  3.0983364e-16  -2.3431811e-16  1.0000000   3.5996783e-17  -1.6645891e-17  -1.7019941e-16  9.4010069e-17  6.5787355e-16  -3.9493758e-17  -1.8950329e-16  7.3459779e-17  3.0983364e-16  -2.3431811e-16  
3.5996783e-17  1.0000000   -2.7437959e-16  -2.8879377e-16  -1.8028664e-16  -9.8012723e-16  -2.8896783e-16  4.2814021e-16  8.3852238e-17  3.7793193e-16  3.3749731e-16  3.5996783e-17  1.0000000   -2.7437959e-16  -2.8879377e-16  -1.8028664e-16  -9.8012723e-16  -2.8896783e-16  4.2814021e-16  8.3852238e-17  3.7793193e-16  3.3749731e-16  
-1.6645891e-17  -2.7437959e-16  1.0000000   1.8724172e-16  -1.6165211e-16  4.8531007e-16  -3.3813725e-16  2.7612851e-16  2.6514249e-16  -4.1949042e-17  6.3623440e-16  -1.6645891e-17  -2.7437959e-16  1.0000000   1.8724172e-16  -1.6165211e-16  4.8531007e-16  -3.3813725e-16  2.7612851e-16  2.6514249e-16  -4.1949042e-17  6.3623440e-16  
-1.7019941e-16  -2.8879377e-16  1.8724172e-16  1.0000000   -2.6753218e-17  1.2939275e-16  -4.0039247e-18  1.3827643e-16  -6.2494430e-16  -9.3286756e-17  -1.9066288e-16  -1.7019941e-16  -2.8879377e-16  1.8724172e-16  1.0000000   -2.6753218e-17  1.2939275e-16  -4.0039247e-18  1.3827643e-16  -6.2494430e-16  -9.3286756e-17  -1.9066288e-16  
9.4010069e-17  -1.8028664e-16  -1.6165211e-16  -2.6753218e-17  1.0000000   3.1745969e-16  4.8901743e-16  -2.5931342e-16  -2.5333257e-16  -8.9779418e-17  -1.0408325e-16  9.4010069e-17  -1.8028664e-16  -1.6165211e-16  -2.6753218e-17  1.0000000   3.1745969e-16  4.8901743e-16  -2.5931342e-16  -2.5333257e-16  -8.9779418e-17  -1.0408325e-16  
6.5787355e-16  -9.8012723e-16  4.8531007e-16  1.2939275e-16  3.1745969e-16  1.0000000   2.8271821e-16  -1.0804625e-16  3.0000531e-17  3.9401539e-16  6.9514300e-17  6.5787355e-16  -9.8012723e-16  4.8531007e-16  1.2939275e-16  3.1745969e-16  1.0000000   2.8271821e-16  -1.0804625e-16  3.0000531e-17  3.9401539e-16  6.9514300e-17  
-3.9493758e-17  -2.8896783e-16  -3.3813725e-16  -4.0039247e-18  4.8901743e-16  2.8271821e-16  1.0000000   3.2915192e-16  1.0486183e-16  4.4517463e-16  4.1943250e-16  -3.9493758e-17  -2.8896783e-16  -3.3813725e-16  -4.0039247e-18  4.8901743e-16  2.8271821e-16  1.0000000   3.2915192e-16  1.0486183e-16  4.4517463e-16  4.1943250e-16  
-1.8950329e-16  4.2814021e-16  2.7612851e-16  1.3827643e-16  -2.5931342e-16  -1.0804625e-16  3.2915192e-16  1.0000000   1.1241355e-16  8.6400738e-16  2.0702036e-16  -1.8950329e-16  4.2814021e-16  2.7612851e-16  1.3827643e-16  -2.5931342e-16  -1.0804625e-16  3.2915192e-16  1.0000000   1.1241355e-16  8.6400738e-16  2.0702036e-16  
7.3459779e-17  8.3852238e-17  2.6514249e-16  -6.2494430e-16  -2.5333257e-16  3.0000531e-17  1.0486183e-16  1.1241355e-16  1.0000000   -4.6722337e-17  3.4774154e-16  7.3459779e-17  8.3852238e-17  2.6514249e-16  -6.2494430e-16  -2.5333257e-16  3.0000531e-17  1.0486183e-16  1.1241355e-16  1.0000000   -4.6722337e-17  3.4774154e-16  
3.0983364e-16  3.7793193e-16  -4.1949042e-17  -9.3286756e-17  -8.9779418e-17  3.9401539e-16  4.4517463e-16  8.6400738e-16  -4.6722337e-17  1.0000000   -6.8327263e-17  3.0983364e-16  3.7793193e-16  -4.1949042e-17  -9.3286756e-17  -8.9779418e-17  3.9401539e-16  4.4517463e-16  8.6400738e-16  -4.6722337e-17  1.0000000   -6.8327263e-17  
-2.3431811e-16  3.3749731e-16  6.3623440e-16  -1.9066288e-16  -1.0408325e-16  6.9514300e-17  4.1943250e-16  2.0702036e-16  3.4774154e-16  -6.8327263e-17  1.0000000   -2.3431811e-16  3.3749731e-16  6.3623440e-16  -1.9066288e-16  -1.0408325e-16  6.9514300e-17  4.1943250e-16  2.0702036e-16  3.4774154e-16  -6.8327263e-17  1.0000000   
1.0000000   3.5996783e-17  -1.6645891e-17  -1.7019941e-16  9.4010069e-17  6.5787355e-16  -3.9493758e-17  -1.8950329e-16  7.3459779e-17  3.0983364e-16  -2.3431811e-16  1.0000000   3.5996783e-17  -1.6645891e-17  -1.7019941e-16  9.4010069e-17  6.5787355e-16  -3.9493758e-17  -1.8950329e-16  7.3459779e-17  3.0983364e-16  -2.3431811e-16  
3.5996783e-17  1.0000000   -2.7437959e-16  -2.8879377e-16  -1.8028664e-16  -9.8012723e-16  -2.8896783e-16  4.2814021e-16  8.3852238e-17  3.7793193e-16  3.3749731e-16  3.5996783e-17  1.0000000   -2.7437959e-16  -2.8879377e-16  -1.8028664e-16  -9.8012723e-16  -2.8896783e-16  4.2814021e-16  8.3852238e-17  3.7793193e-16  3.3749731e-16  
-1.6645891e-17  -2.7437959e-16  1.0000000   1.8724172e-16  -1.6165211e-16  4.8531007e-16  -3.3813725e-16  2.7612851e-16  2.6514249e-16  -4.1949042e-17  6.3623440e-16  -1.6645891e-17  -2.7437959e-16  1.0000000   1.8724172e-16  -1.6165211e-16  4.8531007e-16  -3.3813725e-16  2.7612851e-16  2.6514249e-16  -4.1949042e-17  6.3623440e-16  
-1.7019941e-16  -2.8879377e-16  1.8724172e-16  1.0000000   -2.6753218e-17  1.2939275e-16  -4.0039247e-18  1.3827643e-16  -6.2494430e-16  -9.3286756e-17  -1.9066288e-16  -1.7019941e-16  -2.8879377e-16  1.8724172e-16  1.0000000   -2.6753218e-17  1.2939275e-16  -4.0039247e-18  1.3827643e-16  -6.2494430e-16  -9.3286756e-17  -1.9066288e-16  
9.4010069e-17  -1.8028664e-16  -1.6165211e-16  -2.6753218e-17  1.0000000   3.1745969e-16  4.8901743e-16  -2.5931342e-16  -2.5333257e-16  -8.9779418e-17  -1.0408325e-16  9.4010069e-17  -1.8028664e-16  -1.6165211e-16  -2.6753218e-17  1.0000000   3.1745969e-16  4.8901743e-16  -2.5931342e-16  -2.5333257e-16  -8.9779418e-17  -1.0408325e-16  
6.5787355e-16  -9.8012723e-16  4.8531007e-16  1.2939275e-16  3.1745969e-16  1.0000000   2.8271821e-16  -1.0804625e-16  3.0000531e-17  3.9401539e-16  6.9514300e-17  6.5787355e-16  -9.8012723e-16  4.8531007e-16  1.2939275e-16  3.1745969e-16  1.0000000   2.8271821e-16  -1.0804625e-16  3.0000531e-17  3.9401539e-16  6.9514300e-17  
-3.9493758e-17  -2.8896783e-16  -3.3813725e-16  -4.0039247e-18  4.8901743e-16  2.8271821e-16  1.0000000   3.2915192e-16  1.0486183e-16  4.4517463e-16  4.1943250e-16  -3.9493758e-17  -2.8896783e-16  -3.3813725e-16  -4.0039247e-18  4.8901743e-16  2.8271821e-16  1.0000000   3.2915192e-16  1.0486183e-16  4.4517463e-16  4.1943250e-16  
-1.8950329e-16  4.2814021e-16  2.7612851e-16  1.3827643e-16  -2.5931342e-16  -1.0804625e-16  3.2915192e-16  1.0000000   1.1241355e-16  8.6400738e-16  2.0702036e-16  -1.8950329e-16  4.2814021e-16  2.7612851e-16  1.3827643e-16  -2.5931342e-16  -1.0804625e-16  3.2915192e-16  1.0000000   1.1241355e-16  8.6400738e-16  2.0702036e-16  
7.3459779e-17  8.3852238e-17  2.6514249e-16  -6.2494430e-16  -2.5333257e-16  3.0000531e-17  1.0486183e-16  1.1241355e-16  1.0000000   -4.6722337e-17  3.4774154e-16  7.3459779e-17  8.3852238e-17  2.6514249e-16  -6.2494430e-16  -2.5333257e-16  3.0000531e-17  1.0486183e-16  1.1241355e-16  1.0000000   -4.6722337e-17  3.4774154e-16  
3.0983364e-16  3.7793193e-16  -4.1949042e-17  -9.3286756e-17  -8.9779418e-17  3.9401539e-16  4.4517463e-16  8.6400738e-16  -4.6722337e-17  1.0000000   -6.8327263e-17  3.0983364e-16  3.7793193e-16  -4.1949042e-17  -9.3286756e-17  -8.9779418e-17  3.9401539e-16  4.4517463e-16  8.6400738e-16  -4.6722337e-17  1.0000000   -6.8327263e-17  
-2.3431811e-16  3.3749731e-16  6.3623440e-16  -1.9066288e-16  -1.0408325e-16  6.9514300e-17  4.1943250e-16  2.0702036e-16  3.4774154e-16  -6.8327263e-17  1.0000000   -2.3431811e-16  3.3749731e-16  6.3623440e-16  -1.9066288e-16  -1.0408325e-16  6.9514300e-17  4.1943250e-16  2.0702036e-16  3.4774154e-16  -6.8327263e-17  1.0000000   
