1.0000000   9.1239001e-17  6.1578618e-16  2.6156039e-16  5.4443043e-17  3.7090472e-16  -1.4959618e-16  -1.2150264e-17  -1.7355938e-16  -8.0699794e-17  -6.1696186e-17  1.0000000   9.1239001e-17  6.1578618e-16  2.6156039e-16  5.4443043e-17  3.7090472e-16  -1.4959618e-16  -1.2150264e-17  -1.7355938e-16  -8.0699794e-17  -6.1696186e-17  
9.1239001e-17  1.0000000   7.0393520e-17  7.7477087e-16  3.4874464e-18  -1.1727806e-16  3.3895548e-16  9.5850884e-17  -4.6485761e-16  -4.3408999e-16  8.6492144e-16  9.1239001e-17  1.0000000   7.0393520e-17  7.7477087e-16  3.4874464e-18  -1.1727806e-16  3.3895548e-16  9.5850884e-17  -4.6485761e-16  -4.3408999e-16  8.6492144e-16  
6.1578618e-16  7.0393520e-17  1.0000000   -2.4713203e-16  -1.0759468e-16  -4.2802925e-16  5.8430027e-17  5.8961540e-17  2.6460526e-16  5.0502285e-16  5.9228355e-17  6.1578618e-16  7.0393520e-17  1.0000000   -2.4713203e-16  -1.0759468e-16  -4.2802925e-16  5.8430027e-17  5.8961540e-17  2.6460526e-16  5.0502285e-16  5.9228355e-17  
2.6156039e-16  7.7477087e-16  -2.4713203e-16  1.0000000   3.7470472e-16  7.5916175e-17  2.1377587e-16  -1.3111922e-16  1.4256602e-16  8.0125082e-17  -5.9237419e-16  2.6156039e-16  7.7477087e-16  -2.4713203e-16  1.0000000   3.7470472e-16  7.5916175e-17  2.1377587e-16  -1.3111922e-16  1.4256602e-16  8.0125082e-17  -5.9237419e-16  
5.4443043e-17  3.4874464e-18  -1.0759468e-16  3.7470472e-16  1.0000000   6.6068342e-16  5.9766857e-17  8.6957093e-16  -2.7023260e-16  -1.4943673e-17  -1.3992942e-16  5.4443043e-17  3.4874464e-18  -1.0759468e-16  3.7470472e-16  1.0000000   6.6068342e-16  5.9766857e-17  8.6957093e-16  -2.7023260e-16  -1.4943673e-17  -1.3992942e-16  
3.7090472e-16  -1.1727806e-16  -4.2802925e-16  7.5916175e-17  6.6068342e-16  1.0000000   -6.0503987e-16  7.2095500e-16  -2.3721344e-16  -2.1242771e-16  -1.5167819e-17  3.7090472e-16  -1.1727806e-16  -4.2802925e-16  7.5916175e-17  6.6068342e-16  1.0000000   -6.0503987e-16  7.2095500e-16  -2.3721344e-16  -2.1242771e-16  -1.5167819e-17  
-1.4959618e-16  3.3895548e-16  5.8430027e-17  2.1377587e-16  5.9766857e-17  -6.0503987e-16  1.0000000   -6.5159026e-16  -6.8430765e-16  5.4481117e-16  3.8010604e-16  -1.4959618e-16  3.3895548e-16  5.8430027e-17  2.1377587e-16  5.9766857e-17  -6.0503987e-16  1.0000000   -6.5159026e-16  -6.8430765e-16  5.4481117e-16  3.8010604e-16  
-1.2150264e-17  9.5850884e-17  5.8961540e-17  -1.3111922e-16  8.6957093e-16  7.2095500e-16  -6.5159026e-16  1.0000000   -3.1318450e-16  5.7938933e-16  4.1178179e-16  -1.2150264e-17  9.5850884e-17  5.8961540e-17  -1.3111922e-16  8.6957093e-16  7.2095500e-16  -6.5159026e-16  1.0000000   -3.1318450e-16  5.7938933e-16  4.1178179e-16  
-1.7355938e-16  -4.6485761e-16  2.6460526e-16  1.4256602e-16  -2.7023260e-16  -2.3721344e-16  -6.8430765e-16  -3.1318450e-16  1.0000000   2.7457979e-16  -1.0577537e-16  -1.7355938e-16  -4.6485761e-16  2.6460526e-16  1.4256602e-16  -2.7023260e-16  -2.3721344e-16  -6.8430765e-16  -3.1318450e-16  1.0000000   2.7457979e-16  -1.0577537e-16  
-8.0699794e-17  -4.3408999e-16  5.0502285e-16  8.0125082e-17  -1.4943673e-17  -2.1242771e-16  5.4481117e-16  5.7938933e-16  2.7457979e-16  1.0000000   8.2969630e-17  -8.0699794e-17  -4.3408999e-16  5.0502285e-16  8.0125082e-17  -1.4943673e-17  -2.1242771e-16  5.4481117e-16  5.7938933e-16  2.7457979e-16  1.0000000   8.2969630e-17  
-6.1696186e-17  8.6492144e-16  5.9228355e-17  -5.9237419e-16  -1.3992942e-16  -1.5167819e-17  3.8010604e-16  4.1178179e-16  -1.0577537e-16  8.2969630e-17  1.0000000   -6.1696186e-17  8.6492144e-16  5.9228355e-17  -5.9237419e-16  -1.3992942e-16  -1.5167819e-17  3.8010604e-16  4.1178179e-16  -1.0577537e-16  8.2969630e-17  1.0000000   
1.0000000   9.1239001e-17  6.1578618e-16  2.6156039e-16  5.4443043e-17  3.7090472e-16  -1.4959618e-16  -1.2150264e-17  -1.7355938e-16  -8.0699794e-17  -6.1696186e-17  1.0000000   9.1239001e-17  6.1578618e-16  2.6156039e-16  5.4443043e-17  3.7090472e-16  -1.4959618e-16  -1.2150264e-17  -1.7355938e-16  -8.0699794e-17  -6.1696186e-17  
9.1239001e-17  1.0000000   7.0393520e-17  7.7477087e-16  3.4874464e-18  -1.1727806e-16  3.3895548e-16  9.5850884e-17  -4.6485761e-16  -4.3408999e-16  8.6492144e-16  9.1239001e-17  1.0000000   7.0393520e-17  7.7477087e-16  3.4874464e-18  -1.1727806e-16  3.3895548e-16  9.5850884e-17  -4.6485761e-16  -4.3408999e-16  8.6492144e-16  
6.1578618e-16  7.0393520e-17  1.0000000   -2.4713203e-16  -1.0759468e-16  -4.2802925e-16  5.8430027e-17  5.8961540e-17  2.6460526e-16  5.0502285e-16  5.9228355e-17  6.1578618e-16  7.0393520e-17  1.0000000   -2.4713203e-16  -1.0759468e-16  -4.2802925e-16  5.8430027e-17  5.8961540e-17  2.6460526e-16  5.0502285e-16  5.9228355e-17  
2.6156039e-16  7.7477087e-16  -2.4713203e-16  1.0000000   3.7470472e-16  7.5916175e-17  2.1377587e-16  -1.3111922e-16  1.4256602e-16  8.0125082e-17  -5.9237419e-16  2.6156039e-16  7.7477087e-16  -2.4713203e-16  1.0000000   3.7470472e-16  7.5916175e-17  2.1377587e-16  -1.3111922e-16  1.4256602e-16  8.0125082e-17  -5.9237419e-16  
5.4443043e-17  3.4874464e-18  -1.0759468e-16  3.7470472e-16  1.0000000   6.6068342e-16  5.9766857e-17  8.6957093e-16  -2.7023260e-16  -1.4943673e-17  -1.3992942e-16  5.4443043e-17  3.4874464e-18  -1.0759468e-16  3.7470472e-16  1.0000000   6.6068342e-16  5.9766857e-17  8.6957093e-16  -2.7023260e-16  -1.4943673e-17  -1.3992942e-16  
3.7090472e-16  -1.1727806e-16  -4.2802925e-16  7.5916175e-17  6.6068342e-16  1.0000000   -6.0503987e-16  7.2095500e-16  -2.3721344e-16  -2.1242771e-16  -1.5167819e-17  3.7090472e-16  -1.1727806e-16  -4.2802925e-16  7.5916175e-17  6.6068342e-16  1.0000000   -6.0503987e-16  7.2095500e-16  -2.3721344e-16  -2.1242771e-16  -1.5167819e-17  
-1.4959618e-16  3.3895548e-16  5.8430027e-17  2.1377587e-16  5.9766857e-17  -6.0503987e-16  1.0000000   -6.5159026e-16  -6.8430765e-16  5.4481117e-16  3.8010604e-16  -1.4959618e-16  3.3895548e-16  5.8430027e-17  2.1377587e-16  5.9766857e-17  -6.0503987e-16  1.0000000   -6.5159026e-16  -6.8430765e-16  5.4481117e-16  3.8010604e-16  
-1.2150264e-17  9.5850884e-17  5.8961540e-17  -1.3111922e-16  8.6957093e-16  7.2095500e-16  -6.5159026e-16  1.0000000   -3.1318450e-16  5.7938933e-16  4.1178179e-16  -1.2150264e-17  9.5850884e-17  5.8961540e-17  -1.3111922e-16  8.6957093e-16  7.2095500e-16  -6.5159026e-16  1.0000000   -3.1318450e-16  5.7938933e-16  4.1178179e-16  
-1.7355938e-16  -4.6485761e-16  2.6460526e-16  1.4256602e-16  -2.7023260e-16  -2.3721344e-16  -6.8430765e-16  -3.1318450e-16  1.0000000   2.7457979e-16  -1.0577537e-16  -1.7355938e-16  -4.6485761e-16  2.6460526e-16  1.4256602e-16  -2.7023260e-16  -2.3721344e-16  -6.8430765e-16  -3.1318450e-16  1.0000000   2.7457979e-16  -1.0577537e-16  
-8.0699794e-17  -4.3408999e-16  5.0502285e-16  8.0125082e-17  -1.4943673e-17  -2.1242771e-16  5.4481117e-16  5.7938933e-16  2.7457979e-16  1.0000000   8.2969630e-17  -8.0699794e-17  -4.3408999e-16  5.0502285e-16  8.0125082e-17  -1.4943673e-17  -2.1242771e-16  5.4481117e-16  5.7938933e-16  2.7457979e-16  1.0000000   8.2969630e-17  
-6.1696186e-17  8.6492144e-16  5.9228355e-17  -5.9237419e-16  -1.3992942e-16  -1.5167819e-17  3.8010604e-16  4.1178179e-16  -1.0577537e-16  8.2969630e-17  1.0000000   -6.1696186e-17  8.6492144e-16  5.9228355e-17  -5.9237419e-16  -1.3992942e-16  -1.5167819e-17  3.8010604e-16  4.1178179e-16  -1.0577537e-16  8.2969630e-17  1.0000000   
