1.0000000   -2.0569348e-16  -2.4052348e-17  -2.7558937e-16  1.8432072e-16  -1.2178301e-16  6.0008896e-17  3.3451830e-16  -8.6453688e-17  2.6097826e-16  -2.5779448e-17  1.0000000   -2.0569348e-16  -2.4052348e-17  -2.7558937e-16  1.8432072e-16  -1.2178301e-16  6.0008896e-17  3.3451830e-16  -8.6453688e-17  2.6097826e-16  -2.5779448e-17  
-2.0569348e-16  1.0000000   -4.0440741e-17  5.3499490e-16  -2.2228432e-16  -3.9923966e-16  7.8960411e-18  -4.1614136e-16  2.7234269e-16  7.9153535e-17  3.2721476e-16  -2.0569348e-16  1.0000000   -4.0440741e-17  5.3499490e-16  -2.2228432e-16  -3.9923966e-16  7.8960411e-18  -4.1614136e-16  2.7234269e-16  7.9153535e-17  3.2721476e-16  
-2.4052348e-17  -4.0440741e-17  1.0000000   -2.4325262e-16  1.1873793e-16  1.2682963e-16  8.4110372e-18  -5.1983386e-16  2.4818171e-16  3.1891235e-16  -3.0904929e-16  -2.4052348e-17  -4.0440741e-17  1.0000000   -2.4325262e-16  1.1873793e-16  1.2682963e-16  8.4110372e-18  -5.1983386e-16  2.4818171e-16  3.1891235e-16  -3.0904929e-16  
-2.7558937e-16  5.3499490e-16  -2.4325262e-16  1.0000000   2.7427456e-17  4.8544655e-16  -1.0066923e-16  4.8863531e-17  -1.0754717e-15  -8.1092679e-16  2.6783288e-17  -2.7558937e-16  5.3499490e-16  -2.4325262e-16  1.0000000   2.7427456e-17  4.8544655e-16  -1.0066923e-16  4.8863531e-17  -1.0754717e-15  -8.1092679e-16  2.6783288e-17  
1.8432072e-16  -2.2228432e-16  1.1873793e-16  2.7427456e-17  1.0000000   2.1138554e-16  1.4288387e-17  1.2366035e-16  1.0243289e-17  2.5179253e-16  3.7879028e-16  1.8432072e-16  -2.2228432e-16  1.1873793e-16  2.7427456e-17  1.0000000   2.1138554e-16  1.4288387e-17  1.2366035e-16  1.0243289e-17  2.5179253e-16  3.7879028e-16  
-1.2178301e-16  -3.9923966e-16  1.2682963e-16  4.8544655e-16  2.1138554e-16  1.0000000   1.2412929e-16  7.8103532e-17  -2.8677571e-17  1.6502722e-16  1.9663828e-16  -1.2178301e-16  -3.9923966e-16  1.2682963e-16  4.8544655e-16  2.1138554e-16  1.0000000   1.2412929e-16  7.8103532e-17  -2.8677571e-17  1.6502722e-16  1.9663828e-16  
6.0008896e-17  7.8960411e-18  8.4110372e-18  -1.0066923e-16  1.4288387e-17  1.2412929e-16  1.0000000   3.5817762e-16  -9.5769568e-17  4.7860930e-16  1.7091939e-16  6.0008896e-17  7.8960411e-18  8.4110372e-18  -1.0066923e-16  1.4288387e-17  1.2412929e-16  1.0000000   3.5817762e-16  -9.5769568e-17  4.7860930e-16  1.7091939e-16  
3.3451830e-16  -4.1614136e-16  -5.1983386e-16  4.8863531e-17  1.2366035e-16  7.8103532e-17  3.5817762e-16  1.0000000   1.6703460e-16  2.6338939e-16  -3.5874206e-16  3.3451830e-16  -4.1614136e-16  -5.1983386e-16  4.8863531e-17  1.2366035e-16  7.8103532e-17  3.5817762e-16  1.0000000   1.6703460e-16  2.6338939e-16  -3.5874206e-16  
-8.6453688e-17  2.7234269e-16  2.4818171e-16  -1.0754717e-15  1.0243289e-17  -2.8677571e-17  -9.5769568e-17  1.6703460e-16  1.0000000   5.8961191e-16  -1.3223111e-17  -8.6453688e-17  2.7234269e-16  2.4818171e-16  -1.0754717e-15  1.0243289e-17  -2.8677571e-17  -9.5769568e-17  1.6703460e-16  1.0000000   5.8961191e-16  -1.3223111e-17  
2.6097826e-16  7.9153535e-17  3.1891235e-16  -8.1092679e-16  2.5179253e-16  1.6502722e-16  4.7860930e-16  2.6338939e-16  5.8961191e-16  1.0000000   -1.4340792e-16  2.6097826e-16  7.9153535e-17  3.1891235e-16  -8.1092679e-16  2.5179253e-16  1.6502722e-16  4.7860930e-16  2.6338939e-16  5.8961191e-16  1.0000000   -1.4340792e-16  
-2.5779448e-17  3.2721476e-16  -3.0904929e-16  2.6783288e-17  3.7879028e-16  1.9663828e-16  1.7091939e-16  -3.5874206e-16  -1.3223111e-17  -1.4340792e-16  1.0000000   -2.5779448e-17  3.2721476e-16  -3.0904929e-16  2.6783288e-17  3.7879028e-16  1.9663828e-16  1.7091939e-16  -3.5874206e-16  -1.3223111e-17  -1.4340792e-16  1.0000000   
1.0000000   -2.0569348e-16  -2.4052348e-17  -2.7558937e-16  1.8432072e-16  -1.2178301e-16  6.0008896e-17  3.3451830e-16  -8.6453688e-17  2.6097826e-16  -2.5779448e-17  1.0000000   -2.0569348e-16  -2.4052348e-17  -2.7558937e-16  1.8432072e-16  -1.2178301e-16  6.0008896e-17  3.3451830e-16  -8.6453688e-17  2.6097826e-16  -2.5779448e-17  
-2.0569348e-16  1.0000000   -4.0440741e-17  5.3499490e-16  -2.2228432e-16  -3.9923966e-16  7.8960411e-18  -4.1614136e-16  2.7234269e-16  7.9153535e-17  3.2721476e-16  -2.0569348e-16  1.0000000   -4.0440741e-17  5.3499490e-16  -2.2228432e-16  -3.9923966e-16  7.8960411e-18  -4.1614136e-16  2.7234269e-16  7.9153535e-17  3.2721476e-16  
-2.4052348e-17  -4.0440741e-17  1.0000000   -2.4325262e-16  1.1873793e-16  1.2682963e-16  8.4110372e-18  -5.1983386e-16  2.4818171e-16  3.1891235e-16  -3.0904929e-16  -2.4052348e-17  -4.0440741e-17  1.0000000   -2.4325262e-16  1.1873793e-16  1.2682963e-16  8.4110372e-18  -5.1983386e-16  2.4818171e-16  3.1891235e-16  -3.0904929e-16  
-2.7558937e-16  5.3499490e-16  -2.4325262e-16  1.0000000   2.7427456e-17  4.8544655e-16  -1.0066923e-16  4.8863531e-17  -1.0754717e-15  -8.1092679e-16  2.6783288e-17  -2.7558937e-16  5.3499490e-16  -2.4325262e-16  1.0000000   2.7427456e-17  4.8544655e-16  -1.0066923e-16  4.8863531e-17  -1.0754717e-15  -8.1092679e-16  2.6783288e-17  
1.8432072e-16  -2.2228432e-16  1.1873793e-16  2.7427456e-17  1.0000000   2.1138554e-16  1.4288387e-17  1.2366035e-16  1.0243289e-17  2.5179253e-16  3.7879028e-16  1.8432072e-16  -2.2228432e-16  1.1873793e-16  2.7427456e-17  1.0000000   2.1138554e-16  1.4288387e-17  1.2366035e-16  1.0243289e-17  2.5179253e-16  3.7879028e-16  
-1.2178301e-16  -3.9923966e-16  1.2682963e-16  4.8544655e-16  2.1138554e-16  1.0000000   1.2412929e-16  7.8103532e-17  -2.8677571e-17  1.6502722e-16  1.9663828e-16  -1.2178301e-16  -3.9923966e-16  1.2682963e-16  4.8544655e-16  2.1138554e-16  1.0000000   1.2412929e-16  7.8103532e-17  -2.8677571e-17  1.6502722e-16  1.9663828e-16  
6.0008896e-17  7.8960411e-18  8.4110372e-18  -1.0066923e-16  1.4288387e-17  1.2412929e-16  1.0000000   3.5817762e-16  -9.5769568e-17  4.7860930e-16  1.7091939e-16  6.0008896e-17  7.8960411e-18  8.4110372e-18  -1.0066923e-16  1.4288387e-17  1.2412929e-16  1.0000000   3.5817762e-16  -9.5769568e-17  4.7860930e-16  1.7091939e-16  
3.3451830e-16  -4.1614136e-16  -5.1983386e-16  4.8863531e-17  1.2366035e-16  7.8103532e-17  3.5817762e-16  1.0000000   1.6703460e-16  2.6338939e-16  -3.5874206e-16  3.3451830e-16  -4.1614136e-16  -5.1983386e-16  4.8863531e-17  1.2366035e-16  7.8103532e-17  3.5817762e-16  1.0000000   1.6703460e-16  2.6338939e-16  -3.5874206e-16  
-8.6453688e-17  2.7234269e-16  2.4818171e-16  -1.0754717e-15  1.0243289e-17  -2.8677571e-17  -9.5769568e-17  1.6703460e-16  1.0000000   5.8961191e-16  -1.3223111e-17  -8.6453688e-17  2.7234269e-16  2.4818171e-16  -1.0754717e-15  1.0243289e-17  -2.8677571e-17  -9.5769568e-17  1.6703460e-16  1.0000000   5.8961191e-16  -1.3223111e-17  
2.6097826e-16  7.9153535e-17  3.1891235e-16  -8.1092679e-16  2.5179253e-16  1.6502722e-16  4.7860930e-16  2.6338939e-16  5.8961191e-16  1.0000000   -1.4340792e-16  2.6097826e-16  7.9153535e-17  3.1891235e-16  -8.1092679e-16  2.5179253e-16  1.6502722e-16  4.7860930e-16  2.6338939e-16  5.8961191e-16  1.0000000   -1.4340792e-16  
-2.5779448e-17  3.2721476e-16  -3.0904929e-16  2.6783288e-17  3.7879028e-16  1.9663828e-16  1.7091939e-16  -3.5874206e-16  -1.3223111e-17  -1.4340792e-16  1.0000000   -2.5779448e-17  3.2721476e-16  -3.0904929e-16  2.6783288e-17  3.7879028e-16  1.9663828e-16  1.7091939e-16  -3.5874206e-16  -1.3223111e-17  -1.4340792e-16  1.0000000   
