1.0000000   -5.7316009e-16  5.9271978e-17  2.0179713e-16  -3.9665918e-16  -5.9453243e-16  2.7496299e-16  4.0782307e-17  4.1460738e-16  -7.4209488e-16  1.2209133e-17  1.0000000   -5.7316009e-16  5.9271978e-17  2.0179713e-16  -3.9665918e-16  -5.9453243e-16  2.7496299e-16  4.0782307e-17  4.1460738e-16  -7.4209488e-16  1.2209133e-17  
-5.7316009e-16  1.0000000   -1.0039373e-16  -1.4087005e-17  -6.3739229e-18  -4.4621950e-16  4.9590476e-16  -4.2871059e-16  -8.5175939e-17  4.7336860e-16  -1.7904709e-16  -5.7316009e-16  1.0000000   -1.0039373e-16  -1.4087005e-17  -6.3739229e-18  -4.4621950e-16  4.9590476e-16  -4.2871059e-16  -8.5175939e-17  4.7336860e-16  -1.7904709e-16  
5.9271978e-17  -1.0039373e-16  1.0000000   4.1045523e-17  4.6385515e-16  -1.8737216e-16  4.1951509e-16  -3.6550435e-16  -1.9393942e-16  3.8887558e-16  6.2906596e-16  5.9271978e-17  -1.0039373e-16  1.0000000   4.1045523e-17  4.6385515e-16  -1.8737216e-16  4.1951509e-16  -3.6550435e-16  -1.9393942e-16  3.8887558e-16  6.2906596e-16  
2.0179713e-16  -1.4087005e-17  4.1045523e-17  1.0000000   -6.6221840e-16  2.6531486e-16  1.8316156e-16  8.2038635e-17  4.0807623e-16  2.6003647e-16  -2.8829105e-16  2.0179713e-16  -1.4087005e-17  4.1045523e-17  1.0000000   -6.6221840e-16  2.6531486e-16  1.8316156e-16  8.2038635e-17  4.0807623e-16  2.6003647e-16  -2.8829105e-16  
-3.9665918e-16  -6.3739229e-18  4.6385515e-16  -6.6221840e-16  1.0000000   -1.2076456e-16  6.6081106e-16  1.4859743e-15  2.0244262e-16  -3.0046122e-16  7.3495699e-17  -3.9665918e-16  -6.3739229e-18  4.6385515e-16  -6.6221840e-16  1.0000000   -1.2076456e-16  6.6081106e-16  1.4859743e-15  2.0244262e-16  -3.0046122e-16  7.3495699e-17  
-5.9453243e-16  -4.4621950e-16  -1.8737216e-16  2.6531486e-16  -1.2076456e-16  1.0000000   5.5746288e-16  8.7792318e-17  8.1335365e-16  1.2703334e-16  1.1522697e-16  -5.9453243e-16  -4.4621950e-16  -1.8737216e-16  2.6531486e-16  -1.2076456e-16  1.0000000   5.5746288e-16  8.7792318e-17  8.1335365e-16  1.2703334e-16  1.1522697e-16  
2.7496299e-16  4.9590476e-16  4.1951509e-16  1.8316156e-16  6.6081106e-16  5.5746288e-16  1.0000000   1.5784724e-16  -1.1138801e-16  -5.0579725e-17  2.8279169e-16  2.7496299e-16  4.9590476e-16  4.1951509e-16  1.8316156e-16  6.6081106e-16  5.5746288e-16  1.0000000   1.5784724e-16  -1.1138801e-16  -5.0579725e-17  2.8279169e-16  
4.0782307e-17  -4.2871059e-16  -3.6550435e-16  8.2038635e-17  1.4859743e-15  8.7792318e-17  1.5784724e-16  1.0000000   -1.3962751e-16  3.9879132e-17  -1.7971244e-16  4.0782307e-17  -4.2871059e-16  -3.6550435e-16  8.2038635e-17  1.4859743e-15  8.7792318e-17  1.5784724e-16  1.0000000   -1.3962751e-16  3.9879132e-17  -1.7971244e-16  
4.1460738e-16  -8.5175939e-17  -1.9393942e-16  4.0807623e-16  2.0244262e-16  8.1335365e-16  -1.1138801e-16  -1.3962751e-16  1.0000000   -9.9124984e-17  1.3247966e-16  4.1460738e-16  -8.5175939e-17  -1.9393942e-16  4.0807623e-16  2.0244262e-16  8.1335365e-16  -1.1138801e-16  -1.3962751e-16  1.0000000   -9.9124984e-17  1.3247966e-16  
-7.4209488e-16  4.7336860e-16  3.8887558e-16  2.6003647e-16  -3.0046122e-16  1.2703334e-16  -5.0579725e-17  3.9879132e-17  -9.9124984e-17  1.0000000   2.5457469e-16  -7.4209488e-16  4.7336860e-16  3.8887558e-16  2.6003647e-16  -3.0046122e-16  1.2703334e-16  -5.0579725e-17  3.9879132e-17  -9.9124984e-17  1.0000000   2.5457469e-16  
1.2209133e-17  -1.7904709e-16  6.2906596e-16  -2.8829105e-16  7.3495699e-17  1.1522697e-16  2.8279169e-16  -1.7971244e-16  1.3247966e-16  2.5457469e-16  1.0000000   1.2209133e-17  -1.7904709e-16  6.2906596e-16  -2.8829105e-16  7.3495699e-17  1.1522697e-16  2.8279169e-16  -1.7971244e-16  1.3247966e-16  2.5457469e-16  1.0000000   
1.0000000   -5.7316009e-16  5.9271978e-17  2.0179713e-16  -3.9665918e-16  -5.9453243e-16  2.7496299e-16  4.0782307e-17  4.1460738e-16  -7.4209488e-16  1.2209133e-17  1.0000000   -5.7316009e-16  5.9271978e-17  2.0179713e-16  -3.9665918e-16  -5.9453243e-16  2.7496299e-16  4.0782307e-17  4.1460738e-16  -7.4209488e-16  1.2209133e-17  
-5.7316009e-16  1.0000000   -1.0039373e-16  -1.4087005e-17  -6.3739229e-18  -4.4621950e-16  4.9590476e-16  -4.2871059e-16  -8.5175939e-17  4.7336860e-16  -1.7904709e-16  -5.7316009e-16  1.0000000   -1.0039373e-16  -1.4087005e-17  -6.3739229e-18  -4.4621950e-16  4.9590476e-16  -4.2871059e-16  -8.5175939e-17  4.7336860e-16  -1.7904709e-16  
5.9271978e-17  -1.0039373e-16  1.0000000   4.1045523e-17  4.6385515e-16  -1.8737216e-16  4.1951509e-16  -3.6550435e-16  -1.9393942e-16  3.8887558e-16  6.2906596e-16  5.9271978e-17  -1.0039373e-16  1.0000000   4.1045523e-17  4.6385515e-16  -1.8737216e-16  4.1951509e-16  -3.6550435e-16  -1.9393942e-16  3.8887558e-16  6.2906596e-16  
2.0179713e-16  -1.4087005e-17  4.1045523e-17  1.0000000   -6.6221840e-16  2.6531486e-16  1.8316156e-16  8.2038635e-17  4.0807623e-16  2.6003647e-16  -2.8829105e-16  2.0179713e-16  -1.4087005e-17  4.1045523e-17  1.0000000   -6.6221840e-16  2.6531486e-16  1.8316156e-16  8.2038635e-17  4.0807623e-16  2.6003647e-16  -2.8829105e-16  
-3.9665918e-16  -6.3739229e-18  4.6385515e-16  -6.6221840e-16  1.0000000   -1.2076456e-16  6.6081106e-16  1.4859743e-15  2.0244262e-16  -3.0046122e-16  7.3495699e-17  -3.9665918e-16  -6.3739229e-18  4.6385515e-16  -6.6221840e-16  1.0000000   -1.2076456e-16  6.6081106e-16  1.4859743e-15  2.0244262e-16  -3.0046122e-16  7.3495699e-17  
-5.9453243e-16  -4.4621950e-16  -1.8737216e-16  2.6531486e-16  -1.2076456e-16  1.0000000   5.5746288e-16  8.7792318e-17  8.1335365e-16  1.2703334e-16  1.1522697e-16  -5.9453243e-16  -4.4621950e-16  -1.8737216e-16  2.6531486e-16  -1.2076456e-16  1.0000000   5.5746288e-16  8.7792318e-17  8.1335365e-16  1.2703334e-16  1.1522697e-16  
2.7496299e-16  4.9590476e-16  4.1951509e-16  1.8316156e-16  6.6081106e-16  5.5746288e-16  1.0000000   1.5784724e-16  -1.1138801e-16  -5.0579725e-17  2.8279169e-16  2.7496299e-16  4.9590476e-16  4.1951509e-16  1.8316156e-16  6.6081106e-16  5.5746288e-16  1.0000000   1.5784724e-16  -1.1138801e-16  -5.0579725e-17  2.8279169e-16  
4.0782307e-17  -4.2871059e-16  -3.6550435e-16  8.2038635e-17  1.4859743e-15  8.7792318e-17  1.5784724e-16  1.0000000   -1.3962751e-16  3.9879132e-17  -1.7971244e-16  4.0782307e-17  -4.2871059e-16  -3.6550435e-16  8.2038635e-17  1.4859743e-15  8.7792318e-17  1.5784724e-16  1.0000000   -1.3962751e-16  3.9879132e-17  -1.7971244e-16  
4.1460738e-16  -8.5175939e-17  -1.9393942e-16  4.0807623e-16  2.0244262e-16  8.1335365e-16  -1.1138801e-16  -1.3962751e-16  1.0000000   -9.9124984e-17  1.3247966e-16  4.1460738e-16  -8.5175939e-17  -1.9393942e-16  4.0807623e-16  2.0244262e-16  8.1335365e-16  -1.1138801e-16  -1.3962751e-16  1.0000000   -9.9124984e-17  1.3247966e-16  
-7.4209488e-16  4.7336860e-16  3.8887558e-16  2.6003647e-16  -3.0046122e-16  1.2703334e-16  -5.0579725e-17  3.9879132e-17  -9.9124984e-17  1.0000000   2.5457469e-16  -7.4209488e-16  4.7336860e-16  3.8887558e-16  2.6003647e-16  -3.0046122e-16  1.2703334e-16  -5.0579725e-17  3.9879132e-17  -9.9124984e-17  1.0000000   2.5457469e-16  
1.2209133e-17  -1.7904709e-16  6.2906596e-16  -2.8829105e-16  7.3495699e-17  1.1522697e-16  2.8279169e-16  -1.7971244e-16  1.3247966e-16  2.5457469e-16  1.0000000   1.2209133e-17  -1.7904709e-16  6.2906596e-16  -2.8829105e-16  7.3495699e-17  1.1522697e-16  2.8279169e-16  -1.7971244e-16  1.3247966e-16  2.5457469e-16  1.0000000   
