1.0000000   1.4087852e-17  -9.3078757e-17  -2.7338497e-16  4.1852194e-16  3.0472857e-16  -6.5669787e-16  8.4005763e-17  -3.4165582e-16  3.3566645e-16  1.8948805e-16  1.0000000   1.4087852e-17  -9.3078757e-17  -2.7338497e-16  4.1852194e-16  3.0472857e-16  -6.5669787e-16  8.4005763e-17  -3.4165582e-16  3.3566645e-16  1.8948805e-16  
1.4087852e-17  1.0000000   -8.1237236e-17  4.8016434e-16  -1.7390476e-16  -1.2986201e-16  6.9986605e-16  2.3663697e-16  -2.6847345e-17  1.1226215e-16  6.3247527e-17  1.4087852e-17  1.0000000   -8.1237236e-17  4.8016434e-16  -1.7390476e-16  -1.2986201e-16  6.9986605e-16  2.3663697e-16  -2.6847345e-17  1.1226215e-16  6.3247527e-17  
-9.3078757e-17  -8.1237236e-17  1.0000000   -1.5210509e-16  1.9403365e-16  2.7800352e-16  3.1899261e-17  -6.0401422e-16  8.3453074e-16  2.4403739e-16  -4.5410537e-16  -9.3078757e-17  -8.1237236e-17  1.0000000   -1.5210509e-16  1.9403365e-16  2.7800352e-16  3.1899261e-17  -6.0401422e-16  8.3453074e-16  2.4403739e-16  -4.5410537e-16  
-2.7338497e-16  4.8016434e-16  -1.5210509e-16  1.0000000   -1.3103811e-17  1.0615860e-15  -3.3427308e-17  6.2789928e-16  1.0447982e-16  2.2343670e-16  1.0711901e-15  -2.7338497e-16  4.8016434e-16  -1.5210509e-16  1.0000000   -1.3103811e-17  1.0615860e-15  -3.3427308e-17  6.2789928e-16  1.0447982e-16  2.2343670e-16  1.0711901e-15  
4.1852194e-16  -1.7390476e-16  1.9403365e-16  -1.3103811e-17  1.0000000   -1.7078201e-16  -1.6082731e-16  -3.5045838e-16  8.2869177e-16  -1.8610770e-17  4.6466187e-16  4.1852194e-16  -1.7390476e-16  1.9403365e-16  -1.3103811e-17  1.0000000   -1.7078201e-16  -1.6082731e-16  -3.5045838e-16  8.2869177e-16  -1.8610770e-17  4.6466187e-16  
3.0472857e-16  -1.2986201e-16  2.7800352e-16  1.0615860e-15  -1.7078201e-16  1.0000000   1.2277361e-16  -1.0466066e-16  -4.9808396e-17  -4.6982631e-16  -5.8273707e-16  3.0472857e-16  -1.2986201e-16  2.7800352e-16  1.0615860e-15  -1.7078201e-16  1.0000000   1.2277361e-16  -1.0466066e-16  -4.9808396e-17  -4.6982631e-16  -5.8273707e-16  
-6.5669787e-16  6.9986605e-16  3.1899261e-17  -3.3427308e-17  -1.6082731e-16  1.2277361e-16  1.0000000   1.1255437e-16  2.6066232e-16  2.1127670e-16  -1.3572009e-16  -6.5669787e-16  6.9986605e-16  3.1899261e-17  -3.3427308e-17  -1.6082731e-16  1.2277361e-16  1.0000000   1.1255437e-16  2.6066232e-16  2.1127670e-16  -1.3572009e-16  
8.4005763e-17  2.3663697e-16  -6.0401422e-16  6.2789928e-16  -3.5045838e-16  -1.0466066e-16  1.1255437e-16  1.0000000   1.0710703e-16  4.5741071e-16  -9.0776944e-16  8.4005763e-17  2.3663697e-16  -6.0401422e-16  6.2789928e-16  -3.5045838e-16  -1.0466066e-16  1.1255437e-16  1.0000000   1.0710703e-16  4.5741071e-16  -9.0776944e-16  
-3.4165582e-16  -2.6847345e-17  8.3453074e-16  1.0447982e-16  8.2869177e-16  -4.9808396e-17  2.6066232e-16  1.0710703e-16  1.0000000   -2.8183947e-16  -4.6687948e-16  -3.4165582e-16  -2.6847345e-17  8.3453074e-16  1.0447982e-16  8.2869177e-16  -4.9808396e-17  2.6066232e-16  1.0710703e-16  1.0000000   -2.8183947e-16  -4.6687948e-16  
3.3566645e-16  1.1226215e-16  2.4403739e-16  2.2343670e-16  -1.8610770e-17  -4.6982631e-16  2.1127670e-16  4.5741071e-16  -2.8183947e-16  1.0000000   -1.4660023e-18  3.3566645e-16  1.1226215e-16  2.4403739e-16  2.2343670e-16  -1.8610770e-17  -4.6982631e-16  2.1127670e-16  4.5741071e-16  -2.8183947e-16  1.0000000   -1.4660023e-18  
1.8948805e-16  6.3247527e-17  -4.5410537e-16  1.0711901e-15  4.6466187e-16  -5.8273707e-16  -1.3572009e-16  -9.0776944e-16  -4.6687948e-16  -1.4660023e-18  1.0000000   1.8948805e-16  6.3247527e-17  -4.5410537e-16  1.0711901e-15  4.6466187e-16  -5.8273707e-16  -1.3572009e-16  -9.0776944e-16  -4.6687948e-16  -1.4660023e-18  1.0000000   
1.0000000   1.4087852e-17  -9.3078757e-17  -2.7338497e-16  4.1852194e-16  3.0472857e-16  -6.5669787e-16  8.4005763e-17  -3.4165582e-16  3.3566645e-16  1.8948805e-16  1.0000000   1.4087852e-17  -9.3078757e-17  -2.7338497e-16  4.1852194e-16  3.0472857e-16  -6.5669787e-16  8.4005763e-17  -3.4165582e-16  3.3566645e-16  1.8948805e-16  
1.4087852e-17  1.0000000   -8.1237236e-17  4.8016434e-16  -1.7390476e-16  -1.2986201e-16  6.9986605e-16  2.3663697e-16  -2.6847345e-17  1.1226215e-16  6.3247527e-17  1.4087852e-17  1.0000000   -8.1237236e-17  4.8016434e-16  -1.7390476e-16  -1.2986201e-16  6.9986605e-16  2.3663697e-16  -2.6847345e-17  1.1226215e-16  6.3247527e-17  
-9.3078757e-17  -8.1237236e-17  1.0000000   -1.5210509e-16  1.9403365e-16  2.7800352e-16  3.1899261e-17  -6.0401422e-16  8.3453074e-16  2.4403739e-16  -4.5410537e-16  -9.3078757e-17  -8.1237236e-17  1.0000000   -1.5210509e-16  1.9403365e-16  2.7800352e-16  3.1899261e-17  -6.0401422e-16  8.3453074e-16  2.4403739e-16  -4.5410537e-16  
-2.7338497e-16  4.8016434e-16  -1.5210509e-16  1.0000000   -1.3103811e-17  1.0615860e-15  -3.3427308e-17  6.2789928e-16  1.0447982e-16  2.2343670e-16  1.0711901e-15  -2.7338497e-16  4.8016434e-16  -1.5210509e-16  1.0000000   -1.3103811e-17  1.0615860e-15  -3.3427308e-17  6.2789928e-16  1.0447982e-16  2.2343670e-16  1.0711901e-15  
4.1852194e-16  -1.7390476e-16  1.9403365e-16  -1.3103811e-17  1.0000000   -1.7078201e-16  -1.6082731e-16  -3.5045838e-16  8.2869177e-16  -1.8610770e-17  4.6466187e-16  4.1852194e-16  -1.7390476e-16  1.9403365e-16  -1.3103811e-17  1.0000000   -1.7078201e-16  -1.6082731e-16  -3.5045838e-16  8.2869177e-16  -1.8610770e-17  4.6466187e-16  
3.0472857e-16  -1.2986201e-16  2.7800352e-16  1.0615860e-15  -1.7078201e-16  1.0000000   1.2277361e-16  -1.0466066e-16  -4.9808396e-17  -4.6982631e-16  -5.8273707e-16  3.0472857e-16  -1.2986201e-16  2.7800352e-16  1.0615860e-15  -1.7078201e-16  1.0000000   1.2277361e-16  -1.0466066e-16  -4.9808396e-17  -4.6982631e-16  -5.8273707e-16  
-6.5669787e-16  6.9986605e-16  3.1899261e-17  -3.3427308e-17  -1.6082731e-16  1.2277361e-16  1.0000000   1.1255437e-16  2.6066232e-16  2.1127670e-16  -1.3572009e-16  -6.5669787e-16  6.9986605e-16  3.1899261e-17  -3.3427308e-17  -1.6082731e-16  1.2277361e-16  1.0000000   1.1255437e-16  2.6066232e-16  2.1127670e-16  -1.3572009e-16  
8.4005763e-17  2.3663697e-16  -6.0401422e-16  6.2789928e-16  -3.5045838e-16  -1.0466066e-16  1.1255437e-16  1.0000000   1.0710703e-16  4.5741071e-16  -9.0776944e-16  8.4005763e-17  2.3663697e-16  -6.0401422e-16  6.2789928e-16  -3.5045838e-16  -1.0466066e-16  1.1255437e-16  1.0000000   1.0710703e-16  4.5741071e-16  -9.0776944e-16  
-3.4165582e-16  -2.6847345e-17  8.3453074e-16  1.0447982e-16  8.2869177e-16  -4.9808396e-17  2.6066232e-16  1.0710703e-16  1.0000000   -2.8183947e-16  -4.6687948e-16  -3.4165582e-16  -2.6847345e-17  8.3453074e-16  1.0447982e-16  8.2869177e-16  -4.9808396e-17  2.6066232e-16  1.0710703e-16  1.0000000   -2.8183947e-16  -4.6687948e-16  
3.3566645e-16  1.1226215e-16  2.4403739e-16  2.2343670e-16  -1.8610770e-17  -4.6982631e-16  2.1127670e-16  4.5741071e-16  -2.8183947e-16  1.0000000   -1.4660023e-18  3.3566645e-16  1.1226215e-16  2.4403739e-16  2.2343670e-16  -1.8610770e-17  -4.6982631e-16  2.1127670e-16  4.5741071e-16  -2.8183947e-16  1.0000000   -1.4660023e-18  
1.8948805e-16  6.3247527e-17  -4.5410537e-16  1.0711901e-15  4.6466187e-16  -5.8273707e-16  -1.3572009e-16  -9.0776944e-16  -4.6687948e-16  -1.4660023e-18  1.0000000   1.8948805e-16  6.3247527e-17  -4.5410537e-16  1.0711901e-15  4.6466187e-16  -5.8273707e-16  -1.3572009e-16  -9.0776944e-16  -4.6687948e-16  -1.4660023e-18  1.0000000   
