1.0000000   9.6712697e-16  -2.2260026e-18  1.4507980e-16  -9.4442268e-17  -4.0273283e-16  -1.7804633e-16  -2.9958497e-16  4.2070687e-16  -4.1872735e-16  -5.5279064e-17  1.0000000   9.6712697e-16  -2.2260026e-18  1.4507980e-16  -9.4442268e-17  -4.0273283e-16  -1.7804633e-16  -2.9958497e-16  4.2070687e-16  -4.1872735e-16  -5.5279064e-17  
9.6712697e-16  1.0000000   -1.5114837e-16  -4.1507494e-16  -2.6693129e-16  -5.1724332e-16  -2.2133691e-16  2.7293043e-17  -6.2773294e-17  -1.3249083e-16  1.8025348e-16  9.6712697e-16  1.0000000   -1.5114837e-16  -4.1507494e-16  -2.6693129e-16  -5.1724332e-16  -2.2133691e-16  2.7293043e-17  -6.2773294e-17  -1.3249083e-16  1.8025348e-16  
-2.2260026e-18  -1.5114837e-16  1.0000000   -4.3417215e-17  -2.2617326e-16  -1.1354223e-16  3.7635876e-16  4.1529538e-16  -4.5018954e-17  -4.2973602e-16  -2.5977399e-16  -2.2260026e-18  -1.5114837e-16  1.0000000   -4.3417215e-17  -2.2617326e-16  -1.1354223e-16  3.7635876e-16  4.1529538e-16  -4.5018954e-17  -4.2973602e-16  -2.5977399e-16  
1.4507980e-16  -4.1507494e-16  -4.3417215e-17  1.0000000   -1.3181749e-16  2.8384243e-16  -7.7632264e-17  -1.0547614e-16  -1.0955355e-16  3.2314942e-17  -4.7154663e-16  1.4507980e-16  -4.1507494e-16  -4.3417215e-17  1.0000000   -1.3181749e-16  2.8384243e-16  -7.7632264e-17  -1.0547614e-16  -1.0955355e-16  3.2314942e-17  -4.7154663e-16  
-9.4442268e-17  -2.6693129e-16  -2.2617326e-16  -1.3181749e-16  1.0000000   1.2279543e-16  -6.5772108e-19  1.2401361e-15  -2.6644499e-16  3.8082593e-16  -1.3946705e-16  -9.4442268e-17  -2.6693129e-16  -2.2617326e-16  -1.3181749e-16  1.0000000   1.2279543e-16  -6.5772108e-19  1.2401361e-15  -2.6644499e-16  3.8082593e-16  -1.3946705e-16  
-4.0273283e-16  -5.1724332e-16  -1.1354223e-16  2.8384243e-16  1.2279543e-16  1.0000000   2.4944400e-16  -8.6094970e-17  2.4614650e-16  6.8561049e-16  -2.9279282e-16  -4.0273283e-16  -5.1724332e-16  -1.1354223e-16  2.8384243e-16  1.2279543e-16  1.0000000   2.4944400e-16  -8.6094970e-17  2.4614650e-16  6.8561049e-16  -2.9279282e-16  
-1.7804633e-16  -2.2133691e-16  3.7635876e-16  -7.7632264e-17  -6.5772108e-19  2.4944400e-16  1.0000000   3.0093704e-16  3.8415485e-17  2.8368806e-16  -3.7230486e-17  -1.7804633e-16  -2.2133691e-16  3.7635876e-16  -7.7632264e-17  -6.5772108e-19  2.4944400e-16  1.0000000   3.0093704e-16  3.8415485e-17  2.8368806e-16  -3.7230486e-17  
-2.9958497e-16  2.7293043e-17  4.1529538e-16  -1.0547614e-16  1.2401361e-15  -8.6094970e-17  3.0093704e-16  1.0000000   -4.9440890e-17  -9.6364450e-17  3.3869883e-17  -2.9958497e-16  2.7293043e-17  4.1529538e-16  -1.0547614e-16  1.2401361e-15  -8.6094970e-17  3.0093704e-16  1.0000000   -4.9440890e-17  -9.6364450e-17  3.3869883e-17  
4.2070687e-16  -6.2773294e-17  -4.5018954e-17  -1.0955355e-16  -2.6644499e-16  2.4614650e-16  3.8415485e-17  -4.9440890e-17  1.0000000   -1.5684678e-16  2.3932069e-17  4.2070687e-16  -6.2773294e-17  -4.5018954e-17  -1.0955355e-16  -2.6644499e-16  2.4614650e-16  3.8415485e-17  -4.9440890e-17  1.0000000   -1.5684678e-16  2.3932069e-17  
-4.1872735e-16  -1.3249083e-16  -4.2973602e-16  3.2314942e-17  3.8082593e-16  6.8561049e-16  2.8368806e-16  -9.6364450e-17  -1.5684678e-16  1.0000000   4.7804597e-16  -4.1872735e-16  -1.3249083e-16  -4.2973602e-16  3.2314942e-17  3.8082593e-16  6.8561049e-16  2.8368806e-16  -9.6364450e-17  -1.5684678e-16  1.0000000   4.7804597e-16  
-5.5279064e-17  1.8025348e-16  -2.5977399e-16  -4.7154663e-16  -1.3946705e-16  -2.9279282e-16  -3.7230486e-17  3.3869883e-17  2.3932069e-17  4.7804597e-16  1.0000000   -5.5279064e-17  1.8025348e-16  -2.5977399e-16  -4.7154663e-16  -1.3946705e-16  -2.9279282e-16  -3.7230486e-17  3.3869883e-17  2.3932069e-17  4.7804597e-16  1.0000000   
1.0000000   9.6712697e-16  -2.2260026e-18  1.4507980e-16  -9.4442268e-17  -4.0273283e-16  -1.7804633e-16  -2.9958497e-16  4.2070687e-16  -4.1872735e-16  -5.5279064e-17  1.0000000   9.6712697e-16  -2.2260026e-18  1.4507980e-16  -9.4442268e-17  -4.0273283e-16  -1.7804633e-16  -2.9958497e-16  4.2070687e-16  -4.1872735e-16  -5.5279064e-17  
9.6712697e-16  1.0000000   -1.5114837e-16  -4.1507494e-16  -2.6693129e-16  -5.1724332e-16  -2.2133691e-16  2.7293043e-17  -6.2773294e-17  -1.3249083e-16  1.8025348e-16  9.6712697e-16  1.0000000   -1.5114837e-16  -4.1507494e-16  -2.6693129e-16  -5.1724332e-16  -2.2133691e-16  2.7293043e-17  -6.2773294e-17  -1.3249083e-16  1.8025348e-16  
-2.2260026e-18  -1.5114837e-16  1.0000000   -4.3417215e-17  -2.2617326e-16  -1.1354223e-16  3.7635876e-16  4.1529538e-16  -4.5018954e-17  -4.2973602e-16  -2.5977399e-16  -2.2260026e-18  -1.5114837e-16  1.0000000   -4.3417215e-17  -2.2617326e-16  -1.1354223e-16  3.7635876e-16  4.1529538e-16  -4.5018954e-17  -4.2973602e-16  -2.5977399e-16  
1.4507980e-16  -4.1507494e-16  -4.3417215e-17  1.0000000   -1.3181749e-16  2.8384243e-16  -7.7632264e-17  -1.0547614e-16  -1.0955355e-16  3.2314942e-17  -4.7154663e-16  1.4507980e-16  -4.1507494e-16  -4.3417215e-17  1.0000000   -1.3181749e-16  2.8384243e-16  -7.7632264e-17  -1.0547614e-16  -1.0955355e-16  3.2314942e-17  -4.7154663e-16  
-9.4442268e-17  -2.6693129e-16  -2.2617326e-16  -1.3181749e-16  1.0000000   1.2279543e-16  -6.5772108e-19  1.2401361e-15  -2.6644499e-16  3.8082593e-16  -1.3946705e-16  -9.4442268e-17  -2.6693129e-16  -2.2617326e-16  -1.3181749e-16  1.0000000   1.2279543e-16  -6.5772108e-19  1.2401361e-15  -2.6644499e-16  3.8082593e-16  -1.3946705e-16  
-4.0273283e-16  -5.1724332e-16  -1.1354223e-16  2.8384243e-16  1.2279543e-16  1.0000000   2.4944400e-16  -8.6094970e-17  2.4614650e-16  6.8561049e-16  -2.9279282e-16  -4.0273283e-16  -5.1724332e-16  -1.1354223e-16  2.8384243e-16  1.2279543e-16  1.0000000   2.4944400e-16  -8.6094970e-17  2.4614650e-16  6.8561049e-16  -2.9279282e-16  
-1.7804633e-16  -2.2133691e-16  3.7635876e-16  -7.7632264e-17  -6.5772108e-19  2.4944400e-16  1.0000000   3.0093704e-16  3.8415485e-17  2.8368806e-16  -3.7230486e-17  -1.7804633e-16  -2.2133691e-16  3.7635876e-16  -7.7632264e-17  -6.5772108e-19  2.4944400e-16  1.0000000   3.0093704e-16  3.8415485e-17  2.8368806e-16  -3.7230486e-17  
-2.9958497e-16  2.7293043e-17  4.1529538e-16  -1.0547614e-16  1.2401361e-15  -8.6094970e-17  3.0093704e-16  1.0000000   -4.9440890e-17  -9.6364450e-17  3.3869883e-17  -2.9958497e-16  2.7293043e-17  4.1529538e-16  -1.0547614e-16  1.2401361e-15  -8.6094970e-17  3.0093704e-16  1.0000000   -4.9440890e-17  -9.6364450e-17  3.3869883e-17  
4.2070687e-16  -6.2773294e-17  -4.5018954e-17  -1.0955355e-16  -2.6644499e-16  2.4614650e-16  3.8415485e-17  -4.9440890e-17  1.0000000   -1.5684678e-16  2.3932069e-17  4.2070687e-16  -6.2773294e-17  -4.5018954e-17  -1.0955355e-16  -2.6644499e-16  2.4614650e-16  3.8415485e-17  -4.9440890e-17  1.0000000   -1.5684678e-16  2.3932069e-17  
-4.1872735e-16  -1.3249083e-16  -4.2973602e-16  3.2314942e-17  3.8082593e-16  6.8561049e-16  2.8368806e-16  -9.6364450e-17  -1.5684678e-16  1.0000000   4.7804597e-16  -4.1872735e-16  -1.3249083e-16  -4.2973602e-16  3.2314942e-17  3.8082593e-16  6.8561049e-16  2.8368806e-16  -9.6364450e-17  -1.5684678e-16  1.0000000   4.7804597e-16  
-5.5279064e-17  1.8025348e-16  -2.5977399e-16  -4.7154663e-16  -1.3946705e-16  -2.9279282e-16  -3.7230486e-17  3.3869883e-17  2.3932069e-17  4.7804597e-16  1.0000000   -5.5279064e-17  1.8025348e-16  -2.5977399e-16  -4.7154663e-16  -1.3946705e-16  -2.9279282e-16  -3.7230486e-17  3.3869883e-17  2.3932069e-17  4.7804597e-16  1.0000000   
