1.0000000   -3.3488295e-17  3.6815101e-16  1.3609448e-16  -1.5127416e-16  -1.5788017e-16  -3.2149983e-17  2.5176233e-16  2.5100678e-16  -1.0191416e-16  -5.3400091e-16  1.0000000   -3.3488295e-17  3.6815101e-16  1.3609448e-16  -1.5127416e-16  -1.5788017e-16  -3.2149983e-17  2.5176233e-16  2.5100678e-16  -1.0191416e-16  -5.3400091e-16  
-3.3488295e-17  1.0000000   6.6135994e-16  -1.0013962e-16  -2.0448159e-16  1.2537146e-16  1.6662493e-16  -7.0557209e-17  -1.2398720e-16  1.0990761e-16  -1.2997043e-16  -3.3488295e-17  1.0000000   6.6135994e-16  -1.0013962e-16  -2.0448159e-16  1.2537146e-16  1.6662493e-16  -7.0557209e-17  -1.2398720e-16  1.0990761e-16  -1.2997043e-16  
3.6815101e-16  6.6135994e-16  1.0000000   -1.3532334e-15  -4.8889111e-16  1.3551172e-16  -4.3328192e-16  4.3684200e-16  -1.7167844e-16  -1.8740922e-16  -5.4002162e-17  3.6815101e-16  6.6135994e-16  1.0000000   -1.3532334e-15  -4.8889111e-16  1.3551172e-16  -4.3328192e-16  4.3684200e-16  -1.7167844e-16  -1.8740922e-16  -5.4002162e-17  
1.3609448e-16  -1.0013962e-16  -1.3532334e-15  1.0000000   -5.2050386e-17  -1.3490821e-16  -3.3492360e-16  -9.7827858e-17  3.0444217e-16  5.0119363e-17  3.8183441e-16  1.3609448e-16  -1.0013962e-16  -1.3532334e-15  1.0000000   -5.2050386e-17  -1.3490821e-16  -3.3492360e-16  -9.7827858e-17  3.0444217e-16  5.0119363e-17  3.8183441e-16  
-1.5127416e-16  -2.0448159e-16  -4.8889111e-16  -5.2050386e-17  1.0000000   -6.5698242e-16  9.1316081e-17  4.7003049e-16  2.8659549e-16  -6.6067494e-16  -2.1137342e-16  -1.5127416e-16  -2.0448159e-16  -4.8889111e-16  -5.2050386e-17  1.0000000   -6.5698242e-16  9.1316081e-17  4.7003049e-16  2.8659549e-16  -6.6067494e-16  -2.1137342e-16  
-1.5788017e-16  1.2537146e-16  1.3551172e-16  -1.3490821e-16  -6.5698242e-16  1.0000000   -1.7787438e-16  -2.2996457e-16  -2.2716587e-16  -8.8621881e-18  3.1073912e-16  -1.5788017e-16  1.2537146e-16  1.3551172e-16  -1.3490821e-16  -6.5698242e-16  1.0000000   -1.7787438e-16  -2.2996457e-16  -2.2716587e-16  -8.8621881e-18  3.1073912e-16  
-3.2149983e-17  1.6662493e-16  -4.3328192e-16  -3.3492360e-16  9.1316081e-17  -1.7787438e-16  1.0000000   -3.1355381e-16  4.7546945e-16  -4.3584864e-16  3.0282105e-16  -3.2149983e-17  1.6662493e-16  -4.3328192e-16  -3.3492360e-16  9.1316081e-17  -1.7787438e-16  1.0000000   -3.1355381e-16  4.7546945e-16  -4.3584864e-16  3.0282105e-16  
2.5176233e-16  -7.0557209e-17  4.3684200e-16  -9.7827858e-17  4.7003049e-16  -2.2996457e-16  -3.1355381e-16  1.0000000   -3.0468937e-16  4.6046617e-17  -1.8831766e-16  2.5176233e-16  -7.0557209e-17  4.3684200e-16  -9.7827858e-17  4.7003049e-16  -2.2996457e-16  -3.1355381e-16  1.0000000   -3.0468937e-16  4.6046617e-17  -1.8831766e-16  
2.5100678e-16  -1.2398720e-16  -1.7167844e-16  3.0444217e-16  2.8659549e-16  -2.2716587e-16  4.7546945e-16  -3.0468937e-16  1.0000000   4.3119427e-16  1.1027649e-16  2.5100678e-16  -1.2398720e-16  -1.7167844e-16  3.0444217e-16  2.8659549e-16  -2.2716587e-16  4.7546945e-16  -3.0468937e-16  1.0000000   4.3119427e-16  1.1027649e-16  
-1.0191416e-16  1.0990761e-16  -1.8740922e-16  5.0119363e-17  -6.6067494e-16  -8.8621881e-18  -4.3584864e-16  4.6046617e-17  4.3119427e-16  1.0000000   -1.0492218e-16  -1.0191416e-16  1.0990761e-16  -1.8740922e-16  5.0119363e-17  -6.6067494e-16  -8.8621881e-18  -4.3584864e-16  4.6046617e-17  4.3119427e-16  1.0000000   -1.0492218e-16  
-5.3400091e-16  -1.2997043e-16  -5.4002162e-17  3.8183441e-16  -2.1137342e-16  3.1073912e-16  3.0282105e-16  -1.8831766e-16  1.1027649e-16  -1.0492218e-16  1.0000000   -5.3400091e-16  -1.2997043e-16  -5.4002162e-17  3.8183441e-16  -2.1137342e-16  3.1073912e-16  3.0282105e-16  -1.8831766e-16  1.1027649e-16  -1.0492218e-16  1.0000000   
1.0000000   -3.3488295e-17  3.6815101e-16  1.3609448e-16  -1.5127416e-16  -1.5788017e-16  -3.2149983e-17  2.5176233e-16  2.5100678e-16  -1.0191416e-16  -5.3400091e-16  1.0000000   -3.3488295e-17  3.6815101e-16  1.3609448e-16  -1.5127416e-16  -1.5788017e-16  -3.2149983e-17  2.5176233e-16  2.5100678e-16  -1.0191416e-16  -5.3400091e-16  
-3.3488295e-17  1.0000000   6.6135994e-16  -1.0013962e-16  -2.0448159e-16  1.2537146e-16  1.6662493e-16  -7.0557209e-17  -1.2398720e-16  1.0990761e-16  -1.2997043e-16  -3.3488295e-17  1.0000000   6.6135994e-16  -1.0013962e-16  -2.0448159e-16  1.2537146e-16  1.6662493e-16  -7.0557209e-17  -1.2398720e-16  1.0990761e-16  -1.2997043e-16  
3.6815101e-16  6.6135994e-16  1.0000000   -1.3532334e-15  -4.8889111e-16  1.3551172e-16  -4.3328192e-16  4.3684200e-16  -1.7167844e-16  -1.8740922e-16  -5.4002162e-17  3.6815101e-16  6.6135994e-16  1.0000000   -1.3532334e-15  -4.8889111e-16  1.3551172e-16  -4.3328192e-16  4.3684200e-16  -1.7167844e-16  -1.8740922e-16  -5.4002162e-17  
1.3609448e-16  -1.0013962e-16  -1.3532334e-15  1.0000000   -5.2050386e-17  -1.3490821e-16  -3.3492360e-16  -9.7827858e-17  3.0444217e-16  5.0119363e-17  3.8183441e-16  1.3609448e-16  -1.0013962e-16  -1.3532334e-15  1.0000000   -5.2050386e-17  -1.3490821e-16  -3.3492360e-16  -9.7827858e-17  3.0444217e-16  5.0119363e-17  3.8183441e-16  
-1.5127416e-16  -2.0448159e-16  -4.8889111e-16  -5.2050386e-17  1.0000000   -6.5698242e-16  9.1316081e-17  4.7003049e-16  2.8659549e-16  -6.6067494e-16  -2.1137342e-16  -1.5127416e-16  -2.0448159e-16  -4.8889111e-16  -5.2050386e-17  1.0000000   -6.5698242e-16  9.1316081e-17  4.7003049e-16  2.8659549e-16  -6.6067494e-16  -2.1137342e-16  
-1.5788017e-16  1.2537146e-16  1.3551172e-16  -1.3490821e-16  -6.5698242e-16  1.0000000   -1.7787438e-16  -2.2996457e-16  -2.2716587e-16  -8.8621881e-18  3.1073912e-16  -1.5788017e-16  1.2537146e-16  1.3551172e-16  -1.3490821e-16  -6.5698242e-16  1.0000000   -1.7787438e-16  -2.2996457e-16  -2.2716587e-16  -8.8621881e-18  3.1073912e-16  
-3.2149983e-17  1.6662493e-16  -4.3328192e-16  -3.3492360e-16  9.1316081e-17  -1.7787438e-16  1.0000000   -3.1355381e-16  4.7546945e-16  -4.3584864e-16  3.0282105e-16  -3.2149983e-17  1.6662493e-16  -4.3328192e-16  -3.3492360e-16  9.1316081e-17  -1.7787438e-16  1.0000000   -3.1355381e-16  4.7546945e-16  -4.3584864e-16  3.0282105e-16  
2.5176233e-16  -7.0557209e-17  4.3684200e-16  -9.7827858e-17  4.7003049e-16  -2.2996457e-16  -3.1355381e-16  1.0000000   -3.0468937e-16  4.6046617e-17  -1.8831766e-16  2.5176233e-16  -7.0557209e-17  4.3684200e-16  -9.7827858e-17  4.7003049e-16  -2.2996457e-16  -3.1355381e-16  1.0000000   -3.0468937e-16  4.6046617e-17  -1.8831766e-16  
2.5100678e-16  -1.2398720e-16  -1.7167844e-16  3.0444217e-16  2.8659549e-16  -2.2716587e-16  4.7546945e-16  -3.0468937e-16  1.0000000   4.3119427e-16  1.1027649e-16  2.5100678e-16  -1.2398720e-16  -1.7167844e-16  3.0444217e-16  2.8659549e-16  -2.2716587e-16  4.7546945e-16  -3.0468937e-16  1.0000000   4.3119427e-16  1.1027649e-16  
-1.0191416e-16  1.0990761e-16  -1.8740922e-16  5.0119363e-17  -6.6067494e-16  -8.8621881e-18  -4.3584864e-16  4.6046617e-17  4.3119427e-16  1.0000000   -1.0492218e-16  -1.0191416e-16  1.0990761e-16  -1.8740922e-16  5.0119363e-17  -6.6067494e-16  -8.8621881e-18  -4.3584864e-16  4.6046617e-17  4.3119427e-16  1.0000000   -1.0492218e-16  
-5.3400091e-16  -1.2997043e-16  -5.4002162e-17  3.8183441e-16  -2.1137342e-16  3.1073912e-16  3.0282105e-16  -1.8831766e-16  1.1027649e-16  -1.0492218e-16  1.0000000   -5.3400091e-16  -1.2997043e-16  -5.4002162e-17  3.8183441e-16  -2.1137342e-16  3.1073912e-16  3.0282105e-16  -1.8831766e-16  1.1027649e-16  -1.0492218e-16  1.0000000   
