1.0000000   -9.6954779e-17  -2.0604923e-16  1.5290300e-16  -6.1177378e-17  2.9940921e-17  7.5999523e-16  4.4619091e-16  -8.4666025e-17  9.4310342e-17  -1.8218832e-16  1.0000000   -9.6954779e-17  -2.0604923e-16  1.5290300e-16  -6.1177378e-17  2.9940921e-17  7.5999523e-16  4.4619091e-16  -8.4666025e-17  9.4310342e-17  -1.8218832e-16  
-9.6954779e-17  1.0000000   3.6847458e-16  1.4359241e-16  -2.0508785e-17  -9.4131258e-16  4.2323018e-16  1.6135162e-16  3.0013427e-16  -7.0610784e-17  -7.6868240e-17  -9.6954779e-17  1.0000000   3.6847458e-16  1.4359241e-16  -2.0508785e-17  -9.4131258e-16  4.2323018e-16  1.6135162e-16  3.0013427e-16  -7.0610784e-17  -7.6868240e-17  
-2.0604923e-16  3.6847458e-16  1.0000000   2.0511750e-17  6.6551802e-16  -4.9368257e-16  -5.8527266e-16  2.1264540e-16  4.1869262e-17  -1.6428628e-16  -3.8698818e-16  -2.0604923e-16  3.6847458e-16  1.0000000   2.0511750e-17  6.6551802e-16  -4.9368257e-16  -5.8527266e-16  2.1264540e-16  4.1869262e-17  -1.6428628e-16  -3.8698818e-16  
1.5290300e-16  1.4359241e-16  2.0511750e-17  1.0000000   1.1467668e-15  -8.9466585e-17  -7.3170094e-17  -1.3795922e-16  5.7272429e-16  6.8362060e-16  -1.0591723e-16  1.5290300e-16  1.4359241e-16  2.0511750e-17  1.0000000   1.1467668e-15  -8.9466585e-17  -7.3170094e-17  -1.3795922e-16  5.7272429e-16  6.8362060e-16  -1.0591723e-16  
-6.1177378e-17  -2.0508785e-17  6.6551802e-16  1.1467668e-15  1.0000000   9.2190050e-16  -1.0384010e-16  7.9655362e-16  1.6597812e-16  2.6122557e-16  5.2508854e-16  -6.1177378e-17  -2.0508785e-17  6.6551802e-16  1.1467668e-15  1.0000000   9.2190050e-16  -1.0384010e-16  7.9655362e-16  1.6597812e-16  2.6122557e-16  5.2508854e-16  
2.9940921e-17  -9.4131258e-16  -4.9368257e-16  -8.9466585e-17  9.2190050e-16  1.0000000   7.7234582e-17  1.0578597e-15  8.2651569e-17  8.3655250e-16  -2.4710884e-16  2.9940921e-17  -9.4131258e-16  -4.9368257e-16  -8.9466585e-17  9.2190050e-16  1.0000000   7.7234582e-17  1.0578597e-15  8.2651569e-17  8.3655250e-16  -2.4710884e-16  
7.5999523e-16  4.2323018e-16  -5.8527266e-16  -7.3170094e-17  -1.0384010e-16  7.7234582e-17  1.0000000   -9.7392166e-17  1.0335517e-16  -5.9976667e-16  -2.4898279e-16  7.5999523e-16  4.2323018e-16  -5.8527266e-16  -7.3170094e-17  -1.0384010e-16  7.7234582e-17  1.0000000   -9.7392166e-17  1.0335517e-16  -5.9976667e-16  -2.4898279e-16  
4.4619091e-16  1.6135162e-16  2.1264540e-16  -1.3795922e-16  7.9655362e-16  1.0578597e-15  -9.7392166e-17  1.0000000   -4.2842966e-16  -5.3777569e-16  -6.6204601e-16  4.4619091e-16  1.6135162e-16  2.1264540e-16  -1.3795922e-16  7.9655362e-16  1.0578597e-15  -9.7392166e-17  1.0000000   -4.2842966e-16  -5.3777569e-16  -6.6204601e-16  
-8.4666025e-17  3.0013427e-16  4.1869262e-17  5.7272429e-16  1.6597812e-16  8.2651569e-17  1.0335517e-16  -4.2842966e-16  1.0000000   3.8338204e-16  2.7867278e-16  -8.4666025e-17  3.0013427e-16  4.1869262e-17  5.7272429e-16  1.6597812e-16  8.2651569e-17  1.0335517e-16  -4.2842966e-16  1.0000000   3.8338204e-16  2.7867278e-16  
9.4310342e-17  -7.0610784e-17  -1.6428628e-16  6.8362060e-16  2.6122557e-16  8.3655250e-16  -5.9976667e-16  -5.3777569e-16  3.8338204e-16  1.0000000   4.8304913e-16  9.4310342e-17  -7.0610784e-17  -1.6428628e-16  6.8362060e-16  2.6122557e-16  8.3655250e-16  -5.9976667e-16  -5.3777569e-16  3.8338204e-16  1.0000000   4.8304913e-16  
-1.8218832e-16  -7.6868240e-17  -3.8698818e-16  -1.0591723e-16  5.2508854e-16  -2.4710884e-16  -2.4898279e-16  -6.6204601e-16  2.7867278e-16  4.8304913e-16  1.0000000   -1.8218832e-16  -7.6868240e-17  -3.8698818e-16  -1.0591723e-16  5.2508854e-16  -2.4710884e-16  -2.4898279e-16  -6.6204601e-16  2.7867278e-16  4.8304913e-16  1.0000000   
1.0000000   -9.6954779e-17  -2.0604923e-16  1.5290300e-16  -6.1177378e-17  2.9940921e-17  7.5999523e-16  4.4619091e-16  -8.4666025e-17  9.4310342e-17  -1.8218832e-16  1.0000000   -9.6954779e-17  -2.0604923e-16  1.5290300e-16  -6.1177378e-17  2.9940921e-17  7.5999523e-16  4.4619091e-16  -8.4666025e-17  9.4310342e-17  -1.8218832e-16  
-9.6954779e-17  1.0000000   3.6847458e-16  1.4359241e-16  -2.0508785e-17  -9.4131258e-16  4.2323018e-16  1.6135162e-16  3.0013427e-16  -7.0610784e-17  -7.6868240e-17  -9.6954779e-17  1.0000000   3.6847458e-16  1.4359241e-16  -2.0508785e-17  -9.4131258e-16  4.2323018e-16  1.6135162e-16  3.0013427e-16  -7.0610784e-17  -7.6868240e-17  
-2.0604923e-16  3.6847458e-16  1.0000000   2.0511750e-17  6.6551802e-16  -4.9368257e-16  -5.8527266e-16  2.1264540e-16  4.1869262e-17  -1.6428628e-16  -3.8698818e-16  -2.0604923e-16  3.6847458e-16  1.0000000   2.0511750e-17  6.6551802e-16  -4.9368257e-16  -5.8527266e-16  2.1264540e-16  4.1869262e-17  -1.6428628e-16  -3.8698818e-16  
1.5290300e-16  1.4359241e-16  2.0511750e-17  1.0000000   1.1467668e-15  -8.9466585e-17  -7.3170094e-17  -1.3795922e-16  5.7272429e-16  6.8362060e-16  -1.0591723e-16  1.5290300e-16  1.4359241e-16  2.0511750e-17  1.0000000   1.1467668e-15  -8.9466585e-17  -7.3170094e-17  -1.3795922e-16  5.7272429e-16  6.8362060e-16  -1.0591723e-16  
-6.1177378e-17  -2.0508785e-17  6.6551802e-16  1.1467668e-15  1.0000000   9.2190050e-16  -1.0384010e-16  7.9655362e-16  1.6597812e-16  2.6122557e-16  5.2508854e-16  -6.1177378e-17  -2.0508785e-17  6.6551802e-16  1.1467668e-15  1.0000000   9.2190050e-16  -1.0384010e-16  7.9655362e-16  1.6597812e-16  2.6122557e-16  5.2508854e-16  
2.9940921e-17  -9.4131258e-16  -4.9368257e-16  -8.9466585e-17  9.2190050e-16  1.0000000   7.7234582e-17  1.0578597e-15  8.2651569e-17  8.3655250e-16  -2.4710884e-16  2.9940921e-17  -9.4131258e-16  -4.9368257e-16  -8.9466585e-17  9.2190050e-16  1.0000000   7.7234582e-17  1.0578597e-15  8.2651569e-17  8.3655250e-16  -2.4710884e-16  
7.5999523e-16  4.2323018e-16  -5.8527266e-16  -7.3170094e-17  -1.0384010e-16  7.7234582e-17  1.0000000   -9.7392166e-17  1.0335517e-16  -5.9976667e-16  -2.4898279e-16  7.5999523e-16  4.2323018e-16  -5.8527266e-16  -7.3170094e-17  -1.0384010e-16  7.7234582e-17  1.0000000   -9.7392166e-17  1.0335517e-16  -5.9976667e-16  -2.4898279e-16  
4.4619091e-16  1.6135162e-16  2.1264540e-16  -1.3795922e-16  7.9655362e-16  1.0578597e-15  -9.7392166e-17  1.0000000   -4.2842966e-16  -5.3777569e-16  -6.6204601e-16  4.4619091e-16  1.6135162e-16  2.1264540e-16  -1.3795922e-16  7.9655362e-16  1.0578597e-15  -9.7392166e-17  1.0000000   -4.2842966e-16  -5.3777569e-16  -6.6204601e-16  
-8.4666025e-17  3.0013427e-16  4.1869262e-17  5.7272429e-16  1.6597812e-16  8.2651569e-17  1.0335517e-16  -4.2842966e-16  1.0000000   3.8338204e-16  2.7867278e-16  -8.4666025e-17  3.0013427e-16  4.1869262e-17  5.7272429e-16  1.6597812e-16  8.2651569e-17  1.0335517e-16  -4.2842966e-16  1.0000000   3.8338204e-16  2.7867278e-16  
9.4310342e-17  -7.0610784e-17  -1.6428628e-16  6.8362060e-16  2.6122557e-16  8.3655250e-16  -5.9976667e-16  -5.3777569e-16  3.8338204e-16  1.0000000   4.8304913e-16  9.4310342e-17  -7.0610784e-17  -1.6428628e-16  6.8362060e-16  2.6122557e-16  8.3655250e-16  -5.9976667e-16  -5.3777569e-16  3.8338204e-16  1.0000000   4.8304913e-16  
-1.8218832e-16  -7.6868240e-17  -3.8698818e-16  -1.0591723e-16  5.2508854e-16  -2.4710884e-16  -2.4898279e-16  -6.6204601e-16  2.7867278e-16  4.8304913e-16  1.0000000   -1.8218832e-16  -7.6868240e-17  -3.8698818e-16  -1.0591723e-16  5.2508854e-16  -2.4710884e-16  -2.4898279e-16  -6.6204601e-16  2.7867278e-16  4.8304913e-16  1.0000000   
