1.0000000   5.1215000e-17  5.1679852e-16  2.4567344e-17  -1.0588928e-16  -7.1496357e-17  -5.2125052e-16  1.0048098e-16  1.9269618e-16  1.7176007e-16  -1.9078570e-17  1.0000000   5.1215000e-17  5.1679852e-16  2.4567344e-17  -1.0588928e-16  -7.1496357e-17  -5.2125052e-16  1.0048098e-16  1.9269618e-16  1.7176007e-16  -1.9078570e-17  
5.1215000e-17  1.0000000   2.4988150e-16  -3.5128150e-16  -3.5863799e-17  -8.1116110e-17  3.5643146e-17  -1.0143685e-16  3.3626075e-16  3.2723000e-16  -7.9321247e-17  5.1215000e-17  1.0000000   2.4988150e-16  -3.5128150e-16  -3.5863799e-17  -8.1116110e-17  3.5643146e-17  -1.0143685e-16  3.3626075e-16  3.2723000e-16  -7.9321247e-17  
5.1679852e-16  2.4988150e-16  1.0000000   1.5214067e-16  -4.7140602e-16  4.4718956e-16  -5.4463710e-16  -2.2510134e-16  5.1839168e-16  -1.6672997e-16  4.5068506e-17  5.1679852e-16  2.4988150e-16  1.0000000   1.5214067e-16  -4.7140602e-16  4.4718956e-16  -5.4463710e-16  -2.2510134e-16  5.1839168e-16  -1.6672997e-16  4.5068506e-17  
2.4567344e-17  -3.5128150e-16  1.5214067e-16  1.0000000   -2.8014302e-16  -1.0744782e-16  4.0402286e-16  9.0901458e-18  -2.1259151e-17  4.9717658e-17  1.3764878e-16  2.4567344e-17  -3.5128150e-16  1.5214067e-16  1.0000000   -2.8014302e-16  -1.0744782e-16  4.0402286e-16  9.0901458e-18  -2.1259151e-17  4.9717658e-17  1.3764878e-16  
-1.0588928e-16  -3.5863799e-17  -4.7140602e-16  -2.8014302e-16  1.0000000   -9.3851245e-16  -1.4618815e-16  -3.8223738e-16  -9.1684117e-17  6.6839118e-17  4.7307462e-16  -1.0588928e-16  -3.5863799e-17  -4.7140602e-16  -2.8014302e-16  1.0000000   -9.3851245e-16  -1.4618815e-16  -3.8223738e-16  -9.1684117e-17  6.6839118e-17  4.7307462e-16  
-7.1496357e-17  -8.1116110e-17  4.4718956e-16  -1.0744782e-16  -9.3851245e-16  1.0000000   2.8375011e-16  2.0534408e-16  -7.5298159e-17  -3.4419067e-16  5.6500486e-17  -7.1496357e-17  -8.1116110e-17  4.4718956e-16  -1.0744782e-16  -9.3851245e-16  1.0000000   2.8375011e-16  2.0534408e-16  -7.5298159e-17  -3.4419067e-16  5.6500486e-17  
-5.2125052e-16  3.5643146e-17  -5.4463710e-16  4.0402286e-16  -1.4618815e-16  2.8375011e-16  1.0000000   1.3790967e-17  4.0118540e-16  7.2971380e-16  4.1617100e-16  -5.2125052e-16  3.5643146e-17  -5.4463710e-16  4.0402286e-16  -1.4618815e-16  2.8375011e-16  1.0000000   1.3790967e-17  4.0118540e-16  7.2971380e-16  4.1617100e-16  
1.0048098e-16  -1.0143685e-16  -2.2510134e-16  9.0901458e-18  -3.8223738e-16  2.0534408e-16  1.3790967e-17  1.0000000   -1.4139097e-17  -3.3270385e-16  5.3832374e-16  1.0048098e-16  -1.0143685e-16  -2.2510134e-16  9.0901458e-18  -3.8223738e-16  2.0534408e-16  1.3790967e-17  1.0000000   -1.4139097e-17  -3.3270385e-16  5.3832374e-16  
1.9269618e-16  3.3626075e-16  5.1839168e-16  -2.1259151e-17  -9.1684117e-17  -7.5298159e-17  4.0118540e-16  -1.4139097e-17  1.0000000   -2.4502106e-16  3.5400207e-17  1.9269618e-16  3.3626075e-16  5.1839168e-16  -2.1259151e-17  -9.1684117e-17  -7.5298159e-17  4.0118540e-16  -1.4139097e-17  1.0000000   -2.4502106e-16  3.5400207e-17  
1.7176007e-16  3.2723000e-16  -1.6672997e-16  4.9717658e-17  6.6839118e-17  -3.4419067e-16  7.2971380e-16  -3.3270385e-16  -2.4502106e-16  1.0000000   -3.8767957e-17  1.7176007e-16  3.2723000e-16  -1.6672997e-16  4.9717658e-17  6.6839118e-17  -3.4419067e-16  7.2971380e-16  -3.3270385e-16  -2.4502106e-16  1.0000000   -3.8767957e-17  
-1.9078570e-17  -7.9321247e-17  4.5068506e-17  1.3764878e-16  4.7307462e-16  5.6500486e-17  4.1617100e-16  5.3832374e-16  3.5400207e-17  -3.8767957e-17  1.0000000   -1.9078570e-17  -7.9321247e-17  4.5068506e-17  1.3764878e-16  4.7307462e-16  5.6500486e-17  4.1617100e-16  5.3832374e-16  3.5400207e-17  -3.8767957e-17  1.0000000   
1.0000000   5.1215000e-17  5.1679852e-16  2.4567344e-17  -1.0588928e-16  -7.1496357e-17  -5.2125052e-16  1.0048098e-16  1.9269618e-16  1.7176007e-16  -1.9078570e-17  1.0000000   5.1215000e-17  5.1679852e-16  2.4567344e-17  -1.0588928e-16  -7.1496357e-17  -5.2125052e-16  1.0048098e-16  1.9269618e-16  1.7176007e-16  -1.9078570e-17  
5.1215000e-17  1.0000000   2.4988150e-16  -3.5128150e-16  -3.5863799e-17  -8.1116110e-17  3.5643146e-17  -1.0143685e-16  3.3626075e-16  3.2723000e-16  -7.9321247e-17  5.1215000e-17  1.0000000   2.4988150e-16  -3.5128150e-16  -3.5863799e-17  -8.1116110e-17  3.5643146e-17  -1.0143685e-16  3.3626075e-16  3.2723000e-16  -7.9321247e-17  
5.1679852e-16  2.4988150e-16  1.0000000   1.5214067e-16  -4.7140602e-16  4.4718956e-16  -5.4463710e-16  -2.2510134e-16  5.1839168e-16  -1.6672997e-16  4.5068506e-17  5.1679852e-16  2.4988150e-16  1.0000000   1.5214067e-16  -4.7140602e-16  4.4718956e-16  -5.4463710e-16  -2.2510134e-16  5.1839168e-16  -1.6672997e-16  4.5068506e-17  
2.4567344e-17  -3.5128150e-16  1.5214067e-16  1.0000000   -2.8014302e-16  -1.0744782e-16  4.0402286e-16  9.0901458e-18  -2.1259151e-17  4.9717658e-17  1.3764878e-16  2.4567344e-17  -3.5128150e-16  1.5214067e-16  1.0000000   -2.8014302e-16  -1.0744782e-16  4.0402286e-16  9.0901458e-18  -2.1259151e-17  4.9717658e-17  1.3764878e-16  
-1.0588928e-16  -3.5863799e-17  -4.7140602e-16  -2.8014302e-16  1.0000000   -9.3851245e-16  -1.4618815e-16  -3.8223738e-16  -9.1684117e-17  6.6839118e-17  4.7307462e-16  -1.0588928e-16  -3.5863799e-17  -4.7140602e-16  -2.8014302e-16  1.0000000   -9.3851245e-16  -1.4618815e-16  -3.8223738e-16  -9.1684117e-17  6.6839118e-17  4.7307462e-16  
-7.1496357e-17  -8.1116110e-17  4.4718956e-16  -1.0744782e-16  -9.3851245e-16  1.0000000   2.8375011e-16  2.0534408e-16  -7.5298159e-17  -3.4419067e-16  5.6500486e-17  -7.1496357e-17  -8.1116110e-17  4.4718956e-16  -1.0744782e-16  -9.3851245e-16  1.0000000   2.8375011e-16  2.0534408e-16  -7.5298159e-17  -3.4419067e-16  5.6500486e-17  
-5.2125052e-16  3.5643146e-17  -5.4463710e-16  4.0402286e-16  -1.4618815e-16  2.8375011e-16  1.0000000   1.3790967e-17  4.0118540e-16  7.2971380e-16  4.1617100e-16  -5.2125052e-16  3.5643146e-17  -5.4463710e-16  4.0402286e-16  -1.4618815e-16  2.8375011e-16  1.0000000   1.3790967e-17  4.0118540e-16  7.2971380e-16  4.1617100e-16  
1.0048098e-16  -1.0143685e-16  -2.2510134e-16  9.0901458e-18  -3.8223738e-16  2.0534408e-16  1.3790967e-17  1.0000000   -1.4139097e-17  -3.3270385e-16  5.3832374e-16  1.0048098e-16  -1.0143685e-16  -2.2510134e-16  9.0901458e-18  -3.8223738e-16  2.0534408e-16  1.3790967e-17  1.0000000   -1.4139097e-17  -3.3270385e-16  5.3832374e-16  
1.9269618e-16  3.3626075e-16  5.1839168e-16  -2.1259151e-17  -9.1684117e-17  -7.5298159e-17  4.0118540e-16  -1.4139097e-17  1.0000000   -2.4502106e-16  3.5400207e-17  1.9269618e-16  3.3626075e-16  5.1839168e-16  -2.1259151e-17  -9.1684117e-17  -7.5298159e-17  4.0118540e-16  -1.4139097e-17  1.0000000   -2.4502106e-16  3.5400207e-17  
1.7176007e-16  3.2723000e-16  -1.6672997e-16  4.9717658e-17  6.6839118e-17  -3.4419067e-16  7.2971380e-16  -3.3270385e-16  -2.4502106e-16  1.0000000   -3.8767957e-17  1.7176007e-16  3.2723000e-16  -1.6672997e-16  4.9717658e-17  6.6839118e-17  -3.4419067e-16  7.2971380e-16  -3.3270385e-16  -2.4502106e-16  1.0000000   -3.8767957e-17  
-1.9078570e-17  -7.9321247e-17  4.5068506e-17  1.3764878e-16  4.7307462e-16  5.6500486e-17  4.1617100e-16  5.3832374e-16  3.5400207e-17  -3.8767957e-17  1.0000000   -1.9078570e-17  -7.9321247e-17  4.5068506e-17  1.3764878e-16  4.7307462e-16  5.6500486e-17  4.1617100e-16  5.3832374e-16  3.5400207e-17  -3.8767957e-17  1.0000000   
