1.0000000   9.8010818e-17  -1.7344863e-16  -3.6807647e-16  1.1370147e-17  -1.9194105e-16  -1.9243233e-16  -2.7822830e-16  4.7333895e-17  -2.7337988e-19  3.8078197e-16  1.0000000   9.8010818e-17  -1.7344863e-16  -3.6807647e-16  1.1370147e-17  -1.9194105e-16  -1.9243233e-16  -2.7822830e-16  4.7333895e-17  -2.7337988e-19  3.8078197e-16  
9.8010818e-17  1.0000000   -7.2137667e-17  1.3989824e-16  1.0438315e-16  1.0675686e-17  2.6066603e-16  -1.8179691e-16  3.5352932e-17  3.3869302e-16  1.0419268e-16  9.8010818e-17  1.0000000   -7.2137667e-17  1.3989824e-16  1.0438315e-16  1.0675686e-17  2.6066603e-16  -1.8179691e-16  3.5352932e-17  3.3869302e-16  1.0419268e-16  
-1.7344863e-16  -7.2137667e-17  1.0000000   -7.2276644e-16  -4.9042339e-16  -1.7719506e-17  -2.9657503e-16  6.3338583e-17  7.8677502e-17  2.7004014e-16  -5.9333218e-16  -1.7344863e-16  -7.2137667e-17  1.0000000   -7.2276644e-16  -4.9042339e-16  -1.7719506e-17  -2.9657503e-16  6.3338583e-17  7.8677502e-17  2.7004014e-16  -5.9333218e-16  
-3.6807647e-16  1.3989824e-16  -7.2276644e-16  1.0000000   -8.2800541e-16  6.6707656e-17  -4.1511391e-17  -2.3215394e-16  -5.6272083e-16  -3.0827129e-17  2.0950344e-16  -3.6807647e-16  1.3989824e-16  -7.2276644e-16  1.0000000   -8.2800541e-16  6.6707656e-17  -4.1511391e-17  -2.3215394e-16  -5.6272083e-16  -3.0827129e-17  2.0950344e-16  
1.1370147e-17  1.0438315e-16  -4.9042339e-16  -8.2800541e-16  1.0000000   1.4240438e-16  4.3805114e-16  4.1826042e-16  -4.6590391e-16  -2.4008514e-17  -3.2085735e-16  1.1370147e-17  1.0438315e-16  -4.9042339e-16  -8.2800541e-16  1.0000000   1.4240438e-16  4.3805114e-16  4.1826042e-16  -4.6590391e-16  -2.4008514e-17  -3.2085735e-16  
-1.9194105e-16  1.0675686e-17  -1.7719506e-17  6.6707656e-17  1.4240438e-16  1.0000000   -2.7711170e-16  3.9440893e-16  1.3394047e-16  -2.4106494e-16  8.3099755e-17  -1.9194105e-16  1.0675686e-17  -1.7719506e-17  6.6707656e-17  1.4240438e-16  1.0000000   -2.7711170e-16  3.9440893e-16  1.3394047e-16  -2.4106494e-16  8.3099755e-17  
-1.9243233e-16  2.6066603e-16  -2.9657503e-16  -4.1511391e-17  4.3805114e-16  -2.7711170e-16  1.0000000   -4.9869912e-17  -7.4675695e-17  -8.8128484e-18  8.5120882e-17  -1.9243233e-16  2.6066603e-16  -2.9657503e-16  -4.1511391e-17  4.3805114e-16  -2.7711170e-16  1.0000000   -4.9869912e-17  -7.4675695e-17  -8.8128484e-18  8.5120882e-17  
-2.7822830e-16  -1.8179691e-16  6.3338583e-17  -2.3215394e-16  4.1826042e-16  3.9440893e-16  -4.9869912e-17  1.0000000   -2.4214216e-16  8.7679861e-17  9.0484295e-19  -2.7822830e-16  -1.8179691e-16  6.3338583e-17  -2.3215394e-16  4.1826042e-16  3.9440893e-16  -4.9869912e-17  1.0000000   -2.4214216e-16  8.7679861e-17  9.0484295e-19  
4.7333895e-17  3.5352932e-17  7.8677502e-17  -5.6272083e-16  -4.6590391e-16  1.3394047e-16  -7.4675695e-17  -2.4214216e-16  1.0000000   4.2426255e-16  2.2272308e-16  4.7333895e-17  3.5352932e-17  7.8677502e-17  -5.6272083e-16  -4.6590391e-16  1.3394047e-16  -7.4675695e-17  -2.4214216e-16  1.0000000   4.2426255e-16  2.2272308e-16  
-2.7337988e-19  3.3869302e-16  2.7004014e-16  -3.0827129e-17  -2.4008514e-17  -2.4106494e-16  -8.8128484e-18  8.7679861e-17  4.2426255e-16  1.0000000   3.6007277e-16  -2.7337988e-19  3.3869302e-16  2.7004014e-16  -3.0827129e-17  -2.4008514e-17  -2.4106494e-16  -8.8128484e-18  8.7679861e-17  4.2426255e-16  1.0000000   3.6007277e-16  
3.8078197e-16  1.0419268e-16  -5.9333218e-16  2.0950344e-16  -3.2085735e-16  8.3099755e-17  8.5120882e-17  9.0484295e-19  2.2272308e-16  3.6007277e-16  1.0000000   3.8078197e-16  1.0419268e-16  -5.9333218e-16  2.0950344e-16  -3.2085735e-16  8.3099755e-17  8.5120882e-17  9.0484295e-19  2.2272308e-16  3.6007277e-16  1.0000000   
1.0000000   9.8010818e-17  -1.7344863e-16  -3.6807647e-16  1.1370147e-17  -1.9194105e-16  -1.9243233e-16  -2.7822830e-16  4.7333895e-17  -2.7337988e-19  3.8078197e-16  1.0000000   9.8010818e-17  -1.7344863e-16  -3.6807647e-16  1.1370147e-17  -1.9194105e-16  -1.9243233e-16  -2.7822830e-16  4.7333895e-17  -2.7337988e-19  3.8078197e-16  
9.8010818e-17  1.0000000   -7.2137667e-17  1.3989824e-16  1.0438315e-16  1.0675686e-17  2.6066603e-16  -1.8179691e-16  3.5352932e-17  3.3869302e-16  1.0419268e-16  9.8010818e-17  1.0000000   -7.2137667e-17  1.3989824e-16  1.0438315e-16  1.0675686e-17  2.6066603e-16  -1.8179691e-16  3.5352932e-17  3.3869302e-16  1.0419268e-16  
-1.7344863e-16  -7.2137667e-17  1.0000000   -7.2276644e-16  -4.9042339e-16  -1.7719506e-17  -2.9657503e-16  6.3338583e-17  7.8677502e-17  2.7004014e-16  -5.9333218e-16  -1.7344863e-16  -7.2137667e-17  1.0000000   -7.2276644e-16  -4.9042339e-16  -1.7719506e-17  -2.9657503e-16  6.3338583e-17  7.8677502e-17  2.7004014e-16  -5.9333218e-16  
-3.6807647e-16  1.3989824e-16  -7.2276644e-16  1.0000000   -8.2800541e-16  6.6707656e-17  -4.1511391e-17  -2.3215394e-16  -5.6272083e-16  -3.0827129e-17  2.0950344e-16  -3.6807647e-16  1.3989824e-16  -7.2276644e-16  1.0000000   -8.2800541e-16  6.6707656e-17  -4.1511391e-17  -2.3215394e-16  -5.6272083e-16  -3.0827129e-17  2.0950344e-16  
1.1370147e-17  1.0438315e-16  -4.9042339e-16  -8.2800541e-16  1.0000000   1.4240438e-16  4.3805114e-16  4.1826042e-16  -4.6590391e-16  -2.4008514e-17  -3.2085735e-16  1.1370147e-17  1.0438315e-16  -4.9042339e-16  -8.2800541e-16  1.0000000   1.4240438e-16  4.3805114e-16  4.1826042e-16  -4.6590391e-16  -2.4008514e-17  -3.2085735e-16  
-1.9194105e-16  1.0675686e-17  -1.7719506e-17  6.6707656e-17  1.4240438e-16  1.0000000   -2.7711170e-16  3.9440893e-16  1.3394047e-16  -2.4106494e-16  8.3099755e-17  -1.9194105e-16  1.0675686e-17  -1.7719506e-17  6.6707656e-17  1.4240438e-16  1.0000000   -2.7711170e-16  3.9440893e-16  1.3394047e-16  -2.4106494e-16  8.3099755e-17  
-1.9243233e-16  2.6066603e-16  -2.9657503e-16  -4.1511391e-17  4.3805114e-16  -2.7711170e-16  1.0000000   -4.9869912e-17  -7.4675695e-17  -8.8128484e-18  8.5120882e-17  -1.9243233e-16  2.6066603e-16  -2.9657503e-16  -4.1511391e-17  4.3805114e-16  -2.7711170e-16  1.0000000   -4.9869912e-17  -7.4675695e-17  -8.8128484e-18  8.5120882e-17  
-2.7822830e-16  -1.8179691e-16  6.3338583e-17  -2.3215394e-16  4.1826042e-16  3.9440893e-16  -4.9869912e-17  1.0000000   -2.4214216e-16  8.7679861e-17  9.0484295e-19  -2.7822830e-16  -1.8179691e-16  6.3338583e-17  -2.3215394e-16  4.1826042e-16  3.9440893e-16  -4.9869912e-17  1.0000000   -2.4214216e-16  8.7679861e-17  9.0484295e-19  
4.7333895e-17  3.5352932e-17  7.8677502e-17  -5.6272083e-16  -4.6590391e-16  1.3394047e-16  -7.4675695e-17  -2.4214216e-16  1.0000000   4.2426255e-16  2.2272308e-16  4.7333895e-17  3.5352932e-17  7.8677502e-17  -5.6272083e-16  -4.6590391e-16  1.3394047e-16  -7.4675695e-17  -2.4214216e-16  1.0000000   4.2426255e-16  2.2272308e-16  
-2.7337988e-19  3.3869302e-16  2.7004014e-16  -3.0827129e-17  -2.4008514e-17  -2.4106494e-16  -8.8128484e-18  8.7679861e-17  4.2426255e-16  1.0000000   3.6007277e-16  -2.7337988e-19  3.3869302e-16  2.7004014e-16  -3.0827129e-17  -2.4008514e-17  -2.4106494e-16  -8.8128484e-18  8.7679861e-17  4.2426255e-16  1.0000000   3.6007277e-16  
3.8078197e-16  1.0419268e-16  -5.9333218e-16  2.0950344e-16  -3.2085735e-16  8.3099755e-17  8.5120882e-17  9.0484295e-19  2.2272308e-16  3.6007277e-16  1.0000000   3.8078197e-16  1.0419268e-16  -5.9333218e-16  2.0950344e-16  -3.2085735e-16  8.3099755e-17  8.5120882e-17  9.0484295e-19  2.2272308e-16  3.6007277e-16  1.0000000   
