1.0000000   1.9518350e-16  1.2074624e-16  3.9532722e-17  1.4230323e-16  -2.5682039e-18  -2.5392693e-16  -9.4897124e-17  -2.4043708e-16  -1.3047484e-16  2.6701189e-16  1.0000000   1.9518350e-16  1.2074624e-16  3.9532722e-17  1.4230323e-16  -2.5682039e-18  -2.5392693e-16  -9.4897124e-17  -2.4043708e-16  -1.3047484e-16  2.6701189e-16  
1.9518350e-16  1.0000000   1.4978253e-16  1.8156998e-17  1.0498968e-16  -4.3203508e-16  -6.7456433e-16  1.9917456e-16  1.0407091e-16  1.5042352e-17  -1.1405383e-16  1.9518350e-16  1.0000000   1.4978253e-16  1.8156998e-17  1.0498968e-16  -4.3203508e-16  -6.7456433e-16  1.9917456e-16  1.0407091e-16  1.5042352e-17  -1.1405383e-16  
1.2074624e-16  1.4978253e-16  1.0000000   2.1014718e-16  -4.9912369e-16  1.2982813e-16  5.7390887e-16  -1.4590037e-16  -1.4742397e-16  1.4141427e-16  4.3624738e-16  1.2074624e-16  1.4978253e-16  1.0000000   2.1014718e-16  -4.9912369e-16  1.2982813e-16  5.7390887e-16  -1.4590037e-16  -1.4742397e-16  1.4141427e-16  4.3624738e-16  
3.9532722e-17  1.8156998e-17  2.1014718e-16  1.0000000   -1.6015847e-16  3.0512922e-16  4.6179897e-16  -9.0963927e-18  -1.4632918e-17  1.3013793e-16  -5.3814375e-16  3.9532722e-17  1.8156998e-17  2.1014718e-16  1.0000000   -1.6015847e-16  3.0512922e-16  4.6179897e-16  -9.0963927e-18  -1.4632918e-17  1.3013793e-16  -5.3814375e-16  
1.4230323e-16  1.0498968e-16  -4.9912369e-16  -1.6015847e-16  1.0000000   2.9967523e-16  -2.7134203e-16  -5.7227196e-16  3.8138008e-16  -1.6520319e-17  -2.8410835e-16  1.4230323e-16  1.0498968e-16  -4.9912369e-16  -1.6015847e-16  1.0000000   2.9967523e-16  -2.7134203e-16  -5.7227196e-16  3.8138008e-16  -1.6520319e-17  -2.8410835e-16  
-2.5682039e-18  -4.3203508e-16  1.2982813e-16  3.0512922e-16  2.9967523e-16  1.0000000   -1.5803602e-16  5.7397663e-16  1.2811204e-16  -2.9366892e-16  -5.7049363e-17  -2.5682039e-18  -4.3203508e-16  1.2982813e-16  3.0512922e-16  2.9967523e-16  1.0000000   -1.5803602e-16  5.7397663e-16  1.2811204e-16  -2.9366892e-16  -5.7049363e-17  
-2.5392693e-16  -6.7456433e-16  5.7390887e-16  4.6179897e-16  -2.7134203e-16  -1.5803602e-16  1.0000000   -5.1883743e-16  -1.5389403e-16  2.1424597e-16  3.9616324e-16  -2.5392693e-16  -6.7456433e-16  5.7390887e-16  4.6179897e-16  -2.7134203e-16  -1.5803602e-16  1.0000000   -5.1883743e-16  -1.5389403e-16  2.1424597e-16  3.9616324e-16  
-9.4897124e-17  1.9917456e-16  -1.4590037e-16  -9.0963927e-18  -5.7227196e-16  5.7397663e-16  -5.1883743e-16  1.0000000   2.4189959e-16  1.7903951e-16  -4.4849839e-16  -9.4897124e-17  1.9917456e-16  -1.4590037e-16  -9.0963927e-18  -5.7227196e-16  5.7397663e-16  -5.1883743e-16  1.0000000   2.4189959e-16  1.7903951e-16  -4.4849839e-16  
-2.4043708e-16  1.0407091e-16  -1.4742397e-16  -1.4632918e-17  3.8138008e-16  1.2811204e-16  -1.5389403e-16  2.4189959e-16  1.0000000   -2.1786704e-16  2.4885044e-16  -2.4043708e-16  1.0407091e-16  -1.4742397e-16  -1.4632918e-17  3.8138008e-16  1.2811204e-16  -1.5389403e-16  2.4189959e-16  1.0000000   -2.1786704e-16  2.4885044e-16  
-1.3047484e-16  1.5042352e-17  1.4141427e-16  1.3013793e-16  -1.6520319e-17  -2.9366892e-16  2.1424597e-16  1.7903951e-16  -2.1786704e-16  1.0000000   1.3315189e-16  -1.3047484e-16  1.5042352e-17  1.4141427e-16  1.3013793e-16  -1.6520319e-17  -2.9366892e-16  2.1424597e-16  1.7903951e-16  -2.1786704e-16  1.0000000   1.3315189e-16  
2.6701189e-16  -1.1405383e-16  4.3624738e-16  -5.3814375e-16  -2.8410835e-16  -5.7049363e-17  3.9616324e-16  -4.4849839e-16  2.4885044e-16  1.3315189e-16  1.0000000   2.6701189e-16  -1.1405383e-16  4.3624738e-16  -5.3814375e-16  -2.8410835e-16  -5.7049363e-17  3.9616324e-16  -4.4849839e-16  2.4885044e-16  1.3315189e-16  1.0000000   
1.0000000   1.9518350e-16  1.2074624e-16  3.9532722e-17  1.4230323e-16  -2.5682039e-18  -2.5392693e-16  -9.4897124e-17  -2.4043708e-16  -1.3047484e-16  2.6701189e-16  1.0000000   1.9518350e-16  1.2074624e-16  3.9532722e-17  1.4230323e-16  -2.5682039e-18  -2.5392693e-16  -9.4897124e-17  -2.4043708e-16  -1.3047484e-16  2.6701189e-16  
1.9518350e-16  1.0000000   1.4978253e-16  1.8156998e-17  1.0498968e-16  -4.3203508e-16  -6.7456433e-16  1.9917456e-16  1.0407091e-16  1.5042352e-17  -1.1405383e-16  1.9518350e-16  1.0000000   1.4978253e-16  1.8156998e-17  1.0498968e-16  -4.3203508e-16  -6.7456433e-16  1.9917456e-16  1.0407091e-16  1.5042352e-17  -1.1405383e-16  
1.2074624e-16  1.4978253e-16  1.0000000   2.1014718e-16  -4.9912369e-16  1.2982813e-16  5.7390887e-16  -1.4590037e-16  -1.4742397e-16  1.4141427e-16  4.3624738e-16  1.2074624e-16  1.4978253e-16  1.0000000   2.1014718e-16  -4.9912369e-16  1.2982813e-16  5.7390887e-16  -1.4590037e-16  -1.4742397e-16  1.4141427e-16  4.3624738e-16  
3.9532722e-17  1.8156998e-17  2.1014718e-16  1.0000000   -1.6015847e-16  3.0512922e-16  4.6179897e-16  -9.0963927e-18  -1.4632918e-17  1.3013793e-16  -5.3814375e-16  3.9532722e-17  1.8156998e-17  2.1014718e-16  1.0000000   -1.6015847e-16  3.0512922e-16  4.6179897e-16  -9.0963927e-18  -1.4632918e-17  1.3013793e-16  -5.3814375e-16  
1.4230323e-16  1.0498968e-16  -4.9912369e-16  -1.6015847e-16  1.0000000   2.9967523e-16  -2.7134203e-16  -5.7227196e-16  3.8138008e-16  -1.6520319e-17  -2.8410835e-16  1.4230323e-16  1.0498968e-16  -4.9912369e-16  -1.6015847e-16  1.0000000   2.9967523e-16  -2.7134203e-16  -5.7227196e-16  3.8138008e-16  -1.6520319e-17  -2.8410835e-16  
-2.5682039e-18  -4.3203508e-16  1.2982813e-16  3.0512922e-16  2.9967523e-16  1.0000000   -1.5803602e-16  5.7397663e-16  1.2811204e-16  -2.9366892e-16  -5.7049363e-17  -2.5682039e-18  -4.3203508e-16  1.2982813e-16  3.0512922e-16  2.9967523e-16  1.0000000   -1.5803602e-16  5.7397663e-16  1.2811204e-16  -2.9366892e-16  -5.7049363e-17  
-2.5392693e-16  -6.7456433e-16  5.7390887e-16  4.6179897e-16  -2.7134203e-16  -1.5803602e-16  1.0000000   -5.1883743e-16  -1.5389403e-16  2.1424597e-16  3.9616324e-16  -2.5392693e-16  -6.7456433e-16  5.7390887e-16  4.6179897e-16  -2.7134203e-16  -1.5803602e-16  1.0000000   -5.1883743e-16  -1.5389403e-16  2.1424597e-16  3.9616324e-16  
-9.4897124e-17  1.9917456e-16  -1.4590037e-16  -9.0963927e-18  -5.7227196e-16  5.7397663e-16  -5.1883743e-16  1.0000000   2.4189959e-16  1.7903951e-16  -4.4849839e-16  -9.4897124e-17  1.9917456e-16  -1.4590037e-16  -9.0963927e-18  -5.7227196e-16  5.7397663e-16  -5.1883743e-16  1.0000000   2.4189959e-16  1.7903951e-16  -4.4849839e-16  
-2.4043708e-16  1.0407091e-16  -1.4742397e-16  -1.4632918e-17  3.8138008e-16  1.2811204e-16  -1.5389403e-16  2.4189959e-16  1.0000000   -2.1786704e-16  2.4885044e-16  -2.4043708e-16  1.0407091e-16  -1.4742397e-16  -1.4632918e-17  3.8138008e-16  1.2811204e-16  -1.5389403e-16  2.4189959e-16  1.0000000   -2.1786704e-16  2.4885044e-16  
-1.3047484e-16  1.5042352e-17  1.4141427e-16  1.3013793e-16  -1.6520319e-17  -2.9366892e-16  2.1424597e-16  1.7903951e-16  -2.1786704e-16  1.0000000   1.3315189e-16  -1.3047484e-16  1.5042352e-17  1.4141427e-16  1.3013793e-16  -1.6520319e-17  -2.9366892e-16  2.1424597e-16  1.7903951e-16  -2.1786704e-16  1.0000000   1.3315189e-16  
2.6701189e-16  -1.1405383e-16  4.3624738e-16  -5.3814375e-16  -2.8410835e-16  -5.7049363e-17  3.9616324e-16  -4.4849839e-16  2.4885044e-16  1.3315189e-16  1.0000000   2.6701189e-16  -1.1405383e-16  4.3624738e-16  -5.3814375e-16  -2.8410835e-16  -5.7049363e-17  3.9616324e-16  -4.4849839e-16  2.4885044e-16  1.3315189e-16  1.0000000   
