1.0000000   -2.8329652e-16  -9.3837698e-17  -2.1536321e-16  2.0121691e-17  -2.3588004e-16  -2.2722506e-16  2.6339252e-16  -1.1014139e-16  2.9933128e-16  2.0058079e-16  1.0000000   -2.8329652e-16  -9.3837698e-17  -2.1536321e-16  2.0121691e-17  -2.3588004e-16  -2.2722506e-16  2.6339252e-16  -1.1014139e-16  2.9933128e-16  2.0058079e-16  
-2.8329652e-16  1.0000000   -9.0656666e-17  1.8082523e-16  3.0684459e-16  2.2215790e-16  -4.0100022e-16  1.8943045e-17  -1.7340347e-16  -3.1839630e-16  -4.3080307e-17  -2.8329652e-16  1.0000000   -9.0656666e-17  1.8082523e-16  3.0684459e-16  2.2215790e-16  -4.0100022e-16  1.8943045e-17  -1.7340347e-16  -3.1839630e-16  -4.3080307e-17  
-9.3837698e-17  -9.0656666e-17  1.0000000   -5.8737161e-16  -7.3872104e-16  -1.1880992e-16  -2.1685738e-17  2.8933375e-17  4.7937703e-16  -1.0760664e-16  9.8627754e-16  -9.3837698e-17  -9.0656666e-17  1.0000000   -5.8737161e-16  -7.3872104e-16  -1.1880992e-16  -2.1685738e-17  2.8933375e-17  4.7937703e-16  -1.0760664e-16  9.8627754e-16  
-2.1536321e-16  1.8082523e-16  -5.8737161e-16  1.0000000   4.6266941e-16  2.8570125e-16  1.1591646e-16  5.5804945e-16  8.1202508e-17  -9.8552283e-17  -4.0164947e-16  -2.1536321e-16  1.8082523e-16  -5.8737161e-16  1.0000000   4.6266941e-16  2.8570125e-16  1.1591646e-16  5.5804945e-16  8.1202508e-17  -9.8552283e-17  -4.0164947e-16  
2.0121691e-17  3.0684459e-16  -7.3872104e-16  4.6266941e-16  1.0000000   -2.6326131e-16  1.1708642e-16  3.8252926e-16  1.3077646e-16  1.4702010e-16  2.3338447e-16  2.0121691e-17  3.0684459e-16  -7.3872104e-16  4.6266941e-16  1.0000000   -2.6326131e-16  1.1708642e-16  3.8252926e-16  1.3077646e-16  1.4702010e-16  2.3338447e-16  
-2.3588004e-16  2.2215790e-16  -1.1880992e-16  2.8570125e-16  -2.6326131e-16  1.0000000   4.5932267e-16  -3.6346660e-17  -9.6526392e-17  -9.5052449e-18  1.3991841e-16  -2.3588004e-16  2.2215790e-16  -1.1880992e-16  2.8570125e-16  -2.6326131e-16  1.0000000   4.5932267e-16  -3.6346660e-17  -9.6526392e-17  -9.5052449e-18  1.3991841e-16  
-2.2722506e-16  -4.0100022e-16  -2.1685738e-17  1.1591646e-16  1.1708642e-16  4.5932267e-16  1.0000000   -2.7126738e-16  -4.9930263e-16  -1.3572263e-16  -2.8314617e-17  -2.2722506e-16  -4.0100022e-16  -2.1685738e-17  1.1591646e-16  1.1708642e-16  4.5932267e-16  1.0000000   -2.7126738e-16  -4.9930263e-16  -1.3572263e-16  -2.8314617e-17  
2.6339252e-16  1.8943045e-17  2.8933375e-17  5.5804945e-16  3.8252926e-16  -3.6346660e-17  -2.7126738e-16  1.0000000   1.6157270e-16  -2.7992147e-16  2.6681940e-16  2.6339252e-16  1.8943045e-17  2.8933375e-17  5.5804945e-16  3.8252926e-16  -3.6346660e-17  -2.7126738e-16  1.0000000   1.6157270e-16  -2.7992147e-16  2.6681940e-16  
-1.1014139e-16  -1.7340347e-16  4.7937703e-16  8.1202508e-17  1.3077646e-16  -9.6526392e-17  -4.9930263e-16  1.6157270e-16  1.0000000   2.0646693e-16  -1.3424668e-16  -1.1014139e-16  -1.7340347e-16  4.7937703e-16  8.1202508e-17  1.3077646e-16  -9.6526392e-17  -4.9930263e-16  1.6157270e-16  1.0000000   2.0646693e-16  -1.3424668e-16  
2.9933128e-16  -3.1839630e-16  -1.0760664e-16  -9.8552283e-17  1.4702010e-16  -9.5052449e-18  -1.3572263e-16  -2.7992147e-16  2.0646693e-16  1.0000000   2.6279340e-16  2.9933128e-16  -3.1839630e-16  -1.0760664e-16  -9.8552283e-17  1.4702010e-16  -9.5052449e-18  -1.3572263e-16  -2.7992147e-16  2.0646693e-16  1.0000000   2.6279340e-16  
2.0058079e-16  -4.3080307e-17  9.8627754e-16  -4.0164947e-16  2.3338447e-16  1.3991841e-16  -2.8314617e-17  2.6681940e-16  -1.3424668e-16  2.6279340e-16  1.0000000   2.0058079e-16  -4.3080307e-17  9.8627754e-16  -4.0164947e-16  2.3338447e-16  1.3991841e-16  -2.8314617e-17  2.6681940e-16  -1.3424668e-16  2.6279340e-16  1.0000000   
1.0000000   -2.8329652e-16  -9.3837698e-17  -2.1536321e-16  2.0121691e-17  -2.3588004e-16  -2.2722506e-16  2.6339252e-16  -1.1014139e-16  2.9933128e-16  2.0058079e-16  1.0000000   -2.8329652e-16  -9.3837698e-17  -2.1536321e-16  2.0121691e-17  -2.3588004e-16  -2.2722506e-16  2.6339252e-16  -1.1014139e-16  2.9933128e-16  2.0058079e-16  
-2.8329652e-16  1.0000000   -9.0656666e-17  1.8082523e-16  3.0684459e-16  2.2215790e-16  -4.0100022e-16  1.8943045e-17  -1.7340347e-16  -3.1839630e-16  -4.3080307e-17  -2.8329652e-16  1.0000000   -9.0656666e-17  1.8082523e-16  3.0684459e-16  2.2215790e-16  -4.0100022e-16  1.8943045e-17  -1.7340347e-16  -3.1839630e-16  -4.3080307e-17  
-9.3837698e-17  -9.0656666e-17  1.0000000   -5.8737161e-16  -7.3872104e-16  -1.1880992e-16  -2.1685738e-17  2.8933375e-17  4.7937703e-16  -1.0760664e-16  9.8627754e-16  -9.3837698e-17  -9.0656666e-17  1.0000000   -5.8737161e-16  -7.3872104e-16  -1.1880992e-16  -2.1685738e-17  2.8933375e-17  4.7937703e-16  -1.0760664e-16  9.8627754e-16  
-2.1536321e-16  1.8082523e-16  -5.8737161e-16  1.0000000   4.6266941e-16  2.8570125e-16  1.1591646e-16  5.5804945e-16  8.1202508e-17  -9.8552283e-17  -4.0164947e-16  -2.1536321e-16  1.8082523e-16  -5.8737161e-16  1.0000000   4.6266941e-16  2.8570125e-16  1.1591646e-16  5.5804945e-16  8.1202508e-17  -9.8552283e-17  -4.0164947e-16  
2.0121691e-17  3.0684459e-16  -7.3872104e-16  4.6266941e-16  1.0000000   -2.6326131e-16  1.1708642e-16  3.8252926e-16  1.3077646e-16  1.4702010e-16  2.3338447e-16  2.0121691e-17  3.0684459e-16  -7.3872104e-16  4.6266941e-16  1.0000000   -2.6326131e-16  1.1708642e-16  3.8252926e-16  1.3077646e-16  1.4702010e-16  2.3338447e-16  
-2.3588004e-16  2.2215790e-16  -1.1880992e-16  2.8570125e-16  -2.6326131e-16  1.0000000   4.5932267e-16  -3.6346660e-17  -9.6526392e-17  -9.5052449e-18  1.3991841e-16  -2.3588004e-16  2.2215790e-16  -1.1880992e-16  2.8570125e-16  -2.6326131e-16  1.0000000   4.5932267e-16  -3.6346660e-17  -9.6526392e-17  -9.5052449e-18  1.3991841e-16  
-2.2722506e-16  -4.0100022e-16  -2.1685738e-17  1.1591646e-16  1.1708642e-16  4.5932267e-16  1.0000000   -2.7126738e-16  -4.9930263e-16  -1.3572263e-16  -2.8314617e-17  -2.2722506e-16  -4.0100022e-16  -2.1685738e-17  1.1591646e-16  1.1708642e-16  4.5932267e-16  1.0000000   -2.7126738e-16  -4.9930263e-16  -1.3572263e-16  -2.8314617e-17  
2.6339252e-16  1.8943045e-17  2.8933375e-17  5.5804945e-16  3.8252926e-16  -3.6346660e-17  -2.7126738e-16  1.0000000   1.6157270e-16  -2.7992147e-16  2.6681940e-16  2.6339252e-16  1.8943045e-17  2.8933375e-17  5.5804945e-16  3.8252926e-16  -3.6346660e-17  -2.7126738e-16  1.0000000   1.6157270e-16  -2.7992147e-16  2.6681940e-16  
-1.1014139e-16  -1.7340347e-16  4.7937703e-16  8.1202508e-17  1.3077646e-16  -9.6526392e-17  -4.9930263e-16  1.6157270e-16  1.0000000   2.0646693e-16  -1.3424668e-16  -1.1014139e-16  -1.7340347e-16  4.7937703e-16  8.1202508e-17  1.3077646e-16  -9.6526392e-17  -4.9930263e-16  1.6157270e-16  1.0000000   2.0646693e-16  -1.3424668e-16  
2.9933128e-16  -3.1839630e-16  -1.0760664e-16  -9.8552283e-17  1.4702010e-16  -9.5052449e-18  -1.3572263e-16  -2.7992147e-16  2.0646693e-16  1.0000000   2.6279340e-16  2.9933128e-16  -3.1839630e-16  -1.0760664e-16  -9.8552283e-17  1.4702010e-16  -9.5052449e-18  -1.3572263e-16  -2.7992147e-16  2.0646693e-16  1.0000000   2.6279340e-16  
2.0058079e-16  -4.3080307e-17  9.8627754e-16  -4.0164947e-16  2.3338447e-16  1.3991841e-16  -2.8314617e-17  2.6681940e-16  -1.3424668e-16  2.6279340e-16  1.0000000   2.0058079e-16  -4.3080307e-17  9.8627754e-16  -4.0164947e-16  2.3338447e-16  1.3991841e-16  -2.8314617e-17  2.6681940e-16  -1.3424668e-16  2.6279340e-16  1.0000000   
