1.0000000   5.7891822e-16  -4.0399448e-17  -3.9907110e-16  7.1610177e-17  -4.8647749e-17  -1.8060834e-16  1.0763717e-16  -1.2283798e-17  1.0432855e-16  -2.2055086e-16  1.0000000   5.7891822e-16  -4.0399448e-17  -3.9907110e-16  7.1610177e-17  -4.8647749e-17  -1.8060834e-16  1.0763717e-16  -1.2283798e-17  1.0432855e-16  -2.2055086e-16  
5.7891822e-16  1.0000000   -2.4480565e-16  7.6205860e-17  3.9154013e-16  1.3262545e-16  8.2316647e-18  -4.4331582e-16  2.6147687e-16  -2.1125309e-16  2.3653564e-16  5.7891822e-16  1.0000000   -2.4480565e-16  7.6205860e-17  3.9154013e-16  1.3262545e-16  8.2316647e-18  -4.4331582e-16  2.6147687e-16  -2.1125309e-16  2.3653564e-16  
-4.0399448e-17  -2.4480565e-16  1.0000000   3.4800010e-16  1.9638882e-17  3.5556140e-17  -1.8040376e-16  -5.5364201e-17  -4.7022383e-17  -2.2978654e-16  1.9553761e-16  -4.0399448e-17  -2.4480565e-16  1.0000000   3.4800010e-16  1.9638882e-17  3.5556140e-17  -1.8040376e-16  -5.5364201e-17  -4.7022383e-17  -2.2978654e-16  1.9553761e-16  
-3.9907110e-16  7.6205860e-17  3.4800010e-16  1.0000000   -3.5457646e-16  -3.4453065e-17  2.6999930e-17  -1.3500175e-15  -1.4363111e-17  -9.2322833e-17  -1.4443521e-16  -3.9907110e-16  7.6205860e-17  3.4800010e-16  1.0000000   -3.5457646e-16  -3.4453065e-17  2.6999930e-17  -1.3500175e-15  -1.4363111e-17  -9.2322833e-17  -1.4443521e-16  
7.1610177e-17  3.9154013e-16  1.9638882e-17  -3.5457646e-16  1.0000000   4.5723122e-16  1.2494880e-16  -6.0693047e-16  -2.9917296e-17  1.0938974e-16  1.8495166e-16  7.1610177e-17  3.9154013e-16  1.9638882e-17  -3.5457646e-16  1.0000000   4.5723122e-16  1.2494880e-16  -6.0693047e-16  -2.9917296e-17  1.0938974e-16  1.8495166e-16  
-4.8647749e-17  1.3262545e-16  3.5556140e-17  -3.4453065e-17  4.5723122e-16  1.0000000   1.4690826e-16  4.6510791e-17  -6.8176497e-17  -3.0363643e-17  1.4599428e-16  -4.8647749e-17  1.3262545e-16  3.5556140e-17  -3.4453065e-17  4.5723122e-16  1.0000000   1.4690826e-16  4.6510791e-17  -6.8176497e-17  -3.0363643e-17  1.4599428e-16  
-1.8060834e-16  8.2316647e-18  -1.8040376e-16  2.6999930e-17  1.2494880e-16  1.4690826e-16  1.0000000   -5.5467062e-16  -2.8367073e-17  7.9246500e-18  1.7683538e-17  -1.8060834e-16  8.2316647e-18  -1.8040376e-16  2.6999930e-17  1.2494880e-16  1.4690826e-16  1.0000000   -5.5467062e-16  -2.8367073e-17  7.9246500e-18  1.7683538e-17  
1.0763717e-16  -4.4331582e-16  -5.5364201e-17  -1.3500175e-15  -6.0693047e-16  4.6510791e-17  -5.5467062e-16  1.0000000   -6.4913760e-17  1.0195339e-16  2.9597489e-16  1.0763717e-16  -4.4331582e-16  -5.5364201e-17  -1.3500175e-15  -6.0693047e-16  4.6510791e-17  -5.5467062e-16  1.0000000   -6.4913760e-17  1.0195339e-16  2.9597489e-16  
-1.2283798e-17  2.6147687e-16  -4.7022383e-17  -1.4363111e-17  -2.9917296e-17  -6.8176497e-17  -2.8367073e-17  -6.4913760e-17  1.0000000   -4.6301987e-16  -1.6675039e-16  -1.2283798e-17  2.6147687e-16  -4.7022383e-17  -1.4363111e-17  -2.9917296e-17  -6.8176497e-17  -2.8367073e-17  -6.4913760e-17  1.0000000   -4.6301987e-16  -1.6675039e-16  
1.0432855e-16  -2.1125309e-16  -2.2978654e-16  -9.2322833e-17  1.0938974e-16  -3.0363643e-17  7.9246500e-18  1.0195339e-16  -4.6301987e-16  1.0000000   2.0980583e-17  1.0432855e-16  -2.1125309e-16  -2.2978654e-16  -9.2322833e-17  1.0938974e-16  -3.0363643e-17  7.9246500e-18  1.0195339e-16  -4.6301987e-16  1.0000000   2.0980583e-17  
-2.2055086e-16  2.3653564e-16  1.9553761e-16  -1.4443521e-16  1.8495166e-16  1.4599428e-16  1.7683538e-17  2.9597489e-16  -1.6675039e-16  2.0980583e-17  1.0000000   -2.2055086e-16  2.3653564e-16  1.9553761e-16  -1.4443521e-16  1.8495166e-16  1.4599428e-16  1.7683538e-17  2.9597489e-16  -1.6675039e-16  2.0980583e-17  1.0000000   
1.0000000   5.7891822e-16  -4.0399448e-17  -3.9907110e-16  7.1610177e-17  -4.8647749e-17  -1.8060834e-16  1.0763717e-16  -1.2283798e-17  1.0432855e-16  -2.2055086e-16  1.0000000   5.7891822e-16  -4.0399448e-17  -3.9907110e-16  7.1610177e-17  -4.8647749e-17  -1.8060834e-16  1.0763717e-16  -1.2283798e-17  1.0432855e-16  -2.2055086e-16  
5.7891822e-16  1.0000000   -2.4480565e-16  7.6205860e-17  3.9154013e-16  1.3262545e-16  8.2316647e-18  -4.4331582e-16  2.6147687e-16  -2.1125309e-16  2.3653564e-16  5.7891822e-16  1.0000000   -2.4480565e-16  7.6205860e-17  3.9154013e-16  1.3262545e-16  8.2316647e-18  -4.4331582e-16  2.6147687e-16  -2.1125309e-16  2.3653564e-16  
-4.0399448e-17  -2.4480565e-16  1.0000000   3.4800010e-16  1.9638882e-17  3.5556140e-17  -1.8040376e-16  -5.5364201e-17  -4.7022383e-17  -2.2978654e-16  1.9553761e-16  -4.0399448e-17  -2.4480565e-16  1.0000000   3.4800010e-16  1.9638882e-17  3.5556140e-17  -1.8040376e-16  -5.5364201e-17  -4.7022383e-17  -2.2978654e-16  1.9553761e-16  
-3.9907110e-16  7.6205860e-17  3.4800010e-16  1.0000000   -3.5457646e-16  -3.4453065e-17  2.6999930e-17  -1.3500175e-15  -1.4363111e-17  -9.2322833e-17  -1.4443521e-16  -3.9907110e-16  7.6205860e-17  3.4800010e-16  1.0000000   -3.5457646e-16  -3.4453065e-17  2.6999930e-17  -1.3500175e-15  -1.4363111e-17  -9.2322833e-17  -1.4443521e-16  
7.1610177e-17  3.9154013e-16  1.9638882e-17  -3.5457646e-16  1.0000000   4.5723122e-16  1.2494880e-16  -6.0693047e-16  -2.9917296e-17  1.0938974e-16  1.8495166e-16  7.1610177e-17  3.9154013e-16  1.9638882e-17  -3.5457646e-16  1.0000000   4.5723122e-16  1.2494880e-16  -6.0693047e-16  -2.9917296e-17  1.0938974e-16  1.8495166e-16  
-4.8647749e-17  1.3262545e-16  3.5556140e-17  -3.4453065e-17  4.5723122e-16  1.0000000   1.4690826e-16  4.6510791e-17  -6.8176497e-17  -3.0363643e-17  1.4599428e-16  -4.8647749e-17  1.3262545e-16  3.5556140e-17  -3.4453065e-17  4.5723122e-16  1.0000000   1.4690826e-16  4.6510791e-17  -6.8176497e-17  -3.0363643e-17  1.4599428e-16  
-1.8060834e-16  8.2316647e-18  -1.8040376e-16  2.6999930e-17  1.2494880e-16  1.4690826e-16  1.0000000   -5.5467062e-16  -2.8367073e-17  7.9246500e-18  1.7683538e-17  -1.8060834e-16  8.2316647e-18  -1.8040376e-16  2.6999930e-17  1.2494880e-16  1.4690826e-16  1.0000000   -5.5467062e-16  -2.8367073e-17  7.9246500e-18  1.7683538e-17  
1.0763717e-16  -4.4331582e-16  -5.5364201e-17  -1.3500175e-15  -6.0693047e-16  4.6510791e-17  -5.5467062e-16  1.0000000   -6.4913760e-17  1.0195339e-16  2.9597489e-16  1.0763717e-16  -4.4331582e-16  -5.5364201e-17  -1.3500175e-15  -6.0693047e-16  4.6510791e-17  -5.5467062e-16  1.0000000   -6.4913760e-17  1.0195339e-16  2.9597489e-16  
-1.2283798e-17  2.6147687e-16  -4.7022383e-17  -1.4363111e-17  -2.9917296e-17  -6.8176497e-17  -2.8367073e-17  -6.4913760e-17  1.0000000   -4.6301987e-16  -1.6675039e-16  -1.2283798e-17  2.6147687e-16  -4.7022383e-17  -1.4363111e-17  -2.9917296e-17  -6.8176497e-17  -2.8367073e-17  -6.4913760e-17  1.0000000   -4.6301987e-16  -1.6675039e-16  
1.0432855e-16  -2.1125309e-16  -2.2978654e-16  -9.2322833e-17  1.0938974e-16  -3.0363643e-17  7.9246500e-18  1.0195339e-16  -4.6301987e-16  1.0000000   2.0980583e-17  1.0432855e-16  -2.1125309e-16  -2.2978654e-16  -9.2322833e-17  1.0938974e-16  -3.0363643e-17  7.9246500e-18  1.0195339e-16  -4.6301987e-16  1.0000000   2.0980583e-17  
-2.2055086e-16  2.3653564e-16  1.9553761e-16  -1.4443521e-16  1.8495166e-16  1.4599428e-16  1.7683538e-17  2.9597489e-16  -1.6675039e-16  2.0980583e-17  1.0000000   -2.2055086e-16  2.3653564e-16  1.9553761e-16  -1.4443521e-16  1.8495166e-16  1.4599428e-16  1.7683538e-17  2.9597489e-16  -1.6675039e-16  2.0980583e-17  1.0000000   
