1.0000000   -2.6660786e-16  1.4364324e-16  -3.6035831e-16  -1.5297415e-16  -5.2679986e-16  7.1160932e-17  8.9502583e-17  1.4854247e-16  -1.2270543e-17  6.7971006e-17  1.0000000   -2.6660786e-16  1.4364324e-16  -3.6035831e-16  -1.5297415e-16  -5.2679986e-16  7.1160932e-17  8.9502583e-17  1.4854247e-16  -1.2270543e-17  6.7971006e-17  
-2.6660786e-16  1.0000000   8.3507919e-18  -3.3449638e-16  2.4776333e-16  8.1822483e-16  -2.7943882e-16  -3.0056853e-16  -2.1036889e-16  3.1191282e-16  -1.5031685e-16  -2.6660786e-16  1.0000000   8.3507919e-18  -3.3449638e-16  2.4776333e-16  8.1822483e-16  -2.7943882e-16  -3.0056853e-16  -2.1036889e-16  3.1191282e-16  -1.5031685e-16  
1.4364324e-16  8.3507919e-18  1.0000000   4.4980838e-17  -4.4984310e-16  -1.2226772e-16  -3.2968894e-16  -9.2462964e-17  3.8577353e-16  1.7274808e-16  -1.2952133e-15  1.4364324e-16  8.3507919e-18  1.0000000   4.4980838e-17  -4.4984310e-16  -1.2226772e-16  -3.2968894e-16  -9.2462964e-17  3.8577353e-16  1.7274808e-16  -1.2952133e-15  
-3.6035831e-16  -3.3449638e-16  4.4980838e-17  1.0000000   2.7032411e-16  -2.2261296e-16  1.5696198e-16  -2.5356567e-16  -3.8016448e-16  9.6750221e-18  -9.3910543e-17  -3.6035831e-16  -3.3449638e-16  4.4980838e-17  1.0000000   2.7032411e-16  -2.2261296e-16  1.5696198e-16  -2.5356567e-16  -3.8016448e-16  9.6750221e-18  -9.3910543e-17  
-1.5297415e-16  2.4776333e-16  -4.4984310e-16  2.7032411e-16  1.0000000   -1.3868912e-16  -7.9875207e-17  -5.0377110e-16  -4.6109033e-17  1.2103267e-16  4.8466590e-17  -1.5297415e-16  2.4776333e-16  -4.4984310e-16  2.7032411e-16  1.0000000   -1.3868912e-16  -7.9875207e-17  -5.0377110e-16  -4.6109033e-17  1.2103267e-16  4.8466590e-17  
-5.2679986e-16  8.1822483e-16  -1.2226772e-16  -2.2261296e-16  -1.3868912e-16  1.0000000   -3.8810361e-16  4.9547319e-16  6.6936779e-18  1.9961586e-16  1.7169337e-16  -5.2679986e-16  8.1822483e-16  -1.2226772e-16  -2.2261296e-16  -1.3868912e-16  1.0000000   -3.8810361e-16  4.9547319e-16  6.6936779e-18  1.9961586e-16  1.7169337e-16  
7.1160932e-17  -2.7943882e-16  -3.2968894e-16  1.5696198e-16  -7.9875207e-17  -3.8810361e-16  1.0000000   -4.1386030e-16  3.1022539e-16  1.0580124e-16  -4.1857065e-16  7.1160932e-17  -2.7943882e-16  -3.2968894e-16  1.5696198e-16  -7.9875207e-17  -3.8810361e-16  1.0000000   -4.1386030e-16  3.1022539e-16  1.0580124e-16  -4.1857065e-16  
8.9502583e-17  -3.0056853e-16  -9.2462964e-17  -2.5356567e-16  -5.0377110e-16  4.9547319e-16  -4.1386030e-16  1.0000000   -1.0842869e-17  -2.5452157e-16  6.8618986e-17  8.9502583e-17  -3.0056853e-16  -9.2462964e-17  -2.5356567e-16  -5.0377110e-16  4.9547319e-16  -4.1386030e-16  1.0000000   -1.0842869e-17  -2.5452157e-16  6.8618986e-17  
1.4854247e-16  -2.1036889e-16  3.8577353e-16  -3.8016448e-16  -4.6109033e-17  6.6936779e-18  3.1022539e-16  -1.0842869e-17  1.0000000   -8.6284811e-17  1.4418195e-16  1.4854247e-16  -2.1036889e-16  3.8577353e-16  -3.8016448e-16  -4.6109033e-17  6.6936779e-18  3.1022539e-16  -1.0842869e-17  1.0000000   -8.6284811e-17  1.4418195e-16  
-1.2270543e-17  3.1191282e-16  1.7274808e-16  9.6750221e-18  1.2103267e-16  1.9961586e-16  1.0580124e-16  -2.5452157e-16  -8.6284811e-17  1.0000000   -1.4639165e-17  -1.2270543e-17  3.1191282e-16  1.7274808e-16  9.6750221e-18  1.2103267e-16  1.9961586e-16  1.0580124e-16  -2.5452157e-16  -8.6284811e-17  1.0000000   -1.4639165e-17  
6.7971006e-17  -1.5031685e-16  -1.2952133e-15  -9.3910543e-17  4.8466590e-17  1.7169337e-16  -4.1857065e-16  6.8618986e-17  1.4418195e-16  -1.4639165e-17  1.0000000   6.7971006e-17  -1.5031685e-16  -1.2952133e-15  -9.3910543e-17  4.8466590e-17  1.7169337e-16  -4.1857065e-16  6.8618986e-17  1.4418195e-16  -1.4639165e-17  1.0000000   
1.0000000   -2.6660786e-16  1.4364324e-16  -3.6035831e-16  -1.5297415e-16  -5.2679986e-16  7.1160932e-17  8.9502583e-17  1.4854247e-16  -1.2270543e-17  6.7971006e-17  1.0000000   -2.6660786e-16  1.4364324e-16  -3.6035831e-16  -1.5297415e-16  -5.2679986e-16  7.1160932e-17  8.9502583e-17  1.4854247e-16  -1.2270543e-17  6.7971006e-17  
-2.6660786e-16  1.0000000   8.3507919e-18  -3.3449638e-16  2.4776333e-16  8.1822483e-16  -2.7943882e-16  -3.0056853e-16  -2.1036889e-16  3.1191282e-16  -1.5031685e-16  -2.6660786e-16  1.0000000   8.3507919e-18  -3.3449638e-16  2.4776333e-16  8.1822483e-16  -2.7943882e-16  -3.0056853e-16  -2.1036889e-16  3.1191282e-16  -1.5031685e-16  
1.4364324e-16  8.3507919e-18  1.0000000   4.4980838e-17  -4.4984310e-16  -1.2226772e-16  -3.2968894e-16  -9.2462964e-17  3.8577353e-16  1.7274808e-16  -1.2952133e-15  1.4364324e-16  8.3507919e-18  1.0000000   4.4980838e-17  -4.4984310e-16  -1.2226772e-16  -3.2968894e-16  -9.2462964e-17  3.8577353e-16  1.7274808e-16  -1.2952133e-15  
-3.6035831e-16  -3.3449638e-16  4.4980838e-17  1.0000000   2.7032411e-16  -2.2261296e-16  1.5696198e-16  -2.5356567e-16  -3.8016448e-16  9.6750221e-18  -9.3910543e-17  -3.6035831e-16  -3.3449638e-16  4.4980838e-17  1.0000000   2.7032411e-16  -2.2261296e-16  1.5696198e-16  -2.5356567e-16  -3.8016448e-16  9.6750221e-18  -9.3910543e-17  
-1.5297415e-16  2.4776333e-16  -4.4984310e-16  2.7032411e-16  1.0000000   -1.3868912e-16  -7.9875207e-17  -5.0377110e-16  -4.6109033e-17  1.2103267e-16  4.8466590e-17  -1.5297415e-16  2.4776333e-16  -4.4984310e-16  2.7032411e-16  1.0000000   -1.3868912e-16  -7.9875207e-17  -5.0377110e-16  -4.6109033e-17  1.2103267e-16  4.8466590e-17  
-5.2679986e-16  8.1822483e-16  -1.2226772e-16  -2.2261296e-16  -1.3868912e-16  1.0000000   -3.8810361e-16  4.9547319e-16  6.6936779e-18  1.9961586e-16  1.7169337e-16  -5.2679986e-16  8.1822483e-16  -1.2226772e-16  -2.2261296e-16  -1.3868912e-16  1.0000000   -3.8810361e-16  4.9547319e-16  6.6936779e-18  1.9961586e-16  1.7169337e-16  
7.1160932e-17  -2.7943882e-16  -3.2968894e-16  1.5696198e-16  -7.9875207e-17  -3.8810361e-16  1.0000000   -4.1386030e-16  3.1022539e-16  1.0580124e-16  -4.1857065e-16  7.1160932e-17  -2.7943882e-16  -3.2968894e-16  1.5696198e-16  -7.9875207e-17  -3.8810361e-16  1.0000000   -4.1386030e-16  3.1022539e-16  1.0580124e-16  -4.1857065e-16  
8.9502583e-17  -3.0056853e-16  -9.2462964e-17  -2.5356567e-16  -5.0377110e-16  4.9547319e-16  -4.1386030e-16  1.0000000   -1.0842869e-17  -2.5452157e-16  6.8618986e-17  8.9502583e-17  -3.0056853e-16  -9.2462964e-17  -2.5356567e-16  -5.0377110e-16  4.9547319e-16  -4.1386030e-16  1.0000000   -1.0842869e-17  -2.5452157e-16  6.8618986e-17  
1.4854247e-16  -2.1036889e-16  3.8577353e-16  -3.8016448e-16  -4.6109033e-17  6.6936779e-18  3.1022539e-16  -1.0842869e-17  1.0000000   -8.6284811e-17  1.4418195e-16  1.4854247e-16  -2.1036889e-16  3.8577353e-16  -3.8016448e-16  -4.6109033e-17  6.6936779e-18  3.1022539e-16  -1.0842869e-17  1.0000000   -8.6284811e-17  1.4418195e-16  
-1.2270543e-17  3.1191282e-16  1.7274808e-16  9.6750221e-18  1.2103267e-16  1.9961586e-16  1.0580124e-16  -2.5452157e-16  -8.6284811e-17  1.0000000   -1.4639165e-17  -1.2270543e-17  3.1191282e-16  1.7274808e-16  9.6750221e-18  1.2103267e-16  1.9961586e-16  1.0580124e-16  -2.5452157e-16  -8.6284811e-17  1.0000000   -1.4639165e-17  
6.7971006e-17  -1.5031685e-16  -1.2952133e-15  -9.3910543e-17  4.8466590e-17  1.7169337e-16  -4.1857065e-16  6.8618986e-17  1.4418195e-16  -1.4639165e-17  1.0000000   6.7971006e-17  -1.5031685e-16  -1.2952133e-15  -9.3910543e-17  4.8466590e-17  1.7169337e-16  -4.1857065e-16  6.8618986e-17  1.4418195e-16  -1.4639165e-17  1.0000000   
