1.0000000   1.2361938e-16  -1.0355486e-16  -2.3248344e-16  -1.9348837e-16  -2.9229667e-16  1.2036779e-15  1.0656183e-16  4.9763546e-16  -2.0156250e-16  -2.6254803e-16  1.0000000   1.2361938e-16  -1.0355486e-16  -2.3248344e-16  -1.9348837e-16  -2.9229667e-16  1.2036779e-15  1.0656183e-16  4.9763546e-16  -2.0156250e-16  -2.6254803e-16  
1.2361938e-16  1.0000000   3.4515068e-16  1.7817677e-16  -2.3833813e-17  8.7523067e-16  3.6749541e-16  9.4249356e-17  3.5194060e-16  -1.2703165e-16  -1.9591703e-16  1.2361938e-16  1.0000000   3.4515068e-16  1.7817677e-16  -2.3833813e-17  8.7523067e-16  3.6749541e-16  9.4249356e-17  3.5194060e-16  -1.2703165e-16  -1.9591703e-16  
-1.0355486e-16  3.4515068e-16  1.0000000   1.3280816e-15  2.2229956e-17  -1.1186976e-16  -5.3644291e-16  -8.9023163e-17  -1.3232359e-16  -2.9357188e-16  1.0713019e-15  -1.0355486e-16  3.4515068e-16  1.0000000   1.3280816e-15  2.2229956e-17  -1.1186976e-16  -5.3644291e-16  -8.9023163e-17  -1.3232359e-16  -2.9357188e-16  1.0713019e-15  
-2.3248344e-16  1.7817677e-16  1.3280816e-15  1.0000000   -1.8693615e-16  -7.0590455e-17  7.6839441e-17  2.9494005e-16  4.5196323e-16  1.2504578e-16  -1.2277865e-15  -2.3248344e-16  1.7817677e-16  1.3280816e-15  1.0000000   -1.8693615e-16  -7.0590455e-17  7.6839441e-17  2.9494005e-16  4.5196323e-16  1.2504578e-16  -1.2277865e-15  
-1.9348837e-16  -2.3833813e-17  2.2229956e-17  -1.8693615e-16  1.0000000   4.0536615e-18  -1.5169090e-17  9.4559264e-16  -6.8367351e-17  5.4310111e-17  7.0039053e-16  -1.9348837e-16  -2.3833813e-17  2.2229956e-17  -1.8693615e-16  1.0000000   4.0536615e-18  -1.5169090e-17  9.4559264e-16  -6.8367351e-17  5.4310111e-17  7.0039053e-16  
-2.9229667e-16  8.7523067e-16  -1.1186976e-16  -7.0590455e-17  4.0536615e-18  1.0000000   1.1319833e-16  -3.6131842e-16  -5.7312261e-17  1.6582226e-16  -2.2216107e-16  -2.9229667e-16  8.7523067e-16  -1.1186976e-16  -7.0590455e-17  4.0536615e-18  1.0000000   1.1319833e-16  -3.6131842e-16  -5.7312261e-17  1.6582226e-16  -2.2216107e-16  
1.2036779e-15  3.6749541e-16  -5.3644291e-16  7.6839441e-17  -1.5169090e-17  1.1319833e-16  1.0000000   -1.4638254e-16  -5.2532560e-17  2.5615610e-16  3.4838889e-16  1.2036779e-15  3.6749541e-16  -5.3644291e-16  7.6839441e-17  -1.5169090e-17  1.1319833e-16  1.0000000   -1.4638254e-16  -5.2532560e-17  2.5615610e-16  3.4838889e-16  
1.0656183e-16  9.4249356e-17  -8.9023163e-17  2.9494005e-16  9.4559264e-16  -3.6131842e-16  -1.4638254e-16  1.0000000   -1.0326136e-16  1.6092514e-17  1.1290092e-15  1.0656183e-16  9.4249356e-17  -8.9023163e-17  2.9494005e-16  9.4559264e-16  -3.6131842e-16  -1.4638254e-16  1.0000000   -1.0326136e-16  1.6092514e-17  1.1290092e-15  
4.9763546e-16  3.5194060e-16  -1.3232359e-16  4.5196323e-16  -6.8367351e-17  -5.7312261e-17  -5.2532560e-17  -1.0326136e-16  1.0000000   4.2982713e-17  2.3651669e-16  4.9763546e-16  3.5194060e-16  -1.3232359e-16  4.5196323e-16  -6.8367351e-17  -5.7312261e-17  -5.2532560e-17  -1.0326136e-16  1.0000000   4.2982713e-17  2.3651669e-16  
-2.0156250e-16  -1.2703165e-16  -2.9357188e-16  1.2504578e-16  5.4310111e-17  1.6582226e-16  2.5615610e-16  1.6092514e-17  4.2982713e-17  1.0000000   1.6114918e-16  -2.0156250e-16  -1.2703165e-16  -2.9357188e-16  1.2504578e-16  5.4310111e-17  1.6582226e-16  2.5615610e-16  1.6092514e-17  4.2982713e-17  1.0000000   1.6114918e-16  
-2.6254803e-16  -1.9591703e-16  1.0713019e-15  -1.2277865e-15  7.0039053e-16  -2.2216107e-16  3.4838889e-16  1.1290092e-15  2.3651669e-16  1.6114918e-16  1.0000000   -2.6254803e-16  -1.9591703e-16  1.0713019e-15  -1.2277865e-15  7.0039053e-16  -2.2216107e-16  3.4838889e-16  1.1290092e-15  2.3651669e-16  1.6114918e-16  1.0000000   
1.0000000   1.2361938e-16  -1.0355486e-16  -2.3248344e-16  -1.9348837e-16  -2.9229667e-16  1.2036779e-15  1.0656183e-16  4.9763546e-16  -2.0156250e-16  -2.6254803e-16  1.0000000   1.2361938e-16  -1.0355486e-16  -2.3248344e-16  -1.9348837e-16  -2.9229667e-16  1.2036779e-15  1.0656183e-16  4.9763546e-16  -2.0156250e-16  -2.6254803e-16  
1.2361938e-16  1.0000000   3.4515068e-16  1.7817677e-16  -2.3833813e-17  8.7523067e-16  3.6749541e-16  9.4249356e-17  3.5194060e-16  -1.2703165e-16  -1.9591703e-16  1.2361938e-16  1.0000000   3.4515068e-16  1.7817677e-16  -2.3833813e-17  8.7523067e-16  3.6749541e-16  9.4249356e-17  3.5194060e-16  -1.2703165e-16  -1.9591703e-16  
-1.0355486e-16  3.4515068e-16  1.0000000   1.3280816e-15  2.2229956e-17  -1.1186976e-16  -5.3644291e-16  -8.9023163e-17  -1.3232359e-16  -2.9357188e-16  1.0713019e-15  -1.0355486e-16  3.4515068e-16  1.0000000   1.3280816e-15  2.2229956e-17  -1.1186976e-16  -5.3644291e-16  -8.9023163e-17  -1.3232359e-16  -2.9357188e-16  1.0713019e-15  
-2.3248344e-16  1.7817677e-16  1.3280816e-15  1.0000000   -1.8693615e-16  -7.0590455e-17  7.6839441e-17  2.9494005e-16  4.5196323e-16  1.2504578e-16  -1.2277865e-15  -2.3248344e-16  1.7817677e-16  1.3280816e-15  1.0000000   -1.8693615e-16  -7.0590455e-17  7.6839441e-17  2.9494005e-16  4.5196323e-16  1.2504578e-16  -1.2277865e-15  
-1.9348837e-16  -2.3833813e-17  2.2229956e-17  -1.8693615e-16  1.0000000   4.0536615e-18  -1.5169090e-17  9.4559264e-16  -6.8367351e-17  5.4310111e-17  7.0039053e-16  -1.9348837e-16  -2.3833813e-17  2.2229956e-17  -1.8693615e-16  1.0000000   4.0536615e-18  -1.5169090e-17  9.4559264e-16  -6.8367351e-17  5.4310111e-17  7.0039053e-16  
-2.9229667e-16  8.7523067e-16  -1.1186976e-16  -7.0590455e-17  4.0536615e-18  1.0000000   1.1319833e-16  -3.6131842e-16  -5.7312261e-17  1.6582226e-16  -2.2216107e-16  -2.9229667e-16  8.7523067e-16  -1.1186976e-16  -7.0590455e-17  4.0536615e-18  1.0000000   1.1319833e-16  -3.6131842e-16  -5.7312261e-17  1.6582226e-16  -2.2216107e-16  
1.2036779e-15  3.6749541e-16  -5.3644291e-16  7.6839441e-17  -1.5169090e-17  1.1319833e-16  1.0000000   -1.4638254e-16  -5.2532560e-17  2.5615610e-16  3.4838889e-16  1.2036779e-15  3.6749541e-16  -5.3644291e-16  7.6839441e-17  -1.5169090e-17  1.1319833e-16  1.0000000   -1.4638254e-16  -5.2532560e-17  2.5615610e-16  3.4838889e-16  
1.0656183e-16  9.4249356e-17  -8.9023163e-17  2.9494005e-16  9.4559264e-16  -3.6131842e-16  -1.4638254e-16  1.0000000   -1.0326136e-16  1.6092514e-17  1.1290092e-15  1.0656183e-16  9.4249356e-17  -8.9023163e-17  2.9494005e-16  9.4559264e-16  -3.6131842e-16  -1.4638254e-16  1.0000000   -1.0326136e-16  1.6092514e-17  1.1290092e-15  
4.9763546e-16  3.5194060e-16  -1.3232359e-16  4.5196323e-16  -6.8367351e-17  -5.7312261e-17  -5.2532560e-17  -1.0326136e-16  1.0000000   4.2982713e-17  2.3651669e-16  4.9763546e-16  3.5194060e-16  -1.3232359e-16  4.5196323e-16  -6.8367351e-17  -5.7312261e-17  -5.2532560e-17  -1.0326136e-16  1.0000000   4.2982713e-17  2.3651669e-16  
-2.0156250e-16  -1.2703165e-16  -2.9357188e-16  1.2504578e-16  5.4310111e-17  1.6582226e-16  2.5615610e-16  1.6092514e-17  4.2982713e-17  1.0000000   1.6114918e-16  -2.0156250e-16  -1.2703165e-16  -2.9357188e-16  1.2504578e-16  5.4310111e-17  1.6582226e-16  2.5615610e-16  1.6092514e-17  4.2982713e-17  1.0000000   1.6114918e-16  
-2.6254803e-16  -1.9591703e-16  1.0713019e-15  -1.2277865e-15  7.0039053e-16  -2.2216107e-16  3.4838889e-16  1.1290092e-15  2.3651669e-16  1.6114918e-16  1.0000000   -2.6254803e-16  -1.9591703e-16  1.0713019e-15  -1.2277865e-15  7.0039053e-16  -2.2216107e-16  3.4838889e-16  1.1290092e-15  2.3651669e-16  1.6114918e-16  1.0000000   
