1.0000000   1.5646731e-16  2.5633589e-16  -2.2406393e-16  -2.6738141e-16  2.5348393e-16  -9.7358645e-16  -8.2358284e-17  -3.9613147e-16  2.7868570e-16  -1.2528295e-16  1.0000000   1.5646731e-16  2.5633589e-16  -2.2406393e-16  -2.6738141e-16  2.5348393e-16  -9.7358645e-16  -8.2358284e-17  -3.9613147e-16  2.7868570e-16  -1.2528295e-16  
1.5646731e-16  1.0000000   6.2794788e-16  -2.5355084e-17  4.3226865e-16  -1.1854565e-16  -2.4241236e-16  -2.3246015e-16  -2.9562826e-16  1.8237466e-16  -4.3748235e-16  1.5646731e-16  1.0000000   6.2794788e-16  -2.5355084e-17  4.3226865e-16  -1.1854565e-16  -2.4241236e-16  -2.3246015e-16  -2.9562826e-16  1.8237466e-16  -4.3748235e-16  
2.5633589e-16  6.2794788e-16  1.0000000   3.1951946e-16  -2.8740283e-16  -2.9225178e-16  7.0070546e-16  -3.9674904e-16  6.4049243e-17  -3.2720671e-16  2.0297069e-16  2.5633589e-16  6.2794788e-16  1.0000000   3.1951946e-16  -2.8740283e-16  -2.9225178e-16  7.0070546e-16  -3.9674904e-16  6.4049243e-17  -3.2720671e-16  2.0297069e-16  
-2.2406393e-16  -2.5355084e-17  3.1951946e-16  1.0000000   -5.6280638e-16  4.2991157e-17  7.7862657e-17  -6.5037043e-17  -7.4987192e-17  -3.8489431e-16  7.4707671e-16  -2.2406393e-16  -2.5355084e-17  3.1951946e-16  1.0000000   -5.6280638e-16  4.2991157e-17  7.7862657e-17  -6.5037043e-17  -7.4987192e-17  -3.8489431e-16  7.4707671e-16  
-2.6738141e-16  4.3226865e-16  -2.8740283e-16  -5.6280638e-16  1.0000000   5.1959701e-17  -2.7703060e-17  -7.8427587e-16  2.3144001e-16  2.8793207e-16  1.9070597e-16  -2.6738141e-16  4.3226865e-16  -2.8740283e-16  -5.6280638e-16  1.0000000   5.1959701e-17  -2.7703060e-17  -7.8427587e-16  2.3144001e-16  2.8793207e-16  1.9070597e-16  
2.5348393e-16  -1.1854565e-16  -2.9225178e-16  4.2991157e-17  5.1959701e-17  1.0000000   4.6049031e-16  -1.7526838e-16  2.8090720e-16  -4.3606950e-17  -7.0556997e-17  2.5348393e-16  -1.1854565e-16  -2.9225178e-16  4.2991157e-17  5.1959701e-17  1.0000000   4.6049031e-16  -1.7526838e-16  2.8090720e-16  -4.3606950e-17  -7.0556997e-17  
-9.7358645e-16  -2.4241236e-16  7.0070546e-16  7.7862657e-17  -2.7703060e-17  4.6049031e-16  1.0000000   -5.1246340e-17  -8.6276733e-16  2.2758124e-16  -6.3615393e-16  -9.7358645e-16  -2.4241236e-16  7.0070546e-16  7.7862657e-17  -2.7703060e-17  4.6049031e-16  1.0000000   -5.1246340e-17  -8.6276733e-16  2.2758124e-16  -6.3615393e-16  
-8.2358284e-17  -2.3246015e-16  -3.9674904e-16  -6.5037043e-17  -7.8427587e-16  -1.7526838e-16  -5.1246340e-17  1.0000000   -6.0062924e-18  -8.9244450e-17  -8.6785916e-16  -8.2358284e-17  -2.3246015e-16  -3.9674904e-16  -6.5037043e-17  -7.8427587e-16  -1.7526838e-16  -5.1246340e-17  1.0000000   -6.0062924e-18  -8.9244450e-17  -8.6785916e-16  
-3.9613147e-16  -2.9562826e-16  6.4049243e-17  -7.4987192e-17  2.3144001e-16  2.8090720e-16  -8.6276733e-16  -6.0062924e-18  1.0000000   -2.8436823e-16  2.0682567e-16  -3.9613147e-16  -2.9562826e-16  6.4049243e-17  -7.4987192e-17  2.3144001e-16  2.8090720e-16  -8.6276733e-16  -6.0062924e-18  1.0000000   -2.8436823e-16  2.0682567e-16  
2.7868570e-16  1.8237466e-16  -3.2720671e-16  -3.8489431e-16  2.8793207e-16  -4.3606950e-17  2.2758124e-16  -8.9244450e-17  -2.8436823e-16  1.0000000   2.5605467e-16  2.7868570e-16  1.8237466e-16  -3.2720671e-16  -3.8489431e-16  2.8793207e-16  -4.3606950e-17  2.2758124e-16  -8.9244450e-17  -2.8436823e-16  1.0000000   2.5605467e-16  
-1.2528295e-16  -4.3748235e-16  2.0297069e-16  7.4707671e-16  1.9070597e-16  -7.0556997e-17  -6.3615393e-16  -8.6785916e-16  2.0682567e-16  2.5605467e-16  1.0000000   -1.2528295e-16  -4.3748235e-16  2.0297069e-16  7.4707671e-16  1.9070597e-16  -7.0556997e-17  -6.3615393e-16  -8.6785916e-16  2.0682567e-16  2.5605467e-16  1.0000000   
1.0000000   1.5646731e-16  2.5633589e-16  -2.2406393e-16  -2.6738141e-16  2.5348393e-16  -9.7358645e-16  -8.2358284e-17  -3.9613147e-16  2.7868570e-16  -1.2528295e-16  1.0000000   1.5646731e-16  2.5633589e-16  -2.2406393e-16  -2.6738141e-16  2.5348393e-16  -9.7358645e-16  -8.2358284e-17  -3.9613147e-16  2.7868570e-16  -1.2528295e-16  
1.5646731e-16  1.0000000   6.2794788e-16  -2.5355084e-17  4.3226865e-16  -1.1854565e-16  -2.4241236e-16  -2.3246015e-16  -2.9562826e-16  1.8237466e-16  -4.3748235e-16  1.5646731e-16  1.0000000   6.2794788e-16  -2.5355084e-17  4.3226865e-16  -1.1854565e-16  -2.4241236e-16  -2.3246015e-16  -2.9562826e-16  1.8237466e-16  -4.3748235e-16  
2.5633589e-16  6.2794788e-16  1.0000000   3.1951946e-16  -2.8740283e-16  -2.9225178e-16  7.0070546e-16  -3.9674904e-16  6.4049243e-17  -3.2720671e-16  2.0297069e-16  2.5633589e-16  6.2794788e-16  1.0000000   3.1951946e-16  -2.8740283e-16  -2.9225178e-16  7.0070546e-16  -3.9674904e-16  6.4049243e-17  -3.2720671e-16  2.0297069e-16  
-2.2406393e-16  -2.5355084e-17  3.1951946e-16  1.0000000   -5.6280638e-16  4.2991157e-17  7.7862657e-17  -6.5037043e-17  -7.4987192e-17  -3.8489431e-16  7.4707671e-16  -2.2406393e-16  -2.5355084e-17  3.1951946e-16  1.0000000   -5.6280638e-16  4.2991157e-17  7.7862657e-17  -6.5037043e-17  -7.4987192e-17  -3.8489431e-16  7.4707671e-16  
-2.6738141e-16  4.3226865e-16  -2.8740283e-16  -5.6280638e-16  1.0000000   5.1959701e-17  -2.7703060e-17  -7.8427587e-16  2.3144001e-16  2.8793207e-16  1.9070597e-16  -2.6738141e-16  4.3226865e-16  -2.8740283e-16  -5.6280638e-16  1.0000000   5.1959701e-17  -2.7703060e-17  -7.8427587e-16  2.3144001e-16  2.8793207e-16  1.9070597e-16  
2.5348393e-16  -1.1854565e-16  -2.9225178e-16  4.2991157e-17  5.1959701e-17  1.0000000   4.6049031e-16  -1.7526838e-16  2.8090720e-16  -4.3606950e-17  -7.0556997e-17  2.5348393e-16  -1.1854565e-16  -2.9225178e-16  4.2991157e-17  5.1959701e-17  1.0000000   4.6049031e-16  -1.7526838e-16  2.8090720e-16  -4.3606950e-17  -7.0556997e-17  
-9.7358645e-16  -2.4241236e-16  7.0070546e-16  7.7862657e-17  -2.7703060e-17  4.6049031e-16  1.0000000   -5.1246340e-17  -8.6276733e-16  2.2758124e-16  -6.3615393e-16  -9.7358645e-16  -2.4241236e-16  7.0070546e-16  7.7862657e-17  -2.7703060e-17  4.6049031e-16  1.0000000   -5.1246340e-17  -8.6276733e-16  2.2758124e-16  -6.3615393e-16  
-8.2358284e-17  -2.3246015e-16  -3.9674904e-16  -6.5037043e-17  -7.8427587e-16  -1.7526838e-16  -5.1246340e-17  1.0000000   -6.0062924e-18  -8.9244450e-17  -8.6785916e-16  -8.2358284e-17  -2.3246015e-16  -3.9674904e-16  -6.5037043e-17  -7.8427587e-16  -1.7526838e-16  -5.1246340e-17  1.0000000   -6.0062924e-18  -8.9244450e-17  -8.6785916e-16  
-3.9613147e-16  -2.9562826e-16  6.4049243e-17  -7.4987192e-17  2.3144001e-16  2.8090720e-16  -8.6276733e-16  -6.0062924e-18  1.0000000   -2.8436823e-16  2.0682567e-16  -3.9613147e-16  -2.9562826e-16  6.4049243e-17  -7.4987192e-17  2.3144001e-16  2.8090720e-16  -8.6276733e-16  -6.0062924e-18  1.0000000   -2.8436823e-16  2.0682567e-16  
2.7868570e-16  1.8237466e-16  -3.2720671e-16  -3.8489431e-16  2.8793207e-16  -4.3606950e-17  2.2758124e-16  -8.9244450e-17  -2.8436823e-16  1.0000000   2.5605467e-16  2.7868570e-16  1.8237466e-16  -3.2720671e-16  -3.8489431e-16  2.8793207e-16  -4.3606950e-17  2.2758124e-16  -8.9244450e-17  -2.8436823e-16  1.0000000   2.5605467e-16  
-1.2528295e-16  -4.3748235e-16  2.0297069e-16  7.4707671e-16  1.9070597e-16  -7.0556997e-17  -6.3615393e-16  -8.6785916e-16  2.0682567e-16  2.5605467e-16  1.0000000   -1.2528295e-16  -4.3748235e-16  2.0297069e-16  7.4707671e-16  1.9070597e-16  -7.0556997e-17  -6.3615393e-16  -8.6785916e-16  2.0682567e-16  2.5605467e-16  1.0000000   
