1.0000000   -2.0344122e-16  -9.2411295e-17  -2.7954120e-16  2.1802628e-18  3.8721095e-16  7.1126712e-16  -7.9104407e-17  -4.6925625e-18  2.1656007e-16  -3.0090337e-16  1.0000000   -2.0344122e-16  -9.2411295e-17  -2.7954120e-16  2.1802628e-18  3.8721095e-16  7.1126712e-16  -7.9104407e-17  -4.6925625e-18  2.1656007e-16  -3.0090337e-16  
-2.0344122e-16  1.0000000   6.7022329e-17  -7.6479452e-17  1.6552550e-16  3.5952144e-16  -3.7954699e-17  -4.9641213e-17  2.3994008e-16  5.4632831e-18  3.2332201e-17  -2.0344122e-16  1.0000000   6.7022329e-17  -7.6479452e-17  1.6552550e-16  3.5952144e-16  -3.7954699e-17  -4.9641213e-17  2.3994008e-16  5.4632831e-18  3.2332201e-17  
-9.2411295e-17  6.7022329e-17  1.0000000   -8.3521514e-16  -2.3786252e-16  7.4418621e-17  -6.6418394e-17  -4.2365623e-16  -8.3341266e-17  -5.7292885e-17  7.8293458e-16  -9.2411295e-17  6.7022329e-17  1.0000000   -8.3521514e-16  -2.3786252e-16  7.4418621e-17  -6.6418394e-17  -4.2365623e-16  -8.3341266e-17  -5.7292885e-17  7.8293458e-16  
-2.7954120e-16  -7.6479452e-17  -8.3521514e-16  1.0000000   1.0764762e-16  -1.1852638e-16  6.4683671e-17  6.4307588e-17  1.7955235e-16  -4.0386150e-16  4.2591315e-16  -2.7954120e-16  -7.6479452e-17  -8.3521514e-16  1.0000000   1.0764762e-16  -1.1852638e-16  6.4683671e-17  6.4307588e-17  1.7955235e-16  -4.0386150e-16  4.2591315e-16  
2.1802628e-18  1.6552550e-16  -2.3786252e-16  1.0764762e-16  1.0000000   -4.1805099e-17  7.5778331e-16  3.2865916e-16  -2.1725807e-16  2.9428771e-16  -3.6564057e-16  2.1802628e-18  1.6552550e-16  -2.3786252e-16  1.0764762e-16  1.0000000   -4.1805099e-17  7.5778331e-16  3.2865916e-16  -2.1725807e-16  2.9428771e-16  -3.6564057e-16  
3.8721095e-16  3.5952144e-16  7.4418621e-17  -1.1852638e-16  -4.1805099e-17  1.0000000   7.2363571e-16  -3.6288014e-16  -1.4092129e-16  -2.7527663e-16  -2.0266957e-17  3.8721095e-16  3.5952144e-16  7.4418621e-17  -1.1852638e-16  -4.1805099e-17  1.0000000   7.2363571e-16  -3.6288014e-16  -1.4092129e-16  -2.7527663e-16  -2.0266957e-17  
7.1126712e-16  -3.7954699e-17  -6.6418394e-17  6.4683671e-17  7.5778331e-16  7.2363571e-16  1.0000000   -2.0919596e-16  4.6026500e-17  7.1050617e-16  -2.6426877e-16  7.1126712e-16  -3.7954699e-17  -6.6418394e-17  6.4683671e-17  7.5778331e-16  7.2363571e-16  1.0000000   -2.0919596e-16  4.6026500e-17  7.1050617e-16  -2.6426877e-16  
-7.9104407e-17  -4.9641213e-17  -4.2365623e-16  6.4307588e-17  3.2865916e-16  -3.6288014e-16  -2.0919596e-16  1.0000000   -2.7149947e-16  2.8589421e-16  -9.0810614e-16  -7.9104407e-17  -4.9641213e-17  -4.2365623e-16  6.4307588e-17  3.2865916e-16  -3.6288014e-16  -2.0919596e-16  1.0000000   -2.7149947e-16  2.8589421e-16  -9.0810614e-16  
-4.6925625e-18  2.3994008e-16  -8.3341266e-17  1.7955235e-16  -2.1725807e-16  -1.4092129e-16  4.6026500e-17  -2.7149947e-16  1.0000000   -3.3649162e-16  -1.6780527e-16  -4.6925625e-18  2.3994008e-16  -8.3341266e-17  1.7955235e-16  -2.1725807e-16  -1.4092129e-16  4.6026500e-17  -2.7149947e-16  1.0000000   -3.3649162e-16  -1.6780527e-16  
2.1656007e-16  5.4632831e-18  -5.7292885e-17  -4.0386150e-16  2.9428771e-16  -2.7527663e-16  7.1050617e-16  2.8589421e-16  -3.3649162e-16  1.0000000   -4.1485291e-17  2.1656007e-16  5.4632831e-18  -5.7292885e-17  -4.0386150e-16  2.9428771e-16  -2.7527663e-16  7.1050617e-16  2.8589421e-16  -3.3649162e-16  1.0000000   -4.1485291e-17  
-3.0090337e-16  3.2332201e-17  7.8293458e-16  4.2591315e-16  -3.6564057e-16  -2.0266957e-17  -2.6426877e-16  -9.0810614e-16  -1.6780527e-16  -4.1485291e-17  1.0000000   -3.0090337e-16  3.2332201e-17  7.8293458e-16  4.2591315e-16  -3.6564057e-16  -2.0266957e-17  -2.6426877e-16  -9.0810614e-16  -1.6780527e-16  -4.1485291e-17  1.0000000   
1.0000000   -2.0344122e-16  -9.2411295e-17  -2.7954120e-16  2.1802628e-18  3.8721095e-16  7.1126712e-16  -7.9104407e-17  -4.6925625e-18  2.1656007e-16  -3.0090337e-16  1.0000000   -2.0344122e-16  -9.2411295e-17  -2.7954120e-16  2.1802628e-18  3.8721095e-16  7.1126712e-16  -7.9104407e-17  -4.6925625e-18  2.1656007e-16  -3.0090337e-16  
-2.0344122e-16  1.0000000   6.7022329e-17  -7.6479452e-17  1.6552550e-16  3.5952144e-16  -3.7954699e-17  -4.9641213e-17  2.3994008e-16  5.4632831e-18  3.2332201e-17  -2.0344122e-16  1.0000000   6.7022329e-17  -7.6479452e-17  1.6552550e-16  3.5952144e-16  -3.7954699e-17  -4.9641213e-17  2.3994008e-16  5.4632831e-18  3.2332201e-17  
-9.2411295e-17  6.7022329e-17  1.0000000   -8.3521514e-16  -2.3786252e-16  7.4418621e-17  -6.6418394e-17  -4.2365623e-16  -8.3341266e-17  -5.7292885e-17  7.8293458e-16  -9.2411295e-17  6.7022329e-17  1.0000000   -8.3521514e-16  -2.3786252e-16  7.4418621e-17  -6.6418394e-17  -4.2365623e-16  -8.3341266e-17  -5.7292885e-17  7.8293458e-16  
-2.7954120e-16  -7.6479452e-17  -8.3521514e-16  1.0000000   1.0764762e-16  -1.1852638e-16  6.4683671e-17  6.4307588e-17  1.7955235e-16  -4.0386150e-16  4.2591315e-16  -2.7954120e-16  -7.6479452e-17  -8.3521514e-16  1.0000000   1.0764762e-16  -1.1852638e-16  6.4683671e-17  6.4307588e-17  1.7955235e-16  -4.0386150e-16  4.2591315e-16  
2.1802628e-18  1.6552550e-16  -2.3786252e-16  1.0764762e-16  1.0000000   -4.1805099e-17  7.5778331e-16  3.2865916e-16  -2.1725807e-16  2.9428771e-16  -3.6564057e-16  2.1802628e-18  1.6552550e-16  -2.3786252e-16  1.0764762e-16  1.0000000   -4.1805099e-17  7.5778331e-16  3.2865916e-16  -2.1725807e-16  2.9428771e-16  -3.6564057e-16  
3.8721095e-16  3.5952144e-16  7.4418621e-17  -1.1852638e-16  -4.1805099e-17  1.0000000   7.2363571e-16  -3.6288014e-16  -1.4092129e-16  -2.7527663e-16  -2.0266957e-17  3.8721095e-16  3.5952144e-16  7.4418621e-17  -1.1852638e-16  -4.1805099e-17  1.0000000   7.2363571e-16  -3.6288014e-16  -1.4092129e-16  -2.7527663e-16  -2.0266957e-17  
7.1126712e-16  -3.7954699e-17  -6.6418394e-17  6.4683671e-17  7.5778331e-16  7.2363571e-16  1.0000000   -2.0919596e-16  4.6026500e-17  7.1050617e-16  -2.6426877e-16  7.1126712e-16  -3.7954699e-17  -6.6418394e-17  6.4683671e-17  7.5778331e-16  7.2363571e-16  1.0000000   -2.0919596e-16  4.6026500e-17  7.1050617e-16  -2.6426877e-16  
-7.9104407e-17  -4.9641213e-17  -4.2365623e-16  6.4307588e-17  3.2865916e-16  -3.6288014e-16  -2.0919596e-16  1.0000000   -2.7149947e-16  2.8589421e-16  -9.0810614e-16  -7.9104407e-17  -4.9641213e-17  -4.2365623e-16  6.4307588e-17  3.2865916e-16  -3.6288014e-16  -2.0919596e-16  1.0000000   -2.7149947e-16  2.8589421e-16  -9.0810614e-16  
-4.6925625e-18  2.3994008e-16  -8.3341266e-17  1.7955235e-16  -2.1725807e-16  -1.4092129e-16  4.6026500e-17  -2.7149947e-16  1.0000000   -3.3649162e-16  -1.6780527e-16  -4.6925625e-18  2.3994008e-16  -8.3341266e-17  1.7955235e-16  -2.1725807e-16  -1.4092129e-16  4.6026500e-17  -2.7149947e-16  1.0000000   -3.3649162e-16  -1.6780527e-16  
2.1656007e-16  5.4632831e-18  -5.7292885e-17  -4.0386150e-16  2.9428771e-16  -2.7527663e-16  7.1050617e-16  2.8589421e-16  -3.3649162e-16  1.0000000   -4.1485291e-17  2.1656007e-16  5.4632831e-18  -5.7292885e-17  -4.0386150e-16  2.9428771e-16  -2.7527663e-16  7.1050617e-16  2.8589421e-16  -3.3649162e-16  1.0000000   -4.1485291e-17  
-3.0090337e-16  3.2332201e-17  7.8293458e-16  4.2591315e-16  -3.6564057e-16  -2.0266957e-17  -2.6426877e-16  -9.0810614e-16  -1.6780527e-16  -4.1485291e-17  1.0000000   -3.0090337e-16  3.2332201e-17  7.8293458e-16  4.2591315e-16  -3.6564057e-16  -2.0266957e-17  -2.6426877e-16  -9.0810614e-16  -1.6780527e-16  -4.1485291e-17  1.0000000   
