0.0000000   0.00068308729  0.00045278714  -0.00086355512  0.00011372469  0.00039556047  0.00030425701  0.00015658925  3.7999332e-06  0.00012484112  7.9975868e-05  -3.5361333e-05  3.8961965e-05  -3.8978865e-05  0.00020160302  -0.00018176568  -0.00027579765  -0.00043645696  6.2472657e-05  1.7024471e-05  0.00011864103  -3.8415299e-05  0.00011518766  6.1066746e-05  -1.4298258e-06  0.00014662852  -4.5322622e-06  0.00016679681  0.00024529497  -2.1764548e-05  9.0337874e-05  0.0000000   0.00068308729  0.00045278714  -0.00086355512  0.00011372469  0.00039556047  0.00030425701  0.00015658925  3.7999332e-06  0.00012484112  7.9975868e-05  -3.5361333e-05  3.8961965e-05  -3.8978865e-05  0.00020160302  -0.00018176568  -0.00027579765  -0.00043645696  6.2472657e-05  1.7024471e-05  0.00011864103  -3.8415299e-05  0.00011518766  6.1066746e-05  -1.4298258e-06  0.00014662852  -4.5322622e-06  0.00016679681  0.00024529497  -2.1764548e-05  9.0337874e-05  
-0.00068308729  0.0000000   0.0027939276  0.00015814303  -0.00086898975  0.00032650681  0.0017100733  0.00025675832  -5.7679466e-05  0.00052144856  -2.3942509e-05  -0.00050463532  0.00025839958  2.9339109e-05  -3.5914473e-05  6.7842933e-05  5.1533582e-05  6.7432975e-05  6.2248188e-05  -0.00010909422  0.00022463678  -0.00012083911  -3.2739196e-05  0.00015563845  -2.8578248e-05  -2.1384616e-05  -5.6365400e-06  -7.9837843e-05  -6.9929732e-05  -0.00012355328  0.00018121234  -0.00068308729  0.0000000   0.0027939276  0.00015814303  -0.00086898975  0.00032650681  0.0017100733  0.00025675832  -5.7679466e-05  0.00052144856  -2.3942509e-05  -0.00050463532  0.00025839958  2.9339109e-05  -3.5914473e-05  6.7842933e-05  5.1533582e-05  6.7432975e-05  6.2248188e-05  -0.00010909422  0.00022463678  -0.00012083911  -3.2739196e-05  0.00015563845  -2.8578248e-05  -2.1384616e-05  -5.6365400e-06  -7.9837843e-05  -6.9929732e-05  -0.00012355328  0.00018121234  
-0.00045278714  -0.0027939276  0.0000000   -6.7438495e-05  0.00030307310  -0.00014976942  -0.00062182506  -0.00022186550  3.6668254e-05  -0.00013438952  3.2581584e-05  0.00038360869  -0.00027301630  -1.4725630e-05  5.2424134e-05  -8.6107550e-05  -3.6788379e-05  -6.4427184e-05  -0.00013816828  8.0331549e-05  -0.00038589057  0.00018837966  1.2411696e-05  -0.00012612748  0.00010700745  7.4078327e-06  -8.8378225e-06  9.0879410e-05  2.3508928e-05  0.00010528261  -0.00024349802  -0.00045278714  -0.0027939276  0.0000000   -6.7438495e-05  0.00030307310  -0.00014976942  -0.00062182506  -0.00022186550  3.6668254e-05  -0.00013438952  3.2581584e-05  0.00038360869  -0.00027301630  -1.4725630e-05  5.2424134e-05  -8.6107550e-05  -3.6788379e-05  -6.4427184e-05  -0.00013816828  8.0331549e-05  -0.00038589057  0.00018837966  1.2411696e-05  -0.00012612748  0.00010700745  7.4078327e-06  -8.8378225e-06  9.0879410e-05  2.3508928e-05  0.00010528261  -0.00024349802  
0.00086355512  -0.00015814303  6.7438495e-05  0.0000000   0.00073493326  0.00092081436  -4.3006801e-05  0.00011950373  -0.00071391571  -7.8307320e-06  -0.00039176225  1.9091698e-05  -2.0126511e-05  -5.4697550e-05  -0.00017193167  -3.3796659e-05  -0.00016990650  0.00012405329  -2.3507436e-06  9.8934248e-06  1.2630530e-05  -1.3647895e-05  7.0889759e-05  1.7667670e-06  3.9765421e-07  -9.5372130e-06  0.00014560484  -0.00012316577  2.4068791e-05  2.9657529e-06  -3.6939588e-06  0.00086355512  -0.00015814303  6.7438495e-05  0.0000000   0.00073493326  0.00092081436  -4.3006801e-05  0.00011950373  -0.00071391571  -7.8307320e-06  -0.00039176225  1.9091698e-05  -2.0126511e-05  -5.4697550e-05  -0.00017193167  -3.3796659e-05  -0.00016990650  0.00012405329  -2.3507436e-06  9.8934248e-06  1.2630530e-05  -1.3647895e-05  7.0889759e-05  1.7667670e-06  3.9765421e-07  -9.5372130e-06  0.00014560484  -0.00012316577  2.4068791e-05  2.9657529e-06  -3.6939588e-06  
-0.00011372469  0.00086898975  -0.00030307310  -0.00073493326  0.0000000   -4.3098917e-05  0.00081992995  0.00047302178  -0.00039828632  -0.00044959540  0.00029228259  0.00011319662  -0.00048917082  2.2968374e-05  0.00018766814  -0.00013508982  -0.00010665583  -0.00016332067  -5.5819220e-05  1.2902400e-05  -5.9051393e-06  -3.0297227e-05  -3.3451343e-05  1.4743995e-05  4.8588310e-05  7.9519954e-05  -2.7459456e-05  4.0862069e-05  8.0207584e-05  -9.3141866e-05  0.00017393532  -0.00011372469  0.00086898975  -0.00030307310  -0.00073493326  0.0000000   -4.3098917e-05  0.00081992995  0.00047302178  -0.00039828632  -0.00044959540  0.00029228259  0.00011319662  -0.00048917082  2.2968374e-05  0.00018766814  -0.00013508982  -0.00010665583  -0.00016332067  -5.5819220e-05  1.2902400e-05  -5.9051393e-06  -3.0297227e-05  -3.3451343e-05  1.4743995e-05  4.8588310e-05  7.9519954e-05  -2.7459456e-05  4.0862069e-05  8.0207584e-05  -9.3141866e-05  0.00017393532  
-0.00039556047  -0.00032650681  0.00014976942  -0.00092081436  4.3098917e-05  0.0000000   -0.00090336279  -0.00037368905  -0.00047663481  0.00026070184  0.00036305720  6.8337517e-06  0.00035353693  3.6981268e-05  0.00026136108  -0.00023873664  -0.00020057219  -0.00022133380  7.5924440e-05  5.3808609e-05  2.4059070e-05  3.0822597e-05  -4.1868925e-05  -2.2249114e-05  -3.8685971e-05  0.00010205049  -5.0238718e-05  0.00013959298  0.00011938305  7.2198935e-05  -0.00011077993  -0.00039556047  -0.00032650681  0.00014976942  -0.00092081436  4.3098917e-05  0.0000000   -0.00090336279  -0.00037368905  -0.00047663481  0.00026070184  0.00036305720  6.8337517e-06  0.00035353693  3.6981268e-05  0.00026136108  -0.00023873664  -0.00020057219  -0.00022133380  7.5924440e-05  5.3808609e-05  2.4059070e-05  3.0822597e-05  -4.1868925e-05  -2.2249114e-05  -3.8685971e-05  0.00010205049  -5.0238718e-05  0.00013959298  0.00011938305  7.2198935e-05  -0.00011077993  
-0.00030425701  -0.0017100733  0.00062182506  4.3006801e-05  -0.00081992995  0.00090336279  0.0000000   -0.0039297723  0.00016316886  -0.00087910225  4.1758539e-05  0.00016644606  0.00080116871  -3.0171942e-05  4.8927405e-05  -0.00010381834  -0.00010760176  8.7818947e-06  0.00022521489  -0.00014520732  -0.00041030196  0.00017666950  -2.7132704e-05  0.00014139362  1.7229215e-05  -7.6220470e-06  -1.2256694e-05  8.5614744e-05  -9.9442385e-06  0.00012593619  -0.00012898187  -0.00030425701  -0.0017100733  0.00062182506  4.3006801e-05  -0.00081992995  0.00090336279  0.0000000   -0.0039297723  0.00016316886  -0.00087910225  4.1758539e-05  0.00016644606  0.00080116871  -3.0171942e-05  4.8927405e-05  -0.00010381834  -0.00010760176  8.7818947e-06  0.00022521489  -0.00014520732  -0.00041030196  0.00017666950  -2.7132704e-05  0.00014139362  1.7229215e-05  -7.6220470e-06  -1.2256694e-05  8.5614744e-05  -9.9442385e-06  0.00012593619  -0.00012898187  
-0.00015658925  -0.00025675832  0.00022186550  -0.00011950373  -0.00047302178  0.00037368905  0.0039297723  0.0000000   -0.00020539522  0.0010699673  8.1071641e-05  0.00033482272  0.00028669618  -1.7507901e-05  1.0427681e-05  -1.1823897e-05  -8.8680288e-05  -0.00018083403  -0.00034982057  9.7165290e-05  -4.5897802e-05  -0.00017327347  1.6093393e-05  6.9594851e-05  1.1388393e-05  3.1190142e-05  -2.1085214e-05  6.2996919e-05  2.4212107e-05  2.8659337e-05  -8.8147228e-05  -0.00015658925  -0.00025675832  0.00022186550  -0.00011950373  -0.00047302178  0.00037368905  0.0039297723  0.0000000   -0.00020539522  0.0010699673  8.1071641e-05  0.00033482272  0.00028669618  -1.7507901e-05  1.0427681e-05  -1.1823897e-05  -8.8680288e-05  -0.00018083403  -0.00034982057  9.7165290e-05  -4.5897802e-05  -0.00017327347  1.6093393e-05  6.9594851e-05  1.1388393e-05  3.1190142e-05  -2.1085214e-05  6.2996919e-05  2.4212107e-05  2.8659337e-05  -8.8147228e-05  
-3.7999332e-06  5.7679466e-05  -3.6668254e-05  0.00071391571  0.00039828632  0.00047663481  -0.00016316886  0.00020539522  0.0000000   -1.6030689e-05  0.0013921557  -1.8636953e-05  -4.7586749e-05  -0.00043446334  -0.00015059220  0.00025261458  -0.00056058071  0.00028630348  -2.9578951e-05  0.00010790686  5.7375466e-06  -8.2692370e-06  0.00024596124  2.1520433e-05  -2.7129527e-06  5.3896558e-05  -0.00027343447  4.2432937e-05  -7.1106233e-05  2.2773929e-05  1.0793264e-05  -3.7999332e-06  5.7679466e-05  -3.6668254e-05  0.00071391571  0.00039828632  0.00047663481  -0.00016316886  0.00020539522  0.0000000   -1.6030689e-05  0.0013921557  -1.8636953e-05  -4.7586749e-05  -0.00043446334  -0.00015059220  0.00025261458  -0.00056058071  0.00028630348  -2.9578951e-05  0.00010790686  5.7375466e-06  -8.2692370e-06  0.00024596124  2.1520433e-05  -2.7129527e-06  5.3896558e-05  -0.00027343447  4.2432937e-05  -7.1106233e-05  2.2773929e-05  1.0793264e-05  
-0.00012484112  -0.00052144856  0.00013438952  7.8307320e-06  0.00044959540  -0.00026070184  0.00087910225  -0.0010699673  1.6030689e-05  0.0000000   6.5561756e-05  8.1826636e-05  0.0014087051  -4.4646730e-06  8.1349367e-06  -5.3291553e-06  -3.5088023e-05  -6.4880478e-06  -0.00021795351  -2.7082056e-05  -5.6162591e-05  -9.2964269e-06  7.1612857e-06  9.9554285e-05  2.0773210e-05  -1.2202578e-06  -2.6745757e-05  -1.0497613e-05  -2.5941575e-05  -6.8530131e-05  -4.5010314e-05  -0.00012484112  -0.00052144856  0.00013438952  7.8307320e-06  0.00044959540  -0.00026070184  0.00087910225  -0.0010699673  1.6030689e-05  0.0000000   6.5561756e-05  8.1826636e-05  0.0014087051  -4.4646730e-06  8.1349367e-06  -5.3291553e-06  -3.5088023e-05  -6.4880478e-06  -0.00021795351  -2.7082056e-05  -5.6162591e-05  -9.2964269e-06  7.1612857e-06  9.9554285e-05  2.0773210e-05  -1.2202578e-06  -2.6745757e-05  -1.0497613e-05  -2.5941575e-05  -6.8530131e-05  -4.5010314e-05  
-7.9975868e-05  2.3942509e-05  -3.2581584e-05  0.00039176225  -0.00029228259  -0.00036305720  -4.1758539e-05  -8.1071641e-05  -0.0013921557  -6.5561756e-05  0.0000000   7.6715106e-05  2.6623529e-05  -0.00043164461  0.00014999358  0.00013723697  -0.00084915314  -0.00018055803  1.7550355e-05  6.0408683e-05  1.0782766e-05  -1.8321346e-05  -3.2698630e-05  4.9725125e-06  -4.0672949e-06  0.00018845745  -0.00010129662  3.2251859e-05  -1.6260677e-05  -8.1656114e-06  -2.6953460e-05  -7.9975868e-05  2.3942509e-05  -3.2581584e-05  0.00039176225  -0.00029228259  -0.00036305720  -4.1758539e-05  -8.1071641e-05  -0.0013921557  -6.5561756e-05  0.0000000   7.6715106e-05  2.6623529e-05  -0.00043164461  0.00014999358  0.00013723697  -0.00084915314  -0.00018055803  1.7550355e-05  6.0408683e-05  1.0782766e-05  -1.8321346e-05  -3.2698630e-05  4.9725125e-06  -4.0672949e-06  0.00018845745  -0.00010129662  3.2251859e-05  -1.6260677e-05  -8.1656114e-06  -2.6953460e-05  
3.5361333e-05  0.00050463532  -0.00038360869  -1.9091698e-05  -0.00011319662  -6.8337517e-06  -0.00016644606  -0.00033482272  1.8636953e-05  -8.1826636e-05  -7.6715106e-05  0.0000000   0.0017462510  6.9176297e-05  -1.8652939e-05  0.00018233735  0.00010422707  4.9751462e-05  0.00053639189  -0.00044584407  0.00082224366  -0.00042630979  -8.2950451e-06  0.00055249225  -5.8435532e-05  -1.9330669e-06  -1.0980983e-05  -4.4879518e-05  3.5666908e-05  -8.2888447e-05  0.00022185041  3.5361333e-05  0.00050463532  -0.00038360869  -1.9091698e-05  -0.00011319662  -6.8337517e-06  -0.00016644606  -0.00033482272  1.8636953e-05  -8.1826636e-05  -7.6715106e-05  0.0000000   0.0017462510  6.9176297e-05  -1.8652939e-05  0.00018233735  0.00010422707  4.9751462e-05  0.00053639189  -0.00044584407  0.00082224366  -0.00042630979  -8.2950451e-06  0.00055249225  -5.8435532e-05  -1.9330669e-06  -1.0980983e-05  -4.4879518e-05  3.5666908e-05  -8.2888447e-05  0.00022185041  
-3.8961965e-05  -0.00025839958  0.00027301630  2.0126511e-05  0.00048917082  -0.00035353693  -0.00080116871  -0.00028669618  4.7586749e-05  -0.0014087051  -2.6623529e-05  -0.0017462510  0.0000000   7.4181081e-06  3.9181648e-05  -6.1135073e-05  -0.00011147302  -4.9304592e-05  0.00019833832  0.00036112576  0.00015487386  0.00036208569  -6.2232750e-06  -8.4774095e-05  1.7998916e-05  1.6599366e-07  -9.2595714e-06  2.4132836e-06  -4.2520175e-05  -3.0466375e-05  -7.3370401e-05  -3.8961965e-05  -0.00025839958  0.00027301630  2.0126511e-05  0.00048917082  -0.00035353693  -0.00080116871  -0.00028669618  4.7586749e-05  -0.0014087051  -2.6623529e-05  -0.0017462510  0.0000000   7.4181081e-06  3.9181648e-05  -6.1135073e-05  -0.00011147302  -4.9304592e-05  0.00019833832  0.00036112576  0.00015487386  0.00036208569  -6.2232750e-06  -8.4774095e-05  1.7998916e-05  1.6599366e-07  -9.2595714e-06  2.4132836e-06  -4.2520175e-05  -3.0466375e-05  -7.3370401e-05  
3.8978865e-05  -2.9339109e-05  1.4725630e-05  5.4697550e-05  -2.2968374e-05  -3.6981268e-05  3.0171942e-05  1.7507901e-05  0.00043446334  4.4646730e-06  0.00043164461  -6.9176297e-05  -7.4181081e-06  0.0000000   -0.00048626448  0.00030485929  -4.9596598e-05  0.00037319443  -3.7349169e-05  -2.8839245e-05  2.5955720e-05  -5.1003103e-06  0.00019256467  6.2420724e-06  -3.3834887e-06  -0.00024235672  9.0046773e-05  -6.9511973e-05  -0.00015064912  1.1286684e-05  -2.8073334e-05  3.8978865e-05  -2.9339109e-05  1.4725630e-05  5.4697550e-05  -2.2968374e-05  -3.6981268e-05  3.0171942e-05  1.7507901e-05  0.00043446334  4.4646730e-06  0.00043164461  -6.9176297e-05  -7.4181081e-06  0.0000000   -0.00048626448  0.00030485929  -4.9596598e-05  0.00037319443  -3.7349169e-05  -2.8839245e-05  2.5955720e-05  -5.1003103e-06  0.00019256467  6.2420724e-06  -3.3834887e-06  -0.00024235672  9.0046773e-05  -6.9511973e-05  -0.00015064912  1.1286684e-05  -2.8073334e-05  
-0.00020160302  3.5914473e-05  -5.2424134e-05  0.00017193167  -0.00018766814  -0.00026136108  -4.8927405e-05  -1.0427681e-05  0.00015059220  -8.1349367e-06  -0.00014999358  1.8652939e-05  -3.9181648e-05  0.00048626448  0.0000000   0.0010537967  -0.0026611289  -8.0157813e-05  6.9693011e-05  -0.00013783993  2.9290566e-05  4.8770920e-05  0.00044778583  4.0665110e-05  -1.6327643e-05  -4.9542608e-05  -0.00017458502  0.00028483477  0.00017346588  -1.6912011e-05  9.9261998e-06  -0.00020160302  3.5914473e-05  -5.2424134e-05  0.00017193167  -0.00018766814  -0.00026136108  -4.8927405e-05  -1.0427681e-05  0.00015059220  -8.1349367e-06  -0.00014999358  1.8652939e-05  -3.9181648e-05  0.00048626448  0.0000000   0.0010537967  -0.0026611289  -8.0157813e-05  6.9693011e-05  -0.00013783993  2.9290566e-05  4.8770920e-05  0.00044778583  4.0665110e-05  -1.6327643e-05  -4.9542608e-05  -0.00017458502  0.00028483477  0.00017346588  -1.6912011e-05  9.9261998e-06  
0.00018176568  -6.7842933e-05  8.6107550e-05  3.3796659e-05  0.00013508982  0.00023873664  0.00010381834  1.1823897e-05  -0.00025261458  5.3291553e-06  -0.00013723697  -0.00018233735  6.1135073e-05  -0.00030485929  -0.0010537967  0.0000000   0.0027249386  0.0031822892  -0.00037180749  -0.00011333815  -0.00045124384  6.7525666e-05  -0.00015177084  -4.1740858e-05  7.9783369e-05  -0.00023494701  -0.00018992150  -0.00013973164  -2.7205534e-05  2.6110912e-05  -4.8463211e-05  0.00018176568  -6.7842933e-05  8.6107550e-05  3.3796659e-05  0.00013508982  0.00023873664  0.00010381834  1.1823897e-05  -0.00025261458  5.3291553e-06  -0.00013723697  -0.00018233735  6.1135073e-05  -0.00030485929  -0.0010537967  0.0000000   0.0027249386  0.0031822892  -0.00037180749  -0.00011333815  -0.00045124384  6.7525666e-05  -0.00015177084  -4.1740858e-05  7.9783369e-05  -0.00023494701  -0.00018992150  -0.00013973164  -2.7205534e-05  2.6110912e-05  -4.8463211e-05  
0.00027579765  -5.1533582e-05  3.6788379e-05  0.00016990650  0.00010665583  0.00020057219  0.00010760176  8.8680288e-05  0.00056058071  3.5088023e-05  0.00084915314  -0.00010422707  0.00011147302  4.9596598e-05  0.0026611289  -0.0027249386  0.0000000   0.0048610577  -0.00056616731  -0.00012763631  -0.00042374809  -9.9951689e-06  -0.00019696016  -4.5255666e-05  6.2725692e-05  -0.00029661494  0.00024820208  -0.00018476231  0.00017020313  -6.5961335e-06  -7.6160632e-05  0.00027579765  -5.1533582e-05  3.6788379e-05  0.00016990650  0.00010665583  0.00020057219  0.00010760176  8.8680288e-05  0.00056058071  3.5088023e-05  0.00084915314  -0.00010422707  0.00011147302  4.9596598e-05  0.0026611289  -0.0027249386  0.0000000   0.0048610577  -0.00056616731  -0.00012763631  -0.00042374809  -9.9951689e-06  -0.00019696016  -4.5255666e-05  6.2725692e-05  -0.00029661494  0.00024820208  -0.00018476231  0.00017020313  -6.5961335e-06  -7.6160632e-05  
0.00043645696  -6.7432975e-05  6.4427184e-05  -0.00012405329  0.00016332067  0.00022133380  -8.7818947e-06  0.00018083403  -0.00028630348  6.4880478e-06  0.00018055803  -4.9751462e-05  4.9304592e-05  -0.00037319443  8.0157813e-05  -0.0031822892  -0.0048610577  0.0000000   0.00018680200  -0.00087395186  -0.00038772042  9.7839200e-05  -0.00056359420  0.00020286888  -8.3908916e-05  -0.00036680765  -0.00011238619  -0.00018402294  -0.00031799370  -2.2161580e-05  -8.3282919e-05  0.00043645696  -6.7432975e-05  6.4427184e-05  -0.00012405329  0.00016332067  0.00022133380  -8.7818947e-06  0.00018083403  -0.00028630348  6.4880478e-06  0.00018055803  -4.9751462e-05  4.9304592e-05  -0.00037319443  8.0157813e-05  -0.0031822892  -0.0048610577  0.0000000   0.00018680200  -0.00087395186  -0.00038772042  9.7839200e-05  -0.00056359420  0.00020286888  -8.3908916e-05  -0.00036680765  -0.00011238619  -0.00018402294  -0.00031799370  -2.2161580e-05  -8.3282919e-05  
-6.2472657e-05  -6.2248188e-05  0.00013816828  2.3507436e-06  5.5819220e-05  -7.5924440e-05  -0.00022521489  0.00034982057  2.9578951e-05  0.00021795351  -1.7550355e-05  -0.00053639189  -0.00019833832  3.7349169e-05  -6.9693011e-05  0.00037180749  0.00056616731  -0.00018680200  0.0000000   -0.0011052302  -0.0020613871  0.00035168573  -5.7069158e-05  0.0010935337  0.00022349286  3.6702251e-05  7.5044185e-06  9.1692299e-05  7.7944439e-05  1.4686032e-05  -0.00030071998  -6.2472657e-05  -6.2248188e-05  0.00013816828  2.3507436e-06  5.5819220e-05  -7.5924440e-05  -0.00022521489  0.00034982057  2.9578951e-05  0.00021795351  -1.7550355e-05  -0.00053639189  -0.00019833832  3.7349169e-05  -6.9693011e-05  0.00037180749  0.00056616731  -0.00018680200  0.0000000   -0.0011052302  -0.0020613871  0.00035168573  -5.7069158e-05  0.0010935337  0.00022349286  3.6702251e-05  7.5044185e-06  9.1692299e-05  7.7944439e-05  1.4686032e-05  -0.00030071998  
-1.7024471e-05  0.00010909422  -8.0331549e-05  -9.8934248e-06  -1.2902400e-05  -5.3808609e-05  0.00014520732  -9.7165290e-05  -0.00010790686  2.7082056e-05  -6.0408683e-05  0.00044584407  -0.00036112576  2.8839245e-05  0.00013783993  0.00011333815  0.00012763631  0.00087395186  0.0011052302  0.0000000   0.0089181046  -0.0014645456  0.00024581662  -0.00022294852  -0.00026062720  -4.0869236e-05  -7.1587003e-05  3.7542406e-05  8.7888000e-05  -0.00025908508  7.2471593e-05  -1.7024471e-05  0.00010909422  -8.0331549e-05  -9.8934248e-06  -1.2902400e-05  -5.3808609e-05  0.00014520732  -9.7165290e-05  -0.00010790686  2.7082056e-05  -6.0408683e-05  0.00044584407  -0.00036112576  2.8839245e-05  0.00013783993  0.00011333815  0.00012763631  0.00087395186  0.0011052302  0.0000000   0.0089181046  -0.0014645456  0.00024581662  -0.00022294852  -0.00026062720  -4.0869236e-05  -7.1587003e-05  3.7542406e-05  8.7888000e-05  -0.00025908508  7.2471593e-05  
-0.00011864103  -0.00022463678  0.00038589057  -1.2630530e-05  5.9051393e-06  -2.4059070e-05  0.00041030196  4.5897802e-05  -5.7375466e-06  5.6162591e-05  -1.0782766e-05  -0.00082224366  -0.00015487386  -2.5955720e-05  -2.9290566e-05  0.00045124384  0.00042374809  0.00038772042  0.0020613871  -0.0089181046  0.0000000   0.0019905294  4.8577636e-05  0.00014533451  -0.00046559370  -9.9748590e-06  -3.4707607e-05  0.00020947645  1.7040247e-05  0.00017836138  -0.00039793173  -0.00011864103  -0.00022463678  0.00038589057  -1.2630530e-05  5.9051393e-06  -2.4059070e-05  0.00041030196  4.5897802e-05  -5.7375466e-06  5.6162591e-05  -1.0782766e-05  -0.00082224366  -0.00015487386  -2.5955720e-05  -2.9290566e-05  0.00045124384  0.00042374809  0.00038772042  0.0020613871  -0.0089181046  0.0000000   0.0019905294  4.8577636e-05  0.00014533451  -0.00046559370  -9.9748590e-06  -3.4707607e-05  0.00020947645  1.7040247e-05  0.00017836138  -0.00039793173  
3.8415299e-05  0.00012083911  -0.00018837966  1.3647895e-05  3.0297227e-05  -3.0822597e-05  -0.00017666950  0.00017327347  8.2692370e-06  9.2964269e-06  1.8321346e-05  0.00042630979  -0.00036208569  5.1003103e-06  -4.8770920e-05  -6.7525666e-05  9.9951689e-06  -9.7839200e-05  -0.00035168573  0.0014645456  -0.0019905294  0.0000000   -0.00028449889  0.0029764317  -0.00063579804  5.5819966e-05  -9.8988627e-06  -9.5730293e-05  -2.5066008e-05  -4.6063930e-05  0.00022842524  3.8415299e-05  0.00012083911  -0.00018837966  1.3647895e-05  3.0297227e-05  -3.0822597e-05  -0.00017666950  0.00017327347  8.2692370e-06  9.2964269e-06  1.8321346e-05  0.00042630979  -0.00036208569  5.1003103e-06  -4.8770920e-05  -6.7525666e-05  9.9951689e-06  -9.7839200e-05  -0.00035168573  0.0014645456  -0.0019905294  0.0000000   -0.00028449889  0.0029764317  -0.00063579804  5.5819966e-05  -9.8988627e-06  -9.5730293e-05  -2.5066008e-05  -4.6063930e-05  0.00022842524  
-0.00011518766  3.2739196e-05  -1.2411696e-05  -7.0889759e-05  3.3451343e-05  4.1868925e-05  2.7132704e-05  -1.6093393e-05  -0.00024596124  -7.1612857e-06  3.2698630e-05  8.2950451e-06  6.2232750e-06  -0.00019256467  -0.00044778583  0.00015177084  0.00019696016  0.00056359420  5.7069158e-05  -0.00024581662  -4.8577636e-05  0.00028449889  0.0000000   -5.7467538e-05  3.9999517e-05  0.00050617784  0.00027512688  0.00047902881  0.00029598978  4.4469321e-05  5.2904444e-05  -0.00011518766  3.2739196e-05  -1.2411696e-05  -7.0889759e-05  3.3451343e-05  4.1868925e-05  2.7132704e-05  -1.6093393e-05  -0.00024596124  -7.1612857e-06  3.2698630e-05  8.2950451e-06  6.2232750e-06  -0.00019256467  -0.00044778583  0.00015177084  0.00019696016  0.00056359420  5.7069158e-05  -0.00024581662  -4.8577636e-05  0.00028449889  0.0000000   -5.7467538e-05  3.9999517e-05  0.00050617784  0.00027512688  0.00047902881  0.00029598978  4.4469321e-05  5.2904444e-05  
-6.1066746e-05  -0.00015563845  0.00012612748  -1.7667670e-06  -1.4743995e-05  2.2249114e-05  -0.00014139362  -6.9594851e-05  -2.1520433e-05  -9.9554285e-05  -4.9725125e-06  -0.00055249225  8.4774095e-05  -6.2420724e-06  -4.0665110e-05  4.1740858e-05  4.5255666e-05  -0.00020286888  -0.0010935337  0.00022294852  -0.00014533451  -0.0029764317  5.7467538e-05  0.0000000   -0.00016144340  -4.1903825e-07  -2.6685570e-05  0.00014146936  -2.5433407e-05  -0.00025666468  -0.00031367566  -6.1066746e-05  -0.00015563845  0.00012612748  -1.7667670e-06  -1.4743995e-05  2.2249114e-05  -0.00014139362  -6.9594851e-05  -2.1520433e-05  -9.9554285e-05  -4.9725125e-06  -0.00055249225  8.4774095e-05  -6.2420724e-06  -4.0665110e-05  4.1740858e-05  4.5255666e-05  -0.00020286888  -0.0010935337  0.00022294852  -0.00014533451  -0.0029764317  5.7467538e-05  0.0000000   -0.00016144340  -4.1903825e-07  -2.6685570e-05  0.00014146936  -2.5433407e-05  -0.00025666468  -0.00031367566  
1.4298258e-06  2.8578248e-05  -0.00010700745  -3.9765421e-07  -4.8588310e-05  3.8685971e-05  -1.7229215e-05  -1.1388393e-05  2.7129527e-06  -2.0773210e-05  4.0672949e-06  5.8435532e-05  -1.7998916e-05  3.3834887e-06  1.6327643e-05  -7.9783369e-05  -6.2725692e-05  8.3908916e-05  -0.00022349286  0.00026062720  0.00046559370  0.00063579804  -3.9999517e-05  0.00016144340  0.0000000   -2.4631753e-05  2.3748846e-05  -9.2347971e-05  -3.8723376e-05  -0.00046583770  0.00043479898  1.4298258e-06  2.8578248e-05  -0.00010700745  -3.9765421e-07  -4.8588310e-05  3.8685971e-05  -1.7229215e-05  -1.1388393e-05  2.7129527e-06  -2.0773210e-05  4.0672949e-06  5.8435532e-05  -1.7998916e-05  3.3834887e-06  1.6327643e-05  -7.9783369e-05  -6.2725692e-05  8.3908916e-05  -0.00022349286  0.00026062720  0.00046559370  0.00063579804  -3.9999517e-05  0.00016144340  0.0000000   -2.4631753e-05  2.3748846e-05  -9.2347971e-05  -3.8723376e-05  -0.00046583770  0.00043479898  
-0.00014662852  2.1384616e-05  -7.4078327e-06  9.5372130e-06  -7.9519954e-05  -0.00010205049  7.6220470e-06  -3.1190142e-05  -5.3896558e-05  1.2202578e-06  -0.00018845745  1.9330669e-06  -1.6599366e-07  0.00024235672  4.9542608e-05  0.00023494701  0.00029661494  0.00036680765  -3.6702251e-05  4.0869236e-05  9.9748590e-06  -5.5819966e-05  -0.00050617784  4.1903825e-07  2.4631753e-05  0.0000000   0.0016803877  3.7850443e-05  -0.00067251615  8.2102077e-05  -0.00012235128  -0.00014662852  2.1384616e-05  -7.4078327e-06  9.5372130e-06  -7.9519954e-05  -0.00010205049  7.6220470e-06  -3.1190142e-05  -5.3896558e-05  1.2202578e-06  -0.00018845745  1.9330669e-06  -1.6599366e-07  0.00024235672  4.9542608e-05  0.00023494701  0.00029661494  0.00036680765  -3.6702251e-05  4.0869236e-05  9.9748590e-06  -5.5819966e-05  -0.00050617784  4.1903825e-07  2.4631753e-05  0.0000000   0.0016803877  3.7850443e-05  -0.00067251615  8.2102077e-05  -0.00012235128  
4.5322622e-06  5.6365400e-06  8.8378225e-06  -0.00014560484  2.7459456e-05  5.0238718e-05  1.2256694e-05  2.1085214e-05  0.00027343447  2.6745757e-05  0.00010129662  1.0980983e-05  9.2595714e-06  -9.0046773e-05  0.00017458502  0.00018992150  -0.00024820208  0.00011238619  -7.5044185e-06  7.1587003e-05  3.4707607e-05  9.8988627e-06  -0.00027512688  2.6685570e-05  -2.3748846e-05  -0.0016803877  0.0000000   -0.00036897642  0.00020008499  -2.0307665e-05  1.3123151e-05  4.5322622e-06  5.6365400e-06  8.8378225e-06  -0.00014560484  2.7459456e-05  5.0238718e-05  1.2256694e-05  2.1085214e-05  0.00027343447  2.6745757e-05  0.00010129662  1.0980983e-05  9.2595714e-06  -9.0046773e-05  0.00017458502  0.00018992150  -0.00024820208  0.00011238619  -7.5044185e-06  7.1587003e-05  3.4707607e-05  9.8988627e-06  -0.00027512688  2.6685570e-05  -2.3748846e-05  -0.0016803877  0.0000000   -0.00036897642  0.00020008499  -2.0307665e-05  1.3123151e-05  
-0.00016679681  7.9837843e-05  -9.0879410e-05  0.00012316577  -4.0862069e-05  -0.00013959298  -8.5614744e-05  -6.2996919e-05  -4.2432937e-05  1.0497613e-05  -3.2251859e-05  4.4879518e-05  -2.4132836e-06  6.9511973e-05  -0.00028483477  0.00013973164  0.00018476231  0.00018402294  -9.1692299e-05  -3.7542406e-05  -0.00020947645  9.5730293e-05  -0.00047902881  -0.00014146936  9.2347971e-05  -3.7850443e-05  0.00036897642  0.0000000   0.0087685870  -0.00035422660  0.0010431671  -0.00016679681  7.9837843e-05  -9.0879410e-05  0.00012316577  -4.0862069e-05  -0.00013959298  -8.5614744e-05  -6.2996919e-05  -4.2432937e-05  1.0497613e-05  -3.2251859e-05  4.4879518e-05  -2.4132836e-06  6.9511973e-05  -0.00028483477  0.00013973164  0.00018476231  0.00018402294  -9.1692299e-05  -3.7542406e-05  -0.00020947645  9.5730293e-05  -0.00047902881  -0.00014146936  9.2347971e-05  -3.7850443e-05  0.00036897642  0.0000000   0.0087685870  -0.00035422660  0.0010431671  
-0.00024529497  6.9929732e-05  -2.3508928e-05  -2.4068791e-05  -8.0207584e-05  -0.00011938305  9.9442385e-06  -2.4212107e-05  7.1106233e-05  2.5941575e-05  1.6260677e-05  -3.5666908e-05  4.2520175e-05  0.00015064912  -0.00017346588  2.7205534e-05  -0.00017020313  0.00031799370  -7.7944439e-05  -8.7888000e-05  -1.7040247e-05  2.5066008e-05  -0.00029598978  2.5433407e-05  3.8723376e-05  0.00067251615  -0.00020008499  -0.0087685870  0.0000000   0.0010807635  2.0199884e-05  -0.00024529497  6.9929732e-05  -2.3508928e-05  -2.4068791e-05  -8.0207584e-05  -0.00011938305  9.9442385e-06  -2.4212107e-05  7.1106233e-05  2.5941575e-05  1.6260677e-05  -3.5666908e-05  4.2520175e-05  0.00015064912  -0.00017346588  2.7205534e-05  -0.00017020313  0.00031799370  -7.7944439e-05  -8.7888000e-05  -1.7040247e-05  2.5066008e-05  -0.00029598978  2.5433407e-05  3.8723376e-05  0.00067251615  -0.00020008499  -0.0087685870  0.0000000   0.0010807635  2.0199884e-05  
2.1764548e-05  0.00012355328  -0.00010528261  -2.9657529e-06  9.3141866e-05  -7.2198935e-05  -0.00012593619  -2.8659337e-05  -2.2773929e-05  6.8530131e-05  8.1656114e-06  8.2888447e-05  3.0466375e-05  -1.1286684e-05  1.6912011e-05  -2.6110912e-05  6.5961335e-06  2.2161580e-05  -1.4686032e-05  0.00025908508  -0.00017836138  4.6063930e-05  -4.4469321e-05  0.00025666468  0.00046583770  -8.2102077e-05  2.0307665e-05  0.00035422660  -0.0010807635  0.0000000   0.0073014366  2.1764548e-05  0.00012355328  -0.00010528261  -2.9657529e-06  9.3141866e-05  -7.2198935e-05  -0.00012593619  -2.8659337e-05  -2.2773929e-05  6.8530131e-05  8.1656114e-06  8.2888447e-05  3.0466375e-05  -1.1286684e-05  1.6912011e-05  -2.6110912e-05  6.5961335e-06  2.2161580e-05  -1.4686032e-05  0.00025908508  -0.00017836138  4.6063930e-05  -4.4469321e-05  0.00025666468  0.00046583770  -8.2102077e-05  2.0307665e-05  0.00035422660  -0.0010807635  0.0000000   0.0073014366  
-9.0337874e-05  -0.00018121234  0.00024349802  3.6939588e-06  -0.00017393532  0.00011077993  0.00012898187  8.8147228e-05  -1.0793264e-05  4.5010314e-05  2.6953460e-05  -0.00022185041  7.3370401e-05  2.8073334e-05  -9.9261998e-06  4.8463211e-05  7.6160632e-05  8.3282919e-05  0.00030071998  -7.2471593e-05  0.00039793173  -0.00022842524  -5.2904444e-05  0.00031367566  -0.00043479898  0.00012235128  -1.3123151e-05  -0.0010431671  -2.0199884e-05  -0.0073014366  0.0000000   -9.0337874e-05  -0.00018121234  0.00024349802  3.6939588e-06  -0.00017393532  0.00011077993  0.00012898187  8.8147228e-05  -1.0793264e-05  4.5010314e-05  2.6953460e-05  -0.00022185041  7.3370401e-05  2.8073334e-05  -9.9261998e-06  4.8463211e-05  7.6160632e-05  8.3282919e-05  0.00030071998  -7.2471593e-05  0.00039793173  -0.00022842524  -5.2904444e-05  0.00031367566  -0.00043479898  0.00012235128  -1.3123151e-05  -0.0010431671  -2.0199884e-05  -0.0073014366  0.0000000   
0.0000000   0.00068308729  0.00045278714  -0.00086355512  0.00011372469  0.00039556047  0.00030425701  0.00015658925  3.7999332e-06  0.00012484112  7.9975868e-05  -3.5361333e-05  3.8961965e-05  -3.8978865e-05  0.00020160302  -0.00018176568  -0.00027579765  -0.00043645696  6.2472657e-05  1.7024471e-05  0.00011864103  -3.8415299e-05  0.00011518766  6.1066746e-05  -1.4298258e-06  0.00014662852  -4.5322622e-06  0.00016679681  0.00024529497  -2.1764548e-05  9.0337874e-05  0.0000000   0.00068308729  0.00045278714  -0.00086355512  0.00011372469  0.00039556047  0.00030425701  0.00015658925  3.7999332e-06  0.00012484112  7.9975868e-05  -3.5361333e-05  3.8961965e-05  -3.8978865e-05  0.00020160302  -0.00018176568  -0.00027579765  -0.00043645696  6.2472657e-05  1.7024471e-05  0.00011864103  -3.8415299e-05  0.00011518766  6.1066746e-05  -1.4298258e-06  0.00014662852  -4.5322622e-06  0.00016679681  0.00024529497  -2.1764548e-05  9.0337874e-05  
-0.00068308729  0.0000000   0.0027939276  0.00015814303  -0.00086898975  0.00032650681  0.0017100733  0.00025675832  -5.7679466e-05  0.00052144856  -2.3942509e-05  -0.00050463532  0.00025839958  2.9339109e-05  -3.5914473e-05  6.7842933e-05  5.1533582e-05  6.7432975e-05  6.2248188e-05  -0.00010909422  0.00022463678  -0.00012083911  -3.2739196e-05  0.00015563845  -2.8578248e-05  -2.1384616e-05  -5.6365400e-06  -7.9837843e-05  -6.9929732e-05  -0.00012355328  0.00018121234  -0.00068308729  0.0000000   0.0027939276  0.00015814303  -0.00086898975  0.00032650681  0.0017100733  0.00025675832  -5.7679466e-05  0.00052144856  -2.3942509e-05  -0.00050463532  0.00025839958  2.9339109e-05  -3.5914473e-05  6.7842933e-05  5.1533582e-05  6.7432975e-05  6.2248188e-05  -0.00010909422  0.00022463678  -0.00012083911  -3.2739196e-05  0.00015563845  -2.8578248e-05  -2.1384616e-05  -5.6365400e-06  -7.9837843e-05  -6.9929732e-05  -0.00012355328  0.00018121234  
-0.00045278714  -0.0027939276  0.0000000   -6.7438495e-05  0.00030307310  -0.00014976942  -0.00062182506  -0.00022186550  3.6668254e-05  -0.00013438952  3.2581584e-05  0.00038360869  -0.00027301630  -1.4725630e-05  5.2424134e-05  -8.6107550e-05  -3.6788379e-05  -6.4427184e-05  -0.00013816828  8.0331549e-05  -0.00038589057  0.00018837966  1.2411696e-05  -0.00012612748  0.00010700745  7.4078327e-06  -8.8378225e-06  9.0879410e-05  2.3508928e-05  0.00010528261  -0.00024349802  -0.00045278714  -0.0027939276  0.0000000   -6.7438495e-05  0.00030307310  -0.00014976942  -0.00062182506  -0.00022186550  3.6668254e-05  -0.00013438952  3.2581584e-05  0.00038360869  -0.00027301630  -1.4725630e-05  5.2424134e-05  -8.6107550e-05  -3.6788379e-05  -6.4427184e-05  -0.00013816828  8.0331549e-05  -0.00038589057  0.00018837966  1.2411696e-05  -0.00012612748  0.00010700745  7.4078327e-06  -8.8378225e-06  9.0879410e-05  2.3508928e-05  0.00010528261  -0.00024349802  
0.00086355512  -0.00015814303  6.7438495e-05  0.0000000   0.00073493326  0.00092081436  -4.3006801e-05  0.00011950373  -0.00071391571  -7.8307320e-06  -0.00039176225  1.9091698e-05  -2.0126511e-05  -5.4697550e-05  -0.00017193167  -3.3796659e-05  -0.00016990650  0.00012405329  -2.3507436e-06  9.8934248e-06  1.2630530e-05  -1.3647895e-05  7.0889759e-05  1.7667670e-06  3.9765421e-07  -9.5372130e-06  0.00014560484  -0.00012316577  2.4068791e-05  2.9657529e-06  -3.6939588e-06  0.00086355512  -0.00015814303  6.7438495e-05  0.0000000   0.00073493326  0.00092081436  -4.3006801e-05  0.00011950373  -0.00071391571  -7.8307320e-06  -0.00039176225  1.9091698e-05  -2.0126511e-05  -5.4697550e-05  -0.00017193167  -3.3796659e-05  -0.00016990650  0.00012405329  -2.3507436e-06  9.8934248e-06  1.2630530e-05  -1.3647895e-05  7.0889759e-05  1.7667670e-06  3.9765421e-07  -9.5372130e-06  0.00014560484  -0.00012316577  2.4068791e-05  2.9657529e-06  -3.6939588e-06  
-0.00011372469  0.00086898975  -0.00030307310  -0.00073493326  0.0000000   -4.3098917e-05  0.00081992995  0.00047302178  -0.00039828632  -0.00044959540  0.00029228259  0.00011319662  -0.00048917082  2.2968374e-05  0.00018766814  -0.00013508982  -0.00010665583  -0.00016332067  -5.5819220e-05  1.2902400e-05  -5.9051393e-06  -3.0297227e-05  -3.3451343e-05  1.4743995e-05  4.8588310e-05  7.9519954e-05  -2.7459456e-05  4.0862069e-05  8.0207584e-05  -9.3141866e-05  0.00017393532  -0.00011372469  0.00086898975  -0.00030307310  -0.00073493326  0.0000000   -4.3098917e-05  0.00081992995  0.00047302178  -0.00039828632  -0.00044959540  0.00029228259  0.00011319662  -0.00048917082  2.2968374e-05  0.00018766814  -0.00013508982  -0.00010665583  -0.00016332067  -5.5819220e-05  1.2902400e-05  -5.9051393e-06  -3.0297227e-05  -3.3451343e-05  1.4743995e-05  4.8588310e-05  7.9519954e-05  -2.7459456e-05  4.0862069e-05  8.0207584e-05  -9.3141866e-05  0.00017393532  
-0.00039556047  -0.00032650681  0.00014976942  -0.00092081436  4.3098917e-05  0.0000000   -0.00090336279  -0.00037368905  -0.00047663481  0.00026070184  0.00036305720  6.8337517e-06  0.00035353693  3.6981268e-05  0.00026136108  -0.00023873664  -0.00020057219  -0.00022133380  7.5924440e-05  5.3808609e-05  2.4059070e-05  3.0822597e-05  -4.1868925e-05  -2.2249114e-05  -3.8685971e-05  0.00010205049  -5.0238718e-05  0.00013959298  0.00011938305  7.2198935e-05  -0.00011077993  -0.00039556047  -0.00032650681  0.00014976942  -0.00092081436  4.3098917e-05  0.0000000   -0.00090336279  -0.00037368905  -0.00047663481  0.00026070184  0.00036305720  6.8337517e-06  0.00035353693  3.6981268e-05  0.00026136108  -0.00023873664  -0.00020057219  -0.00022133380  7.5924440e-05  5.3808609e-05  2.4059070e-05  3.0822597e-05  -4.1868925e-05  -2.2249114e-05  -3.8685971e-05  0.00010205049  -5.0238718e-05  0.00013959298  0.00011938305  7.2198935e-05  -0.00011077993  
-0.00030425701  -0.0017100733  0.00062182506  4.3006801e-05  -0.00081992995  0.00090336279  0.0000000   -0.0039297723  0.00016316886  -0.00087910225  4.1758539e-05  0.00016644606  0.00080116871  -3.0171942e-05  4.8927405e-05  -0.00010381834  -0.00010760176  8.7818947e-06  0.00022521489  -0.00014520732  -0.00041030196  0.00017666950  -2.7132704e-05  0.00014139362  1.7229215e-05  -7.6220470e-06  -1.2256694e-05  8.5614744e-05  -9.9442385e-06  0.00012593619  -0.00012898187  -0.00030425701  -0.0017100733  0.00062182506  4.3006801e-05  -0.00081992995  0.00090336279  0.0000000   -0.0039297723  0.00016316886  -0.00087910225  4.1758539e-05  0.00016644606  0.00080116871  -3.0171942e-05  4.8927405e-05  -0.00010381834  -0.00010760176  8.7818947e-06  0.00022521489  -0.00014520732  -0.00041030196  0.00017666950  -2.7132704e-05  0.00014139362  1.7229215e-05  -7.6220470e-06  -1.2256694e-05  8.5614744e-05  -9.9442385e-06  0.00012593619  -0.00012898187  
-0.00015658925  -0.00025675832  0.00022186550  -0.00011950373  -0.00047302178  0.00037368905  0.0039297723  0.0000000   -0.00020539522  0.0010699673  8.1071641e-05  0.00033482272  0.00028669618  -1.7507901e-05  1.0427681e-05  -1.1823897e-05  -8.8680288e-05  -0.00018083403  -0.00034982057  9.7165290e-05  -4.5897802e-05  -0.00017327347  1.6093393e-05  6.9594851e-05  1.1388393e-05  3.1190142e-05  -2.1085214e-05  6.2996919e-05  2.4212107e-05  2.8659337e-05  -8.8147228e-05  -0.00015658925  -0.00025675832  0.00022186550  -0.00011950373  -0.00047302178  0.00037368905  0.0039297723  0.0000000   -0.00020539522  0.0010699673  8.1071641e-05  0.00033482272  0.00028669618  -1.7507901e-05  1.0427681e-05  -1.1823897e-05  -8.8680288e-05  -0.00018083403  -0.00034982057  9.7165290e-05  -4.5897802e-05  -0.00017327347  1.6093393e-05  6.9594851e-05  1.1388393e-05  3.1190142e-05  -2.1085214e-05  6.2996919e-05  2.4212107e-05  2.8659337e-05  -8.8147228e-05  
-3.7999332e-06  5.7679466e-05  -3.6668254e-05  0.00071391571  0.00039828632  0.00047663481  -0.00016316886  0.00020539522  0.0000000   -1.6030689e-05  0.0013921557  -1.8636953e-05  -4.7586749e-05  -0.00043446334  -0.00015059220  0.00025261458  -0.00056058071  0.00028630348  -2.9578951e-05  0.00010790686  5.7375466e-06  -8.2692370e-06  0.00024596124  2.1520433e-05  -2.7129527e-06  5.3896558e-05  -0.00027343447  4.2432937e-05  -7.1106233e-05  2.2773929e-05  1.0793264e-05  -3.7999332e-06  5.7679466e-05  -3.6668254e-05  0.00071391571  0.00039828632  0.00047663481  -0.00016316886  0.00020539522  0.0000000   -1.6030689e-05  0.0013921557  -1.8636953e-05  -4.7586749e-05  -0.00043446334  -0.00015059220  0.00025261458  -0.00056058071  0.00028630348  -2.9578951e-05  0.00010790686  5.7375466e-06  -8.2692370e-06  0.00024596124  2.1520433e-05  -2.7129527e-06  5.3896558e-05  -0.00027343447  4.2432937e-05  -7.1106233e-05  2.2773929e-05  1.0793264e-05  
-0.00012484112  -0.00052144856  0.00013438952  7.8307320e-06  0.00044959540  -0.00026070184  0.00087910225  -0.0010699673  1.6030689e-05  0.0000000   6.5561756e-05  8.1826636e-05  0.0014087051  -4.4646730e-06  8.1349367e-06  -5.3291553e-06  -3.5088023e-05  -6.4880478e-06  -0.00021795351  -2.7082056e-05  -5.6162591e-05  -9.2964269e-06  7.1612857e-06  9.9554285e-05  2.0773210e-05  -1.2202578e-06  -2.6745757e-05  -1.0497613e-05  -2.5941575e-05  -6.8530131e-05  -4.5010314e-05  -0.00012484112  -0.00052144856  0.00013438952  7.8307320e-06  0.00044959540  -0.00026070184  0.00087910225  -0.0010699673  1.6030689e-05  0.0000000   6.5561756e-05  8.1826636e-05  0.0014087051  -4.4646730e-06  8.1349367e-06  -5.3291553e-06  -3.5088023e-05  -6.4880478e-06  -0.00021795351  -2.7082056e-05  -5.6162591e-05  -9.2964269e-06  7.1612857e-06  9.9554285e-05  2.0773210e-05  -1.2202578e-06  -2.6745757e-05  -1.0497613e-05  -2.5941575e-05  -6.8530131e-05  -4.5010314e-05  
-7.9975868e-05  2.3942509e-05  -3.2581584e-05  0.00039176225  -0.00029228259  -0.00036305720  -4.1758539e-05  -8.1071641e-05  -0.0013921557  -6.5561756e-05  0.0000000   7.6715106e-05  2.6623529e-05  -0.00043164461  0.00014999358  0.00013723697  -0.00084915314  -0.00018055803  1.7550355e-05  6.0408683e-05  1.0782766e-05  -1.8321346e-05  -3.2698630e-05  4.9725125e-06  -4.0672949e-06  0.00018845745  -0.00010129662  3.2251859e-05  -1.6260677e-05  -8.1656114e-06  -2.6953460e-05  -7.9975868e-05  2.3942509e-05  -3.2581584e-05  0.00039176225  -0.00029228259  -0.00036305720  -4.1758539e-05  -8.1071641e-05  -0.0013921557  -6.5561756e-05  0.0000000   7.6715106e-05  2.6623529e-05  -0.00043164461  0.00014999358  0.00013723697  -0.00084915314  -0.00018055803  1.7550355e-05  6.0408683e-05  1.0782766e-05  -1.8321346e-05  -3.2698630e-05  4.9725125e-06  -4.0672949e-06  0.00018845745  -0.00010129662  3.2251859e-05  -1.6260677e-05  -8.1656114e-06  -2.6953460e-05  
