0.0000000   -0.0019737187  -0.00011513237  -4.4269080e-06  -3.6876086e-05  3.2322258e-05  2.5859609e-05  -5.0022747e-05  4.0832733e-05  -7.5992216e-06  0.00025702231  6.0973870e-05  1.4841510e-05  -6.7157855e-06  1.9980338e-05  1.4812452e-05  1.1081034e-05  7.1642078e-05  -0.00010175247  -0.00013554981  -5.9977009e-05  -1.5686048e-05  4.8706161e-06  4.0231103e-05  -6.4694527e-05  -5.6924052e-06  -1.0936330e-05  -2.1535733e-06  5.1789752e-06  0.00011279381  -2.7870502e-06  0.0000000   -0.0019737187  -0.00011513237  -4.4269080e-06  -3.6876086e-05  3.2322258e-05  2.5859609e-05  -5.0022747e-05  4.0832733e-05  -7.5992216e-06  0.00025702231  6.0973870e-05  1.4841510e-05  -6.7157855e-06  1.9980338e-05  1.4812452e-05  1.1081034e-05  7.1642078e-05  -0.00010175247  -0.00013554981  -5.9977009e-05  -1.5686048e-05  4.8706161e-06  4.0231103e-05  -6.4694527e-05  -5.6924052e-06  -1.0936330e-05  -2.1535733e-06  5.1789752e-06  0.00011279381  -2.7870502e-06  
0.0019737187  0.0000000   -0.00016559188  0.00027904389  0.00073234897  -7.3272147e-05  6.2339416e-05  4.7229491e-05  -5.5309960e-06  4.0102150e-06  -0.00020213115  -0.00012520424  0.00035198456  -5.7193327e-06  2.2666341e-06  3.7419450e-06  -9.5179286e-06  -8.5993773e-05  -5.8904219e-06  -4.7994131e-05  5.7868812e-05  9.4443795e-07  1.5450659e-05  -9.7915140e-05  0.00010186283  2.6451449e-06  2.7424760e-06  9.2673815e-08  -2.7435925e-06  -6.0692136e-05  2.4383073e-05  0.0019737187  0.0000000   -0.00016559188  0.00027904389  0.00073234897  -7.3272147e-05  6.2339416e-05  4.7229491e-05  -5.5309960e-06  4.0102150e-06  -0.00020213115  -0.00012520424  0.00035198456  -5.7193327e-06  2.2666341e-06  3.7419450e-06  -9.5179286e-06  -8.5993773e-05  -5.8904219e-06  -4.7994131e-05  5.7868812e-05  9.4443795e-07  1.5450659e-05  -9.7915140e-05  0.00010186283  2.6451449e-06  2.7424760e-06  9.2673815e-08  -2.7435925e-06  -6.0692136e-05  2.4383073e-05  
0.00011513237  0.00016559188  0.0000000   0.00076640753  -0.0017566177  0.00010485183  0.00011132677  -8.6011162e-05  0.00012371706  8.1403767e-06  0.00022787948  -0.00049261853  0.00028377767  2.9955670e-06  -7.7649564e-06  1.1372688e-05  1.3866841e-05  5.9086940e-05  3.6636463e-05  -0.00011333649  2.5850578e-05  -1.0786157e-05  1.1491332e-05  -6.2066616e-05  -2.4197572e-05  -4.0765082e-06  -1.5551003e-05  7.2203231e-06  -6.3153676e-06  -9.7359226e-05  0.00010930596  0.00011513237  0.00016559188  0.0000000   0.00076640753  -0.0017566177  0.00010485183  0.00011132677  -8.6011162e-05  0.00012371706  8.1403767e-06  0.00022787948  -0.00049261853  0.00028377767  2.9955670e-06  -7.7649564e-06  1.1372688e-05  1.3866841e-05  5.9086940e-05  3.6636463e-05  -0.00011333649  2.5850578e-05  -1.0786157e-05  1.1491332e-05  -6.2066616e-05  -2.4197572e-05  -4.0765082e-06  -1.5551003e-05  7.2203231e-06  -6.3153676e-06  -9.7359226e-05  0.00010930596  
4.4269080e-06  -0.00027904389  -0.00076640753  0.0000000   0.0032637657  -2.2661027e-05  7.0513853e-05  0.00010635390  -0.00017547410  1.2157650e-05  0.00012451729  -2.8851571e-05  -2.6486099e-05  -3.8788578e-06  3.6477712e-06  -7.1174382e-06  -8.4134227e-06  -0.00026337946  -2.4068987e-05  2.1113280e-05  -2.8575401e-06  4.7264534e-06  -4.6282572e-06  0.00010529765  -3.0135761e-05  1.5892511e-06  1.2538343e-05  -1.2507676e-06  5.1367711e-06  6.0938535e-05  -6.3409583e-05  4.4269080e-06  -0.00027904389  -0.00076640753  0.0000000   0.0032637657  -2.2661027e-05  7.0513853e-05  0.00010635390  -0.00017547410  1.2157650e-05  0.00012451729  -2.8851571e-05  -2.6486099e-05  -3.8788578e-06  3.6477712e-06  -7.1174382e-06  -8.4134227e-06  -0.00026337946  -2.4068987e-05  2.1113280e-05  -2.8575401e-06  4.7264534e-06  -4.6282572e-06  0.00010529765  -3.0135761e-05  1.5892511e-06  1.2538343e-05  -1.2507676e-06  5.1367711e-06  6.0938535e-05  -6.3409583e-05  
3.6876086e-05  -0.00073234897  0.0017566177  -0.0032637657  0.0000000   3.9538858e-05  7.8949647e-05  0.00011425280  0.00020137855  -2.9807605e-05  -0.00054995651  -7.2910511e-05  -3.8357741e-05  3.4513469e-05  1.3805009e-05  -9.5777864e-06  -1.6812520e-05  6.6303403e-05  -0.00010975919  -0.00020484746  6.3558736e-05  -1.5354796e-05  7.2121435e-06  -4.5597404e-05  -4.0163777e-05  -8.1209634e-06  -7.5859199e-06  -2.9103769e-06  -8.0972290e-06  -3.4633051e-05  0.00011920953  3.6876086e-05  -0.00073234897  0.0017566177  -0.0032637657  0.0000000   3.9538858e-05  7.8949647e-05  0.00011425280  0.00020137855  -2.9807605e-05  -0.00054995651  -7.2910511e-05  -3.8357741e-05  3.4513469e-05  1.3805009e-05  -9.5777864e-06  -1.6812520e-05  6.6303403e-05  -0.00010975919  -0.00020484746  6.3558736e-05  -1.5354796e-05  7.2121435e-06  -4.5597404e-05  -4.0163777e-05  -8.1209634e-06  -7.5859199e-06  -2.9103769e-06  -8.0972290e-06  -3.4633051e-05  0.00011920953  
-3.2322258e-05  7.3272147e-05  -0.00010485183  2.2661027e-05  -3.9538858e-05  0.0000000   0.0053823695  -0.0017755444  0.00018099494  0.00037726733  4.4311328e-05  5.6662719e-05  7.5300702e-05  0.00017061717  -0.00020409738  -0.00018462106  0.00022968770  -2.9536734e-05  8.5848681e-06  -1.8998901e-05  1.4522771e-05  -4.7432357e-05  0.00026335512  2.3598480e-05  -3.2762462e-05  5.0081522e-05  -0.00018503032  -2.5304318e-05  -9.9751940e-05  6.4346490e-06  -1.2524830e-05  -3.2322258e-05  7.3272147e-05  -0.00010485183  2.2661027e-05  -3.9538858e-05  0.0000000   0.0053823695  -0.0017755444  0.00018099494  0.00037726733  4.4311328e-05  5.6662719e-05  7.5300702e-05  0.00017061717  -0.00020409738  -0.00018462106  0.00022968770  -2.9536734e-05  8.5848681e-06  -1.8998901e-05  1.4522771e-05  -4.7432357e-05  0.00026335512  2.3598480e-05  -3.2762462e-05  5.0081522e-05  -0.00018503032  -2.5304318e-05  -9.9751940e-05  6.4346490e-06  -1.2524830e-05  
-2.5859609e-05  -6.2339416e-05  -0.00011132677  -7.0513853e-05  -7.8949647e-05  -0.0053823695  0.0000000   0.00026897682  -0.0033186218  0.00077679040  -3.1426375e-05  -5.2683533e-06  4.2908331e-06  -0.00021087591  -5.7357086e-05  0.00021716571  -0.00010909578  -4.6167615e-06  1.2022814e-05  -9.0471605e-06  -1.7661897e-05  0.00023486320  -5.5194595e-06  2.7695459e-05  9.8606128e-06  0.00017885942  0.00011574748  -2.6549029e-05  1.6917354e-06  6.8807117e-06  7.7575048e-06  -2.5859609e-05  -6.2339416e-05  -0.00011132677  -7.0513853e-05  -7.8949647e-05  -0.0053823695  0.0000000   0.00026897682  -0.0033186218  0.00077679040  -3.1426375e-05  -5.2683533e-06  4.2908331e-06  -0.00021087591  -5.7357086e-05  0.00021716571  -0.00010909578  -4.6167615e-06  1.2022814e-05  -9.0471605e-06  -1.7661897e-05  0.00023486320  -5.5194595e-06  2.7695459e-05  9.8606128e-06  0.00017885942  0.00011574748  -2.6549029e-05  1.6917354e-06  6.8807117e-06  7.7575048e-06  
5.0022747e-05  -4.7229491e-05  8.6011162e-05  -0.00010635390  -0.00011425280  0.0017755444  -0.00026897682  0.0000000   -0.0056449190  0.00086157653  2.6879831e-05  -2.8096483e-05  -2.0758277e-05  -1.9324788e-05  0.00016980706  0.00019449115  -0.00021292429  -2.3251973e-05  -2.5055412e-05  -1.6724406e-05  2.4241361e-06  0.00027204255  -0.00012752106  -3.7101789e-05  2.0979898e-05  4.0376655e-05  0.00014930669  -1.5366314e-05  6.9217966e-05  -6.6986647e-06  -7.3293732e-07  5.0022747e-05  -4.7229491e-05  8.6011162e-05  -0.00010635390  -0.00011425280  0.0017755444  -0.00026897682  0.0000000   -0.0056449190  0.00086157653  2.6879831e-05  -2.8096483e-05  -2.0758277e-05  -1.9324788e-05  0.00016980706  0.00019449115  -0.00021292429  -2.3251973e-05  -2.5055412e-05  -1.6724406e-05  2.4241361e-06  0.00027204255  -0.00012752106  -3.7101789e-05  2.0979898e-05  4.0376655e-05  0.00014930669  -1.5366314e-05  6.9217966e-05  -6.6986647e-06  -7.3293732e-07  
-4.0832733e-05  5.5309960e-06  -0.00012371706  0.00017547410  -0.00020137855  -0.00018099494  0.0033186218  0.0056449190  0.0000000   0.00054969914  -3.2855678e-06  4.6923098e-05  4.7358290e-05  -0.00044056518  -4.4281457e-05  2.5550854e-05  8.3738688e-05  -7.2669337e-06  2.2405595e-05  -1.4158381e-05  2.2051908e-05  -7.9821540e-05  -0.00010376133  2.6012132e-05  -8.6911401e-06  0.00010976823  8.9950654e-05  3.9754835e-05  6.2520391e-05  -5.0960238e-06  -1.6567415e-05  -4.0832733e-05  5.5309960e-06  -0.00012371706  0.00017547410  -0.00020137855  -0.00018099494  0.0033186218  0.0056449190  0.0000000   0.00054969914  -3.2855678e-06  4.6923098e-05  4.7358290e-05  -0.00044056518  -4.4281457e-05  2.5550854e-05  8.3738688e-05  -7.2669337e-06  2.2405595e-05  -1.4158381e-05  2.2051908e-05  -7.9821540e-05  -0.00010376133  2.6012132e-05  -8.6911401e-06  0.00010976823  8.9950654e-05  3.9754835e-05  6.2520391e-05  -5.0960238e-06  -1.6567415e-05  
7.5992216e-06  -4.0102150e-06  -8.1403767e-06  -1.2157650e-05  2.9807605e-05  -0.00037726733  -0.00077679040  -0.00086157653  -0.00054969914  0.0000000   -4.5407985e-05  1.0044470e-05  3.1676455e-05  -8.3837212e-05  0.00025155258  -8.6971806e-05  7.6905010e-05  3.7091576e-06  -1.0216883e-05  1.4229162e-05  4.8629825e-05  -0.00031868434  0.00018166908  8.5907039e-06  -1.1897233e-05  -2.6190105e-05  -6.8342740e-05  -6.1537857e-05  -4.0057693e-05  2.6987839e-06  8.6805306e-06  7.5992216e-06  -4.0102150e-06  -8.1403767e-06  -1.2157650e-05  2.9807605e-05  -0.00037726733  -0.00077679040  -0.00086157653  -0.00054969914  0.0000000   -4.5407985e-05  1.0044470e-05  3.1676455e-05  -8.3837212e-05  0.00025155258  -8.6971806e-05  7.6905010e-05  3.7091576e-06  -1.0216883e-05  1.4229162e-05  4.8629825e-05  -0.00031868434  0.00018166908  8.5907039e-06  -1.1897233e-05  -2.6190105e-05  -6.8342740e-05  -6.1537857e-05  -4.0057693e-05  2.6987839e-06  8.6805306e-06  
-0.00025702231  0.00020213115  -0.00022787948  -0.00012451729  0.00054995651  -4.4311328e-05  3.1426375e-05  -2.6879831e-05  3.2855678e-06  4.5407985e-05  0.0000000   -0.0020524599  -0.0017454721  6.6271916e-05  -9.7511692e-05  -5.5503262e-05  6.4398328e-06  0.00018067138  0.00036847396  -0.00039750950  -0.00020356025  -5.6389619e-06  2.6603534e-05  -0.00020154579  -7.4825761e-05  1.9401612e-06  -1.2878469e-06  -2.5380326e-06  -9.7927754e-06  -5.9543741e-05  4.1376047e-05  -0.00025702231  0.00020213115  -0.00022787948  -0.00012451729  0.00054995651  -4.4311328e-05  3.1426375e-05  -2.6879831e-05  3.2855678e-06  4.5407985e-05  0.0000000   -0.0020524599  -0.0017454721  6.6271916e-05  -9.7511692e-05  -5.5503262e-05  6.4398328e-06  0.00018067138  0.00036847396  -0.00039750950  -0.00020356025  -5.6389619e-06  2.6603534e-05  -0.00020154579  -7.4825761e-05  1.9401612e-06  -1.2878469e-06  -2.5380326e-06  -9.7927754e-06  -5.9543741e-05  4.1376047e-05  
-6.0973870e-05  0.00012520424  0.00049261853  2.8851571e-05  7.2910511e-05  -5.6662719e-05  5.2683533e-06  2.8096483e-05  -4.6923098e-05  -1.0044470e-05  0.0020524599  0.0000000   -0.0015361838  1.0861256e-05  -1.4606476e-05  -4.6623885e-05  2.0051132e-05  -9.3730607e-05  -2.0908871e-05  0.00014946550  0.00010470034  1.3320253e-05  8.8685258e-06  3.4272865e-05  1.8689139e-05  -6.1967210e-06  6.2529596e-06  -3.4012071e-06  -3.0551655e-06  9.6992329e-05  -9.3987181e-05  -6.0973870e-05  0.00012520424  0.00049261853  2.8851571e-05  7.2910511e-05  -5.6662719e-05  5.2683533e-06  2.8096483e-05  -4.6923098e-05  -1.0044470e-05  0.0020524599  0.0000000   -0.0015361838  1.0861256e-05  -1.4606476e-05  -4.6623885e-05  2.0051132e-05  -9.3730607e-05  -2.0908871e-05  0.00014946550  0.00010470034  1.3320253e-05  8.8685258e-06  3.4272865e-05  1.8689139e-05  -6.1967210e-06  6.2529596e-06  -3.4012071e-06  -3.0551655e-06  9.6992329e-05  -9.3987181e-05  
-1.4841510e-05  -0.00035198456  -0.00028377767  2.6486099e-05  3.8357741e-05  -7.5300702e-05  -4.2908331e-06  2.0758277e-05  -4.7358290e-05  -3.1676455e-05  0.0017454721  0.0015361838  0.0000000   -8.3382574e-05  -5.9909834e-06  4.2557122e-05  7.3138382e-05  0.00071218452  -2.0310438e-05  0.00014723353  -0.00017320304  -2.3184850e-05  5.5140196e-05  -0.00029117201  0.00020008490  3.4802263e-05  1.1714862e-05  -1.3290828e-05  -2.5711110e-06  -2.8964815e-06  -5.8895916e-05  -1.4841510e-05  -0.00035198456  -0.00028377767  2.6486099e-05  3.8357741e-05  -7.5300702e-05  -4.2908331e-06  2.0758277e-05  -4.7358290e-05  -3.1676455e-05  0.0017454721  0.0015361838  0.0000000   -8.3382574e-05  -5.9909834e-06  4.2557122e-05  7.3138382e-05  0.00071218452  -2.0310438e-05  0.00014723353  -0.00017320304  -2.3184850e-05  5.5140196e-05  -0.00029117201  0.00020008490  3.4802263e-05  1.1714862e-05  -1.3290828e-05  -2.5711110e-06  -2.8964815e-06  -5.8895916e-05  
6.7157855e-06  5.7193327e-06  -2.9955670e-06  3.8788578e-06  -3.4513469e-05  -0.00017061717  0.00021087591  1.9324788e-05  0.00044056518  8.3837212e-05  -6.6271916e-05  -1.0861256e-05  8.3382574e-05  0.0000000   -0.00069451171  -0.00048184801  0.00064723817  -3.2477455e-05  -6.5287086e-06  5.2751038e-06  2.8823241e-05  -9.2564955e-05  0.00020674469  -1.2021822e-05  -3.2792143e-05  0.00023411394  0.00015378136  -0.00013157786  -0.00014458366  1.3705300e-05  5.8988840e-06  6.7157855e-06  5.7193327e-06  -2.9955670e-06  3.8788578e-06  -3.4513469e-05  -0.00017061717  0.00021087591  1.9324788e-05  0.00044056518  8.3837212e-05  -6.6271916e-05  -1.0861256e-05  8.3382574e-05  0.0000000   -0.00069451171  -0.00048184801  0.00064723817  -3.2477455e-05  -6.5287086e-06  5.2751038e-06  2.8823241e-05  -9.2564955e-05  0.00020674469  -1.2021822e-05  -3.2792143e-05  0.00023411394  0.00015378136  -0.00013157786  -0.00014458366  1.3705300e-05  5.8988840e-06  
-1.9980338e-05  -2.2666341e-06  7.7649564e-06  -3.6477712e-06  -1.3805009e-05  0.00020409738  5.7357086e-05  -0.00016980706  4.4281457e-05  -0.00025155258  9.7511692e-05  1.4606476e-05  5.9909834e-06  0.00069451171  0.0000000   -0.00024309220  -7.6500723e-05  3.7451561e-05  4.6446784e-06  1.2614529e-05  1.4014527e-05  -0.00041559439  -0.00039049953  -4.9169054e-05  4.6897042e-05  4.7221717e-05  5.0515524e-06  0.00011609873  8.3352160e-05  -6.7125389e-06  3.6681410e-06  -1.9980338e-05  -2.2666341e-06  7.7649564e-06  -3.6477712e-06  -1.3805009e-05  0.00020409738  5.7357086e-05  -0.00016980706  4.4281457e-05  -0.00025155258  9.7511692e-05  1.4606476e-05  5.9909834e-06  0.00069451171  0.0000000   -0.00024309220  -7.6500723e-05  3.7451561e-05  4.6446784e-06  1.2614529e-05  1.4014527e-05  -0.00041559439  -0.00039049953  -4.9169054e-05  4.6897042e-05  4.7221717e-05  5.0515524e-06  0.00011609873  8.3352160e-05  -6.7125389e-06  3.6681410e-06  
-1.4812452e-05  -3.7419450e-06  -1.1372688e-05  7.1174382e-06  9.5777864e-06  0.00018462106  -0.00021716571  -0.00019449115  -2.5550854e-05  8.6971806e-05  5.5503262e-05  4.6623885e-05  -4.2557122e-05  0.00048184801  0.00024309220  0.0000000   -0.00042845686  5.3289627e-05  8.6869009e-06  -2.3424535e-05  1.2893281e-05  -0.00013095257  -0.00020988805  -3.4370115e-05  4.5452631e-05  -0.00034891774  -7.4847540e-05  4.8588222e-05  1.8505394e-05  4.5444955e-06  -1.3980783e-05  -1.4812452e-05  -3.7419450e-06  -1.1372688e-05  7.1174382e-06  9.5777864e-06  0.00018462106  -0.00021716571  -0.00019449115  -2.5550854e-05  8.6971806e-05  5.5503262e-05  4.6623885e-05  -4.2557122e-05  0.00048184801  0.00024309220  0.0000000   -0.00042845686  5.3289627e-05  8.6869009e-06  -2.3424535e-05  1.2893281e-05  -0.00013095257  -0.00020988805  -3.4370115e-05  4.5452631e-05  -0.00034891774  -7.4847540e-05  4.8588222e-05  1.8505394e-05  4.5444955e-06  -1.3980783e-05  
-1.1081034e-05  9.5179286e-06  -1.3866841e-05  8.4134227e-06  1.6812520e-05  -0.00022968770  0.00010909578  0.00021292429  -8.3738688e-05  -7.6905010e-05  -6.4398328e-06  -2.0051132e-05  -7.3138382e-05  -0.00064723817  7.6500723e-05  0.00042845686  0.0000000   -1.9346198e-05  3.6788422e-05  2.5874399e-05  4.7805424e-05  -0.00051201735  0.00036602875  3.4140625e-05  -2.7019673e-05  9.8202601e-05  -0.00010905760  6.5096523e-05  -5.8040163e-05  4.6626516e-06  -1.0897270e-05  -1.1081034e-05  9.5179286e-06  -1.3866841e-05  8.4134227e-06  1.6812520e-05  -0.00022968770  0.00010909578  0.00021292429  -8.3738688e-05  -7.6905010e-05  -6.4398328e-06  -2.0051132e-05  -7.3138382e-05  -0.00064723817  7.6500723e-05  0.00042845686  0.0000000   -1.9346198e-05  3.6788422e-05  2.5874399e-05  4.7805424e-05  -0.00051201735  0.00036602875  3.4140625e-05  -2.7019673e-05  9.8202601e-05  -0.00010905760  6.5096523e-05  -5.8040163e-05  4.6626516e-06  -1.0897270e-05  
-7.1642078e-05  8.5993773e-05  -5.9086940e-05  0.00026337946  -6.6303403e-05  2.9536734e-05  4.6167615e-06  2.3251973e-05  7.2669337e-06  -3.7091576e-06  -0.00018067138  9.3730607e-05  -0.00071218452  3.2477455e-05  -3.7451561e-05  -5.3289627e-05  1.9346198e-05  0.0000000   0.00040694200  -6.0014939e-05  0.00022694251  3.7739336e-05  -3.5418431e-05  0.00048306256  5.3339024e-05  7.7070475e-06  1.3111825e-05  -5.7995024e-06  3.8954446e-06  9.3962861e-05  -0.00016386198  -7.1642078e-05  8.5993773e-05  -5.9086940e-05  0.00026337946  -6.6303403e-05  2.9536734e-05  4.6167615e-06  2.3251973e-05  7.2669337e-06  -3.7091576e-06  -0.00018067138  9.3730607e-05  -0.00071218452  3.2477455e-05  -3.7451561e-05  -5.3289627e-05  1.9346198e-05  0.0000000   0.00040694200  -6.0014939e-05  0.00022694251  3.7739336e-05  -3.5418431e-05  0.00048306256  5.3339024e-05  7.7070475e-06  1.3111825e-05  -5.7995024e-06  3.8954446e-06  9.3962861e-05  -0.00016386198  
0.00010175247  5.8904219e-06  -3.6636463e-05  2.4068987e-05  0.00010975919  -8.5848681e-06  -1.2022814e-05  2.5055412e-05  -2.2405595e-05  1.0216883e-05  -0.00036847396  2.0908871e-05  2.0310438e-05  6.5287086e-06  -4.6446784e-06  -8.6869009e-06  -3.6788422e-05  -0.00040694200  0.0000000   -0.0017863975  -0.00029125485  -5.8839243e-05  2.2939405e-05  0.00020203613  0.00014483187  -1.0675748e-06  1.2005724e-05  9.9668498e-06  -7.5592568e-06  -1.0138258e-06  0.00015665609  0.00010175247  5.8904219e-06  -3.6636463e-05  2.4068987e-05  0.00010975919  -8.5848681e-06  -1.2022814e-05  2.5055412e-05  -2.2405595e-05  1.0216883e-05  -0.00036847396  2.0908871e-05  2.0310438e-05  6.5287086e-06  -4.6446784e-06  -8.6869009e-06  -3.6788422e-05  -0.00040694200  0.0000000   -0.0017863975  -0.00029125485  -5.8839243e-05  2.2939405e-05  0.00020203613  0.00014483187  -1.0675748e-06  1.2005724e-05  9.9668498e-06  -7.5592568e-06  -1.0138258e-06  0.00015665609  
0.00013554981  4.7994131e-05  0.00011333649  -2.1113280e-05  0.00020484746  1.8998901e-05  9.0471605e-06  1.6724406e-05  1.4158381e-05  -1.4229162e-05  0.00039750950  -0.00014946550  -0.00014723353  -5.2751038e-06  -1.2614529e-05  2.3424535e-05  -2.5874399e-05  6.0014939e-05  0.0017863975  0.0000000   -0.0019575053  -0.00018158858  3.8562200e-05  -0.00065241864  0.00026784830  2.8848777e-05  -1.1872471e-05  1.3861414e-05  1.0186828e-05  -0.00013035808  0.00010900171  0.00013554981  4.7994131e-05  0.00011333649  -2.1113280e-05  0.00020484746  1.8998901e-05  9.0471605e-06  1.6724406e-05  1.4158381e-05  -1.4229162e-05  0.00039750950  -0.00014946550  -0.00014723353  -5.2751038e-06  -1.2614529e-05  2.3424535e-05  -2.5874399e-05  6.0014939e-05  0.0017863975  0.0000000   -0.0019575053  -0.00018158858  3.8562200e-05  -0.00065241864  0.00026784830  2.8848777e-05  -1.1872471e-05  1.3861414e-05  1.0186828e-05  -0.00013035808  0.00010900171  
5.9977009e-05  -5.7868812e-05  -2.5850578e-05  2.8575401e-06  -6.3558736e-05  -1.4522771e-05  1.7661897e-05  -2.4241361e-06  -2.2051908e-05  -4.8629825e-05  0.00020356025  -0.00010470034  0.00017320304  -2.8823241e-05  -1.4014527e-05  -1.2893281e-05  -4.7805424e-05  -0.00022694251  0.00029125485  0.0019575053  0.0000000   4.0482800e-05  -6.5348034e-05  -0.00034224052  -0.00011331349  3.8143448e-05  -2.1122869e-05  4.1329793e-05  -3.6988073e-05  -0.00012805389  8.6307092e-05  5.9977009e-05  -5.7868812e-05  -2.5850578e-05  2.8575401e-06  -6.3558736e-05  -1.4522771e-05  1.7661897e-05  -2.4241361e-06  -2.2051908e-05  -4.8629825e-05  0.00020356025  -0.00010470034  0.00017320304  -2.8823241e-05  -1.4014527e-05  -1.2893281e-05  -4.7805424e-05  -0.00022694251  0.00029125485  0.0019575053  0.0000000   4.0482800e-05  -6.5348034e-05  -0.00034224052  -0.00011331349  3.8143448e-05  -2.1122869e-05  4.1329793e-05  -3.6988073e-05  -0.00012805389  8.6307092e-05  
1.5686048e-05  -9.4443795e-07  1.0786157e-05  -4.7264534e-06  1.5354796e-05  4.7432357e-05  -0.00023486320  -0.00027204255  7.9821540e-05  0.00031868434  5.6389619e-06  -1.3320253e-05  2.3184850e-05  9.2564955e-05  0.00041559439  0.00013095257  0.00051201735  -3.7739336e-05  5.8839243e-05  0.00018158858  -4.0482800e-05  0.0000000   0.00044517910  -6.1661086e-05  -1.1119666e-05  -0.00031073816  0.00018692179  -0.00036866177  0.00037156254  -3.3665529e-05  1.1472943e-05  1.5686048e-05  -9.4443795e-07  1.0786157e-05  -4.7264534e-06  1.5354796e-05  4.7432357e-05  -0.00023486320  -0.00027204255  7.9821540e-05  0.00031868434  5.6389619e-06  -1.3320253e-05  2.3184850e-05  9.2564955e-05  0.00041559439  0.00013095257  0.00051201735  -3.7739336e-05  5.8839243e-05  0.00018158858  -4.0482800e-05  0.0000000   0.00044517910  -6.1661086e-05  -1.1119666e-05  -0.00031073816  0.00018692179  -0.00036866177  0.00037156254  -3.3665529e-05  1.1472943e-05  
-4.8706161e-06  -1.5450659e-05  -1.1491332e-05  4.6282572e-06  -7.2121435e-06  -0.00026335512  5.5194595e-06  0.00012752106  0.00010376133  -0.00018166908  -2.6603534e-05  -8.8685258e-06  -5.5140196e-05  -0.00020674469  0.00039049953  0.00020988805  -0.00036602875  3.5418431e-05  -2.2939405e-05  -3.8562200e-05  6.5348034e-05  -0.00044517910  0.0000000   0.00011681839  0.00015365507  0.00059705808  -0.00040126126  0.00043098418  0.00033609686  -1.1740092e-05  -3.5975331e-05  -4.8706161e-06  -1.5450659e-05  -1.1491332e-05  4.6282572e-06  -7.2121435e-06  -0.00026335512  5.5194595e-06  0.00012752106  0.00010376133  -0.00018166908  -2.6603534e-05  -8.8685258e-06  -5.5140196e-05  -0.00020674469  0.00039049953  0.00020988805  -0.00036602875  3.5418431e-05  -2.2939405e-05  -3.8562200e-05  6.5348034e-05  -0.00044517910  0.0000000   0.00011681839  0.00015365507  0.00059705808  -0.00040126126  0.00043098418  0.00033609686  -1.1740092e-05  -3.5975331e-05  
-4.0231103e-05  9.7915140e-05  6.2066616e-05  -0.00010529765  4.5597404e-05  -2.3598480e-05  -2.7695459e-05  3.7101789e-05  -2.6012132e-05  -8.5907039e-06  0.00020154579  -3.4272865e-05  0.00029117201  1.2021822e-05  4.9169054e-05  3.4370115e-05  -3.4140625e-05  -0.00048306256  -0.00020203613  0.00065241864  0.00034224052  6.1661086e-05  -0.00011681839  0.0000000   -0.0041490564  -0.00011828766  -0.00012760668  3.0081116e-05  -1.7559313e-05  0.00019465501  0.00018928067  -4.0231103e-05  9.7915140e-05  6.2066616e-05  -0.00010529765  4.5597404e-05  -2.3598480e-05  -2.7695459e-05  3.7101789e-05  -2.6012132e-05  -8.5907039e-06  0.00020154579  -3.4272865e-05  0.00029117201  1.2021822e-05  4.9169054e-05  3.4370115e-05  -3.4140625e-05  -0.00048306256  -0.00020203613  0.00065241864  0.00034224052  6.1661086e-05  -0.00011681839  0.0000000   -0.0041490564  -0.00011828766  -0.00012760668  3.0081116e-05  -1.7559313e-05  0.00019465501  0.00018928067  
6.4694527e-05  -0.00010186283  2.4197572e-05  3.0135761e-05  4.0163777e-05  3.2762462e-05  -9.8606128e-06  -2.0979898e-05  8.6911401e-06  1.1897233e-05  7.4825761e-05  -1.8689139e-05  -0.00020008490  3.2792143e-05  -4.6897042e-05  -4.5452631e-05  2.7019673e-05  -5.3339024e-05  -0.00014483187  -0.00026784830  0.00011331349  1.1119666e-05  -0.00015365507  0.0041490564  0.0000000   -0.00015188502  0.00011548764  -3.1331304e-05  -3.6846785e-05  0.00018428494  -0.00011647615  6.4694527e-05  -0.00010186283  2.4197572e-05  3.0135761e-05  4.0163777e-05  3.2762462e-05  -9.8606128e-06  -2.0979898e-05  8.6911401e-06  1.1897233e-05  7.4825761e-05  -1.8689139e-05  -0.00020008490  3.2792143e-05  -4.6897042e-05  -4.5452631e-05  2.7019673e-05  -5.3339024e-05  -0.00014483187  -0.00026784830  0.00011331349  1.1119666e-05  -0.00015365507  0.0041490564  0.0000000   -0.00015188502  0.00011548764  -3.1331304e-05  -3.6846785e-05  0.00018428494  -0.00011647615  
5.6924052e-06  -2.6451449e-06  4.0765082e-06  -1.5892511e-06  8.1209634e-06  -5.0081522e-05  -0.00017885942  -4.0376655e-05  -0.00010976823  2.6190105e-05  -1.9401612e-06  6.1967210e-06  -3.4802263e-05  -0.00023411394  -4.7221717e-05  0.00034891774  -9.8202601e-05  -7.7070475e-06  1.0675748e-06  -2.8848777e-05  -3.8143448e-05  0.00031073816  -0.00059705808  0.00011828766  0.00015188502  0.0000000   -0.0013892193  0.00018360365  3.6279184e-05  -9.0045163e-06  -2.4854247e-05  5.6924052e-06  -2.6451449e-06  4.0765082e-06  -1.5892511e-06  8.1209634e-06  -5.0081522e-05  -0.00017885942  -4.0376655e-05  -0.00010976823  2.6190105e-05  -1.9401612e-06  6.1967210e-06  -3.4802263e-05  -0.00023411394  -4.7221717e-05  0.00034891774  -9.8202601e-05  -7.7070475e-06  1.0675748e-06  -2.8848777e-05  -3.8143448e-05  0.00031073816  -0.00059705808  0.00011828766  0.00015188502  0.0000000   -0.0013892193  0.00018360365  3.6279184e-05  -9.0045163e-06  -2.4854247e-05  
1.0936330e-05  -2.7424760e-06  1.5551003e-05  -1.2538343e-05  7.5859199e-06  0.00018503032  -0.00011574748  -0.00014930669  -8.9950654e-05  6.8342740e-05  1.2878469e-06  -6.2529596e-06  -1.1714862e-05  -0.00015378136  -5.0515524e-06  7.4847540e-05  0.00010905760  -1.3111825e-05  -1.2005724e-05  1.1872471e-05  2.1122869e-05  -0.00018692179  0.00040126126  0.00012760668  -0.00011548764  0.0013892193  0.0000000   -0.00060031178  0.00077984586  -5.3267712e-05  -8.5282918e-06  1.0936330e-05  -2.7424760e-06  1.5551003e-05  -1.2538343e-05  7.5859199e-06  0.00018503032  -0.00011574748  -0.00014930669  -8.9950654e-05  6.8342740e-05  1.2878469e-06  -6.2529596e-06  -1.1714862e-05  -0.00015378136  -5.0515524e-06  7.4847540e-05  0.00010905760  -1.3111825e-05  -1.2005724e-05  1.1872471e-05  2.1122869e-05  -0.00018692179  0.00040126126  0.00012760668  -0.00011548764  0.0013892193  0.0000000   -0.00060031178  0.00077984586  -5.3267712e-05  -8.5282918e-06  
2.1535733e-06  -9.2673815e-08  -7.2203231e-06  1.2507676e-06  2.9103769e-06  2.5304318e-05  2.6549029e-05  1.5366314e-05  -3.9754835e-05  6.1537857e-05  2.5380326e-06  3.4012071e-06  1.3290828e-05  0.00013157786  -0.00011609873  -4.8588222e-05  -6.5096523e-05  5.7995024e-06  -9.9668498e-06  -1.3861414e-05  -4.1329793e-05  0.00036866177  -0.00043098418  -3.0081116e-05  3.1331304e-05  -0.00018360365  0.00060031178  0.0000000   -0.0012722970  0.00010384326  2.5785062e-05  2.1535733e-06  -9.2673815e-08  -7.2203231e-06  1.2507676e-06  2.9103769e-06  2.5304318e-05  2.6549029e-05  1.5366314e-05  -3.9754835e-05  6.1537857e-05  2.5380326e-06  3.4012071e-06  1.3290828e-05  0.00013157786  -0.00011609873  -4.8588222e-05  -6.5096523e-05  5.7995024e-06  -9.9668498e-06  -1.3861414e-05  -4.1329793e-05  0.00036866177  -0.00043098418  -3.0081116e-05  3.1331304e-05  -0.00018360365  0.00060031178  0.0000000   -0.0012722970  0.00010384326  2.5785062e-05  
-5.1789752e-06  2.7435925e-06  6.3153676e-06  -5.1367711e-06  8.0972290e-06  9.9751940e-05  -1.6917354e-06  -6.9217966e-05  -6.2520391e-05  4.0057693e-05  9.7927754e-06  3.0551655e-06  2.5711110e-06  0.00014458366  -8.3352160e-05  -1.8505394e-05  5.8040163e-05  -3.8954446e-06  7.5592568e-06  -1.0186828e-05  3.6988073e-05  -0.00037156254  -0.00033609686  1.7559313e-05  3.6846785e-05  -3.6279184e-05  -0.00077984586  0.0012722970  0.0000000   5.6823907e-05  -0.00013067305  -5.1789752e-06  2.7435925e-06  6.3153676e-06  -5.1367711e-06  8.0972290e-06  9.9751940e-05  -1.6917354e-06  -6.9217966e-05  -6.2520391e-05  4.0057693e-05  9.7927754e-06  3.0551655e-06  2.5711110e-06  0.00014458366  -8.3352160e-05  -1.8505394e-05  5.8040163e-05  -3.8954446e-06  7.5592568e-06  -1.0186828e-05  3.6988073e-05  -0.00037156254  -0.00033609686  1.7559313e-05  3.6846785e-05  -3.6279184e-05  -0.00077984586  0.0012722970  0.0000000   5.6823907e-05  -0.00013067305  
-0.00011279381  6.0692136e-05  9.7359226e-05  -6.0938535e-05  3.4633051e-05  -6.4346490e-06  -6.8807117e-06  6.6986647e-06  5.0960238e-06  -2.6987839e-06  5.9543741e-05  -9.6992329e-05  2.8964815e-06  -1.3705300e-05  6.7125389e-06  -4.5444955e-06  -4.6626516e-06  -9.3962861e-05  1.0138258e-06  0.00013035808  0.00012805389  3.3665529e-05  1.1740092e-05  -0.00019465501  -0.00018428494  9.0045163e-06  5.3267712e-05  -0.00010384326  -5.6823907e-05  0.0000000   -0.0020260722  -0.00011279381  6.0692136e-05  9.7359226e-05  -6.0938535e-05  3.4633051e-05  -6.4346490e-06  -6.8807117e-06  6.6986647e-06  5.0960238e-06  -2.6987839e-06  5.9543741e-05  -9.6992329e-05  2.8964815e-06  -1.3705300e-05  6.7125389e-06  -4.5444955e-06  -4.6626516e-06  -9.3962861e-05  1.0138258e-06  0.00013035808  0.00012805389  3.3665529e-05  1.1740092e-05  -0.00019465501  -0.00018428494  9.0045163e-06  5.3267712e-05  -0.00010384326  -5.6823907e-05  0.0000000   -0.0020260722  
2.7870502e-06  -2.4383073e-05  -0.00010930596  6.3409583e-05  -0.00011920953  1.2524830e-05  -7.7575048e-06  7.3293732e-07  1.6567415e-05  -8.6805306e-06  -4.1376047e-05  9.3987181e-05  5.8895916e-05  -5.8988840e-06  -3.6681410e-06  1.3980783e-05  1.0897270e-05  0.00016386198  -0.00015665609  -0.00010900171  -8.6307092e-05  -1.1472943e-05  3.5975331e-05  -0.00018928067  0.00011647615  2.4854247e-05  8.5282918e-06  -2.5785062e-05  0.00013067305  0.0020260722  0.0000000   2.7870502e-06  -2.4383073e-05  -0.00010930596  6.3409583e-05  -0.00011920953  1.2524830e-05  -7.7575048e-06  7.3293732e-07  1.6567415e-05  -8.6805306e-06  -4.1376047e-05  9.3987181e-05  5.8895916e-05  -5.8988840e-06  -3.6681410e-06  1.3980783e-05  1.0897270e-05  0.00016386198  -0.00015665609  -0.00010900171  -8.6307092e-05  -1.1472943e-05  3.5975331e-05  -0.00018928067  0.00011647615  2.4854247e-05  8.5282918e-06  -2.5785062e-05  0.00013067305  0.0020260722  0.0000000   
0.0000000   -0.0019737187  -0.00011513237  -4.4269080e-06  -3.6876086e-05  3.2322258e-05  2.5859609e-05  -5.0022747e-05  4.0832733e-05  -7.5992216e-06  0.00025702231  6.0973870e-05  1.4841510e-05  -6.7157855e-06  1.9980338e-05  1.4812452e-05  1.1081034e-05  7.1642078e-05  -0.00010175247  -0.00013554981  -5.9977009e-05  -1.5686048e-05  4.8706161e-06  4.0231103e-05  -6.4694527e-05  -5.6924052e-06  -1.0936330e-05  -2.1535733e-06  5.1789752e-06  0.00011279381  -2.7870502e-06  0.0000000   -0.0019737187  -0.00011513237  -4.4269080e-06  -3.6876086e-05  3.2322258e-05  2.5859609e-05  -5.0022747e-05  4.0832733e-05  -7.5992216e-06  0.00025702231  6.0973870e-05  1.4841510e-05  -6.7157855e-06  1.9980338e-05  1.4812452e-05  1.1081034e-05  7.1642078e-05  -0.00010175247  -0.00013554981  -5.9977009e-05  -1.5686048e-05  4.8706161e-06  4.0231103e-05  -6.4694527e-05  -5.6924052e-06  -1.0936330e-05  -2.1535733e-06  5.1789752e-06  0.00011279381  -2.7870502e-06  
0.0019737187  0.0000000   -0.00016559188  0.00027904389  0.00073234897  -7.3272147e-05  6.2339416e-05  4.7229491e-05  -5.5309960e-06  4.0102150e-06  -0.00020213115  -0.00012520424  0.00035198456  -5.7193327e-06  2.2666341e-06  3.7419450e-06  -9.5179286e-06  -8.5993773e-05  -5.8904219e-06  -4.7994131e-05  5.7868812e-05  9.4443795e-07  1.5450659e-05  -9.7915140e-05  0.00010186283  2.6451449e-06  2.7424760e-06  9.2673815e-08  -2.7435925e-06  -6.0692136e-05  2.4383073e-05  0.0019737187  0.0000000   -0.00016559188  0.00027904389  0.00073234897  -7.3272147e-05  6.2339416e-05  4.7229491e-05  -5.5309960e-06  4.0102150e-06  -0.00020213115  -0.00012520424  0.00035198456  -5.7193327e-06  2.2666341e-06  3.7419450e-06  -9.5179286e-06  -8.5993773e-05  -5.8904219e-06  -4.7994131e-05  5.7868812e-05  9.4443795e-07  1.5450659e-05  -9.7915140e-05  0.00010186283  2.6451449e-06  2.7424760e-06  9.2673815e-08  -2.7435925e-06  -6.0692136e-05  2.4383073e-05  
0.00011513237  0.00016559188  0.0000000   0.00076640753  -0.0017566177  0.00010485183  0.00011132677  -8.6011162e-05  0.00012371706  8.1403767e-06  0.00022787948  -0.00049261853  0.00028377767  2.9955670e-06  -7.7649564e-06  1.1372688e-05  1.3866841e-05  5.9086940e-05  3.6636463e-05  -0.00011333649  2.5850578e-05  -1.0786157e-05  1.1491332e-05  -6.2066616e-05  -2.4197572e-05  -4.0765082e-06  -1.5551003e-05  7.2203231e-06  -6.3153676e-06  -9.7359226e-05  0.00010930596  0.00011513237  0.00016559188  0.0000000   0.00076640753  -0.0017566177  0.00010485183  0.00011132677  -8.6011162e-05  0.00012371706  8.1403767e-06  0.00022787948  -0.00049261853  0.00028377767  2.9955670e-06  -7.7649564e-06  1.1372688e-05  1.3866841e-05  5.9086940e-05  3.6636463e-05  -0.00011333649  2.5850578e-05  -1.0786157e-05  1.1491332e-05  -6.2066616e-05  -2.4197572e-05  -4.0765082e-06  -1.5551003e-05  7.2203231e-06  -6.3153676e-06  -9.7359226e-05  0.00010930596  
4.4269080e-06  -0.00027904389  -0.00076640753  0.0000000   0.0032637657  -2.2661027e-05  7.0513853e-05  0.00010635390  -0.00017547410  1.2157650e-05  0.00012451729  -2.8851571e-05  -2.6486099e-05  -3.8788578e-06  3.6477712e-06  -7.1174382e-06  -8.4134227e-06  -0.00026337946  -2.4068987e-05  2.1113280e-05  -2.8575401e-06  4.7264534e-06  -4.6282572e-06  0.00010529765  -3.0135761e-05  1.5892511e-06  1.2538343e-05  -1.2507676e-06  5.1367711e-06  6.0938535e-05  -6.3409583e-05  4.4269080e-06  -0.00027904389  -0.00076640753  0.0000000   0.0032637657  -2.2661027e-05  7.0513853e-05  0.00010635390  -0.00017547410  1.2157650e-05  0.00012451729  -2.8851571e-05  -2.6486099e-05  -3.8788578e-06  3.6477712e-06  -7.1174382e-06  -8.4134227e-06  -0.00026337946  -2.4068987e-05  2.1113280e-05  -2.8575401e-06  4.7264534e-06  -4.6282572e-06  0.00010529765  -3.0135761e-05  1.5892511e-06  1.2538343e-05  -1.2507676e-06  5.1367711e-06  6.0938535e-05  -6.3409583e-05  
3.6876086e-05  -0.00073234897  0.0017566177  -0.0032637657  0.0000000   3.9538858e-05  7.8949647e-05  0.00011425280  0.00020137855  -2.9807605e-05  -0.00054995651  -7.2910511e-05  -3.8357741e-05  3.4513469e-05  1.3805009e-05  -9.5777864e-06  -1.6812520e-05  6.6303403e-05  -0.00010975919  -0.00020484746  6.3558736e-05  -1.5354796e-05  7.2121435e-06  -4.5597404e-05  -4.0163777e-05  -8.1209634e-06  -7.5859199e-06  -2.9103769e-06  -8.0972290e-06  -3.4633051e-05  0.00011920953  3.6876086e-05  -0.00073234897  0.0017566177  -0.0032637657  0.0000000   3.9538858e-05  7.8949647e-05  0.00011425280  0.00020137855  -2.9807605e-05  -0.00054995651  -7.2910511e-05  -3.8357741e-05  3.4513469e-05  1.3805009e-05  -9.5777864e-06  -1.6812520e-05  6.6303403e-05  -0.00010975919  -0.00020484746  6.3558736e-05  -1.5354796e-05  7.2121435e-06  -4.5597404e-05  -4.0163777e-05  -8.1209634e-06  -7.5859199e-06  -2.9103769e-06  -8.0972290e-06  -3.4633051e-05  0.00011920953  
-3.2322258e-05  7.3272147e-05  -0.00010485183  2.2661027e-05  -3.9538858e-05  0.0000000   0.0053823695  -0.0017755444  0.00018099494  0.00037726733  4.4311328e-05  5.6662719e-05  7.5300702e-05  0.00017061717  -0.00020409738  -0.00018462106  0.00022968770  -2.9536734e-05  8.5848681e-06  -1.8998901e-05  1.4522771e-05  -4.7432357e-05  0.00026335512  2.3598480e-05  -3.2762462e-05  5.0081522e-05  -0.00018503032  -2.5304318e-05  -9.9751940e-05  6.4346490e-06  -1.2524830e-05  -3.2322258e-05  7.3272147e-05  -0.00010485183  2.2661027e-05  -3.9538858e-05  0.0000000   0.0053823695  -0.0017755444  0.00018099494  0.00037726733  4.4311328e-05  5.6662719e-05  7.5300702e-05  0.00017061717  -0.00020409738  -0.00018462106  0.00022968770  -2.9536734e-05  8.5848681e-06  -1.8998901e-05  1.4522771e-05  -4.7432357e-05  0.00026335512  2.3598480e-05  -3.2762462e-05  5.0081522e-05  -0.00018503032  -2.5304318e-05  -9.9751940e-05  6.4346490e-06  -1.2524830e-05  
-2.5859609e-05  -6.2339416e-05  -0.00011132677  -7.0513853e-05  -7.8949647e-05  -0.0053823695  0.0000000   0.00026897682  -0.0033186218  0.00077679040  -3.1426375e-05  -5.2683533e-06  4.2908331e-06  -0.00021087591  -5.7357086e-05  0.00021716571  -0.00010909578  -4.6167615e-06  1.2022814e-05  -9.0471605e-06  -1.7661897e-05  0.00023486320  -5.5194595e-06  2.7695459e-05  9.8606128e-06  0.00017885942  0.00011574748  -2.6549029e-05  1.6917354e-06  6.8807117e-06  7.7575048e-06  -2.5859609e-05  -6.2339416e-05  -0.00011132677  -7.0513853e-05  -7.8949647e-05  -0.0053823695  0.0000000   0.00026897682  -0.0033186218  0.00077679040  -3.1426375e-05  -5.2683533e-06  4.2908331e-06  -0.00021087591  -5.7357086e-05  0.00021716571  -0.00010909578  -4.6167615e-06  1.2022814e-05  -9.0471605e-06  -1.7661897e-05  0.00023486320  -5.5194595e-06  2.7695459e-05  9.8606128e-06  0.00017885942  0.00011574748  -2.6549029e-05  1.6917354e-06  6.8807117e-06  7.7575048e-06  
5.0022747e-05  -4.7229491e-05  8.6011162e-05  -0.00010635390  -0.00011425280  0.0017755444  -0.00026897682  0.0000000   -0.0056449190  0.00086157653  2.6879831e-05  -2.8096483e-05  -2.0758277e-05  -1.9324788e-05  0.00016980706  0.00019449115  -0.00021292429  -2.3251973e-05  -2.5055412e-05  -1.6724406e-05  2.4241361e-06  0.00027204255  -0.00012752106  -3.7101789e-05  2.0979898e-05  4.0376655e-05  0.00014930669  -1.5366314e-05  6.9217966e-05  -6.6986647e-06  -7.3293732e-07  5.0022747e-05  -4.7229491e-05  8.6011162e-05  -0.00010635390  -0.00011425280  0.0017755444  -0.00026897682  0.0000000   -0.0056449190  0.00086157653  2.6879831e-05  -2.8096483e-05  -2.0758277e-05  -1.9324788e-05  0.00016980706  0.00019449115  -0.00021292429  -2.3251973e-05  -2.5055412e-05  -1.6724406e-05  2.4241361e-06  0.00027204255  -0.00012752106  -3.7101789e-05  2.0979898e-05  4.0376655e-05  0.00014930669  -1.5366314e-05  6.9217966e-05  -6.6986647e-06  -7.3293732e-07  
-4.0832733e-05  5.5309960e-06  -0.00012371706  0.00017547410  -0.00020137855  -0.00018099494  0.0033186218  0.0056449190  0.0000000   0.00054969914  -3.2855678e-06  4.6923098e-05  4.7358290e-05  -0.00044056518  -4.4281457e-05  2.5550854e-05  8.3738688e-05  -7.2669337e-06  2.2405595e-05  -1.4158381e-05  2.2051908e-05  -7.9821540e-05  -0.00010376133  2.6012132e-05  -8.6911401e-06  0.00010976823  8.9950654e-05  3.9754835e-05  6.2520391e-05  -5.0960238e-06  -1.6567415e-05  -4.0832733e-05  5.5309960e-06  -0.00012371706  0.00017547410  -0.00020137855  -0.00018099494  0.0033186218  0.0056449190  0.0000000   0.00054969914  -3.2855678e-06  4.6923098e-05  4.7358290e-05  -0.00044056518  -4.4281457e-05  2.5550854e-05  8.3738688e-05  -7.2669337e-06  2.2405595e-05  -1.4158381e-05  2.2051908e-05  -7.9821540e-05  -0.00010376133  2.6012132e-05  -8.6911401e-06  0.00010976823  8.9950654e-05  3.9754835e-05  6.2520391e-05  -5.0960238e-06  -1.6567415e-05  
7.5992216e-06  -4.0102150e-06  -8.1403767e-06  -1.2157650e-05  2.9807605e-05  -0.00037726733  -0.00077679040  -0.00086157653  -0.00054969914  0.0000000   -4.5407985e-05  1.0044470e-05  3.1676455e-05  -8.3837212e-05  0.00025155258  -8.6971806e-05  7.6905010e-05  3.7091576e-06  -1.0216883e-05  1.4229162e-05  4.8629825e-05  -0.00031868434  0.00018166908  8.5907039e-06  -1.1897233e-05  -2.6190105e-05  -6.8342740e-05  -6.1537857e-05  -4.0057693e-05  2.6987839e-06  8.6805306e-06  7.5992216e-06  -4.0102150e-06  -8.1403767e-06  -1.2157650e-05  2.9807605e-05  -0.00037726733  -0.00077679040  -0.00086157653  -0.00054969914  0.0000000   -4.5407985e-05  1.0044470e-05  3.1676455e-05  -8.3837212e-05  0.00025155258  -8.6971806e-05  7.6905010e-05  3.7091576e-06  -1.0216883e-05  1.4229162e-05  4.8629825e-05  -0.00031868434  0.00018166908  8.5907039e-06  -1.1897233e-05  -2.6190105e-05  -6.8342740e-05  -6.1537857e-05  -4.0057693e-05  2.6987839e-06  8.6805306e-06  
