0.0000000   0.0024425770  -0.00013841317  2.5420489e-05  0.00024664820  -0.00067192897  2.3291758e-05  -7.4567310e-05  -3.5029962e-06  -0.00028975686  -1.1022034e-05  -3.0325921e-05  -4.3153535e-05  8.8776668e-07  -2.1798265e-05  -0.00016754199  -0.00014222006  8.4191949e-05  6.5789446e-06  -3.4772362e-05  -2.7122786e-05  1.7296139e-05  0.00010463104  -1.9319788e-05  2.3527467e-05  -0.00012981203  -4.5433295e-05  -3.9797866e-06  9.1481059e-05  -2.8833142e-05  -3.2232892e-05  0.0000000   0.0024425770  -0.00013841317  2.5420489e-05  0.00024664820  -0.00067192897  2.3291758e-05  -7.4567310e-05  -3.5029962e-06  -0.00028975686  -1.1022034e-05  -3.0325921e-05  -4.3153535e-05  8.8776668e-07  -2.1798265e-05  -0.00016754199  -0.00014222006  8.4191949e-05  6.5789446e-06  -3.4772362e-05  -2.7122786e-05  1.7296139e-05  0.00010463104  -1.9319788e-05  2.3527467e-05  -0.00012981203  -4.5433295e-05  -3.9797866e-06  9.1481059e-05  -2.8833142e-05  -3.2232892e-05  
-0.0024425770  0.0000000   0.00015293749  -0.00079164152  -0.00010317346  -5.6155685e-05  3.7524830e-05  -1.4599296e-05  5.5529985e-05  0.00033462777  2.2556788e-05  6.0862424e-06  4.4457544e-05  -0.00016115964  -2.0372452e-05  3.9169752e-05  -0.00013657507  -2.9923482e-05  -6.6034702e-05  -0.00021908005  1.0568284e-05  1.7579828e-05  4.7734094e-05  -1.5761738e-05  -0.00010409471  0.00012565097  -1.5447246e-06  -1.3022648e-06  7.7397184e-05  -2.7950274e-05  -9.0755914e-06  -0.0024425770  0.0000000   0.00015293749  -0.00079164152  -0.00010317346  -5.6155685e-05  3.7524830e-05  -1.4599296e-05  5.5529985e-05  0.00033462777  2.2556788e-05  6.0862424e-06  4.4457544e-05  -0.00016115964  -2.0372452e-05  3.9169752e-05  -0.00013657507  -2.9923482e-05  -6.6034702e-05  -0.00021908005  1.0568284e-05  1.7579828e-05  4.7734094e-05  -1.5761738e-05  -0.00010409471  0.00012565097  -1.5447246e-06  -1.3022648e-06  7.7397184e-05  -2.7950274e-05  -9.0755914e-06  
0.00013841317  -0.00015293749  0.0000000   -0.0018953350  -0.00049302621  -4.1715552e-05  -0.00037016819  -0.00074621460  0.00017401089  1.3685601e-05  1.7800343e-05  -9.1379346e-05  -0.00024736584  -2.0985800e-05  -3.2870309e-06  -2.8889368e-05  1.2224712e-05  1.0857279e-05  -4.5288983e-07  1.5028794e-05  -3.8459024e-05  -4.6314155e-05  -2.0393895e-05  -0.00013156929  9.7369778e-06  7.5657706e-06  -2.6023986e-06  -3.4061923e-05  -2.6535435e-05  -3.0682921e-05  5.3825771e-06  0.00013841317  -0.00015293749  0.0000000   -0.0018953350  -0.00049302621  -4.1715552e-05  -0.00037016819  -0.00074621460  0.00017401089  1.3685601e-05  1.7800343e-05  -9.1379346e-05  -0.00024736584  -2.0985800e-05  -3.2870309e-06  -2.8889368e-05  1.2224712e-05  1.0857279e-05  -4.5288983e-07  1.5028794e-05  -3.8459024e-05  -4.6314155e-05  -2.0393895e-05  -0.00013156929  9.7369778e-06  7.5657706e-06  -2.6023986e-06  -3.4061923e-05  -2.6535435e-05  -3.0682921e-05  5.3825771e-06  
-2.5420489e-05  0.00079164152  0.0018953350  0.0000000   -0.011787368  0.00018842113  -0.00029829654  0.00042480621  -0.00030134013  0.00011658502  0.00015819159  0.00014819794  2.4770828e-06  -0.00012970554  5.6019472e-06  -0.00012033965  -4.1933894e-05  1.9171791e-05  5.9855912e-05  -8.1118400e-05  0.00018344314  0.00019770695  8.5482643e-06  -0.00010662686  5.3511969e-06  1.4864292e-05  -5.4017641e-06  3.8169798e-05  -8.3982118e-07  -8.9248443e-05  -1.2033491e-05  -2.5420489e-05  0.00079164152  0.0018953350  0.0000000   -0.011787368  0.00018842113  -0.00029829654  0.00042480621  -0.00030134013  0.00011658502  0.00015819159  0.00014819794  2.4770828e-06  -0.00012970554  5.6019472e-06  -0.00012033965  -4.1933894e-05  1.9171791e-05  5.9855912e-05  -8.1118400e-05  0.00018344314  0.00019770695  8.5482643e-06  -0.00010662686  5.3511969e-06  1.4864292e-05  -5.4017641e-06  3.8169798e-05  -8.3982118e-07  -8.9248443e-05  -1.2033491e-05  
-0.00024664820  0.00010317346  0.00049302621  0.011787368  0.0000000   0.00010718491  -0.00070115427  -0.00041146427  -0.00013287985  1.5054653e-05  -0.00042885078  -0.00012716268  -0.00059040678  5.7555517e-05  3.9394815e-05  4.2304200e-05  -1.9712990e-06  1.0127304e-05  -2.6439713e-05  -3.9265720e-05  2.4211645e-05  6.5971531e-05  -1.4622981e-05  -5.2630263e-05  -1.4863040e-05  4.0078380e-05  -1.5017417e-05  -4.0600288e-05  -1.9284401e-05  -2.7889664e-05  -2.0682966e-05  -0.00024664820  0.00010317346  0.00049302621  0.011787368  0.0000000   0.00010718491  -0.00070115427  -0.00041146427  -0.00013287985  1.5054653e-05  -0.00042885078  -0.00012716268  -0.00059040678  5.7555517e-05  3.9394815e-05  4.2304200e-05  -1.9712990e-06  1.0127304e-05  -2.6439713e-05  -3.9265720e-05  2.4211645e-05  6.5971531e-05  -1.4622981e-05  -5.2630263e-05  -1.4863040e-05  4.0078380e-05  -1.5017417e-05  -4.0600288e-05  -1.9284401e-05  -2.7889664e-05  -2.0682966e-05  
0.00067192897  5.6155685e-05  4.1715552e-05  -0.00018842113  -0.00010718491  0.0000000   -3.5668530e-05  0.00016122007  0.00012330206  0.0010634672  6.9918559e-05  0.00012206066  -4.7124729e-05  0.00022152389  -0.00011775876  0.00037255329  -0.00018384523  0.00019764719  5.2420972e-05  6.3071189e-05  8.1081217e-06  -3.8105999e-07  0.00018390411  -2.9849734e-05  -6.5820702e-05  1.6675151e-06  -5.5501634e-05  -1.5103546e-05  -6.5681601e-05  1.7469982e-05  -5.4503775e-05  0.00067192897  5.6155685e-05  4.1715552e-05  -0.00018842113  -0.00010718491  0.0000000   -3.5668530e-05  0.00016122007  0.00012330206  0.0010634672  6.9918559e-05  0.00012206066  -4.7124729e-05  0.00022152389  -0.00011775876  0.00037255329  -0.00018384523  0.00019764719  5.2420972e-05  6.3071189e-05  8.1081217e-06  -3.8105999e-07  0.00018390411  -2.9849734e-05  -6.5820702e-05  1.6675151e-06  -5.5501634e-05  -1.5103546e-05  -6.5681601e-05  1.7469982e-05  -5.4503775e-05  
-2.3291758e-05  -3.7524830e-05  0.00037016819  0.00029829654  0.00070115427  3.5668530e-05  0.0000000   0.0017713774  0.00042511792  -0.00015259995  -4.4675178e-06  8.9879165e-05  -0.00056753586  -2.3873076e-05  1.0494373e-05  -2.0969064e-05  3.5520480e-05  -2.1436481e-05  1.1928148e-05  3.7513266e-06  0.00011218504  0.00029844259  -2.2994087e-05  -1.8428172e-06  -8.8807700e-06  -3.2294373e-06  4.8815286e-06  -1.6432405e-05  -7.2345013e-06  -4.4644131e-05  -2.5820354e-07  -2.3291758e-05  -3.7524830e-05  0.00037016819  0.00029829654  0.00070115427  3.5668530e-05  0.0000000   0.0017713774  0.00042511792  -0.00015259995  -4.4675178e-06  8.9879165e-05  -0.00056753586  -2.3873076e-05  1.0494373e-05  -2.0969064e-05  3.5520480e-05  -2.1436481e-05  1.1928148e-05  3.7513266e-06  0.00011218504  0.00029844259  -2.2994087e-05  -1.8428172e-06  -8.8807700e-06  -3.2294373e-06  4.8815286e-06  -1.6432405e-05  -7.2345013e-06  -4.4644131e-05  -2.5820354e-07  
7.4567310e-05  1.4599296e-05  0.00074621460  -0.00042480621  0.00041146427  -0.00016122007  -0.0017713774  0.0000000   0.0020289423  -0.00012471770  -0.00014439251  0.00024066481  0.00024083217  -4.9282055e-05  3.4262736e-05  -4.4791181e-05  8.2276755e-06  -1.2696713e-05  0.00023967631  -8.2794194e-05  -3.9739786e-05  8.3604480e-05  -2.5655046e-05  -0.00034639070  1.7557977e-05  -3.8369481e-06  1.3878141e-05  -0.00010485507  -1.2730881e-05  -1.6440489e-05  4.5552320e-06  7.4567310e-05  1.4599296e-05  0.00074621460  -0.00042480621  0.00041146427  -0.00016122007  -0.0017713774  0.0000000   0.0020289423  -0.00012471770  -0.00014439251  0.00024066481  0.00024083217  -4.9282055e-05  3.4262736e-05  -4.4791181e-05  8.2276755e-06  -1.2696713e-05  0.00023967631  -8.2794194e-05  -3.9739786e-05  8.3604480e-05  -2.5655046e-05  -0.00034639070  1.7557977e-05  -3.8369481e-06  1.3878141e-05  -0.00010485507  -1.2730881e-05  -1.6440489e-05  4.5552320e-06  
3.5029962e-06  -5.5529985e-05  -0.00017401089  0.00030134013  0.00013287985  -0.00012330206  -0.00042511792  -0.0020289423  0.0000000   -6.6923292e-05  0.0012429920  0.00070947521  0.00049599421  -8.7917325e-05  -6.5739212e-05  -2.6645417e-05  -3.6724452e-05  5.0603213e-05  -7.4170709e-05  -1.0862526e-05  -0.00022794426  7.5324963e-05  2.1189188e-05  9.5065533e-05  1.6112156e-06  -4.4861000e-06  -9.9352769e-06  -8.5739919e-05  -3.0834427e-05  -7.5016788e-05  5.1602004e-06  3.5029962e-06  -5.5529985e-05  -0.00017401089  0.00030134013  0.00013287985  -0.00012330206  -0.00042511792  -0.0020289423  0.0000000   -6.6923292e-05  0.0012429920  0.00070947521  0.00049599421  -8.7917325e-05  -6.5739212e-05  -2.6645417e-05  -3.6724452e-05  5.0603213e-05  -7.4170709e-05  -1.0862526e-05  -0.00022794426  7.5324963e-05  2.1189188e-05  9.5065533e-05  1.6112156e-06  -4.4861000e-06  -9.9352769e-06  -8.5739919e-05  -3.0834427e-05  -7.5016788e-05  5.1602004e-06  
0.00028975686  -0.00033462777  -1.3685601e-05  -0.00011658502  -1.5054653e-05  -0.0010634672  0.00015259995  0.00012471770  6.6923292e-05  0.0000000   0.00011020047  -0.00032567448  -9.5578461e-05  -0.00080062915  -0.00044125747  -0.00066929865  -1.1537301e-05  0.00035801956  -6.7807915e-05  -0.00021196123  2.3171878e-05  9.0497150e-05  0.00025566749  -4.3659631e-05  4.2193668e-05  2.1668653e-05  -0.00015014292  -9.6440765e-08  -0.00015067554  4.7108087e-05  3.7258054e-05  0.00028975686  -0.00033462777  -1.3685601e-05  -0.00011658502  -1.5054653e-05  -0.0010634672  0.00015259995  0.00012471770  6.6923292e-05  0.0000000   0.00011020047  -0.00032567448  -9.5578461e-05  -0.00080062915  -0.00044125747  -0.00066929865  -1.1537301e-05  0.00035801956  -6.7807915e-05  -0.00021196123  2.3171878e-05  9.0497150e-05  0.00025566749  -4.3659631e-05  4.2193668e-05  2.1668653e-05  -0.00015014292  -9.6440765e-08  -0.00015067554  4.7108087e-05  3.7258054e-05  
1.1022034e-05  -2.2556788e-05  -1.7800343e-05  -0.00015819159  0.00042885078  -6.9918559e-05  4.4675178e-06  0.00014439251  -0.0012429920  -0.00011020047  0.0000000   0.0030439624  6.0645336e-05  -0.00013257335  -5.7600225e-05  -5.1427040e-05  6.6404578e-06  1.3836593e-05  -0.00016917928  3.8024968e-05  -0.00032638606  -0.00013582998  4.1316414e-05  0.00017820072  -3.8697068e-05  -1.0389563e-05  -7.8038931e-06  9.8104588e-05  -1.6955486e-05  -9.0520787e-05  2.3574713e-06  1.1022034e-05  -2.2556788e-05  -1.7800343e-05  -0.00015819159  0.00042885078  -6.9918559e-05  4.4675178e-06  0.00014439251  -0.0012429920  -0.00011020047  0.0000000   0.0030439624  6.0645336e-05  -0.00013257335  -5.7600225e-05  -5.1427040e-05  6.6404578e-06  1.3836593e-05  -0.00016917928  3.8024968e-05  -0.00032638606  -0.00013582998  4.1316414e-05  0.00017820072  -3.8697068e-05  -1.0389563e-05  -7.8038931e-06  9.8104588e-05  -1.6955486e-05  -9.0520787e-05  2.3574713e-06  
3.0325921e-05  -6.0862424e-06  9.1379346e-05  -0.00014819794  0.00012716268  -0.00012206066  -8.9879165e-05  -0.00024066481  -0.00070947521  0.00032567448  -0.0030439624  0.0000000   0.0013436608  6.3468526e-06  -7.3252184e-05  -8.0486897e-06  -7.0888651e-07  2.2575346e-05  0.00010282911  -4.6966032e-05  2.0970782e-06  -0.00030539333  1.1525687e-05  -9.4859313e-05  -5.1109817e-06  -1.3916277e-05  -1.9288930e-05  3.1839769e-05  -2.1108322e-07  6.6776331e-06  -5.0212169e-06  3.0325921e-05  -6.0862424e-06  9.1379346e-05  -0.00014819794  0.00012716268  -0.00012206066  -8.9879165e-05  -0.00024066481  -0.00070947521  0.00032567448  -0.0030439624  0.0000000   0.0013436608  6.3468526e-06  -7.3252184e-05  -8.0486897e-06  -7.0888651e-07  2.2575346e-05  0.00010282911  -4.6966032e-05  2.0970782e-06  -0.00030539333  1.1525687e-05  -9.4859313e-05  -5.1109817e-06  -1.3916277e-05  -1.9288930e-05  3.1839769e-05  -2.1108322e-07  6.6776331e-06  -5.0212169e-06  
4.3153535e-05  -4.4457544e-05  0.00024736584  -2.4770828e-06  0.00059040678  4.7124729e-05  0.00056753586  -0.00024083217  -0.00049599421  9.5578461e-05  -6.0645336e-05  -0.0013436608  0.0000000   7.3827609e-05  1.7302019e-05  8.5797878e-05  0.00011577776  -1.6714700e-05  0.00052314938  -0.00021382513  -2.3609086e-05  0.00022512878  -1.8149185e-05  9.6352025e-05  1.5373651e-06  -1.7289368e-05  -1.8202464e-05  0.00013719483  -2.8342443e-05  -9.0174839e-05  3.0999972e-06  4.3153535e-05  -4.4457544e-05  0.00024736584  -2.4770828e-06  0.00059040678  4.7124729e-05  0.00056753586  -0.00024083217  -0.00049599421  9.5578461e-05  -6.0645336e-05  -0.0013436608  0.0000000   7.3827609e-05  1.7302019e-05  8.5797878e-05  0.00011577776  -1.6714700e-05  0.00052314938  -0.00021382513  -2.3609086e-05  0.00022512878  -1.8149185e-05  9.6352025e-05  1.5373651e-06  -1.7289368e-05  -1.8202464e-05  0.00013719483  -2.8342443e-05  -9.0174839e-05  3.0999972e-06  
-8.8776668e-07  0.00016115964  2.0985800e-05  0.00012970554  -5.7555517e-05  -0.00022152389  2.3873076e-05  4.9282055e-05  8.7917325e-05  0.00080062915  0.00013257335  -6.3468526e-06  -7.3827609e-05  0.0000000   0.00030372715  0.0014265544  -0.00088542230  -0.00016524432  -0.00010453185  -0.00044233110  -3.5597961e-05  -2.5519248e-05  0.00020939200  -1.2164875e-05  -0.00019420140  0.00011421275  -4.5159240e-05  -1.2250898e-05  3.5544209e-06  -5.9123350e-06  -0.00013047905  -8.8776668e-07  0.00016115964  2.0985800e-05  0.00012970554  -5.7555517e-05  -0.00022152389  2.3873076e-05  4.9282055e-05  8.7917325e-05  0.00080062915  0.00013257335  -6.3468526e-06  -7.3827609e-05  0.0000000   0.00030372715  0.0014265544  -0.00088542230  -0.00016524432  -0.00010453185  -0.00044233110  -3.5597961e-05  -2.5519248e-05  0.00020939200  -1.2164875e-05  -0.00019420140  0.00011421275  -4.5159240e-05  -1.2250898e-05  3.5544209e-06  -5.9123350e-06  -0.00013047905  
2.1798265e-05  2.0372452e-05  3.2870309e-06  -5.6019472e-06  -3.9394815e-05  0.00011775876  -1.0494373e-05  -3.4262736e-05  6.5739212e-05  0.00044125747  5.7600225e-05  7.3252184e-05  -1.7302019e-05  -0.00030372715  0.0000000   0.0013161485  0.0025310877  -0.00097739197  -0.00041973493  -0.00069289701  -1.1418206e-05  9.8292622e-05  -0.00029654197  1.0714553e-05  7.9677295e-05  -7.1430637e-05  -0.00017026973  -1.3073326e-05  0.00021083293  -4.0607588e-05  1.4108771e-05  2.1798265e-05  2.0372452e-05  3.2870309e-06  -5.6019472e-06  -3.9394815e-05  0.00011775876  -1.0494373e-05  -3.4262736e-05  6.5739212e-05  0.00044125747  5.7600225e-05  7.3252184e-05  -1.7302019e-05  -0.00030372715  0.0000000   0.0013161485  0.0025310877  -0.00097739197  -0.00041973493  -0.00069289701  -1.1418206e-05  9.8292622e-05  -0.00029654197  1.0714553e-05  7.9677295e-05  -7.1430637e-05  -0.00017026973  -1.3073326e-05  0.00021083293  -4.0607588e-05  1.4108771e-05  
0.00016754199  -3.9169752e-05  2.8889368e-05  0.00012033965  -4.2304200e-05  -0.00037255329  2.0969064e-05  4.4791181e-05  2.6645417e-05  0.00066929865  5.1427040e-05  8.0486897e-06  -8.5797878e-05  -0.0014265544  -0.0013161485  0.0000000   -0.00043150637  0.00051742025  4.4763448e-05  -5.4696082e-05  -5.9120340e-05  -1.3966588e-05  -6.2558951e-05  -4.8596340e-06  4.7201047e-05  9.7329344e-05  -0.00023366721  -8.3995270e-06  -9.7780572e-05  2.6141220e-05  -0.00011770918  0.00016754199  -3.9169752e-05  2.8889368e-05  0.00012033965  -4.2304200e-05  -0.00037255329  2.0969064e-05  4.4791181e-05  2.6645417e-05  0.00066929865  5.1427040e-05  8.0486897e-06  -8.5797878e-05  -0.0014265544  -0.0013161485  0.0000000   -0.00043150637  0.00051742025  4.4763448e-05  -5.4696082e-05  -5.9120340e-05  -1.3966588e-05  -6.2558951e-05  -4.8596340e-06  4.7201047e-05  9.7329344e-05  -0.00023366721  -8.3995270e-06  -9.7780572e-05  2.6141220e-05  -0.00011770918  
0.00014222006  0.00013657507  -1.2224712e-05  4.1933894e-05  1.9712990e-06  0.00018384523  -3.5520480e-05  -8.2276755e-06  3.6724452e-05  1.1537301e-05  -6.6404578e-06  7.0888651e-07  -0.00011577776  0.00088542230  -0.0025310877  0.00043150637  0.0000000   0.0018607534  -0.00031868077  -0.00072067629  0.00011417274  -0.00011554928  -0.00025465471  -2.1958923e-05  -0.00025423084  -0.00061484920  -0.00017616431  -7.4762450e-06  2.2163655e-05  -5.3816496e-06  -0.00036231178  0.00014222006  0.00013657507  -1.2224712e-05  4.1933894e-05  1.9712990e-06  0.00018384523  -3.5520480e-05  -8.2276755e-06  3.6724452e-05  1.1537301e-05  -6.6404578e-06  7.0888651e-07  -0.00011577776  0.00088542230  -0.0025310877  0.00043150637  0.0000000   0.0018607534  -0.00031868077  -0.00072067629  0.00011417274  -0.00011554928  -0.00025465471  -2.1958923e-05  -0.00025423084  -0.00061484920  -0.00017616431  -7.4762450e-06  2.2163655e-05  -5.3816496e-06  -0.00036231178  
-8.4191949e-05  2.9923482e-05  -1.0857279e-05  -1.9171791e-05  -1.0127304e-05  -0.00019764719  2.1436481e-05  1.2696713e-05  -5.0603213e-05  -0.00035801956  -1.3836593e-05  -2.2575346e-05  1.6714700e-05  0.00016524432  0.00097739197  -0.00051742025  -0.0018607534  0.0000000   0.00020516501  0.00027427597  -1.4285302e-05  -7.5053428e-05  0.00012963249  -4.7076377e-06  -0.00035635827  0.00016813352  -0.00013866348  5.1137781e-06  -0.00018675689  2.0798283e-05  -0.00020564327  -8.4191949e-05  2.9923482e-05  -1.0857279e-05  -1.9171791e-05  -1.0127304e-05  -0.00019764719  2.1436481e-05  1.2696713e-05  -5.0603213e-05  -0.00035801956  -1.3836593e-05  -2.2575346e-05  1.6714700e-05  0.00016524432  0.00097739197  -0.00051742025  -0.0018607534  0.0000000   0.00020516501  0.00027427597  -1.4285302e-05  -7.5053428e-05  0.00012963249  -4.7076377e-06  -0.00035635827  0.00016813352  -0.00013866348  5.1137781e-06  -0.00018675689  2.0798283e-05  -0.00020564327  
-6.5789446e-06  6.6034702e-05  4.5288983e-07  -5.9855912e-05  2.6439713e-05  -5.2420972e-05  -1.1928148e-05  -0.00023967631  7.4170709e-05  6.7807915e-05  0.00016917928  -0.00010282911  -0.00052314938  0.00010453185  0.00041973493  -4.4763448e-05  0.00031868077  -0.00020516501  0.0000000   -3.1476761e-05  -0.00011744480  -0.0013477080  -1.9235408e-05  0.00021365811  -0.00029733605  -0.00010148351  -7.3552423e-05  -7.1481267e-05  7.1105533e-05  1.6349647e-05  -0.00011311971  -6.5789446e-06  6.6034702e-05  4.5288983e-07  -5.9855912e-05  2.6439713e-05  -5.2420972e-05  -1.1928148e-05  -0.00023967631  7.4170709e-05  6.7807915e-05  0.00016917928  -0.00010282911  -0.00052314938  0.00010453185  0.00041973493  -4.4763448e-05  0.00031868077  -0.00020516501  0.0000000   -3.1476761e-05  -0.00011744480  -0.0013477080  -1.9235408e-05  0.00021365811  -0.00029733605  -0.00010148351  -7.3552423e-05  -7.1481267e-05  7.1105533e-05  1.6349647e-05  -0.00011311971  
3.4772362e-05  0.00021908005  -1.5028794e-05  8.1118400e-05  3.9265720e-05  -6.3071189e-05  -3.7513266e-06  8.2794194e-05  1.0862526e-05  0.00021196123  -3.8024968e-05  4.6966032e-05  0.00021382513  0.00044233110  0.00069289701  5.4696082e-05  0.00072067629  -0.00027427597  3.1476761e-05  0.0000000   -0.00016893813  0.00043441219  -0.00020316549  -5.1656404e-05  -0.00072528121  -0.00032489230  -0.00018399521  6.1706380e-06  0.00021554677  -4.3742985e-05  -0.00027456262  3.4772362e-05  0.00021908005  -1.5028794e-05  8.1118400e-05  3.9265720e-05  -6.3071189e-05  -3.7513266e-06  8.2794194e-05  1.0862526e-05  0.00021196123  -3.8024968e-05  4.6966032e-05  0.00021382513  0.00044233110  0.00069289701  5.4696082e-05  0.00072067629  -0.00027427597  3.1476761e-05  0.0000000   -0.00016893813  0.00043441219  -0.00020316549  -5.1656404e-05  -0.00072528121  -0.00032489230  -0.00018399521  6.1706380e-06  0.00021554677  -4.3742985e-05  -0.00027456262  
2.7122786e-05  -1.0568284e-05  3.8459024e-05  -0.00018344314  -2.4211645e-05  -8.1081217e-06  -0.00011218504  3.9739786e-05  0.00022794426  -2.3171878e-05  0.00032638606  -2.0970782e-06  2.3609086e-05  3.5597961e-05  1.1418206e-05  5.9120340e-05  -0.00011417274  1.4285302e-05  0.00011744480  0.00016893813  0.0000000   0.0042269457  -9.5612412e-05  -0.00038950482  1.3191645e-05  9.5330108e-06  2.6800371e-05  3.3963197e-05  -2.2582019e-05  -0.00018186286  -1.6796957e-05  2.7122786e-05  -1.0568284e-05  3.8459024e-05  -0.00018344314  -2.4211645e-05  -8.1081217e-06  -0.00011218504  3.9739786e-05  0.00022794426  -2.3171878e-05  0.00032638606  -2.0970782e-06  2.3609086e-05  3.5597961e-05  1.1418206e-05  5.9120340e-05  -0.00011417274  1.4285302e-05  0.00011744480  0.00016893813  0.0000000   0.0042269457  -9.5612412e-05  -0.00038950482  1.3191645e-05  9.5330108e-06  2.6800371e-05  3.3963197e-05  -2.2582019e-05  -0.00018186286  -1.6796957e-05  
-1.7296139e-05  -1.7579828e-05  4.6314155e-05  -0.00019770695  -6.5971531e-05  3.8105999e-07  -0.00029844259  -8.3604480e-05  -7.5324963e-05  -9.0497150e-05  0.00013582998  0.00030539333  -0.00022512878  2.5519248e-05  -9.8292622e-05  1.3966588e-05  0.00011554928  7.5053428e-05  0.0013477080  -0.00043441219  -0.0042269457  0.0000000   0.00020506963  0.00092249027  -4.7650419e-05  -2.3643253e-05  4.5532893e-05  -0.00018853317  6.4045611e-06  0.00014275902  1.4621512e-05  -1.7296139e-05  -1.7579828e-05  4.6314155e-05  -0.00019770695  -6.5971531e-05  3.8105999e-07  -0.00029844259  -8.3604480e-05  -7.5324963e-05  -9.0497150e-05  0.00013582998  0.00030539333  -0.00022512878  2.5519248e-05  -9.8292622e-05  1.3966588e-05  0.00011554928  7.5053428e-05  0.0013477080  -0.00043441219  -0.0042269457  0.0000000   0.00020506963  0.00092249027  -4.7650419e-05  -2.3643253e-05  4.5532893e-05  -0.00018853317  6.4045611e-06  0.00014275902  1.4621512e-05  
-0.00010463104  -4.7734094e-05  2.0393895e-05  -8.5482643e-06  1.4622981e-05  -0.00018390411  2.2994087e-05  2.5655046e-05  -2.1189188e-05  -0.00025566749  -4.1316414e-05  -1.1525687e-05  1.8149185e-05  -0.00020939200  0.00029654197  6.2558951e-05  0.00025465471  -0.00012963249  1.9235408e-05  0.00020316549  9.5612412e-05  -0.00020506963  0.0000000   1.4553244e-05  -8.0492424e-05  0.0010479141  0.00034406235  5.5140161e-05  5.1081336e-05  -7.7050510e-06  -3.5740119e-05  -0.00010463104  -4.7734094e-05  2.0393895e-05  -8.5482643e-06  1.4622981e-05  -0.00018390411  2.2994087e-05  2.5655046e-05  -2.1189188e-05  -0.00025566749  -4.1316414e-05  -1.1525687e-05  1.8149185e-05  -0.00020939200  0.00029654197  6.2558951e-05  0.00025465471  -0.00012963249  1.9235408e-05  0.00020316549  9.5612412e-05  -0.00020506963  0.0000000   1.4553244e-05  -8.0492424e-05  0.0010479141  0.00034406235  5.5140161e-05  5.1081336e-05  -7.7050510e-06  -3.5740119e-05  
1.9319788e-05  1.5761738e-05  0.00013156929  0.00010662686  5.2630263e-05  2.9849734e-05  1.8428172e-06  0.00034639070  -9.5065533e-05  4.3659631e-05  -0.00017820072  9.4859313e-05  -9.6352025e-05  1.2164875e-05  -1.0714553e-05  4.8596340e-06  2.1958923e-05  4.7076377e-06  -0.00021365811  5.1656404e-05  0.00038950482  -0.00092249027  -1.4553244e-05  0.0000000   -1.6039857e-05  -2.5821969e-06  -6.5953113e-05  0.00061684092  -8.3265515e-05  -0.00023469332  -1.4587154e-05  1.9319788e-05  1.5761738e-05  0.00013156929  0.00010662686  5.2630263e-05  2.9849734e-05  1.8428172e-06  0.00034639070  -9.5065533e-05  4.3659631e-05  -0.00017820072  9.4859313e-05  -9.6352025e-05  1.2164875e-05  -1.0714553e-05  4.8596340e-06  2.1958923e-05  4.7076377e-06  -0.00021365811  5.1656404e-05  0.00038950482  -0.00092249027  -1.4553244e-05  0.0000000   -1.6039857e-05  -2.5821969e-06  -6.5953113e-05  0.00061684092  -8.3265515e-05  -0.00023469332  -1.4587154e-05  
-2.3527467e-05  0.00010409471  -9.7369778e-06  -5.3511969e-06  1.4863040e-05  6.5820702e-05  8.8807700e-06  -1.7557977e-05  -1.6112156e-06  -4.2193668e-05  3.8697068e-05  5.1109817e-06  -1.5373651e-06  0.00019420140  -7.9677295e-05  -4.7201047e-05  0.00025423084  0.00035635827  0.00029733605  0.00072528121  -1.3191645e-05  4.7650419e-05  8.0492424e-05  1.6039857e-05  0.0000000   0.0012586013  0.00032431335  -3.6784903e-05  -0.00022071757  7.9880779e-05  -0.00025396647  -2.3527467e-05  0.00010409471  -9.7369778e-06  -5.3511969e-06  1.4863040e-05  6.5820702e-05  8.8807700e-06  -1.7557977e-05  -1.6112156e-06  -4.2193668e-05  3.8697068e-05  5.1109817e-06  -1.5373651e-06  0.00019420140  -7.9677295e-05  -4.7201047e-05  0.00025423084  0.00035635827  0.00029733605  0.00072528121  -1.3191645e-05  4.7650419e-05  8.0492424e-05  1.6039857e-05  0.0000000   0.0012586013  0.00032431335  -3.6784903e-05  -0.00022071757  7.9880779e-05  -0.00025396647  
0.00012981203  -0.00012565097  -7.5657706e-06  -1.4864292e-05  -4.0078380e-05  -1.6675151e-06  3.2294373e-06  3.8369481e-06  4.4861000e-06  -2.1668653e-05  1.0389563e-05  1.3916277e-05  1.7289368e-05  -0.00011421275  7.1430637e-05  -9.7329344e-05  0.00061484920  -0.00016813352  0.00010148351  0.00032489230  -9.5330108e-06  2.3643253e-05  -0.0010479141  2.5821969e-06  -0.0012586013  0.0000000   -0.0020232841  -7.4643950e-05  -0.0013167417  0.00034399496  -0.00047520304  0.00012981203  -0.00012565097  -7.5657706e-06  -1.4864292e-05  -4.0078380e-05  -1.6675151e-06  3.2294373e-06  3.8369481e-06  4.4861000e-06  -2.1668653e-05  1.0389563e-05  1.3916277e-05  1.7289368e-05  -0.00011421275  7.1430637e-05  -9.7329344e-05  0.00061484920  -0.00016813352  0.00010148351  0.00032489230  -9.5330108e-06  2.3643253e-05  -0.0010479141  2.5821969e-06  -0.0012586013  0.0000000   -0.0020232841  -7.4643950e-05  -0.0013167417  0.00034399496  -0.00047520304  
4.5433295e-05  1.5447246e-06  2.6023986e-06  5.4017641e-06  1.5017417e-05  5.5501634e-05  -4.8815286e-06  -1.3878141e-05  9.9352769e-06  0.00015014292  7.8038931e-06  1.9288930e-05  1.8202464e-05  4.5159240e-05  0.00017026973  0.00023366721  0.00017616431  0.00013866348  7.3552423e-05  0.00018399521  -2.6800371e-05  -4.5532893e-05  -0.00034406235  6.5953113e-05  -0.00032431335  0.0020232841  0.0000000   -2.4174951e-05  1.4218212e-05  4.0320393e-05  0.00049066593  4.5433295e-05  1.5447246e-06  2.6023986e-06  5.4017641e-06  1.5017417e-05  5.5501634e-05  -4.8815286e-06  -1.3878141e-05  9.9352769e-06  0.00015014292  7.8038931e-06  1.9288930e-05  1.8202464e-05  4.5159240e-05  0.00017026973  0.00023366721  0.00017616431  0.00013866348  7.3552423e-05  0.00018399521  -2.6800371e-05  -4.5532893e-05  -0.00034406235  6.5953113e-05  -0.00032431335  0.0020232841  0.0000000   -2.4174951e-05  1.4218212e-05  4.0320393e-05  0.00049066593  
3.9797866e-06  1.3022648e-06  3.4061923e-05  -3.8169798e-05  4.0600288e-05  1.5103546e-05  1.6432405e-05  0.00010485507  8.5739919e-05  9.6440765e-08  -9.8104588e-05  -3.1839769e-05  -0.00013719483  1.2250898e-05  1.3073326e-05  8.3995270e-06  7.4762450e-06  -5.1137781e-06  7.1481267e-05  -6.1706380e-06  -3.3963197e-05  0.00018853317  -5.5140161e-05  -0.00061684092  3.6784903e-05  7.4643950e-05  2.4174951e-05  0.0000000   6.2830548e-05  0.00021816280  9.7109188e-05  3.9797866e-06  1.3022648e-06  3.4061923e-05  -3.8169798e-05  4.0600288e-05  1.5103546e-05  1.6432405e-05  0.00010485507  8.5739919e-05  9.6440765e-08  -9.8104588e-05  -3.1839769e-05  -0.00013719483  1.2250898e-05  1.3073326e-05  8.3995270e-06  7.4762450e-06  -5.1137781e-06  7.1481267e-05  -6.1706380e-06  -3.3963197e-05  0.00018853317  -5.5140161e-05  -0.00061684092  3.6784903e-05  7.4643950e-05  2.4174951e-05  0.0000000   6.2830548e-05  0.00021816280  9.7109188e-05  
-9.1481059e-05  -7.7397184e-05  2.6535435e-05  8.3982118e-07  1.9284401e-05  6.5681601e-05  7.2345013e-06  1.2730881e-05  3.0834427e-05  0.00015067554  1.6955486e-05  2.1108322e-07  2.8342443e-05  -3.5544209e-06  -0.00021083293  9.7780572e-05  -2.2163655e-05  0.00018675689  -7.1105533e-05  -0.00021554677  2.2582019e-05  -6.4045611e-06  -5.1081336e-05  8.3265515e-05  0.00022071757  0.0013167417  -1.4218212e-05  -6.2830548e-05  0.0000000   1.2933405e-06  -0.00060665546  -9.1481059e-05  -7.7397184e-05  2.6535435e-05  8.3982118e-07  1.9284401e-05  6.5681601e-05  7.2345013e-06  1.2730881e-05  3.0834427e-05  0.00015067554  1.6955486e-05  2.1108322e-07  2.8342443e-05  -3.5544209e-06  -0.00021083293  9.7780572e-05  -2.2163655e-05  0.00018675689  -7.1105533e-05  -0.00021554677  2.2582019e-05  -6.4045611e-06  -5.1081336e-05  8.3265515e-05  0.00022071757  0.0013167417  -1.4218212e-05  -6.2830548e-05  0.0000000   1.2933405e-06  -0.00060665546  
2.8833142e-05  2.7950274e-05  3.0682921e-05  8.9248443e-05  2.7889664e-05  -1.7469982e-05  4.4644131e-05  1.6440489e-05  7.5016788e-05  -4.7108087e-05  9.0520787e-05  -6.6776331e-06  9.0174839e-05  5.9123350e-06  4.0607588e-05  -2.6141220e-05  5.3816496e-06  -2.0798283e-05  -1.6349647e-05  4.3742985e-05  0.00018186286  -0.00014275902  7.7050510e-06  0.00023469332  -7.9880779e-05  -0.00034399496  -4.0320393e-05  -0.00021816280  -1.2933405e-06  0.0000000   1.9259269e-05  2.8833142e-05  2.7950274e-05  3.0682921e-05  8.9248443e-05  2.7889664e-05  -1.7469982e-05  4.4644131e-05  1.6440489e-05  7.5016788e-05  -4.7108087e-05  9.0520787e-05  -6.6776331e-06  9.0174839e-05  5.9123350e-06  4.0607588e-05  -2.6141220e-05  5.3816496e-06  -2.0798283e-05  -1.6349647e-05  4.3742985e-05  0.00018186286  -0.00014275902  7.7050510e-06  0.00023469332  -7.9880779e-05  -0.00034399496  -4.0320393e-05  -0.00021816280  -1.2933405e-06  0.0000000   1.9259269e-05  
3.2232892e-05  9.0755914e-06  -5.3825771e-06  1.2033491e-05  2.0682966e-05  5.4503775e-05  2.5820354e-07  -4.5552320e-06  -5.1602004e-06  -3.7258054e-05  -2.3574713e-06  5.0212169e-06  -3.0999972e-06  0.00013047905  -1.4108771e-05  0.00011770918  0.00036231178  0.00020564327  0.00011311971  0.00027456262  1.6796957e-05  -1.4621512e-05  3.5740119e-05  1.4587154e-05  0.00025396647  0.00047520304  -0.00049066593  -9.7109188e-05  0.00060665546  -1.9259269e-05  0.0000000   3.2232892e-05  9.0755914e-06  -5.3825771e-06  1.2033491e-05  2.0682966e-05  5.4503775e-05  2.5820354e-07  -4.5552320e-06  -5.1602004e-06  -3.7258054e-05  -2.3574713e-06  5.0212169e-06  -3.0999972e-06  0.00013047905  -1.4108771e-05  0.00011770918  0.00036231178  0.00020564327  0.00011311971  0.00027456262  1.6796957e-05  -1.4621512e-05  3.5740119e-05  1.4587154e-05  0.00025396647  0.00047520304  -0.00049066593  -9.7109188e-05  0.00060665546  -1.9259269e-05  0.0000000   
0.0000000   0.0024425770  -0.00013841317  2.5420489e-05  0.00024664820  -0.00067192897  2.3291758e-05  -7.4567310e-05  -3.5029962e-06  -0.00028975686  -1.1022034e-05  -3.0325921e-05  -4.3153535e-05  8.8776668e-07  -2.1798265e-05  -0.00016754199  -0.00014222006  8.4191949e-05  6.5789446e-06  -3.4772362e-05  -2.7122786e-05  1.7296139e-05  0.00010463104  -1.9319788e-05  2.3527467e-05  -0.00012981203  -4.5433295e-05  -3.9797866e-06  9.1481059e-05  -2.8833142e-05  -3.2232892e-05  0.0000000   0.0024425770  -0.00013841317  2.5420489e-05  0.00024664820  -0.00067192897  2.3291758e-05  -7.4567310e-05  -3.5029962e-06  -0.00028975686  -1.1022034e-05  -3.0325921e-05  -4.3153535e-05  8.8776668e-07  -2.1798265e-05  -0.00016754199  -0.00014222006  8.4191949e-05  6.5789446e-06  -3.4772362e-05  -2.7122786e-05  1.7296139e-05  0.00010463104  -1.9319788e-05  2.3527467e-05  -0.00012981203  -4.5433295e-05  -3.9797866e-06  9.1481059e-05  -2.8833142e-05  -3.2232892e-05  
-0.0024425770  0.0000000   0.00015293749  -0.00079164152  -0.00010317346  -5.6155685e-05  3.7524830e-05  -1.4599296e-05  5.5529985e-05  0.00033462777  2.2556788e-05  6.0862424e-06  4.4457544e-05  -0.00016115964  -2.0372452e-05  3.9169752e-05  -0.00013657507  -2.9923482e-05  -6.6034702e-05  -0.00021908005  1.0568284e-05  1.7579828e-05  4.7734094e-05  -1.5761738e-05  -0.00010409471  0.00012565097  -1.5447246e-06  -1.3022648e-06  7.7397184e-05  -2.7950274e-05  -9.0755914e-06  -0.0024425770  0.0000000   0.00015293749  -0.00079164152  -0.00010317346  -5.6155685e-05  3.7524830e-05  -1.4599296e-05  5.5529985e-05  0.00033462777  2.2556788e-05  6.0862424e-06  4.4457544e-05  -0.00016115964  -2.0372452e-05  3.9169752e-05  -0.00013657507  -2.9923482e-05  -6.6034702e-05  -0.00021908005  1.0568284e-05  1.7579828e-05  4.7734094e-05  -1.5761738e-05  -0.00010409471  0.00012565097  -1.5447246e-06  -1.3022648e-06  7.7397184e-05  -2.7950274e-05  -9.0755914e-06  
0.00013841317  -0.00015293749  0.0000000   -0.0018953350  -0.00049302621  -4.1715552e-05  -0.00037016819  -0.00074621460  0.00017401089  1.3685601e-05  1.7800343e-05  -9.1379346e-05  -0.00024736584  -2.0985800e-05  -3.2870309e-06  -2.8889368e-05  1.2224712e-05  1.0857279e-05  -4.5288983e-07  1.5028794e-05  -3.8459024e-05  -4.6314155e-05  -2.0393895e-05  -0.00013156929  9.7369778e-06  7.5657706e-06  -2.6023986e-06  -3.4061923e-05  -2.6535435e-05  -3.0682921e-05  5.3825771e-06  0.00013841317  -0.00015293749  0.0000000   -0.0018953350  -0.00049302621  -4.1715552e-05  -0.00037016819  -0.00074621460  0.00017401089  1.3685601e-05  1.7800343e-05  -9.1379346e-05  -0.00024736584  -2.0985800e-05  -3.2870309e-06  -2.8889368e-05  1.2224712e-05  1.0857279e-05  -4.5288983e-07  1.5028794e-05  -3.8459024e-05  -4.6314155e-05  -2.0393895e-05  -0.00013156929  9.7369778e-06  7.5657706e-06  -2.6023986e-06  -3.4061923e-05  -2.6535435e-05  -3.0682921e-05  5.3825771e-06  
-2.5420489e-05  0.00079164152  0.0018953350  0.0000000   -0.011787368  0.00018842113  -0.00029829654  0.00042480621  -0.00030134013  0.00011658502  0.00015819159  0.00014819794  2.4770828e-06  -0.00012970554  5.6019472e-06  -0.00012033965  -4.1933894e-05  1.9171791e-05  5.9855912e-05  -8.1118400e-05  0.00018344314  0.00019770695  8.5482643e-06  -0.00010662686  5.3511969e-06  1.4864292e-05  -5.4017641e-06  3.8169798e-05  -8.3982118e-07  -8.9248443e-05  -1.2033491e-05  -2.5420489e-05  0.00079164152  0.0018953350  0.0000000   -0.011787368  0.00018842113  -0.00029829654  0.00042480621  -0.00030134013  0.00011658502  0.00015819159  0.00014819794  2.4770828e-06  -0.00012970554  5.6019472e-06  -0.00012033965  -4.1933894e-05  1.9171791e-05  5.9855912e-05  -8.1118400e-05  0.00018344314  0.00019770695  8.5482643e-06  -0.00010662686  5.3511969e-06  1.4864292e-05  -5.4017641e-06  3.8169798e-05  -8.3982118e-07  -8.9248443e-05  -1.2033491e-05  
-0.00024664820  0.00010317346  0.00049302621  0.011787368  0.0000000   0.00010718491  -0.00070115427  -0.00041146427  -0.00013287985  1.5054653e-05  -0.00042885078  -0.00012716268  -0.00059040678  5.7555517e-05  3.9394815e-05  4.2304200e-05  -1.9712990e-06  1.0127304e-05  -2.6439713e-05  -3.9265720e-05  2.4211645e-05  6.5971531e-05  -1.4622981e-05  -5.2630263e-05  -1.4863040e-05  4.0078380e-05  -1.5017417e-05  -4.0600288e-05  -1.9284401e-05  -2.7889664e-05  -2.0682966e-05  -0.00024664820  0.00010317346  0.00049302621  0.011787368  0.0000000   0.00010718491  -0.00070115427  -0.00041146427  -0.00013287985  1.5054653e-05  -0.00042885078  -0.00012716268  -0.00059040678  5.7555517e-05  3.9394815e-05  4.2304200e-05  -1.9712990e-06  1.0127304e-05  -2.6439713e-05  -3.9265720e-05  2.4211645e-05  6.5971531e-05  -1.4622981e-05  -5.2630263e-05  -1.4863040e-05  4.0078380e-05  -1.5017417e-05  -4.0600288e-05  -1.9284401e-05  -2.7889664e-05  -2.0682966e-05  
0.00067192897  5.6155685e-05  4.1715552e-05  -0.00018842113  -0.00010718491  0.0000000   -3.5668530e-05  0.00016122007  0.00012330206  0.0010634672  6.9918559e-05  0.00012206066  -4.7124729e-05  0.00022152389  -0.00011775876  0.00037255329  -0.00018384523  0.00019764719  5.2420972e-05  6.3071189e-05  8.1081217e-06  -3.8105999e-07  0.00018390411  -2.9849734e-05  -6.5820702e-05  1.6675151e-06  -5.5501634e-05  -1.5103546e-05  -6.5681601e-05  1.7469982e-05  -5.4503775e-05  0.00067192897  5.6155685e-05  4.1715552e-05  -0.00018842113  -0.00010718491  0.0000000   -3.5668530e-05  0.00016122007  0.00012330206  0.0010634672  6.9918559e-05  0.00012206066  -4.7124729e-05  0.00022152389  -0.00011775876  0.00037255329  -0.00018384523  0.00019764719  5.2420972e-05  6.3071189e-05  8.1081217e-06  -3.8105999e-07  0.00018390411  -2.9849734e-05  -6.5820702e-05  1.6675151e-06  -5.5501634e-05  -1.5103546e-05  -6.5681601e-05  1.7469982e-05  -5.4503775e-05  
-2.3291758e-05  -3.7524830e-05  0.00037016819  0.00029829654  0.00070115427  3.5668530e-05  0.0000000   0.0017713774  0.00042511792  -0.00015259995  -4.4675178e-06  8.9879165e-05  -0.00056753586  -2.3873076e-05  1.0494373e-05  -2.0969064e-05  3.5520480e-05  -2.1436481e-05  1.1928148e-05  3.7513266e-06  0.00011218504  0.00029844259  -2.2994087e-05  -1.8428172e-06  -8.8807700e-06  -3.2294373e-06  4.8815286e-06  -1.6432405e-05  -7.2345013e-06  -4.4644131e-05  -2.5820354e-07  -2.3291758e-05  -3.7524830e-05  0.00037016819  0.00029829654  0.00070115427  3.5668530e-05  0.0000000   0.0017713774  0.00042511792  -0.00015259995  -4.4675178e-06  8.9879165e-05  -0.00056753586  -2.3873076e-05  1.0494373e-05  -2.0969064e-05  3.5520480e-05  -2.1436481e-05  1.1928148e-05  3.7513266e-06  0.00011218504  0.00029844259  -2.2994087e-05  -1.8428172e-06  -8.8807700e-06  -3.2294373e-06  4.8815286e-06  -1.6432405e-05  -7.2345013e-06  -4.4644131e-05  -2.5820354e-07  
7.4567310e-05  1.4599296e-05  0.00074621460  -0.00042480621  0.00041146427  -0.00016122007  -0.0017713774  0.0000000   0.0020289423  -0.00012471770  -0.00014439251  0.00024066481  0.00024083217  -4.9282055e-05  3.4262736e-05  -4.4791181e-05  8.2276755e-06  -1.2696713e-05  0.00023967631  -8.2794194e-05  -3.9739786e-05  8.3604480e-05  -2.5655046e-05  -0.00034639070  1.7557977e-05  -3.8369481e-06  1.3878141e-05  -0.00010485507  -1.2730881e-05  -1.6440489e-05  4.5552320e-06  7.4567310e-05  1.4599296e-05  0.00074621460  -0.00042480621  0.00041146427  -0.00016122007  -0.0017713774  0.0000000   0.0020289423  -0.00012471770  -0.00014439251  0.00024066481  0.00024083217  -4.9282055e-05  3.4262736e-05  -4.4791181e-05  8.2276755e-06  -1.2696713e-05  0.00023967631  -8.2794194e-05  -3.9739786e-05  8.3604480e-05  -2.5655046e-05  -0.00034639070  1.7557977e-05  -3.8369481e-06  1.3878141e-05  -0.00010485507  -1.2730881e-05  -1.6440489e-05  4.5552320e-06  
3.5029962e-06  -5.5529985e-05  -0.00017401089  0.00030134013  0.00013287985  -0.00012330206  -0.00042511792  -0.0020289423  0.0000000   -6.6923292e-05  0.0012429920  0.00070947521  0.00049599421  -8.7917325e-05  -6.5739212e-05  -2.6645417e-05  -3.6724452e-05  5.0603213e-05  -7.4170709e-05  -1.0862526e-05  -0.00022794426  7.5324963e-05  2.1189188e-05  9.5065533e-05  1.6112156e-06  -4.4861000e-06  -9.9352769e-06  -8.5739919e-05  -3.0834427e-05  -7.5016788e-05  5.1602004e-06  3.5029962e-06  -5.5529985e-05  -0.00017401089  0.00030134013  0.00013287985  -0.00012330206  -0.00042511792  -0.0020289423  0.0000000   -6.6923292e-05  0.0012429920  0.00070947521  0.00049599421  -8.7917325e-05  -6.5739212e-05  -2.6645417e-05  -3.6724452e-05  5.0603213e-05  -7.4170709e-05  -1.0862526e-05  -0.00022794426  7.5324963e-05  2.1189188e-05  9.5065533e-05  1.6112156e-06  -4.4861000e-06  -9.9352769e-06  -8.5739919e-05  -3.0834427e-05  -7.5016788e-05  5.1602004e-06  
0.00028975686  -0.00033462777  -1.3685601e-05  -0.00011658502  -1.5054653e-05  -0.0010634672  0.00015259995  0.00012471770  6.6923292e-05  0.0000000   0.00011020047  -0.00032567448  -9.5578461e-05  -0.00080062915  -0.00044125747  -0.00066929865  -1.1537301e-05  0.00035801956  -6.7807915e-05  -0.00021196123  2.3171878e-05  9.0497150e-05  0.00025566749  -4.3659631e-05  4.2193668e-05  2.1668653e-05  -0.00015014292  -9.6440765e-08  -0.00015067554  4.7108087e-05  3.7258054e-05  0.00028975686  -0.00033462777  -1.3685601e-05  -0.00011658502  -1.5054653e-05  -0.0010634672  0.00015259995  0.00012471770  6.6923292e-05  0.0000000   0.00011020047  -0.00032567448  -9.5578461e-05  -0.00080062915  -0.00044125747  -0.00066929865  -1.1537301e-05  0.00035801956  -6.7807915e-05  -0.00021196123  2.3171878e-05  9.0497150e-05  0.00025566749  -4.3659631e-05  4.2193668e-05  2.1668653e-05  -0.00015014292  -9.6440765e-08  -0.00015067554  4.7108087e-05  3.7258054e-05  
