0.0000000   -0.0014811600  0.00012843376  0.00022971715  -7.5446382e-05  -7.1152159e-05  3.5994880e-06  0.00020343113  -0.00011355335  1.1309410e-05  0.00012209457  -1.1582861e-05  -7.4190318e-05  -2.4550021e-05  8.5145050e-06  -6.9004763e-05  -2.3892226e-05  2.5436370e-05  -3.3890273e-05  -8.7189261e-05  -1.6499820e-05  -4.9443515e-05  9.1476138e-05  6.2884412e-06  -7.8059006e-05  -1.7971594e-06  -2.0549895e-05  4.4805207e-06  -1.6218097e-05  1.2365899e-05  -1.6626075e-05  0.0000000   -0.0014811600  0.00012843376  0.00022971715  -7.5446382e-05  -7.1152159e-05  3.5994880e-06  0.00020343113  -0.00011355335  1.1309410e-05  0.00012209457  -1.1582861e-05  -7.4190318e-05  -2.4550021e-05  8.5145050e-06  -6.9004763e-05  -2.3892226e-05  2.5436370e-05  -3.3890273e-05  -8.7189261e-05  -1.6499820e-05  -4.9443515e-05  9.1476138e-05  6.2884412e-06  -7.8059006e-05  -1.7971594e-06  -2.0549895e-05  4.4805207e-06  -1.6218097e-05  1.2365899e-05  -1.6626075e-05  
0.0014811600  0.0000000   -0.00016908467  0.0010494825  -0.00019293572  -0.0016830406  8.0578781e-05  0.00031014448  -9.9155782e-05  -0.00010178708  4.3408526e-05  -1.5236841e-05  0.00025372728  5.7631586e-05  -1.7465580e-05  0.00017673730  5.8841755e-06  7.3665988e-05  -1.6252360e-06  -0.00018479632  -5.1243613e-05  9.9854028e-05  9.2585356e-06  5.5578473e-06  0.00010069802  -7.4318486e-06  -8.0822379e-05  4.9988864e-06  3.8222672e-06  -7.1247409e-05  2.0099625e-05  0.0014811600  0.0000000   -0.00016908467  0.0010494825  -0.00019293572  -0.0016830406  8.0578781e-05  0.00031014448  -9.9155782e-05  -0.00010178708  4.3408526e-05  -1.5236841e-05  0.00025372728  5.7631586e-05  -1.7465580e-05  0.00017673730  5.8841755e-06  7.3665988e-05  -1.6252360e-06  -0.00018479632  -5.1243613e-05  9.9854028e-05  9.2585356e-06  5.5578473e-06  0.00010069802  -7.4318486e-06  -8.0822379e-05  4.9988864e-06  3.8222672e-06  -7.1247409e-05  2.0099625e-05  
-0.00012843376  0.00016908467  0.0000000   -1.5865952e-05  -0.0031369940  -6.6080125e-07  0.00021342326  -0.00015940592  -2.7238213e-05  -7.7182567e-05  4.2788173e-06  0.00045244048  -2.2605827e-05  0.00012679840  7.2300825e-06  2.4622004e-05  6.8834222e-06  -4.8513261e-06  -0.00030348151  4.0113767e-05  -2.1519538e-05  -1.4061801e-05  -7.4686479e-06  -6.9805731e-05  2.5309180e-05  5.6217664e-05  2.4176327e-05  -1.8900239e-05  8.8966635e-07  3.4092976e-07  7.3992212e-06  -0.00012843376  0.00016908467  0.0000000   -1.5865952e-05  -0.0031369940  -6.6080125e-07  0.00021342326  -0.00015940592  -2.7238213e-05  -7.7182567e-05  4.2788173e-06  0.00045244048  -2.2605827e-05  0.00012679840  7.2300825e-06  2.4622004e-05  6.8834222e-06  -4.8513261e-06  -0.00030348151  4.0113767e-05  -2.1519538e-05  -1.4061801e-05  -7.4686479e-06  -6.9805731e-05  2.5309180e-05  5.6217664e-05  2.4176327e-05  -1.8900239e-05  8.8966635e-07  3.4092976e-07  7.3992212e-06  
-0.00022971715  -0.0010494825  1.5865952e-05  0.0000000   -6.4822491e-05  -0.0027306846  6.0365380e-05  0.00024762683  -0.00063149363  0.00077383326  -0.00048784295  -3.2400294e-05  -0.00052411669  2.3300860e-05  -2.2530694e-05  -1.4821713e-05  -8.4399454e-06  0.00019189555  -2.9997176e-05  -0.00021096960  -3.3376438e-05  -9.0950726e-05  0.00020392352  4.8130925e-06  -5.7865551e-05  -1.3347470e-05  2.5685801e-05  2.2379721e-06  -3.2641530e-06  3.8500481e-05  -1.2261210e-05  -0.00022971715  -0.0010494825  1.5865952e-05  0.0000000   -6.4822491e-05  -0.0027306846  6.0365380e-05  0.00024762683  -0.00063149363  0.00077383326  -0.00048784295  -3.2400294e-05  -0.00052411669  2.3300860e-05  -2.2530694e-05  -1.4821713e-05  -8.4399454e-06  0.00019189555  -2.9997176e-05  -0.00021096960  -3.3376438e-05  -9.0950726e-05  0.00020392352  4.8130925e-06  -5.7865551e-05  -1.3347470e-05  2.5685801e-05  2.2379721e-06  -3.2641530e-06  3.8500481e-05  -1.2261210e-05  
7.5446382e-05  0.00019293572  0.0031369940  6.4822491e-05  0.0000000   -0.00010020786  0.00015196245  -1.5777464e-05  7.0880329e-05  -6.0530524e-05  3.0381084e-05  -9.1822943e-05  2.2998585e-05  9.8440674e-05  -8.9237553e-05  6.5091970e-06  9.4883040e-05  -2.4392956e-05  -0.00027606558  4.9555640e-05  2.6244329e-05  -1.2368765e-05  -1.1118529e-05  -8.7087410e-05  -7.3432842e-06  0.00013580163  -1.9168117e-06  -0.00011635867  -0.00013244981  -3.6087759e-06  -4.5547955e-05  7.5446382e-05  0.00019293572  0.0031369940  6.4822491e-05  0.0000000   -0.00010020786  0.00015196245  -1.5777464e-05  7.0880329e-05  -6.0530524e-05  3.0381084e-05  -9.1822943e-05  2.2998585e-05  9.8440674e-05  -8.9237553e-05  6.5091970e-06  9.4883040e-05  -2.4392956e-05  -0.00027606558  4.9555640e-05  2.6244329e-05  -1.2368765e-05  -1.1118529e-05  -8.7087410e-05  -7.3432842e-06  0.00013580163  -1.9168117e-06  -0.00011635867  -0.00013244981  -3.6087759e-06  -4.5547955e-05  
7.1152159e-05  0.0016830406  6.6080125e-07  0.0027306846  0.00010020786  0.0000000   -0.00017475744  -0.0027414767  -7.7191157e-05  -0.00019037346  -4.2594639e-05  -2.1765823e-05  -0.00026166680  -3.3227398e-05  -7.7872310e-06  0.00036120823  4.1624369e-05  -4.8623237e-05  2.9077151e-05  0.00010457150  0.00013030848  -0.00012946598  -7.4779859e-05  9.0850795e-06  0.00017753948  -1.2925303e-05  0.00031452256  7.3879371e-06  8.3118662e-07  3.5557820e-05  3.5437254e-06  7.1152159e-05  0.0016830406  6.6080125e-07  0.0027306846  0.00010020786  0.0000000   -0.00017475744  -0.0027414767  -7.7191157e-05  -0.00019037346  -4.2594639e-05  -2.1765823e-05  -0.00026166680  -3.3227398e-05  -7.7872310e-06  0.00036120823  4.1624369e-05  -4.8623237e-05  2.9077151e-05  0.00010457150  0.00013030848  -0.00012946598  -7.4779859e-05  9.0850795e-06  0.00017753948  -1.2925303e-05  0.00031452256  7.3879371e-06  8.3118662e-07  3.5557820e-05  3.5437254e-06  
-3.5994880e-06  -8.0578781e-05  -0.00021342326  -6.0365380e-05  -0.00015196245  0.00017475744  0.0000000   5.1905475e-05  -4.9786406e-05  0.00016592791  -3.0439590e-05  0.00032965515  -2.5467171e-05  -0.00011757771  0.00032087832  -2.9606353e-05  2.9097983e-05  1.3766094e-05  6.6569061e-05  -2.8151968e-05  8.3084025e-06  7.2790667e-06  3.3689895e-05  9.7486826e-06  -1.5823762e-05  4.9647229e-05  -1.1856198e-05  -0.00020270964  -9.0976892e-05  6.5343327e-06  4.1399281e-06  -3.5994880e-06  -8.0578781e-05  -0.00021342326  -6.0365380e-05  -0.00015196245  0.00017475744  0.0000000   5.1905475e-05  -4.9786406e-05  0.00016592791  -3.0439590e-05  0.00032965515  -2.5467171e-05  -0.00011757771  0.00032087832  -2.9606353e-05  2.9097983e-05  1.3766094e-05  6.6569061e-05  -2.8151968e-05  8.3084025e-06  7.2790667e-06  3.3689895e-05  9.7486826e-06  -1.5823762e-05  4.9647229e-05  -1.1856198e-05  -0.00020270964  -9.0976892e-05  6.5343327e-06  4.1399281e-06  
-0.00020343113  -0.00031014448  0.00015940592  -0.00024762683  1.5777464e-05  0.0027414767  -5.1905475e-05  0.0000000   -8.7389974e-05  0.0015970685  -0.00028190456  3.7290383e-06  -0.00024564060  3.5896213e-05  -6.8568514e-06  -0.00042888268  -1.5939481e-06  3.4825516e-05  -5.0018993e-05  -0.00022742684  0.00016904494  -5.5848950e-06  0.00023249993  1.1493416e-05  -0.00014094590  1.2144007e-06  -0.00011445697  8.1415763e-06  4.8061460e-06  7.1449162e-05  -2.6257585e-05  -0.00020343113  -0.00031014448  0.00015940592  -0.00024762683  1.5777464e-05  0.0027414767  -5.1905475e-05  0.0000000   -8.7389974e-05  0.0015970685  -0.00028190456  3.7290383e-06  -0.00024564060  3.5896213e-05  -6.8568514e-06  -0.00042888268  -1.5939481e-06  3.4825516e-05  -5.0018993e-05  -0.00022742684  0.00016904494  -5.5848950e-06  0.00023249993  1.1493416e-05  -0.00014094590  1.2144007e-06  -0.00011445697  8.1415763e-06  4.8061460e-06  7.1449162e-05  -2.6257585e-05  
0.00011355335  9.9155782e-05  2.7238213e-05  0.00063149363  -7.0880329e-05  7.7191157e-05  4.9786406e-05  8.7389974e-05  0.0000000   0.0010927111  -0.00051604325  -3.9897677e-05  0.00081633441  -2.9158664e-05  -1.6080000e-05  0.00023839459  4.0810547e-05  -0.00012210620  3.5563506e-05  0.00020173582  6.3873665e-05  4.1848163e-06  0.00011562646  1.0322505e-05  8.1640799e-05  -5.9728812e-06  4.7563060e-05  8.3600722e-06  -4.8446160e-06  -0.00012197990  2.7100611e-05  0.00011355335  9.9155782e-05  2.7238213e-05  0.00063149363  -7.0880329e-05  7.7191157e-05  4.9786406e-05  8.7389974e-05  0.0000000   0.0010927111  -0.00051604325  -3.9897677e-05  0.00081633441  -2.9158664e-05  -1.6080000e-05  0.00023839459  4.0810547e-05  -0.00012210620  3.5563506e-05  0.00020173582  6.3873665e-05  4.1848163e-06  0.00011562646  1.0322505e-05  8.1640799e-05  -5.9728812e-06  4.7563060e-05  8.3600722e-06  -4.8446160e-06  -0.00012197990  2.7100611e-05  
-1.1309410e-05  0.00010178708  7.7182567e-05  -0.00077383326  6.0530524e-05  0.00019037346  -0.00016592791  -0.0015970685  -0.0010927111  0.0000000   -6.4914811e-05  2.7297022e-05  4.9558709e-05  5.1297428e-05  2.5517621e-05  -0.00027684488  -1.7456208e-05  0.00019804955  -8.1920267e-05  -0.00037669255  -0.00012632383  0.00015773218  0.00021626385  1.2958828e-05  6.5272520e-05  -4.7302469e-06  -0.00014568674  -9.0839382e-06  -8.2794270e-06  2.2444535e-05  -1.9486932e-05  -1.1309410e-05  0.00010178708  7.7182567e-05  -0.00077383326  6.0530524e-05  0.00019037346  -0.00016592791  -0.0015970685  -0.0010927111  0.0000000   -6.4914811e-05  2.7297022e-05  4.9558709e-05  5.1297428e-05  2.5517621e-05  -0.00027684488  -1.7456208e-05  0.00019804955  -8.1920267e-05  -0.00037669255  -0.00012632383  0.00015773218  0.00021626385  1.2958828e-05  6.5272520e-05  -4.7302469e-06  -0.00014568674  -9.0839382e-06  -8.2794270e-06  2.2444535e-05  -1.9486932e-05  
-0.00012209457  -4.3408526e-05  -4.2788173e-06  0.00048784295  -3.0381084e-05  4.2594639e-05  3.0439590e-05  0.00028190456  0.00051604325  6.4914811e-05  0.0000000   0.00020213528  3.2150446e-05  -3.5718565e-05  0.00013695194  -0.00034384360  -1.0649763e-05  1.5675978e-05  1.1391894e-05  -9.5910436e-05  -0.00026217785  -0.00021280051  0.00024274254  1.5749458e-05  -5.1877232e-05  -2.5075133e-05  0.00012045495  1.7840251e-05  6.1782520e-06  0.00010248850  -4.8858778e-05  -0.00012209457  -4.3408526e-05  -4.2788173e-06  0.00048784295  -3.0381084e-05  4.2594639e-05  3.0439590e-05  0.00028190456  0.00051604325  6.4914811e-05  0.0000000   0.00020213528  3.2150446e-05  -3.5718565e-05  0.00013695194  -0.00034384360  -1.0649763e-05  1.5675978e-05  1.1391894e-05  -9.5910436e-05  -0.00026217785  -0.00021280051  0.00024274254  1.5749458e-05  -5.1877232e-05  -2.5075133e-05  0.00012045495  1.7840251e-05  6.1782520e-06  0.00010248850  -4.8858778e-05  
1.1582861e-05  1.5236841e-05  -0.00045244048  3.2400294e-05  9.1822943e-05  2.1765823e-05  -0.00032965515  -3.7290383e-06  3.9897677e-05  -2.7297022e-05  -0.00020213528  0.0000000   2.0937901e-05  0.0027947663  -0.00029858377  -2.6354857e-05  -0.00054567853  -1.5923112e-05  -0.00036683157  5.4366910e-05  -2.6334980e-06  -1.3568515e-05  -6.0175497e-05  9.0156033e-05  5.2281776e-06  -0.00011643833  9.3672167e-06  0.00025474998  -4.4682406e-05  -5.2519119e-05  -0.00026749956  1.1582861e-05  1.5236841e-05  -0.00045244048  3.2400294e-05  9.1822943e-05  2.1765823e-05  -0.00032965515  -3.7290383e-06  3.9897677e-05  -2.7297022e-05  -0.00020213528  0.0000000   2.0937901e-05  0.0027947663  -0.00029858377  -2.6354857e-05  -0.00054567853  -1.5923112e-05  -0.00036683157  5.4366910e-05  -2.6334980e-06  -1.3568515e-05  -6.0175497e-05  9.0156033e-05  5.2281776e-06  -0.00011643833  9.3672167e-06  0.00025474998  -4.4682406e-05  -5.2519119e-05  -0.00026749956  
7.4190318e-05  -0.00025372728  2.2605827e-05  0.00052411669  -2.2998585e-05  0.00026166680  2.5467171e-05  0.00024564060  -0.00081633441  -4.9558709e-05  -3.2150446e-05  -2.0937901e-05  0.0000000   -2.5119488e-06  -2.8092127e-07  -0.00070887237  -2.2186322e-05  0.00032922878  3.4326909e-05  0.00045788507  0.00044751380  -0.00022698610  0.00025726917  1.1360006e-05  -5.0458018e-05  4.3508729e-06  9.7183919e-05  1.4974535e-05  -1.8486927e-06  -0.00019312189  4.3066538e-05  7.4190318e-05  -0.00025372728  2.2605827e-05  0.00052411669  -2.2998585e-05  0.00026166680  2.5467171e-05  0.00024564060  -0.00081633441  -4.9558709e-05  -3.2150446e-05  -2.0937901e-05  0.0000000   -2.5119488e-06  -2.8092127e-07  -0.00070887237  -2.2186322e-05  0.00032922878  3.4326909e-05  0.00045788507  0.00044751380  -0.00022698610  0.00025726917  1.1360006e-05  -5.0458018e-05  4.3508729e-06  9.7183919e-05  1.4974535e-05  -1.8486927e-06  -0.00019312189  4.3066538e-05  
2.4550021e-05  -5.7631586e-05  -0.00012679840  -2.3300860e-05  -9.8440674e-05  3.3227398e-05  0.00011757771  -3.5896213e-05  2.9158664e-05  -5.1297428e-05  3.5718565e-05  -0.0027947663  2.5119488e-06  0.0000000   -0.0016139371  -0.00012049086  -0.00024543318  3.8562699e-05  0.00012618236  -2.9389218e-05  -2.8078055e-05  4.9160171e-07  3.1856411e-05  -0.00017168921  -1.9832959e-05  4.9070863e-05  4.0289816e-07  -0.00019177177  -4.3777718e-05  7.0825984e-05  0.00024908189  2.4550021e-05  -5.7631586e-05  -0.00012679840  -2.3300860e-05  -9.8440674e-05  3.3227398e-05  0.00011757771  -3.5896213e-05  2.9158664e-05  -5.1297428e-05  3.5718565e-05  -0.0027947663  2.5119488e-06  0.0000000   -0.0016139371  -0.00012049086  -0.00024543318  3.8562699e-05  0.00012618236  -2.9389218e-05  -2.8078055e-05  4.9160171e-07  3.1856411e-05  -0.00017168921  -1.9832959e-05  4.9070863e-05  4.0289816e-07  -0.00019177177  -4.3777718e-05  7.0825984e-05  0.00024908189  
-8.5145050e-06  1.7465580e-05  -7.2300825e-06  2.2530694e-05  8.9237553e-05  7.7872310e-06  -0.00032087832  6.8568514e-06  1.6080000e-05  -2.5517621e-05  -0.00013695194  0.00029858377  2.8092127e-07  0.0016139371  0.0000000   -4.9925120e-05  0.00071385695  -8.5218385e-05  -0.00089974676  5.4441875e-05  -5.4851051e-05  -4.8699997e-06  -3.9588473e-05  4.5696559e-05  -1.2630699e-05  -0.00013506206  2.5553909e-05  0.00014270135  1.2324837e-05  -4.5988587e-06  -8.6997216e-05  -8.5145050e-06  1.7465580e-05  -7.2300825e-06  2.2530694e-05  8.9237553e-05  7.7872310e-06  -0.00032087832  6.8568514e-06  1.6080000e-05  -2.5517621e-05  -0.00013695194  0.00029858377  2.8092127e-07  0.0016139371  0.0000000   -4.9925120e-05  0.00071385695  -8.5218385e-05  -0.00089974676  5.4441875e-05  -5.4851051e-05  -4.8699997e-06  -3.9588473e-05  4.5696559e-05  -1.2630699e-05  -0.00013506206  2.5553909e-05  0.00014270135  1.2324837e-05  -4.5988587e-06  -8.6997216e-05  
6.9004763e-05  -0.00017673730  -2.4622004e-05  1.4821713e-05  -6.5091970e-06  -0.00036120823  2.9606353e-05  0.00042888268  -0.00023839459  0.00027684488  0.00034384360  2.6354857e-05  0.00070887237  0.00012049086  4.9925120e-05  0.0000000   7.8883253e-05  0.0011404366  -0.00012900396  0.00045455621  0.00066044237  -0.00030817243  0.00026781144  2.4246230e-05  0.00027281083  1.6377962e-05  -0.00019214300  8.0796611e-06  -9.5662005e-06  -0.00017637464  3.8101757e-05  6.9004763e-05  -0.00017673730  -2.4622004e-05  1.4821713e-05  -6.5091970e-06  -0.00036120823  2.9606353e-05  0.00042888268  -0.00023839459  0.00027684488  0.00034384360  2.6354857e-05  0.00070887237  0.00012049086  4.9925120e-05  0.0000000   7.8883253e-05  0.0011404366  -0.00012900396  0.00045455621  0.00066044237  -0.00030817243  0.00026781144  2.4246230e-05  0.00027281083  1.6377962e-05  -0.00019214300  8.0796611e-06  -9.5662005e-06  -0.00017637464  3.8101757e-05  
2.3892226e-05  -5.8841755e-06  -6.8834222e-06  8.4399454e-06  -9.4883040e-05  -4.1624369e-05  -2.9097983e-05  1.5939481e-06  -4.0810547e-05  1.7456208e-05  1.0649763e-05  0.00054567853  2.2186322e-05  0.00024543318  -0.00071385695  -7.8883253e-05  0.0000000   0.00010461354  0.0020031210  -0.00014612970  3.8747750e-05  1.5326572e-05  1.7020225e-05  5.3024606e-05  2.0833179e-05  -0.00014282610  -3.7741806e-05  5.4171786e-05  0.00017276249  -2.5082465e-05  5.7934873e-05  2.3892226e-05  -5.8841755e-06  -6.8834222e-06  8.4399454e-06  -9.4883040e-05  -4.1624369e-05  -2.9097983e-05  1.5939481e-06  -4.0810547e-05  1.7456208e-05  1.0649763e-05  0.00054567853  2.2186322e-05  0.00024543318  -0.00071385695  -7.8883253e-05  0.0000000   0.00010461354  0.0020031210  -0.00014612970  3.8747750e-05  1.5326572e-05  1.7020225e-05  5.3024606e-05  2.0833179e-05  -0.00014282610  -3.7741806e-05  5.4171786e-05  0.00017276249  -2.5082465e-05  5.7934873e-05  
-2.5436370e-05  -7.3665988e-05  4.8513261e-06  -0.00019189555  2.4392956e-05  4.8623237e-05  -1.3766094e-05  -3.4825516e-05  0.00012210620  -0.00019804955  -1.5675978e-05  1.5923112e-05  -0.00032922878  -3.8562699e-05  8.5218385e-05  -0.0011404366  -0.00010461354  0.0000000   -9.9178033e-05  -0.0011449529  -0.00021985073  -0.00063167494  0.00036029182  1.5725189e-05  0.00025731659  -2.7645540e-05  0.00027681775  -4.7404409e-06  -1.2091476e-05  -0.00013228293  3.5699214e-05  -2.5436370e-05  -7.3665988e-05  4.8513261e-06  -0.00019189555  2.4392956e-05  4.8623237e-05  -1.3766094e-05  -3.4825516e-05  0.00012210620  -0.00019804955  -1.5675978e-05  1.5923112e-05  -0.00032922878  -3.8562699e-05  8.5218385e-05  -0.0011404366  -0.00010461354  0.0000000   -9.9178033e-05  -0.0011449529  -0.00021985073  -0.00063167494  0.00036029182  1.5725189e-05  0.00025731659  -2.7645540e-05  0.00027681775  -4.7404409e-06  -1.2091476e-05  -0.00013228293  3.5699214e-05  
3.3890273e-05  1.6252360e-06  0.00030348151  2.9997176e-05  0.00027606558  -2.9077151e-05  -6.6569061e-05  5.0018993e-05  -3.5563506e-05  8.1920267e-05  -1.1391894e-05  0.00036683157  -3.4326909e-05  -0.00012618236  0.00089974676  0.00012900396  -0.0020031210  9.9178033e-05  0.0000000   6.0552114e-05  0.00016785468  2.9726947e-05  -3.7080513e-05  -0.00034798601  1.9270002e-05  -0.00053407968  -3.9984192e-05  4.9030278e-05  -7.8690992e-06  2.0190207e-05  0.00018549063  3.3890273e-05  1.6252360e-06  0.00030348151  2.9997176e-05  0.00027606558  -2.9077151e-05  -6.6569061e-05  5.0018993e-05  -3.5563506e-05  8.1920267e-05  -1.1391894e-05  0.00036683157  -3.4326909e-05  -0.00012618236  0.00089974676  0.00012900396  -0.0020031210  9.9178033e-05  0.0000000   6.0552114e-05  0.00016785468  2.9726947e-05  -3.7080513e-05  -0.00034798601  1.9270002e-05  -0.00053407968  -3.9984192e-05  4.9030278e-05  -7.8690992e-06  2.0190207e-05  0.00018549063  
8.7189261e-05  0.00018479632  -4.0113767e-05  0.00021096960  -4.9555640e-05  -0.00010457150  2.8151968e-05  0.00022742684  -0.00020173582  0.00037669255  9.5910436e-05  -5.4366910e-05  -0.00045788507  2.9389218e-05  -5.4441875e-05  -0.00045455621  0.00014612970  0.0011449529  -6.0552114e-05  0.0000000   0.0017121279  0.00082347839  -0.00018770755  1.0119544e-05  0.00029135603  6.3168742e-05  -0.00030275825  1.3259903e-05  -1.0754100e-05  -0.00020154702  3.8316692e-05  8.7189261e-05  0.00018479632  -4.0113767e-05  0.00021096960  -4.9555640e-05  -0.00010457150  2.8151968e-05  0.00022742684  -0.00020173582  0.00037669255  9.5910436e-05  -5.4366910e-05  -0.00045788507  2.9389218e-05  -5.4441875e-05  -0.00045455621  0.00014612970  0.0011449529  -6.0552114e-05  0.0000000   0.0017121279  0.00082347839  -0.00018770755  1.0119544e-05  0.00029135603  6.3168742e-05  -0.00030275825  1.3259903e-05  -1.0754100e-05  -0.00020154702  3.8316692e-05  
1.6499820e-05  5.1243613e-05  2.1519538e-05  3.3376438e-05  -2.6244329e-05  -0.00013030848  -8.3084025e-06  -0.00016904494  -6.3873665e-05  0.00012632383  0.00026217785  2.6334980e-06  -0.00044751380  2.8078055e-05  5.4851051e-05  -0.00066044237  -3.8747750e-05  0.00021985073  -0.00016785468  -0.0017121279  0.0000000   0.00023970085  -0.00059690779  1.4169164e-05  0.00013481723  1.9343198e-05  -6.1338515e-05  3.6772053e-05  -3.7768751e-06  -0.00031972372  6.1892236e-05  1.6499820e-05  5.1243613e-05  2.1519538e-05  3.3376438e-05  -2.6244329e-05  -0.00013030848  -8.3084025e-06  -0.00016904494  -6.3873665e-05  0.00012632383  0.00026217785  2.6334980e-06  -0.00044751380  2.8078055e-05  5.4851051e-05  -0.00066044237  -3.8747750e-05  0.00021985073  -0.00016785468  -0.0017121279  0.0000000   0.00023970085  -0.00059690779  1.4169164e-05  0.00013481723  1.9343198e-05  -6.1338515e-05  3.6772053e-05  -3.7768751e-06  -0.00031972372  6.1892236e-05  
4.9443515e-05  -9.9854028e-05  1.4061801e-05  9.0950726e-05  1.2368765e-05  0.00012946598  -7.2790667e-06  5.5848950e-06  -4.1848163e-06  -0.00015773218  0.00021280051  1.3568515e-05  0.00022698610  -4.9160171e-07  4.8699997e-06  0.00030817243  -1.5326572e-05  0.00063167494  -2.9726947e-05  -0.00082347839  -0.00023970085  0.0000000   -0.00068689831  -1.6703367e-05  9.8986046e-05  4.2801132e-06  0.00029056472  1.0483522e-05  6.6830689e-06  0.00017454568  -4.3653787e-05  4.9443515e-05  -9.9854028e-05  1.4061801e-05  9.0950726e-05  1.2368765e-05  0.00012946598  -7.2790667e-06  5.5848950e-06  -4.1848163e-06  -0.00015773218  0.00021280051  1.3568515e-05  0.00022698610  -4.9160171e-07  4.8699997e-06  0.00030817243  -1.5326572e-05  0.00063167494  -2.9726947e-05  -0.00082347839  -0.00023970085  0.0000000   -0.00068689831  -1.6703367e-05  9.8986046e-05  4.2801132e-06  0.00029056472  1.0483522e-05  6.6830689e-06  0.00017454568  -4.3653787e-05  
-9.1476138e-05  -9.2585356e-06  7.4686479e-06  -0.00020392352  1.1118529e-05  7.4779859e-05  -3.3689895e-05  -0.00023249993  -0.00011562646  -0.00021626385  -0.00024274254  6.0175497e-05  -0.00025726917  -3.1856411e-05  3.9588473e-05  -0.00026781144  -1.7020225e-05  -0.00036029182  3.7080513e-05  0.00018770755  0.00059690779  0.00068689831  0.0000000   -3.0541367e-05  6.4338045e-05  3.6233915e-06  -0.00023285748  -3.5717571e-05  2.4899333e-06  -4.4001969e-05  2.7707033e-05  -9.1476138e-05  -9.2585356e-06  7.4686479e-06  -0.00020392352  1.1118529e-05  7.4779859e-05  -3.3689895e-05  -0.00023249993  -0.00011562646  -0.00021626385  -0.00024274254  6.0175497e-05  -0.00025726917  -3.1856411e-05  3.9588473e-05  -0.00026781144  -1.7020225e-05  -0.00036029182  3.7080513e-05  0.00018770755  0.00059690779  0.00068689831  0.0000000   -3.0541367e-05  6.4338045e-05  3.6233915e-06  -0.00023285748  -3.5717571e-05  2.4899333e-06  -4.4001969e-05  2.7707033e-05  
-6.2884412e-06  -5.5578473e-06  6.9805731e-05  -4.8130925e-06  8.7087410e-05  -9.0850795e-06  -9.7486826e-06  -1.1493416e-05  -1.0322505e-05  -1.2958828e-05  -1.5749458e-05  -9.0156033e-05  -1.1360006e-05  0.00017168921  -4.5696559e-05  -2.4246230e-05  -5.3024606e-05  -1.5725189e-05  0.00034798601  -1.0119544e-05  -1.4169164e-05  1.6703367e-05  3.0541367e-05  0.0000000   -6.3082291e-06  0.00086239244  -1.2635376e-05  -0.00018854725  -9.9241752e-05  1.8961681e-05  -1.3568135e-06  -6.2884412e-06  -5.5578473e-06  6.9805731e-05  -4.8130925e-06  8.7087410e-05  -9.0850795e-06  -9.7486826e-06  -1.1493416e-05  -1.0322505e-05  -1.2958828e-05  -1.5749458e-05  -9.0156033e-05  -1.1360006e-05  0.00017168921  -4.5696559e-05  -2.4246230e-05  -5.3024606e-05  -1.5725189e-05  0.00034798601  -1.0119544e-05  -1.4169164e-05  1.6703367e-05  3.0541367e-05  0.0000000   -6.3082291e-06  0.00086239244  -1.2635376e-05  -0.00018854725  -9.9241752e-05  1.8961681e-05  -1.3568135e-06  
7.8059006e-05  -0.00010069802  -2.5309180e-05  5.7865551e-05  7.3432842e-06  -0.00017753948  1.5823762e-05  0.00014094590  -8.1640799e-05  -6.5272520e-05  5.1877232e-05  -5.2281776e-06  5.0458018e-05  1.9832959e-05  1.2630699e-05  -0.00027281083  -2.0833179e-05  -0.00025731659  -1.9270002e-05  -0.00029135603  -0.00013481723  -9.8986046e-05  -6.4338045e-05  6.3082291e-06  0.0000000   2.2766310e-05  0.00040380530  9.6272947e-06  1.3283343e-05  -0.00014286212  5.7306007e-05  7.8059006e-05  -0.00010069802  -2.5309180e-05  5.7865551e-05  7.3432842e-06  -0.00017753948  1.5823762e-05  0.00014094590  -8.1640799e-05  -6.5272520e-05  5.1877232e-05  -5.2281776e-06  5.0458018e-05  1.9832959e-05  1.2630699e-05  -0.00027281083  -2.0833179e-05  -0.00025731659  -1.9270002e-05  -0.00029135603  -0.00013481723  -9.8986046e-05  -6.4338045e-05  6.3082291e-06  0.0000000   2.2766310e-05  0.00040380530  9.6272947e-06  1.3283343e-05  -0.00014286212  5.7306007e-05  
1.7971594e-06  7.4318486e-06  -5.6217664e-05  1.3347470e-05  -0.00013580163  1.2925303e-05  -4.9647229e-05  -1.2144007e-06  5.9728812e-06  4.7302469e-06  2.5075133e-05  0.00011643833  -4.3508729e-06  -4.9070863e-05  0.00013506206  -1.6377962e-05  0.00014282610  2.7645540e-05  0.00053407968  -6.3168742e-05  -1.9343198e-05  -4.2801132e-06  -3.6233915e-06  -0.00086239244  -2.2766310e-05  0.0000000   1.5803476e-05  -0.0015035331  -0.00055749199  7.5671197e-05  0.00036301481  1.7971594e-06  7.4318486e-06  -5.6217664e-05  1.3347470e-05  -0.00013580163  1.2925303e-05  -4.9647229e-05  -1.2144007e-06  5.9728812e-06  4.7302469e-06  2.5075133e-05  0.00011643833  -4.3508729e-06  -4.9070863e-05  0.00013506206  -1.6377962e-05  0.00014282610  2.7645540e-05  0.00053407968  -6.3168742e-05  -1.9343198e-05  -4.2801132e-06  -3.6233915e-06  -0.00086239244  -2.2766310e-05  0.0000000   1.5803476e-05  -0.0015035331  -0.00055749199  7.5671197e-05  0.00036301481  
2.0549895e-05  8.0822379e-05  -2.4176327e-05  -2.5685801e-05  1.9168117e-06  -0.00031452256  1.1856198e-05  0.00011445697  -4.7563060e-05  0.00014568674  -0.00012045495  -9.3672167e-06  -9.7183919e-05  -4.0289816e-07  -2.5553909e-05  0.00019214300  3.7741806e-05  -0.00027681775  3.9984192e-05  0.00030275825  6.1338515e-05  -0.00029056472  0.00023285748  1.2635376e-05  -0.00040380530  -1.5803476e-05  0.0000000   2.0759933e-05  -4.8137975e-05  -0.00086104553  0.00017867002  2.0549895e-05  8.0822379e-05  -2.4176327e-05  -2.5685801e-05  1.9168117e-06  -0.00031452256  1.1856198e-05  0.00011445697  -4.7563060e-05  0.00014568674  -0.00012045495  -9.3672167e-06  -9.7183919e-05  -4.0289816e-07  -2.5553909e-05  0.00019214300  3.7741806e-05  -0.00027681775  3.9984192e-05  0.00030275825  6.1338515e-05  -0.00029056472  0.00023285748  1.2635376e-05  -0.00040380530  -1.5803476e-05  0.0000000   2.0759933e-05  -4.8137975e-05  -0.00086104553  0.00017867002  
-4.4805207e-06  -4.9988864e-06  1.8900239e-05  -2.2379721e-06  0.00011635867  -7.3879371e-06  0.00020270964  -8.1415763e-06  -8.3600722e-06  9.0839382e-06  -1.7840251e-05  -0.00025474998  -1.4974535e-05  0.00019177177  -0.00014270135  -8.0796611e-06  -5.4171786e-05  4.7404409e-06  -4.9030278e-05  -1.3259903e-05  -3.6772053e-05  -1.0483522e-05  3.5717571e-05  0.00018854725  -9.6272947e-06  0.0015035331  -2.0759933e-05  0.0000000   0.00076546507  0.00013920186  0.00067634500  -4.4805207e-06  -4.9988864e-06  1.8900239e-05  -2.2379721e-06  0.00011635867  -7.3879371e-06  0.00020270964  -8.1415763e-06  -8.3600722e-06  9.0839382e-06  -1.7840251e-05  -0.00025474998  -1.4974535e-05  0.00019177177  -0.00014270135  -8.0796611e-06  -5.4171786e-05  4.7404409e-06  -4.9030278e-05  -1.3259903e-05  -3.6772053e-05  -1.0483522e-05  3.5717571e-05  0.00018854725  -9.6272947e-06  0.0015035331  -2.0759933e-05  0.0000000   0.00076546507  0.00013920186  0.00067634500  
1.6218097e-05  -3.8222672e-06  -8.8966635e-07  3.2641530e-06  0.00013244981  -8.3118662e-07  9.0976892e-05  -4.8061460e-06  4.8446160e-06  8.2794270e-06  -6.1782520e-06  4.4682406e-05  1.8486927e-06  4.3777718e-05  -1.2324837e-05  9.5662005e-06  -0.00017276249  1.2091476e-05  7.8690992e-06  1.0754100e-05  3.7768751e-06  -6.6830689e-06  -2.4899333e-06  9.9241752e-05  -1.3283343e-05  0.00055749199  4.8137975e-05  -0.00076546507  0.0000000   0.00022136842  0.00098648007  1.6218097e-05  -3.8222672e-06  -8.8966635e-07  3.2641530e-06  0.00013244981  -8.3118662e-07  9.0976892e-05  -4.8061460e-06  4.8446160e-06  8.2794270e-06  -6.1782520e-06  4.4682406e-05  1.8486927e-06  4.3777718e-05  -1.2324837e-05  9.5662005e-06  -0.00017276249  1.2091476e-05  7.8690992e-06  1.0754100e-05  3.7768751e-06  -6.6830689e-06  -2.4899333e-06  9.9241752e-05  -1.3283343e-05  0.00055749199  4.8137975e-05  -0.00076546507  0.0000000   0.00022136842  0.00098648007  
-1.2365899e-05  7.1247409e-05  -3.4092976e-07  -3.8500481e-05  3.6087759e-06  -3.5557820e-05  -6.5343327e-06  -7.1449162e-05  0.00012197990  -2.2444535e-05  -0.00010248850  5.2519119e-05  0.00019312189  -7.0825984e-05  4.5988587e-06  0.00017637464  2.5082465e-05  0.00013228293  -2.0190207e-05  0.00020154702  0.00031972372  -0.00017454568  4.4001969e-05  -1.8961681e-05  0.00014286212  -7.5671197e-05  0.00086104553  -0.00013920186  -0.00022136842  0.0000000   1.0950247e-05  -1.2365899e-05  7.1247409e-05  -3.4092976e-07  -3.8500481e-05  3.6087759e-06  -3.5557820e-05  -6.5343327e-06  -7.1449162e-05  0.00012197990  -2.2444535e-05  -0.00010248850  5.2519119e-05  0.00019312189  -7.0825984e-05  4.5988587e-06  0.00017637464  2.5082465e-05  0.00013228293  -2.0190207e-05  0.00020154702  0.00031972372  -0.00017454568  4.4001969e-05  -1.8961681e-05  0.00014286212  -7.5671197e-05  0.00086104553  -0.00013920186  -0.00022136842  0.0000000   1.0950247e-05  
1.6626075e-05  -2.0099625e-05  -7.3992212e-06  1.2261210e-05  4.5547955e-05  -3.5437254e-06  -4.1399281e-06  2.6257585e-05  -2.7100611e-05  1.9486932e-05  4.8858778e-05  0.00026749956  -4.3066538e-05  -0.00024908189  8.6997216e-05  -3.8101757e-05  -5.7934873e-05  -3.5699214e-05  -0.00018549063  -3.8316692e-05  -6.1892236e-05  4.3653787e-05  -2.7707033e-05  1.3568135e-06  -5.7306007e-05  -0.00036301481  -0.00017867002  -0.00067634500  -0.00098648007  -1.0950247e-05  0.0000000   1.6626075e-05  -2.0099625e-05  -7.3992212e-06  1.2261210e-05  4.5547955e-05  -3.5437254e-06  -4.1399281e-06  2.6257585e-05  -2.7100611e-05  1.9486932e-05  4.8858778e-05  0.00026749956  -4.3066538e-05  -0.00024908189  8.6997216e-05  -3.8101757e-05  -5.7934873e-05  -3.5699214e-05  -0.00018549063  -3.8316692e-05  -6.1892236e-05  4.3653787e-05  -2.7707033e-05  1.3568135e-06  -5.7306007e-05  -0.00036301481  -0.00017867002  -0.00067634500  -0.00098648007  -1.0950247e-05  0.0000000   
0.0000000   -0.0014811600  0.00012843376  0.00022971715  -7.5446382e-05  -7.1152159e-05  3.5994880e-06  0.00020343113  -0.00011355335  1.1309410e-05  0.00012209457  -1.1582861e-05  -7.4190318e-05  -2.4550021e-05  8.5145050e-06  -6.9004763e-05  -2.3892226e-05  2.5436370e-05  -3.3890273e-05  -8.7189261e-05  -1.6499820e-05  -4.9443515e-05  9.1476138e-05  6.2884412e-06  -7.8059006e-05  -1.7971594e-06  -2.0549895e-05  4.4805207e-06  -1.6218097e-05  1.2365899e-05  -1.6626075e-05  0.0000000   -0.0014811600  0.00012843376  0.00022971715  -7.5446382e-05  -7.1152159e-05  3.5994880e-06  0.00020343113  -0.00011355335  1.1309410e-05  0.00012209457  -1.1582861e-05  -7.4190318e-05  -2.4550021e-05  8.5145050e-06  -6.9004763e-05  -2.3892226e-05  2.5436370e-05  -3.3890273e-05  -8.7189261e-05  -1.6499820e-05  -4.9443515e-05  9.1476138e-05  6.2884412e-06  -7.8059006e-05  -1.7971594e-06  -2.0549895e-05  4.4805207e-06  -1.6218097e-05  1.2365899e-05  -1.6626075e-05  
0.0014811600  0.0000000   -0.00016908467  0.0010494825  -0.00019293572  -0.0016830406  8.0578781e-05  0.00031014448  -9.9155782e-05  -0.00010178708  4.3408526e-05  -1.5236841e-05  0.00025372728  5.7631586e-05  -1.7465580e-05  0.00017673730  5.8841755e-06  7.3665988e-05  -1.6252360e-06  -0.00018479632  -5.1243613e-05  9.9854028e-05  9.2585356e-06  5.5578473e-06  0.00010069802  -7.4318486e-06  -8.0822379e-05  4.9988864e-06  3.8222672e-06  -7.1247409e-05  2.0099625e-05  0.0014811600  0.0000000   -0.00016908467  0.0010494825  -0.00019293572  -0.0016830406  8.0578781e-05  0.00031014448  -9.9155782e-05  -0.00010178708  4.3408526e-05  -1.5236841e-05  0.00025372728  5.7631586e-05  -1.7465580e-05  0.00017673730  5.8841755e-06  7.3665988e-05  -1.6252360e-06  -0.00018479632  -5.1243613e-05  9.9854028e-05  9.2585356e-06  5.5578473e-06  0.00010069802  -7.4318486e-06  -8.0822379e-05  4.9988864e-06  3.8222672e-06  -7.1247409e-05  2.0099625e-05  
-0.00012843376  0.00016908467  0.0000000   -1.5865952e-05  -0.0031369940  -6.6080125e-07  0.00021342326  -0.00015940592  -2.7238213e-05  -7.7182567e-05  4.2788173e-06  0.00045244048  -2.2605827e-05  0.00012679840  7.2300825e-06  2.4622004e-05  6.8834222e-06  -4.8513261e-06  -0.00030348151  4.0113767e-05  -2.1519538e-05  -1.4061801e-05  -7.4686479e-06  -6.9805731e-05  2.5309180e-05  5.6217664e-05  2.4176327e-05  -1.8900239e-05  8.8966635e-07  3.4092976e-07  7.3992212e-06  -0.00012843376  0.00016908467  0.0000000   -1.5865952e-05  -0.0031369940  -6.6080125e-07  0.00021342326  -0.00015940592  -2.7238213e-05  -7.7182567e-05  4.2788173e-06  0.00045244048  -2.2605827e-05  0.00012679840  7.2300825e-06  2.4622004e-05  6.8834222e-06  -4.8513261e-06  -0.00030348151  4.0113767e-05  -2.1519538e-05  -1.4061801e-05  -7.4686479e-06  -6.9805731e-05  2.5309180e-05  5.6217664e-05  2.4176327e-05  -1.8900239e-05  8.8966635e-07  3.4092976e-07  7.3992212e-06  
-0.00022971715  -0.0010494825  1.5865952e-05  0.0000000   -6.4822491e-05  -0.0027306846  6.0365380e-05  0.00024762683  -0.00063149363  0.00077383326  -0.00048784295  -3.2400294e-05  -0.00052411669  2.3300860e-05  -2.2530694e-05  -1.4821713e-05  -8.4399454e-06  0.00019189555  -2.9997176e-05  -0.00021096960  -3.3376438e-05  -9.0950726e-05  0.00020392352  4.8130925e-06  -5.7865551e-05  -1.3347470e-05  2.5685801e-05  2.2379721e-06  -3.2641530e-06  3.8500481e-05  -1.2261210e-05  -0.00022971715  -0.0010494825  1.5865952e-05  0.0000000   -6.4822491e-05  -0.0027306846  6.0365380e-05  0.00024762683  -0.00063149363  0.00077383326  -0.00048784295  -3.2400294e-05  -0.00052411669  2.3300860e-05  -2.2530694e-05  -1.4821713e-05  -8.4399454e-06  0.00019189555  -2.9997176e-05  -0.00021096960  -3.3376438e-05  -9.0950726e-05  0.00020392352  4.8130925e-06  -5.7865551e-05  -1.3347470e-05  2.5685801e-05  2.2379721e-06  -3.2641530e-06  3.8500481e-05  -1.2261210e-05  
7.5446382e-05  0.00019293572  0.0031369940  6.4822491e-05  0.0000000   -0.00010020786  0.00015196245  -1.5777464e-05  7.0880329e-05  -6.0530524e-05  3.0381084e-05  -9.1822943e-05  2.2998585e-05  9.8440674e-05  -8.9237553e-05  6.5091970e-06  9.4883040e-05  -2.4392956e-05  -0.00027606558  4.9555640e-05  2.6244329e-05  -1.2368765e-05  -1.1118529e-05  -8.7087410e-05  -7.3432842e-06  0.00013580163  -1.9168117e-06  -0.00011635867  -0.00013244981  -3.6087759e-06  -4.5547955e-05  7.5446382e-05  0.00019293572  0.0031369940  6.4822491e-05  0.0000000   -0.00010020786  0.00015196245  -1.5777464e-05  7.0880329e-05  -6.0530524e-05  3.0381084e-05  -9.1822943e-05  2.2998585e-05  9.8440674e-05  -8.9237553e-05  6.5091970e-06  9.4883040e-05  -2.4392956e-05  -0.00027606558  4.9555640e-05  2.6244329e-05  -1.2368765e-05  -1.1118529e-05  -8.7087410e-05  -7.3432842e-06  0.00013580163  -1.9168117e-06  -0.00011635867  -0.00013244981  -3.6087759e-06  -4.5547955e-05  
7.1152159e-05  0.0016830406  6.6080125e-07  0.0027306846  0.00010020786  0.0000000   -0.00017475744  -0.0027414767  -7.7191157e-05  -0.00019037346  -4.2594639e-05  -2.1765823e-05  -0.00026166680  -3.3227398e-05  -7.7872310e-06  0.00036120823  4.1624369e-05  -4.8623237e-05  2.9077151e-05  0.00010457150  0.00013030848  -0.00012946598  -7.4779859e-05  9.0850795e-06  0.00017753948  -1.2925303e-05  0.00031452256  7.3879371e-06  8.3118662e-07  3.5557820e-05  3.5437254e-06  7.1152159e-05  0.0016830406  6.6080125e-07  0.0027306846  0.00010020786  0.0000000   -0.00017475744  -0.0027414767  -7.7191157e-05  -0.00019037346  -4.2594639e-05  -2.1765823e-05  -0.00026166680  -3.3227398e-05  -7.7872310e-06  0.00036120823  4.1624369e-05  -4.8623237e-05  2.9077151e-05  0.00010457150  0.00013030848  -0.00012946598  -7.4779859e-05  9.0850795e-06  0.00017753948  -1.2925303e-05  0.00031452256  7.3879371e-06  8.3118662e-07  3.5557820e-05  3.5437254e-06  
-3.5994880e-06  -8.0578781e-05  -0.00021342326  -6.0365380e-05  -0.00015196245  0.00017475744  0.0000000   5.1905475e-05  -4.9786406e-05  0.00016592791  -3.0439590e-05  0.00032965515  -2.5467171e-05  -0.00011757771  0.00032087832  -2.9606353e-05  2.9097983e-05  1.3766094e-05  6.6569061e-05  -2.8151968e-05  8.3084025e-06  7.2790667e-06  3.3689895e-05  9.7486826e-06  -1.5823762e-05  4.9647229e-05  -1.1856198e-05  -0.00020270964  -9.0976892e-05  6.5343327e-06  4.1399281e-06  -3.5994880e-06  -8.0578781e-05  -0.00021342326  -6.0365380e-05  -0.00015196245  0.00017475744  0.0000000   5.1905475e-05  -4.9786406e-05  0.00016592791  -3.0439590e-05  0.00032965515  -2.5467171e-05  -0.00011757771  0.00032087832  -2.9606353e-05  2.9097983e-05  1.3766094e-05  6.6569061e-05  -2.8151968e-05  8.3084025e-06  7.2790667e-06  3.3689895e-05  9.7486826e-06  -1.5823762e-05  4.9647229e-05  -1.1856198e-05  -0.00020270964  -9.0976892e-05  6.5343327e-06  4.1399281e-06  
-0.00020343113  -0.00031014448  0.00015940592  -0.00024762683  1.5777464e-05  0.0027414767  -5.1905475e-05  0.0000000   -8.7389974e-05  0.0015970685  -0.00028190456  3.7290383e-06  -0.00024564060  3.5896213e-05  -6.8568514e-06  -0.00042888268  -1.5939481e-06  3.4825516e-05  -5.0018993e-05  -0.00022742684  0.00016904494  -5.5848950e-06  0.00023249993  1.1493416e-05  -0.00014094590  1.2144007e-06  -0.00011445697  8.1415763e-06  4.8061460e-06  7.1449162e-05  -2.6257585e-05  -0.00020343113  -0.00031014448  0.00015940592  -0.00024762683  1.5777464e-05  0.0027414767  -5.1905475e-05  0.0000000   -8.7389974e-05  0.0015970685  -0.00028190456  3.7290383e-06  -0.00024564060  3.5896213e-05  -6.8568514e-06  -0.00042888268  -1.5939481e-06  3.4825516e-05  -5.0018993e-05  -0.00022742684  0.00016904494  -5.5848950e-06  0.00023249993  1.1493416e-05  -0.00014094590  1.2144007e-06  -0.00011445697  8.1415763e-06  4.8061460e-06  7.1449162e-05  -2.6257585e-05  
0.00011355335  9.9155782e-05  2.7238213e-05  0.00063149363  -7.0880329e-05  7.7191157e-05  4.9786406e-05  8.7389974e-05  0.0000000   0.0010927111  -0.00051604325  -3.9897677e-05  0.00081633441  -2.9158664e-05  -1.6080000e-05  0.00023839459  4.0810547e-05  -0.00012210620  3.5563506e-05  0.00020173582  6.3873665e-05  4.1848163e-06  0.00011562646  1.0322505e-05  8.1640799e-05  -5.9728812e-06  4.7563060e-05  8.3600722e-06  -4.8446160e-06  -0.00012197990  2.7100611e-05  0.00011355335  9.9155782e-05  2.7238213e-05  0.00063149363  -7.0880329e-05  7.7191157e-05  4.9786406e-05  8.7389974e-05  0.0000000   0.0010927111  -0.00051604325  -3.9897677e-05  0.00081633441  -2.9158664e-05  -1.6080000e-05  0.00023839459  4.0810547e-05  -0.00012210620  3.5563506e-05  0.00020173582  6.3873665e-05  4.1848163e-06  0.00011562646  1.0322505e-05  8.1640799e-05  -5.9728812e-06  4.7563060e-05  8.3600722e-06  -4.8446160e-06  -0.00012197990  2.7100611e-05  
-1.1309410e-05  0.00010178708  7.7182567e-05  -0.00077383326  6.0530524e-05  0.00019037346  -0.00016592791  -0.0015970685  -0.0010927111  0.0000000   -6.4914811e-05  2.7297022e-05  4.9558709e-05  5.1297428e-05  2.5517621e-05  -0.00027684488  -1.7456208e-05  0.00019804955  -8.1920267e-05  -0.00037669255  -0.00012632383  0.00015773218  0.00021626385  1.2958828e-05  6.5272520e-05  -4.7302469e-06  -0.00014568674  -9.0839382e-06  -8.2794270e-06  2.2444535e-05  -1.9486932e-05  -1.1309410e-05  0.00010178708  7.7182567e-05  -0.00077383326  6.0530524e-05  0.00019037346  -0.00016592791  -0.0015970685  -0.0010927111  0.0000000   -6.4914811e-05  2.7297022e-05  4.9558709e-05  5.1297428e-05  2.5517621e-05  -0.00027684488  -1.7456208e-05  0.00019804955  -8.1920267e-05  -0.00037669255  -0.00012632383  0.00015773218  0.00021626385  1.2958828e-05  6.5272520e-05  -4.7302469e-06  -0.00014568674  -9.0839382e-06  -8.2794270e-06  2.2444535e-05  -1.9486932e-05  
