0.0000000   0.0010420607  -0.0016705367  0.00062384360  0.00037416457  0.00041001206  2.0478320e-06  -6.1573379e-05  6.5007780e-06  5.5235403e-05  -1.7935971e-05  4.6169651e-05  -2.8665562e-05  -0.00025078193  -7.8105778e-05  -6.2602996e-07  -2.4183205e-06  8.0664128e-06  -6.4279440e-05  -7.0378527e-06  -7.4140144e-06  -0.00019981749  -1.0222674e-05  -4.1764228e-05  1.4561318e-05  -6.6928974e-06  -1.6417339e-05  -4.3158962e-06  3.3550265e-05  9.7923580e-06  -1.2930500e-05  0.0000000   0.0010420607  -0.0016705367  0.00062384360  0.00037416457  0.00041001206  2.0478320e-06  -6.1573379e-05  6.5007780e-06  5.5235403e-05  -1.7935971e-05  4.6169651e-05  -2.8665562e-05  -0.00025078193  -7.8105778e-05  -6.2602996e-07  -2.4183205e-06  8.0664128e-06  -6.4279440e-05  -7.0378527e-06  -7.4140144e-06  -0.00019981749  -1.0222674e-05  -4.1764228e-05  1.4561318e-05  -6.6928974e-06  -1.6417339e-05  -4.3158962e-06  3.3550265e-05  9.7923580e-06  -1.2930500e-05  
-0.0010420607  0.0000000   -0.0045578345  0.0014064993  0.00075340996  0.0010128646  0.00089436271  -0.00054874215  -4.3667720e-05  -0.00062974204  -1.3823598e-05  6.2642210e-05  -5.1406599e-05  -5.9410312e-05  7.5187146e-06  1.3344460e-06  -3.9828851e-05  3.6948213e-05  -8.2269192e-05  -2.1764532e-05  -1.3617272e-06  -8.7103342e-05  -5.0448573e-06  0.00021887321  4.6584207e-05  5.1696138e-05  -0.00019289923  0.00011793950  -7.0202570e-05  1.0120928e-05  -3.9646906e-06  -0.0010420607  0.0000000   -0.0045578345  0.0014064993  0.00075340996  0.0010128646  0.00089436271  -0.00054874215  -4.3667720e-05  -0.00062974204  -1.3823598e-05  6.2642210e-05  -5.1406599e-05  -5.9410312e-05  7.5187146e-06  1.3344460e-06  -3.9828851e-05  3.6948213e-05  -8.2269192e-05  -2.1764532e-05  -1.3617272e-06  -8.7103342e-05  -5.0448573e-06  0.00021887321  4.6584207e-05  5.1696138e-05  -0.00019289923  0.00011793950  -7.0202570e-05  1.0120928e-05  -3.9646906e-06  
0.0016705367  0.0045578345  0.0000000   0.0011030969  -0.0012856670  -0.0025574515  -0.00020250045  0.00091100797  -5.0714583e-05  0.00071347919  8.3190486e-05  -0.00020028512  0.00013556459  0.00020581721  0.00019195250  3.1082088e-05  -4.7165342e-05  1.8542436e-06  -7.8103929e-06  1.2492313e-05  6.5805607e-05  0.00022408685  3.2943024e-06  0.00013326717  6.8581173e-05  -1.9315337e-05  5.1883989e-05  -3.5424720e-05  5.3928550e-05  -4.0576134e-05  2.1273490e-05  0.0016705367  0.0045578345  0.0000000   0.0011030969  -0.0012856670  -0.0025574515  -0.00020250045  0.00091100797  -5.0714583e-05  0.00071347919  8.3190486e-05  -0.00020028512  0.00013556459  0.00020581721  0.00019195250  3.1082088e-05  -4.7165342e-05  1.8542436e-06  -7.8103929e-06  1.2492313e-05  6.5805607e-05  0.00022408685  3.2943024e-06  0.00013326717  6.8581173e-05  -1.9315337e-05  5.1883989e-05  -3.5424720e-05  5.3928550e-05  -4.0576134e-05  2.1273490e-05  
-0.00062384360  -0.0014064993  -0.0011030969  0.0000000   -0.0048790494  0.00034904330  0.00022107975  -0.00010139406  -0.00015281804  -0.00023539686  0.00018681411  -0.00049675292  0.00031404262  -9.2630979e-05  -6.1999509e-05  9.4572913e-05  1.6334209e-06  -3.0167961e-05  -1.0697997e-05  4.8806307e-05  9.0700887e-05  -8.4083187e-05  -3.7350544e-05  -3.1415347e-05  -4.3710170e-05  2.1844912e-05  -3.6496374e-05  2.4312461e-05  -1.2083886e-05  -0.00010200167  6.9953756e-05  -0.00062384360  -0.0014064993  -0.0011030969  0.0000000   -0.0048790494  0.00034904330  0.00022107975  -0.00010139406  -0.00015281804  -0.00023539686  0.00018681411  -0.00049675292  0.00031404262  -9.2630979e-05  -6.1999509e-05  9.4572913e-05  1.6334209e-06  -3.0167961e-05  -1.0697997e-05  4.8806307e-05  9.0700887e-05  -8.4083187e-05  -3.7350544e-05  -3.1415347e-05  -4.3710170e-05  2.1844912e-05  -3.6496374e-05  2.4312461e-05  -1.2083886e-05  -0.00010200167  6.9953756e-05  
-0.00037416457  -0.00075340996  0.0012856670  0.0048790494  0.0000000   0.00036141534  0.00024717878  -6.6567069e-05  -0.00029624657  -0.00015493231  0.00039424859  -8.4809669e-05  0.00033761064  -7.4865591e-05  -3.0116888e-05  -0.00011535064  -0.00017712621  0.00026364892  -1.9001149e-05  -2.7907529e-05  6.5208677e-05  -2.1484531e-05  8.5718684e-05  -2.1975558e-05  -9.2834373e-06  5.6831849e-07  -1.8332723e-06  2.1989612e-05  9.8801291e-06  2.5659208e-05  4.1964932e-06  -0.00037416457  -0.00075340996  0.0012856670  0.0048790494  0.0000000   0.00036141534  0.00024717878  -6.6567069e-05  -0.00029624657  -0.00015493231  0.00039424859  -8.4809669e-05  0.00033761064  -7.4865591e-05  -3.0116888e-05  -0.00011535064  -0.00017712621  0.00026364892  -1.9001149e-05  -2.7907529e-05  6.5208677e-05  -2.1484531e-05  8.5718684e-05  -2.1975558e-05  -9.2834373e-06  5.6831849e-07  -1.8332723e-06  2.1989612e-05  9.8801291e-06  2.5659208e-05  4.1964932e-06  
-0.00041001206  -0.0010128646  0.0025574515  -0.00034904330  -0.00036141534  0.0000000   -0.00037709669  -0.0016377080  -4.8676352e-05  -0.00054844379  6.2467398e-05  -4.6338738e-05  8.8695239e-05  0.00057543523  -5.3651702e-05  -1.3425408e-05  -3.5398876e-05  6.1828496e-05  9.2127086e-05  -1.5205345e-05  -8.4087732e-06  -8.5963988e-05  3.7639912e-05  0.00020523324  -9.7749106e-05  0.00012698746  -3.4450419e-05  -0.00018723204  -6.7330144e-05  -1.4546682e-06  8.6575612e-06  -0.00041001206  -0.0010128646  0.0025574515  -0.00034904330  -0.00036141534  0.0000000   -0.00037709669  -0.0016377080  -4.8676352e-05  -0.00054844379  6.2467398e-05  -4.6338738e-05  8.8695239e-05  0.00057543523  -5.3651702e-05  -1.3425408e-05  -3.5398876e-05  6.1828496e-05  9.2127086e-05  -1.5205345e-05  -8.4087732e-06  -8.5963988e-05  3.7639912e-05  0.00020523324  -9.7749106e-05  0.00012698746  -3.4450419e-05  -0.00018723204  -6.7330144e-05  -1.4546682e-06  8.6575612e-06  
-2.0478320e-06  -0.00089436271  0.00020250045  -0.00022107975  -0.00024717878  0.00037709669  0.0000000   -0.0025936579  -3.4643289e-05  -0.0011021446  0.00010043643  -6.1319923e-05  5.2658809e-06  -0.00013469674  0.00031468956  -7.8738149e-06  2.2501881e-05  3.2934224e-05  0.00018378807  -1.1567318e-05  8.6524691e-06  -6.2348677e-05  1.3692082e-06  0.00013901053  5.8489891e-05  7.4585335e-05  -0.00010590068  -0.00019097808  -4.2780271e-05  -8.9546058e-06  -8.2088566e-07  -2.0478320e-06  -0.00089436271  0.00020250045  -0.00022107975  -0.00024717878  0.00037709669  0.0000000   -0.0025936579  -3.4643289e-05  -0.0011021446  0.00010043643  -6.1319923e-05  5.2658809e-06  -0.00013469674  0.00031468956  -7.8738149e-06  2.2501881e-05  3.2934224e-05  0.00018378807  -1.1567318e-05  8.6524691e-06  -6.2348677e-05  1.3692082e-06  0.00013901053  5.8489891e-05  7.4585335e-05  -0.00010590068  -0.00019097808  -4.2780271e-05  -8.9546058e-06  -8.2088566e-07  
6.1573379e-05  0.00054874215  -0.00091100797  0.00010139406  6.6567069e-05  0.0016377080  0.0025936579  0.0000000   -0.00012678611  -0.0010662121  -3.5350961e-07  -2.0380739e-05  -7.7775797e-05  0.00041681952  0.00060130881  -1.3866813e-05  -6.4928818e-05  5.1653947e-05  0.00010535816  -4.5792491e-05  2.4900028e-05  0.00013360553  -1.1065591e-06  0.00018497545  -5.6877919e-06  4.3406989e-05  -0.00015078004  3.5452218e-05  1.9384769e-05  1.2355480e-05  -4.7055035e-06  6.1573379e-05  0.00054874215  -0.00091100797  0.00010139406  6.6567069e-05  0.0016377080  0.0025936579  0.0000000   -0.00012678611  -0.0010662121  -3.5350961e-07  -2.0380739e-05  -7.7775797e-05  0.00041681952  0.00060130881  -1.3866813e-05  -6.4928818e-05  5.1653947e-05  0.00010535816  -4.5792491e-05  2.4900028e-05  0.00013360553  -1.1065591e-06  0.00018497545  -5.6877919e-06  4.3406989e-05  -0.00015078004  3.5452218e-05  1.9384769e-05  1.2355480e-05  -4.7055035e-06  
-6.5007780e-06  4.3667720e-05  5.0714583e-05  0.00015281804  0.00029624657  4.8676352e-05  3.4643289e-05  0.00012678611  0.0000000   1.4460928e-05  0.0011014056  -0.00034384346  -0.00016866801  4.6144873e-05  -5.9816568e-05  -0.00024579501  0.00061854762  0.00022861971  4.4740233e-05  0.00030831522  -5.1264518e-05  -3.5112136e-06  -0.00016164853  1.1706203e-05  -3.0681930e-07  -5.0366690e-07  9.0148649e-06  -1.6637418e-05  1.2950116e-05  2.5676336e-05  0.00016172619  -6.5007780e-06  4.3667720e-05  5.0714583e-05  0.00015281804  0.00029624657  4.8676352e-05  3.4643289e-05  0.00012678611  0.0000000   1.4460928e-05  0.0011014056  -0.00034384346  -0.00016866801  4.6144873e-05  -5.9816568e-05  -0.00024579501  0.00061854762  0.00022861971  4.4740233e-05  0.00030831522  -5.1264518e-05  -3.5112136e-06  -0.00016164853  1.1706203e-05  -3.0681930e-07  -5.0366690e-07  9.0148649e-06  -1.6637418e-05  1.2950116e-05  2.5676336e-05  0.00016172619  
-5.5235403e-05  0.00062974204  -0.00071347919  0.00023539686  0.00015493231  0.00054844379  0.0011021446  0.0010662121  -1.4460928e-05  0.0000000   -9.9792485e-05  -1.8124082e-05  -2.1370979e-05  0.0012072886  -3.4558354e-05  2.6877312e-05  -7.7571949e-05  -2.4871148e-06  0.00012414695  -1.9844220e-05  7.2018086e-06  -9.4811587e-05  2.3881670e-05  0.00026437510  0.00019847591  1.7504857e-06  9.7246110e-05  -0.00011682921  0.00022704528  4.2065773e-06  -2.6208202e-05  -5.5235403e-05  0.00062974204  -0.00071347919  0.00023539686  0.00015493231  0.00054844379  0.0011021446  0.0010662121  -1.4460928e-05  0.0000000   -9.9792485e-05  -1.8124082e-05  -2.1370979e-05  0.0012072886  -3.4558354e-05  2.6877312e-05  -7.7571949e-05  -2.4871148e-06  0.00012414695  -1.9844220e-05  7.2018086e-06  -9.4811587e-05  2.3881670e-05  0.00026437510  0.00019847591  1.7504857e-06  9.7246110e-05  -0.00011682921  0.00022704528  4.2065773e-06  -2.6208202e-05  
1.7935971e-05  1.3823598e-05  -8.3190486e-05  -0.00018681411  -0.00039424859  -6.2467398e-05  -0.00010043643  3.5350961e-07  -0.0011014056  9.9792485e-05  0.0000000   0.00089512673  -9.9294575e-06  3.3498368e-05  3.1500428e-05  0.00027497486  -0.00014022291  0.00037915453  -7.4279582e-06  -0.00017577834  8.5655748e-05  1.9836777e-06  -9.0323435e-05  -1.4164302e-05  -1.6499302e-05  -5.9337369e-06  -1.7555846e-06  -8.1764891e-06  -1.0741560e-05  -5.8024782e-05  3.1701369e-05  1.7935971e-05  1.3823598e-05  -8.3190486e-05  -0.00018681411  -0.00039424859  -6.2467398e-05  -0.00010043643  3.5350961e-07  -0.0011014056  9.9792485e-05  0.0000000   0.00089512673  -9.9294575e-06  3.3498368e-05  3.1500428e-05  0.00027497486  -0.00014022291  0.00037915453  -7.4279582e-06  -0.00017577834  8.5655748e-05  1.9836777e-06  -9.0323435e-05  -1.4164302e-05  -1.6499302e-05  -5.9337369e-06  -1.7555846e-06  -8.1764891e-06  -1.0741560e-05  -5.8024782e-05  3.1701369e-05  
-4.6169651e-05  -6.2642210e-05  0.00020028512  0.00049675292  8.4809669e-05  4.6338738e-05  6.1319923e-05  2.0380739e-05  0.00034384346  1.8124082e-05  -0.00089512673  0.0000000   0.0011556713  -7.2516221e-05  2.6093161e-05  -0.00033191784  -0.00011919864  3.4629456e-05  4.6882915e-05  -0.00025722298  -0.00048302942  7.5141099e-06  -0.00018166161  3.4505798e-05  -5.8527638e-05  4.7468763e-06  1.6917709e-05  -3.0438036e-06  1.3280992e-05  -6.7957977e-05  -6.4446341e-05  -4.6169651e-05  -6.2642210e-05  0.00020028512  0.00049675292  8.4809669e-05  4.6338738e-05  6.1319923e-05  2.0380739e-05  0.00034384346  1.8124082e-05  -0.00089512673  0.0000000   0.0011556713  -7.2516221e-05  2.6093161e-05  -0.00033191784  -0.00011919864  3.4629456e-05  4.6882915e-05  -0.00025722298  -0.00048302942  7.5141099e-06  -0.00018166161  3.4505798e-05  -5.8527638e-05  4.7468763e-06  1.6917709e-05  -3.0438036e-06  1.3280992e-05  -6.7957977e-05  -6.4446341e-05  
2.8665562e-05  5.1406599e-05  -0.00013556459  -0.00031404262  -0.00033761064  -8.8695239e-05  -5.2658809e-06  7.7775797e-05  0.00016866801  2.1370979e-05  9.9294575e-06  -0.0011556713  0.0000000   -7.6543195e-05  -9.3987621e-05  0.00064738235  -0.00039056530  0.00069842375  -4.5365142e-05  0.00012907559  0.00039365390  -2.8593261e-05  -1.7502917e-05  -5.6106721e-05  4.9934042e-06  1.4998862e-05  1.6722537e-05  9.8553920e-08  -3.7880171e-06  -0.00012015355  0.00011420977  2.8665562e-05  5.1406599e-05  -0.00013556459  -0.00031404262  -0.00033761064  -8.8695239e-05  -5.2658809e-06  7.7775797e-05  0.00016866801  2.1370979e-05  9.9294575e-06  -0.0011556713  0.0000000   -7.6543195e-05  -9.3987621e-05  0.00064738235  -0.00039056530  0.00069842375  -4.5365142e-05  0.00012907559  0.00039365390  -2.8593261e-05  -1.7502917e-05  -5.6106721e-05  4.9934042e-06  1.4998862e-05  1.6722537e-05  9.8553920e-08  -3.7880171e-06  -0.00012015355  0.00011420977  
0.00025078193  5.9410312e-05  -0.00020581721  9.2630979e-05  7.4865591e-05  -0.00057543523  0.00013469674  -0.00041681952  -4.6144873e-05  -0.0012072886  -3.3498368e-05  7.2516221e-05  7.6543195e-05  0.0000000   -0.00053334257  -3.8840865e-05  0.00010436172  -1.2029317e-05  0.00039387573  1.4174224e-06  -2.8773797e-06  -4.7541385e-05  -4.5451135e-05  -0.00040871150  0.00023699725  0.00016007206  3.9027467e-05  -8.6240114e-05  -0.00010717004  -1.0008690e-05  -1.3837094e-05  0.00025078193  5.9410312e-05  -0.00020581721  9.2630979e-05  7.4865591e-05  -0.00057543523  0.00013469674  -0.00041681952  -4.6144873e-05  -0.0012072886  -3.3498368e-05  7.2516221e-05  7.6543195e-05  0.0000000   -0.00053334257  -3.8840865e-05  0.00010436172  -1.2029317e-05  0.00039387573  1.4174224e-06  -2.8773797e-06  -4.7541385e-05  -4.5451135e-05  -0.00040871150  0.00023699725  0.00016007206  3.9027467e-05  -8.6240114e-05  -0.00010717004  -1.0008690e-05  -1.3837094e-05  
7.8105778e-05  -7.5187146e-06  -0.00019195250  6.1999509e-05  3.0116888e-05  5.3651702e-05  -0.00031468956  -0.00060130881  5.9816568e-05  3.4558354e-05  -3.1500428e-05  -2.6093161e-05  9.3987621e-05  0.00053334257  0.0000000   -0.00019972016  0.00027975378  -4.6104532e-06  -0.00055210401  2.7064828e-05  -6.4874559e-05  5.8902817e-06  -4.8497207e-05  -0.00010644883  7.2634065e-05  -0.00028614351  -0.00032022843  0.00017623962  -0.00010887277  -3.4149106e-06  1.8581136e-05  7.8105778e-05  -7.5187146e-06  -0.00019195250  6.1999509e-05  3.0116888e-05  5.3651702e-05  -0.00031468956  -0.00060130881  5.9816568e-05  3.4558354e-05  -3.1500428e-05  -2.6093161e-05  9.3987621e-05  0.00053334257  0.0000000   -0.00019972016  0.00027975378  -4.6104532e-06  -0.00055210401  2.7064828e-05  -6.4874559e-05  5.8902817e-06  -4.8497207e-05  -0.00010644883  7.2634065e-05  -0.00028614351  -0.00032022843  0.00017623962  -0.00010887277  -3.4149106e-06  1.8581136e-05  
6.2602996e-07  -1.3344460e-06  -3.1082088e-05  -9.4572913e-05  0.00011535064  1.3425408e-05  7.8738149e-06  1.3866813e-05  0.00024579501  -2.6877312e-05  -0.00027497486  0.00033191784  -0.00064738235  3.8840865e-05  0.00019972016  0.0000000   0.0018215610  -0.0023151628  1.1155040e-05  -0.00013446998  0.00017885824  3.3132437e-05  5.3468368e-05  4.9357852e-05  6.9706959e-05  -4.0216858e-05  2.8068401e-05  9.5926732e-06  9.9974518e-07  5.8233265e-05  0.00013152504  6.2602996e-07  -1.3344460e-06  -3.1082088e-05  -9.4572913e-05  0.00011535064  1.3425408e-05  7.8738149e-06  1.3866813e-05  0.00024579501  -2.6877312e-05  -0.00027497486  0.00033191784  -0.00064738235  3.8840865e-05  0.00019972016  0.0000000   0.0018215610  -0.0023151628  1.1155040e-05  -0.00013446998  0.00017885824  3.3132437e-05  5.3468368e-05  4.9357852e-05  6.9706959e-05  -4.0216858e-05  2.8068401e-05  9.5926732e-06  9.9974518e-07  5.8233265e-05  0.00013152504  
2.4183205e-06  3.9828851e-05  4.7165342e-05  -1.6334209e-06  0.00017712621  3.5398876e-05  -2.2501881e-05  6.4928818e-05  -0.00061854762  7.7571949e-05  0.00014022291  0.00011919864  0.00039056530  -0.00010436172  -0.00027975378  -0.0018215610  0.0000000   0.0036277026  0.00018771147  0.00072874102  0.00010256757  3.3691810e-05  -0.00022716711  -2.7290362e-06  -0.00011669806  9.1061859e-05  -1.3295837e-06  -2.7847471e-05  1.8910296e-05  -0.00051601259  0.00014656833  2.4183205e-06  3.9828851e-05  4.7165342e-05  -1.6334209e-06  0.00017712621  3.5398876e-05  -2.2501881e-05  6.4928818e-05  -0.00061854762  7.7571949e-05  0.00014022291  0.00011919864  0.00039056530  -0.00010436172  -0.00027975378  -0.0018215610  0.0000000   0.0036277026  0.00018771147  0.00072874102  0.00010256757  3.3691810e-05  -0.00022716711  -2.7290362e-06  -0.00011669806  9.1061859e-05  -1.3295837e-06  -2.7847471e-05  1.8910296e-05  -0.00051601259  0.00014656833  
-8.0664128e-06  -3.6948213e-05  -1.8542436e-06  3.0167961e-05  -0.00026364892  -6.1828496e-05  -3.2934224e-05  -5.1653947e-05  -0.00022861971  2.4871148e-06  -0.00037915453  -3.4629456e-05  -0.00069842375  1.2029317e-05  4.6104532e-06  0.0023151628  -0.0036277026  0.0000000   -0.00024502001  -0.00087825290  -0.00047471713  -9.7923022e-05  0.00023724055  -0.00015113811  7.0052265e-05  -3.6911229e-05  -4.3889012e-05  6.6230472e-05  -1.2775572e-06  -0.00038332600  0.00012250434  -8.0664128e-06  -3.6948213e-05  -1.8542436e-06  3.0167961e-05  -0.00026364892  -6.1828496e-05  -3.2934224e-05  -5.1653947e-05  -0.00022861971  2.4871148e-06  -0.00037915453  -3.4629456e-05  -0.00069842375  1.2029317e-05  4.6104532e-06  0.0023151628  -0.0036277026  0.0000000   -0.00024502001  -0.00087825290  -0.00047471713  -9.7923022e-05  0.00023724055  -0.00015113811  7.0052265e-05  -3.6911229e-05  -4.3889012e-05  6.6230472e-05  -1.2775572e-06  -0.00038332600  0.00012250434  
6.4279440e-05  8.2269192e-05  7.8103929e-06  1.0697997e-05  1.9001149e-05  -9.2127086e-05  -0.00018378807  -0.00010535816  -4.4740233e-05  -0.00012414695  7.4279582e-06  -4.6882915e-05  4.5365142e-05  -0.00039387573  0.00055210401  -1.1155040e-05  -0.00018771147  0.00024502001  0.0000000   -9.4275773e-05  -0.00018035967  0.00047217130  -5.1102199e-05  -8.7164758e-05  0.00048695647  -0.00027180765  -0.00027910730  0.00033258336  0.00025256385  -1.0572630e-05  1.7333927e-05  6.4279440e-05  8.2269192e-05  7.8103929e-06  1.0697997e-05  1.9001149e-05  -9.2127086e-05  -0.00018378807  -0.00010535816  -4.4740233e-05  -0.00012414695  7.4279582e-06  -4.6882915e-05  4.5365142e-05  -0.00039387573  0.00055210401  -1.1155040e-05  -0.00018771147  0.00024502001  0.0000000   -9.4275773e-05  -0.00018035967  0.00047217130  -5.1102199e-05  -8.7164758e-05  0.00048695647  -0.00027180765  -0.00027910730  0.00033258336  0.00025256385  -1.0572630e-05  1.7333927e-05  
7.0378527e-06  2.1764532e-05  -1.2492313e-05  -4.8806307e-05  2.7907529e-05  1.5205345e-05  1.1567318e-05  4.5792491e-05  -0.00030831522  1.9844220e-05  0.00017577834  0.00025722298  -0.00012907559  -1.4174224e-06  -2.7064828e-05  0.00013446998  -0.00072874102  0.00087825290  9.4275773e-05  0.0000000   -0.0029148056  -2.7543395e-05  0.00011921979  4.0041887e-05  -4.6088302e-05  5.0487765e-05  -3.9568497e-06  7.3284581e-06  -1.0222930e-05  -4.4259746e-06  0.00012578406  7.0378527e-06  2.1764532e-05  -1.2492313e-05  -4.8806307e-05  2.7907529e-05  1.5205345e-05  1.1567318e-05  4.5792491e-05  -0.00030831522  1.9844220e-05  0.00017577834  0.00025722298  -0.00012907559  -1.4174224e-06  -2.7064828e-05  0.00013446998  -0.00072874102  0.00087825290  9.4275773e-05  0.0000000   -0.0029148056  -2.7543395e-05  0.00011921979  4.0041887e-05  -4.6088302e-05  5.0487765e-05  -3.9568497e-06  7.3284581e-06  -1.0222930e-05  -4.4259746e-06  0.00012578406  
7.4140144e-06  1.3617272e-06  -6.5805607e-05  -9.0700887e-05  -6.5208677e-05  8.4087732e-06  -8.6524691e-06  -2.4900028e-05  5.1264518e-05  -7.2018086e-06  -8.5655748e-05  0.00048302942  -0.00039365390  2.8773797e-06  6.4874559e-05  -0.00017885824  -0.00010256757  0.00047471713  0.00018035967  0.0029148056  0.0000000   -2.1180235e-05  0.00062158823  -5.9223524e-05  0.00011978998  -5.7586457e-06  -1.2202119e-05  2.8753218e-05  -1.6908289e-07  -0.00022113416  -1.4734399e-05  7.4140144e-06  1.3617272e-06  -6.5805607e-05  -9.0700887e-05  -6.5208677e-05  8.4087732e-06  -8.6524691e-06  -2.4900028e-05  5.1264518e-05  -7.2018086e-06  -8.5655748e-05  0.00048302942  -0.00039365390  2.8773797e-06  6.4874559e-05  -0.00017885824  -0.00010256757  0.00047471713  0.00018035967  0.0029148056  0.0000000   -2.1180235e-05  0.00062158823  -5.9223524e-05  0.00011978998  -5.7586457e-06  -1.2202119e-05  2.8753218e-05  -1.6908289e-07  -0.00022113416  -1.4734399e-05  
0.00019981749  8.7103342e-05  -0.00022408685  8.4083187e-05  2.1484531e-05  8.5963988e-05  6.2348677e-05  -0.00013360553  3.5112136e-06  9.4811587e-05  -1.9836777e-06  -7.5141099e-06  2.8593261e-05  4.7541385e-05  -5.8902817e-06  -3.3132437e-05  -3.3691810e-05  9.7923022e-05  -0.00047217130  2.7543395e-05  2.1180235e-05  0.0000000   1.2290750e-05  0.00043774733  2.0100910e-05  -3.2906544e-05  -9.9812365e-06  0.00018507128  7.3170138e-05  -2.9896848e-05  6.4181470e-06  0.00019981749  8.7103342e-05  -0.00022408685  8.4083187e-05  2.1484531e-05  8.5963988e-05  6.2348677e-05  -0.00013360553  3.5112136e-06  9.4811587e-05  -1.9836777e-06  -7.5141099e-06  2.8593261e-05  4.7541385e-05  -5.8902817e-06  -3.3132437e-05  -3.3691810e-05  9.7923022e-05  -0.00047217130  2.7543395e-05  2.1180235e-05  0.0000000   1.2290750e-05  0.00043774733  2.0100910e-05  -3.2906544e-05  -9.9812365e-06  0.00018507128  7.3170138e-05  -2.9896848e-05  6.4181470e-06  
1.0222674e-05  5.0448573e-06  -3.2943024e-06  3.7350544e-05  -8.5718684e-05  -3.7639912e-05  -1.3692082e-06  1.1065591e-06  0.00016164853  -2.3881670e-05  9.0323435e-05  0.00018166161  1.7502917e-05  4.5451135e-05  4.8497207e-05  -5.3468368e-05  0.00022716711  -0.00023724055  5.1102199e-05  -0.00011921979  -0.00062158823  -1.2290750e-05  0.0000000   0.00017832781  0.00028650303  -3.9590387e-05  6.0670128e-05  -2.3530544e-05  2.9799052e-05  3.6603689e-05  7.9613625e-05  1.0222674e-05  5.0448573e-06  -3.2943024e-06  3.7350544e-05  -8.5718684e-05  -3.7639912e-05  -1.3692082e-06  1.1065591e-06  0.00016164853  -2.3881670e-05  9.0323435e-05  0.00018166161  1.7502917e-05  4.5451135e-05  4.8497207e-05  -5.3468368e-05  0.00022716711  -0.00023724055  5.1102199e-05  -0.00011921979  -0.00062158823  -1.2290750e-05  0.0000000   0.00017832781  0.00028650303  -3.9590387e-05  6.0670128e-05  -2.3530544e-05  2.9799052e-05  3.6603689e-05  7.9613625e-05  
4.1764228e-05  -0.00021887321  -0.00013326717  3.1415347e-05  2.1975558e-05  -0.00020523324  -0.00013901053  -0.00018497545  -1.1706203e-05  -0.00026437510  1.4164302e-05  -3.4505798e-05  5.6106721e-05  0.00040871150  0.00010644883  -4.9357852e-05  2.7290362e-06  0.00015113811  8.7164758e-05  -4.0041887e-05  5.9223524e-05  -0.00043774733  -0.00017832781  0.0000000   0.0044642884  -0.00061988759  0.00062737703  -0.00029793591  0.00010116384  4.3649760e-06  -6.5602649e-05  4.1764228e-05  -0.00021887321  -0.00013326717  3.1415347e-05  2.1975558e-05  -0.00020523324  -0.00013901053  -0.00018497545  -1.1706203e-05  -0.00026437510  1.4164302e-05  -3.4505798e-05  5.6106721e-05  0.00040871150  0.00010644883  -4.9357852e-05  2.7290362e-06  0.00015113811  8.7164758e-05  -4.0041887e-05  5.9223524e-05  -0.00043774733  -0.00017832781  0.0000000   0.0044642884  -0.00061988759  0.00062737703  -0.00029793591  0.00010116384  4.3649760e-06  -6.5602649e-05  
-1.4561318e-05  -4.6584207e-05  -6.8581173e-05  4.3710170e-05  9.2834373e-06  9.7749106e-05  -5.8489891e-05  5.6877919e-06  3.0681930e-07  -0.00019847591  1.6499302e-05  5.8527638e-05  -4.9934042e-06  -0.00023699725  -7.2634065e-05  -6.9706959e-05  0.00011669806  -7.0052265e-05  -0.00048695647  4.6088302e-05  -0.00011978998  -2.0100910e-05  -0.00028650303  -0.0044642884  0.0000000   -0.00019407765  -0.00025787276  0.00029451182  -4.2192436e-05  5.2859138e-06  -5.3838027e-06  -1.4561318e-05  -4.6584207e-05  -6.8581173e-05  4.3710170e-05  9.2834373e-06  9.7749106e-05  -5.8489891e-05  5.6877919e-06  3.0681930e-07  -0.00019847591  1.6499302e-05  5.8527638e-05  -4.9934042e-06  -0.00023699725  -7.2634065e-05  -6.9706959e-05  0.00011669806  -7.0052265e-05  -0.00048695647  4.6088302e-05  -0.00011978998  -2.0100910e-05  -0.00028650303  -0.0044642884  0.0000000   -0.00019407765  -0.00025787276  0.00029451182  -4.2192436e-05  5.2859138e-06  -5.3838027e-06  
6.6928974e-06  -5.1696138e-05  1.9315337e-05  -2.1844912e-05  -5.6831849e-07  -0.00012698746  -7.4585335e-05  -4.3406989e-05  5.0366690e-07  -1.7504857e-06  5.9337369e-06  -4.7468763e-06  -1.4998862e-05  -0.00016007206  0.00028614351  4.0216858e-05  -9.1061859e-05  3.6911229e-05  0.00027180765  -5.0487765e-05  5.7586457e-06  3.2906544e-05  3.9590387e-05  0.00061988759  0.00019407765  0.0000000   0.0022626418  -0.00062403454  0.00043991778  -3.2923875e-05  -4.2830676e-05  6.6928974e-06  -5.1696138e-05  1.9315337e-05  -2.1844912e-05  -5.6831849e-07  -0.00012698746  -7.4585335e-05  -4.3406989e-05  5.0366690e-07  -1.7504857e-06  5.9337369e-06  -4.7468763e-06  -1.4998862e-05  -0.00016007206  0.00028614351  4.0216858e-05  -9.1061859e-05  3.6911229e-05  0.00027180765  -5.0487765e-05  5.7586457e-06  3.2906544e-05  3.9590387e-05  0.00061988759  0.00019407765  0.0000000   0.0022626418  -0.00062403454  0.00043991778  -3.2923875e-05  -4.2830676e-05  
1.6417339e-05  0.00019289923  -5.1883989e-05  3.6496374e-05  1.8332723e-06  3.4450419e-05  0.00010590068  0.00015078004  -9.0148649e-06  -9.7246110e-05  1.7555846e-06  -1.6917709e-05  -1.6722537e-05  -3.9027467e-05  0.00032022843  -2.8068401e-05  1.3295837e-06  4.3889012e-05  0.00027910730  3.9568497e-06  1.2202119e-05  9.9812365e-06  -6.0670128e-05  -0.00062737703  0.00025787276  -0.0022626418  0.0000000   -0.00034619291  0.00042328149  4.3019868e-05  -4.7587235e-05  1.6417339e-05  0.00019289923  -5.1883989e-05  3.6496374e-05  1.8332723e-06  3.4450419e-05  0.00010590068  0.00015078004  -9.0148649e-06  -9.7246110e-05  1.7555846e-06  -1.6917709e-05  -1.6722537e-05  -3.9027467e-05  0.00032022843  -2.8068401e-05  1.3295837e-06  4.3889012e-05  0.00027910730  3.9568497e-06  1.2202119e-05  9.9812365e-06  -6.0670128e-05  -0.00062737703  0.00025787276  -0.0022626418  0.0000000   -0.00034619291  0.00042328149  4.3019868e-05  -4.7587235e-05  
4.3158962e-06  -0.00011793950  3.5424720e-05  -2.4312461e-05  -2.1989612e-05  0.00018723204  0.00019097808  -3.5452218e-05  1.6637418e-05  0.00011682921  8.1764891e-06  3.0438036e-06  -9.8553920e-08  8.6240114e-05  -0.00017623962  -9.5926732e-06  2.7847471e-05  -6.6230472e-05  -0.00033258336  -7.3284581e-06  -2.8753218e-05  -0.00018507128  2.3530544e-05  0.00029793591  -0.00029451182  0.00062403454  0.00034619291  0.0000000   -0.0019893771  -6.2676053e-05  9.9744865e-05  4.3158962e-06  -0.00011793950  3.5424720e-05  -2.4312461e-05  -2.1989612e-05  0.00018723204  0.00019097808  -3.5452218e-05  1.6637418e-05  0.00011682921  8.1764891e-06  3.0438036e-06  -9.8553920e-08  8.6240114e-05  -0.00017623962  -9.5926732e-06  2.7847471e-05  -6.6230472e-05  -0.00033258336  -7.3284581e-06  -2.8753218e-05  -0.00018507128  2.3530544e-05  0.00029793591  -0.00029451182  0.00062403454  0.00034619291  0.0000000   -0.0019893771  -6.2676053e-05  9.9744865e-05  
-3.3550265e-05  7.0202570e-05  -5.3928550e-05  1.2083886e-05  -9.8801291e-06  6.7330144e-05  4.2780271e-05  -1.9384769e-05  -1.2950116e-05  -0.00022704528  1.0741560e-05  -1.3280992e-05  3.7880171e-06  0.00010717004  0.00010887277  -9.9974518e-07  -1.8910296e-05  1.2775572e-06  -0.00025256385  1.0222930e-05  1.6908289e-07  -7.3170138e-05  -2.9799052e-05  -0.00010116384  4.2192436e-05  -0.00043991778  -0.00042328149  0.0019893771  0.0000000   1.7721227e-05  0.00011795780  -3.3550265e-05  7.0202570e-05  -5.3928550e-05  1.2083886e-05  -9.8801291e-06  6.7330144e-05  4.2780271e-05  -1.9384769e-05  -1.2950116e-05  -0.00022704528  1.0741560e-05  -1.3280992e-05  3.7880171e-06  0.00010717004  0.00010887277  -9.9974518e-07  -1.8910296e-05  1.2775572e-06  -0.00025256385  1.0222930e-05  1.6908289e-07  -7.3170138e-05  -2.9799052e-05  -0.00010116384  4.2192436e-05  -0.00043991778  -0.00042328149  0.0019893771  0.0000000   1.7721227e-05  0.00011795780  
-9.7923580e-06  -1.0120928e-05  4.0576134e-05  0.00010200167  -2.5659208e-05  1.4546682e-06  8.9546058e-06  -1.2355480e-05  -2.5676336e-05  -4.2065773e-06  5.8024782e-05  6.7957977e-05  0.00012015355  1.0008690e-05  3.4149106e-06  -5.8233265e-05  0.00051601259  0.00038332600  1.0572630e-05  4.4259746e-06  0.00022113416  2.9896848e-05  -3.6603689e-05  -4.3649760e-06  -5.2859138e-06  3.2923875e-05  -4.3019868e-05  6.2676053e-05  -1.7721227e-05  0.0000000   -0.0027916700  -9.7923580e-06  -1.0120928e-05  4.0576134e-05  0.00010200167  -2.5659208e-05  1.4546682e-06  8.9546058e-06  -1.2355480e-05  -2.5676336e-05  -4.2065773e-06  5.8024782e-05  6.7957977e-05  0.00012015355  1.0008690e-05  3.4149106e-06  -5.8233265e-05  0.00051601259  0.00038332600  1.0572630e-05  4.4259746e-06  0.00022113416  2.9896848e-05  -3.6603689e-05  -4.3649760e-06  -5.2859138e-06  3.2923875e-05  -4.3019868e-05  6.2676053e-05  -1.7721227e-05  0.0000000   -0.0027916700  
1.2930500e-05  3.9646906e-06  -2.1273490e-05  -6.9953756e-05  -4.1964932e-06  -8.6575612e-06  8.2088566e-07  4.7055035e-06  -0.00016172619  2.6208202e-05  -3.1701369e-05  6.4446341e-05  -0.00011420977  1.3837094e-05  -1.8581136e-05  -0.00013152504  -0.00014656833  -0.00012250434  -1.7333927e-05  -0.00012578406  1.4734399e-05  -6.4181470e-06  -7.9613625e-05  6.5602649e-05  5.3838027e-06  4.2830676e-05  4.7587235e-05  -9.9744865e-05  -0.00011795780  0.0027916700  0.0000000   1.2930500e-05  3.9646906e-06  -2.1273490e-05  -6.9953756e-05  -4.1964932e-06  -8.6575612e-06  8.2088566e-07  4.7055035e-06  -0.00016172619  2.6208202e-05  -3.1701369e-05  6.4446341e-05  -0.00011420977  1.3837094e-05  -1.8581136e-05  -0.00013152504  -0.00014656833  -0.00012250434  -1.7333927e-05  -0.00012578406  1.4734399e-05  -6.4181470e-06  -7.9613625e-05  6.5602649e-05  5.3838027e-06  4.2830676e-05  4.7587235e-05  -9.9744865e-05  -0.00011795780  0.0027916700  0.0000000   
0.0000000   0.0010420607  -0.0016705367  0.00062384360  0.00037416457  0.00041001206  2.0478320e-06  -6.1573379e-05  6.5007780e-06  5.5235403e-05  -1.7935971e-05  4.6169651e-05  -2.8665562e-05  -0.00025078193  -7.8105778e-05  -6.2602996e-07  -2.4183205e-06  8.0664128e-06  -6.4279440e-05  -7.0378527e-06  -7.4140144e-06  -0.00019981749  -1.0222674e-05  -4.1764228e-05  1.4561318e-05  -6.6928974e-06  -1.6417339e-05  -4.3158962e-06  3.3550265e-05  9.7923580e-06  -1.2930500e-05  0.0000000   0.0010420607  -0.0016705367  0.00062384360  0.00037416457  0.00041001206  2.0478320e-06  -6.1573379e-05  6.5007780e-06  5.5235403e-05  -1.7935971e-05  4.6169651e-05  -2.8665562e-05  -0.00025078193  -7.8105778e-05  -6.2602996e-07  -2.4183205e-06  8.0664128e-06  -6.4279440e-05  -7.0378527e-06  -7.4140144e-06  -0.00019981749  -1.0222674e-05  -4.1764228e-05  1.4561318e-05  -6.6928974e-06  -1.6417339e-05  -4.3158962e-06  3.3550265e-05  9.7923580e-06  -1.2930500e-05  
-0.0010420607  0.0000000   -0.0045578345  0.0014064993  0.00075340996  0.0010128646  0.00089436271  -0.00054874215  -4.3667720e-05  -0.00062974204  -1.3823598e-05  6.2642210e-05  -5.1406599e-05  -5.9410312e-05  7.5187146e-06  1.3344460e-06  -3.9828851e-05  3.6948213e-05  -8.2269192e-05  -2.1764532e-05  -1.3617272e-06  -8.7103342e-05  -5.0448573e-06  0.00021887321  4.6584207e-05  5.1696138e-05  -0.00019289923  0.00011793950  -7.0202570e-05  1.0120928e-05  -3.9646906e-06  -0.0010420607  0.0000000   -0.0045578345  0.0014064993  0.00075340996  0.0010128646  0.00089436271  -0.00054874215  -4.3667720e-05  -0.00062974204  -1.3823598e-05  6.2642210e-05  -5.1406599e-05  -5.9410312e-05  7.5187146e-06  1.3344460e-06  -3.9828851e-05  3.6948213e-05  -8.2269192e-05  -2.1764532e-05  -1.3617272e-06  -8.7103342e-05  -5.0448573e-06  0.00021887321  4.6584207e-05  5.1696138e-05  -0.00019289923  0.00011793950  -7.0202570e-05  1.0120928e-05  -3.9646906e-06  
0.0016705367  0.0045578345  0.0000000   0.0011030969  -0.0012856670  -0.0025574515  -0.00020250045  0.00091100797  -5.0714583e-05  0.00071347919  8.3190486e-05  -0.00020028512  0.00013556459  0.00020581721  0.00019195250  3.1082088e-05  -4.7165342e-05  1.8542436e-06  -7.8103929e-06  1.2492313e-05  6.5805607e-05  0.00022408685  3.2943024e-06  0.00013326717  6.8581173e-05  -1.9315337e-05  5.1883989e-05  -3.5424720e-05  5.3928550e-05  -4.0576134e-05  2.1273490e-05  0.0016705367  0.0045578345  0.0000000   0.0011030969  -0.0012856670  -0.0025574515  -0.00020250045  0.00091100797  -5.0714583e-05  0.00071347919  8.3190486e-05  -0.00020028512  0.00013556459  0.00020581721  0.00019195250  3.1082088e-05  -4.7165342e-05  1.8542436e-06  -7.8103929e-06  1.2492313e-05  6.5805607e-05  0.00022408685  3.2943024e-06  0.00013326717  6.8581173e-05  -1.9315337e-05  5.1883989e-05  -3.5424720e-05  5.3928550e-05  -4.0576134e-05  2.1273490e-05  
-0.00062384360  -0.0014064993  -0.0011030969  0.0000000   -0.0048790494  0.00034904330  0.00022107975  -0.00010139406  -0.00015281804  -0.00023539686  0.00018681411  -0.00049675292  0.00031404262  -9.2630979e-05  -6.1999509e-05  9.4572913e-05  1.6334209e-06  -3.0167961e-05  -1.0697997e-05  4.8806307e-05  9.0700887e-05  -8.4083187e-05  -3.7350544e-05  -3.1415347e-05  -4.3710170e-05  2.1844912e-05  -3.6496374e-05  2.4312461e-05  -1.2083886e-05  -0.00010200167  6.9953756e-05  -0.00062384360  -0.0014064993  -0.0011030969  0.0000000   -0.0048790494  0.00034904330  0.00022107975  -0.00010139406  -0.00015281804  -0.00023539686  0.00018681411  -0.00049675292  0.00031404262  -9.2630979e-05  -6.1999509e-05  9.4572913e-05  1.6334209e-06  -3.0167961e-05  -1.0697997e-05  4.8806307e-05  9.0700887e-05  -8.4083187e-05  -3.7350544e-05  -3.1415347e-05  -4.3710170e-05  2.1844912e-05  -3.6496374e-05  2.4312461e-05  -1.2083886e-05  -0.00010200167  6.9953756e-05  
-0.00037416457  -0.00075340996  0.0012856670  0.0048790494  0.0000000   0.00036141534  0.00024717878  -6.6567069e-05  -0.00029624657  -0.00015493231  0.00039424859  -8.4809669e-05  0.00033761064  -7.4865591e-05  -3.0116888e-05  -0.00011535064  -0.00017712621  0.00026364892  -1.9001149e-05  -2.7907529e-05  6.5208677e-05  -2.1484531e-05  8.5718684e-05  -2.1975558e-05  -9.2834373e-06  5.6831849e-07  -1.8332723e-06  2.1989612e-05  9.8801291e-06  2.5659208e-05  4.1964932e-06  -0.00037416457  -0.00075340996  0.0012856670  0.0048790494  0.0000000   0.00036141534  0.00024717878  -6.6567069e-05  -0.00029624657  -0.00015493231  0.00039424859  -8.4809669e-05  0.00033761064  -7.4865591e-05  -3.0116888e-05  -0.00011535064  -0.00017712621  0.00026364892  -1.9001149e-05  -2.7907529e-05  6.5208677e-05  -2.1484531e-05  8.5718684e-05  -2.1975558e-05  -9.2834373e-06  5.6831849e-07  -1.8332723e-06  2.1989612e-05  9.8801291e-06  2.5659208e-05  4.1964932e-06  
-0.00041001206  -0.0010128646  0.0025574515  -0.00034904330  -0.00036141534  0.0000000   -0.00037709669  -0.0016377080  -4.8676352e-05  -0.00054844379  6.2467398e-05  -4.6338738e-05  8.8695239e-05  0.00057543523  -5.3651702e-05  -1.3425408e-05  -3.5398876e-05  6.1828496e-05  9.2127086e-05  -1.5205345e-05  -8.4087732e-06  -8.5963988e-05  3.7639912e-05  0.00020523324  -9.7749106e-05  0.00012698746  -3.4450419e-05  -0.00018723204  -6.7330144e-05  -1.4546682e-06  8.6575612e-06  -0.00041001206  -0.0010128646  0.0025574515  -0.00034904330  -0.00036141534  0.0000000   -0.00037709669  -0.0016377080  -4.8676352e-05  -0.00054844379  6.2467398e-05  -4.6338738e-05  8.8695239e-05  0.00057543523  -5.3651702e-05  -1.3425408e-05  -3.5398876e-05  6.1828496e-05  9.2127086e-05  -1.5205345e-05  -8.4087732e-06  -8.5963988e-05  3.7639912e-05  0.00020523324  -9.7749106e-05  0.00012698746  -3.4450419e-05  -0.00018723204  -6.7330144e-05  -1.4546682e-06  8.6575612e-06  
-2.0478320e-06  -0.00089436271  0.00020250045  -0.00022107975  -0.00024717878  0.00037709669  0.0000000   -0.0025936579  -3.4643289e-05  -0.0011021446  0.00010043643  -6.1319923e-05  5.2658809e-06  -0.00013469674  0.00031468956  -7.8738149e-06  2.2501881e-05  3.2934224e-05  0.00018378807  -1.1567318e-05  8.6524691e-06  -6.2348677e-05  1.3692082e-06  0.00013901053  5.8489891e-05  7.4585335e-05  -0.00010590068  -0.00019097808  -4.2780271e-05  -8.9546058e-06  -8.2088566e-07  -2.0478320e-06  -0.00089436271  0.00020250045  -0.00022107975  -0.00024717878  0.00037709669  0.0000000   -0.0025936579  -3.4643289e-05  -0.0011021446  0.00010043643  -6.1319923e-05  5.2658809e-06  -0.00013469674  0.00031468956  -7.8738149e-06  2.2501881e-05  3.2934224e-05  0.00018378807  -1.1567318e-05  8.6524691e-06  -6.2348677e-05  1.3692082e-06  0.00013901053  5.8489891e-05  7.4585335e-05  -0.00010590068  -0.00019097808  -4.2780271e-05  -8.9546058e-06  -8.2088566e-07  
6.1573379e-05  0.00054874215  -0.00091100797  0.00010139406  6.6567069e-05  0.0016377080  0.0025936579  0.0000000   -0.00012678611  -0.0010662121  -3.5350961e-07  -2.0380739e-05  -7.7775797e-05  0.00041681952  0.00060130881  -1.3866813e-05  -6.4928818e-05  5.1653947e-05  0.00010535816  -4.5792491e-05  2.4900028e-05  0.00013360553  -1.1065591e-06  0.00018497545  -5.6877919e-06  4.3406989e-05  -0.00015078004  3.5452218e-05  1.9384769e-05  1.2355480e-05  -4.7055035e-06  6.1573379e-05  0.00054874215  -0.00091100797  0.00010139406  6.6567069e-05  0.0016377080  0.0025936579  0.0000000   -0.00012678611  -0.0010662121  -3.5350961e-07  -2.0380739e-05  -7.7775797e-05  0.00041681952  0.00060130881  -1.3866813e-05  -6.4928818e-05  5.1653947e-05  0.00010535816  -4.5792491e-05  2.4900028e-05  0.00013360553  -1.1065591e-06  0.00018497545  -5.6877919e-06  4.3406989e-05  -0.00015078004  3.5452218e-05  1.9384769e-05  1.2355480e-05  -4.7055035e-06  
-6.5007780e-06  4.3667720e-05  5.0714583e-05  0.00015281804  0.00029624657  4.8676352e-05  3.4643289e-05  0.00012678611  0.0000000   1.4460928e-05  0.0011014056  -0.00034384346  -0.00016866801  4.6144873e-05  -5.9816568e-05  -0.00024579501  0.00061854762  0.00022861971  4.4740233e-05  0.00030831522  -5.1264518e-05  -3.5112136e-06  -0.00016164853  1.1706203e-05  -3.0681930e-07  -5.0366690e-07  9.0148649e-06  -1.6637418e-05  1.2950116e-05  2.5676336e-05  0.00016172619  -6.5007780e-06  4.3667720e-05  5.0714583e-05  0.00015281804  0.00029624657  4.8676352e-05  3.4643289e-05  0.00012678611  0.0000000   1.4460928e-05  0.0011014056  -0.00034384346  -0.00016866801  4.6144873e-05  -5.9816568e-05  -0.00024579501  0.00061854762  0.00022861971  4.4740233e-05  0.00030831522  -5.1264518e-05  -3.5112136e-06  -0.00016164853  1.1706203e-05  -3.0681930e-07  -5.0366690e-07  9.0148649e-06  -1.6637418e-05  1.2950116e-05  2.5676336e-05  0.00016172619  
-5.5235403e-05  0.00062974204  -0.00071347919  0.00023539686  0.00015493231  0.00054844379  0.0011021446  0.0010662121  -1.4460928e-05  0.0000000   -9.9792485e-05  -1.8124082e-05  -2.1370979e-05  0.0012072886  -3.4558354e-05  2.6877312e-05  -7.7571949e-05  -2.4871148e-06  0.00012414695  -1.9844220e-05  7.2018086e-06  -9.4811587e-05  2.3881670e-05  0.00026437510  0.00019847591  1.7504857e-06  9.7246110e-05  -0.00011682921  0.00022704528  4.2065773e-06  -2.6208202e-05  -5.5235403e-05  0.00062974204  -0.00071347919  0.00023539686  0.00015493231  0.00054844379  0.0011021446  0.0010662121  -1.4460928e-05  0.0000000   -9.9792485e-05  -1.8124082e-05  -2.1370979e-05  0.0012072886  -3.4558354e-05  2.6877312e-05  -7.7571949e-05  -2.4871148e-06  0.00012414695  -1.9844220e-05  7.2018086e-06  -9.4811587e-05  2.3881670e-05  0.00026437510  0.00019847591  1.7504857e-06  9.7246110e-05  -0.00011682921  0.00022704528  4.2065773e-06  -2.6208202e-05  
1.7935971e-05  1.3823598e-05  -8.3190486e-05  -0.00018681411  -0.00039424859  -6.2467398e-05  -0.00010043643  3.5350961e-07  -0.0011014056  9.9792485e-05  0.0000000   0.00089512673  -9.9294575e-06  3.3498368e-05  3.1500428e-05  0.00027497486  -0.00014022291  0.00037915453  -7.4279582e-06  -0.00017577834  8.5655748e-05  1.9836777e-06  -9.0323435e-05  -1.4164302e-05  -1.6499302e-05  -5.9337369e-06  -1.7555846e-06  -8.1764891e-06  -1.0741560e-05  -5.8024782e-05  3.1701369e-05  1.7935971e-05  1.3823598e-05  -8.3190486e-05  -0.00018681411  -0.00039424859  -6.2467398e-05  -0.00010043643  3.5350961e-07  -0.0011014056  9.9792485e-05  0.0000000   0.00089512673  -9.9294575e-06  3.3498368e-05  3.1500428e-05  0.00027497486  -0.00014022291  0.00037915453  -7.4279582e-06  -0.00017577834  8.5655748e-05  1.9836777e-06  -9.0323435e-05  -1.4164302e-05  -1.6499302e-05  -5.9337369e-06  -1.7555846e-06  -8.1764891e-06  -1.0741560e-05  -5.8024782e-05  3.1701369e-05  
