0.0000000   0.0038183047  -0.00036639866  -0.0017802164  -0.00020571139  0.00018286273  -0.00026820774  -0.00022954087  -0.00017511383  3.5360131e-05  1.7792586e-05  -2.8682888e-05  -0.00012339082  -2.0382461e-05  8.9743057e-05  -0.00028876093  -0.00016709784  -2.5400946e-05  2.3004330e-05  2.5789674e-05  1.5091933e-06  -7.4563644e-05  -3.4500802e-06  -3.1282862e-06  7.7034802e-06  -0.00011076040  3.7666207e-05  5.5789965e-06  -1.5417424e-05  2.7987455e-05  -6.0161881e-05  0.0000000   0.0038183047  -0.00036639866  -0.0017802164  -0.00020571139  0.00018286273  -0.00026820774  -0.00022954087  -0.00017511383  3.5360131e-05  1.7792586e-05  -2.8682888e-05  -0.00012339082  -2.0382461e-05  8.9743057e-05  -0.00028876093  -0.00016709784  -2.5400946e-05  2.3004330e-05  2.5789674e-05  1.5091933e-06  -7.4563644e-05  -3.4500802e-06  -3.1282862e-06  7.7034802e-06  -0.00011076040  3.7666207e-05  5.5789965e-06  -1.5417424e-05  2.7987455e-05  -6.0161881e-05  
-0.0038183047  0.0000000   0.00012949342  0.0018562091  -0.0010394507  0.0014138584  0.00075409270  -0.00072271643  0.00021833788  -8.7080876e-05  0.00019323279  6.0973433e-05  -0.00035993148  -2.5565782e-05  2.6565766e-05  -0.00025535562  1.8851905e-05  0.00021408864  0.00017640171  0.00026608163  8.2710366e-05  -0.00015948562  7.7374971e-06  3.7322168e-06  1.6809282e-06  -9.2511320e-05  3.8363332e-05  -4.8116303e-06  7.4907320e-05  4.3416699e-05  -0.00012855058  -0.0038183047  0.0000000   0.00012949342  0.0018562091  -0.0010394507  0.0014138584  0.00075409270  -0.00072271643  0.00021833788  -8.7080876e-05  0.00019323279  6.0973433e-05  -0.00035993148  -2.5565782e-05  2.6565766e-05  -0.00025535562  1.8851905e-05  0.00021408864  0.00017640171  0.00026608163  8.2710366e-05  -0.00015948562  7.7374971e-06  3.7322168e-06  1.6809282e-06  -9.2511320e-05  3.8363332e-05  -4.8116303e-06  7.4907320e-05  4.3416699e-05  -0.00012855058  
0.00036639866  -0.00012949342  0.0000000   -0.00014063496  0.00023620762  -9.2721605e-05  -0.00010129678  0.00015322027  -4.4279642e-05  -0.00037033504  2.7595463e-05  -0.00013583663  -4.3915811e-06  5.1190579e-05  -3.6439716e-06  5.0492243e-05  -7.3279935e-05  6.6819999e-05  1.1403540e-05  -7.7690433e-06  2.4797950e-05  2.0972316e-05  7.0673430e-05  1.6377535e-05  -9.6272232e-05  1.8834821e-05  -1.2981114e-05  2.7861103e-05  -6.2946975e-06  -4.7234310e-06  -2.3790775e-06  0.00036639866  -0.00012949342  0.0000000   -0.00014063496  0.00023620762  -9.2721605e-05  -0.00010129678  0.00015322027  -4.4279642e-05  -0.00037033504  2.7595463e-05  -0.00013583663  -4.3915811e-06  5.1190579e-05  -3.6439716e-06  5.0492243e-05  -7.3279935e-05  6.6819999e-05  1.1403540e-05  -7.7690433e-06  2.4797950e-05  2.0972316e-05  7.0673430e-05  1.6377535e-05  -9.6272232e-05  1.8834821e-05  -1.2981114e-05  2.7861103e-05  -6.2946975e-06  -4.7234310e-06  -2.3790775e-06  
0.0017802164  -0.0018562091  0.00014063496  0.0000000   0.00054368573  -0.00063780385  -0.00019241785  0.0010504386  6.7004971e-06  6.9583916e-05  7.9630429e-05  2.8946697e-05  5.6361454e-05  1.2663940e-05  -2.3364523e-05  0.00022428282  7.0763485e-05  -0.00022484798  2.4226006e-05  3.3635647e-05  -2.9475571e-07  6.3433505e-05  -4.7547952e-06  2.3747910e-07  9.8313009e-06  7.7546640e-05  -5.6210338e-05  -5.2863082e-06  -1.5641559e-05  3.7725810e-06  -3.8825770e-05  0.0017802164  -0.0018562091  0.00014063496  0.0000000   0.00054368573  -0.00063780385  -0.00019241785  0.0010504386  6.7004971e-06  6.9583916e-05  7.9630429e-05  2.8946697e-05  5.6361454e-05  1.2663940e-05  -2.3364523e-05  0.00022428282  7.0763485e-05  -0.00022484798  2.4226006e-05  3.3635647e-05  -2.9475571e-07  6.3433505e-05  -4.7547952e-06  2.3747910e-07  9.8313009e-06  7.7546640e-05  -5.6210338e-05  -5.2863082e-06  -1.5641559e-05  3.7725810e-06  -3.8825770e-05  
0.00020571139  0.0010394507  -0.00023620762  -0.00054368573  0.0000000   0.00014438522  0.0020302321  -0.00055676477  0.0010638820  -0.00067458968  0.00032467323  0.00023675871  0.00010626135  -0.00010894675  7.4917567e-05  -2.6077510e-05  -0.00015245285  0.00015801468  6.7528841e-06  5.1362469e-06  -0.00016360139  -3.4164361e-05  -9.6832923e-05  0.00017416345  6.3335106e-05  -4.9983057e-05  4.3357234e-05  -9.8967393e-05  -2.3051514e-05  0.00010334920  -4.0975595e-05  0.00020571139  0.0010394507  -0.00023620762  -0.00054368573  0.0000000   0.00014438522  0.0020302321  -0.00055676477  0.0010638820  -0.00067458968  0.00032467323  0.00023675871  0.00010626135  -0.00010894675  7.4917567e-05  -2.6077510e-05  -0.00015245285  0.00015801468  6.7528841e-06  5.1362469e-06  -0.00016360139  -3.4164361e-05  -9.6832923e-05  0.00017416345  6.3335106e-05  -4.9983057e-05  4.3357234e-05  -9.8967393e-05  -2.3051514e-05  0.00010334920  -4.0975595e-05  
-0.00018286273  -0.0014138584  9.2721605e-05  0.00063780385  -0.00014438522  0.0000000   -0.0027290663  0.00062213190  -0.0015523469  -0.00034812174  -0.00038980452  0.00011253661  -0.00022100021  -0.00010000872  -0.00020980436  9.8015068e-05  -0.00017769799  -3.2988643e-05  -4.0968386e-05  0.00012278223  -9.6486264e-05  7.9758565e-05  -7.0055824e-05  0.00013935329  2.0512941e-05  6.0052894e-05  -5.9179964e-05  -7.0565803e-05  5.1706333e-05  3.5150455e-05  0.00010209547  -0.00018286273  -0.0014138584  9.2721605e-05  0.00063780385  -0.00014438522  0.0000000   -0.0027290663  0.00062213190  -0.0015523469  -0.00034812174  -0.00038980452  0.00011253661  -0.00022100021  -0.00010000872  -0.00020980436  9.8015068e-05  -0.00017769799  -3.2988643e-05  -4.0968386e-05  0.00012278223  -9.6486264e-05  7.9758565e-05  -7.0055824e-05  0.00013935329  2.0512941e-05  6.0052894e-05  -5.9179964e-05  -7.0565803e-05  5.1706333e-05  3.5150455e-05  0.00010209547  
0.00026820774  -0.00075409270  0.00010129678  0.00019241785  -0.0020302321  0.0027290663  0.0000000   -0.0021318678  -5.7473264e-06  -7.3661397e-05  0.00035528546  -4.1996888e-05  0.00014076779  -1.4965157e-05  -0.00042390533  0.00017079718  -2.6309701e-05  -0.00017188819  6.0241856e-05  7.3310026e-05  3.6872263e-05  9.9574933e-05  3.3465154e-05  -3.5651190e-05  -3.1434504e-05  2.6958588e-06  -0.00017635518  1.7137410e-05  4.1081938e-05  -1.4447486e-05  3.8375091e-05  0.00026820774  -0.00075409270  0.00010129678  0.00019241785  -0.0020302321  0.0027290663  0.0000000   -0.0021318678  -5.7473264e-06  -7.3661397e-05  0.00035528546  -4.1996888e-05  0.00014076779  -1.4965157e-05  -0.00042390533  0.00017079718  -2.6309701e-05  -0.00017188819  6.0241856e-05  7.3310026e-05  3.6872263e-05  9.9574933e-05  3.3465154e-05  -3.5651190e-05  -3.1434504e-05  2.6958588e-06  -0.00017635518  1.7137410e-05  4.1081938e-05  -1.4447486e-05  3.8375091e-05  
0.00022954087  0.00072271643  -0.00015322027  -0.0010504386  0.00055676477  -0.00062213190  0.0021318678  0.0000000   0.00098503209  3.7481328e-05  0.00022913092  8.1830495e-05  -0.00095361443  -1.6070267e-05  -0.00048678972  0.00034168455  0.00030659065  -3.2206647e-05  0.00010931588  0.00029974377  0.00010668685  0.00013358151  2.9906040e-05  -1.8349204e-05  2.8586475e-05  -4.9862954e-05  0.00024999325  1.7080003e-05  8.7624269e-05  5.8989818e-07  -2.6465937e-05  0.00022954087  0.00072271643  -0.00015322027  -0.0010504386  0.00055676477  -0.00062213190  0.0021318678  0.0000000   0.00098503209  3.7481328e-05  0.00022913092  8.1830495e-05  -0.00095361443  -1.6070267e-05  -0.00048678972  0.00034168455  0.00030659065  -3.2206647e-05  0.00010931588  0.00029974377  0.00010668685  0.00013358151  2.9906040e-05  -1.8349204e-05  2.8586475e-05  -4.9862954e-05  0.00024999325  1.7080003e-05  8.7624269e-05  5.8989818e-07  -2.6465937e-05  
0.00017511383  -0.00021833788  4.4279642e-05  -6.7004971e-06  -0.0010638820  0.0015523469  5.7473264e-06  -0.00098503209  0.0000000   -9.0174054e-05  8.4964568e-05  -6.7708959e-05  0.00067938122  2.3320875e-05  -0.00015356718  -0.00078437734  -0.00011976561  -0.00025256701  -0.00032589796  -0.00026888647  -9.5245726e-05  -0.00036057101  -1.0643196e-05  -1.6325276e-05  -1.0567120e-05  -9.9451044e-05  -5.8883561e-05  -3.7390984e-07  6.5136747e-05  -1.0988904e-07  4.5934297e-05  0.00017511383  -0.00021833788  4.4279642e-05  -6.7004971e-06  -0.0010638820  0.0015523469  5.7473264e-06  -0.00098503209  0.0000000   -9.0174054e-05  8.4964568e-05  -6.7708959e-05  0.00067938122  2.3320875e-05  -0.00015356718  -0.00078437734  -0.00011976561  -0.00025256701  -0.00032589796  -0.00026888647  -9.5245726e-05  -0.00036057101  -1.0643196e-05  -1.6325276e-05  -1.0567120e-05  -9.9451044e-05  -5.8883561e-05  -3.7390984e-07  6.5136747e-05  -1.0988904e-07  4.5934297e-05  
-3.5360131e-05  8.7080876e-05  0.00037033504  -6.9583916e-05  0.00067458968  0.00034812174  7.3661397e-05  -3.7481328e-05  9.0174054e-05  0.0000000   8.2444816e-06  0.00026620135  -2.7907879e-05  -4.9515231e-05  3.2262237e-06  9.0451693e-05  -1.5229463e-05  -5.6104472e-05  1.4110586e-05  -2.2395861e-05  0.00012523905  1.8567386e-05  -0.00016541399  -5.0501895e-05  9.5723443e-05  5.6297955e-06  1.8605229e-05  -5.2679968e-05  -1.6191598e-06  0.00010368573  2.4866358e-05  -3.5360131e-05  8.7080876e-05  0.00037033504  -6.9583916e-05  0.00067458968  0.00034812174  7.3661397e-05  -3.7481328e-05  9.0174054e-05  0.0000000   8.2444816e-06  0.00026620135  -2.7907879e-05  -4.9515231e-05  3.2262237e-06  9.0451693e-05  -1.5229463e-05  -5.6104472e-05  1.4110586e-05  -2.2395861e-05  0.00012523905  1.8567386e-05  -0.00016541399  -5.0501895e-05  9.5723443e-05  5.6297955e-06  1.8605229e-05  -5.2679968e-05  -1.6191598e-06  0.00010368573  2.4866358e-05  
-1.7792586e-05  -0.00019323279  -2.7595463e-05  -7.9630429e-05  -0.00032467323  0.00038980452  -0.00035528546  -0.00022913092  -8.4964568e-05  -8.2444816e-06  0.0000000   -8.3996346e-05  0.00077230138  7.9433795e-05  -3.6120362e-05  0.00010115019  8.2627647e-06  -1.0428317e-05  -0.00023090705  -0.00045237623  -0.00015383088  -0.00022165743  -1.5569497e-05  -2.4376957e-05  -2.0804258e-05  5.4625839e-05  1.1599723e-05  -2.9538564e-06  -0.00010274545  -6.8386388e-05  0.00018815878  -1.7792586e-05  -0.00019323279  -2.7595463e-05  -7.9630429e-05  -0.00032467323  0.00038980452  -0.00035528546  -0.00022913092  -8.4964568e-05  -8.2444816e-06  0.0000000   -8.3996346e-05  0.00077230138  7.9433795e-05  -3.6120362e-05  0.00010115019  8.2627647e-06  -1.0428317e-05  -0.00023090705  -0.00045237623  -0.00015383088  -0.00022165743  -1.5569497e-05  -2.4376957e-05  -2.0804258e-05  5.4625839e-05  1.1599723e-05  -2.9538564e-06  -0.00010274545  -6.8386388e-05  0.00018815878  
2.8682888e-05  -6.0973433e-05  0.00013583663  -2.8946697e-05  -0.00023675871  -0.00011253661  4.1996888e-05  -8.1830495e-05  6.7708959e-05  -0.00026620135  8.3996346e-05  0.0000000   0.00012884045  -0.0010450461  1.9111766e-05  3.3610587e-05  0.00021965931  -0.00017858022  -6.8131601e-05  2.9122117e-05  6.2422602e-05  -3.5186189e-05  0.00040129032  0.00027477665  3.6049689e-05  7.8807314e-06  -1.4240688e-05  0.00011937970  -1.3736480e-05  0.00015122681  5.8602962e-05  2.8682888e-05  -6.0973433e-05  0.00013583663  -2.8946697e-05  -0.00023675871  -0.00011253661  4.1996888e-05  -8.1830495e-05  6.7708959e-05  -0.00026620135  8.3996346e-05  0.0000000   0.00012884045  -0.0010450461  1.9111766e-05  3.3610587e-05  0.00021965931  -0.00017858022  -6.8131601e-05  2.9122117e-05  6.2422602e-05  -3.5186189e-05  0.00040129032  0.00027477665  3.6049689e-05  7.8807314e-06  -1.4240688e-05  0.00011937970  -1.3736480e-05  0.00015122681  5.8602962e-05  
0.00012339082  0.00035993148  4.3915811e-06  -5.6361454e-05  -0.00010626135  0.00022100021  -0.00014076779  0.00095361443  -0.00067938122  2.7907879e-05  -0.00077230138  -0.00012884045  0.0000000   -7.9611375e-05  -0.00011001685  -0.00059951575  -0.00012137068  -2.8023968e-05  -0.00029732682  -0.00046294729  -0.00014265907  -4.0855537e-05  2.2148037e-05  5.4279614e-06  2.6892527e-07  -0.00018745066  6.9473355e-05  1.4364855e-05  -6.2016603e-05  -4.6938359e-05  0.00023008723  0.00012339082  0.00035993148  4.3915811e-06  -5.6361454e-05  -0.00010626135  0.00022100021  -0.00014076779  0.00095361443  -0.00067938122  2.7907879e-05  -0.00077230138  -0.00012884045  0.0000000   -7.9611375e-05  -0.00011001685  -0.00059951575  -0.00012137068  -2.8023968e-05  -0.00029732682  -0.00046294729  -0.00014265907  -4.0855537e-05  2.2148037e-05  5.4279614e-06  2.6892527e-07  -0.00018745066  6.9473355e-05  1.4364855e-05  -6.2016603e-05  -4.6938359e-05  0.00023008723  
2.0382461e-05  2.5565782e-05  -5.1190579e-05  -1.2663940e-05  0.00010894675  0.00010000872  1.4965157e-05  1.6070267e-05  -2.3320875e-05  4.9515231e-05  -7.9433795e-05  0.0010450461  7.9611375e-05  0.0000000   -1.5311237e-05  -3.2350490e-05  9.5953237e-06  0.00024304514  -8.1139483e-05  -0.00014238216  0.00037414508  1.9858488e-05  0.00025965124  0.00010311993  0.00031141657  -4.1489336e-06  -2.7497071e-06  -2.6643243e-05  -7.0235905e-06  -0.00016872883  -3.8837216e-05  2.0382461e-05  2.5565782e-05  -5.1190579e-05  -1.2663940e-05  0.00010894675  0.00010000872  1.4965157e-05  1.6070267e-05  -2.3320875e-05  4.9515231e-05  -7.9433795e-05  0.0010450461  7.9611375e-05  0.0000000   -1.5311237e-05  -3.2350490e-05  9.5953237e-06  0.00024304514  -8.1139483e-05  -0.00014238216  0.00037414508  1.9858488e-05  0.00025965124  0.00010311993  0.00031141657  -4.1489336e-06  -2.7497071e-06  -2.6643243e-05  -7.0235905e-06  -0.00016872883  -3.8837216e-05  
-8.9743057e-05  -2.6565766e-05  3.6439716e-06  2.3364523e-05  -7.4917567e-05  0.00020980436  0.00042390533  0.00048678972  0.00015356718  -3.2262237e-06  3.6120362e-05  -1.9111766e-05  0.00011001685  1.5311237e-05  0.0000000   -0.0015924239  -0.00056085443  0.00037114613  -9.4904866e-05  0.00023581012  8.5424607e-05  3.7880492e-05  -2.5904557e-05  -7.0978521e-07  -6.3237900e-06  -0.00013636595  -7.3056339e-05  1.9378421e-06  4.1762418e-05  -1.2169173e-05  7.9233096e-05  -8.9743057e-05  -2.6565766e-05  3.6439716e-06  2.3364523e-05  -7.4917567e-05  0.00020980436  0.00042390533  0.00048678972  0.00015356718  -3.2262237e-06  3.6120362e-05  -1.9111766e-05  0.00011001685  1.5311237e-05  0.0000000   -0.0015924239  -0.00056085443  0.00037114613  -9.4904866e-05  0.00023581012  8.5424607e-05  3.7880492e-05  -2.5904557e-05  -7.0978521e-07  -6.3237900e-06  -0.00013636595  -7.3056339e-05  1.9378421e-06  4.1762418e-05  -1.2169173e-05  7.9233096e-05  
0.00028876093  0.00025535562  -5.0492243e-05  -0.00022428282  2.6077510e-05  -9.8015068e-05  -0.00017079718  -0.00034168455  0.00078437734  -9.0451693e-05  -0.00010115019  -3.3610587e-05  0.00059951575  3.2350490e-05  0.0015924239  0.0000000   -0.00046529176  -0.0011119623  -0.00045557591  -0.00013747077  -6.6402482e-05  0.00099721716  -2.1324491e-05  -4.3488476e-05  -2.2595207e-05  0.00028409421  -5.6828111e-05  -4.0489473e-06  -0.00012814936  -2.8595945e-06  -6.7051648e-05  0.00028876093  0.00025535562  -5.0492243e-05  -0.00022428282  2.6077510e-05  -9.8015068e-05  -0.00017079718  -0.00034168455  0.00078437734  -9.0451693e-05  -0.00010115019  -3.3610587e-05  0.00059951575  3.2350490e-05  0.0015924239  0.0000000   -0.00046529176  -0.0011119623  -0.00045557591  -0.00013747077  -6.6402482e-05  0.00099721716  -2.1324491e-05  -4.3488476e-05  -2.2595207e-05  0.00028409421  -5.6828111e-05  -4.0489473e-06  -0.00012814936  -2.8595945e-06  -6.7051648e-05  
0.00016709784  -1.8851905e-05  7.3279935e-05  -7.0763485e-05  0.00015245285  0.00017769799  2.6309701e-05  -0.00030659065  0.00011976561  1.5229463e-05  -8.2627647e-06  -0.00021965931  0.00012137068  -9.5953237e-06  0.00056085443  0.00046529176  0.0000000   -0.023543679  0.0023321390  0.00013937479  -0.00084541104  6.1441413e-05  -2.6535333e-05  7.3377371e-05  -0.00011103314  -0.00017384950  -4.1555855e-05  8.1821186e-05  0.00025724871  1.4201382e-05  -0.00016155894  0.00016709784  -1.8851905e-05  7.3279935e-05  -7.0763485e-05  0.00015245285  0.00017769799  2.6309701e-05  -0.00030659065  0.00011976561  1.5229463e-05  -8.2627647e-06  -0.00021965931  0.00012137068  -9.5953237e-06  0.00056085443  0.00046529176  0.0000000   -0.023543679  0.0023321390  0.00013937479  -0.00084541104  6.1441413e-05  -2.6535333e-05  7.3377371e-05  -0.00011103314  -0.00017384950  -4.1555855e-05  8.1821186e-05  0.00025724871  1.4201382e-05  -0.00016155894  
2.5400946e-05  -0.00021408864  -6.6819999e-05  0.00022484798  -0.00015801468  3.2988643e-05  0.00017188819  3.2206647e-05  0.00025256701  5.6104472e-05  1.0428317e-05  0.00017858022  2.8023968e-05  -0.00024304514  -0.00037114613  0.0011119623  0.023543679  0.0000000   0.0018881395  0.00022683499  0.00024282680  8.4361389e-05  0.00037987029  0.00029891577  0.00028856837  0.00017831719  8.0328855e-05  -3.2440405e-05  -3.4310555e-06  7.0079683e-05  5.6930334e-05  2.5400946e-05  -0.00021408864  -6.6819999e-05  0.00022484798  -0.00015801468  3.2988643e-05  0.00017188819  3.2206647e-05  0.00025256701  5.6104472e-05  1.0428317e-05  0.00017858022  2.8023968e-05  -0.00024304514  -0.00037114613  0.0011119623  0.023543679  0.0000000   0.0018881395  0.00022683499  0.00024282680  8.4361389e-05  0.00037987029  0.00029891577  0.00028856837  0.00017831719  8.0328855e-05  -3.2440405e-05  -3.4310555e-06  7.0079683e-05  5.6930334e-05  
-2.3004330e-05  -0.00017640171  -1.1403540e-05  -2.4226006e-05  -6.7528841e-06  4.0968386e-05  -6.0241856e-05  -0.00010931588  0.00032589796  -1.4110586e-05  0.00023090705  6.8131601e-05  0.00029732682  8.1139483e-05  9.4904866e-05  0.00045557591  -0.0023321390  -0.0018881395  0.0000000   0.0042766284  0.0012072722  -0.0018266914  -8.5346283e-06  8.7492179e-05  1.0413047e-05  0.00048025661  0.00025438014  1.6751833e-05  0.00029028146  -1.4389565e-05  9.1603881e-05  -2.3004330e-05  -0.00017640171  -1.1403540e-05  -2.4226006e-05  -6.7528841e-06  4.0968386e-05  -6.0241856e-05  -0.00010931588  0.00032589796  -1.4110586e-05  0.00023090705  6.8131601e-05  0.00029732682  8.1139483e-05  9.4904866e-05  0.00045557591  -0.0023321390  -0.0018881395  0.0000000   0.0042766284  0.0012072722  -0.0018266914  -8.5346283e-06  8.7492179e-05  1.0413047e-05  0.00048025661  0.00025438014  1.6751833e-05  0.00029028146  -1.4389565e-05  9.1603881e-05  
-2.5789674e-05  -0.00026608163  7.7690433e-06  -3.3635647e-05  -5.1362469e-06  -0.00012278223  -7.3310026e-05  -0.00029974377  0.00026888647  2.2395861e-05  0.00045237623  -2.9122117e-05  0.00046294729  0.00014238216  -0.00023581012  0.00013747077  -0.00013937479  -0.00022683499  -0.0042766284  0.0000000   4.0692384e-05  0.00059524580  0.00017866680  -2.7610264e-05  7.2780486e-06  0.00014342058  -0.00022069419  -6.4768551e-05  -8.1901209e-05  3.9563538e-05  -5.9837182e-05  -2.5789674e-05  -0.00026608163  7.7690433e-06  -3.3635647e-05  -5.1362469e-06  -0.00012278223  -7.3310026e-05  -0.00029974377  0.00026888647  2.2395861e-05  0.00045237623  -2.9122117e-05  0.00046294729  0.00014238216  -0.00023581012  0.00013747077  -0.00013937479  -0.00022683499  -0.0042766284  0.0000000   4.0692384e-05  0.00059524580  0.00017866680  -2.7610264e-05  7.2780486e-06  0.00014342058  -0.00022069419  -6.4768551e-05  -8.1901209e-05  3.9563538e-05  -5.9837182e-05  
-1.5091933e-06  -8.2710366e-05  -2.4797950e-05  2.9475571e-07  0.00016360139  9.6486264e-05  -3.6872263e-05  -0.00010668685  9.5245726e-05  -0.00012523905  0.00015383088  -6.2422602e-05  0.00014265907  -0.00037414508  -8.5424607e-05  6.6402482e-05  0.00084541104  -0.00024282680  -0.0012072722  -4.0692384e-05  0.0000000   0.00018874793  -0.00058476098  -0.00019709898  0.00015606048  7.1632140e-05  -7.4488597e-05  5.9782671e-05  -1.0884189e-05  -0.00013664011  -9.7490462e-05  -1.5091933e-06  -8.2710366e-05  -2.4797950e-05  2.9475571e-07  0.00016360139  9.6486264e-05  -3.6872263e-05  -0.00010668685  9.5245726e-05  -0.00012523905  0.00015383088  -6.2422602e-05  0.00014265907  -0.00037414508  -8.5424607e-05  6.6402482e-05  0.00084541104  -0.00024282680  -0.0012072722  -4.0692384e-05  0.0000000   0.00018874793  -0.00058476098  -0.00019709898  0.00015606048  7.1632140e-05  -7.4488597e-05  5.9782671e-05  -1.0884189e-05  -0.00013664011  -9.7490462e-05  
7.4563644e-05  0.00015948562  -2.0972316e-05  -6.3433505e-05  3.4164361e-05  -7.9758565e-05  -9.9574933e-05  -0.00013358151  0.00036057101  -1.8567386e-05  0.00022165743  3.5186189e-05  4.0855537e-05  -1.9858488e-05  -3.7880492e-05  -0.00099721716  -6.1441413e-05  -8.4361389e-05  0.0018266914  -0.00059524580  -0.00018874793  0.0000000   -1.3159715e-05  7.5830059e-05  -0.00011299698  0.0011325246  -0.00018811500  -7.6513126e-06  6.7510071e-06  -4.1242316e-05  0.00019787647  7.4563644e-05  0.00015948562  -2.0972316e-05  -6.3433505e-05  3.4164361e-05  -7.9758565e-05  -9.9574933e-05  -0.00013358151  0.00036057101  -1.8567386e-05  0.00022165743  3.5186189e-05  4.0855537e-05  -1.9858488e-05  -3.7880492e-05  -0.00099721716  -6.1441413e-05  -8.4361389e-05  0.0018266914  -0.00059524580  -0.00018874793  0.0000000   -1.3159715e-05  7.5830059e-05  -0.00011299698  0.0011325246  -0.00018811500  -7.6513126e-06  6.7510071e-06  -4.1242316e-05  0.00019787647  
3.4500802e-06  -7.7374971e-06  -7.0673430e-05  4.7547952e-06  9.6832923e-05  7.0055824e-05  -3.3465154e-05  -2.9906040e-05  1.0643196e-05  0.00016541399  1.5569497e-05  -0.00040129032  -2.2148037e-05  -0.00025965124  2.5904557e-05  2.1324491e-05  2.6535333e-05  -0.00037987029  8.5346283e-06  -0.00017866680  0.00058476098  1.3159715e-05  0.0000000   0.0016802746  0.00036008653  -3.8148031e-05  1.1943393e-05  -0.00035948670  2.1161810e-05  8.7630644e-05  -4.1472632e-05  3.4500802e-06  -7.7374971e-06  -7.0673430e-05  4.7547952e-06  9.6832923e-05  7.0055824e-05  -3.3465154e-05  -2.9906040e-05  1.0643196e-05  0.00016541399  1.5569497e-05  -0.00040129032  -2.2148037e-05  -0.00025965124  2.5904557e-05  2.1324491e-05  2.6535333e-05  -0.00037987029  8.5346283e-06  -0.00017866680  0.00058476098  1.3159715e-05  0.0000000   0.0016802746  0.00036008653  -3.8148031e-05  1.1943393e-05  -0.00035948670  2.1161810e-05  8.7630644e-05  -4.1472632e-05  
3.1282862e-06  -3.7322168e-06  -1.6377535e-05  -2.3747910e-07  -0.00017416345  -0.00013935329  3.5651190e-05  1.8349204e-05  1.6325276e-05  5.0501895e-05  2.4376957e-05  -0.00027477665  -5.4279614e-06  -0.00010311993  7.0978521e-07  4.3488476e-05  -7.3377371e-05  -0.00029891577  -8.7492179e-05  2.7610264e-05  0.00019709898  -7.5830059e-05  -0.0016802746  0.0000000   -0.0034831651  -0.00010918858  2.0771664e-05  0.00047533530  7.5242891e-06  0.00012756800  1.3846746e-05  3.1282862e-06  -3.7322168e-06  -1.6377535e-05  -2.3747910e-07  -0.00017416345  -0.00013935329  3.5651190e-05  1.8349204e-05  1.6325276e-05  5.0501895e-05  2.4376957e-05  -0.00027477665  -5.4279614e-06  -0.00010311993  7.0978521e-07  4.3488476e-05  -7.3377371e-05  -0.00029891577  -8.7492179e-05  2.7610264e-05  0.00019709898  -7.5830059e-05  -0.0016802746  0.0000000   -0.0034831651  -0.00010918858  2.0771664e-05  0.00047533530  7.5242891e-06  0.00012756800  1.3846746e-05  
-7.7034802e-06  -1.6809282e-06  9.6272232e-05  -9.8313009e-06  -6.3335106e-05  -2.0512941e-05  3.1434504e-05  -2.8586475e-05  1.0567120e-05  -9.5723443e-05  2.0804258e-05  -3.6049689e-05  -2.6892527e-07  -0.00031141657  6.3237900e-06  2.2595207e-05  0.00011103314  -0.00028856837  -1.0413047e-05  -7.2780486e-06  -0.00015606048  0.00011299698  -0.00036008653  0.0034831651  0.0000000   -6.6881354e-05  -1.1344690e-05  -0.00033070690  3.1055904e-06  -2.3205555e-05  -9.3432668e-06  -7.7034802e-06  -1.6809282e-06  9.6272232e-05  -9.8313009e-06  -6.3335106e-05  -2.0512941e-05  3.1434504e-05  -2.8586475e-05  1.0567120e-05  -9.5723443e-05  2.0804258e-05  -3.6049689e-05  -2.6892527e-07  -0.00031141657  6.3237900e-06  2.2595207e-05  0.00011103314  -0.00028856837  -1.0413047e-05  -7.2780486e-06  -0.00015606048  0.00011299698  -0.00036008653  0.0034831651  0.0000000   -6.6881354e-05  -1.1344690e-05  -0.00033070690  3.1055904e-06  -2.3205555e-05  -9.3432668e-06  
0.00011076040  9.2511320e-05  -1.8834821e-05  -7.7546640e-05  4.9983057e-05  -6.0052894e-05  -2.6958588e-06  4.9862954e-05  9.9451044e-05  -5.6297955e-06  -5.4625839e-05  -7.8807314e-06  0.00018745066  4.1489336e-06  0.00013636595  -0.00028409421  0.00017384950  -0.00017831719  -0.00048025661  -0.00014342058  -7.1632140e-05  -0.0011325246  3.8148031e-05  0.00010918858  6.6881354e-05  0.0000000   0.00089515406  3.8222699e-05  0.00057061191  0.00014166298  -0.00043531257  0.00011076040  9.2511320e-05  -1.8834821e-05  -7.7546640e-05  4.9983057e-05  -6.0052894e-05  -2.6958588e-06  4.9862954e-05  9.9451044e-05  -5.6297955e-06  -5.4625839e-05  -7.8807314e-06  0.00018745066  4.1489336e-06  0.00013636595  -0.00028409421  0.00017384950  -0.00017831719  -0.00048025661  -0.00014342058  -7.1632140e-05  -0.0011325246  3.8148031e-05  0.00010918858  6.6881354e-05  0.0000000   0.00089515406  3.8222699e-05  0.00057061191  0.00014166298  -0.00043531257  
-3.7666207e-05  -3.8363332e-05  1.2981114e-05  5.6210338e-05  -4.3357234e-05  5.9179964e-05  0.00017635518  -0.00024999325  5.8883561e-05  -1.8605229e-05  -1.1599723e-05  1.4240688e-05  -6.9473355e-05  2.7497071e-06  7.3056339e-05  5.6828111e-05  4.1555855e-05  -8.0328855e-05  -0.00025438014  0.00022069419  7.4488597e-05  0.00018811500  -1.1943393e-05  -2.0771664e-05  1.1344690e-05  -0.00089515406  0.0000000   1.4520026e-05  0.0011509722  0.00025791545  -0.00069870078  -3.7666207e-05  -3.8363332e-05  1.2981114e-05  5.6210338e-05  -4.3357234e-05  5.9179964e-05  0.00017635518  -0.00024999325  5.8883561e-05  -1.8605229e-05  -1.1599723e-05  1.4240688e-05  -6.9473355e-05  2.7497071e-06  7.3056339e-05  5.6828111e-05  4.1555855e-05  -8.0328855e-05  -0.00025438014  0.00022069419  7.4488597e-05  0.00018811500  -1.1943393e-05  -2.0771664e-05  1.1344690e-05  -0.00089515406  0.0000000   1.4520026e-05  0.0011509722  0.00025791545  -0.00069870078  
-5.5789965e-06  4.8116303e-06  -2.7861103e-05  5.2863082e-06  9.8967393e-05  7.0565803e-05  -1.7137410e-05  -1.7080003e-05  3.7390984e-07  5.2679968e-05  2.9538564e-06  -0.00011937970  -1.4364855e-05  2.6643243e-05  -1.9378421e-06  4.0489473e-06  -8.1821186e-05  3.2440405e-05  -1.6751833e-05  6.4768551e-05  -5.9782671e-05  7.6513126e-06  0.00035948670  -0.00047533530  0.00033070690  -3.8222699e-05  -1.4520026e-05  0.0000000   6.2852501e-05  -0.00047045569  -0.00023385564  -5.5789965e-06  4.8116303e-06  -2.7861103e-05  5.2863082e-06  9.8967393e-05  7.0565803e-05  -1.7137410e-05  -1.7080003e-05  3.7390984e-07  5.2679968e-05  2.9538564e-06  -0.00011937970  -1.4364855e-05  2.6643243e-05  -1.9378421e-06  4.0489473e-06  -8.1821186e-05  3.2440405e-05  -1.6751833e-05  6.4768551e-05  -5.9782671e-05  7.6513126e-06  0.00035948670  -0.00047533530  0.00033070690  -3.8222699e-05  -1.4520026e-05  0.0000000   6.2852501e-05  -0.00047045569  -0.00023385564  
1.5417424e-05  -7.4907320e-05  6.2946975e-06  1.5641559e-05  2.3051514e-05  -5.1706333e-05  -4.1081938e-05  -8.7624269e-05  -6.5136747e-05  1.6191598e-06  0.00010274545  1.3736480e-05  6.2016603e-05  7.0235905e-06  -4.1762418e-05  0.00012814936  -0.00025724871  3.4310555e-06  -0.00029028146  8.1901209e-05  1.0884189e-05  -6.7510071e-06  -2.1161810e-05  -7.5242891e-06  -3.1055904e-06  -0.00057061191  -0.0011509722  -6.2852501e-05  0.0000000   0.00057107113  -0.0021149680  1.5417424e-05  -7.4907320e-05  6.2946975e-06  1.5641559e-05  2.3051514e-05  -5.1706333e-05  -4.1081938e-05  -8.7624269e-05  -6.5136747e-05  1.6191598e-06  0.00010274545  1.3736480e-05  6.2016603e-05  7.0235905e-06  -4.1762418e-05  0.00012814936  -0.00025724871  3.4310555e-06  -0.00029028146  8.1901209e-05  1.0884189e-05  -6.7510071e-06  -2.1161810e-05  -7.5242891e-06  -3.1055904e-06  -0.00057061191  -0.0011509722  -6.2852501e-05  0.0000000   0.00057107113  -0.0021149680  
-2.7987455e-05  -4.3416699e-05  4.7234310e-06  -3.7725810e-06  -0.00010334920  -3.5150455e-05  1.4447486e-05  -5.8989818e-07  1.0988904e-07  -0.00010368573  6.8386388e-05  -0.00015122681  4.6938359e-05  0.00016872883  1.2169173e-05  2.8595945e-06  -1.4201382e-05  -7.0079683e-05  1.4389565e-05  -3.9563538e-05  0.00013664011  4.1242316e-05  -8.7630644e-05  -0.00012756800  2.3205555e-05  -0.00014166298  -0.00025791545  0.00047045569  -0.00057107113  0.0000000   -2.3291170e-06  -2.7987455e-05  -4.3416699e-05  4.7234310e-06  -3.7725810e-06  -0.00010334920  -3.5150455e-05  1.4447486e-05  -5.8989818e-07  1.0988904e-07  -0.00010368573  6.8386388e-05  -0.00015122681  4.6938359e-05  0.00016872883  1.2169173e-05  2.8595945e-06  -1.4201382e-05  -7.0079683e-05  1.4389565e-05  -3.9563538e-05  0.00013664011  4.1242316e-05  -8.7630644e-05  -0.00012756800  2.3205555e-05  -0.00014166298  -0.00025791545  0.00047045569  -0.00057107113  0.0000000   -2.3291170e-06  
6.0161881e-05  0.00012855058  2.3790775e-06  3.8825770e-05  4.0975595e-05  -0.00010209547  -3.8375091e-05  2.6465937e-05  -4.5934297e-05  -2.4866358e-05  -0.00018815878  -5.8602962e-05  -0.00023008723  3.8837216e-05  -7.9233096e-05  6.7051648e-05  0.00016155894  -5.6930334e-05  -9.1603881e-05  5.9837182e-05  9.7490462e-05  -0.00019787647  4.1472632e-05  -1.3846746e-05  9.3432668e-06  0.00043531257  0.00069870078  0.00023385564  0.0021149680  2.3291170e-06  0.0000000   6.0161881e-05  0.00012855058  2.3790775e-06  3.8825770e-05  4.0975595e-05  -0.00010209547  -3.8375091e-05  2.6465937e-05  -4.5934297e-05  -2.4866358e-05  -0.00018815878  -5.8602962e-05  -0.00023008723  3.8837216e-05  -7.9233096e-05  6.7051648e-05  0.00016155894  -5.6930334e-05  -9.1603881e-05  5.9837182e-05  9.7490462e-05  -0.00019787647  4.1472632e-05  -1.3846746e-05  9.3432668e-06  0.00043531257  0.00069870078  0.00023385564  0.0021149680  2.3291170e-06  0.0000000   
0.0000000   0.0038183047  -0.00036639866  -0.0017802164  -0.00020571139  0.00018286273  -0.00026820774  -0.00022954087  -0.00017511383  3.5360131e-05  1.7792586e-05  -2.8682888e-05  -0.00012339082  -2.0382461e-05  8.9743057e-05  -0.00028876093  -0.00016709784  -2.5400946e-05  2.3004330e-05  2.5789674e-05  1.5091933e-06  -7.4563644e-05  -3.4500802e-06  -3.1282862e-06  7.7034802e-06  -0.00011076040  3.7666207e-05  5.5789965e-06  -1.5417424e-05  2.7987455e-05  -6.0161881e-05  0.0000000   0.0038183047  -0.00036639866  -0.0017802164  -0.00020571139  0.00018286273  -0.00026820774  -0.00022954087  -0.00017511383  3.5360131e-05  1.7792586e-05  -2.8682888e-05  -0.00012339082  -2.0382461e-05  8.9743057e-05  -0.00028876093  -0.00016709784  -2.5400946e-05  2.3004330e-05  2.5789674e-05  1.5091933e-06  -7.4563644e-05  -3.4500802e-06  -3.1282862e-06  7.7034802e-06  -0.00011076040  3.7666207e-05  5.5789965e-06  -1.5417424e-05  2.7987455e-05  -6.0161881e-05  
-0.0038183047  0.0000000   0.00012949342  0.0018562091  -0.0010394507  0.0014138584  0.00075409270  -0.00072271643  0.00021833788  -8.7080876e-05  0.00019323279  6.0973433e-05  -0.00035993148  -2.5565782e-05  2.6565766e-05  -0.00025535562  1.8851905e-05  0.00021408864  0.00017640171  0.00026608163  8.2710366e-05  -0.00015948562  7.7374971e-06  3.7322168e-06  1.6809282e-06  -9.2511320e-05  3.8363332e-05  -4.8116303e-06  7.4907320e-05  4.3416699e-05  -0.00012855058  -0.0038183047  0.0000000   0.00012949342  0.0018562091  -0.0010394507  0.0014138584  0.00075409270  -0.00072271643  0.00021833788  -8.7080876e-05  0.00019323279  6.0973433e-05  -0.00035993148  -2.5565782e-05  2.6565766e-05  -0.00025535562  1.8851905e-05  0.00021408864  0.00017640171  0.00026608163  8.2710366e-05  -0.00015948562  7.7374971e-06  3.7322168e-06  1.6809282e-06  -9.2511320e-05  3.8363332e-05  -4.8116303e-06  7.4907320e-05  4.3416699e-05  -0.00012855058  
0.00036639866  -0.00012949342  0.0000000   -0.00014063496  0.00023620762  -9.2721605e-05  -0.00010129678  0.00015322027  -4.4279642e-05  -0.00037033504  2.7595463e-05  -0.00013583663  -4.3915811e-06  5.1190579e-05  -3.6439716e-06  5.0492243e-05  -7.3279935e-05  6.6819999e-05  1.1403540e-05  -7.7690433e-06  2.4797950e-05  2.0972316e-05  7.0673430e-05  1.6377535e-05  -9.6272232e-05  1.8834821e-05  -1.2981114e-05  2.7861103e-05  -6.2946975e-06  -4.7234310e-06  -2.3790775e-06  0.00036639866  -0.00012949342  0.0000000   -0.00014063496  0.00023620762  -9.2721605e-05  -0.00010129678  0.00015322027  -4.4279642e-05  -0.00037033504  2.7595463e-05  -0.00013583663  -4.3915811e-06  5.1190579e-05  -3.6439716e-06  5.0492243e-05  -7.3279935e-05  6.6819999e-05  1.1403540e-05  -7.7690433e-06  2.4797950e-05  2.0972316e-05  7.0673430e-05  1.6377535e-05  -9.6272232e-05  1.8834821e-05  -1.2981114e-05  2.7861103e-05  -6.2946975e-06  -4.7234310e-06  -2.3790775e-06  
0.0017802164  -0.0018562091  0.00014063496  0.0000000   0.00054368573  -0.00063780385  -0.00019241785  0.0010504386  6.7004971e-06  6.9583916e-05  7.9630429e-05  2.8946697e-05  5.6361454e-05  1.2663940e-05  -2.3364523e-05  0.00022428282  7.0763485e-05  -0.00022484798  2.4226006e-05  3.3635647e-05  -2.9475571e-07  6.3433505e-05  -4.7547952e-06  2.3747910e-07  9.8313009e-06  7.7546640e-05  -5.6210338e-05  -5.2863082e-06  -1.5641559e-05  3.7725810e-06  -3.8825770e-05  0.0017802164  -0.0018562091  0.00014063496  0.0000000   0.00054368573  -0.00063780385  -0.00019241785  0.0010504386  6.7004971e-06  6.9583916e-05  7.9630429e-05  2.8946697e-05  5.6361454e-05  1.2663940e-05  -2.3364523e-05  0.00022428282  7.0763485e-05  -0.00022484798  2.4226006e-05  3.3635647e-05  -2.9475571e-07  6.3433505e-05  -4.7547952e-06  2.3747910e-07  9.8313009e-06  7.7546640e-05  -5.6210338e-05  -5.2863082e-06  -1.5641559e-05  3.7725810e-06  -3.8825770e-05  
0.00020571139  0.0010394507  -0.00023620762  -0.00054368573  0.0000000   0.00014438522  0.0020302321  -0.00055676477  0.0010638820  -0.00067458968  0.00032467323  0.00023675871  0.00010626135  -0.00010894675  7.4917567e-05  -2.6077510e-05  -0.00015245285  0.00015801468  6.7528841e-06  5.1362469e-06  -0.00016360139  -3.4164361e-05  -9.6832923e-05  0.00017416345  6.3335106e-05  -4.9983057e-05  4.3357234e-05  -9.8967393e-05  -2.3051514e-05  0.00010334920  -4.0975595e-05  0.00020571139  0.0010394507  -0.00023620762  -0.00054368573  0.0000000   0.00014438522  0.0020302321  -0.00055676477  0.0010638820  -0.00067458968  0.00032467323  0.00023675871  0.00010626135  -0.00010894675  7.4917567e-05  -2.6077510e-05  -0.00015245285  0.00015801468  6.7528841e-06  5.1362469e-06  -0.00016360139  -3.4164361e-05  -9.6832923e-05  0.00017416345  6.3335106e-05  -4.9983057e-05  4.3357234e-05  -9.8967393e-05  -2.3051514e-05  0.00010334920  -4.0975595e-05  
-0.00018286273  -0.0014138584  9.2721605e-05  0.00063780385  -0.00014438522  0.0000000   -0.0027290663  0.00062213190  -0.0015523469  -0.00034812174  -0.00038980452  0.00011253661  -0.00022100021  -0.00010000872  -0.00020980436  9.8015068e-05  -0.00017769799  -3.2988643e-05  -4.0968386e-05  0.00012278223  -9.6486264e-05  7.9758565e-05  -7.0055824e-05  0.00013935329  2.0512941e-05  6.0052894e-05  -5.9179964e-05  -7.0565803e-05  5.1706333e-05  3.5150455e-05  0.00010209547  -0.00018286273  -0.0014138584  9.2721605e-05  0.00063780385  -0.00014438522  0.0000000   -0.0027290663  0.00062213190  -0.0015523469  -0.00034812174  -0.00038980452  0.00011253661  -0.00022100021  -0.00010000872  -0.00020980436  9.8015068e-05  -0.00017769799  -3.2988643e-05  -4.0968386e-05  0.00012278223  -9.6486264e-05  7.9758565e-05  -7.0055824e-05  0.00013935329  2.0512941e-05  6.0052894e-05  -5.9179964e-05  -7.0565803e-05  5.1706333e-05  3.5150455e-05  0.00010209547  
0.00026820774  -0.00075409270  0.00010129678  0.00019241785  -0.0020302321  0.0027290663  0.0000000   -0.0021318678  -5.7473264e-06  -7.3661397e-05  0.00035528546  -4.1996888e-05  0.00014076779  -1.4965157e-05  -0.00042390533  0.00017079718  -2.6309701e-05  -0.00017188819  6.0241856e-05  7.3310026e-05  3.6872263e-05  9.9574933e-05  3.3465154e-05  -3.5651190e-05  -3.1434504e-05  2.6958588e-06  -0.00017635518  1.7137410e-05  4.1081938e-05  -1.4447486e-05  3.8375091e-05  0.00026820774  -0.00075409270  0.00010129678  0.00019241785  -0.0020302321  0.0027290663  0.0000000   -0.0021318678  -5.7473264e-06  -7.3661397e-05  0.00035528546  -4.1996888e-05  0.00014076779  -1.4965157e-05  -0.00042390533  0.00017079718  -2.6309701e-05  -0.00017188819  6.0241856e-05  7.3310026e-05  3.6872263e-05  9.9574933e-05  3.3465154e-05  -3.5651190e-05  -3.1434504e-05  2.6958588e-06  -0.00017635518  1.7137410e-05  4.1081938e-05  -1.4447486e-05  3.8375091e-05  
0.00022954087  0.00072271643  -0.00015322027  -0.0010504386  0.00055676477  -0.00062213190  0.0021318678  0.0000000   0.00098503209  3.7481328e-05  0.00022913092  8.1830495e-05  -0.00095361443  -1.6070267e-05  -0.00048678972  0.00034168455  0.00030659065  -3.2206647e-05  0.00010931588  0.00029974377  0.00010668685  0.00013358151  2.9906040e-05  -1.8349204e-05  2.8586475e-05  -4.9862954e-05  0.00024999325  1.7080003e-05  8.7624269e-05  5.8989818e-07  -2.6465937e-05  0.00022954087  0.00072271643  -0.00015322027  -0.0010504386  0.00055676477  -0.00062213190  0.0021318678  0.0000000   0.00098503209  3.7481328e-05  0.00022913092  8.1830495e-05  -0.00095361443  -1.6070267e-05  -0.00048678972  0.00034168455  0.00030659065  -3.2206647e-05  0.00010931588  0.00029974377  0.00010668685  0.00013358151  2.9906040e-05  -1.8349204e-05  2.8586475e-05  -4.9862954e-05  0.00024999325  1.7080003e-05  8.7624269e-05  5.8989818e-07  -2.6465937e-05  
0.00017511383  -0.00021833788  4.4279642e-05  -6.7004971e-06  -0.0010638820  0.0015523469  5.7473264e-06  -0.00098503209  0.0000000   -9.0174054e-05  8.4964568e-05  -6.7708959e-05  0.00067938122  2.3320875e-05  -0.00015356718  -0.00078437734  -0.00011976561  -0.00025256701  -0.00032589796  -0.00026888647  -9.5245726e-05  -0.00036057101  -1.0643196e-05  -1.6325276e-05  -1.0567120e-05  -9.9451044e-05  -5.8883561e-05  -3.7390984e-07  6.5136747e-05  -1.0988904e-07  4.5934297e-05  0.00017511383  -0.00021833788  4.4279642e-05  -6.7004971e-06  -0.0010638820  0.0015523469  5.7473264e-06  -0.00098503209  0.0000000   -9.0174054e-05  8.4964568e-05  -6.7708959e-05  0.00067938122  2.3320875e-05  -0.00015356718  -0.00078437734  -0.00011976561  -0.00025256701  -0.00032589796  -0.00026888647  -9.5245726e-05  -0.00036057101  -1.0643196e-05  -1.6325276e-05  -1.0567120e-05  -9.9451044e-05  -5.8883561e-05  -3.7390984e-07  6.5136747e-05  -1.0988904e-07  4.5934297e-05  
-3.5360131e-05  8.7080876e-05  0.00037033504  -6.9583916e-05  0.00067458968  0.00034812174  7.3661397e-05  -3.7481328e-05  9.0174054e-05  0.0000000   8.2444816e-06  0.00026620135  -2.7907879e-05  -4.9515231e-05  3.2262237e-06  9.0451693e-05  -1.5229463e-05  -5.6104472e-05  1.4110586e-05  -2.2395861e-05  0.00012523905  1.8567386e-05  -0.00016541399  -5.0501895e-05  9.5723443e-05  5.6297955e-06  1.8605229e-05  -5.2679968e-05  -1.6191598e-06  0.00010368573  2.4866358e-05  -3.5360131e-05  8.7080876e-05  0.00037033504  -6.9583916e-05  0.00067458968  0.00034812174  7.3661397e-05  -3.7481328e-05  9.0174054e-05  0.0000000   8.2444816e-06  0.00026620135  -2.7907879e-05  -4.9515231e-05  3.2262237e-06  9.0451693e-05  -1.5229463e-05  -5.6104472e-05  1.4110586e-05  -2.2395861e-05  0.00012523905  1.8567386e-05  -0.00016541399  -5.0501895e-05  9.5723443e-05  5.6297955e-06  1.8605229e-05  -5.2679968e-05  -1.6191598e-06  0.00010368573  2.4866358e-05  
-1.7792586e-05  -0.00019323279  -2.7595463e-05  -7.9630429e-05  -0.00032467323  0.00038980452  -0.00035528546  -0.00022913092  -8.4964568e-05  -8.2444816e-06  0.0000000   -8.3996346e-05  0.00077230138  7.9433795e-05  -3.6120362e-05  0.00010115019  8.2627647e-06  -1.0428317e-05  -0.00023090705  -0.00045237623  -0.00015383088  -0.00022165743  -1.5569497e-05  -2.4376957e-05  -2.0804258e-05  5.4625839e-05  1.1599723e-05  -2.9538564e-06  -0.00010274545  -6.8386388e-05  0.00018815878  -1.7792586e-05  -0.00019323279  -2.7595463e-05  -7.9630429e-05  -0.00032467323  0.00038980452  -0.00035528546  -0.00022913092  -8.4964568e-05  -8.2444816e-06  0.0000000   -8.3996346e-05  0.00077230138  7.9433795e-05  -3.6120362e-05  0.00010115019  8.2627647e-06  -1.0428317e-05  -0.00023090705  -0.00045237623  -0.00015383088  -0.00022165743  -1.5569497e-05  -2.4376957e-05  -2.0804258e-05  5.4625839e-05  1.1599723e-05  -2.9538564e-06  -0.00010274545  -6.8386388e-05  0.00018815878  
