0.0000000   -3.0655936e-05  0.00072065069  0.00062682006  0.00078691797  -0.00076702442  0.00018888384  0.00012656276  -6.0638537e-05  -0.00025937944  7.3003042e-07  -1.3180728e-05  6.6620565e-05  5.0366610e-05  -4.5330068e-05  -9.0795853e-05  -0.00019243640  -1.6416335e-06  -1.6428461e-05  -0.00010675290  -8.0563429e-05  0.00022527229  -2.2944227e-06  -7.9675910e-05  5.3370937e-05  1.7592964e-05  -1.6024759e-05  1.2877056e-06  4.8232756e-05  2.6062582e-06  -3.1534664e-05  0.0000000   -3.0655936e-05  0.00072065069  0.00062682006  0.00078691797  -0.00076702442  0.00018888384  0.00012656276  -6.0638537e-05  -0.00025937944  7.3003042e-07  -1.3180728e-05  6.6620565e-05  5.0366610e-05  -4.5330068e-05  -9.0795853e-05  -0.00019243640  -1.6416335e-06  -1.6428461e-05  -0.00010675290  -8.0563429e-05  0.00022527229  -2.2944227e-06  -7.9675910e-05  5.3370937e-05  1.7592964e-05  -1.6024759e-05  1.2877056e-06  4.8232756e-05  2.6062582e-06  -3.1534664e-05  
3.0655936e-05  0.0000000   0.0045903057  5.6818990e-06  0.00010744941  0.00033353809  -0.00057926479  0.00015630918  -0.00018592738  0.00019327391  -0.00017035507  -0.00015269654  -2.1742611e-05  0.00024166393  -0.00023680822  -5.9539920e-05  8.0571664e-06  -0.00010644869  -7.2412177e-05  -4.4224887e-05  -9.8200362e-06  -0.00011020795  -1.9183324e-05  -2.7624370e-05  -7.2811572e-06  5.8323022e-06  -0.00019873665  -6.6628184e-05  -1.5252951e-05  7.3913256e-05  3.6023348e-06  3.0655936e-05  0.0000000   0.0045903057  5.6818990e-06  0.00010744941  0.00033353809  -0.00057926479  0.00015630918  -0.00018592738  0.00019327391  -0.00017035507  -0.00015269654  -2.1742611e-05  0.00024166393  -0.00023680822  -5.9539920e-05  8.0571664e-06  -0.00010644869  -7.2412177e-05  -4.4224887e-05  -9.8200362e-06  -0.00011020795  -1.9183324e-05  -2.7624370e-05  -7.2811572e-06  5.8323022e-06  -0.00019873665  -6.6628184e-05  -1.5252951e-05  7.3913256e-05  3.6023348e-06  
-0.00072065069  -0.0045903057  0.0000000   -0.00079428720  5.2993220e-05  -0.00021956377  -0.00067877576  9.0723659e-05  -3.4188362e-05  7.1854601e-05  6.5049300e-06  1.5439772e-05  -2.3153532e-05  -0.00022134601  -0.00014029946  -1.0021559e-05  -1.2761552e-05  -8.1667867e-05  0.00010080105  -1.0346301e-05  6.8642172e-06  -1.3860524e-05  -2.3598683e-05  -5.2864410e-06  1.8072784e-05  8.7000331e-05  6.9644894e-06  4.4710680e-05  -2.9640315e-06  1.6702350e-05  5.1006025e-06  -0.00072065069  -0.0045903057  0.0000000   -0.00079428720  5.2993220e-05  -0.00021956377  -0.00067877576  9.0723659e-05  -3.4188362e-05  7.1854601e-05  6.5049300e-06  1.5439772e-05  -2.3153532e-05  -0.00022134601  -0.00014029946  -1.0021559e-05  -1.2761552e-05  -8.1667867e-05  0.00010080105  -1.0346301e-05  6.8642172e-06  -1.3860524e-05  -2.3598683e-05  -5.2864410e-06  1.8072784e-05  8.7000331e-05  6.9644894e-06  4.4710680e-05  -2.9640315e-06  1.6702350e-05  5.1006025e-06  
-0.00062682006  -5.6818990e-06  0.00079428720  0.0000000   -0.0020719308  -0.0018958210  0.00051466335  -0.0013177600  0.00076583499  -0.00053059633  4.4641815e-05  0.00059199793  0.00010789786  -5.2048651e-07  -1.3326956e-05  0.00046309285  9.2682582e-05  -1.4842841e-05  -4.6749073e-05  0.00011070950  0.00014001666  0.00025122436  8.3751109e-05  0.00017443916  7.2546264e-06  2.5624548e-05  -1.8176356e-05  1.2139322e-05  -6.3248903e-06  1.1660295e-05  -1.6122904e-05  -0.00062682006  -5.6818990e-06  0.00079428720  0.0000000   -0.0020719308  -0.0018958210  0.00051466335  -0.0013177600  0.00076583499  -0.00053059633  4.4641815e-05  0.00059199793  0.00010789786  -5.2048651e-07  -1.3326956e-05  0.00046309285  9.2682582e-05  -1.4842841e-05  -4.6749073e-05  0.00011070950  0.00014001666  0.00025122436  8.3751109e-05  0.00017443916  7.2546264e-06  2.5624548e-05  -1.8176356e-05  1.2139322e-05  -6.3248903e-06  1.1660295e-05  -1.6122904e-05  
-0.00078691797  -0.00010744941  -5.2993220e-05  0.0020719308  0.0000000   0.0017661296  -0.00067102093  0.00016462534  0.00052437327  0.00015142746  -0.00015589668  0.00053928343  8.9716076e-05  5.5328562e-05  2.3543404e-05  -8.5284489e-05  -0.00014757503  -7.0122632e-06  3.0356264e-06  -0.00011673144  -0.00011842448  0.00016953108  0.00013490751  0.00012369353  3.6202179e-05  -2.7413930e-05  -1.3967837e-05  1.4561197e-06  -8.5961233e-07  2.2051702e-05  0.00011771604  -0.00078691797  -0.00010744941  -5.2993220e-05  0.0020719308  0.0000000   0.0017661296  -0.00067102093  0.00016462534  0.00052437327  0.00015142746  -0.00015589668  0.00053928343  8.9716076e-05  5.5328562e-05  2.3543404e-05  -8.5284489e-05  -0.00014757503  -7.0122632e-06  3.0356264e-06  -0.00011673144  -0.00011842448  0.00016953108  0.00013490751  0.00012369353  3.6202179e-05  -2.7413930e-05  -1.3967837e-05  1.4561197e-06  -8.5961233e-07  2.2051702e-05  0.00011771604  
0.00076702442  -0.00033353809  0.00021956377  0.0018958210  -0.0017661296  0.0000000   -5.5593648e-05  0.00077814463  0.0015706753  4.3670358e-05  4.1854672e-05  -8.7488259e-05  0.00025093859  3.2150339e-05  8.1454822e-05  -2.2132805e-05  -0.00014856603  -1.6654597e-05  -0.00011302828  1.4084558e-05  -0.00014610244  0.00014261870  0.00044402480  -1.0771205e-05  -4.8336626e-06  1.1683872e-05  4.1800297e-05  7.8530367e-05  -7.0402214e-05  1.4615860e-05  -7.4561589e-05  0.00076702442  -0.00033353809  0.00021956377  0.0018958210  -0.0017661296  0.0000000   -5.5593648e-05  0.00077814463  0.0015706753  4.3670358e-05  4.1854672e-05  -8.7488259e-05  0.00025093859  3.2150339e-05  8.1454822e-05  -2.2132805e-05  -0.00014856603  -1.6654597e-05  -0.00011302828  1.4084558e-05  -0.00014610244  0.00014261870  0.00044402480  -1.0771205e-05  -4.8336626e-06  1.1683872e-05  4.1800297e-05  7.8530367e-05  -7.0402214e-05  1.4615860e-05  -7.4561589e-05  
-0.00018888384  0.00057926479  0.00067877576  -0.00051466335  0.00067102093  5.5593648e-05  0.0000000   -0.00016174307  -0.00055631141  -0.00011895569  0.00014798040  -4.0282533e-05  -7.9865335e-05  -2.3057718e-05  0.00018811924  -2.9719270e-05  0.00011546410  1.9393611e-05  -0.00033374345  -3.6456341e-05  4.6382486e-05  -7.1151038e-05  -0.00014506614  -7.4583480e-05  1.0741340e-05  8.8510616e-05  0.00012874048  0.00018503218  1.9346993e-05  -1.6868472e-05  3.4470513e-05  -0.00018888384  0.00057926479  0.00067877576  -0.00051466335  0.00067102093  5.5593648e-05  0.0000000   -0.00016174307  -0.00055631141  -0.00011895569  0.00014798040  -4.0282533e-05  -7.9865335e-05  -2.3057718e-05  0.00018811924  -2.9719270e-05  0.00011546410  1.9393611e-05  -0.00033374345  -3.6456341e-05  4.6382486e-05  -7.1151038e-05  -0.00014506614  -7.4583480e-05  1.0741340e-05  8.8510616e-05  0.00012874048  0.00018503218  1.9346993e-05  -1.6868472e-05  3.4470513e-05  
-0.00012656276  -0.00015630918  -9.0723659e-05  0.0013177600  -0.00016462534  -0.00077814463  0.00016174307  0.0000000   0.0025878633  -0.0013403228  0.00017165653  -0.00046800294  0.00021620357  -4.8430217e-05  0.00012849156  -0.00057907500  0.00024308223  1.5823906e-05  -5.7991718e-05  0.00023779128  0.00025583444  -0.00018065578  0.00022390330  -0.00017950558  0.00013981611  -2.7090416e-05  -3.7773802e-06  -4.0865632e-05  -0.00012754686  4.3875067e-06  0.00012808779  -0.00012656276  -0.00015630918  -9.0723659e-05  0.0013177600  -0.00016462534  -0.00077814463  0.00016174307  0.0000000   0.0025878633  -0.0013403228  0.00017165653  -0.00046800294  0.00021620357  -4.8430217e-05  0.00012849156  -0.00057907500  0.00024308223  1.5823906e-05  -5.7991718e-05  0.00023779128  0.00025583444  -0.00018065578  0.00022390330  -0.00017950558  0.00013981611  -2.7090416e-05  -3.7773802e-06  -4.0865632e-05  -0.00012754686  4.3875067e-06  0.00012808779  
6.0638537e-05  0.00018592738  3.4188362e-05  -0.00076583499  -0.00052437327  -0.0015706753  0.00055631141  -0.0025878633  0.0000000   0.0036781838  -3.2324494e-05  -0.0014550587  -5.7938746e-05  -2.8477729e-05  -2.0921498e-05  -0.00015109214  0.00011764637  1.9962076e-05  5.9993661e-05  -7.2512784e-05  -0.00015853078  -0.00036977615  -4.8064767e-05  -9.1500415e-05  0.00010362279  -1.6771988e-05  -1.1077394e-06  4.5355704e-06  0.00021879668  -8.1615488e-06  -3.4488861e-05  6.0638537e-05  0.00018592738  3.4188362e-05  -0.00076583499  -0.00052437327  -0.0015706753  0.00055631141  -0.0025878633  0.0000000   0.0036781838  -3.2324494e-05  -0.0014550587  -5.7938746e-05  -2.8477729e-05  -2.0921498e-05  -0.00015109214  0.00011764637  1.9962076e-05  5.9993661e-05  -7.2512784e-05  -0.00015853078  -0.00036977615  -4.8064767e-05  -9.1500415e-05  0.00010362279  -1.6771988e-05  -1.1077394e-06  4.5355704e-06  0.00021879668  -8.1615488e-06  -3.4488861e-05  
0.00025937944  -0.00019327391  -7.1854601e-05  0.00053059633  -0.00015142746  -4.3670358e-05  0.00011895569  0.0013403228  -0.0036781838  0.0000000   2.3426584e-05  -0.00026161688  0.0010717793  5.4181254e-05  0.00018807696  -0.00054441469  0.00054316342  -2.3394930e-05  -6.7734051e-05  0.00033984437  0.00037910287  0.00010705060  0.00028442367  -0.00019242239  0.00011958564  -3.7819029e-05  2.5788181e-06  -1.7200996e-05  5.9592383e-05  3.1139904e-05  -6.3744454e-05  0.00025937944  -0.00019327391  -7.1854601e-05  0.00053059633  -0.00015142746  -4.3670358e-05  0.00011895569  0.0013403228  -0.0036781838  0.0000000   2.3426584e-05  -0.00026161688  0.0010717793  5.4181254e-05  0.00018807696  -0.00054441469  0.00054316342  -2.3394930e-05  -6.7734051e-05  0.00033984437  0.00037910287  0.00010705060  0.00028442367  -0.00019242239  0.00011958564  -3.7819029e-05  2.5788181e-06  -1.7200996e-05  5.9592383e-05  3.1139904e-05  -6.3744454e-05  
-7.3003042e-07  0.00017035507  -6.5049300e-06  -4.4641815e-05  0.00015589668  -4.1854672e-05  -0.00014798040  -0.00017165653  3.2324494e-05  -2.3426584e-05  0.0000000   -1.9320596e-05  -0.00018878864  0.00011054391  0.0013573419  0.00014234803  -9.9045419e-05  0.00028267541  0.00037330469  0.00010740850  3.7084313e-05  -2.3458639e-05  -2.8587578e-05  2.3995907e-05  -3.4497493e-05  -0.00023342391  1.8181639e-05  -8.0053761e-05  -7.0356986e-06  0.00020270870  1.3515261e-05  -7.3003042e-07  0.00017035507  -6.5049300e-06  -4.4641815e-05  0.00015589668  -4.1854672e-05  -0.00014798040  -0.00017165653  3.2324494e-05  -2.3426584e-05  0.0000000   -1.9320596e-05  -0.00018878864  0.00011054391  0.0013573419  0.00014234803  -9.9045419e-05  0.00028267541  0.00037330469  0.00010740850  3.7084313e-05  -2.3458639e-05  -2.8587578e-05  2.3995907e-05  -3.4497493e-05  -0.00023342391  1.8181639e-05  -8.0053761e-05  -7.0356986e-06  0.00020270870  1.3515261e-05  
1.3180728e-05  0.00015269654  -1.5439772e-05  -0.00059199793  -0.00053928343  8.7488259e-05  4.0282533e-05  0.00046800294  0.0014550587  0.00026161688  1.9320596e-05  0.0000000   0.00075689436  -4.5774484e-05  7.5191536e-05  -0.00055986568  -0.00034047983  0.00011156467  0.00022768735  -0.00075369334  -0.00081794776  0.00016563184  -0.00034151973  -6.6970596e-05  -0.00031160014  7.7261623e-07  -5.7266602e-06  1.3890198e-05  6.1371323e-05  1.9255497e-05  -0.00028088428  1.3180728e-05  0.00015269654  -1.5439772e-05  -0.00059199793  -0.00053928343  8.7488259e-05  4.0282533e-05  0.00046800294  0.0014550587  0.00026161688  1.9320596e-05  0.0000000   0.00075689436  -4.5774484e-05  7.5191536e-05  -0.00055986568  -0.00034047983  0.00011156467  0.00022768735  -0.00075369334  -0.00081794776  0.00016563184  -0.00034151973  -6.6970596e-05  -0.00031160014  7.7261623e-07  -5.7266602e-06  1.3890198e-05  6.1371323e-05  1.9255497e-05  -0.00028088428  
-6.6620565e-05  2.1742611e-05  2.3153532e-05  -0.00010789786  -8.9716076e-05  -0.00025093859  7.9865335e-05  -0.00021620357  5.7938746e-05  -0.0010717793  0.00018878864  -0.00075689436  0.0000000   -2.8376017e-05  -2.1165781e-05  -0.00048184360  -0.00068844310  3.3608408e-05  0.00010151244  -0.00046878352  -0.00027106327  -0.00013415924  -0.00010210372  0.00015041390  -0.00034460479  1.9601951e-05  -3.4510098e-05  2.2047656e-05  -4.4309784e-05  4.9540307e-06  -3.8491014e-05  -6.6620565e-05  2.1742611e-05  2.3153532e-05  -0.00010789786  -8.9716076e-05  -0.00025093859  7.9865335e-05  -0.00021620357  5.7938746e-05  -0.0010717793  0.00018878864  -0.00075689436  0.0000000   -2.8376017e-05  -2.1165781e-05  -0.00048184360  -0.00068844310  3.3608408e-05  0.00010151244  -0.00046878352  -0.00027106327  -0.00013415924  -0.00010210372  0.00015041390  -0.00034460479  1.9601951e-05  -3.4510098e-05  2.2047656e-05  -4.4309784e-05  4.9540307e-06  -3.8491014e-05  
-5.0366610e-05  -0.00024166393  0.00022134601  5.2048651e-07  -5.5328562e-05  -3.2150339e-05  2.3057718e-05  4.8430217e-05  2.8477729e-05  -5.4181254e-05  -0.00011054391  4.5774484e-05  2.8376017e-05  0.0000000   -0.0039596887  -0.00016915659  0.00017965783  1.7563365e-05  0.00020742923  0.00010471813  4.2271763e-05  2.0778836e-05  3.3314495e-05  4.3331787e-05  7.4593528e-05  0.00018223891  -7.8933625e-05  1.2843559e-05  -7.0078338e-06  0.00012413930  7.9879784e-06  -5.0366610e-05  -0.00024166393  0.00022134601  5.2048651e-07  -5.5328562e-05  -3.2150339e-05  2.3057718e-05  4.8430217e-05  2.8477729e-05  -5.4181254e-05  -0.00011054391  4.5774484e-05  2.8376017e-05  0.0000000   -0.0039596887  -0.00016915659  0.00017965783  1.7563365e-05  0.00020742923  0.00010471813  4.2271763e-05  2.0778836e-05  3.3314495e-05  4.3331787e-05  7.4593528e-05  0.00018223891  -7.8933625e-05  1.2843559e-05  -7.0078338e-06  0.00012413930  7.9879784e-06  
4.5330068e-05  0.00023680822  0.00014029946  1.3326956e-05  -2.3543404e-05  -8.1454822e-05  -0.00018811924  -0.00012849156  2.0921498e-05  -0.00018807696  -0.0013573419  -7.5191536e-05  2.1165781e-05  0.0039596887  0.0000000   6.7844114e-05  9.8892994e-05  -0.00041169445  0.00068927218  0.00011749452  0.00011103991  1.1983512e-05  -2.4926876e-05  -9.7238476e-05  6.0485208e-06  0.00026403151  0.00018193781  0.00027411505  2.0431569e-05  -0.00022706866  2.4246209e-05  4.5330068e-05  0.00023680822  0.00014029946  1.3326956e-05  -2.3543404e-05  -8.1454822e-05  -0.00018811924  -0.00012849156  2.0921498e-05  -0.00018807696  -0.0013573419  -7.5191536e-05  2.1165781e-05  0.0039596887  0.0000000   6.7844114e-05  9.8892994e-05  -0.00041169445  0.00068927218  0.00011749452  0.00011103991  1.1983512e-05  -2.4926876e-05  -9.7238476e-05  6.0485208e-06  0.00026403151  0.00018193781  0.00027411505  2.0431569e-05  -0.00022706866  2.4246209e-05  
9.0795853e-05  5.9539920e-05  1.0021559e-05  -0.00046309285  8.5284489e-05  2.2132805e-05  2.9719270e-05  0.00057907500  0.00015109214  0.00054441469  -0.00014234803  0.00055986568  0.00048184360  0.00016915659  -6.7844114e-05  0.0000000   -0.0024718555  4.4374555e-07  2.3543229e-05  -0.00042890542  -0.00038556960  0.00055145778  -0.00028140995  0.00042140884  -0.00028974305  2.8260032e-05  1.7718946e-05  3.0373319e-05  1.2099567e-05  7.7731309e-06  9.1588023e-05  9.0795853e-05  5.9539920e-05  1.0021559e-05  -0.00046309285  8.5284489e-05  2.2132805e-05  2.9719270e-05  0.00057907500  0.00015109214  0.00054441469  -0.00014234803  0.00055986568  0.00048184360  0.00016915659  -6.7844114e-05  0.0000000   -0.0024718555  4.4374555e-07  2.3543229e-05  -0.00042890542  -0.00038556960  0.00055145778  -0.00028140995  0.00042140884  -0.00028974305  2.8260032e-05  1.7718946e-05  3.0373319e-05  1.2099567e-05  7.7731309e-06  9.1588023e-05  
0.00019243640  -8.0571664e-06  1.2761552e-05  -9.2682582e-05  0.00014757503  0.00014856603  -0.00011546410  -0.00024308223  -0.00011764637  -0.00054316342  9.9045419e-05  0.00034047983  0.00068844310  -0.00017965783  -9.8892994e-05  0.0024718555  0.0000000   -4.2901351e-05  -8.2310928e-05  0.00023892210  0.00043267640  0.00081717408  -0.00086458676  -0.00013226385  -0.00055489096  2.2235750e-05  -4.4202260e-05  -2.2792669e-05  8.0592588e-05  5.5725085e-06  0.00011878745  0.00019243640  -8.0571664e-06  1.2761552e-05  -9.2682582e-05  0.00014757503  0.00014856603  -0.00011546410  -0.00024308223  -0.00011764637  -0.00054316342  9.9045419e-05  0.00034047983  0.00068844310  -0.00017965783  -9.8892994e-05  0.0024718555  0.0000000   -4.2901351e-05  -8.2310928e-05  0.00023892210  0.00043267640  0.00081717408  -0.00086458676  -0.00013226385  -0.00055489096  2.2235750e-05  -4.4202260e-05  -2.2792669e-05  8.0592588e-05  5.5725085e-06  0.00011878745  
1.6416335e-06  0.00010644869  8.1667867e-05  1.4842841e-05  7.0122632e-06  1.6654597e-05  -1.9393611e-05  -1.5823906e-05  -1.9962076e-05  2.3394930e-05  -0.00028267541  -0.00011156467  -3.3608408e-05  -1.7563365e-05  0.00041169445  -4.4374555e-07  4.2901351e-05  0.0000000   -0.0015921743  -0.00037574690  -0.00014499977  -8.5915444e-05  -1.7486821e-06  3.0524361e-05  3.7308241e-05  0.00032231054  0.00023742761  -1.0125009e-05  -2.6332756e-06  -0.00036685067  2.0283331e-06  1.6416335e-06  0.00010644869  8.1667867e-05  1.4842841e-05  7.0122632e-06  1.6654597e-05  -1.9393611e-05  -1.5823906e-05  -1.9962076e-05  2.3394930e-05  -0.00028267541  -0.00011156467  -3.3608408e-05  -1.7563365e-05  0.00041169445  -4.4374555e-07  4.2901351e-05  0.0000000   -0.0015921743  -0.00037574690  -0.00014499977  -8.5915444e-05  -1.7486821e-06  3.0524361e-05  3.7308241e-05  0.00032231054  0.00023742761  -1.0125009e-05  -2.6332756e-06  -0.00036685067  2.0283331e-06  
1.6428461e-05  7.2412177e-05  -0.00010080105  4.6749073e-05  -3.0356264e-06  0.00011302828  0.00033374345  5.7991718e-05  -5.9993661e-05  6.7734051e-05  -0.00037330469  -0.00022768735  -0.00010151244  -0.00020742923  -0.00068927218  -2.3543229e-05  8.2310928e-05  0.0015921743  0.0000000   0.00015928184  -0.00032163737  5.5731035e-05  -4.0244907e-05  -5.8595305e-05  0.00015926409  5.4567812e-05  -9.8507664e-05  9.0956847e-05  -6.3676423e-05  -0.00012585623  -5.0947943e-05  1.6428461e-05  7.2412177e-05  -0.00010080105  4.6749073e-05  -3.0356264e-06  0.00011302828  0.00033374345  5.7991718e-05  -5.9993661e-05  6.7734051e-05  -0.00037330469  -0.00022768735  -0.00010151244  -0.00020742923  -0.00068927218  -2.3543229e-05  8.2310928e-05  0.0015921743  0.0000000   0.00015928184  -0.00032163737  5.5731035e-05  -4.0244907e-05  -5.8595305e-05  0.00015926409  5.4567812e-05  -9.8507664e-05  9.0956847e-05  -6.3676423e-05  -0.00012585623  -5.0947943e-05  
0.00010675290  4.4224887e-05  1.0346301e-05  -0.00011070950  0.00011673144  -1.4084558e-05  3.6456341e-05  -0.00023779128  7.2512784e-05  -0.00033984437  -0.00010740850  0.00075369334  0.00046878352  -0.00010471813  -0.00011749452  0.00042890542  -0.00023892210  0.00037574690  -0.00015928184  0.0000000   0.0012067394  0.00074339431  0.00028604547  0.00035261911  -0.00077866400  6.3257897e-05  -7.2649221e-05  3.2216174e-06  0.00022770626  -5.4594738e-05  0.00022319443  0.00010675290  4.4224887e-05  1.0346301e-05  -0.00011070950  0.00011673144  -1.4084558e-05  3.6456341e-05  -0.00023779128  7.2512784e-05  -0.00033984437  -0.00010740850  0.00075369334  0.00046878352  -0.00010471813  -0.00011749452  0.00042890542  -0.00023892210  0.00037574690  -0.00015928184  0.0000000   0.0012067394  0.00074339431  0.00028604547  0.00035261911  -0.00077866400  6.3257897e-05  -7.2649221e-05  3.2216174e-06  0.00022770626  -5.4594738e-05  0.00022319443  
8.0563429e-05  9.8200362e-06  -6.8642172e-06  -0.00014001666  0.00011842448  0.00014610244  -4.6382486e-05  -0.00025583444  0.00015853078  -0.00037910287  -3.7084313e-05  0.00081794776  0.00027106327  -4.2271763e-05  -0.00011103991  0.00038556960  -0.00043267640  0.00014499977  0.00032163737  -0.0012067394  0.0000000   -0.0033295081  -0.00079258470  0.00028137604  0.00013624162  -2.2780027e-05  -6.2730790e-05  -4.0513638e-06  3.1410331e-05  1.5289840e-05  0.00016168382  8.0563429e-05  9.8200362e-06  -6.8642172e-06  -0.00014001666  0.00011842448  0.00014610244  -4.6382486e-05  -0.00025583444  0.00015853078  -0.00037910287  -3.7084313e-05  0.00081794776  0.00027106327  -4.2271763e-05  -0.00011103991  0.00038556960  -0.00043267640  0.00014499977  0.00032163737  -0.0012067394  0.0000000   -0.0033295081  -0.00079258470  0.00028137604  0.00013624162  -2.2780027e-05  -6.2730790e-05  -4.0513638e-06  3.1410331e-05  1.5289840e-05  0.00016168382  
-0.00022527229  0.00011020795  1.3860524e-05  -0.00025122436  -0.00016953108  -0.00014261870  7.1151038e-05  0.00018065578  0.00036977615  -0.00010705060  2.3458639e-05  -0.00016563184  0.00013415924  -2.0778836e-05  -1.1983512e-05  -0.00055145778  -0.00081717408  8.5915444e-05  -5.5731035e-05  -0.00074339431  0.0033295081  0.0000000   -0.0011440343  0.00048943899  -0.00041613554  5.3144892e-05  -5.0492640e-06  -3.7123841e-05  0.00024926850  -2.8652475e-05  0.00021732266  -0.00022527229  0.00011020795  1.3860524e-05  -0.00025122436  -0.00016953108  -0.00014261870  7.1151038e-05  0.00018065578  0.00036977615  -0.00010705060  2.3458639e-05  -0.00016563184  0.00013415924  -2.0778836e-05  -1.1983512e-05  -0.00055145778  -0.00081717408  8.5915444e-05  -5.5731035e-05  -0.00074339431  0.0033295081  0.0000000   -0.0011440343  0.00048943899  -0.00041613554  5.3144892e-05  -5.0492640e-06  -3.7123841e-05  0.00024926850  -2.8652475e-05  0.00021732266  
2.2944227e-06  1.9183324e-05  2.3598683e-05  -8.3751109e-05  -0.00013490751  -0.00044402480  0.00014506614  -0.00022390330  4.8064767e-05  -0.00028442367  2.8587578e-05  0.00034151973  0.00010210372  -3.3314495e-05  2.4926876e-05  0.00028140995  0.00086458676  1.7486821e-06  4.0244907e-05  -0.00028604547  0.00079258470  0.0011440343  0.0000000   -0.0040290626  -0.00013607092  -5.2679538e-05  1.9926984e-05  -3.9186167e-05  -0.00030546711  4.7979079e-06  1.4321122e-05  2.2944227e-06  1.9183324e-05  2.3598683e-05  -8.3751109e-05  -0.00013490751  -0.00044402480  0.00014506614  -0.00022390330  4.8064767e-05  -0.00028442367  2.8587578e-05  0.00034151973  0.00010210372  -3.3314495e-05  2.4926876e-05  0.00028140995  0.00086458676  1.7486821e-06  4.0244907e-05  -0.00028604547  0.00079258470  0.0011440343  0.0000000   -0.0040290626  -0.00013607092  -5.2679538e-05  1.9926984e-05  -3.9186167e-05  -0.00030546711  4.7979079e-06  1.4321122e-05  
7.9675910e-05  2.7624370e-05  5.2864410e-06  -0.00017443916  -0.00012369353  1.0771205e-05  7.4583480e-05  0.00017950558  9.1500415e-05  0.00019242239  -2.3995907e-05  6.6970596e-05  -0.00015041390  -4.3331787e-05  9.7238476e-05  -0.00042140884  0.00013226385  -3.0524361e-05  5.8595305e-05  -0.00035261911  -0.00028137604  -0.00048943899  0.0040290626  0.0000000   0.0038348789  -0.00031752830  0.00011311695  -3.7291185e-05  1.8248260e-05  1.6152111e-05  -0.00036780472  7.9675910e-05  2.7624370e-05  5.2864410e-06  -0.00017443916  -0.00012369353  1.0771205e-05  7.4583480e-05  0.00017950558  9.1500415e-05  0.00019242239  -2.3995907e-05  6.6970596e-05  -0.00015041390  -4.3331787e-05  9.7238476e-05  -0.00042140884  0.00013226385  -3.0524361e-05  5.8595305e-05  -0.00035261911  -0.00028137604  -0.00048943899  0.0040290626  0.0000000   0.0038348789  -0.00031752830  0.00011311695  -3.7291185e-05  1.8248260e-05  1.6152111e-05  -0.00036780472  
-5.3370937e-05  7.2811572e-06  -1.8072784e-05  -7.2546264e-06  -3.6202179e-05  4.8336626e-06  -1.0741340e-05  -0.00013981611  -0.00010362279  -0.00011958564  3.4497493e-05  0.00031160014  0.00034460479  -7.4593528e-05  -6.0485208e-06  0.00028974305  0.00055489096  -3.7308241e-05  -0.00015926409  0.00077866400  -0.00013624162  0.00041613554  0.00013607092  -0.0038348789  0.0000000   -0.00012934548  -4.1266876e-05  -1.7428583e-05  0.00055972497  4.5181154e-05  0.00015861127  -5.3370937e-05  7.2811572e-06  -1.8072784e-05  -7.2546264e-06  -3.6202179e-05  4.8336626e-06  -1.0741340e-05  -0.00013981611  -0.00010362279  -0.00011958564  3.4497493e-05  0.00031160014  0.00034460479  -7.4593528e-05  -6.0485208e-06  0.00028974305  0.00055489096  -3.7308241e-05  -0.00015926409  0.00077866400  -0.00013624162  0.00041613554  0.00013607092  -0.0038348789  0.0000000   -0.00012934548  -4.1266876e-05  -1.7428583e-05  0.00055972497  4.5181154e-05  0.00015861127  
-1.7592964e-05  -5.8323022e-06  -8.7000331e-05  -2.5624548e-05  2.7413930e-05  -1.1683872e-05  -8.8510616e-05  2.7090416e-05  1.6771988e-05  3.7819029e-05  0.00023342391  -7.7261623e-07  -1.9601951e-05  -0.00018223891  -0.00026403151  -2.8260032e-05  -2.2235750e-05  -0.00032231054  -5.4567812e-05  -6.3257897e-05  2.2780027e-05  -5.3144892e-05  5.2679538e-05  0.00031752830  0.00012934548  0.0000000   8.3744820e-05  0.0012183043  8.1427286e-06  0.00071845695  -2.5354967e-05  -1.7592964e-05  -5.8323022e-06  -8.7000331e-05  -2.5624548e-05  2.7413930e-05  -1.1683872e-05  -8.8510616e-05  2.7090416e-05  1.6771988e-05  3.7819029e-05  0.00023342391  -7.7261623e-07  -1.9601951e-05  -0.00018223891  -0.00026403151  -2.8260032e-05  -2.2235750e-05  -0.00032231054  -5.4567812e-05  -6.3257897e-05  2.2780027e-05  -5.3144892e-05  5.2679538e-05  0.00031752830  0.00012934548  0.0000000   8.3744820e-05  0.0012183043  8.1427286e-06  0.00071845695  -2.5354967e-05  
1.6024759e-05  0.00019873665  -6.9644894e-06  1.8176356e-05  1.3967837e-05  -4.1800297e-05  -0.00012874048  3.7773802e-06  1.1077394e-06  -2.5788181e-06  -1.8181639e-05  5.7266602e-06  3.4510098e-05  7.8933625e-05  -0.00018193781  -1.7718946e-05  4.4202260e-05  -0.00023742761  9.8507664e-05  7.2649221e-05  6.2730790e-05  5.0492640e-06  -1.9926984e-05  -0.00011311695  4.1266876e-05  -8.3744820e-05  0.0000000   0.0032238356  4.6528190e-05  0.00016693585  4.2618406e-05  1.6024759e-05  0.00019873665  -6.9644894e-06  1.8176356e-05  1.3967837e-05  -4.1800297e-05  -0.00012874048  3.7773802e-06  1.1077394e-06  -2.5788181e-06  -1.8181639e-05  5.7266602e-06  3.4510098e-05  7.8933625e-05  -0.00018193781  -1.7718946e-05  4.4202260e-05  -0.00023742761  9.8507664e-05  7.2649221e-05  6.2730790e-05  5.0492640e-06  -1.9926984e-05  -0.00011311695  4.1266876e-05  -8.3744820e-05  0.0000000   0.0032238356  4.6528190e-05  0.00016693585  4.2618406e-05  
-1.2877056e-06  6.6628184e-05  -4.4710680e-05  -1.2139322e-05  -1.4561197e-06  -7.8530367e-05  -0.00018503218  4.0865632e-05  -4.5355704e-06  1.7200996e-05  8.0053761e-05  -1.3890198e-05  -2.2047656e-05  -1.2843559e-05  -0.00027411505  -3.0373319e-05  2.2792669e-05  1.0125009e-05  -9.0956847e-05  -3.2216174e-06  4.0513638e-06  3.7123841e-05  3.9186167e-05  3.7291185e-05  1.7428583e-05  -0.0012183043  -0.0032238356  0.0000000   -7.1993929e-05  2.6622166e-05  -0.00014730708  -1.2877056e-06  6.6628184e-05  -4.4710680e-05  -1.2139322e-05  -1.4561197e-06  -7.8530367e-05  -0.00018503218  4.0865632e-05  -4.5355704e-06  1.7200996e-05  8.0053761e-05  -1.3890198e-05  -2.2047656e-05  -1.2843559e-05  -0.00027411505  -3.0373319e-05  2.2792669e-05  1.0125009e-05  -9.0956847e-05  -3.2216174e-06  4.0513638e-06  3.7123841e-05  3.9186167e-05  3.7291185e-05  1.7428583e-05  -0.0012183043  -0.0032238356  0.0000000   -7.1993929e-05  2.6622166e-05  -0.00014730708  
-4.8232756e-05  1.5252951e-05  2.9640315e-06  6.3248903e-06  8.5961233e-07  7.0402214e-05  -1.9346993e-05  0.00012754686  -0.00021879668  -5.9592383e-05  7.0356986e-06  -6.1371323e-05  4.4309784e-05  7.0078338e-06  -2.0431569e-05  -1.2099567e-05  -8.0592588e-05  2.6332756e-06  6.3676423e-05  -0.00022770626  -3.1410331e-05  -0.00024926850  0.00030546711  -1.8248260e-05  -0.00055972497  -8.1427286e-06  -4.6528190e-05  7.1993929e-05  0.0000000   6.1135443e-05  0.00093054683  -4.8232756e-05  1.5252951e-05  2.9640315e-06  6.3248903e-06  8.5961233e-07  7.0402214e-05  -1.9346993e-05  0.00012754686  -0.00021879668  -5.9592383e-05  7.0356986e-06  -6.1371323e-05  4.4309784e-05  7.0078338e-06  -2.0431569e-05  -1.2099567e-05  -8.0592588e-05  2.6332756e-06  6.3676423e-05  -0.00022770626  -3.1410331e-05  -0.00024926850  0.00030546711  -1.8248260e-05  -0.00055972497  -8.1427286e-06  -4.6528190e-05  7.1993929e-05  0.0000000   6.1135443e-05  0.00093054683  
-2.6062582e-06  -7.3913256e-05  -1.6702350e-05  -1.1660295e-05  -2.2051702e-05  -1.4615860e-05  1.6868472e-05  -4.3875067e-06  8.1615488e-06  -3.1139904e-05  -0.00020270870  -1.9255497e-05  -4.9540307e-06  -0.00012413930  0.00022706866  -7.7731309e-06  -5.5725085e-06  0.00036685067  0.00012585623  5.4594738e-05  -1.5289840e-05  2.8652475e-05  -4.7979079e-06  -1.6152111e-05  -4.5181154e-05  -0.00071845695  -0.00016693585  -2.6622166e-05  -6.1135443e-05  0.0000000   -7.8837968e-05  -2.6062582e-06  -7.3913256e-05  -1.6702350e-05  -1.1660295e-05  -2.2051702e-05  -1.4615860e-05  1.6868472e-05  -4.3875067e-06  8.1615488e-06  -3.1139904e-05  -0.00020270870  -1.9255497e-05  -4.9540307e-06  -0.00012413930  0.00022706866  -7.7731309e-06  -5.5725085e-06  0.00036685067  0.00012585623  5.4594738e-05  -1.5289840e-05  2.8652475e-05  -4.7979079e-06  -1.6152111e-05  -4.5181154e-05  -0.00071845695  -0.00016693585  -2.6622166e-05  -6.1135443e-05  0.0000000   -7.8837968e-05  
3.1534664e-05  -3.6023348e-06  -5.1006025e-06  1.6122904e-05  -0.00011771604  7.4561589e-05  -3.4470513e-05  -0.00012808779  3.4488861e-05  6.3744454e-05  -1.3515261e-05  0.00028088428  3.8491014e-05  -7.9879784e-06  -2.4246209e-05  -9.1588023e-05  -0.00011878745  -2.0283331e-06  5.0947943e-05  -0.00022319443  -0.00016168382  -0.00021732266  -1.4321122e-05  0.00036780472  -0.00015861127  2.5354967e-05  -4.2618406e-05  0.00014730708  -0.00093054683  7.8837968e-05  0.0000000   3.1534664e-05  -3.6023348e-06  -5.1006025e-06  1.6122904e-05  -0.00011771604  7.4561589e-05  -3.4470513e-05  -0.00012808779  3.4488861e-05  6.3744454e-05  -1.3515261e-05  0.00028088428  3.8491014e-05  -7.9879784e-06  -2.4246209e-05  -9.1588023e-05  -0.00011878745  -2.0283331e-06  5.0947943e-05  -0.00022319443  -0.00016168382  -0.00021732266  -1.4321122e-05  0.00036780472  -0.00015861127  2.5354967e-05  -4.2618406e-05  0.00014730708  -0.00093054683  7.8837968e-05  0.0000000   
0.0000000   -3.0655936e-05  0.00072065069  0.00062682006  0.00078691797  -0.00076702442  0.00018888384  0.00012656276  -6.0638537e-05  -0.00025937944  7.3003042e-07  -1.3180728e-05  6.6620565e-05  5.0366610e-05  -4.5330068e-05  -9.0795853e-05  -0.00019243640  -1.6416335e-06  -1.6428461e-05  -0.00010675290  -8.0563429e-05  0.00022527229  -2.2944227e-06  -7.9675910e-05  5.3370937e-05  1.7592964e-05  -1.6024759e-05  1.2877056e-06  4.8232756e-05  2.6062582e-06  -3.1534664e-05  0.0000000   -3.0655936e-05  0.00072065069  0.00062682006  0.00078691797  -0.00076702442  0.00018888384  0.00012656276  -6.0638537e-05  -0.00025937944  7.3003042e-07  -1.3180728e-05  6.6620565e-05  5.0366610e-05  -4.5330068e-05  -9.0795853e-05  -0.00019243640  -1.6416335e-06  -1.6428461e-05  -0.00010675290  -8.0563429e-05  0.00022527229  -2.2944227e-06  -7.9675910e-05  5.3370937e-05  1.7592964e-05  -1.6024759e-05  1.2877056e-06  4.8232756e-05  2.6062582e-06  -3.1534664e-05  
3.0655936e-05  0.0000000   0.0045903057  5.6818990e-06  0.00010744941  0.00033353809  -0.00057926479  0.00015630918  -0.00018592738  0.00019327391  -0.00017035507  -0.00015269654  -2.1742611e-05  0.00024166393  -0.00023680822  -5.9539920e-05  8.0571664e-06  -0.00010644869  -7.2412177e-05  -4.4224887e-05  -9.8200362e-06  -0.00011020795  -1.9183324e-05  -2.7624370e-05  -7.2811572e-06  5.8323022e-06  -0.00019873665  -6.6628184e-05  -1.5252951e-05  7.3913256e-05  3.6023348e-06  3.0655936e-05  0.0000000   0.0045903057  5.6818990e-06  0.00010744941  0.00033353809  -0.00057926479  0.00015630918  -0.00018592738  0.00019327391  -0.00017035507  -0.00015269654  -2.1742611e-05  0.00024166393  -0.00023680822  -5.9539920e-05  8.0571664e-06  -0.00010644869  -7.2412177e-05  -4.4224887e-05  -9.8200362e-06  -0.00011020795  -1.9183324e-05  -2.7624370e-05  -7.2811572e-06  5.8323022e-06  -0.00019873665  -6.6628184e-05  -1.5252951e-05  7.3913256e-05  3.6023348e-06  
-0.00072065069  -0.0045903057  0.0000000   -0.00079428720  5.2993220e-05  -0.00021956377  -0.00067877576  9.0723659e-05  -3.4188362e-05  7.1854601e-05  6.5049300e-06  1.5439772e-05  -2.3153532e-05  -0.00022134601  -0.00014029946  -1.0021559e-05  -1.2761552e-05  -8.1667867e-05  0.00010080105  -1.0346301e-05  6.8642172e-06  -1.3860524e-05  -2.3598683e-05  -5.2864410e-06  1.8072784e-05  8.7000331e-05  6.9644894e-06  4.4710680e-05  -2.9640315e-06  1.6702350e-05  5.1006025e-06  -0.00072065069  -0.0045903057  0.0000000   -0.00079428720  5.2993220e-05  -0.00021956377  -0.00067877576  9.0723659e-05  -3.4188362e-05  7.1854601e-05  6.5049300e-06  1.5439772e-05  -2.3153532e-05  -0.00022134601  -0.00014029946  -1.0021559e-05  -1.2761552e-05  -8.1667867e-05  0.00010080105  -1.0346301e-05  6.8642172e-06  -1.3860524e-05  -2.3598683e-05  -5.2864410e-06  1.8072784e-05  8.7000331e-05  6.9644894e-06  4.4710680e-05  -2.9640315e-06  1.6702350e-05  5.1006025e-06  
-0.00062682006  -5.6818990e-06  0.00079428720  0.0000000   -0.0020719308  -0.0018958210  0.00051466335  -0.0013177600  0.00076583499  -0.00053059633  4.4641815e-05  0.00059199793  0.00010789786  -5.2048651e-07  -1.3326956e-05  0.00046309285  9.2682582e-05  -1.4842841e-05  -4.6749073e-05  0.00011070950  0.00014001666  0.00025122436  8.3751109e-05  0.00017443916  7.2546264e-06  2.5624548e-05  -1.8176356e-05  1.2139322e-05  -6.3248903e-06  1.1660295e-05  -1.6122904e-05  -0.00062682006  -5.6818990e-06  0.00079428720  0.0000000   -0.0020719308  -0.0018958210  0.00051466335  -0.0013177600  0.00076583499  -0.00053059633  4.4641815e-05  0.00059199793  0.00010789786  -5.2048651e-07  -1.3326956e-05  0.00046309285  9.2682582e-05  -1.4842841e-05  -4.6749073e-05  0.00011070950  0.00014001666  0.00025122436  8.3751109e-05  0.00017443916  7.2546264e-06  2.5624548e-05  -1.8176356e-05  1.2139322e-05  -6.3248903e-06  1.1660295e-05  -1.6122904e-05  
-0.00078691797  -0.00010744941  -5.2993220e-05  0.0020719308  0.0000000   0.0017661296  -0.00067102093  0.00016462534  0.00052437327  0.00015142746  -0.00015589668  0.00053928343  8.9716076e-05  5.5328562e-05  2.3543404e-05  -8.5284489e-05  -0.00014757503  -7.0122632e-06  3.0356264e-06  -0.00011673144  -0.00011842448  0.00016953108  0.00013490751  0.00012369353  3.6202179e-05  -2.7413930e-05  -1.3967837e-05  1.4561197e-06  -8.5961233e-07  2.2051702e-05  0.00011771604  -0.00078691797  -0.00010744941  -5.2993220e-05  0.0020719308  0.0000000   0.0017661296  -0.00067102093  0.00016462534  0.00052437327  0.00015142746  -0.00015589668  0.00053928343  8.9716076e-05  5.5328562e-05  2.3543404e-05  -8.5284489e-05  -0.00014757503  -7.0122632e-06  3.0356264e-06  -0.00011673144  -0.00011842448  0.00016953108  0.00013490751  0.00012369353  3.6202179e-05  -2.7413930e-05  -1.3967837e-05  1.4561197e-06  -8.5961233e-07  2.2051702e-05  0.00011771604  
0.00076702442  -0.00033353809  0.00021956377  0.0018958210  -0.0017661296  0.0000000   -5.5593648e-05  0.00077814463  0.0015706753  4.3670358e-05  4.1854672e-05  -8.7488259e-05  0.00025093859  3.2150339e-05  8.1454822e-05  -2.2132805e-05  -0.00014856603  -1.6654597e-05  -0.00011302828  1.4084558e-05  -0.00014610244  0.00014261870  0.00044402480  -1.0771205e-05  -4.8336626e-06  1.1683872e-05  4.1800297e-05  7.8530367e-05  -7.0402214e-05  1.4615860e-05  -7.4561589e-05  0.00076702442  -0.00033353809  0.00021956377  0.0018958210  -0.0017661296  0.0000000   -5.5593648e-05  0.00077814463  0.0015706753  4.3670358e-05  4.1854672e-05  -8.7488259e-05  0.00025093859  3.2150339e-05  8.1454822e-05  -2.2132805e-05  -0.00014856603  -1.6654597e-05  -0.00011302828  1.4084558e-05  -0.00014610244  0.00014261870  0.00044402480  -1.0771205e-05  -4.8336626e-06  1.1683872e-05  4.1800297e-05  7.8530367e-05  -7.0402214e-05  1.4615860e-05  -7.4561589e-05  
-0.00018888384  0.00057926479  0.00067877576  -0.00051466335  0.00067102093  5.5593648e-05  0.0000000   -0.00016174307  -0.00055631141  -0.00011895569  0.00014798040  -4.0282533e-05  -7.9865335e-05  -2.3057718e-05  0.00018811924  -2.9719270e-05  0.00011546410  1.9393611e-05  -0.00033374345  -3.6456341e-05  4.6382486e-05  -7.1151038e-05  -0.00014506614  -7.4583480e-05  1.0741340e-05  8.8510616e-05  0.00012874048  0.00018503218  1.9346993e-05  -1.6868472e-05  3.4470513e-05  -0.00018888384  0.00057926479  0.00067877576  -0.00051466335  0.00067102093  5.5593648e-05  0.0000000   -0.00016174307  -0.00055631141  -0.00011895569  0.00014798040  -4.0282533e-05  -7.9865335e-05  -2.3057718e-05  0.00018811924  -2.9719270e-05  0.00011546410  1.9393611e-05  -0.00033374345  -3.6456341e-05  4.6382486e-05  -7.1151038e-05  -0.00014506614  -7.4583480e-05  1.0741340e-05  8.8510616e-05  0.00012874048  0.00018503218  1.9346993e-05  -1.6868472e-05  3.4470513e-05  
-0.00012656276  -0.00015630918  -9.0723659e-05  0.0013177600  -0.00016462534  -0.00077814463  0.00016174307  0.0000000   0.0025878633  -0.0013403228  0.00017165653  -0.00046800294  0.00021620357  -4.8430217e-05  0.00012849156  -0.00057907500  0.00024308223  1.5823906e-05  -5.7991718e-05  0.00023779128  0.00025583444  -0.00018065578  0.00022390330  -0.00017950558  0.00013981611  -2.7090416e-05  -3.7773802e-06  -4.0865632e-05  -0.00012754686  4.3875067e-06  0.00012808779  -0.00012656276  -0.00015630918  -9.0723659e-05  0.0013177600  -0.00016462534  -0.00077814463  0.00016174307  0.0000000   0.0025878633  -0.0013403228  0.00017165653  -0.00046800294  0.00021620357  -4.8430217e-05  0.00012849156  -0.00057907500  0.00024308223  1.5823906e-05  -5.7991718e-05  0.00023779128  0.00025583444  -0.00018065578  0.00022390330  -0.00017950558  0.00013981611  -2.7090416e-05  -3.7773802e-06  -4.0865632e-05  -0.00012754686  4.3875067e-06  0.00012808779  
6.0638537e-05  0.00018592738  3.4188362e-05  -0.00076583499  -0.00052437327  -0.0015706753  0.00055631141  -0.0025878633  0.0000000   0.0036781838  -3.2324494e-05  -0.0014550587  -5.7938746e-05  -2.8477729e-05  -2.0921498e-05  -0.00015109214  0.00011764637  1.9962076e-05  5.9993661e-05  -7.2512784e-05  -0.00015853078  -0.00036977615  -4.8064767e-05  -9.1500415e-05  0.00010362279  -1.6771988e-05  -1.1077394e-06  4.5355704e-06  0.00021879668  -8.1615488e-06  -3.4488861e-05  6.0638537e-05  0.00018592738  3.4188362e-05  -0.00076583499  -0.00052437327  -0.0015706753  0.00055631141  -0.0025878633  0.0000000   0.0036781838  -3.2324494e-05  -0.0014550587  -5.7938746e-05  -2.8477729e-05  -2.0921498e-05  -0.00015109214  0.00011764637  1.9962076e-05  5.9993661e-05  -7.2512784e-05  -0.00015853078  -0.00036977615  -4.8064767e-05  -9.1500415e-05  0.00010362279  -1.6771988e-05  -1.1077394e-06  4.5355704e-06  0.00021879668  -8.1615488e-06  -3.4488861e-05  
0.00025937944  -0.00019327391  -7.1854601e-05  0.00053059633  -0.00015142746  -4.3670358e-05  0.00011895569  0.0013403228  -0.0036781838  0.0000000   2.3426584e-05  -0.00026161688  0.0010717793  5.4181254e-05  0.00018807696  -0.00054441469  0.00054316342  -2.3394930e-05  -6.7734051e-05  0.00033984437  0.00037910287  0.00010705060  0.00028442367  -0.00019242239  0.00011958564  -3.7819029e-05  2.5788181e-06  -1.7200996e-05  5.9592383e-05  3.1139904e-05  -6.3744454e-05  0.00025937944  -0.00019327391  -7.1854601e-05  0.00053059633  -0.00015142746  -4.3670358e-05  0.00011895569  0.0013403228  -0.0036781838  0.0000000   2.3426584e-05  -0.00026161688  0.0010717793  5.4181254e-05  0.00018807696  -0.00054441469  0.00054316342  -2.3394930e-05  -6.7734051e-05  0.00033984437  0.00037910287  0.00010705060  0.00028442367  -0.00019242239  0.00011958564  -3.7819029e-05  2.5788181e-06  -1.7200996e-05  5.9592383e-05  3.1139904e-05  -6.3744454e-05  
-7.3003042e-07  0.00017035507  -6.5049300e-06  -4.4641815e-05  0.00015589668  -4.1854672e-05  -0.00014798040  -0.00017165653  3.2324494e-05  -2.3426584e-05  0.0000000   -1.9320596e-05  -0.00018878864  0.00011054391  0.0013573419  0.00014234803  -9.9045419e-05  0.00028267541  0.00037330469  0.00010740850  3.7084313e-05  -2.3458639e-05  -2.8587578e-05  2.3995907e-05  -3.4497493e-05  -0.00023342391  1.8181639e-05  -8.0053761e-05  -7.0356986e-06  0.00020270870  1.3515261e-05  -7.3003042e-07  0.00017035507  -6.5049300e-06  -4.4641815e-05  0.00015589668  -4.1854672e-05  -0.00014798040  -0.00017165653  3.2324494e-05  -2.3426584e-05  0.0000000   -1.9320596e-05  -0.00018878864  0.00011054391  0.0013573419  0.00014234803  -9.9045419e-05  0.00028267541  0.00037330469  0.00010740850  3.7084313e-05  -2.3458639e-05  -2.8587578e-05  2.3995907e-05  -3.4497493e-05  -0.00023342391  1.8181639e-05  -8.0053761e-05  -7.0356986e-06  0.00020270870  1.3515261e-05  
