0.0000000   0.0022095737  0.00019230241  0.00076233823  -0.00067689157  -9.8373708e-05  0.00038511243  -0.00038641948  -0.00060442128  5.8915711e-05  -4.3971558e-05  0.00015457285  9.0822095e-05  2.3548933e-05  -1.3929979e-05  -3.2201478e-06  -0.00010835709  -1.4522900e-05  2.9601125e-07  2.6887043e-05  -4.7964651e-05  -3.5412924e-05  -9.0454121e-06  1.6995603e-05  9.6812326e-05  4.9037701e-06  -4.4370397e-05  6.6198051e-06  -5.8781110e-05  4.6151168e-05  -1.1880530e-05  0.0000000   0.0022095737  0.00019230241  0.00076233823  -0.00067689157  -9.8373708e-05  0.00038511243  -0.00038641948  -0.00060442128  5.8915711e-05  -4.3971558e-05  0.00015457285  9.0822095e-05  2.3548933e-05  -1.3929979e-05  -3.2201478e-06  -0.00010835709  -1.4522900e-05  2.9601125e-07  2.6887043e-05  -4.7964651e-05  -3.5412924e-05  -9.0454121e-06  1.6995603e-05  9.6812326e-05  4.9037701e-06  -4.4370397e-05  6.6198051e-06  -5.8781110e-05  4.6151168e-05  -1.1880530e-05  
-0.0022095737  0.0000000   5.4639996e-05  -0.0010222552  -0.00069250032  -3.2799855e-05  -0.00016939357  -0.00012114415  -0.0010023991  -2.6302224e-05  0.00012860172  -0.00030462012  0.00025404951  -1.3329341e-05  -3.7793304e-05  -5.6254467e-05  -1.8355464e-05  1.4418899e-05  1.5575478e-06  -1.9915408e-05  3.0330919e-06  -1.2941338e-05  1.5742992e-05  -2.5447052e-05  -0.00018003219  -2.6621155e-06  -3.0029505e-05  3.6742939e-06  -0.00019153918  -1.9652583e-05  -6.6957176e-06  -0.0022095737  0.0000000   5.4639996e-05  -0.0010222552  -0.00069250032  -3.2799855e-05  -0.00016939357  -0.00012114415  -0.0010023991  -2.6302224e-05  0.00012860172  -0.00030462012  0.00025404951  -1.3329341e-05  -3.7793304e-05  -5.6254467e-05  -1.8355464e-05  1.4418899e-05  1.5575478e-06  -1.9915408e-05  3.0330919e-06  -1.2941338e-05  1.5742992e-05  -2.5447052e-05  -0.00018003219  -2.6621155e-06  -3.0029505e-05  3.6742939e-06  -0.00019153918  -1.9652583e-05  -6.6957176e-06  
-0.00019230241  -5.4639996e-05  0.0000000   0.00018063999  0.00038233730  -0.0027275507  0.00010146513  1.8165504e-05  -6.9763336e-05  4.3779813e-05  0.00044713791  0.00027919506  -1.0069558e-05  -0.00011070469  2.1448341e-05  -0.00010284907  1.3607353e-05  -0.00020204117  0.00016462400  0.00018550200  2.7224475e-05  3.7910663e-05  1.8006187e-05  -1.2994172e-05  1.0311608e-05  5.2803428e-05  7.7076211e-06  0.00011683426  1.8730028e-06  -1.0862093e-05  -3.6924784e-06  -0.00019230241  -5.4639996e-05  0.0000000   0.00018063999  0.00038233730  -0.0027275507  0.00010146513  1.8165504e-05  -6.9763336e-05  4.3779813e-05  0.00044713791  0.00027919506  -1.0069558e-05  -0.00011070469  2.1448341e-05  -0.00010284907  1.3607353e-05  -0.00020204117  0.00016462400  0.00018550200  2.7224475e-05  3.7910663e-05  1.8006187e-05  -1.2994172e-05  1.0311608e-05  5.2803428e-05  7.7076211e-06  0.00011683426  1.8730028e-06  -1.0862093e-05  -3.6924784e-06  
-0.00076233823  0.0010222552  -0.00018063999  0.0000000   0.0022425785  0.00038820220  -0.0012891299  -0.0017374162  -0.00083342790  9.4433874e-05  -0.00031989128  0.00053152558  2.4561410e-05  3.6198954e-07  0.00026660199  4.2803545e-05  -0.00013012059  -1.9189678e-05  -5.3240178e-06  3.9823235e-05  7.1014096e-06  -2.7083875e-05  9.6211657e-06  -1.1360944e-05  -0.00014206565  -1.8926367e-05  -8.3903299e-05  1.5841445e-05  -5.0134588e-05  -0.00011992971  -0.00010261893  -0.00076233823  0.0010222552  -0.00018063999  0.0000000   0.0022425785  0.00038820220  -0.0012891299  -0.0017374162  -0.00083342790  9.4433874e-05  -0.00031989128  0.00053152558  2.4561410e-05  3.6198954e-07  0.00026660199  4.2803545e-05  -0.00013012059  -1.9189678e-05  -5.3240178e-06  3.9823235e-05  7.1014096e-06  -2.7083875e-05  9.6211657e-06  -1.1360944e-05  -0.00014206565  -1.8926367e-05  -8.3903299e-05  1.5841445e-05  -5.0134588e-05  -0.00011992971  -0.00010261893  
0.00067689157  0.00069250032  -0.00038233730  -0.0022425785  0.0000000   -0.00028295296  -0.0021075027  -0.0010285060  0.00051859969  -2.8791535e-05  0.00017687007  -0.00032915370  -0.00014249709  1.3116082e-05  -0.00013204368  -3.2286491e-06  5.3759185e-05  3.0280514e-05  1.4290238e-05  2.5252827e-05  2.5990257e-05  3.8774591e-06  -8.4492351e-06  1.1326665e-05  -3.6025931e-05  -3.6217690e-05  -0.00012279670  1.9214122e-05  -2.3964474e-06  4.7674221e-05  3.3362116e-05  0.00067689157  0.00069250032  -0.00038233730  -0.0022425785  0.0000000   -0.00028295296  -0.0021075027  -0.0010285060  0.00051859969  -2.8791535e-05  0.00017687007  -0.00032915370  -0.00014249709  1.3116082e-05  -0.00013204368  -3.2286491e-06  5.3759185e-05  3.0280514e-05  1.4290238e-05  2.5252827e-05  2.5990257e-05  3.8774591e-06  -8.4492351e-06  1.1326665e-05  -3.6025931e-05  -3.6217690e-05  -0.00012279670  1.9214122e-05  -2.3964474e-06  4.7674221e-05  3.3362116e-05  
9.8373708e-05  3.2799855e-05  0.0027275507  -0.00038820220  0.00028295296  0.0000000   -0.00020109413  -0.00012429194  8.1338523e-05  0.00042025389  -0.00020706492  -0.00014127253  -4.0083346e-05  -7.7631726e-05  5.6681019e-06  -0.00033265258  4.1397617e-05  -0.00018718659  -5.5041322e-06  8.1848479e-05  -4.4492428e-05  -3.5522498e-05  6.7040088e-05  -1.7383391e-05  -3.2340928e-05  0.00013519746  -3.1382364e-05  -3.3356136e-05  -2.2924739e-05  5.5758710e-06  8.6210822e-06  9.8373708e-05  3.2799855e-05  0.0027275507  -0.00038820220  0.00028295296  0.0000000   -0.00020109413  -0.00012429194  8.1338523e-05  0.00042025389  -0.00020706492  -0.00014127253  -4.0083346e-05  -7.7631726e-05  5.6681019e-06  -0.00033265258  4.1397617e-05  -0.00018718659  -5.5041322e-06  8.1848479e-05  -4.4492428e-05  -3.5522498e-05  6.7040088e-05  -1.7383391e-05  -3.2340928e-05  0.00013519746  -3.1382364e-05  -3.3356136e-05  -2.2924739e-05  5.5758710e-06  8.6210822e-06  
-0.00038511243  0.00016939357  -0.00010146513  0.0012891299  0.0021075027  0.00020109413  0.0000000   0.0045088904  0.00063470247  -1.9204884e-05  -0.00024479205  0.00034470419  0.00020781550  9.2919616e-06  -0.00025515078  3.8250112e-05  -2.0596179e-06  1.6635371e-05  -8.5522527e-07  -1.9286644e-05  6.3873788e-06  4.5606474e-05  -2.4554776e-05  -1.9050998e-06  0.00022010125  -8.9763600e-07  -5.9978057e-05  6.7673808e-06  0.00018854373  -1.9828081e-05  3.5168992e-05  -0.00038511243  0.00016939357  -0.00010146513  0.0012891299  0.0021075027  0.00020109413  0.0000000   0.0045088904  0.00063470247  -1.9204884e-05  -0.00024479205  0.00034470419  0.00020781550  9.2919616e-06  -0.00025515078  3.8250112e-05  -2.0596179e-06  1.6635371e-05  -8.5522527e-07  -1.9286644e-05  6.3873788e-06  4.5606474e-05  -2.4554776e-05  -1.9050998e-06  0.00022010125  -8.9763600e-07  -5.9978057e-05  6.7673808e-06  0.00018854373  -1.9828081e-05  3.5168992e-05  
0.00038641948  0.00012114415  -1.8165504e-05  0.0017374162  0.0010285060  0.00012429194  -0.0045088904  0.0000000   0.0029461594  4.8793611e-05  0.00019735910  -0.00063954213  0.00022915613  3.6006123e-05  -0.00018464599  5.2560587e-05  0.00037399870  4.9162553e-05  -1.6257724e-05  -4.1395078e-05  -4.3540813e-05  2.8199581e-05  2.2990464e-05  7.9626095e-06  7.0598958e-05  -1.3841933e-05  5.7452535e-05  9.8341672e-06  4.8564753e-05  1.2417330e-05  -9.7827759e-05  0.00038641948  0.00012114415  -1.8165504e-05  0.0017374162  0.0010285060  0.00012429194  -0.0045088904  0.0000000   0.0029461594  4.8793611e-05  0.00019735910  -0.00063954213  0.00022915613  3.6006123e-05  -0.00018464599  5.2560587e-05  0.00037399870  4.9162553e-05  -1.6257724e-05  -4.1395078e-05  -4.3540813e-05  2.8199581e-05  2.2990464e-05  7.9626095e-06  7.0598958e-05  -1.3841933e-05  5.7452535e-05  9.8341672e-06  4.8564753e-05  1.2417330e-05  -9.7827759e-05  
0.00060442128  0.0010023991  6.9763336e-05  0.00083342790  -0.00051859969  -8.1338523e-05  -0.00063470247  -0.0029461594  0.0000000   6.0067413e-05  0.00025950705  -0.00049746124  0.00045255903  -2.5363645e-05  -0.00061545628  -5.7641679e-05  0.00039195214  -2.2208293e-05  -1.1525558e-05  -3.4178642e-05  -3.5559799e-05  2.7083295e-05  3.7039450e-05  4.9826218e-06  -6.2079397e-05  9.6064378e-06  3.9666814e-05  9.9254079e-06  -5.0591090e-05  -7.5333006e-06  -4.9899596e-05  0.00060442128  0.0010023991  6.9763336e-05  0.00083342790  -0.00051859969  -8.1338523e-05  -0.00063470247  -0.0029461594  0.0000000   6.0067413e-05  0.00025950705  -0.00049746124  0.00045255903  -2.5363645e-05  -0.00061545628  -5.7641679e-05  0.00039195214  -2.2208293e-05  -1.1525558e-05  -3.4178642e-05  -3.5559799e-05  2.7083295e-05  3.7039450e-05  4.9826218e-06  -6.2079397e-05  9.6064378e-06  3.9666814e-05  9.9254079e-06  -5.0591090e-05  -7.5333006e-06  -4.9899596e-05  
-5.8915711e-05  2.6302224e-05  -4.3779813e-05  -9.4433874e-05  2.8791535e-05  -0.00042025389  1.9204884e-05  -4.8793611e-05  -6.0067413e-05  0.0000000   0.00092658586  0.00046163620  2.3225549e-05  0.00057183890  -9.0595677e-05  0.00081617553  -0.00014990597  -0.00020106934  0.00033675318  -0.00038681421  0.00034069078  -0.00014109014  7.9056072e-05  -0.00023675305  3.3768801e-05  -0.00017812547  -7.0335442e-06  0.00011140409  5.1085163e-06  9.5077906e-06  1.4206368e-05  -5.8915711e-05  2.6302224e-05  -4.3779813e-05  -9.4433874e-05  2.8791535e-05  -0.00042025389  1.9204884e-05  -4.8793611e-05  -6.0067413e-05  0.0000000   0.00092658586  0.00046163620  2.3225549e-05  0.00057183890  -9.0595677e-05  0.00081617553  -0.00014990597  -0.00020106934  0.00033675318  -0.00038681421  0.00034069078  -0.00014109014  7.9056072e-05  -0.00023675305  3.3768801e-05  -0.00017812547  -7.0335442e-06  0.00011140409  5.1085163e-06  9.5077906e-06  1.4206368e-05  
4.3971558e-05  -0.00012860172  -0.00044713791  0.00031989128  -0.00017687007  0.00020706492  0.00024479205  -0.00019735910  -0.00025950705  -0.00092658586  0.0000000   0.00022558216  -0.00023412467  -0.00025958141  0.00048784745  -0.0016901204  0.00039236676  0.00047872763  8.6420971e-05  -0.00024883036  -0.00012239308  -0.00035923092  8.3131617e-05  0.00021726200  -0.00016988927  0.00023884403  0.00011257985  -3.3478193e-05  -4.9117866e-05  -2.1039119e-05  -8.5880583e-05  4.3971558e-05  -0.00012860172  -0.00044713791  0.00031989128  -0.00017687007  0.00020706492  0.00024479205  -0.00019735910  -0.00025950705  -0.00092658586  0.0000000   0.00022558216  -0.00023412467  -0.00025958141  0.00048784745  -0.0016901204  0.00039236676  0.00047872763  8.6420971e-05  -0.00024883036  -0.00012239308  -0.00035923092  8.3131617e-05  0.00021726200  -0.00016988927  0.00023884403  0.00011257985  -3.3478193e-05  -4.9117866e-05  -2.1039119e-05  -8.5880583e-05  
-0.00015457285  0.00030462012  -0.00027919506  -0.00053152558  0.00032915370  0.00014127253  -0.00034470419  0.00063954213  0.00049746124  -0.00046163620  -0.00022558216  0.0000000   0.00023696546  -0.00019220069  -0.00069962342  -0.0010905345  -0.00040603987  0.00025345077  -1.2903986e-05  -6.5808849e-05  -0.00012703419  -0.00012982161  5.8180284e-05  0.00019141888  0.00026035497  0.00012815256  -0.00019983026  -1.4753873e-05  0.00011940842  2.9530823e-05  0.00014218891  -0.00015457285  0.00030462012  -0.00027919506  -0.00053152558  0.00032915370  0.00014127253  -0.00034470419  0.00063954213  0.00049746124  -0.00046163620  -0.00022558216  0.0000000   0.00023696546  -0.00019220069  -0.00069962342  -0.0010905345  -0.00040603987  0.00025345077  -1.2903986e-05  -6.5808849e-05  -0.00012703419  -0.00012982161  5.8180284e-05  0.00019141888  0.00026035497  0.00012815256  -0.00019983026  -1.4753873e-05  0.00011940842  2.9530823e-05  0.00014218891  
-9.0822095e-05  -0.00025404951  1.0069558e-05  -2.4561410e-05  0.00014249709  4.0083346e-05  -0.00020781550  -0.00022915613  -0.00045255903  -2.3225549e-05  0.00023412467  -0.00023696546  0.0000000   9.3809950e-05  0.0027369934  7.6137951e-05  -9.9671618e-05  -2.0390523e-05  -2.4857834e-05  2.3364912e-05  4.7017149e-05  3.1261398e-05  1.5394601e-06  6.8905556e-05  0.00010784737  1.6336028e-06  4.7438359e-05  -9.8383737e-06  0.00016066262  -7.8594056e-05  0.00015538070  -9.0822095e-05  -0.00025404951  1.0069558e-05  -2.4561410e-05  0.00014249709  4.0083346e-05  -0.00020781550  -0.00022915613  -0.00045255903  -2.3225549e-05  0.00023412467  -0.00023696546  0.0000000   9.3809950e-05  0.0027369934  7.6137951e-05  -9.9671618e-05  -2.0390523e-05  -2.4857834e-05  2.3364912e-05  4.7017149e-05  3.1261398e-05  1.5394601e-06  6.8905556e-05  0.00010784737  1.6336028e-06  4.7438359e-05  -9.8383737e-06  0.00016066262  -7.8594056e-05  0.00015538070  
-2.3548933e-05  1.3329341e-05  0.00011070469  -3.6198954e-07  -1.3116082e-05  7.7631726e-05  -9.2919616e-06  -3.6006123e-05  2.5363645e-05  -0.00057183890  0.00025958141  0.00019220069  -9.3809950e-05  0.0000000   -1.8821907e-05  0.00026247228  2.2339148e-05  0.00016828933  0.00011513908  0.0011258331  -0.00023410183  -0.00015207320  -0.00023409035  -0.00014692003  1.0260183e-05  5.4430766e-05  -2.3758570e-05  2.2078958e-05  1.8084391e-06  1.1703704e-05  -1.6846755e-06  -2.3548933e-05  1.3329341e-05  0.00011070469  -3.6198954e-07  -1.3116082e-05  7.7631726e-05  -9.2919616e-06  -3.6006123e-05  2.5363645e-05  -0.00057183890  0.00025958141  0.00019220069  -9.3809950e-05  0.0000000   -1.8821907e-05  0.00026247228  2.2339148e-05  0.00016828933  0.00011513908  0.0011258331  -0.00023410183  -0.00015207320  -0.00023409035  -0.00014692003  1.0260183e-05  5.4430766e-05  -2.3758570e-05  2.2078958e-05  1.8084391e-06  1.1703704e-05  -1.6846755e-06  
1.3929979e-05  3.7793304e-05  -2.1448341e-05  -0.00026660199  0.00013204368  -5.6681019e-06  0.00025515078  0.00018464599  0.00061545628  9.0595677e-05  -0.00048784745  0.00069962342  -0.0027369934  1.8821907e-05  0.0000000   0.00013464954  0.00023101375  -9.2069042e-05  -6.0447236e-05  -3.4567555e-05  -9.2864565e-06  9.1367670e-05  -2.8055635e-05  -8.2370991e-07  4.6361374e-05  3.0406136e-06  -7.6826299e-05  8.0341283e-06  1.5932902e-05  7.8925941e-05  -4.4618218e-05  1.3929979e-05  3.7793304e-05  -2.1448341e-05  -0.00026660199  0.00013204368  -5.6681019e-06  0.00025515078  0.00018464599  0.00061545628  9.0595677e-05  -0.00048784745  0.00069962342  -0.0027369934  1.8821907e-05  0.0000000   0.00013464954  0.00023101375  -9.2069042e-05  -6.0447236e-05  -3.4567555e-05  -9.2864565e-06  9.1367670e-05  -2.8055635e-05  -8.2370991e-07  4.6361374e-05  3.0406136e-06  -7.6826299e-05  8.0341283e-06  1.5932902e-05  7.8925941e-05  -4.4618218e-05  
3.2201478e-06  5.6254467e-05  0.00010284907  -4.2803545e-05  3.2286491e-06  0.00033265258  -3.8250112e-05  -5.2560587e-05  5.7641679e-05  -0.00081617553  0.0016901204  0.0010905345  -7.6137951e-05  -0.00026247228  -0.00013464954  0.0000000   -7.2019284e-05  0.0013535546  0.0011319836  -0.00025488196  0.00013518415  0.00011825184  -0.00024423544  5.2755381e-05  -2.8974991e-05  -0.00022615250  1.5169939e-05  -8.5925263e-05  8.1630808e-06  1.7177788e-05  1.5161342e-05  3.2201478e-06  5.6254467e-05  0.00010284907  -4.2803545e-05  3.2286491e-06  0.00033265258  -3.8250112e-05  -5.2560587e-05  5.7641679e-05  -0.00081617553  0.0016901204  0.0010905345  -7.6137951e-05  -0.00026247228  -0.00013464954  0.0000000   -7.2019284e-05  0.0013535546  0.0011319836  -0.00025488196  0.00013518415  0.00011825184  -0.00024423544  5.2755381e-05  -2.8974991e-05  -0.00022615250  1.5169939e-05  -8.5925263e-05  8.1630808e-06  1.7177788e-05  1.5161342e-05  
0.00010835709  1.8355464e-05  -1.3607353e-05  0.00013012059  -5.3759185e-05  -4.1397617e-05  2.0596179e-06  -0.00037399870  -0.00039195214  0.00014990597  -0.00039236676  0.00040603987  9.9671618e-05  -2.2339148e-05  -0.00023101375  7.2019284e-05  0.0000000   -0.00022669801  -0.00017493659  -2.0552970e-05  9.1698911e-05  -5.3385162e-05  -1.6392429e-06  -0.00011269532  -0.00056587961  5.7584868e-06  0.00049914760  -3.5291264e-05  -6.8769950e-05  7.2149651e-05  3.1405586e-06  0.00010835709  1.8355464e-05  -1.3607353e-05  0.00013012059  -5.3759185e-05  -4.1397617e-05  2.0596179e-06  -0.00037399870  -0.00039195214  0.00014990597  -0.00039236676  0.00040603987  9.9671618e-05  -2.2339148e-05  -0.00023101375  7.2019284e-05  0.0000000   -0.00022669801  -0.00017493659  -2.0552970e-05  9.1698911e-05  -5.3385162e-05  -1.6392429e-06  -0.00011269532  -0.00056587961  5.7584868e-06  0.00049914760  -3.5291264e-05  -6.8769950e-05  7.2149651e-05  3.1405586e-06  
1.4522900e-05  -1.4418899e-05  0.00020204117  1.9189678e-05  -3.0280514e-05  0.00018718659  -1.6635371e-05  -4.9162553e-05  2.2208293e-05  0.00020106934  -0.00047872763  -0.00025345077  2.0390523e-05  -0.00016828933  9.2069042e-05  -0.0013535546  0.00022669801  0.0000000   8.0179061e-05  0.0021273171  0.00055920769  0.00073049523  5.8433534e-05  0.00010507397  -1.7090372e-06  -7.2859849e-05  -1.1082542e-05  -0.00014394923  -1.6393095e-05  3.5547999e-07  -1.0629632e-05  1.4522900e-05  -1.4418899e-05  0.00020204117  1.9189678e-05  -3.0280514e-05  0.00018718659  -1.6635371e-05  -4.9162553e-05  2.2208293e-05  0.00020106934  -0.00047872763  -0.00025345077  2.0390523e-05  -0.00016828933  9.2069042e-05  -0.0013535546  0.00022669801  0.0000000   8.0179061e-05  0.0021273171  0.00055920769  0.00073049523  5.8433534e-05  0.00010507397  -1.7090372e-06  -7.2859849e-05  -1.1082542e-05  -0.00014394923  -1.6393095e-05  3.5547999e-07  -1.0629632e-05  
-2.9601125e-07  -1.5575478e-06  -0.00016462400  5.3240178e-06  -1.4290238e-05  5.5041322e-06  8.5522527e-07  1.6257724e-05  1.1525558e-05  -0.00033675318  -8.6420971e-05  1.2903986e-05  2.4857834e-05  -0.00011513908  6.0447236e-05  -0.0011319836  0.00017493659  -8.0179061e-05  0.0000000   0.0018884180  -0.00071164262  0.00098604449  -8.7149830e-05  -8.1312155e-06  4.2165900e-05  -0.00049030664  2.0711757e-05  0.00027447583  2.3646354e-05  -9.2053021e-06  -2.0405530e-06  -2.9601125e-07  -1.5575478e-06  -0.00016462400  5.3240178e-06  -1.4290238e-05  5.5041322e-06  8.5522527e-07  1.6257724e-05  1.1525558e-05  -0.00033675318  -8.6420971e-05  1.2903986e-05  2.4857834e-05  -0.00011513908  6.0447236e-05  -0.0011319836  0.00017493659  -8.0179061e-05  0.0000000   0.0018884180  -0.00071164262  0.00098604449  -8.7149830e-05  -8.1312155e-06  4.2165900e-05  -0.00049030664  2.0711757e-05  0.00027447583  2.3646354e-05  -9.2053021e-06  -2.0405530e-06  
-2.6887043e-05  1.9915408e-05  -0.00018550200  -3.9823235e-05  -2.5252827e-05  -8.1848479e-05  1.9286644e-05  4.1395078e-05  3.4178642e-05  0.00038681421  0.00024883036  6.5808849e-05  -2.3364912e-05  -0.0011258331  3.4567555e-05  0.00025488196  2.0552970e-05  -0.0021273171  -0.0018884180  0.0000000   -0.0012095563  -0.00021495424  -0.00054765812  -0.00018271155  3.9326793e-05  -0.00017065168  -5.0887171e-05  -0.00011731202  -3.2686699e-05  -2.8607144e-06  3.7511535e-06  -2.6887043e-05  1.9915408e-05  -0.00018550200  -3.9823235e-05  -2.5252827e-05  -8.1848479e-05  1.9286644e-05  4.1395078e-05  3.4178642e-05  0.00038681421  0.00024883036  6.5808849e-05  -2.3364912e-05  -0.0011258331  3.4567555e-05  0.00025488196  2.0552970e-05  -0.0021273171  -0.0018884180  0.0000000   -0.0012095563  -0.00021495424  -0.00054765812  -0.00018271155  3.9326793e-05  -0.00017065168  -5.0887171e-05  -0.00011731202  -3.2686699e-05  -2.8607144e-06  3.7511535e-06  
4.7964651e-05  -3.0330919e-06  -2.7224475e-05  -7.1014096e-06  -2.5990257e-05  4.4492428e-05  -6.3873788e-06  4.3540813e-05  3.5559799e-05  -0.00034069078  0.00012239308  0.00012703419  -4.7017149e-05  0.00023410183  9.2864565e-06  -0.00013518415  -9.1698911e-05  -0.00055920769  0.00071164262  0.0012095563  0.0000000   -0.0091040749  0.0010266000  0.00042549276  -0.00014068800  0.00025592628  2.1185830e-05  -6.1694505e-06  -5.8553326e-05  9.6870483e-05  -5.8652223e-05  4.7964651e-05  -3.0330919e-06  -2.7224475e-05  -7.1014096e-06  -2.5990257e-05  4.4492428e-05  -6.3873788e-06  4.3540813e-05  3.5559799e-05  -0.00034069078  0.00012239308  0.00012703419  -4.7017149e-05  0.00023410183  9.2864565e-06  -0.00013518415  -9.1698911e-05  -0.00055920769  0.00071164262  0.0012095563  0.0000000   -0.0091040749  0.0010266000  0.00042549276  -0.00014068800  0.00025592628  2.1185830e-05  -6.1694505e-06  -5.8553326e-05  9.6870483e-05  -5.8652223e-05  
3.5412924e-05  1.2941338e-05  -3.7910663e-05  2.7083875e-05  -3.8774591e-06  3.5522498e-05  -4.5606474e-05  -2.8199581e-05  -2.7083295e-05  0.00014109014  0.00035923092  0.00012982161  -3.1261398e-05  0.00015207320  -9.1367670e-05  -0.00011825184  5.3385162e-05  -0.00073049523  -0.00098604449  0.00021495424  0.0091040749  0.0000000   -0.0023721628  4.7305677e-05  0.00011183345  -0.00058274095  3.8788723e-05  -0.00011671074  4.0772415e-05  4.1577283e-06  4.7421244e-06  3.5412924e-05  1.2941338e-05  -3.7910663e-05  2.7083875e-05  -3.8774591e-06  3.5522498e-05  -4.5606474e-05  -2.8199581e-05  -2.7083295e-05  0.00014109014  0.00035923092  0.00012982161  -3.1261398e-05  0.00015207320  -9.1367670e-05  -0.00011825184  5.3385162e-05  -0.00073049523  -0.00098604449  0.00021495424  0.0091040749  0.0000000   -0.0023721628  4.7305677e-05  0.00011183345  -0.00058274095  3.8788723e-05  -0.00011671074  4.0772415e-05  4.1577283e-06  4.7421244e-06  
9.0454121e-06  -1.5742992e-05  -1.8006187e-05  -9.6211657e-06  8.4492351e-06  -6.7040088e-05  2.4554776e-05  -2.2990464e-05  -3.7039450e-05  -7.9056072e-05  -8.3131617e-05  -5.8180284e-05  -1.5394601e-06  0.00023409035  2.8055635e-05  0.00024423544  1.6392429e-06  -5.8433534e-05  8.7149830e-05  0.00054765812  -0.0010266000  0.0023721628  0.0000000   -0.0015511625  0.00021161187  -0.00012506597  -8.4513193e-05  -0.00015853738  2.8001959e-05  -2.2206812e-05  -4.5046219e-06  9.0454121e-06  -1.5742992e-05  -1.8006187e-05  -9.6211657e-06  8.4492351e-06  -6.7040088e-05  2.4554776e-05  -2.2990464e-05  -3.7039450e-05  -7.9056072e-05  -8.3131617e-05  -5.8180284e-05  -1.5394601e-06  0.00023409035  2.8055635e-05  0.00024423544  1.6392429e-06  -5.8433534e-05  8.7149830e-05  0.00054765812  -0.0010266000  0.0023721628  0.0000000   -0.0015511625  0.00021161187  -0.00012506597  -8.4513193e-05  -0.00015853738  2.8001959e-05  -2.2206812e-05  -4.5046219e-06  
-1.6995603e-05  2.5447052e-05  1.2994172e-05  1.1360944e-05  -1.1326665e-05  1.7383391e-05  1.9050998e-06  -7.9626095e-06  -4.9826218e-06  0.00023675305  -0.00021726200  -0.00019141888  -6.8905556e-05  0.00014692003  8.2370991e-07  -5.2755381e-05  0.00011269532  -0.00010507397  8.1312155e-06  0.00018271155  -0.00042549276  -4.7305677e-05  0.0015511625  0.0000000   5.0174035e-06  -0.0018936085  -6.6546231e-05  -0.00060401670  -6.9545129e-06  4.3910049e-05  -3.9129219e-05  -1.6995603e-05  2.5447052e-05  1.2994172e-05  1.1360944e-05  -1.1326665e-05  1.7383391e-05  1.9050998e-06  -7.9626095e-06  -4.9826218e-06  0.00023675305  -0.00021726200  -0.00019141888  -6.8905556e-05  0.00014692003  8.2370991e-07  -5.2755381e-05  0.00011269532  -0.00010507397  8.1312155e-06  0.00018271155  -0.00042549276  -4.7305677e-05  0.0015511625  0.0000000   5.0174035e-06  -0.0018936085  -6.6546231e-05  -0.00060401670  -6.9545129e-06  4.3910049e-05  -3.9129219e-05  
-9.6812326e-05  0.00018003219  -1.0311608e-05  0.00014206565  3.6025931e-05  3.2340928e-05  -0.00022010125  -7.0598958e-05  6.2079397e-05  -3.3768801e-05  0.00016988927  -0.00026035497  -0.00010784737  -1.0260183e-05  -4.6361374e-05  2.8974991e-05  0.00056587961  1.7090372e-06  -4.2165900e-05  -3.9326793e-05  0.00014068800  -0.00011183345  -0.00021161187  -5.0174035e-06  0.0000000   0.00021493378  -0.00076717072  0.00017044683  0.00015825064  0.00031270668  -0.00022075357  -9.6812326e-05  0.00018003219  -1.0311608e-05  0.00014206565  3.6025931e-05  3.2340928e-05  -0.00022010125  -7.0598958e-05  6.2079397e-05  -3.3768801e-05  0.00016988927  -0.00026035497  -0.00010784737  -1.0260183e-05  -4.6361374e-05  2.8974991e-05  0.00056587961  1.7090372e-06  -4.2165900e-05  -3.9326793e-05  0.00014068800  -0.00011183345  -0.00021161187  -5.0174035e-06  0.0000000   0.00021493378  -0.00076717072  0.00017044683  0.00015825064  0.00031270668  -0.00022075357  
-4.9037701e-06  2.6621155e-06  -5.2803428e-05  1.8926367e-05  3.6217690e-05  -0.00013519746  8.9763600e-07  1.3841933e-05  -9.6064378e-06  0.00017812547  -0.00023884403  -0.00012815256  -1.6336028e-06  -5.4430766e-05  -3.0406136e-06  0.00022615250  -5.7584868e-06  7.2859849e-05  0.00049030664  0.00017065168  -0.00025592628  0.00058274095  0.00012506597  0.0018936085  -0.00021493378  0.0000000   9.7645791e-06  -0.00062359223  -5.5198962e-05  2.8903193e-06  2.8436094e-05  -4.9037701e-06  2.6621155e-06  -5.2803428e-05  1.8926367e-05  3.6217690e-05  -0.00013519746  8.9763600e-07  1.3841933e-05  -9.6064378e-06  0.00017812547  -0.00023884403  -0.00012815256  -1.6336028e-06  -5.4430766e-05  -3.0406136e-06  0.00022615250  -5.7584868e-06  7.2859849e-05  0.00049030664  0.00017065168  -0.00025592628  0.00058274095  0.00012506597  0.0018936085  -0.00021493378  0.0000000   9.7645791e-06  -0.00062359223  -5.5198962e-05  2.8903193e-06  2.8436094e-05  
4.4370397e-05  3.0029505e-05  -7.7076211e-06  8.3903299e-05  0.00012279670  3.1382364e-05  5.9978057e-05  -5.7452535e-05  -3.9666814e-05  7.0335442e-06  -0.00011257985  0.00019983026  -4.7438359e-05  2.3758570e-05  7.6826299e-05  -1.5169939e-05  -0.00049914760  1.1082542e-05  -2.0711757e-05  5.0887171e-05  -2.1185830e-05  -3.8788723e-05  8.4513193e-05  6.6546231e-05  0.00076717072  -9.7645791e-06  0.0000000   -1.2900646e-05  0.00019006423  0.00013615193  0.00061431360  4.4370397e-05  3.0029505e-05  -7.7076211e-06  8.3903299e-05  0.00012279670  3.1382364e-05  5.9978057e-05  -5.7452535e-05  -3.9666814e-05  7.0335442e-06  -0.00011257985  0.00019983026  -4.7438359e-05  2.3758570e-05  7.6826299e-05  -1.5169939e-05  -0.00049914760  1.1082542e-05  -2.0711757e-05  5.0887171e-05  -2.1185830e-05  -3.8788723e-05  8.4513193e-05  6.6546231e-05  0.00076717072  -9.7645791e-06  0.0000000   -1.2900646e-05  0.00019006423  0.00013615193  0.00061431360  
-6.6198051e-06  -3.6742939e-06  -0.00011683426  -1.5841445e-05  -1.9214122e-05  3.3356136e-05  -6.7673808e-06  -9.8341672e-06  -9.9254079e-06  -0.00011140409  3.3478193e-05  1.4753873e-05  9.8383737e-06  -2.2078958e-05  -8.0341283e-06  8.5925263e-05  3.5291264e-05  0.00014394923  -0.00027447583  0.00011731202  6.1694505e-06  0.00011671074  0.00015853738  0.00060401670  -0.00017044683  0.00062359223  1.2900646e-05  0.0000000   -5.3308246e-05  -2.5604443e-05  -5.6359538e-05  -6.6198051e-06  -3.6742939e-06  -0.00011683426  -1.5841445e-05  -1.9214122e-05  3.3356136e-05  -6.7673808e-06  -9.8341672e-06  -9.9254079e-06  -0.00011140409  3.3478193e-05  1.4753873e-05  9.8383737e-06  -2.2078958e-05  -8.0341283e-06  8.5925263e-05  3.5291264e-05  0.00014394923  -0.00027447583  0.00011731202  6.1694505e-06  0.00011671074  0.00015853738  0.00060401670  -0.00017044683  0.00062359223  1.2900646e-05  0.0000000   -5.3308246e-05  -2.5604443e-05  -5.6359538e-05  
5.8781110e-05  0.00019153918  -1.8730028e-06  5.0134588e-05  2.3964474e-06  2.2924739e-05  -0.00018854373  -4.8564753e-05  5.0591090e-05  -5.1085163e-06  4.9117866e-05  -0.00011940842  -0.00016066262  -1.8084391e-06  -1.5932902e-05  -8.1630808e-06  6.8769950e-05  1.6393095e-05  -2.3646354e-05  3.2686699e-05  5.8553326e-05  -4.0772415e-05  -2.8001959e-05  6.9545129e-06  -0.00015825064  5.5198962e-05  -0.00019006423  5.3308246e-05  0.0000000   0.00018713490  0.00022509204  5.8781110e-05  0.00019153918  -1.8730028e-06  5.0134588e-05  2.3964474e-06  2.2924739e-05  -0.00018854373  -4.8564753e-05  5.0591090e-05  -5.1085163e-06  4.9117866e-05  -0.00011940842  -0.00016066262  -1.8084391e-06  -1.5932902e-05  -8.1630808e-06  6.8769950e-05  1.6393095e-05  -2.3646354e-05  3.2686699e-05  5.8553326e-05  -4.0772415e-05  -2.8001959e-05  6.9545129e-06  -0.00015825064  5.5198962e-05  -0.00019006423  5.3308246e-05  0.0000000   0.00018713490  0.00022509204  
-4.6151168e-05  1.9652583e-05  1.0862093e-05  0.00011992971  -4.7674221e-05  -5.5758710e-06  1.9828081e-05  -1.2417330e-05  7.5333006e-06  -9.5077906e-06  2.1039119e-05  -2.9530823e-05  7.8594056e-05  -1.1703704e-05  -7.8925941e-05  -1.7177788e-05  -7.2149651e-05  -3.5547999e-07  9.2053021e-06  2.8607144e-06  -9.6870483e-05  -4.1577283e-06  2.2206812e-05  -4.3910049e-05  -0.00031270668  -2.8903193e-06  -0.00013615193  2.5604443e-05  -0.00018713490  0.0000000   0.00046985097  -4.6151168e-05  1.9652583e-05  1.0862093e-05  0.00011992971  -4.7674221e-05  -5.5758710e-06  1.9828081e-05  -1.2417330e-05  7.5333006e-06  -9.5077906e-06  2.1039119e-05  -2.9530823e-05  7.8594056e-05  -1.1703704e-05  -7.8925941e-05  -1.7177788e-05  -7.2149651e-05  -3.5547999e-07  9.2053021e-06  2.8607144e-06  -9.6870483e-05  -4.1577283e-06  2.2206812e-05  -4.3910049e-05  -0.00031270668  -2.8903193e-06  -0.00013615193  2.5604443e-05  -0.00018713490  0.0000000   0.00046985097  
1.1880530e-05  6.6957176e-06  3.6924784e-06  0.00010261893  -3.3362116e-05  -8.6210822e-06  -3.5168992e-05  9.7827759e-05  4.9899596e-05  -1.4206368e-05  8.5880583e-05  -0.00014218891  -0.00015538070  1.6846755e-06  4.4618218e-05  -1.5161342e-05  -3.1405586e-06  1.0629632e-05  2.0405530e-06  -3.7511535e-06  5.8652223e-05  -4.7421244e-06  4.5046219e-06  3.9129219e-05  0.00022075357  -2.8436094e-05  -0.00061431360  5.6359538e-05  -0.00022509204  -0.00046985097  0.0000000   1.1880530e-05  6.6957176e-06  3.6924784e-06  0.00010261893  -3.3362116e-05  -8.6210822e-06  -3.5168992e-05  9.7827759e-05  4.9899596e-05  -1.4206368e-05  8.5880583e-05  -0.00014218891  -0.00015538070  1.6846755e-06  4.4618218e-05  -1.5161342e-05  -3.1405586e-06  1.0629632e-05  2.0405530e-06  -3.7511535e-06  5.8652223e-05  -4.7421244e-06  4.5046219e-06  3.9129219e-05  0.00022075357  -2.8436094e-05  -0.00061431360  5.6359538e-05  -0.00022509204  -0.00046985097  0.0000000   
0.0000000   0.0022095737  0.00019230241  0.00076233823  -0.00067689157  -9.8373708e-05  0.00038511243  -0.00038641948  -0.00060442128  5.8915711e-05  -4.3971558e-05  0.00015457285  9.0822095e-05  2.3548933e-05  -1.3929979e-05  -3.2201478e-06  -0.00010835709  -1.4522900e-05  2.9601125e-07  2.6887043e-05  -4.7964651e-05  -3.5412924e-05  -9.0454121e-06  1.6995603e-05  9.6812326e-05  4.9037701e-06  -4.4370397e-05  6.6198051e-06  -5.8781110e-05  4.6151168e-05  -1.1880530e-05  0.0000000   0.0022095737  0.00019230241  0.00076233823  -0.00067689157  -9.8373708e-05  0.00038511243  -0.00038641948  -0.00060442128  5.8915711e-05  -4.3971558e-05  0.00015457285  9.0822095e-05  2.3548933e-05  -1.3929979e-05  -3.2201478e-06  -0.00010835709  -1.4522900e-05  2.9601125e-07  2.6887043e-05  -4.7964651e-05  -3.5412924e-05  -9.0454121e-06  1.6995603e-05  9.6812326e-05  4.9037701e-06  -4.4370397e-05  6.6198051e-06  -5.8781110e-05  4.6151168e-05  -1.1880530e-05  
-0.0022095737  0.0000000   5.4639996e-05  -0.0010222552  -0.00069250032  -3.2799855e-05  -0.00016939357  -0.00012114415  -0.0010023991  -2.6302224e-05  0.00012860172  -0.00030462012  0.00025404951  -1.3329341e-05  -3.7793304e-05  -5.6254467e-05  -1.8355464e-05  1.4418899e-05  1.5575478e-06  -1.9915408e-05  3.0330919e-06  -1.2941338e-05  1.5742992e-05  -2.5447052e-05  -0.00018003219  -2.6621155e-06  -3.0029505e-05  3.6742939e-06  -0.00019153918  -1.9652583e-05  -6.6957176e-06  -0.0022095737  0.0000000   5.4639996e-05  -0.0010222552  -0.00069250032  -3.2799855e-05  -0.00016939357  -0.00012114415  -0.0010023991  -2.6302224e-05  0.00012860172  -0.00030462012  0.00025404951  -1.3329341e-05  -3.7793304e-05  -5.6254467e-05  -1.8355464e-05  1.4418899e-05  1.5575478e-06  -1.9915408e-05  3.0330919e-06  -1.2941338e-05  1.5742992e-05  -2.5447052e-05  -0.00018003219  -2.6621155e-06  -3.0029505e-05  3.6742939e-06  -0.00019153918  -1.9652583e-05  -6.6957176e-06  
-0.00019230241  -5.4639996e-05  0.0000000   0.00018063999  0.00038233730  -0.0027275507  0.00010146513  1.8165504e-05  -6.9763336e-05  4.3779813e-05  0.00044713791  0.00027919506  -1.0069558e-05  -0.00011070469  2.1448341e-05  -0.00010284907  1.3607353e-05  -0.00020204117  0.00016462400  0.00018550200  2.7224475e-05  3.7910663e-05  1.8006187e-05  -1.2994172e-05  1.0311608e-05  5.2803428e-05  7.7076211e-06  0.00011683426  1.8730028e-06  -1.0862093e-05  -3.6924784e-06  -0.00019230241  -5.4639996e-05  0.0000000   0.00018063999  0.00038233730  -0.0027275507  0.00010146513  1.8165504e-05  -6.9763336e-05  4.3779813e-05  0.00044713791  0.00027919506  -1.0069558e-05  -0.00011070469  2.1448341e-05  -0.00010284907  1.3607353e-05  -0.00020204117  0.00016462400  0.00018550200  2.7224475e-05  3.7910663e-05  1.8006187e-05  -1.2994172e-05  1.0311608e-05  5.2803428e-05  7.7076211e-06  0.00011683426  1.8730028e-06  -1.0862093e-05  -3.6924784e-06  
-0.00076233823  0.0010222552  -0.00018063999  0.0000000   0.0022425785  0.00038820220  -0.0012891299  -0.0017374162  -0.00083342790  9.4433874e-05  -0.00031989128  0.00053152558  2.4561410e-05  3.6198954e-07  0.00026660199  4.2803545e-05  -0.00013012059  -1.9189678e-05  -5.3240178e-06  3.9823235e-05  7.1014096e-06  -2.7083875e-05  9.6211657e-06  -1.1360944e-05  -0.00014206565  -1.8926367e-05  -8.3903299e-05  1.5841445e-05  -5.0134588e-05  -0.00011992971  -0.00010261893  -0.00076233823  0.0010222552  -0.00018063999  0.0000000   0.0022425785  0.00038820220  -0.0012891299  -0.0017374162  -0.00083342790  9.4433874e-05  -0.00031989128  0.00053152558  2.4561410e-05  3.6198954e-07  0.00026660199  4.2803545e-05  -0.00013012059  -1.9189678e-05  -5.3240178e-06  3.9823235e-05  7.1014096e-06  -2.7083875e-05  9.6211657e-06  -1.1360944e-05  -0.00014206565  -1.8926367e-05  -8.3903299e-05  1.5841445e-05  -5.0134588e-05  -0.00011992971  -0.00010261893  
0.00067689157  0.00069250032  -0.00038233730  -0.0022425785  0.0000000   -0.00028295296  -0.0021075027  -0.0010285060  0.00051859969  -2.8791535e-05  0.00017687007  -0.00032915370  -0.00014249709  1.3116082e-05  -0.00013204368  -3.2286491e-06  5.3759185e-05  3.0280514e-05  1.4290238e-05  2.5252827e-05  2.5990257e-05  3.8774591e-06  -8.4492351e-06  1.1326665e-05  -3.6025931e-05  -3.6217690e-05  -0.00012279670  1.9214122e-05  -2.3964474e-06  4.7674221e-05  3.3362116e-05  0.00067689157  0.00069250032  -0.00038233730  -0.0022425785  0.0000000   -0.00028295296  -0.0021075027  -0.0010285060  0.00051859969  -2.8791535e-05  0.00017687007  -0.00032915370  -0.00014249709  1.3116082e-05  -0.00013204368  -3.2286491e-06  5.3759185e-05  3.0280514e-05  1.4290238e-05  2.5252827e-05  2.5990257e-05  3.8774591e-06  -8.4492351e-06  1.1326665e-05  -3.6025931e-05  -3.6217690e-05  -0.00012279670  1.9214122e-05  -2.3964474e-06  4.7674221e-05  3.3362116e-05  
9.8373708e-05  3.2799855e-05  0.0027275507  -0.00038820220  0.00028295296  0.0000000   -0.00020109413  -0.00012429194  8.1338523e-05  0.00042025389  -0.00020706492  -0.00014127253  -4.0083346e-05  -7.7631726e-05  5.6681019e-06  -0.00033265258  4.1397617e-05  -0.00018718659  -5.5041322e-06  8.1848479e-05  -4.4492428e-05  -3.5522498e-05  6.7040088e-05  -1.7383391e-05  -3.2340928e-05  0.00013519746  -3.1382364e-05  -3.3356136e-05  -2.2924739e-05  5.5758710e-06  8.6210822e-06  9.8373708e-05  3.2799855e-05  0.0027275507  -0.00038820220  0.00028295296  0.0000000   -0.00020109413  -0.00012429194  8.1338523e-05  0.00042025389  -0.00020706492  -0.00014127253  -4.0083346e-05  -7.7631726e-05  5.6681019e-06  -0.00033265258  4.1397617e-05  -0.00018718659  -5.5041322e-06  8.1848479e-05  -4.4492428e-05  -3.5522498e-05  6.7040088e-05  -1.7383391e-05  -3.2340928e-05  0.00013519746  -3.1382364e-05  -3.3356136e-05  -2.2924739e-05  5.5758710e-06  8.6210822e-06  
-0.00038511243  0.00016939357  -0.00010146513  0.0012891299  0.0021075027  0.00020109413  0.0000000   0.0045088904  0.00063470247  -1.9204884e-05  -0.00024479205  0.00034470419  0.00020781550  9.2919616e-06  -0.00025515078  3.8250112e-05  -2.0596179e-06  1.6635371e-05  -8.5522527e-07  -1.9286644e-05  6.3873788e-06  4.5606474e-05  -2.4554776e-05  -1.9050998e-06  0.00022010125  -8.9763600e-07  -5.9978057e-05  6.7673808e-06  0.00018854373  -1.9828081e-05  3.5168992e-05  -0.00038511243  0.00016939357  -0.00010146513  0.0012891299  0.0021075027  0.00020109413  0.0000000   0.0045088904  0.00063470247  -1.9204884e-05  -0.00024479205  0.00034470419  0.00020781550  9.2919616e-06  -0.00025515078  3.8250112e-05  -2.0596179e-06  1.6635371e-05  -8.5522527e-07  -1.9286644e-05  6.3873788e-06  4.5606474e-05  -2.4554776e-05  -1.9050998e-06  0.00022010125  -8.9763600e-07  -5.9978057e-05  6.7673808e-06  0.00018854373  -1.9828081e-05  3.5168992e-05  
0.00038641948  0.00012114415  -1.8165504e-05  0.0017374162  0.0010285060  0.00012429194  -0.0045088904  0.0000000   0.0029461594  4.8793611e-05  0.00019735910  -0.00063954213  0.00022915613  3.6006123e-05  -0.00018464599  5.2560587e-05  0.00037399870  4.9162553e-05  -1.6257724e-05  -4.1395078e-05  -4.3540813e-05  2.8199581e-05  2.2990464e-05  7.9626095e-06  7.0598958e-05  -1.3841933e-05  5.7452535e-05  9.8341672e-06  4.8564753e-05  1.2417330e-05  -9.7827759e-05  0.00038641948  0.00012114415  -1.8165504e-05  0.0017374162  0.0010285060  0.00012429194  -0.0045088904  0.0000000   0.0029461594  4.8793611e-05  0.00019735910  -0.00063954213  0.00022915613  3.6006123e-05  -0.00018464599  5.2560587e-05  0.00037399870  4.9162553e-05  -1.6257724e-05  -4.1395078e-05  -4.3540813e-05  2.8199581e-05  2.2990464e-05  7.9626095e-06  7.0598958e-05  -1.3841933e-05  5.7452535e-05  9.8341672e-06  4.8564753e-05  1.2417330e-05  -9.7827759e-05  
0.00060442128  0.0010023991  6.9763336e-05  0.00083342790  -0.00051859969  -8.1338523e-05  -0.00063470247  -0.0029461594  0.0000000   6.0067413e-05  0.00025950705  -0.00049746124  0.00045255903  -2.5363645e-05  -0.00061545628  -5.7641679e-05  0.00039195214  -2.2208293e-05  -1.1525558e-05  -3.4178642e-05  -3.5559799e-05  2.7083295e-05  3.7039450e-05  4.9826218e-06  -6.2079397e-05  9.6064378e-06  3.9666814e-05  9.9254079e-06  -5.0591090e-05  -7.5333006e-06  -4.9899596e-05  0.00060442128  0.0010023991  6.9763336e-05  0.00083342790  -0.00051859969  -8.1338523e-05  -0.00063470247  -0.0029461594  0.0000000   6.0067413e-05  0.00025950705  -0.00049746124  0.00045255903  -2.5363645e-05  -0.00061545628  -5.7641679e-05  0.00039195214  -2.2208293e-05  -1.1525558e-05  -3.4178642e-05  -3.5559799e-05  2.7083295e-05  3.7039450e-05  4.9826218e-06  -6.2079397e-05  9.6064378e-06  3.9666814e-05  9.9254079e-06  -5.0591090e-05  -7.5333006e-06  -4.9899596e-05  
-5.8915711e-05  2.6302224e-05  -4.3779813e-05  -9.4433874e-05  2.8791535e-05  -0.00042025389  1.9204884e-05  -4.8793611e-05  -6.0067413e-05  0.0000000   0.00092658586  0.00046163620  2.3225549e-05  0.00057183890  -9.0595677e-05  0.00081617553  -0.00014990597  -0.00020106934  0.00033675318  -0.00038681421  0.00034069078  -0.00014109014  7.9056072e-05  -0.00023675305  3.3768801e-05  -0.00017812547  -7.0335442e-06  0.00011140409  5.1085163e-06  9.5077906e-06  1.4206368e-05  -5.8915711e-05  2.6302224e-05  -4.3779813e-05  -9.4433874e-05  2.8791535e-05  -0.00042025389  1.9204884e-05  -4.8793611e-05  -6.0067413e-05  0.0000000   0.00092658586  0.00046163620  2.3225549e-05  0.00057183890  -9.0595677e-05  0.00081617553  -0.00014990597  -0.00020106934  0.00033675318  -0.00038681421  0.00034069078  -0.00014109014  7.9056072e-05  -0.00023675305  3.3768801e-05  -0.00017812547  -7.0335442e-06  0.00011140409  5.1085163e-06  9.5077906e-06  1.4206368e-05  
4.3971558e-05  -0.00012860172  -0.00044713791  0.00031989128  -0.00017687007  0.00020706492  0.00024479205  -0.00019735910  -0.00025950705  -0.00092658586  0.0000000   0.00022558216  -0.00023412467  -0.00025958141  0.00048784745  -0.0016901204  0.00039236676  0.00047872763  8.6420971e-05  -0.00024883036  -0.00012239308  -0.00035923092  8.3131617e-05  0.00021726200  -0.00016988927  0.00023884403  0.00011257985  -3.3478193e-05  -4.9117866e-05  -2.1039119e-05  -8.5880583e-05  4.3971558e-05  -0.00012860172  -0.00044713791  0.00031989128  -0.00017687007  0.00020706492  0.00024479205  -0.00019735910  -0.00025950705  -0.00092658586  0.0000000   0.00022558216  -0.00023412467  -0.00025958141  0.00048784745  -0.0016901204  0.00039236676  0.00047872763  8.6420971e-05  -0.00024883036  -0.00012239308  -0.00035923092  8.3131617e-05  0.00021726200  -0.00016988927  0.00023884403  0.00011257985  -3.3478193e-05  -4.9117866e-05  -2.1039119e-05  -8.5880583e-05  
