0.0000000   -0.00074278350  0.00015350949  1.3005672e-05  -1.3388509e-05  -1.9127357e-05  -0.00069880854  7.0602457e-05  3.2863172e-05  -9.7506690e-05  -0.00027345613  -3.6490522e-05  3.7625460e-05  -2.0432128e-05  7.8711875e-06  9.3314723e-05  -0.00026406859  2.9302467e-06  4.5982825e-05  -1.1503514e-05  -4.3670247e-05  -8.0079798e-05  0.00014864672  -3.6860819e-05  7.9157997e-06  1.7146323e-05  1.3940942e-05  -5.3275506e-06  5.7615466e-06  2.5138244e-05  -1.0739208e-06  0.0000000   -0.00074278350  0.00015350949  1.3005672e-05  -1.3388509e-05  -1.9127357e-05  -0.00069880854  7.0602457e-05  3.2863172e-05  -9.7506690e-05  -0.00027345613  -3.6490522e-05  3.7625460e-05  -2.0432128e-05  7.8711875e-06  9.3314723e-05  -0.00026406859  2.9302467e-06  4.5982825e-05  -1.1503514e-05  -4.3670247e-05  -8.0079798e-05  0.00014864672  -3.6860819e-05  7.9157997e-06  1.7146323e-05  1.3940942e-05  -5.3275506e-06  5.7615466e-06  2.5138244e-05  -1.0739208e-06  
0.00074278350  0.0000000   2.8373483e-05  8.0445334e-05  0.00010332877  -7.7724595e-06  -0.00026712083  4.8095106e-05  -1.8083348e-05  -0.00037250206  0.00031032730  1.8723860e-05  -6.3946416e-05  -0.00014273982  2.2640042e-05  -4.9319062e-06  7.3952904e-05  -3.8319409e-06  5.1415832e-05  -3.8288957e-06  6.5800581e-05  -4.1999703e-05  -8.1426037e-05  9.7712394e-05  1.7014442e-05  0.00010125457  -1.3560214e-06  5.7275694e-06  1.0725483e-05  6.2473498e-05  -7.5999210e-06  0.00074278350  0.0000000   2.8373483e-05  8.0445334e-05  0.00010332877  -7.7724595e-06  -0.00026712083  4.8095106e-05  -1.8083348e-05  -0.00037250206  0.00031032730  1.8723860e-05  -6.3946416e-05  -0.00014273982  2.2640042e-05  -4.9319062e-06  7.3952904e-05  -3.8319409e-06  5.1415832e-05  -3.8288957e-06  6.5800581e-05  -4.1999703e-05  -8.1426037e-05  9.7712394e-05  1.7014442e-05  0.00010125457  -1.3560214e-06  5.7275694e-06  1.0725483e-05  6.2473498e-05  -7.5999210e-06  
-0.00015350949  -2.8373483e-05  0.0000000   0.00076233444  0.0021325843  0.00028235836  -2.8946230e-07  -0.00048158668  -0.00045488568  -1.1223356e-05  -2.8663800e-06  4.3016176e-05  -1.7028991e-05  -2.9638289e-06  0.00017725213  -1.8259835e-05  -1.2285093e-07  0.00010798259  5.8852901e-06  6.6227196e-05  5.3953602e-05  -2.5336962e-05  -3.4578032e-06  -1.6889463e-05  0.00011256287  -1.2380847e-05  -0.00021025397  -6.5998024e-05  -1.9436808e-05  -8.5307623e-09  3.2439912e-05  -0.00015350949  -2.8373483e-05  0.0000000   0.00076233444  0.0021325843  0.00028235836  -2.8946230e-07  -0.00048158668  -0.00045488568  -1.1223356e-05  -2.8663800e-06  4.3016176e-05  -1.7028991e-05  -2.9638289e-06  0.00017725213  -1.8259835e-05  -1.2285093e-07  0.00010798259  5.8852901e-06  6.6227196e-05  5.3953602e-05  -2.5336962e-05  -3.4578032e-06  -1.6889463e-05  0.00011256287  -1.2380847e-05  -0.00021025397  -6.5998024e-05  -1.9436808e-05  -8.5307623e-09  3.2439912e-05  
-1.3005672e-05  -8.0445334e-05  -0.00076233444  0.0000000   0.0029717946  0.00086104791  3.1823242e-05  -0.0014227425  5.5070641e-05  -1.8005738e-05  2.0777682e-05  0.00023509122  0.00018502118  5.2317259e-06  7.0292570e-05  -2.5322873e-05  -2.0126833e-06  0.00016269183  -6.4769490e-07  8.6868065e-05  -6.8617766e-05  -5.8706547e-05  6.0369422e-06  2.6899222e-05  -0.00029040410  1.7329929e-05  0.00016608378  -2.8924731e-05  -0.00015017205  -1.2432332e-05  -0.00011166894  -1.3005672e-05  -8.0445334e-05  -0.00076233444  0.0000000   0.0029717946  0.00086104791  3.1823242e-05  -0.0014227425  5.5070641e-05  -1.8005738e-05  2.0777682e-05  0.00023509122  0.00018502118  5.2317259e-06  7.0292570e-05  -2.5322873e-05  -2.0126833e-06  0.00016269183  -6.4769490e-07  8.6868065e-05  -6.8617766e-05  -5.8706547e-05  6.0369422e-06  2.6899222e-05  -0.00029040410  1.7329929e-05  0.00016608378  -2.8924731e-05  -0.00015017205  -1.2432332e-05  -0.00011166894  
1.3388509e-05  -0.00010332877  -0.0021325843  -0.0029717946  0.0000000   0.00072970305  -1.7968153e-05  -0.0011108121  0.00035091519  -2.5671155e-06  -3.3269485e-06  -0.00060936270  -0.00054365625  7.0108025e-06  -0.00027905567  3.4593416e-05  3.3198956e-05  1.2363037e-05  -1.1934336e-05  0.00010571815  -6.5841134e-05  -0.00030007268  3.0876481e-06  1.9497665e-05  -0.00016636993  3.9995390e-05  -6.8352007e-05  5.0099783e-05  -7.1108495e-05  -1.0698682e-05  7.1181891e-05  1.3388509e-05  -0.00010332877  -0.0021325843  -0.0029717946  0.0000000   0.00072970305  -1.7968153e-05  -0.0011108121  0.00035091519  -2.5671155e-06  -3.3269485e-06  -0.00060936270  -0.00054365625  7.0108025e-06  -0.00027905567  3.4593416e-05  3.3198956e-05  1.2363037e-05  -1.1934336e-05  0.00010571815  -6.5841134e-05  -0.00030007268  3.0876481e-06  1.9497665e-05  -0.00016636993  3.9995390e-05  -6.8352007e-05  5.0099783e-05  -7.1108495e-05  -1.0698682e-05  7.1181891e-05  
1.9127357e-05  7.7724595e-06  -0.00028235836  -0.00086104791  -0.00072970305  0.0000000   -6.2256108e-05  -0.0012439746  -0.00013820022  -2.4265097e-05  2.4185891e-05  -0.00012424758  0.00025033995  4.0953470e-05  -0.00025561534  5.0559364e-05  9.2740362e-06  6.4628936e-05  5.7056842e-07  -0.00011986037  -9.9323140e-05  -5.9810531e-05  2.5654285e-06  9.1458418e-06  -0.00017775486  3.3158527e-05  2.1672109e-06  1.2151947e-05  -8.1327917e-06  8.4159682e-06  9.5601869e-05  1.9127357e-05  7.7724595e-06  -0.00028235836  -0.00086104791  -0.00072970305  0.0000000   -6.2256108e-05  -0.0012439746  -0.00013820022  -2.4265097e-05  2.4185891e-05  -0.00012424758  0.00025033995  4.0953470e-05  -0.00025561534  5.0559364e-05  9.2740362e-06  6.4628936e-05  5.7056842e-07  -0.00011986037  -9.9323140e-05  -5.9810531e-05  2.5654285e-06  9.1458418e-06  -0.00017775486  3.3158527e-05  2.1672109e-06  1.2151947e-05  -8.1327917e-06  8.4159682e-06  9.5601869e-05  
0.00069880854  0.00026712083  2.8946230e-07  -3.1823242e-05  1.7968153e-05  6.2256108e-05  0.0000000   -1.6137690e-05  8.8601168e-05  -0.00022011734  -0.00028945355  -0.00010185162  8.8264578e-05  -0.00015818348  -2.9616943e-06  0.00018131683  -0.00018967201  -1.1275440e-05  3.6137041e-05  -3.4077747e-06  -9.0647023e-05  -2.1800136e-05  6.5127458e-05  -2.3525742e-06  3.1230085e-06  -7.4166492e-05  -4.9166170e-06  -5.3229375e-06  1.2214519e-06  8.6969346e-05  6.2992294e-06  0.00069880854  0.00026712083  2.8946230e-07  -3.1823242e-05  1.7968153e-05  6.2256108e-05  0.0000000   -1.6137690e-05  8.8601168e-05  -0.00022011734  -0.00028945355  -0.00010185162  8.8264578e-05  -0.00015818348  -2.9616943e-06  0.00018131683  -0.00018967201  -1.1275440e-05  3.6137041e-05  -3.4077747e-06  -9.0647023e-05  -2.1800136e-05  6.5127458e-05  -2.3525742e-06  3.1230085e-06  -7.4166492e-05  -4.9166170e-06  -5.3229375e-06  1.2214519e-06  8.6969346e-05  6.2992294e-06  
-7.0602457e-05  -4.8095106e-05  0.00048158668  0.0014227425  0.0011108121  0.0012439746  1.6137690e-05  0.0000000   0.0012506405  4.0731366e-05  6.1664600e-05  -0.00029434482  0.00015271064  -3.0202287e-05  0.00013707098  -5.6596454e-05  2.5702670e-05  0.00018727740  -6.7828787e-06  2.3067461e-05  6.4549849e-05  0.00034272410  -3.1168864e-05  1.7420707e-06  0.00010626635  2.8129815e-06  -4.4658012e-05  -1.7111466e-05  3.8908720e-05  -5.7154231e-07  1.5890005e-05  -7.0602457e-05  -4.8095106e-05  0.00048158668  0.0014227425  0.0011108121  0.0012439746  1.6137690e-05  0.0000000   0.0012506405  4.0731366e-05  6.1664600e-05  -0.00029434482  0.00015271064  -3.0202287e-05  0.00013707098  -5.6596454e-05  2.5702670e-05  0.00018727740  -6.7828787e-06  2.3067461e-05  6.4549849e-05  0.00034272410  -3.1168864e-05  1.7420707e-06  0.00010626635  2.8129815e-06  -4.4658012e-05  -1.7111466e-05  3.8908720e-05  -5.7154231e-07  1.5890005e-05  
-3.2863172e-05  1.8083348e-05  0.00045488568  -5.5070641e-05  -0.00035091519  0.00013820022  -8.8601168e-05  -0.0012506405  0.0000000   -5.8106275e-05  2.5955222e-05  -0.00027263455  1.8508912e-05  -2.3296517e-07  -2.3823396e-05  1.9928891e-05  1.9997331e-05  -4.8755558e-05  1.0031642e-06  0.00014003236  0.00020224921  0.00012076289  -1.1340048e-05  -2.7620839e-05  0.00015624496  -3.8498067e-06  -0.00021962428  9.7481099e-05  6.0036360e-05  -7.6567747e-07  -8.5577840e-06  -3.2863172e-05  1.8083348e-05  0.00045488568  -5.5070641e-05  -0.00035091519  0.00013820022  -8.8601168e-05  -0.0012506405  0.0000000   -5.8106275e-05  2.5955222e-05  -0.00027263455  1.8508912e-05  -2.3296517e-07  -2.3823396e-05  1.9928891e-05  1.9997331e-05  -4.8755558e-05  1.0031642e-06  0.00014003236  0.00020224921  0.00012076289  -1.1340048e-05  -2.7620839e-05  0.00015624496  -3.8498067e-06  -0.00021962428  9.7481099e-05  6.0036360e-05  -7.6567747e-07  -8.5577840e-06  
9.7506690e-05  0.00037250206  1.1223356e-05  1.8005738e-05  2.5671155e-06  2.4265097e-05  0.00022011734  -4.0731366e-05  5.8106275e-05  0.0000000   -0.00062440007  0.00016665356  -0.00023451520  0.0010224124  0.00014957455  0.00079873524  6.6416394e-05  4.2235201e-05  0.00039184987  3.4704661e-05  0.00010316284  -0.00015270516  0.00017567810  -0.00020443204  -3.7813627e-05  -0.00021557609  -1.9138317e-05  4.1218984e-05  -1.1983041e-05  -0.00014008244  -6.0637430e-06  9.7506690e-05  0.00037250206  1.1223356e-05  1.8005738e-05  2.5671155e-06  2.4265097e-05  0.00022011734  -4.0731366e-05  5.8106275e-05  0.0000000   -0.00062440007  0.00016665356  -0.00023451520  0.0010224124  0.00014957455  0.00079873524  6.6416394e-05  4.2235201e-05  0.00039184987  3.4704661e-05  0.00010316284  -0.00015270516  0.00017567810  -0.00020443204  -3.7813627e-05  -0.00021557609  -1.9138317e-05  4.1218984e-05  -1.1983041e-05  -0.00014008244  -6.0637430e-06  
0.00027345613  -0.00031032730  2.8663800e-06  -2.0777682e-05  3.3269485e-06  -2.4185891e-05  0.00028945355  -6.1664600e-05  -2.5955222e-05  0.00062440007  0.0000000   -0.00027808375  4.8840147e-05  0.00070064653  7.3746881e-05  -5.8301359e-05  0.00041614816  -8.0954370e-05  0.00019181276  3.6511402e-05  -7.1038531e-05  -6.1284694e-05  0.00013187047  -3.4259700e-05  5.0189038e-05  0.00020114643  -8.3587022e-06  -6.6253868e-06  6.6135483e-06  1.7500353e-05  5.3572732e-06  0.00027345613  -0.00031032730  2.8663800e-06  -2.0777682e-05  3.3269485e-06  -2.4185891e-05  0.00028945355  -6.1664600e-05  -2.5955222e-05  0.00062440007  0.0000000   -0.00027808375  4.8840147e-05  0.00070064653  7.3746881e-05  -5.8301359e-05  0.00041614816  -8.0954370e-05  0.00019181276  3.6511402e-05  -7.1038531e-05  -6.1284694e-05  0.00013187047  -3.4259700e-05  5.0189038e-05  0.00020114643  -8.3587022e-06  -6.6253868e-06  6.6135483e-06  1.7500353e-05  5.3572732e-06  
3.6490522e-05  -1.8723860e-05  -4.3016176e-05  -0.00023509122  0.00060936270  0.00012424758  0.00010185162  0.00029434482  0.00027263455  -0.00016665356  0.00027808375  0.0000000   0.0062015783  6.0709357e-05  -0.0019561134  0.00010303949  0.00029746683  -0.00011568011  0.00014142117  -0.00010399355  -0.00015320432  -3.1884494e-05  -6.0404582e-05  9.5482482e-06  0.00020685059  -6.9692406e-05  0.00011256545  -0.00049546479  -5.4487491e-05  -9.7769728e-07  0.00025629879  3.6490522e-05  -1.8723860e-05  -4.3016176e-05  -0.00023509122  0.00060936270  0.00012424758  0.00010185162  0.00029434482  0.00027263455  -0.00016665356  0.00027808375  0.0000000   0.0062015783  6.0709357e-05  -0.0019561134  0.00010303949  0.00029746683  -0.00011568011  0.00014142117  -0.00010399355  -0.00015320432  -3.1884494e-05  -6.0404582e-05  9.5482482e-06  0.00020685059  -6.9692406e-05  0.00011256545  -0.00049546479  -5.4487491e-05  -9.7769728e-07  0.00025629879  
-3.7625460e-05  6.3946416e-05  1.7028991e-05  -0.00018502118  0.00054365625  -0.00025033995  -8.8264578e-05  -0.00015271064  -1.8508912e-05  0.00023451520  -4.8840147e-05  -0.0062015783  0.0000000   3.7873812e-05  0.0012285201  0.00020557728  2.3915253e-05  -0.00057374975  3.8639319e-05  -0.00022677090  0.00038856442  0.00018616207  -4.4291535e-05  -3.8081061e-05  0.00022074970  -5.9967506e-05  -0.00013314807  -0.00018932906  0.00021061436  6.9240463e-06  0.00011111465  -3.7625460e-05  6.3946416e-05  1.7028991e-05  -0.00018502118  0.00054365625  -0.00025033995  -8.8264578e-05  -0.00015271064  -1.8508912e-05  0.00023451520  -4.8840147e-05  -0.0062015783  0.0000000   3.7873812e-05  0.0012285201  0.00020557728  2.3915253e-05  -0.00057374975  3.8639319e-05  -0.00022677090  0.00038856442  0.00018616207  -4.4291535e-05  -3.8081061e-05  0.00022074970  -5.9967506e-05  -0.00013314807  -0.00018932906  0.00021061436  6.9240463e-06  0.00011111465  
2.0432128e-05  0.00014273982  2.9638289e-06  -5.2317259e-06  -7.0108025e-06  -4.0953470e-05  0.00015818348  3.0202287e-05  2.3296517e-07  -0.0010224124  -0.00070064653  -6.0709357e-05  -3.7873812e-05  0.0000000   8.3725771e-05  6.0046484e-05  0.0022314958  -8.9734208e-06  0.00046639990  1.6875020e-05  -1.7750784e-05  -7.3675985e-05  -0.00046193282  -6.1824691e-05  -4.4059774e-06  -4.5379694e-05  1.5113835e-06  3.1497839e-06  -9.6526304e-06  1.4724256e-05  3.3882113e-06  2.0432128e-05  0.00014273982  2.9638289e-06  -5.2317259e-06  -7.0108025e-06  -4.0953470e-05  0.00015818348  3.0202287e-05  2.3296517e-07  -0.0010224124  -0.00070064653  -6.0709357e-05  -3.7873812e-05  0.0000000   8.3725771e-05  6.0046484e-05  0.0022314958  -8.9734208e-06  0.00046639990  1.6875020e-05  -1.7750784e-05  -7.3675985e-05  -0.00046193282  -6.1824691e-05  -4.4059774e-06  -4.5379694e-05  1.5113835e-06  3.1497839e-06  -9.6526304e-06  1.4724256e-05  3.3882113e-06  
-7.8711875e-06  -2.2640042e-05  -0.00017725213  -7.0292570e-05  0.00027905567  0.00025561534  2.9616943e-06  -0.00013707098  2.3823396e-05  -0.00014957455  -7.3746881e-05  0.0019561134  -0.0012285201  -8.3725771e-05  0.0000000   -0.00021326657  0.00023514756  0.0019037465  0.00014543703  -0.0010549425  0.00063660017  0.00037618714  -6.4729138e-05  7.6338019e-05  -9.0050991e-05  -3.5052432e-05  0.00024616962  7.1130717e-05  0.00015414497  -1.0392063e-05  -0.00012803379  -7.8711875e-06  -2.2640042e-05  -0.00017725213  -7.0292570e-05  0.00027905567  0.00025561534  2.9616943e-06  -0.00013707098  2.3823396e-05  -0.00014957455  -7.3746881e-05  0.0019561134  -0.0012285201  -8.3725771e-05  0.0000000   -0.00021326657  0.00023514756  0.0019037465  0.00014543703  -0.0010549425  0.00063660017  0.00037618714  -6.4729138e-05  7.6338019e-05  -9.0050991e-05  -3.5052432e-05  0.00024616962  7.1130717e-05  0.00015414497  -1.0392063e-05  -0.00012803379  
-9.3314723e-05  4.9319062e-06  1.8259835e-05  2.5322873e-05  -3.4593416e-05  -5.0559364e-05  -0.00018131683  5.6596454e-05  -1.9928891e-05  -0.00079873524  5.8301359e-05  -0.00010303949  -0.00020557728  -6.0046484e-05  0.00021326657  0.0000000   0.0025768899  -0.00015354142  0.0012024277  9.4837642e-05  -7.1694592e-05  8.7863018e-05  -0.00025805717  0.00049838622  -8.5301034e-06  -0.00020377917  -3.6101576e-05  1.0622943e-05  -1.9363510e-05  -0.00018717201  1.7075836e-06  -9.3314723e-05  4.9319062e-06  1.8259835e-05  2.5322873e-05  -3.4593416e-05  -5.0559364e-05  -0.00018131683  5.6596454e-05  -1.9928891e-05  -0.00079873524  5.8301359e-05  -0.00010303949  -0.00020557728  -6.0046484e-05  0.00021326657  0.0000000   0.0025768899  -0.00015354142  0.0012024277  9.4837642e-05  -7.1694592e-05  8.7863018e-05  -0.00025805717  0.00049838622  -8.5301034e-06  -0.00020377917  -3.6101576e-05  1.0622943e-05  -1.9363510e-05  -0.00018717201  1.7075836e-06  
0.00026406859  -7.3952904e-05  1.2285093e-07  2.0126833e-06  -3.3198956e-05  -9.2740362e-06  0.00018967201  -2.5702670e-05  -1.9997331e-05  -6.6416394e-05  -0.00041614816  -0.00029746683  -2.3915253e-05  -0.0022314958  -0.00023514756  -0.0025768899  0.0000000   -0.00016744462  -0.00041061871  -8.6778212e-06  0.00018618794  -4.1920969e-05  -0.0010487374  0.00015351591  -5.0568887e-05  -0.00013275428  -2.0347663e-05  -8.1656247e-07  8.0307043e-06  5.2681342e-05  8.1503240e-06  0.00026406859  -7.3952904e-05  1.2285093e-07  2.0126833e-06  -3.3198956e-05  -9.2740362e-06  0.00018967201  -2.5702670e-05  -1.9997331e-05  -6.6416394e-05  -0.00041614816  -0.00029746683  -2.3915253e-05  -0.0022314958  -0.00023514756  -0.0025768899  0.0000000   -0.00016744462  -0.00041061871  -8.6778212e-06  0.00018618794  -4.1920969e-05  -0.0010487374  0.00015351591  -5.0568887e-05  -0.00013275428  -2.0347663e-05  -8.1656247e-07  8.0307043e-06  5.2681342e-05  8.1503240e-06  
-2.9302467e-06  3.8319409e-06  -0.00010798259  -0.00016269183  -1.2363037e-05  -6.4628936e-05  1.1275440e-05  -0.00018727740  4.8755558e-05  -4.2235201e-05  8.0954370e-05  0.00011568011  0.00057374975  8.9734208e-06  -0.0019037465  0.00015354142  0.00016744462  0.0000000   2.4207257e-06  0.0013612690  -0.00020264472  -0.00074736118  2.9899692e-05  -2.1335578e-05  0.00013124910  -2.1138625e-05  -0.00022251722  0.00016557252  2.8768703e-06  -1.1190600e-05  7.1380770e-05  -2.9302467e-06  3.8319409e-06  -0.00010798259  -0.00016269183  -1.2363037e-05  -6.4628936e-05  1.1275440e-05  -0.00018727740  4.8755558e-05  -4.2235201e-05  8.0954370e-05  0.00011568011  0.00057374975  8.9734208e-06  -0.0019037465  0.00015354142  0.00016744462  0.0000000   2.4207257e-06  0.0013612690  -0.00020264472  -0.00074736118  2.9899692e-05  -2.1335578e-05  0.00013124910  -2.1138625e-05  -0.00022251722  0.00016557252  2.8768703e-06  -1.1190600e-05  7.1380770e-05  
-4.5982825e-05  -5.1415832e-05  -5.8852901e-06  6.4769490e-07  1.1934336e-05  -5.7056842e-07  -3.6137041e-05  6.7828787e-06  -1.0031642e-06  -0.00039184987  -0.00019181276  -0.00014142117  -3.8639319e-05  -0.00046639990  -0.00014543703  -0.0012024277  0.00041061871  -2.4207257e-06  0.0000000   4.7337980e-05  0.00036581023  0.00030919675  -0.00038543831  6.4477404e-05  -9.1633133e-05  -0.00064162050  -3.3119599e-05  1.0342021e-05  -9.7356868e-06  -6.0144379e-05  1.3892782e-05  -4.5982825e-05  -5.1415832e-05  -5.8852901e-06  6.4769490e-07  1.1934336e-05  -5.7056842e-07  -3.6137041e-05  6.7828787e-06  -1.0031642e-06  -0.00039184987  -0.00019181276  -0.00014142117  -3.8639319e-05  -0.00046639990  -0.00014543703  -0.0012024277  0.00041061871  -2.4207257e-06  0.0000000   4.7337980e-05  0.00036581023  0.00030919675  -0.00038543831  6.4477404e-05  -9.1633133e-05  -0.00064162050  -3.3119599e-05  1.0342021e-05  -9.7356868e-06  -6.0144379e-05  1.3892782e-05  
1.1503514e-05  3.8288957e-06  -6.6227196e-05  -8.6868065e-05  -0.00010571815  0.00011986037  3.4077747e-06  -2.3067461e-05  -0.00014003236  -3.4704661e-05  -3.6511402e-05  0.00010399355  0.00022677090  -1.6875020e-05  0.0010549425  -9.4837642e-05  8.6778212e-06  -0.0013612690  -4.7337980e-05  0.0000000   -0.0015341796  0.00034379298  -4.6140898e-05  1.3778281e-05  -0.00029988521  -4.2423675e-05  -0.00010763859  -0.00040400494  1.9604775e-05  -2.2587956e-06  -0.00022771451  1.1503514e-05  3.8288957e-06  -6.6227196e-05  -8.6868065e-05  -0.00010571815  0.00011986037  3.4077747e-06  -2.3067461e-05  -0.00014003236  -3.4704661e-05  -3.6511402e-05  0.00010399355  0.00022677090  -1.6875020e-05  0.0010549425  -9.4837642e-05  8.6778212e-06  -0.0013612690  -4.7337980e-05  0.0000000   -0.0015341796  0.00034379298  -4.6140898e-05  1.3778281e-05  -0.00029988521  -4.2423675e-05  -0.00010763859  -0.00040400494  1.9604775e-05  -2.2587956e-06  -0.00022771451  
4.3670247e-05  -6.5800581e-05  -5.3953602e-05  6.8617766e-05  6.5841134e-05  9.9323140e-05  9.0647023e-05  -6.4549849e-05  -0.00020224921  -0.00010316284  7.1038531e-05  0.00015320432  -0.00038856442  1.7750784e-05  -0.00063660017  7.1694592e-05  -0.00018618794  0.00020264472  -0.00036581023  0.0015341796  0.0000000   0.015781168  -0.00037338243  -6.1655463e-05  0.00051824475  -0.00036091482  0.00014395334  0.00010601481  0.00028121396  0.00011677140  5.1270305e-05  4.3670247e-05  -6.5800581e-05  -5.3953602e-05  6.8617766e-05  6.5841134e-05  9.9323140e-05  9.0647023e-05  -6.4549849e-05  -0.00020224921  -0.00010316284  7.1038531e-05  0.00015320432  -0.00038856442  1.7750784e-05  -0.00063660017  7.1694592e-05  -0.00018618794  0.00020264472  -0.00036581023  0.0015341796  0.0000000   0.015781168  -0.00037338243  -6.1655463e-05  0.00051824475  -0.00036091482  0.00014395334  0.00010601481  0.00028121396  0.00011677140  5.1270305e-05  
8.0079798e-05  4.1999703e-05  2.5336962e-05  5.8706547e-05  0.00030007268  5.9810531e-05  2.1800136e-05  -0.00034272410  -0.00012076289  0.00015270516  6.1284694e-05  3.1884494e-05  -0.00018616207  7.3675985e-05  -0.00037618714  -8.7863018e-05  4.1920969e-05  0.00074736118  -0.00030919675  -0.00034379298  -0.015781168  0.0000000   -0.00032939944  -0.00017580490  0.00076710642  -0.00014431271  0.00025276870  -7.1436849e-05  0.00036043377  3.7724399e-05  0.00016264461  8.0079798e-05  4.1999703e-05  2.5336962e-05  5.8706547e-05  0.00030007268  5.9810531e-05  2.1800136e-05  -0.00034272410  -0.00012076289  0.00015270516  6.1284694e-05  3.1884494e-05  -0.00018616207  7.3675985e-05  -0.00037618714  -8.7863018e-05  4.1920969e-05  0.00074736118  -0.00030919675  -0.00034379298  -0.015781168  0.0000000   -0.00032939944  -0.00017580490  0.00076710642  -0.00014431271  0.00025276870  -7.1436849e-05  0.00036043377  3.7724399e-05  0.00016264461  
-0.00014864672  8.1426037e-05  3.4578032e-06  -6.0369422e-06  -3.0876481e-06  -2.5654285e-06  -6.5127458e-05  3.1168864e-05  1.1340048e-05  -0.00017567810  -0.00013187047  6.0404582e-05  4.4291535e-05  0.00046193282  6.4729138e-05  0.00025805717  0.0010487374  -2.9899692e-05  0.00038543831  4.6140898e-05  0.00037338243  0.00032939944  0.0000000   -0.00056553971  -5.0598820e-05  -8.3208753e-05  2.7521352e-05  -3.3973814e-05  -5.8490354e-06  0.00011391692  4.0980556e-06  -0.00014864672  8.1426037e-05  3.4578032e-06  -6.0369422e-06  -3.0876481e-06  -2.5654285e-06  -6.5127458e-05  3.1168864e-05  1.1340048e-05  -0.00017567810  -0.00013187047  6.0404582e-05  4.4291535e-05  0.00046193282  6.4729138e-05  0.00025805717  0.0010487374  -2.9899692e-05  0.00038543831  4.6140898e-05  0.00037338243  0.00032939944  0.0000000   -0.00056553971  -5.0598820e-05  -8.3208753e-05  2.7521352e-05  -3.3973814e-05  -5.8490354e-06  0.00011391692  4.0980556e-06  
3.6860819e-05  -9.7712394e-05  1.6889463e-05  -2.6899222e-05  -1.9497665e-05  -9.1458418e-06  2.3525742e-06  -1.7420707e-06  2.7620839e-05  0.00020443204  3.4259700e-05  -9.5482482e-06  3.8081061e-05  6.1824691e-05  -7.6338019e-05  -0.00049838622  -0.00015351591  2.1335578e-05  -6.4477404e-05  -1.3778281e-05  6.1655463e-05  0.00017580490  0.00056553971  0.0000000   -0.00037704480  -0.0032358244  -0.00012240864  2.9104069e-05  3.2084211e-05  0.00032171951  -2.8955200e-06  3.6860819e-05  -9.7712394e-05  1.6889463e-05  -2.6899222e-05  -1.9497665e-05  -9.1458418e-06  2.3525742e-06  -1.7420707e-06  2.7620839e-05  0.00020443204  3.4259700e-05  -9.5482482e-06  3.8081061e-05  6.1824691e-05  -7.6338019e-05  -0.00049838622  -0.00015351591  2.1335578e-05  -6.4477404e-05  -1.3778281e-05  6.1655463e-05  0.00017580490  0.00056553971  0.0000000   -0.00037704480  -0.0032358244  -0.00012240864  2.9104069e-05  3.2084211e-05  0.00032171951  -2.8955200e-06  
-7.9157997e-06  -1.7014442e-05  -0.00011256287  0.00029040410  0.00016636993  0.00017775486  -3.1230085e-06  -0.00010626635  -0.00015624496  3.7813627e-05  -5.0189038e-05  -0.00020685059  -0.00022074970  4.4059774e-06  9.0050991e-05  8.5301034e-06  5.0568887e-05  -0.00013124910  9.1633133e-05  0.00029988521  -0.00051824475  -0.00076710642  5.0598820e-05  0.00037704480  0.0000000   -0.00016112017  0.00034004042  -0.00074090728  0.00077521493  1.4657788e-05  0.00015826066  -7.9157997e-06  -1.7014442e-05  -0.00011256287  0.00029040410  0.00016636993  0.00017775486  -3.1230085e-06  -0.00010626635  -0.00015624496  3.7813627e-05  -5.0189038e-05  -0.00020685059  -0.00022074970  4.4059774e-06  9.0050991e-05  8.5301034e-06  5.0568887e-05  -0.00013124910  9.1633133e-05  0.00029988521  -0.00051824475  -0.00076710642  5.0598820e-05  0.00037704480  0.0000000   -0.00016112017  0.00034004042  -0.00074090728  0.00077521493  1.4657788e-05  0.00015826066  
-1.7146323e-05  -0.00010125457  1.2380847e-05  -1.7329929e-05  -3.9995390e-05  -3.3158527e-05  7.4166492e-05  -2.8129815e-06  3.8498067e-06  0.00021557609  -0.00020114643  6.9692406e-05  5.9967506e-05  4.5379694e-05  3.5052432e-05  0.00020377917  0.00013275428  2.1138625e-05  0.00064162050  4.2423675e-05  0.00036091482  0.00014431271  8.3208753e-05  0.0032358244  0.00016112017  0.0000000   -0.00018106107  0.00014657079  -6.3264098e-05  -0.00016905380  -5.1150744e-05  -1.7146323e-05  -0.00010125457  1.2380847e-05  -1.7329929e-05  -3.9995390e-05  -3.3158527e-05  7.4166492e-05  -2.8129815e-06  3.8498067e-06  0.00021557609  -0.00020114643  6.9692406e-05  5.9967506e-05  4.5379694e-05  3.5052432e-05  0.00020377917  0.00013275428  2.1138625e-05  0.00064162050  4.2423675e-05  0.00036091482  0.00014431271  8.3208753e-05  0.0032358244  0.00016112017  0.0000000   -0.00018106107  0.00014657079  -6.3264098e-05  -0.00016905380  -5.1150744e-05  
-1.3940942e-05  1.3560214e-06  0.00021025397  -0.00016608378  6.8352007e-05  -2.1672109e-06  4.9166170e-06  4.4658012e-05  0.00021962428  1.9138317e-05  8.3587022e-06  -0.00011256545  0.00013314807  -1.5113835e-06  -0.00024616962  3.6101576e-05  2.0347663e-05  0.00022251722  3.3119599e-05  0.00010763859  -0.00014395334  -0.00025276870  -2.7521352e-05  0.00012240864  -0.00034004042  0.00018106107  0.0000000   -0.0017100478  0.00088043852  4.0074134e-05  0.00072878478  -1.3940942e-05  1.3560214e-06  0.00021025397  -0.00016608378  6.8352007e-05  -2.1672109e-06  4.9166170e-06  4.4658012e-05  0.00021962428  1.9138317e-05  8.3587022e-06  -0.00011256545  0.00013314807  -1.5113835e-06  -0.00024616962  3.6101576e-05  2.0347663e-05  0.00022251722  3.3119599e-05  0.00010763859  -0.00014395334  -0.00025276870  -2.7521352e-05  0.00012240864  -0.00034004042  0.00018106107  0.0000000   -0.0017100478  0.00088043852  4.0074134e-05  0.00072878478  
5.3275506e-06  -5.7275694e-06  6.5998024e-05  2.8924731e-05  -5.0099783e-05  -1.2151947e-05  5.3229375e-06  1.7111466e-05  -9.7481099e-05  -4.1218984e-05  6.6253868e-06  0.00049546479  0.00018932906  -3.1497839e-06  -7.1130717e-05  -1.0622943e-05  8.1656247e-07  -0.00016557252  -1.0342021e-05  0.00040400494  -0.00010601481  7.1436849e-05  3.3973814e-05  -2.9104069e-05  0.00074090728  -0.00014657079  0.0017100478  0.0000000   0.0024443339  3.2346530e-05  8.4461418e-05  5.3275506e-06  -5.7275694e-06  6.5998024e-05  2.8924731e-05  -5.0099783e-05  -1.2151947e-05  5.3229375e-06  1.7111466e-05  -9.7481099e-05  -4.1218984e-05  6.6253868e-06  0.00049546479  0.00018932906  -3.1497839e-06  -7.1130717e-05  -1.0622943e-05  8.1656247e-07  -0.00016557252  -1.0342021e-05  0.00040400494  -0.00010601481  7.1436849e-05  3.3973814e-05  -2.9104069e-05  0.00074090728  -0.00014657079  0.0017100478  0.0000000   0.0024443339  3.2346530e-05  8.4461418e-05  
-5.7615466e-06  -1.0725483e-05  1.9436808e-05  0.00015017205  7.1108495e-05  8.1327917e-06  -1.2214519e-06  -3.8908720e-05  -6.0036360e-05  1.1983041e-05  -6.6135483e-06  5.4487491e-05  -0.00021061436  9.6526304e-06  -0.00015414497  1.9363510e-05  -8.0307043e-06  -2.8768703e-06  9.7356868e-06  -1.9604775e-05  -0.00028121396  -0.00036043377  5.8490354e-06  -3.2084211e-05  -0.00077521493  6.3264098e-05  -0.00088043852  -0.0024443339  0.0000000   -2.4944966e-05  -0.00031276012  -5.7615466e-06  -1.0725483e-05  1.9436808e-05  0.00015017205  7.1108495e-05  8.1327917e-06  -1.2214519e-06  -3.8908720e-05  -6.0036360e-05  1.1983041e-05  -6.6135483e-06  5.4487491e-05  -0.00021061436  9.6526304e-06  -0.00015414497  1.9363510e-05  -8.0307043e-06  -2.8768703e-06  9.7356868e-06  -1.9604775e-05  -0.00028121396  -0.00036043377  5.8490354e-06  -3.2084211e-05  -0.00077521493  6.3264098e-05  -0.00088043852  -0.0024443339  0.0000000   -2.4944966e-05  -0.00031276012  
-2.5138244e-05  -6.2473498e-05  8.5307623e-09  1.2432332e-05  1.0698682e-05  -8.4159682e-06  -8.6969346e-05  5.7154231e-07  7.6567747e-07  0.00014008244  -1.7500353e-05  9.7769728e-07  -6.9240463e-06  -1.4724256e-05  1.0392063e-05  0.00018717201  -5.2681342e-05  1.1190600e-05  6.0144379e-05  2.2587956e-06  -0.00011677140  -3.7724399e-05  -0.00011391692  -0.00032171951  -1.4657788e-05  0.00016905380  -4.0074134e-05  -3.2346530e-05  2.4944966e-05  0.0000000   -1.3475618e-05  -2.5138244e-05  -6.2473498e-05  8.5307623e-09  1.2432332e-05  1.0698682e-05  -8.4159682e-06  -8.6969346e-05  5.7154231e-07  7.6567747e-07  0.00014008244  -1.7500353e-05  9.7769728e-07  -6.9240463e-06  -1.4724256e-05  1.0392063e-05  0.00018717201  -5.2681342e-05  1.1190600e-05  6.0144379e-05  2.2587956e-06  -0.00011677140  -3.7724399e-05  -0.00011391692  -0.00032171951  -1.4657788e-05  0.00016905380  -4.0074134e-05  -3.2346530e-05  2.4944966e-05  0.0000000   -1.3475618e-05  
1.0739208e-06  7.5999210e-06  -3.2439912e-05  0.00011166894  -7.1181891e-05  -9.5601869e-05  -6.2992294e-06  -1.5890005e-05  8.5577840e-06  6.0637430e-06  -5.3572732e-06  -0.00025629879  -0.00011111465  -3.3882113e-06  0.00012803379  -1.7075836e-06  -8.1503240e-06  -7.1380770e-05  -1.3892782e-05  0.00022771451  -5.1270305e-05  -0.00016264461  -4.0980556e-06  2.8955200e-06  -0.00015826066  5.1150744e-05  -0.00072878478  -8.4461418e-05  0.00031276012  1.3475618e-05  0.0000000   1.0739208e-06  7.5999210e-06  -3.2439912e-05  0.00011166894  -7.1181891e-05  -9.5601869e-05  -6.2992294e-06  -1.5890005e-05  8.5577840e-06  6.0637430e-06  -5.3572732e-06  -0.00025629879  -0.00011111465  -3.3882113e-06  0.00012803379  -1.7075836e-06  -8.1503240e-06  -7.1380770e-05  -1.3892782e-05  0.00022771451  -5.1270305e-05  -0.00016264461  -4.0980556e-06  2.8955200e-06  -0.00015826066  5.1150744e-05  -0.00072878478  -8.4461418e-05  0.00031276012  1.3475618e-05  0.0000000   
0.0000000   -0.00074278350  0.00015350949  1.3005672e-05  -1.3388509e-05  -1.9127357e-05  -0.00069880854  7.0602457e-05  3.2863172e-05  -9.7506690e-05  -0.00027345613  -3.6490522e-05  3.7625460e-05  -2.0432128e-05  7.8711875e-06  9.3314723e-05  -0.00026406859  2.9302467e-06  4.5982825e-05  -1.1503514e-05  -4.3670247e-05  -8.0079798e-05  0.00014864672  -3.6860819e-05  7.9157997e-06  1.7146323e-05  1.3940942e-05  -5.3275506e-06  5.7615466e-06  2.5138244e-05  -1.0739208e-06  0.0000000   -0.00074278350  0.00015350949  1.3005672e-05  -1.3388509e-05  -1.9127357e-05  -0.00069880854  7.0602457e-05  3.2863172e-05  -9.7506690e-05  -0.00027345613  -3.6490522e-05  3.7625460e-05  -2.0432128e-05  7.8711875e-06  9.3314723e-05  -0.00026406859  2.9302467e-06  4.5982825e-05  -1.1503514e-05  -4.3670247e-05  -8.0079798e-05  0.00014864672  -3.6860819e-05  7.9157997e-06  1.7146323e-05  1.3940942e-05  -5.3275506e-06  5.7615466e-06  2.5138244e-05  -1.0739208e-06  
0.00074278350  0.0000000   2.8373483e-05  8.0445334e-05  0.00010332877  -7.7724595e-06  -0.00026712083  4.8095106e-05  -1.8083348e-05  -0.00037250206  0.00031032730  1.8723860e-05  -6.3946416e-05  -0.00014273982  2.2640042e-05  -4.9319062e-06  7.3952904e-05  -3.8319409e-06  5.1415832e-05  -3.8288957e-06  6.5800581e-05  -4.1999703e-05  -8.1426037e-05  9.7712394e-05  1.7014442e-05  0.00010125457  -1.3560214e-06  5.7275694e-06  1.0725483e-05  6.2473498e-05  -7.5999210e-06  0.00074278350  0.0000000   2.8373483e-05  8.0445334e-05  0.00010332877  -7.7724595e-06  -0.00026712083  4.8095106e-05  -1.8083348e-05  -0.00037250206  0.00031032730  1.8723860e-05  -6.3946416e-05  -0.00014273982  2.2640042e-05  -4.9319062e-06  7.3952904e-05  -3.8319409e-06  5.1415832e-05  -3.8288957e-06  6.5800581e-05  -4.1999703e-05  -8.1426037e-05  9.7712394e-05  1.7014442e-05  0.00010125457  -1.3560214e-06  5.7275694e-06  1.0725483e-05  6.2473498e-05  -7.5999210e-06  
-0.00015350949  -2.8373483e-05  0.0000000   0.00076233444  0.0021325843  0.00028235836  -2.8946230e-07  -0.00048158668  -0.00045488568  -1.1223356e-05  -2.8663800e-06  4.3016176e-05  -1.7028991e-05  -2.9638289e-06  0.00017725213  -1.8259835e-05  -1.2285093e-07  0.00010798259  5.8852901e-06  6.6227196e-05  5.3953602e-05  -2.5336962e-05  -3.4578032e-06  -1.6889463e-05  0.00011256287  -1.2380847e-05  -0.00021025397  -6.5998024e-05  -1.9436808e-05  -8.5307623e-09  3.2439912e-05  -0.00015350949  -2.8373483e-05  0.0000000   0.00076233444  0.0021325843  0.00028235836  -2.8946230e-07  -0.00048158668  -0.00045488568  -1.1223356e-05  -2.8663800e-06  4.3016176e-05  -1.7028991e-05  -2.9638289e-06  0.00017725213  -1.8259835e-05  -1.2285093e-07  0.00010798259  5.8852901e-06  6.6227196e-05  5.3953602e-05  -2.5336962e-05  -3.4578032e-06  -1.6889463e-05  0.00011256287  -1.2380847e-05  -0.00021025397  -6.5998024e-05  -1.9436808e-05  -8.5307623e-09  3.2439912e-05  
-1.3005672e-05  -8.0445334e-05  -0.00076233444  0.0000000   0.0029717946  0.00086104791  3.1823242e-05  -0.0014227425  5.5070641e-05  -1.8005738e-05  2.0777682e-05  0.00023509122  0.00018502118  5.2317259e-06  7.0292570e-05  -2.5322873e-05  -2.0126833e-06  0.00016269183  -6.4769490e-07  8.6868065e-05  -6.8617766e-05  -5.8706547e-05  6.0369422e-06  2.6899222e-05  -0.00029040410  1.7329929e-05  0.00016608378  -2.8924731e-05  -0.00015017205  -1.2432332e-05  -0.00011166894  -1.3005672e-05  -8.0445334e-05  -0.00076233444  0.0000000   0.0029717946  0.00086104791  3.1823242e-05  -0.0014227425  5.5070641e-05  -1.8005738e-05  2.0777682e-05  0.00023509122  0.00018502118  5.2317259e-06  7.0292570e-05  -2.5322873e-05  -2.0126833e-06  0.00016269183  -6.4769490e-07  8.6868065e-05  -6.8617766e-05  -5.8706547e-05  6.0369422e-06  2.6899222e-05  -0.00029040410  1.7329929e-05  0.00016608378  -2.8924731e-05  -0.00015017205  -1.2432332e-05  -0.00011166894  
1.3388509e-05  -0.00010332877  -0.0021325843  -0.0029717946  0.0000000   0.00072970305  -1.7968153e-05  -0.0011108121  0.00035091519  -2.5671155e-06  -3.3269485e-06  -0.00060936270  -0.00054365625  7.0108025e-06  -0.00027905567  3.4593416e-05  3.3198956e-05  1.2363037e-05  -1.1934336e-05  0.00010571815  -6.5841134e-05  -0.00030007268  3.0876481e-06  1.9497665e-05  -0.00016636993  3.9995390e-05  -6.8352007e-05  5.0099783e-05  -7.1108495e-05  -1.0698682e-05  7.1181891e-05  1.3388509e-05  -0.00010332877  -0.0021325843  -0.0029717946  0.0000000   0.00072970305  -1.7968153e-05  -0.0011108121  0.00035091519  -2.5671155e-06  -3.3269485e-06  -0.00060936270  -0.00054365625  7.0108025e-06  -0.00027905567  3.4593416e-05  3.3198956e-05  1.2363037e-05  -1.1934336e-05  0.00010571815  -6.5841134e-05  -0.00030007268  3.0876481e-06  1.9497665e-05  -0.00016636993  3.9995390e-05  -6.8352007e-05  5.0099783e-05  -7.1108495e-05  -1.0698682e-05  7.1181891e-05  
1.9127357e-05  7.7724595e-06  -0.00028235836  -0.00086104791  -0.00072970305  0.0000000   -6.2256108e-05  -0.0012439746  -0.00013820022  -2.4265097e-05  2.4185891e-05  -0.00012424758  0.00025033995  4.0953470e-05  -0.00025561534  5.0559364e-05  9.2740362e-06  6.4628936e-05  5.7056842e-07  -0.00011986037  -9.9323140e-05  -5.9810531e-05  2.5654285e-06  9.1458418e-06  -0.00017775486  3.3158527e-05  2.1672109e-06  1.2151947e-05  -8.1327917e-06  8.4159682e-06  9.5601869e-05  1.9127357e-05  7.7724595e-06  -0.00028235836  -0.00086104791  -0.00072970305  0.0000000   -6.2256108e-05  -0.0012439746  -0.00013820022  -2.4265097e-05  2.4185891e-05  -0.00012424758  0.00025033995  4.0953470e-05  -0.00025561534  5.0559364e-05  9.2740362e-06  6.4628936e-05  5.7056842e-07  -0.00011986037  -9.9323140e-05  -5.9810531e-05  2.5654285e-06  9.1458418e-06  -0.00017775486  3.3158527e-05  2.1672109e-06  1.2151947e-05  -8.1327917e-06  8.4159682e-06  9.5601869e-05  
0.00069880854  0.00026712083  2.8946230e-07  -3.1823242e-05  1.7968153e-05  6.2256108e-05  0.0000000   -1.6137690e-05  8.8601168e-05  -0.00022011734  -0.00028945355  -0.00010185162  8.8264578e-05  -0.00015818348  -2.9616943e-06  0.00018131683  -0.00018967201  -1.1275440e-05  3.6137041e-05  -3.4077747e-06  -9.0647023e-05  -2.1800136e-05  6.5127458e-05  -2.3525742e-06  3.1230085e-06  -7.4166492e-05  -4.9166170e-06  -5.3229375e-06  1.2214519e-06  8.6969346e-05  6.2992294e-06  0.00069880854  0.00026712083  2.8946230e-07  -3.1823242e-05  1.7968153e-05  6.2256108e-05  0.0000000   -1.6137690e-05  8.8601168e-05  -0.00022011734  -0.00028945355  -0.00010185162  8.8264578e-05  -0.00015818348  -2.9616943e-06  0.00018131683  -0.00018967201  -1.1275440e-05  3.6137041e-05  -3.4077747e-06  -9.0647023e-05  -2.1800136e-05  6.5127458e-05  -2.3525742e-06  3.1230085e-06  -7.4166492e-05  -4.9166170e-06  -5.3229375e-06  1.2214519e-06  8.6969346e-05  6.2992294e-06  
-7.0602457e-05  -4.8095106e-05  0.00048158668  0.0014227425  0.0011108121  0.0012439746  1.6137690e-05  0.0000000   0.0012506405  4.0731366e-05  6.1664600e-05  -0.00029434482  0.00015271064  -3.0202287e-05  0.00013707098  -5.6596454e-05  2.5702670e-05  0.00018727740  -6.7828787e-06  2.3067461e-05  6.4549849e-05  0.00034272410  -3.1168864e-05  1.7420707e-06  0.00010626635  2.8129815e-06  -4.4658012e-05  -1.7111466e-05  3.8908720e-05  -5.7154231e-07  1.5890005e-05  -7.0602457e-05  -4.8095106e-05  0.00048158668  0.0014227425  0.0011108121  0.0012439746  1.6137690e-05  0.0000000   0.0012506405  4.0731366e-05  6.1664600e-05  -0.00029434482  0.00015271064  -3.0202287e-05  0.00013707098  -5.6596454e-05  2.5702670e-05  0.00018727740  -6.7828787e-06  2.3067461e-05  6.4549849e-05  0.00034272410  -3.1168864e-05  1.7420707e-06  0.00010626635  2.8129815e-06  -4.4658012e-05  -1.7111466e-05  3.8908720e-05  -5.7154231e-07  1.5890005e-05  
-3.2863172e-05  1.8083348e-05  0.00045488568  -5.5070641e-05  -0.00035091519  0.00013820022  -8.8601168e-05  -0.0012506405  0.0000000   -5.8106275e-05  2.5955222e-05  -0.00027263455  1.8508912e-05  -2.3296517e-07  -2.3823396e-05  1.9928891e-05  1.9997331e-05  -4.8755558e-05  1.0031642e-06  0.00014003236  0.00020224921  0.00012076289  -1.1340048e-05  -2.7620839e-05  0.00015624496  -3.8498067e-06  -0.00021962428  9.7481099e-05  6.0036360e-05  -7.6567747e-07  -8.5577840e-06  -3.2863172e-05  1.8083348e-05  0.00045488568  -5.5070641e-05  -0.00035091519  0.00013820022  -8.8601168e-05  -0.0012506405  0.0000000   -5.8106275e-05  2.5955222e-05  -0.00027263455  1.8508912e-05  -2.3296517e-07  -2.3823396e-05  1.9928891e-05  1.9997331e-05  -4.8755558e-05  1.0031642e-06  0.00014003236  0.00020224921  0.00012076289  -1.1340048e-05  -2.7620839e-05  0.00015624496  -3.8498067e-06  -0.00021962428  9.7481099e-05  6.0036360e-05  -7.6567747e-07  -8.5577840e-06  
9.7506690e-05  0.00037250206  1.1223356e-05  1.8005738e-05  2.5671155e-06  2.4265097e-05  0.00022011734  -4.0731366e-05  5.8106275e-05  0.0000000   -0.00062440007  0.00016665356  -0.00023451520  0.0010224124  0.00014957455  0.00079873524  6.6416394e-05  4.2235201e-05  0.00039184987  3.4704661e-05  0.00010316284  -0.00015270516  0.00017567810  -0.00020443204  -3.7813627e-05  -0.00021557609  -1.9138317e-05  4.1218984e-05  -1.1983041e-05  -0.00014008244  -6.0637430e-06  9.7506690e-05  0.00037250206  1.1223356e-05  1.8005738e-05  2.5671155e-06  2.4265097e-05  0.00022011734  -4.0731366e-05  5.8106275e-05  0.0000000   -0.00062440007  0.00016665356  -0.00023451520  0.0010224124  0.00014957455  0.00079873524  6.6416394e-05  4.2235201e-05  0.00039184987  3.4704661e-05  0.00010316284  -0.00015270516  0.00017567810  -0.00020443204  -3.7813627e-05  -0.00021557609  -1.9138317e-05  4.1218984e-05  -1.1983041e-05  -0.00014008244  -6.0637430e-06  
0.00027345613  -0.00031032730  2.8663800e-06  -2.0777682e-05  3.3269485e-06  -2.4185891e-05  0.00028945355  -6.1664600e-05  -2.5955222e-05  0.00062440007  0.0000000   -0.00027808375  4.8840147e-05  0.00070064653  7.3746881e-05  -5.8301359e-05  0.00041614816  -8.0954370e-05  0.00019181276  3.6511402e-05  -7.1038531e-05  -6.1284694e-05  0.00013187047  -3.4259700e-05  5.0189038e-05  0.00020114643  -8.3587022e-06  -6.6253868e-06  6.6135483e-06  1.7500353e-05  5.3572732e-06  0.00027345613  -0.00031032730  2.8663800e-06  -2.0777682e-05  3.3269485e-06  -2.4185891e-05  0.00028945355  -6.1664600e-05  -2.5955222e-05  0.00062440007  0.0000000   -0.00027808375  4.8840147e-05  0.00070064653  7.3746881e-05  -5.8301359e-05  0.00041614816  -8.0954370e-05  0.00019181276  3.6511402e-05  -7.1038531e-05  -6.1284694e-05  0.00013187047  -3.4259700e-05  5.0189038e-05  0.00020114643  -8.3587022e-06  -6.6253868e-06  6.6135483e-06  1.7500353e-05  5.3572732e-06  
