0.0000000   0.00022170446  0.00011153856  -3.2967390e-06  -0.00041649754  -3.6558572e-05  -8.7492827e-05  0.00015581965  1.2985525e-05  5.6480257e-05  2.4538946e-05  0.00010095805  3.9223001e-05  -0.00027112291  -0.00010039499  -0.00016135706  5.2445743e-05  0.00016455107  3.4790688e-05  0.00019323775  -1.3080239e-05  -4.9728662e-06  7.4519740e-06  0.00015904644  -5.3532837e-06  -1.0363575e-05  -1.3770745e-05  -1.2615960e-06  -1.4829554e-05  4.4199316e-06  8.3203434e-05  0.0000000   0.00022170446  0.00011153856  -3.2967390e-06  -0.00041649754  -3.6558572e-05  -8.7492827e-05  0.00015581965  1.2985525e-05  5.6480257e-05  2.4538946e-05  0.00010095805  3.9223001e-05  -0.00027112291  -0.00010039499  -0.00016135706  5.2445743e-05  0.00016455107  3.4790688e-05  0.00019323775  -1.3080239e-05  -4.9728662e-06  7.4519740e-06  0.00015904644  -5.3532837e-06  -1.0363575e-05  -1.3770745e-05  -1.2615960e-06  -1.4829554e-05  4.4199316e-06  8.3203434e-05  
-0.00022170446  0.0000000   0.0021466728  -0.00034883085  0.00054709170  0.00014020789  -0.00012450585  -0.00053818122  6.2402286e-05  -5.7092022e-07  2.4752113e-05  -0.00064131929  3.6942670e-05  -0.00041084626  -9.5146036e-05  -0.00011881184  3.1562266e-05  9.7235392e-05  2.9309085e-05  1.8589532e-05  -5.2975430e-07  -1.0706092e-05  -3.9697715e-06  2.3811153e-05  3.7568577e-06  -1.5205286e-05  -0.00022099621  -3.0975890e-06  -1.7112415e-05  -6.8697034e-08  -5.8982271e-05  -0.00022170446  0.0000000   0.0021466728  -0.00034883085  0.00054709170  0.00014020789  -0.00012450585  -0.00053818122  6.2402286e-05  -5.7092022e-07  2.4752113e-05  -0.00064131929  3.6942670e-05  -0.00041084626  -9.5146036e-05  -0.00011881184  3.1562266e-05  9.7235392e-05  2.9309085e-05  1.8589532e-05  -5.2975430e-07  -1.0706092e-05  -3.9697715e-06  2.3811153e-05  3.7568577e-06  -1.5205286e-05  -0.00022099621  -3.0975890e-06  -1.7112415e-05  -6.8697034e-08  -5.8982271e-05  
-0.00011153856  -0.0021466728  0.0000000   0.00015270175  0.0033797171  0.0021779821  -0.00011050954  0.00024777925  3.2864945e-05  -0.00010507326  9.4349620e-05  0.00017014114  -1.7406089e-06  -0.00030793574  0.00022801359  1.7918221e-05  -7.7730156e-05  1.6336841e-05  -1.7930522e-05  2.7784127e-05  3.8563972e-05  -3.0427779e-05  1.0363113e-05  3.7044559e-05  9.6736564e-06  5.5267867e-06  5.1113387e-05  -3.1948690e-05  7.4430594e-06  -2.0605330e-06  -6.6436607e-05  -0.00011153856  -0.0021466728  0.0000000   0.00015270175  0.0033797171  0.0021779821  -0.00011050954  0.00024777925  3.2864945e-05  -0.00010507326  9.4349620e-05  0.00017014114  -1.7406089e-06  -0.00030793574  0.00022801359  1.7918221e-05  -7.7730156e-05  1.6336841e-05  -1.7930522e-05  2.7784127e-05  3.8563972e-05  -3.0427779e-05  1.0363113e-05  3.7044559e-05  9.6736564e-06  5.5267867e-06  5.1113387e-05  -3.1948690e-05  7.4430594e-06  -2.0605330e-06  -6.6436607e-05  
3.2967390e-06  0.00034883085  -0.00015270175  0.0000000   -0.00033228569  -0.00048326017  -0.00078655294  7.6151000e-05  0.00038279296  -0.00035252682  -0.00024270073  -5.6094415e-05  -0.00017418759  8.2791751e-06  9.8518498e-06  -3.1601164e-06  -6.3406282e-06  2.2279488e-05  7.1069995e-06  -1.9189893e-05  0.00035879243  -7.4170725e-06  0.00010987731  -9.1516711e-06  4.4675319e-05  4.8285601e-05  -1.3200823e-05  -5.5385850e-05  -1.5147921e-06  -4.7445058e-05  1.1409551e-05  3.2967390e-06  0.00034883085  -0.00015270175  0.0000000   -0.00033228569  -0.00048326017  -0.00078655294  7.6151000e-05  0.00038279296  -0.00035252682  -0.00024270073  -5.6094415e-05  -0.00017418759  8.2791751e-06  9.8518498e-06  -3.1601164e-06  -6.3406282e-06  2.2279488e-05  7.1069995e-06  -1.9189893e-05  0.00035879243  -7.4170725e-06  0.00010987731  -9.1516711e-06  4.4675319e-05  4.8285601e-05  -1.3200823e-05  -5.5385850e-05  -1.5147921e-06  -4.7445058e-05  1.1409551e-05  
0.00041649754  -0.00054709170  -0.0033797171  0.00033228569  0.0000000   -0.0048724605  -2.6384634e-05  -0.0014974698  5.3298455e-05  0.00017901110  -6.2169600e-05  -0.00020940389  -0.00011726672  0.00014266728  0.00017455088  -0.00011096472  6.9875663e-05  0.00017366025  3.8077343e-05  7.0941654e-05  -2.3847913e-05  2.3633494e-06  -3.6009078e-05  -0.00021912955  -3.8868456e-05  3.1222130e-05  -0.00018227874  -1.1178068e-06  1.1537304e-05  1.6524185e-05  1.8560285e-05  0.00041649754  -0.00054709170  -0.0033797171  0.00033228569  0.0000000   -0.0048724605  -2.6384634e-05  -0.0014974698  5.3298455e-05  0.00017901110  -6.2169600e-05  -0.00020940389  -0.00011726672  0.00014266728  0.00017455088  -0.00011096472  6.9875663e-05  0.00017366025  3.8077343e-05  7.0941654e-05  -2.3847913e-05  2.3633494e-06  -3.6009078e-05  -0.00021912955  -3.8868456e-05  3.1222130e-05  -0.00018227874  -1.1178068e-06  1.1537304e-05  1.6524185e-05  1.8560285e-05  
3.6558572e-05  -0.00014020789  -0.0021779821  0.00048326017  0.0048724605  0.0000000   3.8014908e-05  0.0021080456  -0.00016838739  0.00016901447  0.00012482458  0.00019080370  -0.00052383410  -0.00032564217  8.6983048e-05  0.00032335305  -6.6822359e-05  -4.3677249e-05  -4.6582717e-05  0.00021480347  -3.7763194e-05  -1.5630472e-05  -6.0275994e-05  4.4384941e-05  -3.0399026e-05  2.5498194e-05  -7.8219825e-05  -2.9662882e-05  1.5033533e-05  -3.8183992e-06  6.1031755e-08  3.6558572e-05  -0.00014020789  -0.0021779821  0.00048326017  0.0048724605  0.0000000   3.8014908e-05  0.0021080456  -0.00016838739  0.00016901447  0.00012482458  0.00019080370  -0.00052383410  -0.00032564217  8.6983048e-05  0.00032335305  -6.6822359e-05  -4.3677249e-05  -4.6582717e-05  0.00021480347  -3.7763194e-05  -1.5630472e-05  -6.0275994e-05  4.4384941e-05  -3.0399026e-05  2.5498194e-05  -7.8219825e-05  -2.9662882e-05  1.5033533e-05  -3.8183992e-06  6.1031755e-08  
8.7492827e-05  0.00012450585  0.00011050954  0.00078655294  2.6384634e-05  -3.8014908e-05  0.0000000   -0.00029499991  -0.0044332634  -0.00053178968  0.00065774841  -0.00016002084  0.00015609202  -5.4657525e-05  -2.0595387e-05  -4.5167755e-05  -7.3307672e-06  -7.5567274e-05  0.00038729633  8.5074663e-06  0.00025740423  -0.00021351905  3.6901916e-05  7.7003173e-06  -8.4761019e-05  0.00018180147  -2.5263025e-05  -4.9040904e-05  4.2472116e-05  0.00014261094  -2.4436876e-06  8.7492827e-05  0.00012450585  0.00011050954  0.00078655294  2.6384634e-05  -3.8014908e-05  0.0000000   -0.00029499991  -0.0044332634  -0.00053178968  0.00065774841  -0.00016002084  0.00015609202  -5.4657525e-05  -2.0595387e-05  -4.5167755e-05  -7.3307672e-06  -7.5567274e-05  0.00038729633  8.5074663e-06  0.00025740423  -0.00021351905  3.6901916e-05  7.7003173e-06  -8.4761019e-05  0.00018180147  -2.5263025e-05  -4.9040904e-05  4.2472116e-05  0.00014261094  -2.4436876e-06  
-0.00015581965  0.00053818122  -0.00024777925  -7.6151000e-05  0.0014974698  -0.0021080456  0.00029499991  0.0000000   2.6072565e-05  0.00010317614  -9.6602914e-05  -0.00065938385  0.00013637097  0.00024247739  -9.2604245e-06  -0.00015664092  6.2664480e-05  0.00013394981  4.0318220e-05  -0.00019383744  -1.3720578e-05  -9.1553257e-06  -1.9481288e-05  3.0706168e-05  1.1371964e-05  -2.3224974e-05  -6.3793796e-05  -1.1036195e-05  -1.8024232e-05  -7.7037648e-06  -9.2423759e-06  -0.00015581965  0.00053818122  -0.00024777925  -7.6151000e-05  0.0014974698  -0.0021080456  0.00029499991  0.0000000   2.6072565e-05  0.00010317614  -9.6602914e-05  -0.00065938385  0.00013637097  0.00024247739  -9.2604245e-06  -0.00015664092  6.2664480e-05  0.00013394981  4.0318220e-05  -0.00019383744  -1.3720578e-05  -9.1553257e-06  -1.9481288e-05  3.0706168e-05  1.1371964e-05  -2.3224974e-05  -6.3793796e-05  -1.1036195e-05  -1.8024232e-05  -7.7037648e-06  -9.2423759e-06  
-1.2985525e-05  -6.2402286e-05  -3.2864945e-05  -0.00038279296  -5.3298455e-05  0.00016838739  0.0044332634  -2.6072565e-05  0.0000000   0.0011593313  0.00033167536  0.00010755980  -0.00024324481  2.9736596e-05  4.9129783e-05  7.6152221e-05  0.00016913277  -3.6412687e-05  0.00031235188  -2.7777824e-05  0.00014093020  -0.00011026728  -8.9156761e-05  3.0446597e-05  0.00013484899  -2.9286175e-06  -1.8655608e-05  9.3138638e-06  -9.6194438e-05  -2.2077763e-05  -4.8109079e-06  -1.2985525e-05  -6.2402286e-05  -3.2864945e-05  -0.00038279296  -5.3298455e-05  0.00016838739  0.0044332634  -2.6072565e-05  0.0000000   0.0011593313  0.00033167536  0.00010755980  -0.00024324481  2.9736596e-05  4.9129783e-05  7.6152221e-05  0.00016913277  -3.6412687e-05  0.00031235188  -2.7777824e-05  0.00014093020  -0.00011026728  -8.9156761e-05  3.0446597e-05  0.00013484899  -2.9286175e-06  -1.8655608e-05  9.3138638e-06  -9.6194438e-05  -2.2077763e-05  -4.8109079e-06  
-5.6480257e-05  5.7092022e-07  0.00010507326  0.00035252682  -0.00017901110  -0.00016901447  0.00053178968  -0.00010317614  -0.0011593313  0.0000000   0.0010693679  -8.7873320e-05  -0.00044981521  9.1476447e-05  1.9156113e-05  -4.3026225e-05  -0.00044409047  5.3954931e-05  -0.00026792424  -3.5006866e-05  0.00012047943  -7.2343343e-05  -0.00022589312  4.1140899e-05  -0.00017596126  0.00032488624  7.7092016e-07  -0.00015518594  5.4628558e-05  -3.8564947e-05  4.3215573e-06  -5.6480257e-05  5.7092022e-07  0.00010507326  0.00035252682  -0.00017901110  -0.00016901447  0.00053178968  -0.00010317614  -0.0011593313  0.0000000   0.0010693679  -8.7873320e-05  -0.00044981521  9.1476447e-05  1.9156113e-05  -4.3026225e-05  -0.00044409047  5.3954931e-05  -0.00026792424  -3.5006866e-05  0.00012047943  -7.2343343e-05  -0.00022589312  4.1140899e-05  -0.00017596126  0.00032488624  7.7092016e-07  -0.00015518594  5.4628558e-05  -3.8564947e-05  4.3215573e-06  
-2.4538946e-05  -2.4752113e-05  -9.4349620e-05  0.00024270073  6.2169600e-05  -0.00012482458  -0.00065774841  9.6602914e-05  -0.00033167536  -0.0010693679  0.0000000   0.00029351325  -0.00044425026  0.00043256840  0.00017204033  -3.9532243e-05  -0.00032236453  6.2118719e-05  -0.00050428563  5.6761369e-05  -0.00051609583  0.00010311992  1.7902753e-05  -4.7323488e-05  0.00013243164  -0.00037598570  2.3825532e-05  -0.00020552009  -0.00023391912  -5.1673435e-05  -1.4118133e-05  -2.4538946e-05  -2.4752113e-05  -9.4349620e-05  0.00024270073  6.2169600e-05  -0.00012482458  -0.00065774841  9.6602914e-05  -0.00033167536  -0.0010693679  0.0000000   0.00029351325  -0.00044425026  0.00043256840  0.00017204033  -3.9532243e-05  -0.00032236453  6.2118719e-05  -0.00050428563  5.6761369e-05  -0.00051609583  0.00010311992  1.7902753e-05  -4.7323488e-05  0.00013243164  -0.00037598570  2.3825532e-05  -0.00020552009  -0.00023391912  -5.1673435e-05  -1.4118133e-05  
-0.00010095805  0.00064131929  -0.00017014114  5.6094415e-05  0.00020940389  -0.00019080370  0.00016002084  0.00065938385  -0.00010755980  8.7873320e-05  -0.00029351325  0.0000000   0.0071846332  0.00026726709  0.0013329705  -0.0017938826  0.00020849317  0.00042266594  6.1009694e-05  0.00048076479  5.7762587e-06  1.1432535e-06  -6.6977388e-05  -0.00050287674  3.1638419e-05  5.3070900e-05  -1.3196879e-05  4.1504063e-05  -1.6431131e-05  3.1706789e-05  7.2919238e-05  -0.00010095805  0.00064131929  -0.00017014114  5.6094415e-05  0.00020940389  -0.00019080370  0.00016002084  0.00065938385  -0.00010755980  8.7873320e-05  -0.00029351325  0.0000000   0.0071846332  0.00026726709  0.0013329705  -0.0017938826  0.00020849317  0.00042266594  6.1009694e-05  0.00048076479  5.7762587e-06  1.1432535e-06  -6.6977388e-05  -0.00050287674  3.1638419e-05  5.3070900e-05  -1.3196879e-05  4.1504063e-05  -1.6431131e-05  3.1706789e-05  7.2919238e-05  
-3.9223001e-05  -3.6942670e-05  1.7406089e-06  0.00017418759  0.00011726672  0.00052383410  -0.00015609202  -0.00013637097  0.00024324481  0.00044981521  0.00044425026  -0.0071846332  0.0000000   -0.0094775608  -0.00025330152  0.00012396420  -0.00013238246  0.00014156144  0.00014746241  0.00010658094  -6.1550696e-05  7.6985987e-05  1.6246387e-05  -4.5983643e-05  9.3580040e-06  -7.2822877e-05  0.00011334972  -0.00010037281  3.5483904e-05  2.3802710e-05  2.0951682e-05  -3.9223001e-05  -3.6942670e-05  1.7406089e-06  0.00017418759  0.00011726672  0.00052383410  -0.00015609202  -0.00013637097  0.00024324481  0.00044981521  0.00044425026  -0.0071846332  0.0000000   -0.0094775608  -0.00025330152  0.00012396420  -0.00013238246  0.00014156144  0.00014746241  0.00010658094  -6.1550696e-05  7.6985987e-05  1.6246387e-05  -4.5983643e-05  9.3580040e-06  -7.2822877e-05  0.00011334972  -0.00010037281  3.5483904e-05  2.3802710e-05  2.0951682e-05  
0.00027112291  0.00041084626  0.00030793574  -8.2791751e-06  -0.00014266728  0.00032564217  5.4657525e-05  -0.00024247739  -2.9736596e-05  -9.1476447e-05  -0.00043256840  -0.00026726709  0.0094775608  0.0000000   -0.0023904759  -0.00016652373  0.00028891431  0.00019655883  -4.6040303e-05  0.00058735121  -8.2937102e-05  -1.8003431e-05  -4.6439779e-05  0.00011364718  4.0120870e-05  -2.2802576e-05  -0.00044857294  -3.7519841e-05  -2.9764748e-05  5.7843215e-05  -1.5670272e-05  0.00027112291  0.00041084626  0.00030793574  -8.2791751e-06  -0.00014266728  0.00032564217  5.4657525e-05  -0.00024247739  -2.9736596e-05  -9.1476447e-05  -0.00043256840  -0.00026726709  0.0094775608  0.0000000   -0.0023904759  -0.00016652373  0.00028891431  0.00019655883  -4.6040303e-05  0.00058735121  -8.2937102e-05  -1.8003431e-05  -4.6439779e-05  0.00011364718  4.0120870e-05  -2.2802576e-05  -0.00044857294  -3.7519841e-05  -2.9764748e-05  5.7843215e-05  -1.5670272e-05  
0.00010039499  9.5146036e-05  -0.00022801359  -9.8518498e-06  -0.00017455088  -8.6983048e-05  2.0595387e-05  9.2604245e-06  -4.9129783e-05  -1.9156113e-05  -0.00017204033  -0.0013329705  0.00025330152  0.0023904759  0.0000000   0.0015569983  1.9302436e-05  0.00058152526  -6.6804092e-05  0.00065954618  8.5870917e-05  1.5512195e-05  -3.9485725e-06  0.00016800230  1.0050172e-05  4.2712076e-05  3.1740090e-05  -4.1022186e-06  -1.2051096e-05  2.4778532e-05  2.6105420e-05  0.00010039499  9.5146036e-05  -0.00022801359  -9.8518498e-06  -0.00017455088  -8.6983048e-05  2.0595387e-05  9.2604245e-06  -4.9129783e-05  -1.9156113e-05  -0.00017204033  -0.0013329705  0.00025330152  0.0023904759  0.0000000   0.0015569983  1.9302436e-05  0.00058152526  -6.6804092e-05  0.00065954618  8.5870917e-05  1.5512195e-05  -3.9485725e-06  0.00016800230  1.0050172e-05  4.2712076e-05  3.1740090e-05  -4.1022186e-06  -1.2051096e-05  2.4778532e-05  2.6105420e-05  
0.00016135706  0.00011881184  -1.7918221e-05  3.1601164e-06  0.00011096472  -0.00032335305  4.5167755e-05  0.00015664092  -7.6152221e-05  4.3026225e-05  3.9532243e-05  0.0017938826  -0.00012396420  0.00016652373  -0.0015569983  0.0000000   2.0565655e-05  -0.0017840422  -0.00025659234  0.0013462375  0.00013621448  2.6900207e-05  -3.5103979e-05  -0.00013717968  -3.8550042e-05  7.4745105e-05  -0.00012006314  1.6183230e-05  2.4129499e-05  2.3564676e-05  9.1748432e-05  0.00016135706  0.00011881184  -1.7918221e-05  3.1601164e-06  0.00011096472  -0.00032335305  4.5167755e-05  0.00015664092  -7.6152221e-05  4.3026225e-05  3.9532243e-05  0.0017938826  -0.00012396420  0.00016652373  -0.0015569983  0.0000000   2.0565655e-05  -0.0017840422  -0.00025659234  0.0013462375  0.00013621448  2.6900207e-05  -3.5103979e-05  -0.00013717968  -3.8550042e-05  7.4745105e-05  -0.00012006314  1.6183230e-05  2.4129499e-05  2.3564676e-05  9.1748432e-05  
-5.2445743e-05  -3.1562266e-05  7.7730156e-05  6.3406282e-06  -6.9875663e-05  6.6822359e-05  7.3307672e-06  -6.2664480e-05  -0.00016913277  0.00044409047  0.00032236453  -0.00020849317  0.00013238246  -0.00028891431  -1.9302436e-05  -2.0565655e-05  0.0000000   0.00024978073  -0.0011714321  -0.00010912462  0.00093721194  0.00043587981  -8.3654864e-05  6.4461240e-05  5.9533962e-05  0.00064906983  1.6398356e-05  2.3517730e-05  0.00013570466  0.00015960806  -2.0654302e-05  -5.2445743e-05  -3.1562266e-05  7.7730156e-05  6.3406282e-06  -6.9875663e-05  6.6822359e-05  7.3307672e-06  -6.2664480e-05  -0.00016913277  0.00044409047  0.00032236453  -0.00020849317  0.00013238246  -0.00028891431  -1.9302436e-05  -2.0565655e-05  0.0000000   0.00024978073  -0.0011714321  -0.00010912462  0.00093721194  0.00043587981  -8.3654864e-05  6.4461240e-05  5.9533962e-05  0.00064906983  1.6398356e-05  2.3517730e-05  0.00013570466  0.00015960806  -2.0654302e-05  
-0.00016455107  -9.7235392e-05  -1.6336841e-05  -2.2279488e-05  -0.00017366025  4.3677249e-05  7.5567274e-05  -0.00013394981  3.6412687e-05  -5.3954931e-05  -6.2118719e-05  -0.00042266594  -0.00014156144  -0.00019655883  -0.00058152526  0.0017840422  -0.00024978073  0.0000000   8.6270068e-05  0.00060946865  -2.7802199e-05  -9.2985260e-05  -2.6870954e-05  -2.4817122e-05  5.0635805e-05  -0.00010338787  6.1739305e-05  -4.7177650e-06  -1.8770035e-05  -1.8769125e-05  -0.00016887071  -0.00016455107  -9.7235392e-05  -1.6336841e-05  -2.2279488e-05  -0.00017366025  4.3677249e-05  7.5567274e-05  -0.00013394981  3.6412687e-05  -5.3954931e-05  -6.2118719e-05  -0.00042266594  -0.00014156144  -0.00019655883  -0.00058152526  0.0017840422  -0.00024978073  0.0000000   8.6270068e-05  0.00060946865  -2.7802199e-05  -9.2985260e-05  -2.6870954e-05  -2.4817122e-05  5.0635805e-05  -0.00010338787  6.1739305e-05  -4.7177650e-06  -1.8770035e-05  -1.8769125e-05  -0.00016887071  
-3.4790688e-05  -2.9309085e-05  1.7930522e-05  -7.1069995e-06  -3.8077343e-05  4.6582717e-05  -0.00038729633  -4.0318220e-05  -0.00031235188  0.00026792424  0.00050428563  -6.1009694e-05  -0.00014746241  4.6040303e-05  6.6804092e-05  0.00025659234  0.0011714321  -8.6270068e-05  0.0000000   -3.4705636e-05  -0.00030036352  0.00057356551  0.00024577037  2.1495465e-05  -0.00054881679  0.00023447786  1.8653098e-05  2.6792914e-05  2.9507060e-05  4.9192532e-05  -2.7671925e-05  -3.4790688e-05  -2.9309085e-05  1.7930522e-05  -7.1069995e-06  -3.8077343e-05  4.6582717e-05  -0.00038729633  -4.0318220e-05  -0.00031235188  0.00026792424  0.00050428563  -6.1009694e-05  -0.00014746241  4.6040303e-05  6.6804092e-05  0.00025659234  0.0011714321  -8.6270068e-05  0.0000000   -3.4705636e-05  -0.00030036352  0.00057356551  0.00024577037  2.1495465e-05  -0.00054881679  0.00023447786  1.8653098e-05  2.6792914e-05  2.9507060e-05  4.9192532e-05  -2.7671925e-05  
-0.00019323775  -1.8589532e-05  -2.7784127e-05  1.9189893e-05  -7.0941654e-05  -0.00021480347  -8.5074663e-06  0.00019383744  2.7777824e-05  3.5006866e-05  -5.6761369e-05  -0.00048076479  -0.00010658094  -0.00058735121  -0.00065954618  -0.0013462375  0.00010912462  -0.00060946865  3.4705636e-05  0.0000000   -7.0189999e-06  -4.0763718e-05  1.8405993e-05  0.00018281084  1.0542192e-05  -2.0748486e-05  0.00019895771  2.3223005e-05  1.2641931e-05  3.0213677e-06  -6.6997752e-05  -0.00019323775  -1.8589532e-05  -2.7784127e-05  1.9189893e-05  -7.0941654e-05  -0.00021480347  -8.5074663e-06  0.00019383744  2.7777824e-05  3.5006866e-05  -5.6761369e-05  -0.00048076479  -0.00010658094  -0.00058735121  -0.00065954618  -0.0013462375  0.00010912462  -0.00060946865  3.4705636e-05  0.0000000   -7.0189999e-06  -4.0763718e-05  1.8405993e-05  0.00018281084  1.0542192e-05  -2.0748486e-05  0.00019895771  2.3223005e-05  1.2641931e-05  3.0213677e-06  -6.6997752e-05  
1.3080239e-05  5.2975430e-07  -3.8563972e-05  -0.00035879243  2.3847913e-05  3.7763194e-05  -0.00025740423  1.3720578e-05  -0.00014093020  -0.00012047943  0.00051609583  -5.7762587e-06  6.1550696e-05  8.2937102e-05  -8.5870917e-05  -0.00013621448  -0.00093721194  2.7802199e-05  0.00030036352  7.0189999e-06  0.0000000   0.00042547145  -0.00039665119  3.7048538e-06  0.00063986682  -0.00028034484  2.5387490e-05  0.00062663009  -0.00019415099  -2.5496759e-05  -7.9635727e-06  1.3080239e-05  5.2975430e-07  -3.8563972e-05  -0.00035879243  2.3847913e-05  3.7763194e-05  -0.00025740423  1.3720578e-05  -0.00014093020  -0.00012047943  0.00051609583  -5.7762587e-06  6.1550696e-05  8.2937102e-05  -8.5870917e-05  -0.00013621448  -0.00093721194  2.7802199e-05  0.00030036352  7.0189999e-06  0.0000000   0.00042547145  -0.00039665119  3.7048538e-06  0.00063986682  -0.00028034484  2.5387490e-05  0.00062663009  -0.00019415099  -2.5496759e-05  -7.9635727e-06  
4.9728662e-06  1.0706092e-05  3.0427779e-05  7.4170725e-06  -2.3633494e-06  1.5630472e-05  0.00021351905  9.1553257e-06  0.00011026728  7.2343343e-05  -0.00010311992  -1.1432535e-06  -7.6985987e-05  1.8003431e-05  -1.5512195e-05  -2.6900207e-05  -0.00043587981  9.2985260e-05  -0.00057356551  4.0763718e-05  -0.00042547145  0.0000000   -0.00023959485  7.1806592e-05  -0.00019729217  0.0012208723  -1.9084469e-05  0.00041826730  -0.00017945095  0.00022607815  -2.2449084e-05  4.9728662e-06  1.0706092e-05  3.0427779e-05  7.4170725e-06  -2.3633494e-06  1.5630472e-05  0.00021351905  9.1553257e-06  0.00011026728  7.2343343e-05  -0.00010311992  -1.1432535e-06  -7.6985987e-05  1.8003431e-05  -1.5512195e-05  -2.6900207e-05  -0.00043587981  9.2985260e-05  -0.00057356551  4.0763718e-05  -0.00042547145  0.0000000   -0.00023959485  7.1806592e-05  -0.00019729217  0.0012208723  -1.9084469e-05  0.00041826730  -0.00017945095  0.00022607815  -2.2449084e-05  
-7.4519740e-06  3.9697715e-06  -1.0363113e-05  -0.00010987731  3.6009078e-05  6.0275994e-05  -3.6901916e-05  1.9481288e-05  8.9156761e-05  0.00022589312  -1.7902753e-05  6.6977388e-05  -1.6246387e-05  4.6439779e-05  3.9485725e-06  3.5103979e-05  8.3654864e-05  2.6870954e-05  -0.00024577037  -1.8405993e-05  0.00039665119  0.00023959485  0.0000000   5.5344267e-05  -0.00030485626  0.00086812533  -1.3356946e-05  -0.00022640762  0.00024553165  0.00077463061  -3.9453845e-06  -7.4519740e-06  3.9697715e-06  -1.0363113e-05  -0.00010987731  3.6009078e-05  6.0275994e-05  -3.6901916e-05  1.9481288e-05  8.9156761e-05  0.00022589312  -1.7902753e-05  6.6977388e-05  -1.6246387e-05  4.6439779e-05  3.9485725e-06  3.5103979e-05  8.3654864e-05  2.6870954e-05  -0.00024577037  -1.8405993e-05  0.00039665119  0.00023959485  0.0000000   5.5344267e-05  -0.00030485626  0.00086812533  -1.3356946e-05  -0.00022640762  0.00024553165  0.00077463061  -3.9453845e-06  
-0.00015904644  -2.3811153e-05  -3.7044559e-05  9.1516711e-06  0.00021912955  -4.4384941e-05  -7.7003173e-06  -3.0706168e-05  -3.0446597e-05  -4.1140899e-05  4.7323488e-05  0.00050287674  4.5983643e-05  -0.00011364718  -0.00016800230  0.00013717968  -6.4461240e-05  2.4817122e-05  -2.1495465e-05  -0.00018281084  -3.7048538e-06  -7.1806592e-05  -5.5344267e-05  0.0000000   3.4546600e-06  1.5877049e-06  -0.00010801796  -4.1994433e-05  -7.9040502e-07  -4.0581901e-05  0.00028836479  -0.00015904644  -2.3811153e-05  -3.7044559e-05  9.1516711e-06  0.00021912955  -4.4384941e-05  -7.7003173e-06  -3.0706168e-05  -3.0446597e-05  -4.1140899e-05  4.7323488e-05  0.00050287674  4.5983643e-05  -0.00011364718  -0.00016800230  0.00013717968  -6.4461240e-05  2.4817122e-05  -2.1495465e-05  -0.00018281084  -3.7048538e-06  -7.1806592e-05  -5.5344267e-05  0.0000000   3.4546600e-06  1.5877049e-06  -0.00010801796  -4.1994433e-05  -7.9040502e-07  -4.0581901e-05  0.00028836479  
5.3532837e-06  -3.7568577e-06  -9.6736564e-06  -4.4675319e-05  3.8868456e-05  3.0399026e-05  8.4761019e-05  -1.1371964e-05  -0.00013484899  0.00017596126  -0.00013243164  -3.1638419e-05  -9.3580040e-06  -4.0120870e-05  -1.0050172e-05  3.8550042e-05  -5.9533962e-05  -5.0635805e-05  0.00054881679  -1.0542192e-05  -0.00063986682  0.00019729217  0.00030485626  -3.4546600e-06  0.0000000   -0.00022151134  -2.1155844e-05  0.0011367016  -0.00013818982  0.00017034832  -1.4660903e-05  5.3532837e-06  -3.7568577e-06  -9.6736564e-06  -4.4675319e-05  3.8868456e-05  3.0399026e-05  8.4761019e-05  -1.1371964e-05  -0.00013484899  0.00017596126  -0.00013243164  -3.1638419e-05  -9.3580040e-06  -4.0120870e-05  -1.0050172e-05  3.8550042e-05  -5.9533962e-05  -5.0635805e-05  0.00054881679  -1.0542192e-05  -0.00063986682  0.00019729217  0.00030485626  -3.4546600e-06  0.0000000   -0.00022151134  -2.1155844e-05  0.0011367016  -0.00013818982  0.00017034832  -1.4660903e-05  
1.0363575e-05  1.5205286e-05  -5.5267867e-06  -4.8285601e-05  -3.1222130e-05  -2.5498194e-05  -0.00018180147  2.3224974e-05  2.9286175e-06  -0.00032488624  0.00037598570  -5.3070900e-05  7.2822877e-05  2.2802576e-05  -4.2712076e-05  -7.4745105e-05  -0.00064906983  0.00010338787  -0.00023447786  2.0748486e-05  0.00028034484  -0.0012208723  -0.00086812533  -1.5877049e-06  0.00022151134  0.0000000   3.7227495e-05  -0.00044613898  0.00029443905  -0.00059311732  2.5480168e-05  1.0363575e-05  1.5205286e-05  -5.5267867e-06  -4.8285601e-05  -3.1222130e-05  -2.5498194e-05  -0.00018180147  2.3224974e-05  2.9286175e-06  -0.00032488624  0.00037598570  -5.3070900e-05  7.2822877e-05  2.2802576e-05  -4.2712076e-05  -7.4745105e-05  -0.00064906983  0.00010338787  -0.00023447786  2.0748486e-05  0.00028034484  -0.0012208723  -0.00086812533  -1.5877049e-06  0.00022151134  0.0000000   3.7227495e-05  -0.00044613898  0.00029443905  -0.00059311732  2.5480168e-05  
1.3770745e-05  0.00022099621  -5.1113387e-05  1.3200823e-05  0.00018227874  7.8219825e-05  2.5263025e-05  6.3793796e-05  1.8655608e-05  -7.7092016e-07  -2.3825532e-05  1.3196879e-05  -0.00011334972  0.00044857294  -3.1740090e-05  0.00012006314  -1.6398356e-05  -6.1739305e-05  -1.8653098e-05  -0.00019895771  -2.5387490e-05  1.9084469e-05  1.3356946e-05  0.00010801796  2.1155844e-05  -3.7227495e-05  0.0000000   -4.4588387e-06  -0.00012602480  3.4342531e-05  0.00082124913  1.3770745e-05  0.00022099621  -5.1113387e-05  1.3200823e-05  0.00018227874  7.8219825e-05  2.5263025e-05  6.3793796e-05  1.8655608e-05  -7.7092016e-07  -2.3825532e-05  1.3196879e-05  -0.00011334972  0.00044857294  -3.1740090e-05  0.00012006314  -1.6398356e-05  -6.1739305e-05  -1.8653098e-05  -0.00019895771  -2.5387490e-05  1.9084469e-05  1.3356946e-05  0.00010801796  2.1155844e-05  -3.7227495e-05  0.0000000   -4.4588387e-06  -0.00012602480  3.4342531e-05  0.00082124913  
1.2615960e-06  3.0975890e-06  3.1948690e-05  5.5385850e-05  1.1178068e-06  2.9662882e-05  4.9040904e-05  1.1036195e-05  -9.3138638e-06  0.00015518594  0.00020552009  -4.1504063e-05  0.00010037281  3.7519841e-05  4.1022186e-06  -1.6183230e-05  -2.3517730e-05  4.7177650e-06  -2.6792914e-05  -2.3223005e-05  -0.00062663009  -0.00041826730  0.00022640762  4.1994433e-05  -0.0011367016  0.00044613898  4.4588387e-06  0.0000000   0.0019796050  -0.00033198718  0.00014331434  1.2615960e-06  3.0975890e-06  3.1948690e-05  5.5385850e-05  1.1178068e-06  2.9662882e-05  4.9040904e-05  1.1036195e-05  -9.3138638e-06  0.00015518594  0.00020552009  -4.1504063e-05  0.00010037281  3.7519841e-05  4.1022186e-06  -1.6183230e-05  -2.3517730e-05  4.7177650e-06  -2.6792914e-05  -2.3223005e-05  -0.00062663009  -0.00041826730  0.00022640762  4.1994433e-05  -0.0011367016  0.00044613898  4.4588387e-06  0.0000000   0.0019796050  -0.00033198718  0.00014331434  
1.4829554e-05  1.7112415e-05  -7.4430594e-06  1.5147921e-06  -1.1537304e-05  -1.5033533e-05  -4.2472116e-05  1.8024232e-05  9.6194438e-05  -5.4628558e-05  0.00023391912  1.6431131e-05  -3.5483904e-05  2.9764748e-05  1.2051096e-05  -2.4129499e-05  -0.00013570466  1.8770035e-05  -2.9507060e-05  -1.2641931e-05  0.00019415099  0.00017945095  -0.00024553165  7.9040502e-07  0.00013818982  -0.00029443905  0.00012602480  -0.0019796050  0.0000000   0.0021019746  -5.8700705e-05  1.4829554e-05  1.7112415e-05  -7.4430594e-06  1.5147921e-06  -1.1537304e-05  -1.5033533e-05  -4.2472116e-05  1.8024232e-05  9.6194438e-05  -5.4628558e-05  0.00023391912  1.6431131e-05  -3.5483904e-05  2.9764748e-05  1.2051096e-05  -2.4129499e-05  -0.00013570466  1.8770035e-05  -2.9507060e-05  -1.2641931e-05  0.00019415099  0.00017945095  -0.00024553165  7.9040502e-07  0.00013818982  -0.00029443905  0.00012602480  -0.0019796050  0.0000000   0.0021019746  -5.8700705e-05  
-4.4199316e-06  6.8697034e-08  2.0605330e-06  4.7445058e-05  -1.6524185e-05  3.8183992e-06  -0.00014261094  7.7037648e-06  2.2077763e-05  3.8564947e-05  5.1673435e-05  -3.1706789e-05  -2.3802710e-05  -5.7843215e-05  -2.4778532e-05  -2.3564676e-05  -0.00015960806  1.8769125e-05  -4.9192532e-05  -3.0213677e-06  2.5496759e-05  -0.00022607815  -0.00077463061  4.0581901e-05  -0.00017034832  0.00059311732  -3.4342531e-05  0.00033198718  -0.0021019746  0.0000000   -0.00012480812  -4.4199316e-06  6.8697034e-08  2.0605330e-06  4.7445058e-05  -1.6524185e-05  3.8183992e-06  -0.00014261094  7.7037648e-06  2.2077763e-05  3.8564947e-05  5.1673435e-05  -3.1706789e-05  -2.3802710e-05  -5.7843215e-05  -2.4778532e-05  -2.3564676e-05  -0.00015960806  1.8769125e-05  -4.9192532e-05  -3.0213677e-06  2.5496759e-05  -0.00022607815  -0.00077463061  4.0581901e-05  -0.00017034832  0.00059311732  -3.4342531e-05  0.00033198718  -0.0021019746  0.0000000   -0.00012480812  
-8.3203434e-05  5.8982271e-05  6.6436607e-05  -1.1409551e-05  -1.8560285e-05  -6.1031755e-08  2.4436876e-06  9.2423759e-06  4.8109079e-06  -4.3215573e-06  1.4118133e-05  -7.2919238e-05  -2.0951682e-05  1.5670272e-05  -2.6105420e-05  -9.1748432e-05  2.0654302e-05  0.00016887071  2.7671925e-05  6.6997752e-05  7.9635727e-06  2.2449084e-05  3.9453845e-06  -0.00028836479  1.4660903e-05  -2.5480168e-05  -0.00082124913  -0.00014331434  5.8700705e-05  0.00012480812  0.0000000   -8.3203434e-05  5.8982271e-05  6.6436607e-05  -1.1409551e-05  -1.8560285e-05  -6.1031755e-08  2.4436876e-06  9.2423759e-06  4.8109079e-06  -4.3215573e-06  1.4118133e-05  -7.2919238e-05  -2.0951682e-05  1.5670272e-05  -2.6105420e-05  -9.1748432e-05  2.0654302e-05  0.00016887071  2.7671925e-05  6.6997752e-05  7.9635727e-06  2.2449084e-05  3.9453845e-06  -0.00028836479  1.4660903e-05  -2.5480168e-05  -0.00082124913  -0.00014331434  5.8700705e-05  0.00012480812  0.0000000   
0.0000000   0.00022170446  0.00011153856  -3.2967390e-06  -0.00041649754  -3.6558572e-05  -8.7492827e-05  0.00015581965  1.2985525e-05  5.6480257e-05  2.4538946e-05  0.00010095805  3.9223001e-05  -0.00027112291  -0.00010039499  -0.00016135706  5.2445743e-05  0.00016455107  3.4790688e-05  0.00019323775  -1.3080239e-05  -4.9728662e-06  7.4519740e-06  0.00015904644  -5.3532837e-06  -1.0363575e-05  -1.3770745e-05  -1.2615960e-06  -1.4829554e-05  4.4199316e-06  8.3203434e-05  0.0000000   0.00022170446  0.00011153856  -3.2967390e-06  -0.00041649754  -3.6558572e-05  -8.7492827e-05  0.00015581965  1.2985525e-05  5.6480257e-05  2.4538946e-05  0.00010095805  3.9223001e-05  -0.00027112291  -0.00010039499  -0.00016135706  5.2445743e-05  0.00016455107  3.4790688e-05  0.00019323775  -1.3080239e-05  -4.9728662e-06  7.4519740e-06  0.00015904644  -5.3532837e-06  -1.0363575e-05  -1.3770745e-05  -1.2615960e-06  -1.4829554e-05  4.4199316e-06  8.3203434e-05  
-0.00022170446  0.0000000   0.0021466728  -0.00034883085  0.00054709170  0.00014020789  -0.00012450585  -0.00053818122  6.2402286e-05  -5.7092022e-07  2.4752113e-05  -0.00064131929  3.6942670e-05  -0.00041084626  -9.5146036e-05  -0.00011881184  3.1562266e-05  9.7235392e-05  2.9309085e-05  1.8589532e-05  -5.2975430e-07  -1.0706092e-05  -3.9697715e-06  2.3811153e-05  3.7568577e-06  -1.5205286e-05  -0.00022099621  -3.0975890e-06  -1.7112415e-05  -6.8697034e-08  -5.8982271e-05  -0.00022170446  0.0000000   0.0021466728  -0.00034883085  0.00054709170  0.00014020789  -0.00012450585  -0.00053818122  6.2402286e-05  -5.7092022e-07  2.4752113e-05  -0.00064131929  3.6942670e-05  -0.00041084626  -9.5146036e-05  -0.00011881184  3.1562266e-05  9.7235392e-05  2.9309085e-05  1.8589532e-05  -5.2975430e-07  -1.0706092e-05  -3.9697715e-06  2.3811153e-05  3.7568577e-06  -1.5205286e-05  -0.00022099621  -3.0975890e-06  -1.7112415e-05  -6.8697034e-08  -5.8982271e-05  
-0.00011153856  -0.0021466728  0.0000000   0.00015270175  0.0033797171  0.0021779821  -0.00011050954  0.00024777925  3.2864945e-05  -0.00010507326  9.4349620e-05  0.00017014114  -1.7406089e-06  -0.00030793574  0.00022801359  1.7918221e-05  -7.7730156e-05  1.6336841e-05  -1.7930522e-05  2.7784127e-05  3.8563972e-05  -3.0427779e-05  1.0363113e-05  3.7044559e-05  9.6736564e-06  5.5267867e-06  5.1113387e-05  -3.1948690e-05  7.4430594e-06  -2.0605330e-06  -6.6436607e-05  -0.00011153856  -0.0021466728  0.0000000   0.00015270175  0.0033797171  0.0021779821  -0.00011050954  0.00024777925  3.2864945e-05  -0.00010507326  9.4349620e-05  0.00017014114  -1.7406089e-06  -0.00030793574  0.00022801359  1.7918221e-05  -7.7730156e-05  1.6336841e-05  -1.7930522e-05  2.7784127e-05  3.8563972e-05  -3.0427779e-05  1.0363113e-05  3.7044559e-05  9.6736564e-06  5.5267867e-06  5.1113387e-05  -3.1948690e-05  7.4430594e-06  -2.0605330e-06  -6.6436607e-05  
3.2967390e-06  0.00034883085  -0.00015270175  0.0000000   -0.00033228569  -0.00048326017  -0.00078655294  7.6151000e-05  0.00038279296  -0.00035252682  -0.00024270073  -5.6094415e-05  -0.00017418759  8.2791751e-06  9.8518498e-06  -3.1601164e-06  -6.3406282e-06  2.2279488e-05  7.1069995e-06  -1.9189893e-05  0.00035879243  -7.4170725e-06  0.00010987731  -9.1516711e-06  4.4675319e-05  4.8285601e-05  -1.3200823e-05  -5.5385850e-05  -1.5147921e-06  -4.7445058e-05  1.1409551e-05  3.2967390e-06  0.00034883085  -0.00015270175  0.0000000   -0.00033228569  -0.00048326017  -0.00078655294  7.6151000e-05  0.00038279296  -0.00035252682  -0.00024270073  -5.6094415e-05  -0.00017418759  8.2791751e-06  9.8518498e-06  -3.1601164e-06  -6.3406282e-06  2.2279488e-05  7.1069995e-06  -1.9189893e-05  0.00035879243  -7.4170725e-06  0.00010987731  -9.1516711e-06  4.4675319e-05  4.8285601e-05  -1.3200823e-05  -5.5385850e-05  -1.5147921e-06  -4.7445058e-05  1.1409551e-05  
0.00041649754  -0.00054709170  -0.0033797171  0.00033228569  0.0000000   -0.0048724605  -2.6384634e-05  -0.0014974698  5.3298455e-05  0.00017901110  -6.2169600e-05  -0.00020940389  -0.00011726672  0.00014266728  0.00017455088  -0.00011096472  6.9875663e-05  0.00017366025  3.8077343e-05  7.0941654e-05  -2.3847913e-05  2.3633494e-06  -3.6009078e-05  -0.00021912955  -3.8868456e-05  3.1222130e-05  -0.00018227874  -1.1178068e-06  1.1537304e-05  1.6524185e-05  1.8560285e-05  0.00041649754  -0.00054709170  -0.0033797171  0.00033228569  0.0000000   -0.0048724605  -2.6384634e-05  -0.0014974698  5.3298455e-05  0.00017901110  -6.2169600e-05  -0.00020940389  -0.00011726672  0.00014266728  0.00017455088  -0.00011096472  6.9875663e-05  0.00017366025  3.8077343e-05  7.0941654e-05  -2.3847913e-05  2.3633494e-06  -3.6009078e-05  -0.00021912955  -3.8868456e-05  3.1222130e-05  -0.00018227874  -1.1178068e-06  1.1537304e-05  1.6524185e-05  1.8560285e-05  
3.6558572e-05  -0.00014020789  -0.0021779821  0.00048326017  0.0048724605  0.0000000   3.8014908e-05  0.0021080456  -0.00016838739  0.00016901447  0.00012482458  0.00019080370  -0.00052383410  -0.00032564217  8.6983048e-05  0.00032335305  -6.6822359e-05  -4.3677249e-05  -4.6582717e-05  0.00021480347  -3.7763194e-05  -1.5630472e-05  -6.0275994e-05  4.4384941e-05  -3.0399026e-05  2.5498194e-05  -7.8219825e-05  -2.9662882e-05  1.5033533e-05  -3.8183992e-06  6.1031755e-08  3.6558572e-05  -0.00014020789  -0.0021779821  0.00048326017  0.0048724605  0.0000000   3.8014908e-05  0.0021080456  -0.00016838739  0.00016901447  0.00012482458  0.00019080370  -0.00052383410  -0.00032564217  8.6983048e-05  0.00032335305  -6.6822359e-05  -4.3677249e-05  -4.6582717e-05  0.00021480347  -3.7763194e-05  -1.5630472e-05  -6.0275994e-05  4.4384941e-05  -3.0399026e-05  2.5498194e-05  -7.8219825e-05  -2.9662882e-05  1.5033533e-05  -3.8183992e-06  6.1031755e-08  
8.7492827e-05  0.00012450585  0.00011050954  0.00078655294  2.6384634e-05  -3.8014908e-05  0.0000000   -0.00029499991  -0.0044332634  -0.00053178968  0.00065774841  -0.00016002084  0.00015609202  -5.4657525e-05  -2.0595387e-05  -4.5167755e-05  -7.3307672e-06  -7.5567274e-05  0.00038729633  8.5074663e-06  0.00025740423  -0.00021351905  3.6901916e-05  7.7003173e-06  -8.4761019e-05  0.00018180147  -2.5263025e-05  -4.9040904e-05  4.2472116e-05  0.00014261094  -2.4436876e-06  8.7492827e-05  0.00012450585  0.00011050954  0.00078655294  2.6384634e-05  -3.8014908e-05  0.0000000   -0.00029499991  -0.0044332634  -0.00053178968  0.00065774841  -0.00016002084  0.00015609202  -5.4657525e-05  -2.0595387e-05  -4.5167755e-05  -7.3307672e-06  -7.5567274e-05  0.00038729633  8.5074663e-06  0.00025740423  -0.00021351905  3.6901916e-05  7.7003173e-06  -8.4761019e-05  0.00018180147  -2.5263025e-05  -4.9040904e-05  4.2472116e-05  0.00014261094  -2.4436876e-06  
-0.00015581965  0.00053818122  -0.00024777925  -7.6151000e-05  0.0014974698  -0.0021080456  0.00029499991  0.0000000   2.6072565e-05  0.00010317614  -9.6602914e-05  -0.00065938385  0.00013637097  0.00024247739  -9.2604245e-06  -0.00015664092  6.2664480e-05  0.00013394981  4.0318220e-05  -0.00019383744  -1.3720578e-05  -9.1553257e-06  -1.9481288e-05  3.0706168e-05  1.1371964e-05  -2.3224974e-05  -6.3793796e-05  -1.1036195e-05  -1.8024232e-05  -7.7037648e-06  -9.2423759e-06  -0.00015581965  0.00053818122  -0.00024777925  -7.6151000e-05  0.0014974698  -0.0021080456  0.00029499991  0.0000000   2.6072565e-05  0.00010317614  -9.6602914e-05  -0.00065938385  0.00013637097  0.00024247739  -9.2604245e-06  -0.00015664092  6.2664480e-05  0.00013394981  4.0318220e-05  -0.00019383744  -1.3720578e-05  -9.1553257e-06  -1.9481288e-05  3.0706168e-05  1.1371964e-05  -2.3224974e-05  -6.3793796e-05  -1.1036195e-05  -1.8024232e-05  -7.7037648e-06  -9.2423759e-06  
-1.2985525e-05  -6.2402286e-05  -3.2864945e-05  -0.00038279296  -5.3298455e-05  0.00016838739  0.0044332634  -2.6072565e-05  0.0000000   0.0011593313  0.00033167536  0.00010755980  -0.00024324481  2.9736596e-05  4.9129783e-05  7.6152221e-05  0.00016913277  -3.6412687e-05  0.00031235188  -2.7777824e-05  0.00014093020  -0.00011026728  -8.9156761e-05  3.0446597e-05  0.00013484899  -2.9286175e-06  -1.8655608e-05  9.3138638e-06  -9.6194438e-05  -2.2077763e-05  -4.8109079e-06  -1.2985525e-05  -6.2402286e-05  -3.2864945e-05  -0.00038279296  -5.3298455e-05  0.00016838739  0.0044332634  -2.6072565e-05  0.0000000   0.0011593313  0.00033167536  0.00010755980  -0.00024324481  2.9736596e-05  4.9129783e-05  7.6152221e-05  0.00016913277  -3.6412687e-05  0.00031235188  -2.7777824e-05  0.00014093020  -0.00011026728  -8.9156761e-05  3.0446597e-05  0.00013484899  -2.9286175e-06  -1.8655608e-05  9.3138638e-06  -9.6194438e-05  -2.2077763e-05  -4.8109079e-06  
-5.6480257e-05  5.7092022e-07  0.00010507326  0.00035252682  -0.00017901110  -0.00016901447  0.00053178968  -0.00010317614  -0.0011593313  0.0000000   0.0010693679  -8.7873320e-05  -0.00044981521  9.1476447e-05  1.9156113e-05  -4.3026225e-05  -0.00044409047  5.3954931e-05  -0.00026792424  -3.5006866e-05  0.00012047943  -7.2343343e-05  -0.00022589312  4.1140899e-05  -0.00017596126  0.00032488624  7.7092016e-07  -0.00015518594  5.4628558e-05  -3.8564947e-05  4.3215573e-06  -5.6480257e-05  5.7092022e-07  0.00010507326  0.00035252682  -0.00017901110  -0.00016901447  0.00053178968  -0.00010317614  -0.0011593313  0.0000000   0.0010693679  -8.7873320e-05  -0.00044981521  9.1476447e-05  1.9156113e-05  -4.3026225e-05  -0.00044409047  5.3954931e-05  -0.00026792424  -3.5006866e-05  0.00012047943  -7.2343343e-05  -0.00022589312  4.1140899e-05  -0.00017596126  0.00032488624  7.7092016e-07  -0.00015518594  5.4628558e-05  -3.8564947e-05  4.3215573e-06  
