0.0000000   -5.0510629e-05  -4.2060003e-05  -0.00013499447  9.3464996e-05  -5.7432938e-05  -8.8349780e-05  5.1944245e-05  2.6823040e-05  3.3211706e-06  1.5735084e-05  -1.5690330e-05  -1.6401305e-05  -1.1614117e-05  1.0357220e-05  1.3764487e-05  1.4456880e-05  -4.2605864e-06  -7.9518519e-05  3.0915495e-06  -0.00010561594  -1.6958235e-06  6.4771567e-06  -5.1555369e-05  4.3947670e-06  1.2121983e-05  -5.6970871e-06  -0.00013892634  4.6210920e-06  -2.6610975e-05  -8.1628716e-05  0.0000000   -5.0510629e-05  -4.2060003e-05  -0.00013499447  9.3464996e-05  -5.7432938e-05  -8.8349780e-05  5.1944245e-05  2.6823040e-05  3.3211706e-06  1.5735084e-05  -1.5690330e-05  -1.6401305e-05  -1.1614117e-05  1.0357220e-05  1.3764487e-05  1.4456880e-05  -4.2605864e-06  -7.9518519e-05  3.0915495e-06  -0.00010561594  -1.6958235e-06  6.4771567e-06  -5.1555369e-05  4.3947670e-06  1.2121983e-05  -5.6970871e-06  -0.00013892634  4.6210920e-06  -2.6610975e-05  -8.1628716e-05  
5.0510629e-05  0.0000000   0.0013936159  -0.00038412353  0.00018819144  0.00040590019  0.0020704033  0.00070188856  -0.00036153210  0.00031146236  -1.0404098e-05  -0.00022589172  -0.00011472213  -3.8677569e-05  2.9705831e-05  -4.4937080e-06  4.5586066e-05  6.2581650e-05  4.5685164e-06  -8.8541885e-05  -1.0959675e-05  0.00014750337  0.00017832697  -1.8709444e-06  -0.00011566516  0.00014108742  -7.1098157e-06  1.7313891e-05  -9.0818191e-05  -8.3382953e-05  2.1085156e-05  5.0510629e-05  0.0000000   0.0013936159  -0.00038412353  0.00018819144  0.00040590019  0.0020704033  0.00070188856  -0.00036153210  0.00031146236  -1.0404098e-05  -0.00022589172  -0.00011472213  -3.8677569e-05  2.9705831e-05  -4.4937080e-06  4.5586066e-05  6.2581650e-05  4.5685164e-06  -8.8541885e-05  -1.0959675e-05  0.00014750337  0.00017832697  -1.8709444e-06  -0.00011566516  0.00014108742  -7.1098157e-06  1.7313891e-05  -9.0818191e-05  -8.3382953e-05  2.1085156e-05  
4.2060003e-05  -0.0013936159  0.0000000   -0.0034195695  0.0019771542  -0.00042824960  -0.00047222941  -9.5893165e-05  -0.00030008492  0.00027744133  -0.00015778205  -0.00044517379  0.00014367211  -0.00014025334  7.7775064e-05  -3.1373367e-05  -6.3168099e-05  3.2181297e-05  -1.8580811e-05  0.00018538103  2.4352603e-05  -0.00010666980  -0.00012403037  -2.0270156e-05  2.3465154e-05  -7.8164638e-05  0.00012695210  5.8315217e-06  2.5205768e-05  -3.0208278e-05  2.5286529e-05  4.2060003e-05  -0.0013936159  0.0000000   -0.0034195695  0.0019771542  -0.00042824960  -0.00047222941  -9.5893165e-05  -0.00030008492  0.00027744133  -0.00015778205  -0.00044517379  0.00014367211  -0.00014025334  7.7775064e-05  -3.1373367e-05  -6.3168099e-05  3.2181297e-05  -1.8580811e-05  0.00018538103  2.4352603e-05  -0.00010666980  -0.00012403037  -2.0270156e-05  2.3465154e-05  -7.8164638e-05  0.00012695210  5.8315217e-06  2.5205768e-05  -3.0208278e-05  2.5286529e-05  
0.00013499447  0.00038412353  0.0034195695  0.0000000   0.0013313382  -0.0018924036  0.00052903966  0.00013401205  1.9586719e-05  -0.00016433856  0.00031068829  0.00051264796  0.00021412579  -6.9082119e-05  1.3897100e-05  -2.7096279e-05  -0.00019171661  -2.6824112e-05  1.0278625e-05  -0.00017517312  -1.1684016e-05  -1.2554509e-05  -6.0475697e-05  -3.6435780e-06  -2.5353762e-05  7.4449187e-06  -2.3115562e-05  3.2920399e-07  -3.5297031e-05  -2.0918063e-05  5.5898474e-06  0.00013499447  0.00038412353  0.0034195695  0.0000000   0.0013313382  -0.0018924036  0.00052903966  0.00013401205  1.9586719e-05  -0.00016433856  0.00031068829  0.00051264796  0.00021412579  -6.9082119e-05  1.3897100e-05  -2.7096279e-05  -0.00019171661  -2.6824112e-05  1.0278625e-05  -0.00017517312  -1.1684016e-05  -1.2554509e-05  -6.0475697e-05  -3.6435780e-06  -2.5353762e-05  7.4449187e-06  -2.3115562e-05  3.2920399e-07  -3.5297031e-05  -2.0918063e-05  5.5898474e-06  
-9.3464996e-05  -0.00018819144  -0.0019771542  -0.0013313382  0.0000000   0.0015318613  0.0012826167  0.0010829530  0.0010720217  -5.0084973e-05  9.7930566e-06  9.3416390e-06  1.0309047e-05  5.7319849e-05  -1.0147844e-05  1.4508119e-05  6.3130545e-05  -3.3792512e-05  4.2875331e-06  -5.2688197e-05  1.9680142e-05  -4.8025871e-05  -6.8970448e-05  -2.0003460e-07  -2.2918740e-05  4.5052921e-05  -6.0591617e-05  9.1560871e-06  -0.00012429430  -8.2274321e-05  2.5334739e-05  -9.3464996e-05  -0.00018819144  -0.0019771542  -0.0013313382  0.0000000   0.0015318613  0.0012826167  0.0010829530  0.0010720217  -5.0084973e-05  9.7930566e-06  9.3416390e-06  1.0309047e-05  5.7319849e-05  -1.0147844e-05  1.4508119e-05  6.3130545e-05  -3.3792512e-05  4.2875331e-06  -5.2688197e-05  1.9680142e-05  -4.8025871e-05  -6.8970448e-05  -2.0003460e-07  -2.2918740e-05  4.5052921e-05  -6.0591617e-05  9.1560871e-06  -0.00012429430  -8.2274321e-05  2.5334739e-05  
5.7432938e-05  -0.00040590019  0.00042824960  0.0018924036  -0.0015318613  0.0000000   -0.0038730723  -0.00060425746  0.00069460995  -1.6834119e-05  2.5101580e-05  -0.00047572841  -7.9247728e-05  -0.00016661741  9.0976909e-05  -1.1650316e-05  -6.5574809e-05  -4.7943008e-05  1.6919144e-05  -0.00017123509  -3.5466172e-06  2.6706668e-05  1.3064820e-05  8.0887672e-06  -7.8710126e-05  -6.6548184e-05  0.00011354253  -2.4754183e-05  -6.1649434e-06  5.9958731e-06  -2.2825286e-06  5.7432938e-05  -0.00040590019  0.00042824960  0.0018924036  -0.0015318613  0.0000000   -0.0038730723  -0.00060425746  0.00069460995  -1.6834119e-05  2.5101580e-05  -0.00047572841  -7.9247728e-05  -0.00016661741  9.0976909e-05  -1.1650316e-05  -6.5574809e-05  -4.7943008e-05  1.6919144e-05  -0.00017123509  -3.5466172e-06  2.6706668e-05  1.3064820e-05  8.0887672e-06  -7.8710126e-05  -6.6548184e-05  0.00011354253  -2.4754183e-05  -6.1649434e-06  5.9958731e-06  -2.2825286e-06  
8.8349780e-05  -0.0020704033  0.00047222941  -0.00052903966  -0.0012826167  0.0038730723  0.0000000   -0.0041530945  -0.00019606575  0.00037488403  -0.00080441698  -9.2405743e-05  0.00042379912  0.00027299099  -7.8043210e-05  1.0805343e-05  -0.00019404874  0.00020440841  3.9570606e-05  8.9788676e-05  2.3033046e-05  -0.00015565265  2.4360710e-05  -2.6603604e-05  0.00010339186  -8.6310864e-05  2.2905901e-05  -5.2972653e-06  4.2130511e-06  -3.1992852e-06  -1.6984478e-05  8.8349780e-05  -0.0020704033  0.00047222941  -0.00052903966  -0.0012826167  0.0038730723  0.0000000   -0.0041530945  -0.00019606575  0.00037488403  -0.00080441698  -9.2405743e-05  0.00042379912  0.00027299099  -7.8043210e-05  1.0805343e-05  -0.00019404874  0.00020440841  3.9570606e-05  8.9788676e-05  2.3033046e-05  -0.00015565265  2.4360710e-05  -2.6603604e-05  0.00010339186  -8.6310864e-05  2.2905901e-05  -5.2972653e-06  4.2130511e-06  -3.1992852e-06  -1.6984478e-05  
-5.1944245e-05  -0.00070188856  9.5893165e-05  -0.00013401205  -0.0010829530  0.00060425746  0.0041530945  0.0000000   -0.0011770276  -0.00097951037  -0.0012669844  -0.00062083713  0.00021386054  0.00026736908  -0.00010837714  3.3803796e-06  -0.00032187342  3.3449484e-05  2.6315141e-05  -6.9586349e-05  5.7395503e-06  -0.00036013569  0.00013793131  2.2138143e-06  -1.7900373e-05  3.4745758e-05  3.5880229e-05  4.3294441e-06  0.00014060308  0.00018243171  -5.8244593e-05  -5.1944245e-05  -0.00070188856  9.5893165e-05  -0.00013401205  -0.0010829530  0.00060425746  0.0041530945  0.0000000   -0.0011770276  -0.00097951037  -0.0012669844  -0.00062083713  0.00021386054  0.00026736908  -0.00010837714  3.3803796e-06  -0.00032187342  3.3449484e-05  2.6315141e-05  -6.9586349e-05  5.7395503e-06  -0.00036013569  0.00013793131  2.2138143e-06  -1.7900373e-05  3.4745758e-05  3.5880229e-05  4.3294441e-06  0.00014060308  0.00018243171  -5.8244593e-05  
-2.6823040e-05  0.00036153210  0.00030008492  -1.9586719e-05  -0.0010720217  -0.00069460995  0.00019606575  0.0011770276  0.0000000   -0.0056478919  -0.00098362531  0.00033034718  -0.00064003702  0.00018686831  -8.8655253e-05  6.4806001e-05  -0.00019829318  -6.3223836e-05  3.6689394e-05  1.4075682e-05  -4.6669401e-05  0.00030655601  -9.5464193e-05  1.4800258e-05  1.0151492e-05  0.00014450001  0.00016131038  -1.1142723e-05  9.1772407e-05  -8.6692937e-06  -1.4536402e-05  -2.6823040e-05  0.00036153210  0.00030008492  -1.9586719e-05  -0.0010720217  -0.00069460995  0.00019606575  0.0011770276  0.0000000   -0.0056478919  -0.00098362531  0.00033034718  -0.00064003702  0.00018686831  -8.8655253e-05  6.4806001e-05  -0.00019829318  -6.3223836e-05  3.6689394e-05  1.4075682e-05  -4.6669401e-05  0.00030655601  -9.5464193e-05  1.4800258e-05  1.0151492e-05  0.00014450001  0.00016131038  -1.1142723e-05  9.1772407e-05  -8.6692937e-06  -1.4536402e-05  
-3.3211706e-06  -0.00031146236  -0.00027744133  0.00016433856  5.0084973e-05  1.6834119e-05  -0.00037488403  0.00097951037  0.0056478919  0.0000000   0.00041553716  -0.00098752904  -0.00036185513  -0.00098255774  0.00050822418  -9.3583168e-05  -6.0063137e-05  9.4955217e-05  -2.4205265e-05  -5.2062279e-05  1.6086700e-05  0.00014397308  -7.4806256e-05  3.1750589e-06  -4.0034592e-05  8.8503310e-05  0.00015809035  -7.8125169e-06  0.00017351682  -0.00012663551  7.8091670e-06  -3.3211706e-06  -0.00031146236  -0.00027744133  0.00016433856  5.0084973e-05  1.6834119e-05  -0.00037488403  0.00097951037  0.0056478919  0.0000000   0.00041553716  -0.00098752904  -0.00036185513  -0.00098255774  0.00050822418  -9.3583168e-05  -6.0063137e-05  9.4955217e-05  -2.4205265e-05  -5.2062279e-05  1.6086700e-05  0.00014397308  -7.4806256e-05  3.1750589e-06  -4.0034592e-05  8.8503310e-05  0.00015809035  -7.8125169e-06  0.00017351682  -0.00012663551  7.8091670e-06  
-1.5735084e-05  1.0404098e-05  0.00015778205  -0.00031068829  -9.7930566e-06  -2.5101580e-05  0.00080441698  0.0012669844  0.00098362531  -0.00041553716  0.0000000   -0.0011880516  -0.00053100689  0.00054012654  -0.00018816586  6.2290181e-05  0.00073158290  -0.00017321767  -2.1842287e-05  -0.00020941837  1.6225778e-05  9.1194075e-05  9.6428462e-05  1.1482409e-05  8.5162340e-05  -0.00023418927  6.3073097e-05  1.0718500e-05  0.00030369555  -6.3111309e-05  1.7867035e-05  -1.5735084e-05  1.0404098e-05  0.00015778205  -0.00031068829  -9.7930566e-06  -2.5101580e-05  0.00080441698  0.0012669844  0.00098362531  -0.00041553716  0.0000000   -0.0011880516  -0.00053100689  0.00054012654  -0.00018816586  6.2290181e-05  0.00073158290  -0.00017321767  -2.1842287e-05  -0.00020941837  1.6225778e-05  9.1194075e-05  9.6428462e-05  1.1482409e-05  8.5162340e-05  -0.00023418927  6.3073097e-05  1.0718500e-05  0.00030369555  -6.3111309e-05  1.7867035e-05  
1.5690330e-05  0.00022589172  0.00044517379  -0.00051264796  -9.3416390e-06  0.00047572841  9.2405743e-05  0.00062083713  -0.00033034718  0.00098752904  0.0011880516  0.0000000   -0.0024228296  -0.0010874084  0.00041709198  -5.0985353e-05  0.00035482323  -0.00036058202  -3.6086729e-05  -0.00025541958  -2.0489204e-05  0.00044464176  -0.00016010860  -2.6718776e-05  -5.0822698e-05  -0.00010770977  0.00019345907  -2.5687775e-05  0.00013631336  -0.00020430686  3.1886987e-05  1.5690330e-05  0.00022589172  0.00044517379  -0.00051264796  -9.3416390e-06  0.00047572841  9.2405743e-05  0.00062083713  -0.00033034718  0.00098752904  0.0011880516  0.0000000   -0.0024228296  -0.0010874084  0.00041709198  -5.0985353e-05  0.00035482323  -0.00036058202  -3.6086729e-05  -0.00025541958  -2.0489204e-05  0.00044464176  -0.00016010860  -2.6718776e-05  -5.0822698e-05  -0.00010770977  0.00019345907  -2.5687775e-05  0.00013631336  -0.00020430686  3.1886987e-05  
1.6401305e-05  0.00011472213  -0.00014367211  -0.00021412579  -1.0309047e-05  7.9247728e-05  -0.00042379912  -0.00021386054  0.00064003702  0.00036185513  0.00053100689  0.0024228296  0.0000000   -2.9361408e-05  -4.3829942e-05  2.4509901e-05  0.00014797692  2.6006401e-05  3.3778438e-05  -0.00052100139  -3.9795418e-06  3.6460883e-08  0.00028089234  3.2092681e-06  0.00010606226  0.00013264881  1.4432684e-05  -4.5470657e-06  5.5952483e-05  2.7574598e-05  -2.3446407e-05  1.6401305e-05  0.00011472213  -0.00014367211  -0.00021412579  -1.0309047e-05  7.9247728e-05  -0.00042379912  -0.00021386054  0.00064003702  0.00036185513  0.00053100689  0.0024228296  0.0000000   -2.9361408e-05  -4.3829942e-05  2.4509901e-05  0.00014797692  2.6006401e-05  3.3778438e-05  -0.00052100139  -3.9795418e-06  3.6460883e-08  0.00028089234  3.2092681e-06  0.00010606226  0.00013264881  1.4432684e-05  -4.5470657e-06  5.5952483e-05  2.7574598e-05  -2.3446407e-05  
1.1614117e-05  3.8677569e-05  0.00014025334  6.9082119e-05  -5.7319849e-05  0.00016661741  -0.00027299099  -0.00026736908  -0.00018686831  0.00098255774  -0.00054012654  0.0010874084  2.9361408e-05  0.0000000   -3.0932884e-05  9.3652766e-05  -0.00023134553  -0.00092575638  0.00014508427  -7.7884178e-05  0.00014841052  0.00049597468  0.00048093967  -0.00017087575  -0.00044431371  0.00013288990  0.00035784726  -3.5937541e-05  -0.00011274337  -0.00022851148  2.4882386e-05  1.1614117e-05  3.8677569e-05  0.00014025334  6.9082119e-05  -5.7319849e-05  0.00016661741  -0.00027299099  -0.00026736908  -0.00018686831  0.00098255774  -0.00054012654  0.0010874084  2.9361408e-05  0.0000000   -3.0932884e-05  9.3652766e-05  -0.00023134553  -0.00092575638  0.00014508427  -7.7884178e-05  0.00014841052  0.00049597468  0.00048093967  -0.00017087575  -0.00044431371  0.00013288990  0.00035784726  -3.5937541e-05  -0.00011274337  -0.00022851148  2.4882386e-05  
-1.0357220e-05  -2.9705831e-05  -7.7775064e-05  -1.3897100e-05  1.0147844e-05  -9.0976909e-05  7.8043210e-05  0.00010837714  8.8655253e-05  -0.00050822418  0.00018816586  -0.00041709198  4.3829942e-05  3.0932884e-05  0.0000000   0.00017107555  -0.00012194113  0.00051376855  0.00038074306  1.5377387e-05  0.00038398712  -0.00016716645  -0.00017706445  -0.00041887644  0.00018970136  -5.8649167e-05  -0.00013207442  -5.8322876e-05  5.7025784e-05  6.3369911e-05  -0.00018485234  -1.0357220e-05  -2.9705831e-05  -7.7775064e-05  -1.3897100e-05  1.0147844e-05  -9.0976909e-05  7.8043210e-05  0.00010837714  8.8655253e-05  -0.00050822418  0.00018816586  -0.00041709198  4.3829942e-05  3.0932884e-05  0.0000000   0.00017107555  -0.00012194113  0.00051376855  0.00038074306  1.5377387e-05  0.00038398712  -0.00016716645  -0.00017706445  -0.00041887644  0.00018970136  -5.8649167e-05  -0.00013207442  -5.8322876e-05  5.7025784e-05  6.3369911e-05  -0.00018485234  
-1.3764487e-05  4.4937080e-06  3.1373367e-05  2.7096279e-05  -1.4508119e-05  1.1650316e-05  -1.0805343e-05  -3.3803796e-06  -6.4806001e-05  9.3583168e-05  -6.2290181e-05  5.0985353e-05  -2.4509901e-05  -9.3652766e-05  -0.00017107555  0.0000000   0.00020775627  0.00044853998  3.9497971e-05  4.9694409e-05  0.00024386973  2.2766936e-05  6.5553743e-06  0.00028469236  -3.2053104e-05  -1.0644436e-05  4.8585301e-06  -5.6972131e-05  2.3495403e-06  -7.3606361e-05  -0.00025743788  -1.3764487e-05  4.4937080e-06  3.1373367e-05  2.7096279e-05  -1.4508119e-05  1.1650316e-05  -1.0805343e-05  -3.3803796e-06  -6.4806001e-05  9.3583168e-05  -6.2290181e-05  5.0985353e-05  -2.4509901e-05  -9.3652766e-05  -0.00017107555  0.0000000   0.00020775627  0.00044853998  3.9497971e-05  4.9694409e-05  0.00024386973  2.2766936e-05  6.5553743e-06  0.00028469236  -3.2053104e-05  -1.0644436e-05  4.8585301e-06  -5.6972131e-05  2.3495403e-06  -7.3606361e-05  -0.00025743788  
-1.4456880e-05  -4.5586066e-05  6.3168099e-05  0.00019171661  -6.3130545e-05  6.5574809e-05  0.00019404874  0.00032187342  0.00019829318  6.0063137e-05  -0.00073158290  -0.00035482323  -0.00014797692  0.00023134553  0.00012194113  -0.00020775627  0.0000000   0.0096414714  0.00029830886  -0.00029493403  -0.00030722924  -0.00011941872  0.00032793370  1.0982615e-05  -9.9260004e-05  -0.00034189235  -0.00028533308  8.3091777e-05  0.00038370307  9.4268839e-05  -1.9940344e-05  -1.4456880e-05  -4.5586066e-05  6.3168099e-05  0.00019171661  -6.3130545e-05  6.5574809e-05  0.00019404874  0.00032187342  0.00019829318  6.0063137e-05  -0.00073158290  -0.00035482323  -0.00014797692  0.00023134553  0.00012194113  -0.00020775627  0.0000000   0.0096414714  0.00029830886  -0.00029493403  -0.00030722924  -0.00011941872  0.00032793370  1.0982615e-05  -9.9260004e-05  -0.00034189235  -0.00028533308  8.3091777e-05  0.00038370307  9.4268839e-05  -1.9940344e-05  
4.2605864e-06  -6.2581650e-05  -3.2181297e-05  2.6824112e-05  3.3792512e-05  4.7943008e-05  -0.00020440841  -3.3449484e-05  6.3223836e-05  -9.4955217e-05  0.00017321767  0.00036058202  -2.6006401e-05  0.00092575638  -0.00051376855  -0.00044853998  -0.0096414714  0.0000000   0.00056866295  -0.0026858557  -8.3456014e-06  0.00077219088  0.00040565255  5.6406515e-05  0.00013361347  -0.00033990669  0.00024204653  -2.4472054e-05  6.8904672e-06  5.3622347e-05  8.2363259e-05  4.2605864e-06  -6.2581650e-05  -3.2181297e-05  2.6824112e-05  3.3792512e-05  4.7943008e-05  -0.00020440841  -3.3449484e-05  6.3223836e-05  -9.4955217e-05  0.00017321767  0.00036058202  -2.6006401e-05  0.00092575638  -0.00051376855  -0.00044853998  -0.0096414714  0.0000000   0.00056866295  -0.0026858557  -8.3456014e-06  0.00077219088  0.00040565255  5.6406515e-05  0.00013361347  -0.00033990669  0.00024204653  -2.4472054e-05  6.8904672e-06  5.3622347e-05  8.2363259e-05  
7.9518519e-05  -4.5685164e-06  1.8580811e-05  -1.0278625e-05  -4.2875331e-06  -1.6919144e-05  -3.9570606e-05  -2.6315141e-05  -3.6689394e-05  2.4205265e-05  2.1842287e-05  3.6086729e-05  -3.3778438e-05  -0.00014508427  -0.00038074306  -3.9497971e-05  -0.00029830886  -0.00056866295  0.0000000   -4.1080571e-05  0.0010279563  7.4807133e-05  -7.8596704e-05  -0.00020315314  -9.4409661e-06  -1.0049483e-05  2.7447623e-05  -9.0569220e-05  -2.9748554e-05  -7.7887001e-05  -0.00031650593  7.9518519e-05  -4.5685164e-06  1.8580811e-05  -1.0278625e-05  -4.2875331e-06  -1.6919144e-05  -3.9570606e-05  -2.6315141e-05  -3.6689394e-05  2.4205265e-05  2.1842287e-05  3.6086729e-05  -3.3778438e-05  -0.00014508427  -0.00038074306  -3.9497971e-05  -0.00029830886  -0.00056866295  0.0000000   -4.1080571e-05  0.0010279563  7.4807133e-05  -7.8596704e-05  -0.00020315314  -9.4409661e-06  -1.0049483e-05  2.7447623e-05  -9.0569220e-05  -2.9748554e-05  -7.7887001e-05  -0.00031650593  
-3.0915495e-06  8.8541885e-05  -0.00018538103  0.00017517312  5.2688197e-05  0.00017123509  -8.9788676e-05  6.9586349e-05  -1.4075682e-05  5.2062279e-05  0.00020941837  0.00025541958  0.00052100139  7.7884178e-05  -1.5377387e-05  -4.9694409e-05  0.00029493403  0.0026858557  4.1080571e-05  0.0000000   -3.1577912e-05  0.00024651947  0.0012320297  -7.8517453e-07  5.6499091e-05  0.00016476165  0.00025789213  1.6086353e-05  7.4308079e-05  -0.00022546599  3.6728841e-05  -3.0915495e-06  8.8541885e-05  -0.00018538103  0.00017517312  5.2688197e-05  0.00017123509  -8.9788676e-05  6.9586349e-05  -1.4075682e-05  5.2062279e-05  0.00020941837  0.00025541958  0.00052100139  7.7884178e-05  -1.5377387e-05  -4.9694409e-05  0.00029493403  0.0026858557  4.1080571e-05  0.0000000   -3.1577912e-05  0.00024651947  0.0012320297  -7.8517453e-07  5.6499091e-05  0.00016476165  0.00025789213  1.6086353e-05  7.4308079e-05  -0.00022546599  3.6728841e-05  
0.00010561594  1.0959675e-05  -2.4352603e-05  1.1684016e-05  -1.9680142e-05  3.5466172e-06  -2.3033046e-05  -5.7395503e-06  4.6669401e-05  -1.6086700e-05  -1.6225778e-05  2.0489204e-05  3.9795418e-06  -0.00014841052  -0.00038398712  -0.00024386973  0.00030722924  8.3456014e-06  -0.0010279563  3.1577912e-05  0.0000000   -2.8614326e-05  -5.2085465e-07  -0.00041302614  -9.1867169e-05  -9.4588934e-06  4.2430426e-05  0.00019349836  -2.3692555e-05  -5.5150623e-05  -0.00013413293  0.00010561594  1.0959675e-05  -2.4352603e-05  1.1684016e-05  -1.9680142e-05  3.5466172e-06  -2.3033046e-05  -5.7395503e-06  4.6669401e-05  -1.6086700e-05  -1.6225778e-05  2.0489204e-05  3.9795418e-06  -0.00014841052  -0.00038398712  -0.00024386973  0.00030722924  8.3456014e-06  -0.0010279563  3.1577912e-05  0.0000000   -2.8614326e-05  -5.2085465e-07  -0.00041302614  -9.1867169e-05  -9.4588934e-06  4.2430426e-05  0.00019349836  -2.3692555e-05  -5.5150623e-05  -0.00013413293  
1.6958235e-06  -0.00014750337  0.00010666980  1.2554509e-05  4.8025871e-05  -2.6706668e-05  0.00015565265  0.00036013569  -0.00030655601  -0.00014397308  -9.1194075e-05  -0.00044464176  -3.6460883e-08  -0.00049597468  0.00016716645  -2.2766936e-05  0.00011941872  -0.00077219088  -7.4807133e-05  -0.00024651947  2.8614326e-05  0.0000000   -0.00085049637  -3.7116857e-05  0.00094025616  2.2149979e-05  -0.00070390608  4.1953192e-05  0.00014981822  9.5120787e-05  -3.1773297e-05  1.6958235e-06  -0.00014750337  0.00010666980  1.2554509e-05  4.8025871e-05  -2.6706668e-05  0.00015565265  0.00036013569  -0.00030655601  -0.00014397308  -9.1194075e-05  -0.00044464176  -3.6460883e-08  -0.00049597468  0.00016716645  -2.2766936e-05  0.00011941872  -0.00077219088  -7.4807133e-05  -0.00024651947  2.8614326e-05  0.0000000   -0.00085049637  -3.7116857e-05  0.00094025616  2.2149979e-05  -0.00070390608  4.1953192e-05  0.00014981822  9.5120787e-05  -3.1773297e-05  
-6.4771567e-06  -0.00017832697  0.00012403037  6.0475697e-05  6.8970448e-05  -1.3064820e-05  -2.4360710e-05  -0.00013793131  9.5464193e-05  7.4806256e-05  -9.6428462e-05  0.00016010860  -0.00028089234  -0.00048093967  0.00017706445  -6.5553743e-06  -0.00032793370  -0.00040565255  7.8596704e-05  -0.0012320297  5.2085465e-07  0.00085049637  0.0000000   3.9035605e-05  -0.0021165894  -0.00062405520  0.00056055480  -5.7900197e-05  -0.00020818218  -6.1834777e-05  4.8069571e-05  -6.4771567e-06  -0.00017832697  0.00012403037  6.0475697e-05  6.8970448e-05  -1.3064820e-05  -2.4360710e-05  -0.00013793131  9.5464193e-05  7.4806256e-05  -9.6428462e-05  0.00016010860  -0.00028089234  -0.00048093967  0.00017706445  -6.5553743e-06  -0.00032793370  -0.00040565255  7.8596704e-05  -0.0012320297  5.2085465e-07  0.00085049637  0.0000000   3.9035605e-05  -0.0021165894  -0.00062405520  0.00056055480  -5.7900197e-05  -0.00020818218  -6.1834777e-05  4.8069571e-05  
5.1555369e-05  1.8709444e-06  2.0270156e-05  3.6435780e-06  2.0003460e-07  -8.0887672e-06  2.6603604e-05  -2.2138143e-06  -1.4800258e-05  -3.1750589e-06  -1.1482409e-05  2.6718776e-05  -3.2092681e-06  0.00017087575  0.00041887644  -0.00028469236  -1.0982615e-05  -5.6406515e-05  0.00020315314  7.8517453e-07  0.00041302614  3.7116857e-05  -3.9035605e-05  0.0000000   -2.8034515e-05  2.8611761e-06  -2.0698021e-05  -0.00049812925  1.2251694e-05  6.8904097e-05  0.00038682498  5.1555369e-05  1.8709444e-06  2.0270156e-05  3.6435780e-06  2.0003460e-07  -8.0887672e-06  2.6603604e-05  -2.2138143e-06  -1.4800258e-05  -3.1750589e-06  -1.1482409e-05  2.6718776e-05  -3.2092681e-06  0.00017087575  0.00041887644  -0.00028469236  -1.0982615e-05  -5.6406515e-05  0.00020315314  7.8517453e-07  0.00041302614  3.7116857e-05  -3.9035605e-05  0.0000000   -2.8034515e-05  2.8611761e-06  -2.0698021e-05  -0.00049812925  1.2251694e-05  6.8904097e-05  0.00038682498  
-4.3947670e-06  0.00011566516  -2.3465154e-05  2.5353762e-05  2.2918740e-05  7.8710126e-05  -0.00010339186  1.7900373e-05  -1.0151492e-05  4.0034592e-05  -8.5162340e-05  5.0822698e-05  -0.00010606226  0.00044431371  -0.00018970136  3.2053104e-05  9.9260004e-05  -0.00013361347  9.4409661e-06  -5.6499091e-05  9.1867169e-05  -0.00094025616  0.0021165894  2.8034515e-05  0.0000000   0.00020068644  -0.00024748229  5.4830518e-05  -0.00054901946  -0.00028059391  9.7943724e-05  -4.3947670e-06  0.00011566516  -2.3465154e-05  2.5353762e-05  2.2918740e-05  7.8710126e-05  -0.00010339186  1.7900373e-05  -1.0151492e-05  4.0034592e-05  -8.5162340e-05  5.0822698e-05  -0.00010606226  0.00044431371  -0.00018970136  3.2053104e-05  9.9260004e-05  -0.00013361347  9.4409661e-06  -5.6499091e-05  9.1867169e-05  -0.00094025616  0.0021165894  2.8034515e-05  0.0000000   0.00020068644  -0.00024748229  5.4830518e-05  -0.00054901946  -0.00028059391  9.7943724e-05  
-1.2121983e-05  -0.00014108742  7.8164638e-05  -7.4449187e-06  -4.5052921e-05  6.6548184e-05  8.6310864e-05  -3.4745758e-05  -0.00014450001  -8.8503310e-05  0.00023418927  0.00010770977  -0.00013264881  -0.00013288990  5.8649167e-05  1.0644436e-05  0.00034189235  0.00033990669  1.0049483e-05  -0.00016476165  9.4588934e-06  -2.2149979e-05  0.00062405520  -2.8611761e-06  -0.00020068644  0.0000000   -0.0010335539  6.1911149e-05  -0.00023405968  -6.5865448e-05  -2.6209451e-07  -1.2121983e-05  -0.00014108742  7.8164638e-05  -7.4449187e-06  -4.5052921e-05  6.6548184e-05  8.6310864e-05  -3.4745758e-05  -0.00014450001  -8.8503310e-05  0.00023418927  0.00010770977  -0.00013264881  -0.00013288990  5.8649167e-05  1.0644436e-05  0.00034189235  0.00033990669  1.0049483e-05  -0.00016476165  9.4588934e-06  -2.2149979e-05  0.00062405520  -2.8611761e-06  -0.00020068644  0.0000000   -0.0010335539  6.1911149e-05  -0.00023405968  -6.5865448e-05  -2.6209451e-07  
5.6970871e-06  7.1098157e-06  -0.00012695210  2.3115562e-05  6.0591617e-05  -0.00011354253  -2.2905901e-05  -3.5880229e-05  -0.00016131038  -0.00015809035  -6.3073097e-05  -0.00019345907  -1.4432684e-05  -0.00035784726  0.00013207442  -4.8585301e-06  0.00028533308  -0.00024204653  -2.7447623e-05  -0.00025789213  -4.2430426e-05  0.00070390608  -0.00056055480  2.0698021e-05  0.00024748229  0.0010335539  0.0000000   -8.3893601e-05  9.3400134e-06  0.0016794282  -0.00040777570  5.6970871e-06  7.1098157e-06  -0.00012695210  2.3115562e-05  6.0591617e-05  -0.00011354253  -2.2905901e-05  -3.5880229e-05  -0.00016131038  -0.00015809035  -6.3073097e-05  -0.00019345907  -1.4432684e-05  -0.00035784726  0.00013207442  -4.8585301e-06  0.00028533308  -0.00024204653  -2.7447623e-05  -0.00025789213  -4.2430426e-05  0.00070390608  -0.00056055480  2.0698021e-05  0.00024748229  0.0010335539  0.0000000   -8.3893601e-05  9.3400134e-06  0.0016794282  -0.00040777570  
0.00013892634  -1.7313891e-05  -5.8315217e-06  -3.2920399e-07  -9.1560871e-06  2.4754183e-05  5.2972653e-06  -4.3294441e-06  1.1142723e-05  7.8125169e-06  -1.0718500e-05  2.5687775e-05  4.5470657e-06  3.5937541e-05  5.8322876e-05  5.6972131e-05  -8.3091777e-05  2.4472054e-05  9.0569220e-05  -1.6086353e-05  -0.00019349836  -4.1953192e-05  5.7900197e-05  0.00049812925  -5.4830518e-05  -6.1911149e-05  8.3893601e-05  0.0000000   5.3038478e-06  -0.00019512995  -0.00041800791  0.00013892634  -1.7313891e-05  -5.8315217e-06  -3.2920399e-07  -9.1560871e-06  2.4754183e-05  5.2972653e-06  -4.3294441e-06  1.1142723e-05  7.8125169e-06  -1.0718500e-05  2.5687775e-05  4.5470657e-06  3.5937541e-05  5.8322876e-05  5.6972131e-05  -8.3091777e-05  2.4472054e-05  9.0569220e-05  -1.6086353e-05  -0.00019349836  -4.1953192e-05  5.7900197e-05  0.00049812925  -5.4830518e-05  -6.1911149e-05  8.3893601e-05  0.0000000   5.3038478e-06  -0.00019512995  -0.00041800791  
-4.6210920e-06  9.0818191e-05  -2.5205768e-05  3.5297031e-05  0.00012429430  6.1649434e-06  -4.2130511e-06  -0.00014060308  -9.1772407e-05  -0.00017351682  -0.00030369555  -0.00013631336  -5.5952483e-05  0.00011274337  -5.7025784e-05  -2.3495403e-06  -0.00038370307  -6.8904672e-06  2.9748554e-05  -7.4308079e-05  2.3692555e-05  -0.00014981822  0.00020818218  -1.2251694e-05  0.00054901946  0.00023405968  -9.3400134e-06  -5.3038478e-06  0.0000000   0.0018117645  -0.00030665342  -4.6210920e-06  9.0818191e-05  -2.5205768e-05  3.5297031e-05  0.00012429430  6.1649434e-06  -4.2130511e-06  -0.00014060308  -9.1772407e-05  -0.00017351682  -0.00030369555  -0.00013631336  -5.5952483e-05  0.00011274337  -5.7025784e-05  -2.3495403e-06  -0.00038370307  -6.8904672e-06  2.9748554e-05  -7.4308079e-05  2.3692555e-05  -0.00014981822  0.00020818218  -1.2251694e-05  0.00054901946  0.00023405968  -9.3400134e-06  -5.3038478e-06  0.0000000   0.0018117645  -0.00030665342  
2.6610975e-05  8.3382953e-05  3.0208278e-05  2.0918063e-05  8.2274321e-05  -5.9958731e-06  3.1992852e-06  -0.00018243171  8.6692937e-06  0.00012663551  6.3111309e-05  0.00020430686  -2.7574598e-05  0.00022851148  -6.3369911e-05  7.3606361e-05  -9.4268839e-05  -5.3622347e-05  7.7887001e-05  0.00022546599  5.5150623e-05  -9.5120787e-05  6.1834777e-05  -6.8904097e-05  0.00028059391  6.5865448e-05  -0.0016794282  0.00019512995  -0.0018117645  0.0000000   6.1921303e-05  2.6610975e-05  8.3382953e-05  3.0208278e-05  2.0918063e-05  8.2274321e-05  -5.9958731e-06  3.1992852e-06  -0.00018243171  8.6692937e-06  0.00012663551  6.3111309e-05  0.00020430686  -2.7574598e-05  0.00022851148  -6.3369911e-05  7.3606361e-05  -9.4268839e-05  -5.3622347e-05  7.7887001e-05  0.00022546599  5.5150623e-05  -9.5120787e-05  6.1834777e-05  -6.8904097e-05  0.00028059391  6.5865448e-05  -0.0016794282  0.00019512995  -0.0018117645  0.0000000   6.1921303e-05  
8.1628716e-05  -2.1085156e-05  -2.5286529e-05  -5.5898474e-06  -2.5334739e-05  2.2825286e-06  1.6984478e-05  5.8244593e-05  1.4536402e-05  -7.8091670e-06  -1.7867035e-05  -3.1886987e-05  2.3446407e-05  -2.4882386e-05  0.00018485234  0.00025743788  1.9940344e-05  -8.2363259e-05  0.00031650593  -3.6728841e-05  0.00013413293  3.1773297e-05  -4.8069571e-05  -0.00038682498  -9.7943724e-05  2.6209451e-07  0.00040777570  0.00041800791  0.00030665342  -6.1921303e-05  0.0000000   8.1628716e-05  -2.1085156e-05  -2.5286529e-05  -5.5898474e-06  -2.5334739e-05  2.2825286e-06  1.6984478e-05  5.8244593e-05  1.4536402e-05  -7.8091670e-06  -1.7867035e-05  -3.1886987e-05  2.3446407e-05  -2.4882386e-05  0.00018485234  0.00025743788  1.9940344e-05  -8.2363259e-05  0.00031650593  -3.6728841e-05  0.00013413293  3.1773297e-05  -4.8069571e-05  -0.00038682498  -9.7943724e-05  2.6209451e-07  0.00040777570  0.00041800791  0.00030665342  -6.1921303e-05  0.0000000   
0.0000000   -5.0510629e-05  -4.2060003e-05  -0.00013499447  9.3464996e-05  -5.7432938e-05  -8.8349780e-05  5.1944245e-05  2.6823040e-05  3.3211706e-06  1.5735084e-05  -1.5690330e-05  -1.6401305e-05  -1.1614117e-05  1.0357220e-05  1.3764487e-05  1.4456880e-05  -4.2605864e-06  -7.9518519e-05  3.0915495e-06  -0.00010561594  -1.6958235e-06  6.4771567e-06  -5.1555369e-05  4.3947670e-06  1.2121983e-05  -5.6970871e-06  -0.00013892634  4.6210920e-06  -2.6610975e-05  -8.1628716e-05  0.0000000   -5.0510629e-05  -4.2060003e-05  -0.00013499447  9.3464996e-05  -5.7432938e-05  -8.8349780e-05  5.1944245e-05  2.6823040e-05  3.3211706e-06  1.5735084e-05  -1.5690330e-05  -1.6401305e-05  -1.1614117e-05  1.0357220e-05  1.3764487e-05  1.4456880e-05  -4.2605864e-06  -7.9518519e-05  3.0915495e-06  -0.00010561594  -1.6958235e-06  6.4771567e-06  -5.1555369e-05  4.3947670e-06  1.2121983e-05  -5.6970871e-06  -0.00013892634  4.6210920e-06  -2.6610975e-05  -8.1628716e-05  
5.0510629e-05  0.0000000   0.0013936159  -0.00038412353  0.00018819144  0.00040590019  0.0020704033  0.00070188856  -0.00036153210  0.00031146236  -1.0404098e-05  -0.00022589172  -0.00011472213  -3.8677569e-05  2.9705831e-05  -4.4937080e-06  4.5586066e-05  6.2581650e-05  4.5685164e-06  -8.8541885e-05  -1.0959675e-05  0.00014750337  0.00017832697  -1.8709444e-06  -0.00011566516  0.00014108742  -7.1098157e-06  1.7313891e-05  -9.0818191e-05  -8.3382953e-05  2.1085156e-05  5.0510629e-05  0.0000000   0.0013936159  -0.00038412353  0.00018819144  0.00040590019  0.0020704033  0.00070188856  -0.00036153210  0.00031146236  -1.0404098e-05  -0.00022589172  -0.00011472213  -3.8677569e-05  2.9705831e-05  -4.4937080e-06  4.5586066e-05  6.2581650e-05  4.5685164e-06  -8.8541885e-05  -1.0959675e-05  0.00014750337  0.00017832697  -1.8709444e-06  -0.00011566516  0.00014108742  -7.1098157e-06  1.7313891e-05  -9.0818191e-05  -8.3382953e-05  2.1085156e-05  
4.2060003e-05  -0.0013936159  0.0000000   -0.0034195695  0.0019771542  -0.00042824960  -0.00047222941  -9.5893165e-05  -0.00030008492  0.00027744133  -0.00015778205  -0.00044517379  0.00014367211  -0.00014025334  7.7775064e-05  -3.1373367e-05  -6.3168099e-05  3.2181297e-05  -1.8580811e-05  0.00018538103  2.4352603e-05  -0.00010666980  -0.00012403037  -2.0270156e-05  2.3465154e-05  -7.8164638e-05  0.00012695210  5.8315217e-06  2.5205768e-05  -3.0208278e-05  2.5286529e-05  4.2060003e-05  -0.0013936159  0.0000000   -0.0034195695  0.0019771542  -0.00042824960  -0.00047222941  -9.5893165e-05  -0.00030008492  0.00027744133  -0.00015778205  -0.00044517379  0.00014367211  -0.00014025334  7.7775064e-05  -3.1373367e-05  -6.3168099e-05  3.2181297e-05  -1.8580811e-05  0.00018538103  2.4352603e-05  -0.00010666980  -0.00012403037  -2.0270156e-05  2.3465154e-05  -7.8164638e-05  0.00012695210  5.8315217e-06  2.5205768e-05  -3.0208278e-05  2.5286529e-05  
0.00013499447  0.00038412353  0.0034195695  0.0000000   0.0013313382  -0.0018924036  0.00052903966  0.00013401205  1.9586719e-05  -0.00016433856  0.00031068829  0.00051264796  0.00021412579  -6.9082119e-05  1.3897100e-05  -2.7096279e-05  -0.00019171661  -2.6824112e-05  1.0278625e-05  -0.00017517312  -1.1684016e-05  -1.2554509e-05  -6.0475697e-05  -3.6435780e-06  -2.5353762e-05  7.4449187e-06  -2.3115562e-05  3.2920399e-07  -3.5297031e-05  -2.0918063e-05  5.5898474e-06  0.00013499447  0.00038412353  0.0034195695  0.0000000   0.0013313382  -0.0018924036  0.00052903966  0.00013401205  1.9586719e-05  -0.00016433856  0.00031068829  0.00051264796  0.00021412579  -6.9082119e-05  1.3897100e-05  -2.7096279e-05  -0.00019171661  -2.6824112e-05  1.0278625e-05  -0.00017517312  -1.1684016e-05  -1.2554509e-05  -6.0475697e-05  -3.6435780e-06  -2.5353762e-05  7.4449187e-06  -2.3115562e-05  3.2920399e-07  -3.5297031e-05  -2.0918063e-05  5.5898474e-06  
-9.3464996e-05  -0.00018819144  -0.0019771542  -0.0013313382  0.0000000   0.0015318613  0.0012826167  0.0010829530  0.0010720217  -5.0084973e-05  9.7930566e-06  9.3416390e-06  1.0309047e-05  5.7319849e-05  -1.0147844e-05  1.4508119e-05  6.3130545e-05  -3.3792512e-05  4.2875331e-06  -5.2688197e-05  1.9680142e-05  -4.8025871e-05  -6.8970448e-05  -2.0003460e-07  -2.2918740e-05  4.5052921e-05  -6.0591617e-05  9.1560871e-06  -0.00012429430  -8.2274321e-05  2.5334739e-05  -9.3464996e-05  -0.00018819144  -0.0019771542  -0.0013313382  0.0000000   0.0015318613  0.0012826167  0.0010829530  0.0010720217  -5.0084973e-05  9.7930566e-06  9.3416390e-06  1.0309047e-05  5.7319849e-05  -1.0147844e-05  1.4508119e-05  6.3130545e-05  -3.3792512e-05  4.2875331e-06  -5.2688197e-05  1.9680142e-05  -4.8025871e-05  -6.8970448e-05  -2.0003460e-07  -2.2918740e-05  4.5052921e-05  -6.0591617e-05  9.1560871e-06  -0.00012429430  -8.2274321e-05  2.5334739e-05  
5.7432938e-05  -0.00040590019  0.00042824960  0.0018924036  -0.0015318613  0.0000000   -0.0038730723  -0.00060425746  0.00069460995  -1.6834119e-05  2.5101580e-05  -0.00047572841  -7.9247728e-05  -0.00016661741  9.0976909e-05  -1.1650316e-05  -6.5574809e-05  -4.7943008e-05  1.6919144e-05  -0.00017123509  -3.5466172e-06  2.6706668e-05  1.3064820e-05  8.0887672e-06  -7.8710126e-05  -6.6548184e-05  0.00011354253  -2.4754183e-05  -6.1649434e-06  5.9958731e-06  -2.2825286e-06  5.7432938e-05  -0.00040590019  0.00042824960  0.0018924036  -0.0015318613  0.0000000   -0.0038730723  -0.00060425746  0.00069460995  -1.6834119e-05  2.5101580e-05  -0.00047572841  -7.9247728e-05  -0.00016661741  9.0976909e-05  -1.1650316e-05  -6.5574809e-05  -4.7943008e-05  1.6919144e-05  -0.00017123509  -3.5466172e-06  2.6706668e-05  1.3064820e-05  8.0887672e-06  -7.8710126e-05  -6.6548184e-05  0.00011354253  -2.4754183e-05  -6.1649434e-06  5.9958731e-06  -2.2825286e-06  
8.8349780e-05  -0.0020704033  0.00047222941  -0.00052903966  -0.0012826167  0.0038730723  0.0000000   -0.0041530945  -0.00019606575  0.00037488403  -0.00080441698  -9.2405743e-05  0.00042379912  0.00027299099  -7.8043210e-05  1.0805343e-05  -0.00019404874  0.00020440841  3.9570606e-05  8.9788676e-05  2.3033046e-05  -0.00015565265  2.4360710e-05  -2.6603604e-05  0.00010339186  -8.6310864e-05  2.2905901e-05  -5.2972653e-06  4.2130511e-06  -3.1992852e-06  -1.6984478e-05  8.8349780e-05  -0.0020704033  0.00047222941  -0.00052903966  -0.0012826167  0.0038730723  0.0000000   -0.0041530945  -0.00019606575  0.00037488403  -0.00080441698  -9.2405743e-05  0.00042379912  0.00027299099  -7.8043210e-05  1.0805343e-05  -0.00019404874  0.00020440841  3.9570606e-05  8.9788676e-05  2.3033046e-05  -0.00015565265  2.4360710e-05  -2.6603604e-05  0.00010339186  -8.6310864e-05  2.2905901e-05  -5.2972653e-06  4.2130511e-06  -3.1992852e-06  -1.6984478e-05  
-5.1944245e-05  -0.00070188856  9.5893165e-05  -0.00013401205  -0.0010829530  0.00060425746  0.0041530945  0.0000000   -0.0011770276  -0.00097951037  -0.0012669844  -0.00062083713  0.00021386054  0.00026736908  -0.00010837714  3.3803796e-06  -0.00032187342  3.3449484e-05  2.6315141e-05  -6.9586349e-05  5.7395503e-06  -0.00036013569  0.00013793131  2.2138143e-06  -1.7900373e-05  3.4745758e-05  3.5880229e-05  4.3294441e-06  0.00014060308  0.00018243171  -5.8244593e-05  -5.1944245e-05  -0.00070188856  9.5893165e-05  -0.00013401205  -0.0010829530  0.00060425746  0.0041530945  0.0000000   -0.0011770276  -0.00097951037  -0.0012669844  -0.00062083713  0.00021386054  0.00026736908  -0.00010837714  3.3803796e-06  -0.00032187342  3.3449484e-05  2.6315141e-05  -6.9586349e-05  5.7395503e-06  -0.00036013569  0.00013793131  2.2138143e-06  -1.7900373e-05  3.4745758e-05  3.5880229e-05  4.3294441e-06  0.00014060308  0.00018243171  -5.8244593e-05  
-2.6823040e-05  0.00036153210  0.00030008492  -1.9586719e-05  -0.0010720217  -0.00069460995  0.00019606575  0.0011770276  0.0000000   -0.0056478919  -0.00098362531  0.00033034718  -0.00064003702  0.00018686831  -8.8655253e-05  6.4806001e-05  -0.00019829318  -6.3223836e-05  3.6689394e-05  1.4075682e-05  -4.6669401e-05  0.00030655601  -9.5464193e-05  1.4800258e-05  1.0151492e-05  0.00014450001  0.00016131038  -1.1142723e-05  9.1772407e-05  -8.6692937e-06  -1.4536402e-05  -2.6823040e-05  0.00036153210  0.00030008492  -1.9586719e-05  -0.0010720217  -0.00069460995  0.00019606575  0.0011770276  0.0000000   -0.0056478919  -0.00098362531  0.00033034718  -0.00064003702  0.00018686831  -8.8655253e-05  6.4806001e-05  -0.00019829318  -6.3223836e-05  3.6689394e-05  1.4075682e-05  -4.6669401e-05  0.00030655601  -9.5464193e-05  1.4800258e-05  1.0151492e-05  0.00014450001  0.00016131038  -1.1142723e-05  9.1772407e-05  -8.6692937e-06  -1.4536402e-05  
-3.3211706e-06  -0.00031146236  -0.00027744133  0.00016433856  5.0084973e-05  1.6834119e-05  -0.00037488403  0.00097951037  0.0056478919  0.0000000   0.00041553716  -0.00098752904  -0.00036185513  -0.00098255774  0.00050822418  -9.3583168e-05  -6.0063137e-05  9.4955217e-05  -2.4205265e-05  -5.2062279e-05  1.6086700e-05  0.00014397308  -7.4806256e-05  3.1750589e-06  -4.0034592e-05  8.8503310e-05  0.00015809035  -7.8125169e-06  0.00017351682  -0.00012663551  7.8091670e-06  -3.3211706e-06  -0.00031146236  -0.00027744133  0.00016433856  5.0084973e-05  1.6834119e-05  -0.00037488403  0.00097951037  0.0056478919  0.0000000   0.00041553716  -0.00098752904  -0.00036185513  -0.00098255774  0.00050822418  -9.3583168e-05  -6.0063137e-05  9.4955217e-05  -2.4205265e-05  -5.2062279e-05  1.6086700e-05  0.00014397308  -7.4806256e-05  3.1750589e-06  -4.0034592e-05  8.8503310e-05  0.00015809035  -7.8125169e-06  0.00017351682  -0.00012663551  7.8091670e-06  
-1.5735084e-05  1.0404098e-05  0.00015778205  -0.00031068829  -9.7930566e-06  -2.5101580e-05  0.00080441698  0.0012669844  0.00098362531  -0.00041553716  0.0000000   -0.0011880516  -0.00053100689  0.00054012654  -0.00018816586  6.2290181e-05  0.00073158290  -0.00017321767  -2.1842287e-05  -0.00020941837  1.6225778e-05  9.1194075e-05  9.6428462e-05  1.1482409e-05  8.5162340e-05  -0.00023418927  6.3073097e-05  1.0718500e-05  0.00030369555  -6.3111309e-05  1.7867035e-05  -1.5735084e-05  1.0404098e-05  0.00015778205  -0.00031068829  -9.7930566e-06  -2.5101580e-05  0.00080441698  0.0012669844  0.00098362531  -0.00041553716  0.0000000   -0.0011880516  -0.00053100689  0.00054012654  -0.00018816586  6.2290181e-05  0.00073158290  -0.00017321767  -2.1842287e-05  -0.00020941837  1.6225778e-05  9.1194075e-05  9.6428462e-05  1.1482409e-05  8.5162340e-05  -0.00023418927  6.3073097e-05  1.0718500e-05  0.00030369555  -6.3111309e-05  1.7867035e-05  
