0.0000000   -1.4562579e-05  -0.00019106866  0.00012492201  0.0010030043  8.4983465e-05  0.00034119956  1.9405458e-05  -1.3974685e-05  -4.4351026e-05  1.5046445e-05  3.1417607e-06  -3.3902007e-05  -2.0126117e-05  -3.9350570e-06  -1.9500918e-05  -7.4245002e-06  -2.1591997e-05  -7.1860702e-05  7.1854769e-05  -3.8769149e-05  1.9446429e-05  -0.00015773922  0.00015441081  3.1042987e-06  -1.8474486e-05  -8.7230522e-06  -8.7687986e-06  -5.7931029e-05  -5.7868217e-05  -1.8615222e-06  0.0000000   -1.4562579e-05  -0.00019106866  0.00012492201  0.0010030043  8.4983465e-05  0.00034119956  1.9405458e-05  -1.3974685e-05  -4.4351026e-05  1.5046445e-05  3.1417607e-06  -3.3902007e-05  -2.0126117e-05  -3.9350570e-06  -1.9500918e-05  -7.4245002e-06  -2.1591997e-05  -7.1860702e-05  7.1854769e-05  -3.8769149e-05  1.9446429e-05  -0.00015773922  0.00015441081  3.1042987e-06  -1.8474486e-05  -8.7230522e-06  -8.7687986e-06  -5.7931029e-05  -5.7868217e-05  -1.8615222e-06  
1.4562579e-05  0.0000000   0.0031501820  -0.0014572663  3.8676921e-05  -0.00083165231  6.7890157e-05  2.0860626e-05  0.00074142185  0.00036031013  3.9700737e-05  -0.00035059110  0.00021359745  0.00018663177  9.8854612e-05  0.00018687120  0.00025416665  -2.5211881e-05  -1.4437443e-05  0.00012228639  0.00015834800  -5.2226200e-05  -4.4360255e-06  7.7016248e-06  -0.00014779091  7.7770756e-06  8.4538423e-05  4.3497626e-05  -1.3490426e-05  -8.9205541e-06  7.8045919e-06  1.4562579e-05  0.0000000   0.0031501820  -0.0014572663  3.8676921e-05  -0.00083165231  6.7890157e-05  2.0860626e-05  0.00074142185  0.00036031013  3.9700737e-05  -0.00035059110  0.00021359745  0.00018663177  9.8854612e-05  0.00018687120  0.00025416665  -2.5211881e-05  -1.4437443e-05  0.00012228639  0.00015834800  -5.2226200e-05  -4.4360255e-06  7.7016248e-06  -0.00014779091  7.7770756e-06  8.4538423e-05  4.3497626e-05  -1.3490426e-05  -8.9205541e-06  7.8045919e-06  
0.00019106866  -0.0031501820  0.0000000   -0.0023627262  -0.00030299967  -0.00012600492  3.6486132e-05  1.4861519e-05  -0.00026354724  8.4502877e-05  9.5857315e-05  7.6429534e-05  2.9649036e-05  0.00012660703  -4.6566703e-05  -2.4775172e-05  -9.3315382e-05  -5.6938446e-05  -5.4611428e-05  0.00022505991  -0.00011111326  -3.5243330e-06  -9.1334816e-06  4.5208434e-06  -4.4664754e-05  -3.5375443e-06  5.3168163e-05  1.0372355e-05  -6.0578827e-06  -1.2493835e-05  1.4887528e-05  0.00019106866  -0.0031501820  0.0000000   -0.0023627262  -0.00030299967  -0.00012600492  3.6486132e-05  1.4861519e-05  -0.00026354724  8.4502877e-05  9.5857315e-05  7.6429534e-05  2.9649036e-05  0.00012660703  -4.6566703e-05  -2.4775172e-05  -9.3315382e-05  -5.6938446e-05  -5.4611428e-05  0.00022505991  -0.00011111326  -3.5243330e-06  -9.1334816e-06  4.5208434e-06  -4.4664754e-05  -3.5375443e-06  5.3168163e-05  1.0372355e-05  -6.0578827e-06  -1.2493835e-05  1.4887528e-05  
-0.00012492201  0.0014572663  0.0023627262  0.0000000   0.00011355899  0.00074468305  5.6520801e-06  -1.7693996e-05  0.00019657604  0.00015030624  9.9327692e-05  -8.5639712e-05  -7.1752717e-05  -9.3340857e-05  -0.00017773322  0.00021523802  0.00018686865  -3.5903307e-05  -7.6245765e-05  5.9982476e-05  6.7992001e-05  -1.1597315e-05  -3.5937207e-06  2.5780129e-08  -4.6252272e-05  4.1276604e-06  1.4880252e-05  -1.7244003e-05  3.5939839e-07  -4.4305887e-07  -1.7838437e-05  -0.00012492201  0.0014572663  0.0023627262  0.0000000   0.00011355899  0.00074468305  5.6520801e-06  -1.7693996e-05  0.00019657604  0.00015030624  9.9327692e-05  -8.5639712e-05  -7.1752717e-05  -9.3340857e-05  -0.00017773322  0.00021523802  0.00018686865  -3.5903307e-05  -7.6245765e-05  5.9982476e-05  6.7992001e-05  -1.1597315e-05  -3.5937207e-06  2.5780129e-08  -4.6252272e-05  4.1276604e-06  1.4880252e-05  -1.7244003e-05  3.5939839e-07  -4.4305887e-07  -1.7838437e-05  
-0.0010030043  -3.8676921e-05  0.00030299967  -0.00011355899  0.0000000   -4.7860960e-05  0.00034087714  -0.00035178410  0.00012314576  1.5132659e-05  4.0225697e-05  1.4025449e-06  -3.0735215e-05  -1.9370419e-05  -2.1655593e-05  4.4239219e-05  4.0550577e-05  -6.0418860e-06  -3.4472421e-05  -4.0227487e-05  -5.7724850e-05  0.00013131447  -8.1835337e-05  -0.00011848627  -1.9669967e-06  3.9152789e-05  1.6796975e-05  6.9316613e-06  3.1442955e-05  5.5885559e-05  -9.4989462e-06  -0.0010030043  -3.8676921e-05  0.00030299967  -0.00011355899  0.0000000   -4.7860960e-05  0.00034087714  -0.00035178410  0.00012314576  1.5132659e-05  4.0225697e-05  1.4025449e-06  -3.0735215e-05  -1.9370419e-05  -2.1655593e-05  4.4239219e-05  4.0550577e-05  -6.0418860e-06  -3.4472421e-05  -4.0227487e-05  -5.7724850e-05  0.00013131447  -8.1835337e-05  -0.00011848627  -1.9669967e-06  3.9152789e-05  1.6796975e-05  6.9316613e-06  3.1442955e-05  5.5885559e-05  -9.4989462e-06  
-8.4983465e-05  0.00083165231  0.00012600492  -0.00074468305  4.7860960e-05  0.0000000   5.2255126e-05  -2.1364585e-05  -0.0010053696  0.00063805912  -0.00021348934  0.00041716446  -3.9751870e-05  0.00042970837  -0.00023013131  -6.7369803e-05  4.7198153e-05  1.8716870e-06  0.00024542604  0.00010385659  0.00045493818  -6.8239417e-05  -5.4280239e-06  -1.4257284e-05  -0.00015728722  7.5642411e-06  0.00010421468  0.00011942768  8.3029365e-07  5.1461977e-06  4.9430577e-05  -8.4983465e-05  0.00083165231  0.00012600492  -0.00074468305  4.7860960e-05  0.0000000   5.2255126e-05  -2.1364585e-05  -0.0010053696  0.00063805912  -0.00021348934  0.00041716446  -3.9751870e-05  0.00042970837  -0.00023013131  -6.7369803e-05  4.7198153e-05  1.8716870e-06  0.00024542604  0.00010385659  0.00045493818  -6.8239417e-05  -5.4280239e-06  -1.4257284e-05  -0.00015728722  7.5642411e-06  0.00010421468  0.00011942768  8.3029365e-07  5.1461977e-06  4.9430577e-05  
-0.00034119956  -6.7890157e-05  -3.6486132e-05  -5.6520801e-06  -0.00034087714  -5.2255126e-05  0.0000000   -0.0016067488  -3.4103961e-06  -1.8822597e-05  -2.4241145e-05  9.9649414e-05  -5.9703706e-05  -2.5872684e-05  -3.9100317e-05  -7.1903341e-06  1.0230382e-05  5.3788752e-05  6.1729672e-05  -6.2198683e-05  8.2403671e-05  0.00013783067  0.00030335600  -5.4198041e-06  1.3669914e-05  -0.00017046188  1.4886226e-06  1.2907179e-05  -5.6756781e-06  3.1267345e-06  -2.8468810e-05  -0.00034119956  -6.7890157e-05  -3.6486132e-05  -5.6520801e-06  -0.00034087714  -5.2255126e-05  0.0000000   -0.0016067488  -3.4103961e-06  -1.8822597e-05  -2.4241145e-05  9.9649414e-05  -5.9703706e-05  -2.5872684e-05  -3.9100317e-05  -7.1903341e-06  1.0230382e-05  5.3788752e-05  6.1729672e-05  -6.2198683e-05  8.2403671e-05  0.00013783067  0.00030335600  -5.4198041e-06  1.3669914e-05  -0.00017046188  1.4886226e-06  1.2907179e-05  -5.6756781e-06  3.1267345e-06  -2.8468810e-05  
-1.9405458e-05  -2.0860626e-05  -1.4861519e-05  1.7693996e-05  0.00035178410  2.1364585e-05  0.0016067488  0.0000000   -2.9203751e-05  -4.6235230e-05  -3.3922950e-05  2.5831220e-05  2.5918230e-05  2.6466662e-05  2.8258242e-05  -9.6756246e-05  9.6189985e-06  4.2838044e-05  -7.2478669e-05  -3.7912479e-05  -4.4396114e-05  -3.2872318e-05  -2.6099268e-05  -0.00024627850  2.6515461e-05  8.4201010e-05  6.1114048e-06  -9.5980849e-06  6.7116933e-05  -6.8260055e-05  -4.5986300e-07  -1.9405458e-05  -2.0860626e-05  -1.4861519e-05  1.7693996e-05  0.00035178410  2.1364585e-05  0.0016067488  0.0000000   -2.9203751e-05  -4.6235230e-05  -3.3922950e-05  2.5831220e-05  2.5918230e-05  2.6466662e-05  2.8258242e-05  -9.6756246e-05  9.6189985e-06  4.2838044e-05  -7.2478669e-05  -3.7912479e-05  -4.4396114e-05  -3.2872318e-05  -2.6099268e-05  -0.00024627850  2.6515461e-05  8.4201010e-05  6.1114048e-06  -9.5980849e-06  6.7116933e-05  -6.8260055e-05  -4.5986300e-07  
1.3974685e-05  -0.00074142185  0.00026354724  -0.00019657604  -0.00012314576  0.0010053696  3.4103961e-06  2.9203751e-05  0.0000000   0.00017499563  -0.0014925430  0.0015376955  -0.00068730487  -0.00071100795  -2.2556809e-05  0.0010853109  -0.00017594623  0.00049575778  -6.1771548e-05  0.00010345659  0.00023679021  -6.9273844e-05  -1.7017287e-05  1.6955085e-05  4.7462402e-05  -1.3919201e-06  8.7264145e-05  -4.3229248e-06  1.2394744e-05  -1.4134492e-05  -0.00012441531  1.3974685e-05  -0.00074142185  0.00026354724  -0.00019657604  -0.00012314576  0.0010053696  3.4103961e-06  2.9203751e-05  0.0000000   0.00017499563  -0.0014925430  0.0015376955  -0.00068730487  -0.00071100795  -2.2556809e-05  0.0010853109  -0.00017594623  0.00049575778  -6.1771548e-05  0.00010345659  0.00023679021  -6.9273844e-05  -1.7017287e-05  1.6955085e-05  4.7462402e-05  -1.3919201e-06  8.7264145e-05  -4.3229248e-06  1.2394744e-05  -1.4134492e-05  -0.00012441531  
4.4351026e-05  -0.00036031013  -8.4502877e-05  -0.00015030624  -1.5132659e-05  -0.00063805912  1.8822597e-05  4.6235230e-05  -0.00017499563  0.0000000   -0.00025716470  -0.00084612692  -0.00022912574  -0.0010664876  -0.00025571664  0.00038978127  5.8047653e-05  7.4080607e-05  -0.00015285948  0.00015963977  -0.00035354341  1.8471558e-05  -2.5363217e-05  1.4302292e-05  0.00014176026  -2.3597768e-06  -0.00013943427  -1.5927555e-05  1.3298591e-05  -2.2493759e-05  7.7148452e-05  4.4351026e-05  -0.00036031013  -8.4502877e-05  -0.00015030624  -1.5132659e-05  -0.00063805912  1.8822597e-05  4.6235230e-05  -0.00017499563  0.0000000   -0.00025716470  -0.00084612692  -0.00022912574  -0.0010664876  -0.00025571664  0.00038978127  5.8047653e-05  7.4080607e-05  -0.00015285948  0.00015963977  -0.00035354341  1.8471558e-05  -2.5363217e-05  1.4302292e-05  0.00014176026  -2.3597768e-06  -0.00013943427  -1.5927555e-05  1.3298591e-05  -2.2493759e-05  7.7148452e-05  
-1.5046445e-05  -3.9700737e-05  -9.5857315e-05  -9.9327692e-05  -4.0225697e-05  0.00021348934  2.4241145e-05  3.3922950e-05  0.0014925430  0.00025716470  0.0000000   0.0051949347  -0.0013175997  -9.5123877e-05  -0.00035304384  0.00022120965  -0.00022367313  -0.00015218805  0.00017945409  0.00031890407  0.00056432878  -0.00010243744  -3.1267439e-05  3.5407975e-05  0.00014758819  -4.0367175e-06  -9.7586739e-05  0.00017386160  1.1265661e-05  3.7490899e-06  -0.00030387653  -1.5046445e-05  -3.9700737e-05  -9.5857315e-05  -9.9327692e-05  -4.0225697e-05  0.00021348934  2.4241145e-05  3.3922950e-05  0.0014925430  0.00025716470  0.0000000   0.0051949347  -0.0013175997  -9.5123877e-05  -0.00035304384  0.00022120965  -0.00022367313  -0.00015218805  0.00017945409  0.00031890407  0.00056432878  -0.00010243744  -3.1267439e-05  3.5407975e-05  0.00014758819  -4.0367175e-06  -9.7586739e-05  0.00017386160  1.1265661e-05  3.7490899e-06  -0.00030387653  
-3.1417607e-06  0.00035059110  -7.6429534e-05  8.5639712e-05  -1.4025449e-06  -0.00041716446  -9.9649414e-05  -2.5831220e-05  -0.0015376955  0.00084612692  -0.0051949347  0.0000000   0.0023683900  -6.9945334e-05  -0.00010398934  0.00058158513  -0.00022455632  -0.00093303966  -0.00054594704  -0.00047280417  -0.00036608408  8.5227677e-05  -3.5400313e-05  3.3550398e-05  0.00024306654  1.6924355e-05  -0.00023079452  9.9244949e-05  -1.8549297e-05  -2.4305882e-05  0.00027659329  -3.1417607e-06  0.00035059110  -7.6429534e-05  8.5639712e-05  -1.4025449e-06  -0.00041716446  -9.9649414e-05  -2.5831220e-05  -0.0015376955  0.00084612692  -0.0051949347  0.0000000   0.0023683900  -6.9945334e-05  -0.00010398934  0.00058158513  -0.00022455632  -0.00093303966  -0.00054594704  -0.00047280417  -0.00036608408  8.5227677e-05  -3.5400313e-05  3.3550398e-05  0.00024306654  1.6924355e-05  -0.00023079452  9.9244949e-05  -1.8549297e-05  -2.4305882e-05  0.00027659329  
3.3902007e-05  -0.00021359745  -2.9649036e-05  7.1752717e-05  3.0735215e-05  3.9751870e-05  5.9703706e-05  -2.5918230e-05  0.00068730487  0.00022912574  0.0013175997  -0.0023683900  0.0000000   -0.0012317830  -0.00099117309  0.0017357679  -0.00076449761  -0.00019784027  -0.00043391178  0.00049013630  7.5307438e-05  -8.5008309e-05  2.6360279e-05  -4.6319318e-05  -0.00014998647  1.7952564e-05  -8.1915580e-05  -0.00017371652  1.9517663e-05  -7.0046835e-06  9.6455206e-07  3.3902007e-05  -0.00021359745  -2.9649036e-05  7.1752717e-05  3.0735215e-05  3.9751870e-05  5.9703706e-05  -2.5918230e-05  0.00068730487  0.00022912574  0.0013175997  -0.0023683900  0.0000000   -0.0012317830  -0.00099117309  0.0017357679  -0.00076449761  -0.00019784027  -0.00043391178  0.00049013630  7.5307438e-05  -8.5008309e-05  2.6360279e-05  -4.6319318e-05  -0.00014998647  1.7952564e-05  -8.1915580e-05  -0.00017371652  1.9517663e-05  -7.0046835e-06  9.6455206e-07  
2.0126117e-05  -0.00018663177  -0.00012660703  9.3340857e-05  1.9370419e-05  -0.00042970837  2.5872684e-05  -2.6466662e-05  0.00071100795  0.0010664876  9.5123877e-05  6.9945334e-05  0.0012317830  0.0000000   -0.00011308907  0.00027995202  -0.00019712883  -0.00048007997  0.00016821271  0.00020738593  -0.00079901031  0.00010231579  -1.1030570e-05  1.2878897e-05  -0.00016427180  5.3056979e-06  -2.2092646e-06  8.4853602e-05  -7.3950775e-06  -6.5657753e-06  7.1217424e-05  2.0126117e-05  -0.00018663177  -0.00012660703  9.3340857e-05  1.9370419e-05  -0.00042970837  2.5872684e-05  -2.6466662e-05  0.00071100795  0.0010664876  9.5123877e-05  6.9945334e-05  0.0012317830  0.0000000   -0.00011308907  0.00027995202  -0.00019712883  -0.00048007997  0.00016821271  0.00020738593  -0.00079901031  0.00010231579  -1.1030570e-05  1.2878897e-05  -0.00016427180  5.3056979e-06  -2.2092646e-06  8.4853602e-05  -7.3950775e-06  -6.5657753e-06  7.1217424e-05  
3.9350570e-06  -9.8854612e-05  4.6566703e-05  0.00017773322  2.1655593e-05  0.00023013131  3.9100317e-05  -2.8258242e-05  2.2556809e-05  0.00025571664  0.00035304384  0.00010398934  0.00099117309  0.00011308907  0.0000000   0.0030323471  0.00013595443  3.4196445e-05  -0.00049501822  0.00022265523  1.0503576e-05  -8.2408623e-05  2.0102042e-05  -4.5525972e-06  -0.00036807482  1.8586061e-05  5.9445252e-05  8.5674765e-05  2.2232616e-05  -1.2450730e-05  -6.4284249e-05  3.9350570e-06  -9.8854612e-05  4.6566703e-05  0.00017773322  2.1655593e-05  0.00023013131  3.9100317e-05  -2.8258242e-05  2.2556809e-05  0.00025571664  0.00035304384  0.00010398934  0.00099117309  0.00011308907  0.0000000   0.0030323471  0.00013595443  3.4196445e-05  -0.00049501822  0.00022265523  1.0503576e-05  -8.2408623e-05  2.0102042e-05  -4.5525972e-06  -0.00036807482  1.8586061e-05  5.9445252e-05  8.5674765e-05  2.2232616e-05  -1.2450730e-05  -6.4284249e-05  
1.9500918e-05  -0.00018687120  2.4775172e-05  -0.00021523802  -4.4239219e-05  6.7369803e-05  7.1903341e-06  9.6756246e-05  -0.0010853109  -0.00038978127  -0.00022120965  -0.00058158513  -0.0017357679  -0.00027995202  -0.0030323471  0.0000000   0.0017619032  0.0010020835  -0.00028196548  0.00014400586  0.00073775664  -0.00015852458  -3.4654188e-05  3.2859671e-06  0.00013330177  -1.8793467e-05  -0.00020136651  -3.6214797e-05  2.8746300e-05  6.8456658e-06  -0.00011960830  1.9500918e-05  -0.00018687120  2.4775172e-05  -0.00021523802  -4.4239219e-05  6.7369803e-05  7.1903341e-06  9.6756246e-05  -0.0010853109  -0.00038978127  -0.00022120965  -0.00058158513  -0.0017357679  -0.00027995202  -0.0030323471  0.0000000   0.0017619032  0.0010020835  -0.00028196548  0.00014400586  0.00073775664  -0.00015852458  -3.4654188e-05  3.2859671e-06  0.00013330177  -1.8793467e-05  -0.00020136651  -3.6214797e-05  2.8746300e-05  6.8456658e-06  -0.00011960830  
7.4245002e-06  -0.00025416665  9.3315382e-05  -0.00018686865  -4.0550577e-05  -4.7198153e-05  -1.0230382e-05  -9.6189985e-06  0.00017594623  -5.8047653e-05  0.00022367313  0.00022455632  0.00076449761  0.00019712883  -0.00013595443  -0.0017619032  0.0000000   -1.5689711e-05  -0.00068024315  0.0010012790  0.00072343076  -0.00018799898  -3.4742324e-05  2.4489140e-06  0.00028853768  -2.3588552e-05  0.00017576454  1.5105490e-05  -3.9833194e-06  -1.3763087e-06  6.2509463e-05  7.4245002e-06  -0.00025416665  9.3315382e-05  -0.00018686865  -4.0550577e-05  -4.7198153e-05  -1.0230382e-05  -9.6189985e-06  0.00017594623  -5.8047653e-05  0.00022367313  0.00022455632  0.00076449761  0.00019712883  -0.00013595443  -0.0017619032  0.0000000   -1.5689711e-05  -0.00068024315  0.0010012790  0.00072343076  -0.00018799898  -3.4742324e-05  2.4489140e-06  0.00028853768  -2.3588552e-05  0.00017576454  1.5105490e-05  -3.9833194e-06  -1.3763087e-06  6.2509463e-05  
2.1591997e-05  2.5211881e-05  5.6938446e-05  3.5903307e-05  6.0418860e-06  -1.8716870e-06  -5.3788752e-05  -4.2838044e-05  -0.00049575778  -7.4080607e-05  0.00015218805  0.00093303966  0.00019784027  0.00048007997  -3.4196445e-05  -0.0010020835  1.5689711e-05  0.0000000   -0.012919240  0.00027826197  0.00085498444  -0.00061545563  -0.00012560198  -2.6083113e-05  0.00039352006  -3.3919706e-05  -0.00011283704  -0.00016615525  1.0843348e-05  -2.4816345e-05  -3.9536912e-05  2.1591997e-05  2.5211881e-05  5.6938446e-05  3.5903307e-05  6.0418860e-06  -1.8716870e-06  -5.3788752e-05  -4.2838044e-05  -0.00049575778  -7.4080607e-05  0.00015218805  0.00093303966  0.00019784027  0.00048007997  -3.4196445e-05  -0.0010020835  1.5689711e-05  0.0000000   -0.012919240  0.00027826197  0.00085498444  -0.00061545563  -0.00012560198  -2.6083113e-05  0.00039352006  -3.3919706e-05  -0.00011283704  -0.00016615525  1.0843348e-05  -2.4816345e-05  -3.9536912e-05  
7.1860702e-05  1.4437443e-05  5.4611428e-05  7.6245765e-05  3.4472421e-05  -0.00024542604  -6.1729672e-05  7.2478669e-05  6.1771548e-05  0.00015285948  -0.00017945409  0.00054594704  0.00043391178  -0.00016821271  0.00049501822  0.00028196548  0.00068024315  0.012919240  0.0000000   -0.0051814413  -0.0028407737  0.00053276575  -8.0607368e-05  0.00023237770  -0.00027175580  5.7884275e-05  0.00025779389  -1.4763232e-06  -0.00013696821  5.0301140e-05  8.0943696e-05  7.1860702e-05  1.4437443e-05  5.4611428e-05  7.6245765e-05  3.4472421e-05  -0.00024542604  -6.1729672e-05  7.2478669e-05  6.1771548e-05  0.00015285948  -0.00017945409  0.00054594704  0.00043391178  -0.00016821271  0.00049501822  0.00028196548  0.00068024315  0.012919240  0.0000000   -0.0051814413  -0.0028407737  0.00053276575  -8.0607368e-05  0.00023237770  -0.00027175580  5.7884275e-05  0.00025779389  -1.4763232e-06  -0.00013696821  5.0301140e-05  8.0943696e-05  
-7.1854769e-05  -0.00012228639  -0.00022505991  -5.9982476e-05  4.0227487e-05  -0.00010385659  6.2198683e-05  3.7912479e-05  -0.00010345659  -0.00015963977  -0.00031890407  0.00047280417  -0.00049013630  -0.00020738593  -0.00022265523  -0.00014400586  -0.0010012790  -0.00027826197  0.0051814413  0.0000000   0.013393645  -0.0018434983  0.00022465760  -6.2295043e-05  -0.00044780742  -0.00010355687  -7.9241006e-05  0.00036001779  3.9412170e-05  -6.9015279e-05  0.00026702650  -7.1854769e-05  -0.00012228639  -0.00022505991  -5.9982476e-05  4.0227487e-05  -0.00010385659  6.2198683e-05  3.7912479e-05  -0.00010345659  -0.00015963977  -0.00031890407  0.00047280417  -0.00049013630  -0.00020738593  -0.00022265523  -0.00014400586  -0.0010012790  -0.00027826197  0.0051814413  0.0000000   0.013393645  -0.0018434983  0.00022465760  -6.2295043e-05  -0.00044780742  -0.00010355687  -7.9241006e-05  0.00036001779  3.9412170e-05  -6.9015279e-05  0.00026702650  
3.8769149e-05  -0.00015834800  0.00011111326  -6.7992001e-05  5.7724850e-05  -0.00045493818  -8.2403671e-05  4.4396114e-05  -0.00023679021  0.00035354341  -0.00056432878  0.00036608408  -7.5307438e-05  0.00079901031  -1.0503576e-05  -0.00073775664  -0.00072343076  -0.00085498444  0.0028407737  -0.013393645  0.0000000   0.0012501548  0.00020208140  0.00030590605  0.0010278641  -0.00016080426  -0.00025051219  0.00037919213  -8.9234216e-05  5.7482375e-05  -0.00014555363  3.8769149e-05  -0.00015834800  0.00011111326  -6.7992001e-05  5.7724850e-05  -0.00045493818  -8.2403671e-05  4.4396114e-05  -0.00023679021  0.00035354341  -0.00056432878  0.00036608408  -7.5307438e-05  0.00079901031  -1.0503576e-05  -0.00073775664  -0.00072343076  -0.00085498444  0.0028407737  -0.013393645  0.0000000   0.0012501548  0.00020208140  0.00030590605  0.0010278641  -0.00016080426  -0.00025051219  0.00037919213  -8.9234216e-05  5.7482375e-05  -0.00014555363  
-1.9446429e-05  5.2226200e-05  3.5243330e-06  1.1597315e-05  -0.00013131447  6.8239417e-05  -0.00013783067  3.2872318e-05  6.9273844e-05  -1.8471558e-05  0.00010243744  -8.5227677e-05  8.5008309e-05  -0.00010231579  8.2408623e-05  0.00015852458  0.00018799898  0.00061545563  -0.00053276575  0.0018434983  -0.0012501548  0.0000000   -0.00032970825  0.0011743602  -0.00022284640  -0.00086268180  4.3199054e-05  -9.5213670e-05  -1.8101609e-05  0.00011938505  1.5871692e-06  -1.9446429e-05  5.2226200e-05  3.5243330e-06  1.1597315e-05  -0.00013131447  6.8239417e-05  -0.00013783067  3.2872318e-05  6.9273844e-05  -1.8471558e-05  0.00010243744  -8.5227677e-05  8.5008309e-05  -0.00010231579  8.2408623e-05  0.00015852458  0.00018799898  0.00061545563  -0.00053276575  0.0018434983  -0.0012501548  0.0000000   -0.00032970825  0.0011743602  -0.00022284640  -0.00086268180  4.3199054e-05  -9.5213670e-05  -1.8101609e-05  0.00011938505  1.5871692e-06  
0.00015773922  4.4360255e-06  9.1334816e-06  3.5937207e-06  8.1835337e-05  5.4280239e-06  -0.00030335600  2.6099268e-05  1.7017287e-05  2.5363217e-05  3.1267439e-05  3.5400313e-05  -2.6360279e-05  1.1030570e-05  -2.0102042e-05  3.4654188e-05  3.4742324e-05  0.00012560198  8.0607368e-05  -0.00022465760  -0.00020208140  0.00032970825  0.0000000   -0.00025122267  3.7143032e-05  0.00026694658  -2.7938878e-06  1.2222852e-05  -0.00022792587  0.00013138107  -1.5821936e-05  0.00015773922  4.4360255e-06  9.1334816e-06  3.5937207e-06  8.1835337e-05  5.4280239e-06  -0.00030335600  2.6099268e-05  1.7017287e-05  2.5363217e-05  3.1267439e-05  3.5400313e-05  -2.6360279e-05  1.1030570e-05  -2.0102042e-05  3.4654188e-05  3.4742324e-05  0.00012560198  8.0607368e-05  -0.00022465760  -0.00020208140  0.00032970825  0.0000000   -0.00025122267  3.7143032e-05  0.00026694658  -2.7938878e-06  1.2222852e-05  -0.00022792587  0.00013138107  -1.5821936e-05  
-0.00015441081  -7.7016248e-06  -4.5208434e-06  -2.5780129e-08  0.00011848627  1.4257284e-05  5.4198041e-06  0.00024627850  -1.6955085e-05  -1.4302292e-05  -3.5407975e-05  -3.3550398e-05  4.6319318e-05  -1.2878897e-05  4.5525972e-06  -3.2859671e-06  -2.4489140e-06  2.6083113e-05  -0.00023237770  6.2295043e-05  -0.00030590605  -0.0011743602  0.00025122267  0.0000000   -2.8533163e-05  -0.00070742124  -1.8978456e-05  -3.9720469e-05  4.4017235e-05  -3.7312484e-05  4.3087108e-05  -0.00015441081  -7.7016248e-06  -4.5208434e-06  -2.5780129e-08  0.00011848627  1.4257284e-05  5.4198041e-06  0.00024627850  -1.6955085e-05  -1.4302292e-05  -3.5407975e-05  -3.3550398e-05  4.6319318e-05  -1.2878897e-05  4.5525972e-06  -3.2859671e-06  -2.4489140e-06  2.6083113e-05  -0.00023237770  6.2295043e-05  -0.00030590605  -0.0011743602  0.00025122267  0.0000000   -2.8533163e-05  -0.00070742124  -1.8978456e-05  -3.9720469e-05  4.4017235e-05  -3.7312484e-05  4.3087108e-05  
-3.1042987e-06  0.00014779091  4.4664754e-05  4.6252272e-05  1.9669967e-06  0.00015728722  -1.3669914e-05  -2.6515461e-05  -4.7462402e-05  -0.00014176026  -0.00014758819  -0.00024306654  0.00014998647  0.00016427180  0.00036807482  -0.00013330177  -0.00028853768  -0.00039352006  0.00027175580  0.00044780742  -0.0010278641  0.00022284640  -3.7143032e-05  2.8533163e-05  0.0000000   3.7975544e-05  -0.00020855890  -0.00023346706  -3.3382533e-05  2.9095590e-06  0.00048397028  -3.1042987e-06  0.00014779091  4.4664754e-05  4.6252272e-05  1.9669967e-06  0.00015728722  -1.3669914e-05  -2.6515461e-05  -4.7462402e-05  -0.00014176026  -0.00014758819  -0.00024306654  0.00014998647  0.00016427180  0.00036807482  -0.00013330177  -0.00028853768  -0.00039352006  0.00027175580  0.00044780742  -0.0010278641  0.00022284640  -3.7143032e-05  2.8533163e-05  0.0000000   3.7975544e-05  -0.00020855890  -0.00023346706  -3.3382533e-05  2.9095590e-06  0.00048397028  
1.8474486e-05  -7.7770756e-06  3.5375443e-06  -4.1276604e-06  -3.9152789e-05  -7.5642411e-06  0.00017046188  -8.4201010e-05  1.3919201e-06  2.3597768e-06  4.0367175e-06  -1.6924355e-05  -1.7952564e-05  -5.3056979e-06  -1.8586061e-05  1.8793467e-05  2.3588552e-05  3.3919706e-05  -5.7884275e-05  0.00010355687  0.00016080426  0.00086268180  -0.00026694658  0.00070742124  -3.7975544e-05  0.0000000   -1.3265758e-05  3.4519267e-05  0.00014227553  -7.4777264e-05  -9.3937469e-05  1.8474486e-05  -7.7770756e-06  3.5375443e-06  -4.1276604e-06  -3.9152789e-05  -7.5642411e-06  0.00017046188  -8.4201010e-05  1.3919201e-06  2.3597768e-06  4.0367175e-06  -1.6924355e-05  -1.7952564e-05  -5.3056979e-06  -1.8586061e-05  1.8793467e-05  2.3588552e-05  3.3919706e-05  -5.7884275e-05  0.00010355687  0.00016080426  0.00086268180  -0.00026694658  0.00070742124  -3.7975544e-05  0.0000000   -1.3265758e-05  3.4519267e-05  0.00014227553  -7.4777264e-05  -9.3937469e-05  
8.7230522e-06  -8.4538423e-05  -5.3168163e-05  -1.4880252e-05  -1.6796975e-05  -0.00010421468  -1.4886226e-06  -6.1114048e-06  -8.7264145e-05  0.00013943427  9.7586739e-05  0.00023079452  8.1915580e-05  2.2092646e-06  -5.9445252e-05  0.00020136651  -0.00017576454  0.00011283704  -0.00025779389  7.9241006e-05  0.00025051219  -4.3199054e-05  2.7938878e-06  1.8978456e-05  0.00020855890  1.3265758e-05  0.0000000   -0.0015033638  -5.0278095e-05  -0.00011732711  0.00021713047  8.7230522e-06  -8.4538423e-05  -5.3168163e-05  -1.4880252e-05  -1.6796975e-05  -0.00010421468  -1.4886226e-06  -6.1114048e-06  -8.7264145e-05  0.00013943427  9.7586739e-05  0.00023079452  8.1915580e-05  2.2092646e-06  -5.9445252e-05  0.00020136651  -0.00017576454  0.00011283704  -0.00025779389  7.9241006e-05  0.00025051219  -4.3199054e-05  2.7938878e-06  1.8978456e-05  0.00020855890  1.3265758e-05  0.0000000   -0.0015033638  -5.0278095e-05  -0.00011732711  0.00021713047  
8.7687986e-06  -4.3497626e-05  -1.0372355e-05  1.7244003e-05  -6.9316613e-06  -0.00011942768  -1.2907179e-05  9.5980849e-06  4.3229248e-06  1.5927555e-05  -0.00017386160  -9.9244949e-05  0.00017371652  -8.4853602e-05  -8.5674765e-05  3.6214797e-05  -1.5105490e-05  0.00016615525  1.4763232e-06  -0.00036001779  -0.00037919213  9.5213670e-05  -1.2222852e-05  3.9720469e-05  0.00023346706  -3.4519267e-05  0.0015033638  0.0000000   1.3403023e-05  0.00011632773  -0.00094224665  8.7687986e-06  -4.3497626e-05  -1.0372355e-05  1.7244003e-05  -6.9316613e-06  -0.00011942768  -1.2907179e-05  9.5980849e-06  4.3229248e-06  1.5927555e-05  -0.00017386160  -9.9244949e-05  0.00017371652  -8.4853602e-05  -8.5674765e-05  3.6214797e-05  -1.5105490e-05  0.00016615525  1.4763232e-06  -0.00036001779  -0.00037919213  9.5213670e-05  -1.2222852e-05  3.9720469e-05  0.00023346706  -3.4519267e-05  0.0015033638  0.0000000   1.3403023e-05  0.00011632773  -0.00094224665  
5.7931029e-05  1.3490426e-05  6.0578827e-06  -3.5939839e-07  -3.1442955e-05  -8.3029365e-07  5.6756781e-06  -6.7116933e-05  -1.2394744e-05  -1.3298591e-05  -1.1265661e-05  1.8549297e-05  -1.9517663e-05  7.3950775e-06  -2.2232616e-05  -2.8746300e-05  3.9833194e-06  -1.0843348e-05  0.00013696821  -3.9412170e-05  8.9234216e-05  1.8101609e-05  0.00022792587  -4.4017235e-05  3.3382533e-05  -0.00014227553  5.0278095e-05  -1.3403023e-05  0.0000000   -0.0017625769  -9.9534774e-05  5.7931029e-05  1.3490426e-05  6.0578827e-06  -3.5939839e-07  -3.1442955e-05  -8.3029365e-07  5.6756781e-06  -6.7116933e-05  -1.2394744e-05  -1.3298591e-05  -1.1265661e-05  1.8549297e-05  -1.9517663e-05  7.3950775e-06  -2.2232616e-05  -2.8746300e-05  3.9833194e-06  -1.0843348e-05  0.00013696821  -3.9412170e-05  8.9234216e-05  1.8101609e-05  0.00022792587  -4.4017235e-05  3.3382533e-05  -0.00014227553  5.0278095e-05  -1.3403023e-05  0.0000000   -0.0017625769  -9.9534774e-05  
5.7868217e-05  8.9205541e-06  1.2493835e-05  4.4305887e-07  -5.5885559e-05  -5.1461977e-06  -3.1267345e-06  6.8260055e-05  1.4134492e-05  2.2493759e-05  -3.7490899e-06  2.4305882e-05  7.0046835e-06  6.5657753e-06  1.2450730e-05  -6.8456658e-06  1.3763087e-06  2.4816345e-05  -5.0301140e-05  6.9015279e-05  -5.7482375e-05  -0.00011938505  -0.00013138107  3.7312484e-05  -2.9095590e-06  7.4777264e-05  0.00011732711  -0.00011632773  0.0017625769  0.0000000   -0.00010309557  5.7868217e-05  8.9205541e-06  1.2493835e-05  4.4305887e-07  -5.5885559e-05  -5.1461977e-06  -3.1267345e-06  6.8260055e-05  1.4134492e-05  2.2493759e-05  -3.7490899e-06  2.4305882e-05  7.0046835e-06  6.5657753e-06  1.2450730e-05  -6.8456658e-06  1.3763087e-06  2.4816345e-05  -5.0301140e-05  6.9015279e-05  -5.7482375e-05  -0.00011938505  -0.00013138107  3.7312484e-05  -2.9095590e-06  7.4777264e-05  0.00011732711  -0.00011632773  0.0017625769  0.0000000   -0.00010309557  
1.8615222e-06  -7.8045919e-06  -1.4887528e-05  1.7838437e-05  9.4989462e-06  -4.9430577e-05  2.8468810e-05  4.5986300e-07  0.00012441531  -7.7148452e-05  0.00030387653  -0.00027659329  -9.6455206e-07  -7.1217424e-05  6.4284249e-05  0.00011960830  -6.2509463e-05  3.9536912e-05  -8.0943696e-05  -0.00026702650  0.00014555363  -1.5871692e-06  1.5821936e-05  -4.3087108e-05  -0.00048397028  9.3937469e-05  -0.00021713047  0.00094224665  9.9534774e-05  0.00010309557  0.0000000   1.8615222e-06  -7.8045919e-06  -1.4887528e-05  1.7838437e-05  9.4989462e-06  -4.9430577e-05  2.8468810e-05  4.5986300e-07  0.00012441531  -7.7148452e-05  0.00030387653  -0.00027659329  -9.6455206e-07  -7.1217424e-05  6.4284249e-05  0.00011960830  -6.2509463e-05  3.9536912e-05  -8.0943696e-05  -0.00026702650  0.00014555363  -1.5871692e-06  1.5821936e-05  -4.3087108e-05  -0.00048397028  9.3937469e-05  -0.00021713047  0.00094224665  9.9534774e-05  0.00010309557  0.0000000   
0.0000000   -1.4562579e-05  -0.00019106866  0.00012492201  0.0010030043  8.4983465e-05  0.00034119956  1.9405458e-05  -1.3974685e-05  -4.4351026e-05  1.5046445e-05  3.1417607e-06  -3.3902007e-05  -2.0126117e-05  -3.9350570e-06  -1.9500918e-05  -7.4245002e-06  -2.1591997e-05  -7.1860702e-05  7.1854769e-05  -3.8769149e-05  1.9446429e-05  -0.00015773922  0.00015441081  3.1042987e-06  -1.8474486e-05  -8.7230522e-06  -8.7687986e-06  -5.7931029e-05  -5.7868217e-05  -1.8615222e-06  0.0000000   -1.4562579e-05  -0.00019106866  0.00012492201  0.0010030043  8.4983465e-05  0.00034119956  1.9405458e-05  -1.3974685e-05  -4.4351026e-05  1.5046445e-05  3.1417607e-06  -3.3902007e-05  -2.0126117e-05  -3.9350570e-06  -1.9500918e-05  -7.4245002e-06  -2.1591997e-05  -7.1860702e-05  7.1854769e-05  -3.8769149e-05  1.9446429e-05  -0.00015773922  0.00015441081  3.1042987e-06  -1.8474486e-05  -8.7230522e-06  -8.7687986e-06  -5.7931029e-05  -5.7868217e-05  -1.8615222e-06  
1.4562579e-05  0.0000000   0.0031501820  -0.0014572663  3.8676921e-05  -0.00083165231  6.7890157e-05  2.0860626e-05  0.00074142185  0.00036031013  3.9700737e-05  -0.00035059110  0.00021359745  0.00018663177  9.8854612e-05  0.00018687120  0.00025416665  -2.5211881e-05  -1.4437443e-05  0.00012228639  0.00015834800  -5.2226200e-05  -4.4360255e-06  7.7016248e-06  -0.00014779091  7.7770756e-06  8.4538423e-05  4.3497626e-05  -1.3490426e-05  -8.9205541e-06  7.8045919e-06  1.4562579e-05  0.0000000   0.0031501820  -0.0014572663  3.8676921e-05  -0.00083165231  6.7890157e-05  2.0860626e-05  0.00074142185  0.00036031013  3.9700737e-05  -0.00035059110  0.00021359745  0.00018663177  9.8854612e-05  0.00018687120  0.00025416665  -2.5211881e-05  -1.4437443e-05  0.00012228639  0.00015834800  -5.2226200e-05  -4.4360255e-06  7.7016248e-06  -0.00014779091  7.7770756e-06  8.4538423e-05  4.3497626e-05  -1.3490426e-05  -8.9205541e-06  7.8045919e-06  
0.00019106866  -0.0031501820  0.0000000   -0.0023627262  -0.00030299967  -0.00012600492  3.6486132e-05  1.4861519e-05  -0.00026354724  8.4502877e-05  9.5857315e-05  7.6429534e-05  2.9649036e-05  0.00012660703  -4.6566703e-05  -2.4775172e-05  -9.3315382e-05  -5.6938446e-05  -5.4611428e-05  0.00022505991  -0.00011111326  -3.5243330e-06  -9.1334816e-06  4.5208434e-06  -4.4664754e-05  -3.5375443e-06  5.3168163e-05  1.0372355e-05  -6.0578827e-06  -1.2493835e-05  1.4887528e-05  0.00019106866  -0.0031501820  0.0000000   -0.0023627262  -0.00030299967  -0.00012600492  3.6486132e-05  1.4861519e-05  -0.00026354724  8.4502877e-05  9.5857315e-05  7.6429534e-05  2.9649036e-05  0.00012660703  -4.6566703e-05  -2.4775172e-05  -9.3315382e-05  -5.6938446e-05  -5.4611428e-05  0.00022505991  -0.00011111326  -3.5243330e-06  -9.1334816e-06  4.5208434e-06  -4.4664754e-05  -3.5375443e-06  5.3168163e-05  1.0372355e-05  -6.0578827e-06  -1.2493835e-05  1.4887528e-05  
-0.00012492201  0.0014572663  0.0023627262  0.0000000   0.00011355899  0.00074468305  5.6520801e-06  -1.7693996e-05  0.00019657604  0.00015030624  9.9327692e-05  -8.5639712e-05  -7.1752717e-05  -9.3340857e-05  -0.00017773322  0.00021523802  0.00018686865  -3.5903307e-05  -7.6245765e-05  5.9982476e-05  6.7992001e-05  -1.1597315e-05  -3.5937207e-06  2.5780129e-08  -4.6252272e-05  4.1276604e-06  1.4880252e-05  -1.7244003e-05  3.5939839e-07  -4.4305887e-07  -1.7838437e-05  -0.00012492201  0.0014572663  0.0023627262  0.0000000   0.00011355899  0.00074468305  5.6520801e-06  -1.7693996e-05  0.00019657604  0.00015030624  9.9327692e-05  -8.5639712e-05  -7.1752717e-05  -9.3340857e-05  -0.00017773322  0.00021523802  0.00018686865  -3.5903307e-05  -7.6245765e-05  5.9982476e-05  6.7992001e-05  -1.1597315e-05  -3.5937207e-06  2.5780129e-08  -4.6252272e-05  4.1276604e-06  1.4880252e-05  -1.7244003e-05  3.5939839e-07  -4.4305887e-07  -1.7838437e-05  
-0.0010030043  -3.8676921e-05  0.00030299967  -0.00011355899  0.0000000   -4.7860960e-05  0.00034087714  -0.00035178410  0.00012314576  1.5132659e-05  4.0225697e-05  1.4025449e-06  -3.0735215e-05  -1.9370419e-05  -2.1655593e-05  4.4239219e-05  4.0550577e-05  -6.0418860e-06  -3.4472421e-05  -4.0227487e-05  -5.7724850e-05  0.00013131447  -8.1835337e-05  -0.00011848627  -1.9669967e-06  3.9152789e-05  1.6796975e-05  6.9316613e-06  3.1442955e-05  5.5885559e-05  -9.4989462e-06  -0.0010030043  -3.8676921e-05  0.00030299967  -0.00011355899  0.0000000   -4.7860960e-05  0.00034087714  -0.00035178410  0.00012314576  1.5132659e-05  4.0225697e-05  1.4025449e-06  -3.0735215e-05  -1.9370419e-05  -2.1655593e-05  4.4239219e-05  4.0550577e-05  -6.0418860e-06  -3.4472421e-05  -4.0227487e-05  -5.7724850e-05  0.00013131447  -8.1835337e-05  -0.00011848627  -1.9669967e-06  3.9152789e-05  1.6796975e-05  6.9316613e-06  3.1442955e-05  5.5885559e-05  -9.4989462e-06  
-8.4983465e-05  0.00083165231  0.00012600492  -0.00074468305  4.7860960e-05  0.0000000   5.2255126e-05  -2.1364585e-05  -0.0010053696  0.00063805912  -0.00021348934  0.00041716446  -3.9751870e-05  0.00042970837  -0.00023013131  -6.7369803e-05  4.7198153e-05  1.8716870e-06  0.00024542604  0.00010385659  0.00045493818  -6.8239417e-05  -5.4280239e-06  -1.4257284e-05  -0.00015728722  7.5642411e-06  0.00010421468  0.00011942768  8.3029365e-07  5.1461977e-06  4.9430577e-05  -8.4983465e-05  0.00083165231  0.00012600492  -0.00074468305  4.7860960e-05  0.0000000   5.2255126e-05  -2.1364585e-05  -0.0010053696  0.00063805912  -0.00021348934  0.00041716446  -3.9751870e-05  0.00042970837  -0.00023013131  -6.7369803e-05  4.7198153e-05  1.8716870e-06  0.00024542604  0.00010385659  0.00045493818  -6.8239417e-05  -5.4280239e-06  -1.4257284e-05  -0.00015728722  7.5642411e-06  0.00010421468  0.00011942768  8.3029365e-07  5.1461977e-06  4.9430577e-05  
-0.00034119956  -6.7890157e-05  -3.6486132e-05  -5.6520801e-06  -0.00034087714  -5.2255126e-05  0.0000000   -0.0016067488  -3.4103961e-06  -1.8822597e-05  -2.4241145e-05  9.9649414e-05  -5.9703706e-05  -2.5872684e-05  -3.9100317e-05  -7.1903341e-06  1.0230382e-05  5.3788752e-05  6.1729672e-05  -6.2198683e-05  8.2403671e-05  0.00013783067  0.00030335600  -5.4198041e-06  1.3669914e-05  -0.00017046188  1.4886226e-06  1.2907179e-05  -5.6756781e-06  3.1267345e-06  -2.8468810e-05  -0.00034119956  -6.7890157e-05  -3.6486132e-05  -5.6520801e-06  -0.00034087714  -5.2255126e-05  0.0000000   -0.0016067488  -3.4103961e-06  -1.8822597e-05  -2.4241145e-05  9.9649414e-05  -5.9703706e-05  -2.5872684e-05  -3.9100317e-05  -7.1903341e-06  1.0230382e-05  5.3788752e-05  6.1729672e-05  -6.2198683e-05  8.2403671e-05  0.00013783067  0.00030335600  -5.4198041e-06  1.3669914e-05  -0.00017046188  1.4886226e-06  1.2907179e-05  -5.6756781e-06  3.1267345e-06  -2.8468810e-05  
-1.9405458e-05  -2.0860626e-05  -1.4861519e-05  1.7693996e-05  0.00035178410  2.1364585e-05  0.0016067488  0.0000000   -2.9203751e-05  -4.6235230e-05  -3.3922950e-05  2.5831220e-05  2.5918230e-05  2.6466662e-05  2.8258242e-05  -9.6756246e-05  9.6189985e-06  4.2838044e-05  -7.2478669e-05  -3.7912479e-05  -4.4396114e-05  -3.2872318e-05  -2.6099268e-05  -0.00024627850  2.6515461e-05  8.4201010e-05  6.1114048e-06  -9.5980849e-06  6.7116933e-05  -6.8260055e-05  -4.5986300e-07  -1.9405458e-05  -2.0860626e-05  -1.4861519e-05  1.7693996e-05  0.00035178410  2.1364585e-05  0.0016067488  0.0000000   -2.9203751e-05  -4.6235230e-05  -3.3922950e-05  2.5831220e-05  2.5918230e-05  2.6466662e-05  2.8258242e-05  -9.6756246e-05  9.6189985e-06  4.2838044e-05  -7.2478669e-05  -3.7912479e-05  -4.4396114e-05  -3.2872318e-05  -2.6099268e-05  -0.00024627850  2.6515461e-05  8.4201010e-05  6.1114048e-06  -9.5980849e-06  6.7116933e-05  -6.8260055e-05  -4.5986300e-07  
1.3974685e-05  -0.00074142185  0.00026354724  -0.00019657604  -0.00012314576  0.0010053696  3.4103961e-06  2.9203751e-05  0.0000000   0.00017499563  -0.0014925430  0.0015376955  -0.00068730487  -0.00071100795  -2.2556809e-05  0.0010853109  -0.00017594623  0.00049575778  -6.1771548e-05  0.00010345659  0.00023679021  -6.9273844e-05  -1.7017287e-05  1.6955085e-05  4.7462402e-05  -1.3919201e-06  8.7264145e-05  -4.3229248e-06  1.2394744e-05  -1.4134492e-05  -0.00012441531  1.3974685e-05  -0.00074142185  0.00026354724  -0.00019657604  -0.00012314576  0.0010053696  3.4103961e-06  2.9203751e-05  0.0000000   0.00017499563  -0.0014925430  0.0015376955  -0.00068730487  -0.00071100795  -2.2556809e-05  0.0010853109  -0.00017594623  0.00049575778  -6.1771548e-05  0.00010345659  0.00023679021  -6.9273844e-05  -1.7017287e-05  1.6955085e-05  4.7462402e-05  -1.3919201e-06  8.7264145e-05  -4.3229248e-06  1.2394744e-05  -1.4134492e-05  -0.00012441531  
4.4351026e-05  -0.00036031013  -8.4502877e-05  -0.00015030624  -1.5132659e-05  -0.00063805912  1.8822597e-05  4.6235230e-05  -0.00017499563  0.0000000   -0.00025716470  -0.00084612692  -0.00022912574  -0.0010664876  -0.00025571664  0.00038978127  5.8047653e-05  7.4080607e-05  -0.00015285948  0.00015963977  -0.00035354341  1.8471558e-05  -2.5363217e-05  1.4302292e-05  0.00014176026  -2.3597768e-06  -0.00013943427  -1.5927555e-05  1.3298591e-05  -2.2493759e-05  7.7148452e-05  4.4351026e-05  -0.00036031013  -8.4502877e-05  -0.00015030624  -1.5132659e-05  -0.00063805912  1.8822597e-05  4.6235230e-05  -0.00017499563  0.0000000   -0.00025716470  -0.00084612692  -0.00022912574  -0.0010664876  -0.00025571664  0.00038978127  5.8047653e-05  7.4080607e-05  -0.00015285948  0.00015963977  -0.00035354341  1.8471558e-05  -2.5363217e-05  1.4302292e-05  0.00014176026  -2.3597768e-06  -0.00013943427  -1.5927555e-05  1.3298591e-05  -2.2493759e-05  7.7148452e-05  
-1.5046445e-05  -3.9700737e-05  -9.5857315e-05  -9.9327692e-05  -4.0225697e-05  0.00021348934  2.4241145e-05  3.3922950e-05  0.0014925430  0.00025716470  0.0000000   0.0051949347  -0.0013175997  -9.5123877e-05  -0.00035304384  0.00022120965  -0.00022367313  -0.00015218805  0.00017945409  0.00031890407  0.00056432878  -0.00010243744  -3.1267439e-05  3.5407975e-05  0.00014758819  -4.0367175e-06  -9.7586739e-05  0.00017386160  1.1265661e-05  3.7490899e-06  -0.00030387653  -1.5046445e-05  -3.9700737e-05  -9.5857315e-05  -9.9327692e-05  -4.0225697e-05  0.00021348934  2.4241145e-05  3.3922950e-05  0.0014925430  0.00025716470  0.0000000   0.0051949347  -0.0013175997  -9.5123877e-05  -0.00035304384  0.00022120965  -0.00022367313  -0.00015218805  0.00017945409  0.00031890407  0.00056432878  -0.00010243744  -3.1267439e-05  3.5407975e-05  0.00014758819  -4.0367175e-06  -9.7586739e-05  0.00017386160  1.1265661e-05  3.7490899e-06  -0.00030387653  
