0.0000000   -0.0041092486  7.3328397e-05  -0.00011093237  -0.00069468989  -0.00078911757  -0.00025077143  -0.00014489898  0.00034519166  0.00011185990  -0.00025984273  4.1566507e-05  2.6751912e-05  3.7433694e-06  -7.3863252e-05  -6.3158987e-05  0.00022181014  -4.6585554e-05  2.8239561e-05  1.4228110e-05  1.8315150e-05  6.0147340e-07  -8.9065160e-06  -2.5674254e-05  -1.3860713e-05  -1.3335585e-05  -2.1685247e-07  -2.1496304e-05  -1.8080753e-06  -2.3505197e-05  -7.6586443e-05  0.0000000   -0.0041092486  7.3328397e-05  -0.00011093237  -0.00069468989  -0.00078911757  -0.00025077143  -0.00014489898  0.00034519166  0.00011185990  -0.00025984273  4.1566507e-05  2.6751912e-05  3.7433694e-06  -7.3863252e-05  -6.3158987e-05  0.00022181014  -4.6585554e-05  2.8239561e-05  1.4228110e-05  1.8315150e-05  6.0147340e-07  -8.9065160e-06  -2.5674254e-05  -1.3860713e-05  -1.3335585e-05  -2.1685247e-07  -2.1496304e-05  -1.8080753e-06  -2.3505197e-05  -7.6586443e-05  
0.0041092486  0.0000000   2.4146038e-06  1.8009061e-05  0.0015543234  0.00047704114  0.00014185591  9.8453181e-05  -0.0010026715  -0.00045708934  -1.2622112e-05  1.2037474e-05  7.6791892e-05  8.7825649e-05  -8.4254460e-05  0.00017325443  0.00022427460  2.3473511e-06  -1.1612763e-05  6.6953915e-06  -2.9965992e-05  0.00032826285  -2.5797380e-05  0.00023743874  1.3634595e-05  7.9015890e-06  -8.3614331e-06  2.8910075e-05  1.4167520e-06  -1.7790900e-05  0.00011032059  0.0041092486  0.0000000   2.4146038e-06  1.8009061e-05  0.0015543234  0.00047704114  0.00014185591  9.8453181e-05  -0.0010026715  -0.00045708934  -1.2622112e-05  1.2037474e-05  7.6791892e-05  8.7825649e-05  -8.4254460e-05  0.00017325443  0.00022427460  2.3473511e-06  -1.1612763e-05  6.6953915e-06  -2.9965992e-05  0.00032826285  -2.5797380e-05  0.00023743874  1.3634595e-05  7.9015890e-06  -8.3614331e-06  2.8910075e-05  1.4167520e-06  -1.7790900e-05  0.00011032059  
-7.3328397e-05  -2.4146038e-06  0.0000000   -0.00061324907  -0.00012835045  0.00034689629  -0.00072974268  -0.00011199000  -2.2082276e-06  -4.5475088e-05  3.4698525e-05  -3.1643758e-05  0.00016155070  2.7247902e-05  -5.8704749e-06  2.9411339e-05  1.9252903e-05  -8.8948442e-05  4.9458766e-05  5.9348546e-05  1.6218240e-05  -1.3744354e-06  -0.00020246525  -6.0197382e-06  -9.6881468e-07  0.00018934799  -0.00010949973  0.00014963150  -1.2008533e-05  -0.00015960908  -3.9232003e-05  -7.3328397e-05  -2.4146038e-06  0.0000000   -0.00061324907  -0.00012835045  0.00034689629  -0.00072974268  -0.00011199000  -2.2082276e-06  -4.5475088e-05  3.4698525e-05  -3.1643758e-05  0.00016155070  2.7247902e-05  -5.8704749e-06  2.9411339e-05  1.9252903e-05  -8.8948442e-05  4.9458766e-05  5.9348546e-05  1.6218240e-05  -1.3744354e-06  -0.00020246525  -6.0197382e-06  -9.6881468e-07  0.00018934799  -0.00010949973  0.00014963150  -1.2008533e-05  -0.00015960908  -3.9232003e-05  
0.00011093237  -1.8009061e-05  0.00061324907  0.0000000   -9.4083696e-05  -0.00051770714  0.0020059745  0.00051832567  1.3630168e-05  -8.6930495e-05  0.00015117719  0.00043110341  -1.9899983e-05  0.00018911800  -2.4103839e-05  5.1974225e-05  4.8922371e-05  -4.3086352e-07  -0.00011641333  3.2766524e-05  2.4361328e-05  3.8895490e-05  -0.00012840254  -5.3473803e-06  0.00015566556  6.2891743e-05  9.3795614e-05  0.00010621776  1.4996348e-05  0.00011056203  -7.0142793e-06  0.00011093237  -1.8009061e-05  0.00061324907  0.0000000   -9.4083696e-05  -0.00051770714  0.0020059745  0.00051832567  1.3630168e-05  -8.6930495e-05  0.00015117719  0.00043110341  -1.9899983e-05  0.00018911800  -2.4103839e-05  5.1974225e-05  4.8922371e-05  -4.3086352e-07  -0.00011641333  3.2766524e-05  2.4361328e-05  3.8895490e-05  -0.00012840254  -5.3473803e-06  0.00015566556  6.2891743e-05  9.3795614e-05  0.00010621776  1.4996348e-05  0.00011056203  -7.0142793e-06  
0.00069468989  -0.0015543234  0.00012835045  9.4083696e-05  0.0000000   -0.0027761548  -0.00071547970  -0.00031409878  -0.00025652807  0.0012657626  -0.00074363113  0.00011348330  1.1312714e-05  0.00010200004  0.00022227750  -0.00028277388  -0.00039966710  -3.4359013e-05  -6.9372847e-06  7.2074066e-05  5.3385172e-05  -0.00034546176  1.4271309e-05  -0.00017937046  -2.3964194e-05  1.3853492e-06  -1.7124642e-06  1.5870412e-06  -3.4887204e-05  -4.0065919e-05  0.00027322388  0.00069468989  -0.0015543234  0.00012835045  9.4083696e-05  0.0000000   -0.0027761548  -0.00071547970  -0.00031409878  -0.00025652807  0.0012657626  -0.00074363113  0.00011348330  1.1312714e-05  0.00010200004  0.00022227750  -0.00028277388  -0.00039966710  -3.4359013e-05  -6.9372847e-06  7.2074066e-05  5.3385172e-05  -0.00034546176  1.4271309e-05  -0.00017937046  -2.3964194e-05  1.3853492e-06  -1.7124642e-06  1.5870412e-06  -3.4887204e-05  -4.0065919e-05  0.00027322388  
0.00078911757  -0.00047704114  -0.00034689629  0.00051770714  0.0027761548  0.0000000   0.00025221238  -0.00013767147  -0.00018953255  -0.00033305701  -0.00063034840  -4.4596568e-06  -8.9743124e-05  0.00029563647  -0.00020035641  -0.00030131122  3.8196406e-06  -3.8593333e-05  4.4504379e-05  1.6527480e-05  2.8794488e-05  0.00020812999  -1.6973313e-05  0.00016572551  -1.0418519e-05  1.3274493e-05  -2.5848377e-05  4.8750237e-05  -3.4339506e-05  -8.3132279e-05  0.00013036563  0.00078911757  -0.00047704114  -0.00034689629  0.00051770714  0.0027761548  0.0000000   0.00025221238  -0.00013767147  -0.00018953255  -0.00033305701  -0.00063034840  -4.4596568e-06  -8.9743124e-05  0.00029563647  -0.00020035641  -0.00030131122  3.8196406e-06  -3.8593333e-05  4.4504379e-05  1.6527480e-05  2.8794488e-05  0.00020812999  -1.6973313e-05  0.00016572551  -1.0418519e-05  1.3274493e-05  -2.5848377e-05  4.8750237e-05  -3.4339506e-05  -8.3132279e-05  0.00013036563  
0.00025077143  -0.00014185591  0.00072974268  -0.0020059745  0.00071547970  -0.00025221238  0.0000000   0.00065518858  -7.0351915e-05  -6.5643463e-05  -0.00019566139  0.00014762449  0.00052337580  -0.00042516043  -0.00010997841  -6.3490160e-05  1.2823456e-06  0.00012799998  -0.00018820055  3.8844556e-05  -0.00017722516  4.9234496e-05  9.2001488e-05  4.9984158e-05  9.7770777e-05  -2.5383188e-05  -1.9826765e-05  -5.4545017e-06  5.8422696e-05  3.3660449e-05  3.9419290e-05  0.00025077143  -0.00014185591  0.00072974268  -0.0020059745  0.00071547970  -0.00025221238  0.0000000   0.00065518858  -7.0351915e-05  -6.5643463e-05  -0.00019566139  0.00014762449  0.00052337580  -0.00042516043  -0.00010997841  -6.3490160e-05  1.2823456e-06  0.00012799998  -0.00018820055  3.8844556e-05  -0.00017722516  4.9234496e-05  9.2001488e-05  4.9984158e-05  9.7770777e-05  -2.5383188e-05  -1.9826765e-05  -5.4545017e-06  5.8422696e-05  3.3660449e-05  3.9419290e-05  
0.00014489898  -9.8453181e-05  0.00011199000  -0.00051832567  0.00031409878  0.00013767147  -0.00065518858  0.0000000   6.5164899e-06  1.8768073e-05  -0.00014095787  7.8579921e-05  -0.00057011555  0.00053737868  9.1504994e-06  -2.6031359e-05  1.9017857e-05  0.00016839340  -0.00021204676  -7.7681114e-05  -0.00014335088  7.3607698e-06  -0.00013696676  2.3533344e-05  6.3577669e-05  -5.7176386e-05  9.2540718e-05  -8.2912283e-05  6.6655216e-05  0.00024967972  4.2607154e-05  0.00014489898  -9.8453181e-05  0.00011199000  -0.00051832567  0.00031409878  0.00013767147  -0.00065518858  0.0000000   6.5164899e-06  1.8768073e-05  -0.00014095787  7.8579921e-05  -0.00057011555  0.00053737868  9.1504994e-06  -2.6031359e-05  1.9017857e-05  0.00016839340  -0.00021204676  -7.7681114e-05  -0.00014335088  7.3607698e-06  -0.00013696676  2.3533344e-05  6.3577669e-05  -5.7176386e-05  9.2540718e-05  -8.2912283e-05  6.6655216e-05  0.00024967972  4.2607154e-05  
-0.00034519166  0.0010026715  2.2082276e-06  -1.3630168e-05  0.00025652807  0.00018953255  7.0351915e-05  -6.5164899e-06  0.0000000   0.0015515663  0.00065885435  -4.6398689e-05  2.5826342e-05  -0.00017746909  7.7854597e-05  4.3361196e-05  3.8057666e-05  7.9136876e-06  -1.3962332e-05  -1.4286158e-05  -2.6545361e-05  0.00010056794  1.4179067e-06  -0.00018062731  -2.8836569e-05  1.7189232e-06  6.6421611e-06  6.4673693e-06  2.8428663e-05  2.2517060e-05  3.8296423e-05  -0.00034519166  0.0010026715  2.2082276e-06  -1.3630168e-05  0.00025652807  0.00018953255  7.0351915e-05  -6.5164899e-06  0.0000000   0.0015515663  0.00065885435  -4.6398689e-05  2.5826342e-05  -0.00017746909  7.7854597e-05  4.3361196e-05  3.8057666e-05  7.9136876e-06  -1.3962332e-05  -1.4286158e-05  -2.6545361e-05  0.00010056794  1.4179067e-06  -0.00018062731  -2.8836569e-05  1.7189232e-06  6.6421611e-06  6.4673693e-06  2.8428663e-05  2.2517060e-05  3.8296423e-05  
-0.00011185990  0.00045708934  4.5475088e-05  8.6930495e-05  -0.0012657626  0.00033305701  6.5643463e-05  -1.8768073e-05  -0.0015515663  0.0000000   0.0024733465  -0.00018074549  0.00012269291  -0.00037786705  -0.00040199602  0.00074612769  -8.5635191e-05  -8.5584220e-06  3.1188856e-05  -6.5653266e-05  2.2042793e-06  2.2137625e-06  1.0101132e-05  -0.00039440858  -3.4475868e-05  1.6766408e-05  -1.3443465e-05  9.2593548e-06  3.8574928e-05  3.4549272e-05  -0.00010105952  -0.00011185990  0.00045708934  4.5475088e-05  8.6930495e-05  -0.0012657626  0.00033305701  6.5643463e-05  -1.8768073e-05  -0.0015515663  0.0000000   0.0024733465  -0.00018074549  0.00012269291  -0.00037786705  -0.00040199602  0.00074612769  -8.5635191e-05  -8.5584220e-06  3.1188856e-05  -6.5653266e-05  2.2042793e-06  2.2137625e-06  1.0101132e-05  -0.00039440858  -3.4475868e-05  1.6766408e-05  -1.3443465e-05  9.2593548e-06  3.8574928e-05  3.4549272e-05  -0.00010105952  
0.00025984273  1.2622112e-05  -3.4698525e-05  -0.00015117719  0.00074363113  0.00063034840  0.00019566139  0.00014095787  -0.00065885435  -0.0024733465  0.0000000   -7.8453203e-05  -0.00025216672  0.00013532742  -1.9834763e-05  -0.00082195630  -9.2184404e-05  7.4120674e-05  -0.00013719305  -4.9153885e-06  -0.00011098453  0.00033755261  5.9497199e-05  -1.5661251e-05  -5.8010027e-06  -1.8645598e-06  -2.1572827e-06  4.5661991e-05  1.7961623e-05  -6.3693610e-06  -1.3697235e-05  0.00025984273  1.2622112e-05  -3.4698525e-05  -0.00015117719  0.00074363113  0.00063034840  0.00019566139  0.00014095787  -0.00065885435  -0.0024733465  0.0000000   -7.8453203e-05  -0.00025216672  0.00013532742  -1.9834763e-05  -0.00082195630  -9.2184404e-05  7.4120674e-05  -0.00013719305  -4.9153885e-06  -0.00011098453  0.00033755261  5.9497199e-05  -1.5661251e-05  -5.8010027e-06  -1.8645598e-06  -2.1572827e-06  4.5661991e-05  1.7961623e-05  -6.3693610e-06  -1.3697235e-05  
-4.1566507e-05  -1.2037474e-05  3.1643758e-05  -0.00043110341  -0.00011348330  4.4596568e-06  -0.00014762449  -7.8579921e-05  4.6398689e-05  0.00018074549  7.8453203e-05  0.0000000   0.00034062982  0.0017677124  -0.00013759458  4.8174659e-05  3.6664581e-06  0.00025960233  -0.00060064543  -9.1116406e-05  -0.00030186588  -3.6652350e-05  0.00043798273  4.4011646e-05  -0.00027278322  -0.00022286291  -8.7025142e-06  5.7499869e-06  -0.00014552952  6.0284370e-05  4.7034286e-06  -4.1566507e-05  -1.2037474e-05  3.1643758e-05  -0.00043110341  -0.00011348330  4.4596568e-06  -0.00014762449  -7.8579921e-05  4.6398689e-05  0.00018074549  7.8453203e-05  0.0000000   0.00034062982  0.0017677124  -0.00013759458  4.8174659e-05  3.6664581e-06  0.00025960233  -0.00060064543  -9.1116406e-05  -0.00030186588  -3.6652350e-05  0.00043798273  4.4011646e-05  -0.00027278322  -0.00022286291  -8.7025142e-06  5.7499869e-06  -0.00014552952  6.0284370e-05  4.7034286e-06  
-2.6751912e-05  -7.6791892e-05  -0.00016155070  1.9899983e-05  -1.1312714e-05  8.9743124e-05  -0.00052337580  0.00057011555  -2.5826342e-05  -0.00012269291  0.00025216672  -0.00034062982  0.0000000   0.011564471  -6.3039507e-05  3.7152202e-05  -2.3296307e-05  0.00038705362  0.00016332369  0.00059969418  0.00012178571  7.0198751e-05  0.00051017655  0.00011059413  -0.00012829313  0.00026193737  0.00016458954  3.2477478e-05  -0.00022311330  -4.5182494e-06  -4.5021221e-05  -2.6751912e-05  -7.6791892e-05  -0.00016155070  1.9899983e-05  -1.1312714e-05  8.9743124e-05  -0.00052337580  0.00057011555  -2.5826342e-05  -0.00012269291  0.00025216672  -0.00034062982  0.0000000   0.011564471  -6.3039507e-05  3.7152202e-05  -2.3296307e-05  0.00038705362  0.00016332369  0.00059969418  0.00012178571  7.0198751e-05  0.00051017655  0.00011059413  -0.00012829313  0.00026193737  0.00016458954  3.2477478e-05  -0.00022311330  -4.5182494e-06  -4.5021221e-05  
-3.7433694e-06  -8.7825649e-05  -2.7247902e-05  -0.00018911800  -0.00010200004  -0.00029563647  0.00042516043  -0.00053737868  0.00017746909  0.00037786705  -0.00013532742  -0.0017677124  -0.011564471  0.0000000   0.00041596751  5.0562128e-05  0.00022384094  0.00026270503  -0.00026493065  0.00079870493  0.00027794553  5.2117505e-05  -0.00034134630  2.5995600e-05  -2.4200955e-05  0.00015715928  6.9375241e-05  9.4624061e-05  -9.9106312e-05  5.3021913e-05  4.9930302e-05  -3.7433694e-06  -8.7825649e-05  -2.7247902e-05  -0.00018911800  -0.00010200004  -0.00029563647  0.00042516043  -0.00053737868  0.00017746909  0.00037786705  -0.00013532742  -0.0017677124  -0.011564471  0.0000000   0.00041596751  5.0562128e-05  0.00022384094  0.00026270503  -0.00026493065  0.00079870493  0.00027794553  5.2117505e-05  -0.00034134630  2.5995600e-05  -2.4200955e-05  0.00015715928  6.9375241e-05  9.4624061e-05  -9.9106312e-05  5.3021913e-05  4.9930302e-05  
7.3863252e-05  8.4254460e-05  5.8704749e-06  2.4103839e-05  -0.00022227750  0.00020035641  0.00010997841  -9.1504994e-06  -7.7854597e-05  0.00040199602  1.9834763e-05  0.00013759458  6.3039507e-05  -0.00041596751  0.0000000   0.0036492442  0.00050699158  -3.9350528e-05  8.8595683e-05  -2.1022216e-05  -0.00014423061  0.00065197024  -7.0645112e-05  0.00015183973  5.9677436e-06  -2.0524245e-06  1.6728553e-05  4.4720603e-05  2.8002119e-05  -6.7009898e-06  -0.00010549558  7.3863252e-05  8.4254460e-05  5.8704749e-06  2.4103839e-05  -0.00022227750  0.00020035641  0.00010997841  -9.1504994e-06  -7.7854597e-05  0.00040199602  1.9834763e-05  0.00013759458  6.3039507e-05  -0.00041596751  0.0000000   0.0036492442  0.00050699158  -3.9350528e-05  8.8595683e-05  -2.1022216e-05  -0.00014423061  0.00065197024  -7.0645112e-05  0.00015183973  5.9677436e-06  -2.0524245e-06  1.6728553e-05  4.4720603e-05  2.8002119e-05  -6.7009898e-06  -0.00010549558  
6.3158987e-05  -0.00017325443  -2.9411339e-05  -5.1974225e-05  0.00028277388  0.00030131122  6.3490160e-05  2.6031359e-05  -4.3361196e-05  -0.00074612769  0.00082195630  -4.8174659e-05  -3.7152202e-05  -5.0562128e-05  -0.0036492442  0.0000000   8.9210922e-05  4.6847846e-05  6.6126152e-05  2.5194015e-05  -3.9896319e-05  0.00018461133  4.7699960e-05  -0.00042688074  -3.7675933e-05  -2.0061217e-05  -4.1167197e-05  1.7236022e-05  -2.2798428e-05  -1.1046246e-05  0.00011399932  6.3158987e-05  -0.00017325443  -2.9411339e-05  -5.1974225e-05  0.00028277388  0.00030131122  6.3490160e-05  2.6031359e-05  -4.3361196e-05  -0.00074612769  0.00082195630  -4.8174659e-05  -3.7152202e-05  -5.0562128e-05  -0.0036492442  0.0000000   8.9210922e-05  4.6847846e-05  6.6126152e-05  2.5194015e-05  -3.9896319e-05  0.00018461133  4.7699960e-05  -0.00042688074  -3.7675933e-05  -2.0061217e-05  -4.1167197e-05  1.7236022e-05  -2.2798428e-05  -1.1046246e-05  0.00011399932  
-0.00022181014  -0.00022427460  -1.9252903e-05  -4.8922371e-05  0.00039966710  -3.8196406e-06  -1.2823456e-06  -1.9017857e-05  -3.8057666e-05  8.5635191e-05  9.2184404e-05  -3.6664581e-06  2.3296307e-05  -0.00022384094  -0.00050699158  -8.9210922e-05  0.0000000   7.6963457e-07  4.2137194e-05  -2.8378333e-05  -1.5614261e-05  -0.00019442251  -3.7298244e-05  8.1381556e-05  3.5671370e-06  -3.8389937e-05  -1.9497064e-05  -3.9270323e-06  8.8975517e-07  -2.2184633e-06  -0.00012075078  -0.00022181014  -0.00022427460  -1.9252903e-05  -4.8922371e-05  0.00039966710  -3.8196406e-06  -1.2823456e-06  -1.9017857e-05  -3.8057666e-05  8.5635191e-05  9.2184404e-05  -3.6664581e-06  2.3296307e-05  -0.00022384094  -0.00050699158  -8.9210922e-05  0.0000000   7.6963457e-07  4.2137194e-05  -2.8378333e-05  -1.5614261e-05  -0.00019442251  -3.7298244e-05  8.1381556e-05  3.5671370e-06  -3.8389937e-05  -1.9497064e-05  -3.9270323e-06  8.8975517e-07  -2.2184633e-06  -0.00012075078  
4.6585554e-05  -2.3473511e-06  8.8948442e-05  4.3086352e-07  3.4359013e-05  3.8593333e-05  -0.00012799998  -0.00016839340  -7.9136876e-06  8.5584220e-06  -7.4120674e-05  -0.00025960233  -0.00038705362  -0.00026270503  3.9350528e-05  -4.6847846e-05  -7.6963457e-07  0.0000000   0.0011067043  -0.00090075737  -0.00047832288  9.6642171e-06  -0.00035555446  -5.8293963e-05  4.5237926e-05  -0.00017695927  -8.4461307e-05  9.3534008e-05  0.00014164918  7.9409017e-05  2.1254538e-05  4.6585554e-05  -2.3473511e-06  8.8948442e-05  4.3086352e-07  3.4359013e-05  3.8593333e-05  -0.00012799998  -0.00016839340  -7.9136876e-06  8.5584220e-06  -7.4120674e-05  -0.00025960233  -0.00038705362  -0.00026270503  3.9350528e-05  -4.6847846e-05  -7.6963457e-07  0.0000000   0.0011067043  -0.00090075737  -0.00047832288  9.6642171e-06  -0.00035555446  -5.8293963e-05  4.5237926e-05  -0.00017695927  -8.4461307e-05  9.3534008e-05  0.00014164918  7.9409017e-05  2.1254538e-05  
-2.8239561e-05  1.1612763e-05  -4.9458766e-05  0.00011641333  6.9372847e-06  -4.4504379e-05  0.00018820055  0.00021204676  1.3962332e-05  -3.1188856e-05  0.00013719305  0.00060064543  -0.00016332369  0.00026493065  -8.8595683e-05  -6.6126152e-05  -4.2137194e-05  -0.0011067043  0.0000000   0.0014693457  2.8741082e-05  2.3421377e-06  0.00017747561  5.3740323e-05  0.00018731084  0.00018555210  0.00023193995  -0.00017766882  7.8500001e-05  -0.00026453349  -2.0147598e-05  -2.8239561e-05  1.1612763e-05  -4.9458766e-05  0.00011641333  6.9372847e-06  -4.4504379e-05  0.00018820055  0.00021204676  1.3962332e-05  -3.1188856e-05  0.00013719305  0.00060064543  -0.00016332369  0.00026493065  -8.8595683e-05  -6.6126152e-05  -4.2137194e-05  -0.0011067043  0.0000000   0.0014693457  2.8741082e-05  2.3421377e-06  0.00017747561  5.3740323e-05  0.00018731084  0.00018555210  0.00023193995  -0.00017766882  7.8500001e-05  -0.00026453349  -2.0147598e-05  
-1.4228110e-05  -6.6953915e-06  -5.9348546e-05  -3.2766524e-05  -7.2074066e-05  -1.6527480e-05  -3.8844556e-05  7.7681114e-05  1.4286158e-05  6.5653266e-05  4.9153885e-06  9.1116406e-05  -0.00059969418  -0.00079870493  2.1022216e-05  -2.5194015e-05  2.8378333e-05  0.00090075737  -0.0014693457  0.0000000   -0.0028284475  -0.00019924961  0.00018590815  -5.9898162e-05  0.00018895513  9.6110224e-05  0.00053686477  -0.00031076137  -1.0776739e-05  -0.00024234279  -4.5111391e-06  -1.4228110e-05  -6.6953915e-06  -5.9348546e-05  -3.2766524e-05  -7.2074066e-05  -1.6527480e-05  -3.8844556e-05  7.7681114e-05  1.4286158e-05  6.5653266e-05  4.9153885e-06  9.1116406e-05  -0.00059969418  -0.00079870493  2.1022216e-05  -2.5194015e-05  2.8378333e-05  0.00090075737  -0.0014693457  0.0000000   -0.0028284475  -0.00019924961  0.00018590815  -5.9898162e-05  0.00018895513  9.6110224e-05  0.00053686477  -0.00031076137  -1.0776739e-05  -0.00024234279  -4.5111391e-06  
-1.8315150e-05  2.9965992e-05  -1.6218240e-05  -2.4361328e-05  -5.3385172e-05  -2.8794488e-05  0.00017722516  0.00014335088  2.6545361e-05  -2.2042793e-06  0.00011098453  0.00030186588  -0.00012178571  -0.00027794553  0.00014423061  3.9896319e-05  1.5614261e-05  0.00047832288  -2.8741082e-05  0.0028284475  0.0000000   6.4923007e-05  0.0021150843  0.00038047538  -0.00045390464  -0.0011129354  2.5889380e-06  -0.00038201700  1.4298048e-05  -0.00028378757  2.5023179e-06  -1.8315150e-05  2.9965992e-05  -1.6218240e-05  -2.4361328e-05  -5.3385172e-05  -2.8794488e-05  0.00017722516  0.00014335088  2.6545361e-05  -2.2042793e-06  0.00011098453  0.00030186588  -0.00012178571  -0.00027794553  0.00014423061  3.9896319e-05  1.5614261e-05  0.00047832288  -2.8741082e-05  0.0028284475  0.0000000   6.4923007e-05  0.0021150843  0.00038047538  -0.00045390464  -0.0011129354  2.5889380e-06  -0.00038201700  1.4298048e-05  -0.00028378757  2.5023179e-06  
-6.0147340e-07  -0.00032826285  1.3744354e-06  -3.8895490e-05  0.00034546176  -0.00020812999  -4.9234496e-05  -7.3607698e-06  -0.00010056794  -2.2137625e-06  -0.00033755261  3.6652350e-05  -7.0198751e-05  -5.2117505e-05  -0.00065197024  -0.00018461133  0.00019442251  -9.6642171e-06  -2.3421377e-06  0.00019924961  -6.4923007e-05  0.0000000   0.00025070405  -0.0012304329  -8.3877172e-05  -5.5008448e-05  3.1369072e-05  -3.4404908e-06  1.8030610e-05  -7.9532508e-05  3.0518499e-05  -6.0147340e-07  -0.00032826285  1.3744354e-06  -3.8895490e-05  0.00034546176  -0.00020812999  -4.9234496e-05  -7.3607698e-06  -0.00010056794  -2.2137625e-06  -0.00033755261  3.6652350e-05  -7.0198751e-05  -5.2117505e-05  -0.00065197024  -0.00018461133  0.00019442251  -9.6642171e-06  -2.3421377e-06  0.00019924961  -6.4923007e-05  0.0000000   0.00025070405  -0.0012304329  -8.3877172e-05  -5.5008448e-05  3.1369072e-05  -3.4404908e-06  1.8030610e-05  -7.9532508e-05  3.0518499e-05  
8.9065160e-06  2.5797380e-05  0.00020246525  0.00012840254  -1.4271309e-05  1.6973313e-05  -9.2001488e-05  0.00013696676  -1.4179067e-06  -1.0101132e-05  -5.9497199e-05  -0.00043798273  -0.00051017655  0.00034134630  7.0645112e-05  -4.7699960e-05  3.7298244e-05  0.00035555446  -0.00017747561  -0.00018590815  -0.0021150843  -0.00025070405  0.0000000   0.00011374293  -0.0015489474  -0.00018742005  -0.00018591033  -0.00062529134  -8.5276049e-05  -0.00036385315  1.0924754e-05  8.9065160e-06  2.5797380e-05  0.00020246525  0.00012840254  -1.4271309e-05  1.6973313e-05  -9.2001488e-05  0.00013696676  -1.4179067e-06  -1.0101132e-05  -5.9497199e-05  -0.00043798273  -0.00051017655  0.00034134630  7.0645112e-05  -4.7699960e-05  3.7298244e-05  0.00035555446  -0.00017747561  -0.00018590815  -0.0021150843  -0.00025070405  0.0000000   0.00011374293  -0.0015489474  -0.00018742005  -0.00018591033  -0.00062529134  -8.5276049e-05  -0.00036385315  1.0924754e-05  
2.5674254e-05  -0.00023743874  6.0197382e-06  5.3473803e-06  0.00017937046  -0.00016572551  -4.9984158e-05  -2.3533344e-05  0.00018062731  0.00039440858  1.5661251e-05  -4.4011646e-05  -0.00011059413  -2.5995600e-05  -0.00015183973  0.00042688074  -8.1381556e-05  5.8293963e-05  -5.3740323e-05  5.9898162e-05  -0.00038047538  0.0012304329  -0.00011374293  0.0000000   -0.00020867687  -0.00010478499  1.2109954e-05  -0.00010660471  -2.0852338e-05  -1.0717284e-05  -0.00022342063  2.5674254e-05  -0.00023743874  6.0197382e-06  5.3473803e-06  0.00017937046  -0.00016572551  -4.9984158e-05  -2.3533344e-05  0.00018062731  0.00039440858  1.5661251e-05  -4.4011646e-05  -0.00011059413  -2.5995600e-05  -0.00015183973  0.00042688074  -8.1381556e-05  5.8293963e-05  -5.3740323e-05  5.9898162e-05  -0.00038047538  0.0012304329  -0.00011374293  0.0000000   -0.00020867687  -0.00010478499  1.2109954e-05  -0.00010660471  -2.0852338e-05  -1.0717284e-05  -0.00022342063  
1.3860713e-05  -1.3634595e-05  9.6881468e-07  -0.00015566556  2.3964194e-05  1.0418519e-05  -9.7770777e-05  -6.3577669e-05  2.8836569e-05  3.4475868e-05  5.8010027e-06  0.00027278322  0.00012829313  2.4200955e-05  -5.9677436e-06  3.7675933e-05  -3.5671370e-06  -4.5237926e-05  -0.00018731084  -0.00018895513  0.00045390464  8.3877172e-05  0.0015489474  0.00020867687  0.0000000   0.0016311238  0.00014536385  1.5325392e-05  7.9804408e-06  -0.00021801135  -4.7383559e-05  1.3860713e-05  -1.3634595e-05  9.6881468e-07  -0.00015566556  2.3964194e-05  1.0418519e-05  -9.7770777e-05  -6.3577669e-05  2.8836569e-05  3.4475868e-05  5.8010027e-06  0.00027278322  0.00012829313  2.4200955e-05  -5.9677436e-06  3.7675933e-05  -3.5671370e-06  -4.5237926e-05  -0.00018731084  -0.00018895513  0.00045390464  8.3877172e-05  0.0015489474  0.00020867687  0.0000000   0.0016311238  0.00014536385  1.5325392e-05  7.9804408e-06  -0.00021801135  -4.7383559e-05  
1.3335585e-05  -7.9015890e-06  -0.00018934799  -6.2891743e-05  -1.3853492e-06  -1.3274493e-05  2.5383188e-05  5.7176386e-05  -1.7189232e-06  -1.6766408e-05  1.8645598e-06  0.00022286291  -0.00026193737  -0.00015715928  2.0524245e-06  2.0061217e-05  3.8389937e-05  0.00017695927  -0.00018555210  -9.6110224e-05  0.0011129354  5.5008448e-05  0.00018742005  0.00010478499  -0.0016311238  0.0000000   -0.0014114284  -0.00041002232  -0.00054186883  0.00050551318  0.00010065380  1.3335585e-05  -7.9015890e-06  -0.00018934799  -6.2891743e-05  -1.3853492e-06  -1.3274493e-05  2.5383188e-05  5.7176386e-05  -1.7189232e-06  -1.6766408e-05  1.8645598e-06  0.00022286291  -0.00026193737  -0.00015715928  2.0524245e-06  2.0061217e-05  3.8389937e-05  0.00017695927  -0.00018555210  -9.6110224e-05  0.0011129354  5.5008448e-05  0.00018742005  0.00010478499  -0.0016311238  0.0000000   -0.0014114284  -0.00041002232  -0.00054186883  0.00050551318  0.00010065380  
2.1685247e-07  8.3614331e-06  0.00010949973  -9.3795614e-05  1.7124642e-06  2.5848377e-05  1.9826765e-05  -9.2540718e-05  -6.6421611e-06  1.3443465e-05  2.1572827e-06  8.7025142e-06  -0.00016458954  -6.9375241e-05  -1.6728553e-05  4.1167197e-05  1.9497064e-05  8.4461307e-05  -0.00023193995  -0.00053686477  -2.5889380e-06  -3.1369072e-05  0.00018591033  -1.2109954e-05  -0.00014536385  0.0014114284  0.0000000   -0.00092340750  -0.0014522122  0.00027236397  1.2340720e-05  2.1685247e-07  8.3614331e-06  0.00010949973  -9.3795614e-05  1.7124642e-06  2.5848377e-05  1.9826765e-05  -9.2540718e-05  -6.6421611e-06  1.3443465e-05  2.1572827e-06  8.7025142e-06  -0.00016458954  -6.9375241e-05  -1.6728553e-05  4.1167197e-05  1.9497064e-05  8.4461307e-05  -0.00023193995  -0.00053686477  -2.5889380e-06  -3.1369072e-05  0.00018591033  -1.2109954e-05  -0.00014536385  0.0014114284  0.0000000   -0.00092340750  -0.0014522122  0.00027236397  1.2340720e-05  
2.1496304e-05  -2.8910075e-05  -0.00014963150  -0.00010621776  -1.5870412e-06  -4.8750237e-05  5.4545017e-06  8.2912283e-05  -6.4673693e-06  -9.2593548e-06  -4.5661991e-05  -5.7499869e-06  -3.2477478e-05  -9.4624061e-05  -4.4720603e-05  -1.7236022e-05  3.9270323e-06  -9.3534008e-05  0.00017766882  0.00031076137  0.00038201700  3.4404908e-06  0.00062529134  0.00010660471  -1.5325392e-05  0.00041002232  0.00092340750  0.0000000   0.0019542648  0.0028273132  0.00030381140  2.1496304e-05  -2.8910075e-05  -0.00014963150  -0.00010621776  -1.5870412e-06  -4.8750237e-05  5.4545017e-06  8.2912283e-05  -6.4673693e-06  -9.2593548e-06  -4.5661991e-05  -5.7499869e-06  -3.2477478e-05  -9.4624061e-05  -4.4720603e-05  -1.7236022e-05  3.9270323e-06  -9.3534008e-05  0.00017766882  0.00031076137  0.00038201700  3.4404908e-06  0.00062529134  0.00010660471  -1.5325392e-05  0.00041002232  0.00092340750  0.0000000   0.0019542648  0.0028273132  0.00030381140  
1.8080753e-06  -1.4167520e-06  1.2008533e-05  -1.4996348e-05  3.4887204e-05  3.4339506e-05  -5.8422696e-05  -6.6655216e-05  -2.8428663e-05  -3.8574928e-05  -1.7961623e-05  0.00014552952  0.00022311330  9.9106312e-05  -2.8002119e-05  2.2798428e-05  -8.8975517e-07  -0.00014164918  -7.8500001e-05  1.0776739e-05  -1.4298048e-05  -1.8030610e-05  8.5276049e-05  2.0852338e-05  -7.9804408e-06  0.00054186883  0.0014522122  -0.0019542648  0.0000000   0.0034269187  0.00018731618  1.8080753e-06  -1.4167520e-06  1.2008533e-05  -1.4996348e-05  3.4887204e-05  3.4339506e-05  -5.8422696e-05  -6.6655216e-05  -2.8428663e-05  -3.8574928e-05  -1.7961623e-05  0.00014552952  0.00022311330  9.9106312e-05  -2.8002119e-05  2.2798428e-05  -8.8975517e-07  -0.00014164918  -7.8500001e-05  1.0776739e-05  -1.4298048e-05  -1.8030610e-05  8.5276049e-05  2.0852338e-05  -7.9804408e-06  0.00054186883  0.0014522122  -0.0019542648  0.0000000   0.0034269187  0.00018731618  
2.3505197e-05  1.7790900e-05  0.00015960908  -0.00011056203  4.0065919e-05  8.3132279e-05  -3.3660449e-05  -0.00024967972  -2.2517060e-05  -3.4549272e-05  6.3693610e-06  -6.0284370e-05  4.5182494e-06  -5.3021913e-05  6.7009898e-06  1.1046246e-05  2.2184633e-06  -7.9409017e-05  0.00026453349  0.00024234279  0.00028378757  7.9532508e-05  0.00036385315  1.0717284e-05  0.00021801135  -0.00050551318  -0.00027236397  -0.0028273132  -0.0034269187  0.0000000   6.5067708e-05  2.3505197e-05  1.7790900e-05  0.00015960908  -0.00011056203  4.0065919e-05  8.3132279e-05  -3.3660449e-05  -0.00024967972  -2.2517060e-05  -3.4549272e-05  6.3693610e-06  -6.0284370e-05  4.5182494e-06  -5.3021913e-05  6.7009898e-06  1.1046246e-05  2.2184633e-06  -7.9409017e-05  0.00026453349  0.00024234279  0.00028378757  7.9532508e-05  0.00036385315  1.0717284e-05  0.00021801135  -0.00050551318  -0.00027236397  -0.0028273132  -0.0034269187  0.0000000   6.5067708e-05  
7.6586443e-05  -0.00011032059  3.9232003e-05  7.0142793e-06  -0.00027322388  -0.00013036563  -3.9419290e-05  -4.2607154e-05  -3.8296423e-05  0.00010105952  1.3697235e-05  -4.7034286e-06  4.5021221e-05  -4.9930302e-05  0.00010549558  -0.00011399932  0.00012075078  -2.1254538e-05  2.0147598e-05  4.5111391e-06  -2.5023179e-06  -3.0518499e-05  -1.0924754e-05  0.00022342063  4.7383559e-05  -0.00010065380  -1.2340720e-05  -0.00030381140  -0.00018731618  -6.5067708e-05  0.0000000   7.6586443e-05  -0.00011032059  3.9232003e-05  7.0142793e-06  -0.00027322388  -0.00013036563  -3.9419290e-05  -4.2607154e-05  -3.8296423e-05  0.00010105952  1.3697235e-05  -4.7034286e-06  4.5021221e-05  -4.9930302e-05  0.00010549558  -0.00011399932  0.00012075078  -2.1254538e-05  2.0147598e-05  4.5111391e-06  -2.5023179e-06  -3.0518499e-05  -1.0924754e-05  0.00022342063  4.7383559e-05  -0.00010065380  -1.2340720e-05  -0.00030381140  -0.00018731618  -6.5067708e-05  0.0000000   
0.0000000   -0.0041092486  7.3328397e-05  -0.00011093237  -0.00069468989  -0.00078911757  -0.00025077143  -0.00014489898  0.00034519166  0.00011185990  -0.00025984273  4.1566507e-05  2.6751912e-05  3.7433694e-06  -7.3863252e-05  -6.3158987e-05  0.00022181014  -4.6585554e-05  2.8239561e-05  1.4228110e-05  1.8315150e-05  6.0147340e-07  -8.9065160e-06  -2.5674254e-05  -1.3860713e-05  -1.3335585e-05  -2.1685247e-07  -2.1496304e-05  -1.8080753e-06  -2.3505197e-05  -7.6586443e-05  0.0000000   -0.0041092486  7.3328397e-05  -0.00011093237  -0.00069468989  -0.00078911757  -0.00025077143  -0.00014489898  0.00034519166  0.00011185990  -0.00025984273  4.1566507e-05  2.6751912e-05  3.7433694e-06  -7.3863252e-05  -6.3158987e-05  0.00022181014  -4.6585554e-05  2.8239561e-05  1.4228110e-05  1.8315150e-05  6.0147340e-07  -8.9065160e-06  -2.5674254e-05  -1.3860713e-05  -1.3335585e-05  -2.1685247e-07  -2.1496304e-05  -1.8080753e-06  -2.3505197e-05  -7.6586443e-05  
0.0041092486  0.0000000   2.4146038e-06  1.8009061e-05  0.0015543234  0.00047704114  0.00014185591  9.8453181e-05  -0.0010026715  -0.00045708934  -1.2622112e-05  1.2037474e-05  7.6791892e-05  8.7825649e-05  -8.4254460e-05  0.00017325443  0.00022427460  2.3473511e-06  -1.1612763e-05  6.6953915e-06  -2.9965992e-05  0.00032826285  -2.5797380e-05  0.00023743874  1.3634595e-05  7.9015890e-06  -8.3614331e-06  2.8910075e-05  1.4167520e-06  -1.7790900e-05  0.00011032059  0.0041092486  0.0000000   2.4146038e-06  1.8009061e-05  0.0015543234  0.00047704114  0.00014185591  9.8453181e-05  -0.0010026715  -0.00045708934  -1.2622112e-05  1.2037474e-05  7.6791892e-05  8.7825649e-05  -8.4254460e-05  0.00017325443  0.00022427460  2.3473511e-06  -1.1612763e-05  6.6953915e-06  -2.9965992e-05  0.00032826285  -2.5797380e-05  0.00023743874  1.3634595e-05  7.9015890e-06  -8.3614331e-06  2.8910075e-05  1.4167520e-06  -1.7790900e-05  0.00011032059  
-7.3328397e-05  -2.4146038e-06  0.0000000   -0.00061324907  -0.00012835045  0.00034689629  -0.00072974268  -0.00011199000  -2.2082276e-06  -4.5475088e-05  3.4698525e-05  -3.1643758e-05  0.00016155070  2.7247902e-05  -5.8704749e-06  2.9411339e-05  1.9252903e-05  -8.8948442e-05  4.9458766e-05  5.9348546e-05  1.6218240e-05  -1.3744354e-06  -0.00020246525  -6.0197382e-06  -9.6881468e-07  0.00018934799  -0.00010949973  0.00014963150  -1.2008533e-05  -0.00015960908  -3.9232003e-05  -7.3328397e-05  -2.4146038e-06  0.0000000   -0.00061324907  -0.00012835045  0.00034689629  -0.00072974268  -0.00011199000  -2.2082276e-06  -4.5475088e-05  3.4698525e-05  -3.1643758e-05  0.00016155070  2.7247902e-05  -5.8704749e-06  2.9411339e-05  1.9252903e-05  -8.8948442e-05  4.9458766e-05  5.9348546e-05  1.6218240e-05  -1.3744354e-06  -0.00020246525  -6.0197382e-06  -9.6881468e-07  0.00018934799  -0.00010949973  0.00014963150  -1.2008533e-05  -0.00015960908  -3.9232003e-05  
0.00011093237  -1.8009061e-05  0.00061324907  0.0000000   -9.4083696e-05  -0.00051770714  0.0020059745  0.00051832567  1.3630168e-05  -8.6930495e-05  0.00015117719  0.00043110341  -1.9899983e-05  0.00018911800  -2.4103839e-05  5.1974225e-05  4.8922371e-05  -4.3086352e-07  -0.00011641333  3.2766524e-05  2.4361328e-05  3.8895490e-05  -0.00012840254  -5.3473803e-06  0.00015566556  6.2891743e-05  9.3795614e-05  0.00010621776  1.4996348e-05  0.00011056203  -7.0142793e-06  0.00011093237  -1.8009061e-05  0.00061324907  0.0000000   -9.4083696e-05  -0.00051770714  0.0020059745  0.00051832567  1.3630168e-05  -8.6930495e-05  0.00015117719  0.00043110341  -1.9899983e-05  0.00018911800  -2.4103839e-05  5.1974225e-05  4.8922371e-05  -4.3086352e-07  -0.00011641333  3.2766524e-05  2.4361328e-05  3.8895490e-05  -0.00012840254  -5.3473803e-06  0.00015566556  6.2891743e-05  9.3795614e-05  0.00010621776  1.4996348e-05  0.00011056203  -7.0142793e-06  
0.00069468989  -0.0015543234  0.00012835045  9.4083696e-05  0.0000000   -0.0027761548  -0.00071547970  -0.00031409878  -0.00025652807  0.0012657626  -0.00074363113  0.00011348330  1.1312714e-05  0.00010200004  0.00022227750  -0.00028277388  -0.00039966710  -3.4359013e-05  -6.9372847e-06  7.2074066e-05  5.3385172e-05  -0.00034546176  1.4271309e-05  -0.00017937046  -2.3964194e-05  1.3853492e-06  -1.7124642e-06  1.5870412e-06  -3.4887204e-05  -4.0065919e-05  0.00027322388  0.00069468989  -0.0015543234  0.00012835045  9.4083696e-05  0.0000000   -0.0027761548  -0.00071547970  -0.00031409878  -0.00025652807  0.0012657626  -0.00074363113  0.00011348330  1.1312714e-05  0.00010200004  0.00022227750  -0.00028277388  -0.00039966710  -3.4359013e-05  -6.9372847e-06  7.2074066e-05  5.3385172e-05  -0.00034546176  1.4271309e-05  -0.00017937046  -2.3964194e-05  1.3853492e-06  -1.7124642e-06  1.5870412e-06  -3.4887204e-05  -4.0065919e-05  0.00027322388  
0.00078911757  -0.00047704114  -0.00034689629  0.00051770714  0.0027761548  0.0000000   0.00025221238  -0.00013767147  -0.00018953255  -0.00033305701  -0.00063034840  -4.4596568e-06  -8.9743124e-05  0.00029563647  -0.00020035641  -0.00030131122  3.8196406e-06  -3.8593333e-05  4.4504379e-05  1.6527480e-05  2.8794488e-05  0.00020812999  -1.6973313e-05  0.00016572551  -1.0418519e-05  1.3274493e-05  -2.5848377e-05  4.8750237e-05  -3.4339506e-05  -8.3132279e-05  0.00013036563  0.00078911757  -0.00047704114  -0.00034689629  0.00051770714  0.0027761548  0.0000000   0.00025221238  -0.00013767147  -0.00018953255  -0.00033305701  -0.00063034840  -4.4596568e-06  -8.9743124e-05  0.00029563647  -0.00020035641  -0.00030131122  3.8196406e-06  -3.8593333e-05  4.4504379e-05  1.6527480e-05  2.8794488e-05  0.00020812999  -1.6973313e-05  0.00016572551  -1.0418519e-05  1.3274493e-05  -2.5848377e-05  4.8750237e-05  -3.4339506e-05  -8.3132279e-05  0.00013036563  
0.00025077143  -0.00014185591  0.00072974268  -0.0020059745  0.00071547970  -0.00025221238  0.0000000   0.00065518858  -7.0351915e-05  -6.5643463e-05  -0.00019566139  0.00014762449  0.00052337580  -0.00042516043  -0.00010997841  -6.3490160e-05  1.2823456e-06  0.00012799998  -0.00018820055  3.8844556e-05  -0.00017722516  4.9234496e-05  9.2001488e-05  4.9984158e-05  9.7770777e-05  -2.5383188e-05  -1.9826765e-05  -5.4545017e-06  5.8422696e-05  3.3660449e-05  3.9419290e-05  0.00025077143  -0.00014185591  0.00072974268  -0.0020059745  0.00071547970  -0.00025221238  0.0000000   0.00065518858  -7.0351915e-05  -6.5643463e-05  -0.00019566139  0.00014762449  0.00052337580  -0.00042516043  -0.00010997841  -6.3490160e-05  1.2823456e-06  0.00012799998  -0.00018820055  3.8844556e-05  -0.00017722516  4.9234496e-05  9.2001488e-05  4.9984158e-05  9.7770777e-05  -2.5383188e-05  -1.9826765e-05  -5.4545017e-06  5.8422696e-05  3.3660449e-05  3.9419290e-05  
0.00014489898  -9.8453181e-05  0.00011199000  -0.00051832567  0.00031409878  0.00013767147  -0.00065518858  0.0000000   6.5164899e-06  1.8768073e-05  -0.00014095787  7.8579921e-05  -0.00057011555  0.00053737868  9.1504994e-06  -2.6031359e-05  1.9017857e-05  0.00016839340  -0.00021204676  -7.7681114e-05  -0.00014335088  7.3607698e-06  -0.00013696676  2.3533344e-05  6.3577669e-05  -5.7176386e-05  9.2540718e-05  -8.2912283e-05  6.6655216e-05  0.00024967972  4.2607154e-05  0.00014489898  -9.8453181e-05  0.00011199000  -0.00051832567  0.00031409878  0.00013767147  -0.00065518858  0.0000000   6.5164899e-06  1.8768073e-05  -0.00014095787  7.8579921e-05  -0.00057011555  0.00053737868  9.1504994e-06  -2.6031359e-05  1.9017857e-05  0.00016839340  -0.00021204676  -7.7681114e-05  -0.00014335088  7.3607698e-06  -0.00013696676  2.3533344e-05  6.3577669e-05  -5.7176386e-05  9.2540718e-05  -8.2912283e-05  6.6655216e-05  0.00024967972  4.2607154e-05  
-0.00034519166  0.0010026715  2.2082276e-06  -1.3630168e-05  0.00025652807  0.00018953255  7.0351915e-05  -6.5164899e-06  0.0000000   0.0015515663  0.00065885435  -4.6398689e-05  2.5826342e-05  -0.00017746909  7.7854597e-05  4.3361196e-05  3.8057666e-05  7.9136876e-06  -1.3962332e-05  -1.4286158e-05  -2.6545361e-05  0.00010056794  1.4179067e-06  -0.00018062731  -2.8836569e-05  1.7189232e-06  6.6421611e-06  6.4673693e-06  2.8428663e-05  2.2517060e-05  3.8296423e-05  -0.00034519166  0.0010026715  2.2082276e-06  -1.3630168e-05  0.00025652807  0.00018953255  7.0351915e-05  -6.5164899e-06  0.0000000   0.0015515663  0.00065885435  -4.6398689e-05  2.5826342e-05  -0.00017746909  7.7854597e-05  4.3361196e-05  3.8057666e-05  7.9136876e-06  -1.3962332e-05  -1.4286158e-05  -2.6545361e-05  0.00010056794  1.4179067e-06  -0.00018062731  -2.8836569e-05  1.7189232e-06  6.6421611e-06  6.4673693e-06  2.8428663e-05  2.2517060e-05  3.8296423e-05  
-0.00011185990  0.00045708934  4.5475088e-05  8.6930495e-05  -0.0012657626  0.00033305701  6.5643463e-05  -1.8768073e-05  -0.0015515663  0.0000000   0.0024733465  -0.00018074549  0.00012269291  -0.00037786705  -0.00040199602  0.00074612769  -8.5635191e-05  -8.5584220e-06  3.1188856e-05  -6.5653266e-05  2.2042793e-06  2.2137625e-06  1.0101132e-05  -0.00039440858  -3.4475868e-05  1.6766408e-05  -1.3443465e-05  9.2593548e-06  3.8574928e-05  3.4549272e-05  -0.00010105952  -0.00011185990  0.00045708934  4.5475088e-05  8.6930495e-05  -0.0012657626  0.00033305701  6.5643463e-05  -1.8768073e-05  -0.0015515663  0.0000000   0.0024733465  -0.00018074549  0.00012269291  -0.00037786705  -0.00040199602  0.00074612769  -8.5635191e-05  -8.5584220e-06  3.1188856e-05  -6.5653266e-05  2.2042793e-06  2.2137625e-06  1.0101132e-05  -0.00039440858  -3.4475868e-05  1.6766408e-05  -1.3443465e-05  9.2593548e-06  3.8574928e-05  3.4549272e-05  -0.00010105952  
0.00025984273  1.2622112e-05  -3.4698525e-05  -0.00015117719  0.00074363113  0.00063034840  0.00019566139  0.00014095787  -0.00065885435  -0.0024733465  0.0000000   -7.8453203e-05  -0.00025216672  0.00013532742  -1.9834763e-05  -0.00082195630  -9.2184404e-05  7.4120674e-05  -0.00013719305  -4.9153885e-06  -0.00011098453  0.00033755261  5.9497199e-05  -1.5661251e-05  -5.8010027e-06  -1.8645598e-06  -2.1572827e-06  4.5661991e-05  1.7961623e-05  -6.3693610e-06  -1.3697235e-05  0.00025984273  1.2622112e-05  -3.4698525e-05  -0.00015117719  0.00074363113  0.00063034840  0.00019566139  0.00014095787  -0.00065885435  -0.0024733465  0.0000000   -7.8453203e-05  -0.00025216672  0.00013532742  -1.9834763e-05  -0.00082195630  -9.2184404e-05  7.4120674e-05  -0.00013719305  -4.9153885e-06  -0.00011098453  0.00033755261  5.9497199e-05  -1.5661251e-05  -5.8010027e-06  -1.8645598e-06  -2.1572827e-06  4.5661991e-05  1.7961623e-05  -6.3693610e-06  -1.3697235e-05  
