0.0000000   0.00064123590  1.7283551e-05  -1.0192482e-05  -1.9249093e-05  -0.00025129556  -3.3219907e-05  -1.1753988e-05  -0.00011307073  0.00014009336  1.5689332e-05  -1.4474239e-05  8.5943111e-06  -7.2543059e-05  0.00011486730  1.1666856e-05  4.0759972e-05  -7.3149227e-05  4.5301921e-06  5.2542056e-05  3.1968120e-05  4.2223873e-05  4.8252987e-06  1.7853918e-06  -5.8080410e-06  6.2041878e-05  -4.9554486e-06  1.3818420e-05  -2.6133008e-05  -0.00011551924  -1.8155250e-05  0.0000000   0.00064123590  1.7283551e-05  -1.0192482e-05  -1.9249093e-05  -0.00025129556  -3.3219907e-05  -1.1753988e-05  -0.00011307073  0.00014009336  1.5689332e-05  -1.4474239e-05  8.5943111e-06  -7.2543059e-05  0.00011486730  1.1666856e-05  4.0759972e-05  -7.3149227e-05  4.5301921e-06  5.2542056e-05  3.1968120e-05  4.2223873e-05  4.8252987e-06  1.7853918e-06  -5.8080410e-06  6.2041878e-05  -4.9554486e-06  1.3818420e-05  -2.6133008e-05  -0.00011551924  -1.8155250e-05  
-0.00064123590  0.0000000   7.0460509e-05  0.00057691949  6.0777930e-06  -5.8873014e-05  4.0855127e-05  2.8811148e-05  0.00024091227  0.00021381955  5.2378710e-07  1.5158291e-05  1.2497443e-05  9.8062321e-05  5.0638798e-06  6.2397108e-06  1.6121555e-05  8.4655325e-06  -7.7281639e-06  -4.2685071e-05  -6.3838295e-05  4.7850294e-05  0.00026397429  0.00011034488  4.9862667e-06  9.5244763e-06  -6.2026303e-07  -8.8476232e-05  -0.00010160780  1.6561105e-05  2.5909249e-06  -0.00064123590  0.0000000   7.0460509e-05  0.00057691949  6.0777930e-06  -5.8873014e-05  4.0855127e-05  2.8811148e-05  0.00024091227  0.00021381955  5.2378710e-07  1.5158291e-05  1.2497443e-05  9.8062321e-05  5.0638798e-06  6.2397108e-06  1.6121555e-05  8.4655325e-06  -7.7281639e-06  -4.2685071e-05  -6.3838295e-05  4.7850294e-05  0.00026397429  0.00011034488  4.9862667e-06  9.5244763e-06  -6.2026303e-07  -8.8476232e-05  -0.00010160780  1.6561105e-05  2.5909249e-06  
-1.7283551e-05  -7.0460509e-05  0.0000000   -3.9935426e-05  -0.0016648139  -0.00010154577  0.0020766934  0.00043566412  -0.00012382362  -2.4833593e-05  0.00040338802  -0.00030899368  0.00010060670  7.1458278e-06  3.3397494e-05  8.5515747e-05  -1.0088959e-05  5.0724662e-06  -3.9317121e-05  1.8790254e-06  -5.4615417e-06  3.3766997e-05  -1.6764723e-05  -1.6303999e-05  6.0296032e-06  6.5857648e-06  0.00012400914  -1.3165285e-05  1.8304043e-06  -3.8416865e-06  0.00011423663  -1.7283551e-05  -7.0460509e-05  0.0000000   -3.9935426e-05  -0.0016648139  -0.00010154577  0.0020766934  0.00043566412  -0.00012382362  -2.4833593e-05  0.00040338802  -0.00030899368  0.00010060670  7.1458278e-06  3.3397494e-05  8.5515747e-05  -1.0088959e-05  5.0724662e-06  -3.9317121e-05  1.8790254e-06  -5.4615417e-06  3.3766997e-05  -1.6764723e-05  -1.6303999e-05  6.0296032e-06  6.5857648e-06  0.00012400914  -1.3165285e-05  1.8304043e-06  -3.8416865e-06  0.00011423663  
1.0192482e-05  -0.00057691949  3.9935426e-05  0.0000000   0.00012481812  0.00039263201  -5.4717134e-05  3.5182858e-05  3.7358230e-05  -5.8028410e-05  -3.7023983e-05  -1.8339381e-05  -2.3000165e-05  0.00016545056  0.00017366298  1.1669337e-05  -0.00021156323  0.00023109002  -5.6676043e-06  -1.2080495e-05  9.7796365e-05  -6.0522793e-05  -3.0089980e-05  -0.00012523632  -2.8561544e-06  5.1519492e-05  3.2194854e-06  -0.00010312049  -5.9922864e-05  -2.4896982e-05  -6.9434006e-07  1.0192482e-05  -0.00057691949  3.9935426e-05  0.0000000   0.00012481812  0.00039263201  -5.4717134e-05  3.5182858e-05  3.7358230e-05  -5.8028410e-05  -3.7023983e-05  -1.8339381e-05  -2.3000165e-05  0.00016545056  0.00017366298  1.1669337e-05  -0.00021156323  0.00023109002  -5.6676043e-06  -1.2080495e-05  9.7796365e-05  -6.0522793e-05  -3.0089980e-05  -0.00012523632  -2.8561544e-06  5.1519492e-05  3.2194854e-06  -0.00010312049  -5.9922864e-05  -2.4896982e-05  -6.9434006e-07  
1.9249093e-05  -6.0777930e-06  0.0016648139  -0.00012481812  0.0000000   6.7032231e-05  0.00072982139  0.0014970863  -3.8957632e-05  1.9186550e-05  -0.00044657752  -0.00011357129  -0.00014622128  -1.6868648e-05  6.0973367e-06  8.2157516e-05  1.9576818e-05  9.9198159e-06  -8.2314308e-05  -3.1042060e-06  -2.7448293e-05  -6.7988287e-05  4.4988960e-06  -4.4834043e-06  -6.8013800e-06  7.2617678e-06  5.7956823e-05  -2.9317534e-06  1.8134877e-06  -2.7952459e-06  0.00010367606  1.9249093e-05  -6.0777930e-06  0.0016648139  -0.00012481812  0.0000000   6.7032231e-05  0.00072982139  0.0014970863  -3.8957632e-05  1.9186550e-05  -0.00044657752  -0.00011357129  -0.00014622128  -1.6868648e-05  6.0973367e-06  8.2157516e-05  1.9576818e-05  9.9198159e-06  -8.2314308e-05  -3.1042060e-06  -2.7448293e-05  -6.7988287e-05  4.4988960e-06  -4.4834043e-06  -6.8013800e-06  7.2617678e-06  5.7956823e-05  -2.9317534e-06  1.8134877e-06  -2.7952459e-06  0.00010367606  
0.00025129556  5.8873014e-05  0.00010154577  -0.00039263201  -6.7032231e-05  0.0000000   0.00012490078  0.00013362254  -0.00013748529  0.00034208742  -4.2550304e-05  -5.3692915e-05  -4.7418464e-05  6.1522668e-06  -0.00031404433  7.4981484e-06  0.00018070523  0.00017370299  -3.3133902e-05  2.2598503e-05  1.8367442e-05  -2.8236926e-05  0.00030306446  0.00018995059  2.1544553e-05  5.3955077e-05  6.2615342e-06  -2.6368407e-05  -1.4357569e-05  3.3289564e-05  2.5397478e-05  0.00025129556  5.8873014e-05  0.00010154577  -0.00039263201  -6.7032231e-05  0.0000000   0.00012490078  0.00013362254  -0.00013748529  0.00034208742  -4.2550304e-05  -5.3692915e-05  -4.7418464e-05  6.1522668e-06  -0.00031404433  7.4981484e-06  0.00018070523  0.00017370299  -3.3133902e-05  2.2598503e-05  1.8367442e-05  -2.8236926e-05  0.00030306446  0.00018995059  2.1544553e-05  5.3955077e-05  6.2615342e-06  -2.6368407e-05  -1.4357569e-05  3.3289564e-05  2.5397478e-05  
3.3219907e-05  -4.0855127e-05  -0.0020766934  5.4717134e-05  -0.00072982139  -0.00012490078  0.0000000   -0.0017869095  -1.8927245e-05  5.2640654e-05  0.00068430673  0.00030733993  0.00061050447  1.1350957e-05  -3.0435973e-05  -0.00025119881  1.2811617e-05  1.7062957e-05  0.00028350744  -1.4749136e-05  -2.8062736e-05  -0.00013655386  2.8513575e-05  1.9664500e-05  -0.00013588593  2.0593286e-05  -0.00013268338  -3.5272327e-07  1.0524785e-06  1.1968767e-05  -0.00016531370  3.3219907e-05  -4.0855127e-05  -0.0020766934  5.4717134e-05  -0.00072982139  -0.00012490078  0.0000000   -0.0017869095  -1.8927245e-05  5.2640654e-05  0.00068430673  0.00030733993  0.00061050447  1.1350957e-05  -3.0435973e-05  -0.00025119881  1.2811617e-05  1.7062957e-05  0.00028350744  -1.4749136e-05  -2.8062736e-05  -0.00013655386  2.8513575e-05  1.9664500e-05  -0.00013588593  2.0593286e-05  -0.00013268338  -3.5272327e-07  1.0524785e-06  1.1968767e-05  -0.00016531370  
1.1753988e-05  -2.8811148e-05  -0.00043566412  -3.5182858e-05  -0.0014970863  -0.00013362254  0.0017869095  0.0000000   -0.00010820601  -3.5256303e-05  9.2272500e-05  5.2626215e-05  0.00036305822  3.2381403e-06  2.1860997e-05  -7.1053387e-05  -4.3300864e-06  -7.2860202e-07  1.9884755e-05  -3.1632983e-06  -0.00010714432  -0.00015842259  -9.4154018e-06  -1.6814935e-05  4.4854475e-05  5.8077230e-06  -0.00013860650  8.8091177e-06  -5.7829453e-06  -1.7307580e-06  -8.0630351e-05  1.1753988e-05  -2.8811148e-05  -0.00043566412  -3.5182858e-05  -0.0014970863  -0.00013362254  0.0017869095  0.0000000   -0.00010820601  -3.5256303e-05  9.2272500e-05  5.2626215e-05  0.00036305822  3.2381403e-06  2.1860997e-05  -7.1053387e-05  -4.3300864e-06  -7.2860202e-07  1.9884755e-05  -3.1632983e-06  -0.00010714432  -0.00015842259  -9.4154018e-06  -1.6814935e-05  4.4854475e-05  5.8077230e-06  -0.00013860650  8.8091177e-06  -5.7829453e-06  -1.7307580e-06  -8.0630351e-05  
0.00011307073  -0.00024091227  0.00012382362  -3.7358230e-05  3.8957632e-05  0.00013748529  1.8927245e-05  0.00010820601  0.0000000   0.00076612356  -1.6646402e-05  -2.7572520e-05  -2.7745685e-05  -0.00044469164  0.00016064442  5.1935631e-05  -0.00013471625  -0.00017293812  -7.1541553e-06  -7.6665408e-05  9.1588914e-05  8.7273411e-05  -0.00010816061  -9.2131694e-05  1.5610567e-05  0.00014102423  4.0452801e-06  -2.4817999e-05  6.6496555e-05  -5.6970962e-05  2.3013191e-06  0.00011307073  -0.00024091227  0.00012382362  -3.7358230e-05  3.8957632e-05  0.00013748529  1.8927245e-05  0.00010820601  0.0000000   0.00076612356  -1.6646402e-05  -2.7572520e-05  -2.7745685e-05  -0.00044469164  0.00016064442  5.1935631e-05  -0.00013471625  -0.00017293812  -7.1541553e-06  -7.6665408e-05  9.1588914e-05  8.7273411e-05  -0.00010816061  -9.2131694e-05  1.5610567e-05  0.00014102423  4.0452801e-06  -2.4817999e-05  6.6496555e-05  -5.6970962e-05  2.3013191e-06  
-0.00014009336  -0.00021381955  2.4833593e-05  5.8028410e-05  -1.9186550e-05  -0.00034208742  -5.2640654e-05  3.5256303e-05  -0.00076612356  0.0000000   7.4152213e-05  1.3937926e-05  3.7147207e-05  8.0893787e-05  0.00012312126  -1.2506589e-05  -9.8726180e-05  5.4107763e-05  2.7980619e-06  -0.00039035859  0.00022524736  -0.00016604777  0.00022323369  0.00016696876  3.5626470e-06  -2.3427237e-05  -5.6816060e-06  -3.1700276e-05  -9.9663286e-06  -5.4628101e-05  -3.3690494e-06  -0.00014009336  -0.00021381955  2.4833593e-05  5.8028410e-05  -1.9186550e-05  -0.00034208742  -5.2640654e-05  3.5256303e-05  -0.00076612356  0.0000000   7.4152213e-05  1.3937926e-05  3.7147207e-05  8.0893787e-05  0.00012312126  -1.2506589e-05  -9.8726180e-05  5.4107763e-05  2.7980619e-06  -0.00039035859  0.00022524736  -0.00016604777  0.00022323369  0.00016696876  3.5626470e-06  -2.3427237e-05  -5.6816060e-06  -3.1700276e-05  -9.9663286e-06  -5.4628101e-05  -3.3690494e-06  
-1.5689332e-05  -5.2378710e-07  -0.00040338802  3.7023983e-05  0.00044657752  4.2550304e-05  -0.00068430673  -9.2272500e-05  1.6646402e-05  -7.4152213e-05  0.0000000   -0.0020605867  -0.0020843266  -6.7607831e-05  2.6432674e-05  0.00089986346  2.4726320e-05  4.6136871e-05  0.00024251899  -5.2220316e-06  -0.00022426843  -5.3483389e-05  2.3750546e-06  -2.2286567e-05  2.8425349e-05  -7.1967705e-06  -5.3106586e-06  1.1211679e-05  1.6470076e-05  8.2708093e-06  -1.2975553e-05  -1.5689332e-05  -5.2378710e-07  -0.00040338802  3.7023983e-05  0.00044657752  4.2550304e-05  -0.00068430673  -9.2272500e-05  1.6646402e-05  -7.4152213e-05  0.0000000   -0.0020605867  -0.0020843266  -6.7607831e-05  2.6432674e-05  0.00089986346  2.4726320e-05  4.6136871e-05  0.00024251899  -5.2220316e-06  -0.00022426843  -5.3483389e-05  2.3750546e-06  -2.2286567e-05  2.8425349e-05  -7.1967705e-06  -5.3106586e-06  1.1211679e-05  1.6470076e-05  8.2708093e-06  -1.2975553e-05  
1.4474239e-05  -1.5158291e-05  0.00030899368  1.8339381e-05  0.00011357129  5.3692915e-05  -0.00030733993  -5.2626215e-05  2.7572520e-05  -1.3937926e-05  0.0020605867  0.0000000   -0.00015090569  -3.1303639e-05  -6.7900477e-05  -0.00045377711  -7.9172088e-05  -1.8441621e-05  -8.8009745e-05  1.2565607e-05  2.3743790e-05  -0.00011185868  8.5780693e-06  3.5198435e-06  -9.7355530e-08  -5.4435475e-06  0.00014933954  6.6712099e-06  1.3483434e-05  3.0804814e-05  -0.00015134883  1.4474239e-05  -1.5158291e-05  0.00030899368  1.8339381e-05  0.00011357129  5.3692915e-05  -0.00030733993  -5.2626215e-05  2.7572520e-05  -1.3937926e-05  0.0020605867  0.0000000   -0.00015090569  -3.1303639e-05  -6.7900477e-05  -0.00045377711  -7.9172088e-05  -1.8441621e-05  -8.8009745e-05  1.2565607e-05  2.3743790e-05  -0.00011185868  8.5780693e-06  3.5198435e-06  -9.7355530e-08  -5.4435475e-06  0.00014933954  6.6712099e-06  1.3483434e-05  3.0804814e-05  -0.00015134883  
-8.5943111e-06  -1.2497443e-05  -0.00010060670  2.3000165e-05  0.00014622128  4.7418464e-05  -0.00061050447  -0.00036305822  2.7745685e-05  -3.7147207e-05  0.0020843266  0.00015090569  0.0000000   3.6984233e-05  -4.8944166e-05  0.0019275499  7.3830366e-05  5.7164823e-05  0.00021456351  9.5124647e-06  -0.00012682519  6.3348661e-05  -4.1185395e-05  -2.8538534e-05  4.1836971e-05  -1.8203189e-05  -5.2619864e-05  1.1473418e-05  8.0971949e-06  2.4066443e-05  -7.8210742e-05  -8.5943111e-06  -1.2497443e-05  -0.00010060670  2.3000165e-05  0.00014622128  4.7418464e-05  -0.00061050447  -0.00036305822  2.7745685e-05  -3.7147207e-05  0.0020843266  0.00015090569  0.0000000   3.6984233e-05  -4.8944166e-05  0.0019275499  7.3830366e-05  5.7164823e-05  0.00021456351  9.5124647e-06  -0.00012682519  6.3348661e-05  -4.1185395e-05  -2.8538534e-05  4.1836971e-05  -1.8203189e-05  -5.2619864e-05  1.1473418e-05  8.0971949e-06  2.4066443e-05  -7.8210742e-05  
7.2543059e-05  -9.8062321e-05  -7.1458278e-06  -0.00016545056  1.6868648e-05  -6.1522668e-06  -1.1350957e-05  -3.2381403e-06  0.00044469164  -8.0893787e-05  6.7607831e-05  3.1303639e-05  -3.6984233e-05  0.0000000   0.0029374724  -9.8564244e-05  0.0022565534  -0.00062085276  -8.4367330e-06  -0.00025635639  0.00039186216  0.00029779301  -0.00010663838  3.1055530e-05  2.6132751e-05  0.00029618433  3.2369860e-06  -0.00012663920  -5.5969526e-05  2.9578205e-05  -1.4553845e-05  7.2543059e-05  -9.8062321e-05  -7.1458278e-06  -0.00016545056  1.6868648e-05  -6.1522668e-06  -1.1350957e-05  -3.2381403e-06  0.00044469164  -8.0893787e-05  6.7607831e-05  3.1303639e-05  -3.6984233e-05  0.0000000   0.0029374724  -9.8564244e-05  0.0022565534  -0.00062085276  -8.4367330e-06  -0.00025635639  0.00039186216  0.00029779301  -0.00010663838  3.1055530e-05  2.6132751e-05  0.00029618433  3.2369860e-06  -0.00012663920  -5.5969526e-05  2.9578205e-05  -1.4553845e-05  
-0.00011486730  -5.0638798e-06  -3.3397494e-05  -0.00017366298  -6.0973367e-06  0.00031404433  3.0435973e-05  -2.1860997e-05  -0.00016064442  -0.00012312126  -2.6432674e-05  6.7900477e-05  4.8944166e-05  -0.0029374724  0.0000000   0.00013327569  -0.0013314500  -0.0015902107  4.3096227e-05  2.5170829e-05  0.00021158108  -0.00011111591  -0.00017709090  -0.00038438901  4.7683426e-06  -5.8124835e-05  -6.7118618e-06  0.00015496907  0.00010316996  -9.2575611e-05  -1.1676312e-05  -0.00011486730  -5.0638798e-06  -3.3397494e-05  -0.00017366298  -6.0973367e-06  0.00031404433  3.0435973e-05  -2.1860997e-05  -0.00016064442  -0.00012312126  -2.6432674e-05  6.7900477e-05  4.8944166e-05  -0.0029374724  0.0000000   0.00013327569  -0.0013314500  -0.0015902107  4.3096227e-05  2.5170829e-05  0.00021158108  -0.00011111591  -0.00017709090  -0.00038438901  4.7683426e-06  -5.8124835e-05  -6.7118618e-06  0.00015496907  0.00010316996  -9.2575611e-05  -1.1676312e-05  
-1.1666856e-05  -6.2397108e-06  -8.5515747e-05  -1.1669337e-05  -8.2157516e-05  -7.4981484e-06  0.00025119881  7.1053387e-05  -5.1935631e-05  1.2506589e-05  -0.00089986346  0.00045377711  -0.0019275499  9.8564244e-05  -0.00013327569  0.0000000   -8.8465602e-05  6.5170872e-05  -0.00071050647  -6.8331005e-05  8.4522547e-05  2.4348238e-05  1.0804451e-05  -3.4472679e-05  0.00023962225  -1.2614594e-05  0.00021454766  -1.2779128e-06  2.6463751e-05  -2.7308175e-06  -8.5912700e-05  -1.1666856e-05  -6.2397108e-06  -8.5515747e-05  -1.1669337e-05  -8.2157516e-05  -7.4981484e-06  0.00025119881  7.1053387e-05  -5.1935631e-05  1.2506589e-05  -0.00089986346  0.00045377711  -0.0019275499  9.8564244e-05  -0.00013327569  0.0000000   -8.8465602e-05  6.5170872e-05  -0.00071050647  -6.8331005e-05  8.4522547e-05  2.4348238e-05  1.0804451e-05  -3.4472679e-05  0.00023962225  -1.2614594e-05  0.00021454766  -1.2779128e-06  2.6463751e-05  -2.7308175e-06  -8.5912700e-05  
-4.0759972e-05  -1.6121555e-05  1.0088959e-05  0.00021156323  -1.9576818e-05  -0.00018070523  -1.2811617e-05  4.3300864e-06  0.00013471625  9.8726180e-05  -2.4726320e-05  7.9172088e-05  -7.3830366e-05  -0.0022565534  0.0013314500  8.8465602e-05  0.0000000   -0.00077966030  -4.7989382e-05  0.00050786043  0.00018007857  -0.00049444871  0.00051108773  0.00028635720  4.6908280e-05  8.2688861e-05  -2.6238334e-06  4.9292957e-05  -0.00010865894  6.8419814e-05  -6.4804231e-06  -4.0759972e-05  -1.6121555e-05  1.0088959e-05  0.00021156323  -1.9576818e-05  -0.00018070523  -1.2811617e-05  4.3300864e-06  0.00013471625  9.8726180e-05  -2.4726320e-05  7.9172088e-05  -7.3830366e-05  -0.0022565534  0.0013314500  8.8465602e-05  0.0000000   -0.00077966030  -4.7989382e-05  0.00050786043  0.00018007857  -0.00049444871  0.00051108773  0.00028635720  4.6908280e-05  8.2688861e-05  -2.6238334e-06  4.9292957e-05  -0.00010865894  6.8419814e-05  -6.4804231e-06  
7.3149227e-05  -8.4655325e-06  -5.0724662e-06  -0.00023109002  -9.9198159e-06  -0.00017370299  -1.7062957e-05  7.2860202e-07  0.00017293812  -5.4107763e-05  -4.6136871e-05  1.8441621e-05  -5.7164823e-05  0.00062085276  0.0015902107  -6.5170872e-05  0.00077966030  0.0000000   -2.5863951e-05  8.2804271e-06  -9.3054458e-05  0.00015695367  -0.00013017618  -0.00048338791  3.2948239e-07  0.00035529887  3.0044827e-05  7.6626642e-05  3.4871668e-05  -8.5625132e-05  -6.3312685e-07  7.3149227e-05  -8.4655325e-06  -5.0724662e-06  -0.00023109002  -9.9198159e-06  -0.00017370299  -1.7062957e-05  7.2860202e-07  0.00017293812  -5.4107763e-05  -4.6136871e-05  1.8441621e-05  -5.7164823e-05  0.00062085276  0.0015902107  -6.5170872e-05  0.00077966030  0.0000000   -2.5863951e-05  8.2804271e-06  -9.3054458e-05  0.00015695367  -0.00013017618  -0.00048338791  3.2948239e-07  0.00035529887  3.0044827e-05  7.6626642e-05  3.4871668e-05  -8.5625132e-05  -6.3312685e-07  
-4.5301921e-06  7.7281639e-06  3.9317121e-05  5.6676043e-06  8.2314308e-05  3.3133902e-05  -0.00028350744  -1.9884755e-05  7.1541553e-06  -2.7980619e-06  -0.00024251899  8.8009745e-05  -0.00021456351  8.4367330e-06  -4.3096227e-05  0.00071050647  4.7989382e-05  2.5863951e-05  0.0000000   3.3208304e-05  0.00025408402  0.00063150350  -2.3701783e-05  -1.7606804e-05  0.00012206947  -1.7112138e-05  0.00010876053  -1.1603112e-05  -2.2706950e-06  -1.6449529e-05  0.00021595082  -4.5301921e-06  7.7281639e-06  3.9317121e-05  5.6676043e-06  8.2314308e-05  3.3133902e-05  -0.00028350744  -1.9884755e-05  7.1541553e-06  -2.7980619e-06  -0.00024251899  8.8009745e-05  -0.00021456351  8.4367330e-06  -4.3096227e-05  0.00071050647  4.7989382e-05  2.5863951e-05  0.0000000   3.3208304e-05  0.00025408402  0.00063150350  -2.3701783e-05  -1.7606804e-05  0.00012206947  -1.7112138e-05  0.00010876053  -1.1603112e-05  -2.2706950e-06  -1.6449529e-05  0.00021595082  
-5.2542056e-05  4.2685071e-05  -1.8790254e-06  1.2080495e-05  3.1042060e-06  -2.2598503e-05  1.4749136e-05  3.1632983e-06  7.6665408e-05  0.00039035859  5.2220316e-06  -1.2565607e-05  -9.5124647e-06  0.00025635639  -2.5170829e-05  6.8331005e-05  -0.00050786043  -8.2804271e-06  -3.3208304e-05  0.0000000   0.0019585657  0.00061302977  0.00094572104  0.00067034091  4.1601226e-05  3.8224826e-05  -2.3955928e-05  -3.0683237e-05  -3.5912465e-05  0.00016568169  3.2553821e-05  -5.2542056e-05  4.2685071e-05  -1.8790254e-06  1.2080495e-05  3.1042060e-06  -2.2598503e-05  1.4749136e-05  3.1632983e-06  7.6665408e-05  0.00039035859  5.2220316e-06  -1.2565607e-05  -9.5124647e-06  0.00025635639  -2.5170829e-05  6.8331005e-05  -0.00050786043  -8.2804271e-06  -3.3208304e-05  0.0000000   0.0019585657  0.00061302977  0.00094572104  0.00067034091  4.1601226e-05  3.8224826e-05  -2.3955928e-05  -3.0683237e-05  -3.5912465e-05  0.00016568169  3.2553821e-05  
-3.1968120e-05  6.3838295e-05  5.4615417e-06  -9.7796365e-05  2.7448293e-05  -1.8367442e-05  2.8062736e-05  0.00010714432  -9.1588914e-05  -0.00022524736  0.00022426843  -2.3743790e-05  0.00012682519  -0.00039186216  -0.00021158108  -8.4522547e-05  -0.00018007857  9.3054458e-05  -0.00025408402  -0.0019585657  0.0000000   -0.023125229  7.6380135e-05  2.3157593e-05  5.7215779e-05  -0.00015881423  -0.00013787684  0.00022387222  -0.00013592237  3.7991235e-06  4.5256407e-05  -3.1968120e-05  6.3838295e-05  5.4615417e-06  -9.7796365e-05  2.7448293e-05  -1.8367442e-05  2.8062736e-05  0.00010714432  -9.1588914e-05  -0.00022524736  0.00022426843  -2.3743790e-05  0.00012682519  -0.00039186216  -0.00021158108  -8.4522547e-05  -0.00018007857  9.3054458e-05  -0.00025408402  -0.0019585657  0.0000000   -0.023125229  7.6380135e-05  2.3157593e-05  5.7215779e-05  -0.00015881423  -0.00013787684  0.00022387222  -0.00013592237  3.7991235e-06  4.5256407e-05  
-4.2223873e-05  -4.7850294e-05  -3.3766997e-05  6.0522793e-05  6.7988287e-05  2.8236926e-05  0.00013655386  0.00015842259  -8.7273411e-05  0.00016604777  5.3483389e-05  0.00011185868  -6.3348661e-05  -0.00029779301  0.00011111591  -2.4348238e-05  0.00049444871  -0.00015695367  -0.00063150350  -0.00061302977  0.023125229  0.0000000   0.00034431639  -4.6782214e-06  0.00022436256  -0.00032497083  -7.1498175e-05  -0.00026056716  0.00026858453  5.6778435e-05  -1.8976110e-05  -4.2223873e-05  -4.7850294e-05  -3.3766997e-05  6.0522793e-05  6.7988287e-05  2.8236926e-05  0.00013655386  0.00015842259  -8.7273411e-05  0.00016604777  5.3483389e-05  0.00011185868  -6.3348661e-05  -0.00029779301  0.00011111591  -2.4348238e-05  0.00049444871  -0.00015695367  -0.00063150350  -0.00061302977  0.023125229  0.0000000   0.00034431639  -4.6782214e-06  0.00022436256  -0.00032497083  -7.1498175e-05  -0.00026056716  0.00026858453  5.6778435e-05  -1.8976110e-05  
-4.8252987e-06  -0.00026397429  1.6764723e-05  3.0089980e-05  -4.4988960e-06  -0.00030306446  -2.8513575e-05  9.4154018e-06  0.00010816061  -0.00022323369  -2.3750546e-06  -8.5780693e-06  4.1185395e-05  0.00010663838  0.00017709090  -1.0804451e-05  -0.00051108773  0.00013017618  2.3701783e-05  -0.00094572104  -7.6380135e-05  -0.00034431639  0.0000000   -0.0027093839  -9.1625128e-05  0.00053600750  5.3416126e-05  0.00040292631  0.00028435492  0.00033628826  5.8113598e-05  -4.8252987e-06  -0.00026397429  1.6764723e-05  3.0089980e-05  -4.4988960e-06  -0.00030306446  -2.8513575e-05  9.4154018e-06  0.00010816061  -0.00022323369  -2.3750546e-06  -8.5780693e-06  4.1185395e-05  0.00010663838  0.00017709090  -1.0804451e-05  -0.00051108773  0.00013017618  2.3701783e-05  -0.00094572104  -7.6380135e-05  -0.00034431639  0.0000000   -0.0027093839  -9.1625128e-05  0.00053600750  5.3416126e-05  0.00040292631  0.00028435492  0.00033628826  5.8113598e-05  
-1.7853918e-06  -0.00011034488  1.6303999e-05  0.00012523632  4.4834043e-06  -0.00018995059  -1.9664500e-05  1.6814935e-05  9.2131694e-05  -0.00016696876  2.2286567e-05  -3.5198435e-06  2.8538534e-05  -3.1055530e-05  0.00038438901  3.4472679e-05  -0.00028635720  0.00048338791  1.7606804e-05  -0.00067034091  -2.3157593e-05  4.6782214e-06  0.0027093839  0.0000000   2.7504016e-05  0.0011246750  -4.6405560e-05  -6.1257871e-05  0.00013753470  -0.00017343973  4.1477917e-05  -1.7853918e-06  -0.00011034488  1.6303999e-05  0.00012523632  4.4834043e-06  -0.00018995059  -1.9664500e-05  1.6814935e-05  9.2131694e-05  -0.00016696876  2.2286567e-05  -3.5198435e-06  2.8538534e-05  -3.1055530e-05  0.00038438901  3.4472679e-05  -0.00028635720  0.00048338791  1.7606804e-05  -0.00067034091  -2.3157593e-05  4.6782214e-06  0.0027093839  0.0000000   2.7504016e-05  0.0011246750  -4.6405560e-05  -6.1257871e-05  0.00013753470  -0.00017343973  4.1477917e-05  
5.8080410e-06  -4.9862667e-06  -6.0296032e-06  2.8561544e-06  6.8013800e-06  -2.1544553e-05  0.00013588593  -4.4854475e-05  -1.5610567e-05  -3.5626470e-06  -2.8425349e-05  9.7355530e-08  -4.1836971e-05  -2.6132751e-05  -4.7683426e-06  -0.00023962225  -4.6908280e-05  -3.2948239e-07  -0.00012206947  -4.1601226e-05  -5.7215779e-05  -0.00022436256  9.1625128e-05  -2.7504016e-05  0.0000000   3.5703608e-05  0.00019516878  2.0840407e-05  3.6367095e-05  4.9070386e-05  -0.00033785582  5.8080410e-06  -4.9862667e-06  -6.0296032e-06  2.8561544e-06  6.8013800e-06  -2.1544553e-05  0.00013588593  -4.4854475e-05  -1.5610567e-05  -3.5626470e-06  -2.8425349e-05  9.7355530e-08  -4.1836971e-05  -2.6132751e-05  -4.7683426e-06  -0.00023962225  -4.6908280e-05  -3.2948239e-07  -0.00012206947  -4.1601226e-05  -5.7215779e-05  -0.00022436256  9.1625128e-05  -2.7504016e-05  0.0000000   3.5703608e-05  0.00019516878  2.0840407e-05  3.6367095e-05  4.9070386e-05  -0.00033785582  
-6.2041878e-05  -9.5244763e-06  -6.5857648e-06  -5.1519492e-05  -7.2617678e-06  -5.3955077e-05  -2.0593286e-05  -5.8077230e-06  -0.00014102423  2.3427237e-05  7.1967705e-06  5.4435475e-06  1.8203189e-05  -0.00029618433  5.8124835e-05  1.2614594e-05  -8.2688861e-05  -0.00035529887  1.7112138e-05  -3.8224826e-05  0.00015881423  0.00032497083  -0.00053600750  -0.0011246750  -3.5703608e-05  0.0000000   2.0034369e-05  0.00047737619  0.00033099334  0.00037249444  5.7163483e-05  -6.2041878e-05  -9.5244763e-06  -6.5857648e-06  -5.1519492e-05  -7.2617678e-06  -5.3955077e-05  -2.0593286e-05  -5.8077230e-06  -0.00014102423  2.3427237e-05  7.1967705e-06  5.4435475e-06  1.8203189e-05  -0.00029618433  5.8124835e-05  1.2614594e-05  -8.2688861e-05  -0.00035529887  1.7112138e-05  -3.8224826e-05  0.00015881423  0.00032497083  -0.00053600750  -0.0011246750  -3.5703608e-05  0.0000000   2.0034369e-05  0.00047737619  0.00033099334  0.00037249444  5.7163483e-05  
4.9554486e-06  6.2026303e-07  -0.00012400914  -3.2194854e-06  -5.7956823e-05  -6.2615342e-06  0.00013268338  0.00013860650  -4.0452801e-06  5.6816060e-06  5.3106586e-06  -0.00014933954  5.2619864e-05  -3.2369860e-06  6.7118618e-06  -0.00021454766  2.6238334e-06  -3.0044827e-05  -0.00010876053  2.3955928e-05  0.00013787684  7.1498175e-05  -5.3416126e-05  4.6405560e-05  -0.00019516878  -2.0034369e-05  0.0000000   -9.9618281e-06  -2.4920023e-05  -8.4464669e-05  0.00016429189  4.9554486e-06  6.2026303e-07  -0.00012400914  -3.2194854e-06  -5.7956823e-05  -6.2615342e-06  0.00013268338  0.00013860650  -4.0452801e-06  5.6816060e-06  5.3106586e-06  -0.00014933954  5.2619864e-05  -3.2369860e-06  6.7118618e-06  -0.00021454766  2.6238334e-06  -3.0044827e-05  -0.00010876053  2.3955928e-05  0.00013787684  7.1498175e-05  -5.3416126e-05  4.6405560e-05  -0.00019516878  -2.0034369e-05  0.0000000   -9.9618281e-06  -2.4920023e-05  -8.4464669e-05  0.00016429189  
-1.3818420e-05  8.8476232e-05  1.3165285e-05  0.00010312049  2.9317534e-06  2.6368407e-05  3.5272327e-07  -8.8091177e-06  2.4817999e-05  3.1700276e-05  -1.1211679e-05  -6.6712099e-06  -1.1473418e-05  0.00012663920  -0.00015496907  1.2779128e-06  -4.9292957e-05  -7.6626642e-05  1.1603112e-05  3.0683237e-05  -0.00022387222  0.00026056716  -0.00040292631  6.1257871e-05  -2.0840407e-05  -0.00047737619  9.9618281e-06  0.0000000   -0.00043530127  -0.00011543308  -6.2534633e-05  -1.3818420e-05  8.8476232e-05  1.3165285e-05  0.00010312049  2.9317534e-06  2.6368407e-05  3.5272327e-07  -8.8091177e-06  2.4817999e-05  3.1700276e-05  -1.1211679e-05  -6.6712099e-06  -1.1473418e-05  0.00012663920  -0.00015496907  1.2779128e-06  -4.9292957e-05  -7.6626642e-05  1.1603112e-05  3.0683237e-05  -0.00022387222  0.00026056716  -0.00040292631  6.1257871e-05  -2.0840407e-05  -0.00047737619  9.9618281e-06  0.0000000   -0.00043530127  -0.00011543308  -6.2534633e-05  
2.6133008e-05  0.00010160780  -1.8304043e-06  5.9922864e-05  -1.8134877e-06  1.4357569e-05  -1.0524785e-06  5.7829453e-06  -6.6496555e-05  9.9663286e-06  -1.6470076e-05  -1.3483434e-05  -8.0971949e-06  5.5969526e-05  -0.00010316996  -2.6463751e-05  0.00010865894  -3.4871668e-05  2.2706950e-06  3.5912465e-05  0.00013592237  -0.00026858453  -0.00028435492  -0.00013753470  -3.6367095e-05  -0.00033099334  2.4920023e-05  0.00043530127  0.0000000   0.0015016644  0.00020688773  2.6133008e-05  0.00010160780  -1.8304043e-06  5.9922864e-05  -1.8134877e-06  1.4357569e-05  -1.0524785e-06  5.7829453e-06  -6.6496555e-05  9.9663286e-06  -1.6470076e-05  -1.3483434e-05  -8.0971949e-06  5.5969526e-05  -0.00010316996  -2.6463751e-05  0.00010865894  -3.4871668e-05  2.2706950e-06  3.5912465e-05  0.00013592237  -0.00026858453  -0.00028435492  -0.00013753470  -3.6367095e-05  -0.00033099334  2.4920023e-05  0.00043530127  0.0000000   0.0015016644  0.00020688773  
0.00011551924  -1.6561105e-05  3.8416865e-06  2.4896982e-05  2.7952459e-06  -3.3289564e-05  -1.1968767e-05  1.7307580e-06  5.6970962e-05  5.4628101e-05  -8.2708093e-06  -3.0804814e-05  -2.4066443e-05  -2.9578205e-05  9.2575611e-05  2.7308175e-06  -6.8419814e-05  8.5625132e-05  1.6449529e-05  -0.00016568169  -3.7991235e-06  -5.6778435e-05  -0.00033628826  0.00017343973  -4.9070386e-05  -0.00037249444  8.4464669e-05  0.00011543308  -0.0015016644  0.0000000   0.00012742908  0.00011551924  -1.6561105e-05  3.8416865e-06  2.4896982e-05  2.7952459e-06  -3.3289564e-05  -1.1968767e-05  1.7307580e-06  5.6970962e-05  5.4628101e-05  -8.2708093e-06  -3.0804814e-05  -2.4066443e-05  -2.9578205e-05  9.2575611e-05  2.7308175e-06  -6.8419814e-05  8.5625132e-05  1.6449529e-05  -0.00016568169  -3.7991235e-06  -5.6778435e-05  -0.00033628826  0.00017343973  -4.9070386e-05  -0.00037249444  8.4464669e-05  0.00011543308  -0.0015016644  0.0000000   0.00012742908  
1.8155250e-05  -2.5909249e-06  -0.00011423663  6.9434006e-07  -0.00010367606  -2.5397478e-05  0.00016531370  8.0630351e-05  -2.3013191e-06  3.3690494e-06  1.2975553e-05  0.00015134883  7.8210742e-05  1.4553845e-05  1.1676312e-05  8.5912700e-05  6.4804231e-06  6.3312685e-07  -0.00021595082  -3.2553821e-05  -4.5256407e-05  1.8976110e-05  -5.8113598e-05  -4.1477917e-05  0.00033785582  -5.7163483e-05  -0.00016429189  6.2534633e-05  -0.00020688773  -0.00012742908  0.0000000   1.8155250e-05  -2.5909249e-06  -0.00011423663  6.9434006e-07  -0.00010367606  -2.5397478e-05  0.00016531370  8.0630351e-05  -2.3013191e-06  3.3690494e-06  1.2975553e-05  0.00015134883  7.8210742e-05  1.4553845e-05  1.1676312e-05  8.5912700e-05  6.4804231e-06  6.3312685e-07  -0.00021595082  -3.2553821e-05  -4.5256407e-05  1.8976110e-05  -5.8113598e-05  -4.1477917e-05  0.00033785582  -5.7163483e-05  -0.00016429189  6.2534633e-05  -0.00020688773  -0.00012742908  0.0000000   
0.0000000   0.00064123590  1.7283551e-05  -1.0192482e-05  -1.9249093e-05  -0.00025129556  -3.3219907e-05  -1.1753988e-05  -0.00011307073  0.00014009336  1.5689332e-05  -1.4474239e-05  8.5943111e-06  -7.2543059e-05  0.00011486730  1.1666856e-05  4.0759972e-05  -7.3149227e-05  4.5301921e-06  5.2542056e-05  3.1968120e-05  4.2223873e-05  4.8252987e-06  1.7853918e-06  -5.8080410e-06  6.2041878e-05  -4.9554486e-06  1.3818420e-05  -2.6133008e-05  -0.00011551924  -1.8155250e-05  0.0000000   0.00064123590  1.7283551e-05  -1.0192482e-05  -1.9249093e-05  -0.00025129556  -3.3219907e-05  -1.1753988e-05  -0.00011307073  0.00014009336  1.5689332e-05  -1.4474239e-05  8.5943111e-06  -7.2543059e-05  0.00011486730  1.1666856e-05  4.0759972e-05  -7.3149227e-05  4.5301921e-06  5.2542056e-05  3.1968120e-05  4.2223873e-05  4.8252987e-06  1.7853918e-06  -5.8080410e-06  6.2041878e-05  -4.9554486e-06  1.3818420e-05  -2.6133008e-05  -0.00011551924  -1.8155250e-05  
-0.00064123590  0.0000000   7.0460509e-05  0.00057691949  6.0777930e-06  -5.8873014e-05  4.0855127e-05  2.8811148e-05  0.00024091227  0.00021381955  5.2378710e-07  1.5158291e-05  1.2497443e-05  9.8062321e-05  5.0638798e-06  6.2397108e-06  1.6121555e-05  8.4655325e-06  -7.7281639e-06  -4.2685071e-05  -6.3838295e-05  4.7850294e-05  0.00026397429  0.00011034488  4.9862667e-06  9.5244763e-06  -6.2026303e-07  -8.8476232e-05  -0.00010160780  1.6561105e-05  2.5909249e-06  -0.00064123590  0.0000000   7.0460509e-05  0.00057691949  6.0777930e-06  -5.8873014e-05  4.0855127e-05  2.8811148e-05  0.00024091227  0.00021381955  5.2378710e-07  1.5158291e-05  1.2497443e-05  9.8062321e-05  5.0638798e-06  6.2397108e-06  1.6121555e-05  8.4655325e-06  -7.7281639e-06  -4.2685071e-05  -6.3838295e-05  4.7850294e-05  0.00026397429  0.00011034488  4.9862667e-06  9.5244763e-06  -6.2026303e-07  -8.8476232e-05  -0.00010160780  1.6561105e-05  2.5909249e-06  
-1.7283551e-05  -7.0460509e-05  0.0000000   -3.9935426e-05  -0.0016648139  -0.00010154577  0.0020766934  0.00043566412  -0.00012382362  -2.4833593e-05  0.00040338802  -0.00030899368  0.00010060670  7.1458278e-06  3.3397494e-05  8.5515747e-05  -1.0088959e-05  5.0724662e-06  -3.9317121e-05  1.8790254e-06  -5.4615417e-06  3.3766997e-05  -1.6764723e-05  -1.6303999e-05  6.0296032e-06  6.5857648e-06  0.00012400914  -1.3165285e-05  1.8304043e-06  -3.8416865e-06  0.00011423663  -1.7283551e-05  -7.0460509e-05  0.0000000   -3.9935426e-05  -0.0016648139  -0.00010154577  0.0020766934  0.00043566412  -0.00012382362  -2.4833593e-05  0.00040338802  -0.00030899368  0.00010060670  7.1458278e-06  3.3397494e-05  8.5515747e-05  -1.0088959e-05  5.0724662e-06  -3.9317121e-05  1.8790254e-06  -5.4615417e-06  3.3766997e-05  -1.6764723e-05  -1.6303999e-05  6.0296032e-06  6.5857648e-06  0.00012400914  -1.3165285e-05  1.8304043e-06  -3.8416865e-06  0.00011423663  
1.0192482e-05  -0.00057691949  3.9935426e-05  0.0000000   0.00012481812  0.00039263201  -5.4717134e-05  3.5182858e-05  3.7358230e-05  -5.8028410e-05  -3.7023983e-05  -1.8339381e-05  -2.3000165e-05  0.00016545056  0.00017366298  1.1669337e-05  -0.00021156323  0.00023109002  -5.6676043e-06  -1.2080495e-05  9.7796365e-05  -6.0522793e-05  -3.0089980e-05  -0.00012523632  -2.8561544e-06  5.1519492e-05  3.2194854e-06  -0.00010312049  -5.9922864e-05  -2.4896982e-05  -6.9434006e-07  1.0192482e-05  -0.00057691949  3.9935426e-05  0.0000000   0.00012481812  0.00039263201  -5.4717134e-05  3.5182858e-05  3.7358230e-05  -5.8028410e-05  -3.7023983e-05  -1.8339381e-05  -2.3000165e-05  0.00016545056  0.00017366298  1.1669337e-05  -0.00021156323  0.00023109002  -5.6676043e-06  -1.2080495e-05  9.7796365e-05  -6.0522793e-05  -3.0089980e-05  -0.00012523632  -2.8561544e-06  5.1519492e-05  3.2194854e-06  -0.00010312049  -5.9922864e-05  -2.4896982e-05  -6.9434006e-07  
1.9249093e-05  -6.0777930e-06  0.0016648139  -0.00012481812  0.0000000   6.7032231e-05  0.00072982139  0.0014970863  -3.8957632e-05  1.9186550e-05  -0.00044657752  -0.00011357129  -0.00014622128  -1.6868648e-05  6.0973367e-06  8.2157516e-05  1.9576818e-05  9.9198159e-06  -8.2314308e-05  -3.1042060e-06  -2.7448293e-05  -6.7988287e-05  4.4988960e-06  -4.4834043e-06  -6.8013800e-06  7.2617678e-06  5.7956823e-05  -2.9317534e-06  1.8134877e-06  -2.7952459e-06  0.00010367606  1.9249093e-05  -6.0777930e-06  0.0016648139  -0.00012481812  0.0000000   6.7032231e-05  0.00072982139  0.0014970863  -3.8957632e-05  1.9186550e-05  -0.00044657752  -0.00011357129  -0.00014622128  -1.6868648e-05  6.0973367e-06  8.2157516e-05  1.9576818e-05  9.9198159e-06  -8.2314308e-05  -3.1042060e-06  -2.7448293e-05  -6.7988287e-05  4.4988960e-06  -4.4834043e-06  -6.8013800e-06  7.2617678e-06  5.7956823e-05  -2.9317534e-06  1.8134877e-06  -2.7952459e-06  0.00010367606  
0.00025129556  5.8873014e-05  0.00010154577  -0.00039263201  -6.7032231e-05  0.0000000   0.00012490078  0.00013362254  -0.00013748529  0.00034208742  -4.2550304e-05  -5.3692915e-05  -4.7418464e-05  6.1522668e-06  -0.00031404433  7.4981484e-06  0.00018070523  0.00017370299  -3.3133902e-05  2.2598503e-05  1.8367442e-05  -2.8236926e-05  0.00030306446  0.00018995059  2.1544553e-05  5.3955077e-05  6.2615342e-06  -2.6368407e-05  -1.4357569e-05  3.3289564e-05  2.5397478e-05  0.00025129556  5.8873014e-05  0.00010154577  -0.00039263201  -6.7032231e-05  0.0000000   0.00012490078  0.00013362254  -0.00013748529  0.00034208742  -4.2550304e-05  -5.3692915e-05  -4.7418464e-05  6.1522668e-06  -0.00031404433  7.4981484e-06  0.00018070523  0.00017370299  -3.3133902e-05  2.2598503e-05  1.8367442e-05  -2.8236926e-05  0.00030306446  0.00018995059  2.1544553e-05  5.3955077e-05  6.2615342e-06  -2.6368407e-05  -1.4357569e-05  3.3289564e-05  2.5397478e-05  
3.3219907e-05  -4.0855127e-05  -0.0020766934  5.4717134e-05  -0.00072982139  -0.00012490078  0.0000000   -0.0017869095  -1.8927245e-05  5.2640654e-05  0.00068430673  0.00030733993  0.00061050447  1.1350957e-05  -3.0435973e-05  -0.00025119881  1.2811617e-05  1.7062957e-05  0.00028350744  -1.4749136e-05  -2.8062736e-05  -0.00013655386  2.8513575e-05  1.9664500e-05  -0.00013588593  2.0593286e-05  -0.00013268338  -3.5272327e-07  1.0524785e-06  1.1968767e-05  -0.00016531370  3.3219907e-05  -4.0855127e-05  -0.0020766934  5.4717134e-05  -0.00072982139  -0.00012490078  0.0000000   -0.0017869095  -1.8927245e-05  5.2640654e-05  0.00068430673  0.00030733993  0.00061050447  1.1350957e-05  -3.0435973e-05  -0.00025119881  1.2811617e-05  1.7062957e-05  0.00028350744  -1.4749136e-05  -2.8062736e-05  -0.00013655386  2.8513575e-05  1.9664500e-05  -0.00013588593  2.0593286e-05  -0.00013268338  -3.5272327e-07  1.0524785e-06  1.1968767e-05  -0.00016531370  
1.1753988e-05  -2.8811148e-05  -0.00043566412  -3.5182858e-05  -0.0014970863  -0.00013362254  0.0017869095  0.0000000   -0.00010820601  -3.5256303e-05  9.2272500e-05  5.2626215e-05  0.00036305822  3.2381403e-06  2.1860997e-05  -7.1053387e-05  -4.3300864e-06  -7.2860202e-07  1.9884755e-05  -3.1632983e-06  -0.00010714432  -0.00015842259  -9.4154018e-06  -1.6814935e-05  4.4854475e-05  5.8077230e-06  -0.00013860650  8.8091177e-06  -5.7829453e-06  -1.7307580e-06  -8.0630351e-05  1.1753988e-05  -2.8811148e-05  -0.00043566412  -3.5182858e-05  -0.0014970863  -0.00013362254  0.0017869095  0.0000000   -0.00010820601  -3.5256303e-05  9.2272500e-05  5.2626215e-05  0.00036305822  3.2381403e-06  2.1860997e-05  -7.1053387e-05  -4.3300864e-06  -7.2860202e-07  1.9884755e-05  -3.1632983e-06  -0.00010714432  -0.00015842259  -9.4154018e-06  -1.6814935e-05  4.4854475e-05  5.8077230e-06  -0.00013860650  8.8091177e-06  -5.7829453e-06  -1.7307580e-06  -8.0630351e-05  
0.00011307073  -0.00024091227  0.00012382362  -3.7358230e-05  3.8957632e-05  0.00013748529  1.8927245e-05  0.00010820601  0.0000000   0.00076612356  -1.6646402e-05  -2.7572520e-05  -2.7745685e-05  -0.00044469164  0.00016064442  5.1935631e-05  -0.00013471625  -0.00017293812  -7.1541553e-06  -7.6665408e-05  9.1588914e-05  8.7273411e-05  -0.00010816061  -9.2131694e-05  1.5610567e-05  0.00014102423  4.0452801e-06  -2.4817999e-05  6.6496555e-05  -5.6970962e-05  2.3013191e-06  0.00011307073  -0.00024091227  0.00012382362  -3.7358230e-05  3.8957632e-05  0.00013748529  1.8927245e-05  0.00010820601  0.0000000   0.00076612356  -1.6646402e-05  -2.7572520e-05  -2.7745685e-05  -0.00044469164  0.00016064442  5.1935631e-05  -0.00013471625  -0.00017293812  -7.1541553e-06  -7.6665408e-05  9.1588914e-05  8.7273411e-05  -0.00010816061  -9.2131694e-05  1.5610567e-05  0.00014102423  4.0452801e-06  -2.4817999e-05  6.6496555e-05  -5.6970962e-05  2.3013191e-06  
-0.00014009336  -0.00021381955  2.4833593e-05  5.8028410e-05  -1.9186550e-05  -0.00034208742  -5.2640654e-05  3.5256303e-05  -0.00076612356  0.0000000   7.4152213e-05  1.3937926e-05  3.7147207e-05  8.0893787e-05  0.00012312126  -1.2506589e-05  -9.8726180e-05  5.4107763e-05  2.7980619e-06  -0.00039035859  0.00022524736  -0.00016604777  0.00022323369  0.00016696876  3.5626470e-06  -2.3427237e-05  -5.6816060e-06  -3.1700276e-05  -9.9663286e-06  -5.4628101e-05  -3.3690494e-06  -0.00014009336  -0.00021381955  2.4833593e-05  5.8028410e-05  -1.9186550e-05  -0.00034208742  -5.2640654e-05  3.5256303e-05  -0.00076612356  0.0000000   7.4152213e-05  1.3937926e-05  3.7147207e-05  8.0893787e-05  0.00012312126  -1.2506589e-05  -9.8726180e-05  5.4107763e-05  2.7980619e-06  -0.00039035859  0.00022524736  -0.00016604777  0.00022323369  0.00016696876  3.5626470e-06  -2.3427237e-05  -5.6816060e-06  -3.1700276e-05  -9.9663286e-06  -5.4628101e-05  -3.3690494e-06  
