0.0000000   0.00048945224  -4.4402441e-05  0.00095111899  -0.00061319451  -0.00051870524  -0.00010113935  -1.5752854e-05  0.00030753925  -7.2795643e-07  3.9333698e-05  -3.2155423e-05  7.1614815e-07  5.3180072e-06  -6.7826869e-05  5.5132876e-05  -3.0185635e-05  3.3723166e-06  -2.2994972e-05  0.00010600178  5.5108304e-06  6.8164206e-06  -6.0483567e-06  -9.3373163e-07  4.6482546e-06  -1.1255771e-06  -7.4362227e-05  -2.4909887e-05  4.5052753e-05  -6.0138288e-06  -4.7400677e-06  0.0000000   0.00048945224  -4.4402441e-05  0.00095111899  -0.00061319451  -0.00051870524  -0.00010113935  -1.5752854e-05  0.00030753925  -7.2795643e-07  3.9333698e-05  -3.2155423e-05  7.1614815e-07  5.3180072e-06  -6.7826869e-05  5.5132876e-05  -3.0185635e-05  3.3723166e-06  -2.2994972e-05  0.00010600178  5.5108304e-06  6.8164206e-06  -6.0483567e-06  -9.3373163e-07  4.6482546e-06  -1.1255771e-06  -7.4362227e-05  -2.4909887e-05  4.5052753e-05  -6.0138288e-06  -4.7400677e-06  
-0.00048945224  0.0000000   -0.0063091934  -0.00010590981  0.00080291396  0.00038614508  0.00036972980  7.1229473e-05  0.00034163990  -5.4448765e-05  0.00020557571  0.00012088510  -3.5675888e-05  -2.4781308e-05  5.0504365e-05  -8.1371766e-05  -1.4421751e-05  -7.7297001e-05  9.5368986e-06  -3.8082559e-05  1.0402069e-05  -1.1070444e-05  -2.1620940e-05  -1.0602038e-05  -1.2495176e-05  -2.8974419e-06  7.6276545e-05  -5.2710009e-05  -6.7578266e-05  3.7555012e-06  -3.5209128e-06  -0.00048945224  0.0000000   -0.0063091934  -0.00010590981  0.00080291396  0.00038614508  0.00036972980  7.1229473e-05  0.00034163990  -5.4448765e-05  0.00020557571  0.00012088510  -3.5675888e-05  -2.4781308e-05  5.0504365e-05  -8.1371766e-05  -1.4421751e-05  -7.7297001e-05  9.5368986e-06  -3.8082559e-05  1.0402069e-05  -1.1070444e-05  -2.1620940e-05  -1.0602038e-05  -1.2495176e-05  -2.8974419e-06  7.6276545e-05  -5.2710009e-05  -6.7578266e-05  3.7555012e-06  -3.5209128e-06  
4.4402441e-05  0.0063091934  0.0000000   -0.0018621602  -0.00037555300  -0.00036286841  0.00017188606  -1.6132531e-05  -0.00019676350  -4.1377457e-05  0.00032222190  -0.00067050142  0.00016051888  -1.2032061e-05  -7.0301370e-05  -0.00025553018  4.9494494e-05  6.1872680e-06  1.1079666e-05  0.00012900475  -1.2406410e-05  3.7732314e-06  -1.2234224e-05  7.8991035e-06  1.2228348e-05  2.6866707e-05  6.8305314e-05  -1.5000307e-05  5.5987464e-05  1.1085596e-05  -1.3275902e-05  4.4402441e-05  0.0063091934  0.0000000   -0.0018621602  -0.00037555300  -0.00036286841  0.00017188606  -1.6132531e-05  -0.00019676350  -4.1377457e-05  0.00032222190  -0.00067050142  0.00016051888  -1.2032061e-05  -7.0301370e-05  -0.00025553018  4.9494494e-05  6.1872680e-06  1.1079666e-05  0.00012900475  -1.2406410e-05  3.7732314e-06  -1.2234224e-05  7.8991035e-06  1.2228348e-05  2.6866707e-05  6.8305314e-05  -1.5000307e-05  5.5987464e-05  1.1085596e-05  -1.3275902e-05  
-0.00095111899  0.00010590981  0.0018621602  0.0000000   -0.0010175976  -0.00020870949  -0.00052382748  -5.2275312e-05  -0.00043440003  1.0070634e-05  -0.00028441539  0.00023293769  -5.6562459e-05  6.0432577e-06  2.9212763e-05  8.9195237e-05  -3.1352148e-05  5.7462479e-06  2.6242567e-06  -1.7704800e-05  -1.0108635e-05  6.8030160e-06  1.2824812e-05  7.8697407e-07  8.3790391e-06  -9.8656150e-07  -4.4049409e-05  4.4051076e-05  2.0589922e-05  -5.2303244e-06  6.3830345e-06  -0.00095111899  0.00010590981  0.0018621602  0.0000000   -0.0010175976  -0.00020870949  -0.00052382748  -5.2275312e-05  -0.00043440003  1.0070634e-05  -0.00028441539  0.00023293769  -5.6562459e-05  6.0432577e-06  2.9212763e-05  8.9195237e-05  -3.1352148e-05  5.7462479e-06  2.6242567e-06  -1.7704800e-05  -1.0108635e-05  6.8030160e-06  1.2824812e-05  7.8697407e-07  8.3790391e-06  -9.8656150e-07  -4.4049409e-05  4.4051076e-05  2.0589922e-05  -5.2303244e-06  6.3830345e-06  
0.00061319451  -0.00080291396  0.00037555300  0.0010175976  0.0000000   0.0038768748  0.0022218154  -0.00021886506  -0.00091685844  2.6912071e-05  0.00018422408  0.00059809155  -0.00015839402  8.2186436e-06  0.00050986283  0.00014030743  -2.6974671e-06  1.0960237e-05  5.8970423e-06  -0.00010030266  7.4035652e-06  2.5059084e-06  5.1646478e-06  5.1928873e-07  1.0157889e-05  -9.2947763e-06  1.4390939e-05  -0.00016688001  -0.00013935240  3.8756002e-06  -3.9502296e-06  0.00061319451  -0.00080291396  0.00037555300  0.0010175976  0.0000000   0.0038768748  0.0022218154  -0.00021886506  -0.00091685844  2.6912071e-05  0.00018422408  0.00059809155  -0.00015839402  8.2186436e-06  0.00050986283  0.00014030743  -2.6974671e-06  1.0960237e-05  5.8970423e-06  -0.00010030266  7.4035652e-06  2.5059084e-06  5.1646478e-06  5.1928873e-07  1.0157889e-05  -9.2947763e-06  1.4390939e-05  -0.00016688001  -0.00013935240  3.8756002e-06  -3.9502296e-06  
0.00051870524  -0.00038614508  0.00036286841  0.00020870949  -0.0038768748  0.0000000   -0.0019215759  -0.00011485700  0.00092382228  1.4468369e-05  0.00045795117  -0.00065647839  0.00013183052  6.5683732e-05  0.00019107365  -0.00026896718  -1.9268938e-05  -1.9323177e-05  4.3296336e-06  7.2778338e-05  -2.0745120e-06  1.0319612e-05  -3.4633749e-06  6.3357427e-06  -6.9639678e-06  1.8654871e-05  0.00010143884  5.9013306e-06  0.00011449930  -2.1131859e-05  -4.6342704e-06  0.00051870524  -0.00038614508  0.00036286841  0.00020870949  -0.0038768748  0.0000000   -0.0019215759  -0.00011485700  0.00092382228  1.4468369e-05  0.00045795117  -0.00065647839  0.00013183052  6.5683732e-05  0.00019107365  -0.00026896718  -1.9268938e-05  -1.9323177e-05  4.3296336e-06  7.2778338e-05  -2.0745120e-06  1.0319612e-05  -3.4633749e-06  6.3357427e-06  -6.9639678e-06  1.8654871e-05  0.00010143884  5.9013306e-06  0.00011449930  -2.1131859e-05  -4.6342704e-06  
0.00010113935  -0.00036972980  -0.00017188606  0.00052382748  -0.0022218154  0.0019215759  0.0000000   -0.00020965675  -0.00096330345  1.0511029e-05  -0.00085560136  -0.00020399805  9.4949739e-06  7.5547032e-05  0.00020183837  0.00014255207  2.5351058e-05  -2.5182957e-06  -1.0999811e-05  2.4746687e-05  -7.9825369e-06  6.5521566e-06  1.1068950e-05  4.2781046e-06  -1.2597388e-05  1.5215488e-05  9.8982149e-05  2.6006068e-06  -1.8918287e-05  -9.8105420e-06  -2.8893501e-08  0.00010113935  -0.00036972980  -0.00017188606  0.00052382748  -0.0022218154  0.0019215759  0.0000000   -0.00020965675  -0.00096330345  1.0511029e-05  -0.00085560136  -0.00020399805  9.4949739e-06  7.5547032e-05  0.00020183837  0.00014255207  2.5351058e-05  -2.5182957e-06  -1.0999811e-05  2.4746687e-05  -7.9825369e-06  6.5521566e-06  1.1068950e-05  4.2781046e-06  -1.2597388e-05  1.5215488e-05  9.8982149e-05  2.6006068e-06  -1.8918287e-05  -9.8105420e-06  -2.8893501e-08  
1.5752854e-05  -7.1229473e-05  1.6132531e-05  5.2275312e-05  0.00021886506  0.00011485700  0.00020965675  0.0000000   -6.3361886e-05  -8.2156335e-06  1.4457284e-05  -5.2314070e-05  -0.00038137196  0.00032450933  1.9219824e-05  -4.8646607e-05  5.6333830e-05  -4.4653180e-05  -8.3617095e-05  -1.8611888e-05  1.2857648e-05  -6.1961403e-05  -0.00011419241  7.6291427e-05  -0.00011340136  0.00016260542  -1.1373408e-05  -1.2144419e-05  7.2979603e-07  -5.7667796e-05  -2.6072005e-06  1.5752854e-05  -7.1229473e-05  1.6132531e-05  5.2275312e-05  0.00021886506  0.00011485700  0.00020965675  0.0000000   -6.3361886e-05  -8.2156335e-06  1.4457284e-05  -5.2314070e-05  -0.00038137196  0.00032450933  1.9219824e-05  -4.8646607e-05  5.6333830e-05  -4.4653180e-05  -8.3617095e-05  -1.8611888e-05  1.2857648e-05  -6.1961403e-05  -0.00011419241  7.6291427e-05  -0.00011340136  0.00016260542  -1.1373408e-05  -1.2144419e-05  7.2979603e-07  -5.7667796e-05  -2.6072005e-06  
-0.00030753925  -0.00034163990  0.00019676350  0.00043440003  0.00091685844  -0.00092382228  0.00096330345  6.3361886e-05  0.0000000   9.2933711e-06  0.00057297697  0.00036734393  -6.3441807e-05  -6.9100952e-05  -2.1034672e-05  -0.00044933050  7.6165426e-05  -3.4805690e-05  -3.4578314e-05  0.00020756632  1.8136733e-05  1.3027661e-06  -5.7608194e-06  -7.2528517e-06  2.9794118e-06  -5.2551823e-06  3.8662997e-05  0.00012570705  0.00010584453  -5.4100940e-06  6.3772015e-06  -0.00030753925  -0.00034163990  0.00019676350  0.00043440003  0.00091685844  -0.00092382228  0.00096330345  6.3361886e-05  0.0000000   9.2933711e-06  0.00057297697  0.00036734393  -6.3441807e-05  -6.9100952e-05  -2.1034672e-05  -0.00044933050  7.6165426e-05  -3.4805690e-05  -3.4578314e-05  0.00020756632  1.8136733e-05  1.3027661e-06  -5.7608194e-06  -7.2528517e-06  2.9794118e-06  -5.2551823e-06  3.8662997e-05  0.00012570705  0.00010584453  -5.4100940e-06  6.3772015e-06  
7.2795643e-07  5.4448765e-05  4.1377457e-05  -1.0070634e-05  -2.6912071e-05  -1.4468369e-05  -1.0511029e-05  8.2156335e-06  -9.2933711e-06  0.0000000   1.0958292e-05  -0.00012219223  -0.00051331667  0.00099873561  -0.00014512422  2.6567155e-05  0.00023423350  -0.00022531579  -0.00015306833  -4.7397595e-05  0.00027010214  -7.4324509e-05  -8.5883900e-05  5.9917531e-05  -0.00014904501  0.00014953673  -1.1045668e-05  8.5707293e-06  -2.1481295e-06  -3.9443154e-05  -4.8193883e-05  7.2795643e-07  5.4448765e-05  4.1377457e-05  -1.0070634e-05  -2.6912071e-05  -1.4468369e-05  -1.0511029e-05  8.2156335e-06  -9.2933711e-06  0.0000000   1.0958292e-05  -0.00012219223  -0.00051331667  0.00099873561  -0.00014512422  2.6567155e-05  0.00023423350  -0.00022531579  -0.00015306833  -4.7397595e-05  0.00027010214  -7.4324509e-05  -8.5883900e-05  5.9917531e-05  -0.00014904501  0.00014953673  -1.1045668e-05  8.5707293e-06  -2.1481295e-06  -3.9443154e-05  -4.8193883e-05  
-3.9333698e-05  -0.00020557571  -0.00032222190  0.00028441539  -0.00018422408  -0.00045795117  0.00085560136  -1.4457284e-05  -0.00057297697  -1.0958292e-05  0.0000000   -0.0017460307  0.00042324241  -3.2983949e-05  -0.00060669418  -0.00053989240  -0.00017201318  9.1431057e-05  -2.8387206e-05  0.00011310645  -2.8522425e-05  1.1862904e-05  8.7479668e-06  -2.3052843e-05  -1.8385817e-06  -4.9243621e-06  -1.0969175e-05  -2.5967663e-05  0.00024287450  -1.6876073e-05  9.7400140e-06  -3.9333698e-05  -0.00020557571  -0.00032222190  0.00028441539  -0.00018422408  -0.00045795117  0.00085560136  -1.4457284e-05  -0.00057297697  -1.0958292e-05  0.0000000   -0.0017460307  0.00042324241  -3.2983949e-05  -0.00060669418  -0.00053989240  -0.00017201318  9.1431057e-05  -2.8387206e-05  0.00011310645  -2.8522425e-05  1.1862904e-05  8.7479668e-06  -2.3052843e-05  -1.8385817e-06  -4.9243621e-06  -1.0969175e-05  -2.5967663e-05  0.00024287450  -1.6876073e-05  9.7400140e-06  
3.2155423e-05  -0.00012088510  0.00067050142  -0.00023293769  -0.00059809155  0.00065647839  0.00020399805  5.2314070e-05  -0.00036734393  0.00012219223  0.0017460307  0.0000000   -8.8586044e-05  0.00063424863  0.00064828326  0.00098128765  0.00018665264  -0.00030748661  -2.0257903e-05  -0.00024443813  6.3682000e-05  2.2012425e-05  -3.9996575e-05  -1.9486704e-05  -4.4041156e-05  1.8238157e-05  1.6909723e-05  -0.00016139190  -0.00028473487  1.2552220e-05  -4.2621307e-05  3.2155423e-05  -0.00012088510  0.00067050142  -0.00023293769  -0.00059809155  0.00065647839  0.00020399805  5.2314070e-05  -0.00036734393  0.00012219223  0.0017460307  0.0000000   -8.8586044e-05  0.00063424863  0.00064828326  0.00098128765  0.00018665264  -0.00030748661  -2.0257903e-05  -0.00024443813  6.3682000e-05  2.2012425e-05  -3.9996575e-05  -1.9486704e-05  -4.4041156e-05  1.8238157e-05  1.6909723e-05  -0.00016139190  -0.00028473487  1.2552220e-05  -4.2621307e-05  
-7.1614815e-07  3.5675888e-05  -0.00016051888  5.6562459e-05  0.00015839402  -0.00013183052  -9.4949739e-06  0.00038137196  6.3441807e-05  0.00051331667  -0.00042324241  8.8586044e-05  0.0000000   0.0021416405  -0.00036575808  -0.00047822356  0.00077506127  -0.00042765807  -0.00013301614  7.1935564e-06  0.00020943722  4.7763760e-05  -0.00013825108  -0.00011871539  -0.00015094275  -6.1446344e-05  1.0535778e-05  5.0234740e-05  7.7486415e-05  6.6379371e-05  -0.00010392171  -7.1614815e-07  3.5675888e-05  -0.00016051888  5.6562459e-05  0.00015839402  -0.00013183052  -9.4949739e-06  0.00038137196  6.3441807e-05  0.00051331667  -0.00042324241  8.8586044e-05  0.0000000   0.0021416405  -0.00036575808  -0.00047822356  0.00077506127  -0.00042765807  -0.00013301614  7.1935564e-06  0.00020943722  4.7763760e-05  -0.00013825108  -0.00011871539  -0.00015094275  -6.1446344e-05  1.0535778e-05  5.0234740e-05  7.7486415e-05  6.6379371e-05  -0.00010392171  
-5.3180072e-06  2.4781308e-05  1.2032061e-05  -6.0432577e-06  -8.2186436e-06  -6.5683732e-05  -7.5547032e-05  -0.00032450933  6.9100952e-05  -0.00099873561  3.2983949e-05  -0.00063424863  -0.0021416405  0.0000000   -0.0010194688  0.0012755445  -0.00018441575  0.00075176437  0.00021447206  7.8993172e-06  0.00056624137  -0.00012752993  -4.1070343e-06  0.00013376813  9.7408370e-05  0.00024045653  -1.7158035e-05  1.1128766e-05  -1.4769061e-05  -7.5636631e-05  -0.00012396979  -5.3180072e-06  2.4781308e-05  1.2032061e-05  -6.0432577e-06  -8.2186436e-06  -6.5683732e-05  -7.5547032e-05  -0.00032450933  6.9100952e-05  -0.00099873561  3.2983949e-05  -0.00063424863  -0.0021416405  0.0000000   -0.0010194688  0.0012755445  -0.00018441575  0.00075176437  0.00021447206  7.8993172e-06  0.00056624137  -0.00012752993  -4.1070343e-06  0.00013376813  9.7408370e-05  0.00024045653  -1.7158035e-05  1.1128766e-05  -1.4769061e-05  -7.5636631e-05  -0.00012396979  
6.7826869e-05  -5.0504365e-05  7.0301370e-05  -2.9212763e-05  -0.00050986283  -0.00019107365  -0.00020183837  -1.9219824e-05  2.1034672e-05  0.00014512422  0.00060669418  -0.00064828326  0.00036575808  0.0010194688  0.0000000   0.017657563  0.00045404774  -0.00026445247  -0.00024901074  -0.00023174605  0.00014051047  0.00017828286  3.4144898e-05  3.4058583e-05  4.2960427e-05  -2.5801531e-05  -0.00015820222  -1.8320143e-05  -0.00023713458  1.4034519e-05  -1.6260800e-05  6.7826869e-05  -5.0504365e-05  7.0301370e-05  -2.9212763e-05  -0.00050986283  -0.00019107365  -0.00020183837  -1.9219824e-05  2.1034672e-05  0.00014512422  0.00060669418  -0.00064828326  0.00036575808  0.0010194688  0.0000000   0.017657563  0.00045404774  -0.00026445247  -0.00024901074  -0.00023174605  0.00014051047  0.00017828286  3.4144898e-05  3.4058583e-05  4.2960427e-05  -2.5801531e-05  -0.00015820222  -1.8320143e-05  -0.00023713458  1.4034519e-05  -1.6260800e-05  
-5.5132876e-05  8.1371766e-05  0.00025553018  -8.9195237e-05  -0.00014030743  0.00026896718  -0.00014255207  4.8646607e-05  0.00044933050  -2.6567155e-05  0.00053989240  -0.00098128765  0.00047822356  -0.0012755445  -0.017657563  0.0000000   0.00017607675  0.00035281796  -4.3950106e-05  -0.00019513210  -0.00028402507  1.2207676e-05  -6.1582049e-05  -9.9527867e-06  3.0567201e-05  -5.5338905e-05  -0.00011497943  -7.6039610e-05  -0.00020371844  6.3214898e-05  6.7055278e-05  -5.5132876e-05  8.1371766e-05  0.00025553018  -8.9195237e-05  -0.00014030743  0.00026896718  -0.00014255207  4.8646607e-05  0.00044933050  -2.6567155e-05  0.00053989240  -0.00098128765  0.00047822356  -0.0012755445  -0.017657563  0.0000000   0.00017607675  0.00035281796  -4.3950106e-05  -0.00019513210  -0.00028402507  1.2207676e-05  -6.1582049e-05  -9.9527867e-06  3.0567201e-05  -5.5338905e-05  -0.00011497943  -7.6039610e-05  -0.00020371844  6.3214898e-05  6.7055278e-05  
3.0185635e-05  1.4421751e-05  -4.9494494e-05  3.1352148e-05  2.6974671e-06  1.9268938e-05  -2.5351058e-05  -5.6333830e-05  -7.6165426e-05  -0.00023423350  0.00017201318  -0.00018665264  -0.00077506127  0.00018441575  -0.00045404774  -0.00017607675  0.0000000   0.010438781  1.3688674e-05  0.00021265633  0.00013558878  0.00049542941  0.00026307808  0.00011369281  0.00038837917  -6.1492676e-05  -9.8628545e-06  -8.4778176e-06  -1.0824800e-05  4.4046203e-05  -2.3718167e-05  3.0185635e-05  1.4421751e-05  -4.9494494e-05  3.1352148e-05  2.6974671e-06  1.9268938e-05  -2.5351058e-05  -5.6333830e-05  -7.6165426e-05  -0.00023423350  0.00017201318  -0.00018665264  -0.00077506127  0.00018441575  -0.00045404774  -0.00017607675  0.0000000   0.010438781  1.3688674e-05  0.00021265633  0.00013558878  0.00049542941  0.00026307808  0.00011369281  0.00038837917  -6.1492676e-05  -9.8628545e-06  -8.4778176e-06  -1.0824800e-05  4.4046203e-05  -2.3718167e-05  
-3.3723166e-06  7.7297001e-05  -6.1872680e-06  -5.7462479e-06  -1.0960237e-05  1.9323177e-05  2.5182957e-06  4.4653180e-05  3.4805690e-05  0.00022531579  -9.1431057e-05  0.00030748661  0.00042765807  -0.00075176437  0.00026445247  -0.00035281796  -0.010438781  0.0000000   -0.00085967128  -0.00014358852  0.00034541567  0.00053804276  6.7895743e-05  -0.00045174117  -0.00012990981  0.00012695011  3.3303397e-05  -5.8929118e-05  4.4006420e-05  2.4984741e-05  -6.6015728e-05  -3.3723166e-06  7.7297001e-05  -6.1872680e-06  -5.7462479e-06  -1.0960237e-05  1.9323177e-05  2.5182957e-06  4.4653180e-05  3.4805690e-05  0.00022531579  -9.1431057e-05  0.00030748661  0.00042765807  -0.00075176437  0.00026445247  -0.00035281796  -0.010438781  0.0000000   -0.00085967128  -0.00014358852  0.00034541567  0.00053804276  6.7895743e-05  -0.00045174117  -0.00012990981  0.00012695011  3.3303397e-05  -5.8929118e-05  4.4006420e-05  2.4984741e-05  -6.6015728e-05  
2.2994972e-05  -9.5368986e-06  -1.1079666e-05  -2.6242567e-06  -5.8970423e-06  -4.3296336e-06  1.0999811e-05  8.3617095e-05  3.4578314e-05  0.00015306833  2.8387206e-05  2.0257903e-05  0.00013301614  -0.00021447206  0.00024901074  4.3950106e-05  -1.3688674e-05  0.00085967128  0.0000000   0.00014822462  -0.0025285401  0.00038446995  0.00068475419  0.00052095635  -2.3126675e-05  0.00041798685  -4.1275630e-06  2.2580481e-05  -1.7567683e-05  -4.2594153e-05  8.7195755e-05  2.2994972e-05  -9.5368986e-06  -1.1079666e-05  -2.6242567e-06  -5.8970423e-06  -4.3296336e-06  1.0999811e-05  8.3617095e-05  3.4578314e-05  0.00015306833  2.8387206e-05  2.0257903e-05  0.00013301614  -0.00021447206  0.00024901074  4.3950106e-05  -1.3688674e-05  0.00085967128  0.0000000   0.00014822462  -0.0025285401  0.00038446995  0.00068475419  0.00052095635  -2.3126675e-05  0.00041798685  -4.1275630e-06  2.2580481e-05  -1.7567683e-05  -4.2594153e-05  8.7195755e-05  
-0.00010600178  3.8082559e-05  -0.00012900475  1.7704800e-05  0.00010030266  -7.2778338e-05  -2.4746687e-05  1.8611888e-05  -0.00020756632  4.7397595e-05  -0.00011310645  0.00024443813  -7.1935564e-06  -7.8993172e-06  0.00023174605  0.00019513210  -0.00021265633  0.00014358852  -0.00014822462  0.0000000   -0.00043086936  0.00012366624  0.00014368718  7.0248437e-05  -3.0905872e-05  0.00011279024  -6.9520975e-05  -3.1326907e-05  8.9193332e-05  -8.3967287e-06  -2.8105117e-06  -0.00010600178  3.8082559e-05  -0.00012900475  1.7704800e-05  0.00010030266  -7.2778338e-05  -2.4746687e-05  1.8611888e-05  -0.00020756632  4.7397595e-05  -0.00011310645  0.00024443813  -7.1935564e-06  -7.8993172e-06  0.00023174605  0.00019513210  -0.00021265633  0.00014358852  -0.00014822462  0.0000000   -0.00043086936  0.00012366624  0.00014368718  7.0248437e-05  -3.0905872e-05  0.00011279024  -6.9520975e-05  -3.1326907e-05  8.9193332e-05  -8.3967287e-06  -2.8105117e-06  
-5.5108304e-06  -1.0402069e-05  1.2406410e-05  1.0108635e-05  -7.4035652e-06  2.0745120e-06  7.9825369e-06  -1.2857648e-05  -1.8136733e-05  -0.00027010214  2.8522425e-05  -6.3682000e-05  -0.00020943722  -0.00056624137  -0.00014051047  0.00028402507  -0.00013558878  -0.00034541567  0.0025285401  0.00043086936  0.0000000   -0.00071033987  -0.00036441953  -0.00010699514  -0.00013451259  -0.00049306700  2.3955836e-05  -1.5060642e-05  3.5816313e-06  2.0303601e-05  0.00015921386  -5.5108304e-06  -1.0402069e-05  1.2406410e-05  1.0108635e-05  -7.4035652e-06  2.0745120e-06  7.9825369e-06  -1.2857648e-05  -1.8136733e-05  -0.00027010214  2.8522425e-05  -6.3682000e-05  -0.00020943722  -0.00056624137  -0.00014051047  0.00028402507  -0.00013558878  -0.00034541567  0.0025285401  0.00043086936  0.0000000   -0.00071033987  -0.00036441953  -0.00010699514  -0.00013451259  -0.00049306700  2.3955836e-05  -1.5060642e-05  3.5816313e-06  2.0303601e-05  0.00015921386  
-6.8164206e-06  1.1070444e-05  -3.7732314e-06  -6.8030160e-06  -2.5059084e-06  -1.0319612e-05  -6.5521566e-06  6.1961403e-05  -1.3027661e-06  7.4324509e-05  -1.1862904e-05  -2.2012425e-05  -4.7763760e-05  0.00012752993  -0.00017828286  -1.2207676e-05  -0.00049542941  -0.00053804276  -0.00038446995  -0.00012366624  0.00071033987  0.0000000   -0.00014212824  0.00043844777  0.00080054163  -0.00028285280  -7.3885592e-06  -4.0514609e-05  -2.5688273e-05  -0.00010658656  -2.2527716e-05  -6.8164206e-06  1.1070444e-05  -3.7732314e-06  -6.8030160e-06  -2.5059084e-06  -1.0319612e-05  -6.5521566e-06  6.1961403e-05  -1.3027661e-06  7.4324509e-05  -1.1862904e-05  -2.2012425e-05  -4.7763760e-05  0.00012752993  -0.00017828286  -1.2207676e-05  -0.00049542941  -0.00053804276  -0.00038446995  -0.00012366624  0.00071033987  0.0000000   -0.00014212824  0.00043844777  0.00080054163  -0.00028285280  -7.3885592e-06  -4.0514609e-05  -2.5688273e-05  -0.00010658656  -2.2527716e-05  
6.0483567e-06  2.1620940e-05  1.2234224e-05  -1.2824812e-05  -5.1646478e-06  3.4633749e-06  -1.1068950e-05  0.00011419241  5.7608194e-06  8.5883900e-05  -8.7479668e-06  3.9996575e-05  0.00013825108  4.1070343e-06  -3.4144898e-05  6.1582049e-05  -0.00026307808  -6.7895743e-05  -0.00068475419  -0.00014368718  0.00036441953  0.00014212824  0.0000000   -0.0014394404  6.1222348e-05  0.00029293604  -2.5607003e-05  -8.8679925e-06  -4.3099089e-06  -0.00040169356  4.9866431e-05  6.0483567e-06  2.1620940e-05  1.2234224e-05  -1.2824812e-05  -5.1646478e-06  3.4633749e-06  -1.1068950e-05  0.00011419241  5.7608194e-06  8.5883900e-05  -8.7479668e-06  3.9996575e-05  0.00013825108  4.1070343e-06  -3.4144898e-05  6.1582049e-05  -0.00026307808  -6.7895743e-05  -0.00068475419  -0.00014368718  0.00036441953  0.00014212824  0.0000000   -0.0014394404  6.1222348e-05  0.00029293604  -2.5607003e-05  -8.8679925e-06  -4.3099089e-06  -0.00040169356  4.9866431e-05  
9.3373163e-07  1.0602038e-05  -7.8991035e-06  -7.8697407e-07  -5.1928873e-07  -6.3357427e-06  -4.2781046e-06  -7.6291427e-05  7.2528517e-06  -5.9917531e-05  2.3052843e-05  1.9486704e-05  0.00011871539  -0.00013376813  -3.4058583e-05  9.9527867e-06  -0.00011369281  0.00045174117  -0.00052095635  -7.0248437e-05  0.00010699514  -0.00043844777  0.0014394404  0.0000000   0.00091494626  -0.0012965291  1.3939438e-05  -3.2142602e-05  -3.0015263e-05  2.3149160e-05  0.00013625964  9.3373163e-07  1.0602038e-05  -7.8991035e-06  -7.8697407e-07  -5.1928873e-07  -6.3357427e-06  -4.2781046e-06  -7.6291427e-05  7.2528517e-06  -5.9917531e-05  2.3052843e-05  1.9486704e-05  0.00011871539  -0.00013376813  -3.4058583e-05  9.9527867e-06  -0.00011369281  0.00045174117  -0.00052095635  -7.0248437e-05  0.00010699514  -0.00043844777  0.0014394404  0.0000000   0.00091494626  -0.0012965291  1.3939438e-05  -3.2142602e-05  -3.0015263e-05  2.3149160e-05  0.00013625964  
-4.6482546e-06  1.2495176e-05  -1.2228348e-05  -8.3790391e-06  -1.0157889e-05  6.9639678e-06  1.2597388e-05  0.00011340136  -2.9794118e-06  0.00014904501  1.8385817e-06  4.4041156e-05  0.00015094275  -9.7408370e-05  -4.2960427e-05  -3.0567201e-05  -0.00038837917  0.00012990981  2.3126675e-05  3.0905872e-05  0.00013451259  -0.00080054163  -6.1222348e-05  -0.00091494626  0.0000000   -0.0019021409  6.1604914e-05  4.2276199e-06  -1.8093551e-05  -0.00020638375  -0.00012086692  -4.6482546e-06  1.2495176e-05  -1.2228348e-05  -8.3790391e-06  -1.0157889e-05  6.9639678e-06  1.2597388e-05  0.00011340136  -2.9794118e-06  0.00014904501  1.8385817e-06  4.4041156e-05  0.00015094275  -9.7408370e-05  -4.2960427e-05  -3.0567201e-05  -0.00038837917  0.00012990981  2.3126675e-05  3.0905872e-05  0.00013451259  -0.00080054163  -6.1222348e-05  -0.00091494626  0.0000000   -0.0019021409  6.1604914e-05  4.2276199e-06  -1.8093551e-05  -0.00020638375  -0.00012086692  
1.1255771e-06  2.8974419e-06  -2.6866707e-05  9.8656150e-07  9.2947763e-06  -1.8654871e-05  -1.5215488e-05  -0.00016260542  5.2551823e-06  -0.00014953673  4.9243621e-06  -1.8238157e-05  6.1446344e-05  -0.00024045653  2.5801531e-05  5.5338905e-05  6.1492676e-05  -0.00012695011  -0.00041798685  -0.00011279024  0.00049306700  0.00028285280  -0.00029293604  0.0012965291  0.0019021409  0.0000000   2.8674770e-05  -6.7730405e-05  -2.2614014e-05  -0.00081460817  0.00027873696  1.1255771e-06  2.8974419e-06  -2.6866707e-05  9.8656150e-07  9.2947763e-06  -1.8654871e-05  -1.5215488e-05  -0.00016260542  5.2551823e-06  -0.00014953673  4.9243621e-06  -1.8238157e-05  6.1446344e-05  -0.00024045653  2.5801531e-05  5.5338905e-05  6.1492676e-05  -0.00012695011  -0.00041798685  -0.00011279024  0.00049306700  0.00028285280  -0.00029293604  0.0012965291  0.0019021409  0.0000000   2.8674770e-05  -6.7730405e-05  -2.2614014e-05  -0.00081460817  0.00027873696  
7.4362227e-05  -7.6276545e-05  -6.8305314e-05  4.4049409e-05  -1.4390939e-05  -0.00010143884  -9.8982149e-05  1.1373408e-05  -3.8662997e-05  1.1045668e-05  1.0969175e-05  -1.6909723e-05  -1.0535778e-05  1.7158035e-05  0.00015820222  0.00011497943  9.8628545e-06  -3.3303397e-05  4.1275630e-06  6.9520975e-05  -2.3955836e-05  7.3885592e-06  2.5607003e-05  -1.3939438e-05  -6.1604914e-05  -2.8674770e-05  0.0000000   -0.00096053830  0.0014776362  -3.6551524e-05  -2.3642216e-06  7.4362227e-05  -7.6276545e-05  -6.8305314e-05  4.4049409e-05  -1.4390939e-05  -0.00010143884  -9.8982149e-05  1.1373408e-05  -3.8662997e-05  1.1045668e-05  1.0969175e-05  -1.6909723e-05  -1.0535778e-05  1.7158035e-05  0.00015820222  0.00011497943  9.8628545e-06  -3.3303397e-05  4.1275630e-06  6.9520975e-05  -2.3955836e-05  7.3885592e-06  2.5607003e-05  -1.3939438e-05  -6.1604914e-05  -2.8674770e-05  0.0000000   -0.00096053830  0.0014776362  -3.6551524e-05  -2.3642216e-06  
2.4909887e-05  5.2710009e-05  1.5000307e-05  -4.4051076e-05  0.00016688001  -5.9013306e-06  -2.6006068e-06  1.2144419e-05  -0.00012570705  -8.5707293e-06  2.5967663e-05  0.00016139190  -5.0234740e-05  -1.1128766e-05  1.8320143e-05  7.6039610e-05  8.4778176e-06  5.8929118e-05  -2.2580481e-05  3.1326907e-05  1.5060642e-05  4.0514609e-05  8.8679925e-06  3.2142602e-05  -4.2276199e-06  6.7730405e-05  0.00096053830  0.0000000   0.0016418092  -7.5394672e-05  4.9211355e-05  2.4909887e-05  5.2710009e-05  1.5000307e-05  -4.4051076e-05  0.00016688001  -5.9013306e-06  -2.6006068e-06  1.2144419e-05  -0.00012570705  -8.5707293e-06  2.5967663e-05  0.00016139190  -5.0234740e-05  -1.1128766e-05  1.8320143e-05  7.6039610e-05  8.4778176e-06  5.8929118e-05  -2.2580481e-05  3.1326907e-05  1.5060642e-05  4.0514609e-05  8.8679925e-06  3.2142602e-05  -4.2276199e-06  6.7730405e-05  0.00096053830  0.0000000   0.0016418092  -7.5394672e-05  4.9211355e-05  
-4.5052753e-05  6.7578266e-05  -5.5987464e-05  -2.0589922e-05  0.00013935240  -0.00011449930  1.8918287e-05  -7.2979603e-07  -0.00010584453  2.1481295e-06  -0.00024287450  0.00028473487  -7.7486415e-05  1.4769061e-05  0.00023713458  0.00020371844  1.0824800e-05  -4.4006420e-05  1.7567683e-05  -8.9193332e-05  -3.5816313e-06  2.5688273e-05  4.3099089e-06  3.0015263e-05  1.8093551e-05  2.2614014e-05  -0.0014776362  -0.0016418092  0.0000000   2.8380867e-05  3.9927083e-05  -4.5052753e-05  6.7578266e-05  -5.5987464e-05  -2.0589922e-05  0.00013935240  -0.00011449930  1.8918287e-05  -7.2979603e-07  -0.00010584453  2.1481295e-06  -0.00024287450  0.00028473487  -7.7486415e-05  1.4769061e-05  0.00023713458  0.00020371844  1.0824800e-05  -4.4006420e-05  1.7567683e-05  -8.9193332e-05  -3.5816313e-06  2.5688273e-05  4.3099089e-06  3.0015263e-05  1.8093551e-05  2.2614014e-05  -0.0014776362  -0.0016418092  0.0000000   2.8380867e-05  3.9927083e-05  
6.0138288e-06  -3.7555012e-06  -1.1085596e-05  5.2303244e-06  -3.8756002e-06  2.1131859e-05  9.8105420e-06  5.7667796e-05  5.4100940e-06  3.9443154e-05  1.6876073e-05  -1.2552220e-05  -6.6379371e-05  7.5636631e-05  -1.4034519e-05  -6.3214898e-05  -4.4046203e-05  -2.4984741e-05  4.2594153e-05  8.3967287e-06  -2.0303601e-05  0.00010658656  0.00040169356  -2.3149160e-05  0.00020638375  0.00081460817  3.6551524e-05  7.5394672e-05  -2.8380867e-05  0.0000000   0.0017314021  6.0138288e-06  -3.7555012e-06  -1.1085596e-05  5.2303244e-06  -3.8756002e-06  2.1131859e-05  9.8105420e-06  5.7667796e-05  5.4100940e-06  3.9443154e-05  1.6876073e-05  -1.2552220e-05  -6.6379371e-05  7.5636631e-05  -1.4034519e-05  -6.3214898e-05  -4.4046203e-05  -2.4984741e-05  4.2594153e-05  8.3967287e-06  -2.0303601e-05  0.00010658656  0.00040169356  -2.3149160e-05  0.00020638375  0.00081460817  3.6551524e-05  7.5394672e-05  -2.8380867e-05  0.0000000   0.0017314021  
4.7400677e-06  3.5209128e-06  1.3275902e-05  -6.3830345e-06  3.9502296e-06  4.6342704e-06  2.8893501e-08  2.6072005e-06  -6.3772015e-06  4.8193883e-05  -9.7400140e-06  4.2621307e-05  0.00010392171  0.00012396979  1.6260800e-05  -6.7055278e-05  2.3718167e-05  6.6015728e-05  -8.7195755e-05  2.8105117e-06  -0.00015921386  2.2527716e-05  -4.9866431e-05  -0.00013625964  0.00012086692  -0.00027873696  2.3642216e-06  -4.9211355e-05  -3.9927083e-05  -0.0017314021  0.0000000   4.7400677e-06  3.5209128e-06  1.3275902e-05  -6.3830345e-06  3.9502296e-06  4.6342704e-06  2.8893501e-08  2.6072005e-06  -6.3772015e-06  4.8193883e-05  -9.7400140e-06  4.2621307e-05  0.00010392171  0.00012396979  1.6260800e-05  -6.7055278e-05  2.3718167e-05  6.6015728e-05  -8.7195755e-05  2.8105117e-06  -0.00015921386  2.2527716e-05  -4.9866431e-05  -0.00013625964  0.00012086692  -0.00027873696  2.3642216e-06  -4.9211355e-05  -3.9927083e-05  -0.0017314021  0.0000000   
0.0000000   0.00048945224  -4.4402441e-05  0.00095111899  -0.00061319451  -0.00051870524  -0.00010113935  -1.5752854e-05  0.00030753925  -7.2795643e-07  3.9333698e-05  -3.2155423e-05  7.1614815e-07  5.3180072e-06  -6.7826869e-05  5.5132876e-05  -3.0185635e-05  3.3723166e-06  -2.2994972e-05  0.00010600178  5.5108304e-06  6.8164206e-06  -6.0483567e-06  -9.3373163e-07  4.6482546e-06  -1.1255771e-06  -7.4362227e-05  -2.4909887e-05  4.5052753e-05  -6.0138288e-06  -4.7400677e-06  0.0000000   0.00048945224  -4.4402441e-05  0.00095111899  -0.00061319451  -0.00051870524  -0.00010113935  -1.5752854e-05  0.00030753925  -7.2795643e-07  3.9333698e-05  -3.2155423e-05  7.1614815e-07  5.3180072e-06  -6.7826869e-05  5.5132876e-05  -3.0185635e-05  3.3723166e-06  -2.2994972e-05  0.00010600178  5.5108304e-06  6.8164206e-06  -6.0483567e-06  -9.3373163e-07  4.6482546e-06  -1.1255771e-06  -7.4362227e-05  -2.4909887e-05  4.5052753e-05  -6.0138288e-06  -4.7400677e-06  
-0.00048945224  0.0000000   -0.0063091934  -0.00010590981  0.00080291396  0.00038614508  0.00036972980  7.1229473e-05  0.00034163990  -5.4448765e-05  0.00020557571  0.00012088510  -3.5675888e-05  -2.4781308e-05  5.0504365e-05  -8.1371766e-05  -1.4421751e-05  -7.7297001e-05  9.5368986e-06  -3.8082559e-05  1.0402069e-05  -1.1070444e-05  -2.1620940e-05  -1.0602038e-05  -1.2495176e-05  -2.8974419e-06  7.6276545e-05  -5.2710009e-05  -6.7578266e-05  3.7555012e-06  -3.5209128e-06  -0.00048945224  0.0000000   -0.0063091934  -0.00010590981  0.00080291396  0.00038614508  0.00036972980  7.1229473e-05  0.00034163990  -5.4448765e-05  0.00020557571  0.00012088510  -3.5675888e-05  -2.4781308e-05  5.0504365e-05  -8.1371766e-05  -1.4421751e-05  -7.7297001e-05  9.5368986e-06  -3.8082559e-05  1.0402069e-05  -1.1070444e-05  -2.1620940e-05  -1.0602038e-05  -1.2495176e-05  -2.8974419e-06  7.6276545e-05  -5.2710009e-05  -6.7578266e-05  3.7555012e-06  -3.5209128e-06  
4.4402441e-05  0.0063091934  0.0000000   -0.0018621602  -0.00037555300  -0.00036286841  0.00017188606  -1.6132531e-05  -0.00019676350  -4.1377457e-05  0.00032222190  -0.00067050142  0.00016051888  -1.2032061e-05  -7.0301370e-05  -0.00025553018  4.9494494e-05  6.1872680e-06  1.1079666e-05  0.00012900475  -1.2406410e-05  3.7732314e-06  -1.2234224e-05  7.8991035e-06  1.2228348e-05  2.6866707e-05  6.8305314e-05  -1.5000307e-05  5.5987464e-05  1.1085596e-05  -1.3275902e-05  4.4402441e-05  0.0063091934  0.0000000   -0.0018621602  -0.00037555300  -0.00036286841  0.00017188606  -1.6132531e-05  -0.00019676350  -4.1377457e-05  0.00032222190  -0.00067050142  0.00016051888  -1.2032061e-05  -7.0301370e-05  -0.00025553018  4.9494494e-05  6.1872680e-06  1.1079666e-05  0.00012900475  -1.2406410e-05  3.7732314e-06  -1.2234224e-05  7.8991035e-06  1.2228348e-05  2.6866707e-05  6.8305314e-05  -1.5000307e-05  5.5987464e-05  1.1085596e-05  -1.3275902e-05  
-0.00095111899  0.00010590981  0.0018621602  0.0000000   -0.0010175976  -0.00020870949  -0.00052382748  -5.2275312e-05  -0.00043440003  1.0070634e-05  -0.00028441539  0.00023293769  -5.6562459e-05  6.0432577e-06  2.9212763e-05  8.9195237e-05  -3.1352148e-05  5.7462479e-06  2.6242567e-06  -1.7704800e-05  -1.0108635e-05  6.8030160e-06  1.2824812e-05  7.8697407e-07  8.3790391e-06  -9.8656150e-07  -4.4049409e-05  4.4051076e-05  2.0589922e-05  -5.2303244e-06  6.3830345e-06  -0.00095111899  0.00010590981  0.0018621602  0.0000000   -0.0010175976  -0.00020870949  -0.00052382748  -5.2275312e-05  -0.00043440003  1.0070634e-05  -0.00028441539  0.00023293769  -5.6562459e-05  6.0432577e-06  2.9212763e-05  8.9195237e-05  -3.1352148e-05  5.7462479e-06  2.6242567e-06  -1.7704800e-05  -1.0108635e-05  6.8030160e-06  1.2824812e-05  7.8697407e-07  8.3790391e-06  -9.8656150e-07  -4.4049409e-05  4.4051076e-05  2.0589922e-05  -5.2303244e-06  6.3830345e-06  
0.00061319451  -0.00080291396  0.00037555300  0.0010175976  0.0000000   0.0038768748  0.0022218154  -0.00021886506  -0.00091685844  2.6912071e-05  0.00018422408  0.00059809155  -0.00015839402  8.2186436e-06  0.00050986283  0.00014030743  -2.6974671e-06  1.0960237e-05  5.8970423e-06  -0.00010030266  7.4035652e-06  2.5059084e-06  5.1646478e-06  5.1928873e-07  1.0157889e-05  -9.2947763e-06  1.4390939e-05  -0.00016688001  -0.00013935240  3.8756002e-06  -3.9502296e-06  0.00061319451  -0.00080291396  0.00037555300  0.0010175976  0.0000000   0.0038768748  0.0022218154  -0.00021886506  -0.00091685844  2.6912071e-05  0.00018422408  0.00059809155  -0.00015839402  8.2186436e-06  0.00050986283  0.00014030743  -2.6974671e-06  1.0960237e-05  5.8970423e-06  -0.00010030266  7.4035652e-06  2.5059084e-06  5.1646478e-06  5.1928873e-07  1.0157889e-05  -9.2947763e-06  1.4390939e-05  -0.00016688001  -0.00013935240  3.8756002e-06  -3.9502296e-06  
0.00051870524  -0.00038614508  0.00036286841  0.00020870949  -0.0038768748  0.0000000   -0.0019215759  -0.00011485700  0.00092382228  1.4468369e-05  0.00045795117  -0.00065647839  0.00013183052  6.5683732e-05  0.00019107365  -0.00026896718  -1.9268938e-05  -1.9323177e-05  4.3296336e-06  7.2778338e-05  -2.0745120e-06  1.0319612e-05  -3.4633749e-06  6.3357427e-06  -6.9639678e-06  1.8654871e-05  0.00010143884  5.9013306e-06  0.00011449930  -2.1131859e-05  -4.6342704e-06  0.00051870524  -0.00038614508  0.00036286841  0.00020870949  -0.0038768748  0.0000000   -0.0019215759  -0.00011485700  0.00092382228  1.4468369e-05  0.00045795117  -0.00065647839  0.00013183052  6.5683732e-05  0.00019107365  -0.00026896718  -1.9268938e-05  -1.9323177e-05  4.3296336e-06  7.2778338e-05  -2.0745120e-06  1.0319612e-05  -3.4633749e-06  6.3357427e-06  -6.9639678e-06  1.8654871e-05  0.00010143884  5.9013306e-06  0.00011449930  -2.1131859e-05  -4.6342704e-06  
0.00010113935  -0.00036972980  -0.00017188606  0.00052382748  -0.0022218154  0.0019215759  0.0000000   -0.00020965675  -0.00096330345  1.0511029e-05  -0.00085560136  -0.00020399805  9.4949739e-06  7.5547032e-05  0.00020183837  0.00014255207  2.5351058e-05  -2.5182957e-06  -1.0999811e-05  2.4746687e-05  -7.9825369e-06  6.5521566e-06  1.1068950e-05  4.2781046e-06  -1.2597388e-05  1.5215488e-05  9.8982149e-05  2.6006068e-06  -1.8918287e-05  -9.8105420e-06  -2.8893501e-08  0.00010113935  -0.00036972980  -0.00017188606  0.00052382748  -0.0022218154  0.0019215759  0.0000000   -0.00020965675  -0.00096330345  1.0511029e-05  -0.00085560136  -0.00020399805  9.4949739e-06  7.5547032e-05  0.00020183837  0.00014255207  2.5351058e-05  -2.5182957e-06  -1.0999811e-05  2.4746687e-05  -7.9825369e-06  6.5521566e-06  1.1068950e-05  4.2781046e-06  -1.2597388e-05  1.5215488e-05  9.8982149e-05  2.6006068e-06  -1.8918287e-05  -9.8105420e-06  -2.8893501e-08  
1.5752854e-05  -7.1229473e-05  1.6132531e-05  5.2275312e-05  0.00021886506  0.00011485700  0.00020965675  0.0000000   -6.3361886e-05  -8.2156335e-06  1.4457284e-05  -5.2314070e-05  -0.00038137196  0.00032450933  1.9219824e-05  -4.8646607e-05  5.6333830e-05  -4.4653180e-05  -8.3617095e-05  -1.8611888e-05  1.2857648e-05  -6.1961403e-05  -0.00011419241  7.6291427e-05  -0.00011340136  0.00016260542  -1.1373408e-05  -1.2144419e-05  7.2979603e-07  -5.7667796e-05  -2.6072005e-06  1.5752854e-05  -7.1229473e-05  1.6132531e-05  5.2275312e-05  0.00021886506  0.00011485700  0.00020965675  0.0000000   -6.3361886e-05  -8.2156335e-06  1.4457284e-05  -5.2314070e-05  -0.00038137196  0.00032450933  1.9219824e-05  -4.8646607e-05  5.6333830e-05  -4.4653180e-05  -8.3617095e-05  -1.8611888e-05  1.2857648e-05  -6.1961403e-05  -0.00011419241  7.6291427e-05  -0.00011340136  0.00016260542  -1.1373408e-05  -1.2144419e-05  7.2979603e-07  -5.7667796e-05  -2.6072005e-06  
-0.00030753925  -0.00034163990  0.00019676350  0.00043440003  0.00091685844  -0.00092382228  0.00096330345  6.3361886e-05  0.0000000   9.2933711e-06  0.00057297697  0.00036734393  -6.3441807e-05  -6.9100952e-05  -2.1034672e-05  -0.00044933050  7.6165426e-05  -3.4805690e-05  -3.4578314e-05  0.00020756632  1.8136733e-05  1.3027661e-06  -5.7608194e-06  -7.2528517e-06  2.9794118e-06  -5.2551823e-06  3.8662997e-05  0.00012570705  0.00010584453  -5.4100940e-06  6.3772015e-06  -0.00030753925  -0.00034163990  0.00019676350  0.00043440003  0.00091685844  -0.00092382228  0.00096330345  6.3361886e-05  0.0000000   9.2933711e-06  0.00057297697  0.00036734393  -6.3441807e-05  -6.9100952e-05  -2.1034672e-05  -0.00044933050  7.6165426e-05  -3.4805690e-05  -3.4578314e-05  0.00020756632  1.8136733e-05  1.3027661e-06  -5.7608194e-06  -7.2528517e-06  2.9794118e-06  -5.2551823e-06  3.8662997e-05  0.00012570705  0.00010584453  -5.4100940e-06  6.3772015e-06  
7.2795643e-07  5.4448765e-05  4.1377457e-05  -1.0070634e-05  -2.6912071e-05  -1.4468369e-05  -1.0511029e-05  8.2156335e-06  -9.2933711e-06  0.0000000   1.0958292e-05  -0.00012219223  -0.00051331667  0.00099873561  -0.00014512422  2.6567155e-05  0.00023423350  -0.00022531579  -0.00015306833  -4.7397595e-05  0.00027010214  -7.4324509e-05  -8.5883900e-05  5.9917531e-05  -0.00014904501  0.00014953673  -1.1045668e-05  8.5707293e-06  -2.1481295e-06  -3.9443154e-05  -4.8193883e-05  7.2795643e-07  5.4448765e-05  4.1377457e-05  -1.0070634e-05  -2.6912071e-05  -1.4468369e-05  -1.0511029e-05  8.2156335e-06  -9.2933711e-06  0.0000000   1.0958292e-05  -0.00012219223  -0.00051331667  0.00099873561  -0.00014512422  2.6567155e-05  0.00023423350  -0.00022531579  -0.00015306833  -4.7397595e-05  0.00027010214  -7.4324509e-05  -8.5883900e-05  5.9917531e-05  -0.00014904501  0.00014953673  -1.1045668e-05  8.5707293e-06  -2.1481295e-06  -3.9443154e-05  -4.8193883e-05  
