0.0000000   0.0040358109  -0.00013337584  -0.00019350645  -3.0146846e-05  -7.1801778e-05  0.00032008073  -0.00044870490  8.4232323e-05  4.1321940e-05  0.00045212709  -6.4796573e-05  0.00015403140  0.00011129777  0.00015672340  5.4784240e-07  0.00022234581  0.00014520755  -8.0435146e-05  4.5768516e-06  0.00011971140  -1.1256744e-05  -5.5935454e-07  -1.3248127e-05  0.00014473217  3.5587847e-06  -5.8331821e-06  0.00010499784  4.5246191e-06  -8.4803475e-05  1.4963926e-06  0.0000000   0.0040358109  -0.00013337584  -0.00019350645  -3.0146846e-05  -7.1801778e-05  0.00032008073  -0.00044870490  8.4232323e-05  4.1321940e-05  0.00045212709  -6.4796573e-05  0.00015403140  0.00011129777  0.00015672340  5.4784240e-07  0.00022234581  0.00014520755  -8.0435146e-05  4.5768516e-06  0.00011971140  -1.1256744e-05  -5.5935454e-07  -1.3248127e-05  0.00014473217  3.5587847e-06  -5.8331821e-06  0.00010499784  4.5246191e-06  -8.4803475e-05  1.4963926e-06  
-0.0040358109  0.0000000   0.00015831668  -8.1623887e-05  -0.00026060323  0.00012550131  -0.00016325620  -0.00037084242  -8.8816904e-05  -0.00024720369  -0.00025495251  -5.7090658e-05  -4.0740691e-06  -7.7603460e-05  -0.00021741786  -1.9870728e-05  -0.00010163809  -0.00010863437  -8.6347730e-05  -3.4475987e-05  0.00011906980  2.7932249e-05  -1.1819213e-05  2.8627309e-05  2.0014505e-05  -1.3695904e-05  -2.0057454e-05  -1.7510819e-05  -2.8757221e-05  3.5115555e-05  1.6644970e-05  -0.0040358109  0.0000000   0.00015831668  -8.1623887e-05  -0.00026060323  0.00012550131  -0.00016325620  -0.00037084242  -8.8816904e-05  -0.00024720369  -0.00025495251  -5.7090658e-05  -4.0740691e-06  -7.7603460e-05  -0.00021741786  -1.9870728e-05  -0.00010163809  -0.00010863437  -8.6347730e-05  -3.4475987e-05  0.00011906980  2.7932249e-05  -1.1819213e-05  2.8627309e-05  2.0014505e-05  -1.3695904e-05  -2.0057454e-05  -1.7510819e-05  -2.8757221e-05  3.5115555e-05  1.6644970e-05  
0.00013337584  -0.00015831668  0.0000000   -0.0038933572  -6.5199779e-05  -7.2185209e-06  5.5361357e-06  -9.1913583e-05  9.6356693e-06  -6.3564611e-05  -4.9931167e-06  4.1796048e-05  1.3882157e-05  1.1604625e-05  -1.9101257e-05  -7.8773143e-05  -2.6423579e-05  3.5151504e-05  3.5114127e-05  -3.2529888e-05  -1.6923312e-05  0.00019897556  7.5413173e-05  0.00020331316  -6.3718871e-06  2.0576726e-05  3.0348896e-05  2.3027534e-06  -8.2972653e-06  8.2233046e-06  -2.1811386e-05  0.00013337584  -0.00015831668  0.0000000   -0.0038933572  -6.5199779e-05  -7.2185209e-06  5.5361357e-06  -9.1913583e-05  9.6356693e-06  -6.3564611e-05  -4.9931167e-06  4.1796048e-05  1.3882157e-05  1.1604625e-05  -1.9101257e-05  -7.8773143e-05  -2.6423579e-05  3.5151504e-05  3.5114127e-05  -3.2529888e-05  -1.6923312e-05  0.00019897556  7.5413173e-05  0.00020331316  -6.3718871e-06  2.0576726e-05  3.0348896e-05  2.3027534e-06  -8.2972653e-06  8.2233046e-06  -2.1811386e-05  
0.00019350645  8.1623887e-05  0.0038933572  0.0000000   3.8009982e-05  0.00028318642  -3.9760219e-05  -3.1546697e-05  1.9882370e-05  2.7717687e-05  1.2239080e-05  -3.8636906e-05  2.9519230e-05  1.5960316e-05  2.6092715e-05  -5.1402340e-05  4.6958318e-05  -9.2075916e-05  7.9160408e-06  -5.6036672e-05  -2.6475804e-05  0.00020657557  -0.00019182819  0.00025710303  9.9388189e-07  7.9442917e-05  -0.00011990670  -9.9374411e-07  1.1352497e-06  1.7041298e-05  8.2688164e-05  0.00019350645  8.1623887e-05  0.0038933572  0.0000000   3.8009982e-05  0.00028318642  -3.9760219e-05  -3.1546697e-05  1.9882370e-05  2.7717687e-05  1.2239080e-05  -3.8636906e-05  2.9519230e-05  1.5960316e-05  2.6092715e-05  -5.1402340e-05  4.6958318e-05  -9.2075916e-05  7.9160408e-06  -5.6036672e-05  -2.6475804e-05  0.00020657557  -0.00019182819  0.00025710303  9.9388189e-07  7.9442917e-05  -0.00011990670  -9.9374411e-07  1.1352497e-06  1.7041298e-05  8.2688164e-05  
3.0146846e-05  0.00026060323  6.5199779e-05  -3.8009982e-05  0.0000000   -0.0058070933  0.0018606197  0.00026449219  -1.5190862e-05  5.7627304e-05  -0.00050130593  0.00042996965  -0.00043902272  -9.3882222e-05  0.00038418856  6.1605913e-05  -0.00018600921  -0.00015403509  0.00012834117  2.1695654e-05  -7.0411318e-06  1.1169201e-05  -2.1277244e-05  2.1914503e-05  2.7098316e-05  -6.9240727e-06  -1.0692567e-05  -8.3057220e-05  0.00010443329  2.9340867e-05  1.6367985e-05  3.0146846e-05  0.00026060323  6.5199779e-05  -3.8009982e-05  0.0000000   -0.0058070933  0.0018606197  0.00026449219  -1.5190862e-05  5.7627304e-05  -0.00050130593  0.00042996965  -0.00043902272  -9.3882222e-05  0.00038418856  6.1605913e-05  -0.00018600921  -0.00015403509  0.00012834117  2.1695654e-05  -7.0411318e-06  1.1169201e-05  -2.1277244e-05  2.1914503e-05  2.7098316e-05  -6.9240727e-06  -1.0692567e-05  -8.3057220e-05  0.00010443329  2.9340867e-05  1.6367985e-05  
7.1801778e-05  -0.00012550131  7.2185209e-06  -0.00028318642  0.0058070933  0.0000000   0.0047440003  -0.0017999096  0.00043081361  2.2141528e-06  0.00026984895  -0.00035544609  0.00062132753  -0.00027278573  -0.00018425462  5.8982179e-05  -5.6872073e-05  -6.7743633e-05  4.9343246e-05  -1.6258638e-05  0.00015313396  5.2847167e-05  -8.0752250e-07  -4.4890119e-06  5.8529695e-05  9.0260517e-06  2.4947317e-05  1.3958544e-05  3.0592515e-06  1.4907105e-05  6.5317754e-07  7.1801778e-05  -0.00012550131  7.2185209e-06  -0.00028318642  0.0058070933  0.0000000   0.0047440003  -0.0017999096  0.00043081361  2.2141528e-06  0.00026984895  -0.00035544609  0.00062132753  -0.00027278573  -0.00018425462  5.8982179e-05  -5.6872073e-05  -6.7743633e-05  4.9343246e-05  -1.6258638e-05  0.00015313396  5.2847167e-05  -8.0752250e-07  -4.4890119e-06  5.8529695e-05  9.0260517e-06  2.4947317e-05  1.3958544e-05  3.0592515e-06  1.4907105e-05  6.5317754e-07  
-0.00032008073  0.00016325620  -5.5361357e-06  3.9760219e-05  -0.0018606197  -0.0047440003  0.0000000   0.00098018135  0.00011488201  0.00016721862  0.00058661489  0.00077164235  0.00094907279  2.2200054e-05  -0.00010015176  5.1295524e-05  8.0520257e-06  5.0236095e-05  2.1567407e-05  3.0915490e-05  -8.5471163e-05  -4.8718359e-05  -2.5534267e-06  3.4052984e-07  0.00011953545  1.3574028e-05  -9.9010772e-06  2.4925256e-05  -4.1773549e-05  -4.5883574e-05  5.1690248e-06  -0.00032008073  0.00016325620  -5.5361357e-06  3.9760219e-05  -0.0018606197  -0.0047440003  0.0000000   0.00098018135  0.00011488201  0.00016721862  0.00058661489  0.00077164235  0.00094907279  2.2200054e-05  -0.00010015176  5.1295524e-05  8.0520257e-06  5.0236095e-05  2.1567407e-05  3.0915490e-05  -8.5471163e-05  -4.8718359e-05  -2.5534267e-06  3.4052984e-07  0.00011953545  1.3574028e-05  -9.9010772e-06  2.4925256e-05  -4.1773549e-05  -4.5883574e-05  5.1690248e-06  
0.00044870490  0.00037084242  9.1913583e-05  3.1546697e-05  -0.00026449219  0.0017999096  -0.00098018135  0.0000000   0.00073393495  -0.00051614129  0.00032054998  -0.00032229570  -0.00048095530  0.00012132080  0.00064715975  -2.9834850e-05  8.5163638e-05  4.7139905e-05  -0.00034065438  -5.3661249e-05  0.00026215234  3.3579627e-05  -3.5997060e-05  1.7788621e-06  6.4622279e-05  -1.0798636e-05  -3.6668479e-06  0.00013471904  -2.2642291e-05  -0.00012842123  -1.6270853e-05  0.00044870490  0.00037084242  9.1913583e-05  3.1546697e-05  -0.00026449219  0.0017999096  -0.00098018135  0.0000000   0.00073393495  -0.00051614129  0.00032054998  -0.00032229570  -0.00048095530  0.00012132080  0.00064715975  -2.9834850e-05  8.5163638e-05  4.7139905e-05  -0.00034065438  -5.3661249e-05  0.00026215234  3.3579627e-05  -3.5997060e-05  1.7788621e-06  6.4622279e-05  -1.0798636e-05  -3.6668479e-06  0.00013471904  -2.2642291e-05  -0.00012842123  -1.6270853e-05  
-8.4232323e-05  8.8816904e-05  -9.6356693e-06  -1.9882370e-05  1.5190862e-05  -0.00043081361  -0.00011488201  -0.00073393495  0.0000000   0.0015897265  -0.00087970111  0.0012090503  7.1554200e-05  0.00015855320  4.5861815e-05  -1.2013888e-05  -0.00020255555  -0.00013967173  -0.00021351601  -2.6056021e-05  0.00010187065  2.5702257e-05  1.0712481e-05  1.2426489e-05  3.8007817e-05  -1.3844036e-05  -1.8733146e-06  -0.00010549269  5.2718792e-05  -3.7129593e-05  1.1907366e-05  -8.4232323e-05  8.8816904e-05  -9.6356693e-06  -1.9882370e-05  1.5190862e-05  -0.00043081361  -0.00011488201  -0.00073393495  0.0000000   0.0015897265  -0.00087970111  0.0012090503  7.1554200e-05  0.00015855320  4.5861815e-05  -1.2013888e-05  -0.00020255555  -0.00013967173  -0.00021351601  -2.6056021e-05  0.00010187065  2.5702257e-05  1.0712481e-05  1.2426489e-05  3.8007817e-05  -1.3844036e-05  -1.8733146e-06  -0.00010549269  5.2718792e-05  -3.7129593e-05  1.1907366e-05  
-4.1321940e-05  0.00024720369  6.3564611e-05  -2.7717687e-05  -5.7627304e-05  -2.2141528e-06  -0.00016721862  0.00051614129  -0.0015897265  0.0000000   -0.00032651947  -0.00051659647  -0.00020584535  -5.9535369e-05  -0.00024843349  -5.4771063e-06  -0.00024096894  -0.00016403810  -0.00032383314  -4.4646123e-05  -1.9979590e-05  7.4936486e-06  -2.7173118e-06  5.9624909e-06  0.00014389750  -5.3533668e-06  -4.0327006e-06  -3.8036052e-05  -9.6071371e-05  -0.00018646677  3.5689537e-06  -4.1321940e-05  0.00024720369  6.3564611e-05  -2.7717687e-05  -5.7627304e-05  -2.2141528e-06  -0.00016721862  0.00051614129  -0.0015897265  0.0000000   -0.00032651947  -0.00051659647  -0.00020584535  -5.9535369e-05  -0.00024843349  -5.4771063e-06  -0.00024096894  -0.00016403810  -0.00032383314  -4.4646123e-05  -1.9979590e-05  7.4936486e-06  -2.7173118e-06  5.9624909e-06  0.00014389750  -5.3533668e-06  -4.0327006e-06  -3.8036052e-05  -9.6071371e-05  -0.00018646677  3.5689537e-06  
-0.00045212709  0.00025495251  4.9931167e-06  -1.2239080e-05  0.00050130593  -0.00026984895  -0.00058661489  -0.00032054998  0.00087970111  0.00032651947  0.0000000   0.0015502460  0.0024872886  0.00034774833  -0.00052673015  -4.3871263e-05  0.00028448189  0.00027486819  -1.5739027e-05  5.0718721e-05  0.00026348060  -2.1864674e-05  -1.9584492e-05  -2.0094674e-05  7.9262686e-05  1.6398038e-05  -1.8848943e-06  -0.00014867627  5.6820558e-06  0.00011588304  2.2613648e-05  -0.00045212709  0.00025495251  4.9931167e-06  -1.2239080e-05  0.00050130593  -0.00026984895  -0.00058661489  -0.00032054998  0.00087970111  0.00032651947  0.0000000   0.0015502460  0.0024872886  0.00034774833  -0.00052673015  -4.3871263e-05  0.00028448189  0.00027486819  -1.5739027e-05  5.0718721e-05  0.00026348060  -2.1864674e-05  -1.9584492e-05  -2.0094674e-05  7.9262686e-05  1.6398038e-05  -1.8848943e-06  -0.00014867627  5.6820558e-06  0.00011588304  2.2613648e-05  
6.4796573e-05  5.7090658e-05  -4.1796048e-05  3.8636906e-05  -0.00042996965  0.00035544609  -0.00077164235  0.00032229570  -0.0012090503  0.00051659647  -0.0015502460  0.0000000   0.0022462334  0.00063641504  0.0011231878  2.4243981e-05  -0.00065054513  -0.00043847034  9.1328050e-05  3.4538120e-05  0.00054398382  0.00011098826  -8.3956544e-07  1.3901731e-05  -7.2097487e-05  -2.6457210e-05  3.4614131e-06  -0.00018549753  0.00013060715  0.00013902030  -2.0912199e-05  6.4796573e-05  5.7090658e-05  -4.1796048e-05  3.8636906e-05  -0.00042996965  0.00035544609  -0.00077164235  0.00032229570  -0.0012090503  0.00051659647  -0.0015502460  0.0000000   0.0022462334  0.00063641504  0.0011231878  2.4243981e-05  -0.00065054513  -0.00043847034  9.1328050e-05  3.4538120e-05  0.00054398382  0.00011098826  -8.3956544e-07  1.3901731e-05  -7.2097487e-05  -2.6457210e-05  3.4614131e-06  -0.00018549753  0.00013060715  0.00013902030  -2.0912199e-05  
-0.00015403140  4.0740691e-06  -1.3882157e-05  -2.9519230e-05  0.00043902272  -0.00062132753  -0.00094907279  0.00048095530  -7.1554200e-05  0.00020584535  -0.0024872886  -0.0022462334  0.0000000   -0.00016708261  -0.00033385222  -6.8604279e-05  -0.00041459573  -0.00030103448  -0.00019468446  -6.8132017e-06  -7.3137686e-05  -5.9878172e-06  -1.1535879e-05  2.6063318e-06  0.00040095193  -1.8016151e-05  4.8271001e-06  -7.3827443e-05  4.7915382e-05  -1.5110154e-05  -3.1330513e-05  -0.00015403140  4.0740691e-06  -1.3882157e-05  -2.9519230e-05  0.00043902272  -0.00062132753  -0.00094907279  0.00048095530  -7.1554200e-05  0.00020584535  -0.0024872886  -0.0022462334  0.0000000   -0.00016708261  -0.00033385222  -6.8604279e-05  -0.00041459573  -0.00030103448  -0.00019468446  -6.8132017e-06  -7.3137686e-05  -5.9878172e-06  -1.1535879e-05  2.6063318e-06  0.00040095193  -1.8016151e-05  4.8271001e-06  -7.3827443e-05  4.7915382e-05  -1.5110154e-05  -3.1330513e-05  
-0.00011129777  7.7603460e-05  -1.1604625e-05  -1.5960316e-05  9.3882222e-05  0.00027278573  -2.2200054e-05  -0.00012132080  -0.00015855320  5.9535369e-05  -0.00034774833  -0.00063641504  0.00016708261  0.0000000   0.00032175510  -3.9535738e-05  -0.00075634524  -0.00042697251  0.00043431784  0.00014006129  0.00040099010  2.3127877e-05  5.8133852e-07  2.2501941e-05  -0.00022181611  -3.3733305e-07  -7.7704290e-07  -0.00021125998  0.00010388200  0.00032701039  3.4045367e-06  -0.00011129777  7.7603460e-05  -1.1604625e-05  -1.5960316e-05  9.3882222e-05  0.00027278573  -2.2200054e-05  -0.00012132080  -0.00015855320  5.9535369e-05  -0.00034774833  -0.00063641504  0.00016708261  0.0000000   0.00032175510  -3.9535738e-05  -0.00075634524  -0.00042697251  0.00043431784  0.00014006129  0.00040099010  2.3127877e-05  5.8133852e-07  2.2501941e-05  -0.00022181611  -3.3733305e-07  -7.7704290e-07  -0.00021125998  0.00010388200  0.00032701039  3.4045367e-06  
-0.00015672340  0.00021741786  1.9101257e-05  -2.6092715e-05  -0.00038418856  0.00018425462  0.00010015176  -0.00064715975  -4.5861815e-05  0.00024843349  0.00052673015  -0.0011231878  0.00033385222  -0.00032175510  0.0000000   4.0527437e-05  0.00033820463  0.00028902623  -0.00068923138  -6.3511100e-05  0.00029185994  -2.4633622e-05  3.5173790e-05  -1.1888807e-05  -0.00022093674  1.3115775e-05  -1.4846775e-05  0.00015741015  -1.6903053e-05  -4.3736147e-05  -8.6263592e-06  -0.00015672340  0.00021741786  1.9101257e-05  -2.6092715e-05  -0.00038418856  0.00018425462  0.00010015176  -0.00064715975  -4.5861815e-05  0.00024843349  0.00052673015  -0.0011231878  0.00033385222  -0.00032175510  0.0000000   4.0527437e-05  0.00033820463  0.00028902623  -0.00068923138  -6.3511100e-05  0.00029185994  -2.4633622e-05  3.5173790e-05  -1.1888807e-05  -0.00022093674  1.3115775e-05  -1.4846775e-05  0.00015741015  -1.6903053e-05  -4.3736147e-05  -8.6263592e-06  
-5.4784240e-07  1.9870728e-05  7.8773143e-05  5.1402340e-05  -6.1605913e-05  -5.8982179e-05  -5.1295524e-05  2.9834850e-05  1.2013888e-05  5.4771063e-06  4.3871263e-05  -2.4243981e-05  6.8604279e-05  3.9535738e-05  -4.0527437e-05  0.0000000   0.0011010031  -0.0015772273  0.00021427308  -0.0014532153  -0.00022112140  0.0016453722  0.00015498171  -0.00011415529  -3.4197369e-05  -0.00049102137  0.00023185582  3.7364022e-05  -1.4606596e-05  4.9167712e-05  6.7921195e-05  -5.4784240e-07  1.9870728e-05  7.8773143e-05  5.1402340e-05  -6.1605913e-05  -5.8982179e-05  -5.1295524e-05  2.9834850e-05  1.2013888e-05  5.4771063e-06  4.3871263e-05  -2.4243981e-05  6.8604279e-05  3.9535738e-05  -4.0527437e-05  0.0000000   0.0011010031  -0.0015772273  0.00021427308  -0.0014532153  -0.00022112140  0.0016453722  0.00015498171  -0.00011415529  -3.4197369e-05  -0.00049102137  0.00023185582  3.7364022e-05  -1.4606596e-05  4.9167712e-05  6.7921195e-05  
-0.00022234581  0.00010163809  2.6423579e-05  -4.6958318e-05  0.00018600921  5.6872073e-05  -8.0520257e-06  -8.5163638e-05  0.00020255555  0.00024096894  -0.00028448189  0.00065054513  0.00041459573  0.00075634524  -0.00033820463  -0.0011010031  0.0000000   -2.2715011e-05  0.0014256801  0.00061531305  0.00071555706  -5.0579638e-05  -0.00011100606  -2.4132551e-05  8.5630398e-05  -0.00016823928  0.00011722513  -0.00018097558  0.00016089338  2.3020979e-05  6.1718893e-06  -0.00022234581  0.00010163809  2.6423579e-05  -4.6958318e-05  0.00018600921  5.6872073e-05  -8.0520257e-06  -8.5163638e-05  0.00020255555  0.00024096894  -0.00028448189  0.00065054513  0.00041459573  0.00075634524  -0.00033820463  -0.0011010031  0.0000000   -2.2715011e-05  0.0014256801  0.00061531305  0.00071555706  -5.0579638e-05  -0.00011100606  -2.4132551e-05  8.5630398e-05  -0.00016823928  0.00011722513  -0.00018097558  0.00016089338  2.3020979e-05  6.1718893e-06  
-0.00014520755  0.00010863437  -3.5151504e-05  9.2075916e-05  0.00015403509  6.7743633e-05  -5.0236095e-05  -4.7139905e-05  0.00013967173  0.00016403810  -0.00027486819  0.00043847034  0.00030103448  0.00042697251  -0.00028902623  0.0015772273  2.2715011e-05  0.0000000   0.0010701507  -0.00039050474  0.00047703799  0.00037149544  3.9617606e-05  -1.1572435e-06  3.3116899e-05  0.00025026913  -0.00018302062  -0.00014938106  0.00016369337  4.1026226e-05  -4.0490233e-05  -0.00014520755  0.00010863437  -3.5151504e-05  9.2075916e-05  0.00015403509  6.7743633e-05  -5.0236095e-05  -4.7139905e-05  0.00013967173  0.00016403810  -0.00027486819  0.00043847034  0.00030103448  0.00042697251  -0.00028902623  0.0015772273  2.2715011e-05  0.0000000   0.0010701507  -0.00039050474  0.00047703799  0.00037149544  3.9617606e-05  -1.1572435e-06  3.3116899e-05  0.00025026913  -0.00018302062  -0.00014938106  0.00016369337  4.1026226e-05  -4.0490233e-05  
8.0435146e-05  8.6347730e-05  -3.5114127e-05  -7.9160408e-06  -0.00012834117  -4.9343246e-05  -2.1567407e-05  0.00034065438  0.00021351601  0.00032383314  1.5739027e-05  -9.1328050e-05  0.00019468446  -0.00043431784  0.00068923138  -0.00021427308  -0.0014256801  -0.0010701507  0.0000000   -4.2611365e-06  0.00052433772  0.00025174891  -0.00011333186  -5.0524118e-05  -0.00040822803  -1.9740017e-05  8.7459455e-06  -0.00034016545  0.00020933391  4.9032523e-05  -2.4924167e-06  8.0435146e-05  8.6347730e-05  -3.5114127e-05  -7.9160408e-06  -0.00012834117  -4.9343246e-05  -2.1567407e-05  0.00034065438  0.00021351601  0.00032383314  1.5739027e-05  -9.1328050e-05  0.00019468446  -0.00043431784  0.00068923138  -0.00021427308  -0.0014256801  -0.0010701507  0.0000000   -4.2611365e-06  0.00052433772  0.00025174891  -0.00011333186  -5.0524118e-05  -0.00040822803  -1.9740017e-05  8.7459455e-06  -0.00034016545  0.00020933391  4.9032523e-05  -2.4924167e-06  
-4.5768516e-06  3.4475987e-05  3.2529888e-05  5.6036672e-05  -2.1695654e-05  1.6258638e-05  -3.0915490e-05  5.3661249e-05  2.6056021e-05  4.4646123e-05  -5.0718721e-05  -3.4538120e-05  6.8132017e-06  -0.00014006129  6.3511100e-05  0.0014532153  -0.00061531305  0.00039050474  4.2611365e-06  0.0000000   0.00021848529  -0.00071731781  0.00061459420  0.00040558185  -7.4727166e-05  -8.4160008e-05  -4.9672117e-05  -9.2142360e-05  4.7486709e-05  -3.5241117e-05  -1.9356897e-06  -4.5768516e-06  3.4475987e-05  3.2529888e-05  5.6036672e-05  -2.1695654e-05  1.6258638e-05  -3.0915490e-05  5.3661249e-05  2.6056021e-05  4.4646123e-05  -5.0718721e-05  -3.4538120e-05  6.8132017e-06  -0.00014006129  6.3511100e-05  0.0014532153  -0.00061531305  0.00039050474  4.2611365e-06  0.0000000   0.00021848529  -0.00071731781  0.00061459420  0.00040558185  -7.4727166e-05  -8.4160008e-05  -4.9672117e-05  -9.2142360e-05  4.7486709e-05  -3.5241117e-05  -1.9356897e-06  
-0.00011971140  -0.00011906980  1.6923312e-05  2.6475804e-05  7.0411318e-06  -0.00015313396  8.5471163e-05  -0.00026215234  -0.00010187065  1.9979590e-05  -0.00026348060  -0.00054398382  7.3137686e-05  -0.00040099010  -0.00029185994  0.00022112140  -0.00071555706  -0.00047703799  -0.00052433772  -0.00021848529  0.0000000   5.6670520e-05  5.4096542e-05  -4.1248073e-05  0.00041998277  3.5224399e-05  2.5477535e-05  -6.2928348e-05  4.6398324e-05  -0.00025824661  -5.9738337e-05  -0.00011971140  -0.00011906980  1.6923312e-05  2.6475804e-05  7.0411318e-06  -0.00015313396  8.5471163e-05  -0.00026215234  -0.00010187065  1.9979590e-05  -0.00026348060  -0.00054398382  7.3137686e-05  -0.00040099010  -0.00029185994  0.00022112140  -0.00071555706  -0.00047703799  -0.00052433772  -0.00021848529  0.0000000   5.6670520e-05  5.4096542e-05  -4.1248073e-05  0.00041998277  3.5224399e-05  2.5477535e-05  -6.2928348e-05  4.6398324e-05  -0.00025824661  -5.9738337e-05  
1.1256744e-05  -2.7932249e-05  -0.00019897556  -0.00020657557  -1.1169201e-05  -5.2847167e-05  4.8718359e-05  -3.3579627e-05  -2.5702257e-05  -7.4936486e-06  2.1864674e-05  -0.00011098826  5.9878172e-06  -2.3127877e-05  2.4633622e-05  -0.0016453722  5.0579638e-05  -0.00037149544  -0.00025174891  0.00071731781  -5.6670520e-05  0.0000000   -0.00037824732  -1.2985866e-05  8.3345296e-05  -0.00042320123  -0.00021219128  4.6102071e-05  -1.7780655e-05  -4.4970486e-06  -8.2104798e-06  1.1256744e-05  -2.7932249e-05  -0.00019897556  -0.00020657557  -1.1169201e-05  -5.2847167e-05  4.8718359e-05  -3.3579627e-05  -2.5702257e-05  -7.4936486e-06  2.1864674e-05  -0.00011098826  5.9878172e-06  -2.3127877e-05  2.4633622e-05  -0.0016453722  5.0579638e-05  -0.00037149544  -0.00025174891  0.00071731781  -5.6670520e-05  0.0000000   -0.00037824732  -1.2985866e-05  8.3345296e-05  -0.00042320123  -0.00021219128  4.6102071e-05  -1.7780655e-05  -4.4970486e-06  -8.2104798e-06  
5.5935454e-07  1.1819213e-05  -7.5413173e-05  0.00019182819  2.1277244e-05  8.0752250e-07  2.5534267e-06  3.5997060e-05  -1.0712481e-05  2.7173118e-06  1.9584492e-05  8.3956544e-07  1.1535879e-05  -5.8133852e-07  -3.5173790e-05  -0.00015498171  0.00011100606  -3.9617606e-05  0.00011333186  -0.00061459420  -5.4096542e-05  0.00037824732  0.0000000   0.0041273894  -2.7187343e-05  -0.00020175188  -0.00067476692  3.1726298e-06  -1.6737820e-05  7.9338988e-06  -4.5913418e-05  5.5935454e-07  1.1819213e-05  -7.5413173e-05  0.00019182819  2.1277244e-05  8.0752250e-07  2.5534267e-06  3.5997060e-05  -1.0712481e-05  2.7173118e-06  1.9584492e-05  8.3956544e-07  1.1535879e-05  -5.8133852e-07  -3.5173790e-05  -0.00015498171  0.00011100606  -3.9617606e-05  0.00011333186  -0.00061459420  -5.4096542e-05  0.00037824732  0.0000000   0.0041273894  -2.7187343e-05  -0.00020175188  -0.00067476692  3.1726298e-06  -1.6737820e-05  7.9338988e-06  -4.5913418e-05  
1.3248127e-05  -2.8627309e-05  -0.00020331316  -0.00025710303  -2.1914503e-05  4.4890119e-06  -3.4052984e-07  -1.7788621e-06  -1.2426489e-05  -5.9624909e-06  2.0094674e-05  -1.3901731e-05  -2.6063318e-06  -2.2501941e-05  1.1888807e-05  0.00011415529  2.4132551e-05  1.1572435e-06  5.0524118e-05  -0.00040558185  4.1248073e-05  1.2985866e-05  -0.0041273894  0.0000000   5.9047617e-05  -0.00063463736  -0.00012327364  1.8195756e-05  5.8969340e-05  6.2961178e-05  -0.00037934892  1.3248127e-05  -2.8627309e-05  -0.00020331316  -0.00025710303  -2.1914503e-05  4.4890119e-06  -3.4052984e-07  -1.7788621e-06  -1.2426489e-05  -5.9624909e-06  2.0094674e-05  -1.3901731e-05  -2.6063318e-06  -2.2501941e-05  1.1888807e-05  0.00011415529  2.4132551e-05  1.1572435e-06  5.0524118e-05  -0.00040558185  4.1248073e-05  1.2985866e-05  -0.0041273894  0.0000000   5.9047617e-05  -0.00063463736  -0.00012327364  1.8195756e-05  5.8969340e-05  6.2961178e-05  -0.00037934892  
-0.00014473217  -2.0014505e-05  6.3718871e-06  -9.9388189e-07  -2.7098316e-05  -5.8529695e-05  -0.00011953545  -6.4622279e-05  -3.8007817e-05  -0.00014389750  -7.9262686e-05  7.2097487e-05  -0.00040095193  0.00022181611  0.00022093674  3.4197369e-05  -8.5630398e-05  -3.3116899e-05  0.00040822803  7.4727166e-05  -0.00041998277  -8.3345296e-05  2.7187343e-05  -5.9047617e-05  0.0000000   3.9225926e-05  1.7798808e-05  0.00013182367  -5.7375489e-05  0.00018785393  3.8646213e-05  -0.00014473217  -2.0014505e-05  6.3718871e-06  -9.9388189e-07  -2.7098316e-05  -5.8529695e-05  -0.00011953545  -6.4622279e-05  -3.8007817e-05  -0.00014389750  -7.9262686e-05  7.2097487e-05  -0.00040095193  0.00022181611  0.00022093674  3.4197369e-05  -8.5630398e-05  -3.3116899e-05  0.00040822803  7.4727166e-05  -0.00041998277  -8.3345296e-05  2.7187343e-05  -5.9047617e-05  0.0000000   3.9225926e-05  1.7798808e-05  0.00013182367  -5.7375489e-05  0.00018785393  3.8646213e-05  
-3.5587847e-06  1.3695904e-05  -2.0576726e-05  -7.9442917e-05  6.9240727e-06  -9.0260517e-06  -1.3574028e-05  1.0798636e-05  1.3844036e-05  5.3533668e-06  -1.6398038e-05  2.6457210e-05  1.8016151e-05  3.3733305e-07  -1.3115775e-05  0.00049102137  0.00016823928  -0.00025026913  1.9740017e-05  8.4160008e-05  -3.5224399e-05  0.00042320123  0.00020175188  0.00063463736  -3.9225926e-05  0.0000000   -0.00022167907  -5.1339523e-05  0.00013225375  -9.7032205e-05  -0.00099686248  -3.5587847e-06  1.3695904e-05  -2.0576726e-05  -7.9442917e-05  6.9240727e-06  -9.0260517e-06  -1.3574028e-05  1.0798636e-05  1.3844036e-05  5.3533668e-06  -1.6398038e-05  2.6457210e-05  1.8016151e-05  3.3733305e-07  -1.3115775e-05  0.00049102137  0.00016823928  -0.00025026913  1.9740017e-05  8.4160008e-05  -3.5224399e-05  0.00042320123  0.00020175188  0.00063463736  -3.9225926e-05  0.0000000   -0.00022167907  -5.1339523e-05  0.00013225375  -9.7032205e-05  -0.00099686248  
5.8331821e-06  2.0057454e-05  -3.0348896e-05  0.00011990670  1.0692567e-05  -2.4947317e-05  9.9010772e-06  3.6668479e-06  1.8733146e-06  4.0327006e-06  1.8848943e-06  -3.4614131e-06  -4.8271001e-06  7.7704290e-07  1.4846775e-05  -0.00023185582  -0.00011722513  0.00018302062  -8.7459455e-06  4.9672117e-05  -2.5477535e-05  0.00021219128  0.00067476692  0.00012327364  -1.7798808e-05  0.00022167907  0.0000000   -4.0450412e-06  9.4756377e-05  1.6491147e-05  -0.00062858712  5.8331821e-06  2.0057454e-05  -3.0348896e-05  0.00011990670  1.0692567e-05  -2.4947317e-05  9.9010772e-06  3.6668479e-06  1.8733146e-06  4.0327006e-06  1.8848943e-06  -3.4614131e-06  -4.8271001e-06  7.7704290e-07  1.4846775e-05  -0.00023185582  -0.00011722513  0.00018302062  -8.7459455e-06  4.9672117e-05  -2.5477535e-05  0.00021219128  0.00067476692  0.00012327364  -1.7798808e-05  0.00022167907  0.0000000   -4.0450412e-06  9.4756377e-05  1.6491147e-05  -0.00062858712  
-0.00010499784  1.7510819e-05  -2.3027534e-06  9.9374411e-07  8.3057220e-05  -1.3958544e-05  -2.4925256e-05  -0.00013471904  0.00010549269  3.8036052e-05  0.00014867627  0.00018549753  7.3827443e-05  0.00021125998  -0.00015741015  -3.7364022e-05  0.00018097558  0.00014938106  0.00034016545  9.2142360e-05  6.2928348e-05  -4.6102071e-05  -3.1726298e-06  -1.8195756e-05  -0.00013182367  5.1339523e-05  4.0450412e-06  0.0000000   0.0022054697  0.00048827234  -3.5751523e-05  -0.00010499784  1.7510819e-05  -2.3027534e-06  9.9374411e-07  8.3057220e-05  -1.3958544e-05  -2.4925256e-05  -0.00013471904  0.00010549269  3.8036052e-05  0.00014867627  0.00018549753  7.3827443e-05  0.00021125998  -0.00015741015  -3.7364022e-05  0.00018097558  0.00014938106  0.00034016545  9.2142360e-05  6.2928348e-05  -4.6102071e-05  -3.1726298e-06  -1.8195756e-05  -0.00013182367  5.1339523e-05  4.0450412e-06  0.0000000   0.0022054697  0.00048827234  -3.5751523e-05  
-4.5246191e-06  2.8757221e-05  8.2972653e-06  -1.1352497e-06  -0.00010443329  -3.0592515e-06  4.1773549e-05  2.2642291e-05  -5.2718792e-05  9.6071371e-05  -5.6820558e-06  -0.00013060715  -4.7915382e-05  -0.00010388200  1.6903053e-05  1.4606596e-05  -0.00016089338  -0.00016369337  -0.00020933391  -4.7486709e-05  -4.6398324e-05  1.7780655e-05  1.6737820e-05  -5.8969340e-05  5.7375489e-05  -0.00013225375  -9.4756377e-05  -0.0022054697  0.0000000   -0.010758264  -0.00019509236  -4.5246191e-06  2.8757221e-05  8.2972653e-06  -1.1352497e-06  -0.00010443329  -3.0592515e-06  4.1773549e-05  2.2642291e-05  -5.2718792e-05  9.6071371e-05  -5.6820558e-06  -0.00013060715  -4.7915382e-05  -0.00010388200  1.6903053e-05  1.4606596e-05  -0.00016089338  -0.00016369337  -0.00020933391  -4.7486709e-05  -4.6398324e-05  1.7780655e-05  1.6737820e-05  -5.8969340e-05  5.7375489e-05  -0.00013225375  -9.4756377e-05  -0.0022054697  0.0000000   -0.010758264  -0.00019509236  
8.4803475e-05  -3.5115555e-05  -8.2233046e-06  -1.7041298e-05  -2.9340867e-05  -1.4907105e-05  4.5883574e-05  0.00012842123  3.7129593e-05  0.00018646677  -0.00011588304  -0.00013902030  1.5110154e-05  -0.00032701039  4.3736147e-05  -4.9167712e-05  -2.3020979e-05  -4.1026226e-05  -4.9032523e-05  3.5241117e-05  0.00025824661  4.4970486e-06  -7.9338988e-06  -6.2961178e-05  -0.00018785393  9.7032205e-05  -1.6491147e-05  -0.00048827234  0.010758264  0.0000000   -9.4090737e-05  8.4803475e-05  -3.5115555e-05  -8.2233046e-06  -1.7041298e-05  -2.9340867e-05  -1.4907105e-05  4.5883574e-05  0.00012842123  3.7129593e-05  0.00018646677  -0.00011588304  -0.00013902030  1.5110154e-05  -0.00032701039  4.3736147e-05  -4.9167712e-05  -2.3020979e-05  -4.1026226e-05  -4.9032523e-05  3.5241117e-05  0.00025824661  4.4970486e-06  -7.9338988e-06  -6.2961178e-05  -0.00018785393  9.7032205e-05  -1.6491147e-05  -0.00048827234  0.010758264  0.0000000   -9.4090737e-05  
-1.4963926e-06  -1.6644970e-05  2.1811386e-05  -8.2688164e-05  -1.6367985e-05  -6.5317754e-07  -5.1690248e-06  1.6270853e-05  -1.1907366e-05  -3.5689537e-06  -2.2613648e-05  2.0912199e-05  3.1330513e-05  -3.4045367e-06  8.6263592e-06  -6.7921195e-05  -6.1718893e-06  4.0490233e-05  2.4924167e-06  1.9356897e-06  5.9738337e-05  8.2104798e-06  4.5913418e-05  0.00037934892  -3.8646213e-05  0.00099686248  0.00062858712  3.5751523e-05  0.00019509236  9.4090737e-05  0.0000000   -1.4963926e-06  -1.6644970e-05  2.1811386e-05  -8.2688164e-05  -1.6367985e-05  -6.5317754e-07  -5.1690248e-06  1.6270853e-05  -1.1907366e-05  -3.5689537e-06  -2.2613648e-05  2.0912199e-05  3.1330513e-05  -3.4045367e-06  8.6263592e-06  -6.7921195e-05  -6.1718893e-06  4.0490233e-05  2.4924167e-06  1.9356897e-06  5.9738337e-05  8.2104798e-06  4.5913418e-05  0.00037934892  -3.8646213e-05  0.00099686248  0.00062858712  3.5751523e-05  0.00019509236  9.4090737e-05  0.0000000   
0.0000000   0.0040358109  -0.00013337584  -0.00019350645  -3.0146846e-05  -7.1801778e-05  0.00032008073  -0.00044870490  8.4232323e-05  4.1321940e-05  0.00045212709  -6.4796573e-05  0.00015403140  0.00011129777  0.00015672340  5.4784240e-07  0.00022234581  0.00014520755  -8.0435146e-05  4.5768516e-06  0.00011971140  -1.1256744e-05  -5.5935454e-07  -1.3248127e-05  0.00014473217  3.5587847e-06  -5.8331821e-06  0.00010499784  4.5246191e-06  -8.4803475e-05  1.4963926e-06  0.0000000   0.0040358109  -0.00013337584  -0.00019350645  -3.0146846e-05  -7.1801778e-05  0.00032008073  -0.00044870490  8.4232323e-05  4.1321940e-05  0.00045212709  -6.4796573e-05  0.00015403140  0.00011129777  0.00015672340  5.4784240e-07  0.00022234581  0.00014520755  -8.0435146e-05  4.5768516e-06  0.00011971140  -1.1256744e-05  -5.5935454e-07  -1.3248127e-05  0.00014473217  3.5587847e-06  -5.8331821e-06  0.00010499784  4.5246191e-06  -8.4803475e-05  1.4963926e-06  
-0.0040358109  0.0000000   0.00015831668  -8.1623887e-05  -0.00026060323  0.00012550131  -0.00016325620  -0.00037084242  -8.8816904e-05  -0.00024720369  -0.00025495251  -5.7090658e-05  -4.0740691e-06  -7.7603460e-05  -0.00021741786  -1.9870728e-05  -0.00010163809  -0.00010863437  -8.6347730e-05  -3.4475987e-05  0.00011906980  2.7932249e-05  -1.1819213e-05  2.8627309e-05  2.0014505e-05  -1.3695904e-05  -2.0057454e-05  -1.7510819e-05  -2.8757221e-05  3.5115555e-05  1.6644970e-05  -0.0040358109  0.0000000   0.00015831668  -8.1623887e-05  -0.00026060323  0.00012550131  -0.00016325620  -0.00037084242  -8.8816904e-05  -0.00024720369  -0.00025495251  -5.7090658e-05  -4.0740691e-06  -7.7603460e-05  -0.00021741786  -1.9870728e-05  -0.00010163809  -0.00010863437  -8.6347730e-05  -3.4475987e-05  0.00011906980  2.7932249e-05  -1.1819213e-05  2.8627309e-05  2.0014505e-05  -1.3695904e-05  -2.0057454e-05  -1.7510819e-05  -2.8757221e-05  3.5115555e-05  1.6644970e-05  
0.00013337584  -0.00015831668  0.0000000   -0.0038933572  -6.5199779e-05  -7.2185209e-06  5.5361357e-06  -9.1913583e-05  9.6356693e-06  -6.3564611e-05  -4.9931167e-06  4.1796048e-05  1.3882157e-05  1.1604625e-05  -1.9101257e-05  -7.8773143e-05  -2.6423579e-05  3.5151504e-05  3.5114127e-05  -3.2529888e-05  -1.6923312e-05  0.00019897556  7.5413173e-05  0.00020331316  -6.3718871e-06  2.0576726e-05  3.0348896e-05  2.3027534e-06  -8.2972653e-06  8.2233046e-06  -2.1811386e-05  0.00013337584  -0.00015831668  0.0000000   -0.0038933572  -6.5199779e-05  -7.2185209e-06  5.5361357e-06  -9.1913583e-05  9.6356693e-06  -6.3564611e-05  -4.9931167e-06  4.1796048e-05  1.3882157e-05  1.1604625e-05  -1.9101257e-05  -7.8773143e-05  -2.6423579e-05  3.5151504e-05  3.5114127e-05  -3.2529888e-05  -1.6923312e-05  0.00019897556  7.5413173e-05  0.00020331316  -6.3718871e-06  2.0576726e-05  3.0348896e-05  2.3027534e-06  -8.2972653e-06  8.2233046e-06  -2.1811386e-05  
0.00019350645  8.1623887e-05  0.0038933572  0.0000000   3.8009982e-05  0.00028318642  -3.9760219e-05  -3.1546697e-05  1.9882370e-05  2.7717687e-05  1.2239080e-05  -3.8636906e-05  2.9519230e-05  1.5960316e-05  2.6092715e-05  -5.1402340e-05  4.6958318e-05  -9.2075916e-05  7.9160408e-06  -5.6036672e-05  -2.6475804e-05  0.00020657557  -0.00019182819  0.00025710303  9.9388189e-07  7.9442917e-05  -0.00011990670  -9.9374411e-07  1.1352497e-06  1.7041298e-05  8.2688164e-05  0.00019350645  8.1623887e-05  0.0038933572  0.0000000   3.8009982e-05  0.00028318642  -3.9760219e-05  -3.1546697e-05  1.9882370e-05  2.7717687e-05  1.2239080e-05  -3.8636906e-05  2.9519230e-05  1.5960316e-05  2.6092715e-05  -5.1402340e-05  4.6958318e-05  -9.2075916e-05  7.9160408e-06  -5.6036672e-05  -2.6475804e-05  0.00020657557  -0.00019182819  0.00025710303  9.9388189e-07  7.9442917e-05  -0.00011990670  -9.9374411e-07  1.1352497e-06  1.7041298e-05  8.2688164e-05  
3.0146846e-05  0.00026060323  6.5199779e-05  -3.8009982e-05  0.0000000   -0.0058070933  0.0018606197  0.00026449219  -1.5190862e-05  5.7627304e-05  -0.00050130593  0.00042996965  -0.00043902272  -9.3882222e-05  0.00038418856  6.1605913e-05  -0.00018600921  -0.00015403509  0.00012834117  2.1695654e-05  -7.0411318e-06  1.1169201e-05  -2.1277244e-05  2.1914503e-05  2.7098316e-05  -6.9240727e-06  -1.0692567e-05  -8.3057220e-05  0.00010443329  2.9340867e-05  1.6367985e-05  3.0146846e-05  0.00026060323  6.5199779e-05  -3.8009982e-05  0.0000000   -0.0058070933  0.0018606197  0.00026449219  -1.5190862e-05  5.7627304e-05  -0.00050130593  0.00042996965  -0.00043902272  -9.3882222e-05  0.00038418856  6.1605913e-05  -0.00018600921  -0.00015403509  0.00012834117  2.1695654e-05  -7.0411318e-06  1.1169201e-05  -2.1277244e-05  2.1914503e-05  2.7098316e-05  -6.9240727e-06  -1.0692567e-05  -8.3057220e-05  0.00010443329  2.9340867e-05  1.6367985e-05  
7.1801778e-05  -0.00012550131  7.2185209e-06  -0.00028318642  0.0058070933  0.0000000   0.0047440003  -0.0017999096  0.00043081361  2.2141528e-06  0.00026984895  -0.00035544609  0.00062132753  -0.00027278573  -0.00018425462  5.8982179e-05  -5.6872073e-05  -6.7743633e-05  4.9343246e-05  -1.6258638e-05  0.00015313396  5.2847167e-05  -8.0752250e-07  -4.4890119e-06  5.8529695e-05  9.0260517e-06  2.4947317e-05  1.3958544e-05  3.0592515e-06  1.4907105e-05  6.5317754e-07  7.1801778e-05  -0.00012550131  7.2185209e-06  -0.00028318642  0.0058070933  0.0000000   0.0047440003  -0.0017999096  0.00043081361  2.2141528e-06  0.00026984895  -0.00035544609  0.00062132753  -0.00027278573  -0.00018425462  5.8982179e-05  -5.6872073e-05  -6.7743633e-05  4.9343246e-05  -1.6258638e-05  0.00015313396  5.2847167e-05  -8.0752250e-07  -4.4890119e-06  5.8529695e-05  9.0260517e-06  2.4947317e-05  1.3958544e-05  3.0592515e-06  1.4907105e-05  6.5317754e-07  
-0.00032008073  0.00016325620  -5.5361357e-06  3.9760219e-05  -0.0018606197  -0.0047440003  0.0000000   0.00098018135  0.00011488201  0.00016721862  0.00058661489  0.00077164235  0.00094907279  2.2200054e-05  -0.00010015176  5.1295524e-05  8.0520257e-06  5.0236095e-05  2.1567407e-05  3.0915490e-05  -8.5471163e-05  -4.8718359e-05  -2.5534267e-06  3.4052984e-07  0.00011953545  1.3574028e-05  -9.9010772e-06  2.4925256e-05  -4.1773549e-05  -4.5883574e-05  5.1690248e-06  -0.00032008073  0.00016325620  -5.5361357e-06  3.9760219e-05  -0.0018606197  -0.0047440003  0.0000000   0.00098018135  0.00011488201  0.00016721862  0.00058661489  0.00077164235  0.00094907279  2.2200054e-05  -0.00010015176  5.1295524e-05  8.0520257e-06  5.0236095e-05  2.1567407e-05  3.0915490e-05  -8.5471163e-05  -4.8718359e-05  -2.5534267e-06  3.4052984e-07  0.00011953545  1.3574028e-05  -9.9010772e-06  2.4925256e-05  -4.1773549e-05  -4.5883574e-05  5.1690248e-06  
0.00044870490  0.00037084242  9.1913583e-05  3.1546697e-05  -0.00026449219  0.0017999096  -0.00098018135  0.0000000   0.00073393495  -0.00051614129  0.00032054998  -0.00032229570  -0.00048095530  0.00012132080  0.00064715975  -2.9834850e-05  8.5163638e-05  4.7139905e-05  -0.00034065438  -5.3661249e-05  0.00026215234  3.3579627e-05  -3.5997060e-05  1.7788621e-06  6.4622279e-05  -1.0798636e-05  -3.6668479e-06  0.00013471904  -2.2642291e-05  -0.00012842123  -1.6270853e-05  0.00044870490  0.00037084242  9.1913583e-05  3.1546697e-05  -0.00026449219  0.0017999096  -0.00098018135  0.0000000   0.00073393495  -0.00051614129  0.00032054998  -0.00032229570  -0.00048095530  0.00012132080  0.00064715975  -2.9834850e-05  8.5163638e-05  4.7139905e-05  -0.00034065438  -5.3661249e-05  0.00026215234  3.3579627e-05  -3.5997060e-05  1.7788621e-06  6.4622279e-05  -1.0798636e-05  -3.6668479e-06  0.00013471904  -2.2642291e-05  -0.00012842123  -1.6270853e-05  
-8.4232323e-05  8.8816904e-05  -9.6356693e-06  -1.9882370e-05  1.5190862e-05  -0.00043081361  -0.00011488201  -0.00073393495  0.0000000   0.0015897265  -0.00087970111  0.0012090503  7.1554200e-05  0.00015855320  4.5861815e-05  -1.2013888e-05  -0.00020255555  -0.00013967173  -0.00021351601  -2.6056021e-05  0.00010187065  2.5702257e-05  1.0712481e-05  1.2426489e-05  3.8007817e-05  -1.3844036e-05  -1.8733146e-06  -0.00010549269  5.2718792e-05  -3.7129593e-05  1.1907366e-05  -8.4232323e-05  8.8816904e-05  -9.6356693e-06  -1.9882370e-05  1.5190862e-05  -0.00043081361  -0.00011488201  -0.00073393495  0.0000000   0.0015897265  -0.00087970111  0.0012090503  7.1554200e-05  0.00015855320  4.5861815e-05  -1.2013888e-05  -0.00020255555  -0.00013967173  -0.00021351601  -2.6056021e-05  0.00010187065  2.5702257e-05  1.0712481e-05  1.2426489e-05  3.8007817e-05  -1.3844036e-05  -1.8733146e-06  -0.00010549269  5.2718792e-05  -3.7129593e-05  1.1907366e-05  
-4.1321940e-05  0.00024720369  6.3564611e-05  -2.7717687e-05  -5.7627304e-05  -2.2141528e-06  -0.00016721862  0.00051614129  -0.0015897265  0.0000000   -0.00032651947  -0.00051659647  -0.00020584535  -5.9535369e-05  -0.00024843349  -5.4771063e-06  -0.00024096894  -0.00016403810  -0.00032383314  -4.4646123e-05  -1.9979590e-05  7.4936486e-06  -2.7173118e-06  5.9624909e-06  0.00014389750  -5.3533668e-06  -4.0327006e-06  -3.8036052e-05  -9.6071371e-05  -0.00018646677  3.5689537e-06  -4.1321940e-05  0.00024720369  6.3564611e-05  -2.7717687e-05  -5.7627304e-05  -2.2141528e-06  -0.00016721862  0.00051614129  -0.0015897265  0.0000000   -0.00032651947  -0.00051659647  -0.00020584535  -5.9535369e-05  -0.00024843349  -5.4771063e-06  -0.00024096894  -0.00016403810  -0.00032383314  -4.4646123e-05  -1.9979590e-05  7.4936486e-06  -2.7173118e-06  5.9624909e-06  0.00014389750  -5.3533668e-06  -4.0327006e-06  -3.8036052e-05  -9.6071371e-05  -0.00018646677  3.5689537e-06  
-0.00045212709  0.00025495251  4.9931167e-06  -1.2239080e-05  0.00050130593  -0.00026984895  -0.00058661489  -0.00032054998  0.00087970111  0.00032651947  0.0000000   0.0015502460  0.0024872886  0.00034774833  -0.00052673015  -4.3871263e-05  0.00028448189  0.00027486819  -1.5739027e-05  5.0718721e-05  0.00026348060  -2.1864674e-05  -1.9584492e-05  -2.0094674e-05  7.9262686e-05  1.6398038e-05  -1.8848943e-06  -0.00014867627  5.6820558e-06  0.00011588304  2.2613648e-05  -0.00045212709  0.00025495251  4.9931167e-06  -1.2239080e-05  0.00050130593  -0.00026984895  -0.00058661489  -0.00032054998  0.00087970111  0.00032651947  0.0000000   0.0015502460  0.0024872886  0.00034774833  -0.00052673015  -4.3871263e-05  0.00028448189  0.00027486819  -1.5739027e-05  5.0718721e-05  0.00026348060  -2.1864674e-05  -1.9584492e-05  -2.0094674e-05  7.9262686e-05  1.6398038e-05  -1.8848943e-06  -0.00014867627  5.6820558e-06  0.00011588304  2.2613648e-05  
