0.0000000   -5.0726484e-05  -0.00016250815  3.5891333e-05  -5.3524638e-05  -4.5194038e-05  5.6091035e-05  -2.1523107e-05  3.4005824e-05  4.0090007e-05  -9.2509364e-05  -0.00016854960  -4.0454889e-05  0.00022550965  0.00015236966  -1.7982096e-06  -0.00023983958  -0.00016873388  1.8286874e-05  -2.4308102e-05  -3.8940685e-05  2.1011834e-06  -1.1042414e-05  -2.5869212e-05  -3.9448343e-05  -1.5944757e-05  -4.5557668e-06  -7.1016641e-06  -7.6412870e-06  1.1161529e-05  -8.4019949e-06  0.0000000   -5.0726484e-05  -0.00016250815  3.5891333e-05  -5.3524638e-05  -4.5194038e-05  5.6091035e-05  -2.1523107e-05  3.4005824e-05  4.0090007e-05  -9.2509364e-05  -0.00016854960  -4.0454889e-05  0.00022550965  0.00015236966  -1.7982096e-06  -0.00023983958  -0.00016873388  1.8286874e-05  -2.4308102e-05  -3.8940685e-05  2.1011834e-06  -1.1042414e-05  -2.5869212e-05  -3.9448343e-05  -1.5944757e-05  -4.5557668e-06  -7.1016641e-06  -7.6412870e-06  1.1161529e-05  -8.4019949e-06  
5.0726484e-05  0.0000000   0.00019772192  0.0010449080  0.00029530079  0.00047659653  0.00058431110  0.00029447963  1.5858579e-05  0.00015923230  -5.4766713e-05  4.8028320e-05  -2.6385923e-05  -4.1628956e-05  2.4477530e-05  -0.00010524434  4.6419373e-05  1.6011607e-05  6.3599718e-05  0.00010927405  5.3704850e-07  0.00011450492  -9.5042429e-06  2.3279062e-06  -3.7793673e-05  -0.00011452281  -0.00010746015  -2.9417262e-05  -2.9552654e-05  -2.5916879e-06  5.0435075e-05  5.0726484e-05  0.0000000   0.00019772192  0.0010449080  0.00029530079  0.00047659653  0.00058431110  0.00029447963  1.5858579e-05  0.00015923230  -5.4766713e-05  4.8028320e-05  -2.6385923e-05  -4.1628956e-05  2.4477530e-05  -0.00010524434  4.6419373e-05  1.6011607e-05  6.3599718e-05  0.00010927405  5.3704850e-07  0.00011450492  -9.5042429e-06  2.3279062e-06  -3.7793673e-05  -0.00011452281  -0.00010746015  -2.9417262e-05  -2.9552654e-05  -2.5916879e-06  5.0435075e-05  
0.00016250815  -0.00019772192  0.0000000   0.0011135799  -0.00048342261  0.0021459001  -0.00082126567  -0.00039623789  9.6021152e-06  -0.00015498279  -2.1143973e-05  -3.5061655e-05  -4.2953500e-05  -3.4652738e-06  -1.9191696e-05  5.9919549e-05  1.3624522e-05  2.6016413e-05  -2.6754842e-05  0.00014772488  -1.7710206e-05  0.00013721984  -3.4215011e-06  -1.2207845e-05  -8.0339317e-05  1.4979684e-05  -4.7240987e-05  -2.2974232e-05  3.8922458e-05  -1.3566292e-05  -0.00011367006  0.00016250815  -0.00019772192  0.0000000   0.0011135799  -0.00048342261  0.0021459001  -0.00082126567  -0.00039623789  9.6021152e-06  -0.00015498279  -2.1143973e-05  -3.5061655e-05  -4.2953500e-05  -3.4652738e-06  -1.9191696e-05  5.9919549e-05  1.3624522e-05  2.6016413e-05  -2.6754842e-05  0.00014772488  -1.7710206e-05  0.00013721984  -3.4215011e-06  -1.2207845e-05  -8.0339317e-05  1.4979684e-05  -4.7240987e-05  -2.2974232e-05  3.8922458e-05  -1.3566292e-05  -0.00011367006  
-3.5891333e-05  -0.0010449080  -0.0011135799  0.0000000   0.0046319972  -0.00071549128  0.00022021352  -0.00034055626  3.8613172e-05  0.00014145090  -6.7665128e-05  -0.00010286182  0.00038515384  2.4667411e-05  -2.0698922e-05  -0.00023833559  4.5844506e-05  -7.7070441e-05  2.9397163e-06  3.4773850e-05  1.7787318e-07  5.8720281e-05  -1.2444510e-05  -1.3896448e-05  -8.0384077e-05  7.4219304e-05  3.6664335e-05  2.3732533e-05  1.9729125e-05  -3.7039493e-06  0.00011643040  -3.5891333e-05  -0.0010449080  -0.0011135799  0.0000000   0.0046319972  -0.00071549128  0.00022021352  -0.00034055626  3.8613172e-05  0.00014145090  -6.7665128e-05  -0.00010286182  0.00038515384  2.4667411e-05  -2.0698922e-05  -0.00023833559  4.5844506e-05  -7.7070441e-05  2.9397163e-06  3.4773850e-05  1.7787318e-07  5.8720281e-05  -1.2444510e-05  -1.3896448e-05  -8.0384077e-05  7.4219304e-05  3.6664335e-05  2.3732533e-05  1.9729125e-05  -3.7039493e-06  0.00011643040  
5.3524638e-05  -0.00029530079  0.00048342261  -0.0046319972  0.0000000   0.0043252040  0.0013793743  -0.0011051987  -1.2567236e-05  5.5914534e-05  -0.00012779573  1.3749486e-05  -0.00039572943  6.0729697e-06  0.00011878284  6.6116208e-05  -5.3963719e-05  -1.7698341e-05  8.3730778e-05  0.00050149679  3.1295438e-06  -0.00015195498  -2.0468725e-06  -2.2374936e-05  -3.2048999e-06  9.7226384e-05  -2.2289222e-05  4.2452989e-06  0.00014633468  -1.6820030e-05  -0.00010054718  5.3524638e-05  -0.00029530079  0.00048342261  -0.0046319972  0.0000000   0.0043252040  0.0013793743  -0.0011051987  -1.2567236e-05  5.5914534e-05  -0.00012779573  1.3749486e-05  -0.00039572943  6.0729697e-06  0.00011878284  6.6116208e-05  -5.3963719e-05  -1.7698341e-05  8.3730778e-05  0.00050149679  3.1295438e-06  -0.00015195498  -2.0468725e-06  -2.2374936e-05  -3.2048999e-06  9.7226384e-05  -2.2289222e-05  4.2452989e-06  0.00014633468  -1.6820030e-05  -0.00010054718  
4.5194038e-05  -0.00047659653  -0.0021459001  0.00071549128  -0.0043252040  0.0000000   0.00012364805  -0.00057500411  3.8469041e-05  3.6949044e-05  4.9192904e-05  -5.9563786e-05  9.1880780e-05  -4.1786944e-05  -3.7331125e-05  0.00026375101  2.5757340e-05  5.1825176e-05  4.0346024e-05  0.00015357687  -1.0604108e-06  6.8442807e-05  -1.2778942e-05  1.3274550e-05  -6.0327335e-05  -5.0922317e-06  -1.4255948e-05  -3.2430206e-05  -0.00015360361  1.6891139e-05  7.0919622e-05  4.5194038e-05  -0.00047659653  -0.0021459001  0.00071549128  -0.0043252040  0.0000000   0.00012364805  -0.00057500411  3.8469041e-05  3.6949044e-05  4.9192904e-05  -5.9563786e-05  9.1880780e-05  -4.1786944e-05  -3.7331125e-05  0.00026375101  2.5757340e-05  5.1825176e-05  4.0346024e-05  0.00015357687  -1.0604108e-06  6.8442807e-05  -1.2778942e-05  1.3274550e-05  -6.0327335e-05  -5.0922317e-06  -1.4255948e-05  -3.2430206e-05  -0.00015360361  1.6891139e-05  7.0919622e-05  
-5.6091035e-05  -0.00058431110  0.00082126567  -0.00022021352  -0.0013793743  -0.00012364805  0.0000000   0.0049706472  0.00043098710  0.00075901744  -0.00011980015  -5.8599501e-05  9.3220820e-05  -5.9339430e-06  3.9479043e-05  -0.00036777383  -1.7603869e-05  6.1042775e-06  3.0368327e-05  3.1535555e-05  1.6044274e-05  0.00024136469  -2.7045623e-05  -2.2318361e-05  -0.00010706232  -4.0414214e-05  -0.00014313155  -2.7692308e-05  -6.8813938e-05  5.6355012e-06  2.2339705e-05  -5.6091035e-05  -0.00058431110  0.00082126567  -0.00022021352  -0.0013793743  -0.00012364805  0.0000000   0.0049706472  0.00043098710  0.00075901744  -0.00011980015  -5.8599501e-05  9.3220820e-05  -5.9339430e-06  3.9479043e-05  -0.00036777383  -1.7603869e-05  6.1042775e-06  3.0368327e-05  3.1535555e-05  1.6044274e-05  0.00024136469  -2.7045623e-05  -2.2318361e-05  -0.00010706232  -4.0414214e-05  -0.00014313155  -2.7692308e-05  -6.8813938e-05  5.6355012e-06  2.2339705e-05  
2.1523107e-05  -0.00029447963  0.00039623789  0.00034055626  0.0011051987  0.00057500411  -0.0049706472  0.0000000   0.00063565081  -0.00035354000  1.7094561e-05  -6.6009242e-05  0.00060282401  1.6333638e-05  -0.00014146482  0.00067612433  -5.9158402e-05  3.6184729e-05  0.00018172815  -7.9195249e-05  1.0242622e-05  -2.9479181e-05  1.9248386e-05  -6.0810593e-06  0.00013275444  -3.1683484e-05  7.9479188e-05  2.9123705e-05  -8.2829885e-05  2.7628261e-06  0.00010086919  2.1523107e-05  -0.00029447963  0.00039623789  0.00034055626  0.0011051987  0.00057500411  -0.0049706472  0.0000000   0.00063565081  -0.00035354000  1.7094561e-05  -6.6009242e-05  0.00060282401  1.6333638e-05  -0.00014146482  0.00067612433  -5.9158402e-05  3.6184729e-05  0.00018172815  -7.9195249e-05  1.0242622e-05  -2.9479181e-05  1.9248386e-05  -6.0810593e-06  0.00013275444  -3.1683484e-05  7.9479188e-05  2.9123705e-05  -8.2829885e-05  2.7628261e-06  0.00010086919  
-3.4005824e-05  -1.5858579e-05  -9.6021152e-06  -3.8613172e-05  1.2567236e-05  -3.8469041e-05  -0.00043098710  -0.00063565081  0.0000000   0.0075489714  -0.0021471626  0.00024250320  5.2238892e-05  -0.00015267398  0.00025732166  0.00011477703  0.00016969631  -0.00014387901  -2.4495655e-05  -3.3406375e-05  0.00013751297  1.6593362e-05  -0.00012837156  -0.00012461048  1.5705023e-05  -2.0970516e-05  3.3917156e-06  -6.6774835e-06  1.6989897e-05  -4.5205590e-05  1.7865734e-05  -3.4005824e-05  -1.5858579e-05  -9.6021152e-06  -3.8613172e-05  1.2567236e-05  -3.8469041e-05  -0.00043098710  -0.00063565081  0.0000000   0.0075489714  -0.0021471626  0.00024250320  5.2238892e-05  -0.00015267398  0.00025732166  0.00011477703  0.00016969631  -0.00014387901  -2.4495655e-05  -3.3406375e-05  0.00013751297  1.6593362e-05  -0.00012837156  -0.00012461048  1.5705023e-05  -2.0970516e-05  3.3917156e-06  -6.6774835e-06  1.6989897e-05  -4.5205590e-05  1.7865734e-05  
-4.0090007e-05  -0.00015923230  0.00015498279  -0.00014145090  -5.5914534e-05  -3.6949044e-05  -0.00075901744  0.00035354000  -0.0075489714  0.0000000   -0.00080506367  0.00066022991  0.00017479285  0.00014198641  -0.00015697915  -3.2502237e-05  -6.8548171e-05  -0.00018407363  2.2087448e-05  2.6560036e-05  -0.00039203024  1.5949665e-05  7.9349959e-05  1.4205839e-05  1.2368025e-05  -1.4767013e-05  -2.5678786e-05  7.9225061e-05  -1.7098894e-05  7.1537815e-06  4.0977299e-05  -4.0090007e-05  -0.00015923230  0.00015498279  -0.00014145090  -5.5914534e-05  -3.6949044e-05  -0.00075901744  0.00035354000  -0.0075489714  0.0000000   -0.00080506367  0.00066022991  0.00017479285  0.00014198641  -0.00015697915  -3.2502237e-05  -6.8548171e-05  -0.00018407363  2.2087448e-05  2.6560036e-05  -0.00039203024  1.5949665e-05  7.9349959e-05  1.4205839e-05  1.2368025e-05  -1.4767013e-05  -2.5678786e-05  7.9225061e-05  -1.7098894e-05  7.1537815e-06  4.0977299e-05  
9.2509364e-05  5.4766713e-05  2.1143973e-05  6.7665128e-05  0.00012779573  -4.9192904e-05  0.00011980015  -1.7094561e-05  0.0021471626  0.00080506367  0.0000000   -0.0019156211  -0.00029193267  0.00024148646  0.00017965347  2.4900219e-05  3.2558996e-05  -0.00018115897  0.00011501659  4.8308348e-05  0.00018689362  3.9775249e-05  5.6274372e-05  6.1895266e-05  -2.8828862e-06  7.6428578e-07  -8.3054648e-05  0.00022334237  1.2721091e-05  -0.00019156662  -2.6310185e-05  9.2509364e-05  5.4766713e-05  2.1143973e-05  6.7665128e-05  0.00012779573  -4.9192904e-05  0.00011980015  -1.7094561e-05  0.0021471626  0.00080506367  0.0000000   -0.0019156211  -0.00029193267  0.00024148646  0.00017965347  2.4900219e-05  3.2558996e-05  -0.00018115897  0.00011501659  4.8308348e-05  0.00018689362  3.9775249e-05  5.6274372e-05  6.1895266e-05  -2.8828862e-06  7.6428578e-07  -8.3054648e-05  0.00022334237  1.2721091e-05  -0.00019156662  -2.6310185e-05  
0.00016854960  -4.8028320e-05  3.5061655e-05  0.00010286182  -1.3749486e-05  5.9563786e-05  5.8599501e-05  6.6009242e-05  -0.00024250320  -0.00066022991  0.0019156211  0.0000000   6.5812210e-05  0.0020190993  -0.00069131462  -5.0241247e-05  -0.00034917353  0.00079464669  -2.8740616e-05  -0.00019125051  -0.00028256613  -1.4779966e-05  -0.00015614848  -0.00018990866  2.6286271e-06  2.0035073e-05  -1.2483712e-05  -5.8897134e-05  2.4925485e-06  3.6169935e-05  -4.3051781e-05  0.00016854960  -4.8028320e-05  3.5061655e-05  0.00010286182  -1.3749486e-05  5.9563786e-05  5.8599501e-05  6.6009242e-05  -0.00024250320  -0.00066022991  0.0019156211  0.0000000   6.5812210e-05  0.0020190993  -0.00069131462  -5.0241247e-05  -0.00034917353  0.00079464669  -2.8740616e-05  -0.00019125051  -0.00028256613  -1.4779966e-05  -0.00015614848  -0.00018990866  2.6286271e-06  2.0035073e-05  -1.2483712e-05  -5.8897134e-05  2.4925485e-06  3.6169935e-05  -4.3051781e-05  
4.0454889e-05  2.6385923e-05  4.2953500e-05  -0.00038515384  0.00039572943  -9.1880780e-05  -9.3220820e-05  -0.00060282401  -5.2238892e-05  -0.00017479285  0.00029193267  -6.5812210e-05  0.0000000   0.00029831767  -0.00012209292  -0.00010433789  3.3922740e-05  0.00016226413  0.00017354513  0.00018231655  -1.8309618e-05  -0.00021930052  -4.3738517e-05  -2.6254731e-05  -5.6870030e-05  -4.0983830e-05  0.00023076973  6.2752009e-05  -0.00010688617  1.4336498e-05  0.00025773147  4.0454889e-05  2.6385923e-05  4.2953500e-05  -0.00038515384  0.00039572943  -9.1880780e-05  -9.3220820e-05  -0.00060282401  -5.2238892e-05  -0.00017479285  0.00029193267  -6.5812210e-05  0.0000000   0.00029831767  -0.00012209292  -0.00010433789  3.3922740e-05  0.00016226413  0.00017354513  0.00018231655  -1.8309618e-05  -0.00021930052  -4.3738517e-05  -2.6254731e-05  -5.6870030e-05  -4.0983830e-05  0.00023076973  6.2752009e-05  -0.00010688617  1.4336498e-05  0.00025773147  
-0.00022550965  4.1628956e-05  3.4652738e-06  -2.4667411e-05  -6.0729697e-06  4.1786944e-05  5.9339430e-06  -1.6333638e-05  0.00015267398  -0.00014198641  -0.00024148646  -0.0020190993  -0.00029831767  0.0000000   -0.0029952700  -0.00034399328  0.00094433866  0.00035556480  6.3997183e-05  3.3785768e-05  -3.3947583e-05  -1.1564655e-07  -0.00028025369  8.7139665e-05  -1.2740694e-05  1.8889963e-05  -9.6745896e-07  -4.4273947e-05  -1.2060289e-06  -0.00018642382  -4.2131896e-06  -0.00022550965  4.1628956e-05  3.4652738e-06  -2.4667411e-05  -6.0729697e-06  4.1786944e-05  5.9339430e-06  -1.6333638e-05  0.00015267398  -0.00014198641  -0.00024148646  -0.0020190993  -0.00029831767  0.0000000   -0.0029952700  -0.00034399328  0.00094433866  0.00035556480  6.3997183e-05  3.3785768e-05  -3.3947583e-05  -1.1564655e-07  -0.00028025369  8.7139665e-05  -1.2740694e-05  1.8889963e-05  -9.6745896e-07  -4.4273947e-05  -1.2060289e-06  -0.00018642382  -4.2131896e-06  
-0.00015236966  -2.4477530e-05  1.9191696e-05  2.0698922e-05  -0.00011878284  3.7331125e-05  -3.9479043e-05  0.00014146482  -0.00025732166  0.00015697915  -0.00017965347  0.00069131462  0.00012209292  0.0029952700  0.0000000   6.3477742e-05  0.00080361743  -0.0023596724  -1.0207179e-06  -8.6733050e-05  0.00058532639  3.8336983e-05  3.5235318e-05  9.1790706e-05  2.0598559e-05  -1.3068294e-05  -8.8313125e-05  0.00024748065  -3.8207049e-05  -4.8794290e-05  -6.9110305e-05  -0.00015236966  -2.4477530e-05  1.9191696e-05  2.0698922e-05  -0.00011878284  3.7331125e-05  -3.9479043e-05  0.00014146482  -0.00025732166  0.00015697915  -0.00017965347  0.00069131462  0.00012209292  0.0029952700  0.0000000   6.3477742e-05  0.00080361743  -0.0023596724  -1.0207179e-06  -8.6733050e-05  0.00058532639  3.8336983e-05  3.5235318e-05  9.1790706e-05  2.0598559e-05  -1.3068294e-05  -8.8313125e-05  0.00024748065  -3.8207049e-05  -4.8794290e-05  -6.9110305e-05  
1.7982096e-06  0.00010524434  -5.9919549e-05  0.00023833559  -6.6116208e-05  -0.00026375101  0.00036777383  -0.00067612433  -0.00011477703  3.2502237e-05  -2.4900219e-05  5.0241247e-05  0.00010433789  0.00034399328  -6.3477742e-05  0.0000000   0.00011871198  -8.5352193e-05  0.00063846717  0.00059195902  9.9457261e-05  2.8644412e-05  -4.6980538e-06  6.7403111e-06  -8.6952293e-05  9.7940288e-05  0.00035812788  0.00011806365  0.00024402754  2.0290506e-05  0.00034205123  1.7982096e-06  0.00010524434  -5.9919549e-05  0.00023833559  -6.6116208e-05  -0.00026375101  0.00036777383  -0.00067612433  -0.00011477703  3.2502237e-05  -2.4900219e-05  5.0241247e-05  0.00010433789  0.00034399328  -6.3477742e-05  0.0000000   0.00011871198  -8.5352193e-05  0.00063846717  0.00059195902  9.9457261e-05  2.8644412e-05  -4.6980538e-06  6.7403111e-06  -8.6952293e-05  9.7940288e-05  0.00035812788  0.00011806365  0.00024402754  2.0290506e-05  0.00034205123  
0.00023983958  -4.6419373e-05  -1.3624522e-05  -4.5844506e-05  5.3963719e-05  -2.5757340e-05  1.7603869e-05  5.9158402e-05  -0.00016969631  6.8548171e-05  -3.2558996e-05  0.00034917353  -3.3922740e-05  -0.00094433866  -0.00080361743  -0.00011871198  0.0000000   0.0047425405  5.7568056e-05  -0.00023497123  -3.6839475e-05  -1.3917637e-05  0.00021970877  -0.00029103991  5.4963036e-05  -1.6967975e-05  -8.3807950e-05  0.00013375758  -2.3206686e-05  0.00022492995  -1.3634364e-07  0.00023983958  -4.6419373e-05  -1.3624522e-05  -4.5844506e-05  5.3963719e-05  -2.5757340e-05  1.7603869e-05  5.9158402e-05  -0.00016969631  6.8548171e-05  -3.2558996e-05  0.00034917353  -3.3922740e-05  -0.00094433866  -0.00080361743  -0.00011871198  0.0000000   0.0047425405  5.7568056e-05  -0.00023497123  -3.6839475e-05  -1.3917637e-05  0.00021970877  -0.00029103991  5.4963036e-05  -1.6967975e-05  -8.3807950e-05  0.00013375758  -2.3206686e-05  0.00022492995  -1.3634364e-07  
0.00016873388  -1.6011607e-05  -2.6016413e-05  7.7070441e-05  1.7698341e-05  -5.1825176e-05  -6.1042775e-06  -3.6184729e-05  0.00014387901  0.00018407363  0.00018115897  -0.00079464669  -0.00016226413  -0.00035556480  0.0023596724  8.5352193e-05  -0.0047425405  0.0000000   0.00026572095  0.00021292679  -0.00023261753  7.7648679e-05  0.00032920696  0.00027303730  -3.0046666e-05  4.9157023e-05  -2.8542150e-05  2.3575485e-05  -3.2688275e-05  -0.00010130062  4.1276097e-05  0.00016873388  -1.6011607e-05  -2.6016413e-05  7.7070441e-05  1.7698341e-05  -5.1825176e-05  -6.1042775e-06  -3.6184729e-05  0.00014387901  0.00018407363  0.00018115897  -0.00079464669  -0.00016226413  -0.00035556480  0.0023596724  8.5352193e-05  -0.0047425405  0.0000000   0.00026572095  0.00021292679  -0.00023261753  7.7648679e-05  0.00032920696  0.00027303730  -3.0046666e-05  4.9157023e-05  -2.8542150e-05  2.3575485e-05  -3.2688275e-05  -0.00010130062  4.1276097e-05  
-1.8286874e-05  -6.3599718e-05  2.6754842e-05  -2.9397163e-06  -8.3730778e-05  -4.0346024e-05  -3.0368327e-05  -0.00018172815  2.4495655e-05  -2.2087448e-05  -0.00011501659  2.8740616e-05  -0.00017354513  -6.3997183e-05  1.0207179e-06  -0.00063846717  -5.7568056e-05  -0.00026572095  0.0000000   -0.0093269697  -2.2867598e-05  -0.00062921110  0.00012506484  1.5241462e-05  0.00015228207  -0.00027950407  0.00021613111  3.0927638e-05  7.3823930e-05  4.3876433e-06  0.00021699083  -1.8286874e-05  -6.3599718e-05  2.6754842e-05  -2.9397163e-06  -8.3730778e-05  -4.0346024e-05  -3.0368327e-05  -0.00018172815  2.4495655e-05  -2.2087448e-05  -0.00011501659  2.8740616e-05  -0.00017354513  -6.3997183e-05  1.0207179e-06  -0.00063846717  -5.7568056e-05  -0.00026572095  0.0000000   -0.0093269697  -2.2867598e-05  -0.00062921110  0.00012506484  1.5241462e-05  0.00015228207  -0.00027950407  0.00021613111  3.0927638e-05  7.3823930e-05  4.3876433e-06  0.00021699083  
2.4308102e-05  -0.00010927405  -0.00014772488  -3.4773850e-05  -0.00050149679  -0.00015357687  -3.1535555e-05  7.9195249e-05  3.3406375e-05  -2.6560036e-05  -4.8308348e-05  0.00019125051  -0.00018231655  -3.3785768e-05  8.6733050e-05  -0.00059195902  0.00023497123  -0.00021292679  0.0093269697  0.0000000   5.2933105e-05  0.00019896778  7.3268564e-05  -1.8665790e-05  -0.00010854631  -0.00041817985  5.6280423e-05  1.2386292e-05  5.0134625e-05  5.7432886e-05  0.00043518059  2.4308102e-05  -0.00010927405  -0.00014772488  -3.4773850e-05  -0.00050149679  -0.00015357687  -3.1535555e-05  7.9195249e-05  3.3406375e-05  -2.6560036e-05  -4.8308348e-05  0.00019125051  -0.00018231655  -3.3785768e-05  8.6733050e-05  -0.00059195902  0.00023497123  -0.00021292679  0.0093269697  0.0000000   5.2933105e-05  0.00019896778  7.3268564e-05  -1.8665790e-05  -0.00010854631  -0.00041817985  5.6280423e-05  1.2386292e-05  5.0134625e-05  5.7432886e-05  0.00043518059  
3.8940685e-05  -5.3704850e-07  1.7710206e-05  -1.7787318e-07  -3.1295438e-06  1.0604108e-06  -1.6044274e-05  -1.0242622e-05  -0.00013751297  0.00039203024  -0.00018689362  0.00028256613  1.8309618e-05  3.3947583e-05  -0.00058532639  -9.9457261e-05  3.6839475e-05  0.00023261753  2.2867598e-05  -5.2933105e-05  0.0000000   -9.6703025e-06  0.0017021034  0.00039300149  -0.00013243494  3.0893521e-05  6.9499446e-05  -0.00025104206  -5.6994335e-05  9.1927195e-05  3.3009803e-05  3.8940685e-05  -5.3704850e-07  1.7710206e-05  -1.7787318e-07  -3.1295438e-06  1.0604108e-06  -1.6044274e-05  -1.0242622e-05  -0.00013751297  0.00039203024  -0.00018689362  0.00028256613  1.8309618e-05  3.3947583e-05  -0.00058532639  -9.9457261e-05  3.6839475e-05  0.00023261753  2.2867598e-05  -5.2933105e-05  0.0000000   -9.6703025e-06  0.0017021034  0.00039300149  -0.00013243494  3.0893521e-05  6.9499446e-05  -0.00025104206  -5.6994335e-05  9.1927195e-05  3.3009803e-05  
-2.1011834e-06  -0.00011450492  -0.00013721984  -5.8720281e-05  0.00015195498  -6.8442807e-05  -0.00024136469  2.9479181e-05  -1.6593362e-05  -1.5949665e-05  -3.9775249e-05  1.4779966e-05  0.00021930052  1.1564655e-07  -3.8336983e-05  -2.8644412e-05  1.3917637e-05  -7.7648679e-05  0.00062921110  -0.00019896778  9.6703025e-06  0.0000000   0.00014997609  9.2936275e-05  0.00046773706  -0.00030632642  -4.5598467e-05  -1.2851190e-05  0.00056882085  5.9882368e-06  -0.00012420624  -2.1011834e-06  -0.00011450492  -0.00013721984  -5.8720281e-05  0.00015195498  -6.8442807e-05  -0.00024136469  2.9479181e-05  -1.6593362e-05  -1.5949665e-05  -3.9775249e-05  1.4779966e-05  0.00021930052  1.1564655e-07  -3.8336983e-05  -2.8644412e-05  1.3917637e-05  -7.7648679e-05  0.00062921110  -0.00019896778  9.6703025e-06  0.0000000   0.00014997609  9.2936275e-05  0.00046773706  -0.00030632642  -4.5598467e-05  -1.2851190e-05  0.00056882085  5.9882368e-06  -0.00012420624  
1.1042414e-05  9.5042429e-06  3.4215011e-06  1.2444510e-05  2.0468725e-06  1.2778942e-05  2.7045623e-05  -1.9248386e-05  0.00012837156  -7.9349959e-05  -5.6274372e-05  0.00015614848  4.3738517e-05  0.00028025369  -3.5235318e-05  4.6980538e-06  -0.00021970877  -0.00032920696  -0.00012506484  -7.3268564e-05  -0.0017021034  -0.00014997609  0.0000000   -0.00073549532  -9.5475267e-05  -4.8065052e-05  -0.00020646275  0.00078930230  -4.8726482e-06  -0.00023931166  2.4005458e-05  1.1042414e-05  9.5042429e-06  3.4215011e-06  1.2444510e-05  2.0468725e-06  1.2778942e-05  2.7045623e-05  -1.9248386e-05  0.00012837156  -7.9349959e-05  -5.6274372e-05  0.00015614848  4.3738517e-05  0.00028025369  -3.5235318e-05  4.6980538e-06  -0.00021970877  -0.00032920696  -0.00012506484  -7.3268564e-05  -0.0017021034  -0.00014997609  0.0000000   -0.00073549532  -9.5475267e-05  -4.8065052e-05  -0.00020646275  0.00078930230  -4.8726482e-06  -0.00023931166  2.4005458e-05  
2.5869212e-05  -2.3279062e-06  1.2207845e-05  1.3896448e-05  2.2374936e-05  -1.3274550e-05  2.2318361e-05  6.0810593e-06  0.00012461048  -1.4205839e-05  -6.1895266e-05  0.00018990866  2.6254731e-05  -8.7139665e-05  -9.1790706e-05  -6.7403111e-06  0.00029103991  -0.00027303730  -1.5241462e-05  1.8665790e-05  -0.00039300149  -9.2936275e-05  0.00073549532  0.0000000   -0.00057624266  -0.00039291883  0.00012677473  -0.00031675573  -7.2243548e-05  0.00029054781  -2.2961030e-05  2.5869212e-05  -2.3279062e-06  1.2207845e-05  1.3896448e-05  2.2374936e-05  -1.3274550e-05  2.2318361e-05  6.0810593e-06  0.00012461048  -1.4205839e-05  -6.1895266e-05  0.00018990866  2.6254731e-05  -8.7139665e-05  -9.1790706e-05  -6.7403111e-06  0.00029103991  -0.00027303730  -1.5241462e-05  1.8665790e-05  -0.00039300149  -9.2936275e-05  0.00073549532  0.0000000   -0.00057624266  -0.00039291883  0.00012677473  -0.00031675573  -7.2243548e-05  0.00029054781  -2.2961030e-05  
3.9448343e-05  3.7793673e-05  8.0339317e-05  8.0384077e-05  3.2048999e-06  6.0327335e-05  0.00010706232  -0.00013275444  -1.5705023e-05  -1.2368025e-05  2.8828862e-06  -2.6286271e-06  5.6870030e-05  1.2740694e-05  -2.0598559e-05  8.6952293e-05  -5.4963036e-05  3.0046666e-05  -0.00015228207  0.00010854631  0.00013243494  -0.00046773706  9.5475267e-05  0.00057624266  0.0000000   -0.0069389260  0.0013734096  0.00046383034  -0.00045173454  -9.3136053e-05  4.3792677e-05  3.9448343e-05  3.7793673e-05  8.0339317e-05  8.0384077e-05  3.2048999e-06  6.0327335e-05  0.00010706232  -0.00013275444  -1.5705023e-05  -1.2368025e-05  2.8828862e-06  -2.6286271e-06  5.6870030e-05  1.2740694e-05  -2.0598559e-05  8.6952293e-05  -5.4963036e-05  3.0046666e-05  -0.00015228207  0.00010854631  0.00013243494  -0.00046773706  9.5475267e-05  0.00057624266  0.0000000   -0.0069389260  0.0013734096  0.00046383034  -0.00045173454  -9.3136053e-05  4.3792677e-05  
1.5944757e-05  0.00011452281  -1.4979684e-05  -7.4219304e-05  -9.7226384e-05  5.0922317e-06  4.0414214e-05  3.1683484e-05  2.0970516e-05  1.4767013e-05  -7.6428578e-07  -2.0035073e-05  4.0983830e-05  -1.8889963e-05  1.3068294e-05  -9.7940288e-05  1.6967975e-05  -4.9157023e-05  0.00027950407  0.00041817985  -3.0893521e-05  0.00030632642  4.8065052e-05  0.00039291883  0.0069389260  0.0000000   0.00038381446  0.00019445757  0.00054151074  3.7620937e-05  2.3789732e-05  1.5944757e-05  0.00011452281  -1.4979684e-05  -7.4219304e-05  -9.7226384e-05  5.0922317e-06  4.0414214e-05  3.1683484e-05  2.0970516e-05  1.4767013e-05  -7.6428578e-07  -2.0035073e-05  4.0983830e-05  -1.8889963e-05  1.3068294e-05  -9.7940288e-05  1.6967975e-05  -4.9157023e-05  0.00027950407  0.00041817985  -3.0893521e-05  0.00030632642  4.8065052e-05  0.00039291883  0.0069389260  0.0000000   0.00038381446  0.00019445757  0.00054151074  3.7620937e-05  2.3789732e-05  
4.5557668e-06  0.00010746015  4.7240987e-05  -3.6664335e-05  2.2289222e-05  1.4255948e-05  0.00014313155  -7.9479188e-05  -3.3917156e-06  2.5678786e-05  8.3054648e-05  1.2483712e-05  -0.00023076973  9.6745896e-07  8.8313125e-05  -0.00035812788  8.3807950e-05  2.8542150e-05  -0.00021613111  -5.6280423e-05  -6.9499446e-05  4.5598467e-05  0.00020646275  -0.00012677473  -0.0013734096  -0.00038381446  0.0000000   -5.2771875e-05  -5.3922856e-05  -5.0700593e-05  0.0011814956  4.5557668e-06  0.00010746015  4.7240987e-05  -3.6664335e-05  2.2289222e-05  1.4255948e-05  0.00014313155  -7.9479188e-05  -3.3917156e-06  2.5678786e-05  8.3054648e-05  1.2483712e-05  -0.00023076973  9.6745896e-07  8.8313125e-05  -0.00035812788  8.3807950e-05  2.8542150e-05  -0.00021613111  -5.6280423e-05  -6.9499446e-05  4.5598467e-05  0.00020646275  -0.00012677473  -0.0013734096  -0.00038381446  0.0000000   -5.2771875e-05  -5.3922856e-05  -5.0700593e-05  0.0011814956  
7.1016641e-06  2.9417262e-05  2.2974232e-05  -2.3732533e-05  -4.2452989e-06  3.2430206e-05  2.7692308e-05  -2.9123705e-05  6.6774835e-06  -7.9225061e-05  -0.00022334237  5.8897134e-05  -6.2752009e-05  4.4273947e-05  -0.00024748065  -0.00011806365  -0.00013375758  -2.3575485e-05  -3.0927638e-05  -1.2386292e-05  0.00025104206  1.2851190e-05  -0.00078930230  0.00031675573  -0.00046383034  -0.00019445757  5.2771875e-05  0.0000000   -2.9738647e-05  0.00059720773  0.00029419466  7.1016641e-06  2.9417262e-05  2.2974232e-05  -2.3732533e-05  -4.2452989e-06  3.2430206e-05  2.7692308e-05  -2.9123705e-05  6.6774835e-06  -7.9225061e-05  -0.00022334237  5.8897134e-05  -6.2752009e-05  4.4273947e-05  -0.00024748065  -0.00011806365  -0.00013375758  -2.3575485e-05  -3.0927638e-05  -1.2386292e-05  0.00025104206  1.2851190e-05  -0.00078930230  0.00031675573  -0.00046383034  -0.00019445757  5.2771875e-05  0.0000000   -2.9738647e-05  0.00059720773  0.00029419466  
7.6412870e-06  2.9552654e-05  -3.8922458e-05  -1.9729125e-05  -0.00014633468  0.00015360361  6.8813938e-05  8.2829885e-05  -1.6989897e-05  1.7098894e-05  -1.2721091e-05  -2.4925485e-06  0.00010688617  1.2060289e-06  3.8207049e-05  -0.00024402754  2.3206686e-05  3.2688275e-05  -7.3823930e-05  -5.0134625e-05  5.6994335e-05  -0.00056882085  4.8726482e-06  7.2243548e-05  0.00045173454  -0.00054151074  5.3922856e-05  2.9738647e-05  0.0000000   -6.5388701e-05  -0.00054599776  7.6412870e-06  2.9552654e-05  -3.8922458e-05  -1.9729125e-05  -0.00014633468  0.00015360361  6.8813938e-05  8.2829885e-05  -1.6989897e-05  1.7098894e-05  -1.2721091e-05  -2.4925485e-06  0.00010688617  1.2060289e-06  3.8207049e-05  -0.00024402754  2.3206686e-05  3.2688275e-05  -7.3823930e-05  -5.0134625e-05  5.6994335e-05  -0.00056882085  4.8726482e-06  7.2243548e-05  0.00045173454  -0.00054151074  5.3922856e-05  2.9738647e-05  0.0000000   -6.5388701e-05  -0.00054599776  
-1.1161529e-05  2.5916879e-06  1.3566292e-05  3.7039493e-06  1.6820030e-05  -1.6891139e-05  -5.6355012e-06  -2.7628261e-06  4.5205590e-05  -7.1537815e-06  0.00019156662  -3.6169935e-05  -1.4336498e-05  0.00018642382  4.8794290e-05  -2.0290506e-05  -0.00022492995  0.00010130062  -4.3876433e-06  -5.7432886e-05  -9.1927195e-05  -5.9882368e-06  0.00023931166  -0.00029054781  9.3136053e-05  -3.7620937e-05  5.0700593e-05  -0.00059720773  6.5388701e-05  0.0000000   -0.00014004301  -1.1161529e-05  2.5916879e-06  1.3566292e-05  3.7039493e-06  1.6820030e-05  -1.6891139e-05  -5.6355012e-06  -2.7628261e-06  4.5205590e-05  -7.1537815e-06  0.00019156662  -3.6169935e-05  -1.4336498e-05  0.00018642382  4.8794290e-05  -2.0290506e-05  -0.00022492995  0.00010130062  -4.3876433e-06  -5.7432886e-05  -9.1927195e-05  -5.9882368e-06  0.00023931166  -0.00029054781  9.3136053e-05  -3.7620937e-05  5.0700593e-05  -0.00059720773  6.5388701e-05  0.0000000   -0.00014004301  
8.4019949e-06  -5.0435075e-05  0.00011367006  -0.00011643040  0.00010054718  -7.0919622e-05  -2.2339705e-05  -0.00010086919  -1.7865734e-05  -4.0977299e-05  2.6310185e-05  4.3051781e-05  -0.00025773147  4.2131896e-06  6.9110305e-05  -0.00034205123  1.3634364e-07  -4.1276097e-05  -0.00021699083  -0.00043518059  -3.3009803e-05  0.00012420624  -2.4005458e-05  2.2961030e-05  -4.3792677e-05  -2.3789732e-05  -0.0011814956  -0.00029419466  0.00054599776  0.00014004301  0.0000000   8.4019949e-06  -5.0435075e-05  0.00011367006  -0.00011643040  0.00010054718  -7.0919622e-05  -2.2339705e-05  -0.00010086919  -1.7865734e-05  -4.0977299e-05  2.6310185e-05  4.3051781e-05  -0.00025773147  4.2131896e-06  6.9110305e-05  -0.00034205123  1.3634364e-07  -4.1276097e-05  -0.00021699083  -0.00043518059  -3.3009803e-05  0.00012420624  -2.4005458e-05  2.2961030e-05  -4.3792677e-05  -2.3789732e-05  -0.0011814956  -0.00029419466  0.00054599776  0.00014004301  0.0000000   
0.0000000   -5.0726484e-05  -0.00016250815  3.5891333e-05  -5.3524638e-05  -4.5194038e-05  5.6091035e-05  -2.1523107e-05  3.4005824e-05  4.0090007e-05  -9.2509364e-05  -0.00016854960  -4.0454889e-05  0.00022550965  0.00015236966  -1.7982096e-06  -0.00023983958  -0.00016873388  1.8286874e-05  -2.4308102e-05  -3.8940685e-05  2.1011834e-06  -1.1042414e-05  -2.5869212e-05  -3.9448343e-05  -1.5944757e-05  -4.5557668e-06  -7.1016641e-06  -7.6412870e-06  1.1161529e-05  -8.4019949e-06  0.0000000   -5.0726484e-05  -0.00016250815  3.5891333e-05  -5.3524638e-05  -4.5194038e-05  5.6091035e-05  -2.1523107e-05  3.4005824e-05  4.0090007e-05  -9.2509364e-05  -0.00016854960  -4.0454889e-05  0.00022550965  0.00015236966  -1.7982096e-06  -0.00023983958  -0.00016873388  1.8286874e-05  -2.4308102e-05  -3.8940685e-05  2.1011834e-06  -1.1042414e-05  -2.5869212e-05  -3.9448343e-05  -1.5944757e-05  -4.5557668e-06  -7.1016641e-06  -7.6412870e-06  1.1161529e-05  -8.4019949e-06  
5.0726484e-05  0.0000000   0.00019772192  0.0010449080  0.00029530079  0.00047659653  0.00058431110  0.00029447963  1.5858579e-05  0.00015923230  -5.4766713e-05  4.8028320e-05  -2.6385923e-05  -4.1628956e-05  2.4477530e-05  -0.00010524434  4.6419373e-05  1.6011607e-05  6.3599718e-05  0.00010927405  5.3704850e-07  0.00011450492  -9.5042429e-06  2.3279062e-06  -3.7793673e-05  -0.00011452281  -0.00010746015  -2.9417262e-05  -2.9552654e-05  -2.5916879e-06  5.0435075e-05  5.0726484e-05  0.0000000   0.00019772192  0.0010449080  0.00029530079  0.00047659653  0.00058431110  0.00029447963  1.5858579e-05  0.00015923230  -5.4766713e-05  4.8028320e-05  -2.6385923e-05  -4.1628956e-05  2.4477530e-05  -0.00010524434  4.6419373e-05  1.6011607e-05  6.3599718e-05  0.00010927405  5.3704850e-07  0.00011450492  -9.5042429e-06  2.3279062e-06  -3.7793673e-05  -0.00011452281  -0.00010746015  -2.9417262e-05  -2.9552654e-05  -2.5916879e-06  5.0435075e-05  
0.00016250815  -0.00019772192  0.0000000   0.0011135799  -0.00048342261  0.0021459001  -0.00082126567  -0.00039623789  9.6021152e-06  -0.00015498279  -2.1143973e-05  -3.5061655e-05  -4.2953500e-05  -3.4652738e-06  -1.9191696e-05  5.9919549e-05  1.3624522e-05  2.6016413e-05  -2.6754842e-05  0.00014772488  -1.7710206e-05  0.00013721984  -3.4215011e-06  -1.2207845e-05  -8.0339317e-05  1.4979684e-05  -4.7240987e-05  -2.2974232e-05  3.8922458e-05  -1.3566292e-05  -0.00011367006  0.00016250815  -0.00019772192  0.0000000   0.0011135799  -0.00048342261  0.0021459001  -0.00082126567  -0.00039623789  9.6021152e-06  -0.00015498279  -2.1143973e-05  -3.5061655e-05  -4.2953500e-05  -3.4652738e-06  -1.9191696e-05  5.9919549e-05  1.3624522e-05  2.6016413e-05  -2.6754842e-05  0.00014772488  -1.7710206e-05  0.00013721984  -3.4215011e-06  -1.2207845e-05  -8.0339317e-05  1.4979684e-05  -4.7240987e-05  -2.2974232e-05  3.8922458e-05  -1.3566292e-05  -0.00011367006  
-3.5891333e-05  -0.0010449080  -0.0011135799  0.0000000   0.0046319972  -0.00071549128  0.00022021352  -0.00034055626  3.8613172e-05  0.00014145090  -6.7665128e-05  -0.00010286182  0.00038515384  2.4667411e-05  -2.0698922e-05  -0.00023833559  4.5844506e-05  -7.7070441e-05  2.9397163e-06  3.4773850e-05  1.7787318e-07  5.8720281e-05  -1.2444510e-05  -1.3896448e-05  -8.0384077e-05  7.4219304e-05  3.6664335e-05  2.3732533e-05  1.9729125e-05  -3.7039493e-06  0.00011643040  -3.5891333e-05  -0.0010449080  -0.0011135799  0.0000000   0.0046319972  -0.00071549128  0.00022021352  -0.00034055626  3.8613172e-05  0.00014145090  -6.7665128e-05  -0.00010286182  0.00038515384  2.4667411e-05  -2.0698922e-05  -0.00023833559  4.5844506e-05  -7.7070441e-05  2.9397163e-06  3.4773850e-05  1.7787318e-07  5.8720281e-05  -1.2444510e-05  -1.3896448e-05  -8.0384077e-05  7.4219304e-05  3.6664335e-05  2.3732533e-05  1.9729125e-05  -3.7039493e-06  0.00011643040  
5.3524638e-05  -0.00029530079  0.00048342261  -0.0046319972  0.0000000   0.0043252040  0.0013793743  -0.0011051987  -1.2567236e-05  5.5914534e-05  -0.00012779573  1.3749486e-05  -0.00039572943  6.0729697e-06  0.00011878284  6.6116208e-05  -5.3963719e-05  -1.7698341e-05  8.3730778e-05  0.00050149679  3.1295438e-06  -0.00015195498  -2.0468725e-06  -2.2374936e-05  -3.2048999e-06  9.7226384e-05  -2.2289222e-05  4.2452989e-06  0.00014633468  -1.6820030e-05  -0.00010054718  5.3524638e-05  -0.00029530079  0.00048342261  -0.0046319972  0.0000000   0.0043252040  0.0013793743  -0.0011051987  -1.2567236e-05  5.5914534e-05  -0.00012779573  1.3749486e-05  -0.00039572943  6.0729697e-06  0.00011878284  6.6116208e-05  -5.3963719e-05  -1.7698341e-05  8.3730778e-05  0.00050149679  3.1295438e-06  -0.00015195498  -2.0468725e-06  -2.2374936e-05  -3.2048999e-06  9.7226384e-05  -2.2289222e-05  4.2452989e-06  0.00014633468  -1.6820030e-05  -0.00010054718  
4.5194038e-05  -0.00047659653  -0.0021459001  0.00071549128  -0.0043252040  0.0000000   0.00012364805  -0.00057500411  3.8469041e-05  3.6949044e-05  4.9192904e-05  -5.9563786e-05  9.1880780e-05  -4.1786944e-05  -3.7331125e-05  0.00026375101  2.5757340e-05  5.1825176e-05  4.0346024e-05  0.00015357687  -1.0604108e-06  6.8442807e-05  -1.2778942e-05  1.3274550e-05  -6.0327335e-05  -5.0922317e-06  -1.4255948e-05  -3.2430206e-05  -0.00015360361  1.6891139e-05  7.0919622e-05  4.5194038e-05  -0.00047659653  -0.0021459001  0.00071549128  -0.0043252040  0.0000000   0.00012364805  -0.00057500411  3.8469041e-05  3.6949044e-05  4.9192904e-05  -5.9563786e-05  9.1880780e-05  -4.1786944e-05  -3.7331125e-05  0.00026375101  2.5757340e-05  5.1825176e-05  4.0346024e-05  0.00015357687  -1.0604108e-06  6.8442807e-05  -1.2778942e-05  1.3274550e-05  -6.0327335e-05  -5.0922317e-06  -1.4255948e-05  -3.2430206e-05  -0.00015360361  1.6891139e-05  7.0919622e-05  
-5.6091035e-05  -0.00058431110  0.00082126567  -0.00022021352  -0.0013793743  -0.00012364805  0.0000000   0.0049706472  0.00043098710  0.00075901744  -0.00011980015  -5.8599501e-05  9.3220820e-05  -5.9339430e-06  3.9479043e-05  -0.00036777383  -1.7603869e-05  6.1042775e-06  3.0368327e-05  3.1535555e-05  1.6044274e-05  0.00024136469  -2.7045623e-05  -2.2318361e-05  -0.00010706232  -4.0414214e-05  -0.00014313155  -2.7692308e-05  -6.8813938e-05  5.6355012e-06  2.2339705e-05  -5.6091035e-05  -0.00058431110  0.00082126567  -0.00022021352  -0.0013793743  -0.00012364805  0.0000000   0.0049706472  0.00043098710  0.00075901744  -0.00011980015  -5.8599501e-05  9.3220820e-05  -5.9339430e-06  3.9479043e-05  -0.00036777383  -1.7603869e-05  6.1042775e-06  3.0368327e-05  3.1535555e-05  1.6044274e-05  0.00024136469  -2.7045623e-05  -2.2318361e-05  -0.00010706232  -4.0414214e-05  -0.00014313155  -2.7692308e-05  -6.8813938e-05  5.6355012e-06  2.2339705e-05  
2.1523107e-05  -0.00029447963  0.00039623789  0.00034055626  0.0011051987  0.00057500411  -0.0049706472  0.0000000   0.00063565081  -0.00035354000  1.7094561e-05  -6.6009242e-05  0.00060282401  1.6333638e-05  -0.00014146482  0.00067612433  -5.9158402e-05  3.6184729e-05  0.00018172815  -7.9195249e-05  1.0242622e-05  -2.9479181e-05  1.9248386e-05  -6.0810593e-06  0.00013275444  -3.1683484e-05  7.9479188e-05  2.9123705e-05  -8.2829885e-05  2.7628261e-06  0.00010086919  2.1523107e-05  -0.00029447963  0.00039623789  0.00034055626  0.0011051987  0.00057500411  -0.0049706472  0.0000000   0.00063565081  -0.00035354000  1.7094561e-05  -6.6009242e-05  0.00060282401  1.6333638e-05  -0.00014146482  0.00067612433  -5.9158402e-05  3.6184729e-05  0.00018172815  -7.9195249e-05  1.0242622e-05  -2.9479181e-05  1.9248386e-05  -6.0810593e-06  0.00013275444  -3.1683484e-05  7.9479188e-05  2.9123705e-05  -8.2829885e-05  2.7628261e-06  0.00010086919  
-3.4005824e-05  -1.5858579e-05  -9.6021152e-06  -3.8613172e-05  1.2567236e-05  -3.8469041e-05  -0.00043098710  -0.00063565081  0.0000000   0.0075489714  -0.0021471626  0.00024250320  5.2238892e-05  -0.00015267398  0.00025732166  0.00011477703  0.00016969631  -0.00014387901  -2.4495655e-05  -3.3406375e-05  0.00013751297  1.6593362e-05  -0.00012837156  -0.00012461048  1.5705023e-05  -2.0970516e-05  3.3917156e-06  -6.6774835e-06  1.6989897e-05  -4.5205590e-05  1.7865734e-05  -3.4005824e-05  -1.5858579e-05  -9.6021152e-06  -3.8613172e-05  1.2567236e-05  -3.8469041e-05  -0.00043098710  -0.00063565081  0.0000000   0.0075489714  -0.0021471626  0.00024250320  5.2238892e-05  -0.00015267398  0.00025732166  0.00011477703  0.00016969631  -0.00014387901  -2.4495655e-05  -3.3406375e-05  0.00013751297  1.6593362e-05  -0.00012837156  -0.00012461048  1.5705023e-05  -2.0970516e-05  3.3917156e-06  -6.6774835e-06  1.6989897e-05  -4.5205590e-05  1.7865734e-05  
-4.0090007e-05  -0.00015923230  0.00015498279  -0.00014145090  -5.5914534e-05  -3.6949044e-05  -0.00075901744  0.00035354000  -0.0075489714  0.0000000   -0.00080506367  0.00066022991  0.00017479285  0.00014198641  -0.00015697915  -3.2502237e-05  -6.8548171e-05  -0.00018407363  2.2087448e-05  2.6560036e-05  -0.00039203024  1.5949665e-05  7.9349959e-05  1.4205839e-05  1.2368025e-05  -1.4767013e-05  -2.5678786e-05  7.9225061e-05  -1.7098894e-05  7.1537815e-06  4.0977299e-05  -4.0090007e-05  -0.00015923230  0.00015498279  -0.00014145090  -5.5914534e-05  -3.6949044e-05  -0.00075901744  0.00035354000  -0.0075489714  0.0000000   -0.00080506367  0.00066022991  0.00017479285  0.00014198641  -0.00015697915  -3.2502237e-05  -6.8548171e-05  -0.00018407363  2.2087448e-05  2.6560036e-05  -0.00039203024  1.5949665e-05  7.9349959e-05  1.4205839e-05  1.2368025e-05  -1.4767013e-05  -2.5678786e-05  7.9225061e-05  -1.7098894e-05  7.1537815e-06  4.0977299e-05  
9.2509364e-05  5.4766713e-05  2.1143973e-05  6.7665128e-05  0.00012779573  -4.9192904e-05  0.00011980015  -1.7094561e-05  0.0021471626  0.00080506367  0.0000000   -0.0019156211  -0.00029193267  0.00024148646  0.00017965347  2.4900219e-05  3.2558996e-05  -0.00018115897  0.00011501659  4.8308348e-05  0.00018689362  3.9775249e-05  5.6274372e-05  6.1895266e-05  -2.8828862e-06  7.6428578e-07  -8.3054648e-05  0.00022334237  1.2721091e-05  -0.00019156662  -2.6310185e-05  9.2509364e-05  5.4766713e-05  2.1143973e-05  6.7665128e-05  0.00012779573  -4.9192904e-05  0.00011980015  -1.7094561e-05  0.0021471626  0.00080506367  0.0000000   -0.0019156211  -0.00029193267  0.00024148646  0.00017965347  2.4900219e-05  3.2558996e-05  -0.00018115897  0.00011501659  4.8308348e-05  0.00018689362  3.9775249e-05  5.6274372e-05  6.1895266e-05  -2.8828862e-06  7.6428578e-07  -8.3054648e-05  0.00022334237  1.2721091e-05  -0.00019156662  -2.6310185e-05  
