0.0000000   -0.0036712721  5.9469853e-05  0.00086922336  4.3940008e-05  -0.00091445831  0.00056135825  -0.00027020770  0.00012715105  0.00016668654  -0.00024034795  1.4610329e-05  3.5575045e-05  8.6311207e-05  8.1007262e-06  -4.2497068e-05  0.00010921102  -7.0444581e-06  0.00010224952  1.8323159e-05  9.8665145e-05  7.6838150e-07  8.1365317e-06  1.7991707e-05  -6.8579787e-05  -1.9731391e-05  -6.6917173e-07  3.0516108e-05  -6.5703100e-06  -8.2032827e-06  -7.3331237e-06  0.0000000   -0.0036712721  5.9469853e-05  0.00086922336  4.3940008e-05  -0.00091445831  0.00056135825  -0.00027020770  0.00012715105  0.00016668654  -0.00024034795  1.4610329e-05  3.5575045e-05  8.6311207e-05  8.1007262e-06  -4.2497068e-05  0.00010921102  -7.0444581e-06  0.00010224952  1.8323159e-05  9.8665145e-05  7.6838150e-07  8.1365317e-06  1.7991707e-05  -6.8579787e-05  -1.9731391e-05  -6.6917173e-07  3.0516108e-05  -6.5703100e-06  -8.2032827e-06  -7.3331237e-06  
0.0036712721  0.0000000   1.8880503e-06  -0.0025430667  4.7019859e-05  0.00078499611  0.00035928573  0.00027902845  0.00022720290  4.8846207e-05  0.00026448559  2.2986160e-06  -0.00020195804  -0.00014853404  6.5354278e-05  0.00010093764  -3.3333082e-05  3.6820477e-05  -2.7823692e-05  -1.0243656e-05  -0.00020729625  1.0879045e-05  -5.1189771e-06  -2.4281542e-05  6.5740338e-05  3.8985786e-05  5.4517619e-06  5.1701884e-05  -6.0389908e-05  2.1165773e-05  -9.6339938e-08  0.0036712721  0.0000000   1.8880503e-06  -0.0025430667  4.7019859e-05  0.00078499611  0.00035928573  0.00027902845  0.00022720290  4.8846207e-05  0.00026448559  2.2986160e-06  -0.00020195804  -0.00014853404  6.5354278e-05  0.00010093764  -3.3333082e-05  3.6820477e-05  -2.7823692e-05  -1.0243656e-05  -0.00020729625  1.0879045e-05  -5.1189771e-06  -2.4281542e-05  6.5740338e-05  3.8985786e-05  5.4517619e-06  5.1701884e-05  -6.0389908e-05  2.1165773e-05  -9.6339938e-08  
-5.9469853e-05  -1.8880503e-06  0.0000000   5.0329217e-06  -0.00023441423  -0.00012667899  -2.2644804e-05  -2.0887875e-05  1.3245291e-05  -3.2379350e-05  2.6629062e-05  -0.00026801145  2.2538819e-05  1.3958047e-05  0.00013339927  -0.00026187298  -3.8962138e-05  0.00015269950  4.0761492e-05  0.00027000283  -5.6348403e-05  7.9571294e-05  8.3893106e-05  5.0976659e-05  -5.6397016e-06  6.3706030e-06  -1.6132356e-05  1.6245994e-06  1.0165171e-05  7.7978946e-05  -3.5298675e-05  -5.9469853e-05  -1.8880503e-06  0.0000000   5.0329217e-06  -0.00023441423  -0.00012667899  -2.2644804e-05  -2.0887875e-05  1.3245291e-05  -3.2379350e-05  2.6629062e-05  -0.00026801145  2.2538819e-05  1.3958047e-05  0.00013339927  -0.00026187298  -3.8962138e-05  0.00015269950  4.0761492e-05  0.00027000283  -5.6348403e-05  7.9571294e-05  8.3893106e-05  5.0976659e-05  -5.6397016e-06  6.3706030e-06  -1.6132356e-05  1.6245994e-06  1.0165171e-05  7.7978946e-05  -3.5298675e-05  
-0.00086922336  0.0025430667  -5.0329217e-06  0.0000000   6.9940428e-05  -0.00080984055  0.00099295588  -0.00022542778  0.00077976040  0.00032312156  -0.00011452432  1.3646671e-05  -2.2812017e-05  1.8961781e-05  -8.0419878e-05  -4.6788291e-05  8.1590334e-05  3.7171649e-06  -0.00017628155  -4.5756977e-05  -0.00012896104  -1.7381169e-05  -5.9432889e-06  1.0611647e-05  -0.00016439874  -4.1301579e-05  -1.4684706e-05  -7.3283704e-05  4.9127110e-05  -6.6792513e-06  3.0300026e-07  -0.00086922336  0.0025430667  -5.0329217e-06  0.0000000   6.9940428e-05  -0.00080984055  0.00099295588  -0.00022542778  0.00077976040  0.00032312156  -0.00011452432  1.3646671e-05  -2.2812017e-05  1.8961781e-05  -8.0419878e-05  -4.6788291e-05  8.1590334e-05  3.7171649e-06  -0.00017628155  -4.5756977e-05  -0.00012896104  -1.7381169e-05  -5.9432889e-06  1.0611647e-05  -0.00016439874  -4.1301579e-05  -1.4684706e-05  -7.3283704e-05  4.9127110e-05  -6.6792513e-06  3.0300026e-07  
-4.3940008e-05  -4.7019859e-05  0.00023441423  -6.9940428e-05  0.0000000   -0.00017250252  -0.00014666372  4.5604567e-06  5.9355555e-05  0.00011997948  7.1376768e-05  -0.00020217004  1.5314892e-05  3.9145732e-06  -0.00015679151  -4.1568547e-05  -0.00013048831  0.00011951661  6.3355542e-06  0.00023023720  -7.1868482e-05  -8.7571228e-05  -0.00010982070  0.00010625816  -6.0955783e-06  -2.1150745e-05  0.00012008190  -3.0683538e-05  6.0236203e-06  -0.00013888682  -5.4950499e-06  -4.3940008e-05  -4.7019859e-05  0.00023441423  -6.9940428e-05  0.0000000   -0.00017250252  -0.00014666372  4.5604567e-06  5.9355555e-05  0.00011997948  7.1376768e-05  -0.00020217004  1.5314892e-05  3.9145732e-06  -0.00015679151  -4.1568547e-05  -0.00013048831  0.00011951661  6.3355542e-06  0.00023023720  -7.1868482e-05  -8.7571228e-05  -0.00010982070  0.00010625816  -6.0955783e-06  -2.1150745e-05  0.00012008190  -3.0683538e-05  6.0236203e-06  -0.00013888682  -5.4950499e-06  
0.00091445831  -0.00078499611  0.00012667899  0.00080984055  0.00017250252  0.0000000   0.0044953813  -0.0012308726  -0.00089406695  -0.00058303182  -0.0012213672  1.3192391e-05  -8.5181634e-05  -0.00011283155  8.4531931e-05  1.0987642e-05  -0.00017459609  -6.8771745e-06  8.9836040e-05  1.2916892e-05  0.00032301034  -1.5006553e-05  -7.5393563e-06  4.9568720e-05  0.00012979832  3.1936822e-06  3.6092125e-05  0.00015087365  -4.5590112e-05  -2.4662477e-05  -1.5423389e-05  0.00091445831  -0.00078499611  0.00012667899  0.00080984055  0.00017250252  0.0000000   0.0044953813  -0.0012308726  -0.00089406695  -0.00058303182  -0.0012213672  1.3192391e-05  -8.5181634e-05  -0.00011283155  8.4531931e-05  1.0987642e-05  -0.00017459609  -6.8771745e-06  8.9836040e-05  1.2916892e-05  0.00032301034  -1.5006553e-05  -7.5393563e-06  4.9568720e-05  0.00012979832  3.1936822e-06  3.6092125e-05  0.00015087365  -4.5590112e-05  -2.4662477e-05  -1.5423389e-05  
-0.00056135825  -0.00035928573  2.2644804e-05  -0.00099295588  0.00014666372  -0.0044953813  0.0000000   -0.00094766837  0.00056528156  0.00038766856  0.00071894173  7.6585636e-05  6.2013286e-05  -0.00010882960  5.7922059e-07  -3.5143401e-05  5.8610854e-05  -2.6475380e-05  -7.7482979e-05  -5.7934576e-05  -0.00010093549  2.8591931e-06  -1.6991837e-05  -2.5077799e-05  -6.4629670e-05  0.00019871797  5.5567773e-05  -0.00014264896  4.3633620e-05  1.5810997e-06  -1.2773996e-05  -0.00056135825  -0.00035928573  2.2644804e-05  -0.00099295588  0.00014666372  -0.0044953813  0.0000000   -0.00094766837  0.00056528156  0.00038766856  0.00071894173  7.6585636e-05  6.2013286e-05  -0.00010882960  5.7922059e-07  -3.5143401e-05  5.8610854e-05  -2.6475380e-05  -7.7482979e-05  -5.7934576e-05  -0.00010093549  2.8591931e-06  -1.6991837e-05  -2.5077799e-05  -6.4629670e-05  0.00019871797  5.5567773e-05  -0.00014264896  4.3633620e-05  1.5810997e-06  -1.2773996e-05  
0.00027020770  -0.00027902845  2.0887875e-05  0.00022542778  -4.5604567e-06  0.0012308726  0.00094766837  0.0000000   -0.0017778139  -1.8378539e-05  6.5950169e-05  -6.1241430e-05  0.00069188920  0.00067175150  2.1318137e-05  8.6245838e-05  -0.00037891119  -4.3425957e-05  0.00018342409  -4.2051865e-05  8.1880269e-05  -4.6224568e-06  4.6621346e-07  -1.1669222e-05  -2.7139014e-06  0.00018923563  5.7191688e-05  0.00019414244  8.7784651e-05  -9.9557779e-06  5.0681696e-06  0.00027020770  -0.00027902845  2.0887875e-05  0.00022542778  -4.5604567e-06  0.0012308726  0.00094766837  0.0000000   -0.0017778139  -1.8378539e-05  6.5950169e-05  -6.1241430e-05  0.00069188920  0.00067175150  2.1318137e-05  8.6245838e-05  -0.00037891119  -4.3425957e-05  0.00018342409  -4.2051865e-05  8.1880269e-05  -4.6224568e-06  4.6621346e-07  -1.1669222e-05  -2.7139014e-06  0.00018923563  5.7191688e-05  0.00019414244  8.7784651e-05  -9.9557779e-06  5.0681696e-06  
-0.00012715105  -0.00022720290  -1.3245291e-05  -0.00077976040  -5.9355555e-05  0.00089406695  -0.00056528156  0.0017778139  0.0000000   0.0038410284  0.00046439817  -0.00010305242  -0.00039390053  0.00065905061  6.2582757e-05  0.00013799491  -0.00016140129  1.1217813e-05  8.7998223e-05  2.0214632e-05  -9.9056901e-06  -4.0375603e-06  -1.2037656e-05  -4.4393667e-06  -0.00029514088  -9.2413295e-05  -1.9485783e-05  -2.1399298e-05  3.9101732e-05  -1.6343669e-06  -1.4879519e-06  -0.00012715105  -0.00022720290  -1.3245291e-05  -0.00077976040  -5.9355555e-05  0.00089406695  -0.00056528156  0.0017778139  0.0000000   0.0038410284  0.00046439817  -0.00010305242  -0.00039390053  0.00065905061  6.2582757e-05  0.00013799491  -0.00016140129  1.1217813e-05  8.7998223e-05  2.0214632e-05  -9.9056901e-06  -4.0375603e-06  -1.2037656e-05  -4.4393667e-06  -0.00029514088  -9.2413295e-05  -1.9485783e-05  -2.1399298e-05  3.9101732e-05  -1.6343669e-06  -1.4879519e-06  
-0.00016668654  -4.8846207e-05  3.2379350e-05  -0.00032312156  -0.00011997948  0.00058303182  -0.00038766856  1.8378539e-05  -0.0038410284  0.0000000   -0.0048848349  7.6288178e-05  0.00036400946  -3.8546512e-05  -5.7470901e-06  7.3051583e-05  0.00020786855  -0.00010649270  7.2806229e-05  -3.1345599e-05  0.00011206731  -7.6238520e-06  1.4110566e-07  8.3900152e-06  -0.00030012610  -0.00019141453  -4.0180470e-05  6.2216175e-06  0.00014784317  -2.4107141e-05  3.4425027e-06  -0.00016668654  -4.8846207e-05  3.2379350e-05  -0.00032312156  -0.00011997948  0.00058303182  -0.00038766856  1.8378539e-05  -0.0038410284  0.0000000   -0.0048848349  7.6288178e-05  0.00036400946  -3.8546512e-05  -5.7470901e-06  7.3051583e-05  0.00020786855  -0.00010649270  7.2806229e-05  -3.1345599e-05  0.00011206731  -7.6238520e-06  1.4110566e-07  8.3900152e-06  -0.00030012610  -0.00019141453  -4.0180470e-05  6.2216175e-06  0.00014784317  -2.4107141e-05  3.4425027e-06  
0.00024034795  -0.00026448559  -2.6629062e-05  0.00011452432  -7.1376768e-05  0.0012213672  -0.00071894173  -6.5950169e-05  -0.00046439817  0.0048848349  0.0000000   -0.00015313410  -0.00040723216  0.00066345527  0.00012941318  0.00010521037  -0.00020756372  4.0513744e-05  -0.00015422021  2.3577816e-05  7.0996702e-05  1.3395172e-05  4.3927339e-06  2.0707108e-06  -0.00012201424  8.9184643e-05  1.5654287e-05  5.1047330e-05  5.3724075e-05  -1.0070980e-05  -1.4320071e-05  0.00024034795  -0.00026448559  -2.6629062e-05  0.00011452432  -7.1376768e-05  0.0012213672  -0.00071894173  -6.5950169e-05  -0.00046439817  0.0048848349  0.0000000   -0.00015313410  -0.00040723216  0.00066345527  0.00012941318  0.00010521037  -0.00020756372  4.0513744e-05  -0.00015422021  2.3577816e-05  7.0996702e-05  1.3395172e-05  4.3927339e-06  2.0707108e-06  -0.00012201424  8.9184643e-05  1.5654287e-05  5.1047330e-05  5.3724075e-05  -1.0070980e-05  -1.4320071e-05  
-1.4610329e-05  -2.2986160e-06  0.00026801145  -1.3646671e-05  0.00020217004  -1.3192391e-05  -7.6585636e-05  6.1241430e-05  0.00010305242  -7.6288178e-05  0.00015313410  0.0000000   1.9518113e-05  0.00010989397  0.00062831988  0.00083957525  -0.00015045437  8.0683878e-05  -1.1989569e-05  -5.2719464e-05  8.2121792e-06  1.6961691e-05  -0.00012612499  0.00029693553  -1.6299421e-05  -4.8822787e-05  0.00029277461  -5.1759837e-05  6.3079287e-06  5.4896094e-05  -0.00011535409  -1.4610329e-05  -2.2986160e-06  0.00026801145  -1.3646671e-05  0.00020217004  -1.3192391e-05  -7.6585636e-05  6.1241430e-05  0.00010305242  -7.6288178e-05  0.00015313410  0.0000000   1.9518113e-05  0.00010989397  0.00062831988  0.00083957525  -0.00015045437  8.0683878e-05  -1.1989569e-05  -5.2719464e-05  8.2121792e-06  1.6961691e-05  -0.00012612499  0.00029693553  -1.6299421e-05  -4.8822787e-05  0.00029277461  -5.1759837e-05  6.3079287e-06  5.4896094e-05  -0.00011535409  
-3.5575045e-05  0.00020195804  -2.2538819e-05  2.2812017e-05  -1.5314892e-05  8.5181634e-05  -6.2013286e-05  -0.00069188920  0.00039390053  -0.00036400946  0.00040723216  -1.9518113e-05  0.0000000   -0.00073650752  -0.00017784612  -0.00099288217  0.00014467100  6.4088802e-05  -0.00050771043  8.6828609e-05  -7.2496074e-05  3.8763819e-05  3.4815072e-05  1.8795737e-05  0.00026029893  2.0754685e-05  -3.7484964e-05  -0.00020148161  -0.00040399194  2.1755495e-05  3.5281775e-06  -3.5575045e-05  0.00020195804  -2.2538819e-05  2.2812017e-05  -1.5314892e-05  8.5181634e-05  -6.2013286e-05  -0.00069188920  0.00039390053  -0.00036400946  0.00040723216  -1.9518113e-05  0.0000000   -0.00073650752  -0.00017784612  -0.00099288217  0.00014467100  6.4088802e-05  -0.00050771043  8.6828609e-05  -7.2496074e-05  3.8763819e-05  3.4815072e-05  1.8795737e-05  0.00026029893  2.0754685e-05  -3.7484964e-05  -0.00020148161  -0.00040399194  2.1755495e-05  3.5281775e-06  
-8.6311207e-05  0.00014853404  -1.3958047e-05  -1.8961781e-05  -3.9145732e-06  0.00011283155  0.00010882960  -0.00067175150  -0.00065905061  3.8546512e-05  -0.00066345527  -0.00010989397  0.00073650752  0.0000000   0.00029393994  0.00076186030  -0.0010545874  0.00013814602  -0.00026375101  -0.00017023602  -0.00025377405  -3.0017572e-05  -9.2894323e-06  -0.00016187263  0.00019418339  -1.9371840e-06  3.8752521e-06  -0.00031981073  -0.00018752408  0.00011524095  -1.3505058e-05  -8.6311207e-05  0.00014853404  -1.3958047e-05  -1.8961781e-05  -3.9145732e-06  0.00011283155  0.00010882960  -0.00067175150  -0.00065905061  3.8546512e-05  -0.00066345527  -0.00010989397  0.00073650752  0.0000000   0.00029393994  0.00076186030  -0.0010545874  0.00013814602  -0.00026375101  -0.00017023602  -0.00025377405  -3.0017572e-05  -9.2894323e-06  -0.00016187263  0.00019418339  -1.9371840e-06  3.8752521e-06  -0.00031981073  -0.00018752408  0.00011524095  -1.3505058e-05  
-8.1007262e-06  -6.5354278e-05  -0.00013339927  8.0419878e-05  0.00015679151  -8.4531931e-05  -5.7922059e-07  -2.1318137e-05  -6.2582757e-05  5.7470901e-06  -0.00012941318  -0.00062831988  0.00017784612  -0.00029393994  0.0000000   -0.0044512761  -0.0038867938  0.0013479763  0.00026833668  -0.00038506332  -0.00018259392  0.00021224887  -4.9129701e-05  -0.00086553204  7.9763786e-05  -3.8222938e-05  0.00019487909  0.00013939131  1.7435214e-05  0.00047795912  -0.00011486737  -8.1007262e-06  -6.5354278e-05  -0.00013339927  8.0419878e-05  0.00015679151  -8.4531931e-05  -5.7922059e-07  -2.1318137e-05  -6.2582757e-05  5.7470901e-06  -0.00012941318  -0.00062831988  0.00017784612  -0.00029393994  0.0000000   -0.0044512761  -0.0038867938  0.0013479763  0.00026833668  -0.00038506332  -0.00018259392  0.00021224887  -4.9129701e-05  -0.00086553204  7.9763786e-05  -3.8222938e-05  0.00019487909  0.00013939131  1.7435214e-05  0.00047795912  -0.00011486737  
4.2497068e-05  -0.00010093764  0.00026187298  4.6788291e-05  4.1568547e-05  -1.0987642e-05  3.5143401e-05  -8.6245838e-05  -0.00013799491  -7.3051583e-05  -0.00010521037  -0.00083957525  0.00099288217  -0.00076186030  0.0044512761  0.0000000   -0.020239184  -0.0015822652  0.00039279956  -0.0017378903  -0.00034257865  -0.00011461423  1.6968412e-05  -0.00059768737  0.00026243779  0.00019732579  9.5559713e-05  0.00018280057  -0.00012051767  0.00036327152  -0.00013899655  4.2497068e-05  -0.00010093764  0.00026187298  4.6788291e-05  4.1568547e-05  -1.0987642e-05  3.5143401e-05  -8.6245838e-05  -0.00013799491  -7.3051583e-05  -0.00010521037  -0.00083957525  0.00099288217  -0.00076186030  0.0044512761  0.0000000   -0.020239184  -0.0015822652  0.00039279956  -0.0017378903  -0.00034257865  -0.00011461423  1.6968412e-05  -0.00059768737  0.00026243779  0.00019732579  9.5559713e-05  0.00018280057  -0.00012051767  0.00036327152  -0.00013899655  
-0.00010921102  3.3333082e-05  3.8962138e-05  -8.1590334e-05  0.00013048831  0.00017459609  -5.8610854e-05  0.00037891119  0.00016140129  -0.00020786855  0.00020756372  0.00015045437  -0.00014467100  0.0010545874  0.0038867938  0.020239184  0.0000000   0.0010989213  -7.7506015e-05  -0.00080877661  0.00068887629  -0.00090600056  -0.00062854665  -0.00053771155  -0.00028552238  -4.6399450e-05  0.00039385515  -0.00022099095  0.00010608826  0.00031809494  1.5981759e-05  -0.00010921102  3.3333082e-05  3.8962138e-05  -8.1590334e-05  0.00013048831  0.00017459609  -5.8610854e-05  0.00037891119  0.00016140129  -0.00020786855  0.00020756372  0.00015045437  -0.00014467100  0.0010545874  0.0038867938  0.020239184  0.0000000   0.0010989213  -7.7506015e-05  -0.00080877661  0.00068887629  -0.00090600056  -0.00062854665  -0.00053771155  -0.00028552238  -4.6399450e-05  0.00039385515  -0.00022099095  0.00010608826  0.00031809494  1.5981759e-05  
7.0444581e-06  -3.6820477e-05  -0.00015269950  -3.7171649e-06  -0.00011951661  6.8771745e-06  2.6475380e-05  4.3425957e-05  -1.1217813e-05  0.00010649270  -4.0513744e-05  -8.0683878e-05  -6.4088802e-05  -0.00013814602  -0.0013479763  0.0015822652  -0.0010989213  0.0000000   0.00010934248  0.00085091860  7.8260625e-05  0.00056706716  0.00083720821  -0.00088854223  -7.4347661e-05  6.5170461e-05  -0.00016852843  8.3561323e-06  8.6333620e-06  0.00029373259  -8.0406749e-05  7.0444581e-06  -3.6820477e-05  -0.00015269950  -3.7171649e-06  -0.00011951661  6.8771745e-06  2.6475380e-05  4.3425957e-05  -1.1217813e-05  0.00010649270  -4.0513744e-05  -8.0683878e-05  -6.4088802e-05  -0.00013814602  -0.0013479763  0.0015822652  -0.0010989213  0.0000000   0.00010934248  0.00085091860  7.8260625e-05  0.00056706716  0.00083720821  -0.00088854223  -7.4347661e-05  6.5170461e-05  -0.00016852843  8.3561323e-06  8.6333620e-06  0.00029373259  -8.0406749e-05  
-0.00010224952  2.7823692e-05  -4.0761492e-05  0.00017628155  -6.3355542e-06  -8.9836040e-05  7.7482979e-05  -0.00018342409  -8.7998223e-05  -7.2806229e-05  0.00015422021  1.1989569e-05  0.00050771043  0.00026375101  -0.00026833668  -0.00039279956  7.7506015e-05  -0.00010934248  0.0000000   -0.00035361084  -0.0026581622  7.8736240e-05  7.9748101e-05  -4.3786759e-05  0.00032707817  -0.00029210898  -6.9161230e-05  0.00045364049  0.00032910363  2.2637791e-05  -1.6765342e-05  -0.00010224952  2.7823692e-05  -4.0761492e-05  0.00017628155  -6.3355542e-06  -8.9836040e-05  7.7482979e-05  -0.00018342409  -8.7998223e-05  -7.2806229e-05  0.00015422021  1.1989569e-05  0.00050771043  0.00026375101  -0.00026833668  -0.00039279956  7.7506015e-05  -0.00010934248  0.0000000   -0.00035361084  -0.0026581622  7.8736240e-05  7.9748101e-05  -4.3786759e-05  0.00032707817  -0.00029210898  -6.9161230e-05  0.00045364049  0.00032910363  2.2637791e-05  -1.6765342e-05  
-1.8323159e-05  1.0243656e-05  -0.00027000283  4.5756977e-05  -0.00023023720  -1.2916892e-05  5.7934576e-05  4.2051865e-05  -2.0214632e-05  3.1345599e-05  -2.3577816e-05  5.2719464e-05  -8.6828609e-05  0.00017023602  0.00038506332  0.0017378903  0.00080877661  -0.00085091860  0.00035361084  0.0000000   0.00018560085  -0.00098039560  -0.00026078283  -0.00070873419  -6.7628642e-05  -0.00012046125  -2.3673318e-06  7.1168050e-05  0.00014670205  0.00054281915  -3.7339710e-05  -1.8323159e-05  1.0243656e-05  -0.00027000283  4.5756977e-05  -0.00023023720  -1.2916892e-05  5.7934576e-05  4.2051865e-05  -2.0214632e-05  3.1345599e-05  -2.3577816e-05  5.2719464e-05  -8.6828609e-05  0.00017023602  0.00038506332  0.0017378903  0.00080877661  -0.00085091860  0.00035361084  0.0000000   0.00018560085  -0.00098039560  -0.00026078283  -0.00070873419  -6.7628642e-05  -0.00012046125  -2.3673318e-06  7.1168050e-05  0.00014670205  0.00054281915  -3.7339710e-05  
-9.8665145e-05  0.00020729625  5.6348403e-05  0.00012896104  7.1868482e-05  -0.00032301034  0.00010093549  -8.1880269e-05  9.9056901e-06  -0.00011206731  -7.0996702e-05  -8.2121792e-06  7.2496074e-05  0.00025377405  0.00018259392  0.00034257865  -0.00068887629  -7.8260625e-05  0.0026581622  -0.00018560085  0.0000000   0.00011190702  -8.0716079e-07  8.7638134e-05  2.4530160e-06  -0.00056189349  -2.9732628e-05  0.00045496520  0.00052291783  -0.00010534220  -9.3060590e-06  -9.8665145e-05  0.00020729625  5.6348403e-05  0.00012896104  7.1868482e-05  -0.00032301034  0.00010093549  -8.1880269e-05  9.9056901e-06  -0.00011206731  -7.0996702e-05  -8.2121792e-06  7.2496074e-05  0.00025377405  0.00018259392  0.00034257865  -0.00068887629  -7.8260625e-05  0.0026581622  -0.00018560085  0.0000000   0.00011190702  -8.0716079e-07  8.7638134e-05  2.4530160e-06  -0.00056189349  -2.9732628e-05  0.00045496520  0.00052291783  -0.00010534220  -9.3060590e-06  
-7.6838150e-07  -1.0879045e-05  -7.9571294e-05  1.7381169e-05  8.7571228e-05  1.5006553e-05  -2.8591931e-06  4.6224568e-06  4.0375603e-06  7.6238520e-06  -1.3395172e-05  -1.6961691e-05  -3.8763819e-05  3.0017572e-05  -0.00021224887  0.00011461423  0.00090600056  -0.00056706716  -7.8736240e-05  0.00098039560  -0.00011190702  0.0000000   -0.0023046369  0.00068841788  3.8667437e-05  -4.6395533e-05  0.00027780825  -4.0192743e-05  2.5392986e-05  -4.3784141e-05  2.3536251e-05  -7.6838150e-07  -1.0879045e-05  -7.9571294e-05  1.7381169e-05  8.7571228e-05  1.5006553e-05  -2.8591931e-06  4.6224568e-06  4.0375603e-06  7.6238520e-06  -1.3395172e-05  -1.6961691e-05  -3.8763819e-05  3.0017572e-05  -0.00021224887  0.00011461423  0.00090600056  -0.00056706716  -7.8736240e-05  0.00098039560  -0.00011190702  0.0000000   -0.0023046369  0.00068841788  3.8667437e-05  -4.6395533e-05  0.00027780825  -4.0192743e-05  2.5392986e-05  -4.3784141e-05  2.3536251e-05  
-8.1365317e-06  5.1189771e-06  -8.3893106e-05  5.9432889e-06  0.00010982070  7.5393563e-06  1.6991837e-05  -4.6621346e-07  1.2037656e-05  -1.4110566e-07  -4.3927339e-06  0.00012612499  -3.4815072e-05  9.2894323e-06  4.9129701e-05  -1.6968412e-05  0.00062854665  -0.00083720821  -7.9748101e-05  0.00026078283  8.0716079e-07  0.0023046369  0.0000000   -0.00019156082  -9.3729361e-05  -0.00015811698  0.00072858164  -7.6203115e-05  -2.9409357e-05  0.00021377026  -5.2827345e-05  -8.1365317e-06  5.1189771e-06  -8.3893106e-05  5.9432889e-06  0.00010982070  7.5393563e-06  1.6991837e-05  -4.6621346e-07  1.2037656e-05  -1.4110566e-07  -4.3927339e-06  0.00012612499  -3.4815072e-05  9.2894323e-06  4.9129701e-05  -1.6968412e-05  0.00062854665  -0.00083720821  -7.9748101e-05  0.00026078283  8.0716079e-07  0.0023046369  0.0000000   -0.00019156082  -9.3729361e-05  -0.00015811698  0.00072858164  -7.6203115e-05  -2.9409357e-05  0.00021377026  -5.2827345e-05  
-1.7991707e-05  2.4281542e-05  -5.0976659e-05  -1.0611647e-05  -0.00010625816  -4.9568720e-05  2.5077799e-05  1.1669222e-05  4.4393667e-06  -8.3900152e-06  -2.0707108e-06  -0.00029693553  -1.8795737e-05  0.00016187263  0.00086553204  0.00059768737  0.00053771155  0.00088854223  4.3786759e-05  0.00070873419  -8.7638134e-05  -0.00068841788  0.00019156082  0.0000000   -1.9765169e-05  0.00032314881  -0.0013814301  0.00017165608  0.00010689515  0.00089224719  0.00069412427  -1.7991707e-05  2.4281542e-05  -5.0976659e-05  -1.0611647e-05  -0.00010625816  -4.9568720e-05  2.5077799e-05  1.1669222e-05  4.4393667e-06  -8.3900152e-06  -2.0707108e-06  -0.00029693553  -1.8795737e-05  0.00016187263  0.00086553204  0.00059768737  0.00053771155  0.00088854223  4.3786759e-05  0.00070873419  -8.7638134e-05  -0.00068841788  0.00019156082  0.0000000   -1.9765169e-05  0.00032314881  -0.0013814301  0.00017165608  0.00010689515  0.00089224719  0.00069412427  
6.8579787e-05  -6.5740338e-05  5.6397016e-06  0.00016439874  6.0955783e-06  -0.00012979832  6.4629670e-05  2.7139014e-06  0.00029514088  0.00030012610  0.00012201424  1.6299421e-05  -0.00026029893  -0.00019418339  -7.9763786e-05  -0.00026243779  0.00028552238  7.4347661e-05  -0.00032707817  6.7628642e-05  -2.4530160e-06  -3.8667437e-05  9.3729361e-05  1.9765169e-05  0.0000000   0.00031618359  0.00015809388  0.0011333040  -9.1367876e-05  -8.2077153e-05  9.2481503e-06  6.8579787e-05  -6.5740338e-05  5.6397016e-06  0.00016439874  6.0955783e-06  -0.00012979832  6.4629670e-05  2.7139014e-06  0.00029514088  0.00030012610  0.00012201424  1.6299421e-05  -0.00026029893  -0.00019418339  -7.9763786e-05  -0.00026243779  0.00028552238  7.4347661e-05  -0.00032707817  6.7628642e-05  -2.4530160e-06  -3.8667437e-05  9.3729361e-05  1.9765169e-05  0.0000000   0.00031618359  0.00015809388  0.0011333040  -9.1367876e-05  -8.2077153e-05  9.2481503e-06  
1.9731391e-05  -3.8985786e-05  -6.3706030e-06  4.1301579e-05  2.1150745e-05  -3.1936822e-06  -0.00019871797  -0.00018923563  9.2413295e-05  0.00019141453  -8.9184643e-05  4.8822787e-05  -2.0754685e-05  1.9371840e-06  3.8222938e-05  -0.00019732579  4.6399450e-05  -6.5170461e-05  0.00029210898  0.00012046125  0.00056189349  4.6395533e-05  0.00015811698  -0.00032314881  -0.00031618359  0.0000000   -1.1696843e-05  0.00017582447  0.00016090607  -8.2488656e-05  0.00012030850  1.9731391e-05  -3.8985786e-05  -6.3706030e-06  4.1301579e-05  2.1150745e-05  -3.1936822e-06  -0.00019871797  -0.00018923563  9.2413295e-05  0.00019141453  -8.9184643e-05  4.8822787e-05  -2.0754685e-05  1.9371840e-06  3.8222938e-05  -0.00019732579  4.6399450e-05  -6.5170461e-05  0.00029210898  0.00012046125  0.00056189349  4.6395533e-05  0.00015811698  -0.00032314881  -0.00031618359  0.0000000   -1.1696843e-05  0.00017582447  0.00016090607  -8.2488656e-05  0.00012030850  
6.6917173e-07  -5.4517619e-06  1.6132356e-05  1.4684706e-05  -0.00012008190  -3.6092125e-05  -5.5567773e-05  -5.7191688e-05  1.9485783e-05  4.0180470e-05  -1.5654287e-05  -0.00029277461  3.7484964e-05  -3.8752521e-06  -0.00019487909  -9.5559713e-05  -0.00039385515  0.00016852843  6.9161230e-05  2.3673318e-06  2.9732628e-05  -0.00027780825  -0.00072858164  0.0013814301  -0.00015809388  1.1696843e-05  0.0000000   7.5787858e-06  0.00032486620  0.00042577572  -0.00046917621  6.6917173e-07  -5.4517619e-06  1.6132356e-05  1.4684706e-05  -0.00012008190  -3.6092125e-05  -5.5567773e-05  -5.7191688e-05  1.9485783e-05  4.0180470e-05  -1.5654287e-05  -0.00029277461  3.7484964e-05  -3.8752521e-06  -0.00019487909  -9.5559713e-05  -0.00039385515  0.00016852843  6.9161230e-05  2.3673318e-06  2.9732628e-05  -0.00027780825  -0.00072858164  0.0013814301  -0.00015809388  1.1696843e-05  0.0000000   7.5787858e-06  0.00032486620  0.00042577572  -0.00046917621  
-3.0516108e-05  -5.1701884e-05  -1.6245994e-06  7.3283704e-05  3.0683538e-05  -0.00015087365  0.00014264896  -0.00019414244  2.1399298e-05  -6.2216175e-06  -5.1047330e-05  5.1759837e-05  0.00020148161  0.00031981073  -0.00013939131  -0.00018280057  0.00022099095  -8.3561323e-06  -0.00045364049  -7.1168050e-05  -0.00045496520  4.0192743e-05  7.6203115e-05  -0.00017165608  -0.0011333040  -0.00017582447  -7.5787858e-06  0.0000000   0.0025437544  -0.00012458539  -2.1874715e-05  -3.0516108e-05  -5.1701884e-05  -1.6245994e-06  7.3283704e-05  3.0683538e-05  -0.00015087365  0.00014264896  -0.00019414244  2.1399298e-05  -6.2216175e-06  -5.1047330e-05  5.1759837e-05  0.00020148161  0.00031981073  -0.00013939131  -0.00018280057  0.00022099095  -8.3561323e-06  -0.00045364049  -7.1168050e-05  -0.00045496520  4.0192743e-05  7.6203115e-05  -0.00017165608  -0.0011333040  -0.00017582447  -7.5787858e-06  0.0000000   0.0025437544  -0.00012458539  -2.1874715e-05  
6.5703100e-06  6.0389908e-05  -1.0165171e-05  -4.9127110e-05  -6.0236203e-06  4.5590112e-05  -4.3633620e-05  -8.7784651e-05  -3.9101732e-05  -0.00014784317  -5.3724075e-05  -6.3079287e-06  0.00040399194  0.00018752408  -1.7435214e-05  0.00012051767  -0.00010608826  -8.6333620e-06  -0.00032910363  -0.00014670205  -0.00052291783  -2.5392986e-05  2.9409357e-05  -0.00010689515  9.1367876e-05  -0.00016090607  -0.00032486620  -0.0025437544  0.0000000   7.2770591e-05  3.4820175e-05  6.5703100e-06  6.0389908e-05  -1.0165171e-05  -4.9127110e-05  -6.0236203e-06  4.5590112e-05  -4.3633620e-05  -8.7784651e-05  -3.9101732e-05  -0.00014784317  -5.3724075e-05  -6.3079287e-06  0.00040399194  0.00018752408  -1.7435214e-05  0.00012051767  -0.00010608826  -8.6333620e-06  -0.00032910363  -0.00014670205  -0.00052291783  -2.5392986e-05  2.9409357e-05  -0.00010689515  9.1367876e-05  -0.00016090607  -0.00032486620  -0.0025437544  0.0000000   7.2770591e-05  3.4820175e-05  
8.2032827e-06  -2.1165773e-05  -7.7978946e-05  6.6792513e-06  0.00013888682  2.4662477e-05  -1.5810997e-06  9.9557779e-06  1.6343669e-06  2.4107141e-05  1.0070980e-05  -5.4896094e-05  -2.1755495e-05  -0.00011524095  -0.00047795912  -0.00036327152  -0.00031809494  -0.00029373259  -2.2637791e-05  -0.00054281915  0.00010534220  4.3784141e-05  -0.00021377026  -0.00089224719  8.2077153e-05  8.2488656e-05  -0.00042577572  0.00012458539  -7.2770591e-05  0.0000000   -0.0016306034  8.2032827e-06  -2.1165773e-05  -7.7978946e-05  6.6792513e-06  0.00013888682  2.4662477e-05  -1.5810997e-06  9.9557779e-06  1.6343669e-06  2.4107141e-05  1.0070980e-05  -5.4896094e-05  -2.1755495e-05  -0.00011524095  -0.00047795912  -0.00036327152  -0.00031809494  -0.00029373259  -2.2637791e-05  -0.00054281915  0.00010534220  4.3784141e-05  -0.00021377026  -0.00089224719  8.2077153e-05  8.2488656e-05  -0.00042577572  0.00012458539  -7.2770591e-05  0.0000000   -0.0016306034  
7.3331237e-06  9.6339938e-08  3.5298675e-05  -3.0300026e-07  5.4950499e-06  1.5423389e-05  1.2773996e-05  -5.0681696e-06  1.4879519e-06  -3.4425027e-06  1.4320071e-05  0.00011535409  -3.5281775e-06  1.3505058e-05  0.00011486737  0.00013899655  -1.5981759e-05  8.0406749e-05  1.6765342e-05  3.7339710e-05  9.3060590e-06  -2.3536251e-05  5.2827345e-05  -0.00069412427  -9.2481503e-06  -0.00012030850  0.00046917621  2.1874715e-05  -3.4820175e-05  0.0016306034  0.0000000   7.3331237e-06  9.6339938e-08  3.5298675e-05  -3.0300026e-07  5.4950499e-06  1.5423389e-05  1.2773996e-05  -5.0681696e-06  1.4879519e-06  -3.4425027e-06  1.4320071e-05  0.00011535409  -3.5281775e-06  1.3505058e-05  0.00011486737  0.00013899655  -1.5981759e-05  8.0406749e-05  1.6765342e-05  3.7339710e-05  9.3060590e-06  -2.3536251e-05  5.2827345e-05  -0.00069412427  -9.2481503e-06  -0.00012030850  0.00046917621  2.1874715e-05  -3.4820175e-05  0.0016306034  0.0000000   
0.0000000   -0.0036712721  5.9469853e-05  0.00086922336  4.3940008e-05  -0.00091445831  0.00056135825  -0.00027020770  0.00012715105  0.00016668654  -0.00024034795  1.4610329e-05  3.5575045e-05  8.6311207e-05  8.1007262e-06  -4.2497068e-05  0.00010921102  -7.0444581e-06  0.00010224952  1.8323159e-05  9.8665145e-05  7.6838150e-07  8.1365317e-06  1.7991707e-05  -6.8579787e-05  -1.9731391e-05  -6.6917173e-07  3.0516108e-05  -6.5703100e-06  -8.2032827e-06  -7.3331237e-06  0.0000000   -0.0036712721  5.9469853e-05  0.00086922336  4.3940008e-05  -0.00091445831  0.00056135825  -0.00027020770  0.00012715105  0.00016668654  -0.00024034795  1.4610329e-05  3.5575045e-05  8.6311207e-05  8.1007262e-06  -4.2497068e-05  0.00010921102  -7.0444581e-06  0.00010224952  1.8323159e-05  9.8665145e-05  7.6838150e-07  8.1365317e-06  1.7991707e-05  -6.8579787e-05  -1.9731391e-05  -6.6917173e-07  3.0516108e-05  -6.5703100e-06  -8.2032827e-06  -7.3331237e-06  
0.0036712721  0.0000000   1.8880503e-06  -0.0025430667  4.7019859e-05  0.00078499611  0.00035928573  0.00027902845  0.00022720290  4.8846207e-05  0.00026448559  2.2986160e-06  -0.00020195804  -0.00014853404  6.5354278e-05  0.00010093764  -3.3333082e-05  3.6820477e-05  -2.7823692e-05  -1.0243656e-05  -0.00020729625  1.0879045e-05  -5.1189771e-06  -2.4281542e-05  6.5740338e-05  3.8985786e-05  5.4517619e-06  5.1701884e-05  -6.0389908e-05  2.1165773e-05  -9.6339938e-08  0.0036712721  0.0000000   1.8880503e-06  -0.0025430667  4.7019859e-05  0.00078499611  0.00035928573  0.00027902845  0.00022720290  4.8846207e-05  0.00026448559  2.2986160e-06  -0.00020195804  -0.00014853404  6.5354278e-05  0.00010093764  -3.3333082e-05  3.6820477e-05  -2.7823692e-05  -1.0243656e-05  -0.00020729625  1.0879045e-05  -5.1189771e-06  -2.4281542e-05  6.5740338e-05  3.8985786e-05  5.4517619e-06  5.1701884e-05  -6.0389908e-05  2.1165773e-05  -9.6339938e-08  
-5.9469853e-05  -1.8880503e-06  0.0000000   5.0329217e-06  -0.00023441423  -0.00012667899  -2.2644804e-05  -2.0887875e-05  1.3245291e-05  -3.2379350e-05  2.6629062e-05  -0.00026801145  2.2538819e-05  1.3958047e-05  0.00013339927  -0.00026187298  -3.8962138e-05  0.00015269950  4.0761492e-05  0.00027000283  -5.6348403e-05  7.9571294e-05  8.3893106e-05  5.0976659e-05  -5.6397016e-06  6.3706030e-06  -1.6132356e-05  1.6245994e-06  1.0165171e-05  7.7978946e-05  -3.5298675e-05  -5.9469853e-05  -1.8880503e-06  0.0000000   5.0329217e-06  -0.00023441423  -0.00012667899  -2.2644804e-05  -2.0887875e-05  1.3245291e-05  -3.2379350e-05  2.6629062e-05  -0.00026801145  2.2538819e-05  1.3958047e-05  0.00013339927  -0.00026187298  -3.8962138e-05  0.00015269950  4.0761492e-05  0.00027000283  -5.6348403e-05  7.9571294e-05  8.3893106e-05  5.0976659e-05  -5.6397016e-06  6.3706030e-06  -1.6132356e-05  1.6245994e-06  1.0165171e-05  7.7978946e-05  -3.5298675e-05  
-0.00086922336  0.0025430667  -5.0329217e-06  0.0000000   6.9940428e-05  -0.00080984055  0.00099295588  -0.00022542778  0.00077976040  0.00032312156  -0.00011452432  1.3646671e-05  -2.2812017e-05  1.8961781e-05  -8.0419878e-05  -4.6788291e-05  8.1590334e-05  3.7171649e-06  -0.00017628155  -4.5756977e-05  -0.00012896104  -1.7381169e-05  -5.9432889e-06  1.0611647e-05  -0.00016439874  -4.1301579e-05  -1.4684706e-05  -7.3283704e-05  4.9127110e-05  -6.6792513e-06  3.0300026e-07  -0.00086922336  0.0025430667  -5.0329217e-06  0.0000000   6.9940428e-05  -0.00080984055  0.00099295588  -0.00022542778  0.00077976040  0.00032312156  -0.00011452432  1.3646671e-05  -2.2812017e-05  1.8961781e-05  -8.0419878e-05  -4.6788291e-05  8.1590334e-05  3.7171649e-06  -0.00017628155  -4.5756977e-05  -0.00012896104  -1.7381169e-05  -5.9432889e-06  1.0611647e-05  -0.00016439874  -4.1301579e-05  -1.4684706e-05  -7.3283704e-05  4.9127110e-05  -6.6792513e-06  3.0300026e-07  
-4.3940008e-05  -4.7019859e-05  0.00023441423  -6.9940428e-05  0.0000000   -0.00017250252  -0.00014666372  4.5604567e-06  5.9355555e-05  0.00011997948  7.1376768e-05  -0.00020217004  1.5314892e-05  3.9145732e-06  -0.00015679151  -4.1568547e-05  -0.00013048831  0.00011951661  6.3355542e-06  0.00023023720  -7.1868482e-05  -8.7571228e-05  -0.00010982070  0.00010625816  -6.0955783e-06  -2.1150745e-05  0.00012008190  -3.0683538e-05  6.0236203e-06  -0.00013888682  -5.4950499e-06  -4.3940008e-05  -4.7019859e-05  0.00023441423  -6.9940428e-05  0.0000000   -0.00017250252  -0.00014666372  4.5604567e-06  5.9355555e-05  0.00011997948  7.1376768e-05  -0.00020217004  1.5314892e-05  3.9145732e-06  -0.00015679151  -4.1568547e-05  -0.00013048831  0.00011951661  6.3355542e-06  0.00023023720  -7.1868482e-05  -8.7571228e-05  -0.00010982070  0.00010625816  -6.0955783e-06  -2.1150745e-05  0.00012008190  -3.0683538e-05  6.0236203e-06  -0.00013888682  -5.4950499e-06  
0.00091445831  -0.00078499611  0.00012667899  0.00080984055  0.00017250252  0.0000000   0.0044953813  -0.0012308726  -0.00089406695  -0.00058303182  -0.0012213672  1.3192391e-05  -8.5181634e-05  -0.00011283155  8.4531931e-05  1.0987642e-05  -0.00017459609  -6.8771745e-06  8.9836040e-05  1.2916892e-05  0.00032301034  -1.5006553e-05  -7.5393563e-06  4.9568720e-05  0.00012979832  3.1936822e-06  3.6092125e-05  0.00015087365  -4.5590112e-05  -2.4662477e-05  -1.5423389e-05  0.00091445831  -0.00078499611  0.00012667899  0.00080984055  0.00017250252  0.0000000   0.0044953813  -0.0012308726  -0.00089406695  -0.00058303182  -0.0012213672  1.3192391e-05  -8.5181634e-05  -0.00011283155  8.4531931e-05  1.0987642e-05  -0.00017459609  -6.8771745e-06  8.9836040e-05  1.2916892e-05  0.00032301034  -1.5006553e-05  -7.5393563e-06  4.9568720e-05  0.00012979832  3.1936822e-06  3.6092125e-05  0.00015087365  -4.5590112e-05  -2.4662477e-05  -1.5423389e-05  
-0.00056135825  -0.00035928573  2.2644804e-05  -0.00099295588  0.00014666372  -0.0044953813  0.0000000   -0.00094766837  0.00056528156  0.00038766856  0.00071894173  7.6585636e-05  6.2013286e-05  -0.00010882960  5.7922059e-07  -3.5143401e-05  5.8610854e-05  -2.6475380e-05  -7.7482979e-05  -5.7934576e-05  -0.00010093549  2.8591931e-06  -1.6991837e-05  -2.5077799e-05  -6.4629670e-05  0.00019871797  5.5567773e-05  -0.00014264896  4.3633620e-05  1.5810997e-06  -1.2773996e-05  -0.00056135825  -0.00035928573  2.2644804e-05  -0.00099295588  0.00014666372  -0.0044953813  0.0000000   -0.00094766837  0.00056528156  0.00038766856  0.00071894173  7.6585636e-05  6.2013286e-05  -0.00010882960  5.7922059e-07  -3.5143401e-05  5.8610854e-05  -2.6475380e-05  -7.7482979e-05  -5.7934576e-05  -0.00010093549  2.8591931e-06  -1.6991837e-05  -2.5077799e-05  -6.4629670e-05  0.00019871797  5.5567773e-05  -0.00014264896  4.3633620e-05  1.5810997e-06  -1.2773996e-05  
0.00027020770  -0.00027902845  2.0887875e-05  0.00022542778  -4.5604567e-06  0.0012308726  0.00094766837  0.0000000   -0.0017778139  -1.8378539e-05  6.5950169e-05  -6.1241430e-05  0.00069188920  0.00067175150  2.1318137e-05  8.6245838e-05  -0.00037891119  -4.3425957e-05  0.00018342409  -4.2051865e-05  8.1880269e-05  -4.6224568e-06  4.6621346e-07  -1.1669222e-05  -2.7139014e-06  0.00018923563  5.7191688e-05  0.00019414244  8.7784651e-05  -9.9557779e-06  5.0681696e-06  0.00027020770  -0.00027902845  2.0887875e-05  0.00022542778  -4.5604567e-06  0.0012308726  0.00094766837  0.0000000   -0.0017778139  -1.8378539e-05  6.5950169e-05  -6.1241430e-05  0.00069188920  0.00067175150  2.1318137e-05  8.6245838e-05  -0.00037891119  -4.3425957e-05  0.00018342409  -4.2051865e-05  8.1880269e-05  -4.6224568e-06  4.6621346e-07  -1.1669222e-05  -2.7139014e-06  0.00018923563  5.7191688e-05  0.00019414244  8.7784651e-05  -9.9557779e-06  5.0681696e-06  
-0.00012715105  -0.00022720290  -1.3245291e-05  -0.00077976040  -5.9355555e-05  0.00089406695  -0.00056528156  0.0017778139  0.0000000   0.0038410284  0.00046439817  -0.00010305242  -0.00039390053  0.00065905061  6.2582757e-05  0.00013799491  -0.00016140129  1.1217813e-05  8.7998223e-05  2.0214632e-05  -9.9056901e-06  -4.0375603e-06  -1.2037656e-05  -4.4393667e-06  -0.00029514088  -9.2413295e-05  -1.9485783e-05  -2.1399298e-05  3.9101732e-05  -1.6343669e-06  -1.4879519e-06  -0.00012715105  -0.00022720290  -1.3245291e-05  -0.00077976040  -5.9355555e-05  0.00089406695  -0.00056528156  0.0017778139  0.0000000   0.0038410284  0.00046439817  -0.00010305242  -0.00039390053  0.00065905061  6.2582757e-05  0.00013799491  -0.00016140129  1.1217813e-05  8.7998223e-05  2.0214632e-05  -9.9056901e-06  -4.0375603e-06  -1.2037656e-05  -4.4393667e-06  -0.00029514088  -9.2413295e-05  -1.9485783e-05  -2.1399298e-05  3.9101732e-05  -1.6343669e-06  -1.4879519e-06  
-0.00016668654  -4.8846207e-05  3.2379350e-05  -0.00032312156  -0.00011997948  0.00058303182  -0.00038766856  1.8378539e-05  -0.0038410284  0.0000000   -0.0048848349  7.6288178e-05  0.00036400946  -3.8546512e-05  -5.7470901e-06  7.3051583e-05  0.00020786855  -0.00010649270  7.2806229e-05  -3.1345599e-05  0.00011206731  -7.6238520e-06  1.4110566e-07  8.3900152e-06  -0.00030012610  -0.00019141453  -4.0180470e-05  6.2216175e-06  0.00014784317  -2.4107141e-05  3.4425027e-06  -0.00016668654  -4.8846207e-05  3.2379350e-05  -0.00032312156  -0.00011997948  0.00058303182  -0.00038766856  1.8378539e-05  -0.0038410284  0.0000000   -0.0048848349  7.6288178e-05  0.00036400946  -3.8546512e-05  -5.7470901e-06  7.3051583e-05  0.00020786855  -0.00010649270  7.2806229e-05  -3.1345599e-05  0.00011206731  -7.6238520e-06  1.4110566e-07  8.3900152e-06  -0.00030012610  -0.00019141453  -4.0180470e-05  6.2216175e-06  0.00014784317  -2.4107141e-05  3.4425027e-06  
0.00024034795  -0.00026448559  -2.6629062e-05  0.00011452432  -7.1376768e-05  0.0012213672  -0.00071894173  -6.5950169e-05  -0.00046439817  0.0048848349  0.0000000   -0.00015313410  -0.00040723216  0.00066345527  0.00012941318  0.00010521037  -0.00020756372  4.0513744e-05  -0.00015422021  2.3577816e-05  7.0996702e-05  1.3395172e-05  4.3927339e-06  2.0707108e-06  -0.00012201424  8.9184643e-05  1.5654287e-05  5.1047330e-05  5.3724075e-05  -1.0070980e-05  -1.4320071e-05  0.00024034795  -0.00026448559  -2.6629062e-05  0.00011452432  -7.1376768e-05  0.0012213672  -0.00071894173  -6.5950169e-05  -0.00046439817  0.0048848349  0.0000000   -0.00015313410  -0.00040723216  0.00066345527  0.00012941318  0.00010521037  -0.00020756372  4.0513744e-05  -0.00015422021  2.3577816e-05  7.0996702e-05  1.3395172e-05  4.3927339e-06  2.0707108e-06  -0.00012201424  8.9184643e-05  1.5654287e-05  5.1047330e-05  5.3724075e-05  -1.0070980e-05  -1.4320071e-05  
