0.0000000   0.00012542619  -0.00044459209  -0.00016194659  5.5354569e-05  2.1938463e-07  -9.2304717e-05  0.00015464444  -2.3092024e-05  0.00012752835  8.5453805e-06  -4.8996244e-05  8.5783764e-05  0.00015820737  -0.00011802864  -1.7898064e-05  0.00022632738  -3.5489601e-05  6.9610943e-06  -0.00023754795  4.0764623e-05  6.0046205e-05  -3.9061141e-06  4.7366832e-06  -2.0937555e-05  7.8808888e-05  1.9390707e-06  -5.3412431e-05  0.00021887095  2.9507072e-05  -1.9825029e-06  0.0000000   0.00012542619  -0.00044459209  -0.00016194659  5.5354569e-05  2.1938463e-07  -9.2304717e-05  0.00015464444  -2.3092024e-05  0.00012752835  8.5453805e-06  -4.8996244e-05  8.5783764e-05  0.00015820737  -0.00011802864  -1.7898064e-05  0.00022632738  -3.5489601e-05  6.9610943e-06  -0.00023754795  4.0764623e-05  6.0046205e-05  -3.9061141e-06  4.7366832e-06  -2.0937555e-05  7.8808888e-05  1.9390707e-06  -5.3412431e-05  0.00021887095  2.9507072e-05  -1.9825029e-06  
-0.00012542619  0.0000000   0.0080926809  0.00086785288  -0.00042514975  0.00081867401  0.00017747575  -0.0017054310  0.00038055612  0.00020076513  -3.9467151e-05  0.00051950835  -1.0815117e-05  0.00022253215  0.00012399240  -0.00015016971  -8.4738248e-05  -4.9770003e-05  -0.00026979992  0.00013288442  -0.00010539355  -0.00039985401  0.00014754270  1.0740817e-05  0.00031289189  4.5537372e-05  -1.1012647e-05  -0.00028288055  -0.00017996418  -5.3918705e-05  -2.6147750e-05  -0.00012542619  0.0000000   0.0080926809  0.00086785288  -0.00042514975  0.00081867401  0.00017747575  -0.0017054310  0.00038055612  0.00020076513  -3.9467151e-05  0.00051950835  -1.0815117e-05  0.00022253215  0.00012399240  -0.00015016971  -8.4738248e-05  -4.9770003e-05  -0.00026979992  0.00013288442  -0.00010539355  -0.00039985401  0.00014754270  1.0740817e-05  0.00031289189  4.5537372e-05  -1.1012647e-05  -0.00028288055  -0.00017996418  -5.3918705e-05  -2.6147750e-05  
0.00044459209  -0.0080926809  0.0000000   0.0081977015  -0.00031054319  -2.3005551e-05  0.00065284628  1.6682093e-07  0.0010416981  -0.00022008634  -0.00022693717  0.00036152784  -8.0750005e-05  -3.4203158e-05  -8.0357872e-05  -0.00012304934  3.7966025e-06  4.1634639e-06  -0.00015181469  6.7810165e-05  0.00015843130  -0.00045152724  8.2663170e-05  6.5157937e-05  0.00036462567  3.8079071e-05  -4.8279100e-05  -3.5538408e-06  -3.8487101e-05  -0.00026781899  0.00044696931  0.00044459209  -0.0080926809  0.0000000   0.0081977015  -0.00031054319  -2.3005551e-05  0.00065284628  1.6682093e-07  0.0010416981  -0.00022008634  -0.00022693717  0.00036152784  -8.0750005e-05  -3.4203158e-05  -8.0357872e-05  -0.00012304934  3.7966025e-06  4.1634639e-06  -0.00015181469  6.7810165e-05  0.00015843130  -0.00045152724  8.2663170e-05  6.5157937e-05  0.00036462567  3.8079071e-05  -4.8279100e-05  -3.5538408e-06  -3.8487101e-05  -0.00026781899  0.00044696931  
0.00016194659  -0.00086785288  -0.0081977015  0.0000000   0.00033899251  -0.0023933629  -0.00022327576  -0.0034983813  -0.00015328869  0.00022284908  -0.00032573422  0.00065925553  -0.00017793896  0.00024307957  0.00012724589  -7.6793029e-05  -9.7092229e-05  8.1995062e-05  -0.00034244614  6.5833377e-06  -0.00028786291  -0.00042295586  3.7992195e-05  -1.1984453e-05  0.00027749310  -3.6064607e-05  9.5861199e-05  -0.00032226207  -0.00014310416  -4.2431596e-06  -8.5487365e-05  0.00016194659  -0.00086785288  -0.0081977015  0.0000000   0.00033899251  -0.0023933629  -0.00022327576  -0.0034983813  -0.00015328869  0.00022284908  -0.00032573422  0.00065925553  -0.00017793896  0.00024307957  0.00012724589  -7.6793029e-05  -9.7092229e-05  8.1995062e-05  -0.00034244614  6.5833377e-06  -0.00028786291  -0.00042295586  3.7992195e-05  -1.1984453e-05  0.00027749310  -3.6064607e-05  9.5861199e-05  -0.00032226207  -0.00014310416  -4.2431596e-06  -8.5487365e-05  
-5.5354569e-05  0.00042514975  0.00031054319  -0.00033899251  0.0000000   0.00076412568  -0.0019727363  0.00038411177  0.00011841133  0.00034633330  8.2399322e-05  -0.00024281856  0.00051905998  0.00075770406  0.00065368512  0.00047410199  -0.00032685410  1.3096486e-05  3.7396517e-05  0.00068622691  -0.00012813468  1.2643464e-05  0.00015870846  0.00022535658  -2.5805829e-05  -7.6083709e-06  6.2372810e-06  0.00011406638  -0.00024110318  -1.5843049e-05  -2.8492232e-05  -5.5354569e-05  0.00042514975  0.00031054319  -0.00033899251  0.0000000   0.00076412568  -0.0019727363  0.00038411177  0.00011841133  0.00034633330  8.2399322e-05  -0.00024281856  0.00051905998  0.00075770406  0.00065368512  0.00047410199  -0.00032685410  1.3096486e-05  3.7396517e-05  0.00068622691  -0.00012813468  1.2643464e-05  0.00015870846  0.00022535658  -2.5805829e-05  -7.6083709e-06  6.2372810e-06  0.00011406638  -0.00024110318  -1.5843049e-05  -2.8492232e-05  
-2.1938463e-07  -0.00081867401  2.3005551e-05  0.0023933629  -0.00076412568  0.0000000   0.00094685745  -0.0050395978  -0.0022349225  0.00076991575  0.00079952688  0.00061864192  -6.9049824e-05  0.00019510473  0.00027310351  8.6315013e-05  -0.00021611417  4.8723250e-05  0.00016825062  0.00024697919  1.5073337e-05  -0.00014656876  3.3129444e-05  -0.00014271946  9.9008851e-05  1.0801258e-05  8.1911526e-06  -0.00018952648  -0.00017223784  9.6900873e-06  -0.00033569995  -2.1938463e-07  -0.00081867401  2.3005551e-05  0.0023933629  -0.00076412568  0.0000000   0.00094685745  -0.0050395978  -0.0022349225  0.00076991575  0.00079952688  0.00061864192  -6.9049824e-05  0.00019510473  0.00027310351  8.6315013e-05  -0.00021611417  4.8723250e-05  0.00016825062  0.00024697919  1.5073337e-05  -0.00014656876  3.3129444e-05  -0.00014271946  9.9008851e-05  1.0801258e-05  8.1911526e-06  -0.00018952648  -0.00017223784  9.6900873e-06  -0.00033569995  
9.2304717e-05  -0.00017747575  -0.00065284628  0.00022327576  0.0019727363  -0.00094685745  0.0000000   -0.0023489699  -0.00010936873  -0.00078975125  0.00022141047  0.00043424914  0.00066869906  -9.0950821e-05  -0.00041386317  -9.9276187e-05  2.2896985e-05  -0.00018841838  -0.00012326076  -0.00049888066  0.00014177500  -8.2152280e-05  0.00011855690  0.00026075475  5.8926074e-05  -1.2847344e-05  -1.3581508e-05  -0.00020403216  0.00010467668  1.2877897e-05  -7.7177899e-05  9.2304717e-05  -0.00017747575  -0.00065284628  0.00022327576  0.0019727363  -0.00094685745  0.0000000   -0.0023489699  -0.00010936873  -0.00078975125  0.00022141047  0.00043424914  0.00066869906  -9.0950821e-05  -0.00041386317  -9.9276187e-05  2.2896985e-05  -0.00018841838  -0.00012326076  -0.00049888066  0.00014177500  -8.2152280e-05  0.00011855690  0.00026075475  5.8926074e-05  -1.2847344e-05  -1.3581508e-05  -0.00020403216  0.00010467668  1.2877897e-05  -7.7177899e-05  
-0.00015464444  0.0017054310  -1.6682093e-07  0.0034983813  -0.00038411177  0.0050395978  0.0023489699  0.0000000   -0.0073229965  0.00043530126  0.00023407883  -0.0014941486  0.00013133209  0.00013303816  4.0630776e-05  0.00032233449  0.00018012102  -2.6988208e-05  0.00058317669  -0.00019726772  -0.00047482170  0.00068901002  -0.00013401403  -3.4633131e-05  -0.00030596516  -3.6291048e-05  0.00015599312  -0.00013955851  5.6496760e-06  0.00038896324  -0.00037476794  -0.00015464444  0.0017054310  -1.6682093e-07  0.0034983813  -0.00038411177  0.0050395978  0.0023489699  0.0000000   -0.0073229965  0.00043530126  0.00023407883  -0.0014941486  0.00013133209  0.00013303816  4.0630776e-05  0.00032233449  0.00018012102  -2.6988208e-05  0.00058317669  -0.00019726772  -0.00047482170  0.00068901002  -0.00013401403  -3.4633131e-05  -0.00030596516  -3.6291048e-05  0.00015599312  -0.00013955851  5.6496760e-06  0.00038896324  -0.00037476794  
2.3092024e-05  -0.00038055612  -0.0010416981  0.00015328869  -0.00011841133  0.0022349225  0.00010936873  0.0073229965  0.0000000   -0.00069972323  0.00016345825  0.0013090796  -8.1133340e-06  0.00016767512  -7.7197074e-05  -0.00022087687  -2.1258185e-06  -2.4605028e-05  3.2465805e-05  -0.00015710850  -0.00032922122  -0.00012804780  -7.3310881e-05  1.4464498e-05  0.00012979079  -4.3662456e-05  -3.9409627e-05  -0.00029646397  -4.9870002e-05  4.4034479e-05  -4.6758172e-05  2.3092024e-05  -0.00038055612  -0.0010416981  0.00015328869  -0.00011841133  0.0022349225  0.00010936873  0.0073229965  0.0000000   -0.00069972323  0.00016345825  0.0013090796  -8.1133340e-06  0.00016767512  -7.7197074e-05  -0.00022087687  -2.1258185e-06  -2.4605028e-05  3.2465805e-05  -0.00015710850  -0.00032922122  -0.00012804780  -7.3310881e-05  1.4464498e-05  0.00012979079  -4.3662456e-05  -3.9409627e-05  -0.00029646397  -4.9870002e-05  4.4034479e-05  -4.6758172e-05  
-0.00012752835  -0.00020076513  0.00022008634  -0.00022284908  -0.00034633330  -0.00076991575  0.00078975125  -0.00043530126  0.00069972323  0.0000000   -9.5928867e-05  7.7438224e-05  -0.0010471602  4.6116715e-05  0.00042179710  -0.00084683048  0.00033213668  0.00010928402  6.7351042e-05  0.00011340716  3.3060779e-05  -3.5676945e-05  -0.00013366215  -0.00042236747  -3.4906399e-05  -0.00010857932  -1.9177580e-05  0.00015360509  -0.00012348508  -5.4773008e-05  5.3271439e-06  -0.00012752835  -0.00020076513  0.00022008634  -0.00022284908  -0.00034633330  -0.00076991575  0.00078975125  -0.00043530126  0.00069972323  0.0000000   -9.5928867e-05  7.7438224e-05  -0.0010471602  4.6116715e-05  0.00042179710  -0.00084683048  0.00033213668  0.00010928402  6.7351042e-05  0.00011340716  3.3060779e-05  -3.5676945e-05  -0.00013366215  -0.00042236747  -3.4906399e-05  -0.00010857932  -1.9177580e-05  0.00015360509  -0.00012348508  -5.4773008e-05  5.3271439e-06  
-8.5453805e-06  3.9467151e-05  0.00022693717  0.00032573422  -8.2399322e-05  -0.00079952688  -0.00022141047  -0.00023407883  -0.00016345825  9.5928867e-05  0.0000000   -0.00072078563  0.00030918457  -0.00010763258  -0.00013767615  3.9972992e-05  3.9569195e-05  4.9542662e-05  9.4021282e-05  3.3973747e-05  0.00032256569  0.00016277505  -5.0186199e-05  -1.5740080e-05  -8.2236326e-06  -2.3769538e-05  0.00023135620  6.0743062e-05  5.1672637e-05  1.5340780e-05  6.4831589e-05  -8.5453805e-06  3.9467151e-05  0.00022693717  0.00032573422  -8.2399322e-05  -0.00079952688  -0.00022141047  -0.00023407883  -0.00016345825  9.5928867e-05  0.0000000   -0.00072078563  0.00030918457  -0.00010763258  -0.00013767615  3.9972992e-05  3.9569195e-05  4.9542662e-05  9.4021282e-05  3.3973747e-05  0.00032256569  0.00016277505  -5.0186199e-05  -1.5740080e-05  -8.2236326e-06  -2.3769538e-05  0.00023135620  6.0743062e-05  5.1672637e-05  1.5340780e-05  6.4831589e-05  
4.8996244e-05  -0.00051950835  -0.00036152784  -0.00065925553  0.00024281856  -0.00061864192  -0.00043424914  0.0014941486  -0.0013090796  -7.7438224e-05  0.00072078563  0.0000000   -0.0011009663  0.00061475822  0.00028178716  -0.00049044317  -0.00044264710  -0.00020703968  -0.00032636021  0.00028933484  0.00022745286  -0.00045716050  0.00015943432  -1.2179738e-05  0.00045857189  -3.7550812e-05  -7.1669874e-05  -0.00015565282  -0.00018349944  -0.00031559523  0.00033919792  4.8996244e-05  -0.00051950835  -0.00036152784  -0.00065925553  0.00024281856  -0.00061864192  -0.00043424914  0.0014941486  -0.0013090796  -7.7438224e-05  0.00072078563  0.0000000   -0.0011009663  0.00061475822  0.00028178716  -0.00049044317  -0.00044264710  -0.00020703968  -0.00032636021  0.00028933484  0.00022745286  -0.00045716050  0.00015943432  -1.2179738e-05  0.00045857189  -3.7550812e-05  -7.1669874e-05  -0.00015565282  -0.00018349944  -0.00031559523  0.00033919792  
-8.5783764e-05  1.0815117e-05  8.0750005e-05  0.00017793896  -0.00051905998  6.9049824e-05  -0.00066869906  -0.00013133209  8.1133340e-06  0.0010471602  -0.00030918457  0.0011009663  0.0000000   -0.011477499  -0.0014794835  0.00033486596  0.0010789286  0.00098804637  0.00035191044  -0.0010589410  0.00015550133  0.00030997607  -0.00031343528  0.00021753931  -0.00011178398  0.00017480550  -1.9049524e-05  -0.00014522272  0.00040533420  0.00010739174  -4.8732991e-05  -8.5783764e-05  1.0815117e-05  8.0750005e-05  0.00017793896  -0.00051905998  6.9049824e-05  -0.00066869906  -0.00013133209  8.1133340e-06  0.0010471602  -0.00030918457  0.0011009663  0.0000000   -0.011477499  -0.0014794835  0.00033486596  0.0010789286  0.00098804637  0.00035191044  -0.0010589410  0.00015550133  0.00030997607  -0.00031343528  0.00021753931  -0.00011178398  0.00017480550  -1.9049524e-05  -0.00014522272  0.00040533420  0.00010739174  -4.8732991e-05  
-0.00015820737  -0.00022253215  3.4203158e-05  -0.00024307957  -0.00075770406  -0.00019510473  9.0950821e-05  -0.00013303816  -0.00016767512  -4.6116715e-05  0.00010763258  -0.00061475822  0.011477499  0.0000000   -0.0044273475  -0.0013863483  0.0020346956  0.0013291389  0.00025367810  -0.0010870813  0.00028662039  9.5147689e-05  -0.00078665635  -0.00013866088  -3.4136696e-05  -0.00035841163  -9.5002865e-05  -0.00014795915  0.00054439936  3.0973188e-05  0.00012413998  -0.00015820737  -0.00022253215  3.4203158e-05  -0.00024307957  -0.00075770406  -0.00019510473  9.0950821e-05  -0.00013303816  -0.00016767512  -4.6116715e-05  0.00010763258  -0.00061475822  0.011477499  0.0000000   -0.0044273475  -0.0013863483  0.0020346956  0.0013291389  0.00025367810  -0.0010870813  0.00028662039  9.5147689e-05  -0.00078665635  -0.00013866088  -3.4136696e-05  -0.00035841163  -9.5002865e-05  -0.00014795915  0.00054439936  3.0973188e-05  0.00012413998  
0.00011802864  -0.00012399240  8.0357872e-05  -0.00012724589  -0.00065368512  -0.00027310351  0.00041386317  -4.0630776e-05  7.7197074e-05  -0.00042179710  0.00013767615  -0.00028178716  0.0014794835  0.0044273475  0.0000000   -0.0012189853  0.0030195370  0.0014596946  0.00026192839  -0.00037456999  1.3337744e-05  9.6163203e-05  -0.00010584613  -0.00012334018  -2.0758274e-05  0.00028144845  -3.5436642e-05  -0.00012446965  0.00039846241  -3.6431408e-06  6.4993724e-05  0.00011802864  -0.00012399240  8.0357872e-05  -0.00012724589  -0.00065368512  -0.00027310351  0.00041386317  -4.0630776e-05  7.7197074e-05  -0.00042179710  0.00013767615  -0.00028178716  0.0014794835  0.0044273475  0.0000000   -0.0012189853  0.0030195370  0.0014596946  0.00026192839  -0.00037456999  1.3337744e-05  9.6163203e-05  -0.00010584613  -0.00012334018  -2.0758274e-05  0.00028144845  -3.5436642e-05  -0.00012446965  0.00039846241  -3.6431408e-06  6.4993724e-05  
1.7898064e-05  0.00015016971  0.00012304934  7.6793029e-05  -0.00047410199  -8.6315013e-05  9.9276187e-05  -0.00032233449  0.00022087687  0.00084683048  -3.9972992e-05  0.00049044317  -0.00033486596  0.0013863483  0.0012189853  0.0000000   0.016148510  0.00070904139  0.0011343549  -0.0013463090  0.00015371820  0.00060915104  -0.00080068398  0.00020831550  -0.00024224503  0.00015314752  -8.3310965e-05  -2.5198799e-05  0.00025764519  8.7724588e-05  1.9531846e-05  1.7898064e-05  0.00015016971  0.00012304934  7.6793029e-05  -0.00047410199  -8.6315013e-05  9.9276187e-05  -0.00032233449  0.00022087687  0.00084683048  -3.9972992e-05  0.00049044317  -0.00033486596  0.0013863483  0.0012189853  0.0000000   0.016148510  0.00070904139  0.0011343549  -0.0013463090  0.00015371820  0.00060915104  -0.00080068398  0.00020831550  -0.00024224503  0.00015314752  -8.3310965e-05  -2.5198799e-05  0.00025764519  8.7724588e-05  1.9531846e-05  
-0.00022632738  8.4738248e-05  -3.7966025e-06  9.7092229e-05  0.00032685410  0.00021611417  -2.2896985e-05  -0.00018012102  2.1258185e-06  -0.00033213668  -3.9569195e-05  0.00044264710  -0.0010789286  -0.0020346956  -0.0030195370  -0.016148510  0.0000000   -0.0035229086  0.0012199827  0.0028970058  -0.00027364183  0.00029118069  0.0013021386  0.00026915333  -0.00016610413  -0.00030847005  0.00016818803  6.8849679e-05  -0.00040907649  2.0993695e-05  -8.7306095e-05  -0.00022632738  8.4738248e-05  -3.7966025e-06  9.7092229e-05  0.00032685410  0.00021611417  -2.2896985e-05  -0.00018012102  2.1258185e-06  -0.00033213668  -3.9569195e-05  0.00044264710  -0.0010789286  -0.0020346956  -0.0030195370  -0.016148510  0.0000000   -0.0035229086  0.0012199827  0.0028970058  -0.00027364183  0.00029118069  0.0013021386  0.00026915333  -0.00016610413  -0.00030847005  0.00016818803  6.8849679e-05  -0.00040907649  2.0993695e-05  -8.7306095e-05  
3.5489601e-05  4.9770003e-05  -4.1634639e-06  -8.1995062e-05  -1.3096486e-05  -4.8723250e-05  0.00018841838  2.6988208e-05  2.4605028e-05  -0.00010928402  -4.9542662e-05  0.00020703968  -0.00098804637  -0.0013291389  -0.0014596946  -0.00070904139  0.0035229086  0.0000000   0.00069611315  0.0011724753  0.00020688244  0.00012093854  0.0010190879  -0.00037448134  3.6833941e-05  -0.00013362632  4.6546107e-05  0.00015087153  -0.00061124563  -7.8486823e-05  -3.0039252e-05  3.5489601e-05  4.9770003e-05  -4.1634639e-06  -8.1995062e-05  -1.3096486e-05  -4.8723250e-05  0.00018841838  2.6988208e-05  2.4605028e-05  -0.00010928402  -4.9542662e-05  0.00020703968  -0.00098804637  -0.0013291389  -0.0014596946  -0.00070904139  0.0035229086  0.0000000   0.00069611315  0.0011724753  0.00020688244  0.00012093854  0.0010190879  -0.00037448134  3.6833941e-05  -0.00013362632  4.6546107e-05  0.00015087153  -0.00061124563  -7.8486823e-05  -3.0039252e-05  
-6.9610943e-06  0.00026979992  0.00015181469  0.00034244614  -3.7396517e-05  -0.00016825062  0.00012326076  -0.00058317669  -3.2465805e-05  -6.7351042e-05  -9.4021282e-05  0.00032636021  -0.00035191044  -0.00025367810  -0.00026192839  -0.0011343549  -0.0012199827  -0.00069611315  0.0000000   0.00010269986  -0.0033372690  0.0018475491  -1.8251106e-06  -0.00015903088  -0.00052564718  -0.00012056300  -0.00013770800  7.7787196e-05  -9.4484547e-05  -1.5379833e-05  -1.0117796e-06  -6.9610943e-06  0.00026979992  0.00015181469  0.00034244614  -3.7396517e-05  -0.00016825062  0.00012326076  -0.00058317669  -3.2465805e-05  -6.7351042e-05  -9.4021282e-05  0.00032636021  -0.00035191044  -0.00025367810  -0.00026192839  -0.0011343549  -0.0012199827  -0.00069611315  0.0000000   0.00010269986  -0.0033372690  0.0018475491  -1.8251106e-06  -0.00015903088  -0.00052564718  -0.00012056300  -0.00013770800  7.7787196e-05  -9.4484547e-05  -1.5379833e-05  -1.0117796e-06  
0.00023754795  -0.00013288442  -6.7810165e-05  -6.5833377e-06  -0.00068622691  -0.00024697919  0.00049888066  0.00019726772  0.00015710850  -0.00011340716  -3.3973747e-05  -0.00028933484  0.0010589410  0.0010870813  0.00037456999  0.0013463090  -0.0028970058  -0.0011724753  -0.00010269986  0.0000000   0.00017400527  -0.00044984130  -0.0013550727  -0.0013260048  2.5902437e-05  -0.00043256343  -4.9135305e-05  -0.00010090887  0.00017484197  0.00013722438  -0.00012845809  0.00023754795  -0.00013288442  -6.7810165e-05  -6.5833377e-06  -0.00068622691  -0.00024697919  0.00049888066  0.00019726772  0.00015710850  -0.00011340716  -3.3973747e-05  -0.00028933484  0.0010589410  0.0010870813  0.00037456999  0.0013463090  -0.0028970058  -0.0011724753  -0.00010269986  0.0000000   0.00017400527  -0.00044984130  -0.0013550727  -0.0013260048  2.5902437e-05  -0.00043256343  -4.9135305e-05  -0.00010090887  0.00017484197  0.00013722438  -0.00012845809  
-4.0764623e-05  0.00010539355  -0.00015843130  0.00028786291  0.00012813468  -1.5073337e-05  -0.00014177500  0.00047482170  0.00032922122  -3.3060779e-05  -0.00032256569  -0.00022745286  -0.00015550133  -0.00028662039  -1.3337744e-05  -0.00015371820  0.00027364183  -0.00020688244  0.0033372690  -0.00017400527  0.0000000   0.0014163939  3.1041951e-05  0.00023181968  0.00015554868  0.00010831981  -0.00010907225  -0.00065254469  -0.00014086319  9.8260088e-05  -0.00057311743  -4.0764623e-05  0.00010539355  -0.00015843130  0.00028786291  0.00012813468  -1.5073337e-05  -0.00014177500  0.00047482170  0.00032922122  -3.3060779e-05  -0.00032256569  -0.00022745286  -0.00015550133  -0.00028662039  -1.3337744e-05  -0.00015371820  0.00027364183  -0.00020688244  0.0033372690  -0.00017400527  0.0000000   0.0014163939  3.1041951e-05  0.00023181968  0.00015554868  0.00010831981  -0.00010907225  -0.00065254469  -0.00014086319  9.8260088e-05  -0.00057311743  
-6.0046205e-05  0.00039985401  0.00045152724  0.00042295586  -1.2643464e-05  0.00014656876  8.2152280e-05  -0.00068901002  0.00012804780  3.5676945e-05  -0.00016277505  0.00045716050  -0.00030997607  -9.5147689e-05  -9.6163203e-05  -0.00060915104  -0.00029118069  -0.00012093854  -0.0018475491  0.00044984130  -0.0014163939  0.0000000   0.00047449971  0.00024703394  -0.0018918047  -2.0170413e-05  -0.00018846839  0.00071226956  0.00025813055  0.00058817021  -0.00030086356  -6.0046205e-05  0.00039985401  0.00045152724  0.00042295586  -1.2643464e-05  0.00014656876  8.2152280e-05  -0.00068901002  0.00012804780  3.5676945e-05  -0.00016277505  0.00045716050  -0.00030997607  -9.5147689e-05  -9.6163203e-05  -0.00060915104  -0.00029118069  -0.00012093854  -0.0018475491  0.00044984130  -0.0014163939  0.0000000   0.00047449971  0.00024703394  -0.0018918047  -2.0170413e-05  -0.00018846839  0.00071226956  0.00025813055  0.00058817021  -0.00030086356  
3.9061141e-06  -0.00014754270  -8.2663170e-05  -3.7992195e-05  -0.00015870846  -3.3129444e-05  -0.00011855690  0.00013401403  7.3310881e-05  0.00013366215  5.0186199e-05  -0.00015943432  0.00031343528  0.00078665635  0.00010584613  0.00080068398  -0.0013021386  -0.0010190879  1.8251106e-06  0.0013550727  -3.1041951e-05  -0.00047449971  0.0000000   -1.3830010e-05  0.00049653374  -0.00036361935  -4.3037446e-06  -0.00045420582  0.00097780721  1.4353148e-05  7.7714982e-05  3.9061141e-06  -0.00014754270  -8.2663170e-05  -3.7992195e-05  -0.00015870846  -3.3129444e-05  -0.00011855690  0.00013401403  7.3310881e-05  0.00013366215  5.0186199e-05  -0.00015943432  0.00031343528  0.00078665635  0.00010584613  0.00080068398  -0.0013021386  -0.0010190879  1.8251106e-06  0.0013550727  -3.1041951e-05  -0.00047449971  0.0000000   -1.3830010e-05  0.00049653374  -0.00036361935  -4.3037446e-06  -0.00045420582  0.00097780721  1.4353148e-05  7.7714982e-05  
-4.7366832e-06  -1.0740817e-05  -6.5157937e-05  1.1984453e-05  -0.00022535658  0.00014271946  -0.00026075475  3.4633131e-05  -1.4464498e-05  0.00042236747  1.5740080e-05  1.2179738e-05  -0.00021753931  0.00013866088  0.00012334018  -0.00020831550  -0.00026915333  0.00037448134  0.00015903088  0.0013260048  -0.00023181968  -0.00024703394  1.3830010e-05  0.0000000   9.9983404e-05  -0.00030150297  -2.6155304e-05  -0.00015910217  2.3034130e-05  7.5069722e-05  6.6688981e-05  -4.7366832e-06  -1.0740817e-05  -6.5157937e-05  1.1984453e-05  -0.00022535658  0.00014271946  -0.00026075475  3.4633131e-05  -1.4464498e-05  0.00042236747  1.5740080e-05  1.2179738e-05  -0.00021753931  0.00013866088  0.00012334018  -0.00020831550  -0.00026915333  0.00037448134  0.00015903088  0.0013260048  -0.00023181968  -0.00024703394  1.3830010e-05  0.0000000   9.9983404e-05  -0.00030150297  -2.6155304e-05  -0.00015910217  2.3034130e-05  7.5069722e-05  6.6688981e-05  
2.0937555e-05  -0.00031289189  -0.00036462567  -0.00027749310  2.5805829e-05  -9.9008851e-05  -5.8926074e-05  0.00030596516  -0.00012979079  3.4906399e-05  8.2236326e-06  -0.00045857189  0.00011178398  3.4136696e-05  2.0758274e-05  0.00024224503  0.00016610413  -3.6833941e-05  0.00052564718  -2.5902437e-05  -0.00015554868  0.0018918047  -0.00049653374  -9.9983404e-05  0.0000000   -0.00018457179  0.0014564475  -0.0018449091  -0.00035620578  -0.00071785701  0.00050326874  2.0937555e-05  -0.00031289189  -0.00036462567  -0.00027749310  2.5805829e-05  -9.9008851e-05  -5.8926074e-05  0.00030596516  -0.00012979079  3.4906399e-05  8.2236326e-06  -0.00045857189  0.00011178398  3.4136696e-05  2.0758274e-05  0.00024224503  0.00016610413  -3.6833941e-05  0.00052564718  -2.5902437e-05  -0.00015554868  0.0018918047  -0.00049653374  -9.9983404e-05  0.0000000   -0.00018457179  0.0014564475  -0.0018449091  -0.00035620578  -0.00071785701  0.00050326874  
-7.8808888e-05  -4.5537372e-05  -3.8079071e-05  3.6064607e-05  7.6083709e-06  -1.0801258e-05  1.2847344e-05  3.6291048e-05  4.3662456e-05  0.00010857932  2.3769538e-05  3.7550812e-05  -0.00017480550  0.00035841163  -0.00028144845  -0.00015314752  0.00030847005  0.00013362632  0.00012056300  0.00043256343  -0.00010831981  2.0170413e-05  0.00036361935  0.00030150297  0.00018457179  0.0000000   2.5541099e-05  -0.00045614095  0.0014044345  3.4429493e-05  9.0532092e-05  -7.8808888e-05  -4.5537372e-05  -3.8079071e-05  3.6064607e-05  7.6083709e-06  -1.0801258e-05  1.2847344e-05  3.6291048e-05  4.3662456e-05  0.00010857932  2.3769538e-05  3.7550812e-05  -0.00017480550  0.00035841163  -0.00028144845  -0.00015314752  0.00030847005  0.00013362632  0.00012056300  0.00043256343  -0.00010831981  2.0170413e-05  0.00036361935  0.00030150297  0.00018457179  0.0000000   2.5541099e-05  -0.00045614095  0.0014044345  3.4429493e-05  9.0532092e-05  
-1.9390707e-06  1.1012647e-05  4.8279100e-05  -9.5861199e-05  -6.2372810e-06  -8.1911526e-06  1.3581508e-05  -0.00015599312  3.9409627e-05  1.9177580e-05  -0.00023135620  7.1669874e-05  1.9049524e-05  9.5002865e-05  3.5436642e-05  8.3310965e-05  -0.00016818803  -4.6546107e-05  0.00013770800  4.9135305e-05  0.00010907225  0.00018846839  4.3037446e-06  2.6155304e-05  -0.0014564475  -2.5541099e-05  0.0000000   -0.0021324142  -0.00057992245  -0.00029024886  0.00078387580  -1.9390707e-06  1.1012647e-05  4.8279100e-05  -9.5861199e-05  -6.2372810e-06  -8.1911526e-06  1.3581508e-05  -0.00015599312  3.9409627e-05  1.9177580e-05  -0.00023135620  7.1669874e-05  1.9049524e-05  9.5002865e-05  3.5436642e-05  8.3310965e-05  -0.00016818803  -4.6546107e-05  0.00013770800  4.9135305e-05  0.00010907225  0.00018846839  4.3037446e-06  2.6155304e-05  -0.0014564475  -2.5541099e-05  0.0000000   -0.0021324142  -0.00057992245  -0.00029024886  0.00078387580  
5.3412431e-05  0.00028288055  3.5538408e-06  0.00032226207  -0.00011406638  0.00018952648  0.00020403216  0.00013955851  0.00029646397  -0.00015360509  -6.0743062e-05  0.00015565282  0.00014522272  0.00014795915  0.00012446965  2.5198799e-05  -6.8849679e-05  -0.00015087153  -7.7787196e-05  0.00010090887  0.00065254469  -0.00071226956  0.00045420582  0.00015910217  0.0018449091  0.00045614095  0.0021324142  0.0000000   -0.00022440098  0.0030065158  -0.0023869830  5.3412431e-05  0.00028288055  3.5538408e-06  0.00032226207  -0.00011406638  0.00018952648  0.00020403216  0.00013955851  0.00029646397  -0.00015360509  -6.0743062e-05  0.00015565282  0.00014522272  0.00014795915  0.00012446965  2.5198799e-05  -6.8849679e-05  -0.00015087153  -7.7787196e-05  0.00010090887  0.00065254469  -0.00071226956  0.00045420582  0.00015910217  0.0018449091  0.00045614095  0.0021324142  0.0000000   -0.00022440098  0.0030065158  -0.0023869830  
-0.00021887095  0.00017996418  3.8487101e-05  0.00014310416  0.00024110318  0.00017223784  -0.00010467668  -5.6496760e-06  4.9870002e-05  0.00012348508  -5.1672637e-05  0.00018349944  -0.00040533420  -0.00054439936  -0.00039846241  -0.00025764519  0.00040907649  0.00061124563  9.4484547e-05  -0.00017484197  0.00014086319  -0.00025813055  -0.00097780721  -2.3034130e-05  0.00035620578  -0.0014044345  0.00057992245  0.00022440098  0.0000000   0.0012236077  -0.0010989680  -0.00021887095  0.00017996418  3.8487101e-05  0.00014310416  0.00024110318  0.00017223784  -0.00010467668  -5.6496760e-06  4.9870002e-05  0.00012348508  -5.1672637e-05  0.00018349944  -0.00040533420  -0.00054439936  -0.00039846241  -0.00025764519  0.00040907649  0.00061124563  9.4484547e-05  -0.00017484197  0.00014086319  -0.00025813055  -0.00097780721  -2.3034130e-05  0.00035620578  -0.0014044345  0.00057992245  0.00022440098  0.0000000   0.0012236077  -0.0010989680  
-2.9507072e-05  5.3918705e-05  0.00026781899  4.2431596e-06  1.5843049e-05  -9.6900873e-06  -1.2877897e-05  -0.00038896324  -4.4034479e-05  5.4773008e-05  -1.5340780e-05  0.00031559523  -0.00010739174  -3.0973188e-05  3.6431408e-06  -8.7724588e-05  -2.0993695e-05  7.8486823e-05  1.5379833e-05  -0.00013722438  -9.8260088e-05  -0.00058817021  -1.4353148e-05  -7.5069722e-05  0.00071785701  -3.4429493e-05  0.00029024886  -0.0030065158  -0.0012236077  0.0000000   0.0044138804  -2.9507072e-05  5.3918705e-05  0.00026781899  4.2431596e-06  1.5843049e-05  -9.6900873e-06  -1.2877897e-05  -0.00038896324  -4.4034479e-05  5.4773008e-05  -1.5340780e-05  0.00031559523  -0.00010739174  -3.0973188e-05  3.6431408e-06  -8.7724588e-05  -2.0993695e-05  7.8486823e-05  1.5379833e-05  -0.00013722438  -9.8260088e-05  -0.00058817021  -1.4353148e-05  -7.5069722e-05  0.00071785701  -3.4429493e-05  0.00029024886  -0.0030065158  -0.0012236077  0.0000000   0.0044138804  
1.9825029e-06  2.6147750e-05  -0.00044696931  8.5487365e-05  2.8492232e-05  0.00033569995  7.7177899e-05  0.00037476794  4.6758172e-05  -5.3271439e-06  -6.4831589e-05  -0.00033919792  4.8732991e-05  -0.00012413998  -6.4993724e-05  -1.9531846e-05  8.7306095e-05  3.0039252e-05  1.0117796e-06  0.00012845809  0.00057311743  0.00030086356  -7.7714982e-05  -6.6688981e-05  -0.00050326874  -9.0532092e-05  -0.00078387580  0.0023869830  0.0010989680  -0.0044138804  0.0000000   1.9825029e-06  2.6147750e-05  -0.00044696931  8.5487365e-05  2.8492232e-05  0.00033569995  7.7177899e-05  0.00037476794  4.6758172e-05  -5.3271439e-06  -6.4831589e-05  -0.00033919792  4.8732991e-05  -0.00012413998  -6.4993724e-05  -1.9531846e-05  8.7306095e-05  3.0039252e-05  1.0117796e-06  0.00012845809  0.00057311743  0.00030086356  -7.7714982e-05  -6.6688981e-05  -0.00050326874  -9.0532092e-05  -0.00078387580  0.0023869830  0.0010989680  -0.0044138804  0.0000000   
0.0000000   0.00012542619  -0.00044459209  -0.00016194659  5.5354569e-05  2.1938463e-07  -9.2304717e-05  0.00015464444  -2.3092024e-05  0.00012752835  8.5453805e-06  -4.8996244e-05  8.5783764e-05  0.00015820737  -0.00011802864  -1.7898064e-05  0.00022632738  -3.5489601e-05  6.9610943e-06  -0.00023754795  4.0764623e-05  6.0046205e-05  -3.9061141e-06  4.7366832e-06  -2.0937555e-05  7.8808888e-05  1.9390707e-06  -5.3412431e-05  0.00021887095  2.9507072e-05  -1.9825029e-06  0.0000000   0.00012542619  -0.00044459209  -0.00016194659  5.5354569e-05  2.1938463e-07  -9.2304717e-05  0.00015464444  -2.3092024e-05  0.00012752835  8.5453805e-06  -4.8996244e-05  8.5783764e-05  0.00015820737  -0.00011802864  -1.7898064e-05  0.00022632738  -3.5489601e-05  6.9610943e-06  -0.00023754795  4.0764623e-05  6.0046205e-05  -3.9061141e-06  4.7366832e-06  -2.0937555e-05  7.8808888e-05  1.9390707e-06  -5.3412431e-05  0.00021887095  2.9507072e-05  -1.9825029e-06  
-0.00012542619  0.0000000   0.0080926809  0.00086785288  -0.00042514975  0.00081867401  0.00017747575  -0.0017054310  0.00038055612  0.00020076513  -3.9467151e-05  0.00051950835  -1.0815117e-05  0.00022253215  0.00012399240  -0.00015016971  -8.4738248e-05  -4.9770003e-05  -0.00026979992  0.00013288442  -0.00010539355  -0.00039985401  0.00014754270  1.0740817e-05  0.00031289189  4.5537372e-05  -1.1012647e-05  -0.00028288055  -0.00017996418  -5.3918705e-05  -2.6147750e-05  -0.00012542619  0.0000000   0.0080926809  0.00086785288  -0.00042514975  0.00081867401  0.00017747575  -0.0017054310  0.00038055612  0.00020076513  -3.9467151e-05  0.00051950835  -1.0815117e-05  0.00022253215  0.00012399240  -0.00015016971  -8.4738248e-05  -4.9770003e-05  -0.00026979992  0.00013288442  -0.00010539355  -0.00039985401  0.00014754270  1.0740817e-05  0.00031289189  4.5537372e-05  -1.1012647e-05  -0.00028288055  -0.00017996418  -5.3918705e-05  -2.6147750e-05  
0.00044459209  -0.0080926809  0.0000000   0.0081977015  -0.00031054319  -2.3005551e-05  0.00065284628  1.6682093e-07  0.0010416981  -0.00022008634  -0.00022693717  0.00036152784  -8.0750005e-05  -3.4203158e-05  -8.0357872e-05  -0.00012304934  3.7966025e-06  4.1634639e-06  -0.00015181469  6.7810165e-05  0.00015843130  -0.00045152724  8.2663170e-05  6.5157937e-05  0.00036462567  3.8079071e-05  -4.8279100e-05  -3.5538408e-06  -3.8487101e-05  -0.00026781899  0.00044696931  0.00044459209  -0.0080926809  0.0000000   0.0081977015  -0.00031054319  -2.3005551e-05  0.00065284628  1.6682093e-07  0.0010416981  -0.00022008634  -0.00022693717  0.00036152784  -8.0750005e-05  -3.4203158e-05  -8.0357872e-05  -0.00012304934  3.7966025e-06  4.1634639e-06  -0.00015181469  6.7810165e-05  0.00015843130  -0.00045152724  8.2663170e-05  6.5157937e-05  0.00036462567  3.8079071e-05  -4.8279100e-05  -3.5538408e-06  -3.8487101e-05  -0.00026781899  0.00044696931  
0.00016194659  -0.00086785288  -0.0081977015  0.0000000   0.00033899251  -0.0023933629  -0.00022327576  -0.0034983813  -0.00015328869  0.00022284908  -0.00032573422  0.00065925553  -0.00017793896  0.00024307957  0.00012724589  -7.6793029e-05  -9.7092229e-05  8.1995062e-05  -0.00034244614  6.5833377e-06  -0.00028786291  -0.00042295586  3.7992195e-05  -1.1984453e-05  0.00027749310  -3.6064607e-05  9.5861199e-05  -0.00032226207  -0.00014310416  -4.2431596e-06  -8.5487365e-05  0.00016194659  -0.00086785288  -0.0081977015  0.0000000   0.00033899251  -0.0023933629  -0.00022327576  -0.0034983813  -0.00015328869  0.00022284908  -0.00032573422  0.00065925553  -0.00017793896  0.00024307957  0.00012724589  -7.6793029e-05  -9.7092229e-05  8.1995062e-05  -0.00034244614  6.5833377e-06  -0.00028786291  -0.00042295586  3.7992195e-05  -1.1984453e-05  0.00027749310  -3.6064607e-05  9.5861199e-05  -0.00032226207  -0.00014310416  -4.2431596e-06  -8.5487365e-05  
-5.5354569e-05  0.00042514975  0.00031054319  -0.00033899251  0.0000000   0.00076412568  -0.0019727363  0.00038411177  0.00011841133  0.00034633330  8.2399322e-05  -0.00024281856  0.00051905998  0.00075770406  0.00065368512  0.00047410199  -0.00032685410  1.3096486e-05  3.7396517e-05  0.00068622691  -0.00012813468  1.2643464e-05  0.00015870846  0.00022535658  -2.5805829e-05  -7.6083709e-06  6.2372810e-06  0.00011406638  -0.00024110318  -1.5843049e-05  -2.8492232e-05  -5.5354569e-05  0.00042514975  0.00031054319  -0.00033899251  0.0000000   0.00076412568  -0.0019727363  0.00038411177  0.00011841133  0.00034633330  8.2399322e-05  -0.00024281856  0.00051905998  0.00075770406  0.00065368512  0.00047410199  -0.00032685410  1.3096486e-05  3.7396517e-05  0.00068622691  -0.00012813468  1.2643464e-05  0.00015870846  0.00022535658  -2.5805829e-05  -7.6083709e-06  6.2372810e-06  0.00011406638  -0.00024110318  -1.5843049e-05  -2.8492232e-05  
-2.1938463e-07  -0.00081867401  2.3005551e-05  0.0023933629  -0.00076412568  0.0000000   0.00094685745  -0.0050395978  -0.0022349225  0.00076991575  0.00079952688  0.00061864192  -6.9049824e-05  0.00019510473  0.00027310351  8.6315013e-05  -0.00021611417  4.8723250e-05  0.00016825062  0.00024697919  1.5073337e-05  -0.00014656876  3.3129444e-05  -0.00014271946  9.9008851e-05  1.0801258e-05  8.1911526e-06  -0.00018952648  -0.00017223784  9.6900873e-06  -0.00033569995  -2.1938463e-07  -0.00081867401  2.3005551e-05  0.0023933629  -0.00076412568  0.0000000   0.00094685745  -0.0050395978  -0.0022349225  0.00076991575  0.00079952688  0.00061864192  -6.9049824e-05  0.00019510473  0.00027310351  8.6315013e-05  -0.00021611417  4.8723250e-05  0.00016825062  0.00024697919  1.5073337e-05  -0.00014656876  3.3129444e-05  -0.00014271946  9.9008851e-05  1.0801258e-05  8.1911526e-06  -0.00018952648  -0.00017223784  9.6900873e-06  -0.00033569995  
9.2304717e-05  -0.00017747575  -0.00065284628  0.00022327576  0.0019727363  -0.00094685745  0.0000000   -0.0023489699  -0.00010936873  -0.00078975125  0.00022141047  0.00043424914  0.00066869906  -9.0950821e-05  -0.00041386317  -9.9276187e-05  2.2896985e-05  -0.00018841838  -0.00012326076  -0.00049888066  0.00014177500  -8.2152280e-05  0.00011855690  0.00026075475  5.8926074e-05  -1.2847344e-05  -1.3581508e-05  -0.00020403216  0.00010467668  1.2877897e-05  -7.7177899e-05  9.2304717e-05  -0.00017747575  -0.00065284628  0.00022327576  0.0019727363  -0.00094685745  0.0000000   -0.0023489699  -0.00010936873  -0.00078975125  0.00022141047  0.00043424914  0.00066869906  -9.0950821e-05  -0.00041386317  -9.9276187e-05  2.2896985e-05  -0.00018841838  -0.00012326076  -0.00049888066  0.00014177500  -8.2152280e-05  0.00011855690  0.00026075475  5.8926074e-05  -1.2847344e-05  -1.3581508e-05  -0.00020403216  0.00010467668  1.2877897e-05  -7.7177899e-05  
-0.00015464444  0.0017054310  -1.6682093e-07  0.0034983813  -0.00038411177  0.0050395978  0.0023489699  0.0000000   -0.0073229965  0.00043530126  0.00023407883  -0.0014941486  0.00013133209  0.00013303816  4.0630776e-05  0.00032233449  0.00018012102  -2.6988208e-05  0.00058317669  -0.00019726772  -0.00047482170  0.00068901002  -0.00013401403  -3.4633131e-05  -0.00030596516  -3.6291048e-05  0.00015599312  -0.00013955851  5.6496760e-06  0.00038896324  -0.00037476794  -0.00015464444  0.0017054310  -1.6682093e-07  0.0034983813  -0.00038411177  0.0050395978  0.0023489699  0.0000000   -0.0073229965  0.00043530126  0.00023407883  -0.0014941486  0.00013133209  0.00013303816  4.0630776e-05  0.00032233449  0.00018012102  -2.6988208e-05  0.00058317669  -0.00019726772  -0.00047482170  0.00068901002  -0.00013401403  -3.4633131e-05  -0.00030596516  -3.6291048e-05  0.00015599312  -0.00013955851  5.6496760e-06  0.00038896324  -0.00037476794  
2.3092024e-05  -0.00038055612  -0.0010416981  0.00015328869  -0.00011841133  0.0022349225  0.00010936873  0.0073229965  0.0000000   -0.00069972323  0.00016345825  0.0013090796  -8.1133340e-06  0.00016767512  -7.7197074e-05  -0.00022087687  -2.1258185e-06  -2.4605028e-05  3.2465805e-05  -0.00015710850  -0.00032922122  -0.00012804780  -7.3310881e-05  1.4464498e-05  0.00012979079  -4.3662456e-05  -3.9409627e-05  -0.00029646397  -4.9870002e-05  4.4034479e-05  -4.6758172e-05  2.3092024e-05  -0.00038055612  -0.0010416981  0.00015328869  -0.00011841133  0.0022349225  0.00010936873  0.0073229965  0.0000000   -0.00069972323  0.00016345825  0.0013090796  -8.1133340e-06  0.00016767512  -7.7197074e-05  -0.00022087687  -2.1258185e-06  -2.4605028e-05  3.2465805e-05  -0.00015710850  -0.00032922122  -0.00012804780  -7.3310881e-05  1.4464498e-05  0.00012979079  -4.3662456e-05  -3.9409627e-05  -0.00029646397  -4.9870002e-05  4.4034479e-05  -4.6758172e-05  
-0.00012752835  -0.00020076513  0.00022008634  -0.00022284908  -0.00034633330  -0.00076991575  0.00078975125  -0.00043530126  0.00069972323  0.0000000   -9.5928867e-05  7.7438224e-05  -0.0010471602  4.6116715e-05  0.00042179710  -0.00084683048  0.00033213668  0.00010928402  6.7351042e-05  0.00011340716  3.3060779e-05  -3.5676945e-05  -0.00013366215  -0.00042236747  -3.4906399e-05  -0.00010857932  -1.9177580e-05  0.00015360509  -0.00012348508  -5.4773008e-05  5.3271439e-06  -0.00012752835  -0.00020076513  0.00022008634  -0.00022284908  -0.00034633330  -0.00076991575  0.00078975125  -0.00043530126  0.00069972323  0.0000000   -9.5928867e-05  7.7438224e-05  -0.0010471602  4.6116715e-05  0.00042179710  -0.00084683048  0.00033213668  0.00010928402  6.7351042e-05  0.00011340716  3.3060779e-05  -3.5676945e-05  -0.00013366215  -0.00042236747  -3.4906399e-05  -0.00010857932  -1.9177580e-05  0.00015360509  -0.00012348508  -5.4773008e-05  5.3271439e-06  
-8.5453805e-06  3.9467151e-05  0.00022693717  0.00032573422  -8.2399322e-05  -0.00079952688  -0.00022141047  -0.00023407883  -0.00016345825  9.5928867e-05  0.0000000   -0.00072078563  0.00030918457  -0.00010763258  -0.00013767615  3.9972992e-05  3.9569195e-05  4.9542662e-05  9.4021282e-05  3.3973747e-05  0.00032256569  0.00016277505  -5.0186199e-05  -1.5740080e-05  -8.2236326e-06  -2.3769538e-05  0.00023135620  6.0743062e-05  5.1672637e-05  1.5340780e-05  6.4831589e-05  -8.5453805e-06  3.9467151e-05  0.00022693717  0.00032573422  -8.2399322e-05  -0.00079952688  -0.00022141047  -0.00023407883  -0.00016345825  9.5928867e-05  0.0000000   -0.00072078563  0.00030918457  -0.00010763258  -0.00013767615  3.9972992e-05  3.9569195e-05  4.9542662e-05  9.4021282e-05  3.3973747e-05  0.00032256569  0.00016277505  -5.0186199e-05  -1.5740080e-05  -8.2236326e-06  -2.3769538e-05  0.00023135620  6.0743062e-05  5.1672637e-05  1.5340780e-05  6.4831589e-05  
