0.0000000   0.00022548063  0.0015614341  -0.00055208707  0.00089416889  0.00033314655  1.6447144e-05  0.00036446657  5.3001865e-05  0.00016696488  3.8203173e-05  -8.9691497e-05  6.0230957e-05  -4.4453257e-05  4.2768743e-05  -3.9752841e-05  6.8177875e-05  -2.6705594e-05  -0.00021621435  -1.4985130e-05  5.4279255e-05  5.6021837e-05  0.00010202785  5.4337121e-05  -3.2270972e-05  -3.0223228e-05  8.7290091e-05  -4.9563579e-05  -5.2031677e-05  -6.4975574e-06  2.1322157e-05  0.0000000   0.00022548063  0.0015614341  -0.00055208707  0.00089416889  0.00033314655  1.6447144e-05  0.00036446657  5.3001865e-05  0.00016696488  3.8203173e-05  -8.9691497e-05  6.0230957e-05  -4.4453257e-05  4.2768743e-05  -3.9752841e-05  6.8177875e-05  -2.6705594e-05  -0.00021621435  -1.4985130e-05  5.4279255e-05  5.6021837e-05  0.00010202785  5.4337121e-05  -3.2270972e-05  -3.0223228e-05  8.7290091e-05  -4.9563579e-05  -5.2031677e-05  -6.4975574e-06  2.1322157e-05  
-0.00022548063  0.0000000   -0.00028467300  6.1666146e-05  0.0024217249  0.0011155156  0.00057924105  -9.8646557e-05  0.00041533976  -1.5232127e-05  3.3292343e-05  2.9742709e-05  8.3249845e-05  2.8677467e-05  -2.2232230e-05  -2.4992404e-05  0.00038226817  1.7735758e-05  4.8870992e-05  -6.3525100e-06  0.00012772815  -1.4255949e-05  -4.0103188e-05  9.1173947e-05  -0.00010734104  -0.00013406493  -3.6581097e-05  -8.9447707e-05  1.1407597e-05  -7.8960304e-05  -9.6556352e-06  -0.00022548063  0.0000000   -0.00028467300  6.1666146e-05  0.0024217249  0.0011155156  0.00057924105  -9.8646557e-05  0.00041533976  -1.5232127e-05  3.3292343e-05  2.9742709e-05  8.3249845e-05  2.8677467e-05  -2.2232230e-05  -2.4992404e-05  0.00038226817  1.7735758e-05  4.8870992e-05  -6.3525100e-06  0.00012772815  -1.4255949e-05  -4.0103188e-05  9.1173947e-05  -0.00010734104  -0.00013406493  -3.6581097e-05  -8.9447707e-05  1.1407597e-05  -7.8960304e-05  -9.6556352e-06  
-0.0015614341  0.00028467300  0.0000000   0.00018661741  -0.00025124090  -0.00013819538  2.9716067e-05  -8.1986209e-05  1.4632942e-05  0.00018961979  0.00017617079  8.1402847e-05  2.2719895e-06  5.5965394e-05  0.00028479370  1.0382599e-05  2.4889617e-05  7.7682476e-06  4.2215066e-05  0.00029316780  1.1653016e-05  0.00016776407  4.7802691e-05  1.7570482e-06  1.7196791e-05  5.3719183e-06  1.5140541e-05  2.8789917e-06  -7.8544700e-05  -1.6334647e-07  -4.2379190e-06  -0.0015614341  0.00028467300  0.0000000   0.00018661741  -0.00025124090  -0.00013819538  2.9716067e-05  -8.1986209e-05  1.4632942e-05  0.00018961979  0.00017617079  8.1402847e-05  2.2719895e-06  5.5965394e-05  0.00028479370  1.0382599e-05  2.4889617e-05  7.7682476e-06  4.2215066e-05  0.00029316780  1.1653016e-05  0.00016776407  4.7802691e-05  1.7570482e-06  1.7196791e-05  5.3719183e-06  1.5140541e-05  2.8789917e-06  -7.8544700e-05  -1.6334647e-07  -4.2379190e-06  
0.00055208707  -6.1666146e-05  -0.00018661741  0.0000000   -0.0033238538  -0.0087879881  -0.00040396773  0.00014250661  8.4474763e-05  -0.00014716656  -5.8999150e-05  -6.9977302e-05  -0.00038119356  -8.7085002e-05  2.5332672e-05  6.2824835e-08  0.00014066240  6.1933834e-05  -4.4686117e-05  4.1376041e-05  -6.7484736e-05  6.3399555e-06  3.7020863e-05  -0.00016480740  -3.8816483e-05  0.00014259330  -6.5975975e-06  0.00012006716  -3.8755446e-05  -8.3347066e-05  -4.1956581e-05  0.00055208707  -6.1666146e-05  -0.00018661741  0.0000000   -0.0033238538  -0.0087879881  -0.00040396773  0.00014250661  8.4474763e-05  -0.00014716656  -5.8999150e-05  -6.9977302e-05  -0.00038119356  -8.7085002e-05  2.5332672e-05  6.2824835e-08  0.00014066240  6.1933834e-05  -4.4686117e-05  4.1376041e-05  -6.7484736e-05  6.3399555e-06  3.7020863e-05  -0.00016480740  -3.8816483e-05  0.00014259330  -6.5975975e-06  0.00012006716  -3.8755446e-05  -8.3347066e-05  -4.1956581e-05  
-0.00089416889  -0.0024217249  0.00025124090  0.0033238538  0.0000000   0.0054060851  0.0017492698  -7.1772447e-05  0.00018677733  8.7874678e-05  6.3174547e-06  0.00015117568  -0.00012968545  6.3867312e-05  -3.0714144e-05  -1.8071140e-05  0.00024096701  -0.00012920002  1.5624595e-05  -1.5031537e-05  -3.6946702e-05  5.0579016e-06  7.3432731e-06  -0.00010329260  0.00012481889  0.00012466575  4.1638817e-05  0.00019809661  2.5656961e-05  -5.4124891e-05  -0.00017359478  -0.00089416889  -0.0024217249  0.00025124090  0.0033238538  0.0000000   0.0054060851  0.0017492698  -7.1772447e-05  0.00018677733  8.7874678e-05  6.3174547e-06  0.00015117568  -0.00012968545  6.3867312e-05  -3.0714144e-05  -1.8071140e-05  0.00024096701  -0.00012920002  1.5624595e-05  -1.5031537e-05  -3.6946702e-05  5.0579016e-06  7.3432731e-06  -0.00010329260  0.00012481889  0.00012466575  4.1638817e-05  0.00019809661  2.5656961e-05  -5.4124891e-05  -0.00017359478  
-0.00033314655  -0.0011155156  0.00013819538  0.0087879881  -0.0054060851  0.0000000   0.0010451397  1.3696490e-05  0.00088547096  -2.4751442e-05  -0.00012276855  -3.7645357e-05  -9.7629604e-05  1.6884847e-05  1.7667624e-05  4.5420251e-05  0.00014981905  0.00012960381  3.0709812e-05  -1.2732272e-05  -0.00044559183  3.3905477e-05  5.2224289e-05  -0.00036940389  0.00012508404  -0.00010302819  3.9423287e-05  8.5980806e-05  9.4084151e-06  -9.6822947e-05  -5.8279603e-05  -0.00033314655  -0.0011155156  0.00013819538  0.0087879881  -0.0054060851  0.0000000   0.0010451397  1.3696490e-05  0.00088547096  -2.4751442e-05  -0.00012276855  -3.7645357e-05  -9.7629604e-05  1.6884847e-05  1.7667624e-05  4.5420251e-05  0.00014981905  0.00012960381  3.0709812e-05  -1.2732272e-05  -0.00044559183  3.3905477e-05  5.2224289e-05  -0.00036940389  0.00012508404  -0.00010302819  3.9423287e-05  8.5980806e-05  9.4084151e-06  -9.6822947e-05  -5.8279603e-05  
-1.6447144e-05  -0.00057924105  -2.9716067e-05  0.00040396773  -0.0017492698  -0.0010451397  0.0000000   -3.5691481e-05  -0.0017707600  -5.6093584e-05  -0.00010151134  0.00014272446  0.00050748245  3.7374462e-05  -1.3830838e-05  -1.3006470e-05  5.6095620e-05  6.7274103e-07  1.1758377e-05  -2.4669300e-06  -0.00031607406  3.9629939e-05  1.9660520e-05  -0.00013190532  0.00020948226  -0.00019177407  2.8344325e-05  0.00017222945  1.1051970e-05  0.00012749726  6.8572068e-05  -1.6447144e-05  -0.00057924105  -2.9716067e-05  0.00040396773  -0.0017492698  -0.0010451397  0.0000000   -3.5691481e-05  -0.0017707600  -5.6093584e-05  -0.00010151134  0.00014272446  0.00050748245  3.7374462e-05  -1.3830838e-05  -1.3006470e-05  5.6095620e-05  6.7274103e-07  1.1758377e-05  -2.4669300e-06  -0.00031607406  3.9629939e-05  1.9660520e-05  -0.00013190532  0.00020948226  -0.00019177407  2.8344325e-05  0.00017222945  1.1051970e-05  0.00012749726  6.8572068e-05  
-0.00036446657  9.8646557e-05  8.1986209e-05  -0.00014250661  7.1772447e-05  -1.3696490e-05  3.5691481e-05  0.0000000   -1.6261539e-07  -0.00038451197  0.00048741595  -9.8540845e-06  -4.2148304e-05  0.00012386284  5.8128168e-05  3.8975558e-06  -1.0602598e-05  1.9079241e-06  4.0325910e-06  -6.8219092e-05  2.1067996e-05  -5.4641856e-05  0.00010034316  1.4736271e-05  -1.7928921e-05  1.7518000e-06  2.2339956e-05  -9.1989119e-06  5.0959177e-05  3.1976163e-06  -7.8572832e-06  -0.00036446657  9.8646557e-05  8.1986209e-05  -0.00014250661  7.1772447e-05  -1.3696490e-05  3.5691481e-05  0.0000000   -1.6261539e-07  -0.00038451197  0.00048741595  -9.8540845e-06  -4.2148304e-05  0.00012386284  5.8128168e-05  3.8975558e-06  -1.0602598e-05  1.9079241e-06  4.0325910e-06  -6.8219092e-05  2.1067996e-05  -5.4641856e-05  0.00010034316  1.4736271e-05  -1.7928921e-05  1.7518000e-06  2.2339956e-05  -9.1989119e-06  5.0959177e-05  3.1976163e-06  -7.8572832e-06  
-5.3001865e-05  -0.00041533976  -1.4632942e-05  -8.4474763e-05  -0.00018677733  -0.00088547096  0.0017707600  1.6261539e-07  0.0000000   1.0037321e-05  0.00016312746  0.00040283823  -0.00082766717  -1.3511873e-05  1.9714057e-05  -1.2994754e-05  -0.00023038830  -0.00032771917  3.7767752e-05  2.6505167e-05  0.00020481505  -3.5438919e-05  -1.0054383e-06  2.8549550e-05  -5.9603325e-05  9.1611317e-05  1.6130731e-05  0.00010130767  -1.8975822e-05  -0.00011640304  -0.00015436409  -5.3001865e-05  -0.00041533976  -1.4632942e-05  -8.4474763e-05  -0.00018677733  -0.00088547096  0.0017707600  1.6261539e-07  0.0000000   1.0037321e-05  0.00016312746  0.00040283823  -0.00082766717  -1.3511873e-05  1.9714057e-05  -1.2994754e-05  -0.00023038830  -0.00032771917  3.7767752e-05  2.6505167e-05  0.00020481505  -3.5438919e-05  -1.0054383e-06  2.8549550e-05  -5.9603325e-05  9.1611317e-05  1.6130731e-05  0.00010130767  -1.8975822e-05  -0.00011640304  -0.00015436409  
-0.00016696488  1.5232127e-05  -0.00018961979  0.00014716656  -8.7874678e-05  2.4751442e-05  5.6093584e-05  0.00038451197  -1.0037321e-05  0.0000000   -0.00039826693  0.00086312787  -5.8987261e-05  0.00084998249  9.4148106e-05  0.00038736760  4.1243718e-05  -6.6252217e-06  8.6223409e-05  -0.00017862232  -1.9011179e-05  -0.00016285257  -0.00031473628  -3.9718895e-05  -9.4585928e-06  -2.0815951e-06  0.00014206176  3.0622092e-06  1.4547787e-05  -9.4606156e-06  -5.7673790e-05  -0.00016696488  1.5232127e-05  -0.00018961979  0.00014716656  -8.7874678e-05  2.4751442e-05  5.6093584e-05  0.00038451197  -1.0037321e-05  0.0000000   -0.00039826693  0.00086312787  -5.8987261e-05  0.00084998249  9.4148106e-05  0.00038736760  4.1243718e-05  -6.6252217e-06  8.6223409e-05  -0.00017862232  -1.9011179e-05  -0.00016285257  -0.00031473628  -3.9718895e-05  -9.4585928e-06  -2.0815951e-06  0.00014206176  3.0622092e-06  1.4547787e-05  -9.4606156e-06  -5.7673790e-05  
-3.8203173e-05  -3.3292343e-05  -0.00017617079  5.8999150e-05  -6.3174547e-06  0.00012276855  0.00010151134  -0.00048741595  -0.00016312746  0.00039826693  0.0000000   -0.0094570125  -0.00020955191  -0.0013158680  0.00030645103  -5.2159092e-05  -8.5996333e-05  7.4155733e-05  -0.00061175769  7.6850887e-05  4.0964918e-06  -7.4855526e-05  3.0114199e-05  -7.6640642e-06  6.9344150e-05  1.5990959e-05  4.7876824e-05  -5.3590521e-05  -0.00017659056  1.0755674e-05  5.6953506e-05  -3.8203173e-05  -3.3292343e-05  -0.00017617079  5.8999150e-05  -6.3174547e-06  0.00012276855  0.00010151134  -0.00048741595  -0.00016312746  0.00039826693  0.0000000   -0.0094570125  -0.00020955191  -0.0013158680  0.00030645103  -5.2159092e-05  -8.5996333e-05  7.4155733e-05  -0.00061175769  7.6850887e-05  4.0964918e-06  -7.4855526e-05  3.0114199e-05  -7.6640642e-06  6.9344150e-05  1.5990959e-05  4.7876824e-05  -5.3590521e-05  -0.00017659056  1.0755674e-05  5.6953506e-05  
8.9691497e-05  -2.9742709e-05  -8.1402847e-05  6.9977302e-05  -0.00015117568  3.7645357e-05  -0.00014272446  9.8540845e-06  -0.00040283823  -0.00086312787  0.0094570125  0.0000000   0.00043833424  0.00046113504  -3.7527523e-05  0.00075740873  9.8192274e-05  3.5673204e-05  -3.4195372e-05  0.00012949727  -0.00012832122  7.3350617e-05  -6.5082085e-05  -7.1574262e-05  -1.0624203e-06  1.5011070e-05  0.00022198901  -2.6860707e-05  0.00020146644  4.6393027e-05  -1.2774849e-05  8.9691497e-05  -2.9742709e-05  -8.1402847e-05  6.9977302e-05  -0.00015117568  3.7645357e-05  -0.00014272446  9.8540845e-06  -0.00040283823  -0.00086312787  0.0094570125  0.0000000   0.00043833424  0.00046113504  -3.7527523e-05  0.00075740873  9.8192274e-05  3.5673204e-05  -3.4195372e-05  0.00012949727  -0.00012832122  7.3350617e-05  -6.5082085e-05  -7.1574262e-05  -1.0624203e-06  1.5011070e-05  0.00022198901  -2.6860707e-05  0.00020146644  4.6393027e-05  -1.2774849e-05  
-6.0230957e-05  -8.3249845e-05  -2.2719895e-06  0.00038119356  0.00012968545  9.7629604e-05  -0.00050748245  4.2148304e-05  0.00082766717  5.8987261e-05  0.00020955191  -0.00043833424  0.0000000   -6.9745954e-05  0.00011236575  9.2385386e-05  -0.0011471350  0.00064472738  -9.5236251e-05  3.6524532e-05  -0.00017949201  -3.4087382e-05  2.5719583e-05  -0.00044793739  -0.00029476979  -0.00021001442  6.0348808e-05  0.00025149869  2.8591703e-05  -0.00014836412  0.00019968269  -6.0230957e-05  -8.3249845e-05  -2.2719895e-06  0.00038119356  0.00012968545  9.7629604e-05  -0.00050748245  4.2148304e-05  0.00082766717  5.8987261e-05  0.00020955191  -0.00043833424  0.0000000   -6.9745954e-05  0.00011236575  9.2385386e-05  -0.0011471350  0.00064472738  -9.5236251e-05  3.6524532e-05  -0.00017949201  -3.4087382e-05  2.5719583e-05  -0.00044793739  -0.00029476979  -0.00021001442  6.0348808e-05  0.00025149869  2.8591703e-05  -0.00014836412  0.00019968269  
4.4453257e-05  -2.8677467e-05  -5.5965394e-05  8.7085002e-05  -6.3867312e-05  -1.6884847e-05  -3.7374462e-05  -0.00012386284  1.3511873e-05  -0.00084998249  0.0013158680  -0.00046113504  6.9745954e-05  0.0000000   -0.00047763477  -0.00036785627  -7.8583045e-05  -2.6960079e-06  -0.00060582263  -0.00039509151  -2.2790590e-05  0.00012309396  0.00014985971  -2.9736708e-05  -1.5676242e-05  -2.3373457e-06  -0.00014443479  2.3070946e-05  0.00011361942  1.6730232e-05  2.6762004e-05  4.4453257e-05  -2.8677467e-05  -5.5965394e-05  8.7085002e-05  -6.3867312e-05  -1.6884847e-05  -3.7374462e-05  -0.00012386284  1.3511873e-05  -0.00084998249  0.0013158680  -0.00046113504  6.9745954e-05  0.0000000   -0.00047763477  -0.00036785627  -7.8583045e-05  -2.6960079e-06  -0.00060582263  -0.00039509151  -2.2790590e-05  0.00012309396  0.00014985971  -2.9736708e-05  -1.5676242e-05  -2.3373457e-06  -0.00014443479  2.3070946e-05  0.00011361942  1.6730232e-05  2.6762004e-05  
-4.2768743e-05  2.2232230e-05  -0.00028479370  -2.5332672e-05  3.0714144e-05  -1.7667624e-05  1.3830838e-05  -5.8128168e-05  -1.9714057e-05  -9.4148106e-05  -0.00030645103  3.7527523e-05  -0.00011236575  0.00047763477  0.0000000   0.0010615330  4.0247603e-05  5.1038859e-05  0.00019952212  -0.00038152375  -4.0288744e-05  -0.00042173130  0.00026008352  9.3768729e-06  -6.1147516e-06  -1.7739761e-05  -8.4482429e-05  -1.2740441e-05  0.00032063759  1.4202797e-05  3.5725600e-06  -4.2768743e-05  2.2232230e-05  -0.00028479370  -2.5332672e-05  3.0714144e-05  -1.7667624e-05  1.3830838e-05  -5.8128168e-05  -1.9714057e-05  -9.4148106e-05  -0.00030645103  3.7527523e-05  -0.00011236575  0.00047763477  0.0000000   0.0010615330  4.0247603e-05  5.1038859e-05  0.00019952212  -0.00038152375  -4.0288744e-05  -0.00042173130  0.00026008352  9.3768729e-06  -6.1147516e-06  -1.7739761e-05  -8.4482429e-05  -1.2740441e-05  0.00032063759  1.4202797e-05  3.5725600e-06  
3.9752841e-05  2.4992404e-05  -1.0382599e-05  -6.2824835e-08  1.8071140e-05  -4.5420251e-05  1.3006470e-05  -3.8975558e-06  1.2994754e-05  -0.00038736760  5.2159092e-05  -0.00075740873  -9.2385386e-05  0.00036785627  -0.0010615330  0.0000000   -8.2002357e-05  3.5976342e-05  -0.00018233571  -0.00025128737  -1.2748381e-05  0.00050732961  -0.00034232101  -4.6018215e-05  -3.6262630e-05  -3.1311807e-05  -0.00030405434  2.9186258e-05  0.00017197079  2.8294376e-05  -1.0521211e-05  3.9752841e-05  2.4992404e-05  -1.0382599e-05  -6.2824835e-08  1.8071140e-05  -4.5420251e-05  1.3006470e-05  -3.8975558e-06  1.2994754e-05  -0.00038736760  5.2159092e-05  -0.00075740873  -9.2385386e-05  0.00036785627  -0.0010615330  0.0000000   -8.2002357e-05  3.5976342e-05  -0.00018233571  -0.00025128737  -1.2748381e-05  0.00050732961  -0.00034232101  -4.6018215e-05  -3.6262630e-05  -3.1311807e-05  -0.00030405434  2.9186258e-05  0.00017197079  2.8294376e-05  -1.0521211e-05  
-6.8177875e-05  -0.00038226817  -2.4889617e-05  -0.00014066240  -0.00024096701  -0.00014981905  -5.6095620e-05  1.0602598e-05  0.00023038830  -4.1243718e-05  8.5996333e-05  -9.8192274e-05  0.0011471350  7.8583045e-05  -4.0247603e-05  8.2002357e-05  0.0000000   -0.00063481302  6.4291174e-05  -3.6389890e-05  0.00084541981  -3.4924932e-05  -8.8994706e-06  -0.00010139085  0.00041949807  0.00060195274  3.5676649e-07  -1.2356543e-05  1.1595778e-05  0.00020467828  -4.6392582e-05  -6.8177875e-05  -0.00038226817  -2.4889617e-05  -0.00014066240  -0.00024096701  -0.00014981905  -5.6095620e-05  1.0602598e-05  0.00023038830  -4.1243718e-05  8.5996333e-05  -9.8192274e-05  0.0011471350  7.8583045e-05  -4.0247603e-05  8.2002357e-05  0.0000000   -0.00063481302  6.4291174e-05  -3.6389890e-05  0.00084541981  -3.4924932e-05  -8.8994706e-06  -0.00010139085  0.00041949807  0.00060195274  3.5676649e-07  -1.2356543e-05  1.1595778e-05  0.00020467828  -4.6392582e-05  
2.6705594e-05  -1.7735758e-05  -7.7682476e-06  -6.1933834e-05  0.00012920002  -0.00012960381  -6.7274103e-07  -1.9079241e-06  0.00032771917  6.6252217e-06  -7.4155733e-05  -3.5673204e-05  -0.00064472738  2.6960079e-06  -5.1038859e-05  -3.5976342e-05  0.00063481302  0.0000000   -2.2167445e-06  0.00012261296  0.0011058661  -2.3164288e-05  -3.4506652e-05  0.00035680190  8.0350974e-05  1.7574116e-05  -8.4651768e-05  -0.00031591162  -3.8378681e-05  9.5456511e-05  -0.00015858327  2.6705594e-05  -1.7735758e-05  -7.7682476e-06  -6.1933834e-05  0.00012920002  -0.00012960381  -6.7274103e-07  -1.9079241e-06  0.00032771917  6.6252217e-06  -7.4155733e-05  -3.5673204e-05  -0.00064472738  2.6960079e-06  -5.1038859e-05  -3.5976342e-05  0.00063481302  0.0000000   -2.2167445e-06  0.00012261296  0.0011058661  -2.3164288e-05  -3.4506652e-05  0.00035680190  8.0350974e-05  1.7574116e-05  -8.4651768e-05  -0.00031591162  -3.8378681e-05  9.5456511e-05  -0.00015858327  
0.00021621435  -4.8870992e-05  -4.2215066e-05  4.4686117e-05  -1.5624595e-05  -3.0709812e-05  -1.1758377e-05  -4.0325910e-06  -3.7767752e-05  -8.6223409e-05  0.00061175769  3.4195372e-05  9.5236251e-05  0.00060582263  -0.00019952212  0.00018233571  -6.4291174e-05  2.2167445e-06  0.0000000   0.0029220087  0.00010978302  0.0019122310  0.00011414915  7.2375053e-05  8.3840589e-05  -2.8742480e-05  -0.00036734554  5.3119071e-05  -0.00011100395  7.5123372e-06  -3.1495590e-05  0.00021621435  -4.8870992e-05  -4.2215066e-05  4.4686117e-05  -1.5624595e-05  -3.0709812e-05  -1.1758377e-05  -4.0325910e-06  -3.7767752e-05  -8.6223409e-05  0.00061175769  3.4195372e-05  9.5236251e-05  0.00060582263  -0.00019952212  0.00018233571  -6.4291174e-05  2.2167445e-06  0.0000000   0.0029220087  0.00010978302  0.0019122310  0.00011414915  7.2375053e-05  8.3840589e-05  -2.8742480e-05  -0.00036734554  5.3119071e-05  -0.00011100395  7.5123372e-06  -3.1495590e-05  
1.4985130e-05  6.3525100e-06  -0.00029316780  -4.1376041e-05  1.5031537e-05  1.2732272e-05  2.4669300e-06  6.8219092e-05  -2.6505167e-05  0.00017862232  -7.6850887e-05  -0.00012949727  -3.6524532e-05  0.00039509151  0.00038152375  0.00025128737  3.6389890e-05  -0.00012261296  -0.0029220087  0.0000000   -0.00019535070  -0.0027936488  -0.00072126990  -4.8443168e-05  -6.9676295e-05  3.3879578e-05  -1.5327048e-05  -1.1066150e-05  4.3638755e-05  8.6451410e-05  -3.8900415e-05  1.4985130e-05  6.3525100e-06  -0.00029316780  -4.1376041e-05  1.5031537e-05  1.2732272e-05  2.4669300e-06  6.8219092e-05  -2.6505167e-05  0.00017862232  -7.6850887e-05  -0.00012949727  -3.6524532e-05  0.00039509151  0.00038152375  0.00025128737  3.6389890e-05  -0.00012261296  -0.0029220087  0.0000000   -0.00019535070  -0.0027936488  -0.00072126990  -4.8443168e-05  -6.9676295e-05  3.3879578e-05  -1.5327048e-05  -1.1066150e-05  4.3638755e-05  8.6451410e-05  -3.8900415e-05  
-5.4279255e-05  -0.00012772815  -1.1653016e-05  6.7484736e-05  3.6946702e-05  0.00044559183  0.00031607406  -2.1067996e-05  -0.00020481505  1.9011179e-05  -4.0964918e-06  0.00012832122  0.00017949201  2.2790590e-05  4.0288744e-05  1.2748381e-05  -0.00084541981  -0.0011058661  -0.00010978302  0.00019535070  0.0000000   -5.2549581e-05  -0.00021973340  0.0010136368  0.00056999323  -0.00020679327  -2.2561851e-05  -0.00059338857  -6.1814363e-05  0.00014083632  -8.3591034e-05  -5.4279255e-05  -0.00012772815  -1.1653016e-05  6.7484736e-05  3.6946702e-05  0.00044559183  0.00031607406  -2.1067996e-05  -0.00020481505  1.9011179e-05  -4.0964918e-06  0.00012832122  0.00017949201  2.2790590e-05  4.0288744e-05  1.2748381e-05  -0.00084541981  -0.0011058661  -0.00010978302  0.00019535070  0.0000000   -5.2549581e-05  -0.00021973340  0.0010136368  0.00056999323  -0.00020679327  -2.2561851e-05  -0.00059338857  -6.1814363e-05  0.00014083632  -8.3591034e-05  
-5.6021837e-05  1.4255949e-05  -0.00016776407  -6.3399555e-06  -5.0579016e-06  -3.3905477e-05  -3.9629939e-05  5.4641856e-05  3.5438919e-05  0.00016285257  7.4855526e-05  -7.3350617e-05  3.4087382e-05  -0.00012309396  0.00042173130  -0.00050732961  3.4924932e-05  2.3164288e-05  -0.0019122310  0.0027936488  5.2549581e-05  0.0000000   -0.0015312286  -0.00012181741  -8.2078126e-05  1.9288303e-05  0.00039742834  5.0451415e-05  -0.00037205781  1.2032980e-07  6.7907434e-06  -5.6021837e-05  1.4255949e-05  -0.00016776407  -6.3399555e-06  -5.0579016e-06  -3.3905477e-05  -3.9629939e-05  5.4641856e-05  3.5438919e-05  0.00016285257  7.4855526e-05  -7.3350617e-05  3.4087382e-05  -0.00012309396  0.00042173130  -0.00050732961  3.4924932e-05  2.3164288e-05  -0.0019122310  0.0027936488  5.2549581e-05  0.0000000   -0.0015312286  -0.00012181741  -8.2078126e-05  1.9288303e-05  0.00039742834  5.0451415e-05  -0.00037205781  1.2032980e-07  6.7907434e-06  
-0.00010202785  4.0103188e-05  -4.7802691e-05  -3.7020863e-05  -7.3432731e-06  -5.2224289e-05  -1.9660520e-05  -0.00010034316  1.0054383e-06  0.00031473628  -3.0114199e-05  6.5082085e-05  -2.5719583e-05  -0.00014985971  -0.00026008352  0.00034232101  8.8994706e-06  3.4506652e-05  -0.00011414915  0.00072126990  0.00021973340  0.0015312286  0.0000000   4.6597425e-05  -7.9133237e-05  -5.4468081e-05  1.3108556e-05  2.3981634e-05  0.00010313841  -1.1233653e-05  -1.0705968e-05  -0.00010202785  4.0103188e-05  -4.7802691e-05  -3.7020863e-05  -7.3432731e-06  -5.2224289e-05  -1.9660520e-05  -0.00010034316  1.0054383e-06  0.00031473628  -3.0114199e-05  6.5082085e-05  -2.5719583e-05  -0.00014985971  -0.00026008352  0.00034232101  8.8994706e-06  3.4506652e-05  -0.00011414915  0.00072126990  0.00021973340  0.0015312286  0.0000000   4.6597425e-05  -7.9133237e-05  -5.4468081e-05  1.3108556e-05  2.3981634e-05  0.00010313841  -1.1233653e-05  -1.0705968e-05  
-5.4337121e-05  -9.1173947e-05  -1.7570482e-06  0.00016480740  0.00010329260  0.00036940389  0.00013190532  -1.4736271e-05  -2.8549550e-05  3.9718895e-05  7.6640642e-06  7.1574262e-05  0.00044793739  2.9736708e-05  -9.3768729e-06  4.6018215e-05  0.00010139085  -0.00035680190  -7.2375053e-05  4.8443168e-05  -0.0010136368  0.00012181741  -4.6597425e-05  0.0000000   0.0016097528  0.00059583993  1.4289643e-05  -0.00030438991  -1.9459493e-05  -6.2699691e-05  4.8774603e-05  -5.4337121e-05  -9.1173947e-05  -1.7570482e-06  0.00016480740  0.00010329260  0.00036940389  0.00013190532  -1.4736271e-05  -2.8549550e-05  3.9718895e-05  7.6640642e-06  7.1574262e-05  0.00044793739  2.9736708e-05  -9.3768729e-06  4.6018215e-05  0.00010139085  -0.00035680190  -7.2375053e-05  4.8443168e-05  -0.0010136368  0.00012181741  -4.6597425e-05  0.0000000   0.0016097528  0.00059583993  1.4289643e-05  -0.00030438991  -1.9459493e-05  -6.2699691e-05  4.8774603e-05  
3.2270972e-05  0.00010734104  -1.7196791e-05  3.8816483e-05  -0.00012481889  -0.00012508404  -0.00020948226  1.7928921e-05  5.9603325e-05  9.4585928e-06  -6.9344150e-05  1.0624203e-06  0.00029476979  1.5676242e-05  6.1147516e-06  3.6262630e-05  -0.00041949807  -8.0350974e-05  -8.3840589e-05  6.9676295e-05  -0.00056999323  8.2078126e-05  7.9133237e-05  -0.0016097528  0.0000000   0.0013579391  -3.9753363e-05  -0.00037554388  -6.1504612e-06  0.00043469709  0.00040278583  3.2270972e-05  0.00010734104  -1.7196791e-05  3.8816483e-05  -0.00012481889  -0.00012508404  -0.00020948226  1.7928921e-05  5.9603325e-05  9.4585928e-06  -6.9344150e-05  1.0624203e-06  0.00029476979  1.5676242e-05  6.1147516e-06  3.6262630e-05  -0.00041949807  -8.0350974e-05  -8.3840589e-05  6.9676295e-05  -0.00056999323  8.2078126e-05  7.9133237e-05  -0.0016097528  0.0000000   0.0013579391  -3.9753363e-05  -0.00037554388  -6.1504612e-06  0.00043469709  0.00040278583  
3.0223228e-05  0.00013406493  -5.3719183e-06  -0.00014259330  -0.00012466575  0.00010302819  0.00019177407  -1.7518000e-06  -9.1611317e-05  2.0815951e-06  -1.5990959e-05  -1.5011070e-05  0.00021001442  2.3373457e-06  1.7739761e-05  3.1311807e-05  -0.00060195274  -1.7574116e-05  2.8742480e-05  -3.3879578e-05  0.00020679327  -1.9288303e-05  5.4468081e-05  -0.00059583993  -0.0013579391  0.0000000   -2.8012126e-05  -4.6011309e-05  3.6535627e-05  -0.00019705127  -8.0646604e-05  3.0223228e-05  0.00013406493  -5.3719183e-06  -0.00014259330  -0.00012466575  0.00010302819  0.00019177407  -1.7518000e-06  -9.1611317e-05  2.0815951e-06  -1.5990959e-05  -1.5011070e-05  0.00021001442  2.3373457e-06  1.7739761e-05  3.1311807e-05  -0.00060195274  -1.7574116e-05  2.8742480e-05  -3.3879578e-05  0.00020679327  -1.9288303e-05  5.4468081e-05  -0.00059583993  -0.0013579391  0.0000000   -2.8012126e-05  -4.6011309e-05  3.6535627e-05  -0.00019705127  -8.0646604e-05  
-8.7290091e-05  3.6581097e-05  -1.5140541e-05  6.5975975e-06  -4.1638817e-05  -3.9423287e-05  -2.8344325e-05  -2.2339956e-05  -1.6130731e-05  -0.00014206176  -4.7876824e-05  -0.00022198901  -6.0348808e-05  0.00014443479  8.4482429e-05  0.00030405434  -3.5676649e-07  8.4651768e-05  0.00036734554  1.5327048e-05  2.2561851e-05  -0.00039742834  -1.3108556e-05  -1.4289643e-05  3.9753363e-05  2.8012126e-05  0.0000000   -2.5034297e-05  0.00050949522  0.00022712293  0.00012886074  -8.7290091e-05  3.6581097e-05  -1.5140541e-05  6.5975975e-06  -4.1638817e-05  -3.9423287e-05  -2.8344325e-05  -2.2339956e-05  -1.6130731e-05  -0.00014206176  -4.7876824e-05  -0.00022198901  -6.0348808e-05  0.00014443479  8.4482429e-05  0.00030405434  -3.5676649e-07  8.4651768e-05  0.00036734554  1.5327048e-05  2.2561851e-05  -0.00039742834  -1.3108556e-05  -1.4289643e-05  3.9753363e-05  2.8012126e-05  0.0000000   -2.5034297e-05  0.00050949522  0.00022712293  0.00012886074  
4.9563579e-05  8.9447707e-05  -2.8789917e-06  -0.00012006716  -0.00019809661  -8.5980806e-05  -0.00017222945  9.1989119e-06  -0.00010130767  -3.0622092e-06  5.3590521e-05  2.6860707e-05  -0.00025149869  -2.3070946e-05  1.2740441e-05  -2.9186258e-05  1.2356543e-05  0.00031591162  -5.3119071e-05  1.1066150e-05  0.00059338857  -5.0451415e-05  -2.3981634e-05  0.00030438991  0.00037554388  4.6011309e-05  2.5034297e-05  0.0000000   -4.3631350e-05  0.00045718226  0.00026858706  4.9563579e-05  8.9447707e-05  -2.8789917e-06  -0.00012006716  -0.00019809661  -8.5980806e-05  -0.00017222945  9.1989119e-06  -0.00010130767  -3.0622092e-06  5.3590521e-05  2.6860707e-05  -0.00025149869  -2.3070946e-05  1.2740441e-05  -2.9186258e-05  1.2356543e-05  0.00031591162  -5.3119071e-05  1.1066150e-05  0.00059338857  -5.0451415e-05  -2.3981634e-05  0.00030438991  0.00037554388  4.6011309e-05  2.5034297e-05  0.0000000   -4.3631350e-05  0.00045718226  0.00026858706  
5.2031677e-05  -1.1407597e-05  7.8544700e-05  3.8755446e-05  -2.5656961e-05  -9.4084151e-06  -1.1051970e-05  -5.0959177e-05  1.8975822e-05  -1.4547787e-05  0.00017659056  -0.00020146644  -2.8591703e-05  -0.00011361942  -0.00032063759  -0.00017197079  -1.1595778e-05  3.8378681e-05  0.00011100395  -4.3638755e-05  6.1814363e-05  0.00037205781  -0.00010313841  1.9459493e-05  6.1504612e-06  -3.6535627e-05  -0.00050949522  4.3631350e-05  0.0000000   0.00057198449  -2.7718558e-05  5.2031677e-05  -1.1407597e-05  7.8544700e-05  3.8755446e-05  -2.5656961e-05  -9.4084151e-06  -1.1051970e-05  -5.0959177e-05  1.8975822e-05  -1.4547787e-05  0.00017659056  -0.00020146644  -2.8591703e-05  -0.00011361942  -0.00032063759  -0.00017197079  -1.1595778e-05  3.8378681e-05  0.00011100395  -4.3638755e-05  6.1814363e-05  0.00037205781  -0.00010313841  1.9459493e-05  6.1504612e-06  -3.6535627e-05  -0.00050949522  4.3631350e-05  0.0000000   0.00057198449  -2.7718558e-05  
6.4975574e-06  7.8960304e-05  1.6334647e-07  8.3347066e-05  5.4124891e-05  9.6822947e-05  -0.00012749726  -3.1976163e-06  0.00011640304  9.4606156e-06  -1.0755674e-05  -4.6393027e-05  0.00014836412  -1.6730232e-05  -1.4202797e-05  -2.8294376e-05  -0.00020467828  -9.5456511e-05  -7.5123372e-06  -8.6451410e-05  -0.00014083632  -1.2032980e-07  1.1233653e-05  6.2699691e-05  -0.00043469709  0.00019705127  -0.00022712293  -0.00045718226  -0.00057198449  0.0000000   -0.0087978652  6.4975574e-06  7.8960304e-05  1.6334647e-07  8.3347066e-05  5.4124891e-05  9.6822947e-05  -0.00012749726  -3.1976163e-06  0.00011640304  9.4606156e-06  -1.0755674e-05  -4.6393027e-05  0.00014836412  -1.6730232e-05  -1.4202797e-05  -2.8294376e-05  -0.00020467828  -9.5456511e-05  -7.5123372e-06  -8.6451410e-05  -0.00014083632  -1.2032980e-07  1.1233653e-05  6.2699691e-05  -0.00043469709  0.00019705127  -0.00022712293  -0.00045718226  -0.00057198449  0.0000000   -0.0087978652  
-2.1322157e-05  9.6556352e-06  4.2379190e-06  4.1956581e-05  0.00017359478  5.8279603e-05  -6.8572068e-05  7.8572832e-06  0.00015436409  5.7673790e-05  -5.6953506e-05  1.2774849e-05  -0.00019968269  -2.6762004e-05  -3.5725600e-06  1.0521211e-05  4.6392582e-05  0.00015858327  3.1495590e-05  3.8900415e-05  8.3591034e-05  -6.7907434e-06  1.0705968e-05  -4.8774603e-05  -0.00040278583  8.0646604e-05  -0.00012886074  -0.00026858706  2.7718558e-05  0.0087978652  0.0000000   -2.1322157e-05  9.6556352e-06  4.2379190e-06  4.1956581e-05  0.00017359478  5.8279603e-05  -6.8572068e-05  7.8572832e-06  0.00015436409  5.7673790e-05  -5.6953506e-05  1.2774849e-05  -0.00019968269  -2.6762004e-05  -3.5725600e-06  1.0521211e-05  4.6392582e-05  0.00015858327  3.1495590e-05  3.8900415e-05  8.3591034e-05  -6.7907434e-06  1.0705968e-05  -4.8774603e-05  -0.00040278583  8.0646604e-05  -0.00012886074  -0.00026858706  2.7718558e-05  0.0087978652  0.0000000   
0.0000000   0.00022548063  0.0015614341  -0.00055208707  0.00089416889  0.00033314655  1.6447144e-05  0.00036446657  5.3001865e-05  0.00016696488  3.8203173e-05  -8.9691497e-05  6.0230957e-05  -4.4453257e-05  4.2768743e-05  -3.9752841e-05  6.8177875e-05  -2.6705594e-05  -0.00021621435  -1.4985130e-05  5.4279255e-05  5.6021837e-05  0.00010202785  5.4337121e-05  -3.2270972e-05  -3.0223228e-05  8.7290091e-05  -4.9563579e-05  -5.2031677e-05  -6.4975574e-06  2.1322157e-05  0.0000000   0.00022548063  0.0015614341  -0.00055208707  0.00089416889  0.00033314655  1.6447144e-05  0.00036446657  5.3001865e-05  0.00016696488  3.8203173e-05  -8.9691497e-05  6.0230957e-05  -4.4453257e-05  4.2768743e-05  -3.9752841e-05  6.8177875e-05  -2.6705594e-05  -0.00021621435  -1.4985130e-05  5.4279255e-05  5.6021837e-05  0.00010202785  5.4337121e-05  -3.2270972e-05  -3.0223228e-05  8.7290091e-05  -4.9563579e-05  -5.2031677e-05  -6.4975574e-06  2.1322157e-05  
-0.00022548063  0.0000000   -0.00028467300  6.1666146e-05  0.0024217249  0.0011155156  0.00057924105  -9.8646557e-05  0.00041533976  -1.5232127e-05  3.3292343e-05  2.9742709e-05  8.3249845e-05  2.8677467e-05  -2.2232230e-05  -2.4992404e-05  0.00038226817  1.7735758e-05  4.8870992e-05  -6.3525100e-06  0.00012772815  -1.4255949e-05  -4.0103188e-05  9.1173947e-05  -0.00010734104  -0.00013406493  -3.6581097e-05  -8.9447707e-05  1.1407597e-05  -7.8960304e-05  -9.6556352e-06  -0.00022548063  0.0000000   -0.00028467300  6.1666146e-05  0.0024217249  0.0011155156  0.00057924105  -9.8646557e-05  0.00041533976  -1.5232127e-05  3.3292343e-05  2.9742709e-05  8.3249845e-05  2.8677467e-05  -2.2232230e-05  -2.4992404e-05  0.00038226817  1.7735758e-05  4.8870992e-05  -6.3525100e-06  0.00012772815  -1.4255949e-05  -4.0103188e-05  9.1173947e-05  -0.00010734104  -0.00013406493  -3.6581097e-05  -8.9447707e-05  1.1407597e-05  -7.8960304e-05  -9.6556352e-06  
-0.0015614341  0.00028467300  0.0000000   0.00018661741  -0.00025124090  -0.00013819538  2.9716067e-05  -8.1986209e-05  1.4632942e-05  0.00018961979  0.00017617079  8.1402847e-05  2.2719895e-06  5.5965394e-05  0.00028479370  1.0382599e-05  2.4889617e-05  7.7682476e-06  4.2215066e-05  0.00029316780  1.1653016e-05  0.00016776407  4.7802691e-05  1.7570482e-06  1.7196791e-05  5.3719183e-06  1.5140541e-05  2.8789917e-06  -7.8544700e-05  -1.6334647e-07  -4.2379190e-06  -0.0015614341  0.00028467300  0.0000000   0.00018661741  -0.00025124090  -0.00013819538  2.9716067e-05  -8.1986209e-05  1.4632942e-05  0.00018961979  0.00017617079  8.1402847e-05  2.2719895e-06  5.5965394e-05  0.00028479370  1.0382599e-05  2.4889617e-05  7.7682476e-06  4.2215066e-05  0.00029316780  1.1653016e-05  0.00016776407  4.7802691e-05  1.7570482e-06  1.7196791e-05  5.3719183e-06  1.5140541e-05  2.8789917e-06  -7.8544700e-05  -1.6334647e-07  -4.2379190e-06  
0.00055208707  -6.1666146e-05  -0.00018661741  0.0000000   -0.0033238538  -0.0087879881  -0.00040396773  0.00014250661  8.4474763e-05  -0.00014716656  -5.8999150e-05  -6.9977302e-05  -0.00038119356  -8.7085002e-05  2.5332672e-05  6.2824835e-08  0.00014066240  6.1933834e-05  -4.4686117e-05  4.1376041e-05  -6.7484736e-05  6.3399555e-06  3.7020863e-05  -0.00016480740  -3.8816483e-05  0.00014259330  -6.5975975e-06  0.00012006716  -3.8755446e-05  -8.3347066e-05  -4.1956581e-05  0.00055208707  -6.1666146e-05  -0.00018661741  0.0000000   -0.0033238538  -0.0087879881  -0.00040396773  0.00014250661  8.4474763e-05  -0.00014716656  -5.8999150e-05  -6.9977302e-05  -0.00038119356  -8.7085002e-05  2.5332672e-05  6.2824835e-08  0.00014066240  6.1933834e-05  -4.4686117e-05  4.1376041e-05  -6.7484736e-05  6.3399555e-06  3.7020863e-05  -0.00016480740  -3.8816483e-05  0.00014259330  -6.5975975e-06  0.00012006716  -3.8755446e-05  -8.3347066e-05  -4.1956581e-05  
-0.00089416889  -0.0024217249  0.00025124090  0.0033238538  0.0000000   0.0054060851  0.0017492698  -7.1772447e-05  0.00018677733  8.7874678e-05  6.3174547e-06  0.00015117568  -0.00012968545  6.3867312e-05  -3.0714144e-05  -1.8071140e-05  0.00024096701  -0.00012920002  1.5624595e-05  -1.5031537e-05  -3.6946702e-05  5.0579016e-06  7.3432731e-06  -0.00010329260  0.00012481889  0.00012466575  4.1638817e-05  0.00019809661  2.5656961e-05  -5.4124891e-05  -0.00017359478  -0.00089416889  -0.0024217249  0.00025124090  0.0033238538  0.0000000   0.0054060851  0.0017492698  -7.1772447e-05  0.00018677733  8.7874678e-05  6.3174547e-06  0.00015117568  -0.00012968545  6.3867312e-05  -3.0714144e-05  -1.8071140e-05  0.00024096701  -0.00012920002  1.5624595e-05  -1.5031537e-05  -3.6946702e-05  5.0579016e-06  7.3432731e-06  -0.00010329260  0.00012481889  0.00012466575  4.1638817e-05  0.00019809661  2.5656961e-05  -5.4124891e-05  -0.00017359478  
-0.00033314655  -0.0011155156  0.00013819538  0.0087879881  -0.0054060851  0.0000000   0.0010451397  1.3696490e-05  0.00088547096  -2.4751442e-05  -0.00012276855  -3.7645357e-05  -9.7629604e-05  1.6884847e-05  1.7667624e-05  4.5420251e-05  0.00014981905  0.00012960381  3.0709812e-05  -1.2732272e-05  -0.00044559183  3.3905477e-05  5.2224289e-05  -0.00036940389  0.00012508404  -0.00010302819  3.9423287e-05  8.5980806e-05  9.4084151e-06  -9.6822947e-05  -5.8279603e-05  -0.00033314655  -0.0011155156  0.00013819538  0.0087879881  -0.0054060851  0.0000000   0.0010451397  1.3696490e-05  0.00088547096  -2.4751442e-05  -0.00012276855  -3.7645357e-05  -9.7629604e-05  1.6884847e-05  1.7667624e-05  4.5420251e-05  0.00014981905  0.00012960381  3.0709812e-05  -1.2732272e-05  -0.00044559183  3.3905477e-05  5.2224289e-05  -0.00036940389  0.00012508404  -0.00010302819  3.9423287e-05  8.5980806e-05  9.4084151e-06  -9.6822947e-05  -5.8279603e-05  
-1.6447144e-05  -0.00057924105  -2.9716067e-05  0.00040396773  -0.0017492698  -0.0010451397  0.0000000   -3.5691481e-05  -0.0017707600  -5.6093584e-05  -0.00010151134  0.00014272446  0.00050748245  3.7374462e-05  -1.3830838e-05  -1.3006470e-05  5.6095620e-05  6.7274103e-07  1.1758377e-05  -2.4669300e-06  -0.00031607406  3.9629939e-05  1.9660520e-05  -0.00013190532  0.00020948226  -0.00019177407  2.8344325e-05  0.00017222945  1.1051970e-05  0.00012749726  6.8572068e-05  -1.6447144e-05  -0.00057924105  -2.9716067e-05  0.00040396773  -0.0017492698  -0.0010451397  0.0000000   -3.5691481e-05  -0.0017707600  -5.6093584e-05  -0.00010151134  0.00014272446  0.00050748245  3.7374462e-05  -1.3830838e-05  -1.3006470e-05  5.6095620e-05  6.7274103e-07  1.1758377e-05  -2.4669300e-06  -0.00031607406  3.9629939e-05  1.9660520e-05  -0.00013190532  0.00020948226  -0.00019177407  2.8344325e-05  0.00017222945  1.1051970e-05  0.00012749726  6.8572068e-05  
-0.00036446657  9.8646557e-05  8.1986209e-05  -0.00014250661  7.1772447e-05  -1.3696490e-05  3.5691481e-05  0.0000000   -1.6261539e-07  -0.00038451197  0.00048741595  -9.8540845e-06  -4.2148304e-05  0.00012386284  5.8128168e-05  3.8975558e-06  -1.0602598e-05  1.9079241e-06  4.0325910e-06  -6.8219092e-05  2.1067996e-05  -5.4641856e-05  0.00010034316  1.4736271e-05  -1.7928921e-05  1.7518000e-06  2.2339956e-05  -9.1989119e-06  5.0959177e-05  3.1976163e-06  -7.8572832e-06  -0.00036446657  9.8646557e-05  8.1986209e-05  -0.00014250661  7.1772447e-05  -1.3696490e-05  3.5691481e-05  0.0000000   -1.6261539e-07  -0.00038451197  0.00048741595  -9.8540845e-06  -4.2148304e-05  0.00012386284  5.8128168e-05  3.8975558e-06  -1.0602598e-05  1.9079241e-06  4.0325910e-06  -6.8219092e-05  2.1067996e-05  -5.4641856e-05  0.00010034316  1.4736271e-05  -1.7928921e-05  1.7518000e-06  2.2339956e-05  -9.1989119e-06  5.0959177e-05  3.1976163e-06  -7.8572832e-06  
-5.3001865e-05  -0.00041533976  -1.4632942e-05  -8.4474763e-05  -0.00018677733  -0.00088547096  0.0017707600  1.6261539e-07  0.0000000   1.0037321e-05  0.00016312746  0.00040283823  -0.00082766717  -1.3511873e-05  1.9714057e-05  -1.2994754e-05  -0.00023038830  -0.00032771917  3.7767752e-05  2.6505167e-05  0.00020481505  -3.5438919e-05  -1.0054383e-06  2.8549550e-05  -5.9603325e-05  9.1611317e-05  1.6130731e-05  0.00010130767  -1.8975822e-05  -0.00011640304  -0.00015436409  -5.3001865e-05  -0.00041533976  -1.4632942e-05  -8.4474763e-05  -0.00018677733  -0.00088547096  0.0017707600  1.6261539e-07  0.0000000   1.0037321e-05  0.00016312746  0.00040283823  -0.00082766717  -1.3511873e-05  1.9714057e-05  -1.2994754e-05  -0.00023038830  -0.00032771917  3.7767752e-05  2.6505167e-05  0.00020481505  -3.5438919e-05  -1.0054383e-06  2.8549550e-05  -5.9603325e-05  9.1611317e-05  1.6130731e-05  0.00010130767  -1.8975822e-05  -0.00011640304  -0.00015436409  
-0.00016696488  1.5232127e-05  -0.00018961979  0.00014716656  -8.7874678e-05  2.4751442e-05  5.6093584e-05  0.00038451197  -1.0037321e-05  0.0000000   -0.00039826693  0.00086312787  -5.8987261e-05  0.00084998249  9.4148106e-05  0.00038736760  4.1243718e-05  -6.6252217e-06  8.6223409e-05  -0.00017862232  -1.9011179e-05  -0.00016285257  -0.00031473628  -3.9718895e-05  -9.4585928e-06  -2.0815951e-06  0.00014206176  3.0622092e-06  1.4547787e-05  -9.4606156e-06  -5.7673790e-05  -0.00016696488  1.5232127e-05  -0.00018961979  0.00014716656  -8.7874678e-05  2.4751442e-05  5.6093584e-05  0.00038451197  -1.0037321e-05  0.0000000   -0.00039826693  0.00086312787  -5.8987261e-05  0.00084998249  9.4148106e-05  0.00038736760  4.1243718e-05  -6.6252217e-06  8.6223409e-05  -0.00017862232  -1.9011179e-05  -0.00016285257  -0.00031473628  -3.9718895e-05  -9.4585928e-06  -2.0815951e-06  0.00014206176  3.0622092e-06  1.4547787e-05  -9.4606156e-06  -5.7673790e-05  
-3.8203173e-05  -3.3292343e-05  -0.00017617079  5.8999150e-05  -6.3174547e-06  0.00012276855  0.00010151134  -0.00048741595  -0.00016312746  0.00039826693  0.0000000   -0.0094570125  -0.00020955191  -0.0013158680  0.00030645103  -5.2159092e-05  -8.5996333e-05  7.4155733e-05  -0.00061175769  7.6850887e-05  4.0964918e-06  -7.4855526e-05  3.0114199e-05  -7.6640642e-06  6.9344150e-05  1.5990959e-05  4.7876824e-05  -5.3590521e-05  -0.00017659056  1.0755674e-05  5.6953506e-05  -3.8203173e-05  -3.3292343e-05  -0.00017617079  5.8999150e-05  -6.3174547e-06  0.00012276855  0.00010151134  -0.00048741595  -0.00016312746  0.00039826693  0.0000000   -0.0094570125  -0.00020955191  -0.0013158680  0.00030645103  -5.2159092e-05  -8.5996333e-05  7.4155733e-05  -0.00061175769  7.6850887e-05  4.0964918e-06  -7.4855526e-05  3.0114199e-05  -7.6640642e-06  6.9344150e-05  1.5990959e-05  4.7876824e-05  -5.3590521e-05  -0.00017659056  1.0755674e-05  5.6953506e-05  
