0.0000000   0.0023191743  -2.6292010e-05  9.5747476e-05  -4.1519526e-05  0.00055598906  4.6866548e-05  6.8371596e-05  3.4265889e-05  0.00014060770  0.00018852645  -4.9541679e-05  -4.6146349e-05  2.1830556e-05  8.4523753e-06  -2.8023586e-05  5.4910412e-05  3.9412034e-05  1.6398723e-06  0.00012008375  7.0891750e-05  1.7743055e-05  -4.2222304e-05  3.7783404e-06  -1.3557021e-06  3.4957311e-05  -0.00022579367  8.8218345e-05  3.8157707e-05  -6.8410333e-05  8.2665363e-06  0.0000000   0.0023191743  -2.6292010e-05  9.5747476e-05  -4.1519526e-05  0.00055598906  4.6866548e-05  6.8371596e-05  3.4265889e-05  0.00014060770  0.00018852645  -4.9541679e-05  -4.6146349e-05  2.1830556e-05  8.4523753e-06  -2.8023586e-05  5.4910412e-05  3.9412034e-05  1.6398723e-06  0.00012008375  7.0891750e-05  1.7743055e-05  -4.2222304e-05  3.7783404e-06  -1.3557021e-06  3.4957311e-05  -0.00022579367  8.8218345e-05  3.8157707e-05  -6.8410333e-05  8.2665363e-06  
-0.0023191743  0.0000000   0.0021664655  -0.00012669806  -0.00062941314  -0.00024894102  -4.7560549e-05  -8.9018168e-06  -4.0827002e-05  -0.00016659294  0.00056734182  -3.3784376e-05  -1.3764120e-05  -1.4595076e-05  6.2918480e-05  0.00022623803  -4.6962298e-05  -9.9398930e-06  6.2975619e-06  -4.5708610e-05  6.4024874e-05  -5.9180853e-05  1.0262272e-05  1.9854951e-05  -4.6157756e-06  0.00014198639  -3.1704445e-05  0.00011524412  -5.1543376e-05  9.8110545e-05  -1.4694532e-05  -0.0023191743  0.0000000   0.0021664655  -0.00012669806  -0.00062941314  -0.00024894102  -4.7560549e-05  -8.9018168e-06  -4.0827002e-05  -0.00016659294  0.00056734182  -3.3784376e-05  -1.3764120e-05  -1.4595076e-05  6.2918480e-05  0.00022623803  -4.6962298e-05  -9.9398930e-06  6.2975619e-06  -4.5708610e-05  6.4024874e-05  -5.9180853e-05  1.0262272e-05  1.9854951e-05  -4.6157756e-06  0.00014198639  -3.1704445e-05  0.00011524412  -5.1543376e-05  9.8110545e-05  -1.4694532e-05  
2.6292010e-05  -0.0021664655  0.0000000   -4.0785383e-05  0.00049877776  -0.00026932730  -3.0545700e-05  -6.7756448e-05  -1.6059809e-05  -0.00061590747  -0.00062309651  4.1797883e-05  -3.6772025e-05  1.7888744e-05  -9.8150624e-06  -4.1703914e-05  2.8152636e-05  3.4761962e-05  -2.8669575e-05  -1.9405097e-05  7.3418762e-05  -2.8822226e-05  -7.2436744e-06  -1.0014523e-05  2.5779944e-06  -6.0339217e-05  6.5329952e-05  -5.0282234e-05  1.0120616e-05  -2.4045107e-05  -9.0919176e-06  2.6292010e-05  -0.0021664655  0.0000000   -4.0785383e-05  0.00049877776  -0.00026932730  -3.0545700e-05  -6.7756448e-05  -1.6059809e-05  -0.00061590747  -0.00062309651  4.1797883e-05  -3.6772025e-05  1.7888744e-05  -9.8150624e-06  -4.1703914e-05  2.8152636e-05  3.4761962e-05  -2.8669575e-05  -1.9405097e-05  7.3418762e-05  -2.8822226e-05  -7.2436744e-06  -1.0014523e-05  2.5779944e-06  -6.0339217e-05  6.5329952e-05  -5.0282234e-05  1.0120616e-05  -2.4045107e-05  -9.0919176e-06  
-9.5747476e-05  0.00012669806  4.0785383e-05  0.0000000   -7.7516867e-05  -1.3552351e-05  0.0013865443  -0.00086204823  0.00090471591  0.00020493601  -0.00017975067  -0.00039514739  4.2184415e-05  0.00042923968  0.00034924664  -5.5628519e-05  3.8439383e-05  -2.1351917e-05  -0.00023480809  3.4134069e-05  0.00038949592  -0.00021650615  -2.3577049e-05  -5.5663913e-05  8.9079091e-05  -6.5149155e-06  -1.2517261e-05  5.8414812e-06  -3.3615513e-06  1.0136008e-05  1.0086306e-05  -9.5747476e-05  0.00012669806  4.0785383e-05  0.0000000   -7.7516867e-05  -1.3552351e-05  0.0013865443  -0.00086204823  0.00090471591  0.00020493601  -0.00017975067  -0.00039514739  4.2184415e-05  0.00042923968  0.00034924664  -5.5628519e-05  3.8439383e-05  -2.1351917e-05  -0.00023480809  3.4134069e-05  0.00038949592  -0.00021650615  -2.3577049e-05  -5.5663913e-05  8.9079091e-05  -6.5149155e-06  -1.2517261e-05  5.8414812e-06  -3.3615513e-06  1.0136008e-05  1.0086306e-05  
4.1519526e-05  0.00062941314  -0.00049877776  7.7516867e-05  0.0000000   0.0014176025  8.1521483e-05  6.8123320e-05  0.00013866355  0.00048735971  0.00066506241  -4.8703333e-05  6.7316990e-05  1.6152441e-06  7.7025000e-05  0.00023357511  -8.3312913e-05  -1.4604719e-05  -2.6645697e-05  -0.00019649361  3.0096743e-05  -0.00013461059  2.1380040e-05  1.0970340e-05  8.9548220e-08  0.00021417414  8.6655977e-05  -9.3397639e-05  -0.00013968048  -9.0992630e-05  5.1423575e-06  4.1519526e-05  0.00062941314  -0.00049877776  7.7516867e-05  0.0000000   0.0014176025  8.1521483e-05  6.8123320e-05  0.00013866355  0.00048735971  0.00066506241  -4.8703333e-05  6.7316990e-05  1.6152441e-06  7.7025000e-05  0.00023357511  -8.3312913e-05  -1.4604719e-05  -2.6645697e-05  -0.00019649361  3.0096743e-05  -0.00013461059  2.1380040e-05  1.0970340e-05  8.9548220e-08  0.00021417414  8.6655977e-05  -9.3397639e-05  -0.00013968048  -9.0992630e-05  5.1423575e-06  
-0.00055598906  0.00024894102  0.00026932730  1.3552351e-05  -0.0014176025  0.0000000   -5.3140525e-05  -1.0295764e-05  1.0291980e-05  0.0012698753  0.00014047680  -7.3926788e-06  0.00011891128  -1.1990457e-05  7.1664156e-05  0.00026225785  -0.00015038273  -4.8635666e-05  2.2916967e-05  -2.7807641e-05  -3.2637478e-05  1.7756750e-05  2.5155816e-05  -9.3383380e-07  -5.4796782e-06  1.1274349e-05  8.7595952e-05  -5.3310698e-05  -0.00013075253  -0.00013342983  1.0577930e-05  -0.00055598906  0.00024894102  0.00026932730  1.3552351e-05  -0.0014176025  0.0000000   -5.3140525e-05  -1.0295764e-05  1.0291980e-05  0.0012698753  0.00014047680  -7.3926788e-06  0.00011891128  -1.1990457e-05  7.1664156e-05  0.00026225785  -0.00015038273  -4.8635666e-05  2.2916967e-05  -2.7807641e-05  -3.2637478e-05  1.7756750e-05  2.5155816e-05  -9.3383380e-07  -5.4796782e-06  1.1274349e-05  8.7595952e-05  -5.3310698e-05  -0.00013075253  -0.00013342983  1.0577930e-05  
-4.6866548e-05  4.7560549e-05  3.0545700e-05  -0.0013865443  -8.1521483e-05  5.3140525e-05  0.0000000   -0.00099153982  0.00053196634  0.00019468509  -0.00021355333  0.00030112325  -0.00061494791  -7.9899650e-05  -0.00028390998  -5.4448512e-05  -0.00020043488  -0.00010192395  -0.00025528740  2.1717809e-05  -0.00015191659  5.3829351e-06  -4.7273024e-05  -5.8890800e-05  -1.2255909e-05  1.1970800e-05  -4.8637279e-06  9.2845725e-06  -1.4990317e-05  7.1031660e-06  7.2021790e-05  -4.6866548e-05  4.7560549e-05  3.0545700e-05  -0.0013865443  -8.1521483e-05  5.3140525e-05  0.0000000   -0.00099153982  0.00053196634  0.00019468509  -0.00021355333  0.00030112325  -0.00061494791  -7.9899650e-05  -0.00028390998  -5.4448512e-05  -0.00020043488  -0.00010192395  -0.00025528740  2.1717809e-05  -0.00015191659  5.3829351e-06  -4.7273024e-05  -5.8890800e-05  -1.2255909e-05  1.1970800e-05  -4.8637279e-06  9.2845725e-06  -1.4990317e-05  7.1031660e-06  7.2021790e-05  
-6.8371596e-05  8.9018168e-06  6.7756448e-05  0.00086204823  -6.8123320e-05  1.0295764e-05  0.00099153982  0.0000000   -0.00059288405  0.00020764164  -0.00023421871  -3.9897908e-05  -0.00033921368  -5.9191365e-05  -0.00029565648  5.6970348e-05  6.3740329e-05  -0.00019549686  8.2629847e-05  -2.0072905e-05  5.6504464e-05  -4.1916144e-05  -3.4249234e-05  6.5844230e-05  5.7018600e-06  3.2362987e-07  -4.8725203e-06  -4.6005895e-06  -3.5275632e-06  -2.3839712e-05  1.9059339e-05  -6.8371596e-05  8.9018168e-06  6.7756448e-05  0.00086204823  -6.8123320e-05  1.0295764e-05  0.00099153982  0.0000000   -0.00059288405  0.00020764164  -0.00023421871  -3.9897908e-05  -0.00033921368  -5.9191365e-05  -0.00029565648  5.6970348e-05  6.3740329e-05  -0.00019549686  8.2629847e-05  -2.0072905e-05  5.6504464e-05  -4.1916144e-05  -3.4249234e-05  6.5844230e-05  5.7018600e-06  3.2362987e-07  -4.8725203e-06  -4.6005895e-06  -3.5275632e-06  -2.3839712e-05  1.9059339e-05  
-3.4265889e-05  4.0827002e-05  1.6059809e-05  -0.00090471591  -0.00013866355  -1.0291980e-05  -0.00053196634  0.00059288405  0.0000000   0.00045462752  -0.00030644440  -0.00064663890  -0.00089039599  0.00027756257  2.4340576e-05  0.00013059388  0.00046682888  0.00064320810  -0.00016726348  2.7999773e-05  0.00010105883  5.4965244e-05  -0.00031724087  -8.9305808e-05  -8.7860537e-05  -5.7626939e-06  4.4222121e-06  -1.6841299e-05  -1.3626360e-05  -2.4672078e-06  -5.7071484e-05  -3.4265889e-05  4.0827002e-05  1.6059809e-05  -0.00090471591  -0.00013866355  -1.0291980e-05  -0.00053196634  0.00059288405  0.0000000   0.00045462752  -0.00030644440  -0.00064663890  -0.00089039599  0.00027756257  2.4340576e-05  0.00013059388  0.00046682888  0.00064320810  -0.00016726348  2.7999773e-05  0.00010105883  5.4965244e-05  -0.00031724087  -8.9305808e-05  -8.7860537e-05  -5.7626939e-06  4.4222121e-06  -1.6841299e-05  -1.3626360e-05  -2.4672078e-06  -5.7071484e-05  
-0.00014060770  0.00016659294  0.00061590747  -0.00020493601  -0.00048735971  -0.0012698753  -0.00019468509  -0.00020764164  -0.00045462752  0.0000000   -0.012189290  0.00053455803  5.0344158e-05  7.0065851e-05  -9.0666004e-05  -0.00026538440  -3.0984126e-05  8.1870918e-05  1.5797768e-05  -6.9216631e-05  7.6467179e-05  6.6341155e-05  -4.6814930e-05  4.9032234e-06  1.5792882e-05  -0.00025263243  -0.00013792370  -1.8727813e-05  -1.2380587e-05  -0.00015816190  6.5859525e-05  -0.00014060770  0.00016659294  0.00061590747  -0.00020493601  -0.00048735971  -0.0012698753  -0.00019468509  -0.00020764164  -0.00045462752  0.0000000   -0.012189290  0.00053455803  5.0344158e-05  7.0065851e-05  -9.0666004e-05  -0.00026538440  -3.0984126e-05  8.1870918e-05  1.5797768e-05  -6.9216631e-05  7.6467179e-05  6.6341155e-05  -4.6814930e-05  4.9032234e-06  1.5792882e-05  -0.00025263243  -0.00013792370  -1.8727813e-05  -1.2380587e-05  -0.00015816190  6.5859525e-05  
-0.00018852645  -0.00056734182  0.00062309651  0.00017975067  -0.00066506241  -0.00014047680  0.00021355333  0.00023421871  0.00030644440  0.012189290  0.0000000   -9.6533329e-05  0.00058135934  -0.00011159473  5.5104626e-05  -0.00052430017  5.8640115e-05  -9.9173593e-05  8.8105905e-05  9.5840254e-06  -9.3744786e-05  5.2013619e-05  2.2362636e-05  -5.6955384e-05  -1.0206619e-06  -0.00012321417  -7.5163255e-05  -0.00012314564  0.00014842223  1.2809397e-05  -1.1617153e-05  -0.00018852645  -0.00056734182  0.00062309651  0.00017975067  -0.00066506241  -0.00014047680  0.00021355333  0.00023421871  0.00030644440  0.012189290  0.0000000   -9.6533329e-05  0.00058135934  -0.00011159473  5.5104626e-05  -0.00052430017  5.8640115e-05  -9.9173593e-05  8.8105905e-05  9.5840254e-06  -9.3744786e-05  5.2013619e-05  2.2362636e-05  -5.6955384e-05  -1.0206619e-06  -0.00012321417  -7.5163255e-05  -0.00012314564  0.00014842223  1.2809397e-05  -1.1617153e-05  
4.9541679e-05  3.3784376e-05  -4.1797883e-05  0.00039514739  4.8703333e-05  7.3926788e-06  -0.00030112325  3.9897908e-05  0.00064663890  -0.00053455803  9.6533329e-05  0.0000000   0.0023021765  -0.00035907551  -0.00048524974  -0.00027471900  -0.0011715137  -0.00017399670  -8.2078706e-05  -3.2300894e-05  -0.00030678860  -0.00019482476  9.6116068e-06  -8.3071268e-06  -6.7498165e-05  2.2653376e-05  -1.7747215e-05  3.0387774e-05  -1.8129487e-05  -1.1346566e-05  0.00026390057  4.9541679e-05  3.3784376e-05  -4.1797883e-05  0.00039514739  4.8703333e-05  7.3926788e-06  -0.00030112325  3.9897908e-05  0.00064663890  -0.00053455803  9.6533329e-05  0.0000000   0.0023021765  -0.00035907551  -0.00048524974  -0.00027471900  -0.0011715137  -0.00017399670  -8.2078706e-05  -3.2300894e-05  -0.00030678860  -0.00019482476  9.6116068e-06  -8.3071268e-06  -6.7498165e-05  2.2653376e-05  -1.7747215e-05  3.0387774e-05  -1.8129487e-05  -1.1346566e-05  0.00026390057  
4.6146349e-05  1.3764120e-05  3.6772025e-05  -4.2184415e-05  -6.7316990e-05  -0.00011891128  0.00061494791  0.00033921368  0.00089039599  -5.0344158e-05  -0.00058135934  -0.0023021765  0.0000000   6.7647488e-05  0.0015847958  -0.00018753376  -4.6659986e-05  -0.00097868598  -0.00014937243  1.1358834e-05  -0.00061707903  -0.00024106655  0.00013424979  9.7822101e-05  0.00018181265  1.9103237e-05  6.0600506e-06  -3.1194061e-05  -2.7579946e-05  -1.7206352e-05  -2.6761962e-05  4.6146349e-05  1.3764120e-05  3.6772025e-05  -4.2184415e-05  -6.7316990e-05  -0.00011891128  0.00061494791  0.00033921368  0.00089039599  -5.0344158e-05  -0.00058135934  -0.0023021765  0.0000000   6.7647488e-05  0.0015847958  -0.00018753376  -4.6659986e-05  -0.00097868598  -0.00014937243  1.1358834e-05  -0.00061707903  -0.00024106655  0.00013424979  9.7822101e-05  0.00018181265  1.9103237e-05  6.0600506e-06  -3.1194061e-05  -2.7579946e-05  -1.7206352e-05  -2.6761962e-05  
-2.1830556e-05  1.4595076e-05  -1.7888744e-05  -0.00042923968  -1.6152441e-06  1.1990457e-05  7.9899650e-05  5.9191365e-05  -0.00027756257  -7.0065851e-05  0.00011159473  0.00035907551  -6.7647488e-05  0.0000000   0.0023495236  -0.00041470488  -0.00065058124  -0.00011061719  0.00014898852  -2.5151899e-05  9.7218360e-05  -0.00038426074  4.9370985e-05  2.2026112e-05  0.00015385060  1.8731735e-05  9.3372135e-06  -1.7443884e-05  1.6512787e-05  -7.7029382e-06  -2.1315729e-05  -2.1830556e-05  1.4595076e-05  -1.7888744e-05  -0.00042923968  -1.6152441e-06  1.1990457e-05  7.9899650e-05  5.9191365e-05  -0.00027756257  -7.0065851e-05  0.00011159473  0.00035907551  -6.7647488e-05  0.0000000   0.0023495236  -0.00041470488  -0.00065058124  -0.00011061719  0.00014898852  -2.5151899e-05  9.7218360e-05  -0.00038426074  4.9370985e-05  2.2026112e-05  0.00015385060  1.8731735e-05  9.3372135e-06  -1.7443884e-05  1.6512787e-05  -7.7029382e-06  -2.1315729e-05  
-8.4523753e-06  -6.2918480e-05  9.8150624e-06  -0.00034924664  -7.7025000e-05  -7.1664156e-05  0.00028390998  0.00029565648  -2.4340576e-05  9.0666004e-05  -5.5104626e-05  0.00048524974  -0.0015847958  -0.0023495236  0.0000000   0.0013072866  0.0038462659  0.0013803151  0.00032253810  5.5357776e-05  0.00062806685  0.00012691466  -7.1040282e-05  0.00021325523  -0.00030254741  -1.9109202e-05  1.5298987e-05  1.2043622e-05  1.7990993e-05  -2.1814024e-06  -3.6651368e-06  -8.4523753e-06  -6.2918480e-05  9.8150624e-06  -0.00034924664  -7.7025000e-05  -7.1664156e-05  0.00028390998  0.00029565648  -2.4340576e-05  9.0666004e-05  -5.5104626e-05  0.00048524974  -0.0015847958  -0.0023495236  0.0000000   0.0013072866  0.0038462659  0.0013803151  0.00032253810  5.5357776e-05  0.00062806685  0.00012691466  -7.1040282e-05  0.00021325523  -0.00030254741  -1.9109202e-05  1.5298987e-05  1.2043622e-05  1.7990993e-05  -2.1814024e-06  -3.6651368e-06  
2.8023586e-05  -0.00022623803  4.1703914e-05  5.5628519e-05  -0.00023357511  -0.00026225785  5.4448512e-05  -5.6970348e-05  -0.00013059388  0.00026538440  0.00052430017  0.00027471900  0.00018753376  0.00041470488  -0.0013072866  0.0000000   -0.00038321684  0.0012303929  -0.00021444850  -0.00068626226  0.00010266352  -0.00040317348  -4.3277840e-05  8.4526416e-05  1.9801132e-05  0.00017388690  0.00015405198  6.4423785e-05  0.00016837988  -7.3647357e-05  -9.0456903e-06  2.8023586e-05  -0.00022623803  4.1703914e-05  5.5628519e-05  -0.00023357511  -0.00026225785  5.4448512e-05  -5.6970348e-05  -0.00013059388  0.00026538440  0.00052430017  0.00027471900  0.00018753376  0.00041470488  -0.0013072866  0.0000000   -0.00038321684  0.0012303929  -0.00021444850  -0.00068626226  0.00010266352  -0.00040317348  -4.3277840e-05  8.4526416e-05  1.9801132e-05  0.00017388690  0.00015405198  6.4423785e-05  0.00016837988  -7.3647357e-05  -9.0456903e-06  
-5.4910412e-05  4.6962298e-05  -2.8152636e-05  -3.8439383e-05  8.3312913e-05  0.00015038273  0.00020043488  -6.3740329e-05  -0.00046682888  3.0984126e-05  -5.8640115e-05  0.0011715137  4.6659986e-05  0.00065058124  -0.0038462659  0.00038321684  0.0000000   0.0040870172  -0.00027234749  0.00042662418  0.00030801012  -0.00067713389  -0.00021381533  0.00033658161  2.0281943e-05  -9.4452244e-05  -6.3550409e-05  2.5915311e-05  -4.7574223e-05  3.9083911e-05  -1.9348815e-05  -5.4910412e-05  4.6962298e-05  -2.8152636e-05  -3.8439383e-05  8.3312913e-05  0.00015038273  0.00020043488  -6.3740329e-05  -0.00046682888  3.0984126e-05  -5.8640115e-05  0.0011715137  4.6659986e-05  0.00065058124  -0.0038462659  0.00038321684  0.0000000   0.0040870172  -0.00027234749  0.00042662418  0.00030801012  -0.00067713389  -0.00021381533  0.00033658161  2.0281943e-05  -9.4452244e-05  -6.3550409e-05  2.5915311e-05  -4.7574223e-05  3.9083911e-05  -1.9348815e-05  
-3.9412034e-05  9.9398930e-06  -3.4761962e-05  2.1351917e-05  1.4604719e-05  4.8635666e-05  0.00010192395  0.00019549686  -0.00064320810  -8.1870918e-05  9.9173593e-05  0.00017399670  0.00097868598  0.00011061719  -0.0013803151  -0.0012303929  -0.0040870172  0.0000000   -0.00079091732  -2.8468488e-05  0.00075939773  -1.6319893e-05  -0.00049699073  -0.00010672776  0.00012128770  1.1165403e-05  4.2797836e-06  2.6249056e-05  1.3931379e-05  -1.0836118e-05  -6.9914637e-05  -3.9412034e-05  9.9398930e-06  -3.4761962e-05  2.1351917e-05  1.4604719e-05  4.8635666e-05  0.00010192395  0.00019549686  -0.00064320810  -8.1870918e-05  9.9173593e-05  0.00017399670  0.00097868598  0.00011061719  -0.0013803151  -0.0012303929  -0.0040870172  0.0000000   -0.00079091732  -2.8468488e-05  0.00075939773  -1.6319893e-05  -0.00049699073  -0.00010672776  0.00012128770  1.1165403e-05  4.2797836e-06  2.6249056e-05  1.3931379e-05  -1.0836118e-05  -6.9914637e-05  
-1.6398723e-06  -6.2975619e-06  2.8669575e-05  0.00023480809  2.6645697e-05  -2.2916967e-05  0.00025528740  -8.2629847e-05  0.00016726348  -1.5797768e-05  -8.8105905e-05  8.2078706e-05  0.00014937243  -0.00014898852  -0.00032253810  0.00021444850  0.00027234749  0.00079091732  0.0000000   9.8955081e-05  -0.0014730042  -0.0011150917  0.00036531056  0.00013321120  -0.00013625283  4.5962083e-05  -2.3952245e-05  -1.5407292e-05  -2.0161485e-07  -3.3516753e-05  0.00025654975  -1.6398723e-06  -6.2975619e-06  2.8669575e-05  0.00023480809  2.6645697e-05  -2.2916967e-05  0.00025528740  -8.2629847e-05  0.00016726348  -1.5797768e-05  -8.8105905e-05  8.2078706e-05  0.00014937243  -0.00014898852  -0.00032253810  0.00021444850  0.00027234749  0.00079091732  0.0000000   9.8955081e-05  -0.0014730042  -0.0011150917  0.00036531056  0.00013321120  -0.00013625283  4.5962083e-05  -2.3952245e-05  -1.5407292e-05  -2.0161485e-07  -3.3516753e-05  0.00025654975  
-0.00012008375  4.5708610e-05  1.9405097e-05  -3.4134069e-05  0.00019649361  2.7807641e-05  -2.1717809e-05  2.0072905e-05  -2.7999773e-05  6.9216631e-05  -9.5840254e-06  3.2300894e-05  -1.1358834e-05  2.5151899e-05  -5.5357776e-05  0.00068626226  -0.00042662418  2.8468488e-05  -9.8955081e-05  0.0000000   0.00087925473  1.5486139e-05  -7.0417466e-05  3.5001608e-05  5.2752851e-06  0.00014604293  0.00013726601  -0.00031145123  0.00011298782  -7.3837183e-05  -1.6743692e-05  -0.00012008375  4.5708610e-05  1.9405097e-05  -3.4134069e-05  0.00019649361  2.7807641e-05  -2.1717809e-05  2.0072905e-05  -2.7999773e-05  6.9216631e-05  -9.5840254e-06  3.2300894e-05  -1.1358834e-05  2.5151899e-05  -5.5357776e-05  0.00068626226  -0.00042662418  2.8468488e-05  -9.8955081e-05  0.0000000   0.00087925473  1.5486139e-05  -7.0417466e-05  3.5001608e-05  5.2752851e-06  0.00014604293  0.00013726601  -0.00031145123  0.00011298782  -7.3837183e-05  -1.6743692e-05  
-7.0891750e-05  -6.4024874e-05  -7.3418762e-05  -0.00038949592  -3.0096743e-05  3.2637478e-05  0.00015191659  -5.6504464e-05  -0.00010105883  -7.6467179e-05  9.3744786e-05  0.00030678860  0.00061707903  -9.7218360e-05  -0.00062806685  -0.00010266352  -0.00030801012  -0.00075939773  0.0014730042  -0.00087925473  0.0000000   0.013160669  9.3887378e-05  -0.00029459532  2.2471632e-05  -8.6033671e-05  -9.7985739e-05  0.00012311077  2.4127478e-05  -5.6730570e-05  0.00018351051  -7.0891750e-05  -6.4024874e-05  -7.3418762e-05  -0.00038949592  -3.0096743e-05  3.2637478e-05  0.00015191659  -5.6504464e-05  -0.00010105883  -7.6467179e-05  9.3744786e-05  0.00030678860  0.00061707903  -9.7218360e-05  -0.00062806685  -0.00010266352  -0.00030801012  -0.00075939773  0.0014730042  -0.00087925473  0.0000000   0.013160669  9.3887378e-05  -0.00029459532  2.2471632e-05  -8.6033671e-05  -9.7985739e-05  0.00012311077  2.4127478e-05  -5.6730570e-05  0.00018351051  
-1.7743055e-05  5.9180853e-05  2.8822226e-05  0.00021650615  0.00013461059  -1.7756750e-05  -5.3829351e-06  4.1916144e-05  -5.4965244e-05  -6.6341155e-05  -5.2013619e-05  0.00019482476  0.00024106655  0.00038426074  -0.00012691466  0.00040317348  0.00067713389  1.6319893e-05  0.0011150917  -1.5486139e-05  -0.013160669  0.0000000   0.00012164141  -0.00011689915  0.00036764384  -2.4381274e-05  -8.1687264e-05  6.1981338e-05  -0.00014345138  -3.9526829e-05  7.0715991e-05  -1.7743055e-05  5.9180853e-05  2.8822226e-05  0.00021650615  0.00013461059  -1.7756750e-05  -5.3829351e-06  4.1916144e-05  -5.4965244e-05  -6.6341155e-05  -5.2013619e-05  0.00019482476  0.00024106655  0.00038426074  -0.00012691466  0.00040317348  0.00067713389  1.6319893e-05  0.0011150917  -1.5486139e-05  -0.013160669  0.0000000   0.00012164141  -0.00011689915  0.00036764384  -2.4381274e-05  -8.1687264e-05  6.1981338e-05  -0.00014345138  -3.9526829e-05  7.0715991e-05  
4.2222304e-05  -1.0262272e-05  7.2436744e-06  2.3577049e-05  -2.1380040e-05  -2.5155816e-05  4.7273024e-05  3.4249234e-05  0.00031724087  4.6814930e-05  -2.2362636e-05  -9.6116068e-06  -0.00013424979  -4.9370985e-05  7.1040282e-05  4.3277840e-05  0.00021381533  0.00049699073  -0.00036531056  7.0417466e-05  -9.3887378e-05  -0.00012164141  0.0000000   0.0026498101  0.00029149980  -1.4879593e-05  4.1634698e-05  1.7114803e-05  -4.3056199e-05  -1.1516508e-05  5.9747093e-05  4.2222304e-05  -1.0262272e-05  7.2436744e-06  2.3577049e-05  -2.1380040e-05  -2.5155816e-05  4.7273024e-05  3.4249234e-05  0.00031724087  4.6814930e-05  -2.2362636e-05  -9.6116068e-06  -0.00013424979  -4.9370985e-05  7.1040282e-05  4.3277840e-05  0.00021381533  0.00049699073  -0.00036531056  7.0417466e-05  -9.3887378e-05  -0.00012164141  0.0000000   0.0026498101  0.00029149980  -1.4879593e-05  4.1634698e-05  1.7114803e-05  -4.3056199e-05  -1.1516508e-05  5.9747093e-05  
-3.7783404e-06  -1.9854951e-05  1.0014523e-05  5.5663913e-05  -1.0970340e-05  9.3383380e-07  5.8890800e-05  -6.5844230e-05  8.9305808e-05  -4.9032234e-06  5.6955384e-05  8.3071268e-06  -9.7822101e-05  -2.2026112e-05  -0.00021325523  -8.4526416e-05  -0.00033658161  0.00010672776  -0.00013321120  -3.5001608e-05  0.00029459532  0.00011689915  -0.0026498101  0.0000000   0.0019851760  3.0947172e-05  2.3791112e-05  5.8108806e-05  -3.6560173e-05  -5.4690755e-06  0.00015121514  -3.7783404e-06  -1.9854951e-05  1.0014523e-05  5.5663913e-05  -1.0970340e-05  9.3383380e-07  5.8890800e-05  -6.5844230e-05  8.9305808e-05  -4.9032234e-06  5.6955384e-05  8.3071268e-06  -9.7822101e-05  -2.2026112e-05  -0.00021325523  -8.4526416e-05  -0.00033658161  0.00010672776  -0.00013321120  -3.5001608e-05  0.00029459532  0.00011689915  -0.0026498101  0.0000000   0.0019851760  3.0947172e-05  2.3791112e-05  5.8108806e-05  -3.6560173e-05  -5.4690755e-06  0.00015121514  
1.3557021e-06  4.6157756e-06  -2.5779944e-06  -8.9079091e-05  -8.9548220e-08  5.4796782e-06  1.2255909e-05  -5.7018600e-06  8.7860537e-05  -1.5792882e-05  1.0206619e-06  6.7498165e-05  -0.00018181265  -0.00015385060  0.00030254741  -1.9801132e-05  -2.0281943e-05  -0.00012128770  0.00013625283  -5.2752851e-06  -2.2471632e-05  -0.00036764384  -0.00029149980  -0.0019851760  0.0000000   -1.7752295e-05  5.7510935e-05  -1.1059672e-05  -1.2228168e-05  6.9890843e-05  -0.00013106556  1.3557021e-06  4.6157756e-06  -2.5779944e-06  -8.9079091e-05  -8.9548220e-08  5.4796782e-06  1.2255909e-05  -5.7018600e-06  8.7860537e-05  -1.5792882e-05  1.0206619e-06  6.7498165e-05  -0.00018181265  -0.00015385060  0.00030254741  -1.9801132e-05  -2.0281943e-05  -0.00012128770  0.00013625283  -5.2752851e-06  -2.2471632e-05  -0.00036764384  -0.00029149980  -0.0019851760  0.0000000   -1.7752295e-05  5.7510935e-05  -1.1059672e-05  -1.2228168e-05  6.9890843e-05  -0.00013106556  
-3.4957311e-05  -0.00014198639  6.0339217e-05  6.5149155e-06  -0.00021417414  -1.1274349e-05  -1.1970800e-05  -3.2362987e-07  5.7626939e-06  0.00025263243  0.00012321417  -2.2653376e-05  -1.9103237e-05  -1.8731735e-05  1.9109202e-05  -0.00017388690  9.4452244e-05  -1.1165403e-05  -4.5962083e-05  -0.00014604293  8.6033671e-05  2.4381274e-05  1.4879593e-05  -3.0947172e-05  1.7752295e-05  0.0000000   -0.0025150592  -2.7494330e-05  0.00052455909  -0.00099804791  4.4270117e-05  -3.4957311e-05  -0.00014198639  6.0339217e-05  6.5149155e-06  -0.00021417414  -1.1274349e-05  -1.1970800e-05  -3.2362987e-07  5.7626939e-06  0.00025263243  0.00012321417  -2.2653376e-05  -1.9103237e-05  -1.8731735e-05  1.9109202e-05  -0.00017388690  9.4452244e-05  -1.1165403e-05  -4.5962083e-05  -0.00014604293  8.6033671e-05  2.4381274e-05  1.4879593e-05  -3.0947172e-05  1.7752295e-05  0.0000000   -0.0025150592  -2.7494330e-05  0.00052455909  -0.00099804791  4.4270117e-05  
0.00022579367  3.1704445e-05  -6.5329952e-05  1.2517261e-05  -8.6655977e-05  -8.7595952e-05  4.8637279e-06  4.8725203e-06  -4.4222121e-06  0.00013792370  7.5163255e-05  1.7747215e-05  -6.0600506e-06  -9.3372135e-06  -1.5298987e-05  -0.00015405198  6.3550409e-05  -4.2797836e-06  2.3952245e-05  -0.00013726601  9.7985739e-05  8.1687264e-05  -4.1634698e-05  -2.3791112e-05  -5.7510935e-05  0.0025150592  0.0000000   0.00019183961  -6.9885817e-05  -0.00084097462  -7.7671353e-06  0.00022579367  3.1704445e-05  -6.5329952e-05  1.2517261e-05  -8.6655977e-05  -8.7595952e-05  4.8637279e-06  4.8725203e-06  -4.4222121e-06  0.00013792370  7.5163255e-05  1.7747215e-05  -6.0600506e-06  -9.3372135e-06  -1.5298987e-05  -0.00015405198  6.3550409e-05  -4.2797836e-06  2.3952245e-05  -0.00013726601  9.7985739e-05  8.1687264e-05  -4.1634698e-05  -2.3791112e-05  -5.7510935e-05  0.0025150592  0.0000000   0.00019183961  -6.9885817e-05  -0.00084097462  -7.7671353e-06  
-8.8218345e-05  -0.00011524412  5.0282234e-05  -5.8414812e-06  9.3397639e-05  5.3310698e-05  -9.2845725e-06  4.6005895e-06  1.6841299e-05  1.8727813e-05  0.00012314564  -3.0387774e-05  3.1194061e-05  1.7443884e-05  -1.2043622e-05  -6.4423785e-05  -2.5915311e-05  -2.6249056e-05  1.5407292e-05  0.00031145123  -0.00012311077  -6.1981338e-05  -1.7114803e-05  -5.8108806e-05  1.1059672e-05  2.7494330e-05  -0.00019183961  0.0000000   0.00057633928  -4.6037264e-05  -5.2823445e-06  -8.8218345e-05  -0.00011524412  5.0282234e-05  -5.8414812e-06  9.3397639e-05  5.3310698e-05  -9.2845725e-06  4.6005895e-06  1.6841299e-05  1.8727813e-05  0.00012314564  -3.0387774e-05  3.1194061e-05  1.7443884e-05  -1.2043622e-05  -6.4423785e-05  -2.5915311e-05  -2.6249056e-05  1.5407292e-05  0.00031145123  -0.00012311077  -6.1981338e-05  -1.7114803e-05  -5.8108806e-05  1.1059672e-05  2.7494330e-05  -0.00019183961  0.0000000   0.00057633928  -4.6037264e-05  -5.2823445e-06  
-3.8157707e-05  5.1543376e-05  -1.0120616e-05  3.3615513e-06  0.00013968048  0.00013075253  1.4990317e-05  3.5275632e-06  1.3626360e-05  1.2380587e-05  -0.00014842223  1.8129487e-05  2.7579946e-05  -1.6512787e-05  -1.7990993e-05  -0.00016837988  4.7574223e-05  -1.3931379e-05  2.0161485e-07  -0.00011298782  -2.4127478e-05  0.00014345138  4.3056199e-05  3.6560173e-05  1.2228168e-05  -0.00052455909  6.9885817e-05  -0.00057633928  0.0000000   0.0047033652  -0.00027444271  -3.8157707e-05  5.1543376e-05  -1.0120616e-05  3.3615513e-06  0.00013968048  0.00013075253  1.4990317e-05  3.5275632e-06  1.3626360e-05  1.2380587e-05  -0.00014842223  1.8129487e-05  2.7579946e-05  -1.6512787e-05  -1.7990993e-05  -0.00016837988  4.7574223e-05  -1.3931379e-05  2.0161485e-07  -0.00011298782  -2.4127478e-05  0.00014345138  4.3056199e-05  3.6560173e-05  1.2228168e-05  -0.00052455909  6.9885817e-05  -0.00057633928  0.0000000   0.0047033652  -0.00027444271  
6.8410333e-05  -9.8110545e-05  2.4045107e-05  -1.0136008e-05  9.0992630e-05  0.00013342983  -7.1031660e-06  2.3839712e-05  2.4672078e-06  0.00015816190  -1.2809397e-05  1.1346566e-05  1.7206352e-05  7.7029382e-06  2.1814024e-06  7.3647357e-05  -3.9083911e-05  1.0836118e-05  3.3516753e-05  7.3837183e-05  5.6730570e-05  3.9526829e-05  1.1516508e-05  5.4690755e-06  -6.9890843e-05  0.00099804791  0.00084097462  4.6037264e-05  -0.0047033652  0.0000000   -0.00014146756  6.8410333e-05  -9.8110545e-05  2.4045107e-05  -1.0136008e-05  9.0992630e-05  0.00013342983  -7.1031660e-06  2.3839712e-05  2.4672078e-06  0.00015816190  -1.2809397e-05  1.1346566e-05  1.7206352e-05  7.7029382e-06  2.1814024e-06  7.3647357e-05  -3.9083911e-05  1.0836118e-05  3.3516753e-05  7.3837183e-05  5.6730570e-05  3.9526829e-05  1.1516508e-05  5.4690755e-06  -6.9890843e-05  0.00099804791  0.00084097462  4.6037264e-05  -0.0047033652  0.0000000   -0.00014146756  
-8.2665363e-06  1.4694532e-05  9.0919176e-06  -1.0086306e-05  -5.1423575e-06  -1.0577930e-05  -7.2021790e-05  -1.9059339e-05  5.7071484e-05  -6.5859525e-05  1.1617153e-05  -0.00026390057  2.6761962e-05  2.1315729e-05  3.6651368e-06  9.0456903e-06  1.9348815e-05  6.9914637e-05  -0.00025654975  1.6743692e-05  -0.00018351051  -7.0715991e-05  -5.9747093e-05  -0.00015121514  0.00013106556  -4.4270117e-05  7.7671353e-06  5.2823445e-06  0.00027444271  0.00014146756  0.0000000   -8.2665363e-06  1.4694532e-05  9.0919176e-06  -1.0086306e-05  -5.1423575e-06  -1.0577930e-05  -7.2021790e-05  -1.9059339e-05  5.7071484e-05  -6.5859525e-05  1.1617153e-05  -0.00026390057  2.6761962e-05  2.1315729e-05  3.6651368e-06  9.0456903e-06  1.9348815e-05  6.9914637e-05  -0.00025654975  1.6743692e-05  -0.00018351051  -7.0715991e-05  -5.9747093e-05  -0.00015121514  0.00013106556  -4.4270117e-05  7.7671353e-06  5.2823445e-06  0.00027444271  0.00014146756  0.0000000   
0.0000000   0.0023191743  -2.6292010e-05  9.5747476e-05  -4.1519526e-05  0.00055598906  4.6866548e-05  6.8371596e-05  3.4265889e-05  0.00014060770  0.00018852645  -4.9541679e-05  -4.6146349e-05  2.1830556e-05  8.4523753e-06  -2.8023586e-05  5.4910412e-05  3.9412034e-05  1.6398723e-06  0.00012008375  7.0891750e-05  1.7743055e-05  -4.2222304e-05  3.7783404e-06  -1.3557021e-06  3.4957311e-05  -0.00022579367  8.8218345e-05  3.8157707e-05  -6.8410333e-05  8.2665363e-06  0.0000000   0.0023191743  -2.6292010e-05  9.5747476e-05  -4.1519526e-05  0.00055598906  4.6866548e-05  6.8371596e-05  3.4265889e-05  0.00014060770  0.00018852645  -4.9541679e-05  -4.6146349e-05  2.1830556e-05  8.4523753e-06  -2.8023586e-05  5.4910412e-05  3.9412034e-05  1.6398723e-06  0.00012008375  7.0891750e-05  1.7743055e-05  -4.2222304e-05  3.7783404e-06  -1.3557021e-06  3.4957311e-05  -0.00022579367  8.8218345e-05  3.8157707e-05  -6.8410333e-05  8.2665363e-06  
-0.0023191743  0.0000000   0.0021664655  -0.00012669806  -0.00062941314  -0.00024894102  -4.7560549e-05  -8.9018168e-06  -4.0827002e-05  -0.00016659294  0.00056734182  -3.3784376e-05  -1.3764120e-05  -1.4595076e-05  6.2918480e-05  0.00022623803  -4.6962298e-05  -9.9398930e-06  6.2975619e-06  -4.5708610e-05  6.4024874e-05  -5.9180853e-05  1.0262272e-05  1.9854951e-05  -4.6157756e-06  0.00014198639  -3.1704445e-05  0.00011524412  -5.1543376e-05  9.8110545e-05  -1.4694532e-05  -0.0023191743  0.0000000   0.0021664655  -0.00012669806  -0.00062941314  -0.00024894102  -4.7560549e-05  -8.9018168e-06  -4.0827002e-05  -0.00016659294  0.00056734182  -3.3784376e-05  -1.3764120e-05  -1.4595076e-05  6.2918480e-05  0.00022623803  -4.6962298e-05  -9.9398930e-06  6.2975619e-06  -4.5708610e-05  6.4024874e-05  -5.9180853e-05  1.0262272e-05  1.9854951e-05  -4.6157756e-06  0.00014198639  -3.1704445e-05  0.00011524412  -5.1543376e-05  9.8110545e-05  -1.4694532e-05  
2.6292010e-05  -0.0021664655  0.0000000   -4.0785383e-05  0.00049877776  -0.00026932730  -3.0545700e-05  -6.7756448e-05  -1.6059809e-05  -0.00061590747  -0.00062309651  4.1797883e-05  -3.6772025e-05  1.7888744e-05  -9.8150624e-06  -4.1703914e-05  2.8152636e-05  3.4761962e-05  -2.8669575e-05  -1.9405097e-05  7.3418762e-05  -2.8822226e-05  -7.2436744e-06  -1.0014523e-05  2.5779944e-06  -6.0339217e-05  6.5329952e-05  -5.0282234e-05  1.0120616e-05  -2.4045107e-05  -9.0919176e-06  2.6292010e-05  -0.0021664655  0.0000000   -4.0785383e-05  0.00049877776  -0.00026932730  -3.0545700e-05  -6.7756448e-05  -1.6059809e-05  -0.00061590747  -0.00062309651  4.1797883e-05  -3.6772025e-05  1.7888744e-05  -9.8150624e-06  -4.1703914e-05  2.8152636e-05  3.4761962e-05  -2.8669575e-05  -1.9405097e-05  7.3418762e-05  -2.8822226e-05  -7.2436744e-06  -1.0014523e-05  2.5779944e-06  -6.0339217e-05  6.5329952e-05  -5.0282234e-05  1.0120616e-05  -2.4045107e-05  -9.0919176e-06  
-9.5747476e-05  0.00012669806  4.0785383e-05  0.0000000   -7.7516867e-05  -1.3552351e-05  0.0013865443  -0.00086204823  0.00090471591  0.00020493601  -0.00017975067  -0.00039514739  4.2184415e-05  0.00042923968  0.00034924664  -5.5628519e-05  3.8439383e-05  -2.1351917e-05  -0.00023480809  3.4134069e-05  0.00038949592  -0.00021650615  -2.3577049e-05  -5.5663913e-05  8.9079091e-05  -6.5149155e-06  -1.2517261e-05  5.8414812e-06  -3.3615513e-06  1.0136008e-05  1.0086306e-05  -9.5747476e-05  0.00012669806  4.0785383e-05  0.0000000   -7.7516867e-05  -1.3552351e-05  0.0013865443  -0.00086204823  0.00090471591  0.00020493601  -0.00017975067  -0.00039514739  4.2184415e-05  0.00042923968  0.00034924664  -5.5628519e-05  3.8439383e-05  -2.1351917e-05  -0.00023480809  3.4134069e-05  0.00038949592  -0.00021650615  -2.3577049e-05  -5.5663913e-05  8.9079091e-05  -6.5149155e-06  -1.2517261e-05  5.8414812e-06  -3.3615513e-06  1.0136008e-05  1.0086306e-05  
4.1519526e-05  0.00062941314  -0.00049877776  7.7516867e-05  0.0000000   0.0014176025  8.1521483e-05  6.8123320e-05  0.00013866355  0.00048735971  0.00066506241  -4.8703333e-05  6.7316990e-05  1.6152441e-06  7.7025000e-05  0.00023357511  -8.3312913e-05  -1.4604719e-05  -2.6645697e-05  -0.00019649361  3.0096743e-05  -0.00013461059  2.1380040e-05  1.0970340e-05  8.9548220e-08  0.00021417414  8.6655977e-05  -9.3397639e-05  -0.00013968048  -9.0992630e-05  5.1423575e-06  4.1519526e-05  0.00062941314  -0.00049877776  7.7516867e-05  0.0000000   0.0014176025  8.1521483e-05  6.8123320e-05  0.00013866355  0.00048735971  0.00066506241  -4.8703333e-05  6.7316990e-05  1.6152441e-06  7.7025000e-05  0.00023357511  -8.3312913e-05  -1.4604719e-05  -2.6645697e-05  -0.00019649361  3.0096743e-05  -0.00013461059  2.1380040e-05  1.0970340e-05  8.9548220e-08  0.00021417414  8.6655977e-05  -9.3397639e-05  -0.00013968048  -9.0992630e-05  5.1423575e-06  
-0.00055598906  0.00024894102  0.00026932730  1.3552351e-05  -0.0014176025  0.0000000   -5.3140525e-05  -1.0295764e-05  1.0291980e-05  0.0012698753  0.00014047680  -7.3926788e-06  0.00011891128  -1.1990457e-05  7.1664156e-05  0.00026225785  -0.00015038273  -4.8635666e-05  2.2916967e-05  -2.7807641e-05  -3.2637478e-05  1.7756750e-05  2.5155816e-05  -9.3383380e-07  -5.4796782e-06  1.1274349e-05  8.7595952e-05  -5.3310698e-05  -0.00013075253  -0.00013342983  1.0577930e-05  -0.00055598906  0.00024894102  0.00026932730  1.3552351e-05  -0.0014176025  0.0000000   -5.3140525e-05  -1.0295764e-05  1.0291980e-05  0.0012698753  0.00014047680  -7.3926788e-06  0.00011891128  -1.1990457e-05  7.1664156e-05  0.00026225785  -0.00015038273  -4.8635666e-05  2.2916967e-05  -2.7807641e-05  -3.2637478e-05  1.7756750e-05  2.5155816e-05  -9.3383380e-07  -5.4796782e-06  1.1274349e-05  8.7595952e-05  -5.3310698e-05  -0.00013075253  -0.00013342983  1.0577930e-05  
-4.6866548e-05  4.7560549e-05  3.0545700e-05  -0.0013865443  -8.1521483e-05  5.3140525e-05  0.0000000   -0.00099153982  0.00053196634  0.00019468509  -0.00021355333  0.00030112325  -0.00061494791  -7.9899650e-05  -0.00028390998  -5.4448512e-05  -0.00020043488  -0.00010192395  -0.00025528740  2.1717809e-05  -0.00015191659  5.3829351e-06  -4.7273024e-05  -5.8890800e-05  -1.2255909e-05  1.1970800e-05  -4.8637279e-06  9.2845725e-06  -1.4990317e-05  7.1031660e-06  7.2021790e-05  -4.6866548e-05  4.7560549e-05  3.0545700e-05  -0.0013865443  -8.1521483e-05  5.3140525e-05  0.0000000   -0.00099153982  0.00053196634  0.00019468509  -0.00021355333  0.00030112325  -0.00061494791  -7.9899650e-05  -0.00028390998  -5.4448512e-05  -0.00020043488  -0.00010192395  -0.00025528740  2.1717809e-05  -0.00015191659  5.3829351e-06  -4.7273024e-05  -5.8890800e-05  -1.2255909e-05  1.1970800e-05  -4.8637279e-06  9.2845725e-06  -1.4990317e-05  7.1031660e-06  7.2021790e-05  
-6.8371596e-05  8.9018168e-06  6.7756448e-05  0.00086204823  -6.8123320e-05  1.0295764e-05  0.00099153982  0.0000000   -0.00059288405  0.00020764164  -0.00023421871  -3.9897908e-05  -0.00033921368  -5.9191365e-05  -0.00029565648  5.6970348e-05  6.3740329e-05  -0.00019549686  8.2629847e-05  -2.0072905e-05  5.6504464e-05  -4.1916144e-05  -3.4249234e-05  6.5844230e-05  5.7018600e-06  3.2362987e-07  -4.8725203e-06  -4.6005895e-06  -3.5275632e-06  -2.3839712e-05  1.9059339e-05  -6.8371596e-05  8.9018168e-06  6.7756448e-05  0.00086204823  -6.8123320e-05  1.0295764e-05  0.00099153982  0.0000000   -0.00059288405  0.00020764164  -0.00023421871  -3.9897908e-05  -0.00033921368  -5.9191365e-05  -0.00029565648  5.6970348e-05  6.3740329e-05  -0.00019549686  8.2629847e-05  -2.0072905e-05  5.6504464e-05  -4.1916144e-05  -3.4249234e-05  6.5844230e-05  5.7018600e-06  3.2362987e-07  -4.8725203e-06  -4.6005895e-06  -3.5275632e-06  -2.3839712e-05  1.9059339e-05  
-3.4265889e-05  4.0827002e-05  1.6059809e-05  -0.00090471591  -0.00013866355  -1.0291980e-05  -0.00053196634  0.00059288405  0.0000000   0.00045462752  -0.00030644440  -0.00064663890  -0.00089039599  0.00027756257  2.4340576e-05  0.00013059388  0.00046682888  0.00064320810  -0.00016726348  2.7999773e-05  0.00010105883  5.4965244e-05  -0.00031724087  -8.9305808e-05  -8.7860537e-05  -5.7626939e-06  4.4222121e-06  -1.6841299e-05  -1.3626360e-05  -2.4672078e-06  -5.7071484e-05  -3.4265889e-05  4.0827002e-05  1.6059809e-05  -0.00090471591  -0.00013866355  -1.0291980e-05  -0.00053196634  0.00059288405  0.0000000   0.00045462752  -0.00030644440  -0.00064663890  -0.00089039599  0.00027756257  2.4340576e-05  0.00013059388  0.00046682888  0.00064320810  -0.00016726348  2.7999773e-05  0.00010105883  5.4965244e-05  -0.00031724087  -8.9305808e-05  -8.7860537e-05  -5.7626939e-06  4.4222121e-06  -1.6841299e-05  -1.3626360e-05  -2.4672078e-06  -5.7071484e-05  
-0.00014060770  0.00016659294  0.00061590747  -0.00020493601  -0.00048735971  -0.0012698753  -0.00019468509  -0.00020764164  -0.00045462752  0.0000000   -0.012189290  0.00053455803  5.0344158e-05  7.0065851e-05  -9.0666004e-05  -0.00026538440  -3.0984126e-05  8.1870918e-05  1.5797768e-05  -6.9216631e-05  7.6467179e-05  6.6341155e-05  -4.6814930e-05  4.9032234e-06  1.5792882e-05  -0.00025263243  -0.00013792370  -1.8727813e-05  -1.2380587e-05  -0.00015816190  6.5859525e-05  -0.00014060770  0.00016659294  0.00061590747  -0.00020493601  -0.00048735971  -0.0012698753  -0.00019468509  -0.00020764164  -0.00045462752  0.0000000   -0.012189290  0.00053455803  5.0344158e-05  7.0065851e-05  -9.0666004e-05  -0.00026538440  -3.0984126e-05  8.1870918e-05  1.5797768e-05  -6.9216631e-05  7.6467179e-05  6.6341155e-05  -4.6814930e-05  4.9032234e-06  1.5792882e-05  -0.00025263243  -0.00013792370  -1.8727813e-05  -1.2380587e-05  -0.00015816190  6.5859525e-05  
-0.00018852645  -0.00056734182  0.00062309651  0.00017975067  -0.00066506241  -0.00014047680  0.00021355333  0.00023421871  0.00030644440  0.012189290  0.0000000   -9.6533329e-05  0.00058135934  -0.00011159473  5.5104626e-05  -0.00052430017  5.8640115e-05  -9.9173593e-05  8.8105905e-05  9.5840254e-06  -9.3744786e-05  5.2013619e-05  2.2362636e-05  -5.6955384e-05  -1.0206619e-06  -0.00012321417  -7.5163255e-05  -0.00012314564  0.00014842223  1.2809397e-05  -1.1617153e-05  -0.00018852645  -0.00056734182  0.00062309651  0.00017975067  -0.00066506241  -0.00014047680  0.00021355333  0.00023421871  0.00030644440  0.012189290  0.0000000   -9.6533329e-05  0.00058135934  -0.00011159473  5.5104626e-05  -0.00052430017  5.8640115e-05  -9.9173593e-05  8.8105905e-05  9.5840254e-06  -9.3744786e-05  5.2013619e-05  2.2362636e-05  -5.6955384e-05  -1.0206619e-06  -0.00012321417  -7.5163255e-05  -0.00012314564  0.00014842223  1.2809397e-05  -1.1617153e-05  
