0.0000000   6.9413847e-05  -0.00019487767  0.0011047416  -3.1094771e-05  -0.00081744429  0.00060970260  -3.8266994e-05  0.00024434013  -9.8504209e-07  -0.00027244232  -1.5064678e-06  6.4618566e-05  7.5312304e-06  -0.00023452156  -1.9917296e-05  -3.3545875e-05  1.8998208e-05  6.2722570e-05  -0.00024198581  4.9689924e-07  -3.5130016e-05  -3.5961921e-05  2.0253811e-05  -2.2346754e-05  -2.3224846e-05  7.9404905e-05  5.9966548e-05  2.1689734e-05  -1.5628180e-05  1.0191443e-05  0.0000000   6.9413847e-05  -0.00019487767  0.0011047416  -3.1094771e-05  -0.00081744429  0.00060970260  -3.8266994e-05  0.00024434013  -9.8504209e-07  -0.00027244232  -1.5064678e-06  6.4618566e-05  7.5312304e-06  -0.00023452156  -1.9917296e-05  -3.3545875e-05  1.8998208e-05  6.2722570e-05  -0.00024198581  4.9689924e-07  -3.5130016e-05  -3.5961921e-05  2.0253811e-05  -2.2346754e-05  -2.3224846e-05  7.9404905e-05  5.9966548e-05  2.1689734e-05  -1.5628180e-05  1.0191443e-05  
-6.9413847e-05  0.0000000   6.4180116e-05  -9.2048429e-05  -0.00026098014  5.6985051e-05  -0.00010909583  -0.00037684428  2.6378953e-05  -6.0604095e-05  3.8990336e-05  6.5244161e-05  0.00045874861  0.00016397984  2.8578455e-05  -9.7773213e-06  -7.5473568e-05  1.5175117e-05  -1.4316399e-05  2.8582637e-05  0.00010756033  5.3223689e-06  -1.3329655e-05  -1.6316397e-05  -8.7851680e-05  -9.8825137e-06  3.9612292e-06  -2.7655642e-05  6.8986149e-05  1.2469498e-05  5.5089463e-05  -6.9413847e-05  0.0000000   6.4180116e-05  -9.2048429e-05  -0.00026098014  5.6985051e-05  -0.00010909583  -0.00037684428  2.6378953e-05  -6.0604095e-05  3.8990336e-05  6.5244161e-05  0.00045874861  0.00016397984  2.8578455e-05  -9.7773213e-06  -7.5473568e-05  1.5175117e-05  -1.4316399e-05  2.8582637e-05  0.00010756033  5.3223689e-06  -1.3329655e-05  -1.6316397e-05  -8.7851680e-05  -9.8825137e-06  3.9612292e-06  -2.7655642e-05  6.8986149e-05  1.2469498e-05  5.5089463e-05  
0.00019487767  -6.4180116e-05  0.0000000   -0.0010027334  -7.4392212e-05  -0.00042449175  0.00050403723  -3.4085522e-05  -0.00017541639  -3.6383712e-05  -0.00013070307  -1.4704881e-06  2.6313391e-05  5.2893905e-06  -6.5962294e-05  0.00019831271  2.1725495e-05  -9.9672328e-06  -0.00015477273  -0.00015378939  2.5004607e-06  -0.00011226384  -1.3264545e-05  0.00014333437  8.2827632e-06  -1.9940687e-05  -7.6349519e-06  -8.6202141e-06  4.1057713e-06  -6.9055045e-05  -3.0192423e-06  0.00019487767  -6.4180116e-05  0.0000000   -0.0010027334  -7.4392212e-05  -0.00042449175  0.00050403723  -3.4085522e-05  -0.00017541639  -3.6383712e-05  -0.00013070307  -1.4704881e-06  2.6313391e-05  5.2893905e-06  -6.5962294e-05  0.00019831271  2.1725495e-05  -9.9672328e-06  -0.00015477273  -0.00015378939  2.5004607e-06  -0.00011226384  -1.3264545e-05  0.00014333437  8.2827632e-06  -1.9940687e-05  -7.6349519e-06  -8.6202141e-06  4.1057713e-06  -6.9055045e-05  -3.0192423e-06  
-0.0011047416  9.2048429e-05  0.0010027334  0.0000000   -1.1811815e-05  -0.0010917714  0.00062728587  3.8153165e-05  0.00053440946  9.8586559e-06  4.3719192e-06  -2.9139346e-06  -3.7004174e-05  -5.6838540e-06  -6.1799614e-05  2.8660888e-05  1.7937565e-05  -4.4991500e-06  -4.9962669e-05  -8.5550725e-05  -2.7890547e-05  -7.6171874e-05  -2.8477492e-05  -0.00024966952  -6.1465289e-06  -6.8724524e-05  0.00013225708  -9.6287473e-05  4.9847514e-08  0.00011411908  -5.2082422e-06  -0.0011047416  9.2048429e-05  0.0010027334  0.0000000   -1.1811815e-05  -0.0010917714  0.00062728587  3.8153165e-05  0.00053440946  9.8586559e-06  4.3719192e-06  -2.9139346e-06  -3.7004174e-05  -5.6838540e-06  -6.1799614e-05  2.8660888e-05  1.7937565e-05  -4.4991500e-06  -4.9962669e-05  -8.5550725e-05  -2.7890547e-05  -7.6171874e-05  -2.8477492e-05  -0.00024966952  -6.1465289e-06  -6.8724524e-05  0.00013225708  -9.6287473e-05  4.9847514e-08  0.00011411908  -5.2082422e-06  
3.1094771e-05  0.00026098014  7.4392212e-05  1.1811815e-05  0.0000000   0.00017851812  0.00014215430  0.00045728613  -0.00015010297  0.00036920552  -4.7491393e-05  -0.00014922609  0.00046704007  -0.00023565130  1.1190847e-05  -7.2378664e-07  -1.2973145e-05  9.6967122e-05  1.0107221e-05  -8.0631106e-06  0.00010971874  3.8708846e-06  -1.0234348e-05  4.2488712e-06  -5.0032566e-05  -6.1843965e-06  3.2671200e-05  6.1000575e-06  4.4440953e-05  -3.3811290e-06  3.7798196e-05  3.1094771e-05  0.00026098014  7.4392212e-05  1.1811815e-05  0.0000000   0.00017851812  0.00014215430  0.00045728613  -0.00015010297  0.00036920552  -4.7491393e-05  -0.00014922609  0.00046704007  -0.00023565130  1.1190847e-05  -7.2378664e-07  -1.2973145e-05  9.6967122e-05  1.0107221e-05  -8.0631106e-06  0.00010971874  3.8708846e-06  -1.0234348e-05  4.2488712e-06  -5.0032566e-05  -6.1843965e-06  3.2671200e-05  6.1000575e-06  4.4440953e-05  -3.3811290e-06  3.7798196e-05  
0.00081744429  -5.6985051e-05  0.00042449175  0.0010917714  -0.00017851812  0.0000000   0.0047844167  -0.00023586419  -0.0012194717  -0.00015042006  -0.0011111648  -2.6332461e-05  9.2494339e-06  -2.7938823e-05  0.00028580616  0.00022415998  4.9853691e-05  1.5617966e-05  -9.8479699e-05  -0.00014765270  -3.2704262e-05  -2.7485042e-05  -2.2527132e-06  -1.1658128e-05  -7.0257620e-06  -2.6134109e-05  0.00024435333  0.00012037527  2.1437408e-05  -7.3756982e-05  1.2627827e-05  0.00081744429  -5.6985051e-05  0.00042449175  0.0010917714  -0.00017851812  0.0000000   0.0047844167  -0.00023586419  -0.0012194717  -0.00015042006  -0.0011111648  -2.6332461e-05  9.2494339e-06  -2.7938823e-05  0.00028580616  0.00022415998  4.9853691e-05  1.5617966e-05  -9.8479699e-05  -0.00014765270  -3.2704262e-05  -2.7485042e-05  -2.2527132e-06  -1.1658128e-05  -7.0257620e-06  -2.6134109e-05  0.00024435333  0.00012037527  2.1437408e-05  -7.3756982e-05  1.2627827e-05  
-0.00060970260  0.00010909583  -0.00050403723  -0.00062728587  -0.00014215430  -0.0047844167  0.0000000   0.00019280179  0.0022050948  0.00022489858  0.00073819212  -2.5262980e-05  -7.9412078e-06  -4.9878716e-06  8.8493257e-05  -6.5909984e-05  3.0247337e-05  2.2153960e-05  -0.00015849390  0.00014369128  -2.9249378e-05  0.00027219124  2.5292520e-05  -0.00028383304  -2.9082884e-05  0.00010402659  1.7647527e-06  -0.00017925341  1.2070437e-08  6.6782120e-06  3.5496930e-06  -0.00060970260  0.00010909583  -0.00050403723  -0.00062728587  -0.00014215430  -0.0047844167  0.0000000   0.00019280179  0.0022050948  0.00022489858  0.00073819212  -2.5262980e-05  -7.9412078e-06  -4.9878716e-06  8.8493257e-05  -6.5909984e-05  3.0247337e-05  2.2153960e-05  -0.00015849390  0.00014369128  -2.9249378e-05  0.00027219124  2.5292520e-05  -0.00028383304  -2.9082884e-05  0.00010402659  1.7647527e-06  -0.00017925341  1.2070437e-08  6.6782120e-06  3.5496930e-06  
3.8266994e-05  0.00037684428  3.4085522e-05  -3.8153165e-05  -0.00045728613  0.00023586419  -0.00019280179  0.0000000   -4.5989018e-05  -0.00025271201  6.2729638e-06  0.00040613141  -0.00026569712  -0.00039353429  -1.6858045e-05  -3.6274239e-05  0.00031802649  0.00032048967  -9.8166295e-06  -2.1649191e-05  3.5650741e-05  1.1451281e-05  -3.8367061e-06  2.5774906e-05  -8.6278741e-05  -1.8195335e-05  2.1496700e-05  -4.2327616e-07  -8.8291131e-05  -6.3225445e-06  4.8755600e-05  3.8266994e-05  0.00037684428  3.4085522e-05  -3.8153165e-05  -0.00045728613  0.00023586419  -0.00019280179  0.0000000   -4.5989018e-05  -0.00025271201  6.2729638e-06  0.00040613141  -0.00026569712  -0.00039353429  -1.6858045e-05  -3.6274239e-05  0.00031802649  0.00032048967  -9.8166295e-06  -2.1649191e-05  3.5650741e-05  1.1451281e-05  -3.8367061e-06  2.5774906e-05  -8.6278741e-05  -1.8195335e-05  2.1496700e-05  -4.2327616e-07  -8.8291131e-05  -6.3225445e-06  4.8755600e-05  
-0.00024434013  -2.6378953e-05  0.00017541639  -0.00053440946  0.00015010297  0.0012194717  -0.0022050948  4.5989018e-05  0.0000000   -6.7507508e-06  0.00025043251  6.3830078e-05  7.9327562e-05  -5.3558808e-06  -0.00041410026  0.00032537916  1.8905276e-05  -2.2302199e-05  -9.8911369e-05  -0.00019755353  1.4195102e-05  6.7758140e-05  -7.3747323e-05  0.00010997349  1.2148549e-05  -0.00012124739  -0.00019540088  0.00012579795  5.0638438e-06  1.0816260e-05  -7.6466333e-06  -0.00024434013  -2.6378953e-05  0.00017541639  -0.00053440946  0.00015010297  0.0012194717  -0.0022050948  4.5989018e-05  0.0000000   -6.7507508e-06  0.00025043251  6.3830078e-05  7.9327562e-05  -5.3558808e-06  -0.00041410026  0.00032537916  1.8905276e-05  -2.2302199e-05  -9.8911369e-05  -0.00019755353  1.4195102e-05  6.7758140e-05  -7.3747323e-05  0.00010997349  1.2148549e-05  -0.00012124739  -0.00019540088  0.00012579795  5.0638438e-06  1.0816260e-05  -7.6466333e-06  
9.8504209e-07  6.0604095e-05  3.6383712e-05  -9.8586559e-06  -0.00036920552  0.00015042006  -0.00022489858  0.00025271201  6.7507508e-06  0.0000000   4.3313235e-05  -0.00058490774  -0.00015943767  4.3868926e-05  -1.7122966e-05  9.2146301e-05  -4.5480411e-05  -6.4296955e-05  -1.4471494e-05  -3.6241514e-05  -0.00015398845  -1.0986469e-05  4.0427343e-06  3.0753028e-06  0.00016224530  -1.5870407e-05  -2.8393431e-05  3.4298926e-05  -0.00010758029  -4.0697380e-06  -5.8659892e-05  9.8504209e-07  6.0604095e-05  3.6383712e-05  -9.8586559e-06  -0.00036920552  0.00015042006  -0.00022489858  0.00025271201  6.7507508e-06  0.0000000   4.3313235e-05  -0.00058490774  -0.00015943767  4.3868926e-05  -1.7122966e-05  9.2146301e-05  -4.5480411e-05  -6.4296955e-05  -1.4471494e-05  -3.6241514e-05  -0.00015398845  -1.0986469e-05  4.0427343e-06  3.0753028e-06  0.00016224530  -1.5870407e-05  -2.8393431e-05  3.4298926e-05  -0.00010758029  -4.0697380e-06  -5.8659892e-05  
0.00027244232  -3.8990336e-05  0.00013070307  -4.3719192e-06  4.7491393e-05  0.0011111648  -0.00073819212  -6.2729638e-06  -0.00025043251  -4.3313235e-05  0.0000000   8.0129513e-05  9.6085074e-05  -4.6766610e-05  0.00029024300  0.00045112258  0.00010161422  -9.3896321e-06  -0.00012131193  -0.00040221488  -1.5681377e-05  -8.5163581e-05  7.8772509e-05  -0.00013506727  8.3819774e-06  -0.00011972679  0.00017418515  0.00013427400  2.7274685e-05  -3.4505905e-05  8.3389247e-06  0.00027244232  -3.8990336e-05  0.00013070307  -4.3719192e-06  4.7491393e-05  0.0011111648  -0.00073819212  -6.2729638e-06  -0.00025043251  -4.3313235e-05  0.0000000   8.0129513e-05  9.6085074e-05  -4.6766610e-05  0.00029024300  0.00045112258  0.00010161422  -9.3896321e-06  -0.00012131193  -0.00040221488  -1.5681377e-05  -8.5163581e-05  7.8772509e-05  -0.00013506727  8.3819774e-06  -0.00011972679  0.00017418515  0.00013427400  2.7274685e-05  -3.4505905e-05  8.3389247e-06  
1.5064678e-06  -6.5244161e-05  1.4704881e-06  2.9139346e-06  0.00014922609  2.6332461e-05  2.5262980e-05  -0.00040613141  -6.3830078e-05  0.00058490774  -8.0129513e-05  0.0000000   -0.00028601834  0.0018318699  9.3795919e-06  0.00020112408  -0.00050434811  -0.00033062642  1.7863478e-05  3.4676859e-05  0.00046308679  1.8205455e-05  7.3939173e-06  -1.3166828e-05  -0.00025238204  1.1889444e-05  1.7967503e-05  -4.4460802e-07  -6.4266915e-05  1.4444140e-05  -4.9289043e-05  1.5064678e-06  -6.5244161e-05  1.4704881e-06  2.9139346e-06  0.00014922609  2.6332461e-05  2.5262980e-05  -0.00040613141  -6.3830078e-05  0.00058490774  -8.0129513e-05  0.0000000   -0.00028601834  0.0018318699  9.3795919e-06  0.00020112408  -0.00050434811  -0.00033062642  1.7863478e-05  3.4676859e-05  0.00046308679  1.8205455e-05  7.3939173e-06  -1.3166828e-05  -0.00025238204  1.1889444e-05  1.7967503e-05  -4.4460802e-07  -6.4266915e-05  1.4444140e-05  -4.9289043e-05  
-6.4618566e-05  -0.00045874861  -2.6313391e-05  3.7004174e-05  -0.00046704007  -9.2494339e-06  7.9412078e-06  0.00026569712  -7.9327562e-05  0.00015943767  -9.6085074e-05  0.00028601834  0.0000000   0.0017176500  -0.00025926559  -0.00030346932  0.0012222859  -0.00086861514  9.3981883e-05  4.0019350e-05  0.00011993764  4.1663071e-05  2.5328601e-05  -1.1115885e-05  5.3793304e-05  3.3890521e-06  -3.3480151e-05  -2.6501280e-05  0.00020658304  2.4839757e-06  1.6387485e-05  -6.4618566e-05  -0.00045874861  -2.6313391e-05  3.7004174e-05  -0.00046704007  -9.2494339e-06  7.9412078e-06  0.00026569712  -7.9327562e-05  0.00015943767  -9.6085074e-05  0.00028601834  0.0000000   0.0017176500  -0.00025926559  -0.00030346932  0.0012222859  -0.00086861514  9.3981883e-05  4.0019350e-05  0.00011993764  4.1663071e-05  2.5328601e-05  -1.1115885e-05  5.3793304e-05  3.3890521e-06  -3.3480151e-05  -2.6501280e-05  0.00020658304  2.4839757e-06  1.6387485e-05  
-7.5312304e-06  -0.00016397984  -5.2893905e-06  5.6838540e-06  0.00023565130  2.7938823e-05  4.9878716e-06  0.00039353429  5.3558808e-06  -4.3868926e-05  4.6766610e-05  -0.0018318699  -0.0017176500  0.0000000   -2.7073044e-05  0.00027087050  -0.00085018547  -0.0011986514  6.4778348e-05  1.6034808e-06  5.3463659e-05  -1.1667691e-05  -1.2665426e-06  -3.2740499e-05  9.7405023e-05  -4.1816310e-06  -3.1478298e-05  -1.2421643e-05  0.00012900157  1.4700085e-05  -0.00019208765  -7.5312304e-06  -0.00016397984  -5.2893905e-06  5.6838540e-06  0.00023565130  2.7938823e-05  4.9878716e-06  0.00039353429  5.3558808e-06  -4.3868926e-05  4.6766610e-05  -0.0018318699  -0.0017176500  0.0000000   -2.7073044e-05  0.00027087050  -0.00085018547  -0.0011986514  6.4778348e-05  1.6034808e-06  5.3463659e-05  -1.1667691e-05  -1.2665426e-06  -3.2740499e-05  9.7405023e-05  -4.1816310e-06  -3.1478298e-05  -1.2421643e-05  0.00012900157  1.4700085e-05  -0.00019208765  
0.00023452156  -2.8578455e-05  6.5962294e-05  6.1799614e-05  -1.1190847e-05  -0.00028580616  -8.8493257e-05  1.6858045e-05  0.00041410026  1.7122966e-05  -0.00029024300  -9.3795919e-06  0.00025926559  2.7073044e-05  0.0000000   0.0031618138  0.00058733262  -9.7902634e-05  6.8975475e-05  0.00073691389  -5.6114797e-05  1.1798795e-05  0.00049562187  0.00052695216  8.6722672e-05  0.00020989238  -0.00018787051  0.00035368027  -9.7974707e-06  -0.00020240341  -4.5597119e-06  0.00023452156  -2.8578455e-05  6.5962294e-05  6.1799614e-05  -1.1190847e-05  -0.00028580616  -8.8493257e-05  1.6858045e-05  0.00041410026  1.7122966e-05  -0.00029024300  -9.3795919e-06  0.00025926559  2.7073044e-05  0.0000000   0.0031618138  0.00058733262  -9.7902634e-05  6.8975475e-05  0.00073691389  -5.6114797e-05  1.1798795e-05  0.00049562187  0.00052695216  8.6722672e-05  0.00020989238  -0.00018787051  0.00035368027  -9.7974707e-06  -0.00020240341  -4.5597119e-06  
1.9917296e-05  9.7773213e-06  -0.00019831271  -2.8660888e-05  7.2378664e-07  -0.00022415998  6.5909984e-05  3.6274239e-05  -0.00032537916  -9.2146301e-05  -0.00045112258  -0.00020112408  0.00030346932  -0.00027087050  -0.0031618138  0.0000000   -0.00022967354  -7.1004700e-05  0.0012590046  0.0012119377  1.8182371e-05  0.00076672026  0.00067950005  -7.4268265e-06  1.3221440e-05  0.00030603403  -0.00039715676  0.00029848186  -2.5593484e-05  -2.3086889e-06  -5.5286541e-06  1.9917296e-05  9.7773213e-06  -0.00019831271  -2.8660888e-05  7.2378664e-07  -0.00022415998  6.5909984e-05  3.6274239e-05  -0.00032537916  -9.2146301e-05  -0.00045112258  -0.00020112408  0.00030346932  -0.00027087050  -0.0031618138  0.0000000   -0.00022967354  -7.1004700e-05  0.0012590046  0.0012119377  1.8182371e-05  0.00076672026  0.00067950005  -7.4268265e-06  1.3221440e-05  0.00030603403  -0.00039715676  0.00029848186  -2.5593484e-05  -2.3086889e-06  -5.5286541e-06  
3.3545875e-05  7.5473568e-05  -2.1725495e-05  -1.7937565e-05  1.2973145e-05  -4.9853691e-05  -3.0247337e-05  -0.00031802649  -1.8905276e-05  4.5480411e-05  -0.00010161422  0.00050434811  -0.0012222859  0.00085018547  -0.00058733262  0.00022967354  0.0000000   0.0018921951  0.00018736810  0.00027725432  -0.00015811173  0.00015754784  0.00011987275  6.7408928e-05  3.3075084e-05  5.9494773e-05  -4.4961531e-05  0.00010009880  1.5756109e-05  -2.7460430e-05  0.00011302830  3.3545875e-05  7.5473568e-05  -2.1725495e-05  -1.7937565e-05  1.2973145e-05  -4.9853691e-05  -3.0247337e-05  -0.00031802649  -1.8905276e-05  4.5480411e-05  -0.00010161422  0.00050434811  -0.0012222859  0.00085018547  -0.00058733262  0.00022967354  0.0000000   0.0018921951  0.00018736810  0.00027725432  -0.00015811173  0.00015754784  0.00011987275  6.7408928e-05  3.3075084e-05  5.9494773e-05  -4.4961531e-05  0.00010009880  1.5756109e-05  -2.7460430e-05  0.00011302830  
-1.8998208e-05  -1.5175117e-05  9.9672328e-06  4.4991500e-06  -9.6967122e-05  -1.5617966e-05  -2.2153960e-05  -0.00032048967  2.2302199e-05  6.4296955e-05  9.3896321e-06  0.00033062642  0.00086861514  0.0011986514  9.7902634e-05  7.1004700e-05  -0.0018921951  0.0000000   2.2580974e-05  -6.2131419e-05  0.00019920726  -1.0279627e-05  2.3773886e-05  -4.4724356e-06  0.00063023835  4.5939998e-06  -2.5915610e-05  -4.4857491e-06  3.4763724e-06  -1.1649242e-05  0.00011353015  -1.8998208e-05  -1.5175117e-05  9.9672328e-06  4.4991500e-06  -9.6967122e-05  -1.5617966e-05  -2.2153960e-05  -0.00032048967  2.2302199e-05  6.4296955e-05  9.3896321e-06  0.00033062642  0.00086861514  0.0011986514  9.7902634e-05  7.1004700e-05  -0.0018921951  0.0000000   2.2580974e-05  -6.2131419e-05  0.00019920726  -1.0279627e-05  2.3773886e-05  -4.4724356e-06  0.00063023835  4.5939998e-06  -2.5915610e-05  -4.4857491e-06  3.4763724e-06  -1.1649242e-05  0.00011353015  
-6.2722570e-05  1.4316399e-05  0.00015477273  4.9962669e-05  -1.0107221e-05  9.8479699e-05  0.00015849390  9.8166295e-06  9.8911369e-05  1.4471494e-05  0.00012131193  -1.7863478e-05  -9.3981883e-05  -6.4778348e-05  -6.8975475e-05  -0.0012590046  -0.00018736810  -2.2580974e-05  0.0000000   -0.0018103344  -2.7652492e-05  0.00032965822  0.00042772617  -7.6520477e-05  -7.9025529e-05  0.00010201517  -0.00025536869  6.4895580e-05  -2.7577539e-07  -0.00011397939  -9.9587189e-06  -6.2722570e-05  1.4316399e-05  0.00015477273  4.9962669e-05  -1.0107221e-05  9.8479699e-05  0.00015849390  9.8166295e-06  9.8911369e-05  1.4471494e-05  0.00012131193  -1.7863478e-05  -9.3981883e-05  -6.4778348e-05  -6.8975475e-05  -0.0012590046  -0.00018736810  -2.2580974e-05  0.0000000   -0.0018103344  -2.7652492e-05  0.00032965822  0.00042772617  -7.6520477e-05  -7.9025529e-05  0.00010201517  -0.00025536869  6.4895580e-05  -2.7577539e-07  -0.00011397939  -9.9587189e-06  
0.00024198581  -2.8582637e-05  0.00015378939  8.5550725e-05  8.0631106e-06  0.00014765270  -0.00014369128  2.1649191e-05  0.00019755353  3.6241514e-05  0.00040221488  -3.4676859e-05  -4.0019350e-05  -1.6034808e-06  -0.00073691389  -0.0012119377  -0.00027725432  6.2131419e-05  0.0018103344  0.0000000   5.2207445e-05  0.00090674481  0.00026900781  0.0011310906  2.2818589e-05  -0.00016608995  -8.0435347e-05  0.00068415057  7.4315056e-05  -0.00020332781  -5.9624110e-06  0.00024198581  -2.8582637e-05  0.00015378939  8.5550725e-05  8.0631106e-06  0.00014765270  -0.00014369128  2.1649191e-05  0.00019755353  3.6241514e-05  0.00040221488  -3.4676859e-05  -4.0019350e-05  -1.6034808e-06  -0.00073691389  -0.0012119377  -0.00027725432  6.2131419e-05  0.0018103344  0.0000000   5.2207445e-05  0.00090674481  0.00026900781  0.0011310906  2.2818589e-05  -0.00016608995  -8.0435347e-05  0.00068415057  7.4315056e-05  -0.00020332781  -5.9624110e-06  
-4.9689924e-07  -0.00010756033  -2.5004607e-06  2.7890547e-05  -0.00010971874  3.2704262e-05  2.9249378e-05  -3.5650741e-05  -1.4195102e-05  0.00015398845  1.5681377e-05  -0.00046308679  -0.00011993764  -5.3463659e-05  5.6114797e-05  -1.8182371e-05  0.00015811173  -0.00019920726  2.7652492e-05  -5.2207445e-05  0.0000000   -3.1311974e-05  -6.7359199e-05  1.9115333e-05  0.00015637342  -3.7902247e-06  2.9724745e-05  7.3405538e-05  -0.00069816202  -8.4421100e-07  0.00027804557  -4.9689924e-07  -0.00010756033  -2.5004607e-06  2.7890547e-05  -0.00010971874  3.2704262e-05  2.9249378e-05  -3.5650741e-05  -1.4195102e-05  0.00015398845  1.5681377e-05  -0.00046308679  -0.00011993764  -5.3463659e-05  5.6114797e-05  -1.8182371e-05  0.00015811173  -0.00019920726  2.7652492e-05  -5.2207445e-05  0.0000000   -3.1311974e-05  -6.7359199e-05  1.9115333e-05  0.00015637342  -3.7902247e-06  2.9724745e-05  7.3405538e-05  -0.00069816202  -8.4421100e-07  0.00027804557  
3.5130016e-05  -5.3223689e-06  0.00011226384  7.6171874e-05  -3.8708846e-06  2.7485042e-05  -0.00027219124  -1.1451281e-05  -6.7758140e-05  1.0986469e-05  8.5163581e-05  -1.8205455e-05  -4.1663071e-05  1.1667691e-05  -1.1798795e-05  -0.00076672026  -0.00015754784  1.0279627e-05  -0.00032965822  -0.00090674481  3.1311974e-05  0.0000000   0.0031097897  0.00015583881  3.9459625e-05  9.8791201e-05  -0.00025199085  0.00048151898  2.2888669e-05  2.1347740e-05  8.4939517e-07  3.5130016e-05  -5.3223689e-06  0.00011226384  7.6171874e-05  -3.8708846e-06  2.7485042e-05  -0.00027219124  -1.1451281e-05  -6.7758140e-05  1.0986469e-05  8.5163581e-05  -1.8205455e-05  -4.1663071e-05  1.1667691e-05  -1.1798795e-05  -0.00076672026  -0.00015754784  1.0279627e-05  -0.00032965822  -0.00090674481  3.1311974e-05  0.0000000   0.0031097897  0.00015583881  3.9459625e-05  9.8791201e-05  -0.00025199085  0.00048151898  2.2888669e-05  2.1347740e-05  8.4939517e-07  
3.5961921e-05  1.3329655e-05  1.3264545e-05  2.8477492e-05  1.0234348e-05  2.2527132e-06  -2.5292520e-05  3.8367061e-06  7.3747323e-05  -4.0427343e-06  -7.8772509e-05  -7.3939173e-06  -2.5328601e-05  1.2665426e-06  -0.00049562187  -0.00067950005  -0.00011987275  -2.3773886e-05  -0.00042772617  -0.00026900781  6.7359199e-05  -0.0031097897  0.0000000   9.9738686e-05  -0.00011605099  0.00035494529  -0.00039719776  0.00015022919  -2.3737860e-05  -2.6104171e-05  -1.0960548e-05  3.5961921e-05  1.3329655e-05  1.3264545e-05  2.8477492e-05  1.0234348e-05  2.2527132e-06  -2.5292520e-05  3.8367061e-06  7.3747323e-05  -4.0427343e-06  -7.8772509e-05  -7.3939173e-06  -2.5328601e-05  1.2665426e-06  -0.00049562187  -0.00067950005  -0.00011987275  -2.3773886e-05  -0.00042772617  -0.00026900781  6.7359199e-05  -0.0031097897  0.0000000   9.9738686e-05  -0.00011605099  0.00035494529  -0.00039719776  0.00015022919  -2.3737860e-05  -2.6104171e-05  -1.0960548e-05  
-2.0253811e-05  1.6316397e-05  -0.00014333437  0.00024966952  -4.2488712e-06  1.1658128e-05  0.00028383304  -2.5774906e-05  -0.00010997349  -3.0753028e-06  0.00013506727  1.3166828e-05  1.1115885e-05  3.2740499e-05  -0.00052695216  7.4268265e-06  -6.7408928e-05  4.4724356e-06  7.6520477e-05  -0.0011310906  -1.9115333e-05  -0.00015583881  -9.9738686e-05  0.0000000   -7.0779749e-06  -0.00079646267  0.00052552450  0.00045539920  8.8812390e-05  -0.00046569749  6.9062764e-06  -2.0253811e-05  1.6316397e-05  -0.00014333437  0.00024966952  -4.2488712e-06  1.1658128e-05  0.00028383304  -2.5774906e-05  -0.00010997349  -3.0753028e-06  0.00013506727  1.3166828e-05  1.1115885e-05  3.2740499e-05  -0.00052695216  7.4268265e-06  -6.7408928e-05  4.4724356e-06  7.6520477e-05  -0.0011310906  -1.9115333e-05  -0.00015583881  -9.9738686e-05  0.0000000   -7.0779749e-06  -0.00079646267  0.00052552450  0.00045539920  8.8812390e-05  -0.00046569749  6.9062764e-06  
2.2346754e-05  8.7851680e-05  -8.2827632e-06  6.1465289e-06  5.0032566e-05  7.0257620e-06  2.9082884e-05  8.6278741e-05  -1.2148549e-05  -0.00016224530  -8.3819774e-06  0.00025238204  -5.3793304e-05  -9.7405023e-05  -8.6722672e-05  -1.3221440e-05  -3.3075084e-05  -0.00063023835  7.9025529e-05  -2.2818589e-05  -0.00015637342  -3.9459625e-05  0.00011605099  7.0779749e-06  0.0000000   6.1645375e-05  0.00028950877  7.0320447e-05  -0.00016573537  -9.2661435e-05  0.00010001533  2.2346754e-05  8.7851680e-05  -8.2827632e-06  6.1465289e-06  5.0032566e-05  7.0257620e-06  2.9082884e-05  8.6278741e-05  -1.2148549e-05  -0.00016224530  -8.3819774e-06  0.00025238204  -5.3793304e-05  -9.7405023e-05  -8.6722672e-05  -1.3221440e-05  -3.3075084e-05  -0.00063023835  7.9025529e-05  -2.2818589e-05  -0.00015637342  -3.9459625e-05  0.00011605099  7.0779749e-06  0.0000000   6.1645375e-05  0.00028950877  7.0320447e-05  -0.00016573537  -9.2661435e-05  0.00010001533  
2.3224846e-05  9.8825137e-06  1.9940687e-05  6.8724524e-05  6.1843965e-06  2.6134109e-05  -0.00010402659  1.8195335e-05  0.00012124739  1.5870407e-05  0.00011972679  -1.1889444e-05  -3.3890521e-06  4.1816310e-06  -0.00020989238  -0.00030603403  -5.9494773e-05  -4.5939998e-06  -0.00010201517  0.00016608995  3.7902247e-06  -9.8791201e-05  -0.00035494529  0.00079646267  -6.1645375e-05  0.0000000   -0.0047606251  0.00030373079  -0.00021308520  -0.00012057874  -5.7710831e-06  2.3224846e-05  9.8825137e-06  1.9940687e-05  6.8724524e-05  6.1843965e-06  2.6134109e-05  -0.00010402659  1.8195335e-05  0.00012124739  1.5870407e-05  0.00011972679  -1.1889444e-05  -3.3890521e-06  4.1816310e-06  -0.00020989238  -0.00030603403  -5.9494773e-05  -4.5939998e-06  -0.00010201517  0.00016608995  3.7902247e-06  -9.8791201e-05  -0.00035494529  0.00079646267  -6.1645375e-05  0.0000000   -0.0047606251  0.00030373079  -0.00021308520  -0.00012057874  -5.7710831e-06  
-7.9404905e-05  -3.9612292e-06  7.6349519e-06  -0.00013225708  -3.2671200e-05  -0.00024435333  -1.7647527e-06  -2.1496700e-05  0.00019540088  2.8393431e-05  -0.00017418515  -1.7967503e-05  3.3480151e-05  3.1478298e-05  0.00018787051  0.00039715676  4.4961531e-05  2.5915610e-05  0.00025536869  8.0435347e-05  -2.9724745e-05  0.00025199085  0.00039719776  -0.00052552450  -0.00028950877  0.0047606251  0.0000000   0.0027509403  0.00010914943  0.00077200449  -1.2697687e-05  -7.9404905e-05  -3.9612292e-06  7.6349519e-06  -0.00013225708  -3.2671200e-05  -0.00024435333  -1.7647527e-06  -2.1496700e-05  0.00019540088  2.8393431e-05  -0.00017418515  -1.7967503e-05  3.3480151e-05  3.1478298e-05  0.00018787051  0.00039715676  4.4961531e-05  2.5915610e-05  0.00025536869  8.0435347e-05  -2.9724745e-05  0.00025199085  0.00039719776  -0.00052552450  -0.00028950877  0.0047606251  0.0000000   0.0027509403  0.00010914943  0.00077200449  -1.2697687e-05  
-5.9966548e-05  2.7655642e-05  8.6202141e-06  9.6287473e-05  -6.1000575e-06  -0.00012037527  0.00017925341  4.2327616e-07  -0.00012579795  -3.4298926e-05  -0.00013427400  4.4460802e-07  2.6501280e-05  1.2421643e-05  -0.00035368027  -0.00029848186  -0.00010009880  4.4857491e-06  -6.4895580e-05  -0.00068415057  -7.3405538e-05  -0.00048151898  -0.00015022919  -0.00045539920  -7.0320447e-05  -0.00030373079  -0.0027509403  0.0000000   -0.00010114453  0.0017016267  -1.2708603e-06  -5.9966548e-05  2.7655642e-05  8.6202141e-06  9.6287473e-05  -6.1000575e-06  -0.00012037527  0.00017925341  4.2327616e-07  -0.00012579795  -3.4298926e-05  -0.00013427400  4.4460802e-07  2.6501280e-05  1.2421643e-05  -0.00035368027  -0.00029848186  -0.00010009880  4.4857491e-06  -6.4895580e-05  -0.00068415057  -7.3405538e-05  -0.00048151898  -0.00015022919  -0.00045539920  -7.0320447e-05  -0.00030373079  -0.0027509403  0.0000000   -0.00010114453  0.0017016267  -1.2708603e-06  
-2.1689734e-05  -6.8986149e-05  -4.1057713e-06  -4.9847514e-08  -4.4440953e-05  -2.1437408e-05  -1.2070437e-08  8.8291131e-05  -5.0638438e-06  0.00010758029  -2.7274685e-05  6.4266915e-05  -0.00020658304  -0.00012900157  9.7974707e-06  2.5593484e-05  -1.5756109e-05  -3.4763724e-06  2.7577539e-07  -7.4315056e-05  0.00069816202  -2.2888669e-05  2.3737860e-05  -8.8812390e-05  0.00016573537  0.00021308520  -0.00010914943  0.00010114453  0.0000000   8.9491349e-05  0.0010293807  -2.1689734e-05  -6.8986149e-05  -4.1057713e-06  -4.9847514e-08  -4.4440953e-05  -2.1437408e-05  -1.2070437e-08  8.8291131e-05  -5.0638438e-06  0.00010758029  -2.7274685e-05  6.4266915e-05  -0.00020658304  -0.00012900157  9.7974707e-06  2.5593484e-05  -1.5756109e-05  -3.4763724e-06  2.7577539e-07  -7.4315056e-05  0.00069816202  -2.2888669e-05  2.3737860e-05  -8.8812390e-05  0.00016573537  0.00021308520  -0.00010914943  0.00010114453  0.0000000   8.9491349e-05  0.0010293807  
1.5628180e-05  -1.2469498e-05  6.9055045e-05  -0.00011411908  3.3811290e-06  7.3756982e-05  -6.6782120e-06  6.3225445e-06  -1.0816260e-05  4.0697380e-06  3.4505905e-05  -1.4444140e-05  -2.4839757e-06  -1.4700085e-05  0.00020240341  2.3086889e-06  2.7460430e-05  1.1649242e-05  0.00011397939  0.00020332781  8.4421100e-07  -2.1347740e-05  2.6104171e-05  0.00046569749  9.2661435e-05  0.00012057874  -0.00077200449  -0.0017016267  -8.9491349e-05  0.0000000   -3.0900095e-05  1.5628180e-05  -1.2469498e-05  6.9055045e-05  -0.00011411908  3.3811290e-06  7.3756982e-05  -6.6782120e-06  6.3225445e-06  -1.0816260e-05  4.0697380e-06  3.4505905e-05  -1.4444140e-05  -2.4839757e-06  -1.4700085e-05  0.00020240341  2.3086889e-06  2.7460430e-05  1.1649242e-05  0.00011397939  0.00020332781  8.4421100e-07  -2.1347740e-05  2.6104171e-05  0.00046569749  9.2661435e-05  0.00012057874  -0.00077200449  -0.0017016267  -8.9491349e-05  0.0000000   -3.0900095e-05  
-1.0191443e-05  -5.5089463e-05  3.0192423e-06  5.2082422e-06  -3.7798196e-05  -1.2627827e-05  -3.5496930e-06  -4.8755600e-05  7.6466333e-06  5.8659892e-05  -8.3389247e-06  4.9289043e-05  -1.6387485e-05  0.00019208765  4.5597119e-06  5.5286541e-06  -0.00011302830  -0.00011353015  9.9587189e-06  5.9624110e-06  -0.00027804557  -8.4939517e-07  1.0960548e-05  -6.9062764e-06  -0.00010001533  5.7710831e-06  1.2697687e-05  1.2708603e-06  -0.0010293807  3.0900095e-05  0.0000000   -1.0191443e-05  -5.5089463e-05  3.0192423e-06  5.2082422e-06  -3.7798196e-05  -1.2627827e-05  -3.5496930e-06  -4.8755600e-05  7.6466333e-06  5.8659892e-05  -8.3389247e-06  4.9289043e-05  -1.6387485e-05  0.00019208765  4.5597119e-06  5.5286541e-06  -0.00011302830  -0.00011353015  9.9587189e-06  5.9624110e-06  -0.00027804557  -8.4939517e-07  1.0960548e-05  -6.9062764e-06  -0.00010001533  5.7710831e-06  1.2697687e-05  1.2708603e-06  -0.0010293807  3.0900095e-05  0.0000000   
0.0000000   6.9413847e-05  -0.00019487767  0.0011047416  -3.1094771e-05  -0.00081744429  0.00060970260  -3.8266994e-05  0.00024434013  -9.8504209e-07  -0.00027244232  -1.5064678e-06  6.4618566e-05  7.5312304e-06  -0.00023452156  -1.9917296e-05  -3.3545875e-05  1.8998208e-05  6.2722570e-05  -0.00024198581  4.9689924e-07  -3.5130016e-05  -3.5961921e-05  2.0253811e-05  -2.2346754e-05  -2.3224846e-05  7.9404905e-05  5.9966548e-05  2.1689734e-05  -1.5628180e-05  1.0191443e-05  0.0000000   6.9413847e-05  -0.00019487767  0.0011047416  -3.1094771e-05  -0.00081744429  0.00060970260  -3.8266994e-05  0.00024434013  -9.8504209e-07  -0.00027244232  -1.5064678e-06  6.4618566e-05  7.5312304e-06  -0.00023452156  -1.9917296e-05  -3.3545875e-05  1.8998208e-05  6.2722570e-05  -0.00024198581  4.9689924e-07  -3.5130016e-05  -3.5961921e-05  2.0253811e-05  -2.2346754e-05  -2.3224846e-05  7.9404905e-05  5.9966548e-05  2.1689734e-05  -1.5628180e-05  1.0191443e-05  
-6.9413847e-05  0.0000000   6.4180116e-05  -9.2048429e-05  -0.00026098014  5.6985051e-05  -0.00010909583  -0.00037684428  2.6378953e-05  -6.0604095e-05  3.8990336e-05  6.5244161e-05  0.00045874861  0.00016397984  2.8578455e-05  -9.7773213e-06  -7.5473568e-05  1.5175117e-05  -1.4316399e-05  2.8582637e-05  0.00010756033  5.3223689e-06  -1.3329655e-05  -1.6316397e-05  -8.7851680e-05  -9.8825137e-06  3.9612292e-06  -2.7655642e-05  6.8986149e-05  1.2469498e-05  5.5089463e-05  -6.9413847e-05  0.0000000   6.4180116e-05  -9.2048429e-05  -0.00026098014  5.6985051e-05  -0.00010909583  -0.00037684428  2.6378953e-05  -6.0604095e-05  3.8990336e-05  6.5244161e-05  0.00045874861  0.00016397984  2.8578455e-05  -9.7773213e-06  -7.5473568e-05  1.5175117e-05  -1.4316399e-05  2.8582637e-05  0.00010756033  5.3223689e-06  -1.3329655e-05  -1.6316397e-05  -8.7851680e-05  -9.8825137e-06  3.9612292e-06  -2.7655642e-05  6.8986149e-05  1.2469498e-05  5.5089463e-05  
0.00019487767  -6.4180116e-05  0.0000000   -0.0010027334  -7.4392212e-05  -0.00042449175  0.00050403723  -3.4085522e-05  -0.00017541639  -3.6383712e-05  -0.00013070307  -1.4704881e-06  2.6313391e-05  5.2893905e-06  -6.5962294e-05  0.00019831271  2.1725495e-05  -9.9672328e-06  -0.00015477273  -0.00015378939  2.5004607e-06  -0.00011226384  -1.3264545e-05  0.00014333437  8.2827632e-06  -1.9940687e-05  -7.6349519e-06  -8.6202141e-06  4.1057713e-06  -6.9055045e-05  -3.0192423e-06  0.00019487767  -6.4180116e-05  0.0000000   -0.0010027334  -7.4392212e-05  -0.00042449175  0.00050403723  -3.4085522e-05  -0.00017541639  -3.6383712e-05  -0.00013070307  -1.4704881e-06  2.6313391e-05  5.2893905e-06  -6.5962294e-05  0.00019831271  2.1725495e-05  -9.9672328e-06  -0.00015477273  -0.00015378939  2.5004607e-06  -0.00011226384  -1.3264545e-05  0.00014333437  8.2827632e-06  -1.9940687e-05  -7.6349519e-06  -8.6202141e-06  4.1057713e-06  -6.9055045e-05  -3.0192423e-06  
-0.0011047416  9.2048429e-05  0.0010027334  0.0000000   -1.1811815e-05  -0.0010917714  0.00062728587  3.8153165e-05  0.00053440946  9.8586559e-06  4.3719192e-06  -2.9139346e-06  -3.7004174e-05  -5.6838540e-06  -6.1799614e-05  2.8660888e-05  1.7937565e-05  -4.4991500e-06  -4.9962669e-05  -8.5550725e-05  -2.7890547e-05  -7.6171874e-05  -2.8477492e-05  -0.00024966952  -6.1465289e-06  -6.8724524e-05  0.00013225708  -9.6287473e-05  4.9847514e-08  0.00011411908  -5.2082422e-06  -0.0011047416  9.2048429e-05  0.0010027334  0.0000000   -1.1811815e-05  -0.0010917714  0.00062728587  3.8153165e-05  0.00053440946  9.8586559e-06  4.3719192e-06  -2.9139346e-06  -3.7004174e-05  -5.6838540e-06  -6.1799614e-05  2.8660888e-05  1.7937565e-05  -4.4991500e-06  -4.9962669e-05  -8.5550725e-05  -2.7890547e-05  -7.6171874e-05  -2.8477492e-05  -0.00024966952  -6.1465289e-06  -6.8724524e-05  0.00013225708  -9.6287473e-05  4.9847514e-08  0.00011411908  -5.2082422e-06  
3.1094771e-05  0.00026098014  7.4392212e-05  1.1811815e-05  0.0000000   0.00017851812  0.00014215430  0.00045728613  -0.00015010297  0.00036920552  -4.7491393e-05  -0.00014922609  0.00046704007  -0.00023565130  1.1190847e-05  -7.2378664e-07  -1.2973145e-05  9.6967122e-05  1.0107221e-05  -8.0631106e-06  0.00010971874  3.8708846e-06  -1.0234348e-05  4.2488712e-06  -5.0032566e-05  -6.1843965e-06  3.2671200e-05  6.1000575e-06  4.4440953e-05  -3.3811290e-06  3.7798196e-05  3.1094771e-05  0.00026098014  7.4392212e-05  1.1811815e-05  0.0000000   0.00017851812  0.00014215430  0.00045728613  -0.00015010297  0.00036920552  -4.7491393e-05  -0.00014922609  0.00046704007  -0.00023565130  1.1190847e-05  -7.2378664e-07  -1.2973145e-05  9.6967122e-05  1.0107221e-05  -8.0631106e-06  0.00010971874  3.8708846e-06  -1.0234348e-05  4.2488712e-06  -5.0032566e-05  -6.1843965e-06  3.2671200e-05  6.1000575e-06  4.4440953e-05  -3.3811290e-06  3.7798196e-05  
0.00081744429  -5.6985051e-05  0.00042449175  0.0010917714  -0.00017851812  0.0000000   0.0047844167  -0.00023586419  -0.0012194717  -0.00015042006  -0.0011111648  -2.6332461e-05  9.2494339e-06  -2.7938823e-05  0.00028580616  0.00022415998  4.9853691e-05  1.5617966e-05  -9.8479699e-05  -0.00014765270  -3.2704262e-05  -2.7485042e-05  -2.2527132e-06  -1.1658128e-05  -7.0257620e-06  -2.6134109e-05  0.00024435333  0.00012037527  2.1437408e-05  -7.3756982e-05  1.2627827e-05  0.00081744429  -5.6985051e-05  0.00042449175  0.0010917714  -0.00017851812  0.0000000   0.0047844167  -0.00023586419  -0.0012194717  -0.00015042006  -0.0011111648  -2.6332461e-05  9.2494339e-06  -2.7938823e-05  0.00028580616  0.00022415998  4.9853691e-05  1.5617966e-05  -9.8479699e-05  -0.00014765270  -3.2704262e-05  -2.7485042e-05  -2.2527132e-06  -1.1658128e-05  -7.0257620e-06  -2.6134109e-05  0.00024435333  0.00012037527  2.1437408e-05  -7.3756982e-05  1.2627827e-05  
-0.00060970260  0.00010909583  -0.00050403723  -0.00062728587  -0.00014215430  -0.0047844167  0.0000000   0.00019280179  0.0022050948  0.00022489858  0.00073819212  -2.5262980e-05  -7.9412078e-06  -4.9878716e-06  8.8493257e-05  -6.5909984e-05  3.0247337e-05  2.2153960e-05  -0.00015849390  0.00014369128  -2.9249378e-05  0.00027219124  2.5292520e-05  -0.00028383304  -2.9082884e-05  0.00010402659  1.7647527e-06  -0.00017925341  1.2070437e-08  6.6782120e-06  3.5496930e-06  -0.00060970260  0.00010909583  -0.00050403723  -0.00062728587  -0.00014215430  -0.0047844167  0.0000000   0.00019280179  0.0022050948  0.00022489858  0.00073819212  -2.5262980e-05  -7.9412078e-06  -4.9878716e-06  8.8493257e-05  -6.5909984e-05  3.0247337e-05  2.2153960e-05  -0.00015849390  0.00014369128  -2.9249378e-05  0.00027219124  2.5292520e-05  -0.00028383304  -2.9082884e-05  0.00010402659  1.7647527e-06  -0.00017925341  1.2070437e-08  6.6782120e-06  3.5496930e-06  
3.8266994e-05  0.00037684428  3.4085522e-05  -3.8153165e-05  -0.00045728613  0.00023586419  -0.00019280179  0.0000000   -4.5989018e-05  -0.00025271201  6.2729638e-06  0.00040613141  -0.00026569712  -0.00039353429  -1.6858045e-05  -3.6274239e-05  0.00031802649  0.00032048967  -9.8166295e-06  -2.1649191e-05  3.5650741e-05  1.1451281e-05  -3.8367061e-06  2.5774906e-05  -8.6278741e-05  -1.8195335e-05  2.1496700e-05  -4.2327616e-07  -8.8291131e-05  -6.3225445e-06  4.8755600e-05  3.8266994e-05  0.00037684428  3.4085522e-05  -3.8153165e-05  -0.00045728613  0.00023586419  -0.00019280179  0.0000000   -4.5989018e-05  -0.00025271201  6.2729638e-06  0.00040613141  -0.00026569712  -0.00039353429  -1.6858045e-05  -3.6274239e-05  0.00031802649  0.00032048967  -9.8166295e-06  -2.1649191e-05  3.5650741e-05  1.1451281e-05  -3.8367061e-06  2.5774906e-05  -8.6278741e-05  -1.8195335e-05  2.1496700e-05  -4.2327616e-07  -8.8291131e-05  -6.3225445e-06  4.8755600e-05  
-0.00024434013  -2.6378953e-05  0.00017541639  -0.00053440946  0.00015010297  0.0012194717  -0.0022050948  4.5989018e-05  0.0000000   -6.7507508e-06  0.00025043251  6.3830078e-05  7.9327562e-05  -5.3558808e-06  -0.00041410026  0.00032537916  1.8905276e-05  -2.2302199e-05  -9.8911369e-05  -0.00019755353  1.4195102e-05  6.7758140e-05  -7.3747323e-05  0.00010997349  1.2148549e-05  -0.00012124739  -0.00019540088  0.00012579795  5.0638438e-06  1.0816260e-05  -7.6466333e-06  -0.00024434013  -2.6378953e-05  0.00017541639  -0.00053440946  0.00015010297  0.0012194717  -0.0022050948  4.5989018e-05  0.0000000   -6.7507508e-06  0.00025043251  6.3830078e-05  7.9327562e-05  -5.3558808e-06  -0.00041410026  0.00032537916  1.8905276e-05  -2.2302199e-05  -9.8911369e-05  -0.00019755353  1.4195102e-05  6.7758140e-05  -7.3747323e-05  0.00010997349  1.2148549e-05  -0.00012124739  -0.00019540088  0.00012579795  5.0638438e-06  1.0816260e-05  -7.6466333e-06  
9.8504209e-07  6.0604095e-05  3.6383712e-05  -9.8586559e-06  -0.00036920552  0.00015042006  -0.00022489858  0.00025271201  6.7507508e-06  0.0000000   4.3313235e-05  -0.00058490774  -0.00015943767  4.3868926e-05  -1.7122966e-05  9.2146301e-05  -4.5480411e-05  -6.4296955e-05  -1.4471494e-05  -3.6241514e-05  -0.00015398845  -1.0986469e-05  4.0427343e-06  3.0753028e-06  0.00016224530  -1.5870407e-05  -2.8393431e-05  3.4298926e-05  -0.00010758029  -4.0697380e-06  -5.8659892e-05  9.8504209e-07  6.0604095e-05  3.6383712e-05  -9.8586559e-06  -0.00036920552  0.00015042006  -0.00022489858  0.00025271201  6.7507508e-06  0.0000000   4.3313235e-05  -0.00058490774  -0.00015943767  4.3868926e-05  -1.7122966e-05  9.2146301e-05  -4.5480411e-05  -6.4296955e-05  -1.4471494e-05  -3.6241514e-05  -0.00015398845  -1.0986469e-05  4.0427343e-06  3.0753028e-06  0.00016224530  -1.5870407e-05  -2.8393431e-05  3.4298926e-05  -0.00010758029  -4.0697380e-06  -5.8659892e-05  
