0.0000000   -0.00027345639  0.00029517137  -0.0015367764  1.6622003e-05  -0.00014928345  0.00072550119  0.00017609727  0.00027912231  -0.00010451108  -4.8374003e-05  -0.00045600997  -8.0554683e-05  -1.8916087e-06  3.3610157e-05  1.3797592e-06  4.4118109e-05  -0.00014357714  -9.4865990e-05  -8.6004825e-05  -0.00020034868  -0.00011253659  -6.4289079e-06  0.00014094723  -0.00016151791  -4.7496610e-05  3.5255754e-05  -1.7504796e-05  8.1146861e-06  -9.8537888e-05  -9.5586915e-05  0.0000000   -0.00027345639  0.00029517137  -0.0015367764  1.6622003e-05  -0.00014928345  0.00072550119  0.00017609727  0.00027912231  -0.00010451108  -4.8374003e-05  -0.00045600997  -8.0554683e-05  -1.8916087e-06  3.3610157e-05  1.3797592e-06  4.4118109e-05  -0.00014357714  -9.4865990e-05  -8.6004825e-05  -0.00020034868  -0.00011253659  -6.4289079e-06  0.00014094723  -0.00016151791  -4.7496610e-05  3.5255754e-05  -1.7504796e-05  8.1146861e-06  -9.8537888e-05  -9.5586915e-05  
0.00027345639  0.0000000   0.0031333978  0.0014558005  -7.0364983e-05  0.0012937708  0.00011197490  -9.7964211e-05  4.9900260e-05  -7.3828543e-05  0.00030470030  -5.4539764e-05  0.00027585703  2.2021185e-06  3.3096722e-06  -0.00014570370  -0.00028736329  -0.00028392680  0.00025061941  -5.5591858e-05  0.00033927617  1.5922187e-05  8.7306746e-05  -3.7892893e-05  -8.5826543e-06  0.00020746092  -0.00020042041  0.00017377402  0.00015403491  -1.7120358e-05  0.00032090311  0.00027345639  0.0000000   0.0031333978  0.0014558005  -7.0364983e-05  0.0012937708  0.00011197490  -9.7964211e-05  4.9900260e-05  -7.3828543e-05  0.00030470030  -5.4539764e-05  0.00027585703  2.2021185e-06  3.3096722e-06  -0.00014570370  -0.00028736329  -0.00028392680  0.00025061941  -5.5591858e-05  0.00033927617  1.5922187e-05  8.7306746e-05  -3.7892893e-05  -8.5826543e-06  0.00020746092  -0.00020042041  0.00017377402  0.00015403491  -1.7120358e-05  0.00032090311  
-0.00029517137  -0.0031333978  0.0000000   0.00022761807  -0.00080560037  -0.00034191880  0.00024867160  0.00019226512  6.0209931e-05  0.00011243277  -0.00031808187  -8.2219198e-05  -0.00034525977  -0.00011490523  8.7918136e-05  0.00025160203  0.00021454589  0.00016495850  -5.2866838e-05  3.9169779e-05  -0.00039679446  -3.2599933e-05  -3.8722803e-05  6.6699341e-05  -3.3748356e-05  -0.00011325303  2.7465221e-05  -6.4606025e-05  -0.00016082161  9.4926795e-06  -0.00029666077  -0.00029517137  -0.0031333978  0.0000000   0.00022761807  -0.00080560037  -0.00034191880  0.00024867160  0.00019226512  6.0209931e-05  0.00011243277  -0.00031808187  -8.2219198e-05  -0.00034525977  -0.00011490523  8.7918136e-05  0.00025160203  0.00021454589  0.00016495850  -5.2866838e-05  3.9169779e-05  -0.00039679446  -3.2599933e-05  -3.8722803e-05  6.6699341e-05  -3.3748356e-05  -0.00011325303  2.7465221e-05  -6.4606025e-05  -0.00016082161  9.4926795e-06  -0.00029666077  
0.0015367764  -0.0014558005  -0.00022761807  0.0000000   0.0014527934  -0.00037267617  -0.00080772603  -0.00030521112  -0.00027544880  -3.3827384e-05  -0.00018799984  0.00028921576  -0.00021504051  -5.6927574e-05  -0.00022663809  0.00018784794  0.00013260479  0.00014509515  -0.00014849710  9.1639944e-05  -0.00022511312  6.2861445e-05  -1.9877324e-05  -0.00010114231  3.1199613e-05  -7.5489649e-05  3.3988495e-05  -5.8219079e-05  -0.00011792940  5.0845371e-06  -0.00017184751  0.0015367764  -0.0014558005  -0.00022761807  0.0000000   0.0014527934  -0.00037267617  -0.00080772603  -0.00030521112  -0.00027544880  -3.3827384e-05  -0.00018799984  0.00028921576  -0.00021504051  -5.6927574e-05  -0.00022663809  0.00018784794  0.00013260479  0.00014509515  -0.00014849710  9.1639944e-05  -0.00022511312  6.2861445e-05  -1.9877324e-05  -0.00010114231  3.1199613e-05  -7.5489649e-05  3.3988495e-05  -5.8219079e-05  -0.00011792940  5.0845371e-06  -0.00017184751  
-1.6622003e-05  7.0364983e-05  0.00080560037  -0.0014527934  0.0000000   -0.00038568585  -0.0040887888  0.00044287527  -9.9280332e-06  0.00042066457  4.9656883e-05  0.00055244277  7.6186372e-05  4.4246873e-06  0.00014017275  -4.5629274e-05  -6.3661076e-05  -0.00018653451  -5.4770617e-05  6.7020364e-05  0.00011150571  -0.00012982073  1.6946661e-05  9.8964003e-05  -7.2196767e-05  1.9206047e-05  8.8889273e-07  5.4685781e-06  -1.3744425e-07  5.7790751e-05  4.1001021e-05  -1.6622003e-05  7.0364983e-05  0.00080560037  -0.0014527934  0.0000000   -0.00038568585  -0.0040887888  0.00044287527  -9.9280332e-06  0.00042066457  4.9656883e-05  0.00055244277  7.6186372e-05  4.4246873e-06  0.00014017275  -4.5629274e-05  -6.3661076e-05  -0.00018653451  -5.4770617e-05  6.7020364e-05  0.00011150571  -0.00012982073  1.6946661e-05  9.8964003e-05  -7.2196767e-05  1.9206047e-05  8.8889273e-07  5.4685781e-06  -1.3744425e-07  5.7790751e-05  4.1001021e-05  
0.00014928345  -0.0012937708  0.00034191880  0.00037267617  0.00038568585  0.0000000   -0.00031301862  0.00019025039  -9.5961268e-05  0.00013484110  -0.00069383348  -1.7082089e-05  -0.00057069167  2.4290763e-05  -1.9366719e-05  0.00019941201  0.00033078198  0.00022898700  -0.00020240839  7.5546460e-05  -0.00046863468  -3.4193210e-05  -8.6598825e-06  3.9019166e-05  -2.6461789e-05  -0.00019570006  -0.00010578010  -4.2836159e-05  -5.0896973e-05  2.4570157e-05  -0.00029706975  0.00014928345  -0.0012937708  0.00034191880  0.00037267617  0.00038568585  0.0000000   -0.00031301862  0.00019025039  -9.5961268e-05  0.00013484110  -0.00069383348  -1.7082089e-05  -0.00057069167  2.4290763e-05  -1.9366719e-05  0.00019941201  0.00033078198  0.00022898700  -0.00020240839  7.5546460e-05  -0.00046863468  -3.4193210e-05  -8.6598825e-06  3.9019166e-05  -2.6461789e-05  -0.00019570006  -0.00010578010  -4.2836159e-05  -5.0896973e-05  2.4570157e-05  -0.00029706975  
-0.00072550119  -0.00011197490  -0.00024867160  0.00080772603  0.0040887888  0.00031301862  0.0000000   0.0021838750  -0.0014437635  0.0020052380  0.00011719981  -0.0011641925  0.00011467827  -4.0291133e-05  0.00034548698  -8.0105463e-05  -4.9512026e-05  -0.00020628033  7.7349334e-05  0.00020176790  1.6776007e-05  -0.00024968547  -2.3141841e-06  0.00027049140  -0.00013845402  1.1228022e-06  2.6372097e-05  1.6922150e-05  6.5858208e-05  -0.00014096428  2.7225019e-05  -0.00072550119  -0.00011197490  -0.00024867160  0.00080772603  0.0040887888  0.00031301862  0.0000000   0.0021838750  -0.0014437635  0.0020052380  0.00011719981  -0.0011641925  0.00011467827  -4.0291133e-05  0.00034548698  -8.0105463e-05  -4.9512026e-05  -0.00020628033  7.7349334e-05  0.00020176790  1.6776007e-05  -0.00024968547  -2.3141841e-06  0.00027049140  -0.00013845402  1.1228022e-06  2.6372097e-05  1.6922150e-05  6.5858208e-05  -0.00014096428  2.7225019e-05  
-0.00017609727  9.7964211e-05  -0.00019226512  0.00030521112  -0.00044287527  -0.00019025039  -0.0021838750  0.0000000   0.0014726414  -0.00033863446  5.6176122e-05  -0.00015678628  3.2174391e-06  -1.9209950e-05  -3.9859849e-05  -8.0496353e-05  -6.8524511e-05  -1.7873190e-05  0.00013872915  -0.00012130984  3.0177513e-05  -9.3303421e-05  1.9028086e-05  0.00017091964  0.00011664109  4.2763549e-06  8.3024223e-06  9.1386209e-06  3.8606420e-05  -5.0065095e-05  1.8124086e-05  -0.00017609727  9.7964211e-05  -0.00019226512  0.00030521112  -0.00044287527  -0.00019025039  -0.0021838750  0.0000000   0.0014726414  -0.00033863446  5.6176122e-05  -0.00015678628  3.2174391e-06  -1.9209950e-05  -3.9859849e-05  -8.0496353e-05  -6.8524511e-05  -1.7873190e-05  0.00013872915  -0.00012130984  3.0177513e-05  -9.3303421e-05  1.9028086e-05  0.00017091964  0.00011664109  4.2763549e-06  8.3024223e-06  9.1386209e-06  3.8606420e-05  -5.0065095e-05  1.8124086e-05  
-0.00027912231  -4.9900260e-05  -6.0209931e-05  0.00027544880  9.9280332e-06  9.5961268e-05  0.0014437635  -0.0014726414  0.0000000   0.0039621353  -2.9949610e-06  0.00024719239  4.4398456e-05  4.1740477e-05  -0.00032840256  2.9501139e-05  4.0861984e-05  -7.0450892e-05  1.1276651e-05  0.00015498259  5.9859027e-05  3.5361460e-05  -1.7613303e-05  0.00015743754  0.00017454964  1.8973937e-07  -2.5166437e-06  -4.6023094e-06  2.9341610e-05  -8.5930079e-05  -5.4134605e-06  -0.00027912231  -4.9900260e-05  -6.0209931e-05  0.00027544880  9.9280332e-06  9.5961268e-05  0.0014437635  -0.0014726414  0.0000000   0.0039621353  -2.9949610e-06  0.00024719239  4.4398456e-05  4.1740477e-05  -0.00032840256  2.9501139e-05  4.0861984e-05  -7.0450892e-05  1.1276651e-05  0.00015498259  5.9859027e-05  3.5361460e-05  -1.7613303e-05  0.00015743754  0.00017454964  1.8973937e-07  -2.5166437e-06  -4.6023094e-06  2.9341610e-05  -8.5930079e-05  -5.4134605e-06  
0.00010451108  7.3828543e-05  -0.00011243277  3.3827384e-05  -0.00042066457  -0.00013484110  -0.0020052380  0.00033863446  -0.0039621353  0.0000000   -1.0530156e-06  -0.0012198403  8.4222888e-05  -5.3178547e-05  9.7144629e-05  -2.4786317e-05  -3.3208594e-05  0.00022040649  0.00018827627  0.00016613593  6.3419271e-05  -5.6748366e-05  1.2362919e-05  1.1788715e-06  4.2130133e-06  1.7504695e-05  3.0970775e-06  -1.1496592e-05  -5.1313776e-05  0.00020399678  4.2018837e-05  0.00010451108  7.3828543e-05  -0.00011243277  3.3827384e-05  -0.00042066457  -0.00013484110  -0.0020052380  0.00033863446  -0.0039621353  0.0000000   -1.0530156e-06  -0.0012198403  8.4222888e-05  -5.3178547e-05  9.7144629e-05  -2.4786317e-05  -3.3208594e-05  0.00022040649  0.00018827627  0.00016613593  6.3419271e-05  -5.6748366e-05  1.2362919e-05  1.1788715e-06  4.2130133e-06  1.7504695e-05  3.0970775e-06  -1.1496592e-05  -5.1313776e-05  0.00020399678  4.2018837e-05  
4.8374003e-05  -0.00030470030  0.00031808187  0.00018799984  -4.9656883e-05  0.00069383348  -0.00011719981  -5.6176122e-05  2.9949610e-06  1.0530156e-06  0.0000000   8.9397741e-05  -0.0010809932  -0.00087022201  -4.6113431e-05  -9.9259364e-05  0.00053618627  0.00018884987  -0.00012423532  8.1809771e-05  -0.00063839257  -2.2561932e-05  0.00016395821  1.7726881e-05  -1.8545698e-05  -0.00029858662  2.1856759e-05  -0.00014878699  -7.4293782e-05  -3.2253875e-05  -2.8401860e-05  4.8374003e-05  -0.00030470030  0.00031808187  0.00018799984  -4.9656883e-05  0.00069383348  -0.00011719981  -5.6176122e-05  2.9949610e-06  1.0530156e-06  0.0000000   8.9397741e-05  -0.0010809932  -0.00087022201  -4.6113431e-05  -9.9259364e-05  0.00053618627  0.00018884987  -0.00012423532  8.1809771e-05  -0.00063839257  -2.2561932e-05  0.00016395821  1.7726881e-05  -1.8545698e-05  -0.00029858662  2.1856759e-05  -0.00014878699  -7.4293782e-05  -3.2253875e-05  -2.8401860e-05  
0.00045600997  5.4539764e-05  8.2219198e-05  -0.00028921576  -0.00055244277  1.7082089e-05  0.0011641925  0.00015678628  -0.00024719239  0.0012198403  -8.9397741e-05  0.0000000   -5.3622920e-05  9.9867313e-06  -0.0010241888  0.00011858947  7.7517005e-05  -3.3374868e-05  -0.00031028936  -4.6617280e-05  3.9499262e-05  0.00039747805  -6.6545254e-06  -0.00050771348  8.6269724e-05  -1.0743887e-05  -1.5881858e-05  -1.5425893e-05  -7.2318959e-05  0.00018615406  3.5936266e-05  0.00045600997  5.4539764e-05  8.2219198e-05  -0.00028921576  -0.00055244277  1.7082089e-05  0.0011641925  0.00015678628  -0.00024719239  0.0012198403  -8.9397741e-05  0.0000000   -5.3622920e-05  9.9867313e-06  -0.0010241888  0.00011858947  7.7517005e-05  -3.3374868e-05  -0.00031028936  -4.6617280e-05  3.9499262e-05  0.00039747805  -6.6545254e-06  -0.00050771348  8.6269724e-05  -1.0743887e-05  -1.5881858e-05  -1.5425893e-05  -7.2318959e-05  0.00018615406  3.5936266e-05  
8.0554683e-05  -0.00027585703  0.00034525977  0.00021504051  -7.6186372e-05  0.00057069167  -0.00011467827  -3.2174391e-06  -4.4398456e-05  -8.4222888e-05  0.0010809932  5.3622920e-05  0.0000000   0.00013034087  -3.2476672e-05  0.00056166558  5.5135517e-05  8.9754396e-05  4.2082265e-06  4.0546704e-05  -0.00026089107  -8.6699971e-08  -6.0983097e-05  -1.4485882e-05  -7.9277809e-07  -6.1824297e-05  6.0489279e-05  -0.00015625755  -0.00011697177  -8.7208775e-06  -0.00013445211  8.0554683e-05  -0.00027585703  0.00034525977  0.00021504051  -7.6186372e-05  0.00057069167  -0.00011467827  -3.2174391e-06  -4.4398456e-05  -8.4222888e-05  0.0010809932  5.3622920e-05  0.0000000   0.00013034087  -3.2476672e-05  0.00056166558  5.5135517e-05  8.9754396e-05  4.2082265e-06  4.0546704e-05  -0.00026089107  -8.6699971e-08  -6.0983097e-05  -1.4485882e-05  -7.9277809e-07  -6.1824297e-05  6.0489279e-05  -0.00015625755  -0.00011697177  -8.7208775e-06  -0.00013445211  
1.8916087e-06  -2.2021185e-06  0.00011490523  5.6927574e-05  -4.4246873e-06  -2.4290763e-05  4.0291133e-05  1.9209950e-05  -4.1740477e-05  5.3178547e-05  0.00087022201  -9.9867313e-06  -0.00013034087  0.0000000   4.7469095e-05  0.0013521618  -0.00058405357  0.00023484413  -0.00047883380  -0.00014400138  0.00070215616  1.8918465e-05  -0.00013428215  -1.0963962e-05  -1.2721823e-06  0.00019665661  0.00014179927  -0.00016000126  3.6691103e-05  1.6739683e-05  -2.0090266e-05  1.8916087e-06  -2.2021185e-06  0.00011490523  5.6927574e-05  -4.4246873e-06  -2.4290763e-05  4.0291133e-05  1.9209950e-05  -4.1740477e-05  5.3178547e-05  0.00087022201  -9.9867313e-06  -0.00013034087  0.0000000   4.7469095e-05  0.0013521618  -0.00058405357  0.00023484413  -0.00047883380  -0.00014400138  0.00070215616  1.8918465e-05  -0.00013428215  -1.0963962e-05  -1.2721823e-06  0.00019665661  0.00014179927  -0.00016000126  3.6691103e-05  1.6739683e-05  -2.0090266e-05  
-3.3610157e-05  -3.3096722e-06  -8.7918136e-05  0.00022663809  -0.00014017275  1.9366719e-05  -0.00034548698  3.9859849e-05  0.00032840256  -9.7144629e-05  4.6113431e-05  0.0010241888  3.2476672e-05  -4.7469095e-05  0.0000000   2.7322149e-05  -3.5204528e-05  -0.00025208701  -0.00011509026  -0.00063814349  -0.00030759116  -0.00062496555  1.9592205e-05  0.00057052002  -3.4482459e-05  -1.8681066e-05  3.1976144e-06  3.2625780e-05  2.0791355e-05  -2.4295683e-05  -7.0961761e-06  -3.3610157e-05  -3.3096722e-06  -8.7918136e-05  0.00022663809  -0.00014017275  1.9366719e-05  -0.00034548698  3.9859849e-05  0.00032840256  -9.7144629e-05  4.6113431e-05  0.0010241888  3.2476672e-05  -4.7469095e-05  0.0000000   2.7322149e-05  -3.5204528e-05  -0.00025208701  -0.00011509026  -0.00063814349  -0.00030759116  -0.00062496555  1.9592205e-05  0.00057052002  -3.4482459e-05  -1.8681066e-05  3.1976144e-06  3.2625780e-05  2.0791355e-05  -2.4295683e-05  -7.0961761e-06  
-1.3797592e-06  0.00014570370  -0.00025160203  -0.00018784794  4.5629274e-05  -0.00019941201  8.0105463e-05  8.0496353e-05  -2.9501139e-05  2.4786317e-05  9.9259364e-05  -0.00011858947  -0.00056166558  -0.0013521618  -2.7322149e-05  0.0000000   0.0015241422  -0.0014680896  0.0017045091  -0.00048818802  0.0027997520  0.00012838540  -6.0797518e-05  -9.2434571e-05  5.3337691e-05  0.00025976573  8.1154033e-05  8.6389628e-05  3.7615798e-05  3.9304720e-05  1.4274556e-05  -1.3797592e-06  0.00014570370  -0.00025160203  -0.00018784794  4.5629274e-05  -0.00019941201  8.0105463e-05  8.0496353e-05  -2.9501139e-05  2.4786317e-05  9.9259364e-05  -0.00011858947  -0.00056166558  -0.0013521618  -2.7322149e-05  0.0000000   0.0015241422  -0.0014680896  0.0017045091  -0.00048818802  0.0027997520  0.00012838540  -6.0797518e-05  -9.2434571e-05  5.3337691e-05  0.00025976573  8.1154033e-05  8.6389628e-05  3.7615798e-05  3.9304720e-05  1.4274556e-05  
-4.4118109e-05  0.00028736329  -0.00021454589  -0.00013260479  6.3661076e-05  -0.00033078198  4.9512026e-05  6.8524511e-05  -4.0861984e-05  3.3208594e-05  -0.00053618627  -7.7517005e-05  -5.5135517e-05  0.00058405357  3.5204528e-05  -0.0015241422  0.0000000   -0.00093176484  0.00092806753  -0.00035925887  0.0018778102  4.3584106e-05  0.00026630071  6.9017643e-06  4.9463523e-05  0.00039698005  1.4482428e-05  5.5738268e-06  -5.9004903e-05  -2.7818408e-05  0.00016948229  -4.4118109e-05  0.00028736329  -0.00021454589  -0.00013260479  6.3661076e-05  -0.00033078198  4.9512026e-05  6.8524511e-05  -4.0861984e-05  3.3208594e-05  -0.00053618627  -7.7517005e-05  -5.5135517e-05  0.00058405357  3.5204528e-05  -0.0015241422  0.0000000   -0.00093176484  0.00092806753  -0.00035925887  0.0018778102  4.3584106e-05  0.00026630071  6.9017643e-06  4.9463523e-05  0.00039698005  1.4482428e-05  5.5738268e-06  -5.9004903e-05  -2.7818408e-05  0.00016948229  
0.00014357714  0.00028392680  -0.00016495850  -0.00014509515  0.00018653451  -0.00022898700  0.00020628033  1.7873190e-05  7.0450892e-05  -0.00022040649  -0.00018884987  3.3374868e-05  -8.9754396e-05  -0.00023484413  0.00025208701  0.0014680896  0.00093176484  0.0000000   -0.0010405614  -0.00015169822  0.0058287020  0.00065026079  -8.4079047e-05  -0.0014829698  -0.00016958830  0.00039486900  -0.00019421594  -5.8746102e-05  1.0036595e-05  0.00028549997  0.00038931713  0.00014357714  0.00028392680  -0.00016495850  -0.00014509515  0.00018653451  -0.00022898700  0.00020628033  1.7873190e-05  7.0450892e-05  -0.00022040649  -0.00018884987  3.3374868e-05  -8.9754396e-05  -0.00023484413  0.00025208701  0.0014680896  0.00093176484  0.0000000   -0.0010405614  -0.00015169822  0.0058287020  0.00065026079  -8.4079047e-05  -0.0014829698  -0.00016958830  0.00039486900  -0.00019421594  -5.8746102e-05  1.0036595e-05  0.00028549997  0.00038931713  
9.4865990e-05  -0.00025061941  5.2866838e-05  0.00014849710  5.4770617e-05  0.00020240839  -7.7349334e-05  -0.00013872915  -1.1276651e-05  -0.00018827627  0.00012423532  0.00031028936  -4.2082265e-06  0.00047883380  0.00011509026  -0.0017045091  -0.00092806753  0.0010405614  0.0000000   0.0023974993  -0.0083655864  -7.3637097e-05  0.00017184084  -0.00084668536  -0.00018138867  -0.00060515313  0.00020175327  0.00011657480  -0.00016056813  0.00012660270  -0.00037271183  9.4865990e-05  -0.00025061941  5.2866838e-05  0.00014849710  5.4770617e-05  0.00020240839  -7.7349334e-05  -0.00013872915  -1.1276651e-05  -0.00018827627  0.00012423532  0.00031028936  -4.2082265e-06  0.00047883380  0.00011509026  -0.0017045091  -0.00092806753  0.0010405614  0.0000000   0.0023974993  -0.0083655864  -7.3637097e-05  0.00017184084  -0.00084668536  -0.00018138867  -0.00060515313  0.00020175327  0.00011657480  -0.00016056813  0.00012660270  -0.00037271183  
8.6004825e-05  5.5591858e-05  -3.9169779e-05  -9.1639944e-05  -6.7020364e-05  -7.5546460e-05  -0.00020176790  0.00012130984  -0.00015498259  -0.00016613593  -8.1809771e-05  4.6617280e-05  -4.0546704e-05  0.00014400138  0.00063814349  0.00048818802  0.00035925887  0.00015169822  -0.0023974993  0.0000000   -0.00067117682  0.00039433141  0.00027455907  -0.00013818769  0.00040209081  -5.3349472e-05  -2.8688561e-05  3.9381430e-05  -2.6343056e-05  0.00015854147  0.00010045613  8.6004825e-05  5.5591858e-05  -3.9169779e-05  -9.1639944e-05  -6.7020364e-05  -7.5546460e-05  -0.00020176790  0.00012130984  -0.00015498259  -0.00016613593  -8.1809771e-05  4.6617280e-05  -4.0546704e-05  0.00014400138  0.00063814349  0.00048818802  0.00035925887  0.00015169822  -0.0023974993  0.0000000   -0.00067117682  0.00039433141  0.00027455907  -0.00013818769  0.00040209081  -5.3349472e-05  -2.8688561e-05  3.9381430e-05  -2.6343056e-05  0.00015854147  0.00010045613  
0.00020034868  -0.00033927617  0.00039679446  0.00022511312  -0.00011150571  0.00046863468  -1.6776007e-05  -3.0177513e-05  -5.9859027e-05  -6.3419271e-05  0.00063839257  -3.9499262e-05  0.00026089107  -0.00070215616  0.00030759116  -0.0027997520  -0.0018778102  -0.0058287020  0.0083655864  0.00067117682  0.0000000   0.00022854118  -0.0014244993  -0.00031643135  0.00028753276  -1.6752773e-05  0.00021680411  -0.00033019384  -0.00017994357  0.00014131192  -0.00061248382  0.00020034868  -0.00033927617  0.00039679446  0.00022511312  -0.00011150571  0.00046863468  -1.6776007e-05  -3.0177513e-05  -5.9859027e-05  -6.3419271e-05  0.00063839257  -3.9499262e-05  0.00026089107  -0.00070215616  0.00030759116  -0.0027997520  -0.0018778102  -0.0058287020  0.0083655864  0.00067117682  0.0000000   0.00022854118  -0.0014244993  -0.00031643135  0.00028753276  -1.6752773e-05  0.00021680411  -0.00033019384  -0.00017994357  0.00014131192  -0.00061248382  
0.00011253659  -1.5922187e-05  3.2599933e-05  -6.2861445e-05  0.00012982073  3.4193210e-05  0.00024968547  9.3303421e-05  -3.5361460e-05  5.6748366e-05  2.2561932e-05  -0.00039747805  8.6699971e-08  -1.8918465e-05  0.00062496555  -0.00012838540  -4.3584106e-05  -0.00065026079  7.3637097e-05  -0.00039433141  -0.00022854118  0.0000000   -0.00013753383  -0.0012425487  0.00074429954  -2.2138033e-05  1.2644534e-05  -6.6489590e-05  -8.3212421e-05  0.00015140926  -2.0471751e-05  0.00011253659  -1.5922187e-05  3.2599933e-05  -6.2861445e-05  0.00012982073  3.4193210e-05  0.00024968547  9.3303421e-05  -3.5361460e-05  5.6748366e-05  2.2561932e-05  -0.00039747805  8.6699971e-08  -1.8918465e-05  0.00062496555  -0.00012838540  -4.3584106e-05  -0.00065026079  7.3637097e-05  -0.00039433141  -0.00022854118  0.0000000   -0.00013753383  -0.0012425487  0.00074429954  -2.2138033e-05  1.2644534e-05  -6.6489590e-05  -8.3212421e-05  0.00015140926  -2.0471751e-05  
6.4289079e-06  -8.7306746e-05  3.8722803e-05  1.9877324e-05  -1.6946661e-05  8.6598825e-06  2.3141841e-06  -1.9028086e-05  1.7613303e-05  -1.2362919e-05  -0.00016395821  6.6545254e-06  6.0983097e-05  0.00013428215  -1.9592205e-05  6.0797518e-05  -0.00026630071  8.4079047e-05  -0.00017184084  -0.00027455907  0.0014244993  0.00013753383  0.0000000   -2.2871596e-05  1.1934726e-05  -0.00035334107  -0.00044340220  -0.00028433397  -0.00037833726  -4.2952707e-05  -0.00038896355  6.4289079e-06  -8.7306746e-05  3.8722803e-05  1.9877324e-05  -1.6946661e-05  8.6598825e-06  2.3141841e-06  -1.9028086e-05  1.7613303e-05  -1.2362919e-05  -0.00016395821  6.6545254e-06  6.0983097e-05  0.00013428215  -1.9592205e-05  6.0797518e-05  -0.00026630071  8.4079047e-05  -0.00017184084  -0.00027455907  0.0014244993  0.00013753383  0.0000000   -2.2871596e-05  1.1934726e-05  -0.00035334107  -0.00044340220  -0.00028433397  -0.00037833726  -4.2952707e-05  -0.00038896355  
-0.00014094723  3.7892893e-05  -6.6699341e-05  0.00010114231  -9.8964003e-05  -3.9019166e-05  -0.00027049140  -0.00017091964  -0.00015743754  -1.1788715e-06  -1.7726881e-05  0.00050771348  1.4485882e-05  1.0963962e-05  -0.00057052002  9.2434571e-05  -6.9017643e-06  0.0014829698  0.00084668536  0.00013818769  0.00031643135  0.0012425487  2.2871596e-05  0.0000000   0.00015677993  9.9998556e-05  6.8416330e-06  8.1831739e-05  0.00011706904  -7.6833494e-05  7.2907654e-05  -0.00014094723  3.7892893e-05  -6.6699341e-05  0.00010114231  -9.8964003e-05  -3.9019166e-05  -0.00027049140  -0.00017091964  -0.00015743754  -1.1788715e-06  -1.7726881e-05  0.00050771348  1.4485882e-05  1.0963962e-05  -0.00057052002  9.2434571e-05  -6.9017643e-06  0.0014829698  0.00084668536  0.00013818769  0.00031643135  0.0012425487  2.2871596e-05  0.0000000   0.00015677993  9.9998556e-05  6.8416330e-06  8.1831739e-05  0.00011706904  -7.6833494e-05  7.2907654e-05  
0.00016151791  8.5826543e-06  3.3748356e-05  -3.1199613e-05  7.2196767e-05  2.6461789e-05  0.00013845402  -0.00011664109  -0.00017454964  -4.2130133e-06  1.8545698e-05  -8.6269724e-05  7.9277809e-07  1.2721823e-06  3.4482459e-05  -5.3337691e-05  -4.9463523e-05  0.00016958830  0.00018138867  -0.00040209081  -0.00028753276  -0.00074429954  -1.1934726e-05  -0.00015677993  0.0000000   -1.8429530e-05  2.1483551e-05  -1.9312222e-05  -0.00012773430  0.00033425233  1.7357304e-06  0.00016151791  8.5826543e-06  3.3748356e-05  -3.1199613e-05  7.2196767e-05  2.6461789e-05  0.00013845402  -0.00011664109  -0.00017454964  -4.2130133e-06  1.8545698e-05  -8.6269724e-05  7.9277809e-07  1.2721823e-06  3.4482459e-05  -5.3337691e-05  -4.9463523e-05  0.00016958830  0.00018138867  -0.00040209081  -0.00028753276  -0.00074429954  -1.1934726e-05  -0.00015677993  0.0000000   -1.8429530e-05  2.1483551e-05  -1.9312222e-05  -0.00012773430  0.00033425233  1.7357304e-06  
4.7496610e-05  -0.00020746092  0.00011325303  7.5489649e-05  -1.9206047e-05  0.00019570006  -1.1228022e-06  -4.2763549e-06  -1.8973937e-07  -1.7504695e-05  0.00029858662  1.0743887e-05  6.1824297e-05  -0.00019665661  1.8681066e-05  -0.00025976573  -0.00039698005  -0.00039486900  0.00060515313  5.3349472e-05  1.6752773e-05  2.2138033e-05  0.00035334107  -9.9998556e-05  1.8429530e-05  0.0000000   0.0016730823  -0.0017539333  -3.1209544e-05  -1.0418625e-05  -0.00051521485  4.7496610e-05  -0.00020746092  0.00011325303  7.5489649e-05  -1.9206047e-05  0.00019570006  -1.1228022e-06  -4.2763549e-06  -1.8973937e-07  -1.7504695e-05  0.00029858662  1.0743887e-05  6.1824297e-05  -0.00019665661  1.8681066e-05  -0.00025976573  -0.00039698005  -0.00039486900  0.00060515313  5.3349472e-05  1.6752773e-05  2.2138033e-05  0.00035334107  -9.9998556e-05  1.8429530e-05  0.0000000   0.0016730823  -0.0017539333  -3.1209544e-05  -1.0418625e-05  -0.00051521485  
-3.5255754e-05  0.00020042041  -2.7465221e-05  -3.3988495e-05  -8.8889273e-07  0.00010578010  -2.6372097e-05  -8.3024223e-06  2.5166437e-06  -3.0970775e-06  -2.1856759e-05  1.5881858e-05  -6.0489279e-05  -0.00014179927  -3.1976144e-06  -8.1154033e-05  -1.4482428e-05  0.00019421594  -0.00020175327  2.8688561e-05  -0.00021680411  -1.2644534e-05  0.00044340220  -6.8416330e-06  -2.1483551e-05  -0.0016730823  0.0000000   0.00033579280  -0.00021863875  -8.4614433e-05  0.00035389571  -3.5255754e-05  0.00020042041  -2.7465221e-05  -3.3988495e-05  -8.8889273e-07  0.00010578010  -2.6372097e-05  -8.3024223e-06  2.5166437e-06  -3.0970775e-06  -2.1856759e-05  1.5881858e-05  -6.0489279e-05  -0.00014179927  -3.1976144e-06  -8.1154033e-05  -1.4482428e-05  0.00019421594  -0.00020175327  2.8688561e-05  -0.00021680411  -1.2644534e-05  0.00044340220  -6.8416330e-06  -2.1483551e-05  -0.0016730823  0.0000000   0.00033579280  -0.00021863875  -8.4614433e-05  0.00035389571  
1.7504796e-05  -0.00017377402  6.4606025e-05  5.8219079e-05  -5.4685781e-06  4.2836159e-05  -1.6922150e-05  -9.1386209e-06  4.6023094e-06  1.1496592e-05  0.00014878699  1.5425893e-05  0.00015625755  0.00016000126  -3.2625780e-05  -8.6389628e-05  -5.5738268e-06  5.8746102e-05  -0.00011657480  -3.9381430e-05  0.00033019384  6.6489590e-05  0.00028433397  -8.1831739e-05  1.9312222e-05  0.0017539333  -0.00033579280  0.0000000   -0.0017069129  -0.00011936837  -0.0020624778  1.7504796e-05  -0.00017377402  6.4606025e-05  5.8219079e-05  -5.4685781e-06  4.2836159e-05  -1.6922150e-05  -9.1386209e-06  4.6023094e-06  1.1496592e-05  0.00014878699  1.5425893e-05  0.00015625755  0.00016000126  -3.2625780e-05  -8.6389628e-05  -5.5738268e-06  5.8746102e-05  -0.00011657480  -3.9381430e-05  0.00033019384  6.6489590e-05  0.00028433397  -8.1831739e-05  1.9312222e-05  0.0017539333  -0.00033579280  0.0000000   -0.0017069129  -0.00011936837  -0.0020624778  
-8.1146861e-06  -0.00015403491  0.00016082161  0.00011792940  1.3744425e-07  5.0896973e-05  -6.5858208e-05  -3.8606420e-05  -2.9341610e-05  5.1313776e-05  7.4293782e-05  7.2318959e-05  0.00011697177  -3.6691103e-05  -2.0791355e-05  -3.7615798e-05  5.9004903e-05  -1.0036595e-05  0.00016056813  2.6343056e-05  0.00017994357  8.3212421e-05  0.00037833726  -0.00011706904  0.00012773430  3.1209544e-05  0.00021863875  0.0017069129  0.0000000   0.00056088003  -0.0034521508  -8.1146861e-06  -0.00015403491  0.00016082161  0.00011792940  1.3744425e-07  5.0896973e-05  -6.5858208e-05  -3.8606420e-05  -2.9341610e-05  5.1313776e-05  7.4293782e-05  7.2318959e-05  0.00011697177  -3.6691103e-05  -2.0791355e-05  -3.7615798e-05  5.9004903e-05  -1.0036595e-05  0.00016056813  2.6343056e-05  0.00017994357  8.3212421e-05  0.00037833726  -0.00011706904  0.00012773430  3.1209544e-05  0.00021863875  0.0017069129  0.0000000   0.00056088003  -0.0034521508  
9.8537888e-05  1.7120358e-05  -9.4926795e-06  -5.0845371e-06  -5.7790751e-05  -2.4570157e-05  0.00014096428  5.0065095e-05  8.5930079e-05  -0.00020399678  3.2253875e-05  -0.00018615406  8.7208775e-06  -1.6739683e-05  2.4295683e-05  -3.9304720e-05  2.7818408e-05  -0.00028549997  -0.00012660270  -0.00015854147  -0.00014131192  -0.00015140926  4.2952707e-05  7.6833494e-05  -0.00033425233  1.0418625e-05  8.4614433e-05  0.00011936837  -0.00056088003  0.0000000   -0.0011703206  9.8537888e-05  1.7120358e-05  -9.4926795e-06  -5.0845371e-06  -5.7790751e-05  -2.4570157e-05  0.00014096428  5.0065095e-05  8.5930079e-05  -0.00020399678  3.2253875e-05  -0.00018615406  8.7208775e-06  -1.6739683e-05  2.4295683e-05  -3.9304720e-05  2.7818408e-05  -0.00028549997  -0.00012660270  -0.00015854147  -0.00014131192  -0.00015140926  4.2952707e-05  7.6833494e-05  -0.00033425233  1.0418625e-05  8.4614433e-05  0.00011936837  -0.00056088003  0.0000000   -0.0011703206  
9.5586915e-05  -0.00032090311  0.00029666077  0.00017184751  -4.1001021e-05  0.00029706975  -2.7225019e-05  -1.8124086e-05  5.4134605e-06  -4.2018837e-05  2.8401860e-05  -3.5936266e-05  0.00013445211  2.0090266e-05  7.0961761e-06  -1.4274556e-05  -0.00016948229  -0.00038931713  0.00037271183  -0.00010045613  0.00061248382  2.0471751e-05  0.00038896355  -7.2907654e-05  -1.7357304e-06  0.00051521485  -0.00035389571  0.0020624778  0.0034521508  0.0011703206  0.0000000   9.5586915e-05  -0.00032090311  0.00029666077  0.00017184751  -4.1001021e-05  0.00029706975  -2.7225019e-05  -1.8124086e-05  5.4134605e-06  -4.2018837e-05  2.8401860e-05  -3.5936266e-05  0.00013445211  2.0090266e-05  7.0961761e-06  -1.4274556e-05  -0.00016948229  -0.00038931713  0.00037271183  -0.00010045613  0.00061248382  2.0471751e-05  0.00038896355  -7.2907654e-05  -1.7357304e-06  0.00051521485  -0.00035389571  0.0020624778  0.0034521508  0.0011703206  0.0000000   
0.0000000   -0.00027345639  0.00029517137  -0.0015367764  1.6622003e-05  -0.00014928345  0.00072550119  0.00017609727  0.00027912231  -0.00010451108  -4.8374003e-05  -0.00045600997  -8.0554683e-05  -1.8916087e-06  3.3610157e-05  1.3797592e-06  4.4118109e-05  -0.00014357714  -9.4865990e-05  -8.6004825e-05  -0.00020034868  -0.00011253659  -6.4289079e-06  0.00014094723  -0.00016151791  -4.7496610e-05  3.5255754e-05  -1.7504796e-05  8.1146861e-06  -9.8537888e-05  -9.5586915e-05  0.0000000   -0.00027345639  0.00029517137  -0.0015367764  1.6622003e-05  -0.00014928345  0.00072550119  0.00017609727  0.00027912231  -0.00010451108  -4.8374003e-05  -0.00045600997  -8.0554683e-05  -1.8916087e-06  3.3610157e-05  1.3797592e-06  4.4118109e-05  -0.00014357714  -9.4865990e-05  -8.6004825e-05  -0.00020034868  -0.00011253659  -6.4289079e-06  0.00014094723  -0.00016151791  -4.7496610e-05  3.5255754e-05  -1.7504796e-05  8.1146861e-06  -9.8537888e-05  -9.5586915e-05  
0.00027345639  0.0000000   0.0031333978  0.0014558005  -7.0364983e-05  0.0012937708  0.00011197490  -9.7964211e-05  4.9900260e-05  -7.3828543e-05  0.00030470030  -5.4539764e-05  0.00027585703  2.2021185e-06  3.3096722e-06  -0.00014570370  -0.00028736329  -0.00028392680  0.00025061941  -5.5591858e-05  0.00033927617  1.5922187e-05  8.7306746e-05  -3.7892893e-05  -8.5826543e-06  0.00020746092  -0.00020042041  0.00017377402  0.00015403491  -1.7120358e-05  0.00032090311  0.00027345639  0.0000000   0.0031333978  0.0014558005  -7.0364983e-05  0.0012937708  0.00011197490  -9.7964211e-05  4.9900260e-05  -7.3828543e-05  0.00030470030  -5.4539764e-05  0.00027585703  2.2021185e-06  3.3096722e-06  -0.00014570370  -0.00028736329  -0.00028392680  0.00025061941  -5.5591858e-05  0.00033927617  1.5922187e-05  8.7306746e-05  -3.7892893e-05  -8.5826543e-06  0.00020746092  -0.00020042041  0.00017377402  0.00015403491  -1.7120358e-05  0.00032090311  
-0.00029517137  -0.0031333978  0.0000000   0.00022761807  -0.00080560037  -0.00034191880  0.00024867160  0.00019226512  6.0209931e-05  0.00011243277  -0.00031808187  -8.2219198e-05  -0.00034525977  -0.00011490523  8.7918136e-05  0.00025160203  0.00021454589  0.00016495850  -5.2866838e-05  3.9169779e-05  -0.00039679446  -3.2599933e-05  -3.8722803e-05  6.6699341e-05  -3.3748356e-05  -0.00011325303  2.7465221e-05  -6.4606025e-05  -0.00016082161  9.4926795e-06  -0.00029666077  -0.00029517137  -0.0031333978  0.0000000   0.00022761807  -0.00080560037  -0.00034191880  0.00024867160  0.00019226512  6.0209931e-05  0.00011243277  -0.00031808187  -8.2219198e-05  -0.00034525977  -0.00011490523  8.7918136e-05  0.00025160203  0.00021454589  0.00016495850  -5.2866838e-05  3.9169779e-05  -0.00039679446  -3.2599933e-05  -3.8722803e-05  6.6699341e-05  -3.3748356e-05  -0.00011325303  2.7465221e-05  -6.4606025e-05  -0.00016082161  9.4926795e-06  -0.00029666077  
0.0015367764  -0.0014558005  -0.00022761807  0.0000000   0.0014527934  -0.00037267617  -0.00080772603  -0.00030521112  -0.00027544880  -3.3827384e-05  -0.00018799984  0.00028921576  -0.00021504051  -5.6927574e-05  -0.00022663809  0.00018784794  0.00013260479  0.00014509515  -0.00014849710  9.1639944e-05  -0.00022511312  6.2861445e-05  -1.9877324e-05  -0.00010114231  3.1199613e-05  -7.5489649e-05  3.3988495e-05  -5.8219079e-05  -0.00011792940  5.0845371e-06  -0.00017184751  0.0015367764  -0.0014558005  -0.00022761807  0.0000000   0.0014527934  -0.00037267617  -0.00080772603  -0.00030521112  -0.00027544880  -3.3827384e-05  -0.00018799984  0.00028921576  -0.00021504051  -5.6927574e-05  -0.00022663809  0.00018784794  0.00013260479  0.00014509515  -0.00014849710  9.1639944e-05  -0.00022511312  6.2861445e-05  -1.9877324e-05  -0.00010114231  3.1199613e-05  -7.5489649e-05  3.3988495e-05  -5.8219079e-05  -0.00011792940  5.0845371e-06  -0.00017184751  
-1.6622003e-05  7.0364983e-05  0.00080560037  -0.0014527934  0.0000000   -0.00038568585  -0.0040887888  0.00044287527  -9.9280332e-06  0.00042066457  4.9656883e-05  0.00055244277  7.6186372e-05  4.4246873e-06  0.00014017275  -4.5629274e-05  -6.3661076e-05  -0.00018653451  -5.4770617e-05  6.7020364e-05  0.00011150571  -0.00012982073  1.6946661e-05  9.8964003e-05  -7.2196767e-05  1.9206047e-05  8.8889273e-07  5.4685781e-06  -1.3744425e-07  5.7790751e-05  4.1001021e-05  -1.6622003e-05  7.0364983e-05  0.00080560037  -0.0014527934  0.0000000   -0.00038568585  -0.0040887888  0.00044287527  -9.9280332e-06  0.00042066457  4.9656883e-05  0.00055244277  7.6186372e-05  4.4246873e-06  0.00014017275  -4.5629274e-05  -6.3661076e-05  -0.00018653451  -5.4770617e-05  6.7020364e-05  0.00011150571  -0.00012982073  1.6946661e-05  9.8964003e-05  -7.2196767e-05  1.9206047e-05  8.8889273e-07  5.4685781e-06  -1.3744425e-07  5.7790751e-05  4.1001021e-05  
0.00014928345  -0.0012937708  0.00034191880  0.00037267617  0.00038568585  0.0000000   -0.00031301862  0.00019025039  -9.5961268e-05  0.00013484110  -0.00069383348  -1.7082089e-05  -0.00057069167  2.4290763e-05  -1.9366719e-05  0.00019941201  0.00033078198  0.00022898700  -0.00020240839  7.5546460e-05  -0.00046863468  -3.4193210e-05  -8.6598825e-06  3.9019166e-05  -2.6461789e-05  -0.00019570006  -0.00010578010  -4.2836159e-05  -5.0896973e-05  2.4570157e-05  -0.00029706975  0.00014928345  -0.0012937708  0.00034191880  0.00037267617  0.00038568585  0.0000000   -0.00031301862  0.00019025039  -9.5961268e-05  0.00013484110  -0.00069383348  -1.7082089e-05  -0.00057069167  2.4290763e-05  -1.9366719e-05  0.00019941201  0.00033078198  0.00022898700  -0.00020240839  7.5546460e-05  -0.00046863468  -3.4193210e-05  -8.6598825e-06  3.9019166e-05  -2.6461789e-05  -0.00019570006  -0.00010578010  -4.2836159e-05  -5.0896973e-05  2.4570157e-05  -0.00029706975  
-0.00072550119  -0.00011197490  -0.00024867160  0.00080772603  0.0040887888  0.00031301862  0.0000000   0.0021838750  -0.0014437635  0.0020052380  0.00011719981  -0.0011641925  0.00011467827  -4.0291133e-05  0.00034548698  -8.0105463e-05  -4.9512026e-05  -0.00020628033  7.7349334e-05  0.00020176790  1.6776007e-05  -0.00024968547  -2.3141841e-06  0.00027049140  -0.00013845402  1.1228022e-06  2.6372097e-05  1.6922150e-05  6.5858208e-05  -0.00014096428  2.7225019e-05  -0.00072550119  -0.00011197490  -0.00024867160  0.00080772603  0.0040887888  0.00031301862  0.0000000   0.0021838750  -0.0014437635  0.0020052380  0.00011719981  -0.0011641925  0.00011467827  -4.0291133e-05  0.00034548698  -8.0105463e-05  -4.9512026e-05  -0.00020628033  7.7349334e-05  0.00020176790  1.6776007e-05  -0.00024968547  -2.3141841e-06  0.00027049140  -0.00013845402  1.1228022e-06  2.6372097e-05  1.6922150e-05  6.5858208e-05  -0.00014096428  2.7225019e-05  
-0.00017609727  9.7964211e-05  -0.00019226512  0.00030521112  -0.00044287527  -0.00019025039  -0.0021838750  0.0000000   0.0014726414  -0.00033863446  5.6176122e-05  -0.00015678628  3.2174391e-06  -1.9209950e-05  -3.9859849e-05  -8.0496353e-05  -6.8524511e-05  -1.7873190e-05  0.00013872915  -0.00012130984  3.0177513e-05  -9.3303421e-05  1.9028086e-05  0.00017091964  0.00011664109  4.2763549e-06  8.3024223e-06  9.1386209e-06  3.8606420e-05  -5.0065095e-05  1.8124086e-05  -0.00017609727  9.7964211e-05  -0.00019226512  0.00030521112  -0.00044287527  -0.00019025039  -0.0021838750  0.0000000   0.0014726414  -0.00033863446  5.6176122e-05  -0.00015678628  3.2174391e-06  -1.9209950e-05  -3.9859849e-05  -8.0496353e-05  -6.8524511e-05  -1.7873190e-05  0.00013872915  -0.00012130984  3.0177513e-05  -9.3303421e-05  1.9028086e-05  0.00017091964  0.00011664109  4.2763549e-06  8.3024223e-06  9.1386209e-06  3.8606420e-05  -5.0065095e-05  1.8124086e-05  
-0.00027912231  -4.9900260e-05  -6.0209931e-05  0.00027544880  9.9280332e-06  9.5961268e-05  0.0014437635  -0.0014726414  0.0000000   0.0039621353  -2.9949610e-06  0.00024719239  4.4398456e-05  4.1740477e-05  -0.00032840256  2.9501139e-05  4.0861984e-05  -7.0450892e-05  1.1276651e-05  0.00015498259  5.9859027e-05  3.5361460e-05  -1.7613303e-05  0.00015743754  0.00017454964  1.8973937e-07  -2.5166437e-06  -4.6023094e-06  2.9341610e-05  -8.5930079e-05  -5.4134605e-06  -0.00027912231  -4.9900260e-05  -6.0209931e-05  0.00027544880  9.9280332e-06  9.5961268e-05  0.0014437635  -0.0014726414  0.0000000   0.0039621353  -2.9949610e-06  0.00024719239  4.4398456e-05  4.1740477e-05  -0.00032840256  2.9501139e-05  4.0861984e-05  -7.0450892e-05  1.1276651e-05  0.00015498259  5.9859027e-05  3.5361460e-05  -1.7613303e-05  0.00015743754  0.00017454964  1.8973937e-07  -2.5166437e-06  -4.6023094e-06  2.9341610e-05  -8.5930079e-05  -5.4134605e-06  
0.00010451108  7.3828543e-05  -0.00011243277  3.3827384e-05  -0.00042066457  -0.00013484110  -0.0020052380  0.00033863446  -0.0039621353  0.0000000   -1.0530156e-06  -0.0012198403  8.4222888e-05  -5.3178547e-05  9.7144629e-05  -2.4786317e-05  -3.3208594e-05  0.00022040649  0.00018827627  0.00016613593  6.3419271e-05  -5.6748366e-05  1.2362919e-05  1.1788715e-06  4.2130133e-06  1.7504695e-05  3.0970775e-06  -1.1496592e-05  -5.1313776e-05  0.00020399678  4.2018837e-05  0.00010451108  7.3828543e-05  -0.00011243277  3.3827384e-05  -0.00042066457  -0.00013484110  -0.0020052380  0.00033863446  -0.0039621353  0.0000000   -1.0530156e-06  -0.0012198403  8.4222888e-05  -5.3178547e-05  9.7144629e-05  -2.4786317e-05  -3.3208594e-05  0.00022040649  0.00018827627  0.00016613593  6.3419271e-05  -5.6748366e-05  1.2362919e-05  1.1788715e-06  4.2130133e-06  1.7504695e-05  3.0970775e-06  -1.1496592e-05  -5.1313776e-05  0.00020399678  4.2018837e-05  
4.8374003e-05  -0.00030470030  0.00031808187  0.00018799984  -4.9656883e-05  0.00069383348  -0.00011719981  -5.6176122e-05  2.9949610e-06  1.0530156e-06  0.0000000   8.9397741e-05  -0.0010809932  -0.00087022201  -4.6113431e-05  -9.9259364e-05  0.00053618627  0.00018884987  -0.00012423532  8.1809771e-05  -0.00063839257  -2.2561932e-05  0.00016395821  1.7726881e-05  -1.8545698e-05  -0.00029858662  2.1856759e-05  -0.00014878699  -7.4293782e-05  -3.2253875e-05  -2.8401860e-05  4.8374003e-05  -0.00030470030  0.00031808187  0.00018799984  -4.9656883e-05  0.00069383348  -0.00011719981  -5.6176122e-05  2.9949610e-06  1.0530156e-06  0.0000000   8.9397741e-05  -0.0010809932  -0.00087022201  -4.6113431e-05  -9.9259364e-05  0.00053618627  0.00018884987  -0.00012423532  8.1809771e-05  -0.00063839257  -2.2561932e-05  0.00016395821  1.7726881e-05  -1.8545698e-05  -0.00029858662  2.1856759e-05  -0.00014878699  -7.4293782e-05  -3.2253875e-05  -2.8401860e-05  
