0.0000000   -0.014927134  -4.6104668e-05  0.00033090678  0.0019303020  0.0014030829  0.00023693400  -0.00061146782  -3.2068726e-05  -0.00013823090  3.1774611e-05  8.5783734e-05  0.00021702324  8.1074698e-05  2.2540922e-05  1.9722002e-05  3.8123368e-05  3.9870416e-05  0.00011685564  3.1047785e-05  -4.0631279e-05  -0.00014455158  -2.9166607e-05  6.9120030e-05  1.6721654e-05  -3.6337133e-05  3.5114539e-05  -5.2930743e-05  -3.6263528e-05  -2.0176059e-05  -3.6896312e-05  0.0000000   -0.014927134  -4.6104668e-05  0.00033090678  0.0019303020  0.0014030829  0.00023693400  -0.00061146782  -3.2068726e-05  -0.00013823090  3.1774611e-05  8.5783734e-05  0.00021702324  8.1074698e-05  2.2540922e-05  1.9722002e-05  3.8123368e-05  3.9870416e-05  0.00011685564  3.1047785e-05  -4.0631279e-05  -0.00014455158  -2.9166607e-05  6.9120030e-05  1.6721654e-05  -3.6337133e-05  3.5114539e-05  -5.2930743e-05  -3.6263528e-05  -2.0176059e-05  -3.6896312e-05  
0.014927134  0.0000000   0.00065292706  -0.00074638395  0.00025575951  -0.00058275693  0.00046265317  -3.9690155e-05  7.8056316e-05  0.00021865947  -2.2785128e-06  -4.5412231e-05  -9.7872760e-05  4.2586333e-05  -7.8700984e-06  -3.7608382e-05  0.00028890428  3.4072728e-05  -0.00011514911  -2.3835703e-05  7.3451708e-05  -4.6619669e-05  -4.4048412e-05  5.8618832e-05  3.6568325e-05  -6.6369519e-06  2.1600029e-07  -4.2428214e-05  1.7278108e-05  -3.9001535e-05  6.1543598e-05  0.014927134  0.0000000   0.00065292706  -0.00074638395  0.00025575951  -0.00058275693  0.00046265317  -3.9690155e-05  7.8056316e-05  0.00021865947  -2.2785128e-06  -4.5412231e-05  -9.7872760e-05  4.2586333e-05  -7.8700984e-06  -3.7608382e-05  0.00028890428  3.4072728e-05  -0.00011514911  -2.3835703e-05  7.3451708e-05  -4.6619669e-05  -4.4048412e-05  5.8618832e-05  3.6568325e-05  -6.6369519e-06  2.1600029e-07  -4.2428214e-05  1.7278108e-05  -3.9001535e-05  6.1543598e-05  
4.6104668e-05  -0.00065292706  0.0000000   -0.00026198259  -0.0014146724  -0.0012116505  -0.00020448032  0.00036295332  7.0604378e-05  -6.2680712e-05  1.6057054e-05  3.7875481e-05  0.00023984605  -5.3073545e-05  -1.3938218e-05  -2.7933881e-05  -0.00032468051  2.8323634e-07  4.1190151e-05  -1.3106374e-05  5.9356728e-05  -0.00018648231  -9.6030137e-05  -2.1750454e-05  1.1646192e-05  -9.7462728e-05  2.0426681e-05  1.0403093e-05  2.2469045e-06  -5.2587961e-05  -3.0215484e-05  4.6104668e-05  -0.00065292706  0.0000000   -0.00026198259  -0.0014146724  -0.0012116505  -0.00020448032  0.00036295332  7.0604378e-05  -6.2680712e-05  1.6057054e-05  3.7875481e-05  0.00023984605  -5.3073545e-05  -1.3938218e-05  -2.7933881e-05  -0.00032468051  2.8323634e-07  4.1190151e-05  -1.3106374e-05  5.9356728e-05  -0.00018648231  -9.6030137e-05  -2.1750454e-05  1.1646192e-05  -9.7462728e-05  2.0426681e-05  1.0403093e-05  2.2469045e-06  -5.2587961e-05  -3.0215484e-05  
-0.00033090678  0.00074638395  0.00026198259  0.0000000   -0.0043373960  0.010406685  0.0010038233  -0.00029940643  -0.00029931074  5.4460522e-05  -0.00025260734  -3.4432326e-05  -0.00012578884  -9.9143600e-06  0.00011610509  3.5115607e-05  2.5672025e-05  4.4127408e-05  -5.3851419e-05  4.2427090e-05  4.5810011e-05  -4.6389172e-05  -4.8675537e-05  0.00014997665  5.9261513e-05  6.2315535e-05  -2.5532091e-05  -8.1707406e-05  -0.00010342282  -4.8762995e-06  -4.1030332e-05  -0.00033090678  0.00074638395  0.00026198259  0.0000000   -0.0043373960  0.010406685  0.0010038233  -0.00029940643  -0.00029931074  5.4460522e-05  -0.00025260734  -3.4432326e-05  -0.00012578884  -9.9143600e-06  0.00011610509  3.5115607e-05  2.5672025e-05  4.4127408e-05  -5.3851419e-05  4.2427090e-05  4.5810011e-05  -4.6389172e-05  -4.8675537e-05  0.00014997665  5.9261513e-05  6.2315535e-05  -2.5532091e-05  -8.1707406e-05  -0.00010342282  -4.8762995e-06  -4.1030332e-05  
-0.0019303020  -0.00025575951  0.0014146724  0.0043373960  0.0000000   -0.0054565387  0.0017983151  -0.00069372053  0.00037971914  0.00013918328  7.8352762e-05  5.4871866e-05  -0.00015452823  0.00010812360  -9.1936448e-06  1.7370738e-05  0.00019123978  6.0872768e-06  -6.1057802e-05  -9.9448512e-06  -5.3358530e-05  -0.00015620957  -0.00011586338  -0.00013596881  3.0397659e-05  6.0158762e-05  5.8696869e-05  4.8489034e-06  0.00010551998  -2.1766606e-05  -9.9029208e-05  -0.0019303020  -0.00025575951  0.0014146724  0.0043373960  0.0000000   -0.0054565387  0.0017983151  -0.00069372053  0.00037971914  0.00013918328  7.8352762e-05  5.4871866e-05  -0.00015452823  0.00010812360  -9.1936448e-06  1.7370738e-05  0.00019123978  6.0872768e-06  -6.1057802e-05  -9.9448512e-06  -5.3358530e-05  -0.00015620957  -0.00011586338  -0.00013596881  3.0397659e-05  6.0158762e-05  5.8696869e-05  4.8489034e-06  0.00010551998  -2.1766606e-05  -9.9029208e-05  
-0.0014030829  0.00058275693  0.0012116505  -0.010406685  0.0054565387  0.0000000   0.00091924465  -0.00034555163  -0.00058754120  4.1489350e-06  0.00014463149  -0.00011489259  -0.00012205840  8.3454120e-05  -0.00011042383  -8.7178269e-06  6.6061483e-05  -6.2328171e-05  -5.2563257e-06  -4.5069197e-05  -6.7794689e-05  -2.5087674e-05  -4.6657053e-05  0.00017773096  -0.00014679979  4.4173165e-05  -7.2954323e-05  3.8914286e-05  -0.00011302538  -5.1005103e-05  -5.8946310e-05  -0.0014030829  0.00058275693  0.0012116505  -0.010406685  0.0054565387  0.0000000   0.00091924465  -0.00034555163  -0.00058754120  4.1489350e-06  0.00014463149  -0.00011489259  -0.00012205840  8.3454120e-05  -0.00011042383  -8.7178269e-06  6.6061483e-05  -6.2328171e-05  -5.2563257e-06  -4.5069197e-05  -6.7794689e-05  -2.5087674e-05  -4.6657053e-05  0.00017773096  -0.00014679979  4.4173165e-05  -7.2954323e-05  3.8914286e-05  -0.00011302538  -5.1005103e-05  -5.8946310e-05  
-0.00023693400  -0.00046265317  0.00020448032  -0.0010038233  -0.0017983151  -0.00091924465  0.0000000   -3.0908219e-05  -6.4379995e-06  -2.7339729e-05  4.6547255e-05  4.6296048e-06  0.00061406732  -6.2045008e-05  4.1969807e-06  2.3084991e-05  -2.9604176e-05  -2.2434751e-05  0.00028692602  -2.8476199e-05  -0.00014039275  -0.00017137568  3.7567101e-05  5.5241938e-07  -1.1234351e-05  -0.00015702017  1.3612462e-05  7.4760383e-06  -1.6864240e-05  0.00014918982  5.3334386e-05  -0.00023693400  -0.00046265317  0.00020448032  -0.0010038233  -0.0017983151  -0.00091924465  0.0000000   -3.0908219e-05  -6.4379995e-06  -2.7339729e-05  4.6547255e-05  4.6296048e-06  0.00061406732  -6.2045008e-05  4.1969807e-06  2.3084991e-05  -2.9604176e-05  -2.2434751e-05  0.00028692602  -2.8476199e-05  -0.00014039275  -0.00017137568  3.7567101e-05  5.5241938e-07  -1.1234351e-05  -0.00015702017  1.3612462e-05  7.4760383e-06  -1.6864240e-05  0.00014918982  5.3334386e-05  
0.00061146782  3.9690155e-05  -0.00036295332  0.00029940643  0.00069372053  0.00034555163  3.0908219e-05  0.0000000   3.9852335e-05  -0.00052531548  -1.9929801e-05  -1.5156880e-05  3.9755368e-05  -0.00050668488  -2.6506578e-06  3.6791373e-05  -0.00010498330  -1.0686022e-05  2.5990412e-05  4.4241360e-06  0.00019817308  2.2558955e-05  -4.1902469e-05  1.3608623e-05  -3.5605652e-06  0.00010320749  -5.6657246e-06  8.0840991e-06  5.0971708e-07  4.3601502e-05  6.1888088e-05  0.00061146782  3.9690155e-05  -0.00036295332  0.00029940643  0.00069372053  0.00034555163  3.0908219e-05  0.0000000   3.9852335e-05  -0.00052531548  -1.9929801e-05  -1.5156880e-05  3.9755368e-05  -0.00050668488  -2.6506578e-06  3.6791373e-05  -0.00010498330  -1.0686022e-05  2.5990412e-05  4.4241360e-06  0.00019817308  2.2558955e-05  -4.1902469e-05  1.3608623e-05  -3.5605652e-06  0.00010320749  -5.6657246e-06  8.0840991e-06  5.0971708e-07  4.3601502e-05  6.1888088e-05  
3.2068726e-05  -7.8056316e-05  -7.0604378e-05  0.00029931074  -0.00037971914  0.00058754120  6.4379995e-06  -3.9852335e-05  0.0000000   -2.1222947e-05  -0.00027963057  0.00040307214  -5.4868637e-05  -1.6700142e-05  -7.5842789e-05  -0.00095728506  1.3542016e-05  0.00024389553  4.0732679e-05  0.00017911147  -1.9576923e-05  -2.4696190e-05  -2.3684021e-05  -9.5497418e-05  0.00019244515  -3.7775046e-06  -2.3911967e-05  -3.6622630e-05  -9.1718426e-06  1.5507954e-05  1.5989890e-05  3.2068726e-05  -7.8056316e-05  -7.0604378e-05  0.00029931074  -0.00037971914  0.00058754120  6.4379995e-06  -3.9852335e-05  0.0000000   -2.1222947e-05  -0.00027963057  0.00040307214  -5.4868637e-05  -1.6700142e-05  -7.5842789e-05  -0.00095728506  1.3542016e-05  0.00024389553  4.0732679e-05  0.00017911147  -1.9576923e-05  -2.4696190e-05  -2.3684021e-05  -9.5497418e-05  0.00019244515  -3.7775046e-06  -2.3911967e-05  -3.6622630e-05  -9.1718426e-06  1.5507954e-05  1.5989890e-05  
0.00013823090  -0.00021865947  6.2680712e-05  -5.4460522e-05  -0.00013918328  -4.1489350e-06  2.7339729e-05  0.00052531548  2.1222947e-05  0.0000000   -8.5329240e-05  5.1848879e-05  0.00056460949  -0.00059381109  1.7647291e-05  -8.1786771e-05  2.9462367e-05  2.5536403e-05  -0.00017324226  3.5633638e-05  0.00016491003  2.2370139e-05  0.00023783621  -3.4377405e-05  3.9010208e-06  -0.00010814539  2.9173495e-06  9.3818758e-06  -1.4132339e-05  -0.00011469721  3.3533998e-05  0.00013823090  -0.00021865947  6.2680712e-05  -5.4460522e-05  -0.00013918328  -4.1489350e-06  2.7339729e-05  0.00052531548  2.1222947e-05  0.0000000   -8.5329240e-05  5.1848879e-05  0.00056460949  -0.00059381109  1.7647291e-05  -8.1786771e-05  2.9462367e-05  2.5536403e-05  -0.00017324226  3.5633638e-05  0.00016491003  2.2370139e-05  0.00023783621  -3.4377405e-05  3.9010208e-06  -0.00010814539  2.9173495e-06  9.3818758e-06  -1.4132339e-05  -0.00011469721  3.3533998e-05  
-3.1774611e-05  2.2785128e-06  -1.6057054e-05  0.00025260734  -7.8352762e-05  -0.00014463149  -4.6547255e-05  1.9929801e-05  0.00027963057  8.5329240e-05  0.0000000   -0.0029772518  3.9830715e-05  4.0258036e-05  -0.00022379781  -0.00056102255  4.3779782e-05  -0.00046026975  -1.0236215e-05  0.00014529433  -4.6319749e-05  -2.1350094e-05  4.6586876e-06  0.00036140758  -0.00014866881  3.4912409e-06  9.1502785e-05  1.7506042e-05  -0.00013521960  -8.2415201e-06  -4.0116231e-05  -3.1774611e-05  2.2785128e-06  -1.6057054e-05  0.00025260734  -7.8352762e-05  -0.00014463149  -4.6547255e-05  1.9929801e-05  0.00027963057  8.5329240e-05  0.0000000   -0.0029772518  3.9830715e-05  4.0258036e-05  -0.00022379781  -0.00056102255  4.3779782e-05  -0.00046026975  -1.0236215e-05  0.00014529433  -4.6319749e-05  -2.1350094e-05  4.6586876e-06  0.00036140758  -0.00014866881  3.4912409e-06  9.1502785e-05  1.7506042e-05  -0.00013521960  -8.2415201e-06  -4.0116231e-05  
-8.5783734e-05  4.5412231e-05  -3.7875481e-05  3.4432326e-05  -5.4871866e-05  0.00011489259  -4.6296048e-06  1.5156880e-05  -0.00040307214  -5.1848879e-05  0.0029772518  0.0000000   -3.9132732e-05  -1.1575262e-05  -0.00080941046  0.00055133167  -5.1889368e-05  0.00037105048  -3.1308641e-05  -3.1207139e-05  2.7270614e-05  1.5125448e-05  -2.5222575e-05  -9.7633923e-05  7.0260947e-05  -6.1521210e-06  0.00011675646  -0.00020368012  0.00018367953  -5.5168638e-06  8.0005333e-06  -8.5783734e-05  4.5412231e-05  -3.7875481e-05  3.4432326e-05  -5.4871866e-05  0.00011489259  -4.6296048e-06  1.5156880e-05  -0.00040307214  -5.1848879e-05  0.0029772518  0.0000000   -3.9132732e-05  -1.1575262e-05  -0.00080941046  0.00055133167  -5.1889368e-05  0.00037105048  -3.1308641e-05  -3.1207139e-05  2.7270614e-05  1.5125448e-05  -2.5222575e-05  -9.7633923e-05  7.0260947e-05  -6.1521210e-06  0.00011675646  -0.00020368012  0.00018367953  -5.5168638e-06  8.0005333e-06  
-0.00021702324  9.7872760e-05  -0.00023984605  0.00012578884  0.00015452823  0.00012205840  -0.00061406732  -3.9755368e-05  5.4868637e-05  -0.00056460949  -3.9830715e-05  3.9132732e-05  0.0000000   0.0020286835  1.0846374e-06  -3.7026926e-05  -0.00083506779  -5.4274356e-05  6.6219592e-05  -3.0590945e-05  -0.00039235953  -0.00013590795  3.7241964e-06  2.0521107e-05  1.6793847e-05  -0.00016685173  5.2388129e-06  -5.8256962e-06  -3.2164338e-05  -2.6205189e-05  9.0764018e-05  -0.00021702324  9.7872760e-05  -0.00023984605  0.00012578884  0.00015452823  0.00012205840  -0.00061406732  -3.9755368e-05  5.4868637e-05  -0.00056460949  -3.9830715e-05  3.9132732e-05  0.0000000   0.0020286835  1.0846374e-06  -3.7026926e-05  -0.00083506779  -5.4274356e-05  6.6219592e-05  -3.0590945e-05  -0.00039235953  -0.00013590795  3.7241964e-06  2.0521107e-05  1.6793847e-05  -0.00016685173  5.2388129e-06  -5.8256962e-06  -3.2164338e-05  -2.6205189e-05  9.0764018e-05  
-8.1074698e-05  -4.2586333e-05  5.3073545e-05  9.9143600e-06  -0.00010812360  -8.3454120e-05  6.2045008e-05  0.00050668488  1.6700142e-05  0.00059381109  -4.0258036e-05  1.1575262e-05  -0.0020286835  0.0000000   -9.5763403e-06  5.0453020e-05  -0.00034063430  -6.8800147e-06  0.00057797460  -4.5539668e-05  -0.00013403757  -3.1680725e-05  7.1563605e-06  -2.7544173e-05  -8.9043357e-06  -1.0862120e-05  1.3868195e-05  -8.4557112e-06  9.2994947e-06  4.0131338e-05  -8.8215015e-05  -8.1074698e-05  -4.2586333e-05  5.3073545e-05  9.9143600e-06  -0.00010812360  -8.3454120e-05  6.2045008e-05  0.00050668488  1.6700142e-05  0.00059381109  -4.0258036e-05  1.1575262e-05  -0.0020286835  0.0000000   -9.5763403e-06  5.0453020e-05  -0.00034063430  -6.8800147e-06  0.00057797460  -4.5539668e-05  -0.00013403757  -3.1680725e-05  7.1563605e-06  -2.7544173e-05  -8.9043357e-06  -1.0862120e-05  1.3868195e-05  -8.4557112e-06  9.2994947e-06  4.0131338e-05  -8.8215015e-05  
-2.2540922e-05  7.8700984e-06  1.3938218e-05  -0.00011610509  9.1936448e-06  0.00011042383  -4.1969807e-06  2.6506578e-06  7.5842789e-05  -1.7647291e-05  0.00022379781  0.00080941046  -1.0846374e-06  9.5763403e-06  0.0000000   0.00083723457  -2.8300048e-05  -0.00056498433  -6.6488759e-06  -0.00029597153  6.4232779e-05  4.7601186e-05  6.8875357e-05  0.00024527953  -0.00026346014  1.5233850e-05  -0.00012032777  7.2587440e-06  0.00025999398  -5.5501014e-06  -3.0033407e-06  -2.2540922e-05  7.8700984e-06  1.3938218e-05  -0.00011610509  9.1936448e-06  0.00011042383  -4.1969807e-06  2.6506578e-06  7.5842789e-05  -1.7647291e-05  0.00022379781  0.00080941046  -1.0846374e-06  9.5763403e-06  0.0000000   0.00083723457  -2.8300048e-05  -0.00056498433  -6.6488759e-06  -0.00029597153  6.4232779e-05  4.7601186e-05  6.8875357e-05  0.00024527953  -0.00026346014  1.5233850e-05  -0.00012032777  7.2587440e-06  0.00025999398  -5.5501014e-06  -3.0033407e-06  
-1.9722002e-05  3.7608382e-05  2.7933881e-05  -3.5115607e-05  -1.7370738e-05  8.7178269e-06  -2.3084991e-05  -3.6791373e-05  0.00095728506  8.1786771e-05  0.00056102255  -0.00055133167  3.7026926e-05  -5.0453020e-05  -0.00083723457  0.0000000   0.00010726641  -0.0016648644  -5.4626538e-05  -5.4038579e-05  4.4404629e-05  2.4374237e-05  -1.6684172e-06  0.00042870936  0.00012400504  5.0874553e-06  -0.00019814404  -1.4229299e-05  7.8933588e-06  1.5340592e-06  3.0626343e-05  -1.9722002e-05  3.7608382e-05  2.7933881e-05  -3.5115607e-05  -1.7370738e-05  8.7178269e-06  -2.3084991e-05  -3.6791373e-05  0.00095728506  8.1786771e-05  0.00056102255  -0.00055133167  3.7026926e-05  -5.0453020e-05  -0.00083723457  0.0000000   0.00010726641  -0.0016648644  -5.4626538e-05  -5.4038579e-05  4.4404629e-05  2.4374237e-05  -1.6684172e-06  0.00042870936  0.00012400504  5.0874553e-06  -0.00019814404  -1.4229299e-05  7.8933588e-06  1.5340592e-06  3.0626343e-05  
-3.8123368e-05  -0.00028890428  0.00032468051  -2.5672025e-05  -0.00019123978  -6.6061483e-05  2.9604176e-05  0.00010498330  -1.3542016e-05  -2.9462367e-05  -4.3779782e-05  5.1889368e-05  0.00083506779  0.00034063430  2.8300048e-05  -0.00010726641  0.0000000   4.1447429e-05  0.00064423047  2.3908034e-05  0.00086153412  -0.00019867498  -0.00059525913  3.5851298e-05  4.3202999e-05  0.00059655828  -1.1778723e-05  -2.5030528e-05  -3.3536841e-06  0.00019136864  -3.5778586e-06  -3.8123368e-05  -0.00028890428  0.00032468051  -2.5672025e-05  -0.00019123978  -6.6061483e-05  2.9604176e-05  0.00010498330  -1.3542016e-05  -2.9462367e-05  -4.3779782e-05  5.1889368e-05  0.00083506779  0.00034063430  2.8300048e-05  -0.00010726641  0.0000000   4.1447429e-05  0.00064423047  2.3908034e-05  0.00086153412  -0.00019867498  -0.00059525913  3.5851298e-05  4.3202999e-05  0.00059655828  -1.1778723e-05  -2.5030528e-05  -3.3536841e-06  0.00019136864  -3.5778586e-06  
-3.9870416e-05  -3.4072728e-05  -2.8323634e-07  -4.4127408e-05  -6.0872768e-06  6.2328171e-05  2.2434751e-05  1.0686022e-05  -0.00024389553  -2.5536403e-05  0.00046026975  -0.00037105048  5.4274356e-05  6.8800147e-06  0.00056498433  0.0016648644  -4.1447429e-05  0.0000000   4.5032826e-05  0.00059390228  7.3611804e-05  -4.1042452e-05  2.4117889e-06  2.6548691e-05  -0.00017634664  3.0253125e-05  8.4256348e-05  0.00023491223  2.9474349e-05  -7.9888456e-06  -9.4136478e-06  -3.9870416e-05  -3.4072728e-05  -2.8323634e-07  -4.4127408e-05  -6.0872768e-06  6.2328171e-05  2.2434751e-05  1.0686022e-05  -0.00024389553  -2.5536403e-05  0.00046026975  -0.00037105048  5.4274356e-05  6.8800147e-06  0.00056498433  0.0016648644  -4.1447429e-05  0.0000000   4.5032826e-05  0.00059390228  7.3611804e-05  -4.1042452e-05  2.4117889e-06  2.6548691e-05  -0.00017634664  3.0253125e-05  8.4256348e-05  0.00023491223  2.9474349e-05  -7.9888456e-06  -9.4136478e-06  
-0.00011685564  0.00011514911  -4.1190151e-05  5.3851419e-05  6.1057802e-05  5.2563257e-06  -0.00028692602  -2.5990412e-05  -4.0732679e-05  0.00017324226  1.0236215e-05  3.1308641e-05  -6.6219592e-05  -0.00057797460  6.6488759e-06  5.4626538e-05  -0.00064423047  -4.5032826e-05  0.0000000   -9.7057521e-05  -0.0020803150  -0.00083901072  -0.00043612063  6.9658487e-05  4.6426536e-05  -0.00029112585  4.3221650e-06  -3.7929539e-05  -2.3039296e-06  -0.00021799132  -4.1845758e-05  -0.00011685564  0.00011514911  -4.1190151e-05  5.3851419e-05  6.1057802e-05  5.2563257e-06  -0.00028692602  -2.5990412e-05  -4.0732679e-05  0.00017324226  1.0236215e-05  3.1308641e-05  -6.6219592e-05  -0.00057797460  6.6488759e-06  5.4626538e-05  -0.00064423047  -4.5032826e-05  0.0000000   -9.7057521e-05  -0.0020803150  -0.00083901072  -0.00043612063  6.9658487e-05  4.6426536e-05  -0.00029112585  4.3221650e-06  -3.7929539e-05  -2.3039296e-06  -0.00021799132  -4.1845758e-05  
-3.1047785e-05  2.3835703e-05  1.3106374e-05  -4.2427090e-05  9.9448512e-06  4.5069197e-05  2.8476199e-05  -4.4241360e-06  -0.00017911147  -3.5633638e-05  -0.00014529433  3.1207139e-05  3.0590945e-05  4.5539668e-05  0.00029597153  5.4038579e-05  -2.3908034e-05  -0.00059390228  9.7057521e-05  0.0000000   2.9238021e-05  -6.0568966e-05  0.00015998125  -0.00060826190  -0.00049663504  4.7244704e-06  -0.00020644973  0.00019536975  8.1919834e-05  -1.0975688e-05  1.3218958e-05  -3.1047785e-05  2.3835703e-05  1.3106374e-05  -4.2427090e-05  9.9448512e-06  4.5069197e-05  2.8476199e-05  -4.4241360e-06  -0.00017911147  -3.5633638e-05  -0.00014529433  3.1207139e-05  3.0590945e-05  4.5539668e-05  0.00029597153  5.4038579e-05  -2.3908034e-05  -0.00059390228  9.7057521e-05  0.0000000   2.9238021e-05  -6.0568966e-05  0.00015998125  -0.00060826190  -0.00049663504  4.7244704e-06  -0.00020644973  0.00019536975  8.1919834e-05  -1.0975688e-05  1.3218958e-05  
4.0631279e-05  -7.3451708e-05  -5.9356728e-05  -4.5810011e-05  5.3358530e-05  6.7794689e-05  0.00014039275  -0.00019817308  1.9576923e-05  -0.00016491003  4.6319749e-05  -2.7270614e-05  0.00039235953  0.00013403757  -6.4232779e-05  -4.4404629e-05  -0.00086153412  -7.3611804e-05  0.0020803150  -2.9238021e-05  0.0000000   -0.00062670886  -0.00017638108  9.8203522e-05  9.5994437e-06  -5.2612347e-05  -6.5483912e-05  -1.0910319e-05  3.8091789e-05  2.0772256e-05  -0.00012821172  4.0631279e-05  -7.3451708e-05  -5.9356728e-05  -4.5810011e-05  5.3358530e-05  6.7794689e-05  0.00014039275  -0.00019817308  1.9576923e-05  -0.00016491003  4.6319749e-05  -2.7270614e-05  0.00039235953  0.00013403757  -6.4232779e-05  -4.4404629e-05  -0.00086153412  -7.3611804e-05  0.0020803150  -2.9238021e-05  0.0000000   -0.00062670886  -0.00017638108  9.8203522e-05  9.5994437e-06  -5.2612347e-05  -6.5483912e-05  -1.0910319e-05  3.8091789e-05  2.0772256e-05  -0.00012821172  
0.00014455158  4.6619669e-05  0.00018648231  4.6389172e-05  0.00015620957  2.5087674e-05  0.00017137568  -2.2558955e-05  2.4696190e-05  -2.2370139e-05  2.1350094e-05  -1.5125448e-05  0.00013590795  3.1680725e-05  -4.7601186e-05  -2.4374237e-05  0.00019867498  4.1042452e-05  0.00083901072  6.0568966e-05  0.00062670886  0.0000000   0.0042963785  -0.00023537296  -5.2185138e-05  -0.00041081880  -5.4136035e-06  0.00012589701  -3.7551733e-05  -0.00012121176  -0.00016309610  0.00014455158  4.6619669e-05  0.00018648231  4.6389172e-05  0.00015620957  2.5087674e-05  0.00017137568  -2.2558955e-05  2.4696190e-05  -2.2370139e-05  2.1350094e-05  -1.5125448e-05  0.00013590795  3.1680725e-05  -4.7601186e-05  -2.4374237e-05  0.00019867498  4.1042452e-05  0.00083901072  6.0568966e-05  0.00062670886  0.0000000   0.0042963785  -0.00023537296  -5.2185138e-05  -0.00041081880  -5.4136035e-06  0.00012589701  -3.7551733e-05  -0.00012121176  -0.00016309610  
2.9166607e-05  4.4048412e-05  9.6030137e-05  4.8675537e-05  0.00011586338  4.6657053e-05  -3.7567101e-05  4.1902469e-05  2.3684021e-05  -0.00023783621  -4.6586876e-06  2.5222575e-05  -3.7241964e-06  -7.1563605e-06  -6.8875357e-05  1.6684172e-06  0.00059525913  -2.4117889e-06  0.00043612063  -0.00015998125  0.00017638108  -0.0042963785  0.0000000   0.00012611329  9.9672997e-05  -4.3091713e-05  -9.8317706e-05  4.1530496e-05  7.3060495e-05  4.5524793e-05  0.00015240797  2.9166607e-05  4.4048412e-05  9.6030137e-05  4.8675537e-05  0.00011586338  4.6657053e-05  -3.7567101e-05  4.1902469e-05  2.3684021e-05  -0.00023783621  -4.6586876e-06  2.5222575e-05  -3.7241964e-06  -7.1563605e-06  -6.8875357e-05  1.6684172e-06  0.00059525913  -2.4117889e-06  0.00043612063  -0.00015998125  0.00017638108  -0.0042963785  0.0000000   0.00012611329  9.9672997e-05  -4.3091713e-05  -9.8317706e-05  4.1530496e-05  7.3060495e-05  4.5524793e-05  0.00015240797  
-6.9120030e-05  -5.8618832e-05  2.1750454e-05  -0.00014997665  0.00013596881  -0.00017773096  -5.5241938e-07  -1.3608623e-05  9.5497418e-05  3.4377405e-05  -0.00036140758  9.7633923e-05  -2.0521107e-05  2.7544173e-05  -0.00024527953  -0.00042870936  -3.5851298e-05  -2.6548691e-05  -6.9658487e-05  0.00060826190  -9.8203522e-05  0.00023537296  -0.00012611329  0.0000000   -0.00075456462  4.7044157e-05  5.7169300e-05  0.00057734107  0.00018268003  2.4956514e-05  2.5877394e-05  -6.9120030e-05  -5.8618832e-05  2.1750454e-05  -0.00014997665  0.00013596881  -0.00017773096  -5.5241938e-07  -1.3608623e-05  9.5497418e-05  3.4377405e-05  -0.00036140758  9.7633923e-05  -2.0521107e-05  2.7544173e-05  -0.00024527953  -0.00042870936  -3.5851298e-05  -2.6548691e-05  -6.9658487e-05  0.00060826190  -9.8203522e-05  0.00023537296  -0.00012611329  0.0000000   -0.00075456462  4.7044157e-05  5.7169300e-05  0.00057734107  0.00018268003  2.4956514e-05  2.5877394e-05  
-1.6721654e-05  -3.6568325e-05  -1.1646192e-05  -5.9261513e-05  -3.0397659e-05  0.00014679979  1.1234351e-05  3.5605652e-06  -0.00019244515  -3.9010208e-06  0.00014866881  -7.0260947e-05  -1.6793847e-05  8.9043357e-06  0.00026346014  -0.00012400504  -4.3202999e-05  0.00017634664  -4.6426536e-05  0.00049663504  -9.5994437e-06  5.2185138e-05  -9.9672997e-05  0.00075456462  0.0000000   -3.4139059e-06  -0.00058162279  0.00044185295  0.00016739706  1.2425314e-05  -1.4911621e-05  -1.6721654e-05  -3.6568325e-05  -1.1646192e-05  -5.9261513e-05  -3.0397659e-05  0.00014679979  1.1234351e-05  3.5605652e-06  -0.00019244515  -3.9010208e-06  0.00014866881  -7.0260947e-05  -1.6793847e-05  8.9043357e-06  0.00026346014  -0.00012400504  -4.3202999e-05  0.00017634664  -4.6426536e-05  0.00049663504  -9.5994437e-06  5.2185138e-05  -9.9672997e-05  0.00075456462  0.0000000   -3.4139059e-06  -0.00058162279  0.00044185295  0.00016739706  1.2425314e-05  -1.4911621e-05  
3.6337133e-05  6.6369519e-06  9.7462728e-05  -6.2315535e-05  -6.0158762e-05  -4.4173165e-05  0.00015702017  -0.00010320749  3.7775046e-06  0.00010814539  -3.4912409e-06  6.1521210e-06  0.00016685173  1.0862120e-05  -1.5233850e-05  -5.0874553e-06  -0.00059655828  -3.0253125e-05  0.00029112585  -4.7244704e-06  5.2612347e-05  0.00041081880  4.3091713e-05  -4.7044157e-05  3.4139059e-06  0.0000000   4.4020234e-05  -0.00010150531  -1.1109437e-05  -4.9382971e-05  -0.00032600478  3.6337133e-05  6.6369519e-06  9.7462728e-05  -6.2315535e-05  -6.0158762e-05  -4.4173165e-05  0.00015702017  -0.00010320749  3.7775046e-06  0.00010814539  -3.4912409e-06  6.1521210e-06  0.00016685173  1.0862120e-05  -1.5233850e-05  -5.0874553e-06  -0.00059655828  -3.0253125e-05  0.00029112585  -4.7244704e-06  5.2612347e-05  0.00041081880  4.3091713e-05  -4.7044157e-05  3.4139059e-06  0.0000000   4.4020234e-05  -0.00010150531  -1.1109437e-05  -4.9382971e-05  -0.00032600478  
-3.5114539e-05  -2.1600029e-07  -2.0426681e-05  2.5532091e-05  -5.8696869e-05  7.2954323e-05  -1.3612462e-05  5.6657246e-06  2.3911967e-05  -2.9173495e-06  -9.1502785e-05  -0.00011675646  -5.2388129e-06  -1.3868195e-05  0.00012032777  0.00019814404  1.1778723e-05  -8.4256348e-05  -4.3221650e-06  0.00020644973  6.5483912e-05  5.4136035e-06  9.8317706e-05  -5.7169300e-05  0.00058162279  -4.4020234e-05  0.0000000   -0.0054361987  0.00059260917  -3.1157448e-05  3.1581181e-05  -3.5114539e-05  -2.1600029e-07  -2.0426681e-05  2.5532091e-05  -5.8696869e-05  7.2954323e-05  -1.3612462e-05  5.6657246e-06  2.3911967e-05  -2.9173495e-06  -9.1502785e-05  -0.00011675646  -5.2388129e-06  -1.3868195e-05  0.00012032777  0.00019814404  1.1778723e-05  -8.4256348e-05  -4.3221650e-06  0.00020644973  6.5483912e-05  5.4136035e-06  9.8317706e-05  -5.7169300e-05  0.00058162279  -4.4020234e-05  0.0000000   -0.0054361987  0.00059260917  -3.1157448e-05  3.1581181e-05  
5.2930743e-05  4.2428214e-05  -1.0403093e-05  8.1707406e-05  -4.8489034e-06  -3.8914286e-05  -7.4760383e-06  -8.0840991e-06  3.6622630e-05  -9.3818758e-06  -1.7506042e-05  0.00020368012  5.8256962e-06  8.4557112e-06  -7.2587440e-06  1.4229299e-05  2.5030528e-05  -0.00023491223  3.7929539e-05  -0.00019536975  1.0910319e-05  -0.00012589701  -4.1530496e-05  -0.00057734107  -0.00044185295  0.00010150531  0.0054361987  0.0000000   -0.0030245938  1.1560588e-05  -3.7191257e-05  5.2930743e-05  4.2428214e-05  -1.0403093e-05  8.1707406e-05  -4.8489034e-06  -3.8914286e-05  -7.4760383e-06  -8.0840991e-06  3.6622630e-05  -9.3818758e-06  -1.7506042e-05  0.00020368012  5.8256962e-06  8.4557112e-06  -7.2587440e-06  1.4229299e-05  2.5030528e-05  -0.00023491223  3.7929539e-05  -0.00019536975  1.0910319e-05  -0.00012589701  -4.1530496e-05  -0.00057734107  -0.00044185295  0.00010150531  0.0054361987  0.0000000   -0.0030245938  1.1560588e-05  -3.7191257e-05  
3.6263528e-05  -1.7278108e-05  -2.2469045e-06  0.00010342282  -0.00010551998  0.00011302538  1.6864240e-05  -5.0971708e-07  9.1718426e-06  1.4132339e-05  0.00013521960  -0.00018367953  3.2164338e-05  -9.2994947e-06  -0.00025999398  -7.8933588e-06  3.3536841e-06  -2.9474349e-05  2.3039296e-06  -8.1919834e-05  -3.8091789e-05  3.7551733e-05  -7.3060495e-05  -0.00018268003  -0.00016739706  1.1109437e-05  -0.00059260917  0.0030245938  0.0000000   -0.00022090981  0.00014634554  3.6263528e-05  -1.7278108e-05  -2.2469045e-06  0.00010342282  -0.00010551998  0.00011302538  1.6864240e-05  -5.0971708e-07  9.1718426e-06  1.4132339e-05  0.00013521960  -0.00018367953  3.2164338e-05  -9.2994947e-06  -0.00025999398  -7.8933588e-06  3.3536841e-06  -2.9474349e-05  2.3039296e-06  -8.1919834e-05  -3.8091789e-05  3.7551733e-05  -7.3060495e-05  -0.00018268003  -0.00016739706  1.1109437e-05  -0.00059260917  0.0030245938  0.0000000   -0.00022090981  0.00014634554  
2.0176059e-05  3.9001535e-05  5.2587961e-05  4.8762995e-06  2.1766606e-05  5.1005103e-05  -0.00014918982  -4.3601502e-05  -1.5507954e-05  0.00011469721  8.2415201e-06  5.5168638e-06  2.6205189e-05  -4.0131338e-05  5.5501014e-06  -1.5340592e-06  -0.00019136864  7.9888456e-06  0.00021799132  1.0975688e-05  -2.0772256e-05  0.00012121176  -4.5524793e-05  -2.4956514e-05  -1.2425314e-05  4.9382971e-05  3.1157448e-05  -1.1560588e-05  0.00022090981  0.0000000   -0.0035922928  2.0176059e-05  3.9001535e-05  5.2587961e-05  4.8762995e-06  2.1766606e-05  5.1005103e-05  -0.00014918982  -4.3601502e-05  -1.5507954e-05  0.00011469721  8.2415201e-06  5.5168638e-06  2.6205189e-05  -4.0131338e-05  5.5501014e-06  -1.5340592e-06  -0.00019136864  7.9888456e-06  0.00021799132  1.0975688e-05  -2.0772256e-05  0.00012121176  -4.5524793e-05  -2.4956514e-05  -1.2425314e-05  4.9382971e-05  3.1157448e-05  -1.1560588e-05  0.00022090981  0.0000000   -0.0035922928  
3.6896312e-05  -6.1543598e-05  3.0215484e-05  4.1030332e-05  9.9029208e-05  5.8946310e-05  -5.3334386e-05  -6.1888088e-05  -1.5989890e-05  -3.3533998e-05  4.0116231e-05  -8.0005333e-06  -9.0764018e-05  8.8215015e-05  3.0033407e-06  -3.0626343e-05  3.5778586e-06  9.4136478e-06  4.1845758e-05  -1.3218958e-05  0.00012821172  0.00016309610  -0.00015240797  -2.5877394e-05  1.4911621e-05  0.00032600478  -3.1581181e-05  3.7191257e-05  -0.00014634554  0.0035922928  0.0000000   3.6896312e-05  -6.1543598e-05  3.0215484e-05  4.1030332e-05  9.9029208e-05  5.8946310e-05  -5.3334386e-05  -6.1888088e-05  -1.5989890e-05  -3.3533998e-05  4.0116231e-05  -8.0005333e-06  -9.0764018e-05  8.8215015e-05  3.0033407e-06  -3.0626343e-05  3.5778586e-06  9.4136478e-06  4.1845758e-05  -1.3218958e-05  0.00012821172  0.00016309610  -0.00015240797  -2.5877394e-05  1.4911621e-05  0.00032600478  -3.1581181e-05  3.7191257e-05  -0.00014634554  0.0035922928  0.0000000   
0.0000000   -0.014927134  -4.6104668e-05  0.00033090678  0.0019303020  0.0014030829  0.00023693400  -0.00061146782  -3.2068726e-05  -0.00013823090  3.1774611e-05  8.5783734e-05  0.00021702324  8.1074698e-05  2.2540922e-05  1.9722002e-05  3.8123368e-05  3.9870416e-05  0.00011685564  3.1047785e-05  -4.0631279e-05  -0.00014455158  -2.9166607e-05  6.9120030e-05  1.6721654e-05  -3.6337133e-05  3.5114539e-05  -5.2930743e-05  -3.6263528e-05  -2.0176059e-05  -3.6896312e-05  0.0000000   -0.014927134  -4.6104668e-05  0.00033090678  0.0019303020  0.0014030829  0.00023693400  -0.00061146782  -3.2068726e-05  -0.00013823090  3.1774611e-05  8.5783734e-05  0.00021702324  8.1074698e-05  2.2540922e-05  1.9722002e-05  3.8123368e-05  3.9870416e-05  0.00011685564  3.1047785e-05  -4.0631279e-05  -0.00014455158  -2.9166607e-05  6.9120030e-05  1.6721654e-05  -3.6337133e-05  3.5114539e-05  -5.2930743e-05  -3.6263528e-05  -2.0176059e-05  -3.6896312e-05  
0.014927134  0.0000000   0.00065292706  -0.00074638395  0.00025575951  -0.00058275693  0.00046265317  -3.9690155e-05  7.8056316e-05  0.00021865947  -2.2785128e-06  -4.5412231e-05  -9.7872760e-05  4.2586333e-05  -7.8700984e-06  -3.7608382e-05  0.00028890428  3.4072728e-05  -0.00011514911  -2.3835703e-05  7.3451708e-05  -4.6619669e-05  -4.4048412e-05  5.8618832e-05  3.6568325e-05  -6.6369519e-06  2.1600029e-07  -4.2428214e-05  1.7278108e-05  -3.9001535e-05  6.1543598e-05  0.014927134  0.0000000   0.00065292706  -0.00074638395  0.00025575951  -0.00058275693  0.00046265317  -3.9690155e-05  7.8056316e-05  0.00021865947  -2.2785128e-06  -4.5412231e-05  -9.7872760e-05  4.2586333e-05  -7.8700984e-06  -3.7608382e-05  0.00028890428  3.4072728e-05  -0.00011514911  -2.3835703e-05  7.3451708e-05  -4.6619669e-05  -4.4048412e-05  5.8618832e-05  3.6568325e-05  -6.6369519e-06  2.1600029e-07  -4.2428214e-05  1.7278108e-05  -3.9001535e-05  6.1543598e-05  
4.6104668e-05  -0.00065292706  0.0000000   -0.00026198259  -0.0014146724  -0.0012116505  -0.00020448032  0.00036295332  7.0604378e-05  -6.2680712e-05  1.6057054e-05  3.7875481e-05  0.00023984605  -5.3073545e-05  -1.3938218e-05  -2.7933881e-05  -0.00032468051  2.8323634e-07  4.1190151e-05  -1.3106374e-05  5.9356728e-05  -0.00018648231  -9.6030137e-05  -2.1750454e-05  1.1646192e-05  -9.7462728e-05  2.0426681e-05  1.0403093e-05  2.2469045e-06  -5.2587961e-05  -3.0215484e-05  4.6104668e-05  -0.00065292706  0.0000000   -0.00026198259  -0.0014146724  -0.0012116505  -0.00020448032  0.00036295332  7.0604378e-05  -6.2680712e-05  1.6057054e-05  3.7875481e-05  0.00023984605  -5.3073545e-05  -1.3938218e-05  -2.7933881e-05  -0.00032468051  2.8323634e-07  4.1190151e-05  -1.3106374e-05  5.9356728e-05  -0.00018648231  -9.6030137e-05  -2.1750454e-05  1.1646192e-05  -9.7462728e-05  2.0426681e-05  1.0403093e-05  2.2469045e-06  -5.2587961e-05  -3.0215484e-05  
-0.00033090678  0.00074638395  0.00026198259  0.0000000   -0.0043373960  0.010406685  0.0010038233  -0.00029940643  -0.00029931074  5.4460522e-05  -0.00025260734  -3.4432326e-05  -0.00012578884  -9.9143600e-06  0.00011610509  3.5115607e-05  2.5672025e-05  4.4127408e-05  -5.3851419e-05  4.2427090e-05  4.5810011e-05  -4.6389172e-05  -4.8675537e-05  0.00014997665  5.9261513e-05  6.2315535e-05  -2.5532091e-05  -8.1707406e-05  -0.00010342282  -4.8762995e-06  -4.1030332e-05  -0.00033090678  0.00074638395  0.00026198259  0.0000000   -0.0043373960  0.010406685  0.0010038233  -0.00029940643  -0.00029931074  5.4460522e-05  -0.00025260734  -3.4432326e-05  -0.00012578884  -9.9143600e-06  0.00011610509  3.5115607e-05  2.5672025e-05  4.4127408e-05  -5.3851419e-05  4.2427090e-05  4.5810011e-05  -4.6389172e-05  -4.8675537e-05  0.00014997665  5.9261513e-05  6.2315535e-05  -2.5532091e-05  -8.1707406e-05  -0.00010342282  -4.8762995e-06  -4.1030332e-05  
-0.0019303020  -0.00025575951  0.0014146724  0.0043373960  0.0000000   -0.0054565387  0.0017983151  -0.00069372053  0.00037971914  0.00013918328  7.8352762e-05  5.4871866e-05  -0.00015452823  0.00010812360  -9.1936448e-06  1.7370738e-05  0.00019123978  6.0872768e-06  -6.1057802e-05  -9.9448512e-06  -5.3358530e-05  -0.00015620957  -0.00011586338  -0.00013596881  3.0397659e-05  6.0158762e-05  5.8696869e-05  4.8489034e-06  0.00010551998  -2.1766606e-05  -9.9029208e-05  -0.0019303020  -0.00025575951  0.0014146724  0.0043373960  0.0000000   -0.0054565387  0.0017983151  -0.00069372053  0.00037971914  0.00013918328  7.8352762e-05  5.4871866e-05  -0.00015452823  0.00010812360  -9.1936448e-06  1.7370738e-05  0.00019123978  6.0872768e-06  -6.1057802e-05  -9.9448512e-06  -5.3358530e-05  -0.00015620957  -0.00011586338  -0.00013596881  3.0397659e-05  6.0158762e-05  5.8696869e-05  4.8489034e-06  0.00010551998  -2.1766606e-05  -9.9029208e-05  
-0.0014030829  0.00058275693  0.0012116505  -0.010406685  0.0054565387  0.0000000   0.00091924465  -0.00034555163  -0.00058754120  4.1489350e-06  0.00014463149  -0.00011489259  -0.00012205840  8.3454120e-05  -0.00011042383  -8.7178269e-06  6.6061483e-05  -6.2328171e-05  -5.2563257e-06  -4.5069197e-05  -6.7794689e-05  -2.5087674e-05  -4.6657053e-05  0.00017773096  -0.00014679979  4.4173165e-05  -7.2954323e-05  3.8914286e-05  -0.00011302538  -5.1005103e-05  -5.8946310e-05  -0.0014030829  0.00058275693  0.0012116505  -0.010406685  0.0054565387  0.0000000   0.00091924465  -0.00034555163  -0.00058754120  4.1489350e-06  0.00014463149  -0.00011489259  -0.00012205840  8.3454120e-05  -0.00011042383  -8.7178269e-06  6.6061483e-05  -6.2328171e-05  -5.2563257e-06  -4.5069197e-05  -6.7794689e-05  -2.5087674e-05  -4.6657053e-05  0.00017773096  -0.00014679979  4.4173165e-05  -7.2954323e-05  3.8914286e-05  -0.00011302538  -5.1005103e-05  -5.8946310e-05  
-0.00023693400  -0.00046265317  0.00020448032  -0.0010038233  -0.0017983151  -0.00091924465  0.0000000   -3.0908219e-05  -6.4379995e-06  -2.7339729e-05  4.6547255e-05  4.6296048e-06  0.00061406732  -6.2045008e-05  4.1969807e-06  2.3084991e-05  -2.9604176e-05  -2.2434751e-05  0.00028692602  -2.8476199e-05  -0.00014039275  -0.00017137568  3.7567101e-05  5.5241938e-07  -1.1234351e-05  -0.00015702017  1.3612462e-05  7.4760383e-06  -1.6864240e-05  0.00014918982  5.3334386e-05  -0.00023693400  -0.00046265317  0.00020448032  -0.0010038233  -0.0017983151  -0.00091924465  0.0000000   -3.0908219e-05  -6.4379995e-06  -2.7339729e-05  4.6547255e-05  4.6296048e-06  0.00061406732  -6.2045008e-05  4.1969807e-06  2.3084991e-05  -2.9604176e-05  -2.2434751e-05  0.00028692602  -2.8476199e-05  -0.00014039275  -0.00017137568  3.7567101e-05  5.5241938e-07  -1.1234351e-05  -0.00015702017  1.3612462e-05  7.4760383e-06  -1.6864240e-05  0.00014918982  5.3334386e-05  
0.00061146782  3.9690155e-05  -0.00036295332  0.00029940643  0.00069372053  0.00034555163  3.0908219e-05  0.0000000   3.9852335e-05  -0.00052531548  -1.9929801e-05  -1.5156880e-05  3.9755368e-05  -0.00050668488  -2.6506578e-06  3.6791373e-05  -0.00010498330  -1.0686022e-05  2.5990412e-05  4.4241360e-06  0.00019817308  2.2558955e-05  -4.1902469e-05  1.3608623e-05  -3.5605652e-06  0.00010320749  -5.6657246e-06  8.0840991e-06  5.0971708e-07  4.3601502e-05  6.1888088e-05  0.00061146782  3.9690155e-05  -0.00036295332  0.00029940643  0.00069372053  0.00034555163  3.0908219e-05  0.0000000   3.9852335e-05  -0.00052531548  -1.9929801e-05  -1.5156880e-05  3.9755368e-05  -0.00050668488  -2.6506578e-06  3.6791373e-05  -0.00010498330  -1.0686022e-05  2.5990412e-05  4.4241360e-06  0.00019817308  2.2558955e-05  -4.1902469e-05  1.3608623e-05  -3.5605652e-06  0.00010320749  -5.6657246e-06  8.0840991e-06  5.0971708e-07  4.3601502e-05  6.1888088e-05  
3.2068726e-05  -7.8056316e-05  -7.0604378e-05  0.00029931074  -0.00037971914  0.00058754120  6.4379995e-06  -3.9852335e-05  0.0000000   -2.1222947e-05  -0.00027963057  0.00040307214  -5.4868637e-05  -1.6700142e-05  -7.5842789e-05  -0.00095728506  1.3542016e-05  0.00024389553  4.0732679e-05  0.00017911147  -1.9576923e-05  -2.4696190e-05  -2.3684021e-05  -9.5497418e-05  0.00019244515  -3.7775046e-06  -2.3911967e-05  -3.6622630e-05  -9.1718426e-06  1.5507954e-05  1.5989890e-05  3.2068726e-05  -7.8056316e-05  -7.0604378e-05  0.00029931074  -0.00037971914  0.00058754120  6.4379995e-06  -3.9852335e-05  0.0000000   -2.1222947e-05  -0.00027963057  0.00040307214  -5.4868637e-05  -1.6700142e-05  -7.5842789e-05  -0.00095728506  1.3542016e-05  0.00024389553  4.0732679e-05  0.00017911147  -1.9576923e-05  -2.4696190e-05  -2.3684021e-05  -9.5497418e-05  0.00019244515  -3.7775046e-06  -2.3911967e-05  -3.6622630e-05  -9.1718426e-06  1.5507954e-05  1.5989890e-05  
0.00013823090  -0.00021865947  6.2680712e-05  -5.4460522e-05  -0.00013918328  -4.1489350e-06  2.7339729e-05  0.00052531548  2.1222947e-05  0.0000000   -8.5329240e-05  5.1848879e-05  0.00056460949  -0.00059381109  1.7647291e-05  -8.1786771e-05  2.9462367e-05  2.5536403e-05  -0.00017324226  3.5633638e-05  0.00016491003  2.2370139e-05  0.00023783621  -3.4377405e-05  3.9010208e-06  -0.00010814539  2.9173495e-06  9.3818758e-06  -1.4132339e-05  -0.00011469721  3.3533998e-05  0.00013823090  -0.00021865947  6.2680712e-05  -5.4460522e-05  -0.00013918328  -4.1489350e-06  2.7339729e-05  0.00052531548  2.1222947e-05  0.0000000   -8.5329240e-05  5.1848879e-05  0.00056460949  -0.00059381109  1.7647291e-05  -8.1786771e-05  2.9462367e-05  2.5536403e-05  -0.00017324226  3.5633638e-05  0.00016491003  2.2370139e-05  0.00023783621  -3.4377405e-05  3.9010208e-06  -0.00010814539  2.9173495e-06  9.3818758e-06  -1.4132339e-05  -0.00011469721  3.3533998e-05  
-3.1774611e-05  2.2785128e-06  -1.6057054e-05  0.00025260734  -7.8352762e-05  -0.00014463149  -4.6547255e-05  1.9929801e-05  0.00027963057  8.5329240e-05  0.0000000   -0.0029772518  3.9830715e-05  4.0258036e-05  -0.00022379781  -0.00056102255  4.3779782e-05  -0.00046026975  -1.0236215e-05  0.00014529433  -4.6319749e-05  -2.1350094e-05  4.6586876e-06  0.00036140758  -0.00014866881  3.4912409e-06  9.1502785e-05  1.7506042e-05  -0.00013521960  -8.2415201e-06  -4.0116231e-05  -3.1774611e-05  2.2785128e-06  -1.6057054e-05  0.00025260734  -7.8352762e-05  -0.00014463149  -4.6547255e-05  1.9929801e-05  0.00027963057  8.5329240e-05  0.0000000   -0.0029772518  3.9830715e-05  4.0258036e-05  -0.00022379781  -0.00056102255  4.3779782e-05  -0.00046026975  -1.0236215e-05  0.00014529433  -4.6319749e-05  -2.1350094e-05  4.6586876e-06  0.00036140758  -0.00014866881  3.4912409e-06  9.1502785e-05  1.7506042e-05  -0.00013521960  -8.2415201e-06  -4.0116231e-05  
