0.0000000   -0.0072001830  0.00077928812  -0.00040934195  -0.00016140669  0.00058020619  -0.00011054754  -0.00014586260  -0.00032047468  3.0917334e-06  -0.00015211648  0.00041110296  -1.6920506e-06  4.0692177e-05  -2.9869513e-06  0.00010161173  -0.00014985772  0.00013564089  2.4551566e-06  3.6939242e-05  -1.5382624e-05  -0.00010996842  5.6135152e-05  -8.1493105e-06  -8.1669566e-05  -0.00018870059  -4.4252931e-05  1.9890861e-06  -8.3931664e-06  1.0863141e-05  2.5740051e-05  0.0000000   -0.0072001830  0.00077928812  -0.00040934195  -0.00016140669  0.00058020619  -0.00011054754  -0.00014586260  -0.00032047468  3.0917334e-06  -0.00015211648  0.00041110296  -1.6920506e-06  4.0692177e-05  -2.9869513e-06  0.00010161173  -0.00014985772  0.00013564089  2.4551566e-06  3.6939242e-05  -1.5382624e-05  -0.00010996842  5.6135152e-05  -8.1493105e-06  -8.1669566e-05  -0.00018870059  -4.4252931e-05  1.9890861e-06  -8.3931664e-06  1.0863141e-05  2.5740051e-05  
0.0072001830  0.0000000   -0.0012334646  -0.0028031816  -5.5920940e-05  0.0010206050  -0.00013757400  0.00010195503  0.00018950255  9.6189941e-05  0.00022351064  0.00028958582  -6.6374908e-05  -2.2198749e-05  -6.0901690e-06  -0.00012242734  0.00026978760  -0.00012514712  -1.6858568e-05  -7.3195392e-05  1.2847672e-05  0.00013031524  -4.2083905e-05  2.1783220e-05  -6.7900485e-05  1.7042305e-05  9.5613332e-05  -9.5068275e-06  3.4118865e-05  4.7975515e-05  -1.4206066e-05  0.0072001830  0.0000000   -0.0012334646  -0.0028031816  -5.5920940e-05  0.0010206050  -0.00013757400  0.00010195503  0.00018950255  9.6189941e-05  0.00022351064  0.00028958582  -6.6374908e-05  -2.2198749e-05  -6.0901690e-06  -0.00012242734  0.00026978760  -0.00012514712  -1.6858568e-05  -7.3195392e-05  1.2847672e-05  0.00013031524  -4.2083905e-05  2.1783220e-05  -6.7900485e-05  1.7042305e-05  9.5613332e-05  -9.5068275e-06  3.4118865e-05  4.7975515e-05  -1.4206066e-05  
-0.00077928812  0.0012334646  0.0000000   -0.0019508511  -1.3803909e-05  0.00050589473  -5.5698260e-05  -1.5197668e-06  0.00040248676  3.5556053e-05  0.00027727646  4.0619922e-06  -0.00021909273  1.4070010e-05  -1.3000793e-05  -0.00013384595  0.00025488964  -3.8568391e-05  -1.8559984e-05  3.9712498e-05  -4.4781940e-06  0.00012160243  -5.0112975e-05  3.0586942e-05  -5.7028151e-05  0.00024992610  7.6380935e-05  -5.5470295e-06  1.4322870e-05  2.3591477e-05  -3.6007661e-06  -0.00077928812  0.0012334646  0.0000000   -0.0019508511  -1.3803909e-05  0.00050589473  -5.5698260e-05  -1.5197668e-06  0.00040248676  3.5556053e-05  0.00027727646  4.0619922e-06  -0.00021909273  1.4070010e-05  -1.3000793e-05  -0.00013384595  0.00025488964  -3.8568391e-05  -1.8559984e-05  3.9712498e-05  -4.4781940e-06  0.00012160243  -5.0112975e-05  3.0586942e-05  -5.7028151e-05  0.00024992610  7.6380935e-05  -5.5470295e-06  1.4322870e-05  2.3591477e-05  -3.6007661e-06  
0.00040934195  0.0028031816  0.0019508511  0.0000000   -0.00010760584  0.0024163010  -0.00021572176  -4.0356724e-05  0.00036440093  5.3227188e-06  1.4259335e-05  -0.00021952136  7.3757539e-05  -2.2117692e-05  2.1881576e-06  5.9397674e-05  7.7740508e-05  -0.00014227830  -1.2811104e-05  -1.0280553e-05  1.1439450e-05  -4.0772199e-05  8.0382858e-06  8.9997687e-06  -3.7165028e-05  5.7885766e-05  5.5548295e-05  -1.4870514e-05  -2.6140490e-05  -7.4595425e-05  5.4264425e-06  0.00040934195  0.0028031816  0.0019508511  0.0000000   -0.00010760584  0.0024163010  -0.00021572176  -4.0356724e-05  0.00036440093  5.3227188e-06  1.4259335e-05  -0.00021952136  7.3757539e-05  -2.2117692e-05  2.1881576e-06  5.9397674e-05  7.7740508e-05  -0.00014227830  -1.2811104e-05  -1.0280553e-05  1.1439450e-05  -4.0772199e-05  8.0382858e-06  8.9997687e-06  -3.7165028e-05  5.7885766e-05  5.5548295e-05  -1.4870514e-05  -2.6140490e-05  -7.4595425e-05  5.4264425e-06  
0.00016140669  5.5920940e-05  1.3803909e-05  0.00010760584  0.0000000   2.8750323e-05  0.00015938484  -3.3615896e-05  9.4815876e-05  0.00065458782  -1.7741622e-05  3.5005555e-05  -5.5810729e-06  -0.00015235540  0.00045072011  -3.3106010e-05  -1.9169020e-05  -1.6000551e-05  9.5206216e-05  2.3273768e-08  -2.0590872e-05  -8.0706230e-06  -3.2151204e-05  1.3203872e-05  -9.6857311e-07  -1.3095575e-05  -1.7172997e-05  -9.2464070e-05  9.1978557e-05  -1.7566295e-05  -7.4204513e-05  0.00016140669  5.5920940e-05  1.3803909e-05  0.00010760584  0.0000000   2.8750323e-05  0.00015938484  -3.3615896e-05  9.4815876e-05  0.00065458782  -1.7741622e-05  3.5005555e-05  -5.5810729e-06  -0.00015235540  0.00045072011  -3.3106010e-05  -1.9169020e-05  -1.6000551e-05  9.5206216e-05  2.3273768e-08  -2.0590872e-05  -8.0706230e-06  -3.2151204e-05  1.3203872e-05  -9.6857311e-07  -1.3095575e-05  -1.7172997e-05  -9.2464070e-05  9.1978557e-05  -1.7566295e-05  -7.4204513e-05  
-0.00058020619  -0.0010206050  -0.00050589473  -0.0024163010  -2.8750323e-05  0.0000000   -2.7444163e-05  0.00012838877  -0.00057695058  -4.5425192e-05  0.00039356309  -0.00057342880  -0.00013095433  -2.9192808e-05  -7.2495875e-05  0.00034924488  0.00021764195  0.00015800086  -2.5310768e-05  0.00014404657  -4.0441308e-05  6.7654566e-06  0.00015192155  -2.8311645e-05  4.5822542e-05  7.5148115e-05  0.00010645771  -2.0950610e-05  -3.5823730e-05  -0.00016237575  1.5344772e-05  -0.00058020619  -0.0010206050  -0.00050589473  -0.0024163010  -2.8750323e-05  0.0000000   -2.7444163e-05  0.00012838877  -0.00057695058  -4.5425192e-05  0.00039356309  -0.00057342880  -0.00013095433  -2.9192808e-05  -7.2495875e-05  0.00034924488  0.00021764195  0.00015800086  -2.5310768e-05  0.00014404657  -4.0441308e-05  6.7654566e-06  0.00015192155  -2.8311645e-05  4.5822542e-05  7.5148115e-05  0.00010645771  -2.0950610e-05  -3.5823730e-05  -0.00016237575  1.5344772e-05  
0.00011054754  0.00013757400  5.5698260e-05  0.00021572176  -0.00015938484  2.7444163e-05  0.0000000   0.0015564761  -5.7076846e-05  -0.0017309045  -3.3769788e-06  0.00010667404  1.7387483e-06  0.00035984348  -0.00073906104  -4.3215470e-05  1.3805164e-05  -3.3881629e-05  -0.00016768875  -6.4131342e-05  -0.00030283802  -4.1878535e-07  -1.2421539e-05  -0.00011450354  -4.6140006e-05  -2.0414417e-06  -1.2817787e-05  -5.5750637e-05  5.4809621e-05  5.8109258e-06  2.7986130e-05  0.00011054754  0.00013757400  5.5698260e-05  0.00021572176  -0.00015938484  2.7444163e-05  0.0000000   0.0015564761  -5.7076846e-05  -0.0017309045  -3.3769788e-06  0.00010667404  1.7387483e-06  0.00035984348  -0.00073906104  -4.3215470e-05  1.3805164e-05  -3.3881629e-05  -0.00016768875  -6.4131342e-05  -0.00030283802  -4.1878535e-07  -1.2421539e-05  -0.00011450354  -4.6140006e-05  -2.0414417e-06  -1.2817787e-05  -5.5750637e-05  5.4809621e-05  5.8109258e-06  2.7986130e-05  
0.00014586260  -0.00010195503  1.5197668e-06  4.0356724e-05  3.3615896e-05  -0.00012838877  -0.0015564761  0.0000000   -4.9056075e-05  0.0017781571  -0.00024072553  -6.5456659e-05  -1.6954009e-06  -0.00046104242  -0.00020775710  2.4672622e-05  -4.2313222e-05  -1.1288294e-05  0.00013024103  -2.1255198e-05  0.00020086077  1.0203758e-05  9.8367569e-07  1.3252441e-05  8.5656808e-06  -2.4930792e-06  2.0960120e-05  8.4713287e-05  1.6329096e-05  -4.4408466e-07  1.4715310e-05  0.00014586260  -0.00010195503  1.5197668e-06  4.0356724e-05  3.3615896e-05  -0.00012838877  -0.0015564761  0.0000000   -4.9056075e-05  0.0017781571  -0.00024072553  -6.5456659e-05  -1.6954009e-06  -0.00046104242  -0.00020775710  2.4672622e-05  -4.2313222e-05  -1.1288294e-05  0.00013024103  -2.1255198e-05  0.00020086077  1.0203758e-05  9.8367569e-07  1.3252441e-05  8.5656808e-06  -2.4930792e-06  2.0960120e-05  8.4713287e-05  1.6329096e-05  -4.4408466e-07  1.4715310e-05  
0.00032047468  -0.00018950255  -0.00040248676  -0.00036440093  -9.4815876e-05  0.00057695058  5.7076846e-05  4.9056075e-05  0.0000000   -0.00015246441  -0.0021804098  -0.00090225115  -0.00035840466  2.1016024e-05  -5.7034987e-05  0.00089976702  -0.00047952693  0.00011264796  1.1868727e-05  0.00017327114  -7.6167809e-06  7.8058350e-06  0.00022983337  -6.0875694e-06  6.0696398e-06  -0.00026495251  0.00011506581  -1.8311898e-05  2.6643931e-05  2.2414089e-05  8.5079284e-06  0.00032047468  -0.00018950255  -0.00040248676  -0.00036440093  -9.4815876e-05  0.00057695058  5.7076846e-05  4.9056075e-05  0.0000000   -0.00015246441  -0.0021804098  -0.00090225115  -0.00035840466  2.1016024e-05  -5.7034987e-05  0.00089976702  -0.00047952693  0.00011264796  1.1868727e-05  0.00017327114  -7.6167809e-06  7.8058350e-06  0.00022983337  -6.0875694e-06  6.0696398e-06  -0.00026495251  0.00011506581  -1.8311898e-05  2.6643931e-05  2.2414089e-05  8.5079284e-06  
-3.0917334e-06  -9.6189941e-05  -3.5556053e-05  -5.3227188e-06  -0.00065458782  4.5425192e-05  0.0017309045  -0.0017781571  0.00015246441  0.0000000   -2.6063163e-05  2.3244793e-05  8.5090405e-05  0.00050224707  0.00027954103  4.2394434e-05  -3.6602923e-06  3.6616422e-05  0.00011273432  9.8956328e-06  0.00019130447  -5.9851103e-07  1.3305075e-05  -0.00012953318  -8.2740014e-05  -4.1216238e-07  7.6665500e-06  -7.1273497e-05  4.1167944e-05  -1.0568163e-05  2.7746113e-05  -3.0917334e-06  -9.6189941e-05  -3.5556053e-05  -5.3227188e-06  -0.00065458782  4.5425192e-05  0.0017309045  -0.0017781571  0.00015246441  0.0000000   -2.6063163e-05  2.3244793e-05  8.5090405e-05  0.00050224707  0.00027954103  4.2394434e-05  -3.6602923e-06  3.6616422e-05  0.00011273432  9.8956328e-06  0.00019130447  -5.9851103e-07  1.3305075e-05  -0.00012953318  -8.2740014e-05  -4.1216238e-07  7.6665500e-06  -7.1273497e-05  4.1167944e-05  -1.0568163e-05  2.7746113e-05  
0.00015211648  -0.00022351064  -0.00027727646  -1.4259335e-05  1.7741622e-05  -0.00039356309  3.3769788e-06  0.00024072553  0.0021804098  2.6063163e-05  0.0000000   -0.00085543871  0.00053431730  -3.3894642e-05  -2.5169800e-05  -0.00019497313  -0.00038299703  0.00049332249  -1.5570001e-05  0.00024214224  5.1298000e-06  0.00056804162  0.00020127006  3.1932570e-05  -0.00013954055  -5.2284818e-05  0.00016618548  -1.6360764e-05  -1.8654523e-05  -4.1416752e-05  3.9063590e-06  0.00015211648  -0.00022351064  -0.00027727646  -1.4259335e-05  1.7741622e-05  -0.00039356309  3.3769788e-06  0.00024072553  0.0021804098  2.6063163e-05  0.0000000   -0.00085543871  0.00053431730  -3.3894642e-05  -2.5169800e-05  -0.00019497313  -0.00038299703  0.00049332249  -1.5570001e-05  0.00024214224  5.1298000e-06  0.00056804162  0.00020127006  3.1932570e-05  -0.00013954055  -5.2284818e-05  0.00016618548  -1.6360764e-05  -1.8654523e-05  -4.1416752e-05  3.9063590e-06  
-0.00041110296  -0.00028958582  -4.0619922e-06  0.00021952136  -3.5005555e-05  0.00057342880  -0.00010667404  6.5456659e-05  0.00090225115  -2.3244793e-05  0.00085543871  0.0000000   0.0025253610  9.3792770e-06  5.6643210e-05  -0.00021393365  0.00071210819  1.3818474e-05  -2.2962738e-05  -0.00039086137  2.6325537e-06  0.00021274272  4.8394040e-05  -6.0557156e-05  0.00019068210  8.4075472e-05  7.7797496e-06  -1.6077990e-06  2.6590579e-05  7.0091712e-05  1.5867550e-05  -0.00041110296  -0.00028958582  -4.0619922e-06  0.00021952136  -3.5005555e-05  0.00057342880  -0.00010667404  6.5456659e-05  0.00090225115  -2.3244793e-05  0.00085543871  0.0000000   0.0025253610  9.3792770e-06  5.6643210e-05  -0.00021393365  0.00071210819  1.3818474e-05  -2.2962738e-05  -0.00039086137  2.6325537e-06  0.00021274272  4.8394040e-05  -6.0557156e-05  0.00019068210  8.4075472e-05  7.7797496e-06  -1.6077990e-06  2.6590579e-05  7.0091712e-05  1.5867550e-05  
1.6920506e-06  6.6374908e-05  0.00021909273  -7.3757539e-05  5.5810729e-06  0.00013095433  -1.7387483e-06  1.6954009e-06  0.00035840466  -8.5090405e-05  -0.00053431730  -0.0025253610  0.0000000   6.3675649e-05  4.9257561e-05  -0.00076731378  -0.00014039685  -0.00037275662  2.1608123e-06  -0.00015598402  4.7332886e-06  -2.4305567e-05  -0.00034622755  7.9618041e-05  -0.00023299780  0.00011603698  -0.00016186348  -3.2391047e-06  -2.2321552e-05  -0.00012382132  2.0182142e-05  1.6920506e-06  6.6374908e-05  0.00021909273  -7.3757539e-05  5.5810729e-06  0.00013095433  -1.7387483e-06  1.6954009e-06  0.00035840466  -8.5090405e-05  -0.00053431730  -0.0025253610  0.0000000   6.3675649e-05  4.9257561e-05  -0.00076731378  -0.00014039685  -0.00037275662  2.1608123e-06  -0.00015598402  4.7332886e-06  -2.4305567e-05  -0.00034622755  7.9618041e-05  -0.00023299780  0.00011603698  -0.00016186348  -3.2391047e-06  -2.2321552e-05  -0.00012382132  2.0182142e-05  
-4.0692177e-05  2.2198749e-05  -1.4070010e-05  2.2117692e-05  0.00015235540  2.9192808e-05  -0.00035984348  0.00046104242  -2.1016024e-05  -0.00050224707  3.3894642e-05  -9.3792770e-06  -6.3675649e-05  0.0000000   0.0018832603  8.2940505e-05  -4.7111396e-05  0.00011053435  0.00044747097  4.0674583e-05  -0.00067239227  -8.3039512e-07  1.6292471e-05  -0.00027749544  -8.6268643e-05  7.6121732e-06  6.2820554e-06  -7.7449500e-06  -0.00026810653  0.00010681912  0.00012844559  -4.0692177e-05  2.2198749e-05  -1.4070010e-05  2.2117692e-05  0.00015235540  2.9192808e-05  -0.00035984348  0.00046104242  -2.1016024e-05  -0.00050224707  3.3894642e-05  -9.3792770e-06  -6.3675649e-05  0.0000000   0.0018832603  8.2940505e-05  -4.7111396e-05  0.00011053435  0.00044747097  4.0674583e-05  -0.00067239227  -8.3039512e-07  1.6292471e-05  -0.00027749544  -8.6268643e-05  7.6121732e-06  6.2820554e-06  -7.7449500e-06  -0.00026810653  0.00010681912  0.00012844559  
2.9869513e-06  6.0901690e-06  1.3000793e-05  -2.1881576e-06  -0.00045072011  7.2495875e-05  0.00073906104  0.00020775710  5.7034987e-05  -0.00027954103  2.5169800e-05  -5.6643210e-05  -4.9257561e-05  -0.0018832603  0.0000000   -3.6766827e-05  -3.8618521e-05  -9.4295148e-05  -0.00012806977  -7.6840158e-05  0.00022435439  -2.2188402e-05  -6.7873120e-06  0.00015838157  5.5585905e-05  -3.7254105e-05  3.2803102e-06  0.00017020776  -0.00016949746  6.7204449e-05  2.2158636e-05  2.9869513e-06  6.0901690e-06  1.3000793e-05  -2.1881576e-06  -0.00045072011  7.2495875e-05  0.00073906104  0.00020775710  5.7034987e-05  -0.00027954103  2.5169800e-05  -5.6643210e-05  -4.9257561e-05  -0.0018832603  0.0000000   -3.6766827e-05  -3.8618521e-05  -9.4295148e-05  -0.00012806977  -7.6840158e-05  0.00022435439  -2.2188402e-05  -6.7873120e-06  0.00015838157  5.5585905e-05  -3.7254105e-05  3.2803102e-06  0.00017020776  -0.00016949746  6.7204449e-05  2.2158636e-05  
-0.00010161173  0.00012242734  0.00013384595  -5.9397674e-05  3.3106010e-05  -0.00034924488  4.3215470e-05  -2.4672622e-05  -0.00089976702  -4.2394434e-05  0.00019497313  0.00021393365  0.00076731378  -8.2940505e-05  3.6766827e-05  0.0000000   -0.00074341325  3.8871784e-05  1.8477497e-05  -0.00032127736  3.0136677e-05  -0.00018968875  0.00017423202  0.00012346261  -0.00030322669  0.00019992478  4.2595880e-05  -2.9670144e-06  -1.2308425e-05  3.7973517e-05  7.9489575e-07  -0.00010161173  0.00012242734  0.00013384595  -5.9397674e-05  3.3106010e-05  -0.00034924488  4.3215470e-05  -2.4672622e-05  -0.00089976702  -4.2394434e-05  0.00019497313  0.00021393365  0.00076731378  -8.2940505e-05  3.6766827e-05  0.0000000   -0.00074341325  3.8871784e-05  1.8477497e-05  -0.00032127736  3.0136677e-05  -0.00018968875  0.00017423202  0.00012346261  -0.00030322669  0.00019992478  4.2595880e-05  -2.9670144e-06  -1.2308425e-05  3.7973517e-05  7.9489575e-07  
0.00014985772  -0.00026978760  -0.00025488964  -7.7740508e-05  1.9169020e-05  -0.00021764195  -1.3805164e-05  4.2313222e-05  0.00047952693  3.6602923e-06  0.00038299703  -0.00071210819  0.00014039685  4.7111396e-05  3.8618521e-05  0.00074341325  0.0000000   -0.0016983626  5.4604745e-05  -2.5221376e-05  -7.6828765e-05  -0.00027088413  -0.00092396621  0.00020128309  -0.00040107193  -0.00081508077  -4.5285944e-05  1.4718111e-05  -1.7791064e-06  -2.3756237e-05  -4.7330392e-06  0.00014985772  -0.00026978760  -0.00025488964  -7.7740508e-05  1.9169020e-05  -0.00021764195  -1.3805164e-05  4.2313222e-05  0.00047952693  3.6602923e-06  0.00038299703  -0.00071210819  0.00014039685  4.7111396e-05  3.8618521e-05  0.00074341325  0.0000000   -0.0016983626  5.4604745e-05  -2.5221376e-05  -7.6828765e-05  -0.00027088413  -0.00092396621  0.00020128309  -0.00040107193  -0.00081508077  -4.5285944e-05  1.4718111e-05  -1.7791064e-06  -2.3756237e-05  -4.7330392e-06  
-0.00013564089  0.00012514712  3.8568391e-05  0.00014227830  1.6000551e-05  -0.00015800086  3.3881629e-05  1.1288294e-05  -0.00011264796  -3.6616422e-05  -0.00049332249  -1.3818474e-05  0.00037275662  -0.00011053435  9.4295148e-05  -3.8871784e-05  0.0016983626  0.0000000   -9.8007403e-05  0.00046395559  -4.0054771e-05  7.3336015e-05  -0.00047079440  6.8593520e-05  -0.00013002236  0.00010309466  -0.00023136670  3.4565283e-05  3.8978345e-05  0.00014353460  -4.7405307e-06  -0.00013564089  0.00012514712  3.8568391e-05  0.00014227830  1.6000551e-05  -0.00015800086  3.3881629e-05  1.1288294e-05  -0.00011264796  -3.6616422e-05  -0.00049332249  -1.3818474e-05  0.00037275662  -0.00011053435  9.4295148e-05  -3.8871784e-05  0.0016983626  0.0000000   -9.8007403e-05  0.00046395559  -4.0054771e-05  7.3336015e-05  -0.00047079440  6.8593520e-05  -0.00013002236  0.00010309466  -0.00023136670  3.4565283e-05  3.8978345e-05  0.00014353460  -4.7405307e-06  
-2.4551566e-06  1.6858568e-05  1.8559984e-05  1.2811104e-05  -9.5206216e-05  2.5310768e-05  0.00016768875  -0.00013024103  -1.1868727e-05  -0.00011273432  1.5570001e-05  2.2962738e-05  -2.1608123e-06  -0.00044747097  0.00012806977  -1.8477497e-05  -5.4604745e-05  9.8007403e-05  0.0000000   -6.7179037e-06  -0.0018205978  -7.8524315e-05  9.8425370e-06  0.00018140018  8.1595362e-05  8.7381064e-06  -3.4370194e-05  6.3572093e-05  7.0286274e-05  -2.5099238e-05  0.00011354970  -2.4551566e-06  1.6858568e-05  1.8559984e-05  1.2811104e-05  -9.5206216e-05  2.5310768e-05  0.00016768875  -0.00013024103  -1.1868727e-05  -0.00011273432  1.5570001e-05  2.2962738e-05  -2.1608123e-06  -0.00044747097  0.00012806977  -1.8477497e-05  -5.4604745e-05  9.8007403e-05  0.0000000   -6.7179037e-06  -0.0018205978  -7.8524315e-05  9.8425370e-06  0.00018140018  8.1595362e-05  8.7381064e-06  -3.4370194e-05  6.3572093e-05  7.0286274e-05  -2.5099238e-05  0.00011354970  
-3.6939242e-05  7.3195392e-05  -3.9712498e-05  1.0280553e-05  -2.3273768e-08  -0.00014404657  6.4131342e-05  2.1255198e-05  -0.00017327114  -9.8956328e-06  -0.00024214224  0.00039086137  0.00015598402  -4.0674583e-05  7.6840158e-05  0.00032127736  2.5221376e-05  -0.00046395559  6.7179037e-06  0.0000000   -6.2573061e-06  0.0040639668  0.00066391453  4.2343683e-05  -0.00033245297  0.00036165047  0.00049421168  -2.5897235e-05  9.5546790e-06  6.3217180e-05  -4.2429914e-06  -3.6939242e-05  7.3195392e-05  -3.9712498e-05  1.0280553e-05  -2.3273768e-08  -0.00014404657  6.4131342e-05  2.1255198e-05  -0.00017327114  -9.8956328e-06  -0.00024214224  0.00039086137  0.00015598402  -4.0674583e-05  7.6840158e-05  0.00032127736  2.5221376e-05  -0.00046395559  6.7179037e-06  0.0000000   -6.2573061e-06  0.0040639668  0.00066391453  4.2343683e-05  -0.00033245297  0.00036165047  0.00049421168  -2.5897235e-05  9.5546790e-06  6.3217180e-05  -4.2429914e-06  
1.5382624e-05  -1.2847672e-05  4.4781940e-06  -1.1439450e-05  2.0590872e-05  4.0441308e-05  0.00030283802  -0.00020086077  7.6167809e-06  -0.00019130447  -5.1298000e-06  -2.6325537e-06  -4.7332886e-06  0.00067239227  -0.00022435439  -3.0136677e-05  7.6828765e-05  4.0054771e-05  0.0018205978  6.2573061e-06  0.0000000   1.4721957e-05  5.5832553e-05  0.0012331704  0.00044798367  -1.8842879e-05  -1.1661405e-05  -3.3838575e-05  0.00019571703  -5.2569553e-05  0.00017991722  1.5382624e-05  -1.2847672e-05  4.4781940e-06  -1.1439450e-05  2.0590872e-05  4.0441308e-05  0.00030283802  -0.00020086077  7.6167809e-06  -0.00019130447  -5.1298000e-06  -2.6325537e-06  -4.7332886e-06  0.00067239227  -0.00022435439  -3.0136677e-05  7.6828765e-05  4.0054771e-05  0.0018205978  6.2573061e-06  0.0000000   1.4721957e-05  5.5832553e-05  0.0012331704  0.00044798367  -1.8842879e-05  -1.1661405e-05  -3.3838575e-05  0.00019571703  -5.2569553e-05  0.00017991722  
0.00010996842  -0.00013031524  -0.00012160243  4.0772199e-05  8.0706230e-06  -6.7654566e-06  4.1878535e-07  -1.0203758e-05  -7.8058350e-06  5.9851103e-07  -0.00056804162  -0.00021274272  2.4305567e-05  8.3039512e-07  2.2188402e-05  0.00018968875  0.00027088413  -7.3336015e-05  7.8524315e-05  -0.0040639668  -1.4721957e-05  0.0000000   0.00099525147  0.00044934835  -0.0014136679  9.3431783e-05  0.00035711278  -2.8275088e-05  9.9110212e-05  0.00026962324  9.5855925e-06  0.00010996842  -0.00013031524  -0.00012160243  4.0772199e-05  8.0706230e-06  -6.7654566e-06  4.1878535e-07  -1.0203758e-05  -7.8058350e-06  5.9851103e-07  -0.00056804162  -0.00021274272  2.4305567e-05  8.3039512e-07  2.2188402e-05  0.00018968875  0.00027088413  -7.3336015e-05  7.8524315e-05  -0.0040639668  -1.4721957e-05  0.0000000   0.00099525147  0.00044934835  -0.0014136679  9.3431783e-05  0.00035711278  -2.8275088e-05  9.9110212e-05  0.00026962324  9.5855925e-06  
-5.6135152e-05  4.2083905e-05  5.0112975e-05  -8.0382858e-06  3.2151204e-05  -0.00015192155  1.2421539e-05  -9.8367569e-07  -0.00022983337  -1.3305075e-05  -0.00020127006  -4.8394040e-05  0.00034622755  -1.6292471e-05  6.7873120e-06  -0.00017423202  0.00092396621  0.00047079440  -9.8425370e-06  -0.00066391453  -5.5832553e-05  -0.00099525147  0.0000000   0.00054747619  -0.0012208747  0.00081533995  0.00036514388  -3.8510216e-05  7.0849906e-05  0.00018262893  -2.9134096e-05  -5.6135152e-05  4.2083905e-05  5.0112975e-05  -8.0382858e-06  3.2151204e-05  -0.00015192155  1.2421539e-05  -9.8367569e-07  -0.00022983337  -1.3305075e-05  -0.00020127006  -4.8394040e-05  0.00034622755  -1.6292471e-05  6.7873120e-06  -0.00017423202  0.00092396621  0.00047079440  -9.8425370e-06  -0.00066391453  -5.5832553e-05  -0.00099525147  0.0000000   0.00054747619  -0.0012208747  0.00081533995  0.00036514388  -3.8510216e-05  7.0849906e-05  0.00018262893  -2.9134096e-05  
8.1493105e-06  -2.1783220e-05  -3.0586942e-05  -8.9997687e-06  -1.3203872e-05  2.8311645e-05  0.00011450354  -1.3252441e-05  6.0875694e-06  0.00012953318  -3.1932570e-05  6.0557156e-05  -7.9618041e-05  0.00027749544  -0.00015838157  -0.00012346261  -0.00020128309  -6.8593520e-05  -0.00018140018  -4.2343683e-05  -0.0012331704  -0.00044934835  -0.00054747619  0.0000000   0.00015506368  0.00066767943  0.00031623030  -0.00079707499  -0.00021942802  0.00015685485  -0.00042236910  8.1493105e-06  -2.1783220e-05  -3.0586942e-05  -8.9997687e-06  -1.3203872e-05  2.8311645e-05  0.00011450354  -1.3252441e-05  6.0875694e-06  0.00012953318  -3.1932570e-05  6.0557156e-05  -7.9618041e-05  0.00027749544  -0.00015838157  -0.00012346261  -0.00020128309  -6.8593520e-05  -0.00018140018  -4.2343683e-05  -0.0012331704  -0.00044934835  -0.00054747619  0.0000000   0.00015506368  0.00066767943  0.00031623030  -0.00079707499  -0.00021942802  0.00015685485  -0.00042236910  
8.1669566e-05  6.7900485e-05  5.7028151e-05  3.7165028e-05  9.6857311e-07  -4.5822542e-05  4.6140006e-05  -8.5656808e-06  -6.0696398e-06  8.2740014e-05  0.00013954055  -0.00019068210  0.00023299780  8.6268643e-05  -5.5585905e-05  0.00030322669  0.00040107193  0.00013002236  -8.1595362e-05  0.00033245297  -0.00044798367  0.0014136679  0.0012208747  -0.00015506368  0.0000000   -0.0017819080  -0.0010926867  -0.00025844661  -0.00021215114  -0.00018388704  -0.00016009086  8.1669566e-05  6.7900485e-05  5.7028151e-05  3.7165028e-05  9.6857311e-07  -4.5822542e-05  4.6140006e-05  -8.5656808e-06  -6.0696398e-06  8.2740014e-05  0.00013954055  -0.00019068210  0.00023299780  8.6268643e-05  -5.5585905e-05  0.00030322669  0.00040107193  0.00013002236  -8.1595362e-05  0.00033245297  -0.00044798367  0.0014136679  0.0012208747  -0.00015506368  0.0000000   -0.0017819080  -0.0010926867  -0.00025844661  -0.00021215114  -0.00018388704  -0.00016009086  
0.00018870059  -1.7042305e-05  -0.00024992610  -5.7885766e-05  1.3095575e-05  -7.5148115e-05  2.0414417e-06  2.4930792e-06  0.00026495251  4.1216238e-07  5.2284818e-05  -8.4075472e-05  -0.00011603698  -7.6121732e-06  3.7254105e-05  -0.00019992478  0.00081508077  -0.00010309466  -8.7381064e-06  -0.00036165047  1.8842879e-05  -9.3431783e-05  -0.00081533995  -0.00066767943  0.0017819080  0.0000000   -0.00094488613  9.9367561e-05  0.00017102384  0.00045017717  -3.9134752e-05  0.00018870059  -1.7042305e-05  -0.00024992610  -5.7885766e-05  1.3095575e-05  -7.5148115e-05  2.0414417e-06  2.4930792e-06  0.00026495251  4.1216238e-07  5.2284818e-05  -8.4075472e-05  -0.00011603698  -7.6121732e-06  3.7254105e-05  -0.00019992478  0.00081508077  -0.00010309466  -8.7381064e-06  -0.00036165047  1.8842879e-05  -9.3431783e-05  -0.00081533995  -0.00066767943  0.0017819080  0.0000000   -0.00094488613  9.9367561e-05  0.00017102384  0.00045017717  -3.9134752e-05  
4.4252931e-05  -9.5613332e-05  -7.6380935e-05  -5.5548295e-05  1.7172997e-05  -0.00010645771  1.2817787e-05  -2.0960120e-05  -0.00011506581  -7.6665500e-06  -0.00016618548  -7.7797496e-06  0.00016186348  -6.2820554e-06  -3.2803102e-06  -4.2595880e-05  4.5285944e-05  0.00023136670  3.4370194e-05  -0.00049421168  1.1661405e-05  -0.00035711278  -0.00036514388  -0.00031623030  0.0010926867  0.00094488613  0.0000000   3.4032617e-05  0.00027162182  0.00049139698  5.0023417e-05  4.4252931e-05  -9.5613332e-05  -7.6380935e-05  -5.5548295e-05  1.7172997e-05  -0.00010645771  1.2817787e-05  -2.0960120e-05  -0.00011506581  -7.6665500e-06  -0.00016618548  -7.7797496e-06  0.00016186348  -6.2820554e-06  -3.2803102e-06  -4.2595880e-05  4.5285944e-05  0.00023136670  3.4370194e-05  -0.00049421168  1.1661405e-05  -0.00035711278  -0.00036514388  -0.00031623030  0.0010926867  0.00094488613  0.0000000   3.4032617e-05  0.00027162182  0.00049139698  5.0023417e-05  
-1.9890861e-06  9.5068275e-06  5.5470295e-06  1.4870514e-05  9.2464070e-05  2.0950610e-05  5.5750637e-05  -8.4713287e-05  1.8311898e-05  7.1273497e-05  1.6360764e-05  1.6077990e-06  3.2391047e-06  7.7449500e-06  -0.00017020776  2.9670144e-06  -1.4718111e-05  -3.4565283e-05  -6.3572093e-05  2.5897235e-05  3.3838575e-05  2.8275088e-05  3.8510216e-05  0.00079707499  0.00025844661  -9.9367561e-05  -3.4032617e-05  0.0000000   0.0018203107  -0.00055327423  0.0016876344  -1.9890861e-06  9.5068275e-06  5.5470295e-06  1.4870514e-05  9.2464070e-05  2.0950610e-05  5.5750637e-05  -8.4713287e-05  1.8311898e-05  7.1273497e-05  1.6360764e-05  1.6077990e-06  3.2391047e-06  7.7449500e-06  -0.00017020776  2.9670144e-06  -1.4718111e-05  -3.4565283e-05  -6.3572093e-05  2.5897235e-05  3.3838575e-05  2.8275088e-05  3.8510216e-05  0.00079707499  0.00025844661  -9.9367561e-05  -3.4032617e-05  0.0000000   0.0018203107  -0.00055327423  0.0016876344  
8.3931664e-06  -3.4118865e-05  -1.4322870e-05  2.6140490e-05  -9.1978557e-05  3.5823730e-05  -5.4809621e-05  -1.6329096e-05  -2.6643931e-05  -4.1167944e-05  1.8654523e-05  -2.6590579e-05  2.2321552e-05  0.00026810653  0.00016949746  1.2308425e-05  1.7791064e-06  -3.8978345e-05  -7.0286274e-05  -9.5546790e-06  -0.00019571703  -9.9110212e-05  -7.0849906e-05  0.00021942802  0.00021215114  -0.00017102384  -0.00027162182  -0.0018203107  0.0000000   0.00010237842  0.0013670032  8.3931664e-06  -3.4118865e-05  -1.4322870e-05  2.6140490e-05  -9.1978557e-05  3.5823730e-05  -5.4809621e-05  -1.6329096e-05  -2.6643931e-05  -4.1167944e-05  1.8654523e-05  -2.6590579e-05  2.2321552e-05  0.00026810653  0.00016949746  1.2308425e-05  1.7791064e-06  -3.8978345e-05  -7.0286274e-05  -9.5546790e-06  -0.00019571703  -9.9110212e-05  -7.0849906e-05  0.00021942802  0.00021215114  -0.00017102384  -0.00027162182  -0.0018203107  0.0000000   0.00010237842  0.0013670032  
-1.0863141e-05  -4.7975515e-05  -2.3591477e-05  7.4595425e-05  1.7566295e-05  0.00016237575  -5.8109258e-06  4.4408466e-07  -2.2414089e-05  1.0568163e-05  4.1416752e-05  -7.0091712e-05  0.00012382132  -0.00010681912  -6.7204449e-05  -3.7973517e-05  2.3756237e-05  -0.00014353460  2.5099238e-05  -6.3217180e-05  5.2569553e-05  -0.00026962324  -0.00018262893  -0.00015685485  0.00018388704  -0.00045017717  -0.00049139698  0.00055327423  -0.00010237842  0.0000000   -0.00055050303  -1.0863141e-05  -4.7975515e-05  -2.3591477e-05  7.4595425e-05  1.7566295e-05  0.00016237575  -5.8109258e-06  4.4408466e-07  -2.2414089e-05  1.0568163e-05  4.1416752e-05  -7.0091712e-05  0.00012382132  -0.00010681912  -6.7204449e-05  -3.7973517e-05  2.3756237e-05  -0.00014353460  2.5099238e-05  -6.3217180e-05  5.2569553e-05  -0.00026962324  -0.00018262893  -0.00015685485  0.00018388704  -0.00045017717  -0.00049139698  0.00055327423  -0.00010237842  0.0000000   -0.00055050303  
-2.5740051e-05  1.4206066e-05  3.6007661e-06  -5.4264425e-06  7.4204513e-05  -1.5344772e-05  -2.7986130e-05  -1.4715310e-05  -8.5079284e-06  -2.7746113e-05  -3.9063590e-06  -1.5867550e-05  -2.0182142e-05  -0.00012844559  -2.2158636e-05  -7.9489575e-07  4.7330392e-06  4.7405307e-06  -0.00011354970  4.2429914e-06  -0.00017991722  -9.5855925e-06  2.9134096e-05  0.00042236910  0.00016009086  3.9134752e-05  -5.0023417e-05  -0.0016876344  -0.0013670032  0.00055050303  0.0000000   -2.5740051e-05  1.4206066e-05  3.6007661e-06  -5.4264425e-06  7.4204513e-05  -1.5344772e-05  -2.7986130e-05  -1.4715310e-05  -8.5079284e-06  -2.7746113e-05  -3.9063590e-06  -1.5867550e-05  -2.0182142e-05  -0.00012844559  -2.2158636e-05  -7.9489575e-07  4.7330392e-06  4.7405307e-06  -0.00011354970  4.2429914e-06  -0.00017991722  -9.5855925e-06  2.9134096e-05  0.00042236910  0.00016009086  3.9134752e-05  -5.0023417e-05  -0.0016876344  -0.0013670032  0.00055050303  0.0000000   
0.0000000   -0.0072001830  0.00077928812  -0.00040934195  -0.00016140669  0.00058020619  -0.00011054754  -0.00014586260  -0.00032047468  3.0917334e-06  -0.00015211648  0.00041110296  -1.6920506e-06  4.0692177e-05  -2.9869513e-06  0.00010161173  -0.00014985772  0.00013564089  2.4551566e-06  3.6939242e-05  -1.5382624e-05  -0.00010996842  5.6135152e-05  -8.1493105e-06  -8.1669566e-05  -0.00018870059  -4.4252931e-05  1.9890861e-06  -8.3931664e-06  1.0863141e-05  2.5740051e-05  0.0000000   -0.0072001830  0.00077928812  -0.00040934195  -0.00016140669  0.00058020619  -0.00011054754  -0.00014586260  -0.00032047468  3.0917334e-06  -0.00015211648  0.00041110296  -1.6920506e-06  4.0692177e-05  -2.9869513e-06  0.00010161173  -0.00014985772  0.00013564089  2.4551566e-06  3.6939242e-05  -1.5382624e-05  -0.00010996842  5.6135152e-05  -8.1493105e-06  -8.1669566e-05  -0.00018870059  -4.4252931e-05  1.9890861e-06  -8.3931664e-06  1.0863141e-05  2.5740051e-05  
0.0072001830  0.0000000   -0.0012334646  -0.0028031816  -5.5920940e-05  0.0010206050  -0.00013757400  0.00010195503  0.00018950255  9.6189941e-05  0.00022351064  0.00028958582  -6.6374908e-05  -2.2198749e-05  -6.0901690e-06  -0.00012242734  0.00026978760  -0.00012514712  -1.6858568e-05  -7.3195392e-05  1.2847672e-05  0.00013031524  -4.2083905e-05  2.1783220e-05  -6.7900485e-05  1.7042305e-05  9.5613332e-05  -9.5068275e-06  3.4118865e-05  4.7975515e-05  -1.4206066e-05  0.0072001830  0.0000000   -0.0012334646  -0.0028031816  -5.5920940e-05  0.0010206050  -0.00013757400  0.00010195503  0.00018950255  9.6189941e-05  0.00022351064  0.00028958582  -6.6374908e-05  -2.2198749e-05  -6.0901690e-06  -0.00012242734  0.00026978760  -0.00012514712  -1.6858568e-05  -7.3195392e-05  1.2847672e-05  0.00013031524  -4.2083905e-05  2.1783220e-05  -6.7900485e-05  1.7042305e-05  9.5613332e-05  -9.5068275e-06  3.4118865e-05  4.7975515e-05  -1.4206066e-05  
-0.00077928812  0.0012334646  0.0000000   -0.0019508511  -1.3803909e-05  0.00050589473  -5.5698260e-05  -1.5197668e-06  0.00040248676  3.5556053e-05  0.00027727646  4.0619922e-06  -0.00021909273  1.4070010e-05  -1.3000793e-05  -0.00013384595  0.00025488964  -3.8568391e-05  -1.8559984e-05  3.9712498e-05  -4.4781940e-06  0.00012160243  -5.0112975e-05  3.0586942e-05  -5.7028151e-05  0.00024992610  7.6380935e-05  -5.5470295e-06  1.4322870e-05  2.3591477e-05  -3.6007661e-06  -0.00077928812  0.0012334646  0.0000000   -0.0019508511  -1.3803909e-05  0.00050589473  -5.5698260e-05  -1.5197668e-06  0.00040248676  3.5556053e-05  0.00027727646  4.0619922e-06  -0.00021909273  1.4070010e-05  -1.3000793e-05  -0.00013384595  0.00025488964  -3.8568391e-05  -1.8559984e-05  3.9712498e-05  -4.4781940e-06  0.00012160243  -5.0112975e-05  3.0586942e-05  -5.7028151e-05  0.00024992610  7.6380935e-05  -5.5470295e-06  1.4322870e-05  2.3591477e-05  -3.6007661e-06  
0.00040934195  0.0028031816  0.0019508511  0.0000000   -0.00010760584  0.0024163010  -0.00021572176  -4.0356724e-05  0.00036440093  5.3227188e-06  1.4259335e-05  -0.00021952136  7.3757539e-05  -2.2117692e-05  2.1881576e-06  5.9397674e-05  7.7740508e-05  -0.00014227830  -1.2811104e-05  -1.0280553e-05  1.1439450e-05  -4.0772199e-05  8.0382858e-06  8.9997687e-06  -3.7165028e-05  5.7885766e-05  5.5548295e-05  -1.4870514e-05  -2.6140490e-05  -7.4595425e-05  5.4264425e-06  0.00040934195  0.0028031816  0.0019508511  0.0000000   -0.00010760584  0.0024163010  -0.00021572176  -4.0356724e-05  0.00036440093  5.3227188e-06  1.4259335e-05  -0.00021952136  7.3757539e-05  -2.2117692e-05  2.1881576e-06  5.9397674e-05  7.7740508e-05  -0.00014227830  -1.2811104e-05  -1.0280553e-05  1.1439450e-05  -4.0772199e-05  8.0382858e-06  8.9997687e-06  -3.7165028e-05  5.7885766e-05  5.5548295e-05  -1.4870514e-05  -2.6140490e-05  -7.4595425e-05  5.4264425e-06  
0.00016140669  5.5920940e-05  1.3803909e-05  0.00010760584  0.0000000   2.8750323e-05  0.00015938484  -3.3615896e-05  9.4815876e-05  0.00065458782  -1.7741622e-05  3.5005555e-05  -5.5810729e-06  -0.00015235540  0.00045072011  -3.3106010e-05  -1.9169020e-05  -1.6000551e-05  9.5206216e-05  2.3273768e-08  -2.0590872e-05  -8.0706230e-06  -3.2151204e-05  1.3203872e-05  -9.6857311e-07  -1.3095575e-05  -1.7172997e-05  -9.2464070e-05  9.1978557e-05  -1.7566295e-05  -7.4204513e-05  0.00016140669  5.5920940e-05  1.3803909e-05  0.00010760584  0.0000000   2.8750323e-05  0.00015938484  -3.3615896e-05  9.4815876e-05  0.00065458782  -1.7741622e-05  3.5005555e-05  -5.5810729e-06  -0.00015235540  0.00045072011  -3.3106010e-05  -1.9169020e-05  -1.6000551e-05  9.5206216e-05  2.3273768e-08  -2.0590872e-05  -8.0706230e-06  -3.2151204e-05  1.3203872e-05  -9.6857311e-07  -1.3095575e-05  -1.7172997e-05  -9.2464070e-05  9.1978557e-05  -1.7566295e-05  -7.4204513e-05  
-0.00058020619  -0.0010206050  -0.00050589473  -0.0024163010  -2.8750323e-05  0.0000000   -2.7444163e-05  0.00012838877  -0.00057695058  -4.5425192e-05  0.00039356309  -0.00057342880  -0.00013095433  -2.9192808e-05  -7.2495875e-05  0.00034924488  0.00021764195  0.00015800086  -2.5310768e-05  0.00014404657  -4.0441308e-05  6.7654566e-06  0.00015192155  -2.8311645e-05  4.5822542e-05  7.5148115e-05  0.00010645771  -2.0950610e-05  -3.5823730e-05  -0.00016237575  1.5344772e-05  -0.00058020619  -0.0010206050  -0.00050589473  -0.0024163010  -2.8750323e-05  0.0000000   -2.7444163e-05  0.00012838877  -0.00057695058  -4.5425192e-05  0.00039356309  -0.00057342880  -0.00013095433  -2.9192808e-05  -7.2495875e-05  0.00034924488  0.00021764195  0.00015800086  -2.5310768e-05  0.00014404657  -4.0441308e-05  6.7654566e-06  0.00015192155  -2.8311645e-05  4.5822542e-05  7.5148115e-05  0.00010645771  -2.0950610e-05  -3.5823730e-05  -0.00016237575  1.5344772e-05  
0.00011054754  0.00013757400  5.5698260e-05  0.00021572176  -0.00015938484  2.7444163e-05  0.0000000   0.0015564761  -5.7076846e-05  -0.0017309045  -3.3769788e-06  0.00010667404  1.7387483e-06  0.00035984348  -0.00073906104  -4.3215470e-05  1.3805164e-05  -3.3881629e-05  -0.00016768875  -6.4131342e-05  -0.00030283802  -4.1878535e-07  -1.2421539e-05  -0.00011450354  -4.6140006e-05  -2.0414417e-06  -1.2817787e-05  -5.5750637e-05  5.4809621e-05  5.8109258e-06  2.7986130e-05  0.00011054754  0.00013757400  5.5698260e-05  0.00021572176  -0.00015938484  2.7444163e-05  0.0000000   0.0015564761  -5.7076846e-05  -0.0017309045  -3.3769788e-06  0.00010667404  1.7387483e-06  0.00035984348  -0.00073906104  -4.3215470e-05  1.3805164e-05  -3.3881629e-05  -0.00016768875  -6.4131342e-05  -0.00030283802  -4.1878535e-07  -1.2421539e-05  -0.00011450354  -4.6140006e-05  -2.0414417e-06  -1.2817787e-05  -5.5750637e-05  5.4809621e-05  5.8109258e-06  2.7986130e-05  
0.00014586260  -0.00010195503  1.5197668e-06  4.0356724e-05  3.3615896e-05  -0.00012838877  -0.0015564761  0.0000000   -4.9056075e-05  0.0017781571  -0.00024072553  -6.5456659e-05  -1.6954009e-06  -0.00046104242  -0.00020775710  2.4672622e-05  -4.2313222e-05  -1.1288294e-05  0.00013024103  -2.1255198e-05  0.00020086077  1.0203758e-05  9.8367569e-07  1.3252441e-05  8.5656808e-06  -2.4930792e-06  2.0960120e-05  8.4713287e-05  1.6329096e-05  -4.4408466e-07  1.4715310e-05  0.00014586260  -0.00010195503  1.5197668e-06  4.0356724e-05  3.3615896e-05  -0.00012838877  -0.0015564761  0.0000000   -4.9056075e-05  0.0017781571  -0.00024072553  -6.5456659e-05  -1.6954009e-06  -0.00046104242  -0.00020775710  2.4672622e-05  -4.2313222e-05  -1.1288294e-05  0.00013024103  -2.1255198e-05  0.00020086077  1.0203758e-05  9.8367569e-07  1.3252441e-05  8.5656808e-06  -2.4930792e-06  2.0960120e-05  8.4713287e-05  1.6329096e-05  -4.4408466e-07  1.4715310e-05  
0.00032047468  -0.00018950255  -0.00040248676  -0.00036440093  -9.4815876e-05  0.00057695058  5.7076846e-05  4.9056075e-05  0.0000000   -0.00015246441  -0.0021804098  -0.00090225115  -0.00035840466  2.1016024e-05  -5.7034987e-05  0.00089976702  -0.00047952693  0.00011264796  1.1868727e-05  0.00017327114  -7.6167809e-06  7.8058350e-06  0.00022983337  -6.0875694e-06  6.0696398e-06  -0.00026495251  0.00011506581  -1.8311898e-05  2.6643931e-05  2.2414089e-05  8.5079284e-06  0.00032047468  -0.00018950255  -0.00040248676  -0.00036440093  -9.4815876e-05  0.00057695058  5.7076846e-05  4.9056075e-05  0.0000000   -0.00015246441  -0.0021804098  -0.00090225115  -0.00035840466  2.1016024e-05  -5.7034987e-05  0.00089976702  -0.00047952693  0.00011264796  1.1868727e-05  0.00017327114  -7.6167809e-06  7.8058350e-06  0.00022983337  -6.0875694e-06  6.0696398e-06  -0.00026495251  0.00011506581  -1.8311898e-05  2.6643931e-05  2.2414089e-05  8.5079284e-06  
-3.0917334e-06  -9.6189941e-05  -3.5556053e-05  -5.3227188e-06  -0.00065458782  4.5425192e-05  0.0017309045  -0.0017781571  0.00015246441  0.0000000   -2.6063163e-05  2.3244793e-05  8.5090405e-05  0.00050224707  0.00027954103  4.2394434e-05  -3.6602923e-06  3.6616422e-05  0.00011273432  9.8956328e-06  0.00019130447  -5.9851103e-07  1.3305075e-05  -0.00012953318  -8.2740014e-05  -4.1216238e-07  7.6665500e-06  -7.1273497e-05  4.1167944e-05  -1.0568163e-05  2.7746113e-05  -3.0917334e-06  -9.6189941e-05  -3.5556053e-05  -5.3227188e-06  -0.00065458782  4.5425192e-05  0.0017309045  -0.0017781571  0.00015246441  0.0000000   -2.6063163e-05  2.3244793e-05  8.5090405e-05  0.00050224707  0.00027954103  4.2394434e-05  -3.6602923e-06  3.6616422e-05  0.00011273432  9.8956328e-06  0.00019130447  -5.9851103e-07  1.3305075e-05  -0.00012953318  -8.2740014e-05  -4.1216238e-07  7.6665500e-06  -7.1273497e-05  4.1167944e-05  -1.0568163e-05  2.7746113e-05  
0.00015211648  -0.00022351064  -0.00027727646  -1.4259335e-05  1.7741622e-05  -0.00039356309  3.3769788e-06  0.00024072553  0.0021804098  2.6063163e-05  0.0000000   -0.00085543871  0.00053431730  -3.3894642e-05  -2.5169800e-05  -0.00019497313  -0.00038299703  0.00049332249  -1.5570001e-05  0.00024214224  5.1298000e-06  0.00056804162  0.00020127006  3.1932570e-05  -0.00013954055  -5.2284818e-05  0.00016618548  -1.6360764e-05  -1.8654523e-05  -4.1416752e-05  3.9063590e-06  0.00015211648  -0.00022351064  -0.00027727646  -1.4259335e-05  1.7741622e-05  -0.00039356309  3.3769788e-06  0.00024072553  0.0021804098  2.6063163e-05  0.0000000   -0.00085543871  0.00053431730  -3.3894642e-05  -2.5169800e-05  -0.00019497313  -0.00038299703  0.00049332249  -1.5570001e-05  0.00024214224  5.1298000e-06  0.00056804162  0.00020127006  3.1932570e-05  -0.00013954055  -5.2284818e-05  0.00016618548  -1.6360764e-05  -1.8654523e-05  -4.1416752e-05  3.9063590e-06  
