0.0000000   7.9561057e-05  -0.00060033969  -0.00037555797  -0.00012885873  -0.00055487068  6.9294789e-05  7.4284123e-05  0.00030865775  0.00015149641  -0.00021250081  -0.00021397495  2.8537803e-05  0.00019385586  -0.00017304731  -1.6251876e-05  9.8852448e-06  4.0737847e-05  5.9548855e-05  2.3298774e-05  -1.5555083e-05  -1.5976158e-05  8.1120112e-06  -3.4683604e-05  1.1362697e-05  1.8924239e-05  1.2686181e-05  -6.9680641e-05  6.2250101e-06  -9.4059026e-06  -2.0381346e-05  0.0000000   7.9561057e-05  -0.00060033969  -0.00037555797  -0.00012885873  -0.00055487068  6.9294789e-05  7.4284123e-05  0.00030865775  0.00015149641  -0.00021250081  -0.00021397495  2.8537803e-05  0.00019385586  -0.00017304731  -1.6251876e-05  9.8852448e-06  4.0737847e-05  5.9548855e-05  2.3298774e-05  -1.5555083e-05  -1.5976158e-05  8.1120112e-06  -3.4683604e-05  1.1362697e-05  1.8924239e-05  1.2686181e-05  -6.9680641e-05  6.2250101e-06  -9.4059026e-06  -2.0381346e-05  
-7.9561057e-05  0.0000000   -1.8205788e-05  5.6111434e-05  -0.00014865744  0.00010690297  3.7139410e-05  -0.00038657683  3.1099977e-05  -4.9532725e-07  8.5441531e-05  7.3609280e-05  -0.00042935917  7.1133101e-05  7.5737454e-06  -6.2302966e-05  -0.00011865310  -1.5060740e-06  -9.3909206e-06  3.9352213e-06  -0.00010548584  -0.00025712736  0.00020516708  2.8076716e-05  7.5716125e-05  0.00012507420  4.1588413e-06  6.8667080e-06  -5.9198094e-05  0.00012851176  -2.5308907e-05  -7.9561057e-05  0.0000000   -1.8205788e-05  5.6111434e-05  -0.00014865744  0.00010690297  3.7139410e-05  -0.00038657683  3.1099977e-05  -4.9532725e-07  8.5441531e-05  7.3609280e-05  -0.00042935917  7.1133101e-05  7.5737454e-06  -6.2302966e-05  -0.00011865310  -1.5060740e-06  -9.3909206e-06  3.9352213e-06  -0.00010548584  -0.00025712736  0.00020516708  2.8076716e-05  7.5716125e-05  0.00012507420  4.1588413e-06  6.8667080e-06  -5.9198094e-05  0.00012851176  -2.5308907e-05  
0.00060033969  1.8205788e-05  0.0000000   0.0016007784  -0.0020492099  -0.00072641031  0.00021411750  3.5913403e-05  0.00030862023  0.00049271669  -8.9934874e-05  -8.7287898e-06  1.2719226e-05  -5.1258502e-05  0.00020059963  2.7462227e-05  2.4284631e-05  0.00012142256  -0.00014127933  -0.00011158957  2.1767723e-05  1.3126046e-05  1.6965015e-06  -0.00013655443  -6.2325569e-06  8.2705452e-07  7.5017429e-05  -9.4261924e-05  4.5686136e-06  1.1817796e-05  -4.4394271e-05  0.00060033969  1.8205788e-05  0.0000000   0.0016007784  -0.0020492099  -0.00072641031  0.00021411750  3.5913403e-05  0.00030862023  0.00049271669  -8.9934874e-05  -8.7287898e-06  1.2719226e-05  -5.1258502e-05  0.00020059963  2.7462227e-05  2.4284631e-05  0.00012142256  -0.00014127933  -0.00011158957  2.1767723e-05  1.3126046e-05  1.6965015e-06  -0.00013655443  -6.2325569e-06  8.2705452e-07  7.5017429e-05  -9.4261924e-05  4.5686136e-06  1.1817796e-05  -4.4394271e-05  
0.00037555797  -5.6111434e-05  -0.0016007784  0.0000000   0.0018198612  -0.0021977549  -0.00024720807  8.9640044e-05  -0.00062943389  0.00063443070  -0.00037793930  -0.00018510880  -7.7206692e-05  -0.00021238843  8.9180738e-05  1.7265044e-05  5.9989304e-06  6.7836528e-05  0.00014487337  -9.5486367e-05  -2.0942358e-05  -1.6550974e-06  -1.5725249e-05  1.9456977e-05  -5.4614319e-06  1.3655638e-05  -0.00016982098  -3.2814717e-05  1.7126257e-05  -2.3454807e-05  1.9401264e-05  0.00037555797  -5.6111434e-05  -0.0016007784  0.0000000   0.0018198612  -0.0021977549  -0.00024720807  8.9640044e-05  -0.00062943389  0.00063443070  -0.00037793930  -0.00018510880  -7.7206692e-05  -0.00021238843  8.9180738e-05  1.7265044e-05  5.9989304e-06  6.7836528e-05  0.00014487337  -9.5486367e-05  -2.0942358e-05  -1.6550974e-06  -1.5725249e-05  1.9456977e-05  -5.4614319e-06  1.3655638e-05  -0.00016982098  -3.2814717e-05  1.7126257e-05  -2.3454807e-05  1.9401264e-05  
0.00012885873  0.00014865744  0.0020492099  -0.0018198612  0.0000000   -0.010514784  0.00016341436  0.00087157782  0.00066160547  0.00098075870  -0.00046233734  6.1601432e-05  6.5163044e-06  0.00043826033  8.5486259e-05  5.2523756e-05  5.6284904e-05  0.00012983962  -7.7603102e-05  -0.00017726616  -7.5786934e-05  -2.0207577e-05  1.0254269e-06  -0.00018952679  3.0758303e-05  1.2397972e-05  7.9488712e-05  -0.00010300029  7.6729147e-05  0.00010456059  -5.2031342e-05  0.00012885873  0.00014865744  0.0020492099  -0.0018198612  0.0000000   -0.010514784  0.00016341436  0.00087157782  0.00066160547  0.00098075870  -0.00046233734  6.1601432e-05  6.5163044e-06  0.00043826033  8.5486259e-05  5.2523756e-05  5.6284904e-05  0.00012983962  -7.7603102e-05  -0.00017726616  -7.5786934e-05  -2.0207577e-05  1.0254269e-06  -0.00018952679  3.0758303e-05  1.2397972e-05  7.9488712e-05  -0.00010300029  7.6729147e-05  0.00010456059  -5.2031342e-05  
0.00055487068  -0.00010690297  0.00072641031  0.0021977549  0.010514784  0.0000000   -0.0016593494  0.00043126240  -0.00074485552  0.00023227664  -0.00019265978  0.00065184119  -1.2253072e-05  0.00047514334  -5.9885089e-05  -7.2953613e-05  -5.0906013e-05  -0.00015296386  4.0351827e-05  0.00040576611  -1.2251673e-05  -9.3397943e-05  -5.2123906e-06  -8.5440811e-05  -4.2208064e-05  1.2981294e-05  0.00013919352  -0.00014663924  5.3684150e-05  5.3353633e-05  9.4193107e-05  0.00055487068  -0.00010690297  0.00072641031  0.0021977549  0.010514784  0.0000000   -0.0016593494  0.00043126240  -0.00074485552  0.00023227664  -0.00019265978  0.00065184119  -1.2253072e-05  0.00047514334  -5.9885089e-05  -7.2953613e-05  -5.0906013e-05  -0.00015296386  4.0351827e-05  0.00040576611  -1.2251673e-05  -9.3397943e-05  -5.2123906e-06  -8.5440811e-05  -4.2208064e-05  1.2981294e-05  0.00013919352  -0.00014663924  5.3684150e-05  5.3353633e-05  9.4193107e-05  
-6.9294789e-05  -3.7139410e-05  -0.00021411750  0.00024720807  -0.00016341436  0.0016593494  0.0000000   0.00045381362  -0.00021636160  -0.00017414101  3.5761052e-05  5.7426627e-05  0.00034367394  -0.00017197473  -1.0174409e-06  -0.00016334394  0.00019252934  -1.9569227e-05  -7.2400256e-07  3.8438269e-05  -9.3698871e-05  4.4624497e-05  0.00011299660  2.9675064e-05  0.00014244186  -8.2472875e-05  -2.0930732e-05  2.4235552e-05  0.00011331737  7.7036338e-05  -9.4478875e-05  -6.9294789e-05  -3.7139410e-05  -0.00021411750  0.00024720807  -0.00016341436  0.0016593494  0.0000000   0.00045381362  -0.00021636160  -0.00017414101  3.5761052e-05  5.7426627e-05  0.00034367394  -0.00017197473  -1.0174409e-06  -0.00016334394  0.00019252934  -1.9569227e-05  -7.2400256e-07  3.8438269e-05  -9.3698871e-05  4.4624497e-05  0.00011299660  2.9675064e-05  0.00014244186  -8.2472875e-05  -2.0930732e-05  2.4235552e-05  0.00011331737  7.7036338e-05  -9.4478875e-05  
-7.4284123e-05  0.00038657683  -3.5913403e-05  -8.9640044e-05  -0.00087157782  -0.00043126240  -0.00045381362  0.0000000   6.9437076e-05  0.00034102069  -1.6687411e-05  0.00021283700  -0.00080694746  0.00010659339  -3.4180538e-05  2.5484777e-05  8.0025350e-05  5.1021113e-05  -2.7887396e-05  -9.7971631e-06  -0.00015148674  0.00026108306  7.1900114e-06  -2.1557727e-05  8.5846207e-05  -3.8501846e-05  -2.7573766e-05  8.4219761e-06  3.3846493e-05  7.6733523e-05  0.00010772869  -7.4284123e-05  0.00038657683  -3.5913403e-05  -8.9640044e-05  -0.00087157782  -0.00043126240  -0.00045381362  0.0000000   6.9437076e-05  0.00034102069  -1.6687411e-05  0.00021283700  -0.00080694746  0.00010659339  -3.4180538e-05  2.5484777e-05  8.0025350e-05  5.1021113e-05  -2.7887396e-05  -9.7971631e-06  -0.00015148674  0.00026108306  7.1900114e-06  -2.1557727e-05  8.5846207e-05  -3.8501846e-05  -2.7573766e-05  8.4219761e-06  3.3846493e-05  7.6733523e-05  0.00010772869  
-0.00030865775  -3.1099977e-05  -0.00030862023  0.00062943389  -0.00066160547  0.00074485552  0.00021636160  -6.9437076e-05  0.0000000   0.0013414177  -0.00048146782  -0.00025683967  0.00013170311  -0.00041470041  -9.9464832e-05  9.2053659e-06  -3.7682215e-05  0.00010660963  -9.8340354e-05  -1.3680258e-07  5.2303817e-05  -4.4585027e-05  -1.1599420e-05  -7.7916036e-05  -1.4302107e-05  3.3972243e-05  -0.00010499167  -1.5829530e-05  -2.3492942e-05  -2.9226420e-05  -2.1461112e-05  -0.00030865775  -3.1099977e-05  -0.00030862023  0.00062943389  -0.00066160547  0.00074485552  0.00021636160  -6.9437076e-05  0.0000000   0.0013414177  -0.00048146782  -0.00025683967  0.00013170311  -0.00041470041  -9.9464832e-05  9.2053659e-06  -3.7682215e-05  0.00010660963  -9.8340354e-05  -1.3680258e-07  5.2303817e-05  -4.4585027e-05  -1.1599420e-05  -7.7916036e-05  -1.4302107e-05  3.3972243e-05  -0.00010499167  -1.5829530e-05  -2.3492942e-05  -2.9226420e-05  -2.1461112e-05  
-0.00015149641  4.9532725e-07  -0.00049271669  -0.00063443070  -0.00098075870  -0.00023227664  0.00017414101  -0.00034102069  -0.0013414177  0.0000000   0.00056342407  -0.00025211201  -0.00037097661  -0.0016146053  -0.00019881596  -2.7181876e-05  -7.0875375e-05  0.00018070010  2.3738445e-05  -0.00039547196  -2.8866704e-06  -9.2048475e-06  1.0800388e-05  -0.00012969221  1.2441160e-05  -4.0655993e-05  -0.00014122060  0.00019639041  -3.5884165e-05  -5.1150389e-05  -1.8315173e-05  -0.00015149641  4.9532725e-07  -0.00049271669  -0.00063443070  -0.00098075870  -0.00023227664  0.00017414101  -0.00034102069  -0.0013414177  0.0000000   0.00056342407  -0.00025211201  -0.00037097661  -0.0016146053  -0.00019881596  -2.7181876e-05  -7.0875375e-05  0.00018070010  2.3738445e-05  -0.00039547196  -2.8866704e-06  -9.2048475e-06  1.0800388e-05  -0.00012969221  1.2441160e-05  -4.0655993e-05  -0.00014122060  0.00019639041  -3.5884165e-05  -5.1150389e-05  -1.8315173e-05  
0.00021250081  -8.5441531e-05  8.9934874e-05  0.00037793930  0.00046233734  0.00019265978  -3.5761052e-05  1.6687411e-05  0.00048146782  -0.00056342407  0.0000000   0.0092734040  0.00027738638  0.00083622823  0.00029193003  0.00030056656  0.00013176961  -0.00035475658  0.00018544179  0.00071428658  6.5140937e-05  -6.1115932e-05  -0.00010977884  0.00019416503  -4.8076746e-06  3.6297836e-05  0.00016645843  -7.1691818e-05  5.0252726e-05  -4.5123763e-05  0.00010382497  0.00021250081  -8.5441531e-05  8.9934874e-05  0.00037793930  0.00046233734  0.00019265978  -3.5761052e-05  1.6687411e-05  0.00048146782  -0.00056342407  0.0000000   0.0092734040  0.00027738638  0.00083622823  0.00029193003  0.00030056656  0.00013176961  -0.00035475658  0.00018544179  0.00071428658  6.5140937e-05  -6.1115932e-05  -0.00010977884  0.00019416503  -4.8076746e-06  3.6297836e-05  0.00016645843  -7.1691818e-05  5.0252726e-05  -4.5123763e-05  0.00010382497  
0.00021397495  -7.3609280e-05  8.7287898e-06  0.00018510880  -6.1601432e-05  -0.00065184119  -5.7426627e-05  -0.00021283700  0.00025683967  0.00025211201  -0.0092734040  0.0000000   -0.00045307806  -0.0024243623  -0.00056922588  7.5696940e-05  -3.1927910e-05  -0.00025642923  0.00024858395  6.6262183e-05  -3.8981700e-05  -2.2176068e-05  -5.4301000e-05  0.00016453346  -7.8386819e-06  5.0798474e-05  -0.00012514495  -1.4624001e-05  5.5768427e-05  8.2180222e-05  1.5105694e-05  0.00021397495  -7.3609280e-05  8.7287898e-06  0.00018510880  -6.1601432e-05  -0.00065184119  -5.7426627e-05  -0.00021283700  0.00025683967  0.00025211201  -0.0092734040  0.0000000   -0.00045307806  -0.0024243623  -0.00056922588  7.5696940e-05  -3.1927910e-05  -0.00025642923  0.00024858395  6.6262183e-05  -3.8981700e-05  -2.2176068e-05  -5.4301000e-05  0.00016453346  -7.8386819e-06  5.0798474e-05  -0.00012514495  -1.4624001e-05  5.5768427e-05  8.2180222e-05  1.5105694e-05  
-2.8537803e-05  0.00042935917  -1.2719226e-05  7.7206692e-05  -6.5163044e-06  1.2253072e-05  -0.00034367394  0.00080694746  -0.00013170311  0.00037097661  -0.00027738638  0.00045307806  0.0000000   6.4173477e-05  0.00030334971  0.00042405681  -0.00077019488  -0.00014052056  8.6873567e-06  -0.00035149804  -0.00018782357  -6.1207657e-05  0.00051805058  -4.5154615e-05  -0.00016152021  0.00019445550  -3.2512538e-05  -1.3418558e-05  -0.00013459157  -7.3937452e-05  -0.00012786221  -2.8537803e-05  0.00042935917  -1.2719226e-05  7.7206692e-05  -6.5163044e-06  1.2253072e-05  -0.00034367394  0.00080694746  -0.00013170311  0.00037097661  -0.00027738638  0.00045307806  0.0000000   6.4173477e-05  0.00030334971  0.00042405681  -0.00077019488  -0.00014052056  8.6873567e-06  -0.00035149804  -0.00018782357  -6.1207657e-05  0.00051805058  -4.5154615e-05  -0.00016152021  0.00019445550  -3.2512538e-05  -1.3418558e-05  -0.00013459157  -7.3937452e-05  -0.00012786221  
-0.00019385586  -7.1133101e-05  5.1258502e-05  0.00021238843  -0.00043826033  -0.00047514334  0.00017197473  -0.00010659339  0.00041470041  0.0016146053  -0.00083622823  0.0024243623  -6.4173477e-05  0.0000000   0.0013849704  0.00020458762  0.00026811664  -0.00034326791  0.00014760546  -0.0012467236  -2.1490525e-05  6.2084230e-06  -0.00016529321  -4.2309931e-05  3.6524277e-05  -5.3372309e-05  -0.00015449990  -1.0254920e-05  4.9290348e-05  7.3978588e-05  4.0759664e-05  -0.00019385586  -7.1133101e-05  5.1258502e-05  0.00021238843  -0.00043826033  -0.00047514334  0.00017197473  -0.00010659339  0.00041470041  0.0016146053  -0.00083622823  0.0024243623  -6.4173477e-05  0.0000000   0.0013849704  0.00020458762  0.00026811664  -0.00034326791  0.00014760546  -0.0012467236  -2.1490525e-05  6.2084230e-06  -0.00016529321  -4.2309931e-05  3.6524277e-05  -5.3372309e-05  -0.00015449990  -1.0254920e-05  4.9290348e-05  7.3978588e-05  4.0759664e-05  
0.00017304731  -7.5737454e-06  -0.00020059963  -8.9180738e-05  -8.5486259e-05  5.9885089e-05  1.0174409e-06  3.4180538e-05  9.9464832e-05  0.00019881596  -0.00029193003  0.00056922588  -0.00030334971  -0.0013849704  0.0000000   4.3316969e-05  -0.00014285573  0.0010952853  0.00066404917  0.0010263617  7.7463707e-05  4.7103185e-05  0.00010291759  0.00038986051  -3.7430435e-05  -1.3835737e-05  -0.00012759379  0.00012623423  -2.5149459e-05  -5.0585327e-05  1.9642276e-05  0.00017304731  -7.5737454e-06  -0.00020059963  -8.9180738e-05  -8.5486259e-05  5.9885089e-05  1.0174409e-06  3.4180538e-05  9.9464832e-05  0.00019881596  -0.00029193003  0.00056922588  -0.00030334971  -0.0013849704  0.0000000   4.3316969e-05  -0.00014285573  0.0010952853  0.00066404917  0.0010263617  7.7463707e-05  4.7103185e-05  0.00010291759  0.00038986051  -3.7430435e-05  -1.3835737e-05  -0.00012759379  0.00012623423  -2.5149459e-05  -5.0585327e-05  1.9642276e-05  
1.6251876e-05  6.2302966e-05  -2.7462227e-05  -1.7265044e-05  -5.2523756e-05  7.2953613e-05  0.00016334394  -2.5484777e-05  -9.2053659e-06  2.7181876e-05  -0.00030056656  -7.5696940e-05  -0.00042405681  -0.00020458762  -4.3316969e-05  0.0000000   0.00065104578  0.00018127311  7.8583931e-05  7.5206970e-05  -0.00065545277  -0.00028123625  -0.00049851268  6.3407818e-05  9.0746980e-05  -1.2785832e-05  -3.0440842e-05  7.9160931e-06  -9.1335533e-05  8.8236713e-06  -0.00012258621  1.6251876e-05  6.2302966e-05  -2.7462227e-05  -1.7265044e-05  -5.2523756e-05  7.2953613e-05  0.00016334394  -2.5484777e-05  -9.2053659e-06  2.7181876e-05  -0.00030056656  -7.5696940e-05  -0.00042405681  -0.00020458762  -4.3316969e-05  0.0000000   0.00065104578  0.00018127311  7.8583931e-05  7.5206970e-05  -0.00065545277  -0.00028123625  -0.00049851268  6.3407818e-05  9.0746980e-05  -1.2785832e-05  -3.0440842e-05  7.9160931e-06  -9.1335533e-05  8.8236713e-06  -0.00012258621  
-9.8852448e-06  0.00011865310  -2.4284631e-05  -5.9989304e-06  -5.6284904e-05  5.0906013e-05  -0.00019252934  -8.0025350e-05  3.7682215e-05  7.0875375e-05  -0.00013176961  3.1927910e-05  0.00077019488  -0.00026811664  0.00014285573  -0.00065104578  0.0000000   7.4778359e-06  8.6213058e-05  -5.5373770e-05  0.00026989768  0.00013468017  -0.00036026150  3.5533192e-07  0.00019997960  -0.00011253266  -2.4560347e-05  1.8255546e-06  -5.6090825e-05  -1.7372765e-05  0.00011289640  -9.8852448e-06  0.00011865310  -2.4284631e-05  -5.9989304e-06  -5.6284904e-05  5.0906013e-05  -0.00019252934  -8.0025350e-05  3.7682215e-05  7.0875375e-05  -0.00013176961  3.1927910e-05  0.00077019488  -0.00026811664  0.00014285573  -0.00065104578  0.0000000   7.4778359e-06  8.6213058e-05  -5.5373770e-05  0.00026989768  0.00013468017  -0.00036026150  3.5533192e-07  0.00019997960  -0.00011253266  -2.4560347e-05  1.8255546e-06  -5.6090825e-05  -1.7372765e-05  0.00011289640  
-4.0737847e-05  1.5060740e-06  -0.00012142256  -6.7836528e-05  -0.00012983962  0.00015296386  1.9569227e-05  -5.1021113e-05  -0.00010660963  -0.00018070010  0.00035475658  0.00025642923  0.00014052056  0.00034326791  -0.0010952853  -0.00018127311  -7.4778359e-06  0.0000000   -0.0012620702  0.00018659115  1.0001970e-05  2.2851228e-05  4.1633590e-06  0.00088537315  1.6575749e-05  -1.9570829e-05  0.00014473980  5.9605706e-06  1.4017107e-05  -3.7612113e-05  -1.1719637e-05  -4.0737847e-05  1.5060740e-06  -0.00012142256  -6.7836528e-05  -0.00012983962  0.00015296386  1.9569227e-05  -5.1021113e-05  -0.00010660963  -0.00018070010  0.00035475658  0.00025642923  0.00014052056  0.00034326791  -0.0010952853  -0.00018127311  -7.4778359e-06  0.0000000   -0.0012620702  0.00018659115  1.0001970e-05  2.2851228e-05  4.1633590e-06  0.00088537315  1.6575749e-05  -1.9570829e-05  0.00014473980  5.9605706e-06  1.4017107e-05  -3.7612113e-05  -1.1719637e-05  
-5.9548855e-05  9.3909206e-06  0.00014127933  -0.00014487337  7.7603102e-05  -4.0351827e-05  7.2400256e-07  2.7887396e-05  9.8340354e-05  -2.3738445e-05  -0.00018544179  -0.00024858395  -8.6873567e-06  -0.00014760546  -0.00066404917  -7.8583931e-05  -8.6213058e-05  0.0012620702  0.0000000   -0.0011927057  -1.0103603e-05  -2.5182434e-05  1.4979570e-05  -0.00026218198  -4.4258917e-05  7.7589835e-05  -5.6005591e-05  2.5662142e-05  7.6006174e-06  2.5903633e-05  -5.4121420e-05  -5.9548855e-05  9.3909206e-06  0.00014127933  -0.00014487337  7.7603102e-05  -4.0351827e-05  7.2400256e-07  2.7887396e-05  9.8340354e-05  -2.3738445e-05  -0.00018544179  -0.00024858395  -8.6873567e-06  -0.00014760546  -0.00066404917  -7.8583931e-05  -8.6213058e-05  0.0012620702  0.0000000   -0.0011927057  -1.0103603e-05  -2.5182434e-05  1.4979570e-05  -0.00026218198  -4.4258917e-05  7.7589835e-05  -5.6005591e-05  2.5662142e-05  7.6006174e-06  2.5903633e-05  -5.4121420e-05  
-2.3298774e-05  -3.9352213e-06  0.00011158957  9.5486367e-05  0.00017726616  -0.00040576611  -3.8438269e-05  9.7971631e-06  1.3680258e-07  0.00039547196  -0.00071428658  -6.6262183e-05  0.00035149804  0.0012467236  -0.0010263617  -7.5206970e-05  5.5373770e-05  -0.00018659115  0.0011927057  0.0000000   -3.7909699e-05  -3.2482137e-05  -0.00014431007  -0.0013753879  5.2861711e-05  2.3659169e-05  -0.00054648984  0.00041407660  -2.7431070e-05  4.7142529e-05  -3.8402696e-05  -2.3298774e-05  -3.9352213e-06  0.00011158957  9.5486367e-05  0.00017726616  -0.00040576611  -3.8438269e-05  9.7971631e-06  1.3680258e-07  0.00039547196  -0.00071428658  -6.6262183e-05  0.00035149804  0.0012467236  -0.0010263617  -7.5206970e-05  5.5373770e-05  -0.00018659115  0.0011927057  0.0000000   -3.7909699e-05  -3.2482137e-05  -0.00014431007  -0.0013753879  5.2861711e-05  2.3659169e-05  -0.00054648984  0.00041407660  -2.7431070e-05  4.7142529e-05  -3.8402696e-05  
1.5555083e-05  0.00010548584  -2.1767723e-05  2.0942358e-05  7.5786934e-05  1.2251673e-05  9.3698871e-05  0.00015148674  -5.2303817e-05  2.8866704e-06  -6.5140937e-05  3.8981700e-05  0.00018782357  2.1490525e-05  -7.7463707e-05  0.00065545277  -0.00026989768  -1.0001970e-05  1.0103603e-05  3.7909699e-05  0.0000000   -0.0014369050  0.0019042355  -0.00010743723  -9.0509026e-05  -0.00081559954  -1.2607041e-05  3.0538646e-05  2.7099415e-05  -0.00014431189  -1.0061697e-05  1.5555083e-05  0.00010548584  -2.1767723e-05  2.0942358e-05  7.5786934e-05  1.2251673e-05  9.3698871e-05  0.00015148674  -5.2303817e-05  2.8866704e-06  -6.5140937e-05  3.8981700e-05  0.00018782357  2.1490525e-05  -7.7463707e-05  0.00065545277  -0.00026989768  -1.0001970e-05  1.0103603e-05  3.7909699e-05  0.0000000   -0.0014369050  0.0019042355  -0.00010743723  -9.0509026e-05  -0.00081559954  -1.2607041e-05  3.0538646e-05  2.7099415e-05  -0.00014431189  -1.0061697e-05  
1.5976158e-05  0.00025712736  -1.3126046e-05  1.6550974e-06  2.0207577e-05  9.3397943e-05  -4.4624497e-05  -0.00026108306  4.4585027e-05  9.2048475e-06  6.1115932e-05  2.2176068e-05  6.1207657e-05  -6.2084230e-06  -4.7103185e-05  0.00028123625  -0.00013468017  -2.2851228e-05  2.5182434e-05  3.2482137e-05  0.0014369050  0.0000000   -0.00070645721  4.2718277e-05  -0.00079044233  0.0013187175  -2.0304857e-05  5.3496164e-05  0.00038469428  -0.00037192103  6.3699395e-05  1.5976158e-05  0.00025712736  -1.3126046e-05  1.6550974e-06  2.0207577e-05  9.3397943e-05  -4.4624497e-05  -0.00026108306  4.4585027e-05  9.2048475e-06  6.1115932e-05  2.2176068e-05  6.1207657e-05  -6.2084230e-06  -4.7103185e-05  0.00028123625  -0.00013468017  -2.2851228e-05  2.5182434e-05  3.2482137e-05  0.0014369050  0.0000000   -0.00070645721  4.2718277e-05  -0.00079044233  0.0013187175  -2.0304857e-05  5.3496164e-05  0.00038469428  -0.00037192103  6.3699395e-05  
-8.1120112e-06  -0.00020516708  -1.6965015e-06  1.5725249e-05  -1.0254269e-06  5.2123906e-06  -0.00011299660  -7.1900114e-06  1.1599420e-05  -1.0800388e-05  0.00010977884  5.4301000e-05  -0.00051805058  0.00016529321  -0.00010291759  0.00049851268  0.00036026150  -4.1633590e-06  -1.4979570e-05  0.00014431007  -0.0019042355  0.00070645721  0.0000000   -6.4369740e-05  -0.00035925255  -0.00046575408  -1.1193398e-05  -3.5966611e-05  -8.3208237e-05  -0.00029629780  5.4187392e-05  -8.1120112e-06  -0.00020516708  -1.6965015e-06  1.5725249e-05  -1.0254269e-06  5.2123906e-06  -0.00011299660  -7.1900114e-06  1.1599420e-05  -1.0800388e-05  0.00010977884  5.4301000e-05  -0.00051805058  0.00016529321  -0.00010291759  0.00049851268  0.00036026150  -4.1633590e-06  -1.4979570e-05  0.00014431007  -0.0019042355  0.00070645721  0.0000000   -6.4369740e-05  -0.00035925255  -0.00046575408  -1.1193398e-05  -3.5966611e-05  -8.3208237e-05  -0.00029629780  5.4187392e-05  
3.4683604e-05  -2.8076716e-05  0.00013655443  -1.9456977e-05  0.00018952679  8.5440811e-05  -2.9675064e-05  2.1557727e-05  7.7916036e-05  0.00012969221  -0.00019416503  -0.00016453346  4.5154615e-05  4.2309931e-05  -0.00038986051  -6.3407818e-05  -3.5533192e-07  -0.00088537315  0.00026218198  0.0013753879  0.00010743723  -4.2718277e-05  6.4369740e-05  0.0000000   -6.1688462e-05  0.00012427495  -0.00044154977  -8.6768327e-05  -1.1513843e-05  -6.4350800e-06  -0.00013322676  3.4683604e-05  -2.8076716e-05  0.00013655443  -1.9456977e-05  0.00018952679  8.5440811e-05  -2.9675064e-05  2.1557727e-05  7.7916036e-05  0.00012969221  -0.00019416503  -0.00016453346  4.5154615e-05  4.2309931e-05  -0.00038986051  -6.3407818e-05  -3.5533192e-07  -0.00088537315  0.00026218198  0.0013753879  0.00010743723  -4.2718277e-05  6.4369740e-05  0.0000000   -6.1688462e-05  0.00012427495  -0.00044154977  -8.6768327e-05  -1.1513843e-05  -6.4350800e-06  -0.00013322676  
-1.1362697e-05  -7.5716125e-05  6.2325569e-06  5.4614319e-06  -3.0758303e-05  4.2208064e-05  -0.00014244186  -8.5846207e-05  1.4302107e-05  -1.2441160e-05  4.8076746e-06  7.8386819e-06  0.00016152021  -3.6524277e-05  3.7430435e-05  -9.0746980e-05  -0.00019997960  -1.6575749e-05  4.4258917e-05  -5.2861711e-05  9.0509026e-05  0.00079044233  0.00035925255  6.1688462e-05  0.0000000   0.0042762499  3.9332876e-05  5.4214552e-05  0.00023831780  -0.00016177800  -0.00028502755  -1.1362697e-05  -7.5716125e-05  6.2325569e-06  5.4614319e-06  -3.0758303e-05  4.2208064e-05  -0.00014244186  -8.5846207e-05  1.4302107e-05  -1.2441160e-05  4.8076746e-06  7.8386819e-06  0.00016152021  -3.6524277e-05  3.7430435e-05  -9.0746980e-05  -0.00019997960  -1.6575749e-05  4.4258917e-05  -5.2861711e-05  9.0509026e-05  0.00079044233  0.00035925255  6.1688462e-05  0.0000000   0.0042762499  3.9332876e-05  5.4214552e-05  0.00023831780  -0.00016177800  -0.00028502755  
-1.8924239e-05  -0.00012507420  -8.2705452e-07  -1.3655638e-05  -1.2397972e-05  -1.2981294e-05  8.2472875e-05  3.8501846e-05  -3.3972243e-05  4.0655993e-05  -3.6297836e-05  -5.0798474e-05  -0.00019445550  5.3372309e-05  1.3835737e-05  1.2785832e-05  0.00011253266  1.9570829e-05  -7.7589835e-05  -2.3659169e-05  0.00081559954  -0.0013187175  0.00046575408  -0.00012427495  -0.0042762499  0.0000000   8.2606316e-05  3.4340759e-05  -0.00059527136  0.00034386879  -0.00010994250  -1.8924239e-05  -0.00012507420  -8.2705452e-07  -1.3655638e-05  -1.2397972e-05  -1.2981294e-05  8.2472875e-05  3.8501846e-05  -3.3972243e-05  4.0655993e-05  -3.6297836e-05  -5.0798474e-05  -0.00019445550  5.3372309e-05  1.3835737e-05  1.2785832e-05  0.00011253266  1.9570829e-05  -7.7589835e-05  -2.3659169e-05  0.00081559954  -0.0013187175  0.00046575408  -0.00012427495  -0.0042762499  0.0000000   8.2606316e-05  3.4340759e-05  -0.00059527136  0.00034386879  -0.00010994250  
-1.2686181e-05  -4.1588413e-06  -7.5017429e-05  0.00016982098  -7.9488712e-05  -0.00013919352  2.0930732e-05  2.7573766e-05  0.00010499167  0.00014122060  -0.00016645843  0.00012514495  3.2512538e-05  0.00015449990  0.00012759379  3.0440842e-05  2.4560347e-05  -0.00014473980  5.6005591e-05  0.00054648984  1.2607041e-05  2.0304857e-05  1.1193398e-05  0.00044154977  -3.9332876e-05  -8.2606316e-05  0.0000000   0.0010986655  -7.1416189e-05  -4.9588448e-05  0.00017516718  -1.2686181e-05  -4.1588413e-06  -7.5017429e-05  0.00016982098  -7.9488712e-05  -0.00013919352  2.0930732e-05  2.7573766e-05  0.00010499167  0.00014122060  -0.00016645843  0.00012514495  3.2512538e-05  0.00015449990  0.00012759379  3.0440842e-05  2.4560347e-05  -0.00014473980  5.6005591e-05  0.00054648984  1.2607041e-05  2.0304857e-05  1.1193398e-05  0.00044154977  -3.9332876e-05  -8.2606316e-05  0.0000000   0.0010986655  -7.1416189e-05  -4.9588448e-05  0.00017516718  
6.9680641e-05  -6.8667080e-06  9.4261924e-05  3.2814717e-05  0.00010300029  0.00014663924  -2.4235552e-05  -8.4219761e-06  1.5829530e-05  -0.00019639041  7.1691818e-05  1.4624001e-05  1.3418558e-05  1.0254920e-05  -0.00012623423  -7.9160931e-06  -1.8255546e-06  -5.9605706e-06  -2.5662142e-05  -0.00041407660  -3.0538646e-05  -5.3496164e-05  3.5966611e-05  8.6768327e-05  -5.4214552e-05  -3.4340759e-05  -0.0010986655  0.0000000   -7.5583280e-05  3.9792234e-05  0.00043248857  6.9680641e-05  -6.8667080e-06  9.4261924e-05  3.2814717e-05  0.00010300029  0.00014663924  -2.4235552e-05  -8.4219761e-06  1.5829530e-05  -0.00019639041  7.1691818e-05  1.4624001e-05  1.3418558e-05  1.0254920e-05  -0.00012623423  -7.9160931e-06  -1.8255546e-06  -5.9605706e-06  -2.5662142e-05  -0.00041407660  -3.0538646e-05  -5.3496164e-05  3.5966611e-05  8.6768327e-05  -5.4214552e-05  -3.4340759e-05  -0.0010986655  0.0000000   -7.5583280e-05  3.9792234e-05  0.00043248857  
-6.2250101e-06  5.9198094e-05  -4.5686136e-06  -1.7126257e-05  -7.6729147e-05  -5.3684150e-05  -0.00011331737  -3.3846493e-05  2.3492942e-05  3.5884165e-05  -5.0252726e-05  -5.5768427e-05  0.00013459157  -4.9290348e-05  2.5149459e-05  9.1335533e-05  5.6090825e-05  -1.4017107e-05  -7.6006174e-06  2.7431070e-05  -2.7099415e-05  -0.00038469428  8.3208237e-05  1.1513843e-05  -0.00023831780  0.00059527136  7.1416189e-05  7.5583280e-05  0.0000000   0.00064419357  0.00095616652  -6.2250101e-06  5.9198094e-05  -4.5686136e-06  -1.7126257e-05  -7.6729147e-05  -5.3684150e-05  -0.00011331737  -3.3846493e-05  2.3492942e-05  3.5884165e-05  -5.0252726e-05  -5.5768427e-05  0.00013459157  -4.9290348e-05  2.5149459e-05  9.1335533e-05  5.6090825e-05  -1.4017107e-05  -7.6006174e-06  2.7431070e-05  -2.7099415e-05  -0.00038469428  8.3208237e-05  1.1513843e-05  -0.00023831780  0.00059527136  7.1416189e-05  7.5583280e-05  0.0000000   0.00064419357  0.00095616652  
9.4059026e-06  -0.00012851176  -1.1817796e-05  2.3454807e-05  -0.00010456059  -5.3353633e-05  -7.7036338e-05  -7.6733523e-05  2.9226420e-05  5.1150389e-05  4.5123763e-05  -8.2180222e-05  7.3937452e-05  -7.3978588e-05  5.0585327e-05  -8.8236713e-06  1.7372765e-05  3.7612113e-05  -2.5903633e-05  -4.7142529e-05  0.00014431189  0.00037192103  0.00029629780  6.4350800e-06  0.00016177800  -0.00034386879  4.9588448e-05  -3.9792234e-05  -0.00064419357  0.0000000   0.012732998  9.4059026e-06  -0.00012851176  -1.1817796e-05  2.3454807e-05  -0.00010456059  -5.3353633e-05  -7.7036338e-05  -7.6733523e-05  2.9226420e-05  5.1150389e-05  4.5123763e-05  -8.2180222e-05  7.3937452e-05  -7.3978588e-05  5.0585327e-05  -8.8236713e-06  1.7372765e-05  3.7612113e-05  -2.5903633e-05  -4.7142529e-05  0.00014431189  0.00037192103  0.00029629780  6.4350800e-06  0.00016177800  -0.00034386879  4.9588448e-05  -3.9792234e-05  -0.00064419357  0.0000000   0.012732998  
2.0381346e-05  2.5308907e-05  4.4394271e-05  -1.9401264e-05  5.2031342e-05  -9.4193107e-05  9.4478875e-05  -0.00010772869  2.1461112e-05  1.8315173e-05  -0.00010382497  -1.5105694e-05  0.00012786221  -4.0759664e-05  -1.9642276e-05  0.00012258621  -0.00011289640  1.1719637e-05  5.4121420e-05  3.8402696e-05  1.0061697e-05  -6.3699395e-05  -5.4187392e-05  0.00013322676  0.00028502755  0.00010994250  -0.00017516718  -0.00043248857  -0.00095616652  -0.012732998  0.0000000   2.0381346e-05  2.5308907e-05  4.4394271e-05  -1.9401264e-05  5.2031342e-05  -9.4193107e-05  9.4478875e-05  -0.00010772869  2.1461112e-05  1.8315173e-05  -0.00010382497  -1.5105694e-05  0.00012786221  -4.0759664e-05  -1.9642276e-05  0.00012258621  -0.00011289640  1.1719637e-05  5.4121420e-05  3.8402696e-05  1.0061697e-05  -6.3699395e-05  -5.4187392e-05  0.00013322676  0.00028502755  0.00010994250  -0.00017516718  -0.00043248857  -0.00095616652  -0.012732998  0.0000000   
0.0000000   7.9561057e-05  -0.00060033969  -0.00037555797  -0.00012885873  -0.00055487068  6.9294789e-05  7.4284123e-05  0.00030865775  0.00015149641  -0.00021250081  -0.00021397495  2.8537803e-05  0.00019385586  -0.00017304731  -1.6251876e-05  9.8852448e-06  4.0737847e-05  5.9548855e-05  2.3298774e-05  -1.5555083e-05  -1.5976158e-05  8.1120112e-06  -3.4683604e-05  1.1362697e-05  1.8924239e-05  1.2686181e-05  -6.9680641e-05  6.2250101e-06  -9.4059026e-06  -2.0381346e-05  0.0000000   7.9561057e-05  -0.00060033969  -0.00037555797  -0.00012885873  -0.00055487068  6.9294789e-05  7.4284123e-05  0.00030865775  0.00015149641  -0.00021250081  -0.00021397495  2.8537803e-05  0.00019385586  -0.00017304731  -1.6251876e-05  9.8852448e-06  4.0737847e-05  5.9548855e-05  2.3298774e-05  -1.5555083e-05  -1.5976158e-05  8.1120112e-06  -3.4683604e-05  1.1362697e-05  1.8924239e-05  1.2686181e-05  -6.9680641e-05  6.2250101e-06  -9.4059026e-06  -2.0381346e-05  
-7.9561057e-05  0.0000000   -1.8205788e-05  5.6111434e-05  -0.00014865744  0.00010690297  3.7139410e-05  -0.00038657683  3.1099977e-05  -4.9532725e-07  8.5441531e-05  7.3609280e-05  -0.00042935917  7.1133101e-05  7.5737454e-06  -6.2302966e-05  -0.00011865310  -1.5060740e-06  -9.3909206e-06  3.9352213e-06  -0.00010548584  -0.00025712736  0.00020516708  2.8076716e-05  7.5716125e-05  0.00012507420  4.1588413e-06  6.8667080e-06  -5.9198094e-05  0.00012851176  -2.5308907e-05  -7.9561057e-05  0.0000000   -1.8205788e-05  5.6111434e-05  -0.00014865744  0.00010690297  3.7139410e-05  -0.00038657683  3.1099977e-05  -4.9532725e-07  8.5441531e-05  7.3609280e-05  -0.00042935917  7.1133101e-05  7.5737454e-06  -6.2302966e-05  -0.00011865310  -1.5060740e-06  -9.3909206e-06  3.9352213e-06  -0.00010548584  -0.00025712736  0.00020516708  2.8076716e-05  7.5716125e-05  0.00012507420  4.1588413e-06  6.8667080e-06  -5.9198094e-05  0.00012851176  -2.5308907e-05  
0.00060033969  1.8205788e-05  0.0000000   0.0016007784  -0.0020492099  -0.00072641031  0.00021411750  3.5913403e-05  0.00030862023  0.00049271669  -8.9934874e-05  -8.7287898e-06  1.2719226e-05  -5.1258502e-05  0.00020059963  2.7462227e-05  2.4284631e-05  0.00012142256  -0.00014127933  -0.00011158957  2.1767723e-05  1.3126046e-05  1.6965015e-06  -0.00013655443  -6.2325569e-06  8.2705452e-07  7.5017429e-05  -9.4261924e-05  4.5686136e-06  1.1817796e-05  -4.4394271e-05  0.00060033969  1.8205788e-05  0.0000000   0.0016007784  -0.0020492099  -0.00072641031  0.00021411750  3.5913403e-05  0.00030862023  0.00049271669  -8.9934874e-05  -8.7287898e-06  1.2719226e-05  -5.1258502e-05  0.00020059963  2.7462227e-05  2.4284631e-05  0.00012142256  -0.00014127933  -0.00011158957  2.1767723e-05  1.3126046e-05  1.6965015e-06  -0.00013655443  -6.2325569e-06  8.2705452e-07  7.5017429e-05  -9.4261924e-05  4.5686136e-06  1.1817796e-05  -4.4394271e-05  
0.00037555797  -5.6111434e-05  -0.0016007784  0.0000000   0.0018198612  -0.0021977549  -0.00024720807  8.9640044e-05  -0.00062943389  0.00063443070  -0.00037793930  -0.00018510880  -7.7206692e-05  -0.00021238843  8.9180738e-05  1.7265044e-05  5.9989304e-06  6.7836528e-05  0.00014487337  -9.5486367e-05  -2.0942358e-05  -1.6550974e-06  -1.5725249e-05  1.9456977e-05  -5.4614319e-06  1.3655638e-05  -0.00016982098  -3.2814717e-05  1.7126257e-05  -2.3454807e-05  1.9401264e-05  0.00037555797  -5.6111434e-05  -0.0016007784  0.0000000   0.0018198612  -0.0021977549  -0.00024720807  8.9640044e-05  -0.00062943389  0.00063443070  -0.00037793930  -0.00018510880  -7.7206692e-05  -0.00021238843  8.9180738e-05  1.7265044e-05  5.9989304e-06  6.7836528e-05  0.00014487337  -9.5486367e-05  -2.0942358e-05  -1.6550974e-06  -1.5725249e-05  1.9456977e-05  -5.4614319e-06  1.3655638e-05  -0.00016982098  -3.2814717e-05  1.7126257e-05  -2.3454807e-05  1.9401264e-05  
0.00012885873  0.00014865744  0.0020492099  -0.0018198612  0.0000000   -0.010514784  0.00016341436  0.00087157782  0.00066160547  0.00098075870  -0.00046233734  6.1601432e-05  6.5163044e-06  0.00043826033  8.5486259e-05  5.2523756e-05  5.6284904e-05  0.00012983962  -7.7603102e-05  -0.00017726616  -7.5786934e-05  -2.0207577e-05  1.0254269e-06  -0.00018952679  3.0758303e-05  1.2397972e-05  7.9488712e-05  -0.00010300029  7.6729147e-05  0.00010456059  -5.2031342e-05  0.00012885873  0.00014865744  0.0020492099  -0.0018198612  0.0000000   -0.010514784  0.00016341436  0.00087157782  0.00066160547  0.00098075870  -0.00046233734  6.1601432e-05  6.5163044e-06  0.00043826033  8.5486259e-05  5.2523756e-05  5.6284904e-05  0.00012983962  -7.7603102e-05  -0.00017726616  -7.5786934e-05  -2.0207577e-05  1.0254269e-06  -0.00018952679  3.0758303e-05  1.2397972e-05  7.9488712e-05  -0.00010300029  7.6729147e-05  0.00010456059  -5.2031342e-05  
0.00055487068  -0.00010690297  0.00072641031  0.0021977549  0.010514784  0.0000000   -0.0016593494  0.00043126240  -0.00074485552  0.00023227664  -0.00019265978  0.00065184119  -1.2253072e-05  0.00047514334  -5.9885089e-05  -7.2953613e-05  -5.0906013e-05  -0.00015296386  4.0351827e-05  0.00040576611  -1.2251673e-05  -9.3397943e-05  -5.2123906e-06  -8.5440811e-05  -4.2208064e-05  1.2981294e-05  0.00013919352  -0.00014663924  5.3684150e-05  5.3353633e-05  9.4193107e-05  0.00055487068  -0.00010690297  0.00072641031  0.0021977549  0.010514784  0.0000000   -0.0016593494  0.00043126240  -0.00074485552  0.00023227664  -0.00019265978  0.00065184119  -1.2253072e-05  0.00047514334  -5.9885089e-05  -7.2953613e-05  -5.0906013e-05  -0.00015296386  4.0351827e-05  0.00040576611  -1.2251673e-05  -9.3397943e-05  -5.2123906e-06  -8.5440811e-05  -4.2208064e-05  1.2981294e-05  0.00013919352  -0.00014663924  5.3684150e-05  5.3353633e-05  9.4193107e-05  
-6.9294789e-05  -3.7139410e-05  -0.00021411750  0.00024720807  -0.00016341436  0.0016593494  0.0000000   0.00045381362  -0.00021636160  -0.00017414101  3.5761052e-05  5.7426627e-05  0.00034367394  -0.00017197473  -1.0174409e-06  -0.00016334394  0.00019252934  -1.9569227e-05  -7.2400256e-07  3.8438269e-05  -9.3698871e-05  4.4624497e-05  0.00011299660  2.9675064e-05  0.00014244186  -8.2472875e-05  -2.0930732e-05  2.4235552e-05  0.00011331737  7.7036338e-05  -9.4478875e-05  -6.9294789e-05  -3.7139410e-05  -0.00021411750  0.00024720807  -0.00016341436  0.0016593494  0.0000000   0.00045381362  -0.00021636160  -0.00017414101  3.5761052e-05  5.7426627e-05  0.00034367394  -0.00017197473  -1.0174409e-06  -0.00016334394  0.00019252934  -1.9569227e-05  -7.2400256e-07  3.8438269e-05  -9.3698871e-05  4.4624497e-05  0.00011299660  2.9675064e-05  0.00014244186  -8.2472875e-05  -2.0930732e-05  2.4235552e-05  0.00011331737  7.7036338e-05  -9.4478875e-05  
-7.4284123e-05  0.00038657683  -3.5913403e-05  -8.9640044e-05  -0.00087157782  -0.00043126240  -0.00045381362  0.0000000   6.9437076e-05  0.00034102069  -1.6687411e-05  0.00021283700  -0.00080694746  0.00010659339  -3.4180538e-05  2.5484777e-05  8.0025350e-05  5.1021113e-05  -2.7887396e-05  -9.7971631e-06  -0.00015148674  0.00026108306  7.1900114e-06  -2.1557727e-05  8.5846207e-05  -3.8501846e-05  -2.7573766e-05  8.4219761e-06  3.3846493e-05  7.6733523e-05  0.00010772869  -7.4284123e-05  0.00038657683  -3.5913403e-05  -8.9640044e-05  -0.00087157782  -0.00043126240  -0.00045381362  0.0000000   6.9437076e-05  0.00034102069  -1.6687411e-05  0.00021283700  -0.00080694746  0.00010659339  -3.4180538e-05  2.5484777e-05  8.0025350e-05  5.1021113e-05  -2.7887396e-05  -9.7971631e-06  -0.00015148674  0.00026108306  7.1900114e-06  -2.1557727e-05  8.5846207e-05  -3.8501846e-05  -2.7573766e-05  8.4219761e-06  3.3846493e-05  7.6733523e-05  0.00010772869  
-0.00030865775  -3.1099977e-05  -0.00030862023  0.00062943389  -0.00066160547  0.00074485552  0.00021636160  -6.9437076e-05  0.0000000   0.0013414177  -0.00048146782  -0.00025683967  0.00013170311  -0.00041470041  -9.9464832e-05  9.2053659e-06  -3.7682215e-05  0.00010660963  -9.8340354e-05  -1.3680258e-07  5.2303817e-05  -4.4585027e-05  -1.1599420e-05  -7.7916036e-05  -1.4302107e-05  3.3972243e-05  -0.00010499167  -1.5829530e-05  -2.3492942e-05  -2.9226420e-05  -2.1461112e-05  -0.00030865775  -3.1099977e-05  -0.00030862023  0.00062943389  -0.00066160547  0.00074485552  0.00021636160  -6.9437076e-05  0.0000000   0.0013414177  -0.00048146782  -0.00025683967  0.00013170311  -0.00041470041  -9.9464832e-05  9.2053659e-06  -3.7682215e-05  0.00010660963  -9.8340354e-05  -1.3680258e-07  5.2303817e-05  -4.4585027e-05  -1.1599420e-05  -7.7916036e-05  -1.4302107e-05  3.3972243e-05  -0.00010499167  -1.5829530e-05  -2.3492942e-05  -2.9226420e-05  -2.1461112e-05  
-0.00015149641  4.9532725e-07  -0.00049271669  -0.00063443070  -0.00098075870  -0.00023227664  0.00017414101  -0.00034102069  -0.0013414177  0.0000000   0.00056342407  -0.00025211201  -0.00037097661  -0.0016146053  -0.00019881596  -2.7181876e-05  -7.0875375e-05  0.00018070010  2.3738445e-05  -0.00039547196  -2.8866704e-06  -9.2048475e-06  1.0800388e-05  -0.00012969221  1.2441160e-05  -4.0655993e-05  -0.00014122060  0.00019639041  -3.5884165e-05  -5.1150389e-05  -1.8315173e-05  -0.00015149641  4.9532725e-07  -0.00049271669  -0.00063443070  -0.00098075870  -0.00023227664  0.00017414101  -0.00034102069  -0.0013414177  0.0000000   0.00056342407  -0.00025211201  -0.00037097661  -0.0016146053  -0.00019881596  -2.7181876e-05  -7.0875375e-05  0.00018070010  2.3738445e-05  -0.00039547196  -2.8866704e-06  -9.2048475e-06  1.0800388e-05  -0.00012969221  1.2441160e-05  -4.0655993e-05  -0.00014122060  0.00019639041  -3.5884165e-05  -5.1150389e-05  -1.8315173e-05  
0.00021250081  -8.5441531e-05  8.9934874e-05  0.00037793930  0.00046233734  0.00019265978  -3.5761052e-05  1.6687411e-05  0.00048146782  -0.00056342407  0.0000000   0.0092734040  0.00027738638  0.00083622823  0.00029193003  0.00030056656  0.00013176961  -0.00035475658  0.00018544179  0.00071428658  6.5140937e-05  -6.1115932e-05  -0.00010977884  0.00019416503  -4.8076746e-06  3.6297836e-05  0.00016645843  -7.1691818e-05  5.0252726e-05  -4.5123763e-05  0.00010382497  0.00021250081  -8.5441531e-05  8.9934874e-05  0.00037793930  0.00046233734  0.00019265978  -3.5761052e-05  1.6687411e-05  0.00048146782  -0.00056342407  0.0000000   0.0092734040  0.00027738638  0.00083622823  0.00029193003  0.00030056656  0.00013176961  -0.00035475658  0.00018544179  0.00071428658  6.5140937e-05  -6.1115932e-05  -0.00010977884  0.00019416503  -4.8076746e-06  3.6297836e-05  0.00016645843  -7.1691818e-05  5.0252726e-05  -4.5123763e-05  0.00010382497  
