0.0000000   0.0041727311  -0.00044942532  -3.7754384e-05  0.00064996233  -6.8825300e-05  -1.4886814e-06  -0.00014886596  -1.3370880e-05  3.2957655e-05  0.00017108641  -8.0327300e-05  0.00010187764  8.4367704e-05  -0.00012476744  7.4036618e-05  0.00022259746  -2.7293950e-05  -0.00012725776  3.0225288e-05  5.1107237e-06  2.6214318e-05  0.00011592130  -5.8189904e-05  5.1167597e-07  -1.3754201e-05  0.00010184191  -0.00011609035  1.5136236e-06  -7.0901435e-05  2.2428153e-05  0.0000000   0.0041727311  -0.00044942532  -3.7754384e-05  0.00064996233  -6.8825300e-05  -1.4886814e-06  -0.00014886596  -1.3370880e-05  3.2957655e-05  0.00017108641  -8.0327300e-05  0.00010187764  8.4367704e-05  -0.00012476744  7.4036618e-05  0.00022259746  -2.7293950e-05  -0.00012725776  3.0225288e-05  5.1107237e-06  2.6214318e-05  0.00011592130  -5.8189904e-05  5.1167597e-07  -1.3754201e-05  0.00010184191  -0.00011609035  1.5136236e-06  -7.0901435e-05  2.2428153e-05  
-0.0041727311  0.0000000   -0.0014477838  -0.00010334399  0.00065325140  4.1756664e-05  -6.1523916e-05  -2.5746725e-05  -6.4170144e-05  0.00024259190  0.00035360790  8.0411347e-05  -0.00010690336  -0.00030423278  6.0006032e-05  5.8463946e-05  -7.2265886e-05  -1.3617687e-05  -0.00032045193  5.4705096e-05  7.1175403e-06  0.00012975301  -0.00010351608  0.00028851552  2.1506396e-05  -2.8723711e-05  -7.3154249e-05  4.5852224e-05  -2.3309406e-05  -1.8136784e-05  2.8899767e-06  -0.0041727311  0.0000000   -0.0014477838  -0.00010334399  0.00065325140  4.1756664e-05  -6.1523916e-05  -2.5746725e-05  -6.4170144e-05  0.00024259190  0.00035360790  8.0411347e-05  -0.00010690336  -0.00030423278  6.0006032e-05  5.8463946e-05  -7.2265886e-05  -1.3617687e-05  -0.00032045193  5.4705096e-05  7.1175403e-06  0.00012975301  -0.00010351608  0.00028851552  2.1506396e-05  -2.8723711e-05  -7.3154249e-05  4.5852224e-05  -2.3309406e-05  -1.8136784e-05  2.8899767e-06  
0.00044942532  0.0014477838  0.0000000   7.9402130e-05  0.00058975627  -1.7679474e-05  -8.8514607e-05  -0.00014072440  -1.8167917e-05  4.8697321e-05  0.00013916492  -8.6617614e-05  0.00030006896  4.4755646e-05  -0.00019393884  7.0019188e-05  -0.00012982897  3.7909422e-05  0.00032505637  -0.00011945935  4.9598136e-06  -0.00028351816  0.00014070055  -0.00013234076  -3.2305450e-05  -3.5610303e-06  -0.00040290799  -7.6209161e-05  -2.4594165e-05  3.2815126e-05  -1.0221042e-05  0.00044942532  0.0014477838  0.0000000   7.9402130e-05  0.00058975627  -1.7679474e-05  -8.8514607e-05  -0.00014072440  -1.8167917e-05  4.8697321e-05  0.00013916492  -8.6617614e-05  0.00030006896  4.4755646e-05  -0.00019393884  7.0019188e-05  -0.00012982897  3.7909422e-05  0.00032505637  -0.00011945935  4.9598136e-06  -0.00028351816  0.00014070055  -0.00013234076  -3.2305450e-05  -3.5610303e-06  -0.00040290799  -7.6209161e-05  -2.4594165e-05  3.2815126e-05  -1.0221042e-05  
3.7754384e-05  0.00010334399  -7.9402130e-05  0.0000000   -0.00026478932  -0.0012193732  -0.00038618473  0.00035650146  0.00016607213  -0.0016882127  -2.5382926e-05  -0.00022764216  -0.00040680023  -3.7400637e-05  -4.0548492e-05  2.7429614e-05  -6.8993254e-06  -0.00012233763  -3.4059625e-05  -7.3295894e-05  4.9582548e-05  1.1875621e-05  6.7807937e-06  -1.8740218e-06  5.3650968e-05  -3.9045004e-05  -3.6507167e-05  -1.9521456e-05  9.4131919e-05  2.0435900e-05  0.00013418280  3.7754384e-05  0.00010334399  -7.9402130e-05  0.0000000   -0.00026478932  -0.0012193732  -0.00038618473  0.00035650146  0.00016607213  -0.0016882127  -2.5382926e-05  -0.00022764216  -0.00040680023  -3.7400637e-05  -4.0548492e-05  2.7429614e-05  -6.8993254e-06  -0.00012233763  -3.4059625e-05  -7.3295894e-05  4.9582548e-05  1.1875621e-05  6.7807937e-06  -1.8740218e-06  5.3650968e-05  -3.9045004e-05  -3.6507167e-05  -1.9521456e-05  9.4131919e-05  2.0435900e-05  0.00013418280  
-0.00064996233  -0.00065325140  -0.00058975627  0.00026478932  0.0000000   -6.4170458e-05  -0.00010589089  -0.00024215052  0.00030880104  -8.1344284e-05  0.00035323502  -3.8519339e-05  5.4438065e-05  0.00021374415  -1.6340998e-05  -0.00021167052  -4.4989911e-05  3.1360208e-05  4.7437647e-05  -6.3407811e-05  4.7098191e-05  -0.00020286009  9.8651660e-05  -3.2414044e-05  -8.8036356e-05  -5.5957279e-05  -2.3223833e-05  0.00014076480  -4.2122803e-05  -5.0939021e-05  8.7281370e-06  -0.00064996233  -0.00065325140  -0.00058975627  0.00026478932  0.0000000   -6.4170458e-05  -0.00010589089  -0.00024215052  0.00030880104  -8.1344284e-05  0.00035323502  -3.8519339e-05  5.4438065e-05  0.00021374415  -1.6340998e-05  -0.00021167052  -4.4989911e-05  3.1360208e-05  4.7437647e-05  -6.3407811e-05  4.7098191e-05  -0.00020286009  9.8651660e-05  -3.2414044e-05  -8.8036356e-05  -5.5957279e-05  -2.3223833e-05  0.00014076480  -4.2122803e-05  -5.0939021e-05  8.7281370e-06  
6.8825300e-05  -4.1756664e-05  1.7679474e-05  0.0012193732  6.4170458e-05  0.0000000   -0.00038974175  -0.0014240297  -4.3811470e-06  9.2624519e-05  -0.00015874725  -8.7725609e-05  0.00037656118  -9.0894876e-05  -4.1168598e-07  5.7677329e-05  5.6868821e-05  7.4727466e-05  -0.00011216795  -0.00014858282  0.00013074041  7.9854423e-05  -4.5878983e-05  4.8775122e-05  -0.00028931750  -0.00016264386  3.2395932e-05  -1.6333364e-05  -0.00016334272  -6.3639514e-06  3.3875839e-05  6.8825300e-05  -4.1756664e-05  1.7679474e-05  0.0012193732  6.4170458e-05  0.0000000   -0.00038974175  -0.0014240297  -4.3811470e-06  9.2624519e-05  -0.00015874725  -8.7725609e-05  0.00037656118  -9.0894876e-05  -4.1168598e-07  5.7677329e-05  5.6868821e-05  7.4727466e-05  -0.00011216795  -0.00014858282  0.00013074041  7.9854423e-05  -4.5878983e-05  4.8775122e-05  -0.00028931750  -0.00016264386  3.2395932e-05  -1.6333364e-05  -0.00016334272  -6.3639514e-06  3.3875839e-05  
1.4886814e-06  6.1523916e-05  8.8514607e-05  0.00038618473  0.00010589089  0.00038974175  0.0000000   0.0017365033  -0.0010438954  0.0012028849  2.7497279e-05  3.5879930e-05  0.00037270073  0.00010328808  -6.1330355e-05  1.9040993e-05  3.2246497e-05  0.00031420843  3.0271382e-05  0.00012832980  0.00044730926  -6.9315102e-06  4.1990671e-06  7.3741540e-06  -0.00023258529  9.9943868e-07  2.4955048e-05  2.0989283e-05  -0.00024102284  -1.3081475e-05  -0.00011977802  1.4886814e-06  6.1523916e-05  8.8514607e-05  0.00038618473  0.00010589089  0.00038974175  0.0000000   0.0017365033  -0.0010438954  0.0012028849  2.7497279e-05  3.5879930e-05  0.00037270073  0.00010328808  -6.1330355e-05  1.9040993e-05  3.2246497e-05  0.00031420843  3.0271382e-05  0.00012832980  0.00044730926  -6.9315102e-06  4.1990671e-06  7.3741540e-06  -0.00023258529  9.9943868e-07  2.4955048e-05  2.0989283e-05  -0.00024102284  -1.3081475e-05  -0.00011977802  
0.00014886596  2.5746725e-05  0.00014072440  -0.00035650146  0.00024215052  0.0014240297  -0.0017365033  0.0000000   0.0020270796  0.0023944385  2.2836573e-05  -0.00034268587  0.00028004917  1.2639418e-05  3.8393997e-05  4.3261711e-05  -4.8996454e-07  1.3995804e-05  -3.9978703e-05  -0.00039383787  -0.00018091046  1.0518980e-05  -2.3174612e-05  -3.5811940e-06  4.0076465e-05  -8.3300790e-05  1.0844056e-05  1.8312616e-05  0.00012686960  9.5026487e-06  -1.3779464e-05  0.00014886596  2.5746725e-05  0.00014072440  -0.00035650146  0.00024215052  0.0014240297  -0.0017365033  0.0000000   0.0020270796  0.0023944385  2.2836573e-05  -0.00034268587  0.00028004917  1.2639418e-05  3.8393997e-05  4.3261711e-05  -4.8996454e-07  1.3995804e-05  -3.9978703e-05  -0.00039383787  -0.00018091046  1.0518980e-05  -2.3174612e-05  -3.5811940e-06  4.0076465e-05  -8.3300790e-05  1.0844056e-05  1.8312616e-05  0.00012686960  9.5026487e-06  -1.3779464e-05  
1.3370880e-05  6.4170144e-05  1.8167917e-05  -0.00016607213  -0.00030880104  4.3811470e-06  0.0010438954  -0.0020270796  0.0000000   0.0092584334  -8.8467281e-05  0.00049167959  -0.00035180314  2.0404967e-05  -9.3992321e-05  9.4191122e-05  4.2736383e-05  -0.00026400211  9.1937358e-05  -0.00010337756  -0.00038234534  -5.4561293e-07  -5.9984143e-05  -5.2201427e-05  0.00025051098  -7.7220334e-07  -2.0132859e-05  3.3300337e-05  -6.0273949e-06  -8.8283746e-06  0.00023618150  1.3370880e-05  6.4170144e-05  1.8167917e-05  -0.00016607213  -0.00030880104  4.3811470e-06  0.0010438954  -0.0020270796  0.0000000   0.0092584334  -8.8467281e-05  0.00049167959  -0.00035180314  2.0404967e-05  -9.3992321e-05  9.4191122e-05  4.2736383e-05  -0.00026400211  9.1937358e-05  -0.00010337756  -0.00038234534  -5.4561293e-07  -5.9984143e-05  -5.2201427e-05  0.00025051098  -7.7220334e-07  -2.0132859e-05  3.3300337e-05  -6.0273949e-06  -8.8283746e-06  0.00023618150  
-3.2957655e-05  -0.00024259190  -4.8697321e-05  0.0016882127  8.1344284e-05  -9.2624519e-05  -0.0012028849  -0.0023944385  -0.0092584334  0.0000000   -0.00017339254  -0.00023285170  -0.00033139713  0.00011998861  0.00010720769  -0.00011049493  2.5634572e-05  -0.00043396028  -0.00016625249  -0.00024997850  -0.00061274867  -6.4706562e-06  -2.1812529e-05  -4.1132320e-05  0.00029217706  -2.0643242e-05  1.9267490e-05  3.0476440e-06  0.00018960324  -4.9661407e-05  0.00011515272  -3.2957655e-05  -0.00024259190  -4.8697321e-05  0.0016882127  8.1344284e-05  -9.2624519e-05  -0.0012028849  -0.0023944385  -0.0092584334  0.0000000   -0.00017339254  -0.00023285170  -0.00033139713  0.00011998861  0.00010720769  -0.00011049493  2.5634572e-05  -0.00043396028  -0.00016625249  -0.00024997850  -0.00061274867  -6.4706562e-06  -2.1812529e-05  -4.1132320e-05  0.00029217706  -2.0643242e-05  1.9267490e-05  3.0476440e-06  0.00018960324  -4.9661407e-05  0.00011515272  
-0.00017108641  -0.00035360790  -0.00013916492  2.5382926e-05  -0.00035323502  0.00015874725  -2.7497279e-05  -2.2836573e-05  8.8467281e-05  0.00017339254  0.0000000   -0.00014214183  -0.00057434952  0.0030654592  -0.0011993055  -0.00024015083  0.00085924314  -5.4875573e-05  0.00016982641  -1.0388211e-05  3.5727525e-05  1.9841721e-05  -0.00020663397  -0.00045628729  -3.2423230e-05  -6.2142742e-06  6.6769096e-05  -0.00011012414  -1.6261574e-05  2.5926988e-05  -7.1972313e-07  -0.00017108641  -0.00035360790  -0.00013916492  2.5382926e-05  -0.00035323502  0.00015874725  -2.7497279e-05  -2.2836573e-05  8.8467281e-05  0.00017339254  0.0000000   -0.00014214183  -0.00057434952  0.0030654592  -0.0011993055  -0.00024015083  0.00085924314  -5.4875573e-05  0.00016982641  -1.0388211e-05  3.5727525e-05  1.9841721e-05  -0.00020663397  -0.00045628729  -3.2423230e-05  -6.2142742e-06  6.6769096e-05  -0.00011012414  -1.6261574e-05  2.5926988e-05  -7.1972313e-07  
8.0327300e-05  -8.0411347e-05  8.6617614e-05  0.00022764216  3.8519339e-05  8.7725609e-05  -3.5879930e-05  0.00034268587  -0.00049167959  0.00023285170  0.00014214183  0.0000000   0.020010304  0.0010853436  -0.00018286564  0.00024545350  -0.00032355204  -0.00030276924  0.00057601576  5.9288047e-05  0.00053394077  -0.00020499187  1.1297771e-06  2.3714459e-05  -1.3594831e-05  -5.7973546e-06  8.1400131e-05  2.0200191e-05  0.00010243722  8.3671148e-06  -0.00032714403  8.0327300e-05  -8.0411347e-05  8.6617614e-05  0.00022764216  3.8519339e-05  8.7725609e-05  -3.5879930e-05  0.00034268587  -0.00049167959  0.00023285170  0.00014214183  0.0000000   0.020010304  0.0010853436  -0.00018286564  0.00024545350  -0.00032355204  -0.00030276924  0.00057601576  5.9288047e-05  0.00053394077  -0.00020499187  1.1297771e-06  2.3714459e-05  -1.3594831e-05  -5.7973546e-06  8.1400131e-05  2.0200191e-05  0.00010243722  8.3671148e-06  -0.00032714403  
-0.00010187764  0.00010690336  -0.00030006896  0.00040680023  -5.4438065e-05  -0.00037656118  -0.00037270073  -0.00028004917  0.00035180314  0.00033139713  0.00057434952  -0.020010304  0.0000000   0.00080531830  0.00092648291  -0.00017802921  2.2613606e-05  5.3144888e-05  4.0769888e-05  -0.00021898901  -0.00036785880  -2.8881324e-05  -4.6493255e-05  -2.8573093e-05  0.00014701225  6.6944170e-05  -3.7726571e-05  2.9095662e-05  0.00023424196  -1.9647975e-05  1.0089448e-05  -0.00010187764  0.00010690336  -0.00030006896  0.00040680023  -5.4438065e-05  -0.00037656118  -0.00037270073  -0.00028004917  0.00035180314  0.00033139713  0.00057434952  -0.020010304  0.0000000   0.00080531830  0.00092648291  -0.00017802921  2.2613606e-05  5.3144888e-05  4.0769888e-05  -0.00021898901  -0.00036785880  -2.8881324e-05  -4.6493255e-05  -2.8573093e-05  0.00014701225  6.6944170e-05  -3.7726571e-05  2.9095662e-05  0.00023424196  -1.9647975e-05  1.0089448e-05  
-8.4367704e-05  0.00030423278  -4.4755646e-05  3.7400637e-05  -0.00021374415  9.0894876e-05  -0.00010328808  -1.2639418e-05  -2.0404967e-05  -0.00011998861  -0.0030654592  -0.0010853436  -0.00080531830  0.0000000   -0.010020120  0.0012144594  0.0015328013  -9.9573955e-05  0.00017387057  9.1118906e-06  0.00016087229  0.00027756807  8.1898764e-05  -0.00028439560  -3.3469916e-05  5.1797335e-05  -8.8564102e-05  0.00021467736  -1.3445977e-05  -0.00011809099  -4.0812838e-05  -8.4367704e-05  0.00030423278  -4.4755646e-05  3.7400637e-05  -0.00021374415  9.0894876e-05  -0.00010328808  -1.2639418e-05  -2.0404967e-05  -0.00011998861  -0.0030654592  -0.0010853436  -0.00080531830  0.0000000   -0.010020120  0.0012144594  0.0015328013  -9.9573955e-05  0.00017387057  9.1118906e-06  0.00016087229  0.00027756807  8.1898764e-05  -0.00028439560  -3.3469916e-05  5.1797335e-05  -8.8564102e-05  0.00021467736  -1.3445977e-05  -0.00011809099  -4.0812838e-05  
0.00012476744  -6.0006032e-05  0.00019393884  4.0548492e-05  1.6340998e-05  4.1168598e-07  6.1330355e-05  -3.8393997e-05  9.3992321e-05  -0.00010720769  0.0011993055  0.00018286564  -0.00092648291  0.010020120  0.0000000   -0.0011433427  0.00093341039  -0.00012596566  -0.00049742975  0.00028653152  0.00011011250  0.00034595245  -0.00020209054  0.00027208971  -3.2848159e-05  -3.6657669e-05  -0.00021164875  -4.3618784e-05  -6.0179066e-05  1.2564936e-05  2.1560305e-05  0.00012476744  -6.0006032e-05  0.00019393884  4.0548492e-05  1.6340998e-05  4.1168598e-07  6.1330355e-05  -3.8393997e-05  9.3992321e-05  -0.00010720769  0.0011993055  0.00018286564  -0.00092648291  0.010020120  0.0000000   -0.0011433427  0.00093341039  -0.00012596566  -0.00049742975  0.00028653152  0.00011011250  0.00034595245  -0.00020209054  0.00027208971  -3.2848159e-05  -3.6657669e-05  -0.00021164875  -4.3618784e-05  -6.0179066e-05  1.2564936e-05  2.1560305e-05  
-7.4036618e-05  -5.8463946e-05  -7.0019188e-05  -2.7429614e-05  0.00021167052  -5.7677329e-05  -1.9040993e-05  -4.3261711e-05  -9.4191122e-05  0.00011049493  0.00024015083  -0.00024545350  0.00017802921  -0.0012144594  0.0011433427  0.0000000   0.0011242736  -0.00010078666  -0.00037778052  0.00010362449  -5.4847869e-05  2.6361361e-05  0.00033652555  -0.00035477627  1.6117623e-06  -1.3464888e-05  -1.0983378e-05  0.00010691250  2.0493783e-05  1.3130355e-05  -2.5057643e-06  -7.4036618e-05  -5.8463946e-05  -7.0019188e-05  -2.7429614e-05  0.00021167052  -5.7677329e-05  -1.9040993e-05  -4.3261711e-05  -9.4191122e-05  0.00011049493  0.00024015083  -0.00024545350  0.00017802921  -0.0012144594  0.0011433427  0.0000000   0.0011242736  -0.00010078666  -0.00037778052  0.00010362449  -5.4847869e-05  2.6361361e-05  0.00033652555  -0.00035477627  1.6117623e-06  -1.3464888e-05  -1.0983378e-05  0.00010691250  2.0493783e-05  1.3130355e-05  -2.5057643e-06  
-0.00022259746  7.2265886e-05  0.00012982897  6.8993254e-06  4.4989911e-05  -5.6868821e-05  -3.2246497e-05  4.8996454e-07  -4.2736383e-05  -2.5634572e-05  -0.00085924314  0.00032355204  -2.2613606e-05  -0.0015328013  -0.00093341039  -0.0011242736  0.0000000   0.00013683363  0.0027025793  -0.00078044777  2.0043485e-05  -0.00029739826  0.00039986349  -0.00039887493  -3.4652776e-05  2.2628617e-06  0.00046127592  7.3055732e-05  -2.2198724e-05  3.9181988e-05  5.6356163e-06  -0.00022259746  7.2265886e-05  0.00012982897  6.8993254e-06  4.4989911e-05  -5.6868821e-05  -3.2246497e-05  4.8996454e-07  -4.2736383e-05  -2.5634572e-05  -0.00085924314  0.00032355204  -2.2613606e-05  -0.0015328013  -0.00093341039  -0.0011242736  0.0000000   0.00013683363  0.0027025793  -0.00078044777  2.0043485e-05  -0.00029739826  0.00039986349  -0.00039887493  -3.4652776e-05  2.2628617e-06  0.00046127592  7.3055732e-05  -2.2198724e-05  3.9181988e-05  5.6356163e-06  
2.7293950e-05  1.3617687e-05  -3.7909422e-05  0.00012233763  -3.1360208e-05  -7.4727466e-05  -0.00031420843  -1.3995804e-05  0.00026400211  0.00043396028  5.4875573e-05  0.00030276924  -5.3144888e-05  9.9573955e-05  0.00012596566  0.00010078666  -0.00013683363  0.0000000   5.7953087e-05  0.00065152325  -0.00012849932  7.5642954e-05  -3.1224273e-05  1.3233442e-05  0.00040170425  -0.00022742423  -6.0501401e-05  -3.0011434e-05  -2.9663134e-05  -2.6634631e-06  0.00018476549  2.7293950e-05  1.3617687e-05  -3.7909422e-05  0.00012233763  -3.1360208e-05  -7.4727466e-05  -0.00031420843  -1.3995804e-05  0.00026400211  0.00043396028  5.4875573e-05  0.00030276924  -5.3144888e-05  9.9573955e-05  0.00012596566  0.00010078666  -0.00013683363  0.0000000   5.7953087e-05  0.00065152325  -0.00012849932  7.5642954e-05  -3.1224273e-05  1.3233442e-05  0.00040170425  -0.00022742423  -6.0501401e-05  -3.0011434e-05  -2.9663134e-05  -2.6634631e-06  0.00018476549  
0.00012725776  0.00032045193  -0.00032505637  3.4059625e-05  -4.7437647e-05  0.00011216795  -3.0271382e-05  3.9978703e-05  -9.1937358e-05  0.00016625249  -0.00016982641  -0.00057601576  -4.0769888e-05  -0.00017387057  0.00049742975  0.00037778052  -0.0027025793  -5.7953087e-05  0.0000000   -9.7349670e-05  -0.00027485984  0.00035115752  0.00062968425  0.00029242157  1.6289201e-05  9.6498801e-05  -0.00039087425  0.00037879706  8.0914584e-06  -9.2743328e-05  -6.8617901e-05  0.00012725776  0.00032045193  -0.00032505637  3.4059625e-05  -4.7437647e-05  0.00011216795  -3.0271382e-05  3.9978703e-05  -9.1937358e-05  0.00016625249  -0.00016982641  -0.00057601576  -4.0769888e-05  -0.00017387057  0.00049742975  0.00037778052  -0.0027025793  -5.7953087e-05  0.0000000   -9.7349670e-05  -0.00027485984  0.00035115752  0.00062968425  0.00029242157  1.6289201e-05  9.6498801e-05  -0.00039087425  0.00037879706  8.0914584e-06  -9.2743328e-05  -6.8617901e-05  
-3.0225288e-05  -5.4705096e-05  0.00011945935  7.3295894e-05  6.3407811e-05  0.00014858282  -0.00012832980  0.00039383787  0.00010337756  0.00024997850  1.0388211e-05  -5.9288047e-05  0.00021898901  -9.1118906e-06  -0.00028653152  -0.00010362449  0.00078044777  -0.00065152325  9.7349670e-05  0.0000000   -0.00063770434  -7.9760904e-05  -0.00024896797  -8.4306489e-05  -9.4283326e-05  0.00023509841  0.00012520511  -9.7693211e-05  -5.5902783e-05  1.7422865e-05  -0.00013423397  -3.0225288e-05  -5.4705096e-05  0.00011945935  7.3295894e-05  6.3407811e-05  0.00014858282  -0.00012832980  0.00039383787  0.00010337756  0.00024997850  1.0388211e-05  -5.9288047e-05  0.00021898901  -9.1118906e-06  -0.00028653152  -0.00010362449  0.00078044777  -0.00065152325  9.7349670e-05  0.0000000   -0.00063770434  -7.9760904e-05  -0.00024896797  -8.4306489e-05  -9.4283326e-05  0.00023509841  0.00012520511  -9.7693211e-05  -5.5902783e-05  1.7422865e-05  -0.00013423397  
-5.1107237e-06  -7.1175403e-06  -4.9598136e-06  -4.9582548e-05  -4.7098191e-05  -0.00013074041  -0.00044730926  0.00018091046  0.00038234534  0.00061274867  -3.5727525e-05  -0.00053394077  0.00036785880  -0.00016087229  -0.00011011250  5.4847869e-05  -2.0043485e-05  0.00012849932  0.00027485984  0.00063770434  0.0000000   8.1150615e-05  0.00016202747  -3.3413756e-05  -0.00023937987  -0.00034524192  4.0253079e-05  -2.1119828e-05  0.00014083649  4.8424423e-07  -0.00034850929  -5.1107237e-06  -7.1175403e-06  -4.9598136e-06  -4.9582548e-05  -4.7098191e-05  -0.00013074041  -0.00044730926  0.00018091046  0.00038234534  0.00061274867  -3.5727525e-05  -0.00053394077  0.00036785880  -0.00016087229  -0.00011011250  5.4847869e-05  -2.0043485e-05  0.00012849932  0.00027485984  0.00063770434  0.0000000   8.1150615e-05  0.00016202747  -3.3413756e-05  -0.00023937987  -0.00034524192  4.0253079e-05  -2.1119828e-05  0.00014083649  4.8424423e-07  -0.00034850929  
-2.6214318e-05  -0.00012975301  0.00028351816  -1.1875621e-05  0.00020286009  -7.9854423e-05  6.9315102e-06  -1.0518980e-05  5.4561293e-07  6.4706562e-06  -1.9841721e-05  0.00020499187  2.8881324e-05  -0.00027756807  -0.00034595245  -2.6361361e-05  0.00029739826  -7.5642954e-05  -0.00035115752  7.9760904e-05  -8.1150615e-05  0.0000000   0.0024212813  -0.00032938782  -3.1756900e-05  -2.4857889e-05  0.00065077116  0.00030917278  -2.3917849e-05  0.00012467207  -1.4923511e-05  -2.6214318e-05  -0.00012975301  0.00028351816  -1.1875621e-05  0.00020286009  -7.9854423e-05  6.9315102e-06  -1.0518980e-05  5.4561293e-07  6.4706562e-06  -1.9841721e-05  0.00020499187  2.8881324e-05  -0.00027756807  -0.00034595245  -2.6361361e-05  0.00029739826  -7.5642954e-05  -0.00035115752  7.9760904e-05  -8.1150615e-05  0.0000000   0.0024212813  -0.00032938782  -3.1756900e-05  -2.4857889e-05  0.00065077116  0.00030917278  -2.3917849e-05  0.00012467207  -1.4923511e-05  
-0.00011592130  0.00010351608  -0.00014070055  -6.7807937e-06  -9.8651660e-05  4.5878983e-05  -4.1990671e-06  2.3174612e-05  5.9984143e-05  2.1812529e-05  0.00020663397  -1.1297771e-06  4.6493255e-05  -8.1898764e-05  0.00020209054  -0.00033652555  -0.00039986349  3.1224273e-05  -0.00062968425  0.00024896797  -0.00016202747  -0.0024212813  0.0000000   -0.00018944373  -2.0800160e-06  -5.3714109e-05  -0.00018695446  0.00045324245  3.3403847e-05  -4.6736318e-05  -1.7742784e-05  -0.00011592130  0.00010351608  -0.00014070055  -6.7807937e-06  -9.8651660e-05  4.5878983e-05  -4.1990671e-06  2.3174612e-05  5.9984143e-05  2.1812529e-05  0.00020663397  -1.1297771e-06  4.6493255e-05  -8.1898764e-05  0.00020209054  -0.00033652555  -0.00039986349  3.1224273e-05  -0.00062968425  0.00024896797  -0.00016202747  -0.0024212813  0.0000000   -0.00018944373  -2.0800160e-06  -5.3714109e-05  -0.00018695446  0.00045324245  3.3403847e-05  -4.6736318e-05  -1.7742784e-05  
5.8189904e-05  -0.00028851552  0.00013234076  1.8740218e-06  3.2414044e-05  -4.8775122e-05  -7.3741540e-06  3.5811940e-06  5.2201427e-05  4.1132320e-05  0.00045628729  -2.3714459e-05  2.8573093e-05  0.00028439560  -0.00027208971  0.00035477627  0.00039887493  -1.3233442e-05  -0.00029242157  8.4306489e-05  3.3413756e-05  0.00032938782  0.00018944373  0.0000000   -8.2083151e-05  -1.4553022e-05  0.0012862231  -0.00089607080  -4.5834419e-06  -6.9652705e-05  7.0362412e-05  5.8189904e-05  -0.00028851552  0.00013234076  1.8740218e-06  3.2414044e-05  -4.8775122e-05  -7.3741540e-06  3.5811940e-06  5.2201427e-05  4.1132320e-05  0.00045628729  -2.3714459e-05  2.8573093e-05  0.00028439560  -0.00027208971  0.00035477627  0.00039887493  -1.3233442e-05  -0.00029242157  8.4306489e-05  3.3413756e-05  0.00032938782  0.00018944373  0.0000000   -8.2083151e-05  -1.4553022e-05  0.0012862231  -0.00089607080  -4.5834419e-06  -6.9652705e-05  7.0362412e-05  
-5.1167597e-07  -2.1506396e-05  3.2305450e-05  -5.3650968e-05  8.8036356e-05  0.00028931750  0.00023258529  -4.0076465e-05  -0.00025051098  -0.00029217706  3.2423230e-05  1.3594831e-05  -0.00014701225  3.3469916e-05  3.2848159e-05  -1.6117623e-06  3.4652776e-05  -0.00040170425  -1.6289201e-05  9.4283326e-05  0.00023937987  3.1756900e-05  2.0800160e-06  8.2083151e-05  0.0000000   0.0013998066  0.00013207518  0.00011483138  -0.00036565704  -1.1274963e-05  -0.00020090792  -5.1167597e-07  -2.1506396e-05  3.2305450e-05  -5.3650968e-05  8.8036356e-05  0.00028931750  0.00023258529  -4.0076465e-05  -0.00025051098  -0.00029217706  3.2423230e-05  1.3594831e-05  -0.00014701225  3.3469916e-05  3.2848159e-05  -1.6117623e-06  3.4652776e-05  -0.00040170425  -1.6289201e-05  9.4283326e-05  0.00023937987  3.1756900e-05  2.0800160e-06  8.2083151e-05  0.0000000   0.0013998066  0.00013207518  0.00011483138  -0.00036565704  -1.1274963e-05  -0.00020090792  
1.3754201e-05  2.8723711e-05  3.5610303e-06  3.9045004e-05  5.5957279e-05  0.00016264386  -9.9943868e-07  8.3300790e-05  7.7220334e-07  2.0643242e-05  6.2142742e-06  5.7973546e-06  -6.6944170e-05  -5.1797335e-05  3.6657669e-05  1.3464888e-05  -2.2628617e-06  0.00022742423  -9.6498801e-05  -0.00023509841  0.00034524192  2.4857889e-05  5.3714109e-05  1.4553022e-05  -0.0013998066  0.0000000   -0.00021557234  7.6832169e-05  2.2118552e-05  6.2708273e-05  0.00015864314  1.3754201e-05  2.8723711e-05  3.5610303e-06  3.9045004e-05  5.5957279e-05  0.00016264386  -9.9943868e-07  8.3300790e-05  7.7220334e-07  2.0643242e-05  6.2142742e-06  5.7973546e-06  -6.6944170e-05  -5.1797335e-05  3.6657669e-05  1.3464888e-05  -2.2628617e-06  0.00022742423  -9.6498801e-05  -0.00023509841  0.00034524192  2.4857889e-05  5.3714109e-05  1.4553022e-05  -0.0013998066  0.0000000   -0.00021557234  7.6832169e-05  2.2118552e-05  6.2708273e-05  0.00015864314  
-0.00010184191  7.3154249e-05  0.00040290799  3.6507167e-05  2.3223833e-05  -3.2395932e-05  -2.4955048e-05  -1.0844056e-05  2.0132859e-05  -1.9267490e-05  -6.6769096e-05  -8.1400131e-05  3.7726571e-05  8.8564102e-05  0.00021164875  1.0983378e-05  -0.00046127592  6.0501401e-05  0.00039087425  -0.00012520511  -4.0253079e-05  -0.00065077116  0.00018695446  -0.0012862231  -0.00013207518  0.00021557234  0.0000000   -0.0020989905  -6.4426900e-05  1.1480933e-06  -1.1159444e-05  -0.00010184191  7.3154249e-05  0.00040290799  3.6507167e-05  2.3223833e-05  -3.2395932e-05  -2.4955048e-05  -1.0844056e-05  2.0132859e-05  -1.9267490e-05  -6.6769096e-05  -8.1400131e-05  3.7726571e-05  8.8564102e-05  0.00021164875  1.0983378e-05  -0.00046127592  6.0501401e-05  0.00039087425  -0.00012520511  -4.0253079e-05  -0.00065077116  0.00018695446  -0.0012862231  -0.00013207518  0.00021557234  0.0000000   -0.0020989905  -6.4426900e-05  1.1480933e-06  -1.1159444e-05  
0.00011609035  -4.5852224e-05  7.6209161e-05  1.9521456e-05  -0.00014076480  1.6333364e-05  -2.0989283e-05  -1.8312616e-05  -3.3300337e-05  -3.0476440e-06  0.00011012414  -2.0200191e-05  -2.9095662e-05  -0.00021467736  4.3618784e-05  -0.00010691250  -7.3055732e-05  3.0011434e-05  -0.00037879706  9.7693211e-05  2.1119828e-05  -0.00030917278  -0.00045324245  0.00089607080  -0.00011483138  -7.6832169e-05  0.0020989905  0.0000000   0.00011488814  -0.00057014100  0.00011197834  0.00011609035  -4.5852224e-05  7.6209161e-05  1.9521456e-05  -0.00014076480  1.6333364e-05  -2.0989283e-05  -1.8312616e-05  -3.3300337e-05  -3.0476440e-06  0.00011012414  -2.0200191e-05  -2.9095662e-05  -0.00021467736  4.3618784e-05  -0.00010691250  -7.3055732e-05  3.0011434e-05  -0.00037879706  9.7693211e-05  2.1119828e-05  -0.00030917278  -0.00045324245  0.00089607080  -0.00011483138  -7.6832169e-05  0.0020989905  0.0000000   0.00011488814  -0.00057014100  0.00011197834  
-1.5136236e-06  2.3309406e-05  2.4594165e-05  -9.4131919e-05  4.2122803e-05  0.00016334272  0.00024102284  -0.00012686960  6.0273949e-06  -0.00018960324  1.6261574e-05  -0.00010243722  -0.00023424196  1.3445977e-05  6.0179066e-05  -2.0493783e-05  2.2198724e-05  2.9663134e-05  -8.0914584e-06  5.5902783e-05  -0.00014083649  2.3917849e-05  -3.3403847e-05  4.5834419e-06  0.00036565704  -2.2118552e-05  6.4426900e-05  -0.00011488814  0.0000000   -0.00013890481  -0.0020012786  -1.5136236e-06  2.3309406e-05  2.4594165e-05  -9.4131919e-05  4.2122803e-05  0.00016334272  0.00024102284  -0.00012686960  6.0273949e-06  -0.00018960324  1.6261574e-05  -0.00010243722  -0.00023424196  1.3445977e-05  6.0179066e-05  -2.0493783e-05  2.2198724e-05  2.9663134e-05  -8.0914584e-06  5.5902783e-05  -0.00014083649  2.3917849e-05  -3.3403847e-05  4.5834419e-06  0.00036565704  -2.2118552e-05  6.4426900e-05  -0.00011488814  0.0000000   -0.00013890481  -0.0020012786  
7.0901435e-05  1.8136784e-05  -3.2815126e-05  -2.0435900e-05  5.0939021e-05  6.3639514e-06  1.3081475e-05  -9.5026487e-06  8.8283746e-06  4.9661407e-05  -2.5926988e-05  -8.3671148e-06  1.9647975e-05  0.00011809099  -1.2564936e-05  -1.3130355e-05  -3.9181988e-05  2.6634631e-06  9.2743328e-05  -1.7422865e-05  -4.8424423e-07  -0.00012467207  4.6736318e-05  6.9652705e-05  1.1274963e-05  -6.2708273e-05  -1.1480933e-06  0.00057014100  0.00013890481  0.0000000   -6.8596146e-05  7.0901435e-05  1.8136784e-05  -3.2815126e-05  -2.0435900e-05  5.0939021e-05  6.3639514e-06  1.3081475e-05  -9.5026487e-06  8.8283746e-06  4.9661407e-05  -2.5926988e-05  -8.3671148e-06  1.9647975e-05  0.00011809099  -1.2564936e-05  -1.3130355e-05  -3.9181988e-05  2.6634631e-06  9.2743328e-05  -1.7422865e-05  -4.8424423e-07  -0.00012467207  4.6736318e-05  6.9652705e-05  1.1274963e-05  -6.2708273e-05  -1.1480933e-06  0.00057014100  0.00013890481  0.0000000   -6.8596146e-05  
-2.2428153e-05  -2.8899767e-06  1.0221042e-05  -0.00013418280  -8.7281370e-06  -3.3875839e-05  0.00011977802  1.3779464e-05  -0.00023618150  -0.00011515272  7.1972313e-07  0.00032714403  -1.0089448e-05  4.0812838e-05  -2.1560305e-05  2.5057643e-06  -5.6356163e-06  -0.00018476549  6.8617901e-05  0.00013423397  0.00034850929  1.4923511e-05  1.7742784e-05  -7.0362412e-05  0.00020090792  -0.00015864314  1.1159444e-05  -0.00011197834  0.0020012786  6.8596146e-05  0.0000000   -2.2428153e-05  -2.8899767e-06  1.0221042e-05  -0.00013418280  -8.7281370e-06  -3.3875839e-05  0.00011977802  1.3779464e-05  -0.00023618150  -0.00011515272  7.1972313e-07  0.00032714403  -1.0089448e-05  4.0812838e-05  -2.1560305e-05  2.5057643e-06  -5.6356163e-06  -0.00018476549  6.8617901e-05  0.00013423397  0.00034850929  1.4923511e-05  1.7742784e-05  -7.0362412e-05  0.00020090792  -0.00015864314  1.1159444e-05  -0.00011197834  0.0020012786  6.8596146e-05  0.0000000   
0.0000000   0.0041727311  -0.00044942532  -3.7754384e-05  0.00064996233  -6.8825300e-05  -1.4886814e-06  -0.00014886596  -1.3370880e-05  3.2957655e-05  0.00017108641  -8.0327300e-05  0.00010187764  8.4367704e-05  -0.00012476744  7.4036618e-05  0.00022259746  -2.7293950e-05  -0.00012725776  3.0225288e-05  5.1107237e-06  2.6214318e-05  0.00011592130  -5.8189904e-05  5.1167597e-07  -1.3754201e-05  0.00010184191  -0.00011609035  1.5136236e-06  -7.0901435e-05  2.2428153e-05  0.0000000   0.0041727311  -0.00044942532  -3.7754384e-05  0.00064996233  -6.8825300e-05  -1.4886814e-06  -0.00014886596  -1.3370880e-05  3.2957655e-05  0.00017108641  -8.0327300e-05  0.00010187764  8.4367704e-05  -0.00012476744  7.4036618e-05  0.00022259746  -2.7293950e-05  -0.00012725776  3.0225288e-05  5.1107237e-06  2.6214318e-05  0.00011592130  -5.8189904e-05  5.1167597e-07  -1.3754201e-05  0.00010184191  -0.00011609035  1.5136236e-06  -7.0901435e-05  2.2428153e-05  
-0.0041727311  0.0000000   -0.0014477838  -0.00010334399  0.00065325140  4.1756664e-05  -6.1523916e-05  -2.5746725e-05  -6.4170144e-05  0.00024259190  0.00035360790  8.0411347e-05  -0.00010690336  -0.00030423278  6.0006032e-05  5.8463946e-05  -7.2265886e-05  -1.3617687e-05  -0.00032045193  5.4705096e-05  7.1175403e-06  0.00012975301  -0.00010351608  0.00028851552  2.1506396e-05  -2.8723711e-05  -7.3154249e-05  4.5852224e-05  -2.3309406e-05  -1.8136784e-05  2.8899767e-06  -0.0041727311  0.0000000   -0.0014477838  -0.00010334399  0.00065325140  4.1756664e-05  -6.1523916e-05  -2.5746725e-05  -6.4170144e-05  0.00024259190  0.00035360790  8.0411347e-05  -0.00010690336  -0.00030423278  6.0006032e-05  5.8463946e-05  -7.2265886e-05  -1.3617687e-05  -0.00032045193  5.4705096e-05  7.1175403e-06  0.00012975301  -0.00010351608  0.00028851552  2.1506396e-05  -2.8723711e-05  -7.3154249e-05  4.5852224e-05  -2.3309406e-05  -1.8136784e-05  2.8899767e-06  
0.00044942532  0.0014477838  0.0000000   7.9402130e-05  0.00058975627  -1.7679474e-05  -8.8514607e-05  -0.00014072440  -1.8167917e-05  4.8697321e-05  0.00013916492  -8.6617614e-05  0.00030006896  4.4755646e-05  -0.00019393884  7.0019188e-05  -0.00012982897  3.7909422e-05  0.00032505637  -0.00011945935  4.9598136e-06  -0.00028351816  0.00014070055  -0.00013234076  -3.2305450e-05  -3.5610303e-06  -0.00040290799  -7.6209161e-05  -2.4594165e-05  3.2815126e-05  -1.0221042e-05  0.00044942532  0.0014477838  0.0000000   7.9402130e-05  0.00058975627  -1.7679474e-05  -8.8514607e-05  -0.00014072440  -1.8167917e-05  4.8697321e-05  0.00013916492  -8.6617614e-05  0.00030006896  4.4755646e-05  -0.00019393884  7.0019188e-05  -0.00012982897  3.7909422e-05  0.00032505637  -0.00011945935  4.9598136e-06  -0.00028351816  0.00014070055  -0.00013234076  -3.2305450e-05  -3.5610303e-06  -0.00040290799  -7.6209161e-05  -2.4594165e-05  3.2815126e-05  -1.0221042e-05  
3.7754384e-05  0.00010334399  -7.9402130e-05  0.0000000   -0.00026478932  -0.0012193732  -0.00038618473  0.00035650146  0.00016607213  -0.0016882127  -2.5382926e-05  -0.00022764216  -0.00040680023  -3.7400637e-05  -4.0548492e-05  2.7429614e-05  -6.8993254e-06  -0.00012233763  -3.4059625e-05  -7.3295894e-05  4.9582548e-05  1.1875621e-05  6.7807937e-06  -1.8740218e-06  5.3650968e-05  -3.9045004e-05  -3.6507167e-05  -1.9521456e-05  9.4131919e-05  2.0435900e-05  0.00013418280  3.7754384e-05  0.00010334399  -7.9402130e-05  0.0000000   -0.00026478932  -0.0012193732  -0.00038618473  0.00035650146  0.00016607213  -0.0016882127  -2.5382926e-05  -0.00022764216  -0.00040680023  -3.7400637e-05  -4.0548492e-05  2.7429614e-05  -6.8993254e-06  -0.00012233763  -3.4059625e-05  -7.3295894e-05  4.9582548e-05  1.1875621e-05  6.7807937e-06  -1.8740218e-06  5.3650968e-05  -3.9045004e-05  -3.6507167e-05  -1.9521456e-05  9.4131919e-05  2.0435900e-05  0.00013418280  
-0.00064996233  -0.00065325140  -0.00058975627  0.00026478932  0.0000000   -6.4170458e-05  -0.00010589089  -0.00024215052  0.00030880104  -8.1344284e-05  0.00035323502  -3.8519339e-05  5.4438065e-05  0.00021374415  -1.6340998e-05  -0.00021167052  -4.4989911e-05  3.1360208e-05  4.7437647e-05  -6.3407811e-05  4.7098191e-05  -0.00020286009  9.8651660e-05  -3.2414044e-05  -8.8036356e-05  -5.5957279e-05  -2.3223833e-05  0.00014076480  -4.2122803e-05  -5.0939021e-05  8.7281370e-06  -0.00064996233  -0.00065325140  -0.00058975627  0.00026478932  0.0000000   -6.4170458e-05  -0.00010589089  -0.00024215052  0.00030880104  -8.1344284e-05  0.00035323502  -3.8519339e-05  5.4438065e-05  0.00021374415  -1.6340998e-05  -0.00021167052  -4.4989911e-05  3.1360208e-05  4.7437647e-05  -6.3407811e-05  4.7098191e-05  -0.00020286009  9.8651660e-05  -3.2414044e-05  -8.8036356e-05  -5.5957279e-05  -2.3223833e-05  0.00014076480  -4.2122803e-05  -5.0939021e-05  8.7281370e-06  
6.8825300e-05  -4.1756664e-05  1.7679474e-05  0.0012193732  6.4170458e-05  0.0000000   -0.00038974175  -0.0014240297  -4.3811470e-06  9.2624519e-05  -0.00015874725  -8.7725609e-05  0.00037656118  -9.0894876e-05  -4.1168598e-07  5.7677329e-05  5.6868821e-05  7.4727466e-05  -0.00011216795  -0.00014858282  0.00013074041  7.9854423e-05  -4.5878983e-05  4.8775122e-05  -0.00028931750  -0.00016264386  3.2395932e-05  -1.6333364e-05  -0.00016334272  -6.3639514e-06  3.3875839e-05  6.8825300e-05  -4.1756664e-05  1.7679474e-05  0.0012193732  6.4170458e-05  0.0000000   -0.00038974175  -0.0014240297  -4.3811470e-06  9.2624519e-05  -0.00015874725  -8.7725609e-05  0.00037656118  -9.0894876e-05  -4.1168598e-07  5.7677329e-05  5.6868821e-05  7.4727466e-05  -0.00011216795  -0.00014858282  0.00013074041  7.9854423e-05  -4.5878983e-05  4.8775122e-05  -0.00028931750  -0.00016264386  3.2395932e-05  -1.6333364e-05  -0.00016334272  -6.3639514e-06  3.3875839e-05  
1.4886814e-06  6.1523916e-05  8.8514607e-05  0.00038618473  0.00010589089  0.00038974175  0.0000000   0.0017365033  -0.0010438954  0.0012028849  2.7497279e-05  3.5879930e-05  0.00037270073  0.00010328808  -6.1330355e-05  1.9040993e-05  3.2246497e-05  0.00031420843  3.0271382e-05  0.00012832980  0.00044730926  -6.9315102e-06  4.1990671e-06  7.3741540e-06  -0.00023258529  9.9943868e-07  2.4955048e-05  2.0989283e-05  -0.00024102284  -1.3081475e-05  -0.00011977802  1.4886814e-06  6.1523916e-05  8.8514607e-05  0.00038618473  0.00010589089  0.00038974175  0.0000000   0.0017365033  -0.0010438954  0.0012028849  2.7497279e-05  3.5879930e-05  0.00037270073  0.00010328808  -6.1330355e-05  1.9040993e-05  3.2246497e-05  0.00031420843  3.0271382e-05  0.00012832980  0.00044730926  -6.9315102e-06  4.1990671e-06  7.3741540e-06  -0.00023258529  9.9943868e-07  2.4955048e-05  2.0989283e-05  -0.00024102284  -1.3081475e-05  -0.00011977802  
0.00014886596  2.5746725e-05  0.00014072440  -0.00035650146  0.00024215052  0.0014240297  -0.0017365033  0.0000000   0.0020270796  0.0023944385  2.2836573e-05  -0.00034268587  0.00028004917  1.2639418e-05  3.8393997e-05  4.3261711e-05  -4.8996454e-07  1.3995804e-05  -3.9978703e-05  -0.00039383787  -0.00018091046  1.0518980e-05  -2.3174612e-05  -3.5811940e-06  4.0076465e-05  -8.3300790e-05  1.0844056e-05  1.8312616e-05  0.00012686960  9.5026487e-06  -1.3779464e-05  0.00014886596  2.5746725e-05  0.00014072440  -0.00035650146  0.00024215052  0.0014240297  -0.0017365033  0.0000000   0.0020270796  0.0023944385  2.2836573e-05  -0.00034268587  0.00028004917  1.2639418e-05  3.8393997e-05  4.3261711e-05  -4.8996454e-07  1.3995804e-05  -3.9978703e-05  -0.00039383787  -0.00018091046  1.0518980e-05  -2.3174612e-05  -3.5811940e-06  4.0076465e-05  -8.3300790e-05  1.0844056e-05  1.8312616e-05  0.00012686960  9.5026487e-06  -1.3779464e-05  
1.3370880e-05  6.4170144e-05  1.8167917e-05  -0.00016607213  -0.00030880104  4.3811470e-06  0.0010438954  -0.0020270796  0.0000000   0.0092584334  -8.8467281e-05  0.00049167959  -0.00035180314  2.0404967e-05  -9.3992321e-05  9.4191122e-05  4.2736383e-05  -0.00026400211  9.1937358e-05  -0.00010337756  -0.00038234534  -5.4561293e-07  -5.9984143e-05  -5.2201427e-05  0.00025051098  -7.7220334e-07  -2.0132859e-05  3.3300337e-05  -6.0273949e-06  -8.8283746e-06  0.00023618150  1.3370880e-05  6.4170144e-05  1.8167917e-05  -0.00016607213  -0.00030880104  4.3811470e-06  0.0010438954  -0.0020270796  0.0000000   0.0092584334  -8.8467281e-05  0.00049167959  -0.00035180314  2.0404967e-05  -9.3992321e-05  9.4191122e-05  4.2736383e-05  -0.00026400211  9.1937358e-05  -0.00010337756  -0.00038234534  -5.4561293e-07  -5.9984143e-05  -5.2201427e-05  0.00025051098  -7.7220334e-07  -2.0132859e-05  3.3300337e-05  -6.0273949e-06  -8.8283746e-06  0.00023618150  
-3.2957655e-05  -0.00024259190  -4.8697321e-05  0.0016882127  8.1344284e-05  -9.2624519e-05  -0.0012028849  -0.0023944385  -0.0092584334  0.0000000   -0.00017339254  -0.00023285170  -0.00033139713  0.00011998861  0.00010720769  -0.00011049493  2.5634572e-05  -0.00043396028  -0.00016625249  -0.00024997850  -0.00061274867  -6.4706562e-06  -2.1812529e-05  -4.1132320e-05  0.00029217706  -2.0643242e-05  1.9267490e-05  3.0476440e-06  0.00018960324  -4.9661407e-05  0.00011515272  -3.2957655e-05  -0.00024259190  -4.8697321e-05  0.0016882127  8.1344284e-05  -9.2624519e-05  -0.0012028849  -0.0023944385  -0.0092584334  0.0000000   -0.00017339254  -0.00023285170  -0.00033139713  0.00011998861  0.00010720769  -0.00011049493  2.5634572e-05  -0.00043396028  -0.00016625249  -0.00024997850  -0.00061274867  -6.4706562e-06  -2.1812529e-05  -4.1132320e-05  0.00029217706  -2.0643242e-05  1.9267490e-05  3.0476440e-06  0.00018960324  -4.9661407e-05  0.00011515272  
-0.00017108641  -0.00035360790  -0.00013916492  2.5382926e-05  -0.00035323502  0.00015874725  -2.7497279e-05  -2.2836573e-05  8.8467281e-05  0.00017339254  0.0000000   -0.00014214183  -0.00057434952  0.0030654592  -0.0011993055  -0.00024015083  0.00085924314  -5.4875573e-05  0.00016982641  -1.0388211e-05  3.5727525e-05  1.9841721e-05  -0.00020663397  -0.00045628729  -3.2423230e-05  -6.2142742e-06  6.6769096e-05  -0.00011012414  -1.6261574e-05  2.5926988e-05  -7.1972313e-07  -0.00017108641  -0.00035360790  -0.00013916492  2.5382926e-05  -0.00035323502  0.00015874725  -2.7497279e-05  -2.2836573e-05  8.8467281e-05  0.00017339254  0.0000000   -0.00014214183  -0.00057434952  0.0030654592  -0.0011993055  -0.00024015083  0.00085924314  -5.4875573e-05  0.00016982641  -1.0388211e-05  3.5727525e-05  1.9841721e-05  -0.00020663397  -0.00045628729  -3.2423230e-05  -6.2142742e-06  6.6769096e-05  -0.00011012414  -1.6261574e-05  2.5926988e-05  -7.1972313e-07  
