0.0000000   0.00042913703  -0.00075626886  0.00017931450  5.5363406e-07  -2.3811903e-05  6.0166500e-05  1.7366863e-06  -2.9969421e-05  1.6689688e-05  -0.00023519084  -0.00030024026  0.00015572397  9.0379528e-06  1.9219235e-05  -0.00032840386  6.0429229e-05  -0.00010895264  -0.00031254447  6.7899860e-05  -0.00027181647  -6.2728779e-06  0.00014765943  4.3630435e-05  7.0765280e-05  -1.1816450e-05  0.00017091136  -2.3225067e-05  -0.00010433787  -0.00013298719  -0.00011383917  0.0000000   0.00042913703  -0.00075626886  0.00017931450  5.5363406e-07  -2.3811903e-05  6.0166500e-05  1.7366863e-06  -2.9969421e-05  1.6689688e-05  -0.00023519084  -0.00030024026  0.00015572397  9.0379528e-06  1.9219235e-05  -0.00032840386  6.0429229e-05  -0.00010895264  -0.00031254447  6.7899860e-05  -0.00027181647  -6.2728779e-06  0.00014765943  4.3630435e-05  7.0765280e-05  -1.1816450e-05  0.00017091136  -2.3225067e-05  -0.00010433787  -0.00013298719  -0.00011383917  
-0.00042913703  0.0000000   -6.1555285e-05  0.00026456021  -0.00027640432  0.00092519782  -0.00058169248  6.0417775e-05  7.8940882e-06  -7.6393676e-05  0.00044003094  7.3978603e-05  -0.00015937411  0.00030646141  1.4623487e-05  -0.00018507937  -0.00016808647  0.00014145885  -0.00014748160  -5.8644930e-05  1.6835665e-05  1.4933219e-05  0.00014530993  1.0624230e-05  5.7517583e-06  -4.7005102e-06  4.6348168e-05  1.1082999e-05  0.00015803390  -1.2834500e-05  -3.9555667e-05  -0.00042913703  0.0000000   -6.1555285e-05  0.00026456021  -0.00027640432  0.00092519782  -0.00058169248  6.0417775e-05  7.8940882e-06  -7.6393676e-05  0.00044003094  7.3978603e-05  -0.00015937411  0.00030646141  1.4623487e-05  -0.00018507937  -0.00016808647  0.00014145885  -0.00014748160  -5.8644930e-05  1.6835665e-05  1.4933219e-05  0.00014530993  1.0624230e-05  5.7517583e-06  -4.7005102e-06  4.6348168e-05  1.1082999e-05  0.00015803390  -1.2834500e-05  -3.9555667e-05  
0.00075626886  6.1555285e-05  0.0000000   -0.0018184622  -0.0017418228  -0.00020662597  5.5715068e-05  6.9326072e-05  -2.1717169e-05  0.00044466904  3.0639851e-05  1.6894199e-05  -1.8683816e-05  5.8934401e-06  4.0127244e-05  -2.1812151e-06  -9.6881401e-06  1.5581887e-05  -2.3451126e-06  8.1006925e-06  1.2303279e-05  -0.00013754187  6.5137452e-06  -1.7126839e-05  0.00019374220  -6.5584278e-05  -7.2096537e-05  -2.5583760e-05  1.2729090e-05  0.00010919196  -2.2471260e-07  0.00075626886  6.1555285e-05  0.0000000   -0.0018184622  -0.0017418228  -0.00020662597  5.5715068e-05  6.9326072e-05  -2.1717169e-05  0.00044466904  3.0639851e-05  1.6894199e-05  -1.8683816e-05  5.8934401e-06  4.0127244e-05  -2.1812151e-06  -9.6881401e-06  1.5581887e-05  -2.3451126e-06  8.1006925e-06  1.2303279e-05  -0.00013754187  6.5137452e-06  -1.7126839e-05  0.00019374220  -6.5584278e-05  -7.2096537e-05  -2.5583760e-05  1.2729090e-05  0.00010919196  -2.2471260e-07  
-0.00017931450  -0.00026456021  0.0018184622  0.0000000   -0.00029008194  -7.7607289e-05  0.00028466532  0.0014674579  -0.00065267113  0.00051063905  9.2885149e-05  2.6827494e-05  -4.9478251e-05  2.4070305e-05  0.00016070404  6.4580268e-06  4.5980365e-05  3.4805730e-06  3.0634080e-05  4.7587612e-05  3.3243177e-05  0.00015330713  3.2341173e-05  -0.00012228254  -9.5536638e-06  3.8158424e-05  -0.00013400375  -5.9258410e-05  1.7255673e-05  2.3981111e-05  -2.8270654e-06  -0.00017931450  -0.00026456021  0.0018184622  0.0000000   -0.00029008194  -7.7607289e-05  0.00028466532  0.0014674579  -0.00065267113  0.00051063905  9.2885149e-05  2.6827494e-05  -4.9478251e-05  2.4070305e-05  0.00016070404  6.4580268e-06  4.5980365e-05  3.4805730e-06  3.0634080e-05  4.7587612e-05  3.3243177e-05  0.00015330713  3.2341173e-05  -0.00012228254  -9.5536638e-06  3.8158424e-05  -0.00013400375  -5.9258410e-05  1.7255673e-05  2.3981111e-05  -2.8270654e-06  
-5.5363406e-07  0.00027640432  0.0017418228  0.00029008194  0.0000000   -0.00017679956  -0.00030097994  0.00023666454  0.00056673578  -0.00093287830  -0.00020051581  -8.2922764e-05  0.00010685481  -8.6925905e-05  -2.4479496e-05  -7.0390904e-05  -7.8079336e-05  9.2681967e-06  -4.6447016e-05  -7.6801443e-05  -2.9482402e-05  -0.00021212785  -4.0348889e-05  0.00011170932  8.2319376e-05  1.9567998e-06  9.9562069e-05  -3.0811800e-06  -3.4276903e-05  -0.00010901008  -1.6867485e-06  -5.5363406e-07  0.00027640432  0.0017418228  0.00029008194  0.0000000   -0.00017679956  -0.00030097994  0.00023666454  0.00056673578  -0.00093287830  -0.00020051581  -8.2922764e-05  0.00010685481  -8.6925905e-05  -2.4479496e-05  -7.0390904e-05  -7.8079336e-05  9.2681967e-06  -4.6447016e-05  -7.6801443e-05  -2.9482402e-05  -0.00021212785  -4.0348889e-05  0.00011170932  8.2319376e-05  1.9567998e-06  9.9562069e-05  -3.0811800e-06  -3.4276903e-05  -0.00010901008  -1.6867485e-06  
2.3811903e-05  -0.00092519782  0.00020662597  7.7607289e-05  0.00017679956  0.0000000   0.0013583512  -0.00029918724  0.00017225138  -0.00033954405  0.00042735841  0.00021128351  -0.00038711496  0.00025106067  3.6059706e-05  0.00017877791  0.00022154481  -1.1514187e-05  0.00013901999  0.00015820280  3.2847592e-06  -9.9335173e-05  0.00012790516  6.2266924e-05  1.3031450e-05  -3.9505132e-06  6.3190210e-05  1.3998658e-05  6.7944010e-05  -3.3383840e-05  -3.5325739e-06  2.3811903e-05  -0.00092519782  0.00020662597  7.7607289e-05  0.00017679956  0.0000000   0.0013583512  -0.00029918724  0.00017225138  -0.00033954405  0.00042735841  0.00021128351  -0.00038711496  0.00025106067  3.6059706e-05  0.00017877791  0.00022154481  -1.1514187e-05  0.00013901999  0.00015820280  3.2847592e-06  -9.9335173e-05  0.00012790516  6.2266924e-05  1.3031450e-05  -3.9505132e-06  6.3190210e-05  1.3998658e-05  6.7944010e-05  -3.3383840e-05  -3.5325739e-06  
-6.0166500e-05  0.00058169248  -5.5715068e-05  -0.00028466532  0.00030097994  -0.0013583512  0.0000000   0.00017762212  -0.00028425572  5.0868877e-06  -0.00071210225  7.3359622e-07  -0.00010069316  9.0327495e-05  -3.1366419e-05  7.1070632e-06  -0.00031632864  -8.7785988e-05  -0.00018488642  -0.00012493632  -0.00032310087  1.4353085e-05  -6.7506153e-05  -1.5110022e-05  -2.3340722e-05  5.7447275e-06  -2.1694300e-05  2.4412869e-05  -4.5247837e-05  -1.2803491e-05  -6.9380675e-05  -6.0166500e-05  0.00058169248  -5.5715068e-05  -0.00028466532  0.00030097994  -0.0013583512  0.0000000   0.00017762212  -0.00028425572  5.0868877e-06  -0.00071210225  7.3359622e-07  -0.00010069316  9.0327495e-05  -3.1366419e-05  7.1070632e-06  -0.00031632864  -8.7785988e-05  -0.00018488642  -0.00012493632  -0.00032310087  1.4353085e-05  -6.7506153e-05  -1.5110022e-05  -2.3340722e-05  5.7447275e-06  -2.1694300e-05  2.4412869e-05  -4.5247837e-05  -1.2803491e-05  -6.9380675e-05  
-1.7366863e-06  -6.0417775e-05  -6.9326072e-05  -0.0014674579  -0.00023666454  0.00029918724  -0.00017762212  0.0000000   -0.0012811931  0.0011883874  5.5781746e-05  -2.0400256e-05  4.9887596e-05  -1.2057511e-06  -0.00013382547  1.7084476e-06  4.5864510e-05  1.5795226e-06  -1.2270228e-05  -1.5619733e-05  6.2387460e-05  -0.00025173317  -1.2896331e-06  -0.00017170437  -8.1065267e-05  0.00010284627  -0.00014477529  6.1567693e-05  -7.0821777e-06  2.5196032e-05  -4.0276611e-06  -1.7366863e-06  -6.0417775e-05  -6.9326072e-05  -0.0014674579  -0.00023666454  0.00029918724  -0.00017762212  0.0000000   -0.0012811931  0.0011883874  5.5781746e-05  -2.0400256e-05  4.9887596e-05  -1.2057511e-06  -0.00013382547  1.7084476e-06  4.5864510e-05  1.5795226e-06  -1.2270228e-05  -1.5619733e-05  6.2387460e-05  -0.00025173317  -1.2896331e-06  -0.00017170437  -8.1065267e-05  0.00010284627  -0.00014477529  6.1567693e-05  -7.0821777e-06  2.5196032e-05  -4.0276611e-06  
2.9969421e-05  -7.8940882e-06  2.1717169e-05  0.00065267113  -0.00056673578  -0.00017225138  0.00028425572  0.0012811931  0.0000000   -0.0029273540  -2.7261200e-05  1.3560333e-05  1.7175668e-05  5.1976563e-06  -2.9833540e-05  -1.7672602e-05  2.2578871e-05  -1.9062345e-07  1.9612985e-05  4.2741666e-05  3.1608433e-06  0.00028355811  8.6135956e-06  0.00013601726  4.9293767e-05  2.5300368e-06  0.00016302358  0.00018382115  -7.9600427e-06  -0.00020891322  1.7273928e-05  2.9969421e-05  -7.8940882e-06  2.1717169e-05  0.00065267113  -0.00056673578  -0.00017225138  0.00028425572  0.0012811931  0.0000000   -0.0029273540  -2.7261200e-05  1.3560333e-05  1.7175668e-05  5.1976563e-06  -2.9833540e-05  -1.7672602e-05  2.2578871e-05  -1.9062345e-07  1.9612985e-05  4.2741666e-05  3.1608433e-06  0.00028355811  8.6135956e-06  0.00013601726  4.9293767e-05  2.5300368e-06  0.00016302358  0.00018382115  -7.9600427e-06  -0.00020891322  1.7273928e-05  
-1.6689688e-05  7.6393676e-05  -0.00044466904  -0.00051063905  0.00093287830  0.00033954405  -5.0868877e-06  -0.0011883874  0.0029273540  0.0000000   1.3232330e-06  -1.8856106e-05  -2.6279685e-05  8.6711846e-05  -0.00021433883  3.1577687e-05  1.3879618e-06  -2.7029623e-05  -4.3193296e-05  -2.2523979e-05  -3.7265574e-07  0.00010845017  -8.0113711e-06  8.7884797e-05  0.00020299755  -9.1371688e-05  0.00011893105  -0.00019044824  1.8583081e-05  -5.1098021e-05  1.1469255e-05  -1.6689688e-05  7.6393676e-05  -0.00044466904  -0.00051063905  0.00093287830  0.00033954405  -5.0868877e-06  -0.0011883874  0.0029273540  0.0000000   1.3232330e-06  -1.8856106e-05  -2.6279685e-05  8.6711846e-05  -0.00021433883  3.1577687e-05  1.3879618e-06  -2.7029623e-05  -4.3193296e-05  -2.2523979e-05  -3.7265574e-07  0.00010845017  -8.0113711e-06  8.7884797e-05  0.00020299755  -9.1371688e-05  0.00011893105  -0.00019044824  1.8583081e-05  -5.1098021e-05  1.1469255e-05  
0.00023519084  -0.00044003094  -3.0639851e-05  -9.2885149e-05  0.00020051581  -0.00042735841  0.00071210225  -5.5781746e-05  2.7261200e-05  -1.3232330e-06  0.0000000   0.00070602198  4.5187465e-05  -0.0012913673  -0.00010550497  -7.5458947e-05  0.00072039205  0.00034140822  0.00048838639  -0.00038323934  0.00032780012  2.0983671e-05  5.9101185e-05  1.9555405e-05  1.7607297e-05  7.4499322e-07  3.6652807e-06  -1.3978123e-05  -0.00011106169  -1.6803384e-05  -9.4995097e-05  0.00023519084  -0.00044003094  -3.0639851e-05  -9.2885149e-05  0.00020051581  -0.00042735841  0.00071210225  -5.5781746e-05  2.7261200e-05  -1.3232330e-06  0.0000000   0.00070602198  4.5187465e-05  -0.0012913673  -0.00010550497  -7.5458947e-05  0.00072039205  0.00034140822  0.00048838639  -0.00038323934  0.00032780012  2.0983671e-05  5.9101185e-05  1.9555405e-05  1.7607297e-05  7.4499322e-07  3.6652807e-06  -1.3978123e-05  -0.00011106169  -1.6803384e-05  -9.4995097e-05  
0.00030024026  -7.3978603e-05  -1.6894199e-05  -2.6827494e-05  8.2922764e-05  -0.00021128351  -7.3359622e-07  2.0400256e-05  -1.3560333e-05  1.8856106e-05  -0.00070602198  0.0000000   -0.0013101052  0.00062717944  -4.4556503e-05  -0.00090953466  0.00021401489  -0.00062483179  -0.00020840263  -0.00086063450  -0.00018268111  1.8173935e-06  0.00016210650  -1.8212904e-05  1.8096576e-05  -1.3595945e-05  6.4948773e-06  -3.4449923e-06  2.6431206e-05  -2.3777261e-05  -0.00022973934  0.00030024026  -7.3978603e-05  -1.6894199e-05  -2.6827494e-05  8.2922764e-05  -0.00021128351  -7.3359622e-07  2.0400256e-05  -1.3560333e-05  1.8856106e-05  -0.00070602198  0.0000000   -0.0013101052  0.00062717944  -4.4556503e-05  -0.00090953466  0.00021401489  -0.00062483179  -0.00020840263  -0.00086063450  -0.00018268111  1.8173935e-06  0.00016210650  -1.8212904e-05  1.8096576e-05  -1.3595945e-05  6.4948773e-06  -3.4449923e-06  2.6431206e-05  -2.3777261e-05  -0.00022973934  
-0.00015572397  0.00015937411  1.8683816e-05  4.9478251e-05  -0.00010685481  0.00038711496  0.00010069316  -4.9887596e-05  -1.7175668e-05  2.6279685e-05  -4.5187465e-05  0.0013101052  0.0000000   0.00094718987  0.00011204853  -0.0011217317  0.00064638457  -0.00052434093  0.00050339550  0.00022912227  3.2308275e-05  -4.1049770e-05  0.00051218526  2.5239624e-05  3.7632187e-05  5.7360157e-07  -2.2599936e-05  -1.2374573e-05  7.4327225e-05  1.6300790e-05  5.9810132e-05  -0.00015572397  0.00015937411  1.8683816e-05  4.9478251e-05  -0.00010685481  0.00038711496  0.00010069316  -4.9887596e-05  -1.7175668e-05  2.6279685e-05  -4.5187465e-05  0.0013101052  0.0000000   0.00094718987  0.00011204853  -0.0011217317  0.00064638457  -0.00052434093  0.00050339550  0.00022912227  3.2308275e-05  -4.1049770e-05  0.00051218526  2.5239624e-05  3.7632187e-05  5.7360157e-07  -2.2599936e-05  -1.2374573e-05  7.4327225e-05  1.6300790e-05  5.9810132e-05  
-9.0379528e-06  -0.00030646141  -5.8934401e-06  -2.4070305e-05  8.6925905e-05  -0.00025106067  -9.0327495e-05  1.2057511e-06  -5.1976563e-06  -8.6711846e-05  0.0012913673  -0.00062717944  -0.00094718987  0.0000000   4.8105863e-06  2.6265525e-05  -0.0010449928  -0.0019540274  0.00012983483  0.0010535405  0.00018795754  -0.00011436290  9.6431285e-05  3.5981432e-05  3.6428998e-05  2.5004195e-05  -2.4009210e-05  -6.7915323e-05  -7.6422498e-06  -4.1607547e-05  -0.00011106632  -9.0379528e-06  -0.00030646141  -5.8934401e-06  -2.4070305e-05  8.6925905e-05  -0.00025106067  -9.0327495e-05  1.2057511e-06  -5.1976563e-06  -8.6711846e-05  0.0012913673  -0.00062717944  -0.00094718987  0.0000000   4.8105863e-06  2.6265525e-05  -0.0010449928  -0.0019540274  0.00012983483  0.0010535405  0.00018795754  -0.00011436290  9.6431285e-05  3.5981432e-05  3.6428998e-05  2.5004195e-05  -2.4009210e-05  -6.7915323e-05  -7.6422498e-06  -4.1607547e-05  -0.00011106632  
-1.9219235e-05  -1.4623487e-05  -4.0127244e-05  -0.00016070404  2.4479496e-05  -3.6059706e-05  3.1366419e-05  0.00013382547  2.9833540e-05  0.00021433883  0.00010550497  4.4556503e-05  -0.00011204853  -4.8105863e-06  0.0000000   -7.0127490e-05  -0.00029887347  -0.00054616976  0.00019545402  8.1522430e-05  -0.00010051676  0.00042775198  2.3903184e-05  -0.00018201119  -0.00016636675  -0.00026880842  0.00012304301  0.00046566752  -4.3729955e-05  0.00018624333  -4.5665921e-06  -1.9219235e-05  -1.4623487e-05  -4.0127244e-05  -0.00016070404  2.4479496e-05  -3.6059706e-05  3.1366419e-05  0.00013382547  2.9833540e-05  0.00021433883  0.00010550497  4.4556503e-05  -0.00011204853  -4.8105863e-06  0.0000000   -7.0127490e-05  -0.00029887347  -0.00054616976  0.00019545402  8.1522430e-05  -0.00010051676  0.00042775198  2.3903184e-05  -0.00018201119  -0.00016636675  -0.00026880842  0.00012304301  0.00046566752  -4.3729955e-05  0.00018624333  -4.5665921e-06  
0.00032840386  0.00018507937  2.1812151e-06  -6.4580268e-06  7.0390904e-05  -0.00017877791  -7.1070632e-06  -1.7084476e-06  1.7672602e-05  -3.1577687e-05  7.5458947e-05  0.00090953466  0.0011217317  -2.6265525e-05  7.0127490e-05  0.0000000   0.00015196651  -0.0020994336  6.3037837e-05  -0.0016413995  -0.00042836507  -5.3783723e-05  -5.8705523e-05  2.4859186e-05  -1.6491507e-05  -8.6157935e-06  4.2368855e-06  -5.5762420e-05  -1.0506716e-05  1.1463624e-06  6.4452213e-06  0.00032840386  0.00018507937  2.1812151e-06  -6.4580268e-06  7.0390904e-05  -0.00017877791  -7.1070632e-06  -1.7084476e-06  1.7672602e-05  -3.1577687e-05  7.5458947e-05  0.00090953466  0.0011217317  -2.6265525e-05  7.0127490e-05  0.0000000   0.00015196651  -0.0020994336  6.3037837e-05  -0.0016413995  -0.00042836507  -5.3783723e-05  -5.8705523e-05  2.4859186e-05  -1.6491507e-05  -8.6157935e-06  4.2368855e-06  -5.5762420e-05  -1.0506716e-05  1.1463624e-06  6.4452213e-06  
-6.0429229e-05  0.00016808647  9.6881401e-06  -4.5980365e-05  7.8079336e-05  -0.00022154481  0.00031632864  -4.5864510e-05  -2.2578871e-05  -1.3879618e-06  -0.00072039205  -0.00021401489  -0.00064638457  0.0010449928  0.00029887347  -0.00015196651  0.0000000   -0.0020090199  0.0029803830  0.00097034740  0.00066642997  -0.00013055594  0.00015067046  2.3249816e-05  -1.1025773e-06  -6.6498515e-06  -4.8432017e-05  -7.5948484e-05  -0.00023367701  -3.5676608e-05  1.1215004e-05  -6.0429229e-05  0.00016808647  9.6881401e-06  -4.5980365e-05  7.8079336e-05  -0.00022154481  0.00031632864  -4.5864510e-05  -2.2578871e-05  -1.3879618e-06  -0.00072039205  -0.00021401489  -0.00064638457  0.0010449928  0.00029887347  -0.00015196651  0.0000000   -0.0020090199  0.0029803830  0.00097034740  0.00066642997  -0.00013055594  0.00015067046  2.3249816e-05  -1.1025773e-06  -6.6498515e-06  -4.8432017e-05  -7.5948484e-05  -0.00023367701  -3.5676608e-05  1.1215004e-05  
0.00010895264  -0.00014145885  -1.5581887e-05  -3.4805730e-06  -9.2681967e-06  1.1514187e-05  8.7785988e-05  -1.5795226e-06  1.9062345e-07  2.7029623e-05  -0.00034140822  0.00062483179  0.00052434093  0.0019540274  0.00054616976  0.0020994336  0.0020090199  0.0000000   0.0020919025  -0.0020979100  -0.0010015074  2.1577971e-05  -1.9883678e-05  -6.1332566e-05  -3.7314731e-05  -2.4146768e-05  3.8542752e-05  4.7976812e-06  0.00010430623  -5.0786844e-06  -0.00025993631  0.00010895264  -0.00014145885  -1.5581887e-05  -3.4805730e-06  -9.2681967e-06  1.1514187e-05  8.7785988e-05  -1.5795226e-06  1.9062345e-07  2.7029623e-05  -0.00034140822  0.00062483179  0.00052434093  0.0019540274  0.00054616976  0.0020994336  0.0020090199  0.0000000   0.0020919025  -0.0020979100  -0.0010015074  2.1577971e-05  -1.9883678e-05  -6.1332566e-05  -3.7314731e-05  -2.4146768e-05  3.8542752e-05  4.7976812e-06  0.00010430623  -5.0786844e-06  -0.00025993631  
0.00031254447  0.00014748160  2.3451126e-06  -3.0634080e-05  4.6447016e-05  -0.00013901999  0.00018488642  1.2270228e-05  -1.9612985e-05  4.3193296e-05  -0.00048838639  0.00020840263  -0.00050339550  -0.00012983483  -0.00019545402  -6.3037837e-05  -0.0029803830  -0.0020919025  0.0000000   -0.0017473576  0.00021722535  -5.8905297e-05  -0.00055100057  4.8852414e-07  -8.5409298e-06  -3.8193651e-06  -6.8684562e-05  -2.0299700e-05  -0.00024714940  -1.9519367e-06  5.0369933e-05  0.00031254447  0.00014748160  2.3451126e-06  -3.0634080e-05  4.6447016e-05  -0.00013901999  0.00018488642  1.2270228e-05  -1.9612985e-05  4.3193296e-05  -0.00048838639  0.00020840263  -0.00050339550  -0.00012983483  -0.00019545402  -6.3037837e-05  -0.0029803830  -0.0020919025  0.0000000   -0.0017473576  0.00021722535  -5.8905297e-05  -0.00055100057  4.8852414e-07  -8.5409298e-06  -3.8193651e-06  -6.8684562e-05  -2.0299700e-05  -0.00024714940  -1.9519367e-06  5.0369933e-05  
-6.7899860e-05  5.8644930e-05  -8.1006925e-06  -4.7587612e-05  7.6801443e-05  -0.00015820280  0.00012493632  1.5619733e-05  -4.2741666e-05  2.2523979e-05  0.00038323934  0.00086063450  -0.00022912227  -0.0010535405  -8.1522430e-05  0.0016413995  -0.00097034740  0.0020979100  0.0017473576  0.0000000   -0.0063494146  0.00013005278  -5.3059724e-05  -4.6464010e-05  3.7037311e-05  -3.2511299e-05  2.7094394e-05  1.7992024e-05  8.0092339e-05  3.1465664e-05  9.4392082e-05  -6.7899860e-05  5.8644930e-05  -8.1006925e-06  -4.7587612e-05  7.6801443e-05  -0.00015820280  0.00012493632  1.5619733e-05  -4.2741666e-05  2.2523979e-05  0.00038323934  0.00086063450  -0.00022912227  -0.0010535405  -8.1522430e-05  0.0016413995  -0.00097034740  0.0020979100  0.0017473576  0.0000000   -0.0063494146  0.00013005278  -5.3059724e-05  -4.6464010e-05  3.7037311e-05  -3.2511299e-05  2.7094394e-05  1.7992024e-05  8.0092339e-05  3.1465664e-05  9.4392082e-05  
0.00027181647  -1.6835665e-05  -1.2303279e-05  -3.3243177e-05  2.9482402e-05  -3.2847592e-06  0.00032310087  -6.2387460e-05  -3.1608433e-06  3.7265574e-07  -0.00032780012  0.00018268111  -3.2308275e-05  -0.00018795754  0.00010051676  0.00042836507  -0.00066642997  0.0010015074  -0.00021722535  0.0063494146  0.0000000   -7.9218990e-05  -0.00058710347  1.5980856e-05  5.8663922e-05  4.5838859e-05  3.0125488e-05  -1.8919774e-05  2.1181040e-05  -5.9925028e-05  -0.00013175529  0.00027181647  -1.6835665e-05  -1.2303279e-05  -3.3243177e-05  2.9482402e-05  -3.2847592e-06  0.00032310087  -6.2387460e-05  -3.1608433e-06  3.7265574e-07  -0.00032780012  0.00018268111  -3.2308275e-05  -0.00018795754  0.00010051676  0.00042836507  -0.00066642997  0.0010015074  -0.00021722535  0.0063494146  0.0000000   -7.9218990e-05  -0.00058710347  1.5980856e-05  5.8663922e-05  4.5838859e-05  3.0125488e-05  -1.8919774e-05  2.1181040e-05  -5.9925028e-05  -0.00013175529  
6.2728779e-06  -1.4933219e-05  0.00013754187  -0.00015330713  0.00021212785  9.9335173e-05  -1.4353085e-05  0.00025173317  -0.00028355811  -0.00010845017  -2.0983671e-05  -1.8173935e-06  4.1049770e-05  0.00011436290  -0.00042775198  5.3783723e-05  0.00013055594  -2.1577971e-05  5.8905297e-05  -0.00013005278  7.9218990e-05  0.0000000   2.7361696e-05  0.00048507007  0.00014192246  -0.00065471263  0.00048488969  0.00033685878  5.3892534e-07  0.00020116607  -3.4794005e-06  6.2728779e-06  -1.4933219e-05  0.00013754187  -0.00015330713  0.00021212785  9.9335173e-05  -1.4353085e-05  0.00025173317  -0.00028355811  -0.00010845017  -2.0983671e-05  -1.8173935e-06  4.1049770e-05  0.00011436290  -0.00042775198  5.3783723e-05  0.00013055594  -2.1577971e-05  5.8905297e-05  -0.00013005278  7.9218990e-05  0.0000000   2.7361696e-05  0.00048507007  0.00014192246  -0.00065471263  0.00048488969  0.00033685878  5.3892534e-07  0.00020116607  -3.4794005e-06  
-0.00014765943  -0.00014530993  -6.5137452e-06  -3.2341173e-05  4.0348889e-05  -0.00012790516  6.7506153e-05  1.2896331e-06  -8.6135956e-06  8.0113711e-06  -5.9101185e-05  -0.00016210650  -0.00051218526  -9.6431285e-05  -2.3903184e-05  5.8705523e-05  -0.00015067046  1.9883678e-05  0.00055100057  5.3059724e-05  0.00058710347  -2.7361696e-05  0.0000000   -6.6106014e-05  2.3227249e-05  2.3316734e-05  1.2488106e-05  7.5810682e-06  5.2690354e-05  -2.6440448e-05  -0.00023089934  -0.00014765943  -0.00014530993  -6.5137452e-06  -3.2341173e-05  4.0348889e-05  -0.00012790516  6.7506153e-05  1.2896331e-06  -8.6135956e-06  8.0113711e-06  -5.9101185e-05  -0.00016210650  -0.00051218526  -9.6431285e-05  -2.3903184e-05  5.8705523e-05  -0.00015067046  1.9883678e-05  0.00055100057  5.3059724e-05  0.00058710347  -2.7361696e-05  0.0000000   -6.6106014e-05  2.3227249e-05  2.3316734e-05  1.2488106e-05  7.5810682e-06  5.2690354e-05  -2.6440448e-05  -0.00023089934  
-4.3630435e-05  -1.0624230e-05  1.7126839e-05  0.00012228254  -0.00011170932  -6.2266924e-05  1.5110022e-05  0.00017170437  -0.00013601726  -8.7884797e-05  -1.9555405e-05  1.8212904e-05  -2.5239624e-05  -3.5981432e-05  0.00018201119  -2.4859186e-05  -2.3249816e-05  6.1332566e-05  -4.8852414e-07  4.6464010e-05  -1.5980856e-05  -0.00048507007  6.6106014e-05  0.0000000   -0.0048876830  -0.00032403350  -8.3003540e-05  0.00036505751  -1.1046144e-05  -7.4131292e-05  1.7204225e-05  -4.3630435e-05  -1.0624230e-05  1.7126839e-05  0.00012228254  -0.00011170932  -6.2266924e-05  1.5110022e-05  0.00017170437  -0.00013601726  -8.7884797e-05  -1.9555405e-05  1.8212904e-05  -2.5239624e-05  -3.5981432e-05  0.00018201119  -2.4859186e-05  -2.3249816e-05  6.1332566e-05  -4.8852414e-07  4.6464010e-05  -1.5980856e-05  -0.00048507007  6.6106014e-05  0.0000000   -0.0048876830  -0.00032403350  -8.3003540e-05  0.00036505751  -1.1046144e-05  -7.4131292e-05  1.7204225e-05  
-7.0765280e-05  -5.7517583e-06  -0.00019374220  9.5536638e-06  -8.2319376e-05  -1.3031450e-05  2.3340722e-05  8.1065267e-05  -4.9293767e-05  -0.00020299755  -1.7607297e-05  -1.8096576e-05  -3.7632187e-05  -3.6428998e-05  0.00016636675  1.6491507e-05  1.1025773e-06  3.7314731e-05  8.5409298e-06  -3.7037311e-05  -5.8663922e-05  -0.00014192246  -2.3227249e-05  0.0048876830  0.0000000   -0.00064896426  -0.00054685234  -0.00020526810  -1.6700557e-05  0.00031441488  -3.7740013e-05  -7.0765280e-05  -5.7517583e-06  -0.00019374220  9.5536638e-06  -8.2319376e-05  -1.3031450e-05  2.3340722e-05  8.1065267e-05  -4.9293767e-05  -0.00020299755  -1.7607297e-05  -1.8096576e-05  -3.7632187e-05  -3.6428998e-05  0.00016636675  1.6491507e-05  1.1025773e-06  3.7314731e-05  8.5409298e-06  -3.7037311e-05  -5.8663922e-05  -0.00014192246  -2.3227249e-05  0.0048876830  0.0000000   -0.00064896426  -0.00054685234  -0.00020526810  -1.6700557e-05  0.00031441488  -3.7740013e-05  
1.1816450e-05  4.7005102e-06  6.5584278e-05  -3.8158424e-05  -1.9567998e-06  3.9505132e-06  -5.7447275e-06  -0.00010284627  -2.5300368e-06  9.1371688e-05  -7.4499322e-07  1.3595945e-05  -5.7360157e-07  -2.5004195e-05  0.00026880842  8.6157935e-06  6.6498515e-06  2.4146768e-05  3.8193651e-06  3.2511299e-05  -4.5838859e-05  0.00065471263  -2.3316734e-05  0.00032403350  0.00064896426  0.0000000   -0.00079579348  -0.00039702509  1.0757992e-05  -0.00012019214  -5.2199444e-06  1.1816450e-05  4.7005102e-06  6.5584278e-05  -3.8158424e-05  -1.9567998e-06  3.9505132e-06  -5.7447275e-06  -0.00010284627  -2.5300368e-06  9.1371688e-05  -7.4499322e-07  1.3595945e-05  -5.7360157e-07  -2.5004195e-05  0.00026880842  8.6157935e-06  6.6498515e-06  2.4146768e-05  3.8193651e-06  3.2511299e-05  -4.5838859e-05  0.00065471263  -2.3316734e-05  0.00032403350  0.00064896426  0.0000000   -0.00079579348  -0.00039702509  1.0757992e-05  -0.00012019214  -5.2199444e-06  
-0.00017091136  -4.6348168e-05  7.2096537e-05  0.00013400375  -9.9562069e-05  -6.3190210e-05  2.1694300e-05  0.00014477529  -0.00016302358  -0.00011893105  -3.6652807e-06  -6.4948773e-06  2.2599936e-05  2.4009210e-05  -0.00012304301  -4.2368855e-06  4.8432017e-05  -3.8542752e-05  6.8684562e-05  -2.7094394e-05  -3.0125488e-05  -0.00048488969  -1.2488106e-05  8.3003540e-05  0.00054685234  0.00079579348  0.0000000   0.0023245451  -0.00010652916  -0.00037045698  1.7579879e-05  -0.00017091136  -4.6348168e-05  7.2096537e-05  0.00013400375  -9.9562069e-05  -6.3190210e-05  2.1694300e-05  0.00014477529  -0.00016302358  -0.00011893105  -3.6652807e-06  -6.4948773e-06  2.2599936e-05  2.4009210e-05  -0.00012304301  -4.2368855e-06  4.8432017e-05  -3.8542752e-05  6.8684562e-05  -2.7094394e-05  -3.0125488e-05  -0.00048488969  -1.2488106e-05  8.3003540e-05  0.00054685234  0.00079579348  0.0000000   0.0023245451  -0.00010652916  -0.00037045698  1.7579879e-05  
2.3225067e-05  -1.1082999e-05  2.5583760e-05  5.9258410e-05  3.0811800e-06  -1.3998658e-05  -2.4412869e-05  -6.1567693e-05  -0.00018382115  0.00019044824  1.3978123e-05  3.4449923e-06  1.2374573e-05  6.7915323e-05  -0.00046566752  5.5762420e-05  7.5948484e-05  -4.7976812e-06  2.0299700e-05  -1.7992024e-05  1.8919774e-05  -0.00033685878  -7.5810682e-06  -0.00036505751  0.00020526810  0.00039702509  -0.0023245451  0.0000000   8.5888534e-05  0.00076385689  -5.4597595e-05  2.3225067e-05  -1.1082999e-05  2.5583760e-05  5.9258410e-05  3.0811800e-06  -1.3998658e-05  -2.4412869e-05  -6.1567693e-05  -0.00018382115  0.00019044824  1.3978123e-05  3.4449923e-06  1.2374573e-05  6.7915323e-05  -0.00046566752  5.5762420e-05  7.5948484e-05  -4.7976812e-06  2.0299700e-05  -1.7992024e-05  1.8919774e-05  -0.00033685878  -7.5810682e-06  -0.00036505751  0.00020526810  0.00039702509  -0.0023245451  0.0000000   8.5888534e-05  0.00076385689  -5.4597595e-05  
0.00010433787  -0.00015803390  -1.2729090e-05  -1.7255673e-05  3.4276903e-05  -6.7944010e-05  4.5247837e-05  7.0821777e-06  7.9600427e-06  -1.8583081e-05  0.00011106169  -2.6431206e-05  -7.4327225e-05  7.6422498e-06  4.3729955e-05  1.0506716e-05  0.00023367701  -0.00010430623  0.00024714940  -8.0092339e-05  -2.1181040e-05  -5.3892534e-07  -5.2690354e-05  1.1046144e-05  1.6700557e-05  -1.0757992e-05  0.00010652916  -8.5888534e-05  0.0000000   2.3841567e-05  0.00054013770  0.00010433787  -0.00015803390  -1.2729090e-05  -1.7255673e-05  3.4276903e-05  -6.7944010e-05  4.5247837e-05  7.0821777e-06  7.9600427e-06  -1.8583081e-05  0.00011106169  -2.6431206e-05  -7.4327225e-05  7.6422498e-06  4.3729955e-05  1.0506716e-05  0.00023367701  -0.00010430623  0.00024714940  -8.0092339e-05  -2.1181040e-05  -5.3892534e-07  -5.2690354e-05  1.1046144e-05  1.6700557e-05  -1.0757992e-05  0.00010652916  -8.5888534e-05  0.0000000   2.3841567e-05  0.00054013770  
0.00013298719  1.2834500e-05  -0.00010919196  -2.3981111e-05  0.00010901008  3.3383840e-05  1.2803491e-05  -2.5196032e-05  0.00020891322  5.1098021e-05  1.6803384e-05  2.3777261e-05  -1.6300790e-05  4.1607547e-05  -0.00018624333  -1.1463624e-06  3.5676608e-05  5.0786844e-06  1.9519367e-06  -3.1465664e-05  5.9925028e-05  -0.00020116607  2.6440448e-05  7.4131292e-05  -0.00031441488  0.00012019214  0.00037045698  -0.00076385689  -2.3841567e-05  0.0000000   6.0837332e-05  0.00013298719  1.2834500e-05  -0.00010919196  -2.3981111e-05  0.00010901008  3.3383840e-05  1.2803491e-05  -2.5196032e-05  0.00020891322  5.1098021e-05  1.6803384e-05  2.3777261e-05  -1.6300790e-05  4.1607547e-05  -0.00018624333  -1.1463624e-06  3.5676608e-05  5.0786844e-06  1.9519367e-06  -3.1465664e-05  5.9925028e-05  -0.00020116607  2.6440448e-05  7.4131292e-05  -0.00031441488  0.00012019214  0.00037045698  -0.00076385689  -2.3841567e-05  0.0000000   6.0837332e-05  
0.00011383917  3.9555667e-05  2.2471260e-07  2.8270654e-06  1.6867485e-06  3.5325739e-06  6.9380675e-05  4.0276611e-06  -1.7273928e-05  -1.1469255e-05  9.4995097e-05  0.00022973934  -5.9810132e-05  0.00011106632  4.5665921e-06  -6.4452213e-06  -1.1215004e-05  0.00025993631  -5.0369933e-05  -9.4392082e-05  0.00013175529  3.4794005e-06  0.00023089934  -1.7204225e-05  3.7740013e-05  5.2199444e-06  -1.7579879e-05  5.4597595e-05  -0.00054013770  -6.0837332e-05  0.0000000   0.00011383917  3.9555667e-05  2.2471260e-07  2.8270654e-06  1.6867485e-06  3.5325739e-06  6.9380675e-05  4.0276611e-06  -1.7273928e-05  -1.1469255e-05  9.4995097e-05  0.00022973934  -5.9810132e-05  0.00011106632  4.5665921e-06  -6.4452213e-06  -1.1215004e-05  0.00025993631  -5.0369933e-05  -9.4392082e-05  0.00013175529  3.4794005e-06  0.00023089934  -1.7204225e-05  3.7740013e-05  5.2199444e-06  -1.7579879e-05  5.4597595e-05  -0.00054013770  -6.0837332e-05  0.0000000   
0.0000000   0.00042913703  -0.00075626886  0.00017931450  5.5363406e-07  -2.3811903e-05  6.0166500e-05  1.7366863e-06  -2.9969421e-05  1.6689688e-05  -0.00023519084  -0.00030024026  0.00015572397  9.0379528e-06  1.9219235e-05  -0.00032840386  6.0429229e-05  -0.00010895264  -0.00031254447  6.7899860e-05  -0.00027181647  -6.2728779e-06  0.00014765943  4.3630435e-05  7.0765280e-05  -1.1816450e-05  0.00017091136  -2.3225067e-05  -0.00010433787  -0.00013298719  -0.00011383917  0.0000000   0.00042913703  -0.00075626886  0.00017931450  5.5363406e-07  -2.3811903e-05  6.0166500e-05  1.7366863e-06  -2.9969421e-05  1.6689688e-05  -0.00023519084  -0.00030024026  0.00015572397  9.0379528e-06  1.9219235e-05  -0.00032840386  6.0429229e-05  -0.00010895264  -0.00031254447  6.7899860e-05  -0.00027181647  -6.2728779e-06  0.00014765943  4.3630435e-05  7.0765280e-05  -1.1816450e-05  0.00017091136  -2.3225067e-05  -0.00010433787  -0.00013298719  -0.00011383917  
-0.00042913703  0.0000000   -6.1555285e-05  0.00026456021  -0.00027640432  0.00092519782  -0.00058169248  6.0417775e-05  7.8940882e-06  -7.6393676e-05  0.00044003094  7.3978603e-05  -0.00015937411  0.00030646141  1.4623487e-05  -0.00018507937  -0.00016808647  0.00014145885  -0.00014748160  -5.8644930e-05  1.6835665e-05  1.4933219e-05  0.00014530993  1.0624230e-05  5.7517583e-06  -4.7005102e-06  4.6348168e-05  1.1082999e-05  0.00015803390  -1.2834500e-05  -3.9555667e-05  -0.00042913703  0.0000000   -6.1555285e-05  0.00026456021  -0.00027640432  0.00092519782  -0.00058169248  6.0417775e-05  7.8940882e-06  -7.6393676e-05  0.00044003094  7.3978603e-05  -0.00015937411  0.00030646141  1.4623487e-05  -0.00018507937  -0.00016808647  0.00014145885  -0.00014748160  -5.8644930e-05  1.6835665e-05  1.4933219e-05  0.00014530993  1.0624230e-05  5.7517583e-06  -4.7005102e-06  4.6348168e-05  1.1082999e-05  0.00015803390  -1.2834500e-05  -3.9555667e-05  
0.00075626886  6.1555285e-05  0.0000000   -0.0018184622  -0.0017418228  -0.00020662597  5.5715068e-05  6.9326072e-05  -2.1717169e-05  0.00044466904  3.0639851e-05  1.6894199e-05  -1.8683816e-05  5.8934401e-06  4.0127244e-05  -2.1812151e-06  -9.6881401e-06  1.5581887e-05  -2.3451126e-06  8.1006925e-06  1.2303279e-05  -0.00013754187  6.5137452e-06  -1.7126839e-05  0.00019374220  -6.5584278e-05  -7.2096537e-05  -2.5583760e-05  1.2729090e-05  0.00010919196  -2.2471260e-07  0.00075626886  6.1555285e-05  0.0000000   -0.0018184622  -0.0017418228  -0.00020662597  5.5715068e-05  6.9326072e-05  -2.1717169e-05  0.00044466904  3.0639851e-05  1.6894199e-05  -1.8683816e-05  5.8934401e-06  4.0127244e-05  -2.1812151e-06  -9.6881401e-06  1.5581887e-05  -2.3451126e-06  8.1006925e-06  1.2303279e-05  -0.00013754187  6.5137452e-06  -1.7126839e-05  0.00019374220  -6.5584278e-05  -7.2096537e-05  -2.5583760e-05  1.2729090e-05  0.00010919196  -2.2471260e-07  
-0.00017931450  -0.00026456021  0.0018184622  0.0000000   -0.00029008194  -7.7607289e-05  0.00028466532  0.0014674579  -0.00065267113  0.00051063905  9.2885149e-05  2.6827494e-05  -4.9478251e-05  2.4070305e-05  0.00016070404  6.4580268e-06  4.5980365e-05  3.4805730e-06  3.0634080e-05  4.7587612e-05  3.3243177e-05  0.00015330713  3.2341173e-05  -0.00012228254  -9.5536638e-06  3.8158424e-05  -0.00013400375  -5.9258410e-05  1.7255673e-05  2.3981111e-05  -2.8270654e-06  -0.00017931450  -0.00026456021  0.0018184622  0.0000000   -0.00029008194  -7.7607289e-05  0.00028466532  0.0014674579  -0.00065267113  0.00051063905  9.2885149e-05  2.6827494e-05  -4.9478251e-05  2.4070305e-05  0.00016070404  6.4580268e-06  4.5980365e-05  3.4805730e-06  3.0634080e-05  4.7587612e-05  3.3243177e-05  0.00015330713  3.2341173e-05  -0.00012228254  -9.5536638e-06  3.8158424e-05  -0.00013400375  -5.9258410e-05  1.7255673e-05  2.3981111e-05  -2.8270654e-06  
-5.5363406e-07  0.00027640432  0.0017418228  0.00029008194  0.0000000   -0.00017679956  -0.00030097994  0.00023666454  0.00056673578  -0.00093287830  -0.00020051581  -8.2922764e-05  0.00010685481  -8.6925905e-05  -2.4479496e-05  -7.0390904e-05  -7.8079336e-05  9.2681967e-06  -4.6447016e-05  -7.6801443e-05  -2.9482402e-05  -0.00021212785  -4.0348889e-05  0.00011170932  8.2319376e-05  1.9567998e-06  9.9562069e-05  -3.0811800e-06  -3.4276903e-05  -0.00010901008  -1.6867485e-06  -5.5363406e-07  0.00027640432  0.0017418228  0.00029008194  0.0000000   -0.00017679956  -0.00030097994  0.00023666454  0.00056673578  -0.00093287830  -0.00020051581  -8.2922764e-05  0.00010685481  -8.6925905e-05  -2.4479496e-05  -7.0390904e-05  -7.8079336e-05  9.2681967e-06  -4.6447016e-05  -7.6801443e-05  -2.9482402e-05  -0.00021212785  -4.0348889e-05  0.00011170932  8.2319376e-05  1.9567998e-06  9.9562069e-05  -3.0811800e-06  -3.4276903e-05  -0.00010901008  -1.6867485e-06  
2.3811903e-05  -0.00092519782  0.00020662597  7.7607289e-05  0.00017679956  0.0000000   0.0013583512  -0.00029918724  0.00017225138  -0.00033954405  0.00042735841  0.00021128351  -0.00038711496  0.00025106067  3.6059706e-05  0.00017877791  0.00022154481  -1.1514187e-05  0.00013901999  0.00015820280  3.2847592e-06  -9.9335173e-05  0.00012790516  6.2266924e-05  1.3031450e-05  -3.9505132e-06  6.3190210e-05  1.3998658e-05  6.7944010e-05  -3.3383840e-05  -3.5325739e-06  2.3811903e-05  -0.00092519782  0.00020662597  7.7607289e-05  0.00017679956  0.0000000   0.0013583512  -0.00029918724  0.00017225138  -0.00033954405  0.00042735841  0.00021128351  -0.00038711496  0.00025106067  3.6059706e-05  0.00017877791  0.00022154481  -1.1514187e-05  0.00013901999  0.00015820280  3.2847592e-06  -9.9335173e-05  0.00012790516  6.2266924e-05  1.3031450e-05  -3.9505132e-06  6.3190210e-05  1.3998658e-05  6.7944010e-05  -3.3383840e-05  -3.5325739e-06  
-6.0166500e-05  0.00058169248  -5.5715068e-05  -0.00028466532  0.00030097994  -0.0013583512  0.0000000   0.00017762212  -0.00028425572  5.0868877e-06  -0.00071210225  7.3359622e-07  -0.00010069316  9.0327495e-05  -3.1366419e-05  7.1070632e-06  -0.00031632864  -8.7785988e-05  -0.00018488642  -0.00012493632  -0.00032310087  1.4353085e-05  -6.7506153e-05  -1.5110022e-05  -2.3340722e-05  5.7447275e-06  -2.1694300e-05  2.4412869e-05  -4.5247837e-05  -1.2803491e-05  -6.9380675e-05  -6.0166500e-05  0.00058169248  -5.5715068e-05  -0.00028466532  0.00030097994  -0.0013583512  0.0000000   0.00017762212  -0.00028425572  5.0868877e-06  -0.00071210225  7.3359622e-07  -0.00010069316  9.0327495e-05  -3.1366419e-05  7.1070632e-06  -0.00031632864  -8.7785988e-05  -0.00018488642  -0.00012493632  -0.00032310087  1.4353085e-05  -6.7506153e-05  -1.5110022e-05  -2.3340722e-05  5.7447275e-06  -2.1694300e-05  2.4412869e-05  -4.5247837e-05  -1.2803491e-05  -6.9380675e-05  
-1.7366863e-06  -6.0417775e-05  -6.9326072e-05  -0.0014674579  -0.00023666454  0.00029918724  -0.00017762212  0.0000000   -0.0012811931  0.0011883874  5.5781746e-05  -2.0400256e-05  4.9887596e-05  -1.2057511e-06  -0.00013382547  1.7084476e-06  4.5864510e-05  1.5795226e-06  -1.2270228e-05  -1.5619733e-05  6.2387460e-05  -0.00025173317  -1.2896331e-06  -0.00017170437  -8.1065267e-05  0.00010284627  -0.00014477529  6.1567693e-05  -7.0821777e-06  2.5196032e-05  -4.0276611e-06  -1.7366863e-06  -6.0417775e-05  -6.9326072e-05  -0.0014674579  -0.00023666454  0.00029918724  -0.00017762212  0.0000000   -0.0012811931  0.0011883874  5.5781746e-05  -2.0400256e-05  4.9887596e-05  -1.2057511e-06  -0.00013382547  1.7084476e-06  4.5864510e-05  1.5795226e-06  -1.2270228e-05  -1.5619733e-05  6.2387460e-05  -0.00025173317  -1.2896331e-06  -0.00017170437  -8.1065267e-05  0.00010284627  -0.00014477529  6.1567693e-05  -7.0821777e-06  2.5196032e-05  -4.0276611e-06  
2.9969421e-05  -7.8940882e-06  2.1717169e-05  0.00065267113  -0.00056673578  -0.00017225138  0.00028425572  0.0012811931  0.0000000   -0.0029273540  -2.7261200e-05  1.3560333e-05  1.7175668e-05  5.1976563e-06  -2.9833540e-05  -1.7672602e-05  2.2578871e-05  -1.9062345e-07  1.9612985e-05  4.2741666e-05  3.1608433e-06  0.00028355811  8.6135956e-06  0.00013601726  4.9293767e-05  2.5300368e-06  0.00016302358  0.00018382115  -7.9600427e-06  -0.00020891322  1.7273928e-05  2.9969421e-05  -7.8940882e-06  2.1717169e-05  0.00065267113  -0.00056673578  -0.00017225138  0.00028425572  0.0012811931  0.0000000   -0.0029273540  -2.7261200e-05  1.3560333e-05  1.7175668e-05  5.1976563e-06  -2.9833540e-05  -1.7672602e-05  2.2578871e-05  -1.9062345e-07  1.9612985e-05  4.2741666e-05  3.1608433e-06  0.00028355811  8.6135956e-06  0.00013601726  4.9293767e-05  2.5300368e-06  0.00016302358  0.00018382115  -7.9600427e-06  -0.00020891322  1.7273928e-05  
-1.6689688e-05  7.6393676e-05  -0.00044466904  -0.00051063905  0.00093287830  0.00033954405  -5.0868877e-06  -0.0011883874  0.0029273540  0.0000000   1.3232330e-06  -1.8856106e-05  -2.6279685e-05  8.6711846e-05  -0.00021433883  3.1577687e-05  1.3879618e-06  -2.7029623e-05  -4.3193296e-05  -2.2523979e-05  -3.7265574e-07  0.00010845017  -8.0113711e-06  8.7884797e-05  0.00020299755  -9.1371688e-05  0.00011893105  -0.00019044824  1.8583081e-05  -5.1098021e-05  1.1469255e-05  -1.6689688e-05  7.6393676e-05  -0.00044466904  -0.00051063905  0.00093287830  0.00033954405  -5.0868877e-06  -0.0011883874  0.0029273540  0.0000000   1.3232330e-06  -1.8856106e-05  -2.6279685e-05  8.6711846e-05  -0.00021433883  3.1577687e-05  1.3879618e-06  -2.7029623e-05  -4.3193296e-05  -2.2523979e-05  -3.7265574e-07  0.00010845017  -8.0113711e-06  8.7884797e-05  0.00020299755  -9.1371688e-05  0.00011893105  -0.00019044824  1.8583081e-05  -5.1098021e-05  1.1469255e-05  
0.00023519084  -0.00044003094  -3.0639851e-05  -9.2885149e-05  0.00020051581  -0.00042735841  0.00071210225  -5.5781746e-05  2.7261200e-05  -1.3232330e-06  0.0000000   0.00070602198  4.5187465e-05  -0.0012913673  -0.00010550497  -7.5458947e-05  0.00072039205  0.00034140822  0.00048838639  -0.00038323934  0.00032780012  2.0983671e-05  5.9101185e-05  1.9555405e-05  1.7607297e-05  7.4499322e-07  3.6652807e-06  -1.3978123e-05  -0.00011106169  -1.6803384e-05  -9.4995097e-05  0.00023519084  -0.00044003094  -3.0639851e-05  -9.2885149e-05  0.00020051581  -0.00042735841  0.00071210225  -5.5781746e-05  2.7261200e-05  -1.3232330e-06  0.0000000   0.00070602198  4.5187465e-05  -0.0012913673  -0.00010550497  -7.5458947e-05  0.00072039205  0.00034140822  0.00048838639  -0.00038323934  0.00032780012  2.0983671e-05  5.9101185e-05  1.9555405e-05  1.7607297e-05  7.4499322e-07  3.6652807e-06  -1.3978123e-05  -0.00011106169  -1.6803384e-05  -9.4995097e-05  
