0.0000000   0.020139361  0.0011283920  -0.0024655324  -0.0011638110  -0.00096663983  -0.00010925788  -0.00018519158  0.00024693277  -0.00010787983  -0.00035656256  0.00019793383  -3.6396396e-06  0.00014652315  -8.3772501e-05  0.00011896682  0.00010274059  -0.00012361925  -8.7731995e-05  5.5334217e-05  -9.5546352e-06  -8.6923722e-05  -1.1512174e-05  0.00012035490  2.3094502e-05  -3.8039997e-05  -0.00022193353  3.5593998e-05  -3.6072759e-05  1.3148267e-05  -2.5355978e-05  0.0000000   0.020139361  0.0011283920  -0.0024655324  -0.0011638110  -0.00096663983  -0.00010925788  -0.00018519158  0.00024693277  -0.00010787983  -0.00035656256  0.00019793383  -3.6396396e-06  0.00014652315  -8.3772501e-05  0.00011896682  0.00010274059  -0.00012361925  -8.7731995e-05  5.5334217e-05  -9.5546352e-06  -8.6923722e-05  -1.1512174e-05  0.00012035490  2.3094502e-05  -3.8039997e-05  -0.00022193353  3.5593998e-05  -3.6072759e-05  1.3148267e-05  -2.5355978e-05  
-0.020139361  0.0000000   0.0016407548  -0.0031108781  -0.00033439525  0.00012600780  -0.00023299386  -0.00019501574  0.00051807231  -0.00010144186  0.00020438103  -7.5072690e-05  9.8472396e-05  0.00015060724  -4.8796522e-05  9.3719618e-05  -4.9180636e-05  -1.5123979e-05  -2.8926667e-05  -8.5318348e-05  1.8157767e-06  0.00023942766  -3.0453651e-05  5.1468788e-05  9.3766787e-05  -5.3291101e-06  -9.3053526e-05  5.0769177e-06  6.0353729e-05  -3.6679483e-05  -6.6212443e-05  -0.020139361  0.0000000   0.0016407548  -0.0031108781  -0.00033439525  0.00012600780  -0.00023299386  -0.00019501574  0.00051807231  -0.00010144186  0.00020438103  -7.5072690e-05  9.8472396e-05  0.00015060724  -4.8796522e-05  9.3719618e-05  -4.9180636e-05  -1.5123979e-05  -2.8926667e-05  -8.5318348e-05  1.8157767e-06  0.00023942766  -3.0453651e-05  5.1468788e-05  9.3766787e-05  -5.3291101e-06  -9.3053526e-05  5.0769177e-06  6.0353729e-05  -3.6679483e-05  -6.6212443e-05  
-0.0011283920  -0.0016407548  0.0000000   0.0016881852  0.0015894514  0.00015861702  0.00012846196  -0.00041219685  0.00019140494  -2.8808481e-06  3.7315104e-06  -5.6194207e-05  6.1578159e-06  -0.00016658951  -7.5523538e-06  4.7287591e-05  0.00031205849  2.0228199e-05  -1.0309740e-06  0.00017251390  0.00012506128  0.00022315379  1.1765228e-05  2.6823001e-05  5.6340205e-05  1.1784314e-05  5.2940023e-05  2.7310173e-06  -2.0354388e-06  4.1698684e-06  -4.4995997e-05  -0.0011283920  -0.0016407548  0.0000000   0.0016881852  0.0015894514  0.00015861702  0.00012846196  -0.00041219685  0.00019140494  -2.8808481e-06  3.7315104e-06  -5.6194207e-05  6.1578159e-06  -0.00016658951  -7.5523538e-06  4.7287591e-05  0.00031205849  2.0228199e-05  -1.0309740e-06  0.00017251390  0.00012506128  0.00022315379  1.1765228e-05  2.6823001e-05  5.6340205e-05  1.1784314e-05  5.2940023e-05  2.7310173e-06  -2.0354388e-06  4.1698684e-06  -4.4995997e-05  
0.0024655324  0.0031108781  -0.0016881852  0.0000000   0.00011227052  -0.00040808086  0.00067380720  0.0014346633  -0.00080428532  8.5525208e-05  0.00022887124  1.0621761e-06  -3.4742956e-05  -0.00010554668  -9.3101576e-05  -0.00023185201  1.7495106e-05  -1.3518037e-05  6.0817789e-05  4.9710853e-07  -0.00016230852  -0.00025668702  -2.9444280e-07  -0.00012763384  -4.5153840e-05  -1.3077967e-05  6.0823577e-05  2.7060390e-05  -1.5431700e-05  4.4461577e-06  2.4928754e-05  0.0024655324  0.0031108781  -0.0016881852  0.0000000   0.00011227052  -0.00040808086  0.00067380720  0.0014346633  -0.00080428532  8.5525208e-05  0.00022887124  1.0621761e-06  -3.4742956e-05  -0.00010554668  -9.3101576e-05  -0.00023185201  1.7495106e-05  -1.3518037e-05  6.0817789e-05  4.9710853e-07  -0.00016230852  -0.00025668702  -2.9444280e-07  -0.00012763384  -4.5153840e-05  -1.3077967e-05  6.0823577e-05  2.7060390e-05  -1.5431700e-05  4.4461577e-06  2.4928754e-05  
0.0011638110  0.00033439525  -0.0015894514  -0.00011227052  0.0000000   -0.00084760650  0.0028117319  0.00022546004  -0.00042447753  6.3828217e-05  0.00028610320  -6.7536491e-05  -1.7211360e-05  -0.00019494292  0.00039518013  2.1199924e-05  9.9392066e-05  4.9975085e-06  7.7753645e-05  0.00010290900  0.00010637908  -0.00028861957  2.4495645e-05  -9.3033679e-05  2.4588703e-05  -1.9787158e-06  -9.5124781e-05  -4.7378559e-06  -1.4557183e-05  8.8366910e-06  -0.00014575480  0.0011638110  0.00033439525  -0.0015894514  -0.00011227052  0.0000000   -0.00084760650  0.0028117319  0.00022546004  -0.00042447753  6.3828217e-05  0.00028610320  -6.7536491e-05  -1.7211360e-05  -0.00019494292  0.00039518013  2.1199924e-05  9.9392066e-05  4.9975085e-06  7.7753645e-05  0.00010290900  0.00010637908  -0.00028861957  2.4495645e-05  -9.3033679e-05  2.4588703e-05  -1.9787158e-06  -9.5124781e-05  -4.7378559e-06  -1.4557183e-05  8.8366910e-06  -0.00014575480  
0.00096663983  -0.00012600780  -0.00015861702  0.00040808086  0.00084760650  0.0000000   9.6555077e-05  -0.00025894607  -0.00021273972  -0.00024682233  8.8581667e-05  -1.9383729e-05  0.00042163254  -2.7773308e-05  4.6623742e-05  5.5907977e-05  7.0068361e-05  -0.00014024125  9.7209907e-05  9.1344848e-05  6.7900699e-05  -3.3437412e-05  0.00023659472  2.6278486e-05  -3.5451644e-05  -0.00024174894  -2.7342112e-05  -7.1150340e-05  -6.3656342e-05  0.00013264306  1.9282033e-05  0.00096663983  -0.00012600780  -0.00015861702  0.00040808086  0.00084760650  0.0000000   9.6555077e-05  -0.00025894607  -0.00021273972  -0.00024682233  8.8581667e-05  -1.9383729e-05  0.00042163254  -2.7773308e-05  4.6623742e-05  5.5907977e-05  7.0068361e-05  -0.00014024125  9.7209907e-05  9.1344848e-05  6.7900699e-05  -3.3437412e-05  0.00023659472  2.6278486e-05  -3.5451644e-05  -0.00024174894  -2.7342112e-05  -7.1150340e-05  -6.3656342e-05  0.00013264306  1.9282033e-05  
0.00010925788  0.00023299386  -0.00012846196  -0.00067380720  -0.0028117319  -9.6555077e-05  0.0000000   0.0016988089  0.00053979005  -6.2639440e-05  -0.00035547929  0.00012919707  0.00010520693  -5.4241953e-05  -0.00015249426  -0.00014502046  -0.00020745884  -3.6182192e-05  -0.00024895093  -0.00014491209  -0.00032529215  6.6525460e-06  8.5860931e-05  -0.00017500690  0.00013773790  -8.2925720e-05  0.00012531347  2.1275174e-05  -1.3806477e-05  2.6686594e-05  -0.00010382403  0.00010925788  0.00023299386  -0.00012846196  -0.00067380720  -0.0028117319  -9.6555077e-05  0.0000000   0.0016988089  0.00053979005  -6.2639440e-05  -0.00035547929  0.00012919707  0.00010520693  -5.4241953e-05  -0.00015249426  -0.00014502046  -0.00020745884  -3.6182192e-05  -0.00024895093  -0.00014491209  -0.00032529215  6.6525460e-06  8.5860931e-05  -0.00017500690  0.00013773790  -8.2925720e-05  0.00012531347  2.1275174e-05  -1.3806477e-05  2.6686594e-05  -0.00010382403  
0.00018519158  0.00019501574  0.00041219685  -0.0014346633  -0.00022546004  0.00025894607  -0.0016988089  0.0000000   -0.0035666133  0.00013448176  0.0011662540  -0.00014298213  3.4506175e-05  -0.00058342189  -0.00026973249  0.00049138641  -0.00033794802  8.8159792e-06  7.3191662e-05  -0.00012827629  -0.00035824590  0.00018286625  -1.6601152e-05  0.00012822937  -6.6797136e-05  -1.4511853e-05  -8.1444696e-05  -4.0036349e-05  1.3412547e-05  -2.6215300e-06  -9.4108885e-05  0.00018519158  0.00019501574  0.00041219685  -0.0014346633  -0.00022546004  0.00025894607  -0.0016988089  0.0000000   -0.0035666133  0.00013448176  0.0011662540  -0.00014298213  3.4506175e-05  -0.00058342189  -0.00026973249  0.00049138641  -0.00033794802  8.8159792e-06  7.3191662e-05  -0.00012827629  -0.00035824590  0.00018286625  -1.6601152e-05  0.00012822937  -6.6797136e-05  -1.4511853e-05  -8.1444696e-05  -4.0036349e-05  1.3412547e-05  -2.6215300e-06  -9.4108885e-05  
-0.00024693277  -0.00051807231  -0.00019140494  0.00080428532  0.00042447753  0.00021273972  -0.00053979005  0.0035666133  0.0000000   8.6253654e-05  0.00017775982  -5.0725115e-05  4.3730251e-05  0.00015785562  0.00015556489  0.00013996133  5.7673311e-05  2.4055174e-05  4.9528520e-05  -6.5488202e-05  0.00026403420  0.00026888153  2.9911840e-06  3.8059818e-05  -3.7454172e-05  8.5925040e-07  -0.00017485836  -2.5138363e-05  1.0274541e-05  -6.3612384e-06  -4.3285758e-05  -0.00024693277  -0.00051807231  -0.00019140494  0.00080428532  0.00042447753  0.00021273972  -0.00053979005  0.0035666133  0.0000000   8.6253654e-05  0.00017775982  -5.0725115e-05  4.3730251e-05  0.00015785562  0.00015556489  0.00013996133  5.7673311e-05  2.4055174e-05  4.9528520e-05  -6.5488202e-05  0.00026403420  0.00026888153  2.9911840e-06  3.8059818e-05  -3.7454172e-05  8.5925040e-07  -0.00017485836  -2.5138363e-05  1.0274541e-05  -6.3612384e-06  -4.3285758e-05  
0.00010787983  0.00010144186  2.8808481e-06  -8.5525208e-05  -6.3828217e-05  0.00024682233  6.2639440e-05  -0.00013448176  -8.6253654e-05  0.0000000   -6.9186268e-05  -0.00042984546  0.00087324669  -1.5693389e-05  -5.8009643e-05  -1.5837761e-05  -1.2744471e-05  -0.00012218850  6.2384811e-05  7.9224774e-05  -7.6138238e-05  1.2450406e-06  0.00022931527  3.3173489e-05  4.6520402e-05  -0.00010375324  -2.6080554e-05  0.00014114141  -7.2526978e-06  3.6303036e-06  -1.4602041e-05  0.00010787983  0.00010144186  2.8808481e-06  -8.5525208e-05  -6.3828217e-05  0.00024682233  6.2639440e-05  -0.00013448176  -8.6253654e-05  0.0000000   -6.9186268e-05  -0.00042984546  0.00087324669  -1.5693389e-05  -5.8009643e-05  -1.5837761e-05  -1.2744471e-05  -0.00012218850  6.2384811e-05  7.9224774e-05  -7.6138238e-05  1.2450406e-06  0.00022931527  3.3173489e-05  4.6520402e-05  -0.00010375324  -2.6080554e-05  0.00014114141  -7.2526978e-06  3.6303036e-06  -1.4602041e-05  
0.00035656256  -0.00020438103  -3.7315104e-06  -0.00022887124  -0.00028610320  -8.8581667e-05  0.00035547929  -0.0011662540  -0.00017775982  6.9186268e-05  0.0000000   -5.3325241e-05  -7.5986680e-05  0.00016861984  0.00095984672  -0.00048258634  -9.2616976e-05  -5.6364874e-05  0.00022152390  -8.9710245e-05  -8.0315175e-05  -0.00032676584  -1.6702439e-05  -0.00024533852  -0.00016360067  -7.1283650e-06  1.3227230e-05  4.4443918e-06  1.0893998e-05  -1.8938533e-05  -7.8547576e-05  0.00035656256  -0.00020438103  -3.7315104e-06  -0.00022887124  -0.00028610320  -8.8581667e-05  0.00035547929  -0.0011662540  -0.00017775982  6.9186268e-05  0.0000000   -5.3325241e-05  -7.5986680e-05  0.00016861984  0.00095984672  -0.00048258634  -9.2616976e-05  -5.6364874e-05  0.00022152390  -8.9710245e-05  -8.0315175e-05  -0.00032676584  -1.6702439e-05  -0.00024533852  -0.00016360067  -7.1283650e-06  1.3227230e-05  4.4443918e-06  1.0893998e-05  -1.8938533e-05  -7.8547576e-05  
-0.00019793383  7.5072690e-05  5.6194207e-05  -1.0621761e-06  6.7536491e-05  1.9383729e-05  -0.00012919707  0.00014298213  5.0725115e-05  0.00042984546  5.3325241e-05  0.0000000   -0.0010841010  2.6333273e-05  -1.5437555e-05  7.2341445e-05  2.0802415e-06  -1.7211785e-05  -0.00012476214  -0.00020714140  4.0618606e-05  8.3486467e-06  -0.00041103469  -1.3025361e-05  -6.9168809e-06  -1.7873449e-05  -1.0935676e-05  -2.7330356e-05  4.5280877e-05  -0.00011080061  2.2674798e-05  -0.00019793383  7.5072690e-05  5.6194207e-05  -1.0621761e-06  6.7536491e-05  1.9383729e-05  -0.00012919707  0.00014298213  5.0725115e-05  0.00042984546  5.3325241e-05  0.0000000   -0.0010841010  2.6333273e-05  -1.5437555e-05  7.2341445e-05  2.0802415e-06  -1.7211785e-05  -0.00012476214  -0.00020714140  4.0618606e-05  8.3486467e-06  -0.00041103469  -1.3025361e-05  -6.9168809e-06  -1.7873449e-05  -1.0935676e-05  -2.7330356e-05  4.5280877e-05  -0.00011080061  2.2674798e-05  
3.6396396e-06  -9.8472396e-05  -6.1578159e-06  3.4742956e-05  1.7211360e-05  -0.00042163254  -0.00010520693  -3.4506175e-05  -4.3730251e-05  -0.00087324669  7.5986680e-05  0.0010841010  0.0000000   4.2967852e-05  1.4949197e-05  2.7597206e-05  -2.4925131e-05  0.00061296198  -6.7092869e-05  -8.7550310e-05  8.6453910e-05  -1.5463482e-05  -9.9654022e-05  -5.1630549e-05  -4.0559872e-05  -4.2603760e-05  5.6222124e-05  -0.00018832237  -2.3579244e-05  4.6319461e-05  9.2367479e-07  3.6396396e-06  -9.8472396e-05  -6.1578159e-06  3.4742956e-05  1.7211360e-05  -0.00042163254  -0.00010520693  -3.4506175e-05  -4.3730251e-05  -0.00087324669  7.5986680e-05  0.0010841010  0.0000000   4.2967852e-05  1.4949197e-05  2.7597206e-05  -2.4925131e-05  0.00061296198  -6.7092869e-05  -8.7550310e-05  8.6453910e-05  -1.5463482e-05  -9.9654022e-05  -5.1630549e-05  -4.0559872e-05  -4.2603760e-05  5.6222124e-05  -0.00018832237  -2.3579244e-05  4.6319461e-05  9.2367479e-07  
-0.00014652315  -0.00015060724  0.00016658951  0.00010554668  0.00019494292  2.7773308e-05  5.4241953e-05  0.00058342189  -0.00015785562  1.5693389e-05  -0.00016861984  -2.6333273e-05  -4.2967852e-05  0.0000000   -0.0050401428  0.0012725738  -0.00092535893  5.9141891e-05  0.00017858325  0.00029217370  -0.00012327365  0.00036532343  -5.2335289e-05  0.00032132525  -0.00032484880  -3.1961269e-05  -6.3483071e-05  -4.0274723e-05  9.7611470e-06  2.0796692e-05  -0.00016640911  -0.00014652315  -0.00015060724  0.00016658951  0.00010554668  0.00019494292  2.7773308e-05  5.4241953e-05  0.00058342189  -0.00015785562  1.5693389e-05  -0.00016861984  -2.6333273e-05  -4.2967852e-05  0.0000000   -0.0050401428  0.0012725738  -0.00092535893  5.9141891e-05  0.00017858325  0.00029217370  -0.00012327365  0.00036532343  -5.2335289e-05  0.00032132525  -0.00032484880  -3.1961269e-05  -6.3483071e-05  -4.0274723e-05  9.7611470e-06  2.0796692e-05  -0.00016640911  
8.3772501e-05  4.8796522e-05  7.5523538e-06  9.3101576e-05  -0.00039518013  -4.6623742e-05  0.00015249426  0.00026973249  -0.00015556489  5.8009643e-05  -0.00095984672  1.5437555e-05  -1.4949197e-05  0.0050401428  0.0000000   -0.00070872628  0.0016772768  4.0912703e-05  0.00020958665  0.00099135749  -5.3589714e-05  0.00056751951  2.4218781e-05  -5.0521579e-05  0.00050640592  2.1598400e-05  0.00017504791  4.9806516e-05  -1.3120145e-05  1.1705305e-05  9.6570002e-05  8.3772501e-05  4.8796522e-05  7.5523538e-06  9.3101576e-05  -0.00039518013  -4.6623742e-05  0.00015249426  0.00026973249  -0.00015556489  5.8009643e-05  -0.00095984672  1.5437555e-05  -1.4949197e-05  0.0050401428  0.0000000   -0.00070872628  0.0016772768  4.0912703e-05  0.00020958665  0.00099135749  -5.3589714e-05  0.00056751951  2.4218781e-05  -5.0521579e-05  0.00050640592  2.1598400e-05  0.00017504791  4.9806516e-05  -1.3120145e-05  1.1705305e-05  9.6570002e-05  
-0.00011896682  -9.3719618e-05  -4.7287591e-05  0.00023185201  -2.1199924e-05  -5.5907977e-05  0.00014502046  -0.00049138641  -0.00013996133  1.5837761e-05  0.00048258634  -7.2341445e-05  -2.7597206e-05  -0.0012725738  0.00070872628  0.0000000   0.0024711805  6.2226111e-05  -0.0011141418  -4.7651231e-05  3.7357331e-06  -0.00024628629  9.5622902e-05  -0.00057065955  0.00028686282  1.0427237e-05  -1.2803700e-05  2.4411810e-05  -1.5235396e-05  -1.0064327e-07  -7.8262790e-05  -0.00011896682  -9.3719618e-05  -4.7287591e-05  0.00023185201  -2.1199924e-05  -5.5907977e-05  0.00014502046  -0.00049138641  -0.00013996133  1.5837761e-05  0.00048258634  -7.2341445e-05  -2.7597206e-05  -0.0012725738  0.00070872628  0.0000000   0.0024711805  6.2226111e-05  -0.0011141418  -4.7651231e-05  3.7357331e-06  -0.00024628629  9.5622902e-05  -0.00057065955  0.00028686282  1.0427237e-05  -1.2803700e-05  2.4411810e-05  -1.5235396e-05  -1.0064327e-07  -7.8262790e-05  
-0.00010274059  4.9180636e-05  -0.00031205849  -1.7495106e-05  -9.9392066e-05  -7.0068361e-05  0.00020745884  0.00033794802  -5.7673311e-05  1.2744471e-05  9.2616976e-05  -2.0802415e-06  2.4925131e-05  0.00092535893  -0.0016772768  -0.0024711805  0.0000000   -6.5078760e-06  -0.00055616187  -0.00067880749  -0.00042693720  -0.00026652346  -2.5224314e-05  2.7068269e-05  0.00047543435  -1.2065271e-05  0.00021101966  3.3768935e-05  9.8913747e-06  5.9124473e-06  -0.00016954347  -0.00010274059  4.9180636e-05  -0.00031205849  -1.7495106e-05  -9.9392066e-05  -7.0068361e-05  0.00020745884  0.00033794802  -5.7673311e-05  1.2744471e-05  9.2616976e-05  -2.0802415e-06  2.4925131e-05  0.00092535893  -0.0016772768  -0.0024711805  0.0000000   -6.5078760e-06  -0.00055616187  -0.00067880749  -0.00042693720  -0.00026652346  -2.5224314e-05  2.7068269e-05  0.00047543435  -1.2065271e-05  0.00021101966  3.3768935e-05  9.8913747e-06  5.9124473e-06  -0.00016954347  
0.00012361925  1.5123979e-05  -2.0228199e-05  1.3518037e-05  -4.9975085e-06  0.00014024125  3.6182192e-05  -8.8159792e-06  -2.4055174e-05  0.00012218850  5.6364874e-05  1.7211785e-05  -0.00061296198  -5.9141891e-05  -4.0912703e-05  -6.2226111e-05  6.5078760e-06  0.0000000   0.00021327212  0.00028960023  -0.00011835961  -1.0732814e-05  0.00062702843  6.9372460e-05  4.9683370e-05  -0.00024891991  -2.8961383e-05  7.0561512e-05  -0.00012378260  0.00034846668  -1.4818667e-05  0.00012361925  1.5123979e-05  -2.0228199e-05  1.3518037e-05  -4.9975085e-06  0.00014024125  3.6182192e-05  -8.8159792e-06  -2.4055174e-05  0.00012218850  5.6364874e-05  1.7211785e-05  -0.00061296198  -5.9141891e-05  -4.0912703e-05  -6.2226111e-05  6.5078760e-06  0.0000000   0.00021327212  0.00028960023  -0.00011835961  -1.0732814e-05  0.00062702843  6.9372460e-05  4.9683370e-05  -0.00024891991  -2.8961383e-05  7.0561512e-05  -0.00012378260  0.00034846668  -1.4818667e-05  
8.7731995e-05  2.8926667e-05  1.0309740e-06  -6.0817789e-05  -7.7753645e-05  -9.7209907e-05  0.00024895093  -7.3191662e-05  -4.9528520e-05  -6.2384811e-05  -0.00022152390  0.00012476214  6.7092869e-05  -0.00017858325  -0.00020958665  0.0011141418  0.00055616187  -0.00021327212  0.0000000   -0.0080203891  -0.0026075144  -0.0011078321  3.9987511e-05  4.7876650e-05  -0.00056775377  -3.1358118e-05  -5.5994223e-05  -0.00014620086  2.8768185e-05  1.8612639e-05  -2.2023501e-06  8.7731995e-05  2.8926667e-05  1.0309740e-06  -6.0817789e-05  -7.7753645e-05  -9.7209907e-05  0.00024895093  -7.3191662e-05  -4.9528520e-05  -6.2384811e-05  -0.00022152390  0.00012476214  6.7092869e-05  -0.00017858325  -0.00020958665  0.0011141418  0.00055616187  -0.00021327212  0.0000000   -0.0080203891  -0.0026075144  -0.0011078321  3.9987511e-05  4.7876650e-05  -0.00056775377  -3.1358118e-05  -5.5994223e-05  -0.00014620086  2.8768185e-05  1.8612639e-05  -2.2023501e-06  
-5.5334217e-05  8.5318348e-05  -0.00017251390  -4.9710853e-07  -0.00010290900  -9.1344848e-05  0.00014491209  0.00012827629  6.5488202e-05  -7.9224774e-05  8.9710245e-05  0.00020714140  8.7550310e-05  -0.00029217370  -0.00099135749  4.7651231e-05  0.00067880749  -0.00028960023  0.0080203891  0.0000000   -0.0078449384  -0.0016358686  -4.9821101e-05  -0.00063144127  0.00051119287  7.0402946e-05  5.9896982e-05  -6.7167288e-05  5.5560115e-05  -8.1531481e-05  -0.00024599806  -5.5334217e-05  8.5318348e-05  -0.00017251390  -4.9710853e-07  -0.00010290900  -9.1344848e-05  0.00014491209  0.00012827629  6.5488202e-05  -7.9224774e-05  8.9710245e-05  0.00020714140  8.7550310e-05  -0.00029217370  -0.00099135749  4.7651231e-05  0.00067880749  -0.00028960023  0.0080203891  0.0000000   -0.0078449384  -0.0016358686  -4.9821101e-05  -0.00063144127  0.00051119287  7.0402946e-05  5.9896982e-05  -6.7167288e-05  5.5560115e-05  -8.1531481e-05  -0.00024599806  
9.5546352e-06  -1.8157767e-06  -0.00012506128  0.00016230852  -0.00010637908  -6.7900699e-05  0.00032529215  0.00035824590  -0.00026403420  7.6138238e-05  8.0315175e-05  -4.0618606e-05  -8.6453910e-05  0.00012327365  5.3589714e-05  -3.7357331e-06  0.00042693720  0.00011835961  0.0026075144  0.0078449384  0.0000000   0.0037973606  5.4224380e-05  -0.00029309580  3.4227841e-05  -6.2610994e-06  -0.00010701865  7.5503542e-05  -2.3669058e-05  -7.3501407e-06  -0.00023341231  9.5546352e-06  -1.8157767e-06  -0.00012506128  0.00016230852  -0.00010637908  -6.7900699e-05  0.00032529215  0.00035824590  -0.00026403420  7.6138238e-05  8.0315175e-05  -4.0618606e-05  -8.6453910e-05  0.00012327365  5.3589714e-05  -3.7357331e-06  0.00042693720  0.00011835961  0.0026075144  0.0078449384  0.0000000   0.0037973606  5.4224380e-05  -0.00029309580  3.4227841e-05  -6.2610994e-06  -0.00010701865  7.5503542e-05  -2.3669058e-05  -7.3501407e-06  -0.00023341231  
8.6923722e-05  -0.00023942766  -0.00022315379  0.00025668702  0.00028861957  3.3437412e-05  -6.6525460e-06  -0.00018286625  -0.00026888153  -1.2450406e-06  0.00032676584  -8.3486467e-06  1.5463482e-05  -0.00036532343  -0.00056751951  0.00024628629  0.00026652346  1.0732814e-05  0.0011078321  0.0016358686  -0.0037973606  0.0000000   7.5970537e-05  -0.00079661260  0.00049691946  4.5144555e-05  -0.00020495265  -5.6610022e-05  3.8481854e-06  -3.2170360e-05  -0.00014583626  8.6923722e-05  -0.00023942766  -0.00022315379  0.00025668702  0.00028861957  3.3437412e-05  -6.6525460e-06  -0.00018286625  -0.00026888153  -1.2450406e-06  0.00032676584  -8.3486467e-06  1.5463482e-05  -0.00036532343  -0.00056751951  0.00024628629  0.00026652346  1.0732814e-05  0.0011078321  0.0016358686  -0.0037973606  0.0000000   7.5970537e-05  -0.00079661260  0.00049691946  4.5144555e-05  -0.00020495265  -5.6610022e-05  3.8481854e-06  -3.2170360e-05  -0.00014583626  
1.1512174e-05  3.0453651e-05  -1.1765228e-05  2.9444280e-07  -2.4495645e-05  -0.00023659472  -8.5860931e-05  1.6601152e-05  -2.9911840e-06  -0.00022931527  1.6702439e-05  0.00041103469  9.9654022e-05  5.2335289e-05  -2.4218781e-05  -9.5622902e-05  2.5224314e-05  -0.00062702843  -3.9987511e-05  4.9821101e-05  -5.4224380e-05  -7.5970537e-05  0.0000000   0.00010758658  0.00060971933  0.00014625348  1.1027012e-05  -5.4188273e-05  -0.00019095460  0.00018967283  -0.00011395080  1.1512174e-05  3.0453651e-05  -1.1765228e-05  2.9444280e-07  -2.4495645e-05  -0.00023659472  -8.5860931e-05  1.6601152e-05  -2.9911840e-06  -0.00022931527  1.6702439e-05  0.00041103469  9.9654022e-05  5.2335289e-05  -2.4218781e-05  -9.5622902e-05  2.5224314e-05  -0.00062702843  -3.9987511e-05  4.9821101e-05  -5.4224380e-05  -7.5970537e-05  0.0000000   0.00010758658  0.00060971933  0.00014625348  1.1027012e-05  -5.4188273e-05  -0.00019095460  0.00018967283  -0.00011395080  
-0.00012035490  -5.1468788e-05  -2.6823001e-05  0.00012763384  9.3033679e-05  -2.6278486e-05  0.00017500690  -0.00012822937  -3.8059818e-05  -3.3173489e-05  0.00024533852  1.3025361e-05  5.1630549e-05  -0.00032132525  5.0521579e-05  0.00057065955  -2.7068269e-05  -6.9372460e-05  -4.7876650e-05  0.00063144127  0.00029309580  0.00079661260  -0.00010758658  0.0000000   -0.0055756477  -0.00028808199  -6.9925921e-05  -6.6354281e-05  5.9808064e-05  4.4885125e-05  0.00024717147  -0.00012035490  -5.1468788e-05  -2.6823001e-05  0.00012763384  9.3033679e-05  -2.6278486e-05  0.00017500690  -0.00012822937  -3.8059818e-05  -3.3173489e-05  0.00024533852  1.3025361e-05  5.1630549e-05  -0.00032132525  5.0521579e-05  0.00057065955  -2.7068269e-05  -6.9372460e-05  -4.7876650e-05  0.00063144127  0.00029309580  0.00079661260  -0.00010758658  0.0000000   -0.0055756477  -0.00028808199  -6.9925921e-05  -6.6354281e-05  5.9808064e-05  4.4885125e-05  0.00024717147  
-2.3094502e-05  -9.3766787e-05  -5.6340205e-05  4.5153840e-05  -2.4588703e-05  3.5451644e-05  -0.00013773790  6.6797136e-05  3.7454172e-05  -4.6520402e-05  0.00016360067  6.9168809e-06  4.0559872e-05  0.00032484880  -0.00050640592  -0.00028686282  -0.00047543435  -4.9683370e-05  0.00056775377  -0.00051119287  -3.4227841e-05  -0.00049691946  -0.00060971933  0.0055756477  0.0000000   -0.00014770040  -0.00030872555  -8.5849769e-05  -2.6574024e-05  7.3121041e-05  -0.00021274964  -2.3094502e-05  -9.3766787e-05  -5.6340205e-05  4.5153840e-05  -2.4588703e-05  3.5451644e-05  -0.00013773790  6.6797136e-05  3.7454172e-05  -4.6520402e-05  0.00016360067  6.9168809e-06  4.0559872e-05  0.00032484880  -0.00050640592  -0.00028686282  -0.00047543435  -4.9683370e-05  0.00056775377  -0.00051119287  -3.4227841e-05  -0.00049691946  -0.00060971933  0.0055756477  0.0000000   -0.00014770040  -0.00030872555  -8.5849769e-05  -2.6574024e-05  7.3121041e-05  -0.00021274964  
3.8039997e-05  5.3291101e-06  -1.1784314e-05  1.3077967e-05  1.9787158e-06  0.00024174894  8.2925720e-05  1.4511853e-05  -8.5925040e-07  0.00010375324  7.1283650e-06  1.7873449e-05  4.2603760e-05  3.1961269e-05  -2.1598400e-05  -1.0427237e-05  1.2065271e-05  0.00024891991  3.1358118e-05  -7.0402946e-05  6.2610994e-06  -4.5144555e-05  -0.00014625348  0.00028808199  0.00014770040  0.0000000   0.00013885132  -0.00055331662  0.0010212864  -0.00052073100  -0.00012399052  3.8039997e-05  5.3291101e-06  -1.1784314e-05  1.3077967e-05  1.9787158e-06  0.00024174894  8.2925720e-05  1.4511853e-05  -8.5925040e-07  0.00010375324  7.1283650e-06  1.7873449e-05  4.2603760e-05  3.1961269e-05  -2.1598400e-05  -1.0427237e-05  1.2065271e-05  0.00024891991  3.1358118e-05  -7.0402946e-05  6.2610994e-06  -4.5144555e-05  -0.00014625348  0.00028808199  0.00014770040  0.0000000   0.00013885132  -0.00055331662  0.0010212864  -0.00052073100  -0.00012399052  
0.00022193353  9.3053526e-05  -5.2940023e-05  -6.0823577e-05  9.5124781e-05  2.7342112e-05  -0.00012531347  8.1444696e-05  0.00017485836  2.6080554e-05  -1.3227230e-05  1.0935676e-05  -5.6222124e-05  6.3483071e-05  -0.00017504791  1.2803700e-05  -0.00021101966  2.8961383e-05  5.5994223e-05  -5.9896982e-05  0.00010701865  0.00020495265  -1.1027012e-05  6.9925921e-05  0.00030872555  -0.00013885132  0.0000000   -1.6994291e-05  0.00012546702  -6.8716566e-06  -0.0013457156  0.00022193353  9.3053526e-05  -5.2940023e-05  -6.0823577e-05  9.5124781e-05  2.7342112e-05  -0.00012531347  8.1444696e-05  0.00017485836  2.6080554e-05  -1.3227230e-05  1.0935676e-05  -5.6222124e-05  6.3483071e-05  -0.00017504791  1.2803700e-05  -0.00021101966  2.8961383e-05  5.5994223e-05  -5.9896982e-05  0.00010701865  0.00020495265  -1.1027012e-05  6.9925921e-05  0.00030872555  -0.00013885132  0.0000000   -1.6994291e-05  0.00012546702  -6.8716566e-06  -0.0013457156  
-3.5593998e-05  -5.0769177e-06  -2.7310173e-06  -2.7060390e-05  4.7378559e-06  7.1150340e-05  -2.1275174e-05  4.0036349e-05  2.5138363e-05  -0.00014114141  -4.4443918e-06  2.7330356e-05  0.00018832237  4.0274723e-05  -4.9806516e-05  -2.4411810e-05  -3.3768935e-05  -7.0561512e-05  0.00014620086  6.7167288e-05  -7.5503542e-05  5.6610022e-05  5.4188273e-05  6.6354281e-05  8.5849769e-05  0.00055331662  1.6994291e-05  0.0000000   -0.00047145372  7.2133769e-05  -0.00030727000  -3.5593998e-05  -5.0769177e-06  -2.7310173e-06  -2.7060390e-05  4.7378559e-06  7.1150340e-05  -2.1275174e-05  4.0036349e-05  2.5138363e-05  -0.00014114141  -4.4443918e-06  2.7330356e-05  0.00018832237  4.0274723e-05  -4.9806516e-05  -2.4411810e-05  -3.3768935e-05  -7.0561512e-05  0.00014620086  6.7167288e-05  -7.5503542e-05  5.6610022e-05  5.4188273e-05  6.6354281e-05  8.5849769e-05  0.00055331662  1.6994291e-05  0.0000000   -0.00047145372  7.2133769e-05  -0.00030727000  
3.6072759e-05  -6.0353729e-05  2.0354388e-06  1.5431700e-05  1.4557183e-05  6.3656342e-05  1.3806477e-05  -1.3412547e-05  -1.0274541e-05  7.2526978e-06  -1.0893998e-05  -4.5280877e-05  2.3579244e-05  -9.7611470e-06  1.3120145e-05  1.5235396e-05  -9.8913747e-06  0.00012378260  -2.8768185e-05  -5.5560115e-05  2.3669058e-05  -3.8481854e-06  0.00019095460  -5.9808064e-05  2.6574024e-05  -0.0010212864  -0.00012546702  0.00047145372  0.0000000   5.2942490e-05  3.0248816e-05  3.6072759e-05  -6.0353729e-05  2.0354388e-06  1.5431700e-05  1.4557183e-05  6.3656342e-05  1.3806477e-05  -1.3412547e-05  -1.0274541e-05  7.2526978e-06  -1.0893998e-05  -4.5280877e-05  2.3579244e-05  -9.7611470e-06  1.3120145e-05  1.5235396e-05  -9.8913747e-06  0.00012378260  -2.8768185e-05  -5.5560115e-05  2.3669058e-05  -3.8481854e-06  0.00019095460  -5.9808064e-05  2.6574024e-05  -0.0010212864  -0.00012546702  0.00047145372  0.0000000   5.2942490e-05  3.0248816e-05  
-1.3148267e-05  3.6679483e-05  -4.1698684e-06  -4.4461577e-06  -8.8366910e-06  -0.00013264306  -2.6686594e-05  2.6215300e-06  6.3612384e-06  -3.6303036e-06  1.8938533e-05  0.00011080061  -4.6319461e-05  -2.0796692e-05  -1.1705305e-05  1.0064327e-07  -5.9124473e-06  -0.00034846668  -1.8612639e-05  8.1531481e-05  7.3501407e-06  3.2170360e-05  -0.00018967283  -4.4885125e-05  -7.3121041e-05  0.00052073100  6.8716566e-06  -7.2133769e-05  -5.2942490e-05  0.0000000   0.00020339742  -1.3148267e-05  3.6679483e-05  -4.1698684e-06  -4.4461577e-06  -8.8366910e-06  -0.00013264306  -2.6686594e-05  2.6215300e-06  6.3612384e-06  -3.6303036e-06  1.8938533e-05  0.00011080061  -4.6319461e-05  -2.0796692e-05  -1.1705305e-05  1.0064327e-07  -5.9124473e-06  -0.00034846668  -1.8612639e-05  8.1531481e-05  7.3501407e-06  3.2170360e-05  -0.00018967283  -4.4885125e-05  -7.3121041e-05  0.00052073100  6.8716566e-06  -7.2133769e-05  -5.2942490e-05  0.0000000   0.00020339742  
2.5355978e-05  6.6212443e-05  4.4995997e-05  -2.4928754e-05  0.00014575480  -1.9282033e-05  0.00010382403  9.4108885e-05  4.3285758e-05  1.4602041e-05  7.8547576e-05  -2.2674798e-05  -9.2367479e-07  0.00016640911  -9.6570002e-05  7.8262790e-05  0.00016954347  1.4818667e-05  2.2023501e-06  0.00024599806  0.00023341231  0.00014583626  0.00011395080  -0.00024717147  0.00021274964  0.00012399052  0.0013457156  0.00030727000  -3.0248816e-05  -0.00020339742  0.0000000   2.5355978e-05  6.6212443e-05  4.4995997e-05  -2.4928754e-05  0.00014575480  -1.9282033e-05  0.00010382403  9.4108885e-05  4.3285758e-05  1.4602041e-05  7.8547576e-05  -2.2674798e-05  -9.2367479e-07  0.00016640911  -9.6570002e-05  7.8262790e-05  0.00016954347  1.4818667e-05  2.2023501e-06  0.00024599806  0.00023341231  0.00014583626  0.00011395080  -0.00024717147  0.00021274964  0.00012399052  0.0013457156  0.00030727000  -3.0248816e-05  -0.00020339742  0.0000000   
0.0000000   0.020139361  0.0011283920  -0.0024655324  -0.0011638110  -0.00096663983  -0.00010925788  -0.00018519158  0.00024693277  -0.00010787983  -0.00035656256  0.00019793383  -3.6396396e-06  0.00014652315  -8.3772501e-05  0.00011896682  0.00010274059  -0.00012361925  -8.7731995e-05  5.5334217e-05  -9.5546352e-06  -8.6923722e-05  -1.1512174e-05  0.00012035490  2.3094502e-05  -3.8039997e-05  -0.00022193353  3.5593998e-05  -3.6072759e-05  1.3148267e-05  -2.5355978e-05  0.0000000   0.020139361  0.0011283920  -0.0024655324  -0.0011638110  -0.00096663983  -0.00010925788  -0.00018519158  0.00024693277  -0.00010787983  -0.00035656256  0.00019793383  -3.6396396e-06  0.00014652315  -8.3772501e-05  0.00011896682  0.00010274059  -0.00012361925  -8.7731995e-05  5.5334217e-05  -9.5546352e-06  -8.6923722e-05  -1.1512174e-05  0.00012035490  2.3094502e-05  -3.8039997e-05  -0.00022193353  3.5593998e-05  -3.6072759e-05  1.3148267e-05  -2.5355978e-05  
-0.020139361  0.0000000   0.0016407548  -0.0031108781  -0.00033439525  0.00012600780  -0.00023299386  -0.00019501574  0.00051807231  -0.00010144186  0.00020438103  -7.5072690e-05  9.8472396e-05  0.00015060724  -4.8796522e-05  9.3719618e-05  -4.9180636e-05  -1.5123979e-05  -2.8926667e-05  -8.5318348e-05  1.8157767e-06  0.00023942766  -3.0453651e-05  5.1468788e-05  9.3766787e-05  -5.3291101e-06  -9.3053526e-05  5.0769177e-06  6.0353729e-05  -3.6679483e-05  -6.6212443e-05  -0.020139361  0.0000000   0.0016407548  -0.0031108781  -0.00033439525  0.00012600780  -0.00023299386  -0.00019501574  0.00051807231  -0.00010144186  0.00020438103  -7.5072690e-05  9.8472396e-05  0.00015060724  -4.8796522e-05  9.3719618e-05  -4.9180636e-05  -1.5123979e-05  -2.8926667e-05  -8.5318348e-05  1.8157767e-06  0.00023942766  -3.0453651e-05  5.1468788e-05  9.3766787e-05  -5.3291101e-06  -9.3053526e-05  5.0769177e-06  6.0353729e-05  -3.6679483e-05  -6.6212443e-05  
-0.0011283920  -0.0016407548  0.0000000   0.0016881852  0.0015894514  0.00015861702  0.00012846196  -0.00041219685  0.00019140494  -2.8808481e-06  3.7315104e-06  -5.6194207e-05  6.1578159e-06  -0.00016658951  -7.5523538e-06  4.7287591e-05  0.00031205849  2.0228199e-05  -1.0309740e-06  0.00017251390  0.00012506128  0.00022315379  1.1765228e-05  2.6823001e-05  5.6340205e-05  1.1784314e-05  5.2940023e-05  2.7310173e-06  -2.0354388e-06  4.1698684e-06  -4.4995997e-05  -0.0011283920  -0.0016407548  0.0000000   0.0016881852  0.0015894514  0.00015861702  0.00012846196  -0.00041219685  0.00019140494  -2.8808481e-06  3.7315104e-06  -5.6194207e-05  6.1578159e-06  -0.00016658951  -7.5523538e-06  4.7287591e-05  0.00031205849  2.0228199e-05  -1.0309740e-06  0.00017251390  0.00012506128  0.00022315379  1.1765228e-05  2.6823001e-05  5.6340205e-05  1.1784314e-05  5.2940023e-05  2.7310173e-06  -2.0354388e-06  4.1698684e-06  -4.4995997e-05  
0.0024655324  0.0031108781  -0.0016881852  0.0000000   0.00011227052  -0.00040808086  0.00067380720  0.0014346633  -0.00080428532  8.5525208e-05  0.00022887124  1.0621761e-06  -3.4742956e-05  -0.00010554668  -9.3101576e-05  -0.00023185201  1.7495106e-05  -1.3518037e-05  6.0817789e-05  4.9710853e-07  -0.00016230852  -0.00025668702  -2.9444280e-07  -0.00012763384  -4.5153840e-05  -1.3077967e-05  6.0823577e-05  2.7060390e-05  -1.5431700e-05  4.4461577e-06  2.4928754e-05  0.0024655324  0.0031108781  -0.0016881852  0.0000000   0.00011227052  -0.00040808086  0.00067380720  0.0014346633  -0.00080428532  8.5525208e-05  0.00022887124  1.0621761e-06  -3.4742956e-05  -0.00010554668  -9.3101576e-05  -0.00023185201  1.7495106e-05  -1.3518037e-05  6.0817789e-05  4.9710853e-07  -0.00016230852  -0.00025668702  -2.9444280e-07  -0.00012763384  -4.5153840e-05  -1.3077967e-05  6.0823577e-05  2.7060390e-05  -1.5431700e-05  4.4461577e-06  2.4928754e-05  
0.0011638110  0.00033439525  -0.0015894514  -0.00011227052  0.0000000   -0.00084760650  0.0028117319  0.00022546004  -0.00042447753  6.3828217e-05  0.00028610320  -6.7536491e-05  -1.7211360e-05  -0.00019494292  0.00039518013  2.1199924e-05  9.9392066e-05  4.9975085e-06  7.7753645e-05  0.00010290900  0.00010637908  -0.00028861957  2.4495645e-05  -9.3033679e-05  2.4588703e-05  -1.9787158e-06  -9.5124781e-05  -4.7378559e-06  -1.4557183e-05  8.8366910e-06  -0.00014575480  0.0011638110  0.00033439525  -0.0015894514  -0.00011227052  0.0000000   -0.00084760650  0.0028117319  0.00022546004  -0.00042447753  6.3828217e-05  0.00028610320  -6.7536491e-05  -1.7211360e-05  -0.00019494292  0.00039518013  2.1199924e-05  9.9392066e-05  4.9975085e-06  7.7753645e-05  0.00010290900  0.00010637908  -0.00028861957  2.4495645e-05  -9.3033679e-05  2.4588703e-05  -1.9787158e-06  -9.5124781e-05  -4.7378559e-06  -1.4557183e-05  8.8366910e-06  -0.00014575480  
0.00096663983  -0.00012600780  -0.00015861702  0.00040808086  0.00084760650  0.0000000   9.6555077e-05  -0.00025894607  -0.00021273972  -0.00024682233  8.8581667e-05  -1.9383729e-05  0.00042163254  -2.7773308e-05  4.6623742e-05  5.5907977e-05  7.0068361e-05  -0.00014024125  9.7209907e-05  9.1344848e-05  6.7900699e-05  -3.3437412e-05  0.00023659472  2.6278486e-05  -3.5451644e-05  -0.00024174894  -2.7342112e-05  -7.1150340e-05  -6.3656342e-05  0.00013264306  1.9282033e-05  0.00096663983  -0.00012600780  -0.00015861702  0.00040808086  0.00084760650  0.0000000   9.6555077e-05  -0.00025894607  -0.00021273972  -0.00024682233  8.8581667e-05  -1.9383729e-05  0.00042163254  -2.7773308e-05  4.6623742e-05  5.5907977e-05  7.0068361e-05  -0.00014024125  9.7209907e-05  9.1344848e-05  6.7900699e-05  -3.3437412e-05  0.00023659472  2.6278486e-05  -3.5451644e-05  -0.00024174894  -2.7342112e-05  -7.1150340e-05  -6.3656342e-05  0.00013264306  1.9282033e-05  
0.00010925788  0.00023299386  -0.00012846196  -0.00067380720  -0.0028117319  -9.6555077e-05  0.0000000   0.0016988089  0.00053979005  -6.2639440e-05  -0.00035547929  0.00012919707  0.00010520693  -5.4241953e-05  -0.00015249426  -0.00014502046  -0.00020745884  -3.6182192e-05  -0.00024895093  -0.00014491209  -0.00032529215  6.6525460e-06  8.5860931e-05  -0.00017500690  0.00013773790  -8.2925720e-05  0.00012531347  2.1275174e-05  -1.3806477e-05  2.6686594e-05  -0.00010382403  0.00010925788  0.00023299386  -0.00012846196  -0.00067380720  -0.0028117319  -9.6555077e-05  0.0000000   0.0016988089  0.00053979005  -6.2639440e-05  -0.00035547929  0.00012919707  0.00010520693  -5.4241953e-05  -0.00015249426  -0.00014502046  -0.00020745884  -3.6182192e-05  -0.00024895093  -0.00014491209  -0.00032529215  6.6525460e-06  8.5860931e-05  -0.00017500690  0.00013773790  -8.2925720e-05  0.00012531347  2.1275174e-05  -1.3806477e-05  2.6686594e-05  -0.00010382403  
0.00018519158  0.00019501574  0.00041219685  -0.0014346633  -0.00022546004  0.00025894607  -0.0016988089  0.0000000   -0.0035666133  0.00013448176  0.0011662540  -0.00014298213  3.4506175e-05  -0.00058342189  -0.00026973249  0.00049138641  -0.00033794802  8.8159792e-06  7.3191662e-05  -0.00012827629  -0.00035824590  0.00018286625  -1.6601152e-05  0.00012822937  -6.6797136e-05  -1.4511853e-05  -8.1444696e-05  -4.0036349e-05  1.3412547e-05  -2.6215300e-06  -9.4108885e-05  0.00018519158  0.00019501574  0.00041219685  -0.0014346633  -0.00022546004  0.00025894607  -0.0016988089  0.0000000   -0.0035666133  0.00013448176  0.0011662540  -0.00014298213  3.4506175e-05  -0.00058342189  -0.00026973249  0.00049138641  -0.00033794802  8.8159792e-06  7.3191662e-05  -0.00012827629  -0.00035824590  0.00018286625  -1.6601152e-05  0.00012822937  -6.6797136e-05  -1.4511853e-05  -8.1444696e-05  -4.0036349e-05  1.3412547e-05  -2.6215300e-06  -9.4108885e-05  
-0.00024693277  -0.00051807231  -0.00019140494  0.00080428532  0.00042447753  0.00021273972  -0.00053979005  0.0035666133  0.0000000   8.6253654e-05  0.00017775982  -5.0725115e-05  4.3730251e-05  0.00015785562  0.00015556489  0.00013996133  5.7673311e-05  2.4055174e-05  4.9528520e-05  -6.5488202e-05  0.00026403420  0.00026888153  2.9911840e-06  3.8059818e-05  -3.7454172e-05  8.5925040e-07  -0.00017485836  -2.5138363e-05  1.0274541e-05  -6.3612384e-06  -4.3285758e-05  -0.00024693277  -0.00051807231  -0.00019140494  0.00080428532  0.00042447753  0.00021273972  -0.00053979005  0.0035666133  0.0000000   8.6253654e-05  0.00017775982  -5.0725115e-05  4.3730251e-05  0.00015785562  0.00015556489  0.00013996133  5.7673311e-05  2.4055174e-05  4.9528520e-05  -6.5488202e-05  0.00026403420  0.00026888153  2.9911840e-06  3.8059818e-05  -3.7454172e-05  8.5925040e-07  -0.00017485836  -2.5138363e-05  1.0274541e-05  -6.3612384e-06  -4.3285758e-05  
0.00010787983  0.00010144186  2.8808481e-06  -8.5525208e-05  -6.3828217e-05  0.00024682233  6.2639440e-05  -0.00013448176  -8.6253654e-05  0.0000000   -6.9186268e-05  -0.00042984546  0.00087324669  -1.5693389e-05  -5.8009643e-05  -1.5837761e-05  -1.2744471e-05  -0.00012218850  6.2384811e-05  7.9224774e-05  -7.6138238e-05  1.2450406e-06  0.00022931527  3.3173489e-05  4.6520402e-05  -0.00010375324  -2.6080554e-05  0.00014114141  -7.2526978e-06  3.6303036e-06  -1.4602041e-05  0.00010787983  0.00010144186  2.8808481e-06  -8.5525208e-05  -6.3828217e-05  0.00024682233  6.2639440e-05  -0.00013448176  -8.6253654e-05  0.0000000   -6.9186268e-05  -0.00042984546  0.00087324669  -1.5693389e-05  -5.8009643e-05  -1.5837761e-05  -1.2744471e-05  -0.00012218850  6.2384811e-05  7.9224774e-05  -7.6138238e-05  1.2450406e-06  0.00022931527  3.3173489e-05  4.6520402e-05  -0.00010375324  -2.6080554e-05  0.00014114141  -7.2526978e-06  3.6303036e-06  -1.4602041e-05  
0.00035656256  -0.00020438103  -3.7315104e-06  -0.00022887124  -0.00028610320  -8.8581667e-05  0.00035547929  -0.0011662540  -0.00017775982  6.9186268e-05  0.0000000   -5.3325241e-05  -7.5986680e-05  0.00016861984  0.00095984672  -0.00048258634  -9.2616976e-05  -5.6364874e-05  0.00022152390  -8.9710245e-05  -8.0315175e-05  -0.00032676584  -1.6702439e-05  -0.00024533852  -0.00016360067  -7.1283650e-06  1.3227230e-05  4.4443918e-06  1.0893998e-05  -1.8938533e-05  -7.8547576e-05  0.00035656256  -0.00020438103  -3.7315104e-06  -0.00022887124  -0.00028610320  -8.8581667e-05  0.00035547929  -0.0011662540  -0.00017775982  6.9186268e-05  0.0000000   -5.3325241e-05  -7.5986680e-05  0.00016861984  0.00095984672  -0.00048258634  -9.2616976e-05  -5.6364874e-05  0.00022152390  -8.9710245e-05  -8.0315175e-05  -0.00032676584  -1.6702439e-05  -0.00024533852  -0.00016360067  -7.1283650e-06  1.3227230e-05  4.4443918e-06  1.0893998e-05  -1.8938533e-05  -7.8547576e-05  
