0.0000000   0.00030133998  0.00024838864  -2.2281144e-05  0.00039574903  -0.00029656993  -3.4013289e-05  -2.5845055e-05  -2.4441704e-05  -0.00011152849  5.0401640e-05  0.00033744564  5.4003848e-05  -2.5306627e-05  0.00026219584  -4.7977635e-05  -0.00024764607  4.0673747e-05  3.6392114e-05  -5.6516889e-05  -1.8013334e-05  -2.2305941e-05  -9.8193892e-05  -3.8107239e-05  -7.0084608e-07  -1.1863683e-05  1.4362620e-05  0.00012382588  -8.3926025e-05  2.2480513e-07  6.7917037e-06  0.0000000   0.00030133998  0.00024838864  -2.2281144e-05  0.00039574903  -0.00029656993  -3.4013289e-05  -2.5845055e-05  -2.4441704e-05  -0.00011152849  5.0401640e-05  0.00033744564  5.4003848e-05  -2.5306627e-05  0.00026219584  -4.7977635e-05  -0.00024764607  4.0673747e-05  3.6392114e-05  -5.6516889e-05  -1.8013334e-05  -2.2305941e-05  -9.8193892e-05  -3.8107239e-05  -7.0084608e-07  -1.1863683e-05  1.4362620e-05  0.00012382588  -8.3926025e-05  2.2480513e-07  6.7917037e-06  
-0.00030133998  0.0000000   2.2583710e-06  0.0013808599  -9.4146403e-05  7.3491011e-05  -9.1618722e-06  0.00048644897  -0.00028848943  -7.3901116e-05  -1.5762223e-05  -2.7694404e-05  0.00012275343  7.2077994e-06  9.9430122e-06  1.5219527e-06  -1.1086334e-05  -2.9234762e-05  0.00020869366  -0.00029238520  0.00012114048  -5.5258853e-05  -2.1468657e-06  -3.6546966e-05  -0.00019200184  -1.8527024e-05  0.00012201769  2.1350502e-06  -3.5299715e-06  5.6829822e-05  2.3710458e-06  -0.00030133998  0.0000000   2.2583710e-06  0.0013808599  -9.4146403e-05  7.3491011e-05  -9.1618722e-06  0.00048644897  -0.00028848943  -7.3901116e-05  -1.5762223e-05  -2.7694404e-05  0.00012275343  7.2077994e-06  9.9430122e-06  1.5219527e-06  -1.1086334e-05  -2.9234762e-05  0.00020869366  -0.00029238520  0.00012114048  -5.5258853e-05  -2.1468657e-06  -3.6546966e-05  -0.00019200184  -1.8527024e-05  0.00012201769  2.1350502e-06  -3.5299715e-06  5.6829822e-05  2.3710458e-06  
-0.00024838864  -2.2583710e-06  0.0000000   -0.00034485480  0.0013340108  -0.0033187915  -0.00012634150  -0.00034491671  3.7555495e-05  -0.00012308847  -2.1458298e-05  0.00071050756  0.00013659668  4.5372820e-05  6.6079937e-08  -2.4178948e-05  -6.7718698e-06  0.00025994687  4.5264188e-05  -3.0231442e-05  4.3684699e-06  2.1606373e-05  -4.7204349e-05  -1.6092883e-05  -3.1468573e-06  8.4666188e-05  -7.1064263e-06  0.00012280729  1.2594467e-05  1.3691717e-05  0.00011393019  -0.00024838864  -2.2583710e-06  0.0000000   -0.00034485480  0.0013340108  -0.0033187915  -0.00012634150  -0.00034491671  3.7555495e-05  -0.00012308847  -2.1458298e-05  0.00071050756  0.00013659668  4.5372820e-05  6.6079937e-08  -2.4178948e-05  -6.7718698e-06  0.00025994687  4.5264188e-05  -3.0231442e-05  4.3684699e-06  2.1606373e-05  -4.7204349e-05  -1.6092883e-05  -3.1468573e-06  8.4666188e-05  -7.1064263e-06  0.00012280729  1.2594467e-05  1.3691717e-05  0.00011393019  
2.2281144e-05  -0.0013808599  0.00034485480  0.0000000   0.0012063405  0.00062149170  -0.00013298171  -0.00063176609  0.00017596136  -3.8342176e-05  1.1663069e-05  6.6150490e-05  -0.00029367541  3.0860325e-05  5.3394345e-05  -8.9520306e-06  -1.1109332e-05  -1.6277600e-07  0.00010059345  6.3001548e-05  0.00010467902  -0.00023056100  1.0420718e-05  -4.8353774e-05  -1.9153012e-05  -2.7211608e-07  -5.8343141e-05  -3.1976265e-05  -1.3297284e-05  7.3992485e-05  -1.9755903e-05  2.2281144e-05  -0.0013808599  0.00034485480  0.0000000   0.0012063405  0.00062149170  -0.00013298171  -0.00063176609  0.00017596136  -3.8342176e-05  1.1663069e-05  6.6150490e-05  -0.00029367541  3.0860325e-05  5.3394345e-05  -8.9520306e-06  -1.1109332e-05  -1.6277600e-07  0.00010059345  6.3001548e-05  0.00010467902  -0.00023056100  1.0420718e-05  -4.8353774e-05  -1.9153012e-05  -2.7211608e-07  -5.8343141e-05  -3.1976265e-05  -1.3297284e-05  7.3992485e-05  -1.9755903e-05  
-0.00039574903  9.4146403e-05  -0.0013340108  -0.0012063405  0.0000000   -0.013985221  -0.00052733531  -0.00064606133  0.00018861275  -0.00010526710  0.00023281450  4.4615959e-05  -1.2594075e-05  -0.00027881124  -0.00037312316  8.7350638e-06  0.00013147517  -0.00010638575  9.2864627e-05  -5.0064074e-05  4.7763842e-05  5.3494446e-05  -3.4148357e-05  3.3182911e-07  2.1959272e-05  -4.2535669e-05  -4.5028833e-05  0.00015262838  6.0209105e-06  3.5768733e-05  0.00011983269  -0.00039574903  9.4146403e-05  -0.0013340108  -0.0012063405  0.0000000   -0.013985221  -0.00052733531  -0.00064606133  0.00018861275  -0.00010526710  0.00023281450  4.4615959e-05  -1.2594075e-05  -0.00027881124  -0.00037312316  8.7350638e-06  0.00013147517  -0.00010638575  9.2864627e-05  -5.0064074e-05  4.7763842e-05  5.3494446e-05  -3.4148357e-05  3.3182911e-07  2.1959272e-05  -4.2535669e-05  -4.5028833e-05  0.00015262838  6.0209105e-06  3.5768733e-05  0.00011983269  
0.00029656993  -7.3491011e-05  0.0033187915  -0.00062149170  0.013985221  0.0000000   -0.00047429978  -0.00053350727  -6.7018784e-05  6.1269481e-05  0.00024343096  3.0484542e-06  4.9855619e-05  -9.6643360e-05  0.00043717798  6.4765984e-05  3.8378011e-05  0.00021182747  2.7442677e-05  -0.00010371049  3.7714082e-05  1.2782622e-05  4.0538250e-05  1.1473820e-05  -1.2383962e-05  2.6435028e-05  3.0811438e-05  -0.00025346119  7.8901794e-05  1.3618375e-05  6.4638825e-06  0.00029656993  -7.3491011e-05  0.0033187915  -0.00062149170  0.013985221  0.0000000   -0.00047429978  -0.00053350727  -6.7018784e-05  6.1269481e-05  0.00024343096  3.0484542e-06  4.9855619e-05  -9.6643360e-05  0.00043717798  6.4765984e-05  3.8378011e-05  0.00021182747  2.7442677e-05  -0.00010371049  3.7714082e-05  1.2782622e-05  4.0538250e-05  1.1473820e-05  -1.2383962e-05  2.6435028e-05  3.0811438e-05  -0.00025346119  7.8901794e-05  1.3618375e-05  6.4638825e-06  
3.4013289e-05  9.1618722e-06  0.00012634150  0.00013298171  0.00052733531  0.00047429978  0.0000000   -0.0027785539  0.00043981379  -0.0018778304  4.7066531e-05  2.1160368e-05  -0.00012583602  -6.6356165e-06  5.4770109e-05  -7.5492741e-05  5.0280480e-06  2.6617700e-05  -0.00014943300  -0.00010498566  -0.00029509779  0.00020249913  -1.3145663e-05  -0.00024640210  7.7960601e-05  -3.8694043e-05  -3.0660213e-05  -5.1251246e-05  6.0800724e-06  0.00010612565  -2.4678324e-05  3.4013289e-05  9.1618722e-06  0.00012634150  0.00013298171  0.00052733531  0.00047429978  0.0000000   -0.0027785539  0.00043981379  -0.0018778304  4.7066531e-05  2.1160368e-05  -0.00012583602  -6.6356165e-06  5.4770109e-05  -7.5492741e-05  5.0280480e-06  2.6617700e-05  -0.00014943300  -0.00010498566  -0.00029509779  0.00020249913  -1.3145663e-05  -0.00024640210  7.7960601e-05  -3.8694043e-05  -3.0660213e-05  -5.1251246e-05  6.0800724e-06  0.00010612565  -2.4678324e-05  
2.5845055e-05  -0.00048644897  0.00034491671  0.00063176609  0.00064606133  0.00053350727  0.0027785539  0.0000000   0.0030867979  -0.00028591668  -1.6970045e-05  -1.3758428e-05  0.00018063963  -7.2099986e-06  4.7755961e-05  1.7475993e-05  -2.2421092e-05  4.1034713e-05  0.00023915840  -0.00023314116  0.00020237593  0.00016645813  -7.7861632e-07  -4.5660474e-05  -0.00018001194  -6.3600626e-06  -6.7771352e-06  -2.5053762e-05  -1.3540979e-06  4.1695076e-05  -1.5676745e-05  2.5845055e-05  -0.00048644897  0.00034491671  0.00063176609  0.00064606133  0.00053350727  0.0027785539  0.0000000   0.0030867979  -0.00028591668  -1.6970045e-05  -1.3758428e-05  0.00018063963  -7.2099986e-06  4.7755961e-05  1.7475993e-05  -2.2421092e-05  4.1034713e-05  0.00023915840  -0.00023314116  0.00020237593  0.00016645813  -7.7861632e-07  -4.5660474e-05  -0.00018001194  -6.3600626e-06  -6.7771352e-06  -2.5053762e-05  -1.3540979e-06  4.1695076e-05  -1.5676745e-05  
2.4441704e-05  0.00028848943  -3.7555495e-05  -0.00017596136  -0.00018861275  6.7018784e-05  -0.00043981379  -0.0030867979  0.0000000   0.0062636229  -5.2486283e-05  0.00013454084  -0.00082578088  4.0686052e-05  -0.00013116838  3.9003473e-05  5.7630003e-05  4.3222703e-05  -0.00019942523  0.00033247309  -0.00019772508  -0.00010981585  2.0765953e-05  0.00013347309  0.00024273124  6.3554173e-05  -0.00012841985  6.8564896e-06  -3.1561243e-06  -9.4092138e-06  4.7914559e-06  2.4441704e-05  0.00028848943  -3.7555495e-05  -0.00017596136  -0.00018861275  6.7018784e-05  -0.00043981379  -0.0030867979  0.0000000   0.0062636229  -5.2486283e-05  0.00013454084  -0.00082578088  4.0686052e-05  -0.00013116838  3.9003473e-05  5.7630003e-05  4.3222703e-05  -0.00019942523  0.00033247309  -0.00019772508  -0.00010981585  2.0765953e-05  0.00013347309  0.00024273124  6.3554173e-05  -0.00012841985  6.8564896e-06  -3.1561243e-06  -9.4092138e-06  4.7914559e-06  
0.00011152849  7.3901116e-05  0.00012308847  3.8342176e-05  0.00010526710  -6.1269481e-05  0.0018778304  0.00028591668  -0.0062636229  0.0000000   5.4062173e-05  -2.0958944e-05  -0.00074670018  -4.8740693e-05  -0.00010763443  -1.5533808e-05  1.4813837e-05  -6.3437070e-06  -3.1837601e-05  -9.0782897e-06  -0.00017145043  0.00028022439  2.6025796e-05  7.7678874e-06  -5.5473746e-05  9.7885928e-06  -0.00017638078  -2.1481247e-06  1.5604876e-05  -6.5466354e-05  2.3723983e-05  0.00011152849  7.3901116e-05  0.00012308847  3.8342176e-05  0.00010526710  -6.1269481e-05  0.0018778304  0.00028591668  -0.0062636229  0.0000000   5.4062173e-05  -2.0958944e-05  -0.00074670018  -4.8740693e-05  -0.00010763443  -1.5533808e-05  1.4813837e-05  -6.3437070e-06  -3.1837601e-05  -9.0782897e-06  -0.00017145043  0.00028022439  2.6025796e-05  7.7678874e-06  -5.5473746e-05  9.7885928e-06  -0.00017638078  -2.1481247e-06  1.5604876e-05  -6.5466354e-05  2.3723983e-05  
-5.0401640e-05  1.5762223e-05  2.1458298e-05  -1.1663069e-05  -0.00023281450  -0.00024343096  -4.7066531e-05  1.6970045e-05  5.2486283e-05  -5.4062173e-05  0.0000000   -0.00072614489  -0.00016501854  -0.00021814268  0.00079222385  0.00027515371  -0.00014766467  0.00025085987  3.2077714e-05  6.0432393e-06  1.9849630e-06  1.9318337e-06  6.5634916e-05  -6.0944823e-06  3.1088693e-05  -0.00026960041  8.5308965e-06  0.00031839947  -6.8328287e-05  -7.3817275e-07  7.0588665e-05  -5.0401640e-05  1.5762223e-05  2.1458298e-05  -1.1663069e-05  -0.00023281450  -0.00024343096  -4.7066531e-05  1.6970045e-05  5.2486283e-05  -5.4062173e-05  0.0000000   -0.00072614489  -0.00016501854  -0.00021814268  0.00079222385  0.00027515371  -0.00014766467  0.00025085987  3.2077714e-05  6.0432393e-06  1.9849630e-06  1.9318337e-06  6.5634916e-05  -6.0944823e-06  3.1088693e-05  -0.00026960041  8.5308965e-06  0.00031839947  -6.8328287e-05  -7.3817275e-07  7.0588665e-05  
-0.00033744564  2.7694404e-05  -0.00071050756  -6.6150490e-05  -4.4615959e-05  -3.0484542e-06  -2.1160368e-05  1.3758428e-05  -0.00013454084  2.0958944e-05  0.00072614489  0.0000000   -0.00017188793  -0.0012944428  0.0013909615  0.00031377602  -0.00031997119  2.7896321e-05  -0.00011890099  -2.0762657e-05  -7.2656462e-05  4.1395082e-05  -5.9443163e-05  1.4505946e-06  5.8591323e-05  -0.00033403652  7.0386766e-05  4.1730221e-05  4.6073913e-05  -2.2650528e-05  5.5253174e-05  -0.00033744564  2.7694404e-05  -0.00071050756  -6.6150490e-05  -4.4615959e-05  -3.0484542e-06  -2.1160368e-05  1.3758428e-05  -0.00013454084  2.0958944e-05  0.00072614489  0.0000000   -0.00017188793  -0.0012944428  0.0013909615  0.00031377602  -0.00031997119  2.7896321e-05  -0.00011890099  -2.0762657e-05  -7.2656462e-05  4.1395082e-05  -5.9443163e-05  1.4505946e-06  5.8591323e-05  -0.00033403652  7.0386766e-05  4.1730221e-05  4.6073913e-05  -2.2650528e-05  5.5253174e-05  
-5.4003848e-05  -0.00012275343  -0.00013659668  0.00029367541  1.2594075e-05  -4.9855619e-05  0.00012583602  -0.00018063963  0.00082578088  0.00074670018  0.00016501854  0.00017188793  0.0000000   -0.00023226872  0.00033842213  0.00015342498  4.8661595e-05  -9.7052338e-05  0.00057527231  0.00010212544  0.00025969420  -0.00044829556  -1.2704432e-05  7.9210423e-05  -0.00018386696  -6.9895845e-05  -0.00037134016  2.2952700e-05  -1.7663821e-06  0.00014105280  8.7912049e-06  -5.4003848e-05  -0.00012275343  -0.00013659668  0.00029367541  1.2594075e-05  -4.9855619e-05  0.00012583602  -0.00018063963  0.00082578088  0.00074670018  0.00016501854  0.00017188793  0.0000000   -0.00023226872  0.00033842213  0.00015342498  4.8661595e-05  -9.7052338e-05  0.00057527231  0.00010212544  0.00025969420  -0.00044829556  -1.2704432e-05  7.9210423e-05  -0.00018386696  -6.9895845e-05  -0.00037134016  2.2952700e-05  -1.7663821e-06  0.00014105280  8.7912049e-06  
2.5306627e-05  -7.2077994e-06  -4.5372820e-05  -3.0860325e-05  0.00027881124  9.6643360e-05  6.6356165e-06  7.2099986e-06  -4.0686052e-05  4.8740693e-05  0.00021814268  0.0012944428  0.00023226872  0.0000000   0.00089613878  -3.8989808e-05  0.0011372907  8.1889775e-05  -4.9636655e-05  6.5138092e-06  -1.2776093e-05  -1.5478630e-05  1.5073644e-05  7.3860025e-06  6.0394285e-06  -0.00026182895  3.7697767e-05  -8.8661396e-07  -0.00018272313  -2.9359718e-05  -5.6699741e-05  2.5306627e-05  -7.2077994e-06  -4.5372820e-05  -3.0860325e-05  0.00027881124  9.6643360e-05  6.6356165e-06  7.2099986e-06  -4.0686052e-05  4.8740693e-05  0.00021814268  0.0012944428  0.00023226872  0.0000000   0.00089613878  -3.8989808e-05  0.0011372907  8.1889775e-05  -4.9636655e-05  6.5138092e-06  -1.2776093e-05  -1.5478630e-05  1.5073644e-05  7.3860025e-06  6.0394285e-06  -0.00026182895  3.7697767e-05  -8.8661396e-07  -0.00018272313  -2.9359718e-05  -5.6699741e-05  
-0.00026219584  -9.9430122e-06  -6.6079937e-08  -5.3394345e-05  0.00037312316  -0.00043717798  -5.4770109e-05  -4.7755961e-05  0.00013116838  0.00010763443  -0.00079222385  -0.0013909615  -0.00033842213  -0.00089613878  0.0000000   -0.0023107837  -0.0010285224  -8.1490151e-05  1.6685240e-05  -3.6350927e-05  -3.9518180e-05  -8.5482330e-05  0.00029920143  -6.5871820e-06  -7.1755702e-06  -6.8378268e-05  -3.9095496e-06  -5.6783843e-05  -0.00020166978  -1.1912991e-05  0.00010306336  -0.00026219584  -9.9430122e-06  -6.6079937e-08  -5.3394345e-05  0.00037312316  -0.00043717798  -5.4770109e-05  -4.7755961e-05  0.00013116838  0.00010763443  -0.00079222385  -0.0013909615  -0.00033842213  -0.00089613878  0.0000000   -0.0023107837  -0.0010285224  -8.1490151e-05  1.6685240e-05  -3.6350927e-05  -3.9518180e-05  -8.5482330e-05  0.00029920143  -6.5871820e-06  -7.1755702e-06  -6.8378268e-05  -3.9095496e-06  -5.6783843e-05  -0.00020166978  -1.1912991e-05  0.00010306336  
4.7977635e-05  -1.5219527e-06  2.4178948e-05  8.9520306e-06  -8.7350638e-06  -6.4765984e-05  7.5492741e-05  -1.7475993e-05  -3.9003473e-05  1.5533808e-05  -0.00027515371  -0.00031377602  -0.00015342498  3.8989808e-05  0.0023107837  0.0000000   -0.00037486250  -0.00077326431  -0.00012810108  6.1528963e-06  -3.3781171e-05  7.2033542e-05  0.00018234808  -3.8120415e-05  -2.8213715e-05  0.00027935051  -1.7403117e-06  -0.00024546739  0.00022528747  3.2237072e-05  0.00017554186  4.7977635e-05  -1.5219527e-06  2.4178948e-05  8.9520306e-06  -8.7350638e-06  -6.4765984e-05  7.5492741e-05  -1.7475993e-05  -3.9003473e-05  1.5533808e-05  -0.00027515371  -0.00031377602  -0.00015342498  3.8989808e-05  0.0023107837  0.0000000   -0.00037486250  -0.00077326431  -0.00012810108  6.1528963e-06  -3.3781171e-05  7.2033542e-05  0.00018234808  -3.8120415e-05  -2.8213715e-05  0.00027935051  -1.7403117e-06  -0.00024546739  0.00022528747  3.2237072e-05  0.00017554186  
0.00024764607  1.1086334e-05  6.7718698e-06  1.1109332e-05  -0.00013147517  -3.8378011e-05  -5.0280480e-06  2.2421092e-05  -5.7630003e-05  -1.4813837e-05  0.00014766467  0.00031997119  -4.8661595e-05  -0.0011372907  0.0010285224  0.00037486250  0.0000000   -0.0014026718  -0.00014544057  5.5607034e-05  -3.2041540e-05  0.00012979632  -0.00082068416  -2.1815349e-06  2.8737655e-06  0.00021572421  4.3989150e-06  6.8884363e-05  0.00023343275  2.0053958e-05  0.00024762404  0.00024764607  1.1086334e-05  6.7718698e-06  1.1109332e-05  -0.00013147517  -3.8378011e-05  -5.0280480e-06  2.2421092e-05  -5.7630003e-05  -1.4813837e-05  0.00014766467  0.00031997119  -4.8661595e-05  -0.0011372907  0.0010285224  0.00037486250  0.0000000   -0.0014026718  -0.00014544057  5.5607034e-05  -3.2041540e-05  0.00012979632  -0.00082068416  -2.1815349e-06  2.8737655e-06  0.00021572421  4.3989150e-06  6.8884363e-05  0.00023343275  2.0053958e-05  0.00024762404  
-4.0673747e-05  2.9234762e-05  -0.00025994687  1.6277600e-07  0.00010638575  -0.00021182747  -2.6617700e-05  -4.1034713e-05  -4.3222703e-05  6.3437070e-06  -0.00025085987  -2.7896321e-05  9.7052338e-05  -8.1889775e-05  8.1490151e-05  0.00077326431  0.0014026718  0.0000000   3.6413831e-05  -7.5349141e-05  -4.6376589e-05  9.5959085e-05  -0.00070590475  4.5990984e-05  7.8492897e-05  0.00012761046  -3.1251582e-06  0.00040423888  3.4754221e-05  1.0120290e-05  0.00022244091  -4.0673747e-05  2.9234762e-05  -0.00025994687  1.6277600e-07  0.00010638575  -0.00021182747  -2.6617700e-05  -4.1034713e-05  -4.3222703e-05  6.3437070e-06  -0.00025085987  -2.7896321e-05  9.7052338e-05  -8.1889775e-05  8.1490151e-05  0.00077326431  0.0014026718  0.0000000   3.6413831e-05  -7.5349141e-05  -4.6376589e-05  9.5959085e-05  -0.00070590475  4.5990984e-05  7.8492897e-05  0.00012761046  -3.1251582e-06  0.00040423888  3.4754221e-05  1.0120290e-05  0.00022244091  
-3.6392114e-05  -0.00020869366  -4.5264188e-05  -0.00010059345  -9.2864627e-05  -2.7442677e-05  0.00014943300  -0.00023915840  0.00019942523  3.1837601e-05  -3.2077714e-05  0.00011890099  -0.00057527231  4.9636655e-05  -1.6685240e-05  0.00012810108  0.00014544057  -3.6413831e-05  0.0000000   0.00068872628  0.00081008513  -0.00096833618  -3.9660336e-05  -0.00036930190  -0.00051420096  -1.8925296e-05  4.2274115e-05  2.8812730e-05  1.0530713e-05  -1.6511742e-05  3.4518378e-05  -3.6392114e-05  -0.00020869366  -4.5264188e-05  -0.00010059345  -9.2864627e-05  -2.7442677e-05  0.00014943300  -0.00023915840  0.00019942523  3.1837601e-05  -3.2077714e-05  0.00011890099  -0.00057527231  4.9636655e-05  -1.6685240e-05  0.00012810108  0.00014544057  -3.6413831e-05  0.0000000   0.00068872628  0.00081008513  -0.00096833618  -3.9660336e-05  -0.00036930190  -0.00051420096  -1.8925296e-05  4.2274115e-05  2.8812730e-05  1.0530713e-05  -1.6511742e-05  3.4518378e-05  
5.6516889e-05  0.00029238520  3.0231442e-05  -6.3001548e-05  5.0064074e-05  0.00010371049  0.00010498566  0.00023314116  -0.00033247309  9.0782897e-06  -6.0432393e-06  2.0762657e-05  -0.00010212544  -6.5138092e-06  3.6350927e-05  -6.1528963e-06  -5.5607034e-05  7.5349141e-05  -0.00068872628  0.0000000   0.0027243660  0.00094583407  -0.00010000370  -9.1361128e-05  0.00013651553  -2.1058706e-05  0.00014927127  2.3064478e-05  -3.4437586e-05  0.00012146834  1.1492768e-05  5.6516889e-05  0.00029238520  3.0231442e-05  -6.3001548e-05  5.0064074e-05  0.00010371049  0.00010498566  0.00023314116  -0.00033247309  9.0782897e-06  -6.0432393e-06  2.0762657e-05  -0.00010212544  -6.5138092e-06  3.6350927e-05  -6.1528963e-06  -5.5607034e-05  7.5349141e-05  -0.00068872628  0.0000000   0.0027243660  0.00094583407  -0.00010000370  -9.1361128e-05  0.00013651553  -2.1058706e-05  0.00014927127  2.3064478e-05  -3.4437586e-05  0.00012146834  1.1492768e-05  
1.8013334e-05  -0.00012114048  -4.3684699e-06  -0.00010467902  -4.7763842e-05  -3.7714082e-05  0.00029509779  -0.00020237593  0.00019772508  0.00017145043  -1.9849630e-06  7.2656462e-05  -0.00025969420  1.2776093e-05  3.9518180e-05  3.3781171e-05  3.2041540e-05  4.6376589e-05  -0.00081008513  -0.0027243660  0.0000000   -0.0031939879  4.7012399e-05  0.00018832207  0.00014806088  7.1535186e-05  4.3638905e-05  -1.2184754e-05  4.6122601e-05  7.3553391e-05  3.5828166e-05  1.8013334e-05  -0.00012114048  -4.3684699e-06  -0.00010467902  -4.7763842e-05  -3.7714082e-05  0.00029509779  -0.00020237593  0.00019772508  0.00017145043  -1.9849630e-06  7.2656462e-05  -0.00025969420  1.2776093e-05  3.9518180e-05  3.3781171e-05  3.2041540e-05  4.6376589e-05  -0.00081008513  -0.0027243660  0.0000000   -0.0031939879  4.7012399e-05  0.00018832207  0.00014806088  7.1535186e-05  4.3638905e-05  -1.2184754e-05  4.6122601e-05  7.3553391e-05  3.5828166e-05  
2.2305941e-05  5.5258853e-05  -2.1606373e-05  0.00023056100  -5.3494446e-05  -1.2782622e-05  -0.00020249913  -0.00016645813  0.00010981585  -0.00028022439  -1.9318337e-06  -4.1395082e-05  0.00044829556  1.5478630e-05  8.5482330e-05  -7.2033542e-05  -0.00012979632  -9.5959085e-05  0.00096833618  -0.00094583407  0.0031939879  0.0000000   -1.5417993e-05  0.00070424473  -0.00011487136  9.0609243e-05  -0.00015269817  4.7135600e-05  -3.1335946e-05  -4.7355640e-05  5.4022140e-05  2.2305941e-05  5.5258853e-05  -2.1606373e-05  0.00023056100  -5.3494446e-05  -1.2782622e-05  -0.00020249913  -0.00016645813  0.00010981585  -0.00028022439  -1.9318337e-06  -4.1395082e-05  0.00044829556  1.5478630e-05  8.5482330e-05  -7.2033542e-05  -0.00012979632  -9.5959085e-05  0.00096833618  -0.00094583407  0.0031939879  0.0000000   -1.5417993e-05  0.00070424473  -0.00011487136  9.0609243e-05  -0.00015269817  4.7135600e-05  -3.1335946e-05  -4.7355640e-05  5.4022140e-05  
9.8193892e-05  2.1468657e-06  4.7204349e-05  -1.0420718e-05  3.4148357e-05  -4.0538250e-05  1.3145663e-05  7.7861632e-07  -2.0765953e-05  -2.6025796e-05  -6.5634916e-05  5.9443163e-05  1.2704432e-05  -1.5073644e-05  -0.00029920143  -0.00018234808  0.00082068416  0.00070590475  3.9660336e-05  0.00010000370  -4.7012399e-05  1.5417993e-05  0.0000000   -0.00012256844  -4.4676319e-05  0.0011760900  3.5072754e-05  0.00022792137  -9.2415476e-05  -1.9741301e-06  0.00028422373  9.8193892e-05  2.1468657e-06  4.7204349e-05  -1.0420718e-05  3.4148357e-05  -4.0538250e-05  1.3145663e-05  7.7861632e-07  -2.0765953e-05  -2.6025796e-05  -6.5634916e-05  5.9443163e-05  1.2704432e-05  -1.5073644e-05  -0.00029920143  -0.00018234808  0.00082068416  0.00070590475  3.9660336e-05  0.00010000370  -4.7012399e-05  1.5417993e-05  0.0000000   -0.00012256844  -4.4676319e-05  0.0011760900  3.5072754e-05  0.00022792137  -9.2415476e-05  -1.9741301e-06  0.00028422373  
3.8107239e-05  3.6546966e-05  1.6092883e-05  4.8353774e-05  -3.3182911e-07  -1.1473820e-05  0.00024640210  4.5660474e-05  -0.00013347309  -7.7678874e-06  6.0944823e-06  -1.4505946e-06  -7.9210423e-05  -7.3860025e-06  6.5871820e-06  3.8120415e-05  2.1815349e-06  -4.5990984e-05  0.00036930190  9.1361128e-05  -0.00018832207  -0.00070424473  0.00012256844  0.0000000   -0.0027787845  -9.8411304e-05  -9.3842936e-05  -3.1743315e-05  3.9797187e-05  -8.5305513e-05  2.3811326e-05  3.8107239e-05  3.6546966e-05  1.6092883e-05  4.8353774e-05  -3.3182911e-07  -1.1473820e-05  0.00024640210  4.5660474e-05  -0.00013347309  -7.7678874e-06  6.0944823e-06  -1.4505946e-06  -7.9210423e-05  -7.3860025e-06  6.5871820e-06  3.8120415e-05  2.1815349e-06  -4.5990984e-05  0.00036930190  9.1361128e-05  -0.00018832207  -0.00070424473  0.00012256844  0.0000000   -0.0027787845  -9.8411304e-05  -9.3842936e-05  -3.1743315e-05  3.9797187e-05  -8.5305513e-05  2.3811326e-05  
7.0084608e-07  0.00019200184  3.1468573e-06  1.9153012e-05  -2.1959272e-05  1.2383962e-05  -7.7960601e-05  0.00018001194  -0.00024273124  5.5473746e-05  -3.1088693e-05  -5.8591323e-05  0.00018386696  -6.0394285e-06  7.1755702e-06  2.8213715e-05  -2.8737655e-06  -7.8492897e-05  0.00051420096  -0.00013651553  -0.00014806088  0.00011487136  4.4676319e-05  0.0027787845  0.0000000   0.00011148919  -0.0013056324  -8.8610402e-06  -3.5420504e-05  6.5070944e-05  5.6696335e-06  7.0084608e-07  0.00019200184  3.1468573e-06  1.9153012e-05  -2.1959272e-05  1.2383962e-05  -7.7960601e-05  0.00018001194  -0.00024273124  5.5473746e-05  -3.1088693e-05  -5.8591323e-05  0.00018386696  -6.0394285e-06  7.1755702e-06  2.8213715e-05  -2.8737655e-06  -7.8492897e-05  0.00051420096  -0.00013651553  -0.00014806088  0.00011487136  4.4676319e-05  0.0027787845  0.0000000   0.00011148919  -0.0013056324  -8.8610402e-06  -3.5420504e-05  6.5070944e-05  5.6696335e-06  
1.1863683e-05  1.8527024e-05  -8.4666188e-05  2.7211608e-07  4.2535669e-05  -2.6435028e-05  3.8694043e-05  6.3600626e-06  -6.3554173e-05  -9.7885928e-06  0.00026960041  0.00033403652  6.9895845e-05  0.00026182895  6.8378268e-05  -0.00027935051  -0.00021572421  -0.00012761046  1.8925296e-05  2.1058706e-05  -7.1535186e-05  -9.0609243e-05  -0.0011760900  9.8411304e-05  -0.00011148919  0.0000000   -6.3306395e-05  0.0015489351  -6.0789036e-05  -6.3150966e-06  0.00016399770  1.1863683e-05  1.8527024e-05  -8.4666188e-05  2.7211608e-07  4.2535669e-05  -2.6435028e-05  3.8694043e-05  6.3600626e-06  -6.3554173e-05  -9.7885928e-06  0.00026960041  0.00033403652  6.9895845e-05  0.00026182895  6.8378268e-05  -0.00027935051  -0.00021572421  -0.00012761046  1.8925296e-05  2.1058706e-05  -7.1535186e-05  -9.0609243e-05  -0.0011760900  9.8411304e-05  -0.00011148919  0.0000000   -6.3306395e-05  0.0015489351  -6.0789036e-05  -6.3150966e-06  0.00016399770  
-1.4362620e-05  -0.00012201769  7.1064263e-06  5.8343141e-05  4.5028833e-05  -3.0811438e-05  3.0660213e-05  6.7771352e-06  0.00012841985  0.00017638078  -8.5308965e-06  -7.0386766e-05  0.00037134016  -3.7697767e-05  3.9095496e-06  1.7403117e-06  -4.3989150e-06  3.1251582e-06  -4.2274115e-05  -0.00014927127  -4.3638905e-05  0.00015269817  -3.5072754e-05  9.3842936e-05  0.0013056324  6.3306395e-05  0.0000000   2.9103028e-06  -2.9890261e-05  0.00072288118  -0.00010525113  -1.4362620e-05  -0.00012201769  7.1064263e-06  5.8343141e-05  4.5028833e-05  -3.0811438e-05  3.0660213e-05  6.7771352e-06  0.00012841985  0.00017638078  -8.5308965e-06  -7.0386766e-05  0.00037134016  -3.7697767e-05  3.9095496e-06  1.7403117e-06  -4.3989150e-06  3.1251582e-06  -4.2274115e-05  -0.00014927127  -4.3638905e-05  0.00015269817  -3.5072754e-05  9.3842936e-05  0.0013056324  6.3306395e-05  0.0000000   2.9103028e-06  -2.9890261e-05  0.00072288118  -0.00010525113  
-0.00012382588  -2.1350502e-06  -0.00012280729  3.1976265e-05  -0.00015262838  0.00025346119  5.1251246e-05  2.5053762e-05  -6.8564896e-06  2.1481247e-06  -0.00031839947  -4.1730221e-05  -2.2952700e-05  8.8661396e-07  5.6783843e-05  0.00024546739  -6.8884363e-05  -0.00040423888  -2.8812730e-05  -2.3064478e-05  1.2184754e-05  -4.7135600e-05  -0.00022792137  3.1743315e-05  8.8610402e-06  -0.0015489351  -2.9103028e-06  0.0000000   0.00029781014  1.4299108e-05  -0.00051320330  -0.00012382588  -2.1350502e-06  -0.00012280729  3.1976265e-05  -0.00015262838  0.00025346119  5.1251246e-05  2.5053762e-05  -6.8564896e-06  2.1481247e-06  -0.00031839947  -4.1730221e-05  -2.2952700e-05  8.8661396e-07  5.6783843e-05  0.00024546739  -6.8884363e-05  -0.00040423888  -2.8812730e-05  -2.3064478e-05  1.2184754e-05  -4.7135600e-05  -0.00022792137  3.1743315e-05  8.8610402e-06  -0.0015489351  -2.9103028e-06  0.0000000   0.00029781014  1.4299108e-05  -0.00051320330  
8.3926025e-05  3.5299715e-06  -1.2594467e-05  1.3297284e-05  -6.0209105e-06  -7.8901794e-05  -6.0800724e-06  1.3540979e-06  3.1561243e-06  -1.5604876e-05  6.8328287e-05  -4.6073913e-05  1.7663821e-06  0.00018272313  0.00020166978  -0.00022528747  -0.00023343275  -3.4754221e-05  -1.0530713e-05  3.4437586e-05  -4.6122601e-05  3.1335946e-05  9.2415476e-05  -3.9797187e-05  3.5420504e-05  6.0789036e-05  2.9890261e-05  -0.00029781014  0.0000000   0.00017138947  0.0039938230  8.3926025e-05  3.5299715e-06  -1.2594467e-05  1.3297284e-05  -6.0209105e-06  -7.8901794e-05  -6.0800724e-06  1.3540979e-06  3.1561243e-06  -1.5604876e-05  6.8328287e-05  -4.6073913e-05  1.7663821e-06  0.00018272313  0.00020166978  -0.00022528747  -0.00023343275  -3.4754221e-05  -1.0530713e-05  3.4437586e-05  -4.6122601e-05  3.1335946e-05  9.2415476e-05  -3.9797187e-05  3.5420504e-05  6.0789036e-05  2.9890261e-05  -0.00029781014  0.0000000   0.00017138947  0.0039938230  
-2.2480513e-07  -5.6829822e-05  -1.3691717e-05  -7.3992485e-05  -3.5768733e-05  -1.3618375e-05  -0.00010612565  -4.1695076e-05  9.4092138e-06  6.5466354e-05  7.3817275e-07  2.2650528e-05  -0.00014105280  2.9359718e-05  1.1912991e-05  -3.2237072e-05  -2.0053958e-05  -1.0120290e-05  1.6511742e-05  -0.00012146834  -7.3553391e-05  4.7355640e-05  1.9741301e-06  8.5305513e-05  -6.5070944e-05  6.3150966e-06  -0.00072288118  -1.4299108e-05  -0.00017138947  0.0000000   0.00039016182  -2.2480513e-07  -5.6829822e-05  -1.3691717e-05  -7.3992485e-05  -3.5768733e-05  -1.3618375e-05  -0.00010612565  -4.1695076e-05  9.4092138e-06  6.5466354e-05  7.3817275e-07  2.2650528e-05  -0.00014105280  2.9359718e-05  1.1912991e-05  -3.2237072e-05  -2.0053958e-05  -1.0120290e-05  1.6511742e-05  -0.00012146834  -7.3553391e-05  4.7355640e-05  1.9741301e-06  8.5305513e-05  -6.5070944e-05  6.3150966e-06  -0.00072288118  -1.4299108e-05  -0.00017138947  0.0000000   0.00039016182  
-6.7917037e-06  -2.3710458e-06  -0.00011393019  1.9755903e-05  -0.00011983269  -6.4638825e-06  2.4678324e-05  1.5676745e-05  -4.7914559e-06  -2.3723983e-05  -7.0588665e-05  -5.5253174e-05  -8.7912049e-06  5.6699741e-05  -0.00010306336  -0.00017554186  -0.00024762404  -0.00022244091  -3.4518378e-05  -1.1492768e-05  -3.5828166e-05  -5.4022140e-05  -0.00028422373  -2.3811326e-05  -5.6696335e-06  -0.00016399770  0.00010525113  0.00051320330  -0.0039938230  -0.00039016182  0.0000000   -6.7917037e-06  -2.3710458e-06  -0.00011393019  1.9755903e-05  -0.00011983269  -6.4638825e-06  2.4678324e-05  1.5676745e-05  -4.7914559e-06  -2.3723983e-05  -7.0588665e-05  -5.5253174e-05  -8.7912049e-06  5.6699741e-05  -0.00010306336  -0.00017554186  -0.00024762404  -0.00022244091  -3.4518378e-05  -1.1492768e-05  -3.5828166e-05  -5.4022140e-05  -0.00028422373  -2.3811326e-05  -5.6696335e-06  -0.00016399770  0.00010525113  0.00051320330  -0.0039938230  -0.00039016182  0.0000000   
0.0000000   0.00030133998  0.00024838864  -2.2281144e-05  0.00039574903  -0.00029656993  -3.4013289e-05  -2.5845055e-05  -2.4441704e-05  -0.00011152849  5.0401640e-05  0.00033744564  5.4003848e-05  -2.5306627e-05  0.00026219584  -4.7977635e-05  -0.00024764607  4.0673747e-05  3.6392114e-05  -5.6516889e-05  -1.8013334e-05  -2.2305941e-05  -9.8193892e-05  -3.8107239e-05  -7.0084608e-07  -1.1863683e-05  1.4362620e-05  0.00012382588  -8.3926025e-05  2.2480513e-07  6.7917037e-06  0.0000000   0.00030133998  0.00024838864  -2.2281144e-05  0.00039574903  -0.00029656993  -3.4013289e-05  -2.5845055e-05  -2.4441704e-05  -0.00011152849  5.0401640e-05  0.00033744564  5.4003848e-05  -2.5306627e-05  0.00026219584  -4.7977635e-05  -0.00024764607  4.0673747e-05  3.6392114e-05  -5.6516889e-05  -1.8013334e-05  -2.2305941e-05  -9.8193892e-05  -3.8107239e-05  -7.0084608e-07  -1.1863683e-05  1.4362620e-05  0.00012382588  -8.3926025e-05  2.2480513e-07  6.7917037e-06  
-0.00030133998  0.0000000   2.2583710e-06  0.0013808599  -9.4146403e-05  7.3491011e-05  -9.1618722e-06  0.00048644897  -0.00028848943  -7.3901116e-05  -1.5762223e-05  -2.7694404e-05  0.00012275343  7.2077994e-06  9.9430122e-06  1.5219527e-06  -1.1086334e-05  -2.9234762e-05  0.00020869366  -0.00029238520  0.00012114048  -5.5258853e-05  -2.1468657e-06  -3.6546966e-05  -0.00019200184  -1.8527024e-05  0.00012201769  2.1350502e-06  -3.5299715e-06  5.6829822e-05  2.3710458e-06  -0.00030133998  0.0000000   2.2583710e-06  0.0013808599  -9.4146403e-05  7.3491011e-05  -9.1618722e-06  0.00048644897  -0.00028848943  -7.3901116e-05  -1.5762223e-05  -2.7694404e-05  0.00012275343  7.2077994e-06  9.9430122e-06  1.5219527e-06  -1.1086334e-05  -2.9234762e-05  0.00020869366  -0.00029238520  0.00012114048  -5.5258853e-05  -2.1468657e-06  -3.6546966e-05  -0.00019200184  -1.8527024e-05  0.00012201769  2.1350502e-06  -3.5299715e-06  5.6829822e-05  2.3710458e-06  
-0.00024838864  -2.2583710e-06  0.0000000   -0.00034485480  0.0013340108  -0.0033187915  -0.00012634150  -0.00034491671  3.7555495e-05  -0.00012308847  -2.1458298e-05  0.00071050756  0.00013659668  4.5372820e-05  6.6079937e-08  -2.4178948e-05  -6.7718698e-06  0.00025994687  4.5264188e-05  -3.0231442e-05  4.3684699e-06  2.1606373e-05  -4.7204349e-05  -1.6092883e-05  -3.1468573e-06  8.4666188e-05  -7.1064263e-06  0.00012280729  1.2594467e-05  1.3691717e-05  0.00011393019  -0.00024838864  -2.2583710e-06  0.0000000   -0.00034485480  0.0013340108  -0.0033187915  -0.00012634150  -0.00034491671  3.7555495e-05  -0.00012308847  -2.1458298e-05  0.00071050756  0.00013659668  4.5372820e-05  6.6079937e-08  -2.4178948e-05  -6.7718698e-06  0.00025994687  4.5264188e-05  -3.0231442e-05  4.3684699e-06  2.1606373e-05  -4.7204349e-05  -1.6092883e-05  -3.1468573e-06  8.4666188e-05  -7.1064263e-06  0.00012280729  1.2594467e-05  1.3691717e-05  0.00011393019  
2.2281144e-05  -0.0013808599  0.00034485480  0.0000000   0.0012063405  0.00062149170  -0.00013298171  -0.00063176609  0.00017596136  -3.8342176e-05  1.1663069e-05  6.6150490e-05  -0.00029367541  3.0860325e-05  5.3394345e-05  -8.9520306e-06  -1.1109332e-05  -1.6277600e-07  0.00010059345  6.3001548e-05  0.00010467902  -0.00023056100  1.0420718e-05  -4.8353774e-05  -1.9153012e-05  -2.7211608e-07  -5.8343141e-05  -3.1976265e-05  -1.3297284e-05  7.3992485e-05  -1.9755903e-05  2.2281144e-05  -0.0013808599  0.00034485480  0.0000000   0.0012063405  0.00062149170  -0.00013298171  -0.00063176609  0.00017596136  -3.8342176e-05  1.1663069e-05  6.6150490e-05  -0.00029367541  3.0860325e-05  5.3394345e-05  -8.9520306e-06  -1.1109332e-05  -1.6277600e-07  0.00010059345  6.3001548e-05  0.00010467902  -0.00023056100  1.0420718e-05  -4.8353774e-05  -1.9153012e-05  -2.7211608e-07  -5.8343141e-05  -3.1976265e-05  -1.3297284e-05  7.3992485e-05  -1.9755903e-05  
-0.00039574903  9.4146403e-05  -0.0013340108  -0.0012063405  0.0000000   -0.013985221  -0.00052733531  -0.00064606133  0.00018861275  -0.00010526710  0.00023281450  4.4615959e-05  -1.2594075e-05  -0.00027881124  -0.00037312316  8.7350638e-06  0.00013147517  -0.00010638575  9.2864627e-05  -5.0064074e-05  4.7763842e-05  5.3494446e-05  -3.4148357e-05  3.3182911e-07  2.1959272e-05  -4.2535669e-05  -4.5028833e-05  0.00015262838  6.0209105e-06  3.5768733e-05  0.00011983269  -0.00039574903  9.4146403e-05  -0.0013340108  -0.0012063405  0.0000000   -0.013985221  -0.00052733531  -0.00064606133  0.00018861275  -0.00010526710  0.00023281450  4.4615959e-05  -1.2594075e-05  -0.00027881124  -0.00037312316  8.7350638e-06  0.00013147517  -0.00010638575  9.2864627e-05  -5.0064074e-05  4.7763842e-05  5.3494446e-05  -3.4148357e-05  3.3182911e-07  2.1959272e-05  -4.2535669e-05  -4.5028833e-05  0.00015262838  6.0209105e-06  3.5768733e-05  0.00011983269  
0.00029656993  -7.3491011e-05  0.0033187915  -0.00062149170  0.013985221  0.0000000   -0.00047429978  -0.00053350727  -6.7018784e-05  6.1269481e-05  0.00024343096  3.0484542e-06  4.9855619e-05  -9.6643360e-05  0.00043717798  6.4765984e-05  3.8378011e-05  0.00021182747  2.7442677e-05  -0.00010371049  3.7714082e-05  1.2782622e-05  4.0538250e-05  1.1473820e-05  -1.2383962e-05  2.6435028e-05  3.0811438e-05  -0.00025346119  7.8901794e-05  1.3618375e-05  6.4638825e-06  0.00029656993  -7.3491011e-05  0.0033187915  -0.00062149170  0.013985221  0.0000000   -0.00047429978  -0.00053350727  -6.7018784e-05  6.1269481e-05  0.00024343096  3.0484542e-06  4.9855619e-05  -9.6643360e-05  0.00043717798  6.4765984e-05  3.8378011e-05  0.00021182747  2.7442677e-05  -0.00010371049  3.7714082e-05  1.2782622e-05  4.0538250e-05  1.1473820e-05  -1.2383962e-05  2.6435028e-05  3.0811438e-05  -0.00025346119  7.8901794e-05  1.3618375e-05  6.4638825e-06  
3.4013289e-05  9.1618722e-06  0.00012634150  0.00013298171  0.00052733531  0.00047429978  0.0000000   -0.0027785539  0.00043981379  -0.0018778304  4.7066531e-05  2.1160368e-05  -0.00012583602  -6.6356165e-06  5.4770109e-05  -7.5492741e-05  5.0280480e-06  2.6617700e-05  -0.00014943300  -0.00010498566  -0.00029509779  0.00020249913  -1.3145663e-05  -0.00024640210  7.7960601e-05  -3.8694043e-05  -3.0660213e-05  -5.1251246e-05  6.0800724e-06  0.00010612565  -2.4678324e-05  3.4013289e-05  9.1618722e-06  0.00012634150  0.00013298171  0.00052733531  0.00047429978  0.0000000   -0.0027785539  0.00043981379  -0.0018778304  4.7066531e-05  2.1160368e-05  -0.00012583602  -6.6356165e-06  5.4770109e-05  -7.5492741e-05  5.0280480e-06  2.6617700e-05  -0.00014943300  -0.00010498566  -0.00029509779  0.00020249913  -1.3145663e-05  -0.00024640210  7.7960601e-05  -3.8694043e-05  -3.0660213e-05  -5.1251246e-05  6.0800724e-06  0.00010612565  -2.4678324e-05  
2.5845055e-05  -0.00048644897  0.00034491671  0.00063176609  0.00064606133  0.00053350727  0.0027785539  0.0000000   0.0030867979  -0.00028591668  -1.6970045e-05  -1.3758428e-05  0.00018063963  -7.2099986e-06  4.7755961e-05  1.7475993e-05  -2.2421092e-05  4.1034713e-05  0.00023915840  -0.00023314116  0.00020237593  0.00016645813  -7.7861632e-07  -4.5660474e-05  -0.00018001194  -6.3600626e-06  -6.7771352e-06  -2.5053762e-05  -1.3540979e-06  4.1695076e-05  -1.5676745e-05  2.5845055e-05  -0.00048644897  0.00034491671  0.00063176609  0.00064606133  0.00053350727  0.0027785539  0.0000000   0.0030867979  -0.00028591668  -1.6970045e-05  -1.3758428e-05  0.00018063963  -7.2099986e-06  4.7755961e-05  1.7475993e-05  -2.2421092e-05  4.1034713e-05  0.00023915840  -0.00023314116  0.00020237593  0.00016645813  -7.7861632e-07  -4.5660474e-05  -0.00018001194  -6.3600626e-06  -6.7771352e-06  -2.5053762e-05  -1.3540979e-06  4.1695076e-05  -1.5676745e-05  
2.4441704e-05  0.00028848943  -3.7555495e-05  -0.00017596136  -0.00018861275  6.7018784e-05  -0.00043981379  -0.0030867979  0.0000000   0.0062636229  -5.2486283e-05  0.00013454084  -0.00082578088  4.0686052e-05  -0.00013116838  3.9003473e-05  5.7630003e-05  4.3222703e-05  -0.00019942523  0.00033247309  -0.00019772508  -0.00010981585  2.0765953e-05  0.00013347309  0.00024273124  6.3554173e-05  -0.00012841985  6.8564896e-06  -3.1561243e-06  -9.4092138e-06  4.7914559e-06  2.4441704e-05  0.00028848943  -3.7555495e-05  -0.00017596136  -0.00018861275  6.7018784e-05  -0.00043981379  -0.0030867979  0.0000000   0.0062636229  -5.2486283e-05  0.00013454084  -0.00082578088  4.0686052e-05  -0.00013116838  3.9003473e-05  5.7630003e-05  4.3222703e-05  -0.00019942523  0.00033247309  -0.00019772508  -0.00010981585  2.0765953e-05  0.00013347309  0.00024273124  6.3554173e-05  -0.00012841985  6.8564896e-06  -3.1561243e-06  -9.4092138e-06  4.7914559e-06  
0.00011152849  7.3901116e-05  0.00012308847  3.8342176e-05  0.00010526710  -6.1269481e-05  0.0018778304  0.00028591668  -0.0062636229  0.0000000   5.4062173e-05  -2.0958944e-05  -0.00074670018  -4.8740693e-05  -0.00010763443  -1.5533808e-05  1.4813837e-05  -6.3437070e-06  -3.1837601e-05  -9.0782897e-06  -0.00017145043  0.00028022439  2.6025796e-05  7.7678874e-06  -5.5473746e-05  9.7885928e-06  -0.00017638078  -2.1481247e-06  1.5604876e-05  -6.5466354e-05  2.3723983e-05  0.00011152849  7.3901116e-05  0.00012308847  3.8342176e-05  0.00010526710  -6.1269481e-05  0.0018778304  0.00028591668  -0.0062636229  0.0000000   5.4062173e-05  -2.0958944e-05  -0.00074670018  -4.8740693e-05  -0.00010763443  -1.5533808e-05  1.4813837e-05  -6.3437070e-06  -3.1837601e-05  -9.0782897e-06  -0.00017145043  0.00028022439  2.6025796e-05  7.7678874e-06  -5.5473746e-05  9.7885928e-06  -0.00017638078  -2.1481247e-06  1.5604876e-05  -6.5466354e-05  2.3723983e-05  
-5.0401640e-05  1.5762223e-05  2.1458298e-05  -1.1663069e-05  -0.00023281450  -0.00024343096  -4.7066531e-05  1.6970045e-05  5.2486283e-05  -5.4062173e-05  0.0000000   -0.00072614489  -0.00016501854  -0.00021814268  0.00079222385  0.00027515371  -0.00014766467  0.00025085987  3.2077714e-05  6.0432393e-06  1.9849630e-06  1.9318337e-06  6.5634916e-05  -6.0944823e-06  3.1088693e-05  -0.00026960041  8.5308965e-06  0.00031839947  -6.8328287e-05  -7.3817275e-07  7.0588665e-05  -5.0401640e-05  1.5762223e-05  2.1458298e-05  -1.1663069e-05  -0.00023281450  -0.00024343096  -4.7066531e-05  1.6970045e-05  5.2486283e-05  -5.4062173e-05  0.0000000   -0.00072614489  -0.00016501854  -0.00021814268  0.00079222385  0.00027515371  -0.00014766467  0.00025085987  3.2077714e-05  6.0432393e-06  1.9849630e-06  1.9318337e-06  6.5634916e-05  -6.0944823e-06  3.1088693e-05  -0.00026960041  8.5308965e-06  0.00031839947  -6.8328287e-05  -7.3817275e-07  7.0588665e-05  
