0.0000000   -0.0018216327  -0.00042708223  6.9839225e-06  1.5794721e-05  -9.8767970e-05  2.7150578e-05  8.3602164e-05  9.1616449e-05  9.0795753e-05  -0.00011441228  9.1302569e-05  8.7774526e-05  -0.00014933232  5.9029970e-05  -4.6150335e-05  -8.7397184e-05  6.3691280e-06  -7.4354389e-05  -3.9988807e-05  4.2282005e-06  4.4547012e-06  -1.9168050e-05  -7.6096942e-06  7.5712106e-05  -2.6504344e-05  2.9182337e-06  -3.1752789e-05  -9.2990644e-06  1.2526452e-05  -9.4473524e-06  0.0000000   -0.0018216327  -0.00042708223  6.9839225e-06  1.5794721e-05  -9.8767970e-05  2.7150578e-05  8.3602164e-05  9.1616449e-05  9.0795753e-05  -0.00011441228  9.1302569e-05  8.7774526e-05  -0.00014933232  5.9029970e-05  -4.6150335e-05  -8.7397184e-05  6.3691280e-06  -7.4354389e-05  -3.9988807e-05  4.2282005e-06  4.4547012e-06  -1.9168050e-05  -7.6096942e-06  7.5712106e-05  -2.6504344e-05  2.9182337e-06  -3.1752789e-05  -9.2990644e-06  1.2526452e-05  -9.4473524e-06  
0.0018216327  0.0000000   -0.00094626307  0.0034928758  -0.00065760489  0.00084488424  0.00032980303  0.00082037889  -2.2033773e-05  0.00042603120  0.00023371274  -0.00068152422  -0.00043866326  -0.00043231646  0.00016415742  -0.00035232211  -2.1332960e-05  0.00025578974  0.00059297533  0.00025776740  0.00015259225  -1.0732833e-05  0.00010155724  9.8711984e-05  8.3444024e-05  -7.9506223e-05  4.4137777e-05  0.00011117042  -1.5847633e-05  -8.5372591e-05  0.00010737708  0.0018216327  0.0000000   -0.00094626307  0.0034928758  -0.00065760489  0.00084488424  0.00032980303  0.00082037889  -2.2033773e-05  0.00042603120  0.00023371274  -0.00068152422  -0.00043866326  -0.00043231646  0.00016415742  -0.00035232211  -2.1332960e-05  0.00025578974  0.00059297533  0.00025776740  0.00015259225  -1.0732833e-05  0.00010155724  9.8711984e-05  8.3444024e-05  -7.9506223e-05  4.4137777e-05  0.00011117042  -1.5847633e-05  -8.5372591e-05  0.00010737708  
0.00042708223  0.00094626307  0.0000000   0.0011443198  0.0029512433  -0.00037653208  -0.0011307878  -9.9244121e-06  0.00091439338  -2.9159017e-05  3.4136334e-05  -5.8260238e-05  0.00022887780  -3.0962941e-05  3.7468424e-05  -0.00014337109  -9.9889766e-05  0.00017345672  0.00010736180  -0.00037518516  4.0046808e-05  0.00017522432  0.00039786485  9.6609926e-05  2.0457379e-05  -6.4380810e-05  5.9368956e-05  -0.00043555848  6.4007475e-05  0.00021504608  -0.00018202024  0.00042708223  0.00094626307  0.0000000   0.0011443198  0.0029512433  -0.00037653208  -0.0011307878  -9.9244121e-06  0.00091439338  -2.9159017e-05  3.4136334e-05  -5.8260238e-05  0.00022887780  -3.0962941e-05  3.7468424e-05  -0.00014337109  -9.9889766e-05  0.00017345672  0.00010736180  -0.00037518516  4.0046808e-05  0.00017522432  0.00039786485  9.6609926e-05  2.0457379e-05  -6.4380810e-05  5.9368956e-05  -0.00043555848  6.4007475e-05  0.00021504608  -0.00018202024  
-6.9839225e-06  -0.0034928758  -0.0011443198  0.0000000   0.0021447787  0.00049396685  0.00014809803  -0.00033857804  -0.00018467000  0.00041326321  -2.7505243e-05  -0.00047305125  -0.00017439637  -0.00033900265  -0.00011402523  0.00016208201  -0.00014195494  0.00016406027  0.00036744753  4.7511422e-05  2.4770589e-05  7.6206993e-05  0.00018841773  2.7566982e-05  -7.2667165e-07  -5.9453757e-05  -3.7296268e-05  -7.6205210e-05  8.9424285e-07  -3.9591776e-06  1.5602526e-05  -6.9839225e-06  -0.0034928758  -0.0011443198  0.0000000   0.0021447787  0.00049396685  0.00014809803  -0.00033857804  -0.00018467000  0.00041326321  -2.7505243e-05  -0.00047305125  -0.00017439637  -0.00033900265  -0.00011402523  0.00016208201  -0.00014195494  0.00016406027  0.00036744753  4.7511422e-05  2.4770589e-05  7.6206993e-05  0.00018841773  2.7566982e-05  -7.2667165e-07  -5.9453757e-05  -3.7296268e-05  -7.6205210e-05  8.9424285e-07  -3.9591776e-06  1.5602526e-05  
-1.5794721e-05  0.00065760489  -0.0029512433  -0.0021447787  0.0000000   0.0099610639  0.0017144985  2.9770227e-05  -0.00093176953  1.2753779e-05  0.00021686530  0.00018630118  -0.00026853154  -6.0762892e-05  9.7394606e-05  3.9192303e-05  -8.2296540e-05  5.6062152e-05  -0.00015827470  -0.00012725366  1.4368254e-06  -8.9128937e-05  -0.00028830049  0.00020234947  4.7764843e-05  4.4040218e-05  -7.7379131e-05  0.00028446572  0.00017359587  7.7876458e-05  0.00021244668  -1.5794721e-05  0.00065760489  -0.0029512433  -0.0021447787  0.0000000   0.0099610639  0.0017144985  2.9770227e-05  -0.00093176953  1.2753779e-05  0.00021686530  0.00018630118  -0.00026853154  -6.0762892e-05  9.7394606e-05  3.9192303e-05  -8.2296540e-05  5.6062152e-05  -0.00015827470  -0.00012725366  1.4368254e-06  -8.9128937e-05  -0.00028830049  0.00020234947  4.7764843e-05  4.4040218e-05  -7.7379131e-05  0.00028446572  0.00017359587  7.7876458e-05  0.00021244668  
9.8767970e-05  -0.00084488424  0.00037653208  -0.00049396685  -0.0099610639  0.0000000   -0.0011615860  3.1382537e-05  0.0024603401  0.00027173114  6.5846060e-05  -0.00015076638  -3.7689638e-06  -1.4123354e-05  -8.1975090e-05  2.1382863e-05  -0.00021704589  0.00018824521  8.3134090e-05  -0.00056884607  9.4683389e-05  2.1293092e-05  0.00047795829  0.00025908668  -2.1335521e-05  -0.00020238667  5.4045503e-05  -0.00034175847  3.9309634e-05  0.00025403232  -0.00019463401  9.8767970e-05  -0.00084488424  0.00037653208  -0.00049396685  -0.0099610639  0.0000000   -0.0011615860  3.1382537e-05  0.0024603401  0.00027173114  6.5846060e-05  -0.00015076638  -3.7689638e-06  -1.4123354e-05  -8.1975090e-05  2.1382863e-05  -0.00021704589  0.00018824521  8.3134090e-05  -0.00056884607  9.4683389e-05  2.1293092e-05  0.00047795829  0.00025908668  -2.1335521e-05  -0.00020238667  5.4045503e-05  -0.00034175847  3.9309634e-05  0.00025403232  -0.00019463401  
-2.7150578e-05  -0.00032980303  0.0011307878  -0.00014809803  -0.0017144985  0.0011615860  0.0000000   -0.00027217994  0.0015726784  6.2925405e-06  2.4319138e-05  -0.00026352279  -0.00019092887  -4.4885243e-06  -8.5480343e-06  -2.1207057e-05  -1.1284623e-05  -0.00016002416  -0.00017019273  0.00021154527  -9.7096441e-06  -0.00036048287  -3.7401769e-05  0.00033120794  2.9387512e-05  0.00024272573  -5.8957814e-05  0.00019344651  8.0862753e-05  -8.8801246e-06  -3.2634095e-05  -2.7150578e-05  -0.00032980303  0.0011307878  -0.00014809803  -0.0017144985  0.0011615860  0.0000000   -0.00027217994  0.0015726784  6.2925405e-06  2.4319138e-05  -0.00026352279  -0.00019092887  -4.4885243e-06  -8.5480343e-06  -2.1207057e-05  -1.1284623e-05  -0.00016002416  -0.00017019273  0.00021154527  -9.7096441e-06  -0.00036048287  -3.7401769e-05  0.00033120794  2.9387512e-05  0.00024272573  -5.8957814e-05  0.00019344651  8.0862753e-05  -8.8801246e-06  -3.2634095e-05  
-8.3602164e-05  -0.00082037889  9.9244121e-06  0.00033857804  -2.9770227e-05  -3.1382537e-05  0.00027217994  0.0000000   -1.7778589e-05  -0.00051377876  -0.00031885168  -0.00083499786  0.00082274708  -0.00032424301  0.00041752301  0.00024013953  0.00059415188  -9.0707984e-05  -0.00052027025  -0.00030779680  0.00036515496  1.5832825e-05  7.0109159e-05  5.2969109e-05  7.6892811e-05  5.3708316e-05  -6.1048484e-06  -8.7990668e-05  -4.9947082e-06  -1.6520966e-05  7.0581664e-06  -8.3602164e-05  -0.00082037889  9.9244121e-06  0.00033857804  -2.9770227e-05  -3.1382537e-05  0.00027217994  0.0000000   -1.7778589e-05  -0.00051377876  -0.00031885168  -0.00083499786  0.00082274708  -0.00032424301  0.00041752301  0.00024013953  0.00059415188  -9.0707984e-05  -0.00052027025  -0.00030779680  0.00036515496  1.5832825e-05  7.0109159e-05  5.2969109e-05  7.6892811e-05  5.3708316e-05  -6.1048484e-06  -8.7990668e-05  -4.9947082e-06  -1.6520966e-05  7.0581664e-06  
-9.1616449e-05  2.2033773e-05  -0.00091439338  0.00018467000  0.00093176953  -0.0024603401  -0.0015726784  1.7778589e-05  0.0000000   -0.00017706607  -0.00012825285  0.00053256509  -0.00034776571  -8.0828931e-06  0.00011738953  7.2315751e-05  0.00020421823  -0.00025992116  -0.00021626530  0.00028119244  5.2163490e-05  2.4001535e-05  -0.00017727672  0.00019740196  -6.0601443e-06  -0.00042827985  0.00015227913  0.00025997077  -2.1459742e-05  -6.4367851e-05  -2.2196541e-05  -9.1616449e-05  2.2033773e-05  -0.00091439338  0.00018467000  0.00093176953  -0.0024603401  -0.0015726784  1.7778589e-05  0.0000000   -0.00017706607  -0.00012825285  0.00053256509  -0.00034776571  -8.0828931e-06  0.00011738953  7.2315751e-05  0.00020421823  -0.00025992116  -0.00021626530  0.00028119244  5.2163490e-05  2.4001535e-05  -0.00017727672  0.00019740196  -6.0601443e-06  -0.00042827985  0.00015227913  0.00025997077  -2.1459742e-05  -6.4367851e-05  -2.2196541e-05  
-9.0795753e-05  -0.00042603120  2.9159017e-05  -0.00041326321  -1.2753779e-05  -0.00027173114  -6.2925405e-06  0.00051377876  0.00017706607  0.0000000   0.0012316382  -0.00022026287  0.00011297229  -0.00064060597  0.00014004802  0.00060518715  -0.00029987567  0.00021705476  5.7643763e-06  6.7432530e-06  6.7165162e-05  3.2136209e-05  0.00025144950  2.0128135e-05  -0.00011042231  1.6039052e-06  -4.7038184e-05  -3.8688343e-05  -1.8436867e-05  -3.2202873e-06  3.0339238e-06  -9.0795753e-05  -0.00042603120  2.9159017e-05  -0.00041326321  -1.2753779e-05  -0.00027173114  -6.2925405e-06  0.00051377876  0.00017706607  0.0000000   0.0012316382  -0.00022026287  0.00011297229  -0.00064060597  0.00014004802  0.00060518715  -0.00029987567  0.00021705476  5.7643763e-06  6.7432530e-06  6.7165162e-05  3.2136209e-05  0.00025144950  2.0128135e-05  -0.00011042231  1.6039052e-06  -4.7038184e-05  -3.8688343e-05  -1.8436867e-05  -3.2202873e-06  3.0339238e-06  
0.00011441228  -0.00023371274  -3.4136334e-05  2.7505243e-05  -0.00021686530  -6.5846060e-05  -2.4319138e-05  0.00031885168  0.00012825285  -0.0012316382  0.0000000   0.00035647392  0.00017032689  0.0011574185  0.00083191764  -0.00016430213  -4.4181632e-05  0.00012093742  0.00060827520  0.00020406526  0.00029632369  -3.8121284e-07  9.5432759e-05  3.6636852e-05  -2.9761536e-05  3.6023095e-05  -2.3479955e-05  1.7211671e-06  -6.7224323e-07  -1.8729808e-06  -1.0320519e-05  0.00011441228  -0.00023371274  -3.4136334e-05  2.7505243e-05  -0.00021686530  -6.5846060e-05  -2.4319138e-05  0.00031885168  0.00012825285  -0.0012316382  0.0000000   0.00035647392  0.00017032689  0.0011574185  0.00083191764  -0.00016430213  -4.4181632e-05  0.00012093742  0.00060827520  0.00020406526  0.00029632369  -3.8121284e-07  9.5432759e-05  3.6636852e-05  -2.9761536e-05  3.6023095e-05  -2.3479955e-05  1.7211671e-06  -6.7224323e-07  -1.8729808e-06  -1.0320519e-05  
-9.1302569e-05  0.00068152422  5.8260238e-05  0.00047305125  -0.00018630118  0.00015076638  0.00026352279  0.00083499786  -0.00053256509  0.00022026287  -0.00035647392  0.0000000   0.023871866  -0.0019245829  0.00071773503  -0.00073513895  0.00018947258  0.00024749990  -0.00098325844  -0.00074475146  -0.00022294020  5.1876668e-05  0.00022188069  2.5097836e-05  0.00011050300  -0.00017928105  -0.00010043958  -0.00019597288  7.7615456e-05  0.00018155672  -6.6534661e-06  -9.1302569e-05  0.00068152422  5.8260238e-05  0.00047305125  -0.00018630118  0.00015076638  0.00026352279  0.00083499786  -0.00053256509  0.00022026287  -0.00035647392  0.0000000   0.023871866  -0.0019245829  0.00071773503  -0.00073513895  0.00018947258  0.00024749990  -0.00098325844  -0.00074475146  -0.00022294020  5.1876668e-05  0.00022188069  2.5097836e-05  0.00011050300  -0.00017928105  -0.00010043958  -0.00019597288  7.7615456e-05  0.00018155672  -6.6534661e-06  
-8.7774526e-05  0.00043866326  -0.00022887780  0.00017439637  0.00026853154  3.7689638e-06  0.00019092887  -0.00082274708  0.00034776571  -0.00011297229  -0.00017032689  -0.023871866  0.0000000   0.00049440712  -0.0014058480  0.00061507123  -0.00027332600  -0.00086625906  -0.00024259736  8.7166282e-05  1.5327896e-05  -1.8209497e-05  -0.00011565469  -6.1615984e-05  -0.00018294605  0.00012135699  -7.8750786e-05  0.00023044245  -3.3259982e-05  -7.4797854e-05  0.00014858427  -8.7774526e-05  0.00043866326  -0.00022887780  0.00017439637  0.00026853154  3.7689638e-06  0.00019092887  -0.00082274708  0.00034776571  -0.00011297229  -0.00017032689  -0.023871866  0.0000000   0.00049440712  -0.0014058480  0.00061507123  -0.00027332600  -0.00086625906  -0.00024259736  8.7166282e-05  1.5327896e-05  -1.8209497e-05  -0.00011565469  -6.1615984e-05  -0.00018294605  0.00012135699  -7.8750786e-05  0.00023044245  -3.3259982e-05  -7.4797854e-05  0.00014858427  
0.00014933232  0.00043231646  3.0962941e-05  0.00033900265  6.0762892e-05  1.4123354e-05  4.4885243e-06  0.00032424301  8.0828931e-06  0.00064060597  -0.0011574185  0.0019245829  -0.00049440712  0.0000000   0.00081967613  -0.00042933246  -0.00066127374  0.00078363767  -9.2337157e-05  0.00017703170  9.8213064e-05  -3.5562559e-05  -2.4755015e-05  0.00011617626  9.4433630e-05  -1.7417088e-05  7.4462769e-05  4.1520028e-05  9.3464638e-07  -3.3576855e-05  5.1214422e-06  0.00014933232  0.00043231646  3.0962941e-05  0.00033900265  6.0762892e-05  1.4123354e-05  4.4885243e-06  0.00032424301  8.0828931e-06  0.00064060597  -0.0011574185  0.0019245829  -0.00049440712  0.0000000   0.00081967613  -0.00042933246  -0.00066127374  0.00078363767  -9.2337157e-05  0.00017703170  9.8213064e-05  -3.5562559e-05  -2.4755015e-05  0.00011617626  9.4433630e-05  -1.7417088e-05  7.4462769e-05  4.1520028e-05  9.3464638e-07  -3.3576855e-05  5.1214422e-06  
-5.9029970e-05  -0.00016415742  -3.7468424e-05  0.00011402523  -9.7394606e-05  8.1975090e-05  8.5480343e-06  -0.00041752301  -0.00011738953  -0.00014004802  -0.00083191764  -0.00071773503  0.0014058480  -0.00081967613  0.0000000   -0.0031297719  -0.00098463013  -0.00076580068  0.00075544612  0.00023517332  -0.00044209917  1.0603816e-05  1.5434341e-05  -0.00015400419  -0.00024918164  -2.9636530e-05  1.5765315e-06  4.0419894e-05  -1.0158960e-05  3.4477656e-06  -2.1396063e-05  -5.9029970e-05  -0.00016415742  -3.7468424e-05  0.00011402523  -9.7394606e-05  8.1975090e-05  8.5480343e-06  -0.00041752301  -0.00011738953  -0.00014004802  -0.00083191764  -0.00071773503  0.0014058480  -0.00081967613  0.0000000   -0.0031297719  -0.00098463013  -0.00076580068  0.00075544612  0.00023517332  -0.00044209917  1.0603816e-05  1.5434341e-05  -0.00015400419  -0.00024918164  -2.9636530e-05  1.5765315e-06  4.0419894e-05  -1.0158960e-05  3.4477656e-06  -2.1396063e-05  
4.6150335e-05  0.00035232211  0.00014337109  -0.00016208201  -3.9192303e-05  -2.1382863e-05  2.1207057e-05  -0.00024013953  -7.2315751e-05  -0.00060518715  0.00016430213  0.00073513895  -0.00061507123  0.00042933246  0.0031297719  0.0000000   0.0012126449  -0.0025084854  -0.0011169770  -0.00076392278  0.00061797391  0.00010631961  0.00028551445  0.00032251271  0.00032178103  9.6727926e-05  5.2230740e-05  -4.5144394e-05  6.3310652e-05  3.9477440e-05  -2.1835969e-05  4.6150335e-05  0.00035232211  0.00014337109  -0.00016208201  -3.9192303e-05  -2.1382863e-05  2.1207057e-05  -0.00024013953  -7.2315751e-05  -0.00060518715  0.00016430213  0.00073513895  -0.00061507123  0.00042933246  0.0031297719  0.0000000   0.0012126449  -0.0025084854  -0.0011169770  -0.00076392278  0.00061797391  0.00010631961  0.00028551445  0.00032251271  0.00032178103  9.6727926e-05  5.2230740e-05  -4.5144394e-05  6.3310652e-05  3.9477440e-05  -2.1835969e-05  
8.7397184e-05  2.1332960e-05  9.9889766e-05  0.00014195494  8.2296540e-05  0.00021704589  1.1284623e-05  -0.00059415188  -0.00020421823  0.00029987567  4.4181632e-05  -0.00018947258  0.00027332600  0.00066127374  0.00098463013  -0.0012126449  0.0000000   -0.011023144  -0.00079452467  -0.0016692211  0.00073485985  0.00032883409  0.00064687053  -0.00010152921  -0.00077882456  0.00027122857  -3.5083204e-06  -7.9623601e-05  9.4596495e-05  0.00011801627  -4.2559828e-05  8.7397184e-05  2.1332960e-05  9.9889766e-05  0.00014195494  8.2296540e-05  0.00021704589  1.1284623e-05  -0.00059415188  -0.00020421823  0.00029987567  4.4181632e-05  -0.00018947258  0.00027332600  0.00066127374  0.00098463013  -0.0012126449  0.0000000   -0.011023144  -0.00079452467  -0.0016692211  0.00073485985  0.00032883409  0.00064687053  -0.00010152921  -0.00077882456  0.00027122857  -3.5083204e-06  -7.9623601e-05  9.4596495e-05  0.00011801627  -4.2559828e-05  
-6.3691280e-06  -0.00025578974  -0.00017345672  -0.00016406027  -5.6062152e-05  -0.00018824521  0.00016002416  9.0707984e-05  0.00025992116  -0.00021705476  -0.00012093742  -0.00024749990  0.00086625906  -0.00078363767  0.00076580068  0.0025084854  0.011023144  0.0000000   0.018212863  0.0039837793  -0.00080075647  -0.00019244565  -0.0010515998  3.6320573e-05  -0.00016620909  -0.00012857527  -0.00021085538  0.00074819175  -0.00015051369  -0.00016563003  0.00015136417  -6.3691280e-06  -0.00025578974  -0.00017345672  -0.00016406027  -5.6062152e-05  -0.00018824521  0.00016002416  9.0707984e-05  0.00025992116  -0.00021705476  -0.00012093742  -0.00024749990  0.00086625906  -0.00078363767  0.00076580068  0.0025084854  0.011023144  0.0000000   0.018212863  0.0039837793  -0.00080075647  -0.00019244565  -0.0010515998  3.6320573e-05  -0.00016620909  -0.00012857527  -0.00021085538  0.00074819175  -0.00015051369  -0.00016563003  0.00015136417  
7.4354389e-05  -0.00059297533  -0.00010736180  -0.00036744753  0.00015827470  -8.3134090e-05  0.00017019273  0.00052027025  0.00021626530  -5.7643763e-06  -0.00060827520  0.00098325844  0.00024259736  9.2337157e-05  -0.00075544612  0.0011169770  0.00079452467  -0.018212863  0.0000000   -0.0026483163  0.00079416432  -9.3908263e-05  -0.00052664159  0.0014087068  0.00075274339  0.00027910037  0.00016794682  0.00011292594  0.00016280686  -7.8092423e-05  0.00025870640  7.4354389e-05  -0.00059297533  -0.00010736180  -0.00036744753  0.00015827470  -8.3134090e-05  0.00017019273  0.00052027025  0.00021626530  -5.7643763e-06  -0.00060827520  0.00098325844  0.00024259736  9.2337157e-05  -0.00075544612  0.0011169770  0.00079452467  -0.018212863  0.0000000   -0.0026483163  0.00079416432  -9.3908263e-05  -0.00052664159  0.0014087068  0.00075274339  0.00027910037  0.00016794682  0.00011292594  0.00016280686  -7.8092423e-05  0.00025870640  
3.9988807e-05  -0.00025776740  0.00037518516  -4.7511422e-05  0.00012725366  0.00056884607  -0.00021154527  0.00030779680  -0.00028119244  -6.7432530e-06  -0.00020406526  0.00074475146  -8.7166282e-05  -0.00017703170  -0.00023517332  0.00076392278  0.0016692211  -0.0039837793  0.0026483163  0.0000000   7.8734837e-05  0.00084129666  -5.6033617e-05  -0.00072571867  0.00022060962  -0.00031079505  -0.00031165550  -0.00086856167  -4.7508233e-05  0.00058249061  -0.00034567119  3.9988807e-05  -0.00025776740  0.00037518516  -4.7511422e-05  0.00012725366  0.00056884607  -0.00021154527  0.00030779680  -0.00028119244  -6.7432530e-06  -0.00020406526  0.00074475146  -8.7166282e-05  -0.00017703170  -0.00023517332  0.00076392278  0.0016692211  -0.0039837793  0.0026483163  0.0000000   7.8734837e-05  0.00084129666  -5.6033617e-05  -0.00072571867  0.00022060962  -0.00031079505  -0.00031165550  -0.00086856167  -4.7508233e-05  0.00058249061  -0.00034567119  
-4.2282005e-06  -0.00015259225  -4.0046808e-05  -2.4770589e-05  -1.4368254e-06  -9.4683389e-05  9.7096441e-06  -0.00036515496  -5.2163490e-05  -6.7165162e-05  -0.00029632369  0.00022294020  -1.5327896e-05  -9.8213064e-05  0.00044209917  -0.00061797391  -0.00073485985  0.00080075647  -0.00079416432  -7.8734837e-05  0.0000000   -6.9032871e-06  0.00041253547  0.00031635306  -0.00057574402  7.5524944e-05  4.4466766e-05  3.0872648e-05  2.6951922e-05  -6.4936448e-05  1.4625257e-05  -4.2282005e-06  -0.00015259225  -4.0046808e-05  -2.4770589e-05  -1.4368254e-06  -9.4683389e-05  9.7096441e-06  -0.00036515496  -5.2163490e-05  -6.7165162e-05  -0.00029632369  0.00022294020  -1.5327896e-05  -9.8213064e-05  0.00044209917  -0.00061797391  -0.00073485985  0.00080075647  -0.00079416432  -7.8734837e-05  0.0000000   -6.9032871e-06  0.00041253547  0.00031635306  -0.00057574402  7.5524944e-05  4.4466766e-05  3.0872648e-05  2.6951922e-05  -6.4936448e-05  1.4625257e-05  
-4.4547012e-06  1.0732833e-05  -0.00017522432  -7.6206993e-05  8.9128937e-05  -2.1293092e-05  0.00036048287  -1.5832825e-05  -2.4001535e-05  -3.2136209e-05  3.8121284e-07  -5.1876668e-05  1.8209497e-05  3.5562559e-05  -1.0603816e-05  -0.00010631961  -0.00032883409  0.00019244565  9.3908263e-05  -0.00084129666  6.9032871e-06  0.0000000   0.00095066988  0.0031247630  7.4651231e-05  0.00041555527  0.00065036590  0.00041911957  0.00026583502  -2.8852730e-06  0.00027491816  -4.4547012e-06  1.0732833e-05  -0.00017522432  -7.6206993e-05  8.9128937e-05  -2.1293092e-05  0.00036048287  -1.5832825e-05  -2.4001535e-05  -3.2136209e-05  3.8121284e-07  -5.1876668e-05  1.8209497e-05  3.5562559e-05  -1.0603816e-05  -0.00010631961  -0.00032883409  0.00019244565  9.3908263e-05  -0.00084129666  6.9032871e-06  0.0000000   0.00095066988  0.0031247630  7.4651231e-05  0.00041555527  0.00065036590  0.00041911957  0.00026583502  -2.8852730e-06  0.00027491816  
1.9168050e-05  -0.00010155724  -0.00039786485  -0.00018841773  0.00028830049  -0.00047795829  3.7401769e-05  -7.0109159e-05  0.00017727672  -0.00025144950  -9.5432759e-05  -0.00022188069  0.00011565469  2.4755015e-05  -1.5434341e-05  -0.00028551445  -0.00064687053  0.0010515998  0.00052664159  5.6033617e-05  -0.00041253547  -0.00095066988  0.0000000   0.020476527  0.00055592822  0.00032240105  0.00038572932  0.00062567524  0.00089193992  -0.00025183995  0.00067242824  1.9168050e-05  -0.00010155724  -0.00039786485  -0.00018841773  0.00028830049  -0.00047795829  3.7401769e-05  -7.0109159e-05  0.00017727672  -0.00025144950  -9.5432759e-05  -0.00022188069  0.00011565469  2.4755015e-05  -1.5434341e-05  -0.00028551445  -0.00064687053  0.0010515998  0.00052664159  5.6033617e-05  -0.00041253547  -0.00095066988  0.0000000   0.020476527  0.00055592822  0.00032240105  0.00038572932  0.00062567524  0.00089193992  -0.00025183995  0.00067242824  
7.6096942e-06  -9.8711984e-05  -9.6609926e-05  -2.7566982e-05  -0.00020234947  -0.00025908668  -0.00033120794  -5.2969109e-05  -0.00019740196  -2.0128135e-05  -3.6636852e-05  -2.5097836e-05  6.1615984e-05  -0.00011617626  0.00015400419  -0.00032251271  0.00010152921  -3.6320573e-05  -0.0014087068  0.00072571867  -0.00031635306  -0.0031247630  -0.020476527  0.0000000   -0.00020526066  -0.0019056926  0.00068323645  -0.0015486267  8.3146290e-06  0.00079139086  0.00014813162  7.6096942e-06  -9.8711984e-05  -9.6609926e-05  -2.7566982e-05  -0.00020234947  -0.00025908668  -0.00033120794  -5.2969109e-05  -0.00019740196  -2.0128135e-05  -3.6636852e-05  -2.5097836e-05  6.1615984e-05  -0.00011617626  0.00015400419  -0.00032251271  0.00010152921  -3.6320573e-05  -0.0014087068  0.00072571867  -0.00031635306  -0.0031247630  -0.020476527  0.0000000   -0.00020526066  -0.0019056926  0.00068323645  -0.0015486267  8.3146290e-06  0.00079139086  0.00014813162  
-7.5712106e-05  -8.3444024e-05  -2.0457379e-05  7.2667165e-07  -4.7764843e-05  2.1335521e-05  -2.9387512e-05  -7.6892811e-05  6.0601443e-06  0.00011042231  2.9761536e-05  -0.00011050300  0.00018294605  -9.4433630e-05  0.00024918164  -0.00032178103  0.00077882456  0.00016620909  -0.00075274339  -0.00022060962  0.00057574402  -7.4651231e-05  -0.00055592822  0.00020526066  0.0000000   -0.00014793976  -0.00017352720  -0.00020722359  -2.4940457e-05  5.5631377e-05  -1.9853867e-05  -7.5712106e-05  -8.3444024e-05  -2.0457379e-05  7.2667165e-07  -4.7764843e-05  2.1335521e-05  -2.9387512e-05  -7.6892811e-05  6.0601443e-06  0.00011042231  2.9761536e-05  -0.00011050300  0.00018294605  -9.4433630e-05  0.00024918164  -0.00032178103  0.00077882456  0.00016620909  -0.00075274339  -0.00022060962  0.00057574402  -7.4651231e-05  -0.00055592822  0.00020526066  0.0000000   -0.00014793976  -0.00017352720  -0.00020722359  -2.4940457e-05  5.5631377e-05  -1.9853867e-05  
2.6504344e-05  7.9506223e-05  6.4380810e-05  5.9453757e-05  -4.4040218e-05  0.00020238667  -0.00024272573  -5.3708316e-05  0.00042827985  -1.6039052e-06  -3.6023095e-05  0.00017928105  -0.00012135699  1.7417088e-05  2.9636530e-05  -9.6727926e-05  -0.00027122857  0.00012857527  -0.00027910037  0.00031079505  -7.5524944e-05  -0.00041555527  -0.00032240105  0.0019056926  0.00014793976  0.0000000   -0.0045494875  -0.0028296694  -0.00099120322  -0.00057187840  -0.00032360137  2.6504344e-05  7.9506223e-05  6.4380810e-05  5.9453757e-05  -4.4040218e-05  0.00020238667  -0.00024272573  -5.3708316e-05  0.00042827985  -1.6039052e-06  -3.6023095e-05  0.00017928105  -0.00012135699  1.7417088e-05  2.9636530e-05  -9.6727926e-05  -0.00027122857  0.00012857527  -0.00027910037  0.00031079505  -7.5524944e-05  -0.00041555527  -0.00032240105  0.0019056926  0.00014793976  0.0000000   -0.0045494875  -0.0028296694  -0.00099120322  -0.00057187840  -0.00032360137  
-2.9182337e-06  -4.4137777e-05  -5.9368956e-05  3.7296268e-05  7.7379131e-05  -5.4045503e-05  5.8957814e-05  6.1048484e-06  -0.00015227913  4.7038184e-05  2.3479955e-05  0.00010043958  7.8750786e-05  -7.4462769e-05  -1.5765315e-06  -5.2230740e-05  3.5083204e-06  0.00021085538  -0.00016794682  0.00031165550  -4.4466766e-05  -0.00065036590  -0.00038572932  -0.00068323645  0.00017352720  0.0045494875  0.0000000   0.00030185101  0.00068731765  0.0013065327  -0.00030545788  -2.9182337e-06  -4.4137777e-05  -5.9368956e-05  3.7296268e-05  7.7379131e-05  -5.4045503e-05  5.8957814e-05  6.1048484e-06  -0.00015227913  4.7038184e-05  2.3479955e-05  0.00010043958  7.8750786e-05  -7.4462769e-05  -1.5765315e-06  -5.2230740e-05  3.5083204e-06  0.00021085538  -0.00016794682  0.00031165550  -4.4466766e-05  -0.00065036590  -0.00038572932  -0.00068323645  0.00017352720  0.0045494875  0.0000000   0.00030185101  0.00068731765  0.0013065327  -0.00030545788  
3.1752789e-05  -0.00011117042  0.00043555848  7.6205210e-05  -0.00028446572  0.00034175847  -0.00019344651  8.7990668e-05  -0.00025997077  3.8688343e-05  -1.7211671e-06  0.00019597288  -0.00023044245  -4.1520028e-05  -4.0419894e-05  4.5144394e-05  7.9623601e-05  -0.00074819175  -0.00011292594  0.00086856167  -3.0872648e-05  -0.00041911957  -0.00062567524  0.0015486267  0.00020722359  0.0028296694  -0.00030185101  0.0000000   -0.00028828068  0.0025832866  -0.0016838304  3.1752789e-05  -0.00011117042  0.00043555848  7.6205210e-05  -0.00028446572  0.00034175847  -0.00019344651  8.7990668e-05  -0.00025997077  3.8688343e-05  -1.7211671e-06  0.00019597288  -0.00023044245  -4.1520028e-05  -4.0419894e-05  4.5144394e-05  7.9623601e-05  -0.00074819175  -0.00011292594  0.00086856167  -3.0872648e-05  -0.00041911957  -0.00062567524  0.0015486267  0.00020722359  0.0028296694  -0.00030185101  0.0000000   -0.00028828068  0.0025832866  -0.0016838304  
9.2990644e-06  1.5847633e-05  -6.4007475e-05  -8.9424285e-07  -0.00017359587  -3.9309634e-05  -8.0862753e-05  4.9947082e-06  2.1459742e-05  1.8436867e-05  6.7224323e-07  -7.7615456e-05  3.3259982e-05  -9.3464638e-07  1.0158960e-05  -6.3310652e-05  -9.4596495e-05  0.00015051369  -0.00016280686  4.7508233e-05  -2.6951922e-05  -0.00026583502  -0.00089193992  -8.3146290e-06  2.4940457e-05  0.00099120322  -0.00068731765  0.00028828068  0.0000000   0.0037934234  0.00049910135  9.2990644e-06  1.5847633e-05  -6.4007475e-05  -8.9424285e-07  -0.00017359587  -3.9309634e-05  -8.0862753e-05  4.9947082e-06  2.1459742e-05  1.8436867e-05  6.7224323e-07  -7.7615456e-05  3.3259982e-05  -9.3464638e-07  1.0158960e-05  -6.3310652e-05  -9.4596495e-05  0.00015051369  -0.00016280686  4.7508233e-05  -2.6951922e-05  -0.00026583502  -0.00089193992  -8.3146290e-06  2.4940457e-05  0.00099120322  -0.00068731765  0.00028828068  0.0000000   0.0037934234  0.00049910135  
-1.2526452e-05  8.5372591e-05  -0.00021504608  3.9591776e-06  -7.7876458e-05  -0.00025403232  8.8801246e-06  1.6520966e-05  6.4367851e-05  3.2202873e-06  1.8729808e-06  -0.00018155672  7.4797854e-05  3.3576855e-05  -3.4477656e-06  -3.9477440e-05  -0.00011801627  0.00016563003  7.8092423e-05  -0.00058249061  6.4936448e-05  2.8852730e-06  0.00025183995  -0.00079139086  -5.5631377e-05  0.00057187840  -0.0013065327  -0.0025832866  -0.0037934234  0.0000000   0.0024031368  -1.2526452e-05  8.5372591e-05  -0.00021504608  3.9591776e-06  -7.7876458e-05  -0.00025403232  8.8801246e-06  1.6520966e-05  6.4367851e-05  3.2202873e-06  1.8729808e-06  -0.00018155672  7.4797854e-05  3.3576855e-05  -3.4477656e-06  -3.9477440e-05  -0.00011801627  0.00016563003  7.8092423e-05  -0.00058249061  6.4936448e-05  2.8852730e-06  0.00025183995  -0.00079139086  -5.5631377e-05  0.00057187840  -0.0013065327  -0.0025832866  -0.0037934234  0.0000000   0.0024031368  
9.4473524e-06  -0.00010737708  0.00018202024  -1.5602526e-05  -0.00021244668  0.00019463401  3.2634095e-05  -7.0581664e-06  2.2196541e-05  -3.0339238e-06  1.0320519e-05  6.6534661e-06  -0.00014858427  -5.1214422e-06  2.1396063e-05  2.1835969e-05  4.2559828e-05  -0.00015136417  -0.00025870640  0.00034567119  -1.4625257e-05  -0.00027491816  -0.00067242824  -0.00014813162  1.9853867e-05  0.00032360137  0.00030545788  0.0016838304  -0.00049910135  -0.0024031368  0.0000000   9.4473524e-06  -0.00010737708  0.00018202024  -1.5602526e-05  -0.00021244668  0.00019463401  3.2634095e-05  -7.0581664e-06  2.2196541e-05  -3.0339238e-06  1.0320519e-05  6.6534661e-06  -0.00014858427  -5.1214422e-06  2.1396063e-05  2.1835969e-05  4.2559828e-05  -0.00015136417  -0.00025870640  0.00034567119  -1.4625257e-05  -0.00027491816  -0.00067242824  -0.00014813162  1.9853867e-05  0.00032360137  0.00030545788  0.0016838304  -0.00049910135  -0.0024031368  0.0000000   
0.0000000   -0.0018216327  -0.00042708223  6.9839225e-06  1.5794721e-05  -9.8767970e-05  2.7150578e-05  8.3602164e-05  9.1616449e-05  9.0795753e-05  -0.00011441228  9.1302569e-05  8.7774526e-05  -0.00014933232  5.9029970e-05  -4.6150335e-05  -8.7397184e-05  6.3691280e-06  -7.4354389e-05  -3.9988807e-05  4.2282005e-06  4.4547012e-06  -1.9168050e-05  -7.6096942e-06  7.5712106e-05  -2.6504344e-05  2.9182337e-06  -3.1752789e-05  -9.2990644e-06  1.2526452e-05  -9.4473524e-06  0.0000000   -0.0018216327  -0.00042708223  6.9839225e-06  1.5794721e-05  -9.8767970e-05  2.7150578e-05  8.3602164e-05  9.1616449e-05  9.0795753e-05  -0.00011441228  9.1302569e-05  8.7774526e-05  -0.00014933232  5.9029970e-05  -4.6150335e-05  -8.7397184e-05  6.3691280e-06  -7.4354389e-05  -3.9988807e-05  4.2282005e-06  4.4547012e-06  -1.9168050e-05  -7.6096942e-06  7.5712106e-05  -2.6504344e-05  2.9182337e-06  -3.1752789e-05  -9.2990644e-06  1.2526452e-05  -9.4473524e-06  
0.0018216327  0.0000000   -0.00094626307  0.0034928758  -0.00065760489  0.00084488424  0.00032980303  0.00082037889  -2.2033773e-05  0.00042603120  0.00023371274  -0.00068152422  -0.00043866326  -0.00043231646  0.00016415742  -0.00035232211  -2.1332960e-05  0.00025578974  0.00059297533  0.00025776740  0.00015259225  -1.0732833e-05  0.00010155724  9.8711984e-05  8.3444024e-05  -7.9506223e-05  4.4137777e-05  0.00011117042  -1.5847633e-05  -8.5372591e-05  0.00010737708  0.0018216327  0.0000000   -0.00094626307  0.0034928758  -0.00065760489  0.00084488424  0.00032980303  0.00082037889  -2.2033773e-05  0.00042603120  0.00023371274  -0.00068152422  -0.00043866326  -0.00043231646  0.00016415742  -0.00035232211  -2.1332960e-05  0.00025578974  0.00059297533  0.00025776740  0.00015259225  -1.0732833e-05  0.00010155724  9.8711984e-05  8.3444024e-05  -7.9506223e-05  4.4137777e-05  0.00011117042  -1.5847633e-05  -8.5372591e-05  0.00010737708  
0.00042708223  0.00094626307  0.0000000   0.0011443198  0.0029512433  -0.00037653208  -0.0011307878  -9.9244121e-06  0.00091439338  -2.9159017e-05  3.4136334e-05  -5.8260238e-05  0.00022887780  -3.0962941e-05  3.7468424e-05  -0.00014337109  -9.9889766e-05  0.00017345672  0.00010736180  -0.00037518516  4.0046808e-05  0.00017522432  0.00039786485  9.6609926e-05  2.0457379e-05  -6.4380810e-05  5.9368956e-05  -0.00043555848  6.4007475e-05  0.00021504608  -0.00018202024  0.00042708223  0.00094626307  0.0000000   0.0011443198  0.0029512433  -0.00037653208  -0.0011307878  -9.9244121e-06  0.00091439338  -2.9159017e-05  3.4136334e-05  -5.8260238e-05  0.00022887780  -3.0962941e-05  3.7468424e-05  -0.00014337109  -9.9889766e-05  0.00017345672  0.00010736180  -0.00037518516  4.0046808e-05  0.00017522432  0.00039786485  9.6609926e-05  2.0457379e-05  -6.4380810e-05  5.9368956e-05  -0.00043555848  6.4007475e-05  0.00021504608  -0.00018202024  
-6.9839225e-06  -0.0034928758  -0.0011443198  0.0000000   0.0021447787  0.00049396685  0.00014809803  -0.00033857804  -0.00018467000  0.00041326321  -2.7505243e-05  -0.00047305125  -0.00017439637  -0.00033900265  -0.00011402523  0.00016208201  -0.00014195494  0.00016406027  0.00036744753  4.7511422e-05  2.4770589e-05  7.6206993e-05  0.00018841773  2.7566982e-05  -7.2667165e-07  -5.9453757e-05  -3.7296268e-05  -7.6205210e-05  8.9424285e-07  -3.9591776e-06  1.5602526e-05  -6.9839225e-06  -0.0034928758  -0.0011443198  0.0000000   0.0021447787  0.00049396685  0.00014809803  -0.00033857804  -0.00018467000  0.00041326321  -2.7505243e-05  -0.00047305125  -0.00017439637  -0.00033900265  -0.00011402523  0.00016208201  -0.00014195494  0.00016406027  0.00036744753  4.7511422e-05  2.4770589e-05  7.6206993e-05  0.00018841773  2.7566982e-05  -7.2667165e-07  -5.9453757e-05  -3.7296268e-05  -7.6205210e-05  8.9424285e-07  -3.9591776e-06  1.5602526e-05  
-1.5794721e-05  0.00065760489  -0.0029512433  -0.0021447787  0.0000000   0.0099610639  0.0017144985  2.9770227e-05  -0.00093176953  1.2753779e-05  0.00021686530  0.00018630118  -0.00026853154  -6.0762892e-05  9.7394606e-05  3.9192303e-05  -8.2296540e-05  5.6062152e-05  -0.00015827470  -0.00012725366  1.4368254e-06  -8.9128937e-05  -0.00028830049  0.00020234947  4.7764843e-05  4.4040218e-05  -7.7379131e-05  0.00028446572  0.00017359587  7.7876458e-05  0.00021244668  -1.5794721e-05  0.00065760489  -0.0029512433  -0.0021447787  0.0000000   0.0099610639  0.0017144985  2.9770227e-05  -0.00093176953  1.2753779e-05  0.00021686530  0.00018630118  -0.00026853154  -6.0762892e-05  9.7394606e-05  3.9192303e-05  -8.2296540e-05  5.6062152e-05  -0.00015827470  -0.00012725366  1.4368254e-06  -8.9128937e-05  -0.00028830049  0.00020234947  4.7764843e-05  4.4040218e-05  -7.7379131e-05  0.00028446572  0.00017359587  7.7876458e-05  0.00021244668  
9.8767970e-05  -0.00084488424  0.00037653208  -0.00049396685  -0.0099610639  0.0000000   -0.0011615860  3.1382537e-05  0.0024603401  0.00027173114  6.5846060e-05  -0.00015076638  -3.7689638e-06  -1.4123354e-05  -8.1975090e-05  2.1382863e-05  -0.00021704589  0.00018824521  8.3134090e-05  -0.00056884607  9.4683389e-05  2.1293092e-05  0.00047795829  0.00025908668  -2.1335521e-05  -0.00020238667  5.4045503e-05  -0.00034175847  3.9309634e-05  0.00025403232  -0.00019463401  9.8767970e-05  -0.00084488424  0.00037653208  -0.00049396685  -0.0099610639  0.0000000   -0.0011615860  3.1382537e-05  0.0024603401  0.00027173114  6.5846060e-05  -0.00015076638  -3.7689638e-06  -1.4123354e-05  -8.1975090e-05  2.1382863e-05  -0.00021704589  0.00018824521  8.3134090e-05  -0.00056884607  9.4683389e-05  2.1293092e-05  0.00047795829  0.00025908668  -2.1335521e-05  -0.00020238667  5.4045503e-05  -0.00034175847  3.9309634e-05  0.00025403232  -0.00019463401  
-2.7150578e-05  -0.00032980303  0.0011307878  -0.00014809803  -0.0017144985  0.0011615860  0.0000000   -0.00027217994  0.0015726784  6.2925405e-06  2.4319138e-05  -0.00026352279  -0.00019092887  -4.4885243e-06  -8.5480343e-06  -2.1207057e-05  -1.1284623e-05  -0.00016002416  -0.00017019273  0.00021154527  -9.7096441e-06  -0.00036048287  -3.7401769e-05  0.00033120794  2.9387512e-05  0.00024272573  -5.8957814e-05  0.00019344651  8.0862753e-05  -8.8801246e-06  -3.2634095e-05  -2.7150578e-05  -0.00032980303  0.0011307878  -0.00014809803  -0.0017144985  0.0011615860  0.0000000   -0.00027217994  0.0015726784  6.2925405e-06  2.4319138e-05  -0.00026352279  -0.00019092887  -4.4885243e-06  -8.5480343e-06  -2.1207057e-05  -1.1284623e-05  -0.00016002416  -0.00017019273  0.00021154527  -9.7096441e-06  -0.00036048287  -3.7401769e-05  0.00033120794  2.9387512e-05  0.00024272573  -5.8957814e-05  0.00019344651  8.0862753e-05  -8.8801246e-06  -3.2634095e-05  
-8.3602164e-05  -0.00082037889  9.9244121e-06  0.00033857804  -2.9770227e-05  -3.1382537e-05  0.00027217994  0.0000000   -1.7778589e-05  -0.00051377876  -0.00031885168  -0.00083499786  0.00082274708  -0.00032424301  0.00041752301  0.00024013953  0.00059415188  -9.0707984e-05  -0.00052027025  -0.00030779680  0.00036515496  1.5832825e-05  7.0109159e-05  5.2969109e-05  7.6892811e-05  5.3708316e-05  -6.1048484e-06  -8.7990668e-05  -4.9947082e-06  -1.6520966e-05  7.0581664e-06  -8.3602164e-05  -0.00082037889  9.9244121e-06  0.00033857804  -2.9770227e-05  -3.1382537e-05  0.00027217994  0.0000000   -1.7778589e-05  -0.00051377876  -0.00031885168  -0.00083499786  0.00082274708  -0.00032424301  0.00041752301  0.00024013953  0.00059415188  -9.0707984e-05  -0.00052027025  -0.00030779680  0.00036515496  1.5832825e-05  7.0109159e-05  5.2969109e-05  7.6892811e-05  5.3708316e-05  -6.1048484e-06  -8.7990668e-05  -4.9947082e-06  -1.6520966e-05  7.0581664e-06  
-9.1616449e-05  2.2033773e-05  -0.00091439338  0.00018467000  0.00093176953  -0.0024603401  -0.0015726784  1.7778589e-05  0.0000000   -0.00017706607  -0.00012825285  0.00053256509  -0.00034776571  -8.0828931e-06  0.00011738953  7.2315751e-05  0.00020421823  -0.00025992116  -0.00021626530  0.00028119244  5.2163490e-05  2.4001535e-05  -0.00017727672  0.00019740196  -6.0601443e-06  -0.00042827985  0.00015227913  0.00025997077  -2.1459742e-05  -6.4367851e-05  -2.2196541e-05  -9.1616449e-05  2.2033773e-05  -0.00091439338  0.00018467000  0.00093176953  -0.0024603401  -0.0015726784  1.7778589e-05  0.0000000   -0.00017706607  -0.00012825285  0.00053256509  -0.00034776571  -8.0828931e-06  0.00011738953  7.2315751e-05  0.00020421823  -0.00025992116  -0.00021626530  0.00028119244  5.2163490e-05  2.4001535e-05  -0.00017727672  0.00019740196  -6.0601443e-06  -0.00042827985  0.00015227913  0.00025997077  -2.1459742e-05  -6.4367851e-05  -2.2196541e-05  
-9.0795753e-05  -0.00042603120  2.9159017e-05  -0.00041326321  -1.2753779e-05  -0.00027173114  -6.2925405e-06  0.00051377876  0.00017706607  0.0000000   0.0012316382  -0.00022026287  0.00011297229  -0.00064060597  0.00014004802  0.00060518715  -0.00029987567  0.00021705476  5.7643763e-06  6.7432530e-06  6.7165162e-05  3.2136209e-05  0.00025144950  2.0128135e-05  -0.00011042231  1.6039052e-06  -4.7038184e-05  -3.8688343e-05  -1.8436867e-05  -3.2202873e-06  3.0339238e-06  -9.0795753e-05  -0.00042603120  2.9159017e-05  -0.00041326321  -1.2753779e-05  -0.00027173114  -6.2925405e-06  0.00051377876  0.00017706607  0.0000000   0.0012316382  -0.00022026287  0.00011297229  -0.00064060597  0.00014004802  0.00060518715  -0.00029987567  0.00021705476  5.7643763e-06  6.7432530e-06  6.7165162e-05  3.2136209e-05  0.00025144950  2.0128135e-05  -0.00011042231  1.6039052e-06  -4.7038184e-05  -3.8688343e-05  -1.8436867e-05  -3.2202873e-06  3.0339238e-06  
0.00011441228  -0.00023371274  -3.4136334e-05  2.7505243e-05  -0.00021686530  -6.5846060e-05  -2.4319138e-05  0.00031885168  0.00012825285  -0.0012316382  0.0000000   0.00035647392  0.00017032689  0.0011574185  0.00083191764  -0.00016430213  -4.4181632e-05  0.00012093742  0.00060827520  0.00020406526  0.00029632369  -3.8121284e-07  9.5432759e-05  3.6636852e-05  -2.9761536e-05  3.6023095e-05  -2.3479955e-05  1.7211671e-06  -6.7224323e-07  -1.8729808e-06  -1.0320519e-05  0.00011441228  -0.00023371274  -3.4136334e-05  2.7505243e-05  -0.00021686530  -6.5846060e-05  -2.4319138e-05  0.00031885168  0.00012825285  -0.0012316382  0.0000000   0.00035647392  0.00017032689  0.0011574185  0.00083191764  -0.00016430213  -4.4181632e-05  0.00012093742  0.00060827520  0.00020406526  0.00029632369  -3.8121284e-07  9.5432759e-05  3.6636852e-05  -2.9761536e-05  3.6023095e-05  -2.3479955e-05  1.7211671e-06  -6.7224323e-07  -1.8729808e-06  -1.0320519e-05  
