0.0000000   -0.0025239768  2.5148832e-05  0.00017074212  0.0017927215  -0.00016256726  0.00036911274  0.00011261419  0.00015585225  0.00014452630  -4.3505236e-06  -0.00016360881  0.00018498082  -4.6248019e-06  -6.0756230e-05  9.2708809e-06  -2.9933200e-06  3.5368380e-05  -0.00020453768  -1.4383057e-05  -0.00018166979  -3.0085014e-05  -2.2292735e-05  -2.5885789e-05  -0.00011484277  3.9407276e-06  0.00010685447  2.3173826e-05  -6.8281103e-05  1.8725276e-05  6.7083671e-05  0.0000000   -0.0025239768  2.5148832e-05  0.00017074212  0.0017927215  -0.00016256726  0.00036911274  0.00011261419  0.00015585225  0.00014452630  -4.3505236e-06  -0.00016360881  0.00018498082  -4.6248019e-06  -6.0756230e-05  9.2708809e-06  -2.9933200e-06  3.5368380e-05  -0.00020453768  -1.4383057e-05  -0.00018166979  -3.0085014e-05  -2.2292735e-05  -2.5885789e-05  -0.00011484277  3.9407276e-06  0.00010685447  2.3173826e-05  -6.8281103e-05  1.8725276e-05  6.7083671e-05  
0.0025239768  0.0000000   -0.00014784150  0.00096493197  -0.0043676657  4.7992973e-05  -0.00055880318  6.4904655e-05  -0.00065162589  -0.00026829781  3.6152736e-05  0.00020825529  -0.00014359526  -0.00010382947  -9.3217230e-05  -2.9489755e-05  -0.00035807235  2.2597391e-05  -3.7941006e-05  4.6618328e-05  -0.00019902882  -5.7998578e-05  -1.6300344e-05  3.1126786e-05  0.00016402165  7.2432682e-07  -8.5338608e-05  -3.9824349e-05  -1.4216167e-05  2.7012204e-06  2.3268991e-05  0.0025239768  0.0000000   -0.00014784150  0.00096493197  -0.0043676657  4.7992973e-05  -0.00055880318  6.4904655e-05  -0.00065162589  -0.00026829781  3.6152736e-05  0.00020825529  -0.00014359526  -0.00010382947  -9.3217230e-05  -2.9489755e-05  -0.00035807235  2.2597391e-05  -3.7941006e-05  4.6618328e-05  -0.00019902882  -5.7998578e-05  -1.6300344e-05  3.1126786e-05  0.00016402165  7.2432682e-07  -8.5338608e-05  -3.9824349e-05  -1.4216167e-05  2.7012204e-06  2.3268991e-05  
-2.5148832e-05  0.00014784150  0.0000000   -2.0180758e-05  -3.3203401e-05  -1.0277122e-05  -3.8848051e-05  -1.9717658e-06  -9.0189103e-06  -1.0304834e-05  1.0407460e-05  -7.5178306e-06  -9.8848144e-06  1.2140304e-05  4.0380188e-06  -3.5889168e-05  1.6609393e-05  3.6367138e-06  -2.6102077e-05  1.7525602e-05  -4.5301617e-06  -6.1088592e-05  -5.2913852e-05  1.7763874e-05  5.3830798e-06  5.5453146e-05  3.0546566e-07  -2.2251910e-05  6.9462493e-06  -4.1285278e-05  -5.6997846e-07  -2.5148832e-05  0.00014784150  0.0000000   -2.0180758e-05  -3.3203401e-05  -1.0277122e-05  -3.8848051e-05  -1.9717658e-06  -9.0189103e-06  -1.0304834e-05  1.0407460e-05  -7.5178306e-06  -9.8848144e-06  1.2140304e-05  4.0380188e-06  -3.5889168e-05  1.6609393e-05  3.6367138e-06  -2.6102077e-05  1.7525602e-05  -4.5301617e-06  -6.1088592e-05  -5.2913852e-05  1.7763874e-05  5.3830798e-06  5.5453146e-05  3.0546566e-07  -2.2251910e-05  6.9462493e-06  -4.1285278e-05  -5.6997846e-07  
-0.00017074212  -0.00096493197  2.0180758e-05  0.0000000   2.9389104e-05  -2.2286953e-05  0.0010890283  -0.00016096614  -0.00010940533  -0.00013304844  -0.00018985310  4.8912231e-05  0.00022617639  0.00012364167  0.00014930329  -1.6084133e-05  -0.00013697690  -9.5723431e-07  0.00011247498  -9.2227415e-05  -7.6818784e-05  -2.5837674e-05  5.2251139e-06  -3.6598132e-05  3.3870171e-05  -1.3731760e-06  5.1527112e-06  1.2372810e-05  -6.9408642e-05  1.3472219e-05  3.0733455e-05  -0.00017074212  -0.00096493197  2.0180758e-05  0.0000000   2.9389104e-05  -2.2286953e-05  0.0010890283  -0.00016096614  -0.00010940533  -0.00013304844  -0.00018985310  4.8912231e-05  0.00022617639  0.00012364167  0.00014930329  -1.6084133e-05  -0.00013697690  -9.5723431e-07  0.00011247498  -9.2227415e-05  -7.6818784e-05  -2.5837674e-05  5.2251139e-06  -3.6598132e-05  3.3870171e-05  -1.3731760e-06  5.1527112e-06  1.2372810e-05  -6.9408642e-05  1.3472219e-05  3.0733455e-05  
-0.0017927215  0.0043676657  3.3203401e-05  -2.9389104e-05  0.0000000   0.00019148930  -0.00064026709  -0.00044905970  -0.00019021659  0.00079155724  0.00073121384  -1.1402337e-05  0.00018226683  5.0735679e-05  -3.1417047e-05  -3.6919425e-05  -0.00022704295  1.6513864e-05  -0.00022121395  -0.00038481254  0.00017269642  4.3275701e-05  2.7003918e-05  7.1801851e-06  -0.00020942720  -3.2646822e-05  -0.00013036010  -1.4171030e-05  2.9839907e-06  2.8108755e-05  0.00017412808  -0.0017927215  0.0043676657  3.3203401e-05  -2.9389104e-05  0.0000000   0.00019148930  -0.00064026709  -0.00044905970  -0.00019021659  0.00079155724  0.00073121384  -1.1402337e-05  0.00018226683  5.0735679e-05  -3.1417047e-05  -3.6919425e-05  -0.00022704295  1.6513864e-05  -0.00022121395  -0.00038481254  0.00017269642  4.3275701e-05  2.7003918e-05  7.1801851e-06  -0.00020942720  -3.2646822e-05  -0.00013036010  -1.4171030e-05  2.9839907e-06  2.8108755e-05  0.00017412808  
0.00016256726  -4.7992973e-05  1.0277122e-05  2.2286953e-05  -0.00019148930  0.0000000   -5.7117823e-05  2.5360554e-05  -3.2702434e-07  -8.3102808e-05  1.5735359e-05  4.5168682e-05  -7.6230076e-05  3.0739833e-07  -1.0042546e-05  -9.3308250e-05  7.4680511e-06  0.00013424976  1.5792967e-05  9.5942410e-05  2.4451649e-05  7.9696969e-05  0.00017816834  -0.00032941442  -8.3070223e-06  -9.7929364e-05  -1.9069774e-05  0.00013189795  -3.6828239e-07  -0.00010830925  -3.0694179e-06  0.00016256726  -4.7992973e-05  1.0277122e-05  2.2286953e-05  -0.00019148930  0.0000000   -5.7117823e-05  2.5360554e-05  -3.2702434e-07  -8.3102808e-05  1.5735359e-05  4.5168682e-05  -7.6230076e-05  3.0739833e-07  -1.0042546e-05  -9.3308250e-05  7.4680511e-06  0.00013424976  1.5792967e-05  9.5942410e-05  2.4451649e-05  7.9696969e-05  0.00017816834  -0.00032941442  -8.3070223e-06  -9.7929364e-05  -1.9069774e-05  0.00013189795  -3.6828239e-07  -0.00010830925  -3.0694179e-06  
-0.00036911274  0.00055880318  3.8848051e-05  -0.0010890283  0.00064026709  5.7117823e-05  0.0000000   -0.0011368590  0.0013759473  0.00078347660  0.00091021301  -0.00017361326  -0.00037929996  8.7554647e-05  -0.00030325331  -2.2740980e-06  2.3872105e-05  -6.1453488e-05  0.00016796311  0.00013460947  0.00037392963  0.00010283314  1.2246904e-05  4.0503617e-05  -0.00016989285  -1.2185668e-05  -4.8000737e-05  -1.2260856e-05  -2.0165347e-05  -3.4306535e-05  -6.3026376e-05  -0.00036911274  0.00055880318  3.8848051e-05  -0.0010890283  0.00064026709  5.7117823e-05  0.0000000   -0.0011368590  0.0013759473  0.00078347660  0.00091021301  -0.00017361326  -0.00037929996  8.7554647e-05  -0.00030325331  -2.2740980e-06  2.3872105e-05  -6.1453488e-05  0.00016796311  0.00013460947  0.00037392963  0.00010283314  1.2246904e-05  4.0503617e-05  -0.00016989285  -1.2185668e-05  -4.8000737e-05  -1.2260856e-05  -2.0165347e-05  -3.4306535e-05  -6.3026376e-05  
-0.00011261419  -6.4904655e-05  1.9717658e-06  0.00016096614  0.00044905970  -2.5360554e-05  0.0011368590  0.0000000   -0.0012709549  -0.0010775845  0.00037133299  -6.1462716e-05  -0.00032996828  -9.1849441e-05  -0.00016612779  7.8976040e-05  0.00030264440  -6.5915977e-06  6.8429212e-05  -6.5563225e-05  7.9561645e-06  -9.1552222e-07  3.7132219e-05  -1.2899507e-05  0.00010884835  6.4602788e-07  3.5537932e-05  1.2269794e-05  5.9892988e-05  -7.4608771e-06  -1.4762798e-05  -0.00011261419  -6.4904655e-05  1.9717658e-06  0.00016096614  0.00044905970  -2.5360554e-05  0.0011368590  0.0000000   -0.0012709549  -0.0010775845  0.00037133299  -6.1462716e-05  -0.00032996828  -9.1849441e-05  -0.00016612779  7.8976040e-05  0.00030264440  -6.5915977e-06  6.8429212e-05  -6.5563225e-05  7.9561645e-06  -9.1552222e-07  3.7132219e-05  -1.2899507e-05  0.00010884835  6.4602788e-07  3.5537932e-05  1.2269794e-05  5.9892988e-05  -7.4608771e-06  -1.4762798e-05  
-0.00015585225  0.00065162589  9.0189103e-06  0.00010940533  0.00019021659  3.2702434e-07  -0.0013759473  0.0012709549  0.0000000   0.00084244585  0.0019003792  -0.0011913687  0.00076433250  0.00044670480  0.00012423292  -3.8884898e-05  0.00016605930  -1.4853143e-05  0.00012434158  -7.8357707e-05  -0.00022185509  -7.0636027e-05  -2.5947323e-06  -7.5468261e-06  -5.0584892e-06  -2.8607828e-07  -0.00011099937  -5.0599373e-06  2.7711913e-05  1.5609377e-05  0.00017049908  -0.00015585225  0.00065162589  9.0189103e-06  0.00010940533  0.00019021659  3.2702434e-07  -0.0013759473  0.0012709549  0.0000000   0.00084244585  0.0019003792  -0.0011913687  0.00076433250  0.00044670480  0.00012423292  -3.8884898e-05  0.00016605930  -1.4853143e-05  0.00012434158  -7.8357707e-05  -0.00022185509  -7.0636027e-05  -2.5947323e-06  -7.5468261e-06  -5.0584892e-06  -2.8607828e-07  -0.00011099937  -5.0599373e-06  2.7711913e-05  1.5609377e-05  0.00017049908  
-0.00014452630  0.00026829781  1.0304834e-05  0.00013304844  -0.00079155724  8.3102808e-05  -0.00078347660  0.0010775845  -0.00084244585  0.0000000   0.00011471937  0.0010761191  0.00027919220  0.0010428034  0.00014123012  -2.8309186e-05  -4.1423568e-05  1.7599084e-05  0.00013064611  -0.00022724477  0.00034432707  4.6318152e-05  -3.6809432e-06  4.5000576e-05  -0.00011791537  5.8530431e-07  0.00018644850  -2.9923898e-06  9.9394446e-06  -1.9310229e-05  -3.5774267e-05  -0.00014452630  0.00026829781  1.0304834e-05  0.00013304844  -0.00079155724  8.3102808e-05  -0.00078347660  0.0010775845  -0.00084244585  0.0000000   0.00011471937  0.0010761191  0.00027919220  0.0010428034  0.00014123012  -2.8309186e-05  -4.1423568e-05  1.7599084e-05  0.00013064611  -0.00022724477  0.00034432707  4.6318152e-05  -3.6809432e-06  4.5000576e-05  -0.00011791537  5.8530431e-07  0.00018644850  -2.9923898e-06  9.9394446e-06  -1.9310229e-05  -3.5774267e-05  
4.3505236e-06  -3.6152736e-05  -1.0407460e-05  0.00018985310  -0.00073121384  -1.5735359e-05  -0.00091021301  -0.00037133299  -0.0019003792  -0.00011471937  0.0000000   -0.0066783735  0.0020666773  -0.00055860870  0.00040409071  4.6855906e-05  0.00025143322  -3.2895061e-05  -0.00045511026  -1.8520675e-05  -0.00071274506  -0.00012102594  -3.9586883e-05  1.8480348e-05  -8.2121061e-05  -1.4554975e-05  7.3104587e-05  3.7987464e-05  -0.00016178510  3.4833952e-05  0.00024753603  4.3505236e-06  -3.6152736e-05  -1.0407460e-05  0.00018985310  -0.00073121384  -1.5735359e-05  -0.00091021301  -0.00037133299  -0.0019003792  -0.00011471937  0.0000000   -0.0066783735  0.0020666773  -0.00055860870  0.00040409071  4.6855906e-05  0.00025143322  -3.2895061e-05  -0.00045511026  -1.8520675e-05  -0.00071274506  -0.00012102594  -3.9586883e-05  1.8480348e-05  -8.2121061e-05  -1.4554975e-05  7.3104587e-05  3.7987464e-05  -0.00016178510  3.4833952e-05  0.00024753603  
0.00016360881  -0.00020825529  7.5178306e-06  -4.8912231e-05  1.1402337e-05  -4.5168682e-05  0.00017361326  6.1462716e-05  0.0011913687  -0.0010761191  0.0066783735  0.0000000   -0.0012566019  0.00091339562  -0.00010818703  2.5905805e-05  0.00047647568  -5.0148877e-05  0.00023345937  0.00019307846  0.00023443574  7.6301064e-05  -5.0270085e-06  8.4312502e-05  -0.00027390600  7.9376114e-06  0.00026627482  7.2420545e-06  0.00023381116  -6.1050468e-05  -0.00011646078  0.00016360881  -0.00020825529  7.5178306e-06  -4.8912231e-05  1.1402337e-05  -4.5168682e-05  0.00017361326  6.1462716e-05  0.0011913687  -0.0010761191  0.0066783735  0.0000000   -0.0012566019  0.00091339562  -0.00010818703  2.5905805e-05  0.00047647568  -5.0148877e-05  0.00023345937  0.00019307846  0.00023443574  7.6301064e-05  -5.0270085e-06  8.4312502e-05  -0.00027390600  7.9376114e-06  0.00026627482  7.2420545e-06  0.00023381116  -6.1050468e-05  -0.00011646078  
-0.00018498082  0.00014359526  9.8848144e-06  -0.00022617639  -0.00018226683  7.6230076e-05  0.00037929996  0.00032996828  -0.00076433250  -0.00027919220  -0.0020666773  0.0012566019  0.0000000   0.0020301595  0.00065320868  3.5582223e-05  0.0011052488  6.2880599e-08  0.00026509425  -0.00061311789  3.6258650e-06  -7.4115045e-05  5.4551552e-05  -1.4979595e-05  0.00023181881  2.6226313e-05  0.00013760202  2.2305181e-05  0.00016643253  -3.8755082e-05  -0.00014287695  -0.00018498082  0.00014359526  9.8848144e-06  -0.00022617639  -0.00018226683  7.6230076e-05  0.00037929996  0.00032996828  -0.00076433250  -0.00027919220  -0.0020666773  0.0012566019  0.0000000   0.0020301595  0.00065320868  3.5582223e-05  0.0011052488  6.2880599e-08  0.00026509425  -0.00061311789  3.6258650e-06  -7.4115045e-05  5.4551552e-05  -1.4979595e-05  0.00023181881  2.6226313e-05  0.00013760202  2.2305181e-05  0.00016643253  -3.8755082e-05  -0.00014287695  
4.6248019e-06  0.00010382947  -1.2140304e-05  -0.00012364167  -5.0735679e-05  -3.0739833e-07  -8.7554647e-05  9.1849441e-05  -0.00044670480  -0.0010428034  0.00055860870  -0.00091339562  -0.0020301595  0.0000000   -0.00045279498  0.00012702480  -3.8130170e-05  8.5919454e-06  -0.00037980721  -0.00053287530  0.00053082787  9.2201148e-05  -3.8102269e-05  1.5198814e-05  0.00019743375  6.3264555e-06  -5.5248086e-05  -1.4815533e-05  9.5270759e-05  -1.6205565e-05  -5.0359783e-05  4.6248019e-06  0.00010382947  -1.2140304e-05  -0.00012364167  -5.0735679e-05  -3.0739833e-07  -8.7554647e-05  9.1849441e-05  -0.00044670480  -0.0010428034  0.00055860870  -0.00091339562  -0.0020301595  0.0000000   -0.00045279498  0.00012702480  -3.8130170e-05  8.5919454e-06  -0.00037980721  -0.00053287530  0.00053082787  9.2201148e-05  -3.8102269e-05  1.5198814e-05  0.00019743375  6.3264555e-06  -5.5248086e-05  -1.4815533e-05  9.5270759e-05  -1.6205565e-05  -5.0359783e-05  
6.0756230e-05  9.3217230e-05  -4.0380188e-06  -0.00014930329  3.1417047e-05  1.0042546e-05  0.00030325331  0.00016612779  -0.00012423292  -0.00014123012  -0.00040409071  0.00010818703  -0.00065320868  0.00045279498  0.0000000   4.9626625e-05  0.00046041723  -4.0810251e-05  0.00027658095  -0.00033491991  -5.3497174e-05  -8.6207595e-05  1.9633773e-05  -1.8322410e-05  0.00044204874  1.4251764e-05  -8.4595249e-05  3.6142435e-06  0.00025994903  -6.2347016e-06  3.0895204e-05  6.0756230e-05  9.3217230e-05  -4.0380188e-06  -0.00014930329  3.1417047e-05  1.0042546e-05  0.00030325331  0.00016612779  -0.00012423292  -0.00014123012  -0.00040409071  0.00010818703  -0.00065320868  0.00045279498  0.0000000   4.9626625e-05  0.00046041723  -4.0810251e-05  0.00027658095  -0.00033491991  -5.3497174e-05  -8.6207595e-05  1.9633773e-05  -1.8322410e-05  0.00044204874  1.4251764e-05  -8.4595249e-05  3.6142435e-06  0.00025994903  -6.2347016e-06  3.0895204e-05  
-9.2708809e-06  2.9489755e-05  3.5889168e-05  1.6084133e-05  3.6919425e-05  9.3308250e-05  2.2740980e-06  -7.8976040e-05  3.8884898e-05  2.8309186e-05  -4.6855906e-05  -2.5905805e-05  -3.5582223e-05  -0.00012702480  -4.9626625e-05  0.0000000   -5.6818678e-05  -0.00013263282  -8.7458132e-05  9.7210622e-05  0.00015943666  -0.00074218595  0.00035604828  0.00020602110  -5.8440195e-05  0.00022113476  -2.5305810e-05  3.5764124e-05  -4.7574004e-05  -9.7913721e-05  2.8641489e-05  -9.2708809e-06  2.9489755e-05  3.5889168e-05  1.6084133e-05  3.6919425e-05  9.3308250e-05  2.2740980e-06  -7.8976040e-05  3.8884898e-05  2.8309186e-05  -4.6855906e-05  -2.5905805e-05  -3.5582223e-05  -0.00012702480  -4.9626625e-05  0.0000000   -5.6818678e-05  -0.00013263282  -8.7458132e-05  9.7210622e-05  0.00015943666  -0.00074218595  0.00035604828  0.00020602110  -5.8440195e-05  0.00022113476  -2.5305810e-05  3.5764124e-05  -4.7574004e-05  -9.7913721e-05  2.8641489e-05  
2.9933200e-06  0.00035807235  -1.6609393e-05  0.00013697690  0.00022704295  -7.4680511e-06  -2.3872105e-05  -0.00030264440  -0.00016605930  4.1423568e-05  -0.00025143322  -0.00047647568  -0.0011052488  3.8130170e-05  -0.00046041723  5.6818678e-05  0.0000000   -9.6754781e-06  -1.5466123e-05  -9.0384562e-05  -0.00086483790  -0.00016402235  -3.2353780e-05  3.8788210e-05  -0.00039105105  -2.4684519e-05  -0.00022096371  -2.0873753e-05  -8.7967155e-05  -5.9168658e-06  -2.6216750e-05  2.9933200e-06  0.00035807235  -1.6609393e-05  0.00013697690  0.00022704295  -7.4680511e-06  -2.3872105e-05  -0.00030264440  -0.00016605930  4.1423568e-05  -0.00025143322  -0.00047647568  -0.0011052488  3.8130170e-05  -0.00046041723  5.6818678e-05  0.0000000   -9.6754781e-06  -1.5466123e-05  -9.0384562e-05  -0.00086483790  -0.00016402235  -3.2353780e-05  3.8788210e-05  -0.00039105105  -2.4684519e-05  -0.00022096371  -2.0873753e-05  -8.7967155e-05  -5.9168658e-06  -2.6216750e-05  
-3.5368380e-05  -2.2597391e-05  -3.6367138e-06  9.5723431e-07  -1.6513864e-05  -0.00013424976  6.1453488e-05  6.5915977e-06  1.4853143e-05  -1.7599084e-05  3.2895061e-05  5.0148877e-05  -6.2880599e-08  -8.5919454e-06  4.0810251e-05  0.00013263282  9.6754781e-06  0.0000000   1.5030422e-06  -0.00047410760  5.6447097e-05  -0.0010009910  -0.00018014190  0.00061113255  -3.6462772e-05  2.1554933e-05  9.8722886e-05  -0.00028246108  3.4380935e-05  0.00015420008  -5.4396288e-05  -3.5368380e-05  -2.2597391e-05  -3.6367138e-06  9.5723431e-07  -1.6513864e-05  -0.00013424976  6.1453488e-05  6.5915977e-06  1.4853143e-05  -1.7599084e-05  3.2895061e-05  5.0148877e-05  -6.2880599e-08  -8.5919454e-06  4.0810251e-05  0.00013263282  9.6754781e-06  0.0000000   1.5030422e-06  -0.00047410760  5.6447097e-05  -0.0010009910  -0.00018014190  0.00061113255  -3.6462772e-05  2.1554933e-05  9.8722886e-05  -0.00028246108  3.4380935e-05  0.00015420008  -5.4396288e-05  
0.00020453768  3.7941006e-05  2.6102077e-05  -0.00011247498  0.00022121395  -1.5792967e-05  -0.00016796311  -6.8429212e-05  -0.00012434158  -0.00013064611  0.00045511026  -0.00023345937  -0.00026509425  0.00037980721  -0.00027658095  8.7458132e-05  1.5466123e-05  -1.5030422e-06  0.0000000   0.0039296055  0.0016630248  0.00053334566  5.8718140e-05  9.4654729e-06  0.00053791751  4.5942210e-05  -0.00035843213  -0.00010635708  -9.2370931e-05  -1.0172628e-05  -0.00019494674  0.00020453768  3.7941006e-05  2.6102077e-05  -0.00011247498  0.00022121395  -1.5792967e-05  -0.00016796311  -6.8429212e-05  -0.00012434158  -0.00013064611  0.00045511026  -0.00023345937  -0.00026509425  0.00037980721  -0.00027658095  8.7458132e-05  1.5466123e-05  -1.5030422e-06  0.0000000   0.0039296055  0.0016630248  0.00053334566  5.8718140e-05  9.4654729e-06  0.00053791751  4.5942210e-05  -0.00035843213  -0.00010635708  -9.2370931e-05  -1.0172628e-05  -0.00019494674  
1.4383057e-05  -4.6618328e-05  -1.7525602e-05  9.2227415e-05  0.00038481254  -9.5942410e-05  -0.00013460947  6.5563225e-05  7.8357707e-05  0.00022724477  1.8520675e-05  -0.00019307846  0.00061311789  0.00053287530  0.00033491991  -9.7210622e-05  9.0384562e-05  0.00047410760  -0.0039296055  0.0000000   -0.0052998944  -0.00097983234  4.0182684e-05  -2.3395559e-06  0.00086472678  -4.8433065e-05  -1.2919959e-05  7.5204130e-05  -0.00014620877  -0.00013780004  -0.00034323787  1.4383057e-05  -4.6618328e-05  -1.7525602e-05  9.2227415e-05  0.00038481254  -9.5942410e-05  -0.00013460947  6.5563225e-05  7.8357707e-05  0.00022724477  1.8520675e-05  -0.00019307846  0.00061311789  0.00053287530  0.00033491991  -9.7210622e-05  9.0384562e-05  0.00047410760  -0.0039296055  0.0000000   -0.0052998944  -0.00097983234  4.0182684e-05  -2.3395559e-06  0.00086472678  -4.8433065e-05  -1.2919959e-05  7.5204130e-05  -0.00014620877  -0.00013780004  -0.00034323787  
0.00018166979  0.00019902882  4.5301617e-06  7.6818784e-05  -0.00017269642  -2.4451649e-05  -0.00037392963  -7.9561645e-06  0.00022185509  -0.00034432707  0.00071274506  -0.00023443574  -3.6258650e-06  -0.00053082787  5.3497174e-05  -0.00015943666  0.00086483790  -5.6447097e-05  -0.0016630248  0.0052998944  0.0000000   0.00046229380  -8.9004207e-05  0.00023367566  -0.00087211600  -0.00023291865  0.00029916180  2.6810685e-05  -0.00032413964  5.2298447e-05  6.9297567e-05  0.00018166979  0.00019902882  4.5301617e-06  7.6818784e-05  -0.00017269642  -2.4451649e-05  -0.00037392963  -7.9561645e-06  0.00022185509  -0.00034432707  0.00071274506  -0.00023443574  -3.6258650e-06  -0.00053082787  5.3497174e-05  -0.00015943666  0.00086483790  -5.6447097e-05  -0.0016630248  0.0052998944  0.0000000   0.00046229380  -8.9004207e-05  0.00023367566  -0.00087211600  -0.00023291865  0.00029916180  2.6810685e-05  -0.00032413964  5.2298447e-05  6.9297567e-05  
3.0085014e-05  5.7998578e-05  6.1088592e-05  2.5837674e-05  -4.3275701e-05  -7.9696969e-05  -0.00010283314  9.1552222e-07  7.0636027e-05  -4.6318152e-05  0.00012102594  -7.6301064e-05  7.4115045e-05  -9.2201148e-05  8.6207595e-05  0.00074218595  0.00016402235  0.0010009910  -0.00053334566  0.00097983234  -0.00046229380  0.0000000   0.00047051781  -0.00095802084  -0.00024294774  0.00084690101  9.0576369e-05  -8.7607442e-05  -8.0484010e-05  -1.6192814e-05  2.3835166e-05  3.0085014e-05  5.7998578e-05  6.1088592e-05  2.5837674e-05  -4.3275701e-05  -7.9696969e-05  -0.00010283314  9.1552222e-07  7.0636027e-05  -4.6318152e-05  0.00012102594  -7.6301064e-05  7.4115045e-05  -9.2201148e-05  8.6207595e-05  0.00074218595  0.00016402235  0.0010009910  -0.00053334566  0.00097983234  -0.00046229380  0.0000000   0.00047051781  -0.00095802084  -0.00024294774  0.00084690101  9.0576369e-05  -8.7607442e-05  -8.0484010e-05  -1.6192814e-05  2.3835166e-05  
2.2292735e-05  1.6300344e-05  5.2913852e-05  -5.2251139e-06  -2.7003918e-05  -0.00017816834  -1.2246904e-05  -3.7132219e-05  2.5947323e-06  3.6809432e-06  3.9586883e-05  5.0270085e-06  -5.4551552e-05  3.8102269e-05  -1.9633773e-05  -0.00035604828  3.2353780e-05  0.00018014190  -5.8718140e-05  -4.0182684e-05  8.9004207e-05  -0.00047051781  0.0000000   -0.0039276347  -0.00010930229  -0.00017701134  -6.4409840e-05  0.00048235464  -1.9147011e-05  -6.1614459e-05  1.4892751e-05  2.2292735e-05  1.6300344e-05  5.2913852e-05  -5.2251139e-06  -2.7003918e-05  -0.00017816834  -1.2246904e-05  -3.7132219e-05  2.5947323e-06  3.6809432e-06  3.9586883e-05  5.0270085e-06  -5.4551552e-05  3.8102269e-05  -1.9633773e-05  -0.00035604828  3.2353780e-05  0.00018014190  -5.8718140e-05  -4.0182684e-05  8.9004207e-05  -0.00047051781  0.0000000   -0.0039276347  -0.00010930229  -0.00017701134  -6.4409840e-05  0.00048235464  -1.9147011e-05  -6.1614459e-05  1.4892751e-05  
2.5885789e-05  -3.1126786e-05  -1.7763874e-05  3.6598132e-05  -7.1801851e-06  0.00032941442  -4.0503617e-05  1.2899507e-05  7.5468261e-06  -4.5000576e-05  -1.8480348e-05  -8.4312502e-05  1.4979595e-05  -1.5198814e-05  1.8322410e-05  -0.00020602110  -3.8788210e-05  -0.00061113255  -9.4654729e-06  2.3395559e-06  -0.00023367566  0.00095802084  0.0039276347  0.0000000   -0.00011837411  0.00072972800  -1.9713897e-05  -0.00014472140  -1.0245900e-06  -1.8586212e-05  4.7657918e-05  2.5885789e-05  -3.1126786e-05  -1.7763874e-05  3.6598132e-05  -7.1801851e-06  0.00032941442  -4.0503617e-05  1.2899507e-05  7.5468261e-06  -4.5000576e-05  -1.8480348e-05  -8.4312502e-05  1.4979595e-05  -1.5198814e-05  1.8322410e-05  -0.00020602110  -3.8788210e-05  -0.00061113255  -9.4654729e-06  2.3395559e-06  -0.00023367566  0.00095802084  0.0039276347  0.0000000   -0.00011837411  0.00072972800  -1.9713897e-05  -0.00014472140  -1.0245900e-06  -1.8586212e-05  4.7657918e-05  
0.00011484277  -0.00016402165  -5.3830798e-06  -3.3870171e-05  0.00020942720  8.3070223e-06  0.00016989285  -0.00010884835  5.0584892e-06  0.00011791537  8.2121061e-05  0.00027390600  -0.00023181881  -0.00019743375  -0.00044204874  5.8440195e-05  0.00039105105  3.6462772e-05  -0.00053791751  -0.00086472678  0.00087211600  0.00024294774  0.00010930229  0.00011837411  0.0000000   4.4375969e-05  0.00028602325  -1.4721046e-07  -0.00040346489  -8.4726310e-05  -0.00050217874  0.00011484277  -0.00016402165  -5.3830798e-06  -3.3870171e-05  0.00020942720  8.3070223e-06  0.00016989285  -0.00010884835  5.0584892e-06  0.00011791537  8.2121061e-05  0.00027390600  -0.00023181881  -0.00019743375  -0.00044204874  5.8440195e-05  0.00039105105  3.6462772e-05  -0.00053791751  -0.00086472678  0.00087211600  0.00024294774  0.00010930229  0.00011837411  0.0000000   4.4375969e-05  0.00028602325  -1.4721046e-07  -0.00040346489  -8.4726310e-05  -0.00050217874  
-3.9407276e-06  -7.2432682e-07  -5.5453146e-05  1.3731760e-06  3.2646822e-05  9.7929364e-05  1.2185668e-05  -6.4602788e-07  2.8607828e-07  -5.8530431e-07  1.4554975e-05  -7.9376114e-06  -2.6226313e-05  -6.3264555e-06  -1.4251764e-05  -0.00022113476  2.4684519e-05  -2.1554933e-05  -4.5942210e-05  4.8433065e-05  0.00023291865  -0.00084690101  0.00017701134  -0.00072972800  -4.4375969e-05  0.0000000   3.9900493e-06  0.00014816311  -2.7290089e-05  -4.6281616e-05  -9.1735707e-05  -3.9407276e-06  -7.2432682e-07  -5.5453146e-05  1.3731760e-06  3.2646822e-05  9.7929364e-05  1.2185668e-05  -6.4602788e-07  2.8607828e-07  -5.8530431e-07  1.4554975e-05  -7.9376114e-06  -2.6226313e-05  -6.3264555e-06  -1.4251764e-05  -0.00022113476  2.4684519e-05  -2.1554933e-05  -4.5942210e-05  4.8433065e-05  0.00023291865  -0.00084690101  0.00017701134  -0.00072972800  -4.4375969e-05  0.0000000   3.9900493e-06  0.00014816311  -2.7290089e-05  -4.6281616e-05  -9.1735707e-05  
-0.00010685447  8.5338608e-05  -3.0546566e-07  -5.1527112e-06  0.00013036010  1.9069774e-05  4.8000737e-05  -3.5537932e-05  0.00011099937  -0.00018644850  -7.3104587e-05  -0.00026627482  -0.00013760202  5.5248086e-05  8.4595249e-05  2.5305810e-05  0.00022096371  -9.8722886e-05  0.00035843213  1.2919959e-05  -0.00029916180  -9.0576369e-05  6.4409840e-05  1.9713897e-05  -0.00028602325  -3.9900493e-06  0.0000000   2.5522224e-05  0.00091688334  -0.00019956811  -9.8570370e-05  -0.00010685447  8.5338608e-05  -3.0546566e-07  -5.1527112e-06  0.00013036010  1.9069774e-05  4.8000737e-05  -3.5537932e-05  0.00011099937  -0.00018644850  -7.3104587e-05  -0.00026627482  -0.00013760202  5.5248086e-05  8.4595249e-05  2.5305810e-05  0.00022096371  -9.8722886e-05  0.00035843213  1.2919959e-05  -0.00029916180  -9.0576369e-05  6.4409840e-05  1.9713897e-05  -0.00028602325  -3.9900493e-06  0.0000000   2.5522224e-05  0.00091688334  -0.00019956811  -9.8570370e-05  
-2.3173826e-05  3.9824349e-05  2.2251910e-05  -1.2372810e-05  1.4171030e-05  -0.00013189795  1.2260856e-05  -1.2269794e-05  5.0599373e-06  2.9923898e-06  -3.7987464e-05  -7.2420545e-06  -2.2305181e-05  1.4815533e-05  -3.6142435e-06  -3.5764124e-05  2.0873753e-05  0.00028246108  0.00010635708  -7.5204130e-05  -2.6810685e-05  8.7607442e-05  -0.00048235464  0.00014472140  1.4721046e-07  -0.00014816311  -2.5522224e-05  0.0000000   7.7769194e-05  0.00026197137  -0.00019703790  -2.3173826e-05  3.9824349e-05  2.2251910e-05  -1.2372810e-05  1.4171030e-05  -0.00013189795  1.2260856e-05  -1.2269794e-05  5.0599373e-06  2.9923898e-06  -3.7987464e-05  -7.2420545e-06  -2.2305181e-05  1.4815533e-05  -3.6142435e-06  -3.5764124e-05  2.0873753e-05  0.00028246108  0.00010635708  -7.5204130e-05  -2.6810685e-05  8.7607442e-05  -0.00048235464  0.00014472140  1.4721046e-07  -0.00014816311  -2.5522224e-05  0.0000000   7.7769194e-05  0.00026197137  -0.00019703790  
6.8281103e-05  1.4216167e-05  -6.9462493e-06  6.9408642e-05  -2.9839907e-06  3.6828239e-07  2.0165347e-05  -5.9892988e-05  -2.7711913e-05  -9.9394446e-06  0.00016178510  -0.00023381116  -0.00016643253  -9.5270759e-05  -0.00025994903  4.7574004e-05  8.7967155e-05  -3.4380935e-05  9.2370931e-05  0.00014620877  0.00032413964  8.0484010e-05  1.9147011e-05  1.0245900e-06  0.00040346489  2.7290089e-05  -0.00091688334  -7.7769194e-05  0.0000000   -0.00075808011  -0.0030846474  6.8281103e-05  1.4216167e-05  -6.9462493e-06  6.9408642e-05  -2.9839907e-06  3.6828239e-07  2.0165347e-05  -5.9892988e-05  -2.7711913e-05  -9.9394446e-06  0.00016178510  -0.00023381116  -0.00016643253  -9.5270759e-05  -0.00025994903  4.7574004e-05  8.7967155e-05  -3.4380935e-05  9.2370931e-05  0.00014620877  0.00032413964  8.0484010e-05  1.9147011e-05  1.0245900e-06  0.00040346489  2.7290089e-05  -0.00091688334  -7.7769194e-05  0.0000000   -0.00075808011  -0.0030846474  
-1.8725276e-05  -2.7012204e-06  4.1285278e-05  -1.3472219e-05  -2.8108755e-05  0.00010830925  3.4306535e-05  7.4608771e-06  -1.5609377e-05  1.9310229e-05  -3.4833952e-05  6.1050468e-05  3.8755082e-05  1.6205565e-05  6.2347016e-06  9.7913721e-05  5.9168658e-06  -0.00015420008  1.0172628e-05  0.00013780004  -5.2298447e-05  1.6192814e-05  6.1614459e-05  1.8586212e-05  8.4726310e-05  4.6281616e-05  0.00019956811  -0.00026197137  0.00075808011  0.0000000   -0.00014390198  -1.8725276e-05  -2.7012204e-06  4.1285278e-05  -1.3472219e-05  -2.8108755e-05  0.00010830925  3.4306535e-05  7.4608771e-06  -1.5609377e-05  1.9310229e-05  -3.4833952e-05  6.1050468e-05  3.8755082e-05  1.6205565e-05  6.2347016e-06  9.7913721e-05  5.9168658e-06  -0.00015420008  1.0172628e-05  0.00013780004  -5.2298447e-05  1.6192814e-05  6.1614459e-05  1.8586212e-05  8.4726310e-05  4.6281616e-05  0.00019956811  -0.00026197137  0.00075808011  0.0000000   -0.00014390198  
-6.7083671e-05  -2.3268991e-05  5.6997846e-07  -3.0733455e-05  -0.00017412808  3.0694179e-06  6.3026376e-05  1.4762798e-05  -0.00017049908  3.5774267e-05  -0.00024753603  0.00011646078  0.00014287695  5.0359783e-05  -3.0895204e-05  -2.8641489e-05  2.6216750e-05  5.4396288e-05  0.00019494674  0.00034323787  -6.9297567e-05  -2.3835166e-05  -1.4892751e-05  -4.7657918e-05  0.00050217874  9.1735707e-05  9.8570370e-05  0.00019703790  0.0030846474  0.00014390198  0.0000000   -6.7083671e-05  -2.3268991e-05  5.6997846e-07  -3.0733455e-05  -0.00017412808  3.0694179e-06  6.3026376e-05  1.4762798e-05  -0.00017049908  3.5774267e-05  -0.00024753603  0.00011646078  0.00014287695  5.0359783e-05  -3.0895204e-05  -2.8641489e-05  2.6216750e-05  5.4396288e-05  0.00019494674  0.00034323787  -6.9297567e-05  -2.3835166e-05  -1.4892751e-05  -4.7657918e-05  0.00050217874  9.1735707e-05  9.8570370e-05  0.00019703790  0.0030846474  0.00014390198  0.0000000   
0.0000000   -0.0025239768  2.5148832e-05  0.00017074212  0.0017927215  -0.00016256726  0.00036911274  0.00011261419  0.00015585225  0.00014452630  -4.3505236e-06  -0.00016360881  0.00018498082  -4.6248019e-06  -6.0756230e-05  9.2708809e-06  -2.9933200e-06  3.5368380e-05  -0.00020453768  -1.4383057e-05  -0.00018166979  -3.0085014e-05  -2.2292735e-05  -2.5885789e-05  -0.00011484277  3.9407276e-06  0.00010685447  2.3173826e-05  -6.8281103e-05  1.8725276e-05  6.7083671e-05  0.0000000   -0.0025239768  2.5148832e-05  0.00017074212  0.0017927215  -0.00016256726  0.00036911274  0.00011261419  0.00015585225  0.00014452630  -4.3505236e-06  -0.00016360881  0.00018498082  -4.6248019e-06  -6.0756230e-05  9.2708809e-06  -2.9933200e-06  3.5368380e-05  -0.00020453768  -1.4383057e-05  -0.00018166979  -3.0085014e-05  -2.2292735e-05  -2.5885789e-05  -0.00011484277  3.9407276e-06  0.00010685447  2.3173826e-05  -6.8281103e-05  1.8725276e-05  6.7083671e-05  
0.0025239768  0.0000000   -0.00014784150  0.00096493197  -0.0043676657  4.7992973e-05  -0.00055880318  6.4904655e-05  -0.00065162589  -0.00026829781  3.6152736e-05  0.00020825529  -0.00014359526  -0.00010382947  -9.3217230e-05  -2.9489755e-05  -0.00035807235  2.2597391e-05  -3.7941006e-05  4.6618328e-05  -0.00019902882  -5.7998578e-05  -1.6300344e-05  3.1126786e-05  0.00016402165  7.2432682e-07  -8.5338608e-05  -3.9824349e-05  -1.4216167e-05  2.7012204e-06  2.3268991e-05  0.0025239768  0.0000000   -0.00014784150  0.00096493197  -0.0043676657  4.7992973e-05  -0.00055880318  6.4904655e-05  -0.00065162589  -0.00026829781  3.6152736e-05  0.00020825529  -0.00014359526  -0.00010382947  -9.3217230e-05  -2.9489755e-05  -0.00035807235  2.2597391e-05  -3.7941006e-05  4.6618328e-05  -0.00019902882  -5.7998578e-05  -1.6300344e-05  3.1126786e-05  0.00016402165  7.2432682e-07  -8.5338608e-05  -3.9824349e-05  -1.4216167e-05  2.7012204e-06  2.3268991e-05  
-2.5148832e-05  0.00014784150  0.0000000   -2.0180758e-05  -3.3203401e-05  -1.0277122e-05  -3.8848051e-05  -1.9717658e-06  -9.0189103e-06  -1.0304834e-05  1.0407460e-05  -7.5178306e-06  -9.8848144e-06  1.2140304e-05  4.0380188e-06  -3.5889168e-05  1.6609393e-05  3.6367138e-06  -2.6102077e-05  1.7525602e-05  -4.5301617e-06  -6.1088592e-05  -5.2913852e-05  1.7763874e-05  5.3830798e-06  5.5453146e-05  3.0546566e-07  -2.2251910e-05  6.9462493e-06  -4.1285278e-05  -5.6997846e-07  -2.5148832e-05  0.00014784150  0.0000000   -2.0180758e-05  -3.3203401e-05  -1.0277122e-05  -3.8848051e-05  -1.9717658e-06  -9.0189103e-06  -1.0304834e-05  1.0407460e-05  -7.5178306e-06  -9.8848144e-06  1.2140304e-05  4.0380188e-06  -3.5889168e-05  1.6609393e-05  3.6367138e-06  -2.6102077e-05  1.7525602e-05  -4.5301617e-06  -6.1088592e-05  -5.2913852e-05  1.7763874e-05  5.3830798e-06  5.5453146e-05  3.0546566e-07  -2.2251910e-05  6.9462493e-06  -4.1285278e-05  -5.6997846e-07  
-0.00017074212  -0.00096493197  2.0180758e-05  0.0000000   2.9389104e-05  -2.2286953e-05  0.0010890283  -0.00016096614  -0.00010940533  -0.00013304844  -0.00018985310  4.8912231e-05  0.00022617639  0.00012364167  0.00014930329  -1.6084133e-05  -0.00013697690  -9.5723431e-07  0.00011247498  -9.2227415e-05  -7.6818784e-05  -2.5837674e-05  5.2251139e-06  -3.6598132e-05  3.3870171e-05  -1.3731760e-06  5.1527112e-06  1.2372810e-05  -6.9408642e-05  1.3472219e-05  3.0733455e-05  -0.00017074212  -0.00096493197  2.0180758e-05  0.0000000   2.9389104e-05  -2.2286953e-05  0.0010890283  -0.00016096614  -0.00010940533  -0.00013304844  -0.00018985310  4.8912231e-05  0.00022617639  0.00012364167  0.00014930329  -1.6084133e-05  -0.00013697690  -9.5723431e-07  0.00011247498  -9.2227415e-05  -7.6818784e-05  -2.5837674e-05  5.2251139e-06  -3.6598132e-05  3.3870171e-05  -1.3731760e-06  5.1527112e-06  1.2372810e-05  -6.9408642e-05  1.3472219e-05  3.0733455e-05  
-0.0017927215  0.0043676657  3.3203401e-05  -2.9389104e-05  0.0000000   0.00019148930  -0.00064026709  -0.00044905970  -0.00019021659  0.00079155724  0.00073121384  -1.1402337e-05  0.00018226683  5.0735679e-05  -3.1417047e-05  -3.6919425e-05  -0.00022704295  1.6513864e-05  -0.00022121395  -0.00038481254  0.00017269642  4.3275701e-05  2.7003918e-05  7.1801851e-06  -0.00020942720  -3.2646822e-05  -0.00013036010  -1.4171030e-05  2.9839907e-06  2.8108755e-05  0.00017412808  -0.0017927215  0.0043676657  3.3203401e-05  -2.9389104e-05  0.0000000   0.00019148930  -0.00064026709  -0.00044905970  -0.00019021659  0.00079155724  0.00073121384  -1.1402337e-05  0.00018226683  5.0735679e-05  -3.1417047e-05  -3.6919425e-05  -0.00022704295  1.6513864e-05  -0.00022121395  -0.00038481254  0.00017269642  4.3275701e-05  2.7003918e-05  7.1801851e-06  -0.00020942720  -3.2646822e-05  -0.00013036010  -1.4171030e-05  2.9839907e-06  2.8108755e-05  0.00017412808  
0.00016256726  -4.7992973e-05  1.0277122e-05  2.2286953e-05  -0.00019148930  0.0000000   -5.7117823e-05  2.5360554e-05  -3.2702434e-07  -8.3102808e-05  1.5735359e-05  4.5168682e-05  -7.6230076e-05  3.0739833e-07  -1.0042546e-05  -9.3308250e-05  7.4680511e-06  0.00013424976  1.5792967e-05  9.5942410e-05  2.4451649e-05  7.9696969e-05  0.00017816834  -0.00032941442  -8.3070223e-06  -9.7929364e-05  -1.9069774e-05  0.00013189795  -3.6828239e-07  -0.00010830925  -3.0694179e-06  0.00016256726  -4.7992973e-05  1.0277122e-05  2.2286953e-05  -0.00019148930  0.0000000   -5.7117823e-05  2.5360554e-05  -3.2702434e-07  -8.3102808e-05  1.5735359e-05  4.5168682e-05  -7.6230076e-05  3.0739833e-07  -1.0042546e-05  -9.3308250e-05  7.4680511e-06  0.00013424976  1.5792967e-05  9.5942410e-05  2.4451649e-05  7.9696969e-05  0.00017816834  -0.00032941442  -8.3070223e-06  -9.7929364e-05  -1.9069774e-05  0.00013189795  -3.6828239e-07  -0.00010830925  -3.0694179e-06  
-0.00036911274  0.00055880318  3.8848051e-05  -0.0010890283  0.00064026709  5.7117823e-05  0.0000000   -0.0011368590  0.0013759473  0.00078347660  0.00091021301  -0.00017361326  -0.00037929996  8.7554647e-05  -0.00030325331  -2.2740980e-06  2.3872105e-05  -6.1453488e-05  0.00016796311  0.00013460947  0.00037392963  0.00010283314  1.2246904e-05  4.0503617e-05  -0.00016989285  -1.2185668e-05  -4.8000737e-05  -1.2260856e-05  -2.0165347e-05  -3.4306535e-05  -6.3026376e-05  -0.00036911274  0.00055880318  3.8848051e-05  -0.0010890283  0.00064026709  5.7117823e-05  0.0000000   -0.0011368590  0.0013759473  0.00078347660  0.00091021301  -0.00017361326  -0.00037929996  8.7554647e-05  -0.00030325331  -2.2740980e-06  2.3872105e-05  -6.1453488e-05  0.00016796311  0.00013460947  0.00037392963  0.00010283314  1.2246904e-05  4.0503617e-05  -0.00016989285  -1.2185668e-05  -4.8000737e-05  -1.2260856e-05  -2.0165347e-05  -3.4306535e-05  -6.3026376e-05  
-0.00011261419  -6.4904655e-05  1.9717658e-06  0.00016096614  0.00044905970  -2.5360554e-05  0.0011368590  0.0000000   -0.0012709549  -0.0010775845  0.00037133299  -6.1462716e-05  -0.00032996828  -9.1849441e-05  -0.00016612779  7.8976040e-05  0.00030264440  -6.5915977e-06  6.8429212e-05  -6.5563225e-05  7.9561645e-06  -9.1552222e-07  3.7132219e-05  -1.2899507e-05  0.00010884835  6.4602788e-07  3.5537932e-05  1.2269794e-05  5.9892988e-05  -7.4608771e-06  -1.4762798e-05  -0.00011261419  -6.4904655e-05  1.9717658e-06  0.00016096614  0.00044905970  -2.5360554e-05  0.0011368590  0.0000000   -0.0012709549  -0.0010775845  0.00037133299  -6.1462716e-05  -0.00032996828  -9.1849441e-05  -0.00016612779  7.8976040e-05  0.00030264440  -6.5915977e-06  6.8429212e-05  -6.5563225e-05  7.9561645e-06  -9.1552222e-07  3.7132219e-05  -1.2899507e-05  0.00010884835  6.4602788e-07  3.5537932e-05  1.2269794e-05  5.9892988e-05  -7.4608771e-06  -1.4762798e-05  
-0.00015585225  0.00065162589  9.0189103e-06  0.00010940533  0.00019021659  3.2702434e-07  -0.0013759473  0.0012709549  0.0000000   0.00084244585  0.0019003792  -0.0011913687  0.00076433250  0.00044670480  0.00012423292  -3.8884898e-05  0.00016605930  -1.4853143e-05  0.00012434158  -7.8357707e-05  -0.00022185509  -7.0636027e-05  -2.5947323e-06  -7.5468261e-06  -5.0584892e-06  -2.8607828e-07  -0.00011099937  -5.0599373e-06  2.7711913e-05  1.5609377e-05  0.00017049908  -0.00015585225  0.00065162589  9.0189103e-06  0.00010940533  0.00019021659  3.2702434e-07  -0.0013759473  0.0012709549  0.0000000   0.00084244585  0.0019003792  -0.0011913687  0.00076433250  0.00044670480  0.00012423292  -3.8884898e-05  0.00016605930  -1.4853143e-05  0.00012434158  -7.8357707e-05  -0.00022185509  -7.0636027e-05  -2.5947323e-06  -7.5468261e-06  -5.0584892e-06  -2.8607828e-07  -0.00011099937  -5.0599373e-06  2.7711913e-05  1.5609377e-05  0.00017049908  
-0.00014452630  0.00026829781  1.0304834e-05  0.00013304844  -0.00079155724  8.3102808e-05  -0.00078347660  0.0010775845  -0.00084244585  0.0000000   0.00011471937  0.0010761191  0.00027919220  0.0010428034  0.00014123012  -2.8309186e-05  -4.1423568e-05  1.7599084e-05  0.00013064611  -0.00022724477  0.00034432707  4.6318152e-05  -3.6809432e-06  4.5000576e-05  -0.00011791537  5.8530431e-07  0.00018644850  -2.9923898e-06  9.9394446e-06  -1.9310229e-05  -3.5774267e-05  -0.00014452630  0.00026829781  1.0304834e-05  0.00013304844  -0.00079155724  8.3102808e-05  -0.00078347660  0.0010775845  -0.00084244585  0.0000000   0.00011471937  0.0010761191  0.00027919220  0.0010428034  0.00014123012  -2.8309186e-05  -4.1423568e-05  1.7599084e-05  0.00013064611  -0.00022724477  0.00034432707  4.6318152e-05  -3.6809432e-06  4.5000576e-05  -0.00011791537  5.8530431e-07  0.00018644850  -2.9923898e-06  9.9394446e-06  -1.9310229e-05  -3.5774267e-05  
4.3505236e-06  -3.6152736e-05  -1.0407460e-05  0.00018985310  -0.00073121384  -1.5735359e-05  -0.00091021301  -0.00037133299  -0.0019003792  -0.00011471937  0.0000000   -0.0066783735  0.0020666773  -0.00055860870  0.00040409071  4.6855906e-05  0.00025143322  -3.2895061e-05  -0.00045511026  -1.8520675e-05  -0.00071274506  -0.00012102594  -3.9586883e-05  1.8480348e-05  -8.2121061e-05  -1.4554975e-05  7.3104587e-05  3.7987464e-05  -0.00016178510  3.4833952e-05  0.00024753603  4.3505236e-06  -3.6152736e-05  -1.0407460e-05  0.00018985310  -0.00073121384  -1.5735359e-05  -0.00091021301  -0.00037133299  -0.0019003792  -0.00011471937  0.0000000   -0.0066783735  0.0020666773  -0.00055860870  0.00040409071  4.6855906e-05  0.00025143322  -3.2895061e-05  -0.00045511026  -1.8520675e-05  -0.00071274506  -0.00012102594  -3.9586883e-05  1.8480348e-05  -8.2121061e-05  -1.4554975e-05  7.3104587e-05  3.7987464e-05  -0.00016178510  3.4833952e-05  0.00024753603  
