0.0000000   -0.00029207607  0.00020743366  0.00029527771  0.00028549948  0.00010518233  0.00019411757  -1.0063199e-05  -0.00061623467  -0.00049829312  -2.3060398e-05  -1.0798507e-05  2.4249189e-05  3.7760832e-05  3.8145019e-05  2.7885855e-05  1.3382569e-05  4.8164140e-05  -1.5776276e-06  -2.0368389e-06  -0.00014190261  -5.2112956e-05  -3.5980972e-06  1.0359608e-05  4.0378529e-05  -2.2880636e-05  1.7742533e-06  -0.00020029449  -0.00017158343  -3.6390111e-05  -0.00010245245  0.0000000   -0.00029207607  0.00020743366  0.00029527771  0.00028549948  0.00010518233  0.00019411757  -1.0063199e-05  -0.00061623467  -0.00049829312  -2.3060398e-05  -1.0798507e-05  2.4249189e-05  3.7760832e-05  3.8145019e-05  2.7885855e-05  1.3382569e-05  4.8164140e-05  -1.5776276e-06  -2.0368389e-06  -0.00014190261  -5.2112956e-05  -3.5980972e-06  1.0359608e-05  4.0378529e-05  -2.2880636e-05  1.7742533e-06  -0.00020029449  -0.00017158343  -3.6390111e-05  -0.00010245245  
0.00029207607  0.0000000   -0.0016940933  9.3267745e-06  -0.00053461749  -4.1880006e-05  -0.00031967012  3.5252502e-05  0.00035471798  -0.00018587596  1.0007246e-05  5.2259651e-05  6.8207091e-06  -2.9285362e-05  8.1447615e-05  0.00015824072  -0.00019076267  0.00018759759  -1.3697873e-05  0.00012331898  -0.00011300954  -0.00018111011  1.5754120e-05  -9.8694913e-06  4.8027526e-05  3.1244877e-06  -1.3785011e-06  9.5149717e-05  7.2410078e-05  5.3285541e-05  -0.00010623504  0.00029207607  0.0000000   -0.0016940933  9.3267745e-06  -0.00053461749  -4.1880006e-05  -0.00031967012  3.5252502e-05  0.00035471798  -0.00018587596  1.0007246e-05  5.2259651e-05  6.8207091e-06  -2.9285362e-05  8.1447615e-05  0.00015824072  -0.00019076267  0.00018759759  -1.3697873e-05  0.00012331898  -0.00011300954  -0.00018111011  1.5754120e-05  -9.8694913e-06  4.8027526e-05  3.1244877e-06  -1.3785011e-06  9.5149717e-05  7.2410078e-05  5.3285541e-05  -0.00010623504  
-0.00020743366  0.0016940933  0.0000000   0.0049110020  -0.0043360999  -0.00058731681  0.0020590048  -0.00041807942  -5.9295702e-05  -0.00030831049  3.1731685e-05  -1.6723387e-05  -1.9319379e-05  -1.0242180e-05  0.00010388446  3.3413502e-05  -3.4738445e-09  7.8133973e-05  -4.2128490e-05  -0.00012225430  -8.0605312e-05  0.00023024817  -1.6874970e-05  -2.4651289e-05  -1.5403573e-05  -2.7280844e-05  1.2477150e-05  1.4510943e-05  -2.5034856e-05  -2.8353619e-05  -2.4712880e-05  -0.00020743366  0.0016940933  0.0000000   0.0049110020  -0.0043360999  -0.00058731681  0.0020590048  -0.00041807942  -5.9295702e-05  -0.00030831049  3.1731685e-05  -1.6723387e-05  -1.9319379e-05  -1.0242180e-05  0.00010388446  3.3413502e-05  -3.4738445e-09  7.8133973e-05  -4.2128490e-05  -0.00012225430  -8.0605312e-05  0.00023024817  -1.6874970e-05  -2.4651289e-05  -1.5403573e-05  -2.7280844e-05  1.2477150e-05  1.4510943e-05  -2.5034856e-05  -2.8353619e-05  -2.4712880e-05  
-0.00029527771  -9.3267745e-06  -0.0049110020  0.0000000   -0.0079465798  -0.00066687469  -0.00092066617  -5.7981640e-05  0.00017879465  0.00012981244  8.5694169e-05  7.7966171e-05  4.1754506e-05  -2.4777980e-05  -4.2516567e-05  0.00013984443  0.00037264005  -0.00014377576  -2.1767679e-05  0.00015666363  -9.5797196e-05  0.00011776538  2.4659327e-05  -2.5851208e-05  3.7034603e-05  -1.9296280e-05  7.5143767e-07  1.8665948e-06  2.3532677e-05  3.3439076e-05  -0.00014406572  -0.00029527771  -9.3267745e-06  -0.0049110020  0.0000000   -0.0079465798  -0.00066687469  -0.00092066617  -5.7981640e-05  0.00017879465  0.00012981244  8.5694169e-05  7.7966171e-05  4.1754506e-05  -2.4777980e-05  -4.2516567e-05  0.00013984443  0.00037264005  -0.00014377576  -2.1767679e-05  0.00015666363  -9.5797196e-05  0.00011776538  2.4659327e-05  -2.5851208e-05  3.7034603e-05  -1.9296280e-05  7.5143767e-07  1.8665948e-06  2.3532677e-05  3.3439076e-05  -0.00014406572  
-0.00028549948  0.00053461749  0.0043360999  0.0079465798  0.0000000   -0.00068629837  -0.0015877396  0.00070490868  -0.0011617568  0.00029525443  9.6256966e-05  -2.5953675e-06  9.6801570e-05  -4.6231112e-05  -1.3439485e-05  -0.00018247826  -0.00016976828  2.3530973e-05  2.1302858e-05  8.3483256e-06  -3.5638989e-06  -6.5290011e-05  -2.5005633e-05  -1.4424001e-05  -0.00011719895  5.2123587e-06  -1.2914807e-05  5.3103702e-05  0.00011230432  7.2175416e-05  0.00013976031  -0.00028549948  0.00053461749  0.0043360999  0.0079465798  0.0000000   -0.00068629837  -0.0015877396  0.00070490868  -0.0011617568  0.00029525443  9.6256966e-05  -2.5953675e-06  9.6801570e-05  -4.6231112e-05  -1.3439485e-05  -0.00018247826  -0.00016976828  2.3530973e-05  2.1302858e-05  8.3483256e-06  -3.5638989e-06  -6.5290011e-05  -2.5005633e-05  -1.4424001e-05  -0.00011719895  5.2123587e-06  -1.2914807e-05  5.3103702e-05  0.00011230432  7.2175416e-05  0.00013976031  
-0.00010518233  4.1880006e-05  0.00058731681  0.00066687469  0.00068629837  0.0000000   -0.00062852866  -0.0022725677  -0.00018548491  2.1245935e-05  7.6117904e-05  -0.00019583748  -0.00014819984  -0.00020023042  -0.00029231079  -2.7512125e-05  -4.2488038e-05  -2.8457630e-05  -0.00041191024  -2.3818332e-05  2.5179064e-05  9.1659858e-06  -3.5239579e-05  -5.1670583e-05  -1.3980089e-05  -8.4662957e-05  0.00010553237  1.1519618e-05  -1.1240378e-05  -1.4409066e-05  1.8995147e-05  -0.00010518233  4.1880006e-05  0.00058731681  0.00066687469  0.00068629837  0.0000000   -0.00062852866  -0.0022725677  -0.00018548491  2.1245935e-05  7.6117904e-05  -0.00019583748  -0.00014819984  -0.00020023042  -0.00029231079  -2.7512125e-05  -4.2488038e-05  -2.8457630e-05  -0.00041191024  -2.3818332e-05  2.5179064e-05  9.1659858e-06  -3.5239579e-05  -5.1670583e-05  -1.3980089e-05  -8.4662957e-05  0.00010553237  1.1519618e-05  -1.1240378e-05  -1.4409066e-05  1.8995147e-05  
-0.00019411757  0.00031967012  -0.0020590048  0.00092066617  0.0015877396  0.00062852866  0.0000000   0.00016612769  -0.00055619569  -0.00028857047  -0.00018680016  -8.0235139e-05  1.2962417e-05  0.00010491213  0.00010446758  -4.1426012e-05  2.0490329e-05  -0.00044173837  0.00010000818  -0.00028690957  3.5511576e-05  5.9012014e-05  2.8439944e-05  -5.6842113e-06  -7.9807118e-05  -9.0690931e-06  -3.2898221e-05  -6.2631854e-05  -6.0622683e-06  -2.1956208e-06  -8.8067803e-05  -0.00019411757  0.00031967012  -0.0020590048  0.00092066617  0.0015877396  0.00062852866  0.0000000   0.00016612769  -0.00055619569  -0.00028857047  -0.00018680016  -8.0235139e-05  1.2962417e-05  0.00010491213  0.00010446758  -4.1426012e-05  2.0490329e-05  -0.00044173837  0.00010000818  -0.00028690957  3.5511576e-05  5.9012014e-05  2.8439944e-05  -5.6842113e-06  -7.9807118e-05  -9.0690931e-06  -3.2898221e-05  -6.2631854e-05  -6.0622683e-06  -2.1956208e-06  -8.8067803e-05  
1.0063199e-05  -3.5252502e-05  0.00041807942  5.7981640e-05  -0.00070490868  0.0022725677  -0.00016612769  0.0000000   0.00012388807  4.6432058e-05  -0.00086552711  -0.00072144350  0.00026640687  0.00028753407  -4.0194894e-05  2.4218040e-05  -7.7751375e-05  7.8460119e-06  0.00020231558  3.5027565e-05  -5.1050215e-05  -9.1296826e-07  0.00013934845  -9.5017071e-05  -6.7236241e-06  -6.8165713e-05  -0.00010640214  3.6963952e-06  -1.0084006e-05  4.5707787e-05  6.0319004e-05  1.0063199e-05  -3.5252502e-05  0.00041807942  5.7981640e-05  -0.00070490868  0.0022725677  -0.00016612769  0.0000000   0.00012388807  4.6432058e-05  -0.00086552711  -0.00072144350  0.00026640687  0.00028753407  -4.0194894e-05  2.4218040e-05  -7.7751375e-05  7.8460119e-06  0.00020231558  3.5027565e-05  -5.1050215e-05  -9.1296826e-07  0.00013934845  -9.5017071e-05  -6.7236241e-06  -6.8165713e-05  -0.00010640214  3.6963952e-06  -1.0084006e-05  4.5707787e-05  6.0319004e-05  
0.00061623467  -0.00035471798  5.9295702e-05  -0.00017879465  0.0011617568  0.00018548491  0.00055619569  -0.00012388807  0.0000000   0.0024141223  2.4871037e-05  -7.9576127e-05  4.4799239e-05  -0.00017022994  5.3561911e-05  0.00035572451  0.00015875559  3.2357451e-05  3.3863759e-05  2.6015314e-05  0.00013316148  -0.00031278951  6.8675145e-06  2.7265941e-06  3.5413741e-05  4.2000135e-06  -1.1275204e-05  0.00016305744  5.5145778e-05  3.7529025e-05  -9.0977285e-05  0.00061623467  -0.00035471798  5.9295702e-05  -0.00017879465  0.0011617568  0.00018548491  0.00055619569  -0.00012388807  0.0000000   0.0024141223  2.4871037e-05  -7.9576127e-05  4.4799239e-05  -0.00017022994  5.3561911e-05  0.00035572451  0.00015875559  3.2357451e-05  3.3863759e-05  2.6015314e-05  0.00013316148  -0.00031278951  6.8675145e-06  2.7265941e-06  3.5413741e-05  4.2000135e-06  -1.1275204e-05  0.00016305744  5.5145778e-05  3.7529025e-05  -9.0977285e-05  
0.00049829312  0.00018587596  0.00030831049  -0.00012981244  -0.00029525443  -2.1245935e-05  0.00028857047  -4.6432058e-05  -0.0024141223  0.0000000   1.2244320e-05  -4.5138543e-06  -4.7674582e-05  0.00016107788  0.00023742477  -0.00047531087  0.00036075517  2.8795648e-05  -1.1018029e-05  9.9065328e-05  0.00019648104  -0.00019574919  6.3677721e-06  8.6404310e-06  4.4042411e-05  -3.3428749e-06  1.0923547e-05  8.2660744e-05  -0.00011827092  0.00010963318  -9.1579816e-05  0.00049829312  0.00018587596  0.00030831049  -0.00012981244  -0.00029525443  -2.1245935e-05  0.00028857047  -4.6432058e-05  -0.0024141223  0.0000000   1.2244320e-05  -4.5138543e-06  -4.7674582e-05  0.00016107788  0.00023742477  -0.00047531087  0.00036075517  2.8795648e-05  -1.1018029e-05  9.9065328e-05  0.00019648104  -0.00019574919  6.3677721e-06  8.6404310e-06  4.4042411e-05  -3.3428749e-06  1.0923547e-05  8.2660744e-05  -0.00011827092  0.00010963318  -9.1579816e-05  
2.3060398e-05  -1.0007246e-05  -3.1731685e-05  -8.5694169e-05  -9.6256966e-05  -7.6117904e-05  0.00018680016  0.00086552711  -2.4871037e-05  -1.2244320e-05  0.0000000   -0.00085085551  0.00019599245  0.00083213205  0.00032195349  -8.5185343e-05  9.6073085e-05  5.8921597e-05  6.0558612e-05  1.7289881e-05  -1.9269919e-05  -5.2443431e-05  0.00013711889  0.00031797053  2.5453028e-06  -0.00027006412  -0.00012454011  -1.2910310e-05  -2.1575479e-05  1.3810578e-05  3.6360716e-05  2.3060398e-05  -1.0007246e-05  -3.1731685e-05  -8.5694169e-05  -9.6256966e-05  -7.6117904e-05  0.00018680016  0.00086552711  -2.4871037e-05  -1.2244320e-05  0.0000000   -0.00085085551  0.00019599245  0.00083213205  0.00032195349  -8.5185343e-05  9.6073085e-05  5.8921597e-05  6.0558612e-05  1.7289881e-05  -1.9269919e-05  -5.2443431e-05  0.00013711889  0.00031797053  2.5453028e-06  -0.00027006412  -0.00012454011  -1.2910310e-05  -2.1575479e-05  1.3810578e-05  3.6360716e-05  
1.0798507e-05  -5.2259651e-05  1.6723387e-05  -7.7966171e-05  2.5953675e-06  0.00019583748  8.0235139e-05  0.00072144350  7.9576127e-05  4.5138543e-06  0.00085085551  0.0000000   -0.0037728672  0.00085890575  0.0010937554  5.9163003e-05  9.5801477e-05  1.2211378e-05  -0.00039924281  9.2110583e-05  4.8893232e-06  -2.5105562e-05  -0.00016750797  0.00021194626  1.4586053e-05  -0.00013698028  0.00040156780  3.7531421e-05  7.2610006e-07  -1.5764668e-05  -2.0844400e-05  1.0798507e-05  -5.2259651e-05  1.6723387e-05  -7.7966171e-05  2.5953675e-06  0.00019583748  8.0235139e-05  0.00072144350  7.9576127e-05  4.5138543e-06  0.00085085551  0.0000000   -0.0037728672  0.00085890575  0.0010937554  5.9163003e-05  9.5801477e-05  1.2211378e-05  -0.00039924281  9.2110583e-05  4.8893232e-06  -2.5105562e-05  -0.00016750797  0.00021194626  1.4586053e-05  -0.00013698028  0.00040156780  3.7531421e-05  7.2610006e-07  -1.5764668e-05  -2.0844400e-05  
-2.4249189e-05  -6.8207091e-06  1.9319379e-05  -4.1754506e-05  -9.6801570e-05  0.00014819984  -1.2962417e-05  -0.00026640687  -4.4799239e-05  4.7674582e-05  -0.00019599245  0.0037728672  0.0000000   -0.00020328075  0.00071277400  1.4904383e-05  5.8987484e-05  -5.0689693e-05  0.00034580993  7.4985921e-05  -2.2089412e-05  8.9556964e-06  0.00020567024  0.00020770860  -2.3762786e-05  5.1013377e-05  0.00012999124  1.2189014e-05  -3.0088307e-05  -1.1871905e-06  3.2350905e-05  -2.4249189e-05  -6.8207091e-06  1.9319379e-05  -4.1754506e-05  -9.6801570e-05  0.00014819984  -1.2962417e-05  -0.00026640687  -4.4799239e-05  4.7674582e-05  -0.00019599245  0.0037728672  0.0000000   -0.00020328075  0.00071277400  1.4904383e-05  5.8987484e-05  -5.0689693e-05  0.00034580993  7.4985921e-05  -2.2089412e-05  8.9556964e-06  0.00020567024  0.00020770860  -2.3762786e-05  5.1013377e-05  0.00012999124  1.2189014e-05  -3.0088307e-05  -1.1871905e-06  3.2350905e-05  
-3.7760832e-05  2.9285362e-05  1.0242180e-05  2.4777980e-05  4.6231112e-05  0.00020023042  -0.00010491213  -0.00028753407  0.00017022994  -0.00016107788  -0.00083213205  -0.00085890575  0.00020328075  0.0000000   0.012429310  0.00030090709  0.00021162983  0.00038751584  -0.00025975908  0.00016561255  1.4575332e-05  -6.2489052e-05  0.00012718439  0.00018763803  3.1574729e-05  -0.00028379237  0.00035805655  8.8112507e-05  6.8238678e-06  6.4869657e-05  -1.2845839e-06  -3.7760832e-05  2.9285362e-05  1.0242180e-05  2.4777980e-05  4.6231112e-05  0.00020023042  -0.00010491213  -0.00028753407  0.00017022994  -0.00016107788  -0.00083213205  -0.00085890575  0.00020328075  0.0000000   0.012429310  0.00030090709  0.00021162983  0.00038751584  -0.00025975908  0.00016561255  1.4575332e-05  -6.2489052e-05  0.00012718439  0.00018763803  3.1574729e-05  -0.00028379237  0.00035805655  8.8112507e-05  6.8238678e-06  6.4869657e-05  -1.2845839e-06  
-3.8145019e-05  -8.1447615e-05  -0.00010388446  4.2516567e-05  1.3439485e-05  0.00029231079  -0.00010446758  4.0194894e-05  -5.3561911e-05  -0.00023742477  -0.00032195349  -0.0010937554  -0.00071277400  -0.012429310  0.0000000   0.00045888664  -0.00010217283  0.00033558188  0.00023155806  -0.00011933506  8.1520621e-05  -6.0745161e-05  -0.00019618977  0.00032956767  0.00012090452  -0.00023329259  -0.00025668301  8.1111891e-05  -2.8256535e-05  6.6423458e-07  3.9317787e-05  -3.8145019e-05  -8.1447615e-05  -0.00010388446  4.2516567e-05  1.3439485e-05  0.00029231079  -0.00010446758  4.0194894e-05  -5.3561911e-05  -0.00023742477  -0.00032195349  -0.0010937554  -0.00071277400  -0.012429310  0.0000000   0.00045888664  -0.00010217283  0.00033558188  0.00023155806  -0.00011933506  8.1520621e-05  -6.0745161e-05  -0.00019618977  0.00032956767  0.00012090452  -0.00023329259  -0.00025668301  8.1111891e-05  -2.8256535e-05  6.6423458e-07  3.9317787e-05  
-2.7885855e-05  -0.00015824072  -3.3413502e-05  -0.00013984443  0.00018247826  2.7512125e-05  4.1426012e-05  -2.4218040e-05  -0.00035572451  0.00047531087  8.5185343e-05  -5.9163003e-05  -1.4904383e-05  -0.00030090709  -0.00045888664  0.0000000   -0.0032472764  0.0022920417  -0.00012721418  0.00039131140  0.00051109132  -0.00042029403  1.1591854e-05  -4.8166892e-05  0.00031630463  1.7856524e-05  -1.5463451e-05  -0.00020445243  -6.4057719e-05  -4.8027873e-05  -0.00028396896  -2.7885855e-05  -0.00015824072  -3.3413502e-05  -0.00013984443  0.00018247826  2.7512125e-05  4.1426012e-05  -2.4218040e-05  -0.00035572451  0.00047531087  8.5185343e-05  -5.9163003e-05  -1.4904383e-05  -0.00030090709  -0.00045888664  0.0000000   -0.0032472764  0.0022920417  -0.00012721418  0.00039131140  0.00051109132  -0.00042029403  1.1591854e-05  -4.8166892e-05  0.00031630463  1.7856524e-05  -1.5463451e-05  -0.00020445243  -6.4057719e-05  -4.8027873e-05  -0.00028396896  
-1.3382569e-05  0.00019076267  3.4738445e-09  -0.00037264005  0.00016976828  4.2488038e-05  -2.0490329e-05  7.7751375e-05  -0.00015875559  -0.00036075517  -9.6073085e-05  -9.5801477e-05  -5.8987484e-05  -0.00021162983  0.00010217283  0.0032472764  0.0000000   -0.0087519241  0.00035569604  0.00078640003  -0.00021318460  0.00019911737  -3.9232632e-05  6.9480148e-05  -0.00022295368  -4.1644828e-06  -4.2140116e-05  -0.00010304987  -0.00032459543  -4.8190409e-05  -1.7646414e-05  -1.3382569e-05  0.00019076267  3.4738445e-09  -0.00037264005  0.00016976828  4.2488038e-05  -2.0490329e-05  7.7751375e-05  -0.00015875559  -0.00036075517  -9.6073085e-05  -9.5801477e-05  -5.8987484e-05  -0.00021162983  0.00010217283  0.0032472764  0.0000000   -0.0087519241  0.00035569604  0.00078640003  -0.00021318460  0.00019911737  -3.9232632e-05  6.9480148e-05  -0.00022295368  -4.1644828e-06  -4.2140116e-05  -0.00010304987  -0.00032459543  -4.8190409e-05  -1.7646414e-05  
-4.8164140e-05  -0.00018759759  -7.8133973e-05  0.00014377576  -2.3530973e-05  2.8457630e-05  0.00044173837  -7.8460119e-06  -3.2357451e-05  -2.8795648e-05  -5.8921597e-05  -1.2211378e-05  5.0689693e-05  -0.00038751584  -0.00033558188  -0.0022920417  0.0087519241  0.0000000   9.6327528e-05  0.0024579192  -0.00055584209  -0.00070200798  0.00014286934  7.2088156e-05  -0.00016350382  -5.8714388e-06  3.2228792e-05  0.00010423131  5.2976806e-05  -2.8712219e-05  6.3707991e-05  -4.8164140e-05  -0.00018759759  -7.8133973e-05  0.00014377576  -2.3530973e-05  2.8457630e-05  0.00044173837  -7.8460119e-06  -3.2357451e-05  -2.8795648e-05  -5.8921597e-05  -1.2211378e-05  5.0689693e-05  -0.00038751584  -0.00033558188  -0.0022920417  0.0087519241  0.0000000   9.6327528e-05  0.0024579192  -0.00055584209  -0.00070200798  0.00014286934  7.2088156e-05  -0.00016350382  -5.8714388e-06  3.2228792e-05  0.00010423131  5.2976806e-05  -2.8712219e-05  6.3707991e-05  
1.5776276e-06  1.3697873e-05  4.2128490e-05  2.1767679e-05  -2.1302858e-05  0.00041191024  -0.00010000818  -0.00020231558  -3.3863759e-05  1.1018029e-05  -6.0558612e-05  0.00039924281  -0.00034580993  0.00025975908  -0.00023155806  0.00012721418  -0.00035569604  -9.6327528e-05  0.0000000   -7.2438864e-05  -1.1435862e-06  0.00016534083  0.00024409696  0.00014199966  1.3891790e-06  -7.1303306e-05  -0.00017050048  -2.0864103e-05  -5.5555706e-05  -0.00011017137  -3.0823626e-05  1.5776276e-06  1.3697873e-05  4.2128490e-05  2.1767679e-05  -2.1302858e-05  0.00041191024  -0.00010000818  -0.00020231558  -3.3863759e-05  1.1018029e-05  -6.0558612e-05  0.00039924281  -0.00034580993  0.00025975908  -0.00023155806  0.00012721418  -0.00035569604  -9.6327528e-05  0.0000000   -7.2438864e-05  -1.1435862e-06  0.00016534083  0.00024409696  0.00014199966  1.3891790e-06  -7.1303306e-05  -0.00017050048  -2.0864103e-05  -5.5555706e-05  -0.00011017137  -3.0823626e-05  
2.0368389e-06  -0.00012331898  0.00012225430  -0.00015666363  -8.3483256e-06  2.3818332e-05  0.00028690957  -3.5027565e-05  -2.6015314e-05  -9.9065328e-05  -1.7289881e-05  -9.2110583e-05  -7.4985921e-05  -0.00016561255  0.00011933506  -0.00039131140  -0.00078640003  -0.0024579192  7.2438864e-05  0.0000000   -0.00034556670  0.00086423107  -8.3917846e-05  6.1508691e-05  -0.00064400458  2.7423339e-05  -2.7004649e-05  0.00014603219  -0.00014541109  -3.5951395e-05  -7.2341706e-05  2.0368389e-06  -0.00012331898  0.00012225430  -0.00015666363  -8.3483256e-06  2.3818332e-05  0.00028690957  -3.5027565e-05  -2.6015314e-05  -9.9065328e-05  -1.7289881e-05  -9.2110583e-05  -7.4985921e-05  -0.00016561255  0.00011933506  -0.00039131140  -0.00078640003  -0.0024579192  7.2438864e-05  0.0000000   -0.00034556670  0.00086423107  -8.3917846e-05  6.1508691e-05  -0.00064400458  2.7423339e-05  -2.7004649e-05  0.00014603219  -0.00014541109  -3.5951395e-05  -7.2341706e-05  
0.00014190261  0.00011300954  8.0605312e-05  9.5797196e-05  3.5638989e-06  -2.5179064e-05  -3.5511576e-05  5.1050215e-05  -0.00013316148  -0.00019648104  1.9269919e-05  -4.8893232e-06  2.2089412e-05  -1.4575332e-05  -8.1520621e-05  -0.00051109132  0.00021318460  0.00055584209  1.1435862e-06  0.00034556670  0.0000000   0.0031369668  -8.0603850e-05  -1.3233870e-06  0.00021560354  -7.2065825e-06  -4.4681610e-05  0.00024160792  8.8403403e-05  4.7218658e-05  -0.00015236473  0.00014190261  0.00011300954  8.0605312e-05  9.5797196e-05  3.5638989e-06  -2.5179064e-05  -3.5511576e-05  5.1050215e-05  -0.00013316148  -0.00019648104  1.9269919e-05  -4.8893232e-06  2.2089412e-05  -1.4575332e-05  -8.1520621e-05  -0.00051109132  0.00021318460  0.00055584209  1.1435862e-06  0.00034556670  0.0000000   0.0031369668  -8.0603850e-05  -1.3233870e-06  0.00021560354  -7.2065825e-06  -4.4681610e-05  0.00024160792  8.8403403e-05  4.7218658e-05  -0.00015236473  
5.2112956e-05  0.00018111011  -0.00023024817  -0.00011776538  6.5290011e-05  -9.1659858e-06  -5.9012014e-05  9.1296826e-07  0.00031278951  0.00019574919  5.2443431e-05  2.5105562e-05  -8.9556964e-06  6.2489052e-05  6.0745161e-05  0.00042029403  -0.00019911737  0.00070200798  -0.00016534083  -0.00086423107  -0.0031369668  0.0000000   -8.9183606e-05  4.6791875e-06  -0.0014281915  9.2356389e-07  6.4813077e-05  -0.00073980755  -0.00023117138  -0.00023321801  0.00023463120  5.2112956e-05  0.00018111011  -0.00023024817  -0.00011776538  6.5290011e-05  -9.1659858e-06  -5.9012014e-05  9.1296826e-07  0.00031278951  0.00019574919  5.2443431e-05  2.5105562e-05  -8.9556964e-06  6.2489052e-05  6.0745161e-05  0.00042029403  -0.00019911737  0.00070200798  -0.00016534083  -0.00086423107  -0.0031369668  0.0000000   -8.9183606e-05  4.6791875e-06  -0.0014281915  9.2356389e-07  6.4813077e-05  -0.00073980755  -0.00023117138  -0.00023321801  0.00023463120  
3.5980972e-06  -1.5754120e-05  1.6874970e-05  -2.4659327e-05  2.5005633e-05  3.5239579e-05  -2.8439944e-05  -0.00013934845  -6.8675145e-06  -6.3677721e-06  -0.00013711889  0.00016750797  -0.00020567024  -0.00012718439  0.00019618977  -1.1591854e-05  3.9232632e-05  -0.00014286934  -0.00024409696  8.3917846e-05  8.0603850e-05  8.9183606e-05  0.0000000   -0.00010471341  -3.6875789e-06  -0.0010569624  0.00014001222  5.7817349e-05  3.0147117e-05  1.8752239e-05  -4.2058612e-05  3.5980972e-06  -1.5754120e-05  1.6874970e-05  -2.4659327e-05  2.5005633e-05  3.5239579e-05  -2.8439944e-05  -0.00013934845  -6.8675145e-06  -6.3677721e-06  -0.00013711889  0.00016750797  -0.00020567024  -0.00012718439  0.00019618977  -1.1591854e-05  3.9232632e-05  -0.00014286934  -0.00024409696  8.3917846e-05  8.0603850e-05  8.9183606e-05  0.0000000   -0.00010471341  -3.6875789e-06  -0.0010569624  0.00014001222  5.7817349e-05  3.0147117e-05  1.8752239e-05  -4.2058612e-05  
-1.0359608e-05  9.8694913e-06  2.4651289e-05  2.5851208e-05  1.4424001e-05  5.1670583e-05  5.6842113e-06  9.5017071e-05  -2.7265941e-06  -8.6404310e-06  -0.00031797053  -0.00021194626  -0.00020770860  -0.00018763803  -0.00032956767  4.8166892e-05  -6.9480148e-05  -7.2088156e-05  -0.00014199966  -6.1508691e-05  1.3233870e-06  -4.6791875e-06  0.00010471341  0.0000000   -1.0324062e-05  -0.00021133484  0.00033725997  -3.2088987e-06  2.3774158e-05  7.1395193e-05  5.1577402e-06  -1.0359608e-05  9.8694913e-06  2.4651289e-05  2.5851208e-05  1.4424001e-05  5.1670583e-05  5.6842113e-06  9.5017071e-05  -2.7265941e-06  -8.6404310e-06  -0.00031797053  -0.00021194626  -0.00020770860  -0.00018763803  -0.00032956767  4.8166892e-05  -6.9480148e-05  -7.2088156e-05  -0.00014199966  -6.1508691e-05  1.3233870e-06  -4.6791875e-06  0.00010471341  0.0000000   -1.0324062e-05  -0.00021133484  0.00033725997  -3.2088987e-06  2.3774158e-05  7.1395193e-05  5.1577402e-06  
-4.0378529e-05  -4.8027526e-05  1.5403573e-05  -3.7034603e-05  0.00011719895  1.3980089e-05  7.9807118e-05  6.7236241e-06  -3.5413741e-05  -4.4042411e-05  -2.5453028e-06  -1.4586053e-05  2.3762786e-05  -3.1574729e-05  -0.00012090452  -0.00031630463  0.00022295368  0.00016350382  -1.3891790e-06  0.00064400458  -0.00021560354  0.0014281915  3.6875789e-06  1.0324062e-05  0.0000000   4.3666708e-05  -3.6780790e-05  0.00043394595  0.00060083510  0.00027848115  -0.00040166186  -4.0378529e-05  -4.8027526e-05  1.5403573e-05  -3.7034603e-05  0.00011719895  1.3980089e-05  7.9807118e-05  6.7236241e-06  -3.5413741e-05  -4.4042411e-05  -2.5453028e-06  -1.4586053e-05  2.3762786e-05  -3.1574729e-05  -0.00012090452  -0.00031630463  0.00022295368  0.00016350382  -1.3891790e-06  0.00064400458  -0.00021560354  0.0014281915  3.6875789e-06  1.0324062e-05  0.0000000   4.3666708e-05  -3.6780790e-05  0.00043394595  0.00060083510  0.00027848115  -0.00040166186  
2.2880636e-05  -3.1244877e-06  2.7280844e-05  1.9296280e-05  -5.2123587e-06  8.4662957e-05  9.0690931e-06  6.8165713e-05  -4.2000135e-06  3.3428749e-06  0.00027006412  0.00013698028  -5.1013377e-05  0.00028379237  0.00023329259  -1.7856524e-05  4.1644828e-06  5.8714388e-06  7.1303306e-05  -2.7423339e-05  7.2065825e-06  -9.2356389e-07  0.0010569624  0.00021133484  -4.3666708e-05  0.0000000   -0.00017536597  -1.5959252e-05  1.5487805e-05  -4.6583141e-05  -3.9000335e-05  2.2880636e-05  -3.1244877e-06  2.7280844e-05  1.9296280e-05  -5.2123587e-06  8.4662957e-05  9.0690931e-06  6.8165713e-05  -4.2000135e-06  3.3428749e-06  0.00027006412  0.00013698028  -5.1013377e-05  0.00028379237  0.00023329259  -1.7856524e-05  4.1644828e-06  5.8714388e-06  7.1303306e-05  -2.7423339e-05  7.2065825e-06  -9.2356389e-07  0.0010569624  0.00021133484  -4.3666708e-05  0.0000000   -0.00017536597  -1.5959252e-05  1.5487805e-05  -4.6583141e-05  -3.9000335e-05  
-1.7742533e-06  1.3785011e-06  -1.2477150e-05  -7.5143767e-07  1.2914807e-05  -0.00010553237  3.2898221e-05  0.00010640214  1.1275204e-05  -1.0923547e-05  0.00012454011  -0.00040156780  -0.00012999124  -0.00035805655  0.00025668301  1.5463451e-05  4.2140116e-05  -3.2228792e-05  0.00017050048  2.7004649e-05  4.4681610e-05  -6.4813077e-05  -0.00014001222  -0.00033725997  3.6780790e-05  0.00017536597  0.0000000   6.5936549e-05  -5.7107509e-05  7.9085818e-05  0.00020220479  -1.7742533e-06  1.3785011e-06  -1.2477150e-05  -7.5143767e-07  1.2914807e-05  -0.00010553237  3.2898221e-05  0.00010640214  1.1275204e-05  -1.0923547e-05  0.00012454011  -0.00040156780  -0.00012999124  -0.00035805655  0.00025668301  1.5463451e-05  4.2140116e-05  -3.2228792e-05  0.00017050048  2.7004649e-05  4.4681610e-05  -6.4813077e-05  -0.00014001222  -0.00033725997  3.6780790e-05  0.00017536597  0.0000000   6.5936549e-05  -5.7107509e-05  7.9085818e-05  0.00020220479  
0.00020029449  -9.5149717e-05  -1.4510943e-05  -1.8665948e-06  -5.3103702e-05  -1.1519618e-05  6.2631854e-05  -3.6963952e-06  -0.00016305744  -8.2660744e-05  1.2910310e-05  -3.7531421e-05  -1.2189014e-05  -8.8112507e-05  -8.1111891e-05  0.00020445243  0.00010304987  -0.00010423131  2.0864103e-05  -0.00014603219  -0.00024160792  0.00073980755  -5.7817349e-05  3.2088987e-06  -0.00043394595  1.5959252e-05  -6.5936549e-05  0.0000000   -0.00020758377  0.0015493849  -0.00081768508  0.00020029449  -9.5149717e-05  -1.4510943e-05  -1.8665948e-06  -5.3103702e-05  -1.1519618e-05  6.2631854e-05  -3.6963952e-06  -0.00016305744  -8.2660744e-05  1.2910310e-05  -3.7531421e-05  -1.2189014e-05  -8.8112507e-05  -8.1111891e-05  0.00020445243  0.00010304987  -0.00010423131  2.0864103e-05  -0.00014603219  -0.00024160792  0.00073980755  -5.7817349e-05  3.2088987e-06  -0.00043394595  1.5959252e-05  -6.5936549e-05  0.0000000   -0.00020758377  0.0015493849  -0.00081768508  
0.00017158343  -7.2410078e-05  2.5034856e-05  -2.3532677e-05  -0.00011230432  1.1240378e-05  6.0622683e-06  1.0084006e-05  -5.5145778e-05  0.00011827092  2.1575479e-05  -7.2610006e-07  3.0088307e-05  -6.8238678e-06  2.8256535e-05  6.4057719e-05  0.00032459543  -5.2976806e-05  5.5555706e-05  0.00014541109  -8.8403403e-05  0.00023117138  -3.0147117e-05  -2.3774158e-05  -0.00060083510  -1.5487805e-05  5.7107509e-05  0.00020758377  0.0000000   -0.0064352273  -0.0042876204  0.00017158343  -7.2410078e-05  2.5034856e-05  -2.3532677e-05  -0.00011230432  1.1240378e-05  6.0622683e-06  1.0084006e-05  -5.5145778e-05  0.00011827092  2.1575479e-05  -7.2610006e-07  3.0088307e-05  -6.8238678e-06  2.8256535e-05  6.4057719e-05  0.00032459543  -5.2976806e-05  5.5555706e-05  0.00014541109  -8.8403403e-05  0.00023117138  -3.0147117e-05  -2.3774158e-05  -0.00060083510  -1.5487805e-05  5.7107509e-05  0.00020758377  0.0000000   -0.0064352273  -0.0042876204  
3.6390111e-05  -5.3285541e-05  2.8353619e-05  -3.3439076e-05  -7.2175416e-05  1.4409066e-05  2.1956208e-06  -4.5707787e-05  -3.7529025e-05  -0.00010963318  -1.3810578e-05  1.5764668e-05  1.1871905e-06  -6.4869657e-05  -6.6423458e-07  4.8027873e-05  4.8190409e-05  2.8712219e-05  0.00011017137  3.5951395e-05  -4.7218658e-05  0.00023321801  -1.8752239e-05  -7.1395193e-05  -0.00027848115  4.6583141e-05  -7.9085818e-05  -0.0015493849  0.0064352273  0.0000000   -0.0072587163  3.6390111e-05  -5.3285541e-05  2.8353619e-05  -3.3439076e-05  -7.2175416e-05  1.4409066e-05  2.1956208e-06  -4.5707787e-05  -3.7529025e-05  -0.00010963318  -1.3810578e-05  1.5764668e-05  1.1871905e-06  -6.4869657e-05  -6.6423458e-07  4.8027873e-05  4.8190409e-05  2.8712219e-05  0.00011017137  3.5951395e-05  -4.7218658e-05  0.00023321801  -1.8752239e-05  -7.1395193e-05  -0.00027848115  4.6583141e-05  -7.9085818e-05  -0.0015493849  0.0064352273  0.0000000   -0.0072587163  
0.00010245245  0.00010623504  2.4712880e-05  0.00014406572  -0.00013976031  -1.8995147e-05  8.8067803e-05  -6.0319004e-05  9.0977285e-05  9.1579816e-05  -3.6360716e-05  2.0844400e-05  -3.2350905e-05  1.2845839e-06  -3.9317787e-05  0.00028396896  1.7646414e-05  -6.3707991e-05  3.0823626e-05  7.2341706e-05  0.00015236473  -0.00023463120  4.2058612e-05  -5.1577402e-06  0.00040166186  3.9000335e-05  -0.00020220479  0.00081768508  0.0042876204  0.0072587163  0.0000000   0.00010245245  0.00010623504  2.4712880e-05  0.00014406572  -0.00013976031  -1.8995147e-05  8.8067803e-05  -6.0319004e-05  9.0977285e-05  9.1579816e-05  -3.6360716e-05  2.0844400e-05  -3.2350905e-05  1.2845839e-06  -3.9317787e-05  0.00028396896  1.7646414e-05  -6.3707991e-05  3.0823626e-05  7.2341706e-05  0.00015236473  -0.00023463120  4.2058612e-05  -5.1577402e-06  0.00040166186  3.9000335e-05  -0.00020220479  0.00081768508  0.0042876204  0.0072587163  0.0000000   
0.0000000   -0.00029207607  0.00020743366  0.00029527771  0.00028549948  0.00010518233  0.00019411757  -1.0063199e-05  -0.00061623467  -0.00049829312  -2.3060398e-05  -1.0798507e-05  2.4249189e-05  3.7760832e-05  3.8145019e-05  2.7885855e-05  1.3382569e-05  4.8164140e-05  -1.5776276e-06  -2.0368389e-06  -0.00014190261  -5.2112956e-05  -3.5980972e-06  1.0359608e-05  4.0378529e-05  -2.2880636e-05  1.7742533e-06  -0.00020029449  -0.00017158343  -3.6390111e-05  -0.00010245245  0.0000000   -0.00029207607  0.00020743366  0.00029527771  0.00028549948  0.00010518233  0.00019411757  -1.0063199e-05  -0.00061623467  -0.00049829312  -2.3060398e-05  -1.0798507e-05  2.4249189e-05  3.7760832e-05  3.8145019e-05  2.7885855e-05  1.3382569e-05  4.8164140e-05  -1.5776276e-06  -2.0368389e-06  -0.00014190261  -5.2112956e-05  -3.5980972e-06  1.0359608e-05  4.0378529e-05  -2.2880636e-05  1.7742533e-06  -0.00020029449  -0.00017158343  -3.6390111e-05  -0.00010245245  
0.00029207607  0.0000000   -0.0016940933  9.3267745e-06  -0.00053461749  -4.1880006e-05  -0.00031967012  3.5252502e-05  0.00035471798  -0.00018587596  1.0007246e-05  5.2259651e-05  6.8207091e-06  -2.9285362e-05  8.1447615e-05  0.00015824072  -0.00019076267  0.00018759759  -1.3697873e-05  0.00012331898  -0.00011300954  -0.00018111011  1.5754120e-05  -9.8694913e-06  4.8027526e-05  3.1244877e-06  -1.3785011e-06  9.5149717e-05  7.2410078e-05  5.3285541e-05  -0.00010623504  0.00029207607  0.0000000   -0.0016940933  9.3267745e-06  -0.00053461749  -4.1880006e-05  -0.00031967012  3.5252502e-05  0.00035471798  -0.00018587596  1.0007246e-05  5.2259651e-05  6.8207091e-06  -2.9285362e-05  8.1447615e-05  0.00015824072  -0.00019076267  0.00018759759  -1.3697873e-05  0.00012331898  -0.00011300954  -0.00018111011  1.5754120e-05  -9.8694913e-06  4.8027526e-05  3.1244877e-06  -1.3785011e-06  9.5149717e-05  7.2410078e-05  5.3285541e-05  -0.00010623504  
-0.00020743366  0.0016940933  0.0000000   0.0049110020  -0.0043360999  -0.00058731681  0.0020590048  -0.00041807942  -5.9295702e-05  -0.00030831049  3.1731685e-05  -1.6723387e-05  -1.9319379e-05  -1.0242180e-05  0.00010388446  3.3413502e-05  -3.4738445e-09  7.8133973e-05  -4.2128490e-05  -0.00012225430  -8.0605312e-05  0.00023024817  -1.6874970e-05  -2.4651289e-05  -1.5403573e-05  -2.7280844e-05  1.2477150e-05  1.4510943e-05  -2.5034856e-05  -2.8353619e-05  -2.4712880e-05  -0.00020743366  0.0016940933  0.0000000   0.0049110020  -0.0043360999  -0.00058731681  0.0020590048  -0.00041807942  -5.9295702e-05  -0.00030831049  3.1731685e-05  -1.6723387e-05  -1.9319379e-05  -1.0242180e-05  0.00010388446  3.3413502e-05  -3.4738445e-09  7.8133973e-05  -4.2128490e-05  -0.00012225430  -8.0605312e-05  0.00023024817  -1.6874970e-05  -2.4651289e-05  -1.5403573e-05  -2.7280844e-05  1.2477150e-05  1.4510943e-05  -2.5034856e-05  -2.8353619e-05  -2.4712880e-05  
-0.00029527771  -9.3267745e-06  -0.0049110020  0.0000000   -0.0079465798  -0.00066687469  -0.00092066617  -5.7981640e-05  0.00017879465  0.00012981244  8.5694169e-05  7.7966171e-05  4.1754506e-05  -2.4777980e-05  -4.2516567e-05  0.00013984443  0.00037264005  -0.00014377576  -2.1767679e-05  0.00015666363  -9.5797196e-05  0.00011776538  2.4659327e-05  -2.5851208e-05  3.7034603e-05  -1.9296280e-05  7.5143767e-07  1.8665948e-06  2.3532677e-05  3.3439076e-05  -0.00014406572  -0.00029527771  -9.3267745e-06  -0.0049110020  0.0000000   -0.0079465798  -0.00066687469  -0.00092066617  -5.7981640e-05  0.00017879465  0.00012981244  8.5694169e-05  7.7966171e-05  4.1754506e-05  -2.4777980e-05  -4.2516567e-05  0.00013984443  0.00037264005  -0.00014377576  -2.1767679e-05  0.00015666363  -9.5797196e-05  0.00011776538  2.4659327e-05  -2.5851208e-05  3.7034603e-05  -1.9296280e-05  7.5143767e-07  1.8665948e-06  2.3532677e-05  3.3439076e-05  -0.00014406572  
-0.00028549948  0.00053461749  0.0043360999  0.0079465798  0.0000000   -0.00068629837  -0.0015877396  0.00070490868  -0.0011617568  0.00029525443  9.6256966e-05  -2.5953675e-06  9.6801570e-05  -4.6231112e-05  -1.3439485e-05  -0.00018247826  -0.00016976828  2.3530973e-05  2.1302858e-05  8.3483256e-06  -3.5638989e-06  -6.5290011e-05  -2.5005633e-05  -1.4424001e-05  -0.00011719895  5.2123587e-06  -1.2914807e-05  5.3103702e-05  0.00011230432  7.2175416e-05  0.00013976031  -0.00028549948  0.00053461749  0.0043360999  0.0079465798  0.0000000   -0.00068629837  -0.0015877396  0.00070490868  -0.0011617568  0.00029525443  9.6256966e-05  -2.5953675e-06  9.6801570e-05  -4.6231112e-05  -1.3439485e-05  -0.00018247826  -0.00016976828  2.3530973e-05  2.1302858e-05  8.3483256e-06  -3.5638989e-06  -6.5290011e-05  -2.5005633e-05  -1.4424001e-05  -0.00011719895  5.2123587e-06  -1.2914807e-05  5.3103702e-05  0.00011230432  7.2175416e-05  0.00013976031  
-0.00010518233  4.1880006e-05  0.00058731681  0.00066687469  0.00068629837  0.0000000   -0.00062852866  -0.0022725677  -0.00018548491  2.1245935e-05  7.6117904e-05  -0.00019583748  -0.00014819984  -0.00020023042  -0.00029231079  -2.7512125e-05  -4.2488038e-05  -2.8457630e-05  -0.00041191024  -2.3818332e-05  2.5179064e-05  9.1659858e-06  -3.5239579e-05  -5.1670583e-05  -1.3980089e-05  -8.4662957e-05  0.00010553237  1.1519618e-05  -1.1240378e-05  -1.4409066e-05  1.8995147e-05  -0.00010518233  4.1880006e-05  0.00058731681  0.00066687469  0.00068629837  0.0000000   -0.00062852866  -0.0022725677  -0.00018548491  2.1245935e-05  7.6117904e-05  -0.00019583748  -0.00014819984  -0.00020023042  -0.00029231079  -2.7512125e-05  -4.2488038e-05  -2.8457630e-05  -0.00041191024  -2.3818332e-05  2.5179064e-05  9.1659858e-06  -3.5239579e-05  -5.1670583e-05  -1.3980089e-05  -8.4662957e-05  0.00010553237  1.1519618e-05  -1.1240378e-05  -1.4409066e-05  1.8995147e-05  
-0.00019411757  0.00031967012  -0.0020590048  0.00092066617  0.0015877396  0.00062852866  0.0000000   0.00016612769  -0.00055619569  -0.00028857047  -0.00018680016  -8.0235139e-05  1.2962417e-05  0.00010491213  0.00010446758  -4.1426012e-05  2.0490329e-05  -0.00044173837  0.00010000818  -0.00028690957  3.5511576e-05  5.9012014e-05  2.8439944e-05  -5.6842113e-06  -7.9807118e-05  -9.0690931e-06  -3.2898221e-05  -6.2631854e-05  -6.0622683e-06  -2.1956208e-06  -8.8067803e-05  -0.00019411757  0.00031967012  -0.0020590048  0.00092066617  0.0015877396  0.00062852866  0.0000000   0.00016612769  -0.00055619569  -0.00028857047  -0.00018680016  -8.0235139e-05  1.2962417e-05  0.00010491213  0.00010446758  -4.1426012e-05  2.0490329e-05  -0.00044173837  0.00010000818  -0.00028690957  3.5511576e-05  5.9012014e-05  2.8439944e-05  -5.6842113e-06  -7.9807118e-05  -9.0690931e-06  -3.2898221e-05  -6.2631854e-05  -6.0622683e-06  -2.1956208e-06  -8.8067803e-05  
1.0063199e-05  -3.5252502e-05  0.00041807942  5.7981640e-05  -0.00070490868  0.0022725677  -0.00016612769  0.0000000   0.00012388807  4.6432058e-05  -0.00086552711  -0.00072144350  0.00026640687  0.00028753407  -4.0194894e-05  2.4218040e-05  -7.7751375e-05  7.8460119e-06  0.00020231558  3.5027565e-05  -5.1050215e-05  -9.1296826e-07  0.00013934845  -9.5017071e-05  -6.7236241e-06  -6.8165713e-05  -0.00010640214  3.6963952e-06  -1.0084006e-05  4.5707787e-05  6.0319004e-05  1.0063199e-05  -3.5252502e-05  0.00041807942  5.7981640e-05  -0.00070490868  0.0022725677  -0.00016612769  0.0000000   0.00012388807  4.6432058e-05  -0.00086552711  -0.00072144350  0.00026640687  0.00028753407  -4.0194894e-05  2.4218040e-05  -7.7751375e-05  7.8460119e-06  0.00020231558  3.5027565e-05  -5.1050215e-05  -9.1296826e-07  0.00013934845  -9.5017071e-05  -6.7236241e-06  -6.8165713e-05  -0.00010640214  3.6963952e-06  -1.0084006e-05  4.5707787e-05  6.0319004e-05  
0.00061623467  -0.00035471798  5.9295702e-05  -0.00017879465  0.0011617568  0.00018548491  0.00055619569  -0.00012388807  0.0000000   0.0024141223  2.4871037e-05  -7.9576127e-05  4.4799239e-05  -0.00017022994  5.3561911e-05  0.00035572451  0.00015875559  3.2357451e-05  3.3863759e-05  2.6015314e-05  0.00013316148  -0.00031278951  6.8675145e-06  2.7265941e-06  3.5413741e-05  4.2000135e-06  -1.1275204e-05  0.00016305744  5.5145778e-05  3.7529025e-05  -9.0977285e-05  0.00061623467  -0.00035471798  5.9295702e-05  -0.00017879465  0.0011617568  0.00018548491  0.00055619569  -0.00012388807  0.0000000   0.0024141223  2.4871037e-05  -7.9576127e-05  4.4799239e-05  -0.00017022994  5.3561911e-05  0.00035572451  0.00015875559  3.2357451e-05  3.3863759e-05  2.6015314e-05  0.00013316148  -0.00031278951  6.8675145e-06  2.7265941e-06  3.5413741e-05  4.2000135e-06  -1.1275204e-05  0.00016305744  5.5145778e-05  3.7529025e-05  -9.0977285e-05  
0.00049829312  0.00018587596  0.00030831049  -0.00012981244  -0.00029525443  -2.1245935e-05  0.00028857047  -4.6432058e-05  -0.0024141223  0.0000000   1.2244320e-05  -4.5138543e-06  -4.7674582e-05  0.00016107788  0.00023742477  -0.00047531087  0.00036075517  2.8795648e-05  -1.1018029e-05  9.9065328e-05  0.00019648104  -0.00019574919  6.3677721e-06  8.6404310e-06  4.4042411e-05  -3.3428749e-06  1.0923547e-05  8.2660744e-05  -0.00011827092  0.00010963318  -9.1579816e-05  0.00049829312  0.00018587596  0.00030831049  -0.00012981244  -0.00029525443  -2.1245935e-05  0.00028857047  -4.6432058e-05  -0.0024141223  0.0000000   1.2244320e-05  -4.5138543e-06  -4.7674582e-05  0.00016107788  0.00023742477  -0.00047531087  0.00036075517  2.8795648e-05  -1.1018029e-05  9.9065328e-05  0.00019648104  -0.00019574919  6.3677721e-06  8.6404310e-06  4.4042411e-05  -3.3428749e-06  1.0923547e-05  8.2660744e-05  -0.00011827092  0.00010963318  -9.1579816e-05  
2.3060398e-05  -1.0007246e-05  -3.1731685e-05  -8.5694169e-05  -9.6256966e-05  -7.6117904e-05  0.00018680016  0.00086552711  -2.4871037e-05  -1.2244320e-05  0.0000000   -0.00085085551  0.00019599245  0.00083213205  0.00032195349  -8.5185343e-05  9.6073085e-05  5.8921597e-05  6.0558612e-05  1.7289881e-05  -1.9269919e-05  -5.2443431e-05  0.00013711889  0.00031797053  2.5453028e-06  -0.00027006412  -0.00012454011  -1.2910310e-05  -2.1575479e-05  1.3810578e-05  3.6360716e-05  2.3060398e-05  -1.0007246e-05  -3.1731685e-05  -8.5694169e-05  -9.6256966e-05  -7.6117904e-05  0.00018680016  0.00086552711  -2.4871037e-05  -1.2244320e-05  0.0000000   -0.00085085551  0.00019599245  0.00083213205  0.00032195349  -8.5185343e-05  9.6073085e-05  5.8921597e-05  6.0558612e-05  1.7289881e-05  -1.9269919e-05  -5.2443431e-05  0.00013711889  0.00031797053  2.5453028e-06  -0.00027006412  -0.00012454011  -1.2910310e-05  -2.1575479e-05  1.3810578e-05  3.6360716e-05  
