0.0000000   0.0018837531  0.00016658034  -2.3748455e-05  -7.6148349e-05  -8.7196561e-05  0.00098986641  3.4483817e-05  0.00013975337  1.9338496e-06  9.6318296e-05  -0.00011411456  -3.9841006e-05  -3.4411463e-05  6.0213666e-06  2.8788407e-05  3.3170842e-06  1.9005833e-05  2.5266620e-05  1.0568503e-05  0.00023700416  4.6893717e-05  1.0727667e-05  -4.8776954e-06  0.00011928033  -2.3646464e-05  -0.00010182170  5.8547201e-06  -5.7517976e-06  -7.1458198e-05  4.9762888e-05  0.0000000   0.0018837531  0.00016658034  -2.3748455e-05  -7.6148349e-05  -8.7196561e-05  0.00098986641  3.4483817e-05  0.00013975337  1.9338496e-06  9.6318296e-05  -0.00011411456  -3.9841006e-05  -3.4411463e-05  6.0213666e-06  2.8788407e-05  3.3170842e-06  1.9005833e-05  2.5266620e-05  1.0568503e-05  0.00023700416  4.6893717e-05  1.0727667e-05  -4.8776954e-06  0.00011928033  -2.3646464e-05  -0.00010182170  5.8547201e-06  -5.7517976e-06  -7.1458198e-05  4.9762888e-05  
-0.0018837531  0.0000000   4.7326671e-05  1.3701120e-05  6.7211506e-05  6.9478044e-05  0.00044714496  -7.7195648e-05  0.0010393202  1.7628309e-05  7.8905828e-05  8.2328982e-05  0.00031190659  2.0775136e-05  1.6043479e-05  1.6788127e-05  7.6087576e-06  -6.2731752e-06  -3.8661710e-05  -2.2009534e-05  0.00020614701  0.00019362493  1.2067407e-06  -0.00016628035  9.1006626e-05  -0.00016428962  -9.1107420e-05  5.0250843e-06  2.3401321e-05  -5.1273790e-05  2.3340527e-07  -0.0018837531  0.0000000   4.7326671e-05  1.3701120e-05  6.7211506e-05  6.9478044e-05  0.00044714496  -7.7195648e-05  0.0010393202  1.7628309e-05  7.8905828e-05  8.2328982e-05  0.00031190659  2.0775136e-05  1.6043479e-05  1.6788127e-05  7.6087576e-06  -6.2731752e-06  -3.8661710e-05  -2.2009534e-05  0.00020614701  0.00019362493  1.2067407e-06  -0.00016628035  9.1006626e-05  -0.00016428962  -9.1107420e-05  5.0250843e-06  2.3401321e-05  -5.1273790e-05  2.3340527e-07  
-0.00016658034  -4.7326671e-05  0.0000000   0.00025012733  -0.00032613216  0.0011660649  0.00018181108  0.00010829995  6.7524918e-06  -0.00069839076  -0.00011451047  -3.7717061e-05  -1.6201208e-05  1.1751760e-05  -0.00025025942  0.00020361809  -0.00018295841  -7.0057151e-05  1.0404796e-05  1.8062254e-05  5.8350484e-06  -1.6991638e-06  0.00028558730  -5.6644869e-06  -1.5630292e-05  -1.6843685e-05  -1.1859383e-05  7.3142095e-05  -1.8153444e-05  1.5174740e-05  -2.6226522e-05  -0.00016658034  -4.7326671e-05  0.0000000   0.00025012733  -0.00032613216  0.0011660649  0.00018181108  0.00010829995  6.7524918e-06  -0.00069839076  -0.00011451047  -3.7717061e-05  -1.6201208e-05  1.1751760e-05  -0.00025025942  0.00020361809  -0.00018295841  -7.0057151e-05  1.0404796e-05  1.8062254e-05  5.8350484e-06  -1.6991638e-06  0.00028558730  -5.6644869e-06  -1.5630292e-05  -1.6843685e-05  -1.1859383e-05  7.3142095e-05  -1.8153444e-05  1.5174740e-05  -2.6226522e-05  
2.3748455e-05  -1.3701120e-05  -0.00025012733  0.0000000   -0.0022009558  0.00010332505  6.7866064e-05  0.0012584595  6.2370872e-05  3.5768614e-05  0.00050054784  3.2693553e-06  3.0776014e-05  0.00026871445  -8.4718313e-05  -5.1456519e-05  0.00014779774  -0.00019204290  4.3269193e-06  -4.5629160e-06  -1.0771894e-06  -2.5912136e-06  -0.00011297790  1.4199162e-05  -1.2286310e-05  2.2366638e-05  5.2234524e-06  5.4915218e-05  0.00019290927  -2.8297797e-05  2.6571630e-06  2.3748455e-05  -1.3701120e-05  -0.00025012733  0.0000000   -0.0022009558  0.00010332505  6.7866064e-05  0.0012584595  6.2370872e-05  3.5768614e-05  0.00050054784  3.2693553e-06  3.0776014e-05  0.00026871445  -8.4718313e-05  -5.1456519e-05  0.00014779774  -0.00019204290  4.3269193e-06  -4.5629160e-06  -1.0771894e-06  -2.5912136e-06  -0.00011297790  1.4199162e-05  -1.2286310e-05  2.2366638e-05  5.2234524e-06  5.4915218e-05  0.00019290927  -2.8297797e-05  2.6571630e-06  
7.6148349e-05  -6.7211506e-05  0.00032613216  0.0022009558  0.0000000   0.0099313887  0.0018022228  0.0016247279  0.00024704281  -0.0011477697  -0.00012579814  0.00023115374  -7.4360283e-05  -8.0352431e-05  0.00017392856  -7.5481284e-06  -4.1850952e-05  -9.1561260e-05  -3.5203009e-05  4.2246543e-05  -1.2123050e-07  1.6795759e-05  8.0052769e-05  -1.2389465e-05  2.7322169e-05  5.7516280e-05  1.4203651e-07  -8.1564023e-07  0.00011045958  6.9285964e-05  -4.4223016e-05  7.6148349e-05  -6.7211506e-05  0.00032613216  0.0022009558  0.0000000   0.0099313887  0.0018022228  0.0016247279  0.00024704281  -0.0011477697  -0.00012579814  0.00023115374  -7.4360283e-05  -8.0352431e-05  0.00017392856  -7.5481284e-06  -4.1850952e-05  -9.1561260e-05  -3.5203009e-05  4.2246543e-05  -1.2123050e-07  1.6795759e-05  8.0052769e-05  -1.2389465e-05  2.7322169e-05  5.7516280e-05  1.4203651e-07  -8.1564023e-07  0.00011045958  6.9285964e-05  -4.4223016e-05  
8.7196561e-05  -6.9478044e-05  -0.0011660649  -0.00010332505  -0.0099313887  0.0000000   3.5949139e-05  0.00047198738  -0.00022275400  -0.00022085178  0.00016734319  -0.00019825379  1.1170006e-06  -0.00049349398  0.00011938490  -0.00029311653  -0.00041769520  -2.5817099e-05  2.4765109e-05  8.3859911e-05  -3.6016823e-05  -6.0159366e-05  0.00010183783  4.9328638e-05  2.6314637e-06  -4.0522294e-07  -1.1744363e-05  9.8850371e-05  -6.9354445e-05  5.3312873e-05  4.3918682e-05  8.7196561e-05  -6.9478044e-05  -0.0011660649  -0.00010332505  -0.0099313887  0.0000000   3.5949139e-05  0.00047198738  -0.00022275400  -0.00022085178  0.00016734319  -0.00019825379  1.1170006e-06  -0.00049349398  0.00011938490  -0.00029311653  -0.00041769520  -2.5817099e-05  2.4765109e-05  8.3859911e-05  -3.6016823e-05  -6.0159366e-05  0.00010183783  4.9328638e-05  2.6314637e-06  -4.0522294e-07  -1.1744363e-05  9.8850371e-05  -6.9354445e-05  5.3312873e-05  4.3918682e-05  
-0.00098986641  -0.00044714496  -0.00018181108  -6.7866064e-05  -0.0018022228  -3.5949139e-05  0.0000000   0.00011812109  0.00051706905  -5.4674924e-05  4.4350998e-05  -0.00012546555  -0.00062150354  -9.4105312e-05  4.4843922e-05  -3.4463477e-05  -4.9180889e-05  -2.4658827e-05  -0.00019634428  -0.00012935246  0.00032193104  -0.00023665715  1.9356890e-05  4.4631944e-05  -0.00011824734  6.7100967e-05  -8.8581792e-05  1.7906311e-05  -5.9526618e-06  -6.4531730e-05  0.00012121539  -0.00098986641  -0.00044714496  -0.00018181108  -6.7866064e-05  -0.0018022228  -3.5949139e-05  0.0000000   0.00011812109  0.00051706905  -5.4674924e-05  4.4350998e-05  -0.00012546555  -0.00062150354  -9.4105312e-05  4.4843922e-05  -3.4463477e-05  -4.9180889e-05  -2.4658827e-05  -0.00019634428  -0.00012935246  0.00032193104  -0.00023665715  1.9356890e-05  4.4631944e-05  -0.00011824734  6.7100967e-05  -8.8581792e-05  1.7906311e-05  -5.9526618e-06  -6.4531730e-05  0.00012121539  
-3.4483817e-05  7.7195648e-05  -0.00010829995  -0.0012584595  -0.0016247279  -0.00047198738  -0.00011812109  0.0000000   -3.6179148e-05  -0.0018018902  -0.00050090303  0.00067353825  -8.3164437e-05  0.00029333023  -0.00030700365  -3.4085924e-06  0.00013272228  -0.00022296590  -1.2038439e-05  -6.0954172e-07  5.4124748e-06  -2.8847518e-06  1.5270388e-05  -4.0220834e-06  -2.4651559e-06  -1.9685685e-05  3.2127222e-06  2.7925503e-05  2.9584959e-06  1.5821162e-05  1.2526457e-06  -3.4483817e-05  7.7195648e-05  -0.00010829995  -0.0012584595  -0.0016247279  -0.00047198738  -0.00011812109  0.0000000   -3.6179148e-05  -0.0018018902  -0.00050090303  0.00067353825  -8.3164437e-05  0.00029333023  -0.00030700365  -3.4085924e-06  0.00013272228  -0.00022296590  -1.2038439e-05  -6.0954172e-07  5.4124748e-06  -2.8847518e-06  1.5270388e-05  -4.0220834e-06  -2.4651559e-06  -1.9685685e-05  3.2127222e-06  2.7925503e-05  2.9584959e-06  1.5821162e-05  1.2526457e-06  
-0.00013975337  -0.0010393202  -6.7524918e-06  -6.2370872e-05  -0.00024704281  0.00022275400  -0.00051706905  3.6179148e-05  0.0000000   -6.4122145e-05  -4.1291945e-05  -0.00020967568  -0.00019154939  -1.1437089e-05  -2.0540503e-05  -2.9582837e-08  5.8120719e-06  -2.1760755e-06  -0.00011024892  0.00010193393  6.5290333e-05  0.00015026237  1.5515267e-05  6.6461002e-05  0.00019850135  2.6147386e-05  -0.00016191463  -6.4479921e-07  1.5258244e-06  2.8175090e-05  5.6133685e-05  -0.00013975337  -0.0010393202  -6.7524918e-06  -6.2370872e-05  -0.00024704281  0.00022275400  -0.00051706905  3.6179148e-05  0.0000000   -6.4122145e-05  -4.1291945e-05  -0.00020967568  -0.00019154939  -1.1437089e-05  -2.0540503e-05  -2.9582837e-08  5.8120719e-06  -2.1760755e-06  -0.00011024892  0.00010193393  6.5290333e-05  0.00015026237  1.5515267e-05  6.6461002e-05  0.00019850135  2.6147386e-05  -0.00016191463  -6.4479921e-07  1.5258244e-06  2.8175090e-05  5.6133685e-05  
-1.9338496e-06  -1.7628309e-05  0.00069839076  -3.5768614e-05  0.0011477697  0.00022085178  5.4674924e-05  0.0018018902  6.4122145e-05  0.0000000   -0.0011623516  -0.0011863007  9.2968999e-05  0.0013472550  0.00012250350  0.00092727007  9.1109715e-05  0.00014939535  2.9376749e-05  -3.4588909e-05  1.0069000e-05  -1.6972456e-05  0.00025604949  -4.0493826e-05  4.2551238e-05  -9.5199682e-05  1.5373294e-05  -0.00022357915  -0.00019728738  -2.5617849e-05  -2.9098076e-05  -1.9338496e-06  -1.7628309e-05  0.00069839076  -3.5768614e-05  0.0011477697  0.00022085178  5.4674924e-05  0.0018018902  6.4122145e-05  0.0000000   -0.0011623516  -0.0011863007  9.2968999e-05  0.0013472550  0.00012250350  0.00092727007  9.1109715e-05  0.00014939535  2.9376749e-05  -3.4588909e-05  1.0069000e-05  -1.6972456e-05  0.00025604949  -4.0493826e-05  4.2551238e-05  -9.5199682e-05  1.5373294e-05  -0.00022357915  -0.00019728738  -2.5617849e-05  -2.9098076e-05  
-9.6318296e-05  -7.8905828e-05  0.00011451047  -0.00050054784  0.00012579814  -0.00016734319  -4.4350998e-05  0.00050090303  4.1291945e-05  0.0011623516  0.0000000   -0.0091436989  0.0010055068  5.9830002e-05  -0.00058327955  9.8353754e-05  2.3874424e-05  0.00058175507  -5.0273245e-05  -1.7408737e-05  4.7839703e-05  -7.0034212e-05  0.00023883221  4.2123884e-05  -3.9584322e-05  5.5079239e-05  5.1674593e-05  -1.1046022e-05  -0.00017035938  -3.5218731e-05  5.2024643e-05  -9.6318296e-05  -7.8905828e-05  0.00011451047  -0.00050054784  0.00012579814  -0.00016734319  -4.4350998e-05  0.00050090303  4.1291945e-05  0.0011623516  0.0000000   -0.0091436989  0.0010055068  5.9830002e-05  -0.00058327955  9.8353754e-05  2.3874424e-05  0.00058175507  -5.0273245e-05  -1.7408737e-05  4.7839703e-05  -7.0034212e-05  0.00023883221  4.2123884e-05  -3.9584322e-05  5.5079239e-05  5.1674593e-05  -1.1046022e-05  -0.00017035938  -3.5218731e-05  5.2024643e-05  
0.00011411456  -8.2328982e-05  3.7717061e-05  -3.2693553e-06  -0.00023115374  0.00019825379  0.00012546555  -0.00067353825  0.00020967568  0.0011863007  0.0091436989  0.0000000   0.00038815969  0.0020613961  0.00097378569  0.0014420910  0.00094953140  6.5379141e-05  0.00017976314  0.00011706533  -5.7509442e-05  -1.3198775e-05  -0.00064314676  -2.5957702e-06  2.8621326e-05  -7.5355721e-06  -4.2972795e-06  0.00026032152  0.00022940023  5.6431700e-05  5.1346740e-05  0.00011411456  -8.2328982e-05  3.7717061e-05  -3.2693553e-06  -0.00023115374  0.00019825379  0.00012546555  -0.00067353825  0.00020967568  0.0011863007  0.0091436989  0.0000000   0.00038815969  0.0020613961  0.00097378569  0.0014420910  0.00094953140  6.5379141e-05  0.00017976314  0.00011706533  -5.7509442e-05  -1.3198775e-05  -0.00064314676  -2.5957702e-06  2.8621326e-05  -7.5355721e-06  -4.2972795e-06  0.00026032152  0.00022940023  5.6431700e-05  5.1346740e-05  
3.9841006e-05  -0.00031190659  1.6201208e-05  -3.0776014e-05  7.4360283e-05  -1.1170006e-06  0.00062150354  8.3164437e-05  0.00019154939  -9.2968999e-05  -0.0010055068  -0.00038815969  0.0000000   -0.00025803687  -0.00014585761  -8.9057367e-05  -9.1204621e-05  1.7742687e-07  0.00064998360  -9.1936799e-05  0.00029275448  0.00011689196  8.2264670e-05  -2.7466800e-05  0.00018850962  -0.00026015244  -6.1883878e-05  -3.2047581e-05  -2.0076506e-05  9.5348536e-05  0.00012540209  3.9841006e-05  -0.00031190659  1.6201208e-05  -3.0776014e-05  7.4360283e-05  -1.1170006e-06  0.00062150354  8.3164437e-05  0.00019154939  -9.2968999e-05  -0.0010055068  -0.00038815969  0.0000000   -0.00025803687  -0.00014585761  -8.9057367e-05  -9.1204621e-05  1.7742687e-07  0.00064998360  -9.1936799e-05  0.00029275448  0.00011689196  8.2264670e-05  -2.7466800e-05  0.00018850962  -0.00026015244  -6.1883878e-05  -3.2047581e-05  -2.0076506e-05  9.5348536e-05  0.00012540209  
3.4411463e-05  -2.0775136e-05  -1.1751760e-05  -0.00026871445  8.0352431e-05  0.00049349398  9.4105312e-05  -0.00029333023  1.1437089e-05  -0.0013472550  -5.9830002e-05  -0.0020613961  0.00025803687  0.0000000   -0.0010141883  0.00011415721  0.0021190706  0.00030544377  -3.7447514e-05  1.7516858e-06  -4.7202947e-05  -4.9057932e-06  -0.00047197589  -4.1317431e-05  -6.9748375e-06  -5.5492036e-05  8.0497738e-06  7.0283544e-05  0.00024838447  2.4908952e-05  1.1931155e-05  3.4411463e-05  -2.0775136e-05  -1.1751760e-05  -0.00026871445  8.0352431e-05  0.00049349398  9.4105312e-05  -0.00029333023  1.1437089e-05  -0.0013472550  -5.9830002e-05  -0.0020613961  0.00025803687  0.0000000   -0.0010141883  0.00011415721  0.0021190706  0.00030544377  -3.7447514e-05  1.7516858e-06  -4.7202947e-05  -4.9057932e-06  -0.00047197589  -4.1317431e-05  -6.9748375e-06  -5.5492036e-05  8.0497738e-06  7.0283544e-05  0.00024838447  2.4908952e-05  1.1931155e-05  
-6.0213666e-06  -1.6043479e-05  0.00025025942  8.4718313e-05  -0.00017392856  -0.00011938490  -4.4843922e-05  0.00030700365  2.0540503e-05  -0.00012250350  0.00058327955  -0.00097378569  0.00014585761  0.0010141883  0.0000000   0.0058856260  0.0021920242  -0.0018088317  0.00015953490  1.8596172e-05  0.00013792417  -2.3851693e-06  -1.2470488e-05  8.1858854e-05  -4.4670345e-05  -2.4752747e-05  2.2642411e-05  -8.7753181e-05  -0.00026992622  -3.6924527e-05  2.6987363e-06  -6.0213666e-06  -1.6043479e-05  0.00025025942  8.4718313e-05  -0.00017392856  -0.00011938490  -4.4843922e-05  0.00030700365  2.0540503e-05  -0.00012250350  0.00058327955  -0.00097378569  0.00014585761  0.0010141883  0.0000000   0.0058856260  0.0021920242  -0.0018088317  0.00015953490  1.8596172e-05  0.00013792417  -2.3851693e-06  -1.2470488e-05  8.1858854e-05  -4.4670345e-05  -2.4752747e-05  2.2642411e-05  -8.7753181e-05  -0.00026992622  -3.6924527e-05  2.6987363e-06  
-2.8788407e-05  -1.6788127e-05  -0.00020361809  5.1456519e-05  7.5481284e-06  0.00029311653  3.4463477e-05  3.4085924e-06  2.9582837e-08  -0.00092727007  -9.8353754e-05  -0.0014420910  8.9057367e-05  -0.00011415721  -0.0058856260  0.0000000   0.00079478062  -0.00017476727  -5.3380770e-05  -0.00019019218  8.4257813e-05  0.00010321849  -0.00051749630  -9.9282998e-05  -1.8455505e-05  -6.9502884e-05  4.6337978e-05  -0.00038711144  -1.7805119e-05  -2.1756140e-05  -3.0110495e-05  -2.8788407e-05  -1.6788127e-05  -0.00020361809  5.1456519e-05  7.5481284e-06  0.00029311653  3.4463477e-05  3.4085924e-06  2.9582837e-08  -0.00092727007  -9.8353754e-05  -0.0014420910  8.9057367e-05  -0.00011415721  -0.0058856260  0.0000000   0.00079478062  -0.00017476727  -5.3380770e-05  -0.00019019218  8.4257813e-05  0.00010321849  -0.00051749630  -9.9282998e-05  -1.8455505e-05  -6.9502884e-05  4.6337978e-05  -0.00038711144  -1.7805119e-05  -2.1756140e-05  -3.0110495e-05  
-3.3170842e-06  -7.6087576e-06  0.00018295841  -0.00014779774  4.1850952e-05  0.00041769520  4.9180889e-05  -0.00013272228  -5.8120719e-06  -9.1109715e-05  -2.3874424e-05  -0.00094953140  9.1204621e-05  -0.0021190706  -0.0021920242  -0.00079478062  0.0000000   0.0011034469  -8.6760739e-05  -2.3924498e-05  2.2529096e-05  4.6595258e-05  -0.00073421136  -1.6952156e-05  3.6498080e-05  -2.0814539e-05  3.0710662e-05  -2.8858437e-05  -4.0638695e-05  2.2174681e-05  6.7792024e-06  -3.3170842e-06  -7.6087576e-06  0.00018295841  -0.00014779774  4.1850952e-05  0.00041769520  4.9180889e-05  -0.00013272228  -5.8120719e-06  -9.1109715e-05  -2.3874424e-05  -0.00094953140  9.1204621e-05  -0.0021190706  -0.0021920242  -0.00079478062  0.0000000   0.0011034469  -8.6760739e-05  -2.3924498e-05  2.2529096e-05  4.6595258e-05  -0.00073421136  -1.6952156e-05  3.6498080e-05  -2.0814539e-05  3.0710662e-05  -2.8858437e-05  -4.0638695e-05  2.2174681e-05  6.7792024e-06  
-1.9005833e-05  6.2731752e-06  7.0057151e-05  0.00019204290  9.1561260e-05  2.5817099e-05  2.4658827e-05  0.00022296590  2.1760755e-06  -0.00014939535  -0.00058175507  -6.5379141e-05  -1.7742687e-07  -0.00030544377  0.0018088317  0.00017476727  -0.0011034469  0.0000000   9.1444291e-06  -1.6923586e-06  -8.0440711e-05  -3.8327248e-06  0.00017652183  -3.8675276e-05  1.4608252e-06  -4.3770971e-05  1.7824617e-05  -7.9239645e-05  -1.5716202e-05  -1.2844366e-05  -1.3492602e-05  -1.9005833e-05  6.2731752e-06  7.0057151e-05  0.00019204290  9.1561260e-05  2.5817099e-05  2.4658827e-05  0.00022296590  2.1760755e-06  -0.00014939535  -0.00058175507  -6.5379141e-05  -1.7742687e-07  -0.00030544377  0.0018088317  0.00017476727  -0.0011034469  0.0000000   9.1444291e-06  -1.6923586e-06  -8.0440711e-05  -3.8327248e-06  0.00017652183  -3.8675276e-05  1.4608252e-06  -4.3770971e-05  1.7824617e-05  -7.9239645e-05  -1.5716202e-05  -1.2844366e-05  -1.3492602e-05  
-2.5266620e-05  3.8661710e-05  -1.0404796e-05  -4.3269193e-06  3.5203009e-05  -2.4765109e-05  0.00019634428  1.2038439e-05  0.00011024892  -2.9376749e-05  5.0273245e-05  -0.00017976314  -0.00064998360  3.7447514e-05  -0.00015953490  5.3380770e-05  8.6760739e-05  -9.1444291e-06  0.0000000   -0.00017361894  -0.0011827554  0.00045774111  1.9517875e-05  -0.00039609172  0.00028515962  0.00054365421  5.5281697e-05  -6.4415617e-06  2.3502009e-06  -7.2220642e-05  -7.7157831e-05  -2.5266620e-05  3.8661710e-05  -1.0404796e-05  -4.3269193e-06  3.5203009e-05  -2.4765109e-05  0.00019634428  1.2038439e-05  0.00011024892  -2.9376749e-05  5.0273245e-05  -0.00017976314  -0.00064998360  3.7447514e-05  -0.00015953490  5.3380770e-05  8.6760739e-05  -9.1444291e-06  0.0000000   -0.00017361894  -0.0011827554  0.00045774111  1.9517875e-05  -0.00039609172  0.00028515962  0.00054365421  5.5281697e-05  -6.4415617e-06  2.3502009e-06  -7.2220642e-05  -7.7157831e-05  
-1.0568503e-05  2.2009534e-05  -1.8062254e-05  4.5629160e-06  -4.2246543e-05  -8.3859911e-05  0.00012935246  6.0954172e-07  -0.00010193393  3.4588909e-05  1.7408737e-05  -0.00011706533  9.1936799e-05  -1.7516858e-06  -1.8596172e-05  0.00019019218  2.3924498e-05  1.6923586e-06  0.00017361894  0.0000000   -0.0025313213  -0.00024837077  4.7028225e-05  -0.0011238292  -0.00040182892  6.8836825e-05  -0.00030098666  2.0371386e-05  4.5418066e-05  -0.00019316226  -0.00024135511  -1.0568503e-05  2.2009534e-05  -1.8062254e-05  4.5629160e-06  -4.2246543e-05  -8.3859911e-05  0.00012935246  6.0954172e-07  -0.00010193393  3.4588909e-05  1.7408737e-05  -0.00011706533  9.1936799e-05  -1.7516858e-06  -1.8596172e-05  0.00019019218  2.3924498e-05  1.6923586e-06  0.00017361894  0.0000000   -0.0025313213  -0.00024837077  4.7028225e-05  -0.0011238292  -0.00040182892  6.8836825e-05  -0.00030098666  2.0371386e-05  4.5418066e-05  -0.00019316226  -0.00024135511  
-0.00023700416  -0.00020614701  -5.8350484e-06  1.0771894e-06  1.2123050e-07  3.6016823e-05  -0.00032193104  -5.4124748e-06  -6.5290333e-05  -1.0069000e-05  -4.7839703e-05  5.7509442e-05  -0.00029275448  4.7202947e-05  -0.00013792417  -8.4257813e-05  -2.2529096e-05  8.0440711e-05  0.0011827554  0.0025313213  0.0000000   -0.00027375185  -7.1079359e-05  0.00072618720  0.00023279170  0.00045364587  -0.00012372928  3.9316411e-05  -7.1235581e-06  0.00014630862  9.9715536e-05  -0.00023700416  -0.00020614701  -5.8350484e-06  1.0771894e-06  1.2123050e-07  3.6016823e-05  -0.00032193104  -5.4124748e-06  -6.5290333e-05  -1.0069000e-05  -4.7839703e-05  5.7509442e-05  -0.00029275448  4.7202947e-05  -0.00013792417  -8.4257813e-05  -2.2529096e-05  8.0440711e-05  0.0011827554  0.0025313213  0.0000000   -0.00027375185  -7.1079359e-05  0.00072618720  0.00023279170  0.00045364587  -0.00012372928  3.9316411e-05  -7.1235581e-06  0.00014630862  9.9715536e-05  
-4.6893717e-05  -0.00019362493  1.6991638e-06  2.5912136e-06  -1.6795759e-05  6.0159366e-05  0.00023665715  2.8847518e-06  -0.00015026237  1.6972456e-05  7.0034212e-05  1.3198775e-05  -0.00011689196  4.9057932e-06  2.3851693e-06  -0.00010321849  -4.6595258e-05  3.8327248e-06  -0.00045774111  0.00024837077  0.00027375185  0.0000000   -5.3739330e-06  0.00021587738  0.00088395269  -0.0011999260  0.00050387964  4.9933034e-05  -1.6986843e-05  0.00024074260  0.00018296923  -4.6893717e-05  -0.00019362493  1.6991638e-06  2.5912136e-06  -1.6795759e-05  6.0159366e-05  0.00023665715  2.8847518e-06  -0.00015026237  1.6972456e-05  7.0034212e-05  1.3198775e-05  -0.00011689196  4.9057932e-06  2.3851693e-06  -0.00010321849  -4.6595258e-05  3.8327248e-06  -0.00045774111  0.00024837077  0.00027375185  0.0000000   -5.3739330e-06  0.00021587738  0.00088395269  -0.0011999260  0.00050387964  4.9933034e-05  -1.6986843e-05  0.00024074260  0.00018296923  
-1.0727667e-05  -1.2067407e-06  -0.00028558730  0.00011297790  -8.0052769e-05  -0.00010183783  -1.9356890e-05  -1.5270388e-05  -1.5515267e-05  -0.00025604949  -0.00023883221  0.00064314676  -8.2264670e-05  0.00047197589  1.2470488e-05  0.00051749630  0.00073421136  -0.00017652183  -1.9517875e-05  -4.7028225e-05  7.1079359e-05  5.3739330e-06  0.0000000   5.0915841e-06  -3.5012593e-05  -0.00010905429  1.6407370e-05  0.00028967443  0.00013165215  5.7336321e-06  4.3529672e-05  -1.0727667e-05  -1.2067407e-06  -0.00028558730  0.00011297790  -8.0052769e-05  -0.00010183783  -1.9356890e-05  -1.5270388e-05  -1.5515267e-05  -0.00025604949  -0.00023883221  0.00064314676  -8.2264670e-05  0.00047197589  1.2470488e-05  0.00051749630  0.00073421136  -0.00017652183  -1.9517875e-05  -4.7028225e-05  7.1079359e-05  5.3739330e-06  0.0000000   5.0915841e-06  -3.5012593e-05  -0.00010905429  1.6407370e-05  0.00028967443  0.00013165215  5.7336321e-06  4.3529672e-05  
4.8776954e-06  0.00016628035  5.6644869e-06  -1.4199162e-05  1.2389465e-05  -4.9328638e-05  -4.4631944e-05  4.0220834e-06  -6.6461002e-05  4.0493826e-05  -4.2123884e-05  2.5957702e-06  2.7466800e-05  4.1317431e-05  -8.1858854e-05  9.9282998e-05  1.6952156e-05  3.8675276e-05  0.00039609172  0.0011238292  -0.00072618720  -0.00021587738  -5.0915841e-06  0.0000000   0.0030125620  0.0026544952  -0.0014245177  6.8341459e-05  2.6910831e-05  -0.00027635196  -0.00012519039  4.8776954e-06  0.00016628035  5.6644869e-06  -1.4199162e-05  1.2389465e-05  -4.9328638e-05  -4.4631944e-05  4.0220834e-06  -6.6461002e-05  4.0493826e-05  -4.2123884e-05  2.5957702e-06  2.7466800e-05  4.1317431e-05  -8.1858854e-05  9.9282998e-05  1.6952156e-05  3.8675276e-05  0.00039609172  0.0011238292  -0.00072618720  -0.00021587738  -5.0915841e-06  0.0000000   0.0030125620  0.0026544952  -0.0014245177  6.8341459e-05  2.6910831e-05  -0.00027635196  -0.00012519039  
-0.00011928033  -9.1006626e-05  1.5630292e-05  1.2286310e-05  -2.7322169e-05  -2.6314637e-06  0.00011824734  2.4651559e-06  -0.00019850135  -4.2551238e-05  3.9584322e-05  -2.8621326e-05  -0.00018850962  6.9748375e-06  4.4670345e-05  1.8455505e-05  -3.6498080e-05  -1.4608252e-06  -0.00028515962  0.00040182892  -0.00023279170  -0.00088395269  3.5012593e-05  -0.0030125620  0.0000000   -0.0092224052  0.00045771502  5.9176919e-05  -4.2333546e-05  9.3088749e-05  0.00025535346  -0.00011928033  -9.1006626e-05  1.5630292e-05  1.2286310e-05  -2.7322169e-05  -2.6314637e-06  0.00011824734  2.4651559e-06  -0.00019850135  -4.2551238e-05  3.9584322e-05  -2.8621326e-05  -0.00018850962  6.9748375e-06  4.4670345e-05  1.8455505e-05  -3.6498080e-05  -1.4608252e-06  -0.00028515962  0.00040182892  -0.00023279170  -0.00088395269  3.5012593e-05  -0.0030125620  0.0000000   -0.0092224052  0.00045771502  5.9176919e-05  -4.2333546e-05  9.3088749e-05  0.00025535346  
2.3646464e-05  0.00016428962  1.6843685e-05  -2.2366638e-05  -5.7516280e-05  4.0522294e-07  -6.7100967e-05  1.9685685e-05  -2.6147386e-05  9.5199682e-05  -5.5079239e-05  7.5355721e-06  0.00026015244  5.5492036e-05  2.4752747e-05  6.9502884e-05  2.0814539e-05  4.3770971e-05  -0.00054365421  -6.8836825e-05  -0.00045364587  0.0011999260  0.00010905429  -0.0026544952  0.0092224052  0.0000000   0.00043953867  0.00012587484  -8.9703641e-05  -0.00011533968  6.2618779e-05  2.3646464e-05  0.00016428962  1.6843685e-05  -2.2366638e-05  -5.7516280e-05  4.0522294e-07  -6.7100967e-05  1.9685685e-05  -2.6147386e-05  9.5199682e-05  -5.5079239e-05  7.5355721e-06  0.00026015244  5.5492036e-05  2.4752747e-05  6.9502884e-05  2.0814539e-05  4.3770971e-05  -0.00054365421  -6.8836825e-05  -0.00045364587  0.0011999260  0.00010905429  -0.0026544952  0.0092224052  0.0000000   0.00043953867  0.00012587484  -8.9703641e-05  -0.00011533968  6.2618779e-05  
0.00010182170  9.1107420e-05  1.1859383e-05  -5.2234524e-06  -1.4203651e-07  1.1744363e-05  8.8581792e-05  -3.2127222e-06  0.00016191463  -1.5373294e-05  -5.1674593e-05  4.2972795e-06  6.1883878e-05  -8.0497738e-06  -2.2642411e-05  -4.6337978e-05  -3.0710662e-05  -1.7824617e-05  -5.5281697e-05  0.00030098666  0.00012372928  -0.00050387964  -1.6407370e-05  0.0014245177  -0.00045771502  -0.00043953867  0.0000000   5.6774785e-05  6.8687947e-05  0.00036344142  0.00048960932  0.00010182170  9.1107420e-05  1.1859383e-05  -5.2234524e-06  -1.4203651e-07  1.1744363e-05  8.8581792e-05  -3.2127222e-06  0.00016191463  -1.5373294e-05  -5.1674593e-05  4.2972795e-06  6.1883878e-05  -8.0497738e-06  -2.2642411e-05  -4.6337978e-05  -3.0710662e-05  -1.7824617e-05  -5.5281697e-05  0.00030098666  0.00012372928  -0.00050387964  -1.6407370e-05  0.0014245177  -0.00045771502  -0.00043953867  0.0000000   5.6774785e-05  6.8687947e-05  0.00036344142  0.00048960932  
-5.8547201e-06  -5.0250843e-06  -7.3142095e-05  -5.4915218e-05  8.1564023e-07  -9.8850371e-05  -1.7906311e-05  -2.7925503e-05  6.4479921e-07  0.00022357915  1.1046022e-05  -0.00026032152  3.2047581e-05  -7.0283544e-05  8.7753181e-05  0.00038711144  2.8858437e-05  7.9239645e-05  6.4415617e-06  -2.0371386e-05  -3.9316411e-05  -4.9933034e-05  -0.00028967443  -6.8341459e-05  -5.9176919e-05  -0.00012587484  -5.6774785e-05  0.0000000   -0.0032883872  7.1027569e-05  0.00014465625  -5.8547201e-06  -5.0250843e-06  -7.3142095e-05  -5.4915218e-05  8.1564023e-07  -9.8850371e-05  -1.7906311e-05  -2.7925503e-05  6.4479921e-07  0.00022357915  1.1046022e-05  -0.00026032152  3.2047581e-05  -7.0283544e-05  8.7753181e-05  0.00038711144  2.8858437e-05  7.9239645e-05  6.4415617e-06  -2.0371386e-05  -3.9316411e-05  -4.9933034e-05  -0.00028967443  -6.8341459e-05  -5.9176919e-05  -0.00012587484  -5.6774785e-05  0.0000000   -0.0032883872  7.1027569e-05  0.00014465625  
5.7517976e-06  -2.3401321e-05  1.8153444e-05  -0.00019290927  -0.00011045958  6.9354445e-05  5.9526618e-06  -2.9584959e-06  -1.5258244e-06  0.00019728738  0.00017035938  -0.00022940023  2.0076506e-05  -0.00024838447  0.00026992622  1.7805119e-05  4.0638695e-05  1.5716202e-05  -2.3502009e-06  -4.5418066e-05  7.1235581e-06  1.6986843e-05  -0.00013165215  -2.6910831e-05  4.2333546e-05  8.9703641e-05  -6.8687947e-05  0.0032883872  0.0000000   7.4204064e-05  -9.6119874e-05  5.7517976e-06  -2.3401321e-05  1.8153444e-05  -0.00019290927  -0.00011045958  6.9354445e-05  5.9526618e-06  -2.9584959e-06  -1.5258244e-06  0.00019728738  0.00017035938  -0.00022940023  2.0076506e-05  -0.00024838447  0.00026992622  1.7805119e-05  4.0638695e-05  1.5716202e-05  -2.3502009e-06  -4.5418066e-05  7.1235581e-06  1.6986843e-05  -0.00013165215  -2.6910831e-05  4.2333546e-05  8.9703641e-05  -6.8687947e-05  0.0032883872  0.0000000   7.4204064e-05  -9.6119874e-05  
7.1458198e-05  5.1273790e-05  -1.5174740e-05  2.8297797e-05  -6.9285964e-05  -5.3312873e-05  6.4531730e-05  -1.5821162e-05  -2.8175090e-05  2.5617849e-05  3.5218731e-05  -5.6431700e-05  -9.5348536e-05  -2.4908952e-05  3.6924527e-05  2.1756140e-05  -2.2174681e-05  1.2844366e-05  7.2220642e-05  0.00019316226  -0.00014630862  -0.00024074260  -5.7336321e-06  0.00027635196  -9.3088749e-05  0.00011533968  -0.00036344142  -7.1027569e-05  -7.4204064e-05  0.0000000   -0.0097172373  7.1458198e-05  5.1273790e-05  -1.5174740e-05  2.8297797e-05  -6.9285964e-05  -5.3312873e-05  6.4531730e-05  -1.5821162e-05  -2.8175090e-05  2.5617849e-05  3.5218731e-05  -5.6431700e-05  -9.5348536e-05  -2.4908952e-05  3.6924527e-05  2.1756140e-05  -2.2174681e-05  1.2844366e-05  7.2220642e-05  0.00019316226  -0.00014630862  -0.00024074260  -5.7336321e-06  0.00027635196  -9.3088749e-05  0.00011533968  -0.00036344142  -7.1027569e-05  -7.4204064e-05  0.0000000   -0.0097172373  
-4.9762888e-05  -2.3340527e-07  2.6226522e-05  -2.6571630e-06  4.4223016e-05  -4.3918682e-05  -0.00012121539  -1.2526457e-06  -5.6133685e-05  2.9098076e-05  -5.2024643e-05  -5.1346740e-05  -0.00012540209  -1.1931155e-05  -2.6987363e-06  3.0110495e-05  -6.7792024e-06  1.3492602e-05  7.7157831e-05  0.00024135511  -9.9715536e-05  -0.00018296923  -4.3529672e-05  0.00012519039  -0.00025535346  -6.2618779e-05  -0.00048960932  -0.00014465625  9.6119874e-05  0.0097172373  0.0000000   -4.9762888e-05  -2.3340527e-07  2.6226522e-05  -2.6571630e-06  4.4223016e-05  -4.3918682e-05  -0.00012121539  -1.2526457e-06  -5.6133685e-05  2.9098076e-05  -5.2024643e-05  -5.1346740e-05  -0.00012540209  -1.1931155e-05  -2.6987363e-06  3.0110495e-05  -6.7792024e-06  1.3492602e-05  7.7157831e-05  0.00024135511  -9.9715536e-05  -0.00018296923  -4.3529672e-05  0.00012519039  -0.00025535346  -6.2618779e-05  -0.00048960932  -0.00014465625  9.6119874e-05  0.0097172373  0.0000000   
0.0000000   0.0018837531  0.00016658034  -2.3748455e-05  -7.6148349e-05  -8.7196561e-05  0.00098986641  3.4483817e-05  0.00013975337  1.9338496e-06  9.6318296e-05  -0.00011411456  -3.9841006e-05  -3.4411463e-05  6.0213666e-06  2.8788407e-05  3.3170842e-06  1.9005833e-05  2.5266620e-05  1.0568503e-05  0.00023700416  4.6893717e-05  1.0727667e-05  -4.8776954e-06  0.00011928033  -2.3646464e-05  -0.00010182170  5.8547201e-06  -5.7517976e-06  -7.1458198e-05  4.9762888e-05  0.0000000   0.0018837531  0.00016658034  -2.3748455e-05  -7.6148349e-05  -8.7196561e-05  0.00098986641  3.4483817e-05  0.00013975337  1.9338496e-06  9.6318296e-05  -0.00011411456  -3.9841006e-05  -3.4411463e-05  6.0213666e-06  2.8788407e-05  3.3170842e-06  1.9005833e-05  2.5266620e-05  1.0568503e-05  0.00023700416  4.6893717e-05  1.0727667e-05  -4.8776954e-06  0.00011928033  -2.3646464e-05  -0.00010182170  5.8547201e-06  -5.7517976e-06  -7.1458198e-05  4.9762888e-05  
-0.0018837531  0.0000000   4.7326671e-05  1.3701120e-05  6.7211506e-05  6.9478044e-05  0.00044714496  -7.7195648e-05  0.0010393202  1.7628309e-05  7.8905828e-05  8.2328982e-05  0.00031190659  2.0775136e-05  1.6043479e-05  1.6788127e-05  7.6087576e-06  -6.2731752e-06  -3.8661710e-05  -2.2009534e-05  0.00020614701  0.00019362493  1.2067407e-06  -0.00016628035  9.1006626e-05  -0.00016428962  -9.1107420e-05  5.0250843e-06  2.3401321e-05  -5.1273790e-05  2.3340527e-07  -0.0018837531  0.0000000   4.7326671e-05  1.3701120e-05  6.7211506e-05  6.9478044e-05  0.00044714496  -7.7195648e-05  0.0010393202  1.7628309e-05  7.8905828e-05  8.2328982e-05  0.00031190659  2.0775136e-05  1.6043479e-05  1.6788127e-05  7.6087576e-06  -6.2731752e-06  -3.8661710e-05  -2.2009534e-05  0.00020614701  0.00019362493  1.2067407e-06  -0.00016628035  9.1006626e-05  -0.00016428962  -9.1107420e-05  5.0250843e-06  2.3401321e-05  -5.1273790e-05  2.3340527e-07  
-0.00016658034  -4.7326671e-05  0.0000000   0.00025012733  -0.00032613216  0.0011660649  0.00018181108  0.00010829995  6.7524918e-06  -0.00069839076  -0.00011451047  -3.7717061e-05  -1.6201208e-05  1.1751760e-05  -0.00025025942  0.00020361809  -0.00018295841  -7.0057151e-05  1.0404796e-05  1.8062254e-05  5.8350484e-06  -1.6991638e-06  0.00028558730  -5.6644869e-06  -1.5630292e-05  -1.6843685e-05  -1.1859383e-05  7.3142095e-05  -1.8153444e-05  1.5174740e-05  -2.6226522e-05  -0.00016658034  -4.7326671e-05  0.0000000   0.00025012733  -0.00032613216  0.0011660649  0.00018181108  0.00010829995  6.7524918e-06  -0.00069839076  -0.00011451047  -3.7717061e-05  -1.6201208e-05  1.1751760e-05  -0.00025025942  0.00020361809  -0.00018295841  -7.0057151e-05  1.0404796e-05  1.8062254e-05  5.8350484e-06  -1.6991638e-06  0.00028558730  -5.6644869e-06  -1.5630292e-05  -1.6843685e-05  -1.1859383e-05  7.3142095e-05  -1.8153444e-05  1.5174740e-05  -2.6226522e-05  
2.3748455e-05  -1.3701120e-05  -0.00025012733  0.0000000   -0.0022009558  0.00010332505  6.7866064e-05  0.0012584595  6.2370872e-05  3.5768614e-05  0.00050054784  3.2693553e-06  3.0776014e-05  0.00026871445  -8.4718313e-05  -5.1456519e-05  0.00014779774  -0.00019204290  4.3269193e-06  -4.5629160e-06  -1.0771894e-06  -2.5912136e-06  -0.00011297790  1.4199162e-05  -1.2286310e-05  2.2366638e-05  5.2234524e-06  5.4915218e-05  0.00019290927  -2.8297797e-05  2.6571630e-06  2.3748455e-05  -1.3701120e-05  -0.00025012733  0.0000000   -0.0022009558  0.00010332505  6.7866064e-05  0.0012584595  6.2370872e-05  3.5768614e-05  0.00050054784  3.2693553e-06  3.0776014e-05  0.00026871445  -8.4718313e-05  -5.1456519e-05  0.00014779774  -0.00019204290  4.3269193e-06  -4.5629160e-06  -1.0771894e-06  -2.5912136e-06  -0.00011297790  1.4199162e-05  -1.2286310e-05  2.2366638e-05  5.2234524e-06  5.4915218e-05  0.00019290927  -2.8297797e-05  2.6571630e-06  
7.6148349e-05  -6.7211506e-05  0.00032613216  0.0022009558  0.0000000   0.0099313887  0.0018022228  0.0016247279  0.00024704281  -0.0011477697  -0.00012579814  0.00023115374  -7.4360283e-05  -8.0352431e-05  0.00017392856  -7.5481284e-06  -4.1850952e-05  -9.1561260e-05  -3.5203009e-05  4.2246543e-05  -1.2123050e-07  1.6795759e-05  8.0052769e-05  -1.2389465e-05  2.7322169e-05  5.7516280e-05  1.4203651e-07  -8.1564023e-07  0.00011045958  6.9285964e-05  -4.4223016e-05  7.6148349e-05  -6.7211506e-05  0.00032613216  0.0022009558  0.0000000   0.0099313887  0.0018022228  0.0016247279  0.00024704281  -0.0011477697  -0.00012579814  0.00023115374  -7.4360283e-05  -8.0352431e-05  0.00017392856  -7.5481284e-06  -4.1850952e-05  -9.1561260e-05  -3.5203009e-05  4.2246543e-05  -1.2123050e-07  1.6795759e-05  8.0052769e-05  -1.2389465e-05  2.7322169e-05  5.7516280e-05  1.4203651e-07  -8.1564023e-07  0.00011045958  6.9285964e-05  -4.4223016e-05  
8.7196561e-05  -6.9478044e-05  -0.0011660649  -0.00010332505  -0.0099313887  0.0000000   3.5949139e-05  0.00047198738  -0.00022275400  -0.00022085178  0.00016734319  -0.00019825379  1.1170006e-06  -0.00049349398  0.00011938490  -0.00029311653  -0.00041769520  -2.5817099e-05  2.4765109e-05  8.3859911e-05  -3.6016823e-05  -6.0159366e-05  0.00010183783  4.9328638e-05  2.6314637e-06  -4.0522294e-07  -1.1744363e-05  9.8850371e-05  -6.9354445e-05  5.3312873e-05  4.3918682e-05  8.7196561e-05  -6.9478044e-05  -0.0011660649  -0.00010332505  -0.0099313887  0.0000000   3.5949139e-05  0.00047198738  -0.00022275400  -0.00022085178  0.00016734319  -0.00019825379  1.1170006e-06  -0.00049349398  0.00011938490  -0.00029311653  -0.00041769520  -2.5817099e-05  2.4765109e-05  8.3859911e-05  -3.6016823e-05  -6.0159366e-05  0.00010183783  4.9328638e-05  2.6314637e-06  -4.0522294e-07  -1.1744363e-05  9.8850371e-05  -6.9354445e-05  5.3312873e-05  4.3918682e-05  
-0.00098986641  -0.00044714496  -0.00018181108  -6.7866064e-05  -0.0018022228  -3.5949139e-05  0.0000000   0.00011812109  0.00051706905  -5.4674924e-05  4.4350998e-05  -0.00012546555  -0.00062150354  -9.4105312e-05  4.4843922e-05  -3.4463477e-05  -4.9180889e-05  -2.4658827e-05  -0.00019634428  -0.00012935246  0.00032193104  -0.00023665715  1.9356890e-05  4.4631944e-05  -0.00011824734  6.7100967e-05  -8.8581792e-05  1.7906311e-05  -5.9526618e-06  -6.4531730e-05  0.00012121539  -0.00098986641  -0.00044714496  -0.00018181108  -6.7866064e-05  -0.0018022228  -3.5949139e-05  0.0000000   0.00011812109  0.00051706905  -5.4674924e-05  4.4350998e-05  -0.00012546555  -0.00062150354  -9.4105312e-05  4.4843922e-05  -3.4463477e-05  -4.9180889e-05  -2.4658827e-05  -0.00019634428  -0.00012935246  0.00032193104  -0.00023665715  1.9356890e-05  4.4631944e-05  -0.00011824734  6.7100967e-05  -8.8581792e-05  1.7906311e-05  -5.9526618e-06  -6.4531730e-05  0.00012121539  
-3.4483817e-05  7.7195648e-05  -0.00010829995  -0.0012584595  -0.0016247279  -0.00047198738  -0.00011812109  0.0000000   -3.6179148e-05  -0.0018018902  -0.00050090303  0.00067353825  -8.3164437e-05  0.00029333023  -0.00030700365  -3.4085924e-06  0.00013272228  -0.00022296590  -1.2038439e-05  -6.0954172e-07  5.4124748e-06  -2.8847518e-06  1.5270388e-05  -4.0220834e-06  -2.4651559e-06  -1.9685685e-05  3.2127222e-06  2.7925503e-05  2.9584959e-06  1.5821162e-05  1.2526457e-06  -3.4483817e-05  7.7195648e-05  -0.00010829995  -0.0012584595  -0.0016247279  -0.00047198738  -0.00011812109  0.0000000   -3.6179148e-05  -0.0018018902  -0.00050090303  0.00067353825  -8.3164437e-05  0.00029333023  -0.00030700365  -3.4085924e-06  0.00013272228  -0.00022296590  -1.2038439e-05  -6.0954172e-07  5.4124748e-06  -2.8847518e-06  1.5270388e-05  -4.0220834e-06  -2.4651559e-06  -1.9685685e-05  3.2127222e-06  2.7925503e-05  2.9584959e-06  1.5821162e-05  1.2526457e-06  
-0.00013975337  -0.0010393202  -6.7524918e-06  -6.2370872e-05  -0.00024704281  0.00022275400  -0.00051706905  3.6179148e-05  0.0000000   -6.4122145e-05  -4.1291945e-05  -0.00020967568  -0.00019154939  -1.1437089e-05  -2.0540503e-05  -2.9582837e-08  5.8120719e-06  -2.1760755e-06  -0.00011024892  0.00010193393  6.5290333e-05  0.00015026237  1.5515267e-05  6.6461002e-05  0.00019850135  2.6147386e-05  -0.00016191463  -6.4479921e-07  1.5258244e-06  2.8175090e-05  5.6133685e-05  -0.00013975337  -0.0010393202  -6.7524918e-06  -6.2370872e-05  -0.00024704281  0.00022275400  -0.00051706905  3.6179148e-05  0.0000000   -6.4122145e-05  -4.1291945e-05  -0.00020967568  -0.00019154939  -1.1437089e-05  -2.0540503e-05  -2.9582837e-08  5.8120719e-06  -2.1760755e-06  -0.00011024892  0.00010193393  6.5290333e-05  0.00015026237  1.5515267e-05  6.6461002e-05  0.00019850135  2.6147386e-05  -0.00016191463  -6.4479921e-07  1.5258244e-06  2.8175090e-05  5.6133685e-05  
-1.9338496e-06  -1.7628309e-05  0.00069839076  -3.5768614e-05  0.0011477697  0.00022085178  5.4674924e-05  0.0018018902  6.4122145e-05  0.0000000   -0.0011623516  -0.0011863007  9.2968999e-05  0.0013472550  0.00012250350  0.00092727007  9.1109715e-05  0.00014939535  2.9376749e-05  -3.4588909e-05  1.0069000e-05  -1.6972456e-05  0.00025604949  -4.0493826e-05  4.2551238e-05  -9.5199682e-05  1.5373294e-05  -0.00022357915  -0.00019728738  -2.5617849e-05  -2.9098076e-05  -1.9338496e-06  -1.7628309e-05  0.00069839076  -3.5768614e-05  0.0011477697  0.00022085178  5.4674924e-05  0.0018018902  6.4122145e-05  0.0000000   -0.0011623516  -0.0011863007  9.2968999e-05  0.0013472550  0.00012250350  0.00092727007  9.1109715e-05  0.00014939535  2.9376749e-05  -3.4588909e-05  1.0069000e-05  -1.6972456e-05  0.00025604949  -4.0493826e-05  4.2551238e-05  -9.5199682e-05  1.5373294e-05  -0.00022357915  -0.00019728738  -2.5617849e-05  -2.9098076e-05  
-9.6318296e-05  -7.8905828e-05  0.00011451047  -0.00050054784  0.00012579814  -0.00016734319  -4.4350998e-05  0.00050090303  4.1291945e-05  0.0011623516  0.0000000   -0.0091436989  0.0010055068  5.9830002e-05  -0.00058327955  9.8353754e-05  2.3874424e-05  0.00058175507  -5.0273245e-05  -1.7408737e-05  4.7839703e-05  -7.0034212e-05  0.00023883221  4.2123884e-05  -3.9584322e-05  5.5079239e-05  5.1674593e-05  -1.1046022e-05  -0.00017035938  -3.5218731e-05  5.2024643e-05  -9.6318296e-05  -7.8905828e-05  0.00011451047  -0.00050054784  0.00012579814  -0.00016734319  -4.4350998e-05  0.00050090303  4.1291945e-05  0.0011623516  0.0000000   -0.0091436989  0.0010055068  5.9830002e-05  -0.00058327955  9.8353754e-05  2.3874424e-05  0.00058175507  -5.0273245e-05  -1.7408737e-05  4.7839703e-05  -7.0034212e-05  0.00023883221  4.2123884e-05  -3.9584322e-05  5.5079239e-05  5.1674593e-05  -1.1046022e-05  -0.00017035938  -3.5218731e-05  5.2024643e-05  
