0.0000000   -0.0019879206  -0.0016119090  -0.00066450657  -8.1658993e-05  3.8293772e-05  -0.00022135961  0.00025723096  -0.00053533854  -7.4175488e-05  -7.8902618e-05  0.00056981991  -4.6569727e-05  -1.8726241e-05  2.7254514e-05  0.00015342364  -7.0170301e-05  -5.5787248e-05  1.9073627e-05  -9.6508117e-06  9.1927612e-05  -2.1707338e-05  0.00016062699  5.6856271e-07  -1.6129646e-05  -3.7588909e-05  1.8650048e-05  -1.6866783e-05  1.4873857e-05  2.7739511e-05  1.1067578e-05  0.0000000   -0.0019879206  -0.0016119090  -0.00066450657  -8.1658993e-05  3.8293772e-05  -0.00022135961  0.00025723096  -0.00053533854  -7.4175488e-05  -7.8902618e-05  0.00056981991  -4.6569727e-05  -1.8726241e-05  2.7254514e-05  0.00015342364  -7.0170301e-05  -5.5787248e-05  1.9073627e-05  -9.6508117e-06  9.1927612e-05  -2.1707338e-05  0.00016062699  5.6856271e-07  -1.6129646e-05  -3.7588909e-05  1.8650048e-05  -1.6866783e-05  1.4873857e-05  2.7739511e-05  1.1067578e-05  
0.0019879206  0.0000000   0.014881332  0.0014754259  0.00052982442  3.6633086e-05  0.0015078670  0.00026413936  8.4290263e-05  -0.00082884418  -9.3646623e-05  -0.00029682638  -4.0504917e-05  8.4176035e-05  -4.2079990e-05  -0.00024212065  3.9958564e-05  0.00010490824  4.3184669e-05  -3.4643344e-05  0.00012695669  5.7488665e-05  7.1134748e-05  4.5266179e-05  -3.1764989e-05  1.9373223e-05  -8.6399496e-05  -3.4511692e-05  4.4713152e-05  1.2211649e-07  0.00010445354  0.0019879206  0.0000000   0.014881332  0.0014754259  0.00052982442  3.6633086e-05  0.0015078670  0.00026413936  8.4290263e-05  -0.00082884418  -9.3646623e-05  -0.00029682638  -4.0504917e-05  8.4176035e-05  -4.2079990e-05  -0.00024212065  3.9958564e-05  0.00010490824  4.3184669e-05  -3.4643344e-05  0.00012695669  5.7488665e-05  7.1134748e-05  4.5266179e-05  -3.1764989e-05  1.9373223e-05  -8.6399496e-05  -3.4511692e-05  4.4713152e-05  1.2211649e-07  0.00010445354  
0.0016119090  -0.014881332  0.0000000   0.00059188214  0.00090758258  0.00046740259  -0.00070413511  0.00017986426  -0.00017828034  0.00018555674  -0.00014411486  -0.00011155106  8.6815378e-06  -3.6674219e-06  7.2984454e-05  3.5439294e-05  7.5464992e-05  4.4716151e-05  6.1588330e-05  8.5366993e-05  -6.4436733e-05  -9.8593794e-05  -0.00010057699  -3.7188351e-05  -1.2047096e-05  0.00014562694  -1.5633391e-05  8.2651897e-06  2.8768466e-05  -5.9978530e-05  -0.00014261270  0.0016119090  -0.014881332  0.0000000   0.00059188214  0.00090758258  0.00046740259  -0.00070413511  0.00017986426  -0.00017828034  0.00018555674  -0.00014411486  -0.00011155106  8.6815378e-06  -3.6674219e-06  7.2984454e-05  3.5439294e-05  7.5464992e-05  4.4716151e-05  6.1588330e-05  8.5366993e-05  -6.4436733e-05  -9.8593794e-05  -0.00010057699  -3.7188351e-05  -1.2047096e-05  0.00014562694  -1.5633391e-05  8.2651897e-06  2.8768466e-05  -5.9978530e-05  -0.00014261270  
0.00066450657  -0.0014754259  -0.00059188214  0.0000000   0.0021007649  -2.9733834e-05  0.00087669983  0.0015666203  0.00042869147  -0.00050805526  -2.9263599e-05  -0.00026011156  1.6145262e-07  -1.5190542e-05  0.00021803234  -0.00012552051  -2.3866398e-05  -1.4400215e-06  -3.0804600e-05  1.3654088e-05  -0.00010773405  -1.9613971e-05  -9.5411379e-05  -1.1868970e-06  2.7911248e-05  1.7924553e-06  1.3012363e-05  2.0850229e-06  4.9184277e-06  1.3744509e-05  -3.6552910e-05  0.00066450657  -0.0014754259  -0.00059188214  0.0000000   0.0021007649  -2.9733834e-05  0.00087669983  0.0015666203  0.00042869147  -0.00050805526  -2.9263599e-05  -0.00026011156  1.6145262e-07  -1.5190542e-05  0.00021803234  -0.00012552051  -2.3866398e-05  -1.4400215e-06  -3.0804600e-05  1.3654088e-05  -0.00010773405  -1.9613971e-05  -9.5411379e-05  -1.1868970e-06  2.7911248e-05  1.7924553e-06  1.3012363e-05  2.0850229e-06  4.9184277e-06  1.3744509e-05  -3.6552910e-05  
8.1658993e-05  -0.00052982442  -0.00090758258  -0.0021007649  0.0000000   -4.8756393e-05  0.0027120631  0.00026404813  -0.00087811366  -0.00090948743  -7.2226558e-05  -0.00046625279  5.5558143e-05  1.7411948e-05  0.00018032557  -0.00010569574  1.6648279e-05  4.5892014e-06  -2.6615045e-05  -3.8804437e-05  -7.0426745e-05  -2.7790218e-06  0.00024485742  -5.2160565e-06  -1.1761931e-05  2.3117264e-05  -1.2040218e-05  1.2292235e-05  -3.4630797e-05  1.6675789e-05  0.00020307779  8.1658993e-05  -0.00052982442  -0.00090758258  -0.0021007649  0.0000000   -4.8756393e-05  0.0027120631  0.00026404813  -0.00087811366  -0.00090948743  -7.2226558e-05  -0.00046625279  5.5558143e-05  1.7411948e-05  0.00018032557  -0.00010569574  1.6648279e-05  4.5892014e-06  -2.6615045e-05  -3.8804437e-05  -7.0426745e-05  -2.7790218e-06  0.00024485742  -5.2160565e-06  -1.1761931e-05  2.3117264e-05  -1.2040218e-05  1.2292235e-05  -3.4630797e-05  1.6675789e-05  0.00020307779  
-3.8293772e-05  -3.6633086e-05  -0.00046740259  2.9733834e-05  4.8756393e-05  0.0000000   -9.4297692e-05  1.3482107e-05  -0.00014046433  8.8390884e-06  0.00017124414  1.5083736e-05  8.2495465e-05  -0.00028404574  4.8423695e-05  -1.6635477e-05  -3.9804803e-06  6.2314249e-05  -0.00019892799  -3.4756206e-05  -2.6751444e-05  4.3480021e-05  1.4859212e-05  -4.7306288e-05  0.00011218565  7.1802513e-05  2.9007919e-05  0.00010513937  -3.9407669e-05  7.1158919e-05  1.4593987e-06  -3.8293772e-05  -3.6633086e-05  -0.00046740259  2.9733834e-05  4.8756393e-05  0.0000000   -9.4297692e-05  1.3482107e-05  -0.00014046433  8.8390884e-06  0.00017124414  1.5083736e-05  8.2495465e-05  -0.00028404574  4.8423695e-05  -1.6635477e-05  -3.9804803e-06  6.2314249e-05  -0.00019892799  -3.4756206e-05  -2.6751444e-05  4.3480021e-05  1.4859212e-05  -4.7306288e-05  0.00011218565  7.1802513e-05  2.9007919e-05  0.00010513937  -3.9407669e-05  7.1158919e-05  1.4593987e-06  
0.00022135961  -0.0015078670  0.00070413511  -0.00087669983  -0.0027120631  9.4297692e-05  0.0000000   -0.0017758089  0.0062745600  0.0016731556  0.00025394877  0.00021497721  -7.6636046e-05  7.4704312e-05  -0.00012703732  0.00021339355  -4.7632157e-05  7.2813671e-06  4.0760235e-05  1.1702999e-05  0.00014648164  4.7507647e-05  -0.00012116182  -1.4039620e-05  -1.7077526e-06  -3.7203533e-05  2.3068153e-05  -2.3735968e-06  1.9533870e-05  -3.2575257e-05  -0.00020021563  0.00022135961  -0.0015078670  0.00070413511  -0.00087669983  -0.0027120631  9.4297692e-05  0.0000000   -0.0017758089  0.0062745600  0.0016731556  0.00025394877  0.00021497721  -7.6636046e-05  7.4704312e-05  -0.00012703732  0.00021339355  -4.7632157e-05  7.2813671e-06  4.0760235e-05  1.1702999e-05  0.00014648164  4.7507647e-05  -0.00012116182  -1.4039620e-05  -1.7077526e-06  -3.7203533e-05  2.3068153e-05  -2.3735968e-06  1.9533870e-05  -3.2575257e-05  -0.00020021563  
-0.00025723096  -0.00026413936  -0.00017986426  -0.0015666203  -0.00026404813  -1.3482107e-05  0.0017758089  0.0000000   0.00025338899  4.2410535e-05  2.3809459e-05  8.2145505e-05  0.00010564697  -4.0405486e-05  -0.00034871358  0.00010196116  2.4388940e-05  3.9006024e-05  -1.4030464e-06  -3.8250265e-06  0.00025499934  3.0442074e-05  -0.00020370898  -9.4701855e-07  2.3206906e-06  -1.7204057e-05  -2.5118455e-05  5.1824244e-06  -1.9708823e-05  -1.2119518e-05  -5.6313250e-05  -0.00025723096  -0.00026413936  -0.00017986426  -0.0015666203  -0.00026404813  -1.3482107e-05  0.0017758089  0.0000000   0.00025338899  4.2410535e-05  2.3809459e-05  8.2145505e-05  0.00010564697  -4.0405486e-05  -0.00034871358  0.00010196116  2.4388940e-05  3.9006024e-05  -1.4030464e-06  -3.8250265e-06  0.00025499934  3.0442074e-05  -0.00020370898  -9.4701855e-07  2.3206906e-06  -1.7204057e-05  -2.5118455e-05  5.1824244e-06  -1.9708823e-05  -1.2119518e-05  -5.6313250e-05  
0.00053533854  -8.4290263e-05  0.00017828034  -0.00042869147  0.00087811366  0.00014046433  -0.0062745600  -0.00025338899  0.0000000   -0.0025863123  -0.00015040261  -0.00014330481  5.1408958e-05  -3.8219580e-05  -0.00021510515  0.00056892531  5.9938016e-06  -6.0080745e-05  -1.4015605e-05  1.4194477e-05  0.00011527319  -4.6993748e-05  -2.3566163e-05  -1.7972511e-05  -3.0057585e-05  4.3448204e-06  -7.3386388e-05  -2.5945568e-05  2.7584507e-06  -1.8034284e-05  3.7679306e-05  0.00053533854  -8.4290263e-05  0.00017828034  -0.00042869147  0.00087811366  0.00014046433  -0.0062745600  -0.00025338899  0.0000000   -0.0025863123  -0.00015040261  -0.00014330481  5.1408958e-05  -3.8219580e-05  -0.00021510515  0.00056892531  5.9938016e-06  -6.0080745e-05  -1.4015605e-05  1.4194477e-05  0.00011527319  -4.6993748e-05  -2.3566163e-05  -1.7972511e-05  -3.0057585e-05  4.3448204e-06  -7.3386388e-05  -2.5945568e-05  2.7584507e-06  -1.8034284e-05  3.7679306e-05  
7.4175488e-05  0.00082884418  -0.00018555674  0.00050805526  0.00090948743  -8.8390884e-06  -0.0016731556  -4.2410535e-05  0.0025863123  0.0000000   0.00013895258  -0.0011161000  1.6433647e-05  -0.00015003631  -3.6559895e-05  0.00037712007  -0.00052955194  -8.3666224e-05  8.9822870e-06  8.7204002e-07  -0.00027581287  -5.5707965e-05  -4.5302257e-06  -5.3892751e-06  -3.5781194e-05  -1.9769015e-05  -4.0262077e-05  -1.7747306e-05  -1.7947651e-05  -1.2328185e-05  3.7014495e-05  7.4175488e-05  0.00082884418  -0.00018555674  0.00050805526  0.00090948743  -8.8390884e-06  -0.0016731556  -4.2410535e-05  0.0025863123  0.0000000   0.00013895258  -0.0011161000  1.6433647e-05  -0.00015003631  -3.6559895e-05  0.00037712007  -0.00052955194  -8.3666224e-05  8.9822870e-06  8.7204002e-07  -0.00027581287  -5.5707965e-05  -4.5302257e-06  -5.3892751e-06  -3.5781194e-05  -1.9769015e-05  -4.0262077e-05  -1.7747306e-05  -1.7947651e-05  -1.2328185e-05  3.7014495e-05  
7.8902618e-05  9.3646623e-05  0.00014411486  2.9263599e-05  7.2226558e-05  -0.00017124414  -0.00025394877  -2.3809459e-05  0.00015040261  -0.00013895258  0.0000000   -9.1346945e-05  -0.00062925249  0.00016284880  -1.4399054e-05  -8.3092613e-06  2.8631300e-05  -0.00014629823  -0.00013763774  -3.3836257e-05  -1.3553965e-05  0.00018101593  -6.0516019e-06  4.7997294e-06  0.00014595168  -0.00011805608  -0.00030407539  -0.00019600805  0.00020793544  0.00015091835  1.1489482e-05  7.8902618e-05  9.3646623e-05  0.00014411486  2.9263599e-05  7.2226558e-05  -0.00017124414  -0.00025394877  -2.3809459e-05  0.00015040261  -0.00013895258  0.0000000   -9.1346945e-05  -0.00062925249  0.00016284880  -1.4399054e-05  -8.3092613e-06  2.8631300e-05  -0.00014629823  -0.00013763774  -3.3836257e-05  -1.3553965e-05  0.00018101593  -6.0516019e-06  4.7997294e-06  0.00014595168  -0.00011805608  -0.00030407539  -0.00019600805  0.00020793544  0.00015091835  1.1489482e-05  
-0.00056981991  0.00029682638  0.00011155106  0.00026011156  0.00046625279  -1.5083736e-05  -0.00021497721  -8.2145505e-05  0.00014330481  0.0011161000  9.1346945e-05  0.0000000   -0.00016565881  0.00016138548  5.6057743e-05  0.00093200564  -7.6510229e-05  -2.8590141e-05  1.1957939e-06  4.4490286e-05  4.8389739e-05  2.0584669e-06  0.00010225376  2.1602003e-06  1.5104511e-05  -4.5980905e-05  2.7281879e-05  -1.1618453e-05  1.7080553e-05  1.0445279e-06  1.4040557e-05  -0.00056981991  0.00029682638  0.00011155106  0.00026011156  0.00046625279  -1.5083736e-05  -0.00021497721  -8.2145505e-05  0.00014330481  0.0011161000  9.1346945e-05  0.0000000   -0.00016565881  0.00016138548  5.6057743e-05  0.00093200564  -7.6510229e-05  -2.8590141e-05  1.1957939e-06  4.4490286e-05  4.8389739e-05  2.0584669e-06  0.00010225376  2.1602003e-06  1.5104511e-05  -4.5980905e-05  2.7281879e-05  -1.1618453e-05  1.7080553e-05  1.0445279e-06  1.4040557e-05  
4.6569727e-05  4.0504917e-05  -8.6815378e-06  -1.6145262e-07  -5.5558143e-05  -8.2495465e-05  7.6636046e-05  -0.00010564697  -5.1408958e-05  -1.6433647e-05  0.00062925249  0.00016565881  0.0000000   -0.0037065262  0.00029436290  0.00034562376  -0.00019149012  0.00031449511  -0.00028865059  -0.00019843225  -4.4498940e-06  -0.00023270011  1.9172765e-05  2.9877423e-05  -4.8960592e-05  0.00028915334  -3.6902403e-05  -8.4829760e-05  -0.00010769902  2.8709709e-05  -4.9906807e-06  4.6569727e-05  4.0504917e-05  -8.6815378e-06  -1.6145262e-07  -5.5558143e-05  -8.2495465e-05  7.6636046e-05  -0.00010564697  -5.1408958e-05  -1.6433647e-05  0.00062925249  0.00016565881  0.0000000   -0.0037065262  0.00029436290  0.00034562376  -0.00019149012  0.00031449511  -0.00028865059  -0.00019843225  -4.4498940e-06  -0.00023270011  1.9172765e-05  2.9877423e-05  -4.8960592e-05  0.00028915334  -3.6902403e-05  -8.4829760e-05  -0.00010769902  2.8709709e-05  -4.9906807e-06  
1.8726241e-05  -8.4176035e-05  3.6674219e-06  1.5190542e-05  -1.7411948e-05  0.00028404574  -7.4704312e-05  4.0405486e-05  3.8219580e-05  0.00015003631  -0.00016284880  -0.00016138548  0.0037065262  0.0000000   0.00045901114  -0.00041249388  0.00015240127  0.0010678452  -1.6935608e-05  -0.00037682645  -5.8469919e-06  -3.5085539e-06  4.0988364e-05  -1.5670708e-05  0.00014378208  0.00018456818  -0.00017332158  0.00017826100  9.4472031e-05  -5.3230911e-05  2.5758081e-05  1.8726241e-05  -8.4176035e-05  3.6674219e-06  1.5190542e-05  -1.7411948e-05  0.00028404574  -7.4704312e-05  4.0405486e-05  3.8219580e-05  0.00015003631  -0.00016284880  -0.00016138548  0.0037065262  0.0000000   0.00045901114  -0.00041249388  0.00015240127  0.0010678452  -1.6935608e-05  -0.00037682645  -5.8469919e-06  -3.5085539e-06  4.0988364e-05  -1.5670708e-05  0.00014378208  0.00018456818  -0.00017332158  0.00017826100  9.4472031e-05  -5.3230911e-05  2.5758081e-05  
-2.7254514e-05  4.2079990e-05  -7.2984454e-05  -0.00021803234  -0.00018032557  -4.8423695e-05  0.00012703732  0.00034871358  0.00021510515  3.6559895e-05  1.4399054e-05  -5.6057743e-05  -0.00029436290  -0.00045901114  0.0000000   -0.0047439755  0.0010106994  5.5601102e-05  -8.7821115e-05  -4.9474877e-07  -0.00034512696  -1.5122426e-05  0.00021194388  2.8427501e-05  -6.7386852e-05  -7.1515291e-05  2.0477188e-05  -3.8054088e-05  1.7809779e-05  2.6059513e-06  0.00014219941  -2.7254514e-05  4.2079990e-05  -7.2984454e-05  -0.00021803234  -0.00018032557  -4.8423695e-05  0.00012703732  0.00034871358  0.00021510515  3.6559895e-05  1.4399054e-05  -5.6057743e-05  -0.00029436290  -0.00045901114  0.0000000   -0.0047439755  0.0010106994  5.5601102e-05  -8.7821115e-05  -4.9474877e-07  -0.00034512696  -1.5122426e-05  0.00021194388  2.8427501e-05  -6.7386852e-05  -7.1515291e-05  2.0477188e-05  -3.8054088e-05  1.7809779e-05  2.6059513e-06  0.00014219941  
-0.00015342364  0.00024212065  -3.5439294e-05  0.00012552051  0.00010569574  1.6635477e-05  -0.00021339355  -0.00010196116  -0.00056892531  -0.00037712007  8.3092613e-06  -0.00093200564  -0.00034562376  0.00041249388  0.0047439755  0.0000000   0.0041995078  0.00068920328  -2.7747937e-05  2.0199333e-05  0.00043794591  5.7419649e-05  -6.3911457e-05  -3.5803928e-05  2.2346473e-05  -8.2434931e-05  4.0892836e-05  -1.4109840e-05  -3.4796975e-05  -2.2603023e-06  4.2792351e-05  -0.00015342364  0.00024212065  -3.5439294e-05  0.00012552051  0.00010569574  1.6635477e-05  -0.00021339355  -0.00010196116  -0.00056892531  -0.00037712007  8.3092613e-06  -0.00093200564  -0.00034562376  0.00041249388  0.0047439755  0.0000000   0.0041995078  0.00068920328  -2.7747937e-05  2.0199333e-05  0.00043794591  5.7419649e-05  -6.3911457e-05  -3.5803928e-05  2.2346473e-05  -8.2434931e-05  4.0892836e-05  -1.4109840e-05  -3.4796975e-05  -2.2603023e-06  4.2792351e-05  
7.0170301e-05  -3.9958564e-05  -7.5464992e-05  2.3866398e-05  -1.6648279e-05  3.9804803e-06  4.7632157e-05  -2.4388940e-05  -5.9938016e-06  0.00052955194  -2.8631300e-05  7.6510229e-05  0.00019149012  -0.00015240127  -0.0010106994  -0.0041995078  0.0000000   -2.0396609e-05  -0.00011294669  -3.7850801e-05  -0.00029303179  -0.00010476486  0.00038807874  -3.9492382e-06  -8.8778109e-05  -5.9162347e-05  -7.1895834e-05  -6.5902340e-05  1.7539321e-05  3.5744582e-05  -7.9987267e-05  7.0170301e-05  -3.9958564e-05  -7.5464992e-05  2.3866398e-05  -1.6648279e-05  3.9804803e-06  4.7632157e-05  -2.4388940e-05  -5.9938016e-06  0.00052955194  -2.8631300e-05  7.6510229e-05  0.00019149012  -0.00015240127  -0.0010106994  -0.0041995078  0.0000000   -2.0396609e-05  -0.00011294669  -3.7850801e-05  -0.00029303179  -0.00010476486  0.00038807874  -3.9492382e-06  -8.8778109e-05  -5.9162347e-05  -7.1895834e-05  -6.5902340e-05  1.7539321e-05  3.5744582e-05  -7.9987267e-05  
5.5787248e-05  -0.00010490824  -4.4716151e-05  1.4400215e-06  -4.5892014e-06  -6.2314249e-05  -7.2813671e-06  -3.9006024e-05  6.0080745e-05  8.3666224e-05  0.00014629823  2.8590141e-05  -0.00031449511  -0.0010678452  -5.5601102e-05  -0.00068920328  2.0396609e-05  0.0000000   0.00085322527  1.8734398e-05  -7.7502153e-05  0.00061957827  7.9156728e-05  0.00018512701  -2.0165323e-05  0.00025812069  -0.00015884943  0.00032254862  -4.3313225e-05  -0.00015442188  -2.2411067e-05  5.5787248e-05  -0.00010490824  -4.4716151e-05  1.4400215e-06  -4.5892014e-06  -6.2314249e-05  -7.2813671e-06  -3.9006024e-05  6.0080745e-05  8.3666224e-05  0.00014629823  2.8590141e-05  -0.00031449511  -0.0010678452  -5.5601102e-05  -0.00068920328  2.0396609e-05  0.0000000   0.00085322527  1.8734398e-05  -7.7502153e-05  0.00061957827  7.9156728e-05  0.00018512701  -2.0165323e-05  0.00025812069  -0.00015884943  0.00032254862  -4.3313225e-05  -0.00015442188  -2.2411067e-05  
-1.9073627e-05  -4.3184669e-05  -6.1588330e-05  3.0804600e-05  2.6615045e-05  0.00019892799  -4.0760235e-05  1.4030464e-06  1.4015605e-05  -8.9822870e-06  0.00013763774  -1.1957939e-06  0.00028865059  1.6935608e-05  8.7821115e-05  2.7747937e-05  0.00011294669  -0.00085322527  0.0000000   -0.0028010189  6.3274473e-05  0.0011712727  -5.6364087e-05  0.00026056968  -1.6719223e-05  -0.00019186482  7.2783911e-05  8.4337605e-05  -0.00012434497  0.00015879251  -1.5498218e-05  -1.9073627e-05  -4.3184669e-05  -6.1588330e-05  3.0804600e-05  2.6615045e-05  0.00019892799  -4.0760235e-05  1.4030464e-06  1.4015605e-05  -8.9822870e-06  0.00013763774  -1.1957939e-06  0.00028865059  1.6935608e-05  8.7821115e-05  2.7747937e-05  0.00011294669  -0.00085322527  0.0000000   -0.0028010189  6.3274473e-05  0.0011712727  -5.6364087e-05  0.00026056968  -1.6719223e-05  -0.00019186482  7.2783911e-05  8.4337605e-05  -0.00012434497  0.00015879251  -1.5498218e-05  
9.6508117e-06  3.4643344e-05  -8.5366993e-05  -1.3654088e-05  3.8804437e-05  3.4756206e-05  -1.1702999e-05  3.8250265e-06  -1.4194477e-05  -8.7204002e-07  3.3836257e-05  -4.4490286e-05  0.00019843225  0.00037682645  4.9474877e-07  -2.0199333e-05  3.7850801e-05  -1.8734398e-05  0.0028010189  0.0000000   3.4640760e-05  0.00086080671  5.2833830e-05  0.00023990244  6.8680409e-06  0.00021199766  -0.00016525684  3.3892233e-06  -0.00024070957  6.7255602e-05  1.2296248e-05  9.6508117e-06  3.4643344e-05  -8.5366993e-05  -1.3654088e-05  3.8804437e-05  3.4756206e-05  -1.1702999e-05  3.8250265e-06  -1.4194477e-05  -8.7204002e-07  3.3836257e-05  -4.4490286e-05  0.00019843225  0.00037682645  4.9474877e-07  -2.0199333e-05  3.7850801e-05  -1.8734398e-05  0.0028010189  0.0000000   3.4640760e-05  0.00086080671  5.2833830e-05  0.00023990244  6.8680409e-06  0.00021199766  -0.00016525684  3.3892233e-06  -0.00024070957  6.7255602e-05  1.2296248e-05  
-9.1927612e-05  -0.00012695669  6.4436733e-05  0.00010773405  7.0426745e-05  2.6751444e-05  -0.00014648164  -0.00025499934  -0.00011527319  0.00027581287  1.3553965e-05  -4.8389739e-05  4.4498940e-06  5.8469919e-06  0.00034512696  -0.00043794591  0.00029303179  7.7502153e-05  -6.3274473e-05  -3.4640760e-05  0.0000000   -1.2604495e-05  0.00071819298  5.3822829e-05  -2.8158819e-05  -8.8158033e-05  9.4948090e-06  -2.2691386e-05  2.7753222e-05  -3.6804193e-05  6.3052526e-05  -9.1927612e-05  -0.00012695669  6.4436733e-05  0.00010773405  7.0426745e-05  2.6751444e-05  -0.00014648164  -0.00025499934  -0.00011527319  0.00027581287  1.3553965e-05  -4.8389739e-05  4.4498940e-06  5.8469919e-06  0.00034512696  -0.00043794591  0.00029303179  7.7502153e-05  -6.3274473e-05  -3.4640760e-05  0.0000000   -1.2604495e-05  0.00071819298  5.3822829e-05  -2.8158819e-05  -8.8158033e-05  9.4948090e-06  -2.2691386e-05  2.7753222e-05  -3.6804193e-05  6.3052526e-05  
2.1707338e-05  -5.7488665e-05  9.8593794e-05  1.9613971e-05  2.7790218e-06  -4.3480021e-05  -4.7507647e-05  -3.0442074e-05  4.6993748e-05  5.5707965e-05  -0.00018101593  -2.0584669e-06  0.00023270011  3.5085539e-06  1.5122426e-05  -5.7419649e-05  0.00010476486  -0.00061957827  -0.0011712727  -0.00086080671  1.2604495e-05  0.0000000   3.4850965e-05  -0.00088819730  -0.00016291641  0.00030568224  0.00024242577  0.00044201604  0.00014703496  0.00032670679  1.0094743e-05  2.1707338e-05  -5.7488665e-05  9.8593794e-05  1.9613971e-05  2.7790218e-06  -4.3480021e-05  -4.7507647e-05  -3.0442074e-05  4.6993748e-05  5.5707965e-05  -0.00018101593  -2.0584669e-06  0.00023270011  3.5085539e-06  1.5122426e-05  -5.7419649e-05  0.00010476486  -0.00061957827  -0.0011712727  -0.00086080671  1.2604495e-05  0.0000000   3.4850965e-05  -0.00088819730  -0.00016291641  0.00030568224  0.00024242577  0.00044201604  0.00014703496  0.00032670679  1.0094743e-05  
-0.00016062699  -7.1134748e-05  0.00010057699  9.5411379e-05  -0.00024485742  -1.4859212e-05  0.00012116182  0.00020370898  2.3566163e-05  4.5302257e-06  6.0516019e-06  -0.00010225376  -1.9172765e-05  -4.0988364e-05  -0.00021194388  6.3911457e-05  -0.00038807874  -7.9156728e-05  5.6364087e-05  -5.2833830e-05  -0.00071819298  -3.4850965e-05  0.0000000   1.8647970e-05  -2.8256397e-05  6.9622342e-05  -6.8544902e-05  -3.1225594e-05  -2.2398403e-05  9.8912598e-06  0.00040765910  -0.00016062699  -7.1134748e-05  0.00010057699  9.5411379e-05  -0.00024485742  -1.4859212e-05  0.00012116182  0.00020370898  2.3566163e-05  4.5302257e-06  6.0516019e-06  -0.00010225376  -1.9172765e-05  -4.0988364e-05  -0.00021194388  6.3911457e-05  -0.00038807874  -7.9156728e-05  5.6364087e-05  -5.2833830e-05  -0.00071819298  -3.4850965e-05  0.0000000   1.8647970e-05  -2.8256397e-05  6.9622342e-05  -6.8544902e-05  -3.1225594e-05  -2.2398403e-05  9.8912598e-06  0.00040765910  
-5.6856271e-07  -4.5266179e-05  3.7188351e-05  1.1868970e-06  5.2160565e-06  4.7306288e-05  1.4039620e-05  9.4701855e-07  1.7972511e-05  5.3892751e-06  -4.7997294e-06  -2.1602003e-06  -2.9877423e-05  1.5670708e-05  -2.8427501e-05  3.5803928e-05  3.9492382e-06  -0.00018512701  -0.00026056968  -0.00023990244  -5.3822829e-05  0.00088819730  -1.8647970e-05  0.0000000   -0.00048518021  0.00080556609  0.00050795104  -0.00016659193  0.00011398973  -0.00055449815  -4.0689967e-06  -5.6856271e-07  -4.5266179e-05  3.7188351e-05  1.1868970e-06  5.2160565e-06  4.7306288e-05  1.4039620e-05  9.4701855e-07  1.7972511e-05  5.3892751e-06  -4.7997294e-06  -2.1602003e-06  -2.9877423e-05  1.5670708e-05  -2.8427501e-05  3.5803928e-05  3.9492382e-06  -0.00018512701  -0.00026056968  -0.00023990244  -5.3822829e-05  0.00088819730  -1.8647970e-05  0.0000000   -0.00048518021  0.00080556609  0.00050795104  -0.00016659193  0.00011398973  -0.00055449815  -4.0689967e-06  
1.6129646e-05  3.1764989e-05  1.2047096e-05  -2.7911248e-05  1.1761931e-05  -0.00011218565  1.7077526e-06  -2.3206906e-06  3.0057585e-05  3.5781194e-05  -0.00014595168  -1.5104511e-05  4.8960592e-05  -0.00014378208  6.7386852e-05  -2.2346473e-05  8.8778109e-05  2.0165323e-05  1.6719223e-05  -6.8680409e-06  2.8158819e-05  0.00016291641  2.8256397e-05  0.00048518021  0.0000000   0.0027589026  2.3923490e-05  0.00012502402  0.00017900657  -4.1934325e-07  2.2987513e-05  1.6129646e-05  3.1764989e-05  1.2047096e-05  -2.7911248e-05  1.1761931e-05  -0.00011218565  1.7077526e-06  -2.3206906e-06  3.0057585e-05  3.5781194e-05  -0.00014595168  -1.5104511e-05  4.8960592e-05  -0.00014378208  6.7386852e-05  -2.2346473e-05  8.8778109e-05  2.0165323e-05  1.6719223e-05  -6.8680409e-06  2.8158819e-05  0.00016291641  2.8256397e-05  0.00048518021  0.0000000   0.0027589026  2.3923490e-05  0.00012502402  0.00017900657  -4.1934325e-07  2.2987513e-05  
3.7588909e-05  -1.9373223e-05  -0.00014562694  -1.7924553e-06  -2.3117264e-05  -7.1802513e-05  3.7203533e-05  1.7204057e-05  -4.3448204e-06  1.9769015e-05  0.00011805608  4.5980905e-05  -0.00028915334  -0.00018456818  7.1515291e-05  8.2434931e-05  5.9162347e-05  -0.00025812069  0.00019186482  -0.00021199766  8.8158033e-05  -0.00030568224  -6.9622342e-05  -0.00080556609  -0.0027589026  0.0000000   -0.0077569472  -0.0017755025  -0.00090464880  0.00011405911  0.00010589777  3.7588909e-05  -1.9373223e-05  -0.00014562694  -1.7924553e-06  -2.3117264e-05  -7.1802513e-05  3.7203533e-05  1.7204057e-05  -4.3448204e-06  1.9769015e-05  0.00011805608  4.5980905e-05  -0.00028915334  -0.00018456818  7.1515291e-05  8.2434931e-05  5.9162347e-05  -0.00025812069  0.00019186482  -0.00021199766  8.8158033e-05  -0.00030568224  -6.9622342e-05  -0.00080556609  -0.0027589026  0.0000000   -0.0077569472  -0.0017755025  -0.00090464880  0.00011405911  0.00010589777  
-1.8650048e-05  8.6399496e-05  1.5633391e-05  -1.3012363e-05  1.2040218e-05  -2.9007919e-05  -2.3068153e-05  2.5118455e-05  7.3386388e-05  4.0262077e-05  0.00030407539  -2.7281879e-05  3.6902403e-05  0.00017332158  -2.0477188e-05  -4.0892836e-05  7.1895834e-05  0.00015884943  -7.2783911e-05  0.00016525684  -9.4948090e-06  -0.00024242577  6.8544902e-05  -0.00050795104  -2.3923490e-05  0.0077569472  0.0000000   0.0018715558  -0.0010546036  0.00062461070  0.00011578440  -1.8650048e-05  8.6399496e-05  1.5633391e-05  -1.3012363e-05  1.2040218e-05  -2.9007919e-05  -2.3068153e-05  2.5118455e-05  7.3386388e-05  4.0262077e-05  0.00030407539  -2.7281879e-05  3.6902403e-05  0.00017332158  -2.0477188e-05  -4.0892836e-05  7.1895834e-05  0.00015884943  -7.2783911e-05  0.00016525684  -9.4948090e-06  -0.00024242577  6.8544902e-05  -0.00050795104  -2.3923490e-05  0.0077569472  0.0000000   0.0018715558  -0.0010546036  0.00062461070  0.00011578440  
1.6866783e-05  3.4511692e-05  -8.2651897e-06  -2.0850229e-06  -1.2292235e-05  -0.00010513937  2.3735968e-06  -5.1824244e-06  2.5945568e-05  1.7747306e-05  0.00019600805  1.1618453e-05  8.4829760e-05  -0.00017826100  3.8054088e-05  1.4109840e-05  6.5902340e-05  -0.00032254862  -8.4337605e-05  -3.3892233e-06  2.2691386e-05  -0.00044201604  3.1225594e-05  0.00016659193  -0.00012502402  0.0017755025  -0.0018715558  0.0000000   -0.0019446600  0.00050245811  8.2097889e-06  1.6866783e-05  3.4511692e-05  -8.2651897e-06  -2.0850229e-06  -1.2292235e-05  -0.00010513937  2.3735968e-06  -5.1824244e-06  2.5945568e-05  1.7747306e-05  0.00019600805  1.1618453e-05  8.4829760e-05  -0.00017826100  3.8054088e-05  1.4109840e-05  6.5902340e-05  -0.00032254862  -8.4337605e-05  -3.3892233e-06  2.2691386e-05  -0.00044201604  3.1225594e-05  0.00016659193  -0.00012502402  0.0017755025  -0.0018715558  0.0000000   -0.0019446600  0.00050245811  8.2097889e-06  
-1.4873857e-05  -4.4713152e-05  -2.8768466e-05  -4.9184277e-06  3.4630797e-05  3.9407669e-05  -1.9533870e-05  1.9708823e-05  -2.7584507e-06  1.7947651e-05  -0.00020793544  -1.7080553e-05  0.00010769902  -9.4472031e-05  -1.7809779e-05  3.4796975e-05  -1.7539321e-05  4.3313225e-05  0.00012434497  0.00024070957  -2.7753222e-05  -0.00014703496  2.2398403e-05  -0.00011398973  -0.00017900657  0.00090464880  0.0010546036  0.0019446600  0.0000000   -0.0029390242  -1.1301263e-05  -1.4873857e-05  -4.4713152e-05  -2.8768466e-05  -4.9184277e-06  3.4630797e-05  3.9407669e-05  -1.9533870e-05  1.9708823e-05  -2.7584507e-06  1.7947651e-05  -0.00020793544  -1.7080553e-05  0.00010769902  -9.4472031e-05  -1.7809779e-05  3.4796975e-05  -1.7539321e-05  4.3313225e-05  0.00012434497  0.00024070957  -2.7753222e-05  -0.00014703496  2.2398403e-05  -0.00011398973  -0.00017900657  0.00090464880  0.0010546036  0.0019446600  0.0000000   -0.0029390242  -1.1301263e-05  
-2.7739511e-05  -1.2211649e-07  5.9978530e-05  -1.3744509e-05  -1.6675789e-05  -7.1158919e-05  3.2575257e-05  1.2119518e-05  1.8034284e-05  1.2328185e-05  -0.00015091835  -1.0445279e-06  -2.8709709e-05  5.3230911e-05  -2.6059513e-06  2.2603023e-06  -3.5744582e-05  0.00015442188  -0.00015879251  -6.7255602e-05  3.6804193e-05  -0.00032670679  -9.8912598e-06  0.00055449815  4.1934325e-07  -0.00011405911  -0.00062461070  -0.00050245811  0.0029390242  0.0000000   -4.6034868e-05  -2.7739511e-05  -1.2211649e-07  5.9978530e-05  -1.3744509e-05  -1.6675789e-05  -7.1158919e-05  3.2575257e-05  1.2119518e-05  1.8034284e-05  1.2328185e-05  -0.00015091835  -1.0445279e-06  -2.8709709e-05  5.3230911e-05  -2.6059513e-06  2.2603023e-06  -3.5744582e-05  0.00015442188  -0.00015879251  -6.7255602e-05  3.6804193e-05  -0.00032670679  -9.8912598e-06  0.00055449815  4.1934325e-07  -0.00011405911  -0.00062461070  -0.00050245811  0.0029390242  0.0000000   -4.6034868e-05  
-1.1067578e-05  -0.00010445354  0.00014261270  3.6552910e-05  -0.00020307779  -1.4593987e-06  0.00020021563  5.6313250e-05  -3.7679306e-05  -3.7014495e-05  -1.1489482e-05  -1.4040557e-05  4.9906807e-06  -2.5758081e-05  -0.00014219941  -4.2792351e-05  7.9987267e-05  2.2411067e-05  1.5498218e-05  -1.2296248e-05  -6.3052526e-05  -1.0094743e-05  -0.00040765910  4.0689967e-06  -2.2987513e-05  -0.00010589777  -0.00011578440  -8.2097889e-06  1.1301263e-05  4.6034868e-05  0.0000000   -1.1067578e-05  -0.00010445354  0.00014261270  3.6552910e-05  -0.00020307779  -1.4593987e-06  0.00020021563  5.6313250e-05  -3.7679306e-05  -3.7014495e-05  -1.1489482e-05  -1.4040557e-05  4.9906807e-06  -2.5758081e-05  -0.00014219941  -4.2792351e-05  7.9987267e-05  2.2411067e-05  1.5498218e-05  -1.2296248e-05  -6.3052526e-05  -1.0094743e-05  -0.00040765910  4.0689967e-06  -2.2987513e-05  -0.00010589777  -0.00011578440  -8.2097889e-06  1.1301263e-05  4.6034868e-05  0.0000000   
0.0000000   -0.0019879206  -0.0016119090  -0.00066450657  -8.1658993e-05  3.8293772e-05  -0.00022135961  0.00025723096  -0.00053533854  -7.4175488e-05  -7.8902618e-05  0.00056981991  -4.6569727e-05  -1.8726241e-05  2.7254514e-05  0.00015342364  -7.0170301e-05  -5.5787248e-05  1.9073627e-05  -9.6508117e-06  9.1927612e-05  -2.1707338e-05  0.00016062699  5.6856271e-07  -1.6129646e-05  -3.7588909e-05  1.8650048e-05  -1.6866783e-05  1.4873857e-05  2.7739511e-05  1.1067578e-05  0.0000000   -0.0019879206  -0.0016119090  -0.00066450657  -8.1658993e-05  3.8293772e-05  -0.00022135961  0.00025723096  -0.00053533854  -7.4175488e-05  -7.8902618e-05  0.00056981991  -4.6569727e-05  -1.8726241e-05  2.7254514e-05  0.00015342364  -7.0170301e-05  -5.5787248e-05  1.9073627e-05  -9.6508117e-06  9.1927612e-05  -2.1707338e-05  0.00016062699  5.6856271e-07  -1.6129646e-05  -3.7588909e-05  1.8650048e-05  -1.6866783e-05  1.4873857e-05  2.7739511e-05  1.1067578e-05  
0.0019879206  0.0000000   0.014881332  0.0014754259  0.00052982442  3.6633086e-05  0.0015078670  0.00026413936  8.4290263e-05  -0.00082884418  -9.3646623e-05  -0.00029682638  -4.0504917e-05  8.4176035e-05  -4.2079990e-05  -0.00024212065  3.9958564e-05  0.00010490824  4.3184669e-05  -3.4643344e-05  0.00012695669  5.7488665e-05  7.1134748e-05  4.5266179e-05  -3.1764989e-05  1.9373223e-05  -8.6399496e-05  -3.4511692e-05  4.4713152e-05  1.2211649e-07  0.00010445354  0.0019879206  0.0000000   0.014881332  0.0014754259  0.00052982442  3.6633086e-05  0.0015078670  0.00026413936  8.4290263e-05  -0.00082884418  -9.3646623e-05  -0.00029682638  -4.0504917e-05  8.4176035e-05  -4.2079990e-05  -0.00024212065  3.9958564e-05  0.00010490824  4.3184669e-05  -3.4643344e-05  0.00012695669  5.7488665e-05  7.1134748e-05  4.5266179e-05  -3.1764989e-05  1.9373223e-05  -8.6399496e-05  -3.4511692e-05  4.4713152e-05  1.2211649e-07  0.00010445354  
0.0016119090  -0.014881332  0.0000000   0.00059188214  0.00090758258  0.00046740259  -0.00070413511  0.00017986426  -0.00017828034  0.00018555674  -0.00014411486  -0.00011155106  8.6815378e-06  -3.6674219e-06  7.2984454e-05  3.5439294e-05  7.5464992e-05  4.4716151e-05  6.1588330e-05  8.5366993e-05  -6.4436733e-05  -9.8593794e-05  -0.00010057699  -3.7188351e-05  -1.2047096e-05  0.00014562694  -1.5633391e-05  8.2651897e-06  2.8768466e-05  -5.9978530e-05  -0.00014261270  0.0016119090  -0.014881332  0.0000000   0.00059188214  0.00090758258  0.00046740259  -0.00070413511  0.00017986426  -0.00017828034  0.00018555674  -0.00014411486  -0.00011155106  8.6815378e-06  -3.6674219e-06  7.2984454e-05  3.5439294e-05  7.5464992e-05  4.4716151e-05  6.1588330e-05  8.5366993e-05  -6.4436733e-05  -9.8593794e-05  -0.00010057699  -3.7188351e-05  -1.2047096e-05  0.00014562694  -1.5633391e-05  8.2651897e-06  2.8768466e-05  -5.9978530e-05  -0.00014261270  
0.00066450657  -0.0014754259  -0.00059188214  0.0000000   0.0021007649  -2.9733834e-05  0.00087669983  0.0015666203  0.00042869147  -0.00050805526  -2.9263599e-05  -0.00026011156  1.6145262e-07  -1.5190542e-05  0.00021803234  -0.00012552051  -2.3866398e-05  -1.4400215e-06  -3.0804600e-05  1.3654088e-05  -0.00010773405  -1.9613971e-05  -9.5411379e-05  -1.1868970e-06  2.7911248e-05  1.7924553e-06  1.3012363e-05  2.0850229e-06  4.9184277e-06  1.3744509e-05  -3.6552910e-05  0.00066450657  -0.0014754259  -0.00059188214  0.0000000   0.0021007649  -2.9733834e-05  0.00087669983  0.0015666203  0.00042869147  -0.00050805526  -2.9263599e-05  -0.00026011156  1.6145262e-07  -1.5190542e-05  0.00021803234  -0.00012552051  -2.3866398e-05  -1.4400215e-06  -3.0804600e-05  1.3654088e-05  -0.00010773405  -1.9613971e-05  -9.5411379e-05  -1.1868970e-06  2.7911248e-05  1.7924553e-06  1.3012363e-05  2.0850229e-06  4.9184277e-06  1.3744509e-05  -3.6552910e-05  
8.1658993e-05  -0.00052982442  -0.00090758258  -0.0021007649  0.0000000   -4.8756393e-05  0.0027120631  0.00026404813  -0.00087811366  -0.00090948743  -7.2226558e-05  -0.00046625279  5.5558143e-05  1.7411948e-05  0.00018032557  -0.00010569574  1.6648279e-05  4.5892014e-06  -2.6615045e-05  -3.8804437e-05  -7.0426745e-05  -2.7790218e-06  0.00024485742  -5.2160565e-06  -1.1761931e-05  2.3117264e-05  -1.2040218e-05  1.2292235e-05  -3.4630797e-05  1.6675789e-05  0.00020307779  8.1658993e-05  -0.00052982442  -0.00090758258  -0.0021007649  0.0000000   -4.8756393e-05  0.0027120631  0.00026404813  -0.00087811366  -0.00090948743  -7.2226558e-05  -0.00046625279  5.5558143e-05  1.7411948e-05  0.00018032557  -0.00010569574  1.6648279e-05  4.5892014e-06  -2.6615045e-05  -3.8804437e-05  -7.0426745e-05  -2.7790218e-06  0.00024485742  -5.2160565e-06  -1.1761931e-05  2.3117264e-05  -1.2040218e-05  1.2292235e-05  -3.4630797e-05  1.6675789e-05  0.00020307779  
-3.8293772e-05  -3.6633086e-05  -0.00046740259  2.9733834e-05  4.8756393e-05  0.0000000   -9.4297692e-05  1.3482107e-05  -0.00014046433  8.8390884e-06  0.00017124414  1.5083736e-05  8.2495465e-05  -0.00028404574  4.8423695e-05  -1.6635477e-05  -3.9804803e-06  6.2314249e-05  -0.00019892799  -3.4756206e-05  -2.6751444e-05  4.3480021e-05  1.4859212e-05  -4.7306288e-05  0.00011218565  7.1802513e-05  2.9007919e-05  0.00010513937  -3.9407669e-05  7.1158919e-05  1.4593987e-06  -3.8293772e-05  -3.6633086e-05  -0.00046740259  2.9733834e-05  4.8756393e-05  0.0000000   -9.4297692e-05  1.3482107e-05  -0.00014046433  8.8390884e-06  0.00017124414  1.5083736e-05  8.2495465e-05  -0.00028404574  4.8423695e-05  -1.6635477e-05  -3.9804803e-06  6.2314249e-05  -0.00019892799  -3.4756206e-05  -2.6751444e-05  4.3480021e-05  1.4859212e-05  -4.7306288e-05  0.00011218565  7.1802513e-05  2.9007919e-05  0.00010513937  -3.9407669e-05  7.1158919e-05  1.4593987e-06  
0.00022135961  -0.0015078670  0.00070413511  -0.00087669983  -0.0027120631  9.4297692e-05  0.0000000   -0.0017758089  0.0062745600  0.0016731556  0.00025394877  0.00021497721  -7.6636046e-05  7.4704312e-05  -0.00012703732  0.00021339355  -4.7632157e-05  7.2813671e-06  4.0760235e-05  1.1702999e-05  0.00014648164  4.7507647e-05  -0.00012116182  -1.4039620e-05  -1.7077526e-06  -3.7203533e-05  2.3068153e-05  -2.3735968e-06  1.9533870e-05  -3.2575257e-05  -0.00020021563  0.00022135961  -0.0015078670  0.00070413511  -0.00087669983  -0.0027120631  9.4297692e-05  0.0000000   -0.0017758089  0.0062745600  0.0016731556  0.00025394877  0.00021497721  -7.6636046e-05  7.4704312e-05  -0.00012703732  0.00021339355  -4.7632157e-05  7.2813671e-06  4.0760235e-05  1.1702999e-05  0.00014648164  4.7507647e-05  -0.00012116182  -1.4039620e-05  -1.7077526e-06  -3.7203533e-05  2.3068153e-05  -2.3735968e-06  1.9533870e-05  -3.2575257e-05  -0.00020021563  
-0.00025723096  -0.00026413936  -0.00017986426  -0.0015666203  -0.00026404813  -1.3482107e-05  0.0017758089  0.0000000   0.00025338899  4.2410535e-05  2.3809459e-05  8.2145505e-05  0.00010564697  -4.0405486e-05  -0.00034871358  0.00010196116  2.4388940e-05  3.9006024e-05  -1.4030464e-06  -3.8250265e-06  0.00025499934  3.0442074e-05  -0.00020370898  -9.4701855e-07  2.3206906e-06  -1.7204057e-05  -2.5118455e-05  5.1824244e-06  -1.9708823e-05  -1.2119518e-05  -5.6313250e-05  -0.00025723096  -0.00026413936  -0.00017986426  -0.0015666203  -0.00026404813  -1.3482107e-05  0.0017758089  0.0000000   0.00025338899  4.2410535e-05  2.3809459e-05  8.2145505e-05  0.00010564697  -4.0405486e-05  -0.00034871358  0.00010196116  2.4388940e-05  3.9006024e-05  -1.4030464e-06  -3.8250265e-06  0.00025499934  3.0442074e-05  -0.00020370898  -9.4701855e-07  2.3206906e-06  -1.7204057e-05  -2.5118455e-05  5.1824244e-06  -1.9708823e-05  -1.2119518e-05  -5.6313250e-05  
0.00053533854  -8.4290263e-05  0.00017828034  -0.00042869147  0.00087811366  0.00014046433  -0.0062745600  -0.00025338899  0.0000000   -0.0025863123  -0.00015040261  -0.00014330481  5.1408958e-05  -3.8219580e-05  -0.00021510515  0.00056892531  5.9938016e-06  -6.0080745e-05  -1.4015605e-05  1.4194477e-05  0.00011527319  -4.6993748e-05  -2.3566163e-05  -1.7972511e-05  -3.0057585e-05  4.3448204e-06  -7.3386388e-05  -2.5945568e-05  2.7584507e-06  -1.8034284e-05  3.7679306e-05  0.00053533854  -8.4290263e-05  0.00017828034  -0.00042869147  0.00087811366  0.00014046433  -0.0062745600  -0.00025338899  0.0000000   -0.0025863123  -0.00015040261  -0.00014330481  5.1408958e-05  -3.8219580e-05  -0.00021510515  0.00056892531  5.9938016e-06  -6.0080745e-05  -1.4015605e-05  1.4194477e-05  0.00011527319  -4.6993748e-05  -2.3566163e-05  -1.7972511e-05  -3.0057585e-05  4.3448204e-06  -7.3386388e-05  -2.5945568e-05  2.7584507e-06  -1.8034284e-05  3.7679306e-05  
7.4175488e-05  0.00082884418  -0.00018555674  0.00050805526  0.00090948743  -8.8390884e-06  -0.0016731556  -4.2410535e-05  0.0025863123  0.0000000   0.00013895258  -0.0011161000  1.6433647e-05  -0.00015003631  -3.6559895e-05  0.00037712007  -0.00052955194  -8.3666224e-05  8.9822870e-06  8.7204002e-07  -0.00027581287  -5.5707965e-05  -4.5302257e-06  -5.3892751e-06  -3.5781194e-05  -1.9769015e-05  -4.0262077e-05  -1.7747306e-05  -1.7947651e-05  -1.2328185e-05  3.7014495e-05  7.4175488e-05  0.00082884418  -0.00018555674  0.00050805526  0.00090948743  -8.8390884e-06  -0.0016731556  -4.2410535e-05  0.0025863123  0.0000000   0.00013895258  -0.0011161000  1.6433647e-05  -0.00015003631  -3.6559895e-05  0.00037712007  -0.00052955194  -8.3666224e-05  8.9822870e-06  8.7204002e-07  -0.00027581287  -5.5707965e-05  -4.5302257e-06  -5.3892751e-06  -3.5781194e-05  -1.9769015e-05  -4.0262077e-05  -1.7747306e-05  -1.7947651e-05  -1.2328185e-05  3.7014495e-05  
7.8902618e-05  9.3646623e-05  0.00014411486  2.9263599e-05  7.2226558e-05  -0.00017124414  -0.00025394877  -2.3809459e-05  0.00015040261  -0.00013895258  0.0000000   -9.1346945e-05  -0.00062925249  0.00016284880  -1.4399054e-05  -8.3092613e-06  2.8631300e-05  -0.00014629823  -0.00013763774  -3.3836257e-05  -1.3553965e-05  0.00018101593  -6.0516019e-06  4.7997294e-06  0.00014595168  -0.00011805608  -0.00030407539  -0.00019600805  0.00020793544  0.00015091835  1.1489482e-05  7.8902618e-05  9.3646623e-05  0.00014411486  2.9263599e-05  7.2226558e-05  -0.00017124414  -0.00025394877  -2.3809459e-05  0.00015040261  -0.00013895258  0.0000000   -9.1346945e-05  -0.00062925249  0.00016284880  -1.4399054e-05  -8.3092613e-06  2.8631300e-05  -0.00014629823  -0.00013763774  -3.3836257e-05  -1.3553965e-05  0.00018101593  -6.0516019e-06  4.7997294e-06  0.00014595168  -0.00011805608  -0.00030407539  -0.00019600805  0.00020793544  0.00015091835  1.1489482e-05  
