0.0000000   -0.00023164853  -0.00028350147  -0.00014717119  0.00010163814  -0.00050829569  2.5789224e-05  -1.9181924e-05  -0.00011583219  -3.2615763e-05  0.00026845700  2.4440291e-05  0.00016139102  -0.00028490664  -0.00029769840  2.4979016e-05  2.0135481e-05  1.1937951e-05  6.9871026e-07  7.8131989e-06  -2.4457261e-06  -6.3799977e-05  -1.5942525e-05  4.3240520e-05  -0.00015541248  -6.8974491e-06  4.9323513e-05  -0.00018509892  -1.9185335e-05  -6.3118701e-05  -1.4897705e-05  0.0000000   -0.00023164853  -0.00028350147  -0.00014717119  0.00010163814  -0.00050829569  2.5789224e-05  -1.9181924e-05  -0.00011583219  -3.2615763e-05  0.00026845700  2.4440291e-05  0.00016139102  -0.00028490664  -0.00029769840  2.4979016e-05  2.0135481e-05  1.1937951e-05  6.9871026e-07  7.8131989e-06  -2.4457261e-06  -6.3799977e-05  -1.5942525e-05  4.3240520e-05  -0.00015541248  -6.8974491e-06  4.9323513e-05  -0.00018509892  -1.9185335e-05  -6.3118701e-05  -1.4897705e-05  
0.00023164853  0.0000000   0.00011339774  -5.3938261e-05  0.00084964004  0.00014646280  0.00063957815  0.00043099905  0.00050118868  0.00050366981  -0.00062595961  -0.00024493779  -0.00012789146  -9.4460391e-05  -4.6246089e-05  2.3970521e-05  8.8132119e-06  0.00015340894  3.9527139e-05  -4.1088198e-05  3.0462834e-05  2.9968177e-06  -4.2918589e-05  0.00014849193  6.6634908e-06  -5.8921050e-05  -8.5410937e-06  6.7489454e-06  0.00020922064  4.7862336e-06  8.9761542e-06  0.00023164853  0.0000000   0.00011339774  -5.3938261e-05  0.00084964004  0.00014646280  0.00063957815  0.00043099905  0.00050118868  0.00050366981  -0.00062595961  -0.00024493779  -0.00012789146  -9.4460391e-05  -4.6246089e-05  2.3970521e-05  8.8132119e-06  0.00015340894  3.9527139e-05  -4.1088198e-05  3.0462834e-05  2.9968177e-06  -4.2918589e-05  0.00014849193  6.6634908e-06  -5.8921050e-05  -8.5410937e-06  6.7489454e-06  0.00020922064  4.7862336e-06  8.9761542e-06  
0.00028350147  -0.00011339774  0.0000000   -0.0027548780  -0.00038825914  0.0073794011  -3.7697367e-05  -0.00020035802  -0.00016792858  -0.00019383022  -0.00018979777  2.0198597e-05  -0.00013910283  0.00010106435  0.00018593436  7.6538013e-05  -6.0397262e-05  1.5530602e-05  2.1139023e-05  2.0419781e-06  -4.6742992e-06  -4.7172481e-05  -4.0483503e-06  3.7133952e-05  7.1615863e-05  -2.8285501e-05  0.00011346650  -5.6080506e-05  1.7311225e-05  -1.0723189e-05  -2.1425626e-05  0.00028350147  -0.00011339774  0.0000000   -0.0027548780  -0.00038825914  0.0073794011  -3.7697367e-05  -0.00020035802  -0.00016792858  -0.00019383022  -0.00018979777  2.0198597e-05  -0.00013910283  0.00010106435  0.00018593436  7.6538013e-05  -6.0397262e-05  1.5530602e-05  2.1139023e-05  2.0419781e-06  -4.6742992e-06  -4.7172481e-05  -4.0483503e-06  3.7133952e-05  7.1615863e-05  -2.8285501e-05  0.00011346650  -5.6080506e-05  1.7311225e-05  -1.0723189e-05  -2.1425626e-05  
0.00014717119  5.3938261e-05  0.0027548780  0.0000000   -0.00042216477  -0.0027617237  3.2757402e-05  -5.2202147e-05  -3.0615814e-05  5.3520025e-05  0.00033829635  -5.7634283e-05  -1.2529346e-05  3.8015652e-05  6.9536058e-05  2.3938661e-05  -0.00017634343  -4.4938230e-05  -3.6004952e-05  -2.8325814e-05  1.0650504e-05  9.3999512e-05  -1.4930782e-05  1.1496037e-05  -0.00030167305  1.4779416e-05  6.7126425e-05  -0.00013264453  -3.1326043e-05  -0.00011010827  1.7383963e-05  0.00014717119  5.3938261e-05  0.0027548780  0.0000000   -0.00042216477  -0.0027617237  3.2757402e-05  -5.2202147e-05  -3.0615814e-05  5.3520025e-05  0.00033829635  -5.7634283e-05  -1.2529346e-05  3.8015652e-05  6.9536058e-05  2.3938661e-05  -0.00017634343  -4.4938230e-05  -3.6004952e-05  -2.8325814e-05  1.0650504e-05  9.3999512e-05  -1.4930782e-05  1.1496037e-05  -0.00030167305  1.4779416e-05  6.7126425e-05  -0.00013264453  -3.1326043e-05  -0.00011010827  1.7383963e-05  
-0.00010163814  -0.00084964004  0.00038825914  0.00042216477  0.0000000   -0.0012482408  0.0013377524  -0.00041809810  -0.00081316302  0.00028605814  -0.00085348184  0.00033282087  -0.00018107701  -8.6145202e-05  -6.6721668e-05  0.00024183559  8.0312373e-06  -3.1874019e-05  -7.0521704e-05  -4.3118369e-05  7.3062274e-05  1.1318986e-05  -8.4515461e-05  0.00023613166  1.8045176e-06  -3.4885159e-05  -2.9694115e-05  8.3764125e-06  -2.4100227e-06  -9.1053707e-07  8.5334686e-06  -0.00010163814  -0.00084964004  0.00038825914  0.00042216477  0.0000000   -0.0012482408  0.0013377524  -0.00041809810  -0.00081316302  0.00028605814  -0.00085348184  0.00033282087  -0.00018107701  -8.6145202e-05  -6.6721668e-05  0.00024183559  8.0312373e-06  -3.1874019e-05  -7.0521704e-05  -4.3118369e-05  7.3062274e-05  1.1318986e-05  -8.4515461e-05  0.00023613166  1.8045176e-06  -3.4885159e-05  -2.9694115e-05  8.3764125e-06  -2.4100227e-06  -9.1053707e-07  8.5334686e-06  
0.00050829569  -0.00014646280  -0.0073794011  0.0027617237  0.0012482408  0.0000000   3.0909895e-05  -0.00043976707  0.00020774474  -0.00012436269  0.00018283650  -4.2475021e-05  -0.00018405913  0.00037400091  -3.6394249e-05  3.5956481e-05  6.9284366e-05  -5.5772947e-05  2.0636155e-05  4.0998323e-06  3.3759239e-05  1.8984983e-05  2.2974860e-05  -6.7323109e-05  5.4224465e-05  -3.1078313e-05  0.00013201597  0.00011009862  -3.6765851e-05  5.4026130e-05  -7.4157256e-06  0.00050829569  -0.00014646280  -0.0073794011  0.0027617237  0.0012482408  0.0000000   3.0909895e-05  -0.00043976707  0.00020774474  -0.00012436269  0.00018283650  -4.2475021e-05  -0.00018405913  0.00037400091  -3.6394249e-05  3.5956481e-05  6.9284366e-05  -5.5772947e-05  2.0636155e-05  4.0998323e-06  3.3759239e-05  1.8984983e-05  2.2974860e-05  -6.7323109e-05  5.4224465e-05  -3.1078313e-05  0.00013201597  0.00011009862  -3.6765851e-05  5.4026130e-05  -7.4157256e-06  
-2.5789224e-05  -0.00063957815  3.7697367e-05  -3.2757402e-05  -0.0013377524  -3.0909895e-05  0.0000000   -0.0056825029  -0.00012083227  -0.0011062658  0.00072937543  0.00012771673  -0.00011369608  -1.5598021e-05  5.7619855e-05  0.00012074136  2.3813251e-05  -0.00049603740  -2.5274386e-05  -0.00028400191  0.00023680496  2.4379333e-05  -0.00022458213  -0.00027841319  -3.2002189e-05  5.2012817e-05  3.2820685e-05  -3.0936477e-06  -0.00021414678  -1.2699514e-05  -1.1881664e-05  -2.5789224e-05  -0.00063957815  3.7697367e-05  -3.2757402e-05  -0.0013377524  -3.0909895e-05  0.0000000   -0.0056825029  -0.00012083227  -0.0011062658  0.00072937543  0.00012771673  -0.00011369608  -1.5598021e-05  5.7619855e-05  0.00012074136  2.3813251e-05  -0.00049603740  -2.5274386e-05  -0.00028400191  0.00023680496  2.4379333e-05  -0.00022458213  -0.00027841319  -3.2002189e-05  5.2012817e-05  3.2820685e-05  -3.0936477e-06  -0.00021414678  -1.2699514e-05  -1.1881664e-05  
1.9181924e-05  -0.00043099905  0.00020035802  5.2202147e-05  0.00041809810  0.00043976707  0.0056825029  0.0000000   -0.00036831431  0.0010335536  0.00024443480  0.00057267884  -6.1100065e-05  7.9186360e-07  -2.6878916e-05  -0.00014025486  -2.8658995e-05  0.00032296169  -8.3957733e-05  4.3026328e-05  0.00031753550  1.4891396e-05  -0.00021250624  -9.9002500e-05  -5.1391760e-06  -3.7663603e-05  5.7534403e-06  1.1990713e-05  4.3348813e-05  2.6569510e-05  0.00014806837  1.9181924e-05  -0.00043099905  0.00020035802  5.2202147e-05  0.00041809810  0.00043976707  0.0056825029  0.0000000   -0.00036831431  0.0010335536  0.00024443480  0.00057267884  -6.1100065e-05  7.9186360e-07  -2.6878916e-05  -0.00014025486  -2.8658995e-05  0.00032296169  -8.3957733e-05  4.3026328e-05  0.00031753550  1.4891396e-05  -0.00021250624  -9.9002500e-05  -5.1391760e-06  -3.7663603e-05  5.7534403e-06  1.1990713e-05  4.3348813e-05  2.6569510e-05  0.00014806837  
0.00011583219  -0.00050118868  0.00016792858  3.0615814e-05  0.00081316302  -0.00020774474  0.00012083227  0.00036831431  0.0000000   -0.00059158817  4.6518509e-05  -0.0015622398  0.00029458569  0.00015500815  5.8929385e-05  0.00035839083  4.1142733e-05  0.00028612383  0.00040618947  0.00055015293  7.9443962e-05  -3.4831210e-06  0.00013223728  2.2919454e-05  -1.1677289e-05  -0.00023843491  -5.4866455e-05  2.8840637e-05  0.00022368298  1.2296255e-05  -0.00015187832  0.00011583219  -0.00050118868  0.00016792858  3.0615814e-05  0.00081316302  -0.00020774474  0.00012083227  0.00036831431  0.0000000   -0.00059158817  4.6518509e-05  -0.0015622398  0.00029458569  0.00015500815  5.8929385e-05  0.00035839083  4.1142733e-05  0.00028612383  0.00040618947  0.00055015293  7.9443962e-05  -3.4831210e-06  0.00013223728  2.2919454e-05  -1.1677289e-05  -0.00023843491  -5.4866455e-05  2.8840637e-05  0.00022368298  1.2296255e-05  -0.00015187832  
3.2615763e-05  -0.00050366981  0.00019383022  -5.3520025e-05  -0.00028605814  0.00012436269  0.0011062658  -0.0010335536  0.00059158817  0.0000000   0.0017568053  -0.00019943689  -9.0675976e-05  -1.3436083e-05  9.2123228e-05  0.00059457275  8.7638034e-05  -0.00030901527  0.00018080348  -0.00031343506  0.00029939628  2.4118486e-05  -6.4891337e-05  -0.00030413918  -2.9903179e-05  -0.00012840425  -1.0035619e-05  -7.2386701e-06  -0.00032640854  -1.6271379e-05  -6.3001370e-05  3.2615763e-05  -0.00050366981  0.00019383022  -5.3520025e-05  -0.00028605814  0.00012436269  0.0011062658  -0.0010335536  0.00059158817  0.0000000   0.0017568053  -0.00019943689  -9.0675976e-05  -1.3436083e-05  9.2123228e-05  0.00059457275  8.7638034e-05  -0.00030901527  0.00018080348  -0.00031343506  0.00029939628  2.4118486e-05  -6.4891337e-05  -0.00030413918  -2.9903179e-05  -0.00012840425  -1.0035619e-05  -7.2386701e-06  -0.00032640854  -1.6271379e-05  -6.3001370e-05  
-0.00026845700  0.00062595961  0.00018979777  -0.00033829635  0.00085348184  -0.00018283650  -0.00072937543  -0.00024443480  -4.6518509e-05  -0.0017568053  0.0000000   0.012580655  -0.00044440667  -0.00038945057  -0.00010651227  -0.0018856501  -0.00022821123  0.00011776613  -2.1256814e-05  0.00016243410  -0.00031496704  -3.9109726e-05  0.00015592340  0.00056808996  5.3183484e-06  2.8506150e-05  -5.8993963e-06  3.9392250e-05  4.3671607e-05  -8.3371536e-05  0.00013082755  -0.00026845700  0.00062595961  0.00018979777  -0.00033829635  0.00085348184  -0.00018283650  -0.00072937543  -0.00024443480  -4.6518509e-05  -0.0017568053  0.0000000   0.012580655  -0.00044440667  -0.00038945057  -0.00010651227  -0.0018856501  -0.00022821123  0.00011776613  -2.1256814e-05  0.00016243410  -0.00031496704  -3.9109726e-05  0.00015592340  0.00056808996  5.3183484e-06  2.8506150e-05  -5.8993963e-06  3.9392250e-05  4.3671607e-05  -8.3371536e-05  0.00013082755  
-2.4440291e-05  0.00024493779  -2.0198597e-05  5.7634283e-05  -0.00033282087  4.2475021e-05  -0.00012771673  -0.00057267884  0.0015622398  0.00019943689  -0.012580655  0.0000000   0.0010295551  0.00012899280  -0.00053181771  -0.00075255790  -5.5233276e-05  0.00058471512  0.00046557773  0.00069628609  -0.00030552192  -0.00013912448  0.00013177017  3.8768600e-05  -5.2773493e-06  0.00016932803  3.6518003e-05  3.1938222e-05  8.3658185e-05  -3.8129659e-05  -0.00029026253  -2.4440291e-05  0.00024493779  -2.0198597e-05  5.7634283e-05  -0.00033282087  4.2475021e-05  -0.00012771673  -0.00057267884  0.0015622398  0.00019943689  -0.012580655  0.0000000   0.0010295551  0.00012899280  -0.00053181771  -0.00075255790  -5.5233276e-05  0.00058471512  0.00046557773  0.00069628609  -0.00030552192  -0.00013912448  0.00013177017  3.8768600e-05  -5.2773493e-06  0.00016932803  3.6518003e-05  3.1938222e-05  8.3658185e-05  -3.8129659e-05  -0.00029026253  
-0.00016139102  0.00012789146  0.00013910283  1.2529346e-05  0.00018107701  0.00018405913  0.00011369608  6.1100065e-05  -0.00029458569  9.0675976e-05  0.00044440667  -0.0010295551  0.0000000   0.00010177938  -0.00026955698  0.0012664591  -0.00019633188  -0.0011177992  -0.00059899773  -0.00061050206  7.2780846e-05  9.0250903e-07  0.00073157024  -0.00012417527  -0.00013638583  9.6399002e-05  -5.5385804e-05  -7.3276764e-05  -0.00018738251  -0.00010197447  3.7206439e-05  -0.00016139102  0.00012789146  0.00013910283  1.2529346e-05  0.00018107701  0.00018405913  0.00011369608  6.1100065e-05  -0.00029458569  9.0675976e-05  0.00044440667  -0.0010295551  0.0000000   0.00010177938  -0.00026955698  0.0012664591  -0.00019633188  -0.0011177992  -0.00059899773  -0.00061050206  7.2780846e-05  9.0250903e-07  0.00073157024  -0.00012417527  -0.00013638583  9.6399002e-05  -5.5385804e-05  -7.3276764e-05  -0.00018738251  -0.00010197447  3.7206439e-05  
0.00028490664  9.4460391e-05  -0.00010106435  -3.8015652e-05  8.6145202e-05  -0.00037400091  1.5598021e-05  -7.9186360e-07  -0.00015500815  1.3436083e-05  0.00038945057  -0.00012899280  -0.00010177938  0.0000000   0.00074861722  0.00043670005  0.00063204957  -0.00049975185  -0.00028791778  -0.00029859761  1.8653417e-05  3.6327771e-05  0.00032081318  -8.6865428e-05  0.00030242652  1.9019029e-05  6.1853682e-05  3.1900316e-05  -0.00010526325  0.00010141610  2.4659842e-05  0.00028490664  9.4460391e-05  -0.00010106435  -3.8015652e-05  8.6145202e-05  -0.00037400091  1.5598021e-05  -7.9186360e-07  -0.00015500815  1.3436083e-05  0.00038945057  -0.00012899280  -0.00010177938  0.0000000   0.00074861722  0.00043670005  0.00063204957  -0.00049975185  -0.00028791778  -0.00029859761  1.8653417e-05  3.6327771e-05  0.00032081318  -8.6865428e-05  0.00030242652  1.9019029e-05  6.1853682e-05  3.1900316e-05  -0.00010526325  0.00010141610  2.4659842e-05  
0.00029769840  4.6246089e-05  -0.00018593436  -6.9536058e-05  6.6721668e-05  3.6394249e-05  -5.7619855e-05  2.6878916e-05  -5.8929385e-05  -9.2123228e-05  0.00010651227  0.00053181771  0.00026955698  -0.00074861722  0.0000000   -0.00010378335  0.0011617832  -3.9596328e-05  -0.00010009205  -5.4339317e-05  3.7174812e-06  -0.00028770779  9.9582608e-05  1.1774674e-05  3.1786064e-05  -2.9470441e-05  0.00018613945  9.6410608e-05  -1.6468310e-05  0.00036783803  -1.7848786e-05  0.00029769840  4.6246089e-05  -0.00018593436  -6.9536058e-05  6.6721668e-05  3.6394249e-05  -5.7619855e-05  2.6878916e-05  -5.8929385e-05  -9.2123228e-05  0.00010651227  0.00053181771  0.00026955698  -0.00074861722  0.0000000   -0.00010378335  0.0011617832  -3.9596328e-05  -0.00010009205  -5.4339317e-05  3.7174812e-06  -0.00028770779  9.9582608e-05  1.1774674e-05  3.1786064e-05  -2.9470441e-05  0.00018613945  9.6410608e-05  -1.6468310e-05  0.00036783803  -1.7848786e-05  
-2.4979016e-05  -2.3970521e-05  -7.6538013e-05  -2.3938661e-05  -0.00024183559  -3.5956481e-05  -0.00012074136  0.00014025486  -0.00035839083  -0.00059457275  0.0018856501  0.00075255790  -0.0012664591  -0.00043670005  0.00010378335  0.0000000   -5.2957815e-05  0.00091372461  0.0010128878  -0.00037859018  0.00059816247  -1.8356300e-05  0.00011102889  -0.00036635740  -5.0882466e-05  -0.00014358424  -6.5302807e-05  1.8210031e-05  -4.0045930e-06  -3.4593302e-05  1.6682266e-05  -2.4979016e-05  -2.3970521e-05  -7.6538013e-05  -2.3938661e-05  -0.00024183559  -3.5956481e-05  -0.00012074136  0.00014025486  -0.00035839083  -0.00059457275  0.0018856501  0.00075255790  -0.0012664591  -0.00043670005  0.00010378335  0.0000000   -5.2957815e-05  0.00091372461  0.0010128878  -0.00037859018  0.00059816247  -1.8356300e-05  0.00011102889  -0.00036635740  -5.0882466e-05  -0.00014358424  -6.5302807e-05  1.8210031e-05  -4.0045930e-06  -3.4593302e-05  1.6682266e-05  
-2.0135481e-05  -8.8132119e-06  6.0397262e-05  0.00017634343  -8.0312373e-06  -6.9284366e-05  -2.3813251e-05  2.8658995e-05  -4.1142733e-05  -8.7638034e-05  0.00022821123  5.5233276e-05  0.00019633188  -0.00063204957  -0.0011617832  5.2957815e-05  0.0000000   0.00011594228  0.00013321619  -6.0046320e-05  4.3724252e-05  0.00028515082  3.3104847e-05  -7.6246253e-06  -0.00026102183  -3.8075856e-05  0.00028244318  -0.00019367341  -7.5203082e-06  0.00019762106  -2.3350630e-05  -2.0135481e-05  -8.8132119e-06  6.0397262e-05  0.00017634343  -8.0312373e-06  -6.9284366e-05  -2.3813251e-05  2.8658995e-05  -4.1142733e-05  -8.7638034e-05  0.00022821123  5.5233276e-05  0.00019633188  -0.00063204957  -0.0011617832  5.2957815e-05  0.0000000   0.00011594228  0.00013321619  -6.0046320e-05  4.3724252e-05  0.00028515082  3.3104847e-05  -7.6246253e-06  -0.00026102183  -3.8075856e-05  0.00028244318  -0.00019367341  -7.5203082e-06  0.00019762106  -2.3350630e-05  
-1.1937951e-05  -0.00015340894  -1.5530602e-05  4.4938230e-05  3.1874019e-05  5.5772947e-05  0.00049603740  -0.00032296169  -0.00028612383  0.00030901527  -0.00011776613  -0.00058471512  0.0011177992  0.00049975185  3.9596328e-05  -0.00091372461  -0.00011594228  0.0000000   -0.0011183060  0.00010559833  0.00055179092  5.6936952e-05  -0.00018042765  0.00022077491  1.3050870e-05  -0.00013753610  2.9647384e-05  2.1549518e-06  0.00021109187  3.3949696e-05  0.00018935279  -1.1937951e-05  -0.00015340894  -1.5530602e-05  4.4938230e-05  3.1874019e-05  5.5772947e-05  0.00049603740  -0.00032296169  -0.00028612383  0.00030901527  -0.00011776613  -0.00058471512  0.0011177992  0.00049975185  3.9596328e-05  -0.00091372461  -0.00011594228  0.0000000   -0.0011183060  0.00010559833  0.00055179092  5.6936952e-05  -0.00018042765  0.00022077491  1.3050870e-05  -0.00013753610  2.9647384e-05  2.1549518e-06  0.00021109187  3.3949696e-05  0.00018935279  
-6.9871026e-07  -3.9527139e-05  -2.1139023e-05  3.6004952e-05  7.0521704e-05  -2.0636155e-05  2.5274386e-05  8.3957733e-05  -0.00040618947  -0.00018080348  2.1256814e-05  -0.00046557773  0.00059899773  0.00028791778  0.00010009205  -0.0010128878  -0.00013321619  0.0011183060  0.0000000   -0.0025556088  0.00072405606  9.4912194e-06  0.00017428359  -0.00031907572  -8.6957788e-05  -0.00064525832  -0.00011615724  -1.3765496e-05  -5.4437953e-05  1.2608854e-05  0.00026134155  -6.9871026e-07  -3.9527139e-05  -2.1139023e-05  3.6004952e-05  7.0521704e-05  -2.0636155e-05  2.5274386e-05  8.3957733e-05  -0.00040618947  -0.00018080348  2.1256814e-05  -0.00046557773  0.00059899773  0.00028791778  0.00010009205  -0.0010128878  -0.00013321619  0.0011183060  0.0000000   -0.0025556088  0.00072405606  9.4912194e-06  0.00017428359  -0.00031907572  -8.6957788e-05  -0.00064525832  -0.00011615724  -1.3765496e-05  -5.4437953e-05  1.2608854e-05  0.00026134155  
-7.8131989e-06  4.1088198e-05  -2.0419781e-06  2.8325814e-05  4.3118369e-05  -4.0998323e-06  0.00028400191  -4.3026328e-05  -0.00055015293  0.00031343506  -0.00016243410  -0.00069628609  0.00061050206  0.00029859761  5.4339317e-05  0.00037859018  6.0046320e-05  -0.00010559833  0.0025556088  0.0000000   -0.00095752468  -3.9028122e-05  -6.9938169e-05  2.2444025e-05  3.2630933e-05  -0.00038581393  -1.5331485e-05  -2.2546992e-05  8.4607341e-07  2.8287416e-05  0.00020437247  -7.8131989e-06  4.1088198e-05  -2.0419781e-06  2.8325814e-05  4.3118369e-05  -4.0998323e-06  0.00028400191  -4.3026328e-05  -0.00055015293  0.00031343506  -0.00016243410  -0.00069628609  0.00061050206  0.00029859761  5.4339317e-05  0.00037859018  6.0046320e-05  -0.00010559833  0.0025556088  0.0000000   -0.00095752468  -3.9028122e-05  -6.9938169e-05  2.2444025e-05  3.2630933e-05  -0.00038581393  -1.5331485e-05  -2.2546992e-05  8.4607341e-07  2.8287416e-05  0.00020437247  
2.4457261e-06  -3.0462834e-05  4.6742992e-06  -1.0650504e-05  -7.3062274e-05  -3.3759239e-05  -0.00023680496  -0.00031753550  -7.9443962e-05  -0.00029939628  0.00031496704  0.00030552192  -7.2780846e-05  -1.8653417e-05  -3.7174812e-06  -0.00059816247  -4.3724252e-05  -0.00055179092  -0.00072405606  0.00095752468  0.0000000   -2.1466018e-05  0.00091683184  3.9015909e-05  -5.9992669e-06  0.00033656254  3.7190443e-05  5.4755137e-05  0.00027834317  -1.4305458e-05  -0.00014915167  2.4457261e-06  -3.0462834e-05  4.6742992e-06  -1.0650504e-05  -7.3062274e-05  -3.3759239e-05  -0.00023680496  -0.00031753550  -7.9443962e-05  -0.00029939628  0.00031496704  0.00030552192  -7.2780846e-05  -1.8653417e-05  -3.7174812e-06  -0.00059816247  -4.3724252e-05  -0.00055179092  -0.00072405606  0.00095752468  0.0000000   -2.1466018e-05  0.00091683184  3.9015909e-05  -5.9992669e-06  0.00033656254  3.7190443e-05  5.4755137e-05  0.00027834317  -1.4305458e-05  -0.00014915167  
6.3799977e-05  -2.9968177e-06  4.7172481e-05  -9.3999512e-05  -1.1318986e-05  -1.8984983e-05  -2.4379333e-05  -1.4891396e-05  3.4831210e-06  -2.4118486e-05  3.9109726e-05  0.00013912448  -9.0250903e-07  -3.6327771e-05  0.00028770779  1.8356300e-05  -0.00028515082  -5.6936952e-05  -9.4912194e-06  3.9028122e-05  2.1466018e-05  0.0000000   2.0107610e-05  0.00016989254  -0.00052751108  1.0015536e-05  8.2019662e-05  0.00016312018  8.2439760e-08  0.00048716980  -3.3357613e-05  6.3799977e-05  -2.9968177e-06  4.7172481e-05  -9.3999512e-05  -1.1318986e-05  -1.8984983e-05  -2.4379333e-05  -1.4891396e-05  3.4831210e-06  -2.4118486e-05  3.9109726e-05  0.00013912448  -9.0250903e-07  -3.6327771e-05  0.00028770779  1.8356300e-05  -0.00028515082  -5.6936952e-05  -9.4912194e-06  3.9028122e-05  2.1466018e-05  0.0000000   2.0107610e-05  0.00016989254  -0.00052751108  1.0015536e-05  8.2019662e-05  0.00016312018  8.2439760e-08  0.00048716980  -3.3357613e-05  
1.5942525e-05  4.2918589e-05  4.0483503e-06  1.4930782e-05  8.4515461e-05  -2.2974860e-05  0.00022458213  0.00021250624  -0.00013223728  6.4891337e-05  -0.00015592340  -0.00013177017  -0.00073157024  -0.00032081318  -9.9582608e-05  -0.00011102889  -3.3104847e-05  0.00018042765  -0.00017428359  6.9938169e-05  -0.00091683184  -2.0107610e-05  0.0000000   -0.0020832773  -0.00037092117  0.00049397489  0.00015058435  0.00011574982  -5.4818020e-05  4.1204136e-05  -6.7746962e-05  1.5942525e-05  4.2918589e-05  4.0483503e-06  1.4930782e-05  8.4515461e-05  -2.2974860e-05  0.00022458213  0.00021250624  -0.00013223728  6.4891337e-05  -0.00015592340  -0.00013177017  -0.00073157024  -0.00032081318  -9.9582608e-05  -0.00011102889  -3.3104847e-05  0.00018042765  -0.00017428359  6.9938169e-05  -0.00091683184  -2.0107610e-05  0.0000000   -0.0020832773  -0.00037092117  0.00049397489  0.00015058435  0.00011574982  -5.4818020e-05  4.1204136e-05  -6.7746962e-05  
-4.3240520e-05  -0.00014849193  -3.7133952e-05  -1.1496037e-05  -0.00023613166  6.7323109e-05  0.00027841319  9.9002500e-05  -2.2919454e-05  0.00030413918  -0.00056808996  -3.8768600e-05  0.00012417527  8.6865428e-05  -1.1774674e-05  0.00036635740  7.6246253e-06  -0.00022077491  0.00031907572  -2.2444025e-05  -3.9015909e-05  -0.00016989254  0.0020832773  0.0000000   -8.9876860e-05  -0.00042194576  -0.00038061823  6.3822309e-05  -0.00075499936  -6.4413668e-05  0.00049933070  -4.3240520e-05  -0.00014849193  -3.7133952e-05  -1.1496037e-05  -0.00023613166  6.7323109e-05  0.00027841319  9.9002500e-05  -2.2919454e-05  0.00030413918  -0.00056808996  -3.8768600e-05  0.00012417527  8.6865428e-05  -1.1774674e-05  0.00036635740  7.6246253e-06  -0.00022077491  0.00031907572  -2.2444025e-05  -3.9015909e-05  -0.00016989254  0.0020832773  0.0000000   -8.9876860e-05  -0.00042194576  -0.00038061823  6.3822309e-05  -0.00075499936  -6.4413668e-05  0.00049933070  
0.00015541248  -6.6634908e-06  -7.1615863e-05  0.00030167305  -1.8045176e-06  -5.4224465e-05  3.2002189e-05  5.1391760e-06  1.1677289e-05  2.9903179e-05  -5.3183484e-06  5.2773493e-06  0.00013638583  -0.00030242652  -3.1786064e-05  5.0882466e-05  0.00026102183  -1.3050870e-05  8.6957788e-05  -3.2630933e-05  5.9992669e-06  0.00052751108  0.00037092117  8.9876860e-05  0.0000000   -0.00041484089  0.0022257961  0.00061416113  -0.00017579286  0.00072821244  4.8696750e-06  0.00015541248  -6.6634908e-06  -7.1615863e-05  0.00030167305  -1.8045176e-06  -5.4224465e-05  3.2002189e-05  5.1391760e-06  1.1677289e-05  2.9903179e-05  -5.3183484e-06  5.2773493e-06  0.00013638583  -0.00030242652  -3.1786064e-05  5.0882466e-05  0.00026102183  -1.3050870e-05  8.6957788e-05  -3.2630933e-05  5.9992669e-06  0.00052751108  0.00037092117  8.9876860e-05  0.0000000   -0.00041484089  0.0022257961  0.00061416113  -0.00017579286  0.00072821244  4.8696750e-06  
6.8974491e-06  5.8921050e-05  2.8285501e-05  -1.4779416e-05  3.4885159e-05  3.1078313e-05  -5.2012817e-05  3.7663603e-05  0.00023843491  0.00012840425  -2.8506150e-05  -0.00016932803  -9.6399002e-05  -1.9019029e-05  2.9470441e-05  0.00014358424  3.8075856e-05  0.00013753610  0.00064525832  0.00038581393  -0.00033656254  -1.0015536e-05  -0.00049397489  0.00042194576  0.00041484089  0.0000000   -5.3262466e-05  -0.00061317565  -0.00041764705  -0.00016921962  -0.00033842110  6.8974491e-06  5.8921050e-05  2.8285501e-05  -1.4779416e-05  3.4885159e-05  3.1078313e-05  -5.2012817e-05  3.7663603e-05  0.00023843491  0.00012840425  -2.8506150e-05  -0.00016932803  -9.6399002e-05  -1.9019029e-05  2.9470441e-05  0.00014358424  3.8075856e-05  0.00013753610  0.00064525832  0.00038581393  -0.00033656254  -1.0015536e-05  -0.00049397489  0.00042194576  0.00041484089  0.0000000   -5.3262466e-05  -0.00061317565  -0.00041764705  -0.00016921962  -0.00033842110  
-4.9323513e-05  8.5410937e-06  -0.00011346650  -6.7126425e-05  2.9694115e-05  -0.00013201597  -3.2820685e-05  -5.7534403e-06  5.4866455e-05  1.0035619e-05  5.8993963e-06  -3.6518003e-05  5.5385804e-05  -6.1853682e-05  -0.00018613945  6.5302807e-05  -0.00028244318  -2.9647384e-05  0.00011615724  1.5331485e-05  -3.7190443e-05  -8.2019662e-05  -0.00015058435  0.00038061823  -0.0022257961  5.3262466e-05  0.0000000   0.0039667289  -8.6113445e-05  0.00078400105  -0.00017252967  -4.9323513e-05  8.5410937e-06  -0.00011346650  -6.7126425e-05  2.9694115e-05  -0.00013201597  -3.2820685e-05  -5.7534403e-06  5.4866455e-05  1.0035619e-05  5.8993963e-06  -3.6518003e-05  5.5385804e-05  -6.1853682e-05  -0.00018613945  6.5302807e-05  -0.00028244318  -2.9647384e-05  0.00011615724  1.5331485e-05  -3.7190443e-05  -8.2019662e-05  -0.00015058435  0.00038061823  -0.0022257961  5.3262466e-05  0.0000000   0.0039667289  -8.6113445e-05  0.00078400105  -0.00017252967  
0.00018509892  -6.7489454e-06  5.6080506e-05  0.00013264453  -8.3764125e-06  -0.00011009862  3.0936477e-06  -1.1990713e-05  -2.8840637e-05  7.2386701e-06  -3.9392250e-05  -3.1938222e-05  7.3276764e-05  -3.1900316e-05  -9.6410608e-05  -1.8210031e-05  0.00019367341  -2.1549518e-06  1.3765496e-05  2.2546992e-05  -5.4755137e-05  -0.00016312018  -0.00011574982  -6.3822309e-05  -0.00061416113  0.00061317565  -0.0039667289  0.0000000   -9.5800205e-05  0.00058151819  -1.2963565e-05  0.00018509892  -6.7489454e-06  5.6080506e-05  0.00013264453  -8.3764125e-06  -0.00011009862  3.0936477e-06  -1.1990713e-05  -2.8840637e-05  7.2386701e-06  -3.9392250e-05  -3.1938222e-05  7.3276764e-05  -3.1900316e-05  -9.6410608e-05  -1.8210031e-05  0.00019367341  -2.1549518e-06  1.3765496e-05  2.2546992e-05  -5.4755137e-05  -0.00016312018  -0.00011574982  -6.3822309e-05  -0.00061416113  0.00061317565  -0.0039667289  0.0000000   -9.5800205e-05  0.00058151819  -1.2963565e-05  
1.9185335e-05  -0.00020922064  -1.7311225e-05  3.1326043e-05  2.4100227e-06  3.6765851e-05  0.00021414678  -4.3348813e-05  -0.00022368298  0.00032640854  -4.3671607e-05  -8.3658185e-05  0.00018738251  0.00010526325  1.6468310e-05  4.0045930e-06  7.5203082e-06  -0.00021109187  5.4437953e-05  -8.4607341e-07  -0.00027834317  -8.2439760e-08  5.4818020e-05  0.00075499936  0.00017579286  0.00041764705  8.6113445e-05  9.5800205e-05  0.0000000   0.00017938821  0.0019985244  1.9185335e-05  -0.00020922064  -1.7311225e-05  3.1326043e-05  2.4100227e-06  3.6765851e-05  0.00021414678  -4.3348813e-05  -0.00022368298  0.00032640854  -4.3671607e-05  -8.3658185e-05  0.00018738251  0.00010526325  1.6468310e-05  4.0045930e-06  7.5203082e-06  -0.00021109187  5.4437953e-05  -8.4607341e-07  -0.00027834317  -8.2439760e-08  5.4818020e-05  0.00075499936  0.00017579286  0.00041764705  8.6113445e-05  9.5800205e-05  0.0000000   0.00017938821  0.0019985244  
6.3118701e-05  -4.7862336e-06  1.0723189e-05  0.00011010827  9.1053707e-07  -5.4026130e-05  1.2699514e-05  -2.6569510e-05  -1.2296255e-05  1.6271379e-05  8.3371536e-05  3.8129659e-05  0.00010197447  -0.00010141610  -0.00036783803  3.4593302e-05  -0.00019762106  -3.3949696e-05  -1.2608854e-05  -2.8287416e-05  1.4305458e-05  -0.00048716980  -4.1204136e-05  6.4413668e-05  -0.00072821244  0.00016921962  -0.00078400105  -0.00058151819  -0.00017938821  0.0000000   5.9105824e-05  6.3118701e-05  -4.7862336e-06  1.0723189e-05  0.00011010827  9.1053707e-07  -5.4026130e-05  1.2699514e-05  -2.6569510e-05  -1.2296255e-05  1.6271379e-05  8.3371536e-05  3.8129659e-05  0.00010197447  -0.00010141610  -0.00036783803  3.4593302e-05  -0.00019762106  -3.3949696e-05  -1.2608854e-05  -2.8287416e-05  1.4305458e-05  -0.00048716980  -4.1204136e-05  6.4413668e-05  -0.00072821244  0.00016921962  -0.00078400105  -0.00058151819  -0.00017938821  0.0000000   5.9105824e-05  
1.4897705e-05  -8.9761542e-06  2.1425626e-05  -1.7383963e-05  -8.5334686e-06  7.4157256e-06  1.1881664e-05  -0.00014806837  0.00015187832  6.3001370e-05  -0.00013082755  0.00029026253  -3.7206439e-05  -2.4659842e-05  1.7848786e-05  -1.6682266e-05  2.3350630e-05  -0.00018935279  -0.00026134155  -0.00020437247  0.00014915167  3.3357613e-05  6.7746962e-05  -0.00049933070  -4.8696750e-06  0.00033842110  0.00017252967  1.2963565e-05  -0.0019985244  -5.9105824e-05  0.0000000   1.4897705e-05  -8.9761542e-06  2.1425626e-05  -1.7383963e-05  -8.5334686e-06  7.4157256e-06  1.1881664e-05  -0.00014806837  0.00015187832  6.3001370e-05  -0.00013082755  0.00029026253  -3.7206439e-05  -2.4659842e-05  1.7848786e-05  -1.6682266e-05  2.3350630e-05  -0.00018935279  -0.00026134155  -0.00020437247  0.00014915167  3.3357613e-05  6.7746962e-05  -0.00049933070  -4.8696750e-06  0.00033842110  0.00017252967  1.2963565e-05  -0.0019985244  -5.9105824e-05  0.0000000   
0.0000000   -0.00023164853  -0.00028350147  -0.00014717119  0.00010163814  -0.00050829569  2.5789224e-05  -1.9181924e-05  -0.00011583219  -3.2615763e-05  0.00026845700  2.4440291e-05  0.00016139102  -0.00028490664  -0.00029769840  2.4979016e-05  2.0135481e-05  1.1937951e-05  6.9871026e-07  7.8131989e-06  -2.4457261e-06  -6.3799977e-05  -1.5942525e-05  4.3240520e-05  -0.00015541248  -6.8974491e-06  4.9323513e-05  -0.00018509892  -1.9185335e-05  -6.3118701e-05  -1.4897705e-05  0.0000000   -0.00023164853  -0.00028350147  -0.00014717119  0.00010163814  -0.00050829569  2.5789224e-05  -1.9181924e-05  -0.00011583219  -3.2615763e-05  0.00026845700  2.4440291e-05  0.00016139102  -0.00028490664  -0.00029769840  2.4979016e-05  2.0135481e-05  1.1937951e-05  6.9871026e-07  7.8131989e-06  -2.4457261e-06  -6.3799977e-05  -1.5942525e-05  4.3240520e-05  -0.00015541248  -6.8974491e-06  4.9323513e-05  -0.00018509892  -1.9185335e-05  -6.3118701e-05  -1.4897705e-05  
0.00023164853  0.0000000   0.00011339774  -5.3938261e-05  0.00084964004  0.00014646280  0.00063957815  0.00043099905  0.00050118868  0.00050366981  -0.00062595961  -0.00024493779  -0.00012789146  -9.4460391e-05  -4.6246089e-05  2.3970521e-05  8.8132119e-06  0.00015340894  3.9527139e-05  -4.1088198e-05  3.0462834e-05  2.9968177e-06  -4.2918589e-05  0.00014849193  6.6634908e-06  -5.8921050e-05  -8.5410937e-06  6.7489454e-06  0.00020922064  4.7862336e-06  8.9761542e-06  0.00023164853  0.0000000   0.00011339774  -5.3938261e-05  0.00084964004  0.00014646280  0.00063957815  0.00043099905  0.00050118868  0.00050366981  -0.00062595961  -0.00024493779  -0.00012789146  -9.4460391e-05  -4.6246089e-05  2.3970521e-05  8.8132119e-06  0.00015340894  3.9527139e-05  -4.1088198e-05  3.0462834e-05  2.9968177e-06  -4.2918589e-05  0.00014849193  6.6634908e-06  -5.8921050e-05  -8.5410937e-06  6.7489454e-06  0.00020922064  4.7862336e-06  8.9761542e-06  
0.00028350147  -0.00011339774  0.0000000   -0.0027548780  -0.00038825914  0.0073794011  -3.7697367e-05  -0.00020035802  -0.00016792858  -0.00019383022  -0.00018979777  2.0198597e-05  -0.00013910283  0.00010106435  0.00018593436  7.6538013e-05  -6.0397262e-05  1.5530602e-05  2.1139023e-05  2.0419781e-06  -4.6742992e-06  -4.7172481e-05  -4.0483503e-06  3.7133952e-05  7.1615863e-05  -2.8285501e-05  0.00011346650  -5.6080506e-05  1.7311225e-05  -1.0723189e-05  -2.1425626e-05  0.00028350147  -0.00011339774  0.0000000   -0.0027548780  -0.00038825914  0.0073794011  -3.7697367e-05  -0.00020035802  -0.00016792858  -0.00019383022  -0.00018979777  2.0198597e-05  -0.00013910283  0.00010106435  0.00018593436  7.6538013e-05  -6.0397262e-05  1.5530602e-05  2.1139023e-05  2.0419781e-06  -4.6742992e-06  -4.7172481e-05  -4.0483503e-06  3.7133952e-05  7.1615863e-05  -2.8285501e-05  0.00011346650  -5.6080506e-05  1.7311225e-05  -1.0723189e-05  -2.1425626e-05  
0.00014717119  5.3938261e-05  0.0027548780  0.0000000   -0.00042216477  -0.0027617237  3.2757402e-05  -5.2202147e-05  -3.0615814e-05  5.3520025e-05  0.00033829635  -5.7634283e-05  -1.2529346e-05  3.8015652e-05  6.9536058e-05  2.3938661e-05  -0.00017634343  -4.4938230e-05  -3.6004952e-05  -2.8325814e-05  1.0650504e-05  9.3999512e-05  -1.4930782e-05  1.1496037e-05  -0.00030167305  1.4779416e-05  6.7126425e-05  -0.00013264453  -3.1326043e-05  -0.00011010827  1.7383963e-05  0.00014717119  5.3938261e-05  0.0027548780  0.0000000   -0.00042216477  -0.0027617237  3.2757402e-05  -5.2202147e-05  -3.0615814e-05  5.3520025e-05  0.00033829635  -5.7634283e-05  -1.2529346e-05  3.8015652e-05  6.9536058e-05  2.3938661e-05  -0.00017634343  -4.4938230e-05  -3.6004952e-05  -2.8325814e-05  1.0650504e-05  9.3999512e-05  -1.4930782e-05  1.1496037e-05  -0.00030167305  1.4779416e-05  6.7126425e-05  -0.00013264453  -3.1326043e-05  -0.00011010827  1.7383963e-05  
-0.00010163814  -0.00084964004  0.00038825914  0.00042216477  0.0000000   -0.0012482408  0.0013377524  -0.00041809810  -0.00081316302  0.00028605814  -0.00085348184  0.00033282087  -0.00018107701  -8.6145202e-05  -6.6721668e-05  0.00024183559  8.0312373e-06  -3.1874019e-05  -7.0521704e-05  -4.3118369e-05  7.3062274e-05  1.1318986e-05  -8.4515461e-05  0.00023613166  1.8045176e-06  -3.4885159e-05  -2.9694115e-05  8.3764125e-06  -2.4100227e-06  -9.1053707e-07  8.5334686e-06  -0.00010163814  -0.00084964004  0.00038825914  0.00042216477  0.0000000   -0.0012482408  0.0013377524  -0.00041809810  -0.00081316302  0.00028605814  -0.00085348184  0.00033282087  -0.00018107701  -8.6145202e-05  -6.6721668e-05  0.00024183559  8.0312373e-06  -3.1874019e-05  -7.0521704e-05  -4.3118369e-05  7.3062274e-05  1.1318986e-05  -8.4515461e-05  0.00023613166  1.8045176e-06  -3.4885159e-05  -2.9694115e-05  8.3764125e-06  -2.4100227e-06  -9.1053707e-07  8.5334686e-06  
0.00050829569  -0.00014646280  -0.0073794011  0.0027617237  0.0012482408  0.0000000   3.0909895e-05  -0.00043976707  0.00020774474  -0.00012436269  0.00018283650  -4.2475021e-05  -0.00018405913  0.00037400091  -3.6394249e-05  3.5956481e-05  6.9284366e-05  -5.5772947e-05  2.0636155e-05  4.0998323e-06  3.3759239e-05  1.8984983e-05  2.2974860e-05  -6.7323109e-05  5.4224465e-05  -3.1078313e-05  0.00013201597  0.00011009862  -3.6765851e-05  5.4026130e-05  -7.4157256e-06  0.00050829569  -0.00014646280  -0.0073794011  0.0027617237  0.0012482408  0.0000000   3.0909895e-05  -0.00043976707  0.00020774474  -0.00012436269  0.00018283650  -4.2475021e-05  -0.00018405913  0.00037400091  -3.6394249e-05  3.5956481e-05  6.9284366e-05  -5.5772947e-05  2.0636155e-05  4.0998323e-06  3.3759239e-05  1.8984983e-05  2.2974860e-05  -6.7323109e-05  5.4224465e-05  -3.1078313e-05  0.00013201597  0.00011009862  -3.6765851e-05  5.4026130e-05  -7.4157256e-06  
-2.5789224e-05  -0.00063957815  3.7697367e-05  -3.2757402e-05  -0.0013377524  -3.0909895e-05  0.0000000   -0.0056825029  -0.00012083227  -0.0011062658  0.00072937543  0.00012771673  -0.00011369608  -1.5598021e-05  5.7619855e-05  0.00012074136  2.3813251e-05  -0.00049603740  -2.5274386e-05  -0.00028400191  0.00023680496  2.4379333e-05  -0.00022458213  -0.00027841319  -3.2002189e-05  5.2012817e-05  3.2820685e-05  -3.0936477e-06  -0.00021414678  -1.2699514e-05  -1.1881664e-05  -2.5789224e-05  -0.00063957815  3.7697367e-05  -3.2757402e-05  -0.0013377524  -3.0909895e-05  0.0000000   -0.0056825029  -0.00012083227  -0.0011062658  0.00072937543  0.00012771673  -0.00011369608  -1.5598021e-05  5.7619855e-05  0.00012074136  2.3813251e-05  -0.00049603740  -2.5274386e-05  -0.00028400191  0.00023680496  2.4379333e-05  -0.00022458213  -0.00027841319  -3.2002189e-05  5.2012817e-05  3.2820685e-05  -3.0936477e-06  -0.00021414678  -1.2699514e-05  -1.1881664e-05  
1.9181924e-05  -0.00043099905  0.00020035802  5.2202147e-05  0.00041809810  0.00043976707  0.0056825029  0.0000000   -0.00036831431  0.0010335536  0.00024443480  0.00057267884  -6.1100065e-05  7.9186360e-07  -2.6878916e-05  -0.00014025486  -2.8658995e-05  0.00032296169  -8.3957733e-05  4.3026328e-05  0.00031753550  1.4891396e-05  -0.00021250624  -9.9002500e-05  -5.1391760e-06  -3.7663603e-05  5.7534403e-06  1.1990713e-05  4.3348813e-05  2.6569510e-05  0.00014806837  1.9181924e-05  -0.00043099905  0.00020035802  5.2202147e-05  0.00041809810  0.00043976707  0.0056825029  0.0000000   -0.00036831431  0.0010335536  0.00024443480  0.00057267884  -6.1100065e-05  7.9186360e-07  -2.6878916e-05  -0.00014025486  -2.8658995e-05  0.00032296169  -8.3957733e-05  4.3026328e-05  0.00031753550  1.4891396e-05  -0.00021250624  -9.9002500e-05  -5.1391760e-06  -3.7663603e-05  5.7534403e-06  1.1990713e-05  4.3348813e-05  2.6569510e-05  0.00014806837  
0.00011583219  -0.00050118868  0.00016792858  3.0615814e-05  0.00081316302  -0.00020774474  0.00012083227  0.00036831431  0.0000000   -0.00059158817  4.6518509e-05  -0.0015622398  0.00029458569  0.00015500815  5.8929385e-05  0.00035839083  4.1142733e-05  0.00028612383  0.00040618947  0.00055015293  7.9443962e-05  -3.4831210e-06  0.00013223728  2.2919454e-05  -1.1677289e-05  -0.00023843491  -5.4866455e-05  2.8840637e-05  0.00022368298  1.2296255e-05  -0.00015187832  0.00011583219  -0.00050118868  0.00016792858  3.0615814e-05  0.00081316302  -0.00020774474  0.00012083227  0.00036831431  0.0000000   -0.00059158817  4.6518509e-05  -0.0015622398  0.00029458569  0.00015500815  5.8929385e-05  0.00035839083  4.1142733e-05  0.00028612383  0.00040618947  0.00055015293  7.9443962e-05  -3.4831210e-06  0.00013223728  2.2919454e-05  -1.1677289e-05  -0.00023843491  -5.4866455e-05  2.8840637e-05  0.00022368298  1.2296255e-05  -0.00015187832  
3.2615763e-05  -0.00050366981  0.00019383022  -5.3520025e-05  -0.00028605814  0.00012436269  0.0011062658  -0.0010335536  0.00059158817  0.0000000   0.0017568053  -0.00019943689  -9.0675976e-05  -1.3436083e-05  9.2123228e-05  0.00059457275  8.7638034e-05  -0.00030901527  0.00018080348  -0.00031343506  0.00029939628  2.4118486e-05  -6.4891337e-05  -0.00030413918  -2.9903179e-05  -0.00012840425  -1.0035619e-05  -7.2386701e-06  -0.00032640854  -1.6271379e-05  -6.3001370e-05  3.2615763e-05  -0.00050366981  0.00019383022  -5.3520025e-05  -0.00028605814  0.00012436269  0.0011062658  -0.0010335536  0.00059158817  0.0000000   0.0017568053  -0.00019943689  -9.0675976e-05  -1.3436083e-05  9.2123228e-05  0.00059457275  8.7638034e-05  -0.00030901527  0.00018080348  -0.00031343506  0.00029939628  2.4118486e-05  -6.4891337e-05  -0.00030413918  -2.9903179e-05  -0.00012840425  -1.0035619e-05  -7.2386701e-06  -0.00032640854  -1.6271379e-05  -6.3001370e-05  
-0.00026845700  0.00062595961  0.00018979777  -0.00033829635  0.00085348184  -0.00018283650  -0.00072937543  -0.00024443480  -4.6518509e-05  -0.0017568053  0.0000000   0.012580655  -0.00044440667  -0.00038945057  -0.00010651227  -0.0018856501  -0.00022821123  0.00011776613  -2.1256814e-05  0.00016243410  -0.00031496704  -3.9109726e-05  0.00015592340  0.00056808996  5.3183484e-06  2.8506150e-05  -5.8993963e-06  3.9392250e-05  4.3671607e-05  -8.3371536e-05  0.00013082755  -0.00026845700  0.00062595961  0.00018979777  -0.00033829635  0.00085348184  -0.00018283650  -0.00072937543  -0.00024443480  -4.6518509e-05  -0.0017568053  0.0000000   0.012580655  -0.00044440667  -0.00038945057  -0.00010651227  -0.0018856501  -0.00022821123  0.00011776613  -2.1256814e-05  0.00016243410  -0.00031496704  -3.9109726e-05  0.00015592340  0.00056808996  5.3183484e-06  2.8506150e-05  -5.8993963e-06  3.9392250e-05  4.3671607e-05  -8.3371536e-05  0.00013082755  
