0.0000000   0.00060539507  -0.00047233060  -0.00035539545  5.7335087e-05  0.00089944761  -0.00017017842  -3.9390341e-06  -4.4746979e-05  -1.8013688e-05  0.00025936354  -0.00019828640  5.4525536e-05  7.2006448e-05  -0.00024169114  -4.8625010e-06  4.8014019e-05  -4.1354466e-05  1.3753048e-05  2.0418673e-05  -7.4852006e-06  -7.8967794e-05  1.4839893e-05  7.0856351e-05  4.5535614e-05  -1.5779865e-05  -9.6272647e-06  2.8760388e-05  -3.4922017e-05  1.7000585e-06  -1.5185027e-05  0.0000000   0.00060539507  -0.00047233060  -0.00035539545  5.7335087e-05  0.00089944761  -0.00017017842  -3.9390341e-06  -4.4746979e-05  -1.8013688e-05  0.00025936354  -0.00019828640  5.4525536e-05  7.2006448e-05  -0.00024169114  -4.8625010e-06  4.8014019e-05  -4.1354466e-05  1.3753048e-05  2.0418673e-05  -7.4852006e-06  -7.8967794e-05  1.4839893e-05  7.0856351e-05  4.5535614e-05  -1.5779865e-05  -9.6272647e-06  2.8760388e-05  -3.4922017e-05  1.7000585e-06  -1.5185027e-05  
-0.00060539507  0.0000000   6.1615626e-05  -0.00013593855  -0.00038837742  0.00011276071  0.00044946652  0.00019843899  2.0695207e-06  0.00013109796  9.4408628e-05  -9.6108463e-05  -0.00028955349  -0.00035734423  -0.00013905895  6.7651136e-05  -0.00046721558  -2.3058892e-05  1.2230674e-06  -0.00038645229  -4.4533876e-05  -5.6495337e-05  -0.00020484050  2.5977529e-05  7.1833396e-06  2.8517000e-05  0.00010938609  -3.1463957e-06  -1.2281937e-05  -8.5137166e-06  9.8266778e-05  -0.00060539507  0.0000000   6.1615626e-05  -0.00013593855  -0.00038837742  0.00011276071  0.00044946652  0.00019843899  2.0695207e-06  0.00013109796  9.4408628e-05  -9.6108463e-05  -0.00028955349  -0.00035734423  -0.00013905895  6.7651136e-05  -0.00046721558  -2.3058892e-05  1.2230674e-06  -0.00038645229  -4.4533876e-05  -5.6495337e-05  -0.00020484050  2.5977529e-05  7.1833396e-06  2.8517000e-05  0.00010938609  -3.1463957e-06  -1.2281937e-05  -8.5137166e-06  9.8266778e-05  
0.00047233060  -6.1615626e-05  0.0000000   0.0011052220  -7.8088497e-05  -0.00077315338  5.7147638e-05  3.1748150e-05  5.4061056e-05  -4.0335191e-06  -0.00013176471  -0.00018066705  -2.8327216e-05  -2.7543488e-05  0.00017515744  -1.4540995e-05  1.4399664e-05  2.4024778e-05  -5.0850793e-05  3.5478767e-06  0.00024797745  4.5602578e-05  3.3616275e-06  0.00011122881  -0.00010507171  -0.00010639624  2.0695198e-05  -6.3357329e-05  -6.0410309e-06  4.3219078e-05  2.4561371e-06  0.00047233060  -6.1615626e-05  0.0000000   0.0011052220  -7.8088497e-05  -0.00077315338  5.7147638e-05  3.1748150e-05  5.4061056e-05  -4.0335191e-06  -0.00013176471  -0.00018066705  -2.8327216e-05  -2.7543488e-05  0.00017515744  -1.4540995e-05  1.4399664e-05  2.4024778e-05  -5.0850793e-05  3.5478767e-06  0.00024797745  4.5602578e-05  3.3616275e-06  0.00011122881  -0.00010507171  -0.00010639624  2.0695198e-05  -6.3357329e-05  -6.0410309e-06  4.3219078e-05  2.4561371e-06  
0.00035539545  0.00013593855  -0.0011052220  0.0000000   -8.7864084e-07  0.00055163945  -8.1668840e-05  4.4748701e-05  -0.00063164291  3.6191722e-05  0.00011304135  -7.4594736e-05  -6.6039072e-06  -4.5038451e-06  -0.00012050239  7.1543179e-07  -5.5094866e-05  1.3249816e-05  -2.3559736e-05  -3.5167975e-05  0.00011644425  -0.00015878078  -1.7606370e-06  -0.00010901811  0.00012949018  2.3181316e-06  -2.7373838e-06  0.00013787652  -5.1142372e-05  0.00011123520  1.7662398e-06  0.00035539545  0.00013593855  -0.0011052220  0.0000000   -8.7864084e-07  0.00055163945  -8.1668840e-05  4.4748701e-05  -0.00063164291  3.6191722e-05  0.00011304135  -7.4594736e-05  -6.6039072e-06  -4.5038451e-06  -0.00012050239  7.1543179e-07  -5.5094866e-05  1.3249816e-05  -2.3559736e-05  -3.5167975e-05  0.00011644425  -0.00015878078  -1.7606370e-06  -0.00010901811  0.00012949018  2.3181316e-06  -2.7373838e-06  0.00013787652  -5.1142372e-05  0.00011123520  1.7662398e-06  
-5.7335087e-05  0.00038837742  7.8088497e-05  8.7864084e-07  0.0000000   -0.00014873583  -0.0014573831  0.00015783892  3.5681803e-05  0.00016646203  4.3430596e-05  6.7651432e-05  0.00039574031  -9.6362921e-05  1.5157559e-05  -1.9248432e-05  0.00027769282  -0.00013469517  -0.00024600396  -0.00020556734  -5.5004513e-05  2.0950741e-05  0.00018130989  -7.8760882e-06  -4.0047304e-06  -5.2768732e-05  -0.00019326500  -1.9189764e-05  4.2003269e-07  -3.7842710e-06  -6.7692807e-05  -5.7335087e-05  0.00038837742  7.8088497e-05  8.7864084e-07  0.0000000   -0.00014873583  -0.0014573831  0.00015783892  3.5681803e-05  0.00016646203  4.3430596e-05  6.7651432e-05  0.00039574031  -9.6362921e-05  1.5157559e-05  -1.9248432e-05  0.00027769282  -0.00013469517  -0.00024600396  -0.00020556734  -5.5004513e-05  2.0950741e-05  0.00018130989  -7.8760882e-06  -4.0047304e-06  -5.2768732e-05  -0.00019326500  -1.9189764e-05  4.2003269e-07  -3.7842710e-06  -6.7692807e-05  
-0.00089944761  -0.00011276071  0.00077315338  -0.00055163945  0.00014873583  0.0000000   4.1195122e-05  -0.00016269897  0.00021804643  -0.00015849911  0.0014527813  0.00068769946  -5.1099122e-05  4.8311486e-06  -0.00023852391  3.2219042e-05  1.6089088e-05  -5.6485484e-05  5.7428110e-05  -8.0719225e-06  -0.00022859396  7.5234116e-05  -1.1280487e-05  -0.00011893044  -6.9022141e-05  -0.00011446981  5.4863423e-05  -0.00011938380  3.0474396e-05  -7.4497900e-06  -1.3147587e-05  -0.00089944761  -0.00011276071  0.00077315338  -0.00055163945  0.00014873583  0.0000000   4.1195122e-05  -0.00016269897  0.00021804643  -0.00015849911  0.0014527813  0.00068769946  -5.1099122e-05  4.8311486e-06  -0.00023852391  3.2219042e-05  1.6089088e-05  -5.6485484e-05  5.7428110e-05  -8.0719225e-06  -0.00022859396  7.5234116e-05  -1.1280487e-05  -0.00011893044  -6.9022141e-05  -0.00011446981  5.4863423e-05  -0.00011938380  3.0474396e-05  -7.4497900e-06  -1.3147587e-05  
0.00017017842  -0.00044946652  -5.7147638e-05  8.1668840e-05  0.0014573831  -4.1195122e-05  0.0000000   -0.0016380163  -6.7585991e-05  0.00021358383  -7.3627732e-05  -6.1052790e-05  -0.00017925571  -8.7798475e-05  -2.2790758e-05  -0.00024407150  -9.0910140e-05  0.00030642781  -8.2951195e-05  -0.00026285715  -2.7581882e-05  -2.3311088e-06  -0.00010609110  1.9923986e-05  -1.9311905e-05  6.1220692e-05  0.00017431710  2.1327833e-05  1.1468995e-05  -5.7124015e-06  -9.7988895e-05  0.00017017842  -0.00044946652  -5.7147638e-05  8.1668840e-05  0.0014573831  -4.1195122e-05  0.0000000   -0.0016380163  -6.7585991e-05  0.00021358383  -7.3627732e-05  -6.1052790e-05  -0.00017925571  -8.7798475e-05  -2.2790758e-05  -0.00024407150  -9.0910140e-05  0.00030642781  -8.2951195e-05  -0.00026285715  -2.7581882e-05  -2.3311088e-06  -0.00010609110  1.9923986e-05  -1.9311905e-05  6.1220692e-05  0.00017431710  2.1327833e-05  1.1468995e-05  -5.7124015e-06  -9.7988895e-05  
3.9390341e-06  -0.00019843899  -3.1748150e-05  -4.4748701e-05  -0.00015783892  0.00016269897  0.0016380163  0.0000000   -6.1548915e-06  -0.00014285045  9.6368364e-05  7.4565433e-05  0.0010121683  0.00062498438  4.3238970e-05  -0.00056921650  -0.00066290467  0.00024955120  0.00026698762  2.9305028e-05  3.5183176e-05  1.2008836e-05  -0.00015913457  -1.0670967e-06  -6.0110251e-06  3.0229176e-05  0.00017990866  -1.4042679e-05  -3.9722791e-06  1.3654017e-05  0.00012240384  3.9390341e-06  -0.00019843899  -3.1748150e-05  -4.4748701e-05  -0.00015783892  0.00016269897  0.0016380163  0.0000000   -6.1548915e-06  -0.00014285045  9.6368364e-05  7.4565433e-05  0.0010121683  0.00062498438  4.3238970e-05  -0.00056921650  -0.00066290467  0.00024955120  0.00026698762  2.9305028e-05  3.5183176e-05  1.2008836e-05  -0.00015913457  -1.0670967e-06  -6.0110251e-06  3.0229176e-05  0.00017990866  -1.4042679e-05  -3.9722791e-06  1.3654017e-05  0.00012240384  
4.4746979e-05  -2.0695207e-06  -5.4061056e-05  0.00063164291  -3.5681803e-05  -0.00021804643  6.7585991e-05  6.1548915e-06  0.0000000   6.3748262e-05  -0.00097099312  -8.2527620e-05  0.00010967373  0.00011134026  -0.00030967027  -9.4637928e-06  -6.7714855e-05  1.1805707e-05  3.6223989e-05  2.5101142e-05  -8.3351463e-05  7.7283365e-05  -1.0158230e-05  -6.5364122e-05  0.00019128850  0.00019989674  -4.8142653e-05  0.00011759809  -4.0721462e-05  -3.9288738e-05  3.1772727e-06  4.4746979e-05  -2.0695207e-06  -5.4061056e-05  0.00063164291  -3.5681803e-05  -0.00021804643  6.7585991e-05  6.1548915e-06  0.0000000   6.3748262e-05  -0.00097099312  -8.2527620e-05  0.00010967373  0.00011134026  -0.00030967027  -9.4637928e-06  -6.7714855e-05  1.1805707e-05  3.6223989e-05  2.5101142e-05  -8.3351463e-05  7.7283365e-05  -1.0158230e-05  -6.5364122e-05  0.00019128850  0.00019989674  -4.8142653e-05  0.00011759809  -4.0721462e-05  -3.9288738e-05  3.1772727e-06  
1.8013688e-05  -0.00013109796  4.0335191e-06  -3.6191722e-05  -0.00016646203  0.00015849911  -0.00021358383  0.00014285045  -6.3748262e-05  0.0000000   7.9875886e-05  1.1766018e-05  0.00040393044  0.00051042622  2.4229089e-05  -1.1538230e-05  0.00018524923  0.00036583670  6.6405159e-05  0.00041602670  4.3146306e-05  4.5236964e-06  0.00010933108  -8.6545638e-06  -2.6722426e-05  -9.9875617e-07  -6.3096443e-05  5.3126346e-06  5.5838340e-06  1.1257478e-05  -0.00010291236  1.8013688e-05  -0.00013109796  4.0335191e-06  -3.6191722e-05  -0.00016646203  0.00015849911  -0.00021358383  0.00014285045  -6.3748262e-05  0.0000000   7.9875886e-05  1.1766018e-05  0.00040393044  0.00051042622  2.4229089e-05  -1.1538230e-05  0.00018524923  0.00036583670  6.6405159e-05  0.00041602670  4.3146306e-05  4.5236964e-06  0.00010933108  -8.6545638e-06  -2.6722426e-05  -9.9875617e-07  -6.3096443e-05  5.3126346e-06  5.5838340e-06  1.1257478e-05  -0.00010291236  
-0.00025936354  -9.4408628e-05  0.00013176471  -0.00011304135  -4.3430596e-05  -0.0014527813  7.3627732e-05  -9.6368364e-05  0.00097099312  -7.9875886e-05  0.0000000   6.0451371e-05  8.2331352e-05  -3.1978796e-05  0.00072360405  -3.0394656e-05  -5.3234084e-05  5.2484858e-06  0.00019100949  -4.3637034e-05  0.00014605256  -0.00012250463  2.5429312e-06  -7.0793666e-05  7.1439667e-05  -0.00026860022  5.6639462e-05  -1.1375061e-06  -3.1119816e-05  5.1006607e-05  -1.4379122e-05  -0.00025936354  -9.4408628e-05  0.00013176471  -0.00011304135  -4.3430596e-05  -0.0014527813  7.3627732e-05  -9.6368364e-05  0.00097099312  -7.9875886e-05  0.0000000   6.0451371e-05  8.2331352e-05  -3.1978796e-05  0.00072360405  -3.0394656e-05  -5.3234084e-05  5.2484858e-06  0.00019100949  -4.3637034e-05  0.00014605256  -0.00012250463  2.5429312e-06  -7.0793666e-05  7.1439667e-05  -0.00026860022  5.6639462e-05  -1.1375061e-06  -3.1119816e-05  5.1006607e-05  -1.4379122e-05  
0.00019828640  9.6108463e-05  0.00018066705  7.4594736e-05  -6.7651432e-05  -0.00068769946  6.1052790e-05  -7.4565433e-05  8.2527620e-05  -1.1766018e-05  -6.0451371e-05  0.0000000   -7.0321672e-05  -0.00015827077  0.00044759163  -7.5610695e-05  -0.00010778513  -4.9954488e-07  -6.8615589e-05  1.8167159e-05  -0.00049064929  3.3193801e-05  -3.7347895e-06  0.00025187092  -1.5110981e-05  -0.00036352666  7.7765557e-05  0.00016156008  0.00010776237  0.00010950798  -2.5098938e-06  0.00019828640  9.6108463e-05  0.00018066705  7.4594736e-05  -6.7651432e-05  -0.00068769946  6.1052790e-05  -7.4565433e-05  8.2527620e-05  -1.1766018e-05  -6.0451371e-05  0.0000000   -7.0321672e-05  -0.00015827077  0.00044759163  -7.5610695e-05  -0.00010778513  -4.9954488e-07  -6.8615589e-05  1.8167159e-05  -0.00049064929  3.3193801e-05  -3.7347895e-06  0.00025187092  -1.5110981e-05  -0.00036352666  7.7765557e-05  0.00016156008  0.00010776237  0.00010950798  -2.5098938e-06  
-5.4525536e-05  0.00028955349  2.8327216e-05  6.6039072e-06  -0.00039574031  5.1099122e-05  0.00017925571  -0.0010121683  -0.00010967373  -0.00040393044  -8.2331352e-05  7.0321672e-05  0.0000000   -0.0020087473  -0.00019073916  -0.00088013489  0.0015910702  -0.00079021485  -0.00080067736  -0.00074690034  -0.00015710281  -2.9565923e-05  8.7542034e-05  -7.3373626e-06  3.8568496e-05  -3.0315963e-05  -0.00017731490  -2.6189099e-05  6.3654782e-07  -1.8074943e-05  -6.5458915e-05  -5.4525536e-05  0.00028955349  2.8327216e-05  6.6039072e-06  -0.00039574031  5.1099122e-05  0.00017925571  -0.0010121683  -0.00010967373  -0.00040393044  -8.2331352e-05  7.0321672e-05  0.0000000   -0.0020087473  -0.00019073916  -0.00088013489  0.0015910702  -0.00079021485  -0.00080067736  -0.00074690034  -0.00015710281  -2.9565923e-05  8.7542034e-05  -7.3373626e-06  3.8568496e-05  -3.0315963e-05  -0.00017731490  -2.6189099e-05  6.3654782e-07  -1.8074943e-05  -6.5458915e-05  
-7.2006448e-05  0.00035734423  2.7543488e-05  4.5038451e-06  9.6362921e-05  -4.8311486e-06  8.7798475e-05  -0.00062498438  -0.00011134026  -0.00051042622  3.1978796e-05  0.00015827077  0.0020087473  0.0000000   1.1045540e-05  -0.00017662745  -0.0019559525  -0.0018880852  -0.00036942886  -0.00041952480  -5.9346383e-05  1.3257845e-05  -3.2532169e-05  0.00012973737  -4.6434961e-05  -9.8671117e-05  -0.00033407045  -7.2373971e-05  4.8057239e-05  -8.4396844e-05  -6.9839781e-05  -7.2006448e-05  0.00035734423  2.7543488e-05  4.5038451e-06  9.6362921e-05  -4.8311486e-06  8.7798475e-05  -0.00062498438  -0.00011134026  -0.00051042622  3.1978796e-05  0.00015827077  0.0020087473  0.0000000   1.1045540e-05  -0.00017662745  -0.0019559525  -0.0018880852  -0.00036942886  -0.00041952480  -5.9346383e-05  1.3257845e-05  -3.2532169e-05  0.00012973737  -4.6434961e-05  -9.8671117e-05  -0.00033407045  -7.2373971e-05  4.8057239e-05  -8.4396844e-05  -6.9839781e-05  
0.00024169114  0.00013905895  -0.00017515744  0.00012050239  -1.5157559e-05  0.00023852391  2.2790758e-05  -4.3238970e-05  0.00030967027  -2.4229089e-05  -0.00072360405  -0.00044759163  0.00019073916  -1.1045540e-05  0.0000000   -0.00027540642  -5.6528814e-05  -0.00023586160  -0.00033265468  0.00017885707  0.00052133407  0.00025497392  3.9966271e-05  -0.00050793175  -8.5583651e-05  8.6321853e-05  -0.00011329858  0.00026931288  -0.00011388698  0.00028474313  -2.2267106e-05  0.00024169114  0.00013905895  -0.00017515744  0.00012050239  -1.5157559e-05  0.00023852391  2.2790758e-05  -4.3238970e-05  0.00030967027  -2.4229089e-05  -0.00072360405  -0.00044759163  0.00019073916  -1.1045540e-05  0.0000000   -0.00027540642  -5.6528814e-05  -0.00023586160  -0.00033265468  0.00017885707  0.00052133407  0.00025497392  3.9966271e-05  -0.00050793175  -8.5583651e-05  8.6321853e-05  -0.00011329858  0.00026931288  -0.00011388698  0.00028474313  -2.2267106e-05  
4.8625010e-06  -6.7651136e-05  1.4540995e-05  -7.1543179e-07  1.9248432e-05  -3.2219042e-05  0.00024407150  0.00056921650  9.4637928e-06  1.1538230e-05  3.0394656e-05  7.5610695e-05  0.00088013489  0.00017662745  0.00027540642  0.0000000   0.0032429654  0.00081185982  0.0010157552  0.0010641495  7.7150108e-06  -0.00011648203  -0.00038474034  -2.3223338e-05  -9.3436658e-06  3.8427005e-05  0.00014275923  3.2176889e-05  -1.0864792e-06  4.4268008e-05  0.00010120960  4.8625010e-06  -6.7651136e-05  1.4540995e-05  -7.1543179e-07  1.9248432e-05  -3.2219042e-05  0.00024407150  0.00056921650  9.4637928e-06  1.1538230e-05  3.0394656e-05  7.5610695e-05  0.00088013489  0.00017662745  0.00027540642  0.0000000   0.0032429654  0.00081185982  0.0010157552  0.0010641495  7.7150108e-06  -0.00011648203  -0.00038474034  -2.3223338e-05  -9.3436658e-06  3.8427005e-05  0.00014275923  3.2176889e-05  -1.0864792e-06  4.4268008e-05  0.00010120960  
-4.8014019e-05  0.00046721558  -1.4399664e-05  5.5094866e-05  -0.00027769282  -1.6089088e-05  9.0910140e-05  0.00066290467  6.7714855e-05  -0.00018524923  5.3234084e-05  0.00010778513  -0.0015910702  0.0019559525  5.6528814e-05  -0.0032429654  0.0000000   -0.0021446477  -0.0022021077  0.0033306653  0.00024097074  -0.00012911472  0.00082035244  8.3852388e-05  2.1771456e-05  -0.00024176097  -0.00065299367  2.2339230e-05  1.8375965e-05  4.4042521e-06  1.3302759e-05  -4.8014019e-05  0.00046721558  -1.4399664e-05  5.5094866e-05  -0.00027769282  -1.6089088e-05  9.0910140e-05  0.00066290467  6.7714855e-05  -0.00018524923  5.3234084e-05  0.00010778513  -0.0015910702  0.0019559525  5.6528814e-05  -0.0032429654  0.0000000   -0.0021446477  -0.0022021077  0.0033306653  0.00024097074  -0.00012911472  0.00082035244  8.3852388e-05  2.1771456e-05  -0.00024176097  -0.00065299367  2.2339230e-05  1.8375965e-05  4.4042521e-06  1.3302759e-05  
4.1354466e-05  2.3058892e-05  -2.4024778e-05  -1.3249816e-05  0.00013469517  5.6485484e-05  -0.00030642781  -0.00024955120  -1.1805707e-05  -0.00036583670  -5.2484858e-06  4.9954488e-07  0.00079021485  0.0018880852  0.00023586160  -0.00081185982  0.0021446477  0.0000000   0.0087386770  -0.00021655116  0.00042936542  1.3577683e-05  -0.0010662894  -1.9877824e-05  -0.00011578881  0.00023994319  0.00031054265  -8.2398316e-05  -7.2933558e-05  1.2110572e-05  7.1545506e-05  4.1354466e-05  2.3058892e-05  -2.4024778e-05  -1.3249816e-05  0.00013469517  5.6485484e-05  -0.00030642781  -0.00024955120  -1.1805707e-05  -0.00036583670  -5.2484858e-06  4.9954488e-07  0.00079021485  0.0018880852  0.00023586160  -0.00081185982  0.0021446477  0.0000000   0.0087386770  -0.00021655116  0.00042936542  1.3577683e-05  -0.0010662894  -1.9877824e-05  -0.00011578881  0.00023994319  0.00031054265  -8.2398316e-05  -7.2933558e-05  1.2110572e-05  7.1545506e-05  
-1.3753048e-05  -1.2230674e-06  5.0850793e-05  2.3559736e-05  0.00024600396  -5.7428110e-05  8.2951195e-05  -0.00026698762  -3.6223989e-05  -6.6405159e-05  -0.00019100949  6.8615589e-05  0.00080067736  0.00036942886  0.00033265468  -0.0010157552  0.0022021077  -0.0087386770  0.0000000   -0.0034243979  -0.00027013150  -5.1994937e-05  -0.00063491809  4.8737835e-05  8.8783789e-05  0.00019847439  0.00046565972  0.00010631294  2.3089629e-06  -4.6003247e-05  1.4299930e-05  -1.3753048e-05  -1.2230674e-06  5.0850793e-05  2.3559736e-05  0.00024600396  -5.7428110e-05  8.2951195e-05  -0.00026698762  -3.6223989e-05  -6.6405159e-05  -0.00019100949  6.8615589e-05  0.00080067736  0.00036942886  0.00033265468  -0.0010157552  0.0022021077  -0.0087386770  0.0000000   -0.0034243979  -0.00027013150  -5.1994937e-05  -0.00063491809  4.8737835e-05  8.8783789e-05  0.00019847439  0.00046565972  0.00010631294  2.3089629e-06  -4.6003247e-05  1.4299930e-05  
-2.0418673e-05  0.00038645229  -3.5478767e-06  3.5167975e-05  0.00020556734  8.0719225e-06  0.00026285715  -2.9305028e-05  -2.5101142e-05  -0.00041602670  4.3637034e-05  -1.8167159e-05  0.00074690034  0.00041952480  -0.00017885707  -0.0010641495  -0.0033306653  0.00021655116  0.0034243979  0.0000000   0.00029855375  0.00012470511  0.00037752692  6.0365153e-05  -8.7701715e-05  -6.5245118e-05  2.9281066e-05  -4.1577552e-05  4.5404910e-05  -5.2825150e-05  5.9368111e-05  -2.0418673e-05  0.00038645229  -3.5478767e-06  3.5167975e-05  0.00020556734  8.0719225e-06  0.00026285715  -2.9305028e-05  -2.5101142e-05  -0.00041602670  4.3637034e-05  -1.8167159e-05  0.00074690034  0.00041952480  -0.00017885707  -0.0010641495  -0.0033306653  0.00021655116  0.0034243979  0.0000000   0.00029855375  0.00012470511  0.00037752692  6.0365153e-05  -8.7701715e-05  -6.5245118e-05  2.9281066e-05  -4.1577552e-05  4.5404910e-05  -5.2825150e-05  5.9368111e-05  
7.4852006e-06  4.4533876e-05  -0.00024797745  -0.00011644425  5.5004513e-05  0.00022859396  2.7581882e-05  -3.5183176e-05  8.3351463e-05  -4.3146306e-05  -0.00014605256  0.00049064929  0.00015710281  5.9346383e-05  -0.00052133407  -7.7150108e-06  -0.00024097074  -0.00042936542  0.00027013150  -0.00029855375  0.0000000   0.00017484239  -1.0516965e-05  0.00052842147  8.2782802e-05  0.00076236639  -0.00014177336  -0.00062105673  -0.00024601453  -3.5638031e-05  9.2173749e-06  7.4852006e-06  4.4533876e-05  -0.00024797745  -0.00011644425  5.5004513e-05  0.00022859396  2.7581882e-05  -3.5183176e-05  8.3351463e-05  -4.3146306e-05  -0.00014605256  0.00049064929  0.00015710281  5.9346383e-05  -0.00052133407  -7.7150108e-06  -0.00024097074  -0.00042936542  0.00027013150  -0.00029855375  0.0000000   0.00017484239  -1.0516965e-05  0.00052842147  8.2782802e-05  0.00076236639  -0.00014177336  -0.00062105673  -0.00024601453  -3.5638031e-05  9.2173749e-06  
7.8967794e-05  5.6495337e-05  -4.5602578e-05  0.00015878078  -2.0950741e-05  -7.5234116e-05  2.3311088e-06  -1.2008836e-05  -7.7283365e-05  -4.5236964e-06  0.00012250463  -3.3193801e-05  2.9565923e-05  -1.3257845e-05  -0.00025497392  0.00011648203  0.00012911472  -1.3577683e-05  5.1994937e-05  -0.00012470511  -0.00017484239  0.0000000   -0.00011654590  0.00062508863  0.0012840588  -0.00055711514  8.3308341e-05  0.00046447155  4.6280345e-05  2.4534373e-05  -1.1468717e-06  7.8967794e-05  5.6495337e-05  -4.5602578e-05  0.00015878078  -2.0950741e-05  -7.5234116e-05  2.3311088e-06  -1.2008836e-05  -7.7283365e-05  -4.5236964e-06  0.00012250463  -3.3193801e-05  2.9565923e-05  -1.3257845e-05  -0.00025497392  0.00011648203  0.00012911472  -1.3577683e-05  5.1994937e-05  -0.00012470511  -0.00017484239  0.0000000   -0.00011654590  0.00062508863  0.0012840588  -0.00055711514  8.3308341e-05  0.00046447155  4.6280345e-05  2.4534373e-05  -1.1468717e-06  
-1.4839893e-05  0.00020484050  -3.3616275e-06  1.7606370e-06  -0.00018130989  1.1280487e-05  0.00010609110  0.00015913457  1.0158230e-05  -0.00010933108  -2.5429312e-06  3.7347895e-06  -8.7542034e-05  3.2532169e-05  -3.9966271e-05  0.00038474034  -0.00082035244  0.0010662894  0.00063491809  -0.00037752692  1.0516965e-05  0.00011654590  0.0000000   -7.1879329e-05  -0.00012580344  -0.00018524352  -0.00075742724  -6.5356371e-05  -1.4986893e-05  1.2821198e-05  -5.1042174e-05  -1.4839893e-05  0.00020484050  -3.3616275e-06  1.7606370e-06  -0.00018130989  1.1280487e-05  0.00010609110  0.00015913457  1.0158230e-05  -0.00010933108  -2.5429312e-06  3.7347895e-06  -8.7542034e-05  3.2532169e-05  -3.9966271e-05  0.00038474034  -0.00082035244  0.0010662894  0.00063491809  -0.00037752692  1.0516965e-05  0.00011654590  0.0000000   -7.1879329e-05  -0.00012580344  -0.00018524352  -0.00075742724  -6.5356371e-05  -1.4986893e-05  1.2821198e-05  -5.1042174e-05  
-7.0856351e-05  -2.5977529e-05  -0.00011122881  0.00010901811  7.8760882e-06  0.00011893044  -1.9923986e-05  1.0670967e-06  6.5364122e-05  8.6545638e-06  7.0793666e-05  -0.00025187092  7.3373626e-06  -0.00012973737  0.00050793175  2.3223338e-05  -8.3852388e-05  1.9877824e-05  -4.8737835e-05  -6.0365153e-05  -0.00052842147  -0.00062508863  7.1879329e-05  0.0000000   -0.00042966279  -0.00026770068  6.1955805e-05  0.00045166509  -0.00028297460  0.00066230774  -7.4058662e-06  -7.0856351e-05  -2.5977529e-05  -0.00011122881  0.00010901811  7.8760882e-06  0.00011893044  -1.9923986e-05  1.0670967e-06  6.5364122e-05  8.6545638e-06  7.0793666e-05  -0.00025187092  7.3373626e-06  -0.00012973737  0.00050793175  2.3223338e-05  -8.3852388e-05  1.9877824e-05  -4.8737835e-05  -6.0365153e-05  -0.00052842147  -0.00062508863  7.1879329e-05  0.0000000   -0.00042966279  -0.00026770068  6.1955805e-05  0.00045166509  -0.00028297460  0.00066230774  -7.4058662e-06  
-4.5535614e-05  -7.1833396e-06  0.00010507171  -0.00012949018  4.0047304e-06  6.9022141e-05  1.9311905e-05  6.0110251e-06  -0.00019128850  2.6722426e-05  -7.1439667e-05  1.5110981e-05  -3.8568496e-05  4.6434961e-05  8.5583651e-05  9.3436658e-06  -2.1771456e-05  0.00011578881  -8.8783789e-05  8.7701715e-05  -8.2782802e-05  -0.0012840588  0.00012580344  0.00042966279  0.0000000   0.00042635180  -0.00013729920  -0.0014113550  0.00022507213  -0.0012074764  1.4945417e-05  -4.5535614e-05  -7.1833396e-06  0.00010507171  -0.00012949018  4.0047304e-06  6.9022141e-05  1.9311905e-05  6.0110251e-06  -0.00019128850  2.6722426e-05  -7.1439667e-05  1.5110981e-05  -3.8568496e-05  4.6434961e-05  8.5583651e-05  9.3436658e-06  -2.1771456e-05  0.00011578881  -8.8783789e-05  8.7701715e-05  -8.2782802e-05  -0.0012840588  0.00012580344  0.00042966279  0.0000000   0.00042635180  -0.00013729920  -0.0014113550  0.00022507213  -0.0012074764  1.4945417e-05  
1.5779865e-05  -2.8517000e-05  0.00010639624  -2.3181316e-06  5.2768732e-05  0.00011446981  -6.1220692e-05  -3.0229176e-05  -0.00019989674  9.9875617e-07  0.00026860022  0.00036352666  3.0315963e-05  9.8671117e-05  -8.6321853e-05  -3.8427005e-05  0.00024176097  -0.00023994319  -0.00019847439  6.5245118e-05  -0.00076236639  0.00055711514  0.00018524352  0.00026770068  -0.00042635180  0.0000000   4.6127222e-05  -0.00035867400  -0.00049048858  3.1816802e-05  8.2151509e-05  1.5779865e-05  -2.8517000e-05  0.00010639624  -2.3181316e-06  5.2768732e-05  0.00011446981  -6.1220692e-05  -3.0229176e-05  -0.00019989674  9.9875617e-07  0.00026860022  0.00036352666  3.0315963e-05  9.8671117e-05  -8.6321853e-05  -3.8427005e-05  0.00024176097  -0.00023994319  -0.00019847439  6.5245118e-05  -0.00076236639  0.00055711514  0.00018524352  0.00026770068  -0.00042635180  0.0000000   4.6127222e-05  -0.00035867400  -0.00049048858  3.1816802e-05  8.2151509e-05  
9.6272647e-06  -0.00010938609  -2.0695198e-05  2.7373838e-06  0.00019326500  -5.4863423e-05  -0.00017431710  -0.00017990866  4.8142653e-05  6.3096443e-05  -5.6639462e-05  -7.7765557e-05  0.00017731490  0.00033407045  0.00011329858  -0.00014275923  0.00065299367  -0.00031054265  -0.00046565972  -2.9281066e-05  0.00014177336  -8.3308341e-05  0.00075742724  -6.1955805e-05  0.00013729920  -4.6127222e-05  0.0000000   0.00014679218  0.00018578105  -1.6719511e-06  0.00027969493  9.6272647e-06  -0.00010938609  -2.0695198e-05  2.7373838e-06  0.00019326500  -5.4863423e-05  -0.00017431710  -0.00017990866  4.8142653e-05  6.3096443e-05  -5.6639462e-05  -7.7765557e-05  0.00017731490  0.00033407045  0.00011329858  -0.00014275923  0.00065299367  -0.00031054265  -0.00046565972  -2.9281066e-05  0.00014177336  -8.3308341e-05  0.00075742724  -6.1955805e-05  0.00013729920  -4.6127222e-05  0.0000000   0.00014679218  0.00018578105  -1.6719511e-06  0.00027969493  
-2.8760388e-05  3.1463957e-06  6.3357329e-05  -0.00013787652  1.9189764e-05  0.00011938380  -2.1327833e-05  1.4042679e-05  -0.00011759809  -5.3126346e-06  1.1375061e-06  -0.00016156008  2.6189099e-05  7.2373971e-05  -0.00026931288  -3.2176889e-05  -2.2339230e-05  8.2398316e-05  -0.00010631294  4.1577552e-05  0.00062105673  -0.00046447155  6.5356371e-05  -0.00045166509  0.0014113550  0.00035867400  -0.00014679218  0.0000000   -0.0011982468  -0.00021621715  -3.3865682e-05  -2.8760388e-05  3.1463957e-06  6.3357329e-05  -0.00013787652  1.9189764e-05  0.00011938380  -2.1327833e-05  1.4042679e-05  -0.00011759809  -5.3126346e-06  1.1375061e-06  -0.00016156008  2.6189099e-05  7.2373971e-05  -0.00026931288  -3.2176889e-05  -2.2339230e-05  8.2398316e-05  -0.00010631294  4.1577552e-05  0.00062105673  -0.00046447155  6.5356371e-05  -0.00045166509  0.0014113550  0.00035867400  -0.00014679218  0.0000000   -0.0011982468  -0.00021621715  -3.3865682e-05  
3.4922017e-05  1.2281937e-05  6.0410309e-06  5.1142372e-05  -4.2003269e-07  -3.0474396e-05  -1.1468995e-05  3.9722791e-06  4.0721462e-05  -5.5838340e-06  3.1119816e-05  -0.00010776237  -6.3654782e-07  -4.8057239e-05  0.00011388698  1.0864792e-06  -1.8375965e-05  7.2933558e-05  -2.3089629e-06  -4.5404910e-05  0.00024601453  -4.6280345e-05  1.4986893e-05  0.00028297460  -0.00022507213  0.00049048858  -0.00018578105  0.0011982468  0.0000000   0.00077735822  1.6345936e-05  3.4922017e-05  1.2281937e-05  6.0410309e-06  5.1142372e-05  -4.2003269e-07  -3.0474396e-05  -1.1468995e-05  3.9722791e-06  4.0721462e-05  -5.5838340e-06  3.1119816e-05  -0.00010776237  -6.3654782e-07  -4.8057239e-05  0.00011388698  1.0864792e-06  -1.8375965e-05  7.2933558e-05  -2.3089629e-06  -4.5404910e-05  0.00024601453  -4.6280345e-05  1.4986893e-05  0.00028297460  -0.00022507213  0.00049048858  -0.00018578105  0.0011982468  0.0000000   0.00077735822  1.6345936e-05  
-1.7000585e-06  8.5137166e-06  -4.3219078e-05  -0.00011123520  3.7842710e-06  7.4497900e-06  5.7124015e-06  -1.3654017e-05  3.9288738e-05  -1.1257478e-05  -5.1006607e-05  -0.00010950798  1.8074943e-05  8.4396844e-05  -0.00028474313  -4.4268008e-05  -4.4042521e-06  -1.2110572e-05  4.6003247e-05  5.2825150e-05  3.5638031e-05  -2.4534373e-05  -1.2821198e-05  -0.00066230774  0.0012074764  -3.1816802e-05  1.6719511e-06  0.00021621715  -0.00077735822  0.0000000   -6.1959165e-05  -1.7000585e-06  8.5137166e-06  -4.3219078e-05  -0.00011123520  3.7842710e-06  7.4497900e-06  5.7124015e-06  -1.3654017e-05  3.9288738e-05  -1.1257478e-05  -5.1006607e-05  -0.00010950798  1.8074943e-05  8.4396844e-05  -0.00028474313  -4.4268008e-05  -4.4042521e-06  -1.2110572e-05  4.6003247e-05  5.2825150e-05  3.5638031e-05  -2.4534373e-05  -1.2821198e-05  -0.00066230774  0.0012074764  -3.1816802e-05  1.6719511e-06  0.00021621715  -0.00077735822  0.0000000   -6.1959165e-05  
1.5185027e-05  -9.8266778e-05  -2.4561371e-06  -1.7662398e-06  6.7692807e-05  1.3147587e-05  9.7988895e-05  -0.00012240384  -3.1772727e-06  0.00010291236  1.4379122e-05  2.5098938e-06  6.5458915e-05  6.9839781e-05  2.2267106e-05  -0.00010120960  -1.3302759e-05  -7.1545506e-05  -1.4299930e-05  -5.9368111e-05  -9.2173749e-06  1.1468717e-06  5.1042174e-05  7.4058662e-06  -1.4945417e-05  -8.2151509e-05  -0.00027969493  3.3865682e-05  -1.6345936e-05  6.1959165e-05  0.0000000   1.5185027e-05  -9.8266778e-05  -2.4561371e-06  -1.7662398e-06  6.7692807e-05  1.3147587e-05  9.7988895e-05  -0.00012240384  -3.1772727e-06  0.00010291236  1.4379122e-05  2.5098938e-06  6.5458915e-05  6.9839781e-05  2.2267106e-05  -0.00010120960  -1.3302759e-05  -7.1545506e-05  -1.4299930e-05  -5.9368111e-05  -9.2173749e-06  1.1468717e-06  5.1042174e-05  7.4058662e-06  -1.4945417e-05  -8.2151509e-05  -0.00027969493  3.3865682e-05  -1.6345936e-05  6.1959165e-05  0.0000000   
0.0000000   0.00060539507  -0.00047233060  -0.00035539545  5.7335087e-05  0.00089944761  -0.00017017842  -3.9390341e-06  -4.4746979e-05  -1.8013688e-05  0.00025936354  -0.00019828640  5.4525536e-05  7.2006448e-05  -0.00024169114  -4.8625010e-06  4.8014019e-05  -4.1354466e-05  1.3753048e-05  2.0418673e-05  -7.4852006e-06  -7.8967794e-05  1.4839893e-05  7.0856351e-05  4.5535614e-05  -1.5779865e-05  -9.6272647e-06  2.8760388e-05  -3.4922017e-05  1.7000585e-06  -1.5185027e-05  0.0000000   0.00060539507  -0.00047233060  -0.00035539545  5.7335087e-05  0.00089944761  -0.00017017842  -3.9390341e-06  -4.4746979e-05  -1.8013688e-05  0.00025936354  -0.00019828640  5.4525536e-05  7.2006448e-05  -0.00024169114  -4.8625010e-06  4.8014019e-05  -4.1354466e-05  1.3753048e-05  2.0418673e-05  -7.4852006e-06  -7.8967794e-05  1.4839893e-05  7.0856351e-05  4.5535614e-05  -1.5779865e-05  -9.6272647e-06  2.8760388e-05  -3.4922017e-05  1.7000585e-06  -1.5185027e-05  
-0.00060539507  0.0000000   6.1615626e-05  -0.00013593855  -0.00038837742  0.00011276071  0.00044946652  0.00019843899  2.0695207e-06  0.00013109796  9.4408628e-05  -9.6108463e-05  -0.00028955349  -0.00035734423  -0.00013905895  6.7651136e-05  -0.00046721558  -2.3058892e-05  1.2230674e-06  -0.00038645229  -4.4533876e-05  -5.6495337e-05  -0.00020484050  2.5977529e-05  7.1833396e-06  2.8517000e-05  0.00010938609  -3.1463957e-06  -1.2281937e-05  -8.5137166e-06  9.8266778e-05  -0.00060539507  0.0000000   6.1615626e-05  -0.00013593855  -0.00038837742  0.00011276071  0.00044946652  0.00019843899  2.0695207e-06  0.00013109796  9.4408628e-05  -9.6108463e-05  -0.00028955349  -0.00035734423  -0.00013905895  6.7651136e-05  -0.00046721558  -2.3058892e-05  1.2230674e-06  -0.00038645229  -4.4533876e-05  -5.6495337e-05  -0.00020484050  2.5977529e-05  7.1833396e-06  2.8517000e-05  0.00010938609  -3.1463957e-06  -1.2281937e-05  -8.5137166e-06  9.8266778e-05  
0.00047233060  -6.1615626e-05  0.0000000   0.0011052220  -7.8088497e-05  -0.00077315338  5.7147638e-05  3.1748150e-05  5.4061056e-05  -4.0335191e-06  -0.00013176471  -0.00018066705  -2.8327216e-05  -2.7543488e-05  0.00017515744  -1.4540995e-05  1.4399664e-05  2.4024778e-05  -5.0850793e-05  3.5478767e-06  0.00024797745  4.5602578e-05  3.3616275e-06  0.00011122881  -0.00010507171  -0.00010639624  2.0695198e-05  -6.3357329e-05  -6.0410309e-06  4.3219078e-05  2.4561371e-06  0.00047233060  -6.1615626e-05  0.0000000   0.0011052220  -7.8088497e-05  -0.00077315338  5.7147638e-05  3.1748150e-05  5.4061056e-05  -4.0335191e-06  -0.00013176471  -0.00018066705  -2.8327216e-05  -2.7543488e-05  0.00017515744  -1.4540995e-05  1.4399664e-05  2.4024778e-05  -5.0850793e-05  3.5478767e-06  0.00024797745  4.5602578e-05  3.3616275e-06  0.00011122881  -0.00010507171  -0.00010639624  2.0695198e-05  -6.3357329e-05  -6.0410309e-06  4.3219078e-05  2.4561371e-06  
0.00035539545  0.00013593855  -0.0011052220  0.0000000   -8.7864084e-07  0.00055163945  -8.1668840e-05  4.4748701e-05  -0.00063164291  3.6191722e-05  0.00011304135  -7.4594736e-05  -6.6039072e-06  -4.5038451e-06  -0.00012050239  7.1543179e-07  -5.5094866e-05  1.3249816e-05  -2.3559736e-05  -3.5167975e-05  0.00011644425  -0.00015878078  -1.7606370e-06  -0.00010901811  0.00012949018  2.3181316e-06  -2.7373838e-06  0.00013787652  -5.1142372e-05  0.00011123520  1.7662398e-06  0.00035539545  0.00013593855  -0.0011052220  0.0000000   -8.7864084e-07  0.00055163945  -8.1668840e-05  4.4748701e-05  -0.00063164291  3.6191722e-05  0.00011304135  -7.4594736e-05  -6.6039072e-06  -4.5038451e-06  -0.00012050239  7.1543179e-07  -5.5094866e-05  1.3249816e-05  -2.3559736e-05  -3.5167975e-05  0.00011644425  -0.00015878078  -1.7606370e-06  -0.00010901811  0.00012949018  2.3181316e-06  -2.7373838e-06  0.00013787652  -5.1142372e-05  0.00011123520  1.7662398e-06  
-5.7335087e-05  0.00038837742  7.8088497e-05  8.7864084e-07  0.0000000   -0.00014873583  -0.0014573831  0.00015783892  3.5681803e-05  0.00016646203  4.3430596e-05  6.7651432e-05  0.00039574031  -9.6362921e-05  1.5157559e-05  -1.9248432e-05  0.00027769282  -0.00013469517  -0.00024600396  -0.00020556734  -5.5004513e-05  2.0950741e-05  0.00018130989  -7.8760882e-06  -4.0047304e-06  -5.2768732e-05  -0.00019326500  -1.9189764e-05  4.2003269e-07  -3.7842710e-06  -6.7692807e-05  -5.7335087e-05  0.00038837742  7.8088497e-05  8.7864084e-07  0.0000000   -0.00014873583  -0.0014573831  0.00015783892  3.5681803e-05  0.00016646203  4.3430596e-05  6.7651432e-05  0.00039574031  -9.6362921e-05  1.5157559e-05  -1.9248432e-05  0.00027769282  -0.00013469517  -0.00024600396  -0.00020556734  -5.5004513e-05  2.0950741e-05  0.00018130989  -7.8760882e-06  -4.0047304e-06  -5.2768732e-05  -0.00019326500  -1.9189764e-05  4.2003269e-07  -3.7842710e-06  -6.7692807e-05  
-0.00089944761  -0.00011276071  0.00077315338  -0.00055163945  0.00014873583  0.0000000   4.1195122e-05  -0.00016269897  0.00021804643  -0.00015849911  0.0014527813  0.00068769946  -5.1099122e-05  4.8311486e-06  -0.00023852391  3.2219042e-05  1.6089088e-05  -5.6485484e-05  5.7428110e-05  -8.0719225e-06  -0.00022859396  7.5234116e-05  -1.1280487e-05  -0.00011893044  -6.9022141e-05  -0.00011446981  5.4863423e-05  -0.00011938380  3.0474396e-05  -7.4497900e-06  -1.3147587e-05  -0.00089944761  -0.00011276071  0.00077315338  -0.00055163945  0.00014873583  0.0000000   4.1195122e-05  -0.00016269897  0.00021804643  -0.00015849911  0.0014527813  0.00068769946  -5.1099122e-05  4.8311486e-06  -0.00023852391  3.2219042e-05  1.6089088e-05  -5.6485484e-05  5.7428110e-05  -8.0719225e-06  -0.00022859396  7.5234116e-05  -1.1280487e-05  -0.00011893044  -6.9022141e-05  -0.00011446981  5.4863423e-05  -0.00011938380  3.0474396e-05  -7.4497900e-06  -1.3147587e-05  
0.00017017842  -0.00044946652  -5.7147638e-05  8.1668840e-05  0.0014573831  -4.1195122e-05  0.0000000   -0.0016380163  -6.7585991e-05  0.00021358383  -7.3627732e-05  -6.1052790e-05  -0.00017925571  -8.7798475e-05  -2.2790758e-05  -0.00024407150  -9.0910140e-05  0.00030642781  -8.2951195e-05  -0.00026285715  -2.7581882e-05  -2.3311088e-06  -0.00010609110  1.9923986e-05  -1.9311905e-05  6.1220692e-05  0.00017431710  2.1327833e-05  1.1468995e-05  -5.7124015e-06  -9.7988895e-05  0.00017017842  -0.00044946652  -5.7147638e-05  8.1668840e-05  0.0014573831  -4.1195122e-05  0.0000000   -0.0016380163  -6.7585991e-05  0.00021358383  -7.3627732e-05  -6.1052790e-05  -0.00017925571  -8.7798475e-05  -2.2790758e-05  -0.00024407150  -9.0910140e-05  0.00030642781  -8.2951195e-05  -0.00026285715  -2.7581882e-05  -2.3311088e-06  -0.00010609110  1.9923986e-05  -1.9311905e-05  6.1220692e-05  0.00017431710  2.1327833e-05  1.1468995e-05  -5.7124015e-06  -9.7988895e-05  
3.9390341e-06  -0.00019843899  -3.1748150e-05  -4.4748701e-05  -0.00015783892  0.00016269897  0.0016380163  0.0000000   -6.1548915e-06  -0.00014285045  9.6368364e-05  7.4565433e-05  0.0010121683  0.00062498438  4.3238970e-05  -0.00056921650  -0.00066290467  0.00024955120  0.00026698762  2.9305028e-05  3.5183176e-05  1.2008836e-05  -0.00015913457  -1.0670967e-06  -6.0110251e-06  3.0229176e-05  0.00017990866  -1.4042679e-05  -3.9722791e-06  1.3654017e-05  0.00012240384  3.9390341e-06  -0.00019843899  -3.1748150e-05  -4.4748701e-05  -0.00015783892  0.00016269897  0.0016380163  0.0000000   -6.1548915e-06  -0.00014285045  9.6368364e-05  7.4565433e-05  0.0010121683  0.00062498438  4.3238970e-05  -0.00056921650  -0.00066290467  0.00024955120  0.00026698762  2.9305028e-05  3.5183176e-05  1.2008836e-05  -0.00015913457  -1.0670967e-06  -6.0110251e-06  3.0229176e-05  0.00017990866  -1.4042679e-05  -3.9722791e-06  1.3654017e-05  0.00012240384  
4.4746979e-05  -2.0695207e-06  -5.4061056e-05  0.00063164291  -3.5681803e-05  -0.00021804643  6.7585991e-05  6.1548915e-06  0.0000000   6.3748262e-05  -0.00097099312  -8.2527620e-05  0.00010967373  0.00011134026  -0.00030967027  -9.4637928e-06  -6.7714855e-05  1.1805707e-05  3.6223989e-05  2.5101142e-05  -8.3351463e-05  7.7283365e-05  -1.0158230e-05  -6.5364122e-05  0.00019128850  0.00019989674  -4.8142653e-05  0.00011759809  -4.0721462e-05  -3.9288738e-05  3.1772727e-06  4.4746979e-05  -2.0695207e-06  -5.4061056e-05  0.00063164291  -3.5681803e-05  -0.00021804643  6.7585991e-05  6.1548915e-06  0.0000000   6.3748262e-05  -0.00097099312  -8.2527620e-05  0.00010967373  0.00011134026  -0.00030967027  -9.4637928e-06  -6.7714855e-05  1.1805707e-05  3.6223989e-05  2.5101142e-05  -8.3351463e-05  7.7283365e-05  -1.0158230e-05  -6.5364122e-05  0.00019128850  0.00019989674  -4.8142653e-05  0.00011759809  -4.0721462e-05  -3.9288738e-05  3.1772727e-06  
1.8013688e-05  -0.00013109796  4.0335191e-06  -3.6191722e-05  -0.00016646203  0.00015849911  -0.00021358383  0.00014285045  -6.3748262e-05  0.0000000   7.9875886e-05  1.1766018e-05  0.00040393044  0.00051042622  2.4229089e-05  -1.1538230e-05  0.00018524923  0.00036583670  6.6405159e-05  0.00041602670  4.3146306e-05  4.5236964e-06  0.00010933108  -8.6545638e-06  -2.6722426e-05  -9.9875617e-07  -6.3096443e-05  5.3126346e-06  5.5838340e-06  1.1257478e-05  -0.00010291236  1.8013688e-05  -0.00013109796  4.0335191e-06  -3.6191722e-05  -0.00016646203  0.00015849911  -0.00021358383  0.00014285045  -6.3748262e-05  0.0000000   7.9875886e-05  1.1766018e-05  0.00040393044  0.00051042622  2.4229089e-05  -1.1538230e-05  0.00018524923  0.00036583670  6.6405159e-05  0.00041602670  4.3146306e-05  4.5236964e-06  0.00010933108  -8.6545638e-06  -2.6722426e-05  -9.9875617e-07  -6.3096443e-05  5.3126346e-06  5.5838340e-06  1.1257478e-05  -0.00010291236  
