0.0000000   -0.00042159871  4.7658941e-05  -2.6954535e-05  -5.1183245e-05  -0.00054747706  6.0019061e-05  -0.00011633148  -0.00019418546  -2.3131722e-05  3.2659359e-06  0.00047274237  2.3006512e-05  3.8099710e-05  0.00018871840  8.8265212e-05  -1.5830400e-05  5.9683309e-05  -7.8687121e-05  -2.7784189e-05  2.0175146e-05  8.5931307e-05  9.2672830e-05  5.5711694e-05  0.00015845775  4.3067937e-05  1.9978362e-05  0.00026093039  0.00012987279  -3.3173203e-05  -3.5550883e-05  0.0000000   -0.00042159871  4.7658941e-05  -2.6954535e-05  -5.1183245e-05  -0.00054747706  6.0019061e-05  -0.00011633148  -0.00019418546  -2.3131722e-05  3.2659359e-06  0.00047274237  2.3006512e-05  3.8099710e-05  0.00018871840  8.8265212e-05  -1.5830400e-05  5.9683309e-05  -7.8687121e-05  -2.7784189e-05  2.0175146e-05  8.5931307e-05  9.2672830e-05  5.5711694e-05  0.00015845775  4.3067937e-05  1.9978362e-05  0.00026093039  0.00012987279  -3.3173203e-05  -3.5550883e-05  
0.00042159871  0.0000000   0.0012307055  0.0010366445  -0.00044851165  2.3651805e-05  0.00082535460  -4.9919459e-06  -3.2393978e-05  1.3344816e-05  0.00020914134  4.5493502e-05  -3.6284501e-05  9.3604308e-06  2.3651493e-05  0.00025073949  7.5010406e-05  -0.00017395591  -1.0974189e-05  -3.0120167e-05  3.8919874e-05  -1.2165906e-05  2.9323618e-06  6.9351109e-06  1.4433173e-05  -1.2394362e-06  1.4404790e-05  5.2899812e-05  -1.4054841e-05  -0.00011183552  6.8948977e-05  0.00042159871  0.0000000   0.0012307055  0.0010366445  -0.00044851165  2.3651805e-05  0.00082535460  -4.9919459e-06  -3.2393978e-05  1.3344816e-05  0.00020914134  4.5493502e-05  -3.6284501e-05  9.3604308e-06  2.3651493e-05  0.00025073949  7.5010406e-05  -0.00017395591  -1.0974189e-05  -3.0120167e-05  3.8919874e-05  -1.2165906e-05  2.9323618e-06  6.9351109e-06  1.4433173e-05  -1.2394362e-06  1.4404790e-05  5.2899812e-05  -1.4054841e-05  -0.00011183552  6.8948977e-05  
-4.7658941e-05  -0.0012307055  0.0000000   0.0027014345  -0.00050128026  7.7412933e-05  -1.5216761e-05  7.7610102e-05  -2.3349157e-05  -1.0271005e-05  1.5080824e-05  -2.1589097e-05  -3.7745469e-05  -1.4739716e-05  -3.6195435e-05  -0.00015605896  -0.00019997194  -0.00014372205  -2.5853085e-05  0.00019108402  -0.00025954171  1.2646725e-05  3.2436398e-06  -8.7146466e-06  -1.7908641e-05  -1.8245088e-06  -8.0129212e-06  -3.4513227e-05  5.3314130e-05  0.00011122797  -8.2437156e-05  -4.7658941e-05  -0.0012307055  0.0000000   0.0027014345  -0.00050128026  7.7412933e-05  -1.5216761e-05  7.7610102e-05  -2.3349157e-05  -1.0271005e-05  1.5080824e-05  -2.1589097e-05  -3.7745469e-05  -1.4739716e-05  -3.6195435e-05  -0.00015605896  -0.00019997194  -0.00014372205  -2.5853085e-05  0.00019108402  -0.00025954171  1.2646725e-05  3.2436398e-06  -8.7146466e-06  -1.7908641e-05  -1.8245088e-06  -8.0129212e-06  -3.4513227e-05  5.3314130e-05  0.00011122797  -8.2437156e-05  
2.6954535e-05  -0.0010366445  -0.0027014345  0.0000000   -0.00054382830  -1.8997813e-05  0.0013452538  0.00045317915  5.0417642e-05  2.9449857e-05  0.00028965817  -2.8022720e-06  0.00034688712  -6.2349229e-06  1.8369649e-07  5.1778929e-06  -4.0346197e-05  -0.00014230894  -1.8388751e-05  8.0889633e-05  -9.0185007e-05  -3.1534196e-07  4.7163482e-06  1.2240482e-05  2.7571827e-06  6.6549777e-07  4.2150888e-07  4.0170399e-05  6.2106207e-07  1.2536748e-05  2.2001251e-05  2.6954535e-05  -0.0010366445  -0.0027014345  0.0000000   -0.00054382830  -1.8997813e-05  0.0013452538  0.00045317915  5.0417642e-05  2.9449857e-05  0.00028965817  -2.8022720e-06  0.00034688712  -6.2349229e-06  1.8369649e-07  5.1778929e-06  -4.0346197e-05  -0.00014230894  -1.8388751e-05  8.0889633e-05  -9.0185007e-05  -3.1534196e-07  4.7163482e-06  1.2240482e-05  2.7571827e-06  6.6549777e-07  4.2150888e-07  4.0170399e-05  6.2106207e-07  1.2536748e-05  2.2001251e-05  
5.1183245e-05  0.00044851165  0.00050128026  0.00054382830  0.0000000   2.1019831e-05  0.00026337097  0.00051264488  3.7190317e-05  -2.2592671e-05  -0.00035454243  1.7584967e-05  -0.00044715089  9.9497635e-07  8.0010097e-06  9.9073846e-05  5.9590922e-05  0.00043816743  7.6557980e-06  -4.7006110e-07  -4.0386503e-07  9.3121409e-06  -1.1300747e-06  8.7643540e-06  -6.9621645e-06  -4.8033887e-06  5.3792144e-06  3.9293640e-05  -5.8507598e-05  -4.5910244e-05  7.4706851e-05  5.1183245e-05  0.00044851165  0.00050128026  0.00054382830  0.0000000   2.1019831e-05  0.00026337097  0.00051264488  3.7190317e-05  -2.2592671e-05  -0.00035454243  1.7584967e-05  -0.00044715089  9.9497635e-07  8.0010097e-06  9.9073846e-05  5.9590922e-05  0.00043816743  7.6557980e-06  -4.7006110e-07  -4.0386503e-07  9.3121409e-06  -1.1300747e-06  8.7643540e-06  -6.9621645e-06  -4.8033887e-06  5.3792144e-06  3.9293640e-05  -5.8507598e-05  -4.5910244e-05  7.4706851e-05  
0.00054747706  -2.3651805e-05  -7.7412933e-05  1.8997813e-05  -2.1019831e-05  0.0000000   8.2472831e-05  0.00014994853  -0.00068884455  3.4474950e-05  -3.4301591e-05  0.00010187755  -3.2547059e-05  7.7801093e-05  1.2839349e-05  3.7912855e-05  -7.5222766e-06  1.8798633e-05  -0.00015679564  -9.6705781e-05  -6.9045855e-05  5.0550168e-05  -2.7319069e-05  -0.00017094507  0.00012401684  2.2328438e-06  -8.6002760e-05  -3.3622069e-05  5.5295244e-06  1.7126182e-05  3.6862107e-05  0.00054747706  -2.3651805e-05  -7.7412933e-05  1.8997813e-05  -2.1019831e-05  0.0000000   8.2472831e-05  0.00014994853  -0.00068884455  3.4474950e-05  -3.4301591e-05  0.00010187755  -3.2547059e-05  7.7801093e-05  1.2839349e-05  3.7912855e-05  -7.5222766e-06  1.8798633e-05  -0.00015679564  -9.6705781e-05  -6.9045855e-05  5.0550168e-05  -2.7319069e-05  -0.00017094507  0.00012401684  2.2328438e-06  -8.6002760e-05  -3.3622069e-05  5.5295244e-06  1.7126182e-05  3.6862107e-05  
-6.0019061e-05  -0.00082535460  1.5216761e-05  -0.0013452538  -0.00026337097  -8.2472831e-05  0.0000000   -0.0055332446  -9.0107731e-05  0.00020899257  9.3237742e-05  -2.5189567e-06  0.00084984783  -5.0736234e-06  -5.4760639e-05  -0.00019541668  -3.7193903e-05  -0.00043075738  -4.8295796e-05  0.00011617688  -0.00013148025  8.9881108e-06  6.7073056e-05  -2.4882451e-05  3.5741246e-06  3.5805677e-06  2.8164158e-06  -6.2239930e-05  6.5454155e-05  -1.0624024e-05  -3.5132736e-05  -6.0019061e-05  -0.00082535460  1.5216761e-05  -0.0013452538  -0.00026337097  -8.2472831e-05  0.0000000   -0.0055332446  -9.0107731e-05  0.00020899257  9.3237742e-05  -2.5189567e-06  0.00084984783  -5.0736234e-06  -5.4760639e-05  -0.00019541668  -3.7193903e-05  -0.00043075738  -4.8295796e-05  0.00011617688  -0.00013148025  8.9881108e-06  6.7073056e-05  -2.4882451e-05  3.5741246e-06  3.5805677e-06  2.8164158e-06  -6.2239930e-05  6.5454155e-05  -1.0624024e-05  -3.5132736e-05  
0.00011633148  4.9919459e-06  -7.7610102e-05  -0.00045317915  -0.00051264488  -0.00014994853  0.0055332446  0.0000000   -1.5666535e-05  5.6893923e-05  -0.00011591070  -1.1822564e-05  -9.1935491e-05  2.5723112e-05  5.2728471e-05  0.00041919350  0.00056402864  -9.9485656e-05  -7.0564593e-05  0.00010821765  -0.00014954008  1.1457947e-05  -1.5352623e-05  -2.3580918e-05  -1.3264512e-05  -2.8823739e-05  3.0814388e-06  -2.2903804e-05  6.9008479e-06  -3.3413977e-05  -4.2200250e-05  0.00011633148  4.9919459e-06  -7.7610102e-05  -0.00045317915  -0.00051264488  -0.00014994853  0.0055332446  0.0000000   -1.5666535e-05  5.6893923e-05  -0.00011591070  -1.1822564e-05  -9.1935491e-05  2.5723112e-05  5.2728471e-05  0.00041919350  0.00056402864  -9.9485656e-05  -7.0564593e-05  0.00010821765  -0.00014954008  1.1457947e-05  -1.5352623e-05  -2.3580918e-05  -1.3264512e-05  -2.8823739e-05  3.0814388e-06  -2.2903804e-05  6.9008479e-06  -3.3413977e-05  -4.2200250e-05  
0.00019418546  3.2393978e-05  2.3349157e-05  -5.0417642e-05  -3.7190317e-05  0.00068884455  9.0107731e-05  1.5666535e-05  0.0000000   0.00058165653  -1.3151889e-05  0.00062117566  -5.6816964e-05  -0.00014972687  -6.5492924e-05  9.2564444e-05  1.5411361e-05  -8.3160855e-06  0.00017091960  -0.00019547375  -0.00021339535  1.6468728e-05  0.00017989041  -0.00011062949  -5.6595879e-06  -3.0047497e-06  -0.00028893823  9.3274701e-05  -8.0791931e-05  -3.0849236e-05  -7.7442273e-06  0.00019418546  3.2393978e-05  2.3349157e-05  -5.0417642e-05  -3.7190317e-05  0.00068884455  9.0107731e-05  1.5666535e-05  0.0000000   0.00058165653  -1.3151889e-05  0.00062117566  -5.6816964e-05  -0.00014972687  -6.5492924e-05  9.2564444e-05  1.5411361e-05  -8.3160855e-06  0.00017091960  -0.00019547375  -0.00021339535  1.6468728e-05  0.00017989041  -0.00011062949  -5.6595879e-06  -3.0047497e-06  -0.00028893823  9.3274701e-05  -8.0791931e-05  -3.0849236e-05  -7.7442273e-06  
2.3131722e-05  -1.3344816e-05  1.0271005e-05  -2.9449857e-05  2.2592671e-05  -3.4474950e-05  -0.00020899257  -5.6893923e-05  -0.00058165653  0.0000000   -3.5488826e-05  0.00051571423  4.6519020e-06  -8.5845416e-06  -1.3608083e-05  -3.4156369e-05  1.2783845e-06  -1.6625594e-05  0.00029287737  -8.6242015e-05  -9.2320121e-05  0.00017325467  7.9889711e-05  -8.4008625e-05  -8.0248081e-05  -6.4905845e-05  -5.9851172e-05  3.0003946e-06  0.00017991014  1.4832996e-05  -1.9530085e-06  2.3131722e-05  -1.3344816e-05  1.0271005e-05  -2.9449857e-05  2.2592671e-05  -3.4474950e-05  -0.00020899257  -5.6893923e-05  -0.00058165653  0.0000000   -3.5488826e-05  0.00051571423  4.6519020e-06  -8.5845416e-06  -1.3608083e-05  -3.4156369e-05  1.2783845e-06  -1.6625594e-05  0.00029287737  -8.6242015e-05  -9.2320121e-05  0.00017325467  7.9889711e-05  -8.4008625e-05  -8.0248081e-05  -6.4905845e-05  -5.9851172e-05  3.0003946e-06  0.00017991014  1.4832996e-05  -1.9530085e-06  
-3.2659359e-06  -0.00020914134  -1.5080824e-05  -0.00028965817  0.00035454243  3.4301591e-05  -9.3237742e-05  0.00011591070  1.3151889e-05  3.5488826e-05  0.0000000   2.4984739e-05  0.00085605074  -1.9113077e-05  3.1780904e-05  -0.00011611414  0.00037850617  5.8562687e-05  5.3386052e-06  -9.9772988e-05  8.7827339e-05  6.4666945e-06  2.0418053e-05  -1.8851144e-06  6.5089580e-07  2.0187613e-06  -1.2044125e-05  -1.2604243e-05  1.3761645e-06  0.00019939627  6.1878492e-05  -3.2659359e-06  -0.00020914134  -1.5080824e-05  -0.00028965817  0.00035454243  3.4301591e-05  -9.3237742e-05  0.00011591070  1.3151889e-05  3.5488826e-05  0.0000000   2.4984739e-05  0.00085605074  -1.9113077e-05  3.1780904e-05  -0.00011611414  0.00037850617  5.8562687e-05  5.3386052e-06  -9.9772988e-05  8.7827339e-05  6.4666945e-06  2.0418053e-05  -1.8851144e-06  6.5089580e-07  2.0187613e-06  -1.2044125e-05  -1.2604243e-05  1.3761645e-06  0.00019939627  6.1878492e-05  
-0.00047274237  -4.5493502e-05  2.1589097e-05  2.8022720e-06  -1.7584967e-05  -0.00010187755  2.5189567e-06  1.1822564e-05  -0.00062117566  -0.00051571423  -2.4984739e-05  0.0000000   7.2381578e-06  -3.1770978e-06  0.00065623384  8.6430501e-05  -0.00010777621  3.8752773e-05  -9.5867548e-05  5.0939401e-05  3.8092953e-05  0.00026887738  -0.00012024244  -0.00066245426  0.00023515467  -0.00016197042  -5.6469783e-05  0.00055205007  5.9246485e-05  -8.6297798e-06  -2.8997504e-05  -0.00047274237  -4.5493502e-05  2.1589097e-05  2.8022720e-06  -1.7584967e-05  -0.00010187755  2.5189567e-06  1.1822564e-05  -0.00062117566  -0.00051571423  -2.4984739e-05  0.0000000   7.2381578e-06  -3.1770978e-06  0.00065623384  8.6430501e-05  -0.00010777621  3.8752773e-05  -9.5867548e-05  5.0939401e-05  3.8092953e-05  0.00026887738  -0.00012024244  -0.00066245426  0.00023515467  -0.00016197042  -5.6469783e-05  0.00055205007  5.9246485e-05  -8.6297798e-06  -2.8997504e-05  
-2.3006512e-05  3.6284501e-05  3.7745469e-05  -0.00034688712  0.00044715089  3.2547059e-05  -0.00084984783  9.1935491e-05  5.6816964e-05  -4.6519020e-06  -0.00085605074  -7.2381578e-06  0.0000000   1.4933142e-05  1.8993505e-05  0.00093561121  0.00017738763  -0.00022353837  2.0576017e-05  -0.00013948639  0.00020060471  -1.7906401e-05  -7.1765768e-06  -7.9602279e-06  -1.0714693e-05  -5.2891506e-06  -1.2622870e-07  1.5863750e-05  5.0805454e-05  -6.2418827e-05  -5.6881794e-05  -2.3006512e-05  3.6284501e-05  3.7745469e-05  -0.00034688712  0.00044715089  3.2547059e-05  -0.00084984783  9.1935491e-05  5.6816964e-05  -4.6519020e-06  -0.00085605074  -7.2381578e-06  0.0000000   1.4933142e-05  1.8993505e-05  0.00093561121  0.00017738763  -0.00022353837  2.0576017e-05  -0.00013948639  0.00020060471  -1.7906401e-05  -7.1765768e-06  -7.9602279e-06  -1.0714693e-05  -5.2891506e-06  -1.2622870e-07  1.5863750e-05  5.0805454e-05  -6.2418827e-05  -5.6881794e-05  
-3.8099710e-05  -9.3604308e-06  1.4739716e-05  6.2349229e-06  -9.9497635e-07  -7.7801093e-05  5.0736234e-06  -2.5723112e-05  0.00014972687  8.5845416e-06  1.9113077e-05  3.1770978e-06  -1.4933142e-05  0.0000000   0.00058830017  6.0701758e-05  -0.00012318574  -7.4624616e-06  1.2338166e-05  0.00015534220  0.00013596349  6.1768829e-05  0.00012843950  0.00028083637  -0.00015140731  -0.00022779720  3.8087771e-06  -8.9720193e-05  -0.00013795214  -1.9967524e-05  -9.7485905e-06  -3.8099710e-05  -9.3604308e-06  1.4739716e-05  6.2349229e-06  -9.9497635e-07  -7.7801093e-05  5.0736234e-06  -2.5723112e-05  0.00014972687  8.5845416e-06  1.9113077e-05  3.1770978e-06  -1.4933142e-05  0.0000000   0.00058830017  6.0701758e-05  -0.00012318574  -7.4624616e-06  1.2338166e-05  0.00015534220  0.00013596349  6.1768829e-05  0.00012843950  0.00028083637  -0.00015140731  -0.00022779720  3.8087771e-06  -8.9720193e-05  -0.00013795214  -1.9967524e-05  -9.7485905e-06  
-0.00018871840  -2.3651493e-05  3.6195435e-05  -1.8369649e-07  -8.0010097e-06  -1.2839349e-05  5.4760639e-05  -5.2728471e-05  6.5492924e-05  1.3608083e-05  -3.1780904e-05  -0.00065623384  -1.8993505e-05  -0.00058830017  0.0000000   0.00059685371  -1.4871757e-05  -2.5571921e-05  0.00095832111  0.00027711812  5.5452286e-05  0.00017342890  0.00035823488  0.00020666271  7.2294076e-05  -0.00014683372  -0.00013180734  0.00019524641  6.5862963e-05  3.6113003e-06  -1.2324823e-05  -0.00018871840  -2.3651493e-05  3.6195435e-05  -1.8369649e-07  -8.0010097e-06  -1.2839349e-05  5.4760639e-05  -5.2728471e-05  6.5492924e-05  1.3608083e-05  -3.1780904e-05  -0.00065623384  -1.8993505e-05  -0.00058830017  0.0000000   0.00059685371  -1.4871757e-05  -2.5571921e-05  0.00095832111  0.00027711812  5.5452286e-05  0.00017342890  0.00035823488  0.00020666271  7.2294076e-05  -0.00014683372  -0.00013180734  0.00019524641  6.5862963e-05  3.6113003e-06  -1.2324823e-05  
-8.8265212e-05  -0.00025073949  0.00015605896  -5.1778929e-06  -9.9073846e-05  -3.7912855e-05  0.00019541668  -0.00041919350  -9.2564444e-05  3.4156369e-05  0.00011611414  -8.6430501e-05  -0.00093561121  -6.0701758e-05  -0.00059685371  0.0000000   -0.0085076444  -0.0012532745  -0.00016862288  0.00074473969  -0.00097987157  0.00012071687  8.5251305e-05  0.00012544982  6.4576388e-05  1.3295762e-05  -5.4598120e-05  0.00012472773  -3.3405309e-05  0.00010732393  -0.00018748933  -8.8265212e-05  -0.00025073949  0.00015605896  -5.1778929e-06  -9.9073846e-05  -3.7912855e-05  0.00019541668  -0.00041919350  -9.2564444e-05  3.4156369e-05  0.00011611414  -8.6430501e-05  -0.00093561121  -6.0701758e-05  -0.00059685371  0.0000000   -0.0085076444  -0.0012532745  -0.00016862288  0.00074473969  -0.00097987157  0.00012071687  8.5251305e-05  0.00012544982  6.4576388e-05  1.3295762e-05  -5.4598120e-05  0.00012472773  -3.3405309e-05  0.00010732393  -0.00018748933  
1.5830400e-05  -7.5010406e-05  0.00019997194  4.0346197e-05  -5.9590922e-05  7.5222766e-06  3.7193903e-05  -0.00056402864  -1.5411361e-05  -1.2783845e-06  -0.00037850617  0.00010777621  -0.00017738763  0.00012318574  1.4871757e-05  0.0085076444  0.0000000   -0.00040752261  -0.00021678173  0.00069920751  -0.0010851067  0.00013783067  4.7633101e-06  -0.00010157717  -0.00016566660  1.1926602e-05  -5.1982034e-05  4.6874064e-05  3.3263795e-05  0.00050394131  -0.00025724032  1.5830400e-05  -7.5010406e-05  0.00019997194  4.0346197e-05  -5.9590922e-05  7.5222766e-06  3.7193903e-05  -0.00056402864  -1.5411361e-05  -1.2783845e-06  -0.00037850617  0.00010777621  -0.00017738763  0.00012318574  1.4871757e-05  0.0085076444  0.0000000   -0.00040752261  -0.00021678173  0.00069920751  -0.0010851067  0.00013783067  4.7633101e-06  -0.00010157717  -0.00016566660  1.1926602e-05  -5.1982034e-05  4.6874064e-05  3.3263795e-05  0.00050394131  -0.00025724032  
-5.9683309e-05  0.00017395591  0.00014372205  0.00014230894  -0.00043816743  -1.8798633e-05  0.00043075738  9.9485656e-05  8.3160855e-06  1.6625594e-05  -5.8562687e-05  -3.8752773e-05  0.00022353837  7.4624616e-06  2.5571921e-05  0.0012532745  0.00040752261  0.0000000   -2.6228513e-05  0.00057832004  -0.00071555885  -1.2441047e-05  -2.0582489e-05  4.9960018e-05  -6.2501217e-05  2.4646879e-05  -1.5277216e-05  -7.6407600e-05  0.00011296704  7.2331049e-05  -0.00032486490  -5.9683309e-05  0.00017395591  0.00014372205  0.00014230894  -0.00043816743  -1.8798633e-05  0.00043075738  9.9485656e-05  8.3160855e-06  1.6625594e-05  -5.8562687e-05  -3.8752773e-05  0.00022353837  7.4624616e-06  2.5571921e-05  0.0012532745  0.00040752261  0.0000000   -2.6228513e-05  0.00057832004  -0.00071555885  -1.2441047e-05  -2.0582489e-05  4.9960018e-05  -6.2501217e-05  2.4646879e-05  -1.5277216e-05  -7.6407600e-05  0.00011296704  7.2331049e-05  -0.00032486490  
7.8687121e-05  1.0974189e-05  2.5853085e-05  1.8388751e-05  -7.6557980e-06  0.00015679564  4.8295796e-05  7.0564593e-05  -0.00017091960  -0.00029287737  -5.3386052e-06  9.5867548e-05  -2.0576017e-05  -1.2338166e-05  -0.00095832111  0.00016862288  0.00021678173  2.6228513e-05  0.0000000   0.0033821620  0.0026230383  -0.00041590483  0.00038643797  -0.0014653681  0.00045621540  -5.6777938e-05  0.00020853390  -0.00013033936  -0.00040155050  5.8917447e-05  2.6353321e-05  7.8687121e-05  1.0974189e-05  2.5853085e-05  1.8388751e-05  -7.6557980e-06  0.00015679564  4.8295796e-05  7.0564593e-05  -0.00017091960  -0.00029287737  -5.3386052e-06  9.5867548e-05  -2.0576017e-05  -1.2338166e-05  -0.00095832111  0.00016862288  0.00021678173  2.6228513e-05  0.0000000   0.0033821620  0.0026230383  -0.00041590483  0.00038643797  -0.0014653681  0.00045621540  -5.6777938e-05  0.00020853390  -0.00013033936  -0.00040155050  5.8917447e-05  2.6353321e-05  
2.7784189e-05  3.0120167e-05  -0.00019108402  -8.0889633e-05  4.7006110e-07  9.6705781e-05  -0.00011617688  -0.00010821765  0.00019547375  8.6242015e-05  9.9772988e-05  -5.0939401e-05  0.00013948639  -0.00015534220  -0.00027711812  -0.00074473969  -0.00069920751  -0.00057832004  -0.0033821620  0.0000000   0.00061182455  0.00037511159  -0.00021929373  0.0011828837  0.00015470280  -0.00012814224  -0.00013658347  0.00023126543  -3.1478422e-05  -6.0670413e-05  7.0739799e-05  2.7784189e-05  3.0120167e-05  -0.00019108402  -8.0889633e-05  4.7006110e-07  9.6705781e-05  -0.00011617688  -0.00010821765  0.00019547375  8.6242015e-05  9.9772988e-05  -5.0939401e-05  0.00013948639  -0.00015534220  -0.00027711812  -0.00074473969  -0.00069920751  -0.00057832004  -0.0033821620  0.0000000   0.00061182455  0.00037511159  -0.00021929373  0.0011828837  0.00015470280  -0.00012814224  -0.00013658347  0.00023126543  -3.1478422e-05  -6.0670413e-05  7.0739799e-05  
-2.0175146e-05  -3.8919874e-05  0.00025954171  9.0185007e-05  4.0386503e-07  6.9045855e-05  0.00013148025  0.00014954008  0.00021339535  9.2320121e-05  -8.7827339e-05  -3.8092953e-05  -0.00020060471  -0.00013596349  -5.5452286e-05  0.00097987157  0.0010851067  0.00071555885  -0.0026230383  -0.00061182455  0.0000000   0.00071019467  -9.3962865e-05  0.00067397894  5.8071818e-05  -0.00012339606  -0.00017800092  -3.2787635e-05  0.00042984367  0.00015074788  -0.00019590887  -2.0175146e-05  -3.8919874e-05  0.00025954171  9.0185007e-05  4.0386503e-07  6.9045855e-05  0.00013148025  0.00014954008  0.00021339535  9.2320121e-05  -8.7827339e-05  -3.8092953e-05  -0.00020060471  -0.00013596349  -5.5452286e-05  0.00097987157  0.0010851067  0.00071555885  -0.0026230383  -0.00061182455  0.0000000   0.00071019467  -9.3962865e-05  0.00067397894  5.8071818e-05  -0.00012339606  -0.00017800092  -3.2787635e-05  0.00042984367  0.00015074788  -0.00019590887  
-8.5931307e-05  1.2165906e-05  -1.2646725e-05  3.1534196e-07  -9.3121409e-06  -5.0550168e-05  -8.9881108e-06  -1.1457947e-05  -1.6468728e-05  -0.00017325467  -6.4666945e-06  -0.00026887738  1.7906401e-05  -6.1768829e-05  -0.00017342890  -0.00012071687  -0.00013783067  1.2441047e-05  0.00041590483  -0.00037511159  -0.00071019467  0.0000000   -0.00092395586  -0.0054950954  0.0010547559  -0.00057409401  -0.00036771638  8.6528142e-06  0.00023442683  -7.9204502e-05  -1.1125504e-05  -8.5931307e-05  1.2165906e-05  -1.2646725e-05  3.1534196e-07  -9.3121409e-06  -5.0550168e-05  -8.9881108e-06  -1.1457947e-05  -1.6468728e-05  -0.00017325467  -6.4666945e-06  -0.00026887738  1.7906401e-05  -6.1768829e-05  -0.00017342890  -0.00012071687  -0.00013783067  1.2441047e-05  0.00041590483  -0.00037511159  -0.00071019467  0.0000000   -0.00092395586  -0.0054950954  0.0010547559  -0.00057409401  -0.00036771638  8.6528142e-06  0.00023442683  -7.9204502e-05  -1.1125504e-05  
-9.2672830e-05  -2.9323618e-06  -3.2436398e-06  -4.7163482e-06  1.1300747e-06  2.7319069e-05  -6.7073056e-05  1.5352623e-05  -0.00017989041  -7.9889711e-05  -2.0418053e-05  0.00012024244  7.1765768e-06  -0.00012843950  -0.00035823488  -8.5251305e-05  -4.7633101e-06  2.0582489e-05  -0.00038643797  0.00021929373  9.3962865e-05  0.00092395586  0.0000000   -0.0047130528  0.0014516116  0.00032061067  0.00015833906  0.00067906807  0.00017667224  -7.3841726e-05  -6.0852715e-05  -9.2672830e-05  -2.9323618e-06  -3.2436398e-06  -4.7163482e-06  1.1300747e-06  2.7319069e-05  -6.7073056e-05  1.5352623e-05  -0.00017989041  -7.9889711e-05  -2.0418053e-05  0.00012024244  7.1765768e-06  -0.00012843950  -0.00035823488  -8.5251305e-05  -4.7633101e-06  2.0582489e-05  -0.00038643797  0.00021929373  9.3962865e-05  0.00092395586  0.0000000   -0.0047130528  0.0014516116  0.00032061067  0.00015833906  0.00067906807  0.00017667224  -7.3841726e-05  -6.0852715e-05  
-5.5711694e-05  -6.9351109e-06  8.7146466e-06  -1.2240482e-05  -8.7643540e-06  0.00017094507  2.4882451e-05  2.3580918e-05  0.00011062949  8.4008625e-05  1.8851144e-06  0.00066245426  7.9602279e-06  -0.00028083637  -0.00020666271  -0.00012544982  0.00010157717  -4.9960018e-05  0.0014653681  -0.0011828837  -0.00067397894  0.0054950954  0.0047130528  0.0000000   9.2047825e-05  -4.9108221e-05  0.00012138543  -0.00065246757  -0.00019828067  -1.1157640e-06  -0.00011012605  -5.5711694e-05  -6.9351109e-06  8.7146466e-06  -1.2240482e-05  -8.7643540e-06  0.00017094507  2.4882451e-05  2.3580918e-05  0.00011062949  8.4008625e-05  1.8851144e-06  0.00066245426  7.9602279e-06  -0.00028083637  -0.00020666271  -0.00012544982  0.00010157717  -4.9960018e-05  0.0014653681  -0.0011828837  -0.00067397894  0.0054950954  0.0047130528  0.0000000   9.2047825e-05  -4.9108221e-05  0.00012138543  -0.00065246757  -0.00019828067  -1.1157640e-06  -0.00011012605  
-0.00015845775  -1.4433173e-05  1.7908641e-05  -2.7571827e-06  6.9621645e-06  -0.00012401684  -3.5741246e-06  1.3264512e-05  5.6595879e-06  8.0248081e-05  -6.5089580e-07  -0.00023515467  1.0714693e-05  0.00015140731  -7.2294076e-05  -6.4576388e-05  0.00016566660  6.2501217e-05  -0.00045621540  -0.00015470280  -5.8071818e-05  -0.0010547559  -0.0014516116  -9.2047825e-05  0.0000000   0.00081434233  -0.00014051258  0.00098470514  5.8329490e-05  -1.6671652e-05  -0.00010619456  -0.00015845775  -1.4433173e-05  1.7908641e-05  -2.7571827e-06  6.9621645e-06  -0.00012401684  -3.5741246e-06  1.3264512e-05  5.6595879e-06  8.0248081e-05  -6.5089580e-07  -0.00023515467  1.0714693e-05  0.00015140731  -7.2294076e-05  -6.4576388e-05  0.00016566660  6.2501217e-05  -0.00045621540  -0.00015470280  -5.8071818e-05  -0.0010547559  -0.0014516116  -9.2047825e-05  0.0000000   0.00081434233  -0.00014051258  0.00098470514  5.8329490e-05  -1.6671652e-05  -0.00010619456  
-4.3067937e-05  1.2394362e-06  1.8245088e-06  -6.6549777e-07  4.8033887e-06  -2.2328438e-06  -3.5805677e-06  2.8823739e-05  3.0047497e-06  6.4905845e-05  -2.0187613e-06  0.00016197042  5.2891506e-06  0.00022779720  0.00014683372  -1.3295762e-05  -1.1926602e-05  -2.4646879e-05  5.6777938e-05  0.00012814224  0.00012339606  0.00057409401  -0.00032061067  4.9108221e-05  -0.00081434233  0.0000000   0.00075556473  0.00028164247  -0.00086198697  -2.4064476e-05  0.00012095043  -4.3067937e-05  1.2394362e-06  1.8245088e-06  -6.6549777e-07  4.8033887e-06  -2.2328438e-06  -3.5805677e-06  2.8823739e-05  3.0047497e-06  6.4905845e-05  -2.0187613e-06  0.00016197042  5.2891506e-06  0.00022779720  0.00014683372  -1.3295762e-05  -1.1926602e-05  -2.4646879e-05  5.6777938e-05  0.00012814224  0.00012339606  0.00057409401  -0.00032061067  4.9108221e-05  -0.00081434233  0.0000000   0.00075556473  0.00028164247  -0.00086198697  -2.4064476e-05  0.00012095043  
-1.9978362e-05  -1.4404790e-05  8.0129212e-06  -4.2150888e-07  -5.3792144e-06  8.6002760e-05  -2.8164158e-06  -3.0814388e-06  0.00028893823  5.9851172e-05  1.2044125e-05  5.6469783e-05  1.2622870e-07  -3.8087771e-06  0.00013180734  5.4598120e-05  5.1982034e-05  1.5277216e-05  -0.00020853390  0.00013658347  0.00017800092  0.00036771638  -0.00015833906  -0.00012138543  0.00014051258  -0.00075556473  0.0000000   0.00047745210  -6.1941168e-05  9.3677416e-06  -0.00018305591  -1.9978362e-05  -1.4404790e-05  8.0129212e-06  -4.2150888e-07  -5.3792144e-06  8.6002760e-05  -2.8164158e-06  -3.0814388e-06  0.00028893823  5.9851172e-05  1.2044125e-05  5.6469783e-05  1.2622870e-07  -3.8087771e-06  0.00013180734  5.4598120e-05  5.1982034e-05  1.5277216e-05  -0.00020853390  0.00013658347  0.00017800092  0.00036771638  -0.00015833906  -0.00012138543  0.00014051258  -0.00075556473  0.0000000   0.00047745210  -6.1941168e-05  9.3677416e-06  -0.00018305591  
-0.00026093039  -5.2899812e-05  3.4513227e-05  -4.0170399e-05  -3.9293640e-05  3.3622069e-05  6.2239930e-05  2.2903804e-05  -9.3274701e-05  -3.0003946e-06  1.2604243e-05  -0.00055205007  -1.5863750e-05  8.9720193e-05  -0.00019524641  -0.00012472773  -4.6874064e-05  7.6407600e-05  0.00013033936  -0.00023126543  3.2787635e-05  -8.6528142e-06  -0.00067906807  0.00065246757  -0.00098470514  -0.00028164247  -0.00047745210  0.0000000   0.012003649  0.00029228019  -0.00090938129  -0.00026093039  -5.2899812e-05  3.4513227e-05  -4.0170399e-05  -3.9293640e-05  3.3622069e-05  6.2239930e-05  2.2903804e-05  -9.3274701e-05  -3.0003946e-06  1.2604243e-05  -0.00055205007  -1.5863750e-05  8.9720193e-05  -0.00019524641  -0.00012472773  -4.6874064e-05  7.6407600e-05  0.00013033936  -0.00023126543  3.2787635e-05  -8.6528142e-06  -0.00067906807  0.00065246757  -0.00098470514  -0.00028164247  -0.00047745210  0.0000000   0.012003649  0.00029228019  -0.00090938129  
-0.00012987279  1.4054841e-05  -5.3314130e-05  -6.2106207e-07  5.8507598e-05  -5.5295244e-06  -6.5454155e-05  -6.9008479e-06  8.0791931e-05  -0.00017991014  -1.3761645e-06  -5.9246485e-05  -5.0805454e-05  0.00013795214  -6.5862963e-05  3.3405309e-05  -3.3263795e-05  -0.00011296704  0.00040155050  3.1478422e-05  -0.00042984367  -0.00023442683  -0.00017667224  0.00019828067  -5.8329490e-05  0.00086198697  6.1941168e-05  -0.012003649  0.0000000   -0.00087789808  -1.7780891e-05  -0.00012987279  1.4054841e-05  -5.3314130e-05  -6.2106207e-07  5.8507598e-05  -5.5295244e-06  -6.5454155e-05  -6.9008479e-06  8.0791931e-05  -0.00017991014  -1.3761645e-06  -5.9246485e-05  -5.0805454e-05  0.00013795214  -6.5862963e-05  3.3405309e-05  -3.3263795e-05  -0.00011296704  0.00040155050  3.1478422e-05  -0.00042984367  -0.00023442683  -0.00017667224  0.00019828067  -5.8329490e-05  0.00086198697  6.1941168e-05  -0.012003649  0.0000000   -0.00087789808  -1.7780891e-05  
3.3173203e-05  0.00011183552  -0.00011122797  -1.2536748e-05  4.5910244e-05  -1.7126182e-05  1.0624024e-05  3.3413977e-05  3.0849236e-05  -1.4832996e-05  -0.00019939627  8.6297798e-06  6.2418827e-05  1.9967524e-05  -3.6113003e-06  -0.00010732393  -0.00050394131  -7.2331049e-05  -5.8917447e-05  6.0670413e-05  -0.00015074788  7.9204502e-05  7.3841726e-05  1.1157640e-06  1.6671652e-05  2.4064476e-05  -9.3677416e-06  -0.00029228019  0.00087789808  0.0000000   0.0093790747  3.3173203e-05  0.00011183552  -0.00011122797  -1.2536748e-05  4.5910244e-05  -1.7126182e-05  1.0624024e-05  3.3413977e-05  3.0849236e-05  -1.4832996e-05  -0.00019939627  8.6297798e-06  6.2418827e-05  1.9967524e-05  -3.6113003e-06  -0.00010732393  -0.00050394131  -7.2331049e-05  -5.8917447e-05  6.0670413e-05  -0.00015074788  7.9204502e-05  7.3841726e-05  1.1157640e-06  1.6671652e-05  2.4064476e-05  -9.3677416e-06  -0.00029228019  0.00087789808  0.0000000   0.0093790747  
3.5550883e-05  -6.8948977e-05  8.2437156e-05  -2.2001251e-05  -7.4706851e-05  -3.6862107e-05  3.5132736e-05  4.2200250e-05  7.7442273e-06  1.9530085e-06  -6.1878492e-05  2.8997504e-05  5.6881794e-05  9.7485905e-06  1.2324823e-05  0.00018748933  0.00025724032  0.00032486490  -2.6353321e-05  -7.0739799e-05  0.00019590887  1.1125504e-05  6.0852715e-05  0.00011012605  0.00010619456  -0.00012095043  0.00018305591  0.00090938129  1.7780891e-05  -0.0093790747  0.0000000   3.5550883e-05  -6.8948977e-05  8.2437156e-05  -2.2001251e-05  -7.4706851e-05  -3.6862107e-05  3.5132736e-05  4.2200250e-05  7.7442273e-06  1.9530085e-06  -6.1878492e-05  2.8997504e-05  5.6881794e-05  9.7485905e-06  1.2324823e-05  0.00018748933  0.00025724032  0.00032486490  -2.6353321e-05  -7.0739799e-05  0.00019590887  1.1125504e-05  6.0852715e-05  0.00011012605  0.00010619456  -0.00012095043  0.00018305591  0.00090938129  1.7780891e-05  -0.0093790747  0.0000000   
0.0000000   -0.00042159871  4.7658941e-05  -2.6954535e-05  -5.1183245e-05  -0.00054747706  6.0019061e-05  -0.00011633148  -0.00019418546  -2.3131722e-05  3.2659359e-06  0.00047274237  2.3006512e-05  3.8099710e-05  0.00018871840  8.8265212e-05  -1.5830400e-05  5.9683309e-05  -7.8687121e-05  -2.7784189e-05  2.0175146e-05  8.5931307e-05  9.2672830e-05  5.5711694e-05  0.00015845775  4.3067937e-05  1.9978362e-05  0.00026093039  0.00012987279  -3.3173203e-05  -3.5550883e-05  0.0000000   -0.00042159871  4.7658941e-05  -2.6954535e-05  -5.1183245e-05  -0.00054747706  6.0019061e-05  -0.00011633148  -0.00019418546  -2.3131722e-05  3.2659359e-06  0.00047274237  2.3006512e-05  3.8099710e-05  0.00018871840  8.8265212e-05  -1.5830400e-05  5.9683309e-05  -7.8687121e-05  -2.7784189e-05  2.0175146e-05  8.5931307e-05  9.2672830e-05  5.5711694e-05  0.00015845775  4.3067937e-05  1.9978362e-05  0.00026093039  0.00012987279  -3.3173203e-05  -3.5550883e-05  
0.00042159871  0.0000000   0.0012307055  0.0010366445  -0.00044851165  2.3651805e-05  0.00082535460  -4.9919459e-06  -3.2393978e-05  1.3344816e-05  0.00020914134  4.5493502e-05  -3.6284501e-05  9.3604308e-06  2.3651493e-05  0.00025073949  7.5010406e-05  -0.00017395591  -1.0974189e-05  -3.0120167e-05  3.8919874e-05  -1.2165906e-05  2.9323618e-06  6.9351109e-06  1.4433173e-05  -1.2394362e-06  1.4404790e-05  5.2899812e-05  -1.4054841e-05  -0.00011183552  6.8948977e-05  0.00042159871  0.0000000   0.0012307055  0.0010366445  -0.00044851165  2.3651805e-05  0.00082535460  -4.9919459e-06  -3.2393978e-05  1.3344816e-05  0.00020914134  4.5493502e-05  -3.6284501e-05  9.3604308e-06  2.3651493e-05  0.00025073949  7.5010406e-05  -0.00017395591  -1.0974189e-05  -3.0120167e-05  3.8919874e-05  -1.2165906e-05  2.9323618e-06  6.9351109e-06  1.4433173e-05  -1.2394362e-06  1.4404790e-05  5.2899812e-05  -1.4054841e-05  -0.00011183552  6.8948977e-05  
-4.7658941e-05  -0.0012307055  0.0000000   0.0027014345  -0.00050128026  7.7412933e-05  -1.5216761e-05  7.7610102e-05  -2.3349157e-05  -1.0271005e-05  1.5080824e-05  -2.1589097e-05  -3.7745469e-05  -1.4739716e-05  -3.6195435e-05  -0.00015605896  -0.00019997194  -0.00014372205  -2.5853085e-05  0.00019108402  -0.00025954171  1.2646725e-05  3.2436398e-06  -8.7146466e-06  -1.7908641e-05  -1.8245088e-06  -8.0129212e-06  -3.4513227e-05  5.3314130e-05  0.00011122797  -8.2437156e-05  -4.7658941e-05  -0.0012307055  0.0000000   0.0027014345  -0.00050128026  7.7412933e-05  -1.5216761e-05  7.7610102e-05  -2.3349157e-05  -1.0271005e-05  1.5080824e-05  -2.1589097e-05  -3.7745469e-05  -1.4739716e-05  -3.6195435e-05  -0.00015605896  -0.00019997194  -0.00014372205  -2.5853085e-05  0.00019108402  -0.00025954171  1.2646725e-05  3.2436398e-06  -8.7146466e-06  -1.7908641e-05  -1.8245088e-06  -8.0129212e-06  -3.4513227e-05  5.3314130e-05  0.00011122797  -8.2437156e-05  
2.6954535e-05  -0.0010366445  -0.0027014345  0.0000000   -0.00054382830  -1.8997813e-05  0.0013452538  0.00045317915  5.0417642e-05  2.9449857e-05  0.00028965817  -2.8022720e-06  0.00034688712  -6.2349229e-06  1.8369649e-07  5.1778929e-06  -4.0346197e-05  -0.00014230894  -1.8388751e-05  8.0889633e-05  -9.0185007e-05  -3.1534196e-07  4.7163482e-06  1.2240482e-05  2.7571827e-06  6.6549777e-07  4.2150888e-07  4.0170399e-05  6.2106207e-07  1.2536748e-05  2.2001251e-05  2.6954535e-05  -0.0010366445  -0.0027014345  0.0000000   -0.00054382830  -1.8997813e-05  0.0013452538  0.00045317915  5.0417642e-05  2.9449857e-05  0.00028965817  -2.8022720e-06  0.00034688712  -6.2349229e-06  1.8369649e-07  5.1778929e-06  -4.0346197e-05  -0.00014230894  -1.8388751e-05  8.0889633e-05  -9.0185007e-05  -3.1534196e-07  4.7163482e-06  1.2240482e-05  2.7571827e-06  6.6549777e-07  4.2150888e-07  4.0170399e-05  6.2106207e-07  1.2536748e-05  2.2001251e-05  
5.1183245e-05  0.00044851165  0.00050128026  0.00054382830  0.0000000   2.1019831e-05  0.00026337097  0.00051264488  3.7190317e-05  -2.2592671e-05  -0.00035454243  1.7584967e-05  -0.00044715089  9.9497635e-07  8.0010097e-06  9.9073846e-05  5.9590922e-05  0.00043816743  7.6557980e-06  -4.7006110e-07  -4.0386503e-07  9.3121409e-06  -1.1300747e-06  8.7643540e-06  -6.9621645e-06  -4.8033887e-06  5.3792144e-06  3.9293640e-05  -5.8507598e-05  -4.5910244e-05  7.4706851e-05  5.1183245e-05  0.00044851165  0.00050128026  0.00054382830  0.0000000   2.1019831e-05  0.00026337097  0.00051264488  3.7190317e-05  -2.2592671e-05  -0.00035454243  1.7584967e-05  -0.00044715089  9.9497635e-07  8.0010097e-06  9.9073846e-05  5.9590922e-05  0.00043816743  7.6557980e-06  -4.7006110e-07  -4.0386503e-07  9.3121409e-06  -1.1300747e-06  8.7643540e-06  -6.9621645e-06  -4.8033887e-06  5.3792144e-06  3.9293640e-05  -5.8507598e-05  -4.5910244e-05  7.4706851e-05  
0.00054747706  -2.3651805e-05  -7.7412933e-05  1.8997813e-05  -2.1019831e-05  0.0000000   8.2472831e-05  0.00014994853  -0.00068884455  3.4474950e-05  -3.4301591e-05  0.00010187755  -3.2547059e-05  7.7801093e-05  1.2839349e-05  3.7912855e-05  -7.5222766e-06  1.8798633e-05  -0.00015679564  -9.6705781e-05  -6.9045855e-05  5.0550168e-05  -2.7319069e-05  -0.00017094507  0.00012401684  2.2328438e-06  -8.6002760e-05  -3.3622069e-05  5.5295244e-06  1.7126182e-05  3.6862107e-05  0.00054747706  -2.3651805e-05  -7.7412933e-05  1.8997813e-05  -2.1019831e-05  0.0000000   8.2472831e-05  0.00014994853  -0.00068884455  3.4474950e-05  -3.4301591e-05  0.00010187755  -3.2547059e-05  7.7801093e-05  1.2839349e-05  3.7912855e-05  -7.5222766e-06  1.8798633e-05  -0.00015679564  -9.6705781e-05  -6.9045855e-05  5.0550168e-05  -2.7319069e-05  -0.00017094507  0.00012401684  2.2328438e-06  -8.6002760e-05  -3.3622069e-05  5.5295244e-06  1.7126182e-05  3.6862107e-05  
-6.0019061e-05  -0.00082535460  1.5216761e-05  -0.0013452538  -0.00026337097  -8.2472831e-05  0.0000000   -0.0055332446  -9.0107731e-05  0.00020899257  9.3237742e-05  -2.5189567e-06  0.00084984783  -5.0736234e-06  -5.4760639e-05  -0.00019541668  -3.7193903e-05  -0.00043075738  -4.8295796e-05  0.00011617688  -0.00013148025  8.9881108e-06  6.7073056e-05  -2.4882451e-05  3.5741246e-06  3.5805677e-06  2.8164158e-06  -6.2239930e-05  6.5454155e-05  -1.0624024e-05  -3.5132736e-05  -6.0019061e-05  -0.00082535460  1.5216761e-05  -0.0013452538  -0.00026337097  -8.2472831e-05  0.0000000   -0.0055332446  -9.0107731e-05  0.00020899257  9.3237742e-05  -2.5189567e-06  0.00084984783  -5.0736234e-06  -5.4760639e-05  -0.00019541668  -3.7193903e-05  -0.00043075738  -4.8295796e-05  0.00011617688  -0.00013148025  8.9881108e-06  6.7073056e-05  -2.4882451e-05  3.5741246e-06  3.5805677e-06  2.8164158e-06  -6.2239930e-05  6.5454155e-05  -1.0624024e-05  -3.5132736e-05  
0.00011633148  4.9919459e-06  -7.7610102e-05  -0.00045317915  -0.00051264488  -0.00014994853  0.0055332446  0.0000000   -1.5666535e-05  5.6893923e-05  -0.00011591070  -1.1822564e-05  -9.1935491e-05  2.5723112e-05  5.2728471e-05  0.00041919350  0.00056402864  -9.9485656e-05  -7.0564593e-05  0.00010821765  -0.00014954008  1.1457947e-05  -1.5352623e-05  -2.3580918e-05  -1.3264512e-05  -2.8823739e-05  3.0814388e-06  -2.2903804e-05  6.9008479e-06  -3.3413977e-05  -4.2200250e-05  0.00011633148  4.9919459e-06  -7.7610102e-05  -0.00045317915  -0.00051264488  -0.00014994853  0.0055332446  0.0000000   -1.5666535e-05  5.6893923e-05  -0.00011591070  -1.1822564e-05  -9.1935491e-05  2.5723112e-05  5.2728471e-05  0.00041919350  0.00056402864  -9.9485656e-05  -7.0564593e-05  0.00010821765  -0.00014954008  1.1457947e-05  -1.5352623e-05  -2.3580918e-05  -1.3264512e-05  -2.8823739e-05  3.0814388e-06  -2.2903804e-05  6.9008479e-06  -3.3413977e-05  -4.2200250e-05  
0.00019418546  3.2393978e-05  2.3349157e-05  -5.0417642e-05  -3.7190317e-05  0.00068884455  9.0107731e-05  1.5666535e-05  0.0000000   0.00058165653  -1.3151889e-05  0.00062117566  -5.6816964e-05  -0.00014972687  -6.5492924e-05  9.2564444e-05  1.5411361e-05  -8.3160855e-06  0.00017091960  -0.00019547375  -0.00021339535  1.6468728e-05  0.00017989041  -0.00011062949  -5.6595879e-06  -3.0047497e-06  -0.00028893823  9.3274701e-05  -8.0791931e-05  -3.0849236e-05  -7.7442273e-06  0.00019418546  3.2393978e-05  2.3349157e-05  -5.0417642e-05  -3.7190317e-05  0.00068884455  9.0107731e-05  1.5666535e-05  0.0000000   0.00058165653  -1.3151889e-05  0.00062117566  -5.6816964e-05  -0.00014972687  -6.5492924e-05  9.2564444e-05  1.5411361e-05  -8.3160855e-06  0.00017091960  -0.00019547375  -0.00021339535  1.6468728e-05  0.00017989041  -0.00011062949  -5.6595879e-06  -3.0047497e-06  -0.00028893823  9.3274701e-05  -8.0791931e-05  -3.0849236e-05  -7.7442273e-06  
2.3131722e-05  -1.3344816e-05  1.0271005e-05  -2.9449857e-05  2.2592671e-05  -3.4474950e-05  -0.00020899257  -5.6893923e-05  -0.00058165653  0.0000000   -3.5488826e-05  0.00051571423  4.6519020e-06  -8.5845416e-06  -1.3608083e-05  -3.4156369e-05  1.2783845e-06  -1.6625594e-05  0.00029287737  -8.6242015e-05  -9.2320121e-05  0.00017325467  7.9889711e-05  -8.4008625e-05  -8.0248081e-05  -6.4905845e-05  -5.9851172e-05  3.0003946e-06  0.00017991014  1.4832996e-05  -1.9530085e-06  2.3131722e-05  -1.3344816e-05  1.0271005e-05  -2.9449857e-05  2.2592671e-05  -3.4474950e-05  -0.00020899257  -5.6893923e-05  -0.00058165653  0.0000000   -3.5488826e-05  0.00051571423  4.6519020e-06  -8.5845416e-06  -1.3608083e-05  -3.4156369e-05  1.2783845e-06  -1.6625594e-05  0.00029287737  -8.6242015e-05  -9.2320121e-05  0.00017325467  7.9889711e-05  -8.4008625e-05  -8.0248081e-05  -6.4905845e-05  -5.9851172e-05  3.0003946e-06  0.00017991014  1.4832996e-05  -1.9530085e-06  
