0.0000000   0.0013606059  -5.4191658e-06  -2.8672181e-05  0.00015590924  8.0958879e-07  3.6857887e-06  -6.7230475e-05  -2.9694971e-05  0.00024864867  0.00044629444  -0.00015244770  8.1978248e-06  0.00036475513  8.6990517e-05  0.00017446157  -0.00017827899  -2.3129575e-05  -0.00017234105  1.8498537e-05  -4.0538510e-06  -5.7104556e-06  -4.4105578e-06  -9.3436057e-05  5.8392929e-06  -2.6406271e-06  6.9605503e-05  -4.3948488e-06  4.0811569e-05  1.3358004e-05  -1.7588073e-05  0.0000000   0.0013606059  -5.4191658e-06  -2.8672181e-05  0.00015590924  8.0958879e-07  3.6857887e-06  -6.7230475e-05  -2.9694971e-05  0.00024864867  0.00044629444  -0.00015244770  8.1978248e-06  0.00036475513  8.6990517e-05  0.00017446157  -0.00017827899  -2.3129575e-05  -0.00017234105  1.8498537e-05  -4.0538510e-06  -5.7104556e-06  -4.4105578e-06  -9.3436057e-05  5.8392929e-06  -2.6406271e-06  6.9605503e-05  -4.3948488e-06  4.0811569e-05  1.3358004e-05  -1.7588073e-05  
-0.0013606059  0.0000000   6.9332450e-05  -0.00020482709  -0.00014751750  0.00013144785  0.00023028392  2.4035323e-05  7.1839682e-05  -7.1606129e-05  -0.00019404105  0.00037441525  0.00016188361  0.00020372917  5.1618223e-05  0.00018506741  -8.6818072e-05  -3.3589813e-05  -3.4825892e-05  2.1439129e-06  -1.5786469e-05  -6.7994230e-06  -5.3114181e-06  -7.8848093e-05  4.5061342e-06  -7.3387168e-06  0.00014575778  -5.2731986e-06  -2.8159504e-05  -2.4611013e-07  1.5789347e-05  -0.0013606059  0.0000000   6.9332450e-05  -0.00020482709  -0.00014751750  0.00013144785  0.00023028392  2.4035323e-05  7.1839682e-05  -7.1606129e-05  -0.00019404105  0.00037441525  0.00016188361  0.00020372917  5.1618223e-05  0.00018506741  -8.6818072e-05  -3.3589813e-05  -3.4825892e-05  2.1439129e-06  -1.5786469e-05  -6.7994230e-06  -5.3114181e-06  -7.8848093e-05  4.5061342e-06  -7.3387168e-06  0.00014575778  -5.2731986e-06  -2.8159504e-05  -2.4611013e-07  1.5789347e-05  
5.4191658e-06  -6.9332450e-05  0.0000000   0.0043551156  0.0017698541  0.0020815725  4.7450163e-05  -7.5053463e-05  0.00016969567  -8.2358025e-07  -0.00012455653  3.9963570e-05  -5.4661231e-05  -0.00012782938  5.8031761e-05  -3.6375504e-05  2.7704753e-05  2.3911365e-05  8.2513810e-06  0.00015742302  -7.8905539e-05  -0.00011269661  -0.00010194115  -1.9767402e-05  -5.9940543e-06  -8.6766641e-05  -2.0275720e-05  -7.2435993e-05  -1.1666277e-05  2.4635751e-05  -9.1367994e-05  5.4191658e-06  -6.9332450e-05  0.0000000   0.0043551156  0.0017698541  0.0020815725  4.7450163e-05  -7.5053463e-05  0.00016969567  -8.2358025e-07  -0.00012455653  3.9963570e-05  -5.4661231e-05  -0.00012782938  5.8031761e-05  -3.6375504e-05  2.7704753e-05  2.3911365e-05  8.2513810e-06  0.00015742302  -7.8905539e-05  -0.00011269661  -0.00010194115  -1.9767402e-05  -5.9940543e-06  -8.6766641e-05  -2.0275720e-05  -7.2435993e-05  -1.1666277e-05  2.4635751e-05  -9.1367994e-05  
2.8672181e-05  0.00020482709  -0.0043551156  0.0000000   -0.0012321428  0.00038533087  -8.7954910e-05  0.00036228419  9.1041236e-05  -0.00011267297  -9.8925249e-05  -0.00012979869  0.00025403948  -5.4749994e-05  -5.9573264e-06  3.0320660e-06  -6.1573692e-05  -6.5019002e-05  -8.9290907e-06  0.00015553519  -0.00023340542  0.00012483507  -5.5589072e-05  -1.1438305e-05  -0.00013735156  1.5661707e-05  1.2929303e-05  2.6361595e-05  -3.6371166e-06  4.8030698e-05  5.0375280e-05  2.8672181e-05  0.00020482709  -0.0043551156  0.0000000   -0.0012321428  0.00038533087  -8.7954910e-05  0.00036228419  9.1041236e-05  -0.00011267297  -9.8925249e-05  -0.00012979869  0.00025403948  -5.4749994e-05  -5.9573264e-06  3.0320660e-06  -6.1573692e-05  -6.5019002e-05  -8.9290907e-06  0.00015553519  -0.00023340542  0.00012483507  -5.5589072e-05  -1.1438305e-05  -0.00013735156  1.5661707e-05  1.2929303e-05  2.6361595e-05  -3.6371166e-06  4.8030698e-05  5.0375280e-05  
-0.00015590924  0.00014751750  -0.0017698541  0.0012321428  0.0000000   -0.0091461942  0.00015949018  -0.00092536947  0.00019649380  -1.2141362e-05  8.2337603e-05  6.3666275e-05  -8.0667731e-05  0.00012337788  -0.00010231872  -2.5216089e-05  -0.00012787916  0.00027398295  -6.5437521e-05  9.5038140e-05  0.00044717444  0.00010731866  0.00033931965  1.7698407e-05  0.00017175000  -3.1183460e-05  2.9450892e-05  0.00024423329  -5.6562573e-06  2.4101514e-07  4.6178061e-05  -0.00015590924  0.00014751750  -0.0017698541  0.0012321428  0.0000000   -0.0091461942  0.00015949018  -0.00092536947  0.00019649380  -1.2141362e-05  8.2337603e-05  6.3666275e-05  -8.0667731e-05  0.00012337788  -0.00010231872  -2.5216089e-05  -0.00012787916  0.00027398295  -6.5437521e-05  9.5038140e-05  0.00044717444  0.00010731866  0.00033931965  1.7698407e-05  0.00017175000  -3.1183460e-05  2.9450892e-05  0.00024423329  -5.6562573e-06  2.4101514e-07  4.6178061e-05  
-8.0958879e-07  -0.00013144785  -0.0020815725  -0.00038533087  0.0091461942  0.0000000   -0.00014957959  0.0014635712  -0.00058976045  -0.00023159720  -0.00011199817  4.7101567e-05  -0.00046670144  0.00019363707  -4.3120484e-06  -8.7160962e-05  7.9893308e-05  -0.00015567872  3.0922635e-05  0.00020096585  0.00019560636  0.00013505439  -4.8635869e-05  -6.1403491e-05  -0.00012943110  6.9502880e-05  -4.6793912e-05  0.00022406345  2.9790466e-06  9.3184308e-05  4.5445752e-05  -8.0958879e-07  -0.00013144785  -0.0020815725  -0.00038533087  0.0091461942  0.0000000   -0.00014957959  0.0014635712  -0.00058976045  -0.00023159720  -0.00011199817  4.7101567e-05  -0.00046670144  0.00019363707  -4.3120484e-06  -8.7160962e-05  7.9893308e-05  -0.00015567872  3.0922635e-05  0.00020096585  0.00019560636  0.00013505439  -4.8635869e-05  -6.1403491e-05  -0.00012943110  6.9502880e-05  -4.6793912e-05  0.00022406345  2.9790466e-06  9.3184308e-05  4.5445752e-05  
-3.6857887e-06  -0.00023028392  -4.7450163e-05  8.7954910e-05  -0.00015949018  0.00014957959  0.0000000   0.00017379067  -0.00027156372  -0.00038093320  0.00059822129  0.00015518589  -4.9767281e-05  -0.00051522056  6.3780760e-05  4.4293587e-05  -6.1959151e-05  5.7740024e-06  0.00023892447  9.9396954e-06  3.8334085e-05  3.3806680e-05  4.0195081e-06  0.00012436522  6.8888926e-06  4.3356348e-06  -0.00010417352  2.3415461e-05  2.4806410e-05  -1.9499272e-05  4.9267317e-06  -3.6857887e-06  -0.00023028392  -4.7450163e-05  8.7954910e-05  -0.00015949018  0.00014957959  0.0000000   0.00017379067  -0.00027156372  -0.00038093320  0.00059822129  0.00015518589  -4.9767281e-05  -0.00051522056  6.3780760e-05  4.4293587e-05  -6.1959151e-05  5.7740024e-06  0.00023892447  9.9396954e-06  3.8334085e-05  3.3806680e-05  4.0195081e-06  0.00012436522  6.8888926e-06  4.3356348e-06  -0.00010417352  2.3415461e-05  2.4806410e-05  -1.9499272e-05  4.9267317e-06  
6.7230475e-05  -2.4035323e-05  7.5053463e-05  -0.00036228419  0.00092536947  -0.0014635712  -0.00017379067  0.0000000   0.0021837816  -1.0363728e-05  0.00020155675  2.2843160e-05  0.00011191271  -0.00019074995  4.5309461e-05  2.0919058e-05  -4.6931887e-05  6.8529326e-05  1.7714180e-06  -0.00021022924  -0.00026377979  -0.00034981819  -7.1302467e-05  2.8501142e-05  -0.00014010498  2.5098954e-05  -2.2653860e-05  -0.00015498330  1.7666032e-05  0.00011482651  -2.2233760e-05  6.7230475e-05  -2.4035323e-05  7.5053463e-05  -0.00036228419  0.00092536947  -0.0014635712  -0.00017379067  0.0000000   0.0021837816  -1.0363728e-05  0.00020155675  2.2843160e-05  0.00011191271  -0.00019074995  4.5309461e-05  2.0919058e-05  -4.6931887e-05  6.8529326e-05  1.7714180e-06  -0.00021022924  -0.00026377979  -0.00034981819  -7.1302467e-05  2.8501142e-05  -0.00014010498  2.5098954e-05  -2.2653860e-05  -0.00015498330  1.7666032e-05  0.00011482651  -2.2233760e-05  
2.9694971e-05  -7.1839682e-05  -0.00016969567  -9.1041236e-05  -0.00019649380  0.00058976045  0.00027156372  -0.0021837816  0.0000000   -2.8195157e-05  -0.00010947527  -2.0960462e-05  3.4022301e-06  -1.4867467e-05  4.0257675e-05  7.0695707e-05  -3.4552568e-05  -9.5193305e-05  -4.5182491e-06  6.3655184e-05  5.3334511e-05  0.00010268813  0.00010768958  -6.3503599e-07  -8.2009351e-05  5.9022662e-05  6.3156493e-06  -1.3341905e-05  4.4982564e-07  3.3516189e-05  -2.5580866e-05  2.9694971e-05  -7.1839682e-05  -0.00016969567  -9.1041236e-05  -0.00019649380  0.00058976045  0.00027156372  -0.0021837816  0.0000000   -2.8195157e-05  -0.00010947527  -2.0960462e-05  3.4022301e-06  -1.4867467e-05  4.0257675e-05  7.0695707e-05  -3.4552568e-05  -9.5193305e-05  -4.5182491e-06  6.3655184e-05  5.3334511e-05  0.00010268813  0.00010768958  -6.3503599e-07  -8.2009351e-05  5.9022662e-05  6.3156493e-06  -1.3341905e-05  4.4982564e-07  3.3516189e-05  -2.5580866e-05  
-0.00024864867  7.1606129e-05  8.2358025e-07  0.00011267297  1.2141362e-05  0.00023159720  0.00038093320  1.0363728e-05  2.8195157e-05  0.0000000   0.00062150687  -0.00014945125  0.00014413075  0.0014610079  3.4225121e-06  0.00028369646  -0.00037300838  -6.1976906e-05  -0.00034223740  4.2637902e-05  6.2439508e-06  3.1448242e-05  -1.3191811e-05  0.00014870537  -1.8768123e-05  9.7402542e-06  0.00018533570  1.1499986e-06  0.00010624843  1.4968062e-05  -1.6371399e-05  -0.00024864867  7.1606129e-05  8.2358025e-07  0.00011267297  1.2141362e-05  0.00023159720  0.00038093320  1.0363728e-05  2.8195157e-05  0.0000000   0.00062150687  -0.00014945125  0.00014413075  0.0014610079  3.4225121e-06  0.00028369646  -0.00037300838  -6.1976906e-05  -0.00034223740  4.2637902e-05  6.2439508e-06  3.1448242e-05  -1.3191811e-05  0.00014870537  -1.8768123e-05  9.7402542e-06  0.00018533570  1.1499986e-06  0.00010624843  1.4968062e-05  -1.6371399e-05  
-0.00044629444  0.00019404105  0.00012455653  9.8925249e-05  -8.2337603e-05  0.00011199817  -0.00059822129  -0.00020155675  0.00010947527  -0.00062150687  0.0000000   -0.0022373383  -6.9144734e-05  0.0049570937  -0.0019954767  0.00047771414  -0.00078878429  -0.00014500744  -0.00044020116  6.1987735e-06  -5.5118969e-05  3.5609656e-05  -4.4314989e-05  -4.2246351e-05  -5.7966899e-06  2.7590156e-05  0.00013432742  -1.3302026e-05  -0.00021753524  5.8601218e-06  3.6527321e-06  -0.00044629444  0.00019404105  0.00012455653  9.8925249e-05  -8.2337603e-05  0.00011199817  -0.00059822129  -0.00020155675  0.00010947527  -0.00062150687  0.0000000   -0.0022373383  -6.9144734e-05  0.0049570937  -0.0019954767  0.00047771414  -0.00078878429  -0.00014500744  -0.00044020116  6.1987735e-06  -5.5118969e-05  3.5609656e-05  -4.4314989e-05  -4.2246351e-05  -5.7966899e-06  2.7590156e-05  0.00013432742  -1.3302026e-05  -0.00021753524  5.8601218e-06  3.6527321e-06  
0.00015244770  -0.00037441525  -3.9963570e-05  0.00012979869  -6.3666275e-05  -4.7101567e-05  -0.00015518589  -2.2843160e-05  2.0960462e-05  0.00014945125  0.0022373383  0.0000000   5.6833352e-05  0.00096702799  -0.0011849966  0.0013365433  -8.8844037e-05  -7.4379499e-05  -7.2366747e-05  0.00015507144  -1.7606794e-05  5.4340240e-05  -8.2558514e-06  0.00038536161  4.8164527e-05  -1.2309874e-05  1.1078530e-05  1.5384339e-05  0.00019537763  6.9116410e-05  2.8387776e-06  0.00015244770  -0.00037441525  -3.9963570e-05  0.00012979869  -6.3666275e-05  -4.7101567e-05  -0.00015518589  -2.2843160e-05  2.0960462e-05  0.00014945125  0.0022373383  0.0000000   5.6833352e-05  0.00096702799  -0.0011849966  0.0013365433  -8.8844037e-05  -7.4379499e-05  -7.2366747e-05  0.00015507144  -1.7606794e-05  5.4340240e-05  -8.2558514e-06  0.00038536161  4.8164527e-05  -1.2309874e-05  1.1078530e-05  1.5384339e-05  0.00019537763  6.9116410e-05  2.8387776e-06  
-8.1978248e-06  -0.00016188361  5.4661231e-05  -0.00025403948  8.0667731e-05  0.00046670144  4.9767281e-05  -0.00011191271  -3.4022301e-06  -0.00014413075  6.9144734e-05  -5.6833352e-05  0.0000000   0.00025893387  2.9065174e-05  0.00052987019  2.2886499e-05  1.5779284e-05  -8.2340197e-05  -0.00031090661  0.00013404283  -5.4144994e-05  -6.9157425e-06  8.1489894e-05  -0.00022324116  0.00019256373  6.0240579e-05  5.0373500e-05  2.7229048e-05  -0.00022257841  1.1852774e-05  -8.1978248e-06  -0.00016188361  5.4661231e-05  -0.00025403948  8.0667731e-05  0.00046670144  4.9767281e-05  -0.00011191271  -3.4022301e-06  -0.00014413075  6.9144734e-05  -5.6833352e-05  0.0000000   0.00025893387  2.9065174e-05  0.00052987019  2.2886499e-05  1.5779284e-05  -8.2340197e-05  -0.00031090661  0.00013404283  -5.4144994e-05  -6.9157425e-06  8.1489894e-05  -0.00022324116  0.00019256373  6.0240579e-05  5.0373500e-05  2.7229048e-05  -0.00022257841  1.1852774e-05  
-0.00036475513  -0.00020372917  0.00012782938  5.4749994e-05  -0.00012337788  -0.00019363707  0.00051522056  0.00019074995  1.4867467e-05  -0.0014610079  -0.0049570937  -0.00096702799  -0.00025893387  0.0000000   0.0027338665  0.00038702591  -0.00014841578  -8.6815413e-05  -0.00093595095  6.1362273e-05  -0.00010169603  -2.4342930e-06  -1.8482955e-05  -6.9223146e-05  2.6035716e-05  -6.1137883e-05  0.00039285917  -6.5835206e-05  -0.00030257205  2.9183023e-05  -6.8054079e-06  -0.00036475513  -0.00020372917  0.00012782938  5.4749994e-05  -0.00012337788  -0.00019363707  0.00051522056  0.00019074995  1.4867467e-05  -0.0014610079  -0.0049570937  -0.00096702799  -0.00025893387  0.0000000   0.0027338665  0.00038702591  -0.00014841578  -8.6815413e-05  -0.00093595095  6.1362273e-05  -0.00010169603  -2.4342930e-06  -1.8482955e-05  -6.9223146e-05  2.6035716e-05  -6.1137883e-05  0.00039285917  -6.5835206e-05  -0.00030257205  2.9183023e-05  -6.8054079e-06  
-8.6990517e-05  -5.1618223e-05  -5.8031761e-05  5.9573264e-06  0.00010231872  4.3120484e-06  -6.3780760e-05  -4.5309461e-05  -4.0257675e-05  -3.4225121e-06  0.0019954767  0.0011849966  -2.9065174e-05  -0.0027338665  0.0000000   -0.0016137851  -0.0025994816  -0.00012486483  0.00016883186  -0.00012354962  5.9506984e-05  -6.1547938e-06  9.0506447e-06  -6.2034822e-05  1.7554794e-05  2.4838427e-05  0.00012301055  -1.6490435e-06  -0.00016195381  2.2295311e-05  6.8847193e-06  -8.6990517e-05  -5.1618223e-05  -5.8031761e-05  5.9573264e-06  0.00010231872  4.3120484e-06  -6.3780760e-05  -4.5309461e-05  -4.0257675e-05  -3.4225121e-06  0.0019954767  0.0011849966  -2.9065174e-05  -0.0027338665  0.0000000   -0.0016137851  -0.0025994816  -0.00012486483  0.00016883186  -0.00012354962  5.9506984e-05  -6.1547938e-06  9.0506447e-06  -6.2034822e-05  1.7554794e-05  2.4838427e-05  0.00012301055  -1.6490435e-06  -0.00016195381  2.2295311e-05  6.8847193e-06  
-0.00017446157  -0.00018506741  3.6375504e-05  -3.0320660e-06  2.5216089e-05  8.7160962e-05  -4.4293587e-05  -2.0919058e-05  -7.0695707e-05  -0.00028369646  -0.00047771414  -0.0013365433  -0.00052987019  -0.00038702591  0.0016137851  0.0000000   -0.0044850065  -0.00050514619  -0.0023222826  -0.00010788926  0.00012018156  2.8966855e-05  6.1785230e-06  9.0498653e-05  -4.1669813e-05  7.0749557e-05  0.00025421010  2.4396769e-05  -8.5623903e-05  1.3293276e-05  3.1541432e-05  -0.00017446157  -0.00018506741  3.6375504e-05  -3.0320660e-06  2.5216089e-05  8.7160962e-05  -4.4293587e-05  -2.0919058e-05  -7.0695707e-05  -0.00028369646  -0.00047771414  -0.0013365433  -0.00052987019  -0.00038702591  0.0016137851  0.0000000   -0.0044850065  -0.00050514619  -0.0023222826  -0.00010788926  0.00012018156  2.8966855e-05  6.1785230e-06  9.0498653e-05  -4.1669813e-05  7.0749557e-05  0.00025421010  2.4396769e-05  -8.5623903e-05  1.3293276e-05  3.1541432e-05  
0.00017827899  8.6818072e-05  -2.7704753e-05  6.1573692e-05  0.00012787916  -7.9893308e-05  6.1959151e-05  4.6931887e-05  3.4552568e-05  0.00037300838  0.00078878429  8.8844037e-05  -2.2886499e-05  0.00014841578  0.0025994816  0.0044850065  0.0000000   -0.00014184216  0.0010928922  0.00015155244  -0.00011291205  -3.6684372e-05  2.0421180e-05  -0.00022524885  6.8281014e-05  -2.2985033e-05  0.00018971134  -4.4330952e-06  7.1381343e-05  -9.8995444e-06  4.4347409e-05  0.00017827899  8.6818072e-05  -2.7704753e-05  6.1573692e-05  0.00012787916  -7.9893308e-05  6.1959151e-05  4.6931887e-05  3.4552568e-05  0.00037300838  0.00078878429  8.8844037e-05  -2.2886499e-05  0.00014841578  0.0025994816  0.0044850065  0.0000000   -0.00014184216  0.0010928922  0.00015155244  -0.00011291205  -3.6684372e-05  2.0421180e-05  -0.00022524885  6.8281014e-05  -2.2985033e-05  0.00018971134  -4.4330952e-06  7.1381343e-05  -9.8995444e-06  4.4347409e-05  
2.3129575e-05  3.3589813e-05  -2.3911365e-05  6.5019002e-05  -0.00027398295  0.00015567872  -5.7740024e-06  -6.8529326e-05  9.5193305e-05  6.1976906e-05  0.00014500744  7.4379499e-05  -1.5779284e-05  8.6815413e-05  0.00012486483  0.00050514619  0.00014184216  0.0000000   0.00023011482  1.9421255e-05  0.00093344106  -0.00013737497  7.1337887e-05  -6.9735224e-05  -0.00025937784  9.6003914e-05  1.1560595e-05  2.7819854e-05  1.4328940e-05  0.00012115365  -8.2732520e-05  2.3129575e-05  3.3589813e-05  -2.3911365e-05  6.5019002e-05  -0.00027398295  0.00015567872  -5.7740024e-06  -6.8529326e-05  9.5193305e-05  6.1976906e-05  0.00014500744  7.4379499e-05  -1.5779284e-05  8.6815413e-05  0.00012486483  0.00050514619  0.00014184216  0.0000000   0.00023011482  1.9421255e-05  0.00093344106  -0.00013737497  7.1337887e-05  -6.9735224e-05  -0.00025937784  9.6003914e-05  1.1560595e-05  2.7819854e-05  1.4328940e-05  0.00012115365  -8.2732520e-05  
0.00017234105  3.4825892e-05  -8.2513810e-06  8.9290907e-06  6.5437521e-05  -3.0922635e-05  -0.00023892447  -1.7714180e-06  4.5182491e-06  0.00034223740  0.00044020116  7.2366747e-05  8.2340197e-05  0.00093595095  -0.00016883186  0.0023222826  -0.0010928922  -0.00023011482  0.0000000   3.4861113e-05  7.9907596e-06  2.8145127e-05  2.3626739e-05  -9.2953729e-05  4.0947078e-05  4.8663432e-06  -4.4434484e-05  1.7785904e-05  5.9439659e-05  -7.6987876e-06  4.0603117e-05  0.00017234105  3.4825892e-05  -8.2513810e-06  8.9290907e-06  6.5437521e-05  -3.0922635e-05  -0.00023892447  -1.7714180e-06  4.5182491e-06  0.00034223740  0.00044020116  7.2366747e-05  8.2340197e-05  0.00093595095  -0.00016883186  0.0023222826  -0.0010928922  -0.00023011482  0.0000000   3.4861113e-05  7.9907596e-06  2.8145127e-05  2.3626739e-05  -9.2953729e-05  4.0947078e-05  4.8663432e-06  -4.4434484e-05  1.7785904e-05  5.9439659e-05  -7.6987876e-06  4.0603117e-05  
-1.8498537e-05  -2.1439129e-06  -0.00015742302  -0.00015553519  -9.5038140e-05  -0.00020096585  -9.9396954e-06  0.00021022924  -6.3655184e-05  -4.2637902e-05  -6.1987735e-06  -0.00015507144  0.00031090661  -6.1362273e-05  0.00012354962  0.00010788926  -0.00015155244  -1.9421255e-05  -3.4861113e-05  0.0000000   0.00085360797  0.00016898662  0.00047870658  2.7638088e-05  0.00027635999  -0.00039371150  2.6582061e-05  -0.00010537311  -1.4066323e-05  -7.2961238e-05  -0.00010967962  -1.8498537e-05  -2.1439129e-06  -0.00015742302  -0.00015553519  -9.5038140e-05  -0.00020096585  -9.9396954e-06  0.00021022924  -6.3655184e-05  -4.2637902e-05  -6.1987735e-06  -0.00015507144  0.00031090661  -6.1362273e-05  0.00012354962  0.00010788926  -0.00015155244  -1.9421255e-05  -3.4861113e-05  0.0000000   0.00085360797  0.00016898662  0.00047870658  2.7638088e-05  0.00027635999  -0.00039371150  2.6582061e-05  -0.00010537311  -1.4066323e-05  -7.2961238e-05  -0.00010967962  
4.0538510e-06  1.5786469e-05  7.8905539e-05  0.00023340542  -0.00044717444  -0.00019560636  -3.8334085e-05  0.00026377979  -5.3334511e-05  -6.2439508e-06  5.5118969e-05  1.7606794e-05  -0.00013404283  0.00010169603  -5.9506984e-05  -0.00012018156  0.00011291205  -0.00093344106  -7.9907596e-06  -0.00085360797  0.0000000   0.00026334202  0.00031612955  6.2864160e-06  -0.00012768475  -0.00048342104  7.6783293e-06  -0.00064560198  -9.2026551e-06  -1.8579740e-05  -0.00029315174  4.0538510e-06  1.5786469e-05  7.8905539e-05  0.00023340542  -0.00044717444  -0.00019560636  -3.8334085e-05  0.00026377979  -5.3334511e-05  -6.2439508e-06  5.5118969e-05  1.7606794e-05  -0.00013404283  0.00010169603  -5.9506984e-05  -0.00012018156  0.00011291205  -0.00093344106  -7.9907596e-06  -0.00085360797  0.0000000   0.00026334202  0.00031612955  6.2864160e-06  -0.00012768475  -0.00048342104  7.6783293e-06  -0.00064560198  -9.2026551e-06  -1.8579740e-05  -0.00029315174  
5.7104556e-06  6.7994230e-06  0.00011269661  -0.00012483507  -0.00010731866  -0.00013505439  -3.3806680e-05  0.00034981819  -0.00010268813  -3.1448242e-05  -3.5609656e-05  -5.4340240e-05  5.4144994e-05  2.4342930e-06  6.1547938e-06  -2.8966855e-05  3.6684372e-05  0.00013737497  -2.8145127e-05  -0.00016898662  -0.00026334202  0.0000000   0.00078428888  8.4636218e-05  0.00029638294  -0.0012744254  -1.1050234e-05  -0.00059537768  1.7540531e-05  -0.00025617429  -9.9539869e-05  5.7104556e-06  6.7994230e-06  0.00011269661  -0.00012483507  -0.00010731866  -0.00013505439  -3.3806680e-05  0.00034981819  -0.00010268813  -3.1448242e-05  -3.5609656e-05  -5.4340240e-05  5.4144994e-05  2.4342930e-06  6.1547938e-06  -2.8966855e-05  3.6684372e-05  0.00013737497  -2.8145127e-05  -0.00016898662  -0.00026334202  0.0000000   0.00078428888  8.4636218e-05  0.00029638294  -0.0012744254  -1.1050234e-05  -0.00059537768  1.7540531e-05  -0.00025617429  -9.9539869e-05  
4.4105578e-06  5.3114181e-06  0.00010194115  5.5589072e-05  -0.00033931965  4.8635869e-05  -4.0195081e-06  7.1302467e-05  -0.00010768958  1.3191811e-05  4.4314989e-05  8.2558514e-06  6.9157425e-06  1.8482955e-05  -9.0506447e-06  -6.1785230e-06  -2.0421180e-05  -7.1337887e-05  -2.3626739e-05  -0.00047870658  -0.00031612955  -0.00078428888  0.0000000   4.3357131e-06  -0.00046015082  -0.00056706071  1.9747567e-06  2.9759319e-05  -4.5813679e-06  -0.00055814139  -0.00011569713  4.4105578e-06  5.3114181e-06  0.00010194115  5.5589072e-05  -0.00033931965  4.8635869e-05  -4.0195081e-06  7.1302467e-05  -0.00010768958  1.3191811e-05  4.4314989e-05  8.2558514e-06  6.9157425e-06  1.8482955e-05  -9.0506447e-06  -6.1785230e-06  -2.0421180e-05  -7.1337887e-05  -2.3626739e-05  -0.00047870658  -0.00031612955  -0.00078428888  0.0000000   4.3357131e-06  -0.00046015082  -0.00056706071  1.9747567e-06  2.9759319e-05  -4.5813679e-06  -0.00055814139  -0.00011569713  
9.3436057e-05  7.8848093e-05  1.9767402e-05  1.1438305e-05  -1.7698407e-05  6.1403491e-05  -0.00012436522  -2.8501142e-05  6.3503599e-07  -0.00014870537  4.2246351e-05  -0.00038536161  -8.1489894e-05  6.9223146e-05  6.2034822e-05  -9.0498653e-05  0.00022524885  6.9735224e-05  9.2953729e-05  -2.7638088e-05  -6.2864160e-06  -8.4636218e-05  -4.3357131e-06  0.0000000   9.2235734e-06  7.6502565e-05  0.00043800857  -5.1027600e-05  6.0048958e-05  -5.0667960e-06  -1.3522183e-05  9.3436057e-05  7.8848093e-05  1.9767402e-05  1.1438305e-05  -1.7698407e-05  6.1403491e-05  -0.00012436522  -2.8501142e-05  6.3503599e-07  -0.00014870537  4.2246351e-05  -0.00038536161  -8.1489894e-05  6.9223146e-05  6.2034822e-05  -9.0498653e-05  0.00022524885  6.9735224e-05  9.2953729e-05  -2.7638088e-05  -6.2864160e-06  -8.4636218e-05  -4.3357131e-06  0.0000000   9.2235734e-06  7.6502565e-05  0.00043800857  -5.1027600e-05  6.0048958e-05  -5.0667960e-06  -1.3522183e-05  
-5.8392929e-06  -4.5061342e-06  5.9940543e-06  0.00013735156  -0.00017175000  0.00012943110  -6.8888926e-06  0.00014010498  8.2009351e-05  1.8768123e-05  5.7966899e-06  -4.8164527e-05  0.00022324116  -2.6035716e-05  -1.7554794e-05  4.1669813e-05  -6.8281014e-05  0.00025937784  -4.0947078e-05  -0.00027635999  0.00012768475  -0.00029638294  0.00046015082  -9.2235734e-06  0.0000000   0.00050936374  -1.4047748e-05  -0.00090207323  2.3624530e-06  -0.00011564024  -0.00028284358  -5.8392929e-06  -4.5061342e-06  5.9940543e-06  0.00013735156  -0.00017175000  0.00012943110  -6.8888926e-06  0.00014010498  8.2009351e-05  1.8768123e-05  5.7966899e-06  -4.8164527e-05  0.00022324116  -2.6035716e-05  -1.7554794e-05  4.1669813e-05  -6.8281014e-05  0.00025937784  -4.0947078e-05  -0.00027635999  0.00012768475  -0.00029638294  0.00046015082  -9.2235734e-06  0.0000000   0.00050936374  -1.4047748e-05  -0.00090207323  2.3624530e-06  -0.00011564024  -0.00028284358  
2.6406271e-06  7.3387168e-06  8.6766641e-05  -1.5661707e-05  3.1183460e-05  -6.9502880e-05  -4.3356348e-06  -2.5098954e-05  -5.9022662e-05  -9.7402542e-06  -2.7590156e-05  1.2309874e-05  -0.00019256373  6.1137883e-05  -2.4838427e-05  -7.0749557e-05  2.2985033e-05  -9.6003914e-05  -4.8663432e-06  0.00039371150  0.00048342104  0.0012744254  0.00056706071  -7.6502565e-05  -0.00050936374  0.0000000   3.4727347e-05  -0.00035628043  -7.8684115e-06  0.00012291712  0.00014793556  2.6406271e-06  7.3387168e-06  8.6766641e-05  -1.5661707e-05  3.1183460e-05  -6.9502880e-05  -4.3356348e-06  -2.5098954e-05  -5.9022662e-05  -9.7402542e-06  -2.7590156e-05  1.2309874e-05  -0.00019256373  6.1137883e-05  -2.4838427e-05  -7.0749557e-05  2.2985033e-05  -9.6003914e-05  -4.8663432e-06  0.00039371150  0.00048342104  0.0012744254  0.00056706071  -7.6502565e-05  -0.00050936374  0.0000000   3.4727347e-05  -0.00035628043  -7.8684115e-06  0.00012291712  0.00014793556  
-6.9605503e-05  -0.00014575778  2.0275720e-05  -1.2929303e-05  -2.9450892e-05  4.6793912e-05  0.00010417352  2.2653860e-05  -6.3156493e-06  -0.00018533570  -0.00013432742  -1.1078530e-05  -6.0240579e-05  -0.00039285917  -0.00012301055  -0.00025421010  -0.00018971134  -1.1560595e-05  4.4434484e-05  -2.6582061e-05  -7.6783293e-06  1.1050234e-05  -1.9747567e-06  -0.00043800857  1.4047748e-05  -3.4727347e-05  0.0000000   -4.8263741e-05  -0.00014051817  -8.1500188e-06  -2.0260311e-05  -6.9605503e-05  -0.00014575778  2.0275720e-05  -1.2929303e-05  -2.9450892e-05  4.6793912e-05  0.00010417352  2.2653860e-05  -6.3156493e-06  -0.00018533570  -0.00013432742  -1.1078530e-05  -6.0240579e-05  -0.00039285917  -0.00012301055  -0.00025421010  -0.00018971134  -1.1560595e-05  4.4434484e-05  -2.6582061e-05  -7.6783293e-06  1.1050234e-05  -1.9747567e-06  -0.00043800857  1.4047748e-05  -3.4727347e-05  0.0000000   -4.8263741e-05  -0.00014051817  -8.1500188e-06  -2.0260311e-05  
4.3948488e-06  5.2731986e-06  7.2435993e-05  -2.6361595e-05  -0.00024423329  -0.00022406345  -2.3415461e-05  0.00015498330  1.3341905e-05  -1.1499986e-06  1.3302026e-05  -1.5384339e-05  -5.0373500e-05  6.5835206e-05  1.6490435e-06  -2.4396769e-05  4.4330952e-06  -2.7819854e-05  -1.7785904e-05  0.00010537311  0.00064560198  0.00059537768  -2.9759319e-05  5.1027600e-05  0.00090207323  0.00035628043  4.8263741e-05  0.0000000   -7.2303127e-05  -0.00019779702  -0.00056671141  4.3948488e-06  5.2731986e-06  7.2435993e-05  -2.6361595e-05  -0.00024423329  -0.00022406345  -2.3415461e-05  0.00015498330  1.3341905e-05  -1.1499986e-06  1.3302026e-05  -1.5384339e-05  -5.0373500e-05  6.5835206e-05  1.6490435e-06  -2.4396769e-05  4.4330952e-06  -2.7819854e-05  -1.7785904e-05  0.00010537311  0.00064560198  0.00059537768  -2.9759319e-05  5.1027600e-05  0.00090207323  0.00035628043  4.8263741e-05  0.0000000   -7.2303127e-05  -0.00019779702  -0.00056671141  
-4.0811569e-05  2.8159504e-05  1.1666277e-05  3.6371166e-06  5.6562573e-06  -2.9790466e-06  -2.4806410e-05  -1.7666032e-05  -4.4982564e-07  -0.00010624843  0.00021753524  -0.00019537763  -2.7229048e-05  0.00030257205  0.00016195381  8.5623903e-05  -7.1381343e-05  -1.4328940e-05  -5.9439659e-05  1.4066323e-05  9.2026551e-06  -1.7540531e-05  4.5813679e-06  -6.0048958e-05  -2.3624530e-06  7.8684115e-06  0.00014051817  7.2303127e-05  0.0000000   -4.3187389e-05  0.00012231660  -4.0811569e-05  2.8159504e-05  1.1666277e-05  3.6371166e-06  5.6562573e-06  -2.9790466e-06  -2.4806410e-05  -1.7666032e-05  -4.4982564e-07  -0.00010624843  0.00021753524  -0.00019537763  -2.7229048e-05  0.00030257205  0.00016195381  8.5623903e-05  -7.1381343e-05  -1.4328940e-05  -5.9439659e-05  1.4066323e-05  9.2026551e-06  -1.7540531e-05  4.5813679e-06  -6.0048958e-05  -2.3624530e-06  7.8684115e-06  0.00014051817  7.2303127e-05  0.0000000   -4.3187389e-05  0.00012231660  
-1.3358004e-05  2.4611013e-07  -2.4635751e-05  -4.8030698e-05  -2.4101514e-07  -9.3184308e-05  1.9499272e-05  -0.00011482651  -3.3516189e-05  -1.4968062e-05  -5.8601218e-06  -6.9116410e-05  0.00022257841  -2.9183023e-05  -2.2295311e-05  -1.3293276e-05  9.8995444e-06  -0.00012115365  7.6987876e-06  7.2961238e-05  1.8579740e-05  0.00025617429  0.00055814139  5.0667960e-06  0.00011564024  -0.00012291712  8.1500188e-06  0.00019779702  4.3187389e-05  0.0000000   0.00029576273  -1.3358004e-05  2.4611013e-07  -2.4635751e-05  -4.8030698e-05  -2.4101514e-07  -9.3184308e-05  1.9499272e-05  -0.00011482651  -3.3516189e-05  -1.4968062e-05  -5.8601218e-06  -6.9116410e-05  0.00022257841  -2.9183023e-05  -2.2295311e-05  -1.3293276e-05  9.8995444e-06  -0.00012115365  7.6987876e-06  7.2961238e-05  1.8579740e-05  0.00025617429  0.00055814139  5.0667960e-06  0.00011564024  -0.00012291712  8.1500188e-06  0.00019779702  4.3187389e-05  0.0000000   0.00029576273  
1.7588073e-05  -1.5789347e-05  9.1367994e-05  -5.0375280e-05  -4.6178061e-05  -4.5445752e-05  -4.9267317e-06  2.2233760e-05  2.5580866e-05  1.6371399e-05  -3.6527321e-06  -2.8387776e-06  -1.1852774e-05  6.8054079e-06  -6.8847193e-06  -3.1541432e-05  -4.4347409e-05  8.2732520e-05  -4.0603117e-05  0.00010967962  0.00029315174  9.9539869e-05  0.00011569713  1.3522183e-05  0.00028284358  -0.00014793556  2.0260311e-05  0.00056671141  -0.00012231660  -0.00029576273  0.0000000   1.7588073e-05  -1.5789347e-05  9.1367994e-05  -5.0375280e-05  -4.6178061e-05  -4.5445752e-05  -4.9267317e-06  2.2233760e-05  2.5580866e-05  1.6371399e-05  -3.6527321e-06  -2.8387776e-06  -1.1852774e-05  6.8054079e-06  -6.8847193e-06  -3.1541432e-05  -4.4347409e-05  8.2732520e-05  -4.0603117e-05  0.00010967962  0.00029315174  9.9539869e-05  0.00011569713  1.3522183e-05  0.00028284358  -0.00014793556  2.0260311e-05  0.00056671141  -0.00012231660  -0.00029576273  0.0000000   
0.0000000   0.0013606059  -5.4191658e-06  -2.8672181e-05  0.00015590924  8.0958879e-07  3.6857887e-06  -6.7230475e-05  -2.9694971e-05  0.00024864867  0.00044629444  -0.00015244770  8.1978248e-06  0.00036475513  8.6990517e-05  0.00017446157  -0.00017827899  -2.3129575e-05  -0.00017234105  1.8498537e-05  -4.0538510e-06  -5.7104556e-06  -4.4105578e-06  -9.3436057e-05  5.8392929e-06  -2.6406271e-06  6.9605503e-05  -4.3948488e-06  4.0811569e-05  1.3358004e-05  -1.7588073e-05  0.0000000   0.0013606059  -5.4191658e-06  -2.8672181e-05  0.00015590924  8.0958879e-07  3.6857887e-06  -6.7230475e-05  -2.9694971e-05  0.00024864867  0.00044629444  -0.00015244770  8.1978248e-06  0.00036475513  8.6990517e-05  0.00017446157  -0.00017827899  -2.3129575e-05  -0.00017234105  1.8498537e-05  -4.0538510e-06  -5.7104556e-06  -4.4105578e-06  -9.3436057e-05  5.8392929e-06  -2.6406271e-06  6.9605503e-05  -4.3948488e-06  4.0811569e-05  1.3358004e-05  -1.7588073e-05  
-0.0013606059  0.0000000   6.9332450e-05  -0.00020482709  -0.00014751750  0.00013144785  0.00023028392  2.4035323e-05  7.1839682e-05  -7.1606129e-05  -0.00019404105  0.00037441525  0.00016188361  0.00020372917  5.1618223e-05  0.00018506741  -8.6818072e-05  -3.3589813e-05  -3.4825892e-05  2.1439129e-06  -1.5786469e-05  -6.7994230e-06  -5.3114181e-06  -7.8848093e-05  4.5061342e-06  -7.3387168e-06  0.00014575778  -5.2731986e-06  -2.8159504e-05  -2.4611013e-07  1.5789347e-05  -0.0013606059  0.0000000   6.9332450e-05  -0.00020482709  -0.00014751750  0.00013144785  0.00023028392  2.4035323e-05  7.1839682e-05  -7.1606129e-05  -0.00019404105  0.00037441525  0.00016188361  0.00020372917  5.1618223e-05  0.00018506741  -8.6818072e-05  -3.3589813e-05  -3.4825892e-05  2.1439129e-06  -1.5786469e-05  -6.7994230e-06  -5.3114181e-06  -7.8848093e-05  4.5061342e-06  -7.3387168e-06  0.00014575778  -5.2731986e-06  -2.8159504e-05  -2.4611013e-07  1.5789347e-05  
5.4191658e-06  -6.9332450e-05  0.0000000   0.0043551156  0.0017698541  0.0020815725  4.7450163e-05  -7.5053463e-05  0.00016969567  -8.2358025e-07  -0.00012455653  3.9963570e-05  -5.4661231e-05  -0.00012782938  5.8031761e-05  -3.6375504e-05  2.7704753e-05  2.3911365e-05  8.2513810e-06  0.00015742302  -7.8905539e-05  -0.00011269661  -0.00010194115  -1.9767402e-05  -5.9940543e-06  -8.6766641e-05  -2.0275720e-05  -7.2435993e-05  -1.1666277e-05  2.4635751e-05  -9.1367994e-05  5.4191658e-06  -6.9332450e-05  0.0000000   0.0043551156  0.0017698541  0.0020815725  4.7450163e-05  -7.5053463e-05  0.00016969567  -8.2358025e-07  -0.00012455653  3.9963570e-05  -5.4661231e-05  -0.00012782938  5.8031761e-05  -3.6375504e-05  2.7704753e-05  2.3911365e-05  8.2513810e-06  0.00015742302  -7.8905539e-05  -0.00011269661  -0.00010194115  -1.9767402e-05  -5.9940543e-06  -8.6766641e-05  -2.0275720e-05  -7.2435993e-05  -1.1666277e-05  2.4635751e-05  -9.1367994e-05  
2.8672181e-05  0.00020482709  -0.0043551156  0.0000000   -0.0012321428  0.00038533087  -8.7954910e-05  0.00036228419  9.1041236e-05  -0.00011267297  -9.8925249e-05  -0.00012979869  0.00025403948  -5.4749994e-05  -5.9573264e-06  3.0320660e-06  -6.1573692e-05  -6.5019002e-05  -8.9290907e-06  0.00015553519  -0.00023340542  0.00012483507  -5.5589072e-05  -1.1438305e-05  -0.00013735156  1.5661707e-05  1.2929303e-05  2.6361595e-05  -3.6371166e-06  4.8030698e-05  5.0375280e-05  2.8672181e-05  0.00020482709  -0.0043551156  0.0000000   -0.0012321428  0.00038533087  -8.7954910e-05  0.00036228419  9.1041236e-05  -0.00011267297  -9.8925249e-05  -0.00012979869  0.00025403948  -5.4749994e-05  -5.9573264e-06  3.0320660e-06  -6.1573692e-05  -6.5019002e-05  -8.9290907e-06  0.00015553519  -0.00023340542  0.00012483507  -5.5589072e-05  -1.1438305e-05  -0.00013735156  1.5661707e-05  1.2929303e-05  2.6361595e-05  -3.6371166e-06  4.8030698e-05  5.0375280e-05  
-0.00015590924  0.00014751750  -0.0017698541  0.0012321428  0.0000000   -0.0091461942  0.00015949018  -0.00092536947  0.00019649380  -1.2141362e-05  8.2337603e-05  6.3666275e-05  -8.0667731e-05  0.00012337788  -0.00010231872  -2.5216089e-05  -0.00012787916  0.00027398295  -6.5437521e-05  9.5038140e-05  0.00044717444  0.00010731866  0.00033931965  1.7698407e-05  0.00017175000  -3.1183460e-05  2.9450892e-05  0.00024423329  -5.6562573e-06  2.4101514e-07  4.6178061e-05  -0.00015590924  0.00014751750  -0.0017698541  0.0012321428  0.0000000   -0.0091461942  0.00015949018  -0.00092536947  0.00019649380  -1.2141362e-05  8.2337603e-05  6.3666275e-05  -8.0667731e-05  0.00012337788  -0.00010231872  -2.5216089e-05  -0.00012787916  0.00027398295  -6.5437521e-05  9.5038140e-05  0.00044717444  0.00010731866  0.00033931965  1.7698407e-05  0.00017175000  -3.1183460e-05  2.9450892e-05  0.00024423329  -5.6562573e-06  2.4101514e-07  4.6178061e-05  
-8.0958879e-07  -0.00013144785  -0.0020815725  -0.00038533087  0.0091461942  0.0000000   -0.00014957959  0.0014635712  -0.00058976045  -0.00023159720  -0.00011199817  4.7101567e-05  -0.00046670144  0.00019363707  -4.3120484e-06  -8.7160962e-05  7.9893308e-05  -0.00015567872  3.0922635e-05  0.00020096585  0.00019560636  0.00013505439  -4.8635869e-05  -6.1403491e-05  -0.00012943110  6.9502880e-05  -4.6793912e-05  0.00022406345  2.9790466e-06  9.3184308e-05  4.5445752e-05  -8.0958879e-07  -0.00013144785  -0.0020815725  -0.00038533087  0.0091461942  0.0000000   -0.00014957959  0.0014635712  -0.00058976045  -0.00023159720  -0.00011199817  4.7101567e-05  -0.00046670144  0.00019363707  -4.3120484e-06  -8.7160962e-05  7.9893308e-05  -0.00015567872  3.0922635e-05  0.00020096585  0.00019560636  0.00013505439  -4.8635869e-05  -6.1403491e-05  -0.00012943110  6.9502880e-05  -4.6793912e-05  0.00022406345  2.9790466e-06  9.3184308e-05  4.5445752e-05  
-3.6857887e-06  -0.00023028392  -4.7450163e-05  8.7954910e-05  -0.00015949018  0.00014957959  0.0000000   0.00017379067  -0.00027156372  -0.00038093320  0.00059822129  0.00015518589  -4.9767281e-05  -0.00051522056  6.3780760e-05  4.4293587e-05  -6.1959151e-05  5.7740024e-06  0.00023892447  9.9396954e-06  3.8334085e-05  3.3806680e-05  4.0195081e-06  0.00012436522  6.8888926e-06  4.3356348e-06  -0.00010417352  2.3415461e-05  2.4806410e-05  -1.9499272e-05  4.9267317e-06  -3.6857887e-06  -0.00023028392  -4.7450163e-05  8.7954910e-05  -0.00015949018  0.00014957959  0.0000000   0.00017379067  -0.00027156372  -0.00038093320  0.00059822129  0.00015518589  -4.9767281e-05  -0.00051522056  6.3780760e-05  4.4293587e-05  -6.1959151e-05  5.7740024e-06  0.00023892447  9.9396954e-06  3.8334085e-05  3.3806680e-05  4.0195081e-06  0.00012436522  6.8888926e-06  4.3356348e-06  -0.00010417352  2.3415461e-05  2.4806410e-05  -1.9499272e-05  4.9267317e-06  
6.7230475e-05  -2.4035323e-05  7.5053463e-05  -0.00036228419  0.00092536947  -0.0014635712  -0.00017379067  0.0000000   0.0021837816  -1.0363728e-05  0.00020155675  2.2843160e-05  0.00011191271  -0.00019074995  4.5309461e-05  2.0919058e-05  -4.6931887e-05  6.8529326e-05  1.7714180e-06  -0.00021022924  -0.00026377979  -0.00034981819  -7.1302467e-05  2.8501142e-05  -0.00014010498  2.5098954e-05  -2.2653860e-05  -0.00015498330  1.7666032e-05  0.00011482651  -2.2233760e-05  6.7230475e-05  -2.4035323e-05  7.5053463e-05  -0.00036228419  0.00092536947  -0.0014635712  -0.00017379067  0.0000000   0.0021837816  -1.0363728e-05  0.00020155675  2.2843160e-05  0.00011191271  -0.00019074995  4.5309461e-05  2.0919058e-05  -4.6931887e-05  6.8529326e-05  1.7714180e-06  -0.00021022924  -0.00026377979  -0.00034981819  -7.1302467e-05  2.8501142e-05  -0.00014010498  2.5098954e-05  -2.2653860e-05  -0.00015498330  1.7666032e-05  0.00011482651  -2.2233760e-05  
2.9694971e-05  -7.1839682e-05  -0.00016969567  -9.1041236e-05  -0.00019649380  0.00058976045  0.00027156372  -0.0021837816  0.0000000   -2.8195157e-05  -0.00010947527  -2.0960462e-05  3.4022301e-06  -1.4867467e-05  4.0257675e-05  7.0695707e-05  -3.4552568e-05  -9.5193305e-05  -4.5182491e-06  6.3655184e-05  5.3334511e-05  0.00010268813  0.00010768958  -6.3503599e-07  -8.2009351e-05  5.9022662e-05  6.3156493e-06  -1.3341905e-05  4.4982564e-07  3.3516189e-05  -2.5580866e-05  2.9694971e-05  -7.1839682e-05  -0.00016969567  -9.1041236e-05  -0.00019649380  0.00058976045  0.00027156372  -0.0021837816  0.0000000   -2.8195157e-05  -0.00010947527  -2.0960462e-05  3.4022301e-06  -1.4867467e-05  4.0257675e-05  7.0695707e-05  -3.4552568e-05  -9.5193305e-05  -4.5182491e-06  6.3655184e-05  5.3334511e-05  0.00010268813  0.00010768958  -6.3503599e-07  -8.2009351e-05  5.9022662e-05  6.3156493e-06  -1.3341905e-05  4.4982564e-07  3.3516189e-05  -2.5580866e-05  
-0.00024864867  7.1606129e-05  8.2358025e-07  0.00011267297  1.2141362e-05  0.00023159720  0.00038093320  1.0363728e-05  2.8195157e-05  0.0000000   0.00062150687  -0.00014945125  0.00014413075  0.0014610079  3.4225121e-06  0.00028369646  -0.00037300838  -6.1976906e-05  -0.00034223740  4.2637902e-05  6.2439508e-06  3.1448242e-05  -1.3191811e-05  0.00014870537  -1.8768123e-05  9.7402542e-06  0.00018533570  1.1499986e-06  0.00010624843  1.4968062e-05  -1.6371399e-05  -0.00024864867  7.1606129e-05  8.2358025e-07  0.00011267297  1.2141362e-05  0.00023159720  0.00038093320  1.0363728e-05  2.8195157e-05  0.0000000   0.00062150687  -0.00014945125  0.00014413075  0.0014610079  3.4225121e-06  0.00028369646  -0.00037300838  -6.1976906e-05  -0.00034223740  4.2637902e-05  6.2439508e-06  3.1448242e-05  -1.3191811e-05  0.00014870537  -1.8768123e-05  9.7402542e-06  0.00018533570  1.1499986e-06  0.00010624843  1.4968062e-05  -1.6371399e-05  
-0.00044629444  0.00019404105  0.00012455653  9.8925249e-05  -8.2337603e-05  0.00011199817  -0.00059822129  -0.00020155675  0.00010947527  -0.00062150687  0.0000000   -0.0022373383  -6.9144734e-05  0.0049570937  -0.0019954767  0.00047771414  -0.00078878429  -0.00014500744  -0.00044020116  6.1987735e-06  -5.5118969e-05  3.5609656e-05  -4.4314989e-05  -4.2246351e-05  -5.7966899e-06  2.7590156e-05  0.00013432742  -1.3302026e-05  -0.00021753524  5.8601218e-06  3.6527321e-06  -0.00044629444  0.00019404105  0.00012455653  9.8925249e-05  -8.2337603e-05  0.00011199817  -0.00059822129  -0.00020155675  0.00010947527  -0.00062150687  0.0000000   -0.0022373383  -6.9144734e-05  0.0049570937  -0.0019954767  0.00047771414  -0.00078878429  -0.00014500744  -0.00044020116  6.1987735e-06  -5.5118969e-05  3.5609656e-05  -4.4314989e-05  -4.2246351e-05  -5.7966899e-06  2.7590156e-05  0.00013432742  -1.3302026e-05  -0.00021753524  5.8601218e-06  3.6527321e-06  
