0.0000000   0.0031782837  3.3884936e-05  0.00067858212  -6.0537942e-05  0.00011532495  -0.00015366959  2.3337922e-05  -0.00025115538  -1.9504637e-05  -7.7124826e-06  -0.00019930472  0.00018095732  5.6248480e-05  8.0523944e-05  1.0566417e-06  2.0713800e-05  -7.0530119e-05  -2.5688266e-05  3.4785425e-06  -5.8097420e-06  -7.2520881e-06  0.00012079746  -7.9974040e-05  1.1954103e-06  -2.6512857e-07  -9.8479232e-06  5.9500236e-05  -6.9250612e-06  4.6602537e-06  -0.00010849833  0.0000000   0.0031782837  3.3884936e-05  0.00067858212  -6.0537942e-05  0.00011532495  -0.00015366959  2.3337922e-05  -0.00025115538  -1.9504637e-05  -7.7124826e-06  -0.00019930472  0.00018095732  5.6248480e-05  8.0523944e-05  1.0566417e-06  2.0713800e-05  -7.0530119e-05  -2.5688266e-05  3.4785425e-06  -5.8097420e-06  -7.2520881e-06  0.00012079746  -7.9974040e-05  1.1954103e-06  -2.6512857e-07  -9.8479232e-06  5.9500236e-05  -6.9250612e-06  4.6602537e-06  -0.00010849833  
-0.0031782837  0.0000000   4.2908518e-05  0.00013439387  -0.00015195879  5.9219360e-05  0.00011968069  6.7831793e-05  0.00047673448  2.6502003e-05  -4.3220125e-05  0.00014312396  -0.00021665009  -0.00012728840  -1.5115254e-05  2.8645764e-05  4.0898874e-05  2.1127770e-05  -0.00027104883  7.2605827e-05  3.0638756e-06  1.9617131e-05  2.4841419e-05  -1.5988790e-06  7.5659516e-06  2.3039286e-06  -7.7936224e-05  -1.4727786e-05  3.8395646e-06  -3.5806708e-06  -3.6542153e-05  -0.0031782837  0.0000000   4.2908518e-05  0.00013439387  -0.00015195879  5.9219360e-05  0.00011968069  6.7831793e-05  0.00047673448  2.6502003e-05  -4.3220125e-05  0.00014312396  -0.00021665009  -0.00012728840  -1.5115254e-05  2.8645764e-05  4.0898874e-05  2.1127770e-05  -0.00027104883  7.2605827e-05  3.0638756e-06  1.9617131e-05  2.4841419e-05  -1.5988790e-06  7.5659516e-06  2.3039286e-06  -7.7936224e-05  -1.4727786e-05  3.8395646e-06  -3.5806708e-06  -3.6542153e-05  
-3.3884936e-05  -4.2908518e-05  0.0000000   0.00022410761  0.0028366398  -0.00038169957  -0.00012968764  0.00075565085  -2.2947593e-05  0.00015787795  -0.00039318160  -1.0538832e-05  -3.2478293e-05  -3.9054596e-05  4.4088332e-05  -9.3593912e-05  -0.00019215660  -0.00019825380  2.7667008e-05  8.5786774e-05  0.00017302179  -0.00014669547  -2.0130958e-05  -9.3889485e-06  2.2459148e-05  6.8878085e-05  -1.2229358e-05  1.7112745e-05  -2.0725126e-05  6.3563895e-06  1.3865290e-05  -3.3884936e-05  -4.2908518e-05  0.0000000   0.00022410761  0.0028366398  -0.00038169957  -0.00012968764  0.00075565085  -2.2947593e-05  0.00015787795  -0.00039318160  -1.0538832e-05  -3.2478293e-05  -3.9054596e-05  4.4088332e-05  -9.3593912e-05  -0.00019215660  -0.00019825380  2.7667008e-05  8.5786774e-05  0.00017302179  -0.00014669547  -2.0130958e-05  -9.3889485e-06  2.2459148e-05  6.8878085e-05  -1.2229358e-05  1.7112745e-05  -2.0725126e-05  6.3563895e-06  1.3865290e-05  
-0.00067858212  -0.00013439387  -0.00022410761  0.0000000   -0.00033711458  -0.00060648352  -0.00026547762  -5.7794498e-05  7.7855048e-05  0.00014648617  -6.5982084e-06  -0.00010276803  -0.00040152228  4.2388871e-05  1.6287276e-05  2.2058860e-05  -7.1170643e-06  -2.8866369e-05  0.00023900929  -9.1214259e-05  -1.8209068e-05  -1.6019436e-05  -0.00023113397  -2.8297475e-05  -2.6533540e-06  -1.8674169e-06  -0.00015821997  -9.3158421e-07  5.6082867e-06  -8.0705543e-06  0.00014569006  -0.00067858212  -0.00013439387  -0.00022410761  0.0000000   -0.00033711458  -0.00060648352  -0.00026547762  -5.7794498e-05  7.7855048e-05  0.00014648617  -6.5982084e-06  -0.00010276803  -0.00040152228  4.2388871e-05  1.6287276e-05  2.2058860e-05  -7.1170643e-06  -2.8866369e-05  0.00023900929  -9.1214259e-05  -1.8209068e-05  -1.6019436e-05  -0.00023113397  -2.8297475e-05  -2.6533540e-06  -1.8674169e-06  -0.00015821997  -9.3158421e-07  5.6082867e-06  -8.0705543e-06  0.00014569006  
6.0537942e-05  0.00015195879  -0.0028366398  0.00033711458  0.0000000   -0.0062682274  0.00041651182  -0.0010065640  -5.4084306e-05  0.0012981408  0.00030509928  -7.2524397e-05  2.1453262e-05  0.00032753339  0.00032031472  0.00022352056  -8.7935568e-05  0.00031430970  -5.4979196e-05  -0.00015985970  -0.00012832561  -0.00017178512  1.3100464e-05  1.7758920e-05  2.4160543e-06  -0.00015772076  1.5019597e-05  -2.2325221e-05  1.6240108e-05  -0.00020506234  -4.1871272e-05  6.0537942e-05  0.00015195879  -0.0028366398  0.00033711458  0.0000000   -0.0062682274  0.00041651182  -0.0010065640  -5.4084306e-05  0.0012981408  0.00030509928  -7.2524397e-05  2.1453262e-05  0.00032753339  0.00032031472  0.00022352056  -8.7935568e-05  0.00031430970  -5.4979196e-05  -0.00015985970  -0.00012832561  -0.00017178512  1.3100464e-05  1.7758920e-05  2.4160543e-06  -0.00015772076  1.5019597e-05  -2.2325221e-05  1.6240108e-05  -0.00020506234  -4.1871272e-05  
-0.00011532495  -5.9219360e-05  0.00038169957  0.00060648352  0.0062682274  0.0000000   -0.00022097407  -0.0016311901  -5.9747365e-05  -0.00082504707  0.0015941031  -1.3804779e-05  0.00013779951  0.00010858292  -0.00017367116  -0.00021224614  -0.00023635936  0.00026490140  6.2471975e-05  0.00030993973  -9.0482668e-05  6.4776323e-05  -7.0548395e-06  -1.8885126e-05  -7.1948420e-05  -0.00020483073  1.1058939e-05  -1.2617602e-05  -9.7969475e-05  -0.00021750455  1.7580163e-06  -0.00011532495  -5.9219360e-05  0.00038169957  0.00060648352  0.0062682274  0.0000000   -0.00022097407  -0.0016311901  -5.9747365e-05  -0.00082504707  0.0015941031  -1.3804779e-05  0.00013779951  0.00010858292  -0.00017367116  -0.00021224614  -0.00023635936  0.00026490140  6.2471975e-05  0.00030993973  -9.0482668e-05  6.4776323e-05  -7.0548395e-06  -1.8885126e-05  -7.1948420e-05  -0.00020483073  1.1058939e-05  -1.2617602e-05  -9.7969475e-05  -0.00021750455  1.7580163e-06  
0.00015366959  -0.00011968069  0.00012968764  0.00026547762  -0.00041651182  0.00022097407  0.0000000   0.00016153466  -0.0010617030  2.3119398e-05  -6.3967311e-05  0.00025911259  0.00044425438  -0.00012370915  -2.1727948e-05  -4.4022960e-05  -3.8030813e-05  -4.1748284e-05  -0.00022082274  -2.7858823e-06  -9.5412574e-06  -1.1675633e-05  -1.0046709e-05  0.00012003014  2.7346330e-06  3.6227013e-05  -8.4709258e-05  -0.00013763482  -4.3342981e-06  2.4383167e-05  -0.00012667056  0.00015366959  -0.00011968069  0.00012968764  0.00026547762  -0.00041651182  0.00022097407  0.0000000   0.00016153466  -0.0010617030  2.3119398e-05  -6.3967311e-05  0.00025911259  0.00044425438  -0.00012370915  -2.1727948e-05  -4.4022960e-05  -3.8030813e-05  -4.1748284e-05  -0.00022082274  -2.7858823e-06  -9.5412574e-06  -1.1675633e-05  -1.0046709e-05  0.00012003014  2.7346330e-06  3.6227013e-05  -8.4709258e-05  -0.00013763482  -4.3342981e-06  2.4383167e-05  -0.00012667056  
-2.3337922e-05  -6.7831793e-05  -0.00075565085  5.7794498e-05  0.0010065640  0.0016311901  -0.00016153466  0.0000000   -7.4150011e-06  -0.00023211587  -0.00034414166  6.9631485e-05  1.6075172e-05  0.00020038896  0.00022212350  -0.00034407262  -0.00022036803  0.00049701988  5.0124355e-05  0.00019261166  0.00021620954  0.00011192082  1.5041175e-05  -1.8990251e-05  -1.0514526e-05  6.4661386e-05  2.2882613e-05  1.4798630e-05  -8.4765632e-05  4.7733598e-05  4.2251348e-06  -2.3337922e-05  -6.7831793e-05  -0.00075565085  5.7794498e-05  0.0010065640  0.0016311901  -0.00016153466  0.0000000   -7.4150011e-06  -0.00023211587  -0.00034414166  6.9631485e-05  1.6075172e-05  0.00020038896  0.00022212350  -0.00034407262  -0.00022036803  0.00049701988  5.0124355e-05  0.00019261166  0.00021620954  0.00011192082  1.5041175e-05  -1.8990251e-05  -1.0514526e-05  6.4661386e-05  2.2882613e-05  1.4798630e-05  -8.4765632e-05  4.7733598e-05  4.2251348e-06  
0.00025115538  -0.00047673448  2.2947593e-05  -7.7855048e-05  5.4084306e-05  5.9747365e-05  0.0010617030  7.4150011e-06  0.0000000   -6.3707755e-05  2.3598020e-05  -0.00098723039  -0.00025289702  2.8532575e-05  -4.3802927e-05  -1.5081280e-05  -2.3984447e-05  -2.3858658e-05  0.00014725572  -6.3711327e-05  1.7038128e-05  -1.0286202e-05  5.0699858e-05  1.0579343e-05  -8.5684783e-06  5.3998041e-06  0.00013315312  -6.3257894e-05  -1.2325583e-05  3.4817309e-06  -5.4691614e-05  0.00025115538  -0.00047673448  2.2947593e-05  -7.7855048e-05  5.4084306e-05  5.9747365e-05  0.0010617030  7.4150011e-06  0.0000000   -6.3707755e-05  2.3598020e-05  -0.00098723039  -0.00025289702  2.8532575e-05  -4.3802927e-05  -1.5081280e-05  -2.3984447e-05  -2.3858658e-05  0.00014725572  -6.3711327e-05  1.7038128e-05  -1.0286202e-05  5.0699858e-05  1.0579343e-05  -8.5684783e-06  5.3998041e-06  0.00013315312  -6.3257894e-05  -1.2325583e-05  3.4817309e-06  -5.4691614e-05  
1.9504637e-05  -2.6502003e-05  -0.00015787795  -0.00014648617  -0.0012981408  0.00082504707  -2.3119398e-05  0.00023211587  6.3707755e-05  0.0000000   0.00083334055  5.5719783e-05  5.4552691e-05  -0.00061795996  0.00046668672  -9.5358078e-05  -0.00038734095  -0.00061445687  -1.8530000e-05  8.1189970e-05  0.00025684638  5.1832902e-05  -1.1478250e-06  -1.3207536e-05  2.9669195e-05  6.6378639e-05  -1.6117391e-05  1.9011415e-05  -0.00010222788  0.00015909601  5.8552819e-06  1.9504637e-05  -2.6502003e-05  -0.00015787795  -0.00014648617  -0.0012981408  0.00082504707  -2.3119398e-05  0.00023211587  6.3707755e-05  0.0000000   0.00083334055  5.5719783e-05  5.4552691e-05  -0.00061795996  0.00046668672  -9.5358078e-05  -0.00038734095  -0.00061445687  -1.8530000e-05  8.1189970e-05  0.00025684638  5.1832902e-05  -1.1478250e-06  -1.3207536e-05  2.9669195e-05  6.6378639e-05  -1.6117391e-05  1.9011415e-05  -0.00010222788  0.00015909601  5.8552819e-06  
7.7124826e-06  4.3220125e-05  0.00039318160  6.5982084e-06  -0.00030509928  -0.0015941031  6.3967311e-05  0.00034414166  -2.3598020e-05  -0.00083334055  0.0000000   -3.5843823e-05  -3.3783050e-05  -0.00028789778  4.1350869e-05  0.00014724913  -7.0777932e-06  0.00013004757  -0.00014577858  -0.00072784540  2.5339608e-05  0.00017672888  -2.3641965e-05  4.2082710e-06  -3.1025796e-05  -3.5655089e-05  -1.5961638e-05  6.9626863e-07  0.00010497257  -2.6882483e-05  -1.4412521e-05  7.7124826e-06  4.3220125e-05  0.00039318160  6.5982084e-06  -0.00030509928  -0.0015941031  6.3967311e-05  0.00034414166  -2.3598020e-05  -0.00083334055  0.0000000   -3.5843823e-05  -3.3783050e-05  -0.00028789778  4.1350869e-05  0.00014724913  -7.0777932e-06  0.00013004757  -0.00014577858  -0.00072784540  2.5339608e-05  0.00017672888  -2.3641965e-05  4.2082710e-06  -3.1025796e-05  -3.5655089e-05  -1.5961638e-05  6.9626863e-07  0.00010497257  -2.6882483e-05  -1.4412521e-05  
0.00019930472  -0.00014312396  1.0538832e-05  0.00010276803  7.2524397e-05  1.3804779e-05  -0.00025911259  -6.9631485e-05  0.00098723039  -5.5719783e-05  3.5843823e-05  0.0000000   -0.0016435097  1.8602694e-05  0.00029490870  -4.6064782e-05  1.2618793e-05  8.4684816e-05  0.00035885246  -6.5542033e-05  1.4748178e-05  1.4006976e-07  -2.1308027e-05  2.7477214e-05  -6.8997189e-06  1.8104254e-05  -0.00014254480  0.00012555663  -1.1916794e-05  -5.6198240e-07  -7.5990073e-05  0.00019930472  -0.00014312396  1.0538832e-05  0.00010276803  7.2524397e-05  1.3804779e-05  -0.00025911259  -6.9631485e-05  0.00098723039  -5.5719783e-05  3.5843823e-05  0.0000000   -0.0016435097  1.8602694e-05  0.00029490870  -4.6064782e-05  1.2618793e-05  8.4684816e-05  0.00035885246  -6.5542033e-05  1.4748178e-05  1.4006976e-07  -2.1308027e-05  2.7477214e-05  -6.8997189e-06  1.8104254e-05  -0.00014254480  0.00012555663  -1.1916794e-05  -5.6198240e-07  -7.5990073e-05  
-0.00018095732  0.00021665009  3.2478293e-05  0.00040152228  -2.1453262e-05  -0.00013779951  -0.00044425438  -1.6075172e-05  0.00025289702  -5.4552691e-05  3.3783050e-05  0.0016435097  0.0000000   0.00015980862  0.00073568100  8.4379333e-05  0.00018441695  -3.9170060e-06  -8.7667680e-05  5.9267329e-05  1.6563445e-05  4.6059558e-05  0.00010213454  0.00038982367  -2.2779481e-06  2.5969421e-05  -0.00030202277  0.00010283686  1.1181534e-05  -1.8427653e-05  0.00020127102  -0.00018095732  0.00021665009  3.2478293e-05  0.00040152228  -2.1453262e-05  -0.00013779951  -0.00044425438  -1.6075172e-05  0.00025289702  -5.4552691e-05  3.3783050e-05  0.0016435097  0.0000000   0.00015980862  0.00073568100  8.4379333e-05  0.00018441695  -3.9170060e-06  -8.7667680e-05  5.9267329e-05  1.6563445e-05  4.6059558e-05  0.00010213454  0.00038982367  -2.2779481e-06  2.5969421e-05  -0.00030202277  0.00010283686  1.1181534e-05  -1.8427653e-05  0.00020127102  
-5.6248480e-05  0.00012728840  3.9054596e-05  -4.2388871e-05  -0.00032753339  -0.00010858292  0.00012370915  -0.00020038896  -2.8532575e-05  0.00061795996  0.00028789778  -1.8602694e-05  -0.00015980862  0.0000000   -0.012263304  0.00019852939  -0.0019211213  -0.00072236539  0.00031828324  -0.00024620383  9.4952976e-05  -0.00013212841  -2.4489812e-05  -4.8614674e-05  -3.4617712e-05  -2.3871635e-05  2.8048712e-05  2.2233503e-05  1.9876148e-05  0.00017300522  9.5755800e-05  -5.6248480e-05  0.00012728840  3.9054596e-05  -4.2388871e-05  -0.00032753339  -0.00010858292  0.00012370915  -0.00020038896  -2.8532575e-05  0.00061795996  0.00028789778  -1.8602694e-05  -0.00015980862  0.0000000   -0.012263304  0.00019852939  -0.0019211213  -0.00072236539  0.00031828324  -0.00024620383  9.4952976e-05  -0.00013212841  -2.4489812e-05  -4.8614674e-05  -3.4617712e-05  -2.3871635e-05  2.8048712e-05  2.2233503e-05  1.9876148e-05  0.00017300522  9.5755800e-05  
-8.0523944e-05  1.5115254e-05  -4.4088332e-05  -1.6287276e-05  -0.00032031472  0.00017367116  2.1727948e-05  -0.00022212350  4.3802927e-05  -0.00046668672  -4.1350869e-05  -0.00029490870  -0.00073568100  0.012263304  0.0000000   -0.00011090119  -0.00030092359  -0.00013072993  -0.00054978760  -0.0010561450  0.00093100930  4.7941987e-05  0.00012272449  2.0826265e-05  -0.00013636346  4.9682294e-05  3.5766857e-05  2.0138608e-05  0.00015111410  8.7452890e-05  -4.2396689e-05  -8.0523944e-05  1.5115254e-05  -4.4088332e-05  -1.6287276e-05  -0.00032031472  0.00017367116  2.1727948e-05  -0.00022212350  4.3802927e-05  -0.00046668672  -4.1350869e-05  -0.00029490870  -0.00073568100  0.012263304  0.0000000   -0.00011090119  -0.00030092359  -0.00013072993  -0.00054978760  -0.0010561450  0.00093100930  4.7941987e-05  0.00012272449  2.0826265e-05  -0.00013636346  4.9682294e-05  3.5766857e-05  2.0138608e-05  0.00015111410  8.7452890e-05  -4.2396689e-05  
-1.0566417e-06  -2.8645764e-05  9.3593912e-05  -2.2058860e-05  -0.00022352056  0.00021224614  4.4022960e-05  0.00034407262  1.5081280e-05  9.5358078e-05  -0.00014724913  4.6064782e-05  -8.4379333e-05  -0.00019852939  0.00011090119  0.0000000   0.00099647331  -0.0046679617  -0.00032655386  -0.00063885622  4.5914137e-05  -0.00030857642  -4.3860711e-05  1.8455338e-05  0.00030103339  -6.3348720e-06  -3.6660007e-05  3.9385707e-05  -2.7171261e-05  9.3608516e-05  -3.6493804e-05  -1.0566417e-06  -2.8645764e-05  9.3593912e-05  -2.2058860e-05  -0.00022352056  0.00021224614  4.4022960e-05  0.00034407262  1.5081280e-05  9.5358078e-05  -0.00014724913  4.6064782e-05  -8.4379333e-05  -0.00019852939  0.00011090119  0.0000000   0.00099647331  -0.0046679617  -0.00032655386  -0.00063885622  4.5914137e-05  -0.00030857642  -4.3860711e-05  1.8455338e-05  0.00030103339  -6.3348720e-06  -3.6660007e-05  3.9385707e-05  -2.7171261e-05  9.3608516e-05  -3.6493804e-05  
-2.0713800e-05  -4.0898874e-05  0.00019215660  7.1170643e-06  8.7935568e-05  0.00023635936  3.8030813e-05  0.00022036803  2.3984447e-05  0.00038734095  7.0777932e-06  -1.2618793e-05  -0.00018441695  0.0019211213  0.00030092359  -0.00099647331  0.0000000   -0.0047691941  -0.00010485513  0.00063970426  0.00059129801  -0.00086911983  6.0883949e-06  1.3235237e-05  7.8037456e-05  -0.00028812198  -2.0094553e-05  6.3557599e-05  -9.2976158e-05  1.7348985e-05  -4.0625970e-05  -2.0713800e-05  -4.0898874e-05  0.00019215660  7.1170643e-06  8.7935568e-05  0.00023635936  3.8030813e-05  0.00022036803  2.3984447e-05  0.00038734095  7.0777932e-06  -1.2618793e-05  -0.00018441695  0.0019211213  0.00030092359  -0.00099647331  0.0000000   -0.0047691941  -0.00010485513  0.00063970426  0.00059129801  -0.00086911983  6.0883949e-06  1.3235237e-05  7.8037456e-05  -0.00028812198  -2.0094553e-05  6.3557599e-05  -9.2976158e-05  1.7348985e-05  -4.0625970e-05  
7.0530119e-05  -2.1127770e-05  0.00019825380  2.8866369e-05  -0.00031430970  -0.00026490140  4.1748284e-05  -0.00049701988  2.3858658e-05  0.00061445687  -0.00013004757  -8.4684816e-05  3.9170060e-06  0.00072236539  0.00013072993  0.0046679617  0.0047691941  0.0000000   0.00069943090  0.0029295598  0.00065697652  0.00057524221  -3.7929330e-06  9.4110403e-05  -0.00012924210  -0.00019648467  -7.3250985e-05  -9.2648656e-05  -0.00016314003  0.00027295076  -4.6137243e-05  7.0530119e-05  -2.1127770e-05  0.00019825380  2.8866369e-05  -0.00031430970  -0.00026490140  4.1748284e-05  -0.00049701988  2.3858658e-05  0.00061445687  -0.00013004757  -8.4684816e-05  3.9170060e-06  0.00072236539  0.00013072993  0.0046679617  0.0047691941  0.0000000   0.00069943090  0.0029295598  0.00065697652  0.00057524221  -3.7929330e-06  9.4110403e-05  -0.00012924210  -0.00019648467  -7.3250985e-05  -9.2648656e-05  -0.00016314003  0.00027295076  -4.6137243e-05  
2.5688266e-05  0.00027104883  -2.7667008e-05  -0.00023900929  5.4979196e-05  -6.2471975e-05  0.00022082274  -5.0124355e-05  -0.00014725572  1.8530000e-05  0.00014577858  -0.00035885246  8.7667680e-05  -0.00031828324  0.00054978760  0.00032655386  0.00010485513  -0.00069943090  0.0000000   0.00016534358  5.4987094e-05  0.00012436509  -0.00014139782  -0.00023998637  1.6726769e-05  -6.2896692e-06  0.00034679053  0.00042150210  -1.7911168e-05  3.2639752e-05  0.00037283369  2.5688266e-05  0.00027104883  -2.7667008e-05  -0.00023900929  5.4979196e-05  -6.2471975e-05  0.00022082274  -5.0124355e-05  -0.00014725572  1.8530000e-05  0.00014577858  -0.00035885246  8.7667680e-05  -0.00031828324  0.00054978760  0.00032655386  0.00010485513  -0.00069943090  0.0000000   0.00016534358  5.4987094e-05  0.00012436509  -0.00014139782  -0.00023998637  1.6726769e-05  -6.2896692e-06  0.00034679053  0.00042150210  -1.7911168e-05  3.2639752e-05  0.00037283369  
-3.4785425e-06  -7.2605827e-05  -8.5786774e-05  9.1214259e-05  0.00015985970  -0.00030993973  2.7858823e-06  -0.00019261166  6.3711327e-05  -8.1189970e-05  0.00072784540  6.5542033e-05  -5.9267329e-05  0.00024620383  0.0010561450  0.00063885622  -0.00063970426  -0.0029295598  -0.00016534358  0.0000000   0.00033827175  0.00031262436  3.4625474e-05  6.6509907e-05  0.00017651193  6.1857054e-05  -0.00011866174  -6.3433271e-05  -0.00011743297  0.00019221390  -9.5577973e-05  -3.4785425e-06  -7.2605827e-05  -8.5786774e-05  9.1214259e-05  0.00015985970  -0.00030993973  2.7858823e-06  -0.00019261166  6.3711327e-05  -8.1189970e-05  0.00072784540  6.5542033e-05  -5.9267329e-05  0.00024620383  0.0010561450  0.00063885622  -0.00063970426  -0.0029295598  -0.00016534358  0.0000000   0.00033827175  0.00031262436  3.4625474e-05  6.6509907e-05  0.00017651193  6.1857054e-05  -0.00011866174  -6.3433271e-05  -0.00011743297  0.00019221390  -9.5577973e-05  
5.8097420e-06  -3.0638756e-06  -0.00017302179  1.8209068e-05  0.00012832561  9.0482668e-05  9.5412574e-06  -0.00021620954  -1.7038128e-05  -0.00025684638  -2.5339608e-05  -1.4748178e-05  -1.6563445e-05  -9.4952976e-05  -0.00093100930  -4.5914137e-05  -0.00059129801  -0.00065697652  -5.4987094e-05  -0.00033827175  0.0000000   0.0016441109  5.3567989e-05  -6.9208377e-05  3.0183890e-05  0.00067804998  3.6002767e-05  -4.0614498e-05  -0.00028773268  5.2024731e-05  1.4294513e-05  5.8097420e-06  -3.0638756e-06  -0.00017302179  1.8209068e-05  0.00012832561  9.0482668e-05  9.5412574e-06  -0.00021620954  -1.7038128e-05  -0.00025684638  -2.5339608e-05  -1.4748178e-05  -1.6563445e-05  -9.4952976e-05  -0.00093100930  -4.5914137e-05  -0.00059129801  -0.00065697652  -5.4987094e-05  -0.00033827175  0.0000000   0.0016441109  5.3567989e-05  -6.9208377e-05  3.0183890e-05  0.00067804998  3.6002767e-05  -4.0614498e-05  -0.00028773268  5.2024731e-05  1.4294513e-05  
7.2520881e-06  -1.9617131e-05  0.00014669547  1.6019436e-05  0.00017178512  -6.4776323e-05  1.1675633e-05  -0.00011192082  1.0286202e-05  -5.1832902e-05  -0.00017672888  -1.4006976e-07  -4.6059558e-05  0.00013212841  -4.7941987e-05  0.00030857642  0.00086911983  -0.00057524221  -0.00012436509  -0.00031262436  -0.0016441109  0.0000000   -3.5720229e-05  0.00013324470  0.00016911336  -0.00081945077  -5.3356038e-05  -4.1436174e-05  0.00011040003  0.00023380779  9.6053734e-06  7.2520881e-06  -1.9617131e-05  0.00014669547  1.6019436e-05  0.00017178512  -6.4776323e-05  1.1675633e-05  -0.00011192082  1.0286202e-05  -5.1832902e-05  -0.00017672888  -1.4006976e-07  -4.6059558e-05  0.00013212841  -4.7941987e-05  0.00030857642  0.00086911983  -0.00057524221  -0.00012436509  -0.00031262436  -0.0016441109  0.0000000   -3.5720229e-05  0.00013324470  0.00016911336  -0.00081945077  -5.3356038e-05  -4.1436174e-05  0.00011040003  0.00023380779  9.6053734e-06  
-0.00012079746  -2.4841419e-05  2.0130958e-05  0.00023113397  -1.3100464e-05  7.0548395e-06  1.0046709e-05  -1.5041175e-05  -5.0699858e-05  1.1478250e-06  2.3641965e-05  2.1308027e-05  -0.00010213454  2.4489812e-05  -0.00012272449  4.3860711e-05  -6.0883949e-06  3.7929330e-06  0.00014139782  -3.4625474e-05  -5.3567989e-05  3.5720229e-05  0.0000000   -0.00061777518  1.0635903e-05  -6.2272286e-05  0.00054843964  0.00067107772  -5.3615233e-06  1.7305248e-05  -0.00062705747  -0.00012079746  -2.4841419e-05  2.0130958e-05  0.00023113397  -1.3100464e-05  7.0548395e-06  1.0046709e-05  -1.5041175e-05  -5.0699858e-05  1.1478250e-06  2.3641965e-05  2.1308027e-05  -0.00010213454  2.4489812e-05  -0.00012272449  4.3860711e-05  -6.0883949e-06  3.7929330e-06  0.00014139782  -3.4625474e-05  -5.3567989e-05  3.5720229e-05  0.0000000   -0.00061777518  1.0635903e-05  -6.2272286e-05  0.00054843964  0.00067107772  -5.3615233e-06  1.7305248e-05  -0.00062705747  
7.9974040e-05  1.5988790e-06  9.3889485e-06  2.8297475e-05  -1.7758920e-05  1.8885126e-05  -0.00012003014  1.8990251e-05  -1.0579343e-05  1.3207536e-05  -4.2082710e-06  -2.7477214e-05  -0.00038982367  4.8614674e-05  -2.0826265e-05  -1.8455338e-05  -1.3235237e-05  -9.4110403e-05  0.00023998637  -6.6509907e-05  6.9208377e-05  -0.00013324470  0.00061777518  0.0000000   -0.00015078813  -4.6312593e-05  -0.00096636586  -0.00012276957  1.7359508e-05  -1.2541861e-06  4.4859631e-05  7.9974040e-05  1.5988790e-06  9.3889485e-06  2.8297475e-05  -1.7758920e-05  1.8885126e-05  -0.00012003014  1.8990251e-05  -1.0579343e-05  1.3207536e-05  -4.2082710e-06  -2.7477214e-05  -0.00038982367  4.8614674e-05  -2.0826265e-05  -1.8455338e-05  -1.3235237e-05  -9.4110403e-05  0.00023998637  -6.6509907e-05  6.9208377e-05  -0.00013324470  0.00061777518  0.0000000   -0.00015078813  -4.6312593e-05  -0.00096636586  -0.00012276957  1.7359508e-05  -1.2541861e-06  4.4859631e-05  
-1.1954103e-06  -7.5659516e-06  -2.2459148e-05  2.6533540e-06  -2.4160543e-06  7.1948420e-05  -2.7346330e-06  1.0514526e-05  8.5684783e-06  -2.9669195e-05  3.1025796e-05  6.8997189e-06  2.2779481e-06  3.4617712e-05  0.00013636346  -0.00030103339  -7.8037456e-05  0.00012924210  -1.6726769e-05  -0.00017651193  -3.0183890e-05  -0.00016911336  -1.0635903e-05  0.00015078813  0.0000000   -0.0025678862  0.00010898518  7.3199663e-06  -0.00054848077  -0.00013328924  -7.1012455e-06  -1.1954103e-06  -7.5659516e-06  -2.2459148e-05  2.6533540e-06  -2.4160543e-06  7.1948420e-05  -2.7346330e-06  1.0514526e-05  8.5684783e-06  -2.9669195e-05  3.1025796e-05  6.8997189e-06  2.2779481e-06  3.4617712e-05  0.00013636346  -0.00030103339  -7.8037456e-05  0.00012924210  -1.6726769e-05  -0.00017651193  -3.0183890e-05  -0.00016911336  -1.0635903e-05  0.00015078813  0.0000000   -0.0025678862  0.00010898518  7.3199663e-06  -0.00054848077  -0.00013328924  -7.1012455e-06  
2.6512857e-07  -2.3039286e-06  -6.8878085e-05  1.8674169e-06  0.00015772076  0.00020483073  -3.6227013e-05  -6.4661386e-05  -5.3998041e-06  -6.6378639e-05  3.5655089e-05  -1.8104254e-05  -2.5969421e-05  2.3871635e-05  -4.9682294e-05  6.3348720e-06  0.00028812198  0.00019648467  6.2896692e-06  -6.1857054e-05  -0.00067804998  0.00081945077  6.2272286e-05  4.6312593e-05  0.0025678862  0.0000000   -4.7611782e-05  2.3321348e-05  -0.00026721591  6.8553852e-05  2.5479535e-05  2.6512857e-07  -2.3039286e-06  -6.8878085e-05  1.8674169e-06  0.00015772076  0.00020483073  -3.6227013e-05  -6.4661386e-05  -5.3998041e-06  -6.6378639e-05  3.5655089e-05  -1.8104254e-05  -2.5969421e-05  2.3871635e-05  -4.9682294e-05  6.3348720e-06  0.00028812198  0.00019648467  6.2896692e-06  -6.1857054e-05  -0.00067804998  0.00081945077  6.2272286e-05  4.6312593e-05  0.0025678862  0.0000000   -4.7611782e-05  2.3321348e-05  -0.00026721591  6.8553852e-05  2.5479535e-05  
9.8479232e-06  7.7936224e-05  1.2229358e-05  0.00015821997  -1.5019597e-05  -1.1058939e-05  8.4709258e-05  -2.2882613e-05  -0.00013315312  1.6117391e-05  1.5961638e-05  0.00014254480  0.00030202277  -2.8048712e-05  -3.5766857e-05  3.6660007e-05  2.0094553e-05  7.3250985e-05  -0.00034679053  0.00011866174  -3.6002767e-05  5.3356038e-05  -0.00054843964  0.00096636586  -0.00010898518  4.7611782e-05  0.0000000   0.0051338293  0.00013504958  -8.7547642e-05  -0.00026750759  9.8479232e-06  7.7936224e-05  1.2229358e-05  0.00015821997  -1.5019597e-05  -1.1058939e-05  8.4709258e-05  -2.2882613e-05  -0.00013315312  1.6117391e-05  1.5961638e-05  0.00014254480  0.00030202277  -2.8048712e-05  -3.5766857e-05  3.6660007e-05  2.0094553e-05  7.3250985e-05  -0.00034679053  0.00011866174  -3.6002767e-05  5.3356038e-05  -0.00054843964  0.00096636586  -0.00010898518  4.7611782e-05  0.0000000   0.0051338293  0.00013504958  -8.7547642e-05  -0.00026750759  
-5.9500236e-05  1.4727786e-05  -1.7112745e-05  9.3158421e-07  2.2325221e-05  1.2617602e-05  0.00013763482  -1.4798630e-05  6.3257894e-05  -1.9011415e-05  -6.9626863e-07  -0.00012555663  -0.00010283686  -2.2233503e-05  -2.0138608e-05  -3.9385707e-05  -6.3557599e-05  9.2648656e-05  -0.00042150210  6.3433271e-05  4.0614498e-05  4.1436174e-05  -0.00067107772  0.00012276957  -7.3199663e-06  -2.3321348e-05  -0.0051338293  0.0000000   -3.5910853e-05  4.0415858e-05  -0.00039619606  -5.9500236e-05  1.4727786e-05  -1.7112745e-05  9.3158421e-07  2.2325221e-05  1.2617602e-05  0.00013763482  -1.4798630e-05  6.3257894e-05  -1.9011415e-05  -6.9626863e-07  -0.00012555663  -0.00010283686  -2.2233503e-05  -2.0138608e-05  -3.9385707e-05  -6.3557599e-05  9.2648656e-05  -0.00042150210  6.3433271e-05  4.0614498e-05  4.1436174e-05  -0.00067107772  0.00012276957  -7.3199663e-06  -2.3321348e-05  -0.0051338293  0.0000000   -3.5910853e-05  4.0415858e-05  -0.00039619606  
6.9250612e-06  -3.8395646e-06  2.0725126e-05  -5.6082867e-06  -1.6240108e-05  9.7969475e-05  4.3342981e-06  8.4765632e-05  1.2325583e-05  0.00010222788  -0.00010497257  1.1916794e-05  -1.1181534e-05  -1.9876148e-05  -0.00015111410  2.7171261e-05  9.2976158e-05  0.00016314003  1.7911168e-05  0.00011743297  0.00028773268  -0.00011040003  5.3615233e-06  -1.7359508e-05  0.00054848077  0.00026721591  -0.00013504958  3.5910853e-05  0.0000000   -0.00057248426  4.2812586e-05  6.9250612e-06  -3.8395646e-06  2.0725126e-05  -5.6082867e-06  -1.6240108e-05  9.7969475e-05  4.3342981e-06  8.4765632e-05  1.2325583e-05  0.00010222788  -0.00010497257  1.1916794e-05  -1.1181534e-05  -1.9876148e-05  -0.00015111410  2.7171261e-05  9.2976158e-05  0.00016314003  1.7911168e-05  0.00011743297  0.00028773268  -0.00011040003  5.3615233e-06  -1.7359508e-05  0.00054848077  0.00026721591  -0.00013504958  3.5910853e-05  0.0000000   -0.00057248426  4.2812586e-05  
-4.6602537e-06  3.5806708e-06  -6.3563895e-06  8.0705543e-06  0.00020506234  0.00021750455  -2.4383167e-05  -4.7733598e-05  -3.4817309e-06  -0.00015909601  2.6882483e-05  5.6198240e-07  1.8427653e-05  -0.00017300522  -8.7452890e-05  -9.3608516e-05  -1.7348985e-05  -0.00027295076  -3.2639752e-05  -0.00019221390  -5.2024731e-05  -0.00023380779  -1.7305248e-05  1.2541861e-06  0.00013328924  -6.8553852e-05  8.7547642e-05  -4.0415858e-05  0.00057248426  0.0000000   -5.6048634e-05  -4.6602537e-06  3.5806708e-06  -6.3563895e-06  8.0705543e-06  0.00020506234  0.00021750455  -2.4383167e-05  -4.7733598e-05  -3.4817309e-06  -0.00015909601  2.6882483e-05  5.6198240e-07  1.8427653e-05  -0.00017300522  -8.7452890e-05  -9.3608516e-05  -1.7348985e-05  -0.00027295076  -3.2639752e-05  -0.00019221390  -5.2024731e-05  -0.00023380779  -1.7305248e-05  1.2541861e-06  0.00013328924  -6.8553852e-05  8.7547642e-05  -4.0415858e-05  0.00057248426  0.0000000   -5.6048634e-05  
0.00010849833  3.6542153e-05  -1.3865290e-05  -0.00014569006  4.1871272e-05  -1.7580163e-06  0.00012667056  -4.2251348e-06  5.4691614e-05  -5.8552819e-06  1.4412521e-05  7.5990073e-05  -0.00020127102  -9.5755800e-05  4.2396689e-05  3.6493804e-05  4.0625970e-05  4.6137243e-05  -0.00037283369  9.5577973e-05  -1.4294513e-05  -9.6053734e-06  0.00062705747  -4.4859631e-05  7.1012455e-06  -2.5479535e-05  0.00026750759  0.00039619606  -4.2812586e-05  5.6048634e-05  0.0000000   0.00010849833  3.6542153e-05  -1.3865290e-05  -0.00014569006  4.1871272e-05  -1.7580163e-06  0.00012667056  -4.2251348e-06  5.4691614e-05  -5.8552819e-06  1.4412521e-05  7.5990073e-05  -0.00020127102  -9.5755800e-05  4.2396689e-05  3.6493804e-05  4.0625970e-05  4.6137243e-05  -0.00037283369  9.5577973e-05  -1.4294513e-05  -9.6053734e-06  0.00062705747  -4.4859631e-05  7.1012455e-06  -2.5479535e-05  0.00026750759  0.00039619606  -4.2812586e-05  5.6048634e-05  0.0000000   
0.0000000   0.0031782837  3.3884936e-05  0.00067858212  -6.0537942e-05  0.00011532495  -0.00015366959  2.3337922e-05  -0.00025115538  -1.9504637e-05  -7.7124826e-06  -0.00019930472  0.00018095732  5.6248480e-05  8.0523944e-05  1.0566417e-06  2.0713800e-05  -7.0530119e-05  -2.5688266e-05  3.4785425e-06  -5.8097420e-06  -7.2520881e-06  0.00012079746  -7.9974040e-05  1.1954103e-06  -2.6512857e-07  -9.8479232e-06  5.9500236e-05  -6.9250612e-06  4.6602537e-06  -0.00010849833  0.0000000   0.0031782837  3.3884936e-05  0.00067858212  -6.0537942e-05  0.00011532495  -0.00015366959  2.3337922e-05  -0.00025115538  -1.9504637e-05  -7.7124826e-06  -0.00019930472  0.00018095732  5.6248480e-05  8.0523944e-05  1.0566417e-06  2.0713800e-05  -7.0530119e-05  -2.5688266e-05  3.4785425e-06  -5.8097420e-06  -7.2520881e-06  0.00012079746  -7.9974040e-05  1.1954103e-06  -2.6512857e-07  -9.8479232e-06  5.9500236e-05  -6.9250612e-06  4.6602537e-06  -0.00010849833  
-0.0031782837  0.0000000   4.2908518e-05  0.00013439387  -0.00015195879  5.9219360e-05  0.00011968069  6.7831793e-05  0.00047673448  2.6502003e-05  -4.3220125e-05  0.00014312396  -0.00021665009  -0.00012728840  -1.5115254e-05  2.8645764e-05  4.0898874e-05  2.1127770e-05  -0.00027104883  7.2605827e-05  3.0638756e-06  1.9617131e-05  2.4841419e-05  -1.5988790e-06  7.5659516e-06  2.3039286e-06  -7.7936224e-05  -1.4727786e-05  3.8395646e-06  -3.5806708e-06  -3.6542153e-05  -0.0031782837  0.0000000   4.2908518e-05  0.00013439387  -0.00015195879  5.9219360e-05  0.00011968069  6.7831793e-05  0.00047673448  2.6502003e-05  -4.3220125e-05  0.00014312396  -0.00021665009  -0.00012728840  -1.5115254e-05  2.8645764e-05  4.0898874e-05  2.1127770e-05  -0.00027104883  7.2605827e-05  3.0638756e-06  1.9617131e-05  2.4841419e-05  -1.5988790e-06  7.5659516e-06  2.3039286e-06  -7.7936224e-05  -1.4727786e-05  3.8395646e-06  -3.5806708e-06  -3.6542153e-05  
-3.3884936e-05  -4.2908518e-05  0.0000000   0.00022410761  0.0028366398  -0.00038169957  -0.00012968764  0.00075565085  -2.2947593e-05  0.00015787795  -0.00039318160  -1.0538832e-05  -3.2478293e-05  -3.9054596e-05  4.4088332e-05  -9.3593912e-05  -0.00019215660  -0.00019825380  2.7667008e-05  8.5786774e-05  0.00017302179  -0.00014669547  -2.0130958e-05  -9.3889485e-06  2.2459148e-05  6.8878085e-05  -1.2229358e-05  1.7112745e-05  -2.0725126e-05  6.3563895e-06  1.3865290e-05  -3.3884936e-05  -4.2908518e-05  0.0000000   0.00022410761  0.0028366398  -0.00038169957  -0.00012968764  0.00075565085  -2.2947593e-05  0.00015787795  -0.00039318160  -1.0538832e-05  -3.2478293e-05  -3.9054596e-05  4.4088332e-05  -9.3593912e-05  -0.00019215660  -0.00019825380  2.7667008e-05  8.5786774e-05  0.00017302179  -0.00014669547  -2.0130958e-05  -9.3889485e-06  2.2459148e-05  6.8878085e-05  -1.2229358e-05  1.7112745e-05  -2.0725126e-05  6.3563895e-06  1.3865290e-05  
-0.00067858212  -0.00013439387  -0.00022410761  0.0000000   -0.00033711458  -0.00060648352  -0.00026547762  -5.7794498e-05  7.7855048e-05  0.00014648617  -6.5982084e-06  -0.00010276803  -0.00040152228  4.2388871e-05  1.6287276e-05  2.2058860e-05  -7.1170643e-06  -2.8866369e-05  0.00023900929  -9.1214259e-05  -1.8209068e-05  -1.6019436e-05  -0.00023113397  -2.8297475e-05  -2.6533540e-06  -1.8674169e-06  -0.00015821997  -9.3158421e-07  5.6082867e-06  -8.0705543e-06  0.00014569006  -0.00067858212  -0.00013439387  -0.00022410761  0.0000000   -0.00033711458  -0.00060648352  -0.00026547762  -5.7794498e-05  7.7855048e-05  0.00014648617  -6.5982084e-06  -0.00010276803  -0.00040152228  4.2388871e-05  1.6287276e-05  2.2058860e-05  -7.1170643e-06  -2.8866369e-05  0.00023900929  -9.1214259e-05  -1.8209068e-05  -1.6019436e-05  -0.00023113397  -2.8297475e-05  -2.6533540e-06  -1.8674169e-06  -0.00015821997  -9.3158421e-07  5.6082867e-06  -8.0705543e-06  0.00014569006  
6.0537942e-05  0.00015195879  -0.0028366398  0.00033711458  0.0000000   -0.0062682274  0.00041651182  -0.0010065640  -5.4084306e-05  0.0012981408  0.00030509928  -7.2524397e-05  2.1453262e-05  0.00032753339  0.00032031472  0.00022352056  -8.7935568e-05  0.00031430970  -5.4979196e-05  -0.00015985970  -0.00012832561  -0.00017178512  1.3100464e-05  1.7758920e-05  2.4160543e-06  -0.00015772076  1.5019597e-05  -2.2325221e-05  1.6240108e-05  -0.00020506234  -4.1871272e-05  6.0537942e-05  0.00015195879  -0.0028366398  0.00033711458  0.0000000   -0.0062682274  0.00041651182  -0.0010065640  -5.4084306e-05  0.0012981408  0.00030509928  -7.2524397e-05  2.1453262e-05  0.00032753339  0.00032031472  0.00022352056  -8.7935568e-05  0.00031430970  -5.4979196e-05  -0.00015985970  -0.00012832561  -0.00017178512  1.3100464e-05  1.7758920e-05  2.4160543e-06  -0.00015772076  1.5019597e-05  -2.2325221e-05  1.6240108e-05  -0.00020506234  -4.1871272e-05  
-0.00011532495  -5.9219360e-05  0.00038169957  0.00060648352  0.0062682274  0.0000000   -0.00022097407  -0.0016311901  -5.9747365e-05  -0.00082504707  0.0015941031  -1.3804779e-05  0.00013779951  0.00010858292  -0.00017367116  -0.00021224614  -0.00023635936  0.00026490140  6.2471975e-05  0.00030993973  -9.0482668e-05  6.4776323e-05  -7.0548395e-06  -1.8885126e-05  -7.1948420e-05  -0.00020483073  1.1058939e-05  -1.2617602e-05  -9.7969475e-05  -0.00021750455  1.7580163e-06  -0.00011532495  -5.9219360e-05  0.00038169957  0.00060648352  0.0062682274  0.0000000   -0.00022097407  -0.0016311901  -5.9747365e-05  -0.00082504707  0.0015941031  -1.3804779e-05  0.00013779951  0.00010858292  -0.00017367116  -0.00021224614  -0.00023635936  0.00026490140  6.2471975e-05  0.00030993973  -9.0482668e-05  6.4776323e-05  -7.0548395e-06  -1.8885126e-05  -7.1948420e-05  -0.00020483073  1.1058939e-05  -1.2617602e-05  -9.7969475e-05  -0.00021750455  1.7580163e-06  
0.00015366959  -0.00011968069  0.00012968764  0.00026547762  -0.00041651182  0.00022097407  0.0000000   0.00016153466  -0.0010617030  2.3119398e-05  -6.3967311e-05  0.00025911259  0.00044425438  -0.00012370915  -2.1727948e-05  -4.4022960e-05  -3.8030813e-05  -4.1748284e-05  -0.00022082274  -2.7858823e-06  -9.5412574e-06  -1.1675633e-05  -1.0046709e-05  0.00012003014  2.7346330e-06  3.6227013e-05  -8.4709258e-05  -0.00013763482  -4.3342981e-06  2.4383167e-05  -0.00012667056  0.00015366959  -0.00011968069  0.00012968764  0.00026547762  -0.00041651182  0.00022097407  0.0000000   0.00016153466  -0.0010617030  2.3119398e-05  -6.3967311e-05  0.00025911259  0.00044425438  -0.00012370915  -2.1727948e-05  -4.4022960e-05  -3.8030813e-05  -4.1748284e-05  -0.00022082274  -2.7858823e-06  -9.5412574e-06  -1.1675633e-05  -1.0046709e-05  0.00012003014  2.7346330e-06  3.6227013e-05  -8.4709258e-05  -0.00013763482  -4.3342981e-06  2.4383167e-05  -0.00012667056  
-2.3337922e-05  -6.7831793e-05  -0.00075565085  5.7794498e-05  0.0010065640  0.0016311901  -0.00016153466  0.0000000   -7.4150011e-06  -0.00023211587  -0.00034414166  6.9631485e-05  1.6075172e-05  0.00020038896  0.00022212350  -0.00034407262  -0.00022036803  0.00049701988  5.0124355e-05  0.00019261166  0.00021620954  0.00011192082  1.5041175e-05  -1.8990251e-05  -1.0514526e-05  6.4661386e-05  2.2882613e-05  1.4798630e-05  -8.4765632e-05  4.7733598e-05  4.2251348e-06  -2.3337922e-05  -6.7831793e-05  -0.00075565085  5.7794498e-05  0.0010065640  0.0016311901  -0.00016153466  0.0000000   -7.4150011e-06  -0.00023211587  -0.00034414166  6.9631485e-05  1.6075172e-05  0.00020038896  0.00022212350  -0.00034407262  -0.00022036803  0.00049701988  5.0124355e-05  0.00019261166  0.00021620954  0.00011192082  1.5041175e-05  -1.8990251e-05  -1.0514526e-05  6.4661386e-05  2.2882613e-05  1.4798630e-05  -8.4765632e-05  4.7733598e-05  4.2251348e-06  
0.00025115538  -0.00047673448  2.2947593e-05  -7.7855048e-05  5.4084306e-05  5.9747365e-05  0.0010617030  7.4150011e-06  0.0000000   -6.3707755e-05  2.3598020e-05  -0.00098723039  -0.00025289702  2.8532575e-05  -4.3802927e-05  -1.5081280e-05  -2.3984447e-05  -2.3858658e-05  0.00014725572  -6.3711327e-05  1.7038128e-05  -1.0286202e-05  5.0699858e-05  1.0579343e-05  -8.5684783e-06  5.3998041e-06  0.00013315312  -6.3257894e-05  -1.2325583e-05  3.4817309e-06  -5.4691614e-05  0.00025115538  -0.00047673448  2.2947593e-05  -7.7855048e-05  5.4084306e-05  5.9747365e-05  0.0010617030  7.4150011e-06  0.0000000   -6.3707755e-05  2.3598020e-05  -0.00098723039  -0.00025289702  2.8532575e-05  -4.3802927e-05  -1.5081280e-05  -2.3984447e-05  -2.3858658e-05  0.00014725572  -6.3711327e-05  1.7038128e-05  -1.0286202e-05  5.0699858e-05  1.0579343e-05  -8.5684783e-06  5.3998041e-06  0.00013315312  -6.3257894e-05  -1.2325583e-05  3.4817309e-06  -5.4691614e-05  
1.9504637e-05  -2.6502003e-05  -0.00015787795  -0.00014648617  -0.0012981408  0.00082504707  -2.3119398e-05  0.00023211587  6.3707755e-05  0.0000000   0.00083334055  5.5719783e-05  5.4552691e-05  -0.00061795996  0.00046668672  -9.5358078e-05  -0.00038734095  -0.00061445687  -1.8530000e-05  8.1189970e-05  0.00025684638  5.1832902e-05  -1.1478250e-06  -1.3207536e-05  2.9669195e-05  6.6378639e-05  -1.6117391e-05  1.9011415e-05  -0.00010222788  0.00015909601  5.8552819e-06  1.9504637e-05  -2.6502003e-05  -0.00015787795  -0.00014648617  -0.0012981408  0.00082504707  -2.3119398e-05  0.00023211587  6.3707755e-05  0.0000000   0.00083334055  5.5719783e-05  5.4552691e-05  -0.00061795996  0.00046668672  -9.5358078e-05  -0.00038734095  -0.00061445687  -1.8530000e-05  8.1189970e-05  0.00025684638  5.1832902e-05  -1.1478250e-06  -1.3207536e-05  2.9669195e-05  6.6378639e-05  -1.6117391e-05  1.9011415e-05  -0.00010222788  0.00015909601  5.8552819e-06  
