0.0000000   6.4398073e-05  -0.0011559857  -0.00034459699  2.6001094e-05  0.00052992472  7.7094453e-05  -0.00018876433  6.6091397e-07  1.1769554e-06  -1.8638406e-05  -6.4163353e-06  4.1833555e-05  -1.4022110e-05  -3.9696390e-06  7.8788911e-05  4.4814763e-06  -1.4026383e-05  -9.9405875e-06  1.0989796e-05  -8.2195491e-05  5.9171111e-05  2.3973498e-05  5.4879932e-06  2.0970980e-05  -0.00011934851  1.5315760e-05  -3.7980968e-05  -7.3254753e-06  8.5611946e-05  2.8844928e-06  0.0000000   6.4398073e-05  -0.0011559857  -0.00034459699  2.6001094e-05  0.00052992472  7.7094453e-05  -0.00018876433  6.6091397e-07  1.1769554e-06  -1.8638406e-05  -6.4163353e-06  4.1833555e-05  -1.4022110e-05  -3.9696390e-06  7.8788911e-05  4.4814763e-06  -1.4026383e-05  -9.9405875e-06  1.0989796e-05  -8.2195491e-05  5.9171111e-05  2.3973498e-05  5.4879932e-06  2.0970980e-05  -0.00011934851  1.5315760e-05  -3.7980968e-05  -7.3254753e-06  8.5611946e-05  2.8844928e-06  
-6.4398073e-05  0.0000000   -0.00079558757  0.0024647342  -0.0020874977  0.00017490437  -0.00020851448  -4.5540747e-06  0.00052480199  -0.00015508277  -0.00019387287  0.00011035927  2.3496492e-05  0.00022873344  1.2922941e-05  -8.3902067e-07  -7.6704811e-05  0.00014505293  3.4494648e-06  5.1670350e-05  2.0583135e-05  -7.6661954e-06  -6.8546971e-06  9.0169195e-06  -8.2328591e-05  2.0388357e-05  4.5440459e-05  -2.4669783e-05  6.5116010e-05  7.7267659e-06  -4.0537763e-05  -6.4398073e-05  0.0000000   -0.00079558757  0.0024647342  -0.0020874977  0.00017490437  -0.00020851448  -4.5540747e-06  0.00052480199  -0.00015508277  -0.00019387287  0.00011035927  2.3496492e-05  0.00022873344  1.2922941e-05  -8.3902067e-07  -7.6704811e-05  0.00014505293  3.4494648e-06  5.1670350e-05  2.0583135e-05  -7.6661954e-06  -6.8546971e-06  9.0169195e-06  -8.2328591e-05  2.0388357e-05  4.5440459e-05  -2.4669783e-05  6.5116010e-05  7.7267659e-06  -4.0537763e-05  
0.0011559857  0.00079558757  0.0000000   -4.0373302e-05  -0.00034210803  -0.0012158188  -0.00025138270  -0.00017278914  -1.6367138e-05  0.00012206695  7.0547358e-05  -1.0794909e-06  -0.00042582191  7.5614483e-05  0.00030498549  3.0532827e-05  5.1893421e-05  2.5230856e-05  0.00010330647  2.9663512e-05  0.00013573609  5.3475639e-05  -4.3990068e-05  4.8548164e-07  2.2037203e-05  2.3043400e-05  6.5461153e-05  6.5772647e-05  5.3187241e-05  0.00011064422  9.9994852e-07  0.0011559857  0.00079558757  0.0000000   -4.0373302e-05  -0.00034210803  -0.0012158188  -0.00025138270  -0.00017278914  -1.6367138e-05  0.00012206695  7.0547358e-05  -1.0794909e-06  -0.00042582191  7.5614483e-05  0.00030498549  3.0532827e-05  5.1893421e-05  2.5230856e-05  0.00010330647  2.9663512e-05  0.00013573609  5.3475639e-05  -4.3990068e-05  4.8548164e-07  2.2037203e-05  2.3043400e-05  6.5461153e-05  6.5772647e-05  5.3187241e-05  0.00011064422  9.9994852e-07  
0.00034459699  -0.0024647342  4.0373302e-05  0.0000000   0.00091369250  -0.00058233958  -0.00047759615  0.00017114519  -0.00013261129  -0.00033859342  -3.8507887e-05  4.6265892e-05  -0.00018036750  -0.00014611944  0.00012080010  4.6518211e-06  -0.00014881093  -8.4816821e-05  1.2792195e-05  -0.00016762936  3.2836549e-05  9.2861051e-06  -4.7974429e-06  -5.0087445e-05  -2.3451104e-05  1.3313413e-05  -0.00017074689  5.4744543e-05  -6.3013132e-05  2.8545792e-05  -1.2438993e-06  0.00034459699  -0.0024647342  4.0373302e-05  0.0000000   0.00091369250  -0.00058233958  -0.00047759615  0.00017114519  -0.00013261129  -0.00033859342  -3.8507887e-05  4.6265892e-05  -0.00018036750  -0.00014611944  0.00012080010  4.6518211e-06  -0.00014881093  -8.4816821e-05  1.2792195e-05  -0.00016762936  3.2836549e-05  9.2861051e-06  -4.7974429e-06  -5.0087445e-05  -2.3451104e-05  1.3313413e-05  -0.00017074689  5.4744543e-05  -6.3013132e-05  2.8545792e-05  -1.2438993e-06  
-2.6001094e-05  0.0020874977  0.00034210803  -0.00091369250  0.0000000   0.00032167325  -0.00024258073  -0.00078876014  -0.0011495947  0.00037208601  0.00028634189  0.00042437751  0.00010407293  0.00044630905  7.6696893e-06  1.5711896e-05  5.4896772e-06  -0.00013662731  2.6115612e-05  0.00010300744  -1.0997127e-05  3.3899759e-05  1.9660787e-05  -0.00018333692  0.00016411950  -2.1434929e-05  -8.7054381e-06  6.6098649e-05  -0.00014207201  7.7592201e-06  1.6404050e-05  -2.6001094e-05  0.0020874977  0.00034210803  -0.00091369250  0.0000000   0.00032167325  -0.00024258073  -0.00078876014  -0.0011495947  0.00037208601  0.00028634189  0.00042437751  0.00010407293  0.00044630905  7.6696893e-06  1.5711896e-05  5.4896772e-06  -0.00013662731  2.6115612e-05  0.00010300744  -1.0997127e-05  3.3899759e-05  1.9660787e-05  -0.00018333692  0.00016411950  -2.1434929e-05  -8.7054381e-06  6.6098649e-05  -0.00014207201  7.7592201e-06  1.6404050e-05  
-0.00052992472  -0.00017490437  0.0012158188  0.00058233958  -0.00032167325  0.0000000   -0.0061403281  -0.0022126047  -5.5382391e-05  -4.7800060e-05  -1.7336756e-05  -0.00011560634  0.00022959576  -0.00012183779  -7.6870376e-05  9.2805195e-05  6.4343876e-05  1.6036689e-05  0.00019704241  -3.5106105e-05  -2.1092932e-05  0.00016339692  -6.0367848e-05  1.8395567e-05  4.5863307e-05  -0.00017842272  5.2272081e-05  -2.1935870e-05  2.3228130e-05  0.00015520146  -1.3406059e-05  -0.00052992472  -0.00017490437  0.0012158188  0.00058233958  -0.00032167325  0.0000000   -0.0061403281  -0.0022126047  -5.5382391e-05  -4.7800060e-05  -1.7336756e-05  -0.00011560634  0.00022959576  -0.00012183779  -7.6870376e-05  9.2805195e-05  6.4343876e-05  1.6036689e-05  0.00019704241  -3.5106105e-05  -2.1092932e-05  0.00016339692  -6.0367848e-05  1.8395567e-05  4.5863307e-05  -0.00017842272  5.2272081e-05  -2.1935870e-05  2.3228130e-05  0.00015520146  -1.3406059e-05  
-7.7094453e-05  0.00020851448  0.00025138270  0.00047759615  0.00024258073  0.0061403281  0.0000000   -0.013684931  -0.00040931249  0.00031772721  -0.00018219693  -0.00010276746  8.3143216e-05  -0.00017075630  -0.00020173027  8.8076042e-05  7.9559561e-05  8.7685522e-05  0.00017419067  -8.4816474e-05  -5.7947124e-06  0.00020601858  0.00013820304  3.4284529e-05  4.8078819e-05  8.1400065e-05  3.2574858e-05  0.00022824336  0.00013131090  4.7493603e-05  -1.4567506e-05  -7.7094453e-05  0.00020851448  0.00025138270  0.00047759615  0.00024258073  0.0061403281  0.0000000   -0.013684931  -0.00040931249  0.00031772721  -0.00018219693  -0.00010276746  8.3143216e-05  -0.00017075630  -0.00020173027  8.8076042e-05  7.9559561e-05  8.7685522e-05  0.00017419067  -8.4816474e-05  -5.7947124e-06  0.00020601858  0.00013820304  3.4284529e-05  4.8078819e-05  8.1400065e-05  3.2574858e-05  0.00022824336  0.00013131090  4.7493603e-05  -1.4567506e-05  
0.00018876433  4.5540747e-06  0.00017278914  -0.00017114519  0.00078876014  0.0022126047  0.013684931  0.0000000   9.0041353e-05  0.00012779448  -6.6166138e-05  0.00014970858  -0.00021814020  0.00015376839  -0.00026604834  0.00015462075  -0.00015900894  5.3882862e-05  0.00016325867  1.5627981e-05  -1.0850569e-05  8.2926612e-05  -6.4434444e-05  -2.6441190e-05  -0.00010607246  -0.00016871371  -8.3130808e-05  -7.9497693e-05  -9.4134047e-05  1.7481108e-05  1.2481187e-05  0.00018876433  4.5540747e-06  0.00017278914  -0.00017114519  0.00078876014  0.0022126047  0.013684931  0.0000000   9.0041353e-05  0.00012779448  -6.6166138e-05  0.00014970858  -0.00021814020  0.00015376839  -0.00026604834  0.00015462075  -0.00015900894  5.3882862e-05  0.00016325867  1.5627981e-05  -1.0850569e-05  8.2926612e-05  -6.4434444e-05  -2.6441190e-05  -0.00010607246  -0.00016871371  -8.3130808e-05  -7.9497693e-05  -9.4134047e-05  1.7481108e-05  1.2481187e-05  
-6.6091397e-07  -0.00052480199  1.6367138e-05  0.00013261129  0.0011495947  5.5382391e-05  0.00040931249  -9.0041353e-05  0.0000000   -0.00043345576  -0.0012390260  -0.00067925502  -0.00015502410  -0.00035608582  -3.2823220e-05  2.4009436e-05  -3.7894321e-05  -0.00040119399  -7.0234674e-06  -0.00018325215  -3.5880840e-05  3.1526053e-06  -1.5087055e-06  -4.2486763e-05  0.00017899615  -2.1761437e-05  -0.00018882103  9.7847960e-05  -0.00016613387  -5.1312579e-06  0.00042641360  -6.6091397e-07  -0.00052480199  1.6367138e-05  0.00013261129  0.0011495947  5.5382391e-05  0.00040931249  -9.0041353e-05  0.0000000   -0.00043345576  -0.0012390260  -0.00067925502  -0.00015502410  -0.00035608582  -3.2823220e-05  2.4009436e-05  -3.7894321e-05  -0.00040119399  -7.0234674e-06  -0.00018325215  -3.5880840e-05  3.1526053e-06  -1.5087055e-06  -4.2486763e-05  0.00017899615  -2.1761437e-05  -0.00018882103  9.7847960e-05  -0.00016613387  -5.1312579e-06  0.00042641360  
-1.1769554e-06  0.00015508277  -0.00012206695  0.00033859342  -0.00037208601  4.7800060e-05  -0.00031772721  -0.00012779448  0.00043345576  0.0000000   0.0020132823  0.00043919711  0.00020180921  0.00073601869  -1.0024975e-05  5.3669250e-06  -0.00015613190  0.00014540947  1.2685121e-05  -7.6551419e-05  3.3052292e-05  -4.8576415e-06  -5.1236397e-06  9.6252447e-05  -7.4163049e-07  2.6777789e-06  -1.1915360e-05  5.3927999e-05  -0.00013052701  1.2705867e-05  -5.7452340e-05  -1.1769554e-06  0.00015508277  -0.00012206695  0.00033859342  -0.00037208601  4.7800060e-05  -0.00031772721  -0.00012779448  0.00043345576  0.0000000   0.0020132823  0.00043919711  0.00020180921  0.00073601869  -1.0024975e-05  5.3669250e-06  -0.00015613190  0.00014540947  1.2685121e-05  -7.6551419e-05  3.3052292e-05  -4.8576415e-06  -5.1236397e-06  9.6252447e-05  -7.4163049e-07  2.6777789e-06  -1.1915360e-05  5.3927999e-05  -0.00013052701  1.2705867e-05  -5.7452340e-05  
1.8638406e-05  0.00019387287  -7.0547358e-05  3.8507887e-05  -0.00028634189  1.7336756e-05  0.00018219693  6.6166138e-05  0.0012390260  -0.0020132823  0.0000000   0.00048850784  -5.5338390e-05  -0.0010361076  -0.00013567170  -4.0652012e-05  -0.00034001727  0.00059989233  -7.7875827e-05  -0.00038489141  1.3949474e-05  -2.5211272e-05  -2.4101693e-05  0.00012368852  -6.6106272e-05  2.9079872e-05  3.4605177e-05  3.1992411e-05  -6.8055390e-05  4.5699336e-06  -2.4645821e-05  1.8638406e-05  0.00019387287  -7.0547358e-05  3.8507887e-05  -0.00028634189  1.7336756e-05  0.00018219693  6.6166138e-05  0.0012390260  -0.0020132823  0.0000000   0.00048850784  -5.5338390e-05  -0.0010361076  -0.00013567170  -4.0652012e-05  -0.00034001727  0.00059989233  -7.7875827e-05  -0.00038489141  1.3949474e-05  -2.5211272e-05  -2.4101693e-05  0.00012368852  -6.6106272e-05  2.9079872e-05  3.4605177e-05  3.1992411e-05  -6.8055390e-05  4.5699336e-06  -2.4645821e-05  
6.4163353e-06  -0.00011035927  1.0794909e-06  -4.6265892e-05  -0.00042437751  0.00011560634  0.00010276746  -0.00014970858  0.00067925502  -0.00043919711  -0.00048850784  0.0000000   -0.00017127617  -0.0012322838  -0.00015391288  -1.8746467e-05  0.00062253550  9.1045090e-05  2.4417302e-05  0.00048864146  3.6341500e-05  -2.4554783e-05  -1.2888489e-05  2.4489420e-05  -0.00033907404  6.7980639e-06  -0.00029456592  -2.6326751e-05  7.0858177e-05  2.5917841e-06  -0.00025396939  6.4163353e-06  -0.00011035927  1.0794909e-06  -4.6265892e-05  -0.00042437751  0.00011560634  0.00010276746  -0.00014970858  0.00067925502  -0.00043919711  -0.00048850784  0.0000000   -0.00017127617  -0.0012322838  -0.00015391288  -1.8746467e-05  0.00062253550  9.1045090e-05  2.4417302e-05  0.00048864146  3.6341500e-05  -2.4554783e-05  -1.2888489e-05  2.4489420e-05  -0.00033907404  6.7980639e-06  -0.00029456592  -2.6326751e-05  7.0858177e-05  2.5917841e-06  -0.00025396939  
-4.1833555e-05  -2.3496492e-05  0.00042582191  0.00018036750  -0.00010407293  -0.00022959576  -8.3143216e-05  0.00021814020  0.00015502410  -0.00020180921  5.5338390e-05  0.00017127617  0.0000000   -0.00014330182  0.0029306328  3.6692146e-05  7.7838675e-05  1.2364514e-05  0.00036407145  6.0213471e-05  -0.00035917390  0.00010198808  0.00010348246  2.1682946e-05  2.3813623e-06  -0.00027935658  -3.3175218e-05  -0.00017955179  -6.8537635e-05  -3.8716977e-05  5.4160773e-06  -4.1833555e-05  -2.3496492e-05  0.00042582191  0.00018036750  -0.00010407293  -0.00022959576  -8.3143216e-05  0.00021814020  0.00015502410  -0.00020180921  5.5338390e-05  0.00017127617  0.0000000   -0.00014330182  0.0029306328  3.6692146e-05  7.7838675e-05  1.2364514e-05  0.00036407145  6.0213471e-05  -0.00035917390  0.00010198808  0.00010348246  2.1682946e-05  2.3813623e-06  -0.00027935658  -3.3175218e-05  -0.00017955179  -6.8537635e-05  -3.8716977e-05  5.4160773e-06  
1.4022110e-05  -0.00022873344  -7.5614483e-05  0.00014611944  -0.00044630905  0.00012183779  0.00017075630  -0.00015376839  0.00035608582  -0.00073601869  0.0010361076  0.0012322838  0.00014330182  0.0000000   -0.00027396830  -9.5210066e-06  -0.00026900280  -0.00047911982  1.7118295e-06  -0.00028780661  1.6924085e-05  3.0339880e-05  -5.5788901e-06  0.00012123490  0.00027366502  1.2941764e-05  -0.00019916885  1.8305579e-05  -1.2855154e-05  5.6100767e-06  0.00015002308  1.4022110e-05  -0.00022873344  -7.5614483e-05  0.00014611944  -0.00044630905  0.00012183779  0.00017075630  -0.00015376839  0.00035608582  -0.00073601869  0.0010361076  0.0012322838  0.00014330182  0.0000000   -0.00027396830  -9.5210066e-06  -0.00026900280  -0.00047911982  1.7118295e-06  -0.00028780661  1.6924085e-05  3.0339880e-05  -5.5788901e-06  0.00012123490  0.00027366502  1.2941764e-05  -0.00019916885  1.8305579e-05  -1.2855154e-05  5.6100767e-06  0.00015002308  
3.9696390e-06  -1.2922941e-05  -0.00030498549  -0.00012080010  -7.6696893e-06  7.6870376e-05  0.00020173027  0.00026604834  3.2823220e-05  1.0024975e-05  0.00013567170  0.00015391288  -0.0029306328  0.00027396830  0.0000000   0.00056390731  -6.6539214e-05  0.00012267524  0.00036457355  -1.4827115e-05  0.00034684244  3.4294463e-05  3.7960968e-05  6.6072469e-06  -1.6849531e-06  -0.00016593160  1.2051540e-05  0.00010408728  5.2199125e-05  3.6849871e-05  4.4403781e-06  3.9696390e-06  -1.2922941e-05  -0.00030498549  -0.00012080010  -7.6696893e-06  7.6870376e-05  0.00020173027  0.00026604834  3.2823220e-05  1.0024975e-05  0.00013567170  0.00015391288  -0.0029306328  0.00027396830  0.0000000   0.00056390731  -6.6539214e-05  0.00012267524  0.00036457355  -1.4827115e-05  0.00034684244  3.4294463e-05  3.7960968e-05  6.6072469e-06  -1.6849531e-06  -0.00016593160  1.2051540e-05  0.00010408728  5.2199125e-05  3.6849871e-05  4.4403781e-06  
-7.8788911e-05  8.3902067e-07  -3.0532827e-05  -4.6518211e-06  -1.5711896e-05  -9.2805195e-05  -8.8076042e-05  -0.00015462075  -2.4009436e-05  -5.3669250e-06  4.0652012e-05  1.8746467e-05  -3.6692146e-05  9.5210066e-06  -0.00056390731  0.0000000   -2.3859672e-05  -0.00017541645  -0.00082609873  -7.5994291e-05  0.00038497139  -0.0011978015  -0.00062373281  -2.8969780e-05  1.3022224e-05  0.00023376590  -1.9582018e-05  1.0055482e-05  1.9661277e-05  0.00014552488  2.1761721e-05  -7.8788911e-05  8.3902067e-07  -3.0532827e-05  -4.6518211e-06  -1.5711896e-05  -9.2805195e-05  -8.8076042e-05  -0.00015462075  -2.4009436e-05  -5.3669250e-06  4.0652012e-05  1.8746467e-05  -3.6692146e-05  9.5210066e-06  -0.00056390731  0.0000000   -2.3859672e-05  -0.00017541645  -0.00082609873  -7.5994291e-05  0.00038497139  -0.0011978015  -0.00062373281  -2.8969780e-05  1.3022224e-05  0.00023376590  -1.9582018e-05  1.0055482e-05  1.9661277e-05  0.00014552488  2.1761721e-05  
-4.4814763e-06  7.6704811e-05  -5.1893421e-05  0.00014881093  -5.4896772e-06  -6.4343876e-05  -7.9559561e-05  0.00015900894  3.7894321e-05  0.00015613190  0.00034001727  -0.00062253550  -7.7838675e-05  0.00026900280  6.6539214e-05  2.3859672e-05  0.0000000   -0.0015398837  8.6769374e-05  -0.00072749784  -8.7281698e-05  6.4542259e-05  2.7885713e-05  -0.00012686306  -4.1403259e-05  1.2252764e-05  -0.00014620653  4.2969198e-06  -4.2838636e-05  -2.2596550e-05  3.1412756e-05  -4.4814763e-06  7.6704811e-05  -5.1893421e-05  0.00014881093  -5.4896772e-06  -6.4343876e-05  -7.9559561e-05  0.00015900894  3.7894321e-05  0.00015613190  0.00034001727  -0.00062253550  -7.7838675e-05  0.00026900280  6.6539214e-05  2.3859672e-05  0.0000000   -0.0015398837  8.6769374e-05  -0.00072749784  -8.7281698e-05  6.4542259e-05  2.7885713e-05  -0.00012686306  -4.1403259e-05  1.2252764e-05  -0.00014620653  4.2969198e-06  -4.2838636e-05  -2.2596550e-05  3.1412756e-05  
1.4026383e-05  -0.00014505293  -2.5230856e-05  8.4816821e-05  0.00013662731  -1.6036689e-05  -8.7685522e-05  -5.3882862e-05  0.00040119399  -0.00014540947  -0.00059989233  -9.1045090e-05  -1.2364514e-05  0.00047911982  -0.00012267524  0.00017541645  0.0015398837  0.0000000   3.6778840e-05  0.0023272884  0.00010104971  -5.6812279e-05  3.6732703e-05  -0.00036049006  0.00026646114  -7.2462257e-05  -0.00063559665  9.7930671e-05  -9.2470839e-05  -6.7549237e-06  0.00058367741  1.4026383e-05  -0.00014505293  -2.5230856e-05  8.4816821e-05  0.00013662731  -1.6036689e-05  -8.7685522e-05  -5.3882862e-05  0.00040119399  -0.00014540947  -0.00059989233  -9.1045090e-05  -1.2364514e-05  0.00047911982  -0.00012267524  0.00017541645  0.0015398837  0.0000000   3.6778840e-05  0.0023272884  0.00010104971  -5.6812279e-05  3.6732703e-05  -0.00036049006  0.00026646114  -7.2462257e-05  -0.00063559665  9.7930671e-05  -9.2470839e-05  -6.7549237e-06  0.00058367741  
9.9405875e-06  -3.4494648e-06  -0.00010330647  -1.2792195e-05  -2.6115612e-05  -0.00019704241  -0.00017419067  -0.00016325867  7.0234674e-06  -1.2685121e-05  7.7875827e-05  -2.4417302e-05  -0.00036407145  -1.7118295e-06  -0.00036457355  0.00082609873  -8.6769374e-05  -3.6778840e-05  0.0000000   -0.00010140108  -0.00037451773  0.0011816555  0.00049587638  -9.2304962e-06  -1.8546864e-06  -0.00055366581  3.4541860e-05  -3.7196642e-05  -4.8622406e-06  -4.5251354e-05  -6.2120742e-05  9.9405875e-06  -3.4494648e-06  -0.00010330647  -1.2792195e-05  -2.6115612e-05  -0.00019704241  -0.00017419067  -0.00016325867  7.0234674e-06  -1.2685121e-05  7.7875827e-05  -2.4417302e-05  -0.00036407145  -1.7118295e-06  -0.00036457355  0.00082609873  -8.6769374e-05  -3.6778840e-05  0.0000000   -0.00010140108  -0.00037451773  0.0011816555  0.00049587638  -9.2304962e-06  -1.8546864e-06  -0.00055366581  3.4541860e-05  -3.7196642e-05  -4.8622406e-06  -4.5251354e-05  -6.2120742e-05  
-1.0989796e-05  -5.1670350e-05  -2.9663512e-05  0.00016762936  -0.00010300744  3.5106105e-05  8.4816474e-05  -1.5627981e-05  0.00018325215  7.6551419e-05  0.00038489141  -0.00048864146  -6.0213471e-05  0.00028780661  1.4827115e-05  7.5994291e-05  0.00072749784  -0.0023272884  0.00010140108  0.0000000   -6.4131952e-05  -4.0028427e-05  6.2807677e-05  -0.00088788208  0.00046052135  6.0783459e-06  -0.00013140141  1.3340367e-05  -3.1354671e-05  8.7439801e-07  0.00033301651  -1.0989796e-05  -5.1670350e-05  -2.9663512e-05  0.00016762936  -0.00010300744  3.5106105e-05  8.4816474e-05  -1.5627981e-05  0.00018325215  7.6551419e-05  0.00038489141  -0.00048864146  -6.0213471e-05  0.00028780661  1.4827115e-05  7.5994291e-05  0.00072749784  -0.0023272884  0.00010140108  0.0000000   -6.4131952e-05  -4.0028427e-05  6.2807677e-05  -0.00088788208  0.00046052135  6.0783459e-06  -0.00013140141  1.3340367e-05  -3.1354671e-05  8.7439801e-07  0.00033301651  
8.2195491e-05  -2.0583135e-05  -0.00013573609  -3.2836549e-05  1.0997127e-05  2.1092932e-05  5.7947124e-06  1.0850569e-05  3.5880840e-05  -3.3052292e-05  -1.3949474e-05  -3.6341500e-05  0.00035917390  -1.6924085e-05  -0.00034684244  -0.00038497139  8.7281698e-05  -0.00010104971  0.00037451773  6.4131952e-05  0.0000000   0.00062811274  -0.00023826628  -7.1204314e-05  7.4417340e-05  0.00039441894  -4.0682927e-05  0.00020789302  4.7871679e-05  -0.00029384897  3.5508355e-05  8.2195491e-05  -2.0583135e-05  -0.00013573609  -3.2836549e-05  1.0997127e-05  2.1092932e-05  5.7947124e-06  1.0850569e-05  3.5880840e-05  -3.3052292e-05  -1.3949474e-05  -3.6341500e-05  0.00035917390  -1.6924085e-05  -0.00034684244  -0.00038497139  8.7281698e-05  -0.00010104971  0.00037451773  6.4131952e-05  0.0000000   0.00062811274  -0.00023826628  -7.1204314e-05  7.4417340e-05  0.00039441894  -4.0682927e-05  0.00020789302  4.7871679e-05  -0.00029384897  3.5508355e-05  
-5.9171111e-05  7.6661954e-06  -5.3475639e-05  -9.2861051e-06  -3.3899759e-05  -0.00016339692  -0.00020601858  -8.2926612e-05  -3.1526053e-06  4.8576415e-06  2.5211272e-05  2.4554783e-05  -0.00010198808  -3.0339880e-05  -3.4294463e-05  0.0011978015  -6.4542259e-05  5.6812279e-05  -0.0011816555  4.0028427e-05  -0.00062811274  0.0000000   0.00033269480  4.5984501e-05  4.4640284e-05  0.0011487628  -5.0330655e-05  -9.8416596e-05  -6.2115320e-05  9.1318101e-05  -8.4243855e-06  -5.9171111e-05  7.6661954e-06  -5.3475639e-05  -9.2861051e-06  -3.3899759e-05  -0.00016339692  -0.00020601858  -8.2926612e-05  -3.1526053e-06  4.8576415e-06  2.5211272e-05  2.4554783e-05  -0.00010198808  -3.0339880e-05  -3.4294463e-05  0.0011978015  -6.4542259e-05  5.6812279e-05  -0.0011816555  4.0028427e-05  -0.00062811274  0.0000000   0.00033269480  4.5984501e-05  4.4640284e-05  0.0011487628  -5.0330655e-05  -9.8416596e-05  -6.2115320e-05  9.1318101e-05  -8.4243855e-06  
-2.3973498e-05  6.8546971e-06  4.3990068e-05  4.7974429e-06  -1.9660787e-05  6.0367848e-05  -0.00013820304  6.4434444e-05  1.5087055e-06  5.1236397e-06  2.4101693e-05  1.2888489e-05  -0.00010348246  5.5788901e-06  -3.7960968e-05  0.00062373281  -2.7885713e-05  -3.6732703e-05  -0.00049587638  -6.2807677e-05  0.00023826628  -0.00033269480  0.0000000   -1.1555464e-05  -7.3531760e-05  -0.00019281451  2.0706791e-05  0.00023593915  0.00011622459  0.00017708485  -2.7261806e-05  -2.3973498e-05  6.8546971e-06  4.3990068e-05  4.7974429e-06  -1.9660787e-05  6.0367848e-05  -0.00013820304  6.4434444e-05  1.5087055e-06  5.1236397e-06  2.4101693e-05  1.2888489e-05  -0.00010348246  5.5788901e-06  -3.7960968e-05  0.00062373281  -2.7885713e-05  -3.6732703e-05  -0.00049587638  -6.2807677e-05  0.00023826628  -0.00033269480  0.0000000   -1.1555464e-05  -7.3531760e-05  -0.00019281451  2.0706791e-05  0.00023593915  0.00011622459  0.00017708485  -2.7261806e-05  
-5.4879932e-06  -9.0169195e-06  -4.8548164e-07  5.0087445e-05  0.00018333692  -1.8395567e-05  -3.4284529e-05  2.6441190e-05  4.2486763e-05  -9.6252447e-05  -0.00012368852  -2.4489420e-05  -2.1682946e-05  -0.00012123490  -6.6072469e-06  2.8969780e-05  0.00012686306  0.00036049006  9.2304962e-06  0.00088788208  7.1204314e-05  -4.5984501e-05  1.1555464e-05  0.0000000   0.0027178993  -0.00010296478  0.00035179653  -6.8548924e-05  0.00011014029  1.3116628e-05  9.9563993e-05  -5.4879932e-06  -9.0169195e-06  -4.8548164e-07  5.0087445e-05  0.00018333692  -1.8395567e-05  -3.4284529e-05  2.6441190e-05  4.2486763e-05  -9.6252447e-05  -0.00012368852  -2.4489420e-05  -2.1682946e-05  -0.00012123490  -6.6072469e-06  2.8969780e-05  0.00012686306  0.00036049006  9.2304962e-06  0.00088788208  7.1204314e-05  -4.5984501e-05  1.1555464e-05  0.0000000   0.0027178993  -0.00010296478  0.00035179653  -6.8548924e-05  0.00011014029  1.3116628e-05  9.9563993e-05  
-2.0970980e-05  8.2328591e-05  -2.2037203e-05  2.3451104e-05  -0.00016411950  -4.5863307e-05  -4.8078819e-05  0.00010607246  -0.00017899615  7.4163049e-07  6.6106272e-05  0.00033907404  -2.3813623e-06  -0.00027366502  1.6849531e-06  -1.3022224e-05  4.1403259e-05  -0.00026646114  1.8546864e-06  -0.00046052135  -7.4417340e-05  -4.4640284e-05  7.3531760e-05  -0.0027178993  0.0000000   1.8040833e-05  0.00077227291  -4.3655261e-05  0.00015218156  -7.9133579e-06  0.00031430888  -2.0970980e-05  8.2328591e-05  -2.2037203e-05  2.3451104e-05  -0.00016411950  -4.5863307e-05  -4.8078819e-05  0.00010607246  -0.00017899615  7.4163049e-07  6.6106272e-05  0.00033907404  -2.3813623e-06  -0.00027366502  1.6849531e-06  -1.3022224e-05  4.1403259e-05  -0.00026646114  1.8546864e-06  -0.00046052135  -7.4417340e-05  -4.4640284e-05  7.3531760e-05  -0.0027178993  0.0000000   1.8040833e-05  0.00077227291  -4.3655261e-05  0.00015218156  -7.9133579e-06  0.00031430888  
0.00011934851  -2.0388357e-05  -2.3043400e-05  -1.3313413e-05  2.1434929e-05  0.00017842272  -8.1400065e-05  0.00016871371  2.1761437e-05  -2.6777789e-06  -2.9079872e-05  -6.7980639e-06  0.00027935658  -1.2941764e-05  0.00016593160  -0.00023376590  -1.2252764e-05  7.2462257e-05  0.00055366581  -6.0783459e-06  -0.00039441894  -0.0011487628  0.00019281451  0.00010296478  -1.8040833e-05  0.0000000   -3.3641405e-05  0.00016876793  9.0779883e-05  -0.00011488145  -6.6784508e-05  0.00011934851  -2.0388357e-05  -2.3043400e-05  -1.3313413e-05  2.1434929e-05  0.00017842272  -8.1400065e-05  0.00016871371  2.1761437e-05  -2.6777789e-06  -2.9079872e-05  -6.7980639e-06  0.00027935658  -1.2941764e-05  0.00016593160  -0.00023376590  -1.2252764e-05  7.2462257e-05  0.00055366581  -6.0783459e-06  -0.00039441894  -0.0011487628  0.00019281451  0.00010296478  -1.8040833e-05  0.0000000   -3.3641405e-05  0.00016876793  9.0779883e-05  -0.00011488145  -6.6784508e-05  
-1.5315760e-05  -4.5440459e-05  -6.5461153e-05  0.00017074689  8.7054381e-06  -5.2272081e-05  -3.2574858e-05  8.3130808e-05  0.00018882103  1.1915360e-05  -3.4605177e-05  0.00029456592  3.3175218e-05  0.00019916885  -1.2051540e-05  1.9582018e-05  0.00014620653  0.00063559665  -3.4541860e-05  0.00013140141  4.0682927e-05  5.0330655e-05  -2.0706791e-05  -0.00035179653  -0.00077227291  3.3641405e-05  0.0000000   -0.00075461826  0.0016876269  -1.5813941e-05  0.00077501478  -1.5315760e-05  -4.5440459e-05  -6.5461153e-05  0.00017074689  8.7054381e-06  -5.2272081e-05  -3.2574858e-05  8.3130808e-05  0.00018882103  1.1915360e-05  -3.4605177e-05  0.00029456592  3.3175218e-05  0.00019916885  -1.2051540e-05  1.9582018e-05  0.00014620653  0.00063559665  -3.4541860e-05  0.00013140141  4.0682927e-05  5.0330655e-05  -2.0706791e-05  -0.00035179653  -0.00077227291  3.3641405e-05  0.0000000   -0.00075461826  0.0016876269  -1.5813941e-05  0.00077501478  
3.7980968e-05  2.4669783e-05  -6.5772647e-05  -5.4744543e-05  -6.6098649e-05  2.1935870e-05  -0.00022824336  7.9497693e-05  -9.7847960e-05  -5.3927999e-05  -3.1992411e-05  2.6326751e-05  0.00017955179  -1.8305579e-05  -0.00010408728  -1.0055482e-05  -4.2969198e-06  -9.7930671e-05  3.7196642e-05  -1.3340367e-05  -0.00020789302  9.8416596e-05  -0.00023593915  6.8548924e-05  4.3655261e-05  -0.00016876793  0.00075461826  0.0000000   6.5826093e-05  0.0015299860  0.00063153899  3.7980968e-05  2.4669783e-05  -6.5772647e-05  -5.4744543e-05  -6.6098649e-05  2.1935870e-05  -0.00022824336  7.9497693e-05  -9.7847960e-05  -5.3927999e-05  -3.1992411e-05  2.6326751e-05  0.00017955179  -1.8305579e-05  -0.00010408728  -1.0055482e-05  -4.2969198e-06  -9.7930671e-05  3.7196642e-05  -1.3340367e-05  -0.00020789302  9.8416596e-05  -0.00023593915  6.8548924e-05  4.3655261e-05  -0.00016876793  0.00075461826  0.0000000   6.5826093e-05  0.0015299860  0.00063153899  
7.3254753e-06  -6.5116010e-05  -5.3187241e-05  6.3013132e-05  0.00014207201  -2.3228130e-05  -0.00013131090  9.4134047e-05  0.00016613387  0.00013052701  6.8055390e-05  -7.0858177e-05  6.8537635e-05  1.2855154e-05  -5.2199125e-05  -1.9661277e-05  4.2838636e-05  9.2470839e-05  4.8622406e-06  3.1354671e-05  -4.7871679e-05  6.2115320e-05  -0.00011622459  -0.00011014029  -0.00015218156  -9.0779883e-05  -0.0016876269  -6.5826093e-05  0.0000000   0.00074100685  -0.0013447853  7.3254753e-06  -6.5116010e-05  -5.3187241e-05  6.3013132e-05  0.00014207201  -2.3228130e-05  -0.00013131090  9.4134047e-05  0.00016613387  0.00013052701  6.8055390e-05  -7.0858177e-05  6.8537635e-05  1.2855154e-05  -5.2199125e-05  -1.9661277e-05  4.2838636e-05  9.2470839e-05  4.8622406e-06  3.1354671e-05  -4.7871679e-05  6.2115320e-05  -0.00011622459  -0.00011014029  -0.00015218156  -9.0779883e-05  -0.0016876269  -6.5826093e-05  0.0000000   0.00074100685  -0.0013447853  
-8.5611946e-05  -7.7267659e-06  -0.00011064422  -2.8545792e-05  -7.7592201e-06  -0.00015520146  -4.7493603e-05  -1.7481108e-05  5.1312579e-06  -1.2705867e-05  -4.5699336e-06  -2.5917841e-06  3.8716977e-05  -5.6100767e-06  -3.6849871e-05  -0.00014552488  2.2596550e-05  6.7549237e-06  4.5251354e-05  -8.7439801e-07  0.00029384897  -9.1318101e-05  -0.00017708485  -1.3116628e-05  7.9133579e-06  0.00011488145  1.5813941e-05  -0.0015299860  -0.00074100685  0.0000000   8.9814591e-05  -8.5611946e-05  -7.7267659e-06  -0.00011064422  -2.8545792e-05  -7.7592201e-06  -0.00015520146  -4.7493603e-05  -1.7481108e-05  5.1312579e-06  -1.2705867e-05  -4.5699336e-06  -2.5917841e-06  3.8716977e-05  -5.6100767e-06  -3.6849871e-05  -0.00014552488  2.2596550e-05  6.7549237e-06  4.5251354e-05  -8.7439801e-07  0.00029384897  -9.1318101e-05  -0.00017708485  -1.3116628e-05  7.9133579e-06  0.00011488145  1.5813941e-05  -0.0015299860  -0.00074100685  0.0000000   8.9814591e-05  
-2.8844928e-06  4.0537763e-05  -9.9994852e-07  1.2438993e-06  -1.6404050e-05  1.3406059e-05  1.4567506e-05  -1.2481187e-05  -0.00042641360  5.7452340e-05  2.4645821e-05  0.00025396939  -5.4160773e-06  -0.00015002308  -4.4403781e-06  -2.1761721e-05  -3.1412756e-05  -0.00058367741  6.2120742e-05  -0.00033301651  -3.5508355e-05  8.4243855e-06  2.7261806e-05  -9.9563993e-05  -0.00031430888  6.6784508e-05  -0.00077501478  -0.00063153899  0.0013447853  -8.9814591e-05  0.0000000   -2.8844928e-06  4.0537763e-05  -9.9994852e-07  1.2438993e-06  -1.6404050e-05  1.3406059e-05  1.4567506e-05  -1.2481187e-05  -0.00042641360  5.7452340e-05  2.4645821e-05  0.00025396939  -5.4160773e-06  -0.00015002308  -4.4403781e-06  -2.1761721e-05  -3.1412756e-05  -0.00058367741  6.2120742e-05  -0.00033301651  -3.5508355e-05  8.4243855e-06  2.7261806e-05  -9.9563993e-05  -0.00031430888  6.6784508e-05  -0.00077501478  -0.00063153899  0.0013447853  -8.9814591e-05  0.0000000   
0.0000000   6.4398073e-05  -0.0011559857  -0.00034459699  2.6001094e-05  0.00052992472  7.7094453e-05  -0.00018876433  6.6091397e-07  1.1769554e-06  -1.8638406e-05  -6.4163353e-06  4.1833555e-05  -1.4022110e-05  -3.9696390e-06  7.8788911e-05  4.4814763e-06  -1.4026383e-05  -9.9405875e-06  1.0989796e-05  -8.2195491e-05  5.9171111e-05  2.3973498e-05  5.4879932e-06  2.0970980e-05  -0.00011934851  1.5315760e-05  -3.7980968e-05  -7.3254753e-06  8.5611946e-05  2.8844928e-06  0.0000000   6.4398073e-05  -0.0011559857  -0.00034459699  2.6001094e-05  0.00052992472  7.7094453e-05  -0.00018876433  6.6091397e-07  1.1769554e-06  -1.8638406e-05  -6.4163353e-06  4.1833555e-05  -1.4022110e-05  -3.9696390e-06  7.8788911e-05  4.4814763e-06  -1.4026383e-05  -9.9405875e-06  1.0989796e-05  -8.2195491e-05  5.9171111e-05  2.3973498e-05  5.4879932e-06  2.0970980e-05  -0.00011934851  1.5315760e-05  -3.7980968e-05  -7.3254753e-06  8.5611946e-05  2.8844928e-06  
-6.4398073e-05  0.0000000   -0.00079558757  0.0024647342  -0.0020874977  0.00017490437  -0.00020851448  -4.5540747e-06  0.00052480199  -0.00015508277  -0.00019387287  0.00011035927  2.3496492e-05  0.00022873344  1.2922941e-05  -8.3902067e-07  -7.6704811e-05  0.00014505293  3.4494648e-06  5.1670350e-05  2.0583135e-05  -7.6661954e-06  -6.8546971e-06  9.0169195e-06  -8.2328591e-05  2.0388357e-05  4.5440459e-05  -2.4669783e-05  6.5116010e-05  7.7267659e-06  -4.0537763e-05  -6.4398073e-05  0.0000000   -0.00079558757  0.0024647342  -0.0020874977  0.00017490437  -0.00020851448  -4.5540747e-06  0.00052480199  -0.00015508277  -0.00019387287  0.00011035927  2.3496492e-05  0.00022873344  1.2922941e-05  -8.3902067e-07  -7.6704811e-05  0.00014505293  3.4494648e-06  5.1670350e-05  2.0583135e-05  -7.6661954e-06  -6.8546971e-06  9.0169195e-06  -8.2328591e-05  2.0388357e-05  4.5440459e-05  -2.4669783e-05  6.5116010e-05  7.7267659e-06  -4.0537763e-05  
0.0011559857  0.00079558757  0.0000000   -4.0373302e-05  -0.00034210803  -0.0012158188  -0.00025138270  -0.00017278914  -1.6367138e-05  0.00012206695  7.0547358e-05  -1.0794909e-06  -0.00042582191  7.5614483e-05  0.00030498549  3.0532827e-05  5.1893421e-05  2.5230856e-05  0.00010330647  2.9663512e-05  0.00013573609  5.3475639e-05  -4.3990068e-05  4.8548164e-07  2.2037203e-05  2.3043400e-05  6.5461153e-05  6.5772647e-05  5.3187241e-05  0.00011064422  9.9994852e-07  0.0011559857  0.00079558757  0.0000000   -4.0373302e-05  -0.00034210803  -0.0012158188  -0.00025138270  -0.00017278914  -1.6367138e-05  0.00012206695  7.0547358e-05  -1.0794909e-06  -0.00042582191  7.5614483e-05  0.00030498549  3.0532827e-05  5.1893421e-05  2.5230856e-05  0.00010330647  2.9663512e-05  0.00013573609  5.3475639e-05  -4.3990068e-05  4.8548164e-07  2.2037203e-05  2.3043400e-05  6.5461153e-05  6.5772647e-05  5.3187241e-05  0.00011064422  9.9994852e-07  
0.00034459699  -0.0024647342  4.0373302e-05  0.0000000   0.00091369250  -0.00058233958  -0.00047759615  0.00017114519  -0.00013261129  -0.00033859342  -3.8507887e-05  4.6265892e-05  -0.00018036750  -0.00014611944  0.00012080010  4.6518211e-06  -0.00014881093  -8.4816821e-05  1.2792195e-05  -0.00016762936  3.2836549e-05  9.2861051e-06  -4.7974429e-06  -5.0087445e-05  -2.3451104e-05  1.3313413e-05  -0.00017074689  5.4744543e-05  -6.3013132e-05  2.8545792e-05  -1.2438993e-06  0.00034459699  -0.0024647342  4.0373302e-05  0.0000000   0.00091369250  -0.00058233958  -0.00047759615  0.00017114519  -0.00013261129  -0.00033859342  -3.8507887e-05  4.6265892e-05  -0.00018036750  -0.00014611944  0.00012080010  4.6518211e-06  -0.00014881093  -8.4816821e-05  1.2792195e-05  -0.00016762936  3.2836549e-05  9.2861051e-06  -4.7974429e-06  -5.0087445e-05  -2.3451104e-05  1.3313413e-05  -0.00017074689  5.4744543e-05  -6.3013132e-05  2.8545792e-05  -1.2438993e-06  
-2.6001094e-05  0.0020874977  0.00034210803  -0.00091369250  0.0000000   0.00032167325  -0.00024258073  -0.00078876014  -0.0011495947  0.00037208601  0.00028634189  0.00042437751  0.00010407293  0.00044630905  7.6696893e-06  1.5711896e-05  5.4896772e-06  -0.00013662731  2.6115612e-05  0.00010300744  -1.0997127e-05  3.3899759e-05  1.9660787e-05  -0.00018333692  0.00016411950  -2.1434929e-05  -8.7054381e-06  6.6098649e-05  -0.00014207201  7.7592201e-06  1.6404050e-05  -2.6001094e-05  0.0020874977  0.00034210803  -0.00091369250  0.0000000   0.00032167325  -0.00024258073  -0.00078876014  -0.0011495947  0.00037208601  0.00028634189  0.00042437751  0.00010407293  0.00044630905  7.6696893e-06  1.5711896e-05  5.4896772e-06  -0.00013662731  2.6115612e-05  0.00010300744  -1.0997127e-05  3.3899759e-05  1.9660787e-05  -0.00018333692  0.00016411950  -2.1434929e-05  -8.7054381e-06  6.6098649e-05  -0.00014207201  7.7592201e-06  1.6404050e-05  
-0.00052992472  -0.00017490437  0.0012158188  0.00058233958  -0.00032167325  0.0000000   -0.0061403281  -0.0022126047  -5.5382391e-05  -4.7800060e-05  -1.7336756e-05  -0.00011560634  0.00022959576  -0.00012183779  -7.6870376e-05  9.2805195e-05  6.4343876e-05  1.6036689e-05  0.00019704241  -3.5106105e-05  -2.1092932e-05  0.00016339692  -6.0367848e-05  1.8395567e-05  4.5863307e-05  -0.00017842272  5.2272081e-05  -2.1935870e-05  2.3228130e-05  0.00015520146  -1.3406059e-05  -0.00052992472  -0.00017490437  0.0012158188  0.00058233958  -0.00032167325  0.0000000   -0.0061403281  -0.0022126047  -5.5382391e-05  -4.7800060e-05  -1.7336756e-05  -0.00011560634  0.00022959576  -0.00012183779  -7.6870376e-05  9.2805195e-05  6.4343876e-05  1.6036689e-05  0.00019704241  -3.5106105e-05  -2.1092932e-05  0.00016339692  -6.0367848e-05  1.8395567e-05  4.5863307e-05  -0.00017842272  5.2272081e-05  -2.1935870e-05  2.3228130e-05  0.00015520146  -1.3406059e-05  
-7.7094453e-05  0.00020851448  0.00025138270  0.00047759615  0.00024258073  0.0061403281  0.0000000   -0.013684931  -0.00040931249  0.00031772721  -0.00018219693  -0.00010276746  8.3143216e-05  -0.00017075630  -0.00020173027  8.8076042e-05  7.9559561e-05  8.7685522e-05  0.00017419067  -8.4816474e-05  -5.7947124e-06  0.00020601858  0.00013820304  3.4284529e-05  4.8078819e-05  8.1400065e-05  3.2574858e-05  0.00022824336  0.00013131090  4.7493603e-05  -1.4567506e-05  -7.7094453e-05  0.00020851448  0.00025138270  0.00047759615  0.00024258073  0.0061403281  0.0000000   -0.013684931  -0.00040931249  0.00031772721  -0.00018219693  -0.00010276746  8.3143216e-05  -0.00017075630  -0.00020173027  8.8076042e-05  7.9559561e-05  8.7685522e-05  0.00017419067  -8.4816474e-05  -5.7947124e-06  0.00020601858  0.00013820304  3.4284529e-05  4.8078819e-05  8.1400065e-05  3.2574858e-05  0.00022824336  0.00013131090  4.7493603e-05  -1.4567506e-05  
0.00018876433  4.5540747e-06  0.00017278914  -0.00017114519  0.00078876014  0.0022126047  0.013684931  0.0000000   9.0041353e-05  0.00012779448  -6.6166138e-05  0.00014970858  -0.00021814020  0.00015376839  -0.00026604834  0.00015462075  -0.00015900894  5.3882862e-05  0.00016325867  1.5627981e-05  -1.0850569e-05  8.2926612e-05  -6.4434444e-05  -2.6441190e-05  -0.00010607246  -0.00016871371  -8.3130808e-05  -7.9497693e-05  -9.4134047e-05  1.7481108e-05  1.2481187e-05  0.00018876433  4.5540747e-06  0.00017278914  -0.00017114519  0.00078876014  0.0022126047  0.013684931  0.0000000   9.0041353e-05  0.00012779448  -6.6166138e-05  0.00014970858  -0.00021814020  0.00015376839  -0.00026604834  0.00015462075  -0.00015900894  5.3882862e-05  0.00016325867  1.5627981e-05  -1.0850569e-05  8.2926612e-05  -6.4434444e-05  -2.6441190e-05  -0.00010607246  -0.00016871371  -8.3130808e-05  -7.9497693e-05  -9.4134047e-05  1.7481108e-05  1.2481187e-05  
-6.6091397e-07  -0.00052480199  1.6367138e-05  0.00013261129  0.0011495947  5.5382391e-05  0.00040931249  -9.0041353e-05  0.0000000   -0.00043345576  -0.0012390260  -0.00067925502  -0.00015502410  -0.00035608582  -3.2823220e-05  2.4009436e-05  -3.7894321e-05  -0.00040119399  -7.0234674e-06  -0.00018325215  -3.5880840e-05  3.1526053e-06  -1.5087055e-06  -4.2486763e-05  0.00017899615  -2.1761437e-05  -0.00018882103  9.7847960e-05  -0.00016613387  -5.1312579e-06  0.00042641360  -6.6091397e-07  -0.00052480199  1.6367138e-05  0.00013261129  0.0011495947  5.5382391e-05  0.00040931249  -9.0041353e-05  0.0000000   -0.00043345576  -0.0012390260  -0.00067925502  -0.00015502410  -0.00035608582  -3.2823220e-05  2.4009436e-05  -3.7894321e-05  -0.00040119399  -7.0234674e-06  -0.00018325215  -3.5880840e-05  3.1526053e-06  -1.5087055e-06  -4.2486763e-05  0.00017899615  -2.1761437e-05  -0.00018882103  9.7847960e-05  -0.00016613387  -5.1312579e-06  0.00042641360  
-1.1769554e-06  0.00015508277  -0.00012206695  0.00033859342  -0.00037208601  4.7800060e-05  -0.00031772721  -0.00012779448  0.00043345576  0.0000000   0.0020132823  0.00043919711  0.00020180921  0.00073601869  -1.0024975e-05  5.3669250e-06  -0.00015613190  0.00014540947  1.2685121e-05  -7.6551419e-05  3.3052292e-05  -4.8576415e-06  -5.1236397e-06  9.6252447e-05  -7.4163049e-07  2.6777789e-06  -1.1915360e-05  5.3927999e-05  -0.00013052701  1.2705867e-05  -5.7452340e-05  -1.1769554e-06  0.00015508277  -0.00012206695  0.00033859342  -0.00037208601  4.7800060e-05  -0.00031772721  -0.00012779448  0.00043345576  0.0000000   0.0020132823  0.00043919711  0.00020180921  0.00073601869  -1.0024975e-05  5.3669250e-06  -0.00015613190  0.00014540947  1.2685121e-05  -7.6551419e-05  3.3052292e-05  -4.8576415e-06  -5.1236397e-06  9.6252447e-05  -7.4163049e-07  2.6777789e-06  -1.1915360e-05  5.3927999e-05  -0.00013052701  1.2705867e-05  -5.7452340e-05  
1.8638406e-05  0.00019387287  -7.0547358e-05  3.8507887e-05  -0.00028634189  1.7336756e-05  0.00018219693  6.6166138e-05  0.0012390260  -0.0020132823  0.0000000   0.00048850784  -5.5338390e-05  -0.0010361076  -0.00013567170  -4.0652012e-05  -0.00034001727  0.00059989233  -7.7875827e-05  -0.00038489141  1.3949474e-05  -2.5211272e-05  -2.4101693e-05  0.00012368852  -6.6106272e-05  2.9079872e-05  3.4605177e-05  3.1992411e-05  -6.8055390e-05  4.5699336e-06  -2.4645821e-05  1.8638406e-05  0.00019387287  -7.0547358e-05  3.8507887e-05  -0.00028634189  1.7336756e-05  0.00018219693  6.6166138e-05  0.0012390260  -0.0020132823  0.0000000   0.00048850784  -5.5338390e-05  -0.0010361076  -0.00013567170  -4.0652012e-05  -0.00034001727  0.00059989233  -7.7875827e-05  -0.00038489141  1.3949474e-05  -2.5211272e-05  -2.4101693e-05  0.00012368852  -6.6106272e-05  2.9079872e-05  3.4605177e-05  3.1992411e-05  -6.8055390e-05  4.5699336e-06  -2.4645821e-05  
