0.0000000   3.2896851e-05  -2.5331296e-05  -0.00098895496  -0.00016963022  0.00017782284  -2.2742366e-05  0.00042120803  -3.5549867e-06  -2.3865124e-05  -0.00018791338  2.3234802e-05  -3.1458356e-06  9.7263862e-05  1.6545897e-05  0.00013381279  -0.00020002079  3.0173907e-05  -2.0766001e-05  1.7645912e-05  -4.6644271e-05  1.5692753e-05  1.7765299e-05  0.00019883624  1.4496697e-05  -8.0723381e-06  1.0450776e-05  6.2485527e-07  1.5067559e-05  1.1733204e-05  -1.7965827e-06  0.0000000   3.2896851e-05  -2.5331296e-05  -0.00098895496  -0.00016963022  0.00017782284  -2.2742366e-05  0.00042120803  -3.5549867e-06  -2.3865124e-05  -0.00018791338  2.3234802e-05  -3.1458356e-06  9.7263862e-05  1.6545897e-05  0.00013381279  -0.00020002079  3.0173907e-05  -2.0766001e-05  1.7645912e-05  -4.6644271e-05  1.5692753e-05  1.7765299e-05  0.00019883624  1.4496697e-05  -8.0723381e-06  1.0450776e-05  6.2485527e-07  1.5067559e-05  1.1733204e-05  -1.7965827e-06  
-3.2896851e-05  0.0000000   -0.0011312641  0.00015327142  -7.6640676e-05  -2.9277630e-05  -0.0012167715  -7.6835485e-05  8.4665168e-05  0.00023311026  -0.00025731284  0.00026140185  -0.00035135031  -3.4952702e-05  -9.4302909e-06  1.8516584e-05  2.3274121e-05  0.00010179823  -0.00010920739  -1.5986764e-06  3.5155449e-06  0.00024140952  -0.00012806626  1.0580974e-05  6.5550897e-05  -2.7490518e-05  -4.0308576e-05  5.1347748e-05  6.4472393e-05  1.6140683e-05  -4.7262986e-05  -3.2896851e-05  0.0000000   -0.0011312641  0.00015327142  -7.6640676e-05  -2.9277630e-05  -0.0012167715  -7.6835485e-05  8.4665168e-05  0.00023311026  -0.00025731284  0.00026140185  -0.00035135031  -3.4952702e-05  -9.4302909e-06  1.8516584e-05  2.3274121e-05  0.00010179823  -0.00010920739  -1.5986764e-06  3.5155449e-06  0.00024140952  -0.00012806626  1.0580974e-05  6.5550897e-05  -2.7490518e-05  -4.0308576e-05  5.1347748e-05  6.4472393e-05  1.6140683e-05  -4.7262986e-05  
2.5331296e-05  0.0011312641  0.0000000   0.00014692876  5.5089812e-05  5.7571312e-05  0.0014241124  8.2016338e-05  -1.9313785e-05  -0.00017455102  0.00010165910  -0.00012329002  -0.00010556959  3.2312553e-05  -0.00019783982  3.3278635e-05  1.3893387e-05  0.00032135961  0.00022544172  2.4366829e-05  -1.0411531e-05  1.8956964e-05  0.00010137819  -1.8910431e-05  -0.00010697770  1.7672448e-05  -6.0253197e-06  -0.00012018796  0.00016800720  -9.6911745e-07  0.00016122531  2.5331296e-05  0.0011312641  0.0000000   0.00014692876  5.5089812e-05  5.7571312e-05  0.0014241124  8.2016338e-05  -1.9313785e-05  -0.00017455102  0.00010165910  -0.00012329002  -0.00010556959  3.2312553e-05  -0.00019783982  3.3278635e-05  1.3893387e-05  0.00032135961  0.00022544172  2.4366829e-05  -1.0411531e-05  1.8956964e-05  0.00010137819  -1.8910431e-05  -0.00010697770  1.7672448e-05  -6.0253197e-06  -0.00012018796  0.00016800720  -9.6911745e-07  0.00016122531  
0.00098895496  -0.00015327142  -0.00014692876  0.0000000   0.0037876627  -0.00070998982  -1.0981454e-05  0.0011471324  0.00016555354  -0.00030553481  0.00044188997  -6.3001329e-05  1.5610732e-05  -2.7700412e-05  -4.8257140e-06  -3.1671670e-05  -6.2294426e-05  -9.6491076e-06  2.1593679e-05  3.5694153e-05  -0.00016777300  2.7065200e-05  6.9049761e-06  -1.9320112e-05  -1.5116011e-05  -0.00010879117  8.9831835e-05  3.8972641e-06  -7.7256650e-06  5.5847500e-05  8.1366587e-06  0.00098895496  -0.00015327142  -0.00014692876  0.0000000   0.0037876627  -0.00070998982  -1.0981454e-05  0.0011471324  0.00016555354  -0.00030553481  0.00044188997  -6.3001329e-05  1.5610732e-05  -2.7700412e-05  -4.8257140e-06  -3.1671670e-05  -6.2294426e-05  -9.6491076e-06  2.1593679e-05  3.5694153e-05  -0.00016777300  2.7065200e-05  6.9049761e-06  -1.9320112e-05  -1.5116011e-05  -0.00010879117  8.9831835e-05  3.8972641e-06  -7.7256650e-06  5.5847500e-05  8.1366587e-06  
0.00016963022  7.6640676e-05  -5.5089812e-05  -0.0037876627  0.0000000   -0.00019366061  4.2463151e-05  -0.00010384796  6.6937407e-05  -0.00036091087  3.5206116e-06  2.4769789e-05  -2.6060990e-05  0.00015386705  -2.5184683e-05  -4.0610360e-05  0.00014385372  1.9926764e-05  1.0179085e-05  -0.00035049059  7.1053457e-05  -2.0740690e-07  -4.8750504e-06  -0.00010952130  7.7610464e-06  0.00012794875  0.00016865406  -2.7429828e-05  3.3130754e-05  -0.00011853650  -4.9587498e-06  0.00016963022  7.6640676e-05  -5.5089812e-05  -0.0037876627  0.0000000   -0.00019366061  4.2463151e-05  -0.00010384796  6.6937407e-05  -0.00036091087  3.5206116e-06  2.4769789e-05  -2.6060990e-05  0.00015386705  -2.5184683e-05  -4.0610360e-05  0.00014385372  1.9926764e-05  1.0179085e-05  -0.00035049059  7.1053457e-05  -2.0740690e-07  -4.8750504e-06  -0.00010952130  7.7610464e-06  0.00012794875  0.00016865406  -2.7429828e-05  3.3130754e-05  -0.00011853650  -4.9587498e-06  
-0.00017782284  2.9277630e-05  -5.7571312e-05  0.00070998982  0.00019366061  0.0000000   -4.1076999e-05  -0.0011997344  -0.00031934299  0.00012023321  -0.00020334482  1.0767561e-07  -1.1119885e-05  0.00031880230  5.6020083e-05  0.00015513522  0.00023099677  -6.6078471e-06  9.6561744e-07  1.5797248e-05  0.00010150527  6.3145016e-06  9.2519074e-06  3.0687577e-05  -8.3246433e-07  -9.8904584e-05  -4.7936914e-05  8.2214458e-06  -7.5363695e-06  -5.3939986e-05  2.1898902e-06  -0.00017782284  2.9277630e-05  -5.7571312e-05  0.00070998982  0.00019366061  0.0000000   -4.1076999e-05  -0.0011997344  -0.00031934299  0.00012023321  -0.00020334482  1.0767561e-07  -1.1119885e-05  0.00031880230  5.6020083e-05  0.00015513522  0.00023099677  -6.6078471e-06  9.6561744e-07  1.5797248e-05  0.00010150527  6.3145016e-06  9.2519074e-06  3.0687577e-05  -8.3246433e-07  -9.8904584e-05  -4.7936914e-05  8.2214458e-06  -7.5363695e-06  -5.3939986e-05  2.1898902e-06  
2.2742366e-05  0.0012167715  -0.0014241124  1.0981454e-05  -4.2463151e-05  4.1076999e-05  0.0000000   0.00067113345  -0.0042238560  -0.00015790926  0.00035092158  -0.00048452705  0.00012417993  -6.2438714e-07  0.00019866967  -7.8855498e-05  4.4072126e-05  0.00033000017  0.00021386048  3.2923570e-05  -6.9355897e-06  0.00031975763  0.00015051085  -3.0376322e-05  0.00010408498  -1.9673298e-05  2.7496105e-05  0.00015435645  -0.00015968120  -3.9958361e-05  0.00026708118  2.2742366e-05  0.0012167715  -0.0014241124  1.0981454e-05  -4.2463151e-05  4.1076999e-05  0.0000000   0.00067113345  -0.0042238560  -0.00015790926  0.00035092158  -0.00048452705  0.00012417993  -6.2438714e-07  0.00019866967  -7.8855498e-05  4.4072126e-05  0.00033000017  0.00021386048  3.2923570e-05  -6.9355897e-06  0.00031975763  0.00015051085  -3.0376322e-05  0.00010408498  -1.9673298e-05  2.7496105e-05  0.00015435645  -0.00015968120  -3.9958361e-05  0.00026708118  
-0.00042120803  7.6835485e-05  -8.2016338e-05  -0.0011471324  0.00010384796  0.0011997344  -0.00067113345  0.0000000   -0.00014341831  -3.2679840e-05  -0.00061979623  1.4806623e-05  -7.0772881e-05  0.00066911157  5.8249072e-05  6.4241867e-07  0.00028980914  -1.8395540e-05  2.5708196e-05  0.00013689591  0.00037242020  -1.2295604e-05  -5.3037046e-06  -0.00013741303  7.8485809e-07  0.00014210327  -0.00031533864  4.0152439e-05  4.0545974e-06  -0.00016631355  2.2751639e-05  -0.00042120803  7.6835485e-05  -8.2016338e-05  -0.0011471324  0.00010384796  0.0011997344  -0.00067113345  0.0000000   -0.00014341831  -3.2679840e-05  -0.00061979623  1.4806623e-05  -7.0772881e-05  0.00066911157  5.8249072e-05  6.4241867e-07  0.00028980914  -1.8395540e-05  2.5708196e-05  0.00013689591  0.00037242020  -1.2295604e-05  -5.3037046e-06  -0.00013741303  7.8485809e-07  0.00014210327  -0.00031533864  4.0152439e-05  4.0545974e-06  -0.00016631355  2.2751639e-05  
3.5549867e-06  -8.4665168e-05  1.9313785e-05  -0.00016555354  -6.6937407e-05  0.00031934299  0.0042238560  0.00014341831  0.0000000   0.00044853965  -0.00057828841  0.00015519867  0.00012188066  0.00013042259  -4.7351744e-05  3.3307505e-05  -7.3587638e-06  9.7465609e-05  -7.1970092e-05  4.8871283e-05  6.9301354e-05  7.0668458e-05  -1.4031854e-05  -4.6191646e-05  1.2694430e-05  1.2115409e-05  -0.00010583032  -0.00011584794  7.4674711e-05  -2.7875422e-05  -0.00011384016  3.5549867e-06  -8.4665168e-05  1.9313785e-05  -0.00016555354  -6.6937407e-05  0.00031934299  0.0042238560  0.00014341831  0.0000000   0.00044853965  -0.00057828841  0.00015519867  0.00012188066  0.00013042259  -4.7351744e-05  3.3307505e-05  -7.3587638e-06  9.7465609e-05  -7.1970092e-05  4.8871283e-05  6.9301354e-05  7.0668458e-05  -1.4031854e-05  -4.6191646e-05  1.2694430e-05  1.2115409e-05  -0.00010583032  -0.00011584794  7.4674711e-05  -2.7875422e-05  -0.00011384016  
2.3865124e-05  -0.00023311026  0.00017455102  0.00030553481  0.00036091087  -0.00012023321  0.00015790926  3.2679840e-05  -0.00044853965  0.0000000   -0.017139757  0.00083652684  -0.00030823937  0.00020358108  -8.6163670e-06  0.00016851855  -0.00042054800  3.4462368e-06  -2.9870737e-05  3.9175367e-05  -2.4849939e-05  7.9327845e-05  7.1977049e-05  7.2465762e-05  4.2461907e-05  0.00020897615  -0.00018529142  -3.5096857e-05  9.9350217e-05  0.00010604475  2.0033144e-05  2.3865124e-05  -0.00023311026  0.00017455102  0.00030553481  0.00036091087  -0.00012023321  0.00015790926  3.2679840e-05  -0.00044853965  0.0000000   -0.017139757  0.00083652684  -0.00030823937  0.00020358108  -8.6163670e-06  0.00016851855  -0.00042054800  3.4462368e-06  -2.9870737e-05  3.9175367e-05  -2.4849939e-05  7.9327845e-05  7.1977049e-05  7.2465762e-05  4.2461907e-05  0.00020897615  -0.00018529142  -3.5096857e-05  9.9350217e-05  0.00010604475  2.0033144e-05  
0.00018791338  0.00025731284  -0.00010165910  -0.00044188997  -3.5206116e-06  0.00020334482  -0.00035092158  0.00061979623  0.00057828841  0.017139757  0.0000000   -0.00014381334  0.00039921225  -0.00030351232  -0.00011087479  0.00049580793  -0.00038392581  1.3445391e-05  -5.5363019e-06  1.3273875e-05  -0.00012318237  2.2636226e-05  1.1952381e-05  -7.0769848e-05  3.6111875e-05  0.00029379052  0.00012576706  -1.1219058e-05  -1.0289792e-05  -8.3144794e-05  4.6251929e-05  0.00018791338  0.00025731284  -0.00010165910  -0.00044188997  -3.5206116e-06  0.00020334482  -0.00035092158  0.00061979623  0.00057828841  0.017139757  0.0000000   -0.00014381334  0.00039921225  -0.00030351232  -0.00011087479  0.00049580793  -0.00038392581  1.3445391e-05  -5.5363019e-06  1.3273875e-05  -0.00012318237  2.2636226e-05  1.1952381e-05  -7.0769848e-05  3.6111875e-05  0.00029379052  0.00012576706  -1.1219058e-05  -1.0289792e-05  -8.3144794e-05  4.6251929e-05  
-2.3234802e-05  -0.00026140185  0.00012329002  6.3001329e-05  -2.4769789e-05  -1.0767561e-07  0.00048452705  -1.4806623e-05  -0.00015519867  -0.00083652684  0.00014381334  0.0000000   -6.4746271e-05  0.00011208924  0.00019686590  1.2260622e-05  -0.00010165086  -0.00016153012  0.00042235748  2.1417146e-05  5.1901174e-06  0.00020747424  2.8426418e-05  -8.7793069e-06  7.9963465e-05  -2.1887411e-05  2.2644290e-05  5.8741109e-05  -4.2904972e-05  1.6534383e-07  3.7057004e-05  -2.3234802e-05  -0.00026140185  0.00012329002  6.3001329e-05  -2.4769789e-05  -1.0767561e-07  0.00048452705  -1.4806623e-05  -0.00015519867  -0.00083652684  0.00014381334  0.0000000   -6.4746271e-05  0.00011208924  0.00019686590  1.2260622e-05  -0.00010165086  -0.00016153012  0.00042235748  2.1417146e-05  5.1901174e-06  0.00020747424  2.8426418e-05  -8.7793069e-06  7.9963465e-05  -2.1887411e-05  2.2644290e-05  5.8741109e-05  -4.2904972e-05  1.6534383e-07  3.7057004e-05  
3.1458356e-06  0.00035135031  0.00010556959  -1.5610732e-05  2.6060990e-05  1.1119885e-05  -0.00012417993  7.0772881e-05  -0.00012188066  0.00030823937  -0.00039921225  6.4746271e-05  0.0000000   -0.00027898053  0.0018445915  -0.00023294993  0.00010209957  -0.00012580071  -0.00055095983  -3.4040774e-05  -4.7699338e-08  -0.00034150259  0.00016496182  1.3707043e-05  -6.8595033e-06  8.1364292e-05  -3.7990034e-05  -0.00023351340  -7.4924876e-05  -7.7047116e-06  0.00011340155  3.1458356e-06  0.00035135031  0.00010556959  -1.5610732e-05  2.6060990e-05  1.1119885e-05  -0.00012417993  7.0772881e-05  -0.00012188066  0.00030823937  -0.00039921225  6.4746271e-05  0.0000000   -0.00027898053  0.0018445915  -0.00023294993  0.00010209957  -0.00012580071  -0.00055095983  -3.4040774e-05  -4.7699338e-08  -0.00034150259  0.00016496182  1.3707043e-05  -6.8595033e-06  8.1364292e-05  -3.7990034e-05  -0.00023351340  -7.4924876e-05  -7.7047116e-06  0.00011340155  
-9.7263862e-05  3.4952702e-05  -3.2312553e-05  2.7700412e-05  -0.00015386705  -0.00031880230  6.2438714e-07  -0.00066911157  -0.00013042259  -0.00020358108  0.00030351232  -0.00011208924  0.00027898053  0.0000000   0.00039498074  0.0042361026  0.00078466168  -0.00012549258  -2.2078148e-05  0.00010485245  -0.00045163465  3.4424542e-05  3.0891638e-05  -9.9185214e-06  -5.1056750e-05  -0.00028424803  0.00022569326  -8.7610681e-06  2.5264157e-05  1.2364510e-05  3.6489886e-05  -9.7263862e-05  3.4952702e-05  -3.2312553e-05  2.7700412e-05  -0.00015386705  -0.00031880230  6.2438714e-07  -0.00066911157  -0.00013042259  -0.00020358108  0.00030351232  -0.00011208924  0.00027898053  0.0000000   0.00039498074  0.0042361026  0.00078466168  -0.00012549258  -2.2078148e-05  0.00010485245  -0.00045163465  3.4424542e-05  3.0891638e-05  -9.9185214e-06  -5.1056750e-05  -0.00028424803  0.00022569326  -8.7610681e-06  2.5264157e-05  1.2364510e-05  3.6489886e-05  
-1.6545897e-05  9.4302909e-06  0.00019783982  4.8257140e-06  2.5184683e-05  -5.6020083e-05  -0.00019866967  -5.8249072e-05  4.7351744e-05  8.6163670e-06  0.00011087479  -0.00019686590  -0.0018445915  -0.00039498074  0.0000000   0.00055120574  0.00039771295  0.00039718952  -8.9006750e-05  -6.1063418e-05  -1.1643226e-05  -4.9929832e-05  -0.00013522598  4.7238959e-05  5.3756540e-05  -4.9200495e-05  4.7245433e-06  -0.00011521142  -0.00014114384  -9.9106710e-07  -0.00022877220  -1.6545897e-05  9.4302909e-06  0.00019783982  4.8257140e-06  2.5184683e-05  -5.6020083e-05  -0.00019866967  -5.8249072e-05  4.7351744e-05  8.6163670e-06  0.00011087479  -0.00019686590  -0.0018445915  -0.00039498074  0.0000000   0.00055120574  0.00039771295  0.00039718952  -8.9006750e-05  -6.1063418e-05  -1.1643226e-05  -4.9929832e-05  -0.00013522598  4.7238959e-05  5.3756540e-05  -4.9200495e-05  4.7245433e-06  -0.00011521142  -0.00014114384  -9.9106710e-07  -0.00022877220  
-0.00013381279  -1.8516584e-05  -3.3278635e-05  3.1671670e-05  4.0610360e-05  -0.00015513522  7.8855498e-05  -6.4241867e-07  -3.3307505e-05  -0.00016851855  -0.00049580793  -1.2260622e-05  0.00023294993  -0.0042361026  -0.00055120574  0.0000000   0.0041484483  -0.00022438018  0.00014346465  -0.00033315159  0.00023886032  1.2791902e-05  9.7124469e-05  0.00037904735  2.1035965e-05  0.00022717255  -0.00023400802  6.2805693e-05  1.4048408e-05  -5.0751716e-05  1.5009297e-05  -0.00013381279  -1.8516584e-05  -3.3278635e-05  3.1671670e-05  4.0610360e-05  -0.00015513522  7.8855498e-05  -6.4241867e-07  -3.3307505e-05  -0.00016851855  -0.00049580793  -1.2260622e-05  0.00023294993  -0.0042361026  -0.00055120574  0.0000000   0.0041484483  -0.00022438018  0.00014346465  -0.00033315159  0.00023886032  1.2791902e-05  9.7124469e-05  0.00037904735  2.1035965e-05  0.00022717255  -0.00023400802  6.2805693e-05  1.4048408e-05  -5.0751716e-05  1.5009297e-05  
0.00020002079  -2.3274121e-05  -1.3893387e-05  6.2294426e-05  -0.00014385372  -0.00023099677  -4.4072126e-05  -0.00028980914  7.3587638e-06  0.00042054800  0.00038392581  0.00010165086  -0.00010209957  -0.00078466168  -0.00039771295  -0.0041484483  0.0000000   8.7495538e-06  3.1219427e-05  0.0012488912  -0.00016059541  1.5886832e-05  -3.5645239e-05  -0.00023073206  6.5233389e-05  0.00041906580  3.4972088e-05  1.8133145e-05  -3.1829307e-06  -0.00026400905  -2.2132010e-05  0.00020002079  -2.3274121e-05  -1.3893387e-05  6.2294426e-05  -0.00014385372  -0.00023099677  -4.4072126e-05  -0.00028980914  7.3587638e-06  0.00042054800  0.00038392581  0.00010165086  -0.00010209957  -0.00078466168  -0.00039771295  -0.0041484483  0.0000000   8.7495538e-06  3.1219427e-05  0.0012488912  -0.00016059541  1.5886832e-05  -3.5645239e-05  -0.00023073206  6.5233389e-05  0.00041906580  3.4972088e-05  1.8133145e-05  -3.1829307e-06  -0.00026400905  -2.2132010e-05  
-3.0173907e-05  -0.00010179823  -0.00032135961  9.6491076e-06  -1.9926764e-05  6.6078471e-06  -0.00033000017  1.8395540e-05  -9.7465609e-05  -3.4462368e-06  -1.3445391e-05  0.00016153012  0.00012580071  0.00012549258  -0.00039718952  0.00022438018  -8.7495538e-06  0.0000000   0.00071386596  -6.0003288e-05  -1.8301722e-05  0.00061631330  -0.00024223570  3.8896043e-05  3.4325330e-05  -7.2442323e-06  2.6951556e-05  0.00022379896  8.4664112e-06  1.7568320e-05  0.00020916485  -3.0173907e-05  -0.00010179823  -0.00032135961  9.6491076e-06  -1.9926764e-05  6.6078471e-06  -0.00033000017  1.8395540e-05  -9.7465609e-05  -3.4462368e-06  -1.3445391e-05  0.00016153012  0.00012580071  0.00012549258  -0.00039718952  0.00022438018  -8.7495538e-06  0.0000000   0.00071386596  -6.0003288e-05  -1.8301722e-05  0.00061631330  -0.00024223570  3.8896043e-05  3.4325330e-05  -7.2442323e-06  2.6951556e-05  0.00022379896  8.4664112e-06  1.7568320e-05  0.00020916485  
2.0766001e-05  0.00010920739  -0.00022544172  -2.1593679e-05  -1.0179085e-05  -9.6561744e-07  -0.00021386048  -2.5708196e-05  7.1970092e-05  2.9870737e-05  5.5363019e-06  -0.00042235748  0.00055095983  2.2078148e-05  8.9006750e-05  -0.00014346465  -3.1219427e-05  -0.00071386596  0.0000000   -3.7796475e-05  5.3973899e-05  0.0011171936  0.00042993418  -2.4283909e-05  -0.00017445364  -1.1876222e-05  -6.8993592e-06  4.3040239e-05  -2.5710183e-05  -1.8952527e-05  -2.9990740e-05  2.0766001e-05  0.00010920739  -0.00022544172  -2.1593679e-05  -1.0179085e-05  -9.6561744e-07  -0.00021386048  -2.5708196e-05  7.1970092e-05  2.9870737e-05  5.5363019e-06  -0.00042235748  0.00055095983  2.2078148e-05  8.9006750e-05  -0.00014346465  -3.1219427e-05  -0.00071386596  0.0000000   -3.7796475e-05  5.3973899e-05  0.0011171936  0.00042993418  -2.4283909e-05  -0.00017445364  -1.1876222e-05  -6.8993592e-06  4.3040239e-05  -2.5710183e-05  -1.8952527e-05  -2.9990740e-05  
-1.7645912e-05  1.5986764e-06  -2.4366829e-05  -3.5694153e-05  0.00035049059  -1.5797248e-05  -3.2923570e-05  -0.00013689591  -4.8871283e-05  -3.9175367e-05  -1.3273875e-05  -2.1417146e-05  3.4040774e-05  -0.00010485245  6.1063418e-05  0.00033315159  -0.0012488912  6.0003288e-05  3.7796475e-05  0.0000000   0.0025199618  -0.00011252398  -9.5507644e-06  -0.00047687601  -5.8981432e-05  -0.00021255054  0.00032459940  -3.3833544e-05  1.3188522e-05  -0.00015808227  3.3901241e-05  -1.7645912e-05  1.5986764e-06  -2.4366829e-05  -3.5694153e-05  0.00035049059  -1.5797248e-05  -3.2923570e-05  -0.00013689591  -4.8871283e-05  -3.9175367e-05  -1.3273875e-05  -2.1417146e-05  3.4040774e-05  -0.00010485245  6.1063418e-05  0.00033315159  -0.0012488912  6.0003288e-05  3.7796475e-05  0.0000000   0.0025199618  -0.00011252398  -9.5507644e-06  -0.00047687601  -5.8981432e-05  -0.00021255054  0.00032459940  -3.3833544e-05  1.3188522e-05  -0.00015808227  3.3901241e-05  
4.6644271e-05  -3.5155449e-06  1.0411531e-05  0.00016777300  -7.1053457e-05  -0.00010150527  6.9355897e-06  -0.00037242020  -6.9301354e-05  2.4849939e-05  0.00012318237  -5.1901174e-06  4.7699338e-08  0.00045163465  1.1643226e-05  -0.00023886032  0.00016059541  1.8301722e-05  -5.3973899e-05  -0.0025199618  0.0000000   1.3212519e-05  5.9694676e-05  -0.00037044939  -5.4568368e-06  -0.00016987253  6.7753782e-05  5.2161541e-06  -1.5530771e-05  -9.4376541e-05  2.7456887e-05  4.6644271e-05  -3.5155449e-06  1.0411531e-05  0.00016777300  -7.1053457e-05  -0.00010150527  6.9355897e-06  -0.00037242020  -6.9301354e-05  2.4849939e-05  0.00012318237  -5.1901174e-06  4.7699338e-08  0.00045163465  1.1643226e-05  -0.00023886032  0.00016059541  1.8301722e-05  -5.3973899e-05  -0.0025199618  0.0000000   1.3212519e-05  5.9694676e-05  -0.00037044939  -5.4568368e-06  -0.00016987253  6.7753782e-05  5.2161541e-06  -1.5530771e-05  -9.4376541e-05  2.7456887e-05  
-1.5692753e-05  -0.00024140952  -1.8956964e-05  -2.7065200e-05  2.0740690e-07  -6.3145016e-06  -0.00031975763  1.2295604e-05  -7.0668458e-05  -7.9327845e-05  -2.2636226e-05  -0.00020747424  0.00034150259  -3.4424542e-05  4.9929832e-05  -1.2791902e-05  -1.5886832e-05  -0.00061631330  -0.0011171936  0.00011252398  -1.3212519e-05  0.0000000   0.0011610265  -5.3137047e-05  -0.00026821209  4.5139895e-05  7.9941129e-05  0.00033744248  0.00021069892  5.2938186e-06  9.8049828e-05  -1.5692753e-05  -0.00024140952  -1.8956964e-05  -2.7065200e-05  2.0740690e-07  -6.3145016e-06  -0.00031975763  1.2295604e-05  -7.0668458e-05  -7.9327845e-05  -2.2636226e-05  -0.00020747424  0.00034150259  -3.4424542e-05  4.9929832e-05  -1.2791902e-05  -1.5886832e-05  -0.00061631330  -0.0011171936  0.00011252398  -1.3212519e-05  0.0000000   0.0011610265  -5.3137047e-05  -0.00026821209  4.5139895e-05  7.9941129e-05  0.00033744248  0.00021069892  5.2938186e-06  9.8049828e-05  
-1.7765299e-05  0.00012806626  -0.00010137819  -6.9049761e-06  4.8750504e-06  -9.2519074e-06  -0.00015051085  5.3037046e-06  1.4031854e-05  -7.1977049e-05  -1.1952381e-05  -2.8426418e-05  -0.00016496182  -3.0891638e-05  0.00013522598  -9.7124469e-05  3.5645239e-05  0.00024223570  -0.00042993418  9.5507644e-06  -5.9694676e-05  -0.0011610265  0.0000000   5.9225248e-05  -0.0018741669  -1.4501406e-05  -9.8844951e-05  2.5529242e-05  4.1007962e-05  5.2525332e-05  -0.00021594592  -1.7765299e-05  0.00012806626  -0.00010137819  -6.9049761e-06  4.8750504e-06  -9.2519074e-06  -0.00015051085  5.3037046e-06  1.4031854e-05  -7.1977049e-05  -1.1952381e-05  -2.8426418e-05  -0.00016496182  -3.0891638e-05  0.00013522598  -9.7124469e-05  3.5645239e-05  0.00024223570  -0.00042993418  9.5507644e-06  -5.9694676e-05  -0.0011610265  0.0000000   5.9225248e-05  -0.0018741669  -1.4501406e-05  -9.8844951e-05  2.5529242e-05  4.1007962e-05  5.2525332e-05  -0.00021594592  
-0.00019883624  -1.0580974e-05  1.8910431e-05  1.9320112e-05  0.00010952130  -3.0687577e-05  3.0376322e-05  0.00013741303  4.6191646e-05  -7.2465762e-05  7.0769848e-05  8.7793069e-06  -1.3707043e-05  9.9185214e-06  -4.7238959e-05  -0.00037904735  0.00023073206  -3.8896043e-05  2.4283909e-05  0.00047687601  0.00037044939  5.3137047e-05  -5.9225248e-05  0.0000000   0.00014779776  -0.00068687865  -0.00052332474  8.7637428e-06  -5.4225947e-05  0.00053890330  1.5469331e-05  -0.00019883624  -1.0580974e-05  1.8910431e-05  1.9320112e-05  0.00010952130  -3.0687577e-05  3.0376322e-05  0.00013741303  4.6191646e-05  -7.2465762e-05  7.0769848e-05  8.7793069e-06  -1.3707043e-05  9.9185214e-06  -4.7238959e-05  -0.00037904735  0.00023073206  -3.8896043e-05  2.4283909e-05  0.00047687601  0.00037044939  5.3137047e-05  -5.9225248e-05  0.0000000   0.00014779776  -0.00068687865  -0.00052332474  8.7637428e-06  -5.4225947e-05  0.00053890330  1.5469331e-05  
-1.4496697e-05  -6.5550897e-05  0.00010697770  1.5116011e-05  -7.7610464e-06  8.3246433e-07  -0.00010408498  -7.8485809e-07  -1.2694430e-05  -4.2461907e-05  -3.6111875e-05  -7.9963465e-05  6.8595033e-06  5.1056750e-05  -5.3756540e-05  -2.1035965e-05  -6.5233389e-05  -3.4325330e-05  0.00017445364  5.8981432e-05  5.4568368e-06  0.00026821209  0.0018741669  -0.00014779776  0.0000000   7.9566147e-05  0.00014334061  0.00014766603  -3.1764780e-05  -1.2593885e-05  -0.00018214421  -1.4496697e-05  -6.5550897e-05  0.00010697770  1.5116011e-05  -7.7610464e-06  8.3246433e-07  -0.00010408498  -7.8485809e-07  -1.2694430e-05  -4.2461907e-05  -3.6111875e-05  -7.9963465e-05  6.8595033e-06  5.1056750e-05  -5.3756540e-05  -2.1035965e-05  -6.5233389e-05  -3.4325330e-05  0.00017445364  5.8981432e-05  5.4568368e-06  0.00026821209  0.0018741669  -0.00014779776  0.0000000   7.9566147e-05  0.00014334061  0.00014766603  -3.1764780e-05  -1.2593885e-05  -0.00018214421  
8.0723381e-06  2.7490518e-05  -1.7672448e-05  0.00010879117  -0.00012794875  9.8904584e-05  1.9673298e-05  -0.00014210327  -1.2115409e-05  -0.00020897615  -0.00029379052  2.1887411e-05  -8.1364292e-05  0.00028424803  4.9200495e-05  -0.00022717255  -0.00041906580  7.2442323e-06  1.1876222e-05  0.00021255054  0.00016987253  -4.5139895e-05  1.4501406e-05  0.00068687865  -7.9566147e-05  0.0000000   0.0065158341  -0.00057761334  9.4043718e-05  -0.00067395116  0.00019495899  8.0723381e-06  2.7490518e-05  -1.7672448e-05  0.00010879117  -0.00012794875  9.8904584e-05  1.9673298e-05  -0.00014210327  -1.2115409e-05  -0.00020897615  -0.00029379052  2.1887411e-05  -8.1364292e-05  0.00028424803  4.9200495e-05  -0.00022717255  -0.00041906580  7.2442323e-06  1.1876222e-05  0.00021255054  0.00016987253  -4.5139895e-05  1.4501406e-05  0.00068687865  -7.9566147e-05  0.0000000   0.0065158341  -0.00057761334  9.4043718e-05  -0.00067395116  0.00019495899  
-1.0450776e-05  4.0308576e-05  6.0253197e-06  -8.9831835e-05  -0.00016865406  4.7936914e-05  -2.7496105e-05  0.00031533864  0.00010583032  0.00018529142  -0.00012576706  -2.2644290e-05  3.7990034e-05  -0.00022569326  -4.7245433e-06  0.00023400802  -3.4972088e-05  -2.6951556e-05  6.8993592e-06  -0.00032459940  -6.7753782e-05  -7.9941129e-05  9.8844951e-05  0.00052332474  -0.00014334061  -0.0065158341  0.0000000   -0.00026550023  -0.00017818805  -0.00054430789  5.8040898e-05  -1.0450776e-05  4.0308576e-05  6.0253197e-06  -8.9831835e-05  -0.00016865406  4.7936914e-05  -2.7496105e-05  0.00031533864  0.00010583032  0.00018529142  -0.00012576706  -2.2644290e-05  3.7990034e-05  -0.00022569326  -4.7245433e-06  0.00023400802  -3.4972088e-05  -2.6951556e-05  6.8993592e-06  -0.00032459940  -6.7753782e-05  -7.9941129e-05  9.8844951e-05  0.00052332474  -0.00014334061  -0.0065158341  0.0000000   -0.00026550023  -0.00017818805  -0.00054430789  5.8040898e-05  
-6.2485527e-07  -5.1347748e-05  0.00012018796  -3.8972641e-06  2.7429828e-05  -8.2214458e-06  -0.00015435645  -4.0152439e-05  0.00011584794  3.5096857e-05  1.1219058e-05  -5.8741109e-05  0.00023351340  8.7610681e-06  0.00011521142  -6.2805693e-05  -1.8133145e-05  -0.00022379896  -4.3040239e-05  3.3833544e-05  -5.2161541e-06  -0.00033744248  -2.5529242e-05  -8.7637428e-06  -0.00014766603  0.00057761334  0.00026550023  0.0000000   -0.00056484590  -2.0820288e-06  -0.00042222976  -6.2485527e-07  -5.1347748e-05  0.00012018796  -3.8972641e-06  2.7429828e-05  -8.2214458e-06  -0.00015435645  -4.0152439e-05  0.00011584794  3.5096857e-05  1.1219058e-05  -5.8741109e-05  0.00023351340  8.7610681e-06  0.00011521142  -6.2805693e-05  -1.8133145e-05  -0.00022379896  -4.3040239e-05  3.3833544e-05  -5.2161541e-06  -0.00033744248  -2.5529242e-05  -8.7637428e-06  -0.00014766603  0.00057761334  0.00026550023  0.0000000   -0.00056484590  -2.0820288e-06  -0.00042222976  
-1.5067559e-05  -6.4472393e-05  -0.00016800720  7.7256650e-06  -3.3130754e-05  7.5363695e-06  0.00015968120  -4.0545974e-06  -7.4674711e-05  -9.9350217e-05  1.0289792e-05  4.2904972e-05  7.4924876e-05  -2.5264157e-05  0.00014114384  -1.4048408e-05  3.1829307e-06  -8.4664112e-06  2.5710183e-05  -1.3188522e-05  1.5530771e-05  -0.00021069892  -4.1007962e-05  5.4225947e-05  3.1764780e-05  -9.4043718e-05  0.00017818805  0.00056484590  0.0000000   -8.6263781e-05  0.00079992164  -1.5067559e-05  -6.4472393e-05  -0.00016800720  7.7256650e-06  -3.3130754e-05  7.5363695e-06  0.00015968120  -4.0545974e-06  -7.4674711e-05  -9.9350217e-05  1.0289792e-05  4.2904972e-05  7.4924876e-05  -2.5264157e-05  0.00014114384  -1.4048408e-05  3.1829307e-06  -8.4664112e-06  2.5710183e-05  -1.3188522e-05  1.5530771e-05  -0.00021069892  -4.1007962e-05  5.4225947e-05  3.1764780e-05  -9.4043718e-05  0.00017818805  0.00056484590  0.0000000   -8.6263781e-05  0.00079992164  
-1.1733204e-05  -1.6140683e-05  9.6911745e-07  -5.5847500e-05  0.00011853650  5.3939986e-05  3.9958361e-05  0.00016631355  2.7875422e-05  -0.00010604475  8.3144794e-05  -1.6534383e-07  7.7047116e-06  -1.2364510e-05  9.9106710e-07  5.0751716e-05  0.00026400905  -1.7568320e-05  1.8952527e-05  0.00015808227  9.4376541e-05  -5.2938186e-06  -5.2525332e-05  -0.00053890330  1.2593885e-05  0.00067395116  0.00054430789  2.0820288e-06  8.6263781e-05  0.0000000   -0.00010225575  -1.1733204e-05  -1.6140683e-05  9.6911745e-07  -5.5847500e-05  0.00011853650  5.3939986e-05  3.9958361e-05  0.00016631355  2.7875422e-05  -0.00010604475  8.3144794e-05  -1.6534383e-07  7.7047116e-06  -1.2364510e-05  9.9106710e-07  5.0751716e-05  0.00026400905  -1.7568320e-05  1.8952527e-05  0.00015808227  9.4376541e-05  -5.2938186e-06  -5.2525332e-05  -0.00053890330  1.2593885e-05  0.00067395116  0.00054430789  2.0820288e-06  8.6263781e-05  0.0000000   -0.00010225575  
1.7965827e-06  4.7262986e-05  -0.00016122531  -8.1366587e-06  4.9587498e-06  -2.1898902e-06  -0.00026708118  -2.2751639e-05  0.00011384016  -2.0033144e-05  -4.6251929e-05  -3.7057004e-05  -0.00011340155  -3.6489886e-05  0.00022877220  -1.5009297e-05  2.2132010e-05  -0.00020916485  2.9990740e-05  -3.3901241e-05  -2.7456887e-05  -9.8049828e-05  0.00021594592  -1.5469331e-05  0.00018214421  -0.00019495899  -5.8040898e-05  0.00042222976  -0.00079992164  0.00010225575  0.0000000   1.7965827e-06  4.7262986e-05  -0.00016122531  -8.1366587e-06  4.9587498e-06  -2.1898902e-06  -0.00026708118  -2.2751639e-05  0.00011384016  -2.0033144e-05  -4.6251929e-05  -3.7057004e-05  -0.00011340155  -3.6489886e-05  0.00022877220  -1.5009297e-05  2.2132010e-05  -0.00020916485  2.9990740e-05  -3.3901241e-05  -2.7456887e-05  -9.8049828e-05  0.00021594592  -1.5469331e-05  0.00018214421  -0.00019495899  -5.8040898e-05  0.00042222976  -0.00079992164  0.00010225575  0.0000000   
0.0000000   3.2896851e-05  -2.5331296e-05  -0.00098895496  -0.00016963022  0.00017782284  -2.2742366e-05  0.00042120803  -3.5549867e-06  -2.3865124e-05  -0.00018791338  2.3234802e-05  -3.1458356e-06  9.7263862e-05  1.6545897e-05  0.00013381279  -0.00020002079  3.0173907e-05  -2.0766001e-05  1.7645912e-05  -4.6644271e-05  1.5692753e-05  1.7765299e-05  0.00019883624  1.4496697e-05  -8.0723381e-06  1.0450776e-05  6.2485527e-07  1.5067559e-05  1.1733204e-05  -1.7965827e-06  0.0000000   3.2896851e-05  -2.5331296e-05  -0.00098895496  -0.00016963022  0.00017782284  -2.2742366e-05  0.00042120803  -3.5549867e-06  -2.3865124e-05  -0.00018791338  2.3234802e-05  -3.1458356e-06  9.7263862e-05  1.6545897e-05  0.00013381279  -0.00020002079  3.0173907e-05  -2.0766001e-05  1.7645912e-05  -4.6644271e-05  1.5692753e-05  1.7765299e-05  0.00019883624  1.4496697e-05  -8.0723381e-06  1.0450776e-05  6.2485527e-07  1.5067559e-05  1.1733204e-05  -1.7965827e-06  
-3.2896851e-05  0.0000000   -0.0011312641  0.00015327142  -7.6640676e-05  -2.9277630e-05  -0.0012167715  -7.6835485e-05  8.4665168e-05  0.00023311026  -0.00025731284  0.00026140185  -0.00035135031  -3.4952702e-05  -9.4302909e-06  1.8516584e-05  2.3274121e-05  0.00010179823  -0.00010920739  -1.5986764e-06  3.5155449e-06  0.00024140952  -0.00012806626  1.0580974e-05  6.5550897e-05  -2.7490518e-05  -4.0308576e-05  5.1347748e-05  6.4472393e-05  1.6140683e-05  -4.7262986e-05  -3.2896851e-05  0.0000000   -0.0011312641  0.00015327142  -7.6640676e-05  -2.9277630e-05  -0.0012167715  -7.6835485e-05  8.4665168e-05  0.00023311026  -0.00025731284  0.00026140185  -0.00035135031  -3.4952702e-05  -9.4302909e-06  1.8516584e-05  2.3274121e-05  0.00010179823  -0.00010920739  -1.5986764e-06  3.5155449e-06  0.00024140952  -0.00012806626  1.0580974e-05  6.5550897e-05  -2.7490518e-05  -4.0308576e-05  5.1347748e-05  6.4472393e-05  1.6140683e-05  -4.7262986e-05  
2.5331296e-05  0.0011312641  0.0000000   0.00014692876  5.5089812e-05  5.7571312e-05  0.0014241124  8.2016338e-05  -1.9313785e-05  -0.00017455102  0.00010165910  -0.00012329002  -0.00010556959  3.2312553e-05  -0.00019783982  3.3278635e-05  1.3893387e-05  0.00032135961  0.00022544172  2.4366829e-05  -1.0411531e-05  1.8956964e-05  0.00010137819  -1.8910431e-05  -0.00010697770  1.7672448e-05  -6.0253197e-06  -0.00012018796  0.00016800720  -9.6911745e-07  0.00016122531  2.5331296e-05  0.0011312641  0.0000000   0.00014692876  5.5089812e-05  5.7571312e-05  0.0014241124  8.2016338e-05  -1.9313785e-05  -0.00017455102  0.00010165910  -0.00012329002  -0.00010556959  3.2312553e-05  -0.00019783982  3.3278635e-05  1.3893387e-05  0.00032135961  0.00022544172  2.4366829e-05  -1.0411531e-05  1.8956964e-05  0.00010137819  -1.8910431e-05  -0.00010697770  1.7672448e-05  -6.0253197e-06  -0.00012018796  0.00016800720  -9.6911745e-07  0.00016122531  
0.00098895496  -0.00015327142  -0.00014692876  0.0000000   0.0037876627  -0.00070998982  -1.0981454e-05  0.0011471324  0.00016555354  -0.00030553481  0.00044188997  -6.3001329e-05  1.5610732e-05  -2.7700412e-05  -4.8257140e-06  -3.1671670e-05  -6.2294426e-05  -9.6491076e-06  2.1593679e-05  3.5694153e-05  -0.00016777300  2.7065200e-05  6.9049761e-06  -1.9320112e-05  -1.5116011e-05  -0.00010879117  8.9831835e-05  3.8972641e-06  -7.7256650e-06  5.5847500e-05  8.1366587e-06  0.00098895496  -0.00015327142  -0.00014692876  0.0000000   0.0037876627  -0.00070998982  -1.0981454e-05  0.0011471324  0.00016555354  -0.00030553481  0.00044188997  -6.3001329e-05  1.5610732e-05  -2.7700412e-05  -4.8257140e-06  -3.1671670e-05  -6.2294426e-05  -9.6491076e-06  2.1593679e-05  3.5694153e-05  -0.00016777300  2.7065200e-05  6.9049761e-06  -1.9320112e-05  -1.5116011e-05  -0.00010879117  8.9831835e-05  3.8972641e-06  -7.7256650e-06  5.5847500e-05  8.1366587e-06  
0.00016963022  7.6640676e-05  -5.5089812e-05  -0.0037876627  0.0000000   -0.00019366061  4.2463151e-05  -0.00010384796  6.6937407e-05  -0.00036091087  3.5206116e-06  2.4769789e-05  -2.6060990e-05  0.00015386705  -2.5184683e-05  -4.0610360e-05  0.00014385372  1.9926764e-05  1.0179085e-05  -0.00035049059  7.1053457e-05  -2.0740690e-07  -4.8750504e-06  -0.00010952130  7.7610464e-06  0.00012794875  0.00016865406  -2.7429828e-05  3.3130754e-05  -0.00011853650  -4.9587498e-06  0.00016963022  7.6640676e-05  -5.5089812e-05  -0.0037876627  0.0000000   -0.00019366061  4.2463151e-05  -0.00010384796  6.6937407e-05  -0.00036091087  3.5206116e-06  2.4769789e-05  -2.6060990e-05  0.00015386705  -2.5184683e-05  -4.0610360e-05  0.00014385372  1.9926764e-05  1.0179085e-05  -0.00035049059  7.1053457e-05  -2.0740690e-07  -4.8750504e-06  -0.00010952130  7.7610464e-06  0.00012794875  0.00016865406  -2.7429828e-05  3.3130754e-05  -0.00011853650  -4.9587498e-06  
-0.00017782284  2.9277630e-05  -5.7571312e-05  0.00070998982  0.00019366061  0.0000000   -4.1076999e-05  -0.0011997344  -0.00031934299  0.00012023321  -0.00020334482  1.0767561e-07  -1.1119885e-05  0.00031880230  5.6020083e-05  0.00015513522  0.00023099677  -6.6078471e-06  9.6561744e-07  1.5797248e-05  0.00010150527  6.3145016e-06  9.2519074e-06  3.0687577e-05  -8.3246433e-07  -9.8904584e-05  -4.7936914e-05  8.2214458e-06  -7.5363695e-06  -5.3939986e-05  2.1898902e-06  -0.00017782284  2.9277630e-05  -5.7571312e-05  0.00070998982  0.00019366061  0.0000000   -4.1076999e-05  -0.0011997344  -0.00031934299  0.00012023321  -0.00020334482  1.0767561e-07  -1.1119885e-05  0.00031880230  5.6020083e-05  0.00015513522  0.00023099677  -6.6078471e-06  9.6561744e-07  1.5797248e-05  0.00010150527  6.3145016e-06  9.2519074e-06  3.0687577e-05  -8.3246433e-07  -9.8904584e-05  -4.7936914e-05  8.2214458e-06  -7.5363695e-06  -5.3939986e-05  2.1898902e-06  
2.2742366e-05  0.0012167715  -0.0014241124  1.0981454e-05  -4.2463151e-05  4.1076999e-05  0.0000000   0.00067113345  -0.0042238560  -0.00015790926  0.00035092158  -0.00048452705  0.00012417993  -6.2438714e-07  0.00019866967  -7.8855498e-05  4.4072126e-05  0.00033000017  0.00021386048  3.2923570e-05  -6.9355897e-06  0.00031975763  0.00015051085  -3.0376322e-05  0.00010408498  -1.9673298e-05  2.7496105e-05  0.00015435645  -0.00015968120  -3.9958361e-05  0.00026708118  2.2742366e-05  0.0012167715  -0.0014241124  1.0981454e-05  -4.2463151e-05  4.1076999e-05  0.0000000   0.00067113345  -0.0042238560  -0.00015790926  0.00035092158  -0.00048452705  0.00012417993  -6.2438714e-07  0.00019866967  -7.8855498e-05  4.4072126e-05  0.00033000017  0.00021386048  3.2923570e-05  -6.9355897e-06  0.00031975763  0.00015051085  -3.0376322e-05  0.00010408498  -1.9673298e-05  2.7496105e-05  0.00015435645  -0.00015968120  -3.9958361e-05  0.00026708118  
-0.00042120803  7.6835485e-05  -8.2016338e-05  -0.0011471324  0.00010384796  0.0011997344  -0.00067113345  0.0000000   -0.00014341831  -3.2679840e-05  -0.00061979623  1.4806623e-05  -7.0772881e-05  0.00066911157  5.8249072e-05  6.4241867e-07  0.00028980914  -1.8395540e-05  2.5708196e-05  0.00013689591  0.00037242020  -1.2295604e-05  -5.3037046e-06  -0.00013741303  7.8485809e-07  0.00014210327  -0.00031533864  4.0152439e-05  4.0545974e-06  -0.00016631355  2.2751639e-05  -0.00042120803  7.6835485e-05  -8.2016338e-05  -0.0011471324  0.00010384796  0.0011997344  -0.00067113345  0.0000000   -0.00014341831  -3.2679840e-05  -0.00061979623  1.4806623e-05  -7.0772881e-05  0.00066911157  5.8249072e-05  6.4241867e-07  0.00028980914  -1.8395540e-05  2.5708196e-05  0.00013689591  0.00037242020  -1.2295604e-05  -5.3037046e-06  -0.00013741303  7.8485809e-07  0.00014210327  -0.00031533864  4.0152439e-05  4.0545974e-06  -0.00016631355  2.2751639e-05  
3.5549867e-06  -8.4665168e-05  1.9313785e-05  -0.00016555354  -6.6937407e-05  0.00031934299  0.0042238560  0.00014341831  0.0000000   0.00044853965  -0.00057828841  0.00015519867  0.00012188066  0.00013042259  -4.7351744e-05  3.3307505e-05  -7.3587638e-06  9.7465609e-05  -7.1970092e-05  4.8871283e-05  6.9301354e-05  7.0668458e-05  -1.4031854e-05  -4.6191646e-05  1.2694430e-05  1.2115409e-05  -0.00010583032  -0.00011584794  7.4674711e-05  -2.7875422e-05  -0.00011384016  3.5549867e-06  -8.4665168e-05  1.9313785e-05  -0.00016555354  -6.6937407e-05  0.00031934299  0.0042238560  0.00014341831  0.0000000   0.00044853965  -0.00057828841  0.00015519867  0.00012188066  0.00013042259  -4.7351744e-05  3.3307505e-05  -7.3587638e-06  9.7465609e-05  -7.1970092e-05  4.8871283e-05  6.9301354e-05  7.0668458e-05  -1.4031854e-05  -4.6191646e-05  1.2694430e-05  1.2115409e-05  -0.00010583032  -0.00011584794  7.4674711e-05  -2.7875422e-05  -0.00011384016  
2.3865124e-05  -0.00023311026  0.00017455102  0.00030553481  0.00036091087  -0.00012023321  0.00015790926  3.2679840e-05  -0.00044853965  0.0000000   -0.017139757  0.00083652684  -0.00030823937  0.00020358108  -8.6163670e-06  0.00016851855  -0.00042054800  3.4462368e-06  -2.9870737e-05  3.9175367e-05  -2.4849939e-05  7.9327845e-05  7.1977049e-05  7.2465762e-05  4.2461907e-05  0.00020897615  -0.00018529142  -3.5096857e-05  9.9350217e-05  0.00010604475  2.0033144e-05  2.3865124e-05  -0.00023311026  0.00017455102  0.00030553481  0.00036091087  -0.00012023321  0.00015790926  3.2679840e-05  -0.00044853965  0.0000000   -0.017139757  0.00083652684  -0.00030823937  0.00020358108  -8.6163670e-06  0.00016851855  -0.00042054800  3.4462368e-06  -2.9870737e-05  3.9175367e-05  -2.4849939e-05  7.9327845e-05  7.1977049e-05  7.2465762e-05  4.2461907e-05  0.00020897615  -0.00018529142  -3.5096857e-05  9.9350217e-05  0.00010604475  2.0033144e-05  
0.00018791338  0.00025731284  -0.00010165910  -0.00044188997  -3.5206116e-06  0.00020334482  -0.00035092158  0.00061979623  0.00057828841  0.017139757  0.0000000   -0.00014381334  0.00039921225  -0.00030351232  -0.00011087479  0.00049580793  -0.00038392581  1.3445391e-05  -5.5363019e-06  1.3273875e-05  -0.00012318237  2.2636226e-05  1.1952381e-05  -7.0769848e-05  3.6111875e-05  0.00029379052  0.00012576706  -1.1219058e-05  -1.0289792e-05  -8.3144794e-05  4.6251929e-05  0.00018791338  0.00025731284  -0.00010165910  -0.00044188997  -3.5206116e-06  0.00020334482  -0.00035092158  0.00061979623  0.00057828841  0.017139757  0.0000000   -0.00014381334  0.00039921225  -0.00030351232  -0.00011087479  0.00049580793  -0.00038392581  1.3445391e-05  -5.5363019e-06  1.3273875e-05  -0.00012318237  2.2636226e-05  1.1952381e-05  -7.0769848e-05  3.6111875e-05  0.00029379052  0.00012576706  -1.1219058e-05  -1.0289792e-05  -8.3144794e-05  4.6251929e-05  
