0.0000000   3.7170500e-05  0.00052304478  -0.00011467638  -0.00047911945  0.00058090308  6.2447111e-06  0.00080296038  -0.00019719431  -4.3274389e-05  1.5661360e-05  0.00030920348  -0.00010392050  -0.00021614578  2.5848545e-05  -1.7741764e-05  -0.00011809800  2.0293965e-05  -8.7482073e-05  8.0983764e-05  0.00015821104  2.6998879e-05  -1.1357197e-05  5.9664732e-05  -2.4479033e-05  -0.00010929835  1.6045934e-05  -9.3538424e-06  -1.9596742e-06  1.1650332e-05  -1.8140936e-05  0.0000000   3.7170500e-05  0.00052304478  -0.00011467638  -0.00047911945  0.00058090308  6.2447111e-06  0.00080296038  -0.00019719431  -4.3274389e-05  1.5661360e-05  0.00030920348  -0.00010392050  -0.00021614578  2.5848545e-05  -1.7741764e-05  -0.00011809800  2.0293965e-05  -8.7482073e-05  8.0983764e-05  0.00015821104  2.6998879e-05  -1.1357197e-05  5.9664732e-05  -2.4479033e-05  -0.00010929835  1.6045934e-05  -9.3538424e-06  -1.9596742e-06  1.1650332e-05  -1.8140936e-05  
-3.7170500e-05  0.0000000   6.6982759e-05  0.0016174008  -0.00061990220  -0.0016706291  0.00050859177  0.00010557770  -0.00010256746  0.00031935120  -0.00016001704  5.1673905e-05  -3.4069650e-05  -4.3304611e-05  -0.00013777255  0.00017029671  -2.1602508e-05  6.0415510e-06  -3.1932083e-05  -3.4748130e-07  1.0649738e-05  -5.4766735e-06  2.7674328e-05  -0.00021583782  -4.8533083e-05  -3.4346125e-05  -0.00011170656  4.5087017e-05  1.7754534e-05  -1.3270509e-05  9.0203241e-05  -3.7170500e-05  0.0000000   6.6982759e-05  0.0016174008  -0.00061990220  -0.0016706291  0.00050859177  0.00010557770  -0.00010256746  0.00031935120  -0.00016001704  5.1673905e-05  -3.4069650e-05  -4.3304611e-05  -0.00013777255  0.00017029671  -2.1602508e-05  6.0415510e-06  -3.1932083e-05  -3.4748130e-07  1.0649738e-05  -5.4766735e-06  2.7674328e-05  -0.00021583782  -4.8533083e-05  -3.4346125e-05  -0.00011170656  4.5087017e-05  1.7754534e-05  -1.3270509e-05  9.0203241e-05  
-0.00052304478  -6.6982759e-05  0.0000000   -0.00015596682  0.0016026942  -0.00065810918  4.0667573e-05  -0.00097673916  0.00046480024  -3.1303148e-05  1.1177819e-05  -7.5312521e-05  -0.00022262005  5.4826658e-05  1.7753333e-05  -3.5650433e-05  0.00027284169  -8.5122639e-05  -3.8511967e-05  -7.9427772e-05  -1.0842559e-05  6.9572251e-05  2.5704266e-06  -1.7353007e-05  -1.2216087e-05  0.00019442094  2.0663092e-06  8.5732765e-06  -6.7364564e-06  7.8373229e-05  -6.4326002e-07  -0.00052304478  -6.6982759e-05  0.0000000   -0.00015596682  0.0016026942  -0.00065810918  4.0667573e-05  -0.00097673916  0.00046480024  -3.1303148e-05  1.1177819e-05  -7.5312521e-05  -0.00022262005  5.4826658e-05  1.7753333e-05  -3.5650433e-05  0.00027284169  -8.5122639e-05  -3.8511967e-05  -7.9427772e-05  -1.0842559e-05  6.9572251e-05  2.5704266e-06  -1.7353007e-05  -1.2216087e-05  0.00019442094  2.0663092e-06  8.5732765e-06  -6.7364564e-06  7.8373229e-05  -6.4326002e-07  
0.00011467638  -0.0016174008  0.00015596682  0.0000000   -0.0014582525  -0.0031266086  -0.00063694009  -0.00014227800  -1.9706760e-05  0.00016971954  8.9287818e-05  -5.0950703e-05  -1.8315035e-05  -1.3081842e-05  -0.00021292514  2.6689849e-05  6.8693646e-05  3.4912626e-06  -1.6334637e-05  1.3734296e-05  -7.6793136e-06  -2.2953983e-05  3.2609998e-05  -6.9743182e-05  2.6090716e-05  6.4489526e-06  -1.9519788e-05  -4.2952984e-05  0.00013916093  -1.5832386e-05  -2.5222344e-05  0.00011467638  -0.0016174008  0.00015596682  0.0000000   -0.0014582525  -0.0031266086  -0.00063694009  -0.00014227800  -1.9706760e-05  0.00016971954  8.9287818e-05  -5.0950703e-05  -1.8315035e-05  -1.3081842e-05  -0.00021292514  2.6689849e-05  6.8693646e-05  3.4912626e-06  -1.6334637e-05  1.3734296e-05  -7.6793136e-06  -2.2953983e-05  3.2609998e-05  -6.9743182e-05  2.6090716e-05  6.4489526e-06  -1.9519788e-05  -4.2952984e-05  0.00013916093  -1.5832386e-05  -2.5222344e-05  
0.00047911945  0.00061990220  -0.0016026942  0.0014582525  0.0000000   -0.00070653929  0.0014969665  0.00076569523  0.00030013490  -5.4253448e-05  -0.00014691226  0.00026987248  -0.00012287559  2.4990462e-05  0.00014755649  -5.2461571e-05  -0.00042793831  -6.5638372e-06  -2.4388154e-05  2.3155846e-05  7.4813235e-05  0.00017794879  -9.3187355e-05  7.5525950e-05  -7.7769880e-06  6.0365992e-05  -2.9031367e-05  -4.9655282e-06  3.2122772e-05  0.00012185538  1.7069351e-05  0.00047911945  0.00061990220  -0.0016026942  0.0014582525  0.0000000   -0.00070653929  0.0014969665  0.00076569523  0.00030013490  -5.4253448e-05  -0.00014691226  0.00026987248  -0.00012287559  2.4990462e-05  0.00014755649  -5.2461571e-05  -0.00042793831  -6.5638372e-06  -2.4388154e-05  2.3155846e-05  7.4813235e-05  0.00017794879  -9.3187355e-05  7.5525950e-05  -7.7769880e-06  6.0365992e-05  -2.9031367e-05  -4.9655282e-06  3.2122772e-05  0.00012185538  1.7069351e-05  
-0.00058090308  0.0016706291  0.00065810918  0.0031266086  0.00070653929  0.0000000   0.0035732832  -0.00027266348  -0.00024655642  -0.00013580660  -0.00030861627  -0.00012041831  8.4263760e-05  1.1327536e-05  0.00042594770  -0.00018374489  0.00018729522  2.4087213e-05  -4.0821716e-06  -1.9892611e-05  -6.4486882e-05  -5.9836699e-05  -0.00022417956  0.00022677183  0.00012557345  -1.8755493e-05  -3.4473920e-05  2.1424712e-05  1.5236252e-05  -6.3041044e-05  1.2416047e-05  -0.00058090308  0.0016706291  0.00065810918  0.0031266086  0.00070653929  0.0000000   0.0035732832  -0.00027266348  -0.00024655642  -0.00013580660  -0.00030861627  -0.00012041831  8.4263760e-05  1.1327536e-05  0.00042594770  -0.00018374489  0.00018729522  2.4087213e-05  -4.0821716e-06  -1.9892611e-05  -6.4486882e-05  -5.9836699e-05  -0.00022417956  0.00022677183  0.00012557345  -1.8755493e-05  -3.4473920e-05  2.1424712e-05  1.5236252e-05  -6.3041044e-05  1.2416047e-05  
-6.2447111e-06  -0.00050859177  -4.0667573e-05  0.00063694009  -0.0014969665  -0.0035732832  0.0000000   4.5457410e-05  7.6782256e-05  -0.00061310622  -0.00027619542  -7.7761646e-05  -1.3370588e-05  -1.5879764e-05  -0.00044328978  0.00013938342  -4.8521336e-06  2.7269428e-05  -1.0065482e-05  4.0759975e-05  -4.5594170e-06  1.3276601e-05  0.00011282635  -5.1267448e-05  -0.00013156688  -2.4832723e-06  0.00012186417  -0.00018946714  -2.1978615e-05  -1.2765571e-05  -5.4380765e-07  -6.2447111e-06  -0.00050859177  -4.0667573e-05  0.00063694009  -0.0014969665  -0.0035732832  0.0000000   4.5457410e-05  7.6782256e-05  -0.00061310622  -0.00027619542  -7.7761646e-05  -1.3370588e-05  -1.5879764e-05  -0.00044328978  0.00013938342  -4.8521336e-06  2.7269428e-05  -1.0065482e-05  4.0759975e-05  -4.5594170e-06  1.3276601e-05  0.00011282635  -5.1267448e-05  -0.00013156688  -2.4832723e-06  0.00012186417  -0.00018946714  -2.1978615e-05  -1.2765571e-05  -5.4380765e-07  
-0.00080296038  -0.00010557770  0.00097673916  0.00014227800  -0.00076569523  0.00027266348  -4.5457410e-05  0.0000000   -0.0040475323  5.4566011e-05  -0.00015033906  -0.00029563460  -0.00034443648  0.00059534778  -1.3045905e-05  3.9942095e-05  0.00024052103  -0.00014750658  -0.00010078471  -0.00018452117  -0.00032950524  -0.00015472059  -2.2847875e-05  4.7074752e-05  4.1944674e-05  -8.1074756e-05  1.6656488e-05  -1.3954523e-05  -4.5099805e-06  -8.2812707e-05  -7.9799181e-06  -0.00080296038  -0.00010557770  0.00097673916  0.00014227800  -0.00076569523  0.00027266348  -4.5457410e-05  0.0000000   -0.0040475323  5.4566011e-05  -0.00015033906  -0.00029563460  -0.00034443648  0.00059534778  -1.3045905e-05  3.9942095e-05  0.00024052103  -0.00014750658  -0.00010078471  -0.00018452117  -0.00032950524  -0.00015472059  -2.2847875e-05  4.7074752e-05  4.1944674e-05  -8.1074756e-05  1.6656488e-05  -1.3954523e-05  -4.5099805e-06  -8.2812707e-05  -7.9799181e-06  
0.00019719431  0.00010256746  -0.00046480024  1.9706760e-05  -0.00030013490  0.00024655642  -7.6782256e-05  0.0040475323  0.0000000   0.00018458950  -2.8659791e-05  -0.00063762320  -0.00010390914  0.00044244539  5.6747992e-05  2.4427524e-05  -0.00034532071  0.00023478290  -9.4317768e-05  5.4359939e-05  -0.00015677244  0.00012649241  -1.2818404e-05  1.0446464e-05  -2.8403697e-06  -0.00015339289  -3.5843751e-06  1.3977221e-05  -1.3503909e-05  -1.1988194e-05  -9.5239195e-06  0.00019719431  0.00010256746  -0.00046480024  1.9706760e-05  -0.00030013490  0.00024655642  -7.6782256e-05  0.0040475323  0.0000000   0.00018458950  -2.8659791e-05  -0.00063762320  -0.00010390914  0.00044244539  5.6747992e-05  2.4427524e-05  -0.00034532071  0.00023478290  -9.4317768e-05  5.4359939e-05  -0.00015677244  0.00012649241  -1.2818404e-05  1.0446464e-05  -2.8403697e-06  -0.00015339289  -3.5843751e-06  1.3977221e-05  -1.3503909e-05  -1.1988194e-05  -9.5239195e-06  
4.3274389e-05  -0.00031935120  3.1303148e-05  -0.00016971954  5.4253448e-05  0.00013580660  0.00061310622  -5.4566011e-05  -0.00018458950  0.0000000   0.00075431656  -9.5218902e-06  -7.9811898e-05  2.0146504e-05  8.7274337e-05  0.00040752766  1.0881592e-05  -3.2107571e-05  1.1394874e-05  -4.5069790e-06  -1.9437241e-05  2.4188576e-08  0.00022058579  -0.00015486925  -9.5627906e-05  -1.8563587e-06  -6.0440421e-06  -6.4234927e-05  8.9133934e-05  2.7141722e-08  4.0040745e-06  4.3274389e-05  -0.00031935120  3.1303148e-05  -0.00016971954  5.4253448e-05  0.00013580660  0.00061310622  -5.4566011e-05  -0.00018458950  0.0000000   0.00075431656  -9.5218902e-06  -7.9811898e-05  2.0146504e-05  8.7274337e-05  0.00040752766  1.0881592e-05  -3.2107571e-05  1.1394874e-05  -4.5069790e-06  -1.9437241e-05  2.4188576e-08  0.00022058579  -0.00015486925  -9.5627906e-05  -1.8563587e-06  -6.0440421e-06  -6.4234927e-05  8.9133934e-05  2.7141722e-08  4.0040745e-06  
-1.5661360e-05  0.00016001704  -1.1177819e-05  -8.9287818e-05  0.00014691226  0.00030861627  0.00027619542  0.00015033906  2.8659791e-05  -0.00075431656  0.0000000   -4.9880467e-05  -5.6702013e-05  -5.4293889e-05  0.0010683995  0.00038914929  1.4892206e-05  -3.3538763e-05  -1.7188110e-05  -2.6503179e-05  1.5934093e-05  3.3838836e-06  -0.00021249127  -0.00015620592  0.00010949915  5.4400169e-06  -0.00016730985  -2.1699889e-05  8.5214980e-05  -5.5027145e-06  7.1162900e-05  -1.5661360e-05  0.00016001704  -1.1177819e-05  -8.9287818e-05  0.00014691226  0.00030861627  0.00027619542  0.00015033906  2.8659791e-05  -0.00075431656  0.0000000   -4.9880467e-05  -5.6702013e-05  -5.4293889e-05  0.0010683995  0.00038914929  1.4892206e-05  -3.3538763e-05  -1.7188110e-05  -2.6503179e-05  1.5934093e-05  3.3838836e-06  -0.00021249127  -0.00015620592  0.00010949915  5.4400169e-06  -0.00016730985  -2.1699889e-05  8.5214980e-05  -5.5027145e-06  7.1162900e-05  
-0.00030920348  -5.1673905e-05  7.5312521e-05  5.0950703e-05  -0.00026987248  0.00012041831  7.7761646e-05  0.00029563460  0.00063762320  9.5218902e-06  4.9880467e-05  0.0000000   0.0032078351  0.00042201270  -9.1405017e-05  2.5484350e-05  0.00070092956  0.00029580846  5.7395238e-05  -0.00037270746  -0.00039986960  3.2798324e-05  2.6278747e-05  -3.1693265e-05  2.2732819e-05  0.00010529530  9.1740956e-06  1.3019987e-07  1.4319532e-05  6.7966542e-05  -2.0494527e-05  -0.00030920348  -5.1673905e-05  7.5312521e-05  5.0950703e-05  -0.00026987248  0.00012041831  7.7761646e-05  0.00029563460  0.00063762320  9.5218902e-06  4.9880467e-05  0.0000000   0.0032078351  0.00042201270  -9.1405017e-05  2.5484350e-05  0.00070092956  0.00029580846  5.7395238e-05  -0.00037270746  -0.00039986960  3.2798324e-05  2.6278747e-05  -3.1693265e-05  2.2732819e-05  0.00010529530  9.1740956e-06  1.3019987e-07  1.4319532e-05  6.7966542e-05  -2.0494527e-05  
0.00010392050  3.4069650e-05  0.00022262005  1.8315035e-05  0.00012287559  -8.4263760e-05  1.3370588e-05  0.00034443648  0.00010390914  7.9811898e-05  5.6702013e-05  -0.0032078351  0.0000000   -0.0010663927  -4.2172539e-05  -7.2296129e-05  7.9346433e-05  -0.00015125816  5.0940965e-06  -0.00029215723  0.00047842299  0.00013187546  1.5062913e-05  3.8580843e-05  -8.7384716e-05  0.00016991304  -1.2565415e-05  3.0915505e-06  -2.7152412e-05  1.9143305e-05  -2.2341897e-05  0.00010392050  3.4069650e-05  0.00022262005  1.8315035e-05  0.00012287559  -8.4263760e-05  1.3370588e-05  0.00034443648  0.00010390914  7.9811898e-05  5.6702013e-05  -0.0032078351  0.0000000   -0.0010663927  -4.2172539e-05  -7.2296129e-05  7.9346433e-05  -0.00015125816  5.0940965e-06  -0.00029215723  0.00047842299  0.00013187546  1.5062913e-05  3.8580843e-05  -8.7384716e-05  0.00016991304  -1.2565415e-05  3.0915505e-06  -2.7152412e-05  1.9143305e-05  -2.2341897e-05  
0.00021614578  4.3304611e-05  -5.4826658e-05  1.3081842e-05  -2.4990462e-05  -1.1327536e-05  1.5879764e-05  -0.00059534778  -0.00044244539  -2.0146504e-05  5.4293889e-05  -0.00042201270  0.0010663927  0.0000000   -3.2915250e-05  2.6134668e-05  0.00079750301  6.6835902e-05  -0.00066050981  0.00010159553  0.00061751413  0.00016785018  3.0557011e-05  -3.9672390e-05  -5.4471313e-05  -4.8100340e-05  1.3929897e-06  -2.2819693e-05  4.3811052e-06  -8.9928352e-05  -8.0663585e-06  0.00021614578  4.3304611e-05  -5.4826658e-05  1.3081842e-05  -2.4990462e-05  -1.1327536e-05  1.5879764e-05  -0.00059534778  -0.00044244539  -2.0146504e-05  5.4293889e-05  -0.00042201270  0.0010663927  0.0000000   -3.2915250e-05  2.6134668e-05  0.00079750301  6.6835902e-05  -0.00066050981  0.00010159553  0.00061751413  0.00016785018  3.0557011e-05  -3.9672390e-05  -5.4471313e-05  -4.8100340e-05  1.3929897e-06  -2.2819693e-05  4.3811052e-06  -8.9928352e-05  -8.0663585e-06  
-2.5848545e-05  0.00013777255  -1.7753333e-05  0.00021292514  -0.00014755649  -0.00042594770  0.00044328978  1.3045905e-05  -5.6747992e-05  -8.7274337e-05  -0.0010683995  9.1405017e-05  4.2172539e-05  3.2915250e-05  0.0000000   -0.0015754620  -1.8462882e-05  9.6514307e-05  5.4041434e-06  7.1511991e-05  4.0074796e-05  1.9307568e-05  3.1599572e-05  -3.9585940e-06  5.5834629e-05  -2.2091246e-07  1.4925293e-05  0.00021707213  -0.00019613520  -2.0891926e-06  -2.0270926e-05  -2.5848545e-05  0.00013777255  -1.7753333e-05  0.00021292514  -0.00014755649  -0.00042594770  0.00044328978  1.3045905e-05  -5.6747992e-05  -8.7274337e-05  -0.0010683995  9.1405017e-05  4.2172539e-05  3.2915250e-05  0.0000000   -0.0015754620  -1.8462882e-05  9.6514307e-05  5.4041434e-06  7.1511991e-05  4.0074796e-05  1.9307568e-05  3.1599572e-05  -3.9585940e-06  5.5834629e-05  -2.2091246e-07  1.4925293e-05  0.00021707213  -0.00019613520  -2.0891926e-06  -2.0270926e-05  
1.7741764e-05  -0.00017029671  3.5650433e-05  -2.6689849e-05  5.2461571e-05  0.00018374489  -0.00013938342  -3.9942095e-05  -2.4427524e-05  -0.00040752766  -0.00038914929  -2.5484350e-05  7.2296129e-05  -2.6134668e-05  0.0015754620  0.0000000   8.4088434e-05  2.3588851e-05  -3.0937382e-06  -1.9883914e-06  6.3520894e-05  2.6993450e-05  -7.0439913e-05  -0.00042869476  0.00016874061  3.3657773e-05  8.4297861e-05  -1.4822499e-06  0.00013493461  1.8313201e-05  2.1546083e-05  1.7741764e-05  -0.00017029671  3.5650433e-05  -2.6689849e-05  5.2461571e-05  0.00018374489  -0.00013938342  -3.9942095e-05  -2.4427524e-05  -0.00040752766  -0.00038914929  -2.5484350e-05  7.2296129e-05  -2.6134668e-05  0.0015754620  0.0000000   8.4088434e-05  2.3588851e-05  -3.0937382e-06  -1.9883914e-06  6.3520894e-05  2.6993450e-05  -7.0439913e-05  -0.00042869476  0.00016874061  3.3657773e-05  8.4297861e-05  -1.4822499e-06  0.00013493461  1.8313201e-05  2.1546083e-05  
0.00011809800  2.1602508e-05  -0.00027284169  -6.8693646e-05  0.00042793831  -0.00018729522  4.8521336e-06  -0.00024052103  0.00034532071  -1.0881592e-05  -1.4892206e-05  -0.00070092956  -7.9346433e-05  -0.00079750301  1.8462882e-05  -8.4088434e-05  0.0000000   -0.0023872206  -0.00097881666  0.00023432581  -0.00088139562  -0.00034941264  4.6348316e-05  -9.0982959e-05  -0.00011160522  -0.00069723515  -2.4825483e-05  -1.6735690e-05  1.4730454e-05  -0.00016361454  2.0175166e-05  0.00011809800  2.1602508e-05  -0.00027284169  -6.8693646e-05  0.00042793831  -0.00018729522  4.8521336e-06  -0.00024052103  0.00034532071  -1.0881592e-05  -1.4892206e-05  -0.00070092956  -7.9346433e-05  -0.00079750301  1.8462882e-05  -8.4088434e-05  0.0000000   -0.0023872206  -0.00097881666  0.00023432581  -0.00088139562  -0.00034941264  4.6348316e-05  -9.0982959e-05  -0.00011160522  -0.00069723515  -2.4825483e-05  -1.6735690e-05  1.4730454e-05  -0.00016361454  2.0175166e-05  
-2.0293965e-05  -6.0415510e-06  8.5122639e-05  -3.4912626e-06  6.5638372e-06  -2.4087213e-05  -2.7269428e-05  0.00014750658  -0.00023478290  3.2107571e-05  3.3538763e-05  -0.00029580846  0.00015125816  -6.6835902e-05  -9.6514307e-05  -2.3588851e-05  0.0023872206  0.0000000   -0.00026723075  0.00035319890  0.00084983894  -2.3113767e-05  4.5392096e-05  -3.4020553e-06  1.0146192e-05  2.2062911e-05  -1.3270688e-05  -3.8902878e-05  -1.2207007e-05  6.6384964e-05  -2.0977569e-06  -2.0293965e-05  -6.0415510e-06  8.5122639e-05  -3.4912626e-06  6.5638372e-06  -2.4087213e-05  -2.7269428e-05  0.00014750658  -0.00023478290  3.2107571e-05  3.3538763e-05  -0.00029580846  0.00015125816  -6.6835902e-05  -9.6514307e-05  -2.3588851e-05  0.0023872206  0.0000000   -0.00026723075  0.00035319890  0.00084983894  -2.3113767e-05  4.5392096e-05  -3.4020553e-06  1.0146192e-05  2.2062911e-05  -1.3270688e-05  -3.8902878e-05  -1.2207007e-05  6.6384964e-05  -2.0977569e-06  
8.7482073e-05  3.1932083e-05  3.8511967e-05  1.6334637e-05  2.4388154e-05  4.0821716e-06  1.0065482e-05  0.00010078471  9.4317768e-05  -1.1394874e-05  1.7188110e-05  -5.7395238e-05  -5.0940965e-06  0.00066050981  -5.4041434e-06  3.0937382e-06  0.00097881666  0.00026723075  0.0000000   -5.0057259e-05  0.0023672956  0.00022568808  3.2784403e-05  -4.6508034e-05  -1.7999429e-05  4.1585614e-05  -1.4967843e-05  6.0408453e-06  -4.7457143e-07  7.6551674e-05  8.5573983e-06  8.7482073e-05  3.1932083e-05  3.8511967e-05  1.6334637e-05  2.4388154e-05  4.0821716e-06  1.0065482e-05  0.00010078471  9.4317768e-05  -1.1394874e-05  1.7188110e-05  -5.7395238e-05  -5.0940965e-06  0.00066050981  -5.4041434e-06  3.0937382e-06  0.00097881666  0.00026723075  0.0000000   -5.0057259e-05  0.0023672956  0.00022568808  3.2784403e-05  -4.6508034e-05  -1.7999429e-05  4.1585614e-05  -1.4967843e-05  6.0408453e-06  -4.7457143e-07  7.6551674e-05  8.5573983e-06  
-8.0983764e-05  3.4748130e-07  7.9427772e-05  -1.3734296e-05  -2.3155846e-05  1.9892611e-05  -4.0759975e-05  0.00018452117  -5.4359939e-05  4.5069790e-06  2.6503179e-05  0.00037270746  0.00029215723  -0.00010159553  -7.1511991e-05  1.9883914e-06  -0.00023432581  -0.00035319890  5.0057259e-05  0.0000000   1.8368674e-05  0.0026870996  -8.7698509e-05  6.4963829e-05  3.3552319e-05  0.00023560064  1.4059291e-07  2.1085629e-05  -4.3670659e-06  -0.00015761451  -2.8097765e-05  -8.0983764e-05  3.4748130e-07  7.9427772e-05  -1.3734296e-05  -2.3155846e-05  1.9892611e-05  -4.0759975e-05  0.00018452117  -5.4359939e-05  4.5069790e-06  2.6503179e-05  0.00037270746  0.00029215723  -0.00010159553  -7.1511991e-05  1.9883914e-06  -0.00023432581  -0.00035319890  5.0057259e-05  0.0000000   1.8368674e-05  0.0026870996  -8.7698509e-05  6.4963829e-05  3.3552319e-05  0.00023560064  1.4059291e-07  2.1085629e-05  -4.3670659e-06  -0.00015761451  -2.8097765e-05  
-0.00015821104  -1.0649738e-05  1.0842559e-05  7.6793136e-06  -7.4813235e-05  6.4486882e-05  4.5594170e-06  0.00032950524  0.00015677244  1.9437241e-05  -1.5934093e-05  0.00039986960  -0.00047842299  -0.00061751413  -4.0074796e-05  -6.3520894e-05  0.00088139562  -0.00084983894  -0.0023672956  -1.8368674e-05  0.0000000   -0.0010783003  -3.2534191e-06  5.4521813e-06  0.00021833281  -8.6887118e-05  -6.9030835e-06  2.0284427e-05  8.0317457e-06  7.5380111e-05  7.8776518e-06  -0.00015821104  -1.0649738e-05  1.0842559e-05  7.6793136e-06  -7.4813235e-05  6.4486882e-05  4.5594170e-06  0.00032950524  0.00015677244  1.9437241e-05  -1.5934093e-05  0.00039986960  -0.00047842299  -0.00061751413  -4.0074796e-05  -6.3520894e-05  0.00088139562  -0.00084983894  -0.0023672956  -1.8368674e-05  0.0000000   -0.0010783003  -3.2534191e-06  5.4521813e-06  0.00021833281  -8.6887118e-05  -6.9030835e-06  2.0284427e-05  8.0317457e-06  7.5380111e-05  7.8776518e-06  
-2.6998879e-05  5.4766735e-06  -6.9572251e-05  2.2953983e-05  -0.00017794879  5.9836699e-05  -1.3276601e-05  0.00015472059  -0.00012649241  -2.4188576e-08  -3.3838836e-06  -3.2798324e-05  -0.00013187546  -0.00016785018  -1.9307568e-05  -2.6993450e-05  0.00034941264  2.3113767e-05  -0.00022568808  -0.0026870996  0.0010783003  0.0000000   0.00014712524  -0.00029241176  0.00020615878  0.00055216984  -2.4673255e-05  4.4865226e-05  -3.3864445e-07  0.00011119077  9.9672881e-06  -2.6998879e-05  5.4766735e-06  -6.9572251e-05  2.2953983e-05  -0.00017794879  5.9836699e-05  -1.3276601e-05  0.00015472059  -0.00012649241  -2.4188576e-08  -3.3838836e-06  -3.2798324e-05  -0.00013187546  -0.00016785018  -1.9307568e-05  -2.6993450e-05  0.00034941264  2.3113767e-05  -0.00022568808  -0.0026870996  0.0010783003  0.0000000   0.00014712524  -0.00029241176  0.00020615878  0.00055216984  -2.4673255e-05  4.4865226e-05  -3.3864445e-07  0.00011119077  9.9672881e-06  
1.1357197e-05  -2.7674328e-05  -2.5704266e-06  -3.2609998e-05  9.3187355e-05  0.00022417956  -0.00011282635  2.2847875e-05  1.2818404e-05  -0.00022058579  0.00021249127  -2.6278747e-05  -1.5062913e-05  -3.0557011e-05  -3.1599572e-05  7.0439913e-05  -4.6348316e-05  -4.5392096e-05  -3.2784403e-05  8.7698509e-05  3.2534191e-06  -0.00014712524  0.0000000   -0.0013886829  0.0030456182  6.5666016e-05  -0.00042713492  4.0214690e-05  -0.00011842158  2.6200472e-05  7.4509604e-05  1.1357197e-05  -2.7674328e-05  -2.5704266e-06  -3.2609998e-05  9.3187355e-05  0.00022417956  -0.00011282635  2.2847875e-05  1.2818404e-05  -0.00022058579  0.00021249127  -2.6278747e-05  -1.5062913e-05  -3.0557011e-05  -3.1599572e-05  7.0439913e-05  -4.6348316e-05  -4.5392096e-05  -3.2784403e-05  8.7698509e-05  3.2534191e-06  -0.00014712524  0.0000000   -0.0013886829  0.0030456182  6.5666016e-05  -0.00042713492  4.0214690e-05  -0.00011842158  2.6200472e-05  7.4509604e-05  
-5.9664732e-05  0.00021583782  1.7353007e-05  6.9743182e-05  -7.5525950e-05  -0.00022677183  5.1267448e-05  -4.7074752e-05  -1.0446464e-05  0.00015486925  0.00015620592  3.1693265e-05  -3.8580843e-05  3.9672390e-05  3.9585940e-06  0.00042869476  9.0982959e-05  3.4020553e-06  4.6508034e-05  -6.4963829e-05  -5.4521813e-06  0.00029241176  0.0013886829  0.0000000   -0.0080640862  -0.00030856563  -5.9005485e-06  -0.00056642523  -9.1221155e-05  -7.3398211e-05  -0.00027662561  -5.9664732e-05  0.00021583782  1.7353007e-05  6.9743182e-05  -7.5525950e-05  -0.00022677183  5.1267448e-05  -4.7074752e-05  -1.0446464e-05  0.00015486925  0.00015620592  3.1693265e-05  -3.8580843e-05  3.9672390e-05  3.9585940e-06  0.00042869476  9.0982959e-05  3.4020553e-06  4.6508034e-05  -6.4963829e-05  -5.4521813e-06  0.00029241176  0.0013886829  0.0000000   -0.0080640862  -0.00030856563  -5.9005485e-06  -0.00056642523  -9.1221155e-05  -7.3398211e-05  -0.00027662561  
2.4479033e-05  4.8533083e-05  1.2216087e-05  -2.6090716e-05  7.7769880e-06  -0.00012557345  0.00013156688  -4.1944674e-05  2.8403697e-06  9.5627906e-05  -0.00010949915  -2.2732819e-05  8.7384716e-05  5.4471313e-05  -5.5834629e-05  -0.00016874061  0.00011160522  -1.0146192e-05  1.7999429e-05  -3.3552319e-05  -0.00021833281  -0.00020615878  -0.0030456182  0.0080640862  0.0000000   0.00015392641  0.00098646830  -0.0011606416  -0.00023246542  3.2242026e-05  -0.00042685059  2.4479033e-05  4.8533083e-05  1.2216087e-05  -2.6090716e-05  7.7769880e-06  -0.00012557345  0.00013156688  -4.1944674e-05  2.8403697e-06  9.5627906e-05  -0.00010949915  -2.2732819e-05  8.7384716e-05  5.4471313e-05  -5.5834629e-05  -0.00016874061  0.00011160522  -1.0146192e-05  1.7999429e-05  -3.3552319e-05  -0.00021833281  -0.00020615878  -0.0030456182  0.0080640862  0.0000000   0.00015392641  0.00098646830  -0.0011606416  -0.00023246542  3.2242026e-05  -0.00042685059  
0.00010929835  3.4346125e-05  -0.00019442094  -6.4489526e-06  -6.0365992e-05  1.8755493e-05  2.4832723e-06  8.1074756e-05  0.00015339289  1.8563587e-06  -5.4400169e-06  -0.00010529530  -0.00016991304  4.8100340e-05  2.2091246e-07  -3.3657773e-05  0.00069723515  -2.2062911e-05  -4.1585614e-05  -0.00023560064  8.6887118e-05  -0.00055216984  -6.5666016e-05  0.00030856563  -0.00015392641  0.0000000   7.0973013e-05  -7.5154761e-05  -1.3916195e-05  0.00018881504  2.0704295e-06  0.00010929835  3.4346125e-05  -0.00019442094  -6.4489526e-06  -6.0365992e-05  1.8755493e-05  2.4832723e-06  8.1074756e-05  0.00015339289  1.8563587e-06  -5.4400169e-06  -0.00010529530  -0.00016991304  4.8100340e-05  2.2091246e-07  -3.3657773e-05  0.00069723515  -2.2062911e-05  -4.1585614e-05  -0.00023560064  8.6887118e-05  -0.00055216984  -6.5666016e-05  0.00030856563  -0.00015392641  0.0000000   7.0973013e-05  -7.5154761e-05  -1.3916195e-05  0.00018881504  2.0704295e-06  
-1.6045934e-05  0.00011170656  -2.0663092e-06  1.9519788e-05  2.9031367e-05  3.4473920e-05  -0.00012186417  -1.6656488e-05  3.5843751e-06  6.0440421e-06  0.00016730985  -9.1740956e-06  1.2565415e-05  -1.3929897e-06  -1.4925293e-05  -8.4297861e-05  2.4825483e-05  1.3270688e-05  1.4967843e-05  -1.4059291e-07  6.9030835e-06  2.4673255e-05  0.00042713492  5.9005485e-06  -0.00098646830  -7.0973013e-05  0.0000000   0.0015502962  -0.00079837341  -1.3483989e-05  0.00063743098  -1.6045934e-05  0.00011170656  -2.0663092e-06  1.9519788e-05  2.9031367e-05  3.4473920e-05  -0.00012186417  -1.6656488e-05  3.5843751e-06  6.0440421e-06  0.00016730985  -9.1740956e-06  1.2565415e-05  -1.3929897e-06  -1.4925293e-05  -8.4297861e-05  2.4825483e-05  1.3270688e-05  1.4967843e-05  -1.4059291e-07  6.9030835e-06  2.4673255e-05  0.00042713492  5.9005485e-06  -0.00098646830  -7.0973013e-05  0.0000000   0.0015502962  -0.00079837341  -1.3483989e-05  0.00063743098  
9.3538424e-06  -4.5087017e-05  -8.5732765e-06  4.2952984e-05  4.9655282e-06  -2.1424712e-05  0.00018946714  1.3954523e-05  -1.3977221e-05  6.4234927e-05  2.1699889e-05  -1.3019987e-07  -3.0915505e-06  2.2819693e-05  -0.00021707213  1.4822499e-06  1.6735690e-05  3.8902878e-05  -6.0408453e-06  -2.1085629e-05  -2.0284427e-05  -4.4865226e-05  -4.0214690e-05  0.00056642523  0.0011606416  7.5154761e-05  -0.0015502962  0.0000000   0.0027243196  -8.4471449e-05  0.0016821965  9.3538424e-06  -4.5087017e-05  -8.5732765e-06  4.2952984e-05  4.9655282e-06  -2.1424712e-05  0.00018946714  1.3954523e-05  -1.3977221e-05  6.4234927e-05  2.1699889e-05  -1.3019987e-07  -3.0915505e-06  2.2819693e-05  -0.00021707213  1.4822499e-06  1.6735690e-05  3.8902878e-05  -6.0408453e-06  -2.1085629e-05  -2.0284427e-05  -4.4865226e-05  -4.0214690e-05  0.00056642523  0.0011606416  7.5154761e-05  -0.0015502962  0.0000000   0.0027243196  -8.4471449e-05  0.0016821965  
1.9596742e-06  -1.7754534e-05  6.7364564e-06  -0.00013916093  -3.2122772e-05  -1.5236252e-05  2.1978615e-05  4.5099805e-06  1.3503909e-05  -8.9133934e-05  -8.5214980e-05  -1.4319532e-05  2.7152412e-05  -4.3811052e-06  0.00019613520  -0.00013493461  -1.4730454e-05  1.2207007e-05  4.7457143e-07  4.3670659e-06  -8.0317457e-06  3.3864445e-07  0.00011842158  9.1221155e-05  0.00023246542  1.3916195e-05  0.00079837341  -0.0027243196  0.0000000   -0.00019865215  0.0032448224  1.9596742e-06  -1.7754534e-05  6.7364564e-06  -0.00013916093  -3.2122772e-05  -1.5236252e-05  2.1978615e-05  4.5099805e-06  1.3503909e-05  -8.9133934e-05  -8.5214980e-05  -1.4319532e-05  2.7152412e-05  -4.3811052e-06  0.00019613520  -0.00013493461  -1.4730454e-05  1.2207007e-05  4.7457143e-07  4.3670659e-06  -8.0317457e-06  3.3864445e-07  0.00011842158  9.1221155e-05  0.00023246542  1.3916195e-05  0.00079837341  -0.0027243196  0.0000000   -0.00019865215  0.0032448224  
-1.1650332e-05  1.3270509e-05  -7.8373229e-05  1.5832386e-05  -0.00012185538  6.3041044e-05  1.2765571e-05  8.2812707e-05  1.1988194e-05  -2.7141722e-08  5.5027145e-06  -6.7966542e-05  -1.9143305e-05  8.9928352e-05  2.0891926e-06  -1.8313201e-05  0.00016361454  -6.6384964e-05  -7.6551674e-05  0.00015761451  -7.5380111e-05  -0.00011119077  -2.6200472e-05  7.3398211e-05  -3.2242026e-05  -0.00018881504  1.3483989e-05  8.4471449e-05  0.00019865215  0.0000000   -1.2913128e-05  -1.1650332e-05  1.3270509e-05  -7.8373229e-05  1.5832386e-05  -0.00012185538  6.3041044e-05  1.2765571e-05  8.2812707e-05  1.1988194e-05  -2.7141722e-08  5.5027145e-06  -6.7966542e-05  -1.9143305e-05  8.9928352e-05  2.0891926e-06  -1.8313201e-05  0.00016361454  -6.6384964e-05  -7.6551674e-05  0.00015761451  -7.5380111e-05  -0.00011119077  -2.6200472e-05  7.3398211e-05  -3.2242026e-05  -0.00018881504  1.3483989e-05  8.4471449e-05  0.00019865215  0.0000000   -1.2913128e-05  
1.8140936e-05  -9.0203241e-05  6.4326002e-07  2.5222344e-05  -1.7069351e-05  -1.2416047e-05  5.4380765e-07  7.9799181e-06  9.5239195e-06  -4.0040745e-06  -7.1162900e-05  2.0494527e-05  2.2341897e-05  8.0663585e-06  2.0270926e-05  -2.1546083e-05  -2.0175166e-05  2.0977569e-06  -8.5573983e-06  2.8097765e-05  -7.8776518e-06  -9.9672881e-06  -7.4509604e-05  0.00027662561  0.00042685059  -2.0704295e-06  -0.00063743098  -0.0016821965  -0.0032448224  1.2913128e-05  0.0000000   1.8140936e-05  -9.0203241e-05  6.4326002e-07  2.5222344e-05  -1.7069351e-05  -1.2416047e-05  5.4380765e-07  7.9799181e-06  9.5239195e-06  -4.0040745e-06  -7.1162900e-05  2.0494527e-05  2.2341897e-05  8.0663585e-06  2.0270926e-05  -2.1546083e-05  -2.0175166e-05  2.0977569e-06  -8.5573983e-06  2.8097765e-05  -7.8776518e-06  -9.9672881e-06  -7.4509604e-05  0.00027662561  0.00042685059  -2.0704295e-06  -0.00063743098  -0.0016821965  -0.0032448224  1.2913128e-05  0.0000000   
0.0000000   3.7170500e-05  0.00052304478  -0.00011467638  -0.00047911945  0.00058090308  6.2447111e-06  0.00080296038  -0.00019719431  -4.3274389e-05  1.5661360e-05  0.00030920348  -0.00010392050  -0.00021614578  2.5848545e-05  -1.7741764e-05  -0.00011809800  2.0293965e-05  -8.7482073e-05  8.0983764e-05  0.00015821104  2.6998879e-05  -1.1357197e-05  5.9664732e-05  -2.4479033e-05  -0.00010929835  1.6045934e-05  -9.3538424e-06  -1.9596742e-06  1.1650332e-05  -1.8140936e-05  0.0000000   3.7170500e-05  0.00052304478  -0.00011467638  -0.00047911945  0.00058090308  6.2447111e-06  0.00080296038  -0.00019719431  -4.3274389e-05  1.5661360e-05  0.00030920348  -0.00010392050  -0.00021614578  2.5848545e-05  -1.7741764e-05  -0.00011809800  2.0293965e-05  -8.7482073e-05  8.0983764e-05  0.00015821104  2.6998879e-05  -1.1357197e-05  5.9664732e-05  -2.4479033e-05  -0.00010929835  1.6045934e-05  -9.3538424e-06  -1.9596742e-06  1.1650332e-05  -1.8140936e-05  
-3.7170500e-05  0.0000000   6.6982759e-05  0.0016174008  -0.00061990220  -0.0016706291  0.00050859177  0.00010557770  -0.00010256746  0.00031935120  -0.00016001704  5.1673905e-05  -3.4069650e-05  -4.3304611e-05  -0.00013777255  0.00017029671  -2.1602508e-05  6.0415510e-06  -3.1932083e-05  -3.4748130e-07  1.0649738e-05  -5.4766735e-06  2.7674328e-05  -0.00021583782  -4.8533083e-05  -3.4346125e-05  -0.00011170656  4.5087017e-05  1.7754534e-05  -1.3270509e-05  9.0203241e-05  -3.7170500e-05  0.0000000   6.6982759e-05  0.0016174008  -0.00061990220  -0.0016706291  0.00050859177  0.00010557770  -0.00010256746  0.00031935120  -0.00016001704  5.1673905e-05  -3.4069650e-05  -4.3304611e-05  -0.00013777255  0.00017029671  -2.1602508e-05  6.0415510e-06  -3.1932083e-05  -3.4748130e-07  1.0649738e-05  -5.4766735e-06  2.7674328e-05  -0.00021583782  -4.8533083e-05  -3.4346125e-05  -0.00011170656  4.5087017e-05  1.7754534e-05  -1.3270509e-05  9.0203241e-05  
-0.00052304478  -6.6982759e-05  0.0000000   -0.00015596682  0.0016026942  -0.00065810918  4.0667573e-05  -0.00097673916  0.00046480024  -3.1303148e-05  1.1177819e-05  -7.5312521e-05  -0.00022262005  5.4826658e-05  1.7753333e-05  -3.5650433e-05  0.00027284169  -8.5122639e-05  -3.8511967e-05  -7.9427772e-05  -1.0842559e-05  6.9572251e-05  2.5704266e-06  -1.7353007e-05  -1.2216087e-05  0.00019442094  2.0663092e-06  8.5732765e-06  -6.7364564e-06  7.8373229e-05  -6.4326002e-07  -0.00052304478  -6.6982759e-05  0.0000000   -0.00015596682  0.0016026942  -0.00065810918  4.0667573e-05  -0.00097673916  0.00046480024  -3.1303148e-05  1.1177819e-05  -7.5312521e-05  -0.00022262005  5.4826658e-05  1.7753333e-05  -3.5650433e-05  0.00027284169  -8.5122639e-05  -3.8511967e-05  -7.9427772e-05  -1.0842559e-05  6.9572251e-05  2.5704266e-06  -1.7353007e-05  -1.2216087e-05  0.00019442094  2.0663092e-06  8.5732765e-06  -6.7364564e-06  7.8373229e-05  -6.4326002e-07  
0.00011467638  -0.0016174008  0.00015596682  0.0000000   -0.0014582525  -0.0031266086  -0.00063694009  -0.00014227800  -1.9706760e-05  0.00016971954  8.9287818e-05  -5.0950703e-05  -1.8315035e-05  -1.3081842e-05  -0.00021292514  2.6689849e-05  6.8693646e-05  3.4912626e-06  -1.6334637e-05  1.3734296e-05  -7.6793136e-06  -2.2953983e-05  3.2609998e-05  -6.9743182e-05  2.6090716e-05  6.4489526e-06  -1.9519788e-05  -4.2952984e-05  0.00013916093  -1.5832386e-05  -2.5222344e-05  0.00011467638  -0.0016174008  0.00015596682  0.0000000   -0.0014582525  -0.0031266086  -0.00063694009  -0.00014227800  -1.9706760e-05  0.00016971954  8.9287818e-05  -5.0950703e-05  -1.8315035e-05  -1.3081842e-05  -0.00021292514  2.6689849e-05  6.8693646e-05  3.4912626e-06  -1.6334637e-05  1.3734296e-05  -7.6793136e-06  -2.2953983e-05  3.2609998e-05  -6.9743182e-05  2.6090716e-05  6.4489526e-06  -1.9519788e-05  -4.2952984e-05  0.00013916093  -1.5832386e-05  -2.5222344e-05  
0.00047911945  0.00061990220  -0.0016026942  0.0014582525  0.0000000   -0.00070653929  0.0014969665  0.00076569523  0.00030013490  -5.4253448e-05  -0.00014691226  0.00026987248  -0.00012287559  2.4990462e-05  0.00014755649  -5.2461571e-05  -0.00042793831  -6.5638372e-06  -2.4388154e-05  2.3155846e-05  7.4813235e-05  0.00017794879  -9.3187355e-05  7.5525950e-05  -7.7769880e-06  6.0365992e-05  -2.9031367e-05  -4.9655282e-06  3.2122772e-05  0.00012185538  1.7069351e-05  0.00047911945  0.00061990220  -0.0016026942  0.0014582525  0.0000000   -0.00070653929  0.0014969665  0.00076569523  0.00030013490  -5.4253448e-05  -0.00014691226  0.00026987248  -0.00012287559  2.4990462e-05  0.00014755649  -5.2461571e-05  -0.00042793831  -6.5638372e-06  -2.4388154e-05  2.3155846e-05  7.4813235e-05  0.00017794879  -9.3187355e-05  7.5525950e-05  -7.7769880e-06  6.0365992e-05  -2.9031367e-05  -4.9655282e-06  3.2122772e-05  0.00012185538  1.7069351e-05  
-0.00058090308  0.0016706291  0.00065810918  0.0031266086  0.00070653929  0.0000000   0.0035732832  -0.00027266348  -0.00024655642  -0.00013580660  -0.00030861627  -0.00012041831  8.4263760e-05  1.1327536e-05  0.00042594770  -0.00018374489  0.00018729522  2.4087213e-05  -4.0821716e-06  -1.9892611e-05  -6.4486882e-05  -5.9836699e-05  -0.00022417956  0.00022677183  0.00012557345  -1.8755493e-05  -3.4473920e-05  2.1424712e-05  1.5236252e-05  -6.3041044e-05  1.2416047e-05  -0.00058090308  0.0016706291  0.00065810918  0.0031266086  0.00070653929  0.0000000   0.0035732832  -0.00027266348  -0.00024655642  -0.00013580660  -0.00030861627  -0.00012041831  8.4263760e-05  1.1327536e-05  0.00042594770  -0.00018374489  0.00018729522  2.4087213e-05  -4.0821716e-06  -1.9892611e-05  -6.4486882e-05  -5.9836699e-05  -0.00022417956  0.00022677183  0.00012557345  -1.8755493e-05  -3.4473920e-05  2.1424712e-05  1.5236252e-05  -6.3041044e-05  1.2416047e-05  
-6.2447111e-06  -0.00050859177  -4.0667573e-05  0.00063694009  -0.0014969665  -0.0035732832  0.0000000   4.5457410e-05  7.6782256e-05  -0.00061310622  -0.00027619542  -7.7761646e-05  -1.3370588e-05  -1.5879764e-05  -0.00044328978  0.00013938342  -4.8521336e-06  2.7269428e-05  -1.0065482e-05  4.0759975e-05  -4.5594170e-06  1.3276601e-05  0.00011282635  -5.1267448e-05  -0.00013156688  -2.4832723e-06  0.00012186417  -0.00018946714  -2.1978615e-05  -1.2765571e-05  -5.4380765e-07  -6.2447111e-06  -0.00050859177  -4.0667573e-05  0.00063694009  -0.0014969665  -0.0035732832  0.0000000   4.5457410e-05  7.6782256e-05  -0.00061310622  -0.00027619542  -7.7761646e-05  -1.3370588e-05  -1.5879764e-05  -0.00044328978  0.00013938342  -4.8521336e-06  2.7269428e-05  -1.0065482e-05  4.0759975e-05  -4.5594170e-06  1.3276601e-05  0.00011282635  -5.1267448e-05  -0.00013156688  -2.4832723e-06  0.00012186417  -0.00018946714  -2.1978615e-05  -1.2765571e-05  -5.4380765e-07  
-0.00080296038  -0.00010557770  0.00097673916  0.00014227800  -0.00076569523  0.00027266348  -4.5457410e-05  0.0000000   -0.0040475323  5.4566011e-05  -0.00015033906  -0.00029563460  -0.00034443648  0.00059534778  -1.3045905e-05  3.9942095e-05  0.00024052103  -0.00014750658  -0.00010078471  -0.00018452117  -0.00032950524  -0.00015472059  -2.2847875e-05  4.7074752e-05  4.1944674e-05  -8.1074756e-05  1.6656488e-05  -1.3954523e-05  -4.5099805e-06  -8.2812707e-05  -7.9799181e-06  -0.00080296038  -0.00010557770  0.00097673916  0.00014227800  -0.00076569523  0.00027266348  -4.5457410e-05  0.0000000   -0.0040475323  5.4566011e-05  -0.00015033906  -0.00029563460  -0.00034443648  0.00059534778  -1.3045905e-05  3.9942095e-05  0.00024052103  -0.00014750658  -0.00010078471  -0.00018452117  -0.00032950524  -0.00015472059  -2.2847875e-05  4.7074752e-05  4.1944674e-05  -8.1074756e-05  1.6656488e-05  -1.3954523e-05  -4.5099805e-06  -8.2812707e-05  -7.9799181e-06  
0.00019719431  0.00010256746  -0.00046480024  1.9706760e-05  -0.00030013490  0.00024655642  -7.6782256e-05  0.0040475323  0.0000000   0.00018458950  -2.8659791e-05  -0.00063762320  -0.00010390914  0.00044244539  5.6747992e-05  2.4427524e-05  -0.00034532071  0.00023478290  -9.4317768e-05  5.4359939e-05  -0.00015677244  0.00012649241  -1.2818404e-05  1.0446464e-05  -2.8403697e-06  -0.00015339289  -3.5843751e-06  1.3977221e-05  -1.3503909e-05  -1.1988194e-05  -9.5239195e-06  0.00019719431  0.00010256746  -0.00046480024  1.9706760e-05  -0.00030013490  0.00024655642  -7.6782256e-05  0.0040475323  0.0000000   0.00018458950  -2.8659791e-05  -0.00063762320  -0.00010390914  0.00044244539  5.6747992e-05  2.4427524e-05  -0.00034532071  0.00023478290  -9.4317768e-05  5.4359939e-05  -0.00015677244  0.00012649241  -1.2818404e-05  1.0446464e-05  -2.8403697e-06  -0.00015339289  -3.5843751e-06  1.3977221e-05  -1.3503909e-05  -1.1988194e-05  -9.5239195e-06  
4.3274389e-05  -0.00031935120  3.1303148e-05  -0.00016971954  5.4253448e-05  0.00013580660  0.00061310622  -5.4566011e-05  -0.00018458950  0.0000000   0.00075431656  -9.5218902e-06  -7.9811898e-05  2.0146504e-05  8.7274337e-05  0.00040752766  1.0881592e-05  -3.2107571e-05  1.1394874e-05  -4.5069790e-06  -1.9437241e-05  2.4188576e-08  0.00022058579  -0.00015486925  -9.5627906e-05  -1.8563587e-06  -6.0440421e-06  -6.4234927e-05  8.9133934e-05  2.7141722e-08  4.0040745e-06  4.3274389e-05  -0.00031935120  3.1303148e-05  -0.00016971954  5.4253448e-05  0.00013580660  0.00061310622  -5.4566011e-05  -0.00018458950  0.0000000   0.00075431656  -9.5218902e-06  -7.9811898e-05  2.0146504e-05  8.7274337e-05  0.00040752766  1.0881592e-05  -3.2107571e-05  1.1394874e-05  -4.5069790e-06  -1.9437241e-05  2.4188576e-08  0.00022058579  -0.00015486925  -9.5627906e-05  -1.8563587e-06  -6.0440421e-06  -6.4234927e-05  8.9133934e-05  2.7141722e-08  4.0040745e-06  
