0.0000000   8.2507100e-05  -3.9458939e-05  -2.0252160e-05  -2.3562246e-05  7.1240908e-05  2.7329595e-06  -2.3545844e-05  -3.4341103e-05  2.4832643e-05  -8.9760396e-06  1.0327017e-06  1.1405829e-05  0.00012934610  -3.5616342e-07  -6.2670272e-05  -0.00016688636  1.2984509e-05  2.6166785e-05  -1.4049146e-05  8.2527264e-06  -8.0339897e-07  1.4817733e-05  -5.4024540e-05  -6.6635452e-05  0.00015651363  6.6870769e-05  -4.0098815e-06  -5.7179970e-08  -7.1572909e-05  -9.2768800e-05  0.0000000   8.2507100e-05  -3.9458939e-05  -2.0252160e-05  -2.3562246e-05  7.1240908e-05  2.7329595e-06  -2.3545844e-05  -3.4341103e-05  2.4832643e-05  -8.9760396e-06  1.0327017e-06  1.1405829e-05  0.00012934610  -3.5616342e-07  -6.2670272e-05  -0.00016688636  1.2984509e-05  2.6166785e-05  -1.4049146e-05  8.2527264e-06  -8.0339897e-07  1.4817733e-05  -5.4024540e-05  -6.6635452e-05  0.00015651363  6.6870769e-05  -4.0098815e-06  -5.7179970e-08  -7.1572909e-05  -9.2768800e-05  
-8.2507100e-05  0.0000000   0.00015129990  0.00071548610  -1.0208841e-05  0.0010371365  0.00068788716  -6.3064826e-05  0.00085267360  0.00025181602  -1.0364380e-05  -0.00020772007  -0.00021453480  2.5111500e-05  -5.2050996e-05  -0.00017625113  -7.7647302e-06  -0.00021227758  4.4769287e-05  4.1275906e-05  -6.3633431e-05  0.00010891219  3.4898249e-06  -2.1185905e-06  -6.2308550e-06  2.5963545e-05  -2.0195049e-06  8.5820927e-05  -8.4451078e-06  8.2654933e-06  3.6655535e-05  -8.2507100e-05  0.0000000   0.00015129990  0.00071548610  -1.0208841e-05  0.0010371365  0.00068788716  -6.3064826e-05  0.00085267360  0.00025181602  -1.0364380e-05  -0.00020772007  -0.00021453480  2.5111500e-05  -5.2050996e-05  -0.00017625113  -7.7647302e-06  -0.00021227758  4.4769287e-05  4.1275906e-05  -6.3633431e-05  0.00010891219  3.4898249e-06  -2.1185905e-06  -6.2308550e-06  2.5963545e-05  -2.0195049e-06  8.5820927e-05  -8.4451078e-06  8.2654933e-06  3.6655535e-05  
3.9458939e-05  -0.00015129990  0.0000000   -0.00021202851  0.0028867670  1.2113410e-05  8.9461628e-05  0.00019768087  0.00022163265  -0.00014295167  -4.7355169e-06  -7.7372967e-05  7.3243523e-07  -0.00024060200  -3.8732202e-05  -4.6659666e-06  0.00011515440  1.7342840e-05  2.7208958e-05  2.1780092e-05  -1.3518743e-05  2.2811419e-06  4.6121232e-05  1.4303278e-05  9.6728850e-05  -6.5774869e-06  2.9304324e-06  -1.8521597e-06  7.8707313e-05  7.7990512e-05  2.1191193e-05  3.9458939e-05  -0.00015129990  0.0000000   -0.00021202851  0.0028867670  1.2113410e-05  8.9461628e-05  0.00019768087  0.00022163265  -0.00014295167  -4.7355169e-06  -7.7372967e-05  7.3243523e-07  -0.00024060200  -3.8732202e-05  -4.6659666e-06  0.00011515440  1.7342840e-05  2.7208958e-05  2.1780092e-05  -1.3518743e-05  2.2811419e-06  4.6121232e-05  1.4303278e-05  9.6728850e-05  -6.5774869e-06  2.9304324e-06  -1.8521597e-06  7.8707313e-05  7.7990512e-05  2.1191193e-05  
2.0252160e-05  -0.00071548610  0.00021202851  0.0000000   -0.00013469066  -0.0012444481  -4.5758097e-05  -0.00025525259  0.00033525627  -0.00069944187  0.00013785185  -3.1598506e-05  0.00046565514  -2.1892538e-05  0.00037971383  -1.7897910e-05  9.3142813e-06  -0.00026440084  5.1352368e-05  9.5443194e-05  -0.00011026208  4.0577948e-05  2.9027422e-06  6.0223985e-06  1.1246214e-05  1.8519057e-05  4.9077465e-06  0.00011970816  7.0441380e-06  -1.6403351e-05  1.9874621e-05  2.0252160e-05  -0.00071548610  0.00021202851  0.0000000   -0.00013469066  -0.0012444481  -4.5758097e-05  -0.00025525259  0.00033525627  -0.00069944187  0.00013785185  -3.1598506e-05  0.00046565514  -2.1892538e-05  0.00037971383  -1.7897910e-05  9.3142813e-06  -0.00026440084  5.1352368e-05  9.5443194e-05  -0.00011026208  4.0577948e-05  2.9027422e-06  6.0223985e-06  1.1246214e-05  1.8519057e-05  4.9077465e-06  0.00011970816  7.0441380e-06  -1.6403351e-05  1.9874621e-05  
2.3562246e-05  1.0208841e-05  -0.0028867670  0.00013469066  0.0000000   -0.00012607449  9.9775052e-05  -0.00017673799  -4.3840593e-06  -2.1144949e-05  2.6713347e-05  1.1675495e-05  5.4201501e-05  3.4591025e-05  -8.3258162e-05  7.4479570e-05  -0.00023933355  -4.7326928e-05  9.3498294e-05  -4.8298105e-05  6.5245623e-06  -3.1848086e-06  4.9047584e-05  -2.3583783e-05  -7.3640984e-05  -0.00015398222  8.3313179e-06  1.3132566e-05  -5.9032457e-05  -3.0347028e-05  8.4800569e-05  2.3562246e-05  1.0208841e-05  -0.0028867670  0.00013469066  0.0000000   -0.00012607449  9.9775052e-05  -0.00017673799  -4.3840593e-06  -2.1144949e-05  2.6713347e-05  1.1675495e-05  5.4201501e-05  3.4591025e-05  -8.3258162e-05  7.4479570e-05  -0.00023933355  -4.7326928e-05  9.3498294e-05  -4.8298105e-05  6.5245623e-06  -3.1848086e-06  4.9047584e-05  -2.3583783e-05  -7.3640984e-05  -0.00015398222  8.3313179e-06  1.3132566e-05  -5.9032457e-05  -3.0347028e-05  8.4800569e-05  
-7.1240908e-05  -0.0010371365  -1.2113410e-05  0.0012444481  0.00012607449  0.0000000   2.7243038e-06  9.4958293e-05  0.00056596337  -0.00015021519  0.00072749465  -0.00034367063  0.00025447990  3.0728754e-05  -0.00044508499  -0.00024819941  -7.4256510e-06  -2.3864859e-05  1.6460559e-05  2.6394750e-05  -3.2693726e-05  1.0714638e-05  8.0946321e-06  -1.3725984e-07  3.2667035e-07  1.2058555e-05  9.5098610e-06  0.00014364469  1.6943047e-06  8.7745209e-06  4.6807411e-05  -7.1240908e-05  -0.0010371365  -1.2113410e-05  0.0012444481  0.00012607449  0.0000000   2.7243038e-06  9.4958293e-05  0.00056596337  -0.00015021519  0.00072749465  -0.00034367063  0.00025447990  3.0728754e-05  -0.00044508499  -0.00024819941  -7.4256510e-06  -2.3864859e-05  1.6460559e-05  2.6394750e-05  -3.2693726e-05  1.0714638e-05  8.0946321e-06  -1.3725984e-07  3.2667035e-07  1.2058555e-05  9.5098610e-06  0.00014364469  1.6943047e-06  8.7745209e-06  4.6807411e-05  
-2.7329595e-06  -0.00068788716  -8.9461628e-05  4.5758097e-05  -9.9775052e-05  -2.7243038e-06  0.0000000   0.0045816696  0.0044599012  -0.0011248829  -9.7267369e-05  5.4644927e-05  0.00030135154  -9.8496595e-06  -0.00015507345  -0.00027317778  2.5363609e-05  3.9249147e-06  4.1611596e-05  3.6827764e-05  -0.00024824595  0.00026464331  2.3925814e-05  4.4894765e-05  4.2378253e-06  6.1281114e-06  1.8281668e-05  5.9111696e-05  -6.5013846e-07  -6.6216147e-05  -1.4455908e-05  -2.7329595e-06  -0.00068788716  -8.9461628e-05  4.5758097e-05  -9.9775052e-05  -2.7243038e-06  0.0000000   0.0045816696  0.0044599012  -0.0011248829  -9.7267369e-05  5.4644927e-05  0.00030135154  -9.8496595e-06  -0.00015507345  -0.00027317778  2.5363609e-05  3.9249147e-06  4.1611596e-05  3.6827764e-05  -0.00024824595  0.00026464331  2.3925814e-05  4.4894765e-05  4.2378253e-06  6.1281114e-06  1.8281668e-05  5.9111696e-05  -6.5013846e-07  -6.6216147e-05  -1.4455908e-05  
2.3545844e-05  6.3064826e-05  -0.00019768087  0.00025525259  0.00017673799  -9.4958293e-05  -0.0045816696  0.0000000   -0.0013210485  -0.00011378974  0.00077145896  0.00043297666  0.00013641380  -3.7604547e-05  8.4410635e-05  0.00076977070  2.6794186e-05  -7.6091298e-05  1.3955463e-06  5.2086242e-05  -7.5343732e-05  -7.7847608e-05  -1.5919614e-05  1.1964504e-06  1.2280027e-05  -1.7369255e-05  1.9065360e-05  -0.00022947520  1.4826730e-05  -1.2119734e-05  3.2275646e-05  2.3545844e-05  6.3064826e-05  -0.00019768087  0.00025525259  0.00017673799  -9.4958293e-05  -0.0045816696  0.0000000   -0.0013210485  -0.00011378974  0.00077145896  0.00043297666  0.00013641380  -3.7604547e-05  8.4410635e-05  0.00076977070  2.6794186e-05  -7.6091298e-05  1.3955463e-06  5.2086242e-05  -7.5343732e-05  -7.7847608e-05  -1.5919614e-05  1.1964504e-06  1.2280027e-05  -1.7369255e-05  1.9065360e-05  -0.00022947520  1.4826730e-05  -1.2119734e-05  3.2275646e-05  
3.4341103e-05  -0.00085267360  -0.00022163265  -0.00033525627  4.3840593e-06  -0.00056596337  -0.0044599012  0.0013210485  0.0000000   -0.0032315815  0.00094597881  -0.00019004857  0.00038888246  -2.6930678e-05  -0.00023830747  -0.00013554395  4.3285408e-05  3.2114195e-05  0.00015085122  0.00027868208  -0.00019263317  0.00017439888  -1.2896983e-05  2.3164525e-05  1.8448232e-05  -3.9125970e-06  1.4732834e-05  -4.3565721e-05  2.5662712e-05  -2.4103882e-05  2.1456429e-05  3.4341103e-05  -0.00085267360  -0.00022163265  -0.00033525627  4.3840593e-06  -0.00056596337  -0.0044599012  0.0013210485  0.0000000   -0.0032315815  0.00094597881  -0.00019004857  0.00038888246  -2.6930678e-05  -0.00023830747  -0.00013554395  4.3285408e-05  3.2114195e-05  0.00015085122  0.00027868208  -0.00019263317  0.00017439888  -1.2896983e-05  2.3164525e-05  1.8448232e-05  -3.9125970e-06  1.4732834e-05  -4.3565721e-05  2.5662712e-05  -2.4103882e-05  2.1456429e-05  
-2.4832643e-05  -0.00025181602  0.00014295167  0.00069944187  2.1144949e-05  0.00015021519  0.0011248829  0.00011378974  0.0032315815  0.0000000   0.00044048242  -0.00074260228  -3.9220473e-06  3.0732700e-05  3.1296050e-05  -0.00012234403  -3.3242847e-05  0.00026313463  3.8981817e-05  7.5615801e-05  0.00029163155  -9.8009418e-05  6.3701232e-06  8.3585127e-06  1.0482009e-05  2.7093216e-06  3.3327442e-06  2.8542203e-05  -7.2410348e-06  5.4921698e-05  -2.1467759e-05  -2.4832643e-05  -0.00025181602  0.00014295167  0.00069944187  2.1144949e-05  0.00015021519  0.0011248829  0.00011378974  0.0032315815  0.0000000   0.00044048242  -0.00074260228  -3.9220473e-06  3.0732700e-05  3.1296050e-05  -0.00012234403  -3.3242847e-05  0.00026313463  3.8981817e-05  7.5615801e-05  0.00029163155  -9.8009418e-05  6.3701232e-06  8.3585127e-06  1.0482009e-05  2.7093216e-06  3.3327442e-06  2.8542203e-05  -7.2410348e-06  5.4921698e-05  -2.1467759e-05  
8.9760396e-06  1.0364380e-05  4.7355169e-06  -0.00013785185  -2.6713347e-05  -0.00072749465  9.7267369e-05  -0.00077145896  -0.00094597881  -0.00044048242  0.0000000   0.0012935398  -0.0014624348  -1.3421968e-05  -0.00016029810  0.00023505244  -4.4414053e-06  0.00010543356  9.9616417e-05  8.8661861e-05  -0.00034703427  4.8011229e-05  1.1204323e-05  2.1451009e-06  -2.0273966e-05  1.9966346e-06  -1.5689421e-05  -0.00012560209  2.6495273e-06  -5.7028814e-05  0.00010381241  8.9760396e-06  1.0364380e-05  4.7355169e-06  -0.00013785185  -2.6713347e-05  -0.00072749465  9.7267369e-05  -0.00077145896  -0.00094597881  -0.00044048242  0.0000000   0.0012935398  -0.0014624348  -1.3421968e-05  -0.00016029810  0.00023505244  -4.4414053e-06  0.00010543356  9.9616417e-05  8.8661861e-05  -0.00034703427  4.8011229e-05  1.1204323e-05  2.1451009e-06  -2.0273966e-05  1.9966346e-06  -1.5689421e-05  -0.00012560209  2.6495273e-06  -5.7028814e-05  0.00010381241  
-1.0327017e-06  0.00020772007  7.7372967e-05  3.1598506e-05  -1.1675495e-05  0.00034367063  -5.4644927e-05  -0.00043297666  0.00019004857  0.00074260228  -0.0012935398  0.0000000   -0.0071234981  0.00014617001  0.00035124675  0.00050138285  -9.2724094e-05  -0.00069620205  0.00012443067  8.5639511e-05  0.00029064431  0.00024190065  -3.5739555e-05  6.9145441e-05  -2.7960625e-06  4.5442239e-05  -1.5557900e-05  5.3088193e-05  -1.7296621e-05  8.6512369e-06  -8.6508819e-05  -1.0327017e-06  0.00020772007  7.7372967e-05  3.1598506e-05  -1.1675495e-05  0.00034367063  -5.4644927e-05  -0.00043297666  0.00019004857  0.00074260228  -0.0012935398  0.0000000   -0.0071234981  0.00014617001  0.00035124675  0.00050138285  -9.2724094e-05  -0.00069620205  0.00012443067  8.5639511e-05  0.00029064431  0.00024190065  -3.5739555e-05  6.9145441e-05  -2.7960625e-06  4.5442239e-05  -1.5557900e-05  5.3088193e-05  -1.7296621e-05  8.6512369e-06  -8.6508819e-05  
-1.1405829e-05  0.00021453480  -7.3243523e-07  -0.00046565514  -5.4201501e-05  -0.00025447990  -0.00030135154  -0.00013641380  -0.00038888246  3.9220473e-06  0.0014624348  0.0071234981  0.0000000   -0.00031984541  0.00083177781  0.00053402304  8.3020477e-05  -0.00051130093  0.00017929266  7.4528881e-05  -0.00027165405  -0.00011513687  3.6212631e-05  6.9745150e-06  -4.4463439e-05  -1.4745978e-05  -1.0090496e-05  2.1461790e-05  -7.1221080e-06  -1.4434917e-05  6.3951397e-05  -1.1405829e-05  0.00021453480  -7.3243523e-07  -0.00046565514  -5.4201501e-05  -0.00025447990  -0.00030135154  -0.00013641380  -0.00038888246  3.9220473e-06  0.0014624348  0.0071234981  0.0000000   -0.00031984541  0.00083177781  0.00053402304  8.3020477e-05  -0.00051130093  0.00017929266  7.4528881e-05  -0.00027165405  -0.00011513687  3.6212631e-05  6.9745150e-06  -4.4463439e-05  -1.4745978e-05  -1.0090496e-05  2.1461790e-05  -7.1221080e-06  -1.4434917e-05  6.3951397e-05  
-0.00012934610  -2.5111500e-05  0.00024060200  2.1892538e-05  -3.4591025e-05  -3.0728754e-05  9.8496595e-06  3.7604547e-05  2.6930678e-05  -3.0732700e-05  1.3421968e-05  -0.00014617001  0.00031984541  0.0000000   0.00013695857  0.00059881423  0.00058720844  -6.1652368e-06  -0.00021542032  0.00012264939  1.2956271e-05  -4.0306958e-06  -0.00015404479  9.6391157e-05  2.0118485e-05  0.00026329755  0.00015898108  9.5251625e-06  -7.8260863e-05  -0.00010374150  0.00010661661  -0.00012934610  -2.5111500e-05  0.00024060200  2.1892538e-05  -3.4591025e-05  -3.0728754e-05  9.8496595e-06  3.7604547e-05  2.6930678e-05  -3.0732700e-05  1.3421968e-05  -0.00014617001  0.00031984541  0.0000000   0.00013695857  0.00059881423  0.00058720844  -6.1652368e-06  -0.00021542032  0.00012264939  1.2956271e-05  -4.0306958e-06  -0.00015404479  9.6391157e-05  2.0118485e-05  0.00026329755  0.00015898108  9.5251625e-06  -7.8260863e-05  -0.00010374150  0.00010661661  
3.5616342e-07  5.2050996e-05  3.8732202e-05  -0.00037971383  8.3258162e-05  0.00044508499  0.00015507345  -8.4410635e-05  0.00023830747  -3.1296050e-05  0.00016029810  -0.00035124675  -0.00083177781  -0.00013695857  0.0000000   -0.017116359  4.8023465e-05  0.0018637671  0.00037620309  0.00027512897  -0.00043004097  -7.6210865e-05  0.00010110522  -8.3144634e-05  -5.9953771e-05  -9.8030316e-05  -0.00020722575  -0.00027986983  -8.6885103e-05  -7.7464518e-07  -7.9055096e-05  3.5616342e-07  5.2050996e-05  3.8732202e-05  -0.00037971383  8.3258162e-05  0.00044508499  0.00015507345  -8.4410635e-05  0.00023830747  -3.1296050e-05  0.00016029810  -0.00035124675  -0.00083177781  -0.00013695857  0.0000000   -0.017116359  4.8023465e-05  0.0018637671  0.00037620309  0.00027512897  -0.00043004097  -7.6210865e-05  0.00010110522  -8.3144634e-05  -5.9953771e-05  -9.8030316e-05  -0.00020722575  -0.00027986983  -8.6885103e-05  -7.7464518e-07  -7.9055096e-05  
6.2670272e-05  0.00017625113  4.6659666e-06  1.7897910e-05  -7.4479570e-05  0.00024819941  0.00027317778  -0.00076977070  0.00013554395  0.00012234403  -0.00023505244  -0.00050138285  -0.00053402304  -0.00059881423  0.017116359  0.0000000   -0.00058381964  0.0016471545  0.00044429435  0.00065579866  -0.00045199970  -5.4165700e-05  6.3098263e-05  -0.00015815832  0.00011581045  8.1777915e-06  -2.9666137e-05  9.3285133e-05  -9.0219804e-05  -5.7340891e-05  -3.0458888e-06  6.2670272e-05  0.00017625113  4.6659666e-06  1.7897910e-05  -7.4479570e-05  0.00024819941  0.00027317778  -0.00076977070  0.00013554395  0.00012234403  -0.00023505244  -0.00050138285  -0.00053402304  -0.00059881423  0.017116359  0.0000000   -0.00058381964  0.0016471545  0.00044429435  0.00065579866  -0.00045199970  -5.4165700e-05  6.3098263e-05  -0.00015815832  0.00011581045  8.1777915e-06  -2.9666137e-05  9.3285133e-05  -9.0219804e-05  -5.7340891e-05  -3.0458888e-06  
0.00016688636  7.7647302e-06  -0.00011515440  -9.3142813e-06  0.00023933355  7.4256510e-06  -2.5363609e-05  -2.6794186e-05  -4.3285408e-05  3.3242847e-05  4.4414053e-06  9.2724094e-05  -8.3020477e-05  -0.00058720844  -4.8023465e-05  0.00058381964  0.0000000   -8.5726140e-05  0.00013082644  -7.6993845e-05  -1.5143594e-06  1.0625447e-05  2.5244376e-05  -0.00024932202  0.00014713625  4.8883838e-05  -0.00015833745  3.0711050e-06  0.00020192049  7.8109947e-05  -0.00013071572  0.00016688636  7.7647302e-06  -0.00011515440  -9.3142813e-06  0.00023933355  7.4256510e-06  -2.5363609e-05  -2.6794186e-05  -4.3285408e-05  3.3242847e-05  4.4414053e-06  9.2724094e-05  -8.3020477e-05  -0.00058720844  -4.8023465e-05  0.00058381964  0.0000000   -8.5726140e-05  0.00013082644  -7.6993845e-05  -1.5143594e-06  1.0625447e-05  2.5244376e-05  -0.00024932202  0.00014713625  4.8883838e-05  -0.00015833745  3.0711050e-06  0.00020192049  7.8109947e-05  -0.00013071572  
-1.2984509e-05  0.00021227758  -1.7342840e-05  0.00026440084  4.7326928e-05  2.3864859e-05  -3.9249147e-06  7.6091298e-05  -3.2114195e-05  -0.00026313463  -0.00010543356  0.00069620205  0.00051130093  6.1652368e-06  -0.0018637671  -0.0016471545  8.5726140e-05  0.0000000   -0.00047064665  -0.00076286026  0.00024460006  3.5886096e-05  7.7776662e-06  1.1399429e-05  -6.2960251e-05  3.1371202e-05  -4.0576697e-05  0.00010574357  1.1125976e-05  8.0508475e-05  -5.4433460e-05  -1.2984509e-05  0.00021227758  -1.7342840e-05  0.00026440084  4.7326928e-05  2.3864859e-05  -3.9249147e-06  7.6091298e-05  -3.2114195e-05  -0.00026313463  -0.00010543356  0.00069620205  0.00051130093  6.1652368e-06  -0.0018637671  -0.0016471545  8.5726140e-05  0.0000000   -0.00047064665  -0.00076286026  0.00024460006  3.5886096e-05  7.7776662e-06  1.1399429e-05  -6.2960251e-05  3.1371202e-05  -4.0576697e-05  0.00010574357  1.1125976e-05  8.0508475e-05  -5.4433460e-05  
-2.6166785e-05  -4.4769287e-05  -2.7208958e-05  -5.1352368e-05  -9.3498294e-05  -1.6460559e-05  -4.1611596e-05  -1.3955463e-06  -0.00015085122  -3.8981817e-05  -9.9616417e-05  -0.00012443067  -0.00017929266  0.00021542032  -0.00037620309  -0.00044429435  -0.00013082644  0.00047064665  0.0000000   -3.2722281e-06  1.4618691e-05  -0.00031832560  0.00046095965  -0.00033885410  -4.9075338e-05  -5.4486005e-05  6.1641187e-05  4.6357282e-06  -0.00018389912  6.1559628e-05  8.2055118e-05  -2.6166785e-05  -4.4769287e-05  -2.7208958e-05  -5.1352368e-05  -9.3498294e-05  -1.6460559e-05  -4.1611596e-05  -1.3955463e-06  -0.00015085122  -3.8981817e-05  -9.9616417e-05  -0.00012443067  -0.00017929266  0.00021542032  -0.00037620309  -0.00044429435  -0.00013082644  0.00047064665  0.0000000   -3.2722281e-06  1.4618691e-05  -0.00031832560  0.00046095965  -0.00033885410  -4.9075338e-05  -5.4486005e-05  6.1641187e-05  4.6357282e-06  -0.00018389912  6.1559628e-05  8.2055118e-05  
1.4049146e-05  -4.1275906e-05  -2.1780092e-05  -9.5443194e-05  4.8298105e-05  -2.6394750e-05  -3.6827764e-05  -5.2086242e-05  -0.00027868208  -7.5615801e-05  -8.8661861e-05  -8.5639511e-05  -7.4528881e-05  -0.00012264939  -0.00027512897  -0.00065579866  7.6993845e-05  0.00076286026  3.2722281e-06  0.0000000   -8.8276569e-05  -0.00060222676  -0.00028595983  0.00017295999  -4.6916126e-05  2.8576430e-05  -7.1338420e-05  1.1094225e-05  0.00010365507  -0.00013816908  -1.6041100e-05  1.4049146e-05  -4.1275906e-05  -2.1780092e-05  -9.5443194e-05  4.8298105e-05  -2.6394750e-05  -3.6827764e-05  -5.2086242e-05  -0.00027868208  -7.5615801e-05  -8.8661861e-05  -8.5639511e-05  -7.4528881e-05  -0.00012264939  -0.00027512897  -0.00065579866  7.6993845e-05  0.00076286026  3.2722281e-06  0.0000000   -8.8276569e-05  -0.00060222676  -0.00028595983  0.00017295999  -4.6916126e-05  2.8576430e-05  -7.1338420e-05  1.1094225e-05  0.00010365507  -0.00013816908  -1.6041100e-05  
-8.2527264e-06  6.3633431e-05  1.3518743e-05  0.00011026208  -6.5245623e-06  3.2693726e-05  0.00024824595  7.5343732e-05  0.00019263317  -0.00029163155  0.00034703427  -0.00029064431  0.00027165405  -1.2956271e-05  0.00043004097  0.00045199970  1.5143594e-06  -0.00024460006  -1.4618691e-05  8.8276569e-05  0.0000000   -0.0025379143  8.1411052e-05  -0.00015124281  -7.5706773e-05  3.5590332e-05  -3.2527996e-06  0.00018461501  -4.1670262e-05  6.0632247e-06  -3.7444730e-05  -8.2527264e-06  6.3633431e-05  1.3518743e-05  0.00011026208  -6.5245623e-06  3.2693726e-05  0.00024824595  7.5343732e-05  0.00019263317  -0.00029163155  0.00034703427  -0.00029064431  0.00027165405  -1.2956271e-05  0.00043004097  0.00045199970  1.5143594e-06  -0.00024460006  -1.4618691e-05  8.8276569e-05  0.0000000   -0.0025379143  8.1411052e-05  -0.00015124281  -7.5706773e-05  3.5590332e-05  -3.2527996e-06  0.00018461501  -4.1670262e-05  6.0632247e-06  -3.7444730e-05  
8.0339897e-07  -0.00010891219  -2.2811419e-06  -4.0577948e-05  3.1848086e-06  -1.0714638e-05  -0.00026464331  7.7847608e-05  -0.00017439888  9.8009418e-05  -4.8011229e-05  -0.00024190065  0.00011513687  4.0306958e-06  7.6210865e-05  5.4165700e-05  -1.0625447e-05  -3.5886096e-05  0.00031832560  0.00060222676  0.0025379143  0.0000000   -0.00013032670  -7.6135936e-05  0.00011620135  -0.00010150306  2.8698712e-05  0.00053747401  1.8279936e-06  6.9085790e-06  -3.1664492e-05  8.0339897e-07  -0.00010891219  -2.2811419e-06  -4.0577948e-05  3.1848086e-06  -1.0714638e-05  -0.00026464331  7.7847608e-05  -0.00017439888  9.8009418e-05  -4.8011229e-05  -0.00024190065  0.00011513687  4.0306958e-06  7.6210865e-05  5.4165700e-05  -1.0625447e-05  -3.5886096e-05  0.00031832560  0.00060222676  0.0025379143  0.0000000   -0.00013032670  -7.6135936e-05  0.00011620135  -0.00010150306  2.8698712e-05  0.00053747401  1.8279936e-06  6.9085790e-06  -3.1664492e-05  
-1.4817733e-05  -3.4898249e-06  -4.6121232e-05  -2.9027422e-06  -4.9047584e-05  -8.0946321e-06  -2.3925814e-05  1.5919614e-05  1.2896983e-05  -6.3701232e-06  -1.1204323e-05  3.5739555e-05  -3.6212631e-05  0.00015404479  -0.00010110522  -6.3098263e-05  -2.5244376e-05  -7.7776662e-06  -0.00046095965  0.00028595983  -8.1411052e-05  0.00013032670  0.0000000   -0.00094880687  -0.00038314386  0.0011020169  -0.00057929973  1.1665542e-05  -0.00029545283  6.5992839e-05  0.00018120104  -1.4817733e-05  -3.4898249e-06  -4.6121232e-05  -2.9027422e-06  -4.9047584e-05  -8.0946321e-06  -2.3925814e-05  1.5919614e-05  1.2896983e-05  -6.3701232e-06  -1.1204323e-05  3.5739555e-05  -3.6212631e-05  0.00015404479  -0.00010110522  -6.3098263e-05  -2.5244376e-05  -7.7776662e-06  -0.00046095965  0.00028595983  -8.1411052e-05  0.00013032670  0.0000000   -0.00094880687  -0.00038314386  0.0011020169  -0.00057929973  1.1665542e-05  -0.00029545283  6.5992839e-05  0.00018120104  
5.4024540e-05  2.1185905e-06  -1.4303278e-05  -6.0223985e-06  2.3583783e-05  1.3725984e-07  -4.4894765e-05  -1.1964504e-06  -2.3164525e-05  -8.3585127e-06  -2.1451009e-06  -6.9145441e-05  -6.9745150e-06  -9.6391157e-05  8.3144634e-05  0.00015815832  0.00024932202  -1.1399429e-05  0.00033885410  -0.00017295999  0.00015124281  7.6135936e-05  0.00094880687  0.0000000   -0.0025220989  0.0016037717  -0.00013993131  2.9482974e-05  0.00013226173  0.00012574670  -0.00036898670  5.4024540e-05  2.1185905e-06  -1.4303278e-05  -6.0223985e-06  2.3583783e-05  1.3725984e-07  -4.4894765e-05  -1.1964504e-06  -2.3164525e-05  -8.3585127e-06  -2.1451009e-06  -6.9145441e-05  -6.9745150e-06  -9.6391157e-05  8.3144634e-05  0.00015815832  0.00024932202  -1.1399429e-05  0.00033885410  -0.00017295999  0.00015124281  7.6135936e-05  0.00094880687  0.0000000   -0.0025220989  0.0016037717  -0.00013993131  2.9482974e-05  0.00013226173  0.00012574670  -0.00036898670  
6.6635452e-05  6.2308550e-06  -9.6728850e-05  -1.1246214e-05  7.3640984e-05  -3.2667035e-07  -4.2378253e-06  -1.2280027e-05  -1.8448232e-05  -1.0482009e-05  2.0273966e-05  2.7960625e-06  4.4463439e-05  -2.0118485e-05  5.9953771e-05  -0.00011581045  -0.00014713625  6.2960251e-05  4.9075338e-05  4.6916126e-05  7.5706773e-05  -0.00011620135  0.00038314386  0.0025220989  0.0000000   0.0038583752  -0.0022638431  0.00011293937  0.00057197592  -4.6259618e-05  -0.00025300615  6.6635452e-05  6.2308550e-06  -9.6728850e-05  -1.1246214e-05  7.3640984e-05  -3.2667035e-07  -4.2378253e-06  -1.2280027e-05  -1.8448232e-05  -1.0482009e-05  2.0273966e-05  2.7960625e-06  4.4463439e-05  -2.0118485e-05  5.9953771e-05  -0.00011581045  -0.00014713625  6.2960251e-05  4.9075338e-05  4.6916126e-05  7.5706773e-05  -0.00011620135  0.00038314386  0.0025220989  0.0000000   0.0038583752  -0.0022638431  0.00011293937  0.00057197592  -4.6259618e-05  -0.00025300615  
-0.00015651363  -2.5963545e-05  6.5774869e-06  -1.8519057e-05  0.00015398222  -1.2058555e-05  -6.1281114e-06  1.7369255e-05  3.9125970e-06  -2.7093216e-06  -1.9966346e-06  -4.5442239e-05  1.4745978e-05  -0.00026329755  9.8030316e-05  -8.1777915e-06  -4.8883838e-05  -3.1371202e-05  5.4486005e-05  -2.8576430e-05  -3.5590332e-05  0.00010150306  -0.0011020169  -0.0016037717  -0.0038583752  0.0000000   -0.00079518849  5.4749443e-05  -0.00049349558  0.00024090007  -9.9513823e-05  -0.00015651363  -2.5963545e-05  6.5774869e-06  -1.8519057e-05  0.00015398222  -1.2058555e-05  -6.1281114e-06  1.7369255e-05  3.9125970e-06  -2.7093216e-06  -1.9966346e-06  -4.5442239e-05  1.4745978e-05  -0.00026329755  9.8030316e-05  -8.1777915e-06  -4.8883838e-05  -3.1371202e-05  5.4486005e-05  -2.8576430e-05  -3.5590332e-05  0.00010150306  -0.0011020169  -0.0016037717  -0.0038583752  0.0000000   -0.00079518849  5.4749443e-05  -0.00049349558  0.00024090007  -9.9513823e-05  
-6.6870769e-05  2.0195049e-06  -2.9304324e-06  -4.9077465e-06  -8.3313179e-06  -9.5098610e-06  -1.8281668e-05  -1.9065360e-05  -1.4732834e-05  -3.3327442e-06  1.5689421e-05  1.5557900e-05  1.0090496e-05  -0.00015898108  0.00020722575  2.9666137e-05  0.00015833745  4.0576697e-05  -6.1641187e-05  7.1338420e-05  3.2527996e-06  -2.8698712e-05  0.00057929973  0.00013993131  0.0022638431  0.00079518849  0.0000000   -2.8098579e-05  0.00018697797  -0.0012782612  -0.00041544072  -6.6870769e-05  2.0195049e-06  -2.9304324e-06  -4.9077465e-06  -8.3313179e-06  -9.5098610e-06  -1.8281668e-05  -1.9065360e-05  -1.4732834e-05  -3.3327442e-06  1.5689421e-05  1.5557900e-05  1.0090496e-05  -0.00015898108  0.00020722575  2.9666137e-05  0.00015833745  4.0576697e-05  -6.1641187e-05  7.1338420e-05  3.2527996e-06  -2.8698712e-05  0.00057929973  0.00013993131  0.0022638431  0.00079518849  0.0000000   -2.8098579e-05  0.00018697797  -0.0012782612  -0.00041544072  
4.0098815e-06  -8.5820927e-05  1.8521597e-06  -0.00011970816  -1.3132566e-05  -0.00014364469  -5.9111696e-05  0.00022947520  4.3565721e-05  -2.8542203e-05  0.00012560209  -5.3088193e-05  -2.1461790e-05  -9.5251625e-06  0.00027986983  -9.3285133e-05  -3.0711050e-06  -0.00010574357  -4.6357282e-06  -1.1094225e-05  -0.00018461501  -0.00053747401  -1.1665542e-05  -2.9482974e-05  -0.00011293937  -5.4749443e-05  2.8098579e-05  0.0000000   -1.8908317e-05  0.00041774173  -0.00017063645  4.0098815e-06  -8.5820927e-05  1.8521597e-06  -0.00011970816  -1.3132566e-05  -0.00014364469  -5.9111696e-05  0.00022947520  4.3565721e-05  -2.8542203e-05  0.00012560209  -5.3088193e-05  -2.1461790e-05  -9.5251625e-06  0.00027986983  -9.3285133e-05  -3.0711050e-06  -0.00010574357  -4.6357282e-06  -1.1094225e-05  -0.00018461501  -0.00053747401  -1.1665542e-05  -2.9482974e-05  -0.00011293937  -5.4749443e-05  2.8098579e-05  0.0000000   -1.8908317e-05  0.00041774173  -0.00017063645  
5.7179970e-08  8.4451078e-06  -7.8707313e-05  -7.0441380e-06  5.9032457e-05  -1.6943047e-06  6.5013846e-07  -1.4826730e-05  -2.5662712e-05  7.2410348e-06  -2.6495273e-06  1.7296621e-05  7.1221080e-06  7.8260863e-05  8.6885103e-05  9.0219804e-05  -0.00020192049  -1.1125976e-05  0.00018389912  -0.00010365507  4.1670262e-05  -1.8279936e-06  0.00029545283  -0.00013226173  -0.00057197592  0.00049349558  -0.00018697797  1.8908317e-05  0.0000000   0.00046202038  -0.00086628757  5.7179970e-08  8.4451078e-06  -7.8707313e-05  -7.0441380e-06  5.9032457e-05  -1.6943047e-06  6.5013846e-07  -1.4826730e-05  -2.5662712e-05  7.2410348e-06  -2.6495273e-06  1.7296621e-05  7.1221080e-06  7.8260863e-05  8.6885103e-05  9.0219804e-05  -0.00020192049  -1.1125976e-05  0.00018389912  -0.00010365507  4.1670262e-05  -1.8279936e-06  0.00029545283  -0.00013226173  -0.00057197592  0.00049349558  -0.00018697797  1.8908317e-05  0.0000000   0.00046202038  -0.00086628757  
7.1572909e-05  -8.2654933e-06  -7.7990512e-05  1.6403351e-05  3.0347028e-05  -8.7745209e-06  6.6216147e-05  1.2119734e-05  2.4103882e-05  -5.4921698e-05  5.7028814e-05  -8.6512369e-06  1.4434917e-05  0.00010374150  7.7464518e-07  5.7340891e-05  -7.8109947e-05  -8.0508475e-05  -6.1559628e-05  0.00013816908  -6.0632247e-06  -6.9085790e-06  -6.5992839e-05  -0.00012574670  4.6259618e-05  -0.00024090007  0.0012782612  -0.00041774173  -0.00046202038  0.0000000   -0.019492229  7.1572909e-05  -8.2654933e-06  -7.7990512e-05  1.6403351e-05  3.0347028e-05  -8.7745209e-06  6.6216147e-05  1.2119734e-05  2.4103882e-05  -5.4921698e-05  5.7028814e-05  -8.6512369e-06  1.4434917e-05  0.00010374150  7.7464518e-07  5.7340891e-05  -7.8109947e-05  -8.0508475e-05  -6.1559628e-05  0.00013816908  -6.0632247e-06  -6.9085790e-06  -6.5992839e-05  -0.00012574670  4.6259618e-05  -0.00024090007  0.0012782612  -0.00041774173  -0.00046202038  0.0000000   -0.019492229  
9.2768800e-05  -3.6655535e-05  -2.1191193e-05  -1.9874621e-05  -8.4800569e-05  -4.6807411e-05  1.4455908e-05  -3.2275646e-05  -2.1456429e-05  2.1467759e-05  -0.00010381241  8.6508819e-05  -6.3951397e-05  -0.00010661661  7.9055096e-05  3.0458888e-06  0.00013071572  5.4433460e-05  -8.2055118e-05  1.6041100e-05  3.7444730e-05  3.1664492e-05  -0.00018120104  0.00036898670  0.00025300615  9.9513823e-05  0.00041544072  0.00017063645  0.00086628757  0.019492229  0.0000000   9.2768800e-05  -3.6655535e-05  -2.1191193e-05  -1.9874621e-05  -8.4800569e-05  -4.6807411e-05  1.4455908e-05  -3.2275646e-05  -2.1456429e-05  2.1467759e-05  -0.00010381241  8.6508819e-05  -6.3951397e-05  -0.00010661661  7.9055096e-05  3.0458888e-06  0.00013071572  5.4433460e-05  -8.2055118e-05  1.6041100e-05  3.7444730e-05  3.1664492e-05  -0.00018120104  0.00036898670  0.00025300615  9.9513823e-05  0.00041544072  0.00017063645  0.00086628757  0.019492229  0.0000000   
0.0000000   8.2507100e-05  -3.9458939e-05  -2.0252160e-05  -2.3562246e-05  7.1240908e-05  2.7329595e-06  -2.3545844e-05  -3.4341103e-05  2.4832643e-05  -8.9760396e-06  1.0327017e-06  1.1405829e-05  0.00012934610  -3.5616342e-07  -6.2670272e-05  -0.00016688636  1.2984509e-05  2.6166785e-05  -1.4049146e-05  8.2527264e-06  -8.0339897e-07  1.4817733e-05  -5.4024540e-05  -6.6635452e-05  0.00015651363  6.6870769e-05  -4.0098815e-06  -5.7179970e-08  -7.1572909e-05  -9.2768800e-05  0.0000000   8.2507100e-05  -3.9458939e-05  -2.0252160e-05  -2.3562246e-05  7.1240908e-05  2.7329595e-06  -2.3545844e-05  -3.4341103e-05  2.4832643e-05  -8.9760396e-06  1.0327017e-06  1.1405829e-05  0.00012934610  -3.5616342e-07  -6.2670272e-05  -0.00016688636  1.2984509e-05  2.6166785e-05  -1.4049146e-05  8.2527264e-06  -8.0339897e-07  1.4817733e-05  -5.4024540e-05  -6.6635452e-05  0.00015651363  6.6870769e-05  -4.0098815e-06  -5.7179970e-08  -7.1572909e-05  -9.2768800e-05  
-8.2507100e-05  0.0000000   0.00015129990  0.00071548610  -1.0208841e-05  0.0010371365  0.00068788716  -6.3064826e-05  0.00085267360  0.00025181602  -1.0364380e-05  -0.00020772007  -0.00021453480  2.5111500e-05  -5.2050996e-05  -0.00017625113  -7.7647302e-06  -0.00021227758  4.4769287e-05  4.1275906e-05  -6.3633431e-05  0.00010891219  3.4898249e-06  -2.1185905e-06  -6.2308550e-06  2.5963545e-05  -2.0195049e-06  8.5820927e-05  -8.4451078e-06  8.2654933e-06  3.6655535e-05  -8.2507100e-05  0.0000000   0.00015129990  0.00071548610  -1.0208841e-05  0.0010371365  0.00068788716  -6.3064826e-05  0.00085267360  0.00025181602  -1.0364380e-05  -0.00020772007  -0.00021453480  2.5111500e-05  -5.2050996e-05  -0.00017625113  -7.7647302e-06  -0.00021227758  4.4769287e-05  4.1275906e-05  -6.3633431e-05  0.00010891219  3.4898249e-06  -2.1185905e-06  -6.2308550e-06  2.5963545e-05  -2.0195049e-06  8.5820927e-05  -8.4451078e-06  8.2654933e-06  3.6655535e-05  
3.9458939e-05  -0.00015129990  0.0000000   -0.00021202851  0.0028867670  1.2113410e-05  8.9461628e-05  0.00019768087  0.00022163265  -0.00014295167  -4.7355169e-06  -7.7372967e-05  7.3243523e-07  -0.00024060200  -3.8732202e-05  -4.6659666e-06  0.00011515440  1.7342840e-05  2.7208958e-05  2.1780092e-05  -1.3518743e-05  2.2811419e-06  4.6121232e-05  1.4303278e-05  9.6728850e-05  -6.5774869e-06  2.9304324e-06  -1.8521597e-06  7.8707313e-05  7.7990512e-05  2.1191193e-05  3.9458939e-05  -0.00015129990  0.0000000   -0.00021202851  0.0028867670  1.2113410e-05  8.9461628e-05  0.00019768087  0.00022163265  -0.00014295167  -4.7355169e-06  -7.7372967e-05  7.3243523e-07  -0.00024060200  -3.8732202e-05  -4.6659666e-06  0.00011515440  1.7342840e-05  2.7208958e-05  2.1780092e-05  -1.3518743e-05  2.2811419e-06  4.6121232e-05  1.4303278e-05  9.6728850e-05  -6.5774869e-06  2.9304324e-06  -1.8521597e-06  7.8707313e-05  7.7990512e-05  2.1191193e-05  
2.0252160e-05  -0.00071548610  0.00021202851  0.0000000   -0.00013469066  -0.0012444481  -4.5758097e-05  -0.00025525259  0.00033525627  -0.00069944187  0.00013785185  -3.1598506e-05  0.00046565514  -2.1892538e-05  0.00037971383  -1.7897910e-05  9.3142813e-06  -0.00026440084  5.1352368e-05  9.5443194e-05  -0.00011026208  4.0577948e-05  2.9027422e-06  6.0223985e-06  1.1246214e-05  1.8519057e-05  4.9077465e-06  0.00011970816  7.0441380e-06  -1.6403351e-05  1.9874621e-05  2.0252160e-05  -0.00071548610  0.00021202851  0.0000000   -0.00013469066  -0.0012444481  -4.5758097e-05  -0.00025525259  0.00033525627  -0.00069944187  0.00013785185  -3.1598506e-05  0.00046565514  -2.1892538e-05  0.00037971383  -1.7897910e-05  9.3142813e-06  -0.00026440084  5.1352368e-05  9.5443194e-05  -0.00011026208  4.0577948e-05  2.9027422e-06  6.0223985e-06  1.1246214e-05  1.8519057e-05  4.9077465e-06  0.00011970816  7.0441380e-06  -1.6403351e-05  1.9874621e-05  
2.3562246e-05  1.0208841e-05  -0.0028867670  0.00013469066  0.0000000   -0.00012607449  9.9775052e-05  -0.00017673799  -4.3840593e-06  -2.1144949e-05  2.6713347e-05  1.1675495e-05  5.4201501e-05  3.4591025e-05  -8.3258162e-05  7.4479570e-05  -0.00023933355  -4.7326928e-05  9.3498294e-05  -4.8298105e-05  6.5245623e-06  -3.1848086e-06  4.9047584e-05  -2.3583783e-05  -7.3640984e-05  -0.00015398222  8.3313179e-06  1.3132566e-05  -5.9032457e-05  -3.0347028e-05  8.4800569e-05  2.3562246e-05  1.0208841e-05  -0.0028867670  0.00013469066  0.0000000   -0.00012607449  9.9775052e-05  -0.00017673799  -4.3840593e-06  -2.1144949e-05  2.6713347e-05  1.1675495e-05  5.4201501e-05  3.4591025e-05  -8.3258162e-05  7.4479570e-05  -0.00023933355  -4.7326928e-05  9.3498294e-05  -4.8298105e-05  6.5245623e-06  -3.1848086e-06  4.9047584e-05  -2.3583783e-05  -7.3640984e-05  -0.00015398222  8.3313179e-06  1.3132566e-05  -5.9032457e-05  -3.0347028e-05  8.4800569e-05  
-7.1240908e-05  -0.0010371365  -1.2113410e-05  0.0012444481  0.00012607449  0.0000000   2.7243038e-06  9.4958293e-05  0.00056596337  -0.00015021519  0.00072749465  -0.00034367063  0.00025447990  3.0728754e-05  -0.00044508499  -0.00024819941  -7.4256510e-06  -2.3864859e-05  1.6460559e-05  2.6394750e-05  -3.2693726e-05  1.0714638e-05  8.0946321e-06  -1.3725984e-07  3.2667035e-07  1.2058555e-05  9.5098610e-06  0.00014364469  1.6943047e-06  8.7745209e-06  4.6807411e-05  -7.1240908e-05  -0.0010371365  -1.2113410e-05  0.0012444481  0.00012607449  0.0000000   2.7243038e-06  9.4958293e-05  0.00056596337  -0.00015021519  0.00072749465  -0.00034367063  0.00025447990  3.0728754e-05  -0.00044508499  -0.00024819941  -7.4256510e-06  -2.3864859e-05  1.6460559e-05  2.6394750e-05  -3.2693726e-05  1.0714638e-05  8.0946321e-06  -1.3725984e-07  3.2667035e-07  1.2058555e-05  9.5098610e-06  0.00014364469  1.6943047e-06  8.7745209e-06  4.6807411e-05  
-2.7329595e-06  -0.00068788716  -8.9461628e-05  4.5758097e-05  -9.9775052e-05  -2.7243038e-06  0.0000000   0.0045816696  0.0044599012  -0.0011248829  -9.7267369e-05  5.4644927e-05  0.00030135154  -9.8496595e-06  -0.00015507345  -0.00027317778  2.5363609e-05  3.9249147e-06  4.1611596e-05  3.6827764e-05  -0.00024824595  0.00026464331  2.3925814e-05  4.4894765e-05  4.2378253e-06  6.1281114e-06  1.8281668e-05  5.9111696e-05  -6.5013846e-07  -6.6216147e-05  -1.4455908e-05  -2.7329595e-06  -0.00068788716  -8.9461628e-05  4.5758097e-05  -9.9775052e-05  -2.7243038e-06  0.0000000   0.0045816696  0.0044599012  -0.0011248829  -9.7267369e-05  5.4644927e-05  0.00030135154  -9.8496595e-06  -0.00015507345  -0.00027317778  2.5363609e-05  3.9249147e-06  4.1611596e-05  3.6827764e-05  -0.00024824595  0.00026464331  2.3925814e-05  4.4894765e-05  4.2378253e-06  6.1281114e-06  1.8281668e-05  5.9111696e-05  -6.5013846e-07  -6.6216147e-05  -1.4455908e-05  
2.3545844e-05  6.3064826e-05  -0.00019768087  0.00025525259  0.00017673799  -9.4958293e-05  -0.0045816696  0.0000000   -0.0013210485  -0.00011378974  0.00077145896  0.00043297666  0.00013641380  -3.7604547e-05  8.4410635e-05  0.00076977070  2.6794186e-05  -7.6091298e-05  1.3955463e-06  5.2086242e-05  -7.5343732e-05  -7.7847608e-05  -1.5919614e-05  1.1964504e-06  1.2280027e-05  -1.7369255e-05  1.9065360e-05  -0.00022947520  1.4826730e-05  -1.2119734e-05  3.2275646e-05  2.3545844e-05  6.3064826e-05  -0.00019768087  0.00025525259  0.00017673799  -9.4958293e-05  -0.0045816696  0.0000000   -0.0013210485  -0.00011378974  0.00077145896  0.00043297666  0.00013641380  -3.7604547e-05  8.4410635e-05  0.00076977070  2.6794186e-05  -7.6091298e-05  1.3955463e-06  5.2086242e-05  -7.5343732e-05  -7.7847608e-05  -1.5919614e-05  1.1964504e-06  1.2280027e-05  -1.7369255e-05  1.9065360e-05  -0.00022947520  1.4826730e-05  -1.2119734e-05  3.2275646e-05  
3.4341103e-05  -0.00085267360  -0.00022163265  -0.00033525627  4.3840593e-06  -0.00056596337  -0.0044599012  0.0013210485  0.0000000   -0.0032315815  0.00094597881  -0.00019004857  0.00038888246  -2.6930678e-05  -0.00023830747  -0.00013554395  4.3285408e-05  3.2114195e-05  0.00015085122  0.00027868208  -0.00019263317  0.00017439888  -1.2896983e-05  2.3164525e-05  1.8448232e-05  -3.9125970e-06  1.4732834e-05  -4.3565721e-05  2.5662712e-05  -2.4103882e-05  2.1456429e-05  3.4341103e-05  -0.00085267360  -0.00022163265  -0.00033525627  4.3840593e-06  -0.00056596337  -0.0044599012  0.0013210485  0.0000000   -0.0032315815  0.00094597881  -0.00019004857  0.00038888246  -2.6930678e-05  -0.00023830747  -0.00013554395  4.3285408e-05  3.2114195e-05  0.00015085122  0.00027868208  -0.00019263317  0.00017439888  -1.2896983e-05  2.3164525e-05  1.8448232e-05  -3.9125970e-06  1.4732834e-05  -4.3565721e-05  2.5662712e-05  -2.4103882e-05  2.1456429e-05  
-2.4832643e-05  -0.00025181602  0.00014295167  0.00069944187  2.1144949e-05  0.00015021519  0.0011248829  0.00011378974  0.0032315815  0.0000000   0.00044048242  -0.00074260228  -3.9220473e-06  3.0732700e-05  3.1296050e-05  -0.00012234403  -3.3242847e-05  0.00026313463  3.8981817e-05  7.5615801e-05  0.00029163155  -9.8009418e-05  6.3701232e-06  8.3585127e-06  1.0482009e-05  2.7093216e-06  3.3327442e-06  2.8542203e-05  -7.2410348e-06  5.4921698e-05  -2.1467759e-05  -2.4832643e-05  -0.00025181602  0.00014295167  0.00069944187  2.1144949e-05  0.00015021519  0.0011248829  0.00011378974  0.0032315815  0.0000000   0.00044048242  -0.00074260228  -3.9220473e-06  3.0732700e-05  3.1296050e-05  -0.00012234403  -3.3242847e-05  0.00026313463  3.8981817e-05  7.5615801e-05  0.00029163155  -9.8009418e-05  6.3701232e-06  8.3585127e-06  1.0482009e-05  2.7093216e-06  3.3327442e-06  2.8542203e-05  -7.2410348e-06  5.4921698e-05  -2.1467759e-05  
8.9760396e-06  1.0364380e-05  4.7355169e-06  -0.00013785185  -2.6713347e-05  -0.00072749465  9.7267369e-05  -0.00077145896  -0.00094597881  -0.00044048242  0.0000000   0.0012935398  -0.0014624348  -1.3421968e-05  -0.00016029810  0.00023505244  -4.4414053e-06  0.00010543356  9.9616417e-05  8.8661861e-05  -0.00034703427  4.8011229e-05  1.1204323e-05  2.1451009e-06  -2.0273966e-05  1.9966346e-06  -1.5689421e-05  -0.00012560209  2.6495273e-06  -5.7028814e-05  0.00010381241  8.9760396e-06  1.0364380e-05  4.7355169e-06  -0.00013785185  -2.6713347e-05  -0.00072749465  9.7267369e-05  -0.00077145896  -0.00094597881  -0.00044048242  0.0000000   0.0012935398  -0.0014624348  -1.3421968e-05  -0.00016029810  0.00023505244  -4.4414053e-06  0.00010543356  9.9616417e-05  8.8661861e-05  -0.00034703427  4.8011229e-05  1.1204323e-05  2.1451009e-06  -2.0273966e-05  1.9966346e-06  -1.5689421e-05  -0.00012560209  2.6495273e-06  -5.7028814e-05  0.00010381241  
