0.0000000   2.0570683e-05  -2.8032065e-05  -0.00041542378  2.5466717e-05  -0.00045920502  1.6274721e-05  4.8755877e-05  -0.00030528575  -2.0548278e-06  -0.00030720572  8.2282943e-06  -2.4416136e-05  2.2411322e-05  2.6178904e-05  -1.9502747e-05  -1.9794945e-07  5.4922515e-05  5.3752249e-06  1.3785977e-05  2.1744135e-05  5.2782176e-06  7.7397908e-06  1.8907507e-06  -1.0927598e-06  7.3881147e-05  5.0493989e-05  -0.00014158320  1.0401711e-06  2.3351826e-05  -2.8500031e-05  0.0000000   2.0570683e-05  -2.8032065e-05  -0.00041542378  2.5466717e-05  -0.00045920502  1.6274721e-05  4.8755877e-05  -0.00030528575  -2.0548278e-06  -0.00030720572  8.2282943e-06  -2.4416136e-05  2.2411322e-05  2.6178904e-05  -1.9502747e-05  -1.9794945e-07  5.4922515e-05  5.3752249e-06  1.3785977e-05  2.1744135e-05  5.2782176e-06  7.7397908e-06  1.8907507e-06  -1.0927598e-06  7.3881147e-05  5.0493989e-05  -0.00014158320  1.0401711e-06  2.3351826e-05  -2.8500031e-05  
-2.0570683e-05  0.0000000   0.0016477000  0.00013759401  -0.00051077565  -3.4931968e-05  -0.00023844270  -0.00022762189  -2.0747752e-05  -4.9487589e-05  -3.9445402e-06  -0.00013480684  1.8622586e-06  -5.5337766e-06  -0.00020669834  0.00012094790  -0.00010995698  -0.00010460148  -5.8982202e-05  -0.00018529054  7.5488479e-05  0.00013960433  7.0283715e-05  -2.2280101e-05  -4.9833718e-06  -5.5415390e-08  2.1087696e-05  1.9142835e-07  -3.4786481e-06  -1.3914422e-06  3.8450948e-06  -2.0570683e-05  0.0000000   0.0016477000  0.00013759401  -0.00051077565  -3.4931968e-05  -0.00023844270  -0.00022762189  -2.0747752e-05  -4.9487589e-05  -3.9445402e-06  -0.00013480684  1.8622586e-06  -5.5337766e-06  -0.00020669834  0.00012094790  -0.00010995698  -0.00010460148  -5.8982202e-05  -0.00018529054  7.5488479e-05  0.00013960433  7.0283715e-05  -2.2280101e-05  -4.9833718e-06  -5.5415390e-08  2.1087696e-05  1.9142835e-07  -3.4786481e-06  -1.3914422e-06  3.8450948e-06  
2.8032065e-05  -0.0016477000  0.0000000   -9.8893776e-05  -0.00043851034  -4.9816271e-05  -0.00032504653  0.00038367641  -2.6173104e-05  -3.7528717e-05  2.9572110e-05  -6.2579524e-05  -4.5915100e-05  1.9172992e-05  -0.00020773337  0.00025754349  0.00026832311  0.00018049019  8.1528638e-05  8.4867568e-05  0.00012536918  -8.2026673e-05  8.0971325e-05  -0.00011181404  6.4838955e-06  -3.5166699e-06  9.3971431e-06  -4.4885473e-06  4.3035793e-05  -2.2378026e-05  -1.4987791e-05  2.8032065e-05  -0.0016477000  0.0000000   -9.8893776e-05  -0.00043851034  -4.9816271e-05  -0.00032504653  0.00038367641  -2.6173104e-05  -3.7528717e-05  2.9572110e-05  -6.2579524e-05  -4.5915100e-05  1.9172992e-05  -0.00020773337  0.00025754349  0.00026832311  0.00018049019  8.1528638e-05  8.4867568e-05  0.00012536918  -8.2026673e-05  8.0971325e-05  -0.00011181404  6.4838955e-06  -3.5166699e-06  9.3971431e-06  -4.4885473e-06  4.3035793e-05  -2.2378026e-05  -1.4987791e-05  
0.00041542378  -0.00013759401  9.8893776e-05  0.0000000   -0.00012448437  0.00067139974  8.5181230e-06  3.8295057e-05  0.00033100186  0.00047559313  6.2042702e-05  1.3564514e-05  -3.4232683e-05  -8.3776304e-05  -2.5343958e-05  2.3950330e-05  4.4397480e-05  2.7086329e-06  2.5355928e-06  2.3657208e-05  2.0676860e-05  1.6019900e-05  9.3246085e-06  -2.9095722e-05  -1.3113734e-05  3.7498276e-05  -0.00018664755  4.7988631e-05  1.5090403e-05  4.3781803e-05  -1.2524069e-05  0.00041542378  -0.00013759401  9.8893776e-05  0.0000000   -0.00012448437  0.00067139974  8.5181230e-06  3.8295057e-05  0.00033100186  0.00047559313  6.2042702e-05  1.3564514e-05  -3.4232683e-05  -8.3776304e-05  -2.5343958e-05  2.3950330e-05  4.4397480e-05  2.7086329e-06  2.5355928e-06  2.3657208e-05  2.0676860e-05  1.6019900e-05  9.3246085e-06  -2.9095722e-05  -1.3113734e-05  3.7498276e-05  -0.00018664755  4.7988631e-05  1.5090403e-05  4.3781803e-05  -1.2524069e-05  
-2.5466717e-05  0.00051077565  0.00043851034  0.00012448437  0.0000000   -4.8609464e-05  0.0017111450  0.00081478938  -2.1513729e-05  1.2365448e-05  -2.3999750e-05  0.00080247998  -0.00032541679  -6.6591310e-07  6.7213439e-05  -0.00012470200  -0.00016040277  -0.00030055163  7.8166410e-05  9.6431480e-05  -7.9948461e-05  -0.00023701695  4.2805879e-05  -4.0482717e-05  -4.2101367e-05  3.1672547e-06  -9.6956443e-06  -4.9051387e-06  1.7341162e-05  -2.1718931e-05  -0.00010582830  -2.5466717e-05  0.00051077565  0.00043851034  0.00012448437  0.0000000   -4.8609464e-05  0.0017111450  0.00081478938  -2.1513729e-05  1.2365448e-05  -2.3999750e-05  0.00080247998  -0.00032541679  -6.6591310e-07  6.7213439e-05  -0.00012470200  -0.00016040277  -0.00030055163  7.8166410e-05  9.6431480e-05  -7.9948461e-05  -0.00023701695  4.2805879e-05  -4.0482717e-05  -4.2101367e-05  3.1672547e-06  -9.6956443e-06  -4.9051387e-06  1.7341162e-05  -2.1718931e-05  -0.00010582830  
0.00045920502  3.4931968e-05  4.9816271e-05  -0.00067139974  4.8609464e-05  0.0000000   -5.6353208e-06  -9.6290714e-06  0.00012595547  -9.9247015e-06  -0.00039954027  2.3872877e-05  -3.4930209e-05  0.00015888993  3.1283269e-05  3.5919975e-05  5.6297402e-05  -1.3115982e-05  7.3998108e-06  -5.1776024e-07  1.3790688e-05  2.3883865e-05  5.6928405e-06  -1.1473655e-05  -9.6913017e-06  -9.2858219e-06  0.00014019514  -6.5243310e-05  2.7506288e-06  2.1167910e-05  -3.2785570e-05  0.00045920502  3.4931968e-05  4.9816271e-05  -0.00067139974  4.8609464e-05  0.0000000   -5.6353208e-06  -9.6290714e-06  0.00012595547  -9.9247015e-06  -0.00039954027  2.3872877e-05  -3.4930209e-05  0.00015888993  3.1283269e-05  3.5919975e-05  5.6297402e-05  -1.3115982e-05  7.3998108e-06  -5.1776024e-07  1.3790688e-05  2.3883865e-05  5.6928405e-06  -1.1473655e-05  -9.6913017e-06  -9.2858219e-06  0.00014019514  -6.5243310e-05  2.7506288e-06  2.1167910e-05  -3.2785570e-05  
-1.6274721e-05  0.00023844270  0.00032504653  -8.5181230e-06  -0.0017111450  5.6353208e-06  0.0000000   0.00080088439  -1.1153823e-05  4.4920221e-05  -8.9408510e-05  0.00060915067  0.00027538915  1.6375794e-05  -5.6827869e-05  -0.00039843729  0.00013273856  9.4902099e-05  -0.00014399905  0.00013224247  5.8735588e-05  -0.00013561257  0.00011565265  0.00015336827  0.00010959555  5.2547750e-06  -9.3009515e-07  -1.4135389e-05  -1.1414592e-06  -2.1707982e-07  6.4723788e-05  -1.6274721e-05  0.00023844270  0.00032504653  -8.5181230e-06  -0.0017111450  5.6353208e-06  0.0000000   0.00080088439  -1.1153823e-05  4.4920221e-05  -8.9408510e-05  0.00060915067  0.00027538915  1.6375794e-05  -5.6827869e-05  -0.00039843729  0.00013273856  9.4902099e-05  -0.00014399905  0.00013224247  5.8735588e-05  -0.00013561257  0.00011565265  0.00015336827  0.00010959555  5.2547750e-06  -9.3009515e-07  -1.4135389e-05  -1.1414592e-06  -2.1707982e-07  6.4723788e-05  
-4.8755877e-05  0.00022762189  -0.00038367641  -3.8295057e-05  -0.00081478938  9.6290714e-06  -0.00080088439  0.0000000   -4.3139115e-05  -5.8785326e-05  4.1783034e-05  -0.00027253407  6.0561470e-05  -6.3290979e-06  0.00045748983  -0.00017740493  0.00026651939  -0.00060300916  -0.00014634286  -0.00017546349  0.00026483133  -0.00018101349  -7.2445357e-05  7.4109308e-05  -3.2746177e-05  1.9754528e-05  -2.8291092e-06  -1.2430270e-05  -9.9637924e-05  2.3085842e-05  -4.1169019e-05  -4.8755877e-05  0.00022762189  -0.00038367641  -3.8295057e-05  -0.00081478938  9.6290714e-06  -0.00080088439  0.0000000   -4.3139115e-05  -5.8785326e-05  4.1783034e-05  -0.00027253407  6.0561470e-05  -6.3290979e-06  0.00045748983  -0.00017740493  0.00026651939  -0.00060300916  -0.00014634286  -0.00017546349  0.00026483133  -0.00018101349  -7.2445357e-05  7.4109308e-05  -3.2746177e-05  1.9754528e-05  -2.8291092e-06  -1.2430270e-05  -9.9637924e-05  2.3085842e-05  -4.1169019e-05  
0.00030528575  2.0747752e-05  2.6173104e-05  -0.00033100186  2.1513729e-05  -0.00012595547  1.1153823e-05  4.3139115e-05  0.0000000   -0.0032607473  0.00080579802  0.00011655405  0.00012466441  8.9449025e-05  -7.6983874e-06  -8.5223565e-06  0.00012363466  -1.2438123e-05  4.1803384e-05  1.9147170e-05  5.5035965e-06  -1.2003527e-06  -2.9762208e-05  -2.0438824e-05  -1.8007084e-05  1.3842307e-05  0.00013443313  0.00021523256  -3.8588223e-06  -2.3141972e-05  3.2827568e-05  0.00030528575  2.0747752e-05  2.6173104e-05  -0.00033100186  2.1513729e-05  -0.00012595547  1.1153823e-05  4.3139115e-05  0.0000000   -0.0032607473  0.00080579802  0.00011655405  0.00012466441  8.9449025e-05  -7.6983874e-06  -8.5223565e-06  0.00012363466  -1.2438123e-05  4.1803384e-05  1.9147170e-05  5.5035965e-06  -1.2003527e-06  -2.9762208e-05  -2.0438824e-05  -1.8007084e-05  1.3842307e-05  0.00013443313  0.00021523256  -3.8588223e-06  -2.3141972e-05  3.2827568e-05  
2.0548278e-06  4.9487589e-05  3.7528717e-05  -0.00047559313  -1.2365448e-05  9.9247015e-06  -4.4920221e-05  5.8785326e-05  0.0032607473  0.0000000   0.00033550117  -5.5089903e-05  0.00010470843  -0.00018138381  -5.3947054e-06  -1.7778223e-06  -8.2954929e-06  -5.7929659e-05  8.6518523e-07  -3.5053504e-05  6.9223277e-06  -4.9845520e-06  5.6696276e-07  -2.9088165e-05  7.7814999e-06  -7.4859923e-05  0.00014612555  2.9544530e-05  5.0689450e-05  0.00016491898  7.3122337e-06  2.0548278e-06  4.9487589e-05  3.7528717e-05  -0.00047559313  -1.2365448e-05  9.9247015e-06  -4.4920221e-05  5.8785326e-05  0.0032607473  0.0000000   0.00033550117  -5.5089903e-05  0.00010470843  -0.00018138381  -5.3947054e-06  -1.7778223e-06  -8.2954929e-06  -5.7929659e-05  8.6518523e-07  -3.5053504e-05  6.9223277e-06  -4.9845520e-06  5.6696276e-07  -2.9088165e-05  7.7814999e-06  -7.4859923e-05  0.00014612555  2.9544530e-05  5.0689450e-05  0.00016491898  7.3122337e-06  
0.00030720572  3.9445402e-06  -2.9572110e-05  -6.2042702e-05  2.3999750e-05  0.00039954027  8.9408510e-05  -4.1783034e-05  -0.00080579802  -0.00033550117  0.0000000   0.00050792397  -0.00049077785  -0.00016472279  4.1748419e-05  7.1682916e-05  -4.6921885e-05  1.0345028e-05  -7.0150767e-05  3.2283667e-05  -3.0331563e-05  -2.8430743e-06  4.2455158e-05  5.7936189e-05  -1.4102454e-05  5.8115926e-05  -6.3725577e-05  8.9171333e-05  -6.8119784e-06  -7.0679225e-05  1.6494876e-05  0.00030720572  3.9445402e-06  -2.9572110e-05  -6.2042702e-05  2.3999750e-05  0.00039954027  8.9408510e-05  -4.1783034e-05  -0.00080579802  -0.00033550117  0.0000000   0.00050792397  -0.00049077785  -0.00016472279  4.1748419e-05  7.1682916e-05  -4.6921885e-05  1.0345028e-05  -7.0150767e-05  3.2283667e-05  -3.0331563e-05  -2.8430743e-06  4.2455158e-05  5.7936189e-05  -1.4102454e-05  5.8115926e-05  -6.3725577e-05  8.9171333e-05  -6.8119784e-06  -7.0679225e-05  1.6494876e-05  
-8.2282943e-06  0.00013480684  6.2579524e-05  -1.3564514e-05  -0.00080247998  -2.3872877e-05  -0.00060915067  0.00027253407  -0.00011655405  5.5089903e-05  -0.00050792397  0.0000000   0.0061662051  2.2669549e-05  0.00036481278  -0.00020755163  0.00013949674  -0.00070196972  0.00041740388  -0.00011732337  0.00055071732  -0.00022185390  -0.00028983967  -0.00035297406  -8.4970344e-05  2.8683988e-05  -3.2941173e-05  5.5646108e-06  -7.6137649e-05  -1.3251378e-06  -7.5100178e-05  -8.2282943e-06  0.00013480684  6.2579524e-05  -1.3564514e-05  -0.00080247998  -2.3872877e-05  -0.00060915067  0.00027253407  -0.00011655405  5.5089903e-05  -0.00050792397  0.0000000   0.0061662051  2.2669549e-05  0.00036481278  -0.00020755163  0.00013949674  -0.00070196972  0.00041740388  -0.00011732337  0.00055071732  -0.00022185390  -0.00028983967  -0.00035297406  -8.4970344e-05  2.8683988e-05  -3.2941173e-05  5.5646108e-06  -7.6137649e-05  -1.3251378e-06  -7.5100178e-05  
2.4416136e-05  -1.8622586e-06  4.5915100e-05  3.4232683e-05  0.00032541679  3.4930209e-05  -0.00027538915  -6.0561470e-05  -0.00012466441  -0.00010470843  0.00049077785  -0.0061662051  0.0000000   -0.00013533407  -0.00076804097  -0.00055075752  7.0513568e-05  0.00041277940  -0.00012244956  7.7966537e-05  -0.00027996299  -0.00014931623  -0.00016868097  5.3314036e-05  0.00040777035  1.1477385e-05  1.4404285e-05  -1.7038188e-06  -9.4368607e-06  1.4538350e-05  -3.2496825e-05  2.4416136e-05  -1.8622586e-06  4.5915100e-05  3.4232683e-05  0.00032541679  3.4930209e-05  -0.00027538915  -6.0561470e-05  -0.00012466441  -0.00010470843  0.00049077785  -0.0061662051  0.0000000   -0.00013533407  -0.00076804097  -0.00055075752  7.0513568e-05  0.00041277940  -0.00012244956  7.7966537e-05  -0.00027996299  -0.00014931623  -0.00016868097  5.3314036e-05  0.00040777035  1.1477385e-05  1.4404285e-05  -1.7038188e-06  -9.4368607e-06  1.4538350e-05  -3.2496825e-05  
-2.2411322e-05  5.5337766e-06  -1.9172992e-05  8.3776304e-05  6.6591310e-07  -0.00015888993  -1.6375794e-05  6.3290979e-06  -8.9449025e-05  0.00018138381  0.00016472279  -2.2669549e-05  0.00013533407  0.0000000   -2.3826749e-05  -3.7986459e-07  0.00015299839  3.9932229e-05  -2.2210896e-05  8.9610926e-05  1.9832232e-05  6.7055105e-06  -5.7158750e-05  2.8678525e-05  -2.9227679e-05  0.00012347706  -9.9908052e-05  0.00024043892  -8.2794148e-05  -0.00029339192  -2.8543043e-06  -2.2411322e-05  5.5337766e-06  -1.9172992e-05  8.3776304e-05  6.6591310e-07  -0.00015888993  -1.6375794e-05  6.3290979e-06  -8.9449025e-05  0.00018138381  0.00016472279  -2.2669549e-05  0.00013533407  0.0000000   -2.3826749e-05  -3.7986459e-07  0.00015299839  3.9932229e-05  -2.2210896e-05  8.9610926e-05  1.9832232e-05  6.7055105e-06  -5.7158750e-05  2.8678525e-05  -2.9227679e-05  0.00012347706  -9.9908052e-05  0.00024043892  -8.2794148e-05  -0.00029339192  -2.8543043e-06  
-2.6178904e-05  0.00020669834  0.00020773337  2.5343958e-05  -6.7213439e-05  -3.1283269e-05  5.6827869e-05  -0.00045748983  7.6983874e-06  5.3947054e-06  -4.1748419e-05  -0.00036481278  0.00076804097  2.3826749e-05  0.0000000   0.00026669286  0.00033280725  0.00050887914  -0.00012769527  0.00047442681  0.00074368689  0.00051393716  -7.8573560e-05  1.6702831e-05  -0.00024543359  -7.4669241e-07  -2.3948284e-06  -1.0736109e-05  2.3145455e-05  3.8638513e-06  -1.0060029e-05  -2.6178904e-05  0.00020669834  0.00020773337  2.5343958e-05  -6.7213439e-05  -3.1283269e-05  5.6827869e-05  -0.00045748983  7.6983874e-06  5.3947054e-06  -4.1748419e-05  -0.00036481278  0.00076804097  2.3826749e-05  0.0000000   0.00026669286  0.00033280725  0.00050887914  -0.00012769527  0.00047442681  0.00074368689  0.00051393716  -7.8573560e-05  1.6702831e-05  -0.00024543359  -7.4669241e-07  -2.3948284e-06  -1.0736109e-05  2.3145455e-05  3.8638513e-06  -1.0060029e-05  
1.9502747e-05  -0.00012094790  -0.00025754349  -2.3950330e-05  0.00012470200  -3.5919975e-05  0.00039843729  0.00017740493  8.5223565e-06  1.7778223e-06  -7.1682916e-05  0.00020755163  0.00055075752  3.7986459e-07  -0.00026669286  0.0000000   -0.0043069734  -0.0023385737  -0.0010647161  0.00081489395  0.00024253146  -0.00094968941  5.5842333e-05  0.00059143434  0.00018887580  1.5365039e-05  4.1320202e-05  2.0674058e-05  8.1113091e-05  5.5964111e-06  -7.4737402e-05  1.9502747e-05  -0.00012094790  -0.00025754349  -2.3950330e-05  0.00012470200  -3.5919975e-05  0.00039843729  0.00017740493  8.5223565e-06  1.7778223e-06  -7.1682916e-05  0.00020755163  0.00055075752  3.7986459e-07  -0.00026669286  0.0000000   -0.0043069734  -0.0023385737  -0.0010647161  0.00081489395  0.00024253146  -0.00094968941  5.5842333e-05  0.00059143434  0.00018887580  1.5365039e-05  4.1320202e-05  2.0674058e-05  8.1113091e-05  5.5964111e-06  -7.4737402e-05  
1.9794945e-07  0.00010995698  -0.00026832311  -4.4397480e-05  0.00016040277  -5.6297402e-05  -0.00013273856  -0.00026651939  -0.00012363466  8.2954929e-06  4.6921885e-05  -0.00013949674  -7.0513568e-05  -0.00015299839  -0.00033280725  0.0043069734  0.0000000   -0.010185705  0.00084448650  6.0479730e-05  0.00043294475  0.00024747031  1.3028385e-05  -1.3332219e-05  0.00038094655  5.8402787e-05  -4.3093846e-06  3.4584071e-05  0.00016756962  -7.4175586e-05  -0.00014466670  1.9794945e-07  0.00010995698  -0.00026832311  -4.4397480e-05  0.00016040277  -5.6297402e-05  -0.00013273856  -0.00026651939  -0.00012363466  8.2954929e-06  4.6921885e-05  -0.00013949674  -7.0513568e-05  -0.00015299839  -0.00033280725  0.0043069734  0.0000000   -0.010185705  0.00084448650  6.0479730e-05  0.00043294475  0.00024747031  1.3028385e-05  -1.3332219e-05  0.00038094655  5.8402787e-05  -4.3093846e-06  3.4584071e-05  0.00016756962  -7.4175586e-05  -0.00014466670  
-5.4922515e-05  0.00010460148  -0.00018049019  -2.7086329e-06  0.00030055163  1.3115982e-05  -9.4902099e-05  0.00060300916  1.2438123e-05  5.7929659e-05  -1.0345028e-05  0.00070196972  -0.00041277940  -3.9932229e-05  -0.00050887914  0.0023385737  0.010185705  0.0000000   0.00098990620  -0.00019213227  0.00022575482  0.00019394678  -0.00043232061  -7.7619098e-06  -0.00051612443  -6.7160316e-06  -0.00010974553  -5.5145950e-05  -0.00013456061  1.1203520e-05  -0.00013050183  -5.4922515e-05  0.00010460148  -0.00018049019  -2.7086329e-06  0.00030055163  1.3115982e-05  -9.4902099e-05  0.00060300916  1.2438123e-05  5.7929659e-05  -1.0345028e-05  0.00070196972  -0.00041277940  -3.9932229e-05  -0.00050887914  0.0023385737  0.010185705  0.0000000   0.00098990620  -0.00019213227  0.00022575482  0.00019394678  -0.00043232061  -7.7619098e-06  -0.00051612443  -6.7160316e-06  -0.00010974553  -5.5145950e-05  -0.00013456061  1.1203520e-05  -0.00013050183  
-5.3752249e-06  5.8982202e-05  -8.1528638e-05  -2.5355928e-06  -7.8166410e-05  -7.3998108e-06  0.00014399905  0.00014634286  -4.1803384e-05  -8.6518523e-07  7.0150767e-05  -0.00041740388  0.00012244956  2.2210896e-05  0.00012769527  0.0010647161  -0.00084448650  -0.00098990620  0.0000000   -0.0032932413  3.5058981e-05  -0.0012611700  -3.6162377e-05  1.0628269e-06  -1.9304423e-05  5.0494042e-05  -1.3062090e-05  -1.5446737e-05  9.8954493e-05  -4.2519834e-05  -0.00010467450  -5.3752249e-06  5.8982202e-05  -8.1528638e-05  -2.5355928e-06  -7.8166410e-05  -7.3998108e-06  0.00014399905  0.00014634286  -4.1803384e-05  -8.6518523e-07  7.0150767e-05  -0.00041740388  0.00012244956  2.2210896e-05  0.00012769527  0.0010647161  -0.00084448650  -0.00098990620  0.0000000   -0.0032932413  3.5058981e-05  -0.0012611700  -3.6162377e-05  1.0628269e-06  -1.9304423e-05  5.0494042e-05  -1.3062090e-05  -1.5446737e-05  9.8954493e-05  -4.2519834e-05  -0.00010467450  
-1.3785977e-05  0.00018529054  -8.4867568e-05  -2.3657208e-05  -9.6431480e-05  5.1776024e-07  -0.00013224247  0.00017546349  -1.9147170e-05  3.5053504e-05  -3.2283667e-05  0.00011732337  -7.7966537e-05  -8.9610926e-05  -0.00047442681  -0.00081489395  -6.0479730e-05  0.00019213227  0.0032932413  0.0000000   0.0036534491  0.0013445940  -0.00049457880  0.00012628875  -8.3767319e-05  -3.4017993e-05  -5.2222599e-05  -1.9603747e-05  7.5174570e-05  -3.0666118e-05  -0.00010218101  -1.3785977e-05  0.00018529054  -8.4867568e-05  -2.3657208e-05  -9.6431480e-05  5.1776024e-07  -0.00013224247  0.00017546349  -1.9147170e-05  3.5053504e-05  -3.2283667e-05  0.00011732337  -7.7966537e-05  -8.9610926e-05  -0.00047442681  -0.00081489395  -6.0479730e-05  0.00019213227  0.0032932413  0.0000000   0.0036534491  0.0013445940  -0.00049457880  0.00012628875  -8.3767319e-05  -3.4017993e-05  -5.2222599e-05  -1.9603747e-05  7.5174570e-05  -3.0666118e-05  -0.00010218101  
-2.1744135e-05  -7.5488479e-05  -0.00012536918  -2.0676860e-05  7.9948461e-05  -1.3790688e-05  -5.8735588e-05  -0.00026483133  -5.5035965e-06  -6.9223277e-06  3.0331563e-05  -0.00055071732  0.00027996299  -1.9832232e-05  -0.00074368689  -0.00024253146  -0.00043294475  -0.00022575482  -3.5058981e-05  -0.0036534491  0.0000000   -0.0050253419  -0.00050788612  0.00082877028  0.00032451728  2.3657603e-05  -5.1195396e-06  -9.6915314e-06  0.00021698353  -3.5848373e-05  -0.00018179875  -2.1744135e-05  -7.5488479e-05  -0.00012536918  -2.0676860e-05  7.9948461e-05  -1.3790688e-05  -5.8735588e-05  -0.00026483133  -5.5035965e-06  -6.9223277e-06  3.0331563e-05  -0.00055071732  0.00027996299  -1.9832232e-05  -0.00074368689  -0.00024253146  -0.00043294475  -0.00022575482  -3.5058981e-05  -0.0036534491  0.0000000   -0.0050253419  -0.00050788612  0.00082877028  0.00032451728  2.3657603e-05  -5.1195396e-06  -9.6915314e-06  0.00021698353  -3.5848373e-05  -0.00018179875  
-5.2782176e-06  -0.00013960433  8.2026673e-05  -1.6019900e-05  0.00023701695  -2.3883865e-05  0.00013561257  0.00018101349  1.2003527e-06  4.9845520e-06  2.8430743e-06  0.00022185390  0.00014931623  -6.7055105e-06  -0.00051393716  0.00094968941  -0.00024747031  -0.00019394678  0.0012611700  -0.0013445940  0.0050253419  0.0000000   0.00075437503  0.00099718740  0.00010315000  -2.0964111e-05  -2.7309097e-05  3.8704551e-05  -1.2239565e-05  4.3552000e-06  6.1623776e-05  -5.2782176e-06  -0.00013960433  8.2026673e-05  -1.6019900e-05  0.00023701695  -2.3883865e-05  0.00013561257  0.00018101349  1.2003527e-06  4.9845520e-06  2.8430743e-06  0.00022185390  0.00014931623  -6.7055105e-06  -0.00051393716  0.00094968941  -0.00024747031  -0.00019394678  0.0012611700  -0.0013445940  0.0050253419  0.0000000   0.00075437503  0.00099718740  0.00010315000  -2.0964111e-05  -2.7309097e-05  3.8704551e-05  -1.2239565e-05  4.3552000e-06  6.1623776e-05  
-7.7397908e-06  -7.0283715e-05  -8.0971325e-05  -9.3246085e-06  -4.2805879e-05  -5.6928405e-06  -0.00011565265  7.2445357e-05  2.9762208e-05  -5.6696276e-07  -4.2455158e-05  0.00028983967  0.00016868097  5.7158750e-05  7.8573560e-05  -5.5842333e-05  -1.3028385e-05  0.00043232061  3.6162377e-05  0.00049457880  0.00050788612  -0.00075437503  0.0000000   0.0035680130  0.0012545960  -6.8659623e-05  7.1621796e-06  3.6895816e-05  0.00022299972  -6.0350944e-06  0.00015924223  -7.7397908e-06  -7.0283715e-05  -8.0971325e-05  -9.3246085e-06  -4.2805879e-05  -5.6928405e-06  -0.00011565265  7.2445357e-05  2.9762208e-05  -5.6696276e-07  -4.2455158e-05  0.00028983967  0.00016868097  5.7158750e-05  7.8573560e-05  -5.5842333e-05  -1.3028385e-05  0.00043232061  3.6162377e-05  0.00049457880  0.00050788612  -0.00075437503  0.0000000   0.0035680130  0.0012545960  -6.8659623e-05  7.1621796e-06  3.6895816e-05  0.00022299972  -6.0350944e-06  0.00015924223  
-1.8907507e-06  2.2280101e-05  0.00011181404  2.9095722e-05  4.0482717e-05  1.1473655e-05  -0.00015336827  -7.4109308e-05  2.0438824e-05  2.9088165e-05  -5.7936189e-05  0.00035297406  -5.3314036e-05  -2.8678525e-05  -1.6702831e-05  -0.00059143434  1.3332219e-05  7.7619098e-06  -1.0628269e-06  -0.00012628875  -0.00082877028  -0.00099718740  -0.0035680130  0.0000000   -0.0018463146  -9.0259118e-06  -3.6308109e-05  1.0982779e-05  -0.00012920498  3.9045360e-05  0.00043334187  -1.8907507e-06  2.2280101e-05  0.00011181404  2.9095722e-05  4.0482717e-05  1.1473655e-05  -0.00015336827  -7.4109308e-05  2.0438824e-05  2.9088165e-05  -5.7936189e-05  0.00035297406  -5.3314036e-05  -2.8678525e-05  -1.6702831e-05  -0.00059143434  1.3332219e-05  7.7619098e-06  -1.0628269e-06  -0.00012628875  -0.00082877028  -0.00099718740  -0.0035680130  0.0000000   -0.0018463146  -9.0259118e-06  -3.6308109e-05  1.0982779e-05  -0.00012920498  3.9045360e-05  0.00043334187  
1.0927598e-06  4.9833718e-06  -6.4838955e-06  1.3113734e-05  4.2101367e-05  9.6913017e-06  -0.00010959555  3.2746177e-05  1.8007084e-05  -7.7814999e-06  1.4102454e-05  8.4970344e-05  -0.00040777035  2.9227679e-05  0.00024543359  -0.00018887580  -0.00038094655  0.00051612443  1.9304423e-05  8.3767319e-05  -0.00032451728  -0.00010315000  -0.0012545960  0.0018463146  0.0000000   -2.3763162e-05  -5.8690814e-05  -1.7421484e-05  -0.00022360237  7.5522644e-05  0.00045249917  1.0927598e-06  4.9833718e-06  -6.4838955e-06  1.3113734e-05  4.2101367e-05  9.6913017e-06  -0.00010959555  3.2746177e-05  1.8007084e-05  -7.7814999e-06  1.4102454e-05  8.4970344e-05  -0.00040777035  2.9227679e-05  0.00024543359  -0.00018887580  -0.00038094655  0.00051612443  1.9304423e-05  8.3767319e-05  -0.00032451728  -0.00010315000  -0.0012545960  0.0018463146  0.0000000   -2.3763162e-05  -5.8690814e-05  -1.7421484e-05  -0.00022360237  7.5522644e-05  0.00045249917  
-7.3881147e-05  5.5415390e-08  3.5166699e-06  -3.7498276e-05  -3.1672547e-06  9.2858219e-06  -5.2547750e-06  -1.9754528e-05  -1.3842307e-05  7.4859923e-05  -5.8115926e-05  -2.8683988e-05  -1.1477385e-05  -0.00012347706  7.4669241e-07  -1.5365039e-05  -5.8402787e-05  6.7160316e-06  -5.0494042e-05  3.4017993e-05  -2.3657603e-05  2.0964111e-05  6.8659623e-05  9.0259118e-06  2.3763162e-05  0.0000000   -0.0022521348  -0.00090946367  -0.00013678599  -0.00054436262  6.0573085e-05  -7.3881147e-05  5.5415390e-08  3.5166699e-06  -3.7498276e-05  -3.1672547e-06  9.2858219e-06  -5.2547750e-06  -1.9754528e-05  -1.3842307e-05  7.4859923e-05  -5.8115926e-05  -2.8683988e-05  -1.1477385e-05  -0.00012347706  7.4669241e-07  -1.5365039e-05  -5.8402787e-05  6.7160316e-06  -5.0494042e-05  3.4017993e-05  -2.3657603e-05  2.0964111e-05  6.8659623e-05  9.0259118e-06  2.3763162e-05  0.0000000   -0.0022521348  -0.00090946367  -0.00013678599  -0.00054436262  6.0573085e-05  
-5.0493989e-05  -2.1087696e-05  -9.3971431e-06  0.00018664755  9.6956443e-06  -0.00014019514  9.3009515e-07  2.8291092e-06  -0.00013443313  -0.00014612555  6.3725577e-05  3.2941173e-05  -1.4404285e-05  9.9908052e-05  2.3948284e-06  -4.1320202e-05  4.3093846e-06  0.00010974553  1.3062090e-05  5.2222599e-05  5.1195396e-06  2.7309097e-05  -7.1621796e-06  3.6308109e-05  5.8690814e-05  0.0022521348  0.0000000   -0.0019542935  -0.00021797824  -0.00053539090  0.00012584445  -5.0493989e-05  -2.1087696e-05  -9.3971431e-06  0.00018664755  9.6956443e-06  -0.00014019514  9.3009515e-07  2.8291092e-06  -0.00013443313  -0.00014612555  6.3725577e-05  3.2941173e-05  -1.4404285e-05  9.9908052e-05  2.3948284e-06  -4.1320202e-05  4.3093846e-06  0.00010974553  1.3062090e-05  5.2222599e-05  5.1195396e-06  2.7309097e-05  -7.1621796e-06  3.6308109e-05  5.8690814e-05  0.0022521348  0.0000000   -0.0019542935  -0.00021797824  -0.00053539090  0.00012584445  
0.00014158320  -1.9142835e-07  4.4885473e-06  -4.7988631e-05  4.9051387e-06  6.5243310e-05  1.4135389e-05  1.2430270e-05  -0.00021523256  -2.9544530e-05  -8.9171333e-05  -5.5646108e-06  1.7038188e-06  -0.00024043892  1.0736109e-05  -2.0674058e-05  -3.4584071e-05  5.5145950e-05  1.5446737e-05  1.9603747e-05  9.6915314e-06  -3.8704551e-05  -3.6895816e-05  -1.0982779e-05  1.7421484e-05  0.00090946367  0.0019542935  0.0000000   -9.8327933e-05  -0.00027261121  -0.00017189033  0.00014158320  -1.9142835e-07  4.4885473e-06  -4.7988631e-05  4.9051387e-06  6.5243310e-05  1.4135389e-05  1.2430270e-05  -0.00021523256  -2.9544530e-05  -8.9171333e-05  -5.5646108e-06  1.7038188e-06  -0.00024043892  1.0736109e-05  -2.0674058e-05  -3.4584071e-05  5.5145950e-05  1.5446737e-05  1.9603747e-05  9.6915314e-06  -3.8704551e-05  -3.6895816e-05  -1.0982779e-05  1.7421484e-05  0.00090946367  0.0019542935  0.0000000   -9.8327933e-05  -0.00027261121  -0.00017189033  
-1.0401711e-06  3.4786481e-06  -4.3035793e-05  -1.5090403e-05  -1.7341162e-05  -2.7506288e-06  1.1414592e-06  9.9637924e-05  3.8588223e-06  -5.0689450e-05  6.8119784e-06  7.6137649e-05  9.4368607e-06  8.2794148e-05  -2.3145455e-05  -8.1113091e-05  -0.00016756962  0.00013456061  -9.8954493e-05  -7.5174570e-05  -0.00021698353  1.2239565e-05  -0.00022299972  0.00012920498  0.00022360237  0.00013678599  0.00021797824  9.8327933e-05  0.0000000   1.1264661e-05  0.00037469723  -1.0401711e-06  3.4786481e-06  -4.3035793e-05  -1.5090403e-05  -1.7341162e-05  -2.7506288e-06  1.1414592e-06  9.9637924e-05  3.8588223e-06  -5.0689450e-05  6.8119784e-06  7.6137649e-05  9.4368607e-06  8.2794148e-05  -2.3145455e-05  -8.1113091e-05  -0.00016756962  0.00013456061  -9.8954493e-05  -7.5174570e-05  -0.00021698353  1.2239565e-05  -0.00022299972  0.00012920498  0.00022360237  0.00013678599  0.00021797824  9.8327933e-05  0.0000000   1.1264661e-05  0.00037469723  
-2.3351826e-05  1.3914422e-06  2.2378026e-05  -4.3781803e-05  2.1718931e-05  -2.1167910e-05  2.1707982e-07  -2.3085842e-05  2.3141972e-05  -0.00016491898  7.0679225e-05  1.3251378e-06  -1.4538350e-05  0.00029339192  -3.8638513e-06  -5.5964111e-06  7.4175586e-05  -1.1203520e-05  4.2519834e-05  3.0666118e-05  3.5848373e-05  -4.3552000e-06  6.0350944e-06  -3.9045360e-05  -7.5522644e-05  0.00054436262  0.00053539090  0.00027261121  -1.1264661e-05  0.0000000   9.8018655e-05  -2.3351826e-05  1.3914422e-06  2.2378026e-05  -4.3781803e-05  2.1718931e-05  -2.1167910e-05  2.1707982e-07  -2.3085842e-05  2.3141972e-05  -0.00016491898  7.0679225e-05  1.3251378e-06  -1.4538350e-05  0.00029339192  -3.8638513e-06  -5.5964111e-06  7.4175586e-05  -1.1203520e-05  4.2519834e-05  3.0666118e-05  3.5848373e-05  -4.3552000e-06  6.0350944e-06  -3.9045360e-05  -7.5522644e-05  0.00054436262  0.00053539090  0.00027261121  -1.1264661e-05  0.0000000   9.8018655e-05  
2.8500031e-05  -3.8450948e-06  1.4987791e-05  1.2524069e-05  0.00010582830  3.2785570e-05  -6.4723788e-05  4.1169019e-05  -3.2827568e-05  -7.3122337e-06  -1.6494876e-05  7.5100178e-05  3.2496825e-05  2.8543043e-06  1.0060029e-05  7.4737402e-05  0.00014466670  0.00013050183  0.00010467450  0.00010218101  0.00018179875  -6.1623776e-05  -0.00015924223  -0.00043334187  -0.00045249917  -6.0573085e-05  -0.00012584445  0.00017189033  -0.00037469723  -9.8018655e-05  0.0000000   2.8500031e-05  -3.8450948e-06  1.4987791e-05  1.2524069e-05  0.00010582830  3.2785570e-05  -6.4723788e-05  4.1169019e-05  -3.2827568e-05  -7.3122337e-06  -1.6494876e-05  7.5100178e-05  3.2496825e-05  2.8543043e-06  1.0060029e-05  7.4737402e-05  0.00014466670  0.00013050183  0.00010467450  0.00010218101  0.00018179875  -6.1623776e-05  -0.00015924223  -0.00043334187  -0.00045249917  -6.0573085e-05  -0.00012584445  0.00017189033  -0.00037469723  -9.8018655e-05  0.0000000   
0.0000000   2.0570683e-05  -2.8032065e-05  -0.00041542378  2.5466717e-05  -0.00045920502  1.6274721e-05  4.8755877e-05  -0.00030528575  -2.0548278e-06  -0.00030720572  8.2282943e-06  -2.4416136e-05  2.2411322e-05  2.6178904e-05  -1.9502747e-05  -1.9794945e-07  5.4922515e-05  5.3752249e-06  1.3785977e-05  2.1744135e-05  5.2782176e-06  7.7397908e-06  1.8907507e-06  -1.0927598e-06  7.3881147e-05  5.0493989e-05  -0.00014158320  1.0401711e-06  2.3351826e-05  -2.8500031e-05  0.0000000   2.0570683e-05  -2.8032065e-05  -0.00041542378  2.5466717e-05  -0.00045920502  1.6274721e-05  4.8755877e-05  -0.00030528575  -2.0548278e-06  -0.00030720572  8.2282943e-06  -2.4416136e-05  2.2411322e-05  2.6178904e-05  -1.9502747e-05  -1.9794945e-07  5.4922515e-05  5.3752249e-06  1.3785977e-05  2.1744135e-05  5.2782176e-06  7.7397908e-06  1.8907507e-06  -1.0927598e-06  7.3881147e-05  5.0493989e-05  -0.00014158320  1.0401711e-06  2.3351826e-05  -2.8500031e-05  
-2.0570683e-05  0.0000000   0.0016477000  0.00013759401  -0.00051077565  -3.4931968e-05  -0.00023844270  -0.00022762189  -2.0747752e-05  -4.9487589e-05  -3.9445402e-06  -0.00013480684  1.8622586e-06  -5.5337766e-06  -0.00020669834  0.00012094790  -0.00010995698  -0.00010460148  -5.8982202e-05  -0.00018529054  7.5488479e-05  0.00013960433  7.0283715e-05  -2.2280101e-05  -4.9833718e-06  -5.5415390e-08  2.1087696e-05  1.9142835e-07  -3.4786481e-06  -1.3914422e-06  3.8450948e-06  -2.0570683e-05  0.0000000   0.0016477000  0.00013759401  -0.00051077565  -3.4931968e-05  -0.00023844270  -0.00022762189  -2.0747752e-05  -4.9487589e-05  -3.9445402e-06  -0.00013480684  1.8622586e-06  -5.5337766e-06  -0.00020669834  0.00012094790  -0.00010995698  -0.00010460148  -5.8982202e-05  -0.00018529054  7.5488479e-05  0.00013960433  7.0283715e-05  -2.2280101e-05  -4.9833718e-06  -5.5415390e-08  2.1087696e-05  1.9142835e-07  -3.4786481e-06  -1.3914422e-06  3.8450948e-06  
2.8032065e-05  -0.0016477000  0.0000000   -9.8893776e-05  -0.00043851034  -4.9816271e-05  -0.00032504653  0.00038367641  -2.6173104e-05  -3.7528717e-05  2.9572110e-05  -6.2579524e-05  -4.5915100e-05  1.9172992e-05  -0.00020773337  0.00025754349  0.00026832311  0.00018049019  8.1528638e-05  8.4867568e-05  0.00012536918  -8.2026673e-05  8.0971325e-05  -0.00011181404  6.4838955e-06  -3.5166699e-06  9.3971431e-06  -4.4885473e-06  4.3035793e-05  -2.2378026e-05  -1.4987791e-05  2.8032065e-05  -0.0016477000  0.0000000   -9.8893776e-05  -0.00043851034  -4.9816271e-05  -0.00032504653  0.00038367641  -2.6173104e-05  -3.7528717e-05  2.9572110e-05  -6.2579524e-05  -4.5915100e-05  1.9172992e-05  -0.00020773337  0.00025754349  0.00026832311  0.00018049019  8.1528638e-05  8.4867568e-05  0.00012536918  -8.2026673e-05  8.0971325e-05  -0.00011181404  6.4838955e-06  -3.5166699e-06  9.3971431e-06  -4.4885473e-06  4.3035793e-05  -2.2378026e-05  -1.4987791e-05  
0.00041542378  -0.00013759401  9.8893776e-05  0.0000000   -0.00012448437  0.00067139974  8.5181230e-06  3.8295057e-05  0.00033100186  0.00047559313  6.2042702e-05  1.3564514e-05  -3.4232683e-05  -8.3776304e-05  -2.5343958e-05  2.3950330e-05  4.4397480e-05  2.7086329e-06  2.5355928e-06  2.3657208e-05  2.0676860e-05  1.6019900e-05  9.3246085e-06  -2.9095722e-05  -1.3113734e-05  3.7498276e-05  -0.00018664755  4.7988631e-05  1.5090403e-05  4.3781803e-05  -1.2524069e-05  0.00041542378  -0.00013759401  9.8893776e-05  0.0000000   -0.00012448437  0.00067139974  8.5181230e-06  3.8295057e-05  0.00033100186  0.00047559313  6.2042702e-05  1.3564514e-05  -3.4232683e-05  -8.3776304e-05  -2.5343958e-05  2.3950330e-05  4.4397480e-05  2.7086329e-06  2.5355928e-06  2.3657208e-05  2.0676860e-05  1.6019900e-05  9.3246085e-06  -2.9095722e-05  -1.3113734e-05  3.7498276e-05  -0.00018664755  4.7988631e-05  1.5090403e-05  4.3781803e-05  -1.2524069e-05  
-2.5466717e-05  0.00051077565  0.00043851034  0.00012448437  0.0000000   -4.8609464e-05  0.0017111450  0.00081478938  -2.1513729e-05  1.2365448e-05  -2.3999750e-05  0.00080247998  -0.00032541679  -6.6591310e-07  6.7213439e-05  -0.00012470200  -0.00016040277  -0.00030055163  7.8166410e-05  9.6431480e-05  -7.9948461e-05  -0.00023701695  4.2805879e-05  -4.0482717e-05  -4.2101367e-05  3.1672547e-06  -9.6956443e-06  -4.9051387e-06  1.7341162e-05  -2.1718931e-05  -0.00010582830  -2.5466717e-05  0.00051077565  0.00043851034  0.00012448437  0.0000000   -4.8609464e-05  0.0017111450  0.00081478938  -2.1513729e-05  1.2365448e-05  -2.3999750e-05  0.00080247998  -0.00032541679  -6.6591310e-07  6.7213439e-05  -0.00012470200  -0.00016040277  -0.00030055163  7.8166410e-05  9.6431480e-05  -7.9948461e-05  -0.00023701695  4.2805879e-05  -4.0482717e-05  -4.2101367e-05  3.1672547e-06  -9.6956443e-06  -4.9051387e-06  1.7341162e-05  -2.1718931e-05  -0.00010582830  
0.00045920502  3.4931968e-05  4.9816271e-05  -0.00067139974  4.8609464e-05  0.0000000   -5.6353208e-06  -9.6290714e-06  0.00012595547  -9.9247015e-06  -0.00039954027  2.3872877e-05  -3.4930209e-05  0.00015888993  3.1283269e-05  3.5919975e-05  5.6297402e-05  -1.3115982e-05  7.3998108e-06  -5.1776024e-07  1.3790688e-05  2.3883865e-05  5.6928405e-06  -1.1473655e-05  -9.6913017e-06  -9.2858219e-06  0.00014019514  -6.5243310e-05  2.7506288e-06  2.1167910e-05  -3.2785570e-05  0.00045920502  3.4931968e-05  4.9816271e-05  -0.00067139974  4.8609464e-05  0.0000000   -5.6353208e-06  -9.6290714e-06  0.00012595547  -9.9247015e-06  -0.00039954027  2.3872877e-05  -3.4930209e-05  0.00015888993  3.1283269e-05  3.5919975e-05  5.6297402e-05  -1.3115982e-05  7.3998108e-06  -5.1776024e-07  1.3790688e-05  2.3883865e-05  5.6928405e-06  -1.1473655e-05  -9.6913017e-06  -9.2858219e-06  0.00014019514  -6.5243310e-05  2.7506288e-06  2.1167910e-05  -3.2785570e-05  
-1.6274721e-05  0.00023844270  0.00032504653  -8.5181230e-06  -0.0017111450  5.6353208e-06  0.0000000   0.00080088439  -1.1153823e-05  4.4920221e-05  -8.9408510e-05  0.00060915067  0.00027538915  1.6375794e-05  -5.6827869e-05  -0.00039843729  0.00013273856  9.4902099e-05  -0.00014399905  0.00013224247  5.8735588e-05  -0.00013561257  0.00011565265  0.00015336827  0.00010959555  5.2547750e-06  -9.3009515e-07  -1.4135389e-05  -1.1414592e-06  -2.1707982e-07  6.4723788e-05  -1.6274721e-05  0.00023844270  0.00032504653  -8.5181230e-06  -0.0017111450  5.6353208e-06  0.0000000   0.00080088439  -1.1153823e-05  4.4920221e-05  -8.9408510e-05  0.00060915067  0.00027538915  1.6375794e-05  -5.6827869e-05  -0.00039843729  0.00013273856  9.4902099e-05  -0.00014399905  0.00013224247  5.8735588e-05  -0.00013561257  0.00011565265  0.00015336827  0.00010959555  5.2547750e-06  -9.3009515e-07  -1.4135389e-05  -1.1414592e-06  -2.1707982e-07  6.4723788e-05  
-4.8755877e-05  0.00022762189  -0.00038367641  -3.8295057e-05  -0.00081478938  9.6290714e-06  -0.00080088439  0.0000000   -4.3139115e-05  -5.8785326e-05  4.1783034e-05  -0.00027253407  6.0561470e-05  -6.3290979e-06  0.00045748983  -0.00017740493  0.00026651939  -0.00060300916  -0.00014634286  -0.00017546349  0.00026483133  -0.00018101349  -7.2445357e-05  7.4109308e-05  -3.2746177e-05  1.9754528e-05  -2.8291092e-06  -1.2430270e-05  -9.9637924e-05  2.3085842e-05  -4.1169019e-05  -4.8755877e-05  0.00022762189  -0.00038367641  -3.8295057e-05  -0.00081478938  9.6290714e-06  -0.00080088439  0.0000000   -4.3139115e-05  -5.8785326e-05  4.1783034e-05  -0.00027253407  6.0561470e-05  -6.3290979e-06  0.00045748983  -0.00017740493  0.00026651939  -0.00060300916  -0.00014634286  -0.00017546349  0.00026483133  -0.00018101349  -7.2445357e-05  7.4109308e-05  -3.2746177e-05  1.9754528e-05  -2.8291092e-06  -1.2430270e-05  -9.9637924e-05  2.3085842e-05  -4.1169019e-05  
0.00030528575  2.0747752e-05  2.6173104e-05  -0.00033100186  2.1513729e-05  -0.00012595547  1.1153823e-05  4.3139115e-05  0.0000000   -0.0032607473  0.00080579802  0.00011655405  0.00012466441  8.9449025e-05  -7.6983874e-06  -8.5223565e-06  0.00012363466  -1.2438123e-05  4.1803384e-05  1.9147170e-05  5.5035965e-06  -1.2003527e-06  -2.9762208e-05  -2.0438824e-05  -1.8007084e-05  1.3842307e-05  0.00013443313  0.00021523256  -3.8588223e-06  -2.3141972e-05  3.2827568e-05  0.00030528575  2.0747752e-05  2.6173104e-05  -0.00033100186  2.1513729e-05  -0.00012595547  1.1153823e-05  4.3139115e-05  0.0000000   -0.0032607473  0.00080579802  0.00011655405  0.00012466441  8.9449025e-05  -7.6983874e-06  -8.5223565e-06  0.00012363466  -1.2438123e-05  4.1803384e-05  1.9147170e-05  5.5035965e-06  -1.2003527e-06  -2.9762208e-05  -2.0438824e-05  -1.8007084e-05  1.3842307e-05  0.00013443313  0.00021523256  -3.8588223e-06  -2.3141972e-05  3.2827568e-05  
2.0548278e-06  4.9487589e-05  3.7528717e-05  -0.00047559313  -1.2365448e-05  9.9247015e-06  -4.4920221e-05  5.8785326e-05  0.0032607473  0.0000000   0.00033550117  -5.5089903e-05  0.00010470843  -0.00018138381  -5.3947054e-06  -1.7778223e-06  -8.2954929e-06  -5.7929659e-05  8.6518523e-07  -3.5053504e-05  6.9223277e-06  -4.9845520e-06  5.6696276e-07  -2.9088165e-05  7.7814999e-06  -7.4859923e-05  0.00014612555  2.9544530e-05  5.0689450e-05  0.00016491898  7.3122337e-06  2.0548278e-06  4.9487589e-05  3.7528717e-05  -0.00047559313  -1.2365448e-05  9.9247015e-06  -4.4920221e-05  5.8785326e-05  0.0032607473  0.0000000   0.00033550117  -5.5089903e-05  0.00010470843  -0.00018138381  -5.3947054e-06  -1.7778223e-06  -8.2954929e-06  -5.7929659e-05  8.6518523e-07  -3.5053504e-05  6.9223277e-06  -4.9845520e-06  5.6696276e-07  -2.9088165e-05  7.7814999e-06  -7.4859923e-05  0.00014612555  2.9544530e-05  5.0689450e-05  0.00016491898  7.3122337e-06  
