0.0000000   -0.0073013059  -0.00025162565  0.0015612104  0.00018985571  0.00051042484  5.3607094e-05  -0.00017596012  5.9369173e-05  -3.8662202e-06  7.5308210e-05  -4.7894835e-05  0.00013726299  -0.00017322292  9.8296250e-05  -1.1783259e-05  -1.6528019e-05  0.00016262994  -0.00010228028  1.2578439e-05  -1.0393860e-06  6.3667808e-05  -2.0558121e-05  -3.0234729e-05  4.2023578e-06  -5.0344493e-07  -9.4354573e-05  1.0260270e-05  5.0371777e-06  -2.5604327e-06  9.9452858e-05  0.0000000   -0.0073013059  -0.00025162565  0.0015612104  0.00018985571  0.00051042484  5.3607094e-05  -0.00017596012  5.9369173e-05  -3.8662202e-06  7.5308210e-05  -4.7894835e-05  0.00013726299  -0.00017322292  9.8296250e-05  -1.1783259e-05  -1.6528019e-05  0.00016262994  -0.00010228028  1.2578439e-05  -1.0393860e-06  6.3667808e-05  -2.0558121e-05  -3.0234729e-05  4.2023578e-06  -5.0344493e-07  -9.4354573e-05  1.0260270e-05  5.0371777e-06  -2.5604327e-06  9.9452858e-05  
0.0073013059  0.0000000   -5.8803841e-05  -6.9423122e-05  -0.00014650013  -0.0010238868  -0.00016017283  1.6072740e-05  2.6017979e-06  5.5600098e-06  6.9114154e-05  2.6803759e-05  -0.00013944481  0.00027390161  -3.1999528e-05  4.3132984e-06  0.00010734039  -9.0460172e-05  0.00028300502  -8.7941385e-05  -5.1101133e-06  -0.00010690705  1.6533606e-05  -1.0451879e-05  -7.4204225e-05  4.9380472e-06  5.8560946e-05  1.6469357e-05  0.00013281723  -1.4911510e-06  -0.00013620865  0.0073013059  0.0000000   -5.8803841e-05  -6.9423122e-05  -0.00014650013  -0.0010238868  -0.00016017283  1.6072740e-05  2.6017979e-06  5.5600098e-06  6.9114154e-05  2.6803759e-05  -0.00013944481  0.00027390161  -3.1999528e-05  4.3132984e-06  0.00010734039  -9.0460172e-05  0.00028300502  -8.7941385e-05  -5.1101133e-06  -0.00010690705  1.6533606e-05  -1.0451879e-05  -7.4204225e-05  4.9380472e-06  5.8560946e-05  1.6469357e-05  0.00013281723  -1.4911510e-06  -0.00013620865  
0.00025162565  5.8803841e-05  0.0000000   -0.00016072642  -0.00026322330  -2.1501775e-05  -0.00016310632  -3.3576445e-05  0.00028791747  -0.00022208065  6.9442861e-05  -0.00016870093  6.1873769e-05  -1.2011858e-05  1.2228224e-05  5.0843850e-05  2.2380265e-05  -1.8948594e-05  -1.1743066e-05  -6.6791906e-05  -3.7899050e-05  4.6618874e-07  -0.00010693280  -2.6777955e-05  1.1338722e-06  -2.7809587e-05  2.0947697e-06  8.7703325e-07  7.7738892e-06  -1.4984191e-05  -1.1308618e-05  0.00025162565  5.8803841e-05  0.0000000   -0.00016072642  -0.00026322330  -2.1501775e-05  -0.00016310632  -3.3576445e-05  0.00028791747  -0.00022208065  6.9442861e-05  -0.00016870093  6.1873769e-05  -1.2011858e-05  1.2228224e-05  5.0843850e-05  2.2380265e-05  -1.8948594e-05  -1.1743066e-05  -6.6791906e-05  -3.7899050e-05  4.6618874e-07  -0.00010693280  -2.6777955e-05  1.1338722e-06  -2.7809587e-05  2.0947697e-06  8.7703325e-07  7.7738892e-06  -1.4984191e-05  -1.1308618e-05  
-0.0015612104  6.9423122e-05  0.00016072642  0.0000000   0.0054795246  0.0015253500  7.0739717e-05  -0.00016196745  9.7219714e-05  -6.0030422e-06  -7.2137572e-06  -3.0722549e-05  0.00017030589  7.4272910e-05  -0.00016226128  1.3459509e-05  -0.00017076960  0.00026321527  -0.00010676299  -8.1474829e-06  1.2428252e-06  -4.8799424e-05  -3.2274067e-05  -1.2897521e-05  -4.3575762e-05  4.2082514e-06  -4.6320622e-05  9.9339106e-06  6.1452715e-06  1.0147868e-05  5.5275558e-05  -0.0015612104  6.9423122e-05  0.00016072642  0.0000000   0.0054795246  0.0015253500  7.0739717e-05  -0.00016196745  9.7219714e-05  -6.0030422e-06  -7.2137572e-06  -3.0722549e-05  0.00017030589  7.4272910e-05  -0.00016226128  1.3459509e-05  -0.00017076960  0.00026321527  -0.00010676299  -8.1474829e-06  1.2428252e-06  -4.8799424e-05  -3.2274067e-05  -1.2897521e-05  -4.3575762e-05  4.2082514e-06  -4.6320622e-05  9.9339106e-06  6.1452715e-06  1.0147868e-05  5.5275558e-05  
-0.00018985571  0.00014650013  0.00026322330  -0.0054795246  0.0000000   0.0027983783  0.00058270015  -0.00015964314  7.8100842e-05  3.0589629e-05  -2.3016942e-06  9.6714762e-06  -9.2467883e-05  -0.00020267034  0.00023937297  2.9407157e-05  -0.00011605323  -0.00014847833  -8.1566288e-05  2.0192443e-05  2.1658853e-06  0.00018555252  -2.7187990e-07  1.8257744e-05  2.5072699e-05  -2.0467950e-06  -5.9736904e-06  1.4013507e-05  6.9698222e-05  1.3564718e-05  -4.6449641e-05  -0.00018985571  0.00014650013  0.00026322330  -0.0054795246  0.0000000   0.0027983783  0.00058270015  -0.00015964314  7.8100842e-05  3.0589629e-05  -2.3016942e-06  9.6714762e-06  -9.2467883e-05  -0.00020267034  0.00023937297  2.9407157e-05  -0.00011605323  -0.00014847833  -8.1566288e-05  2.0192443e-05  2.1658853e-06  0.00018555252  -2.7187990e-07  1.8257744e-05  2.5072699e-05  -2.0467950e-06  -5.9736904e-06  1.4013507e-05  6.9698222e-05  1.3564718e-05  -4.6449641e-05  
-0.00051042484  0.0010238868  2.1501775e-05  -0.0015253500  -0.0027983783  0.0000000   0.00017087259  0.00019255951  4.3033449e-05  -0.00012770398  -7.0701794e-05  -4.8925214e-05  -0.00020890237  -0.00044171285  0.00032210831  -0.00010292424  0.00044649961  -0.00013360401  -9.0898023e-05  3.0473805e-05  8.5647857e-06  0.00014442835  5.9985824e-06  1.7102404e-05  7.6570925e-05  4.4853531e-06  -1.8828279e-06  -6.8257604e-05  1.4825170e-05  -1.7334192e-05  -7.7814387e-05  -0.00051042484  0.0010238868  2.1501775e-05  -0.0015253500  -0.0027983783  0.0000000   0.00017087259  0.00019255951  4.3033449e-05  -0.00012770398  -7.0701794e-05  -4.8925214e-05  -0.00020890237  -0.00044171285  0.00032210831  -0.00010292424  0.00044649961  -0.00013360401  -9.0898023e-05  3.0473805e-05  8.5647857e-06  0.00014442835  5.9985824e-06  1.7102404e-05  7.6570925e-05  4.4853531e-06  -1.8828279e-06  -6.8257604e-05  1.4825170e-05  -1.7334192e-05  -7.7814387e-05  
-5.3607094e-05  0.00016017283  0.00016310632  -7.0739717e-05  -0.00058270015  -0.00017087259  0.0000000   -0.00087690220  -0.00035286018  0.00044162822  0.00044230058  0.00017308931  -0.00013980322  0.00018371680  2.8901895e-05  0.00021975149  0.00013366750  -6.3337337e-06  2.2550616e-05  0.00011584229  9.9901175e-06  1.2252562e-05  2.2553084e-05  -1.9824903e-05  1.8459958e-05  -8.7414493e-05  3.8268926e-06  -1.4712321e-05  1.1434980e-05  0.00014401211  -9.8760802e-06  -5.3607094e-05  0.00016017283  0.00016310632  -7.0739717e-05  -0.00058270015  -0.00017087259  0.0000000   -0.00087690220  -0.00035286018  0.00044162822  0.00044230058  0.00017308931  -0.00013980322  0.00018371680  2.8901895e-05  0.00021975149  0.00013366750  -6.3337337e-06  2.2550616e-05  0.00011584229  9.9901175e-06  1.2252562e-05  2.2553084e-05  -1.9824903e-05  1.8459958e-05  -8.7414493e-05  3.8268926e-06  -1.4712321e-05  1.1434980e-05  0.00014401211  -9.8760802e-06  
0.00017596012  -1.6072740e-05  3.3576445e-05  0.00016196745  0.00015964314  -0.00019255951  0.00087690220  0.0000000   0.00068890542  -0.0013856122  0.00016192178  -0.00058692912  -0.00034421454  -4.2205220e-08  -9.1857061e-05  -5.4751404e-05  -3.2563876e-05  3.3136432e-05  -5.2044349e-05  -0.00018836792  0.00017872070  1.7741285e-06  -3.1196325e-05  -0.00014819117  -1.4494530e-06  -0.00010854847  7.1197298e-07  2.4988756e-06  -7.1155723e-06  3.0453415e-05  -5.7425896e-06  0.00017596012  -1.6072740e-05  3.3576445e-05  0.00016196745  0.00015964314  -0.00019255951  0.00087690220  0.0000000   0.00068890542  -0.0013856122  0.00016192178  -0.00058692912  -0.00034421454  -4.2205220e-08  -9.1857061e-05  -5.4751404e-05  -3.2563876e-05  3.3136432e-05  -5.2044349e-05  -0.00018836792  0.00017872070  1.7741285e-06  -3.1196325e-05  -0.00014819117  -1.4494530e-06  -0.00010854847  7.1197298e-07  2.4988756e-06  -7.1155723e-06  3.0453415e-05  -5.7425896e-06  
-5.9369173e-05  -2.6017979e-06  -0.00028791747  -9.7219714e-05  -7.8100842e-05  -4.3033449e-05  0.00035286018  -0.00068890542  0.0000000   0.00055842968  -0.00043370443  0.0010540253  0.00016712448  5.1763301e-05  5.8507417e-05  7.7750301e-05  2.1335013e-05  -2.8437455e-05  2.1687886e-05  0.00012312043  0.00013705159  -7.9482106e-06  -6.3670180e-05  0.00018670375  -4.3513197e-06  2.2340511e-05  2.2522088e-06  4.2415897e-06  6.2467355e-06  -5.0455059e-07  1.4729238e-06  -5.9369173e-05  -2.6017979e-06  -0.00028791747  -9.7219714e-05  -7.8100842e-05  -4.3033449e-05  0.00035286018  -0.00068890542  0.0000000   0.00055842968  -0.00043370443  0.0010540253  0.00016712448  5.1763301e-05  5.8507417e-05  7.7750301e-05  2.1335013e-05  -2.8437455e-05  2.1687886e-05  0.00012312043  0.00013705159  -7.9482106e-06  -6.3670180e-05  0.00018670375  -4.3513197e-06  2.2340511e-05  2.2522088e-06  4.2415897e-06  6.2467355e-06  -5.0455059e-07  1.4729238e-06  
3.8662202e-06  -5.5600098e-06  0.00022208065  6.0030422e-06  -3.0589629e-05  0.00012770398  -0.00044162822  0.0013856122  -0.00055842968  0.0000000   -9.7828664e-05  -0.0013122788  -0.00010714954  0.00020327450  -6.5498099e-06  -0.00017875024  -2.3856096e-05  3.4819364e-05  -4.5033596e-05  -0.00010788147  4.9209471e-05  -2.0725338e-06  -3.4462582e-05  1.7238772e-05  1.3390126e-05  3.7784573e-05  -6.6797182e-06  3.4548207e-07  -2.1390016e-06  5.3222969e-05  4.2457000e-06  3.8662202e-06  -5.5600098e-06  0.00022208065  6.0030422e-06  -3.0589629e-05  0.00012770398  -0.00044162822  0.0013856122  -0.00055842968  0.0000000   -9.7828664e-05  -0.0013122788  -0.00010714954  0.00020327450  -6.5498099e-06  -0.00017875024  -2.3856096e-05  3.4819364e-05  -4.5033596e-05  -0.00010788147  4.9209471e-05  -2.0725338e-06  -3.4462582e-05  1.7238772e-05  1.3390126e-05  3.7784573e-05  -6.6797182e-06  3.4548207e-07  -2.1390016e-06  5.3222969e-05  4.2457000e-06  
-7.5308210e-05  -6.9114154e-05  -6.9442861e-05  7.2137572e-06  2.3016942e-06  7.0701794e-05  -0.00044230058  -0.00016192178  0.00043370443  9.7828664e-05  0.0000000   0.0014257271  0.00011599390  -0.00091266600  -5.1746475e-06  0.00013978891  5.2472682e-06  -3.7984119e-05  1.8533493e-05  2.5607171e-05  -0.00014222734  1.8918602e-05  0.00016316893  0.00022253683  -2.0613753e-05  -0.00020262928  -1.5677201e-06  -1.0817113e-05  1.0902092e-05  -3.9738034e-05  4.6699933e-06  -7.5308210e-05  -6.9114154e-05  -6.9442861e-05  7.2137572e-06  2.3016942e-06  7.0701794e-05  -0.00044230058  -0.00016192178  0.00043370443  9.7828664e-05  0.0000000   0.0014257271  0.00011599390  -0.00091266600  -5.1746475e-06  0.00013978891  5.2472682e-06  -3.7984119e-05  1.8533493e-05  2.5607171e-05  -0.00014222734  1.8918602e-05  0.00016316893  0.00022253683  -2.0613753e-05  -0.00020262928  -1.5677201e-06  -1.0817113e-05  1.0902092e-05  -3.9738034e-05  4.6699933e-06  
4.7894835e-05  -2.6803759e-05  0.00016870093  3.0722549e-05  -9.6714762e-06  4.8925214e-05  -0.00017308931  0.00058692912  -0.0010540253  0.0013122788  -0.0014257271  0.0000000   -0.00010739725  -0.00085666755  4.3256948e-05  -2.1681536e-05  -8.5020177e-05  -1.3179895e-05  -2.8936163e-05  -0.00011136546  -0.00014353168  -2.0167132e-05  -0.00012187846  -7.1365980e-05  4.1896835e-07  5.1700476e-05  -2.0810609e-05  -1.6074516e-05  1.5569093e-05  0.00013699063  1.8877407e-06  4.7894835e-05  -2.6803759e-05  0.00016870093  3.0722549e-05  -9.6714762e-06  4.8925214e-05  -0.00017308931  0.00058692912  -0.0010540253  0.0013122788  -0.0014257271  0.0000000   -0.00010739725  -0.00085666755  4.3256948e-05  -2.1681536e-05  -8.5020177e-05  -1.3179895e-05  -2.8936163e-05  -0.00011136546  -0.00014353168  -2.0167132e-05  -0.00012187846  -7.1365980e-05  4.1896835e-07  5.1700476e-05  -2.0810609e-05  -1.6074516e-05  1.5569093e-05  0.00013699063  1.8877407e-06  
-0.00013726299  0.00013944481  -6.1873769e-05  -0.00017030589  9.2467883e-05  0.00020890237  0.00013980322  0.00034421454  -0.00016712448  0.00010714954  -0.00011599390  0.00010739725  0.0000000   0.019613540  0.00040033819  -0.00010027542  0.0010442017  0.00015401808  -6.6991313e-05  8.2219624e-06  1.6563971e-05  -9.2102100e-05  5.8827232e-05  2.7226058e-05  0.00023924105  -2.2783069e-05  0.00010903438  0.00020868913  3.3328714e-05  4.5663943e-05  -2.2211246e-05  -0.00013726299  0.00013944481  -6.1873769e-05  -0.00017030589  9.2467883e-05  0.00020890237  0.00013980322  0.00034421454  -0.00016712448  0.00010714954  -0.00011599390  0.00010739725  0.0000000   0.019613540  0.00040033819  -0.00010027542  0.0010442017  0.00015401808  -6.6991313e-05  8.2219624e-06  1.6563971e-05  -9.2102100e-05  5.8827232e-05  2.7226058e-05  0.00023924105  -2.2783069e-05  0.00010903438  0.00020868913  3.3328714e-05  4.5663943e-05  -2.2211246e-05  
0.00017322292  -0.00027390161  1.2011858e-05  -7.4272910e-05  0.00020267034  0.00044171285  -0.00018371680  4.2205220e-08  -5.1763301e-05  -0.00020327450  0.00091266600  0.00085666755  -0.019613540  0.0000000   -0.0024245370  -0.00021658472  -0.00070708325  0.00052946127  -6.0973226e-06  8.4729841e-05  -2.2665106e-05  -7.0951052e-05  0.00012384322  -4.9208210e-05  0.00030666957  -8.1541694e-05  -1.1132406e-05  8.5256742e-05  -5.0794265e-05  3.7778891e-05  -4.4058371e-05  0.00017322292  -0.00027390161  1.2011858e-05  -7.4272910e-05  0.00020267034  0.00044171285  -0.00018371680  4.2205220e-08  -5.1763301e-05  -0.00020327450  0.00091266600  0.00085666755  -0.019613540  0.0000000   -0.0024245370  -0.00021658472  -0.00070708325  0.00052946127  -6.0973226e-06  8.4729841e-05  -2.2665106e-05  -7.0951052e-05  0.00012384322  -4.9208210e-05  0.00030666957  -8.1541694e-05  -1.1132406e-05  8.5256742e-05  -5.0794265e-05  3.7778891e-05  -4.4058371e-05  
-9.8296250e-05  3.1999528e-05  -1.2228224e-05  0.00016226128  -0.00023937297  -0.00032210831  -2.8901895e-05  9.1857061e-05  -5.8507417e-05  6.5498099e-06  5.1746475e-06  -4.3256948e-05  -0.00040033819  0.0024245370  0.0000000   -8.6888336e-05  0.00048273078  -0.00066570205  -0.00074454374  0.00025434553  4.4382396e-05  -8.8713047e-05  9.5159708e-06  -7.0633714e-06  -7.9988308e-05  6.0293854e-06  -0.00040976022  -0.00017461396  2.1349099e-05  -1.3791367e-05  3.5543484e-05  -9.8296250e-05  3.1999528e-05  -1.2228224e-05  0.00016226128  -0.00023937297  -0.00032210831  -2.8901895e-05  9.1857061e-05  -5.8507417e-05  6.5498099e-06  5.1746475e-06  -4.3256948e-05  -0.00040033819  0.0024245370  0.0000000   -8.6888336e-05  0.00048273078  -0.00066570205  -0.00074454374  0.00025434553  4.4382396e-05  -8.8713047e-05  9.5159708e-06  -7.0633714e-06  -7.9988308e-05  6.0293854e-06  -0.00040976022  -0.00017461396  2.1349099e-05  -1.3791367e-05  3.5543484e-05  
1.1783259e-05  -4.3132984e-06  -5.0843850e-05  -1.3459509e-05  -2.9407157e-05  0.00010292424  -0.00021975149  5.4751404e-05  -7.7750301e-05  0.00017875024  -0.00013978891  2.1681536e-05  0.00010027542  0.00021658472  8.6888336e-05  0.0000000   7.8800777e-05  -0.00024392985  0.00040011731  0.00023743452  -0.00053644870  5.7945883e-05  0.00018147219  3.7226210e-05  -6.3750441e-06  -0.00032416637  3.6971938e-05  -5.8816271e-05  3.8166228e-05  9.3387804e-05  -1.0958445e-05  1.1783259e-05  -4.3132984e-06  -5.0843850e-05  -1.3459509e-05  -2.9407157e-05  0.00010292424  -0.00021975149  5.4751404e-05  -7.7750301e-05  0.00017875024  -0.00013978891  2.1681536e-05  0.00010027542  0.00021658472  8.6888336e-05  0.0000000   7.8800777e-05  -0.00024392985  0.00040011731  0.00023743452  -0.00053644870  5.7945883e-05  0.00018147219  3.7226210e-05  -6.3750441e-06  -0.00032416637  3.6971938e-05  -5.8816271e-05  3.8166228e-05  9.3387804e-05  -1.0958445e-05  
1.6528019e-05  -0.00010734039  -2.2380265e-05  0.00017076960  0.00011605323  -0.00044649961  -0.00013366750  3.2563876e-05  -2.1335013e-05  2.3856096e-05  -5.2472682e-06  8.5020177e-05  -0.0010442017  0.00070708325  -0.00048273078  -7.8800777e-05  0.0000000   0.0012945528  -0.0017215691  0.00064711107  -0.00010394710  -0.00028925579  8.1768740e-05  -5.7948279e-05  -2.9329414e-06  -9.4653119e-05  -0.00030940707  0.00019645342  -0.00010424766  2.2990181e-05  4.9369168e-05  1.6528019e-05  -0.00010734039  -2.2380265e-05  0.00017076960  0.00011605323  -0.00044649961  -0.00013366750  3.2563876e-05  -2.1335013e-05  2.3856096e-05  -5.2472682e-06  8.5020177e-05  -0.0010442017  0.00070708325  -0.00048273078  -7.8800777e-05  0.0000000   0.0012945528  -0.0017215691  0.00064711107  -0.00010394710  -0.00028925579  8.1768740e-05  -5.7948279e-05  -2.9329414e-06  -9.4653119e-05  -0.00030940707  0.00019645342  -0.00010424766  2.2990181e-05  4.9369168e-05  
-0.00016262994  9.0460172e-05  1.8948594e-05  -0.00026321527  0.00014847833  0.00013360401  6.3337337e-06  -3.3136432e-05  2.8437455e-05  -3.4819364e-05  3.7984119e-05  1.3179895e-05  -0.00015401808  -0.00052946127  0.00066570205  0.00024392985  -0.0012945528  0.0000000   -0.00025720744  7.4007390e-05  -5.5067325e-05  -0.00085056637  1.6511999e-05  -3.2614336e-05  0.00050570991  -5.3716240e-06  -6.5408615e-06  0.00028841435  0.00014720524  -1.3667836e-05  -1.1891145e-05  -0.00016262994  9.0460172e-05  1.8948594e-05  -0.00026321527  0.00014847833  0.00013360401  6.3337337e-06  -3.3136432e-05  2.8437455e-05  -3.4819364e-05  3.7984119e-05  1.3179895e-05  -0.00015401808  -0.00052946127  0.00066570205  0.00024392985  -0.0012945528  0.0000000   -0.00025720744  7.4007390e-05  -5.5067325e-05  -0.00085056637  1.6511999e-05  -3.2614336e-05  0.00050570991  -5.3716240e-06  -6.5408615e-06  0.00028841435  0.00014720524  -1.3667836e-05  -1.1891145e-05  
0.00010228028  -0.00028300502  1.1743066e-05  0.00010676299  8.1566288e-05  9.0898023e-05  -2.2550616e-05  5.2044349e-05  -2.1687886e-05  4.5033596e-05  -1.8533493e-05  2.8936163e-05  6.6991313e-05  6.0973226e-06  0.00074454374  -0.00040011731  0.0017215691  0.00025720744  0.0000000   2.5139684e-05  -0.00024045113  9.9233930e-05  0.00013180205  0.00011854438  -4.6540334e-05  0.00010886444  -8.5833088e-05  -9.9180004e-05  0.00011268177  2.0002379e-06  -0.00015464148  0.00010228028  -0.00028300502  1.1743066e-05  0.00010676299  8.1566288e-05  9.0898023e-05  -2.2550616e-05  5.2044349e-05  -2.1687886e-05  4.5033596e-05  -1.8533493e-05  2.8936163e-05  6.6991313e-05  6.0973226e-06  0.00074454374  -0.00040011731  0.0017215691  0.00025720744  0.0000000   2.5139684e-05  -0.00024045113  9.9233930e-05  0.00013180205  0.00011854438  -4.6540334e-05  0.00010886444  -8.5833088e-05  -9.9180004e-05  0.00011268177  2.0002379e-06  -0.00015464148  
-1.2578439e-05  8.7941385e-05  6.6791906e-05  8.1474829e-06  -2.0192443e-05  -3.0473805e-05  -0.00011584229  0.00018836792  -0.00012312043  0.00010788147  -2.5607171e-05  0.00011136546  -8.2219624e-06  -8.4729841e-05  -0.00025434553  -0.00023743452  -0.00064711107  -7.4007390e-05  -2.5139684e-05  0.0000000   -0.00078572429  -2.3845597e-05  0.00032295758  0.00029773147  -7.1365639e-06  0.00031147186  1.2331136e-05  1.5162422e-05  -5.1343144e-05  3.1756409e-06  5.0281266e-05  -1.2578439e-05  8.7941385e-05  6.6791906e-05  8.1474829e-06  -2.0192443e-05  -3.0473805e-05  -0.00011584229  0.00018836792  -0.00012312043  0.00010788147  -2.5607171e-05  0.00011136546  -8.2219624e-06  -8.4729841e-05  -0.00025434553  -0.00023743452  -0.00064711107  -7.4007390e-05  -2.5139684e-05  0.0000000   -0.00078572429  -2.3845597e-05  0.00032295758  0.00029773147  -7.1365639e-06  0.00031147186  1.2331136e-05  1.5162422e-05  -5.1343144e-05  3.1756409e-06  5.0281266e-05  
1.0393860e-06  5.1101133e-06  3.7899050e-05  -1.2428252e-06  -2.1658853e-06  -8.5647857e-06  -9.9901175e-06  -0.00017872070  -0.00013705159  -4.9209471e-05  0.00014222734  0.00014353168  -1.6563971e-05  2.2665106e-05  -4.4382396e-05  0.00053644870  0.00010394710  5.5067325e-05  0.00024045113  0.00078572429  0.0000000   -5.3200884e-05  -0.00034829307  0.00058102803  -8.8223402e-06  -8.6712267e-05  5.4155116e-06  2.5958071e-06  3.6748054e-07  -0.00013591880  -2.4732427e-05  1.0393860e-06  5.1101133e-06  3.7899050e-05  -1.2428252e-06  -2.1658853e-06  -8.5647857e-06  -9.9901175e-06  -0.00017872070  -0.00013705159  -4.9209471e-05  0.00014222734  0.00014353168  -1.6563971e-05  2.2665106e-05  -4.4382396e-05  0.00053644870  0.00010394710  5.5067325e-05  0.00024045113  0.00078572429  0.0000000   -5.3200884e-05  -0.00034829307  0.00058102803  -8.8223402e-06  -8.6712267e-05  5.4155116e-06  2.5958071e-06  3.6748054e-07  -0.00013591880  -2.4732427e-05  
-6.3667808e-05  0.00010690705  -4.6618874e-07  4.8799424e-05  -0.00018555252  -0.00014442835  -1.2252562e-05  -1.7741285e-06  7.9482106e-06  2.0725338e-06  -1.8918602e-05  2.0167132e-05  9.2102100e-05  7.0951052e-05  8.8713047e-05  -5.7945883e-05  0.00028925579  0.00085056637  -9.9233930e-05  2.3845597e-05  5.3200884e-05  0.0000000   6.4396412e-05  3.0148173e-05  8.0718441e-05  -2.2516541e-05  0.00022418528  -0.00027146196  -0.00023323424  1.7553172e-05  -4.1119587e-05  -6.3667808e-05  0.00010690705  -4.6618874e-07  4.8799424e-05  -0.00018555252  -0.00014442835  -1.2252562e-05  -1.7741285e-06  7.9482106e-06  2.0725338e-06  -1.8918602e-05  2.0167132e-05  9.2102100e-05  7.0951052e-05  8.8713047e-05  -5.7945883e-05  0.00028925579  0.00085056637  -9.9233930e-05  2.3845597e-05  5.3200884e-05  0.0000000   6.4396412e-05  3.0148173e-05  8.0718441e-05  -2.2516541e-05  0.00022418528  -0.00027146196  -0.00023323424  1.7553172e-05  -4.1119587e-05  
2.0558121e-05  -1.6533606e-05  0.00010693280  3.2274067e-05  2.7187990e-07  -5.9985824e-06  -2.2553084e-05  3.1196325e-05  6.3670180e-05  3.4462582e-05  -0.00016316893  0.00012187846  -5.8827232e-05  -0.00012384322  -9.5159708e-06  -0.00018147219  -8.1768740e-05  -1.6511999e-05  -0.00013180205  -0.00032295758  0.00034829307  -6.4396412e-05  0.0000000   0.0014434540  -3.3129501e-06  -0.00025011894  -4.7889192e-06  1.3794866e-05  2.8002122e-05  0.00010455261  2.1942905e-06  2.0558121e-05  -1.6533606e-05  0.00010693280  3.2274067e-05  2.7187990e-07  -5.9985824e-06  -2.2553084e-05  3.1196325e-05  6.3670180e-05  3.4462582e-05  -0.00016316893  0.00012187846  -5.8827232e-05  -0.00012384322  -9.5159708e-06  -0.00018147219  -8.1768740e-05  -1.6511999e-05  -0.00013180205  -0.00032295758  0.00034829307  -6.4396412e-05  0.0000000   0.0014434540  -3.3129501e-06  -0.00025011894  -4.7889192e-06  1.3794866e-05  2.8002122e-05  0.00010455261  2.1942905e-06  
3.0234729e-05  1.0451879e-05  2.6777955e-05  1.2897521e-05  -1.8257744e-05  -1.7102404e-05  1.9824903e-05  0.00014819117  -0.00018670375  -1.7238772e-05  -0.00022253683  7.1365980e-05  -2.7226058e-05  4.9208210e-05  7.0633714e-06  -3.7226210e-05  5.7948279e-05  3.2614336e-05  -0.00011854438  -0.00029773147  -0.00058102803  -3.0148173e-05  -0.0014434540  0.0000000   -7.5400767e-06  7.0376733e-05  -1.1892903e-06  -1.1454332e-05  -4.3596191e-06  -0.00020297237  -6.9640849e-06  3.0234729e-05  1.0451879e-05  2.6777955e-05  1.2897521e-05  -1.8257744e-05  -1.7102404e-05  1.9824903e-05  0.00014819117  -0.00018670375  -1.7238772e-05  -0.00022253683  7.1365980e-05  -2.7226058e-05  4.9208210e-05  7.0633714e-06  -3.7226210e-05  5.7948279e-05  3.2614336e-05  -0.00011854438  -0.00029773147  -0.00058102803  -3.0148173e-05  -0.0014434540  0.0000000   -7.5400767e-06  7.0376733e-05  -1.1892903e-06  -1.1454332e-05  -4.3596191e-06  -0.00020297237  -6.9640849e-06  
-4.2023578e-06  7.4204225e-05  -1.1338722e-06  4.3575762e-05  -2.5072699e-05  -7.6570925e-05  -1.8459958e-05  1.4494530e-06  4.3513197e-06  -1.3390126e-05  2.0613753e-05  -4.1896835e-07  -0.00023924105  -0.00030666957  7.9988308e-05  6.3750441e-06  2.9329414e-06  -0.00050570991  4.6540334e-05  7.1365639e-06  8.8223402e-06  -8.0718441e-05  3.3129501e-06  7.5400767e-06  0.0000000   1.7237563e-05  0.00029804827  -1.6708188e-05  -4.1618098e-05  -1.9887387e-05  0.00043113516  -4.2023578e-06  7.4204225e-05  -1.1338722e-06  4.3575762e-05  -2.5072699e-05  -7.6570925e-05  -1.8459958e-05  1.4494530e-06  4.3513197e-06  -1.3390126e-05  2.0613753e-05  -4.1896835e-07  -0.00023924105  -0.00030666957  7.9988308e-05  6.3750441e-06  2.9329414e-06  -0.00050570991  4.6540334e-05  7.1365639e-06  8.8223402e-06  -8.0718441e-05  3.3129501e-06  7.5400767e-06  0.0000000   1.7237563e-05  0.00029804827  -1.6708188e-05  -4.1618098e-05  -1.9887387e-05  0.00043113516  
5.0344493e-07  -4.9380472e-06  2.7809587e-05  -4.2082514e-06  2.0467950e-06  -4.4853531e-06  8.7414493e-05  0.00010854847  -2.2340511e-05  -3.7784573e-05  0.00020262928  -5.1700476e-05  2.2783069e-05  8.1541694e-05  -6.0293854e-06  0.00032416637  9.4653119e-05  5.3716240e-06  -0.00010886444  -0.00031147186  8.6712267e-05  2.2516541e-05  0.00025011894  -7.0376733e-05  -1.7237563e-05  0.0000000   3.4251405e-05  4.4197137e-05  -5.2532591e-05  -0.00040911745  -4.5497911e-05  5.0344493e-07  -4.9380472e-06  2.7809587e-05  -4.2082514e-06  2.0467950e-06  -4.4853531e-06  8.7414493e-05  0.00010854847  -2.2340511e-05  -3.7784573e-05  0.00020262928  -5.1700476e-05  2.2783069e-05  8.1541694e-05  -6.0293854e-06  0.00032416637  9.4653119e-05  5.3716240e-06  -0.00010886444  -0.00031147186  8.6712267e-05  2.2516541e-05  0.00025011894  -7.0376733e-05  -1.7237563e-05  0.0000000   3.4251405e-05  4.4197137e-05  -5.2532591e-05  -0.00040911745  -4.5497911e-05  
9.4354573e-05  -5.8560946e-05  -2.0947697e-06  4.6320622e-05  5.9736904e-06  1.8828279e-06  -3.8268926e-06  -7.1197298e-07  -2.2522088e-06  6.6797182e-06  1.5677201e-06  2.0810609e-05  -0.00010903438  1.1132406e-05  0.00040976022  -3.6971938e-05  0.00030940707  6.5408615e-06  8.5833088e-05  -1.2331136e-05  -5.4155116e-06  -0.00022418528  4.7889192e-06  1.1892903e-06  -0.00029804827  -3.4251405e-05  0.0000000   0.00017176342  -0.0018551312  8.4241147e-05  0.00029941071  9.4354573e-05  -5.8560946e-05  -2.0947697e-06  4.6320622e-05  5.9736904e-06  1.8828279e-06  -3.8268926e-06  -7.1197298e-07  -2.2522088e-06  6.6797182e-06  1.5677201e-06  2.0810609e-05  -0.00010903438  1.1132406e-05  0.00040976022  -3.6971938e-05  0.00030940707  6.5408615e-06  8.5833088e-05  -1.2331136e-05  -5.4155116e-06  -0.00022418528  4.7889192e-06  1.1892903e-06  -0.00029804827  -3.4251405e-05  0.0000000   0.00017176342  -0.0018551312  8.4241147e-05  0.00029941071  
-1.0260270e-05  -1.6469357e-05  -8.7703325e-07  -9.9339106e-06  -1.4013507e-05  6.8257604e-05  1.4712321e-05  -2.4988756e-06  -4.2415897e-06  -3.4548207e-07  1.0817113e-05  1.6074516e-05  -0.00020868913  -8.5256742e-05  0.00017461396  5.8816271e-05  -0.00019645342  -0.00028841435  9.9180004e-05  -1.5162422e-05  -2.5958071e-06  0.00027146196  -1.3794866e-05  1.1454332e-05  1.6708188e-05  -4.4197137e-05  -0.00017176342  0.0000000   -0.0017040037  0.00014574832  -0.00076222136  -1.0260270e-05  -1.6469357e-05  -8.7703325e-07  -9.9339106e-06  -1.4013507e-05  6.8257604e-05  1.4712321e-05  -2.4988756e-06  -4.2415897e-06  -3.4548207e-07  1.0817113e-05  1.6074516e-05  -0.00020868913  -8.5256742e-05  0.00017461396  5.8816271e-05  -0.00019645342  -0.00028841435  9.9180004e-05  -1.5162422e-05  -2.5958071e-06  0.00027146196  -1.3794866e-05  1.1454332e-05  1.6708188e-05  -4.4197137e-05  -0.00017176342  0.0000000   -0.0017040037  0.00014574832  -0.00076222136  
-5.0371777e-06  -0.00013281723  -7.7738892e-06  -6.1452715e-06  -6.9698222e-05  -1.4825170e-05  -1.1434980e-05  7.1155723e-06  -6.2467355e-06  2.1390016e-06  -1.0902092e-05  -1.5569093e-05  -3.3328714e-05  5.0794265e-05  -2.1349099e-05  -3.8166228e-05  0.00010424766  -0.00014720524  -0.00011268177  5.1343144e-05  -3.6748054e-07  0.00023323424  -2.8002122e-05  4.3596191e-06  4.1618098e-05  5.2532591e-05  0.0018551312  0.0017040037  0.0000000   5.7234316e-05  -3.2774995e-05  -5.0371777e-06  -0.00013281723  -7.7738892e-06  -6.1452715e-06  -6.9698222e-05  -1.4825170e-05  -1.1434980e-05  7.1155723e-06  -6.2467355e-06  2.1390016e-06  -1.0902092e-05  -1.5569093e-05  -3.3328714e-05  5.0794265e-05  -2.1349099e-05  -3.8166228e-05  0.00010424766  -0.00014720524  -0.00011268177  5.1343144e-05  -3.6748054e-07  0.00023323424  -2.8002122e-05  4.3596191e-06  4.1618098e-05  5.2532591e-05  0.0018551312  0.0017040037  0.0000000   5.7234316e-05  -3.2774995e-05  
2.5604327e-06  1.4911510e-06  1.4984191e-05  -1.0147868e-05  -1.3564718e-05  1.7334192e-05  -0.00014401211  -3.0453415e-05  5.0455059e-07  -5.3222969e-05  3.9738034e-05  -0.00013699063  -4.5663943e-05  -3.7778891e-05  1.3791367e-05  -9.3387804e-05  -2.2990181e-05  1.3667836e-05  -2.0002379e-06  -3.1756409e-06  0.00013591880  -1.7553172e-05  -0.00010455261  0.00020297237  1.9887387e-05  0.00040911745  -8.4241147e-05  -0.00014574832  -5.7234316e-05  0.0000000   -2.5188708e-05  2.5604327e-06  1.4911510e-06  1.4984191e-05  -1.0147868e-05  -1.3564718e-05  1.7334192e-05  -0.00014401211  -3.0453415e-05  5.0455059e-07  -5.3222969e-05  3.9738034e-05  -0.00013699063  -4.5663943e-05  -3.7778891e-05  1.3791367e-05  -9.3387804e-05  -2.2990181e-05  1.3667836e-05  -2.0002379e-06  -3.1756409e-06  0.00013591880  -1.7553172e-05  -0.00010455261  0.00020297237  1.9887387e-05  0.00040911745  -8.4241147e-05  -0.00014574832  -5.7234316e-05  0.0000000   -2.5188708e-05  
-9.9452858e-05  0.00013620865  1.1308618e-05  -5.5275558e-05  4.6449641e-05  7.7814387e-05  9.8760802e-06  5.7425896e-06  -1.4729238e-06  -4.2457000e-06  -4.6699933e-06  -1.8877407e-06  2.2211246e-05  4.4058371e-05  -3.5543484e-05  1.0958445e-05  -4.9369168e-05  1.1891145e-05  0.00015464148  -5.0281266e-05  2.4732427e-05  4.1119587e-05  -2.1942905e-06  6.9640849e-06  -0.00043113516  4.5497911e-05  -0.00029941071  0.00076222136  3.2774995e-05  2.5188708e-05  0.0000000   -9.9452858e-05  0.00013620865  1.1308618e-05  -5.5275558e-05  4.6449641e-05  7.7814387e-05  9.8760802e-06  5.7425896e-06  -1.4729238e-06  -4.2457000e-06  -4.6699933e-06  -1.8877407e-06  2.2211246e-05  4.4058371e-05  -3.5543484e-05  1.0958445e-05  -4.9369168e-05  1.1891145e-05  0.00015464148  -5.0281266e-05  2.4732427e-05  4.1119587e-05  -2.1942905e-06  6.9640849e-06  -0.00043113516  4.5497911e-05  -0.00029941071  0.00076222136  3.2774995e-05  2.5188708e-05  0.0000000   
0.0000000   -0.0073013059  -0.00025162565  0.0015612104  0.00018985571  0.00051042484  5.3607094e-05  -0.00017596012  5.9369173e-05  -3.8662202e-06  7.5308210e-05  -4.7894835e-05  0.00013726299  -0.00017322292  9.8296250e-05  -1.1783259e-05  -1.6528019e-05  0.00016262994  -0.00010228028  1.2578439e-05  -1.0393860e-06  6.3667808e-05  -2.0558121e-05  -3.0234729e-05  4.2023578e-06  -5.0344493e-07  -9.4354573e-05  1.0260270e-05  5.0371777e-06  -2.5604327e-06  9.9452858e-05  0.0000000   -0.0073013059  -0.00025162565  0.0015612104  0.00018985571  0.00051042484  5.3607094e-05  -0.00017596012  5.9369173e-05  -3.8662202e-06  7.5308210e-05  -4.7894835e-05  0.00013726299  -0.00017322292  9.8296250e-05  -1.1783259e-05  -1.6528019e-05  0.00016262994  -0.00010228028  1.2578439e-05  -1.0393860e-06  6.3667808e-05  -2.0558121e-05  -3.0234729e-05  4.2023578e-06  -5.0344493e-07  -9.4354573e-05  1.0260270e-05  5.0371777e-06  -2.5604327e-06  9.9452858e-05  
0.0073013059  0.0000000   -5.8803841e-05  -6.9423122e-05  -0.00014650013  -0.0010238868  -0.00016017283  1.6072740e-05  2.6017979e-06  5.5600098e-06  6.9114154e-05  2.6803759e-05  -0.00013944481  0.00027390161  -3.1999528e-05  4.3132984e-06  0.00010734039  -9.0460172e-05  0.00028300502  -8.7941385e-05  -5.1101133e-06  -0.00010690705  1.6533606e-05  -1.0451879e-05  -7.4204225e-05  4.9380472e-06  5.8560946e-05  1.6469357e-05  0.00013281723  -1.4911510e-06  -0.00013620865  0.0073013059  0.0000000   -5.8803841e-05  -6.9423122e-05  -0.00014650013  -0.0010238868  -0.00016017283  1.6072740e-05  2.6017979e-06  5.5600098e-06  6.9114154e-05  2.6803759e-05  -0.00013944481  0.00027390161  -3.1999528e-05  4.3132984e-06  0.00010734039  -9.0460172e-05  0.00028300502  -8.7941385e-05  -5.1101133e-06  -0.00010690705  1.6533606e-05  -1.0451879e-05  -7.4204225e-05  4.9380472e-06  5.8560946e-05  1.6469357e-05  0.00013281723  -1.4911510e-06  -0.00013620865  
0.00025162565  5.8803841e-05  0.0000000   -0.00016072642  -0.00026322330  -2.1501775e-05  -0.00016310632  -3.3576445e-05  0.00028791747  -0.00022208065  6.9442861e-05  -0.00016870093  6.1873769e-05  -1.2011858e-05  1.2228224e-05  5.0843850e-05  2.2380265e-05  -1.8948594e-05  -1.1743066e-05  -6.6791906e-05  -3.7899050e-05  4.6618874e-07  -0.00010693280  -2.6777955e-05  1.1338722e-06  -2.7809587e-05  2.0947697e-06  8.7703325e-07  7.7738892e-06  -1.4984191e-05  -1.1308618e-05  0.00025162565  5.8803841e-05  0.0000000   -0.00016072642  -0.00026322330  -2.1501775e-05  -0.00016310632  -3.3576445e-05  0.00028791747  -0.00022208065  6.9442861e-05  -0.00016870093  6.1873769e-05  -1.2011858e-05  1.2228224e-05  5.0843850e-05  2.2380265e-05  -1.8948594e-05  -1.1743066e-05  -6.6791906e-05  -3.7899050e-05  4.6618874e-07  -0.00010693280  -2.6777955e-05  1.1338722e-06  -2.7809587e-05  2.0947697e-06  8.7703325e-07  7.7738892e-06  -1.4984191e-05  -1.1308618e-05  
-0.0015612104  6.9423122e-05  0.00016072642  0.0000000   0.0054795246  0.0015253500  7.0739717e-05  -0.00016196745  9.7219714e-05  -6.0030422e-06  -7.2137572e-06  -3.0722549e-05  0.00017030589  7.4272910e-05  -0.00016226128  1.3459509e-05  -0.00017076960  0.00026321527  -0.00010676299  -8.1474829e-06  1.2428252e-06  -4.8799424e-05  -3.2274067e-05  -1.2897521e-05  -4.3575762e-05  4.2082514e-06  -4.6320622e-05  9.9339106e-06  6.1452715e-06  1.0147868e-05  5.5275558e-05  -0.0015612104  6.9423122e-05  0.00016072642  0.0000000   0.0054795246  0.0015253500  7.0739717e-05  -0.00016196745  9.7219714e-05  -6.0030422e-06  -7.2137572e-06  -3.0722549e-05  0.00017030589  7.4272910e-05  -0.00016226128  1.3459509e-05  -0.00017076960  0.00026321527  -0.00010676299  -8.1474829e-06  1.2428252e-06  -4.8799424e-05  -3.2274067e-05  -1.2897521e-05  -4.3575762e-05  4.2082514e-06  -4.6320622e-05  9.9339106e-06  6.1452715e-06  1.0147868e-05  5.5275558e-05  
-0.00018985571  0.00014650013  0.00026322330  -0.0054795246  0.0000000   0.0027983783  0.00058270015  -0.00015964314  7.8100842e-05  3.0589629e-05  -2.3016942e-06  9.6714762e-06  -9.2467883e-05  -0.00020267034  0.00023937297  2.9407157e-05  -0.00011605323  -0.00014847833  -8.1566288e-05  2.0192443e-05  2.1658853e-06  0.00018555252  -2.7187990e-07  1.8257744e-05  2.5072699e-05  -2.0467950e-06  -5.9736904e-06  1.4013507e-05  6.9698222e-05  1.3564718e-05  -4.6449641e-05  -0.00018985571  0.00014650013  0.00026322330  -0.0054795246  0.0000000   0.0027983783  0.00058270015  -0.00015964314  7.8100842e-05  3.0589629e-05  -2.3016942e-06  9.6714762e-06  -9.2467883e-05  -0.00020267034  0.00023937297  2.9407157e-05  -0.00011605323  -0.00014847833  -8.1566288e-05  2.0192443e-05  2.1658853e-06  0.00018555252  -2.7187990e-07  1.8257744e-05  2.5072699e-05  -2.0467950e-06  -5.9736904e-06  1.4013507e-05  6.9698222e-05  1.3564718e-05  -4.6449641e-05  
-0.00051042484  0.0010238868  2.1501775e-05  -0.0015253500  -0.0027983783  0.0000000   0.00017087259  0.00019255951  4.3033449e-05  -0.00012770398  -7.0701794e-05  -4.8925214e-05  -0.00020890237  -0.00044171285  0.00032210831  -0.00010292424  0.00044649961  -0.00013360401  -9.0898023e-05  3.0473805e-05  8.5647857e-06  0.00014442835  5.9985824e-06  1.7102404e-05  7.6570925e-05  4.4853531e-06  -1.8828279e-06  -6.8257604e-05  1.4825170e-05  -1.7334192e-05  -7.7814387e-05  -0.00051042484  0.0010238868  2.1501775e-05  -0.0015253500  -0.0027983783  0.0000000   0.00017087259  0.00019255951  4.3033449e-05  -0.00012770398  -7.0701794e-05  -4.8925214e-05  -0.00020890237  -0.00044171285  0.00032210831  -0.00010292424  0.00044649961  -0.00013360401  -9.0898023e-05  3.0473805e-05  8.5647857e-06  0.00014442835  5.9985824e-06  1.7102404e-05  7.6570925e-05  4.4853531e-06  -1.8828279e-06  -6.8257604e-05  1.4825170e-05  -1.7334192e-05  -7.7814387e-05  
-5.3607094e-05  0.00016017283  0.00016310632  -7.0739717e-05  -0.00058270015  -0.00017087259  0.0000000   -0.00087690220  -0.00035286018  0.00044162822  0.00044230058  0.00017308931  -0.00013980322  0.00018371680  2.8901895e-05  0.00021975149  0.00013366750  -6.3337337e-06  2.2550616e-05  0.00011584229  9.9901175e-06  1.2252562e-05  2.2553084e-05  -1.9824903e-05  1.8459958e-05  -8.7414493e-05  3.8268926e-06  -1.4712321e-05  1.1434980e-05  0.00014401211  -9.8760802e-06  -5.3607094e-05  0.00016017283  0.00016310632  -7.0739717e-05  -0.00058270015  -0.00017087259  0.0000000   -0.00087690220  -0.00035286018  0.00044162822  0.00044230058  0.00017308931  -0.00013980322  0.00018371680  2.8901895e-05  0.00021975149  0.00013366750  -6.3337337e-06  2.2550616e-05  0.00011584229  9.9901175e-06  1.2252562e-05  2.2553084e-05  -1.9824903e-05  1.8459958e-05  -8.7414493e-05  3.8268926e-06  -1.4712321e-05  1.1434980e-05  0.00014401211  -9.8760802e-06  
0.00017596012  -1.6072740e-05  3.3576445e-05  0.00016196745  0.00015964314  -0.00019255951  0.00087690220  0.0000000   0.00068890542  -0.0013856122  0.00016192178  -0.00058692912  -0.00034421454  -4.2205220e-08  -9.1857061e-05  -5.4751404e-05  -3.2563876e-05  3.3136432e-05  -5.2044349e-05  -0.00018836792  0.00017872070  1.7741285e-06  -3.1196325e-05  -0.00014819117  -1.4494530e-06  -0.00010854847  7.1197298e-07  2.4988756e-06  -7.1155723e-06  3.0453415e-05  -5.7425896e-06  0.00017596012  -1.6072740e-05  3.3576445e-05  0.00016196745  0.00015964314  -0.00019255951  0.00087690220  0.0000000   0.00068890542  -0.0013856122  0.00016192178  -0.00058692912  -0.00034421454  -4.2205220e-08  -9.1857061e-05  -5.4751404e-05  -3.2563876e-05  3.3136432e-05  -5.2044349e-05  -0.00018836792  0.00017872070  1.7741285e-06  -3.1196325e-05  -0.00014819117  -1.4494530e-06  -0.00010854847  7.1197298e-07  2.4988756e-06  -7.1155723e-06  3.0453415e-05  -5.7425896e-06  
-5.9369173e-05  -2.6017979e-06  -0.00028791747  -9.7219714e-05  -7.8100842e-05  -4.3033449e-05  0.00035286018  -0.00068890542  0.0000000   0.00055842968  -0.00043370443  0.0010540253  0.00016712448  5.1763301e-05  5.8507417e-05  7.7750301e-05  2.1335013e-05  -2.8437455e-05  2.1687886e-05  0.00012312043  0.00013705159  -7.9482106e-06  -6.3670180e-05  0.00018670375  -4.3513197e-06  2.2340511e-05  2.2522088e-06  4.2415897e-06  6.2467355e-06  -5.0455059e-07  1.4729238e-06  -5.9369173e-05  -2.6017979e-06  -0.00028791747  -9.7219714e-05  -7.8100842e-05  -4.3033449e-05  0.00035286018  -0.00068890542  0.0000000   0.00055842968  -0.00043370443  0.0010540253  0.00016712448  5.1763301e-05  5.8507417e-05  7.7750301e-05  2.1335013e-05  -2.8437455e-05  2.1687886e-05  0.00012312043  0.00013705159  -7.9482106e-06  -6.3670180e-05  0.00018670375  -4.3513197e-06  2.2340511e-05  2.2522088e-06  4.2415897e-06  6.2467355e-06  -5.0455059e-07  1.4729238e-06  
3.8662202e-06  -5.5600098e-06  0.00022208065  6.0030422e-06  -3.0589629e-05  0.00012770398  -0.00044162822  0.0013856122  -0.00055842968  0.0000000   -9.7828664e-05  -0.0013122788  -0.00010714954  0.00020327450  -6.5498099e-06  -0.00017875024  -2.3856096e-05  3.4819364e-05  -4.5033596e-05  -0.00010788147  4.9209471e-05  -2.0725338e-06  -3.4462582e-05  1.7238772e-05  1.3390126e-05  3.7784573e-05  -6.6797182e-06  3.4548207e-07  -2.1390016e-06  5.3222969e-05  4.2457000e-06  3.8662202e-06  -5.5600098e-06  0.00022208065  6.0030422e-06  -3.0589629e-05  0.00012770398  -0.00044162822  0.0013856122  -0.00055842968  0.0000000   -9.7828664e-05  -0.0013122788  -0.00010714954  0.00020327450  -6.5498099e-06  -0.00017875024  -2.3856096e-05  3.4819364e-05  -4.5033596e-05  -0.00010788147  4.9209471e-05  -2.0725338e-06  -3.4462582e-05  1.7238772e-05  1.3390126e-05  3.7784573e-05  -6.6797182e-06  3.4548207e-07  -2.1390016e-06  5.3222969e-05  4.2457000e-06  
-7.5308210e-05  -6.9114154e-05  -6.9442861e-05  7.2137572e-06  2.3016942e-06  7.0701794e-05  -0.00044230058  -0.00016192178  0.00043370443  9.7828664e-05  0.0000000   0.0014257271  0.00011599390  -0.00091266600  -5.1746475e-06  0.00013978891  5.2472682e-06  -3.7984119e-05  1.8533493e-05  2.5607171e-05  -0.00014222734  1.8918602e-05  0.00016316893  0.00022253683  -2.0613753e-05  -0.00020262928  -1.5677201e-06  -1.0817113e-05  1.0902092e-05  -3.9738034e-05  4.6699933e-06  -7.5308210e-05  -6.9114154e-05  -6.9442861e-05  7.2137572e-06  2.3016942e-06  7.0701794e-05  -0.00044230058  -0.00016192178  0.00043370443  9.7828664e-05  0.0000000   0.0014257271  0.00011599390  -0.00091266600  -5.1746475e-06  0.00013978891  5.2472682e-06  -3.7984119e-05  1.8533493e-05  2.5607171e-05  -0.00014222734  1.8918602e-05  0.00016316893  0.00022253683  -2.0613753e-05  -0.00020262928  -1.5677201e-06  -1.0817113e-05  1.0902092e-05  -3.9738034e-05  4.6699933e-06  
