0.0000000   -7.7399898e-05  0.00014102752  2.9863411e-06  0.00040365248  8.5336231e-05  -0.00010200111  9.6005014e-05  7.8451027e-05  -3.4998867e-05  2.1615282e-05  3.1186427e-05  -0.00018516269  1.1514700e-05  -0.00024659419  -1.1442849e-05  9.8564531e-05  4.6255924e-06  8.7320942e-05  0.00010214584  -0.00010452329  -0.00021729908  -9.2175585e-06  -2.8535498e-05  0.00013393112  -6.8227669e-05  -6.4857651e-06  -5.1451320e-05  -2.2017969e-05  9.5386459e-07  4.6523304e-06  0.0000000   -7.7399898e-05  0.00014102752  2.9863411e-06  0.00040365248  8.5336231e-05  -0.00010200111  9.6005014e-05  7.8451027e-05  -3.4998867e-05  2.1615282e-05  3.1186427e-05  -0.00018516269  1.1514700e-05  -0.00024659419  -1.1442849e-05  9.8564531e-05  4.6255924e-06  8.7320942e-05  0.00010214584  -0.00010452329  -0.00021729908  -9.2175585e-06  -2.8535498e-05  0.00013393112  -6.8227669e-05  -6.4857651e-06  -5.1451320e-05  -2.2017969e-05  9.5386459e-07  4.6523304e-06  
7.7399898e-05  0.0000000   -0.0018284730  0.00052342459  0.00032128949  -6.9023210e-05  0.00020539283  0.00033920891  0.00040492112  -0.00016222531  0.00014621193  0.00020899414  1.0359005e-05  5.6696484e-05  -1.9233484e-05  -0.00014749523  -1.6682119e-05  1.0572850e-05  -1.2133959e-05  -8.7614736e-06  2.2712545e-05  9.9125316e-06  1.5898753e-05  -0.00014778542  -3.6356413e-05  -1.0102581e-05  -6.6977063e-06  7.4646432e-06  -4.6107560e-06  -0.00013311648  1.9055674e-05  7.7399898e-05  0.0000000   -0.0018284730  0.00052342459  0.00032128949  -6.9023210e-05  0.00020539283  0.00033920891  0.00040492112  -0.00016222531  0.00014621193  0.00020899414  1.0359005e-05  5.6696484e-05  -1.9233484e-05  -0.00014749523  -1.6682119e-05  1.0572850e-05  -1.2133959e-05  -8.7614736e-06  2.2712545e-05  9.9125316e-06  1.5898753e-05  -0.00014778542  -3.6356413e-05  -1.0102581e-05  -6.6977063e-06  7.4646432e-06  -4.6107560e-06  -0.00013311648  1.9055674e-05  
-0.00014102752  0.0018284730  0.0000000   0.0050350547  0.00090467175  0.00014084725  7.8781464e-05  0.00032150382  0.00069273340  0.00033351438  -0.0013557956  0.00041678809  -7.0314078e-05  -0.00033589438  0.00017429296  0.00045591997  0.00010028680  6.0299312e-06  -3.8521433e-05  -2.8391530e-05  -4.4769010e-05  5.4158560e-05  7.4654898e-05  2.0135510e-05  -1.1632789e-05  -2.8492549e-05  -2.1227019e-06  1.6989306e-05  4.2720216e-05  0.00016739071  -2.3574015e-05  -0.00014102752  0.0018284730  0.0000000   0.0050350547  0.00090467175  0.00014084725  7.8781464e-05  0.00032150382  0.00069273340  0.00033351438  -0.0013557956  0.00041678809  -7.0314078e-05  -0.00033589438  0.00017429296  0.00045591997  0.00010028680  6.0299312e-06  -3.8521433e-05  -2.8391530e-05  -4.4769010e-05  5.4158560e-05  7.4654898e-05  2.0135510e-05  -1.1632789e-05  -2.8492549e-05  -2.1227019e-06  1.6989306e-05  4.2720216e-05  0.00016739071  -2.3574015e-05  
-2.9863411e-06  -0.00052342459  -0.0050350547  0.0000000   0.00075080443  -0.00010126016  -0.00016859569  -0.00072237791  -0.0011207724  -0.00024353227  -3.9850674e-05  0.00078038303  0.00010725841  -8.6926526e-05  -5.7427022e-05  3.8933471e-05  5.1370120e-05  0.00031241703  -9.8572567e-06  -2.1938740e-05  3.4913846e-05  -3.6486620e-05  -2.4662778e-05  -0.00012255060  -3.1431568e-05  1.2669589e-05  -1.4447447e-05  -2.8610696e-06  -2.3274879e-05  -2.3252425e-05  2.0998735e-05  -2.9863411e-06  -0.00052342459  -0.0050350547  0.0000000   0.00075080443  -0.00010126016  -0.00016859569  -0.00072237791  -0.0011207724  -0.00024353227  -3.9850674e-05  0.00078038303  0.00010725841  -8.6926526e-05  -5.7427022e-05  3.8933471e-05  5.1370120e-05  0.00031241703  -9.8572567e-06  -2.1938740e-05  3.4913846e-05  -3.6486620e-05  -2.4662778e-05  -0.00012255060  -3.1431568e-05  1.2669589e-05  -1.4447447e-05  -2.8610696e-06  -2.3274879e-05  -2.3252425e-05  2.0998735e-05  
-0.00040365248  -0.00032128949  -0.00090467175  -0.00075080443  0.0000000   0.0010550190  -0.00063443056  -7.0852685e-05  -0.00020068190  -0.00011966319  0.00018750762  8.6601249e-05  -0.00023834973  0.00010998518  0.00019204589  -5.4943440e-05  0.00012093046  4.5495756e-05  -9.3696568e-05  -9.6793089e-05  -0.00021065505  0.00014412980  -1.0623482e-05  -2.7559101e-05  -3.6238843e-05  -9.0717725e-05  2.9633287e-05  9.0812193e-05  8.3662520e-05  -1.3798522e-05  -3.5480250e-05  -0.00040365248  -0.00032128949  -0.00090467175  -0.00075080443  0.0000000   0.0010550190  -0.00063443056  -7.0852685e-05  -0.00020068190  -0.00011966319  0.00018750762  8.6601249e-05  -0.00023834973  0.00010998518  0.00019204589  -5.4943440e-05  0.00012093046  4.5495756e-05  -9.3696568e-05  -9.6793089e-05  -0.00021065505  0.00014412980  -1.0623482e-05  -2.7559101e-05  -3.6238843e-05  -9.0717725e-05  2.9633287e-05  9.0812193e-05  8.3662520e-05  -1.3798522e-05  -3.5480250e-05  
-8.5336231e-05  6.9023210e-05  -0.00014084725  0.00010126016  -0.0010550190  0.0000000   0.0060504796  -0.00076699100  -0.00022713350  -3.5072118e-05  3.5580304e-05  -4.7329466e-06  -0.00039092979  3.7706291e-05  -0.00050267852  -2.7724673e-05  8.9892533e-05  4.3548785e-05  0.00028074090  0.00026058197  0.00014019653  -0.00010729476  -1.7059559e-06  -2.1666721e-05  1.7785692e-05  0.00011620381  -2.5661424e-06  -2.1659989e-05  0.00012592758  -1.0209646e-05  7.3028428e-05  -8.5336231e-05  6.9023210e-05  -0.00014084725  0.00010126016  -0.0010550190  0.0000000   0.0060504796  -0.00076699100  -0.00022713350  -3.5072118e-05  3.5580304e-05  -4.7329466e-06  -0.00039092979  3.7706291e-05  -0.00050267852  -2.7724673e-05  8.9892533e-05  4.3548785e-05  0.00028074090  0.00026058197  0.00014019653  -0.00010729476  -1.7059559e-06  -2.1666721e-05  1.7785692e-05  0.00011620381  -2.5661424e-06  -2.1659989e-05  0.00012592758  -1.0209646e-05  7.3028428e-05  
0.00010200111  -0.00020539283  -7.8781464e-05  0.00016859569  0.00063443056  -0.0060504796  0.0000000   -0.00010857119  -0.00044623958  0.00012194469  7.7704009e-05  -2.7531899e-05  -0.00012041395  8.6187160e-05  0.00012976006  4.1991313e-05  0.00024834593  -4.7623812e-05  0.00040520101  0.00017870098  8.0788832e-05  0.00013753730  2.1007850e-05  3.6694247e-05  -8.6980720e-05  -9.6592671e-05  0.00032843825  -3.4939673e-06  0.00010145756  5.9466156e-06  3.5576974e-05  0.00010200111  -0.00020539283  -7.8781464e-05  0.00016859569  0.00063443056  -0.0060504796  0.0000000   -0.00010857119  -0.00044623958  0.00012194469  7.7704009e-05  -2.7531899e-05  -0.00012041395  8.6187160e-05  0.00012976006  4.1991313e-05  0.00024834593  -4.7623812e-05  0.00040520101  0.00017870098  8.0788832e-05  0.00013753730  2.1007850e-05  3.6694247e-05  -8.6980720e-05  -9.6592671e-05  0.00032843825  -3.4939673e-06  0.00010145756  5.9466156e-06  3.5576974e-05  
-9.6005014e-05  -0.00033920891  -0.00032150382  0.00072237791  7.0852685e-05  0.00076699100  0.00010857119  0.0000000   -0.0035068564  0.00011373789  -0.00029363695  0.00050094515  8.3055071e-05  0.00033405667  -4.2832600e-05  0.00055409388  5.9702709e-05  8.4944728e-05  -4.2340101e-05  -6.0447508e-05  -1.1500872e-05  4.5319545e-06  0.00014927615  7.7400507e-05  2.4418592e-05  1.0202085e-05  -5.1141060e-05  1.3309379e-06  -5.2852044e-06  -1.0088451e-05  -2.6118613e-05  -9.6005014e-05  -0.00033920891  -0.00032150382  0.00072237791  7.0852685e-05  0.00076699100  0.00010857119  0.0000000   -0.0035068564  0.00011373789  -0.00029363695  0.00050094515  8.3055071e-05  0.00033405667  -4.2832600e-05  0.00055409388  5.9702709e-05  8.4944728e-05  -4.2340101e-05  -6.0447508e-05  -1.1500872e-05  4.5319545e-06  0.00014927615  7.7400507e-05  2.4418592e-05  1.0202085e-05  -5.1141060e-05  1.3309379e-06  -5.2852044e-06  -1.0088451e-05  -2.6118613e-05  
-7.8451027e-05  -0.00040492112  -0.00069273340  0.0011207724  0.00020068190  0.00022713350  0.00044623958  0.0035068564  0.0000000   0.00097307715  0.00040085537  -0.00040136464  -2.9041329e-05  -0.00013535854  5.3104410e-05  0.00074176469  -3.7041211e-05  -0.00021828922  -3.3463190e-05  -6.1922024e-06  5.6351777e-06  -4.4413513e-06  -4.0645548e-06  -4.9202526e-05  9.9557294e-06  1.2258742e-06  -2.7523136e-05  -2.3888418e-06  2.9914749e-06  2.6305645e-05  -2.7876666e-05  -7.8451027e-05  -0.00040492112  -0.00069273340  0.0011207724  0.00020068190  0.00022713350  0.00044623958  0.0035068564  0.0000000   0.00097307715  0.00040085537  -0.00040136464  -2.9041329e-05  -0.00013535854  5.3104410e-05  0.00074176469  -3.7041211e-05  -0.00021828922  -3.3463190e-05  -6.1922024e-06  5.6351777e-06  -4.4413513e-06  -4.0645548e-06  -4.9202526e-05  9.9557294e-06  1.2258742e-06  -2.7523136e-05  -2.3888418e-06  2.9914749e-06  2.6305645e-05  -2.7876666e-05  
3.4998867e-05  0.00016222531  -0.00033351438  0.00024353227  0.00011966319  3.5072118e-05  -0.00012194469  -0.00011373789  -0.00097307715  0.0000000   -0.00093495891  -0.00097515594  -4.9020197e-05  3.9486015e-05  3.2717228e-05  -3.3879868e-05  -3.0604800e-05  0.00013991813  -9.2770876e-06  -1.3665725e-07  -8.7153516e-06  3.5779196e-06  -3.9740270e-05  -0.00017988595  -2.6903783e-05  -1.9021007e-05  -2.3040090e-05  2.0670855e-06  -1.2243644e-05  0.00012455029  -2.1354202e-05  3.4998867e-05  0.00016222531  -0.00033351438  0.00024353227  0.00011966319  3.5072118e-05  -0.00012194469  -0.00011373789  -0.00097307715  0.0000000   -0.00093495891  -0.00097515594  -4.9020197e-05  3.9486015e-05  3.2717228e-05  -3.3879868e-05  -3.0604800e-05  0.00013991813  -9.2770876e-06  -1.3665725e-07  -8.7153516e-06  3.5779196e-06  -3.9740270e-05  -0.00017988595  -2.6903783e-05  -1.9021007e-05  -2.3040090e-05  2.0670855e-06  -1.2243644e-05  0.00012455029  -2.1354202e-05  
-2.1615282e-05  -0.00014621193  0.0013557956  3.9850674e-05  -0.00018750762  -3.5580304e-05  -7.7704009e-05  0.00029363695  -0.00040085537  0.00093495891  0.0000000   0.0032599597  0.00019295602  0.0020821499  -0.00035714101  -0.0010871333  -4.0706408e-05  0.00022856863  -4.5920560e-05  3.2905823e-05  2.9891236e-05  -2.5559686e-06  1.5321588e-05  0.00019230312  2.9043151e-05  3.1131348e-05  1.2172368e-05  -2.6285838e-06  7.0453819e-06  2.8312605e-05  1.8849734e-05  -2.1615282e-05  -0.00014621193  0.0013557956  3.9850674e-05  -0.00018750762  -3.5580304e-05  -7.7704009e-05  0.00029363695  -0.00040085537  0.00093495891  0.0000000   0.0032599597  0.00019295602  0.0020821499  -0.00035714101  -0.0010871333  -4.0706408e-05  0.00022856863  -4.5920560e-05  3.2905823e-05  2.9891236e-05  -2.5559686e-06  1.5321588e-05  0.00019230312  2.9043151e-05  3.1131348e-05  1.2172368e-05  -2.6285838e-06  7.0453819e-06  2.8312605e-05  1.8849734e-05  
-3.1186427e-05  -0.00020899414  -0.00041678809  -0.00078038303  -8.6601249e-05  4.7329466e-06  2.7531899e-05  -0.00050094515  0.00040136464  0.00097515594  -0.0032599597  0.0000000   2.2139679e-05  -8.7645807e-05  -4.0303096e-05  0.00016246628  8.0786147e-05  0.00049889085  -3.6189122e-05  -5.0349500e-05  -3.3544485e-05  -3.6951011e-06  -0.00012522751  -5.0324565e-05  9.2455209e-06  1.1682135e-05  -2.3530254e-05  4.5528759e-06  1.5420362e-05  3.5027263e-05  -4.3529106e-05  -3.1186427e-05  -0.00020899414  -0.00041678809  -0.00078038303  -8.6601249e-05  4.7329466e-06  2.7531899e-05  -0.00050094515  0.00040136464  0.00097515594  -0.0032599597  0.0000000   2.2139679e-05  -8.7645807e-05  -4.0303096e-05  0.00016246628  8.0786147e-05  0.00049889085  -3.6189122e-05  -5.0349500e-05  -3.3544485e-05  -3.6951011e-06  -0.00012522751  -5.0324565e-05  9.2455209e-06  1.1682135e-05  -2.3530254e-05  4.5528759e-06  1.5420362e-05  3.5027263e-05  -4.3529106e-05  
0.00018516269  -1.0359005e-05  7.0314078e-05  -0.00010725841  0.00023834973  0.00039092979  0.00012041395  -8.3055071e-05  2.9041329e-05  4.9020197e-05  -0.00019295602  -2.2139679e-05  0.0000000   0.00028970510  0.0017596328  5.3395052e-05  0.00012464557  7.7835982e-05  -0.0010240676  -0.00062627405  -0.00013039333  -2.5379945e-05  -5.8443400e-05  3.5301657e-05  -0.00034614907  -0.00050831068  -9.1587555e-05  -0.00016474806  -0.00018968949  -1.0158374e-05  -0.00021584292  0.00018516269  -1.0359005e-05  7.0314078e-05  -0.00010725841  0.00023834973  0.00039092979  0.00012041395  -8.3055071e-05  2.9041329e-05  4.9020197e-05  -0.00019295602  -2.2139679e-05  0.0000000   0.00028970510  0.0017596328  5.3395052e-05  0.00012464557  7.7835982e-05  -0.0010240676  -0.00062627405  -0.00013039333  -2.5379945e-05  -5.8443400e-05  3.5301657e-05  -0.00034614907  -0.00050831068  -9.1587555e-05  -0.00016474806  -0.00018968949  -1.0158374e-05  -0.00021584292  
-1.1514700e-05  -5.6696484e-05  0.00033589438  8.6926526e-05  -0.00010998518  -3.7706291e-05  -8.6187160e-05  -0.00033405667  0.00013535854  -3.9486015e-05  -0.0020821499  8.7645807e-05  -0.00028970510  0.0000000   -0.00012681202  0.00075112779  -0.00028646657  0.0012591247  7.3014458e-05  0.00029204668  -2.5944572e-05  -0.00010094488  -0.00048404323  -5.8990265e-05  1.3477947e-05  9.5902702e-05  -4.7120102e-05  1.0804989e-05  -8.3819021e-06  0.00013025620  -8.4076348e-06  -1.1514700e-05  -5.6696484e-05  0.00033589438  8.6926526e-05  -0.00010998518  -3.7706291e-05  -8.6187160e-05  -0.00033405667  0.00013535854  -3.9486015e-05  -0.0020821499  8.7645807e-05  -0.00028970510  0.0000000   -0.00012681202  0.00075112779  -0.00028646657  0.0012591247  7.3014458e-05  0.00029204668  -2.5944572e-05  -0.00010094488  -0.00048404323  -5.8990265e-05  1.3477947e-05  9.5902702e-05  -4.7120102e-05  1.0804989e-05  -8.3819021e-06  0.00013025620  -8.4076348e-06  
0.00024659419  1.9233484e-05  -0.00017429296  5.7427022e-05  -0.00019204589  0.00050267852  -0.00012976006  4.2832600e-05  -5.3104410e-05  -3.2717228e-05  0.00035714101  4.0303096e-05  -0.0017596328  0.00012681202  0.0000000   0.00014473413  -0.0023717673  9.7193473e-05  7.9011433e-05  0.0013968995  -0.00014990324  -0.00055739514  9.7512966e-05  -1.0041964e-05  0.00010424082  0.00029492911  -0.00023397094  -6.1858247e-05  -0.00024634639  -1.5656238e-05  -1.4288067e-05  0.00024659419  1.9233484e-05  -0.00017429296  5.7427022e-05  -0.00019204589  0.00050267852  -0.00012976006  4.2832600e-05  -5.3104410e-05  -3.2717228e-05  0.00035714101  4.0303096e-05  -0.0017596328  0.00012681202  0.0000000   0.00014473413  -0.0023717673  9.7193473e-05  7.9011433e-05  0.0013968995  -0.00014990324  -0.00055739514  9.7512966e-05  -1.0041964e-05  0.00010424082  0.00029492911  -0.00023397094  -6.1858247e-05  -0.00024634639  -1.5656238e-05  -1.4288067e-05  
1.1442849e-05  0.00014749523  -0.00045591997  -3.8933471e-05  5.4943440e-05  2.7724673e-05  -4.1991313e-05  -0.00055409388  -0.00074176469  3.3879868e-05  0.0010871333  -0.00016246628  -5.3395052e-05  -0.00075112779  -0.00014473413  0.0000000   -8.1736418e-05  -0.00039590316  2.5842484e-05  -7.5297142e-07  -2.2445545e-05  -5.2646210e-05  -0.00035368589  -9.7367650e-07  -3.2257073e-05  -6.7910284e-06  1.0211413e-05  1.6343110e-05  3.8521651e-06  0.00021930857  -2.7835347e-05  1.1442849e-05  0.00014749523  -0.00045591997  -3.8933471e-05  5.4943440e-05  2.7724673e-05  -4.1991313e-05  -0.00055409388  -0.00074176469  3.3879868e-05  0.0010871333  -0.00016246628  -5.3395052e-05  -0.00075112779  -0.00014473413  0.0000000   -8.1736418e-05  -0.00039590316  2.5842484e-05  -7.5297142e-07  -2.2445545e-05  -5.2646210e-05  -0.00035368589  -9.7367650e-07  -3.2257073e-05  -6.7910284e-06  1.0211413e-05  1.6343110e-05  3.8521651e-06  0.00021930857  -2.7835347e-05  
-9.8564531e-05  1.6682119e-05  -0.00010028680  -5.1370120e-05  -0.00012093046  -8.9892533e-05  -0.00024834593  -5.9702709e-05  3.7041211e-05  3.0604800e-05  4.0706408e-05  -8.0786147e-05  -0.00012464557  0.00028646657  0.0023717673  8.1736418e-05  0.0000000   4.8472912e-05  0.0016475157  0.00065450893  0.00046768881  8.5763919e-05  -5.6811612e-05  -1.3408717e-05  -0.00027007771  2.5864427e-05  4.4792047e-05  -2.7390165e-05  -1.8638994e-05  2.6363211e-05  0.00011194315  -9.8564531e-05  1.6682119e-05  -0.00010028680  -5.1370120e-05  -0.00012093046  -8.9892533e-05  -0.00024834593  -5.9702709e-05  3.7041211e-05  3.0604800e-05  4.0706408e-05  -8.0786147e-05  -0.00012464557  0.00028646657  0.0023717673  8.1736418e-05  0.0000000   4.8472912e-05  0.0016475157  0.00065450893  0.00046768881  8.5763919e-05  -5.6811612e-05  -1.3408717e-05  -0.00027007771  2.5864427e-05  4.4792047e-05  -2.7390165e-05  -1.8638994e-05  2.6363211e-05  0.00011194315  
-4.6255924e-06  -1.0572850e-05  -6.0299312e-06  -0.00031241703  -4.5495756e-05  -4.3548785e-05  4.7623812e-05  -8.4944728e-05  0.00021828922  -0.00013991813  -0.00022856863  -0.00049889085  -7.7835982e-05  -0.0012591247  -9.7193473e-05  0.00039590316  -4.8472912e-05  0.0000000   -0.00012633673  -0.00016334625  -9.4865754e-05  -1.8925379e-05  -0.00057439573  -0.00026123492  -4.9454279e-05  -1.5983637e-05  -2.0765676e-05  2.0763805e-05  6.4311605e-06  1.3607405e-06  5.9399535e-07  -4.6255924e-06  -1.0572850e-05  -6.0299312e-06  -0.00031241703  -4.5495756e-05  -4.3548785e-05  4.7623812e-05  -8.4944728e-05  0.00021828922  -0.00013991813  -0.00022856863  -0.00049889085  -7.7835982e-05  -0.0012591247  -9.7193473e-05  0.00039590316  -4.8472912e-05  0.0000000   -0.00012633673  -0.00016334625  -9.4865754e-05  -1.8925379e-05  -0.00057439573  -0.00026123492  -4.9454279e-05  -1.5983637e-05  -2.0765676e-05  2.0763805e-05  6.4311605e-06  1.3607405e-06  5.9399535e-07  
-8.7320942e-05  1.2133959e-05  3.8521433e-05  9.8572567e-06  9.3696568e-05  -0.00028074090  -0.00040520101  4.2340101e-05  3.3463190e-05  9.2770876e-06  4.5920560e-05  3.6189122e-05  0.0010240676  -7.3014458e-05  -7.9011433e-05  -2.5842484e-05  -0.0016475157  0.00012633673  0.0000000   -0.0027641956  -0.00014356788  -0.00020867664  3.0221434e-05  7.8307398e-06  -3.1195019e-05  -8.6895089e-05  -0.00030060425  0.00040198920  -2.3272553e-05  1.5762368e-05  0.00020690187  -8.7320942e-05  1.2133959e-05  3.8521433e-05  9.8572567e-06  9.3696568e-05  -0.00028074090  -0.00040520101  4.2340101e-05  3.3463190e-05  9.2770876e-06  4.5920560e-05  3.6189122e-05  0.0010240676  -7.3014458e-05  -7.9011433e-05  -2.5842484e-05  -0.0016475157  0.00012633673  0.0000000   -0.0027641956  -0.00014356788  -0.00020867664  3.0221434e-05  7.8307398e-06  -3.1195019e-05  -8.6895089e-05  -0.00030060425  0.00040198920  -2.3272553e-05  1.5762368e-05  0.00020690187  
-0.00010214584  8.7614736e-06  2.8391530e-05  2.1938740e-05  9.6793089e-05  -0.00026058197  -0.00017870098  6.0447508e-05  6.1922024e-06  1.3665725e-07  -3.2905823e-05  5.0349500e-05  0.00062627405  -0.00029204668  -0.0013968995  7.5297142e-07  -0.00065450893  0.00016334625  0.0027641956  0.0000000   -0.0016297662  8.5433000e-05  6.0187367e-05  4.2765838e-05  -0.00023332362  -0.00019374694  -0.00034065206  0.00019139983  1.9160173e-05  -1.1352191e-05  -7.0502002e-05  -0.00010214584  8.7614736e-06  2.8391530e-05  2.1938740e-05  9.6793089e-05  -0.00026058197  -0.00017870098  6.0447508e-05  6.1922024e-06  1.3665725e-07  -3.2905823e-05  5.0349500e-05  0.00062627405  -0.00029204668  -0.0013968995  7.5297142e-07  -0.00065450893  0.00016334625  0.0027641956  0.0000000   -0.0016297662  8.5433000e-05  6.0187367e-05  4.2765838e-05  -0.00023332362  -0.00019374694  -0.00034065206  0.00019139983  1.9160173e-05  -1.1352191e-05  -7.0502002e-05  
0.00010452329  -2.2712545e-05  4.4769010e-05  -3.4913846e-05  0.00021065505  -0.00014019653  -8.0788832e-05  1.1500872e-05  -5.6351777e-06  8.7153516e-06  -2.9891236e-05  3.3544485e-05  0.00013039333  2.5944572e-05  0.00014990324  2.2445545e-05  -0.00046768881  9.4865754e-05  0.00014356788  0.0016297662  0.0000000   -0.0024697205  6.3338052e-05  -2.0323996e-05  0.00012441068  -0.00047935376  0.00019704236  -0.00017606481  0.00033212192  4.1908297e-07  -2.8287221e-05  0.00010452329  -2.2712545e-05  4.4769010e-05  -3.4913846e-05  0.00021065505  -0.00014019653  -8.0788832e-05  1.1500872e-05  -5.6351777e-06  8.7153516e-06  -2.9891236e-05  3.3544485e-05  0.00013039333  2.5944572e-05  0.00014990324  2.2445545e-05  -0.00046768881  9.4865754e-05  0.00014356788  0.0016297662  0.0000000   -0.0024697205  6.3338052e-05  -2.0323996e-05  0.00012441068  -0.00047935376  0.00019704236  -0.00017606481  0.00033212192  4.1908297e-07  -2.8287221e-05  
0.00021729908  -9.9125316e-06  -5.4158560e-05  3.6486620e-05  -0.00014412980  0.00010729476  -0.00013753730  -4.5319545e-06  4.4413513e-06  -3.5779196e-06  2.5559686e-06  3.6951011e-06  2.5379945e-05  0.00010094488  0.00055739514  5.2646210e-05  -8.5763919e-05  1.8925379e-05  0.00020867664  -8.5433000e-05  0.0024697205  0.0000000   -1.3121186e-05  2.5976021e-06  0.00032542684  -0.00042327641  -0.00015235270  -0.00034475919  -0.00031124295  -4.1150430e-06  -7.3767786e-05  0.00021729908  -9.9125316e-06  -5.4158560e-05  3.6486620e-05  -0.00014412980  0.00010729476  -0.00013753730  -4.5319545e-06  4.4413513e-06  -3.5779196e-06  2.5559686e-06  3.6951011e-06  2.5379945e-05  0.00010094488  0.00055739514  5.2646210e-05  -8.5763919e-05  1.8925379e-05  0.00020867664  -8.5433000e-05  0.0024697205  0.0000000   -1.3121186e-05  2.5976021e-06  0.00032542684  -0.00042327641  -0.00015235270  -0.00034475919  -0.00031124295  -4.1150430e-06  -7.3767786e-05  
9.2175585e-06  -1.5898753e-05  -7.4654898e-05  2.4662778e-05  1.0623482e-05  1.7059559e-06  -2.1007850e-05  -0.00014927615  4.0645548e-06  3.9740270e-05  -1.5321588e-05  0.00012522751  5.8443400e-05  0.00048404323  -9.7512966e-05  0.00035368589  5.6811612e-05  0.00057439573  -3.0221434e-05  -6.0187367e-05  -6.3338052e-05  1.3121186e-05  0.0000000   0.00072434931  0.00016115358  -0.00029509335  -9.6392318e-05  2.1281895e-05  -3.8029051e-05  0.00015164656  4.2646118e-05  9.2175585e-06  -1.5898753e-05  -7.4654898e-05  2.4662778e-05  1.0623482e-05  1.7059559e-06  -2.1007850e-05  -0.00014927615  4.0645548e-06  3.9740270e-05  -1.5321588e-05  0.00012522751  5.8443400e-05  0.00048404323  -9.7512966e-05  0.00035368589  5.6811612e-05  0.00057439573  -3.0221434e-05  -6.0187367e-05  -6.3338052e-05  1.3121186e-05  0.0000000   0.00072434931  0.00016115358  -0.00029509335  -9.6392318e-05  2.1281895e-05  -3.8029051e-05  0.00015164656  4.2646118e-05  
2.8535498e-05  0.00014778542  -2.0135510e-05  0.00012255060  2.7559101e-05  2.1666721e-05  -3.6694247e-05  -7.7400507e-05  4.9202526e-05  0.00017988595  -0.00019230312  5.0324565e-05  -3.5301657e-05  5.8990265e-05  1.0041964e-05  9.7367650e-07  1.3408717e-05  0.00026123492  -7.8307398e-06  -4.2765838e-05  2.0323996e-05  -2.5976021e-06  -0.00072434931  0.0000000   1.8995099e-07  -0.00058739696  -0.00017000607  -4.5019350e-06  -8.2787480e-05  -4.5205592e-05  7.6159074e-05  2.8535498e-05  0.00014778542  -2.0135510e-05  0.00012255060  2.7559101e-05  2.1666721e-05  -3.6694247e-05  -7.7400507e-05  4.9202526e-05  0.00017988595  -0.00019230312  5.0324565e-05  -3.5301657e-05  5.8990265e-05  1.0041964e-05  9.7367650e-07  1.3408717e-05  0.00026123492  -7.8307398e-06  -4.2765838e-05  2.0323996e-05  -2.5976021e-06  -0.00072434931  0.0000000   1.8995099e-07  -0.00058739696  -0.00017000607  -4.5019350e-06  -8.2787480e-05  -4.5205592e-05  7.6159074e-05  
-0.00013393112  3.6356413e-05  1.1632789e-05  3.1431568e-05  3.6238843e-05  -1.7785692e-05  8.6980720e-05  -2.4418592e-05  -9.9557294e-06  2.6903783e-05  -2.9043151e-05  -9.2455209e-06  0.00034614907  -1.3477947e-05  -0.00010424082  3.2257073e-05  0.00027007771  4.9454279e-05  3.1195019e-05  0.00023332362  -0.00012441068  -0.00032542684  -0.00016115358  -1.8995099e-07  0.0000000   0.0042104557  0.0011514536  -4.9556651e-05  0.00081940112  -2.9764846e-05  -0.00033171220  -0.00013393112  3.6356413e-05  1.1632789e-05  3.1431568e-05  3.6238843e-05  -1.7785692e-05  8.6980720e-05  -2.4418592e-05  -9.9557294e-06  2.6903783e-05  -2.9043151e-05  -9.2455209e-06  0.00034614907  -1.3477947e-05  -0.00010424082  3.2257073e-05  0.00027007771  4.9454279e-05  3.1195019e-05  0.00023332362  -0.00012441068  -0.00032542684  -0.00016115358  -1.8995099e-07  0.0000000   0.0042104557  0.0011514536  -4.9556651e-05  0.00081940112  -2.9764846e-05  -0.00033171220  
6.8227669e-05  1.0102581e-05  2.8492549e-05  -1.2669589e-05  9.0717725e-05  -0.00011620381  9.6592671e-05  -1.0202085e-05  -1.2258742e-06  1.9021007e-05  -3.1131348e-05  -1.1682135e-05  0.00050831068  -9.5902702e-05  -0.00029492911  6.7910284e-06  -2.5864427e-05  1.5983637e-05  8.6895089e-05  0.00019374694  0.00047935376  0.00042327641  0.00029509335  0.00058739696  -0.0042104557  0.0000000   0.0014924988  0.00042090746  -0.00042728121  -7.9548805e-05  -0.00028260629  6.8227669e-05  1.0102581e-05  2.8492549e-05  -1.2669589e-05  9.0717725e-05  -0.00011620381  9.6592671e-05  -1.0202085e-05  -1.2258742e-06  1.9021007e-05  -3.1131348e-05  -1.1682135e-05  0.00050831068  -9.5902702e-05  -0.00029492911  6.7910284e-06  -2.5864427e-05  1.5983637e-05  8.6895089e-05  0.00019374694  0.00047935376  0.00042327641  0.00029509335  0.00058739696  -0.0042104557  0.0000000   0.0014924988  0.00042090746  -0.00042728121  -7.9548805e-05  -0.00028260629  
6.4857651e-06  6.6977063e-06  2.1227019e-06  1.4447447e-05  -2.9633287e-05  2.5661424e-06  -0.00032843825  5.1141060e-05  2.7523136e-05  2.3040090e-05  -1.2172368e-05  2.3530254e-05  9.1587555e-05  4.7120102e-05  0.00023397094  -1.0211413e-05  -4.4792047e-05  2.0765676e-05  0.00030060425  0.00034065206  -0.00019704236  0.00015235270  9.6392318e-05  0.00017000607  -0.0011514536  -0.0014924988  0.0000000   0.00077119336  -0.00089736500  3.0217451e-05  0.00055348682  6.4857651e-06  6.6977063e-06  2.1227019e-06  1.4447447e-05  -2.9633287e-05  2.5661424e-06  -0.00032843825  5.1141060e-05  2.7523136e-05  2.3040090e-05  -1.2172368e-05  2.3530254e-05  9.1587555e-05  4.7120102e-05  0.00023397094  -1.0211413e-05  -4.4792047e-05  2.0765676e-05  0.00030060425  0.00034065206  -0.00019704236  0.00015235270  9.6392318e-05  0.00017000607  -0.0011514536  -0.0014924988  0.0000000   0.00077119336  -0.00089736500  3.0217451e-05  0.00055348682  
5.1451320e-05  -7.4646432e-06  -1.6989306e-05  2.8610696e-06  -9.0812193e-05  2.1659989e-05  3.4939673e-06  -1.3309379e-06  2.3888418e-06  -2.0670855e-06  2.6285838e-06  -4.5528759e-06  0.00016474806  -1.0804989e-05  6.1858247e-05  -1.6343110e-05  2.7390165e-05  -2.0763805e-05  -0.00040198920  -0.00019139983  0.00017606481  0.00034475919  -2.1281895e-05  4.5019350e-06  4.9556651e-05  -0.00042090746  -0.00077119336  0.0000000   -0.00035910447  7.8069477e-05  -0.00020059113  5.1451320e-05  -7.4646432e-06  -1.6989306e-05  2.8610696e-06  -9.0812193e-05  2.1659989e-05  3.4939673e-06  -1.3309379e-06  2.3888418e-06  -2.0670855e-06  2.6285838e-06  -4.5528759e-06  0.00016474806  -1.0804989e-05  6.1858247e-05  -1.6343110e-05  2.7390165e-05  -2.0763805e-05  -0.00040198920  -0.00019139983  0.00017606481  0.00034475919  -2.1281895e-05  4.5019350e-06  4.9556651e-05  -0.00042090746  -0.00077119336  0.0000000   -0.00035910447  7.8069477e-05  -0.00020059113  
2.2017969e-05  4.6107560e-06  -4.2720216e-05  2.3274879e-05  -8.3662520e-05  -0.00012592758  -0.00010145756  5.2852044e-06  -2.9914749e-06  1.2243644e-05  -7.0453819e-06  -1.5420362e-05  0.00018968949  8.3819021e-06  0.00024634639  -3.8521651e-06  1.8638994e-05  -6.4311605e-06  2.3272553e-05  -1.9160173e-05  -0.00033212192  0.00031124295  3.8029051e-05  8.2787480e-05  -0.00081940112  0.00042728121  0.00089736500  0.00035910447  0.0000000   1.5654859e-05  0.00091989783  2.2017969e-05  4.6107560e-06  -4.2720216e-05  2.3274879e-05  -8.3662520e-05  -0.00012592758  -0.00010145756  5.2852044e-06  -2.9914749e-06  1.2243644e-05  -7.0453819e-06  -1.5420362e-05  0.00018968949  8.3819021e-06  0.00024634639  -3.8521651e-06  1.8638994e-05  -6.4311605e-06  2.3272553e-05  -1.9160173e-05  -0.00033212192  0.00031124295  3.8029051e-05  8.2787480e-05  -0.00081940112  0.00042728121  0.00089736500  0.00035910447  0.0000000   1.5654859e-05  0.00091989783  
-9.5386459e-07  0.00013311648  -0.00016739071  2.3252425e-05  1.3798522e-05  1.0209646e-05  -5.9466156e-06  1.0088451e-05  -2.6305645e-05  -0.00012455029  -2.8312605e-05  -3.5027263e-05  1.0158374e-05  -0.00013025620  1.5656238e-05  -0.00021930857  -2.6363211e-05  -1.3607405e-06  -1.5762368e-05  1.1352191e-05  -4.1908297e-07  4.1150430e-06  -0.00015164656  4.5205592e-05  2.9764846e-05  7.9548805e-05  -3.0217451e-05  -7.8069477e-05  -1.5654859e-05  0.0000000   -0.00066381900  -9.5386459e-07  0.00013311648  -0.00016739071  2.3252425e-05  1.3798522e-05  1.0209646e-05  -5.9466156e-06  1.0088451e-05  -2.6305645e-05  -0.00012455029  -2.8312605e-05  -3.5027263e-05  1.0158374e-05  -0.00013025620  1.5656238e-05  -0.00021930857  -2.6363211e-05  -1.3607405e-06  -1.5762368e-05  1.1352191e-05  -4.1908297e-07  4.1150430e-06  -0.00015164656  4.5205592e-05  2.9764846e-05  7.9548805e-05  -3.0217451e-05  -7.8069477e-05  -1.5654859e-05  0.0000000   -0.00066381900  
-4.6523304e-06  -1.9055674e-05  2.3574015e-05  -2.0998735e-05  3.5480250e-05  -7.3028428e-05  -3.5576974e-05  2.6118613e-05  2.7876666e-05  2.1354202e-05  -1.8849734e-05  4.3529106e-05  0.00021584292  8.4076348e-06  1.4288067e-05  2.7835347e-05  -0.00011194315  -5.9399535e-07  -0.00020690187  7.0502002e-05  2.8287221e-05  7.3767786e-05  -4.2646118e-05  -7.6159074e-05  0.00033171220  0.00028260629  -0.00055348682  0.00020059113  -0.00091989783  0.00066381900  0.0000000   -4.6523304e-06  -1.9055674e-05  2.3574015e-05  -2.0998735e-05  3.5480250e-05  -7.3028428e-05  -3.5576974e-05  2.6118613e-05  2.7876666e-05  2.1354202e-05  -1.8849734e-05  4.3529106e-05  0.00021584292  8.4076348e-06  1.4288067e-05  2.7835347e-05  -0.00011194315  -5.9399535e-07  -0.00020690187  7.0502002e-05  2.8287221e-05  7.3767786e-05  -4.2646118e-05  -7.6159074e-05  0.00033171220  0.00028260629  -0.00055348682  0.00020059113  -0.00091989783  0.00066381900  0.0000000   
0.0000000   -7.7399898e-05  0.00014102752  2.9863411e-06  0.00040365248  8.5336231e-05  -0.00010200111  9.6005014e-05  7.8451027e-05  -3.4998867e-05  2.1615282e-05  3.1186427e-05  -0.00018516269  1.1514700e-05  -0.00024659419  -1.1442849e-05  9.8564531e-05  4.6255924e-06  8.7320942e-05  0.00010214584  -0.00010452329  -0.00021729908  -9.2175585e-06  -2.8535498e-05  0.00013393112  -6.8227669e-05  -6.4857651e-06  -5.1451320e-05  -2.2017969e-05  9.5386459e-07  4.6523304e-06  0.0000000   -7.7399898e-05  0.00014102752  2.9863411e-06  0.00040365248  8.5336231e-05  -0.00010200111  9.6005014e-05  7.8451027e-05  -3.4998867e-05  2.1615282e-05  3.1186427e-05  -0.00018516269  1.1514700e-05  -0.00024659419  -1.1442849e-05  9.8564531e-05  4.6255924e-06  8.7320942e-05  0.00010214584  -0.00010452329  -0.00021729908  -9.2175585e-06  -2.8535498e-05  0.00013393112  -6.8227669e-05  -6.4857651e-06  -5.1451320e-05  -2.2017969e-05  9.5386459e-07  4.6523304e-06  
7.7399898e-05  0.0000000   -0.0018284730  0.00052342459  0.00032128949  -6.9023210e-05  0.00020539283  0.00033920891  0.00040492112  -0.00016222531  0.00014621193  0.00020899414  1.0359005e-05  5.6696484e-05  -1.9233484e-05  -0.00014749523  -1.6682119e-05  1.0572850e-05  -1.2133959e-05  -8.7614736e-06  2.2712545e-05  9.9125316e-06  1.5898753e-05  -0.00014778542  -3.6356413e-05  -1.0102581e-05  -6.6977063e-06  7.4646432e-06  -4.6107560e-06  -0.00013311648  1.9055674e-05  7.7399898e-05  0.0000000   -0.0018284730  0.00052342459  0.00032128949  -6.9023210e-05  0.00020539283  0.00033920891  0.00040492112  -0.00016222531  0.00014621193  0.00020899414  1.0359005e-05  5.6696484e-05  -1.9233484e-05  -0.00014749523  -1.6682119e-05  1.0572850e-05  -1.2133959e-05  -8.7614736e-06  2.2712545e-05  9.9125316e-06  1.5898753e-05  -0.00014778542  -3.6356413e-05  -1.0102581e-05  -6.6977063e-06  7.4646432e-06  -4.6107560e-06  -0.00013311648  1.9055674e-05  
-0.00014102752  0.0018284730  0.0000000   0.0050350547  0.00090467175  0.00014084725  7.8781464e-05  0.00032150382  0.00069273340  0.00033351438  -0.0013557956  0.00041678809  -7.0314078e-05  -0.00033589438  0.00017429296  0.00045591997  0.00010028680  6.0299312e-06  -3.8521433e-05  -2.8391530e-05  -4.4769010e-05  5.4158560e-05  7.4654898e-05  2.0135510e-05  -1.1632789e-05  -2.8492549e-05  -2.1227019e-06  1.6989306e-05  4.2720216e-05  0.00016739071  -2.3574015e-05  -0.00014102752  0.0018284730  0.0000000   0.0050350547  0.00090467175  0.00014084725  7.8781464e-05  0.00032150382  0.00069273340  0.00033351438  -0.0013557956  0.00041678809  -7.0314078e-05  -0.00033589438  0.00017429296  0.00045591997  0.00010028680  6.0299312e-06  -3.8521433e-05  -2.8391530e-05  -4.4769010e-05  5.4158560e-05  7.4654898e-05  2.0135510e-05  -1.1632789e-05  -2.8492549e-05  -2.1227019e-06  1.6989306e-05  4.2720216e-05  0.00016739071  -2.3574015e-05  
-2.9863411e-06  -0.00052342459  -0.0050350547  0.0000000   0.00075080443  -0.00010126016  -0.00016859569  -0.00072237791  -0.0011207724  -0.00024353227  -3.9850674e-05  0.00078038303  0.00010725841  -8.6926526e-05  -5.7427022e-05  3.8933471e-05  5.1370120e-05  0.00031241703  -9.8572567e-06  -2.1938740e-05  3.4913846e-05  -3.6486620e-05  -2.4662778e-05  -0.00012255060  -3.1431568e-05  1.2669589e-05  -1.4447447e-05  -2.8610696e-06  -2.3274879e-05  -2.3252425e-05  2.0998735e-05  -2.9863411e-06  -0.00052342459  -0.0050350547  0.0000000   0.00075080443  -0.00010126016  -0.00016859569  -0.00072237791  -0.0011207724  -0.00024353227  -3.9850674e-05  0.00078038303  0.00010725841  -8.6926526e-05  -5.7427022e-05  3.8933471e-05  5.1370120e-05  0.00031241703  -9.8572567e-06  -2.1938740e-05  3.4913846e-05  -3.6486620e-05  -2.4662778e-05  -0.00012255060  -3.1431568e-05  1.2669589e-05  -1.4447447e-05  -2.8610696e-06  -2.3274879e-05  -2.3252425e-05  2.0998735e-05  
-0.00040365248  -0.00032128949  -0.00090467175  -0.00075080443  0.0000000   0.0010550190  -0.00063443056  -7.0852685e-05  -0.00020068190  -0.00011966319  0.00018750762  8.6601249e-05  -0.00023834973  0.00010998518  0.00019204589  -5.4943440e-05  0.00012093046  4.5495756e-05  -9.3696568e-05  -9.6793089e-05  -0.00021065505  0.00014412980  -1.0623482e-05  -2.7559101e-05  -3.6238843e-05  -9.0717725e-05  2.9633287e-05  9.0812193e-05  8.3662520e-05  -1.3798522e-05  -3.5480250e-05  -0.00040365248  -0.00032128949  -0.00090467175  -0.00075080443  0.0000000   0.0010550190  -0.00063443056  -7.0852685e-05  -0.00020068190  -0.00011966319  0.00018750762  8.6601249e-05  -0.00023834973  0.00010998518  0.00019204589  -5.4943440e-05  0.00012093046  4.5495756e-05  -9.3696568e-05  -9.6793089e-05  -0.00021065505  0.00014412980  -1.0623482e-05  -2.7559101e-05  -3.6238843e-05  -9.0717725e-05  2.9633287e-05  9.0812193e-05  8.3662520e-05  -1.3798522e-05  -3.5480250e-05  
-8.5336231e-05  6.9023210e-05  -0.00014084725  0.00010126016  -0.0010550190  0.0000000   0.0060504796  -0.00076699100  -0.00022713350  -3.5072118e-05  3.5580304e-05  -4.7329466e-06  -0.00039092979  3.7706291e-05  -0.00050267852  -2.7724673e-05  8.9892533e-05  4.3548785e-05  0.00028074090  0.00026058197  0.00014019653  -0.00010729476  -1.7059559e-06  -2.1666721e-05  1.7785692e-05  0.00011620381  -2.5661424e-06  -2.1659989e-05  0.00012592758  -1.0209646e-05  7.3028428e-05  -8.5336231e-05  6.9023210e-05  -0.00014084725  0.00010126016  -0.0010550190  0.0000000   0.0060504796  -0.00076699100  -0.00022713350  -3.5072118e-05  3.5580304e-05  -4.7329466e-06  -0.00039092979  3.7706291e-05  -0.00050267852  -2.7724673e-05  8.9892533e-05  4.3548785e-05  0.00028074090  0.00026058197  0.00014019653  -0.00010729476  -1.7059559e-06  -2.1666721e-05  1.7785692e-05  0.00011620381  -2.5661424e-06  -2.1659989e-05  0.00012592758  -1.0209646e-05  7.3028428e-05  
0.00010200111  -0.00020539283  -7.8781464e-05  0.00016859569  0.00063443056  -0.0060504796  0.0000000   -0.00010857119  -0.00044623958  0.00012194469  7.7704009e-05  -2.7531899e-05  -0.00012041395  8.6187160e-05  0.00012976006  4.1991313e-05  0.00024834593  -4.7623812e-05  0.00040520101  0.00017870098  8.0788832e-05  0.00013753730  2.1007850e-05  3.6694247e-05  -8.6980720e-05  -9.6592671e-05  0.00032843825  -3.4939673e-06  0.00010145756  5.9466156e-06  3.5576974e-05  0.00010200111  -0.00020539283  -7.8781464e-05  0.00016859569  0.00063443056  -0.0060504796  0.0000000   -0.00010857119  -0.00044623958  0.00012194469  7.7704009e-05  -2.7531899e-05  -0.00012041395  8.6187160e-05  0.00012976006  4.1991313e-05  0.00024834593  -4.7623812e-05  0.00040520101  0.00017870098  8.0788832e-05  0.00013753730  2.1007850e-05  3.6694247e-05  -8.6980720e-05  -9.6592671e-05  0.00032843825  -3.4939673e-06  0.00010145756  5.9466156e-06  3.5576974e-05  
-9.6005014e-05  -0.00033920891  -0.00032150382  0.00072237791  7.0852685e-05  0.00076699100  0.00010857119  0.0000000   -0.0035068564  0.00011373789  -0.00029363695  0.00050094515  8.3055071e-05  0.00033405667  -4.2832600e-05  0.00055409388  5.9702709e-05  8.4944728e-05  -4.2340101e-05  -6.0447508e-05  -1.1500872e-05  4.5319545e-06  0.00014927615  7.7400507e-05  2.4418592e-05  1.0202085e-05  -5.1141060e-05  1.3309379e-06  -5.2852044e-06  -1.0088451e-05  -2.6118613e-05  -9.6005014e-05  -0.00033920891  -0.00032150382  0.00072237791  7.0852685e-05  0.00076699100  0.00010857119  0.0000000   -0.0035068564  0.00011373789  -0.00029363695  0.00050094515  8.3055071e-05  0.00033405667  -4.2832600e-05  0.00055409388  5.9702709e-05  8.4944728e-05  -4.2340101e-05  -6.0447508e-05  -1.1500872e-05  4.5319545e-06  0.00014927615  7.7400507e-05  2.4418592e-05  1.0202085e-05  -5.1141060e-05  1.3309379e-06  -5.2852044e-06  -1.0088451e-05  -2.6118613e-05  
-7.8451027e-05  -0.00040492112  -0.00069273340  0.0011207724  0.00020068190  0.00022713350  0.00044623958  0.0035068564  0.0000000   0.00097307715  0.00040085537  -0.00040136464  -2.9041329e-05  -0.00013535854  5.3104410e-05  0.00074176469  -3.7041211e-05  -0.00021828922  -3.3463190e-05  -6.1922024e-06  5.6351777e-06  -4.4413513e-06  -4.0645548e-06  -4.9202526e-05  9.9557294e-06  1.2258742e-06  -2.7523136e-05  -2.3888418e-06  2.9914749e-06  2.6305645e-05  -2.7876666e-05  -7.8451027e-05  -0.00040492112  -0.00069273340  0.0011207724  0.00020068190  0.00022713350  0.00044623958  0.0035068564  0.0000000   0.00097307715  0.00040085537  -0.00040136464  -2.9041329e-05  -0.00013535854  5.3104410e-05  0.00074176469  -3.7041211e-05  -0.00021828922  -3.3463190e-05  -6.1922024e-06  5.6351777e-06  -4.4413513e-06  -4.0645548e-06  -4.9202526e-05  9.9557294e-06  1.2258742e-06  -2.7523136e-05  -2.3888418e-06  2.9914749e-06  2.6305645e-05  -2.7876666e-05  
3.4998867e-05  0.00016222531  -0.00033351438  0.00024353227  0.00011966319  3.5072118e-05  -0.00012194469  -0.00011373789  -0.00097307715  0.0000000   -0.00093495891  -0.00097515594  -4.9020197e-05  3.9486015e-05  3.2717228e-05  -3.3879868e-05  -3.0604800e-05  0.00013991813  -9.2770876e-06  -1.3665725e-07  -8.7153516e-06  3.5779196e-06  -3.9740270e-05  -0.00017988595  -2.6903783e-05  -1.9021007e-05  -2.3040090e-05  2.0670855e-06  -1.2243644e-05  0.00012455029  -2.1354202e-05  3.4998867e-05  0.00016222531  -0.00033351438  0.00024353227  0.00011966319  3.5072118e-05  -0.00012194469  -0.00011373789  -0.00097307715  0.0000000   -0.00093495891  -0.00097515594  -4.9020197e-05  3.9486015e-05  3.2717228e-05  -3.3879868e-05  -3.0604800e-05  0.00013991813  -9.2770876e-06  -1.3665725e-07  -8.7153516e-06  3.5779196e-06  -3.9740270e-05  -0.00017988595  -2.6903783e-05  -1.9021007e-05  -2.3040090e-05  2.0670855e-06  -1.2243644e-05  0.00012455029  -2.1354202e-05  
-2.1615282e-05  -0.00014621193  0.0013557956  3.9850674e-05  -0.00018750762  -3.5580304e-05  -7.7704009e-05  0.00029363695  -0.00040085537  0.00093495891  0.0000000   0.0032599597  0.00019295602  0.0020821499  -0.00035714101  -0.0010871333  -4.0706408e-05  0.00022856863  -4.5920560e-05  3.2905823e-05  2.9891236e-05  -2.5559686e-06  1.5321588e-05  0.00019230312  2.9043151e-05  3.1131348e-05  1.2172368e-05  -2.6285838e-06  7.0453819e-06  2.8312605e-05  1.8849734e-05  -2.1615282e-05  -0.00014621193  0.0013557956  3.9850674e-05  -0.00018750762  -3.5580304e-05  -7.7704009e-05  0.00029363695  -0.00040085537  0.00093495891  0.0000000   0.0032599597  0.00019295602  0.0020821499  -0.00035714101  -0.0010871333  -4.0706408e-05  0.00022856863  -4.5920560e-05  3.2905823e-05  2.9891236e-05  -2.5559686e-06  1.5321588e-05  0.00019230312  2.9043151e-05  3.1131348e-05  1.2172368e-05  -2.6285838e-06  7.0453819e-06  2.8312605e-05  1.8849734e-05  
