0.0000000   0.0013747870  -0.00019414930  1.5493490e-05  -0.00022605366  -8.6602503e-05  0.00094596277  0.00026294581  -1.7320409e-06  4.8853316e-05  2.9030308e-05  -0.00017764903  -7.1209883e-05  0.00019707665  -2.0624569e-05  7.0723772e-05  -0.00018180161  -5.9879707e-05  2.7020171e-05  -6.7444324e-05  -3.6766552e-05  -1.7726605e-05  -2.4711809e-05  4.6137435e-05  7.4074569e-05  3.0585578e-06  -5.0938938e-05  9.8360686e-05  -8.2213194e-05  -1.8087519e-05  3.2636695e-06  0.0000000   0.0013747870  -0.00019414930  1.5493490e-05  -0.00022605366  -8.6602503e-05  0.00094596277  0.00026294581  -1.7320409e-06  4.8853316e-05  2.9030308e-05  -0.00017764903  -7.1209883e-05  0.00019707665  -2.0624569e-05  7.0723772e-05  -0.00018180161  -5.9879707e-05  2.7020171e-05  -6.7444324e-05  -3.6766552e-05  -1.7726605e-05  -2.4711809e-05  4.6137435e-05  7.4074569e-05  3.0585578e-06  -5.0938938e-05  9.8360686e-05  -8.2213194e-05  -1.8087519e-05  3.2636695e-06  
-0.0013747870  0.0000000   -3.7275756e-05  4.1222310e-06  -0.00010479968  -0.00018031055  0.0010294241  -0.00045239880  2.5214600e-05  0.00025464125  0.00064735960  -0.00028604017  6.0185383e-06  2.1049821e-05  -2.8594552e-05  -2.0074906e-05  -0.00019097369  -4.3106227e-05  5.5430721e-05  -0.00022740913  4.2145847e-06  -1.0333840e-05  -1.0939412e-05  1.8810674e-05  -2.5720357e-05  -1.4717272e-05  2.8927226e-05  -0.00015261397  -4.2395653e-05  2.0953797e-05  -4.2450712e-05  -0.0013747870  0.0000000   -3.7275756e-05  4.1222310e-06  -0.00010479968  -0.00018031055  0.0010294241  -0.00045239880  2.5214600e-05  0.00025464125  0.00064735960  -0.00028604017  6.0185383e-06  2.1049821e-05  -2.8594552e-05  -2.0074906e-05  -0.00019097369  -4.3106227e-05  5.5430721e-05  -0.00022740913  4.2145847e-06  -1.0333840e-05  -1.0939412e-05  1.8810674e-05  -2.5720357e-05  -1.4717272e-05  2.8927226e-05  -0.00015261397  -4.2395653e-05  2.0953797e-05  -4.2450712e-05  
0.00019414930  3.7275756e-05  0.0000000   0.0021981130  0.0030035188  0.00043021277  0.00018352865  -0.00016581837  2.3293458e-05  -0.00026361758  9.9254059e-05  0.00010833822  -0.00018428446  -1.5487075e-06  -0.00017434747  -1.3527248e-05  -3.6677660e-05  0.00025433650  0.00018232185  2.2531441e-05  -0.00029903417  0.00017131496  8.0618726e-05  1.6622831e-07  1.2554601e-05  -3.1493975e-05  8.6793701e-05  7.4661082e-08  1.6285281e-06  2.7833339e-05  0.00013650185  0.00019414930  3.7275756e-05  0.0000000   0.0021981130  0.0030035188  0.00043021277  0.00018352865  -0.00016581837  2.3293458e-05  -0.00026361758  9.9254059e-05  0.00010833822  -0.00018428446  -1.5487075e-06  -0.00017434747  -1.3527248e-05  -3.6677660e-05  0.00025433650  0.00018232185  2.2531441e-05  -0.00029903417  0.00017131496  8.0618726e-05  1.6622831e-07  1.2554601e-05  -3.1493975e-05  8.6793701e-05  7.4661082e-08  1.6285281e-06  2.7833339e-05  0.00013650185  
-1.5493490e-05  -4.1222310e-06  -0.0021981130  0.0000000   -0.0064996363  -0.00071756609  -0.00017556246  0.00031353571  0.00058303571  -0.00048879753  0.00016441108  -0.00016963123  -1.9426977e-05  -2.3898649e-05  -7.5218765e-05  -2.9418060e-05  1.6636668e-06  -2.1743828e-05  -9.9874432e-07  5.4639449e-05  9.0531546e-06  -0.00044137950  7.9440878e-06  -4.2444305e-05  -6.6258493e-06  0.00010283921  1.4866852e-05  1.0291455e-05  1.1955133e-05  7.6872593e-05  -0.00012270624  -1.5493490e-05  -4.1222310e-06  -0.0021981130  0.0000000   -0.0064996363  -0.00071756609  -0.00017556246  0.00031353571  0.00058303571  -0.00048879753  0.00016441108  -0.00016963123  -1.9426977e-05  -2.3898649e-05  -7.5218765e-05  -2.9418060e-05  1.6636668e-06  -2.1743828e-05  -9.9874432e-07  5.4639449e-05  9.0531546e-06  -0.00044137950  7.9440878e-06  -4.2444305e-05  -6.6258493e-06  0.00010283921  1.4866852e-05  1.0291455e-05  1.1955133e-05  7.6872593e-05  -0.00012270624  
0.00022605366  0.00010479968  -0.0030035188  0.0064996363  0.0000000   -0.0073644013  -0.00032275959  0.00036320384  0.0010736585  -0.00031920125  0.00025767239  5.9312828e-05  0.00041972780  -4.0733940e-05  -0.00038167087  6.8814217e-05  -1.4494814e-06  -3.4127016e-05  0.00028946671  5.0402320e-05  -0.00023356465  -0.00013489600  0.00015448918  6.8747647e-05  1.2306415e-05  -9.8726573e-05  4.8987889e-05  -3.0260084e-05  -5.6302912e-06  0.00015388120  7.2829104e-05  0.00022605366  0.00010479968  -0.0030035188  0.0064996363  0.0000000   -0.0073644013  -0.00032275959  0.00036320384  0.0010736585  -0.00031920125  0.00025767239  5.9312828e-05  0.00041972780  -4.0733940e-05  -0.00038167087  6.8814217e-05  -1.4494814e-06  -3.4127016e-05  0.00028946671  5.0402320e-05  -0.00023356465  -0.00013489600  0.00015448918  6.8747647e-05  1.2306415e-05  -9.8726573e-05  4.8987889e-05  -3.0260084e-05  -5.6302912e-06  0.00015388120  7.2829104e-05  
8.6602503e-05  0.00018031055  -0.00043021277  0.00071756609  0.0073644013  0.0000000   0.00034674379  0.00031965896  0.0014179367  -0.00048286445  0.00023839976  0.00014133942  0.00035356794  1.7532846e-05  -2.7202554e-05  -2.6622668e-05  6.5017584e-05  -0.00012781673  -0.00011681701  -3.4865019e-05  -9.1311205e-05  -0.00035117480  7.0055793e-05  -0.00011540207  2.0894117e-05  0.00015556603  5.3057433e-05  1.1683045e-05  -4.7249756e-05  7.1360127e-05  0.00015422371  8.6602503e-05  0.00018031055  -0.00043021277  0.00071756609  0.0073644013  0.0000000   0.00034674379  0.00031965896  0.0014179367  -0.00048286445  0.00023839976  0.00014133942  0.00035356794  1.7532846e-05  -2.7202554e-05  -2.6622668e-05  6.5017584e-05  -0.00012781673  -0.00011681701  -3.4865019e-05  -9.1311205e-05  -0.00035117480  7.0055793e-05  -0.00011540207  2.0894117e-05  0.00015556603  5.3057433e-05  1.1683045e-05  -4.7249756e-05  7.1360127e-05  0.00015422371  
-0.00094596277  -0.0010294241  -0.00018352865  0.00017556246  0.00032275959  -0.00034674379  0.0000000   -0.0041731824  0.00035142604  -0.00012544274  -0.00031907249  0.00057143625  8.4208961e-05  6.5916899e-05  -1.6785969e-05  -6.7786841e-05  -0.00021130108  -6.9891791e-05  6.1917805e-05  -0.00029603903  -2.9950788e-05  -1.6181369e-05  -4.6201300e-05  -1.0876640e-05  -2.7242218e-05  2.2432402e-05  2.9175468e-05  -0.00017903266  0.00014400455  2.0695829e-05  3.5310591e-06  -0.00094596277  -0.0010294241  -0.00018352865  0.00017556246  0.00032275959  -0.00034674379  0.0000000   -0.0041731824  0.00035142604  -0.00012544274  -0.00031907249  0.00057143625  8.4208961e-05  6.5916899e-05  -1.6785969e-05  -6.7786841e-05  -0.00021130108  -6.9891791e-05  6.1917805e-05  -0.00029603903  -2.9950788e-05  -1.6181369e-05  -4.6201300e-05  -1.0876640e-05  -2.7242218e-05  2.2432402e-05  2.9175468e-05  -0.00017903266  0.00014400455  2.0695829e-05  3.5310591e-06  
-0.00026294581  0.00045239880  0.00016581837  -0.00031353571  -0.00036320384  -0.00031965896  0.0041731824  0.0000000   -9.3572512e-05  -1.5076166e-05  -0.00029795380  0.00038839680  3.0406379e-05  0.00047175385  2.8330302e-05  0.00014023055  0.00053212813  6.7222417e-05  -6.4810592e-05  8.8842530e-05  2.3059787e-05  2.8865806e-05  2.7316546e-05  1.6567982e-05  -5.4487469e-05  5.8418228e-06  7.6432496e-06  0.00010440305  -0.00012986839  -2.4385178e-05  -2.2036430e-07  -0.00026294581  0.00045239880  0.00016581837  -0.00031353571  -0.00036320384  -0.00031965896  0.0041731824  0.0000000   -9.3572512e-05  -1.5076166e-05  -0.00029795380  0.00038839680  3.0406379e-05  0.00047175385  2.8330302e-05  0.00014023055  0.00053212813  6.7222417e-05  -6.4810592e-05  8.8842530e-05  2.3059787e-05  2.8865806e-05  2.7316546e-05  1.6567982e-05  -5.4487469e-05  5.8418228e-06  7.6432496e-06  0.00010440305  -0.00012986839  -2.4385178e-05  -2.2036430e-07  
1.7320409e-06  -2.5214600e-05  -2.3293458e-05  -0.00058303571  -0.0010736585  -0.0014179367  -0.00035142604  9.3572512e-05  0.0000000   0.00057060802  -0.00022381970  -4.9461540e-05  0.00074416139  -6.9685791e-05  -0.00027795459  3.7676004e-05  -2.8356417e-05  0.00044508879  -0.00014967612  -3.8158739e-05  -7.7216546e-05  0.00020598972  0.00016726701  0.00023717626  -1.3896259e-05  0.00025757426  -0.00010914984  -9.6888158e-06  -6.5299523e-06  -1.8368096e-05  -0.00013091477  1.7320409e-06  -2.5214600e-05  -2.3293458e-05  -0.00058303571  -0.0010736585  -0.0014179367  -0.00035142604  9.3572512e-05  0.0000000   0.00057060802  -0.00022381970  -4.9461540e-05  0.00074416139  -6.9685791e-05  -0.00027795459  3.7676004e-05  -2.8356417e-05  0.00044508879  -0.00014967612  -3.8158739e-05  -7.7216546e-05  0.00020598972  0.00016726701  0.00023717626  -1.3896259e-05  0.00025757426  -0.00010914984  -9.6888158e-06  -6.5299523e-06  -1.8368096e-05  -0.00013091477  
-4.8853316e-05  -0.00025464125  0.00026361758  0.00048879753  0.00031920125  0.00048286445  0.00012544274  1.5076166e-05  -0.00057060802  0.0000000   -2.8770166e-06  0.00012162457  0.00054765652  -9.5621239e-06  -0.00072313583  0.00017371256  -2.2063244e-05  -0.00030038844  1.1497526e-05  -2.5455363e-05  -0.00016167868  -0.00016997584  3.6161592e-06  -0.00018357155  2.7395106e-05  -9.7580864e-06  0.00021538496  -5.2598074e-06  0.00012964693  -2.7235771e-05  -1.1881592e-05  -4.8853316e-05  -0.00025464125  0.00026361758  0.00048879753  0.00031920125  0.00048286445  0.00012544274  1.5076166e-05  -0.00057060802  0.0000000   -2.8770166e-06  0.00012162457  0.00054765652  -9.5621239e-06  -0.00072313583  0.00017371256  -2.2063244e-05  -0.00030038844  1.1497526e-05  -2.5455363e-05  -0.00016167868  -0.00016997584  3.6161592e-06  -0.00018357155  2.7395106e-05  -9.7580864e-06  0.00021538496  -5.2598074e-06  0.00012964693  -2.7235771e-05  -1.1881592e-05  
-2.9030308e-05  -0.00064735960  -9.9254059e-05  -0.00016441108  -0.00025767239  -0.00023839976  0.00031907249  0.00029795380  0.00022381970  2.8770166e-06  0.0000000   0.00029271114  -0.00024047509  8.8605098e-05  0.00027865055  0.00050798134  -0.00020630990  9.8397472e-05  9.3851352e-06  -7.9258341e-05  8.2702789e-05  8.0381112e-05  1.8016150e-05  0.00010779316  2.8875159e-05  1.4280642e-05  -7.9741084e-05  -8.6162910e-05  0.00029769084  5.6286101e-05  -1.9601814e-05  -2.9030308e-05  -0.00064735960  -9.9254059e-05  -0.00016441108  -0.00025767239  -0.00023839976  0.00031907249  0.00029795380  0.00022381970  2.8770166e-06  0.0000000   0.00029271114  -0.00024047509  8.8605098e-05  0.00027865055  0.00050798134  -0.00020630990  9.8397472e-05  9.3851352e-06  -7.9258341e-05  8.2702789e-05  8.0381112e-05  1.8016150e-05  0.00010779316  2.8875159e-05  1.4280642e-05  -7.9741084e-05  -8.6162910e-05  0.00029769084  5.6286101e-05  -1.9601814e-05  
0.00017764903  0.00028604017  -0.00010833822  0.00016963123  -5.9312828e-05  -0.00014133942  -0.00057143625  -0.00038839680  4.9461540e-05  -0.00012162457  -0.00029271114  0.0000000   6.1722650e-05  7.1393499e-05  -0.00011890105  -0.0016200729  -2.6750536e-05  -3.2056914e-05  -3.5435664e-05  0.00041924115  -7.7016731e-06  1.7343436e-05  -1.4450751e-06  -8.2496723e-06  2.8240863e-05  -1.4777729e-05  -3.3491093e-05  0.00019796960  -3.1482249e-05  -1.9138213e-05  2.5684534e-05  0.00017764903  0.00028604017  -0.00010833822  0.00016963123  -5.9312828e-05  -0.00014133942  -0.00057143625  -0.00038839680  4.9461540e-05  -0.00012162457  -0.00029271114  0.0000000   6.1722650e-05  7.1393499e-05  -0.00011890105  -0.0016200729  -2.6750536e-05  -3.2056914e-05  -3.5435664e-05  0.00041924115  -7.7016731e-06  1.7343436e-05  -1.4450751e-06  -8.2496723e-06  2.8240863e-05  -1.4777729e-05  -3.3491093e-05  0.00019796960  -3.1482249e-05  -1.9138213e-05  2.5684534e-05  
7.1209883e-05  -6.0185383e-06  0.00018428446  1.9426977e-05  -0.00041972780  -0.00035356794  -8.4208961e-05  -3.0406379e-05  -0.00074416139  -0.00054765652  0.00024047509  -6.1722650e-05  0.0000000   0.00031302504  0.0023531221  -0.00016038641  -0.00017608992  -0.00055062916  -0.00066649825  -0.00012730914  6.7496554e-05  -0.00028495146  -3.7044897e-05  -0.00016062028  -4.6435074e-06  0.00013699580  0.00037286211  3.7637810e-05  5.2845175e-05  -0.00013792128  0.00015992102  7.1209883e-05  -6.0185383e-06  0.00018428446  1.9426977e-05  -0.00041972780  -0.00035356794  -8.4208961e-05  -3.0406379e-05  -0.00074416139  -0.00054765652  0.00024047509  -6.1722650e-05  0.0000000   0.00031302504  0.0023531221  -0.00016038641  -0.00017608992  -0.00055062916  -0.00066649825  -0.00012730914  6.7496554e-05  -0.00028495146  -3.7044897e-05  -0.00016062028  -4.6435074e-06  0.00013699580  0.00037286211  3.7637810e-05  5.2845175e-05  -0.00013792128  0.00015992102  
-0.00019707665  -2.1049821e-05  1.5487075e-06  2.3898649e-05  4.0733940e-05  -1.7532846e-05  -6.5916899e-05  -0.00047175385  6.9685791e-05  9.5621239e-06  -8.8605098e-05  -7.1393499e-05  -0.00031302504  0.0000000   0.00022691539  0.0064550168  0.00038166058  0.00025621043  -3.9385815e-05  -0.00035020571  -6.7599004e-05  -0.00010724751  -1.9984566e-05  9.3800373e-05  0.00034076206  3.9458491e-05  -5.1609915e-05  0.00011570194  -7.6783394e-05  6.3980498e-06  -1.7744133e-05  -0.00019707665  -2.1049821e-05  1.5487075e-06  2.3898649e-05  4.0733940e-05  -1.7532846e-05  -6.5916899e-05  -0.00047175385  6.9685791e-05  9.5621239e-06  -8.8605098e-05  -7.1393499e-05  -0.00031302504  0.0000000   0.00022691539  0.0064550168  0.00038166058  0.00025621043  -3.9385815e-05  -0.00035020571  -6.7599004e-05  -0.00010724751  -1.9984566e-05  9.3800373e-05  0.00034076206  3.9458491e-05  -5.1609915e-05  0.00011570194  -7.6783394e-05  6.3980498e-06  -1.7744133e-05  
2.0624569e-05  2.8594552e-05  0.00017434747  7.5218765e-05  0.00038167087  2.7202554e-05  1.6785969e-05  -2.8330302e-05  0.00027795459  0.00072313583  -0.00027865055  0.00011890105  -0.0023531221  -0.00022691539  0.0000000   -0.00024450818  7.7210492e-05  0.00024640249  -0.00017016287  -2.7238814e-06  0.00021555633  -0.00086114200  -0.00010524073  0.00046067549  -2.4617482e-05  -2.6548832e-05  -0.00015320706  -2.8300817e-05  -4.3769897e-05  0.00029197977  -0.00035885844  2.0624569e-05  2.8594552e-05  0.00017434747  7.5218765e-05  0.00038167087  2.7202554e-05  1.6785969e-05  -2.8330302e-05  0.00027795459  0.00072313583  -0.00027865055  0.00011890105  -0.0023531221  -0.00022691539  0.0000000   -0.00024450818  7.7210492e-05  0.00024640249  -0.00017016287  -2.7238814e-06  0.00021555633  -0.00086114200  -0.00010524073  0.00046067549  -2.4617482e-05  -2.6548832e-05  -0.00015320706  -2.8300817e-05  -4.3769897e-05  0.00029197977  -0.00035885844  
-7.0723772e-05  2.0074906e-05  1.3527248e-05  2.9418060e-05  -6.8814217e-05  2.6622668e-05  6.7786841e-05  -0.00014023055  -3.7676004e-05  -0.00017371256  -0.00050798134  0.0016200729  0.00016038641  -0.0064550168  0.00024450818  0.0000000   0.0028393915  0.00051520418  -0.00022856677  -5.9133143e-05  4.8778545e-05  -5.9694246e-05  -7.6892364e-05  -1.6537360e-05  0.00026815634  4.4757789e-05  1.0603610e-05  -0.00010896820  -0.00017514724  -5.4542371e-05  -9.6918855e-06  -7.0723772e-05  2.0074906e-05  1.3527248e-05  2.9418060e-05  -6.8814217e-05  2.6622668e-05  6.7786841e-05  -0.00014023055  -3.7676004e-05  -0.00017371256  -0.00050798134  0.0016200729  0.00016038641  -0.0064550168  0.00024450818  0.0000000   0.0028393915  0.00051520418  -0.00022856677  -5.9133143e-05  4.8778545e-05  -5.9694246e-05  -7.6892364e-05  -1.6537360e-05  0.00026815634  4.4757789e-05  1.0603610e-05  -0.00010896820  -0.00017514724  -5.4542371e-05  -9.6918855e-06  
0.00018180161  0.00019097369  3.6677660e-05  -1.6636668e-06  1.4494814e-06  -6.5017584e-05  0.00021130108  -0.00053212813  2.8356417e-05  2.2063244e-05  0.00020630990  2.6750536e-05  0.00017608992  -0.00038166058  -7.7210492e-05  -0.0028393915  0.0000000   -3.6974218e-05  -0.00032182051  0.0011234079  0.00011429619  4.0239898e-05  0.00016230006  -6.9034346e-05  0.00010850400  -6.5936494e-06  5.0144104e-05  -0.00019977785  0.00027399664  7.6680783e-06  -1.0433123e-05  0.00018180161  0.00019097369  3.6677660e-05  -1.6636668e-06  1.4494814e-06  -6.5017584e-05  0.00021130108  -0.00053212813  2.8356417e-05  2.2063244e-05  0.00020630990  2.6750536e-05  0.00017608992  -0.00038166058  -7.7210492e-05  -0.0028393915  0.0000000   -3.6974218e-05  -0.00032182051  0.0011234079  0.00011429619  4.0239898e-05  0.00016230006  -6.9034346e-05  0.00010850400  -6.5936494e-06  5.0144104e-05  -0.00019977785  0.00027399664  7.6680783e-06  -1.0433123e-05  
5.9879707e-05  4.3106227e-05  -0.00025433650  2.1743828e-05  3.4127016e-05  0.00012781673  6.9891791e-05  -6.7222417e-05  -0.00044508879  0.00030038844  -9.8397472e-05  3.2056914e-05  0.00055062916  -0.00025621043  -0.00024640249  -0.00051520418  3.6974218e-05  0.0000000   0.00069043467  0.00035414906  -0.00032805115  0.00017340620  -0.00062973644  -0.00036299590  3.1026407e-05  -9.9255313e-06  0.00016114741  -1.3702182e-06  1.1439426e-05  0.00014676058  0.00025433691  5.9879707e-05  4.3106227e-05  -0.00025433650  2.1743828e-05  3.4127016e-05  0.00012781673  6.9891791e-05  -6.7222417e-05  -0.00044508879  0.00030038844  -9.8397472e-05  3.2056914e-05  0.00055062916  -0.00025621043  -0.00024640249  -0.00051520418  3.6974218e-05  0.0000000   0.00069043467  0.00035414906  -0.00032805115  0.00017340620  -0.00062973644  -0.00036299590  3.1026407e-05  -9.9255313e-06  0.00016114741  -1.3702182e-06  1.1439426e-05  0.00014676058  0.00025433691  
-2.7020171e-05  -5.5430721e-05  -0.00018232185  9.9874432e-07  -0.00028946671  0.00011681701  -6.1917805e-05  6.4810592e-05  0.00014967612  -1.1497526e-05  -9.3851352e-06  3.5435664e-05  0.00066649825  3.9385815e-05  0.00017016287  0.00022856677  0.00032182051  -0.00069043467  0.0000000   1.2266843e-05  -5.3952239e-05  0.00080587775  6.6916010e-05  -0.00023051988  3.0983805e-05  2.6950583e-05  -0.00015292265  -1.7896711e-05  3.3557626e-05  -2.8548458e-05  -0.00017345290  -2.7020171e-05  -5.5430721e-05  -0.00018232185  9.9874432e-07  -0.00028946671  0.00011681701  -6.1917805e-05  6.4810592e-05  0.00014967612  -1.1497526e-05  -9.3851352e-06  3.5435664e-05  0.00066649825  3.9385815e-05  0.00017016287  0.00022856677  0.00032182051  -0.00069043467  0.0000000   1.2266843e-05  -5.3952239e-05  0.00080587775  6.6916010e-05  -0.00023051988  3.0983805e-05  2.6950583e-05  -0.00015292265  -1.7896711e-05  3.3557626e-05  -2.8548458e-05  -0.00017345290  
6.7444324e-05  0.00022740913  -2.2531441e-05  -5.4639449e-05  -5.0402320e-05  3.4865019e-05  0.00029603903  -8.8842530e-05  3.8158739e-05  2.5455363e-05  7.9258341e-05  -0.00041924115  0.00012730914  0.00035020571  2.7238814e-06  5.9133143e-05  -0.0011234079  -0.00035414906  -1.2266843e-05  0.0000000   1.6478268e-05  0.00036973414  0.00014702026  -1.6985151e-05  -7.5145531e-05  -3.5779058e-05  -4.1280420e-05  0.00018663981  -0.00022149991  -8.5181806e-06  -5.5387495e-05  6.7444324e-05  0.00022740913  -2.2531441e-05  -5.4639449e-05  -5.0402320e-05  3.4865019e-05  0.00029603903  -8.8842530e-05  3.8158739e-05  2.5455363e-05  7.9258341e-05  -0.00041924115  0.00012730914  0.00035020571  2.7238814e-06  5.9133143e-05  -0.0011234079  -0.00035414906  -1.2266843e-05  0.0000000   1.6478268e-05  0.00036973414  0.00014702026  -1.6985151e-05  -7.5145531e-05  -3.5779058e-05  -4.1280420e-05  0.00018663981  -0.00022149991  -8.5181806e-06  -5.5387495e-05  
3.6766552e-05  -4.2145847e-06  0.00029903417  -9.0531546e-06  0.00023356465  9.1311205e-05  2.9950788e-05  -2.3059787e-05  7.7216546e-05  0.00016167868  -8.2702789e-05  7.7016731e-06  -6.7496554e-05  6.7599004e-05  -0.00021555633  -4.8778545e-05  -0.00011429619  0.00032805115  5.3952239e-05  -1.6478268e-05  0.0000000   -0.0033263822  0.00026460086  0.00030831621  -3.9855089e-05  0.00018342138  0.00011235681  1.7391387e-05  -1.5928285e-06  0.00014162848  -0.00022204634  3.6766552e-05  -4.2145847e-06  0.00029903417  -9.0531546e-06  0.00023356465  9.1311205e-05  2.9950788e-05  -2.3059787e-05  7.7216546e-05  0.00016167868  -8.2702789e-05  7.7016731e-06  -6.7496554e-05  6.7599004e-05  -0.00021555633  -4.8778545e-05  -0.00011429619  0.00032805115  5.3952239e-05  -1.6478268e-05  0.0000000   -0.0033263822  0.00026460086  0.00030831621  -3.9855089e-05  0.00018342138  0.00011235681  1.7391387e-05  -1.5928285e-06  0.00014162848  -0.00022204634  
1.7726605e-05  1.0333840e-05  -0.00017131496  0.00044137950  0.00013489600  0.00035117480  1.6181369e-05  -2.8865806e-05  -0.00020598972  0.00016997584  -8.0381112e-05  -1.7343436e-05  0.00028495146  0.00010724751  0.00086114200  5.9694246e-05  -4.0239898e-05  -0.00017340620  -0.00080587775  -0.00036973414  0.0033263822  0.0000000   0.00081835322  -0.00081764695  7.1121709e-05  -0.00064404699  0.0010363538  0.00018263740  -4.8117125e-05  0.00041735159  -0.00021065664  1.7726605e-05  1.0333840e-05  -0.00017131496  0.00044137950  0.00013489600  0.00035117480  1.6181369e-05  -2.8865806e-05  -0.00020598972  0.00016997584  -8.0381112e-05  -1.7343436e-05  0.00028495146  0.00010724751  0.00086114200  5.9694246e-05  -4.0239898e-05  -0.00017340620  -0.00080587775  -0.00036973414  0.0033263822  0.0000000   0.00081835322  -0.00081764695  7.1121709e-05  -0.00064404699  0.0010363538  0.00018263740  -4.8117125e-05  0.00041735159  -0.00021065664  
2.4711809e-05  1.0939412e-05  -8.0618726e-05  -7.9440878e-06  -0.00015448918  -7.0055793e-05  4.6201300e-05  -2.7316546e-05  -0.00016726701  -3.6161592e-06  -1.8016150e-05  1.4450751e-06  3.7044897e-05  1.9984566e-05  0.00010524073  7.6892364e-05  -0.00016230006  0.00062973644  -6.6916010e-05  -0.00014702026  -0.00026460086  -0.00081835322  0.0000000   -0.0064997951  0.00042611894  0.00082348254  -5.9070044e-05  -1.5111747e-05  5.4020605e-05  -0.00041403867  7.1248156e-05  2.4711809e-05  1.0939412e-05  -8.0618726e-05  -7.9440878e-06  -0.00015448918  -7.0055793e-05  4.6201300e-05  -2.7316546e-05  -0.00016726701  -3.6161592e-06  -1.8016150e-05  1.4450751e-06  3.7044897e-05  1.9984566e-05  0.00010524073  7.6892364e-05  -0.00016230006  0.00062973644  -6.6916010e-05  -0.00014702026  -0.00026460086  -0.00081835322  0.0000000   -0.0064997951  0.00042611894  0.00082348254  -5.9070044e-05  -1.5111747e-05  5.4020605e-05  -0.00041403867  7.1248156e-05  
-4.6137435e-05  -1.8810674e-05  -1.6622831e-07  4.2444305e-05  -6.8747647e-05  0.00011540207  1.0876640e-05  -1.6567982e-05  -0.00023717626  0.00018357155  -0.00010779316  8.2496723e-06  0.00016062028  -9.3800373e-05  -0.00046067549  1.6537360e-05  6.9034346e-05  0.00036299590  0.00023051988  1.6985151e-05  -0.00030831621  0.00081764695  0.0064997951  0.0000000   0.00013877414  0.00065347066  0.00041592979  -1.5282254e-05  5.6099317e-05  -0.00036411813  0.00043758105  -4.6137435e-05  -1.8810674e-05  -1.6622831e-07  4.2444305e-05  -6.8747647e-05  0.00011540207  1.0876640e-05  -1.6567982e-05  -0.00023717626  0.00018357155  -0.00010779316  8.2496723e-06  0.00016062028  -9.3800373e-05  -0.00046067549  1.6537360e-05  6.9034346e-05  0.00036299590  0.00023051988  1.6985151e-05  -0.00030831621  0.00081764695  0.0064997951  0.0000000   0.00013877414  0.00065347066  0.00041592979  -1.5282254e-05  5.6099317e-05  -0.00036411813  0.00043758105  
-7.4074569e-05  2.5720357e-05  -1.2554601e-05  6.6258493e-06  -1.2306415e-05  -2.0894117e-05  2.7242218e-05  5.4487469e-05  1.3896259e-05  -2.7395106e-05  -2.8875159e-05  -2.8240863e-05  4.6435074e-06  -0.00034076206  2.4617482e-05  -0.00026815634  -0.00010850400  -3.1026407e-05  -3.0983805e-05  7.5145531e-05  3.9855089e-05  -7.1121709e-05  -0.00042611894  -0.00013877414  0.0000000   -8.5494548e-06  8.6400815e-06  -0.00030075186  0.00017294604  3.2578522e-05  9.2283869e-06  -7.4074569e-05  2.5720357e-05  -1.2554601e-05  6.6258493e-06  -1.2306415e-05  -2.0894117e-05  2.7242218e-05  5.4487469e-05  1.3896259e-05  -2.7395106e-05  -2.8875159e-05  -2.8240863e-05  4.6435074e-06  -0.00034076206  2.4617482e-05  -0.00026815634  -0.00010850400  -3.1026407e-05  -3.0983805e-05  7.5145531e-05  3.9855089e-05  -7.1121709e-05  -0.00042611894  -0.00013877414  0.0000000   -8.5494548e-06  8.6400815e-06  -0.00030075186  0.00017294604  3.2578522e-05  9.2283869e-06  
-3.0585578e-06  1.4717272e-05  3.1493975e-05  -0.00010283921  9.8726573e-05  -0.00015556603  -2.2432402e-05  -5.8418228e-06  -0.00025757426  9.7580864e-06  -1.4280642e-05  1.4777729e-05  -0.00013699580  -3.9458491e-05  2.6548832e-05  -4.4757789e-05  6.5936494e-06  9.9255313e-06  -2.6950583e-05  3.5779058e-05  -0.00018342138  0.00064404699  -0.00082348254  -0.00065347066  8.5494548e-06  0.0000000   -0.0011011064  -6.3464924e-05  -0.00015786146  0.00068292662  -0.00059379243  -3.0585578e-06  1.4717272e-05  3.1493975e-05  -0.00010283921  9.8726573e-05  -0.00015556603  -2.2432402e-05  -5.8418228e-06  -0.00025757426  9.7580864e-06  -1.4280642e-05  1.4777729e-05  -0.00013699580  -3.9458491e-05  2.6548832e-05  -4.4757789e-05  6.5936494e-06  9.9255313e-06  -2.6950583e-05  3.5779058e-05  -0.00018342138  0.00064404699  -0.00082348254  -0.00065347066  8.5494548e-06  0.0000000   -0.0011011064  -6.3464924e-05  -0.00015786146  0.00068292662  -0.00059379243  
5.0938938e-05  -2.8927226e-05  -8.6793701e-05  -1.4866852e-05  -4.8987889e-05  -5.3057433e-05  -2.9175468e-05  -7.6432496e-06  0.00010914984  -0.00021538496  7.9741084e-05  3.3491093e-05  -0.00037286211  5.1609915e-05  0.00015320706  -1.0603610e-05  -5.0144104e-05  -0.00016114741  0.00015292265  4.1280420e-05  -0.00011235681  -0.0010363538  5.9070044e-05  -0.00041592979  -8.6400815e-06  0.0011011064  0.0000000   -8.8973021e-05  0.00022013517  -0.00054214840  0.0014148472  5.0938938e-05  -2.8927226e-05  -8.6793701e-05  -1.4866852e-05  -4.8987889e-05  -5.3057433e-05  -2.9175468e-05  -7.6432496e-06  0.00010914984  -0.00021538496  7.9741084e-05  3.3491093e-05  -0.00037286211  5.1609915e-05  0.00015320706  -1.0603610e-05  -5.0144104e-05  -0.00016114741  0.00015292265  4.1280420e-05  -0.00011235681  -0.0010363538  5.9070044e-05  -0.00041592979  -8.6400815e-06  0.0011011064  0.0000000   -8.8973021e-05  0.00022013517  -0.00054214840  0.0014148472  
-9.8360686e-05  0.00015261397  -7.4661082e-08  -1.0291455e-05  3.0260084e-05  -1.1683045e-05  0.00017903266  -0.00010440305  9.6888158e-06  5.2598074e-06  8.6162910e-05  -0.00019796960  -3.7637810e-05  -0.00011570194  2.8300817e-05  0.00010896820  0.00019977785  1.3702182e-06  1.7896711e-05  -0.00018663981  -1.7391387e-05  -0.00018263740  1.5111747e-05  1.5282254e-05  0.00030075186  6.3464924e-05  8.8973021e-05  0.0000000   -0.00099205944  -7.9423645e-05  0.00022352261  -9.8360686e-05  0.00015261397  -7.4661082e-08  -1.0291455e-05  3.0260084e-05  -1.1683045e-05  0.00017903266  -0.00010440305  9.6888158e-06  5.2598074e-06  8.6162910e-05  -0.00019796960  -3.7637810e-05  -0.00011570194  2.8300817e-05  0.00010896820  0.00019977785  1.3702182e-06  1.7896711e-05  -0.00018663981  -1.7391387e-05  -0.00018263740  1.5111747e-05  1.5282254e-05  0.00030075186  6.3464924e-05  8.8973021e-05  0.0000000   -0.00099205944  -7.9423645e-05  0.00022352261  
8.2213194e-05  4.2395653e-05  -1.6285281e-06  -1.1955133e-05  5.6302912e-06  4.7249756e-05  -0.00014400455  0.00012986839  6.5299523e-06  -0.00012964693  -0.00029769084  3.1482249e-05  -5.2845175e-05  7.6783394e-05  4.3769897e-05  0.00017514724  -0.00027399664  -1.1439426e-05  -3.3557626e-05  0.00022149991  1.5928285e-06  4.8117125e-05  -5.4020605e-05  -5.6099317e-05  -0.00017294604  0.00015786146  -0.00022013517  0.00099205944  0.0000000   -0.00020268399  -0.00038428802  8.2213194e-05  4.2395653e-05  -1.6285281e-06  -1.1955133e-05  5.6302912e-06  4.7249756e-05  -0.00014400455  0.00012986839  6.5299523e-06  -0.00012964693  -0.00029769084  3.1482249e-05  -5.2845175e-05  7.6783394e-05  4.3769897e-05  0.00017514724  -0.00027399664  -1.1439426e-05  -3.3557626e-05  0.00022149991  1.5928285e-06  4.8117125e-05  -5.4020605e-05  -5.6099317e-05  -0.00017294604  0.00015786146  -0.00022013517  0.00099205944  0.0000000   -0.00020268399  -0.00038428802  
1.8087519e-05  -2.0953797e-05  -2.7833339e-05  -7.6872593e-05  -0.00015388120  -7.1360127e-05  -2.0695829e-05  2.4385178e-05  1.8368096e-05  2.7235771e-05  -5.6286101e-05  1.9138213e-05  0.00013792128  -6.3980498e-06  -0.00029197977  5.4542371e-05  -7.6680783e-06  -0.00014676058  2.8548458e-05  8.5181806e-06  -0.00014162848  -0.00041735159  0.00041403867  0.00036411813  -3.2578522e-05  -0.00068292662  0.00054214840  7.9423645e-05  0.00020268399  0.0000000   0.0037448071  1.8087519e-05  -2.0953797e-05  -2.7833339e-05  -7.6872593e-05  -0.00015388120  -7.1360127e-05  -2.0695829e-05  2.4385178e-05  1.8368096e-05  2.7235771e-05  -5.6286101e-05  1.9138213e-05  0.00013792128  -6.3980498e-06  -0.00029197977  5.4542371e-05  -7.6680783e-06  -0.00014676058  2.8548458e-05  8.5181806e-06  -0.00014162848  -0.00041735159  0.00041403867  0.00036411813  -3.2578522e-05  -0.00068292662  0.00054214840  7.9423645e-05  0.00020268399  0.0000000   0.0037448071  
-3.2636695e-06  4.2450712e-05  -0.00013650185  0.00012270624  -7.2829104e-05  -0.00015422371  -3.5310591e-06  2.2036430e-07  0.00013091477  1.1881592e-05  1.9601814e-05  -2.5684534e-05  -0.00015992102  1.7744133e-05  0.00035885844  9.6918855e-06  1.0433123e-05  -0.00025433691  0.00017345290  5.5387495e-05  0.00022204634  0.00021065664  -7.1248156e-05  -0.00043758105  -9.2283869e-06  0.00059379243  -0.0014148472  -0.00022352261  0.00038428802  -0.0037448071  0.0000000   -3.2636695e-06  4.2450712e-05  -0.00013650185  0.00012270624  -7.2829104e-05  -0.00015422371  -3.5310591e-06  2.2036430e-07  0.00013091477  1.1881592e-05  1.9601814e-05  -2.5684534e-05  -0.00015992102  1.7744133e-05  0.00035885844  9.6918855e-06  1.0433123e-05  -0.00025433691  0.00017345290  5.5387495e-05  0.00022204634  0.00021065664  -7.1248156e-05  -0.00043758105  -9.2283869e-06  0.00059379243  -0.0014148472  -0.00022352261  0.00038428802  -0.0037448071  0.0000000   
0.0000000   0.0013747870  -0.00019414930  1.5493490e-05  -0.00022605366  -8.6602503e-05  0.00094596277  0.00026294581  -1.7320409e-06  4.8853316e-05  2.9030308e-05  -0.00017764903  -7.1209883e-05  0.00019707665  -2.0624569e-05  7.0723772e-05  -0.00018180161  -5.9879707e-05  2.7020171e-05  -6.7444324e-05  -3.6766552e-05  -1.7726605e-05  -2.4711809e-05  4.6137435e-05  7.4074569e-05  3.0585578e-06  -5.0938938e-05  9.8360686e-05  -8.2213194e-05  -1.8087519e-05  3.2636695e-06  0.0000000   0.0013747870  -0.00019414930  1.5493490e-05  -0.00022605366  -8.6602503e-05  0.00094596277  0.00026294581  -1.7320409e-06  4.8853316e-05  2.9030308e-05  -0.00017764903  -7.1209883e-05  0.00019707665  -2.0624569e-05  7.0723772e-05  -0.00018180161  -5.9879707e-05  2.7020171e-05  -6.7444324e-05  -3.6766552e-05  -1.7726605e-05  -2.4711809e-05  4.6137435e-05  7.4074569e-05  3.0585578e-06  -5.0938938e-05  9.8360686e-05  -8.2213194e-05  -1.8087519e-05  3.2636695e-06  
-0.0013747870  0.0000000   -3.7275756e-05  4.1222310e-06  -0.00010479968  -0.00018031055  0.0010294241  -0.00045239880  2.5214600e-05  0.00025464125  0.00064735960  -0.00028604017  6.0185383e-06  2.1049821e-05  -2.8594552e-05  -2.0074906e-05  -0.00019097369  -4.3106227e-05  5.5430721e-05  -0.00022740913  4.2145847e-06  -1.0333840e-05  -1.0939412e-05  1.8810674e-05  -2.5720357e-05  -1.4717272e-05  2.8927226e-05  -0.00015261397  -4.2395653e-05  2.0953797e-05  -4.2450712e-05  -0.0013747870  0.0000000   -3.7275756e-05  4.1222310e-06  -0.00010479968  -0.00018031055  0.0010294241  -0.00045239880  2.5214600e-05  0.00025464125  0.00064735960  -0.00028604017  6.0185383e-06  2.1049821e-05  -2.8594552e-05  -2.0074906e-05  -0.00019097369  -4.3106227e-05  5.5430721e-05  -0.00022740913  4.2145847e-06  -1.0333840e-05  -1.0939412e-05  1.8810674e-05  -2.5720357e-05  -1.4717272e-05  2.8927226e-05  -0.00015261397  -4.2395653e-05  2.0953797e-05  -4.2450712e-05  
0.00019414930  3.7275756e-05  0.0000000   0.0021981130  0.0030035188  0.00043021277  0.00018352865  -0.00016581837  2.3293458e-05  -0.00026361758  9.9254059e-05  0.00010833822  -0.00018428446  -1.5487075e-06  -0.00017434747  -1.3527248e-05  -3.6677660e-05  0.00025433650  0.00018232185  2.2531441e-05  -0.00029903417  0.00017131496  8.0618726e-05  1.6622831e-07  1.2554601e-05  -3.1493975e-05  8.6793701e-05  7.4661082e-08  1.6285281e-06  2.7833339e-05  0.00013650185  0.00019414930  3.7275756e-05  0.0000000   0.0021981130  0.0030035188  0.00043021277  0.00018352865  -0.00016581837  2.3293458e-05  -0.00026361758  9.9254059e-05  0.00010833822  -0.00018428446  -1.5487075e-06  -0.00017434747  -1.3527248e-05  -3.6677660e-05  0.00025433650  0.00018232185  2.2531441e-05  -0.00029903417  0.00017131496  8.0618726e-05  1.6622831e-07  1.2554601e-05  -3.1493975e-05  8.6793701e-05  7.4661082e-08  1.6285281e-06  2.7833339e-05  0.00013650185  
-1.5493490e-05  -4.1222310e-06  -0.0021981130  0.0000000   -0.0064996363  -0.00071756609  -0.00017556246  0.00031353571  0.00058303571  -0.00048879753  0.00016441108  -0.00016963123  -1.9426977e-05  -2.3898649e-05  -7.5218765e-05  -2.9418060e-05  1.6636668e-06  -2.1743828e-05  -9.9874432e-07  5.4639449e-05  9.0531546e-06  -0.00044137950  7.9440878e-06  -4.2444305e-05  -6.6258493e-06  0.00010283921  1.4866852e-05  1.0291455e-05  1.1955133e-05  7.6872593e-05  -0.00012270624  -1.5493490e-05  -4.1222310e-06  -0.0021981130  0.0000000   -0.0064996363  -0.00071756609  -0.00017556246  0.00031353571  0.00058303571  -0.00048879753  0.00016441108  -0.00016963123  -1.9426977e-05  -2.3898649e-05  -7.5218765e-05  -2.9418060e-05  1.6636668e-06  -2.1743828e-05  -9.9874432e-07  5.4639449e-05  9.0531546e-06  -0.00044137950  7.9440878e-06  -4.2444305e-05  -6.6258493e-06  0.00010283921  1.4866852e-05  1.0291455e-05  1.1955133e-05  7.6872593e-05  -0.00012270624  
0.00022605366  0.00010479968  -0.0030035188  0.0064996363  0.0000000   -0.0073644013  -0.00032275959  0.00036320384  0.0010736585  -0.00031920125  0.00025767239  5.9312828e-05  0.00041972780  -4.0733940e-05  -0.00038167087  6.8814217e-05  -1.4494814e-06  -3.4127016e-05  0.00028946671  5.0402320e-05  -0.00023356465  -0.00013489600  0.00015448918  6.8747647e-05  1.2306415e-05  -9.8726573e-05  4.8987889e-05  -3.0260084e-05  -5.6302912e-06  0.00015388120  7.2829104e-05  0.00022605366  0.00010479968  -0.0030035188  0.0064996363  0.0000000   -0.0073644013  -0.00032275959  0.00036320384  0.0010736585  -0.00031920125  0.00025767239  5.9312828e-05  0.00041972780  -4.0733940e-05  -0.00038167087  6.8814217e-05  -1.4494814e-06  -3.4127016e-05  0.00028946671  5.0402320e-05  -0.00023356465  -0.00013489600  0.00015448918  6.8747647e-05  1.2306415e-05  -9.8726573e-05  4.8987889e-05  -3.0260084e-05  -5.6302912e-06  0.00015388120  7.2829104e-05  
8.6602503e-05  0.00018031055  -0.00043021277  0.00071756609  0.0073644013  0.0000000   0.00034674379  0.00031965896  0.0014179367  -0.00048286445  0.00023839976  0.00014133942  0.00035356794  1.7532846e-05  -2.7202554e-05  -2.6622668e-05  6.5017584e-05  -0.00012781673  -0.00011681701  -3.4865019e-05  -9.1311205e-05  -0.00035117480  7.0055793e-05  -0.00011540207  2.0894117e-05  0.00015556603  5.3057433e-05  1.1683045e-05  -4.7249756e-05  7.1360127e-05  0.00015422371  8.6602503e-05  0.00018031055  -0.00043021277  0.00071756609  0.0073644013  0.0000000   0.00034674379  0.00031965896  0.0014179367  -0.00048286445  0.00023839976  0.00014133942  0.00035356794  1.7532846e-05  -2.7202554e-05  -2.6622668e-05  6.5017584e-05  -0.00012781673  -0.00011681701  -3.4865019e-05  -9.1311205e-05  -0.00035117480  7.0055793e-05  -0.00011540207  2.0894117e-05  0.00015556603  5.3057433e-05  1.1683045e-05  -4.7249756e-05  7.1360127e-05  0.00015422371  
-0.00094596277  -0.0010294241  -0.00018352865  0.00017556246  0.00032275959  -0.00034674379  0.0000000   -0.0041731824  0.00035142604  -0.00012544274  -0.00031907249  0.00057143625  8.4208961e-05  6.5916899e-05  -1.6785969e-05  -6.7786841e-05  -0.00021130108  -6.9891791e-05  6.1917805e-05  -0.00029603903  -2.9950788e-05  -1.6181369e-05  -4.6201300e-05  -1.0876640e-05  -2.7242218e-05  2.2432402e-05  2.9175468e-05  -0.00017903266  0.00014400455  2.0695829e-05  3.5310591e-06  -0.00094596277  -0.0010294241  -0.00018352865  0.00017556246  0.00032275959  -0.00034674379  0.0000000   -0.0041731824  0.00035142604  -0.00012544274  -0.00031907249  0.00057143625  8.4208961e-05  6.5916899e-05  -1.6785969e-05  -6.7786841e-05  -0.00021130108  -6.9891791e-05  6.1917805e-05  -0.00029603903  -2.9950788e-05  -1.6181369e-05  -4.6201300e-05  -1.0876640e-05  -2.7242218e-05  2.2432402e-05  2.9175468e-05  -0.00017903266  0.00014400455  2.0695829e-05  3.5310591e-06  
-0.00026294581  0.00045239880  0.00016581837  -0.00031353571  -0.00036320384  -0.00031965896  0.0041731824  0.0000000   -9.3572512e-05  -1.5076166e-05  -0.00029795380  0.00038839680  3.0406379e-05  0.00047175385  2.8330302e-05  0.00014023055  0.00053212813  6.7222417e-05  -6.4810592e-05  8.8842530e-05  2.3059787e-05  2.8865806e-05  2.7316546e-05  1.6567982e-05  -5.4487469e-05  5.8418228e-06  7.6432496e-06  0.00010440305  -0.00012986839  -2.4385178e-05  -2.2036430e-07  -0.00026294581  0.00045239880  0.00016581837  -0.00031353571  -0.00036320384  -0.00031965896  0.0041731824  0.0000000   -9.3572512e-05  -1.5076166e-05  -0.00029795380  0.00038839680  3.0406379e-05  0.00047175385  2.8330302e-05  0.00014023055  0.00053212813  6.7222417e-05  -6.4810592e-05  8.8842530e-05  2.3059787e-05  2.8865806e-05  2.7316546e-05  1.6567982e-05  -5.4487469e-05  5.8418228e-06  7.6432496e-06  0.00010440305  -0.00012986839  -2.4385178e-05  -2.2036430e-07  
1.7320409e-06  -2.5214600e-05  -2.3293458e-05  -0.00058303571  -0.0010736585  -0.0014179367  -0.00035142604  9.3572512e-05  0.0000000   0.00057060802  -0.00022381970  -4.9461540e-05  0.00074416139  -6.9685791e-05  -0.00027795459  3.7676004e-05  -2.8356417e-05  0.00044508879  -0.00014967612  -3.8158739e-05  -7.7216546e-05  0.00020598972  0.00016726701  0.00023717626  -1.3896259e-05  0.00025757426  -0.00010914984  -9.6888158e-06  -6.5299523e-06  -1.8368096e-05  -0.00013091477  1.7320409e-06  -2.5214600e-05  -2.3293458e-05  -0.00058303571  -0.0010736585  -0.0014179367  -0.00035142604  9.3572512e-05  0.0000000   0.00057060802  -0.00022381970  -4.9461540e-05  0.00074416139  -6.9685791e-05  -0.00027795459  3.7676004e-05  -2.8356417e-05  0.00044508879  -0.00014967612  -3.8158739e-05  -7.7216546e-05  0.00020598972  0.00016726701  0.00023717626  -1.3896259e-05  0.00025757426  -0.00010914984  -9.6888158e-06  -6.5299523e-06  -1.8368096e-05  -0.00013091477  
-4.8853316e-05  -0.00025464125  0.00026361758  0.00048879753  0.00031920125  0.00048286445  0.00012544274  1.5076166e-05  -0.00057060802  0.0000000   -2.8770166e-06  0.00012162457  0.00054765652  -9.5621239e-06  -0.00072313583  0.00017371256  -2.2063244e-05  -0.00030038844  1.1497526e-05  -2.5455363e-05  -0.00016167868  -0.00016997584  3.6161592e-06  -0.00018357155  2.7395106e-05  -9.7580864e-06  0.00021538496  -5.2598074e-06  0.00012964693  -2.7235771e-05  -1.1881592e-05  -4.8853316e-05  -0.00025464125  0.00026361758  0.00048879753  0.00031920125  0.00048286445  0.00012544274  1.5076166e-05  -0.00057060802  0.0000000   -2.8770166e-06  0.00012162457  0.00054765652  -9.5621239e-06  -0.00072313583  0.00017371256  -2.2063244e-05  -0.00030038844  1.1497526e-05  -2.5455363e-05  -0.00016167868  -0.00016997584  3.6161592e-06  -0.00018357155  2.7395106e-05  -9.7580864e-06  0.00021538496  -5.2598074e-06  0.00012964693  -2.7235771e-05  -1.1881592e-05  
-2.9030308e-05  -0.00064735960  -9.9254059e-05  -0.00016441108  -0.00025767239  -0.00023839976  0.00031907249  0.00029795380  0.00022381970  2.8770166e-06  0.0000000   0.00029271114  -0.00024047509  8.8605098e-05  0.00027865055  0.00050798134  -0.00020630990  9.8397472e-05  9.3851352e-06  -7.9258341e-05  8.2702789e-05  8.0381112e-05  1.8016150e-05  0.00010779316  2.8875159e-05  1.4280642e-05  -7.9741084e-05  -8.6162910e-05  0.00029769084  5.6286101e-05  -1.9601814e-05  -2.9030308e-05  -0.00064735960  -9.9254059e-05  -0.00016441108  -0.00025767239  -0.00023839976  0.00031907249  0.00029795380  0.00022381970  2.8770166e-06  0.0000000   0.00029271114  -0.00024047509  8.8605098e-05  0.00027865055  0.00050798134  -0.00020630990  9.8397472e-05  9.3851352e-06  -7.9258341e-05  8.2702789e-05  8.0381112e-05  1.8016150e-05  0.00010779316  2.8875159e-05  1.4280642e-05  -7.9741084e-05  -8.6162910e-05  0.00029769084  5.6286101e-05  -1.9601814e-05  
