0.0000000   0.0067142603  0.00066753673  -0.0018829995  -0.0010145088  0.00015802116  -0.00011855133  -6.4177293e-05  9.3218338e-05  6.5816456e-05  7.5232518e-05  -3.0664015e-05  0.00011534849  0.00013785326  3.8232031e-05  3.7182128e-05  -1.7904983e-05  0.00013044621  -4.7280228e-05  -3.1570662e-05  6.2393712e-06  3.4093911e-05  1.2381376e-05  2.2026827e-06  0.00013815668  7.9399081e-05  -0.00010589191  -0.00016633001  0.00010828564  -4.4352970e-05  -3.8591028e-05  0.0000000   0.0067142603  0.00066753673  -0.0018829995  -0.0010145088  0.00015802116  -0.00011855133  -6.4177293e-05  9.3218338e-05  6.5816456e-05  7.5232518e-05  -3.0664015e-05  0.00011534849  0.00013785326  3.8232031e-05  3.7182128e-05  -1.7904983e-05  0.00013044621  -4.7280228e-05  -3.1570662e-05  6.2393712e-06  3.4093911e-05  1.2381376e-05  2.2026827e-06  0.00013815668  7.9399081e-05  -0.00010589191  -0.00016633001  0.00010828564  -4.4352970e-05  -3.8591028e-05  
-0.0067142603  0.0000000   -0.00097646275  0.00048752788  0.00044195485  -0.00017125863  -2.2408359e-05  3.4758098e-05  -5.4700510e-05  -5.7571278e-05  8.6998340e-06  7.0217638e-05  8.9625528e-06  1.3643547e-06  0.00013946725  -1.0400069e-05  1.8298369e-05  0.00015845620  2.9757555e-05  1.5982116e-05  3.0068057e-05  -1.3399262e-05  -9.4154452e-06  -1.3098349e-05  5.5620136e-05  4.0440586e-05  0.00013304134  -8.2990521e-05  1.9676840e-05  3.6394217e-05  -3.3141063e-05  -0.0067142603  0.0000000   -0.00097646275  0.00048752788  0.00044195485  -0.00017125863  -2.2408359e-05  3.4758098e-05  -5.4700510e-05  -5.7571278e-05  8.6998340e-06  7.0217638e-05  8.9625528e-06  1.3643547e-06  0.00013946725  -1.0400069e-05  1.8298369e-05  0.00015845620  2.9757555e-05  1.5982116e-05  3.0068057e-05  -1.3399262e-05  -9.4154452e-06  -1.3098349e-05  5.5620136e-05  4.0440586e-05  0.00013304134  -8.2990521e-05  1.9676840e-05  3.6394217e-05  -3.3141063e-05  
-0.00066753673  0.00097646275  0.0000000   0.0053764026  0.0012270495  -0.00017641415  0.00010333560  0.00015862458  -6.9320859e-05  -2.7032650e-05  5.1526168e-05  1.9401991e-05  7.3124021e-05  -0.00011719515  0.00012992215  -4.6230693e-05  2.0085207e-05  -0.00010884905  -6.6855521e-05  3.7555350e-05  -4.7535033e-05  -1.2187192e-05  -1.7308659e-05  -1.9160447e-05  4.1145384e-05  -8.2590240e-05  9.3449000e-05  2.5215778e-05  -8.9115683e-05  -2.3443883e-05  -1.8260256e-05  -0.00066753673  0.00097646275  0.0000000   0.0053764026  0.0012270495  -0.00017641415  0.00010333560  0.00015862458  -6.9320859e-05  -2.7032650e-05  5.1526168e-05  1.9401991e-05  7.3124021e-05  -0.00011719515  0.00012992215  -4.6230693e-05  2.0085207e-05  -0.00010884905  -6.6855521e-05  3.7555350e-05  -4.7535033e-05  -1.2187192e-05  -1.7308659e-05  -1.9160447e-05  4.1145384e-05  -8.2590240e-05  9.3449000e-05  2.5215778e-05  -8.9115683e-05  -2.3443883e-05  -1.8260256e-05  
0.0018829995  -0.00048752788  -0.0053764026  0.0000000   -0.00069072145  6.2606015e-05  8.5091128e-06  -1.7446633e-05  -5.4034585e-05  -1.8532405e-05  2.5509106e-05  7.2672310e-06  4.9067059e-05  -8.9127897e-05  -0.00022904265  -1.7813494e-05  -6.0285080e-05  -0.00012931019  9.5896666e-05  -6.5481299e-05  -4.2893167e-05  -1.7792836e-05  -9.3818456e-06  2.3596188e-05  -6.4292524e-05  -7.3398257e-05  -0.00012150388  0.00014693881  2.9986093e-05  1.0021395e-05  -7.9047401e-05  0.0018829995  -0.00048752788  -0.0053764026  0.0000000   -0.00069072145  6.2606015e-05  8.5091128e-06  -1.7446633e-05  -5.4034585e-05  -1.8532405e-05  2.5509106e-05  7.2672310e-06  4.9067059e-05  -8.9127897e-05  -0.00022904265  -1.7813494e-05  -6.0285080e-05  -0.00012931019  9.5896666e-05  -6.5481299e-05  -4.2893167e-05  -1.7792836e-05  -9.3818456e-06  2.3596188e-05  -6.4292524e-05  -7.3398257e-05  -0.00012150388  0.00014693881  2.9986093e-05  1.0021395e-05  -7.9047401e-05  
0.0010145088  -0.00044195485  -0.0012270495  0.00069072145  0.0000000   4.5757415e-05  5.7694899e-05  3.7627278e-05  -1.9481995e-05  7.5555611e-06  -7.4678120e-05  2.6604540e-05  0.00030895192  -0.00026198679  0.00021565838  -2.3006343e-05  -1.9179107e-05  0.00017686810  -1.6371074e-05  -1.7510456e-05  -4.4319592e-05  2.6944370e-06  -1.6974577e-05  -7.4853620e-06  2.4818529e-05  -0.00017187724  -0.00014697370  -6.5788671e-05  5.9652339e-06  6.1145232e-06  -5.9909722e-05  0.0010145088  -0.00044195485  -0.0012270495  0.00069072145  0.0000000   4.5757415e-05  5.7694899e-05  3.7627278e-05  -1.9481995e-05  7.5555611e-06  -7.4678120e-05  2.6604540e-05  0.00030895192  -0.00026198679  0.00021565838  -2.3006343e-05  -1.9179107e-05  0.00017686810  -1.6371074e-05  -1.7510456e-05  -4.4319592e-05  2.6944370e-06  -1.6974577e-05  -7.4853620e-06  2.4818529e-05  -0.00017187724  -0.00014697370  -6.5788671e-05  5.9652339e-06  6.1145232e-06  -5.9909722e-05  
-0.00015802116  0.00017125863  0.00017641415  -6.2606015e-05  -4.5757415e-05  0.0000000   0.00078236895  0.00075485328  -0.00067149979  -4.0978395e-05  0.00052208580  -6.9464453e-05  -4.4781454e-05  2.4594589e-05  1.1441796e-05  -0.00018049907  -2.7528825e-06  -4.7308225e-06  -2.7947036e-06  -0.00010943643  -0.00021474262  -4.0342735e-05  8.7304718e-05  -0.00010544527  4.4579429e-06  2.2002495e-05  -1.5683841e-06  -2.6419539e-05  6.6455739e-06  1.9525362e-06  -1.8726470e-05  -0.00015802116  0.00017125863  0.00017641415  -6.2606015e-05  -4.5757415e-05  0.0000000   0.00078236895  0.00075485328  -0.00067149979  -4.0978395e-05  0.00052208580  -6.9464453e-05  -4.4781454e-05  2.4594589e-05  1.1441796e-05  -0.00018049907  -2.7528825e-06  -4.7308225e-06  -2.7947036e-06  -0.00010943643  -0.00021474262  -4.0342735e-05  8.7304718e-05  -0.00010544527  4.4579429e-06  2.2002495e-05  -1.5683841e-06  -2.6419539e-05  6.6455739e-06  1.9525362e-06  -1.8726470e-05  
0.00011855133  2.2408359e-05  -0.00010333560  -8.5091128e-06  -5.7694899e-05  -0.00078236895  0.0000000   -0.00027323162  -0.00094300689  -5.2594722e-05  -7.6787370e-05  6.5345475e-05  2.6944744e-05  6.7274508e-06  -4.0708801e-06  -0.00015596543  0.00015454232  1.3230683e-05  4.5435822e-06  8.9944583e-05  0.00018270187  -0.00014219024  0.00027096198  0.00016768295  -1.0390074e-05  -1.4618502e-05  2.0861065e-05  3.7849239e-05  2.0494930e-06  -9.4528168e-07  4.9808638e-05  0.00011855133  2.2408359e-05  -0.00010333560  -8.5091128e-06  -5.7694899e-05  -0.00078236895  0.0000000   -0.00027323162  -0.00094300689  -5.2594722e-05  -7.6787370e-05  6.5345475e-05  2.6944744e-05  6.7274508e-06  -4.0708801e-06  -0.00015596543  0.00015454232  1.3230683e-05  4.5435822e-06  8.9944583e-05  0.00018270187  -0.00014219024  0.00027096198  0.00016768295  -1.0390074e-05  -1.4618502e-05  2.0861065e-05  3.7849239e-05  2.0494930e-06  -9.4528168e-07  4.9808638e-05  
6.4177293e-05  -3.4758098e-05  -0.00015862458  1.7446633e-05  -3.7627278e-05  -0.00075485328  0.00027323162  0.0000000   0.0022174180  0.00011941833  -0.00083447089  -2.5552238e-05  6.4625365e-05  1.2747893e-06  -3.9025703e-05  -0.00028043976  0.00041217965  1.0065376e-06  -4.5707981e-06  -4.8485093e-05  0.00037703467  -0.00019666848  -0.00011170847  -3.5065784e-05  6.1517691e-06  -1.0142534e-05  3.8943631e-05  1.6068048e-05  -2.1988305e-06  -5.0261325e-06  4.8011078e-05  6.4177293e-05  -3.4758098e-05  -0.00015862458  1.7446633e-05  -3.7627278e-05  -0.00075485328  0.00027323162  0.0000000   0.0022174180  0.00011941833  -0.00083447089  -2.5552238e-05  6.4625365e-05  1.2747893e-06  -3.9025703e-05  -0.00028043976  0.00041217965  1.0065376e-06  -4.5707981e-06  -4.8485093e-05  0.00037703467  -0.00019666848  -0.00011170847  -3.5065784e-05  6.1517691e-06  -1.0142534e-05  3.8943631e-05  1.6068048e-05  -2.1988305e-06  -5.0261325e-06  4.8011078e-05  
-9.3218338e-05  5.4700510e-05  6.9320859e-05  5.4034585e-05  1.9481995e-05  0.00067149979  0.00094300689  -0.0022174180  0.0000000   1.1697120e-05  -0.00057037903  0.00059107531  9.7889212e-05  -2.5633452e-06  -5.9714296e-06  -0.00012939562  -9.0827591e-05  1.3819909e-05  3.0037127e-05  0.00016649342  -0.00015629612  -0.00017345530  -8.0785988e-05  5.7697335e-05  -1.2130190e-05  1.1372848e-05  2.2484659e-05  -1.7276892e-05  1.7016556e-06  -1.2326647e-05  3.1107653e-05  -9.3218338e-05  5.4700510e-05  6.9320859e-05  5.4034585e-05  1.9481995e-05  0.00067149979  0.00094300689  -0.0022174180  0.0000000   1.1697120e-05  -0.00057037903  0.00059107531  9.7889212e-05  -2.5633452e-06  -5.9714296e-06  -0.00012939562  -9.0827591e-05  1.3819909e-05  3.0037127e-05  0.00016649342  -0.00015629612  -0.00017345530  -8.0785988e-05  5.7697335e-05  -1.2130190e-05  1.1372848e-05  2.2484659e-05  -1.7276892e-05  1.7016556e-06  -1.2326647e-05  3.1107653e-05  
-6.5816456e-05  5.7571278e-05  2.7032650e-05  1.8532405e-05  -7.5555611e-06  4.0978395e-05  5.2594722e-05  -0.00011941833  -1.1697120e-05  0.0000000   -0.00013202552  3.0080870e-05  -0.00062039071  -0.00025871046  -9.0095082e-05  -1.8868998e-05  -1.1543769e-05  8.5678296e-05  -0.00027004372  5.9199829e-05  -5.3256382e-05  3.2223480e-06  -1.9287722e-05  3.4606335e-05  0.00010935193  1.0430514e-05  0.00017616728  -3.8904795e-05  3.2014832e-05  8.3609895e-05  -4.1669316e-06  -6.5816456e-05  5.7571278e-05  2.7032650e-05  1.8532405e-05  -7.5555611e-06  4.0978395e-05  5.2594722e-05  -0.00011941833  -1.1697120e-05  0.0000000   -0.00013202552  3.0080870e-05  -0.00062039071  -0.00025871046  -9.0095082e-05  -1.8868998e-05  -1.1543769e-05  8.5678296e-05  -0.00027004372  5.9199829e-05  -5.3256382e-05  3.2223480e-06  -1.9287722e-05  3.4606335e-05  0.00010935193  1.0430514e-05  0.00017616728  -3.8904795e-05  3.2014832e-05  8.3609895e-05  -4.1669316e-06  
-7.5232518e-05  -8.6998340e-06  -5.1526168e-05  -2.5509106e-05  7.4678120e-05  -0.00052208580  7.6787370e-05  0.00083447089  0.00057037903  0.00013202552  0.0000000   -0.0062380121  -0.00047528767  2.6534551e-05  4.2928847e-05  0.00085474064  2.6532360e-05  -3.8405257e-05  -5.9767790e-05  -0.00011270760  0.00014820608  6.4219030e-05  0.00022172525  0.00013317426  -1.4125813e-05  -7.3321351e-06  2.2944379e-06  -4.2913823e-06  1.2648049e-05  -2.5787322e-05  4.1283975e-05  -7.5232518e-05  -8.6998340e-06  -5.1526168e-05  -2.5509106e-05  7.4678120e-05  -0.00052208580  7.6787370e-05  0.00083447089  0.00057037903  0.00013202552  0.0000000   -0.0062380121  -0.00047528767  2.6534551e-05  4.2928847e-05  0.00085474064  2.6532360e-05  -3.8405257e-05  -5.9767790e-05  -0.00011270760  0.00014820608  6.4219030e-05  0.00022172525  0.00013317426  -1.4125813e-05  -7.3321351e-06  2.2944379e-06  -4.2913823e-06  1.2648049e-05  -2.5787322e-05  4.1283975e-05  
3.0664015e-05  -7.0217638e-05  -1.9401991e-05  -7.2672310e-06  -2.6604540e-05  6.9464453e-05  -6.5345475e-05  2.5552238e-05  -0.00059107531  -3.0080870e-05  0.0062380121  0.0000000   -0.00039801865  -2.6022311e-06  -1.1580672e-05  0.00020390289  0.00037757305  -1.2823926e-06  -9.6211626e-06  2.9469593e-05  0.00070705308  -0.00035720860  -0.00037549823  -0.00033600746  2.3317498e-05  -9.4337461e-06  2.8317892e-05  -2.0572971e-05  -1.0283967e-05  -1.4471299e-07  3.2398420e-05  3.0664015e-05  -7.0217638e-05  -1.9401991e-05  -7.2672310e-06  -2.6604540e-05  6.9464453e-05  -6.5345475e-05  2.5552238e-05  -0.00059107531  -3.0080870e-05  0.0062380121  0.0000000   -0.00039801865  -2.6022311e-06  -1.1580672e-05  0.00020390289  0.00037757305  -1.2823926e-06  -9.6211626e-06  2.9469593e-05  0.00070705308  -0.00035720860  -0.00037549823  -0.00033600746  2.3317498e-05  -9.4337461e-06  2.8317892e-05  -2.0572971e-05  -1.0283967e-05  -1.4471299e-07  3.2398420e-05  
-0.00011534849  -8.9625528e-06  -7.3124021e-05  -4.9067059e-05  -0.00030895192  4.4781454e-05  -2.6944744e-05  -6.4625365e-05  -9.7889212e-05  0.00062039071  0.00047528767  0.00039801865  0.0000000   0.00037606772  0.00051085980  -9.7068935e-06  -1.0523074e-05  -0.00056951323  0.00032105871  -6.5186345e-05  0.00010157696  -5.6502123e-05  -8.0416145e-07  -5.0039911e-05  -0.00036396876  0.00011189936  -0.00021438256  6.9794951e-05  -1.3691475e-06  -6.4641055e-05  9.0505060e-05  -0.00011534849  -8.9625528e-06  -7.3124021e-05  -4.9067059e-05  -0.00030895192  4.4781454e-05  -2.6944744e-05  -6.4625365e-05  -9.7889212e-05  0.00062039071  0.00047528767  0.00039801865  0.0000000   0.00037606772  0.00051085980  -9.7068935e-06  -1.0523074e-05  -0.00056951323  0.00032105871  -6.5186345e-05  0.00010157696  -5.6502123e-05  -8.0416145e-07  -5.0039911e-05  -0.00036396876  0.00011189936  -0.00021438256  6.9794951e-05  -1.3691475e-06  -6.4641055e-05  9.0505060e-05  
-0.00013785326  -1.3643547e-06  0.00011719515  8.9127897e-05  0.00026198679  -2.4594589e-05  -6.7274508e-06  -1.2747893e-06  2.5633452e-06  0.00025871046  -2.6534551e-05  2.6022311e-06  -0.00037606772  0.0000000   -0.0038928285  7.8410151e-05  4.3367369e-05  -0.00071330609  0.00030544557  -0.00010050786  -7.6354563e-05  -4.1842483e-05  8.3404739e-05  -6.8500885e-05  -0.00032495041  5.4072182e-05  -0.00012376681  0.00023256018  -9.5451064e-05  -0.00024321036  -4.1190521e-05  -0.00013785326  -1.3643547e-06  0.00011719515  8.9127897e-05  0.00026198679  -2.4594589e-05  -6.7274508e-06  -1.2747893e-06  2.5633452e-06  0.00025871046  -2.6534551e-05  2.6022311e-06  -0.00037606772  0.0000000   -0.0038928285  7.8410151e-05  4.3367369e-05  -0.00071330609  0.00030544557  -0.00010050786  -7.6354563e-05  -4.1842483e-05  8.3404739e-05  -6.8500885e-05  -0.00032495041  5.4072182e-05  -0.00012376681  0.00023256018  -9.5451064e-05  -0.00024321036  -4.1190521e-05  
-3.8232031e-05  -0.00013946725  -0.00012992215  0.00022904265  -0.00021565838  -1.1441796e-05  4.0708801e-06  3.9025703e-05  5.9714296e-06  9.0095082e-05  -4.2928847e-05  1.1580672e-05  -0.00051085980  0.0038928285  0.0000000   0.00012379317  -6.8473796e-05  0.00018510280  2.5201991e-07  0.00012358667  -0.00023047160  -2.5708457e-06  -1.9651055e-05  4.8141638e-05  0.00037866892  -6.1306495e-05  0.00013774310  1.1505185e-05  2.4240196e-05  0.00013708587  4.2223614e-05  -3.8232031e-05  -0.00013946725  -0.00012992215  0.00022904265  -0.00021565838  -1.1441796e-05  4.0708801e-06  3.9025703e-05  5.9714296e-06  9.0095082e-05  -4.2928847e-05  1.1580672e-05  -0.00051085980  0.0038928285  0.0000000   0.00012379317  -6.8473796e-05  0.00018510280  2.5201991e-07  0.00012358667  -0.00023047160  -2.5708457e-06  -1.9651055e-05  4.8141638e-05  0.00037866892  -6.1306495e-05  0.00013774310  1.1505185e-05  2.4240196e-05  0.00013708587  4.2223614e-05  
-3.7182128e-05  1.0400069e-05  4.6230693e-05  1.7813494e-05  2.3006343e-05  0.00018049907  0.00015596543  0.00028043976  0.00012939562  1.8868998e-05  -0.00085474064  -0.00020390289  9.7068935e-06  -7.8410151e-05  -0.00012379317  0.0000000   -0.0030929426  7.3392233e-05  -4.1105539e-05  0.00042258625  0.00022577160  -0.00033439653  0.00020712156  0.00065302298  -8.2771970e-05  -5.4482576e-06  -1.1762031e-06  2.1843508e-05  -1.8239771e-05  -1.1788096e-05  1.0424791e-05  -3.7182128e-05  1.0400069e-05  4.6230693e-05  1.7813494e-05  2.3006343e-05  0.00018049907  0.00015596543  0.00028043976  0.00012939562  1.8868998e-05  -0.00085474064  -0.00020390289  9.7068935e-06  -7.8410151e-05  -0.00012379317  0.0000000   -0.0030929426  7.3392233e-05  -4.1105539e-05  0.00042258625  0.00022577160  -0.00033439653  0.00020712156  0.00065302298  -8.2771970e-05  -5.4482576e-06  -1.1762031e-06  2.1843508e-05  -1.8239771e-05  -1.1788096e-05  1.0424791e-05  
1.7904983e-05  -1.8298369e-05  -2.0085207e-05  6.0285080e-05  1.9179107e-05  2.7528825e-06  -0.00015454232  -0.00041217965  9.0827591e-05  1.1543769e-05  -2.6532360e-05  -0.00037757305  1.0523074e-05  -4.3367369e-05  6.8473796e-05  0.0030929426  0.0000000   -7.4652897e-05  -8.6606332e-05  0.00051174519  0.00049315283  6.3092636e-05  0.00030782539  -1.1855586e-05  5.2421585e-05  -3.1786061e-05  2.6588164e-05  4.8917249e-05  1.5354856e-05  9.6562643e-06  -4.4438265e-05  1.7904983e-05  -1.8298369e-05  -2.0085207e-05  6.0285080e-05  1.9179107e-05  2.7528825e-06  -0.00015454232  -0.00041217965  9.0827591e-05  1.1543769e-05  -2.6532360e-05  -0.00037757305  1.0523074e-05  -4.3367369e-05  6.8473796e-05  0.0030929426  0.0000000   -7.4652897e-05  -8.6606332e-05  0.00051174519  0.00049315283  6.3092636e-05  0.00030782539  -1.1855586e-05  5.2421585e-05  -3.1786061e-05  2.6588164e-05  4.8917249e-05  1.5354856e-05  9.6562643e-06  -4.4438265e-05  
-0.00013044621  -0.00015845620  0.00010884905  0.00012931019  -0.00017686810  4.7308225e-06  -1.3230683e-05  -1.0065376e-06  -1.3819909e-05  -8.5678296e-05  3.8405257e-05  1.2823926e-06  0.00056951323  0.00071330609  -0.00018510280  -7.3392233e-05  7.4652897e-05  0.0000000   -0.0016752580  0.00019064167  -5.6746113e-05  6.6621728e-05  -3.2663734e-05  7.5138472e-05  0.00032849353  5.5958482e-05  -0.00017065621  -0.00015530054  0.00013188839  -0.00018418724  6.3631515e-05  -0.00013044621  -0.00015845620  0.00010884905  0.00012931019  -0.00017686810  4.7308225e-06  -1.3230683e-05  -1.0065376e-06  -1.3819909e-05  -8.5678296e-05  3.8405257e-05  1.2823926e-06  0.00056951323  0.00071330609  -0.00018510280  -7.3392233e-05  7.4652897e-05  0.0000000   -0.0016752580  0.00019064167  -5.6746113e-05  6.6621728e-05  -3.2663734e-05  7.5138472e-05  0.00032849353  5.5958482e-05  -0.00017065621  -0.00015530054  0.00013188839  -0.00018418724  6.3631515e-05  
4.7280228e-05  -2.9757555e-05  6.6855521e-05  -9.5896666e-05  1.6371074e-05  2.7947036e-06  -4.5435822e-06  4.5707981e-06  -3.0037127e-05  0.00027004372  5.9767790e-05  9.6211626e-06  -0.00032105871  -0.00030544557  -2.5201991e-07  4.1105539e-05  8.6606332e-05  0.0016752580  0.0000000   -0.00021687475  0.00063198875  3.9435020e-05  -7.8186628e-06  1.5819790e-05  -0.00033863477  -0.00036111001  -0.00028752202  0.00014927535  -0.00019183724  7.2754358e-05  5.0510340e-05  4.7280228e-05  -2.9757555e-05  6.6855521e-05  -9.5896666e-05  1.6371074e-05  2.7947036e-06  -4.5435822e-06  4.5707981e-06  -3.0037127e-05  0.00027004372  5.9767790e-05  9.6211626e-06  -0.00032105871  -0.00030544557  -2.5201991e-07  4.1105539e-05  8.6606332e-05  0.0016752580  0.0000000   -0.00021687475  0.00063198875  3.9435020e-05  -7.8186628e-06  1.5819790e-05  -0.00033863477  -0.00036111001  -0.00028752202  0.00014927535  -0.00019183724  7.2754358e-05  5.0510340e-05  
3.1570662e-05  -1.5982116e-05  -3.7555350e-05  6.5481299e-05  1.7510456e-05  0.00010943643  -8.9944583e-05  4.8485093e-05  -0.00016649342  -5.9199829e-05  0.00011270760  -2.9469593e-05  6.5186345e-05  0.00010050786  -0.00012358667  -0.00042258625  -0.00051174519  -0.00019064167  0.00021687475  0.0000000   0.0092705077  0.0018794695  -0.00059715224  0.00045830189  1.2800393e-05  1.2605397e-05  0.00010290877  -2.2305494e-05  3.6590935e-05  -2.4575616e-05  -3.0847445e-05  3.1570662e-05  -1.5982116e-05  -3.7555350e-05  6.5481299e-05  1.7510456e-05  0.00010943643  -8.9944583e-05  4.8485093e-05  -0.00016649342  -5.9199829e-05  0.00011270760  -2.9469593e-05  6.5186345e-05  0.00010050786  -0.00012358667  -0.00042258625  -0.00051174519  -0.00019064167  0.00021687475  0.0000000   0.0092705077  0.0018794695  -0.00059715224  0.00045830189  1.2800393e-05  1.2605397e-05  0.00010290877  -2.2305494e-05  3.6590935e-05  -2.4575616e-05  -3.0847445e-05  
-6.2393712e-06  -3.0068057e-05  4.7535033e-05  4.2893167e-05  4.4319592e-05  0.00021474262  -0.00018270187  -0.00037703467  0.00015629612  5.3256382e-05  -0.00014820608  -0.00070705308  -0.00010157696  7.6354563e-05  0.00023047160  -0.00022577160  -0.00049315283  5.6746113e-05  -0.00063198875  -0.0092705077  0.0000000   -0.0034623375  -0.00013441470  0.00063912008  -0.00010252350  -1.8691465e-05  3.3661599e-05  9.6228922e-05  -2.4336083e-05  -2.7432047e-05  0.00014640739  -6.2393712e-06  -3.0068057e-05  4.7535033e-05  4.2893167e-05  4.4319592e-05  0.00021474262  -0.00018270187  -0.00037703467  0.00015629612  5.3256382e-05  -0.00014820608  -0.00070705308  -0.00010157696  7.6354563e-05  0.00023047160  -0.00022577160  -0.00049315283  5.6746113e-05  -0.00063198875  -0.0092705077  0.0000000   -0.0034623375  -0.00013441470  0.00063912008  -0.00010252350  -1.8691465e-05  3.3661599e-05  9.6228922e-05  -2.4336083e-05  -2.7432047e-05  0.00014640739  
-3.4093911e-05  1.3399262e-05  1.2187192e-05  1.7792836e-05  -2.6944370e-06  4.0342735e-05  0.00014219024  0.00019666848  0.00017345530  -3.2223480e-06  -6.4219030e-05  0.00035720860  5.6502123e-05  4.1842483e-05  2.5708457e-06  0.00033439653  -6.3092636e-05  -6.6621728e-05  -3.9435020e-05  -0.0018794695  0.0034623375  0.0000000   0.0010005150  0.0010944313  -4.7506532e-05  2.6894382e-05  -1.2475929e-05  -5.2943006e-05  9.7387481e-06  -2.4595514e-05  2.5225710e-05  -3.4093911e-05  1.3399262e-05  1.2187192e-05  1.7792836e-05  -2.6944370e-06  4.0342735e-05  0.00014219024  0.00019666848  0.00017345530  -3.2223480e-06  -6.4219030e-05  0.00035720860  5.6502123e-05  4.1842483e-05  2.5708457e-06  0.00033439653  -6.3092636e-05  -6.6621728e-05  -3.9435020e-05  -0.0018794695  0.0034623375  0.0000000   0.0010005150  0.0010944313  -4.7506532e-05  2.6894382e-05  -1.2475929e-05  -5.2943006e-05  9.7387481e-06  -2.4595514e-05  2.5225710e-05  
-1.2381376e-05  9.4154452e-06  1.7308659e-05  9.3818456e-06  1.6974577e-05  -8.7304718e-05  -0.00027096198  0.00011170847  8.0785988e-05  1.9287722e-05  -0.00022172525  0.00037549823  8.0416145e-07  -8.3404739e-05  1.9651055e-05  -0.00020712156  -0.00030782539  3.2663734e-05  7.8186628e-06  0.00059715224  0.00013441470  -0.0010005150  0.0000000   0.0060392338  -0.00057779427  0.00014050695  -5.3419057e-05  3.4292632e-06  -5.0415331e-05  -5.1029022e-05  0.00018289104  -1.2381376e-05  9.4154452e-06  1.7308659e-05  9.3818456e-06  1.6974577e-05  -8.7304718e-05  -0.00027096198  0.00011170847  8.0785988e-05  1.9287722e-05  -0.00022172525  0.00037549823  8.0416145e-07  -8.3404739e-05  1.9651055e-05  -0.00020712156  -0.00030782539  3.2663734e-05  7.8186628e-06  0.00059715224  0.00013441470  -0.0010005150  0.0000000   0.0060392338  -0.00057779427  0.00014050695  -5.3419057e-05  3.4292632e-06  -5.0415331e-05  -5.1029022e-05  0.00018289104  
-2.2026827e-06  1.3098349e-05  1.9160447e-05  -2.3596188e-05  7.4853620e-06  0.00010544527  -0.00016768295  3.5065784e-05  -5.7697335e-05  -3.4606335e-05  -0.00013317426  0.00033600746  5.0039911e-05  6.8500885e-05  -4.8141638e-05  -0.00065302298  1.1855586e-05  -7.5138472e-05  -1.5819790e-05  -0.00045830189  -0.00063912008  -0.0010944313  -0.0060392338  0.0000000   -0.00027348948  -9.5547212e-05  -9.0788825e-06  -5.0342974e-05  2.6608002e-05  3.2246956e-05  4.8406147e-05  -2.2026827e-06  1.3098349e-05  1.9160447e-05  -2.3596188e-05  7.4853620e-06  0.00010544527  -0.00016768295  3.5065784e-05  -5.7697335e-05  -3.4606335e-05  -0.00013317426  0.00033600746  5.0039911e-05  6.8500885e-05  -4.8141638e-05  -0.00065302298  1.1855586e-05  -7.5138472e-05  -1.5819790e-05  -0.00045830189  -0.00063912008  -0.0010944313  -0.0060392338  0.0000000   -0.00027348948  -9.5547212e-05  -9.0788825e-06  -5.0342974e-05  2.6608002e-05  3.2246956e-05  4.8406147e-05  
-0.00013815668  -5.5620136e-05  -4.1145384e-05  6.4292524e-05  -2.4818529e-05  -4.4579429e-06  1.0390074e-05  -6.1517691e-06  1.2130190e-05  -0.00010935193  1.4125813e-05  -2.3317498e-05  0.00036396876  0.00032495041  -0.00037866892  8.2771970e-05  -5.2421585e-05  -0.00032849353  0.00033863477  -1.2800393e-05  0.00010252350  4.7506532e-05  0.00057779427  0.00027348948  0.0000000   -0.0016711088  -0.00030828305  -0.00022212900  0.00041363334  0.00024467154  -0.00033217108  -0.00013815668  -5.5620136e-05  -4.1145384e-05  6.4292524e-05  -2.4818529e-05  -4.4579429e-06  1.0390074e-05  -6.1517691e-06  1.2130190e-05  -0.00010935193  1.4125813e-05  -2.3317498e-05  0.00036396876  0.00032495041  -0.00037866892  8.2771970e-05  -5.2421585e-05  -0.00032849353  0.00033863477  -1.2800393e-05  0.00010252350  4.7506532e-05  0.00057779427  0.00027348948  0.0000000   -0.0016711088  -0.00030828305  -0.00022212900  0.00041363334  0.00024467154  -0.00033217108  
-7.9399081e-05  -4.0440586e-05  8.2590240e-05  7.3398257e-05  0.00017187724  -2.2002495e-05  1.4618502e-05  1.0142534e-05  -1.1372848e-05  -1.0430514e-05  7.3321351e-06  9.4337461e-06  -0.00011189936  -5.4072182e-05  6.1306495e-05  5.4482576e-06  3.1786061e-05  -5.5958482e-05  0.00036111001  -1.2605397e-05  1.8691465e-05  -2.6894382e-05  -0.00014050695  9.5547212e-05  0.0016711088  0.0000000   -0.0021005082  -0.00039355335  -0.00083786029  7.4944541e-05  0.00093486408  -7.9399081e-05  -4.0440586e-05  8.2590240e-05  7.3398257e-05  0.00017187724  -2.2002495e-05  1.4618502e-05  1.0142534e-05  -1.1372848e-05  -1.0430514e-05  7.3321351e-06  9.4337461e-06  -0.00011189936  -5.4072182e-05  6.1306495e-05  5.4482576e-06  3.1786061e-05  -5.5958482e-05  0.00036111001  -1.2605397e-05  1.8691465e-05  -2.6894382e-05  -0.00014050695  9.5547212e-05  0.0016711088  0.0000000   -0.0021005082  -0.00039355335  -0.00083786029  7.4944541e-05  0.00093486408  
0.00010589191  -0.00013304134  -9.3449000e-05  0.00012150388  0.00014697370  1.5683841e-06  -2.0861065e-05  -3.8943631e-05  -2.2484659e-05  -0.00017616728  -2.2944379e-06  -2.8317892e-05  0.00021438256  0.00012376681  -0.00013774310  1.1762031e-06  -2.6588164e-05  0.00017065621  0.00028752202  -0.00010290877  -3.3661599e-05  1.2475929e-05  5.3419057e-05  9.0788825e-06  0.00030828305  0.0021005082  0.0000000   -0.0086002661  -0.00026013366  -0.00011461437  -0.00021182812  0.00010589191  -0.00013304134  -9.3449000e-05  0.00012150388  0.00014697370  1.5683841e-06  -2.0861065e-05  -3.8943631e-05  -2.2484659e-05  -0.00017616728  -2.2944379e-06  -2.8317892e-05  0.00021438256  0.00012376681  -0.00013774310  1.1762031e-06  -2.6588164e-05  0.00017065621  0.00028752202  -0.00010290877  -3.3661599e-05  1.2475929e-05  5.3419057e-05  9.0788825e-06  0.00030828305  0.0021005082  0.0000000   -0.0086002661  -0.00026013366  -0.00011461437  -0.00021182812  
0.00016633001  8.2990521e-05  -2.5215778e-05  -0.00014693881  6.5788671e-05  2.6419539e-05  -3.7849239e-05  -1.6068048e-05  1.7276892e-05  3.8904795e-05  4.2913823e-06  2.0572971e-05  -6.9794951e-05  -0.00023256018  -1.1505185e-05  -2.1843508e-05  -4.8917249e-05  0.00015530054  -0.00014927535  2.2305494e-05  -9.6228922e-05  5.2943006e-05  -3.4292632e-06  5.0342974e-05  0.00022212900  0.00039355335  0.0086002661  0.0000000   0.00064542762  -0.00012577806  -0.00068340861  0.00016633001  8.2990521e-05  -2.5215778e-05  -0.00014693881  6.5788671e-05  2.6419539e-05  -3.7849239e-05  -1.6068048e-05  1.7276892e-05  3.8904795e-05  4.2913823e-06  2.0572971e-05  -6.9794951e-05  -0.00023256018  -1.1505185e-05  -2.1843508e-05  -4.8917249e-05  0.00015530054  -0.00014927535  2.2305494e-05  -9.6228922e-05  5.2943006e-05  -3.4292632e-06  5.0342974e-05  0.00022212900  0.00039355335  0.0086002661  0.0000000   0.00064542762  -0.00012577806  -0.00068340861  
-0.00010828564  -1.9676840e-05  8.9115683e-05  -2.9986093e-05  -5.9652339e-06  -6.6455739e-06  -2.0494930e-06  2.1988305e-06  -1.7016556e-06  -3.2014832e-05  -1.2648049e-05  1.0283967e-05  1.3691475e-06  9.5451064e-05  -2.4240196e-05  1.8239771e-05  -1.5354856e-05  -0.00013188839  0.00019183724  -3.6590935e-05  2.4336083e-05  -9.7387481e-06  5.0415331e-05  -2.6608002e-05  -0.00041363334  0.00083786029  0.00026013366  -0.00064542762  0.0000000   -0.0019196286  0.00016432022  -0.00010828564  -1.9676840e-05  8.9115683e-05  -2.9986093e-05  -5.9652339e-06  -6.6455739e-06  -2.0494930e-06  2.1988305e-06  -1.7016556e-06  -3.2014832e-05  -1.2648049e-05  1.0283967e-05  1.3691475e-06  9.5451064e-05  -2.4240196e-05  1.8239771e-05  -1.5354856e-05  -0.00013188839  0.00019183724  -3.6590935e-05  2.4336083e-05  -9.7387481e-06  5.0415331e-05  -2.6608002e-05  -0.00041363334  0.00083786029  0.00026013366  -0.00064542762  0.0000000   -0.0019196286  0.00016432022  
4.4352970e-05  -3.6394217e-05  2.3443883e-05  -1.0021395e-05  -6.1145232e-06  -1.9525362e-06  9.4528168e-07  5.0261325e-06  1.2326647e-05  -8.3609895e-05  2.5787322e-05  1.4471299e-07  6.4641055e-05  0.00024321036  -0.00013708587  1.1788096e-05  -9.6562643e-06  0.00018418724  -7.2754358e-05  2.4575616e-05  2.7432047e-05  2.4595514e-05  5.1029022e-05  -3.2246956e-05  -0.00024467154  -7.4944541e-05  0.00011461437  0.00012577806  0.0019196286  0.0000000   -0.00097842983  4.4352970e-05  -3.6394217e-05  2.3443883e-05  -1.0021395e-05  -6.1145232e-06  -1.9525362e-06  9.4528168e-07  5.0261325e-06  1.2326647e-05  -8.3609895e-05  2.5787322e-05  1.4471299e-07  6.4641055e-05  0.00024321036  -0.00013708587  1.1788096e-05  -9.6562643e-06  0.00018418724  -7.2754358e-05  2.4575616e-05  2.7432047e-05  2.4595514e-05  5.1029022e-05  -3.2246956e-05  -0.00024467154  -7.4944541e-05  0.00011461437  0.00012577806  0.0019196286  0.0000000   -0.00097842983  
3.8591028e-05  3.3141063e-05  1.8260256e-05  7.9047401e-05  5.9909722e-05  1.8726470e-05  -4.9808638e-05  -4.8011078e-05  -3.1107653e-05  4.1669316e-06  -4.1283975e-05  -3.2398420e-05  -9.0505060e-05  4.1190521e-05  -4.2223614e-05  -1.0424791e-05  4.4438265e-05  -6.3631515e-05  -5.0510340e-05  3.0847445e-05  -0.00014640739  -2.5225710e-05  -0.00018289104  -4.8406147e-05  0.00033217108  -0.00093486408  0.00021182812  0.00068340861  -0.00016432022  0.00097842983  0.0000000   3.8591028e-05  3.3141063e-05  1.8260256e-05  7.9047401e-05  5.9909722e-05  1.8726470e-05  -4.9808638e-05  -4.8011078e-05  -3.1107653e-05  4.1669316e-06  -4.1283975e-05  -3.2398420e-05  -9.0505060e-05  4.1190521e-05  -4.2223614e-05  -1.0424791e-05  4.4438265e-05  -6.3631515e-05  -5.0510340e-05  3.0847445e-05  -0.00014640739  -2.5225710e-05  -0.00018289104  -4.8406147e-05  0.00033217108  -0.00093486408  0.00021182812  0.00068340861  -0.00016432022  0.00097842983  0.0000000   
0.0000000   0.0067142603  0.00066753673  -0.0018829995  -0.0010145088  0.00015802116  -0.00011855133  -6.4177293e-05  9.3218338e-05  6.5816456e-05  7.5232518e-05  -3.0664015e-05  0.00011534849  0.00013785326  3.8232031e-05  3.7182128e-05  -1.7904983e-05  0.00013044621  -4.7280228e-05  -3.1570662e-05  6.2393712e-06  3.4093911e-05  1.2381376e-05  2.2026827e-06  0.00013815668  7.9399081e-05  -0.00010589191  -0.00016633001  0.00010828564  -4.4352970e-05  -3.8591028e-05  0.0000000   0.0067142603  0.00066753673  -0.0018829995  -0.0010145088  0.00015802116  -0.00011855133  -6.4177293e-05  9.3218338e-05  6.5816456e-05  7.5232518e-05  -3.0664015e-05  0.00011534849  0.00013785326  3.8232031e-05  3.7182128e-05  -1.7904983e-05  0.00013044621  -4.7280228e-05  -3.1570662e-05  6.2393712e-06  3.4093911e-05  1.2381376e-05  2.2026827e-06  0.00013815668  7.9399081e-05  -0.00010589191  -0.00016633001  0.00010828564  -4.4352970e-05  -3.8591028e-05  
-0.0067142603  0.0000000   -0.00097646275  0.00048752788  0.00044195485  -0.00017125863  -2.2408359e-05  3.4758098e-05  -5.4700510e-05  -5.7571278e-05  8.6998340e-06  7.0217638e-05  8.9625528e-06  1.3643547e-06  0.00013946725  -1.0400069e-05  1.8298369e-05  0.00015845620  2.9757555e-05  1.5982116e-05  3.0068057e-05  -1.3399262e-05  -9.4154452e-06  -1.3098349e-05  5.5620136e-05  4.0440586e-05  0.00013304134  -8.2990521e-05  1.9676840e-05  3.6394217e-05  -3.3141063e-05  -0.0067142603  0.0000000   -0.00097646275  0.00048752788  0.00044195485  -0.00017125863  -2.2408359e-05  3.4758098e-05  -5.4700510e-05  -5.7571278e-05  8.6998340e-06  7.0217638e-05  8.9625528e-06  1.3643547e-06  0.00013946725  -1.0400069e-05  1.8298369e-05  0.00015845620  2.9757555e-05  1.5982116e-05  3.0068057e-05  -1.3399262e-05  -9.4154452e-06  -1.3098349e-05  5.5620136e-05  4.0440586e-05  0.00013304134  -8.2990521e-05  1.9676840e-05  3.6394217e-05  -3.3141063e-05  
-0.00066753673  0.00097646275  0.0000000   0.0053764026  0.0012270495  -0.00017641415  0.00010333560  0.00015862458  -6.9320859e-05  -2.7032650e-05  5.1526168e-05  1.9401991e-05  7.3124021e-05  -0.00011719515  0.00012992215  -4.6230693e-05  2.0085207e-05  -0.00010884905  -6.6855521e-05  3.7555350e-05  -4.7535033e-05  -1.2187192e-05  -1.7308659e-05  -1.9160447e-05  4.1145384e-05  -8.2590240e-05  9.3449000e-05  2.5215778e-05  -8.9115683e-05  -2.3443883e-05  -1.8260256e-05  -0.00066753673  0.00097646275  0.0000000   0.0053764026  0.0012270495  -0.00017641415  0.00010333560  0.00015862458  -6.9320859e-05  -2.7032650e-05  5.1526168e-05  1.9401991e-05  7.3124021e-05  -0.00011719515  0.00012992215  -4.6230693e-05  2.0085207e-05  -0.00010884905  -6.6855521e-05  3.7555350e-05  -4.7535033e-05  -1.2187192e-05  -1.7308659e-05  -1.9160447e-05  4.1145384e-05  -8.2590240e-05  9.3449000e-05  2.5215778e-05  -8.9115683e-05  -2.3443883e-05  -1.8260256e-05  
0.0018829995  -0.00048752788  -0.0053764026  0.0000000   -0.00069072145  6.2606015e-05  8.5091128e-06  -1.7446633e-05  -5.4034585e-05  -1.8532405e-05  2.5509106e-05  7.2672310e-06  4.9067059e-05  -8.9127897e-05  -0.00022904265  -1.7813494e-05  -6.0285080e-05  -0.00012931019  9.5896666e-05  -6.5481299e-05  -4.2893167e-05  -1.7792836e-05  -9.3818456e-06  2.3596188e-05  -6.4292524e-05  -7.3398257e-05  -0.00012150388  0.00014693881  2.9986093e-05  1.0021395e-05  -7.9047401e-05  0.0018829995  -0.00048752788  -0.0053764026  0.0000000   -0.00069072145  6.2606015e-05  8.5091128e-06  -1.7446633e-05  -5.4034585e-05  -1.8532405e-05  2.5509106e-05  7.2672310e-06  4.9067059e-05  -8.9127897e-05  -0.00022904265  -1.7813494e-05  -6.0285080e-05  -0.00012931019  9.5896666e-05  -6.5481299e-05  -4.2893167e-05  -1.7792836e-05  -9.3818456e-06  2.3596188e-05  -6.4292524e-05  -7.3398257e-05  -0.00012150388  0.00014693881  2.9986093e-05  1.0021395e-05  -7.9047401e-05  
0.0010145088  -0.00044195485  -0.0012270495  0.00069072145  0.0000000   4.5757415e-05  5.7694899e-05  3.7627278e-05  -1.9481995e-05  7.5555611e-06  -7.4678120e-05  2.6604540e-05  0.00030895192  -0.00026198679  0.00021565838  -2.3006343e-05  -1.9179107e-05  0.00017686810  -1.6371074e-05  -1.7510456e-05  -4.4319592e-05  2.6944370e-06  -1.6974577e-05  -7.4853620e-06  2.4818529e-05  -0.00017187724  -0.00014697370  -6.5788671e-05  5.9652339e-06  6.1145232e-06  -5.9909722e-05  0.0010145088  -0.00044195485  -0.0012270495  0.00069072145  0.0000000   4.5757415e-05  5.7694899e-05  3.7627278e-05  -1.9481995e-05  7.5555611e-06  -7.4678120e-05  2.6604540e-05  0.00030895192  -0.00026198679  0.00021565838  -2.3006343e-05  -1.9179107e-05  0.00017686810  -1.6371074e-05  -1.7510456e-05  -4.4319592e-05  2.6944370e-06  -1.6974577e-05  -7.4853620e-06  2.4818529e-05  -0.00017187724  -0.00014697370  -6.5788671e-05  5.9652339e-06  6.1145232e-06  -5.9909722e-05  
-0.00015802116  0.00017125863  0.00017641415  -6.2606015e-05  -4.5757415e-05  0.0000000   0.00078236895  0.00075485328  -0.00067149979  -4.0978395e-05  0.00052208580  -6.9464453e-05  -4.4781454e-05  2.4594589e-05  1.1441796e-05  -0.00018049907  -2.7528825e-06  -4.7308225e-06  -2.7947036e-06  -0.00010943643  -0.00021474262  -4.0342735e-05  8.7304718e-05  -0.00010544527  4.4579429e-06  2.2002495e-05  -1.5683841e-06  -2.6419539e-05  6.6455739e-06  1.9525362e-06  -1.8726470e-05  -0.00015802116  0.00017125863  0.00017641415  -6.2606015e-05  -4.5757415e-05  0.0000000   0.00078236895  0.00075485328  -0.00067149979  -4.0978395e-05  0.00052208580  -6.9464453e-05  -4.4781454e-05  2.4594589e-05  1.1441796e-05  -0.00018049907  -2.7528825e-06  -4.7308225e-06  -2.7947036e-06  -0.00010943643  -0.00021474262  -4.0342735e-05  8.7304718e-05  -0.00010544527  4.4579429e-06  2.2002495e-05  -1.5683841e-06  -2.6419539e-05  6.6455739e-06  1.9525362e-06  -1.8726470e-05  
0.00011855133  2.2408359e-05  -0.00010333560  -8.5091128e-06  -5.7694899e-05  -0.00078236895  0.0000000   -0.00027323162  -0.00094300689  -5.2594722e-05  -7.6787370e-05  6.5345475e-05  2.6944744e-05  6.7274508e-06  -4.0708801e-06  -0.00015596543  0.00015454232  1.3230683e-05  4.5435822e-06  8.9944583e-05  0.00018270187  -0.00014219024  0.00027096198  0.00016768295  -1.0390074e-05  -1.4618502e-05  2.0861065e-05  3.7849239e-05  2.0494930e-06  -9.4528168e-07  4.9808638e-05  0.00011855133  2.2408359e-05  -0.00010333560  -8.5091128e-06  -5.7694899e-05  -0.00078236895  0.0000000   -0.00027323162  -0.00094300689  -5.2594722e-05  -7.6787370e-05  6.5345475e-05  2.6944744e-05  6.7274508e-06  -4.0708801e-06  -0.00015596543  0.00015454232  1.3230683e-05  4.5435822e-06  8.9944583e-05  0.00018270187  -0.00014219024  0.00027096198  0.00016768295  -1.0390074e-05  -1.4618502e-05  2.0861065e-05  3.7849239e-05  2.0494930e-06  -9.4528168e-07  4.9808638e-05  
6.4177293e-05  -3.4758098e-05  -0.00015862458  1.7446633e-05  -3.7627278e-05  -0.00075485328  0.00027323162  0.0000000   0.0022174180  0.00011941833  -0.00083447089  -2.5552238e-05  6.4625365e-05  1.2747893e-06  -3.9025703e-05  -0.00028043976  0.00041217965  1.0065376e-06  -4.5707981e-06  -4.8485093e-05  0.00037703467  -0.00019666848  -0.00011170847  -3.5065784e-05  6.1517691e-06  -1.0142534e-05  3.8943631e-05  1.6068048e-05  -2.1988305e-06  -5.0261325e-06  4.8011078e-05  6.4177293e-05  -3.4758098e-05  -0.00015862458  1.7446633e-05  -3.7627278e-05  -0.00075485328  0.00027323162  0.0000000   0.0022174180  0.00011941833  -0.00083447089  -2.5552238e-05  6.4625365e-05  1.2747893e-06  -3.9025703e-05  -0.00028043976  0.00041217965  1.0065376e-06  -4.5707981e-06  -4.8485093e-05  0.00037703467  -0.00019666848  -0.00011170847  -3.5065784e-05  6.1517691e-06  -1.0142534e-05  3.8943631e-05  1.6068048e-05  -2.1988305e-06  -5.0261325e-06  4.8011078e-05  
-9.3218338e-05  5.4700510e-05  6.9320859e-05  5.4034585e-05  1.9481995e-05  0.00067149979  0.00094300689  -0.0022174180  0.0000000   1.1697120e-05  -0.00057037903  0.00059107531  9.7889212e-05  -2.5633452e-06  -5.9714296e-06  -0.00012939562  -9.0827591e-05  1.3819909e-05  3.0037127e-05  0.00016649342  -0.00015629612  -0.00017345530  -8.0785988e-05  5.7697335e-05  -1.2130190e-05  1.1372848e-05  2.2484659e-05  -1.7276892e-05  1.7016556e-06  -1.2326647e-05  3.1107653e-05  -9.3218338e-05  5.4700510e-05  6.9320859e-05  5.4034585e-05  1.9481995e-05  0.00067149979  0.00094300689  -0.0022174180  0.0000000   1.1697120e-05  -0.00057037903  0.00059107531  9.7889212e-05  -2.5633452e-06  -5.9714296e-06  -0.00012939562  -9.0827591e-05  1.3819909e-05  3.0037127e-05  0.00016649342  -0.00015629612  -0.00017345530  -8.0785988e-05  5.7697335e-05  -1.2130190e-05  1.1372848e-05  2.2484659e-05  -1.7276892e-05  1.7016556e-06  -1.2326647e-05  3.1107653e-05  
-6.5816456e-05  5.7571278e-05  2.7032650e-05  1.8532405e-05  -7.5555611e-06  4.0978395e-05  5.2594722e-05  -0.00011941833  -1.1697120e-05  0.0000000   -0.00013202552  3.0080870e-05  -0.00062039071  -0.00025871046  -9.0095082e-05  -1.8868998e-05  -1.1543769e-05  8.5678296e-05  -0.00027004372  5.9199829e-05  -5.3256382e-05  3.2223480e-06  -1.9287722e-05  3.4606335e-05  0.00010935193  1.0430514e-05  0.00017616728  -3.8904795e-05  3.2014832e-05  8.3609895e-05  -4.1669316e-06  -6.5816456e-05  5.7571278e-05  2.7032650e-05  1.8532405e-05  -7.5555611e-06  4.0978395e-05  5.2594722e-05  -0.00011941833  -1.1697120e-05  0.0000000   -0.00013202552  3.0080870e-05  -0.00062039071  -0.00025871046  -9.0095082e-05  -1.8868998e-05  -1.1543769e-05  8.5678296e-05  -0.00027004372  5.9199829e-05  -5.3256382e-05  3.2223480e-06  -1.9287722e-05  3.4606335e-05  0.00010935193  1.0430514e-05  0.00017616728  -3.8904795e-05  3.2014832e-05  8.3609895e-05  -4.1669316e-06  
