0.0000000   0.0073795083  -0.00077318088  -0.00012411318  -3.1217716e-05  -0.00010318822  0.00057091285  0.00019254874  0.00013865882  -0.00031930925  0.00029985712  -0.00017564274  1.2302524e-05  9.6752017e-06  -4.5721757e-07  4.6126941e-05  2.7622175e-05  3.2276377e-05  6.5764286e-05  0.00011280959  7.4112954e-05  -0.00013844271  -2.6657929e-05  -1.0839243e-05  -8.2987112e-06  -1.3186184e-05  -1.5126785e-05  6.7368864e-05  -0.00010206172  -1.4607587e-05  9.5355491e-06  0.0000000   0.0073795083  -0.00077318088  -0.00012411318  -3.1217716e-05  -0.00010318822  0.00057091285  0.00019254874  0.00013865882  -0.00031930925  0.00029985712  -0.00017564274  1.2302524e-05  9.6752017e-06  -4.5721757e-07  4.6126941e-05  2.7622175e-05  3.2276377e-05  6.5764286e-05  0.00011280959  7.4112954e-05  -0.00013844271  -2.6657929e-05  -1.0839243e-05  -8.2987112e-06  -1.3186184e-05  -1.5126785e-05  6.7368864e-05  -0.00010206172  -1.4607587e-05  9.5355491e-06  
-0.0073795083  0.0000000   0.00038472244  0.0023767276  -0.0017916270  -0.00023495421  -0.0012185223  -0.00046941740  -1.4348086e-05  0.00018202637  -0.00015658272  0.00025588446  -2.0247331e-05  -1.0661851e-05  4.4636041e-06  -3.6339097e-07  -6.7786506e-05  0.00023842783  2.6581491e-06  4.1454889e-05  -9.2125756e-05  5.1302542e-05  1.5382561e-05  -4.1021388e-05  -2.3859600e-05  -1.7941216e-06  -1.2982858e-05  2.8172313e-06  3.1345476e-05  1.7232750e-05  -2.6165510e-05  -0.0073795083  0.0000000   0.00038472244  0.0023767276  -0.0017916270  -0.00023495421  -0.0012185223  -0.00046941740  -1.4348086e-05  0.00018202637  -0.00015658272  0.00025588446  -2.0247331e-05  -1.0661851e-05  4.4636041e-06  -3.6339097e-07  -6.7786506e-05  0.00023842783  2.6581491e-06  4.1454889e-05  -9.2125756e-05  5.1302542e-05  1.5382561e-05  -4.1021388e-05  -2.3859600e-05  -1.7941216e-06  -1.2982858e-05  2.8172313e-06  3.1345476e-05  1.7232750e-05  -2.6165510e-05  
0.00077318088  -0.00038472244  0.0000000   -0.00028776508  0.00062514160  -0.00072746655  0.00016054151  -0.0011419008  -0.00018830795  -9.8086201e-05  -2.8322763e-05  2.6125421e-05  -0.00028953288  -0.00020840506  0.00020599838  -0.00020085588  -4.1938678e-05  -7.1454490e-05  -0.00014465665  2.1456821e-06  -2.7550574e-05  8.3958324e-05  1.6790686e-05  -6.2455890e-05  -0.00015549122  0.00014775593  3.2803744e-05  3.1810346e-05  -3.6557447e-05  5.0444383e-05  -0.00021102663  0.00077318088  -0.00038472244  0.0000000   -0.00028776508  0.00062514160  -0.00072746655  0.00016054151  -0.0011419008  -0.00018830795  -9.8086201e-05  -2.8322763e-05  2.6125421e-05  -0.00028953288  -0.00020840506  0.00020599838  -0.00020085588  -4.1938678e-05  -7.1454490e-05  -0.00014465665  2.1456821e-06  -2.7550574e-05  8.3958324e-05  1.6790686e-05  -6.2455890e-05  -0.00015549122  0.00014775593  3.2803744e-05  3.1810346e-05  -3.6557447e-05  5.0444383e-05  -0.00021102663  
0.00012411318  -0.0023767276  0.00028776508  0.0000000   0.0011429952  0.00044350784  -0.0010044898  -6.2662119e-05  1.4249010e-05  -0.00018224969  -0.00013767233  0.00025325630  0.00010499549  7.9078543e-05  -0.00011299385  3.4029337e-05  -0.00012097536  -0.00025390392  8.6889331e-06  -0.00014565015  -0.00012432112  0.00017380600  8.1306126e-05  2.8631787e-05  6.1291076e-05  -4.0083200e-05  -9.8930635e-07  7.5380998e-05  -0.00011688636  -1.3551765e-05  7.8223297e-05  0.00012411318  -0.0023767276  0.00028776508  0.0000000   0.0011429952  0.00044350784  -0.0010044898  -6.2662119e-05  1.4249010e-05  -0.00018224969  -0.00013767233  0.00025325630  0.00010499549  7.9078543e-05  -0.00011299385  3.4029337e-05  -0.00012097536  -0.00025390392  8.6889331e-06  -0.00014565015  -0.00012432112  0.00017380600  8.1306126e-05  2.8631787e-05  6.1291076e-05  -4.0083200e-05  -9.8930635e-07  7.5380998e-05  -0.00011688636  -1.3551765e-05  7.8223297e-05  
3.1217716e-05  0.0017916270  -0.00062514160  -0.0011429952  0.0000000   -4.0593837e-06  0.0021600951  0.00076774718  0.00015327207  0.00012688926  0.00019664394  -0.00014967576  -3.8828628e-05  1.9637953e-05  3.5088658e-05  -1.1406243e-06  2.3695329e-06  -0.00011176447  6.2873064e-05  0.00012944534  -3.7558290e-05  0.00017511109  3.2894320e-05  -5.1570967e-06  -1.1729899e-05  1.7101879e-05  5.4387885e-07  6.7010163e-05  -0.00018052263  -7.7004132e-06  -4.2915053e-06  3.1217716e-05  0.0017916270  -0.00062514160  -0.0011429952  0.0000000   -4.0593837e-06  0.0021600951  0.00076774718  0.00015327207  0.00012688926  0.00019664394  -0.00014967576  -3.8828628e-05  1.9637953e-05  3.5088658e-05  -1.1406243e-06  2.3695329e-06  -0.00011176447  6.2873064e-05  0.00012944534  -3.7558290e-05  0.00017511109  3.2894320e-05  -5.1570967e-06  -1.1729899e-05  1.7101879e-05  5.4387885e-07  6.7010163e-05  -0.00018052263  -7.7004132e-06  -4.2915053e-06  
0.00010318822  0.00023495421  0.00072746655  -0.00044350784  4.0593837e-06  0.0000000   0.00096333817  -0.0022958765  -0.00089532364  2.5429766e-05  0.00011009277  6.1241878e-05  0.00026268945  -0.00018611855  -0.00047322253  -9.1079846e-05  3.9650600e-05  1.2637496e-05  -0.00011696075  2.2142326e-05  2.6491446e-05  -2.2692062e-05  -1.4580075e-05  9.6233632e-05  -9.1830092e-07  -0.00010932546  0.00021075374  5.1213627e-06  -4.1270526e-06  0.00010318766  -5.0242036e-05  0.00010318822  0.00023495421  0.00072746655  -0.00044350784  4.0593837e-06  0.0000000   0.00096333817  -0.0022958765  -0.00089532364  2.5429766e-05  0.00011009277  6.1241878e-05  0.00026268945  -0.00018611855  -0.00047322253  -9.1079846e-05  3.9650600e-05  1.2637496e-05  -0.00011696075  2.2142326e-05  2.6491446e-05  -2.2692062e-05  -1.4580075e-05  9.6233632e-05  -9.1830092e-07  -0.00010932546  0.00021075374  5.1213627e-06  -4.1270526e-06  0.00010318766  -5.0242036e-05  
-0.00057091285  0.0012185223  -0.00016054151  0.0010044898  -0.0021600951  -0.00096333817  0.0000000   -2.1584216e-05  -0.00059871770  0.00048448564  -0.00013485239  0.00017904280  0.00015166357  -7.2778889e-05  1.2410823e-05  -0.00013004066  0.00036226885  0.00019187900  -6.9463379e-05  5.8622677e-05  -0.00011396031  1.5231511e-05  -0.00015156928  6.3092251e-05  -2.9909342e-06  0.00010474373  -5.9728112e-06  -9.1857245e-05  7.0752917e-05  -1.0241613e-05  -2.7621250e-05  -0.00057091285  0.0012185223  -0.00016054151  0.0010044898  -0.0021600951  -0.00096333817  0.0000000   -2.1584216e-05  -0.00059871770  0.00048448564  -0.00013485239  0.00017904280  0.00015166357  -7.2778889e-05  1.2410823e-05  -0.00013004066  0.00036226885  0.00019187900  -6.9463379e-05  5.8622677e-05  -0.00011396031  1.5231511e-05  -0.00015156928  6.3092251e-05  -2.9909342e-06  0.00010474373  -5.9728112e-06  -9.1857245e-05  7.0752917e-05  -1.0241613e-05  -2.7621250e-05  
-0.00019254874  0.00046941740  0.0011419008  6.2662119e-05  -0.00076774718  0.0022958765  2.1584216e-05  0.0000000   0.0019570465  6.5543202e-05  -0.00012169904  -5.3533736e-05  -0.00041696815  0.00010283560  -1.8391434e-05  0.00039970843  0.00013081826  1.1280265e-05  0.00025879609  -3.2095329e-05  -8.7877561e-05  -1.7248476e-05  -7.2560568e-05  -0.00016229477  -1.5082058e-05  -0.00028687138  6.7088878e-06  -1.0645493e-05  1.5537424e-05  4.4983098e-05  0.00010116123  -0.00019254874  0.00046941740  0.0011419008  6.2662119e-05  -0.00076774718  0.0022958765  2.1584216e-05  0.0000000   0.0019570465  6.5543202e-05  -0.00012169904  -5.3533736e-05  -0.00041696815  0.00010283560  -1.8391434e-05  0.00039970843  0.00013081826  1.1280265e-05  0.00025879609  -3.2095329e-05  -8.7877561e-05  -1.7248476e-05  -7.2560568e-05  -0.00016229477  -1.5082058e-05  -0.00028687138  6.7088878e-06  -1.0645493e-05  1.5537424e-05  4.4983098e-05  0.00010116123  
-0.00013865882  1.4348086e-05  0.00018830795  -1.4249010e-05  -0.00015327207  0.00089532364  0.00059871770  -0.0019570465  0.0000000   -6.9479530e-05  0.00013239968  5.8633357e-05  0.00092789092  6.1334082e-05  0.00030453551  9.3061426e-05  -1.3237830e-05  5.2556608e-05  0.00033298717  -1.5355828e-05  5.0087982e-05  3.1302045e-05  -1.9548335e-05  -7.3474525e-05  -0.00023058341  0.00029286302  6.4152541e-05  1.1248986e-05  1.5044205e-05  1.9881625e-06  -0.00046652212  -0.00013865882  1.4348086e-05  0.00018830795  -1.4249010e-05  -0.00015327207  0.00089532364  0.00059871770  -0.0019570465  0.0000000   -6.9479530e-05  0.00013239968  5.8633357e-05  0.00092789092  6.1334082e-05  0.00030453551  9.3061426e-05  -1.3237830e-05  5.2556608e-05  0.00033298717  -1.5355828e-05  5.0087982e-05  3.1302045e-05  -1.9548335e-05  -7.3474525e-05  -0.00023058341  0.00029286302  6.4152541e-05  1.1248986e-05  1.5044205e-05  1.9881625e-06  -0.00046652212  
0.00031930925  -0.00018202637  9.8086201e-05  0.00018224969  -0.00012688926  -2.5429766e-05  -0.00048448564  -6.5543202e-05  6.9479530e-05  0.0000000   0.0017131834  6.0494391e-05  -0.00016469146  -3.5204309e-05  -7.3768854e-07  -8.0144380e-06  -0.00019121844  0.00011104046  -7.7476169e-05  -0.00016299989  4.0622580e-05  -8.7274015e-05  -9.1379687e-05  9.8687289e-06  -8.8169828e-06  -1.5697186e-05  1.3634863e-06  -7.4253325e-06  -0.00012037353  -7.8409899e-06  4.6251618e-06  0.00031930925  -0.00018202637  9.8086201e-05  0.00018224969  -0.00012688926  -2.5429766e-05  -0.00048448564  -6.5543202e-05  6.9479530e-05  0.0000000   0.0017131834  6.0494391e-05  -0.00016469146  -3.5204309e-05  -7.3768854e-07  -8.0144380e-06  -0.00019121844  0.00011104046  -7.7476169e-05  -0.00016299989  4.0622580e-05  -8.7274015e-05  -9.1379687e-05  9.8687289e-06  -8.8169828e-06  -1.5697186e-05  1.3634863e-06  -7.4253325e-06  -0.00012037353  -7.8409899e-06  4.6251618e-06  
-0.00029985712  0.00015658272  2.8322763e-05  0.00013767233  -0.00019664394  -0.00011009277  0.00013485239  0.00012169904  -0.00013239968  -0.0017131834  0.0000000   -0.00033840620  1.3025360e-05  -0.00011172792  3.7888226e-05  9.4496344e-05  -0.00043714932  0.00044827178  -1.6467769e-05  -0.00027929406  -0.00033512435  3.1875498e-06  -0.00010641130  2.0559799e-06  1.4387220e-06  -4.5866999e-05  9.0534090e-06  0.00011163280  7.7619793e-06  -1.2133622e-06  2.0900860e-05  -0.00029985712  0.00015658272  2.8322763e-05  0.00013767233  -0.00019664394  -0.00011009277  0.00013485239  0.00012169904  -0.00013239968  -0.0017131834  0.0000000   -0.00033840620  1.3025360e-05  -0.00011172792  3.7888226e-05  9.4496344e-05  -0.00043714932  0.00044827178  -1.6467769e-05  -0.00027929406  -0.00033512435  3.1875498e-06  -0.00010641130  2.0559799e-06  1.4387220e-06  -4.5866999e-05  9.0534090e-06  0.00011163280  7.7619793e-06  -1.2133622e-06  2.0900860e-05  
0.00017564274  -0.00025588446  -2.6125421e-05  -0.00025325630  0.00014967576  -6.1241878e-05  -0.00017904280  5.3533736e-05  -5.8633357e-05  -6.0494391e-05  0.00033840620  0.0000000   -7.8803955e-06  -0.00020169074  0.00021468397  0.00014938778  0.0011472893  -0.00010174221  0.00010790056  0.00042555378  0.00060405466  -0.00089296362  8.1784899e-05  -2.1496408e-05  -4.2012808e-06  -1.5082342e-05  1.7751646e-05  -9.1647166e-05  0.00012461368  1.9047451e-05  -4.9251623e-05  0.00017564274  -0.00025588446  -2.6125421e-05  -0.00025325630  0.00014967576  -6.1241878e-05  -0.00017904280  5.3533736e-05  -5.8633357e-05  -6.0494391e-05  0.00033840620  0.0000000   -7.8803955e-06  -0.00020169074  0.00021468397  0.00014938778  0.0011472893  -0.00010174221  0.00010790056  0.00042555378  0.00060405466  -0.00089296362  8.1784899e-05  -2.1496408e-05  -4.2012808e-06  -1.5082342e-05  1.7751646e-05  -9.1647166e-05  0.00012461368  1.9047451e-05  -4.9251623e-05  
-1.2302524e-05  2.0247331e-05  0.00028953288  -0.00010499549  3.8828628e-05  -0.00026268945  -0.00015166357  0.00041696815  -0.00092789092  0.00016469146  -1.3025360e-05  7.8803955e-06  0.0000000   -0.0019251823  0.0023201797  0.0013207763  -0.00019515290  -8.4662984e-05  0.00047325760  -0.00021433402  -9.5588574e-05  -2.8910005e-06  -1.4452899e-05  -4.1994307e-05  6.4936076e-05  -0.00034439528  0.00021849719  5.0719121e-06  -1.2604654e-05  -2.5447288e-05  3.5515056e-05  -1.2302524e-05  2.0247331e-05  0.00028953288  -0.00010499549  3.8828628e-05  -0.00026268945  -0.00015166357  0.00041696815  -0.00092789092  0.00016469146  -1.3025360e-05  7.8803955e-06  0.0000000   -0.0019251823  0.0023201797  0.0013207763  -0.00019515290  -8.4662984e-05  0.00047325760  -0.00021433402  -9.5588574e-05  -2.8910005e-06  -1.4452899e-05  -4.1994307e-05  6.4936076e-05  -0.00034439528  0.00021849719  5.0719121e-06  -1.2604654e-05  -2.5447288e-05  3.5515056e-05  
-9.6752017e-06  1.0661851e-05  0.00020840506  -7.9078543e-05  -1.9637953e-05  0.00018611855  7.2778889e-05  -0.00010283560  -6.1334082e-05  3.5204309e-05  0.00011172792  0.00020169074  0.0019251823  0.0000000   -0.0014708044  0.00074029775  9.9748699e-06  1.7768016e-05  0.00032694940  2.2361766e-05  3.5686783e-06  0.00010889101  5.4754822e-06  3.3107150e-05  -0.00027250130  0.00038092625  0.00022995286  7.4307749e-06  1.9894068e-05  0.00011693610  -0.00014881302  -9.6752017e-06  1.0661851e-05  0.00020840506  -7.9078543e-05  -1.9637953e-05  0.00018611855  7.2778889e-05  -0.00010283560  -6.1334082e-05  3.5204309e-05  0.00011172792  0.00020169074  0.0019251823  0.0000000   -0.0014708044  0.00074029775  9.9748699e-06  1.7768016e-05  0.00032694940  2.2361766e-05  3.5686783e-06  0.00010889101  5.4754822e-06  3.3107150e-05  -0.00027250130  0.00038092625  0.00022995286  7.4307749e-06  1.9894068e-05  0.00011693610  -0.00014881302  
4.5721757e-07  -4.4636041e-06  -0.00020599838  0.00011299385  -3.5088658e-05  0.00047322253  -1.2410823e-05  1.8391434e-05  -0.00030453551  7.3768854e-07  -3.7888226e-05  -0.00021468397  -0.0023201797  0.0014708044  0.0000000   0.00055192176  3.3715400e-05  -8.7434625e-05  0.00043147427  -0.00017557449  1.0084078e-05  5.6007260e-05  -2.5342889e-05  0.00010739316  -0.00015809771  -0.00025151316  -5.6901788e-07  4.6524649e-06  -1.3007750e-05  3.6888051e-05  -0.00015709280  4.5721757e-07  -4.4636041e-06  -0.00020599838  0.00011299385  -3.5088658e-05  0.00047322253  -1.2410823e-05  1.8391434e-05  -0.00030453551  7.3768854e-07  -3.7888226e-05  -0.00021468397  -0.0023201797  0.0014708044  0.0000000   0.00055192176  3.3715400e-05  -8.7434625e-05  0.00043147427  -0.00017557449  1.0084078e-05  5.6007260e-05  -2.5342889e-05  0.00010739316  -0.00015809771  -0.00025151316  -5.6901788e-07  4.6524649e-06  -1.3007750e-05  3.6888051e-05  -0.00015709280  
-4.6126941e-05  3.6339097e-07  0.00020085588  -3.4029337e-05  1.1406243e-06  9.1079846e-05  0.00013004066  -0.00039970843  -9.3061426e-05  8.0144380e-06  -9.4496344e-05  -0.00014938778  -0.0013207763  -0.00074029775  -0.00055192176  0.0000000   -7.6507689e-05  0.00012940227  0.0014212641  -0.00019879653  0.00019336309  7.2528738e-05  2.1412881e-06  -0.00040891819  -0.00039558464  0.00046910554  -0.00021009192  4.8892877e-07  -4.8032527e-06  0.00018303669  -0.00057502193  -4.6126941e-05  3.6339097e-07  0.00020085588  -3.4029337e-05  1.1406243e-06  9.1079846e-05  0.00013004066  -0.00039970843  -9.3061426e-05  8.0144380e-06  -9.4496344e-05  -0.00014938778  -0.0013207763  -0.00074029775  -0.00055192176  0.0000000   -7.6507689e-05  0.00012940227  0.0014212641  -0.00019879653  0.00019336309  7.2528738e-05  2.1412881e-06  -0.00040891819  -0.00039558464  0.00046910554  -0.00021009192  4.8892877e-07  -4.8032527e-06  0.00018303669  -0.00057502193  
-2.7622175e-05  6.7786506e-05  4.1938678e-05  0.00012097536  -2.3695329e-06  -3.9650600e-05  -0.00036226885  -0.00013081826  1.3237830e-05  0.00019121844  0.00043714932  -0.0011472893  0.00019515290  -9.9748699e-06  -3.3715400e-05  7.6507689e-05  0.0000000   -0.00036167559  -0.00035451988  -0.0013803104  0.00066373958  0.00043690287  -0.00061979464  4.9170630e-05  -2.6799857e-05  -2.9590882e-06  6.1401447e-07  -0.00013161089  -4.7918474e-05  9.9812587e-06  -2.0049162e-05  -2.7622175e-05  6.7786506e-05  4.1938678e-05  0.00012097536  -2.3695329e-06  -3.9650600e-05  -0.00036226885  -0.00013081826  1.3237830e-05  0.00019121844  0.00043714932  -0.0011472893  0.00019515290  -9.9748699e-06  -3.3715400e-05  7.6507689e-05  0.0000000   -0.00036167559  -0.00035451988  -0.0013803104  0.00066373958  0.00043690287  -0.00061979464  4.9170630e-05  -2.6799857e-05  -2.9590882e-06  6.1401447e-07  -0.00013161089  -4.7918474e-05  9.9812587e-06  -2.0049162e-05  
-3.2276377e-05  -0.00023842783  7.1454490e-05  0.00025390392  0.00011176447  -1.2637496e-05  -0.00019187900  -1.1280265e-05  -5.2556608e-05  -0.00011104046  -0.00044827178  0.00010174221  8.4662984e-05  -1.7768016e-05  8.7434625e-05  -0.00012940227  0.00036167559  0.0000000   0.0011688141  0.0048503744  -0.0011873900  0.00098898199  0.00073865103  -1.5743638e-05  5.4288341e-05  6.1351867e-05  1.7311621e-05  -1.7273633e-05  -0.00011928983  -1.1727217e-05  8.3270006e-06  -3.2276377e-05  -0.00023842783  7.1454490e-05  0.00025390392  0.00011176447  -1.2637496e-05  -0.00019187900  -1.1280265e-05  -5.2556608e-05  -0.00011104046  -0.00044827178  0.00010174221  8.4662984e-05  -1.7768016e-05  8.7434625e-05  -0.00012940227  0.00036167559  0.0000000   0.0011688141  0.0048503744  -0.0011873900  0.00098898199  0.00073865103  -1.5743638e-05  5.4288341e-05  6.1351867e-05  1.7311621e-05  -1.7273633e-05  -0.00011928983  -1.1727217e-05  8.3270006e-06  
-6.5764286e-05  -2.6581491e-06  0.00014465665  -8.6889331e-06  -6.2873064e-05  0.00011696075  6.9463379e-05  -0.00025879609  -0.00033298717  7.7476169e-05  1.6467769e-05  -0.00010790056  -0.00047325760  -0.00032694940  -0.00043147427  -0.0014212641  0.00035451988  -0.0011688141  0.0000000   7.8028002e-05  -0.00068227904  -0.00020485548  -0.00014810376  -0.00049491908  -8.1869905e-05  -0.00073108759  9.9866847e-05  1.9168951e-05  -4.0398970e-05  1.7742088e-05  9.3381681e-05  -6.5764286e-05  -2.6581491e-06  0.00014465665  -8.6889331e-06  -6.2873064e-05  0.00011696075  6.9463379e-05  -0.00025879609  -0.00033298717  7.7476169e-05  1.6467769e-05  -0.00010790056  -0.00047325760  -0.00032694940  -0.00043147427  -0.0014212641  0.00035451988  -0.0011688141  0.0000000   7.8028002e-05  -0.00068227904  -0.00020485548  -0.00014810376  -0.00049491908  -8.1869905e-05  -0.00073108759  9.9866847e-05  1.9168951e-05  -4.0398970e-05  1.7742088e-05  9.3381681e-05  
-0.00011280959  -4.1454889e-05  -2.1456821e-06  0.00014565015  -0.00012944534  -2.2142326e-05  -5.8622677e-05  3.2095329e-05  1.5355828e-05  0.00016299989  0.00027929406  -0.00042555378  0.00021433402  -2.2361766e-05  0.00017557449  0.00019879653  0.0013803104  -0.0048503744  -7.8028002e-05  0.0000000   -0.0016105398  -0.00019743440  -0.00036008788  0.00015085147  -7.3968918e-05  0.00017716962  5.0373674e-05  3.4308236e-05  -7.4724028e-06  3.0987381e-05  -9.5503018e-05  -0.00011280959  -4.1454889e-05  -2.1456821e-06  0.00014565015  -0.00012944534  -2.2142326e-05  -5.8622677e-05  3.2095329e-05  1.5355828e-05  0.00016299989  0.00027929406  -0.00042555378  0.00021433402  -2.2361766e-05  0.00017557449  0.00019879653  0.0013803104  -0.0048503744  -7.8028002e-05  0.0000000   -0.0016105398  -0.00019743440  -0.00036008788  0.00015085147  -7.3968918e-05  0.00017716962  5.0373674e-05  3.4308236e-05  -7.4724028e-06  3.0987381e-05  -9.5503018e-05  
-7.4112954e-05  9.2125756e-05  2.7550574e-05  0.00012432112  3.7558290e-05  -2.6491446e-05  0.00011396031  8.7877561e-05  -5.0087982e-05  -4.0622580e-05  0.00033512435  -0.00060405466  9.5588574e-05  -3.5686783e-06  -1.0084078e-05  -0.00019336309  -0.00066373958  0.0011873900  0.00068227904  0.0016105398  0.0000000   0.0057299947  0.00040154480  6.6266550e-05  4.9808915e-05  -0.00019956522  3.7279244e-05  -0.00048199572  0.00016755215  -4.2132230e-06  5.6933309e-05  -7.4112954e-05  9.2125756e-05  2.7550574e-05  0.00012432112  3.7558290e-05  -2.6491446e-05  0.00011396031  8.7877561e-05  -5.0087982e-05  -4.0622580e-05  0.00033512435  -0.00060405466  9.5588574e-05  -3.5686783e-06  -1.0084078e-05  -0.00019336309  -0.00066373958  0.0011873900  0.00068227904  0.0016105398  0.0000000   0.0057299947  0.00040154480  6.6266550e-05  4.9808915e-05  -0.00019956522  3.7279244e-05  -0.00048199572  0.00016755215  -4.2132230e-06  5.6933309e-05  
0.00013844271  -5.1302542e-05  -8.3958324e-05  -0.00017380600  -0.00017511109  2.2692062e-05  -1.5231511e-05  1.7248476e-05  -3.1302045e-05  8.7274015e-05  -3.1875498e-06  0.00089296362  2.8910005e-06  -0.00010889101  -5.6007260e-05  -7.2528738e-05  -0.00043690287  -0.00098898199  0.00020485548  0.00019743440  -0.0057299947  0.0000000   -0.00059283214  8.9146792e-05  -4.5151483e-06  9.4835759e-05  8.7806379e-06  0.00025426543  1.6525599e-05  -2.7575723e-05  2.2256906e-05  0.00013844271  -5.1302542e-05  -8.3958324e-05  -0.00017380600  -0.00017511109  2.2692062e-05  -1.5231511e-05  1.7248476e-05  -3.1302045e-05  8.7274015e-05  -3.1875498e-06  0.00089296362  2.8910005e-06  -0.00010889101  -5.6007260e-05  -7.2528738e-05  -0.00043690287  -0.00098898199  0.00020485548  0.00019743440  -0.0057299947  0.0000000   -0.00059283214  8.9146792e-05  -4.5151483e-06  9.4835759e-05  8.7806379e-06  0.00025426543  1.6525599e-05  -2.7575723e-05  2.2256906e-05  
2.6657929e-05  -1.5382561e-05  -1.6790686e-05  -8.1306126e-05  -3.2894320e-05  1.4580075e-05  0.00015156928  7.2560568e-05  1.9548335e-05  9.1379687e-05  0.00010641130  -8.1784899e-05  1.4452899e-05  -5.4754822e-06  2.5342889e-05  -2.1412881e-06  0.00061979464  -0.00073865103  0.00014810376  0.00036008788  -0.00040154480  0.00059283214  0.0000000   2.7629011e-05  -1.6358784e-05  -1.5857805e-05  3.6403335e-05  -0.00034203330  4.5447273e-05  3.2788145e-05  -5.2770978e-05  2.6657929e-05  -1.5382561e-05  -1.6790686e-05  -8.1306126e-05  -3.2894320e-05  1.4580075e-05  0.00015156928  7.2560568e-05  1.9548335e-05  9.1379687e-05  0.00010641130  -8.1784899e-05  1.4452899e-05  -5.4754822e-06  2.5342889e-05  -2.1412881e-06  0.00061979464  -0.00073865103  0.00014810376  0.00036008788  -0.00040154480  0.00059283214  0.0000000   2.7629011e-05  -1.6358784e-05  -1.5857805e-05  3.6403335e-05  -0.00034203330  4.5447273e-05  3.2788145e-05  -5.2770978e-05  
1.0839243e-05  4.1021388e-05  6.2455890e-05  -2.8631787e-05  5.1570967e-06  -9.6233632e-05  -6.3092251e-05  0.00016229477  7.3474525e-05  -9.8687289e-06  -2.0559799e-06  2.1496408e-05  4.1994307e-05  -3.3107150e-05  -0.00010739316  0.00040891819  -4.9170630e-05  1.5743638e-05  0.00049491908  -0.00015085147  -6.6266550e-05  -8.9146792e-05  -2.7629011e-05  0.0000000   0.00032323287  0.00037605884  6.9120760e-05  3.6835569e-05  2.0495070e-05  -2.0135681e-05  -0.00036147443  1.0839243e-05  4.1021388e-05  6.2455890e-05  -2.8631787e-05  5.1570967e-06  -9.6233632e-05  -6.3092251e-05  0.00016229477  7.3474525e-05  -9.8687289e-06  -2.0559799e-06  2.1496408e-05  4.1994307e-05  -3.3107150e-05  -0.00010739316  0.00040891819  -4.9170630e-05  1.5743638e-05  0.00049491908  -0.00015085147  -6.6266550e-05  -8.9146792e-05  -2.7629011e-05  0.0000000   0.00032323287  0.00037605884  6.9120760e-05  3.6835569e-05  2.0495070e-05  -2.0135681e-05  -0.00036147443  
8.2987112e-06  2.3859600e-05  0.00015549122  -6.1291076e-05  1.1729899e-05  9.1830092e-07  2.9909342e-06  1.5082058e-05  0.00023058341  8.8169828e-06  -1.4387220e-06  4.2012808e-06  -6.4936076e-05  0.00027250130  0.00015809771  0.00039558464  2.6799857e-05  -5.4288341e-05  8.1869905e-05  7.3968918e-05  -4.9808915e-05  4.5151483e-06  1.6358784e-05  -0.00032323287  0.0000000   -0.0015198276  -0.00074114166  4.0099285e-05  -5.6973008e-05  -0.00012212297  -0.00039035576  8.2987112e-06  2.3859600e-05  0.00015549122  -6.1291076e-05  1.1729899e-05  9.1830092e-07  2.9909342e-06  1.5082058e-05  0.00023058341  8.8169828e-06  -1.4387220e-06  4.2012808e-06  -6.4936076e-05  0.00027250130  0.00015809771  0.00039558464  2.6799857e-05  -5.4288341e-05  8.1869905e-05  7.3968918e-05  -4.9808915e-05  4.5151483e-06  1.6358784e-05  -0.00032323287  0.0000000   -0.0015198276  -0.00074114166  4.0099285e-05  -5.6973008e-05  -0.00012212297  -0.00039035576  
1.3186184e-05  1.7941216e-06  -0.00014775593  4.0083200e-05  -1.7101879e-05  0.00010932546  -0.00010474373  0.00028687138  -0.00029286302  1.5697186e-05  4.5866999e-05  1.5082342e-05  0.00034439528  -0.00038092625  0.00025151316  -0.00046910554  2.9590882e-06  -6.1351867e-05  0.00073108759  -0.00017716962  0.00019956522  -9.4835759e-05  1.5857805e-05  -0.00037605884  0.0015198276  0.0000000   -0.00028919790  -0.00014747798  6.6567643e-06  -6.1245398e-06  0.0013971620  1.3186184e-05  1.7941216e-06  -0.00014775593  4.0083200e-05  -1.7101879e-05  0.00010932546  -0.00010474373  0.00028687138  -0.00029286302  1.5697186e-05  4.5866999e-05  1.5082342e-05  0.00034439528  -0.00038092625  0.00025151316  -0.00046910554  2.9590882e-06  -6.1351867e-05  0.00073108759  -0.00017716962  0.00019956522  -9.4835759e-05  1.5857805e-05  -0.00037605884  0.0015198276  0.0000000   -0.00028919790  -0.00014747798  6.6567643e-06  -6.1245398e-06  0.0013971620  
1.5126785e-05  1.2982858e-05  -3.2803744e-05  9.8930635e-07  -5.4387885e-07  -0.00021075374  5.9728112e-06  -6.7088878e-06  -6.4152541e-05  -1.3634863e-06  -9.0534090e-06  -1.7751646e-05  -0.00021849719  -0.00022995286  5.6901788e-07  0.00021009192  -6.1401447e-07  -1.7311621e-05  -9.9866847e-05  -5.0373674e-05  -3.7279244e-05  -8.7806379e-06  -3.6403335e-05  -6.9120760e-05  0.00074114166  0.00028919790  0.0000000   3.6132118e-05  2.1264053e-05  -0.00042432343  -0.0012620313  1.5126785e-05  1.2982858e-05  -3.2803744e-05  9.8930635e-07  -5.4387885e-07  -0.00021075374  5.9728112e-06  -6.7088878e-06  -6.4152541e-05  -1.3634863e-06  -9.0534090e-06  -1.7751646e-05  -0.00021849719  -0.00022995286  5.6901788e-07  0.00021009192  -6.1401447e-07  -1.7311621e-05  -9.9866847e-05  -5.0373674e-05  -3.7279244e-05  -8.7806379e-06  -3.6403335e-05  -6.9120760e-05  0.00074114166  0.00028919790  0.0000000   3.6132118e-05  2.1264053e-05  -0.00042432343  -0.0012620313  
-6.7368864e-05  -2.8172313e-06  -3.1810346e-05  -7.5380998e-05  -6.7010163e-05  -5.1213627e-06  9.1857245e-05  1.0645493e-05  -1.1248986e-05  7.4253325e-06  -0.00011163280  9.1647166e-05  -5.0719121e-06  -7.4307749e-06  -4.6524649e-06  -4.8892877e-07  0.00013161089  1.7273633e-05  -1.9168951e-05  -3.4308236e-05  0.00048199572  -0.00025426543  0.00034203330  -3.6835569e-05  -4.0099285e-05  0.00014747798  -3.6132118e-05  0.0000000   -0.0012939547  -6.9911177e-05  -9.9800073e-05  -6.7368864e-05  -2.8172313e-06  -3.1810346e-05  -7.5380998e-05  -6.7010163e-05  -5.1213627e-06  9.1857245e-05  1.0645493e-05  -1.1248986e-05  7.4253325e-06  -0.00011163280  9.1647166e-05  -5.0719121e-06  -7.4307749e-06  -4.6524649e-06  -4.8892877e-07  0.00013161089  1.7273633e-05  -1.9168951e-05  -3.4308236e-05  0.00048199572  -0.00025426543  0.00034203330  -3.6835569e-05  -4.0099285e-05  0.00014747798  -3.6132118e-05  0.0000000   -0.0012939547  -6.9911177e-05  -9.9800073e-05  
0.00010206172  -3.1345476e-05  3.6557447e-05  0.00011688636  0.00018052263  4.1270526e-06  -7.0752917e-05  -1.5537424e-05  -1.5044205e-05  0.00012037353  -7.7619793e-06  -0.00012461368  1.2604654e-05  -1.9894068e-05  1.3007750e-05  4.8032527e-06  4.7918474e-05  0.00011928983  4.0398970e-05  7.4724028e-06  -0.00016755215  -1.6525599e-05  -4.5447273e-05  -2.0495070e-05  5.6973008e-05  -6.6567643e-06  -2.1264053e-05  0.0012939547  0.0000000   -4.6654160e-05  9.2884792e-05  0.00010206172  -3.1345476e-05  3.6557447e-05  0.00011688636  0.00018052263  4.1270526e-06  -7.0752917e-05  -1.5537424e-05  -1.5044205e-05  0.00012037353  -7.7619793e-06  -0.00012461368  1.2604654e-05  -1.9894068e-05  1.3007750e-05  4.8032527e-06  4.7918474e-05  0.00011928983  4.0398970e-05  7.4724028e-06  -0.00016755215  -1.6525599e-05  -4.5447273e-05  -2.0495070e-05  5.6973008e-05  -6.6567643e-06  -2.1264053e-05  0.0012939547  0.0000000   -4.6654160e-05  9.2884792e-05  
1.4607587e-05  -1.7232750e-05  -5.0444383e-05  1.3551765e-05  7.7004132e-06  -0.00010318766  1.0241613e-05  -4.4983098e-05  -1.9881625e-06  7.8409899e-06  1.2133622e-06  -1.9047451e-05  2.5447288e-05  -0.00011693610  -3.6888051e-05  -0.00018303669  -9.9812587e-06  1.1727217e-05  -1.7742088e-05  -3.0987381e-05  4.2132230e-06  2.7575723e-05  -3.2788145e-05  2.0135681e-05  0.00012212297  6.1245398e-06  0.00042432343  6.9911177e-05  4.6654160e-05  0.0000000   -0.00051599485  1.4607587e-05  -1.7232750e-05  -5.0444383e-05  1.3551765e-05  7.7004132e-06  -0.00010318766  1.0241613e-05  -4.4983098e-05  -1.9881625e-06  7.8409899e-06  1.2133622e-06  -1.9047451e-05  2.5447288e-05  -0.00011693610  -3.6888051e-05  -0.00018303669  -9.9812587e-06  1.1727217e-05  -1.7742088e-05  -3.0987381e-05  4.2132230e-06  2.7575723e-05  -3.2788145e-05  2.0135681e-05  0.00012212297  6.1245398e-06  0.00042432343  6.9911177e-05  4.6654160e-05  0.0000000   -0.00051599485  
-9.5355491e-06  2.6165510e-05  0.00021102663  -7.8223297e-05  4.2915053e-06  5.0242036e-05  2.7621250e-05  -0.00010116123  0.00046652212  -4.6251618e-06  -2.0900860e-05  4.9251623e-05  -3.5515056e-05  0.00014881302  0.00015709280  0.00057502193  2.0049162e-05  -8.3270006e-06  -9.3381681e-05  9.5503018e-05  -5.6933309e-05  -2.2256906e-05  5.2770978e-05  0.00036147443  0.00039035576  -0.0013971620  0.0012620313  9.9800073e-05  -9.2884792e-05  0.00051599485  0.0000000   -9.5355491e-06  2.6165510e-05  0.00021102663  -7.8223297e-05  4.2915053e-06  5.0242036e-05  2.7621250e-05  -0.00010116123  0.00046652212  -4.6251618e-06  -2.0900860e-05  4.9251623e-05  -3.5515056e-05  0.00014881302  0.00015709280  0.00057502193  2.0049162e-05  -8.3270006e-06  -9.3381681e-05  9.5503018e-05  -5.6933309e-05  -2.2256906e-05  5.2770978e-05  0.00036147443  0.00039035576  -0.0013971620  0.0012620313  9.9800073e-05  -9.2884792e-05  0.00051599485  0.0000000   
0.0000000   0.0073795083  -0.00077318088  -0.00012411318  -3.1217716e-05  -0.00010318822  0.00057091285  0.00019254874  0.00013865882  -0.00031930925  0.00029985712  -0.00017564274  1.2302524e-05  9.6752017e-06  -4.5721757e-07  4.6126941e-05  2.7622175e-05  3.2276377e-05  6.5764286e-05  0.00011280959  7.4112954e-05  -0.00013844271  -2.6657929e-05  -1.0839243e-05  -8.2987112e-06  -1.3186184e-05  -1.5126785e-05  6.7368864e-05  -0.00010206172  -1.4607587e-05  9.5355491e-06  0.0000000   0.0073795083  -0.00077318088  -0.00012411318  -3.1217716e-05  -0.00010318822  0.00057091285  0.00019254874  0.00013865882  -0.00031930925  0.00029985712  -0.00017564274  1.2302524e-05  9.6752017e-06  -4.5721757e-07  4.6126941e-05  2.7622175e-05  3.2276377e-05  6.5764286e-05  0.00011280959  7.4112954e-05  -0.00013844271  -2.6657929e-05  -1.0839243e-05  -8.2987112e-06  -1.3186184e-05  -1.5126785e-05  6.7368864e-05  -0.00010206172  -1.4607587e-05  9.5355491e-06  
-0.0073795083  0.0000000   0.00038472244  0.0023767276  -0.0017916270  -0.00023495421  -0.0012185223  -0.00046941740  -1.4348086e-05  0.00018202637  -0.00015658272  0.00025588446  -2.0247331e-05  -1.0661851e-05  4.4636041e-06  -3.6339097e-07  -6.7786506e-05  0.00023842783  2.6581491e-06  4.1454889e-05  -9.2125756e-05  5.1302542e-05  1.5382561e-05  -4.1021388e-05  -2.3859600e-05  -1.7941216e-06  -1.2982858e-05  2.8172313e-06  3.1345476e-05  1.7232750e-05  -2.6165510e-05  -0.0073795083  0.0000000   0.00038472244  0.0023767276  -0.0017916270  -0.00023495421  -0.0012185223  -0.00046941740  -1.4348086e-05  0.00018202637  -0.00015658272  0.00025588446  -2.0247331e-05  -1.0661851e-05  4.4636041e-06  -3.6339097e-07  -6.7786506e-05  0.00023842783  2.6581491e-06  4.1454889e-05  -9.2125756e-05  5.1302542e-05  1.5382561e-05  -4.1021388e-05  -2.3859600e-05  -1.7941216e-06  -1.2982858e-05  2.8172313e-06  3.1345476e-05  1.7232750e-05  -2.6165510e-05  
0.00077318088  -0.00038472244  0.0000000   -0.00028776508  0.00062514160  -0.00072746655  0.00016054151  -0.0011419008  -0.00018830795  -9.8086201e-05  -2.8322763e-05  2.6125421e-05  -0.00028953288  -0.00020840506  0.00020599838  -0.00020085588  -4.1938678e-05  -7.1454490e-05  -0.00014465665  2.1456821e-06  -2.7550574e-05  8.3958324e-05  1.6790686e-05  -6.2455890e-05  -0.00015549122  0.00014775593  3.2803744e-05  3.1810346e-05  -3.6557447e-05  5.0444383e-05  -0.00021102663  0.00077318088  -0.00038472244  0.0000000   -0.00028776508  0.00062514160  -0.00072746655  0.00016054151  -0.0011419008  -0.00018830795  -9.8086201e-05  -2.8322763e-05  2.6125421e-05  -0.00028953288  -0.00020840506  0.00020599838  -0.00020085588  -4.1938678e-05  -7.1454490e-05  -0.00014465665  2.1456821e-06  -2.7550574e-05  8.3958324e-05  1.6790686e-05  -6.2455890e-05  -0.00015549122  0.00014775593  3.2803744e-05  3.1810346e-05  -3.6557447e-05  5.0444383e-05  -0.00021102663  
0.00012411318  -0.0023767276  0.00028776508  0.0000000   0.0011429952  0.00044350784  -0.0010044898  -6.2662119e-05  1.4249010e-05  -0.00018224969  -0.00013767233  0.00025325630  0.00010499549  7.9078543e-05  -0.00011299385  3.4029337e-05  -0.00012097536  -0.00025390392  8.6889331e-06  -0.00014565015  -0.00012432112  0.00017380600  8.1306126e-05  2.8631787e-05  6.1291076e-05  -4.0083200e-05  -9.8930635e-07  7.5380998e-05  -0.00011688636  -1.3551765e-05  7.8223297e-05  0.00012411318  -0.0023767276  0.00028776508  0.0000000   0.0011429952  0.00044350784  -0.0010044898  -6.2662119e-05  1.4249010e-05  -0.00018224969  -0.00013767233  0.00025325630  0.00010499549  7.9078543e-05  -0.00011299385  3.4029337e-05  -0.00012097536  -0.00025390392  8.6889331e-06  -0.00014565015  -0.00012432112  0.00017380600  8.1306126e-05  2.8631787e-05  6.1291076e-05  -4.0083200e-05  -9.8930635e-07  7.5380998e-05  -0.00011688636  -1.3551765e-05  7.8223297e-05  
3.1217716e-05  0.0017916270  -0.00062514160  -0.0011429952  0.0000000   -4.0593837e-06  0.0021600951  0.00076774718  0.00015327207  0.00012688926  0.00019664394  -0.00014967576  -3.8828628e-05  1.9637953e-05  3.5088658e-05  -1.1406243e-06  2.3695329e-06  -0.00011176447  6.2873064e-05  0.00012944534  -3.7558290e-05  0.00017511109  3.2894320e-05  -5.1570967e-06  -1.1729899e-05  1.7101879e-05  5.4387885e-07  6.7010163e-05  -0.00018052263  -7.7004132e-06  -4.2915053e-06  3.1217716e-05  0.0017916270  -0.00062514160  -0.0011429952  0.0000000   -4.0593837e-06  0.0021600951  0.00076774718  0.00015327207  0.00012688926  0.00019664394  -0.00014967576  -3.8828628e-05  1.9637953e-05  3.5088658e-05  -1.1406243e-06  2.3695329e-06  -0.00011176447  6.2873064e-05  0.00012944534  -3.7558290e-05  0.00017511109  3.2894320e-05  -5.1570967e-06  -1.1729899e-05  1.7101879e-05  5.4387885e-07  6.7010163e-05  -0.00018052263  -7.7004132e-06  -4.2915053e-06  
0.00010318822  0.00023495421  0.00072746655  -0.00044350784  4.0593837e-06  0.0000000   0.00096333817  -0.0022958765  -0.00089532364  2.5429766e-05  0.00011009277  6.1241878e-05  0.00026268945  -0.00018611855  -0.00047322253  -9.1079846e-05  3.9650600e-05  1.2637496e-05  -0.00011696075  2.2142326e-05  2.6491446e-05  -2.2692062e-05  -1.4580075e-05  9.6233632e-05  -9.1830092e-07  -0.00010932546  0.00021075374  5.1213627e-06  -4.1270526e-06  0.00010318766  -5.0242036e-05  0.00010318822  0.00023495421  0.00072746655  -0.00044350784  4.0593837e-06  0.0000000   0.00096333817  -0.0022958765  -0.00089532364  2.5429766e-05  0.00011009277  6.1241878e-05  0.00026268945  -0.00018611855  -0.00047322253  -9.1079846e-05  3.9650600e-05  1.2637496e-05  -0.00011696075  2.2142326e-05  2.6491446e-05  -2.2692062e-05  -1.4580075e-05  9.6233632e-05  -9.1830092e-07  -0.00010932546  0.00021075374  5.1213627e-06  -4.1270526e-06  0.00010318766  -5.0242036e-05  
-0.00057091285  0.0012185223  -0.00016054151  0.0010044898  -0.0021600951  -0.00096333817  0.0000000   -2.1584216e-05  -0.00059871770  0.00048448564  -0.00013485239  0.00017904280  0.00015166357  -7.2778889e-05  1.2410823e-05  -0.00013004066  0.00036226885  0.00019187900  -6.9463379e-05  5.8622677e-05  -0.00011396031  1.5231511e-05  -0.00015156928  6.3092251e-05  -2.9909342e-06  0.00010474373  -5.9728112e-06  -9.1857245e-05  7.0752917e-05  -1.0241613e-05  -2.7621250e-05  -0.00057091285  0.0012185223  -0.00016054151  0.0010044898  -0.0021600951  -0.00096333817  0.0000000   -2.1584216e-05  -0.00059871770  0.00048448564  -0.00013485239  0.00017904280  0.00015166357  -7.2778889e-05  1.2410823e-05  -0.00013004066  0.00036226885  0.00019187900  -6.9463379e-05  5.8622677e-05  -0.00011396031  1.5231511e-05  -0.00015156928  6.3092251e-05  -2.9909342e-06  0.00010474373  -5.9728112e-06  -9.1857245e-05  7.0752917e-05  -1.0241613e-05  -2.7621250e-05  
-0.00019254874  0.00046941740  0.0011419008  6.2662119e-05  -0.00076774718  0.0022958765  2.1584216e-05  0.0000000   0.0019570465  6.5543202e-05  -0.00012169904  -5.3533736e-05  -0.00041696815  0.00010283560  -1.8391434e-05  0.00039970843  0.00013081826  1.1280265e-05  0.00025879609  -3.2095329e-05  -8.7877561e-05  -1.7248476e-05  -7.2560568e-05  -0.00016229477  -1.5082058e-05  -0.00028687138  6.7088878e-06  -1.0645493e-05  1.5537424e-05  4.4983098e-05  0.00010116123  -0.00019254874  0.00046941740  0.0011419008  6.2662119e-05  -0.00076774718  0.0022958765  2.1584216e-05  0.0000000   0.0019570465  6.5543202e-05  -0.00012169904  -5.3533736e-05  -0.00041696815  0.00010283560  -1.8391434e-05  0.00039970843  0.00013081826  1.1280265e-05  0.00025879609  -3.2095329e-05  -8.7877561e-05  -1.7248476e-05  -7.2560568e-05  -0.00016229477  -1.5082058e-05  -0.00028687138  6.7088878e-06  -1.0645493e-05  1.5537424e-05  4.4983098e-05  0.00010116123  
-0.00013865882  1.4348086e-05  0.00018830795  -1.4249010e-05  -0.00015327207  0.00089532364  0.00059871770  -0.0019570465  0.0000000   -6.9479530e-05  0.00013239968  5.8633357e-05  0.00092789092  6.1334082e-05  0.00030453551  9.3061426e-05  -1.3237830e-05  5.2556608e-05  0.00033298717  -1.5355828e-05  5.0087982e-05  3.1302045e-05  -1.9548335e-05  -7.3474525e-05  -0.00023058341  0.00029286302  6.4152541e-05  1.1248986e-05  1.5044205e-05  1.9881625e-06  -0.00046652212  -0.00013865882  1.4348086e-05  0.00018830795  -1.4249010e-05  -0.00015327207  0.00089532364  0.00059871770  -0.0019570465  0.0000000   -6.9479530e-05  0.00013239968  5.8633357e-05  0.00092789092  6.1334082e-05  0.00030453551  9.3061426e-05  -1.3237830e-05  5.2556608e-05  0.00033298717  -1.5355828e-05  5.0087982e-05  3.1302045e-05  -1.9548335e-05  -7.3474525e-05  -0.00023058341  0.00029286302  6.4152541e-05  1.1248986e-05  1.5044205e-05  1.9881625e-06  -0.00046652212  
0.00031930925  -0.00018202637  9.8086201e-05  0.00018224969  -0.00012688926  -2.5429766e-05  -0.00048448564  -6.5543202e-05  6.9479530e-05  0.0000000   0.0017131834  6.0494391e-05  -0.00016469146  -3.5204309e-05  -7.3768854e-07  -8.0144380e-06  -0.00019121844  0.00011104046  -7.7476169e-05  -0.00016299989  4.0622580e-05  -8.7274015e-05  -9.1379687e-05  9.8687289e-06  -8.8169828e-06  -1.5697186e-05  1.3634863e-06  -7.4253325e-06  -0.00012037353  -7.8409899e-06  4.6251618e-06  0.00031930925  -0.00018202637  9.8086201e-05  0.00018224969  -0.00012688926  -2.5429766e-05  -0.00048448564  -6.5543202e-05  6.9479530e-05  0.0000000   0.0017131834  6.0494391e-05  -0.00016469146  -3.5204309e-05  -7.3768854e-07  -8.0144380e-06  -0.00019121844  0.00011104046  -7.7476169e-05  -0.00016299989  4.0622580e-05  -8.7274015e-05  -9.1379687e-05  9.8687289e-06  -8.8169828e-06  -1.5697186e-05  1.3634863e-06  -7.4253325e-06  -0.00012037353  -7.8409899e-06  4.6251618e-06  
-0.00029985712  0.00015658272  2.8322763e-05  0.00013767233  -0.00019664394  -0.00011009277  0.00013485239  0.00012169904  -0.00013239968  -0.0017131834  0.0000000   -0.00033840620  1.3025360e-05  -0.00011172792  3.7888226e-05  9.4496344e-05  -0.00043714932  0.00044827178  -1.6467769e-05  -0.00027929406  -0.00033512435  3.1875498e-06  -0.00010641130  2.0559799e-06  1.4387220e-06  -4.5866999e-05  9.0534090e-06  0.00011163280  7.7619793e-06  -1.2133622e-06  2.0900860e-05  -0.00029985712  0.00015658272  2.8322763e-05  0.00013767233  -0.00019664394  -0.00011009277  0.00013485239  0.00012169904  -0.00013239968  -0.0017131834  0.0000000   -0.00033840620  1.3025360e-05  -0.00011172792  3.7888226e-05  9.4496344e-05  -0.00043714932  0.00044827178  -1.6467769e-05  -0.00027929406  -0.00033512435  3.1875498e-06  -0.00010641130  2.0559799e-06  1.4387220e-06  -4.5866999e-05  9.0534090e-06  0.00011163280  7.7619793e-06  -1.2133622e-06  2.0900860e-05  
