0.0000000   -0.0015041896  -0.00022679323  1.5199796e-05  4.5647468e-05  8.9725847e-05  -6.1028714e-05  0.00019644942  1.7855536e-05  -1.9178757e-05  -0.00017827041  0.00019384862  4.0817951e-06  -1.0529640e-05  -2.9660781e-05  -0.00015747090  -4.9123403e-05  -7.1975103e-06  -4.0573763e-06  1.1918390e-05  -2.3841679e-06  -6.4821323e-06  -6.0493255e-05  -1.3183091e-05  1.0962965e-05  0.00014993869  -3.1194123e-05  2.2467803e-05  -9.0870414e-06  -7.9111062e-05  -2.3335780e-05  0.0000000   -0.0015041896  -0.00022679323  1.5199796e-05  4.5647468e-05  8.9725847e-05  -6.1028714e-05  0.00019644942  1.7855536e-05  -1.9178757e-05  -0.00017827041  0.00019384862  4.0817951e-06  -1.0529640e-05  -2.9660781e-05  -0.00015747090  -4.9123403e-05  -7.1975103e-06  -4.0573763e-06  1.1918390e-05  -2.3841679e-06  -6.4821323e-06  -6.0493255e-05  -1.3183091e-05  1.0962965e-05  0.00014993869  -3.1194123e-05  2.2467803e-05  -9.0870414e-06  -7.9111062e-05  -2.3335780e-05  
0.0015041896  0.0000000   -0.0022313556  4.3080984e-05  -0.00015512041  -0.00048274871  -0.00047206715  0.00045835187  0.00068990803  2.3282901e-05  7.7874122e-05  4.6435356e-05  -0.00048966287  -5.2423995e-05  9.1567994e-06  -0.00020149275  5.5918450e-06  -4.4216573e-05  2.4900024e-06  2.9274055e-08  -1.9894286e-05  -3.4172079e-06  -5.6583861e-05  1.6507211e-05  1.9037215e-05  -7.5405618e-05  -4.7096915e-05  -9.7601750e-05  3.4562120e-06  -0.00014882743  3.6884437e-05  0.0015041896  0.0000000   -0.0022313556  4.3080984e-05  -0.00015512041  -0.00048274871  -0.00047206715  0.00045835187  0.00068990803  2.3282901e-05  7.7874122e-05  4.6435356e-05  -0.00048966287  -5.2423995e-05  9.1567994e-06  -0.00020149275  5.5918450e-06  -4.4216573e-05  2.4900024e-06  2.9274055e-08  -1.9894286e-05  -3.4172079e-06  -5.6583861e-05  1.6507211e-05  1.9037215e-05  -7.5405618e-05  -4.7096915e-05  -9.7601750e-05  3.4562120e-06  -0.00014882743  3.6884437e-05  
0.00022679323  0.0022313556  0.0000000   -4.7849685e-05  -9.6424594e-05  -2.1479592e-05  -0.00089834123  0.00018603476  0.00053612929  2.5743882e-05  -0.0010051245  -1.9662846e-05  -0.00023527977  1.1837943e-05  -0.00011134467  0.00043977057  -2.0931711e-05  6.4321642e-05  2.5276729e-05  1.5878724e-05  2.9813490e-05  -8.0372069e-06  -3.7442378e-05  1.4208842e-05  1.1275676e-05  -3.4929150e-05  0.00016758072  -1.2828700e-06  -1.0920226e-06  0.00011744577  -4.8475678e-05  0.00022679323  0.0022313556  0.0000000   -4.7849685e-05  -9.6424594e-05  -2.1479592e-05  -0.00089834123  0.00018603476  0.00053612929  2.5743882e-05  -0.0010051245  -1.9662846e-05  -0.00023527977  1.1837943e-05  -0.00011134467  0.00043977057  -2.0931711e-05  6.4321642e-05  2.5276729e-05  1.5878724e-05  2.9813490e-05  -8.0372069e-06  -3.7442378e-05  1.4208842e-05  1.1275676e-05  -3.4929150e-05  0.00016758072  -1.2828700e-06  -1.0920226e-06  0.00011744577  -4.8475678e-05  
-1.5199796e-05  -4.3080984e-05  4.7849685e-05  0.0000000   -0.0011789124  5.8962088e-05  -5.3983851e-05  9.6555720e-06  8.9040216e-06  0.00028674752  2.1168495e-05  -2.9610833e-05  -2.4833487e-05  -5.8360043e-06  -0.00052819824  -3.0504295e-05  -7.2465365e-05  -5.7512788e-05  7.2184152e-05  1.2453015e-05  0.00016554067  -0.00024793245  -6.5935461e-06  -1.3278785e-05  0.00020370292  2.0042264e-06  4.3230174e-06  -2.9026755e-07  -0.00013316267  1.3294644e-05  -4.8477142e-06  -1.5199796e-05  -4.3080984e-05  4.7849685e-05  0.0000000   -0.0011789124  5.8962088e-05  -5.3983851e-05  9.6555720e-06  8.9040216e-06  0.00028674752  2.1168495e-05  -2.9610833e-05  -2.4833487e-05  -5.8360043e-06  -0.00052819824  -3.0504295e-05  -7.2465365e-05  -5.7512788e-05  7.2184152e-05  1.2453015e-05  0.00016554067  -0.00024793245  -6.5935461e-06  -1.3278785e-05  0.00020370292  2.0042264e-06  4.3230174e-06  -2.9026755e-07  -0.00013316267  1.3294644e-05  -4.8477142e-06  
-4.5647468e-05  0.00015512041  9.6424594e-05  0.0011789124  0.0000000   -1.8450043e-05  1.3128112e-05  -4.5335346e-05  -4.8722958e-06  -7.6163640e-05  -9.7869413e-05  5.6993588e-05  -1.9560526e-05  -0.00015164939  0.00024789554  3.5185890e-05  -1.2427911e-05  -0.00041850016  3.4383948e-05  -6.6888777e-05  -0.00030142067  5.4941206e-05  -1.2619325e-05  -6.7291362e-05  -0.00010711142  -7.4674306e-06  1.1798058e-05  8.6174387e-06  1.5681479e-05  7.6934030e-06  -1.8450500e-06  -4.5647468e-05  0.00015512041  9.6424594e-05  0.0011789124  0.0000000   -1.8450043e-05  1.3128112e-05  -4.5335346e-05  -4.8722958e-06  -7.6163640e-05  -9.7869413e-05  5.6993588e-05  -1.9560526e-05  -0.00015164939  0.00024789554  3.5185890e-05  -1.2427911e-05  -0.00041850016  3.4383948e-05  -6.6888777e-05  -0.00030142067  5.4941206e-05  -1.2619325e-05  -6.7291362e-05  -0.00010711142  -7.4674306e-06  1.1798058e-05  8.6174387e-06  1.5681479e-05  7.6934030e-06  -1.8450500e-06  
-8.9725847e-05  0.00048274871  2.1479592e-05  -5.8962088e-05  1.8450043e-05  0.0000000   -0.00054676206  0.00012147513  8.2763270e-05  2.5808957e-06  -0.00015707032  0.00040877168  -0.00026445775  -5.5938055e-05  -1.5009037e-05  -4.6011717e-05  -4.9955315e-05  6.4411749e-05  -1.9781305e-07  2.7027746e-05  1.9991314e-05  -1.1457864e-07  -8.8031809e-05  2.5329087e-05  3.2066983e-05  -5.0313862e-05  8.2712364e-05  0.00010854744  -4.5188900e-06  6.7018663e-05  -7.0535773e-05  -8.9725847e-05  0.00048274871  2.1479592e-05  -5.8962088e-05  1.8450043e-05  0.0000000   -0.00054676206  0.00012147513  8.2763270e-05  2.5808957e-06  -0.00015707032  0.00040877168  -0.00026445775  -5.5938055e-05  -1.5009037e-05  -4.6011717e-05  -4.9955315e-05  6.4411749e-05  -1.9781305e-07  2.7027746e-05  1.9991314e-05  -1.1457864e-07  -8.8031809e-05  2.5329087e-05  3.2066983e-05  -5.0313862e-05  8.2712364e-05  0.00010854744  -4.5188900e-06  6.7018663e-05  -7.0535773e-05  
6.1028714e-05  0.00047206715  0.00089834123  5.3983851e-05  -1.3128112e-05  0.00054676206  0.0000000   -0.0079222090  -0.0027540133  -3.6370880e-05  -0.00028015070  -0.00047178017  0.00020566963  8.9064302e-05  2.8620520e-05  -6.4859122e-05  -2.3000757e-05  -1.6407936e-05  -2.3635605e-05  7.4495040e-06  1.3896553e-05  3.3238120e-05  3.6616469e-07  1.8319475e-05  -3.1132018e-06  0.00017269027  -0.00012472680  4.7408224e-05  1.0799552e-05  1.9021558e-06  3.3224611e-05  6.1028714e-05  0.00047206715  0.00089834123  5.3983851e-05  -1.3128112e-05  0.00054676206  0.0000000   -0.0079222090  -0.0027540133  -3.6370880e-05  -0.00028015070  -0.00047178017  0.00020566963  8.9064302e-05  2.8620520e-05  -6.4859122e-05  -2.3000757e-05  -1.6407936e-05  -2.3635605e-05  7.4495040e-06  1.3896553e-05  3.3238120e-05  3.6616469e-07  1.8319475e-05  -3.1132018e-06  0.00017269027  -0.00012472680  4.7408224e-05  1.0799552e-05  1.9021558e-06  3.3224611e-05  
-0.00019644942  -0.00045835187  -0.00018603476  -9.6555720e-06  4.5335346e-05  -0.00012147513  0.0079222090  0.0000000   -0.00095166504  2.3817921e-05  -0.00081711124  0.00082790395  0.00012826289  -2.1196641e-05  3.1536301e-05  0.00038723126  -4.6851699e-06  -1.3189314e-05  4.5337069e-05  3.4126118e-05  3.1796449e-05  -3.0162533e-05  6.2519290e-05  -3.8609022e-07  -4.7426915e-06  -1.3963953e-05  0.00013138733  -5.7547005e-05  -2.1603238e-06  6.5650419e-05  1.2885359e-05  -0.00019644942  -0.00045835187  -0.00018603476  -9.6555720e-06  4.5335346e-05  -0.00012147513  0.0079222090  0.0000000   -0.00095166504  2.3817921e-05  -0.00081711124  0.00082790395  0.00012826289  -2.1196641e-05  3.1536301e-05  0.00038723126  -4.6851699e-06  -1.3189314e-05  4.5337069e-05  3.4126118e-05  3.1796449e-05  -3.0162533e-05  6.2519290e-05  -3.8609022e-07  -4.7426915e-06  -1.3963953e-05  0.00013138733  -5.7547005e-05  -2.1603238e-06  6.5650419e-05  1.2885359e-05  
-1.7855536e-05  -0.00068990803  -0.00053612929  -8.9040216e-06  4.8722958e-06  -8.2763270e-05  0.0027540133  0.00095166504  0.0000000   2.9860687e-05  0.00017307498  0.00010170409  0.00033302156  2.1948303e-05  -8.4139703e-05  0.00054594879  2.5006758e-05  -1.6076386e-06  2.2883383e-05  -6.8808943e-06  7.9459835e-06  -1.3865640e-05  6.9821913e-05  1.6633554e-06  -2.5182470e-05  6.0693936e-05  0.00027186218  -6.0011091e-05  4.6339582e-07  4.8565639e-05  -6.5939357e-05  -1.7855536e-05  -0.00068990803  -0.00053612929  -8.9040216e-06  4.8722958e-06  -8.2763270e-05  0.0027540133  0.00095166504  0.0000000   2.9860687e-05  0.00017307498  0.00010170409  0.00033302156  2.1948303e-05  -8.4139703e-05  0.00054594879  2.5006758e-05  -1.6076386e-06  2.2883383e-05  -6.8808943e-06  7.9459835e-06  -1.3865640e-05  6.9821913e-05  1.6633554e-06  -2.5182470e-05  6.0693936e-05  0.00027186218  -6.0011091e-05  4.6339582e-07  4.8565639e-05  -6.5939357e-05  
1.9178757e-05  -2.3282901e-05  -2.5743882e-05  -0.00028674752  7.6163640e-05  -2.5808957e-06  3.6370880e-05  -2.3817921e-05  -2.9860687e-05  0.0000000   7.7747947e-05  -4.9479341e-05  -2.3040626e-05  0.00063205846  0.00037709530  1.3609358e-05  2.6640738e-05  -0.00020709115  -5.0261162e-05  0.00013378814  -0.00010238670  6.0168216e-05  2.8184142e-06  0.00016132424  -4.4735252e-05  3.1397028e-06  -1.6556932e-05  7.0820977e-06  0.00017133984  -1.2313697e-05  6.6183406e-07  1.9178757e-05  -2.3282901e-05  -2.5743882e-05  -0.00028674752  7.6163640e-05  -2.5808957e-06  3.6370880e-05  -2.3817921e-05  -2.9860687e-05  0.0000000   7.7747947e-05  -4.9479341e-05  -2.3040626e-05  0.00063205846  0.00037709530  1.3609358e-05  2.6640738e-05  -0.00020709115  -5.0261162e-05  0.00013378814  -0.00010238670  6.0168216e-05  2.8184142e-06  0.00016132424  -4.4735252e-05  3.1397028e-06  -1.6556932e-05  7.0820977e-06  0.00017133984  -1.2313697e-05  6.6183406e-07  
0.00017827041  -7.7874122e-05  0.0010051245  -2.1168495e-05  9.7869413e-05  0.00015707032  0.00028015070  0.00081711124  -0.00017307498  -7.7747947e-05  0.0000000   0.0045257782  0.00015813698  0.00024171599  0.00029045747  -0.00092814467  -8.1467484e-06  -0.00019907117  -1.5222561e-05  -1.7732554e-05  -5.9685990e-05  2.5320127e-05  1.5552794e-05  -1.8292201e-05  -1.9138672e-05  3.1847739e-05  9.9689437e-05  -0.00013694215  -1.3852983e-05  -5.6423689e-05  0.00014896931  0.00017827041  -7.7874122e-05  0.0010051245  -2.1168495e-05  9.7869413e-05  0.00015707032  0.00028015070  0.00081711124  -0.00017307498  -7.7747947e-05  0.0000000   0.0045257782  0.00015813698  0.00024171599  0.00029045747  -0.00092814467  -8.1467484e-06  -0.00019907117  -1.5222561e-05  -1.7732554e-05  -5.9685990e-05  2.5320127e-05  1.5552794e-05  -1.8292201e-05  -1.9138672e-05  3.1847739e-05  9.9689437e-05  -0.00013694215  -1.3852983e-05  -5.6423689e-05  0.00014896931  
-0.00019384862  -4.6435356e-05  1.9662846e-05  2.9610833e-05  -5.6993588e-05  -0.00040877168  0.00047178017  -0.00082790395  -0.00010170409  4.9479341e-05  -0.0045257782  0.0000000   -0.0031208389  9.6977277e-06  -0.00020632826  -0.00040198914  -0.00011211286  6.1758957e-05  4.9087549e-05  9.9699265e-05  4.6362874e-05  -7.3967033e-06  -0.00017579175  1.2502412e-05  -7.2024663e-06  2.3288272e-05  2.5873885e-05  0.00019589832  -6.7443414e-06  4.8409626e-05  -2.2713366e-07  -0.00019384862  -4.6435356e-05  1.9662846e-05  2.9610833e-05  -5.6993588e-05  -0.00040877168  0.00047178017  -0.00082790395  -0.00010170409  4.9479341e-05  -0.0045257782  0.0000000   -0.0031208389  9.6977277e-06  -0.00020632826  -0.00040198914  -0.00011211286  6.1758957e-05  4.9087549e-05  9.9699265e-05  4.6362874e-05  -7.3967033e-06  -0.00017579175  1.2502412e-05  -7.2024663e-06  2.3288272e-05  2.5873885e-05  0.00019589832  -6.7443414e-06  4.8409626e-05  -2.2713366e-07  
-4.0817951e-06  0.00048966287  0.00023527977  2.4833487e-05  1.9560526e-05  0.00026445775  -0.00020566963  -0.00012826289  -0.00033302156  2.3040626e-05  -0.00015813698  0.0031208389  0.0000000   0.00019410761  -0.00049394273  -0.0018112185  4.4343810e-05  -0.00012862216  -9.9769664e-05  -0.00010772199  -1.3830386e-05  1.2960170e-05  -0.00016599968  5.2275605e-06  -1.7338402e-05  0.00034283232  -0.00019496055  5.6121105e-05  -2.9364474e-06  -0.00018047721  9.0719638e-05  -4.0817951e-06  0.00048966287  0.00023527977  2.4833487e-05  1.9560526e-05  0.00026445775  -0.00020566963  -0.00012826289  -0.00033302156  2.3040626e-05  -0.00015813698  0.0031208389  0.0000000   0.00019410761  -0.00049394273  -0.0018112185  4.4343810e-05  -0.00012862216  -9.9769664e-05  -0.00010772199  -1.3830386e-05  1.2960170e-05  -0.00016599968  5.2275605e-06  -1.7338402e-05  0.00034283232  -0.00019496055  5.6121105e-05  -2.9364474e-06  -0.00018047721  9.0719638e-05  
1.0529640e-05  5.2423995e-05  -1.1837943e-05  5.8360043e-06  0.00015164939  5.5938055e-05  -8.9064302e-05  2.1196641e-05  -2.1948303e-05  -0.00063205846  -0.00024171599  -9.6977277e-06  -0.00019410761  0.0000000   0.0062340329  0.00010738710  0.00021175264  -0.00083161433  0.00022562223  0.00041116506  -0.00031262905  0.00034415524  -3.1889850e-05  -7.1469801e-05  -3.3977004e-05  6.6257315e-05  -5.6500342e-05  1.9351643e-05  -3.3674099e-05  -1.5759499e-05  -6.4866482e-06  1.0529640e-05  5.2423995e-05  -1.1837943e-05  5.8360043e-06  0.00015164939  5.5938055e-05  -8.9064302e-05  2.1196641e-05  -2.1948303e-05  -0.00063205846  -0.00024171599  -9.6977277e-06  -0.00019410761  0.0000000   0.0062340329  0.00010738710  0.00021175264  -0.00083161433  0.00022562223  0.00041116506  -0.00031262905  0.00034415524  -3.1889850e-05  -7.1469801e-05  -3.3977004e-05  6.6257315e-05  -5.6500342e-05  1.9351643e-05  -3.3674099e-05  -1.5759499e-05  -6.4866482e-06  
2.9660781e-05  -9.1567994e-06  0.00011134467  0.00052819824  -0.00024789554  1.5009037e-05  -2.8620520e-05  -3.1536301e-05  8.4139703e-05  -0.00037709530  -0.00029045747  0.00020632826  0.00049394273  -0.0062340329  0.0000000   -5.0781384e-05  -0.0022809608  0.00076316751  0.00027963588  0.0013921098  8.2042898e-05  -0.00056483638  -4.9378864e-05  0.00018927516  0.00010102626  1.3085438e-05  2.3208690e-05  6.5562025e-06  -0.00023854892  -3.7752949e-06  -7.7284710e-06  2.9660781e-05  -9.1567994e-06  0.00011134467  0.00052819824  -0.00024789554  1.5009037e-05  -2.8620520e-05  -3.1536301e-05  8.4139703e-05  -0.00037709530  -0.00029045747  0.00020632826  0.00049394273  -0.0062340329  0.0000000   -5.0781384e-05  -0.0022809608  0.00076316751  0.00027963588  0.0013921098  8.2042898e-05  -0.00056483638  -4.9378864e-05  0.00018927516  0.00010102626  1.3085438e-05  2.3208690e-05  6.5562025e-06  -0.00023854892  -3.7752949e-06  -7.7284710e-06  
0.00015747090  0.00020149275  -0.00043977057  3.0504295e-05  -3.5185890e-05  4.6011717e-05  6.4859122e-05  -0.00038723126  -0.00054594879  -1.3609358e-05  0.00092814467  0.00040198914  0.0018112185  -0.00010738710  5.0781384e-05  0.0000000   0.00017874506  4.7075792e-05  -6.9320468e-05  4.3093063e-05  7.0546046e-06  2.3559963e-05  -0.00014209531  2.1375737e-05  1.5952283e-05  -0.00031471437  -0.00035954012  3.6416243e-05  1.2468898e-06  0.00011073511  -0.00022975359  0.00015747090  0.00020149275  -0.00043977057  3.0504295e-05  -3.5185890e-05  4.6011717e-05  6.4859122e-05  -0.00038723126  -0.00054594879  -1.3609358e-05  0.00092814467  0.00040198914  0.0018112185  -0.00010738710  5.0781384e-05  0.0000000   0.00017874506  4.7075792e-05  -6.9320468e-05  4.3093063e-05  7.0546046e-06  2.3559963e-05  -0.00014209531  2.1375737e-05  1.5952283e-05  -0.00031471437  -0.00035954012  3.6416243e-05  1.2468898e-06  0.00011073511  -0.00022975359  
4.9123403e-05  -5.5918450e-06  2.0931711e-05  7.2465365e-05  1.2427911e-05  4.9955315e-05  2.3000757e-05  4.6851699e-06  -2.5006758e-05  -2.6640738e-05  8.1467484e-06  0.00011211286  -4.4343810e-05  -0.00021175264  0.0022809608  -0.00017874506  0.0000000   0.0056752815  0.00064614594  0.0010187689  1.3500309e-05  -0.00015657433  2.5583260e-05  1.8828692e-05  -0.00015761980  3.2843331e-05  2.9413049e-06  -7.5082509e-07  -7.6368375e-05  8.9228716e-06  5.0223236e-06  4.9123403e-05  -5.5918450e-06  2.0931711e-05  7.2465365e-05  1.2427911e-05  4.9955315e-05  2.3000757e-05  4.6851699e-06  -2.5006758e-05  -2.6640738e-05  8.1467484e-06  0.00011211286  -4.4343810e-05  -0.00021175264  0.0022809608  -0.00017874506  0.0000000   0.0056752815  0.00064614594  0.0010187689  1.3500309e-05  -0.00015657433  2.5583260e-05  1.8828692e-05  -0.00015761980  3.2843331e-05  2.9413049e-06  -7.5082509e-07  -7.6368375e-05  8.9228716e-06  5.0223236e-06  
7.1975103e-06  4.4216573e-05  -6.4321642e-05  5.7512788e-05  0.00041850016  -6.4411749e-05  1.6407936e-05  1.3189314e-05  1.6076386e-06  0.00020709115  0.00019907117  -6.1758957e-05  0.00012862216  0.00083161433  -0.00076316751  -4.7075792e-05  -0.0056752815  0.0000000   0.0012844669  0.00049020234  -0.00063064248  -0.00021003583  -1.4983572e-06  0.00016838824  0.00016077448  -5.0987103e-05  -6.2619893e-06  2.2271738e-05  6.8030012e-05  -3.5491000e-07  -1.6986923e-05  7.1975103e-06  4.4216573e-05  -6.4321642e-05  5.7512788e-05  0.00041850016  -6.4411749e-05  1.6407936e-05  1.3189314e-05  1.6076386e-06  0.00020709115  0.00019907117  -6.1758957e-05  0.00012862216  0.00083161433  -0.00076316751  -4.7075792e-05  -0.0056752815  0.0000000   0.0012844669  0.00049020234  -0.00063064248  -0.00021003583  -1.4983572e-06  0.00016838824  0.00016077448  -5.0987103e-05  -6.2619893e-06  2.2271738e-05  6.8030012e-05  -3.5491000e-07  -1.6986923e-05  
4.0573763e-06  -2.4900024e-06  -2.5276729e-05  -7.2184152e-05  -3.4383948e-05  1.9781305e-07  2.3635605e-05  -4.5337069e-05  -2.2883383e-05  5.0261162e-05  1.5222561e-05  -4.9087549e-05  9.9769664e-05  -0.00022562223  -0.00027963588  6.9320468e-05  -0.00064614594  -0.0012844669  0.0000000   -0.0020775803  -0.00012197857  -0.00039294354  -3.5788487e-05  -8.7307144e-05  0.00011181032  -1.3487909e-06  -5.3315933e-06  -2.6935209e-06  -4.4524865e-05  1.1001023e-05  -1.4892241e-05  4.0573763e-06  -2.4900024e-06  -2.5276729e-05  -7.2184152e-05  -3.4383948e-05  1.9781305e-07  2.3635605e-05  -4.5337069e-05  -2.2883383e-05  5.0261162e-05  1.5222561e-05  -4.9087549e-05  9.9769664e-05  -0.00022562223  -0.00027963588  6.9320468e-05  -0.00064614594  -0.0012844669  0.0000000   -0.0020775803  -0.00012197857  -0.00039294354  -3.5788487e-05  -8.7307144e-05  0.00011181032  -1.3487909e-06  -5.3315933e-06  -2.6935209e-06  -4.4524865e-05  1.1001023e-05  -1.4892241e-05  
-1.1918390e-05  -2.9274055e-08  -1.5878724e-05  -1.2453015e-05  6.6888777e-05  -2.7027746e-05  -7.4495040e-06  -3.4126118e-05  6.8808943e-06  -0.00013378814  1.7732554e-05  -9.9699265e-05  0.00010772199  -0.00041116506  -0.0013921098  -4.3093063e-05  -0.0010187689  -0.00049020234  0.0020775803  0.0000000   -0.0015470046  0.00052177917  -1.5399583e-05  -0.00013413072  -0.00021347332  -2.4821257e-05  -1.5065501e-05  1.4845964e-05  -4.7329404e-05  -1.0129708e-06  -1.3490879e-05  -1.1918390e-05  -2.9274055e-08  -1.5878724e-05  -1.2453015e-05  6.6888777e-05  -2.7027746e-05  -7.4495040e-06  -3.4126118e-05  6.8808943e-06  -0.00013378814  1.7732554e-05  -9.9699265e-05  0.00010772199  -0.00041116506  -0.0013921098  -4.3093063e-05  -0.0010187689  -0.00049020234  0.0020775803  0.0000000   -0.0015470046  0.00052177917  -1.5399583e-05  -0.00013413072  -0.00021347332  -2.4821257e-05  -1.5065501e-05  1.4845964e-05  -4.7329404e-05  -1.0129708e-06  -1.3490879e-05  
2.3841679e-06  1.9894286e-05  -2.9813490e-05  -0.00016554067  0.00030142067  -1.9991314e-05  -1.3896553e-05  -3.1796449e-05  -7.9459835e-06  0.00010238670  5.9685990e-05  -4.6362874e-05  1.3830386e-05  0.00031262905  -8.2042898e-05  -7.0546046e-06  -1.3500309e-05  0.00063064248  0.00012197857  0.0015470046  0.0000000   -0.0010382134  -1.0152080e-05  -0.00061726398  -1.4720384e-05  -1.4286929e-06  -1.3641693e-05  1.6467035e-05  0.00033660556  1.0270590e-06  1.8376207e-05  2.3841679e-06  1.9894286e-05  -2.9813490e-05  -0.00016554067  0.00030142067  -1.9991314e-05  -1.3896553e-05  -3.1796449e-05  -7.9459835e-06  0.00010238670  5.9685990e-05  -4.6362874e-05  1.3830386e-05  0.00031262905  -8.2042898e-05  -7.0546046e-06  -1.3500309e-05  0.00063064248  0.00012197857  0.0015470046  0.0000000   -0.0010382134  -1.0152080e-05  -0.00061726398  -1.4720384e-05  -1.4286929e-06  -1.3641693e-05  1.6467035e-05  0.00033660556  1.0270590e-06  1.8376207e-05  
6.4821323e-06  3.4172079e-06  8.0372069e-06  0.00024793245  -5.4941206e-05  1.1457864e-07  -3.3238120e-05  3.0162533e-05  1.3865640e-05  -6.0168216e-05  -2.5320127e-05  7.3967033e-06  -1.2960170e-05  -0.00034415524  0.00056483638  -2.3559963e-05  0.00015657433  0.00021003583  0.00039294354  -0.00052177917  0.0010382134  0.0000000   7.0830739e-07  -0.00053293227  0.00020926759  1.0890120e-05  1.0739088e-05  -1.5609014e-05  1.4191655e-06  1.8306806e-05  -2.8286188e-06  6.4821323e-06  3.4172079e-06  8.0372069e-06  0.00024793245  -5.4941206e-05  1.1457864e-07  -3.3238120e-05  3.0162533e-05  1.3865640e-05  -6.0168216e-05  -2.5320127e-05  7.3967033e-06  -1.2960170e-05  -0.00034415524  0.00056483638  -2.3559963e-05  0.00015657433  0.00021003583  0.00039294354  -0.00052177917  0.0010382134  0.0000000   7.0830739e-07  -0.00053293227  0.00020926759  1.0890120e-05  1.0739088e-05  -1.5609014e-05  1.4191655e-06  1.8306806e-05  -2.8286188e-06  
6.0493255e-05  5.6583861e-05  3.7442378e-05  6.5935461e-06  1.2619325e-05  8.8031809e-05  -3.6616469e-07  -6.2519290e-05  -6.9821913e-05  -2.8184142e-06  -1.5552794e-05  0.00017579175  0.00016599968  3.1889850e-05  4.9378864e-05  0.00014209531  -2.5583260e-05  1.4983572e-06  3.5788487e-05  1.5399583e-05  1.0152080e-05  -7.0830739e-07  0.0000000   0.00017117449  4.4988220e-05  0.00022695934  1.0467237e-05  0.00013523023  5.2384657e-06  -0.00021862789  1.7719761e-05  6.0493255e-05  5.6583861e-05  3.7442378e-05  6.5935461e-06  1.2619325e-05  8.8031809e-05  -3.6616469e-07  -6.2519290e-05  -6.9821913e-05  -2.8184142e-06  -1.5552794e-05  0.00017579175  0.00016599968  3.1889850e-05  4.9378864e-05  0.00014209531  -2.5583260e-05  1.4983572e-06  3.5788487e-05  1.5399583e-05  1.0152080e-05  -7.0830739e-07  0.0000000   0.00017117449  4.4988220e-05  0.00022695934  1.0467237e-05  0.00013523023  5.2384657e-06  -0.00021862789  1.7719761e-05  
1.3183091e-05  -1.6507211e-05  -1.4208842e-05  1.3278785e-05  6.7291362e-05  -2.5329087e-05  -1.8319475e-05  3.8609022e-07  -1.6633554e-06  -0.00016132424  1.8292201e-05  -1.2502412e-05  -5.2275605e-06  7.1469801e-05  -0.00018927516  -2.1375737e-05  -1.8828692e-05  -0.00016838824  8.7307144e-05  0.00013413072  0.00061726398  0.00053293227  -0.00017117449  0.0000000   -0.0066580438  -0.00033752542  -0.00012138267  6.7570426e-05  0.00023478307  1.0861821e-05  3.5266418e-05  1.3183091e-05  -1.6507211e-05  -1.4208842e-05  1.3278785e-05  6.7291362e-05  -2.5329087e-05  -1.8319475e-05  3.8609022e-07  -1.6633554e-06  -0.00016132424  1.8292201e-05  -1.2502412e-05  -5.2275605e-06  7.1469801e-05  -0.00018927516  -2.1375737e-05  -1.8828692e-05  -0.00016838824  8.7307144e-05  0.00013413072  0.00061726398  0.00053293227  -0.00017117449  0.0000000   -0.0066580438  -0.00033752542  -0.00012138267  6.7570426e-05  0.00023478307  1.0861821e-05  3.5266418e-05  
-1.0962965e-05  -1.9037215e-05  -1.1275676e-05  -0.00020370292  0.00010711142  -3.2066983e-05  3.1132018e-06  4.7426915e-06  2.5182470e-05  4.4735252e-05  1.9138672e-05  7.2024663e-06  1.7338402e-05  3.3977004e-05  -0.00010102626  -1.5952283e-05  0.00015761980  -0.00016077448  -0.00011181032  0.00021347332  1.4720384e-05  -0.00020926759  -4.4988220e-05  0.0066580438  0.0000000   -0.00012599839  -1.7335388e-05  1.7662747e-05  0.00056375715  1.1585679e-05  -2.5323132e-05  -1.0962965e-05  -1.9037215e-05  -1.1275676e-05  -0.00020370292  0.00010711142  -3.2066983e-05  3.1132018e-06  4.7426915e-06  2.5182470e-05  4.4735252e-05  1.9138672e-05  7.2024663e-06  1.7338402e-05  3.3977004e-05  -0.00010102626  -1.5952283e-05  0.00015761980  -0.00016077448  -0.00011181032  0.00021347332  1.4720384e-05  -0.00020926759  -4.4988220e-05  0.0066580438  0.0000000   -0.00012599839  -1.7335388e-05  1.7662747e-05  0.00056375715  1.1585679e-05  -2.5323132e-05  
-0.00014993869  7.5405618e-05  3.4929150e-05  -2.0042264e-06  7.4674306e-06  5.0313862e-05  -0.00017269027  1.3963953e-05  -6.0693936e-05  -3.1397028e-06  -3.1847739e-05  -2.3288272e-05  -0.00034283232  -6.6257315e-05  -1.3085438e-05  0.00031471437  -3.2843331e-05  5.0987103e-05  1.3487909e-06  2.4821257e-05  1.4286929e-06  -1.0890120e-05  -0.00022695934  0.00033752542  0.00012599839  0.0000000   -0.0010473263  -0.00027904388  3.1309174e-05  -0.00012848280  0.00042872279  -0.00014993869  7.5405618e-05  3.4929150e-05  -2.0042264e-06  7.4674306e-06  5.0313862e-05  -0.00017269027  1.3963953e-05  -6.0693936e-05  -3.1397028e-06  -3.1847739e-05  -2.3288272e-05  -0.00034283232  -6.6257315e-05  -1.3085438e-05  0.00031471437  -3.2843331e-05  5.0987103e-05  1.3487909e-06  2.4821257e-05  1.4286929e-06  -1.0890120e-05  -0.00022695934  0.00033752542  0.00012599839  0.0000000   -0.0010473263  -0.00027904388  3.1309174e-05  -0.00012848280  0.00042872279  
3.1194123e-05  4.7096915e-05  -0.00016758072  -4.3230174e-06  -1.1798058e-05  -8.2712364e-05  0.00012472680  -0.00013138733  -0.00027186218  1.6556932e-05  -9.9689437e-05  -2.5873885e-05  0.00019496055  5.6500342e-05  -2.3208690e-05  0.00035954012  -2.9413049e-06  6.2619893e-06  5.3315933e-06  1.5065501e-05  1.3641693e-05  -1.0739088e-05  -1.0467237e-05  0.00012138267  1.7335388e-05  0.0010473263  0.0000000   -0.00037999915  2.5774667e-05  -0.00028476567  -0.00056745931  3.1194123e-05  4.7096915e-05  -0.00016758072  -4.3230174e-06  -1.1798058e-05  -8.2712364e-05  0.00012472680  -0.00013138733  -0.00027186218  1.6556932e-05  -9.9689437e-05  -2.5873885e-05  0.00019496055  5.6500342e-05  -2.3208690e-05  0.00035954012  -2.9413049e-06  6.2619893e-06  5.3315933e-06  1.5065501e-05  1.3641693e-05  -1.0739088e-05  -1.0467237e-05  0.00012138267  1.7335388e-05  0.0010473263  0.0000000   -0.00037999915  2.5774667e-05  -0.00028476567  -0.00056745931  
-2.2467803e-05  9.7601750e-05  1.2828700e-06  2.9026755e-07  -8.6174387e-06  -0.00010854744  -4.7408224e-05  5.7547005e-05  6.0011091e-05  -7.0820977e-06  0.00013694215  -0.00019589832  -5.6121105e-05  -1.9351643e-05  -6.5562025e-06  -3.6416243e-05  7.5082509e-07  -2.2271738e-05  2.6935209e-06  -1.4845964e-05  -1.6467035e-05  1.5609014e-05  -0.00013523023  -6.7570426e-05  -1.7662747e-05  0.00027904388  0.00037999915  0.0000000   -2.8408523e-05  -0.00036974526  0.00024702651  -2.2467803e-05  9.7601750e-05  1.2828700e-06  2.9026755e-07  -8.6174387e-06  -0.00010854744  -4.7408224e-05  5.7547005e-05  6.0011091e-05  -7.0820977e-06  0.00013694215  -0.00019589832  -5.6121105e-05  -1.9351643e-05  -6.5562025e-06  -3.6416243e-05  7.5082509e-07  -2.2271738e-05  2.6935209e-06  -1.4845964e-05  -1.6467035e-05  1.5609014e-05  -0.00013523023  -6.7570426e-05  -1.7662747e-05  0.00027904388  0.00037999915  0.0000000   -2.8408523e-05  -0.00036974526  0.00024702651  
9.0870414e-06  -3.4562120e-06  1.0920226e-06  0.00013316267  -1.5681479e-05  4.5188900e-06  -1.0799552e-05  2.1603238e-06  -4.6339582e-07  -0.00017133984  1.3852983e-05  6.7443414e-06  2.9364474e-06  3.3674099e-05  0.00023854892  -1.2468898e-06  7.6368375e-05  -6.8030012e-05  4.4524865e-05  4.7329404e-05  -0.00033660556  -1.4191655e-06  -5.2384657e-06  -0.00023478307  -0.00056375715  -3.1309174e-05  -2.5774667e-05  2.8408523e-05  0.0000000   5.8678325e-05  8.6872139e-06  9.0870414e-06  -3.4562120e-06  1.0920226e-06  0.00013316267  -1.5681479e-05  4.5188900e-06  -1.0799552e-05  2.1603238e-06  -4.6339582e-07  -0.00017133984  1.3852983e-05  6.7443414e-06  2.9364474e-06  3.3674099e-05  0.00023854892  -1.2468898e-06  7.6368375e-05  -6.8030012e-05  4.4524865e-05  4.7329404e-05  -0.00033660556  -1.4191655e-06  -5.2384657e-06  -0.00023478307  -0.00056375715  -3.1309174e-05  -2.5774667e-05  2.8408523e-05  0.0000000   5.8678325e-05  8.6872139e-06  
7.9111062e-05  0.00014882743  -0.00011744577  -1.3294644e-05  -7.6934030e-06  -6.7018663e-05  -1.9021558e-06  -6.5650419e-05  -4.8565639e-05  1.2313697e-05  5.6423689e-05  -4.8409626e-05  0.00018047721  1.5759499e-05  3.7752949e-06  -0.00011073511  -8.9228716e-06  3.5491000e-07  -1.1001023e-05  1.0129708e-06  -1.0270590e-06  -1.8306806e-05  0.00021862789  -1.0861821e-05  -1.1585679e-05  0.00012848280  0.00028476567  0.00036974526  -5.8678325e-05  0.0000000   -0.00027001123  7.9111062e-05  0.00014882743  -0.00011744577  -1.3294644e-05  -7.6934030e-06  -6.7018663e-05  -1.9021558e-06  -6.5650419e-05  -4.8565639e-05  1.2313697e-05  5.6423689e-05  -4.8409626e-05  0.00018047721  1.5759499e-05  3.7752949e-06  -0.00011073511  -8.9228716e-06  3.5491000e-07  -1.1001023e-05  1.0129708e-06  -1.0270590e-06  -1.8306806e-05  0.00021862789  -1.0861821e-05  -1.1585679e-05  0.00012848280  0.00028476567  0.00036974526  -5.8678325e-05  0.0000000   -0.00027001123  
2.3335780e-05  -3.6884437e-05  4.8475678e-05  4.8477142e-06  1.8450500e-06  7.0535773e-05  -3.3224611e-05  -1.2885359e-05  6.5939357e-05  -6.6183406e-07  -0.00014896931  2.2713366e-07  -9.0719638e-05  6.4866482e-06  7.7284710e-06  0.00022975359  -5.0223236e-06  1.6986923e-05  1.4892241e-05  1.3490879e-05  -1.8376207e-05  2.8286188e-06  -1.7719761e-05  -3.5266418e-05  2.5323132e-05  -0.00042872279  0.00056745931  -0.00024702651  -8.6872139e-06  0.00027001123  0.0000000   2.3335780e-05  -3.6884437e-05  4.8475678e-05  4.8477142e-06  1.8450500e-06  7.0535773e-05  -3.3224611e-05  -1.2885359e-05  6.5939357e-05  -6.6183406e-07  -0.00014896931  2.2713366e-07  -9.0719638e-05  6.4866482e-06  7.7284710e-06  0.00022975359  -5.0223236e-06  1.6986923e-05  1.4892241e-05  1.3490879e-05  -1.8376207e-05  2.8286188e-06  -1.7719761e-05  -3.5266418e-05  2.5323132e-05  -0.00042872279  0.00056745931  -0.00024702651  -8.6872139e-06  0.00027001123  0.0000000   
0.0000000   -0.0015041896  -0.00022679323  1.5199796e-05  4.5647468e-05  8.9725847e-05  -6.1028714e-05  0.00019644942  1.7855536e-05  -1.9178757e-05  -0.00017827041  0.00019384862  4.0817951e-06  -1.0529640e-05  -2.9660781e-05  -0.00015747090  -4.9123403e-05  -7.1975103e-06  -4.0573763e-06  1.1918390e-05  -2.3841679e-06  -6.4821323e-06  -6.0493255e-05  -1.3183091e-05  1.0962965e-05  0.00014993869  -3.1194123e-05  2.2467803e-05  -9.0870414e-06  -7.9111062e-05  -2.3335780e-05  0.0000000   -0.0015041896  -0.00022679323  1.5199796e-05  4.5647468e-05  8.9725847e-05  -6.1028714e-05  0.00019644942  1.7855536e-05  -1.9178757e-05  -0.00017827041  0.00019384862  4.0817951e-06  -1.0529640e-05  -2.9660781e-05  -0.00015747090  -4.9123403e-05  -7.1975103e-06  -4.0573763e-06  1.1918390e-05  -2.3841679e-06  -6.4821323e-06  -6.0493255e-05  -1.3183091e-05  1.0962965e-05  0.00014993869  -3.1194123e-05  2.2467803e-05  -9.0870414e-06  -7.9111062e-05  -2.3335780e-05  
0.0015041896  0.0000000   -0.0022313556  4.3080984e-05  -0.00015512041  -0.00048274871  -0.00047206715  0.00045835187  0.00068990803  2.3282901e-05  7.7874122e-05  4.6435356e-05  -0.00048966287  -5.2423995e-05  9.1567994e-06  -0.00020149275  5.5918450e-06  -4.4216573e-05  2.4900024e-06  2.9274055e-08  -1.9894286e-05  -3.4172079e-06  -5.6583861e-05  1.6507211e-05  1.9037215e-05  -7.5405618e-05  -4.7096915e-05  -9.7601750e-05  3.4562120e-06  -0.00014882743  3.6884437e-05  0.0015041896  0.0000000   -0.0022313556  4.3080984e-05  -0.00015512041  -0.00048274871  -0.00047206715  0.00045835187  0.00068990803  2.3282901e-05  7.7874122e-05  4.6435356e-05  -0.00048966287  -5.2423995e-05  9.1567994e-06  -0.00020149275  5.5918450e-06  -4.4216573e-05  2.4900024e-06  2.9274055e-08  -1.9894286e-05  -3.4172079e-06  -5.6583861e-05  1.6507211e-05  1.9037215e-05  -7.5405618e-05  -4.7096915e-05  -9.7601750e-05  3.4562120e-06  -0.00014882743  3.6884437e-05  
0.00022679323  0.0022313556  0.0000000   -4.7849685e-05  -9.6424594e-05  -2.1479592e-05  -0.00089834123  0.00018603476  0.00053612929  2.5743882e-05  -0.0010051245  -1.9662846e-05  -0.00023527977  1.1837943e-05  -0.00011134467  0.00043977057  -2.0931711e-05  6.4321642e-05  2.5276729e-05  1.5878724e-05  2.9813490e-05  -8.0372069e-06  -3.7442378e-05  1.4208842e-05  1.1275676e-05  -3.4929150e-05  0.00016758072  -1.2828700e-06  -1.0920226e-06  0.00011744577  -4.8475678e-05  0.00022679323  0.0022313556  0.0000000   -4.7849685e-05  -9.6424594e-05  -2.1479592e-05  -0.00089834123  0.00018603476  0.00053612929  2.5743882e-05  -0.0010051245  -1.9662846e-05  -0.00023527977  1.1837943e-05  -0.00011134467  0.00043977057  -2.0931711e-05  6.4321642e-05  2.5276729e-05  1.5878724e-05  2.9813490e-05  -8.0372069e-06  -3.7442378e-05  1.4208842e-05  1.1275676e-05  -3.4929150e-05  0.00016758072  -1.2828700e-06  -1.0920226e-06  0.00011744577  -4.8475678e-05  
-1.5199796e-05  -4.3080984e-05  4.7849685e-05  0.0000000   -0.0011789124  5.8962088e-05  -5.3983851e-05  9.6555720e-06  8.9040216e-06  0.00028674752  2.1168495e-05  -2.9610833e-05  -2.4833487e-05  -5.8360043e-06  -0.00052819824  -3.0504295e-05  -7.2465365e-05  -5.7512788e-05  7.2184152e-05  1.2453015e-05  0.00016554067  -0.00024793245  -6.5935461e-06  -1.3278785e-05  0.00020370292  2.0042264e-06  4.3230174e-06  -2.9026755e-07  -0.00013316267  1.3294644e-05  -4.8477142e-06  -1.5199796e-05  -4.3080984e-05  4.7849685e-05  0.0000000   -0.0011789124  5.8962088e-05  -5.3983851e-05  9.6555720e-06  8.9040216e-06  0.00028674752  2.1168495e-05  -2.9610833e-05  -2.4833487e-05  -5.8360043e-06  -0.00052819824  -3.0504295e-05  -7.2465365e-05  -5.7512788e-05  7.2184152e-05  1.2453015e-05  0.00016554067  -0.00024793245  -6.5935461e-06  -1.3278785e-05  0.00020370292  2.0042264e-06  4.3230174e-06  -2.9026755e-07  -0.00013316267  1.3294644e-05  -4.8477142e-06  
-4.5647468e-05  0.00015512041  9.6424594e-05  0.0011789124  0.0000000   -1.8450043e-05  1.3128112e-05  -4.5335346e-05  -4.8722958e-06  -7.6163640e-05  -9.7869413e-05  5.6993588e-05  -1.9560526e-05  -0.00015164939  0.00024789554  3.5185890e-05  -1.2427911e-05  -0.00041850016  3.4383948e-05  -6.6888777e-05  -0.00030142067  5.4941206e-05  -1.2619325e-05  -6.7291362e-05  -0.00010711142  -7.4674306e-06  1.1798058e-05  8.6174387e-06  1.5681479e-05  7.6934030e-06  -1.8450500e-06  -4.5647468e-05  0.00015512041  9.6424594e-05  0.0011789124  0.0000000   -1.8450043e-05  1.3128112e-05  -4.5335346e-05  -4.8722958e-06  -7.6163640e-05  -9.7869413e-05  5.6993588e-05  -1.9560526e-05  -0.00015164939  0.00024789554  3.5185890e-05  -1.2427911e-05  -0.00041850016  3.4383948e-05  -6.6888777e-05  -0.00030142067  5.4941206e-05  -1.2619325e-05  -6.7291362e-05  -0.00010711142  -7.4674306e-06  1.1798058e-05  8.6174387e-06  1.5681479e-05  7.6934030e-06  -1.8450500e-06  
-8.9725847e-05  0.00048274871  2.1479592e-05  -5.8962088e-05  1.8450043e-05  0.0000000   -0.00054676206  0.00012147513  8.2763270e-05  2.5808957e-06  -0.00015707032  0.00040877168  -0.00026445775  -5.5938055e-05  -1.5009037e-05  -4.6011717e-05  -4.9955315e-05  6.4411749e-05  -1.9781305e-07  2.7027746e-05  1.9991314e-05  -1.1457864e-07  -8.8031809e-05  2.5329087e-05  3.2066983e-05  -5.0313862e-05  8.2712364e-05  0.00010854744  -4.5188900e-06  6.7018663e-05  -7.0535773e-05  -8.9725847e-05  0.00048274871  2.1479592e-05  -5.8962088e-05  1.8450043e-05  0.0000000   -0.00054676206  0.00012147513  8.2763270e-05  2.5808957e-06  -0.00015707032  0.00040877168  -0.00026445775  -5.5938055e-05  -1.5009037e-05  -4.6011717e-05  -4.9955315e-05  6.4411749e-05  -1.9781305e-07  2.7027746e-05  1.9991314e-05  -1.1457864e-07  -8.8031809e-05  2.5329087e-05  3.2066983e-05  -5.0313862e-05  8.2712364e-05  0.00010854744  -4.5188900e-06  6.7018663e-05  -7.0535773e-05  
6.1028714e-05  0.00047206715  0.00089834123  5.3983851e-05  -1.3128112e-05  0.00054676206  0.0000000   -0.0079222090  -0.0027540133  -3.6370880e-05  -0.00028015070  -0.00047178017  0.00020566963  8.9064302e-05  2.8620520e-05  -6.4859122e-05  -2.3000757e-05  -1.6407936e-05  -2.3635605e-05  7.4495040e-06  1.3896553e-05  3.3238120e-05  3.6616469e-07  1.8319475e-05  -3.1132018e-06  0.00017269027  -0.00012472680  4.7408224e-05  1.0799552e-05  1.9021558e-06  3.3224611e-05  6.1028714e-05  0.00047206715  0.00089834123  5.3983851e-05  -1.3128112e-05  0.00054676206  0.0000000   -0.0079222090  -0.0027540133  -3.6370880e-05  -0.00028015070  -0.00047178017  0.00020566963  8.9064302e-05  2.8620520e-05  -6.4859122e-05  -2.3000757e-05  -1.6407936e-05  -2.3635605e-05  7.4495040e-06  1.3896553e-05  3.3238120e-05  3.6616469e-07  1.8319475e-05  -3.1132018e-06  0.00017269027  -0.00012472680  4.7408224e-05  1.0799552e-05  1.9021558e-06  3.3224611e-05  
-0.00019644942  -0.00045835187  -0.00018603476  -9.6555720e-06  4.5335346e-05  -0.00012147513  0.0079222090  0.0000000   -0.00095166504  2.3817921e-05  -0.00081711124  0.00082790395  0.00012826289  -2.1196641e-05  3.1536301e-05  0.00038723126  -4.6851699e-06  -1.3189314e-05  4.5337069e-05  3.4126118e-05  3.1796449e-05  -3.0162533e-05  6.2519290e-05  -3.8609022e-07  -4.7426915e-06  -1.3963953e-05  0.00013138733  -5.7547005e-05  -2.1603238e-06  6.5650419e-05  1.2885359e-05  -0.00019644942  -0.00045835187  -0.00018603476  -9.6555720e-06  4.5335346e-05  -0.00012147513  0.0079222090  0.0000000   -0.00095166504  2.3817921e-05  -0.00081711124  0.00082790395  0.00012826289  -2.1196641e-05  3.1536301e-05  0.00038723126  -4.6851699e-06  -1.3189314e-05  4.5337069e-05  3.4126118e-05  3.1796449e-05  -3.0162533e-05  6.2519290e-05  -3.8609022e-07  -4.7426915e-06  -1.3963953e-05  0.00013138733  -5.7547005e-05  -2.1603238e-06  6.5650419e-05  1.2885359e-05  
-1.7855536e-05  -0.00068990803  -0.00053612929  -8.9040216e-06  4.8722958e-06  -8.2763270e-05  0.0027540133  0.00095166504  0.0000000   2.9860687e-05  0.00017307498  0.00010170409  0.00033302156  2.1948303e-05  -8.4139703e-05  0.00054594879  2.5006758e-05  -1.6076386e-06  2.2883383e-05  -6.8808943e-06  7.9459835e-06  -1.3865640e-05  6.9821913e-05  1.6633554e-06  -2.5182470e-05  6.0693936e-05  0.00027186218  -6.0011091e-05  4.6339582e-07  4.8565639e-05  -6.5939357e-05  -1.7855536e-05  -0.00068990803  -0.00053612929  -8.9040216e-06  4.8722958e-06  -8.2763270e-05  0.0027540133  0.00095166504  0.0000000   2.9860687e-05  0.00017307498  0.00010170409  0.00033302156  2.1948303e-05  -8.4139703e-05  0.00054594879  2.5006758e-05  -1.6076386e-06  2.2883383e-05  -6.8808943e-06  7.9459835e-06  -1.3865640e-05  6.9821913e-05  1.6633554e-06  -2.5182470e-05  6.0693936e-05  0.00027186218  -6.0011091e-05  4.6339582e-07  4.8565639e-05  -6.5939357e-05  
1.9178757e-05  -2.3282901e-05  -2.5743882e-05  -0.00028674752  7.6163640e-05  -2.5808957e-06  3.6370880e-05  -2.3817921e-05  -2.9860687e-05  0.0000000   7.7747947e-05  -4.9479341e-05  -2.3040626e-05  0.00063205846  0.00037709530  1.3609358e-05  2.6640738e-05  -0.00020709115  -5.0261162e-05  0.00013378814  -0.00010238670  6.0168216e-05  2.8184142e-06  0.00016132424  -4.4735252e-05  3.1397028e-06  -1.6556932e-05  7.0820977e-06  0.00017133984  -1.2313697e-05  6.6183406e-07  1.9178757e-05  -2.3282901e-05  -2.5743882e-05  -0.00028674752  7.6163640e-05  -2.5808957e-06  3.6370880e-05  -2.3817921e-05  -2.9860687e-05  0.0000000   7.7747947e-05  -4.9479341e-05  -2.3040626e-05  0.00063205846  0.00037709530  1.3609358e-05  2.6640738e-05  -0.00020709115  -5.0261162e-05  0.00013378814  -0.00010238670  6.0168216e-05  2.8184142e-06  0.00016132424  -4.4735252e-05  3.1397028e-06  -1.6556932e-05  7.0820977e-06  0.00017133984  -1.2313697e-05  6.6183406e-07  
