0.0000000   7.2442453e-05  0.00027800999  0.00055435221  5.5738829e-06  -5.1492461e-05  -4.3369832e-05  0.00023396596  -7.6649514e-05  9.0274036e-05  -1.9956814e-05  8.2595112e-05  -0.00021938983  -3.4193485e-05  -1.0542656e-05  -7.7038670e-05  0.00014211922  0.00014713088  -6.9557618e-06  0.00011980250  -0.00018374670  -1.9953918e-05  1.0124934e-05  4.9307381e-05  0.00016680914  5.9501605e-05  1.5483364e-08  -6.4907888e-05  -1.2795853e-05  -6.9331677e-05  1.0521201e-06  0.0000000   7.2442453e-05  0.00027800999  0.00055435221  5.5738829e-06  -5.1492461e-05  -4.3369832e-05  0.00023396596  -7.6649514e-05  9.0274036e-05  -1.9956814e-05  8.2595112e-05  -0.00021938983  -3.4193485e-05  -1.0542656e-05  -7.7038670e-05  0.00014211922  0.00014713088  -6.9557618e-06  0.00011980250  -0.00018374670  -1.9953918e-05  1.0124934e-05  4.9307381e-05  0.00016680914  5.9501605e-05  1.5483364e-08  -6.4907888e-05  -1.2795853e-05  -6.9331677e-05  1.0521201e-06  
-7.2442453e-05  0.0000000   -4.6607635e-05  -0.00017425550  -0.00035546126  2.2965317e-05  -0.00011655076  2.0470073e-05  0.00049303579  1.6203271e-05  0.00026922577  3.3984643e-06  1.4960395e-05  -4.2166471e-05  3.8312534e-05  5.9805809e-06  1.4076034e-05  1.0872729e-05  0.00015931688  1.5948547e-05  -1.6138414e-05  -2.1852523e-05  4.8317345e-06  2.2120294e-06  3.3460221e-05  2.5247041e-05  -2.5239946e-05  -7.3320386e-06  0.00014952674  1.5990073e-06  -7.0305129e-06  -7.2442453e-05  0.0000000   -4.6607635e-05  -0.00017425550  -0.00035546126  2.2965317e-05  -0.00011655076  2.0470073e-05  0.00049303579  1.6203271e-05  0.00026922577  3.3984643e-06  1.4960395e-05  -4.2166471e-05  3.8312534e-05  5.9805809e-06  1.4076034e-05  1.0872729e-05  0.00015931688  1.5948547e-05  -1.6138414e-05  -2.1852523e-05  4.8317345e-06  2.2120294e-06  3.3460221e-05  2.5247041e-05  -2.5239946e-05  -7.3320386e-06  0.00014952674  1.5990073e-06  -7.0305129e-06  
-0.00027800999  4.6607635e-05  0.0000000   -0.0025650675  0.00019845443  -0.00068732820  -0.0019925838  -0.00033067717  9.6749428e-05  0.00027802976  -5.7683287e-05  -0.00063697452  0.00010483463  5.3196366e-05  9.8088597e-05  -0.00039860804  9.1100864e-05  5.3973567e-05  -2.5016201e-05  1.5788651e-05  -0.00013987757  1.7721710e-05  -7.3649323e-06  0.00013134372  -2.9301803e-05  9.4957234e-05  -7.5678102e-06  -1.8576106e-05  3.0252516e-05  -0.00016817376  4.7114218e-05  -0.00027800999  4.6607635e-05  0.0000000   -0.0025650675  0.00019845443  -0.00068732820  -0.0019925838  -0.00033067717  9.6749428e-05  0.00027802976  -5.7683287e-05  -0.00063697452  0.00010483463  5.3196366e-05  9.8088597e-05  -0.00039860804  9.1100864e-05  5.3973567e-05  -2.5016201e-05  1.5788651e-05  -0.00013987757  1.7721710e-05  -7.3649323e-06  0.00013134372  -2.9301803e-05  9.4957234e-05  -7.5678102e-06  -1.8576106e-05  3.0252516e-05  -0.00016817376  4.7114218e-05  
-0.00055435221  0.00017425550  0.0025650675  0.0000000   0.00037695099  -0.00014841335  0.00040968398  0.0011012509  -0.00031483061  0.00017058129  -1.5406565e-05  -0.00050347783  -0.00011272156  -0.00015226934  -1.8827184e-05  -9.1728333e-05  -8.1550316e-05  -0.00026370372  4.6946494e-05  3.2321959e-05  7.2192261e-05  -2.8275425e-05  -3.9347660e-05  0.00014851298  -7.7985202e-05  -0.00019010033  1.8734923e-05  -4.1312099e-05  -2.7921457e-05  5.4988128e-05  -4.4494097e-05  -0.00055435221  0.00017425550  0.0025650675  0.0000000   0.00037695099  -0.00014841335  0.00040968398  0.0011012509  -0.00031483061  0.00017058129  -1.5406565e-05  -0.00050347783  -0.00011272156  -0.00015226934  -1.8827184e-05  -9.1728333e-05  -8.1550316e-05  -0.00026370372  4.6946494e-05  3.2321959e-05  7.2192261e-05  -2.8275425e-05  -3.9347660e-05  0.00014851298  -7.7985202e-05  -0.00019010033  1.8734923e-05  -4.1312099e-05  -2.7921457e-05  5.4988128e-05  -4.4494097e-05  
-5.5738829e-06  0.00035546126  -0.00019845443  -0.00037695099  0.0000000   -0.0029451424  0.0012347085  -0.00016348066  -0.0012758481  -9.8155265e-05  -3.3169053e-05  4.0184472e-05  6.5590398e-05  -0.00030290709  -0.00023582977  -2.4762101e-05  5.2919884e-05  -3.6067156e-05  0.00031087551  4.4192229e-05  -6.4455055e-06  -0.00022377350  -4.4051088e-05  -3.2983482e-05  2.1723306e-05  3.9533981e-05  0.00016709770  4.2391376e-06  -0.00013693738  -1.8900332e-05  -1.3184340e-06  -5.5738829e-06  0.00035546126  -0.00019845443  -0.00037695099  0.0000000   -0.0029451424  0.0012347085  -0.00016348066  -0.0012758481  -9.8155265e-05  -3.3169053e-05  4.0184472e-05  6.5590398e-05  -0.00030290709  -0.00023582977  -2.4762101e-05  5.2919884e-05  -3.6067156e-05  0.00031087551  4.4192229e-05  -6.4455055e-06  -0.00022377350  -4.4051088e-05  -3.2983482e-05  2.1723306e-05  3.9533981e-05  0.00016709770  4.2391376e-06  -0.00013693738  -1.8900332e-05  -1.3184340e-06  
5.1492461e-05  -2.2965317e-05  0.00068732820  0.00014841335  0.0029451424  0.0000000   -0.00016923602  -0.00048272334  -0.0014082094  -0.00021125848  0.00038646364  -8.6755071e-05  2.0416190e-05  -6.7180134e-06  0.00017430312  -1.0688045e-05  0.00021818692  -8.3515622e-05  -2.2627903e-05  6.4239844e-05  4.8856736e-05  0.00019253936  5.2526876e-05  -7.4928378e-05  -9.1437640e-05  9.2750960e-06  7.8382760e-05  4.7397647e-05  -3.8599194e-05  -6.4067817e-05  2.1592129e-05  5.1492461e-05  -2.2965317e-05  0.00068732820  0.00014841335  0.0029451424  0.0000000   -0.00016923602  -0.00048272334  -0.0014082094  -0.00021125848  0.00038646364  -8.6755071e-05  2.0416190e-05  -6.7180134e-06  0.00017430312  -1.0688045e-05  0.00021818692  -8.3515622e-05  -2.2627903e-05  6.4239844e-05  4.8856736e-05  0.00019253936  5.2526876e-05  -7.4928378e-05  -9.1437640e-05  9.2750960e-06  7.8382760e-05  4.7397647e-05  -3.8599194e-05  -6.4067817e-05  2.1592129e-05  
4.3369832e-05  0.00011655076  0.0019925838  -0.00040968398  -0.0012347085  0.00016923602  0.0000000   -0.00040328425  0.00088764702  -0.00026466271  -0.00024023011  -0.00034354322  -9.0037681e-05  1.0745255e-05  -1.4837981e-07  0.00011040347  0.00042184576  3.4464361e-05  -4.0362435e-05  9.8673359e-05  0.00012327960  -8.6079469e-05  -2.3613297e-05  -0.00011319137  -0.00017018968  -1.7487804e-05  -5.9640481e-05  9.5282249e-05  3.5764162e-05  -0.00011892622  4.6446660e-05  4.3369832e-05  0.00011655076  0.0019925838  -0.00040968398  -0.0012347085  0.00016923602  0.0000000   -0.00040328425  0.00088764702  -0.00026466271  -0.00024023011  -0.00034354322  -9.0037681e-05  1.0745255e-05  -1.4837981e-07  0.00011040347  0.00042184576  3.4464361e-05  -4.0362435e-05  9.8673359e-05  0.00012327960  -8.6079469e-05  -2.3613297e-05  -0.00011319137  -0.00017018968  -1.7487804e-05  -5.9640481e-05  9.5282249e-05  3.5764162e-05  -0.00011892622  4.6446660e-05  
-0.00023396596  -2.0470073e-05  0.00033067717  -0.0011012509  0.00016348066  0.00048272334  0.00040328425  0.0000000   0.00016063017  -0.00025598422  2.6092465e-05  -0.00017071122  -0.00060158275  -0.00017751340  9.8844333e-05  -0.00039683980  -0.00024383560  -2.3660452e-05  6.3746833e-06  1.7163596e-05  9.2646441e-05  1.8218050e-05  1.4614608e-05  -4.1439267e-05  2.0393518e-06  -0.00018717819  -1.7271258e-05  6.2737738e-05  -1.1249162e-05  3.2083281e-05  3.3881369e-05  -0.00023396596  -2.0470073e-05  0.00033067717  -0.0011012509  0.00016348066  0.00048272334  0.00040328425  0.0000000   0.00016063017  -0.00025598422  2.6092465e-05  -0.00017071122  -0.00060158275  -0.00017751340  9.8844333e-05  -0.00039683980  -0.00024383560  -2.3660452e-05  6.3746833e-06  1.7163596e-05  9.2646441e-05  1.8218050e-05  1.4614608e-05  -4.1439267e-05  2.0393518e-06  -0.00018717819  -1.7271258e-05  6.2737738e-05  -1.1249162e-05  3.2083281e-05  3.3881369e-05  
7.6649514e-05  -0.00049303579  -9.6749428e-05  0.00031483061  0.0012758481  0.0014082094  -0.00088764702  -0.00016063017  0.0000000   5.5992521e-05  0.00066330033  5.5111088e-06  4.3721453e-05  0.00030078294  0.00022399746  2.2485501e-05  6.3917395e-05  8.1771289e-05  0.00020903943  1.1409985e-05  -7.3420306e-06  0.00021777261  3.1921605e-05  9.2176546e-06  -1.2537639e-05  2.4681575e-05  -5.2514419e-05  -2.0060144e-06  -0.00012535398  -1.5408935e-05  2.4068807e-05  7.6649514e-05  -0.00049303579  -9.6749428e-05  0.00031483061  0.0012758481  0.0014082094  -0.00088764702  -0.00016063017  0.0000000   5.5992521e-05  0.00066330033  5.5111088e-06  4.3721453e-05  0.00030078294  0.00022399746  2.2485501e-05  6.3917395e-05  8.1771289e-05  0.00020903943  1.1409985e-05  -7.3420306e-06  0.00021777261  3.1921605e-05  9.2176546e-06  -1.2537639e-05  2.4681575e-05  -5.2514419e-05  -2.0060144e-06  -0.00012535398  -1.5408935e-05  2.4068807e-05  
-9.0274036e-05  -1.6203271e-05  -0.00027802976  -0.00017058129  9.8155265e-05  0.00021125848  0.00026466271  0.00025598422  -5.5992521e-05  0.0000000   7.6219759e-06  0.00082945570  -0.0011760191  -0.00014625164  3.2338016e-06  0.00025413028  -0.00014462479  -1.8163291e-05  -2.8344546e-05  1.3934526e-05  -0.00018558431  -6.2130871e-06  1.5526112e-05  5.3747712e-05  0.00021118986  0.00010387965  -1.9255128e-05  -8.9042342e-05  -6.4434282e-06  -0.00010599101  -8.7935010e-05  -9.0274036e-05  -1.6203271e-05  -0.00027802976  -0.00017058129  9.8155265e-05  0.00021125848  0.00026466271  0.00025598422  -5.5992521e-05  0.0000000   7.6219759e-06  0.00082945570  -0.0011760191  -0.00014625164  3.2338016e-06  0.00025413028  -0.00014462479  -1.8163291e-05  -2.8344546e-05  1.3934526e-05  -0.00018558431  -6.2130871e-06  1.5526112e-05  5.3747712e-05  0.00021118986  0.00010387965  -1.9255128e-05  -8.9042342e-05  -6.4434282e-06  -0.00010599101  -8.7935010e-05  
1.9956814e-05  -0.00026922577  5.7683287e-05  1.5406565e-05  3.3169053e-05  -0.00038646364  0.00024023011  -2.6092465e-05  -0.00066330033  -7.6219759e-06  0.0000000   -6.7382851e-06  -0.00028970766  0.0012698157  0.00022112957  2.6974373e-05  4.4310160e-05  0.00010589244  -0.00028709000  -3.4685182e-05  -5.6838618e-09  8.9733335e-06  -3.1620524e-05  -9.5765021e-06  -1.9551458e-07  -3.4093799e-05  -0.00023922795  9.3182970e-06  0.00014315543  1.9704485e-05  -2.1294529e-05  1.9956814e-05  -0.00026922577  5.7683287e-05  1.5406565e-05  3.3169053e-05  -0.00038646364  0.00024023011  -2.6092465e-05  -0.00066330033  -7.6219759e-06  0.0000000   -6.7382851e-06  -0.00028970766  0.0012698157  0.00022112957  2.6974373e-05  4.4310160e-05  0.00010589244  -0.00028709000  -3.4685182e-05  -5.6838618e-09  8.9733335e-06  -3.1620524e-05  -9.5765021e-06  -1.9551458e-07  -3.4093799e-05  -0.00023922795  9.3182970e-06  0.00014315543  1.9704485e-05  -2.1294529e-05  
-8.2595112e-05  -3.3984643e-06  0.00063697452  0.00050347783  -4.0184472e-05  8.6755071e-05  0.00034354322  0.00017071122  -5.5111088e-06  -0.00082945570  6.7382851e-06  0.0000000   0.0014253853  0.00032913839  -0.00016875942  -0.00050578160  0.00010592032  -0.00053353823  -1.4625455e-06  -5.5759250e-05  -2.2505042e-05  -1.7598051e-05  -1.9279937e-05  0.00015439239  6.0386260e-05  0.00012658213  -1.9518632e-05  -5.1950929e-05  2.6957290e-06  -5.2613550e-05  3.9377342e-05  -8.2595112e-05  -3.3984643e-06  0.00063697452  0.00050347783  -4.0184472e-05  8.6755071e-05  0.00034354322  0.00017071122  -5.5111088e-06  -0.00082945570  6.7382851e-06  0.0000000   0.0014253853  0.00032913839  -0.00016875942  -0.00050578160  0.00010592032  -0.00053353823  -1.4625455e-06  -5.5759250e-05  -2.2505042e-05  -1.7598051e-05  -1.9279937e-05  0.00015439239  6.0386260e-05  0.00012658213  -1.9518632e-05  -5.1950929e-05  2.6957290e-06  -5.2613550e-05  3.9377342e-05  
0.00021938983  -1.4960395e-05  -0.00010483463  0.00011272156  -6.5590398e-05  -2.0416190e-05  9.0037681e-05  0.00060158275  -4.3721453e-05  0.0011760191  0.00028970766  -0.0014253853  0.0000000   -0.00035530772  -0.0012954699  -0.0025189096  -0.00091860523  -0.00086896953  0.00010552527  -0.00035161173  0.00019692747  -7.2985806e-05  1.3557737e-06  0.00024149751  -0.00019136793  -0.00044648617  2.2256955e-05  -0.00011166084  -3.4533108e-05  -7.9366094e-05  -0.00015732969  0.00021938983  -1.4960395e-05  -0.00010483463  0.00011272156  -6.5590398e-05  -2.0416190e-05  9.0037681e-05  0.00060158275  -4.3721453e-05  0.0011760191  0.00028970766  -0.0014253853  0.0000000   -0.00035530772  -0.0012954699  -0.0025189096  -0.00091860523  -0.00086896953  0.00010552527  -0.00035161173  0.00019692747  -7.2985806e-05  1.3557737e-06  0.00024149751  -0.00019136793  -0.00044648617  2.2256955e-05  -0.00011166084  -3.4533108e-05  -7.9366094e-05  -0.00015732969  
3.4193485e-05  4.2166471e-05  -5.3196366e-05  0.00015226934  0.00030290709  6.7180134e-06  -1.0745255e-05  0.00017751340  -0.00030078294  0.00014625164  -0.0012698157  -0.00032913839  0.00035530772  0.0000000   0.0064839519  -0.00015689787  -0.00017139421  -0.00035784212  -0.00016198127  -0.00020020658  5.8263746e-05  0.00048241847  -0.00018495338  6.4647315e-05  -6.8607812e-06  -9.6395964e-05  -0.00011765356  -3.1166372e-05  0.00021752784  -1.7930221e-05  -2.9925324e-05  3.4193485e-05  4.2166471e-05  -5.3196366e-05  0.00015226934  0.00030290709  6.7180134e-06  -1.0745255e-05  0.00017751340  -0.00030078294  0.00014625164  -0.0012698157  -0.00032913839  0.00035530772  0.0000000   0.0064839519  -0.00015689787  -0.00017139421  -0.00035784212  -0.00016198127  -0.00020020658  5.8263746e-05  0.00048241847  -0.00018495338  6.4647315e-05  -6.8607812e-06  -9.6395964e-05  -0.00011765356  -3.1166372e-05  0.00021752784  -1.7930221e-05  -2.9925324e-05  
1.0542656e-05  -3.8312534e-05  -9.8088597e-05  1.8827184e-05  0.00023582977  -0.00017430312  1.4837981e-07  -9.8844333e-05  -0.00022399746  -3.2338016e-06  -0.00022112957  0.00016875942  0.0012954699  -0.0064839519  0.0000000   0.00030003977  0.00031699867  0.00012629302  0.00031674391  0.00013938596  -4.9096631e-06  0.00017844790  0.00031032927  3.3165211e-05  -4.0119125e-05  2.0421494e-05  0.00023413538  1.4663631e-05  9.5913349e-05  -1.4042475e-06  7.7024256e-06  1.0542656e-05  -3.8312534e-05  -9.8088597e-05  1.8827184e-05  0.00023582977  -0.00017430312  1.4837981e-07  -9.8844333e-05  -0.00022399746  -3.2338016e-06  -0.00022112957  0.00016875942  0.0012954699  -0.0064839519  0.0000000   0.00030003977  0.00031699867  0.00012629302  0.00031674391  0.00013938596  -4.9096631e-06  0.00017844790  0.00031032927  3.3165211e-05  -4.0119125e-05  2.0421494e-05  0.00023413538  1.4663631e-05  9.5913349e-05  -1.4042475e-06  7.7024256e-06  
7.7038670e-05  -5.9805809e-06  0.00039860804  9.1728333e-05  2.4762101e-05  1.0688045e-05  -0.00011040347  0.00039683980  -2.2485501e-05  -0.00025413028  -2.6974373e-05  0.00050578160  0.0025189096  0.00015689787  -0.00030003977  0.0000000   0.0025120701  1.5644030e-05  6.4908516e-05  -0.00021678109  -0.00086768413  -7.5945033e-05  4.9252034e-05  -0.00011387926  0.00033188517  -0.00014267402  2.1454664e-05  3.8742397e-05  -5.0666874e-06  -0.00025860986  3.7205025e-05  7.7038670e-05  -5.9805809e-06  0.00039860804  9.1728333e-05  2.4762101e-05  1.0688045e-05  -0.00011040347  0.00039683980  -2.2485501e-05  -0.00025413028  -2.6974373e-05  0.00050578160  0.0025189096  0.00015689787  -0.00030003977  0.0000000   0.0025120701  1.5644030e-05  6.4908516e-05  -0.00021678109  -0.00086768413  -7.5945033e-05  4.9252034e-05  -0.00011387926  0.00033188517  -0.00014267402  2.1454664e-05  3.8742397e-05  -5.0666874e-06  -0.00025860986  3.7205025e-05  
-0.00014211922  -1.4076034e-05  -9.1100864e-05  8.1550316e-05  -5.2919884e-05  -0.00021818692  -0.00042184576  0.00024383560  -6.3917395e-05  0.00014462479  -4.4310160e-05  -0.00010592032  0.00091860523  0.00017139421  -0.00031699867  -0.0025120701  0.0000000   -0.015569305  -0.00043041072  0.00037928296  -3.6127903e-05  0.00011111260  7.8531775e-05  3.2125684e-05  -0.00011179040  -5.0731049e-05  -1.8133224e-05  6.2548518e-05  4.2866622e-05  -9.8925776e-05  -3.6486707e-05  -0.00014211922  -1.4076034e-05  -9.1100864e-05  8.1550316e-05  -5.2919884e-05  -0.00021818692  -0.00042184576  0.00024383560  -6.3917395e-05  0.00014462479  -4.4310160e-05  -0.00010592032  0.00091860523  0.00017139421  -0.00031699867  -0.0025120701  0.0000000   -0.015569305  -0.00043041072  0.00037928296  -3.6127903e-05  0.00011111260  7.8531775e-05  3.2125684e-05  -0.00011179040  -5.0731049e-05  -1.8133224e-05  6.2548518e-05  4.2866622e-05  -9.8925776e-05  -3.6486707e-05  
-0.00014713088  -1.0872729e-05  -5.3973567e-05  0.00026370372  3.6067156e-05  8.3515622e-05  -3.4464361e-05  2.3660452e-05  -8.1771289e-05  1.8163291e-05  -0.00010589244  0.00053353823  0.00086896953  0.00035784212  -0.00012629302  -1.5644030e-05  0.015569305  0.0000000   -0.00016662912  0.00025033276  -0.00032248930  -0.00020395458  -6.4591850e-05  -2.1855299e-05  0.00022643614  0.00029234873  -3.9747789e-05  0.00010388782  -1.2448545e-05  1.3534866e-06  -0.00020180495  -0.00014713088  -1.0872729e-05  -5.3973567e-05  0.00026370372  3.6067156e-05  8.3515622e-05  -3.4464361e-05  2.3660452e-05  -8.1771289e-05  1.8163291e-05  -0.00010589244  0.00053353823  0.00086896953  0.00035784212  -0.00012629302  -1.5644030e-05  0.015569305  0.0000000   -0.00016662912  0.00025033276  -0.00032248930  -0.00020395458  -6.4591850e-05  -2.1855299e-05  0.00022643614  0.00029234873  -3.9747789e-05  0.00010388782  -1.2448545e-05  1.3534866e-06  -0.00020180495  
6.9557618e-06  -0.00015931688  2.5016201e-05  -4.6946494e-05  -0.00031087551  2.2627903e-05  4.0362435e-05  -6.3746833e-06  -0.00020903943  2.8344546e-05  0.00028709000  1.4625455e-06  -0.00010552527  0.00016198127  -0.00031674391  -6.4908516e-05  0.00043041072  0.00016662912  0.0000000   2.8009003e-06  2.5378433e-05  0.00051363951  -0.00029793875  -4.5289975e-05  5.4228613e-05  2.3117741e-05  0.00016919100  -1.1605859e-05  -3.7649469e-06  1.7361030e-05  -4.3103031e-05  6.9557618e-06  -0.00015931688  2.5016201e-05  -4.6946494e-05  -0.00031087551  2.2627903e-05  4.0362435e-05  -6.3746833e-06  -0.00020903943  2.8344546e-05  0.00028709000  1.4625455e-06  -0.00010552527  0.00016198127  -0.00031674391  -6.4908516e-05  0.00043041072  0.00016662912  0.0000000   2.8009003e-06  2.5378433e-05  0.00051363951  -0.00029793875  -4.5289975e-05  5.4228613e-05  2.3117741e-05  0.00016919100  -1.1605859e-05  -3.7649469e-06  1.7361030e-05  -4.3103031e-05  
-0.00011980250  -1.5948547e-05  -1.5788651e-05  -3.2321959e-05  -4.4192229e-05  -6.4239844e-05  -9.8673359e-05  -1.7163596e-05  -1.1409985e-05  -1.3934526e-05  3.4685182e-05  5.5759250e-05  0.00035161173  0.00020020658  -0.00013938596  0.00021678109  -0.00037928296  -0.00025033276  -2.8009003e-06  0.0000000   -0.00086466915  -2.2322421e-05  -1.6197048e-05  -4.2248805e-05  -5.3734057e-06  2.3523620e-05  1.5997683e-05  0.00010683685  -1.1687695e-05  8.4224861e-05  -5.0414867e-05  -0.00011980250  -1.5948547e-05  -1.5788651e-05  -3.2321959e-05  -4.4192229e-05  -6.4239844e-05  -9.8673359e-05  -1.7163596e-05  -1.1409985e-05  -1.3934526e-05  3.4685182e-05  5.5759250e-05  0.00035161173  0.00020020658  -0.00013938596  0.00021678109  -0.00037928296  -0.00025033276  -2.8009003e-06  0.0000000   -0.00086466915  -2.2322421e-05  -1.6197048e-05  -4.2248805e-05  -5.3734057e-06  2.3523620e-05  1.5997683e-05  0.00010683685  -1.1687695e-05  8.4224861e-05  -5.0414867e-05  
0.00018374670  1.6138414e-05  0.00013987757  -7.2192261e-05  6.4455055e-06  -4.8856736e-05  -0.00012327960  -9.2646441e-05  7.3420306e-06  0.00018558431  5.6838618e-09  2.2505042e-05  -0.00019692747  -5.8263746e-05  4.9096631e-06  0.00086768413  3.6127903e-05  0.00032248930  -2.5378433e-05  0.00086466915  0.0000000   4.7492858e-06  -0.00012972448  0.00071490569  0.00035232965  -0.00034501207  -3.9216705e-05  -0.00031738788  -1.4961664e-05  -9.9512689e-05  2.6782673e-05  0.00018374670  1.6138414e-05  0.00013987757  -7.2192261e-05  6.4455055e-06  -4.8856736e-05  -0.00012327960  -9.2646441e-05  7.3420306e-06  0.00018558431  5.6838618e-09  2.2505042e-05  -0.00019692747  -5.8263746e-05  4.9096631e-06  0.00086768413  3.6127903e-05  0.00032248930  -2.5378433e-05  0.00086466915  0.0000000   4.7492858e-06  -0.00012972448  0.00071490569  0.00035232965  -0.00034501207  -3.9216705e-05  -0.00031738788  -1.4961664e-05  -9.9512689e-05  2.6782673e-05  
1.9953918e-05  2.1852523e-05  -1.7721710e-05  2.8275425e-05  0.00022377350  -0.00019253936  8.6079469e-05  -1.8218050e-05  -0.00021777261  6.2130871e-06  -8.9733335e-06  1.7598051e-05  7.2985806e-05  -0.00048241847  -0.00017844790  7.5945033e-05  -0.00011111260  0.00020395458  -0.00051363951  2.2322421e-05  -4.7492858e-06  0.0000000   0.00033887266  0.00011126377  7.4766955e-05  -4.2694375e-05  0.00039582869  -3.2434887e-05  0.00032334427  -4.6821254e-06  9.2441789e-06  1.9953918e-05  2.1852523e-05  -1.7721710e-05  2.8275425e-05  0.00022377350  -0.00019253936  8.6079469e-05  -1.8218050e-05  -0.00021777261  6.2130871e-06  -8.9733335e-06  1.7598051e-05  7.2985806e-05  -0.00048241847  -0.00017844790  7.5945033e-05  -0.00011111260  0.00020395458  -0.00051363951  2.2322421e-05  -4.7492858e-06  0.0000000   0.00033887266  0.00011126377  7.4766955e-05  -4.2694375e-05  0.00039582869  -3.2434887e-05  0.00032334427  -4.6821254e-06  9.2441789e-06  
-1.0124934e-05  -4.8317345e-06  7.3649323e-06  3.9347660e-05  4.4051088e-05  -5.2526876e-05  2.3613297e-05  -1.4614608e-05  -3.1921605e-05  -1.5526112e-05  3.1620524e-05  1.9279937e-05  -1.3557737e-06  0.00018495338  -0.00031032927  -4.9252034e-05  -7.8531775e-05  6.4591850e-05  0.00029793875  1.6197048e-05  0.00012972448  -0.00033887266  0.0000000   -0.00017638861  -0.00048060111  0.00044774141  0.00027232119  -3.3842963e-05  9.7841417e-05  -1.5299477e-05  -9.7374587e-05  -1.0124934e-05  -4.8317345e-06  7.3649323e-06  3.9347660e-05  4.4051088e-05  -5.2526876e-05  2.3613297e-05  -1.4614608e-05  -3.1921605e-05  -1.5526112e-05  3.1620524e-05  1.9279937e-05  -1.3557737e-06  0.00018495338  -0.00031032927  -4.9252034e-05  -7.8531775e-05  6.4591850e-05  0.00029793875  1.6197048e-05  0.00012972448  -0.00033887266  0.0000000   -0.00017638861  -0.00048060111  0.00044774141  0.00027232119  -3.3842963e-05  9.7841417e-05  -1.5299477e-05  -9.7374587e-05  
-4.9307381e-05  -2.2120294e-06  -0.00013134372  -0.00014851298  3.2983482e-05  7.4928378e-05  0.00011319137  4.1439267e-05  -9.2176546e-06  -5.3747712e-05  9.5765021e-06  -0.00015439239  -0.00024149751  -6.4647315e-05  -3.3165211e-05  0.00011387926  -3.2125684e-05  2.1855299e-05  4.5289975e-05  4.2248805e-05  -0.00071490569  -0.00011126377  0.00017638861  0.0000000   0.0015838332  0.00041547577  1.1615414e-05  0.00018324454  3.2040266e-06  0.00033567037  0.00024739534  -4.9307381e-05  -2.2120294e-06  -0.00013134372  -0.00014851298  3.2983482e-05  7.4928378e-05  0.00011319137  4.1439267e-05  -9.2176546e-06  -5.3747712e-05  9.5765021e-06  -0.00015439239  -0.00024149751  -6.4647315e-05  -3.3165211e-05  0.00011387926  -3.2125684e-05  2.1855299e-05  4.5289975e-05  4.2248805e-05  -0.00071490569  -0.00011126377  0.00017638861  0.0000000   0.0015838332  0.00041547577  1.1615414e-05  0.00018324454  3.2040266e-06  0.00033567037  0.00024739534  
-0.00016680914  -3.3460221e-05  2.9301803e-05  7.7985202e-05  -2.1723306e-05  9.1437640e-05  0.00017018968  -2.0393518e-06  1.2537639e-05  -0.00021118986  1.9551458e-07  -6.0386260e-05  0.00019136793  6.8607812e-06  4.0119125e-05  -0.00033188517  0.00011179040  -0.00022643614  -5.4228613e-05  5.3734057e-06  -0.00035232965  -7.4766955e-05  0.00048060111  -0.0015838332  0.0000000   0.0056119020  -5.7422912e-05  -8.4401620e-05  7.6213592e-05  0.00023888263  -0.00028158014  -0.00016680914  -3.3460221e-05  2.9301803e-05  7.7985202e-05  -2.1723306e-05  9.1437640e-05  0.00017018968  -2.0393518e-06  1.2537639e-05  -0.00021118986  1.9551458e-07  -6.0386260e-05  0.00019136793  6.8607812e-06  4.0119125e-05  -0.00033188517  0.00011179040  -0.00022643614  -5.4228613e-05  5.3734057e-06  -0.00035232965  -7.4766955e-05  0.00048060111  -0.0015838332  0.0000000   0.0056119020  -5.7422912e-05  -8.4401620e-05  7.6213592e-05  0.00023888263  -0.00028158014  
-5.9501605e-05  -2.5247041e-05  -9.4957234e-05  0.00019010033  -3.9533981e-05  -9.2750960e-06  1.7487804e-05  0.00018717819  -2.4681575e-05  -0.00010387965  3.4093799e-05  -0.00012658213  0.00044648617  9.6395964e-05  -2.0421494e-05  0.00014267402  5.0731049e-05  -0.00029234873  -2.3117741e-05  -2.3523620e-05  0.00034501207  4.2694375e-05  -0.00044774141  -0.00041547577  -0.0056119020  0.0000000   0.00018886696  0.00039406621  5.8098283e-05  -2.5240813e-05  -5.2964606e-05  -5.9501605e-05  -2.5247041e-05  -9.4957234e-05  0.00019010033  -3.9533981e-05  -9.2750960e-06  1.7487804e-05  0.00018717819  -2.4681575e-05  -0.00010387965  3.4093799e-05  -0.00012658213  0.00044648617  9.6395964e-05  -2.0421494e-05  0.00014267402  5.0731049e-05  -0.00029234873  -2.3117741e-05  -2.3523620e-05  0.00034501207  4.2694375e-05  -0.00044774141  -0.00041547577  -0.0056119020  0.0000000   0.00018886696  0.00039406621  5.8098283e-05  -2.5240813e-05  -5.2964606e-05  
-1.5483364e-08  2.5239946e-05  7.5678102e-06  -1.8734923e-05  -0.00016709770  -7.8382760e-05  5.9640481e-05  1.7271258e-05  5.2514419e-05  1.9255128e-05  0.00023922795  1.9518632e-05  -2.2256955e-05  0.00011765356  -0.00023413538  -2.1454664e-05  1.8133224e-05  3.9747789e-05  -0.00016919100  -1.5997683e-05  3.9216705e-05  -0.00039582869  -0.00027232119  -1.1615414e-05  5.7422912e-05  -0.00018886696  0.0000000   -4.4213817e-06  0.0012757750  5.0500091e-05  -2.6294169e-05  -1.5483364e-08  2.5239946e-05  7.5678102e-06  -1.8734923e-05  -0.00016709770  -7.8382760e-05  5.9640481e-05  1.7271258e-05  5.2514419e-05  1.9255128e-05  0.00023922795  1.9518632e-05  -2.2256955e-05  0.00011765356  -0.00023413538  -2.1454664e-05  1.8133224e-05  3.9747789e-05  -0.00016919100  -1.5997683e-05  3.9216705e-05  -0.00039582869  -0.00027232119  -1.1615414e-05  5.7422912e-05  -0.00018886696  0.0000000   -4.4213817e-06  0.0012757750  5.0500091e-05  -2.6294169e-05  
6.4907888e-05  7.3320386e-06  1.8576106e-05  4.1312099e-05  -4.2391376e-06  -4.7397647e-05  -9.5282249e-05  -6.2737738e-05  2.0060144e-06  8.9042342e-05  -9.3182970e-06  5.1950929e-05  0.00011166084  3.1166372e-05  -1.4663631e-05  -3.8742397e-05  -6.2548518e-05  -0.00010388782  1.1605859e-05  -0.00010683685  0.00031738788  3.2434887e-05  3.3842963e-05  -0.00018324454  8.4401620e-05  -0.00039406621  4.4213817e-06  0.0000000   -2.1413327e-05  -0.00056647344  -0.00080617430  6.4907888e-05  7.3320386e-06  1.8576106e-05  4.1312099e-05  -4.2391376e-06  -4.7397647e-05  -9.5282249e-05  -6.2737738e-05  2.0060144e-06  8.9042342e-05  -9.3182970e-06  5.1950929e-05  0.00011166084  3.1166372e-05  -1.4663631e-05  -3.8742397e-05  -6.2548518e-05  -0.00010388782  1.1605859e-05  -0.00010683685  0.00031738788  3.2434887e-05  3.3842963e-05  -0.00018324454  8.4401620e-05  -0.00039406621  4.4213817e-06  0.0000000   -2.1413327e-05  -0.00056647344  -0.00080617430  
1.2795853e-05  -0.00014952674  -3.0252516e-05  2.7921457e-05  0.00013693738  3.8599194e-05  -3.5764162e-05  1.1249162e-05  0.00012535398  6.4434282e-06  -0.00014315543  -2.6957290e-06  3.4533108e-05  -0.00021752784  -9.5913349e-05  5.0666874e-06  -4.2866622e-05  1.2448545e-05  3.7649469e-06  1.1687695e-05  1.4961664e-05  -0.00032334427  -9.7841417e-05  -3.2040266e-06  -7.6213592e-05  -5.8098283e-05  -0.0012757750  2.1413327e-05  0.0000000   -8.9643467e-06  3.6785364e-05  1.2795853e-05  -0.00014952674  -3.0252516e-05  2.7921457e-05  0.00013693738  3.8599194e-05  -3.5764162e-05  1.1249162e-05  0.00012535398  6.4434282e-06  -0.00014315543  -2.6957290e-06  3.4533108e-05  -0.00021752784  -9.5913349e-05  5.0666874e-06  -4.2866622e-05  1.2448545e-05  3.7649469e-06  1.1687695e-05  1.4961664e-05  -0.00032334427  -9.7841417e-05  -3.2040266e-06  -7.6213592e-05  -5.8098283e-05  -0.0012757750  2.1413327e-05  0.0000000   -8.9643467e-06  3.6785364e-05  
6.9331677e-05  -1.5990073e-06  0.00016817376  -5.4988128e-05  1.8900332e-05  6.4067817e-05  0.00011892622  -3.2083281e-05  1.5408935e-05  0.00010599101  -1.9704485e-05  5.2613550e-05  7.9366094e-05  1.7930221e-05  1.4042475e-06  0.00025860986  9.8925776e-05  -1.3534866e-06  -1.7361030e-05  -8.4224861e-05  9.9512689e-05  4.6821254e-06  1.5299477e-05  -0.00033567037  -0.00023888263  2.5240813e-05  -5.0500091e-05  0.00056647344  8.9643467e-06  0.0000000   0.00023064596  6.9331677e-05  -1.5990073e-06  0.00016817376  -5.4988128e-05  1.8900332e-05  6.4067817e-05  0.00011892622  -3.2083281e-05  1.5408935e-05  0.00010599101  -1.9704485e-05  5.2613550e-05  7.9366094e-05  1.7930221e-05  1.4042475e-06  0.00025860986  9.8925776e-05  -1.3534866e-06  -1.7361030e-05  -8.4224861e-05  9.9512689e-05  4.6821254e-06  1.5299477e-05  -0.00033567037  -0.00023888263  2.5240813e-05  -5.0500091e-05  0.00056647344  8.9643467e-06  0.0000000   0.00023064596  
-1.0521201e-06  7.0305129e-06  -4.7114218e-05  4.4494097e-05  1.3184340e-06  -2.1592129e-05  -4.6446660e-05  -3.3881369e-05  -2.4068807e-05  8.7935010e-05  2.1294529e-05  -3.9377342e-05  0.00015732969  2.9925324e-05  -7.7024256e-06  -3.7205025e-05  3.6486707e-05  0.00020180495  4.3103031e-05  5.0414867e-05  -2.6782673e-05  -9.2441789e-06  9.7374587e-05  -0.00024739534  0.00028158014  5.2964606e-05  2.6294169e-05  0.00080617430  -3.6785364e-05  -0.00023064596  0.0000000   -1.0521201e-06  7.0305129e-06  -4.7114218e-05  4.4494097e-05  1.3184340e-06  -2.1592129e-05  -4.6446660e-05  -3.3881369e-05  -2.4068807e-05  8.7935010e-05  2.1294529e-05  -3.9377342e-05  0.00015732969  2.9925324e-05  -7.7024256e-06  -3.7205025e-05  3.6486707e-05  0.00020180495  4.3103031e-05  5.0414867e-05  -2.6782673e-05  -9.2441789e-06  9.7374587e-05  -0.00024739534  0.00028158014  5.2964606e-05  2.6294169e-05  0.00080617430  -3.6785364e-05  -0.00023064596  0.0000000   
0.0000000   7.2442453e-05  0.00027800999  0.00055435221  5.5738829e-06  -5.1492461e-05  -4.3369832e-05  0.00023396596  -7.6649514e-05  9.0274036e-05  -1.9956814e-05  8.2595112e-05  -0.00021938983  -3.4193485e-05  -1.0542656e-05  -7.7038670e-05  0.00014211922  0.00014713088  -6.9557618e-06  0.00011980250  -0.00018374670  -1.9953918e-05  1.0124934e-05  4.9307381e-05  0.00016680914  5.9501605e-05  1.5483364e-08  -6.4907888e-05  -1.2795853e-05  -6.9331677e-05  1.0521201e-06  0.0000000   7.2442453e-05  0.00027800999  0.00055435221  5.5738829e-06  -5.1492461e-05  -4.3369832e-05  0.00023396596  -7.6649514e-05  9.0274036e-05  -1.9956814e-05  8.2595112e-05  -0.00021938983  -3.4193485e-05  -1.0542656e-05  -7.7038670e-05  0.00014211922  0.00014713088  -6.9557618e-06  0.00011980250  -0.00018374670  -1.9953918e-05  1.0124934e-05  4.9307381e-05  0.00016680914  5.9501605e-05  1.5483364e-08  -6.4907888e-05  -1.2795853e-05  -6.9331677e-05  1.0521201e-06  
-7.2442453e-05  0.0000000   -4.6607635e-05  -0.00017425550  -0.00035546126  2.2965317e-05  -0.00011655076  2.0470073e-05  0.00049303579  1.6203271e-05  0.00026922577  3.3984643e-06  1.4960395e-05  -4.2166471e-05  3.8312534e-05  5.9805809e-06  1.4076034e-05  1.0872729e-05  0.00015931688  1.5948547e-05  -1.6138414e-05  -2.1852523e-05  4.8317345e-06  2.2120294e-06  3.3460221e-05  2.5247041e-05  -2.5239946e-05  -7.3320386e-06  0.00014952674  1.5990073e-06  -7.0305129e-06  -7.2442453e-05  0.0000000   -4.6607635e-05  -0.00017425550  -0.00035546126  2.2965317e-05  -0.00011655076  2.0470073e-05  0.00049303579  1.6203271e-05  0.00026922577  3.3984643e-06  1.4960395e-05  -4.2166471e-05  3.8312534e-05  5.9805809e-06  1.4076034e-05  1.0872729e-05  0.00015931688  1.5948547e-05  -1.6138414e-05  -2.1852523e-05  4.8317345e-06  2.2120294e-06  3.3460221e-05  2.5247041e-05  -2.5239946e-05  -7.3320386e-06  0.00014952674  1.5990073e-06  -7.0305129e-06  
-0.00027800999  4.6607635e-05  0.0000000   -0.0025650675  0.00019845443  -0.00068732820  -0.0019925838  -0.00033067717  9.6749428e-05  0.00027802976  -5.7683287e-05  -0.00063697452  0.00010483463  5.3196366e-05  9.8088597e-05  -0.00039860804  9.1100864e-05  5.3973567e-05  -2.5016201e-05  1.5788651e-05  -0.00013987757  1.7721710e-05  -7.3649323e-06  0.00013134372  -2.9301803e-05  9.4957234e-05  -7.5678102e-06  -1.8576106e-05  3.0252516e-05  -0.00016817376  4.7114218e-05  -0.00027800999  4.6607635e-05  0.0000000   -0.0025650675  0.00019845443  -0.00068732820  -0.0019925838  -0.00033067717  9.6749428e-05  0.00027802976  -5.7683287e-05  -0.00063697452  0.00010483463  5.3196366e-05  9.8088597e-05  -0.00039860804  9.1100864e-05  5.3973567e-05  -2.5016201e-05  1.5788651e-05  -0.00013987757  1.7721710e-05  -7.3649323e-06  0.00013134372  -2.9301803e-05  9.4957234e-05  -7.5678102e-06  -1.8576106e-05  3.0252516e-05  -0.00016817376  4.7114218e-05  
-0.00055435221  0.00017425550  0.0025650675  0.0000000   0.00037695099  -0.00014841335  0.00040968398  0.0011012509  -0.00031483061  0.00017058129  -1.5406565e-05  -0.00050347783  -0.00011272156  -0.00015226934  -1.8827184e-05  -9.1728333e-05  -8.1550316e-05  -0.00026370372  4.6946494e-05  3.2321959e-05  7.2192261e-05  -2.8275425e-05  -3.9347660e-05  0.00014851298  -7.7985202e-05  -0.00019010033  1.8734923e-05  -4.1312099e-05  -2.7921457e-05  5.4988128e-05  -4.4494097e-05  -0.00055435221  0.00017425550  0.0025650675  0.0000000   0.00037695099  -0.00014841335  0.00040968398  0.0011012509  -0.00031483061  0.00017058129  -1.5406565e-05  -0.00050347783  -0.00011272156  -0.00015226934  -1.8827184e-05  -9.1728333e-05  -8.1550316e-05  -0.00026370372  4.6946494e-05  3.2321959e-05  7.2192261e-05  -2.8275425e-05  -3.9347660e-05  0.00014851298  -7.7985202e-05  -0.00019010033  1.8734923e-05  -4.1312099e-05  -2.7921457e-05  5.4988128e-05  -4.4494097e-05  
-5.5738829e-06  0.00035546126  -0.00019845443  -0.00037695099  0.0000000   -0.0029451424  0.0012347085  -0.00016348066  -0.0012758481  -9.8155265e-05  -3.3169053e-05  4.0184472e-05  6.5590398e-05  -0.00030290709  -0.00023582977  -2.4762101e-05  5.2919884e-05  -3.6067156e-05  0.00031087551  4.4192229e-05  -6.4455055e-06  -0.00022377350  -4.4051088e-05  -3.2983482e-05  2.1723306e-05  3.9533981e-05  0.00016709770  4.2391376e-06  -0.00013693738  -1.8900332e-05  -1.3184340e-06  -5.5738829e-06  0.00035546126  -0.00019845443  -0.00037695099  0.0000000   -0.0029451424  0.0012347085  -0.00016348066  -0.0012758481  -9.8155265e-05  -3.3169053e-05  4.0184472e-05  6.5590398e-05  -0.00030290709  -0.00023582977  -2.4762101e-05  5.2919884e-05  -3.6067156e-05  0.00031087551  4.4192229e-05  -6.4455055e-06  -0.00022377350  -4.4051088e-05  -3.2983482e-05  2.1723306e-05  3.9533981e-05  0.00016709770  4.2391376e-06  -0.00013693738  -1.8900332e-05  -1.3184340e-06  
5.1492461e-05  -2.2965317e-05  0.00068732820  0.00014841335  0.0029451424  0.0000000   -0.00016923602  -0.00048272334  -0.0014082094  -0.00021125848  0.00038646364  -8.6755071e-05  2.0416190e-05  -6.7180134e-06  0.00017430312  -1.0688045e-05  0.00021818692  -8.3515622e-05  -2.2627903e-05  6.4239844e-05  4.8856736e-05  0.00019253936  5.2526876e-05  -7.4928378e-05  -9.1437640e-05  9.2750960e-06  7.8382760e-05  4.7397647e-05  -3.8599194e-05  -6.4067817e-05  2.1592129e-05  5.1492461e-05  -2.2965317e-05  0.00068732820  0.00014841335  0.0029451424  0.0000000   -0.00016923602  -0.00048272334  -0.0014082094  -0.00021125848  0.00038646364  -8.6755071e-05  2.0416190e-05  -6.7180134e-06  0.00017430312  -1.0688045e-05  0.00021818692  -8.3515622e-05  -2.2627903e-05  6.4239844e-05  4.8856736e-05  0.00019253936  5.2526876e-05  -7.4928378e-05  -9.1437640e-05  9.2750960e-06  7.8382760e-05  4.7397647e-05  -3.8599194e-05  -6.4067817e-05  2.1592129e-05  
4.3369832e-05  0.00011655076  0.0019925838  -0.00040968398  -0.0012347085  0.00016923602  0.0000000   -0.00040328425  0.00088764702  -0.00026466271  -0.00024023011  -0.00034354322  -9.0037681e-05  1.0745255e-05  -1.4837981e-07  0.00011040347  0.00042184576  3.4464361e-05  -4.0362435e-05  9.8673359e-05  0.00012327960  -8.6079469e-05  -2.3613297e-05  -0.00011319137  -0.00017018968  -1.7487804e-05  -5.9640481e-05  9.5282249e-05  3.5764162e-05  -0.00011892622  4.6446660e-05  4.3369832e-05  0.00011655076  0.0019925838  -0.00040968398  -0.0012347085  0.00016923602  0.0000000   -0.00040328425  0.00088764702  -0.00026466271  -0.00024023011  -0.00034354322  -9.0037681e-05  1.0745255e-05  -1.4837981e-07  0.00011040347  0.00042184576  3.4464361e-05  -4.0362435e-05  9.8673359e-05  0.00012327960  -8.6079469e-05  -2.3613297e-05  -0.00011319137  -0.00017018968  -1.7487804e-05  -5.9640481e-05  9.5282249e-05  3.5764162e-05  -0.00011892622  4.6446660e-05  
-0.00023396596  -2.0470073e-05  0.00033067717  -0.0011012509  0.00016348066  0.00048272334  0.00040328425  0.0000000   0.00016063017  -0.00025598422  2.6092465e-05  -0.00017071122  -0.00060158275  -0.00017751340  9.8844333e-05  -0.00039683980  -0.00024383560  -2.3660452e-05  6.3746833e-06  1.7163596e-05  9.2646441e-05  1.8218050e-05  1.4614608e-05  -4.1439267e-05  2.0393518e-06  -0.00018717819  -1.7271258e-05  6.2737738e-05  -1.1249162e-05  3.2083281e-05  3.3881369e-05  -0.00023396596  -2.0470073e-05  0.00033067717  -0.0011012509  0.00016348066  0.00048272334  0.00040328425  0.0000000   0.00016063017  -0.00025598422  2.6092465e-05  -0.00017071122  -0.00060158275  -0.00017751340  9.8844333e-05  -0.00039683980  -0.00024383560  -2.3660452e-05  6.3746833e-06  1.7163596e-05  9.2646441e-05  1.8218050e-05  1.4614608e-05  -4.1439267e-05  2.0393518e-06  -0.00018717819  -1.7271258e-05  6.2737738e-05  -1.1249162e-05  3.2083281e-05  3.3881369e-05  
7.6649514e-05  -0.00049303579  -9.6749428e-05  0.00031483061  0.0012758481  0.0014082094  -0.00088764702  -0.00016063017  0.0000000   5.5992521e-05  0.00066330033  5.5111088e-06  4.3721453e-05  0.00030078294  0.00022399746  2.2485501e-05  6.3917395e-05  8.1771289e-05  0.00020903943  1.1409985e-05  -7.3420306e-06  0.00021777261  3.1921605e-05  9.2176546e-06  -1.2537639e-05  2.4681575e-05  -5.2514419e-05  -2.0060144e-06  -0.00012535398  -1.5408935e-05  2.4068807e-05  7.6649514e-05  -0.00049303579  -9.6749428e-05  0.00031483061  0.0012758481  0.0014082094  -0.00088764702  -0.00016063017  0.0000000   5.5992521e-05  0.00066330033  5.5111088e-06  4.3721453e-05  0.00030078294  0.00022399746  2.2485501e-05  6.3917395e-05  8.1771289e-05  0.00020903943  1.1409985e-05  -7.3420306e-06  0.00021777261  3.1921605e-05  9.2176546e-06  -1.2537639e-05  2.4681575e-05  -5.2514419e-05  -2.0060144e-06  -0.00012535398  -1.5408935e-05  2.4068807e-05  
-9.0274036e-05  -1.6203271e-05  -0.00027802976  -0.00017058129  9.8155265e-05  0.00021125848  0.00026466271  0.00025598422  -5.5992521e-05  0.0000000   7.6219759e-06  0.00082945570  -0.0011760191  -0.00014625164  3.2338016e-06  0.00025413028  -0.00014462479  -1.8163291e-05  -2.8344546e-05  1.3934526e-05  -0.00018558431  -6.2130871e-06  1.5526112e-05  5.3747712e-05  0.00021118986  0.00010387965  -1.9255128e-05  -8.9042342e-05  -6.4434282e-06  -0.00010599101  -8.7935010e-05  -9.0274036e-05  -1.6203271e-05  -0.00027802976  -0.00017058129  9.8155265e-05  0.00021125848  0.00026466271  0.00025598422  -5.5992521e-05  0.0000000   7.6219759e-06  0.00082945570  -0.0011760191  -0.00014625164  3.2338016e-06  0.00025413028  -0.00014462479  -1.8163291e-05  -2.8344546e-05  1.3934526e-05  -0.00018558431  -6.2130871e-06  1.5526112e-05  5.3747712e-05  0.00021118986  0.00010387965  -1.9255128e-05  -8.9042342e-05  -6.4434282e-06  -0.00010599101  -8.7935010e-05  
1.9956814e-05  -0.00026922577  5.7683287e-05  1.5406565e-05  3.3169053e-05  -0.00038646364  0.00024023011  -2.6092465e-05  -0.00066330033  -7.6219759e-06  0.0000000   -6.7382851e-06  -0.00028970766  0.0012698157  0.00022112957  2.6974373e-05  4.4310160e-05  0.00010589244  -0.00028709000  -3.4685182e-05  -5.6838618e-09  8.9733335e-06  -3.1620524e-05  -9.5765021e-06  -1.9551458e-07  -3.4093799e-05  -0.00023922795  9.3182970e-06  0.00014315543  1.9704485e-05  -2.1294529e-05  1.9956814e-05  -0.00026922577  5.7683287e-05  1.5406565e-05  3.3169053e-05  -0.00038646364  0.00024023011  -2.6092465e-05  -0.00066330033  -7.6219759e-06  0.0000000   -6.7382851e-06  -0.00028970766  0.0012698157  0.00022112957  2.6974373e-05  4.4310160e-05  0.00010589244  -0.00028709000  -3.4685182e-05  -5.6838618e-09  8.9733335e-06  -3.1620524e-05  -9.5765021e-06  -1.9551458e-07  -3.4093799e-05  -0.00023922795  9.3182970e-06  0.00014315543  1.9704485e-05  -2.1294529e-05  
