0.0000000   -8.4049081e-05  -6.3027939e-05  0.0010244786  8.0077384e-05  0.00011633366  -0.00045187105  4.3222724e-05  5.4818646e-05  0.00014288364  -1.4802294e-05  1.8981642e-06  1.9284067e-06  -4.1143439e-05  5.0489164e-06  -3.0814009e-05  9.8181022e-06  3.0902431e-05  4.0123303e-05  -9.2731355e-07  0.00021196828  -1.6901126e-05  2.9596380e-05  -5.2549535e-05  0.00015686733  9.2358363e-05  1.2827810e-06  -4.7377682e-05  9.4714467e-06  4.5610909e-06  8.8053414e-05  0.0000000   -8.4049081e-05  -6.3027939e-05  0.0010244786  8.0077384e-05  0.00011633366  -0.00045187105  4.3222724e-05  5.4818646e-05  0.00014288364  -1.4802294e-05  1.8981642e-06  1.9284067e-06  -4.1143439e-05  5.0489164e-06  -3.0814009e-05  9.8181022e-06  3.0902431e-05  4.0123303e-05  -9.2731355e-07  0.00021196828  -1.6901126e-05  2.9596380e-05  -5.2549535e-05  0.00015686733  9.2358363e-05  1.2827810e-06  -4.7377682e-05  9.4714467e-06  4.5610909e-06  8.8053414e-05  
8.4049081e-05  0.0000000   -0.00014295374  -5.2439126e-05  0.0015034074  -5.5424166e-05  1.4652536e-05  0.00027153570  0.00027429906  -0.00013369032  -4.7625733e-05  -0.00051057916  -0.00030650991  4.8590242e-05  -6.6440069e-05  -4.6858823e-05  7.1185580e-05  -0.00016262589  -0.00017511829  -1.7435868e-05  2.8842017e-05  -0.00034117056  -7.6917864e-06  -5.2876148e-05  9.9584611e-06  6.6141637e-06  7.5537160e-05  -7.6298831e-06  -0.00011467558  -2.1997491e-05  1.4792745e-06  8.4049081e-05  0.0000000   -0.00014295374  -5.2439126e-05  0.0015034074  -5.5424166e-05  1.4652536e-05  0.00027153570  0.00027429906  -0.00013369032  -4.7625733e-05  -0.00051057916  -0.00030650991  4.8590242e-05  -6.6440069e-05  -4.6858823e-05  7.1185580e-05  -0.00016262589  -0.00017511829  -1.7435868e-05  2.8842017e-05  -0.00034117056  -7.6917864e-06  -5.2876148e-05  9.9584611e-06  6.6141637e-06  7.5537160e-05  -7.6298831e-06  -0.00011467558  -2.1997491e-05  1.4792745e-06  
6.3027939e-05  0.00014295374  0.0000000   -0.00047567545  -4.2047983e-05  0.00061893347  0.0010604678  2.3275815e-05  7.1744549e-05  0.00061763121  -0.00038157386  3.7312988e-05  -1.3473523e-06  -0.00021573556  1.4165183e-05  -6.3800477e-05  1.4435742e-05  -8.1067053e-05  -0.00012451668  -2.0096776e-05  -0.00011894251  -4.0769343e-06  4.0666470e-05  0.00015739666  4.6526050e-05  -4.9211514e-05  -7.4229655e-06  -5.8562933e-05  -1.7841230e-06  -3.2451792e-06  -8.9285936e-05  6.3027939e-05  0.00014295374  0.0000000   -0.00047567545  -4.2047983e-05  0.00061893347  0.0010604678  2.3275815e-05  7.1744549e-05  0.00061763121  -0.00038157386  3.7312988e-05  -1.3473523e-06  -0.00021573556  1.4165183e-05  -6.3800477e-05  1.4435742e-05  -8.1067053e-05  -0.00012451668  -2.0096776e-05  -0.00011894251  -4.0769343e-06  4.0666470e-05  0.00015739666  4.6526050e-05  -4.9211514e-05  -7.4229655e-06  -5.8562933e-05  -1.7841230e-06  -3.2451792e-06  -8.9285936e-05  
-0.0010244786  5.2439126e-05  0.00047567545  0.0000000   2.1932526e-05  -8.9536050e-05  0.0010605717  1.5229018e-05  9.3783293e-05  0.00078523379  7.5070415e-05  -6.1426592e-05  -1.6363423e-05  -0.00015304541  1.6448261e-05  5.1395097e-05  1.1919573e-05  -7.8355731e-06  -0.00010548421  7.8907593e-07  -0.00048316409  8.3682758e-06  3.2908384e-05  0.00028637658  -5.8988525e-05  1.6278835e-05  8.0234087e-06  1.0934489e-05  -1.4725256e-05  -1.1725713e-05  -0.00018696598  -0.0010244786  5.2439126e-05  0.00047567545  0.0000000   2.1932526e-05  -8.9536050e-05  0.0010605717  1.5229018e-05  9.3783293e-05  0.00078523379  7.5070415e-05  -6.1426592e-05  -1.6363423e-05  -0.00015304541  1.6448261e-05  5.1395097e-05  1.1919573e-05  -7.8355731e-06  -0.00010548421  7.8907593e-07  -0.00048316409  8.3682758e-06  3.2908384e-05  0.00028637658  -5.8988525e-05  1.6278835e-05  8.0234087e-06  1.0934489e-05  -1.4725256e-05  -1.1725713e-05  -0.00018696598  
-8.0077384e-05  -0.0015034074  4.2047983e-05  -2.1932526e-05  0.0000000   0.00033633496  -5.7845978e-05  -0.00016154579  -0.00013000649  0.00022131838  -1.9109557e-05  3.0378670e-05  -0.00025721440  -2.6373570e-05  0.00021904066  0.00019392546  0.00028405180  -0.00022748345  7.0491114e-05  0.00017074734  -9.4454461e-05  -0.00018624504  -1.4269616e-05  2.0397029e-05  -5.1199050e-06  6.0693551e-06  0.00016678784  4.7524039e-06  -0.00011619999  -5.6303843e-05  -1.1356605e-05  -8.0077384e-05  -0.0015034074  4.2047983e-05  -2.1932526e-05  0.0000000   0.00033633496  -5.7845978e-05  -0.00016154579  -0.00013000649  0.00022131838  -1.9109557e-05  3.0378670e-05  -0.00025721440  -2.6373570e-05  0.00021904066  0.00019392546  0.00028405180  -0.00022748345  7.0491114e-05  0.00017074734  -9.4454461e-05  -0.00018624504  -1.4269616e-05  2.0397029e-05  -5.1199050e-06  6.0693551e-06  0.00016678784  4.7524039e-06  -0.00011619999  -5.6303843e-05  -1.1356605e-05  
-0.00011633366  5.5424166e-05  -0.00061893347  8.9536050e-05  -0.00033633496  0.0000000   0.0035698471  -0.00027646213  -1.4798206e-05  -0.00013635536  -0.00067163690  0.00015592144  2.9690284e-05  -0.00010525980  5.0153994e-05  -7.1932285e-05  -2.7475958e-05  -6.4883609e-05  -0.00013701876  -6.1008718e-06  -0.00030429004  1.0091202e-05  0.00016565188  0.00033828075  0.00010534748  -0.00015396810  1.8872013e-06  -7.9048203e-05  1.0726385e-05  -2.2743875e-05  -0.00017540266  -0.00011633366  5.5424166e-05  -0.00061893347  8.9536050e-05  -0.00033633496  0.0000000   0.0035698471  -0.00027646213  -1.4798206e-05  -0.00013635536  -0.00067163690  0.00015592144  2.9690284e-05  -0.00010525980  5.0153994e-05  -7.1932285e-05  -2.7475958e-05  -6.4883609e-05  -0.00013701876  -6.1008718e-06  -0.00030429004  1.0091202e-05  0.00016565188  0.00033828075  0.00010534748  -0.00015396810  1.8872013e-06  -7.9048203e-05  1.0726385e-05  -2.2743875e-05  -0.00017540266  
0.00045187105  -1.4652536e-05  -0.0010604678  -0.0010605717  5.7845978e-05  -0.0035698471  0.0000000   -0.00015936138  3.3305033e-05  -0.0016060089  0.00017387313  -8.0983953e-05  0.00012134952  0.00045288187  -1.4087305e-05  2.4265970e-05  -7.0074479e-05  -7.5899729e-05  0.00016133107  9.1225213e-06  0.00064309390  -5.0757673e-05  0.00015225207  -0.00032663050  0.00010704636  -0.00011853491  1.5063876e-05  -5.9155816e-05  -5.8046615e-06  3.6876058e-06  0.00013558118  0.00045187105  -1.4652536e-05  -0.0010604678  -0.0010605717  5.7845978e-05  -0.0035698471  0.0000000   -0.00015936138  3.3305033e-05  -0.0016060089  0.00017387313  -8.0983953e-05  0.00012134952  0.00045288187  -1.4087305e-05  2.4265970e-05  -7.0074479e-05  -7.5899729e-05  0.00016133107  9.1225213e-06  0.00064309390  -5.0757673e-05  0.00015225207  -0.00032663050  0.00010704636  -0.00011853491  1.5063876e-05  -5.9155816e-05  -5.8046615e-06  3.6876058e-06  0.00013558118  
-4.3222724e-05  -0.00027153570  -2.3275815e-05  -1.5229018e-05  0.00016154579  0.00027646213  0.00015936138  0.0000000   0.0026950849  -0.00014430296  -5.6250159e-05  0.00014913497  0.00011776416  -9.5630088e-06  -9.7672842e-05  -0.00022289503  7.6860887e-05  -8.4350329e-05  -6.0449060e-06  -0.00011996709  -0.00011706611  -0.00019926743  -2.9281658e-06  3.5789381e-05  -4.3166768e-06  1.1081529e-05  -3.5637815e-05  -3.8791058e-06  -2.9855062e-05  4.2612586e-05  -3.8541727e-05  -4.3222724e-05  -0.00027153570  -2.3275815e-05  -1.5229018e-05  0.00016154579  0.00027646213  0.00015936138  0.0000000   0.0026950849  -0.00014430296  -5.6250159e-05  0.00014913497  0.00011776416  -9.5630088e-06  -9.7672842e-05  -0.00022289503  7.6860887e-05  -8.4350329e-05  -6.0449060e-06  -0.00011996709  -0.00011706611  -0.00019926743  -2.9281658e-06  3.5789381e-05  -4.3166768e-06  1.1081529e-05  -3.5637815e-05  -3.8791058e-06  -2.9855062e-05  4.2612586e-05  -3.8541727e-05  
-5.4818646e-05  -0.00027429906  -7.1744549e-05  -9.3783293e-05  0.00013000649  1.4798206e-05  -3.3305033e-05  -0.0026950849  0.0000000   8.9709497e-06  0.00016303633  0.0013907674  -0.00079096869  -4.2080214e-05  -0.00042802796  -0.00012535555  -0.00017713970  1.0321145e-05  -6.7050806e-05  -5.8546256e-05  -1.1747904e-05  6.1148382e-05  1.1265312e-05  2.0310185e-05  -1.4990317e-05  -1.1388759e-05  1.2197762e-05  -8.2979893e-06  0.00016698154  6.1515565e-05  -2.2184172e-05  -5.4818646e-05  -0.00027429906  -7.1744549e-05  -9.3783293e-05  0.00013000649  1.4798206e-05  -3.3305033e-05  -0.0026950849  0.0000000   8.9709497e-06  0.00016303633  0.0013907674  -0.00079096869  -4.2080214e-05  -0.00042802796  -0.00012535555  -0.00017713970  1.0321145e-05  -6.7050806e-05  -5.8546256e-05  -1.1747904e-05  6.1148382e-05  1.1265312e-05  2.0310185e-05  -1.4990317e-05  -1.1388759e-05  1.2197762e-05  -8.2979893e-06  0.00016698154  6.1515565e-05  -2.2184172e-05  
-0.00014288364  0.00013369032  -0.00061763121  -0.00078523379  -0.00022131838  0.00013635536  0.0016060089  0.00014430296  -8.9709497e-06  0.0000000   0.00035078430  -0.00016095502  0.00016979428  -5.7935044e-05  6.0454954e-05  -1.5336221e-05  -2.5282766e-05  -9.8265238e-05  4.9061066e-05  -1.3615968e-05  0.00025538583  6.7725887e-06  0.00021598095  -9.6078549e-05  -0.00013100955  0.00013433641  1.9103427e-05  6.3087021e-05  -2.9764273e-05  -6.0416401e-06  2.8686276e-05  -0.00014288364  0.00013369032  -0.00061763121  -0.00078523379  -0.00022131838  0.00013635536  0.0016060089  0.00014430296  -8.9709497e-06  0.0000000   0.00035078430  -0.00016095502  0.00016979428  -5.7935044e-05  6.0454954e-05  -1.5336221e-05  -2.5282766e-05  -9.8265238e-05  4.9061066e-05  -1.3615968e-05  0.00025538583  6.7725887e-06  0.00021598095  -9.6078549e-05  -0.00013100955  0.00013433641  1.9103427e-05  6.3087021e-05  -2.9764273e-05  -6.0416401e-06  2.8686276e-05  
1.4802294e-05  4.7625733e-05  0.00038157386  -7.5070415e-05  1.9109557e-05  0.00067163690  -0.00017387313  5.6250159e-05  -0.00016303633  -0.00035078430  0.0000000   2.3814384e-05  -0.00040045474  -0.0011495785  -7.6679022e-05  -0.00012710745  -2.7987601e-06  -7.5667890e-05  -3.5394787e-05  -1.1794595e-05  -0.00059072326  1.6935175e-05  0.00010316783  -2.4000847e-05  -0.00037770617  -0.00024463516  -3.0483375e-05  -0.00013736306  -4.8930104e-06  2.5303806e-05  -6.5755418e-06  1.4802294e-05  4.7625733e-05  0.00038157386  -7.5070415e-05  1.9109557e-05  0.00067163690  -0.00017387313  5.6250159e-05  -0.00016303633  -0.00035078430  0.0000000   2.3814384e-05  -0.00040045474  -0.0011495785  -7.6679022e-05  -0.00012710745  -2.7987601e-06  -7.5667890e-05  -3.5394787e-05  -1.1794595e-05  -0.00059072326  1.6935175e-05  0.00010316783  -2.4000847e-05  -0.00037770617  -0.00024463516  -3.0483375e-05  -0.00013736306  -4.8930104e-06  2.5303806e-05  -6.5755418e-06  
-1.8981642e-06  0.00051057916  -3.7312988e-05  6.1426592e-05  -3.0378670e-05  -0.00015592144  8.0983953e-05  -0.00014913497  -0.0013907674  0.00016095502  -2.3814384e-05  0.0000000   -0.0029209278  0.00016178385  -0.0011159491  -0.00016995035  -0.00014855599  -0.00073777735  -0.00025759960  -0.00036834025  0.00012942898  8.3415354e-05  -2.0634314e-05  -2.0025947e-05  3.5613371e-05  9.9906434e-06  -4.7103563e-05  1.9295788e-05  7.1166914e-05  0.00020056688  -3.9363289e-05  -1.8981642e-06  0.00051057916  -3.7312988e-05  6.1426592e-05  -3.0378670e-05  -0.00015592144  8.0983953e-05  -0.00014913497  -0.0013907674  0.00016095502  -2.3814384e-05  0.0000000   -0.0029209278  0.00016178385  -0.0011159491  -0.00016995035  -0.00014855599  -0.00073777735  -0.00025759960  -0.00036834025  0.00012942898  8.3415354e-05  -2.0634314e-05  -2.0025947e-05  3.5613371e-05  9.9906434e-06  -4.7103563e-05  1.9295788e-05  7.1166914e-05  0.00020056688  -3.9363289e-05  
-1.9284067e-06  0.00030650991  1.3473523e-06  1.6363423e-05  0.00025721440  -2.9690284e-05  -0.00012134952  -0.00011776416  0.00079096869  -0.00016979428  0.00040045474  0.0029209278  0.0000000   1.3290187e-05  -0.00018119671  -0.00030905978  -0.00016447213  -0.00013906460  -2.0730725e-05  0.00058125765  -2.4192720e-05  -0.00016058565  3.3911294e-05  4.2448714e-06  -2.8789810e-05  -5.5080515e-06  -6.9479688e-05  -2.2505961e-06  8.2527961e-05  -0.00012184172  -5.8746520e-06  -1.9284067e-06  0.00030650991  1.3473523e-06  1.6363423e-05  0.00025721440  -2.9690284e-05  -0.00012134952  -0.00011776416  0.00079096869  -0.00016979428  0.00040045474  0.0029209278  0.0000000   1.3290187e-05  -0.00018119671  -0.00030905978  -0.00016447213  -0.00013906460  -2.0730725e-05  0.00058125765  -2.4192720e-05  -0.00016058565  3.3911294e-05  4.2448714e-06  -2.8789810e-05  -5.5080515e-06  -6.9479688e-05  -2.2505961e-06  8.2527961e-05  -0.00012184172  -5.8746520e-06  
4.1143439e-05  -4.8590242e-05  0.00021573556  0.00015304541  2.6373570e-05  0.00010525980  -0.00045288187  9.5630088e-06  4.2080214e-05  5.7935044e-05  0.0011495785  -0.00016178385  -1.3290187e-05  0.0000000   -9.0966809e-05  -1.9844049e-05  0.00032828778  -0.00017042252  -4.4804267e-05  -3.7478675e-05  0.00029798222  -4.0845380e-06  2.6939524e-05  -0.00042949165  -0.00015007368  0.00047121996  3.4263046e-05  -0.00015932240  -3.0444818e-06  1.7201275e-06  0.00010670810  4.1143439e-05  -4.8590242e-05  0.00021573556  0.00015304541  2.6373570e-05  0.00010525980  -0.00045288187  9.5630088e-06  4.2080214e-05  5.7935044e-05  0.0011495785  -0.00016178385  -1.3290187e-05  0.0000000   -9.0966809e-05  -1.9844049e-05  0.00032828778  -0.00017042252  -4.4804267e-05  -3.7478675e-05  0.00029798222  -4.0845380e-06  2.6939524e-05  -0.00042949165  -0.00015007368  0.00047121996  3.4263046e-05  -0.00015932240  -3.0444818e-06  1.7201275e-06  0.00010670810  
-5.0489164e-06  6.6440069e-05  -1.4165183e-05  -1.6448261e-05  -0.00021904066  -5.0153994e-05  1.4087305e-05  9.7672842e-05  0.00042802796  -6.0454954e-05  7.6679022e-05  0.0011159491  0.00018119671  9.0966809e-05  0.0000000   -0.0021216393  0.0015846207  0.0015404372  -7.5310276e-05  0.00017202872  -0.00010462730  -0.00070153820  2.4110029e-07  5.3688267e-05  6.9843731e-05  7.3857436e-06  3.6442130e-05  1.3779448e-06  -0.00010608121  -0.00028429624  2.2808331e-05  -5.0489164e-06  6.6440069e-05  -1.4165183e-05  -1.6448261e-05  -0.00021904066  -5.0153994e-05  1.4087305e-05  9.7672842e-05  0.00042802796  -6.0454954e-05  7.6679022e-05  0.0011159491  0.00018119671  9.0966809e-05  0.0000000   -0.0021216393  0.0015846207  0.0015404372  -7.5310276e-05  0.00017202872  -0.00010462730  -0.00070153820  2.4110029e-07  5.3688267e-05  6.9843731e-05  7.3857436e-06  3.6442130e-05  1.3779448e-06  -0.00010608121  -0.00028429624  2.2808331e-05  
3.0814009e-05  4.6858823e-05  6.3800477e-05  -5.1395097e-05  -0.00019392546  7.1932285e-05  -2.4265970e-05  0.00022289503  0.00012535555  1.5336221e-05  0.00012710745  0.00016995035  0.00030905978  1.9844049e-05  0.0021216393  0.0000000   -0.0086853332  0.00029731776  0.0012273684  0.00047864369  -0.00027880175  -0.00077599143  0.00010432561  -1.9845132e-05  -7.0153044e-05  -4.7599875e-05  -8.1591969e-05  -2.1652811e-05  -0.00012979115  8.1061542e-05  1.5877853e-05  3.0814009e-05  4.6858823e-05  6.3800477e-05  -5.1395097e-05  -0.00019392546  7.1932285e-05  -2.4265970e-05  0.00022289503  0.00012535555  1.5336221e-05  0.00012710745  0.00016995035  0.00030905978  1.9844049e-05  0.0021216393  0.0000000   -0.0086853332  0.00029731776  0.0012273684  0.00047864369  -0.00027880175  -0.00077599143  0.00010432561  -1.9845132e-05  -7.0153044e-05  -4.7599875e-05  -8.1591969e-05  -2.1652811e-05  -0.00012979115  8.1061542e-05  1.5877853e-05  
-9.8181022e-06  -7.1185580e-05  -1.4435742e-05  -1.1919573e-05  -0.00028405180  2.7475958e-05  7.0074479e-05  -7.6860887e-05  0.00017713970  2.5282766e-05  2.7987601e-06  0.00014855599  0.00016447213  -0.00032828778  -0.0015846207  0.0086853332  0.0000000   -0.00051833831  0.0032948152  0.00020805547  -0.00013144187  0.00089455462  1.8900341e-05  1.7352422e-05  -9.7537257e-06  3.7939027e-06  -3.1019630e-05  9.9648490e-06  -0.00032139535  -3.7807622e-05  -1.1041624e-05  -9.8181022e-06  -7.1185580e-05  -1.4435742e-05  -1.1919573e-05  -0.00028405180  2.7475958e-05  7.0074479e-05  -7.6860887e-05  0.00017713970  2.5282766e-05  2.7987601e-06  0.00014855599  0.00016447213  -0.00032828778  -0.0015846207  0.0086853332  0.0000000   -0.00051833831  0.0032948152  0.00020805547  -0.00013144187  0.00089455462  1.8900341e-05  1.7352422e-05  -9.7537257e-06  3.7939027e-06  -3.1019630e-05  9.9648490e-06  -0.00032139535  -3.7807622e-05  -1.1041624e-05  
-3.0902431e-05  0.00016262589  8.1067053e-05  7.8355731e-06  0.00022748345  6.4883609e-05  7.5899729e-05  8.4350329e-05  -1.0321145e-05  9.8265238e-05  7.5667890e-05  0.00073777735  0.00013906460  0.00017042252  -0.0015404372  -0.00029731776  0.00051833831  0.0000000   0.012664142  0.00015847477  -0.0019338409  4.0309930e-05  0.00020233523  0.00017403657  5.9300899e-07  -0.00028506997  -0.00013560298  2.5242319e-06  -0.00035488570  -4.8987072e-05  -6.9400280e-05  -3.0902431e-05  0.00016262589  8.1067053e-05  7.8355731e-06  0.00022748345  6.4883609e-05  7.5899729e-05  8.4350329e-05  -1.0321145e-05  9.8265238e-05  7.5667890e-05  0.00073777735  0.00013906460  0.00017042252  -0.0015404372  -0.00029731776  0.00051833831  0.0000000   0.012664142  0.00015847477  -0.0019338409  4.0309930e-05  0.00020233523  0.00017403657  5.9300899e-07  -0.00028506997  -0.00013560298  2.5242319e-06  -0.00035488570  -4.8987072e-05  -6.9400280e-05  
-4.0123303e-05  0.00017511829  0.00012451668  0.00010548421  -7.0491114e-05  0.00013701876  -0.00016133107  6.0449060e-06  6.7050806e-05  -4.9061066e-05  3.5394787e-05  0.00025759960  2.0730725e-05  4.4804267e-05  7.5310276e-05  -0.0012273684  -0.0032948152  -0.012664142  0.0000000   -0.0010515918  -0.00076484480  -4.6385283e-06  -0.00026227947  7.4259831e-05  -0.00048173444  -0.00031097671  3.0878181e-05  7.5518931e-05  0.00017821080  0.00014291459  -0.00019472961  -4.0123303e-05  0.00017511829  0.00012451668  0.00010548421  -7.0491114e-05  0.00013701876  -0.00016133107  6.0449060e-06  6.7050806e-05  -4.9061066e-05  3.5394787e-05  0.00025759960  2.0730725e-05  4.4804267e-05  7.5310276e-05  -0.0012273684  -0.0032948152  -0.012664142  0.0000000   -0.0010515918  -0.00076484480  -4.6385283e-06  -0.00026227947  7.4259831e-05  -0.00048173444  -0.00031097671  3.0878181e-05  7.5518931e-05  0.00017821080  0.00014291459  -0.00019472961  
9.2731355e-07  1.7435868e-05  2.0096776e-05  -7.8907593e-07  -0.00017074734  6.1008718e-06  -9.1225213e-06  0.00011996709  5.8546256e-05  1.3615968e-05  1.1794595e-05  0.00036834025  -0.00058125765  3.7478675e-05  -0.00017202872  -0.00047864369  -0.00020805547  -0.00015847477  0.0010515918  0.0000000   -0.00026783796  -0.00040726354  2.2061176e-05  -7.3571837e-06  2.8461126e-06  -4.9162870e-05  0.00018093891  3.7139248e-07  0.00014118228  -6.0051798e-05  2.3807995e-06  9.2731355e-07  1.7435868e-05  2.0096776e-05  -7.8907593e-07  -0.00017074734  6.1008718e-06  -9.1225213e-06  0.00011996709  5.8546256e-05  1.3615968e-05  1.1794595e-05  0.00036834025  -0.00058125765  3.7478675e-05  -0.00017202872  -0.00047864369  -0.00020805547  -0.00015847477  0.0010515918  0.0000000   -0.00026783796  -0.00040726354  2.2061176e-05  -7.3571837e-06  2.8461126e-06  -4.9162870e-05  0.00018093891  3.7139248e-07  0.00014118228  -6.0051798e-05  2.3807995e-06  
-0.00021196828  -2.8842017e-05  0.00011894251  0.00048316409  9.4454461e-05  0.00030429004  -0.00064309390  0.00011706611  1.1747904e-05  -0.00025538583  0.00059072326  -0.00012942898  2.4192720e-05  -0.00029798222  0.00010462730  0.00027880175  0.00013144187  0.0019338409  0.00076484480  0.00026783796  0.0000000   -0.00013936344  -0.0011519185  0.0018432447  -0.00069866617  -0.00064205942  -6.1264679e-05  2.0054155e-05  -8.2959990e-05  -0.00011043508  -0.00064490231  -0.00021196828  -2.8842017e-05  0.00011894251  0.00048316409  9.4454461e-05  0.00030429004  -0.00064309390  0.00011706611  1.1747904e-05  -0.00025538583  0.00059072326  -0.00012942898  2.4192720e-05  -0.00029798222  0.00010462730  0.00027880175  0.00013144187  0.0019338409  0.00076484480  0.00026783796  0.0000000   -0.00013936344  -0.0011519185  0.0018432447  -0.00069866617  -0.00064205942  -6.1264679e-05  2.0054155e-05  -8.2959990e-05  -0.00011043508  -0.00064490231  
1.6901126e-05  0.00034117056  4.0769343e-06  -8.3682758e-06  0.00018624504  -1.0091202e-05  5.0757673e-05  0.00019926743  -6.1148382e-05  -6.7725887e-06  -1.6935175e-05  -8.3415354e-05  0.00016058565  4.0845380e-06  0.00070153820  0.00077599143  -0.00089455462  -4.0309930e-05  4.6385283e-06  0.00040726354  0.00013936344  0.0000000   0.00012267626  -8.1832618e-05  1.1819239e-05  3.1630130e-05  -0.00034179124  8.2148704e-06  8.4565486e-05  -1.6524193e-05  3.0386258e-05  1.6901126e-05  0.00034117056  4.0769343e-06  -8.3682758e-06  0.00018624504  -1.0091202e-05  5.0757673e-05  0.00019926743  -6.1148382e-05  -6.7725887e-06  -1.6935175e-05  -8.3415354e-05  0.00016058565  4.0845380e-06  0.00070153820  0.00077599143  -0.00089455462  -4.0309930e-05  4.6385283e-06  0.00040726354  0.00013936344  0.0000000   0.00012267626  -8.1832618e-05  1.1819239e-05  3.1630130e-05  -0.00034179124  8.2148704e-06  8.4565486e-05  -1.6524193e-05  3.0386258e-05  
-2.9596380e-05  7.6917864e-06  -4.0666470e-05  -3.2908384e-05  1.4269616e-05  -0.00016565188  -0.00015225207  2.9281658e-06  -1.1265312e-05  -0.00021598095  -0.00010316783  2.0634314e-05  -3.3911294e-05  -2.6939524e-05  -2.4110029e-07  -0.00010432561  -1.8900341e-05  -0.00020233523  0.00026227947  -2.2061176e-05  0.0011519185  -0.00012267626  0.0000000   0.0019141724  -0.00030769924  -0.00031955529  -2.9864397e-05  -0.00022924229  3.0534270e-05  -1.7243678e-05  -0.00028980241  -2.9596380e-05  7.6917864e-06  -4.0666470e-05  -3.2908384e-05  1.4269616e-05  -0.00016565188  -0.00015225207  2.9281658e-06  -1.1265312e-05  -0.00021598095  -0.00010316783  2.0634314e-05  -3.3911294e-05  -2.6939524e-05  -2.4110029e-07  -0.00010432561  -1.8900341e-05  -0.00020233523  0.00026227947  -2.2061176e-05  0.0011519185  -0.00012267626  0.0000000   0.0019141724  -0.00030769924  -0.00031955529  -2.9864397e-05  -0.00022924229  3.0534270e-05  -1.7243678e-05  -0.00028980241  
5.2549535e-05  5.2876148e-05  -0.00015739666  -0.00028637658  -2.0397029e-05  -0.00033828075  0.00032663050  -3.5789381e-05  -2.0310185e-05  9.6078549e-05  2.4000847e-05  2.0025947e-05  -4.2448714e-06  0.00042949165  -5.3688267e-05  1.9845132e-05  -1.7352422e-05  -0.00017403657  -7.4259831e-05  7.3571837e-06  -0.0018432447  8.1832618e-05  -0.0019141724  0.0000000   0.00012271675  0.0012536607  4.0509629e-05  -0.00032503210  5.0296609e-05  7.0209541e-05  0.00074158810  5.2549535e-05  5.2876148e-05  -0.00015739666  -0.00028637658  -2.0397029e-05  -0.00033828075  0.00032663050  -3.5789381e-05  -2.0310185e-05  9.6078549e-05  2.4000847e-05  2.0025947e-05  -4.2448714e-06  0.00042949165  -5.3688267e-05  1.9845132e-05  -1.7352422e-05  -0.00017403657  -7.4259831e-05  7.3571837e-06  -0.0018432447  8.1832618e-05  -0.0019141724  0.0000000   0.00012271675  0.0012536607  4.0509629e-05  -0.00032503210  5.0296609e-05  7.0209541e-05  0.00074158810  
-0.00015686733  -9.9584611e-06  -4.6526050e-05  5.8988525e-05  5.1199050e-06  -0.00010534748  -0.00010704636  4.3166768e-06  1.4990317e-05  0.00013100955  0.00037770617  -3.5613371e-05  2.8789810e-05  0.00015007368  -6.9843731e-05  7.0153044e-05  9.7537257e-06  -5.9300899e-07  0.00048173444  -2.8461126e-06  0.00069866617  -1.1819239e-05  0.00030769924  -0.00012271675  0.0000000   -7.9945658e-05  1.1578961e-05  -8.4611805e-05  -3.8107147e-05  -8.3093911e-05  -0.00019379274  -0.00015686733  -9.9584611e-06  -4.6526050e-05  5.8988525e-05  5.1199050e-06  -0.00010534748  -0.00010704636  4.3166768e-06  1.4990317e-05  0.00013100955  0.00037770617  -3.5613371e-05  2.8789810e-05  0.00015007368  -6.9843731e-05  7.0153044e-05  9.7537257e-06  -5.9300899e-07  0.00048173444  -2.8461126e-06  0.00069866617  -1.1819239e-05  0.00030769924  -0.00012271675  0.0000000   -7.9945658e-05  1.1578961e-05  -8.4611805e-05  -3.8107147e-05  -8.3093911e-05  -0.00019379274  
-9.2358363e-05  -6.6141637e-06  4.9211514e-05  -1.6278835e-05  -6.0693551e-06  0.00015396810  0.00011853491  -1.1081529e-05  1.1388759e-05  -0.00013433641  0.00024463516  -9.9906434e-06  5.5080515e-06  -0.00047121996  -7.3857436e-06  4.7599875e-05  -3.7939027e-06  0.00028506997  0.00031097671  4.9162870e-05  0.00064205942  -3.1630130e-05  0.00031955529  -0.0012536607  7.9945658e-05  0.0000000   1.6359118e-05  -0.00025725303  -4.4798302e-05  -1.0941596e-05  -0.00057369995  -9.2358363e-05  -6.6141637e-06  4.9211514e-05  -1.6278835e-05  -6.0693551e-06  0.00015396810  0.00011853491  -1.1081529e-05  1.1388759e-05  -0.00013433641  0.00024463516  -9.9906434e-06  5.5080515e-06  -0.00047121996  -7.3857436e-06  4.7599875e-05  -3.7939027e-06  0.00028506997  0.00031097671  4.9162870e-05  0.00064205942  -3.1630130e-05  0.00031955529  -0.0012536607  7.9945658e-05  0.0000000   1.6359118e-05  -0.00025725303  -4.4798302e-05  -1.0941596e-05  -0.00057369995  
-1.2827810e-06  -7.5537160e-05  7.4229655e-06  -8.0234087e-06  -0.00016678784  -1.8872013e-06  -1.5063876e-05  3.5637815e-05  -1.2197762e-05  -1.9103427e-05  3.0483375e-05  4.7103563e-05  6.9479688e-05  -3.4263046e-05  -3.6442130e-05  8.1591969e-05  3.1019630e-05  0.00013560298  -3.0878181e-05  -0.00018093891  6.1264679e-05  0.00034179124  2.9864397e-05  -4.0509629e-05  -1.1578961e-05  -1.6359118e-05  0.0000000   2.7420247e-05  0.00029907625  -0.0012666639  6.8350151e-05  -1.2827810e-06  -7.5537160e-05  7.4229655e-06  -8.0234087e-06  -0.00016678784  -1.8872013e-06  -1.5063876e-05  3.5637815e-05  -1.2197762e-05  -1.9103427e-05  3.0483375e-05  4.7103563e-05  6.9479688e-05  -3.4263046e-05  -3.6442130e-05  8.1591969e-05  3.1019630e-05  0.00013560298  -3.0878181e-05  -0.00018093891  6.1264679e-05  0.00034179124  2.9864397e-05  -4.0509629e-05  -1.1578961e-05  -1.6359118e-05  0.0000000   2.7420247e-05  0.00029907625  -0.0012666639  6.8350151e-05  
4.7377682e-05  7.6298831e-06  5.8562933e-05  -1.0934489e-05  -4.7524039e-06  7.9048203e-05  5.9155816e-05  3.8791058e-06  8.2979893e-06  -6.3087021e-05  0.00013736306  -1.9295788e-05  2.2505961e-06  0.00015932240  -1.3779448e-06  2.1652811e-05  -9.9648490e-06  -2.5242319e-06  -7.5518931e-05  -3.7139248e-07  -2.0054155e-05  -8.2148704e-06  0.00022924229  0.00032503210  8.4611805e-05  0.00025725303  -2.7420247e-05  0.0000000   6.6462583e-05  7.7029446e-06  -0.00020239766  4.7377682e-05  7.6298831e-06  5.8562933e-05  -1.0934489e-05  -4.7524039e-06  7.9048203e-05  5.9155816e-05  3.8791058e-06  8.2979893e-06  -6.3087021e-05  0.00013736306  -1.9295788e-05  2.2505961e-06  0.00015932240  -1.3779448e-06  2.1652811e-05  -9.9648490e-06  -2.5242319e-06  -7.5518931e-05  -3.7139248e-07  -2.0054155e-05  -8.2148704e-06  0.00022924229  0.00032503210  8.4611805e-05  0.00025725303  -2.7420247e-05  0.0000000   6.6462583e-05  7.7029446e-06  -0.00020239766  
-9.4714467e-06  0.00011467558  1.7841230e-06  1.4725256e-05  0.00011619999  -1.0726385e-05  5.8046615e-06  2.9855062e-05  -0.00016698154  2.9764273e-05  4.8930104e-06  -7.1166914e-05  -8.2527961e-05  3.0444818e-06  0.00010608121  0.00012979115  0.00032139535  0.00035488570  -0.00017821080  -0.00014118228  8.2959990e-05  -8.4565486e-05  -3.0534270e-05  -5.0296609e-05  3.8107147e-05  4.4798302e-05  -0.00029907625  -6.6462583e-05  0.0000000   0.0034896828  -0.00033320491  -9.4714467e-06  0.00011467558  1.7841230e-06  1.4725256e-05  0.00011619999  -1.0726385e-05  5.8046615e-06  2.9855062e-05  -0.00016698154  2.9764273e-05  4.8930104e-06  -7.1166914e-05  -8.2527961e-05  3.0444818e-06  0.00010608121  0.00012979115  0.00032139535  0.00035488570  -0.00017821080  -0.00014118228  8.2959990e-05  -8.4565486e-05  -3.0534270e-05  -5.0296609e-05  3.8107147e-05  4.4798302e-05  -0.00029907625  -6.6462583e-05  0.0000000   0.0034896828  -0.00033320491  
-4.5610909e-06  2.1997491e-05  3.2451792e-06  1.1725713e-05  5.6303843e-05  2.2743875e-05  -3.6876058e-06  -4.2612586e-05  -6.1515565e-05  6.0416401e-06  -2.5303806e-05  -0.00020056688  0.00012184172  -1.7201275e-06  0.00028429624  -8.1061542e-05  3.7807622e-05  4.8987072e-05  -0.00014291459  6.0051798e-05  0.00011043508  1.6524193e-05  1.7243678e-05  -7.0209541e-05  8.3093911e-05  1.0941596e-05  0.0012666639  -7.7029446e-06  -0.0034896828  0.0000000   8.1004375e-05  -4.5610909e-06  2.1997491e-05  3.2451792e-06  1.1725713e-05  5.6303843e-05  2.2743875e-05  -3.6876058e-06  -4.2612586e-05  -6.1515565e-05  6.0416401e-06  -2.5303806e-05  -0.00020056688  0.00012184172  -1.7201275e-06  0.00028429624  -8.1061542e-05  3.7807622e-05  4.8987072e-05  -0.00014291459  6.0051798e-05  0.00011043508  1.6524193e-05  1.7243678e-05  -7.0209541e-05  8.3093911e-05  1.0941596e-05  0.0012666639  -7.7029446e-06  -0.0034896828  0.0000000   8.1004375e-05  
-8.8053414e-05  -1.4792745e-06  8.9285936e-05  0.00018696598  1.1356605e-05  0.00017540266  -0.00013558118  3.8541727e-05  2.2184172e-05  -2.8686276e-05  6.5755418e-06  3.9363289e-05  5.8746520e-06  -0.00010670810  -2.2808331e-05  -1.5877853e-05  1.1041624e-05  6.9400280e-05  0.00019472961  -2.3807995e-06  0.00064490231  -3.0386258e-05  0.00028980241  -0.00074158810  0.00019379274  0.00057369995  -6.8350151e-05  0.00020239766  0.00033320491  -8.1004375e-05  0.0000000   -8.8053414e-05  -1.4792745e-06  8.9285936e-05  0.00018696598  1.1356605e-05  0.00017540266  -0.00013558118  3.8541727e-05  2.2184172e-05  -2.8686276e-05  6.5755418e-06  3.9363289e-05  5.8746520e-06  -0.00010670810  -2.2808331e-05  -1.5877853e-05  1.1041624e-05  6.9400280e-05  0.00019472961  -2.3807995e-06  0.00064490231  -3.0386258e-05  0.00028980241  -0.00074158810  0.00019379274  0.00057369995  -6.8350151e-05  0.00020239766  0.00033320491  -8.1004375e-05  0.0000000   
0.0000000   -8.4049081e-05  -6.3027939e-05  0.0010244786  8.0077384e-05  0.00011633366  -0.00045187105  4.3222724e-05  5.4818646e-05  0.00014288364  -1.4802294e-05  1.8981642e-06  1.9284067e-06  -4.1143439e-05  5.0489164e-06  -3.0814009e-05  9.8181022e-06  3.0902431e-05  4.0123303e-05  -9.2731355e-07  0.00021196828  -1.6901126e-05  2.9596380e-05  -5.2549535e-05  0.00015686733  9.2358363e-05  1.2827810e-06  -4.7377682e-05  9.4714467e-06  4.5610909e-06  8.8053414e-05  0.0000000   -8.4049081e-05  -6.3027939e-05  0.0010244786  8.0077384e-05  0.00011633366  -0.00045187105  4.3222724e-05  5.4818646e-05  0.00014288364  -1.4802294e-05  1.8981642e-06  1.9284067e-06  -4.1143439e-05  5.0489164e-06  -3.0814009e-05  9.8181022e-06  3.0902431e-05  4.0123303e-05  -9.2731355e-07  0.00021196828  -1.6901126e-05  2.9596380e-05  -5.2549535e-05  0.00015686733  9.2358363e-05  1.2827810e-06  -4.7377682e-05  9.4714467e-06  4.5610909e-06  8.8053414e-05  
8.4049081e-05  0.0000000   -0.00014295374  -5.2439126e-05  0.0015034074  -5.5424166e-05  1.4652536e-05  0.00027153570  0.00027429906  -0.00013369032  -4.7625733e-05  -0.00051057916  -0.00030650991  4.8590242e-05  -6.6440069e-05  -4.6858823e-05  7.1185580e-05  -0.00016262589  -0.00017511829  -1.7435868e-05  2.8842017e-05  -0.00034117056  -7.6917864e-06  -5.2876148e-05  9.9584611e-06  6.6141637e-06  7.5537160e-05  -7.6298831e-06  -0.00011467558  -2.1997491e-05  1.4792745e-06  8.4049081e-05  0.0000000   -0.00014295374  -5.2439126e-05  0.0015034074  -5.5424166e-05  1.4652536e-05  0.00027153570  0.00027429906  -0.00013369032  -4.7625733e-05  -0.00051057916  -0.00030650991  4.8590242e-05  -6.6440069e-05  -4.6858823e-05  7.1185580e-05  -0.00016262589  -0.00017511829  -1.7435868e-05  2.8842017e-05  -0.00034117056  -7.6917864e-06  -5.2876148e-05  9.9584611e-06  6.6141637e-06  7.5537160e-05  -7.6298831e-06  -0.00011467558  -2.1997491e-05  1.4792745e-06  
6.3027939e-05  0.00014295374  0.0000000   -0.00047567545  -4.2047983e-05  0.00061893347  0.0010604678  2.3275815e-05  7.1744549e-05  0.00061763121  -0.00038157386  3.7312988e-05  -1.3473523e-06  -0.00021573556  1.4165183e-05  -6.3800477e-05  1.4435742e-05  -8.1067053e-05  -0.00012451668  -2.0096776e-05  -0.00011894251  -4.0769343e-06  4.0666470e-05  0.00015739666  4.6526050e-05  -4.9211514e-05  -7.4229655e-06  -5.8562933e-05  -1.7841230e-06  -3.2451792e-06  -8.9285936e-05  6.3027939e-05  0.00014295374  0.0000000   -0.00047567545  -4.2047983e-05  0.00061893347  0.0010604678  2.3275815e-05  7.1744549e-05  0.00061763121  -0.00038157386  3.7312988e-05  -1.3473523e-06  -0.00021573556  1.4165183e-05  -6.3800477e-05  1.4435742e-05  -8.1067053e-05  -0.00012451668  -2.0096776e-05  -0.00011894251  -4.0769343e-06  4.0666470e-05  0.00015739666  4.6526050e-05  -4.9211514e-05  -7.4229655e-06  -5.8562933e-05  -1.7841230e-06  -3.2451792e-06  -8.9285936e-05  
-0.0010244786  5.2439126e-05  0.00047567545  0.0000000   2.1932526e-05  -8.9536050e-05  0.0010605717  1.5229018e-05  9.3783293e-05  0.00078523379  7.5070415e-05  -6.1426592e-05  -1.6363423e-05  -0.00015304541  1.6448261e-05  5.1395097e-05  1.1919573e-05  -7.8355731e-06  -0.00010548421  7.8907593e-07  -0.00048316409  8.3682758e-06  3.2908384e-05  0.00028637658  -5.8988525e-05  1.6278835e-05  8.0234087e-06  1.0934489e-05  -1.4725256e-05  -1.1725713e-05  -0.00018696598  -0.0010244786  5.2439126e-05  0.00047567545  0.0000000   2.1932526e-05  -8.9536050e-05  0.0010605717  1.5229018e-05  9.3783293e-05  0.00078523379  7.5070415e-05  -6.1426592e-05  -1.6363423e-05  -0.00015304541  1.6448261e-05  5.1395097e-05  1.1919573e-05  -7.8355731e-06  -0.00010548421  7.8907593e-07  -0.00048316409  8.3682758e-06  3.2908384e-05  0.00028637658  -5.8988525e-05  1.6278835e-05  8.0234087e-06  1.0934489e-05  -1.4725256e-05  -1.1725713e-05  -0.00018696598  
-8.0077384e-05  -0.0015034074  4.2047983e-05  -2.1932526e-05  0.0000000   0.00033633496  -5.7845978e-05  -0.00016154579  -0.00013000649  0.00022131838  -1.9109557e-05  3.0378670e-05  -0.00025721440  -2.6373570e-05  0.00021904066  0.00019392546  0.00028405180  -0.00022748345  7.0491114e-05  0.00017074734  -9.4454461e-05  -0.00018624504  -1.4269616e-05  2.0397029e-05  -5.1199050e-06  6.0693551e-06  0.00016678784  4.7524039e-06  -0.00011619999  -5.6303843e-05  -1.1356605e-05  -8.0077384e-05  -0.0015034074  4.2047983e-05  -2.1932526e-05  0.0000000   0.00033633496  -5.7845978e-05  -0.00016154579  -0.00013000649  0.00022131838  -1.9109557e-05  3.0378670e-05  -0.00025721440  -2.6373570e-05  0.00021904066  0.00019392546  0.00028405180  -0.00022748345  7.0491114e-05  0.00017074734  -9.4454461e-05  -0.00018624504  -1.4269616e-05  2.0397029e-05  -5.1199050e-06  6.0693551e-06  0.00016678784  4.7524039e-06  -0.00011619999  -5.6303843e-05  -1.1356605e-05  
-0.00011633366  5.5424166e-05  -0.00061893347  8.9536050e-05  -0.00033633496  0.0000000   0.0035698471  -0.00027646213  -1.4798206e-05  -0.00013635536  -0.00067163690  0.00015592144  2.9690284e-05  -0.00010525980  5.0153994e-05  -7.1932285e-05  -2.7475958e-05  -6.4883609e-05  -0.00013701876  -6.1008718e-06  -0.00030429004  1.0091202e-05  0.00016565188  0.00033828075  0.00010534748  -0.00015396810  1.8872013e-06  -7.9048203e-05  1.0726385e-05  -2.2743875e-05  -0.00017540266  -0.00011633366  5.5424166e-05  -0.00061893347  8.9536050e-05  -0.00033633496  0.0000000   0.0035698471  -0.00027646213  -1.4798206e-05  -0.00013635536  -0.00067163690  0.00015592144  2.9690284e-05  -0.00010525980  5.0153994e-05  -7.1932285e-05  -2.7475958e-05  -6.4883609e-05  -0.00013701876  -6.1008718e-06  -0.00030429004  1.0091202e-05  0.00016565188  0.00033828075  0.00010534748  -0.00015396810  1.8872013e-06  -7.9048203e-05  1.0726385e-05  -2.2743875e-05  -0.00017540266  
0.00045187105  -1.4652536e-05  -0.0010604678  -0.0010605717  5.7845978e-05  -0.0035698471  0.0000000   -0.00015936138  3.3305033e-05  -0.0016060089  0.00017387313  -8.0983953e-05  0.00012134952  0.00045288187  -1.4087305e-05  2.4265970e-05  -7.0074479e-05  -7.5899729e-05  0.00016133107  9.1225213e-06  0.00064309390  -5.0757673e-05  0.00015225207  -0.00032663050  0.00010704636  -0.00011853491  1.5063876e-05  -5.9155816e-05  -5.8046615e-06  3.6876058e-06  0.00013558118  0.00045187105  -1.4652536e-05  -0.0010604678  -0.0010605717  5.7845978e-05  -0.0035698471  0.0000000   -0.00015936138  3.3305033e-05  -0.0016060089  0.00017387313  -8.0983953e-05  0.00012134952  0.00045288187  -1.4087305e-05  2.4265970e-05  -7.0074479e-05  -7.5899729e-05  0.00016133107  9.1225213e-06  0.00064309390  -5.0757673e-05  0.00015225207  -0.00032663050  0.00010704636  -0.00011853491  1.5063876e-05  -5.9155816e-05  -5.8046615e-06  3.6876058e-06  0.00013558118  
-4.3222724e-05  -0.00027153570  -2.3275815e-05  -1.5229018e-05  0.00016154579  0.00027646213  0.00015936138  0.0000000   0.0026950849  -0.00014430296  -5.6250159e-05  0.00014913497  0.00011776416  -9.5630088e-06  -9.7672842e-05  -0.00022289503  7.6860887e-05  -8.4350329e-05  -6.0449060e-06  -0.00011996709  -0.00011706611  -0.00019926743  -2.9281658e-06  3.5789381e-05  -4.3166768e-06  1.1081529e-05  -3.5637815e-05  -3.8791058e-06  -2.9855062e-05  4.2612586e-05  -3.8541727e-05  -4.3222724e-05  -0.00027153570  -2.3275815e-05  -1.5229018e-05  0.00016154579  0.00027646213  0.00015936138  0.0000000   0.0026950849  -0.00014430296  -5.6250159e-05  0.00014913497  0.00011776416  -9.5630088e-06  -9.7672842e-05  -0.00022289503  7.6860887e-05  -8.4350329e-05  -6.0449060e-06  -0.00011996709  -0.00011706611  -0.00019926743  -2.9281658e-06  3.5789381e-05  -4.3166768e-06  1.1081529e-05  -3.5637815e-05  -3.8791058e-06  -2.9855062e-05  4.2612586e-05  -3.8541727e-05  
-5.4818646e-05  -0.00027429906  -7.1744549e-05  -9.3783293e-05  0.00013000649  1.4798206e-05  -3.3305033e-05  -0.0026950849  0.0000000   8.9709497e-06  0.00016303633  0.0013907674  -0.00079096869  -4.2080214e-05  -0.00042802796  -0.00012535555  -0.00017713970  1.0321145e-05  -6.7050806e-05  -5.8546256e-05  -1.1747904e-05  6.1148382e-05  1.1265312e-05  2.0310185e-05  -1.4990317e-05  -1.1388759e-05  1.2197762e-05  -8.2979893e-06  0.00016698154  6.1515565e-05  -2.2184172e-05  -5.4818646e-05  -0.00027429906  -7.1744549e-05  -9.3783293e-05  0.00013000649  1.4798206e-05  -3.3305033e-05  -0.0026950849  0.0000000   8.9709497e-06  0.00016303633  0.0013907674  -0.00079096869  -4.2080214e-05  -0.00042802796  -0.00012535555  -0.00017713970  1.0321145e-05  -6.7050806e-05  -5.8546256e-05  -1.1747904e-05  6.1148382e-05  1.1265312e-05  2.0310185e-05  -1.4990317e-05  -1.1388759e-05  1.2197762e-05  -8.2979893e-06  0.00016698154  6.1515565e-05  -2.2184172e-05  
-0.00014288364  0.00013369032  -0.00061763121  -0.00078523379  -0.00022131838  0.00013635536  0.0016060089  0.00014430296  -8.9709497e-06  0.0000000   0.00035078430  -0.00016095502  0.00016979428  -5.7935044e-05  6.0454954e-05  -1.5336221e-05  -2.5282766e-05  -9.8265238e-05  4.9061066e-05  -1.3615968e-05  0.00025538583  6.7725887e-06  0.00021598095  -9.6078549e-05  -0.00013100955  0.00013433641  1.9103427e-05  6.3087021e-05  -2.9764273e-05  -6.0416401e-06  2.8686276e-05  -0.00014288364  0.00013369032  -0.00061763121  -0.00078523379  -0.00022131838  0.00013635536  0.0016060089  0.00014430296  -8.9709497e-06  0.0000000   0.00035078430  -0.00016095502  0.00016979428  -5.7935044e-05  6.0454954e-05  -1.5336221e-05  -2.5282766e-05  -9.8265238e-05  4.9061066e-05  -1.3615968e-05  0.00025538583  6.7725887e-06  0.00021598095  -9.6078549e-05  -0.00013100955  0.00013433641  1.9103427e-05  6.3087021e-05  -2.9764273e-05  -6.0416401e-06  2.8686276e-05  
1.4802294e-05  4.7625733e-05  0.00038157386  -7.5070415e-05  1.9109557e-05  0.00067163690  -0.00017387313  5.6250159e-05  -0.00016303633  -0.00035078430  0.0000000   2.3814384e-05  -0.00040045474  -0.0011495785  -7.6679022e-05  -0.00012710745  -2.7987601e-06  -7.5667890e-05  -3.5394787e-05  -1.1794595e-05  -0.00059072326  1.6935175e-05  0.00010316783  -2.4000847e-05  -0.00037770617  -0.00024463516  -3.0483375e-05  -0.00013736306  -4.8930104e-06  2.5303806e-05  -6.5755418e-06  1.4802294e-05  4.7625733e-05  0.00038157386  -7.5070415e-05  1.9109557e-05  0.00067163690  -0.00017387313  5.6250159e-05  -0.00016303633  -0.00035078430  0.0000000   2.3814384e-05  -0.00040045474  -0.0011495785  -7.6679022e-05  -0.00012710745  -2.7987601e-06  -7.5667890e-05  -3.5394787e-05  -1.1794595e-05  -0.00059072326  1.6935175e-05  0.00010316783  -2.4000847e-05  -0.00037770617  -0.00024463516  -3.0483375e-05  -0.00013736306  -4.8930104e-06  2.5303806e-05  -6.5755418e-06  
