0.0000000   -0.0014393807  0.00012990837  0.00011254287  -4.8596383e-05  -6.7763099e-05  -3.2559613e-05  -8.8094936e-05  -0.00056384776  3.6915927e-05  -1.7228619e-06  1.6740834e-06  -1.1681683e-05  0.00023569814  3.2354924e-06  0.00010213328  1.7967202e-05  -9.1470504e-06  -0.00011730733  -4.1263071e-06  -1.9479832e-05  -7.0774606e-05  2.3848033e-05  -0.00022416399  -8.1176564e-06  -0.00023580873  -2.6960927e-06  2.8940004e-06  -9.6011965e-06  2.2372964e-06  -6.7787236e-05  0.0000000   -0.0014393807  0.00012990837  0.00011254287  -4.8596383e-05  -6.7763099e-05  -3.2559613e-05  -8.8094936e-05  -0.00056384776  3.6915927e-05  -1.7228619e-06  1.6740834e-06  -1.1681683e-05  0.00023569814  3.2354924e-06  0.00010213328  1.7967202e-05  -9.1470504e-06  -0.00011730733  -4.1263071e-06  -1.9479832e-05  -7.0774606e-05  2.3848033e-05  -0.00022416399  -8.1176564e-06  -0.00023580873  -2.6960927e-06  2.8940004e-06  -9.6011965e-06  2.2372964e-06  -6.7787236e-05  
0.0014393807  0.0000000   -0.00017910275  -0.00076651773  0.00015067606  -3.8130077e-05  0.00046386573  0.00060294668  -0.00075141106  -6.1781337e-06  2.7777899e-05  4.5163890e-05  -5.5178031e-05  0.00037475716  -2.8391682e-06  0.00010841888  2.1361476e-05  1.4278751e-05  6.0871653e-05  -2.6175651e-05  9.1916895e-06  -0.00012597227  -1.0966495e-06  -3.5877008e-05  7.8666293e-06  1.6773008e-05  1.5733503e-05  3.3389129e-06  -3.1086673e-05  0.00028128781  4.1533938e-05  0.0014393807  0.0000000   -0.00017910275  -0.00076651773  0.00015067606  -3.8130077e-05  0.00046386573  0.00060294668  -0.00075141106  -6.1781337e-06  2.7777899e-05  4.5163890e-05  -5.5178031e-05  0.00037475716  -2.8391682e-06  0.00010841888  2.1361476e-05  1.4278751e-05  6.0871653e-05  -2.6175651e-05  9.1916895e-06  -0.00012597227  -1.0966495e-06  -3.5877008e-05  7.8666293e-06  1.6773008e-05  1.5733503e-05  3.3389129e-06  -3.1086673e-05  0.00028128781  4.1533938e-05  
-0.00012990837  0.00017910275  0.0000000   -0.013596599  0.0025273395  0.00041849118  0.00017726006  -0.00029253623  -0.00019228740  -0.00042122841  0.00012395966  0.00013751236  5.8168840e-05  0.00014885513  0.00012495292  0.00012633704  4.6119491e-05  -2.8966817e-05  4.6160226e-06  -0.00013506121  5.1424959e-05  5.1658274e-06  5.9302179e-05  6.4605139e-05  6.4163903e-06  1.9703591e-05  0.00011493593  9.7502847e-05  -4.1371286e-05  -1.6908711e-05  -9.0782453e-06  -0.00012990837  0.00017910275  0.0000000   -0.013596599  0.0025273395  0.00041849118  0.00017726006  -0.00029253623  -0.00019228740  -0.00042122841  0.00012395966  0.00013751236  5.8168840e-05  0.00014885513  0.00012495292  0.00012633704  4.6119491e-05  -2.8966817e-05  4.6160226e-06  -0.00013506121  5.1424959e-05  5.1658274e-06  5.9302179e-05  6.4605139e-05  6.4163903e-06  1.9703591e-05  0.00011493593  9.7502847e-05  -4.1371286e-05  -1.6908711e-05  -9.0782453e-06  
-0.00011254287  0.00076651773  0.013596599  0.0000000   -0.0020312509  -0.0023070252  -8.6000888e-05  7.0670477e-06  -0.00010740997  0.00043368686  6.7255172e-05  0.00013614831  0.00019005657  4.4592104e-05  -3.0908217e-05  -9.9859938e-05  -0.00017339201  0.00011160734  -2.7353191e-05  -0.00013132438  -0.00047620162  -5.8534441e-05  -0.00016838756  -4.3501857e-05  -2.0841621e-05  4.5068634e-05  1.8374137e-05  1.7415135e-05  1.4228249e-05  -2.3229308e-05  1.6335340e-05  -0.00011254287  0.00076651773  0.013596599  0.0000000   -0.0020312509  -0.0023070252  -8.6000888e-05  7.0670477e-06  -0.00010740997  0.00043368686  6.7255172e-05  0.00013614831  0.00019005657  4.4592104e-05  -3.0908217e-05  -9.9859938e-05  -0.00017339201  0.00011160734  -2.7353191e-05  -0.00013132438  -0.00047620162  -5.8534441e-05  -0.00016838756  -4.3501857e-05  -2.0841621e-05  4.5068634e-05  1.8374137e-05  1.7415135e-05  1.4228249e-05  -2.3229308e-05  1.6335340e-05  
4.8596383e-05  -0.00015067606  -0.0025273395  0.0020312509  0.0000000   -0.0010171563  -4.7011077e-05  9.6348480e-05  -1.4801156e-05  -0.00035178555  0.00038346612  -0.00034331866  -3.4437485e-06  -4.1028499e-05  -7.0789835e-05  1.8921891e-05  -0.00036825078  0.00012738418  5.1682325e-07  3.1784904e-05  -0.00012024297  1.6151982e-06  -0.00030476087  -4.3963973e-05  -0.00015808288  -3.4359525e-05  -8.9199816e-05  -0.00011032319  2.8222405e-05  -1.9384847e-06  -3.1005061e-07  4.8596383e-05  -0.00015067606  -0.0025273395  0.0020312509  0.0000000   -0.0010171563  -4.7011077e-05  9.6348480e-05  -1.4801156e-05  -0.00035178555  0.00038346612  -0.00034331866  -3.4437485e-06  -4.1028499e-05  -7.0789835e-05  1.8921891e-05  -0.00036825078  0.00012738418  5.1682325e-07  3.1784904e-05  -0.00012024297  1.6151982e-06  -0.00030476087  -4.3963973e-05  -0.00015808288  -3.4359525e-05  -8.9199816e-05  -0.00011032319  2.8222405e-05  -1.9384847e-06  -3.1005061e-07  
6.7763099e-05  3.8130077e-05  -0.00041849118  0.0023070252  0.0010171563  0.0000000   6.7104561e-05  -3.5150392e-06  0.00028714794  -0.0013282718  0.0012903573  0.00037589048  -0.00050925983  -0.00011108888  -0.00012773586  4.2024551e-05  -0.00049101540  1.4742073e-05  2.9490075e-05  0.00029649942  5.2096025e-05  -3.0300593e-06  0.00019525410  2.8742461e-05  0.00027259938  -2.7093862e-05  1.2927940e-05  -6.9228366e-05  -6.4232179e-05  3.6680959e-06  -6.0970115e-06  6.7763099e-05  3.8130077e-05  -0.00041849118  0.0023070252  0.0010171563  0.0000000   6.7104561e-05  -3.5150392e-06  0.00028714794  -0.0013282718  0.0012903573  0.00037589048  -0.00050925983  -0.00011108888  -0.00012773586  4.2024551e-05  -0.00049101540  1.4742073e-05  2.9490075e-05  0.00029649942  5.2096025e-05  -3.0300593e-06  0.00019525410  2.8742461e-05  0.00027259938  -2.7093862e-05  1.2927940e-05  -6.9228366e-05  -6.4232179e-05  3.6680959e-06  -6.0970115e-06  
3.2559613e-05  -0.00046386573  -0.00017726006  8.6000888e-05  4.7011077e-05  -6.7104561e-05  0.0000000   -0.00041441608  -0.0035946461  -0.00010080213  4.9066844e-05  0.00015531728  -7.2945965e-05  0.00071024268  1.8133053e-05  1.5737509e-05  -1.4500334e-05  7.0896895e-05  0.00025002870  2.6543806e-06  -2.4215696e-05  -0.00016613845  2.2728431e-05  -0.00028299906  3.0991549e-05  0.00011507266  1.1233755e-05  -9.0677946e-06  -5.8518894e-06  0.00016310474  -3.2696306e-05  3.2559613e-05  -0.00046386573  -0.00017726006  8.6000888e-05  4.7011077e-05  -6.7104561e-05  0.0000000   -0.00041441608  -0.0035946461  -0.00010080213  4.9066844e-05  0.00015531728  -7.2945965e-05  0.00071024268  1.8133053e-05  1.5737509e-05  -1.4500334e-05  7.0896895e-05  0.00025002870  2.6543806e-06  -2.4215696e-05  -0.00016613845  2.2728431e-05  -0.00028299906  3.0991549e-05  0.00011507266  1.1233755e-05  -9.0677946e-06  -5.8518894e-06  0.00016310474  -3.2696306e-05  
8.8094936e-05  -0.00060294668  0.00029253623  -7.0670477e-06  -9.6348480e-05  3.5150392e-06  0.00041441608  0.0000000   0.0018008375  0.00014141359  -9.7242359e-05  -5.4145912e-05  -3.6165924e-05  0.00025143952  1.7225471e-05  6.7637101e-05  5.7804656e-05  -2.2997828e-05  -1.2557877e-05  -3.4942867e-05  -6.6196491e-06  -0.00022617039  -3.0240800e-05  -1.9331108e-05  -1.0190360e-05  4.9595160e-05  -4.8054866e-06  -5.4961140e-06  -6.6348108e-06  0.00012220167  -2.1153748e-06  8.8094936e-05  -0.00060294668  0.00029253623  -7.0670477e-06  -9.6348480e-05  3.5150392e-06  0.00041441608  0.0000000   0.0018008375  0.00014141359  -9.7242359e-05  -5.4145912e-05  -3.6165924e-05  0.00025143952  1.7225471e-05  6.7637101e-05  5.7804656e-05  -2.2997828e-05  -1.2557877e-05  -3.4942867e-05  -6.6196491e-06  -0.00022617039  -3.0240800e-05  -1.9331108e-05  -1.0190360e-05  4.9595160e-05  -4.8054866e-06  -5.4961140e-06  -6.6348108e-06  0.00012220167  -2.1153748e-06  
0.00056384776  0.00075141106  0.00019228740  0.00010740997  1.4801156e-05  -0.00028714794  0.0035946461  -0.0018008375  0.0000000   -2.8975629e-05  4.5996534e-05  -8.0936967e-05  0.00010216322  -5.4478052e-05  -4.7476849e-05  -0.00039022731  5.7562159e-05  4.7198523e-05  0.00021783238  2.8626270e-05  1.2567926e-05  -0.00012969247  6.3142802e-06  8.0503184e-06  -1.0531377e-05  4.8052065e-05  2.4439763e-05  2.2855480e-05  2.0741651e-06  -5.8917524e-06  -1.5127942e-05  0.00056384776  0.00075141106  0.00019228740  0.00010740997  1.4801156e-05  -0.00028714794  0.0035946461  -0.0018008375  0.0000000   -2.8975629e-05  4.5996534e-05  -8.0936967e-05  0.00010216322  -5.4478052e-05  -4.7476849e-05  -0.00039022731  5.7562159e-05  4.7198523e-05  0.00021783238  2.8626270e-05  1.2567926e-05  -0.00012969247  6.3142802e-06  8.0503184e-06  -1.0531377e-05  4.8052065e-05  2.4439763e-05  2.2855480e-05  2.0741651e-06  -5.8917524e-06  -1.5127942e-05  
-3.6915927e-05  6.1781337e-06  0.00042122841  -0.00043368686  0.00035178555  0.0013282718  0.00010080213  -0.00014141359  2.8975629e-05  0.0000000   -0.0012650244  0.0013571547  0.00095873971  0.00011820754  -0.00027568422  5.9449002e-06  0.00034443590  -3.1466060e-05  2.1314649e-05  -0.00047212709  -0.00020283949  7.3887091e-06  0.00016584662  6.2265146e-05  0.00011352997  2.0289959e-05  4.5196092e-05  0.00010800186  -4.4387613e-06  1.0573436e-05  5.1613505e-06  -3.6915927e-05  6.1781337e-06  0.00042122841  -0.00043368686  0.00035178555  0.0013282718  0.00010080213  -0.00014141359  2.8975629e-05  0.0000000   -0.0012650244  0.0013571547  0.00095873971  0.00011820754  -0.00027568422  5.9449002e-06  0.00034443590  -3.1466060e-05  2.1314649e-05  -0.00047212709  -0.00020283949  7.3887091e-06  0.00016584662  6.2265146e-05  0.00011352997  2.0289959e-05  4.5196092e-05  0.00010800186  -4.4387613e-06  1.0573436e-05  5.1613505e-06  
1.7228619e-06  -2.7777899e-05  -0.00012395966  -6.7255172e-05  -0.00038346612  -0.0012903573  -4.9066844e-05  9.7242359e-05  -4.5996534e-05  0.0012650244  0.0000000   -0.0015753856  0.0014573221  0.00022779233  -0.00048498287  6.8050839e-07  -4.8355286e-05  -0.00050954996  5.3883730e-05  -7.2886259e-05  0.00035086251  5.4471089e-06  -2.7684673e-05  -4.2734059e-05  -0.00016015759  -5.9479212e-06  6.1797773e-05  7.8043052e-05  0.00020678000  -7.2462504e-06  -8.5981635e-06  1.7228619e-06  -2.7777899e-05  -0.00012395966  -6.7255172e-05  -0.00038346612  -0.0012903573  -4.9066844e-05  9.7242359e-05  -4.5996534e-05  0.0012650244  0.0000000   -0.0015753856  0.0014573221  0.00022779233  -0.00048498287  6.8050839e-07  -4.8355286e-05  -0.00050954996  5.3883730e-05  -7.2886259e-05  0.00035086251  5.4471089e-06  -2.7684673e-05  -4.2734059e-05  -0.00016015759  -5.9479212e-06  6.1797773e-05  7.8043052e-05  0.00020678000  -7.2462504e-06  -8.5981635e-06  
-1.6740834e-06  -4.5163890e-05  -0.00013751236  -0.00013614831  0.00034331866  -0.00037589048  -0.00015531728  5.4145912e-05  8.0936967e-05  -0.0013571547  0.0015753856  0.0000000   0.0018184809  0.00019549970  0.00070998761  5.0851482e-05  -0.00020558056  0.00058253541  -8.0944901e-05  0.00034453388  -0.00014932435  6.9951431e-06  7.3823542e-05  -1.2681835e-05  -0.00035578724  -4.3744680e-05  6.3255546e-05  0.00023791592  6.5788107e-05  -4.1526003e-06  -9.4085689e-06  -1.6740834e-06  -4.5163890e-05  -0.00013751236  -0.00013614831  0.00034331866  -0.00037589048  -0.00015531728  5.4145912e-05  8.0936967e-05  -0.0013571547  0.0015753856  0.0000000   0.0018184809  0.00019549970  0.00070998761  5.0851482e-05  -0.00020558056  0.00058253541  -8.0944901e-05  0.00034453388  -0.00014932435  6.9951431e-06  7.3823542e-05  -1.2681835e-05  -0.00035578724  -4.3744680e-05  6.3255546e-05  0.00023791592  6.5788107e-05  -4.1526003e-06  -9.4085689e-06  
1.1681683e-05  5.5178031e-05  -5.8168840e-05  -0.00019005657  3.4437485e-06  0.00050925983  7.2945965e-05  3.6165924e-05  -0.00010216322  -0.00095873971  -0.0014573221  -0.0018184809  0.0000000   0.00015546502  -9.4677692e-05  -0.00011303635  0.00064671932  0.00039784884  -0.00012782501  0.00027925691  -0.00012481271  -2.5171572e-05  -0.00019763014  -9.7491728e-06  0.00016039867  3.0767313e-05  1.7696279e-05  0.00012767489  -0.00010298563  -1.5742004e-05  1.6592145e-05  1.1681683e-05  5.5178031e-05  -5.8168840e-05  -0.00019005657  3.4437485e-06  0.00050925983  7.2945965e-05  3.6165924e-05  -0.00010216322  -0.00095873971  -0.0014573221  -0.0018184809  0.0000000   0.00015546502  -9.4677692e-05  -0.00011303635  0.00064671932  0.00039784884  -0.00012782501  0.00027925691  -0.00012481271  -2.5171572e-05  -0.00019763014  -9.7491728e-06  0.00016039867  3.0767313e-05  1.7696279e-05  0.00012767489  -0.00010298563  -1.5742004e-05  1.6592145e-05  
-0.00023569814  -0.00037475716  -0.00014885513  -4.4592104e-05  4.1028499e-05  0.00011108888  -0.00071024268  -0.00025143952  5.4478052e-05  -0.00011820754  -0.00022779233  -0.00019549970  -0.00015546502  0.0000000   7.5116608e-05  0.00021180720  0.00029389315  -8.4014788e-05  0.00030448303  -2.4586441e-05  -2.4935780e-05  0.00022061669  -1.8694876e-05  -0.00020338927  3.4787600e-05  -0.00021905672  -1.2568309e-05  -7.2395284e-06  -1.8930375e-05  -6.0325480e-06  4.7483850e-05  -0.00023569814  -0.00037475716  -0.00014885513  -4.4592104e-05  4.1028499e-05  0.00011108888  -0.00071024268  -0.00025143952  5.4478052e-05  -0.00011820754  -0.00022779233  -0.00019549970  -0.00015546502  0.0000000   7.5116608e-05  0.00021180720  0.00029389315  -8.4014788e-05  0.00030448303  -2.4586441e-05  -2.4935780e-05  0.00022061669  -1.8694876e-05  -0.00020338927  3.4787600e-05  -0.00021905672  -1.2568309e-05  -7.2395284e-06  -1.8930375e-05  -6.0325480e-06  4.7483850e-05  
-3.2354924e-06  2.8391682e-06  -0.00012495292  3.0908217e-05  7.0789835e-05  0.00012773586  -1.8133053e-05  -1.7225471e-05  4.7476849e-05  0.00027568422  0.00048498287  -0.00070998761  9.4677692e-05  -7.5116608e-05  0.0000000   0.00012112751  -0.0029279468  0.00092928845  8.1229788e-05  0.00031204337  4.9177926e-06  -4.5863769e-05  -0.00014903025  -6.1524177e-05  0.00035444957  -4.8120712e-05  0.00022975500  -5.8363816e-05  -5.5845707e-05  -1.7546754e-05  -7.1209855e-06  -3.2354924e-06  2.8391682e-06  -0.00012495292  3.0908217e-05  7.0789835e-05  0.00012773586  -1.8133053e-05  -1.7225471e-05  4.7476849e-05  0.00027568422  0.00048498287  -0.00070998761  9.4677692e-05  -7.5116608e-05  0.0000000   0.00012112751  -0.0029279468  0.00092928845  8.1229788e-05  0.00031204337  4.9177926e-06  -4.5863769e-05  -0.00014903025  -6.1524177e-05  0.00035444957  -4.8120712e-05  0.00022975500  -5.8363816e-05  -5.5845707e-05  -1.7546754e-05  -7.1209855e-06  
-0.00010213328  -0.00010841888  -0.00012633704  9.9859938e-05  -1.8921891e-05  -4.2024551e-05  -1.5737509e-05  -6.7637101e-05  0.00039022731  -5.9449002e-06  -6.8050839e-07  -5.0851482e-05  0.00011303635  -0.00021180720  -0.00012112751  0.0000000   0.00011217184  0.00022559596  0.00068282998  9.2309054e-05  7.5260440e-05  -0.00043810181  -3.2869002e-05  0.00013779702  -2.3244844e-05  0.00018215483  -4.2355740e-05  6.6000281e-06  7.2500735e-06  0.00011766699  4.9341040e-05  -0.00010213328  -0.00010841888  -0.00012633704  9.9859938e-05  -1.8921891e-05  -4.2024551e-05  -1.5737509e-05  -6.7637101e-05  0.00039022731  -5.9449002e-06  -6.8050839e-07  -5.0851482e-05  0.00011303635  -0.00021180720  -0.00012112751  0.0000000   0.00011217184  0.00022559596  0.00068282998  9.2309054e-05  7.5260440e-05  -0.00043810181  -3.2869002e-05  0.00013779702  -2.3244844e-05  0.00018215483  -4.2355740e-05  6.6000281e-06  7.2500735e-06  0.00011766699  4.9341040e-05  
-1.7967202e-05  -2.1361476e-05  -4.6119491e-05  0.00017339201  0.00036825078  0.00049101540  1.4500334e-05  -5.7804656e-05  -5.7562159e-05  -0.00034443590  4.8355286e-05  0.00020558056  -0.00064671932  -0.00029389315  0.0029279468  -0.00011217184  0.0000000   -0.0046739095  0.00082514362  -0.0017469774  -0.00073446662  2.8766460e-05  0.00013716910  9.9267946e-05  -0.00019109967  3.7538210e-05  0.00035730632  2.2718017e-05  -0.00013843796  1.4347755e-05  -1.0954340e-05  -1.7967202e-05  -2.1361476e-05  -4.6119491e-05  0.00017339201  0.00036825078  0.00049101540  1.4500334e-05  -5.7804656e-05  -5.7562159e-05  -0.00034443590  4.8355286e-05  0.00020558056  -0.00064671932  -0.00029389315  0.0029279468  -0.00011217184  0.0000000   -0.0046739095  0.00082514362  -0.0017469774  -0.00073446662  2.8766460e-05  0.00013716910  9.9267946e-05  -0.00019109967  3.7538210e-05  0.00035730632  2.2718017e-05  -0.00013843796  1.4347755e-05  -1.0954340e-05  
9.1470504e-06  -1.4278751e-05  2.8966817e-05  -0.00011160734  -0.00012738418  -1.4742073e-05  -7.0896895e-05  2.2997828e-05  -4.7198523e-05  3.1466060e-05  0.00050954996  -0.00058253541  -0.00039784884  8.4014788e-05  -0.00092928845  -0.00022559596  0.0046739095  0.0000000   -0.00032796375  0.0010373430  -0.00060756754  0.00010313415  0.00034771764  0.00016242193  0.00013531445  0.00011547885  5.5300934e-05  -0.00017031902  -0.00023022180  2.3892113e-05  4.0107287e-05  9.1470504e-06  -1.4278751e-05  2.8966817e-05  -0.00011160734  -0.00012738418  -1.4742073e-05  -7.0896895e-05  2.2997828e-05  -4.7198523e-05  3.1466060e-05  0.00050954996  -0.00058253541  -0.00039784884  8.4014788e-05  -0.00092928845  -0.00022559596  0.0046739095  0.0000000   -0.00032796375  0.0010373430  -0.00060756754  0.00010313415  0.00034771764  0.00016242193  0.00013531445  0.00011547885  5.5300934e-05  -0.00017031902  -0.00023022180  2.3892113e-05  4.0107287e-05  
0.00011730733  -6.0871653e-05  -4.6160226e-06  2.7353191e-05  -5.1682325e-07  -2.9490075e-05  -0.00025002870  1.2557877e-05  -0.00021783238  -2.1314649e-05  -5.3883730e-05  8.0944901e-05  0.00012782501  -0.00030448303  -8.1229788e-05  -0.00068282998  -0.00082514362  0.00032796375  0.0000000   -2.2520448e-05  0.00010832295  0.00044653081  -0.00010321447  0.00037473779  -2.6251927e-05  0.00026402745  -3.0962584e-05  -1.1932217e-05  1.2500556e-05  0.00012069034  9.6779144e-05  0.00011730733  -6.0871653e-05  -4.6160226e-06  2.7353191e-05  -5.1682325e-07  -2.9490075e-05  -0.00025002870  1.2557877e-05  -0.00021783238  -2.1314649e-05  -5.3883730e-05  8.0944901e-05  0.00012782501  -0.00030448303  -8.1229788e-05  -0.00068282998  -0.00082514362  0.00032796375  0.0000000   -2.2520448e-05  0.00010832295  0.00044653081  -0.00010321447  0.00037473779  -2.6251927e-05  0.00026402745  -3.0962584e-05  -1.1932217e-05  1.2500556e-05  0.00012069034  9.6779144e-05  
4.1263071e-06  2.6175651e-05  0.00013506121  0.00013132438  -3.1784904e-05  -0.00029649942  -2.6543806e-06  3.4942867e-05  -2.8626270e-05  0.00047212709  7.2886259e-05  -0.00034453388  -0.00027925691  2.4586441e-05  -0.00031204337  -9.2309054e-05  0.0017469774  -0.0010373430  2.2520448e-05  0.0000000   0.00096688339  5.9691780e-05  -0.00040393907  -1.2347192e-05  0.00013144464  3.0392749e-05  0.00020458559  0.00037164403  0.00019233510  -4.5818356e-06  -7.8326210e-06  4.1263071e-06  2.6175651e-05  0.00013506121  0.00013132438  -3.1784904e-05  -0.00029649942  -2.6543806e-06  3.4942867e-05  -2.8626270e-05  0.00047212709  7.2886259e-05  -0.00034453388  -0.00027925691  2.4586441e-05  -0.00031204337  -9.2309054e-05  0.0017469774  -0.0010373430  2.2520448e-05  0.0000000   0.00096688339  5.9691780e-05  -0.00040393907  -1.2347192e-05  0.00013144464  3.0392749e-05  0.00020458559  0.00037164403  0.00019233510  -4.5818356e-06  -7.8326210e-06  
1.9479832e-05  -9.1916895e-06  -5.1424959e-05  0.00047620162  0.00012024297  -5.2096025e-05  2.4215696e-05  6.6196491e-06  -1.2567926e-05  0.00020283949  -0.00035086251  0.00014932435  0.00012481271  2.4935780e-05  -4.9177926e-06  -7.5260440e-05  0.00073446662  0.00060756754  -0.00010832295  -0.00096688339  0.0000000   -9.1871992e-06  0.00038778133  -3.8594261e-06  -0.00073345112  3.7607121e-05  -6.2593992e-05  -0.00043505126  0.00022655722  7.5715656e-06  -1.0404940e-05  1.9479832e-05  -9.1916895e-06  -5.1424959e-05  0.00047620162  0.00012024297  -5.2096025e-05  2.4215696e-05  6.6196491e-06  -1.2567926e-05  0.00020283949  -0.00035086251  0.00014932435  0.00012481271  2.4935780e-05  -4.9177926e-06  -7.5260440e-05  0.00073446662  0.00060756754  -0.00010832295  -0.00096688339  0.0000000   -9.1871992e-06  0.00038778133  -3.8594261e-06  -0.00073345112  3.7607121e-05  -6.2593992e-05  -0.00043505126  0.00022655722  7.5715656e-06  -1.0404940e-05  
7.0774606e-05  0.00012597227  -5.1658274e-06  5.8534441e-05  -1.6151982e-06  3.0300593e-06  0.00016613845  0.00022617039  0.00012969247  -7.3887091e-06  -5.4471089e-06  -6.9951431e-06  2.5171572e-05  -0.00022061669  4.5863769e-05  0.00043810181  -2.8766460e-05  -0.00010313415  -0.00044653081  -5.9691780e-05  9.1871992e-06  0.0000000   4.7934054e-05  -0.00074825288  4.0944578e-05  0.00089984358  -3.8636629e-05  -8.3760331e-06  8.2899187e-06  0.00014730225  0.00010893235  7.0774606e-05  0.00012597227  -5.1658274e-06  5.8534441e-05  -1.6151982e-06  3.0300593e-06  0.00016613845  0.00022617039  0.00012969247  -7.3887091e-06  -5.4471089e-06  -6.9951431e-06  2.5171572e-05  -0.00022061669  4.5863769e-05  0.00043810181  -2.8766460e-05  -0.00010313415  -0.00044653081  -5.9691780e-05  9.1871992e-06  0.0000000   4.7934054e-05  -0.00074825288  4.0944578e-05  0.00089984358  -3.8636629e-05  -8.3760331e-06  8.2899187e-06  0.00014730225  0.00010893235  
-2.3848033e-05  1.0966495e-06  -5.9302179e-05  0.00016838756  0.00030476087  -0.00019525410  -2.2728431e-05  3.0240800e-05  -6.3142802e-06  -0.00016584662  2.7684673e-05  -7.3823542e-05  0.00019763014  1.8694876e-05  0.00014903025  3.2869002e-05  -0.00013716910  -0.00034771764  0.00010321447  0.00040393907  -0.00038778133  -4.7934054e-05  0.0000000   8.3754031e-05  0.0010439858  -0.00020908872  -0.0014072129  0.00021928804  -0.00032184534  -1.5161903e-05  1.2327843e-05  -2.3848033e-05  1.0966495e-06  -5.9302179e-05  0.00016838756  0.00030476087  -0.00019525410  -2.2728431e-05  3.0240800e-05  -6.3142802e-06  -0.00016584662  2.7684673e-05  -7.3823542e-05  0.00019763014  1.8694876e-05  0.00014903025  3.2869002e-05  -0.00013716910  -0.00034771764  0.00010321447  0.00040393907  -0.00038778133  -4.7934054e-05  0.0000000   8.3754031e-05  0.0010439858  -0.00020908872  -0.0014072129  0.00021928804  -0.00032184534  -1.5161903e-05  1.2327843e-05  
0.00022416399  3.5877008e-05  -6.4605139e-05  4.3501857e-05  4.3963973e-05  -2.8742461e-05  0.00028299906  1.9331108e-05  -8.0503184e-06  -6.2265146e-05  4.2734059e-05  1.2681835e-05  9.7491728e-06  0.00020338927  6.1524177e-05  -0.00013779702  -9.9267946e-05  -0.00016242193  -0.00037473779  1.2347192e-05  3.8594261e-06  0.00074825288  -8.3754031e-05  0.0000000   0.00010885415  0.0017911568  -5.6638982e-05  -2.8716544e-05  -3.0876551e-05  3.3985035e-05  -0.00034403603  0.00022416399  3.5877008e-05  -6.4605139e-05  4.3501857e-05  4.3963973e-05  -2.8742461e-05  0.00028299906  1.9331108e-05  -8.0503184e-06  -6.2265146e-05  4.2734059e-05  1.2681835e-05  9.7491728e-06  0.00020338927  6.1524177e-05  -0.00013779702  -9.9267946e-05  -0.00016242193  -0.00037473779  1.2347192e-05  3.8594261e-06  0.00074825288  -8.3754031e-05  0.0000000   0.00010885415  0.0017911568  -5.6638982e-05  -2.8716544e-05  -3.0876551e-05  3.3985035e-05  -0.00034403603  
8.1176564e-06  -7.8666293e-06  -6.4163903e-06  2.0841621e-05  0.00015808288  -0.00027259938  -3.0991549e-05  1.0190360e-05  1.0531377e-05  -0.00011352997  0.00016015759  0.00035578724  -0.00016039867  -3.4787600e-05  -0.00035444957  2.3244844e-05  0.00019109967  -0.00013531445  2.6251927e-05  -0.00013144464  0.00073345112  -4.0944578e-05  -0.0010439858  -0.00010885415  0.0000000   -9.3239935e-05  0.0019727926  -0.0010545538  4.4606107e-05  -2.2049424e-05  -1.7849897e-05  8.1176564e-06  -7.8666293e-06  -6.4163903e-06  2.0841621e-05  0.00015808288  -0.00027259938  -3.0991549e-05  1.0190360e-05  1.0531377e-05  -0.00011352997  0.00016015759  0.00035578724  -0.00016039867  -3.4787600e-05  -0.00035444957  2.3244844e-05  0.00019109967  -0.00013531445  2.6251927e-05  -0.00013144464  0.00073345112  -4.0944578e-05  -0.0010439858  -0.00010885415  0.0000000   -9.3239935e-05  0.0019727926  -0.0010545538  4.4606107e-05  -2.2049424e-05  -1.7849897e-05  
0.00023580873  -1.6773008e-05  -1.9703591e-05  -4.5068634e-05  3.4359525e-05  2.7093862e-05  -0.00011507266  -4.9595160e-05  -4.8052065e-05  -2.0289959e-05  5.9479212e-06  4.3744680e-05  -3.0767313e-05  0.00021905672  4.8120712e-05  -0.00018215483  -3.7538210e-05  -0.00011547885  -0.00026402745  -3.0392749e-05  -3.7607121e-05  -0.00089984358  0.00020908872  -0.0017911568  9.3239935e-05  0.0000000   -5.0301864e-05  4.4765756e-06  1.5474385e-05  -0.00090437138  4.3079573e-05  0.00023580873  -1.6773008e-05  -1.9703591e-05  -4.5068634e-05  3.4359525e-05  2.7093862e-05  -0.00011507266  -4.9595160e-05  -4.8052065e-05  -2.0289959e-05  5.9479212e-06  4.3744680e-05  -3.0767313e-05  0.00021905672  4.8120712e-05  -0.00018215483  -3.7538210e-05  -0.00011547885  -0.00026402745  -3.0392749e-05  -3.7607121e-05  -0.00089984358  0.00020908872  -0.0017911568  9.3239935e-05  0.0000000   -5.0301864e-05  4.4765756e-06  1.5474385e-05  -0.00090437138  4.3079573e-05  
2.6960927e-06  -1.5733503e-05  -0.00011493593  -1.8374137e-05  8.9199816e-05  -1.2927940e-05  -1.1233755e-05  4.8054866e-06  -2.4439763e-05  -4.5196092e-05  -6.1797773e-05  -6.3255546e-05  -1.7696279e-05  1.2568309e-05  -0.00022975500  4.2355740e-05  -0.00035730632  -5.5300934e-05  3.0962584e-05  -0.00020458559  6.2593992e-05  3.8636629e-05  0.0014072129  5.6638982e-05  -0.0019727926  5.0301864e-05  0.0000000   0.00047753746  -0.00033447067  -1.5643361e-05  2.1935946e-05  2.6960927e-06  -1.5733503e-05  -0.00011493593  -1.8374137e-05  8.9199816e-05  -1.2927940e-05  -1.1233755e-05  4.8054866e-06  -2.4439763e-05  -4.5196092e-05  -6.1797773e-05  -6.3255546e-05  -1.7696279e-05  1.2568309e-05  -0.00022975500  4.2355740e-05  -0.00035730632  -5.5300934e-05  3.0962584e-05  -0.00020458559  6.2593992e-05  3.8636629e-05  0.0014072129  5.6638982e-05  -0.0019727926  5.0301864e-05  0.0000000   0.00047753746  -0.00033447067  -1.5643361e-05  2.1935946e-05  
-2.8940004e-06  -3.3389129e-06  -9.7502847e-05  -1.7415135e-05  0.00011032319  6.9228366e-05  9.0677946e-06  5.4961140e-06  -2.2855480e-05  -0.00010800186  -7.8043052e-05  -0.00023791592  -0.00012767489  7.2395284e-06  5.8363816e-05  -6.6000281e-06  -2.2718017e-05  0.00017031902  1.1932217e-05  -0.00037164403  0.00043505126  8.3760331e-06  -0.00021928804  2.8716544e-05  0.0010545538  -4.4765756e-06  -0.00047753746  0.0000000   -0.0018670118  -0.00012516286  0.00011897317  -2.8940004e-06  -3.3389129e-06  -9.7502847e-05  -1.7415135e-05  0.00011032319  6.9228366e-05  9.0677946e-06  5.4961140e-06  -2.2855480e-05  -0.00010800186  -7.8043052e-05  -0.00023791592  -0.00012767489  7.2395284e-06  5.8363816e-05  -6.6000281e-06  -2.2718017e-05  0.00017031902  1.1932217e-05  -0.00037164403  0.00043505126  8.3760331e-06  -0.00021928804  2.8716544e-05  0.0010545538  -4.4765756e-06  -0.00047753746  0.0000000   -0.0018670118  -0.00012516286  0.00011897317  
9.6011965e-06  3.1086673e-05  4.1371286e-05  -1.4228249e-05  -2.8222405e-05  6.4232179e-05  5.8518894e-06  6.6348108e-06  -2.0741651e-06  4.4387613e-06  -0.00020678000  -6.5788107e-05  0.00010298563  1.8930375e-05  5.5845707e-05  -7.2500735e-06  0.00013843796  0.00023022180  -1.2500556e-05  -0.00019233510  -0.00022655722  -8.2899187e-06  0.00032184534  3.0876551e-05  -4.4606107e-05  -1.5474385e-05  0.00033447067  0.0018670118  0.0000000   -9.4101842e-05  -0.00014238016  9.6011965e-06  3.1086673e-05  4.1371286e-05  -1.4228249e-05  -2.8222405e-05  6.4232179e-05  5.8518894e-06  6.6348108e-06  -2.0741651e-06  4.4387613e-06  -0.00020678000  -6.5788107e-05  0.00010298563  1.8930375e-05  5.5845707e-05  -7.2500735e-06  0.00013843796  0.00023022180  -1.2500556e-05  -0.00019233510  -0.00022655722  -8.2899187e-06  0.00032184534  3.0876551e-05  -4.4606107e-05  -1.5474385e-05  0.00033447067  0.0018670118  0.0000000   -9.4101842e-05  -0.00014238016  
-2.2372964e-06  -0.00028128781  1.6908711e-05  2.3229308e-05  1.9384847e-06  -3.6680959e-06  -0.00016310474  -0.00012220167  5.8917524e-06  -1.0573436e-05  7.2462504e-06  4.1526003e-06  1.5742004e-05  6.0325480e-06  1.7546754e-05  -0.00011766699  -1.4347755e-05  -2.3892113e-05  -0.00012069034  4.5818356e-06  -7.5715656e-06  -0.00014730225  1.5161903e-05  -3.3985035e-05  2.2049424e-05  0.00090437138  1.5643361e-05  0.00012516286  9.4101842e-05  0.0000000   0.0018537831  -2.2372964e-06  -0.00028128781  1.6908711e-05  2.3229308e-05  1.9384847e-06  -3.6680959e-06  -0.00016310474  -0.00012220167  5.8917524e-06  -1.0573436e-05  7.2462504e-06  4.1526003e-06  1.5742004e-05  6.0325480e-06  1.7546754e-05  -0.00011766699  -1.4347755e-05  -2.3892113e-05  -0.00012069034  4.5818356e-06  -7.5715656e-06  -0.00014730225  1.5161903e-05  -3.3985035e-05  2.2049424e-05  0.00090437138  1.5643361e-05  0.00012516286  9.4101842e-05  0.0000000   0.0018537831  
6.7787236e-05  -4.1533938e-05  9.0782453e-06  -1.6335340e-05  3.1005061e-07  6.0970115e-06  3.2696306e-05  2.1153748e-06  1.5127942e-05  -5.1613505e-06  8.5981635e-06  9.4085689e-06  -1.6592145e-05  -4.7483850e-05  7.1209855e-06  -4.9341040e-05  1.0954340e-05  -4.0107287e-05  -9.6779144e-05  7.8326210e-06  1.0404940e-05  -0.00010893235  -1.2327843e-05  0.00034403603  1.7849897e-05  -4.3079573e-05  -2.1935946e-05  -0.00011897317  0.00014238016  -0.0018537831  0.0000000   6.7787236e-05  -4.1533938e-05  9.0782453e-06  -1.6335340e-05  3.1005061e-07  6.0970115e-06  3.2696306e-05  2.1153748e-06  1.5127942e-05  -5.1613505e-06  8.5981635e-06  9.4085689e-06  -1.6592145e-05  -4.7483850e-05  7.1209855e-06  -4.9341040e-05  1.0954340e-05  -4.0107287e-05  -9.6779144e-05  7.8326210e-06  1.0404940e-05  -0.00010893235  -1.2327843e-05  0.00034403603  1.7849897e-05  -4.3079573e-05  -2.1935946e-05  -0.00011897317  0.00014238016  -0.0018537831  0.0000000   
0.0000000   -0.0014393807  0.00012990837  0.00011254287  -4.8596383e-05  -6.7763099e-05  -3.2559613e-05  -8.8094936e-05  -0.00056384776  3.6915927e-05  -1.7228619e-06  1.6740834e-06  -1.1681683e-05  0.00023569814  3.2354924e-06  0.00010213328  1.7967202e-05  -9.1470504e-06  -0.00011730733  -4.1263071e-06  -1.9479832e-05  -7.0774606e-05  2.3848033e-05  -0.00022416399  -8.1176564e-06  -0.00023580873  -2.6960927e-06  2.8940004e-06  -9.6011965e-06  2.2372964e-06  -6.7787236e-05  0.0000000   -0.0014393807  0.00012990837  0.00011254287  -4.8596383e-05  -6.7763099e-05  -3.2559613e-05  -8.8094936e-05  -0.00056384776  3.6915927e-05  -1.7228619e-06  1.6740834e-06  -1.1681683e-05  0.00023569814  3.2354924e-06  0.00010213328  1.7967202e-05  -9.1470504e-06  -0.00011730733  -4.1263071e-06  -1.9479832e-05  -7.0774606e-05  2.3848033e-05  -0.00022416399  -8.1176564e-06  -0.00023580873  -2.6960927e-06  2.8940004e-06  -9.6011965e-06  2.2372964e-06  -6.7787236e-05  
0.0014393807  0.0000000   -0.00017910275  -0.00076651773  0.00015067606  -3.8130077e-05  0.00046386573  0.00060294668  -0.00075141106  -6.1781337e-06  2.7777899e-05  4.5163890e-05  -5.5178031e-05  0.00037475716  -2.8391682e-06  0.00010841888  2.1361476e-05  1.4278751e-05  6.0871653e-05  -2.6175651e-05  9.1916895e-06  -0.00012597227  -1.0966495e-06  -3.5877008e-05  7.8666293e-06  1.6773008e-05  1.5733503e-05  3.3389129e-06  -3.1086673e-05  0.00028128781  4.1533938e-05  0.0014393807  0.0000000   -0.00017910275  -0.00076651773  0.00015067606  -3.8130077e-05  0.00046386573  0.00060294668  -0.00075141106  -6.1781337e-06  2.7777899e-05  4.5163890e-05  -5.5178031e-05  0.00037475716  -2.8391682e-06  0.00010841888  2.1361476e-05  1.4278751e-05  6.0871653e-05  -2.6175651e-05  9.1916895e-06  -0.00012597227  -1.0966495e-06  -3.5877008e-05  7.8666293e-06  1.6773008e-05  1.5733503e-05  3.3389129e-06  -3.1086673e-05  0.00028128781  4.1533938e-05  
-0.00012990837  0.00017910275  0.0000000   -0.013596599  0.0025273395  0.00041849118  0.00017726006  -0.00029253623  -0.00019228740  -0.00042122841  0.00012395966  0.00013751236  5.8168840e-05  0.00014885513  0.00012495292  0.00012633704  4.6119491e-05  -2.8966817e-05  4.6160226e-06  -0.00013506121  5.1424959e-05  5.1658274e-06  5.9302179e-05  6.4605139e-05  6.4163903e-06  1.9703591e-05  0.00011493593  9.7502847e-05  -4.1371286e-05  -1.6908711e-05  -9.0782453e-06  -0.00012990837  0.00017910275  0.0000000   -0.013596599  0.0025273395  0.00041849118  0.00017726006  -0.00029253623  -0.00019228740  -0.00042122841  0.00012395966  0.00013751236  5.8168840e-05  0.00014885513  0.00012495292  0.00012633704  4.6119491e-05  -2.8966817e-05  4.6160226e-06  -0.00013506121  5.1424959e-05  5.1658274e-06  5.9302179e-05  6.4605139e-05  6.4163903e-06  1.9703591e-05  0.00011493593  9.7502847e-05  -4.1371286e-05  -1.6908711e-05  -9.0782453e-06  
-0.00011254287  0.00076651773  0.013596599  0.0000000   -0.0020312509  -0.0023070252  -8.6000888e-05  7.0670477e-06  -0.00010740997  0.00043368686  6.7255172e-05  0.00013614831  0.00019005657  4.4592104e-05  -3.0908217e-05  -9.9859938e-05  -0.00017339201  0.00011160734  -2.7353191e-05  -0.00013132438  -0.00047620162  -5.8534441e-05  -0.00016838756  -4.3501857e-05  -2.0841621e-05  4.5068634e-05  1.8374137e-05  1.7415135e-05  1.4228249e-05  -2.3229308e-05  1.6335340e-05  -0.00011254287  0.00076651773  0.013596599  0.0000000   -0.0020312509  -0.0023070252  -8.6000888e-05  7.0670477e-06  -0.00010740997  0.00043368686  6.7255172e-05  0.00013614831  0.00019005657  4.4592104e-05  -3.0908217e-05  -9.9859938e-05  -0.00017339201  0.00011160734  -2.7353191e-05  -0.00013132438  -0.00047620162  -5.8534441e-05  -0.00016838756  -4.3501857e-05  -2.0841621e-05  4.5068634e-05  1.8374137e-05  1.7415135e-05  1.4228249e-05  -2.3229308e-05  1.6335340e-05  
4.8596383e-05  -0.00015067606  -0.0025273395  0.0020312509  0.0000000   -0.0010171563  -4.7011077e-05  9.6348480e-05  -1.4801156e-05  -0.00035178555  0.00038346612  -0.00034331866  -3.4437485e-06  -4.1028499e-05  -7.0789835e-05  1.8921891e-05  -0.00036825078  0.00012738418  5.1682325e-07  3.1784904e-05  -0.00012024297  1.6151982e-06  -0.00030476087  -4.3963973e-05  -0.00015808288  -3.4359525e-05  -8.9199816e-05  -0.00011032319  2.8222405e-05  -1.9384847e-06  -3.1005061e-07  4.8596383e-05  -0.00015067606  -0.0025273395  0.0020312509  0.0000000   -0.0010171563  -4.7011077e-05  9.6348480e-05  -1.4801156e-05  -0.00035178555  0.00038346612  -0.00034331866  -3.4437485e-06  -4.1028499e-05  -7.0789835e-05  1.8921891e-05  -0.00036825078  0.00012738418  5.1682325e-07  3.1784904e-05  -0.00012024297  1.6151982e-06  -0.00030476087  -4.3963973e-05  -0.00015808288  -3.4359525e-05  -8.9199816e-05  -0.00011032319  2.8222405e-05  -1.9384847e-06  -3.1005061e-07  
6.7763099e-05  3.8130077e-05  -0.00041849118  0.0023070252  0.0010171563  0.0000000   6.7104561e-05  -3.5150392e-06  0.00028714794  -0.0013282718  0.0012903573  0.00037589048  -0.00050925983  -0.00011108888  -0.00012773586  4.2024551e-05  -0.00049101540  1.4742073e-05  2.9490075e-05  0.00029649942  5.2096025e-05  -3.0300593e-06  0.00019525410  2.8742461e-05  0.00027259938  -2.7093862e-05  1.2927940e-05  -6.9228366e-05  -6.4232179e-05  3.6680959e-06  -6.0970115e-06  6.7763099e-05  3.8130077e-05  -0.00041849118  0.0023070252  0.0010171563  0.0000000   6.7104561e-05  -3.5150392e-06  0.00028714794  -0.0013282718  0.0012903573  0.00037589048  -0.00050925983  -0.00011108888  -0.00012773586  4.2024551e-05  -0.00049101540  1.4742073e-05  2.9490075e-05  0.00029649942  5.2096025e-05  -3.0300593e-06  0.00019525410  2.8742461e-05  0.00027259938  -2.7093862e-05  1.2927940e-05  -6.9228366e-05  -6.4232179e-05  3.6680959e-06  -6.0970115e-06  
3.2559613e-05  -0.00046386573  -0.00017726006  8.6000888e-05  4.7011077e-05  -6.7104561e-05  0.0000000   -0.00041441608  -0.0035946461  -0.00010080213  4.9066844e-05  0.00015531728  -7.2945965e-05  0.00071024268  1.8133053e-05  1.5737509e-05  -1.4500334e-05  7.0896895e-05  0.00025002870  2.6543806e-06  -2.4215696e-05  -0.00016613845  2.2728431e-05  -0.00028299906  3.0991549e-05  0.00011507266  1.1233755e-05  -9.0677946e-06  -5.8518894e-06  0.00016310474  -3.2696306e-05  3.2559613e-05  -0.00046386573  -0.00017726006  8.6000888e-05  4.7011077e-05  -6.7104561e-05  0.0000000   -0.00041441608  -0.0035946461  -0.00010080213  4.9066844e-05  0.00015531728  -7.2945965e-05  0.00071024268  1.8133053e-05  1.5737509e-05  -1.4500334e-05  7.0896895e-05  0.00025002870  2.6543806e-06  -2.4215696e-05  -0.00016613845  2.2728431e-05  -0.00028299906  3.0991549e-05  0.00011507266  1.1233755e-05  -9.0677946e-06  -5.8518894e-06  0.00016310474  -3.2696306e-05  
8.8094936e-05  -0.00060294668  0.00029253623  -7.0670477e-06  -9.6348480e-05  3.5150392e-06  0.00041441608  0.0000000   0.0018008375  0.00014141359  -9.7242359e-05  -5.4145912e-05  -3.6165924e-05  0.00025143952  1.7225471e-05  6.7637101e-05  5.7804656e-05  -2.2997828e-05  -1.2557877e-05  -3.4942867e-05  -6.6196491e-06  -0.00022617039  -3.0240800e-05  -1.9331108e-05  -1.0190360e-05  4.9595160e-05  -4.8054866e-06  -5.4961140e-06  -6.6348108e-06  0.00012220167  -2.1153748e-06  8.8094936e-05  -0.00060294668  0.00029253623  -7.0670477e-06  -9.6348480e-05  3.5150392e-06  0.00041441608  0.0000000   0.0018008375  0.00014141359  -9.7242359e-05  -5.4145912e-05  -3.6165924e-05  0.00025143952  1.7225471e-05  6.7637101e-05  5.7804656e-05  -2.2997828e-05  -1.2557877e-05  -3.4942867e-05  -6.6196491e-06  -0.00022617039  -3.0240800e-05  -1.9331108e-05  -1.0190360e-05  4.9595160e-05  -4.8054866e-06  -5.4961140e-06  -6.6348108e-06  0.00012220167  -2.1153748e-06  
0.00056384776  0.00075141106  0.00019228740  0.00010740997  1.4801156e-05  -0.00028714794  0.0035946461  -0.0018008375  0.0000000   -2.8975629e-05  4.5996534e-05  -8.0936967e-05  0.00010216322  -5.4478052e-05  -4.7476849e-05  -0.00039022731  5.7562159e-05  4.7198523e-05  0.00021783238  2.8626270e-05  1.2567926e-05  -0.00012969247  6.3142802e-06  8.0503184e-06  -1.0531377e-05  4.8052065e-05  2.4439763e-05  2.2855480e-05  2.0741651e-06  -5.8917524e-06  -1.5127942e-05  0.00056384776  0.00075141106  0.00019228740  0.00010740997  1.4801156e-05  -0.00028714794  0.0035946461  -0.0018008375  0.0000000   -2.8975629e-05  4.5996534e-05  -8.0936967e-05  0.00010216322  -5.4478052e-05  -4.7476849e-05  -0.00039022731  5.7562159e-05  4.7198523e-05  0.00021783238  2.8626270e-05  1.2567926e-05  -0.00012969247  6.3142802e-06  8.0503184e-06  -1.0531377e-05  4.8052065e-05  2.4439763e-05  2.2855480e-05  2.0741651e-06  -5.8917524e-06  -1.5127942e-05  
-3.6915927e-05  6.1781337e-06  0.00042122841  -0.00043368686  0.00035178555  0.0013282718  0.00010080213  -0.00014141359  2.8975629e-05  0.0000000   -0.0012650244  0.0013571547  0.00095873971  0.00011820754  -0.00027568422  5.9449002e-06  0.00034443590  -3.1466060e-05  2.1314649e-05  -0.00047212709  -0.00020283949  7.3887091e-06  0.00016584662  6.2265146e-05  0.00011352997  2.0289959e-05  4.5196092e-05  0.00010800186  -4.4387613e-06  1.0573436e-05  5.1613505e-06  -3.6915927e-05  6.1781337e-06  0.00042122841  -0.00043368686  0.00035178555  0.0013282718  0.00010080213  -0.00014141359  2.8975629e-05  0.0000000   -0.0012650244  0.0013571547  0.00095873971  0.00011820754  -0.00027568422  5.9449002e-06  0.00034443590  -3.1466060e-05  2.1314649e-05  -0.00047212709  -0.00020283949  7.3887091e-06  0.00016584662  6.2265146e-05  0.00011352997  2.0289959e-05  4.5196092e-05  0.00010800186  -4.4387613e-06  1.0573436e-05  5.1613505e-06  
1.7228619e-06  -2.7777899e-05  -0.00012395966  -6.7255172e-05  -0.00038346612  -0.0012903573  -4.9066844e-05  9.7242359e-05  -4.5996534e-05  0.0012650244  0.0000000   -0.0015753856  0.0014573221  0.00022779233  -0.00048498287  6.8050839e-07  -4.8355286e-05  -0.00050954996  5.3883730e-05  -7.2886259e-05  0.00035086251  5.4471089e-06  -2.7684673e-05  -4.2734059e-05  -0.00016015759  -5.9479212e-06  6.1797773e-05  7.8043052e-05  0.00020678000  -7.2462504e-06  -8.5981635e-06  1.7228619e-06  -2.7777899e-05  -0.00012395966  -6.7255172e-05  -0.00038346612  -0.0012903573  -4.9066844e-05  9.7242359e-05  -4.5996534e-05  0.0012650244  0.0000000   -0.0015753856  0.0014573221  0.00022779233  -0.00048498287  6.8050839e-07  -4.8355286e-05  -0.00050954996  5.3883730e-05  -7.2886259e-05  0.00035086251  5.4471089e-06  -2.7684673e-05  -4.2734059e-05  -0.00016015759  -5.9479212e-06  6.1797773e-05  7.8043052e-05  0.00020678000  -7.2462504e-06  -8.5981635e-06  
