0.0000000   -2.5580979e-05  0.00052284284  -0.00091411109  -0.00047451364  -8.8951553e-06  -9.6648672e-05  -0.00017447473  -0.00014527073  -4.2935673e-05  -5.0447966e-06  3.7110414e-05  -1.5240533e-05  -3.7532885e-05  -1.1945920e-05  1.3996907e-05  6.3727496e-06  2.4764745e-06  -8.8246272e-05  0.00011027319  -6.5013002e-05  4.6333581e-05  8.3996464e-05  6.0217037e-05  -2.2059911e-06  -9.1073010e-06  1.5161290e-05  -4.0415859e-05  2.0369966e-06  7.4805718e-05  5.2577575e-05  0.0000000   -2.5580979e-05  0.00052284284  -0.00091411109  -0.00047451364  -8.8951553e-06  -9.6648672e-05  -0.00017447473  -0.00014527073  -4.2935673e-05  -5.0447966e-06  3.7110414e-05  -1.5240533e-05  -3.7532885e-05  -1.1945920e-05  1.3996907e-05  6.3727496e-06  2.4764745e-06  -8.8246272e-05  0.00011027319  -6.5013002e-05  4.6333581e-05  8.3996464e-05  6.0217037e-05  -2.2059911e-06  -9.1073010e-06  1.5161290e-05  -4.0415859e-05  2.0369966e-06  7.4805718e-05  5.2577575e-05  
2.5580979e-05  0.0000000   0.00026892264  -2.7405274e-06  0.00012829951  -0.00088698373  0.00031447219  -0.00046640439  7.7373803e-06  -0.00046413657  -0.00026987334  0.00029253815  -0.00049871122  -4.6612502e-05  7.3940957e-05  9.1829141e-05  -0.00022542010  1.2719877e-05  -5.7128390e-06  0.00018758465  0.00024445546  4.1959598e-05  -1.0693666e-05  2.2040567e-05  -0.00016284139  -0.00018526999  2.0757125e-06  -1.3324571e-05  -6.3008635e-05  -3.2897822e-05  2.6731164e-05  2.5580979e-05  0.0000000   0.00026892264  -2.7405274e-06  0.00012829951  -0.00088698373  0.00031447219  -0.00046640439  7.7373803e-06  -0.00046413657  -0.00026987334  0.00029253815  -0.00049871122  -4.6612502e-05  7.3940957e-05  9.1829141e-05  -0.00022542010  1.2719877e-05  -5.7128390e-06  0.00018758465  0.00024445546  4.1959598e-05  -1.0693666e-05  2.2040567e-05  -0.00016284139  -0.00018526999  2.0757125e-06  -1.3324571e-05  -6.3008635e-05  -3.2897822e-05  2.6731164e-05  
-0.00052284284  -0.00026892264  0.0000000   0.0035393811  -0.00099083561  0.00011221663  0.00045814901  -0.0014322999  0.00040812403  -4.2948627e-05  5.0543028e-06  4.0171044e-05  -5.1159116e-05  -5.3247693e-05  4.6032721e-06  -2.9158572e-05  5.7391415e-06  -1.8595097e-05  -0.00011152045  -4.2576427e-05  6.2081458e-05  7.6505761e-05  0.00021530719  2.0080056e-06  -2.1499844e-05  1.2314222e-05  0.00014538443  5.3428238e-05  -7.8270708e-06  5.9145623e-05  -1.5152489e-05  -0.00052284284  -0.00026892264  0.0000000   0.0035393811  -0.00099083561  0.00011221663  0.00045814901  -0.0014322999  0.00040812403  -4.2948627e-05  5.0543028e-06  4.0171044e-05  -5.1159116e-05  -5.3247693e-05  4.6032721e-06  -2.9158572e-05  5.7391415e-06  -1.8595097e-05  -0.00011152045  -4.2576427e-05  6.2081458e-05  7.6505761e-05  0.00021530719  2.0080056e-06  -2.1499844e-05  1.2314222e-05  0.00014538443  5.3428238e-05  -7.8270708e-06  5.9145623e-05  -1.5152489e-05  
0.00091411109  2.7405274e-06  -0.0035393811  0.0000000   -0.00049874405  -0.00010773636  -0.00039552108  -0.00015847066  -3.6953266e-06  -5.8876963e-05  -1.0112308e-05  6.6389280e-05  -3.2735164e-05  -4.8480762e-06  -8.3679466e-06  -3.0029695e-06  -4.9371556e-05  9.9503132e-06  0.00010894687  -6.8242365e-06  1.1598546e-05  -0.00016988296  2.3986303e-05  -7.2816979e-05  -1.3392836e-05  -1.3003309e-05  -2.5984384e-05  6.5771313e-05  -6.5837121e-06  -2.4371648e-05  1.9994719e-05  0.00091411109  2.7405274e-06  -0.0035393811  0.0000000   -0.00049874405  -0.00010773636  -0.00039552108  -0.00015847066  -3.6953266e-06  -5.8876963e-05  -1.0112308e-05  6.6389280e-05  -3.2735164e-05  -4.8480762e-06  -8.3679466e-06  -3.0029695e-06  -4.9371556e-05  9.9503132e-06  0.00010894687  -6.8242365e-06  1.1598546e-05  -0.00016988296  2.3986303e-05  -7.2816979e-05  -1.3392836e-05  -1.3003309e-05  -2.5984384e-05  6.5771313e-05  -6.5837121e-06  -2.4371648e-05  1.9994719e-05  
0.00047451364  -0.00012829951  0.00099083561  0.00049874405  0.0000000   0.00027578728  0.00055650065  -0.0019481068  -0.00053007568  -2.4408852e-05  -9.5449705e-05  1.3116228e-06  -1.9082309e-05  -3.3898772e-05  -1.8985708e-05  3.8582989e-05  6.3204764e-05  -7.0747023e-06  2.1916271e-05  -2.5415922e-05  -1.4153554e-05  0.00026830147  3.0887086e-06  0.00017748793  -4.4393037e-06  5.3369456e-06  8.0315153e-05  -0.00015141566  -1.8136383e-06  5.7501179e-05  -6.3256677e-05  0.00047451364  -0.00012829951  0.00099083561  0.00049874405  0.0000000   0.00027578728  0.00055650065  -0.0019481068  -0.00053007568  -2.4408852e-05  -9.5449705e-05  1.3116228e-06  -1.9082309e-05  -3.3898772e-05  -1.8985708e-05  3.8582989e-05  6.3204764e-05  -7.0747023e-06  2.1916271e-05  -2.5415922e-05  -1.4153554e-05  0.00026830147  3.0887086e-06  0.00017748793  -4.4393037e-06  5.3369456e-06  8.0315153e-05  -0.00015141566  -1.8136383e-06  5.7501179e-05  -6.3256677e-05  
8.8951553e-06  0.00088698373  -0.00011221663  0.00010773636  -0.00027578728  0.0000000   -0.00093170539  -0.00055838942  0.00029159914  -0.00033627578  -4.9386097e-05  -0.00016504327  0.00015728727  0.00037989248  -5.9949712e-05  0.00020121298  0.00020196454  5.7591263e-05  -2.6273326e-05  -0.00021625682  -0.00027780661  -1.0188430e-05  2.3867323e-05  -1.2618063e-07  -9.2443696e-05  -0.00020329782  -1.1627327e-05  3.1655523e-06  -0.00010720038  -2.0206021e-05  -1.4427497e-05  8.8951553e-06  0.00088698373  -0.00011221663  0.00010773636  -0.00027578728  0.0000000   -0.00093170539  -0.00055838942  0.00029159914  -0.00033627578  -4.9386097e-05  -0.00016504327  0.00015728727  0.00037989248  -5.9949712e-05  0.00020121298  0.00020196454  5.7591263e-05  -2.6273326e-05  -0.00021625682  -0.00027780661  -1.0188430e-05  2.3867323e-05  -1.2618063e-07  -9.2443696e-05  -0.00020329782  -1.1627327e-05  3.1655523e-06  -0.00010720038  -2.0206021e-05  -1.4427497e-05  
9.6648672e-05  -0.00031447219  -0.00045814901  0.00039552108  -0.00055650065  0.00093170539  0.0000000   -0.0097987498  0.0015484214  -0.00040248355  6.1324499e-05  6.4729088e-05  -9.7633548e-05  -5.4141343e-05  6.8245414e-05  -4.2941900e-05  9.7589534e-05  -1.7292309e-05  -0.00031094896  4.9936446e-05  3.8542217e-05  0.00028186725  0.00024000992  0.00010630098  -8.0798141e-05  3.8513360e-05  3.7470958e-05  -6.5360381e-07  6.8165665e-06  9.8899836e-05  -8.7624156e-05  9.6648672e-05  -0.00031447219  -0.00045814901  0.00039552108  -0.00055650065  0.00093170539  0.0000000   -0.0097987498  0.0015484214  -0.00040248355  6.1324499e-05  6.4729088e-05  -9.7633548e-05  -5.4141343e-05  6.8245414e-05  -4.2941900e-05  9.7589534e-05  -1.7292309e-05  -0.00031094896  4.9936446e-05  3.8542217e-05  0.00028186725  0.00024000992  0.00010630098  -8.0798141e-05  3.8513360e-05  3.7470958e-05  -6.5360381e-07  6.8165665e-06  9.8899836e-05  -8.7624156e-05  
0.00017447473  0.00046640439  0.0014322999  0.00015847066  0.0019481068  0.00055838942  0.0097987498  0.0000000   -0.0020490328  0.00020034217  -0.00030112727  -0.00017700625  2.4626532e-05  5.5320128e-05  6.6908576e-05  0.00019754720  0.00013570200  3.1476035e-05  6.7422930e-07  9.8379340e-05  -0.00014845634  0.00022874671  -1.9942573e-05  -8.3274379e-05  -4.1840386e-05  -5.7096040e-05  0.00013943231  -4.2259055e-05  -3.8110796e-07  -6.2385171e-06  -1.2113773e-05  0.00017447473  0.00046640439  0.0014322999  0.00015847066  0.0019481068  0.00055838942  0.0097987498  0.0000000   -0.0020490328  0.00020034217  -0.00030112727  -0.00017700625  2.4626532e-05  5.5320128e-05  6.6908576e-05  0.00019754720  0.00013570200  3.1476035e-05  6.7422930e-07  9.8379340e-05  -0.00014845634  0.00022874671  -1.9942573e-05  -8.3274379e-05  -4.1840386e-05  -5.7096040e-05  0.00013943231  -4.2259055e-05  -3.8110796e-07  -6.2385171e-06  -1.2113773e-05  
0.00014527073  -7.7373803e-06  -0.00040812403  3.6953266e-06  0.00053007568  -0.00029159914  -0.0015484214  0.0020490328  0.0000000   0.00027358579  3.9678594e-05  7.1694922e-05  -0.00012168957  -3.4388459e-05  -7.4855499e-05  -1.0207309e-05  -6.4085370e-05  -1.1990226e-05  1.6784994e-06  7.9417567e-05  -1.6289111e-05  2.2598683e-05  -7.2131439e-05  0.00010211103  2.2754945e-05  1.5400683e-05  6.9833587e-05  7.2539479e-05  -1.7989335e-05  4.1287766e-05  -3.6466340e-05  0.00014527073  -7.7373803e-06  -0.00040812403  3.6953266e-06  0.00053007568  -0.00029159914  -0.0015484214  0.0020490328  0.0000000   0.00027358579  3.9678594e-05  7.1694922e-05  -0.00012168957  -3.4388459e-05  -7.4855499e-05  -1.0207309e-05  -6.4085370e-05  -1.1990226e-05  1.6784994e-06  7.9417567e-05  -1.6289111e-05  2.2598683e-05  -7.2131439e-05  0.00010211103  2.2754945e-05  1.5400683e-05  6.9833587e-05  7.2539479e-05  -1.7989335e-05  4.1287766e-05  -3.6466340e-05  
4.2935673e-05  0.00046413657  4.2948627e-05  5.8876963e-05  2.4408852e-05  0.00033627578  0.00040248355  -0.00020034217  -0.00027358579  0.0000000   0.0056699220  0.00011063767  -0.00096522160  -0.00021429213  -0.00030692632  -0.00034413282  4.1463172e-05  -5.5921322e-05  -5.3711660e-05  -6.8732298e-05  -5.9666958e-05  4.2775325e-05  3.1063692e-05  2.4781736e-05  0.00017065048  0.00034198470  2.4502854e-05  -1.0182061e-06  -1.3621588e-05  -1.1801145e-05  -2.4049858e-05  4.2935673e-05  0.00046413657  4.2948627e-05  5.8876963e-05  2.4408852e-05  0.00033627578  0.00040248355  -0.00020034217  -0.00027358579  0.0000000   0.0056699220  0.00011063767  -0.00096522160  -0.00021429213  -0.00030692632  -0.00034413282  4.1463172e-05  -5.5921322e-05  -5.3711660e-05  -6.8732298e-05  -5.9666958e-05  4.2775325e-05  3.1063692e-05  2.4781736e-05  0.00017065048  0.00034198470  2.4502854e-05  -1.0182061e-06  -1.3621588e-05  -1.1801145e-05  -2.4049858e-05  
5.0447966e-06  0.00026987334  -5.0543028e-06  1.0112308e-05  9.5449705e-05  4.9386097e-05  -6.1324499e-05  0.00030112727  -3.9678594e-05  -0.0056699220  0.0000000   0.00020192088  0.0016530554  0.00092998045  -0.00010893216  0.00010016618  0.00022840080  0.00016137823  1.4229282e-06  -0.00029413980  -0.00032510832  -5.6193148e-05  2.1511224e-05  -1.6616529e-05  -8.3543097e-05  -0.00024417280  5.7720309e-07  6.2331179e-07  0.00033916172  7.5899395e-06  4.4010377e-06  5.0447966e-06  0.00026987334  -5.0543028e-06  1.0112308e-05  9.5449705e-05  4.9386097e-05  -6.1324499e-05  0.00030112727  -3.9678594e-05  -0.0056699220  0.0000000   0.00020192088  0.0016530554  0.00092998045  -0.00010893216  0.00010016618  0.00022840080  0.00016137823  1.4229282e-06  -0.00029413980  -0.00032510832  -5.6193148e-05  2.1511224e-05  -1.6616529e-05  -8.3543097e-05  -0.00024417280  5.7720309e-07  6.2331179e-07  0.00033916172  7.5899395e-06  4.4010377e-06  
-3.7110414e-05  -0.00029253815  -4.0171044e-05  -6.6389280e-05  -1.3116228e-06  0.00016504327  -6.4729088e-05  0.00017700625  -7.1694922e-05  -0.00011063767  -0.00020192088  0.0000000   -0.0057088748  0.0010523851  -2.1633483e-05  -0.00065919961  0.00013539824  -5.8902110e-06  -5.9104995e-05  -0.00024108586  -0.00028062773  0.00011701866  9.7269423e-06  -1.6183746e-05  1.2776820e-05  -0.00012429128  -1.5782011e-05  -3.4479003e-05  0.00017086384  6.1939370e-05  -1.4937263e-05  -3.7110414e-05  -0.00029253815  -4.0171044e-05  -6.6389280e-05  -1.3116228e-06  0.00016504327  -6.4729088e-05  0.00017700625  -7.1694922e-05  -0.00011063767  -0.00020192088  0.0000000   -0.0057088748  0.0010523851  -2.1633483e-05  -0.00065919961  0.00013539824  -5.8902110e-06  -5.9104995e-05  -0.00024108586  -0.00028062773  0.00011701866  9.7269423e-06  -1.6183746e-05  1.2776820e-05  -0.00012429128  -1.5782011e-05  -3.4479003e-05  0.00017086384  6.1939370e-05  -1.4937263e-05  
1.5240533e-05  0.00049871122  5.1159116e-05  3.2735164e-05  1.9082309e-05  -0.00015728727  9.7633548e-05  -2.4626532e-05  0.00012168957  0.00096522160  -0.0016530554  0.0057088748  0.0000000   -0.0053421785  -0.0025318431  0.00079283768  0.00016176185  -0.00018049885  9.2405486e-05  0.00033156892  0.00044820482  -7.6846646e-05  -5.3743769e-05  1.6573546e-05  -0.00019378925  0.00014295493  2.0099925e-05  3.4911281e-05  8.1305529e-05  2.6351081e-05  4.5541848e-05  1.5240533e-05  0.00049871122  5.1159116e-05  3.2735164e-05  1.9082309e-05  -0.00015728727  9.7633548e-05  -2.4626532e-05  0.00012168957  0.00096522160  -0.0016530554  0.0057088748  0.0000000   -0.0053421785  -0.0025318431  0.00079283768  0.00016176185  -0.00018049885  9.2405486e-05  0.00033156892  0.00044820482  -7.6846646e-05  -5.3743769e-05  1.6573546e-05  -0.00019378925  0.00014295493  2.0099925e-05  3.4911281e-05  8.1305529e-05  2.6351081e-05  4.5541848e-05  
3.7532885e-05  4.6612502e-05  5.3247693e-05  4.8480762e-06  3.3898772e-05  -0.00037989248  5.4141343e-05  -5.5320128e-05  3.4388459e-05  0.00021429213  -0.00092998045  -0.0010523851  0.0053421785  0.0000000   0.0028077584  -0.0011222509  0.00027443246  0.00046026499  4.3200363e-05  -0.00027142309  -0.00035440010  -0.00010082061  1.9525063e-05  -2.6262654e-05  5.0365230e-06  0.00030009535  7.9608472e-06  3.1121720e-05  -0.00011937668  -6.7888832e-05  -2.3425726e-06  3.7532885e-05  4.6612502e-05  5.3247693e-05  4.8480762e-06  3.3898772e-05  -0.00037989248  5.4141343e-05  -5.5320128e-05  3.4388459e-05  0.00021429213  -0.00092998045  -0.0010523851  0.0053421785  0.0000000   0.0028077584  -0.0011222509  0.00027443246  0.00046026499  4.3200363e-05  -0.00027142309  -0.00035440010  -0.00010082061  1.9525063e-05  -2.6262654e-05  5.0365230e-06  0.00030009535  7.9608472e-06  3.1121720e-05  -0.00011937668  -6.7888832e-05  -2.3425726e-06  
1.1945920e-05  -7.3940957e-05  -4.6032721e-06  8.3679466e-06  1.8985708e-05  5.9949712e-05  -6.8245414e-05  -6.6908576e-05  7.4855499e-05  0.00030692632  0.00010893216  2.1633483e-05  0.0025318431  -0.0028077584  0.0000000   -0.00089280725  0.00011004671  -0.00024516840  7.3709184e-05  -0.00020104007  -0.00025288543  -7.9874598e-05  -1.9747592e-05  -1.1703707e-05  0.00028787203  -0.00032761008  -2.0712494e-06  3.4607558e-05  0.00014831061  -2.1787649e-06  5.2644759e-05  1.1945920e-05  -7.3940957e-05  -4.6032721e-06  8.3679466e-06  1.8985708e-05  5.9949712e-05  -6.8245414e-05  -6.6908576e-05  7.4855499e-05  0.00030692632  0.00010893216  2.1633483e-05  0.0025318431  -0.0028077584  0.0000000   -0.00089280725  0.00011004671  -0.00024516840  7.3709184e-05  -0.00020104007  -0.00025288543  -7.9874598e-05  -1.9747592e-05  -1.1703707e-05  0.00028787203  -0.00032761008  -2.0712494e-06  3.4607558e-05  0.00014831061  -2.1787649e-06  5.2644759e-05  
-1.3996907e-05  -9.1829141e-05  2.9158572e-05  3.0029695e-06  -3.8582989e-05  -0.00020121298  4.2941900e-05  -0.00019754720  1.0207309e-05  0.00034413282  -0.00010016618  0.00065919961  -0.00079283768  0.0011222509  0.00089280725  0.0000000   -0.0023699508  0.0013962727  -0.00020720618  -0.00017135691  -0.00024803160  3.0484070e-05  2.3064756e-05  8.4726975e-06  0.00049162144  -9.4973579e-05  -4.6677013e-06  -9.3249630e-06  0.00010672367  5.0230749e-05  -1.2386619e-05  -1.3996907e-05  -9.1829141e-05  2.9158572e-05  3.0029695e-06  -3.8582989e-05  -0.00020121298  4.2941900e-05  -0.00019754720  1.0207309e-05  0.00034413282  -0.00010016618  0.00065919961  -0.00079283768  0.0011222509  0.00089280725  0.0000000   -0.0023699508  0.0013962727  -0.00020720618  -0.00017135691  -0.00024803160  3.0484070e-05  2.3064756e-05  8.4726975e-06  0.00049162144  -9.4973579e-05  -4.6677013e-06  -9.3249630e-06  0.00010672367  5.0230749e-05  -1.2386619e-05  
-6.3727496e-06  0.00022542010  -5.7391415e-06  4.9371556e-05  -6.3204764e-05  -0.00020196454  -9.7589534e-05  -0.00013570200  6.4085370e-05  -4.1463172e-05  -0.00022840080  -0.00013539824  -0.00016176185  -0.00027443246  -0.00011004671  0.0023699508  0.0000000   0.0017691577  -0.00010892476  -0.00028976290  -0.00042595501  7.7702564e-05  1.8949731e-05  2.7964531e-05  0.00063359652  0.00011480623  -2.4916122e-05  1.7558593e-05  -9.4001143e-06  1.1112930e-05  5.6622303e-05  -6.3727496e-06  0.00022542010  -5.7391415e-06  4.9371556e-05  -6.3204764e-05  -0.00020196454  -9.7589534e-05  -0.00013570200  6.4085370e-05  -4.1463172e-05  -0.00022840080  -0.00013539824  -0.00016176185  -0.00027443246  -0.00011004671  0.0023699508  0.0000000   0.0017691577  -0.00010892476  -0.00028976290  -0.00042595501  7.7702564e-05  1.8949731e-05  2.7964531e-05  0.00063359652  0.00011480623  -2.4916122e-05  1.7558593e-05  -9.4001143e-06  1.1112930e-05  5.6622303e-05  
-2.4764745e-06  -1.2719877e-05  1.8595097e-05  -9.9503132e-06  7.0747023e-06  -5.7591263e-05  1.7292309e-05  -3.1476035e-05  1.1990226e-05  5.5921322e-05  -0.00016137823  5.8902110e-06  0.00018049885  -0.00046026499  0.00024516840  -0.0013962727  -0.0017691577  0.0000000   -9.4853089e-05  -0.0010445037  -0.0013653767  -4.9469222e-05  3.4177551e-05  -6.1410458e-05  0.00022904175  -0.00029728018  -9.5869076e-06  1.3189214e-05  0.00022245762  -3.4912986e-05  -8.6592635e-06  -2.4764745e-06  -1.2719877e-05  1.8595097e-05  -9.9503132e-06  7.0747023e-06  -5.7591263e-05  1.7292309e-05  -3.1476035e-05  1.1990226e-05  5.5921322e-05  -0.00016137823  5.8902110e-06  0.00018049885  -0.00046026499  0.00024516840  -0.0013962727  -0.0017691577  0.0000000   -9.4853089e-05  -0.0010445037  -0.0013653767  -4.9469222e-05  3.4177551e-05  -6.1410458e-05  0.00022904175  -0.00029728018  -9.5869076e-06  1.3189214e-05  0.00022245762  -3.4912986e-05  -8.6592635e-06  
8.8246272e-05  5.7128390e-06  0.00011152045  -0.00010894687  -2.1916271e-05  2.6273326e-05  0.00031094896  -6.7422930e-07  -1.6784994e-06  5.3711660e-05  -1.4229282e-06  5.9104995e-05  -9.2405486e-05  -4.3200363e-05  -7.3709184e-05  0.00020720618  0.00010892476  9.4853089e-05  0.0000000   -0.00037275556  0.00035614280  -0.0015622041  -0.00011624572  -0.00043023207  1.9550314e-05  4.6842084e-06  0.00020090934  0.00022206226  -1.5458806e-05  -3.8631334e-05  -0.00024995462  8.8246272e-05  5.7128390e-06  0.00011152045  -0.00010894687  -2.1916271e-05  2.6273326e-05  0.00031094896  -6.7422930e-07  -1.6784994e-06  5.3711660e-05  -1.4229282e-06  5.9104995e-05  -9.2405486e-05  -4.3200363e-05  -7.3709184e-05  0.00020720618  0.00010892476  9.4853089e-05  0.0000000   -0.00037275556  0.00035614280  -0.0015622041  -0.00011624572  -0.00043023207  1.9550314e-05  4.6842084e-06  0.00020090934  0.00022206226  -1.5458806e-05  -3.8631334e-05  -0.00024995462  
-0.00011027319  -0.00018758465  4.2576427e-05  6.8242365e-06  2.5415922e-05  0.00021625682  -4.9936446e-05  -9.8379340e-05  -7.9417567e-05  6.8732298e-05  0.00029413980  0.00024108586  -0.00033156892  0.00027142309  0.00020104007  0.00017135691  0.00028976290  0.0010445037  0.00037275556  0.0000000   1.5638184e-05  1.3745291e-05  0.00012310782  -0.00029002574  -0.00059617897  -0.00021947342  4.7912820e-05  -3.9541532e-05  -5.9866507e-05  2.1745273e-05  5.9028408e-05  -0.00011027319  -0.00018758465  4.2576427e-05  6.8242365e-06  2.5415922e-05  0.00021625682  -4.9936446e-05  -9.8379340e-05  -7.9417567e-05  6.8732298e-05  0.00029413980  0.00024108586  -0.00033156892  0.00027142309  0.00020104007  0.00017135691  0.00028976290  0.0010445037  0.00037275556  0.0000000   1.5638184e-05  1.3745291e-05  0.00012310782  -0.00029002574  -0.00059617897  -0.00021947342  4.7912820e-05  -3.9541532e-05  -5.9866507e-05  2.1745273e-05  5.9028408e-05  
6.5013002e-05  -0.00024445546  -6.2081458e-05  -1.1598546e-05  1.4153554e-05  0.00027780661  -3.8542217e-05  0.00014845634  1.6289111e-05  5.9666958e-05  0.00032510832  0.00028062773  -0.00044820482  0.00035440010  0.00025288543  0.00024803160  0.00042595501  0.0013653767  -0.00035614280  -1.5638184e-05  0.0000000   4.9216717e-05  1.6621160e-05  0.00032695579  -0.00077072392  -0.00030763684  -7.0881605e-05  -2.3948861e-05  -7.5070521e-05  -1.3727302e-06  -2.7531331e-05  6.5013002e-05  -0.00024445546  -6.2081458e-05  -1.1598546e-05  1.4153554e-05  0.00027780661  -3.8542217e-05  0.00014845634  1.6289111e-05  5.9666958e-05  0.00032510832  0.00028062773  -0.00044820482  0.00035440010  0.00025288543  0.00024803160  0.00042595501  0.0013653767  -0.00035614280  -1.5638184e-05  0.0000000   4.9216717e-05  1.6621160e-05  0.00032695579  -0.00077072392  -0.00030763684  -7.0881605e-05  -2.3948861e-05  -7.5070521e-05  -1.3727302e-06  -2.7531331e-05  
-4.6333581e-05  -4.1959598e-05  -7.6505761e-05  0.00016988296  -0.00026830147  1.0188430e-05  -0.00028186725  -0.00022874671  -2.2598683e-05  -4.2775325e-05  5.6193148e-05  -0.00011701866  7.6846646e-05  0.00010082061  7.9874598e-05  -3.0484070e-05  -7.7702564e-05  4.9469222e-05  0.0015622041  -1.3745291e-05  -4.9216717e-05  0.0000000   -0.00045569015  0.00039268663  -5.3261739e-06  4.5160782e-05  -0.00063681894  5.4596930e-05  -1.7150930e-05  -9.0943613e-05  0.00024208661  -4.6333581e-05  -4.1959598e-05  -7.6505761e-05  0.00016988296  -0.00026830147  1.0188430e-05  -0.00028186725  -0.00022874671  -2.2598683e-05  -4.2775325e-05  5.6193148e-05  -0.00011701866  7.6846646e-05  0.00010082061  7.9874598e-05  -3.0484070e-05  -7.7702564e-05  4.9469222e-05  0.0015622041  -1.3745291e-05  -4.9216717e-05  0.0000000   -0.00045569015  0.00039268663  -5.3261739e-06  4.5160782e-05  -0.00063681894  5.4596930e-05  -1.7150930e-05  -9.0943613e-05  0.00024208661  
-8.3996464e-05  1.0693666e-05  -0.00021530719  -2.3986303e-05  -3.0887086e-06  -2.3867323e-05  -0.00024000992  1.9942573e-05  7.2131439e-05  -3.1063692e-05  -2.1511224e-05  -9.7269423e-06  5.3743769e-05  -1.9525063e-05  1.9747592e-05  -2.3064756e-05  -1.8949731e-05  -3.4177551e-05  0.00011624572  -0.00012310782  -1.6621160e-05  0.00045569015  0.0000000   0.0041424069  -2.6409732e-05  -3.5697384e-05  2.5128373e-05  -0.00017213851  -1.3628098e-05  0.00012810866  0.00033585601  -8.3996464e-05  1.0693666e-05  -0.00021530719  -2.3986303e-05  -3.0887086e-06  -2.3867323e-05  -0.00024000992  1.9942573e-05  7.2131439e-05  -3.1063692e-05  -2.1511224e-05  -9.7269423e-06  5.3743769e-05  -1.9525063e-05  1.9747592e-05  -2.3064756e-05  -1.8949731e-05  -3.4177551e-05  0.00011624572  -0.00012310782  -1.6621160e-05  0.00045569015  0.0000000   0.0041424069  -2.6409732e-05  -3.5697384e-05  2.5128373e-05  -0.00017213851  -1.3628098e-05  0.00012810866  0.00033585601  
-6.0217037e-05  -2.2040567e-05  -2.0080056e-06  7.2816979e-05  -0.00017748793  1.2618063e-07  -0.00010630098  8.3274379e-05  -0.00010211103  -2.4781736e-05  1.6616529e-05  1.6183746e-05  -1.6573546e-05  2.6262654e-05  1.1703707e-05  -8.4726975e-06  -2.7964531e-05  6.1410458e-05  0.00043023207  0.00029002574  -0.00032695579  -0.00039268663  -0.0041424069  0.0000000   -4.9752086e-06  3.8399514e-05  -0.00010513707  0.00033315826  -4.1652419e-05  0.00020968212  8.6161884e-05  -6.0217037e-05  -2.2040567e-05  -2.0080056e-06  7.2816979e-05  -0.00017748793  1.2618063e-07  -0.00010630098  8.3274379e-05  -0.00010211103  -2.4781736e-05  1.6616529e-05  1.6183746e-05  -1.6573546e-05  2.6262654e-05  1.1703707e-05  -8.4726975e-06  -2.7964531e-05  6.1410458e-05  0.00043023207  0.00029002574  -0.00032695579  -0.00039268663  -0.0041424069  0.0000000   -4.9752086e-06  3.8399514e-05  -0.00010513707  0.00033315826  -4.1652419e-05  0.00020968212  8.6161884e-05  
2.2059911e-06  0.00016284139  2.1499844e-05  1.3392836e-05  4.4393037e-06  9.2443696e-05  8.0798141e-05  4.1840386e-05  -2.2754945e-05  -0.00017065048  8.3543097e-05  -1.2776820e-05  0.00019378925  -5.0365230e-06  -0.00028787203  -0.00049162144  -0.00063359652  -0.00022904175  -1.9550314e-05  0.00059617897  0.00077072392  5.3261739e-06  2.6409732e-05  4.9752086e-06  0.0000000   -0.00010156071  5.4671301e-05  -7.1907144e-07  -0.00032527004  9.4035790e-06  -1.5351804e-05  2.2059911e-06  0.00016284139  2.1499844e-05  1.3392836e-05  4.4393037e-06  9.2443696e-05  8.0798141e-05  4.1840386e-05  -2.2754945e-05  -0.00017065048  8.3543097e-05  -1.2776820e-05  0.00019378925  -5.0365230e-06  -0.00028787203  -0.00049162144  -0.00063359652  -0.00022904175  -1.9550314e-05  0.00059617897  0.00077072392  5.3261739e-06  2.6409732e-05  4.9752086e-06  0.0000000   -0.00010156071  5.4671301e-05  -7.1907144e-07  -0.00032527004  9.4035790e-06  -1.5351804e-05  
9.1073010e-06  0.00018526999  -1.2314222e-05  1.3003309e-05  -5.3369456e-06  0.00020329782  -3.8513360e-05  5.7096040e-05  -1.5400683e-05  -0.00034198470  0.00024417280  0.00012429128  -0.00014295493  -0.00030009535  0.00032761008  9.4973579e-05  -0.00011480623  0.00029728018  -4.6842084e-06  0.00021947342  0.00030763684  -4.5160782e-05  3.5697384e-05  -3.8399514e-05  0.00010156071  0.0000000   -3.4341747e-06  -4.0129281e-05  0.00025207747  6.1588903e-05  0.00010306802  9.1073010e-06  0.00018526999  -1.2314222e-05  1.3003309e-05  -5.3369456e-06  0.00020329782  -3.8513360e-05  5.7096040e-05  -1.5400683e-05  -0.00034198470  0.00024417280  0.00012429128  -0.00014295493  -0.00030009535  0.00032761008  9.4973579e-05  -0.00011480623  0.00029728018  -4.6842084e-06  0.00021947342  0.00030763684  -4.5160782e-05  3.5697384e-05  -3.8399514e-05  0.00010156071  0.0000000   -3.4341747e-06  -4.0129281e-05  0.00025207747  6.1588903e-05  0.00010306802  
-1.5161290e-05  -2.0757125e-06  -0.00014538443  2.5984384e-05  -8.0315153e-05  1.1627327e-05  -3.7470958e-05  -0.00013943231  -6.9833587e-05  -2.4502854e-05  -5.7720309e-07  1.5782011e-05  -2.0099925e-05  -7.9608472e-06  2.0712494e-06  4.6677013e-06  2.4916122e-05  9.5869076e-06  -0.00020090934  -4.7912820e-05  7.0881605e-05  0.00063681894  -2.5128373e-05  0.00010513707  -5.4671301e-05  3.4341747e-06  0.0000000   0.0017169698  2.8512946e-05  -0.00051657708  -0.00042078987  -1.5161290e-05  -2.0757125e-06  -0.00014538443  2.5984384e-05  -8.0315153e-05  1.1627327e-05  -3.7470958e-05  -0.00013943231  -6.9833587e-05  -2.4502854e-05  -5.7720309e-07  1.5782011e-05  -2.0099925e-05  -7.9608472e-06  2.0712494e-06  4.6677013e-06  2.4916122e-05  9.5869076e-06  -0.00020090934  -4.7912820e-05  7.0881605e-05  0.00063681894  -2.5128373e-05  0.00010513707  -5.4671301e-05  3.4341747e-06  0.0000000   0.0017169698  2.8512946e-05  -0.00051657708  -0.00042078987  
4.0415859e-05  1.3324571e-05  -5.3428238e-05  -6.5771313e-05  0.00015141566  -3.1655523e-06  6.5360381e-07  4.2259055e-05  -7.2539479e-05  1.0182061e-06  -6.2331179e-07  3.4479003e-05  -3.4911281e-05  -3.1121720e-05  -3.4607558e-05  9.3249630e-06  -1.7558593e-05  -1.3189214e-05  -0.00022206226  3.9541532e-05  2.3948861e-05  -5.4596930e-05  0.00017213851  -0.00033315826  7.1907144e-07  4.0129281e-05  -0.0017169698  0.0000000   -2.0601672e-05  -0.0010665872  -0.00059312541  4.0415859e-05  1.3324571e-05  -5.3428238e-05  -6.5771313e-05  0.00015141566  -3.1655523e-06  6.5360381e-07  4.2259055e-05  -7.2539479e-05  1.0182061e-06  -6.2331179e-07  3.4479003e-05  -3.4911281e-05  -3.1121720e-05  -3.4607558e-05  9.3249630e-06  -1.7558593e-05  -1.3189214e-05  -0.00022206226  3.9541532e-05  2.3948861e-05  -5.4596930e-05  0.00017213851  -0.00033315826  7.1907144e-07  4.0129281e-05  -0.0017169698  0.0000000   -2.0601672e-05  -0.0010665872  -0.00059312541  
-2.0369966e-06  6.3008635e-05  7.8270708e-06  6.5837121e-06  1.8136383e-06  0.00010720038  -6.8165665e-06  3.8110796e-07  1.7989335e-05  1.3621588e-05  -0.00033916172  -0.00017086384  -8.1305529e-05  0.00011937668  -0.00014831061  -0.00010672367  9.4001143e-06  -0.00022245762  1.5458806e-05  5.9866507e-05  7.5070521e-05  1.7150930e-05  1.3628098e-05  4.1652419e-05  0.00032527004  -0.00025207747  -2.8512946e-05  2.0601672e-05  0.0000000   -0.00054028017  -0.00031807357  -2.0369966e-06  6.3008635e-05  7.8270708e-06  6.5837121e-06  1.8136383e-06  0.00010720038  -6.8165665e-06  3.8110796e-07  1.7989335e-05  1.3621588e-05  -0.00033916172  -0.00017086384  -8.1305529e-05  0.00011937668  -0.00014831061  -0.00010672367  9.4001143e-06  -0.00022245762  1.5458806e-05  5.9866507e-05  7.5070521e-05  1.7150930e-05  1.3628098e-05  4.1652419e-05  0.00032527004  -0.00025207747  -2.8512946e-05  2.0601672e-05  0.0000000   -0.00054028017  -0.00031807357  
-7.4805718e-05  3.2897822e-05  -5.9145623e-05  2.4371648e-05  -5.7501179e-05  2.0206021e-05  -9.8899836e-05  6.2385171e-06  -4.1287766e-05  1.1801145e-05  -7.5899395e-06  -6.1939370e-05  -2.6351081e-05  6.7888832e-05  2.1787649e-06  -5.0230749e-05  -1.1112930e-05  3.4912986e-05  3.8631334e-05  -2.1745273e-05  1.3727302e-06  9.0943613e-05  -0.00012810866  -0.00020968212  -9.4035790e-06  -6.1588903e-05  0.00051657708  0.0010665872  0.00054028017  0.0000000   0.0097781078  -7.4805718e-05  3.2897822e-05  -5.9145623e-05  2.4371648e-05  -5.7501179e-05  2.0206021e-05  -9.8899836e-05  6.2385171e-06  -4.1287766e-05  1.1801145e-05  -7.5899395e-06  -6.1939370e-05  -2.6351081e-05  6.7888832e-05  2.1787649e-06  -5.0230749e-05  -1.1112930e-05  3.4912986e-05  3.8631334e-05  -2.1745273e-05  1.3727302e-06  9.0943613e-05  -0.00012810866  -0.00020968212  -9.4035790e-06  -6.1588903e-05  0.00051657708  0.0010665872  0.00054028017  0.0000000   0.0097781078  
-5.2577575e-05  -2.6731164e-05  1.5152489e-05  -1.9994719e-05  6.3256677e-05  1.4427497e-05  8.7624156e-05  1.2113773e-05  3.6466340e-05  2.4049858e-05  -4.4010377e-06  1.4937263e-05  -4.5541848e-05  2.3425726e-06  -5.2644759e-05  1.2386619e-05  -5.6622303e-05  8.6592635e-06  0.00024995462  -5.9028408e-05  2.7531331e-05  -0.00024208661  -0.00033585601  -8.6161884e-05  1.5351804e-05  -0.00010306802  0.00042078987  0.00059312541  0.00031807357  -0.0097781078  0.0000000   -5.2577575e-05  -2.6731164e-05  1.5152489e-05  -1.9994719e-05  6.3256677e-05  1.4427497e-05  8.7624156e-05  1.2113773e-05  3.6466340e-05  2.4049858e-05  -4.4010377e-06  1.4937263e-05  -4.5541848e-05  2.3425726e-06  -5.2644759e-05  1.2386619e-05  -5.6622303e-05  8.6592635e-06  0.00024995462  -5.9028408e-05  2.7531331e-05  -0.00024208661  -0.00033585601  -8.6161884e-05  1.5351804e-05  -0.00010306802  0.00042078987  0.00059312541  0.00031807357  -0.0097781078  0.0000000   
0.0000000   -2.5580979e-05  0.00052284284  -0.00091411109  -0.00047451364  -8.8951553e-06  -9.6648672e-05  -0.00017447473  -0.00014527073  -4.2935673e-05  -5.0447966e-06  3.7110414e-05  -1.5240533e-05  -3.7532885e-05  -1.1945920e-05  1.3996907e-05  6.3727496e-06  2.4764745e-06  -8.8246272e-05  0.00011027319  -6.5013002e-05  4.6333581e-05  8.3996464e-05  6.0217037e-05  -2.2059911e-06  -9.1073010e-06  1.5161290e-05  -4.0415859e-05  2.0369966e-06  7.4805718e-05  5.2577575e-05  0.0000000   -2.5580979e-05  0.00052284284  -0.00091411109  -0.00047451364  -8.8951553e-06  -9.6648672e-05  -0.00017447473  -0.00014527073  -4.2935673e-05  -5.0447966e-06  3.7110414e-05  -1.5240533e-05  -3.7532885e-05  -1.1945920e-05  1.3996907e-05  6.3727496e-06  2.4764745e-06  -8.8246272e-05  0.00011027319  -6.5013002e-05  4.6333581e-05  8.3996464e-05  6.0217037e-05  -2.2059911e-06  -9.1073010e-06  1.5161290e-05  -4.0415859e-05  2.0369966e-06  7.4805718e-05  5.2577575e-05  
2.5580979e-05  0.0000000   0.00026892264  -2.7405274e-06  0.00012829951  -0.00088698373  0.00031447219  -0.00046640439  7.7373803e-06  -0.00046413657  -0.00026987334  0.00029253815  -0.00049871122  -4.6612502e-05  7.3940957e-05  9.1829141e-05  -0.00022542010  1.2719877e-05  -5.7128390e-06  0.00018758465  0.00024445546  4.1959598e-05  -1.0693666e-05  2.2040567e-05  -0.00016284139  -0.00018526999  2.0757125e-06  -1.3324571e-05  -6.3008635e-05  -3.2897822e-05  2.6731164e-05  2.5580979e-05  0.0000000   0.00026892264  -2.7405274e-06  0.00012829951  -0.00088698373  0.00031447219  -0.00046640439  7.7373803e-06  -0.00046413657  -0.00026987334  0.00029253815  -0.00049871122  -4.6612502e-05  7.3940957e-05  9.1829141e-05  -0.00022542010  1.2719877e-05  -5.7128390e-06  0.00018758465  0.00024445546  4.1959598e-05  -1.0693666e-05  2.2040567e-05  -0.00016284139  -0.00018526999  2.0757125e-06  -1.3324571e-05  -6.3008635e-05  -3.2897822e-05  2.6731164e-05  
-0.00052284284  -0.00026892264  0.0000000   0.0035393811  -0.00099083561  0.00011221663  0.00045814901  -0.0014322999  0.00040812403  -4.2948627e-05  5.0543028e-06  4.0171044e-05  -5.1159116e-05  -5.3247693e-05  4.6032721e-06  -2.9158572e-05  5.7391415e-06  -1.8595097e-05  -0.00011152045  -4.2576427e-05  6.2081458e-05  7.6505761e-05  0.00021530719  2.0080056e-06  -2.1499844e-05  1.2314222e-05  0.00014538443  5.3428238e-05  -7.8270708e-06  5.9145623e-05  -1.5152489e-05  -0.00052284284  -0.00026892264  0.0000000   0.0035393811  -0.00099083561  0.00011221663  0.00045814901  -0.0014322999  0.00040812403  -4.2948627e-05  5.0543028e-06  4.0171044e-05  -5.1159116e-05  -5.3247693e-05  4.6032721e-06  -2.9158572e-05  5.7391415e-06  -1.8595097e-05  -0.00011152045  -4.2576427e-05  6.2081458e-05  7.6505761e-05  0.00021530719  2.0080056e-06  -2.1499844e-05  1.2314222e-05  0.00014538443  5.3428238e-05  -7.8270708e-06  5.9145623e-05  -1.5152489e-05  
0.00091411109  2.7405274e-06  -0.0035393811  0.0000000   -0.00049874405  -0.00010773636  -0.00039552108  -0.00015847066  -3.6953266e-06  -5.8876963e-05  -1.0112308e-05  6.6389280e-05  -3.2735164e-05  -4.8480762e-06  -8.3679466e-06  -3.0029695e-06  -4.9371556e-05  9.9503132e-06  0.00010894687  -6.8242365e-06  1.1598546e-05  -0.00016988296  2.3986303e-05  -7.2816979e-05  -1.3392836e-05  -1.3003309e-05  -2.5984384e-05  6.5771313e-05  -6.5837121e-06  -2.4371648e-05  1.9994719e-05  0.00091411109  2.7405274e-06  -0.0035393811  0.0000000   -0.00049874405  -0.00010773636  -0.00039552108  -0.00015847066  -3.6953266e-06  -5.8876963e-05  -1.0112308e-05  6.6389280e-05  -3.2735164e-05  -4.8480762e-06  -8.3679466e-06  -3.0029695e-06  -4.9371556e-05  9.9503132e-06  0.00010894687  -6.8242365e-06  1.1598546e-05  -0.00016988296  2.3986303e-05  -7.2816979e-05  -1.3392836e-05  -1.3003309e-05  -2.5984384e-05  6.5771313e-05  -6.5837121e-06  -2.4371648e-05  1.9994719e-05  
0.00047451364  -0.00012829951  0.00099083561  0.00049874405  0.0000000   0.00027578728  0.00055650065  -0.0019481068  -0.00053007568  -2.4408852e-05  -9.5449705e-05  1.3116228e-06  -1.9082309e-05  -3.3898772e-05  -1.8985708e-05  3.8582989e-05  6.3204764e-05  -7.0747023e-06  2.1916271e-05  -2.5415922e-05  -1.4153554e-05  0.00026830147  3.0887086e-06  0.00017748793  -4.4393037e-06  5.3369456e-06  8.0315153e-05  -0.00015141566  -1.8136383e-06  5.7501179e-05  -6.3256677e-05  0.00047451364  -0.00012829951  0.00099083561  0.00049874405  0.0000000   0.00027578728  0.00055650065  -0.0019481068  -0.00053007568  -2.4408852e-05  -9.5449705e-05  1.3116228e-06  -1.9082309e-05  -3.3898772e-05  -1.8985708e-05  3.8582989e-05  6.3204764e-05  -7.0747023e-06  2.1916271e-05  -2.5415922e-05  -1.4153554e-05  0.00026830147  3.0887086e-06  0.00017748793  -4.4393037e-06  5.3369456e-06  8.0315153e-05  -0.00015141566  -1.8136383e-06  5.7501179e-05  -6.3256677e-05  
8.8951553e-06  0.00088698373  -0.00011221663  0.00010773636  -0.00027578728  0.0000000   -0.00093170539  -0.00055838942  0.00029159914  -0.00033627578  -4.9386097e-05  -0.00016504327  0.00015728727  0.00037989248  -5.9949712e-05  0.00020121298  0.00020196454  5.7591263e-05  -2.6273326e-05  -0.00021625682  -0.00027780661  -1.0188430e-05  2.3867323e-05  -1.2618063e-07  -9.2443696e-05  -0.00020329782  -1.1627327e-05  3.1655523e-06  -0.00010720038  -2.0206021e-05  -1.4427497e-05  8.8951553e-06  0.00088698373  -0.00011221663  0.00010773636  -0.00027578728  0.0000000   -0.00093170539  -0.00055838942  0.00029159914  -0.00033627578  -4.9386097e-05  -0.00016504327  0.00015728727  0.00037989248  -5.9949712e-05  0.00020121298  0.00020196454  5.7591263e-05  -2.6273326e-05  -0.00021625682  -0.00027780661  -1.0188430e-05  2.3867323e-05  -1.2618063e-07  -9.2443696e-05  -0.00020329782  -1.1627327e-05  3.1655523e-06  -0.00010720038  -2.0206021e-05  -1.4427497e-05  
9.6648672e-05  -0.00031447219  -0.00045814901  0.00039552108  -0.00055650065  0.00093170539  0.0000000   -0.0097987498  0.0015484214  -0.00040248355  6.1324499e-05  6.4729088e-05  -9.7633548e-05  -5.4141343e-05  6.8245414e-05  -4.2941900e-05  9.7589534e-05  -1.7292309e-05  -0.00031094896  4.9936446e-05  3.8542217e-05  0.00028186725  0.00024000992  0.00010630098  -8.0798141e-05  3.8513360e-05  3.7470958e-05  -6.5360381e-07  6.8165665e-06  9.8899836e-05  -8.7624156e-05  9.6648672e-05  -0.00031447219  -0.00045814901  0.00039552108  -0.00055650065  0.00093170539  0.0000000   -0.0097987498  0.0015484214  -0.00040248355  6.1324499e-05  6.4729088e-05  -9.7633548e-05  -5.4141343e-05  6.8245414e-05  -4.2941900e-05  9.7589534e-05  -1.7292309e-05  -0.00031094896  4.9936446e-05  3.8542217e-05  0.00028186725  0.00024000992  0.00010630098  -8.0798141e-05  3.8513360e-05  3.7470958e-05  -6.5360381e-07  6.8165665e-06  9.8899836e-05  -8.7624156e-05  
0.00017447473  0.00046640439  0.0014322999  0.00015847066  0.0019481068  0.00055838942  0.0097987498  0.0000000   -0.0020490328  0.00020034217  -0.00030112727  -0.00017700625  2.4626532e-05  5.5320128e-05  6.6908576e-05  0.00019754720  0.00013570200  3.1476035e-05  6.7422930e-07  9.8379340e-05  -0.00014845634  0.00022874671  -1.9942573e-05  -8.3274379e-05  -4.1840386e-05  -5.7096040e-05  0.00013943231  -4.2259055e-05  -3.8110796e-07  -6.2385171e-06  -1.2113773e-05  0.00017447473  0.00046640439  0.0014322999  0.00015847066  0.0019481068  0.00055838942  0.0097987498  0.0000000   -0.0020490328  0.00020034217  -0.00030112727  -0.00017700625  2.4626532e-05  5.5320128e-05  6.6908576e-05  0.00019754720  0.00013570200  3.1476035e-05  6.7422930e-07  9.8379340e-05  -0.00014845634  0.00022874671  -1.9942573e-05  -8.3274379e-05  -4.1840386e-05  -5.7096040e-05  0.00013943231  -4.2259055e-05  -3.8110796e-07  -6.2385171e-06  -1.2113773e-05  
0.00014527073  -7.7373803e-06  -0.00040812403  3.6953266e-06  0.00053007568  -0.00029159914  -0.0015484214  0.0020490328  0.0000000   0.00027358579  3.9678594e-05  7.1694922e-05  -0.00012168957  -3.4388459e-05  -7.4855499e-05  -1.0207309e-05  -6.4085370e-05  -1.1990226e-05  1.6784994e-06  7.9417567e-05  -1.6289111e-05  2.2598683e-05  -7.2131439e-05  0.00010211103  2.2754945e-05  1.5400683e-05  6.9833587e-05  7.2539479e-05  -1.7989335e-05  4.1287766e-05  -3.6466340e-05  0.00014527073  -7.7373803e-06  -0.00040812403  3.6953266e-06  0.00053007568  -0.00029159914  -0.0015484214  0.0020490328  0.0000000   0.00027358579  3.9678594e-05  7.1694922e-05  -0.00012168957  -3.4388459e-05  -7.4855499e-05  -1.0207309e-05  -6.4085370e-05  -1.1990226e-05  1.6784994e-06  7.9417567e-05  -1.6289111e-05  2.2598683e-05  -7.2131439e-05  0.00010211103  2.2754945e-05  1.5400683e-05  6.9833587e-05  7.2539479e-05  -1.7989335e-05  4.1287766e-05  -3.6466340e-05  
4.2935673e-05  0.00046413657  4.2948627e-05  5.8876963e-05  2.4408852e-05  0.00033627578  0.00040248355  -0.00020034217  -0.00027358579  0.0000000   0.0056699220  0.00011063767  -0.00096522160  -0.00021429213  -0.00030692632  -0.00034413282  4.1463172e-05  -5.5921322e-05  -5.3711660e-05  -6.8732298e-05  -5.9666958e-05  4.2775325e-05  3.1063692e-05  2.4781736e-05  0.00017065048  0.00034198470  2.4502854e-05  -1.0182061e-06  -1.3621588e-05  -1.1801145e-05  -2.4049858e-05  4.2935673e-05  0.00046413657  4.2948627e-05  5.8876963e-05  2.4408852e-05  0.00033627578  0.00040248355  -0.00020034217  -0.00027358579  0.0000000   0.0056699220  0.00011063767  -0.00096522160  -0.00021429213  -0.00030692632  -0.00034413282  4.1463172e-05  -5.5921322e-05  -5.3711660e-05  -6.8732298e-05  -5.9666958e-05  4.2775325e-05  3.1063692e-05  2.4781736e-05  0.00017065048  0.00034198470  2.4502854e-05  -1.0182061e-06  -1.3621588e-05  -1.1801145e-05  -2.4049858e-05  
5.0447966e-06  0.00026987334  -5.0543028e-06  1.0112308e-05  9.5449705e-05  4.9386097e-05  -6.1324499e-05  0.00030112727  -3.9678594e-05  -0.0056699220  0.0000000   0.00020192088  0.0016530554  0.00092998045  -0.00010893216  0.00010016618  0.00022840080  0.00016137823  1.4229282e-06  -0.00029413980  -0.00032510832  -5.6193148e-05  2.1511224e-05  -1.6616529e-05  -8.3543097e-05  -0.00024417280  5.7720309e-07  6.2331179e-07  0.00033916172  7.5899395e-06  4.4010377e-06  5.0447966e-06  0.00026987334  -5.0543028e-06  1.0112308e-05  9.5449705e-05  4.9386097e-05  -6.1324499e-05  0.00030112727  -3.9678594e-05  -0.0056699220  0.0000000   0.00020192088  0.0016530554  0.00092998045  -0.00010893216  0.00010016618  0.00022840080  0.00016137823  1.4229282e-06  -0.00029413980  -0.00032510832  -5.6193148e-05  2.1511224e-05  -1.6616529e-05  -8.3543097e-05  -0.00024417280  5.7720309e-07  6.2331179e-07  0.00033916172  7.5899395e-06  4.4010377e-06  
