0.0000000   -0.00033376631  -1.4857319e-05  0.00014587678  -0.00028070840  0.0010008831  -0.00089419367  0.00017207359  -8.0933914e-05  9.1465305e-05  -5.9087272e-05  6.0613049e-05  -5.2695247e-05  -0.00031808933  3.2856495e-05  0.00010227733  -0.00021017826  -2.5624586e-05  -2.8307484e-05  6.6864591e-05  -0.00010446651  -5.6246926e-05  0.00017137160  0.00024659343  -3.7041422e-05  -7.2173498e-06  -0.00019477711  6.0995354e-05  -1.3490704e-05  -2.1369589e-05  -1.9767379e-05  0.0000000   -0.00033376631  -1.4857319e-05  0.00014587678  -0.00028070840  0.0010008831  -0.00089419367  0.00017207359  -8.0933914e-05  9.1465305e-05  -5.9087272e-05  6.0613049e-05  -5.2695247e-05  -0.00031808933  3.2856495e-05  0.00010227733  -0.00021017826  -2.5624586e-05  -2.8307484e-05  6.6864591e-05  -0.00010446651  -5.6246926e-05  0.00017137160  0.00024659343  -3.7041422e-05  -7.2173498e-06  -0.00019477711  6.0995354e-05  -1.3490704e-05  -2.1369589e-05  -1.9767379e-05  
0.00033376631  0.0000000   -3.7306218e-05  -0.0012117579  0.00076470193  0.00026834329  -5.5375126e-05  -4.0173562e-05  -2.1008207e-05  0.00040789660  3.5457248e-05  -0.00021272903  -4.4497924e-05  -1.7249707e-05  -0.00019795142  -0.00013797355  7.3871500e-05  0.00030864062  0.00015665564  -1.4229504e-06  0.00015766346  0.00030690211  1.1216384e-05  1.1577109e-05  -1.0876763e-06  -3.4778313e-05  -2.1918972e-05  -0.00013403937  7.0054364e-05  -0.00013946238  -3.2462025e-05  0.00033376631  0.0000000   -3.7306218e-05  -0.0012117579  0.00076470193  0.00026834329  -5.5375126e-05  -4.0173562e-05  -2.1008207e-05  0.00040789660  3.5457248e-05  -0.00021272903  -4.4497924e-05  -1.7249707e-05  -0.00019795142  -0.00013797355  7.3871500e-05  0.00030864062  0.00015665564  -1.4229504e-06  0.00015766346  0.00030690211  1.1216384e-05  1.1577109e-05  -1.0876763e-06  -3.4778313e-05  -2.1918972e-05  -0.00013403937  7.0054364e-05  -0.00013946238  -3.2462025e-05  
1.4857319e-05  3.7306218e-05  0.0000000   -0.00014291594  0.00020122873  -0.00015933430  0.00027484526  0.00010856257  0.00031980860  -0.00032391980  -9.5605494e-05  -8.2373966e-05  -0.00035303615  0.00014464738  8.1142716e-06  1.9183173e-05  0.00012886771  -4.5644329e-05  2.8156895e-05  -3.9777942e-05  -6.0435614e-05  -4.0829653e-05  2.2457840e-05  -2.0272682e-05  -1.4481080e-05  -1.7611518e-06  4.0058923e-05  -5.5193030e-06  -1.5268494e-06  2.7152088e-05  1.4116340e-05  1.4857319e-05  3.7306218e-05  0.0000000   -0.00014291594  0.00020122873  -0.00015933430  0.00027484526  0.00010856257  0.00031980860  -0.00032391980  -9.5605494e-05  -8.2373966e-05  -0.00035303615  0.00014464738  8.1142716e-06  1.9183173e-05  0.00012886771  -4.5644329e-05  2.8156895e-05  -3.9777942e-05  -6.0435614e-05  -4.0829653e-05  2.2457840e-05  -2.0272682e-05  -1.4481080e-05  -1.7611518e-06  4.0058923e-05  -5.5193030e-06  -1.5268494e-06  2.7152088e-05  1.4116340e-05  
-0.00014587678  0.0012117579  0.00014291594  0.0000000   0.0023760907  0.00039792871  -0.00016153767  -8.5334136e-06  -9.8748200e-05  0.00018911086  -0.00084785908  -0.00044356507  9.7040873e-05  5.7117549e-05  0.00039707517  -5.6988203e-05  5.9926103e-06  1.6025243e-05  -0.00025827263  9.4326038e-06  0.00040787954  0.00013965534  -1.6975659e-05  1.3484482e-05  7.0062219e-06  2.9522227e-05  6.2014626e-06  9.6212691e-06  -6.9628372e-05  -3.6164976e-05  -2.1130132e-05  -0.00014587678  0.0012117579  0.00014291594  0.0000000   0.0023760907  0.00039792871  -0.00016153767  -8.5334136e-06  -9.8748200e-05  0.00018911086  -0.00084785908  -0.00044356507  9.7040873e-05  5.7117549e-05  0.00039707517  -5.6988203e-05  5.9926103e-06  1.6025243e-05  -0.00025827263  9.4326038e-06  0.00040787954  0.00013965534  -1.6975659e-05  1.3484482e-05  7.0062219e-06  2.9522227e-05  6.2014626e-06  9.6212691e-06  -6.9628372e-05  -3.6164976e-05  -2.1130132e-05  
0.00028070840  -0.00076470193  -0.00020122873  -0.0023760907  0.0000000   -0.00021878879  -0.00076048123  0.00037206182  -9.1918496e-05  0.00023092445  -0.0010180855  -0.00063480538  5.0234689e-05  -4.9612523e-05  5.4362735e-05  -0.00028624889  2.0321617e-06  4.2406419e-05  -0.00025505721  0.00023956510  0.00023235188  0.00024789010  1.5647276e-05  5.3680772e-05  2.6961532e-06  -0.00016672460  6.7087772e-06  5.7019931e-05  0.00021554593  1.2579915e-05  -2.8584785e-05  0.00028070840  -0.00076470193  -0.00020122873  -0.0023760907  0.0000000   -0.00021878879  -0.00076048123  0.00037206182  -9.1918496e-05  0.00023092445  -0.0010180855  -0.00063480538  5.0234689e-05  -4.9612523e-05  5.4362735e-05  -0.00028624889  2.0321617e-06  4.2406419e-05  -0.00025505721  0.00023956510  0.00023235188  0.00024789010  1.5647276e-05  5.3680772e-05  2.6961532e-06  -0.00016672460  6.7087772e-06  5.7019931e-05  0.00021554593  1.2579915e-05  -2.8584785e-05  
-0.0010008831  -0.00026834329  0.00015933430  -0.00039792871  0.00021878879  0.0000000   0.0032387449  -0.0011380420  0.00046994140  0.00027042228  -0.00048234669  -0.00018238022  0.00031477945  0.00031732749  -2.8904961e-06  -5.3586596e-05  -0.00011815693  9.6399165e-05  -4.7502767e-05  9.7998158e-05  0.00015356892  2.3494007e-05  4.1832820e-05  -0.00013699651  -2.6766645e-05  -3.9941194e-05  8.4789630e-05  -2.2457013e-06  7.0855804e-05  -4.5109204e-05  -1.2179133e-05  -0.0010008831  -0.00026834329  0.00015933430  -0.00039792871  0.00021878879  0.0000000   0.0032387449  -0.0011380420  0.00046994140  0.00027042228  -0.00048234669  -0.00018238022  0.00031477945  0.00031732749  -2.8904961e-06  -5.3586596e-05  -0.00011815693  9.6399165e-05  -4.7502767e-05  9.7998158e-05  0.00015356892  2.3494007e-05  4.1832820e-05  -0.00013699651  -2.6766645e-05  -3.9941194e-05  8.4789630e-05  -2.2457013e-06  7.0855804e-05  -4.5109204e-05  -1.2179133e-05  
0.00089419367  5.5375126e-05  -0.00027484526  0.00016153767  0.00076048123  -0.0032387449  0.0000000   0.0013532960  -0.00079558328  0.00032502676  8.6386638e-05  5.1428276e-05  0.00047287060  0.00019371258  -4.4950679e-05  -3.5544383e-05  0.00019360484  -6.7178277e-05  3.9674792e-05  0.00012776825  -4.1308925e-06  -5.6122437e-05  8.5096147e-05  0.00021523584  -5.3971074e-05  3.2056931e-05  0.00011272602  9.2065724e-06  1.6421577e-05  6.4774388e-05  2.6288316e-06  0.00089419367  5.5375126e-05  -0.00027484526  0.00016153767  0.00076048123  -0.0032387449  0.0000000   0.0013532960  -0.00079558328  0.00032502676  8.6386638e-05  5.1428276e-05  0.00047287060  0.00019371258  -4.4950679e-05  -3.5544383e-05  0.00019360484  -6.7178277e-05  3.9674792e-05  0.00012776825  -4.1308925e-06  -5.6122437e-05  8.5096147e-05  0.00021523584  -5.3971074e-05  3.2056931e-05  0.00011272602  9.2065724e-06  1.6421577e-05  6.4774388e-05  2.6288316e-06  
-0.00017207359  4.0173562e-05  -0.00010856257  8.5334136e-06  -0.00037206182  0.0011380420  -0.0013532960  0.0000000   0.00016330697  0.00020793934  -0.00017946211  3.3217196e-05  0.00023986447  -1.0053097e-05  1.6572238e-05  -3.8704603e-05  -0.00028665184  0.00012954946  6.5850298e-05  -6.6771588e-05  1.2750340e-05  -5.8697654e-07  -4.1364086e-08  -0.00010716377  3.7160404e-05  5.3526672e-07  6.4311096e-05  7.1777381e-06  -6.7878044e-06  -3.5094001e-05  -2.9995616e-07  -0.00017207359  4.0173562e-05  -0.00010856257  8.5334136e-06  -0.00037206182  0.0011380420  -0.0013532960  0.0000000   0.00016330697  0.00020793934  -0.00017946211  3.3217196e-05  0.00023986447  -1.0053097e-05  1.6572238e-05  -3.8704603e-05  -0.00028665184  0.00012954946  6.5850298e-05  -6.6771588e-05  1.2750340e-05  -5.8697654e-07  -4.1364086e-08  -0.00010716377  3.7160404e-05  5.3526672e-07  6.4311096e-05  7.1777381e-06  -6.7878044e-06  -3.5094001e-05  -2.9995616e-07  
8.0933914e-05  2.1008207e-05  -0.00031980860  9.8748200e-05  9.1918496e-05  -0.00046994140  0.00079558328  -0.00016330697  0.0000000   0.00091880899  -1.7400832e-05  0.00014424338  0.0011458114  -0.00018142611  -3.5508015e-05  -1.7897253e-05  0.00013986173  9.8366883e-06  6.7048501e-05  0.00011774052  -6.0051556e-05  2.5040851e-05  0.00033809182  0.00014657885  5.2521613e-05  -1.1397287e-05  -5.2120757e-05  -1.0413346e-05  -4.1614633e-05  2.3845828e-05  1.2129662e-05  8.0933914e-05  2.1008207e-05  -0.00031980860  9.8748200e-05  9.1918496e-05  -0.00046994140  0.00079558328  -0.00016330697  0.0000000   0.00091880899  -1.7400832e-05  0.00014424338  0.0011458114  -0.00018142611  -3.5508015e-05  -1.7897253e-05  0.00013986173  9.8366883e-06  6.7048501e-05  0.00011774052  -6.0051556e-05  2.5040851e-05  0.00033809182  0.00014657885  5.2521613e-05  -1.1397287e-05  -5.2120757e-05  -1.0413346e-05  -4.1614633e-05  2.3845828e-05  1.2129662e-05  
-9.1465305e-05  -0.00040789660  0.00032391980  -0.00018911086  -0.00023092445  -0.00027042228  -0.00032502676  -0.00020793934  -0.00091880899  0.0000000   0.017180141  0.00031043686  -0.00044091011  9.5775897e-05  0.00065123081  0.00024353815  2.8890207e-05  -0.00016797772  0.00015544525  -0.00012020924  0.00010519880  0.00017757595  -0.00011768278  7.1757707e-06  3.4648424e-05  6.1143444e-06  -3.9335397e-05  -0.00012623512  0.00018854087  8.3875027e-05  4.0609150e-05  -9.1465305e-05  -0.00040789660  0.00032391980  -0.00018911086  -0.00023092445  -0.00027042228  -0.00032502676  -0.00020793934  -0.00091880899  0.0000000   0.017180141  0.00031043686  -0.00044091011  9.5775897e-05  0.00065123081  0.00024353815  2.8890207e-05  -0.00016797772  0.00015544525  -0.00012020924  0.00010519880  0.00017757595  -0.00011768278  7.1757707e-06  3.4648424e-05  6.1143444e-06  -3.9335397e-05  -0.00012623512  0.00018854087  8.3875027e-05  4.0609150e-05  
5.9087272e-05  -3.5457248e-05  9.5605494e-05  0.00084785908  0.0010180855  0.00048234669  -8.6386638e-05  0.00017946211  1.7400832e-05  -0.017180141  0.0000000   -0.0016622281  0.00060367432  5.3045967e-05  0.00014883035  0.00051971798  -0.00016400628  -0.00045971537  0.00016846930  -0.00010032013  -4.5679332e-05  -7.9094376e-05  2.2532887e-05  -9.9245145e-05  -1.6257117e-05  0.00014959528  5.6491746e-05  -6.5109895e-06  6.1307274e-05  8.6894692e-05  -0.00019079530  5.9087272e-05  -3.5457248e-05  9.5605494e-05  0.00084785908  0.0010180855  0.00048234669  -8.6386638e-05  0.00017946211  1.7400832e-05  -0.017180141  0.0000000   -0.0016622281  0.00060367432  5.3045967e-05  0.00014883035  0.00051971798  -0.00016400628  -0.00045971537  0.00016846930  -0.00010032013  -4.5679332e-05  -7.9094376e-05  2.2532887e-05  -9.9245145e-05  -1.6257117e-05  0.00014959528  5.6491746e-05  -6.5109895e-06  6.1307274e-05  8.6894692e-05  -0.00019079530  
-6.0613049e-05  0.00021272903  8.2373966e-05  0.00044356507  0.00063480538  0.00018238022  -5.1428276e-05  -3.3217196e-05  -0.00014424338  -0.00031043686  0.0016622281  0.0000000   -8.7025693e-05  4.9196271e-05  -0.00068671092  -0.00099765522  -0.00044944045  -0.00083781237  -0.00019749738  0.00043512872  -0.00022745981  -0.00032898303  -1.0262678e-05  1.5591434e-05  -1.2734550e-05  -0.00012668851  4.3529784e-05  0.00037812080  6.1946411e-05  -3.2514859e-05  0.00028135492  -6.0613049e-05  0.00021272903  8.2373966e-05  0.00044356507  0.00063480538  0.00018238022  -5.1428276e-05  -3.3217196e-05  -0.00014424338  -0.00031043686  0.0016622281  0.0000000   -8.7025693e-05  4.9196271e-05  -0.00068671092  -0.00099765522  -0.00044944045  -0.00083781237  -0.00019749738  0.00043512872  -0.00022745981  -0.00032898303  -1.0262678e-05  1.5591434e-05  -1.2734550e-05  -0.00012668851  4.3529784e-05  0.00037812080  6.1946411e-05  -3.2514859e-05  0.00028135492  
5.2695247e-05  4.4497924e-05  0.00035303615  -9.7040873e-05  -5.0234689e-05  -0.00031477945  -0.00047287060  -0.00023986447  -0.0011458114  0.00044091011  -0.00060367432  8.7025693e-05  0.0000000   0.00011658651  -0.00017543948  0.00021025357  0.00017297060  -8.8523792e-05  -0.00016963989  0.00013964289  0.00028743674  -5.5227361e-05  -0.00021232715  -8.4142515e-05  -0.00015444296  4.0088599e-05  0.00029123135  -4.6808616e-05  -6.8272375e-05  -1.7801642e-05  5.9144838e-06  5.2695247e-05  4.4497924e-05  0.00035303615  -9.7040873e-05  -5.0234689e-05  -0.00031477945  -0.00047287060  -0.00023986447  -0.0011458114  0.00044091011  -0.00060367432  8.7025693e-05  0.0000000   0.00011658651  -0.00017543948  0.00021025357  0.00017297060  -8.8523792e-05  -0.00016963989  0.00013964289  0.00028743674  -5.5227361e-05  -0.00021232715  -8.4142515e-05  -0.00015444296  4.0088599e-05  0.00029123135  -4.6808616e-05  -6.8272375e-05  -1.7801642e-05  5.9144838e-06  
0.00031808933  1.7249707e-05  -0.00014464738  -5.7117549e-05  4.9612523e-05  -0.00031732749  -0.00019371258  1.0053097e-05  0.00018142611  -9.5775897e-05  -5.3045967e-05  -4.9196271e-05  -0.00011658651  0.0000000   0.00034407645  0.00026629961  0.00040719946  0.00023156227  -1.1334764e-05  -0.00022577664  4.7250079e-05  0.00022441463  -2.8624824e-05  -8.1903019e-05  -0.00025260542  3.9636704e-05  -0.00012559893  -2.3643841e-05  1.4854353e-05  -6.6506274e-05  2.0723472e-05  0.00031808933  1.7249707e-05  -0.00014464738  -5.7117549e-05  4.9612523e-05  -0.00031732749  -0.00019371258  1.0053097e-05  0.00018142611  -9.5775897e-05  -5.3045967e-05  -4.9196271e-05  -0.00011658651  0.0000000   0.00034407645  0.00026629961  0.00040719946  0.00023156227  -1.1334764e-05  -0.00022577664  4.7250079e-05  0.00022441463  -2.8624824e-05  -8.1903019e-05  -0.00025260542  3.9636704e-05  -0.00012559893  -2.3643841e-05  1.4854353e-05  -6.6506274e-05  2.0723472e-05  
-3.2856495e-05  0.00019795142  -8.1142716e-06  -0.00039707517  -5.4362735e-05  2.8904961e-06  4.4950679e-05  -1.6572238e-05  3.5508015e-05  -0.00065123081  -0.00014883035  0.00068671092  0.00017543948  -0.00034407645  0.0000000   0.0044795583  0.00076853368  0.00055356653  0.00025327554  -0.00072431697  0.00040694009  0.00046677859  5.1253117e-05  -5.4319980e-05  2.7062002e-05  0.00028616492  -2.0555453e-05  -0.00051342179  0.00018356617  -0.00025932145  0.00011414786  -3.2856495e-05  0.00019795142  -8.1142716e-06  -0.00039707517  -5.4362735e-05  2.8904961e-06  4.4950679e-05  -1.6572238e-05  3.5508015e-05  -0.00065123081  -0.00014883035  0.00068671092  0.00017543948  -0.00034407645  0.0000000   0.0044795583  0.00076853368  0.00055356653  0.00025327554  -0.00072431697  0.00040694009  0.00046677859  5.1253117e-05  -5.4319980e-05  2.7062002e-05  0.00028616492  -2.0555453e-05  -0.00051342179  0.00018356617  -0.00025932145  0.00011414786  
-0.00010227733  0.00013797355  -1.9183173e-05  5.6988203e-05  0.00028624889  5.3586596e-05  3.5544383e-05  3.8704603e-05  1.7897253e-05  -0.00024353815  -0.00051971798  0.00099765522  -0.00021025357  -0.00026629961  -0.0044795583  0.0000000   -0.0015591313  -0.0040164790  0.0010515509  0.00083903138  0.00038801708  0.00031735369  -2.2305405e-05  2.7796371e-05  -8.6035101e-05  -0.00034625553  5.1882374e-05  -8.7715711e-05  -0.00010930320  1.7644356e-05  8.5790376e-05  -0.00010227733  0.00013797355  -1.9183173e-05  5.6988203e-05  0.00028624889  5.3586596e-05  3.5544383e-05  3.8704603e-05  1.7897253e-05  -0.00024353815  -0.00051971798  0.00099765522  -0.00021025357  -0.00026629961  -0.0044795583  0.0000000   -0.0015591313  -0.0040164790  0.0010515509  0.00083903138  0.00038801708  0.00031735369  -2.2305405e-05  2.7796371e-05  -8.6035101e-05  -0.00034625553  5.1882374e-05  -8.7715711e-05  -0.00010930320  1.7644356e-05  8.5790376e-05  
0.00021017826  -7.3871500e-05  -0.00012886771  -5.9926103e-06  -2.0321617e-06  0.00011815693  -0.00019360484  0.00028665184  -0.00013986173  -2.8890207e-05  0.00016400628  0.00044944045  -0.00017297060  -0.00040719946  -0.00076853368  0.0015591313  0.0000000   -0.00051039116  -0.00039103101  0.00081439652  0.00059244330  0.00014332915  -0.00010428913  -0.00017278233  1.6712071e-05  -6.3913727e-05  -9.4942680e-05  -2.5958356e-05  2.9473682e-05  4.7451173e-05  -7.0744946e-05  0.00021017826  -7.3871500e-05  -0.00012886771  -5.9926103e-06  -2.0321617e-06  0.00011815693  -0.00019360484  0.00028665184  -0.00013986173  -2.8890207e-05  0.00016400628  0.00044944045  -0.00017297060  -0.00040719946  -0.00076853368  0.0015591313  0.0000000   -0.00051039116  -0.00039103101  0.00081439652  0.00059244330  0.00014332915  -0.00010428913  -0.00017278233  1.6712071e-05  -6.3913727e-05  -9.4942680e-05  -2.5958356e-05  2.9473682e-05  4.7451173e-05  -7.0744946e-05  
2.5624586e-05  -0.00030864062  4.5644329e-05  -1.6025243e-05  -4.2406419e-05  -9.6399165e-05  6.7178277e-05  -0.00012954946  -9.8366883e-06  0.00016797772  0.00045971537  0.00083781237  8.8523792e-05  -0.00023156227  -0.00055356653  0.0040164790  0.00051039116  0.0000000   -0.00066946060  0.0015378306  0.00055982009  0.00012485345  -5.5484809e-06  0.00014819467  -1.4683080e-05  -3.1856745e-05  3.3301576e-05  -9.8417305e-05  0.00027029918  7.1904337e-05  -0.00024136587  2.5624586e-05  -0.00030864062  4.5644329e-05  -1.6025243e-05  -4.2406419e-05  -9.6399165e-05  6.7178277e-05  -0.00012954946  -9.8366883e-06  0.00016797772  0.00045971537  0.00083781237  8.8523792e-05  -0.00023156227  -0.00055356653  0.0040164790  0.00051039116  0.0000000   -0.00066946060  0.0015378306  0.00055982009  0.00012485345  -5.5484809e-06  0.00014819467  -1.4683080e-05  -3.1856745e-05  3.3301576e-05  -9.8417305e-05  0.00027029918  7.1904337e-05  -0.00024136587  
2.8307484e-05  -0.00015665564  -2.8156895e-05  0.00025827263  0.00025505721  4.7502767e-05  -3.9674792e-05  -6.5850298e-05  -6.7048501e-05  -0.00015544525  -0.00016846930  0.00019749738  0.00016963989  1.1334764e-05  -0.00025327554  -0.0010515509  0.00039103101  0.00066946060  0.0000000   -0.014865340  -0.00016838191  -0.00062226827  -3.4077457e-05  -0.00010612748  5.8944257e-05  -0.00021475041  3.0291177e-05  -0.00014197781  0.00024181342  -4.4561672e-05  0.00033025579  2.8307484e-05  -0.00015665564  -2.8156895e-05  0.00025827263  0.00025505721  4.7502767e-05  -3.9674792e-05  -6.5850298e-05  -6.7048501e-05  -0.00015544525  -0.00016846930  0.00019749738  0.00016963989  1.1334764e-05  -0.00025327554  -0.0010515509  0.00039103101  0.00066946060  0.0000000   -0.014865340  -0.00016838191  -0.00062226827  -3.4077457e-05  -0.00010612748  5.8944257e-05  -0.00021475041  3.0291177e-05  -0.00014197781  0.00024181342  -4.4561672e-05  0.00033025579  
-6.6864591e-05  1.4229504e-06  3.9777942e-05  -9.4326038e-06  -0.00023956510  -9.7998158e-05  -0.00012776825  6.6771588e-05  -0.00011774052  0.00012020924  0.00010032013  -0.00043512872  -0.00013964289  0.00022577664  0.00072431697  -0.00083903138  -0.00081439652  -0.0015378306  0.014865340  0.0000000   -0.0015286042  0.0016632395  -0.00010314641  3.4492483e-06  -1.1660786e-07  -3.4783363e-05  0.00021564510  0.00032538741  -0.00017183339  0.00016277025  -4.4625428e-05  -6.6864591e-05  1.4229504e-06  3.9777942e-05  -9.4326038e-06  -0.00023956510  -9.7998158e-05  -0.00012776825  6.6771588e-05  -0.00011774052  0.00012020924  0.00010032013  -0.00043512872  -0.00013964289  0.00022577664  0.00072431697  -0.00083903138  -0.00081439652  -0.0015378306  0.014865340  0.0000000   -0.0015286042  0.0016632395  -0.00010314641  3.4492483e-06  -1.1660786e-07  -3.4783363e-05  0.00021564510  0.00032538741  -0.00017183339  0.00016277025  -4.4625428e-05  
0.00010446651  -0.00015766346  6.0435614e-05  -0.00040787954  -0.00023235188  -0.00015356892  4.1308925e-06  -1.2750340e-05  6.0051556e-05  -0.00010519880  4.5679332e-05  0.00022745981  -0.00028743674  -4.7250079e-05  -0.00040694009  -0.00038801708  -0.00059244330  -0.00055982009  0.00016838191  0.0015286042  0.0000000   0.017590730  -0.00014528512  0.00015152846  -0.00018680368  0.00034668860  -6.5121767e-05  -0.00039810769  0.00045182378  -0.00017275831  0.00015447661  0.00010446651  -0.00015766346  6.0435614e-05  -0.00040787954  -0.00023235188  -0.00015356892  4.1308925e-06  -1.2750340e-05  6.0051556e-05  -0.00010519880  4.5679332e-05  0.00022745981  -0.00028743674  -4.7250079e-05  -0.00040694009  -0.00038801708  -0.00059244330  -0.00055982009  0.00016838191  0.0015286042  0.0000000   0.017590730  -0.00014528512  0.00015152846  -0.00018680368  0.00034668860  -6.5121767e-05  -0.00039810769  0.00045182378  -0.00017275831  0.00015447661  
5.6246926e-05  -0.00030690211  4.0829653e-05  -0.00013965534  -0.00024789010  -2.3494007e-05  5.6122437e-05  5.8697654e-07  -2.5040851e-05  -0.00017757595  7.9094376e-05  0.00032898303  5.5227361e-05  -0.00022441463  -0.00046677859  -0.00031735369  -0.00014332915  -0.00012485345  0.00062226827  -0.0016632395  -0.017590730  0.0000000   0.00011276747  -0.00013119504  -1.2765805e-06  0.00021607839  0.00022912580  -7.5846575e-05  0.00048139651  -6.3249556e-05  0.00026090234  5.6246926e-05  -0.00030690211  4.0829653e-05  -0.00013965534  -0.00024789010  -2.3494007e-05  5.6122437e-05  5.8697654e-07  -2.5040851e-05  -0.00017757595  7.9094376e-05  0.00032898303  5.5227361e-05  -0.00022441463  -0.00046677859  -0.00031735369  -0.00014332915  -0.00012485345  0.00062226827  -0.0016632395  -0.017590730  0.0000000   0.00011276747  -0.00013119504  -1.2765805e-06  0.00021607839  0.00022912580  -7.5846575e-05  0.00048139651  -6.3249556e-05  0.00026090234  
-0.00017137160  -1.1216384e-05  -2.2457840e-05  1.6975659e-05  -1.5647276e-05  -4.1832820e-05  -8.5096147e-05  4.1364086e-08  -0.00033809182  0.00011768278  -2.2532887e-05  1.0262678e-05  0.00021232715  2.8624824e-05  -5.1253117e-05  2.2305405e-05  0.00010428913  5.5484809e-06  3.4077457e-05  0.00010314641  0.00014528512  -0.00011276747  0.0000000   -0.0049877893  -7.6426291e-05  -5.6441638e-06  0.00018424184  -1.1888279e-05  -9.5100468e-05  -9.0720873e-05  4.2948686e-05  -0.00017137160  -1.1216384e-05  -2.2457840e-05  1.6975659e-05  -1.5647276e-05  -4.1832820e-05  -8.5096147e-05  4.1364086e-08  -0.00033809182  0.00011768278  -2.2532887e-05  1.0262678e-05  0.00021232715  2.8624824e-05  -5.1253117e-05  2.2305405e-05  0.00010428913  5.5484809e-06  3.4077457e-05  0.00010314641  0.00014528512  -0.00011276747  0.0000000   -0.0049877893  -7.6426291e-05  -5.6441638e-06  0.00018424184  -1.1888279e-05  -9.5100468e-05  -9.0720873e-05  4.2948686e-05  
-0.00024659343  -1.1577109e-05  2.0272682e-05  -1.3484482e-05  -5.3680772e-05  0.00013699651  -0.00021523584  0.00010716377  -0.00014657885  -7.1757707e-06  9.9245145e-05  -1.5591434e-05  8.4142515e-05  8.1903019e-05  5.4319980e-05  -2.7796371e-05  0.00017278233  -0.00014819467  0.00010612748  -3.4492483e-06  -0.00015152846  0.00013119504  0.0049877893  0.0000000   -0.0032078935  -5.0700339e-05  0.00057101580  3.9802168e-05  -0.00019559339  2.5964156e-05  5.9217655e-06  -0.00024659343  -1.1577109e-05  2.0272682e-05  -1.3484482e-05  -5.3680772e-05  0.00013699651  -0.00021523584  0.00010716377  -0.00014657885  -7.1757707e-06  9.9245145e-05  -1.5591434e-05  8.4142515e-05  8.1903019e-05  5.4319980e-05  -2.7796371e-05  0.00017278233  -0.00014819467  0.00010612748  -3.4492483e-06  -0.00015152846  0.00013119504  0.0049877893  0.0000000   -0.0032078935  -5.0700339e-05  0.00057101580  3.9802168e-05  -0.00019559339  2.5964156e-05  5.9217655e-06  
3.7041422e-05  1.0876763e-06  1.4481080e-05  -7.0062219e-06  -2.6961532e-06  2.6766645e-05  5.3971074e-05  -3.7160404e-05  -5.2521613e-05  -3.4648424e-05  1.6257117e-05  1.2734550e-05  0.00015444296  0.00025260542  -2.7062002e-05  8.6035101e-05  -1.6712071e-05  1.4683080e-05  -5.8944257e-05  1.1660786e-07  0.00018680368  1.2765805e-06  7.6426291e-05  0.0032078935  0.0000000   -8.1746839e-05  -0.0012206688  4.4753006e-05  -3.1936431e-05  7.8182299e-05  -3.2889222e-05  3.7041422e-05  1.0876763e-06  1.4481080e-05  -7.0062219e-06  -2.6961532e-06  2.6766645e-05  5.3971074e-05  -3.7160404e-05  -5.2521613e-05  -3.4648424e-05  1.6257117e-05  1.2734550e-05  0.00015444296  0.00025260542  -2.7062002e-05  8.6035101e-05  -1.6712071e-05  1.4683080e-05  -5.8944257e-05  1.1660786e-07  0.00018680368  1.2765805e-06  7.6426291e-05  0.0032078935  0.0000000   -8.1746839e-05  -0.0012206688  4.4753006e-05  -3.1936431e-05  7.8182299e-05  -3.2889222e-05  
7.2173498e-06  3.4778313e-05  1.7611518e-06  -2.9522227e-05  0.00016672460  3.9941194e-05  -3.2056931e-05  -5.3526672e-07  1.1397287e-05  -6.1143444e-06  -0.00014959528  0.00012668851  -4.0088599e-05  -3.9636704e-05  -0.00028616492  0.00034625553  6.3913727e-05  3.1856745e-05  0.00021475041  3.4783363e-05  -0.00034668860  -0.00021607839  5.6441638e-06  5.0700339e-05  8.1746839e-05  0.0000000   -2.0671362e-05  -0.00078516926  0.00070629575  0.00062144119  -0.00017832952  7.2173498e-06  3.4778313e-05  1.7611518e-06  -2.9522227e-05  0.00016672460  3.9941194e-05  -3.2056931e-05  -5.3526672e-07  1.1397287e-05  -6.1143444e-06  -0.00014959528  0.00012668851  -4.0088599e-05  -3.9636704e-05  -0.00028616492  0.00034625553  6.3913727e-05  3.1856745e-05  0.00021475041  3.4783363e-05  -0.00034668860  -0.00021607839  5.6441638e-06  5.0700339e-05  8.1746839e-05  0.0000000   -2.0671362e-05  -0.00078516926  0.00070629575  0.00062144119  -0.00017832952  
0.00019477711  2.1918972e-05  -4.0058923e-05  -6.2014626e-06  -6.7087772e-06  -8.4789630e-05  -0.00011272602  -6.4311096e-05  5.2120757e-05  3.9335397e-05  -5.6491746e-05  -4.3529784e-05  -0.00029123135  0.00012559893  2.0555453e-05  -5.1882374e-05  9.4942680e-05  -3.3301576e-05  -3.0291177e-05  -0.00021564510  6.5121767e-05  -0.00022912580  -0.00018424184  -0.00057101580  0.0012206688  2.0671362e-05  0.0000000   8.3467900e-05  -8.0958370e-05  -6.3240163e-05  2.3794573e-05  0.00019477711  2.1918972e-05  -4.0058923e-05  -6.2014626e-06  -6.7087772e-06  -8.4789630e-05  -0.00011272602  -6.4311096e-05  5.2120757e-05  3.9335397e-05  -5.6491746e-05  -4.3529784e-05  -0.00029123135  0.00012559893  2.0555453e-05  -5.1882374e-05  9.4942680e-05  -3.3301576e-05  -3.0291177e-05  -0.00021564510  6.5121767e-05  -0.00022912580  -0.00018424184  -0.00057101580  0.0012206688  2.0671362e-05  0.0000000   8.3467900e-05  -8.0958370e-05  -6.3240163e-05  2.3794573e-05  
-6.0995354e-05  0.00013403937  5.5193030e-06  -9.6212691e-06  -5.7019931e-05  2.2457013e-06  -9.2065724e-06  -7.1777381e-06  1.0413346e-05  0.00012623512  6.5109895e-06  -0.00037812080  4.6808616e-05  2.3643841e-05  0.00051342179  8.7715711e-05  2.5958356e-05  9.8417305e-05  0.00014197781  -0.00032538741  0.00039810769  7.5846575e-05  1.1888279e-05  -3.9802168e-05  -4.4753006e-05  0.00078516926  -8.3467900e-05  0.0000000   -0.0012869641  0.00030708416  -0.0011653120  -6.0995354e-05  0.00013403937  5.5193030e-06  -9.6212691e-06  -5.7019931e-05  2.2457013e-06  -9.2065724e-06  -7.1777381e-06  1.0413346e-05  0.00012623512  6.5109895e-06  -0.00037812080  4.6808616e-05  2.3643841e-05  0.00051342179  8.7715711e-05  2.5958356e-05  9.8417305e-05  0.00014197781  -0.00032538741  0.00039810769  7.5846575e-05  1.1888279e-05  -3.9802168e-05  -4.4753006e-05  0.00078516926  -8.3467900e-05  0.0000000   -0.0012869641  0.00030708416  -0.0011653120  
1.3490704e-05  -7.0054364e-05  1.5268494e-06  6.9628372e-05  -0.00021554593  -7.0855804e-05  -1.6421577e-05  6.7878044e-06  4.1614633e-05  -0.00018854087  -6.1307274e-05  -6.1946411e-05  6.8272375e-05  -1.4854353e-05  -0.00018356617  0.00010930320  -2.9473682e-05  -0.00027029918  -0.00024181342  0.00017183339  -0.00045182378  -0.00048139651  9.5100468e-05  0.00019559339  3.1936431e-05  -0.00070629575  8.0958370e-05  0.0012869641  0.0000000   -0.014594107  0.0016440803  1.3490704e-05  -7.0054364e-05  1.5268494e-06  6.9628372e-05  -0.00021554593  -7.0855804e-05  -1.6421577e-05  6.7878044e-06  4.1614633e-05  -0.00018854087  -6.1307274e-05  -6.1946411e-05  6.8272375e-05  -1.4854353e-05  -0.00018356617  0.00010930320  -2.9473682e-05  -0.00027029918  -0.00024181342  0.00017183339  -0.00045182378  -0.00048139651  9.5100468e-05  0.00019559339  3.1936431e-05  -0.00070629575  8.0958370e-05  0.0012869641  0.0000000   -0.014594107  0.0016440803  
2.1369589e-05  0.00013946238  -2.7152088e-05  3.6164976e-05  -1.2579915e-05  4.5109204e-05  -6.4774388e-05  3.5094001e-05  -2.3845828e-05  -8.3875027e-05  -8.6894692e-05  3.2514859e-05  1.7801642e-05  6.6506274e-05  0.00025932145  -1.7644356e-05  -4.7451173e-05  -7.1904337e-05  4.4561672e-05  -0.00016277025  0.00017275831  6.3249556e-05  9.0720873e-05  -2.5964156e-05  -7.8182299e-05  -0.00062144119  6.3240163e-05  -0.00030708416  0.014594107  0.0000000   -0.0028878443  2.1369589e-05  0.00013946238  -2.7152088e-05  3.6164976e-05  -1.2579915e-05  4.5109204e-05  -6.4774388e-05  3.5094001e-05  -2.3845828e-05  -8.3875027e-05  -8.6894692e-05  3.2514859e-05  1.7801642e-05  6.6506274e-05  0.00025932145  -1.7644356e-05  -4.7451173e-05  -7.1904337e-05  4.4561672e-05  -0.00016277025  0.00017275831  6.3249556e-05  9.0720873e-05  -2.5964156e-05  -7.8182299e-05  -0.00062144119  6.3240163e-05  -0.00030708416  0.014594107  0.0000000   -0.0028878443  
1.9767379e-05  3.2462025e-05  -1.4116340e-05  2.1130132e-05  2.8584785e-05  1.2179133e-05  -2.6288316e-06  2.9995616e-07  -1.2129662e-05  -4.0609150e-05  0.00019079530  -0.00028135492  -5.9144838e-06  -2.0723472e-05  -0.00011414786  -8.5790376e-05  7.0744946e-05  0.00024136587  -0.00033025579  4.4625428e-05  -0.00015447661  -0.00026090234  -4.2948686e-05  -5.9217655e-06  3.2889222e-05  0.00017832952  -2.3794573e-05  0.0011653120  -0.0016440803  0.0028878443  0.0000000   1.9767379e-05  3.2462025e-05  -1.4116340e-05  2.1130132e-05  2.8584785e-05  1.2179133e-05  -2.6288316e-06  2.9995616e-07  -1.2129662e-05  -4.0609150e-05  0.00019079530  -0.00028135492  -5.9144838e-06  -2.0723472e-05  -0.00011414786  -8.5790376e-05  7.0744946e-05  0.00024136587  -0.00033025579  4.4625428e-05  -0.00015447661  -0.00026090234  -4.2948686e-05  -5.9217655e-06  3.2889222e-05  0.00017832952  -2.3794573e-05  0.0011653120  -0.0016440803  0.0028878443  0.0000000   
0.0000000   -0.00033376631  -1.4857319e-05  0.00014587678  -0.00028070840  0.0010008831  -0.00089419367  0.00017207359  -8.0933914e-05  9.1465305e-05  -5.9087272e-05  6.0613049e-05  -5.2695247e-05  -0.00031808933  3.2856495e-05  0.00010227733  -0.00021017826  -2.5624586e-05  -2.8307484e-05  6.6864591e-05  -0.00010446651  -5.6246926e-05  0.00017137160  0.00024659343  -3.7041422e-05  -7.2173498e-06  -0.00019477711  6.0995354e-05  -1.3490704e-05  -2.1369589e-05  -1.9767379e-05  0.0000000   -0.00033376631  -1.4857319e-05  0.00014587678  -0.00028070840  0.0010008831  -0.00089419367  0.00017207359  -8.0933914e-05  9.1465305e-05  -5.9087272e-05  6.0613049e-05  -5.2695247e-05  -0.00031808933  3.2856495e-05  0.00010227733  -0.00021017826  -2.5624586e-05  -2.8307484e-05  6.6864591e-05  -0.00010446651  -5.6246926e-05  0.00017137160  0.00024659343  -3.7041422e-05  -7.2173498e-06  -0.00019477711  6.0995354e-05  -1.3490704e-05  -2.1369589e-05  -1.9767379e-05  
0.00033376631  0.0000000   -3.7306218e-05  -0.0012117579  0.00076470193  0.00026834329  -5.5375126e-05  -4.0173562e-05  -2.1008207e-05  0.00040789660  3.5457248e-05  -0.00021272903  -4.4497924e-05  -1.7249707e-05  -0.00019795142  -0.00013797355  7.3871500e-05  0.00030864062  0.00015665564  -1.4229504e-06  0.00015766346  0.00030690211  1.1216384e-05  1.1577109e-05  -1.0876763e-06  -3.4778313e-05  -2.1918972e-05  -0.00013403937  7.0054364e-05  -0.00013946238  -3.2462025e-05  0.00033376631  0.0000000   -3.7306218e-05  -0.0012117579  0.00076470193  0.00026834329  -5.5375126e-05  -4.0173562e-05  -2.1008207e-05  0.00040789660  3.5457248e-05  -0.00021272903  -4.4497924e-05  -1.7249707e-05  -0.00019795142  -0.00013797355  7.3871500e-05  0.00030864062  0.00015665564  -1.4229504e-06  0.00015766346  0.00030690211  1.1216384e-05  1.1577109e-05  -1.0876763e-06  -3.4778313e-05  -2.1918972e-05  -0.00013403937  7.0054364e-05  -0.00013946238  -3.2462025e-05  
1.4857319e-05  3.7306218e-05  0.0000000   -0.00014291594  0.00020122873  -0.00015933430  0.00027484526  0.00010856257  0.00031980860  -0.00032391980  -9.5605494e-05  -8.2373966e-05  -0.00035303615  0.00014464738  8.1142716e-06  1.9183173e-05  0.00012886771  -4.5644329e-05  2.8156895e-05  -3.9777942e-05  -6.0435614e-05  -4.0829653e-05  2.2457840e-05  -2.0272682e-05  -1.4481080e-05  -1.7611518e-06  4.0058923e-05  -5.5193030e-06  -1.5268494e-06  2.7152088e-05  1.4116340e-05  1.4857319e-05  3.7306218e-05  0.0000000   -0.00014291594  0.00020122873  -0.00015933430  0.00027484526  0.00010856257  0.00031980860  -0.00032391980  -9.5605494e-05  -8.2373966e-05  -0.00035303615  0.00014464738  8.1142716e-06  1.9183173e-05  0.00012886771  -4.5644329e-05  2.8156895e-05  -3.9777942e-05  -6.0435614e-05  -4.0829653e-05  2.2457840e-05  -2.0272682e-05  -1.4481080e-05  -1.7611518e-06  4.0058923e-05  -5.5193030e-06  -1.5268494e-06  2.7152088e-05  1.4116340e-05  
-0.00014587678  0.0012117579  0.00014291594  0.0000000   0.0023760907  0.00039792871  -0.00016153767  -8.5334136e-06  -9.8748200e-05  0.00018911086  -0.00084785908  -0.00044356507  9.7040873e-05  5.7117549e-05  0.00039707517  -5.6988203e-05  5.9926103e-06  1.6025243e-05  -0.00025827263  9.4326038e-06  0.00040787954  0.00013965534  -1.6975659e-05  1.3484482e-05  7.0062219e-06  2.9522227e-05  6.2014626e-06  9.6212691e-06  -6.9628372e-05  -3.6164976e-05  -2.1130132e-05  -0.00014587678  0.0012117579  0.00014291594  0.0000000   0.0023760907  0.00039792871  -0.00016153767  -8.5334136e-06  -9.8748200e-05  0.00018911086  -0.00084785908  -0.00044356507  9.7040873e-05  5.7117549e-05  0.00039707517  -5.6988203e-05  5.9926103e-06  1.6025243e-05  -0.00025827263  9.4326038e-06  0.00040787954  0.00013965534  -1.6975659e-05  1.3484482e-05  7.0062219e-06  2.9522227e-05  6.2014626e-06  9.6212691e-06  -6.9628372e-05  -3.6164976e-05  -2.1130132e-05  
0.00028070840  -0.00076470193  -0.00020122873  -0.0023760907  0.0000000   -0.00021878879  -0.00076048123  0.00037206182  -9.1918496e-05  0.00023092445  -0.0010180855  -0.00063480538  5.0234689e-05  -4.9612523e-05  5.4362735e-05  -0.00028624889  2.0321617e-06  4.2406419e-05  -0.00025505721  0.00023956510  0.00023235188  0.00024789010  1.5647276e-05  5.3680772e-05  2.6961532e-06  -0.00016672460  6.7087772e-06  5.7019931e-05  0.00021554593  1.2579915e-05  -2.8584785e-05  0.00028070840  -0.00076470193  -0.00020122873  -0.0023760907  0.0000000   -0.00021878879  -0.00076048123  0.00037206182  -9.1918496e-05  0.00023092445  -0.0010180855  -0.00063480538  5.0234689e-05  -4.9612523e-05  5.4362735e-05  -0.00028624889  2.0321617e-06  4.2406419e-05  -0.00025505721  0.00023956510  0.00023235188  0.00024789010  1.5647276e-05  5.3680772e-05  2.6961532e-06  -0.00016672460  6.7087772e-06  5.7019931e-05  0.00021554593  1.2579915e-05  -2.8584785e-05  
-0.0010008831  -0.00026834329  0.00015933430  -0.00039792871  0.00021878879  0.0000000   0.0032387449  -0.0011380420  0.00046994140  0.00027042228  -0.00048234669  -0.00018238022  0.00031477945  0.00031732749  -2.8904961e-06  -5.3586596e-05  -0.00011815693  9.6399165e-05  -4.7502767e-05  9.7998158e-05  0.00015356892  2.3494007e-05  4.1832820e-05  -0.00013699651  -2.6766645e-05  -3.9941194e-05  8.4789630e-05  -2.2457013e-06  7.0855804e-05  -4.5109204e-05  -1.2179133e-05  -0.0010008831  -0.00026834329  0.00015933430  -0.00039792871  0.00021878879  0.0000000   0.0032387449  -0.0011380420  0.00046994140  0.00027042228  -0.00048234669  -0.00018238022  0.00031477945  0.00031732749  -2.8904961e-06  -5.3586596e-05  -0.00011815693  9.6399165e-05  -4.7502767e-05  9.7998158e-05  0.00015356892  2.3494007e-05  4.1832820e-05  -0.00013699651  -2.6766645e-05  -3.9941194e-05  8.4789630e-05  -2.2457013e-06  7.0855804e-05  -4.5109204e-05  -1.2179133e-05  
0.00089419367  5.5375126e-05  -0.00027484526  0.00016153767  0.00076048123  -0.0032387449  0.0000000   0.0013532960  -0.00079558328  0.00032502676  8.6386638e-05  5.1428276e-05  0.00047287060  0.00019371258  -4.4950679e-05  -3.5544383e-05  0.00019360484  -6.7178277e-05  3.9674792e-05  0.00012776825  -4.1308925e-06  -5.6122437e-05  8.5096147e-05  0.00021523584  -5.3971074e-05  3.2056931e-05  0.00011272602  9.2065724e-06  1.6421577e-05  6.4774388e-05  2.6288316e-06  0.00089419367  5.5375126e-05  -0.00027484526  0.00016153767  0.00076048123  -0.0032387449  0.0000000   0.0013532960  -0.00079558328  0.00032502676  8.6386638e-05  5.1428276e-05  0.00047287060  0.00019371258  -4.4950679e-05  -3.5544383e-05  0.00019360484  -6.7178277e-05  3.9674792e-05  0.00012776825  -4.1308925e-06  -5.6122437e-05  8.5096147e-05  0.00021523584  -5.3971074e-05  3.2056931e-05  0.00011272602  9.2065724e-06  1.6421577e-05  6.4774388e-05  2.6288316e-06  
-0.00017207359  4.0173562e-05  -0.00010856257  8.5334136e-06  -0.00037206182  0.0011380420  -0.0013532960  0.0000000   0.00016330697  0.00020793934  -0.00017946211  3.3217196e-05  0.00023986447  -1.0053097e-05  1.6572238e-05  -3.8704603e-05  -0.00028665184  0.00012954946  6.5850298e-05  -6.6771588e-05  1.2750340e-05  -5.8697654e-07  -4.1364086e-08  -0.00010716377  3.7160404e-05  5.3526672e-07  6.4311096e-05  7.1777381e-06  -6.7878044e-06  -3.5094001e-05  -2.9995616e-07  -0.00017207359  4.0173562e-05  -0.00010856257  8.5334136e-06  -0.00037206182  0.0011380420  -0.0013532960  0.0000000   0.00016330697  0.00020793934  -0.00017946211  3.3217196e-05  0.00023986447  -1.0053097e-05  1.6572238e-05  -3.8704603e-05  -0.00028665184  0.00012954946  6.5850298e-05  -6.6771588e-05  1.2750340e-05  -5.8697654e-07  -4.1364086e-08  -0.00010716377  3.7160404e-05  5.3526672e-07  6.4311096e-05  7.1777381e-06  -6.7878044e-06  -3.5094001e-05  -2.9995616e-07  
8.0933914e-05  2.1008207e-05  -0.00031980860  9.8748200e-05  9.1918496e-05  -0.00046994140  0.00079558328  -0.00016330697  0.0000000   0.00091880899  -1.7400832e-05  0.00014424338  0.0011458114  -0.00018142611  -3.5508015e-05  -1.7897253e-05  0.00013986173  9.8366883e-06  6.7048501e-05  0.00011774052  -6.0051556e-05  2.5040851e-05  0.00033809182  0.00014657885  5.2521613e-05  -1.1397287e-05  -5.2120757e-05  -1.0413346e-05  -4.1614633e-05  2.3845828e-05  1.2129662e-05  8.0933914e-05  2.1008207e-05  -0.00031980860  9.8748200e-05  9.1918496e-05  -0.00046994140  0.00079558328  -0.00016330697  0.0000000   0.00091880899  -1.7400832e-05  0.00014424338  0.0011458114  -0.00018142611  -3.5508015e-05  -1.7897253e-05  0.00013986173  9.8366883e-06  6.7048501e-05  0.00011774052  -6.0051556e-05  2.5040851e-05  0.00033809182  0.00014657885  5.2521613e-05  -1.1397287e-05  -5.2120757e-05  -1.0413346e-05  -4.1614633e-05  2.3845828e-05  1.2129662e-05  
-9.1465305e-05  -0.00040789660  0.00032391980  -0.00018911086  -0.00023092445  -0.00027042228  -0.00032502676  -0.00020793934  -0.00091880899  0.0000000   0.017180141  0.00031043686  -0.00044091011  9.5775897e-05  0.00065123081  0.00024353815  2.8890207e-05  -0.00016797772  0.00015544525  -0.00012020924  0.00010519880  0.00017757595  -0.00011768278  7.1757707e-06  3.4648424e-05  6.1143444e-06  -3.9335397e-05  -0.00012623512  0.00018854087  8.3875027e-05  4.0609150e-05  -9.1465305e-05  -0.00040789660  0.00032391980  -0.00018911086  -0.00023092445  -0.00027042228  -0.00032502676  -0.00020793934  -0.00091880899  0.0000000   0.017180141  0.00031043686  -0.00044091011  9.5775897e-05  0.00065123081  0.00024353815  2.8890207e-05  -0.00016797772  0.00015544525  -0.00012020924  0.00010519880  0.00017757595  -0.00011768278  7.1757707e-06  3.4648424e-05  6.1143444e-06  -3.9335397e-05  -0.00012623512  0.00018854087  8.3875027e-05  4.0609150e-05  
5.9087272e-05  -3.5457248e-05  9.5605494e-05  0.00084785908  0.0010180855  0.00048234669  -8.6386638e-05  0.00017946211  1.7400832e-05  -0.017180141  0.0000000   -0.0016622281  0.00060367432  5.3045967e-05  0.00014883035  0.00051971798  -0.00016400628  -0.00045971537  0.00016846930  -0.00010032013  -4.5679332e-05  -7.9094376e-05  2.2532887e-05  -9.9245145e-05  -1.6257117e-05  0.00014959528  5.6491746e-05  -6.5109895e-06  6.1307274e-05  8.6894692e-05  -0.00019079530  5.9087272e-05  -3.5457248e-05  9.5605494e-05  0.00084785908  0.0010180855  0.00048234669  -8.6386638e-05  0.00017946211  1.7400832e-05  -0.017180141  0.0000000   -0.0016622281  0.00060367432  5.3045967e-05  0.00014883035  0.00051971798  -0.00016400628  -0.00045971537  0.00016846930  -0.00010032013  -4.5679332e-05  -7.9094376e-05  2.2532887e-05  -9.9245145e-05  -1.6257117e-05  0.00014959528  5.6491746e-05  -6.5109895e-06  6.1307274e-05  8.6894692e-05  -0.00019079530  
