0.0000000   0.0024087855  0.00060489223  4.1443957e-05  0.00017735326  7.9435361e-05  -0.00018663621  5.8328866e-05  -8.1783291e-05  5.1684218e-05  0.00012460127  -8.2649947e-05  5.5433791e-05  -0.00014477467  0.00011233991  -0.00017119460  0.00026429561  9.5840634e-05  -2.6199972e-05  -2.4379082e-06  -1.5530699e-05  4.9156564e-06  -1.0188842e-06  0.00010787537  -5.5423485e-05  -3.7424747e-06  4.2103682e-06  3.4851341e-06  -6.5800719e-05  9.8022288e-05  -1.5315411e-05  0.0000000   0.0024087855  0.00060489223  4.1443957e-05  0.00017735326  7.9435361e-05  -0.00018663621  5.8328866e-05  -8.1783291e-05  5.1684218e-05  0.00012460127  -8.2649947e-05  5.5433791e-05  -0.00014477467  0.00011233991  -0.00017119460  0.00026429561  9.5840634e-05  -2.6199972e-05  -2.4379082e-06  -1.5530699e-05  4.9156564e-06  -1.0188842e-06  0.00010787537  -5.5423485e-05  -3.7424747e-06  4.2103682e-06  3.4851341e-06  -6.5800719e-05  9.8022288e-05  -1.5315411e-05  
-0.0024087855  0.0000000   -0.0010679485  -0.00025930283  0.00015660429  5.5465225e-05  0.00081281722  -0.00013632859  0.00027575956  0.00046601229  0.00033886482  -0.00029868117  -1.7816675e-07  -5.6280960e-05  0.00013129896  -0.00024401342  0.00022509548  9.8243547e-05  3.3584477e-06  2.7411204e-05  -2.9673887e-05  2.3103836e-05  3.6930667e-06  -2.4306374e-05  0.00024409839  5.0837372e-06  2.4267286e-05  -5.5396770e-06  3.1016766e-05  0.00011450565  -4.7762319e-05  -0.0024087855  0.0000000   -0.0010679485  -0.00025930283  0.00015660429  5.5465225e-05  0.00081281722  -0.00013632859  0.00027575956  0.00046601229  0.00033886482  -0.00029868117  -1.7816675e-07  -5.6280960e-05  0.00013129896  -0.00024401342  0.00022509548  9.8243547e-05  3.3584477e-06  2.7411204e-05  -2.9673887e-05  2.3103836e-05  3.6930667e-06  -2.4306374e-05  0.00024409839  5.0837372e-06  2.4267286e-05  -5.5396770e-06  3.1016766e-05  0.00011450565  -4.7762319e-05  
-0.00060489223  0.0010679485  0.0000000   -5.1196212e-05  -9.8291774e-05  -0.00012990229  0.00026637367  0.00019216771  0.00062524087  0.00025046509  -0.00037232504  3.4258208e-05  0.00013383266  0.00013381189  0.00012393862  -9.8141725e-05  -0.00018988872  3.5469314e-05  6.2997347e-05  -3.2140659e-05  -4.4641604e-05  9.9745311e-06  5.0345799e-06  -6.4870158e-05  4.2235958e-05  -2.1563941e-05  -3.2826061e-05  1.1609460e-06  7.5884230e-06  -1.6225073e-05  -2.5590416e-06  -0.00060489223  0.0010679485  0.0000000   -5.1196212e-05  -9.8291774e-05  -0.00012990229  0.00026637367  0.00019216771  0.00062524087  0.00025046509  -0.00037232504  3.4258208e-05  0.00013383266  0.00013381189  0.00012393862  -9.8141725e-05  -0.00018988872  3.5469314e-05  6.2997347e-05  -3.2140659e-05  -4.4641604e-05  9.9745311e-06  5.0345799e-06  -6.4870158e-05  4.2235958e-05  -2.1563941e-05  -3.2826061e-05  1.1609460e-06  7.5884230e-06  -1.6225073e-05  -2.5590416e-06  
-4.1443957e-05  0.00025930283  5.1196212e-05  0.0000000   0.00052732798  -0.00036171361  -3.8853530e-05  -0.00048163816  0.00012876631  6.7793236e-05  -4.5626302e-05  -2.7661306e-05  6.1299704e-05  3.7451772e-05  1.2686271e-05  -5.2382640e-06  -7.9720855e-05  -1.4689623e-05  -0.00019204616  3.9191588e-05  0.00010223039  -3.3804136e-07  1.4636805e-05  -8.4864212e-06  9.4660991e-06  6.8884876e-05  7.3887377e-05  2.1273671e-05  6.1568909e-06  -9.1087250e-07  3.9061928e-05  -4.1443957e-05  0.00025930283  5.1196212e-05  0.0000000   0.00052732798  -0.00036171361  -3.8853530e-05  -0.00048163816  0.00012876631  6.7793236e-05  -4.5626302e-05  -2.7661306e-05  6.1299704e-05  3.7451772e-05  1.2686271e-05  -5.2382640e-06  -7.9720855e-05  -1.4689623e-05  -0.00019204616  3.9191588e-05  0.00010223039  -3.3804136e-07  1.4636805e-05  -8.4864212e-06  9.4660991e-06  6.8884876e-05  7.3887377e-05  2.1273671e-05  6.1568909e-06  -9.1087250e-07  3.9061928e-05  
-0.00017735326  -0.00015660429  9.8291774e-05  -0.00052732798  0.0000000   -0.0020892928  -0.00055784009  0.0027384395  -0.00012121753  -0.00013056556  -0.00013740029  -0.00035120051  -1.0396183e-05  -1.1658931e-05  4.1028294e-05  -2.4664683e-05  4.7102689e-05  1.9449560e-05  -3.0086266e-05  -1.9492906e-05  -0.00010648660  -0.00012974377  1.6585209e-05  -1.5574830e-05  -3.2503778e-05  -8.8509698e-06  -0.00012677828  3.9647993e-05  -9.8455219e-06  1.9064186e-05  9.7628286e-05  -0.00017735326  -0.00015660429  9.8291774e-05  -0.00052732798  0.0000000   -0.0020892928  -0.00055784009  0.0027384395  -0.00012121753  -0.00013056556  -0.00013740029  -0.00035120051  -1.0396183e-05  -1.1658931e-05  4.1028294e-05  -2.4664683e-05  4.7102689e-05  1.9449560e-05  -3.0086266e-05  -1.9492906e-05  -0.00010648660  -0.00012974377  1.6585209e-05  -1.5574830e-05  -3.2503778e-05  -8.8509698e-06  -0.00012677828  3.9647993e-05  -9.8455219e-06  1.9064186e-05  9.7628286e-05  
-7.9435361e-05  -5.5465225e-05  0.00012990229  0.00036171361  0.0020892928  0.0000000   6.2955707e-05  0.0043436436  -0.00021697367  -0.00014539362  8.9369852e-05  0.00048201427  0.00051354980  -8.8267880e-05  0.00021991365  -3.2164452e-05  0.00010180811  6.4771606e-05  -2.1514317e-05  -0.00023093982  -0.00018654972  -0.00013306880  -0.00018452577  -4.1184461e-06  -9.0741201e-05  1.5452966e-06  9.9671398e-05  -5.9625973e-05  -2.1560135e-05  3.5172073e-06  4.1219032e-05  -7.9435361e-05  -5.5465225e-05  0.00012990229  0.00036171361  0.0020892928  0.0000000   6.2955707e-05  0.0043436436  -0.00021697367  -0.00014539362  8.9369852e-05  0.00048201427  0.00051354980  -8.8267880e-05  0.00021991365  -3.2164452e-05  0.00010180811  6.4771606e-05  -2.1514317e-05  -0.00023093982  -0.00018654972  -0.00013306880  -0.00018452577  -4.1184461e-06  -9.0741201e-05  1.5452966e-06  9.9671398e-05  -5.9625973e-05  -2.1560135e-05  3.5172073e-06  4.1219032e-05  
0.00018663621  -0.00081281722  -0.00026637367  3.8853530e-05  0.00055784009  -6.2955707e-05  0.0000000   0.0013683477  0.00013908405  -0.00051476892  0.00024458876  7.5380288e-05  0.00026501299  1.8178093e-05  -0.00050161544  -6.4350322e-05  -0.00035274960  -0.00016085873  4.7493902e-05  -8.1749491e-05  -7.9260447e-05  -2.9298415e-05  -5.7224158e-05  6.1662051e-05  0.00019390132  4.9364343e-06  1.7173530e-05  -1.8902729e-05  4.4506983e-05  2.6981611e-05  1.6730148e-05  0.00018663621  -0.00081281722  -0.00026637367  3.8853530e-05  0.00055784009  -6.2955707e-05  0.0000000   0.0013683477  0.00013908405  -0.00051476892  0.00024458876  7.5380288e-05  0.00026501299  1.8178093e-05  -0.00050161544  -6.4350322e-05  -0.00035274960  -0.00016085873  4.7493902e-05  -8.1749491e-05  -7.9260447e-05  -2.9298415e-05  -5.7224158e-05  6.1662051e-05  0.00019390132  4.9364343e-06  1.7173530e-05  -1.8902729e-05  4.4506983e-05  2.6981611e-05  1.6730148e-05  
-5.8328866e-05  0.00013632859  -0.00019216771  0.00048163816  -0.0027384395  -0.0043436436  -0.0013683477  0.0000000   -1.7546002e-05  -3.2195371e-05  -0.00022796915  0.00016509234  0.0012395622  1.2233645e-05  3.6695711e-05  1.5538557e-05  8.0528736e-05  -2.8031656e-06  -2.8676691e-06  -0.00032748123  -9.6788789e-05  -0.00025043073  6.4774510e-05  -1.8767255e-05  -1.6920600e-05  -0.00017322639  -0.00023492668  0.00010393046  -8.3349267e-07  7.6362227e-06  -1.9146740e-05  -5.8328866e-05  0.00013632859  -0.00019216771  0.00048163816  -0.0027384395  -0.0043436436  -0.0013683477  0.0000000   -1.7546002e-05  -3.2195371e-05  -0.00022796915  0.00016509234  0.0012395622  1.2233645e-05  3.6695711e-05  1.5538557e-05  8.0528736e-05  -2.8031656e-06  -2.8676691e-06  -0.00032748123  -9.6788789e-05  -0.00025043073  6.4774510e-05  -1.8767255e-05  -1.6920600e-05  -0.00017322639  -0.00023492668  0.00010393046  -8.3349267e-07  7.6362227e-06  -1.9146740e-05  
8.1783291e-05  -0.00027575956  -0.00062524087  -0.00012876631  0.00012121753  0.00021697367  -0.00013908405  1.7546002e-05  0.0000000   -0.00081715667  -0.0012267211  0.00024668818  -0.00032928776  0.00027251553  -0.00035853398  -0.00033984804  -0.00023614126  -0.00012927087  1.3323609e-05  1.6295303e-05  3.6508538e-05  2.9315244e-06  -1.6382795e-05  0.00010138234  -0.00011945495  2.8228290e-05  1.3299561e-05  6.5870944e-06  6.7870405e-05  9.8351443e-05  -1.1607071e-05  8.1783291e-05  -0.00027575956  -0.00062524087  -0.00012876631  0.00012121753  0.00021697367  -0.00013908405  1.7546002e-05  0.0000000   -0.00081715667  -0.0012267211  0.00024668818  -0.00032928776  0.00027251553  -0.00035853398  -0.00033984804  -0.00023614126  -0.00012927087  1.3323609e-05  1.6295303e-05  3.6508538e-05  2.9315244e-06  -1.6382795e-05  0.00010138234  -0.00011945495  2.8228290e-05  1.3299561e-05  6.5870944e-06  6.7870405e-05  9.8351443e-05  -1.1607071e-05  
-5.1684218e-05  -0.00046601229  -0.00025046509  -6.7793236e-05  0.00013056556  0.00014539362  0.00051476892  3.2195371e-05  0.00081715667  0.0000000   -0.0054933859  -0.00012438702  0.00056370820  -0.00011912615  0.00018147531  0.00017272113  -3.7128044e-05  2.7971672e-05  -4.1304312e-05  -4.5567442e-05  -1.6939675e-05  1.6585278e-05  -2.8546835e-05  5.9998023e-05  -0.00031413461  -4.6592828e-06  2.7261711e-05  1.5905811e-05  1.5862906e-06  4.9375045e-06  9.3459492e-06  -5.1684218e-05  -0.00046601229  -0.00025046509  -6.7793236e-05  0.00013056556  0.00014539362  0.00051476892  3.2195371e-05  0.00081715667  0.0000000   -0.0054933859  -0.00012438702  0.00056370820  -0.00011912615  0.00018147531  0.00017272113  -3.7128044e-05  2.7971672e-05  -4.1304312e-05  -4.5567442e-05  -1.6939675e-05  1.6585278e-05  -2.8546835e-05  5.9998023e-05  -0.00031413461  -4.6592828e-06  2.7261711e-05  1.5905811e-05  1.5862906e-06  4.9375045e-06  9.3459492e-06  
-0.00012460127  -0.00033886482  0.00037232504  4.5626302e-05  0.00013740029  -8.9369852e-05  -0.00024458876  0.00022796915  0.0012267211  0.0054933859  0.0000000   0.0011952516  -0.00073326441  -0.00022005711  -1.1940476e-05  0.00020381090  3.5312535e-05  -2.1877085e-05  -8.8760242e-07  3.1761314e-05  9.5363922e-05  -4.7688768e-05  1.5120104e-05  -4.5339529e-05  -3.7410716e-05  -3.2489097e-05  1.4418224e-05  -8.7116192e-06  -0.00015271468  -9.8842098e-05  1.8420037e-05  -0.00012460127  -0.00033886482  0.00037232504  4.5626302e-05  0.00013740029  -8.9369852e-05  -0.00024458876  0.00022796915  0.0012267211  0.0054933859  0.0000000   0.0011952516  -0.00073326441  -0.00022005711  -1.1940476e-05  0.00020381090  3.5312535e-05  -2.1877085e-05  -8.8760242e-07  3.1761314e-05  9.5363922e-05  -4.7688768e-05  1.5120104e-05  -4.5339529e-05  -3.7410716e-05  -3.2489097e-05  1.4418224e-05  -8.7116192e-06  -0.00015271468  -9.8842098e-05  1.8420037e-05  
8.2649947e-05  0.00029868117  -3.4258208e-05  2.7661306e-05  0.00035120051  -0.00048201427  -7.5380288e-05  -0.00016509234  -0.00024668818  0.00012438702  -0.0011952516  0.0000000   -0.021033948  0.00057008560  -0.00035894599  -1.1162396e-05  -2.9492528e-05  6.3759123e-05  0.00011244799  0.00012213847  0.00018747842  -0.00021668939  0.00020324091  -9.6407189e-05  -1.9141244e-05  0.00020276345  -1.2565829e-05  4.0234656e-05  -3.9296597e-05  -8.8571173e-05  0.00016836595  8.2649947e-05  0.00029868117  -3.4258208e-05  2.7661306e-05  0.00035120051  -0.00048201427  -7.5380288e-05  -0.00016509234  -0.00024668818  0.00012438702  -0.0011952516  0.0000000   -0.021033948  0.00057008560  -0.00035894599  -1.1162396e-05  -2.9492528e-05  6.3759123e-05  0.00011244799  0.00012213847  0.00018747842  -0.00021668939  0.00020324091  -9.6407189e-05  -1.9141244e-05  0.00020276345  -1.2565829e-05  4.0234656e-05  -3.9296597e-05  -8.8571173e-05  0.00016836595  
-5.5433791e-05  1.7816675e-07  -0.00013383266  -6.1299704e-05  1.0396183e-05  -0.00051354980  -0.00026501299  -0.0012395622  0.00032928776  -0.00056370820  0.00073326441  0.021033948  0.0000000   -0.00028024200  0.00036666873  -0.00013149835  -2.5799745e-05  7.1720809e-05  0.00042604040  0.00062619374  0.00028167380  -9.2184519e-05  0.00021759782  -1.3204291e-05  3.6078319e-05  0.00034269752  -5.0677036e-05  3.9954691e-05  -2.5674228e-05  4.6372723e-05  -0.00011959486  -5.5433791e-05  1.7816675e-07  -0.00013383266  -6.1299704e-05  1.0396183e-05  -0.00051354980  -0.00026501299  -0.0012395622  0.00032928776  -0.00056370820  0.00073326441  0.021033948  0.0000000   -0.00028024200  0.00036666873  -0.00013149835  -2.5799745e-05  7.1720809e-05  0.00042604040  0.00062619374  0.00028167380  -9.2184519e-05  0.00021759782  -1.3204291e-05  3.6078319e-05  0.00034269752  -5.0677036e-05  3.9954691e-05  -2.5674228e-05  4.6372723e-05  -0.00011959486  
0.00014477467  5.6280960e-05  -0.00013381189  -3.7451772e-05  1.1658931e-05  8.8267880e-05  -1.8178093e-05  -1.2233645e-05  -0.00027251553  0.00011912615  0.00022005711  -0.00057008560  0.00028024200  0.0000000   -0.00026510468  -0.00050933497  -0.00048901843  -0.00020720176  -1.8833273e-05  -3.2659552e-05  5.9687500e-05  1.1534390e-05  -7.1651571e-06  -9.4769282e-05  -8.9439056e-05  5.0555322e-06  -2.8055631e-06  1.1317690e-06  6.1666928e-06  6.5078978e-05  -6.3973274e-06  0.00014477467  5.6280960e-05  -0.00013381189  -3.7451772e-05  1.1658931e-05  8.8267880e-05  -1.8178093e-05  -1.2233645e-05  -0.00027251553  0.00011912615  0.00022005711  -0.00057008560  0.00028024200  0.0000000   -0.00026510468  -0.00050933497  -0.00048901843  -0.00020720176  -1.8833273e-05  -3.2659552e-05  5.9687500e-05  1.1534390e-05  -7.1651571e-06  -9.4769282e-05  -8.9439056e-05  5.0555322e-06  -2.8055631e-06  1.1317690e-06  6.1666928e-06  6.5078978e-05  -6.3973274e-06  
-0.00011233991  -0.00013129896  -0.00012393862  -1.2686271e-05  -4.1028294e-05  -0.00021991365  0.00050161544  -3.6695711e-05  0.00035853398  -0.00018147531  1.1940476e-05  0.00035894599  -0.00036666873  0.00026510468  0.0000000   -0.00078779093  -0.00078045478  0.00064768764  2.7789075e-05  -9.9967465e-06  -5.0983071e-06  1.9685679e-05  1.7335222e-05  -0.00010743210  -0.00017965705  1.3731036e-05  -6.6861804e-06  4.3194179e-06  -2.8247782e-05  -3.5664992e-05  1.1514103e-05  -0.00011233991  -0.00013129896  -0.00012393862  -1.2686271e-05  -4.1028294e-05  -0.00021991365  0.00050161544  -3.6695711e-05  0.00035853398  -0.00018147531  1.1940476e-05  0.00035894599  -0.00036666873  0.00026510468  0.0000000   -0.00078779093  -0.00078045478  0.00064768764  2.7789075e-05  -9.9967465e-06  -5.0983071e-06  1.9685679e-05  1.7335222e-05  -0.00010743210  -0.00017965705  1.3731036e-05  -6.6861804e-06  4.3194179e-06  -2.8247782e-05  -3.5664992e-05  1.1514103e-05  
0.00017119460  0.00024401342  9.8141725e-05  5.2382640e-06  2.4664683e-05  3.2164452e-05  6.4350322e-05  -1.5538557e-05  0.00033984804  -0.00017272113  -0.00020381090  1.1162396e-05  0.00013149835  0.00050933497  0.00078779093  0.0000000   0.00072177284  -0.0013928175  -3.7285366e-05  4.6698672e-05  3.7583930e-05  -4.0543611e-05  -3.8216865e-06  6.1618449e-05  -0.00020101078  -1.2048556e-05  1.5010070e-06  1.7436703e-05  -0.00012967682  -1.6231811e-05  8.1454790e-06  0.00017119460  0.00024401342  9.8141725e-05  5.2382640e-06  2.4664683e-05  3.2164452e-05  6.4350322e-05  -1.5538557e-05  0.00033984804  -0.00017272113  -0.00020381090  1.1162396e-05  0.00013149835  0.00050933497  0.00078779093  0.0000000   0.00072177284  -0.0013928175  -3.7285366e-05  4.6698672e-05  3.7583930e-05  -4.0543611e-05  -3.8216865e-06  6.1618449e-05  -0.00020101078  -1.2048556e-05  1.5010070e-06  1.7436703e-05  -0.00012967682  -1.6231811e-05  8.1454790e-06  
-0.00026429561  -0.00022509548  0.00018988872  7.9720855e-05  -4.7102689e-05  -0.00010180811  0.00035274960  -8.0528736e-05  0.00023614126  3.7128044e-05  -3.5312535e-05  2.9492528e-05  2.5799745e-05  0.00048901843  0.00078045478  -0.00072177284  0.0000000   7.2733910e-05  -8.4569276e-05  -0.00026114014  -5.1102265e-05  0.00018251899  -3.4688633e-06  0.00014811032  -0.00036522229  -5.1496892e-06  -2.9555087e-05  9.6687990e-06  7.2103031e-06  0.00019580309  -4.3168522e-05  -0.00026429561  -0.00022509548  0.00018988872  7.9720855e-05  -4.7102689e-05  -0.00010180811  0.00035274960  -8.0528736e-05  0.00023614126  3.7128044e-05  -3.5312535e-05  2.9492528e-05  2.5799745e-05  0.00048901843  0.00078045478  -0.00072177284  0.0000000   7.2733910e-05  -8.4569276e-05  -0.00026114014  -5.1102265e-05  0.00018251899  -3.4688633e-06  0.00014811032  -0.00036522229  -5.1496892e-06  -2.9555087e-05  9.6687990e-06  7.2103031e-06  0.00019580309  -4.3168522e-05  
-9.5840634e-05  -9.8243547e-05  -3.5469314e-05  1.4689623e-05  -1.9449560e-05  -6.4771606e-05  0.00016085873  2.8031656e-06  0.00012927087  -2.7971672e-05  2.1877085e-05  -6.3759123e-05  -7.1720809e-05  0.00020720176  -0.00064768764  0.0013928175  -7.2733910e-05  0.0000000   3.7457231e-05  -9.4213661e-05  -2.5586471e-05  6.8824777e-05  7.5734920e-06  -0.00044840014  -3.9904518e-05  -2.4575232e-05  -2.6018495e-05  1.7761408e-06  -0.00025907183  -0.00012087827  2.5070937e-05  -9.5840634e-05  -9.8243547e-05  -3.5469314e-05  1.4689623e-05  -1.9449560e-05  -6.4771606e-05  0.00016085873  2.8031656e-06  0.00012927087  -2.7971672e-05  2.1877085e-05  -6.3759123e-05  -7.1720809e-05  0.00020720176  -0.00064768764  0.0013928175  -7.2733910e-05  0.0000000   3.7457231e-05  -9.4213661e-05  -2.5586471e-05  6.8824777e-05  7.5734920e-06  -0.00044840014  -3.9904518e-05  -2.4575232e-05  -2.6018495e-05  1.7761408e-06  -0.00025907183  -0.00012087827  2.5070937e-05  
2.6199972e-05  -3.3584477e-06  -6.2997347e-05  0.00019204616  3.0086266e-05  2.1514317e-05  -4.7493902e-05  2.8676691e-06  -1.3323609e-05  4.1304312e-05  8.8760242e-07  -0.00011244799  -0.00042604040  1.8833273e-05  -2.7789075e-05  3.7285366e-05  8.4569276e-05  -3.7457231e-05  0.0000000   -0.0033597106  -0.0019024263  0.0018268832  0.00010399282  7.7544527e-05  2.1814971e-05  -9.5596291e-05  -0.00034013913  -0.00017548452  1.1537740e-06  9.4607079e-06  1.7330140e-05  2.6199972e-05  -3.3584477e-06  -6.2997347e-05  0.00019204616  3.0086266e-05  2.1514317e-05  -4.7493902e-05  2.8676691e-06  -1.3323609e-05  4.1304312e-05  8.8760242e-07  -0.00011244799  -0.00042604040  1.8833273e-05  -2.7789075e-05  3.7285366e-05  8.4569276e-05  -3.7457231e-05  0.0000000   -0.0033597106  -0.0019024263  0.0018268832  0.00010399282  7.7544527e-05  2.1814971e-05  -9.5596291e-05  -0.00034013913  -0.00017548452  1.1537740e-06  9.4607079e-06  1.7330140e-05  
2.4379082e-06  -2.7411204e-05  3.2140659e-05  -3.9191588e-05  1.9492906e-05  0.00023093982  8.1749491e-05  0.00032748123  -1.6295303e-05  4.5567442e-05  -3.1761314e-05  -0.00012213847  -0.00062619374  3.2659552e-05  9.9967465e-06  -4.6698672e-05  0.00026114014  9.4213661e-05  0.0033597106  0.0000000   -0.0049791031  0.00039830134  0.00017633681  4.3601017e-06  -6.8132465e-05  -0.00020949805  0.00016075839  -0.00012723130  -6.9377279e-05  -6.1278288e-07  -6.8597524e-05  2.4379082e-06  -2.7411204e-05  3.2140659e-05  -3.9191588e-05  1.9492906e-05  0.00023093982  8.1749491e-05  0.00032748123  -1.6295303e-05  4.5567442e-05  -3.1761314e-05  -0.00012213847  -0.00062619374  3.2659552e-05  9.9967465e-06  -4.6698672e-05  0.00026114014  9.4213661e-05  0.0033597106  0.0000000   -0.0049791031  0.00039830134  0.00017633681  4.3601017e-06  -6.8132465e-05  -0.00020949805  0.00016075839  -0.00012723130  -6.9377279e-05  -6.1278288e-07  -6.8597524e-05  
1.5530699e-05  2.9673887e-05  4.4641604e-05  -0.00010223039  0.00010648660  0.00018654972  7.9260447e-05  9.6788789e-05  -3.6508538e-05  1.6939675e-05  -9.5363922e-05  -0.00018747842  -0.00028167380  -5.9687500e-05  5.0983071e-06  -3.7583930e-05  5.1102265e-05  2.5586471e-05  0.0019024263  0.0049791031  0.0000000   0.00055746066  -0.00040971702  -6.4785989e-05  3.8993719e-05  -0.00058484910  0.00016360582  -0.00012965043  -2.7389539e-05  -4.8656753e-05  -0.00012333022  1.5530699e-05  2.9673887e-05  4.4641604e-05  -0.00010223039  0.00010648660  0.00018654972  7.9260447e-05  9.6788789e-05  -3.6508538e-05  1.6939675e-05  -9.5363922e-05  -0.00018747842  -0.00028167380  -5.9687500e-05  5.0983071e-06  -3.7583930e-05  5.1102265e-05  2.5586471e-05  0.0019024263  0.0049791031  0.0000000   0.00055746066  -0.00040971702  -6.4785989e-05  3.8993719e-05  -0.00058484910  0.00016360582  -0.00012965043  -2.7389539e-05  -4.8656753e-05  -0.00012333022  
-4.9156564e-06  -2.3103836e-05  -9.9745311e-06  3.3804136e-07  0.00012974377  0.00013306880  2.9298415e-05  0.00025043073  -2.9315244e-06  -1.6585278e-05  4.7688768e-05  0.00021668939  9.2184519e-05  -1.1534390e-05  -1.9685679e-05  4.0543611e-05  -0.00018251899  -6.8824777e-05  -0.0018268832  -0.00039830134  -0.00055746066  0.0000000   0.00055729682  9.7375334e-05  -5.3295286e-05  -0.00097902475  0.00033770746  0.00034273301  3.3492149e-05  -4.5096060e-05  -0.00027811494  -4.9156564e-06  -2.3103836e-05  -9.9745311e-06  3.3804136e-07  0.00012974377  0.00013306880  2.9298415e-05  0.00025043073  -2.9315244e-06  -1.6585278e-05  4.7688768e-05  0.00021668939  9.2184519e-05  -1.1534390e-05  -1.9685679e-05  4.0543611e-05  -0.00018251899  -6.8824777e-05  -0.0018268832  -0.00039830134  -0.00055746066  0.0000000   0.00055729682  9.7375334e-05  -5.3295286e-05  -0.00097902475  0.00033770746  0.00034273301  3.3492149e-05  -4.5096060e-05  -0.00027811494  
1.0188842e-06  -3.6930667e-06  -5.0345799e-06  -1.4636805e-05  -1.6585209e-05  0.00018452577  5.7224158e-05  -6.4774510e-05  1.6382795e-05  2.8546835e-05  -1.5120104e-05  -0.00020324091  -0.00021759782  7.1651571e-06  -1.7335222e-05  3.8216865e-06  3.4688633e-06  -7.5734920e-06  -0.00010399282  -0.00017633681  0.00040971702  -0.00055729682  0.0000000   -6.5805547e-05  -0.00011613451  0.00023561929  8.4085229e-05  -0.00010263756  -1.9919146e-06  -2.1006151e-05  -2.0145347e-06  1.0188842e-06  -3.6930667e-06  -5.0345799e-06  -1.4636805e-05  -1.6585209e-05  0.00018452577  5.7224158e-05  -6.4774510e-05  1.6382795e-05  2.8546835e-05  -1.5120104e-05  -0.00020324091  -0.00021759782  7.1651571e-06  -1.7335222e-05  3.8216865e-06  3.4688633e-06  -7.5734920e-06  -0.00010399282  -0.00017633681  0.00040971702  -0.00055729682  0.0000000   -6.5805547e-05  -0.00011613451  0.00023561929  8.4085229e-05  -0.00010263756  -1.9919146e-06  -2.1006151e-05  -2.0145347e-06  
-0.00010787537  2.4306374e-05  6.4870158e-05  8.4864212e-06  1.5574830e-05  4.1184461e-06  -6.1662051e-05  1.8767255e-05  -0.00010138234  -5.9998023e-05  4.5339529e-05  9.6407189e-05  1.3204291e-05  9.4769282e-05  0.00010743210  -6.1618449e-05  -0.00014811032  0.00044840014  -7.7544527e-05  -4.3601017e-06  6.4785989e-05  -9.7375334e-05  6.5805547e-05  0.0000000   0.0026390632  -2.0650647e-05  6.3983072e-06  -4.1246934e-05  0.00015267843  0.00011650830  -3.1002159e-05  -0.00010787537  2.4306374e-05  6.4870158e-05  8.4864212e-06  1.5574830e-05  4.1184461e-06  -6.1662051e-05  1.8767255e-05  -0.00010138234  -5.9998023e-05  4.5339529e-05  9.6407189e-05  1.3204291e-05  9.4769282e-05  0.00010743210  -6.1618449e-05  -0.00014811032  0.00044840014  -7.7544527e-05  -4.3601017e-06  6.4785989e-05  -9.7375334e-05  6.5805547e-05  0.0000000   0.0026390632  -2.0650647e-05  6.3983072e-06  -4.1246934e-05  0.00015267843  0.00011650830  -3.1002159e-05  
5.5423485e-05  -0.00024409839  -4.2235958e-05  -9.4660991e-06  3.2503778e-05  9.0741201e-05  -0.00019390132  1.6920600e-05  0.00011945495  0.00031413461  3.7410716e-05  1.9141244e-05  -3.6078319e-05  8.9439056e-05  0.00017965705  0.00020101078  0.00036522229  3.9904518e-05  -2.1814971e-05  6.8132465e-05  -3.8993719e-05  5.3295286e-05  0.00011613451  -0.0026390632  0.0000000   -7.7507790e-05  3.3786636e-05  -1.8519147e-05  0.00024444840  -6.8269265e-05  -6.0047688e-06  5.5423485e-05  -0.00024409839  -4.2235958e-05  -9.4660991e-06  3.2503778e-05  9.0741201e-05  -0.00019390132  1.6920600e-05  0.00011945495  0.00031413461  3.7410716e-05  1.9141244e-05  -3.6078319e-05  8.9439056e-05  0.00017965705  0.00020101078  0.00036522229  3.9904518e-05  -2.1814971e-05  6.8132465e-05  -3.8993719e-05  5.3295286e-05  0.00011613451  -0.0026390632  0.0000000   -7.7507790e-05  3.3786636e-05  -1.8519147e-05  0.00024444840  -6.8269265e-05  -6.0047688e-06  
3.7424747e-06  -5.0837372e-06  2.1563941e-05  -6.8884876e-05  8.8509698e-06  -1.5452966e-06  -4.9364343e-06  0.00017322639  -2.8228290e-05  4.6592828e-06  3.2489097e-05  -0.00020276345  -0.00034269752  -5.0555322e-06  -1.3731036e-05  1.2048556e-05  5.1496892e-06  2.4575232e-05  9.5596291e-05  0.00020949805  0.00058484910  0.00097902475  -0.00023561929  2.0650647e-05  7.7507790e-05  0.0000000   -0.00073749341  0.0010004702  1.8236595e-05  3.9519348e-05  0.00027013527  3.7424747e-06  -5.0837372e-06  2.1563941e-05  -6.8884876e-05  8.8509698e-06  -1.5452966e-06  -4.9364343e-06  0.00017322639  -2.8228290e-05  4.6592828e-06  3.2489097e-05  -0.00020276345  -0.00034269752  -5.0555322e-06  -1.3731036e-05  1.2048556e-05  5.1496892e-06  2.4575232e-05  9.5596291e-05  0.00020949805  0.00058484910  0.00097902475  -0.00023561929  2.0650647e-05  7.7507790e-05  0.0000000   -0.00073749341  0.0010004702  1.8236595e-05  3.9519348e-05  0.00027013527  
-4.2103682e-06  -2.4267286e-05  3.2826061e-05  -7.3887377e-05  0.00012677828  -9.9671398e-05  -1.7173530e-05  0.00023492668  -1.3299561e-05  -2.7261711e-05  -1.4418224e-05  1.2565829e-05  5.0677036e-05  2.8055631e-06  6.6861804e-06  -1.5010070e-06  2.9555087e-05  2.6018495e-05  0.00034013913  -0.00016075839  -0.00016360582  -0.00033770746  -8.4085229e-05  -6.3983072e-06  -3.3786636e-05  0.00073749341  0.0000000   -0.0015688827  -9.2914094e-05  9.0624333e-05  0.00023364950  -4.2103682e-06  -2.4267286e-05  3.2826061e-05  -7.3887377e-05  0.00012677828  -9.9671398e-05  -1.7173530e-05  0.00023492668  -1.3299561e-05  -2.7261711e-05  -1.4418224e-05  1.2565829e-05  5.0677036e-05  2.8055631e-06  6.6861804e-06  -1.5010070e-06  2.9555087e-05  2.6018495e-05  0.00034013913  -0.00016075839  -0.00016360582  -0.00033770746  -8.4085229e-05  -6.3983072e-06  -3.3786636e-05  0.00073749341  0.0000000   -0.0015688827  -9.2914094e-05  9.0624333e-05  0.00023364950  
-3.4851341e-06  5.5396770e-06  -1.1609460e-06  -2.1273671e-05  -3.9647993e-05  5.9625973e-05  1.8902729e-05  -0.00010393046  -6.5870944e-06  -1.5905811e-05  8.7116192e-06  -4.0234656e-05  -3.9954691e-05  -1.1317690e-06  -4.3194179e-06  -1.7436703e-05  -9.6687990e-06  -1.7761408e-06  0.00017548452  0.00012723130  0.00012965043  -0.00034273301  0.00010263756  4.1246934e-05  1.8519147e-05  -0.0010004702  0.0015688827  0.0000000   -4.7758132e-05  -8.5266836e-05  -1.9562454e-05  -3.4851341e-06  5.5396770e-06  -1.1609460e-06  -2.1273671e-05  -3.9647993e-05  5.9625973e-05  1.8902729e-05  -0.00010393046  -6.5870944e-06  -1.5905811e-05  8.7116192e-06  -4.0234656e-05  -3.9954691e-05  -1.1317690e-06  -4.3194179e-06  -1.7436703e-05  -9.6687990e-06  -1.7761408e-06  0.00017548452  0.00012723130  0.00012965043  -0.00034273301  0.00010263756  4.1246934e-05  1.8519147e-05  -0.0010004702  0.0015688827  0.0000000   -4.7758132e-05  -8.5266836e-05  -1.9562454e-05  
6.5800719e-05  -3.1016766e-05  -7.5884230e-06  -6.1568909e-06  9.8455219e-06  2.1560135e-05  -4.4506983e-05  8.3349267e-07  -6.7870405e-05  -1.5862906e-06  0.00015271468  3.9296597e-05  2.5674228e-05  -6.1666928e-06  2.8247782e-05  0.00012967682  -7.2103031e-06  0.00025907183  -1.1537740e-06  6.9377279e-05  2.7389539e-05  -3.3492149e-05  1.9919146e-06  -0.00015267843  -0.00024444840  -1.8236595e-05  9.2914094e-05  4.7758132e-05  0.0000000   0.0011054351  -0.00027329752  6.5800719e-05  -3.1016766e-05  -7.5884230e-06  -6.1568909e-06  9.8455219e-06  2.1560135e-05  -4.4506983e-05  8.3349267e-07  -6.7870405e-05  -1.5862906e-06  0.00015271468  3.9296597e-05  2.5674228e-05  -6.1666928e-06  2.8247782e-05  0.00012967682  -7.2103031e-06  0.00025907183  -1.1537740e-06  6.9377279e-05  2.7389539e-05  -3.3492149e-05  1.9919146e-06  -0.00015267843  -0.00024444840  -1.8236595e-05  9.2914094e-05  4.7758132e-05  0.0000000   0.0011054351  -0.00027329752  
-9.8022288e-05  -0.00011450565  1.6225073e-05  9.1087250e-07  -1.9064186e-05  -3.5172073e-06  -2.6981611e-05  -7.6362227e-06  -9.8351443e-05  -4.9375045e-06  9.8842098e-05  8.8571173e-05  -4.6372723e-05  -6.5078978e-05  3.5664992e-05  1.6231811e-05  -0.00019580309  0.00012087827  -9.4607079e-06  6.1278288e-07  4.8656753e-05  4.5096060e-05  2.1006151e-05  -0.00011650830  6.8269265e-05  -3.9519348e-05  -9.0624333e-05  8.5266836e-05  -0.0011054351  0.0000000   -0.00011275582  -9.8022288e-05  -0.00011450565  1.6225073e-05  9.1087250e-07  -1.9064186e-05  -3.5172073e-06  -2.6981611e-05  -7.6362227e-06  -9.8351443e-05  -4.9375045e-06  9.8842098e-05  8.8571173e-05  -4.6372723e-05  -6.5078978e-05  3.5664992e-05  1.6231811e-05  -0.00019580309  0.00012087827  -9.4607079e-06  6.1278288e-07  4.8656753e-05  4.5096060e-05  2.1006151e-05  -0.00011650830  6.8269265e-05  -3.9519348e-05  -9.0624333e-05  8.5266836e-05  -0.0011054351  0.0000000   -0.00011275582  
1.5315411e-05  4.7762319e-05  2.5590416e-06  -3.9061928e-05  -9.7628286e-05  -4.1219032e-05  -1.6730148e-05  1.9146740e-05  1.1607071e-05  -9.3459492e-06  -1.8420037e-05  -0.00016836595  0.00011959486  6.3973274e-06  -1.1514103e-05  -8.1454790e-06  4.3168522e-05  -2.5070937e-05  -1.7330140e-05  6.8597524e-05  0.00012333022  0.00027811494  2.0145347e-06  3.1002159e-05  6.0047688e-06  -0.00027013527  -0.00023364950  1.9562454e-05  0.00027329752  0.00011275582  0.0000000   1.5315411e-05  4.7762319e-05  2.5590416e-06  -3.9061928e-05  -9.7628286e-05  -4.1219032e-05  -1.6730148e-05  1.9146740e-05  1.1607071e-05  -9.3459492e-06  -1.8420037e-05  -0.00016836595  0.00011959486  6.3973274e-06  -1.1514103e-05  -8.1454790e-06  4.3168522e-05  -2.5070937e-05  -1.7330140e-05  6.8597524e-05  0.00012333022  0.00027811494  2.0145347e-06  3.1002159e-05  6.0047688e-06  -0.00027013527  -0.00023364950  1.9562454e-05  0.00027329752  0.00011275582  0.0000000   
0.0000000   0.0024087855  0.00060489223  4.1443957e-05  0.00017735326  7.9435361e-05  -0.00018663621  5.8328866e-05  -8.1783291e-05  5.1684218e-05  0.00012460127  -8.2649947e-05  5.5433791e-05  -0.00014477467  0.00011233991  -0.00017119460  0.00026429561  9.5840634e-05  -2.6199972e-05  -2.4379082e-06  -1.5530699e-05  4.9156564e-06  -1.0188842e-06  0.00010787537  -5.5423485e-05  -3.7424747e-06  4.2103682e-06  3.4851341e-06  -6.5800719e-05  9.8022288e-05  -1.5315411e-05  0.0000000   0.0024087855  0.00060489223  4.1443957e-05  0.00017735326  7.9435361e-05  -0.00018663621  5.8328866e-05  -8.1783291e-05  5.1684218e-05  0.00012460127  -8.2649947e-05  5.5433791e-05  -0.00014477467  0.00011233991  -0.00017119460  0.00026429561  9.5840634e-05  -2.6199972e-05  -2.4379082e-06  -1.5530699e-05  4.9156564e-06  -1.0188842e-06  0.00010787537  -5.5423485e-05  -3.7424747e-06  4.2103682e-06  3.4851341e-06  -6.5800719e-05  9.8022288e-05  -1.5315411e-05  
-0.0024087855  0.0000000   -0.0010679485  -0.00025930283  0.00015660429  5.5465225e-05  0.00081281722  -0.00013632859  0.00027575956  0.00046601229  0.00033886482  -0.00029868117  -1.7816675e-07  -5.6280960e-05  0.00013129896  -0.00024401342  0.00022509548  9.8243547e-05  3.3584477e-06  2.7411204e-05  -2.9673887e-05  2.3103836e-05  3.6930667e-06  -2.4306374e-05  0.00024409839  5.0837372e-06  2.4267286e-05  -5.5396770e-06  3.1016766e-05  0.00011450565  -4.7762319e-05  -0.0024087855  0.0000000   -0.0010679485  -0.00025930283  0.00015660429  5.5465225e-05  0.00081281722  -0.00013632859  0.00027575956  0.00046601229  0.00033886482  -0.00029868117  -1.7816675e-07  -5.6280960e-05  0.00013129896  -0.00024401342  0.00022509548  9.8243547e-05  3.3584477e-06  2.7411204e-05  -2.9673887e-05  2.3103836e-05  3.6930667e-06  -2.4306374e-05  0.00024409839  5.0837372e-06  2.4267286e-05  -5.5396770e-06  3.1016766e-05  0.00011450565  -4.7762319e-05  
-0.00060489223  0.0010679485  0.0000000   -5.1196212e-05  -9.8291774e-05  -0.00012990229  0.00026637367  0.00019216771  0.00062524087  0.00025046509  -0.00037232504  3.4258208e-05  0.00013383266  0.00013381189  0.00012393862  -9.8141725e-05  -0.00018988872  3.5469314e-05  6.2997347e-05  -3.2140659e-05  -4.4641604e-05  9.9745311e-06  5.0345799e-06  -6.4870158e-05  4.2235958e-05  -2.1563941e-05  -3.2826061e-05  1.1609460e-06  7.5884230e-06  -1.6225073e-05  -2.5590416e-06  -0.00060489223  0.0010679485  0.0000000   -5.1196212e-05  -9.8291774e-05  -0.00012990229  0.00026637367  0.00019216771  0.00062524087  0.00025046509  -0.00037232504  3.4258208e-05  0.00013383266  0.00013381189  0.00012393862  -9.8141725e-05  -0.00018988872  3.5469314e-05  6.2997347e-05  -3.2140659e-05  -4.4641604e-05  9.9745311e-06  5.0345799e-06  -6.4870158e-05  4.2235958e-05  -2.1563941e-05  -3.2826061e-05  1.1609460e-06  7.5884230e-06  -1.6225073e-05  -2.5590416e-06  
-4.1443957e-05  0.00025930283  5.1196212e-05  0.0000000   0.00052732798  -0.00036171361  -3.8853530e-05  -0.00048163816  0.00012876631  6.7793236e-05  -4.5626302e-05  -2.7661306e-05  6.1299704e-05  3.7451772e-05  1.2686271e-05  -5.2382640e-06  -7.9720855e-05  -1.4689623e-05  -0.00019204616  3.9191588e-05  0.00010223039  -3.3804136e-07  1.4636805e-05  -8.4864212e-06  9.4660991e-06  6.8884876e-05  7.3887377e-05  2.1273671e-05  6.1568909e-06  -9.1087250e-07  3.9061928e-05  -4.1443957e-05  0.00025930283  5.1196212e-05  0.0000000   0.00052732798  -0.00036171361  -3.8853530e-05  -0.00048163816  0.00012876631  6.7793236e-05  -4.5626302e-05  -2.7661306e-05  6.1299704e-05  3.7451772e-05  1.2686271e-05  -5.2382640e-06  -7.9720855e-05  -1.4689623e-05  -0.00019204616  3.9191588e-05  0.00010223039  -3.3804136e-07  1.4636805e-05  -8.4864212e-06  9.4660991e-06  6.8884876e-05  7.3887377e-05  2.1273671e-05  6.1568909e-06  -9.1087250e-07  3.9061928e-05  
-0.00017735326  -0.00015660429  9.8291774e-05  -0.00052732798  0.0000000   -0.0020892928  -0.00055784009  0.0027384395  -0.00012121753  -0.00013056556  -0.00013740029  -0.00035120051  -1.0396183e-05  -1.1658931e-05  4.1028294e-05  -2.4664683e-05  4.7102689e-05  1.9449560e-05  -3.0086266e-05  -1.9492906e-05  -0.00010648660  -0.00012974377  1.6585209e-05  -1.5574830e-05  -3.2503778e-05  -8.8509698e-06  -0.00012677828  3.9647993e-05  -9.8455219e-06  1.9064186e-05  9.7628286e-05  -0.00017735326  -0.00015660429  9.8291774e-05  -0.00052732798  0.0000000   -0.0020892928  -0.00055784009  0.0027384395  -0.00012121753  -0.00013056556  -0.00013740029  -0.00035120051  -1.0396183e-05  -1.1658931e-05  4.1028294e-05  -2.4664683e-05  4.7102689e-05  1.9449560e-05  -3.0086266e-05  -1.9492906e-05  -0.00010648660  -0.00012974377  1.6585209e-05  -1.5574830e-05  -3.2503778e-05  -8.8509698e-06  -0.00012677828  3.9647993e-05  -9.8455219e-06  1.9064186e-05  9.7628286e-05  
-7.9435361e-05  -5.5465225e-05  0.00012990229  0.00036171361  0.0020892928  0.0000000   6.2955707e-05  0.0043436436  -0.00021697367  -0.00014539362  8.9369852e-05  0.00048201427  0.00051354980  -8.8267880e-05  0.00021991365  -3.2164452e-05  0.00010180811  6.4771606e-05  -2.1514317e-05  -0.00023093982  -0.00018654972  -0.00013306880  -0.00018452577  -4.1184461e-06  -9.0741201e-05  1.5452966e-06  9.9671398e-05  -5.9625973e-05  -2.1560135e-05  3.5172073e-06  4.1219032e-05  -7.9435361e-05  -5.5465225e-05  0.00012990229  0.00036171361  0.0020892928  0.0000000   6.2955707e-05  0.0043436436  -0.00021697367  -0.00014539362  8.9369852e-05  0.00048201427  0.00051354980  -8.8267880e-05  0.00021991365  -3.2164452e-05  0.00010180811  6.4771606e-05  -2.1514317e-05  -0.00023093982  -0.00018654972  -0.00013306880  -0.00018452577  -4.1184461e-06  -9.0741201e-05  1.5452966e-06  9.9671398e-05  -5.9625973e-05  -2.1560135e-05  3.5172073e-06  4.1219032e-05  
0.00018663621  -0.00081281722  -0.00026637367  3.8853530e-05  0.00055784009  -6.2955707e-05  0.0000000   0.0013683477  0.00013908405  -0.00051476892  0.00024458876  7.5380288e-05  0.00026501299  1.8178093e-05  -0.00050161544  -6.4350322e-05  -0.00035274960  -0.00016085873  4.7493902e-05  -8.1749491e-05  -7.9260447e-05  -2.9298415e-05  -5.7224158e-05  6.1662051e-05  0.00019390132  4.9364343e-06  1.7173530e-05  -1.8902729e-05  4.4506983e-05  2.6981611e-05  1.6730148e-05  0.00018663621  -0.00081281722  -0.00026637367  3.8853530e-05  0.00055784009  -6.2955707e-05  0.0000000   0.0013683477  0.00013908405  -0.00051476892  0.00024458876  7.5380288e-05  0.00026501299  1.8178093e-05  -0.00050161544  -6.4350322e-05  -0.00035274960  -0.00016085873  4.7493902e-05  -8.1749491e-05  -7.9260447e-05  -2.9298415e-05  -5.7224158e-05  6.1662051e-05  0.00019390132  4.9364343e-06  1.7173530e-05  -1.8902729e-05  4.4506983e-05  2.6981611e-05  1.6730148e-05  
-5.8328866e-05  0.00013632859  -0.00019216771  0.00048163816  -0.0027384395  -0.0043436436  -0.0013683477  0.0000000   -1.7546002e-05  -3.2195371e-05  -0.00022796915  0.00016509234  0.0012395622  1.2233645e-05  3.6695711e-05  1.5538557e-05  8.0528736e-05  -2.8031656e-06  -2.8676691e-06  -0.00032748123  -9.6788789e-05  -0.00025043073  6.4774510e-05  -1.8767255e-05  -1.6920600e-05  -0.00017322639  -0.00023492668  0.00010393046  -8.3349267e-07  7.6362227e-06  -1.9146740e-05  -5.8328866e-05  0.00013632859  -0.00019216771  0.00048163816  -0.0027384395  -0.0043436436  -0.0013683477  0.0000000   -1.7546002e-05  -3.2195371e-05  -0.00022796915  0.00016509234  0.0012395622  1.2233645e-05  3.6695711e-05  1.5538557e-05  8.0528736e-05  -2.8031656e-06  -2.8676691e-06  -0.00032748123  -9.6788789e-05  -0.00025043073  6.4774510e-05  -1.8767255e-05  -1.6920600e-05  -0.00017322639  -0.00023492668  0.00010393046  -8.3349267e-07  7.6362227e-06  -1.9146740e-05  
8.1783291e-05  -0.00027575956  -0.00062524087  -0.00012876631  0.00012121753  0.00021697367  -0.00013908405  1.7546002e-05  0.0000000   -0.00081715667  -0.0012267211  0.00024668818  -0.00032928776  0.00027251553  -0.00035853398  -0.00033984804  -0.00023614126  -0.00012927087  1.3323609e-05  1.6295303e-05  3.6508538e-05  2.9315244e-06  -1.6382795e-05  0.00010138234  -0.00011945495  2.8228290e-05  1.3299561e-05  6.5870944e-06  6.7870405e-05  9.8351443e-05  -1.1607071e-05  8.1783291e-05  -0.00027575956  -0.00062524087  -0.00012876631  0.00012121753  0.00021697367  -0.00013908405  1.7546002e-05  0.0000000   -0.00081715667  -0.0012267211  0.00024668818  -0.00032928776  0.00027251553  -0.00035853398  -0.00033984804  -0.00023614126  -0.00012927087  1.3323609e-05  1.6295303e-05  3.6508538e-05  2.9315244e-06  -1.6382795e-05  0.00010138234  -0.00011945495  2.8228290e-05  1.3299561e-05  6.5870944e-06  6.7870405e-05  9.8351443e-05  -1.1607071e-05  
-5.1684218e-05  -0.00046601229  -0.00025046509  -6.7793236e-05  0.00013056556  0.00014539362  0.00051476892  3.2195371e-05  0.00081715667  0.0000000   -0.0054933859  -0.00012438702  0.00056370820  -0.00011912615  0.00018147531  0.00017272113  -3.7128044e-05  2.7971672e-05  -4.1304312e-05  -4.5567442e-05  -1.6939675e-05  1.6585278e-05  -2.8546835e-05  5.9998023e-05  -0.00031413461  -4.6592828e-06  2.7261711e-05  1.5905811e-05  1.5862906e-06  4.9375045e-06  9.3459492e-06  -5.1684218e-05  -0.00046601229  -0.00025046509  -6.7793236e-05  0.00013056556  0.00014539362  0.00051476892  3.2195371e-05  0.00081715667  0.0000000   -0.0054933859  -0.00012438702  0.00056370820  -0.00011912615  0.00018147531  0.00017272113  -3.7128044e-05  2.7971672e-05  -4.1304312e-05  -4.5567442e-05  -1.6939675e-05  1.6585278e-05  -2.8546835e-05  5.9998023e-05  -0.00031413461  -4.6592828e-06  2.7261711e-05  1.5905811e-05  1.5862906e-06  4.9375045e-06  9.3459492e-06  
-0.00012460127  -0.00033886482  0.00037232504  4.5626302e-05  0.00013740029  -8.9369852e-05  -0.00024458876  0.00022796915  0.0012267211  0.0054933859  0.0000000   0.0011952516  -0.00073326441  -0.00022005711  -1.1940476e-05  0.00020381090  3.5312535e-05  -2.1877085e-05  -8.8760242e-07  3.1761314e-05  9.5363922e-05  -4.7688768e-05  1.5120104e-05  -4.5339529e-05  -3.7410716e-05  -3.2489097e-05  1.4418224e-05  -8.7116192e-06  -0.00015271468  -9.8842098e-05  1.8420037e-05  -0.00012460127  -0.00033886482  0.00037232504  4.5626302e-05  0.00013740029  -8.9369852e-05  -0.00024458876  0.00022796915  0.0012267211  0.0054933859  0.0000000   0.0011952516  -0.00073326441  -0.00022005711  -1.1940476e-05  0.00020381090  3.5312535e-05  -2.1877085e-05  -8.8760242e-07  3.1761314e-05  9.5363922e-05  -4.7688768e-05  1.5120104e-05  -4.5339529e-05  -3.7410716e-05  -3.2489097e-05  1.4418224e-05  -8.7116192e-06  -0.00015271468  -9.8842098e-05  1.8420037e-05  
