0.0000000   0.0045773855  -1.6929356e-05  -0.00013467919  -0.00015243023  0.00027617267  0.00027525639  -0.00015632811  4.5289245e-05  -0.00023110021  -2.5798035e-05  0.00050954368  0.00010311510  2.0558679e-05  0.00019158772  5.8494683e-05  2.5317901e-05  -0.00012199529  3.1695067e-05  1.0579062e-05  -0.00018483851  2.7275984e-05  -9.4892835e-06  3.7232314e-05  -5.3505478e-05  -4.6141598e-05  -4.7964062e-06  5.0783796e-05  9.0296093e-06  8.4396719e-05  7.3870478e-06  0.0000000   0.0045773855  -1.6929356e-05  -0.00013467919  -0.00015243023  0.00027617267  0.00027525639  -0.00015632811  4.5289245e-05  -0.00023110021  -2.5798035e-05  0.00050954368  0.00010311510  2.0558679e-05  0.00019158772  5.8494683e-05  2.5317901e-05  -0.00012199529  3.1695067e-05  1.0579062e-05  -0.00018483851  2.7275984e-05  -9.4892835e-06  3.7232314e-05  -5.3505478e-05  -4.6141598e-05  -4.7964062e-06  5.0783796e-05  9.0296093e-06  8.4396719e-05  7.3870478e-06  
-0.0045773855  0.0000000   0.00030418458  7.8666514e-05  -0.00016428940  0.00063548823  -0.00016883950  0.00020340494  -3.6138302e-05  -0.00015633920  -2.4191130e-06  -0.00040736547  -4.4596356e-05  -5.6780140e-05  -0.00019692163  -5.4289306e-05  -2.8365346e-05  -2.5239821e-05  -2.2395505e-06  -5.7037004e-06  -5.0999828e-05  -1.2034542e-05  -5.9385757e-07  -7.8645646e-05  -5.8045316e-05  7.0568857e-05  -7.4948079e-06  1.7210921e-05  -3.8896158e-06  1.0040931e-05  -1.2793184e-05  -0.0045773855  0.0000000   0.00030418458  7.8666514e-05  -0.00016428940  0.00063548823  -0.00016883950  0.00020340494  -3.6138302e-05  -0.00015633920  -2.4191130e-06  -0.00040736547  -4.4596356e-05  -5.6780140e-05  -0.00019692163  -5.4289306e-05  -2.8365346e-05  -2.5239821e-05  -2.2395505e-06  -5.7037004e-06  -5.0999828e-05  -1.2034542e-05  -5.9385757e-07  -7.8645646e-05  -5.8045316e-05  7.0568857e-05  -7.4948079e-06  1.7210921e-05  -3.8896158e-06  1.0040931e-05  -1.2793184e-05  
1.6929356e-05  -0.00030418458  0.0000000   -0.0049965996  -0.0029173100  -0.00012793286  0.0018514904  7.4126574e-05  -0.00051135369  -0.00017536068  -0.00028630210  8.5457618e-07  0.00017915392  -1.1676917e-05  0.00016982421  -0.00035355673  -7.2734083e-05  -5.9112366e-05  2.0738371e-05  9.8427208e-06  7.0732516e-05  8.6604480e-06  -7.2144953e-05  -6.9832312e-05  2.7454144e-05  9.9994205e-06  -3.3994527e-05  -2.9608432e-06  -6.3414603e-05  -5.2319188e-06  1.0076047e-05  1.6929356e-05  -0.00030418458  0.0000000   -0.0049965996  -0.0029173100  -0.00012793286  0.0018514904  7.4126574e-05  -0.00051135369  -0.00017536068  -0.00028630210  8.5457618e-07  0.00017915392  -1.1676917e-05  0.00016982421  -0.00035355673  -7.2734083e-05  -5.9112366e-05  2.0738371e-05  9.8427208e-06  7.0732516e-05  8.6604480e-06  -7.2144953e-05  -6.9832312e-05  2.7454144e-05  9.9994205e-06  -3.3994527e-05  -2.9608432e-06  -6.3414603e-05  -5.2319188e-06  1.0076047e-05  
0.00013467919  -7.8666514e-05  0.0049965996  0.0000000   -0.00015692662  2.4150623e-05  -0.00012253189  -0.00013544190  -0.00093675966  1.6513463e-06  7.5152777e-05  0.00022783459  -0.00035158771  -0.00035448484  -0.00017272923  0.00036211862  0.00030385880  3.0229956e-05  -3.2605792e-05  -0.00015559122  -7.3179241e-06  -1.6375390e-05  3.4948644e-05  8.6148665e-06  -1.1658532e-05  2.2475516e-06  5.7780479e-05  1.1476067e-05  0.00018310532  2.8366916e-06  -0.00011199358  0.00013467919  -7.8666514e-05  0.0049965996  0.0000000   -0.00015692662  2.4150623e-05  -0.00012253189  -0.00013544190  -0.00093675966  1.6513463e-06  7.5152777e-05  0.00022783459  -0.00035158771  -0.00035448484  -0.00017272923  0.00036211862  0.00030385880  3.0229956e-05  -3.2605792e-05  -0.00015559122  -7.3179241e-06  -1.6375390e-05  3.4948644e-05  8.6148665e-06  -1.1658532e-05  2.2475516e-06  5.7780479e-05  1.1476067e-05  0.00018310532  2.8366916e-06  -0.00011199358  
0.00015243023  0.00016428940  0.0029173100  0.00015692662  0.0000000   0.00039836075  -0.0051279104  -0.00038532053  -2.2204190e-05  0.00012248751  0.00067203289  -5.3773309e-05  0.00023770680  -0.00011320009  0.00010180408  -0.00014263063  -0.00033276402  -6.1673249e-05  -0.00027431370  -0.00024197279  -7.2394372e-05  -8.1801624e-06  0.00012210605  1.0025086e-05  -2.8732259e-05  -6.9684475e-06  -9.5179566e-05  7.9113473e-06  1.2212562e-05  1.2122927e-05  -2.7851461e-05  0.00015243023  0.00016428940  0.0029173100  0.00015692662  0.0000000   0.00039836075  -0.0051279104  -0.00038532053  -2.2204190e-05  0.00012248751  0.00067203289  -5.3773309e-05  0.00023770680  -0.00011320009  0.00010180408  -0.00014263063  -0.00033276402  -6.1673249e-05  -0.00027431370  -0.00024197279  -7.2394372e-05  -8.1801624e-06  0.00012210605  1.0025086e-05  -2.8732259e-05  -6.9684475e-06  -9.5179566e-05  7.9113473e-06  1.2212562e-05  1.2122927e-05  -2.7851461e-05  
-0.00027617267  -0.00063548823  0.00012793286  -2.4150623e-05  -0.00039836075  0.0000000   -0.00018473573  0.0012489914  -8.4091747e-05  8.0817317e-05  -0.00010065258  0.00097131722  0.00014213181  -5.2025693e-05  0.00026448916  5.4171599e-05  -3.0203161e-05  7.0919726e-05  6.7053563e-06  -2.4888494e-05  1.8571708e-05  2.4015058e-05  1.7870355e-06  -0.00010738231  -4.9600829e-05  0.00026792294  -3.0750294e-05  6.5360209e-05  1.2929004e-05  0.00012287333  5.7408049e-06  -0.00027617267  -0.00063548823  0.00012793286  -2.4150623e-05  -0.00039836075  0.0000000   -0.00018473573  0.0012489914  -8.4091747e-05  8.0817317e-05  -0.00010065258  0.00097131722  0.00014213181  -5.2025693e-05  0.00026448916  5.4171599e-05  -3.0203161e-05  7.0919726e-05  6.7053563e-06  -2.4888494e-05  1.8571708e-05  2.4015058e-05  1.7870355e-06  -0.00010738231  -4.9600829e-05  0.00026792294  -3.0750294e-05  6.5360209e-05  1.2929004e-05  0.00012287333  5.7408049e-06  
-0.00027525639  0.00016883950  -0.0018514904  0.00012253189  0.0051279104  0.00018473573  0.0000000   0.00026098614  -6.4450591e-05  0.00013507802  0.00093536127  -6.0289491e-05  -0.00017488986  0.00043279650  3.5061055e-05  -0.00012081579  5.3209505e-05  4.6693660e-05  -0.00010695837  0.00032106922  -2.2903455e-05  -0.00022864931  4.6022480e-05  5.2703150e-05  -5.3609487e-06  2.4654922e-05  -1.8270298e-05  1.4657359e-05  3.6175675e-05  2.3625507e-05  5.2195202e-05  -0.00027525639  0.00016883950  -0.0018514904  0.00012253189  0.0051279104  0.00018473573  0.0000000   0.00026098614  -6.4450591e-05  0.00013507802  0.00093536127  -6.0289491e-05  -0.00017488986  0.00043279650  3.5061055e-05  -0.00012081579  5.3209505e-05  4.6693660e-05  -0.00010695837  0.00032106922  -2.2903455e-05  -0.00022864931  4.6022480e-05  5.2703150e-05  -5.3609487e-06  2.4654922e-05  -1.8270298e-05  1.4657359e-05  3.6175675e-05  2.3625507e-05  5.2195202e-05  
0.00015632811  -0.00020340494  -7.4126574e-05  0.00013544190  0.00038532053  -0.0012489914  -0.00026098614  0.0000000   9.2517744e-05  -0.0018905806  0.00015656832  0.0015010555  0.00031240610  4.2786255e-05  6.5718275e-05  -6.7392758e-05  6.5149817e-06  -0.00024374705  1.4448928e-05  4.7610584e-05  0.00012030835  -7.9846314e-06  -3.3732677e-05  -2.5813073e-05  -0.00016769270  0.00015036203  -2.4334844e-05  2.2327676e-05  -2.1251842e-05  4.2113777e-05  2.2381816e-05  0.00015632811  -0.00020340494  -7.4126574e-05  0.00013544190  0.00038532053  -0.0012489914  -0.00026098614  0.0000000   9.2517744e-05  -0.0018905806  0.00015656832  0.0015010555  0.00031240610  4.2786255e-05  6.5718275e-05  -6.7392758e-05  6.5149817e-06  -0.00024374705  1.4448928e-05  4.7610584e-05  0.00012030835  -7.9846314e-06  -3.3732677e-05  -2.5813073e-05  -0.00016769270  0.00015036203  -2.4334844e-05  2.2327676e-05  -2.1251842e-05  4.2113777e-05  2.2381816e-05  
-4.5289245e-05  3.6138302e-05  0.00051135369  0.00093675966  2.2204190e-05  8.4091747e-05  6.4450591e-05  -9.2517744e-05  0.0000000   0.00018779738  0.00097327827  -0.00011733749  0.00051438998  -0.00027489345  -4.6429955e-05  7.1594390e-05  0.00025703041  4.1230848e-05  -5.6231237e-05  0.00013729017  -3.0211731e-05  -0.00013101264  -1.6141446e-05  1.7833208e-05  -2.0117398e-05  -2.7975973e-06  9.4595592e-05  -1.5663082e-05  -9.2980620e-05  1.0163219e-05  2.6865390e-06  -4.5289245e-05  3.6138302e-05  0.00051135369  0.00093675966  2.2204190e-05  8.4091747e-05  6.4450591e-05  -9.2517744e-05  0.0000000   0.00018779738  0.00097327827  -0.00011733749  0.00051438998  -0.00027489345  -4.6429955e-05  7.1594390e-05  0.00025703041  4.1230848e-05  -5.6231237e-05  0.00013729017  -3.0211731e-05  -0.00013101264  -1.6141446e-05  1.7833208e-05  -2.0117398e-05  -2.7975973e-06  9.4595592e-05  -1.5663082e-05  -9.2980620e-05  1.0163219e-05  2.6865390e-06  
0.00023110021  0.00015633920  0.00017536068  -1.6513463e-06  -0.00012248751  -8.0817317e-05  -0.00013507802  0.0018905806  -0.00018779738  0.0000000   -6.5385567e-05  -0.00068423584  -0.00010414707  -2.1855227e-05  8.2670019e-05  2.3813189e-05  3.8622294e-05  0.00011916261  -2.5245156e-05  -3.2790398e-05  -0.00016470980  -6.5632424e-06  1.9983550e-05  0.00014850385  0.00019732336  -0.00023058377  3.0637899e-05  -1.7788561e-05  5.1373584e-06  -0.00012763705  -1.1867491e-05  0.00023110021  0.00015633920  0.00017536068  -1.6513463e-06  -0.00012248751  -8.0817317e-05  -0.00013507802  0.0018905806  -0.00018779738  0.0000000   -6.5385567e-05  -0.00068423584  -0.00010414707  -2.1855227e-05  8.2670019e-05  2.3813189e-05  3.8622294e-05  0.00011916261  -2.5245156e-05  -3.2790398e-05  -0.00016470980  -6.5632424e-06  1.9983550e-05  0.00014850385  0.00019732336  -0.00023058377  3.0637899e-05  -1.7788561e-05  5.1373584e-06  -0.00012763705  -1.1867491e-05  
2.5798035e-05  2.4191130e-06  0.00028630210  -7.5152777e-05  -0.00067203289  0.00010065258  -0.00093536127  -0.00015656832  -0.00097327827  6.5385567e-05  0.0000000   -0.00028062353  0.0018497763  -0.0011221300  -7.6615210e-06  9.3977605e-05  -0.00026322133  -2.5432547e-05  0.00010517757  -0.00031808542  -2.5710065e-05  3.4177957e-05  4.5420351e-05  -2.7367249e-05  7.4167492e-06  -1.2348185e-05  2.0545429e-06  -9.1026137e-06  -6.2979451e-05  -4.7308228e-06  4.9638158e-05  2.5798035e-05  2.4191130e-06  0.00028630210  -7.5152777e-05  -0.00067203289  0.00010065258  -0.00093536127  -0.00015656832  -0.00097327827  6.5385567e-05  0.0000000   -0.00028062353  0.0018497763  -0.0011221300  -7.6615210e-06  9.3977605e-05  -0.00026322133  -2.5432547e-05  0.00010517757  -0.00031808542  -2.5710065e-05  3.4177957e-05  4.5420351e-05  -2.7367249e-05  7.4167492e-06  -1.2348185e-05  2.0545429e-06  -9.1026137e-06  -6.2979451e-05  -4.7308228e-06  4.9638158e-05  
-0.00050954368  0.00040736547  -8.5457618e-07  -0.00022783459  5.3773309e-05  -0.00097131722  6.0289491e-05  -0.0015010555  0.00011733749  0.00068423584  0.00028062353  0.0000000   0.00010860765  -0.00015811314  -0.00040072434  -6.9262500e-05  3.8064844e-05  0.00011718393  -3.2585983e-05  0.00011730830  -0.00063903663  -0.00010083064  3.2467481e-05  0.00055846653  -0.00028707532  -0.00025867387  7.0417424e-05  -0.00028927265  2.3182228e-05  -9.1104144e-05  -9.7809615e-06  -0.00050954368  0.00040736547  -8.5457618e-07  -0.00022783459  5.3773309e-05  -0.00097131722  6.0289491e-05  -0.0015010555  0.00011733749  0.00068423584  0.00028062353  0.0000000   0.00010860765  -0.00015811314  -0.00040072434  -6.9262500e-05  3.8064844e-05  0.00011718393  -3.2585983e-05  0.00011730830  -0.00063903663  -0.00010083064  3.2467481e-05  0.00055846653  -0.00028707532  -0.00025867387  7.0417424e-05  -0.00028927265  2.3182228e-05  -9.1104144e-05  -9.7809615e-06  
-0.00010311510  4.4596356e-05  -0.00017915392  0.00035158771  -0.00023770680  -0.00014213181  0.00017488986  -0.00031240610  -0.00051438998  0.00010414707  -0.0018497763  -0.00010860765  0.0000000   0.0019933577  0.00014636302  -0.00051163319  -0.00023599057  -0.00011103688  0.00010499904  -0.00065266366  -6.5274488e-05  0.00026183885  -0.00021511909  7.1576765e-05  -1.8582487e-05  -2.0773272e-05  -0.00014652217  -5.8013819e-05  -0.00016805026  -2.2260416e-05  6.9912761e-05  -0.00010311510  4.4596356e-05  -0.00017915392  0.00035158771  -0.00023770680  -0.00014213181  0.00017488986  -0.00031240610  -0.00051438998  0.00010414707  -0.0018497763  -0.00010860765  0.0000000   0.0019933577  0.00014636302  -0.00051163319  -0.00023599057  -0.00011103688  0.00010499904  -0.00065266366  -6.5274488e-05  0.00026183885  -0.00021511909  7.1576765e-05  -1.8582487e-05  -2.0773272e-05  -0.00014652217  -5.8013819e-05  -0.00016805026  -2.2260416e-05  6.9912761e-05  
-2.0558679e-05  5.6780140e-05  1.1676917e-05  0.00035448484  0.00011320009  5.2025693e-05  -0.00043279650  -4.2786255e-05  0.00027489345  2.1855227e-05  0.0011221300  0.00015811314  -0.0019933577  0.0000000   0.0012186403  -0.0030508476  -0.00017811559  -0.00014293074  0.00028833698  0.00082114060  6.4084052e-05  -3.1999258e-05  -0.00010542225  -3.9194202e-05  4.2122948e-05  -1.9321864e-05  -0.00014538202  -3.1986431e-05  -0.00028776971  -2.1284480e-05  9.3098527e-05  -2.0558679e-05  5.6780140e-05  1.1676917e-05  0.00035448484  0.00011320009  5.2025693e-05  -0.00043279650  -4.2786255e-05  0.00027489345  2.1855227e-05  0.0011221300  0.00015811314  -0.0019933577  0.0000000   0.0012186403  -0.0030508476  -0.00017811559  -0.00014293074  0.00028833698  0.00082114060  6.4084052e-05  -3.1999258e-05  -0.00010542225  -3.9194202e-05  4.2122948e-05  -1.9321864e-05  -0.00014538202  -3.1986431e-05  -0.00028776971  -2.1284480e-05  9.3098527e-05  
-0.00019158772  0.00019692163  -0.00016982421  0.00017272923  -0.00010180408  -0.00026448916  -3.5061055e-05  -6.5718275e-05  4.6429955e-05  -8.2670019e-05  7.6615210e-06  0.00040072434  -0.00014636302  -0.0012186403  0.0000000   0.00028494903  -0.0032353070  0.0016989152  0.00068823661  0.00020497512  -0.00010747217  0.00026477416  -0.00019838358  -0.00032549310  -1.0528291e-05  0.00012335967  -0.00014180939  0.00015540832  -0.00014078240  -0.00020668803  -4.3403688e-06  -0.00019158772  0.00019692163  -0.00016982421  0.00017272923  -0.00010180408  -0.00026448916  -3.5061055e-05  -6.5718275e-05  4.6429955e-05  -8.2670019e-05  7.6615210e-06  0.00040072434  -0.00014636302  -0.0012186403  0.0000000   0.00028494903  -0.0032353070  0.0016989152  0.00068823661  0.00020497512  -0.00010747217  0.00026477416  -0.00019838358  -0.00032549310  -1.0528291e-05  0.00012335967  -0.00014180939  0.00015540832  -0.00014078240  -0.00020668803  -4.3403688e-06  
-5.8494683e-05  5.4289306e-05  0.00035355673  -0.00036211862  0.00014263063  -5.4171599e-05  0.00012081579  6.7392758e-05  -7.1594390e-05  -2.3813189e-05  -9.3977605e-05  6.9262500e-05  0.00051163319  0.0030508476  -0.00028494903  0.0000000   0.0069299790  0.0013858710  -0.0015628586  -0.00030632861  5.8336403e-05  -0.00046342707  0.00023350119  -0.00018807553  -0.00018105659  9.4727107e-05  0.00026574366  3.6267376e-05  0.00020575784  -4.8881494e-05  -1.4524182e-05  -5.8494683e-05  5.4289306e-05  0.00035355673  -0.00036211862  0.00014263063  -5.4171599e-05  0.00012081579  6.7392758e-05  -7.1594390e-05  -2.3813189e-05  -9.3977605e-05  6.9262500e-05  0.00051163319  0.0030508476  -0.00028494903  0.0000000   0.0069299790  0.0013858710  -0.0015628586  -0.00030632861  5.8336403e-05  -0.00046342707  0.00023350119  -0.00018807553  -0.00018105659  9.4727107e-05  0.00026574366  3.6267376e-05  0.00020575784  -4.8881494e-05  -1.4524182e-05  
-2.5317901e-05  2.8365346e-05  7.2734083e-05  -0.00030385880  0.00033276402  3.0203161e-05  -5.3209505e-05  -6.5149817e-06  -0.00025703041  -3.8622294e-05  0.00026322133  -3.8064844e-05  0.00023599057  0.00017811559  0.0032353070  -0.0069299790  0.0000000   -0.00041598255  -0.0018224435  -0.00082929848  3.4862052e-05  -0.0016443517  0.00073825897  1.8987044e-06  -0.00012112553  1.6164456e-05  -1.9715171e-05  9.4679681e-05  0.00055894279  4.7154404e-05  -9.5685252e-05  -2.5317901e-05  2.8365346e-05  7.2734083e-05  -0.00030385880  0.00033276402  3.0203161e-05  -5.3209505e-05  -6.5149817e-06  -0.00025703041  -3.8622294e-05  0.00026322133  -3.8064844e-05  0.00023599057  0.00017811559  0.0032353070  -0.0069299790  0.0000000   -0.00041598255  -0.0018224435  -0.00082929848  3.4862052e-05  -0.0016443517  0.00073825897  1.8987044e-06  -0.00012112553  1.6164456e-05  -1.9715171e-05  9.4679681e-05  0.00055894279  4.7154404e-05  -9.5685252e-05  
0.00012199529  2.5239821e-05  5.9112366e-05  -3.0229956e-05  6.1673249e-05  -7.0919726e-05  -4.6693660e-05  0.00024374705  -4.1230848e-05  -0.00011916261  2.5432547e-05  -0.00011718393  0.00011103688  0.00014293074  -0.0016989152  -0.0013858710  0.00041598255  0.0000000   -0.00033847668  -0.00025206164  0.00097253772  -0.00022962033  0.00014486205  -4.6732287e-05  0.0011135358  0.00028531885  -1.3843352e-05  -4.0167741e-05  7.5290590e-05  -8.4139943e-05  -2.5732706e-05  0.00012199529  2.5239821e-05  5.9112366e-05  -3.0229956e-05  6.1673249e-05  -7.0919726e-05  -4.6693660e-05  0.00024374705  -4.1230848e-05  -0.00011916261  2.5432547e-05  -0.00011718393  0.00011103688  0.00014293074  -0.0016989152  -0.0013858710  0.00041598255  0.0000000   -0.00033847668  -0.00025206164  0.00097253772  -0.00022962033  0.00014486205  -4.6732287e-05  0.0011135358  0.00028531885  -1.3843352e-05  -4.0167741e-05  7.5290590e-05  -8.4139943e-05  -2.5732706e-05  
-3.1695067e-05  2.2395505e-06  -2.0738371e-05  3.2605792e-05  0.00027431370  -6.7053563e-06  0.00010695837  -1.4448928e-05  5.6231237e-05  2.5245156e-05  -0.00010517757  3.2585983e-05  -0.00010499904  -0.00028833698  -0.00068823661  0.0015628586  0.0018224435  0.00033847668  0.0000000   -0.0016640076  -2.1595282e-05  0.00047261893  0.00010246792  6.9466563e-05  -0.00011166181  -9.6545400e-05  -0.00020689397  -3.0295257e-05  -3.7313931e-05  -1.2337900e-05  0.00010046493  -3.1695067e-05  2.2395505e-06  -2.0738371e-05  3.2605792e-05  0.00027431370  -6.7053563e-06  0.00010695837  -1.4448928e-05  5.6231237e-05  2.5245156e-05  -0.00010517757  3.2585983e-05  -0.00010499904  -0.00028833698  -0.00068823661  0.0015628586  0.0018224435  0.00033847668  0.0000000   -0.0016640076  -2.1595282e-05  0.00047261893  0.00010246792  6.9466563e-05  -0.00011166181  -9.6545400e-05  -0.00020689397  -3.0295257e-05  -3.7313931e-05  -1.2337900e-05  0.00010046493  
-1.0579062e-05  5.7037004e-06  -9.8427208e-06  0.00015559122  0.00024197279  2.4888494e-05  -0.00032106922  -4.7610584e-05  -0.00013729017  3.2790398e-05  0.00031808542  -0.00011730830  0.00065266366  -0.00082114060  -0.00020497512  0.00030632861  0.00082929848  0.00025206164  0.0016640076  0.0000000   4.5589258e-05  0.0013356203  -0.00087041397  1.9482909e-05  2.2786827e-05  -2.0546208e-05  -2.8442727e-05  -1.1596018e-05  1.2035818e-05  1.2885697e-05  -0.00019875159  -1.0579062e-05  5.7037004e-06  -9.8427208e-06  0.00015559122  0.00024197279  2.4888494e-05  -0.00032106922  -4.7610584e-05  -0.00013729017  3.2790398e-05  0.00031808542  -0.00011730830  0.00065266366  -0.00082114060  -0.00020497512  0.00030632861  0.00082929848  0.00025206164  0.0016640076  0.0000000   4.5589258e-05  0.0013356203  -0.00087041397  1.9482909e-05  2.2786827e-05  -2.0546208e-05  -2.8442727e-05  -1.1596018e-05  1.2035818e-05  1.2885697e-05  -0.00019875159  
0.00018483851  5.0999828e-05  -7.0732516e-05  7.3179241e-06  7.2394372e-05  -1.8571708e-05  2.2903455e-05  -0.00012030835  3.0211731e-05  0.00016470980  2.5710065e-05  0.00063903663  6.5274488e-05  -6.4084052e-05  0.00010747217  -5.8336403e-05  -3.4862052e-05  -0.00097253772  2.1595282e-05  -4.5589258e-05  0.0000000   -0.00011625703  2.8901835e-05  -0.0014546048  0.00047886157  0.00065394808  -8.0960107e-05  -9.8640252e-05  3.6707378e-05  -0.00016873515  -2.9041059e-05  0.00018483851  5.0999828e-05  -7.0732516e-05  7.3179241e-06  7.2394372e-05  -1.8571708e-05  2.2903455e-05  -0.00012030835  3.0211731e-05  0.00016470980  2.5710065e-05  0.00063903663  6.5274488e-05  -6.4084052e-05  0.00010747217  -5.8336403e-05  -3.4862052e-05  -0.00097253772  2.1595282e-05  -4.5589258e-05  0.0000000   -0.00011625703  2.8901835e-05  -0.0014546048  0.00047886157  0.00065394808  -8.0960107e-05  -9.8640252e-05  3.6707378e-05  -0.00016873515  -2.9041059e-05  
-2.7275984e-05  1.2034542e-05  -8.6604480e-06  1.6375390e-05  8.1801624e-06  -2.4015058e-05  0.00022864931  7.9846314e-06  0.00013101264  6.5632424e-06  -3.4177957e-05  0.00010083064  -0.00026183885  3.1999258e-05  -0.00026477416  0.00046342707  0.0016443517  0.00022962033  -0.00047261893  -0.0013356203  0.00011625703  0.0000000   0.0028310338  0.00011005242  -0.00010223445  -2.2409437e-05  0.00022484897  -4.2737202e-05  -0.00026495860  -1.1603377e-05  -0.00010350171  -2.7275984e-05  1.2034542e-05  -8.6604480e-06  1.6375390e-05  8.1801624e-06  -2.4015058e-05  0.00022864931  7.9846314e-06  0.00013101264  6.5632424e-06  -3.4177957e-05  0.00010083064  -0.00026183885  3.1999258e-05  -0.00026477416  0.00046342707  0.0016443517  0.00022962033  -0.00047261893  -0.0013356203  0.00011625703  0.0000000   0.0028310338  0.00011005242  -0.00010223445  -2.2409437e-05  0.00022484897  -4.2737202e-05  -0.00026495860  -1.1603377e-05  -0.00010350171  
9.4892835e-06  5.9385757e-07  7.2144953e-05  -3.4948644e-05  -0.00012210605  -1.7870355e-06  -4.6022480e-05  3.3732677e-05  1.6141446e-05  -1.9983550e-05  -4.5420351e-05  -3.2467481e-05  0.00021511909  0.00010542225  0.00019838358  -0.00023350119  -0.00073825897  -0.00014486205  -0.00010246792  0.00087041397  -2.8901835e-05  -0.0028310338  0.0000000   8.1802847e-07  -0.00011045246  -3.9129790e-06  1.9629409e-05  2.3452988e-05  0.00027136421  1.6107439e-06  -0.00016674374  9.4892835e-06  5.9385757e-07  7.2144953e-05  -3.4948644e-05  -0.00012210605  -1.7870355e-06  -4.6022480e-05  3.3732677e-05  1.6141446e-05  -1.9983550e-05  -4.5420351e-05  -3.2467481e-05  0.00021511909  0.00010542225  0.00019838358  -0.00023350119  -0.00073825897  -0.00014486205  -0.00010246792  0.00087041397  -2.8901835e-05  -0.0028310338  0.0000000   8.1802847e-07  -0.00011045246  -3.9129790e-06  1.9629409e-05  2.3452988e-05  0.00027136421  1.6107439e-06  -0.00016674374  
-3.7232314e-05  7.8645646e-05  6.9832312e-05  -8.6148665e-06  -1.0025086e-05  0.00010738231  -5.2703150e-05  2.5813073e-05  -1.7833208e-05  -0.00014850385  2.7367249e-05  -0.00055846653  -7.1576765e-05  3.9194202e-05  0.00032549310  0.00018807553  -1.8987044e-06  4.6732287e-05  -6.9466563e-05  -1.9482909e-05  0.0014546048  -0.00011005242  -8.1802847e-07  0.0000000   0.0027163580  -0.00091316346  4.0978395e-05  0.00026582609  -0.00010258891  6.5901836e-05  -1.7604638e-05  -3.7232314e-05  7.8645646e-05  6.9832312e-05  -8.6148665e-06  -1.0025086e-05  0.00010738231  -5.2703150e-05  2.5813073e-05  -1.7833208e-05  -0.00014850385  2.7367249e-05  -0.00055846653  -7.1576765e-05  3.9194202e-05  0.00032549310  0.00018807553  -1.8987044e-06  4.6732287e-05  -6.9466563e-05  -1.9482909e-05  0.0014546048  -0.00011005242  -8.1802847e-07  0.0000000   0.0027163580  -0.00091316346  4.0978395e-05  0.00026582609  -0.00010258891  6.5901836e-05  -1.7604638e-05  
5.3505478e-05  5.8045316e-05  -2.7454144e-05  1.1658532e-05  2.8732259e-05  4.9600829e-05  5.3609487e-06  0.00016769270  2.0117398e-05  -0.00019732336  -7.4167492e-06  0.00028707532  1.8582487e-05  -4.2122948e-05  1.0528291e-05  0.00018105659  0.00012112553  -0.0011135358  0.00011166181  -2.2786827e-05  -0.00047886157  0.00010223445  0.00011045246  -0.0027163580  0.0000000   0.00065944575  -7.3633298e-05  4.3977291e-05  -1.1441022e-05  -3.9999393e-05  -4.8425172e-05  5.3505478e-05  5.8045316e-05  -2.7454144e-05  1.1658532e-05  2.8732259e-05  4.9600829e-05  5.3609487e-06  0.00016769270  2.0117398e-05  -0.00019732336  -7.4167492e-06  0.00028707532  1.8582487e-05  -4.2122948e-05  1.0528291e-05  0.00018105659  0.00012112553  -0.0011135358  0.00011166181  -2.2786827e-05  -0.00047886157  0.00010223445  0.00011045246  -0.0027163580  0.0000000   0.00065944575  -7.3633298e-05  4.3977291e-05  -1.1441022e-05  -3.9999393e-05  -4.8425172e-05  
4.6141598e-05  -7.0568857e-05  -9.9994205e-06  -2.2475516e-06  6.9684475e-06  -0.00026792294  -2.4654922e-05  -0.00015036203  2.7975973e-06  0.00023058377  1.2348185e-05  0.00025867387  2.0773272e-05  1.9321864e-05  -0.00012335967  -9.4727107e-05  -1.6164456e-05  -0.00028531885  9.6545400e-05  2.0546208e-05  -0.00065394808  2.2409437e-05  3.9129790e-06  0.00091316346  -0.00065944575  0.0000000   4.9248772e-05  -0.0011957638  -5.9414728e-05  -0.00019185724  -4.4227642e-05  4.6141598e-05  -7.0568857e-05  -9.9994205e-06  -2.2475516e-06  6.9684475e-06  -0.00026792294  -2.4654922e-05  -0.00015036203  2.7975973e-06  0.00023058377  1.2348185e-05  0.00025867387  2.0773272e-05  1.9321864e-05  -0.00012335967  -9.4727107e-05  -1.6164456e-05  -0.00028531885  9.6545400e-05  2.0546208e-05  -0.00065394808  2.2409437e-05  3.9129790e-06  0.00091316346  -0.00065944575  0.0000000   4.9248772e-05  -0.0011957638  -5.9414728e-05  -0.00019185724  -4.4227642e-05  
4.7964062e-06  7.4948079e-06  3.3994527e-05  -5.7780479e-05  9.5179566e-05  3.0750294e-05  1.8270298e-05  2.4334844e-05  -9.4595592e-05  -3.0637899e-05  -2.0545429e-06  -7.0417424e-05  0.00014652217  0.00014538202  0.00014180939  -0.00026574366  1.9715171e-05  1.3843352e-05  0.00020689397  2.8442727e-05  8.0960107e-05  -0.00022484897  -1.9629409e-05  -4.0978395e-05  7.3633298e-05  -4.9248772e-05  0.0000000   7.2234872e-05  -0.00089394650  8.8860782e-05  -0.00075803412  4.7964062e-06  7.4948079e-06  3.3994527e-05  -5.7780479e-05  9.5179566e-05  3.0750294e-05  1.8270298e-05  2.4334844e-05  -9.4595592e-05  -3.0637899e-05  -2.0545429e-06  -7.0417424e-05  0.00014652217  0.00014538202  0.00014180939  -0.00026574366  1.9715171e-05  1.3843352e-05  0.00020689397  2.8442727e-05  8.0960107e-05  -0.00022484897  -1.9629409e-05  -4.0978395e-05  7.3633298e-05  -4.9248772e-05  0.0000000   7.2234872e-05  -0.00089394650  8.8860782e-05  -0.00075803412  
-5.0783796e-05  -1.7210921e-05  2.9608432e-06  -1.1476067e-05  -7.9113473e-06  -6.5360209e-05  -1.4657359e-05  -2.2327676e-05  1.5663082e-05  1.7788561e-05  9.1026137e-06  0.00028927265  5.8013819e-05  3.1986431e-05  -0.00015540832  -3.6267376e-05  -9.4679681e-05  4.0167741e-05  3.0295257e-05  1.1596018e-05  9.8640252e-05  4.2737202e-05  -2.3452988e-05  -0.00026582609  -4.3977291e-05  0.0011957638  -7.2234872e-05  0.0000000   6.7290330e-06  0.0014003523  7.5136594e-06  -5.0783796e-05  -1.7210921e-05  2.9608432e-06  -1.1476067e-05  -7.9113473e-06  -6.5360209e-05  -1.4657359e-05  -2.2327676e-05  1.5663082e-05  1.7788561e-05  9.1026137e-06  0.00028927265  5.8013819e-05  3.1986431e-05  -0.00015540832  -3.6267376e-05  -9.4679681e-05  4.0167741e-05  3.0295257e-05  1.1596018e-05  9.8640252e-05  4.2737202e-05  -2.3452988e-05  -0.00026582609  -4.3977291e-05  0.0011957638  -7.2234872e-05  0.0000000   6.7290330e-06  0.0014003523  7.5136594e-06  
-9.0296093e-06  3.8896158e-06  6.3414603e-05  -0.00018310532  -1.2212562e-05  -1.2929004e-05  -3.6175675e-05  2.1251842e-05  9.2980620e-05  -5.1373584e-06  6.2979451e-05  -2.3182228e-05  0.00016805026  0.00028776971  0.00014078240  -0.00020575784  -0.00055894279  -7.5290590e-05  3.7313931e-05  -1.2035818e-05  -3.6707378e-05  0.00026495860  -0.00027136421  0.00010258891  1.1441022e-05  5.9414728e-05  0.00089394650  -6.7290330e-06  0.0000000   2.2893006e-05  -0.00063495578  -9.0296093e-06  3.8896158e-06  6.3414603e-05  -0.00018310532  -1.2212562e-05  -1.2929004e-05  -3.6175675e-05  2.1251842e-05  9.2980620e-05  -5.1373584e-06  6.2979451e-05  -2.3182228e-05  0.00016805026  0.00028776971  0.00014078240  -0.00020575784  -0.00055894279  -7.5290590e-05  3.7313931e-05  -1.2035818e-05  -3.6707378e-05  0.00026495860  -0.00027136421  0.00010258891  1.1441022e-05  5.9414728e-05  0.00089394650  -6.7290330e-06  0.0000000   2.2893006e-05  -0.00063495578  
-8.4396719e-05  -1.0040931e-05  5.2319188e-06  -2.8366916e-06  -1.2122927e-05  -0.00012287333  -2.3625507e-05  -4.2113777e-05  -1.0163219e-05  0.00012763705  4.7308228e-06  9.1104144e-05  2.2260416e-05  2.1284480e-05  0.00020668803  4.8881494e-05  -4.7154404e-05  8.4139943e-05  1.2337900e-05  -1.2885697e-05  0.00016873515  1.1603377e-05  -1.6107439e-06  -6.5901836e-05  3.9999393e-05  0.00019185724  -8.8860782e-05  -0.0014003523  -2.2893006e-05  0.0000000   -2.5584564e-06  -8.4396719e-05  -1.0040931e-05  5.2319188e-06  -2.8366916e-06  -1.2122927e-05  -0.00012287333  -2.3625507e-05  -4.2113777e-05  -1.0163219e-05  0.00012763705  4.7308228e-06  9.1104144e-05  2.2260416e-05  2.1284480e-05  0.00020668803  4.8881494e-05  -4.7154404e-05  8.4139943e-05  1.2337900e-05  -1.2885697e-05  0.00016873515  1.1603377e-05  -1.6107439e-06  -6.5901836e-05  3.9999393e-05  0.00019185724  -8.8860782e-05  -0.0014003523  -2.2893006e-05  0.0000000   -2.5584564e-06  
-7.3870478e-06  1.2793184e-05  -1.0076047e-05  0.00011199358  2.7851461e-05  -5.7408049e-06  -5.2195202e-05  -2.2381816e-05  -2.6865390e-06  1.1867491e-05  -4.9638158e-05  9.7809615e-06  -6.9912761e-05  -9.3098527e-05  4.3403688e-06  1.4524182e-05  9.5685252e-05  2.5732706e-05  -0.00010046493  0.00019875159  2.9041059e-05  0.00010350171  0.00016674374  1.7604638e-05  4.8425172e-05  4.4227642e-05  0.00075803412  -7.5136594e-06  0.00063495578  2.5584564e-06  0.0000000   -7.3870478e-06  1.2793184e-05  -1.0076047e-05  0.00011199358  2.7851461e-05  -5.7408049e-06  -5.2195202e-05  -2.2381816e-05  -2.6865390e-06  1.1867491e-05  -4.9638158e-05  9.7809615e-06  -6.9912761e-05  -9.3098527e-05  4.3403688e-06  1.4524182e-05  9.5685252e-05  2.5732706e-05  -0.00010046493  0.00019875159  2.9041059e-05  0.00010350171  0.00016674374  1.7604638e-05  4.8425172e-05  4.4227642e-05  0.00075803412  -7.5136594e-06  0.00063495578  2.5584564e-06  0.0000000   
0.0000000   0.0045773855  -1.6929356e-05  -0.00013467919  -0.00015243023  0.00027617267  0.00027525639  -0.00015632811  4.5289245e-05  -0.00023110021  -2.5798035e-05  0.00050954368  0.00010311510  2.0558679e-05  0.00019158772  5.8494683e-05  2.5317901e-05  -0.00012199529  3.1695067e-05  1.0579062e-05  -0.00018483851  2.7275984e-05  -9.4892835e-06  3.7232314e-05  -5.3505478e-05  -4.6141598e-05  -4.7964062e-06  5.0783796e-05  9.0296093e-06  8.4396719e-05  7.3870478e-06  0.0000000   0.0045773855  -1.6929356e-05  -0.00013467919  -0.00015243023  0.00027617267  0.00027525639  -0.00015632811  4.5289245e-05  -0.00023110021  -2.5798035e-05  0.00050954368  0.00010311510  2.0558679e-05  0.00019158772  5.8494683e-05  2.5317901e-05  -0.00012199529  3.1695067e-05  1.0579062e-05  -0.00018483851  2.7275984e-05  -9.4892835e-06  3.7232314e-05  -5.3505478e-05  -4.6141598e-05  -4.7964062e-06  5.0783796e-05  9.0296093e-06  8.4396719e-05  7.3870478e-06  
-0.0045773855  0.0000000   0.00030418458  7.8666514e-05  -0.00016428940  0.00063548823  -0.00016883950  0.00020340494  -3.6138302e-05  -0.00015633920  -2.4191130e-06  -0.00040736547  -4.4596356e-05  -5.6780140e-05  -0.00019692163  -5.4289306e-05  -2.8365346e-05  -2.5239821e-05  -2.2395505e-06  -5.7037004e-06  -5.0999828e-05  -1.2034542e-05  -5.9385757e-07  -7.8645646e-05  -5.8045316e-05  7.0568857e-05  -7.4948079e-06  1.7210921e-05  -3.8896158e-06  1.0040931e-05  -1.2793184e-05  -0.0045773855  0.0000000   0.00030418458  7.8666514e-05  -0.00016428940  0.00063548823  -0.00016883950  0.00020340494  -3.6138302e-05  -0.00015633920  -2.4191130e-06  -0.00040736547  -4.4596356e-05  -5.6780140e-05  -0.00019692163  -5.4289306e-05  -2.8365346e-05  -2.5239821e-05  -2.2395505e-06  -5.7037004e-06  -5.0999828e-05  -1.2034542e-05  -5.9385757e-07  -7.8645646e-05  -5.8045316e-05  7.0568857e-05  -7.4948079e-06  1.7210921e-05  -3.8896158e-06  1.0040931e-05  -1.2793184e-05  
1.6929356e-05  -0.00030418458  0.0000000   -0.0049965996  -0.0029173100  -0.00012793286  0.0018514904  7.4126574e-05  -0.00051135369  -0.00017536068  -0.00028630210  8.5457618e-07  0.00017915392  -1.1676917e-05  0.00016982421  -0.00035355673  -7.2734083e-05  -5.9112366e-05  2.0738371e-05  9.8427208e-06  7.0732516e-05  8.6604480e-06  -7.2144953e-05  -6.9832312e-05  2.7454144e-05  9.9994205e-06  -3.3994527e-05  -2.9608432e-06  -6.3414603e-05  -5.2319188e-06  1.0076047e-05  1.6929356e-05  -0.00030418458  0.0000000   -0.0049965996  -0.0029173100  -0.00012793286  0.0018514904  7.4126574e-05  -0.00051135369  -0.00017536068  -0.00028630210  8.5457618e-07  0.00017915392  -1.1676917e-05  0.00016982421  -0.00035355673  -7.2734083e-05  -5.9112366e-05  2.0738371e-05  9.8427208e-06  7.0732516e-05  8.6604480e-06  -7.2144953e-05  -6.9832312e-05  2.7454144e-05  9.9994205e-06  -3.3994527e-05  -2.9608432e-06  -6.3414603e-05  -5.2319188e-06  1.0076047e-05  
0.00013467919  -7.8666514e-05  0.0049965996  0.0000000   -0.00015692662  2.4150623e-05  -0.00012253189  -0.00013544190  -0.00093675966  1.6513463e-06  7.5152777e-05  0.00022783459  -0.00035158771  -0.00035448484  -0.00017272923  0.00036211862  0.00030385880  3.0229956e-05  -3.2605792e-05  -0.00015559122  -7.3179241e-06  -1.6375390e-05  3.4948644e-05  8.6148665e-06  -1.1658532e-05  2.2475516e-06  5.7780479e-05  1.1476067e-05  0.00018310532  2.8366916e-06  -0.00011199358  0.00013467919  -7.8666514e-05  0.0049965996  0.0000000   -0.00015692662  2.4150623e-05  -0.00012253189  -0.00013544190  -0.00093675966  1.6513463e-06  7.5152777e-05  0.00022783459  -0.00035158771  -0.00035448484  -0.00017272923  0.00036211862  0.00030385880  3.0229956e-05  -3.2605792e-05  -0.00015559122  -7.3179241e-06  -1.6375390e-05  3.4948644e-05  8.6148665e-06  -1.1658532e-05  2.2475516e-06  5.7780479e-05  1.1476067e-05  0.00018310532  2.8366916e-06  -0.00011199358  
0.00015243023  0.00016428940  0.0029173100  0.00015692662  0.0000000   0.00039836075  -0.0051279104  -0.00038532053  -2.2204190e-05  0.00012248751  0.00067203289  -5.3773309e-05  0.00023770680  -0.00011320009  0.00010180408  -0.00014263063  -0.00033276402  -6.1673249e-05  -0.00027431370  -0.00024197279  -7.2394372e-05  -8.1801624e-06  0.00012210605  1.0025086e-05  -2.8732259e-05  -6.9684475e-06  -9.5179566e-05  7.9113473e-06  1.2212562e-05  1.2122927e-05  -2.7851461e-05  0.00015243023  0.00016428940  0.0029173100  0.00015692662  0.0000000   0.00039836075  -0.0051279104  -0.00038532053  -2.2204190e-05  0.00012248751  0.00067203289  -5.3773309e-05  0.00023770680  -0.00011320009  0.00010180408  -0.00014263063  -0.00033276402  -6.1673249e-05  -0.00027431370  -0.00024197279  -7.2394372e-05  -8.1801624e-06  0.00012210605  1.0025086e-05  -2.8732259e-05  -6.9684475e-06  -9.5179566e-05  7.9113473e-06  1.2212562e-05  1.2122927e-05  -2.7851461e-05  
-0.00027617267  -0.00063548823  0.00012793286  -2.4150623e-05  -0.00039836075  0.0000000   -0.00018473573  0.0012489914  -8.4091747e-05  8.0817317e-05  -0.00010065258  0.00097131722  0.00014213181  -5.2025693e-05  0.00026448916  5.4171599e-05  -3.0203161e-05  7.0919726e-05  6.7053563e-06  -2.4888494e-05  1.8571708e-05  2.4015058e-05  1.7870355e-06  -0.00010738231  -4.9600829e-05  0.00026792294  -3.0750294e-05  6.5360209e-05  1.2929004e-05  0.00012287333  5.7408049e-06  -0.00027617267  -0.00063548823  0.00012793286  -2.4150623e-05  -0.00039836075  0.0000000   -0.00018473573  0.0012489914  -8.4091747e-05  8.0817317e-05  -0.00010065258  0.00097131722  0.00014213181  -5.2025693e-05  0.00026448916  5.4171599e-05  -3.0203161e-05  7.0919726e-05  6.7053563e-06  -2.4888494e-05  1.8571708e-05  2.4015058e-05  1.7870355e-06  -0.00010738231  -4.9600829e-05  0.00026792294  -3.0750294e-05  6.5360209e-05  1.2929004e-05  0.00012287333  5.7408049e-06  
-0.00027525639  0.00016883950  -0.0018514904  0.00012253189  0.0051279104  0.00018473573  0.0000000   0.00026098614  -6.4450591e-05  0.00013507802  0.00093536127  -6.0289491e-05  -0.00017488986  0.00043279650  3.5061055e-05  -0.00012081579  5.3209505e-05  4.6693660e-05  -0.00010695837  0.00032106922  -2.2903455e-05  -0.00022864931  4.6022480e-05  5.2703150e-05  -5.3609487e-06  2.4654922e-05  -1.8270298e-05  1.4657359e-05  3.6175675e-05  2.3625507e-05  5.2195202e-05  -0.00027525639  0.00016883950  -0.0018514904  0.00012253189  0.0051279104  0.00018473573  0.0000000   0.00026098614  -6.4450591e-05  0.00013507802  0.00093536127  -6.0289491e-05  -0.00017488986  0.00043279650  3.5061055e-05  -0.00012081579  5.3209505e-05  4.6693660e-05  -0.00010695837  0.00032106922  -2.2903455e-05  -0.00022864931  4.6022480e-05  5.2703150e-05  -5.3609487e-06  2.4654922e-05  -1.8270298e-05  1.4657359e-05  3.6175675e-05  2.3625507e-05  5.2195202e-05  
0.00015632811  -0.00020340494  -7.4126574e-05  0.00013544190  0.00038532053  -0.0012489914  -0.00026098614  0.0000000   9.2517744e-05  -0.0018905806  0.00015656832  0.0015010555  0.00031240610  4.2786255e-05  6.5718275e-05  -6.7392758e-05  6.5149817e-06  -0.00024374705  1.4448928e-05  4.7610584e-05  0.00012030835  -7.9846314e-06  -3.3732677e-05  -2.5813073e-05  -0.00016769270  0.00015036203  -2.4334844e-05  2.2327676e-05  -2.1251842e-05  4.2113777e-05  2.2381816e-05  0.00015632811  -0.00020340494  -7.4126574e-05  0.00013544190  0.00038532053  -0.0012489914  -0.00026098614  0.0000000   9.2517744e-05  -0.0018905806  0.00015656832  0.0015010555  0.00031240610  4.2786255e-05  6.5718275e-05  -6.7392758e-05  6.5149817e-06  -0.00024374705  1.4448928e-05  4.7610584e-05  0.00012030835  -7.9846314e-06  -3.3732677e-05  -2.5813073e-05  -0.00016769270  0.00015036203  -2.4334844e-05  2.2327676e-05  -2.1251842e-05  4.2113777e-05  2.2381816e-05  
-4.5289245e-05  3.6138302e-05  0.00051135369  0.00093675966  2.2204190e-05  8.4091747e-05  6.4450591e-05  -9.2517744e-05  0.0000000   0.00018779738  0.00097327827  -0.00011733749  0.00051438998  -0.00027489345  -4.6429955e-05  7.1594390e-05  0.00025703041  4.1230848e-05  -5.6231237e-05  0.00013729017  -3.0211731e-05  -0.00013101264  -1.6141446e-05  1.7833208e-05  -2.0117398e-05  -2.7975973e-06  9.4595592e-05  -1.5663082e-05  -9.2980620e-05  1.0163219e-05  2.6865390e-06  -4.5289245e-05  3.6138302e-05  0.00051135369  0.00093675966  2.2204190e-05  8.4091747e-05  6.4450591e-05  -9.2517744e-05  0.0000000   0.00018779738  0.00097327827  -0.00011733749  0.00051438998  -0.00027489345  -4.6429955e-05  7.1594390e-05  0.00025703041  4.1230848e-05  -5.6231237e-05  0.00013729017  -3.0211731e-05  -0.00013101264  -1.6141446e-05  1.7833208e-05  -2.0117398e-05  -2.7975973e-06  9.4595592e-05  -1.5663082e-05  -9.2980620e-05  1.0163219e-05  2.6865390e-06  
0.00023110021  0.00015633920  0.00017536068  -1.6513463e-06  -0.00012248751  -8.0817317e-05  -0.00013507802  0.0018905806  -0.00018779738  0.0000000   -6.5385567e-05  -0.00068423584  -0.00010414707  -2.1855227e-05  8.2670019e-05  2.3813189e-05  3.8622294e-05  0.00011916261  -2.5245156e-05  -3.2790398e-05  -0.00016470980  -6.5632424e-06  1.9983550e-05  0.00014850385  0.00019732336  -0.00023058377  3.0637899e-05  -1.7788561e-05  5.1373584e-06  -0.00012763705  -1.1867491e-05  0.00023110021  0.00015633920  0.00017536068  -1.6513463e-06  -0.00012248751  -8.0817317e-05  -0.00013507802  0.0018905806  -0.00018779738  0.0000000   -6.5385567e-05  -0.00068423584  -0.00010414707  -2.1855227e-05  8.2670019e-05  2.3813189e-05  3.8622294e-05  0.00011916261  -2.5245156e-05  -3.2790398e-05  -0.00016470980  -6.5632424e-06  1.9983550e-05  0.00014850385  0.00019732336  -0.00023058377  3.0637899e-05  -1.7788561e-05  5.1373584e-06  -0.00012763705  -1.1867491e-05  
2.5798035e-05  2.4191130e-06  0.00028630210  -7.5152777e-05  -0.00067203289  0.00010065258  -0.00093536127  -0.00015656832  -0.00097327827  6.5385567e-05  0.0000000   -0.00028062353  0.0018497763  -0.0011221300  -7.6615210e-06  9.3977605e-05  -0.00026322133  -2.5432547e-05  0.00010517757  -0.00031808542  -2.5710065e-05  3.4177957e-05  4.5420351e-05  -2.7367249e-05  7.4167492e-06  -1.2348185e-05  2.0545429e-06  -9.1026137e-06  -6.2979451e-05  -4.7308228e-06  4.9638158e-05  2.5798035e-05  2.4191130e-06  0.00028630210  -7.5152777e-05  -0.00067203289  0.00010065258  -0.00093536127  -0.00015656832  -0.00097327827  6.5385567e-05  0.0000000   -0.00028062353  0.0018497763  -0.0011221300  -7.6615210e-06  9.3977605e-05  -0.00026322133  -2.5432547e-05  0.00010517757  -0.00031808542  -2.5710065e-05  3.4177957e-05  4.5420351e-05  -2.7367249e-05  7.4167492e-06  -1.2348185e-05  2.0545429e-06  -9.1026137e-06  -6.2979451e-05  -4.7308228e-06  4.9638158e-05  
