0.0000000   0.0044205370  7.7783312e-05  -0.00021687805  0.00013353685  -4.7174892e-05  5.3031209e-05  -5.6276893e-05  -3.7652739e-05  -2.5695055e-05  -0.00018964265  -2.0392620e-05  -4.4177691e-07  -6.0225431e-05  -0.00013510242  -0.00016004501  -2.2255800e-05  1.0347975e-05  -0.00016076530  5.8634383e-05  1.1142190e-05  5.4644827e-05  -3.1319791e-05  -9.5579949e-06  -1.0956515e-05  1.0258458e-06  -2.9457392e-05  -1.7048178e-05  -3.3837223e-06  -1.3865017e-05  -8.0202914e-05  0.0000000   0.0044205370  7.7783312e-05  -0.00021687805  0.00013353685  -4.7174892e-05  5.3031209e-05  -5.6276893e-05  -3.7652739e-05  -2.5695055e-05  -0.00018964265  -2.0392620e-05  -4.4177691e-07  -6.0225431e-05  -0.00013510242  -0.00016004501  -2.2255800e-05  1.0347975e-05  -0.00016076530  5.8634383e-05  1.1142190e-05  5.4644827e-05  -3.1319791e-05  -9.5579949e-06  -1.0956515e-05  1.0258458e-06  -2.9457392e-05  -1.7048178e-05  -3.3837223e-06  -1.3865017e-05  -8.0202914e-05  
-0.0044205370  0.0000000   0.0016879806  -0.00032562801  -0.00022489729  0.00012937467  -4.7857338e-05  1.8791758e-05  -4.5508036e-05  5.3073923e-05  0.00046178351  2.9014015e-05  4.1825115e-05  7.7148725e-06  -1.8252119e-05  -0.00014386618  -1.5608232e-05  1.0213892e-05  -0.00012621720  -2.9276367e-05  -4.5490416e-05  4.8060378e-05  -4.0685157e-06  -1.0224405e-05  1.5707128e-05  9.5019396e-06  -1.9359838e-05  -1.2340400e-05  8.1030289e-06  1.3652763e-05  -3.7768231e-05  -0.0044205370  0.0000000   0.0016879806  -0.00032562801  -0.00022489729  0.00012937467  -4.7857338e-05  1.8791758e-05  -4.5508036e-05  5.3073923e-05  0.00046178351  2.9014015e-05  4.1825115e-05  7.7148725e-06  -1.8252119e-05  -0.00014386618  -1.5608232e-05  1.0213892e-05  -0.00012621720  -2.9276367e-05  -4.5490416e-05  4.8060378e-05  -4.0685157e-06  -1.0224405e-05  1.5707128e-05  9.5019396e-06  -1.9359838e-05  -1.2340400e-05  8.1030289e-06  1.3652763e-05  -3.7768231e-05  
-7.7783312e-05  -0.0016879806  0.0000000   0.00067148764  -0.00015035913  -0.00010180279  0.00010712605  0.00012734328  -2.8198134e-06  -1.1207017e-05  0.00016830028  8.2947905e-06  -6.2544256e-05  7.9009904e-07  -0.00012024566  -0.00014071271  1.7818408e-05  2.3810297e-06  0.00020544323  7.3445097e-05  -2.8491668e-06  0.00021303077  1.3758851e-05  -1.4653622e-05  3.0402013e-06  -9.3450905e-06  4.7423382e-06  1.1382799e-05  -1.2119862e-05  -0.00011971673  -9.8503996e-05  -7.7783312e-05  -0.0016879806  0.0000000   0.00067148764  -0.00015035913  -0.00010180279  0.00010712605  0.00012734328  -2.8198134e-06  -1.1207017e-05  0.00016830028  8.2947905e-06  -6.2544256e-05  7.9009904e-07  -0.00012024566  -0.00014071271  1.7818408e-05  2.3810297e-06  0.00020544323  7.3445097e-05  -2.8491668e-06  0.00021303077  1.3758851e-05  -1.4653622e-05  3.0402013e-06  -9.3450905e-06  4.7423382e-06  1.1382799e-05  -1.2119862e-05  -0.00011971673  -9.8503996e-05  
0.00021687805  0.00032562801  -0.00067148764  0.0000000   -0.0080347152  0.0015915167  -0.0014390133  0.0015315894  -0.00090745821  -0.00012280297  -3.1944691e-05  -0.00021082151  0.00040725137  -3.7110213e-06  -1.2990481e-05  0.00010610134  -0.00010760467  3.8810514e-05  4.8573685e-06  -2.9646575e-05  -6.2944847e-05  -2.3143295e-06  -0.00020392556  -0.00015621563  2.0911469e-05  2.6300196e-05  -0.00010057570  -9.8297533e-05  9.7032518e-07  7.2539553e-06  -5.0423354e-06  0.00021687805  0.00032562801  -0.00067148764  0.0000000   -0.0080347152  0.0015915167  -0.0014390133  0.0015315894  -0.00090745821  -0.00012280297  -3.1944691e-05  -0.00021082151  0.00040725137  -3.7110213e-06  -1.2990481e-05  0.00010610134  -0.00010760467  3.8810514e-05  4.8573685e-06  -2.9646575e-05  -6.2944847e-05  -2.3143295e-06  -0.00020392556  -0.00015621563  2.0911469e-05  2.6300196e-05  -0.00010057570  -9.8297533e-05  9.7032518e-07  7.2539553e-06  -5.0423354e-06  
-0.00013353685  0.00022489729  0.00015035913  0.0080347152  0.0000000   -0.0020465339  0.0021223623  0.0010373777  0.00012557954  -0.00050657529  5.3931606e-05  0.00018233751  -0.00037594408  0.00011664137  8.0182601e-05  2.7310378e-08  0.00013165309  -3.1197166e-05  -2.3533608e-05  -2.2700573e-05  -6.6946386e-05  1.7115384e-06  0.00013814030  -1.0504109e-05  7.3955233e-05  -3.4858762e-05  9.8351773e-05  8.0395607e-06  -9.1414255e-06  2.7911273e-05  1.4191609e-05  -0.00013353685  0.00022489729  0.00015035913  0.0080347152  0.0000000   -0.0020465339  0.0021223623  0.0010373777  0.00012557954  -0.00050657529  5.3931606e-05  0.00018233751  -0.00037594408  0.00011664137  8.0182601e-05  2.7310378e-08  0.00013165309  -3.1197166e-05  -2.3533608e-05  -2.2700573e-05  -6.6946386e-05  1.7115384e-06  0.00013814030  -1.0504109e-05  7.3955233e-05  -3.4858762e-05  9.8351773e-05  8.0395607e-06  -9.1414255e-06  2.7911273e-05  1.4191609e-05  
4.7174892e-05  -0.00012937467  0.00010180279  -0.0015915167  0.0020465339  0.0000000   0.00024357253  -0.0013564423  0.00077852262  0.00017896083  -3.7595977e-05  -0.00012637185  0.00032082558  -0.00024768675  5.8218051e-05  -3.6881337e-05  -0.00011136089  7.0906602e-06  1.6672840e-05  1.7233552e-05  -8.5514763e-06  -7.2274291e-06  -6.8340620e-05  0.00016097791  0.00017672936  0.00013654175  -2.4763344e-05  -0.00021908106  -8.8802873e-06  -1.1093520e-05  -6.6713027e-06  4.7174892e-05  -0.00012937467  0.00010180279  -0.0015915167  0.0020465339  0.0000000   0.00024357253  -0.0013564423  0.00077852262  0.00017896083  -3.7595977e-05  -0.00012637185  0.00032082558  -0.00024768675  5.8218051e-05  -3.6881337e-05  -0.00011136089  7.0906602e-06  1.6672840e-05  1.7233552e-05  -8.5514763e-06  -7.2274291e-06  -6.8340620e-05  0.00016097791  0.00017672936  0.00013654175  -2.4763344e-05  -0.00021908106  -8.8802873e-06  -1.1093520e-05  -6.6713027e-06  
-5.3031209e-05  4.7857338e-05  -0.00010712605  0.0014390133  -0.0021223623  -0.00024357253  0.0000000   -0.00083547466  0.0015728785  -0.0011989953  1.2974981e-05  0.00019279192  0.00029612970  -1.0918168e-05  -1.0625615e-05  5.4160497e-05  0.00033939013  2.6564205e-05  -1.4431633e-05  -2.7284984e-05  0.00036106202  2.3614855e-05  3.9752123e-05  0.00010303994  2.5593983e-05  -2.4364441e-05  1.1849802e-05  -1.5985222e-05  8.4471539e-05  -2.0029771e-05  -1.4110932e-06  -5.3031209e-05  4.7857338e-05  -0.00010712605  0.0014390133  -0.0021223623  -0.00024357253  0.0000000   -0.00083547466  0.0015728785  -0.0011989953  1.2974981e-05  0.00019279192  0.00029612970  -1.0918168e-05  -1.0625615e-05  5.4160497e-05  0.00033939013  2.6564205e-05  -1.4431633e-05  -2.7284984e-05  0.00036106202  2.3614855e-05  3.9752123e-05  0.00010303994  2.5593983e-05  -2.4364441e-05  1.1849802e-05  -1.5985222e-05  8.4471539e-05  -2.0029771e-05  -1.4110932e-06  
5.6276893e-05  -1.8791758e-05  -0.00012734328  -0.0015315894  -0.0010373777  0.0013564423  0.00083547466  0.0000000   -0.0042409122  0.00075663381  2.8301453e-06  -0.00065468625  -0.00081729027  -5.2641050e-05  -1.6795474e-05  -5.3179985e-05  -0.00045865058  -1.7777482e-05  2.9359071e-05  5.7711409e-06  1.2328711e-05  -1.7106320e-05  -0.00036375141  -0.00034555193  -0.00017142725  3.8807868e-05  -0.00018654146  0.00013151710  -7.6457693e-05  1.9726378e-05  2.3501694e-05  5.6276893e-05  -1.8791758e-05  -0.00012734328  -0.0015315894  -0.0010373777  0.0013564423  0.00083547466  0.0000000   -0.0042409122  0.00075663381  2.8301453e-06  -0.00065468625  -0.00081729027  -5.2641050e-05  -1.6795474e-05  -5.3179985e-05  -0.00045865058  -1.7777482e-05  2.9359071e-05  5.7711409e-06  1.2328711e-05  -1.7106320e-05  -0.00036375141  -0.00034555193  -0.00017142725  3.8807868e-05  -0.00018654146  0.00013151710  -7.6457693e-05  1.9726378e-05  2.3501694e-05  
3.7652739e-05  4.5508036e-05  2.8198134e-06  0.00090745821  -0.00012557954  -0.00077852262  -0.0015728785  0.0042409122  0.0000000   -0.00043140650  6.7028835e-05  -0.00024070028  -0.00013696472  5.4647241e-07  -1.0712317e-05  2.1461276e-05  2.8032804e-05  0.00018406795  -3.8775400e-05  -7.1104510e-05  0.00033325860  -2.8259005e-05  -6.1688475e-05  -3.4226879e-05  9.7633375e-06  4.7758275e-05  3.2924116e-05  0.00018436420  9.4614599e-05  8.9435342e-06  -2.6737332e-06  3.7652739e-05  4.5508036e-05  2.8198134e-06  0.00090745821  -0.00012557954  -0.00077852262  -0.0015728785  0.0042409122  0.0000000   -0.00043140650  6.7028835e-05  -0.00024070028  -0.00013696472  5.4647241e-07  -1.0712317e-05  2.1461276e-05  2.8032804e-05  0.00018406795  -3.8775400e-05  -7.1104510e-05  0.00033325860  -2.8259005e-05  -6.1688475e-05  -3.4226879e-05  9.7633375e-06  4.7758275e-05  3.2924116e-05  0.00018436420  9.4614599e-05  8.9435342e-06  -2.6737332e-06  
2.5695055e-05  -5.3073923e-05  1.1207017e-05  0.00012280297  0.00050657529  -0.00017896083  0.0011989953  -0.00075663381  0.00043140650  0.0000000   2.3290904e-06  0.00028725463  0.00013344673  2.8383230e-06  5.7924856e-05  -1.8968551e-05  0.00022542781  -6.1538246e-05  -1.0118477e-06  2.8119545e-07  -0.00014726997  7.9540502e-06  4.6057566e-06  1.1497951e-05  0.00019760697  0.00010065718  -7.5200052e-06  -0.00014221724  -1.5670513e-05  -1.0497812e-06  -1.4457339e-05  2.5695055e-05  -5.3073923e-05  1.1207017e-05  0.00012280297  0.00050657529  -0.00017896083  0.0011989953  -0.00075663381  0.00043140650  0.0000000   2.3290904e-06  0.00028725463  0.00013344673  2.8383230e-06  5.7924856e-05  -1.8968551e-05  0.00022542781  -6.1538246e-05  -1.0118477e-06  2.8119545e-07  -0.00014726997  7.9540502e-06  4.6057566e-06  1.1497951e-05  0.00019760697  0.00010065718  -7.5200052e-06  -0.00014221724  -1.5670513e-05  -1.0497812e-06  -1.4457339e-05  
0.00018964265  -0.00046178351  -0.00016830028  3.1944691e-05  -5.3931606e-05  3.7595977e-05  -1.2974981e-05  -2.8301453e-06  -6.7028835e-05  -2.3290904e-06  0.0000000   -2.8914659e-05  6.2228339e-05  -1.3904396e-05  0.00013956229  3.6399375e-05  1.1679904e-05  5.1130747e-06  0.00035211630  -0.00031721746  -3.3219175e-05  -6.9661406e-05  2.1412514e-06  -1.7798527e-05  -2.5514845e-05  -1.2055159e-05  -3.5258565e-06  1.3622683e-05  1.4501160e-05  1.6502315e-05  -9.8222404e-05  0.00018964265  -0.00046178351  -0.00016830028  3.1944691e-05  -5.3931606e-05  3.7595977e-05  -1.2974981e-05  -2.8301453e-06  -6.7028835e-05  -2.3290904e-06  0.0000000   -2.8914659e-05  6.2228339e-05  -1.3904396e-05  0.00013956229  3.6399375e-05  1.1679904e-05  5.1130747e-06  0.00035211630  -0.00031721746  -3.3219175e-05  -6.9661406e-05  2.1412514e-06  -1.7798527e-05  -2.5514845e-05  -1.2055159e-05  -3.5258565e-06  1.3622683e-05  1.4501160e-05  1.6502315e-05  -9.8222404e-05  
2.0392620e-05  -2.9014015e-05  -8.2947905e-06  0.00021082151  -0.00018233751  0.00012637185  -0.00019279192  0.00065468625  0.00024070028  -0.00028725463  2.8914659e-05  0.0000000   0.0049031072  -0.00063438843  -0.00029654716  0.00013387296  -0.00027487403  0.00083668789  -3.9560813e-05  4.9317635e-05  -9.1057688e-05  -8.1054333e-06  -0.00022645194  -0.00010982920  -6.4209415e-05  2.6586839e-05  -0.00031078304  -0.00022547806  6.5077724e-05  -3.0708180e-05  -3.3207363e-05  2.0392620e-05  -2.9014015e-05  -8.2947905e-06  0.00021082151  -0.00018233751  0.00012637185  -0.00019279192  0.00065468625  0.00024070028  -0.00028725463  2.8914659e-05  0.0000000   0.0049031072  -0.00063438843  -0.00029654716  0.00013387296  -0.00027487403  0.00083668789  -3.9560813e-05  4.9317635e-05  -9.1057688e-05  -8.1054333e-06  -0.00022645194  -0.00010982920  -6.4209415e-05  2.6586839e-05  -0.00031078304  -0.00022547806  6.5077724e-05  -3.0708180e-05  -3.3207363e-05  
4.4177691e-07  -4.1825115e-05  6.2544256e-05  -0.00040725137  0.00037594408  -0.00032082558  -0.00029612970  0.00081729027  0.00013696472  -0.00013344673  -6.2228339e-05  -0.0049031072  0.0000000   -9.2436495e-05  -0.00019845500  -0.00038445583  -0.00050716780  0.00091746505  -2.7705561e-05  -4.1668265e-05  3.9895925e-05  -6.9029995e-05  -0.00044353563  -0.00010471828  0.00011084679  9.7512366e-05  -0.00018231932  0.00032005903  -6.9993758e-06  1.0123408e-05  -1.6231426e-05  4.4177691e-07  -4.1825115e-05  6.2544256e-05  -0.00040725137  0.00037594408  -0.00032082558  -0.00029612970  0.00081729027  0.00013696472  -0.00013344673  -6.2228339e-05  -0.0049031072  0.0000000   -9.2436495e-05  -0.00019845500  -0.00038445583  -0.00050716780  0.00091746505  -2.7705561e-05  -4.1668265e-05  3.9895925e-05  -6.9029995e-05  -0.00044353563  -0.00010471828  0.00011084679  9.7512366e-05  -0.00018231932  0.00032005903  -6.9993758e-06  1.0123408e-05  -1.6231426e-05  
6.0225431e-05  -7.7148725e-06  -7.9009904e-07  3.7110213e-06  -0.00011664137  0.00024768675  1.0918168e-05  5.2641050e-05  -5.4647241e-07  -2.8383230e-06  1.3904396e-05  0.00063438843  9.2436495e-05  0.0000000   -4.6245346e-05  -0.00094232556  0.00074439047  0.0012443268  -0.00021691689  -0.00011785448  0.00012911895  -0.00013997356  -0.00015716632  -9.4676071e-05  7.2287244e-05  0.00026721484  -3.3075070e-05  -0.00017403416  -5.5824456e-05  -4.0959639e-05  2.1644991e-06  6.0225431e-05  -7.7148725e-06  -7.9009904e-07  3.7110213e-06  -0.00011664137  0.00024768675  1.0918168e-05  5.2641050e-05  -5.4647241e-07  -2.8383230e-06  1.3904396e-05  0.00063438843  9.2436495e-05  0.0000000   -4.6245346e-05  -0.00094232556  0.00074439047  0.0012443268  -0.00021691689  -0.00011785448  0.00012911895  -0.00013997356  -0.00015716632  -9.4676071e-05  7.2287244e-05  0.00026721484  -3.3075070e-05  -0.00017403416  -5.5824456e-05  -4.0959639e-05  2.1644991e-06  
0.00013510242  1.8252119e-05  0.00012024566  1.2990481e-05  -8.0182601e-05  -5.8218051e-05  1.0625615e-05  1.6795474e-05  1.0712317e-05  -5.7924856e-05  -0.00013956229  0.00029654716  0.00019845500  4.6245346e-05  0.0000000   -0.0066852069  -9.8230185e-05  -0.00045685463  -0.0012261914  -0.0011028155  -0.00011097917  -0.00054030938  1.8366516e-05  1.5844078e-05  -4.0730826e-05  -3.6092983e-05  4.7755621e-05  9.9544393e-06  -4.6956347e-05  -0.00024236455  -3.1098445e-05  0.00013510242  1.8252119e-05  0.00012024566  1.2990481e-05  -8.0182601e-05  -5.8218051e-05  1.0625615e-05  1.6795474e-05  1.0712317e-05  -5.7924856e-05  -0.00013956229  0.00029654716  0.00019845500  4.6245346e-05  0.0000000   -0.0066852069  -9.8230185e-05  -0.00045685463  -0.0012261914  -0.0011028155  -0.00011097917  -0.00054030938  1.8366516e-05  1.5844078e-05  -4.0730826e-05  -3.6092983e-05  4.7755621e-05  9.9544393e-06  -4.6956347e-05  -0.00024236455  -3.1098445e-05  
0.00016004501  0.00014386618  0.00014071271  -0.00010610134  -2.7310378e-08  3.6881337e-05  -5.4160497e-05  5.3179985e-05  -2.1461276e-05  1.8968551e-05  -3.6399375e-05  -0.00013387296  0.00038445583  0.00094232556  0.0066852069  0.0000000   9.3505145e-05  9.1037743e-05  -8.9255809e-05  -0.0010442315  -8.6953722e-05  -5.1122605e-05  -1.9315754e-05  -3.1116544e-05  -9.5856443e-06  9.4092222e-06  -2.2473470e-05  7.6500405e-05  6.4820744e-05  -2.5589087e-05  8.0447937e-05  0.00016004501  0.00014386618  0.00014071271  -0.00010610134  -2.7310378e-08  3.6881337e-05  -5.4160497e-05  5.3179985e-05  -2.1461276e-05  1.8968551e-05  -3.6399375e-05  -0.00013387296  0.00038445583  0.00094232556  0.0066852069  0.0000000   9.3505145e-05  9.1037743e-05  -8.9255809e-05  -0.0010442315  -8.6953722e-05  -5.1122605e-05  -1.9315754e-05  -3.1116544e-05  -9.5856443e-06  9.4092222e-06  -2.2473470e-05  7.6500405e-05  6.4820744e-05  -2.5589087e-05  8.0447937e-05  
2.2255800e-05  1.5608232e-05  -1.7818408e-05  0.00010760467  -0.00013165309  0.00011136089  -0.00033939013  0.00045865058  -2.8032804e-05  -0.00022542781  -1.1679904e-05  0.00027487403  0.00050716780  -0.00074439047  9.8230185e-05  -9.3505145e-05  0.0000000   -0.00069080510  -9.8162364e-06  -8.4991402e-05  -0.00026604470  -1.2802436e-05  -0.00027437143  -7.4754379e-05  7.2475013e-06  3.6847169e-05  -0.00054459127  -7.4170959e-05  0.00021303350  -6.2525026e-05  -1.1731100e-05  2.2255800e-05  1.5608232e-05  -1.7818408e-05  0.00010760467  -0.00013165309  0.00011136089  -0.00033939013  0.00045865058  -2.8032804e-05  -0.00022542781  -1.1679904e-05  0.00027487403  0.00050716780  -0.00074439047  9.8230185e-05  -9.3505145e-05  0.0000000   -0.00069080510  -9.8162364e-06  -8.4991402e-05  -0.00026604470  -1.2802436e-05  -0.00027437143  -7.4754379e-05  7.2475013e-06  3.6847169e-05  -0.00054459127  -7.4170959e-05  0.00021303350  -6.2525026e-05  -1.1731100e-05  
-1.0347975e-05  -1.0213892e-05  -2.3810297e-06  -3.8810514e-05  3.1197166e-05  -7.0906602e-06  -2.6564205e-05  1.7777482e-05  -0.00018406795  6.1538246e-05  -5.1130747e-06  -0.00083668789  -0.00091746505  -0.0012443268  0.00045685463  -9.1037743e-05  0.00069080510  0.0000000   -0.00011216542  -5.6303501e-05  0.00045170668  4.7847007e-05  0.00018768546  0.00042750902  -0.00013968244  -0.00035401758  0.00016662596  -4.6370947e-05  -0.00010481492  1.8138217e-05  -7.6186372e-06  -1.0347975e-05  -1.0213892e-05  -2.3810297e-06  -3.8810514e-05  3.1197166e-05  -7.0906602e-06  -2.6564205e-05  1.7777482e-05  -0.00018406795  6.1538246e-05  -5.1130747e-06  -0.00083668789  -0.00091746505  -0.0012443268  0.00045685463  -9.1037743e-05  0.00069080510  0.0000000   -0.00011216542  -5.6303501e-05  0.00045170668  4.7847007e-05  0.00018768546  0.00042750902  -0.00013968244  -0.00035401758  0.00016662596  -4.6370947e-05  -0.00010481492  1.8138217e-05  -7.6186372e-06  
0.00016076530  0.00012621720  -0.00020544323  -4.8573685e-06  2.3533608e-05  -1.6672840e-05  1.4431633e-05  -2.9359071e-05  3.8775400e-05  1.0118477e-06  -0.00035211630  3.9560813e-05  2.7705561e-05  0.00021691689  0.0012261914  8.9255809e-05  9.8162364e-06  0.00011216542  0.0000000   -0.0010630225  -7.8159919e-05  0.00025633683  3.4672281e-05  1.0950163e-05  -5.1259914e-06  -2.2662772e-05  8.6830257e-05  2.2334550e-05  -8.5023639e-06  4.0466473e-05  9.9385875e-06  0.00016076530  0.00012621720  -0.00020544323  -4.8573685e-06  2.3533608e-05  -1.6672840e-05  1.4431633e-05  -2.9359071e-05  3.8775400e-05  1.0118477e-06  -0.00035211630  3.9560813e-05  2.7705561e-05  0.00021691689  0.0012261914  8.9255809e-05  9.8162364e-06  0.00011216542  0.0000000   -0.0010630225  -7.8159919e-05  0.00025633683  3.4672281e-05  1.0950163e-05  -5.1259914e-06  -2.2662772e-05  8.6830257e-05  2.2334550e-05  -8.5023639e-06  4.0466473e-05  9.9385875e-06  
-5.8634383e-05  2.9276367e-05  -7.3445097e-05  2.9646575e-05  2.2700573e-05  -1.7233552e-05  2.7284984e-05  -5.7711409e-06  7.1104510e-05  -2.8119545e-07  0.00031721746  -4.9317635e-05  4.1668265e-05  0.00011785448  0.0011028155  0.0010442315  8.4991402e-05  5.6303501e-05  0.0010630225  0.0000000   4.3296440e-05  -0.0012823654  -2.8270588e-05  2.0044571e-05  -2.8685717e-05  1.0154315e-05  -2.7132476e-05  -6.5886494e-06  -4.0117541e-05  -0.00029625959  9.6035740e-05  -5.8634383e-05  2.9276367e-05  -7.3445097e-05  2.9646575e-05  2.2700573e-05  -1.7233552e-05  2.7284984e-05  -5.7711409e-06  7.1104510e-05  -2.8119545e-07  0.00031721746  -4.9317635e-05  4.1668265e-05  0.00011785448  0.0011028155  0.0010442315  8.4991402e-05  5.6303501e-05  0.0010630225  0.0000000   4.3296440e-05  -0.0012823654  -2.8270588e-05  2.0044571e-05  -2.8685717e-05  1.0154315e-05  -2.7132476e-05  -6.5886494e-06  -4.0117541e-05  -0.00029625959  9.6035740e-05  
-1.1142190e-05  4.5490416e-05  2.8491668e-06  6.2944847e-05  6.6946386e-05  8.5514763e-06  -0.00036106202  -1.2328711e-05  -0.00033325860  0.00014726997  3.3219175e-05  9.1057688e-05  -3.9895925e-05  -0.00012911895  0.00011097917  8.6953722e-05  0.00026604470  -0.00045170668  7.8159919e-05  -4.3296440e-05  0.0000000   -0.00013531915  0.00089787928  6.6564204e-05  -1.5086368e-05  -0.00017992468  0.00029354807  0.00043451558  3.0578725e-05  -2.2533198e-05  8.1460301e-06  -1.1142190e-05  4.5490416e-05  2.8491668e-06  6.2944847e-05  6.6946386e-05  8.5514763e-06  -0.00036106202  -1.2328711e-05  -0.00033325860  0.00014726997  3.3219175e-05  9.1057688e-05  -3.9895925e-05  -0.00012911895  0.00011097917  8.6953722e-05  0.00026604470  -0.00045170668  7.8159919e-05  -4.3296440e-05  0.0000000   -0.00013531915  0.00089787928  6.6564204e-05  -1.5086368e-05  -0.00017992468  0.00029354807  0.00043451558  3.0578725e-05  -2.2533198e-05  8.1460301e-06  
-5.4644827e-05  -4.8060378e-05  -0.00021303077  2.3143295e-06  -1.7115384e-06  7.2274291e-06  -2.3614855e-05  1.7106320e-05  2.8259005e-05  -7.9540502e-06  6.9661406e-05  8.1054333e-06  6.9029995e-05  0.00013997356  0.00054030938  5.1122605e-05  1.2802436e-05  -4.7847007e-05  -0.00025633683  0.0012823654  0.00013531915  0.0000000   2.5245731e-05  -1.8619568e-05  2.6086177e-05  -2.4857994e-05  -8.7662242e-06  3.1992460e-05  -6.1554690e-05  -0.00032388793  -0.00018337879  -5.4644827e-05  -4.8060378e-05  -0.00021303077  2.3143295e-06  -1.7115384e-06  7.2274291e-06  -2.3614855e-05  1.7106320e-05  2.8259005e-05  -7.9540502e-06  6.9661406e-05  8.1054333e-06  6.9029995e-05  0.00013997356  0.00054030938  5.1122605e-05  1.2802436e-05  -4.7847007e-05  -0.00025633683  0.0012823654  0.00013531915  0.0000000   2.5245731e-05  -1.8619568e-05  2.6086177e-05  -2.4857994e-05  -8.7662242e-06  3.1992460e-05  -6.1554690e-05  -0.00032388793  -0.00018337879  
3.1319791e-05  4.0685157e-06  -1.3758851e-05  0.00020392556  -0.00013814030  6.8340620e-05  -3.9752123e-05  0.00036375141  6.1688475e-05  -4.6057566e-06  -2.1412514e-06  0.00022645194  0.00044353563  0.00015716632  -1.8366516e-05  1.9315754e-05  0.00027437143  -0.00018768546  -3.4672281e-05  2.8270588e-05  -0.00089787928  -2.5245731e-05  0.0000000   0.00014795176  -0.00047823882  -0.00044553420  -9.8926956e-06  -4.5281953e-05  -2.9926955e-05  -2.4564299e-06  -6.1746134e-06  3.1319791e-05  4.0685157e-06  -1.3758851e-05  0.00020392556  -0.00013814030  6.8340620e-05  -3.9752123e-05  0.00036375141  6.1688475e-05  -4.6057566e-06  -2.1412514e-06  0.00022645194  0.00044353563  0.00015716632  -1.8366516e-05  1.9315754e-05  0.00027437143  -0.00018768546  -3.4672281e-05  2.8270588e-05  -0.00089787928  -2.5245731e-05  0.0000000   0.00014795176  -0.00047823882  -0.00044553420  -9.8926956e-06  -4.5281953e-05  -2.9926955e-05  -2.4564299e-06  -6.1746134e-06  
9.5579949e-06  1.0224405e-05  1.4653622e-05  0.00015621563  1.0504109e-05  -0.00016097791  -0.00010303994  0.00034555193  3.4226879e-05  -1.1497951e-05  1.7798527e-05  0.00010982920  0.00010471828  9.4676071e-05  -1.5844078e-05  3.1116544e-05  7.4754379e-05  -0.00042750902  -1.0950163e-05  -2.0044571e-05  -6.6564204e-05  1.8619568e-05  -0.00014795176  0.0000000   -0.0032051192  -0.00052044021  -0.00015346768  0.00014763031  2.9290923e-05  1.7773259e-06  -3.4573181e-05  9.5579949e-06  1.0224405e-05  1.4653622e-05  0.00015621563  1.0504109e-05  -0.00016097791  -0.00010303994  0.00034555193  3.4226879e-05  -1.1497951e-05  1.7798527e-05  0.00010982920  0.00010471828  9.4676071e-05  -1.5844078e-05  3.1116544e-05  7.4754379e-05  -0.00042750902  -1.0950163e-05  -2.0044571e-05  -6.6564204e-05  1.8619568e-05  -0.00014795176  0.0000000   -0.0032051192  -0.00052044021  -0.00015346768  0.00014763031  2.9290923e-05  1.7773259e-06  -3.4573181e-05  
1.0956515e-05  -1.5707128e-05  -3.0402013e-06  -2.0911469e-05  -7.3955233e-05  -0.00017672936  -2.5593983e-05  0.00017142725  -9.7633375e-06  -0.00019760697  2.5514845e-05  6.4209415e-05  -0.00011084679  -7.2287244e-05  4.0730826e-05  9.5856443e-06  -7.2475013e-06  0.00013968244  5.1259914e-06  2.8685717e-05  1.5086368e-05  -2.6086177e-05  0.00047823882  0.0032051192  0.0000000   -0.00063132098  -0.0020734501  -0.00027204894  -0.00035204436  3.1305444e-05  6.7816382e-06  1.0956515e-05  -1.5707128e-05  -3.0402013e-06  -2.0911469e-05  -7.3955233e-05  -0.00017672936  -2.5593983e-05  0.00017142725  -9.7633375e-06  -0.00019760697  2.5514845e-05  6.4209415e-05  -0.00011084679  -7.2287244e-05  4.0730826e-05  9.5856443e-06  -7.2475013e-06  0.00013968244  5.1259914e-06  2.8685717e-05  1.5086368e-05  -2.6086177e-05  0.00047823882  0.0032051192  0.0000000   -0.00063132098  -0.0020734501  -0.00027204894  -0.00035204436  3.1305444e-05  6.7816382e-06  
-1.0258458e-06  -9.5019396e-06  9.3450905e-06  -2.6300196e-05  3.4858762e-05  -0.00013654175  2.4364441e-05  -3.8807868e-05  -4.7758275e-05  -0.00010065718  1.2055159e-05  -2.6586839e-05  -9.7512366e-05  -0.00026721484  3.6092983e-05  -9.4092222e-06  -3.6847169e-05  0.00035401758  2.2662772e-05  -1.0154315e-05  0.00017992468  2.4857994e-05  0.00044553420  0.00052044021  0.00063132098  0.0000000   -0.0034276712  -0.00059860938  0.00012561289  -6.7755343e-05  -1.1831701e-05  -1.0258458e-06  -9.5019396e-06  9.3450905e-06  -2.6300196e-05  3.4858762e-05  -0.00013654175  2.4364441e-05  -3.8807868e-05  -4.7758275e-05  -0.00010065718  1.2055159e-05  -2.6586839e-05  -9.7512366e-05  -0.00026721484  3.6092983e-05  -9.4092222e-06  -3.6847169e-05  0.00035401758  2.2662772e-05  -1.0154315e-05  0.00017992468  2.4857994e-05  0.00044553420  0.00052044021  0.00063132098  0.0000000   -0.0034276712  -0.00059860938  0.00012561289  -6.7755343e-05  -1.1831701e-05  
2.9457392e-05  1.9359838e-05  -4.7423382e-06  0.00010057570  -9.8351773e-05  2.4763344e-05  -1.1849802e-05  0.00018654146  -3.2924116e-05  7.5200052e-06  3.5258565e-06  0.00031078304  0.00018231932  3.3075070e-05  -4.7755621e-05  2.2473470e-05  0.00054459127  -0.00016662596  -8.6830257e-05  2.7132476e-05  -0.00029354807  8.7662242e-06  9.8926956e-06  0.00015346768  0.0020734501  0.0034276712  0.0000000   0.0021499646  0.0010336984  -0.00016572539  7.8565099e-05  2.9457392e-05  1.9359838e-05  -4.7423382e-06  0.00010057570  -9.8351773e-05  2.4763344e-05  -1.1849802e-05  0.00018654146  -3.2924116e-05  7.5200052e-06  3.5258565e-06  0.00031078304  0.00018231932  3.3075070e-05  -4.7755621e-05  2.2473470e-05  0.00054459127  -0.00016662596  -8.6830257e-05  2.7132476e-05  -0.00029354807  8.7662242e-06  9.8926956e-06  0.00015346768  0.0020734501  0.0034276712  0.0000000   0.0021499646  0.0010336984  -0.00016572539  7.8565099e-05  
1.7048178e-05  1.2340400e-05  -1.1382799e-05  9.8297533e-05  -8.0395607e-06  0.00021908106  1.5985222e-05  -0.00013151710  -0.00018436420  0.00014221724  -1.3622683e-05  0.00022547806  -0.00032005903  0.00017403416  -9.9544393e-06  -7.6500405e-05  7.4170959e-05  4.6370947e-05  -2.2334550e-05  6.5886494e-06  -0.00043451558  -3.1992460e-05  4.5281953e-05  -0.00014763031  0.00027204894  0.00059860938  -0.0021499646  0.0000000   0.0013632047  -0.00032976803  1.2228393e-05  1.7048178e-05  1.2340400e-05  -1.1382799e-05  9.8297533e-05  -8.0395607e-06  0.00021908106  1.5985222e-05  -0.00013151710  -0.00018436420  0.00014221724  -1.3622683e-05  0.00022547806  -0.00032005903  0.00017403416  -9.9544393e-06  -7.6500405e-05  7.4170959e-05  4.6370947e-05  -2.2334550e-05  6.5886494e-06  -0.00043451558  -3.1992460e-05  4.5281953e-05  -0.00014763031  0.00027204894  0.00059860938  -0.0021499646  0.0000000   0.0013632047  -0.00032976803  1.2228393e-05  
3.3837223e-06  -8.1030289e-06  1.2119862e-05  -9.7032518e-07  9.1414255e-06  8.8802873e-06  -8.4471539e-05  7.6457693e-05  -9.4614599e-05  1.5670513e-05  -1.4501160e-05  -6.5077724e-05  6.9993758e-06  5.5824456e-05  4.6956347e-05  -6.4820744e-05  -0.00021303350  0.00010481492  8.5023639e-06  4.0117541e-05  -3.0578725e-05  6.1554690e-05  2.9926955e-05  -2.9290923e-05  0.00035204436  -0.00012561289  -0.0010336984  -0.0013632047  0.0000000   2.4808494e-05  -0.00092936377  3.3837223e-06  -8.1030289e-06  1.2119862e-05  -9.7032518e-07  9.1414255e-06  8.8802873e-06  -8.4471539e-05  7.6457693e-05  -9.4614599e-05  1.5670513e-05  -1.4501160e-05  -6.5077724e-05  6.9993758e-06  5.5824456e-05  4.6956347e-05  -6.4820744e-05  -0.00021303350  0.00010481492  8.5023639e-06  4.0117541e-05  -3.0578725e-05  6.1554690e-05  2.9926955e-05  -2.9290923e-05  0.00035204436  -0.00012561289  -0.0010336984  -0.0013632047  0.0000000   2.4808494e-05  -0.00092936377  
1.3865017e-05  -1.3652763e-05  0.00011971673  -7.2539553e-06  -2.7911273e-05  1.1093520e-05  2.0029771e-05  -1.9726378e-05  -8.9435342e-06  1.0497812e-06  -1.6502315e-05  3.0708180e-05  -1.0123408e-05  4.0959639e-05  0.00024236455  2.5589087e-05  6.2525026e-05  -1.8138217e-05  -4.0466473e-05  0.00029625959  2.2533198e-05  0.00032388793  2.4564299e-06  -1.7773259e-06  -3.1305444e-05  6.7755343e-05  0.00016572539  0.00032976803  -2.4808494e-05  0.0000000   -0.0029956095  1.3865017e-05  -1.3652763e-05  0.00011971673  -7.2539553e-06  -2.7911273e-05  1.1093520e-05  2.0029771e-05  -1.9726378e-05  -8.9435342e-06  1.0497812e-06  -1.6502315e-05  3.0708180e-05  -1.0123408e-05  4.0959639e-05  0.00024236455  2.5589087e-05  6.2525026e-05  -1.8138217e-05  -4.0466473e-05  0.00029625959  2.2533198e-05  0.00032388793  2.4564299e-06  -1.7773259e-06  -3.1305444e-05  6.7755343e-05  0.00016572539  0.00032976803  -2.4808494e-05  0.0000000   -0.0029956095  
8.0202914e-05  3.7768231e-05  9.8503996e-05  5.0423354e-06  -1.4191609e-05  6.6713027e-06  1.4110932e-06  -2.3501694e-05  2.6737332e-06  1.4457339e-05  9.8222404e-05  3.3207363e-05  1.6231426e-05  -2.1644991e-06  3.1098445e-05  -8.0447937e-05  1.1731100e-05  7.6186372e-06  -9.9385875e-06  -9.6035740e-05  -8.1460301e-06  0.00018337879  6.1746134e-06  3.4573181e-05  -6.7816382e-06  1.1831701e-05  -7.8565099e-05  -1.2228393e-05  0.00092936377  0.0029956095  0.0000000   8.0202914e-05  3.7768231e-05  9.8503996e-05  5.0423354e-06  -1.4191609e-05  6.6713027e-06  1.4110932e-06  -2.3501694e-05  2.6737332e-06  1.4457339e-05  9.8222404e-05  3.3207363e-05  1.6231426e-05  -2.1644991e-06  3.1098445e-05  -8.0447937e-05  1.1731100e-05  7.6186372e-06  -9.9385875e-06  -9.6035740e-05  -8.1460301e-06  0.00018337879  6.1746134e-06  3.4573181e-05  -6.7816382e-06  1.1831701e-05  -7.8565099e-05  -1.2228393e-05  0.00092936377  0.0029956095  0.0000000   
0.0000000   0.0044205370  7.7783312e-05  -0.00021687805  0.00013353685  -4.7174892e-05  5.3031209e-05  -5.6276893e-05  -3.7652739e-05  -2.5695055e-05  -0.00018964265  -2.0392620e-05  -4.4177691e-07  -6.0225431e-05  -0.00013510242  -0.00016004501  -2.2255800e-05  1.0347975e-05  -0.00016076530  5.8634383e-05  1.1142190e-05  5.4644827e-05  -3.1319791e-05  -9.5579949e-06  -1.0956515e-05  1.0258458e-06  -2.9457392e-05  -1.7048178e-05  -3.3837223e-06  -1.3865017e-05  -8.0202914e-05  0.0000000   0.0044205370  7.7783312e-05  -0.00021687805  0.00013353685  -4.7174892e-05  5.3031209e-05  -5.6276893e-05  -3.7652739e-05  -2.5695055e-05  -0.00018964265  -2.0392620e-05  -4.4177691e-07  -6.0225431e-05  -0.00013510242  -0.00016004501  -2.2255800e-05  1.0347975e-05  -0.00016076530  5.8634383e-05  1.1142190e-05  5.4644827e-05  -3.1319791e-05  -9.5579949e-06  -1.0956515e-05  1.0258458e-06  -2.9457392e-05  -1.7048178e-05  -3.3837223e-06  -1.3865017e-05  -8.0202914e-05  
-0.0044205370  0.0000000   0.0016879806  -0.00032562801  -0.00022489729  0.00012937467  -4.7857338e-05  1.8791758e-05  -4.5508036e-05  5.3073923e-05  0.00046178351  2.9014015e-05  4.1825115e-05  7.7148725e-06  -1.8252119e-05  -0.00014386618  -1.5608232e-05  1.0213892e-05  -0.00012621720  -2.9276367e-05  -4.5490416e-05  4.8060378e-05  -4.0685157e-06  -1.0224405e-05  1.5707128e-05  9.5019396e-06  -1.9359838e-05  -1.2340400e-05  8.1030289e-06  1.3652763e-05  -3.7768231e-05  -0.0044205370  0.0000000   0.0016879806  -0.00032562801  -0.00022489729  0.00012937467  -4.7857338e-05  1.8791758e-05  -4.5508036e-05  5.3073923e-05  0.00046178351  2.9014015e-05  4.1825115e-05  7.7148725e-06  -1.8252119e-05  -0.00014386618  -1.5608232e-05  1.0213892e-05  -0.00012621720  -2.9276367e-05  -4.5490416e-05  4.8060378e-05  -4.0685157e-06  -1.0224405e-05  1.5707128e-05  9.5019396e-06  -1.9359838e-05  -1.2340400e-05  8.1030289e-06  1.3652763e-05  -3.7768231e-05  
-7.7783312e-05  -0.0016879806  0.0000000   0.00067148764  -0.00015035913  -0.00010180279  0.00010712605  0.00012734328  -2.8198134e-06  -1.1207017e-05  0.00016830028  8.2947905e-06  -6.2544256e-05  7.9009904e-07  -0.00012024566  -0.00014071271  1.7818408e-05  2.3810297e-06  0.00020544323  7.3445097e-05  -2.8491668e-06  0.00021303077  1.3758851e-05  -1.4653622e-05  3.0402013e-06  -9.3450905e-06  4.7423382e-06  1.1382799e-05  -1.2119862e-05  -0.00011971673  -9.8503996e-05  -7.7783312e-05  -0.0016879806  0.0000000   0.00067148764  -0.00015035913  -0.00010180279  0.00010712605  0.00012734328  -2.8198134e-06  -1.1207017e-05  0.00016830028  8.2947905e-06  -6.2544256e-05  7.9009904e-07  -0.00012024566  -0.00014071271  1.7818408e-05  2.3810297e-06  0.00020544323  7.3445097e-05  -2.8491668e-06  0.00021303077  1.3758851e-05  -1.4653622e-05  3.0402013e-06  -9.3450905e-06  4.7423382e-06  1.1382799e-05  -1.2119862e-05  -0.00011971673  -9.8503996e-05  
0.00021687805  0.00032562801  -0.00067148764  0.0000000   -0.0080347152  0.0015915167  -0.0014390133  0.0015315894  -0.00090745821  -0.00012280297  -3.1944691e-05  -0.00021082151  0.00040725137  -3.7110213e-06  -1.2990481e-05  0.00010610134  -0.00010760467  3.8810514e-05  4.8573685e-06  -2.9646575e-05  -6.2944847e-05  -2.3143295e-06  -0.00020392556  -0.00015621563  2.0911469e-05  2.6300196e-05  -0.00010057570  -9.8297533e-05  9.7032518e-07  7.2539553e-06  -5.0423354e-06  0.00021687805  0.00032562801  -0.00067148764  0.0000000   -0.0080347152  0.0015915167  -0.0014390133  0.0015315894  -0.00090745821  -0.00012280297  -3.1944691e-05  -0.00021082151  0.00040725137  -3.7110213e-06  -1.2990481e-05  0.00010610134  -0.00010760467  3.8810514e-05  4.8573685e-06  -2.9646575e-05  -6.2944847e-05  -2.3143295e-06  -0.00020392556  -0.00015621563  2.0911469e-05  2.6300196e-05  -0.00010057570  -9.8297533e-05  9.7032518e-07  7.2539553e-06  -5.0423354e-06  
-0.00013353685  0.00022489729  0.00015035913  0.0080347152  0.0000000   -0.0020465339  0.0021223623  0.0010373777  0.00012557954  -0.00050657529  5.3931606e-05  0.00018233751  -0.00037594408  0.00011664137  8.0182601e-05  2.7310378e-08  0.00013165309  -3.1197166e-05  -2.3533608e-05  -2.2700573e-05  -6.6946386e-05  1.7115384e-06  0.00013814030  -1.0504109e-05  7.3955233e-05  -3.4858762e-05  9.8351773e-05  8.0395607e-06  -9.1414255e-06  2.7911273e-05  1.4191609e-05  -0.00013353685  0.00022489729  0.00015035913  0.0080347152  0.0000000   -0.0020465339  0.0021223623  0.0010373777  0.00012557954  -0.00050657529  5.3931606e-05  0.00018233751  -0.00037594408  0.00011664137  8.0182601e-05  2.7310378e-08  0.00013165309  -3.1197166e-05  -2.3533608e-05  -2.2700573e-05  -6.6946386e-05  1.7115384e-06  0.00013814030  -1.0504109e-05  7.3955233e-05  -3.4858762e-05  9.8351773e-05  8.0395607e-06  -9.1414255e-06  2.7911273e-05  1.4191609e-05  
4.7174892e-05  -0.00012937467  0.00010180279  -0.0015915167  0.0020465339  0.0000000   0.00024357253  -0.0013564423  0.00077852262  0.00017896083  -3.7595977e-05  -0.00012637185  0.00032082558  -0.00024768675  5.8218051e-05  -3.6881337e-05  -0.00011136089  7.0906602e-06  1.6672840e-05  1.7233552e-05  -8.5514763e-06  -7.2274291e-06  -6.8340620e-05  0.00016097791  0.00017672936  0.00013654175  -2.4763344e-05  -0.00021908106  -8.8802873e-06  -1.1093520e-05  -6.6713027e-06  4.7174892e-05  -0.00012937467  0.00010180279  -0.0015915167  0.0020465339  0.0000000   0.00024357253  -0.0013564423  0.00077852262  0.00017896083  -3.7595977e-05  -0.00012637185  0.00032082558  -0.00024768675  5.8218051e-05  -3.6881337e-05  -0.00011136089  7.0906602e-06  1.6672840e-05  1.7233552e-05  -8.5514763e-06  -7.2274291e-06  -6.8340620e-05  0.00016097791  0.00017672936  0.00013654175  -2.4763344e-05  -0.00021908106  -8.8802873e-06  -1.1093520e-05  -6.6713027e-06  
-5.3031209e-05  4.7857338e-05  -0.00010712605  0.0014390133  -0.0021223623  -0.00024357253  0.0000000   -0.00083547466  0.0015728785  -0.0011989953  1.2974981e-05  0.00019279192  0.00029612970  -1.0918168e-05  -1.0625615e-05  5.4160497e-05  0.00033939013  2.6564205e-05  -1.4431633e-05  -2.7284984e-05  0.00036106202  2.3614855e-05  3.9752123e-05  0.00010303994  2.5593983e-05  -2.4364441e-05  1.1849802e-05  -1.5985222e-05  8.4471539e-05  -2.0029771e-05  -1.4110932e-06  -5.3031209e-05  4.7857338e-05  -0.00010712605  0.0014390133  -0.0021223623  -0.00024357253  0.0000000   -0.00083547466  0.0015728785  -0.0011989953  1.2974981e-05  0.00019279192  0.00029612970  -1.0918168e-05  -1.0625615e-05  5.4160497e-05  0.00033939013  2.6564205e-05  -1.4431633e-05  -2.7284984e-05  0.00036106202  2.3614855e-05  3.9752123e-05  0.00010303994  2.5593983e-05  -2.4364441e-05  1.1849802e-05  -1.5985222e-05  8.4471539e-05  -2.0029771e-05  -1.4110932e-06  
5.6276893e-05  -1.8791758e-05  -0.00012734328  -0.0015315894  -0.0010373777  0.0013564423  0.00083547466  0.0000000   -0.0042409122  0.00075663381  2.8301453e-06  -0.00065468625  -0.00081729027  -5.2641050e-05  -1.6795474e-05  -5.3179985e-05  -0.00045865058  -1.7777482e-05  2.9359071e-05  5.7711409e-06  1.2328711e-05  -1.7106320e-05  -0.00036375141  -0.00034555193  -0.00017142725  3.8807868e-05  -0.00018654146  0.00013151710  -7.6457693e-05  1.9726378e-05  2.3501694e-05  5.6276893e-05  -1.8791758e-05  -0.00012734328  -0.0015315894  -0.0010373777  0.0013564423  0.00083547466  0.0000000   -0.0042409122  0.00075663381  2.8301453e-06  -0.00065468625  -0.00081729027  -5.2641050e-05  -1.6795474e-05  -5.3179985e-05  -0.00045865058  -1.7777482e-05  2.9359071e-05  5.7711409e-06  1.2328711e-05  -1.7106320e-05  -0.00036375141  -0.00034555193  -0.00017142725  3.8807868e-05  -0.00018654146  0.00013151710  -7.6457693e-05  1.9726378e-05  2.3501694e-05  
3.7652739e-05  4.5508036e-05  2.8198134e-06  0.00090745821  -0.00012557954  -0.00077852262  -0.0015728785  0.0042409122  0.0000000   -0.00043140650  6.7028835e-05  -0.00024070028  -0.00013696472  5.4647241e-07  -1.0712317e-05  2.1461276e-05  2.8032804e-05  0.00018406795  -3.8775400e-05  -7.1104510e-05  0.00033325860  -2.8259005e-05  -6.1688475e-05  -3.4226879e-05  9.7633375e-06  4.7758275e-05  3.2924116e-05  0.00018436420  9.4614599e-05  8.9435342e-06  -2.6737332e-06  3.7652739e-05  4.5508036e-05  2.8198134e-06  0.00090745821  -0.00012557954  -0.00077852262  -0.0015728785  0.0042409122  0.0000000   -0.00043140650  6.7028835e-05  -0.00024070028  -0.00013696472  5.4647241e-07  -1.0712317e-05  2.1461276e-05  2.8032804e-05  0.00018406795  -3.8775400e-05  -7.1104510e-05  0.00033325860  -2.8259005e-05  -6.1688475e-05  -3.4226879e-05  9.7633375e-06  4.7758275e-05  3.2924116e-05  0.00018436420  9.4614599e-05  8.9435342e-06  -2.6737332e-06  
2.5695055e-05  -5.3073923e-05  1.1207017e-05  0.00012280297  0.00050657529  -0.00017896083  0.0011989953  -0.00075663381  0.00043140650  0.0000000   2.3290904e-06  0.00028725463  0.00013344673  2.8383230e-06  5.7924856e-05  -1.8968551e-05  0.00022542781  -6.1538246e-05  -1.0118477e-06  2.8119545e-07  -0.00014726997  7.9540502e-06  4.6057566e-06  1.1497951e-05  0.00019760697  0.00010065718  -7.5200052e-06  -0.00014221724  -1.5670513e-05  -1.0497812e-06  -1.4457339e-05  2.5695055e-05  -5.3073923e-05  1.1207017e-05  0.00012280297  0.00050657529  -0.00017896083  0.0011989953  -0.00075663381  0.00043140650  0.0000000   2.3290904e-06  0.00028725463  0.00013344673  2.8383230e-06  5.7924856e-05  -1.8968551e-05  0.00022542781  -6.1538246e-05  -1.0118477e-06  2.8119545e-07  -0.00014726997  7.9540502e-06  4.6057566e-06  1.1497951e-05  0.00019760697  0.00010065718  -7.5200052e-06  -0.00014221724  -1.5670513e-05  -1.0497812e-06  -1.4457339e-05  
0.00018964265  -0.00046178351  -0.00016830028  3.1944691e-05  -5.3931606e-05  3.7595977e-05  -1.2974981e-05  -2.8301453e-06  -6.7028835e-05  -2.3290904e-06  0.0000000   -2.8914659e-05  6.2228339e-05  -1.3904396e-05  0.00013956229  3.6399375e-05  1.1679904e-05  5.1130747e-06  0.00035211630  -0.00031721746  -3.3219175e-05  -6.9661406e-05  2.1412514e-06  -1.7798527e-05  -2.5514845e-05  -1.2055159e-05  -3.5258565e-06  1.3622683e-05  1.4501160e-05  1.6502315e-05  -9.8222404e-05  0.00018964265  -0.00046178351  -0.00016830028  3.1944691e-05  -5.3931606e-05  3.7595977e-05  -1.2974981e-05  -2.8301453e-06  -6.7028835e-05  -2.3290904e-06  0.0000000   -2.8914659e-05  6.2228339e-05  -1.3904396e-05  0.00013956229  3.6399375e-05  1.1679904e-05  5.1130747e-06  0.00035211630  -0.00031721746  -3.3219175e-05  -6.9661406e-05  2.1412514e-06  -1.7798527e-05  -2.5514845e-05  -1.2055159e-05  -3.5258565e-06  1.3622683e-05  1.4501160e-05  1.6502315e-05  -9.8222404e-05  
