0.0000000   0.00075230736  -0.0012333855  -0.00039097212  -0.00036321031  -0.00061430521  -4.5202611e-05  0.00042777469  -6.9876643e-05  4.3469814e-05  0.00020887775  -0.00022057080  0.00010239824  0.00013046353  5.0315394e-05  0.00033831652  -0.00018085714  -5.4089248e-05  4.6140372e-05  6.9856467e-05  8.1514583e-06  0.00012381615  4.7539610e-05  9.2709801e-06  -6.4643986e-05  -8.1890811e-05  -5.6672568e-05  9.0847306e-05  -0.00016640353  2.6571171e-05  -0.00012321768  0.0000000   0.00075230736  -0.0012333855  -0.00039097212  -0.00036321031  -0.00061430521  -4.5202611e-05  0.00042777469  -6.9876643e-05  4.3469814e-05  0.00020887775  -0.00022057080  0.00010239824  0.00013046353  5.0315394e-05  0.00033831652  -0.00018085714  -5.4089248e-05  4.6140372e-05  6.9856467e-05  8.1514583e-06  0.00012381615  4.7539610e-05  9.2709801e-06  -6.4643986e-05  -8.1890811e-05  -5.6672568e-05  9.0847306e-05  -0.00016640353  2.6571171e-05  -0.00012321768  
-0.00075230736  0.0000000   -0.0097268910  -0.0028143424  -0.00024262715  0.00037327410  -0.00054172620  8.7337404e-06  -0.00048520407  2.9882209e-05  -0.00010813871  0.00013189836  0.00074611766  0.00033777841  0.00051904286  1.6886869e-05  -0.00031182483  -5.3546316e-05  0.00021024909  0.00034321741  -1.5000174e-05  0.00048030665  0.00024864319  3.4449247e-05  -0.00040634655  5.5500732e-05  0.00016972107  0.00021044702  -5.6227383e-05  8.5321074e-05  -1.0240927e-05  -0.00075230736  0.0000000   -0.0097268910  -0.0028143424  -0.00024262715  0.00037327410  -0.00054172620  8.7337404e-06  -0.00048520407  2.9882209e-05  -0.00010813871  0.00013189836  0.00074611766  0.00033777841  0.00051904286  1.6886869e-05  -0.00031182483  -5.3546316e-05  0.00021024909  0.00034321741  -1.5000174e-05  0.00048030665  0.00024864319  3.4449247e-05  -0.00040634655  5.5500732e-05  0.00016972107  0.00021044702  -5.6227383e-05  8.5321074e-05  -1.0240927e-05  
0.0012333855  0.0097268910  0.0000000   -0.0039081300  0.00039044227  0.00031565297  -0.0013833035  -0.00013925868  5.3503422e-05  -0.00011184404  -0.00015011373  0.00045090390  0.00061023087  8.2448300e-05  0.00023746903  -0.00010297138  2.6023546e-05  6.8287243e-05  0.00024662622  0.00055770462  -0.00012586870  0.00029795892  0.00021745634  2.4869250e-05  -0.00022371140  4.4737678e-06  7.0392383e-05  5.4356005e-05  -9.4340395e-06  5.7751802e-05  5.2998568e-05  0.0012333855  0.0097268910  0.0000000   -0.0039081300  0.00039044227  0.00031565297  -0.0013833035  -0.00013925868  5.3503422e-05  -0.00011184404  -0.00015011373  0.00045090390  0.00061023087  8.2448300e-05  0.00023746903  -0.00010297138  2.6023546e-05  6.8287243e-05  0.00024662622  0.00055770462  -0.00012586870  0.00029795892  0.00021745634  2.4869250e-05  -0.00022371140  4.4737678e-06  7.0392383e-05  5.4356005e-05  -9.4340395e-06  5.7751802e-05  5.2998568e-05  
0.00039097212  0.0028143424  0.0039081300  0.0000000   0.00019168144  0.00013030109  0.0017800742  -0.00046755509  0.00013455058  0.00013611598  -0.00011336526  0.00026990026  0.00062234034  0.00031917251  0.00016279936  0.00013673370  0.00023691325  3.0459850e-05  0.00024651164  0.00039041162  5.5508405e-05  0.00026912365  0.00010616496  -1.1107760e-05  -0.00030458944  -7.7192036e-06  0.00013345406  0.00011263007  -4.9351472e-05  3.2324907e-05  9.5984340e-06  0.00039097212  0.0028143424  0.0039081300  0.0000000   0.00019168144  0.00013030109  0.0017800742  -0.00046755509  0.00013455058  0.00013611598  -0.00011336526  0.00026990026  0.00062234034  0.00031917251  0.00016279936  0.00013673370  0.00023691325  3.0459850e-05  0.00024651164  0.00039041162  5.5508405e-05  0.00026912365  0.00010616496  -1.1107760e-05  -0.00030458944  -7.7192036e-06  0.00013345406  0.00011263007  -4.9351472e-05  3.2324907e-05  9.5984340e-06  
0.00036321031  0.00024262715  -0.00039044227  -0.00019168144  0.0000000   3.7931286e-06  0.00011717297  0.00033661635  5.8436751e-05  -0.00071983069  -0.00049506602  0.00032357193  0.00025127336  -0.00068762054  4.8727981e-05  -0.00051656645  0.00024015264  -0.00027118518  1.4691333e-05  2.4912557e-05  -6.4216896e-05  -4.5196441e-05  -8.5872916e-06  -0.00019089236  -1.9008081e-05  -9.4312630e-06  -2.1480771e-05  6.7612797e-05  0.00015128495  -1.6772449e-06  -3.2877611e-05  0.00036321031  0.00024262715  -0.00039044227  -0.00019168144  0.0000000   3.7931286e-06  0.00011717297  0.00033661635  5.8436751e-05  -0.00071983069  -0.00049506602  0.00032357193  0.00025127336  -0.00068762054  4.8727981e-05  -0.00051656645  0.00024015264  -0.00027118518  1.4691333e-05  2.4912557e-05  -6.4216896e-05  -4.5196441e-05  -8.5872916e-06  -0.00019089236  -1.9008081e-05  -9.4312630e-06  -2.1480771e-05  6.7612797e-05  0.00015128495  -1.6772449e-06  -3.2877611e-05  
0.00061430521  -0.00037327410  -0.00031565297  -0.00013030109  -3.7931286e-06  0.0000000   -0.00044225823  -0.0029387247  0.00023176289  -2.2947744e-05  0.00062078287  0.00068224925  -0.00013333074  0.00014416935  -1.0377350e-05  -0.00036879478  0.00017359790  -2.9298161e-09  -1.4654619e-05  -1.7340597e-05  -1.6279494e-05  -8.4215308e-05  -4.5824227e-05  7.8952670e-05  5.6557286e-06  -0.00018279774  3.7608452e-05  -3.2327600e-05  6.3773441e-05  -8.6588560e-06  -9.6988041e-05  0.00061430521  -0.00037327410  -0.00031565297  -0.00013030109  -3.7931286e-06  0.0000000   -0.00044225823  -0.0029387247  0.00023176289  -2.2947744e-05  0.00062078287  0.00068224925  -0.00013333074  0.00014416935  -1.0377350e-05  -0.00036879478  0.00017359790  -2.9298161e-09  -1.4654619e-05  -1.7340597e-05  -1.6279494e-05  -8.4215308e-05  -4.5824227e-05  7.8952670e-05  5.6557286e-06  -0.00018279774  3.7608452e-05  -3.2327600e-05  6.3773441e-05  -8.6588560e-06  -9.6988041e-05  
4.5202611e-05  0.00054172620  0.0013833035  -0.0017800742  -0.00011717297  0.00044225823  0.0000000   -0.00023045705  -0.00048624197  0.00029043512  6.3755481e-05  -0.00025863761  0.00019593857  0.00028813709  -0.00032953148  0.00013730157  2.8223352e-05  -6.8055434e-05  -2.9538095e-05  -0.00031335055  0.00017074263  0.00015782088  0.00019300061  -3.7367866e-05  -5.4578217e-05  -9.0178892e-06  1.9545635e-05  3.0779230e-05  -5.5684524e-05  -3.7486526e-05  -6.5001673e-05  4.5202611e-05  0.00054172620  0.0013833035  -0.0017800742  -0.00011717297  0.00044225823  0.0000000   -0.00023045705  -0.00048624197  0.00029043512  6.3755481e-05  -0.00025863761  0.00019593857  0.00028813709  -0.00032953148  0.00013730157  2.8223352e-05  -6.8055434e-05  -2.9538095e-05  -0.00031335055  0.00017074263  0.00015782088  0.00019300061  -3.7367866e-05  -5.4578217e-05  -9.0178892e-06  1.9545635e-05  3.0779230e-05  -5.5684524e-05  -3.7486526e-05  -6.5001673e-05  
-0.00042777469  -8.7337404e-06  0.00013925868  0.00046755509  -0.00033661635  0.0029387247  0.00023045705  0.0000000   -0.00031897106  0.0029422674  0.00047990082  -0.0017786460  -7.6536075e-05  0.0011595892  -2.0079848e-05  0.0010348454  -0.00052827694  -0.00025744117  1.4639320e-05  6.7767597e-05  3.7462935e-05  6.7116976e-05  1.6943545e-05  -0.00025739486  8.2765551e-07  0.00014808042  -4.4217645e-05  -3.7757244e-05  -0.00041290828  3.1559274e-05  -0.00041170943  -0.00042777469  -8.7337404e-06  0.00013925868  0.00046755509  -0.00033661635  0.0029387247  0.00023045705  0.0000000   -0.00031897106  0.0029422674  0.00047990082  -0.0017786460  -7.6536075e-05  0.0011595892  -2.0079848e-05  0.0010348454  -0.00052827694  -0.00025744117  1.4639320e-05  6.7767597e-05  3.7462935e-05  6.7116976e-05  1.6943545e-05  -0.00025739486  8.2765551e-07  0.00014808042  -4.4217645e-05  -3.7757244e-05  -0.00041290828  3.1559274e-05  -0.00041170943  
6.9876643e-05  0.00048520407  -5.3503422e-05  -0.00013455058  -5.8436751e-05  -0.00023176289  0.00048624197  0.00031897106  0.0000000   -0.00031973021  -8.0372216e-05  0.00045870990  0.00031649685  0.00021806132  -8.4850310e-05  -0.00011175493  0.00024378416  2.7783528e-06  -0.00023937734  0.00020625919  0.00018588663  -7.4061229e-05  -8.4226296e-05  -3.8218560e-05  -2.5043403e-05  -1.9724250e-05  0.00010929212  9.4371366e-05  -3.6455916e-05  -8.2956093e-05  -2.9645038e-05  6.9876643e-05  0.00048520407  -5.3503422e-05  -0.00013455058  -5.8436751e-05  -0.00023176289  0.00048624197  0.00031897106  0.0000000   -0.00031973021  -8.0372216e-05  0.00045870990  0.00031649685  0.00021806132  -8.4850310e-05  -0.00011175493  0.00024378416  2.7783528e-06  -0.00023937734  0.00020625919  0.00018588663  -7.4061229e-05  -8.4226296e-05  -3.8218560e-05  -2.5043403e-05  -1.9724250e-05  0.00010929212  9.4371366e-05  -3.6455916e-05  -8.2956093e-05  -2.9645038e-05  
-4.3469814e-05  -2.9882209e-05  0.00011184404  -0.00013611598  0.00071983069  2.2947744e-05  -0.00029043512  -0.0029422674  0.00031973021  0.0000000   -0.00039417775  -0.0026437992  0.00072810661  -0.00064575434  -1.5547992e-06  0.00090683634  -0.00036583718  -0.00011761468  9.2593149e-06  4.8567951e-05  2.8507935e-05  2.7402432e-05  -2.9897323e-06  0.00032953198  -3.2695373e-05  5.3028966e-05  -2.9452690e-05  0.00011240142  0.00026342040  -4.6193833e-05  0.00033020515  -4.3469814e-05  -2.9882209e-05  0.00011184404  -0.00013611598  0.00071983069  2.2947744e-05  -0.00029043512  -0.0029422674  0.00031973021  0.0000000   -0.00039417775  -0.0026437992  0.00072810661  -0.00064575434  -1.5547992e-06  0.00090683634  -0.00036583718  -0.00011761468  9.2593149e-06  4.8567951e-05  2.8507935e-05  2.7402432e-05  -2.9897323e-06  0.00032953198  -3.2695373e-05  5.3028966e-05  -2.9452690e-05  0.00011240142  0.00026342040  -4.6193833e-05  0.00033020515  
-0.00020887775  0.00010813871  0.00015011373  0.00011336526  0.00049506602  -0.00062078287  -6.3755481e-05  -0.00047990082  8.0372216e-05  0.00039417775  0.0000000   -0.0029834588  0.00025467480  0.0012565704  0.00018208438  0.00045446350  -0.00028246553  -0.00023442007  8.9415609e-05  0.00010649702  -3.7123948e-05  8.2520106e-05  5.7302902e-05  0.00013537934  -4.9619408e-05  0.00013114868  7.1334349e-06  3.2559027e-05  -6.5605645e-05  1.6362553e-05  3.2761266e-05  -0.00020887775  0.00010813871  0.00015011373  0.00011336526  0.00049506602  -0.00062078287  -6.3755481e-05  -0.00047990082  8.0372216e-05  0.00039417775  0.0000000   -0.0029834588  0.00025467480  0.0012565704  0.00018208438  0.00045446350  -0.00028246553  -0.00023442007  8.9415609e-05  0.00010649702  -3.7123948e-05  8.2520106e-05  5.7302902e-05  0.00013537934  -4.9619408e-05  0.00013114868  7.1334349e-06  3.2559027e-05  -6.5605645e-05  1.6362553e-05  3.2761266e-05  
0.00022057080  -0.00013189836  -0.00045090390  -0.00026990026  -0.00032357193  -0.00068224925  0.00025863761  0.0017786460  -0.00045870990  0.0026437992  0.0029834588  0.0000000   0.0017974083  -0.0043027059  -0.00013185308  -0.0018596836  0.0011153618  0.00097777749  -0.00025022722  -0.00014412994  -2.5580670e-05  -0.00035782096  -0.00017398017  0.00049292374  8.5810509e-05  0.00021676801  0.00032259327  -0.00028737721  0.00058439252  -5.8444608e-05  0.00038239474  0.00022057080  -0.00013189836  -0.00045090390  -0.00026990026  -0.00032357193  -0.00068224925  0.00025863761  0.0017786460  -0.00045870990  0.0026437992  0.0029834588  0.0000000   0.0017974083  -0.0043027059  -0.00013185308  -0.0018596836  0.0011153618  0.00097777749  -0.00025022722  -0.00014412994  -2.5580670e-05  -0.00035782096  -0.00017398017  0.00049292374  8.5810509e-05  0.00021676801  0.00032259327  -0.00028737721  0.00058439252  -5.8444608e-05  0.00038239474  
-0.00010239824  -0.00074611766  -0.00061023087  -0.00062234034  -0.00025127336  0.00013333074  -0.00019593857  7.6536075e-05  -0.00031649685  -0.00072810661  -0.00025467480  -0.0017974083  0.0000000   0.0012958029  -0.0012242339  0.00039411124  0.00087991703  -3.9388552e-05  -0.00043969269  -0.00049110767  0.00020398304  -0.00037223330  -0.00037361109  -0.00018192472  0.00020090428  -0.00013554915  -0.00012994137  -0.00011430786  -4.4473084e-05  -1.8273594e-05  -8.3680245e-05  -0.00010239824  -0.00074611766  -0.00061023087  -0.00062234034  -0.00025127336  0.00013333074  -0.00019593857  7.6536075e-05  -0.00031649685  -0.00072810661  -0.00025467480  -0.0017974083  0.0000000   0.0012958029  -0.0012242339  0.00039411124  0.00087991703  -3.9388552e-05  -0.00043969269  -0.00049110767  0.00020398304  -0.00037223330  -0.00037361109  -0.00018192472  0.00020090428  -0.00013554915  -0.00012994137  -0.00011430786  -4.4473084e-05  -1.8273594e-05  -8.3680245e-05  
-0.00013046353  -0.00033777841  -8.2448300e-05  -0.00031917251  0.00068762054  -0.00014416935  -0.00028813709  -0.0011595892  -0.00021806132  0.00064575434  -0.0012565704  0.0043027059  -0.0012958029  0.0000000   -0.00092851480  0.0023259436  -0.00057536491  -0.00064537227  -0.00011278953  -0.00032116112  0.00011485353  -7.6484580e-05  -0.00010089893  0.00017491077  6.1463217e-05  0.00047227454  -0.00022357370  9.4726621e-05  -0.00019801083  -6.3962483e-07  -8.4018290e-05  -0.00013046353  -0.00033777841  -8.2448300e-05  -0.00031917251  0.00068762054  -0.00014416935  -0.00028813709  -0.0011595892  -0.00021806132  0.00064575434  -0.0012565704  0.0043027059  -0.0012958029  0.0000000   -0.00092851480  0.0023259436  -0.00057536491  -0.00064537227  -0.00011278953  -0.00032116112  0.00011485353  -7.6484580e-05  -0.00010089893  0.00017491077  6.1463217e-05  0.00047227454  -0.00022357370  9.4726621e-05  -0.00019801083  -6.3962483e-07  -8.4018290e-05  
-5.0315394e-05  -0.00051904286  -0.00023746903  -0.00016279936  -4.8727981e-05  1.0377350e-05  0.00032953148  2.0079848e-05  8.4850310e-05  1.5547992e-06  -0.00018208438  0.00013185308  0.0012242339  0.00092851480  0.0000000   0.0010269172  0.0014183132  1.1720636e-05  -0.00068566374  -0.00020703918  -0.00072909267  -0.00082163492  0.00013495246  -8.2294825e-05  0.00020042149  3.7005058e-05  -1.9414383e-07  1.2760782e-05  -5.5831707e-05  6.8723554e-05  -5.0439443e-05  -5.0315394e-05  -0.00051904286  -0.00023746903  -0.00016279936  -4.8727981e-05  1.0377350e-05  0.00032953148  2.0079848e-05  8.4850310e-05  1.5547992e-06  -0.00018208438  0.00013185308  0.0012242339  0.00092851480  0.0000000   0.0010269172  0.0014183132  1.1720636e-05  -0.00068566374  -0.00020703918  -0.00072909267  -0.00082163492  0.00013495246  -8.2294825e-05  0.00020042149  3.7005058e-05  -1.9414383e-07  1.2760782e-05  -5.5831707e-05  6.8723554e-05  -5.0439443e-05  
-0.00033831652  -1.6886869e-05  0.00010297138  -0.00013673370  0.00051656645  0.00036879478  -0.00013730157  -0.0010348454  0.00011175493  -0.00090683634  -0.00045446350  0.0018596836  -0.00039411124  -0.0023259436  -0.0010269172  0.0000000   0.00015508693  -0.0027233224  -0.00043947267  -0.00025045076  -1.6591220e-05  6.4466633e-05  0.00010764720  7.2712729e-05  5.3240053e-05  -0.00025307994  -6.1662483e-05  1.1046062e-06  -0.00018219595  3.5816638e-05  -0.00017411395  -0.00033831652  -1.6886869e-05  0.00010297138  -0.00013673370  0.00051656645  0.00036879478  -0.00013730157  -0.0010348454  0.00011175493  -0.00090683634  -0.00045446350  0.0018596836  -0.00039411124  -0.0023259436  -0.0010269172  0.0000000   0.00015508693  -0.0027233224  -0.00043947267  -0.00025045076  -1.6591220e-05  6.4466633e-05  0.00010764720  7.2712729e-05  5.3240053e-05  -0.00025307994  -6.1662483e-05  1.1046062e-06  -0.00018219595  3.5816638e-05  -0.00017411395  
0.00018085714  0.00031182483  -2.6023546e-05  -0.00023691325  -0.00024015264  -0.00017359790  -2.8223352e-05  0.00052827694  -0.00024378416  0.00036583718  0.00028246553  -0.0011153618  -0.00087991703  0.00057536491  -0.0014183132  -0.00015508693  0.0000000   0.0011223926  -0.00060031023  0.00020496108  -0.00015434816  -0.00045006992  0.00014145545  -3.1221937e-05  0.00036947028  0.00011467567  8.1152834e-06  -9.6104903e-05  0.00015038347  3.2895459e-05  8.8213028e-05  0.00018085714  0.00031182483  -2.6023546e-05  -0.00023691325  -0.00024015264  -0.00017359790  -2.8223352e-05  0.00052827694  -0.00024378416  0.00036583718  0.00028246553  -0.0011153618  -0.00087991703  0.00057536491  -0.0014183132  -0.00015508693  0.0000000   0.0011223926  -0.00060031023  0.00020496108  -0.00015434816  -0.00045006992  0.00014145545  -3.1221937e-05  0.00036947028  0.00011467567  8.1152834e-06  -9.6104903e-05  0.00015038347  3.2895459e-05  8.8213028e-05  
5.4089248e-05  5.3546316e-05  -6.8287243e-05  -3.0459850e-05  0.00027118518  2.9298161e-09  6.8055434e-05  0.00025744117  -2.7783528e-06  0.00011761468  0.00023442007  -0.00097777749  3.9388552e-05  0.00064537227  -1.1720636e-05  0.0027233224  -0.0011223926  0.0000000   0.00032567515  0.00046843535  -1.3095659e-05  5.9515318e-05  1.1008514e-05  5.4826244e-05  -2.3383996e-05  0.00020770866  0.00029832263  -0.00027284353  0.00035895489  -2.9250959e-05  0.00024065410  5.4089248e-05  5.3546316e-05  -6.8287243e-05  -3.0459850e-05  0.00027118518  2.9298161e-09  6.8055434e-05  0.00025744117  -2.7783528e-06  0.00011761468  0.00023442007  -0.00097777749  3.9388552e-05  0.00064537227  -1.1720636e-05  0.0027233224  -0.0011223926  0.0000000   0.00032567515  0.00046843535  -1.3095659e-05  5.9515318e-05  1.1008514e-05  5.4826244e-05  -2.3383996e-05  0.00020770866  0.00029832263  -0.00027284353  0.00035895489  -2.9250959e-05  0.00024065410  
-4.6140372e-05  -0.00021024909  -0.00024662622  -0.00024651164  -1.4691333e-05  1.4654619e-05  2.9538095e-05  -1.4639320e-05  0.00023937734  -9.2593149e-06  -8.9415609e-05  0.00025022722  0.00043969269  0.00011278953  0.00068566374  0.00043947267  0.00060031023  -0.00032567515  0.0000000   -0.00044001665  0.0021988091  -0.0012675272  -0.00024799078  -3.2543672e-06  0.00061157124  -2.5763754e-05  -0.00011573366  -0.00015043624  -4.2113727e-05  -3.5445974e-05  -5.0313033e-05  -4.6140372e-05  -0.00021024909  -0.00024662622  -0.00024651164  -1.4691333e-05  1.4654619e-05  2.9538095e-05  -1.4639320e-05  0.00023937734  -9.2593149e-06  -8.9415609e-05  0.00025022722  0.00043969269  0.00011278953  0.00068566374  0.00043947267  0.00060031023  -0.00032567515  0.0000000   -0.00044001665  0.0021988091  -0.0012675272  -0.00024799078  -3.2543672e-06  0.00061157124  -2.5763754e-05  -0.00011573366  -0.00015043624  -4.2113727e-05  -3.5445974e-05  -5.0313033e-05  
-6.9856467e-05  -0.00034321741  -0.00055770462  -0.00039041162  -2.4912557e-05  1.7340597e-05  0.00031335055  -6.7767597e-05  -0.00020625919  -4.8567951e-05  -0.00010649702  0.00014412994  0.00049110767  0.00032116112  0.00020703918  0.00025045076  -0.00020496108  -0.00046843535  0.00044001665  0.0000000   -0.0035002557  -0.0058400302  -0.00073354927  -4.6618469e-05  0.0012061773  -5.2879870e-05  -0.00018656783  -0.00025790863  7.6331072e-05  -0.00028388277  -2.0266264e-05  -6.9856467e-05  -0.00034321741  -0.00055770462  -0.00039041162  -2.4912557e-05  1.7340597e-05  0.00031335055  -6.7767597e-05  -0.00020625919  -4.8567951e-05  -0.00010649702  0.00014412994  0.00049110767  0.00032116112  0.00020703918  0.00025045076  -0.00020496108  -0.00046843535  0.00044001665  0.0000000   -0.0035002557  -0.0058400302  -0.00073354927  -4.6618469e-05  0.0012061773  -5.2879870e-05  -0.00018656783  -0.00025790863  7.6331072e-05  -0.00028388277  -2.0266264e-05  
-8.1514583e-06  1.5000174e-05  0.00012586870  -5.5508405e-05  6.4216896e-05  1.6279494e-05  -0.00017074263  -3.7462935e-05  -0.00018588663  -2.8507935e-05  3.7123948e-05  2.5580670e-05  -0.00020398304  -0.00011485353  0.00072909267  1.6591220e-05  0.00015434816  1.3095659e-05  -0.0021988091  0.0035002557  0.0000000   -0.00083421594  0.00048231789  5.1199923e-05  -0.00044269204  4.5082527e-05  9.7005051e-05  0.00018776705  1.4538419e-05  0.00012365305  -2.3948606e-05  -8.1514583e-06  1.5000174e-05  0.00012586870  -5.5508405e-05  6.4216896e-05  1.6279494e-05  -0.00017074263  -3.7462935e-05  -0.00018588663  -2.8507935e-05  3.7123948e-05  2.5580670e-05  -0.00020398304  -0.00011485353  0.00072909267  1.6591220e-05  0.00015434816  1.3095659e-05  -0.0021988091  0.0035002557  0.0000000   -0.00083421594  0.00048231789  5.1199923e-05  -0.00044269204  4.5082527e-05  9.7005051e-05  0.00018776705  1.4538419e-05  0.00012365305  -2.3948606e-05  
-0.00012381615  -0.00048030665  -0.00029795892  -0.00026912365  4.5196441e-05  8.4215308e-05  -0.00015782088  -6.7116976e-05  7.4061229e-05  -2.7402432e-05  -8.2520106e-05  0.00035782096  0.00037223330  7.6484580e-05  0.00082163492  -6.4466633e-05  0.00045006992  -5.9515318e-05  0.0012675272  0.0058400302  0.00083421594  0.0000000   -0.0020456037  0.00018789345  0.0014203041  5.1700901e-05  -0.00049332364  -0.00042047995  6.6236933e-05  -0.00030279125  -0.00012293756  -0.00012381615  -0.00048030665  -0.00029795892  -0.00026912365  4.5196441e-05  8.4215308e-05  -0.00015782088  -6.7116976e-05  7.4061229e-05  -2.7402432e-05  -8.2520106e-05  0.00035782096  0.00037223330  7.6484580e-05  0.00082163492  -6.4466633e-05  0.00045006992  -5.9515318e-05  0.0012675272  0.0058400302  0.00083421594  0.0000000   -0.0020456037  0.00018789345  0.0014203041  5.1700901e-05  -0.00049332364  -0.00042047995  6.6236933e-05  -0.00030279125  -0.00012293756  
-4.7539610e-05  -0.00024864319  -0.00021745634  -0.00010616496  8.5872916e-06  4.5824227e-05  -0.00019300061  -1.6943545e-05  8.4226296e-05  2.9897323e-06  -5.7302902e-05  0.00017398017  0.00037361109  0.00010089893  -0.00013495246  -0.00010764720  -0.00014145545  -1.1008514e-05  0.00024799078  0.00073354927  -0.00048231789  0.0020456037  0.0000000   2.4208410e-05  0.00082069129  5.8186983e-05  -0.00039586728  -0.00034933950  3.0486535e-05  -0.00022198124  -4.9416520e-05  -4.7539610e-05  -0.00024864319  -0.00021745634  -0.00010616496  8.5872916e-06  4.5824227e-05  -0.00019300061  -1.6943545e-05  8.4226296e-05  2.9897323e-06  -5.7302902e-05  0.00017398017  0.00037361109  0.00010089893  -0.00013495246  -0.00010764720  -0.00014145545  -1.1008514e-05  0.00024799078  0.00073354927  -0.00048231789  0.0020456037  0.0000000   2.4208410e-05  0.00082069129  5.8186983e-05  -0.00039586728  -0.00034933950  3.0486535e-05  -0.00022198124  -4.9416520e-05  
-9.2709801e-06  -3.4449247e-05  -2.4869250e-05  1.1107760e-05  0.00019089236  -7.8952670e-05  3.7367866e-05  0.00025739486  3.8218560e-05  -0.00032953198  -0.00013537934  -0.00049292374  0.00018192472  -0.00017491077  8.2294825e-05  -7.2712729e-05  3.1221937e-05  -5.4826244e-05  3.2543672e-06  4.6618469e-05  -5.1199923e-05  -0.00018789345  -2.4208410e-05  0.0000000   2.2197965e-05  -0.00027324562  0.00018089078  -0.00018473319  8.0173341e-05  2.6815758e-05  -0.00065679704  -9.2709801e-06  -3.4449247e-05  -2.4869250e-05  1.1107760e-05  0.00019089236  -7.8952670e-05  3.7367866e-05  0.00025739486  3.8218560e-05  -0.00032953198  -0.00013537934  -0.00049292374  0.00018192472  -0.00017491077  8.2294825e-05  -7.2712729e-05  3.1221937e-05  -5.4826244e-05  3.2543672e-06  4.6618469e-05  -5.1199923e-05  -0.00018789345  -2.4208410e-05  0.0000000   2.2197965e-05  -0.00027324562  0.00018089078  -0.00018473319  8.0173341e-05  2.6815758e-05  -0.00065679704  
6.4643986e-05  0.00040634655  0.00022371140  0.00030458944  1.9008081e-05  -5.6557286e-06  5.4578217e-05  -8.2765551e-07  2.5043403e-05  3.2695373e-05  4.9619408e-05  -8.5810509e-05  -0.00020090428  -6.1463217e-05  -0.00020042149  -5.3240053e-05  -0.00036947028  2.3383996e-05  -0.00061157124  -0.0012061773  0.00044269204  -0.0014203041  -0.00082069129  -2.2197965e-05  0.0000000   -0.00013212525  0.00096616683  0.00079816828  -8.5414030e-05  0.00018182630  8.0067338e-05  6.4643986e-05  0.00040634655  0.00022371140  0.00030458944  1.9008081e-05  -5.6557286e-06  5.4578217e-05  -8.2765551e-07  2.5043403e-05  3.2695373e-05  4.9619408e-05  -8.5810509e-05  -0.00020090428  -6.1463217e-05  -0.00020042149  -5.3240053e-05  -0.00036947028  2.3383996e-05  -0.00061157124  -0.0012061773  0.00044269204  -0.0014203041  -0.00082069129  -2.2197965e-05  0.0000000   -0.00013212525  0.00096616683  0.00079816828  -8.5414030e-05  0.00018182630  8.0067338e-05  
8.1890811e-05  -5.5500732e-05  -4.4737678e-06  7.7192036e-06  9.4312630e-06  0.00018279774  9.0178892e-06  -0.00014808042  1.9724250e-05  -5.3028966e-05  -0.00013114868  -0.00021676801  0.00013554915  -0.00047227454  -3.7005058e-05  0.00025307994  -0.00011467567  -0.00020770866  2.5763754e-05  5.2879870e-05  -4.5082527e-05  -5.1700901e-05  -5.8186983e-05  0.00027324562  0.00013212525  0.0000000   -0.00068884054  0.00022165034  -0.0028450862  6.2270863e-05  -0.00014844826  8.1890811e-05  -5.5500732e-05  -4.4737678e-06  7.7192036e-06  9.4312630e-06  0.00018279774  9.0178892e-06  -0.00014808042  1.9724250e-05  -5.3028966e-05  -0.00013114868  -0.00021676801  0.00013554915  -0.00047227454  -3.7005058e-05  0.00025307994  -0.00011467567  -0.00020770866  2.5763754e-05  5.2879870e-05  -4.5082527e-05  -5.1700901e-05  -5.8186983e-05  0.00027324562  0.00013212525  0.0000000   -0.00068884054  0.00022165034  -0.0028450862  6.2270863e-05  -0.00014844826  
5.6672568e-05  -0.00016972107  -7.0392383e-05  -0.00013345406  2.1480771e-05  -3.7608452e-05  -1.9545635e-05  4.4217645e-05  -0.00010929212  2.9452690e-05  -7.1334349e-06  -0.00032259327  0.00012994137  0.00022357370  1.9414383e-07  6.1662483e-05  -8.1152834e-06  -0.00029832263  0.00011573366  0.00018656783  -9.7005051e-05  0.00049332364  0.00039586728  -0.00018089078  -0.00096616683  0.00068884054  0.0000000   0.00011123606  -0.00016948323  -0.00078594096  0.00046949329  5.6672568e-05  -0.00016972107  -7.0392383e-05  -0.00013345406  2.1480771e-05  -3.7608452e-05  -1.9545635e-05  4.4217645e-05  -0.00010929212  2.9452690e-05  -7.1334349e-06  -0.00032259327  0.00012994137  0.00022357370  1.9414383e-07  6.1662483e-05  -8.1152834e-06  -0.00029832263  0.00011573366  0.00018656783  -9.7005051e-05  0.00049332364  0.00039586728  -0.00018089078  -0.00096616683  0.00068884054  0.0000000   0.00011123606  -0.00016948323  -0.00078594096  0.00046949329  
-9.0847306e-05  -0.00021044702  -5.4356005e-05  -0.00011263007  -6.7612797e-05  3.2327600e-05  -3.0779230e-05  3.7757244e-05  -9.4371366e-05  -0.00011240142  -3.2559027e-05  0.00028737721  0.00011430786  -9.4726621e-05  -1.2760782e-05  -1.1046062e-06  9.6104903e-05  0.00027284353  0.00015043624  0.00025790863  -0.00018776705  0.00042047995  0.00034933950  0.00018473319  -0.00079816828  -0.00022165034  -0.00011123606  0.0000000   -6.5214887e-06  -0.00073177069  -0.00089148660  -9.0847306e-05  -0.00021044702  -5.4356005e-05  -0.00011263007  -6.7612797e-05  3.2327600e-05  -3.0779230e-05  3.7757244e-05  -9.4371366e-05  -0.00011240142  -3.2559027e-05  0.00028737721  0.00011430786  -9.4726621e-05  -1.2760782e-05  -1.1046062e-06  9.6104903e-05  0.00027284353  0.00015043624  0.00025790863  -0.00018776705  0.00042047995  0.00034933950  0.00018473319  -0.00079816828  -0.00022165034  -0.00011123606  0.0000000   -6.5214887e-06  -0.00073177069  -0.00089148660  
0.00016640353  5.6227383e-05  9.4340395e-06  4.9351472e-05  -0.00015128495  -6.3773441e-05  5.5684524e-05  0.00041290828  3.6455916e-05  -0.00026342040  6.5605645e-05  -0.00058439252  4.4473084e-05  0.00019801083  5.5831707e-05  0.00018219595  -0.00015038347  -0.00035895489  4.2113727e-05  -7.6331072e-05  -1.4538419e-05  -6.6236933e-05  -3.0486535e-05  -8.0173341e-05  8.5414030e-05  0.0028450862  0.00016948323  6.5214887e-06  0.0000000   0.00024077501  -0.00077882593  0.00016640353  5.6227383e-05  9.4340395e-06  4.9351472e-05  -0.00015128495  -6.3773441e-05  5.5684524e-05  0.00041290828  3.6455916e-05  -0.00026342040  6.5605645e-05  -0.00058439252  4.4473084e-05  0.00019801083  5.5831707e-05  0.00018219595  -0.00015038347  -0.00035895489  4.2113727e-05  -7.6331072e-05  -1.4538419e-05  -6.6236933e-05  -3.0486535e-05  -8.0173341e-05  8.5414030e-05  0.0028450862  0.00016948323  6.5214887e-06  0.0000000   0.00024077501  -0.00077882593  
-2.6571171e-05  -8.5321074e-05  -5.7751802e-05  -3.2324907e-05  1.6772449e-06  8.6588560e-06  3.7486526e-05  -3.1559274e-05  8.2956093e-05  4.6193833e-05  -1.6362553e-05  5.8444608e-05  1.8273594e-05  6.3962483e-07  -6.8723554e-05  -3.5816638e-05  -3.2895459e-05  2.9250959e-05  3.5445974e-05  0.00028388277  -0.00012365305  0.00030279125  0.00022198124  -2.6815758e-05  -0.00018182630  -6.2270863e-05  0.00078594096  0.00073177069  -0.00024077501  0.0000000   -0.00010350320  -2.6571171e-05  -8.5321074e-05  -5.7751802e-05  -3.2324907e-05  1.6772449e-06  8.6588560e-06  3.7486526e-05  -3.1559274e-05  8.2956093e-05  4.6193833e-05  -1.6362553e-05  5.8444608e-05  1.8273594e-05  6.3962483e-07  -6.8723554e-05  -3.5816638e-05  -3.2895459e-05  2.9250959e-05  3.5445974e-05  0.00028388277  -0.00012365305  0.00030279125  0.00022198124  -2.6815758e-05  -0.00018182630  -6.2270863e-05  0.00078594096  0.00073177069  -0.00024077501  0.0000000   -0.00010350320  
0.00012321768  1.0240927e-05  -5.2998568e-05  -9.5984340e-06  3.2877611e-05  9.6988041e-05  6.5001673e-05  0.00041170943  2.9645038e-05  -0.00033020515  -3.2761266e-05  -0.00038239474  8.3680245e-05  8.4018290e-05  5.0439443e-05  0.00017411395  -8.8213028e-05  -0.00024065410  5.0313033e-05  2.0266264e-05  2.3948606e-05  0.00012293756  4.9416520e-05  0.00065679704  -8.0067338e-05  0.00014844826  -0.00046949329  0.00089148660  0.00077882593  0.00010350320  0.0000000   0.00012321768  1.0240927e-05  -5.2998568e-05  -9.5984340e-06  3.2877611e-05  9.6988041e-05  6.5001673e-05  0.00041170943  2.9645038e-05  -0.00033020515  -3.2761266e-05  -0.00038239474  8.3680245e-05  8.4018290e-05  5.0439443e-05  0.00017411395  -8.8213028e-05  -0.00024065410  5.0313033e-05  2.0266264e-05  2.3948606e-05  0.00012293756  4.9416520e-05  0.00065679704  -8.0067338e-05  0.00014844826  -0.00046949329  0.00089148660  0.00077882593  0.00010350320  0.0000000   
0.0000000   0.00075230736  -0.0012333855  -0.00039097212  -0.00036321031  -0.00061430521  -4.5202611e-05  0.00042777469  -6.9876643e-05  4.3469814e-05  0.00020887775  -0.00022057080  0.00010239824  0.00013046353  5.0315394e-05  0.00033831652  -0.00018085714  -5.4089248e-05  4.6140372e-05  6.9856467e-05  8.1514583e-06  0.00012381615  4.7539610e-05  9.2709801e-06  -6.4643986e-05  -8.1890811e-05  -5.6672568e-05  9.0847306e-05  -0.00016640353  2.6571171e-05  -0.00012321768  0.0000000   0.00075230736  -0.0012333855  -0.00039097212  -0.00036321031  -0.00061430521  -4.5202611e-05  0.00042777469  -6.9876643e-05  4.3469814e-05  0.00020887775  -0.00022057080  0.00010239824  0.00013046353  5.0315394e-05  0.00033831652  -0.00018085714  -5.4089248e-05  4.6140372e-05  6.9856467e-05  8.1514583e-06  0.00012381615  4.7539610e-05  9.2709801e-06  -6.4643986e-05  -8.1890811e-05  -5.6672568e-05  9.0847306e-05  -0.00016640353  2.6571171e-05  -0.00012321768  
-0.00075230736  0.0000000   -0.0097268910  -0.0028143424  -0.00024262715  0.00037327410  -0.00054172620  8.7337404e-06  -0.00048520407  2.9882209e-05  -0.00010813871  0.00013189836  0.00074611766  0.00033777841  0.00051904286  1.6886869e-05  -0.00031182483  -5.3546316e-05  0.00021024909  0.00034321741  -1.5000174e-05  0.00048030665  0.00024864319  3.4449247e-05  -0.00040634655  5.5500732e-05  0.00016972107  0.00021044702  -5.6227383e-05  8.5321074e-05  -1.0240927e-05  -0.00075230736  0.0000000   -0.0097268910  -0.0028143424  -0.00024262715  0.00037327410  -0.00054172620  8.7337404e-06  -0.00048520407  2.9882209e-05  -0.00010813871  0.00013189836  0.00074611766  0.00033777841  0.00051904286  1.6886869e-05  -0.00031182483  -5.3546316e-05  0.00021024909  0.00034321741  -1.5000174e-05  0.00048030665  0.00024864319  3.4449247e-05  -0.00040634655  5.5500732e-05  0.00016972107  0.00021044702  -5.6227383e-05  8.5321074e-05  -1.0240927e-05  
0.0012333855  0.0097268910  0.0000000   -0.0039081300  0.00039044227  0.00031565297  -0.0013833035  -0.00013925868  5.3503422e-05  -0.00011184404  -0.00015011373  0.00045090390  0.00061023087  8.2448300e-05  0.00023746903  -0.00010297138  2.6023546e-05  6.8287243e-05  0.00024662622  0.00055770462  -0.00012586870  0.00029795892  0.00021745634  2.4869250e-05  -0.00022371140  4.4737678e-06  7.0392383e-05  5.4356005e-05  -9.4340395e-06  5.7751802e-05  5.2998568e-05  0.0012333855  0.0097268910  0.0000000   -0.0039081300  0.00039044227  0.00031565297  -0.0013833035  -0.00013925868  5.3503422e-05  -0.00011184404  -0.00015011373  0.00045090390  0.00061023087  8.2448300e-05  0.00023746903  -0.00010297138  2.6023546e-05  6.8287243e-05  0.00024662622  0.00055770462  -0.00012586870  0.00029795892  0.00021745634  2.4869250e-05  -0.00022371140  4.4737678e-06  7.0392383e-05  5.4356005e-05  -9.4340395e-06  5.7751802e-05  5.2998568e-05  
0.00039097212  0.0028143424  0.0039081300  0.0000000   0.00019168144  0.00013030109  0.0017800742  -0.00046755509  0.00013455058  0.00013611598  -0.00011336526  0.00026990026  0.00062234034  0.00031917251  0.00016279936  0.00013673370  0.00023691325  3.0459850e-05  0.00024651164  0.00039041162  5.5508405e-05  0.00026912365  0.00010616496  -1.1107760e-05  -0.00030458944  -7.7192036e-06  0.00013345406  0.00011263007  -4.9351472e-05  3.2324907e-05  9.5984340e-06  0.00039097212  0.0028143424  0.0039081300  0.0000000   0.00019168144  0.00013030109  0.0017800742  -0.00046755509  0.00013455058  0.00013611598  -0.00011336526  0.00026990026  0.00062234034  0.00031917251  0.00016279936  0.00013673370  0.00023691325  3.0459850e-05  0.00024651164  0.00039041162  5.5508405e-05  0.00026912365  0.00010616496  -1.1107760e-05  -0.00030458944  -7.7192036e-06  0.00013345406  0.00011263007  -4.9351472e-05  3.2324907e-05  9.5984340e-06  
0.00036321031  0.00024262715  -0.00039044227  -0.00019168144  0.0000000   3.7931286e-06  0.00011717297  0.00033661635  5.8436751e-05  -0.00071983069  -0.00049506602  0.00032357193  0.00025127336  -0.00068762054  4.8727981e-05  -0.00051656645  0.00024015264  -0.00027118518  1.4691333e-05  2.4912557e-05  -6.4216896e-05  -4.5196441e-05  -8.5872916e-06  -0.00019089236  -1.9008081e-05  -9.4312630e-06  -2.1480771e-05  6.7612797e-05  0.00015128495  -1.6772449e-06  -3.2877611e-05  0.00036321031  0.00024262715  -0.00039044227  -0.00019168144  0.0000000   3.7931286e-06  0.00011717297  0.00033661635  5.8436751e-05  -0.00071983069  -0.00049506602  0.00032357193  0.00025127336  -0.00068762054  4.8727981e-05  -0.00051656645  0.00024015264  -0.00027118518  1.4691333e-05  2.4912557e-05  -6.4216896e-05  -4.5196441e-05  -8.5872916e-06  -0.00019089236  -1.9008081e-05  -9.4312630e-06  -2.1480771e-05  6.7612797e-05  0.00015128495  -1.6772449e-06  -3.2877611e-05  
0.00061430521  -0.00037327410  -0.00031565297  -0.00013030109  -3.7931286e-06  0.0000000   -0.00044225823  -0.0029387247  0.00023176289  -2.2947744e-05  0.00062078287  0.00068224925  -0.00013333074  0.00014416935  -1.0377350e-05  -0.00036879478  0.00017359790  -2.9298161e-09  -1.4654619e-05  -1.7340597e-05  -1.6279494e-05  -8.4215308e-05  -4.5824227e-05  7.8952670e-05  5.6557286e-06  -0.00018279774  3.7608452e-05  -3.2327600e-05  6.3773441e-05  -8.6588560e-06  -9.6988041e-05  0.00061430521  -0.00037327410  -0.00031565297  -0.00013030109  -3.7931286e-06  0.0000000   -0.00044225823  -0.0029387247  0.00023176289  -2.2947744e-05  0.00062078287  0.00068224925  -0.00013333074  0.00014416935  -1.0377350e-05  -0.00036879478  0.00017359790  -2.9298161e-09  -1.4654619e-05  -1.7340597e-05  -1.6279494e-05  -8.4215308e-05  -4.5824227e-05  7.8952670e-05  5.6557286e-06  -0.00018279774  3.7608452e-05  -3.2327600e-05  6.3773441e-05  -8.6588560e-06  -9.6988041e-05  
4.5202611e-05  0.00054172620  0.0013833035  -0.0017800742  -0.00011717297  0.00044225823  0.0000000   -0.00023045705  -0.00048624197  0.00029043512  6.3755481e-05  -0.00025863761  0.00019593857  0.00028813709  -0.00032953148  0.00013730157  2.8223352e-05  -6.8055434e-05  -2.9538095e-05  -0.00031335055  0.00017074263  0.00015782088  0.00019300061  -3.7367866e-05  -5.4578217e-05  -9.0178892e-06  1.9545635e-05  3.0779230e-05  -5.5684524e-05  -3.7486526e-05  -6.5001673e-05  4.5202611e-05  0.00054172620  0.0013833035  -0.0017800742  -0.00011717297  0.00044225823  0.0000000   -0.00023045705  -0.00048624197  0.00029043512  6.3755481e-05  -0.00025863761  0.00019593857  0.00028813709  -0.00032953148  0.00013730157  2.8223352e-05  -6.8055434e-05  -2.9538095e-05  -0.00031335055  0.00017074263  0.00015782088  0.00019300061  -3.7367866e-05  -5.4578217e-05  -9.0178892e-06  1.9545635e-05  3.0779230e-05  -5.5684524e-05  -3.7486526e-05  -6.5001673e-05  
-0.00042777469  -8.7337404e-06  0.00013925868  0.00046755509  -0.00033661635  0.0029387247  0.00023045705  0.0000000   -0.00031897106  0.0029422674  0.00047990082  -0.0017786460  -7.6536075e-05  0.0011595892  -2.0079848e-05  0.0010348454  -0.00052827694  -0.00025744117  1.4639320e-05  6.7767597e-05  3.7462935e-05  6.7116976e-05  1.6943545e-05  -0.00025739486  8.2765551e-07  0.00014808042  -4.4217645e-05  -3.7757244e-05  -0.00041290828  3.1559274e-05  -0.00041170943  -0.00042777469  -8.7337404e-06  0.00013925868  0.00046755509  -0.00033661635  0.0029387247  0.00023045705  0.0000000   -0.00031897106  0.0029422674  0.00047990082  -0.0017786460  -7.6536075e-05  0.0011595892  -2.0079848e-05  0.0010348454  -0.00052827694  -0.00025744117  1.4639320e-05  6.7767597e-05  3.7462935e-05  6.7116976e-05  1.6943545e-05  -0.00025739486  8.2765551e-07  0.00014808042  -4.4217645e-05  -3.7757244e-05  -0.00041290828  3.1559274e-05  -0.00041170943  
6.9876643e-05  0.00048520407  -5.3503422e-05  -0.00013455058  -5.8436751e-05  -0.00023176289  0.00048624197  0.00031897106  0.0000000   -0.00031973021  -8.0372216e-05  0.00045870990  0.00031649685  0.00021806132  -8.4850310e-05  -0.00011175493  0.00024378416  2.7783528e-06  -0.00023937734  0.00020625919  0.00018588663  -7.4061229e-05  -8.4226296e-05  -3.8218560e-05  -2.5043403e-05  -1.9724250e-05  0.00010929212  9.4371366e-05  -3.6455916e-05  -8.2956093e-05  -2.9645038e-05  6.9876643e-05  0.00048520407  -5.3503422e-05  -0.00013455058  -5.8436751e-05  -0.00023176289  0.00048624197  0.00031897106  0.0000000   -0.00031973021  -8.0372216e-05  0.00045870990  0.00031649685  0.00021806132  -8.4850310e-05  -0.00011175493  0.00024378416  2.7783528e-06  -0.00023937734  0.00020625919  0.00018588663  -7.4061229e-05  -8.4226296e-05  -3.8218560e-05  -2.5043403e-05  -1.9724250e-05  0.00010929212  9.4371366e-05  -3.6455916e-05  -8.2956093e-05  -2.9645038e-05  
-4.3469814e-05  -2.9882209e-05  0.00011184404  -0.00013611598  0.00071983069  2.2947744e-05  -0.00029043512  -0.0029422674  0.00031973021  0.0000000   -0.00039417775  -0.0026437992  0.00072810661  -0.00064575434  -1.5547992e-06  0.00090683634  -0.00036583718  -0.00011761468  9.2593149e-06  4.8567951e-05  2.8507935e-05  2.7402432e-05  -2.9897323e-06  0.00032953198  -3.2695373e-05  5.3028966e-05  -2.9452690e-05  0.00011240142  0.00026342040  -4.6193833e-05  0.00033020515  -4.3469814e-05  -2.9882209e-05  0.00011184404  -0.00013611598  0.00071983069  2.2947744e-05  -0.00029043512  -0.0029422674  0.00031973021  0.0000000   -0.00039417775  -0.0026437992  0.00072810661  -0.00064575434  -1.5547992e-06  0.00090683634  -0.00036583718  -0.00011761468  9.2593149e-06  4.8567951e-05  2.8507935e-05  2.7402432e-05  -2.9897323e-06  0.00032953198  -3.2695373e-05  5.3028966e-05  -2.9452690e-05  0.00011240142  0.00026342040  -4.6193833e-05  0.00033020515  
-0.00020887775  0.00010813871  0.00015011373  0.00011336526  0.00049506602  -0.00062078287  -6.3755481e-05  -0.00047990082  8.0372216e-05  0.00039417775  0.0000000   -0.0029834588  0.00025467480  0.0012565704  0.00018208438  0.00045446350  -0.00028246553  -0.00023442007  8.9415609e-05  0.00010649702  -3.7123948e-05  8.2520106e-05  5.7302902e-05  0.00013537934  -4.9619408e-05  0.00013114868  7.1334349e-06  3.2559027e-05  -6.5605645e-05  1.6362553e-05  3.2761266e-05  -0.00020887775  0.00010813871  0.00015011373  0.00011336526  0.00049506602  -0.00062078287  -6.3755481e-05  -0.00047990082  8.0372216e-05  0.00039417775  0.0000000   -0.0029834588  0.00025467480  0.0012565704  0.00018208438  0.00045446350  -0.00028246553  -0.00023442007  8.9415609e-05  0.00010649702  -3.7123948e-05  8.2520106e-05  5.7302902e-05  0.00013537934  -4.9619408e-05  0.00013114868  7.1334349e-06  3.2559027e-05  -6.5605645e-05  1.6362553e-05  3.2761266e-05  
