0.0000000   0.00091873745  2.0512759e-05  -1.7618426e-05  4.1771441e-05  -4.2480675e-05  -0.00026423391  -2.0658124e-05  -0.00028774765  -1.6827173e-05  -0.00030730018  -0.00021928783  4.2893681e-06  2.3431329e-05  -0.00023357486  0.00020028878  -6.2073851e-06  0.00019369791  -4.5418534e-06  1.4419410e-05  1.1622928e-06  1.2576713e-05  6.8372083e-06  7.9014148e-06  5.1817727e-06  1.6084248e-05  -4.0191183e-05  -6.9242759e-05  1.8772003e-05  9.4541324e-07  1.0152504e-05  0.0000000   0.00091873745  2.0512759e-05  -1.7618426e-05  4.1771441e-05  -4.2480675e-05  -0.00026423391  -2.0658124e-05  -0.00028774765  -1.6827173e-05  -0.00030730018  -0.00021928783  4.2893681e-06  2.3431329e-05  -0.00023357486  0.00020028878  -6.2073851e-06  0.00019369791  -4.5418534e-06  1.4419410e-05  1.1622928e-06  1.2576713e-05  6.8372083e-06  7.9014148e-06  5.1817727e-06  1.6084248e-05  -4.0191183e-05  -6.9242759e-05  1.8772003e-05  9.4541324e-07  1.0152504e-05  
-0.00091873745  0.0000000   0.00012445400  0.00071806643  0.00015067245  -2.0774240e-05  0.00033135494  0.00018303190  0.0010876903  0.00010885068  0.00030569914  -0.00014337812  8.3440724e-06  -2.9674442e-05  0.00034000196  5.4595669e-05  -4.0206689e-05  8.5717327e-05  -1.6731814e-05  -1.4080517e-05  3.2093474e-05  4.1847399e-05  -7.1803353e-06  -3.1314116e-05  2.2012037e-05  -1.4627746e-05  0.00014103167  0.00011508540  -3.0374290e-05  1.6372417e-05  2.5255202e-05  -0.00091873745  0.0000000   0.00012445400  0.00071806643  0.00015067245  -2.0774240e-05  0.00033135494  0.00018303190  0.0010876903  0.00010885068  0.00030569914  -0.00014337812  8.3440724e-06  -2.9674442e-05  0.00034000196  5.4595669e-05  -4.0206689e-05  8.5717327e-05  -1.6731814e-05  -1.4080517e-05  3.2093474e-05  4.1847399e-05  -7.1803353e-06  -3.1314116e-05  2.2012037e-05  -1.4627746e-05  0.00014103167  0.00011508540  -3.0374290e-05  1.6372417e-05  2.5255202e-05  
-2.0512759e-05  -0.00012445400  0.0000000   0.0023583569  -0.0013911550  -0.00057352401  -8.5869583e-05  2.3430650e-05  -0.00022493105  0.00031105708  -2.7559776e-05  8.7442825e-06  0.00047778151  0.00029308131  -4.1798062e-05  -6.8334125e-06  -0.00013959684  -1.4380471e-05  0.00018919131  -2.4208625e-05  0.00030213902  0.00024773236  -3.5039706e-05  -0.00010836698  0.00011283893  -1.4408679e-05  -3.7902033e-06  -1.4764736e-05  -2.4949863e-06  3.2006150e-05  0.00017645116  -2.0512759e-05  -0.00012445400  0.0000000   0.0023583569  -0.0013911550  -0.00057352401  -8.5869583e-05  2.3430650e-05  -0.00022493105  0.00031105708  -2.7559776e-05  8.7442825e-06  0.00047778151  0.00029308131  -4.1798062e-05  -6.8334125e-06  -0.00013959684  -1.4380471e-05  0.00018919131  -2.4208625e-05  0.00030213902  0.00024773236  -3.5039706e-05  -0.00010836698  0.00011283893  -1.4408679e-05  -3.7902033e-06  -1.4764736e-05  -2.4949863e-06  3.2006150e-05  0.00017645116  
1.7618426e-05  -0.00071806643  -0.0023583569  0.0000000   -0.013823371  -0.00069283031  0.00010568339  -0.00020452260  0.00015519860  -0.0017907874  -0.00015035947  -4.2827419e-05  -0.00011095292  5.1780216e-05  -1.7578115e-06  2.1894260e-05  -4.1363502e-05  9.5735749e-05  0.00022811347  0.00018211318  -3.8913993e-05  -0.00027909136  -4.7410660e-05  -3.0803899e-05  -0.00020195630  2.1336967e-05  -2.0834295e-05  2.6559446e-05  -2.9168416e-05  3.8604327e-05  -1.5305704e-05  1.7618426e-05  -0.00071806643  -0.0023583569  0.0000000   -0.013823371  -0.00069283031  0.00010568339  -0.00020452260  0.00015519860  -0.0017907874  -0.00015035947  -4.2827419e-05  -0.00011095292  5.1780216e-05  -1.7578115e-06  2.1894260e-05  -4.1363502e-05  9.5735749e-05  0.00022811347  0.00018211318  -3.8913993e-05  -0.00027909136  -4.7410660e-05  -3.0803899e-05  -0.00020195630  2.1336967e-05  -2.0834295e-05  2.6559446e-05  -2.9168416e-05  3.8604327e-05  -1.5305704e-05  
-4.1771441e-05  -0.00015067245  0.0013911550  0.013823371  0.0000000   0.0023937979  -0.00035572045  -0.00030299242  -0.00019317428  -0.00072812468  -0.00017416845  -8.4956441e-05  -0.00013188543  -0.00048917511  -7.9365002e-05  1.0811577e-05  -0.00010796801  -5.2934002e-05  0.00010263481  -2.3620857e-05  0.00011124217  -0.00015261007  5.7346934e-06  -1.4008923e-05  -8.1136778e-05  -2.2405333e-05  -3.1056343e-05  -4.5532826e-05  2.2119830e-05  -5.2073107e-05  3.8274523e-05  -4.1771441e-05  -0.00015067245  0.0013911550  0.013823371  0.0000000   0.0023937979  -0.00035572045  -0.00030299242  -0.00019317428  -0.00072812468  -0.00017416845  -8.4956441e-05  -0.00013188543  -0.00048917511  -7.9365002e-05  1.0811577e-05  -0.00010796801  -5.2934002e-05  0.00010263481  -2.3620857e-05  0.00011124217  -0.00015261007  5.7346934e-06  -1.4008923e-05  -8.1136778e-05  -2.2405333e-05  -3.1056343e-05  -4.5532826e-05  2.2119830e-05  -5.2073107e-05  3.8274523e-05  
4.2480675e-05  2.0774240e-05  0.00057352401  0.00069283031  -0.0023937979  0.0000000   -2.9114963e-05  0.0010538742  -0.00027284142  0.0011776652  -1.1975122e-05  4.6402359e-05  -0.00017864989  -0.00043084814  -1.4986561e-05  2.5082997e-06  -0.00032997027  1.9728192e-06  -0.00015219067  -0.00044311472  -3.6563797e-05  -0.00021910911  -0.00023927314  -0.00011690835  4.0145282e-05  -2.3866550e-05  -4.3237047e-06  5.9028746e-06  -4.7795129e-07  -0.00013149067  -1.3386530e-05  4.2480675e-05  2.0774240e-05  0.00057352401  0.00069283031  -0.0023937979  0.0000000   -2.9114963e-05  0.0010538742  -0.00027284142  0.0011776652  -1.1975122e-05  4.6402359e-05  -0.00017864989  -0.00043084814  -1.4986561e-05  2.5082997e-06  -0.00032997027  1.9728192e-06  -0.00015219067  -0.00044311472  -3.6563797e-05  -0.00021910911  -0.00023927314  -0.00011690835  4.0145282e-05  -2.3866550e-05  -4.3237047e-06  5.9028746e-06  -4.7795129e-07  -0.00013149067  -1.3386530e-05  
0.00026423391  -0.00033135494  8.5869583e-05  -0.00010568339  0.00035572045  2.9114963e-05  0.0000000   -0.00019366266  -0.0012215973  -4.4622636e-05  0.00051624482  -0.00015030189  -5.7272658e-06  5.5641164e-06  0.00032760457  -0.00019596746  2.9571071e-05  -0.00055363273  3.8175013e-05  1.4734093e-05  5.5777510e-06  3.3980576e-05  1.0043892e-05  8.9908133e-07  1.6358042e-05  5.7022910e-06  8.7637320e-05  3.9450448e-05  -0.00013783016  -4.4253646e-06  7.2831300e-06  0.00026423391  -0.00033135494  8.5869583e-05  -0.00010568339  0.00035572045  2.9114963e-05  0.0000000   -0.00019366266  -0.0012215973  -4.4622636e-05  0.00051624482  -0.00015030189  -5.7272658e-06  5.5641164e-06  0.00032760457  -0.00019596746  2.9571071e-05  -0.00055363273  3.8175013e-05  1.4734093e-05  5.5777510e-06  3.3980576e-05  1.0043892e-05  8.9908133e-07  1.6358042e-05  5.7022910e-06  8.7637320e-05  3.9450448e-05  -0.00013783016  -4.4253646e-06  7.2831300e-06  
2.0658124e-05  -0.00018303190  -2.3430650e-05  0.00020452260  0.00030299242  -0.0010538742  0.00019366266  0.0000000   -0.00018874886  0.0020874160  -0.00028847875  -0.00021231879  0.00054307205  -0.00010382047  3.8939288e-05  1.9611181e-05  7.2460552e-05  0.00012569668  -5.3017791e-06  -6.6078673e-05  6.5565947e-05  -5.8531569e-05  -8.1917497e-05  -6.2517483e-07  -6.2370169e-05  -0.00014358165  -4.0586047e-06  1.3805249e-05  -1.0321740e-05  3.0736605e-05  2.2277715e-05  2.0658124e-05  -0.00018303190  -2.3430650e-05  0.00020452260  0.00030299242  -0.0010538742  0.00019366266  0.0000000   -0.00018874886  0.0020874160  -0.00028847875  -0.00021231879  0.00054307205  -0.00010382047  3.8939288e-05  1.9611181e-05  7.2460552e-05  0.00012569668  -5.3017791e-06  -6.6078673e-05  6.5565947e-05  -5.8531569e-05  -8.1917497e-05  -6.2517483e-07  -6.2370169e-05  -0.00014358165  -4.0586047e-06  1.3805249e-05  -1.0321740e-05  3.0736605e-05  2.2277715e-05  
0.00028774765  -0.0010876903  0.00022493105  -0.00015519860  0.00019317428  0.00027284142  0.0012215973  0.00018874886  0.0000000   -0.00023388347  -0.0019795684  -0.0014506736  -0.00013680326  4.2169187e-05  0.00011459877  -5.6881175e-05  3.0017882e-05  0.00074237718  -7.0834526e-05  8.8146173e-06  -3.0012687e-06  1.8782947e-06  4.1479155e-05  9.0018018e-06  6.8978025e-05  2.5661298e-05  -1.1413720e-05  5.1124167e-05  -6.1075243e-05  -3.1158762e-05  1.1796711e-05  0.00028774765  -0.0010876903  0.00022493105  -0.00015519860  0.00019317428  0.00027284142  0.0012215973  0.00018874886  0.0000000   -0.00023388347  -0.0019795684  -0.0014506736  -0.00013680326  4.2169187e-05  0.00011459877  -5.6881175e-05  3.0017882e-05  0.00074237718  -7.0834526e-05  8.8146173e-06  -3.0012687e-06  1.8782947e-06  4.1479155e-05  9.0018018e-06  6.8978025e-05  2.5661298e-05  -1.1413720e-05  5.1124167e-05  -6.1075243e-05  -3.1158762e-05  1.1796711e-05  
1.6827173e-05  -0.00010885068  -0.00031105708  0.0017907874  0.00072812468  -0.0011776652  4.4622636e-05  -0.0020874160  0.00023388347  0.0000000   -0.00013404959  -0.00016540248  -4.6193919e-05  -4.2066926e-05  -5.8773840e-05  -0.00010250676  -0.00069462252  4.0255095e-05  0.00016043401  -7.7688237e-05  -0.00026687467  0.00031490692  -0.00016310054  -4.8679989e-05  -0.00032491221  8.0321229e-05  -1.1327366e-05  -3.2466682e-06  5.8630502e-06  0.00042217384  -0.00014190045  1.6827173e-05  -0.00010885068  -0.00031105708  0.0017907874  0.00072812468  -0.0011776652  4.4622636e-05  -0.0020874160  0.00023388347  0.0000000   -0.00013404959  -0.00016540248  -4.6193919e-05  -4.2066926e-05  -5.8773840e-05  -0.00010250676  -0.00069462252  4.0255095e-05  0.00016043401  -7.7688237e-05  -0.00026687467  0.00031490692  -0.00016310054  -4.8679989e-05  -0.00032491221  8.0321229e-05  -1.1327366e-05  -3.2466682e-06  5.8630502e-06  0.00042217384  -0.00014190045  
0.00030730018  -0.00030569914  2.7559776e-05  0.00015035947  0.00017416845  1.1975122e-05  -0.00051624482  0.00028847875  0.0019795684  0.00013404959  0.0000000   -0.00029682924  6.9701412e-05  3.1802912e-05  -0.00030971710  0.00061834386  -6.9111010e-05  0.00031699355  -2.3454962e-05  2.4294110e-05  1.3219740e-05  2.1990377e-05  -5.1484269e-06  -1.2305990e-05  4.4874346e-06  -6.9594370e-06  -5.6134797e-05  0.00011946072  -8.8088019e-05  1.8112637e-05  1.7233825e-06  0.00030730018  -0.00030569914  2.7559776e-05  0.00015035947  0.00017416845  1.1975122e-05  -0.00051624482  0.00028847875  0.0019795684  0.00013404959  0.0000000   -0.00029682924  6.9701412e-05  3.1802912e-05  -0.00030971710  0.00061834386  -6.9111010e-05  0.00031699355  -2.3454962e-05  2.4294110e-05  1.3219740e-05  2.1990377e-05  -5.1484269e-06  -1.2305990e-05  4.4874346e-06  -6.9594370e-06  -5.6134797e-05  0.00011946072  -8.8088019e-05  1.8112637e-05  1.7233825e-06  
0.00021928783  0.00014337812  -8.7442825e-06  4.2827419e-05  8.4956441e-05  -4.6402359e-05  0.00015030189  0.00021231879  0.0014506736  0.00016540248  0.00029682924  0.0000000   -4.6414992e-05  5.8224109e-05  0.00037836579  -1.9139718e-05  -1.2441988e-05  0.00063582324  -1.5671436e-05  1.9725669e-05  -3.1061234e-05  -1.4058809e-05  -1.4594122e-05  -1.1562330e-05  -1.4721925e-05  -6.9619662e-06  -0.00033546020  -0.00011106002  5.4643819e-05  3.9918260e-06  -4.7231200e-06  0.00021928783  0.00014337812  -8.7442825e-06  4.2827419e-05  8.4956441e-05  -4.6402359e-05  0.00015030189  0.00021231879  0.0014506736  0.00016540248  0.00029682924  0.0000000   -4.6414992e-05  5.8224109e-05  0.00037836579  -1.9139718e-05  -1.2441988e-05  0.00063582324  -1.5671436e-05  1.9725669e-05  -3.1061234e-05  -1.4058809e-05  -1.4594122e-05  -1.1562330e-05  -1.4721925e-05  -6.9619662e-06  -0.00033546020  -0.00011106002  5.4643819e-05  3.9918260e-06  -4.7231200e-06  
-4.2893681e-06  -8.3440724e-06  -0.00047778151  0.00011095292  0.00013188543  0.00017864989  5.7272658e-06  -0.00054307205  0.00013680326  4.6193919e-05  -6.9701412e-05  4.6414992e-05  0.0000000   -0.0042988191  -1.6108071e-05  -0.00014177311  2.9770513e-05  -5.0827499e-05  2.0674216e-05  -1.6939386e-05  2.6348870e-05  0.00025790051  0.00012241539  9.1428278e-05  8.3335101e-05  0.00020882688  6.8313609e-06  4.8866882e-08  1.3296929e-05  -9.3847159e-05  6.4359250e-05  -4.2893681e-06  -8.3440724e-06  -0.00047778151  0.00011095292  0.00013188543  0.00017864989  5.7272658e-06  -0.00054307205  0.00013680326  4.6193919e-05  -6.9701412e-05  4.6414992e-05  0.0000000   -0.0042988191  -1.6108071e-05  -0.00014177311  2.9770513e-05  -5.0827499e-05  2.0674216e-05  -1.6939386e-05  2.6348870e-05  0.00025790051  0.00012241539  9.1428278e-05  8.3335101e-05  0.00020882688  6.8313609e-06  4.8866882e-08  1.3296929e-05  -9.3847159e-05  6.4359250e-05  
-2.3431329e-05  2.9674442e-05  -0.00029308131  -5.1780216e-05  0.00048917511  0.00043084814  -5.5641164e-06  0.00010382047  -4.2169187e-05  4.2066926e-05  -3.1802912e-05  -5.8224109e-05  0.0042988191  0.0000000   8.6285867e-05  -0.00019749938  -0.0012901026  0.00012284069  0.00081394466  0.00042425100  0.00065479385  0.00020205169  -0.00029256206  -1.5667365e-05  0.00044912502  -0.00015487121  2.1416699e-05  1.6590245e-06  -2.4043091e-05  -4.3651403e-05  0.00019229910  -2.3431329e-05  2.9674442e-05  -0.00029308131  -5.1780216e-05  0.00048917511  0.00043084814  -5.5641164e-06  0.00010382047  -4.2169187e-05  4.2066926e-05  -3.1802912e-05  -5.8224109e-05  0.0042988191  0.0000000   8.6285867e-05  -0.00019749938  -0.0012901026  0.00012284069  0.00081394466  0.00042425100  0.00065479385  0.00020205169  -0.00029256206  -1.5667365e-05  0.00044912502  -0.00015487121  2.1416699e-05  1.6590245e-06  -2.4043091e-05  -4.3651403e-05  0.00019229910  
0.00023357486  -0.00034000196  4.1798062e-05  1.7578115e-06  7.9365002e-05  1.4986561e-05  -0.00032760457  -3.8939288e-05  -0.00011459877  5.8773840e-05  0.00030971710  -0.00037836579  1.6108071e-05  -8.6285867e-05  0.0000000   -0.00081911723  5.3530591e-05  0.00055225029  4.5304879e-05  5.2656576e-05  -6.2771347e-06  -2.1015374e-05  2.2813931e-05  -1.0611409e-05  2.7766555e-05  6.2044092e-06  -2.5484229e-05  6.2479324e-05  9.7720960e-05  4.0753299e-06  2.7439804e-06  0.00023357486  -0.00034000196  4.1798062e-05  1.7578115e-06  7.9365002e-05  1.4986561e-05  -0.00032760457  -3.8939288e-05  -0.00011459877  5.8773840e-05  0.00030971710  -0.00037836579  1.6108071e-05  -8.6285867e-05  0.0000000   -0.00081911723  5.3530591e-05  0.00055225029  4.5304879e-05  5.2656576e-05  -6.2771347e-06  -2.1015374e-05  2.2813931e-05  -1.0611409e-05  2.7766555e-05  6.2044092e-06  -2.5484229e-05  6.2479324e-05  9.7720960e-05  4.0753299e-06  2.7439804e-06  
-0.00020028878  -5.4595669e-05  6.8334125e-06  -2.1894260e-05  -1.0811577e-05  -2.5082997e-06  0.00019596746  -1.9611181e-05  5.6881175e-05  0.00010250676  -0.00061834386  1.9139718e-05  0.00014177311  0.00019749938  0.00081911723  0.0000000   -8.3207890e-05  -0.00090614928  0.00018299009  5.2003035e-05  -1.5601177e-05  -6.8068622e-05  -1.9431798e-05  -3.4649320e-05  2.2606920e-05  -2.4226866e-06  -2.4608890e-05  -1.4283020e-05  -2.5857461e-05  7.3188845e-07  2.1195208e-05  -0.00020028878  -5.4595669e-05  6.8334125e-06  -2.1894260e-05  -1.0811577e-05  -2.5082997e-06  0.00019596746  -1.9611181e-05  5.6881175e-05  0.00010250676  -0.00061834386  1.9139718e-05  0.00014177311  0.00019749938  0.00081911723  0.0000000   -8.3207890e-05  -0.00090614928  0.00018299009  5.2003035e-05  -1.5601177e-05  -6.8068622e-05  -1.9431798e-05  -3.4649320e-05  2.2606920e-05  -2.4226866e-06  -2.4608890e-05  -1.4283020e-05  -2.5857461e-05  7.3188845e-07  2.1195208e-05  
6.2073851e-06  4.0206689e-05  0.00013959684  4.1363502e-05  0.00010796801  0.00032997027  -2.9571071e-05  -7.2460552e-05  -3.0017882e-05  0.00069462252  6.9111010e-05  1.2441988e-05  -2.9770513e-05  0.0012901026  -5.3530591e-05  8.3207890e-05  0.0000000   0.00012656327  0.0010388903  0.00076905606  -0.00051471101  -0.00082926832  5.7166660e-05  0.00014797060  0.00010520474  0.00022199222  1.4463843e-05  5.2537166e-06  1.2640356e-05  -1.9468494e-05  2.0644892e-05  6.2073851e-06  4.0206689e-05  0.00013959684  4.1363502e-05  0.00010796801  0.00032997027  -2.9571071e-05  -7.2460552e-05  -3.0017882e-05  0.00069462252  6.9111010e-05  1.2441988e-05  -2.9770513e-05  0.0012901026  -5.3530591e-05  8.3207890e-05  0.0000000   0.00012656327  0.0010388903  0.00076905606  -0.00051471101  -0.00082926832  5.7166660e-05  0.00014797060  0.00010520474  0.00022199222  1.4463843e-05  5.2537166e-06  1.2640356e-05  -1.9468494e-05  2.0644892e-05  
-0.00019369791  -8.5717327e-05  1.4380471e-05  -9.5735749e-05  5.2934002e-05  -1.9728192e-06  0.00055363273  -0.00012569668  -0.00074237718  -4.0255095e-05  -0.00031699355  -0.00063582324  5.0827499e-05  -0.00012284069  -0.00055225029  0.00090614928  -0.00012656327  0.0000000   -5.2655861e-06  -0.00011405080  1.7712919e-05  -4.5385226e-05  -1.8410016e-05  7.0372346e-06  -8.9284125e-06  1.4311361e-05  -3.6124638e-05  0.00011337274  -0.00016223201  1.3689777e-06  1.6690115e-05  -0.00019369791  -8.5717327e-05  1.4380471e-05  -9.5735749e-05  5.2934002e-05  -1.9728192e-06  0.00055363273  -0.00012569668  -0.00074237718  -4.0255095e-05  -0.00031699355  -0.00063582324  5.0827499e-05  -0.00012284069  -0.00055225029  0.00090614928  -0.00012656327  0.0000000   -5.2655861e-06  -0.00011405080  1.7712919e-05  -4.5385226e-05  -1.8410016e-05  7.0372346e-06  -8.9284125e-06  1.4311361e-05  -3.6124638e-05  0.00011337274  -0.00016223201  1.3689777e-06  1.6690115e-05  
4.5418534e-06  1.6731814e-05  -0.00018919131  -0.00022811347  -0.00010263481  0.00015219067  -3.8175013e-05  5.3017791e-06  7.0834526e-05  -0.00016043401  2.3454962e-05  1.5671436e-05  -2.0674216e-05  -0.00081394466  -4.5304879e-05  -0.00018299009  -0.0010388903  5.2655861e-06  0.0000000   -0.0019831624  0.00054918722  4.8121828e-05  -0.00065638384  -0.00019628740  0.00017932807  -0.00019968212  -1.3800018e-06  -7.0323075e-06  9.4634584e-06  6.9880956e-06  8.5260066e-05  4.5418534e-06  1.6731814e-05  -0.00018919131  -0.00022811347  -0.00010263481  0.00015219067  -3.8175013e-05  5.3017791e-06  7.0834526e-05  -0.00016043401  2.3454962e-05  1.5671436e-05  -2.0674216e-05  -0.00081394466  -4.5304879e-05  -0.00018299009  -0.0010388903  5.2655861e-06  0.0000000   -0.0019831624  0.00054918722  4.8121828e-05  -0.00065638384  -0.00019628740  0.00017932807  -0.00019968212  -1.3800018e-06  -7.0323075e-06  9.4634584e-06  6.9880956e-06  8.5260066e-05  
-1.4419410e-05  1.4080517e-05  2.4208625e-05  -0.00018211318  2.3620857e-05  0.00044311472  -1.4734093e-05  6.6078673e-05  -8.8146173e-06  7.7688237e-05  -2.4294110e-05  -1.9725669e-05  1.6939386e-05  -0.00042425100  -5.2656576e-05  -5.2003035e-05  -0.00076905606  0.00011405080  0.0019831624  0.0000000   -0.0027284768  -0.00022605612  -0.00062664468  0.00048358202  9.4951890e-05  0.00017547346  1.1444789e-05  3.5387292e-05  1.8304053e-05  -3.2072495e-05  1.8575964e-05  -1.4419410e-05  1.4080517e-05  2.4208625e-05  -0.00018211318  2.3620857e-05  0.00044311472  -1.4734093e-05  6.6078673e-05  -8.8146173e-06  7.7688237e-05  -2.4294110e-05  -1.9725669e-05  1.6939386e-05  -0.00042425100  -5.2656576e-05  -5.2003035e-05  -0.00076905606  0.00011405080  0.0019831624  0.0000000   -0.0027284768  -0.00022605612  -0.00062664468  0.00048358202  9.4951890e-05  0.00017547346  1.1444789e-05  3.5387292e-05  1.8304053e-05  -3.2072495e-05  1.8575964e-05  
-1.1622928e-06  -3.2093474e-05  -0.00030213902  3.8913993e-05  -0.00011124217  3.6563797e-05  -5.5777510e-06  -6.5565947e-05  3.0012687e-06  0.00026687467  -1.3219740e-05  3.1061234e-05  -2.6348870e-05  -0.00065479385  6.2771347e-06  1.5601177e-05  0.00051471101  -1.7712919e-05  -0.00054918722  0.0027284768  0.0000000   0.0027505705  4.7182772e-05  -0.00026821070  0.00050537524  -0.00045737102  4.6376266e-05  7.4205947e-07  -2.4540265e-08  0.00017021731  0.00015722997  -1.1622928e-06  -3.2093474e-05  -0.00030213902  3.8913993e-05  -0.00011124217  3.6563797e-05  -5.5777510e-06  -6.5565947e-05  3.0012687e-06  0.00026687467  -1.3219740e-05  3.1061234e-05  -2.6348870e-05  -0.00065479385  6.2771347e-06  1.5601177e-05  0.00051471101  -1.7712919e-05  -0.00054918722  0.0027284768  0.0000000   0.0027505705  4.7182772e-05  -0.00026821070  0.00050537524  -0.00045737102  4.6376266e-05  7.4205947e-07  -2.4540265e-08  0.00017021731  0.00015722997  
-1.2576713e-05  -4.1847399e-05  -0.00024773236  0.00027909136  0.00015261007  0.00021910911  -3.3980576e-05  5.8531569e-05  -1.8782947e-06  -0.00031490692  -2.1990377e-05  1.4058809e-05  -0.00025790051  -0.00020205169  2.1015374e-05  6.8068622e-05  0.00082926832  4.5385226e-05  -4.8121828e-05  0.00022605612  -0.0027505705  0.0000000   -0.0015014945  0.00036176732  0.00033347843  -8.5321307e-05  2.4398780e-06  5.8462329e-05  3.8463737e-05  3.0103186e-06  -3.2413656e-05  -1.2576713e-05  -4.1847399e-05  -0.00024773236  0.00027909136  0.00015261007  0.00021910911  -3.3980576e-05  5.8531569e-05  -1.8782947e-06  -0.00031490692  -2.1990377e-05  1.4058809e-05  -0.00025790051  -0.00020205169  2.1015374e-05  6.8068622e-05  0.00082926832  4.5385226e-05  -4.8121828e-05  0.00022605612  -0.0027505705  0.0000000   -0.0015014945  0.00036176732  0.00033347843  -8.5321307e-05  2.4398780e-06  5.8462329e-05  3.8463737e-05  3.0103186e-06  -3.2413656e-05  
-6.8372083e-06  7.1803353e-06  3.5039706e-05  4.7410660e-05  -5.7346934e-06  0.00023927314  -1.0043892e-05  8.1917497e-05  -4.1479155e-05  0.00016310054  5.1484269e-06  1.4594122e-05  -0.00012241539  0.00029256206  -2.2813931e-05  1.9431798e-05  -5.7166660e-05  1.8410016e-05  0.00065638384  0.00062664468  -4.7182772e-05  0.0015014945  0.0000000   -0.00073160452  0.0010204107  -0.00040646324  5.4191382e-05  -6.7715640e-06  -6.8065943e-06  0.00023520038  0.00017128275  -6.8372083e-06  7.1803353e-06  3.5039706e-05  4.7410660e-05  -5.7346934e-06  0.00023927314  -1.0043892e-05  8.1917497e-05  -4.1479155e-05  0.00016310054  5.1484269e-06  1.4594122e-05  -0.00012241539  0.00029256206  -2.2813931e-05  1.9431798e-05  -5.7166660e-05  1.8410016e-05  0.00065638384  0.00062664468  -4.7182772e-05  0.0015014945  0.0000000   -0.00073160452  0.0010204107  -0.00040646324  5.4191382e-05  -6.7715640e-06  -6.8065943e-06  0.00023520038  0.00017128275  
-7.9014148e-06  3.1314116e-05  0.00010836698  3.0803899e-05  1.4008923e-05  0.00011690835  -8.9908133e-07  6.2517483e-07  -9.0018018e-06  4.8679989e-05  1.2305990e-05  1.1562330e-05  -9.1428278e-05  1.5667365e-05  1.0611409e-05  3.4649320e-05  -0.00014797060  -7.0372346e-06  0.00019628740  -0.00048358202  0.00026821070  -0.00036176732  0.00073160452  0.0000000   0.0044271346  0.0014497209  7.8395578e-05  3.7695943e-05  4.8930002e-05  -0.00049679208  0.00010442638  -7.9014148e-06  3.1314116e-05  0.00010836698  3.0803899e-05  1.4008923e-05  0.00011690835  -8.9908133e-07  6.2517483e-07  -9.0018018e-06  4.8679989e-05  1.2305990e-05  1.1562330e-05  -9.1428278e-05  1.5667365e-05  1.0611409e-05  3.4649320e-05  -0.00014797060  -7.0372346e-06  0.00019628740  -0.00048358202  0.00026821070  -0.00036176732  0.00073160452  0.0000000   0.0044271346  0.0014497209  7.8395578e-05  3.7695943e-05  4.8930002e-05  -0.00049679208  0.00010442638  
-5.1817727e-06  -2.2012037e-05  -0.00011283893  0.00020195630  8.1136778e-05  -4.0145282e-05  -1.6358042e-05  6.2370169e-05  -6.8978025e-05  0.00032491221  -4.4874346e-06  1.4721925e-05  -8.3335101e-05  -0.00044912502  -2.7766555e-05  -2.2606920e-05  -0.00010520474  8.9284125e-06  -0.00017932807  -9.4951890e-05  -0.00050537524  -0.00033347843  -0.0010204107  -0.0044271346  0.0000000   -0.0028366094  -6.8048035e-05  -1.3844635e-05  -2.9584223e-05  0.00024017527  0.00021644781  -5.1817727e-06  -2.2012037e-05  -0.00011283893  0.00020195630  8.1136778e-05  -4.0145282e-05  -1.6358042e-05  6.2370169e-05  -6.8978025e-05  0.00032491221  -4.4874346e-06  1.4721925e-05  -8.3335101e-05  -0.00044912502  -2.7766555e-05  -2.2606920e-05  -0.00010520474  8.9284125e-06  -0.00017932807  -9.4951890e-05  -0.00050537524  -0.00033347843  -0.0010204107  -0.0044271346  0.0000000   -0.0028366094  -6.8048035e-05  -1.3844635e-05  -2.9584223e-05  0.00024017527  0.00021644781  
-1.6084248e-05  1.4627746e-05  1.4408679e-05  -2.1336967e-05  2.2405333e-05  2.3866550e-05  -5.7022910e-06  0.00014358165  -2.5661298e-05  -8.0321229e-05  6.9594370e-06  6.9619662e-06  -0.00020882688  0.00015487121  -6.2044092e-06  2.4226866e-06  -0.00022199222  -1.4311361e-05  0.00019968212  -0.00017547346  0.00045737102  8.5321307e-05  0.00040646324  -0.0014497209  0.0028366094  0.0000000   -8.3109098e-06  3.9257705e-05  -2.4944415e-05  -0.00029124584  -0.00036813890  -1.6084248e-05  1.4627746e-05  1.4408679e-05  -2.1336967e-05  2.2405333e-05  2.3866550e-05  -5.7022910e-06  0.00014358165  -2.5661298e-05  -8.0321229e-05  6.9594370e-06  6.9619662e-06  -0.00020882688  0.00015487121  -6.2044092e-06  2.4226866e-06  -0.00022199222  -1.4311361e-05  0.00019968212  -0.00017547346  0.00045737102  8.5321307e-05  0.00040646324  -0.0014497209  0.0028366094  0.0000000   -8.3109098e-06  3.9257705e-05  -2.4944415e-05  -0.00029124584  -0.00036813890  
4.0191183e-05  -0.00014103167  3.7902033e-06  2.0834295e-05  3.1056343e-05  4.3237047e-06  -8.7637320e-05  4.0586047e-06  1.1413720e-05  1.1327366e-05  5.6134797e-05  0.00033546020  -6.8313609e-06  -2.1416699e-05  2.5484229e-05  2.4608890e-05  -1.4463843e-05  3.6124638e-05  1.3800018e-06  -1.1444789e-05  -4.6376266e-05  -2.4398780e-06  -5.4191382e-05  -7.8395578e-05  6.8048035e-05  8.3109098e-06  0.0000000   -0.0020455253  -0.00060338533  -1.1104703e-05  2.3249822e-05  4.0191183e-05  -0.00014103167  3.7902033e-06  2.0834295e-05  3.1056343e-05  4.3237047e-06  -8.7637320e-05  4.0586047e-06  1.1413720e-05  1.1327366e-05  5.6134797e-05  0.00033546020  -6.8313609e-06  -2.1416699e-05  2.5484229e-05  2.4608890e-05  -1.4463843e-05  3.6124638e-05  1.3800018e-06  -1.1444789e-05  -4.6376266e-05  -2.4398780e-06  -5.4191382e-05  -7.8395578e-05  6.8048035e-05  8.3109098e-06  0.0000000   -0.0020455253  -0.00060338533  -1.1104703e-05  2.3249822e-05  
6.9242759e-05  -0.00011508540  1.4764736e-05  -2.6559446e-05  4.5532826e-05  -5.9028746e-06  -3.9450448e-05  -1.3805249e-05  -5.1124167e-05  3.2466682e-06  -0.00011946072  0.00011106002  -4.8866882e-08  -1.6590245e-06  -6.2479324e-05  1.4283020e-05  -5.2537166e-06  -0.00011337274  7.0323075e-06  -3.5387292e-05  -7.4205947e-07  -5.8462329e-05  6.7715640e-06  -3.7695943e-05  1.3844635e-05  -3.9257705e-05  0.0020455253  0.0000000   -0.00011293458  9.6957284e-06  -3.0212613e-05  6.9242759e-05  -0.00011508540  1.4764736e-05  -2.6559446e-05  4.5532826e-05  -5.9028746e-06  -3.9450448e-05  -1.3805249e-05  -5.1124167e-05  3.2466682e-06  -0.00011946072  0.00011106002  -4.8866882e-08  -1.6590245e-06  -6.2479324e-05  1.4283020e-05  -5.2537166e-06  -0.00011337274  7.0323075e-06  -3.5387292e-05  -7.4205947e-07  -5.8462329e-05  6.7715640e-06  -3.7695943e-05  1.3844635e-05  -3.9257705e-05  0.0020455253  0.0000000   -0.00011293458  9.6957284e-06  -3.0212613e-05  
-1.8772003e-05  3.0374290e-05  2.4949863e-06  2.9168416e-05  -2.2119830e-05  4.7795129e-07  0.00013783016  1.0321740e-05  6.1075243e-05  -5.8630502e-06  8.8088019e-05  -5.4643819e-05  -1.3296929e-05  2.4043091e-05  -9.7720960e-05  2.5857461e-05  -1.2640356e-05  0.00016223201  -9.4634584e-06  -1.8304053e-05  2.4540265e-08  -3.8463737e-05  6.8065943e-06  -4.8930002e-05  2.9584223e-05  2.4944415e-05  0.00060338533  0.00011293458  0.0000000   -2.6943113e-05  2.5842940e-05  -1.8772003e-05  3.0374290e-05  2.4949863e-06  2.9168416e-05  -2.2119830e-05  4.7795129e-07  0.00013783016  1.0321740e-05  6.1075243e-05  -5.8630502e-06  8.8088019e-05  -5.4643819e-05  -1.3296929e-05  2.4043091e-05  -9.7720960e-05  2.5857461e-05  -1.2640356e-05  0.00016223201  -9.4634584e-06  -1.8304053e-05  2.4540265e-08  -3.8463737e-05  6.8065943e-06  -4.8930002e-05  2.9584223e-05  2.4944415e-05  0.00060338533  0.00011293458  0.0000000   -2.6943113e-05  2.5842940e-05  
-9.4541324e-07  -1.6372417e-05  -3.2006150e-05  -3.8604327e-05  5.2073107e-05  0.00013149067  4.4253646e-06  -3.0736605e-05  3.1158762e-05  -0.00042217384  -1.8112637e-05  -3.9918260e-06  9.3847159e-05  4.3651403e-05  -4.0753299e-06  -7.3188845e-07  1.9468494e-05  -1.3689777e-06  -6.9880956e-06  3.2072495e-05  -0.00017021731  -3.0103186e-06  -0.00023520038  0.00049679208  -0.00024017527  0.00029124584  1.1104703e-05  -9.6957284e-06  2.6943113e-05  0.0000000   0.00062063548  -9.4541324e-07  -1.6372417e-05  -3.2006150e-05  -3.8604327e-05  5.2073107e-05  0.00013149067  4.4253646e-06  -3.0736605e-05  3.1158762e-05  -0.00042217384  -1.8112637e-05  -3.9918260e-06  9.3847159e-05  4.3651403e-05  -4.0753299e-06  -7.3188845e-07  1.9468494e-05  -1.3689777e-06  -6.9880956e-06  3.2072495e-05  -0.00017021731  -3.0103186e-06  -0.00023520038  0.00049679208  -0.00024017527  0.00029124584  1.1104703e-05  -9.6957284e-06  2.6943113e-05  0.0000000   0.00062063548  
-1.0152504e-05  -2.5255202e-05  -0.00017645116  1.5305704e-05  -3.8274523e-05  1.3386530e-05  -7.2831300e-06  -2.2277715e-05  -1.1796711e-05  0.00014190045  -1.7233825e-06  4.7231200e-06  -6.4359250e-05  -0.00019229910  -2.7439804e-06  -2.1195208e-05  -2.0644892e-05  -1.6690115e-05  -8.5260066e-05  -1.8575964e-05  -0.00015722997  3.2413656e-05  -0.00017128275  -0.00010442638  -0.00021644781  0.00036813890  -2.3249822e-05  3.0212613e-05  -2.5842940e-05  -0.00062063548  0.0000000   -1.0152504e-05  -2.5255202e-05  -0.00017645116  1.5305704e-05  -3.8274523e-05  1.3386530e-05  -7.2831300e-06  -2.2277715e-05  -1.1796711e-05  0.00014190045  -1.7233825e-06  4.7231200e-06  -6.4359250e-05  -0.00019229910  -2.7439804e-06  -2.1195208e-05  -2.0644892e-05  -1.6690115e-05  -8.5260066e-05  -1.8575964e-05  -0.00015722997  3.2413656e-05  -0.00017128275  -0.00010442638  -0.00021644781  0.00036813890  -2.3249822e-05  3.0212613e-05  -2.5842940e-05  -0.00062063548  0.0000000   
0.0000000   0.00091873745  2.0512759e-05  -1.7618426e-05  4.1771441e-05  -4.2480675e-05  -0.00026423391  -2.0658124e-05  -0.00028774765  -1.6827173e-05  -0.00030730018  -0.00021928783  4.2893681e-06  2.3431329e-05  -0.00023357486  0.00020028878  -6.2073851e-06  0.00019369791  -4.5418534e-06  1.4419410e-05  1.1622928e-06  1.2576713e-05  6.8372083e-06  7.9014148e-06  5.1817727e-06  1.6084248e-05  -4.0191183e-05  -6.9242759e-05  1.8772003e-05  9.4541324e-07  1.0152504e-05  0.0000000   0.00091873745  2.0512759e-05  -1.7618426e-05  4.1771441e-05  -4.2480675e-05  -0.00026423391  -2.0658124e-05  -0.00028774765  -1.6827173e-05  -0.00030730018  -0.00021928783  4.2893681e-06  2.3431329e-05  -0.00023357486  0.00020028878  -6.2073851e-06  0.00019369791  -4.5418534e-06  1.4419410e-05  1.1622928e-06  1.2576713e-05  6.8372083e-06  7.9014148e-06  5.1817727e-06  1.6084248e-05  -4.0191183e-05  -6.9242759e-05  1.8772003e-05  9.4541324e-07  1.0152504e-05  
-0.00091873745  0.0000000   0.00012445400  0.00071806643  0.00015067245  -2.0774240e-05  0.00033135494  0.00018303190  0.0010876903  0.00010885068  0.00030569914  -0.00014337812  8.3440724e-06  -2.9674442e-05  0.00034000196  5.4595669e-05  -4.0206689e-05  8.5717327e-05  -1.6731814e-05  -1.4080517e-05  3.2093474e-05  4.1847399e-05  -7.1803353e-06  -3.1314116e-05  2.2012037e-05  -1.4627746e-05  0.00014103167  0.00011508540  -3.0374290e-05  1.6372417e-05  2.5255202e-05  -0.00091873745  0.0000000   0.00012445400  0.00071806643  0.00015067245  -2.0774240e-05  0.00033135494  0.00018303190  0.0010876903  0.00010885068  0.00030569914  -0.00014337812  8.3440724e-06  -2.9674442e-05  0.00034000196  5.4595669e-05  -4.0206689e-05  8.5717327e-05  -1.6731814e-05  -1.4080517e-05  3.2093474e-05  4.1847399e-05  -7.1803353e-06  -3.1314116e-05  2.2012037e-05  -1.4627746e-05  0.00014103167  0.00011508540  -3.0374290e-05  1.6372417e-05  2.5255202e-05  
-2.0512759e-05  -0.00012445400  0.0000000   0.0023583569  -0.0013911550  -0.00057352401  -8.5869583e-05  2.3430650e-05  -0.00022493105  0.00031105708  -2.7559776e-05  8.7442825e-06  0.00047778151  0.00029308131  -4.1798062e-05  -6.8334125e-06  -0.00013959684  -1.4380471e-05  0.00018919131  -2.4208625e-05  0.00030213902  0.00024773236  -3.5039706e-05  -0.00010836698  0.00011283893  -1.4408679e-05  -3.7902033e-06  -1.4764736e-05  -2.4949863e-06  3.2006150e-05  0.00017645116  -2.0512759e-05  -0.00012445400  0.0000000   0.0023583569  -0.0013911550  -0.00057352401  -8.5869583e-05  2.3430650e-05  -0.00022493105  0.00031105708  -2.7559776e-05  8.7442825e-06  0.00047778151  0.00029308131  -4.1798062e-05  -6.8334125e-06  -0.00013959684  -1.4380471e-05  0.00018919131  -2.4208625e-05  0.00030213902  0.00024773236  -3.5039706e-05  -0.00010836698  0.00011283893  -1.4408679e-05  -3.7902033e-06  -1.4764736e-05  -2.4949863e-06  3.2006150e-05  0.00017645116  
1.7618426e-05  -0.00071806643  -0.0023583569  0.0000000   -0.013823371  -0.00069283031  0.00010568339  -0.00020452260  0.00015519860  -0.0017907874  -0.00015035947  -4.2827419e-05  -0.00011095292  5.1780216e-05  -1.7578115e-06  2.1894260e-05  -4.1363502e-05  9.5735749e-05  0.00022811347  0.00018211318  -3.8913993e-05  -0.00027909136  -4.7410660e-05  -3.0803899e-05  -0.00020195630  2.1336967e-05  -2.0834295e-05  2.6559446e-05  -2.9168416e-05  3.8604327e-05  -1.5305704e-05  1.7618426e-05  -0.00071806643  -0.0023583569  0.0000000   -0.013823371  -0.00069283031  0.00010568339  -0.00020452260  0.00015519860  -0.0017907874  -0.00015035947  -4.2827419e-05  -0.00011095292  5.1780216e-05  -1.7578115e-06  2.1894260e-05  -4.1363502e-05  9.5735749e-05  0.00022811347  0.00018211318  -3.8913993e-05  -0.00027909136  -4.7410660e-05  -3.0803899e-05  -0.00020195630  2.1336967e-05  -2.0834295e-05  2.6559446e-05  -2.9168416e-05  3.8604327e-05  -1.5305704e-05  
-4.1771441e-05  -0.00015067245  0.0013911550  0.013823371  0.0000000   0.0023937979  -0.00035572045  -0.00030299242  -0.00019317428  -0.00072812468  -0.00017416845  -8.4956441e-05  -0.00013188543  -0.00048917511  -7.9365002e-05  1.0811577e-05  -0.00010796801  -5.2934002e-05  0.00010263481  -2.3620857e-05  0.00011124217  -0.00015261007  5.7346934e-06  -1.4008923e-05  -8.1136778e-05  -2.2405333e-05  -3.1056343e-05  -4.5532826e-05  2.2119830e-05  -5.2073107e-05  3.8274523e-05  -4.1771441e-05  -0.00015067245  0.0013911550  0.013823371  0.0000000   0.0023937979  -0.00035572045  -0.00030299242  -0.00019317428  -0.00072812468  -0.00017416845  -8.4956441e-05  -0.00013188543  -0.00048917511  -7.9365002e-05  1.0811577e-05  -0.00010796801  -5.2934002e-05  0.00010263481  -2.3620857e-05  0.00011124217  -0.00015261007  5.7346934e-06  -1.4008923e-05  -8.1136778e-05  -2.2405333e-05  -3.1056343e-05  -4.5532826e-05  2.2119830e-05  -5.2073107e-05  3.8274523e-05  
4.2480675e-05  2.0774240e-05  0.00057352401  0.00069283031  -0.0023937979  0.0000000   -2.9114963e-05  0.0010538742  -0.00027284142  0.0011776652  -1.1975122e-05  4.6402359e-05  -0.00017864989  -0.00043084814  -1.4986561e-05  2.5082997e-06  -0.00032997027  1.9728192e-06  -0.00015219067  -0.00044311472  -3.6563797e-05  -0.00021910911  -0.00023927314  -0.00011690835  4.0145282e-05  -2.3866550e-05  -4.3237047e-06  5.9028746e-06  -4.7795129e-07  -0.00013149067  -1.3386530e-05  4.2480675e-05  2.0774240e-05  0.00057352401  0.00069283031  -0.0023937979  0.0000000   -2.9114963e-05  0.0010538742  -0.00027284142  0.0011776652  -1.1975122e-05  4.6402359e-05  -0.00017864989  -0.00043084814  -1.4986561e-05  2.5082997e-06  -0.00032997027  1.9728192e-06  -0.00015219067  -0.00044311472  -3.6563797e-05  -0.00021910911  -0.00023927314  -0.00011690835  4.0145282e-05  -2.3866550e-05  -4.3237047e-06  5.9028746e-06  -4.7795129e-07  -0.00013149067  -1.3386530e-05  
0.00026423391  -0.00033135494  8.5869583e-05  -0.00010568339  0.00035572045  2.9114963e-05  0.0000000   -0.00019366266  -0.0012215973  -4.4622636e-05  0.00051624482  -0.00015030189  -5.7272658e-06  5.5641164e-06  0.00032760457  -0.00019596746  2.9571071e-05  -0.00055363273  3.8175013e-05  1.4734093e-05  5.5777510e-06  3.3980576e-05  1.0043892e-05  8.9908133e-07  1.6358042e-05  5.7022910e-06  8.7637320e-05  3.9450448e-05  -0.00013783016  -4.4253646e-06  7.2831300e-06  0.00026423391  -0.00033135494  8.5869583e-05  -0.00010568339  0.00035572045  2.9114963e-05  0.0000000   -0.00019366266  -0.0012215973  -4.4622636e-05  0.00051624482  -0.00015030189  -5.7272658e-06  5.5641164e-06  0.00032760457  -0.00019596746  2.9571071e-05  -0.00055363273  3.8175013e-05  1.4734093e-05  5.5777510e-06  3.3980576e-05  1.0043892e-05  8.9908133e-07  1.6358042e-05  5.7022910e-06  8.7637320e-05  3.9450448e-05  -0.00013783016  -4.4253646e-06  7.2831300e-06  
2.0658124e-05  -0.00018303190  -2.3430650e-05  0.00020452260  0.00030299242  -0.0010538742  0.00019366266  0.0000000   -0.00018874886  0.0020874160  -0.00028847875  -0.00021231879  0.00054307205  -0.00010382047  3.8939288e-05  1.9611181e-05  7.2460552e-05  0.00012569668  -5.3017791e-06  -6.6078673e-05  6.5565947e-05  -5.8531569e-05  -8.1917497e-05  -6.2517483e-07  -6.2370169e-05  -0.00014358165  -4.0586047e-06  1.3805249e-05  -1.0321740e-05  3.0736605e-05  2.2277715e-05  2.0658124e-05  -0.00018303190  -2.3430650e-05  0.00020452260  0.00030299242  -0.0010538742  0.00019366266  0.0000000   -0.00018874886  0.0020874160  -0.00028847875  -0.00021231879  0.00054307205  -0.00010382047  3.8939288e-05  1.9611181e-05  7.2460552e-05  0.00012569668  -5.3017791e-06  -6.6078673e-05  6.5565947e-05  -5.8531569e-05  -8.1917497e-05  -6.2517483e-07  -6.2370169e-05  -0.00014358165  -4.0586047e-06  1.3805249e-05  -1.0321740e-05  3.0736605e-05  2.2277715e-05  
0.00028774765  -0.0010876903  0.00022493105  -0.00015519860  0.00019317428  0.00027284142  0.0012215973  0.00018874886  0.0000000   -0.00023388347  -0.0019795684  -0.0014506736  -0.00013680326  4.2169187e-05  0.00011459877  -5.6881175e-05  3.0017882e-05  0.00074237718  -7.0834526e-05  8.8146173e-06  -3.0012687e-06  1.8782947e-06  4.1479155e-05  9.0018018e-06  6.8978025e-05  2.5661298e-05  -1.1413720e-05  5.1124167e-05  -6.1075243e-05  -3.1158762e-05  1.1796711e-05  0.00028774765  -0.0010876903  0.00022493105  -0.00015519860  0.00019317428  0.00027284142  0.0012215973  0.00018874886  0.0000000   -0.00023388347  -0.0019795684  -0.0014506736  -0.00013680326  4.2169187e-05  0.00011459877  -5.6881175e-05  3.0017882e-05  0.00074237718  -7.0834526e-05  8.8146173e-06  -3.0012687e-06  1.8782947e-06  4.1479155e-05  9.0018018e-06  6.8978025e-05  2.5661298e-05  -1.1413720e-05  5.1124167e-05  -6.1075243e-05  -3.1158762e-05  1.1796711e-05  
1.6827173e-05  -0.00010885068  -0.00031105708  0.0017907874  0.00072812468  -0.0011776652  4.4622636e-05  -0.0020874160  0.00023388347  0.0000000   -0.00013404959  -0.00016540248  -4.6193919e-05  -4.2066926e-05  -5.8773840e-05  -0.00010250676  -0.00069462252  4.0255095e-05  0.00016043401  -7.7688237e-05  -0.00026687467  0.00031490692  -0.00016310054  -4.8679989e-05  -0.00032491221  8.0321229e-05  -1.1327366e-05  -3.2466682e-06  5.8630502e-06  0.00042217384  -0.00014190045  1.6827173e-05  -0.00010885068  -0.00031105708  0.0017907874  0.00072812468  -0.0011776652  4.4622636e-05  -0.0020874160  0.00023388347  0.0000000   -0.00013404959  -0.00016540248  -4.6193919e-05  -4.2066926e-05  -5.8773840e-05  -0.00010250676  -0.00069462252  4.0255095e-05  0.00016043401  -7.7688237e-05  -0.00026687467  0.00031490692  -0.00016310054  -4.8679989e-05  -0.00032491221  8.0321229e-05  -1.1327366e-05  -3.2466682e-06  5.8630502e-06  0.00042217384  -0.00014190045  
0.00030730018  -0.00030569914  2.7559776e-05  0.00015035947  0.00017416845  1.1975122e-05  -0.00051624482  0.00028847875  0.0019795684  0.00013404959  0.0000000   -0.00029682924  6.9701412e-05  3.1802912e-05  -0.00030971710  0.00061834386  -6.9111010e-05  0.00031699355  -2.3454962e-05  2.4294110e-05  1.3219740e-05  2.1990377e-05  -5.1484269e-06  -1.2305990e-05  4.4874346e-06  -6.9594370e-06  -5.6134797e-05  0.00011946072  -8.8088019e-05  1.8112637e-05  1.7233825e-06  0.00030730018  -0.00030569914  2.7559776e-05  0.00015035947  0.00017416845  1.1975122e-05  -0.00051624482  0.00028847875  0.0019795684  0.00013404959  0.0000000   -0.00029682924  6.9701412e-05  3.1802912e-05  -0.00030971710  0.00061834386  -6.9111010e-05  0.00031699355  -2.3454962e-05  2.4294110e-05  1.3219740e-05  2.1990377e-05  -5.1484269e-06  -1.2305990e-05  4.4874346e-06  -6.9594370e-06  -5.6134797e-05  0.00011946072  -8.8088019e-05  1.8112637e-05  1.7233825e-06  
