0.0000000   -1.7722619e-05  -0.00014487526  -0.00022726016  0.00037707813  -3.2851038e-05  -2.7665043e-05  -9.9925698e-05  0.00022482397  0.00045994469  0.00012530900  -0.00019674042  4.4072656e-05  -4.9892037e-05  -2.3806903e-05  -8.6695099e-06  0.00016624148  -9.6917072e-05  8.4225943e-07  -3.3886469e-05  0.00012965347  0.00022904508  -8.9530603e-05  -1.7404163e-05  -8.8484439e-06  0.00019714685  3.2887772e-05  -1.2409356e-05  1.2078113e-05  -2.3633783e-06  2.7781113e-05  0.0000000   -1.7722619e-05  -0.00014487526  -0.00022726016  0.00037707813  -3.2851038e-05  -2.7665043e-05  -9.9925698e-05  0.00022482397  0.00045994469  0.00012530900  -0.00019674042  4.4072656e-05  -4.9892037e-05  -2.3806903e-05  -8.6695099e-06  0.00016624148  -9.6917072e-05  8.4225943e-07  -3.3886469e-05  0.00012965347  0.00022904508  -8.9530603e-05  -1.7404163e-05  -8.8484439e-06  0.00019714685  3.2887772e-05  -1.2409356e-05  1.2078113e-05  -2.3633783e-06  2.7781113e-05  
1.7722619e-05  0.0000000   -0.0015286832  -0.0029164460  0.00024891394  -3.7146048e-05  0.00013668599  -0.0010600152  -6.1974394e-05  -8.7276360e-05  -1.6127944e-05  1.3599579e-05  -2.9644580e-05  -1.6835809e-05  -7.6752951e-06  -5.1697325e-05  -3.8241075e-05  2.5120031e-05  -2.6656157e-05  -0.00013104647  -5.8191358e-06  -3.7073920e-05  1.9045776e-05  -9.1681463e-05  -0.00012735130  -3.9147548e-05  -1.2006390e-05  -4.6449188e-07  6.3480902e-05  5.2481705e-05  1.6068626e-06  1.7722619e-05  0.0000000   -0.0015286832  -0.0029164460  0.00024891394  -3.7146048e-05  0.00013668599  -0.0010600152  -6.1974394e-05  -8.7276360e-05  -1.6127944e-05  1.3599579e-05  -2.9644580e-05  -1.6835809e-05  -7.6752951e-06  -5.1697325e-05  -3.8241075e-05  2.5120031e-05  -2.6656157e-05  -0.00013104647  -5.8191358e-06  -3.7073920e-05  1.9045776e-05  -9.1681463e-05  -0.00012735130  -3.9147548e-05  -1.2006390e-05  -4.6449188e-07  6.3480902e-05  5.2481705e-05  1.6068626e-06  
0.00014487526  0.0015286832  0.0000000   -2.8392890e-05  -3.5033178e-06  0.0011122176  -0.00011460433  0.00084348630  9.8830458e-05  -1.7023044e-05  2.4615496e-05  1.0985519e-05  -2.3587241e-05  -1.8508994e-05  1.4893468e-05  -0.00011924016  -8.8163755e-06  8.2517817e-06  8.8231698e-05  0.00014546045  6.0132279e-06  2.8451230e-05  -7.7613373e-06  8.0369658e-05  -7.3354567e-05  1.0693955e-05  -1.3971628e-06  2.7003687e-06  4.9162555e-05  4.6029984e-05  5.6952694e-06  0.00014487526  0.0015286832  0.0000000   -2.8392890e-05  -3.5033178e-06  0.0011122176  -0.00011460433  0.00084348630  9.8830458e-05  -1.7023044e-05  2.4615496e-05  1.0985519e-05  -2.3587241e-05  -1.8508994e-05  1.4893468e-05  -0.00011924016  -8.8163755e-06  8.2517817e-06  8.8231698e-05  0.00014546045  6.0132279e-06  2.8451230e-05  -7.7613373e-06  8.0369658e-05  -7.3354567e-05  1.0693955e-05  -1.3971628e-06  2.7003687e-06  4.9162555e-05  4.6029984e-05  5.6952694e-06  
0.00022726016  0.0029164460  2.8392890e-05  0.0000000   -7.4288066e-05  0.0016032991  -0.00016823589  6.2310853e-05  1.1829343e-05  2.0078896e-05  2.3118004e-05  1.1746525e-05  -4.6459323e-05  -2.8112771e-05  3.1783952e-05  0.00011073041  -1.9915354e-06  5.4499390e-06  -0.00014048195  -7.4677764e-05  2.3272268e-06  8.7841795e-06  7.3558338e-07  8.1236322e-05  -4.3131025e-05  8.8259004e-06  -1.0737544e-06  6.3510012e-06  2.7273759e-06  5.3776341e-07  -6.5903118e-06  0.00022726016  0.0029164460  2.8392890e-05  0.0000000   -7.4288066e-05  0.0016032991  -0.00016823589  6.2310853e-05  1.1829343e-05  2.0078896e-05  2.3118004e-05  1.1746525e-05  -4.6459323e-05  -2.8112771e-05  3.1783952e-05  0.00011073041  -1.9915354e-06  5.4499390e-06  -0.00014048195  -7.4677764e-05  2.3272268e-06  8.7841795e-06  7.3558338e-07  8.1236322e-05  -4.3131025e-05  8.8259004e-06  -1.0737544e-06  6.3510012e-06  2.7273759e-06  5.3776341e-07  -6.5903118e-06  
-0.00037707813  -0.00024891394  3.5033178e-06  7.4288066e-05  0.0000000   -0.00018726533  -1.2490605e-05  -1.0796379e-05  -0.00012682084  0.00080091877  -0.00022617298  -0.00010163248  -0.00052200099  -0.00041604912  0.00020909510  3.3262038e-05  -0.00031069925  2.3890493e-05  9.1954929e-06  1.2707694e-06  9.4338884e-05  0.00015292417  0.00012944679  7.4509440e-06  1.8328844e-06  5.9301288e-05  9.1915760e-06  -3.1219919e-05  2.3165095e-05  -3.6468251e-05  -9.5266051e-05  -0.00037707813  -0.00024891394  3.5033178e-06  7.4288066e-05  0.0000000   -0.00018726533  -1.2490605e-05  -1.0796379e-05  -0.00012682084  0.00080091877  -0.00022617298  -0.00010163248  -0.00052200099  -0.00041604912  0.00020909510  3.3262038e-05  -0.00031069925  2.3890493e-05  9.1954929e-06  1.2707694e-06  9.4338884e-05  0.00015292417  0.00012944679  7.4509440e-06  1.8328844e-06  5.9301288e-05  9.1915760e-06  -3.1219919e-05  2.3165095e-05  -3.6468251e-05  -9.5266051e-05  
3.2851038e-05  3.7146048e-05  -0.0011122176  -0.0016032991  0.00018726533  0.0000000   0.00042674187  0.00015464596  -3.7098090e-05  -1.1472007e-05  -3.5475238e-05  -5.1782576e-05  6.6742427e-05  5.8156045e-05  1.1592272e-05  0.00035779788  3.6366591e-05  -5.9882690e-06  -5.6402050e-06  8.6976216e-05  7.8739218e-07  5.8690411e-06  -3.1110438e-05  0.00013018406  7.2039231e-05  -8.2074854e-07  -3.9546538e-06  1.1254242e-05  -4.9589157e-05  -3.2653485e-05  3.6598823e-06  3.2851038e-05  3.7146048e-05  -0.0011122176  -0.0016032991  0.00018726533  0.0000000   0.00042674187  0.00015464596  -3.7098090e-05  -1.1472007e-05  -3.5475238e-05  -5.1782576e-05  6.6742427e-05  5.8156045e-05  1.1592272e-05  0.00035779788  3.6366591e-05  -5.9882690e-06  -5.6402050e-06  8.6976216e-05  7.8739218e-07  5.8690411e-06  -3.1110438e-05  0.00013018406  7.2039231e-05  -8.2074854e-07  -3.9546538e-06  1.1254242e-05  -4.9589157e-05  -3.2653485e-05  3.6598823e-06  
2.7665043e-05  -0.00013668599  0.00011460433  0.00016823589  1.2490605e-05  -0.00042674187  0.0000000   -0.0022218362  -2.0233244e-05  -6.8247447e-06  6.3624286e-05  5.6927950e-05  9.4813092e-06  -1.3113295e-05  1.8375698e-06  0.00013424594  3.9086505e-05  -9.8201402e-06  5.3320094e-05  8.0299592e-06  -7.9730537e-06  -5.5340137e-06  -2.7837165e-06  1.2238192e-05  7.5399176e-05  -5.0715404e-06  -1.4657119e-06  4.4256838e-06  1.0862160e-05  1.3224660e-05  -4.2613521e-07  2.7665043e-05  -0.00013668599  0.00011460433  0.00016823589  1.2490605e-05  -0.00042674187  0.0000000   -0.0022218362  -2.0233244e-05  -6.8247447e-06  6.3624286e-05  5.6927950e-05  9.4813092e-06  -1.3113295e-05  1.8375698e-06  0.00013424594  3.9086505e-05  -9.8201402e-06  5.3320094e-05  8.0299592e-06  -7.9730537e-06  -5.5340137e-06  -2.7837165e-06  1.2238192e-05  7.5399176e-05  -5.0715404e-06  -1.4657119e-06  4.4256838e-06  1.0862160e-05  1.3224660e-05  -4.2613521e-07  
9.9925698e-05  0.0010600152  -0.00084348630  -6.2310853e-05  1.0796379e-05  -0.00015464596  0.0022218362  0.0000000   -1.3211870e-06  -0.00011388562  -0.00012472750  -4.2882015e-05  -1.7443738e-05  -4.0623931e-05  4.8385502e-05  0.00052406965  -2.6913310e-06  -1.7417332e-05  -0.00011289975  0.00027747825  3.4005631e-06  2.5715548e-05  -1.9402474e-06  0.00028107824  -0.00039157654  1.0373270e-05  1.7991769e-05  6.4359802e-06  2.1658805e-05  2.0508881e-05  8.9686718e-06  9.9925698e-05  0.0010600152  -0.00084348630  -6.2310853e-05  1.0796379e-05  -0.00015464596  0.0022218362  0.0000000   -1.3211870e-06  -0.00011388562  -0.00012472750  -4.2882015e-05  -1.7443738e-05  -4.0623931e-05  4.8385502e-05  0.00052406965  -2.6913310e-06  -1.7417332e-05  -0.00011289975  0.00027747825  3.4005631e-06  2.5715548e-05  -1.9402474e-06  0.00028107824  -0.00039157654  1.0373270e-05  1.7991769e-05  6.4359802e-06  2.1658805e-05  2.0508881e-05  8.9686718e-06  
-0.00022482397  6.1974394e-05  -9.8830458e-05  -1.1829343e-05  0.00012682084  3.7098090e-05  2.0233244e-05  1.3211870e-06  0.0000000   0.0032010943  0.0019226781  0.0012949911  0.00031891837  0.00088932474  -3.3008220e-05  3.2340240e-05  0.00047743476  -2.2204645e-05  5.2862940e-07  3.8544581e-05  -0.00028907315  -9.2008965e-06  -0.00024557220  1.2522852e-05  -9.2881783e-07  5.9294202e-05  4.1495089e-07  -9.0207048e-05  8.3902068e-05  -9.1758393e-05  -2.8782238e-05  -0.00022482397  6.1974394e-05  -9.8830458e-05  -1.1829343e-05  0.00012682084  3.7098090e-05  2.0233244e-05  1.3211870e-06  0.0000000   0.0032010943  0.0019226781  0.0012949911  0.00031891837  0.00088932474  -3.3008220e-05  3.2340240e-05  0.00047743476  -2.2204645e-05  5.2862940e-07  3.8544581e-05  -0.00028907315  -9.2008965e-06  -0.00024557220  1.2522852e-05  -9.2881783e-07  5.9294202e-05  4.1495089e-07  -9.0207048e-05  8.3902068e-05  -9.1758393e-05  -2.8782238e-05  
-0.00045994469  8.7276360e-05  1.7023044e-05  -2.0078896e-05  -0.00080091877  1.1472007e-05  6.8247447e-06  0.00011388562  -0.0032010943  0.0000000   -0.0022013431  -0.0022214926  0.00073223548  0.00056472034  0.00019370025  -7.3792402e-05  1.7909499e-05  -0.00033883418  -1.9225077e-05  -1.7035619e-05  0.00040301098  -5.4285028e-05  -0.00028827898  -3.0915215e-05  9.3202765e-06  0.00012305825  0.00014101229  6.6729173e-06  2.3825882e-05  -5.0793360e-05  -5.2195170e-05  -0.00045994469  8.7276360e-05  1.7023044e-05  -2.0078896e-05  -0.00080091877  1.1472007e-05  6.8247447e-06  0.00011388562  -0.0032010943  0.0000000   -0.0022013431  -0.0022214926  0.00073223548  0.00056472034  0.00019370025  -7.3792402e-05  1.7909499e-05  -0.00033883418  -1.9225077e-05  -1.7035619e-05  0.00040301098  -5.4285028e-05  -0.00028827898  -3.0915215e-05  9.3202765e-06  0.00012305825  0.00014101229  6.6729173e-06  2.3825882e-05  -5.0793360e-05  -5.2195170e-05  
-0.00012530900  1.6127944e-05  -2.4615496e-05  -2.3118004e-05  0.00022617298  3.5475238e-05  -6.3624286e-05  0.00012472750  -0.0019226781  0.0022013431  0.0000000   0.0021062347  -8.1273016e-05  0.00085181745  -0.00041824837  -6.2273536e-06  0.00048152353  -0.00041163262  -3.6335924e-05  3.2767679e-05  -0.00012607503  -0.00037487418  -0.00011364191  -4.3344218e-06  4.0505530e-05  -4.4058230e-05  -0.00013573970  5.6661727e-05  9.3971577e-06  -1.5668461e-05  -5.6578684e-05  -0.00012530900  1.6127944e-05  -2.4615496e-05  -2.3118004e-05  0.00022617298  3.5475238e-05  -6.3624286e-05  0.00012472750  -0.0019226781  0.0022013431  0.0000000   0.0021062347  -8.1273016e-05  0.00085181745  -0.00041824837  -6.2273536e-06  0.00048152353  -0.00041163262  -3.6335924e-05  3.2767679e-05  -0.00012607503  -0.00037487418  -0.00011364191  -4.3344218e-06  4.0505530e-05  -4.4058230e-05  -0.00013573970  5.6661727e-05  9.3971577e-06  -1.5668461e-05  -5.6578684e-05  
0.00019674042  -1.3599579e-05  -1.0985519e-05  -1.1746525e-05  0.00010163248  5.1782576e-05  -5.6927950e-05  4.2882015e-05  -0.0012949911  0.0022214926  -0.0021062347  0.0000000   -0.00022054049  0.0012774816  -0.00012014838  -3.2663218e-06  -0.00020668154  0.00032227681  -4.8410374e-06  2.9302251e-05  -2.9050205e-05  -0.00035853250  -5.6310248e-05  -4.3868073e-05  -9.1509106e-06  -3.0732495e-05  -0.00013999222  3.2377761e-05  -9.7481391e-05  0.00015984820  -7.6829291e-05  0.00019674042  -1.3599579e-05  -1.0985519e-05  -1.1746525e-05  0.00010163248  5.1782576e-05  -5.6927950e-05  4.2882015e-05  -0.0012949911  0.0022214926  -0.0021062347  0.0000000   -0.00022054049  0.0012774816  -0.00012014838  -3.2663218e-06  -0.00020668154  0.00032227681  -4.8410374e-06  2.9302251e-05  -2.9050205e-05  -0.00035853250  -5.6310248e-05  -4.3868073e-05  -9.1509106e-06  -3.0732495e-05  -0.00013999222  3.2377761e-05  -9.7481391e-05  0.00015984820  -7.6829291e-05  
-4.4072656e-05  2.9644580e-05  2.3587241e-05  4.6459323e-05  0.00052200099  -6.6742427e-05  -9.4813092e-06  1.7443738e-05  -0.00031891837  -0.00073223548  8.1273016e-05  0.00022054049  0.0000000   -0.00045643207  0.0019014665  -5.1106659e-05  0.00014598253  -4.5488955e-06  4.8427336e-05  5.1983833e-06  0.00020217314  0.00025520255  0.00020509963  2.5901293e-05  -9.3593200e-06  0.00010473732  0.00011760070  0.00011450330  -7.1670446e-05  8.4194860e-05  7.5878529e-05  -4.4072656e-05  2.9644580e-05  2.3587241e-05  4.6459323e-05  0.00052200099  -6.6742427e-05  -9.4813092e-06  1.7443738e-05  -0.00031891837  -0.00073223548  8.1273016e-05  0.00022054049  0.0000000   -0.00045643207  0.0019014665  -5.1106659e-05  0.00014598253  -4.5488955e-06  4.8427336e-05  5.1983833e-06  0.00020217314  0.00025520255  0.00020509963  2.5901293e-05  -9.3593200e-06  0.00010473732  0.00011760070  0.00011450330  -7.1670446e-05  8.4194860e-05  7.5878529e-05  
4.9892037e-05  1.6835809e-05  1.8508994e-05  2.8112771e-05  0.00041604912  -5.8156045e-05  1.3113295e-05  4.0623931e-05  -0.00088932474  -0.00056472034  -0.00085181745  -0.0012774816  0.00045643207  0.0000000   0.00047479103  -5.8539373e-05  0.00083706949  0.00023753097  3.7982999e-05  -6.7555724e-05  -0.00055548311  0.00039757029  -0.00023116176  -3.3288226e-05  -9.8552408e-06  4.8167335e-05  -3.2826221e-05  6.8390465e-05  -0.00013666463  0.00017062737  0.00011408481  4.9892037e-05  1.6835809e-05  1.8508994e-05  2.8112771e-05  0.00041604912  -5.8156045e-05  1.3113295e-05  4.0623931e-05  -0.00088932474  -0.00056472034  -0.00085181745  -0.0012774816  0.00045643207  0.0000000   0.00047479103  -5.8539373e-05  0.00083706949  0.00023753097  3.7982999e-05  -6.7555724e-05  -0.00055548311  0.00039757029  -0.00023116176  -3.3288226e-05  -9.8552408e-06  4.8167335e-05  -3.2826221e-05  6.8390465e-05  -0.00013666463  0.00017062737  0.00011408481  
2.3806903e-05  7.6752951e-06  -1.4893468e-05  -3.1783952e-05  -0.00020909510  -1.1592272e-05  -1.8375698e-06  -4.8385502e-05  3.3008220e-05  -0.00019370025  0.00041824837  0.00012014838  -0.0019014665  -0.00047479103  0.0000000   6.4482267e-05  -0.0016181469  0.0011096429  -0.00012300240  8.0062701e-05  0.00035135880  -8.2452966e-06  0.00015868130  1.2633271e-05  -3.6170618e-06  0.00010049073  0.00017167112  2.8505932e-06  -7.2333264e-05  0.00012120245  3.4669440e-05  2.3806903e-05  7.6752951e-06  -1.4893468e-05  -3.1783952e-05  -0.00020909510  -1.1592272e-05  -1.8375698e-06  -4.8385502e-05  3.3008220e-05  -0.00019370025  0.00041824837  0.00012014838  -0.0019014665  -0.00047479103  0.0000000   6.4482267e-05  -0.0016181469  0.0011096429  -0.00012300240  8.0062701e-05  0.00035135880  -8.2452966e-06  0.00015868130  1.2633271e-05  -3.6170618e-06  0.00010049073  0.00017167112  2.8505932e-06  -7.2333264e-05  0.00012120245  3.4669440e-05  
8.6695099e-06  5.1697325e-05  0.00011924016  -0.00011073041  -3.3262038e-05  -0.00035779788  -0.00013424594  -0.00052406965  -3.2340240e-05  7.3792402e-05  6.2273536e-06  3.2663218e-06  5.1106659e-05  5.8539373e-05  -6.4482267e-05  0.0000000   6.0088217e-05  -2.5531740e-05  -0.00038219669  -0.00037485336  3.0417228e-05  -4.7128733e-05  -1.3297150e-05  8.8097557e-05  -0.00011912137  -6.3115918e-07  -6.0684599e-06  1.1962630e-05  0.00010258679  6.5416644e-05  -1.0917243e-05  8.6695099e-06  5.1697325e-05  0.00011924016  -0.00011073041  -3.3262038e-05  -0.00035779788  -0.00013424594  -0.00052406965  -3.2340240e-05  7.3792402e-05  6.2273536e-06  3.2663218e-06  5.1106659e-05  5.8539373e-05  -6.4482267e-05  0.0000000   6.0088217e-05  -2.5531740e-05  -0.00038219669  -0.00037485336  3.0417228e-05  -4.7128733e-05  -1.3297150e-05  8.8097557e-05  -0.00011912137  -6.3115918e-07  -6.0684599e-06  1.1962630e-05  0.00010258679  6.5416644e-05  -1.0917243e-05  
-0.00016624148  3.8241075e-05  8.8163755e-06  1.9915354e-06  0.00031069925  -3.6366591e-05  -3.9086505e-05  2.6913310e-06  -0.00047743476  -1.7909499e-05  -0.00048152353  0.00020668154  -0.00014598253  -0.00083706949  0.0016181469  -6.0088217e-05  0.0000000   -6.1915563e-05  4.0345165e-05  0.00018263754  -0.0010761991  -0.00033544665  0.00061602601  1.5308002e-05  6.7359821e-05  0.00074082581  0.00015294147  0.00016508731  0.00012033635  -0.00014037416  0.00042358221  -0.00016624148  3.8241075e-05  8.8163755e-06  1.9915354e-06  0.00031069925  -3.6366591e-05  -3.9086505e-05  2.6913310e-06  -0.00047743476  -1.7909499e-05  -0.00048152353  0.00020668154  -0.00014598253  -0.00083706949  0.0016181469  -6.0088217e-05  0.0000000   -6.1915563e-05  4.0345165e-05  0.00018263754  -0.0010761991  -0.00033544665  0.00061602601  1.5308002e-05  6.7359821e-05  0.00074082581  0.00015294147  0.00016508731  0.00012033635  -0.00014037416  0.00042358221  
9.6917072e-05  -2.5120031e-05  -8.2517817e-06  -5.4499390e-06  -2.3890493e-05  5.9882690e-06  9.8201402e-06  1.7417332e-05  2.2204645e-05  0.00033883418  0.00041163262  -0.00032227681  4.5488955e-06  -0.00023753097  -0.0011096429  2.5531740e-05  6.1915563e-05  0.0000000   -2.9178010e-05  6.3719210e-05  0.00015086116  -9.0503542e-06  0.00029677844  1.2602881e-05  1.5914200e-05  -0.00015860137  0.00022762186  0.00012486658  -1.2500406e-05  -1.2732920e-05  0.00023317966  9.6917072e-05  -2.5120031e-05  -8.2517817e-06  -5.4499390e-06  -2.3890493e-05  5.9882690e-06  9.8201402e-06  1.7417332e-05  2.2204645e-05  0.00033883418  0.00041163262  -0.00032227681  4.5488955e-06  -0.00023753097  -0.0011096429  2.5531740e-05  6.1915563e-05  0.0000000   -2.9178010e-05  6.3719210e-05  0.00015086116  -9.0503542e-06  0.00029677844  1.2602881e-05  1.5914200e-05  -0.00015860137  0.00022762186  0.00012486658  -1.2500406e-05  -1.2732920e-05  0.00023317966  
-8.4225943e-07  2.6656157e-05  -8.8231698e-05  0.00014048195  -9.1954929e-06  5.6402050e-06  -5.3320094e-05  0.00011289975  -5.2862940e-07  1.9225077e-05  3.6335924e-05  4.8410374e-06  -4.8427336e-05  -3.7982999e-05  0.00012300240  0.00038219669  -4.0345165e-05  2.9178010e-05  0.0000000   -0.0034916818  -2.4031204e-06  -0.00032179201  6.4239075e-06  -0.00017084989  3.6365637e-05  1.5539537e-05  -3.0269293e-05  -9.5190805e-06  -4.4084654e-05  -4.6058038e-05  -1.8610801e-05  -8.4225943e-07  2.6656157e-05  -8.8231698e-05  0.00014048195  -9.1954929e-06  5.6402050e-06  -5.3320094e-05  0.00011289975  -5.2862940e-07  1.9225077e-05  3.6335924e-05  4.8410374e-06  -4.8427336e-05  -3.7982999e-05  0.00012300240  0.00038219669  -4.0345165e-05  2.9178010e-05  0.0000000   -0.0034916818  -2.4031204e-06  -0.00032179201  6.4239075e-06  -0.00017084989  3.6365637e-05  1.5539537e-05  -3.0269293e-05  -9.5190805e-06  -4.4084654e-05  -4.6058038e-05  -1.8610801e-05  
3.3886469e-05  0.00013104647  -0.00014546045  7.4677764e-05  -1.2707694e-06  -8.6976216e-05  -8.0299592e-06  -0.00027747825  -3.8544581e-05  1.7035619e-05  -3.2767679e-05  -2.9302251e-05  -5.1983833e-06  6.7555724e-05  -8.0062701e-05  0.00037485336  -0.00018263754  -6.3719210e-05  0.0034916818  0.0000000   7.9944573e-05  -3.9049386e-05  2.6866024e-05  -4.5577143e-05  -0.00078837707  5.1640332e-05  7.7493117e-06  2.9361082e-05  0.00020485495  0.00012557385  2.1114707e-05  3.3886469e-05  0.00013104647  -0.00014546045  7.4677764e-05  -1.2707694e-06  -8.6976216e-05  -8.0299592e-06  -0.00027747825  -3.8544581e-05  1.7035619e-05  -3.2767679e-05  -2.9302251e-05  -5.1983833e-06  6.7555724e-05  -8.0062701e-05  0.00037485336  -0.00018263754  -6.3719210e-05  0.0034916818  0.0000000   7.9944573e-05  -3.9049386e-05  2.6866024e-05  -4.5577143e-05  -0.00078837707  5.1640332e-05  7.7493117e-06  2.9361082e-05  0.00020485495  0.00012557385  2.1114707e-05  
-0.00012965347  5.8191358e-06  -6.0132279e-06  -2.3272268e-06  -9.4338884e-05  -7.8739218e-07  7.9730537e-06  -3.4005631e-06  0.00028907315  -0.00040301098  0.00012607503  2.9050205e-05  -0.00020217314  0.00055548311  -0.00035135880  -3.0417228e-05  0.0010761991  -0.00015086116  2.4031204e-06  -7.9944573e-05  0.0000000   0.00056255821  0.0010782047  0.00016917643  -5.0458859e-05  -4.0991152e-05  0.00042390775  1.3560801e-05  4.4776442e-05  -7.3522199e-05  7.1505666e-05  -0.00012965347  5.8191358e-06  -6.0132279e-06  -2.3272268e-06  -9.4338884e-05  -7.8739218e-07  7.9730537e-06  -3.4005631e-06  0.00028907315  -0.00040301098  0.00012607503  2.9050205e-05  -0.00020217314  0.00055548311  -0.00035135880  -3.0417228e-05  0.0010761991  -0.00015086116  2.4031204e-06  -7.9944573e-05  0.0000000   0.00056255821  0.0010782047  0.00016917643  -5.0458859e-05  -4.0991152e-05  0.00042390775  1.3560801e-05  4.4776442e-05  -7.3522199e-05  7.1505666e-05  
-0.00022904508  3.7073920e-05  -2.8451230e-05  -8.7841795e-06  -0.00015292417  -5.8690411e-06  5.5340137e-06  -2.5715548e-05  9.2008965e-06  5.4285028e-05  0.00037487418  0.00035853250  -0.00025520255  -0.00039757029  8.2452966e-06  4.7128733e-05  0.00033544665  9.0503542e-06  0.00032179201  3.9049386e-05  -0.00056255821  0.0000000   -0.00014642682  8.4249769e-05  6.0883183e-05  7.2315356e-05  -0.00036586903  -0.00011320948  5.7151828e-06  4.0659036e-05  -3.0186476e-05  -0.00022904508  3.7073920e-05  -2.8451230e-05  -8.7841795e-06  -0.00015292417  -5.8690411e-06  5.5340137e-06  -2.5715548e-05  9.2008965e-06  5.4285028e-05  0.00037487418  0.00035853250  -0.00025520255  -0.00039757029  8.2452966e-06  4.7128733e-05  0.00033544665  9.0503542e-06  0.00032179201  3.9049386e-05  -0.00056255821  0.0000000   -0.00014642682  8.4249769e-05  6.0883183e-05  7.2315356e-05  -0.00036586903  -0.00011320948  5.7151828e-06  4.0659036e-05  -3.0186476e-05  
8.9530603e-05  -1.9045776e-05  7.7613373e-06  -7.3558338e-07  -0.00012944679  3.1110438e-05  2.7837165e-06  1.9402474e-06  0.00024557220  0.00028827898  0.00011364191  5.6310248e-05  -0.00020509963  0.00023116176  -0.00015868130  1.3297150e-05  -0.00061602601  -0.00029677844  -6.4239075e-06  -2.6866024e-05  -0.0010782047  0.00014642682  0.0000000   4.2909460e-05  0.00031188783  -0.0011976346  -0.00024677866  0.00018567149  -1.8327480e-05  1.3870967e-06  9.0780335e-05  8.9530603e-05  -1.9045776e-05  7.7613373e-06  -7.3558338e-07  -0.00012944679  3.1110438e-05  2.7837165e-06  1.9402474e-06  0.00024557220  0.00028827898  0.00011364191  5.6310248e-05  -0.00020509963  0.00023116176  -0.00015868130  1.3297150e-05  -0.00061602601  -0.00029677844  -6.4239075e-06  -2.6866024e-05  -0.0010782047  0.00014642682  0.0000000   4.2909460e-05  0.00031188783  -0.0011976346  -0.00024677866  0.00018567149  -1.8327480e-05  1.3870967e-06  9.0780335e-05  
1.7404163e-05  9.1681463e-05  -8.0369658e-05  -8.1236322e-05  -7.4509440e-06  -0.00013018406  -1.2238192e-05  -0.00028107824  -1.2522852e-05  3.0915215e-05  4.3344218e-06  4.3868073e-05  -2.5901293e-05  3.3288226e-05  -1.2633271e-05  -8.8097557e-05  -1.5308002e-05  -1.2602881e-05  0.00017084989  4.5577143e-05  -0.00016917643  -8.4249769e-05  -4.2909460e-05  0.0000000   -0.0049302672  0.00011538050  -4.1494432e-05  4.9991092e-05  0.00020083501  0.00018106273  -2.0006884e-05  1.7404163e-05  9.1681463e-05  -8.0369658e-05  -8.1236322e-05  -7.4509440e-06  -0.00013018406  -1.2238192e-05  -0.00028107824  -1.2522852e-05  3.0915215e-05  4.3344218e-06  4.3868073e-05  -2.5901293e-05  3.3288226e-05  -1.2633271e-05  -8.8097557e-05  -1.5308002e-05  -1.2602881e-05  0.00017084989  4.5577143e-05  -0.00016917643  -8.4249769e-05  -4.2909460e-05  0.0000000   -0.0049302672  0.00011538050  -4.1494432e-05  4.9991092e-05  0.00020083501  0.00018106273  -2.0006884e-05  
8.8484439e-06  0.00012735130  7.3354567e-05  4.3131025e-05  -1.8328844e-06  -7.2039231e-05  -7.5399176e-05  0.00039157654  9.2881783e-07  -9.3202765e-06  -4.0505530e-05  9.1509106e-06  9.3593200e-06  9.8552408e-06  3.6170618e-06  0.00011912137  -6.7359821e-05  -1.5914200e-05  -3.6365637e-05  0.00078837707  5.0458859e-05  -6.0883183e-05  -0.00031188783  0.0049302672  0.0000000   0.00012156933  0.00012845836  6.3065908e-05  -0.00022028403  -0.00023685129  7.9505879e-05  8.8484439e-06  0.00012735130  7.3354567e-05  4.3131025e-05  -1.8328844e-06  -7.2039231e-05  -7.5399176e-05  0.00039157654  9.2881783e-07  -9.3202765e-06  -4.0505530e-05  9.1509106e-06  9.3593200e-06  9.8552408e-06  3.6170618e-06  0.00011912137  -6.7359821e-05  -1.5914200e-05  -3.6365637e-05  0.00078837707  5.0458859e-05  -6.0883183e-05  -0.00031188783  0.0049302672  0.0000000   0.00012156933  0.00012845836  6.3065908e-05  -0.00022028403  -0.00023685129  7.9505879e-05  
-0.00019714685  3.9147548e-05  -1.0693955e-05  -8.8259004e-06  -5.9301288e-05  8.2074854e-07  5.0715404e-06  -1.0373270e-05  -5.9294202e-05  -0.00012305825  4.4058230e-05  3.0732495e-05  -0.00010473732  -4.8167335e-05  -0.00010049073  6.3115918e-07  -0.00074082581  0.00015860137  -1.5539537e-05  -5.1640332e-05  4.0991152e-05  -7.2315356e-05  0.0011976346  -0.00011538050  -0.00012156933  0.0000000   0.0014923486  6.5150452e-05  0.00065812362  -0.00083335620  0.00018199965  -0.00019714685  3.9147548e-05  -1.0693955e-05  -8.8259004e-06  -5.9301288e-05  8.2074854e-07  5.0715404e-06  -1.0373270e-05  -5.9294202e-05  -0.00012305825  4.4058230e-05  3.0732495e-05  -0.00010473732  -4.8167335e-05  -0.00010049073  6.3115918e-07  -0.00074082581  0.00015860137  -1.5539537e-05  -5.1640332e-05  4.0991152e-05  -7.2315356e-05  0.0011976346  -0.00011538050  -0.00012156933  0.0000000   0.0014923486  6.5150452e-05  0.00065812362  -0.00083335620  0.00018199965  
-3.2887772e-05  1.2006390e-05  1.3971628e-06  1.0737544e-06  -9.1915760e-06  3.9546538e-06  1.4657119e-06  -1.7991769e-05  -4.1495089e-07  -0.00014101229  0.00013573970  0.00013999222  -0.00011760070  3.2826221e-05  -0.00017167112  6.0684599e-06  -0.00015294147  -0.00022762186  3.0269293e-05  -7.7493117e-06  -0.00042390775  0.00036586903  0.00024677866  4.1494432e-05  -0.00012845836  -0.0014923486  0.0000000   -0.0018223987  0.00012046664  -0.00015053785  -0.00063512360  -3.2887772e-05  1.2006390e-05  1.3971628e-06  1.0737544e-06  -9.1915760e-06  3.9546538e-06  1.4657119e-06  -1.7991769e-05  -4.1495089e-07  -0.00014101229  0.00013573970  0.00013999222  -0.00011760070  3.2826221e-05  -0.00017167112  6.0684599e-06  -0.00015294147  -0.00022762186  3.0269293e-05  -7.7493117e-06  -0.00042390775  0.00036586903  0.00024677866  4.1494432e-05  -0.00012845836  -0.0014923486  0.0000000   -0.0018223987  0.00012046664  -0.00015053785  -0.00063512360  
1.2409356e-05  4.6449188e-07  -2.7003687e-06  -6.3510012e-06  3.1219919e-05  -1.1254242e-05  -4.4256838e-06  -6.4359802e-06  9.0207048e-05  -6.6729173e-06  -5.6661727e-05  -3.2377761e-05  -0.00011450330  -6.8390465e-05  -2.8505932e-06  -1.1962630e-05  -0.00016508731  -0.00012486658  9.5190805e-06  -2.9361082e-05  -1.3560801e-05  0.00011320948  -0.00018567149  -4.9991092e-05  -6.3065908e-05  -6.5150452e-05  0.0018223987  0.0000000   0.00073761382  -0.0010031464  0.00065035873  1.2409356e-05  4.6449188e-07  -2.7003687e-06  -6.3510012e-06  3.1219919e-05  -1.1254242e-05  -4.4256838e-06  -6.4359802e-06  9.0207048e-05  -6.6729173e-06  -5.6661727e-05  -3.2377761e-05  -0.00011450330  -6.8390465e-05  -2.8505932e-06  -1.1962630e-05  -0.00016508731  -0.00012486658  9.5190805e-06  -2.9361082e-05  -1.3560801e-05  0.00011320948  -0.00018567149  -4.9991092e-05  -6.3065908e-05  -6.5150452e-05  0.0018223987  0.0000000   0.00073761382  -0.0010031464  0.00065035873  
-1.2078113e-05  -6.3480902e-05  -4.9162555e-05  -2.7273759e-06  -2.3165095e-05  4.9589157e-05  -1.0862160e-05  -2.1658805e-05  -8.3902068e-05  -2.3825882e-05  -9.3971577e-06  9.7481391e-05  7.1670446e-05  0.00013666463  7.2333264e-05  -0.00010258679  -0.00012033635  1.2500406e-05  4.4084654e-05  -0.00020485495  -4.4776442e-05  -5.7151828e-06  1.8327480e-05  -0.00020083501  0.00022028403  -0.00065812362  -0.00012046664  -0.00073761382  0.0000000   -2.0153508e-05  0.00089434866  -1.2078113e-05  -6.3480902e-05  -4.9162555e-05  -2.7273759e-06  -2.3165095e-05  4.9589157e-05  -1.0862160e-05  -2.1658805e-05  -8.3902068e-05  -2.3825882e-05  -9.3971577e-06  9.7481391e-05  7.1670446e-05  0.00013666463  7.2333264e-05  -0.00010258679  -0.00012033635  1.2500406e-05  4.4084654e-05  -0.00020485495  -4.4776442e-05  -5.7151828e-06  1.8327480e-05  -0.00020083501  0.00022028403  -0.00065812362  -0.00012046664  -0.00073761382  0.0000000   -2.0153508e-05  0.00089434866  
2.3633783e-06  -5.2481705e-05  -4.6029984e-05  -5.3776341e-07  3.6468251e-05  3.2653485e-05  -1.3224660e-05  -2.0508881e-05  9.1758393e-05  5.0793360e-05  1.5668461e-05  -0.00015984820  -8.4194860e-05  -0.00017062737  -0.00012120245  -6.5416644e-05  0.00014037416  1.2732920e-05  4.6058038e-05  -0.00012557385  7.3522199e-05  -4.0659036e-05  -1.3870967e-06  -0.00018106273  0.00023685129  0.00083335620  0.00015053785  0.0010031464  2.0153508e-05  0.0000000   -0.0011627011  2.3633783e-06  -5.2481705e-05  -4.6029984e-05  -5.3776341e-07  3.6468251e-05  3.2653485e-05  -1.3224660e-05  -2.0508881e-05  9.1758393e-05  5.0793360e-05  1.5668461e-05  -0.00015984820  -8.4194860e-05  -0.00017062737  -0.00012120245  -6.5416644e-05  0.00014037416  1.2732920e-05  4.6058038e-05  -0.00012557385  7.3522199e-05  -4.0659036e-05  -1.3870967e-06  -0.00018106273  0.00023685129  0.00083335620  0.00015053785  0.0010031464  2.0153508e-05  0.0000000   -0.0011627011  
-2.7781113e-05  -1.6068626e-06  -5.6952694e-06  6.5903118e-06  9.5266051e-05  -3.6598823e-06  4.2613521e-07  -8.9686718e-06  2.8782238e-05  5.2195170e-05  5.6578684e-05  7.6829291e-05  -7.5878529e-05  -0.00011408481  -3.4669440e-05  1.0917243e-05  -0.00042358221  -0.00023317966  1.8610801e-05  -2.1114707e-05  -7.1505666e-05  3.0186476e-05  -9.0780335e-05  2.0006884e-05  -7.9505879e-05  -0.00018199965  0.00063512360  -0.00065035873  -0.00089434866  0.0011627011  0.0000000   -2.7781113e-05  -1.6068626e-06  -5.6952694e-06  6.5903118e-06  9.5266051e-05  -3.6598823e-06  4.2613521e-07  -8.9686718e-06  2.8782238e-05  5.2195170e-05  5.6578684e-05  7.6829291e-05  -7.5878529e-05  -0.00011408481  -3.4669440e-05  1.0917243e-05  -0.00042358221  -0.00023317966  1.8610801e-05  -2.1114707e-05  -7.1505666e-05  3.0186476e-05  -9.0780335e-05  2.0006884e-05  -7.9505879e-05  -0.00018199965  0.00063512360  -0.00065035873  -0.00089434866  0.0011627011  0.0000000   
0.0000000   -1.7722619e-05  -0.00014487526  -0.00022726016  0.00037707813  -3.2851038e-05  -2.7665043e-05  -9.9925698e-05  0.00022482397  0.00045994469  0.00012530900  -0.00019674042  4.4072656e-05  -4.9892037e-05  -2.3806903e-05  -8.6695099e-06  0.00016624148  -9.6917072e-05  8.4225943e-07  -3.3886469e-05  0.00012965347  0.00022904508  -8.9530603e-05  -1.7404163e-05  -8.8484439e-06  0.00019714685  3.2887772e-05  -1.2409356e-05  1.2078113e-05  -2.3633783e-06  2.7781113e-05  0.0000000   -1.7722619e-05  -0.00014487526  -0.00022726016  0.00037707813  -3.2851038e-05  -2.7665043e-05  -9.9925698e-05  0.00022482397  0.00045994469  0.00012530900  -0.00019674042  4.4072656e-05  -4.9892037e-05  -2.3806903e-05  -8.6695099e-06  0.00016624148  -9.6917072e-05  8.4225943e-07  -3.3886469e-05  0.00012965347  0.00022904508  -8.9530603e-05  -1.7404163e-05  -8.8484439e-06  0.00019714685  3.2887772e-05  -1.2409356e-05  1.2078113e-05  -2.3633783e-06  2.7781113e-05  
1.7722619e-05  0.0000000   -0.0015286832  -0.0029164460  0.00024891394  -3.7146048e-05  0.00013668599  -0.0010600152  -6.1974394e-05  -8.7276360e-05  -1.6127944e-05  1.3599579e-05  -2.9644580e-05  -1.6835809e-05  -7.6752951e-06  -5.1697325e-05  -3.8241075e-05  2.5120031e-05  -2.6656157e-05  -0.00013104647  -5.8191358e-06  -3.7073920e-05  1.9045776e-05  -9.1681463e-05  -0.00012735130  -3.9147548e-05  -1.2006390e-05  -4.6449188e-07  6.3480902e-05  5.2481705e-05  1.6068626e-06  1.7722619e-05  0.0000000   -0.0015286832  -0.0029164460  0.00024891394  -3.7146048e-05  0.00013668599  -0.0010600152  -6.1974394e-05  -8.7276360e-05  -1.6127944e-05  1.3599579e-05  -2.9644580e-05  -1.6835809e-05  -7.6752951e-06  -5.1697325e-05  -3.8241075e-05  2.5120031e-05  -2.6656157e-05  -0.00013104647  -5.8191358e-06  -3.7073920e-05  1.9045776e-05  -9.1681463e-05  -0.00012735130  -3.9147548e-05  -1.2006390e-05  -4.6449188e-07  6.3480902e-05  5.2481705e-05  1.6068626e-06  
0.00014487526  0.0015286832  0.0000000   -2.8392890e-05  -3.5033178e-06  0.0011122176  -0.00011460433  0.00084348630  9.8830458e-05  -1.7023044e-05  2.4615496e-05  1.0985519e-05  -2.3587241e-05  -1.8508994e-05  1.4893468e-05  -0.00011924016  -8.8163755e-06  8.2517817e-06  8.8231698e-05  0.00014546045  6.0132279e-06  2.8451230e-05  -7.7613373e-06  8.0369658e-05  -7.3354567e-05  1.0693955e-05  -1.3971628e-06  2.7003687e-06  4.9162555e-05  4.6029984e-05  5.6952694e-06  0.00014487526  0.0015286832  0.0000000   -2.8392890e-05  -3.5033178e-06  0.0011122176  -0.00011460433  0.00084348630  9.8830458e-05  -1.7023044e-05  2.4615496e-05  1.0985519e-05  -2.3587241e-05  -1.8508994e-05  1.4893468e-05  -0.00011924016  -8.8163755e-06  8.2517817e-06  8.8231698e-05  0.00014546045  6.0132279e-06  2.8451230e-05  -7.7613373e-06  8.0369658e-05  -7.3354567e-05  1.0693955e-05  -1.3971628e-06  2.7003687e-06  4.9162555e-05  4.6029984e-05  5.6952694e-06  
0.00022726016  0.0029164460  2.8392890e-05  0.0000000   -7.4288066e-05  0.0016032991  -0.00016823589  6.2310853e-05  1.1829343e-05  2.0078896e-05  2.3118004e-05  1.1746525e-05  -4.6459323e-05  -2.8112771e-05  3.1783952e-05  0.00011073041  -1.9915354e-06  5.4499390e-06  -0.00014048195  -7.4677764e-05  2.3272268e-06  8.7841795e-06  7.3558338e-07  8.1236322e-05  -4.3131025e-05  8.8259004e-06  -1.0737544e-06  6.3510012e-06  2.7273759e-06  5.3776341e-07  -6.5903118e-06  0.00022726016  0.0029164460  2.8392890e-05  0.0000000   -7.4288066e-05  0.0016032991  -0.00016823589  6.2310853e-05  1.1829343e-05  2.0078896e-05  2.3118004e-05  1.1746525e-05  -4.6459323e-05  -2.8112771e-05  3.1783952e-05  0.00011073041  -1.9915354e-06  5.4499390e-06  -0.00014048195  -7.4677764e-05  2.3272268e-06  8.7841795e-06  7.3558338e-07  8.1236322e-05  -4.3131025e-05  8.8259004e-06  -1.0737544e-06  6.3510012e-06  2.7273759e-06  5.3776341e-07  -6.5903118e-06  
-0.00037707813  -0.00024891394  3.5033178e-06  7.4288066e-05  0.0000000   -0.00018726533  -1.2490605e-05  -1.0796379e-05  -0.00012682084  0.00080091877  -0.00022617298  -0.00010163248  -0.00052200099  -0.00041604912  0.00020909510  3.3262038e-05  -0.00031069925  2.3890493e-05  9.1954929e-06  1.2707694e-06  9.4338884e-05  0.00015292417  0.00012944679  7.4509440e-06  1.8328844e-06  5.9301288e-05  9.1915760e-06  -3.1219919e-05  2.3165095e-05  -3.6468251e-05  -9.5266051e-05  -0.00037707813  -0.00024891394  3.5033178e-06  7.4288066e-05  0.0000000   -0.00018726533  -1.2490605e-05  -1.0796379e-05  -0.00012682084  0.00080091877  -0.00022617298  -0.00010163248  -0.00052200099  -0.00041604912  0.00020909510  3.3262038e-05  -0.00031069925  2.3890493e-05  9.1954929e-06  1.2707694e-06  9.4338884e-05  0.00015292417  0.00012944679  7.4509440e-06  1.8328844e-06  5.9301288e-05  9.1915760e-06  -3.1219919e-05  2.3165095e-05  -3.6468251e-05  -9.5266051e-05  
3.2851038e-05  3.7146048e-05  -0.0011122176  -0.0016032991  0.00018726533  0.0000000   0.00042674187  0.00015464596  -3.7098090e-05  -1.1472007e-05  -3.5475238e-05  -5.1782576e-05  6.6742427e-05  5.8156045e-05  1.1592272e-05  0.00035779788  3.6366591e-05  -5.9882690e-06  -5.6402050e-06  8.6976216e-05  7.8739218e-07  5.8690411e-06  -3.1110438e-05  0.00013018406  7.2039231e-05  -8.2074854e-07  -3.9546538e-06  1.1254242e-05  -4.9589157e-05  -3.2653485e-05  3.6598823e-06  3.2851038e-05  3.7146048e-05  -0.0011122176  -0.0016032991  0.00018726533  0.0000000   0.00042674187  0.00015464596  -3.7098090e-05  -1.1472007e-05  -3.5475238e-05  -5.1782576e-05  6.6742427e-05  5.8156045e-05  1.1592272e-05  0.00035779788  3.6366591e-05  -5.9882690e-06  -5.6402050e-06  8.6976216e-05  7.8739218e-07  5.8690411e-06  -3.1110438e-05  0.00013018406  7.2039231e-05  -8.2074854e-07  -3.9546538e-06  1.1254242e-05  -4.9589157e-05  -3.2653485e-05  3.6598823e-06  
2.7665043e-05  -0.00013668599  0.00011460433  0.00016823589  1.2490605e-05  -0.00042674187  0.0000000   -0.0022218362  -2.0233244e-05  -6.8247447e-06  6.3624286e-05  5.6927950e-05  9.4813092e-06  -1.3113295e-05  1.8375698e-06  0.00013424594  3.9086505e-05  -9.8201402e-06  5.3320094e-05  8.0299592e-06  -7.9730537e-06  -5.5340137e-06  -2.7837165e-06  1.2238192e-05  7.5399176e-05  -5.0715404e-06  -1.4657119e-06  4.4256838e-06  1.0862160e-05  1.3224660e-05  -4.2613521e-07  2.7665043e-05  -0.00013668599  0.00011460433  0.00016823589  1.2490605e-05  -0.00042674187  0.0000000   -0.0022218362  -2.0233244e-05  -6.8247447e-06  6.3624286e-05  5.6927950e-05  9.4813092e-06  -1.3113295e-05  1.8375698e-06  0.00013424594  3.9086505e-05  -9.8201402e-06  5.3320094e-05  8.0299592e-06  -7.9730537e-06  -5.5340137e-06  -2.7837165e-06  1.2238192e-05  7.5399176e-05  -5.0715404e-06  -1.4657119e-06  4.4256838e-06  1.0862160e-05  1.3224660e-05  -4.2613521e-07  
9.9925698e-05  0.0010600152  -0.00084348630  -6.2310853e-05  1.0796379e-05  -0.00015464596  0.0022218362  0.0000000   -1.3211870e-06  -0.00011388562  -0.00012472750  -4.2882015e-05  -1.7443738e-05  -4.0623931e-05  4.8385502e-05  0.00052406965  -2.6913310e-06  -1.7417332e-05  -0.00011289975  0.00027747825  3.4005631e-06  2.5715548e-05  -1.9402474e-06  0.00028107824  -0.00039157654  1.0373270e-05  1.7991769e-05  6.4359802e-06  2.1658805e-05  2.0508881e-05  8.9686718e-06  9.9925698e-05  0.0010600152  -0.00084348630  -6.2310853e-05  1.0796379e-05  -0.00015464596  0.0022218362  0.0000000   -1.3211870e-06  -0.00011388562  -0.00012472750  -4.2882015e-05  -1.7443738e-05  -4.0623931e-05  4.8385502e-05  0.00052406965  -2.6913310e-06  -1.7417332e-05  -0.00011289975  0.00027747825  3.4005631e-06  2.5715548e-05  -1.9402474e-06  0.00028107824  -0.00039157654  1.0373270e-05  1.7991769e-05  6.4359802e-06  2.1658805e-05  2.0508881e-05  8.9686718e-06  
-0.00022482397  6.1974394e-05  -9.8830458e-05  -1.1829343e-05  0.00012682084  3.7098090e-05  2.0233244e-05  1.3211870e-06  0.0000000   0.0032010943  0.0019226781  0.0012949911  0.00031891837  0.00088932474  -3.3008220e-05  3.2340240e-05  0.00047743476  -2.2204645e-05  5.2862940e-07  3.8544581e-05  -0.00028907315  -9.2008965e-06  -0.00024557220  1.2522852e-05  -9.2881783e-07  5.9294202e-05  4.1495089e-07  -9.0207048e-05  8.3902068e-05  -9.1758393e-05  -2.8782238e-05  -0.00022482397  6.1974394e-05  -9.8830458e-05  -1.1829343e-05  0.00012682084  3.7098090e-05  2.0233244e-05  1.3211870e-06  0.0000000   0.0032010943  0.0019226781  0.0012949911  0.00031891837  0.00088932474  -3.3008220e-05  3.2340240e-05  0.00047743476  -2.2204645e-05  5.2862940e-07  3.8544581e-05  -0.00028907315  -9.2008965e-06  -0.00024557220  1.2522852e-05  -9.2881783e-07  5.9294202e-05  4.1495089e-07  -9.0207048e-05  8.3902068e-05  -9.1758393e-05  -2.8782238e-05  
-0.00045994469  8.7276360e-05  1.7023044e-05  -2.0078896e-05  -0.00080091877  1.1472007e-05  6.8247447e-06  0.00011388562  -0.0032010943  0.0000000   -0.0022013431  -0.0022214926  0.00073223548  0.00056472034  0.00019370025  -7.3792402e-05  1.7909499e-05  -0.00033883418  -1.9225077e-05  -1.7035619e-05  0.00040301098  -5.4285028e-05  -0.00028827898  -3.0915215e-05  9.3202765e-06  0.00012305825  0.00014101229  6.6729173e-06  2.3825882e-05  -5.0793360e-05  -5.2195170e-05  -0.00045994469  8.7276360e-05  1.7023044e-05  -2.0078896e-05  -0.00080091877  1.1472007e-05  6.8247447e-06  0.00011388562  -0.0032010943  0.0000000   -0.0022013431  -0.0022214926  0.00073223548  0.00056472034  0.00019370025  -7.3792402e-05  1.7909499e-05  -0.00033883418  -1.9225077e-05  -1.7035619e-05  0.00040301098  -5.4285028e-05  -0.00028827898  -3.0915215e-05  9.3202765e-06  0.00012305825  0.00014101229  6.6729173e-06  2.3825882e-05  -5.0793360e-05  -5.2195170e-05  
-0.00012530900  1.6127944e-05  -2.4615496e-05  -2.3118004e-05  0.00022617298  3.5475238e-05  -6.3624286e-05  0.00012472750  -0.0019226781  0.0022013431  0.0000000   0.0021062347  -8.1273016e-05  0.00085181745  -0.00041824837  -6.2273536e-06  0.00048152353  -0.00041163262  -3.6335924e-05  3.2767679e-05  -0.00012607503  -0.00037487418  -0.00011364191  -4.3344218e-06  4.0505530e-05  -4.4058230e-05  -0.00013573970  5.6661727e-05  9.3971577e-06  -1.5668461e-05  -5.6578684e-05  -0.00012530900  1.6127944e-05  -2.4615496e-05  -2.3118004e-05  0.00022617298  3.5475238e-05  -6.3624286e-05  0.00012472750  -0.0019226781  0.0022013431  0.0000000   0.0021062347  -8.1273016e-05  0.00085181745  -0.00041824837  -6.2273536e-06  0.00048152353  -0.00041163262  -3.6335924e-05  3.2767679e-05  -0.00012607503  -0.00037487418  -0.00011364191  -4.3344218e-06  4.0505530e-05  -4.4058230e-05  -0.00013573970  5.6661727e-05  9.3971577e-06  -1.5668461e-05  -5.6578684e-05  
