0.0000000   0.0037271488  -0.00016241981  -0.00050881770  -1.9900440e-05  -9.0905509e-05  7.7012665e-06  8.9309660e-05  -0.00018518687  -5.8899227e-05  4.5500480e-05  -0.00037387551  2.5906506e-05  6.8529311e-05  -0.00018827927  0.00013471530  0.00028433919  3.1683792e-05  2.3485082e-06  -4.4073745e-05  -2.8860797e-06  -1.3745567e-05  1.2431521e-05  -0.00014170661  -1.0734738e-05  -1.2435018e-05  3.7344628e-05  -0.00012192023  4.7546057e-05  -3.8147354e-07  -1.3316105e-05  0.0000000   0.0037271488  -0.00016241981  -0.00050881770  -1.9900440e-05  -9.0905509e-05  7.7012665e-06  8.9309660e-05  -0.00018518687  -5.8899227e-05  4.5500480e-05  -0.00037387551  2.5906506e-05  6.8529311e-05  -0.00018827927  0.00013471530  0.00028433919  3.1683792e-05  2.3485082e-06  -4.4073745e-05  -2.8860797e-06  -1.3745567e-05  1.2431521e-05  -0.00014170661  -1.0734738e-05  -1.2435018e-05  3.7344628e-05  -0.00012192023  4.7546057e-05  -3.8147354e-07  -1.3316105e-05  
-0.0037271488  0.0000000   8.2160588e-05  0.00052675773  -0.00010202979  -7.7983931e-07  6.8365940e-05  0.00011037806  -0.00077145007  -0.00030159301  0.00016856727  0.00029900429  -2.1724327e-05  -7.9340293e-06  6.3783477e-05  0.00010422123  -1.4630941e-05  3.6707392e-05  -3.8304184e-05  -1.4588814e-05  -1.0484921e-05  -6.4566632e-06  1.0052347e-05  0.00016341978  -1.9358067e-05  3.4701736e-05  2.7645647e-05  3.7113197e-05  0.00014176444  -7.9096035e-06  -1.0741159e-05  -0.0037271488  0.0000000   8.2160588e-05  0.00052675773  -0.00010202979  -7.7983931e-07  6.8365940e-05  0.00011037806  -0.00077145007  -0.00030159301  0.00016856727  0.00029900429  -2.1724327e-05  -7.9340293e-06  6.3783477e-05  0.00010422123  -1.4630941e-05  3.6707392e-05  -3.8304184e-05  -1.4588814e-05  -1.0484921e-05  -6.4566632e-06  1.0052347e-05  0.00016341978  -1.9358067e-05  3.4701736e-05  2.7645647e-05  3.7113197e-05  0.00014176444  -7.9096035e-06  -1.0741159e-05  
0.00016241981  -8.2160588e-05  0.0000000   0.0059299995  -0.00018711546  0.00017404326  -0.00010103451  -0.00019414668  0.00036526515  -8.3487034e-05  -5.3871986e-05  -0.00073506646  -5.7458665e-05  2.8749960e-05  -0.00017079738  1.5368309e-06  -9.7921329e-05  -6.5640763e-05  7.9318061e-05  2.3901451e-05  7.8027004e-06  -1.6387639e-05  -1.5556057e-05  -8.5063536e-05  2.8109313e-05  -1.3373635e-05  -0.00022614896  -0.00010195405  2.8390381e-05  1.5111381e-05  1.9834658e-05  0.00016241981  -8.2160588e-05  0.0000000   0.0059299995  -0.00018711546  0.00017404326  -0.00010103451  -0.00019414668  0.00036526515  -8.3487034e-05  -5.3871986e-05  -0.00073506646  -5.7458665e-05  2.8749960e-05  -0.00017079738  1.5368309e-06  -9.7921329e-05  -6.5640763e-05  7.9318061e-05  2.3901451e-05  7.8027004e-06  -1.6387639e-05  -1.5556057e-05  -8.5063536e-05  2.8109313e-05  -1.3373635e-05  -0.00022614896  -0.00010195405  2.8390381e-05  1.5111381e-05  1.9834658e-05  
0.00050881770  -0.00052675773  -0.0059299995  0.0000000   -0.00016505160  -0.00052299401  -0.00028297351  -0.00019096037  0.00053861436  5.3280907e-05  -0.00020378831  0.00013027873  -4.5297363e-05  -6.7040366e-05  1.9446795e-05  -1.4233589e-06  0.00019611025  5.5794588e-05  1.4535259e-05  -5.3710550e-05  -3.4332267e-05  -1.8252230e-05  6.9826091e-06  1.2323046e-05  3.2807869e-06  2.6010358e-05  -0.00015455435  0.00019422027  -7.2413795e-05  2.8150321e-05  2.9637652e-05  0.00050881770  -0.00052675773  -0.0059299995  0.0000000   -0.00016505160  -0.00052299401  -0.00028297351  -0.00019096037  0.00053861436  5.3280907e-05  -0.00020378831  0.00013027873  -4.5297363e-05  -6.7040366e-05  1.9446795e-05  -1.4233589e-06  0.00019611025  5.5794588e-05  1.4535259e-05  -5.3710550e-05  -3.4332267e-05  -1.8252230e-05  6.9826091e-06  1.2323046e-05  3.2807869e-06  2.6010358e-05  -0.00015455435  0.00019422027  -7.2413795e-05  2.8150321e-05  2.9637652e-05  
1.9900440e-05  0.00010202979  0.00018711546  0.00016505160  0.0000000   0.0013754791  0.00051343992  -0.00082953165  0.00030603271  -0.0013082292  -1.3323289e-06  -4.5241012e-05  1.7603123e-05  -0.00038690395  -0.00012424780  3.8399766e-05  1.4523230e-06  -4.4230464e-05  -3.2310317e-05  -0.00017734749  7.3489424e-05  0.00016392174  -1.1969253e-05  -1.4965815e-05  -5.3423921e-05  -2.2039469e-05  8.0021983e-07  5.4906386e-07  2.3449627e-06  6.9941893e-05  0.00014388273  1.9900440e-05  0.00010202979  0.00018711546  0.00016505160  0.0000000   0.0013754791  0.00051343992  -0.00082953165  0.00030603271  -0.0013082292  -1.3323289e-06  -4.5241012e-05  1.7603123e-05  -0.00038690395  -0.00012424780  3.8399766e-05  1.4523230e-06  -4.4230464e-05  -3.2310317e-05  -0.00017734749  7.3489424e-05  0.00016392174  -1.1969253e-05  -1.4965815e-05  -5.3423921e-05  -2.2039469e-05  8.0021983e-07  5.4906386e-07  2.3449627e-06  6.9941893e-05  0.00014388273  
9.0905509e-05  7.7983931e-07  -0.00017404326  0.00052299401  -0.0013754791  0.0000000   0.00065430171  0.00092231697  2.2777425e-05  0.00054461690  -2.0777641e-06  -5.4972563e-05  0.00013743889  0.00028178316  4.5476845e-05  -3.8121208e-05  -1.5639647e-05  0.00020183012  -0.00010343610  6.8043779e-05  -2.2813246e-05  -0.00017479352  7.6515272e-05  -3.9849169e-05  -0.00021708016  -7.0939808e-05  -3.8889230e-05  -1.7456642e-05  3.9813677e-06  -9.3708826e-05  -2.7863452e-05  9.0905509e-05  7.7983931e-07  -0.00017404326  0.00052299401  -0.0013754791  0.0000000   0.00065430171  0.00092231697  2.2777425e-05  0.00054461690  -2.0777641e-06  -5.4972563e-05  0.00013743889  0.00028178316  4.5476845e-05  -3.8121208e-05  -1.5639647e-05  0.00020183012  -0.00010343610  6.8043779e-05  -2.2813246e-05  -0.00017479352  7.6515272e-05  -3.9849169e-05  -0.00021708016  -7.0939808e-05  -3.8889230e-05  -1.7456642e-05  3.9813677e-06  -9.3708826e-05  -2.7863452e-05  
-7.7012665e-06  -6.8365940e-05  0.00010103451  0.00028297351  -0.00051343992  -0.00065430171  0.0000000   0.0014874744  -0.00038061696  0.0019738466  4.0058462e-06  -3.0840911e-05  0.00017754909  8.7629224e-05  1.4937534e-05  -4.4788561e-05  -1.4172671e-05  0.00029361867  0.00012978852  0.00016440697  0.00042653078  -7.0681395e-05  0.00012423637  -7.5174079e-06  -0.00015062469  0.00011147968  -1.1250951e-05  -4.6972173e-05  1.1252372e-05  -0.00017310203  -5.9351424e-05  -7.7012665e-06  -6.8365940e-05  0.00010103451  0.00028297351  -0.00051343992  -0.00065430171  0.0000000   0.0014874744  -0.00038061696  0.0019738466  4.0058462e-06  -3.0840911e-05  0.00017754909  8.7629224e-05  1.4937534e-05  -4.4788561e-05  -1.4172671e-05  0.00029361867  0.00012978852  0.00016440697  0.00042653078  -7.0681395e-05  0.00012423637  -7.5174079e-06  -0.00015062469  0.00011147968  -1.1250951e-05  -4.6972173e-05  1.1252372e-05  -0.00017310203  -5.9351424e-05  
-8.9309660e-05  -0.00011037806  0.00019414668  0.00019096037  0.00082953165  -0.00092231697  -0.0014874744  0.0000000   -0.00078558308  0.0025791627  -1.1680542e-05  4.5895069e-05  3.8495491e-06  -0.00012531326  -5.7341032e-06  -5.6784468e-05  -1.8952013e-05  -0.00013214915  -0.00042999163  2.4594300e-05  -0.00034895604  -0.00020031374  0.00012223007  1.6130015e-05  0.00018751486  -6.4315646e-05  2.8389994e-05  -3.7731773e-05  5.5769020e-06  -0.00012026192  3.4336828e-05  -8.9309660e-05  -0.00011037806  0.00019414668  0.00019096037  0.00082953165  -0.00092231697  -0.0014874744  0.0000000   -0.00078558308  0.0025791627  -1.1680542e-05  4.5895069e-05  3.8495491e-06  -0.00012531326  -5.7341032e-06  -5.6784468e-05  -1.8952013e-05  -0.00013214915  -0.00042999163  2.4594300e-05  -0.00034895604  -0.00020031374  0.00012223007  1.6130015e-05  0.00018751486  -6.4315646e-05  2.8389994e-05  -3.7731773e-05  5.5769020e-06  -0.00012026192  3.4336828e-05  
0.00018518687  0.00077145007  -0.00036526515  -0.00053861436  -0.00030603271  -2.2777425e-05  0.00038061696  0.00078558308  0.0000000   0.00026438022  0.00064598116  -0.00023010513  0.00011929100  9.6546173e-05  0.00016924340  0.00016684314  -4.2158538e-05  -1.7171327e-05  8.4380634e-05  9.0528941e-05  9.3951547e-06  4.5689078e-05  -9.1197319e-05  7.6405565e-05  -3.5003244e-05  -9.4505751e-05  -0.00023797256  9.8627671e-05  -8.8032463e-06  -6.9512423e-05  -1.9340776e-05  0.00018518687  0.00077145007  -0.00036526515  -0.00053861436  -0.00030603271  -2.2777425e-05  0.00038061696  0.00078558308  0.0000000   0.00026438022  0.00064598116  -0.00023010513  0.00011929100  9.6546173e-05  0.00016924340  0.00016684314  -4.2158538e-05  -1.7171327e-05  8.4380634e-05  9.0528941e-05  9.3951547e-06  4.5689078e-05  -9.1197319e-05  7.6405565e-05  -3.5003244e-05  -9.4505751e-05  -0.00023797256  9.8627671e-05  -8.8032463e-06  -6.9512423e-05  -1.9340776e-05  
5.8899227e-05  0.00030159301  8.3487034e-05  -5.3280907e-05  0.0013082292  -0.00054461690  -0.0019738466  -0.0025791627  -0.00026438022  0.0000000   0.00019549421  -0.00011673289  -0.00016781730  -0.00078982985  -7.8822951e-05  0.00010031860  -1.4256842e-05  -0.00015467185  -0.00013085382  3.5720209e-05  -0.00022250700  -0.00010985184  0.00028971863  3.8223588e-05  0.00015631729  0.00026481677  -4.5957700e-05  1.5559087e-05  2.7848797e-06  0.00020324321  7.9245816e-05  5.8899227e-05  0.00030159301  8.3487034e-05  -5.3280907e-05  0.0013082292  -0.00054461690  -0.0019738466  -0.0025791627  -0.00026438022  0.0000000   0.00019549421  -0.00011673289  -0.00016781730  -0.00078982985  -7.8822951e-05  0.00010031860  -1.4256842e-05  -0.00015467185  -0.00013085382  3.5720209e-05  -0.00022250700  -0.00010985184  0.00028971863  3.8223588e-05  0.00015631729  0.00026481677  -4.5957700e-05  1.5559087e-05  2.7848797e-06  0.00020324321  7.9245816e-05  
-4.5500480e-05  -0.00016856727  5.3871986e-05  0.00020378831  1.3323289e-06  2.0777641e-06  -4.0058462e-06  1.1680542e-05  -0.00064598116  -0.00019549421  0.0000000   0.00077386572  -5.7555251e-06  0.00048620114  -0.0016220173  -0.00014436770  0.00033111909  -1.9390094e-05  3.3515247e-06  5.3238305e-05  -3.0619746e-05  -1.0939954e-05  2.5961092e-06  -0.00036337493  3.7509273e-05  -3.2037757e-06  -6.5404279e-05  -0.00033717519  -7.2509995e-05  2.4237389e-05  1.1763327e-05  -4.5500480e-05  -0.00016856727  5.3871986e-05  0.00020378831  1.3323289e-06  2.0777641e-06  -4.0058462e-06  1.1680542e-05  -0.00064598116  -0.00019549421  0.0000000   0.00077386572  -5.7555251e-06  0.00048620114  -0.0016220173  -0.00014436770  0.00033111909  -1.9390094e-05  3.3515247e-06  5.3238305e-05  -3.0619746e-05  -1.0939954e-05  2.5961092e-06  -0.00036337493  3.7509273e-05  -3.2037757e-06  -6.5404279e-05  -0.00033717519  -7.2509995e-05  2.4237389e-05  1.1763327e-05  
0.00037387551  -0.00029900429  0.00073506646  -0.00013027873  4.5241012e-05  5.4972563e-05  3.0840911e-05  -4.5895069e-05  0.00023010513  0.00011673289  -0.00077386572  0.0000000   -0.00010804140  0.00016217498  -0.0010654141  0.00011901532  -0.00019951808  -1.7785821e-05  4.4413218e-05  8.3980728e-06  -1.6541057e-05  -1.6750122e-05  9.8048705e-06  7.9198956e-05  3.0731095e-05  -1.8606196e-05  0.00011868774  -4.8638505e-05  -0.00017361138  1.5232838e-06  2.6455242e-05  0.00037387551  -0.00029900429  0.00073506646  -0.00013027873  4.5241012e-05  5.4972563e-05  3.0840911e-05  -4.5895069e-05  0.00023010513  0.00011673289  -0.00077386572  0.0000000   -0.00010804140  0.00016217498  -0.0010654141  0.00011901532  -0.00019951808  -1.7785821e-05  4.4413218e-05  8.3980728e-06  -1.6541057e-05  -1.6750122e-05  9.8048705e-06  7.9198956e-05  3.0731095e-05  -1.8606196e-05  0.00011868774  -4.8638505e-05  -0.00017361138  1.5232838e-06  2.6455242e-05  
-2.5906506e-05  2.1724327e-05  5.7458665e-05  4.5297363e-05  -1.7603123e-05  -0.00013743889  -0.00017754909  -3.8495491e-06  -0.00011929100  0.00016781730  5.7555251e-06  0.00010804140  0.0000000   -0.0035552213  -0.00078774630  9.1873788e-07  0.00014735848  -0.00022208845  -0.00097710185  -0.00016866404  -0.00056018780  0.00067476889  6.8038275e-05  1.7667903e-05  0.00015975319  -4.1128813e-05  -2.9072523e-05  -1.0709731e-05  9.0560579e-06  -0.00010031680  0.00023736498  -2.5906506e-05  2.1724327e-05  5.7458665e-05  4.5297363e-05  -1.7603123e-05  -0.00013743889  -0.00017754909  -3.8495491e-06  -0.00011929100  0.00016781730  5.7555251e-06  0.00010804140  0.0000000   -0.0035552213  -0.00078774630  9.1873788e-07  0.00014735848  -0.00022208845  -0.00097710185  -0.00016866404  -0.00056018780  0.00067476889  6.8038275e-05  1.7667903e-05  0.00015975319  -4.1128813e-05  -2.9072523e-05  -1.0709731e-05  9.0560579e-06  -0.00010031680  0.00023736498  
-6.8529311e-05  7.9340293e-06  -2.8749960e-05  6.7040366e-05  0.00038690395  -0.00028178316  -8.7629224e-05  0.00012531326  -9.6546173e-05  0.00078982985  -0.00048620114  -0.00016217498  0.0035552213  0.0000000   -7.8995411e-05  0.00017067395  -6.5015738e-05  0.00029270139  -0.00079679457  -0.00018311470  -0.00061453205  -4.4028291e-05  0.00013483253  -0.00012774591  0.00012942014  -6.3488006e-05  3.5503473e-05  3.2362530e-05  -7.5930135e-05  0.00011772658  -5.5944328e-05  -6.8529311e-05  7.9340293e-06  -2.8749960e-05  6.7040366e-05  0.00038690395  -0.00028178316  -8.7629224e-05  0.00012531326  -9.6546173e-05  0.00078982985  -0.00048620114  -0.00016217498  0.0035552213  0.0000000   -7.8995411e-05  0.00017067395  -6.5015738e-05  0.00029270139  -0.00079679457  -0.00018311470  -0.00061453205  -4.4028291e-05  0.00013483253  -0.00012774591  0.00012942014  -6.3488006e-05  3.5503473e-05  3.2362530e-05  -7.5930135e-05  0.00011772658  -5.5944328e-05  
0.00018827927  -6.3783477e-05  0.00017079738  -1.9446795e-05  0.00012424780  -4.5476845e-05  -1.4937534e-05  5.7341032e-06  -0.00016924340  7.8822951e-05  0.0016220173  0.0010654141  0.00078774630  7.8995411e-05  0.0000000   -0.0010806570  0.00028276787  0.00016508310  -0.00018100238  -0.00014430726  -0.00011869654  -0.00014259390  6.0281772e-05  0.00052825886  5.1606499e-06  -7.8961465e-06  -0.00016847782  -4.9573883e-05  0.00032013852  7.6454330e-06  -5.5227854e-05  0.00018827927  -6.3783477e-05  0.00017079738  -1.9446795e-05  0.00012424780  -4.5476845e-05  -1.4937534e-05  5.7341032e-06  -0.00016924340  7.8822951e-05  0.0016220173  0.0010654141  0.00078774630  7.8995411e-05  0.0000000   -0.0010806570  0.00028276787  0.00016508310  -0.00018100238  -0.00014430726  -0.00011869654  -0.00014259390  6.0281772e-05  0.00052825886  5.1606499e-06  -7.8961465e-06  -0.00016847782  -4.9573883e-05  0.00032013852  7.6454330e-06  -5.5227854e-05  
-0.00013471530  -0.00010422123  -1.5368309e-06  1.4233589e-06  -3.8399766e-05  3.8121208e-05  4.4788561e-05  5.6784468e-05  -0.00016684314  -0.00010031860  0.00014436770  -0.00011901532  -9.1873788e-07  -0.00017067395  0.0010806570  0.0000000   0.00063781794  0.00010218160  1.3921499e-05  -6.4262733e-05  6.2491337e-05  2.5679313e-05  2.9749185e-06  -0.00037921591  -1.3246692e-05  1.0924045e-05  -5.3774385e-05  0.00023107313  -0.00012614663  8.1657252e-06  1.0867656e-05  -0.00013471530  -0.00010422123  -1.5368309e-06  1.4233589e-06  -3.8399766e-05  3.8121208e-05  4.4788561e-05  5.6784468e-05  -0.00016684314  -0.00010031860  0.00014436770  -0.00011901532  -9.1873788e-07  -0.00017067395  0.0010806570  0.0000000   0.00063781794  0.00010218160  1.3921499e-05  -6.4262733e-05  6.2491337e-05  2.5679313e-05  2.9749185e-06  -0.00037921591  -1.3246692e-05  1.0924045e-05  -5.3774385e-05  0.00023107313  -0.00012614663  8.1657252e-06  1.0867656e-05  
-0.00028433919  1.4630941e-05  9.7921329e-05  -0.00019611025  -1.4523230e-06  1.5639647e-05  1.4172671e-05  1.8952013e-05  4.2158538e-05  1.4256842e-05  -0.00033111909  0.00019951808  -0.00014735848  6.5015738e-05  -0.00028276787  -0.00063781794  0.0000000   -0.00028093103  -0.00035073234  0.00014026373  4.7818854e-07  0.00018418208  3.1758574e-05  -0.00063294433  2.5578287e-05  2.3473890e-05  0.00040884393  1.9791907e-05  -0.00021000248  -1.0431219e-05  9.6573082e-06  -0.00028433919  1.4630941e-05  9.7921329e-05  -0.00019611025  -1.4523230e-06  1.5639647e-05  1.4172671e-05  1.8952013e-05  4.2158538e-05  1.4256842e-05  -0.00033111909  0.00019951808  -0.00014735848  6.5015738e-05  -0.00028276787  -0.00063781794  0.0000000   -0.00028093103  -0.00035073234  0.00014026373  4.7818854e-07  0.00018418208  3.1758574e-05  -0.00063294433  2.5578287e-05  2.3473890e-05  0.00040884393  1.9791907e-05  -0.00021000248  -1.0431219e-05  9.6573082e-06  
-3.1683792e-05  -3.6707392e-05  6.5640763e-05  -5.5794588e-05  4.4230464e-05  -0.00020183012  -0.00029361867  0.00013214915  1.7171327e-05  0.00015467185  1.9390094e-05  1.7785821e-05  0.00022208845  -0.00029270139  -0.00016508310  -0.00010218160  0.00028093103  0.0000000   0.0053886681  0.0018763772  7.9042027e-05  -0.0014789427  -0.00082872289  -8.3816318e-05  0.00036467720  -0.00011007740  6.9643350e-05  -1.4033694e-06  2.8190185e-05  -1.1292642e-05  0.00022547912  -3.1683792e-05  -3.6707392e-05  6.5640763e-05  -5.5794588e-05  4.4230464e-05  -0.00020183012  -0.00029361867  0.00013214915  1.7171327e-05  0.00015467185  1.9390094e-05  1.7785821e-05  0.00022208845  -0.00029270139  -0.00016508310  -0.00010218160  0.00028093103  0.0000000   0.0053886681  0.0018763772  7.9042027e-05  -0.0014789427  -0.00082872289  -8.3816318e-05  0.00036467720  -0.00011007740  6.9643350e-05  -1.4033694e-06  2.8190185e-05  -1.1292642e-05  0.00022547912  
-2.3485082e-06  3.8304184e-05  -7.9318061e-05  -1.4535259e-05  3.2310317e-05  0.00010343610  -0.00012978852  0.00042999163  -8.4380634e-05  0.00013085382  -3.3515247e-06  -4.4413218e-05  0.00097710185  0.00079679457  0.00018100238  -1.3921499e-05  0.00035073234  -0.0053886681  0.0000000   0.0054330655  -0.00049357691  9.1735524e-05  -0.00042195896  6.4393808e-05  0.00051306955  0.00035762024  -6.3058507e-05  2.9667074e-05  1.1514969e-05  -1.3783588e-05  -5.7130380e-05  -2.3485082e-06  3.8304184e-05  -7.9318061e-05  -1.4535259e-05  3.2310317e-05  0.00010343610  -0.00012978852  0.00042999163  -8.4380634e-05  0.00013085382  -3.3515247e-06  -4.4413218e-05  0.00097710185  0.00079679457  0.00018100238  -1.3921499e-05  0.00035073234  -0.0053886681  0.0000000   0.0054330655  -0.00049357691  9.1735524e-05  -0.00042195896  6.4393808e-05  0.00051306955  0.00035762024  -6.3058507e-05  2.9667074e-05  1.1514969e-05  -1.3783588e-05  -5.7130380e-05  
4.4073745e-05  1.4588814e-05  -2.3901451e-05  5.3710550e-05  0.00017734749  -6.8043779e-05  -0.00016440697  -2.4594300e-05  -9.0528941e-05  -3.5720209e-05  -5.3238305e-05  -8.3980728e-06  0.00016866404  0.00018311470  0.00014430726  6.4262733e-05  -0.00014026373  -0.0018763772  -0.0054330655  0.0000000   -0.0016115985  -0.00097050709  0.00073258676  2.9139014e-05  -0.00011343126  0.00034750260  -3.3236353e-05  5.3454840e-05  -6.8200462e-05  -9.4748996e-05  -0.00020217355  4.4073745e-05  1.4588814e-05  -2.3901451e-05  5.3710550e-05  0.00017734749  -6.8043779e-05  -0.00016440697  -2.4594300e-05  -9.0528941e-05  -3.5720209e-05  -5.3238305e-05  -8.3980728e-06  0.00016866404  0.00018311470  0.00014430726  6.4262733e-05  -0.00014026373  -0.0018763772  -0.0054330655  0.0000000   -0.0016115985  -0.00097050709  0.00073258676  2.9139014e-05  -0.00011343126  0.00034750260  -3.3236353e-05  5.3454840e-05  -6.8200462e-05  -9.4748996e-05  -0.00020217355  
2.8860797e-06  1.0484921e-05  -7.8027004e-06  3.4332267e-05  -7.3489424e-05  2.2813246e-05  -0.00042653078  0.00034895604  -9.3951547e-06  0.00022250700  3.0619746e-05  1.6541057e-05  0.00056018780  0.00061453205  0.00011869654  -6.2491337e-05  -4.7818854e-07  -7.9042027e-05  0.00049357691  0.0016115985  0.0000000   0.0035279009  -0.0011754389  8.7054398e-05  -0.00028835122  0.00010522788  -3.2351905e-05  -2.4247030e-05  3.5267632e-05  -0.00011577973  -0.00011976074  2.8860797e-06  1.0484921e-05  -7.8027004e-06  3.4332267e-05  -7.3489424e-05  2.2813246e-05  -0.00042653078  0.00034895604  -9.3951547e-06  0.00022250700  3.0619746e-05  1.6541057e-05  0.00056018780  0.00061453205  0.00011869654  -6.2491337e-05  -4.7818854e-07  -7.9042027e-05  0.00049357691  0.0016115985  0.0000000   0.0035279009  -0.0011754389  8.7054398e-05  -0.00028835122  0.00010522788  -3.2351905e-05  -2.4247030e-05  3.5267632e-05  -0.00011577973  -0.00011976074  
1.3745567e-05  6.4566632e-06  1.6387639e-05  1.8252230e-05  -0.00016392174  0.00017479352  7.0681395e-05  0.00020031374  -4.5689078e-05  0.00010985184  1.0939954e-05  1.6750122e-05  -0.00067476889  4.4028291e-05  0.00014259390  -2.5679313e-05  -0.00018418208  0.0014789427  -9.1735524e-05  0.00097050709  -0.0035279009  0.0000000   -0.0020164961  -3.0958118e-05  4.9309702e-06  -0.00053400856  1.0285234e-05  5.6523692e-05  -5.5892254e-05  -0.00013109927  -0.00019537768  1.3745567e-05  6.4566632e-06  1.6387639e-05  1.8252230e-05  -0.00016392174  0.00017479352  7.0681395e-05  0.00020031374  -4.5689078e-05  0.00010985184  1.0939954e-05  1.6750122e-05  -0.00067476889  4.4028291e-05  0.00014259390  -2.5679313e-05  -0.00018418208  0.0014789427  -9.1735524e-05  0.00097050709  -0.0035279009  0.0000000   -0.0020164961  -3.0958118e-05  4.9309702e-06  -0.00053400856  1.0285234e-05  5.6523692e-05  -5.5892254e-05  -0.00013109927  -0.00019537768  
-1.2431521e-05  -1.0052347e-05  1.5556057e-05  -6.9826091e-06  1.1969253e-05  -7.6515272e-05  -0.00012423637  -0.00012223007  9.1197319e-05  -0.00028971863  -2.5961092e-06  -9.8048705e-06  -6.8038275e-05  -0.00013483253  -6.0281772e-05  -2.9749185e-06  -3.1758574e-05  0.00082872289  0.00042195896  -0.00073258676  0.0011754389  0.0020164961  0.0000000   8.3189679e-05  0.00069344435  0.00076703907  -2.0835305e-05  -8.0447793e-05  3.2714553e-05  -0.00011475305  0.00033260079  -1.2431521e-05  -1.0052347e-05  1.5556057e-05  -6.9826091e-06  1.1969253e-05  -7.6515272e-05  -0.00012423637  -0.00012223007  9.1197319e-05  -0.00028971863  -2.5961092e-06  -9.8048705e-06  -6.8038275e-05  -0.00013483253  -6.0281772e-05  -2.9749185e-06  -3.1758574e-05  0.00082872289  0.00042195896  -0.00073258676  0.0011754389  0.0020164961  0.0000000   8.3189679e-05  0.00069344435  0.00076703907  -2.0835305e-05  -8.0447793e-05  3.2714553e-05  -0.00011475305  0.00033260079  
0.00014170661  -0.00016341978  8.5063536e-05  -1.2323046e-05  1.4965815e-05  3.9849169e-05  7.5174079e-06  -1.6130015e-05  -7.6405565e-05  -3.8223588e-05  0.00036337493  -7.9198956e-05  -1.7667903e-05  0.00012774591  -0.00052825886  0.00037921591  0.00063294433  8.3816318e-05  -6.4393808e-05  -2.9139014e-05  -8.7054398e-05  3.0958118e-05  -8.3189679e-05  0.0000000   1.2889497e-05  1.9538022e-05  0.00063020365  -0.0012984638  0.00045725014  -5.9812812e-05  -8.6458812e-05  0.00014170661  -0.00016341978  8.5063536e-05  -1.2323046e-05  1.4965815e-05  3.9849169e-05  7.5174079e-06  -1.6130015e-05  -7.6405565e-05  -3.8223588e-05  0.00036337493  -7.9198956e-05  -1.7667903e-05  0.00012774591  -0.00052825886  0.00037921591  0.00063294433  8.3816318e-05  -6.4393808e-05  -2.9139014e-05  -8.7054398e-05  3.0958118e-05  -8.3189679e-05  0.0000000   1.2889497e-05  1.9538022e-05  0.00063020365  -0.0012984638  0.00045725014  -5.9812812e-05  -8.6458812e-05  
1.0734738e-05  1.9358067e-05  -2.8109313e-05  -3.2807869e-06  5.3423921e-05  0.00021708016  0.00015062469  -0.00018751486  3.5003244e-05  -0.00015631729  -3.7509273e-05  -3.0731095e-05  -0.00015975319  -0.00012942014  -5.1606499e-06  1.3246692e-05  -2.5578287e-05  -0.00036467720  -0.00051306955  0.00011343126  0.00028835122  -4.9309702e-06  -0.00069344435  -1.2889497e-05  0.0000000   0.0026331828  -0.00010185970  -0.00016700141  -4.3368186e-05  -1.2512372e-05  -0.00015812589  1.0734738e-05  1.9358067e-05  -2.8109313e-05  -3.2807869e-06  5.3423921e-05  0.00021708016  0.00015062469  -0.00018751486  3.5003244e-05  -0.00015631729  -3.7509273e-05  -3.0731095e-05  -0.00015975319  -0.00012942014  -5.1606499e-06  1.3246692e-05  -2.5578287e-05  -0.00036467720  -0.00051306955  0.00011343126  0.00028835122  -4.9309702e-06  -0.00069344435  -1.2889497e-05  0.0000000   0.0026331828  -0.00010185970  -0.00016700141  -4.3368186e-05  -1.2512372e-05  -0.00015812589  
1.2435018e-05  -3.4701736e-05  1.3373635e-05  -2.6010358e-05  2.2039469e-05  7.0939808e-05  -0.00011147968  6.4315646e-05  9.4505751e-05  -0.00026481677  3.2037757e-06  1.8606196e-05  4.1128813e-05  6.3488006e-05  7.8961465e-06  -1.0924045e-05  -2.3473890e-05  0.00011007740  -0.00035762024  -0.00034750260  -0.00010522788  0.00053400856  -0.00076703907  -1.9538022e-05  -0.0026331828  0.0000000   0.00022925606  -4.8405894e-05  -4.0140648e-05  -0.00028359390  4.4996504e-05  1.2435018e-05  -3.4701736e-05  1.3373635e-05  -2.6010358e-05  2.2039469e-05  7.0939808e-05  -0.00011147968  6.4315646e-05  9.4505751e-05  -0.00026481677  3.2037757e-06  1.8606196e-05  4.1128813e-05  6.3488006e-05  7.8961465e-06  -1.0924045e-05  -2.3473890e-05  0.00011007740  -0.00035762024  -0.00034750260  -0.00010522788  0.00053400856  -0.00076703907  -1.9538022e-05  -0.0026331828  0.0000000   0.00022925606  -4.8405894e-05  -4.0140648e-05  -0.00028359390  4.4996504e-05  
-3.7344628e-05  -2.7645647e-05  0.00022614896  0.00015455435  -8.0021983e-07  3.8889230e-05  1.1250951e-05  -2.8389994e-05  0.00023797256  4.5957700e-05  6.5404279e-05  -0.00011868774  2.9072523e-05  -3.5503473e-05  0.00016847782  5.3774385e-05  -0.00040884393  -6.9643350e-05  6.3058507e-05  3.3236353e-05  3.2351905e-05  -1.0285234e-05  2.0835305e-05  -0.00063020365  0.00010185970  -0.00022925606  0.0000000   -0.0023399824  -6.5706549e-05  -2.5764308e-05  -9.0787028e-06  -3.7344628e-05  -2.7645647e-05  0.00022614896  0.00015455435  -8.0021983e-07  3.8889230e-05  1.1250951e-05  -2.8389994e-05  0.00023797256  4.5957700e-05  6.5404279e-05  -0.00011868774  2.9072523e-05  -3.5503473e-05  0.00016847782  5.3774385e-05  -0.00040884393  -6.9643350e-05  6.3058507e-05  3.3236353e-05  3.2351905e-05  -1.0285234e-05  2.0835305e-05  -0.00063020365  0.00010185970  -0.00022925606  0.0000000   -0.0023399824  -6.5706549e-05  -2.5764308e-05  -9.0787028e-06  
0.00012192023  -3.7113197e-05  0.00010195405  -0.00019422027  -5.4906386e-07  1.7456642e-05  4.6972173e-05  3.7731773e-05  -9.8627671e-05  -1.5559087e-05  0.00033717519  4.8638505e-05  1.0709731e-05  -3.2362530e-05  4.9573883e-05  -0.00023107313  -1.9791907e-05  1.4033694e-06  -2.9667074e-05  -5.3454840e-05  2.4247030e-05  -5.6523692e-05  8.0447793e-05  0.0012984638  0.00016700141  4.8405894e-05  0.0023399824  0.0000000   -0.00056314141  7.1359091e-05  -6.9230200e-05  0.00012192023  -3.7113197e-05  0.00010195405  -0.00019422027  -5.4906386e-07  1.7456642e-05  4.6972173e-05  3.7731773e-05  -9.8627671e-05  -1.5559087e-05  0.00033717519  4.8638505e-05  1.0709731e-05  -3.2362530e-05  4.9573883e-05  -0.00023107313  -1.9791907e-05  1.4033694e-06  -2.9667074e-05  -5.3454840e-05  2.4247030e-05  -5.6523692e-05  8.0447793e-05  0.0012984638  0.00016700141  4.8405894e-05  0.0023399824  0.0000000   -0.00056314141  7.1359091e-05  -6.9230200e-05  
-4.7546057e-05  -0.00014176444  -2.8390381e-05  7.2413795e-05  -2.3449627e-06  -3.9813677e-06  -1.1252372e-05  -5.5769020e-06  8.8032463e-06  -2.7848797e-06  7.2509995e-05  0.00017361138  -9.0560579e-06  7.5930135e-05  -0.00032013852  0.00012614663  0.00021000248  -2.8190185e-05  -1.1514969e-05  6.8200462e-05  -3.5267632e-05  5.5892254e-05  -3.2714553e-05  -0.00045725014  4.3368186e-05  4.0140648e-05  6.5706549e-05  0.00056314141  0.0000000   -8.0558340e-05  6.5951349e-05  -4.7546057e-05  -0.00014176444  -2.8390381e-05  7.2413795e-05  -2.3449627e-06  -3.9813677e-06  -1.1252372e-05  -5.5769020e-06  8.8032463e-06  -2.7848797e-06  7.2509995e-05  0.00017361138  -9.0560579e-06  7.5930135e-05  -0.00032013852  0.00012614663  0.00021000248  -2.8190185e-05  -1.1514969e-05  6.8200462e-05  -3.5267632e-05  5.5892254e-05  -3.2714553e-05  -0.00045725014  4.3368186e-05  4.0140648e-05  6.5706549e-05  0.00056314141  0.0000000   -8.0558340e-05  6.5951349e-05  
3.8147354e-07  7.9096035e-06  -1.5111381e-05  -2.8150321e-05  -6.9941893e-05  9.3708826e-05  0.00017310203  0.00012026192  6.9512423e-05  -0.00020324321  -2.4237389e-05  -1.5232838e-06  0.00010031680  -0.00011772658  -7.6454330e-06  -8.1657252e-06  1.0431219e-05  1.1292642e-05  1.3783588e-05  9.4748996e-05  0.00011577973  0.00013109927  0.00011475305  5.9812812e-05  1.2512372e-05  0.00028359390  2.5764308e-05  -7.1359091e-05  8.0558340e-05  0.0000000   0.00093524501  3.8147354e-07  7.9096035e-06  -1.5111381e-05  -2.8150321e-05  -6.9941893e-05  9.3708826e-05  0.00017310203  0.00012026192  6.9512423e-05  -0.00020324321  -2.4237389e-05  -1.5232838e-06  0.00010031680  -0.00011772658  -7.6454330e-06  -8.1657252e-06  1.0431219e-05  1.1292642e-05  1.3783588e-05  9.4748996e-05  0.00011577973  0.00013109927  0.00011475305  5.9812812e-05  1.2512372e-05  0.00028359390  2.5764308e-05  -7.1359091e-05  8.0558340e-05  0.0000000   0.00093524501  
1.3316105e-05  1.0741159e-05  -1.9834658e-05  -2.9637652e-05  -0.00014388273  2.7863452e-05  5.9351424e-05  -3.4336828e-05  1.9340776e-05  -7.9245816e-05  -1.1763327e-05  -2.6455242e-05  -0.00023736498  5.5944328e-05  5.5227854e-05  -1.0867656e-05  -9.6573082e-06  -0.00022547912  5.7130380e-05  0.00020217355  0.00011976074  0.00019537768  -0.00033260079  8.6458812e-05  0.00015812589  -4.4996504e-05  9.0787028e-06  6.9230200e-05  -6.5951349e-05  -0.00093524501  0.0000000   1.3316105e-05  1.0741159e-05  -1.9834658e-05  -2.9637652e-05  -0.00014388273  2.7863452e-05  5.9351424e-05  -3.4336828e-05  1.9340776e-05  -7.9245816e-05  -1.1763327e-05  -2.6455242e-05  -0.00023736498  5.5944328e-05  5.5227854e-05  -1.0867656e-05  -9.6573082e-06  -0.00022547912  5.7130380e-05  0.00020217355  0.00011976074  0.00019537768  -0.00033260079  8.6458812e-05  0.00015812589  -4.4996504e-05  9.0787028e-06  6.9230200e-05  -6.5951349e-05  -0.00093524501  0.0000000   
0.0000000   0.0037271488  -0.00016241981  -0.00050881770  -1.9900440e-05  -9.0905509e-05  7.7012665e-06  8.9309660e-05  -0.00018518687  -5.8899227e-05  4.5500480e-05  -0.00037387551  2.5906506e-05  6.8529311e-05  -0.00018827927  0.00013471530  0.00028433919  3.1683792e-05  2.3485082e-06  -4.4073745e-05  -2.8860797e-06  -1.3745567e-05  1.2431521e-05  -0.00014170661  -1.0734738e-05  -1.2435018e-05  3.7344628e-05  -0.00012192023  4.7546057e-05  -3.8147354e-07  -1.3316105e-05  0.0000000   0.0037271488  -0.00016241981  -0.00050881770  -1.9900440e-05  -9.0905509e-05  7.7012665e-06  8.9309660e-05  -0.00018518687  -5.8899227e-05  4.5500480e-05  -0.00037387551  2.5906506e-05  6.8529311e-05  -0.00018827927  0.00013471530  0.00028433919  3.1683792e-05  2.3485082e-06  -4.4073745e-05  -2.8860797e-06  -1.3745567e-05  1.2431521e-05  -0.00014170661  -1.0734738e-05  -1.2435018e-05  3.7344628e-05  -0.00012192023  4.7546057e-05  -3.8147354e-07  -1.3316105e-05  
-0.0037271488  0.0000000   8.2160588e-05  0.00052675773  -0.00010202979  -7.7983931e-07  6.8365940e-05  0.00011037806  -0.00077145007  -0.00030159301  0.00016856727  0.00029900429  -2.1724327e-05  -7.9340293e-06  6.3783477e-05  0.00010422123  -1.4630941e-05  3.6707392e-05  -3.8304184e-05  -1.4588814e-05  -1.0484921e-05  -6.4566632e-06  1.0052347e-05  0.00016341978  -1.9358067e-05  3.4701736e-05  2.7645647e-05  3.7113197e-05  0.00014176444  -7.9096035e-06  -1.0741159e-05  -0.0037271488  0.0000000   8.2160588e-05  0.00052675773  -0.00010202979  -7.7983931e-07  6.8365940e-05  0.00011037806  -0.00077145007  -0.00030159301  0.00016856727  0.00029900429  -2.1724327e-05  -7.9340293e-06  6.3783477e-05  0.00010422123  -1.4630941e-05  3.6707392e-05  -3.8304184e-05  -1.4588814e-05  -1.0484921e-05  -6.4566632e-06  1.0052347e-05  0.00016341978  -1.9358067e-05  3.4701736e-05  2.7645647e-05  3.7113197e-05  0.00014176444  -7.9096035e-06  -1.0741159e-05  
0.00016241981  -8.2160588e-05  0.0000000   0.0059299995  -0.00018711546  0.00017404326  -0.00010103451  -0.00019414668  0.00036526515  -8.3487034e-05  -5.3871986e-05  -0.00073506646  -5.7458665e-05  2.8749960e-05  -0.00017079738  1.5368309e-06  -9.7921329e-05  -6.5640763e-05  7.9318061e-05  2.3901451e-05  7.8027004e-06  -1.6387639e-05  -1.5556057e-05  -8.5063536e-05  2.8109313e-05  -1.3373635e-05  -0.00022614896  -0.00010195405  2.8390381e-05  1.5111381e-05  1.9834658e-05  0.00016241981  -8.2160588e-05  0.0000000   0.0059299995  -0.00018711546  0.00017404326  -0.00010103451  -0.00019414668  0.00036526515  -8.3487034e-05  -5.3871986e-05  -0.00073506646  -5.7458665e-05  2.8749960e-05  -0.00017079738  1.5368309e-06  -9.7921329e-05  -6.5640763e-05  7.9318061e-05  2.3901451e-05  7.8027004e-06  -1.6387639e-05  -1.5556057e-05  -8.5063536e-05  2.8109313e-05  -1.3373635e-05  -0.00022614896  -0.00010195405  2.8390381e-05  1.5111381e-05  1.9834658e-05  
0.00050881770  -0.00052675773  -0.0059299995  0.0000000   -0.00016505160  -0.00052299401  -0.00028297351  -0.00019096037  0.00053861436  5.3280907e-05  -0.00020378831  0.00013027873  -4.5297363e-05  -6.7040366e-05  1.9446795e-05  -1.4233589e-06  0.00019611025  5.5794588e-05  1.4535259e-05  -5.3710550e-05  -3.4332267e-05  -1.8252230e-05  6.9826091e-06  1.2323046e-05  3.2807869e-06  2.6010358e-05  -0.00015455435  0.00019422027  -7.2413795e-05  2.8150321e-05  2.9637652e-05  0.00050881770  -0.00052675773  -0.0059299995  0.0000000   -0.00016505160  -0.00052299401  -0.00028297351  -0.00019096037  0.00053861436  5.3280907e-05  -0.00020378831  0.00013027873  -4.5297363e-05  -6.7040366e-05  1.9446795e-05  -1.4233589e-06  0.00019611025  5.5794588e-05  1.4535259e-05  -5.3710550e-05  -3.4332267e-05  -1.8252230e-05  6.9826091e-06  1.2323046e-05  3.2807869e-06  2.6010358e-05  -0.00015455435  0.00019422027  -7.2413795e-05  2.8150321e-05  2.9637652e-05  
1.9900440e-05  0.00010202979  0.00018711546  0.00016505160  0.0000000   0.0013754791  0.00051343992  -0.00082953165  0.00030603271  -0.0013082292  -1.3323289e-06  -4.5241012e-05  1.7603123e-05  -0.00038690395  -0.00012424780  3.8399766e-05  1.4523230e-06  -4.4230464e-05  -3.2310317e-05  -0.00017734749  7.3489424e-05  0.00016392174  -1.1969253e-05  -1.4965815e-05  -5.3423921e-05  -2.2039469e-05  8.0021983e-07  5.4906386e-07  2.3449627e-06  6.9941893e-05  0.00014388273  1.9900440e-05  0.00010202979  0.00018711546  0.00016505160  0.0000000   0.0013754791  0.00051343992  -0.00082953165  0.00030603271  -0.0013082292  -1.3323289e-06  -4.5241012e-05  1.7603123e-05  -0.00038690395  -0.00012424780  3.8399766e-05  1.4523230e-06  -4.4230464e-05  -3.2310317e-05  -0.00017734749  7.3489424e-05  0.00016392174  -1.1969253e-05  -1.4965815e-05  -5.3423921e-05  -2.2039469e-05  8.0021983e-07  5.4906386e-07  2.3449627e-06  6.9941893e-05  0.00014388273  
9.0905509e-05  7.7983931e-07  -0.00017404326  0.00052299401  -0.0013754791  0.0000000   0.00065430171  0.00092231697  2.2777425e-05  0.00054461690  -2.0777641e-06  -5.4972563e-05  0.00013743889  0.00028178316  4.5476845e-05  -3.8121208e-05  -1.5639647e-05  0.00020183012  -0.00010343610  6.8043779e-05  -2.2813246e-05  -0.00017479352  7.6515272e-05  -3.9849169e-05  -0.00021708016  -7.0939808e-05  -3.8889230e-05  -1.7456642e-05  3.9813677e-06  -9.3708826e-05  -2.7863452e-05  9.0905509e-05  7.7983931e-07  -0.00017404326  0.00052299401  -0.0013754791  0.0000000   0.00065430171  0.00092231697  2.2777425e-05  0.00054461690  -2.0777641e-06  -5.4972563e-05  0.00013743889  0.00028178316  4.5476845e-05  -3.8121208e-05  -1.5639647e-05  0.00020183012  -0.00010343610  6.8043779e-05  -2.2813246e-05  -0.00017479352  7.6515272e-05  -3.9849169e-05  -0.00021708016  -7.0939808e-05  -3.8889230e-05  -1.7456642e-05  3.9813677e-06  -9.3708826e-05  -2.7863452e-05  
-7.7012665e-06  -6.8365940e-05  0.00010103451  0.00028297351  -0.00051343992  -0.00065430171  0.0000000   0.0014874744  -0.00038061696  0.0019738466  4.0058462e-06  -3.0840911e-05  0.00017754909  8.7629224e-05  1.4937534e-05  -4.4788561e-05  -1.4172671e-05  0.00029361867  0.00012978852  0.00016440697  0.00042653078  -7.0681395e-05  0.00012423637  -7.5174079e-06  -0.00015062469  0.00011147968  -1.1250951e-05  -4.6972173e-05  1.1252372e-05  -0.00017310203  -5.9351424e-05  -7.7012665e-06  -6.8365940e-05  0.00010103451  0.00028297351  -0.00051343992  -0.00065430171  0.0000000   0.0014874744  -0.00038061696  0.0019738466  4.0058462e-06  -3.0840911e-05  0.00017754909  8.7629224e-05  1.4937534e-05  -4.4788561e-05  -1.4172671e-05  0.00029361867  0.00012978852  0.00016440697  0.00042653078  -7.0681395e-05  0.00012423637  -7.5174079e-06  -0.00015062469  0.00011147968  -1.1250951e-05  -4.6972173e-05  1.1252372e-05  -0.00017310203  -5.9351424e-05  
-8.9309660e-05  -0.00011037806  0.00019414668  0.00019096037  0.00082953165  -0.00092231697  -0.0014874744  0.0000000   -0.00078558308  0.0025791627  -1.1680542e-05  4.5895069e-05  3.8495491e-06  -0.00012531326  -5.7341032e-06  -5.6784468e-05  -1.8952013e-05  -0.00013214915  -0.00042999163  2.4594300e-05  -0.00034895604  -0.00020031374  0.00012223007  1.6130015e-05  0.00018751486  -6.4315646e-05  2.8389994e-05  -3.7731773e-05  5.5769020e-06  -0.00012026192  3.4336828e-05  -8.9309660e-05  -0.00011037806  0.00019414668  0.00019096037  0.00082953165  -0.00092231697  -0.0014874744  0.0000000   -0.00078558308  0.0025791627  -1.1680542e-05  4.5895069e-05  3.8495491e-06  -0.00012531326  -5.7341032e-06  -5.6784468e-05  -1.8952013e-05  -0.00013214915  -0.00042999163  2.4594300e-05  -0.00034895604  -0.00020031374  0.00012223007  1.6130015e-05  0.00018751486  -6.4315646e-05  2.8389994e-05  -3.7731773e-05  5.5769020e-06  -0.00012026192  3.4336828e-05  
0.00018518687  0.00077145007  -0.00036526515  -0.00053861436  -0.00030603271  -2.2777425e-05  0.00038061696  0.00078558308  0.0000000   0.00026438022  0.00064598116  -0.00023010513  0.00011929100  9.6546173e-05  0.00016924340  0.00016684314  -4.2158538e-05  -1.7171327e-05  8.4380634e-05  9.0528941e-05  9.3951547e-06  4.5689078e-05  -9.1197319e-05  7.6405565e-05  -3.5003244e-05  -9.4505751e-05  -0.00023797256  9.8627671e-05  -8.8032463e-06  -6.9512423e-05  -1.9340776e-05  0.00018518687  0.00077145007  -0.00036526515  -0.00053861436  -0.00030603271  -2.2777425e-05  0.00038061696  0.00078558308  0.0000000   0.00026438022  0.00064598116  -0.00023010513  0.00011929100  9.6546173e-05  0.00016924340  0.00016684314  -4.2158538e-05  -1.7171327e-05  8.4380634e-05  9.0528941e-05  9.3951547e-06  4.5689078e-05  -9.1197319e-05  7.6405565e-05  -3.5003244e-05  -9.4505751e-05  -0.00023797256  9.8627671e-05  -8.8032463e-06  -6.9512423e-05  -1.9340776e-05  
5.8899227e-05  0.00030159301  8.3487034e-05  -5.3280907e-05  0.0013082292  -0.00054461690  -0.0019738466  -0.0025791627  -0.00026438022  0.0000000   0.00019549421  -0.00011673289  -0.00016781730  -0.00078982985  -7.8822951e-05  0.00010031860  -1.4256842e-05  -0.00015467185  -0.00013085382  3.5720209e-05  -0.00022250700  -0.00010985184  0.00028971863  3.8223588e-05  0.00015631729  0.00026481677  -4.5957700e-05  1.5559087e-05  2.7848797e-06  0.00020324321  7.9245816e-05  5.8899227e-05  0.00030159301  8.3487034e-05  -5.3280907e-05  0.0013082292  -0.00054461690  -0.0019738466  -0.0025791627  -0.00026438022  0.0000000   0.00019549421  -0.00011673289  -0.00016781730  -0.00078982985  -7.8822951e-05  0.00010031860  -1.4256842e-05  -0.00015467185  -0.00013085382  3.5720209e-05  -0.00022250700  -0.00010985184  0.00028971863  3.8223588e-05  0.00015631729  0.00026481677  -4.5957700e-05  1.5559087e-05  2.7848797e-06  0.00020324321  7.9245816e-05  
