0.0000000   0.0021381026  0.00055986742  0.00022028302  -0.00036989642  -0.00030373274  3.2491161e-05  7.2035284e-05  0.00037089494  -6.8646409e-06  3.0648849e-05  1.3224125e-06  -0.00014891829  -0.00016733458  -5.0322182e-06  1.6815861e-06  -3.1601075e-05  0.00013097301  -2.3116276e-05  -5.4914875e-05  3.6617787e-06  7.2750304e-06  -0.00015216472  2.4401021e-05  8.8256889e-07  9.0838123e-06  -4.7106572e-06  8.8111958e-06  -7.1903288e-05  3.0106027e-05  5.6570652e-06  0.0000000   0.0021381026  0.00055986742  0.00022028302  -0.00036989642  -0.00030373274  3.2491161e-05  7.2035284e-05  0.00037089494  -6.8646409e-06  3.0648849e-05  1.3224125e-06  -0.00014891829  -0.00016733458  -5.0322182e-06  1.6815861e-06  -3.1601075e-05  0.00013097301  -2.3116276e-05  -5.4914875e-05  3.6617787e-06  7.2750304e-06  -0.00015216472  2.4401021e-05  8.8256889e-07  9.0838123e-06  -4.7106572e-06  8.8111958e-06  -7.1903288e-05  3.0106027e-05  5.6570652e-06  
-0.0021381026  0.0000000   -0.00084586148  -0.00051267563  0.0010054938  -0.00049369487  0.00012409131  -7.7118500e-05  0.00040257993  1.7000914e-05  9.3289138e-05  2.7769962e-05  0.00020682228  -8.9640640e-05  7.3961159e-05  -0.00013007069  -2.1287499e-06  9.8308583e-05  9.2223084e-06  -8.2594593e-05  -6.9568184e-05  9.6846959e-06  0.00017473305  -2.0373185e-05  -4.1398953e-06  7.0211705e-06  -2.7283977e-07  -2.6302917e-05  2.5493066e-05  -6.9613492e-06  1.0881795e-06  -0.0021381026  0.0000000   -0.00084586148  -0.00051267563  0.0010054938  -0.00049369487  0.00012409131  -7.7118500e-05  0.00040257993  1.7000914e-05  9.3289138e-05  2.7769962e-05  0.00020682228  -8.9640640e-05  7.3961159e-05  -0.00013007069  -2.1287499e-06  9.8308583e-05  9.2223084e-06  -8.2594593e-05  -6.9568184e-05  9.6846959e-06  0.00017473305  -2.0373185e-05  -4.1398953e-06  7.0211705e-06  -2.7283977e-07  -2.6302917e-05  2.5493066e-05  -6.9613492e-06  1.0881795e-06  
-0.00055986742  0.00084586148  0.0000000   -9.3215157e-05  -0.00040148517  -0.0011484895  -0.00037285641  0.00056953963  0.00022503429  -3.2496425e-05  0.00034907997  3.8517358e-05  0.00015930285  -0.00016568150  -9.3312738e-05  -0.00033938662  -7.0636340e-05  9.7529442e-05  -7.8550605e-05  -8.7514012e-05  -0.00027065506  -3.2495107e-06  -9.2652431e-05  -8.5899196e-05  5.9083030e-05  -5.7899253e-05  -4.0611390e-06  2.7121018e-05  -4.9971925e-05  7.0556383e-05  3.8675066e-05  -0.00055986742  0.00084586148  0.0000000   -9.3215157e-05  -0.00040148517  -0.0011484895  -0.00037285641  0.00056953963  0.00022503429  -3.2496425e-05  0.00034907997  3.8517358e-05  0.00015930285  -0.00016568150  -9.3312738e-05  -0.00033938662  -7.0636340e-05  9.7529442e-05  -7.8550605e-05  -8.7514012e-05  -0.00027065506  -3.2495107e-06  -9.2652431e-05  -8.5899196e-05  5.9083030e-05  -5.7899253e-05  -4.0611390e-06  2.7121018e-05  -4.9971925e-05  7.0556383e-05  3.8675066e-05  
-0.00022028302  0.00051267563  9.3215157e-05  0.0000000   -0.00032971957  -0.00047915843  0.00082632928  -0.0010381095  0.00010626550  1.3675560e-05  0.00018891736  -6.9897503e-05  6.2114451e-05  -7.4453479e-05  -2.1357247e-05  -0.00022327511  9.5897905e-05  5.2166245e-05  0.00014052214  -5.0172203e-05  -0.00015482096  2.5622170e-05  -5.2163790e-05  0.00017479636  -9.0049922e-05  9.1736895e-05  -1.8806195e-06  -4.1387676e-05  -4.4300341e-05  -8.5039430e-05  -5.3607712e-05  -0.00022028302  0.00051267563  9.3215157e-05  0.0000000   -0.00032971957  -0.00047915843  0.00082632928  -0.0010381095  0.00010626550  1.3675560e-05  0.00018891736  -6.9897503e-05  6.2114451e-05  -7.4453479e-05  -2.1357247e-05  -0.00022327511  9.5897905e-05  5.2166245e-05  0.00014052214  -5.0172203e-05  -0.00015482096  2.5622170e-05  -5.2163790e-05  0.00017479636  -9.0049922e-05  9.1736895e-05  -1.8806195e-06  -4.1387676e-05  -4.4300341e-05  -8.5039430e-05  -5.3607712e-05  
0.00036989642  -0.0010054938  0.00040148517  0.00032971957  0.0000000   0.00051664114  -6.0357809e-05  1.9829338e-05  -0.00022160380  -1.3118346e-05  5.5244846e-05  2.3945803e-05  0.00026854995  -0.00010146722  4.4910801e-05  5.2291556e-05  -4.4718924e-06  0.00010453207  -2.8637318e-05  -0.00014574771  0.00013684194  -3.4993176e-06  -0.00013556156  3.1967037e-05  4.6703267e-06  -5.1494914e-06  1.1645994e-05  1.8275085e-05  0.00011543440  -2.0111910e-05  1.9542351e-05  0.00036989642  -0.0010054938  0.00040148517  0.00032971957  0.0000000   0.00051664114  -6.0357809e-05  1.9829338e-05  -0.00022160380  -1.3118346e-05  5.5244846e-05  2.3945803e-05  0.00026854995  -0.00010146722  4.4910801e-05  5.2291556e-05  -4.4718924e-06  0.00010453207  -2.8637318e-05  -0.00014574771  0.00013684194  -3.4993176e-06  -0.00013556156  3.1967037e-05  4.6703267e-06  -5.1494914e-06  1.1645994e-05  1.8275085e-05  0.00011543440  -2.0111910e-05  1.9542351e-05  
0.00030373274  0.00049369487  0.0011484895  0.00047915843  -0.00051664114  0.0000000   -8.8747210e-06  4.2893426e-05  -0.0012427644  3.6540265e-05  0.00078465711  5.5114061e-05  -0.00013039747  -0.00010503823  -0.00012426960  -0.00026799533  1.3225395e-05  -8.3966595e-05  -3.6274584e-05  0.00010778670  0.00016448686  -8.1205195e-06  0.00025353732  -5.9847522e-05  -1.0986857e-05  2.6812127e-05  -1.8125268e-05  -1.2467137e-06  5.2793578e-05  5.3213562e-06  2.8452988e-06  0.00030373274  0.00049369487  0.0011484895  0.00047915843  -0.00051664114  0.0000000   -8.8747210e-06  4.2893426e-05  -0.0012427644  3.6540265e-05  0.00078465711  5.5114061e-05  -0.00013039747  -0.00010503823  -0.00012426960  -0.00026799533  1.3225395e-05  -8.3966595e-05  -3.6274584e-05  0.00010778670  0.00016448686  -8.1205195e-06  0.00025353732  -5.9847522e-05  -1.0986857e-05  2.6812127e-05  -1.8125268e-05  -1.2467137e-06  5.2793578e-05  5.3213562e-06  2.8452988e-06  
-3.2491161e-05  -0.00012409131  0.00037285641  -0.00082632928  6.0357809e-05  8.8747210e-06  0.0000000   0.00059894061  9.5987183e-05  0.00046293672  -0.00010738408  0.00025892511  4.5020734e-05  6.6590127e-05  -4.2150001e-06  0.00010278324  9.2648763e-05  1.1109462e-05  -1.9470896e-05  -1.4404448e-07  8.8193829e-06  -0.00014732916  -3.3400283e-05  -0.00026763901  0.00013488713  3.6725422e-05  -0.00030881403  4.9457103e-05  2.2906804e-05  0.00018139641  -5.6179675e-06  -3.2491161e-05  -0.00012409131  0.00037285641  -0.00082632928  6.0357809e-05  8.8747210e-06  0.0000000   0.00059894061  9.5987183e-05  0.00046293672  -0.00010738408  0.00025892511  4.5020734e-05  6.6590127e-05  -4.2150001e-06  0.00010278324  9.2648763e-05  1.1109462e-05  -1.9470896e-05  -1.4404448e-07  8.8193829e-06  -0.00014732916  -3.3400283e-05  -0.00026763901  0.00013488713  3.6725422e-05  -0.00030881403  4.9457103e-05  2.2906804e-05  0.00018139641  -5.6179675e-06  
-7.2035284e-05  7.7118500e-05  -0.00056953963  0.0010381095  -1.9829338e-05  -4.2893426e-05  -0.00059894061  0.0000000   -2.7719179e-05  0.00012219488  6.5971211e-05  -0.00055295309  2.8444767e-05  -2.7681323e-05  -1.0909683e-05  -3.2422793e-05  0.00011150538  1.1668656e-05  4.3066367e-05  4.4210781e-06  2.1014135e-05  -7.9821070e-05  3.3618747e-05  0.00010548529  0.00010343395  -0.00010158127  8.5337689e-05  0.00014035077  -1.7606938e-05  -7.0574404e-05  1.0764892e-05  -7.2035284e-05  7.7118500e-05  -0.00056953963  0.0010381095  -1.9829338e-05  -4.2893426e-05  -0.00059894061  0.0000000   -2.7719179e-05  0.00012219488  6.5971211e-05  -0.00055295309  2.8444767e-05  -2.7681323e-05  -1.0909683e-05  -3.2422793e-05  0.00011150538  1.1668656e-05  4.3066367e-05  4.4210781e-06  2.1014135e-05  -7.9821070e-05  3.3618747e-05  0.00010548529  0.00010343395  -0.00010158127  8.5337689e-05  0.00014035077  -1.7606938e-05  -7.0574404e-05  1.0764892e-05  
-0.00037089494  -0.00040257993  -0.00022503429  -0.00010626550  0.00022160380  0.0012427644  -9.5987183e-05  2.7719179e-05  0.0000000   -3.9691853e-05  -0.00011856302  -4.8737945e-05  -0.00047390523  0.00017868987  0.00011795777  0.00020740132  2.7708710e-05  -0.00035274003  -1.8862958e-05  2.7516494e-05  0.00032649690  -1.5322078e-05  1.7678428e-05  1.8460117e-05  -8.3026294e-06  -8.6119812e-07  9.6408069e-06  9.2877065e-07  -2.1773311e-05  -8.2882280e-06  -1.0197222e-05  -0.00037089494  -0.00040257993  -0.00022503429  -0.00010626550  0.00022160380  0.0012427644  -9.5987183e-05  2.7719179e-05  0.0000000   -3.9691853e-05  -0.00011856302  -4.8737945e-05  -0.00047390523  0.00017868987  0.00011795777  0.00020740132  2.7708710e-05  -0.00035274003  -1.8862958e-05  2.7516494e-05  0.00032649690  -1.5322078e-05  1.7678428e-05  1.8460117e-05  -8.3026294e-06  -8.6119812e-07  9.6408069e-06  9.2877065e-07  -2.1773311e-05  -8.2882280e-06  -1.0197222e-05  
6.8646409e-06  -1.7000914e-05  3.2496425e-05  -1.3675560e-05  1.3118346e-05  -3.6540265e-05  -0.00046293672  -0.00012219488  3.9691853e-05  0.0000000   3.3783985e-05  -0.0015389437  0.00012397684  -2.6915637e-05  -4.4060907e-06  0.00014832680  -6.1944976e-05  1.1685583e-05  -0.00011779810  2.3065002e-05  5.0630082e-06  -6.6155159e-06  -1.2374243e-05  -4.7942285e-05  0.00011198783  -0.00017179959  6.1199885e-05  -1.7590904e-05  5.3470496e-06  6.0891001e-05  2.0674169e-05  6.8646409e-06  -1.7000914e-05  3.2496425e-05  -1.3675560e-05  1.3118346e-05  -3.6540265e-05  -0.00046293672  -0.00012219488  3.9691853e-05  0.0000000   3.3783985e-05  -0.0015389437  0.00012397684  -2.6915637e-05  -4.4060907e-06  0.00014832680  -6.1944976e-05  1.1685583e-05  -0.00011779810  2.3065002e-05  5.0630082e-06  -6.6155159e-06  -1.2374243e-05  -4.7942285e-05  0.00011198783  -0.00017179959  6.1199885e-05  -1.7590904e-05  5.3470496e-06  6.0891001e-05  2.0674169e-05  
-3.0648849e-05  -9.3289138e-05  -0.00034907997  -0.00018891736  -5.5244846e-05  -0.00078465711  0.00010738408  -6.5971211e-05  0.00011856302  -3.3783985e-05  0.0000000   9.0290755e-05  0.00076129037  -0.0010909605  -0.00078978608  0.00061251408  -7.8796516e-05  -0.00020392331  2.8881828e-06  9.4790223e-05  -4.6367349e-05  1.3536088e-05  -0.00031516216  9.1653340e-05  9.1030090e-06  1.2841647e-05  2.0580091e-05  5.7406356e-06  -2.5589826e-05  2.3829477e-05  2.8771079e-06  -3.0648849e-05  -9.3289138e-05  -0.00034907997  -0.00018891736  -5.5244846e-05  -0.00078465711  0.00010738408  -6.5971211e-05  0.00011856302  -3.3783985e-05  0.0000000   9.0290755e-05  0.00076129037  -0.0010909605  -0.00078978608  0.00061251408  -7.8796516e-05  -0.00020392331  2.8881828e-06  9.4790223e-05  -4.6367349e-05  1.3536088e-05  -0.00031516216  9.1653340e-05  9.1030090e-06  1.2841647e-05  2.0580091e-05  5.7406356e-06  -2.5589826e-05  2.3829477e-05  2.8771079e-06  
-1.3224125e-06  -2.7769962e-05  -3.8517358e-05  6.9897503e-05  -2.3945803e-05  -5.5114061e-05  -0.00025892511  0.00055295309  4.8737945e-05  0.0015389437  -9.0290755e-05  0.0000000   0.00013715095  9.7935811e-05  9.6204626e-05  9.3017283e-05  8.6182221e-06  -1.9954787e-05  0.00032616103  2.7787377e-05  5.2656727e-05  0.00028089164  -6.1095926e-05  -0.00049689627  0.00033981571  -0.00011674550  -0.00011888594  -0.00018092178  -3.1228671e-05  -0.00021159663  8.9526483e-05  -1.3224125e-06  -2.7769962e-05  -3.8517358e-05  6.9897503e-05  -2.3945803e-05  -5.5114061e-05  -0.00025892511  0.00055295309  4.8737945e-05  0.0015389437  -9.0290755e-05  0.0000000   0.00013715095  9.7935811e-05  9.6204626e-05  9.3017283e-05  8.6182221e-06  -1.9954787e-05  0.00032616103  2.7787377e-05  5.2656727e-05  0.00028089164  -6.1095926e-05  -0.00049689627  0.00033981571  -0.00011674550  -0.00011888594  -0.00018092178  -3.1228671e-05  -0.00021159663  8.9526483e-05  
0.00014891829  -0.00020682228  -0.00015930285  -6.2114451e-05  -0.00026854995  0.00013039747  -4.5020734e-05  -2.8444767e-05  0.00047390523  -0.00012397684  -0.00076129037  -0.00013715095  0.0000000   0.0040114064  4.6408439e-05  0.00049935314  2.5880382e-05  0.00041464135  8.3780369e-05  0.00011605553  9.8389269e-05  -2.6434738e-06  -0.00010611035  -1.3542797e-05  1.3785874e-05  7.6443524e-06  -2.2173772e-05  -5.7929925e-06  -6.3876080e-05  5.5172681e-06  -2.0549181e-05  0.00014891829  -0.00020682228  -0.00015930285  -6.2114451e-05  -0.00026854995  0.00013039747  -4.5020734e-05  -2.8444767e-05  0.00047390523  -0.00012397684  -0.00076129037  -0.00013715095  0.0000000   0.0040114064  4.6408439e-05  0.00049935314  2.5880382e-05  0.00041464135  8.3780369e-05  0.00011605553  9.8389269e-05  -2.6434738e-06  -0.00010611035  -1.3542797e-05  1.3785874e-05  7.6443524e-06  -2.2173772e-05  -5.7929925e-06  -6.3876080e-05  5.5172681e-06  -2.0549181e-05  
0.00016733458  8.9640640e-05  0.00016568150  7.4453479e-05  0.00010146722  0.00010503823  -6.6590127e-05  2.7681323e-05  -0.00017868987  2.6915637e-05  0.0010909605  -9.7935811e-05  -0.0040114064  0.0000000   0.00057919344  -0.0012356008  0.00017045269  -9.6465150e-05  -0.00011719952  -0.00040272743  -0.00027898593  9.8715831e-06  -0.00028283257  8.5704258e-06  6.2998105e-05  -2.9924367e-05  5.6344734e-06  1.3789613e-06  0.00024942001  -4.8201986e-05  3.2140448e-06  0.00016733458  8.9640640e-05  0.00016568150  7.4453479e-05  0.00010146722  0.00010503823  -6.6590127e-05  2.7681323e-05  -0.00017868987  2.6915637e-05  0.0010909605  -9.7935811e-05  -0.0040114064  0.0000000   0.00057919344  -0.0012356008  0.00017045269  -9.6465150e-05  -0.00011719952  -0.00040272743  -0.00027898593  9.8715831e-06  -0.00028283257  8.5704258e-06  6.2998105e-05  -2.9924367e-05  5.6344734e-06  1.3789613e-06  0.00024942001  -4.8201986e-05  3.2140448e-06  
5.0322182e-06  -7.3961159e-05  9.3312738e-05  2.1357247e-05  -4.4910801e-05  0.00012426960  4.2150001e-06  1.0909683e-05  -0.00011795777  4.4060907e-06  0.00078978608  -9.6204626e-05  -4.6408439e-05  -0.00057919344  0.0000000   -0.0061404369  7.4864375e-05  0.00036646047  -0.00020101965  5.9923419e-05  0.00041325392  3.8050698e-05  -3.9276059e-05  2.8644614e-05  3.1905701e-05  4.7795487e-06  2.5490241e-05  -1.3465403e-06  8.2419696e-06  -1.0570662e-05  -5.7934862e-08  5.0322182e-06  -7.3961159e-05  9.3312738e-05  2.1357247e-05  -4.4910801e-05  0.00012426960  4.2150001e-06  1.0909683e-05  -0.00011795777  4.4060907e-06  0.00078978608  -9.6204626e-05  -4.6408439e-05  -0.00057919344  0.0000000   -0.0061404369  7.4864375e-05  0.00036646047  -0.00020101965  5.9923419e-05  0.00041325392  3.8050698e-05  -3.9276059e-05  2.8644614e-05  3.1905701e-05  4.7795487e-06  2.5490241e-05  -1.3465403e-06  8.2419696e-06  -1.0570662e-05  -5.7934862e-08  
-1.6815861e-06  0.00013007069  0.00033938662  0.00022327511  -5.2291556e-05  0.00026799533  -0.00010278324  3.2422793e-05  -0.00020740132  -0.00014832680  -0.00061251408  -9.3017283e-05  -0.00049935314  0.0012356008  0.0061404369  0.0000000   0.00027002626  0.00021777271  -7.7496129e-05  -0.00064764340  7.8183082e-06  -1.6460392e-05  -0.00015416225  -1.4789262e-05  -1.7160379e-06  -3.4269600e-05  -9.2203316e-05  -2.5703186e-05  0.00033216408  -3.5090264e-05  -5.0750080e-06  -1.6815861e-06  0.00013007069  0.00033938662  0.00022327511  -5.2291556e-05  0.00026799533  -0.00010278324  3.2422793e-05  -0.00020740132  -0.00014832680  -0.00061251408  -9.3017283e-05  -0.00049935314  0.0012356008  0.0061404369  0.0000000   0.00027002626  0.00021777271  -7.7496129e-05  -0.00064764340  7.8183082e-06  -1.6460392e-05  -0.00015416225  -1.4789262e-05  -1.7160379e-06  -3.4269600e-05  -9.2203316e-05  -2.5703186e-05  0.00033216408  -3.5090264e-05  -5.0750080e-06  
3.1601075e-05  2.1287499e-06  7.0636340e-05  -9.5897905e-05  4.4718924e-06  -1.3225395e-05  -9.2648763e-05  -0.00011150538  -2.7708710e-05  6.1944976e-05  7.8796516e-05  -8.6182221e-06  -2.5880382e-05  -0.00017045269  -7.4864375e-05  -0.00027002626  0.0000000   -8.2259417e-05  0.0030931303  -0.00019236721  0.00013158204  -0.00020400486  -7.1246109e-05  -0.00063436366  0.00027820121  -0.00033660517  -0.00026293916  -4.6756316e-05  -7.6684249e-06  -0.00011590210  -0.00018345631  3.1601075e-05  2.1287499e-06  7.0636340e-05  -9.5897905e-05  4.4718924e-06  -1.3225395e-05  -9.2648763e-05  -0.00011150538  -2.7708710e-05  6.1944976e-05  7.8796516e-05  -8.6182221e-06  -2.5880382e-05  -0.00017045269  -7.4864375e-05  -0.00027002626  0.0000000   -8.2259417e-05  0.0030931303  -0.00019236721  0.00013158204  -0.00020400486  -7.1246109e-05  -0.00063436366  0.00027820121  -0.00033660517  -0.00026293916  -4.6756316e-05  -7.6684249e-06  -0.00011590210  -0.00018345631  
-0.00013097301  -9.8308583e-05  -9.7529442e-05  -5.2166245e-05  -0.00010453207  8.3966595e-05  -1.1109462e-05  -1.1668656e-05  0.00035274003  -1.1685583e-05  0.00020392331  1.9954787e-05  -0.00041464135  9.6465150e-05  -0.00036646047  -0.00021777271  8.2259417e-05  0.0000000   0.00034453366  0.0015728460  -0.00081723236  -1.6384343e-05  -2.2080165e-05  -5.1123561e-05  1.5650803e-05  -7.0958450e-05  -4.2583233e-05  -1.9331718e-05  -0.00024285622  2.4869892e-05  -2.5703516e-05  -0.00013097301  -9.8308583e-05  -9.7529442e-05  -5.2166245e-05  -0.00010453207  8.3966595e-05  -1.1109462e-05  -1.1668656e-05  0.00035274003  -1.1685583e-05  0.00020392331  1.9954787e-05  -0.00041464135  9.6465150e-05  -0.00036646047  -0.00021777271  8.2259417e-05  0.0000000   0.00034453366  0.0015728460  -0.00081723236  -1.6384343e-05  -2.2080165e-05  -5.1123561e-05  1.5650803e-05  -7.0958450e-05  -4.2583233e-05  -1.9331718e-05  -0.00024285622  2.4869892e-05  -2.5703516e-05  
2.3116276e-05  -9.2223084e-06  7.8550605e-05  -0.00014052214  2.8637318e-05  3.6274584e-05  1.9470896e-05  -4.3066367e-05  1.8862958e-05  0.00011779810  -2.8881828e-06  -0.00032616103  -8.3780369e-05  0.00011719952  0.00020101965  7.7496129e-05  -0.0030931303  -0.00034453366  0.0000000   -1.1506819e-05  -5.0836947e-05  0.00029019510  6.7545737e-05  0.00056508576  0.00026688925  0.00028195439  0.00033322214  0.00030629154  1.1335816e-05  0.00023764231  0.00021284580  2.3116276e-05  -9.2223084e-06  7.8550605e-05  -0.00014052214  2.8637318e-05  3.6274584e-05  1.9470896e-05  -4.3066367e-05  1.8862958e-05  0.00011779810  -2.8881828e-06  -0.00032616103  -8.3780369e-05  0.00011719952  0.00020101965  7.7496129e-05  -0.0030931303  -0.00034453366  0.0000000   -1.1506819e-05  -5.0836947e-05  0.00029019510  6.7545737e-05  0.00056508576  0.00026688925  0.00028195439  0.00033322214  0.00030629154  1.1335816e-05  0.00023764231  0.00021284580  
5.4914875e-05  8.2594593e-05  8.7514012e-05  5.0172203e-05  0.00014574771  -0.00010778670  1.4404448e-07  -4.4210781e-06  -2.7516494e-05  -2.3065002e-05  -9.4790223e-05  -2.7787377e-05  -0.00011605553  0.00040272743  -5.9923419e-05  0.00064764340  0.00019236721  -0.0015728460  1.1506819e-05  0.0000000   0.00093935331  -3.3724271e-05  -0.00041924978  1.6114493e-05  -1.3526221e-05  7.8420247e-06  -5.5923400e-05  -1.4449373e-05  0.00012601662  -1.5151049e-05  2.2780205e-06  5.4914875e-05  8.2594593e-05  8.7514012e-05  5.0172203e-05  0.00014574771  -0.00010778670  1.4404448e-07  -4.4210781e-06  -2.7516494e-05  -2.3065002e-05  -9.4790223e-05  -2.7787377e-05  -0.00011605553  0.00040272743  -5.9923419e-05  0.00064764340  0.00019236721  -0.0015728460  1.1506819e-05  0.0000000   0.00093935331  -3.3724271e-05  -0.00041924978  1.6114493e-05  -1.3526221e-05  7.8420247e-06  -5.5923400e-05  -1.4449373e-05  0.00012601662  -1.5151049e-05  2.2780205e-06  
-3.6617787e-06  6.9568184e-05  0.00027065506  0.00015482096  -0.00013684194  -0.00016448686  -8.8193829e-06  -2.1014135e-05  -0.00032649690  -5.0630082e-06  4.6367349e-05  -5.2656727e-05  -9.8389269e-05  0.00027898593  -0.00041325392  -7.8183082e-06  -0.00013158204  0.00081723236  5.0836947e-05  -0.00093935331  0.0000000   -4.0529381e-05  0.0016133421  -0.00018516904  -1.7488737e-05  -4.4371344e-05  2.3040091e-05  -1.3121394e-06  0.00028355824  -3.2862031e-05  8.2406726e-06  -3.6617787e-06  6.9568184e-05  0.00027065506  0.00015482096  -0.00013684194  -0.00016448686  -8.8193829e-06  -2.1014135e-05  -0.00032649690  -5.0630082e-06  4.6367349e-05  -5.2656727e-05  -9.8389269e-05  0.00027898593  -0.00041325392  -7.8183082e-06  -0.00013158204  0.00081723236  5.0836947e-05  -0.00093935331  0.0000000   -4.0529381e-05  0.0016133421  -0.00018516904  -1.7488737e-05  -4.4371344e-05  2.3040091e-05  -1.3121394e-06  0.00028355824  -3.2862031e-05  8.2406726e-06  
-7.2750304e-06  -9.6846959e-06  3.2495107e-06  -2.5622170e-05  3.4993176e-06  8.1205195e-06  0.00014732916  7.9821070e-05  1.5322078e-05  6.6155159e-06  -1.3536088e-05  -0.00028089164  2.6434738e-06  -9.8715831e-06  -3.8050698e-05  1.6460392e-05  0.00020400486  1.6384343e-05  -0.00029019510  3.3724271e-05  4.0529381e-05  0.0000000   -8.2839524e-05  -0.00017206807  -0.00085986631  0.00018186653  -3.8363982e-05  0.00023120782  2.8209405e-06  0.00014127896  0.00024622996  -7.2750304e-06  -9.6846959e-06  3.2495107e-06  -2.5622170e-05  3.4993176e-06  8.1205195e-06  0.00014732916  7.9821070e-05  1.5322078e-05  6.6155159e-06  -1.3536088e-05  -0.00028089164  2.6434738e-06  -9.8715831e-06  -3.8050698e-05  1.6460392e-05  0.00020400486  1.6384343e-05  -0.00029019510  3.3724271e-05  4.0529381e-05  0.0000000   -8.2839524e-05  -0.00017206807  -0.00085986631  0.00018186653  -3.8363982e-05  0.00023120782  2.8209405e-06  0.00014127896  0.00024622996  
0.00015216472  -0.00017473305  9.2652431e-05  5.2163790e-05  0.00013556156  -0.00025353732  3.3400283e-05  -3.3618747e-05  -1.7678428e-05  1.2374243e-05  0.00031516216  6.1095926e-05  0.00010611035  0.00028283257  3.9276059e-05  0.00015416225  7.1246109e-05  2.2080165e-05  -6.7545737e-05  0.00041924978  -0.0016133421  8.2839524e-05  0.0000000   -9.5718367e-05  0.00015701371  0.00023498075  3.9131682e-05  7.1462754e-05  -0.00019943768  -2.9080709e-05  -3.1403218e-06  0.00015216472  -0.00017473305  9.2652431e-05  5.2163790e-05  0.00013556156  -0.00025353732  3.3400283e-05  -3.3618747e-05  -1.7678428e-05  1.2374243e-05  0.00031516216  6.1095926e-05  0.00010611035  0.00028283257  3.9276059e-05  0.00015416225  7.1246109e-05  2.2080165e-05  -6.7545737e-05  0.00041924978  -0.0016133421  8.2839524e-05  0.0000000   -9.5718367e-05  0.00015701371  0.00023498075  3.9131682e-05  7.1462754e-05  -0.00019943768  -2.9080709e-05  -3.1403218e-06  
-2.4401021e-05  2.0373185e-05  8.5899196e-05  -0.00017479636  -3.1967037e-05  5.9847522e-05  0.00026763901  -0.00010548529  -1.8460117e-05  4.7942285e-05  -9.1653340e-05  0.00049689627  1.3542797e-05  -8.5704258e-06  -2.8644614e-05  1.4789262e-05  0.00063436366  5.1123561e-05  -0.00056508576  -1.6114493e-05  0.00018516904  0.00017206807  9.5718367e-05  0.0000000   0.0018559103  0.00089615168  0.00069129517  -1.3841980e-06  9.8137559e-06  -0.00024000688  -0.00027275149  -2.4401021e-05  2.0373185e-05  8.5899196e-05  -0.00017479636  -3.1967037e-05  5.9847522e-05  0.00026763901  -0.00010548529  -1.8460117e-05  4.7942285e-05  -9.1653340e-05  0.00049689627  1.3542797e-05  -8.5704258e-06  -2.8644614e-05  1.4789262e-05  0.00063436366  5.1123561e-05  -0.00056508576  -1.6114493e-05  0.00018516904  0.00017206807  9.5718367e-05  0.0000000   0.0018559103  0.00089615168  0.00069129517  -1.3841980e-06  9.8137559e-06  -0.00024000688  -0.00027275149  
-8.8256889e-07  4.1398953e-06  -5.9083030e-05  9.0049922e-05  -4.6703267e-06  1.0986857e-05  -0.00013488713  -0.00010343395  8.3026294e-06  -0.00011198783  -9.1030090e-06  -0.00033981571  -1.3785874e-05  -6.2998105e-05  -3.1905701e-05  1.7160379e-06  -0.00027820121  -1.5650803e-05  -0.00026688925  1.3526221e-05  1.7488737e-05  0.00085986631  -0.00015701371  -0.0018559103  0.0000000   0.0026642355  -0.0018013079  0.00041205277  3.5040889e-05  -8.2784908e-05  -0.00011359351  -8.8256889e-07  4.1398953e-06  -5.9083030e-05  9.0049922e-05  -4.6703267e-06  1.0986857e-05  -0.00013488713  -0.00010343395  8.3026294e-06  -0.00011198783  -9.1030090e-06  -0.00033981571  -1.3785874e-05  -6.2998105e-05  -3.1905701e-05  1.7160379e-06  -0.00027820121  -1.5650803e-05  -0.00026688925  1.3526221e-05  1.7488737e-05  0.00085986631  -0.00015701371  -0.0018559103  0.0000000   0.0026642355  -0.0018013079  0.00041205277  3.5040889e-05  -8.2784908e-05  -0.00011359351  
-9.0838123e-06  -7.0211705e-06  5.7899253e-05  -9.1736895e-05  5.1494914e-06  -2.6812127e-05  -3.6725422e-05  0.00010158127  8.6119812e-07  0.00017179959  -1.2841647e-05  0.00011674550  -7.6443524e-06  2.9924367e-05  -4.7795487e-06  3.4269600e-05  0.00033660517  7.0958450e-05  -0.00028195439  -7.8420247e-06  4.4371344e-05  -0.00018186653  -0.00023498075  -0.00089615168  -0.0026642355  0.0000000   0.00096620335  -0.00028043809  -6.2560895e-05  -0.00050003834  -0.00012097094  -9.0838123e-06  -7.0211705e-06  5.7899253e-05  -9.1736895e-05  5.1494914e-06  -2.6812127e-05  -3.6725422e-05  0.00010158127  8.6119812e-07  0.00017179959  -1.2841647e-05  0.00011674550  -7.6443524e-06  2.9924367e-05  -4.7795487e-06  3.4269600e-05  0.00033660517  7.0958450e-05  -0.00028195439  -7.8420247e-06  4.4371344e-05  -0.00018186653  -0.00023498075  -0.00089615168  -0.0026642355  0.0000000   0.00096620335  -0.00028043809  -6.2560895e-05  -0.00050003834  -0.00012097094  
4.7106572e-06  2.7283977e-07  4.0611390e-06  1.8806195e-06  -1.1645994e-05  1.8125268e-05  0.00030881403  -8.5337689e-05  -9.6408069e-06  -6.1199885e-05  -2.0580091e-05  0.00011888594  2.2173772e-05  -5.6344734e-06  -2.5490241e-05  9.2203316e-05  0.00026293916  4.2583233e-05  -0.00033322214  5.5923400e-05  -2.3040091e-05  3.8363982e-05  -3.9131682e-05  -0.00069129517  0.0018013079  -0.00096620335  0.0000000   -0.00087635093  2.4757742e-05  0.00012404993  7.4008426e-05  4.7106572e-06  2.7283977e-07  4.0611390e-06  1.8806195e-06  -1.1645994e-05  1.8125268e-05  0.00030881403  -8.5337689e-05  -9.6408069e-06  -6.1199885e-05  -2.0580091e-05  0.00011888594  2.2173772e-05  -5.6344734e-06  -2.5490241e-05  9.2203316e-05  0.00026293916  4.2583233e-05  -0.00033322214  5.5923400e-05  -2.3040091e-05  3.8363982e-05  -3.9131682e-05  -0.00069129517  0.0018013079  -0.00096620335  0.0000000   -0.00087635093  2.4757742e-05  0.00012404993  7.4008426e-05  
-8.8111958e-06  2.6302917e-05  -2.7121018e-05  4.1387676e-05  -1.8275085e-05  1.2467137e-06  -4.9457103e-05  -0.00014035077  -9.2877065e-07  1.7590904e-05  -5.7406356e-06  0.00018092178  5.7929925e-06  -1.3789613e-06  1.3465403e-06  2.5703186e-05  4.6756316e-05  1.9331718e-05  -0.00030629154  1.4449373e-05  1.3121394e-06  -0.00023120782  -7.1462754e-05  1.3841980e-06  -0.00041205277  0.00028043809  0.00087635093  0.0000000   -0.00022264522  -0.0017832691  -0.00083966539  -8.8111958e-06  2.6302917e-05  -2.7121018e-05  4.1387676e-05  -1.8275085e-05  1.2467137e-06  -4.9457103e-05  -0.00014035077  -9.2877065e-07  1.7590904e-05  -5.7406356e-06  0.00018092178  5.7929925e-06  -1.3789613e-06  1.3465403e-06  2.5703186e-05  4.6756316e-05  1.9331718e-05  -0.00030629154  1.4449373e-05  1.3121394e-06  -0.00023120782  -7.1462754e-05  1.3841980e-06  -0.00041205277  0.00028043809  0.00087635093  0.0000000   -0.00022264522  -0.0017832691  -0.00083966539  
7.1903288e-05  -2.5493066e-05  4.9971925e-05  4.4300341e-05  -0.00011543440  -5.2793578e-05  -2.2906804e-05  1.7606938e-05  2.1773311e-05  -5.3470496e-06  2.5589826e-05  3.1228671e-05  6.3876080e-05  -0.00024942001  -8.2419696e-06  -0.00033216408  7.6684249e-06  0.00024285622  -1.1335816e-05  -0.00012601662  -0.00028355824  -2.8209405e-06  0.00019943768  -9.8137559e-06  -3.5040889e-05  6.2560895e-05  -2.4757742e-05  0.00022264522  0.0000000   3.6701820e-05  8.9657827e-05  7.1903288e-05  -2.5493066e-05  4.9971925e-05  4.4300341e-05  -0.00011543440  -5.2793578e-05  -2.2906804e-05  1.7606938e-05  2.1773311e-05  -5.3470496e-06  2.5589826e-05  3.1228671e-05  6.3876080e-05  -0.00024942001  -8.2419696e-06  -0.00033216408  7.6684249e-06  0.00024285622  -1.1335816e-05  -0.00012601662  -0.00028355824  -2.8209405e-06  0.00019943768  -9.8137559e-06  -3.5040889e-05  6.2560895e-05  -2.4757742e-05  0.00022264522  0.0000000   3.6701820e-05  8.9657827e-05  
-3.0106027e-05  6.9613492e-06  -7.0556383e-05  8.5039430e-05  2.0111910e-05  -5.3213562e-06  -0.00018139641  7.0574404e-05  8.2882280e-06  -6.0891001e-05  -2.3829477e-05  0.00021159663  -5.5172681e-06  4.8201986e-05  1.0570662e-05  3.5090264e-05  0.00011590210  -2.4869892e-05  -0.00023764231  1.5151049e-05  3.2862031e-05  -0.00014127896  2.9080709e-05  0.00024000688  8.2784908e-05  0.00050003834  -0.00012404993  0.0017832691  -3.6701820e-05  0.0000000   0.00056989233  -3.0106027e-05  6.9613492e-06  -7.0556383e-05  8.5039430e-05  2.0111910e-05  -5.3213562e-06  -0.00018139641  7.0574404e-05  8.2882280e-06  -6.0891001e-05  -2.3829477e-05  0.00021159663  -5.5172681e-06  4.8201986e-05  1.0570662e-05  3.5090264e-05  0.00011590210  -2.4869892e-05  -0.00023764231  1.5151049e-05  3.2862031e-05  -0.00014127896  2.9080709e-05  0.00024000688  8.2784908e-05  0.00050003834  -0.00012404993  0.0017832691  -3.6701820e-05  0.0000000   0.00056989233  
-5.6570652e-06  -1.0881795e-06  -3.8675066e-05  5.3607712e-05  -1.9542351e-05  -2.8452988e-06  5.6179675e-06  -1.0764892e-05  1.0197222e-05  -2.0674169e-05  -2.8771079e-06  -8.9526483e-05  2.0549181e-05  -3.2140448e-06  5.7934862e-08  5.0750080e-06  0.00018345631  2.5703516e-05  -0.00021284580  -2.2780205e-06  -8.2406726e-06  -0.00024622996  3.1403218e-06  0.00027275149  0.00011359351  0.00012097094  -7.4008426e-05  0.00083966539  -8.9657827e-05  -0.00056989233  0.0000000   -5.6570652e-06  -1.0881795e-06  -3.8675066e-05  5.3607712e-05  -1.9542351e-05  -2.8452988e-06  5.6179675e-06  -1.0764892e-05  1.0197222e-05  -2.0674169e-05  -2.8771079e-06  -8.9526483e-05  2.0549181e-05  -3.2140448e-06  5.7934862e-08  5.0750080e-06  0.00018345631  2.5703516e-05  -0.00021284580  -2.2780205e-06  -8.2406726e-06  -0.00024622996  3.1403218e-06  0.00027275149  0.00011359351  0.00012097094  -7.4008426e-05  0.00083966539  -8.9657827e-05  -0.00056989233  0.0000000   
0.0000000   0.0021381026  0.00055986742  0.00022028302  -0.00036989642  -0.00030373274  3.2491161e-05  7.2035284e-05  0.00037089494  -6.8646409e-06  3.0648849e-05  1.3224125e-06  -0.00014891829  -0.00016733458  -5.0322182e-06  1.6815861e-06  -3.1601075e-05  0.00013097301  -2.3116276e-05  -5.4914875e-05  3.6617787e-06  7.2750304e-06  -0.00015216472  2.4401021e-05  8.8256889e-07  9.0838123e-06  -4.7106572e-06  8.8111958e-06  -7.1903288e-05  3.0106027e-05  5.6570652e-06  0.0000000   0.0021381026  0.00055986742  0.00022028302  -0.00036989642  -0.00030373274  3.2491161e-05  7.2035284e-05  0.00037089494  -6.8646409e-06  3.0648849e-05  1.3224125e-06  -0.00014891829  -0.00016733458  -5.0322182e-06  1.6815861e-06  -3.1601075e-05  0.00013097301  -2.3116276e-05  -5.4914875e-05  3.6617787e-06  7.2750304e-06  -0.00015216472  2.4401021e-05  8.8256889e-07  9.0838123e-06  -4.7106572e-06  8.8111958e-06  -7.1903288e-05  3.0106027e-05  5.6570652e-06  
-0.0021381026  0.0000000   -0.00084586148  -0.00051267563  0.0010054938  -0.00049369487  0.00012409131  -7.7118500e-05  0.00040257993  1.7000914e-05  9.3289138e-05  2.7769962e-05  0.00020682228  -8.9640640e-05  7.3961159e-05  -0.00013007069  -2.1287499e-06  9.8308583e-05  9.2223084e-06  -8.2594593e-05  -6.9568184e-05  9.6846959e-06  0.00017473305  -2.0373185e-05  -4.1398953e-06  7.0211705e-06  -2.7283977e-07  -2.6302917e-05  2.5493066e-05  -6.9613492e-06  1.0881795e-06  -0.0021381026  0.0000000   -0.00084586148  -0.00051267563  0.0010054938  -0.00049369487  0.00012409131  -7.7118500e-05  0.00040257993  1.7000914e-05  9.3289138e-05  2.7769962e-05  0.00020682228  -8.9640640e-05  7.3961159e-05  -0.00013007069  -2.1287499e-06  9.8308583e-05  9.2223084e-06  -8.2594593e-05  -6.9568184e-05  9.6846959e-06  0.00017473305  -2.0373185e-05  -4.1398953e-06  7.0211705e-06  -2.7283977e-07  -2.6302917e-05  2.5493066e-05  -6.9613492e-06  1.0881795e-06  
-0.00055986742  0.00084586148  0.0000000   -9.3215157e-05  -0.00040148517  -0.0011484895  -0.00037285641  0.00056953963  0.00022503429  -3.2496425e-05  0.00034907997  3.8517358e-05  0.00015930285  -0.00016568150  -9.3312738e-05  -0.00033938662  -7.0636340e-05  9.7529442e-05  -7.8550605e-05  -8.7514012e-05  -0.00027065506  -3.2495107e-06  -9.2652431e-05  -8.5899196e-05  5.9083030e-05  -5.7899253e-05  -4.0611390e-06  2.7121018e-05  -4.9971925e-05  7.0556383e-05  3.8675066e-05  -0.00055986742  0.00084586148  0.0000000   -9.3215157e-05  -0.00040148517  -0.0011484895  -0.00037285641  0.00056953963  0.00022503429  -3.2496425e-05  0.00034907997  3.8517358e-05  0.00015930285  -0.00016568150  -9.3312738e-05  -0.00033938662  -7.0636340e-05  9.7529442e-05  -7.8550605e-05  -8.7514012e-05  -0.00027065506  -3.2495107e-06  -9.2652431e-05  -8.5899196e-05  5.9083030e-05  -5.7899253e-05  -4.0611390e-06  2.7121018e-05  -4.9971925e-05  7.0556383e-05  3.8675066e-05  
-0.00022028302  0.00051267563  9.3215157e-05  0.0000000   -0.00032971957  -0.00047915843  0.00082632928  -0.0010381095  0.00010626550  1.3675560e-05  0.00018891736  -6.9897503e-05  6.2114451e-05  -7.4453479e-05  -2.1357247e-05  -0.00022327511  9.5897905e-05  5.2166245e-05  0.00014052214  -5.0172203e-05  -0.00015482096  2.5622170e-05  -5.2163790e-05  0.00017479636  -9.0049922e-05  9.1736895e-05  -1.8806195e-06  -4.1387676e-05  -4.4300341e-05  -8.5039430e-05  -5.3607712e-05  -0.00022028302  0.00051267563  9.3215157e-05  0.0000000   -0.00032971957  -0.00047915843  0.00082632928  -0.0010381095  0.00010626550  1.3675560e-05  0.00018891736  -6.9897503e-05  6.2114451e-05  -7.4453479e-05  -2.1357247e-05  -0.00022327511  9.5897905e-05  5.2166245e-05  0.00014052214  -5.0172203e-05  -0.00015482096  2.5622170e-05  -5.2163790e-05  0.00017479636  -9.0049922e-05  9.1736895e-05  -1.8806195e-06  -4.1387676e-05  -4.4300341e-05  -8.5039430e-05  -5.3607712e-05  
0.00036989642  -0.0010054938  0.00040148517  0.00032971957  0.0000000   0.00051664114  -6.0357809e-05  1.9829338e-05  -0.00022160380  -1.3118346e-05  5.5244846e-05  2.3945803e-05  0.00026854995  -0.00010146722  4.4910801e-05  5.2291556e-05  -4.4718924e-06  0.00010453207  -2.8637318e-05  -0.00014574771  0.00013684194  -3.4993176e-06  -0.00013556156  3.1967037e-05  4.6703267e-06  -5.1494914e-06  1.1645994e-05  1.8275085e-05  0.00011543440  -2.0111910e-05  1.9542351e-05  0.00036989642  -0.0010054938  0.00040148517  0.00032971957  0.0000000   0.00051664114  -6.0357809e-05  1.9829338e-05  -0.00022160380  -1.3118346e-05  5.5244846e-05  2.3945803e-05  0.00026854995  -0.00010146722  4.4910801e-05  5.2291556e-05  -4.4718924e-06  0.00010453207  -2.8637318e-05  -0.00014574771  0.00013684194  -3.4993176e-06  -0.00013556156  3.1967037e-05  4.6703267e-06  -5.1494914e-06  1.1645994e-05  1.8275085e-05  0.00011543440  -2.0111910e-05  1.9542351e-05  
0.00030373274  0.00049369487  0.0011484895  0.00047915843  -0.00051664114  0.0000000   -8.8747210e-06  4.2893426e-05  -0.0012427644  3.6540265e-05  0.00078465711  5.5114061e-05  -0.00013039747  -0.00010503823  -0.00012426960  -0.00026799533  1.3225395e-05  -8.3966595e-05  -3.6274584e-05  0.00010778670  0.00016448686  -8.1205195e-06  0.00025353732  -5.9847522e-05  -1.0986857e-05  2.6812127e-05  -1.8125268e-05  -1.2467137e-06  5.2793578e-05  5.3213562e-06  2.8452988e-06  0.00030373274  0.00049369487  0.0011484895  0.00047915843  -0.00051664114  0.0000000   -8.8747210e-06  4.2893426e-05  -0.0012427644  3.6540265e-05  0.00078465711  5.5114061e-05  -0.00013039747  -0.00010503823  -0.00012426960  -0.00026799533  1.3225395e-05  -8.3966595e-05  -3.6274584e-05  0.00010778670  0.00016448686  -8.1205195e-06  0.00025353732  -5.9847522e-05  -1.0986857e-05  2.6812127e-05  -1.8125268e-05  -1.2467137e-06  5.2793578e-05  5.3213562e-06  2.8452988e-06  
-3.2491161e-05  -0.00012409131  0.00037285641  -0.00082632928  6.0357809e-05  8.8747210e-06  0.0000000   0.00059894061  9.5987183e-05  0.00046293672  -0.00010738408  0.00025892511  4.5020734e-05  6.6590127e-05  -4.2150001e-06  0.00010278324  9.2648763e-05  1.1109462e-05  -1.9470896e-05  -1.4404448e-07  8.8193829e-06  -0.00014732916  -3.3400283e-05  -0.00026763901  0.00013488713  3.6725422e-05  -0.00030881403  4.9457103e-05  2.2906804e-05  0.00018139641  -5.6179675e-06  -3.2491161e-05  -0.00012409131  0.00037285641  -0.00082632928  6.0357809e-05  8.8747210e-06  0.0000000   0.00059894061  9.5987183e-05  0.00046293672  -0.00010738408  0.00025892511  4.5020734e-05  6.6590127e-05  -4.2150001e-06  0.00010278324  9.2648763e-05  1.1109462e-05  -1.9470896e-05  -1.4404448e-07  8.8193829e-06  -0.00014732916  -3.3400283e-05  -0.00026763901  0.00013488713  3.6725422e-05  -0.00030881403  4.9457103e-05  2.2906804e-05  0.00018139641  -5.6179675e-06  
-7.2035284e-05  7.7118500e-05  -0.00056953963  0.0010381095  -1.9829338e-05  -4.2893426e-05  -0.00059894061  0.0000000   -2.7719179e-05  0.00012219488  6.5971211e-05  -0.00055295309  2.8444767e-05  -2.7681323e-05  -1.0909683e-05  -3.2422793e-05  0.00011150538  1.1668656e-05  4.3066367e-05  4.4210781e-06  2.1014135e-05  -7.9821070e-05  3.3618747e-05  0.00010548529  0.00010343395  -0.00010158127  8.5337689e-05  0.00014035077  -1.7606938e-05  -7.0574404e-05  1.0764892e-05  -7.2035284e-05  7.7118500e-05  -0.00056953963  0.0010381095  -1.9829338e-05  -4.2893426e-05  -0.00059894061  0.0000000   -2.7719179e-05  0.00012219488  6.5971211e-05  -0.00055295309  2.8444767e-05  -2.7681323e-05  -1.0909683e-05  -3.2422793e-05  0.00011150538  1.1668656e-05  4.3066367e-05  4.4210781e-06  2.1014135e-05  -7.9821070e-05  3.3618747e-05  0.00010548529  0.00010343395  -0.00010158127  8.5337689e-05  0.00014035077  -1.7606938e-05  -7.0574404e-05  1.0764892e-05  
-0.00037089494  -0.00040257993  -0.00022503429  -0.00010626550  0.00022160380  0.0012427644  -9.5987183e-05  2.7719179e-05  0.0000000   -3.9691853e-05  -0.00011856302  -4.8737945e-05  -0.00047390523  0.00017868987  0.00011795777  0.00020740132  2.7708710e-05  -0.00035274003  -1.8862958e-05  2.7516494e-05  0.00032649690  -1.5322078e-05  1.7678428e-05  1.8460117e-05  -8.3026294e-06  -8.6119812e-07  9.6408069e-06  9.2877065e-07  -2.1773311e-05  -8.2882280e-06  -1.0197222e-05  -0.00037089494  -0.00040257993  -0.00022503429  -0.00010626550  0.00022160380  0.0012427644  -9.5987183e-05  2.7719179e-05  0.0000000   -3.9691853e-05  -0.00011856302  -4.8737945e-05  -0.00047390523  0.00017868987  0.00011795777  0.00020740132  2.7708710e-05  -0.00035274003  -1.8862958e-05  2.7516494e-05  0.00032649690  -1.5322078e-05  1.7678428e-05  1.8460117e-05  -8.3026294e-06  -8.6119812e-07  9.6408069e-06  9.2877065e-07  -2.1773311e-05  -8.2882280e-06  -1.0197222e-05  
6.8646409e-06  -1.7000914e-05  3.2496425e-05  -1.3675560e-05  1.3118346e-05  -3.6540265e-05  -0.00046293672  -0.00012219488  3.9691853e-05  0.0000000   3.3783985e-05  -0.0015389437  0.00012397684  -2.6915637e-05  -4.4060907e-06  0.00014832680  -6.1944976e-05  1.1685583e-05  -0.00011779810  2.3065002e-05  5.0630082e-06  -6.6155159e-06  -1.2374243e-05  -4.7942285e-05  0.00011198783  -0.00017179959  6.1199885e-05  -1.7590904e-05  5.3470496e-06  6.0891001e-05  2.0674169e-05  6.8646409e-06  -1.7000914e-05  3.2496425e-05  -1.3675560e-05  1.3118346e-05  -3.6540265e-05  -0.00046293672  -0.00012219488  3.9691853e-05  0.0000000   3.3783985e-05  -0.0015389437  0.00012397684  -2.6915637e-05  -4.4060907e-06  0.00014832680  -6.1944976e-05  1.1685583e-05  -0.00011779810  2.3065002e-05  5.0630082e-06  -6.6155159e-06  -1.2374243e-05  -4.7942285e-05  0.00011198783  -0.00017179959  6.1199885e-05  -1.7590904e-05  5.3470496e-06  6.0891001e-05  2.0674169e-05  
