0.0000000   0.0049135802  -0.0025279166  -0.00042380508  -0.00013683418  -0.0010000623  -0.00027288458  8.0035017e-05  2.3559162e-05  -0.00021611474  -0.00045337144  -5.5809909e-06  -3.0585474e-05  -6.1244336e-05  4.7873102e-06  -9.6501814e-06  -4.5091028e-06  0.00012602208  9.9472249e-05  -1.3917076e-05  -1.7488668e-05  -3.6976885e-05  -1.0674212e-05  -0.00010094309  3.1973218e-05  -1.1982530e-05  -1.6826155e-06  -9.1710234e-05  -2.3259899e-05  6.2327741e-05  1.0358189e-05  0.0000000   0.0049135802  -0.0025279166  -0.00042380508  -0.00013683418  -0.0010000623  -0.00027288458  8.0035017e-05  2.3559162e-05  -0.00021611474  -0.00045337144  -5.5809909e-06  -3.0585474e-05  -6.1244336e-05  4.7873102e-06  -9.6501814e-06  -4.5091028e-06  0.00012602208  9.9472249e-05  -1.3917076e-05  -1.7488668e-05  -3.6976885e-05  -1.0674212e-05  -0.00010094309  3.1973218e-05  -1.1982530e-05  -1.6826155e-06  -9.1710234e-05  -2.3259899e-05  6.2327741e-05  1.0358189e-05  
-0.0049135802  0.0000000   0.00081450278  -0.00012270269  -0.0010614291  -0.0014515588  -0.00050089900  -2.4506610e-05  -7.6395554e-05  0.00035200737  -0.00011142192  -4.9198859e-05  -0.00033268285  -0.00023476477  -3.9127694e-05  -4.5487213e-05  3.5577979e-05  -2.0750305e-05  -2.9771385e-06  -1.0380728e-06  0.00017486471  -5.1444588e-05  -8.9334819e-05  2.5469886e-05  7.2820558e-05  -0.00014698421  -2.9244733e-05  9.7779224e-05  4.5535777e-06  -3.4228334e-05  4.6840813e-06  -0.0049135802  0.0000000   0.00081450278  -0.00012270269  -0.0010614291  -0.0014515588  -0.00050089900  -2.4506610e-05  -7.6395554e-05  0.00035200737  -0.00011142192  -4.9198859e-05  -0.00033268285  -0.00023476477  -3.9127694e-05  -4.5487213e-05  3.5577979e-05  -2.0750305e-05  -2.9771385e-06  -1.0380728e-06  0.00017486471  -5.1444588e-05  -8.9334819e-05  2.5469886e-05  7.2820558e-05  -0.00014698421  -2.9244733e-05  9.7779224e-05  4.5535777e-06  -3.4228334e-05  4.6840813e-06  
0.0025279166  -0.00081450278  0.0000000   4.5985474e-05  0.0014758329  -0.0012867271  -0.00010309584  0.00015105128  -7.4874633e-05  -0.00033437839  0.00010061682  -2.8327375e-05  -0.00024163278  0.00030303186  -5.6395482e-05  -5.8881029e-05  -2.2466020e-05  -9.7125089e-05  -3.4471974e-05  -3.0143483e-05  -2.3740209e-05  -8.1315365e-06  -5.8916385e-06  0.00012384246  1.1864902e-05  -0.00011126307  -2.7978805e-05  -2.8699767e-05  1.1603528e-05  -6.0532987e-05  4.7214041e-07  0.0025279166  -0.00081450278  0.0000000   4.5985474e-05  0.0014758329  -0.0012867271  -0.00010309584  0.00015105128  -7.4874633e-05  -0.00033437839  0.00010061682  -2.8327375e-05  -0.00024163278  0.00030303186  -5.6395482e-05  -5.8881029e-05  -2.2466020e-05  -9.7125089e-05  -3.4471974e-05  -3.0143483e-05  -2.3740209e-05  -8.1315365e-06  -5.8916385e-06  0.00012384246  1.1864902e-05  -0.00011126307  -2.7978805e-05  -2.8699767e-05  1.1603528e-05  -6.0532987e-05  4.7214041e-07  
0.00042380508  0.00012270269  -4.5985474e-05  0.0000000   9.0982531e-05  0.00031996241  -0.0014871807  0.0010804137  -0.00053425767  -5.3123778e-05  1.1241495e-05  -0.00062809628  1.4536098e-05  -1.8988154e-05  -0.00028028202  -0.00060835589  -0.00016532178  -6.3549449e-05  0.00015314104  -0.00021696120  1.2656162e-06  -0.00011579269  4.0757711e-05  -9.2894210e-06  2.4222731e-05  3.9023307e-05  -0.00020708879  4.1285332e-06  -3.1439167e-05  1.0842686e-05  -2.0478531e-05  0.00042380508  0.00012270269  -4.5985474e-05  0.0000000   9.0982531e-05  0.00031996241  -0.0014871807  0.0010804137  -0.00053425767  -5.3123778e-05  1.1241495e-05  -0.00062809628  1.4536098e-05  -1.8988154e-05  -0.00028028202  -0.00060835589  -0.00016532178  -6.3549449e-05  0.00015314104  -0.00021696120  1.2656162e-06  -0.00011579269  4.0757711e-05  -9.2894210e-06  2.4222731e-05  3.9023307e-05  -0.00020708879  4.1285332e-06  -3.1439167e-05  1.0842686e-05  -2.0478531e-05  
0.00013683418  0.0010614291  -0.0014758329  -9.0982531e-05  0.0000000   -0.0013252885  -0.00016577204  -3.3602970e-05  -2.6798440e-05  0.00047313936  0.00025637703  -1.8927114e-05  -0.00011671049  -0.00023615931  -1.4256521e-05  -1.3415398e-05  4.8618767e-05  0.00014625556  7.9377172e-05  -1.0614142e-05  7.4527009e-05  -4.4026612e-05  0.00015224289  6.2422714e-05  4.4268792e-05  -0.00019491832  -8.4586370e-07  -5.6585376e-05  -1.4215723e-05  0.00017353488  4.1321774e-06  0.00013683418  0.0010614291  -0.0014758329  -9.0982531e-05  0.0000000   -0.0013252885  -0.00016577204  -3.3602970e-05  -2.6798440e-05  0.00047313936  0.00025637703  -1.8927114e-05  -0.00011671049  -0.00023615931  -1.4256521e-05  -1.3415398e-05  4.8618767e-05  0.00014625556  7.9377172e-05  -1.0614142e-05  7.4527009e-05  -4.4026612e-05  0.00015224289  6.2422714e-05  4.4268792e-05  -0.00019491832  -8.4586370e-07  -5.6585376e-05  -1.4215723e-05  0.00017353488  4.1321774e-06  
0.0010000623  0.0014515588  0.0012867271  -0.00031996241  0.0013252885  0.0000000   6.5804258e-05  0.00019323939  -4.6546949e-05  0.00058137071  0.00018875770  -6.3990586e-05  7.4842207e-05  -0.00030842650  -1.8917999e-05  -5.2655655e-05  5.7489512e-05  0.00039952855  0.00024441275  -3.3516387e-05  8.7213657e-05  -2.6516522e-05  0.00053975003  -3.6847688e-05  0.00012519339  0.00014438707  -2.7167925e-05  -5.9569697e-06  -1.1929870e-05  -5.0458853e-05  1.5109445e-05  0.0010000623  0.0014515588  0.0012867271  -0.00031996241  0.0013252885  0.0000000   6.5804258e-05  0.00019323939  -4.6546949e-05  0.00058137071  0.00018875770  -6.3990586e-05  7.4842207e-05  -0.00030842650  -1.8917999e-05  -5.2655655e-05  5.7489512e-05  0.00039952855  0.00024441275  -3.3516387e-05  8.7213657e-05  -2.6516522e-05  0.00053975003  -3.6847688e-05  0.00012519339  0.00014438707  -2.7167925e-05  -5.9569697e-06  -1.1929870e-05  -5.0458853e-05  1.5109445e-05  
0.00027288458  0.00050089900  0.00010309584  0.0014871807  0.00016577204  -6.5804258e-05  0.0000000   -0.0024040037  0.00093979618  0.00011739505  -3.8082347e-05  0.00043921414  4.0246661e-06  2.5254884e-05  0.00042359150  0.00036667580  0.00011558032  0.00017689482  -0.00019319547  7.6205750e-05  2.2618317e-05  0.00023331052  4.3285256e-05  2.4130542e-05  -2.5960220e-05  7.5067297e-06  0.00016741257  -1.6487797e-05  0.00012392615  -4.3194650e-06  -2.1348427e-05  0.00027288458  0.00050089900  0.00010309584  0.0014871807  0.00016577204  -6.5804258e-05  0.0000000   -0.0024040037  0.00093979618  0.00011739505  -3.8082347e-05  0.00043921414  4.0246661e-06  2.5254884e-05  0.00042359150  0.00036667580  0.00011558032  0.00017689482  -0.00019319547  7.6205750e-05  2.2618317e-05  0.00023331052  4.3285256e-05  2.4130542e-05  -2.5960220e-05  7.5067297e-06  0.00016741257  -1.6487797e-05  0.00012392615  -4.3194650e-06  -2.1348427e-05  
-8.0035017e-05  2.4506610e-05  -0.00015105128  -0.0010804137  3.3602970e-05  -0.00019323939  0.0024040037  0.0000000   -0.0011567218  0.00010828162  8.6893820e-05  0.00049959864  6.7271793e-05  -3.9836737e-05  0.00012163876  0.00061175186  -0.00016695941  -0.00011575031  0.00025780461  -0.00020662277  -2.1049353e-05  0.00017567483  4.2340027e-05  1.3064966e-05  2.6171369e-05  -4.6165786e-05  0.00016637890  -2.7145081e-05  8.6594411e-05  1.4179300e-05  -5.3809722e-05  -8.0035017e-05  2.4506610e-05  -0.00015105128  -0.0010804137  3.3602970e-05  -0.00019323939  0.0024040037  0.0000000   -0.0011567218  0.00010828162  8.6893820e-05  0.00049959864  6.7271793e-05  -3.9836737e-05  0.00012163876  0.00061175186  -0.00016695941  -0.00011575031  0.00025780461  -0.00020662277  -2.1049353e-05  0.00017567483  4.2340027e-05  1.3064966e-05  2.6171369e-05  -4.6165786e-05  0.00016637890  -2.7145081e-05  8.6594411e-05  1.4179300e-05  -5.3809722e-05  
-2.3559162e-05  7.6395554e-05  7.4874633e-05  0.00053425767  2.6798440e-05  4.6546949e-05  -0.00093979618  0.0011567218  0.0000000   6.3830440e-05  -0.00015943346  0.0012238324  -3.3838998e-05  -1.4836477e-05  0.00027580152  0.00036576288  -0.00035237229  0.00010731496  -0.00010242684  0.00014712696  -1.1431131e-06  0.00032198850  4.4024017e-06  8.7432564e-06  -3.5463364e-06  -2.4092498e-05  9.9012163e-05  -1.6007488e-06  -0.00028108920  -1.2698202e-05  6.0740947e-05  -2.3559162e-05  7.6395554e-05  7.4874633e-05  0.00053425767  2.6798440e-05  4.6546949e-05  -0.00093979618  0.0011567218  0.0000000   6.3830440e-05  -0.00015943346  0.0012238324  -3.3838998e-05  -1.4836477e-05  0.00027580152  0.00036576288  -0.00035237229  0.00010731496  -0.00010242684  0.00014712696  -1.1431131e-06  0.00032198850  4.4024017e-06  8.7432564e-06  -3.5463364e-06  -2.4092498e-05  9.9012163e-05  -1.6007488e-06  -0.00028108920  -1.2698202e-05  6.0740947e-05  
0.00021611474  -0.00035200737  0.00033437839  5.3123778e-05  -0.00047313936  -0.00058137071  -0.00011739505  -0.00010828162  -6.3830440e-05  0.0000000   0.0040828664  -0.00016625541  0.0011053721  -0.00038333440  -0.00019330370  9.2311479e-05  1.3443724e-05  5.8719750e-05  -4.4937866e-06  -1.6649968e-05  0.00028256961  -4.6048086e-06  0.00031823272  -0.00012407771  0.00015189322  0.00029463534  -5.6567955e-06  -6.5729382e-05  4.1428419e-06  -5.1153554e-05  -1.5712547e-05  0.00021611474  -0.00035200737  0.00033437839  5.3123778e-05  -0.00047313936  -0.00058137071  -0.00011739505  -0.00010828162  -6.3830440e-05  0.0000000   0.0040828664  -0.00016625541  0.0011053721  -0.00038333440  -0.00019330370  9.2311479e-05  1.3443724e-05  5.8719750e-05  -4.4937866e-06  -1.6649968e-05  0.00028256961  -4.6048086e-06  0.00031823272  -0.00012407771  0.00015189322  0.00029463534  -5.6567955e-06  -6.5729382e-05  4.1428419e-06  -5.1153554e-05  -1.5712547e-05  
0.00045337144  0.00011142192  -0.00010061682  -1.1241495e-05  -0.00025637703  -0.00018875770  3.8082347e-05  -8.6893820e-05  0.00015943346  -0.0040828664  0.0000000   6.4806241e-06  5.4549275e-05  -0.00041264786  5.7040082e-05  0.00016651591  -0.00019544357  -0.00025104907  -8.3284173e-05  3.9930182e-05  0.00046225074  -4.4589267e-05  -0.00011984847  -0.00021898335  9.2959422e-05  0.00010541222  -1.1925130e-06  0.00012992230  -3.2237819e-06  -0.00015879142  2.6865345e-05  0.00045337144  0.00011142192  -0.00010061682  -1.1241495e-05  -0.00025637703  -0.00018875770  3.8082347e-05  -8.6893820e-05  0.00015943346  -0.0040828664  0.0000000   6.4806241e-06  5.4549275e-05  -0.00041264786  5.7040082e-05  0.00016651591  -0.00019544357  -0.00025104907  -8.3284173e-05  3.9930182e-05  0.00046225074  -4.4589267e-05  -0.00011984847  -0.00021898335  9.2959422e-05  0.00010541222  -1.1925130e-06  0.00012992230  -3.2237819e-06  -0.00015879142  2.6865345e-05  
5.5809909e-06  4.9198859e-05  2.8327375e-05  0.00062809628  1.8927114e-05  6.3990586e-05  -0.00043921414  -0.00049959864  -0.0012238324  0.00016625541  -6.4806241e-06  0.0000000   3.7165674e-05  7.6532462e-05  0.0013531742  0.00062265005  0.00012348658  0.00028143770  -0.00032308699  0.00074712734  -2.4044423e-05  -5.8187889e-05  1.0287416e-05  -1.0879473e-05  9.6040818e-06  1.6512162e-05  -0.00021139721  -4.7945103e-06  -2.3344256e-05  2.5027651e-05  0.00028796685  5.5809909e-06  4.9198859e-05  2.8327375e-05  0.00062809628  1.8927114e-05  6.3990586e-05  -0.00043921414  -0.00049959864  -0.0012238324  0.00016625541  -6.4806241e-06  0.0000000   3.7165674e-05  7.6532462e-05  0.0013531742  0.00062265005  0.00012348658  0.00028143770  -0.00032308699  0.00074712734  -2.4044423e-05  -5.8187889e-05  1.0287416e-05  -1.0879473e-05  9.6040818e-06  1.6512162e-05  -0.00021139721  -4.7945103e-06  -2.3344256e-05  2.5027651e-05  0.00028796685  
3.0585474e-05  0.00033268285  0.00024163278  -1.4536098e-05  0.00011671049  -7.4842207e-05  -4.0246661e-06  -6.7271793e-05  3.3838998e-05  -0.0011053721  -5.4549275e-05  -3.7165674e-05  0.0000000   -0.0015349083  9.2565050e-05  4.6841473e-05  -4.6398730e-05  -0.00043916723  -0.00019660747  3.3996210e-05  1.5968917e-05  -3.7026814e-05  -9.1685482e-05  6.5587442e-05  -0.00032185224  -0.00015310290  7.7798104e-06  0.00031039446  -1.0416882e-07  -8.6657352e-05  -3.5620719e-07  3.0585474e-05  0.00033268285  0.00024163278  -1.4536098e-05  0.00011671049  -7.4842207e-05  -4.0246661e-06  -6.7271793e-05  3.3838998e-05  -0.0011053721  -5.4549275e-05  -3.7165674e-05  0.0000000   -0.0015349083  9.2565050e-05  4.6841473e-05  -4.6398730e-05  -0.00043916723  -0.00019660747  3.3996210e-05  1.5968917e-05  -3.7026814e-05  -9.1685482e-05  6.5587442e-05  -0.00032185224  -0.00015310290  7.7798104e-06  0.00031039446  -1.0416882e-07  -8.6657352e-05  -3.5620719e-07  
6.1244336e-05  0.00023476477  -0.00030303186  1.8988154e-05  0.00023615931  0.00030842650  -2.5254884e-05  3.9836737e-05  1.4836477e-05  0.00038333440  0.00041264786  -7.6532462e-05  0.0015349083  0.0000000   -4.2485256e-05  -8.9603875e-05  1.0311253e-05  -7.3000519e-05  -2.0333068e-05  -2.0486313e-05  -0.00033052513  1.7684741e-05  -0.00015976907  -6.5783357e-05  -0.00011857176  -0.00031520205  -1.1419248e-05  -0.00014240700  8.7839830e-06  -2.4692210e-05  -1.1091104e-05  6.1244336e-05  0.00023476477  -0.00030303186  1.8988154e-05  0.00023615931  0.00030842650  -2.5254884e-05  3.9836737e-05  1.4836477e-05  0.00038333440  0.00041264786  -7.6532462e-05  0.0015349083  0.0000000   -4.2485256e-05  -8.9603875e-05  1.0311253e-05  -7.3000519e-05  -2.0333068e-05  -2.0486313e-05  -0.00033052513  1.7684741e-05  -0.00015976907  -6.5783357e-05  -0.00011857176  -0.00031520205  -1.1419248e-05  -0.00014240700  8.7839830e-06  -2.4692210e-05  -1.1091104e-05  
-4.7873102e-06  3.9127694e-05  5.6395482e-05  0.00028028202  1.4256521e-05  1.8917999e-05  -0.00042359150  -0.00012163876  -0.00027580152  0.00019330370  -5.7040082e-05  -0.0013531742  -9.2565050e-05  4.2485256e-05  0.0000000   0.0012871501  -0.0033735721  -0.00035298655  0.00090542694  4.7790035e-05  -3.7294418e-05  0.00018364937  7.2080240e-05  4.4653993e-05  2.1802366e-05  -2.2039685e-05  0.00019128963  -6.2459645e-05  4.1136309e-05  -3.3626169e-06  -0.00018102444  -4.7873102e-06  3.9127694e-05  5.6395482e-05  0.00028028202  1.4256521e-05  1.8917999e-05  -0.00042359150  -0.00012163876  -0.00027580152  0.00019330370  -5.7040082e-05  -0.0013531742  -9.2565050e-05  4.2485256e-05  0.0000000   0.0012871501  -0.0033735721  -0.00035298655  0.00090542694  4.7790035e-05  -3.7294418e-05  0.00018364937  7.2080240e-05  4.4653993e-05  2.1802366e-05  -2.2039685e-05  0.00019128963  -6.2459645e-05  4.1136309e-05  -3.3626169e-06  -0.00018102444  
9.6501814e-06  4.5487213e-05  5.8881029e-05  0.00060835589  1.3415398e-05  5.2655655e-05  -0.00036667580  -0.00061175186  -0.00036576288  -9.2311479e-05  -0.00016651591  -0.00062265005  -4.6841473e-05  8.9603875e-05  -0.0012871501  0.0000000   0.0022977715  -0.00039665340  0.00066019523  0.00049153019  -5.1751500e-05  -0.00046064575  -6.6287762e-05  -2.2366770e-05  -7.8551975e-05  3.8179722e-05  -0.00012972813  2.4169847e-05  -1.5877727e-05  4.1455157e-07  -5.9489424e-05  9.6501814e-06  4.5487213e-05  5.8881029e-05  0.00060835589  1.3415398e-05  5.2655655e-05  -0.00036667580  -0.00061175186  -0.00036576288  -9.2311479e-05  -0.00016651591  -0.00062265005  -4.6841473e-05  8.9603875e-05  -0.0012871501  0.0000000   0.0022977715  -0.00039665340  0.00066019523  0.00049153019  -5.1751500e-05  -0.00046064575  -6.6287762e-05  -2.2366770e-05  -7.8551975e-05  3.8179722e-05  -0.00012972813  2.4169847e-05  -1.5877727e-05  4.1455157e-07  -5.9489424e-05  
4.5091028e-06  -3.5577979e-05  2.2466020e-05  0.00016532178  -4.8618767e-05  -5.7489512e-05  -0.00011558032  0.00016695941  0.00035237229  -1.3443724e-05  0.00019544357  -0.00012348658  4.6398730e-05  -1.0311253e-05  0.0033735721  -0.0022977715  0.0000000   -0.00069504896  0.0012294729  -3.5956466e-05  -9.6852660e-05  -0.0011826614  2.1878028e-05  -0.00013016757  3.0822159e-05  4.1266218e-05  5.7615377e-05  -2.2745652e-05  -4.3779404e-05  2.4178407e-05  -0.00010324012  4.5091028e-06  -3.5577979e-05  2.2466020e-05  0.00016532178  -4.8618767e-05  -5.7489512e-05  -0.00011558032  0.00016695941  0.00035237229  -1.3443724e-05  0.00019544357  -0.00012348658  4.6398730e-05  -1.0311253e-05  0.0033735721  -0.0022977715  0.0000000   -0.00069504896  0.0012294729  -3.5956466e-05  -9.6852660e-05  -0.0011826614  2.1878028e-05  -0.00013016757  3.0822159e-05  4.1266218e-05  5.7615377e-05  -2.2745652e-05  -4.3779404e-05  2.4178407e-05  -0.00010324012  
-0.00012602208  2.0750305e-05  9.7125089e-05  6.3549449e-05  -0.00014625556  -0.00039952855  -0.00017689482  0.00011575031  -0.00010731496  -5.8719750e-05  0.00025104907  -0.00028143770  0.00043916723  7.3000519e-05  0.00035298655  0.00039665340  0.00069504896  0.0000000   -9.7023535e-05  -0.00025788017  -0.00066332124  -3.4692225e-05  -0.00030585888  6.1983993e-05  -0.00045629007  -0.00014104805  0.00017850898  -9.5307529e-05  2.5577039e-05  0.00021060233  -4.1462206e-05  -0.00012602208  2.0750305e-05  9.7125089e-05  6.3549449e-05  -0.00014625556  -0.00039952855  -0.00017689482  0.00011575031  -0.00010731496  -5.8719750e-05  0.00025104907  -0.00028143770  0.00043916723  7.3000519e-05  0.00035298655  0.00039665340  0.00069504896  0.0000000   -9.7023535e-05  -0.00025788017  -0.00066332124  -3.4692225e-05  -0.00030585888  6.1983993e-05  -0.00045629007  -0.00014104805  0.00017850898  -9.5307529e-05  2.5577039e-05  0.00021060233  -4.1462206e-05  
-9.9472249e-05  2.9771385e-06  3.4471974e-05  -0.00015314104  -7.9377172e-05  -0.00024441275  0.00019319547  -0.00025780461  0.00010242684  4.4937866e-06  8.3284173e-05  0.00032308699  0.00019660747  2.0333068e-05  -0.00090542694  -0.00066019523  -0.0012294729  9.7023535e-05  0.0000000   0.00046936738  -0.00034680579  0.00011874215  -0.00013840337  3.5275596e-05  -0.00024511138  -4.3838072e-05  -0.00027368470  -2.9395422e-05  -9.6042649e-05  0.00010070231  5.3571674e-05  -9.9472249e-05  2.9771385e-06  3.4471974e-05  -0.00015314104  -7.9377172e-05  -0.00024441275  0.00019319547  -0.00025780461  0.00010242684  4.4937866e-06  8.3284173e-05  0.00032308699  0.00019660747  2.0333068e-05  -0.00090542694  -0.00066019523  -0.0012294729  9.7023535e-05  0.0000000   0.00046936738  -0.00034680579  0.00011874215  -0.00013840337  3.5275596e-05  -0.00024511138  -4.3838072e-05  -0.00027368470  -2.9395422e-05  -9.6042649e-05  0.00010070231  5.3571674e-05  
1.3917076e-05  1.0380728e-06  3.0143483e-05  0.00021696120  1.0614142e-05  3.3516387e-05  -7.6205750e-05  0.00020662277  -0.00014712696  1.6649968e-05  -3.9930182e-05  -0.00074712734  -3.3996210e-05  2.0486313e-05  -4.7790035e-05  -0.00049153019  3.5956466e-05  0.00025788017  -0.00046936738  0.0000000   -4.9281080e-05  -0.0011121249  5.0444644e-05  -3.4690821e-06  6.6466735e-05  2.9556251e-05  0.00027311572  1.0041879e-05  -0.00027958125  -3.8997594e-05  -0.00018452900  1.3917076e-05  1.0380728e-06  3.0143483e-05  0.00021696120  1.0614142e-05  3.3516387e-05  -7.6205750e-05  0.00020662277  -0.00014712696  1.6649968e-05  -3.9930182e-05  -0.00074712734  -3.3996210e-05  2.0486313e-05  -4.7790035e-05  -0.00049153019  3.5956466e-05  0.00025788017  -0.00046936738  0.0000000   -4.9281080e-05  -0.0011121249  5.0444644e-05  -3.4690821e-06  6.6466735e-05  2.9556251e-05  0.00027311572  1.0041879e-05  -0.00027958125  -3.8997594e-05  -0.00018452900  
1.7488668e-05  -0.00017486471  2.3740209e-05  -1.2656162e-06  -7.4527009e-05  -8.7213657e-05  -2.2618317e-05  2.1049353e-05  1.1431131e-06  -0.00028256961  -0.00046225074  2.4044423e-05  -1.5968917e-05  0.00033052513  3.7294418e-05  5.1751500e-05  9.6852660e-05  0.00066332124  0.00034680579  4.9281080e-05  0.0000000   -2.2405112e-05  -0.0011940974  0.00034808004  -0.00018817677  4.6971286e-05  6.2527500e-05  0.00023466536  -2.7328439e-05  9.4432801e-05  -5.9985478e-05  1.7488668e-05  -0.00017486471  2.3740209e-05  -1.2656162e-06  -7.4527009e-05  -8.7213657e-05  -2.2618317e-05  2.1049353e-05  1.1431131e-06  -0.00028256961  -0.00046225074  2.4044423e-05  -1.5968917e-05  0.00033052513  3.7294418e-05  5.1751500e-05  9.6852660e-05  0.00066332124  0.00034680579  4.9281080e-05  0.0000000   -2.2405112e-05  -0.0011940974  0.00034808004  -0.00018817677  4.6971286e-05  6.2527500e-05  0.00023466536  -2.7328439e-05  9.4432801e-05  -5.9985478e-05  
3.6976885e-05  5.1444588e-05  8.1315365e-06  0.00011579269  4.4026612e-05  2.6516522e-05  -0.00023331052  -0.00017567483  -0.00032198850  4.6048086e-06  4.4589267e-05  5.8187889e-05  3.7026814e-05  -1.7684741e-05  -0.00018364937  0.00046064575  0.0011826614  3.4692225e-05  -0.00011874215  0.0011121249  2.2405112e-05  0.0000000   7.1319243e-05  -0.00010328170  -4.5267782e-05  1.3685690e-05  0.00035840024  -2.8724446e-05  -0.00028476657  -2.2832940e-05  -0.00021190175  3.6976885e-05  5.1444588e-05  8.1315365e-06  0.00011579269  4.4026612e-05  2.6516522e-05  -0.00023331052  -0.00017567483  -0.00032198850  4.6048086e-06  4.4589267e-05  5.8187889e-05  3.7026814e-05  -1.7684741e-05  -0.00018364937  0.00046064575  0.0011826614  3.4692225e-05  -0.00011874215  0.0011121249  2.2405112e-05  0.0000000   7.1319243e-05  -0.00010328170  -4.5267782e-05  1.3685690e-05  0.00035840024  -2.8724446e-05  -0.00028476657  -2.2832940e-05  -0.00021190175  
1.0674212e-05  8.9334819e-05  5.8916385e-06  -4.0757711e-05  -0.00015224289  -0.00053975003  -4.3285256e-05  -4.2340027e-05  -4.4024017e-06  -0.00031823272  0.00011984847  -1.0287416e-05  9.1685482e-05  0.00015976907  -7.2080240e-05  6.6287762e-05  -2.1878028e-05  0.00030585888  0.00013840337  -5.0444644e-05  0.0011940974  -7.1319243e-05  0.0000000   -0.0037793148  -0.00031094097  0.00095490962  1.2126641e-05  -0.00032834247  -2.2326804e-05  -5.6835920e-06  6.8985395e-06  1.0674212e-05  8.9334819e-05  5.8916385e-06  -4.0757711e-05  -0.00015224289  -0.00053975003  -4.3285256e-05  -4.2340027e-05  -4.4024017e-06  -0.00031823272  0.00011984847  -1.0287416e-05  9.1685482e-05  0.00015976907  -7.2080240e-05  6.6287762e-05  -2.1878028e-05  0.00030585888  0.00013840337  -5.0444644e-05  0.0011940974  -7.1319243e-05  0.0000000   -0.0037793148  -0.00031094097  0.00095490962  1.2126641e-05  -0.00032834247  -2.2326804e-05  -5.6835920e-06  6.8985395e-06  
0.00010094309  -2.5469886e-05  -0.00012384246  9.2894210e-06  -6.2422714e-05  3.6847688e-05  -2.4130542e-05  -1.3064966e-05  -8.7432564e-06  0.00012407771  0.00021898335  1.0879473e-05  -6.5587442e-05  6.5783357e-05  -4.4653993e-05  2.2366770e-05  0.00013016757  -6.1983993e-05  -3.5275596e-05  3.4690821e-06  -0.00034808004  0.00010328170  0.0037793148  0.0000000   0.0013417666  -0.00090293067  -6.2400615e-05  -0.00039848921  2.3755084e-05  9.3243989e-05  -9.0599465e-07  0.00010094309  -2.5469886e-05  -0.00012384246  9.2894210e-06  -6.2422714e-05  3.6847688e-05  -2.4130542e-05  -1.3064966e-05  -8.7432564e-06  0.00012407771  0.00021898335  1.0879473e-05  -6.5587442e-05  6.5783357e-05  -4.4653993e-05  2.2366770e-05  0.00013016757  -6.1983993e-05  -3.5275596e-05  3.4690821e-06  -0.00034808004  0.00010328170  0.0037793148  0.0000000   0.0013417666  -0.00090293067  -6.2400615e-05  -0.00039848921  2.3755084e-05  9.3243989e-05  -9.0599465e-07  
-3.1973218e-05  -7.2820558e-05  -1.1864902e-05  -2.4222731e-05  -4.4268792e-05  -0.00012519339  2.5960220e-05  -2.6171369e-05  3.5463364e-06  -0.00015189322  -9.2959422e-05  -9.6040818e-06  0.00032185224  0.00011857176  -2.1802366e-05  7.8551975e-05  -3.0822159e-05  0.00045629007  0.00024511138  -6.6466735e-05  0.00018817677  4.5267782e-05  0.00031094097  -0.0013417666  0.0000000   0.0034612389  7.4240974e-05  0.00054329405  -7.9692833e-05  -0.00036193622  1.2516080e-05  -3.1973218e-05  -7.2820558e-05  -1.1864902e-05  -2.4222731e-05  -4.4268792e-05  -0.00012519339  2.5960220e-05  -2.6171369e-05  3.5463364e-06  -0.00015189322  -9.2959422e-05  -9.6040818e-06  0.00032185224  0.00011857176  -2.1802366e-05  7.8551975e-05  -3.0822159e-05  0.00045629007  0.00024511138  -6.6466735e-05  0.00018817677  4.5267782e-05  0.00031094097  -0.0013417666  0.0000000   0.0034612389  7.4240974e-05  0.00054329405  -7.9692833e-05  -0.00036193622  1.2516080e-05  
1.1982530e-05  0.00014698421  0.00011126307  -3.9023307e-05  0.00019491832  -0.00014438707  -7.5067297e-06  4.6165786e-05  2.4092498e-05  -0.00029463534  -0.00010541222  -1.6512162e-05  0.00015310290  0.00031520205  2.2039685e-05  -3.8179722e-05  -4.1266218e-05  0.00014104805  4.3838072e-05  -2.9556251e-05  -4.6971286e-05  -1.3685690e-05  -0.00095490962  0.00090293067  -0.0034612389  0.0000000   3.0452041e-05  -0.0013382018  -9.9614122e-06  -0.00032126570  1.3992981e-06  1.1982530e-05  0.00014698421  0.00011126307  -3.9023307e-05  0.00019491832  -0.00014438707  -7.5067297e-06  4.6165786e-05  2.4092498e-05  -0.00029463534  -0.00010541222  -1.6512162e-05  0.00015310290  0.00031520205  2.2039685e-05  -3.8179722e-05  -4.1266218e-05  0.00014104805  4.3838072e-05  -2.9556251e-05  -4.6971286e-05  -1.3685690e-05  -0.00095490962  0.00090293067  -0.0034612389  0.0000000   3.0452041e-05  -0.0013382018  -9.9614122e-06  -0.00032126570  1.3992981e-06  
1.6826155e-06  2.9244733e-05  2.7978805e-05  0.00020708879  8.4586370e-07  2.7167925e-05  -0.00016741257  -0.00016637890  -9.9012163e-05  5.6567955e-06  1.1925130e-06  0.00021139721  -7.7798104e-06  1.1419248e-05  -0.00019128963  0.00012972813  -5.7615377e-05  -0.00017850898  0.00027368470  -0.00027311572  -6.2527500e-05  -0.00035840024  -1.2126641e-05  6.2400615e-05  -7.4240974e-05  -3.0452041e-05  0.0000000   -1.4136796e-05  0.00047517954  3.9540568e-05  0.00086137923  1.6826155e-06  2.9244733e-05  2.7978805e-05  0.00020708879  8.4586370e-07  2.7167925e-05  -0.00016741257  -0.00016637890  -9.9012163e-05  5.6567955e-06  1.1925130e-06  0.00021139721  -7.7798104e-06  1.1419248e-05  -0.00019128963  0.00012972813  -5.7615377e-05  -0.00017850898  0.00027368470  -0.00027311572  -6.2527500e-05  -0.00035840024  -1.2126641e-05  6.2400615e-05  -7.4240974e-05  -3.0452041e-05  0.0000000   -1.4136796e-05  0.00047517954  3.9540568e-05  0.00086137923  
9.1710234e-05  -9.7779224e-05  2.8699767e-05  -4.1285332e-06  5.6585376e-05  5.9569697e-06  1.6487797e-05  2.7145081e-05  1.6007488e-06  6.5729382e-05  -0.00012992230  4.7945103e-06  -0.00031039446  0.00014240700  6.2459645e-05  -2.4169847e-05  2.2745652e-05  9.5307529e-05  2.9395422e-05  -1.0041879e-05  -0.00023466536  2.8724446e-05  0.00032834247  0.00039848921  -0.00054329405  0.0013382018  1.4136796e-05  0.0000000   -4.2231020e-06  -0.00044595909  -6.0958368e-05  9.1710234e-05  -9.7779224e-05  2.8699767e-05  -4.1285332e-06  5.6585376e-05  5.9569697e-06  1.6487797e-05  2.7145081e-05  1.6007488e-06  6.5729382e-05  -0.00012992230  4.7945103e-06  -0.00031039446  0.00014240700  6.2459645e-05  -2.4169847e-05  2.2745652e-05  9.5307529e-05  2.9395422e-05  -1.0041879e-05  -0.00023466536  2.8724446e-05  0.00032834247  0.00039848921  -0.00054329405  0.0013382018  1.4136796e-05  0.0000000   -4.2231020e-06  -0.00044595909  -6.0958368e-05  
2.3259899e-05  -4.5535777e-06  -1.1603528e-05  3.1439167e-05  1.4215723e-05  1.1929870e-05  -0.00012392615  -8.6594411e-05  0.00028108920  -4.1428419e-06  3.2237819e-06  2.3344256e-05  1.0416882e-07  -8.7839830e-06  -4.1136309e-05  1.5877727e-05  4.3779404e-05  -2.5577039e-05  9.6042649e-05  0.00027958125  2.7328439e-05  0.00028476657  2.2326804e-05  -2.3755084e-05  7.9692833e-05  9.9614122e-06  -0.00047517954  4.2231020e-06  0.0000000   -4.1083839e-05  -0.0013548280  2.3259899e-05  -4.5535777e-06  -1.1603528e-05  3.1439167e-05  1.4215723e-05  1.1929870e-05  -0.00012392615  -8.6594411e-05  0.00028108920  -4.1428419e-06  3.2237819e-06  2.3344256e-05  1.0416882e-07  -8.7839830e-06  -4.1136309e-05  1.5877727e-05  4.3779404e-05  -2.5577039e-05  9.6042649e-05  0.00027958125  2.7328439e-05  0.00028476657  2.2326804e-05  -2.3755084e-05  7.9692833e-05  9.9614122e-06  -0.00047517954  4.2231020e-06  0.0000000   -4.1083839e-05  -0.0013548280  
-6.2327741e-05  3.4228334e-05  6.0532987e-05  -1.0842686e-05  -0.00017353488  5.0458853e-05  4.3194650e-06  -1.4179300e-05  1.2698202e-05  5.1153554e-05  0.00015879142  -2.5027651e-05  8.6657352e-05  2.4692210e-05  3.3626169e-06  -4.1455157e-07  -2.4178407e-05  -0.00021060233  -0.00010070231  3.8997594e-05  -9.4432801e-05  2.2832940e-05  5.6835920e-06  -9.3243989e-05  0.00036193622  0.00032126570  -3.9540568e-05  0.00044595909  4.1083839e-05  0.0000000   -0.00021999967  -6.2327741e-05  3.4228334e-05  6.0532987e-05  -1.0842686e-05  -0.00017353488  5.0458853e-05  4.3194650e-06  -1.4179300e-05  1.2698202e-05  5.1153554e-05  0.00015879142  -2.5027651e-05  8.6657352e-05  2.4692210e-05  3.3626169e-06  -4.1455157e-07  -2.4178407e-05  -0.00021060233  -0.00010070231  3.8997594e-05  -9.4432801e-05  2.2832940e-05  5.6835920e-06  -9.3243989e-05  0.00036193622  0.00032126570  -3.9540568e-05  0.00044595909  4.1083839e-05  0.0000000   -0.00021999967  
-1.0358189e-05  -4.6840813e-06  -4.7214041e-07  2.0478531e-05  -4.1321774e-06  -1.5109445e-05  2.1348427e-05  5.3809722e-05  -6.0740947e-05  1.5712547e-05  -2.6865345e-05  -0.00028796685  3.5620719e-07  1.1091104e-05  0.00018102444  5.9489424e-05  0.00010324012  4.1462206e-05  -5.3571674e-05  0.00018452900  5.9985478e-05  0.00021190175  -6.8985395e-06  9.0599465e-07  -1.2516080e-05  -1.3992981e-06  -0.00086137923  6.0958368e-05  0.0013548280  0.00021999967  0.0000000   -1.0358189e-05  -4.6840813e-06  -4.7214041e-07  2.0478531e-05  -4.1321774e-06  -1.5109445e-05  2.1348427e-05  5.3809722e-05  -6.0740947e-05  1.5712547e-05  -2.6865345e-05  -0.00028796685  3.5620719e-07  1.1091104e-05  0.00018102444  5.9489424e-05  0.00010324012  4.1462206e-05  -5.3571674e-05  0.00018452900  5.9985478e-05  0.00021190175  -6.8985395e-06  9.0599465e-07  -1.2516080e-05  -1.3992981e-06  -0.00086137923  6.0958368e-05  0.0013548280  0.00021999967  0.0000000   
0.0000000   0.0049135802  -0.0025279166  -0.00042380508  -0.00013683418  -0.0010000623  -0.00027288458  8.0035017e-05  2.3559162e-05  -0.00021611474  -0.00045337144  -5.5809909e-06  -3.0585474e-05  -6.1244336e-05  4.7873102e-06  -9.6501814e-06  -4.5091028e-06  0.00012602208  9.9472249e-05  -1.3917076e-05  -1.7488668e-05  -3.6976885e-05  -1.0674212e-05  -0.00010094309  3.1973218e-05  -1.1982530e-05  -1.6826155e-06  -9.1710234e-05  -2.3259899e-05  6.2327741e-05  1.0358189e-05  0.0000000   0.0049135802  -0.0025279166  -0.00042380508  -0.00013683418  -0.0010000623  -0.00027288458  8.0035017e-05  2.3559162e-05  -0.00021611474  -0.00045337144  -5.5809909e-06  -3.0585474e-05  -6.1244336e-05  4.7873102e-06  -9.6501814e-06  -4.5091028e-06  0.00012602208  9.9472249e-05  -1.3917076e-05  -1.7488668e-05  -3.6976885e-05  -1.0674212e-05  -0.00010094309  3.1973218e-05  -1.1982530e-05  -1.6826155e-06  -9.1710234e-05  -2.3259899e-05  6.2327741e-05  1.0358189e-05  
-0.0049135802  0.0000000   0.00081450278  -0.00012270269  -0.0010614291  -0.0014515588  -0.00050089900  -2.4506610e-05  -7.6395554e-05  0.00035200737  -0.00011142192  -4.9198859e-05  -0.00033268285  -0.00023476477  -3.9127694e-05  -4.5487213e-05  3.5577979e-05  -2.0750305e-05  -2.9771385e-06  -1.0380728e-06  0.00017486471  -5.1444588e-05  -8.9334819e-05  2.5469886e-05  7.2820558e-05  -0.00014698421  -2.9244733e-05  9.7779224e-05  4.5535777e-06  -3.4228334e-05  4.6840813e-06  -0.0049135802  0.0000000   0.00081450278  -0.00012270269  -0.0010614291  -0.0014515588  -0.00050089900  -2.4506610e-05  -7.6395554e-05  0.00035200737  -0.00011142192  -4.9198859e-05  -0.00033268285  -0.00023476477  -3.9127694e-05  -4.5487213e-05  3.5577979e-05  -2.0750305e-05  -2.9771385e-06  -1.0380728e-06  0.00017486471  -5.1444588e-05  -8.9334819e-05  2.5469886e-05  7.2820558e-05  -0.00014698421  -2.9244733e-05  9.7779224e-05  4.5535777e-06  -3.4228334e-05  4.6840813e-06  
0.0025279166  -0.00081450278  0.0000000   4.5985474e-05  0.0014758329  -0.0012867271  -0.00010309584  0.00015105128  -7.4874633e-05  -0.00033437839  0.00010061682  -2.8327375e-05  -0.00024163278  0.00030303186  -5.6395482e-05  -5.8881029e-05  -2.2466020e-05  -9.7125089e-05  -3.4471974e-05  -3.0143483e-05  -2.3740209e-05  -8.1315365e-06  -5.8916385e-06  0.00012384246  1.1864902e-05  -0.00011126307  -2.7978805e-05  -2.8699767e-05  1.1603528e-05  -6.0532987e-05  4.7214041e-07  0.0025279166  -0.00081450278  0.0000000   4.5985474e-05  0.0014758329  -0.0012867271  -0.00010309584  0.00015105128  -7.4874633e-05  -0.00033437839  0.00010061682  -2.8327375e-05  -0.00024163278  0.00030303186  -5.6395482e-05  -5.8881029e-05  -2.2466020e-05  -9.7125089e-05  -3.4471974e-05  -3.0143483e-05  -2.3740209e-05  -8.1315365e-06  -5.8916385e-06  0.00012384246  1.1864902e-05  -0.00011126307  -2.7978805e-05  -2.8699767e-05  1.1603528e-05  -6.0532987e-05  4.7214041e-07  
0.00042380508  0.00012270269  -4.5985474e-05  0.0000000   9.0982531e-05  0.00031996241  -0.0014871807  0.0010804137  -0.00053425767  -5.3123778e-05  1.1241495e-05  -0.00062809628  1.4536098e-05  -1.8988154e-05  -0.00028028202  -0.00060835589  -0.00016532178  -6.3549449e-05  0.00015314104  -0.00021696120  1.2656162e-06  -0.00011579269  4.0757711e-05  -9.2894210e-06  2.4222731e-05  3.9023307e-05  -0.00020708879  4.1285332e-06  -3.1439167e-05  1.0842686e-05  -2.0478531e-05  0.00042380508  0.00012270269  -4.5985474e-05  0.0000000   9.0982531e-05  0.00031996241  -0.0014871807  0.0010804137  -0.00053425767  -5.3123778e-05  1.1241495e-05  -0.00062809628  1.4536098e-05  -1.8988154e-05  -0.00028028202  -0.00060835589  -0.00016532178  -6.3549449e-05  0.00015314104  -0.00021696120  1.2656162e-06  -0.00011579269  4.0757711e-05  -9.2894210e-06  2.4222731e-05  3.9023307e-05  -0.00020708879  4.1285332e-06  -3.1439167e-05  1.0842686e-05  -2.0478531e-05  
0.00013683418  0.0010614291  -0.0014758329  -9.0982531e-05  0.0000000   -0.0013252885  -0.00016577204  -3.3602970e-05  -2.6798440e-05  0.00047313936  0.00025637703  -1.8927114e-05  -0.00011671049  -0.00023615931  -1.4256521e-05  -1.3415398e-05  4.8618767e-05  0.00014625556  7.9377172e-05  -1.0614142e-05  7.4527009e-05  -4.4026612e-05  0.00015224289  6.2422714e-05  4.4268792e-05  -0.00019491832  -8.4586370e-07  -5.6585376e-05  -1.4215723e-05  0.00017353488  4.1321774e-06  0.00013683418  0.0010614291  -0.0014758329  -9.0982531e-05  0.0000000   -0.0013252885  -0.00016577204  -3.3602970e-05  -2.6798440e-05  0.00047313936  0.00025637703  -1.8927114e-05  -0.00011671049  -0.00023615931  -1.4256521e-05  -1.3415398e-05  4.8618767e-05  0.00014625556  7.9377172e-05  -1.0614142e-05  7.4527009e-05  -4.4026612e-05  0.00015224289  6.2422714e-05  4.4268792e-05  -0.00019491832  -8.4586370e-07  -5.6585376e-05  -1.4215723e-05  0.00017353488  4.1321774e-06  
0.0010000623  0.0014515588  0.0012867271  -0.00031996241  0.0013252885  0.0000000   6.5804258e-05  0.00019323939  -4.6546949e-05  0.00058137071  0.00018875770  -6.3990586e-05  7.4842207e-05  -0.00030842650  -1.8917999e-05  -5.2655655e-05  5.7489512e-05  0.00039952855  0.00024441275  -3.3516387e-05  8.7213657e-05  -2.6516522e-05  0.00053975003  -3.6847688e-05  0.00012519339  0.00014438707  -2.7167925e-05  -5.9569697e-06  -1.1929870e-05  -5.0458853e-05  1.5109445e-05  0.0010000623  0.0014515588  0.0012867271  -0.00031996241  0.0013252885  0.0000000   6.5804258e-05  0.00019323939  -4.6546949e-05  0.00058137071  0.00018875770  -6.3990586e-05  7.4842207e-05  -0.00030842650  -1.8917999e-05  -5.2655655e-05  5.7489512e-05  0.00039952855  0.00024441275  -3.3516387e-05  8.7213657e-05  -2.6516522e-05  0.00053975003  -3.6847688e-05  0.00012519339  0.00014438707  -2.7167925e-05  -5.9569697e-06  -1.1929870e-05  -5.0458853e-05  1.5109445e-05  
0.00027288458  0.00050089900  0.00010309584  0.0014871807  0.00016577204  -6.5804258e-05  0.0000000   -0.0024040037  0.00093979618  0.00011739505  -3.8082347e-05  0.00043921414  4.0246661e-06  2.5254884e-05  0.00042359150  0.00036667580  0.00011558032  0.00017689482  -0.00019319547  7.6205750e-05  2.2618317e-05  0.00023331052  4.3285256e-05  2.4130542e-05  -2.5960220e-05  7.5067297e-06  0.00016741257  -1.6487797e-05  0.00012392615  -4.3194650e-06  -2.1348427e-05  0.00027288458  0.00050089900  0.00010309584  0.0014871807  0.00016577204  -6.5804258e-05  0.0000000   -0.0024040037  0.00093979618  0.00011739505  -3.8082347e-05  0.00043921414  4.0246661e-06  2.5254884e-05  0.00042359150  0.00036667580  0.00011558032  0.00017689482  -0.00019319547  7.6205750e-05  2.2618317e-05  0.00023331052  4.3285256e-05  2.4130542e-05  -2.5960220e-05  7.5067297e-06  0.00016741257  -1.6487797e-05  0.00012392615  -4.3194650e-06  -2.1348427e-05  
-8.0035017e-05  2.4506610e-05  -0.00015105128  -0.0010804137  3.3602970e-05  -0.00019323939  0.0024040037  0.0000000   -0.0011567218  0.00010828162  8.6893820e-05  0.00049959864  6.7271793e-05  -3.9836737e-05  0.00012163876  0.00061175186  -0.00016695941  -0.00011575031  0.00025780461  -0.00020662277  -2.1049353e-05  0.00017567483  4.2340027e-05  1.3064966e-05  2.6171369e-05  -4.6165786e-05  0.00016637890  -2.7145081e-05  8.6594411e-05  1.4179300e-05  -5.3809722e-05  -8.0035017e-05  2.4506610e-05  -0.00015105128  -0.0010804137  3.3602970e-05  -0.00019323939  0.0024040037  0.0000000   -0.0011567218  0.00010828162  8.6893820e-05  0.00049959864  6.7271793e-05  -3.9836737e-05  0.00012163876  0.00061175186  -0.00016695941  -0.00011575031  0.00025780461  -0.00020662277  -2.1049353e-05  0.00017567483  4.2340027e-05  1.3064966e-05  2.6171369e-05  -4.6165786e-05  0.00016637890  -2.7145081e-05  8.6594411e-05  1.4179300e-05  -5.3809722e-05  
-2.3559162e-05  7.6395554e-05  7.4874633e-05  0.00053425767  2.6798440e-05  4.6546949e-05  -0.00093979618  0.0011567218  0.0000000   6.3830440e-05  -0.00015943346  0.0012238324  -3.3838998e-05  -1.4836477e-05  0.00027580152  0.00036576288  -0.00035237229  0.00010731496  -0.00010242684  0.00014712696  -1.1431131e-06  0.00032198850  4.4024017e-06  8.7432564e-06  -3.5463364e-06  -2.4092498e-05  9.9012163e-05  -1.6007488e-06  -0.00028108920  -1.2698202e-05  6.0740947e-05  -2.3559162e-05  7.6395554e-05  7.4874633e-05  0.00053425767  2.6798440e-05  4.6546949e-05  -0.00093979618  0.0011567218  0.0000000   6.3830440e-05  -0.00015943346  0.0012238324  -3.3838998e-05  -1.4836477e-05  0.00027580152  0.00036576288  -0.00035237229  0.00010731496  -0.00010242684  0.00014712696  -1.1431131e-06  0.00032198850  4.4024017e-06  8.7432564e-06  -3.5463364e-06  -2.4092498e-05  9.9012163e-05  -1.6007488e-06  -0.00028108920  -1.2698202e-05  6.0740947e-05  
0.00021611474  -0.00035200737  0.00033437839  5.3123778e-05  -0.00047313936  -0.00058137071  -0.00011739505  -0.00010828162  -6.3830440e-05  0.0000000   0.0040828664  -0.00016625541  0.0011053721  -0.00038333440  -0.00019330370  9.2311479e-05  1.3443724e-05  5.8719750e-05  -4.4937866e-06  -1.6649968e-05  0.00028256961  -4.6048086e-06  0.00031823272  -0.00012407771  0.00015189322  0.00029463534  -5.6567955e-06  -6.5729382e-05  4.1428419e-06  -5.1153554e-05  -1.5712547e-05  0.00021611474  -0.00035200737  0.00033437839  5.3123778e-05  -0.00047313936  -0.00058137071  -0.00011739505  -0.00010828162  -6.3830440e-05  0.0000000   0.0040828664  -0.00016625541  0.0011053721  -0.00038333440  -0.00019330370  9.2311479e-05  1.3443724e-05  5.8719750e-05  -4.4937866e-06  -1.6649968e-05  0.00028256961  -4.6048086e-06  0.00031823272  -0.00012407771  0.00015189322  0.00029463534  -5.6567955e-06  -6.5729382e-05  4.1428419e-06  -5.1153554e-05  -1.5712547e-05  
0.00045337144  0.00011142192  -0.00010061682  -1.1241495e-05  -0.00025637703  -0.00018875770  3.8082347e-05  -8.6893820e-05  0.00015943346  -0.0040828664  0.0000000   6.4806241e-06  5.4549275e-05  -0.00041264786  5.7040082e-05  0.00016651591  -0.00019544357  -0.00025104907  -8.3284173e-05  3.9930182e-05  0.00046225074  -4.4589267e-05  -0.00011984847  -0.00021898335  9.2959422e-05  0.00010541222  -1.1925130e-06  0.00012992230  -3.2237819e-06  -0.00015879142  2.6865345e-05  0.00045337144  0.00011142192  -0.00010061682  -1.1241495e-05  -0.00025637703  -0.00018875770  3.8082347e-05  -8.6893820e-05  0.00015943346  -0.0040828664  0.0000000   6.4806241e-06  5.4549275e-05  -0.00041264786  5.7040082e-05  0.00016651591  -0.00019544357  -0.00025104907  -8.3284173e-05  3.9930182e-05  0.00046225074  -4.4589267e-05  -0.00011984847  -0.00021898335  9.2959422e-05  0.00010541222  -1.1925130e-06  0.00012992230  -3.2237819e-06  -0.00015879142  2.6865345e-05  
