0.0000000   -0.010482907  0.00062407476  6.3724999e-06  -0.00079528393  -0.00014095370  0.00041757296  -3.7554813e-06  -0.00025058633  4.9799279e-06  -0.00028198127  -0.00036656438  0.00011228231  0.00011050250  -3.2284974e-05  -0.00013976473  3.5827234e-05  0.00013601488  1.5543360e-05  1.1522680e-05  -2.3078253e-05  5.6264773e-05  -6.1335196e-06  2.6549423e-05  -3.0983751e-05  -4.7191120e-06  -1.1597040e-05  -5.6695112e-05  9.2356986e-06  4.0956070e-06  -6.4353028e-05  0.0000000   -0.010482907  0.00062407476  6.3724999e-06  -0.00079528393  -0.00014095370  0.00041757296  -3.7554813e-06  -0.00025058633  4.9799279e-06  -0.00028198127  -0.00036656438  0.00011228231  0.00011050250  -3.2284974e-05  -0.00013976473  3.5827234e-05  0.00013601488  1.5543360e-05  1.1522680e-05  -2.3078253e-05  5.6264773e-05  -6.1335196e-06  2.6549423e-05  -3.0983751e-05  -4.7191120e-06  -1.1597040e-05  -5.6695112e-05  9.2356986e-06  4.0956070e-06  -6.4353028e-05  
0.010482907  0.0000000   0.00025878542  0.00064737042  0.00058020304  -0.00027051001  -5.1368306e-05  0.00014871794  7.1935136e-05  8.7125462e-05  0.00020167783  0.00011266353  -7.7060715e-06  -3.4710595e-05  -0.00010218746  -7.4976907e-05  0.00012812035  -1.8598458e-05  4.9901194e-07  1.0497092e-05  4.8147542e-05  5.1581750e-06  -4.8470503e-06  2.5100440e-05  -2.4014705e-06  1.7371865e-05  1.0860589e-06  -4.6066837e-05  -2.2507623e-05  -3.2627551e-05  -1.5069080e-05  0.010482907  0.0000000   0.00025878542  0.00064737042  0.00058020304  -0.00027051001  -5.1368306e-05  0.00014871794  7.1935136e-05  8.7125462e-05  0.00020167783  0.00011266353  -7.7060715e-06  -3.4710595e-05  -0.00010218746  -7.4976907e-05  0.00012812035  -1.8598458e-05  4.9901194e-07  1.0497092e-05  4.8147542e-05  5.1581750e-06  -4.8470503e-06  2.5100440e-05  -2.4014705e-06  1.7371865e-05  1.0860589e-06  -4.6066837e-05  -2.2507623e-05  -3.2627551e-05  -1.5069080e-05  
-0.00062407476  -0.00025878542  0.0000000   0.0092562520  -0.00021368972  8.9063901e-05  -0.0017759281  0.00014474885  -0.00027293249  7.2860004e-05  -0.00051720683  0.00047182302  -0.00015850595  -0.00032762965  -0.00037062487  0.00021543054  0.00014827965  -4.5723365e-05  -2.4788692e-05  6.6283272e-06  0.00016377049  1.2075362e-05  0.00016139270  -3.0037357e-05  9.5914198e-05  4.5626378e-05  3.8445390e-05  -1.7480635e-06  0.00011909396  -1.9014479e-05  -5.2466007e-05  -0.00062407476  -0.00025878542  0.0000000   0.0092562520  -0.00021368972  8.9063901e-05  -0.0017759281  0.00014474885  -0.00027293249  7.2860004e-05  -0.00051720683  0.00047182302  -0.00015850595  -0.00032762965  -0.00037062487  0.00021543054  0.00014827965  -4.5723365e-05  -2.4788692e-05  6.6283272e-06  0.00016377049  1.2075362e-05  0.00016139270  -3.0037357e-05  9.5914198e-05  4.5626378e-05  3.8445390e-05  -1.7480635e-06  0.00011909396  -1.9014479e-05  -5.2466007e-05  
-6.3724999e-06  -0.00064737042  -0.0092562520  0.0000000   0.00034045362  -9.2902408e-05  -0.00017089954  0.00096871430  0.00024368459  0.00077853685  0.00065958655  -0.00017815637  0.00052370200  0.00045631435  0.00042499033  4.0197127e-05  -4.3488425e-05  2.2966572e-05  3.6139109e-05  0.00020122425  -1.8074796e-05  8.8929038e-05  6.3479509e-05  -2.4737594e-05  1.7632096e-05  1.6101818e-05  -4.8418965e-05  7.5475006e-05  -0.00020003293  -2.6915244e-05  5.6053795e-05  -6.3724999e-06  -0.00064737042  -0.0092562520  0.0000000   0.00034045362  -9.2902408e-05  -0.00017089954  0.00096871430  0.00024368459  0.00077853685  0.00065958655  -0.00017815637  0.00052370200  0.00045631435  0.00042499033  4.0197127e-05  -4.3488425e-05  2.2966572e-05  3.6139109e-05  0.00020122425  -1.8074796e-05  8.8929038e-05  6.3479509e-05  -2.4737594e-05  1.7632096e-05  1.6101818e-05  -4.8418965e-05  7.5475006e-05  -0.00020003293  -2.6915244e-05  5.6053795e-05  
0.00079528393  -0.00058020304  0.00021368972  -0.00034045362  0.0000000   0.0022759470  -9.6606081e-05  -4.7159663e-05  -0.00063729212  1.4512974e-05  -8.2394941e-05  -2.6016433e-05  8.0210855e-05  2.6454381e-05  -2.7254383e-05  -8.4988491e-05  -0.00018935982  -0.00019627336  -0.00019061444  3.9109849e-05  4.1871204e-05  3.3123007e-05  -4.1704126e-05  -0.00049379948  9.0720650e-05  -0.00018853895  -1.8739120e-05  6.1021269e-06  -2.7667753e-05  -3.0579223e-05  0.00010084384  0.00079528393  -0.00058020304  0.00021368972  -0.00034045362  0.0000000   0.0022759470  -9.6606081e-05  -4.7159663e-05  -0.00063729212  1.4512974e-05  -8.2394941e-05  -2.6016433e-05  8.0210855e-05  2.6454381e-05  -2.7254383e-05  -8.4988491e-05  -0.00018935982  -0.00019627336  -0.00019061444  3.9109849e-05  4.1871204e-05  3.3123007e-05  -4.1704126e-05  -0.00049379948  9.0720650e-05  -0.00018853895  -1.8739120e-05  6.1021269e-06  -2.7667753e-05  -3.0579223e-05  0.00010084384  
0.00014095370  0.00027051001  -8.9063901e-05  9.2902408e-05  -0.0022759470  0.0000000   5.2385866e-05  -1.0673458e-05  -0.00096125764  8.6224998e-05  -0.00036889120  -0.00012704505  0.00012458954  2.4128951e-05  -6.2057833e-05  -0.00038867757  0.00013236119  1.9626163e-05  0.00021853563  -2.8037503e-05  -2.2182557e-05  4.4989774e-05  -9.1963308e-06  -1.7153625e-05  6.3460471e-07  -0.00036567345  -4.3761600e-05  -0.00010187521  -2.0919346e-05  -5.4159331e-06  3.5494895e-05  0.00014095370  0.00027051001  -8.9063901e-05  9.2902408e-05  -0.0022759470  0.0000000   5.2385866e-05  -1.0673458e-05  -0.00096125764  8.6224998e-05  -0.00036889120  -0.00012704505  0.00012458954  2.4128951e-05  -6.2057833e-05  -0.00038867757  0.00013236119  1.9626163e-05  0.00021853563  -2.8037503e-05  -2.2182557e-05  4.4989774e-05  -9.1963308e-06  -1.7153625e-05  6.3460471e-07  -0.00036567345  -4.3761600e-05  -0.00010187521  -2.0919346e-05  -5.4159331e-06  3.5494895e-05  
-0.00041757296  5.1368306e-05  0.0017759281  0.00017089954  9.6606081e-05  -5.2385866e-05  0.0000000   -0.00027856578  1.0012062e-05  0.00064007383  -0.0011766849  0.0010730088  0.00014997754  -0.00020444096  -4.7624246e-05  0.00012485555  6.7618446e-05  8.2429544e-06  -3.7661764e-05  -0.00022298067  0.00014665543  0.00018059027  -5.6652637e-05  1.2348506e-05  -5.1278896e-05  6.2135200e-05  -7.8474955e-05  6.8256960e-05  -0.00011602339  -0.00011814714  7.9391578e-05  -0.00041757296  5.1368306e-05  0.0017759281  0.00017089954  9.6606081e-05  -5.2385866e-05  0.0000000   -0.00027856578  1.0012062e-05  0.00064007383  -0.0011766849  0.0010730088  0.00014997754  -0.00020444096  -4.7624246e-05  0.00012485555  6.7618446e-05  8.2429544e-06  -3.7661764e-05  -0.00022298067  0.00014665543  0.00018059027  -5.6652637e-05  1.2348506e-05  -5.1278896e-05  6.2135200e-05  -7.8474955e-05  6.8256960e-05  -0.00011602339  -0.00011814714  7.9391578e-05  
3.7554813e-06  -0.00014871794  -0.00014474885  -0.00096871430  4.7159663e-05  1.0673458e-05  0.00027856578  0.0000000   -0.00014429729  -0.0013646539  -0.0030654090  0.0026211307  -0.00060794555  -0.00051539764  0.00031834426  0.00014823453  8.1355770e-05  -4.0465825e-05  -1.2131282e-05  0.00011735321  7.8572200e-05  0.00020694613  -0.00012326410  -3.9421591e-05  -0.00025232921  3.1792228e-05  -7.7148179e-05  -5.7836142e-06  0.00015040675  4.8124288e-05  8.3168315e-05  3.7554813e-06  -0.00014871794  -0.00014474885  -0.00096871430  4.7159663e-05  1.0673458e-05  0.00027856578  0.0000000   -0.00014429729  -0.0013646539  -0.0030654090  0.0026211307  -0.00060794555  -0.00051539764  0.00031834426  0.00014823453  8.1355770e-05  -4.0465825e-05  -1.2131282e-05  0.00011735321  7.8572200e-05  0.00020694613  -0.00012326410  -3.9421591e-05  -0.00025232921  3.1792228e-05  -7.7148179e-05  -5.7836142e-06  0.00015040675  4.8124288e-05  8.3168315e-05  
0.00025058633  -7.1935136e-05  0.00027293249  -0.00024368459  0.00063729212  0.00096125764  -1.0012062e-05  0.00014429729  0.0000000   -6.3450390e-05  0.0016904828  0.0019167010  -0.00034530285  -0.00021101535  3.5002573e-05  0.00029953913  0.00040652669  -5.3144668e-05  -0.00017995861  -2.5686413e-06  5.6302857e-05  -5.3498396e-05  -3.8078426e-06  -0.00014580751  3.2357045e-05  0.00023687538  1.9209615e-05  -6.0535515e-05  9.1983277e-07  5.0578156e-06  2.4723990e-05  0.00025058633  -7.1935136e-05  0.00027293249  -0.00024368459  0.00063729212  0.00096125764  -1.0012062e-05  0.00014429729  0.0000000   -6.3450390e-05  0.0016904828  0.0019167010  -0.00034530285  -0.00021101535  3.5002573e-05  0.00029953913  0.00040652669  -5.3144668e-05  -0.00017995861  -2.5686413e-06  5.6302857e-05  -5.3498396e-05  -3.8078426e-06  -0.00014580751  3.2357045e-05  0.00023687538  1.9209615e-05  -6.0535515e-05  9.1983277e-07  5.0578156e-06  2.4723990e-05  
-4.9799279e-06  -8.7125462e-05  -7.2860004e-05  -0.00077853685  -1.4512974e-05  -8.6224998e-05  -0.00064007383  0.0013646539  6.3450390e-05  0.0000000   2.7588328e-05  -0.00024392659  -0.0017970723  1.5112046e-05  8.7787008e-05  -3.3523224e-05  -3.6446773e-05  3.0911505e-07  3.1951592e-07  0.00013175180  -0.00012311696  -0.00027515953  0.00010521954  5.2504157e-05  0.00022634560  2.5030275e-06  8.2800753e-05  -4.1717569e-05  0.00010056506  -1.3370505e-05  -3.2884155e-05  -4.9799279e-06  -8.7125462e-05  -7.2860004e-05  -0.00077853685  -1.4512974e-05  -8.6224998e-05  -0.00064007383  0.0013646539  6.3450390e-05  0.0000000   2.7588328e-05  -0.00024392659  -0.0017970723  1.5112046e-05  8.7787008e-05  -3.3523224e-05  -3.6446773e-05  3.0911505e-07  3.1951592e-07  0.00013175180  -0.00012311696  -0.00027515953  0.00010521954  5.2504157e-05  0.00022634560  2.5030275e-06  8.2800753e-05  -4.1717569e-05  0.00010056506  -1.3370505e-05  -3.2884155e-05  
0.00028198127  -0.00020167783  0.00051720683  -0.00065958655  8.2394941e-05  0.00036889120  0.0011766849  0.0030654090  -0.0016904828  -2.7588328e-05  0.0000000   -0.00067412894  -0.0041382038  -0.0012314221  -0.00032053333  0.00058093954  0.00058267690  -0.00038900513  -0.00021953563  3.9115504e-05  -0.00013968544  -0.00047942295  8.7433887e-05  -0.00021883943  5.0175978e-05  0.00033737523  6.9795481e-05  6.5987935e-05  0.00034638108  0.00019607456  -0.00010366598  0.00028198127  -0.00020167783  0.00051720683  -0.00065958655  8.2394941e-05  0.00036889120  0.0011766849  0.0030654090  -0.0016904828  -2.7588328e-05  0.0000000   -0.00067412894  -0.0041382038  -0.0012314221  -0.00032053333  0.00058093954  0.00058267690  -0.00038900513  -0.00021953563  3.9115504e-05  -0.00013968544  -0.00047942295  8.7433887e-05  -0.00021883943  5.0175978e-05  0.00033737523  6.9795481e-05  6.5987935e-05  0.00034638108  0.00019607456  -0.00010366598  
0.00036656438  -0.00011266353  -0.00047182302  0.00017815637  2.6016433e-05  0.00012704505  -0.0010730088  -0.0026211307  -0.0019167010  0.00024392659  0.00067412894  0.0000000   0.0041276636  0.0014024314  0.00035933506  0.00050905474  0.00033650559  -0.00021138774  -0.00015172607  1.5509178e-05  0.00017636141  0.00044001026  -9.0955022e-05  -0.00018250311  4.6804092e-05  0.00034619815  2.3480479e-05  0.00026403708  -0.00025310436  -0.00021469733  0.00036617332  0.00036656438  -0.00011266353  -0.00047182302  0.00017815637  2.6016433e-05  0.00012704505  -0.0010730088  -0.0026211307  -0.0019167010  0.00024392659  0.00067412894  0.0000000   0.0041276636  0.0014024314  0.00035933506  0.00050905474  0.00033650559  -0.00021138774  -0.00015172607  1.5509178e-05  0.00017636141  0.00044001026  -9.0955022e-05  -0.00018250311  4.6804092e-05  0.00034619815  2.3480479e-05  0.00026403708  -0.00025310436  -0.00021469733  0.00036617332  
-0.00011228231  7.7060715e-06  0.00015850595  -0.00052370200  -8.0210855e-05  -0.00012458954  -0.00014997754  0.00060794555  0.00034530285  0.0017970723  0.0041382038  -0.0041276636  0.0000000   -0.00017481839  0.00058964884  -0.00043249234  -0.00012197356  -2.1545293e-06  8.4402351e-05  0.00042336842  -0.00023895938  -0.00029360567  -4.3399496e-05  4.6832697e-05  0.00016147832  -9.4283471e-05  0.00015488158  -0.00012900078  0.00014861132  0.00015163262  -0.00017875990  -0.00011228231  7.7060715e-06  0.00015850595  -0.00052370200  -8.0210855e-05  -0.00012458954  -0.00014997754  0.00060794555  0.00034530285  0.0017970723  0.0041382038  -0.0041276636  0.0000000   -0.00017481839  0.00058964884  -0.00043249234  -0.00012197356  -2.1545293e-06  8.4402351e-05  0.00042336842  -0.00023895938  -0.00029360567  -4.3399496e-05  4.6832697e-05  0.00016147832  -9.4283471e-05  0.00015488158  -0.00012900078  0.00014861132  0.00015163262  -0.00017875990  
-0.00011050250  3.4710595e-05  0.00032762965  -0.00045631435  -2.6454381e-05  -2.4128951e-05  0.00020444096  0.00051539764  0.00021101535  -1.5112046e-05  0.0012314221  -0.0014024314  0.00017481839  0.0000000   -0.0026828611  0.00017715350  0.00018882262  -5.0091624e-05  -5.7975925e-05  -0.00027612230  -0.00037973451  -7.2276952e-05  0.00012375273  -2.5216677e-05  -2.7425074e-05  -6.5546491e-05  0.00014866794  -0.00013598442  0.00040973345  0.00013899731  -0.00016963966  -0.00011050250  3.4710595e-05  0.00032762965  -0.00045631435  -2.6454381e-05  -2.4128951e-05  0.00020444096  0.00051539764  0.00021101535  -1.5112046e-05  0.0012314221  -0.0014024314  0.00017481839  0.0000000   -0.0026828611  0.00017715350  0.00018882262  -5.0091624e-05  -5.7975925e-05  -0.00027612230  -0.00037973451  -7.2276952e-05  0.00012375273  -2.5216677e-05  -2.7425074e-05  -6.5546491e-05  0.00014866794  -0.00013598442  0.00040973345  0.00013899731  -0.00016963966  
3.2284974e-05  0.00010218746  0.00037062487  -0.00042499033  2.7254383e-05  6.2057833e-05  4.7624246e-05  -0.00031834426  -3.5002573e-05  -8.7787008e-05  0.00032053333  -0.00035933506  -0.00058964884  0.0026828611  0.0000000   -0.00036508228  0.00097026739  -0.00041396047  -0.00020310531  -0.00015802560  0.00027458454  7.8289073e-05  -8.4839517e-05  -2.4814401e-05  -2.7050805e-05  5.6127453e-05  -1.3663790e-05  -1.4809656e-05  0.00018381807  -8.7576297e-05  -2.3718018e-05  3.2284974e-05  0.00010218746  0.00037062487  -0.00042499033  2.7254383e-05  6.2057833e-05  4.7624246e-05  -0.00031834426  -3.5002573e-05  -8.7787008e-05  0.00032053333  -0.00035933506  -0.00058964884  0.0026828611  0.0000000   -0.00036508228  0.00097026739  -0.00041396047  -0.00020310531  -0.00015802560  0.00027458454  7.8289073e-05  -8.4839517e-05  -2.4814401e-05  -2.7050805e-05  5.6127453e-05  -1.3663790e-05  -1.4809656e-05  0.00018381807  -8.7576297e-05  -2.3718018e-05  
0.00013976473  7.4976907e-05  -0.00021543054  -4.0197127e-05  8.4988491e-05  0.00038867757  -0.00012485555  -0.00014823453  -0.00029953913  3.3523224e-05  -0.00058093954  -0.00050905474  0.00043249234  -0.00017715350  0.00036508228  0.0000000   0.0048216983  -0.0013709486  -0.0010384070  0.00011156742  9.6537613e-05  -0.00018044368  -5.0388796e-05  -0.00018614858  0.00012894727  0.00046502398  2.5767457e-05  0.00019817256  -2.6798387e-05  -2.9170712e-05  0.00024009677  0.00013976473  7.4976907e-05  -0.00021543054  -4.0197127e-05  8.4988491e-05  0.00038867757  -0.00012485555  -0.00014823453  -0.00029953913  3.3523224e-05  -0.00058093954  -0.00050905474  0.00043249234  -0.00017715350  0.00036508228  0.0000000   0.0048216983  -0.0013709486  -0.0010384070  0.00011156742  9.6537613e-05  -0.00018044368  -5.0388796e-05  -0.00018614858  0.00012894727  0.00046502398  2.5767457e-05  0.00019817256  -2.6798387e-05  -2.9170712e-05  0.00024009677  
-3.5827234e-05  -0.00012812035  -0.00014827965  4.3488425e-05  0.00018935982  -0.00013236119  -6.7618446e-05  -8.1355770e-05  -0.00040652669  3.6446773e-05  -0.00058267690  -0.00033650559  0.00012197356  -0.00018882262  -0.00097026739  -0.0048216983  0.0000000   -0.0045537214  -7.2921607e-07  0.00015081741  0.00021434502  -7.2147689e-05  -0.00019024631  0.00023493136  -6.6464563e-06  0.00035566180  1.0689943e-05  0.00050102929  3.8406021e-05  -4.5480942e-05  0.00020769008  -3.5827234e-05  -0.00012812035  -0.00014827965  4.3488425e-05  0.00018935982  -0.00013236119  -6.7618446e-05  -8.1355770e-05  -0.00040652669  3.6446773e-05  -0.00058267690  -0.00033650559  0.00012197356  -0.00018882262  -0.00097026739  -0.0048216983  0.0000000   -0.0045537214  -7.2921607e-07  0.00015081741  0.00021434502  -7.2147689e-05  -0.00019024631  0.00023493136  -6.6464563e-06  0.00035566180  1.0689943e-05  0.00050102929  3.8406021e-05  -4.5480942e-05  0.00020769008  
-0.00013601488  1.8598458e-05  4.5723365e-05  -2.2966572e-05  0.00019627336  -1.9626163e-05  -8.2429544e-06  4.0465825e-05  5.3144668e-05  -3.0911505e-07  0.00038900513  0.00021138774  2.1545293e-06  5.0091624e-05  0.00041396047  0.0013709486  0.0045537214  0.0000000   -0.00026281526  -0.00018902442  -0.00025438756  -0.00031639717  0.00013253783  0.00038859114  -1.3435984e-06  0.00029181309  2.2017708e-05  -5.8305105e-06  7.4806902e-05  4.4740225e-05  -0.00014258776  -0.00013601488  1.8598458e-05  4.5723365e-05  -2.2966572e-05  0.00019627336  -1.9626163e-05  -8.2429544e-06  4.0465825e-05  5.3144668e-05  -3.0911505e-07  0.00038900513  0.00021138774  2.1545293e-06  5.0091624e-05  0.00041396047  0.0013709486  0.0045537214  0.0000000   -0.00026281526  -0.00018902442  -0.00025438756  -0.00031639717  0.00013253783  0.00038859114  -1.3435984e-06  0.00029181309  2.2017708e-05  -5.8305105e-06  7.4806902e-05  4.4740225e-05  -0.00014258776  
-1.5543360e-05  -4.9901194e-07  2.4788692e-05  -3.6139109e-05  0.00019061444  -0.00021853563  3.7661764e-05  1.2131282e-05  0.00017995861  -3.1951592e-07  0.00021953563  0.00015172607  -8.4402351e-05  5.7975925e-05  0.00020310531  0.0010384070  7.2921607e-07  0.00026281526  0.0000000   -4.6585850e-05  -4.7024687e-05  -0.00047030404  -4.0582110e-05  0.00043210779  -1.4471334e-05  -0.00036004160  -2.0689143e-05  0.00010730792  6.8361310e-05  1.9207090e-06  -9.3103818e-05  -1.5543360e-05  -4.9901194e-07  2.4788692e-05  -3.6139109e-05  0.00019061444  -0.00021853563  3.7661764e-05  1.2131282e-05  0.00017995861  -3.1951592e-07  0.00021953563  0.00015172607  -8.4402351e-05  5.7975925e-05  0.00020310531  0.0010384070  7.2921607e-07  0.00026281526  0.0000000   -4.6585850e-05  -4.7024687e-05  -0.00047030404  -4.0582110e-05  0.00043210779  -1.4471334e-05  -0.00036004160  -2.0689143e-05  0.00010730792  6.8361310e-05  1.9207090e-06  -9.3103818e-05  
-1.1522680e-05  -1.0497092e-05  -6.6283272e-06  -0.00020122425  -3.9109849e-05  2.8037503e-05  0.00022298067  -0.00011735321  2.5686413e-06  -0.00013175180  -3.9115504e-05  -1.5509178e-05  -0.00042336842  0.00027612230  0.00015802560  -0.00011156742  -0.00015081741  0.00018902442  4.6585850e-05  0.0000000   0.00043620697  -0.0021311135  -4.7595034e-05  5.8487393e-05  0.00033407252  1.4856439e-05  -1.3134689e-05  -4.2316799e-05  4.0081351e-05  -2.6583515e-05  -3.3465214e-05  -1.1522680e-05  -1.0497092e-05  -6.6283272e-06  -0.00020122425  -3.9109849e-05  2.8037503e-05  0.00022298067  -0.00011735321  2.5686413e-06  -0.00013175180  -3.9115504e-05  -1.5509178e-05  -0.00042336842  0.00027612230  0.00015802560  -0.00011156742  -0.00015081741  0.00018902442  4.6585850e-05  0.0000000   0.00043620697  -0.0021311135  -4.7595034e-05  5.8487393e-05  0.00033407252  1.4856439e-05  -1.3134689e-05  -4.2316799e-05  4.0081351e-05  -2.6583515e-05  -3.3465214e-05  
2.3078253e-05  -4.8147542e-05  -0.00016377049  1.8074796e-05  -4.1871204e-05  2.2182557e-05  -0.00014665543  -7.8572200e-05  -5.6302857e-05  0.00012311696  0.00013968544  -0.00017636141  0.00023895938  0.00037973451  -0.00027458454  -9.6537613e-05  -0.00021434502  0.00025438756  4.7024687e-05  -0.00043620697  0.0000000   -0.0052848375  -0.0017405229  1.3662642e-05  -7.8763933e-05  7.3995480e-05  -0.00024977152  6.7618700e-05  -0.00025240201  -0.00013182028  -0.00017447495  2.3078253e-05  -4.8147542e-05  -0.00016377049  1.8074796e-05  -4.1871204e-05  2.2182557e-05  -0.00014665543  -7.8572200e-05  -5.6302857e-05  0.00012311696  0.00013968544  -0.00017636141  0.00023895938  0.00037973451  -0.00027458454  -9.6537613e-05  -0.00021434502  0.00025438756  4.7024687e-05  -0.00043620697  0.0000000   -0.0052848375  -0.0017405229  1.3662642e-05  -7.8763933e-05  7.3995480e-05  -0.00024977152  6.7618700e-05  -0.00025240201  -0.00013182028  -0.00017447495  
-5.6264773e-05  -5.1581750e-06  -1.2075362e-05  -8.8929038e-05  -3.3123007e-05  -4.4989774e-05  -0.00018059027  -0.00020694613  5.3498396e-05  0.00027515953  0.00047942295  -0.00044001026  0.00029360567  7.2276952e-05  -7.8289073e-05  0.00018044368  7.2147689e-05  0.00031639717  0.00047030404  0.0021311135  0.0052848375  0.0000000   -0.0021707336  0.00036995874  0.00054179586  -0.00011124656  -8.3155943e-05  -0.00015734050  0.00043921684  -6.0419982e-05  -0.00032036051  -5.6264773e-05  -5.1581750e-06  -1.2075362e-05  -8.8929038e-05  -3.3123007e-05  -4.4989774e-05  -0.00018059027  -0.00020694613  5.3498396e-05  0.00027515953  0.00047942295  -0.00044001026  0.00029360567  7.2276952e-05  -7.8289073e-05  0.00018044368  7.2147689e-05  0.00031639717  0.00047030404  0.0021311135  0.0052848375  0.0000000   -0.0021707336  0.00036995874  0.00054179586  -0.00011124656  -8.3155943e-05  -0.00015734050  0.00043921684  -6.0419982e-05  -0.00032036051  
6.1335196e-06  4.8470503e-06  -0.00016139270  -6.3479509e-05  4.1704126e-05  9.1963308e-06  5.6652637e-05  0.00012326410  3.8078426e-06  -0.00010521954  -8.7433887e-05  9.0955022e-05  4.3399496e-05  -0.00012375273  8.4839517e-05  5.0388796e-05  0.00019024631  -0.00013253783  4.0582110e-05  4.7595034e-05  0.0017405229  0.0021707336  0.0000000   -0.00018414459  -0.0010814032  -5.3163210e-05  0.00020112994  3.8431437e-05  -0.00011064400  0.00011646861  -0.00016489874  6.1335196e-06  4.8470503e-06  -0.00016139270  -6.3479509e-05  4.1704126e-05  9.1963308e-06  5.6652637e-05  0.00012326410  3.8078426e-06  -0.00010521954  -8.7433887e-05  9.0955022e-05  4.3399496e-05  -0.00012375273  8.4839517e-05  5.0388796e-05  0.00019024631  -0.00013253783  4.0582110e-05  4.7595034e-05  0.0017405229  0.0021707336  0.0000000   -0.00018414459  -0.0010814032  -5.3163210e-05  0.00020112994  3.8431437e-05  -0.00011064400  0.00011646861  -0.00016489874  
-2.6549423e-05  -2.5100440e-05  3.0037357e-05  2.4737594e-05  0.00049379948  1.7153625e-05  -1.2348506e-05  3.9421591e-05  0.00014580751  -5.2504157e-05  0.00021883943  0.00018250311  -4.6832697e-05  2.5216677e-05  2.4814401e-05  0.00018614858  -0.00023493136  -0.00038859114  -0.00043210779  -5.8487393e-05  -1.3662642e-05  -0.00036995874  0.00018414459  0.0000000   4.1663490e-05  0.00087912382  -8.5894691e-05  1.0109442e-05  -0.00029547668  -1.2359837e-05  -0.00011671859  -2.6549423e-05  -2.5100440e-05  3.0037357e-05  2.4737594e-05  0.00049379948  1.7153625e-05  -1.2348506e-05  3.9421591e-05  0.00014580751  -5.2504157e-05  0.00021883943  0.00018250311  -4.6832697e-05  2.5216677e-05  2.4814401e-05  0.00018614858  -0.00023493136  -0.00038859114  -0.00043210779  -5.8487393e-05  -1.3662642e-05  -0.00036995874  0.00018414459  0.0000000   4.1663490e-05  0.00087912382  -8.5894691e-05  1.0109442e-05  -0.00029547668  -1.2359837e-05  -0.00011671859  
3.0983751e-05  2.4014705e-06  -9.5914198e-05  -1.7632096e-05  -9.0720650e-05  -6.3460471e-07  5.1278896e-05  0.00025232921  -3.2357045e-05  -0.00022634560  -5.0175978e-05  -4.6804092e-05  -0.00016147832  2.7425074e-05  2.7050805e-05  -0.00012894727  6.6464563e-06  1.3435984e-06  1.4471334e-05  -0.00033407252  7.8763933e-05  -0.00054179586  0.0010814032  -4.1663490e-05  0.0000000   -0.00010072599  -0.00068957673  0.00043878730  -0.0010874017  7.9315748e-05  0.00012399036  3.0983751e-05  2.4014705e-06  -9.5914198e-05  -1.7632096e-05  -9.0720650e-05  -6.3460471e-07  5.1278896e-05  0.00025232921  -3.2357045e-05  -0.00022634560  -5.0175978e-05  -4.6804092e-05  -0.00016147832  2.7425074e-05  2.7050805e-05  -0.00012894727  6.6464563e-06  1.3435984e-06  1.4471334e-05  -0.00033407252  7.8763933e-05  -0.00054179586  0.0010814032  -4.1663490e-05  0.0000000   -0.00010072599  -0.00068957673  0.00043878730  -0.0010874017  7.9315748e-05  0.00012399036  
4.7191120e-06  -1.7371865e-05  -4.5626378e-05  -1.6101818e-05  0.00018853895  0.00036567345  -6.2135200e-05  -3.1792228e-05  -0.00023687538  -2.5030275e-06  -0.00033737523  -0.00034619815  9.4283471e-05  6.5546491e-05  -5.6127453e-05  -0.00046502398  -0.00035566180  -0.00029181309  0.00036004160  -1.4856439e-05  -7.3995480e-05  0.00011124656  5.3163210e-05  -0.00087912382  0.00010072599  0.0000000   1.2073660e-05  0.00072201799  2.0839385e-05  -0.00012351564  0.00090609352  4.7191120e-06  -1.7371865e-05  -4.5626378e-05  -1.6101818e-05  0.00018853895  0.00036567345  -6.2135200e-05  -3.1792228e-05  -0.00023687538  -2.5030275e-06  -0.00033737523  -0.00034619815  9.4283471e-05  6.5546491e-05  -5.6127453e-05  -0.00046502398  -0.00035566180  -0.00029181309  0.00036004160  -1.4856439e-05  -7.3995480e-05  0.00011124656  5.3163210e-05  -0.00087912382  0.00010072599  0.0000000   1.2073660e-05  0.00072201799  2.0839385e-05  -0.00012351564  0.00090609352  
1.1597040e-05  -1.0860589e-06  -3.8445390e-05  4.8418965e-05  1.8739120e-05  4.3761600e-05  7.8474955e-05  7.7148179e-05  -1.9209615e-05  -8.2800753e-05  -6.9795481e-05  -2.3480479e-05  -0.00015488158  -0.00014866794  1.3663790e-05  -2.5767457e-05  -1.0689943e-05  -2.2017708e-05  2.0689143e-05  1.3134689e-05  0.00024977152  8.3155943e-05  -0.00020112994  8.5894691e-05  0.00068957673  -1.2073660e-05  0.0000000   0.00022683667  -0.00041812999  -0.00017321866  0.00052675599  1.1597040e-05  -1.0860589e-06  -3.8445390e-05  4.8418965e-05  1.8739120e-05  4.3761600e-05  7.8474955e-05  7.7148179e-05  -1.9209615e-05  -8.2800753e-05  -6.9795481e-05  -2.3480479e-05  -0.00015488158  -0.00014866794  1.3663790e-05  -2.5767457e-05  -1.0689943e-05  -2.2017708e-05  2.0689143e-05  1.3134689e-05  0.00024977152  8.3155943e-05  -0.00020112994  8.5894691e-05  0.00068957673  -1.2073660e-05  0.0000000   0.00022683667  -0.00041812999  -0.00017321866  0.00052675599  
5.6695112e-05  4.6066837e-05  1.7480635e-06  -7.5475006e-05  -6.1021269e-06  0.00010187521  -6.8256960e-05  5.7836142e-06  6.0535515e-05  4.1717569e-05  -6.5987935e-05  -0.00026403708  0.00012900078  0.00013598442  1.4809656e-05  -0.00019817256  -0.00050102929  5.8305105e-06  -0.00010730792  4.2316799e-05  -6.7618700e-05  0.00015734050  -3.8431437e-05  -1.0109442e-05  -0.00043878730  -0.00072201799  -0.00022683667  0.0000000   -4.1578313e-05  0.00056334690  -0.00064340454  5.6695112e-05  4.6066837e-05  1.7480635e-06  -7.5475006e-05  -6.1021269e-06  0.00010187521  -6.8256960e-05  5.7836142e-06  6.0535515e-05  4.1717569e-05  -6.5987935e-05  -0.00026403708  0.00012900078  0.00013598442  1.4809656e-05  -0.00019817256  -0.00050102929  5.8305105e-06  -0.00010730792  4.2316799e-05  -6.7618700e-05  0.00015734050  -3.8431437e-05  -1.0109442e-05  -0.00043878730  -0.00072201799  -0.00022683667  0.0000000   -4.1578313e-05  0.00056334690  -0.00064340454  
-9.2356986e-06  2.2507623e-05  -0.00011909396  0.00020003293  2.7667753e-05  2.0919346e-05  0.00011602339  -0.00015040675  -9.1983277e-07  -0.00010056506  -0.00034638108  0.00025310436  -0.00014861132  -0.00040973345  -0.00018381807  2.6798387e-05  -3.8406021e-05  -7.4806902e-05  -6.8361310e-05  -4.0081351e-05  0.00025240201  -0.00043921684  0.00011064400  0.00029547668  0.0010874017  -2.0839385e-05  0.00041812999  4.1578313e-05  0.0000000   -0.0021302813  0.0014707728  -9.2356986e-06  2.2507623e-05  -0.00011909396  0.00020003293  2.7667753e-05  2.0919346e-05  0.00011602339  -0.00015040675  -9.1983277e-07  -0.00010056506  -0.00034638108  0.00025310436  -0.00014861132  -0.00040973345  -0.00018381807  2.6798387e-05  -3.8406021e-05  -7.4806902e-05  -6.8361310e-05  -4.0081351e-05  0.00025240201  -0.00043921684  0.00011064400  0.00029547668  0.0010874017  -2.0839385e-05  0.00041812999  4.1578313e-05  0.0000000   -0.0021302813  0.0014707728  
-4.0956070e-06  3.2627551e-05  1.9014479e-05  2.6915244e-05  3.0579223e-05  5.4159331e-06  0.00011814714  -4.8124288e-05  -5.0578156e-06  1.3370505e-05  -0.00019607456  0.00021469733  -0.00015163262  -0.00013899731  8.7576297e-05  2.9170712e-05  4.5480942e-05  -4.4740225e-05  -1.9207090e-06  2.6583515e-05  0.00013182028  6.0419982e-05  -0.00011646861  1.2359837e-05  -7.9315748e-05  0.00012351564  0.00017321866  -0.00056334690  0.0021302813  0.0000000   0.0017810888  -4.0956070e-06  3.2627551e-05  1.9014479e-05  2.6915244e-05  3.0579223e-05  5.4159331e-06  0.00011814714  -4.8124288e-05  -5.0578156e-06  1.3370505e-05  -0.00019607456  0.00021469733  -0.00015163262  -0.00013899731  8.7576297e-05  2.9170712e-05  4.5480942e-05  -4.4740225e-05  -1.9207090e-06  2.6583515e-05  0.00013182028  6.0419982e-05  -0.00011646861  1.2359837e-05  -7.9315748e-05  0.00012351564  0.00017321866  -0.00056334690  0.0021302813  0.0000000   0.0017810888  
6.4353028e-05  1.5069080e-05  5.2466007e-05  -5.6053795e-05  -0.00010084384  -3.5494895e-05  -7.9391578e-05  -8.3168315e-05  -2.4723990e-05  3.2884155e-05  0.00010366598  -0.00036617332  0.00017875990  0.00016963966  2.3718018e-05  -0.00024009677  -0.00020769008  0.00014258776  9.3103818e-05  3.3465214e-05  0.00017447495  0.00032036051  0.00016489874  0.00011671859  -0.00012399036  -0.00090609352  -0.00052675599  0.00064340454  -0.0014707728  -0.0017810888  0.0000000   6.4353028e-05  1.5069080e-05  5.2466007e-05  -5.6053795e-05  -0.00010084384  -3.5494895e-05  -7.9391578e-05  -8.3168315e-05  -2.4723990e-05  3.2884155e-05  0.00010366598  -0.00036617332  0.00017875990  0.00016963966  2.3718018e-05  -0.00024009677  -0.00020769008  0.00014258776  9.3103818e-05  3.3465214e-05  0.00017447495  0.00032036051  0.00016489874  0.00011671859  -0.00012399036  -0.00090609352  -0.00052675599  0.00064340454  -0.0014707728  -0.0017810888  0.0000000   
0.0000000   -0.010482907  0.00062407476  6.3724999e-06  -0.00079528393  -0.00014095370  0.00041757296  -3.7554813e-06  -0.00025058633  4.9799279e-06  -0.00028198127  -0.00036656438  0.00011228231  0.00011050250  -3.2284974e-05  -0.00013976473  3.5827234e-05  0.00013601488  1.5543360e-05  1.1522680e-05  -2.3078253e-05  5.6264773e-05  -6.1335196e-06  2.6549423e-05  -3.0983751e-05  -4.7191120e-06  -1.1597040e-05  -5.6695112e-05  9.2356986e-06  4.0956070e-06  -6.4353028e-05  0.0000000   -0.010482907  0.00062407476  6.3724999e-06  -0.00079528393  -0.00014095370  0.00041757296  -3.7554813e-06  -0.00025058633  4.9799279e-06  -0.00028198127  -0.00036656438  0.00011228231  0.00011050250  -3.2284974e-05  -0.00013976473  3.5827234e-05  0.00013601488  1.5543360e-05  1.1522680e-05  -2.3078253e-05  5.6264773e-05  -6.1335196e-06  2.6549423e-05  -3.0983751e-05  -4.7191120e-06  -1.1597040e-05  -5.6695112e-05  9.2356986e-06  4.0956070e-06  -6.4353028e-05  
0.010482907  0.0000000   0.00025878542  0.00064737042  0.00058020304  -0.00027051001  -5.1368306e-05  0.00014871794  7.1935136e-05  8.7125462e-05  0.00020167783  0.00011266353  -7.7060715e-06  -3.4710595e-05  -0.00010218746  -7.4976907e-05  0.00012812035  -1.8598458e-05  4.9901194e-07  1.0497092e-05  4.8147542e-05  5.1581750e-06  -4.8470503e-06  2.5100440e-05  -2.4014705e-06  1.7371865e-05  1.0860589e-06  -4.6066837e-05  -2.2507623e-05  -3.2627551e-05  -1.5069080e-05  0.010482907  0.0000000   0.00025878542  0.00064737042  0.00058020304  -0.00027051001  -5.1368306e-05  0.00014871794  7.1935136e-05  8.7125462e-05  0.00020167783  0.00011266353  -7.7060715e-06  -3.4710595e-05  -0.00010218746  -7.4976907e-05  0.00012812035  -1.8598458e-05  4.9901194e-07  1.0497092e-05  4.8147542e-05  5.1581750e-06  -4.8470503e-06  2.5100440e-05  -2.4014705e-06  1.7371865e-05  1.0860589e-06  -4.6066837e-05  -2.2507623e-05  -3.2627551e-05  -1.5069080e-05  
-0.00062407476  -0.00025878542  0.0000000   0.0092562520  -0.00021368972  8.9063901e-05  -0.0017759281  0.00014474885  -0.00027293249  7.2860004e-05  -0.00051720683  0.00047182302  -0.00015850595  -0.00032762965  -0.00037062487  0.00021543054  0.00014827965  -4.5723365e-05  -2.4788692e-05  6.6283272e-06  0.00016377049  1.2075362e-05  0.00016139270  -3.0037357e-05  9.5914198e-05  4.5626378e-05  3.8445390e-05  -1.7480635e-06  0.00011909396  -1.9014479e-05  -5.2466007e-05  -0.00062407476  -0.00025878542  0.0000000   0.0092562520  -0.00021368972  8.9063901e-05  -0.0017759281  0.00014474885  -0.00027293249  7.2860004e-05  -0.00051720683  0.00047182302  -0.00015850595  -0.00032762965  -0.00037062487  0.00021543054  0.00014827965  -4.5723365e-05  -2.4788692e-05  6.6283272e-06  0.00016377049  1.2075362e-05  0.00016139270  -3.0037357e-05  9.5914198e-05  4.5626378e-05  3.8445390e-05  -1.7480635e-06  0.00011909396  -1.9014479e-05  -5.2466007e-05  
-6.3724999e-06  -0.00064737042  -0.0092562520  0.0000000   0.00034045362  -9.2902408e-05  -0.00017089954  0.00096871430  0.00024368459  0.00077853685  0.00065958655  -0.00017815637  0.00052370200  0.00045631435  0.00042499033  4.0197127e-05  -4.3488425e-05  2.2966572e-05  3.6139109e-05  0.00020122425  -1.8074796e-05  8.8929038e-05  6.3479509e-05  -2.4737594e-05  1.7632096e-05  1.6101818e-05  -4.8418965e-05  7.5475006e-05  -0.00020003293  -2.6915244e-05  5.6053795e-05  -6.3724999e-06  -0.00064737042  -0.0092562520  0.0000000   0.00034045362  -9.2902408e-05  -0.00017089954  0.00096871430  0.00024368459  0.00077853685  0.00065958655  -0.00017815637  0.00052370200  0.00045631435  0.00042499033  4.0197127e-05  -4.3488425e-05  2.2966572e-05  3.6139109e-05  0.00020122425  -1.8074796e-05  8.8929038e-05  6.3479509e-05  -2.4737594e-05  1.7632096e-05  1.6101818e-05  -4.8418965e-05  7.5475006e-05  -0.00020003293  -2.6915244e-05  5.6053795e-05  
0.00079528393  -0.00058020304  0.00021368972  -0.00034045362  0.0000000   0.0022759470  -9.6606081e-05  -4.7159663e-05  -0.00063729212  1.4512974e-05  -8.2394941e-05  -2.6016433e-05  8.0210855e-05  2.6454381e-05  -2.7254383e-05  -8.4988491e-05  -0.00018935982  -0.00019627336  -0.00019061444  3.9109849e-05  4.1871204e-05  3.3123007e-05  -4.1704126e-05  -0.00049379948  9.0720650e-05  -0.00018853895  -1.8739120e-05  6.1021269e-06  -2.7667753e-05  -3.0579223e-05  0.00010084384  0.00079528393  -0.00058020304  0.00021368972  -0.00034045362  0.0000000   0.0022759470  -9.6606081e-05  -4.7159663e-05  -0.00063729212  1.4512974e-05  -8.2394941e-05  -2.6016433e-05  8.0210855e-05  2.6454381e-05  -2.7254383e-05  -8.4988491e-05  -0.00018935982  -0.00019627336  -0.00019061444  3.9109849e-05  4.1871204e-05  3.3123007e-05  -4.1704126e-05  -0.00049379948  9.0720650e-05  -0.00018853895  -1.8739120e-05  6.1021269e-06  -2.7667753e-05  -3.0579223e-05  0.00010084384  
0.00014095370  0.00027051001  -8.9063901e-05  9.2902408e-05  -0.0022759470  0.0000000   5.2385866e-05  -1.0673458e-05  -0.00096125764  8.6224998e-05  -0.00036889120  -0.00012704505  0.00012458954  2.4128951e-05  -6.2057833e-05  -0.00038867757  0.00013236119  1.9626163e-05  0.00021853563  -2.8037503e-05  -2.2182557e-05  4.4989774e-05  -9.1963308e-06  -1.7153625e-05  6.3460471e-07  -0.00036567345  -4.3761600e-05  -0.00010187521  -2.0919346e-05  -5.4159331e-06  3.5494895e-05  0.00014095370  0.00027051001  -8.9063901e-05  9.2902408e-05  -0.0022759470  0.0000000   5.2385866e-05  -1.0673458e-05  -0.00096125764  8.6224998e-05  -0.00036889120  -0.00012704505  0.00012458954  2.4128951e-05  -6.2057833e-05  -0.00038867757  0.00013236119  1.9626163e-05  0.00021853563  -2.8037503e-05  -2.2182557e-05  4.4989774e-05  -9.1963308e-06  -1.7153625e-05  6.3460471e-07  -0.00036567345  -4.3761600e-05  -0.00010187521  -2.0919346e-05  -5.4159331e-06  3.5494895e-05  
-0.00041757296  5.1368306e-05  0.0017759281  0.00017089954  9.6606081e-05  -5.2385866e-05  0.0000000   -0.00027856578  1.0012062e-05  0.00064007383  -0.0011766849  0.0010730088  0.00014997754  -0.00020444096  -4.7624246e-05  0.00012485555  6.7618446e-05  8.2429544e-06  -3.7661764e-05  -0.00022298067  0.00014665543  0.00018059027  -5.6652637e-05  1.2348506e-05  -5.1278896e-05  6.2135200e-05  -7.8474955e-05  6.8256960e-05  -0.00011602339  -0.00011814714  7.9391578e-05  -0.00041757296  5.1368306e-05  0.0017759281  0.00017089954  9.6606081e-05  -5.2385866e-05  0.0000000   -0.00027856578  1.0012062e-05  0.00064007383  -0.0011766849  0.0010730088  0.00014997754  -0.00020444096  -4.7624246e-05  0.00012485555  6.7618446e-05  8.2429544e-06  -3.7661764e-05  -0.00022298067  0.00014665543  0.00018059027  -5.6652637e-05  1.2348506e-05  -5.1278896e-05  6.2135200e-05  -7.8474955e-05  6.8256960e-05  -0.00011602339  -0.00011814714  7.9391578e-05  
3.7554813e-06  -0.00014871794  -0.00014474885  -0.00096871430  4.7159663e-05  1.0673458e-05  0.00027856578  0.0000000   -0.00014429729  -0.0013646539  -0.0030654090  0.0026211307  -0.00060794555  -0.00051539764  0.00031834426  0.00014823453  8.1355770e-05  -4.0465825e-05  -1.2131282e-05  0.00011735321  7.8572200e-05  0.00020694613  -0.00012326410  -3.9421591e-05  -0.00025232921  3.1792228e-05  -7.7148179e-05  -5.7836142e-06  0.00015040675  4.8124288e-05  8.3168315e-05  3.7554813e-06  -0.00014871794  -0.00014474885  -0.00096871430  4.7159663e-05  1.0673458e-05  0.00027856578  0.0000000   -0.00014429729  -0.0013646539  -0.0030654090  0.0026211307  -0.00060794555  -0.00051539764  0.00031834426  0.00014823453  8.1355770e-05  -4.0465825e-05  -1.2131282e-05  0.00011735321  7.8572200e-05  0.00020694613  -0.00012326410  -3.9421591e-05  -0.00025232921  3.1792228e-05  -7.7148179e-05  -5.7836142e-06  0.00015040675  4.8124288e-05  8.3168315e-05  
0.00025058633  -7.1935136e-05  0.00027293249  -0.00024368459  0.00063729212  0.00096125764  -1.0012062e-05  0.00014429729  0.0000000   -6.3450390e-05  0.0016904828  0.0019167010  -0.00034530285  -0.00021101535  3.5002573e-05  0.00029953913  0.00040652669  -5.3144668e-05  -0.00017995861  -2.5686413e-06  5.6302857e-05  -5.3498396e-05  -3.8078426e-06  -0.00014580751  3.2357045e-05  0.00023687538  1.9209615e-05  -6.0535515e-05  9.1983277e-07  5.0578156e-06  2.4723990e-05  0.00025058633  -7.1935136e-05  0.00027293249  -0.00024368459  0.00063729212  0.00096125764  -1.0012062e-05  0.00014429729  0.0000000   -6.3450390e-05  0.0016904828  0.0019167010  -0.00034530285  -0.00021101535  3.5002573e-05  0.00029953913  0.00040652669  -5.3144668e-05  -0.00017995861  -2.5686413e-06  5.6302857e-05  -5.3498396e-05  -3.8078426e-06  -0.00014580751  3.2357045e-05  0.00023687538  1.9209615e-05  -6.0535515e-05  9.1983277e-07  5.0578156e-06  2.4723990e-05  
-4.9799279e-06  -8.7125462e-05  -7.2860004e-05  -0.00077853685  -1.4512974e-05  -8.6224998e-05  -0.00064007383  0.0013646539  6.3450390e-05  0.0000000   2.7588328e-05  -0.00024392659  -0.0017970723  1.5112046e-05  8.7787008e-05  -3.3523224e-05  -3.6446773e-05  3.0911505e-07  3.1951592e-07  0.00013175180  -0.00012311696  -0.00027515953  0.00010521954  5.2504157e-05  0.00022634560  2.5030275e-06  8.2800753e-05  -4.1717569e-05  0.00010056506  -1.3370505e-05  -3.2884155e-05  -4.9799279e-06  -8.7125462e-05  -7.2860004e-05  -0.00077853685  -1.4512974e-05  -8.6224998e-05  -0.00064007383  0.0013646539  6.3450390e-05  0.0000000   2.7588328e-05  -0.00024392659  -0.0017970723  1.5112046e-05  8.7787008e-05  -3.3523224e-05  -3.6446773e-05  3.0911505e-07  3.1951592e-07  0.00013175180  -0.00012311696  -0.00027515953  0.00010521954  5.2504157e-05  0.00022634560  2.5030275e-06  8.2800753e-05  -4.1717569e-05  0.00010056506  -1.3370505e-05  -3.2884155e-05  
0.00028198127  -0.00020167783  0.00051720683  -0.00065958655  8.2394941e-05  0.00036889120  0.0011766849  0.0030654090  -0.0016904828  -2.7588328e-05  0.0000000   -0.00067412894  -0.0041382038  -0.0012314221  -0.00032053333  0.00058093954  0.00058267690  -0.00038900513  -0.00021953563  3.9115504e-05  -0.00013968544  -0.00047942295  8.7433887e-05  -0.00021883943  5.0175978e-05  0.00033737523  6.9795481e-05  6.5987935e-05  0.00034638108  0.00019607456  -0.00010366598  0.00028198127  -0.00020167783  0.00051720683  -0.00065958655  8.2394941e-05  0.00036889120  0.0011766849  0.0030654090  -0.0016904828  -2.7588328e-05  0.0000000   -0.00067412894  -0.0041382038  -0.0012314221  -0.00032053333  0.00058093954  0.00058267690  -0.00038900513  -0.00021953563  3.9115504e-05  -0.00013968544  -0.00047942295  8.7433887e-05  -0.00021883943  5.0175978e-05  0.00033737523  6.9795481e-05  6.5987935e-05  0.00034638108  0.00019607456  -0.00010366598  
