0.0000000   -0.00011750670  -0.00011561263  8.8945878e-05  2.9387442e-05  -4.9776941e-05  8.9981455e-06  6.4962313e-05  -7.8799513e-06  1.6964766e-05  6.2424744e-07  -6.7534513e-05  9.8786522e-05  -7.0380570e-06  -9.2423517e-05  -1.3196393e-05  0.00014721616  8.7538941e-06  2.8695085e-05  -6.2114309e-05  6.8697983e-05  -2.0966418e-06  5.6418342e-05  2.3608498e-06  -5.4278008e-05  -3.4167735e-05  6.1353299e-06  7.5931501e-06  9.1579209e-06  2.5923706e-05  -9.0181621e-05  0.0000000   -0.00011750670  -0.00011561263  8.8945878e-05  2.9387442e-05  -4.9776941e-05  8.9981455e-06  6.4962313e-05  -7.8799513e-06  1.6964766e-05  6.2424744e-07  -6.7534513e-05  9.8786522e-05  -7.0380570e-06  -9.2423517e-05  -1.3196393e-05  0.00014721616  8.7538941e-06  2.8695085e-05  -6.2114309e-05  6.8697983e-05  -2.0966418e-06  5.6418342e-05  2.3608498e-06  -5.4278008e-05  -3.4167735e-05  6.1353299e-06  7.5931501e-06  9.1579209e-06  2.5923706e-05  -9.0181621e-05  
0.00011750670  0.0000000   0.0013251757  0.00010923792  -0.00064497527  7.0230449e-05  -0.00016810520  -0.0011249351  -0.00021935865  -0.00064265142  -0.00014011194  -4.7866903e-06  3.1382448e-05  0.00024524709  -2.6476134e-05  2.3025497e-05  -1.1763269e-05  -0.00012342063  9.7175189e-05  5.2806426e-07  4.8813369e-06  -0.00018718189  -8.9151724e-06  -0.00018524677  1.5566487e-06  -1.4606367e-05  8.0575678e-05  -2.2158345e-05  6.9386831e-05  1.8420220e-05  5.0165085e-06  0.00011750670  0.0000000   0.0013251757  0.00010923792  -0.00064497527  7.0230449e-05  -0.00016810520  -0.0011249351  -0.00021935865  -0.00064265142  -0.00014011194  -4.7866903e-06  3.1382448e-05  0.00024524709  -2.6476134e-05  2.3025497e-05  -1.1763269e-05  -0.00012342063  9.7175189e-05  5.2806426e-07  4.8813369e-06  -0.00018718189  -8.9151724e-06  -0.00018524677  1.5566487e-06  -1.4606367e-05  8.0575678e-05  -2.2158345e-05  6.9386831e-05  1.8420220e-05  5.0165085e-06  
0.00011561263  -0.0013251757  0.0000000   0.0020138589  -0.0029800200  -0.00016834217  -0.00032275930  -0.0017312793  0.00012949103  8.3497773e-05  -0.00018546375  -5.6081168e-05  8.5294013e-05  5.0037711e-05  -3.3971803e-05  -2.4148117e-05  -2.7822646e-05  0.00024394530  -0.00031557174  -9.7736356e-05  2.8620167e-05  0.00017531410  6.5014409e-06  7.1446242e-05  -2.8813865e-05  -5.3914271e-06  0.00042255472  2.7396067e-05  1.5723882e-05  -2.6834802e-05  -5.4361565e-06  0.00011561263  -0.0013251757  0.0000000   0.0020138589  -0.0029800200  -0.00016834217  -0.00032275930  -0.0017312793  0.00012949103  8.3497773e-05  -0.00018546375  -5.6081168e-05  8.5294013e-05  5.0037711e-05  -3.3971803e-05  -2.4148117e-05  -2.7822646e-05  0.00024394530  -0.00031557174  -9.7736356e-05  2.8620167e-05  0.00017531410  6.5014409e-06  7.1446242e-05  -2.8813865e-05  -5.3914271e-06  0.00042255472  2.7396067e-05  1.5723882e-05  -2.6834802e-05  -5.4361565e-06  
-8.8945878e-05  -0.00010923792  -0.0020138589  0.0000000   0.0052124411  0.00050545701  -0.00078391738  1.7004430e-06  0.00053877589  -0.0014946589  0.00054593265  -0.00010487162  -4.6575999e-06  -0.00026651211  -8.3157964e-06  -7.0264210e-05  1.0123374e-05  -0.00017712780  8.7796462e-07  -1.7101357e-05  -4.0925224e-05  0.00012493895  1.1208660e-06  -0.00010324336  3.0114505e-06  -1.0344298e-05  -7.5216241e-05  3.4410322e-05  0.00016281861  -5.5355047e-05  -1.1854830e-05  -8.8945878e-05  -0.00010923792  -0.0020138589  0.0000000   0.0052124411  0.00050545701  -0.00078391738  1.7004430e-06  0.00053877589  -0.0014946589  0.00054593265  -0.00010487162  -4.6575999e-06  -0.00026651211  -8.3157964e-06  -7.0264210e-05  1.0123374e-05  -0.00017712780  8.7796462e-07  -1.7101357e-05  -4.0925224e-05  0.00012493895  1.1208660e-06  -0.00010324336  3.0114505e-06  -1.0344298e-05  -7.5216241e-05  3.4410322e-05  0.00016281861  -5.5355047e-05  -1.1854830e-05  
-2.9387442e-05  0.00064497527  0.0029800200  -0.0052124411  0.0000000   -3.7502359e-05  -0.00031781432  -0.00048754309  -0.00033997149  0.00035767619  -3.1814846e-05  -9.4298855e-06  -6.9184843e-06  3.3411842e-05  -2.0146953e-05  -3.7066603e-05  1.9516926e-05  8.6106242e-05  -0.00026145894  -9.3202483e-05  -7.6754689e-06  0.00010708659  4.0777434e-05  -1.1868347e-05  -1.9126567e-05  -4.2383368e-05  0.00012578491  -0.00015378908  -0.00017851645  -2.1286960e-07  9.1229151e-06  -2.9387442e-05  0.00064497527  0.0029800200  -0.0052124411  0.0000000   -3.7502359e-05  -0.00031781432  -0.00048754309  -0.00033997149  0.00035767619  -3.1814846e-05  -9.4298855e-06  -6.9184843e-06  3.3411842e-05  -2.0146953e-05  -3.7066603e-05  1.9516926e-05  8.6106242e-05  -0.00026145894  -9.3202483e-05  -7.6754689e-06  0.00010708659  4.0777434e-05  -1.1868347e-05  -1.9126567e-05  -4.2383368e-05  0.00012578491  -0.00015378908  -0.00017851645  -2.1286960e-07  9.1229151e-06  
4.9776941e-05  -7.0230449e-05  0.00016834217  -0.00050545701  3.7502359e-05  0.0000000   4.9129772e-05  -0.00027239090  -2.3729704e-05  -8.2065022e-05  -3.5335838e-05  0.00035563960  -0.00040493848  1.2491755e-05  -6.2893026e-05  0.00036647143  0.00015489028  1.8320142e-05  -8.2021615e-05  0.00019753208  -2.1264757e-05  3.3689046e-05  -7.6020779e-05  4.9234170e-07  0.00026164691  0.00020817676  2.1946812e-05  -1.7676652e-05  -6.6565477e-06  1.4386359e-05  -7.5042928e-05  4.9776941e-05  -7.0230449e-05  0.00016834217  -0.00050545701  3.7502359e-05  0.0000000   4.9129772e-05  -0.00027239090  -2.3729704e-05  -8.2065022e-05  -3.5335838e-05  0.00035563960  -0.00040493848  1.2491755e-05  -6.2893026e-05  0.00036647143  0.00015489028  1.8320142e-05  -8.2021615e-05  0.00019753208  -2.1264757e-05  3.3689046e-05  -7.6020779e-05  4.9234170e-07  0.00026164691  0.00020817676  2.1946812e-05  -1.7676652e-05  -6.6565477e-06  1.4386359e-05  -7.5042928e-05  
-8.9981455e-06  0.00016810520  0.00032275930  0.00078391738  0.00031781432  -4.9129772e-05  0.0000000   0.0035928876  -0.00086009310  0.00059827780  -0.00032532665  0.00015195404  4.0592918e-05  -0.00040319429  8.0669786e-05  -7.5140722e-06  5.0021062e-06  8.8812547e-05  -6.5219653e-05  2.6335081e-05  -4.6231466e-06  -7.4559707e-05  -1.7390576e-05  0.00011876511  1.0823188e-05  1.2263942e-05  -1.4742882e-06  -0.00023280557  -0.00018266765  -1.9175558e-05  -1.4891156e-05  -8.9981455e-06  0.00016810520  0.00032275930  0.00078391738  0.00031781432  -4.9129772e-05  0.0000000   0.0035928876  -0.00086009310  0.00059827780  -0.00032532665  0.00015195404  4.0592918e-05  -0.00040319429  8.0669786e-05  -7.5140722e-06  5.0021062e-06  8.8812547e-05  -6.5219653e-05  2.6335081e-05  -4.6231466e-06  -7.4559707e-05  -1.7390576e-05  0.00011876511  1.0823188e-05  1.2263942e-05  -1.4742882e-06  -0.00023280557  -0.00018266765  -1.9175558e-05  -1.4891156e-05  
-6.4962313e-05  0.0011249351  0.0017312793  -1.7004430e-06  0.00048754309  0.00027239090  -0.0035928876  0.0000000   0.00092378368  0.00056278893  0.00098718632  -3.0972484e-06  3.7563460e-05  -0.00033667451  -3.6802615e-05  -4.2063729e-05  -2.2383814e-06  6.9075859e-05  -0.00021984638  8.6219698e-06  2.1642388e-05  2.1604186e-05  -1.5586425e-05  0.00019243128  -1.5532982e-05  2.1728763e-05  0.00023132375  5.9010075e-05  3.1702734e-05  3.5930545e-05  -8.6610410e-06  -6.4962313e-05  0.0011249351  0.0017312793  -1.7004430e-06  0.00048754309  0.00027239090  -0.0035928876  0.0000000   0.00092378368  0.00056278893  0.00098718632  -3.0972484e-06  3.7563460e-05  -0.00033667451  -3.6802615e-05  -4.2063729e-05  -2.2383814e-06  6.9075859e-05  -0.00021984638  8.6219698e-06  2.1642388e-05  2.1604186e-05  -1.5586425e-05  0.00019243128  -1.5532982e-05  2.1728763e-05  0.00023132375  5.9010075e-05  3.1702734e-05  3.5930545e-05  -8.6610410e-06  
7.8799513e-06  0.00021935865  -0.00012949103  -0.00053877589  0.00033997149  2.3729704e-05  0.00086009310  -0.00092378368  0.0000000   0.0011515309  0.00034966250  3.7386025e-05  -2.9457239e-05  -0.00032864911  3.3348519e-05  -5.3138657e-06  1.6234117e-05  -1.0241964e-05  -3.0356800e-05  1.6232252e-05  6.1344241e-06  -2.4850422e-05  8.8653190e-07  0.00016201495  -8.6047805e-06  -6.0671230e-06  -0.00015967636  -3.7356336e-05  -0.00013305394  0.00015558929  4.6329552e-05  7.8799513e-06  0.00021935865  -0.00012949103  -0.00053877589  0.00033997149  2.3729704e-05  0.00086009310  -0.00092378368  0.0000000   0.0011515309  0.00034966250  3.7386025e-05  -2.9457239e-05  -0.00032864911  3.3348519e-05  -5.3138657e-06  1.6234117e-05  -1.0241964e-05  -3.0356800e-05  1.6232252e-05  6.1344241e-06  -2.4850422e-05  8.8653190e-07  0.00016201495  -8.6047805e-06  -6.0671230e-06  -0.00015967636  -3.7356336e-05  -0.00013305394  0.00015558929  4.6329552e-05  
-1.6964766e-05  0.00064265142  -8.3497773e-05  0.0014946589  -0.00035767619  8.2065022e-05  -0.00059827780  -0.00056278893  -0.0011515309  0.0000000   0.00081800031  -7.6469163e-05  7.4148317e-05  0.00050955190  -7.0547220e-05  1.0375344e-05  -1.1446170e-05  -0.00036194418  0.00019331198  4.3955334e-05  6.7572572e-06  -8.2339506e-05  -2.0663504e-06  -0.00022405052  1.1583729e-06  8.2725965e-06  3.3897427e-05  8.3713255e-05  0.00012906724  3.8236549e-05  1.0098980e-05  -1.6964766e-05  0.00064265142  -8.3497773e-05  0.0014946589  -0.00035767619  8.2065022e-05  -0.00059827780  -0.00056278893  -0.0011515309  0.0000000   0.00081800031  -7.6469163e-05  7.4148317e-05  0.00050955190  -7.0547220e-05  1.0375344e-05  -1.1446170e-05  -0.00036194418  0.00019331198  4.3955334e-05  6.7572572e-06  -8.2339506e-05  -2.0663504e-06  -0.00022405052  1.1583729e-06  8.2725965e-06  3.3897427e-05  8.3713255e-05  0.00012906724  3.8236549e-05  1.0098980e-05  
-6.2424744e-07  0.00014011194  0.00018546375  -0.00054593265  3.1814846e-05  3.5335838e-05  0.00032532665  -0.00098718632  -0.00034966250  -0.00081800031  0.0000000   0.00017406949  -0.00011258447  -0.0035324978  0.00032274500  -3.3653068e-05  -3.2014222e-05  6.0725197e-05  4.8351170e-05  4.9167000e-05  -7.6035832e-06  0.00011697481  -1.4264979e-05  0.00025773275  -1.0132415e-05  -2.5693898e-05  -7.6047399e-05  -4.4451065e-05  -0.00023029272  -5.1010946e-07  -3.6029257e-06  -6.2424744e-07  0.00014011194  0.00018546375  -0.00054593265  3.1814846e-05  3.5335838e-05  0.00032532665  -0.00098718632  -0.00034966250  -0.00081800031  0.0000000   0.00017406949  -0.00011258447  -0.0035324978  0.00032274500  -3.3653068e-05  -3.2014222e-05  6.0725197e-05  4.8351170e-05  4.9167000e-05  -7.6035832e-06  0.00011697481  -1.4264979e-05  0.00025773275  -1.0132415e-05  -2.5693898e-05  -7.6047399e-05  -4.4451065e-05  -0.00023029272  -5.1010946e-07  -3.6029257e-06  
6.7534513e-05  4.7866903e-06  5.6081168e-05  0.00010487162  9.4298855e-06  -0.00035563960  -0.00015195404  3.0972484e-06  -3.7386025e-05  7.6469163e-05  -0.00017406949  0.0000000   -0.0031254169  0.00019314401  0.0011477867  0.00022797068  0.00016047426  3.0032042e-05  7.6140708e-05  -0.00032882387  -0.00049816751  -2.2927580e-05  -9.2495082e-06  9.7349302e-07  0.00017486265  0.00010768744  1.5375167e-05  -8.3839744e-07  1.4261713e-05  -9.7285263e-05  0.00031144966  6.7534513e-05  4.7866903e-06  5.6081168e-05  0.00010487162  9.4298855e-06  -0.00035563960  -0.00015195404  3.0972484e-06  -3.7386025e-05  7.6469163e-05  -0.00017406949  0.0000000   -0.0031254169  0.00019314401  0.0011477867  0.00022797068  0.00016047426  3.0032042e-05  7.6140708e-05  -0.00032882387  -0.00049816751  -2.2927580e-05  -9.2495082e-06  9.7349302e-07  0.00017486265  0.00010768744  1.5375167e-05  -8.3839744e-07  1.4261713e-05  -9.7285263e-05  0.00031144966  
-9.8786522e-05  -3.1382448e-05  -8.5294013e-05  4.6575999e-06  6.9184843e-06  0.00040493848  -4.0592918e-05  -3.7563460e-05  2.9457239e-05  -7.4148317e-05  0.00011258447  0.0031254169  0.0000000   0.00026035407  0.00075354622  -0.00050095192  0.00030950665  6.9032755e-05  -7.7335547e-05  0.00045286385  0.00028080333  1.4310686e-05  6.0498961e-05  -7.7033128e-06  -7.9462277e-05  -3.7921061e-05  1.3862223e-05  1.0660257e-05  -1.4661859e-06  -5.9628671e-05  0.00024987506  -9.8786522e-05  -3.1382448e-05  -8.5294013e-05  4.6575999e-06  6.9184843e-06  0.00040493848  -4.0592918e-05  -3.7563460e-05  2.9457239e-05  -7.4148317e-05  0.00011258447  0.0031254169  0.0000000   0.00026035407  0.00075354622  -0.00050095192  0.00030950665  6.9032755e-05  -7.7335547e-05  0.00045286385  0.00028080333  1.4310686e-05  6.0498961e-05  -7.7033128e-06  -7.9462277e-05  -3.7921061e-05  1.3862223e-05  1.0660257e-05  -1.4661859e-06  -5.9628671e-05  0.00024987506  
7.0380570e-06  -0.00024524709  -5.0037711e-05  0.00026651211  -3.3411842e-05  -1.2491755e-05  0.00040319429  0.00033667451  0.00032864911  -0.00050955190  0.0035324978  -0.00019314401  -0.00026035407  0.0000000   8.3546948e-05  0.00016402675  6.0704118e-05  -0.00020386001  0.00027987324  7.9819907e-05  1.5417116e-05  5.2532832e-05  -4.6258846e-05  4.6183203e-05  8.6502223e-06  2.2486126e-05  0.00012010386  -0.00026622148  -9.2646479e-05  4.2013996e-05  9.6517670e-06  7.0380570e-06  -0.00024524709  -5.0037711e-05  0.00026651211  -3.3411842e-05  -1.2491755e-05  0.00040319429  0.00033667451  0.00032864911  -0.00050955190  0.0035324978  -0.00019314401  -0.00026035407  0.0000000   8.3546948e-05  0.00016402675  6.0704118e-05  -0.00020386001  0.00027987324  7.9819907e-05  1.5417116e-05  5.2532832e-05  -4.6258846e-05  4.6183203e-05  8.6502223e-06  2.2486126e-05  0.00012010386  -0.00026622148  -9.2646479e-05  4.2013996e-05  9.6517670e-06  
9.2423517e-05  2.6476134e-05  3.3971803e-05  8.3157964e-06  2.0146953e-05  6.2893026e-05  -8.0669786e-05  3.6802615e-05  -3.3348519e-05  7.0547220e-05  -0.00032274500  -0.0011477867  -0.00075354622  -8.3546948e-05  0.0000000   0.0017231119  0.00025072678  3.7780312e-06  -0.00016575427  0.00063458019  0.00044095663  4.1165937e-06  -0.00014940361  -1.6336711e-05  1.2200510e-05  0.00018655932  2.3838698e-05  7.3782558e-06  1.1460902e-05  1.6975827e-05  -5.3109831e-05  9.2423517e-05  2.6476134e-05  3.3971803e-05  8.3157964e-06  2.0146953e-05  6.2893026e-05  -8.0669786e-05  3.6802615e-05  -3.3348519e-05  7.0547220e-05  -0.00032274500  -0.0011477867  -0.00075354622  -8.3546948e-05  0.0000000   0.0017231119  0.00025072678  3.7780312e-06  -0.00016575427  0.00063458019  0.00044095663  4.1165937e-06  -0.00014940361  -1.6336711e-05  1.2200510e-05  0.00018655932  2.3838698e-05  7.3782558e-06  1.1460902e-05  1.6975827e-05  -5.3109831e-05  
1.3196393e-05  -2.3025497e-05  2.4148117e-05  7.0264210e-05  3.7066603e-05  -0.00036647143  7.5140722e-06  4.2063729e-05  5.3138657e-06  -1.0375344e-05  3.3653068e-05  -0.00022797068  0.00050095192  -0.00016402675  -0.0017231119  0.0000000   0.0015585522  9.5955347e-05  1.6993723e-05  0.00053555046  0.00054834058  -4.9221980e-05  0.00041883098  -1.7790499e-05  0.00018667484  -6.9124492e-05  3.8736386e-05  -1.0188269e-05  -3.0409030e-06  -3.8172540e-05  0.00016164372  1.3196393e-05  -2.3025497e-05  2.4148117e-05  7.0264210e-05  3.7066603e-05  -0.00036647143  7.5140722e-06  4.2063729e-05  5.3138657e-06  -1.0375344e-05  3.3653068e-05  -0.00022797068  0.00050095192  -0.00016402675  -0.0017231119  0.0000000   0.0015585522  9.5955347e-05  1.6993723e-05  0.00053555046  0.00054834058  -4.9221980e-05  0.00041883098  -1.7790499e-05  0.00018667484  -6.9124492e-05  3.8736386e-05  -1.0188269e-05  -3.0409030e-06  -3.8172540e-05  0.00016164372  
-0.00014721616  1.1763269e-05  2.7822646e-05  -1.0123374e-05  -1.9516926e-05  -0.00015489028  -5.0021062e-06  2.2383814e-06  -1.6234117e-05  1.1446170e-05  3.2014222e-05  -0.00016047426  -0.00030950665  -6.0704118e-05  -0.00025072678  -0.0015585522  0.0000000   -5.8813790e-06  0.00033808134  -0.0012759411  -0.00072399413  -6.2930218e-05  0.00063111720  2.9219602e-05  0.00016922229  0.00030192083  -5.7889560e-05  -9.0684781e-06  2.5439479e-06  -5.6148025e-06  -8.3692680e-05  -0.00014721616  1.1763269e-05  2.7822646e-05  -1.0123374e-05  -1.9516926e-05  -0.00015489028  -5.0021062e-06  2.2383814e-06  -1.6234117e-05  1.1446170e-05  3.2014222e-05  -0.00016047426  -0.00030950665  -6.0704118e-05  -0.00025072678  -0.0015585522  0.0000000   -5.8813790e-06  0.00033808134  -0.0012759411  -0.00072399413  -6.2930218e-05  0.00063111720  2.9219602e-05  0.00016922229  0.00030192083  -5.7889560e-05  -9.0684781e-06  2.5439479e-06  -5.6148025e-06  -8.3692680e-05  
-8.7538941e-06  0.00012342063  -0.00024394530  0.00017712780  -8.6106242e-05  -1.8320142e-05  -8.8812547e-05  -6.9075859e-05  1.0241964e-05  0.00036194418  -6.0725197e-05  -3.0032042e-05  -6.9032755e-05  0.00020386001  -3.7780312e-06  -9.5955347e-05  5.8813790e-06  0.0000000   -0.00083823667  -0.00021641785  -4.6021923e-05  0.00078635546  4.4482252e-05  -0.00029650666  -1.3470245e-06  9.2812937e-07  -0.00023849265  4.3643509e-05  8.1285880e-05  7.9471679e-05  2.1139488e-05  -8.7538941e-06  0.00012342063  -0.00024394530  0.00017712780  -8.6106242e-05  -1.8320142e-05  -8.8812547e-05  -6.9075859e-05  1.0241964e-05  0.00036194418  -6.0725197e-05  -3.0032042e-05  -6.9032755e-05  0.00020386001  -3.7780312e-06  -9.5955347e-05  5.8813790e-06  0.0000000   -0.00083823667  -0.00021641785  -4.6021923e-05  0.00078635546  4.4482252e-05  -0.00029650666  -1.3470245e-06  9.2812937e-07  -0.00023849265  4.3643509e-05  8.1285880e-05  7.9471679e-05  2.1139488e-05  
-2.8695085e-05  -9.7175189e-05  0.00031557174  -8.7796462e-07  0.00026145894  8.2021615e-05  6.5219653e-05  0.00021984638  3.0356800e-05  -0.00019331198  -4.8351170e-05  -7.6140708e-05  7.7335547e-05  -0.00027987324  0.00016575427  -1.6993723e-05  -0.00033808134  0.00083823667  0.0000000   -0.00011676373  -0.00024532395  -0.00020621135  8.5918850e-05  -0.00029008884  3.3145469e-06  -9.7980841e-07  0.00066578236  -0.00011111902  -0.00013152318  0.00019049449  6.0009687e-06  -2.8695085e-05  -9.7175189e-05  0.00031557174  -8.7796462e-07  0.00026145894  8.2021615e-05  6.5219653e-05  0.00021984638  3.0356800e-05  -0.00019331198  -4.8351170e-05  -7.6140708e-05  7.7335547e-05  -0.00027987324  0.00016575427  -1.6993723e-05  -0.00033808134  0.00083823667  0.0000000   -0.00011676373  -0.00024532395  -0.00020621135  8.5918850e-05  -0.00029008884  3.3145469e-06  -9.7980841e-07  0.00066578236  -0.00011111902  -0.00013152318  0.00019049449  6.0009687e-06  
6.2114309e-05  -5.2806426e-07  9.7736356e-05  1.7101357e-05  9.3202483e-05  -0.00019753208  -2.6335081e-05  -8.6219698e-06  -1.6232252e-05  -4.3955334e-05  -4.9167000e-05  0.00032882387  -0.00045286385  -7.9819907e-05  -0.00063458019  -0.00053555046  0.0012759411  0.00021641785  0.00011676373  0.0000000   0.00085696428  -3.9444196e-05  -0.00033266217  -5.5554033e-05  0.00015166655  0.00013390535  0.00013129748  -3.2864160e-05  -1.5905116e-05  1.5019153e-05  0.00010223042  6.2114309e-05  -5.2806426e-07  9.7736356e-05  1.7101357e-05  9.3202483e-05  -0.00019753208  -2.6335081e-05  -8.6219698e-06  -1.6232252e-05  -4.3955334e-05  -4.9167000e-05  0.00032882387  -0.00045286385  -7.9819907e-05  -0.00063458019  -0.00053555046  0.0012759411  0.00021641785  0.00011676373  0.0000000   0.00085696428  -3.9444196e-05  -0.00033266217  -5.5554033e-05  0.00015166655  0.00013390535  0.00013129748  -3.2864160e-05  -1.5905116e-05  1.5019153e-05  0.00010223042  
-6.8697983e-05  -4.8813369e-06  -2.8620167e-05  4.0925224e-05  7.6754689e-06  2.1264757e-05  4.6231466e-06  -2.1642388e-05  -6.1344241e-06  -6.7572572e-06  7.6035832e-06  0.00049816751  -0.00028080333  -1.5417116e-05  -0.00044095663  -0.00054834058  0.00072399413  4.6021923e-05  0.00024532395  -0.00085696428  0.0000000   4.8766622e-05  -0.0010840831  -8.6347368e-06  0.00011752522  0.00062482051  1.0307525e-05  -4.5476242e-05  3.3893761e-07  -0.00011609075  0.00045140811  -6.8697983e-05  -4.8813369e-06  -2.8620167e-05  4.0925224e-05  7.6754689e-06  2.1264757e-05  4.6231466e-06  -2.1642388e-05  -6.1344241e-06  -6.7572572e-06  7.6035832e-06  0.00049816751  -0.00028080333  -1.5417116e-05  -0.00044095663  -0.00054834058  0.00072399413  4.6021923e-05  0.00024532395  -0.00085696428  0.0000000   4.8766622e-05  -0.0010840831  -8.6347368e-06  0.00011752522  0.00062482051  1.0307525e-05  -4.5476242e-05  3.3893761e-07  -0.00011609075  0.00045140811  
2.0966418e-06  0.00018718189  -0.00017531410  -0.00012493895  -0.00010708659  -3.3689046e-05  7.4559707e-05  -2.1604186e-05  2.4850422e-05  8.2339506e-05  -0.00011697481  2.2927580e-05  -1.4310686e-05  -5.2532832e-05  -4.1165937e-06  4.9221980e-05  6.2930218e-05  -0.00078635546  0.00020621135  3.9444196e-05  -4.8766622e-05  0.0000000   5.4774296e-06  0.00035991338  -3.2002102e-05  1.1890643e-06  -0.00054887720  -0.00028568683  -0.00042862075  -6.4223328e-05  -3.2509655e-05  2.0966418e-06  0.00018718189  -0.00017531410  -0.00012493895  -0.00010708659  -3.3689046e-05  7.4559707e-05  -2.1604186e-05  2.4850422e-05  8.2339506e-05  -0.00011697481  2.2927580e-05  -1.4310686e-05  -5.2532832e-05  -4.1165937e-06  4.9221980e-05  6.2930218e-05  -0.00078635546  0.00020621135  3.9444196e-05  -4.8766622e-05  0.0000000   5.4774296e-06  0.00035991338  -3.2002102e-05  1.1890643e-06  -0.00054887720  -0.00028568683  -0.00042862075  -6.4223328e-05  -3.2509655e-05  
-5.6418342e-05  8.9151724e-06  -6.5014409e-06  -1.1208660e-06  -4.0777434e-05  7.6020779e-05  1.7390576e-05  1.5586425e-05  -8.8653190e-07  2.0663504e-06  1.4264979e-05  9.2495082e-06  -6.0498961e-05  4.6258846e-05  0.00014940361  -0.00041883098  -0.00063111720  -4.4482252e-05  -8.5918850e-05  0.00033266217  0.0010840831  -5.4774296e-06  0.0000000   6.3422427e-05  0.00059247080  -0.00053547483  -2.0722114e-05  2.2088999e-05  -2.1762204e-05  -0.00013444707  0.00045688479  -5.6418342e-05  8.9151724e-06  -6.5014409e-06  -1.1208660e-06  -4.0777434e-05  7.6020779e-05  1.7390576e-05  1.5586425e-05  -8.8653190e-07  2.0663504e-06  1.4264979e-05  9.2495082e-06  -6.0498961e-05  4.6258846e-05  0.00014940361  -0.00041883098  -0.00063111720  -4.4482252e-05  -8.5918850e-05  0.00033266217  0.0010840831  -5.4774296e-06  0.0000000   6.3422427e-05  0.00059247080  -0.00053547483  -2.0722114e-05  2.2088999e-05  -2.1762204e-05  -0.00013444707  0.00045688479  
-2.3608498e-06  0.00018524677  -7.1446242e-05  0.00010324336  1.1868347e-05  -4.9234170e-07  -0.00011876511  -0.00019243128  -0.00016201495  0.00022405052  -0.00025773275  -9.7349302e-07  7.7033128e-06  -4.6183203e-05  1.6336711e-05  1.7790499e-05  -2.9219602e-05  0.00029650666  0.00029008884  5.5554033e-05  8.6347368e-06  -0.00035991338  -6.3422427e-05  0.0000000   -5.2359850e-05  1.6751369e-05  -0.0010983681  0.00043111816  0.00016496689  -1.5068633e-05  2.1753787e-05  -2.3608498e-06  0.00018524677  -7.1446242e-05  0.00010324336  1.1868347e-05  -4.9234170e-07  -0.00011876511  -0.00019243128  -0.00016201495  0.00022405052  -0.00025773275  -9.7349302e-07  7.7033128e-06  -4.6183203e-05  1.6336711e-05  1.7790499e-05  -2.9219602e-05  0.00029650666  0.00029008884  5.5554033e-05  8.6347368e-06  -0.00035991338  -6.3422427e-05  0.0000000   -5.2359850e-05  1.6751369e-05  -0.0010983681  0.00043111816  0.00016496689  -1.5068633e-05  2.1753787e-05  
5.4278008e-05  -1.5566487e-06  2.8813865e-05  -3.0114505e-06  1.9126567e-05  -0.00026164691  -1.0823188e-05  1.5532982e-05  8.6047805e-06  -1.1583729e-06  1.0132415e-05  -0.00017486265  7.9462277e-05  -8.6502223e-06  -1.2200510e-05  -0.00018667484  -0.00016922229  1.3470245e-06  -3.3145469e-06  -0.00015166655  -0.00011752522  3.2002102e-05  -0.00059247080  5.2359850e-05  0.0000000   -0.00029650643  5.0385980e-05  4.0902580e-07  -9.6680372e-06  -2.9375934e-05  0.00011966011  5.4278008e-05  -1.5566487e-06  2.8813865e-05  -3.0114505e-06  1.9126567e-05  -0.00026164691  -1.0823188e-05  1.5532982e-05  8.6047805e-06  -1.1583729e-06  1.0132415e-05  -0.00017486265  7.9462277e-05  -8.6502223e-06  -1.2200510e-05  -0.00018667484  -0.00016922229  1.3470245e-06  -3.3145469e-06  -0.00015166655  -0.00011752522  3.2002102e-05  -0.00059247080  5.2359850e-05  0.0000000   -0.00029650643  5.0385980e-05  4.0902580e-07  -9.6680372e-06  -2.9375934e-05  0.00011966011  
3.4167735e-05  1.4606367e-05  5.3914271e-06  1.0344298e-05  4.2383368e-05  -0.00020817676  -1.2263942e-05  -2.1728763e-05  6.0671230e-06  -8.2725965e-06  2.5693898e-05  -0.00010768744  3.7921061e-05  -2.2486126e-05  -0.00018655932  6.9124492e-05  -0.00030192083  -9.2812937e-07  9.7980841e-07  -0.00013390535  -0.00062482051  -1.1890643e-06  0.00053547483  -1.6751369e-05  0.00029650643  0.0000000   -4.9192927e-05  1.4880588e-05  4.1740165e-05  9.6824669e-05  -0.00024496124  3.4167735e-05  1.4606367e-05  5.3914271e-06  1.0344298e-05  4.2383368e-05  -0.00020817676  -1.2263942e-05  -2.1728763e-05  6.0671230e-06  -8.2725965e-06  2.5693898e-05  -0.00010768744  3.7921061e-05  -2.2486126e-05  -0.00018655932  6.9124492e-05  -0.00030192083  -9.2812937e-07  9.7980841e-07  -0.00013390535  -0.00062482051  -1.1890643e-06  0.00053547483  -1.6751369e-05  0.00029650643  0.0000000   -4.9192927e-05  1.4880588e-05  4.1740165e-05  9.6824669e-05  -0.00024496124  
-6.1353299e-06  -8.0575678e-05  -0.00042255472  7.5216241e-05  -0.00012578491  -2.1946812e-05  1.4742882e-06  -0.00023132375  0.00015967636  -3.3897427e-05  7.6047399e-05  -1.5375167e-05  -1.3862223e-05  -0.00012010386  -2.3838698e-05  -3.8736386e-05  5.7889560e-05  0.00023849265  -0.00066578236  -0.00013129748  -1.0307525e-05  0.00054887720  2.0722114e-05  0.0010983681  -5.0385980e-05  4.9192927e-05  0.0000000   0.00017123764  1.5662186e-05  0.00053694843  0.00012200894  -6.1353299e-06  -8.0575678e-05  -0.00042255472  7.5216241e-05  -0.00012578491  -2.1946812e-05  1.4742882e-06  -0.00023132375  0.00015967636  -3.3897427e-05  7.6047399e-05  -1.5375167e-05  -1.3862223e-05  -0.00012010386  -2.3838698e-05  -3.8736386e-05  5.7889560e-05  0.00023849265  -0.00066578236  -0.00013129748  -1.0307525e-05  0.00054887720  2.0722114e-05  0.0010983681  -5.0385980e-05  4.9192927e-05  0.0000000   0.00017123764  1.5662186e-05  0.00053694843  0.00012200894  
-7.5931501e-06  2.2158345e-05  -2.7396067e-05  -3.4410322e-05  0.00015378908  1.7676652e-05  0.00023280557  -5.9010075e-05  3.7356336e-05  -8.3713255e-05  4.4451065e-05  8.3839744e-07  -1.0660257e-05  0.00026622148  -7.3782558e-06  1.0188269e-05  9.0684781e-06  -4.3643509e-05  0.00011111902  3.2864160e-05  4.5476242e-05  0.00028568683  -2.2088999e-05  -0.00043111816  -4.0902580e-07  -1.4880588e-05  -0.00017123764  0.0000000   0.00030636042  3.4157961e-06  4.0676891e-05  -7.5931501e-06  2.2158345e-05  -2.7396067e-05  -3.4410322e-05  0.00015378908  1.7676652e-05  0.00023280557  -5.9010075e-05  3.7356336e-05  -8.3713255e-05  4.4451065e-05  8.3839744e-07  -1.0660257e-05  0.00026622148  -7.3782558e-06  1.0188269e-05  9.0684781e-06  -4.3643509e-05  0.00011111902  3.2864160e-05  4.5476242e-05  0.00028568683  -2.2088999e-05  -0.00043111816  -4.0902580e-07  -1.4880588e-05  -0.00017123764  0.0000000   0.00030636042  3.4157961e-06  4.0676891e-05  
-9.1579209e-06  -6.9386831e-05  -1.5723882e-05  -0.00016281861  0.00017851645  6.6565477e-06  0.00018266765  -3.1702734e-05  0.00013305394  -0.00012906724  0.00023029272  -1.4261713e-05  1.4661859e-06  9.2646479e-05  -1.1460902e-05  3.0409030e-06  -2.5439479e-06  -8.1285880e-05  0.00013152318  1.5905116e-05  -3.3893761e-07  0.00042862075  2.1762204e-05  -0.00016496689  9.6680372e-06  -4.1740165e-05  -1.5662186e-05  -0.00030636042  0.0000000   0.0014200066  0.00040022127  -9.1579209e-06  -6.9386831e-05  -1.5723882e-05  -0.00016281861  0.00017851645  6.6565477e-06  0.00018266765  -3.1702734e-05  0.00013305394  -0.00012906724  0.00023029272  -1.4261713e-05  1.4661859e-06  9.2646479e-05  -1.1460902e-05  3.0409030e-06  -2.5439479e-06  -8.1285880e-05  0.00013152318  1.5905116e-05  -3.3893761e-07  0.00042862075  2.1762204e-05  -0.00016496689  9.6680372e-06  -4.1740165e-05  -1.5662186e-05  -0.00030636042  0.0000000   0.0014200066  0.00040022127  
-2.5923706e-05  -1.8420220e-05  2.6834802e-05  5.5355047e-05  2.1286960e-07  -1.4386359e-05  1.9175558e-05  -3.5930545e-05  -0.00015558929  -3.8236549e-05  5.1010946e-07  9.7285263e-05  5.9628671e-05  -4.2013996e-05  -1.6975827e-05  3.8172540e-05  5.6148025e-06  -7.9471679e-05  -0.00019049449  -1.5019153e-05  0.00011609075  6.4223328e-05  0.00013444707  1.5068633e-05  2.9375934e-05  -9.6824669e-05  -0.00053694843  -3.4157961e-06  -0.0014200066  0.0000000   2.2327010e-05  -2.5923706e-05  -1.8420220e-05  2.6834802e-05  5.5355047e-05  2.1286960e-07  -1.4386359e-05  1.9175558e-05  -3.5930545e-05  -0.00015558929  -3.8236549e-05  5.1010946e-07  9.7285263e-05  5.9628671e-05  -4.2013996e-05  -1.6975827e-05  3.8172540e-05  5.6148025e-06  -7.9471679e-05  -0.00019049449  -1.5019153e-05  0.00011609075  6.4223328e-05  0.00013444707  1.5068633e-05  2.9375934e-05  -9.6824669e-05  -0.00053694843  -3.4157961e-06  -0.0014200066  0.0000000   2.2327010e-05  
9.0181621e-05  -5.0165085e-06  5.4361565e-06  1.1854830e-05  -9.1229151e-06  7.5042928e-05  1.4891156e-05  8.6610410e-06  -4.6329552e-05  -1.0098980e-05  3.6029257e-06  -0.00031144966  -0.00024987506  -9.6517670e-06  5.3109831e-05  -0.00016164372  8.3692680e-05  -2.1139488e-05  -6.0009687e-06  -0.00010223042  -0.00045140811  3.2509655e-05  -0.00045688479  -2.1753787e-05  -0.00011966011  0.00024496124  -0.00012200894  -4.0676891e-05  -0.00040022127  -2.2327010e-05  0.0000000   9.0181621e-05  -5.0165085e-06  5.4361565e-06  1.1854830e-05  -9.1229151e-06  7.5042928e-05  1.4891156e-05  8.6610410e-06  -4.6329552e-05  -1.0098980e-05  3.6029257e-06  -0.00031144966  -0.00024987506  -9.6517670e-06  5.3109831e-05  -0.00016164372  8.3692680e-05  -2.1139488e-05  -6.0009687e-06  -0.00010223042  -0.00045140811  3.2509655e-05  -0.00045688479  -2.1753787e-05  -0.00011966011  0.00024496124  -0.00012200894  -4.0676891e-05  -0.00040022127  -2.2327010e-05  0.0000000   
0.0000000   -0.00011750670  -0.00011561263  8.8945878e-05  2.9387442e-05  -4.9776941e-05  8.9981455e-06  6.4962313e-05  -7.8799513e-06  1.6964766e-05  6.2424744e-07  -6.7534513e-05  9.8786522e-05  -7.0380570e-06  -9.2423517e-05  -1.3196393e-05  0.00014721616  8.7538941e-06  2.8695085e-05  -6.2114309e-05  6.8697983e-05  -2.0966418e-06  5.6418342e-05  2.3608498e-06  -5.4278008e-05  -3.4167735e-05  6.1353299e-06  7.5931501e-06  9.1579209e-06  2.5923706e-05  -9.0181621e-05  0.0000000   -0.00011750670  -0.00011561263  8.8945878e-05  2.9387442e-05  -4.9776941e-05  8.9981455e-06  6.4962313e-05  -7.8799513e-06  1.6964766e-05  6.2424744e-07  -6.7534513e-05  9.8786522e-05  -7.0380570e-06  -9.2423517e-05  -1.3196393e-05  0.00014721616  8.7538941e-06  2.8695085e-05  -6.2114309e-05  6.8697983e-05  -2.0966418e-06  5.6418342e-05  2.3608498e-06  -5.4278008e-05  -3.4167735e-05  6.1353299e-06  7.5931501e-06  9.1579209e-06  2.5923706e-05  -9.0181621e-05  
0.00011750670  0.0000000   0.0013251757  0.00010923792  -0.00064497527  7.0230449e-05  -0.00016810520  -0.0011249351  -0.00021935865  -0.00064265142  -0.00014011194  -4.7866903e-06  3.1382448e-05  0.00024524709  -2.6476134e-05  2.3025497e-05  -1.1763269e-05  -0.00012342063  9.7175189e-05  5.2806426e-07  4.8813369e-06  -0.00018718189  -8.9151724e-06  -0.00018524677  1.5566487e-06  -1.4606367e-05  8.0575678e-05  -2.2158345e-05  6.9386831e-05  1.8420220e-05  5.0165085e-06  0.00011750670  0.0000000   0.0013251757  0.00010923792  -0.00064497527  7.0230449e-05  -0.00016810520  -0.0011249351  -0.00021935865  -0.00064265142  -0.00014011194  -4.7866903e-06  3.1382448e-05  0.00024524709  -2.6476134e-05  2.3025497e-05  -1.1763269e-05  -0.00012342063  9.7175189e-05  5.2806426e-07  4.8813369e-06  -0.00018718189  -8.9151724e-06  -0.00018524677  1.5566487e-06  -1.4606367e-05  8.0575678e-05  -2.2158345e-05  6.9386831e-05  1.8420220e-05  5.0165085e-06  
0.00011561263  -0.0013251757  0.0000000   0.0020138589  -0.0029800200  -0.00016834217  -0.00032275930  -0.0017312793  0.00012949103  8.3497773e-05  -0.00018546375  -5.6081168e-05  8.5294013e-05  5.0037711e-05  -3.3971803e-05  -2.4148117e-05  -2.7822646e-05  0.00024394530  -0.00031557174  -9.7736356e-05  2.8620167e-05  0.00017531410  6.5014409e-06  7.1446242e-05  -2.8813865e-05  -5.3914271e-06  0.00042255472  2.7396067e-05  1.5723882e-05  -2.6834802e-05  -5.4361565e-06  0.00011561263  -0.0013251757  0.0000000   0.0020138589  -0.0029800200  -0.00016834217  -0.00032275930  -0.0017312793  0.00012949103  8.3497773e-05  -0.00018546375  -5.6081168e-05  8.5294013e-05  5.0037711e-05  -3.3971803e-05  -2.4148117e-05  -2.7822646e-05  0.00024394530  -0.00031557174  -9.7736356e-05  2.8620167e-05  0.00017531410  6.5014409e-06  7.1446242e-05  -2.8813865e-05  -5.3914271e-06  0.00042255472  2.7396067e-05  1.5723882e-05  -2.6834802e-05  -5.4361565e-06  
-8.8945878e-05  -0.00010923792  -0.0020138589  0.0000000   0.0052124411  0.00050545701  -0.00078391738  1.7004430e-06  0.00053877589  -0.0014946589  0.00054593265  -0.00010487162  -4.6575999e-06  -0.00026651211  -8.3157964e-06  -7.0264210e-05  1.0123374e-05  -0.00017712780  8.7796462e-07  -1.7101357e-05  -4.0925224e-05  0.00012493895  1.1208660e-06  -0.00010324336  3.0114505e-06  -1.0344298e-05  -7.5216241e-05  3.4410322e-05  0.00016281861  -5.5355047e-05  -1.1854830e-05  -8.8945878e-05  -0.00010923792  -0.0020138589  0.0000000   0.0052124411  0.00050545701  -0.00078391738  1.7004430e-06  0.00053877589  -0.0014946589  0.00054593265  -0.00010487162  -4.6575999e-06  -0.00026651211  -8.3157964e-06  -7.0264210e-05  1.0123374e-05  -0.00017712780  8.7796462e-07  -1.7101357e-05  -4.0925224e-05  0.00012493895  1.1208660e-06  -0.00010324336  3.0114505e-06  -1.0344298e-05  -7.5216241e-05  3.4410322e-05  0.00016281861  -5.5355047e-05  -1.1854830e-05  
-2.9387442e-05  0.00064497527  0.0029800200  -0.0052124411  0.0000000   -3.7502359e-05  -0.00031781432  -0.00048754309  -0.00033997149  0.00035767619  -3.1814846e-05  -9.4298855e-06  -6.9184843e-06  3.3411842e-05  -2.0146953e-05  -3.7066603e-05  1.9516926e-05  8.6106242e-05  -0.00026145894  -9.3202483e-05  -7.6754689e-06  0.00010708659  4.0777434e-05  -1.1868347e-05  -1.9126567e-05  -4.2383368e-05  0.00012578491  -0.00015378908  -0.00017851645  -2.1286960e-07  9.1229151e-06  -2.9387442e-05  0.00064497527  0.0029800200  -0.0052124411  0.0000000   -3.7502359e-05  -0.00031781432  -0.00048754309  -0.00033997149  0.00035767619  -3.1814846e-05  -9.4298855e-06  -6.9184843e-06  3.3411842e-05  -2.0146953e-05  -3.7066603e-05  1.9516926e-05  8.6106242e-05  -0.00026145894  -9.3202483e-05  -7.6754689e-06  0.00010708659  4.0777434e-05  -1.1868347e-05  -1.9126567e-05  -4.2383368e-05  0.00012578491  -0.00015378908  -0.00017851645  -2.1286960e-07  9.1229151e-06  
4.9776941e-05  -7.0230449e-05  0.00016834217  -0.00050545701  3.7502359e-05  0.0000000   4.9129772e-05  -0.00027239090  -2.3729704e-05  -8.2065022e-05  -3.5335838e-05  0.00035563960  -0.00040493848  1.2491755e-05  -6.2893026e-05  0.00036647143  0.00015489028  1.8320142e-05  -8.2021615e-05  0.00019753208  -2.1264757e-05  3.3689046e-05  -7.6020779e-05  4.9234170e-07  0.00026164691  0.00020817676  2.1946812e-05  -1.7676652e-05  -6.6565477e-06  1.4386359e-05  -7.5042928e-05  4.9776941e-05  -7.0230449e-05  0.00016834217  -0.00050545701  3.7502359e-05  0.0000000   4.9129772e-05  -0.00027239090  -2.3729704e-05  -8.2065022e-05  -3.5335838e-05  0.00035563960  -0.00040493848  1.2491755e-05  -6.2893026e-05  0.00036647143  0.00015489028  1.8320142e-05  -8.2021615e-05  0.00019753208  -2.1264757e-05  3.3689046e-05  -7.6020779e-05  4.9234170e-07  0.00026164691  0.00020817676  2.1946812e-05  -1.7676652e-05  -6.6565477e-06  1.4386359e-05  -7.5042928e-05  
-8.9981455e-06  0.00016810520  0.00032275930  0.00078391738  0.00031781432  -4.9129772e-05  0.0000000   0.0035928876  -0.00086009310  0.00059827780  -0.00032532665  0.00015195404  4.0592918e-05  -0.00040319429  8.0669786e-05  -7.5140722e-06  5.0021062e-06  8.8812547e-05  -6.5219653e-05  2.6335081e-05  -4.6231466e-06  -7.4559707e-05  -1.7390576e-05  0.00011876511  1.0823188e-05  1.2263942e-05  -1.4742882e-06  -0.00023280557  -0.00018266765  -1.9175558e-05  -1.4891156e-05  -8.9981455e-06  0.00016810520  0.00032275930  0.00078391738  0.00031781432  -4.9129772e-05  0.0000000   0.0035928876  -0.00086009310  0.00059827780  -0.00032532665  0.00015195404  4.0592918e-05  -0.00040319429  8.0669786e-05  -7.5140722e-06  5.0021062e-06  8.8812547e-05  -6.5219653e-05  2.6335081e-05  -4.6231466e-06  -7.4559707e-05  -1.7390576e-05  0.00011876511  1.0823188e-05  1.2263942e-05  -1.4742882e-06  -0.00023280557  -0.00018266765  -1.9175558e-05  -1.4891156e-05  
-6.4962313e-05  0.0011249351  0.0017312793  -1.7004430e-06  0.00048754309  0.00027239090  -0.0035928876  0.0000000   0.00092378368  0.00056278893  0.00098718632  -3.0972484e-06  3.7563460e-05  -0.00033667451  -3.6802615e-05  -4.2063729e-05  -2.2383814e-06  6.9075859e-05  -0.00021984638  8.6219698e-06  2.1642388e-05  2.1604186e-05  -1.5586425e-05  0.00019243128  -1.5532982e-05  2.1728763e-05  0.00023132375  5.9010075e-05  3.1702734e-05  3.5930545e-05  -8.6610410e-06  -6.4962313e-05  0.0011249351  0.0017312793  -1.7004430e-06  0.00048754309  0.00027239090  -0.0035928876  0.0000000   0.00092378368  0.00056278893  0.00098718632  -3.0972484e-06  3.7563460e-05  -0.00033667451  -3.6802615e-05  -4.2063729e-05  -2.2383814e-06  6.9075859e-05  -0.00021984638  8.6219698e-06  2.1642388e-05  2.1604186e-05  -1.5586425e-05  0.00019243128  -1.5532982e-05  2.1728763e-05  0.00023132375  5.9010075e-05  3.1702734e-05  3.5930545e-05  -8.6610410e-06  
7.8799513e-06  0.00021935865  -0.00012949103  -0.00053877589  0.00033997149  2.3729704e-05  0.00086009310  -0.00092378368  0.0000000   0.0011515309  0.00034966250  3.7386025e-05  -2.9457239e-05  -0.00032864911  3.3348519e-05  -5.3138657e-06  1.6234117e-05  -1.0241964e-05  -3.0356800e-05  1.6232252e-05  6.1344241e-06  -2.4850422e-05  8.8653190e-07  0.00016201495  -8.6047805e-06  -6.0671230e-06  -0.00015967636  -3.7356336e-05  -0.00013305394  0.00015558929  4.6329552e-05  7.8799513e-06  0.00021935865  -0.00012949103  -0.00053877589  0.00033997149  2.3729704e-05  0.00086009310  -0.00092378368  0.0000000   0.0011515309  0.00034966250  3.7386025e-05  -2.9457239e-05  -0.00032864911  3.3348519e-05  -5.3138657e-06  1.6234117e-05  -1.0241964e-05  -3.0356800e-05  1.6232252e-05  6.1344241e-06  -2.4850422e-05  8.8653190e-07  0.00016201495  -8.6047805e-06  -6.0671230e-06  -0.00015967636  -3.7356336e-05  -0.00013305394  0.00015558929  4.6329552e-05  
-1.6964766e-05  0.00064265142  -8.3497773e-05  0.0014946589  -0.00035767619  8.2065022e-05  -0.00059827780  -0.00056278893  -0.0011515309  0.0000000   0.00081800031  -7.6469163e-05  7.4148317e-05  0.00050955190  -7.0547220e-05  1.0375344e-05  -1.1446170e-05  -0.00036194418  0.00019331198  4.3955334e-05  6.7572572e-06  -8.2339506e-05  -2.0663504e-06  -0.00022405052  1.1583729e-06  8.2725965e-06  3.3897427e-05  8.3713255e-05  0.00012906724  3.8236549e-05  1.0098980e-05  -1.6964766e-05  0.00064265142  -8.3497773e-05  0.0014946589  -0.00035767619  8.2065022e-05  -0.00059827780  -0.00056278893  -0.0011515309  0.0000000   0.00081800031  -7.6469163e-05  7.4148317e-05  0.00050955190  -7.0547220e-05  1.0375344e-05  -1.1446170e-05  -0.00036194418  0.00019331198  4.3955334e-05  6.7572572e-06  -8.2339506e-05  -2.0663504e-06  -0.00022405052  1.1583729e-06  8.2725965e-06  3.3897427e-05  8.3713255e-05  0.00012906724  3.8236549e-05  1.0098980e-05  
