0.0000000   0.0014317374  -0.00026516726  0.00011995383  -5.4310715e-05  0.00020574355  3.8536920e-05  -0.00021372780  1.3675800e-05  -7.2409637e-05  -2.3506433e-06  -2.8521859e-05  -0.00010063817  6.7594894e-07  -2.6550498e-05  -1.4284397e-06  1.3722995e-05  1.3677233e-05  8.2735939e-05  8.7317169e-05  2.4632006e-05  -2.0463645e-06  -1.8334982e-07  -3.2090025e-06  -3.1411448e-05  -4.6574688e-05  2.8729419e-06  5.0613009e-05  -0.00012852177  8.3001510e-06  -3.9508215e-05  0.0000000   0.0014317374  -0.00026516726  0.00011995383  -5.4310715e-05  0.00020574355  3.8536920e-05  -0.00021372780  1.3675800e-05  -7.2409637e-05  -2.3506433e-06  -2.8521859e-05  -0.00010063817  6.7594894e-07  -2.6550498e-05  -1.4284397e-06  1.3722995e-05  1.3677233e-05  8.2735939e-05  8.7317169e-05  2.4632006e-05  -2.0463645e-06  -1.8334982e-07  -3.2090025e-06  -3.1411448e-05  -4.6574688e-05  2.8729419e-06  5.0613009e-05  -0.00012852177  8.3001510e-06  -3.9508215e-05  
-0.0014317374  0.0000000   -0.00080825845  -0.0025720278  -3.2724472e-06  -0.00079032084  0.0016804843  -0.0018531532  -0.00023271018  -0.00051462357  6.3252662e-05  -6.8372777e-05  0.00079567268  -3.0166207e-05  0.00014021679  2.4533160e-05  7.5707228e-05  5.1974288e-06  -0.00041658609  -0.00036651844  -0.00013879054  -1.5040393e-05  -5.5859426e-05  1.6550440e-05  9.2471251e-05  -0.00028193785  3.4652178e-05  -0.00048485098  -0.00010157945  0.00018839118  -0.00023505910  -0.0014317374  0.0000000   -0.00080825845  -0.0025720278  -3.2724472e-06  -0.00079032084  0.0016804843  -0.0018531532  -0.00023271018  -0.00051462357  6.3252662e-05  -6.8372777e-05  0.00079567268  -3.0166207e-05  0.00014021679  2.4533160e-05  7.5707228e-05  5.1974288e-06  -0.00041658609  -0.00036651844  -0.00013879054  -1.5040393e-05  -5.5859426e-05  1.6550440e-05  9.2471251e-05  -0.00028193785  3.4652178e-05  -0.00048485098  -0.00010157945  0.00018839118  -0.00023505910  
0.00026516726  0.00080825845  0.0000000   0.0010356894  -0.00033690996  -0.0027102246  0.00061256329  -0.00028330627  -0.0012786290  -0.00020499879  0.00024421162  -0.00021190136  0.00011323398  -0.00017181298  -5.6522509e-05  -7.7399712e-05  0.00042111102  0.00010102818  0.00010786332  8.5415800e-05  -8.8963014e-05  2.7395316e-05  -0.00040545537  0.00014811444  2.8565086e-05  0.00012506380  2.7065961e-05  4.2994746e-05  6.5819278e-05  -4.1129789e-05  -7.4435799e-05  0.00026516726  0.00080825845  0.0000000   0.0010356894  -0.00033690996  -0.0027102246  0.00061256329  -0.00028330627  -0.0012786290  -0.00020499879  0.00024421162  -0.00021190136  0.00011323398  -0.00017181298  -5.6522509e-05  -7.7399712e-05  0.00042111102  0.00010102818  0.00010786332  8.5415800e-05  -8.8963014e-05  2.7395316e-05  -0.00040545537  0.00014811444  2.8565086e-05  0.00012506380  2.7065961e-05  4.2994746e-05  6.5819278e-05  -4.1129789e-05  -7.4435799e-05  
-0.00011995383  0.0025720278  -0.0010356894  0.0000000   1.5601336e-05  -0.010087737  0.0027213930  -0.0015544624  -0.00042051102  -0.00068681120  0.00021321482  4.0978141e-05  0.00088338287  -9.0114188e-05  9.2091260e-05  0.00013090714  -8.1499476e-05  -2.9464247e-05  -0.00035414536  -0.00023825934  -0.00023340249  -0.00014441051  -2.1897990e-05  -4.7891781e-06  0.00017318010  0.00011235304  -5.1663882e-06  -0.00045925883  -0.00011603693  5.4545100e-05  -0.00012966136  -0.00011995383  0.0025720278  -0.0010356894  0.0000000   1.5601336e-05  -0.010087737  0.0027213930  -0.0015544624  -0.00042051102  -0.00068681120  0.00021321482  4.0978141e-05  0.00088338287  -9.0114188e-05  9.2091260e-05  0.00013090714  -8.1499476e-05  -2.9464247e-05  -0.00035414536  -0.00023825934  -0.00023340249  -0.00014441051  -2.1897990e-05  -4.7891781e-06  0.00017318010  0.00011235304  -5.1663882e-06  -0.00045925883  -0.00011603693  5.4545100e-05  -0.00012966136  
5.4310715e-05  3.2724472e-06  0.00033690996  -1.5601336e-05  0.0000000   0.0072797408  -0.00070247309  0.0029018088  0.00044524033  0.00036405630  -0.00016629952  -4.7190358e-06  -0.00040155233  7.1076138e-05  -0.00030254849  -5.6025352e-05  -8.9917643e-06  -5.5903428e-06  -0.00016028261  -0.00040199202  0.00016307501  5.6409039e-05  4.6547053e-05  -2.2020202e-05  -0.00017697372  -2.1748476e-06  -2.3208990e-05  0.00013795340  0.00024171262  0.00017563023  9.7300760e-05  5.4310715e-05  3.2724472e-06  0.00033690996  -1.5601336e-05  0.0000000   0.0072797408  -0.00070247309  0.0029018088  0.00044524033  0.00036405630  -0.00016629952  -4.7190358e-06  -0.00040155233  7.1076138e-05  -0.00030254849  -5.6025352e-05  -8.9917643e-06  -5.5903428e-06  -0.00016028261  -0.00040199202  0.00016307501  5.6409039e-05  4.6547053e-05  -2.2020202e-05  -0.00017697372  -2.1748476e-06  -2.3208990e-05  0.00013795340  0.00024171262  0.00017563023  9.7300760e-05  
-0.00020574355  0.00079032084  0.0027102246  0.010087737  -0.0072797408  0.0000000   0.0069216589  -0.0027293627  0.00031924542  -0.0014328286  6.0779994e-05  -0.00012615128  0.00052886085  -7.6474195e-05  -0.00027172920  -4.2902544e-05  9.8344132e-05  4.6395634e-05  -0.00013893402  -0.00051280579  -0.00012035731  4.0991315e-05  -5.5565501e-05  8.6058599e-06  -0.00018498438  -5.9511164e-05  -3.9407197e-05  -0.00049393288  6.1282135e-05  0.00029604505  -0.00047677899  -0.00020574355  0.00079032084  0.0027102246  0.010087737  -0.0072797408  0.0000000   0.0069216589  -0.0027293627  0.00031924542  -0.0014328286  6.0779994e-05  -0.00012615128  0.00052886085  -7.6474195e-05  -0.00027172920  -4.2902544e-05  9.8344132e-05  4.6395634e-05  -0.00013893402  -0.00051280579  -0.00012035731  4.0991315e-05  -5.5565501e-05  8.6058599e-06  -0.00018498438  -5.9511164e-05  -3.9407197e-05  -0.00049393288  6.1282135e-05  0.00029604505  -0.00047677899  
-3.8536920e-05  -0.0016804843  -0.00061256329  -0.0027213930  0.00070247309  -0.0069216589  0.0000000   0.00046968933  -0.00063846172  0.00054308484  0.00018089629  5.2958494e-05  -0.00019055821  -7.0297109e-05  0.00018140877  4.8624361e-05  -2.1415941e-06  -4.6751060e-05  0.00015150592  0.00047474827  0.00010544477  -0.00025992236  -0.00014398258  0.00010210895  0.00014047877  0.00011630054  2.2236260e-05  0.00035173991  -8.7766822e-05  -0.00017014285  0.00010896607  -3.8536920e-05  -0.0016804843  -0.00061256329  -0.0027213930  0.00070247309  -0.0069216589  0.0000000   0.00046968933  -0.00063846172  0.00054308484  0.00018089629  5.2958494e-05  -0.00019055821  -7.0297109e-05  0.00018140877  4.8624361e-05  -2.1415941e-06  -4.6751060e-05  0.00015150592  0.00047474827  0.00010544477  -0.00025992236  -0.00014398258  0.00010210895  0.00014047877  0.00011630054  2.2236260e-05  0.00035173991  -8.7766822e-05  -0.00017014285  0.00010896607  
0.00021372780  0.0018531532  0.00028330627  0.0015544624  -0.0029018088  0.0027293627  -0.00046968933  0.0000000   0.00028746076  -0.0013517038  -2.5902836e-05  -7.1743320e-05  0.00026756196  -5.5736676e-05  -0.00068538457  -2.8115970e-06  3.8851626e-05  3.7294305e-05  0.00046618370  -0.00055019142  -0.00040372192  0.00061188483  0.00017720455  4.4530738e-06  -0.00019397475  -0.00012568379  -5.5093919e-06  -0.00046211036  0.00012929624  0.00028291658  -2.4890179e-05  0.00021372780  0.0018531532  0.00028330627  0.0015544624  -0.0029018088  0.0027293627  -0.00046968933  0.0000000   0.00028746076  -0.0013517038  -2.5902836e-05  -7.1743320e-05  0.00026756196  -5.5736676e-05  -0.00068538457  -2.8115970e-06  3.8851626e-05  3.7294305e-05  0.00046618370  -0.00055019142  -0.00040372192  0.00061188483  0.00017720455  4.4530738e-06  -0.00019397475  -0.00012568379  -5.5093919e-06  -0.00046211036  0.00012929624  0.00028291658  -2.4890179e-05  
-1.3675800e-05  0.00023271018  0.0012786290  0.00042051102  -0.00044524033  -0.00031924542  0.00063846172  -0.00028746076  0.0000000   -0.00020309687  8.2747957e-05  -0.00088043040  9.0221896e-05  -0.00028568212  5.0307882e-05  -0.00061966050  0.00040401091  0.00027103700  -0.00012919904  3.0418257e-06  3.0657319e-05  2.0727224e-07  6.4464975e-05  -0.00043328646  -1.0380687e-05  -1.4313996e-05  -5.1524268e-06  -2.2915354e-05  -4.5063009e-05  -1.7738138e-05  -7.8575584e-06  -1.3675800e-05  0.00023271018  0.0012786290  0.00042051102  -0.00044524033  -0.00031924542  0.00063846172  -0.00028746076  0.0000000   -0.00020309687  8.2747957e-05  -0.00088043040  9.0221896e-05  -0.00028568212  5.0307882e-05  -0.00061966050  0.00040401091  0.00027103700  -0.00012919904  3.0418257e-06  3.0657319e-05  2.0727224e-07  6.4464975e-05  -0.00043328646  -1.0380687e-05  -1.4313996e-05  -5.1524268e-06  -2.2915354e-05  -4.5063009e-05  -1.7738138e-05  -7.8575584e-06  
7.2409637e-05  0.00051462357  0.00020499879  0.00068681120  -0.00036405630  0.0014328286  -0.00054308484  0.0013517038  0.00020309687  0.0000000   -2.4021698e-05  5.0717857e-05  0.00084999344  3.8150092e-05  -0.00020945395  -2.5687612e-05  -4.7720189e-05  5.5540081e-06  -0.00021138893  -0.00028721134  -0.00020722775  -0.00014803526  6.0761798e-05  -7.8660365e-05  0.00017807961  0.00020435672  -5.0041812e-05  -0.00031111514  5.1190492e-05  0.00021979541  -0.00027809973  7.2409637e-05  0.00051462357  0.00020499879  0.00068681120  -0.00036405630  0.0014328286  -0.00054308484  0.0013517038  0.00020309687  0.0000000   -2.4021698e-05  5.0717857e-05  0.00084999344  3.8150092e-05  -0.00020945395  -2.5687612e-05  -4.7720189e-05  5.5540081e-06  -0.00021138893  -0.00028721134  -0.00020722775  -0.00014803526  6.0761798e-05  -7.8660365e-05  0.00017807961  0.00020435672  -5.0041812e-05  -0.00031111514  5.1190492e-05  0.00021979541  -0.00027809973  
2.3506433e-06  -6.3252662e-05  -0.00024421162  -0.00021321482  0.00016629952  -6.0779994e-05  -0.00018089629  2.5902836e-05  -8.2747957e-05  2.4021698e-05  0.0000000   0.00012359963  -8.5322466e-05  0.0013242371  -2.5283773e-05  3.3664452e-05  -0.00017862547  -0.00022637052  0.00013304380  -2.1480456e-05  -4.4952660e-05  -4.6542057e-06  3.7255627e-05  0.00022996434  -2.0465632e-05  -3.3303195e-05  -0.00032237398  7.8565398e-06  4.8857116e-06  -2.3008162e-06  1.5095087e-05  2.3506433e-06  -6.3252662e-05  -0.00024421162  -0.00021321482  0.00016629952  -6.0779994e-05  -0.00018089629  2.5902836e-05  -8.2747957e-05  2.4021698e-05  0.0000000   0.00012359963  -8.5322466e-05  0.0013242371  -2.5283773e-05  3.3664452e-05  -0.00017862547  -0.00022637052  0.00013304380  -2.1480456e-05  -4.4952660e-05  -4.6542057e-06  3.7255627e-05  0.00022996434  -2.0465632e-05  -3.3303195e-05  -0.00032237398  7.8565398e-06  4.8857116e-06  -2.3008162e-06  1.5095087e-05  
2.8521859e-05  6.8372777e-05  0.00021190136  -4.0978141e-05  4.7190358e-06  0.00012615128  -5.2958494e-05  7.1743320e-05  0.00088043040  -5.0717857e-05  -0.00012359963  0.0000000   -7.0669490e-05  -0.0012394149  3.4231770e-05  -0.00083559845  0.00088521158  0.00047604539  1.7328211e-05  0.00013293639  -3.1394868e-05  5.7581049e-06  -0.00020277939  0.00013290105  1.5988247e-05  9.9646081e-06  0.00020539649  7.5230603e-05  2.2999352e-05  -2.1887752e-05  -1.1424755e-05  2.8521859e-05  6.8372777e-05  0.00021190136  -4.0978141e-05  4.7190358e-06  0.00012615128  -5.2958494e-05  7.1743320e-05  0.00088043040  -5.0717857e-05  -0.00012359963  0.0000000   -7.0669490e-05  -0.0012394149  3.4231770e-05  -0.00083559845  0.00088521158  0.00047604539  1.7328211e-05  0.00013293639  -3.1394868e-05  5.7581049e-06  -0.00020277939  0.00013290105  1.5988247e-05  9.9646081e-06  0.00020539649  7.5230603e-05  2.2999352e-05  -2.1887752e-05  -1.1424755e-05  
0.00010063817  -0.00079567268  -0.00011323398  -0.00088338287  0.00040155233  -0.00052886085  0.00019055821  -0.00026756196  -9.0221896e-05  -0.00084999344  8.5322466e-05  7.0669490e-05  0.0000000   0.00010083662  0.00093758585  7.4200668e-05  -2.4669212e-05  2.3939476e-06  0.00054517617  0.00096488944  0.00027713676  -0.00010379365  -6.5520742e-06  3.4136336e-06  6.0961401e-05  1.3994791e-05  2.0404445e-05  0.00043057773  -0.00012450597  -0.00016566683  0.00027105419  0.00010063817  -0.00079567268  -0.00011323398  -0.00088338287  0.00040155233  -0.00052886085  0.00019055821  -0.00026756196  -9.0221896e-05  -0.00084999344  8.5322466e-05  7.0669490e-05  0.0000000   0.00010083662  0.00093758585  7.4200668e-05  -2.4669212e-05  2.3939476e-06  0.00054517617  0.00096488944  0.00027713676  -0.00010379365  -6.5520742e-06  3.4136336e-06  6.0961401e-05  1.3994791e-05  2.0404445e-05  0.00043057773  -0.00012450597  -0.00016566683  0.00027105419  
-6.7594894e-07  3.0166207e-05  0.00017181298  9.0114188e-05  -7.1076138e-05  7.6474195e-05  7.0297109e-05  5.5736676e-05  0.00028568212  -3.8150092e-05  -0.0013242371  0.0012394149  -0.00010083662  0.0000000   -0.00010564149  -0.00011037622  0.00060229883  0.00084543969  0.00015043436  6.4409240e-05  -6.7447970e-05  7.0312535e-05  -0.00061697764  -6.2315643e-05  2.4089803e-05  1.0831814e-05  0.00010340107  6.2330829e-05  3.3001158e-05  -2.2086452e-05  -5.0515249e-05  -6.7594894e-07  3.0166207e-05  0.00017181298  9.0114188e-05  -7.1076138e-05  7.6474195e-05  7.0297109e-05  5.5736676e-05  0.00028568212  -3.8150092e-05  -0.0013242371  0.0012394149  -0.00010083662  0.0000000   -0.00010564149  -0.00011037622  0.00060229883  0.00084543969  0.00015043436  6.4409240e-05  -6.7447970e-05  7.0312535e-05  -0.00061697764  -6.2315643e-05  2.4089803e-05  1.0831814e-05  0.00010340107  6.2330829e-05  3.3001158e-05  -2.2086452e-05  -5.0515249e-05  
2.6550498e-05  -0.00014021679  5.6522509e-05  -9.2091260e-05  0.00030254849  0.00027172920  -0.00018140877  0.00068538457  -5.0307882e-05  0.00020945395  2.5283773e-05  -3.4231770e-05  -0.00093758585  0.00010564149  0.0000000   -1.7103416e-05  -0.00021084505  1.4167473e-05  -0.00063582784  0.00026594122  0.00020463566  -0.00053892891  -9.8330219e-05  -9.5432041e-05  0.00024508826  -6.9325541e-05  -1.7464745e-05  0.00028102491  -0.00029341655  -0.00014823505  0.00015551669  2.6550498e-05  -0.00014021679  5.6522509e-05  -9.2091260e-05  0.00030254849  0.00027172920  -0.00018140877  0.00068538457  -5.0307882e-05  0.00020945395  2.5283773e-05  -3.4231770e-05  -0.00093758585  0.00010564149  0.0000000   -1.7103416e-05  -0.00021084505  1.4167473e-05  -0.00063582784  0.00026594122  0.00020463566  -0.00053892891  -9.8330219e-05  -9.5432041e-05  0.00024508826  -6.9325541e-05  -1.7464745e-05  0.00028102491  -0.00029341655  -0.00014823505  0.00015551669  
1.4284397e-06  -2.4533160e-05  7.7399712e-05  -0.00013090714  5.6025352e-05  4.2902544e-05  -4.8624361e-05  2.8115970e-06  0.00061966050  2.5687612e-05  -3.3664452e-05  0.00083559845  -7.4200668e-05  0.00011037622  1.7103416e-05  0.0000000   -0.00074669227  -0.0011525288  -9.2004184e-06  0.00012448076  0.00013857973  5.7546251e-05  -0.00037422097  0.00046136353  -3.6098565e-05  -1.1187418e-05  0.00016348700  2.1881331e-05  -3.8725911e-05  -9.5563937e-06  -5.7521382e-06  1.4284397e-06  -2.4533160e-05  7.7399712e-05  -0.00013090714  5.6025352e-05  4.2902544e-05  -4.8624361e-05  2.8115970e-06  0.00061966050  2.5687612e-05  -3.3664452e-05  0.00083559845  -7.4200668e-05  0.00011037622  1.7103416e-05  0.0000000   -0.00074669227  -0.0011525288  -9.2004184e-06  0.00012448076  0.00013857973  5.7546251e-05  -0.00037422097  0.00046136353  -3.6098565e-05  -1.1187418e-05  0.00016348700  2.1881331e-05  -3.8725911e-05  -9.5563937e-06  -5.7521382e-06  
-1.3722995e-05  -7.5707228e-05  -0.00042111102  8.1499476e-05  8.9917643e-06  -9.8344132e-05  2.1415941e-06  -3.8851626e-05  -0.00040401091  4.7720189e-05  0.00017862547  -0.00088521158  2.4669212e-05  -0.00060229883  0.00021084505  0.00074669227  0.0000000   -0.0022031239  -0.00054143188  -0.00052391177  9.6405344e-05  -0.00017828723  0.0015455824  0.00046881337  -0.00014089629  -1.2348909e-05  -0.00026878451  -5.3436572e-05  5.6731182e-05  4.4576488e-05  2.7154499e-05  -1.3722995e-05  -7.5707228e-05  -0.00042111102  8.1499476e-05  8.9917643e-06  -9.8344132e-05  2.1415941e-06  -3.8851626e-05  -0.00040401091  4.7720189e-05  0.00017862547  -0.00088521158  2.4669212e-05  -0.00060229883  0.00021084505  0.00074669227  0.0000000   -0.0022031239  -0.00054143188  -0.00052391177  9.6405344e-05  -0.00017828723  0.0015455824  0.00046881337  -0.00014089629  -1.2348909e-05  -0.00026878451  -5.3436572e-05  5.6731182e-05  4.4576488e-05  2.7154499e-05  
-1.3677233e-05  -5.1974288e-06  -0.00010102818  2.9464247e-05  5.5903428e-06  -4.6395634e-05  4.6751060e-05  -3.7294305e-05  -0.00027103700  -5.5540081e-06  0.00022637052  -0.00047604539  -2.3939476e-06  -0.00084543969  -1.4167473e-05  0.0011525288  0.0022031239  0.0000000   -0.00035789312  -0.00033351324  -0.00014643588  -0.00014861529  0.00093308484  -0.00059083201  1.3418657e-05  -1.0844341e-05  -3.4136084e-05  -0.00012016708  -4.9436550e-05  2.7707360e-05  6.9341085e-05  -1.3677233e-05  -5.1974288e-06  -0.00010102818  2.9464247e-05  5.5903428e-06  -4.6395634e-05  4.6751060e-05  -3.7294305e-05  -0.00027103700  -5.5540081e-06  0.00022637052  -0.00047604539  -2.3939476e-06  -0.00084543969  -1.4167473e-05  0.0011525288  0.0022031239  0.0000000   -0.00035789312  -0.00033351324  -0.00014643588  -0.00014861529  0.00093308484  -0.00059083201  1.3418657e-05  -1.0844341e-05  -3.4136084e-05  -0.00012016708  -4.9436550e-05  2.7707360e-05  6.9341085e-05  
-8.2735939e-05  0.00041658609  -0.00010786332  0.00035414536  0.00016028261  0.00013893402  -0.00015150592  -0.00046618370  0.00012919904  0.00021138893  -0.00013304380  -1.7328211e-05  -0.00054517617  -0.00015043436  0.00063582784  9.2004184e-06  0.00054143188  0.00035789312  0.0000000   -0.0087522487  -0.0022238430  0.00089938629  -9.3435511e-05  0.00054183090  -0.00018050384  0.00068404423  -8.4872245e-07  -0.00087739058  0.00064133673  0.00014381151  -9.5163156e-05  -8.2735939e-05  0.00041658609  -0.00010786332  0.00035414536  0.00016028261  0.00013893402  -0.00015150592  -0.00046618370  0.00012919904  0.00021138893  -0.00013304380  -1.7328211e-05  -0.00054517617  -0.00015043436  0.00063582784  9.2004184e-06  0.00054143188  0.00035789312  0.0000000   -0.0087522487  -0.0022238430  0.00089938629  -9.3435511e-05  0.00054183090  -0.00018050384  0.00068404423  -8.4872245e-07  -0.00087739058  0.00064133673  0.00014381151  -9.5163156e-05  
-8.7317169e-05  0.00036651844  -8.5415800e-05  0.00023825934  0.00040199202  0.00051280579  -0.00047474827  0.00055019142  -3.0418257e-06  0.00028721134  2.1480456e-05  -0.00013293639  -0.00096488944  -6.4409240e-05  -0.00026594122  -0.00012448076  0.00052391177  0.00033351324  0.0087522487  0.0000000   -0.0048156346  -0.0010971973  0.00053166549  -1.6949955e-05  0.00042833011  7.1213402e-05  -2.1846937e-05  -0.0011397115  -0.00024509526  0.00022384522  -0.00029362796  -8.7317169e-05  0.00036651844  -8.5415800e-05  0.00023825934  0.00040199202  0.00051280579  -0.00047474827  0.00055019142  -3.0418257e-06  0.00028721134  2.1480456e-05  -0.00013293639  -0.00096488944  -6.4409240e-05  -0.00026594122  -0.00012448076  0.00052391177  0.00033351324  0.0087522487  0.0000000   -0.0048156346  -0.0010971973  0.00053166549  -1.6949955e-05  0.00042833011  7.1213402e-05  -2.1846937e-05  -0.0011397115  -0.00024509526  0.00022384522  -0.00029362796  
-2.4632006e-05  0.00013879054  8.8963014e-05  0.00023340249  -0.00016307501  0.00012035731  -0.00010544477  0.00040372192  -3.0657319e-05  0.00020722775  4.4952660e-05  3.1394868e-05  -0.00027713676  6.7447970e-05  -0.00020463566  -0.00013857973  -9.6405344e-05  0.00014643588  0.0022238430  0.0048156346  0.0000000   0.0010706360  0.00025385778  -6.6671007e-05  0.00018707202  -6.4928800e-05  1.1279885e-05  -0.00068555319  -4.1889347e-05  0.00033157372  -0.00048412456  -2.4632006e-05  0.00013879054  8.8963014e-05  0.00023340249  -0.00016307501  0.00012035731  -0.00010544477  0.00040372192  -3.0657319e-05  0.00020722775  4.4952660e-05  3.1394868e-05  -0.00027713676  6.7447970e-05  -0.00020463566  -0.00013857973  -9.6405344e-05  0.00014643588  0.0022238430  0.0048156346  0.0000000   0.0010706360  0.00025385778  -6.6671007e-05  0.00018707202  -6.4928800e-05  1.1279885e-05  -0.00068555319  -4.1889347e-05  0.00033157372  -0.00048412456  
2.0463645e-06  1.5040393e-05  -2.7395316e-05  0.00014441051  -5.6409039e-05  -4.0991315e-05  0.00025992236  -0.00061188483  -2.0727224e-07  0.00014803526  4.6542057e-06  -5.7581049e-06  0.00010379365  -7.0312535e-05  0.00053892891  -5.7546251e-05  0.00017828723  0.00014861529  -0.00089938629  0.0010971973  -0.0010706360  0.0000000   -0.00050547566  0.00098632027  -0.00057938605  5.7082997e-05  2.4681937e-05  0.00014831404  0.00089005776  0.00045788555  5.2409589e-05  2.0463645e-06  1.5040393e-05  -2.7395316e-05  0.00014441051  -5.6409039e-05  -4.0991315e-05  0.00025992236  -0.00061188483  -2.0727224e-07  0.00014803526  4.6542057e-06  -5.7581049e-06  0.00010379365  -7.0312535e-05  0.00053892891  -5.7546251e-05  0.00017828723  0.00014861529  -0.00089938629  0.0010971973  -0.0010706360  0.0000000   -0.00050547566  0.00098632027  -0.00057938605  5.7082997e-05  2.4681937e-05  0.00014831404  0.00089005776  0.00045788555  5.2409589e-05  
1.8334982e-07  5.5859426e-05  0.00040545537  2.1897990e-05  -4.6547053e-05  5.5565501e-05  0.00014398258  -0.00017720455  -6.4464975e-05  -6.0761798e-05  -3.7255627e-05  0.00020277939  6.5520742e-06  0.00061697764  9.8330219e-05  0.00037422097  -0.0015455824  -0.00093308484  9.3435511e-05  -0.00053166549  -0.00025385778  0.00050547566  0.0000000   -0.0061376737  -2.3530994e-05  0.00020001996  -0.00026202400  0.00023209804  0.00026332547  -0.00024835706  4.7098753e-05  1.8334982e-07  5.5859426e-05  0.00040545537  2.1897990e-05  -4.6547053e-05  5.5565501e-05  0.00014398258  -0.00017720455  -6.4464975e-05  -6.0761798e-05  -3.7255627e-05  0.00020277939  6.5520742e-06  0.00061697764  9.8330219e-05  0.00037422097  -0.0015455824  -0.00093308484  9.3435511e-05  -0.00053166549  -0.00025385778  0.00050547566  0.0000000   -0.0061376737  -2.3530994e-05  0.00020001996  -0.00026202400  0.00023209804  0.00026332547  -0.00024835706  4.7098753e-05  
3.2090025e-06  -1.6550440e-05  -0.00014811444  4.7891781e-06  2.2020202e-05  -8.6058599e-06  -0.00010210895  -4.4530738e-06  0.00043328646  7.8660365e-05  -0.00022996434  -0.00013290105  -3.4136336e-06  6.2315643e-05  9.5432041e-05  -0.00046136353  -0.00046881337  0.00059083201  -0.00054183090  1.6949955e-05  6.6671007e-05  -0.00098632027  0.0061376737  0.0000000   -0.00033436118  2.6163747e-05  3.5208079e-05  0.00023023241  0.00044617947  6.0274108e-05  -5.5653080e-05  3.2090025e-06  -1.6550440e-05  -0.00014811444  4.7891781e-06  2.2020202e-05  -8.6058599e-06  -0.00010210895  -4.4530738e-06  0.00043328646  7.8660365e-05  -0.00022996434  -0.00013290105  -3.4136336e-06  6.2315643e-05  9.5432041e-05  -0.00046136353  -0.00046881337  0.00059083201  -0.00054183090  1.6949955e-05  6.6671007e-05  -0.00098632027  0.0061376737  0.0000000   -0.00033436118  2.6163747e-05  3.5208079e-05  0.00023023241  0.00044617947  6.0274108e-05  -5.5653080e-05  
3.1411448e-05  -9.2471251e-05  -2.8565086e-05  -0.00017318010  0.00017697372  0.00018498438  -0.00014047877  0.00019397475  1.0380687e-05  -0.00017807961  2.0465632e-05  -1.5988247e-05  -6.0961401e-05  -2.4089803e-05  -0.00024508826  3.6098565e-05  0.00014089629  -1.3418657e-05  0.00018050384  -0.00042833011  -0.00018707202  0.00057938605  2.3530994e-05  0.00033436118  0.0000000   0.0017410402  -5.7133160e-05  -0.00052353759  -0.0013793272  -0.00080074305  0.00016913536  3.1411448e-05  -9.2471251e-05  -2.8565086e-05  -0.00017318010  0.00017697372  0.00018498438  -0.00014047877  0.00019397475  1.0380687e-05  -0.00017807961  2.0465632e-05  -1.5988247e-05  -6.0961401e-05  -2.4089803e-05  -0.00024508826  3.6098565e-05  0.00014089629  -1.3418657e-05  0.00018050384  -0.00042833011  -0.00018707202  0.00057938605  2.3530994e-05  0.00033436118  0.0000000   0.0017410402  -5.7133160e-05  -0.00052353759  -0.0013793272  -0.00080074305  0.00016913536  
4.6574688e-05  0.00028193785  -0.00012506380  -0.00011235304  2.1748476e-06  5.9511164e-05  -0.00011630054  0.00012568379  1.4313996e-05  -0.00020435672  3.3303195e-05  -9.9646081e-06  -1.3994791e-05  -1.0831814e-05  6.9325541e-05  1.1187418e-05  1.2348909e-05  1.0844341e-05  -0.00068404423  -7.1213402e-05  6.4928800e-05  -5.7082997e-05  -0.00020001996  -2.6163747e-05  -0.0017410402  0.0000000   7.2051605e-05  -0.0011684436  -0.0010610031  -0.00040246952  -0.00035521519  4.6574688e-05  0.00028193785  -0.00012506380  -0.00011235304  2.1748476e-06  5.9511164e-05  -0.00011630054  0.00012568379  1.4313996e-05  -0.00020435672  3.3303195e-05  -9.9646081e-06  -1.3994791e-05  -1.0831814e-05  6.9325541e-05  1.1187418e-05  1.2348909e-05  1.0844341e-05  -0.00068404423  -7.1213402e-05  6.4928800e-05  -5.7082997e-05  -0.00020001996  -2.6163747e-05  -0.0017410402  0.0000000   7.2051605e-05  -0.0011684436  -0.0010610031  -0.00040246952  -0.00035521519  
-2.8729419e-06  -3.4652178e-05  -2.7065961e-05  5.1663882e-06  2.3208990e-05  3.9407197e-05  -2.2236260e-05  5.5093919e-06  5.1524268e-06  5.0041812e-05  0.00032237398  -0.00020539649  -2.0404445e-05  -0.00010340107  1.7464745e-05  -0.00016348700  0.00026878451  3.4136084e-05  8.4872245e-07  2.1846937e-05  -1.1279885e-05  -2.4681937e-05  0.00026202400  -3.5208079e-05  5.7133160e-05  -7.2051605e-05  0.0000000   0.00035968531  0.00023944786  -0.00019625430  1.1919531e-05  -2.8729419e-06  -3.4652178e-05  -2.7065961e-05  5.1663882e-06  2.3208990e-05  3.9407197e-05  -2.2236260e-05  5.5093919e-06  5.1524268e-06  5.0041812e-05  0.00032237398  -0.00020539649  -2.0404445e-05  -0.00010340107  1.7464745e-05  -0.00016348700  0.00026878451  3.4136084e-05  8.4872245e-07  2.1846937e-05  -1.1279885e-05  -2.4681937e-05  0.00026202400  -3.5208079e-05  5.7133160e-05  -7.2051605e-05  0.0000000   0.00035968531  0.00023944786  -0.00019625430  1.1919531e-05  
-5.0613009e-05  0.00048485098  -4.2994746e-05  0.00045925883  -0.00013795340  0.00049393288  -0.00035173991  0.00046211036  2.2915354e-05  0.00031111514  -7.8565398e-06  -7.5230603e-05  -0.00043057773  -6.2330829e-05  -0.00028102491  -2.1881331e-05  5.3436572e-05  0.00012016708  0.00087739058  0.0011397115  0.00068555319  -0.00014831404  -0.00023209804  -0.00023023241  0.00052353759  0.0011684436  -0.00035968531  0.0000000   0.0046317814  0.0042624047  -0.0034179756  -5.0613009e-05  0.00048485098  -4.2994746e-05  0.00045925883  -0.00013795340  0.00049393288  -0.00035173991  0.00046211036  2.2915354e-05  0.00031111514  -7.8565398e-06  -7.5230603e-05  -0.00043057773  -6.2330829e-05  -0.00028102491  -2.1881331e-05  5.3436572e-05  0.00012016708  0.00087739058  0.0011397115  0.00068555319  -0.00014831404  -0.00023209804  -0.00023023241  0.00052353759  0.0011684436  -0.00035968531  0.0000000   0.0046317814  0.0042624047  -0.0034179756  
0.00012852177  0.00010157945  -6.5819278e-05  0.00011603693  -0.00024171262  -6.1282135e-05  8.7766822e-05  -0.00012929624  4.5063009e-05  -5.1190492e-05  -4.8857116e-06  -2.2999352e-05  0.00012450597  -3.3001158e-05  0.00029341655  3.8725911e-05  -5.6731182e-05  4.9436550e-05  -0.00064133673  0.00024509526  4.1889347e-05  -0.00089005776  -0.00026332547  -0.00044617947  0.0013793272  0.0010610031  -0.00023944786  -0.0046317814  0.0000000   0.0063759045  -0.00010314758  0.00012852177  0.00010157945  -6.5819278e-05  0.00011603693  -0.00024171262  -6.1282135e-05  8.7766822e-05  -0.00012929624  4.5063009e-05  -5.1190492e-05  -4.8857116e-06  -2.2999352e-05  0.00012450597  -3.3001158e-05  0.00029341655  3.8725911e-05  -5.6731182e-05  4.9436550e-05  -0.00064133673  0.00024509526  4.1889347e-05  -0.00089005776  -0.00026332547  -0.00044617947  0.0013793272  0.0010610031  -0.00023944786  -0.0046317814  0.0000000   0.0063759045  -0.00010314758  
-8.3001510e-06  -0.00018839118  4.1129789e-05  -5.4545100e-05  -0.00017563023  -0.00029604505  0.00017014285  -0.00028291658  1.7738138e-05  -0.00021979541  2.3008162e-06  2.1887752e-05  0.00016566683  2.2086452e-05  0.00014823505  9.5563937e-06  -4.4576488e-05  -2.7707360e-05  -0.00014381151  -0.00022384522  -0.00033157372  -0.00045788555  0.00024835706  -6.0274108e-05  0.00080074305  0.00040246952  0.00019625430  -0.0042624047  -0.0063759045  0.0000000   0.0035861990  -8.3001510e-06  -0.00018839118  4.1129789e-05  -5.4545100e-05  -0.00017563023  -0.00029604505  0.00017014285  -0.00028291658  1.7738138e-05  -0.00021979541  2.3008162e-06  2.1887752e-05  0.00016566683  2.2086452e-05  0.00014823505  9.5563937e-06  -4.4576488e-05  -2.7707360e-05  -0.00014381151  -0.00022384522  -0.00033157372  -0.00045788555  0.00024835706  -6.0274108e-05  0.00080074305  0.00040246952  0.00019625430  -0.0042624047  -0.0063759045  0.0000000   0.0035861990  
3.9508215e-05  0.00023505910  7.4435799e-05  0.00012966136  -9.7300760e-05  0.00047677899  -0.00010896607  2.4890179e-05  7.8575584e-06  0.00027809973  -1.5095087e-05  1.1424755e-05  -0.00027105419  5.0515249e-05  -0.00015551669  5.7521382e-06  -2.7154499e-05  -6.9341085e-05  9.5163156e-05  0.00029362796  0.00048412456  -5.2409589e-05  -4.7098753e-05  5.5653080e-05  -0.00016913536  0.00035521519  -1.1919531e-05  0.0034179756  0.00010314758  -0.0035861990  0.0000000   3.9508215e-05  0.00023505910  7.4435799e-05  0.00012966136  -9.7300760e-05  0.00047677899  -0.00010896607  2.4890179e-05  7.8575584e-06  0.00027809973  -1.5095087e-05  1.1424755e-05  -0.00027105419  5.0515249e-05  -0.00015551669  5.7521382e-06  -2.7154499e-05  -6.9341085e-05  9.5163156e-05  0.00029362796  0.00048412456  -5.2409589e-05  -4.7098753e-05  5.5653080e-05  -0.00016913536  0.00035521519  -1.1919531e-05  0.0034179756  0.00010314758  -0.0035861990  0.0000000   
0.0000000   0.0014317374  -0.00026516726  0.00011995383  -5.4310715e-05  0.00020574355  3.8536920e-05  -0.00021372780  1.3675800e-05  -7.2409637e-05  -2.3506433e-06  -2.8521859e-05  -0.00010063817  6.7594894e-07  -2.6550498e-05  -1.4284397e-06  1.3722995e-05  1.3677233e-05  8.2735939e-05  8.7317169e-05  2.4632006e-05  -2.0463645e-06  -1.8334982e-07  -3.2090025e-06  -3.1411448e-05  -4.6574688e-05  2.8729419e-06  5.0613009e-05  -0.00012852177  8.3001510e-06  -3.9508215e-05  0.0000000   0.0014317374  -0.00026516726  0.00011995383  -5.4310715e-05  0.00020574355  3.8536920e-05  -0.00021372780  1.3675800e-05  -7.2409637e-05  -2.3506433e-06  -2.8521859e-05  -0.00010063817  6.7594894e-07  -2.6550498e-05  -1.4284397e-06  1.3722995e-05  1.3677233e-05  8.2735939e-05  8.7317169e-05  2.4632006e-05  -2.0463645e-06  -1.8334982e-07  -3.2090025e-06  -3.1411448e-05  -4.6574688e-05  2.8729419e-06  5.0613009e-05  -0.00012852177  8.3001510e-06  -3.9508215e-05  
-0.0014317374  0.0000000   -0.00080825845  -0.0025720278  -3.2724472e-06  -0.00079032084  0.0016804843  -0.0018531532  -0.00023271018  -0.00051462357  6.3252662e-05  -6.8372777e-05  0.00079567268  -3.0166207e-05  0.00014021679  2.4533160e-05  7.5707228e-05  5.1974288e-06  -0.00041658609  -0.00036651844  -0.00013879054  -1.5040393e-05  -5.5859426e-05  1.6550440e-05  9.2471251e-05  -0.00028193785  3.4652178e-05  -0.00048485098  -0.00010157945  0.00018839118  -0.00023505910  -0.0014317374  0.0000000   -0.00080825845  -0.0025720278  -3.2724472e-06  -0.00079032084  0.0016804843  -0.0018531532  -0.00023271018  -0.00051462357  6.3252662e-05  -6.8372777e-05  0.00079567268  -3.0166207e-05  0.00014021679  2.4533160e-05  7.5707228e-05  5.1974288e-06  -0.00041658609  -0.00036651844  -0.00013879054  -1.5040393e-05  -5.5859426e-05  1.6550440e-05  9.2471251e-05  -0.00028193785  3.4652178e-05  -0.00048485098  -0.00010157945  0.00018839118  -0.00023505910  
0.00026516726  0.00080825845  0.0000000   0.0010356894  -0.00033690996  -0.0027102246  0.00061256329  -0.00028330627  -0.0012786290  -0.00020499879  0.00024421162  -0.00021190136  0.00011323398  -0.00017181298  -5.6522509e-05  -7.7399712e-05  0.00042111102  0.00010102818  0.00010786332  8.5415800e-05  -8.8963014e-05  2.7395316e-05  -0.00040545537  0.00014811444  2.8565086e-05  0.00012506380  2.7065961e-05  4.2994746e-05  6.5819278e-05  -4.1129789e-05  -7.4435799e-05  0.00026516726  0.00080825845  0.0000000   0.0010356894  -0.00033690996  -0.0027102246  0.00061256329  -0.00028330627  -0.0012786290  -0.00020499879  0.00024421162  -0.00021190136  0.00011323398  -0.00017181298  -5.6522509e-05  -7.7399712e-05  0.00042111102  0.00010102818  0.00010786332  8.5415800e-05  -8.8963014e-05  2.7395316e-05  -0.00040545537  0.00014811444  2.8565086e-05  0.00012506380  2.7065961e-05  4.2994746e-05  6.5819278e-05  -4.1129789e-05  -7.4435799e-05  
-0.00011995383  0.0025720278  -0.0010356894  0.0000000   1.5601336e-05  -0.010087737  0.0027213930  -0.0015544624  -0.00042051102  -0.00068681120  0.00021321482  4.0978141e-05  0.00088338287  -9.0114188e-05  9.2091260e-05  0.00013090714  -8.1499476e-05  -2.9464247e-05  -0.00035414536  -0.00023825934  -0.00023340249  -0.00014441051  -2.1897990e-05  -4.7891781e-06  0.00017318010  0.00011235304  -5.1663882e-06  -0.00045925883  -0.00011603693  5.4545100e-05  -0.00012966136  -0.00011995383  0.0025720278  -0.0010356894  0.0000000   1.5601336e-05  -0.010087737  0.0027213930  -0.0015544624  -0.00042051102  -0.00068681120  0.00021321482  4.0978141e-05  0.00088338287  -9.0114188e-05  9.2091260e-05  0.00013090714  -8.1499476e-05  -2.9464247e-05  -0.00035414536  -0.00023825934  -0.00023340249  -0.00014441051  -2.1897990e-05  -4.7891781e-06  0.00017318010  0.00011235304  -5.1663882e-06  -0.00045925883  -0.00011603693  5.4545100e-05  -0.00012966136  
5.4310715e-05  3.2724472e-06  0.00033690996  -1.5601336e-05  0.0000000   0.0072797408  -0.00070247309  0.0029018088  0.00044524033  0.00036405630  -0.00016629952  -4.7190358e-06  -0.00040155233  7.1076138e-05  -0.00030254849  -5.6025352e-05  -8.9917643e-06  -5.5903428e-06  -0.00016028261  -0.00040199202  0.00016307501  5.6409039e-05  4.6547053e-05  -2.2020202e-05  -0.00017697372  -2.1748476e-06  -2.3208990e-05  0.00013795340  0.00024171262  0.00017563023  9.7300760e-05  5.4310715e-05  3.2724472e-06  0.00033690996  -1.5601336e-05  0.0000000   0.0072797408  -0.00070247309  0.0029018088  0.00044524033  0.00036405630  -0.00016629952  -4.7190358e-06  -0.00040155233  7.1076138e-05  -0.00030254849  -5.6025352e-05  -8.9917643e-06  -5.5903428e-06  -0.00016028261  -0.00040199202  0.00016307501  5.6409039e-05  4.6547053e-05  -2.2020202e-05  -0.00017697372  -2.1748476e-06  -2.3208990e-05  0.00013795340  0.00024171262  0.00017563023  9.7300760e-05  
-0.00020574355  0.00079032084  0.0027102246  0.010087737  -0.0072797408  0.0000000   0.0069216589  -0.0027293627  0.00031924542  -0.0014328286  6.0779994e-05  -0.00012615128  0.00052886085  -7.6474195e-05  -0.00027172920  -4.2902544e-05  9.8344132e-05  4.6395634e-05  -0.00013893402  -0.00051280579  -0.00012035731  4.0991315e-05  -5.5565501e-05  8.6058599e-06  -0.00018498438  -5.9511164e-05  -3.9407197e-05  -0.00049393288  6.1282135e-05  0.00029604505  -0.00047677899  -0.00020574355  0.00079032084  0.0027102246  0.010087737  -0.0072797408  0.0000000   0.0069216589  -0.0027293627  0.00031924542  -0.0014328286  6.0779994e-05  -0.00012615128  0.00052886085  -7.6474195e-05  -0.00027172920  -4.2902544e-05  9.8344132e-05  4.6395634e-05  -0.00013893402  -0.00051280579  -0.00012035731  4.0991315e-05  -5.5565501e-05  8.6058599e-06  -0.00018498438  -5.9511164e-05  -3.9407197e-05  -0.00049393288  6.1282135e-05  0.00029604505  -0.00047677899  
-3.8536920e-05  -0.0016804843  -0.00061256329  -0.0027213930  0.00070247309  -0.0069216589  0.0000000   0.00046968933  -0.00063846172  0.00054308484  0.00018089629  5.2958494e-05  -0.00019055821  -7.0297109e-05  0.00018140877  4.8624361e-05  -2.1415941e-06  -4.6751060e-05  0.00015150592  0.00047474827  0.00010544477  -0.00025992236  -0.00014398258  0.00010210895  0.00014047877  0.00011630054  2.2236260e-05  0.00035173991  -8.7766822e-05  -0.00017014285  0.00010896607  -3.8536920e-05  -0.0016804843  -0.00061256329  -0.0027213930  0.00070247309  -0.0069216589  0.0000000   0.00046968933  -0.00063846172  0.00054308484  0.00018089629  5.2958494e-05  -0.00019055821  -7.0297109e-05  0.00018140877  4.8624361e-05  -2.1415941e-06  -4.6751060e-05  0.00015150592  0.00047474827  0.00010544477  -0.00025992236  -0.00014398258  0.00010210895  0.00014047877  0.00011630054  2.2236260e-05  0.00035173991  -8.7766822e-05  -0.00017014285  0.00010896607  
0.00021372780  0.0018531532  0.00028330627  0.0015544624  -0.0029018088  0.0027293627  -0.00046968933  0.0000000   0.00028746076  -0.0013517038  -2.5902836e-05  -7.1743320e-05  0.00026756196  -5.5736676e-05  -0.00068538457  -2.8115970e-06  3.8851626e-05  3.7294305e-05  0.00046618370  -0.00055019142  -0.00040372192  0.00061188483  0.00017720455  4.4530738e-06  -0.00019397475  -0.00012568379  -5.5093919e-06  -0.00046211036  0.00012929624  0.00028291658  -2.4890179e-05  0.00021372780  0.0018531532  0.00028330627  0.0015544624  -0.0029018088  0.0027293627  -0.00046968933  0.0000000   0.00028746076  -0.0013517038  -2.5902836e-05  -7.1743320e-05  0.00026756196  -5.5736676e-05  -0.00068538457  -2.8115970e-06  3.8851626e-05  3.7294305e-05  0.00046618370  -0.00055019142  -0.00040372192  0.00061188483  0.00017720455  4.4530738e-06  -0.00019397475  -0.00012568379  -5.5093919e-06  -0.00046211036  0.00012929624  0.00028291658  -2.4890179e-05  
-1.3675800e-05  0.00023271018  0.0012786290  0.00042051102  -0.00044524033  -0.00031924542  0.00063846172  -0.00028746076  0.0000000   -0.00020309687  8.2747957e-05  -0.00088043040  9.0221896e-05  -0.00028568212  5.0307882e-05  -0.00061966050  0.00040401091  0.00027103700  -0.00012919904  3.0418257e-06  3.0657319e-05  2.0727224e-07  6.4464975e-05  -0.00043328646  -1.0380687e-05  -1.4313996e-05  -5.1524268e-06  -2.2915354e-05  -4.5063009e-05  -1.7738138e-05  -7.8575584e-06  -1.3675800e-05  0.00023271018  0.0012786290  0.00042051102  -0.00044524033  -0.00031924542  0.00063846172  -0.00028746076  0.0000000   -0.00020309687  8.2747957e-05  -0.00088043040  9.0221896e-05  -0.00028568212  5.0307882e-05  -0.00061966050  0.00040401091  0.00027103700  -0.00012919904  3.0418257e-06  3.0657319e-05  2.0727224e-07  6.4464975e-05  -0.00043328646  -1.0380687e-05  -1.4313996e-05  -5.1524268e-06  -2.2915354e-05  -4.5063009e-05  -1.7738138e-05  -7.8575584e-06  
7.2409637e-05  0.00051462357  0.00020499879  0.00068681120  -0.00036405630  0.0014328286  -0.00054308484  0.0013517038  0.00020309687  0.0000000   -2.4021698e-05  5.0717857e-05  0.00084999344  3.8150092e-05  -0.00020945395  -2.5687612e-05  -4.7720189e-05  5.5540081e-06  -0.00021138893  -0.00028721134  -0.00020722775  -0.00014803526  6.0761798e-05  -7.8660365e-05  0.00017807961  0.00020435672  -5.0041812e-05  -0.00031111514  5.1190492e-05  0.00021979541  -0.00027809973  7.2409637e-05  0.00051462357  0.00020499879  0.00068681120  -0.00036405630  0.0014328286  -0.00054308484  0.0013517038  0.00020309687  0.0000000   -2.4021698e-05  5.0717857e-05  0.00084999344  3.8150092e-05  -0.00020945395  -2.5687612e-05  -4.7720189e-05  5.5540081e-06  -0.00021138893  -0.00028721134  -0.00020722775  -0.00014803526  6.0761798e-05  -7.8660365e-05  0.00017807961  0.00020435672  -5.0041812e-05  -0.00031111514  5.1190492e-05  0.00021979541  -0.00027809973  
2.3506433e-06  -6.3252662e-05  -0.00024421162  -0.00021321482  0.00016629952  -6.0779994e-05  -0.00018089629  2.5902836e-05  -8.2747957e-05  2.4021698e-05  0.0000000   0.00012359963  -8.5322466e-05  0.0013242371  -2.5283773e-05  3.3664452e-05  -0.00017862547  -0.00022637052  0.00013304380  -2.1480456e-05  -4.4952660e-05  -4.6542057e-06  3.7255627e-05  0.00022996434  -2.0465632e-05  -3.3303195e-05  -0.00032237398  7.8565398e-06  4.8857116e-06  -2.3008162e-06  1.5095087e-05  2.3506433e-06  -6.3252662e-05  -0.00024421162  -0.00021321482  0.00016629952  -6.0779994e-05  -0.00018089629  2.5902836e-05  -8.2747957e-05  2.4021698e-05  0.0000000   0.00012359963  -8.5322466e-05  0.0013242371  -2.5283773e-05  3.3664452e-05  -0.00017862547  -0.00022637052  0.00013304380  -2.1480456e-05  -4.4952660e-05  -4.6542057e-06  3.7255627e-05  0.00022996434  -2.0465632e-05  -3.3303195e-05  -0.00032237398  7.8565398e-06  4.8857116e-06  -2.3008162e-06  1.5095087e-05  
