0.0000000   -0.0021174343  0.00062017193  -7.0306197e-05  -9.3411178e-05  -0.00017478585  0.00061262732  0.00010987752  -4.5832399e-05  -1.8548330e-05  -0.00027976657  3.7075074e-06  -6.8278021e-06  1.1923615e-05  -3.6420781e-05  -4.5828749e-05  -1.2973647e-05  2.6341923e-05  -2.5063313e-05  -9.8643623e-05  1.3503023e-06  1.2135604e-05  -2.2183306e-05  3.5850315e-05  2.3099196e-05  5.9062676e-05  -7.3138827e-05  9.7655425e-06  3.6945801e-05  2.4358816e-05  5.3470060e-06  0.0000000   -0.0021174343  0.00062017193  -7.0306197e-05  -9.3411178e-05  -0.00017478585  0.00061262732  0.00010987752  -4.5832399e-05  -1.8548330e-05  -0.00027976657  3.7075074e-06  -6.8278021e-06  1.1923615e-05  -3.6420781e-05  -4.5828749e-05  -1.2973647e-05  2.6341923e-05  -2.5063313e-05  -9.8643623e-05  1.3503023e-06  1.2135604e-05  -2.2183306e-05  3.5850315e-05  2.3099196e-05  5.9062676e-05  -7.3138827e-05  9.7655425e-06  3.6945801e-05  2.4358816e-05  5.3470060e-06  
0.0021174343  0.0000000   -0.0016658076  0.00011308580  2.3503646e-05  0.00018989119  -0.00076965039  -6.5683958e-05  -3.2159641e-05  -0.00051250350  -7.1676188e-05  -9.2046080e-07  -3.3764901e-06  3.9119521e-06  -0.00013676184  0.00011140900  -2.6513841e-06  7.6357572e-06  1.1023986e-05  -2.3984698e-05  8.1019053e-06  2.7312738e-05  1.9630629e-05  4.6828368e-06  -2.0172350e-05  5.9739189e-05  0.00014121323  -3.6676864e-05  -4.9238158e-05  7.2196886e-06  -9.9735180e-06  0.0021174343  0.0000000   -0.0016658076  0.00011308580  2.3503646e-05  0.00018989119  -0.00076965039  -6.5683958e-05  -3.2159641e-05  -0.00051250350  -7.1676188e-05  -9.2046080e-07  -3.3764901e-06  3.9119521e-06  -0.00013676184  0.00011140900  -2.6513841e-06  7.6357572e-06  1.1023986e-05  -2.3984698e-05  8.1019053e-06  2.7312738e-05  1.9630629e-05  4.6828368e-06  -2.0172350e-05  5.9739189e-05  0.00014121323  -3.6676864e-05  -4.9238158e-05  7.2196886e-06  -9.9735180e-06  
-0.00062017193  0.0016658076  0.0000000   0.00016130614  -0.00021606646  -0.00026777952  0.00065554090  1.3588373e-05  2.0961113e-05  -0.00011319731  -9.7476797e-05  3.8322992e-05  2.9227627e-05  -1.1213149e-05  -0.00022352972  0.00017631872  8.3569445e-06  -1.3594306e-07  -4.9294371e-06  -8.8667455e-05  2.5763768e-05  6.7385811e-06  2.8414722e-05  -2.6898189e-06  -1.7604903e-05  -0.00010904905  7.6823424e-05  -1.4797676e-05  6.5842978e-05  -2.4133070e-06  -1.6359330e-05  -0.00062017193  0.0016658076  0.0000000   0.00016130614  -0.00021606646  -0.00026777952  0.00065554090  1.3588373e-05  2.0961113e-05  -0.00011319731  -9.7476797e-05  3.8322992e-05  2.9227627e-05  -1.1213149e-05  -0.00022352972  0.00017631872  8.3569445e-06  -1.3594306e-07  -4.9294371e-06  -8.8667455e-05  2.5763768e-05  6.7385811e-06  2.8414722e-05  -2.6898189e-06  -1.7604903e-05  -0.00010904905  7.6823424e-05  -1.4797676e-05  6.5842978e-05  -2.4133070e-06  -1.6359330e-05  
7.0306197e-05  -0.00011308580  -0.00016130614  0.0000000   -0.0038500104  -0.0018485049  -0.00052881639  0.00071855286  -0.00042534346  4.1862700e-05  -7.7624384e-05  0.00030487779  7.0976637e-06  0.00014334264  5.3155196e-05  -5.0265355e-05  -0.00011850097  2.5451648e-05  -0.00014749758  -1.6836453e-05  -3.3649638e-05  -3.5627308e-05  -0.00015098320  -6.5133849e-05  6.3975922e-05  -9.8899861e-06  -1.5621088e-05  7.7213927e-05  2.9015536e-06  0.00011118094  7.5781641e-05  7.0306197e-05  -0.00011308580  -0.00016130614  0.0000000   -0.0038500104  -0.0018485049  -0.00052881639  0.00071855286  -0.00042534346  4.1862700e-05  -7.7624384e-05  0.00030487779  7.0976637e-06  0.00014334264  5.3155196e-05  -5.0265355e-05  -0.00011850097  2.5451648e-05  -0.00014749758  -1.6836453e-05  -3.3649638e-05  -3.5627308e-05  -0.00015098320  -6.5133849e-05  6.3975922e-05  -9.8899861e-06  -1.5621088e-05  7.7213927e-05  2.9015536e-06  0.00011118094  7.5781641e-05  
9.3411178e-05  -2.3503646e-05  0.00021606646  0.0038500104  0.0000000   -0.00026836540  5.9558365e-05  -0.00053759085  0.00013467834  0.00014056941  -2.1886083e-05  0.00048266767  0.00036791363  5.3378952e-05  5.6262746e-05  3.0815113e-05  0.00026314529  1.3554129e-05  2.8903935e-05  1.7577283e-05  0.00019778676  0.00013379116  -0.00015745054  2.8925524e-05  -4.9083199e-05  9.6430104e-06  -1.3110480e-05  -0.00012063248  -2.8733239e-06  -4.2158208e-05  -0.00019184846  9.3411178e-05  -2.3503646e-05  0.00021606646  0.0038500104  0.0000000   -0.00026836540  5.9558365e-05  -0.00053759085  0.00013467834  0.00014056941  -2.1886083e-05  0.00048266767  0.00036791363  5.3378952e-05  5.6262746e-05  3.0815113e-05  0.00026314529  1.3554129e-05  2.8903935e-05  1.7577283e-05  0.00019778676  0.00013379116  -0.00015745054  2.8925524e-05  -4.9083199e-05  9.6430104e-06  -1.3110480e-05  -0.00012063248  -2.8733239e-06  -4.2158208e-05  -0.00019184846  
0.00017478585  -0.00018989119  0.00026777952  0.0018485049  0.00026836540  0.0000000   0.00011610270  -0.0028488051  -0.00033720440  4.2400698e-05  -5.0981202e-05  7.3266785e-05  0.00053163128  -0.00031687680  8.5052316e-05  2.3303629e-05  -4.9159056e-05  -0.00025862752  9.9753862e-05  1.7537997e-05  0.00018549976  -0.00011635775  0.00015102501  -0.00012640399  -0.00023568169  -2.9516065e-06  7.8508081e-06  -0.00012215745  1.1817541e-05  -0.00014805440  -0.00013047986  0.00017478585  -0.00018989119  0.00026777952  0.0018485049  0.00026836540  0.0000000   0.00011610270  -0.0028488051  -0.00033720440  4.2400698e-05  -5.0981202e-05  7.3266785e-05  0.00053163128  -0.00031687680  8.5052316e-05  2.3303629e-05  -4.9159056e-05  -0.00025862752  9.9753862e-05  1.7537997e-05  0.00018549976  -0.00011635775  0.00015102501  -0.00012640399  -0.00023568169  -2.9516065e-06  7.8508081e-06  -0.00012215745  1.1817541e-05  -0.00014805440  -0.00013047986  
-0.00061262732  0.00076965039  -0.00065554090  0.00052881639  -5.9558365e-05  -0.00011610270  0.0000000   -0.00070387117  -7.5828914e-05  0.00016204236  0.00037568457  2.0522135e-05  6.7213178e-05  -0.00012118047  -0.00015908504  -0.00021000729  -8.3255812e-06  -7.4269307e-05  3.5462196e-05  -4.0329773e-05  5.7937025e-05  -2.6982044e-05  3.5237374e-05  -2.5713821e-05  -5.8327393e-05  6.2996735e-06  -0.00010324042  -1.7914421e-05  -3.5460609e-05  -3.8258852e-05  -3.8588390e-05  -0.00061262732  0.00076965039  -0.00065554090  0.00052881639  -5.9558365e-05  -0.00011610270  0.0000000   -0.00070387117  -7.5828914e-05  0.00016204236  0.00037568457  2.0522135e-05  6.7213178e-05  -0.00012118047  -0.00015908504  -0.00021000729  -8.3255812e-06  -7.4269307e-05  3.5462196e-05  -4.0329773e-05  5.7937025e-05  -2.6982044e-05  3.5237374e-05  -2.5713821e-05  -5.8327393e-05  6.2996735e-06  -0.00010324042  -1.7914421e-05  -3.5460609e-05  -3.8258852e-05  -3.8588390e-05  
-0.00010987752  6.5683958e-05  -1.3588373e-05  -0.00071855286  0.00053759085  0.0028488051  0.00070387117  0.0000000   -0.00010091014  -6.0998213e-05  2.6172371e-05  0.00044728302  -0.00012106888  0.00048122242  1.1768189e-05  4.1207285e-06  -0.00018382846  7.6938212e-05  -0.00013801022  1.1190079e-06  -8.9294465e-05  -5.9862544e-05  -9.1813287e-05  -5.4764116e-05  -7.8348356e-05  -4.3648694e-08  9.8812117e-06  -9.1545696e-05  -3.4029765e-05  0.00019155254  -1.6147788e-05  -0.00010987752  6.5683958e-05  -1.3588373e-05  -0.00071855286  0.00053759085  0.0028488051  0.00070387117  0.0000000   -0.00010091014  -6.0998213e-05  2.6172371e-05  0.00044728302  -0.00012106888  0.00048122242  1.1768189e-05  4.1207285e-06  -0.00018382846  7.6938212e-05  -0.00013801022  1.1190079e-06  -8.9294465e-05  -5.9862544e-05  -9.1813287e-05  -5.4764116e-05  -7.8348356e-05  -4.3648694e-08  9.8812117e-06  -9.1545696e-05  -3.4029765e-05  0.00019155254  -1.6147788e-05  
4.5832399e-05  3.2159641e-05  -2.0961113e-05  0.00042534346  -0.00013467834  0.00033720440  7.5828914e-05  0.00010091014  0.0000000   -4.6298035e-05  -8.5456900e-06  0.00045415816  -0.00081918291  0.00019674702  -3.2238459e-05  7.8535748e-06  2.0713728e-05  -2.3715096e-05  -0.00015988237  9.4635805e-07  0.00020185190  -0.00010143294  0.00022440802  0.00018242438  0.00020037722  4.0010931e-06  1.6733026e-06  5.3272637e-05  7.7854959e-06  -5.0805630e-05  -1.5052891e-05  4.5832399e-05  3.2159641e-05  -2.0961113e-05  0.00042534346  -0.00013467834  0.00033720440  7.5828914e-05  0.00010091014  0.0000000   -4.6298035e-05  -8.5456900e-06  0.00045415816  -0.00081918291  0.00019674702  -3.2238459e-05  7.8535748e-06  2.0713728e-05  -2.3715096e-05  -0.00015988237  9.4635805e-07  0.00020185190  -0.00010143294  0.00022440802  0.00018242438  0.00020037722  4.0010931e-06  1.6733026e-06  5.3272637e-05  7.7854959e-06  -5.0805630e-05  -1.5052891e-05  
1.8548330e-05  0.00051250350  0.00011319731  -4.1862700e-05  -0.00014056941  -4.2400698e-05  -0.00016204236  6.0998213e-05  4.6298035e-05  0.0000000   0.0024892848  1.7741561e-05  -5.8936740e-05  0.00017505118  -0.00041311021  0.00051685758  1.2346869e-05  2.3239757e-05  -2.8379036e-05  0.00031152280  -2.2302774e-06  -2.8161921e-05  4.5274352e-06  -4.7912211e-05  1.0877944e-05  -5.5508121e-05  0.00020039453  -4.6422686e-06  -4.6013994e-05  -2.4331885e-05  -7.4033425e-06  1.8548330e-05  0.00051250350  0.00011319731  -4.1862700e-05  -0.00014056941  -4.2400698e-05  -0.00016204236  6.0998213e-05  4.6298035e-05  0.0000000   0.0024892848  1.7741561e-05  -5.8936740e-05  0.00017505118  -0.00041311021  0.00051685758  1.2346869e-05  2.3239757e-05  -2.8379036e-05  0.00031152280  -2.2302774e-06  -2.8161921e-05  4.5274352e-06  -4.7912211e-05  1.0877944e-05  -5.5508121e-05  0.00020039453  -4.6422686e-06  -4.6013994e-05  -2.4331885e-05  -7.4033425e-06  
0.00027976657  7.1676188e-05  9.7476797e-05  7.7624384e-05  2.1886083e-05  5.0981202e-05  -0.00037568457  -2.6172371e-05  8.5456900e-06  -0.0024892848  0.0000000   6.7371458e-05  0.00016627857  9.1870355e-05  0.00013105444  -0.00070433388  -1.5135926e-05  2.2209170e-06  6.4605543e-05  -0.00025759036  6.7953506e-05  3.9900581e-05  -6.2745974e-06  6.3631615e-05  2.9161323e-06  0.00012179779  -1.3287727e-05  -3.5000547e-05  0.00017609763  1.7568325e-05  -1.4258786e-05  0.00027976657  7.1676188e-05  9.7476797e-05  7.7624384e-05  2.1886083e-05  5.0981202e-05  -0.00037568457  -2.6172371e-05  8.5456900e-06  -0.0024892848  0.0000000   6.7371458e-05  0.00016627857  9.1870355e-05  0.00013105444  -0.00070433388  -1.5135926e-05  2.2209170e-06  6.4605543e-05  -0.00025759036  6.7953506e-05  3.9900581e-05  -6.2745974e-06  6.3631615e-05  2.9161323e-06  0.00012179779  -1.3287727e-05  -3.5000547e-05  0.00017609763  1.7568325e-05  -1.4258786e-05  
-3.7075074e-06  9.2046080e-07  -3.8322992e-05  -0.00030487779  -0.00048266767  -7.3266785e-05  -2.0522135e-05  -0.00044728302  -0.00045415816  -1.7741561e-05  -6.7371458e-05  0.0000000   0.00026788507  0.0012533056  0.00013530371  6.4486281e-05  0.00024034500  6.0432370e-05  -0.00047128078  -1.5147572e-05  -0.00015345386  -0.00012836315  0.00024926520  0.00042027822  -0.00026847111  1.0891661e-05  3.4739707e-06  7.6636822e-05  2.0926430e-06  0.00014220135  -2.9706878e-05  -3.7075074e-06  9.2046080e-07  -3.8322992e-05  -0.00030487779  -0.00048266767  -7.3266785e-05  -2.0522135e-05  -0.00044728302  -0.00045415816  -1.7741561e-05  -6.7371458e-05  0.0000000   0.00026788507  0.0012533056  0.00013530371  6.4486281e-05  0.00024034500  6.0432370e-05  -0.00047128078  -1.5147572e-05  -0.00015345386  -0.00012836315  0.00024926520  0.00042027822  -0.00026847111  1.0891661e-05  3.4739707e-06  7.6636822e-05  2.0926430e-06  0.00014220135  -2.9706878e-05  
6.8278021e-06  3.3764901e-06  -2.9227627e-05  -7.0976637e-06  -0.00036791363  -0.00053163128  -6.7213178e-05  0.00012106888  0.00081918291  5.8936740e-05  -0.00016627857  -0.00026788507  0.0000000   0.0043460216  -3.4625553e-05  -6.0269919e-05  0.00025355059  0.00052927246  6.6459832e-07  4.6225541e-05  0.00016288174  5.7095887e-05  0.00013110141  0.00015918888  -5.3568832e-05  -6.0074114e-06  -2.4870815e-05  5.6338417e-05  -1.2175222e-05  8.5007304e-05  0.00019343108  6.8278021e-06  3.3764901e-06  -2.9227627e-05  -7.0976637e-06  -0.00036791363  -0.00053163128  -6.7213178e-05  0.00012106888  0.00081918291  5.8936740e-05  -0.00016627857  -0.00026788507  0.0000000   0.0043460216  -3.4625553e-05  -6.0269919e-05  0.00025355059  0.00052927246  6.6459832e-07  4.6225541e-05  0.00016288174  5.7095887e-05  0.00013110141  0.00015918888  -5.3568832e-05  -6.0074114e-06  -2.4870815e-05  5.6338417e-05  -1.2175222e-05  8.5007304e-05  0.00019343108  
-1.1923615e-05  -3.9119521e-06  1.1213149e-05  -0.00014334264  -5.3378952e-05  0.00031687680  0.00012118047  -0.00048122242  -0.00019674702  -0.00017505118  -9.1870355e-05  -0.0012533056  -0.0043460216  0.0000000   5.3529011e-05  1.6768215e-05  -9.2528846e-05  -0.00024856322  8.1266931e-05  -5.1234391e-05  0.00012798327  -0.00019479708  -0.00051131785  -0.00032245023  0.00010756235  -5.6718769e-06  -3.4686293e-06  9.4862586e-05  2.4118212e-05  -2.2462513e-06  1.0287511e-05  -1.1923615e-05  -3.9119521e-06  1.1213149e-05  -0.00014334264  -5.3378952e-05  0.00031687680  0.00012118047  -0.00048122242  -0.00019674702  -0.00017505118  -9.1870355e-05  -0.0012533056  -0.0043460216  0.0000000   5.3529011e-05  1.6768215e-05  -9.2528846e-05  -0.00024856322  8.1266931e-05  -5.1234391e-05  0.00012798327  -0.00019479708  -0.00051131785  -0.00032245023  0.00010756235  -5.6718769e-06  -3.4686293e-06  9.4862586e-05  2.4118212e-05  -2.2462513e-06  1.0287511e-05  
3.6420781e-05  0.00013676184  0.00022352972  -5.3155196e-05  -5.6262746e-05  -8.5052316e-05  0.00015908504  -1.1768189e-05  3.2238459e-05  0.00041311021  -0.00013105444  -0.00013530371  3.4625553e-05  -5.3529011e-05  0.0000000   0.0061077868  4.6785856e-05  2.5253999e-05  -0.00015846038  -0.00011885548  7.5354905e-05  4.0266095e-06  4.0255036e-05  -7.4389111e-06  1.5190417e-05  0.00030240313  0.00032507399  -4.1002783e-05  8.8615056e-05  6.2450700e-06  -1.0220001e-05  3.6420781e-05  0.00013676184  0.00022352972  -5.3155196e-05  -5.6262746e-05  -8.5052316e-05  0.00015908504  -1.1768189e-05  3.2238459e-05  0.00041311021  -0.00013105444  -0.00013530371  3.4625553e-05  -5.3529011e-05  0.0000000   0.0061077868  4.6785856e-05  2.5253999e-05  -0.00015846038  -0.00011885548  7.5354905e-05  4.0266095e-06  4.0255036e-05  -7.4389111e-06  1.5190417e-05  0.00030240313  0.00032507399  -4.1002783e-05  8.8615056e-05  6.2450700e-06  -1.0220001e-05  
4.5828749e-05  -0.00011140900  -0.00017631872  5.0265355e-05  -3.0815113e-05  -2.3303629e-05  0.00021000729  -4.1207285e-06  -7.8535748e-06  -0.00051685758  0.00070433388  -6.4486281e-05  6.0269919e-05  -1.6768215e-05  -0.0061077868  0.0000000   5.7939919e-05  -1.5847347e-05  -0.00012779573  0.00041551776  4.9390807e-05  6.7299328e-05  -2.4830084e-05  1.3909092e-06  1.7947948e-05  -0.00012378147  -6.9468976e-05  -2.9781483e-05  -0.00027633487  -1.0603413e-05  -1.3954132e-06  4.5828749e-05  -0.00011140900  -0.00017631872  5.0265355e-05  -3.0815113e-05  -2.3303629e-05  0.00021000729  -4.1207285e-06  -7.8535748e-06  -0.00051685758  0.00070433388  -6.4486281e-05  6.0269919e-05  -1.6768215e-05  -0.0061077868  0.0000000   5.7939919e-05  -1.5847347e-05  -0.00012779573  0.00041551776  4.9390807e-05  6.7299328e-05  -2.4830084e-05  1.3909092e-06  1.7947948e-05  -0.00012378147  -6.9468976e-05  -2.9781483e-05  -0.00027633487  -1.0603413e-05  -1.3954132e-06  
1.2973647e-05  2.6513841e-06  -8.3569445e-06  0.00011850097  -0.00026314529  4.9159056e-05  8.3255812e-06  0.00018382846  -2.0713728e-05  -1.2346869e-05  1.5135926e-05  -0.00024034500  -0.00025355059  9.2528846e-05  -4.6785856e-05  -5.7939919e-05  0.0000000   0.0022817769  -0.0012616161  -7.0465343e-05  0.00032962458  3.1543910e-05  4.3224013e-05  0.00014295139  -0.00043013238  -4.8360426e-05  -1.2560315e-05  -0.00010621118  1.0234845e-06  3.1246949e-05  0.00010481173  1.2973647e-05  2.6513841e-06  -8.3569445e-06  0.00011850097  -0.00026314529  4.9159056e-05  8.3255812e-06  0.00018382846  -2.0713728e-05  -1.2346869e-05  1.5135926e-05  -0.00024034500  -0.00025355059  9.2528846e-05  -4.6785856e-05  -5.7939919e-05  0.0000000   0.0022817769  -0.0012616161  -7.0465343e-05  0.00032962458  3.1543910e-05  4.3224013e-05  0.00014295139  -0.00043013238  -4.8360426e-05  -1.2560315e-05  -0.00010621118  1.0234845e-06  3.1246949e-05  0.00010481173  
-2.6341923e-05  -7.6357572e-06  1.3594306e-07  -2.5451648e-05  -1.3554129e-05  0.00025862752  7.4269307e-05  -7.6938212e-05  2.3715096e-05  -2.3239757e-05  -2.2209170e-06  -6.0432370e-05  -0.00052927246  0.00024856322  -2.5253999e-05  1.5847347e-05  -0.0022817769  0.0000000   0.00089417502  2.5390842e-05  -0.00073883476  0.00039723672  -0.00025197061  0.00042964116  0.00013646559  2.3575594e-05  1.5502455e-05  0.00016976595  2.6125533e-07  7.6131881e-05  -0.00013202804  -2.6341923e-05  -7.6357572e-06  1.3594306e-07  -2.5451648e-05  -1.3554129e-05  0.00025862752  7.4269307e-05  -7.6938212e-05  2.3715096e-05  -2.3239757e-05  -2.2209170e-06  -6.0432370e-05  -0.00052927246  0.00024856322  -2.5253999e-05  1.5847347e-05  -0.0022817769  0.0000000   0.00089417502  2.5390842e-05  -0.00073883476  0.00039723672  -0.00025197061  0.00042964116  0.00013646559  2.3575594e-05  1.5502455e-05  0.00016976595  2.6125533e-07  7.6131881e-05  -0.00013202804  
2.5063313e-05  -1.1023986e-05  4.9294371e-06  0.00014749758  -2.8903935e-05  -9.9753862e-05  -3.5462196e-05  0.00013801022  0.00015988237  2.8379036e-05  -6.4605543e-05  0.00047128078  -6.6459832e-07  -8.1266931e-05  0.00015846038  0.00012779573  0.0012616161  -0.00089417502  0.0000000   6.3603675e-06  0.00065160955  -0.00032347454  0.00035599991  -0.00036527632  9.1734633e-05  1.4399554e-05  5.2386425e-06  -0.00026595265  2.5908705e-06  -0.00026498333  -0.00019323133  2.5063313e-05  -1.1023986e-05  4.9294371e-06  0.00014749758  -2.8903935e-05  -9.9753862e-05  -3.5462196e-05  0.00013801022  0.00015988237  2.8379036e-05  -6.4605543e-05  0.00047128078  -6.6459832e-07  -8.1266931e-05  0.00015846038  0.00012779573  0.0012616161  -0.00089417502  0.0000000   6.3603675e-06  0.00065160955  -0.00032347454  0.00035599991  -0.00036527632  9.1734633e-05  1.4399554e-05  5.2386425e-06  -0.00026595265  2.5908705e-06  -0.00026498333  -0.00019323133  
9.8643623e-05  2.3984698e-05  8.8667455e-05  1.6836453e-05  -1.7577283e-05  -1.7537997e-05  4.0329773e-05  -1.1190079e-06  -9.4635805e-07  -0.00031152280  0.00025759036  1.5147572e-05  -4.6225541e-05  5.1234391e-05  0.00011885548  -0.00041551776  7.0465343e-05  -2.5390842e-05  -6.3603675e-06  0.0000000   8.0736130e-05  -0.00010261506  0.00022080962  4.0469347e-07  -6.6015362e-05  -4.2389085e-05  -0.00043217060  -2.5139151e-05  -3.8918081e-05  -1.4312091e-05  2.0812777e-06  9.8643623e-05  2.3984698e-05  8.8667455e-05  1.6836453e-05  -1.7577283e-05  -1.7537997e-05  4.0329773e-05  -1.1190079e-06  -9.4635805e-07  -0.00031152280  0.00025759036  1.5147572e-05  -4.6225541e-05  5.1234391e-05  0.00011885548  -0.00041551776  7.0465343e-05  -2.5390842e-05  -6.3603675e-06  0.0000000   8.0736130e-05  -0.00010261506  0.00022080962  4.0469347e-07  -6.6015362e-05  -4.2389085e-05  -0.00043217060  -2.5139151e-05  -3.8918081e-05  -1.4312091e-05  2.0812777e-06  
-1.3503023e-06  -8.1019053e-06  -2.5763768e-05  3.3649638e-05  -0.00019778676  -0.00018549976  -5.7937025e-05  8.9294465e-05  -0.00020185190  2.2302774e-06  -6.7953506e-05  0.00015345386  -0.00016288174  -0.00012798327  -7.5354905e-05  -4.9390807e-05  -0.00032962458  0.00073883476  -0.00065160955  -8.0736130e-05  0.0000000   -0.0024568174  0.0024919494  -3.5175013e-06  -0.00011401031  2.7745351e-05  3.5470457e-05  -0.00023079721  1.5858542e-05  -0.00020480620  -0.00021792506  -1.3503023e-06  -8.1019053e-06  -2.5763768e-05  3.3649638e-05  -0.00019778676  -0.00018549976  -5.7937025e-05  8.9294465e-05  -0.00020185190  2.2302774e-06  -6.7953506e-05  0.00015345386  -0.00016288174  -0.00012798327  -7.5354905e-05  -4.9390807e-05  -0.00032962458  0.00073883476  -0.00065160955  -8.0736130e-05  0.0000000   -0.0024568174  0.0024919494  -3.5175013e-06  -0.00011401031  2.7745351e-05  3.5470457e-05  -0.00023079721  1.5858542e-05  -0.00020480620  -0.00021792506  
-1.2135604e-05  -2.7312738e-05  -6.7385811e-06  3.5627308e-05  -0.00013379116  0.00011635775  2.6982044e-05  5.9862544e-05  0.00010143294  2.8161921e-05  -3.9900581e-05  0.00012836315  -5.7095887e-05  0.00019479708  -4.0266095e-06  -6.7299328e-05  -3.1543910e-05  -0.00039723672  0.00032347454  0.00010261506  0.0024568174  0.0000000   0.0010658005  0.00029665985  0.00059791076  -5.6872781e-05  -2.2426128e-06  -0.00043892888  -1.2584362e-05  6.4679311e-06  -0.00016228005  -1.2135604e-05  -2.7312738e-05  -6.7385811e-06  3.5627308e-05  -0.00013379116  0.00011635775  2.6982044e-05  5.9862544e-05  0.00010143294  2.8161921e-05  -3.9900581e-05  0.00012836315  -5.7095887e-05  0.00019479708  -4.0266095e-06  -6.7299328e-05  -3.1543910e-05  -0.00039723672  0.00032347454  0.00010261506  0.0024568174  0.0000000   0.0010658005  0.00029665985  0.00059791076  -5.6872781e-05  -2.2426128e-06  -0.00043892888  -1.2584362e-05  6.4679311e-06  -0.00016228005  
2.2183306e-05  -1.9630629e-05  -2.8414722e-05  0.00015098320  0.00015745054  -0.00015102501  -3.5237374e-05  9.1813287e-05  -0.00022440802  -4.5274352e-06  6.2745974e-06  -0.00024926520  -0.00013110141  0.00051131785  -4.0255036e-05  2.4830084e-05  -4.3224013e-05  0.00025197061  -0.00035599991  -0.00022080962  -0.0024919494  -0.0010658005  0.0000000   -0.0063101420  -0.0023617180  -0.00012839783  -5.6631911e-05  -0.00065416183  3.2576035e-05  -0.00040817833  -0.00012252822  2.2183306e-05  -1.9630629e-05  -2.8414722e-05  0.00015098320  0.00015745054  -0.00015102501  -3.5237374e-05  9.1813287e-05  -0.00022440802  -4.5274352e-06  6.2745974e-06  -0.00024926520  -0.00013110141  0.00051131785  -4.0255036e-05  2.4830084e-05  -4.3224013e-05  0.00025197061  -0.00035599991  -0.00022080962  -0.0024919494  -0.0010658005  0.0000000   -0.0063101420  -0.0023617180  -0.00012839783  -5.6631911e-05  -0.00065416183  3.2576035e-05  -0.00040817833  -0.00012252822  
-3.5850315e-05  -4.6828368e-06  2.6898189e-06  6.5133849e-05  -2.8925524e-05  0.00012640399  2.5713821e-05  5.4764116e-05  -0.00018242438  4.7912211e-05  -6.3631615e-05  -0.00042027822  -0.00015918888  0.00032245023  7.4389111e-06  -1.3909092e-06  -0.00014295139  -0.00042964116  0.00036527632  -4.0469347e-07  3.5175013e-06  -0.00029665985  0.0063101420  0.0000000   -0.0033652308  -4.0578148e-05  -4.5973592e-05  -0.00013471346  -2.6187220e-05  0.00019570205  0.00014316904  -3.5850315e-05  -4.6828368e-06  2.6898189e-06  6.5133849e-05  -2.8925524e-05  0.00012640399  2.5713821e-05  5.4764116e-05  -0.00018242438  4.7912211e-05  -6.3631615e-05  -0.00042027822  -0.00015918888  0.00032245023  7.4389111e-06  -1.3909092e-06  -0.00014295139  -0.00042964116  0.00036527632  -4.0469347e-07  3.5175013e-06  -0.00029665985  0.0063101420  0.0000000   -0.0033652308  -4.0578148e-05  -4.5973592e-05  -0.00013471346  -2.6187220e-05  0.00019570205  0.00014316904  
-2.3099196e-05  2.0172350e-05  1.7604903e-05  -6.3975922e-05  4.9083199e-05  0.00023568169  5.8327393e-05  7.8348356e-05  -0.00020037722  -1.0877944e-05  -2.9161323e-06  0.00026847111  5.3568832e-05  -0.00010756235  -1.5190417e-05  -1.7947948e-05  0.00043013238  -0.00013646559  -9.1734633e-05  6.6015362e-05  0.00011401031  -0.00059791076  0.0023617180  0.0033652308  0.0000000   6.9482626e-05  -3.5519611e-05  -0.00016799349  9.5485093e-06  -4.2319329e-05  0.00017287108  -2.3099196e-05  2.0172350e-05  1.7604903e-05  -6.3975922e-05  4.9083199e-05  0.00023568169  5.8327393e-05  7.8348356e-05  -0.00020037722  -1.0877944e-05  -2.9161323e-06  0.00026847111  5.3568832e-05  -0.00010756235  -1.5190417e-05  -1.7947948e-05  0.00043013238  -0.00013646559  -9.1734633e-05  6.6015362e-05  0.00011401031  -0.00059791076  0.0023617180  0.0033652308  0.0000000   6.9482626e-05  -3.5519611e-05  -0.00016799349  9.5485093e-06  -4.2319329e-05  0.00017287108  
-5.9062676e-05  -5.9739189e-05  0.00010904905  9.8899861e-06  -9.6430104e-06  2.9516065e-06  -6.2996735e-06  4.3648694e-08  -4.0010931e-06  5.5508121e-05  -0.00012179779  -1.0891661e-05  6.0074114e-06  5.6718769e-06  -0.00030240313  0.00012378147  4.8360426e-05  -2.3575594e-05  -1.4399554e-05  4.2389085e-05  -2.7745351e-05  5.6872781e-05  0.00012839783  4.0578148e-05  -6.9482626e-05  0.0000000   0.0012868623  1.1962043e-05  0.00028740173  7.1458870e-05  7.6051317e-05  -5.9062676e-05  -5.9739189e-05  0.00010904905  9.8899861e-06  -9.6430104e-06  2.9516065e-06  -6.2996735e-06  4.3648694e-08  -4.0010931e-06  5.5508121e-05  -0.00012179779  -1.0891661e-05  6.0074114e-06  5.6718769e-06  -0.00030240313  0.00012378147  4.8360426e-05  -2.3575594e-05  -1.4399554e-05  4.2389085e-05  -2.7745351e-05  5.6872781e-05  0.00012839783  4.0578148e-05  -6.9482626e-05  0.0000000   0.0012868623  1.1962043e-05  0.00028740173  7.1458870e-05  7.6051317e-05  
7.3138827e-05  -0.00014121323  -7.6823424e-05  1.5621088e-05  1.3110480e-05  -7.8508081e-06  0.00010324042  -9.8812117e-06  -1.6733026e-06  -0.00020039453  1.3287727e-05  -3.4739707e-06  2.4870815e-05  3.4686293e-06  -0.00032507399  6.9468976e-05  1.2560315e-05  -1.5502455e-05  -5.2386425e-06  0.00043217060  -3.5470457e-05  2.2426128e-06  5.6631911e-05  4.5973592e-05  3.5519611e-05  -0.0012868623  0.0000000   -2.1242479e-07  0.0014247731  0.00016119310  1.1820705e-05  7.3138827e-05  -0.00014121323  -7.6823424e-05  1.5621088e-05  1.3110480e-05  -7.8508081e-06  0.00010324042  -9.8812117e-06  -1.6733026e-06  -0.00020039453  1.3287727e-05  -3.4739707e-06  2.4870815e-05  3.4686293e-06  -0.00032507399  6.9468976e-05  1.2560315e-05  -1.5502455e-05  -5.2386425e-06  0.00043217060  -3.5470457e-05  2.2426128e-06  5.6631911e-05  4.5973592e-05  3.5519611e-05  -0.0012868623  0.0000000   -2.1242479e-07  0.0014247731  0.00016119310  1.1820705e-05  
-9.7655425e-06  3.6676864e-05  1.4797676e-05  -7.7213927e-05  0.00012063248  0.00012215745  1.7914421e-05  9.1545696e-05  -5.3272637e-05  4.6422686e-06  3.5000547e-05  -7.6636822e-05  -5.6338417e-05  -9.4862586e-05  4.1002783e-05  2.9781483e-05  0.00010621118  -0.00016976595  0.00026595265  2.5139151e-05  0.00023079721  0.00043892888  0.00065416183  0.00013471346  0.00016799349  -1.1962043e-05  2.1242479e-07  0.0000000   -0.00025337759  0.0033689877  0.0010692889  -9.7655425e-06  3.6676864e-05  1.4797676e-05  -7.7213927e-05  0.00012063248  0.00012215745  1.7914421e-05  9.1545696e-05  -5.3272637e-05  4.6422686e-06  3.5000547e-05  -7.6636822e-05  -5.6338417e-05  -9.4862586e-05  4.1002783e-05  2.9781483e-05  0.00010621118  -0.00016976595  0.00026595265  2.5139151e-05  0.00023079721  0.00043892888  0.00065416183  0.00013471346  0.00016799349  -1.1962043e-05  2.1242479e-07  0.0000000   -0.00025337759  0.0033689877  0.0010692889  
-3.6945801e-05  4.9238158e-05  -6.5842978e-05  -2.9015536e-06  2.8733239e-06  -1.1817541e-05  3.5460609e-05  3.4029765e-05  -7.7854959e-06  4.6013994e-05  -0.00017609763  -2.0926430e-06  1.2175222e-05  -2.4118212e-05  -8.8615056e-05  0.00027633487  -1.0234845e-06  -2.6125533e-07  -2.5908705e-06  3.8918081e-05  -1.5858542e-05  1.2584362e-05  -3.2576035e-05  2.6187220e-05  -9.5485093e-06  -0.00028740173  -0.0014247731  0.00025337759  0.0000000   0.00014102430  7.8116006e-05  -3.6945801e-05  4.9238158e-05  -6.5842978e-05  -2.9015536e-06  2.8733239e-06  -1.1817541e-05  3.5460609e-05  3.4029765e-05  -7.7854959e-06  4.6013994e-05  -0.00017609763  -2.0926430e-06  1.2175222e-05  -2.4118212e-05  -8.8615056e-05  0.00027633487  -1.0234845e-06  -2.6125533e-07  -2.5908705e-06  3.8918081e-05  -1.5858542e-05  1.2584362e-05  -3.2576035e-05  2.6187220e-05  -9.5485093e-06  -0.00028740173  -0.0014247731  0.00025337759  0.0000000   0.00014102430  7.8116006e-05  
-2.4358816e-05  -7.2196886e-06  2.4133070e-06  -0.00011118094  4.2158208e-05  0.00014805440  3.8258852e-05  -0.00019155254  5.0805630e-05  2.4331885e-05  -1.7568325e-05  -0.00014220135  -8.5007304e-05  2.2462513e-06  -6.2450700e-06  1.0603413e-05  -3.1246949e-05  -7.6131881e-05  0.00026498333  1.4312091e-05  0.00020480620  -6.4679311e-06  0.00040817833  -0.00019570205  4.2319329e-05  -7.1458870e-05  -0.00016119310  -0.0033689877  -0.00014102430  0.0000000   -0.00047598340  -2.4358816e-05  -7.2196886e-06  2.4133070e-06  -0.00011118094  4.2158208e-05  0.00014805440  3.8258852e-05  -0.00019155254  5.0805630e-05  2.4331885e-05  -1.7568325e-05  -0.00014220135  -8.5007304e-05  2.2462513e-06  -6.2450700e-06  1.0603413e-05  -3.1246949e-05  -7.6131881e-05  0.00026498333  1.4312091e-05  0.00020480620  -6.4679311e-06  0.00040817833  -0.00019570205  4.2319329e-05  -7.1458870e-05  -0.00016119310  -0.0033689877  -0.00014102430  0.0000000   -0.00047598340  
-5.3470060e-06  9.9735180e-06  1.6359330e-05  -7.5781641e-05  0.00019184846  0.00013047986  3.8588390e-05  1.6147788e-05  1.5052891e-05  7.4033425e-06  1.4258786e-05  2.9706878e-05  -0.00019343108  -1.0287511e-05  1.0220001e-05  1.3954132e-06  -0.00010481173  0.00013202804  0.00019323133  -2.0812777e-06  0.00021792506  0.00016228005  0.00012252822  -0.00014316904  -0.00017287108  -7.6051317e-05  -1.1820705e-05  -0.0010692889  -7.8116006e-05  0.00047598340  0.0000000   -5.3470060e-06  9.9735180e-06  1.6359330e-05  -7.5781641e-05  0.00019184846  0.00013047986  3.8588390e-05  1.6147788e-05  1.5052891e-05  7.4033425e-06  1.4258786e-05  2.9706878e-05  -0.00019343108  -1.0287511e-05  1.0220001e-05  1.3954132e-06  -0.00010481173  0.00013202804  0.00019323133  -2.0812777e-06  0.00021792506  0.00016228005  0.00012252822  -0.00014316904  -0.00017287108  -7.6051317e-05  -1.1820705e-05  -0.0010692889  -7.8116006e-05  0.00047598340  0.0000000   
0.0000000   -0.0021174343  0.00062017193  -7.0306197e-05  -9.3411178e-05  -0.00017478585  0.00061262732  0.00010987752  -4.5832399e-05  -1.8548330e-05  -0.00027976657  3.7075074e-06  -6.8278021e-06  1.1923615e-05  -3.6420781e-05  -4.5828749e-05  -1.2973647e-05  2.6341923e-05  -2.5063313e-05  -9.8643623e-05  1.3503023e-06  1.2135604e-05  -2.2183306e-05  3.5850315e-05  2.3099196e-05  5.9062676e-05  -7.3138827e-05  9.7655425e-06  3.6945801e-05  2.4358816e-05  5.3470060e-06  0.0000000   -0.0021174343  0.00062017193  -7.0306197e-05  -9.3411178e-05  -0.00017478585  0.00061262732  0.00010987752  -4.5832399e-05  -1.8548330e-05  -0.00027976657  3.7075074e-06  -6.8278021e-06  1.1923615e-05  -3.6420781e-05  -4.5828749e-05  -1.2973647e-05  2.6341923e-05  -2.5063313e-05  -9.8643623e-05  1.3503023e-06  1.2135604e-05  -2.2183306e-05  3.5850315e-05  2.3099196e-05  5.9062676e-05  -7.3138827e-05  9.7655425e-06  3.6945801e-05  2.4358816e-05  5.3470060e-06  
0.0021174343  0.0000000   -0.0016658076  0.00011308580  2.3503646e-05  0.00018989119  -0.00076965039  -6.5683958e-05  -3.2159641e-05  -0.00051250350  -7.1676188e-05  -9.2046080e-07  -3.3764901e-06  3.9119521e-06  -0.00013676184  0.00011140900  -2.6513841e-06  7.6357572e-06  1.1023986e-05  -2.3984698e-05  8.1019053e-06  2.7312738e-05  1.9630629e-05  4.6828368e-06  -2.0172350e-05  5.9739189e-05  0.00014121323  -3.6676864e-05  -4.9238158e-05  7.2196886e-06  -9.9735180e-06  0.0021174343  0.0000000   -0.0016658076  0.00011308580  2.3503646e-05  0.00018989119  -0.00076965039  -6.5683958e-05  -3.2159641e-05  -0.00051250350  -7.1676188e-05  -9.2046080e-07  -3.3764901e-06  3.9119521e-06  -0.00013676184  0.00011140900  -2.6513841e-06  7.6357572e-06  1.1023986e-05  -2.3984698e-05  8.1019053e-06  2.7312738e-05  1.9630629e-05  4.6828368e-06  -2.0172350e-05  5.9739189e-05  0.00014121323  -3.6676864e-05  -4.9238158e-05  7.2196886e-06  -9.9735180e-06  
-0.00062017193  0.0016658076  0.0000000   0.00016130614  -0.00021606646  -0.00026777952  0.00065554090  1.3588373e-05  2.0961113e-05  -0.00011319731  -9.7476797e-05  3.8322992e-05  2.9227627e-05  -1.1213149e-05  -0.00022352972  0.00017631872  8.3569445e-06  -1.3594306e-07  -4.9294371e-06  -8.8667455e-05  2.5763768e-05  6.7385811e-06  2.8414722e-05  -2.6898189e-06  -1.7604903e-05  -0.00010904905  7.6823424e-05  -1.4797676e-05  6.5842978e-05  -2.4133070e-06  -1.6359330e-05  -0.00062017193  0.0016658076  0.0000000   0.00016130614  -0.00021606646  -0.00026777952  0.00065554090  1.3588373e-05  2.0961113e-05  -0.00011319731  -9.7476797e-05  3.8322992e-05  2.9227627e-05  -1.1213149e-05  -0.00022352972  0.00017631872  8.3569445e-06  -1.3594306e-07  -4.9294371e-06  -8.8667455e-05  2.5763768e-05  6.7385811e-06  2.8414722e-05  -2.6898189e-06  -1.7604903e-05  -0.00010904905  7.6823424e-05  -1.4797676e-05  6.5842978e-05  -2.4133070e-06  -1.6359330e-05  
7.0306197e-05  -0.00011308580  -0.00016130614  0.0000000   -0.0038500104  -0.0018485049  -0.00052881639  0.00071855286  -0.00042534346  4.1862700e-05  -7.7624384e-05  0.00030487779  7.0976637e-06  0.00014334264  5.3155196e-05  -5.0265355e-05  -0.00011850097  2.5451648e-05  -0.00014749758  -1.6836453e-05  -3.3649638e-05  -3.5627308e-05  -0.00015098320  -6.5133849e-05  6.3975922e-05  -9.8899861e-06  -1.5621088e-05  7.7213927e-05  2.9015536e-06  0.00011118094  7.5781641e-05  7.0306197e-05  -0.00011308580  -0.00016130614  0.0000000   -0.0038500104  -0.0018485049  -0.00052881639  0.00071855286  -0.00042534346  4.1862700e-05  -7.7624384e-05  0.00030487779  7.0976637e-06  0.00014334264  5.3155196e-05  -5.0265355e-05  -0.00011850097  2.5451648e-05  -0.00014749758  -1.6836453e-05  -3.3649638e-05  -3.5627308e-05  -0.00015098320  -6.5133849e-05  6.3975922e-05  -9.8899861e-06  -1.5621088e-05  7.7213927e-05  2.9015536e-06  0.00011118094  7.5781641e-05  
9.3411178e-05  -2.3503646e-05  0.00021606646  0.0038500104  0.0000000   -0.00026836540  5.9558365e-05  -0.00053759085  0.00013467834  0.00014056941  -2.1886083e-05  0.00048266767  0.00036791363  5.3378952e-05  5.6262746e-05  3.0815113e-05  0.00026314529  1.3554129e-05  2.8903935e-05  1.7577283e-05  0.00019778676  0.00013379116  -0.00015745054  2.8925524e-05  -4.9083199e-05  9.6430104e-06  -1.3110480e-05  -0.00012063248  -2.8733239e-06  -4.2158208e-05  -0.00019184846  9.3411178e-05  -2.3503646e-05  0.00021606646  0.0038500104  0.0000000   -0.00026836540  5.9558365e-05  -0.00053759085  0.00013467834  0.00014056941  -2.1886083e-05  0.00048266767  0.00036791363  5.3378952e-05  5.6262746e-05  3.0815113e-05  0.00026314529  1.3554129e-05  2.8903935e-05  1.7577283e-05  0.00019778676  0.00013379116  -0.00015745054  2.8925524e-05  -4.9083199e-05  9.6430104e-06  -1.3110480e-05  -0.00012063248  -2.8733239e-06  -4.2158208e-05  -0.00019184846  
0.00017478585  -0.00018989119  0.00026777952  0.0018485049  0.00026836540  0.0000000   0.00011610270  -0.0028488051  -0.00033720440  4.2400698e-05  -5.0981202e-05  7.3266785e-05  0.00053163128  -0.00031687680  8.5052316e-05  2.3303629e-05  -4.9159056e-05  -0.00025862752  9.9753862e-05  1.7537997e-05  0.00018549976  -0.00011635775  0.00015102501  -0.00012640399  -0.00023568169  -2.9516065e-06  7.8508081e-06  -0.00012215745  1.1817541e-05  -0.00014805440  -0.00013047986  0.00017478585  -0.00018989119  0.00026777952  0.0018485049  0.00026836540  0.0000000   0.00011610270  -0.0028488051  -0.00033720440  4.2400698e-05  -5.0981202e-05  7.3266785e-05  0.00053163128  -0.00031687680  8.5052316e-05  2.3303629e-05  -4.9159056e-05  -0.00025862752  9.9753862e-05  1.7537997e-05  0.00018549976  -0.00011635775  0.00015102501  -0.00012640399  -0.00023568169  -2.9516065e-06  7.8508081e-06  -0.00012215745  1.1817541e-05  -0.00014805440  -0.00013047986  
-0.00061262732  0.00076965039  -0.00065554090  0.00052881639  -5.9558365e-05  -0.00011610270  0.0000000   -0.00070387117  -7.5828914e-05  0.00016204236  0.00037568457  2.0522135e-05  6.7213178e-05  -0.00012118047  -0.00015908504  -0.00021000729  -8.3255812e-06  -7.4269307e-05  3.5462196e-05  -4.0329773e-05  5.7937025e-05  -2.6982044e-05  3.5237374e-05  -2.5713821e-05  -5.8327393e-05  6.2996735e-06  -0.00010324042  -1.7914421e-05  -3.5460609e-05  -3.8258852e-05  -3.8588390e-05  -0.00061262732  0.00076965039  -0.00065554090  0.00052881639  -5.9558365e-05  -0.00011610270  0.0000000   -0.00070387117  -7.5828914e-05  0.00016204236  0.00037568457  2.0522135e-05  6.7213178e-05  -0.00012118047  -0.00015908504  -0.00021000729  -8.3255812e-06  -7.4269307e-05  3.5462196e-05  -4.0329773e-05  5.7937025e-05  -2.6982044e-05  3.5237374e-05  -2.5713821e-05  -5.8327393e-05  6.2996735e-06  -0.00010324042  -1.7914421e-05  -3.5460609e-05  -3.8258852e-05  -3.8588390e-05  
-0.00010987752  6.5683958e-05  -1.3588373e-05  -0.00071855286  0.00053759085  0.0028488051  0.00070387117  0.0000000   -0.00010091014  -6.0998213e-05  2.6172371e-05  0.00044728302  -0.00012106888  0.00048122242  1.1768189e-05  4.1207285e-06  -0.00018382846  7.6938212e-05  -0.00013801022  1.1190079e-06  -8.9294465e-05  -5.9862544e-05  -9.1813287e-05  -5.4764116e-05  -7.8348356e-05  -4.3648694e-08  9.8812117e-06  -9.1545696e-05  -3.4029765e-05  0.00019155254  -1.6147788e-05  -0.00010987752  6.5683958e-05  -1.3588373e-05  -0.00071855286  0.00053759085  0.0028488051  0.00070387117  0.0000000   -0.00010091014  -6.0998213e-05  2.6172371e-05  0.00044728302  -0.00012106888  0.00048122242  1.1768189e-05  4.1207285e-06  -0.00018382846  7.6938212e-05  -0.00013801022  1.1190079e-06  -8.9294465e-05  -5.9862544e-05  -9.1813287e-05  -5.4764116e-05  -7.8348356e-05  -4.3648694e-08  9.8812117e-06  -9.1545696e-05  -3.4029765e-05  0.00019155254  -1.6147788e-05  
4.5832399e-05  3.2159641e-05  -2.0961113e-05  0.00042534346  -0.00013467834  0.00033720440  7.5828914e-05  0.00010091014  0.0000000   -4.6298035e-05  -8.5456900e-06  0.00045415816  -0.00081918291  0.00019674702  -3.2238459e-05  7.8535748e-06  2.0713728e-05  -2.3715096e-05  -0.00015988237  9.4635805e-07  0.00020185190  -0.00010143294  0.00022440802  0.00018242438  0.00020037722  4.0010931e-06  1.6733026e-06  5.3272637e-05  7.7854959e-06  -5.0805630e-05  -1.5052891e-05  4.5832399e-05  3.2159641e-05  -2.0961113e-05  0.00042534346  -0.00013467834  0.00033720440  7.5828914e-05  0.00010091014  0.0000000   -4.6298035e-05  -8.5456900e-06  0.00045415816  -0.00081918291  0.00019674702  -3.2238459e-05  7.8535748e-06  2.0713728e-05  -2.3715096e-05  -0.00015988237  9.4635805e-07  0.00020185190  -0.00010143294  0.00022440802  0.00018242438  0.00020037722  4.0010931e-06  1.6733026e-06  5.3272637e-05  7.7854959e-06  -5.0805630e-05  -1.5052891e-05  
1.8548330e-05  0.00051250350  0.00011319731  -4.1862700e-05  -0.00014056941  -4.2400698e-05  -0.00016204236  6.0998213e-05  4.6298035e-05  0.0000000   0.0024892848  1.7741561e-05  -5.8936740e-05  0.00017505118  -0.00041311021  0.00051685758  1.2346869e-05  2.3239757e-05  -2.8379036e-05  0.00031152280  -2.2302774e-06  -2.8161921e-05  4.5274352e-06  -4.7912211e-05  1.0877944e-05  -5.5508121e-05  0.00020039453  -4.6422686e-06  -4.6013994e-05  -2.4331885e-05  -7.4033425e-06  1.8548330e-05  0.00051250350  0.00011319731  -4.1862700e-05  -0.00014056941  -4.2400698e-05  -0.00016204236  6.0998213e-05  4.6298035e-05  0.0000000   0.0024892848  1.7741561e-05  -5.8936740e-05  0.00017505118  -0.00041311021  0.00051685758  1.2346869e-05  2.3239757e-05  -2.8379036e-05  0.00031152280  -2.2302774e-06  -2.8161921e-05  4.5274352e-06  -4.7912211e-05  1.0877944e-05  -5.5508121e-05  0.00020039453  -4.6422686e-06  -4.6013994e-05  -2.4331885e-05  -7.4033425e-06  
0.00027976657  7.1676188e-05  9.7476797e-05  7.7624384e-05  2.1886083e-05  5.0981202e-05  -0.00037568457  -2.6172371e-05  8.5456900e-06  -0.0024892848  0.0000000   6.7371458e-05  0.00016627857  9.1870355e-05  0.00013105444  -0.00070433388  -1.5135926e-05  2.2209170e-06  6.4605543e-05  -0.00025759036  6.7953506e-05  3.9900581e-05  -6.2745974e-06  6.3631615e-05  2.9161323e-06  0.00012179779  -1.3287727e-05  -3.5000547e-05  0.00017609763  1.7568325e-05  -1.4258786e-05  0.00027976657  7.1676188e-05  9.7476797e-05  7.7624384e-05  2.1886083e-05  5.0981202e-05  -0.00037568457  -2.6172371e-05  8.5456900e-06  -0.0024892848  0.0000000   6.7371458e-05  0.00016627857  9.1870355e-05  0.00013105444  -0.00070433388  -1.5135926e-05  2.2209170e-06  6.4605543e-05  -0.00025759036  6.7953506e-05  3.9900581e-05  -6.2745974e-06  6.3631615e-05  2.9161323e-06  0.00012179779  -1.3287727e-05  -3.5000547e-05  0.00017609763  1.7568325e-05  -1.4258786e-05  
