0.0000000   0.00022509928  -0.00013231845  -0.00014715694  0.00014774348  0.00022358519  2.1361950e-06  -0.00022839809  2.8463979e-05  8.1770820e-05  -0.00028588374  0.00026681461  0.00024675371  -4.4270576e-05  0.00016755762  -0.00030086729  3.8754667e-06  6.7748283e-05  2.1006657e-05  -1.4475027e-05  2.3275871e-05  1.8034633e-05  -5.1781854e-06  5.6000946e-05  -8.9775209e-05  8.8899746e-05  1.5046363e-06  -1.3035777e-05  -2.6855114e-06  -3.4575807e-06  0.00010003918  0.0000000   0.00022509928  -0.00013231845  -0.00014715694  0.00014774348  0.00022358519  2.1361950e-06  -0.00022839809  2.8463979e-05  8.1770820e-05  -0.00028588374  0.00026681461  0.00024675371  -4.4270576e-05  0.00016755762  -0.00030086729  3.8754667e-06  6.7748283e-05  2.1006657e-05  -1.4475027e-05  2.3275871e-05  1.8034633e-05  -5.1781854e-06  5.6000946e-05  -8.9775209e-05  8.8899746e-05  1.5046363e-06  -1.3035777e-05  -2.6855114e-06  -3.4575807e-06  0.00010003918  
-0.00022509928  0.0000000   0.0016967629  0.0018631746  -0.0017028695  9.4287816e-05  0.00041190844  -3.3916875e-05  0.00023252956  -4.2520545e-05  -0.00011603201  1.8043408e-05  -6.3798391e-05  4.5602726e-05  1.8069013e-06  -2.9084777e-06  2.8395096e-05  3.3561669e-06  -1.0626926e-05  -8.4545429e-05  -2.7549600e-05  -4.0082491e-06  -1.7052741e-05  1.9753626e-05  -1.3146948e-05  3.0376128e-05  -1.6539818e-06  -1.6855319e-05  2.3392544e-05  4.5386837e-06  2.1291051e-05  -0.00022509928  0.0000000   0.0016967629  0.0018631746  -0.0017028695  9.4287816e-05  0.00041190844  -3.3916875e-05  0.00023252956  -4.2520545e-05  -0.00011603201  1.8043408e-05  -6.3798391e-05  4.5602726e-05  1.8069013e-06  -2.9084777e-06  2.8395096e-05  3.3561669e-06  -1.0626926e-05  -8.4545429e-05  -2.7549600e-05  -4.0082491e-06  -1.7052741e-05  1.9753626e-05  -1.3146948e-05  3.0376128e-05  -1.6539818e-06  -1.6855319e-05  2.3392544e-05  4.5386837e-06  2.1291051e-05  
0.00013231845  -0.0016967629  0.0000000   0.00093836624  -0.00023703415  4.1408354e-05  0.00096258276  4.3347194e-05  -0.00050589512  -2.7834442e-06  -7.8230959e-05  0.00011121360  -6.2996141e-06  2.2050318e-06  4.1132138e-05  -1.4023658e-05  3.9886163e-05  -3.4205741e-05  -0.00020104144  -0.00018752004  -2.3430577e-05  -1.1418409e-05  -1.1004545e-05  1.0648940e-05  3.3087414e-06  -1.0169755e-05  3.9186259e-05  4.0101937e-05  -0.00011327900  5.9841841e-05  1.1596972e-05  0.00013231845  -0.0016967629  0.0000000   0.00093836624  -0.00023703415  4.1408354e-05  0.00096258276  4.3347194e-05  -0.00050589512  -2.7834442e-06  -7.8230959e-05  0.00011121360  -6.2996141e-06  2.2050318e-06  4.1132138e-05  -1.4023658e-05  3.9886163e-05  -3.4205741e-05  -0.00020104144  -0.00018752004  -2.3430577e-05  -1.1418409e-05  -1.1004545e-05  1.0648940e-05  3.3087414e-06  -1.0169755e-05  3.9186259e-05  4.0101937e-05  -0.00011327900  5.9841841e-05  1.1596972e-05  
0.00014715694  -0.0018631746  -0.00093836624  0.0000000   1.2665162e-05  -5.6830572e-05  -0.0015408635  -9.6708092e-05  0.00023813574  2.4846860e-05  -0.00011339315  9.4492100e-06  -1.1878902e-06  7.5544460e-05  -5.2868792e-05  4.9597617e-05  2.6497486e-06  -4.7896432e-05  -0.00010678221  -0.00026296403  5.9957772e-05  -1.1412979e-05  2.1598319e-05  -4.9387038e-06  -4.1401729e-06  1.4648590e-05  -1.8418977e-05  -0.00010208810  1.1748229e-05  1.4837346e-06  4.6004897e-09  0.00014715694  -0.0018631746  -0.00093836624  0.0000000   1.2665162e-05  -5.6830572e-05  -0.0015408635  -9.6708092e-05  0.00023813574  2.4846860e-05  -0.00011339315  9.4492100e-06  -1.1878902e-06  7.5544460e-05  -5.2868792e-05  4.9597617e-05  2.6497486e-06  -4.7896432e-05  -0.00010678221  -0.00026296403  5.9957772e-05  -1.1412979e-05  2.1598319e-05  -4.9387038e-06  -4.1401729e-06  1.4648590e-05  -1.8418977e-05  -0.00010208810  1.1748229e-05  1.4837346e-06  4.6004897e-09  
-0.00014774348  0.0017028695  0.00023703415  -1.2665162e-05  0.0000000   7.8466846e-05  0.00076052138  0.00019527493  0.00035851825  4.3645505e-05  4.4238336e-05  -5.4008976e-05  4.9311494e-05  -1.6939387e-05  -2.7626362e-05  -6.0987854e-06  3.6612811e-05  2.2253415e-05  -0.00015487182  0.00025544695  -0.00021895122  -3.3576504e-05  3.3480856e-05  -5.5577029e-06  1.0085015e-05  2.7179917e-05  -1.8478288e-05  0.00013775669  2.0051678e-05  6.2059154e-05  7.4004345e-06  -0.00014774348  0.0017028695  0.00023703415  -1.2665162e-05  0.0000000   7.8466846e-05  0.00076052138  0.00019527493  0.00035851825  4.3645505e-05  4.4238336e-05  -5.4008976e-05  4.9311494e-05  -1.6939387e-05  -2.7626362e-05  -6.0987854e-06  3.6612811e-05  2.2253415e-05  -0.00015487182  0.00025544695  -0.00021895122  -3.3576504e-05  3.3480856e-05  -5.5577029e-06  1.0085015e-05  2.7179917e-05  -1.8478288e-05  0.00013775669  2.0051678e-05  6.2059154e-05  7.4004345e-06  
-0.00022358519  -9.4287816e-05  -4.1408354e-05  5.6830572e-05  -7.8466846e-05  0.0000000   -9.1927789e-05  0.0015405020  8.6072658e-05  0.00057401976  -0.00079633446  -0.00016098403  0.00067870260  0.00030280865  -0.00011468508  0.00023599383  -0.00035678427  0.00013892630  -4.5995512e-06  -3.3257861e-05  -2.2791377e-05  -8.8174997e-05  -2.8984540e-05  9.7674451e-07  0.00012754215  0.00024605439  -0.00012085927  -4.6242794e-06  -2.1510167e-05  2.7569103e-06  6.9866758e-05  -0.00022358519  -9.4287816e-05  -4.1408354e-05  5.6830572e-05  -7.8466846e-05  0.0000000   -9.1927789e-05  0.0015405020  8.6072658e-05  0.00057401976  -0.00079633446  -0.00016098403  0.00067870260  0.00030280865  -0.00011468508  0.00023599383  -0.00035678427  0.00013892630  -4.5995512e-06  -3.3257861e-05  -2.2791377e-05  -8.8174997e-05  -2.8984540e-05  9.7674451e-07  0.00012754215  0.00024605439  -0.00012085927  -4.6242794e-06  -2.1510167e-05  2.7569103e-06  6.9866758e-05  
-2.1361950e-06  -0.00041190844  -0.00096258276  0.0015408635  -0.00076052138  9.1927789e-05  0.0000000   -6.1245490e-05  0.00088381827  -2.9107526e-05  6.6815062e-05  -0.00021815403  -0.00012468491  3.9641916e-05  -7.8842154e-05  5.1476451e-05  -1.0623286e-05  -7.8559211e-06  0.00011674300  0.00037659357  -0.00022054700  -6.1233056e-06  -0.00024100056  -1.4645935e-05  -2.5036943e-05  1.0283697e-05  1.3732432e-05  0.00015127739  1.1452801e-05  6.6524642e-05  -1.8238865e-05  -2.1361950e-06  -0.00041190844  -0.00096258276  0.0015408635  -0.00076052138  9.1927789e-05  0.0000000   -6.1245490e-05  0.00088381827  -2.9107526e-05  6.6815062e-05  -0.00021815403  -0.00012468491  3.9641916e-05  -7.8842154e-05  5.1476451e-05  -1.0623286e-05  -7.8559211e-06  0.00011674300  0.00037659357  -0.00022054700  -6.1233056e-06  -0.00024100056  -1.4645935e-05  -2.5036943e-05  1.0283697e-05  1.3732432e-05  0.00015127739  1.1452801e-05  6.6524642e-05  -1.8238865e-05  
0.00022839809  3.3916875e-05  -4.3347194e-05  9.6708092e-05  -0.00019527493  -0.0015405020  6.1245490e-05  0.0000000   -6.2837741e-05  -0.0015839532  -0.00012054734  0.0015500324  0.00019047442  -0.00074866324  0.00082532947  -0.00081923606  0.00014467280  0.00017376273  4.3974382e-05  1.3275917e-05  -2.4383380e-06  0.00017914313  -2.7382059e-05  0.00018570956  7.7694610e-05  -0.00011159256  0.00010021840  -5.6660653e-06  2.3249644e-05  7.7002366e-06  0.00024659063  0.00022839809  3.3916875e-05  -4.3347194e-05  9.6708092e-05  -0.00019527493  -0.0015405020  6.1245490e-05  0.0000000   -6.2837741e-05  -0.0015839532  -0.00012054734  0.0015500324  0.00019047442  -0.00074866324  0.00082532947  -0.00081923606  0.00014467280  0.00017376273  4.3974382e-05  1.3275917e-05  -2.4383380e-06  0.00017914313  -2.7382059e-05  0.00018570956  7.7694610e-05  -0.00011159256  0.00010021840  -5.6660653e-06  2.3249644e-05  7.7002366e-06  0.00024659063  
-2.8463979e-05  -0.00023252956  0.00050589512  -0.00023813574  -0.00035851825  -8.6072658e-05  -0.00088381827  6.2837741e-05  0.0000000   -6.1391157e-06  -0.00015755094  0.00017318239  -3.5510641e-05  9.8336536e-05  -8.9457556e-05  -4.4784688e-05  5.1966080e-05  -4.6666671e-05  8.7025149e-05  -0.00013703258  1.4112852e-06  -5.1743295e-05  1.0387727e-06  -1.1527220e-05  1.6621139e-05  3.5881020e-05  1.4535493e-06  -8.5361232e-06  0.00011018133  6.1021349e-05  -3.1102978e-05  -2.8463979e-05  -0.00023252956  0.00050589512  -0.00023813574  -0.00035851825  -8.6072658e-05  -0.00088381827  6.2837741e-05  0.0000000   -6.1391157e-06  -0.00015755094  0.00017318239  -3.5510641e-05  9.8336536e-05  -8.9457556e-05  -4.4784688e-05  5.1966080e-05  -4.6666671e-05  8.7025149e-05  -0.00013703258  1.4112852e-06  -5.1743295e-05  1.0387727e-06  -1.1527220e-05  1.6621139e-05  3.5881020e-05  1.4535493e-06  -8.5361232e-06  0.00011018133  6.1021349e-05  -3.1102978e-05  
-8.1770820e-05  4.2520545e-05  2.7834442e-06  -2.4846860e-05  -4.3645505e-05  -0.00057401976  2.9107526e-05  0.0015839532  6.1391157e-06  0.0000000   -0.00096245286  0.0022623176  0.00039703006  0.00065023588  -0.00056307367  -0.00062894184  0.00044289313  -9.9626925e-05  -8.6709633e-06  5.6591371e-05  2.7055870e-05  -0.00032097871  3.7757083e-06  -7.8346517e-05  0.00012313934  9.8714097e-05  -6.2017927e-05  9.1189214e-06  -1.7637842e-05  -1.7677292e-05  -0.00027021222  -8.1770820e-05  4.2520545e-05  2.7834442e-06  -2.4846860e-05  -4.3645505e-05  -0.00057401976  2.9107526e-05  0.0015839532  6.1391157e-06  0.0000000   -0.00096245286  0.0022623176  0.00039703006  0.00065023588  -0.00056307367  -0.00062894184  0.00044289313  -9.9626925e-05  -8.6709633e-06  5.6591371e-05  2.7055870e-05  -0.00032097871  3.7757083e-06  -7.8346517e-05  0.00012313934  9.8714097e-05  -6.2017927e-05  9.1189214e-06  -1.7637842e-05  -1.7677292e-05  -0.00027021222  
0.00028588374  0.00011603201  7.8230959e-05  0.00011339315  -4.4238336e-05  0.00079633446  -6.6815062e-05  0.00012054734  0.00015755094  0.00096245286  0.0000000   0.0045064364  0.0018166851  -0.00016160480  0.00032800085  -0.00059201827  -9.0982336e-05  0.00015535476  2.3542692e-05  2.8001229e-05  -2.0981319e-05  -5.5079864e-05  1.7075912e-05  -5.8390164e-05  4.5113651e-05  -0.00012423660  0.00020301370  2.6788224e-07  3.8018072e-05  -3.4499969e-06  -1.2173668e-05  0.00028588374  0.00011603201  7.8230959e-05  0.00011339315  -4.4238336e-05  0.00079633446  -6.6815062e-05  0.00012054734  0.00015755094  0.00096245286  0.0000000   0.0045064364  0.0018166851  -0.00016160480  0.00032800085  -0.00059201827  -9.0982336e-05  0.00015535476  2.3542692e-05  2.8001229e-05  -2.0981319e-05  -5.5079864e-05  1.7075912e-05  -5.8390164e-05  4.5113651e-05  -0.00012423660  0.00020301370  2.6788224e-07  3.8018072e-05  -3.4499969e-06  -1.2173668e-05  
-0.00026681461  -1.8043408e-05  -0.00011121360  -9.4492100e-06  5.4008976e-05  0.00016098403  0.00021815403  -0.0015500324  -0.00017318239  -0.0022623176  -0.0045064364  0.0000000   -0.0032550139  0.0015685422  -0.00076588604  0.00091577159  3.5884056e-05  -0.00063307353  -5.0227004e-05  5.8393295e-05  1.1676167e-05  -0.00034671081  1.0493059e-07  -0.00030738772  0.00031514082  -0.00022522476  -0.00036004250  3.2204163e-05  1.7385208e-05  -1.8961130e-06  -0.00023229030  -0.00026681461  -1.8043408e-05  -0.00011121360  -9.4492100e-06  5.4008976e-05  0.00016098403  0.00021815403  -0.0015500324  -0.00017318239  -0.0022623176  -0.0045064364  0.0000000   -0.0032550139  0.0015685422  -0.00076588604  0.00091577159  3.5884056e-05  -0.00063307353  -5.0227004e-05  5.8393295e-05  1.1676167e-05  -0.00034671081  1.0493059e-07  -0.00030738772  0.00031514082  -0.00022522476  -0.00036004250  3.2204163e-05  1.7385208e-05  -1.8961130e-06  -0.00023229030  
-0.00024675371  6.3798391e-05  6.2996141e-06  1.1878902e-06  -4.9311494e-05  -0.00067870260  0.00012468491  -0.00019047442  3.5510641e-05  -0.00039703006  -0.0018166851  0.0032550139  0.0000000   0.0023273042  0.00048500641  0.00072110518  0.00019473385  -0.00074100109  5.3905769e-05  8.3461109e-05  3.2546296e-05  3.8440009e-05  3.0388035e-06  0.00016251952  1.9728998e-06  0.00028081205  -2.1998539e-06  -2.4507234e-05  6.4996224e-06  -9.7079223e-06  1.0107223e-05  -0.00024675371  6.3798391e-05  6.2996141e-06  1.1878902e-06  -4.9311494e-05  -0.00067870260  0.00012468491  -0.00019047442  3.5510641e-05  -0.00039703006  -0.0018166851  0.0032550139  0.0000000   0.0023273042  0.00048500641  0.00072110518  0.00019473385  -0.00074100109  5.3905769e-05  8.3461109e-05  3.2546296e-05  3.8440009e-05  3.0388035e-06  0.00016251952  1.9728998e-06  0.00028081205  -2.1998539e-06  -2.4507234e-05  6.4996224e-06  -9.7079223e-06  1.0107223e-05  
4.4270576e-05  -4.5602726e-05  -2.2050318e-06  -7.5544460e-05  1.6939387e-05  -0.00030280865  -3.9641916e-05  0.00074866324  -9.8336536e-05  -0.00065023588  0.00016160480  -0.0015685422  -0.0023273042  0.0000000   -0.00033935521  -0.0011495903  0.00056609725  -0.00030992615  -1.0306456e-05  -2.0688056e-05  6.6139131e-06  0.00010855457  -6.3007849e-06  -0.00011919800  8.8637513e-05  -0.00026211369  0.00014148547  1.8040509e-05  -2.1108445e-06  -4.9085684e-06  -4.3279071e-05  4.4270576e-05  -4.5602726e-05  -2.2050318e-06  -7.5544460e-05  1.6939387e-05  -0.00030280865  -3.9641916e-05  0.00074866324  -9.8336536e-05  -0.00065023588  0.00016160480  -0.0015685422  -0.0023273042  0.0000000   -0.00033935521  -0.0011495903  0.00056609725  -0.00030992615  -1.0306456e-05  -2.0688056e-05  6.6139131e-06  0.00010855457  -6.3007849e-06  -0.00011919800  8.8637513e-05  -0.00026211369  0.00014148547  1.8040509e-05  -2.1108445e-06  -4.9085684e-06  -4.3279071e-05  
-0.00016755762  -1.8069013e-06  -4.1132138e-05  5.2868792e-05  2.7626362e-05  0.00011468508  7.8842154e-05  -0.00082532947  8.9457556e-05  0.00056307367  -0.00032800085  0.00076588604  -0.00048500641  0.00033935521  0.0000000   0.00081493886  4.8116851e-05  -0.00015498870  3.8701767e-05  0.00010712404  5.1053835e-05  -0.00020839196  9.2662324e-06  0.00030315428  -2.3484818e-05  -0.00018208695  4.2941191e-05  1.4436372e-05  2.6634968e-05  1.0297939e-06  -0.00013999215  -0.00016755762  -1.8069013e-06  -4.1132138e-05  5.2868792e-05  2.7626362e-05  0.00011468508  7.8842154e-05  -0.00082532947  8.9457556e-05  0.00056307367  -0.00032800085  0.00076588604  -0.00048500641  0.00033935521  0.0000000   0.00081493886  4.8116851e-05  -0.00015498870  3.8701767e-05  0.00010712404  5.1053835e-05  -0.00020839196  9.2662324e-06  0.00030315428  -2.3484818e-05  -0.00018208695  4.2941191e-05  1.4436372e-05  2.6634968e-05  1.0297939e-06  -0.00013999215  
0.00030086729  2.9084777e-06  1.4023658e-05  -4.9597617e-05  6.0987854e-06  -0.00023599383  -5.1476451e-05  0.00081923606  4.4784688e-05  0.00062894184  0.00059201827  -0.00091577159  -0.00072110518  0.0011495903  -0.00081493886  0.0000000   -0.0025098655  -5.6010331e-05  -3.1460873e-05  -2.7542510e-05  5.5040596e-05  -9.9557466e-06  -7.7667768e-06  -0.00020338863  -0.00021854607  0.00016626974  -0.00017836266  -2.8765555e-05  -1.5381589e-05  5.1653346e-06  -2.9825911e-05  0.00030086729  2.9084777e-06  1.4023658e-05  -4.9597617e-05  6.0987854e-06  -0.00023599383  -5.1476451e-05  0.00081923606  4.4784688e-05  0.00062894184  0.00059201827  -0.00091577159  -0.00072110518  0.0011495903  -0.00081493886  0.0000000   -0.0025098655  -5.6010331e-05  -3.1460873e-05  -2.7542510e-05  5.5040596e-05  -9.9557466e-06  -7.7667768e-06  -0.00020338863  -0.00021854607  0.00016626974  -0.00017836266  -2.8765555e-05  -1.5381589e-05  5.1653346e-06  -2.9825911e-05  
-3.8754667e-06  -2.8395096e-05  -3.9886163e-05  -2.6497486e-06  -3.6612811e-05  0.00035678427  1.0623286e-05  -0.00014467280  -5.1966080e-05  -0.00044289313  9.0982336e-05  -3.5884056e-05  -0.00019473385  -0.00056609725  -4.8116851e-05  0.0025098655  0.0000000   -0.0069200912  5.9172120e-05  0.00010529458  7.2183311e-05  -0.00061104623  -2.1675441e-05  -0.00039327476  0.00063716663  -0.00026620354  -2.0158836e-05  4.8216281e-05  4.3866750e-06  2.0067148e-05  -0.00013157762  -3.8754667e-06  -2.8395096e-05  -3.9886163e-05  -2.6497486e-06  -3.6612811e-05  0.00035678427  1.0623286e-05  -0.00014467280  -5.1966080e-05  -0.00044289313  9.0982336e-05  -3.5884056e-05  -0.00019473385  -0.00056609725  -4.8116851e-05  0.0025098655  0.0000000   -0.0069200912  5.9172120e-05  0.00010529458  7.2183311e-05  -0.00061104623  -2.1675441e-05  -0.00039327476  0.00063716663  -0.00026620354  -2.0158836e-05  4.8216281e-05  4.3866750e-06  2.0067148e-05  -0.00013157762  
-6.7748283e-05  -3.3561669e-06  3.4205741e-05  4.7896432e-05  -2.2253415e-05  -0.00013892630  7.8559211e-06  -0.00017376273  4.6666671e-05  9.9626925e-05  -0.00015535476  0.00063307353  0.00074100109  0.00030992615  0.00015498870  5.6010331e-05  0.0069200912  0.0000000   0.00016666926  0.00019443232  0.00012011402  -0.00091756185  1.9620295e-05  0.00023057920  0.00066174690  -0.00026627670  -0.00012029088  2.6298868e-05  4.7182155e-05  -9.6129146e-06  -8.3706133e-06  -6.7748283e-05  -3.3561669e-06  3.4205741e-05  4.7896432e-05  -2.2253415e-05  -0.00013892630  7.8559211e-06  -0.00017376273  4.6666671e-05  9.9626925e-05  -0.00015535476  0.00063307353  0.00074100109  0.00030992615  0.00015498870  5.6010331e-05  0.0069200912  0.0000000   0.00016666926  0.00019443232  0.00012011402  -0.00091756185  1.9620295e-05  0.00023057920  0.00066174690  -0.00026627670  -0.00012029088  2.6298868e-05  4.7182155e-05  -9.6129146e-06  -8.3706133e-06  
-2.1006657e-05  1.0626926e-05  0.00020104144  0.00010678221  0.00015487182  4.5995512e-06  -0.00011674300  -4.3974382e-05  -8.7025149e-05  8.6709633e-06  -2.3542692e-05  5.0227004e-05  -5.3905769e-05  1.0306456e-05  -3.8701767e-05  3.1460873e-05  -5.9172120e-05  -0.00016666926  0.0000000   -0.0035381457  -0.00090117584  -0.00026430261  -0.00024600128  4.9864131e-05  1.7538022e-05  2.7531308e-05  1.1199543e-05  0.00018189627  4.8461672e-05  -2.0638865e-05  -2.3204380e-05  -2.1006657e-05  1.0626926e-05  0.00020104144  0.00010678221  0.00015487182  4.5995512e-06  -0.00011674300  -4.3974382e-05  -8.7025149e-05  8.6709633e-06  -2.3542692e-05  5.0227004e-05  -5.3905769e-05  1.0306456e-05  -3.8701767e-05  3.1460873e-05  -5.9172120e-05  -0.00016666926  0.0000000   -0.0035381457  -0.00090117584  -0.00026430261  -0.00024600128  4.9864131e-05  1.7538022e-05  2.7531308e-05  1.1199543e-05  0.00018189627  4.8461672e-05  -2.0638865e-05  -2.3204380e-05  
1.4475027e-05  8.4545429e-05  0.00018752004  0.00026296403  -0.00025544695  3.3257861e-05  -0.00037659357  -1.3275917e-05  0.00013703258  -5.6591371e-05  -2.8001229e-05  -5.8393295e-05  -8.3461109e-05  2.0688056e-05  -0.00010712404  2.7542510e-05  -0.00010529458  -0.00019443232  0.0035381457  0.0000000   0.0028801797  0.00040311238  -1.3410923e-05  -8.4969788e-05  1.7752986e-05  -2.6923150e-05  -9.5958981e-06  -0.00048864329  -2.9330521e-05  -3.1898030e-05  -2.6980372e-05  1.4475027e-05  8.4545429e-05  0.00018752004  0.00026296403  -0.00025544695  3.3257861e-05  -0.00037659357  -1.3275917e-05  0.00013703258  -5.6591371e-05  -2.8001229e-05  -5.8393295e-05  -8.3461109e-05  2.0688056e-05  -0.00010712404  2.7542510e-05  -0.00010529458  -0.00019443232  0.0035381457  0.0000000   0.0028801797  0.00040311238  -1.3410923e-05  -8.4969788e-05  1.7752986e-05  -2.6923150e-05  -9.5958981e-06  -0.00048864329  -2.9330521e-05  -3.1898030e-05  -2.6980372e-05  
-2.3275871e-05  2.7549600e-05  2.3430577e-05  -5.9957772e-05  0.00021895122  2.2791377e-05  0.00022054700  2.4383380e-06  -1.4112852e-06  -2.7055870e-05  2.0981319e-05  -1.1676167e-05  -3.2546296e-05  -6.6139131e-06  -5.1053835e-05  -5.5040596e-05  -7.2183311e-05  -0.00012011402  0.00090117584  -0.0028801797  0.0000000   -9.8837441e-05  -0.00065198888  0.00014836009  -4.5673787e-05  8.7777633e-05  1.3620906e-05  0.00032533363  0.00025178408  -0.00015631516  -1.2688484e-05  -2.3275871e-05  2.7549600e-05  2.3430577e-05  -5.9957772e-05  0.00021895122  2.2791377e-05  0.00022054700  2.4383380e-06  -1.4112852e-06  -2.7055870e-05  2.0981319e-05  -1.1676167e-05  -3.2546296e-05  -6.6139131e-06  -5.1053835e-05  -5.5040596e-05  -7.2183311e-05  -0.00012011402  0.00090117584  -0.0028801797  0.0000000   -9.8837441e-05  -0.00065198888  0.00014836009  -4.5673787e-05  8.7777633e-05  1.3620906e-05  0.00032533363  0.00025178408  -0.00015631516  -1.2688484e-05  
-1.8034633e-05  4.0082491e-06  1.1418409e-05  1.1412979e-05  3.3576504e-05  8.8174997e-05  6.1233056e-06  -0.00017914313  5.1743295e-05  0.00032097871  5.5079864e-05  0.00034671081  -3.8440009e-05  -0.00010855457  0.00020839196  9.9557466e-06  0.00061104623  0.00091756185  0.00026430261  -0.00040311238  9.8837441e-05  0.0000000   -7.6080065e-05  -0.00087509866  0.00027871222  7.6478965e-05  -0.00017497940  2.6392706e-05  3.4164212e-05  -2.1097842e-05  -8.8511198e-05  -1.8034633e-05  4.0082491e-06  1.1418409e-05  1.1412979e-05  3.3576504e-05  8.8174997e-05  6.1233056e-06  -0.00017914313  5.1743295e-05  0.00032097871  5.5079864e-05  0.00034671081  -3.8440009e-05  -0.00010855457  0.00020839196  9.9557466e-06  0.00061104623  0.00091756185  0.00026430261  -0.00040311238  9.8837441e-05  0.0000000   -7.6080065e-05  -0.00087509866  0.00027871222  7.6478965e-05  -0.00017497940  2.6392706e-05  3.4164212e-05  -2.1097842e-05  -8.8511198e-05  
5.1781854e-06  1.7052741e-05  1.1004545e-05  -2.1598319e-05  -3.3480856e-05  2.8984540e-05  0.00024100056  2.7382059e-05  -1.0387727e-06  -3.7757083e-06  -1.7075912e-05  -1.0493059e-07  -3.0388035e-06  6.3007849e-06  -9.2662324e-06  7.7667768e-06  2.1675441e-05  -1.9620295e-05  0.00024600128  1.3410923e-05  0.00065198888  7.6080065e-05  0.0000000   -2.5355136e-05  1.5565601e-05  -3.2851719e-05  -4.3532641e-05  -0.00016004401  0.00026934436  -1.4425358e-05  -8.8440286e-06  5.1781854e-06  1.7052741e-05  1.1004545e-05  -2.1598319e-05  -3.3480856e-05  2.8984540e-05  0.00024100056  2.7382059e-05  -1.0387727e-06  -3.7757083e-06  -1.7075912e-05  -1.0493059e-07  -3.0388035e-06  6.3007849e-06  -9.2662324e-06  7.7667768e-06  2.1675441e-05  -1.9620295e-05  0.00024600128  1.3410923e-05  0.00065198888  7.6080065e-05  0.0000000   -2.5355136e-05  1.5565601e-05  -3.2851719e-05  -4.3532641e-05  -0.00016004401  0.00026934436  -1.4425358e-05  -8.8440286e-06  
-5.6000946e-05  -1.9753626e-05  -1.0648940e-05  4.9387038e-06  5.5577029e-06  -9.7674451e-07  1.4645935e-05  -0.00018570956  1.1527220e-05  7.8346517e-05  5.8390164e-05  0.00030738772  -0.00016251952  0.00011919800  -0.00030315428  0.00020338863  0.00039327476  -0.00023057920  -4.9864131e-05  8.4969788e-05  -0.00014836009  0.00087509866  2.5355136e-05  0.0000000   0.00015152149  0.00039327951  -0.00021421758  -2.2115130e-05  -3.8110057e-06  1.7052925e-05  0.00055203604  -5.6000946e-05  -1.9753626e-05  -1.0648940e-05  4.9387038e-06  5.5577029e-06  -9.7674451e-07  1.4645935e-05  -0.00018570956  1.1527220e-05  7.8346517e-05  5.8390164e-05  0.00030738772  -0.00016251952  0.00011919800  -0.00030315428  0.00020338863  0.00039327476  -0.00023057920  -4.9864131e-05  8.4969788e-05  -0.00014836009  0.00087509866  2.5355136e-05  0.0000000   0.00015152149  0.00039327951  -0.00021421758  -2.2115130e-05  -3.8110057e-06  1.7052925e-05  0.00055203604  
8.9775209e-05  1.3146948e-05  -3.3087414e-06  4.1401729e-06  -1.0085015e-05  -0.00012754215  2.5036943e-05  -7.7694610e-05  -1.6621139e-05  -0.00012313934  -4.5113651e-05  -0.00031514082  -1.9728998e-06  -8.8637513e-05  2.3484818e-05  0.00021854607  -0.00063716663  -0.00066174690  -1.7538022e-05  -1.7752986e-05  4.5673787e-05  -0.00027871222  -1.5565601e-05  -0.00015152149  0.0000000   0.00036077497  0.0010752760  -1.7136847e-05  -4.5565967e-05  -1.7363097e-05  0.00014747587  8.9775209e-05  1.3146948e-05  -3.3087414e-06  4.1401729e-06  -1.0085015e-05  -0.00012754215  2.5036943e-05  -7.7694610e-05  -1.6621139e-05  -0.00012313934  -4.5113651e-05  -0.00031514082  -1.9728998e-06  -8.8637513e-05  2.3484818e-05  0.00021854607  -0.00063716663  -0.00066174690  -1.7538022e-05  -1.7752986e-05  4.5673787e-05  -0.00027871222  -1.5565601e-05  -0.00015152149  0.0000000   0.00036077497  0.0010752760  -1.7136847e-05  -4.5565967e-05  -1.7363097e-05  0.00014747587  
-8.8899746e-05  -3.0376128e-05  1.0169755e-05  -1.4648590e-05  -2.7179917e-05  -0.00024605439  -1.0283697e-05  0.00011159256  -3.5881020e-05  -9.8714097e-05  0.00012423660  0.00022522476  -0.00028081205  0.00026211369  0.00018208695  -0.00016626974  0.00026620354  0.00026627670  -2.7531308e-05  2.6923150e-05  -8.7777633e-05  -7.6478965e-05  3.2851719e-05  -0.00039327951  -0.00036077497  0.0000000   -0.0086724373  -0.00048783059  -4.9494457e-05  1.4951069e-05  0.00021298038  -8.8899746e-05  -3.0376128e-05  1.0169755e-05  -1.4648590e-05  -2.7179917e-05  -0.00024605439  -1.0283697e-05  0.00011159256  -3.5881020e-05  -9.8714097e-05  0.00012423660  0.00022522476  -0.00028081205  0.00026211369  0.00018208695  -0.00016626974  0.00026620354  0.00026627670  -2.7531308e-05  2.6923150e-05  -8.7777633e-05  -7.6478965e-05  3.2851719e-05  -0.00039327951  -0.00036077497  0.0000000   -0.0086724373  -0.00048783059  -4.9494457e-05  1.4951069e-05  0.00021298038  
-1.5046363e-06  1.6539818e-06  -3.9186259e-05  1.8418977e-05  1.8478288e-05  0.00012085927  -1.3732432e-05  -0.00010021840  -1.4535493e-06  6.2017927e-05  -0.00020301370  0.00036004250  2.1998539e-06  -0.00014148547  -4.2941191e-05  0.00017836266  2.0158836e-05  0.00012029088  -1.1199543e-05  9.5958981e-06  -1.3620906e-05  0.00017497940  4.3532641e-05  0.00021421758  -0.0010752760  0.0086724373  0.0000000   -0.00031005237  -0.00062329999  -9.4181751e-05  0.00037949714  -1.5046363e-06  1.6539818e-06  -3.9186259e-05  1.8418977e-05  1.8478288e-05  0.00012085927  -1.3732432e-05  -0.00010021840  -1.4535493e-06  6.2017927e-05  -0.00020301370  0.00036004250  2.1998539e-06  -0.00014148547  -4.2941191e-05  0.00017836266  2.0158836e-05  0.00012029088  -1.1199543e-05  9.5958981e-06  -1.3620906e-05  0.00017497940  4.3532641e-05  0.00021421758  -0.0010752760  0.0086724373  0.0000000   -0.00031005237  -0.00062329999  -9.4181751e-05  0.00037949714  
1.3035777e-05  1.6855319e-05  -4.0101937e-05  0.00010208810  -0.00013775669  4.6242794e-06  -0.00015127739  5.6660653e-06  8.5361232e-06  -9.1189214e-06  -2.6788224e-07  -3.2204163e-05  2.4507234e-05  -1.8040509e-05  -1.4436372e-05  2.8765555e-05  -4.8216281e-05  -2.6298868e-05  -0.00018189627  0.00048864329  -0.00032533363  -2.6392706e-05  0.00016004401  2.2115130e-05  1.7136847e-05  0.00048783059  0.00031005237  0.0000000   0.0034422808  0.00067761383  -0.00015412828  1.3035777e-05  1.6855319e-05  -4.0101937e-05  0.00010208810  -0.00013775669  4.6242794e-06  -0.00015127739  5.6660653e-06  8.5361232e-06  -9.1189214e-06  -2.6788224e-07  -3.2204163e-05  2.4507234e-05  -1.8040509e-05  -1.4436372e-05  2.8765555e-05  -4.8216281e-05  -2.6298868e-05  -0.00018189627  0.00048864329  -0.00032533363  -2.6392706e-05  0.00016004401  2.2115130e-05  1.7136847e-05  0.00048783059  0.00031005237  0.0000000   0.0034422808  0.00067761383  -0.00015412828  
2.6855114e-06  -2.3392544e-05  0.00011327900  -1.1748229e-05  -2.0051678e-05  2.1510167e-05  -1.1452801e-05  -2.3249644e-05  -0.00011018133  1.7637842e-05  -3.8018072e-05  -1.7385208e-05  -6.4996224e-06  2.1108445e-06  -2.6634968e-05  1.5381589e-05  -4.3866750e-06  -4.7182155e-05  -4.8461672e-05  2.9330521e-05  -0.00025178408  -3.4164212e-05  -0.00026934436  3.8110057e-06  4.5565967e-05  4.9494457e-05  0.00062329999  -0.0034422808  0.0000000   -0.00062089523  -3.3779582e-05  2.6855114e-06  -2.3392544e-05  0.00011327900  -1.1748229e-05  -2.0051678e-05  2.1510167e-05  -1.1452801e-05  -2.3249644e-05  -0.00011018133  1.7637842e-05  -3.8018072e-05  -1.7385208e-05  -6.4996224e-06  2.1108445e-06  -2.6634968e-05  1.5381589e-05  -4.3866750e-06  -4.7182155e-05  -4.8461672e-05  2.9330521e-05  -0.00025178408  -3.4164212e-05  -0.00026934436  3.8110057e-06  4.5565967e-05  4.9494457e-05  0.00062329999  -0.0034422808  0.0000000   -0.00062089523  -3.3779582e-05  
3.4575807e-06  -4.5386837e-06  -5.9841841e-05  -1.4837346e-06  -6.2059154e-05  -2.7569103e-06  -6.6524642e-05  -7.7002366e-06  -6.1021349e-05  1.7677292e-05  3.4499969e-06  1.8961130e-06  9.7079223e-06  4.9085684e-06  -1.0297939e-06  -5.1653346e-06  -2.0067148e-05  9.6129146e-06  2.0638865e-05  3.1898030e-05  0.00015631516  2.1097842e-05  1.4425358e-05  -1.7052925e-05  1.7363097e-05  -1.4951069e-05  9.4181751e-05  -0.00067761383  0.00062089523  0.0000000   -7.1870576e-05  3.4575807e-06  -4.5386837e-06  -5.9841841e-05  -1.4837346e-06  -6.2059154e-05  -2.7569103e-06  -6.6524642e-05  -7.7002366e-06  -6.1021349e-05  1.7677292e-05  3.4499969e-06  1.8961130e-06  9.7079223e-06  4.9085684e-06  -1.0297939e-06  -5.1653346e-06  -2.0067148e-05  9.6129146e-06  2.0638865e-05  3.1898030e-05  0.00015631516  2.1097842e-05  1.4425358e-05  -1.7052925e-05  1.7363097e-05  -1.4951069e-05  9.4181751e-05  -0.00067761383  0.00062089523  0.0000000   -7.1870576e-05  
-0.00010003918  -2.1291051e-05  -1.1596972e-05  -4.6004897e-09  -7.4004345e-06  -6.9866758e-05  1.8238865e-05  -0.00024659063  3.1102978e-05  0.00027021222  1.2173668e-05  0.00023229030  -1.0107223e-05  4.3279071e-05  0.00013999215  2.9825911e-05  0.00013157762  8.3706133e-06  2.3204380e-05  2.6980372e-05  1.2688484e-05  8.8511198e-05  8.8440286e-06  -0.00055203604  -0.00014747587  -0.00021298038  -0.00037949714  0.00015412828  3.3779582e-05  7.1870576e-05  0.0000000   -0.00010003918  -2.1291051e-05  -1.1596972e-05  -4.6004897e-09  -7.4004345e-06  -6.9866758e-05  1.8238865e-05  -0.00024659063  3.1102978e-05  0.00027021222  1.2173668e-05  0.00023229030  -1.0107223e-05  4.3279071e-05  0.00013999215  2.9825911e-05  0.00013157762  8.3706133e-06  2.3204380e-05  2.6980372e-05  1.2688484e-05  8.8511198e-05  8.8440286e-06  -0.00055203604  -0.00014747587  -0.00021298038  -0.00037949714  0.00015412828  3.3779582e-05  7.1870576e-05  0.0000000   
0.0000000   0.00022509928  -0.00013231845  -0.00014715694  0.00014774348  0.00022358519  2.1361950e-06  -0.00022839809  2.8463979e-05  8.1770820e-05  -0.00028588374  0.00026681461  0.00024675371  -4.4270576e-05  0.00016755762  -0.00030086729  3.8754667e-06  6.7748283e-05  2.1006657e-05  -1.4475027e-05  2.3275871e-05  1.8034633e-05  -5.1781854e-06  5.6000946e-05  -8.9775209e-05  8.8899746e-05  1.5046363e-06  -1.3035777e-05  -2.6855114e-06  -3.4575807e-06  0.00010003918  0.0000000   0.00022509928  -0.00013231845  -0.00014715694  0.00014774348  0.00022358519  2.1361950e-06  -0.00022839809  2.8463979e-05  8.1770820e-05  -0.00028588374  0.00026681461  0.00024675371  -4.4270576e-05  0.00016755762  -0.00030086729  3.8754667e-06  6.7748283e-05  2.1006657e-05  -1.4475027e-05  2.3275871e-05  1.8034633e-05  -5.1781854e-06  5.6000946e-05  -8.9775209e-05  8.8899746e-05  1.5046363e-06  -1.3035777e-05  -2.6855114e-06  -3.4575807e-06  0.00010003918  
-0.00022509928  0.0000000   0.0016967629  0.0018631746  -0.0017028695  9.4287816e-05  0.00041190844  -3.3916875e-05  0.00023252956  -4.2520545e-05  -0.00011603201  1.8043408e-05  -6.3798391e-05  4.5602726e-05  1.8069013e-06  -2.9084777e-06  2.8395096e-05  3.3561669e-06  -1.0626926e-05  -8.4545429e-05  -2.7549600e-05  -4.0082491e-06  -1.7052741e-05  1.9753626e-05  -1.3146948e-05  3.0376128e-05  -1.6539818e-06  -1.6855319e-05  2.3392544e-05  4.5386837e-06  2.1291051e-05  -0.00022509928  0.0000000   0.0016967629  0.0018631746  -0.0017028695  9.4287816e-05  0.00041190844  -3.3916875e-05  0.00023252956  -4.2520545e-05  -0.00011603201  1.8043408e-05  -6.3798391e-05  4.5602726e-05  1.8069013e-06  -2.9084777e-06  2.8395096e-05  3.3561669e-06  -1.0626926e-05  -8.4545429e-05  -2.7549600e-05  -4.0082491e-06  -1.7052741e-05  1.9753626e-05  -1.3146948e-05  3.0376128e-05  -1.6539818e-06  -1.6855319e-05  2.3392544e-05  4.5386837e-06  2.1291051e-05  
0.00013231845  -0.0016967629  0.0000000   0.00093836624  -0.00023703415  4.1408354e-05  0.00096258276  4.3347194e-05  -0.00050589512  -2.7834442e-06  -7.8230959e-05  0.00011121360  -6.2996141e-06  2.2050318e-06  4.1132138e-05  -1.4023658e-05  3.9886163e-05  -3.4205741e-05  -0.00020104144  -0.00018752004  -2.3430577e-05  -1.1418409e-05  -1.1004545e-05  1.0648940e-05  3.3087414e-06  -1.0169755e-05  3.9186259e-05  4.0101937e-05  -0.00011327900  5.9841841e-05  1.1596972e-05  0.00013231845  -0.0016967629  0.0000000   0.00093836624  -0.00023703415  4.1408354e-05  0.00096258276  4.3347194e-05  -0.00050589512  -2.7834442e-06  -7.8230959e-05  0.00011121360  -6.2996141e-06  2.2050318e-06  4.1132138e-05  -1.4023658e-05  3.9886163e-05  -3.4205741e-05  -0.00020104144  -0.00018752004  -2.3430577e-05  -1.1418409e-05  -1.1004545e-05  1.0648940e-05  3.3087414e-06  -1.0169755e-05  3.9186259e-05  4.0101937e-05  -0.00011327900  5.9841841e-05  1.1596972e-05  
0.00014715694  -0.0018631746  -0.00093836624  0.0000000   1.2665162e-05  -5.6830572e-05  -0.0015408635  -9.6708092e-05  0.00023813574  2.4846860e-05  -0.00011339315  9.4492100e-06  -1.1878902e-06  7.5544460e-05  -5.2868792e-05  4.9597617e-05  2.6497486e-06  -4.7896432e-05  -0.00010678221  -0.00026296403  5.9957772e-05  -1.1412979e-05  2.1598319e-05  -4.9387038e-06  -4.1401729e-06  1.4648590e-05  -1.8418977e-05  -0.00010208810  1.1748229e-05  1.4837346e-06  4.6004897e-09  0.00014715694  -0.0018631746  -0.00093836624  0.0000000   1.2665162e-05  -5.6830572e-05  -0.0015408635  -9.6708092e-05  0.00023813574  2.4846860e-05  -0.00011339315  9.4492100e-06  -1.1878902e-06  7.5544460e-05  -5.2868792e-05  4.9597617e-05  2.6497486e-06  -4.7896432e-05  -0.00010678221  -0.00026296403  5.9957772e-05  -1.1412979e-05  2.1598319e-05  -4.9387038e-06  -4.1401729e-06  1.4648590e-05  -1.8418977e-05  -0.00010208810  1.1748229e-05  1.4837346e-06  4.6004897e-09  
-0.00014774348  0.0017028695  0.00023703415  -1.2665162e-05  0.0000000   7.8466846e-05  0.00076052138  0.00019527493  0.00035851825  4.3645505e-05  4.4238336e-05  -5.4008976e-05  4.9311494e-05  -1.6939387e-05  -2.7626362e-05  -6.0987854e-06  3.6612811e-05  2.2253415e-05  -0.00015487182  0.00025544695  -0.00021895122  -3.3576504e-05  3.3480856e-05  -5.5577029e-06  1.0085015e-05  2.7179917e-05  -1.8478288e-05  0.00013775669  2.0051678e-05  6.2059154e-05  7.4004345e-06  -0.00014774348  0.0017028695  0.00023703415  -1.2665162e-05  0.0000000   7.8466846e-05  0.00076052138  0.00019527493  0.00035851825  4.3645505e-05  4.4238336e-05  -5.4008976e-05  4.9311494e-05  -1.6939387e-05  -2.7626362e-05  -6.0987854e-06  3.6612811e-05  2.2253415e-05  -0.00015487182  0.00025544695  -0.00021895122  -3.3576504e-05  3.3480856e-05  -5.5577029e-06  1.0085015e-05  2.7179917e-05  -1.8478288e-05  0.00013775669  2.0051678e-05  6.2059154e-05  7.4004345e-06  
-0.00022358519  -9.4287816e-05  -4.1408354e-05  5.6830572e-05  -7.8466846e-05  0.0000000   -9.1927789e-05  0.0015405020  8.6072658e-05  0.00057401976  -0.00079633446  -0.00016098403  0.00067870260  0.00030280865  -0.00011468508  0.00023599383  -0.00035678427  0.00013892630  -4.5995512e-06  -3.3257861e-05  -2.2791377e-05  -8.8174997e-05  -2.8984540e-05  9.7674451e-07  0.00012754215  0.00024605439  -0.00012085927  -4.6242794e-06  -2.1510167e-05  2.7569103e-06  6.9866758e-05  -0.00022358519  -9.4287816e-05  -4.1408354e-05  5.6830572e-05  -7.8466846e-05  0.0000000   -9.1927789e-05  0.0015405020  8.6072658e-05  0.00057401976  -0.00079633446  -0.00016098403  0.00067870260  0.00030280865  -0.00011468508  0.00023599383  -0.00035678427  0.00013892630  -4.5995512e-06  -3.3257861e-05  -2.2791377e-05  -8.8174997e-05  -2.8984540e-05  9.7674451e-07  0.00012754215  0.00024605439  -0.00012085927  -4.6242794e-06  -2.1510167e-05  2.7569103e-06  6.9866758e-05  
-2.1361950e-06  -0.00041190844  -0.00096258276  0.0015408635  -0.00076052138  9.1927789e-05  0.0000000   -6.1245490e-05  0.00088381827  -2.9107526e-05  6.6815062e-05  -0.00021815403  -0.00012468491  3.9641916e-05  -7.8842154e-05  5.1476451e-05  -1.0623286e-05  -7.8559211e-06  0.00011674300  0.00037659357  -0.00022054700  -6.1233056e-06  -0.00024100056  -1.4645935e-05  -2.5036943e-05  1.0283697e-05  1.3732432e-05  0.00015127739  1.1452801e-05  6.6524642e-05  -1.8238865e-05  -2.1361950e-06  -0.00041190844  -0.00096258276  0.0015408635  -0.00076052138  9.1927789e-05  0.0000000   -6.1245490e-05  0.00088381827  -2.9107526e-05  6.6815062e-05  -0.00021815403  -0.00012468491  3.9641916e-05  -7.8842154e-05  5.1476451e-05  -1.0623286e-05  -7.8559211e-06  0.00011674300  0.00037659357  -0.00022054700  -6.1233056e-06  -0.00024100056  -1.4645935e-05  -2.5036943e-05  1.0283697e-05  1.3732432e-05  0.00015127739  1.1452801e-05  6.6524642e-05  -1.8238865e-05  
0.00022839809  3.3916875e-05  -4.3347194e-05  9.6708092e-05  -0.00019527493  -0.0015405020  6.1245490e-05  0.0000000   -6.2837741e-05  -0.0015839532  -0.00012054734  0.0015500324  0.00019047442  -0.00074866324  0.00082532947  -0.00081923606  0.00014467280  0.00017376273  4.3974382e-05  1.3275917e-05  -2.4383380e-06  0.00017914313  -2.7382059e-05  0.00018570956  7.7694610e-05  -0.00011159256  0.00010021840  -5.6660653e-06  2.3249644e-05  7.7002366e-06  0.00024659063  0.00022839809  3.3916875e-05  -4.3347194e-05  9.6708092e-05  -0.00019527493  -0.0015405020  6.1245490e-05  0.0000000   -6.2837741e-05  -0.0015839532  -0.00012054734  0.0015500324  0.00019047442  -0.00074866324  0.00082532947  -0.00081923606  0.00014467280  0.00017376273  4.3974382e-05  1.3275917e-05  -2.4383380e-06  0.00017914313  -2.7382059e-05  0.00018570956  7.7694610e-05  -0.00011159256  0.00010021840  -5.6660653e-06  2.3249644e-05  7.7002366e-06  0.00024659063  
-2.8463979e-05  -0.00023252956  0.00050589512  -0.00023813574  -0.00035851825  -8.6072658e-05  -0.00088381827  6.2837741e-05  0.0000000   -6.1391157e-06  -0.00015755094  0.00017318239  -3.5510641e-05  9.8336536e-05  -8.9457556e-05  -4.4784688e-05  5.1966080e-05  -4.6666671e-05  8.7025149e-05  -0.00013703258  1.4112852e-06  -5.1743295e-05  1.0387727e-06  -1.1527220e-05  1.6621139e-05  3.5881020e-05  1.4535493e-06  -8.5361232e-06  0.00011018133  6.1021349e-05  -3.1102978e-05  -2.8463979e-05  -0.00023252956  0.00050589512  -0.00023813574  -0.00035851825  -8.6072658e-05  -0.00088381827  6.2837741e-05  0.0000000   -6.1391157e-06  -0.00015755094  0.00017318239  -3.5510641e-05  9.8336536e-05  -8.9457556e-05  -4.4784688e-05  5.1966080e-05  -4.6666671e-05  8.7025149e-05  -0.00013703258  1.4112852e-06  -5.1743295e-05  1.0387727e-06  -1.1527220e-05  1.6621139e-05  3.5881020e-05  1.4535493e-06  -8.5361232e-06  0.00011018133  6.1021349e-05  -3.1102978e-05  
-8.1770820e-05  4.2520545e-05  2.7834442e-06  -2.4846860e-05  -4.3645505e-05  -0.00057401976  2.9107526e-05  0.0015839532  6.1391157e-06  0.0000000   -0.00096245286  0.0022623176  0.00039703006  0.00065023588  -0.00056307367  -0.00062894184  0.00044289313  -9.9626925e-05  -8.6709633e-06  5.6591371e-05  2.7055870e-05  -0.00032097871  3.7757083e-06  -7.8346517e-05  0.00012313934  9.8714097e-05  -6.2017927e-05  9.1189214e-06  -1.7637842e-05  -1.7677292e-05  -0.00027021222  -8.1770820e-05  4.2520545e-05  2.7834442e-06  -2.4846860e-05  -4.3645505e-05  -0.00057401976  2.9107526e-05  0.0015839532  6.1391157e-06  0.0000000   -0.00096245286  0.0022623176  0.00039703006  0.00065023588  -0.00056307367  -0.00062894184  0.00044289313  -9.9626925e-05  -8.6709633e-06  5.6591371e-05  2.7055870e-05  -0.00032097871  3.7757083e-06  -7.8346517e-05  0.00012313934  9.8714097e-05  -6.2017927e-05  9.1189214e-06  -1.7637842e-05  -1.7677292e-05  -0.00027021222  
0.00028588374  0.00011603201  7.8230959e-05  0.00011339315  -4.4238336e-05  0.00079633446  -6.6815062e-05  0.00012054734  0.00015755094  0.00096245286  0.0000000   0.0045064364  0.0018166851  -0.00016160480  0.00032800085  -0.00059201827  -9.0982336e-05  0.00015535476  2.3542692e-05  2.8001229e-05  -2.0981319e-05  -5.5079864e-05  1.7075912e-05  -5.8390164e-05  4.5113651e-05  -0.00012423660  0.00020301370  2.6788224e-07  3.8018072e-05  -3.4499969e-06  -1.2173668e-05  0.00028588374  0.00011603201  7.8230959e-05  0.00011339315  -4.4238336e-05  0.00079633446  -6.6815062e-05  0.00012054734  0.00015755094  0.00096245286  0.0000000   0.0045064364  0.0018166851  -0.00016160480  0.00032800085  -0.00059201827  -9.0982336e-05  0.00015535476  2.3542692e-05  2.8001229e-05  -2.0981319e-05  -5.5079864e-05  1.7075912e-05  -5.8390164e-05  4.5113651e-05  -0.00012423660  0.00020301370  2.6788224e-07  3.8018072e-05  -3.4499969e-06  -1.2173668e-05  
