0.0000000   0.00047701612  0.0037441788  8.6187962e-05  0.00073985376  -0.00039367167  0.00091462171  0.00054570754  -1.0835917e-05  9.2649906e-06  4.3040185e-05  1.2364545e-05  5.5274984e-05  9.2707031e-06  -4.2466411e-06  -9.6243723e-06  -0.00012436830  -2.9390613e-05  6.8040663e-06  -0.00014068314  2.0211563e-05  0.00022985687  1.0299837e-05  1.0234703e-05  1.6129831e-05  -2.2892882e-05  3.7347384e-06  8.1718898e-05  5.2790406e-05  -0.00011969298  -2.7836931e-05  0.0000000   0.00047701612  0.0037441788  8.6187962e-05  0.00073985376  -0.00039367167  0.00091462171  0.00054570754  -1.0835917e-05  9.2649906e-06  4.3040185e-05  1.2364545e-05  5.5274984e-05  9.2707031e-06  -4.2466411e-06  -9.6243723e-06  -0.00012436830  -2.9390613e-05  6.8040663e-06  -0.00014068314  2.0211563e-05  0.00022985687  1.0299837e-05  1.0234703e-05  1.6129831e-05  -2.2892882e-05  3.7347384e-06  8.1718898e-05  5.2790406e-05  -0.00011969298  -2.7836931e-05  
-0.00047701612  0.0000000   -0.0019649529  -0.00030002996  0.0011181230  0.00047224291  -0.0015761312  0.00054921368  -6.7501992e-05  6.6425833e-05  2.4339595e-05  -4.9581134e-06  0.00010551301  0.00029869819  4.1754397e-05  1.3756156e-05  2.2227112e-05  4.2427179e-05  1.2728435e-05  -0.00011593098  -4.2336396e-06  -0.00021665058  -1.7425113e-05  5.1248637e-06  -0.00011809252  0.00018201744  -9.4211978e-06  -1.7229825e-05  -4.8672729e-05  -3.3567582e-05  6.6494652e-05  -0.00047701612  0.0000000   -0.0019649529  -0.00030002996  0.0011181230  0.00047224291  -0.0015761312  0.00054921368  -6.7501992e-05  6.6425833e-05  2.4339595e-05  -4.9581134e-06  0.00010551301  0.00029869819  4.1754397e-05  1.3756156e-05  2.2227112e-05  4.2427179e-05  1.2728435e-05  -0.00011593098  -4.2336396e-06  -0.00021665058  -1.7425113e-05  5.1248637e-06  -0.00011809252  0.00018201744  -9.4211978e-06  -1.7229825e-05  -4.8672729e-05  -3.3567582e-05  6.6494652e-05  
-0.0037441788  0.0019649529  0.0000000   0.00042651086  -0.0024100833  0.00019416265  0.0018322345  0.00055965135  2.4461176e-05  -4.3764523e-06  0.00017697622  -3.2144886e-05  0.00014666364  -0.00021895188  -4.4936624e-05  -1.6871123e-05  0.00011811898  9.1977365e-06  -6.4401732e-06  -9.4919402e-05  -7.1909350e-06  0.00017873544  2.1389491e-06  -2.7534736e-06  6.8608327e-05  8.8470411e-05  -1.6114915e-06  2.4750172e-05  2.7123815e-05  9.7205071e-05  -1.0765552e-05  -0.0037441788  0.0019649529  0.0000000   0.00042651086  -0.0024100833  0.00019416265  0.0018322345  0.00055965135  2.4461176e-05  -4.3764523e-06  0.00017697622  -3.2144886e-05  0.00014666364  -0.00021895188  -4.4936624e-05  -1.6871123e-05  0.00011811898  9.1977365e-06  -6.4401732e-06  -9.4919402e-05  -7.1909350e-06  0.00017873544  2.1389491e-06  -2.7534736e-06  6.8608327e-05  8.8470411e-05  -1.6114915e-06  2.4750172e-05  2.7123815e-05  9.7205071e-05  -1.0765552e-05  
-8.6187962e-05  0.00030002996  -0.00042651086  0.0000000   -0.00019650142  -0.00036572535  0.00024666088  -0.00010255878  -0.00038213467  -8.7525865e-05  -6.1739612e-05  0.00050262323  -0.00011916392  -2.1478467e-05  0.00028010792  0.00034878444  3.1467380e-05  -4.3747538e-05  -5.7457220e-05  9.9576857e-06  0.00015418372  4.7923727e-06  -0.00012247466  -6.1399277e-05  2.5980242e-05  -4.4615994e-05  5.3764419e-05  -1.0855112e-05  1.9722265e-05  1.3455649e-06  -8.3126262e-06  -8.6187962e-05  0.00030002996  -0.00042651086  0.0000000   -0.00019650142  -0.00036572535  0.00024666088  -0.00010255878  -0.00038213467  -8.7525865e-05  -6.1739612e-05  0.00050262323  -0.00011916392  -2.1478467e-05  0.00028010792  0.00034878444  3.1467380e-05  -4.3747538e-05  -5.7457220e-05  9.9576857e-06  0.00015418372  4.7923727e-06  -0.00012247466  -6.1399277e-05  2.5980242e-05  -4.4615994e-05  5.3764419e-05  -1.0855112e-05  1.9722265e-05  1.3455649e-06  -8.3126262e-06  
-0.00073985376  -0.0011181230  0.0024100833  0.00019650142  0.0000000   0.0020932944  -0.00074756284  0.00056877650  -0.00013119731  1.6290597e-05  0.00047295899  7.8934698e-05  0.00043078854  -2.1864901e-05  7.4433819e-05  7.1451637e-05  -2.6365435e-05  3.3028329e-05  1.4346700e-05  -0.00015164518  3.7594128e-05  6.9168673e-05  -8.4986756e-06  -4.8290113e-06  -2.7358852e-05  0.00024030820  4.8608109e-06  0.00010686598  1.4702097e-07  -9.7418607e-05  -1.2326819e-05  -0.00073985376  -0.0011181230  0.0024100833  0.00019650142  0.0000000   0.0020932944  -0.00074756284  0.00056877650  -0.00013119731  1.6290597e-05  0.00047295899  7.8934698e-05  0.00043078854  -2.1864901e-05  7.4433819e-05  7.1451637e-05  -2.6365435e-05  3.3028329e-05  1.4346700e-05  -0.00015164518  3.7594128e-05  6.9168673e-05  -8.4986756e-06  -4.8290113e-06  -2.7358852e-05  0.00024030820  4.8608109e-06  0.00010686598  1.4702097e-07  -9.7418607e-05  -1.2326819e-05  
0.00039367167  -0.00047224291  -0.00019416265  0.00036572535  -0.0020932944  0.0000000   0.0049454336  0.0022104546  -2.6601881e-05  -0.00012539774  4.5222058e-05  -0.00013322443  -0.00010544020  0.00038113932  -1.5995269e-05  -4.5123602e-05  -0.00011091104  -2.3883630e-05  3.0769859e-05  -7.6612984e-06  -9.3491742e-06  4.8313705e-06  1.2268696e-05  2.3770992e-05  -9.4797874e-05  7.3320829e-05  -2.6426279e-05  6.8712482e-07  -0.00012210088  -8.0181838e-05  2.1089050e-05  0.00039367167  -0.00047224291  -0.00019416265  0.00036572535  -0.0020932944  0.0000000   0.0049454336  0.0022104546  -2.6601881e-05  -0.00012539774  4.5222058e-05  -0.00013322443  -0.00010544020  0.00038113932  -1.5995269e-05  -4.5123602e-05  -0.00011091104  -2.3883630e-05  3.0769859e-05  -7.6612984e-06  -9.3491742e-06  4.8313705e-06  1.2268696e-05  2.3770992e-05  -9.4797874e-05  7.3320829e-05  -2.6426279e-05  6.8712482e-07  -0.00012210088  -8.0181838e-05  2.1089050e-05  
-0.00091462171  0.0015761312  -0.0018322345  -0.00024666088  0.00074756284  -0.0049454336  0.0000000   -0.0011469817  9.0575166e-05  -9.1833271e-05  7.8323354e-05  0.00011695180  0.00067332871  -0.00098281305  -2.3924479e-05  -2.2102079e-05  0.00011249091  -5.5994157e-05  -3.3181027e-05  4.1423435e-05  3.0571576e-06  8.7647072e-05  -1.7140340e-05  -2.9946287e-06  5.0443708e-05  -0.00012290300  2.2633739e-05  -0.00013496555  0.00013277604  0.00020739717  -0.00010916043  -0.00091462171  0.0015761312  -0.0018322345  -0.00024666088  0.00074756284  -0.0049454336  0.0000000   -0.0011469817  9.0575166e-05  -9.1833271e-05  7.8323354e-05  0.00011695180  0.00067332871  -0.00098281305  -2.3924479e-05  -2.2102079e-05  0.00011249091  -5.5994157e-05  -3.3181027e-05  4.1423435e-05  3.0571576e-06  8.7647072e-05  -1.7140340e-05  -2.9946287e-06  5.0443708e-05  -0.00012290300  2.2633739e-05  -0.00013496555  0.00013277604  0.00020739717  -0.00010916043  
-0.00054570754  -0.00054921368  -0.00055965135  0.00010255878  -0.00056877650  -0.0022104546  0.0011469817  0.0000000   2.6419098e-05  -0.00012490519  0.00053234450  -6.1655330e-05  0.00011887170  -0.00045521867  8.5813891e-06  -6.2949025e-05  -0.00027084088  2.3045514e-06  3.4126081e-05  -0.00021949861  3.2720592e-05  0.00012077565  -1.9693859e-05  -8.3461145e-06  0.00030174491  -8.8872531e-05  1.1267565e-05  -9.8410881e-06  -5.6228868e-05  0.00013336147  3.7204886e-05  -0.00054570754  -0.00054921368  -0.00055965135  0.00010255878  -0.00056877650  -0.0022104546  0.0011469817  0.0000000   2.6419098e-05  -0.00012490519  0.00053234450  -6.1655330e-05  0.00011887170  -0.00045521867  8.5813891e-06  -6.2949025e-05  -0.00027084088  2.3045514e-06  3.4126081e-05  -0.00021949861  3.2720592e-05  0.00012077565  -1.9693859e-05  -8.3461145e-06  0.00030174491  -8.8872531e-05  1.1267565e-05  -9.8410881e-06  -5.6228868e-05  0.00013336147  3.7204886e-05  
1.0835917e-05  6.7501992e-05  -2.4461176e-05  0.00038213467  0.00013119731  2.6601881e-05  -9.0575166e-05  -2.6419098e-05  0.0000000   -0.0015889448  4.4758807e-05  -0.00046622498  -7.3116794e-06  -1.5458234e-05  -0.00014808349  -0.00021336326  -9.3054467e-06  0.00020058273  -5.0449624e-05  2.4257895e-05  -0.00020838608  2.9918332e-05  0.00017568442  0.00011584307  5.8979877e-06  -2.4159505e-05  -6.8888345e-06  -8.1516201e-06  1.6152924e-05  -5.5911857e-05  -1.5241810e-06  1.0835917e-05  6.7501992e-05  -2.4461176e-05  0.00038213467  0.00013119731  2.6601881e-05  -9.0575166e-05  -2.6419098e-05  0.0000000   -0.0015889448  4.4758807e-05  -0.00046622498  -7.3116794e-06  -1.5458234e-05  -0.00014808349  -0.00021336326  -9.3054467e-06  0.00020058273  -5.0449624e-05  2.4257895e-05  -0.00020838608  2.9918332e-05  0.00017568442  0.00011584307  5.8979877e-06  -2.4159505e-05  -6.8888345e-06  -8.1516201e-06  1.6152924e-05  -5.5911857e-05  -1.5241810e-06  
-9.2649906e-06  -6.6425833e-05  4.3764523e-06  8.7525865e-05  -1.6290597e-05  0.00012539774  9.1833271e-05  0.00012490519  0.0015889448  0.0000000   9.2180631e-05  0.0018803706  -7.3702616e-05  0.00010177013  -0.00013346022  0.00087806553  4.3221110e-05  -0.00043786633  0.00058533763  4.7800507e-05  -9.3945536e-05  8.7118865e-06  0.00019395470  -0.00021901938  -4.6231753e-06  9.6283980e-06  8.0654805e-05  -1.2201713e-06  9.0727056e-06  1.9542454e-05  5.3150157e-06  -9.2649906e-06  -6.6425833e-05  4.3764523e-06  8.7525865e-05  -1.6290597e-05  0.00012539774  9.1833271e-05  0.00012490519  0.0015889448  0.0000000   9.2180631e-05  0.0018803706  -7.3702616e-05  0.00010177013  -0.00013346022  0.00087806553  4.3221110e-05  -0.00043786633  0.00058533763  4.7800507e-05  -9.3945536e-05  8.7118865e-06  0.00019395470  -0.00021901938  -4.6231753e-06  9.6283980e-06  8.0654805e-05  -1.2201713e-06  9.0727056e-06  1.9542454e-05  5.3150157e-06  
-4.3040185e-05  -2.4339595e-05  -0.00017697622  6.1739612e-05  -0.00047295899  -4.5222058e-05  -7.8323354e-05  -0.00053234450  -4.4758807e-05  -9.2180631e-05  0.0000000   -9.6015696e-05  -0.00019528780  0.00026000750  -4.6805029e-05  -3.2244110e-05  0.00037133719  1.3772166e-06  -3.4309910e-06  -7.0556473e-05  -3.8651791e-06  -9.8833689e-05  1.6888187e-05  1.6839139e-05  -0.00018612071  -1.3430909e-05  6.9533118e-06  -0.00011295184  0.00016378886  9.0840291e-05  -8.9558942e-05  -4.3040185e-05  -2.4339595e-05  -0.00017697622  6.1739612e-05  -0.00047295899  -4.5222058e-05  -7.8323354e-05  -0.00053234450  -4.4758807e-05  -9.2180631e-05  0.0000000   -9.6015696e-05  -0.00019528780  0.00026000750  -4.6805029e-05  -3.2244110e-05  0.00037133719  1.3772166e-06  -3.4309910e-06  -7.0556473e-05  -3.8651791e-06  -9.8833689e-05  1.6888187e-05  1.6839139e-05  -0.00018612071  -1.3430909e-05  6.9533118e-06  -0.00011295184  0.00016378886  9.0840291e-05  -8.9558942e-05  
-1.2364545e-05  4.9581134e-06  3.2144886e-05  -0.00050262323  -7.8934698e-05  0.00013322443  -0.00011695180  6.1655330e-05  0.00046622498  -0.0018803706  9.6015696e-05  0.0000000   -1.3334962e-06  6.2186260e-05  -0.00037234441  -0.00078676268  -2.2246846e-06  -0.00035122474  0.00021872744  4.5345410e-05  0.00016429013  -2.3867571e-06  0.00016570220  1.0042684e-05  3.4906020e-06  -1.2560394e-05  0.00021852286  -1.3839786e-05  2.4443759e-05  1.7057575e-06  -3.9538451e-06  -1.2364545e-05  4.9581134e-06  3.2144886e-05  -0.00050262323  -7.8934698e-05  0.00013322443  -0.00011695180  6.1655330e-05  0.00046622498  -0.0018803706  9.6015696e-05  0.0000000   -1.3334962e-06  6.2186260e-05  -0.00037234441  -0.00078676268  -2.2246846e-06  -0.00035122474  0.00021872744  4.5345410e-05  0.00016429013  -2.3867571e-06  0.00016570220  1.0042684e-05  3.4906020e-06  -1.2560394e-05  0.00021852286  -1.3839786e-05  2.4443759e-05  1.7057575e-06  -3.9538451e-06  
-5.5274984e-05  -0.00010551301  -0.00014666364  0.00011916392  -0.00043078854  0.00010544020  -0.00067332871  -0.00011887170  7.3116794e-06  7.3702616e-05  0.00019528780  1.3334962e-06  0.0000000   0.00023662018  9.5486355e-05  5.7060628e-05  -0.00059822878  2.1432549e-05  2.2804485e-06  7.8743617e-05  5.3596107e-06  -5.9141847e-05  -1.5783052e-05  -1.2690891e-05  0.00018516100  0.00021988139  -9.2168603e-06  -0.00025660990  -0.00013743938  0.00018578528  2.8913191e-05  -5.5274984e-05  -0.00010551301  -0.00014666364  0.00011916392  -0.00043078854  0.00010544020  -0.00067332871  -0.00011887170  7.3116794e-06  7.3702616e-05  0.00019528780  1.3334962e-06  0.0000000   0.00023662018  9.5486355e-05  5.7060628e-05  -0.00059822878  2.1432549e-05  2.2804485e-06  7.8743617e-05  5.3596107e-06  -5.9141847e-05  -1.5783052e-05  -1.2690891e-05  0.00018516100  0.00021988139  -9.2168603e-06  -0.00025660990  -0.00013743938  0.00018578528  2.8913191e-05  
-9.2707031e-06  -0.00029869819  0.00021895188  2.1478467e-05  2.1864901e-05  -0.00038113932  0.00098281305  0.00045521867  1.5458234e-05  -0.00010177013  -0.00026000750  -6.2186260e-05  -0.00023662018  0.0000000   -7.6044722e-06  -5.0091758e-05  -0.00040256880  -4.0682840e-05  5.2203235e-05  -6.8730014e-05  3.1957944e-05  4.8237775e-05  -2.2942244e-05  7.7568502e-06  -0.00010220006  0.00046691504  -9.6652890e-06  0.00029248624  -3.8290342e-05  -1.2375896e-05  -6.4203872e-05  -9.2707031e-06  -0.00029869819  0.00021895188  2.1478467e-05  2.1864901e-05  -0.00038113932  0.00098281305  0.00045521867  1.5458234e-05  -0.00010177013  -0.00026000750  -6.2186260e-05  -0.00023662018  0.0000000   -7.6044722e-06  -5.0091758e-05  -0.00040256880  -4.0682840e-05  5.2203235e-05  -6.8730014e-05  3.1957944e-05  4.8237775e-05  -2.2942244e-05  7.7568502e-06  -0.00010220006  0.00046691504  -9.6652890e-06  0.00029248624  -3.8290342e-05  -1.2375896e-05  -6.4203872e-05  
4.2466411e-06  -4.1754397e-05  4.4936624e-05  -0.00028010792  -7.4433819e-05  1.5995269e-05  2.3924479e-05  -8.5813891e-06  0.00014808349  0.00013346022  4.6805029e-05  0.00037234441  -9.5486355e-05  7.6044722e-06  0.0000000   -0.00047762695  -3.5688408e-05  0.00078683618  -0.00071872808  -2.0328748e-05  -0.00061592149  0.00012564362  0.00041438915  -1.0534846e-05  2.2009109e-05  4.7874179e-05  -3.3651148e-05  -1.1424481e-05  -7.7456237e-05  -8.4002669e-06  2.2130782e-05  4.2466411e-06  -4.1754397e-05  4.4936624e-05  -0.00028010792  -7.4433819e-05  1.5995269e-05  2.3924479e-05  -8.5813891e-06  0.00014808349  0.00013346022  4.6805029e-05  0.00037234441  -9.5486355e-05  7.6044722e-06  0.0000000   -0.00047762695  -3.5688408e-05  0.00078683618  -0.00071872808  -2.0328748e-05  -0.00061592149  0.00012564362  0.00041438915  -1.0534846e-05  2.2009109e-05  4.7874179e-05  -3.3651148e-05  -1.1424481e-05  -7.7456237e-05  -8.4002669e-06  2.2130782e-05  
9.6243723e-06  -1.3756156e-05  1.6871123e-05  -0.00034878444  -7.1451637e-05  4.5123602e-05  2.2102079e-05  6.2949025e-05  0.00021336326  -0.00087806553  3.2244110e-05  0.00078676268  -5.7060628e-05  5.0091758e-05  0.00047762695  0.0000000   2.8234306e-05  -0.00018976350  -0.00026336648  -8.3835986e-05  0.00048321547  -6.4655877e-05  0.00016825638  0.00015444537  -1.6389956e-05  2.9535588e-05  0.00020668535  2.4039347e-06  -7.4607275e-06  2.2589603e-05  6.7119521e-06  9.6243723e-06  -1.3756156e-05  1.6871123e-05  -0.00034878444  -7.1451637e-05  4.5123602e-05  2.2102079e-05  6.2949025e-05  0.00021336326  -0.00087806553  3.2244110e-05  0.00078676268  -5.7060628e-05  5.0091758e-05  0.00047762695  0.0000000   2.8234306e-05  -0.00018976350  -0.00026336648  -8.3835986e-05  0.00048321547  -6.4655877e-05  0.00016825638  0.00015444537  -1.6389956e-05  2.9535588e-05  0.00020668535  2.4039347e-06  -7.4607275e-06  2.2589603e-05  6.7119521e-06  
0.00012436830  -2.2227112e-05  -0.00011811898  -3.1467380e-05  2.6365435e-05  0.00011091104  -0.00011249091  0.00027084088  9.3054467e-06  -4.3221110e-05  -0.00037133719  2.2246846e-06  0.00059822878  0.00040256880  3.5688408e-05  -2.8234306e-05  0.0000000   0.00011453529  0.00037447531  -0.00095466306  -0.00015167528  -0.0016354652  -1.7477832e-05  7.3263279e-05  -0.00050525007  -0.00030593035  5.9762134e-06  0.00013421754  -0.00011014977  1.9362222e-05  -0.00026432358  0.00012436830  -2.2227112e-05  -0.00011811898  -3.1467380e-05  2.6365435e-05  0.00011091104  -0.00011249091  0.00027084088  9.3054467e-06  -4.3221110e-05  -0.00037133719  2.2246846e-06  0.00059822878  0.00040256880  3.5688408e-05  -2.8234306e-05  0.0000000   0.00011453529  0.00037447531  -0.00095466306  -0.00015167528  -0.0016354652  -1.7477832e-05  7.3263279e-05  -0.00050525007  -0.00030593035  5.9762134e-06  0.00013421754  -0.00011014977  1.9362222e-05  -0.00026432358  
2.9390613e-05  -4.2427179e-05  -9.1977365e-06  4.3747538e-05  -3.3028329e-05  2.3883630e-05  5.5994157e-05  -2.3045514e-06  -0.00020058273  0.00043786633  -1.3772166e-06  0.00035122474  -2.1432549e-05  4.0682840e-05  -0.00078683618  0.00018976350  -0.00011453529  0.0000000   -0.0044397127  -0.00083812222  -0.00044950717  -0.00017933753  -0.00033302072  -0.00012530085  3.8919710e-05  -1.2917061e-06  5.6465622e-05  -9.9092193e-06  2.6989514e-05  4.0634152e-05  2.4960823e-06  2.9390613e-05  -4.2427179e-05  -9.1977365e-06  4.3747538e-05  -3.3028329e-05  2.3883630e-05  5.5994157e-05  -2.3045514e-06  -0.00020058273  0.00043786633  -1.3772166e-06  0.00035122474  -2.1432549e-05  4.0682840e-05  -0.00078683618  0.00018976350  -0.00011453529  0.0000000   -0.0044397127  -0.00083812222  -0.00044950717  -0.00017933753  -0.00033302072  -0.00012530085  3.8919710e-05  -1.2917061e-06  5.6465622e-05  -9.9092193e-06  2.6989514e-05  4.0634152e-05  2.4960823e-06  
-6.8040663e-06  -1.2728435e-05  6.4401732e-06  5.7457220e-05  -1.4346700e-05  -3.0769859e-05  3.3181027e-05  -3.4126081e-05  5.0449624e-05  -0.00058533763  3.4309910e-06  -0.00021872744  -2.2804485e-06  -5.2203235e-05  0.00071872808  0.00026336648  -0.00037447531  0.0044397127  0.0000000   0.00016310888  0.00056834796  0.00010569747  -0.00018341194  0.00043065539  0.00010346013  5.8984154e-05  0.00031144005  -6.4660249e-05  9.4936275e-06  -2.5765559e-05  3.9641694e-05  -6.8040663e-06  -1.2728435e-05  6.4401732e-06  5.7457220e-05  -1.4346700e-05  -3.0769859e-05  3.3181027e-05  -3.4126081e-05  5.0449624e-05  -0.00058533763  3.4309910e-06  -0.00021872744  -2.2804485e-06  -5.2203235e-05  0.00071872808  0.00026336648  -0.00037447531  0.0044397127  0.0000000   0.00016310888  0.00056834796  0.00010569747  -0.00018341194  0.00043065539  0.00010346013  5.8984154e-05  0.00031144005  -6.4660249e-05  9.4936275e-06  -2.5765559e-05  3.9641694e-05  
0.00014068314  0.00011593098  9.4919402e-05  -9.9576857e-06  0.00015164518  7.6612984e-06  -4.1423435e-05  0.00021949861  -2.4257895e-05  -4.7800507e-05  7.0556473e-05  -4.5345410e-05  -7.8743617e-05  6.8730014e-05  2.0328748e-05  8.3835986e-05  0.00095466306  0.00083812222  -0.00016310888  0.0000000   4.4997812e-05  -0.00062176914  -8.8867368e-05  0.00010885491  -0.00084896177  -0.00020761728  5.1124170e-05  0.00028961139  -6.3422290e-05  -5.8605876e-05  -8.8325547e-05  0.00014068314  0.00011593098  9.4919402e-05  -9.9576857e-06  0.00015164518  7.6612984e-06  -4.1423435e-05  0.00021949861  -2.4257895e-05  -4.7800507e-05  7.0556473e-05  -4.5345410e-05  -7.8743617e-05  6.8730014e-05  2.0328748e-05  8.3835986e-05  0.00095466306  0.00083812222  -0.00016310888  0.0000000   4.4997812e-05  -0.00062176914  -8.8867368e-05  0.00010885491  -0.00084896177  -0.00020761728  5.1124170e-05  0.00028961139  -6.3422290e-05  -5.8605876e-05  -8.8325547e-05  
-2.0211563e-05  4.2336396e-06  7.1909350e-06  -0.00015418372  -3.7594128e-05  9.3491742e-06  -3.0571576e-06  -3.2720592e-05  0.00020838608  9.3945536e-05  3.8651791e-06  -0.00016429013  -5.3596107e-06  -3.1957944e-05  0.00061592149  -0.00048321547  0.00015167528  0.00044950717  -0.00056834796  -4.4997812e-05  0.0000000   3.8305446e-05  -0.0015967004  9.2212977e-05  2.3471071e-05  -3.3194045e-05  -0.00030619269  -1.1641960e-05  3.4831293e-05  8.3888810e-06  1.2917054e-05  -2.0211563e-05  4.2336396e-06  7.1909350e-06  -0.00015418372  -3.7594128e-05  9.3491742e-06  -3.0571576e-06  -3.2720592e-05  0.00020838608  9.3945536e-05  3.8651791e-06  -0.00016429013  -5.3596107e-06  -3.1957944e-05  0.00061592149  -0.00048321547  0.00015167528  0.00044950717  -0.00056834796  -4.4997812e-05  0.0000000   3.8305446e-05  -0.0015967004  9.2212977e-05  2.3471071e-05  -3.3194045e-05  -0.00030619269  -1.1641960e-05  3.4831293e-05  8.3888810e-06  1.2917054e-05  
-0.00022985687  0.00021665058  -0.00017873544  -4.7923727e-06  -6.9168673e-05  -4.8313705e-06  -8.7647072e-05  -0.00012077565  -2.9918332e-05  -8.7118865e-06  9.8833689e-05  2.3867571e-06  5.9141847e-05  -4.8237775e-05  -0.00012564362  6.4655877e-05  0.0016354652  0.00017933753  -0.00010569747  0.00062176914  -3.8305446e-05  0.0000000   0.00016658329  0.00010414380  0.00010064460  -0.00024754372  3.9718798e-05  -7.3368803e-05  -0.00020658158  0.00014713423  -0.00018761865  -0.00022985687  0.00021665058  -0.00017873544  -4.7923727e-06  -6.9168673e-05  -4.8313705e-06  -8.7647072e-05  -0.00012077565  -2.9918332e-05  -8.7118865e-06  9.8833689e-05  2.3867571e-06  5.9141847e-05  -4.8237775e-05  -0.00012564362  6.4655877e-05  0.0016354652  0.00017933753  -0.00010569747  0.00062176914  -3.8305446e-05  0.0000000   0.00016658329  0.00010414380  0.00010064460  -0.00024754372  3.9718798e-05  -7.3368803e-05  -0.00020658158  0.00014713423  -0.00018761865  
-1.0299837e-05  1.7425113e-05  -2.1389491e-06  0.00012247466  8.4986756e-06  -1.2268696e-05  1.7140340e-05  1.9693859e-05  -0.00017568442  -0.00019395470  -1.6888187e-05  -0.00016570220  1.5783052e-05  2.2942244e-05  -0.00041438915  -0.00016825638  1.7477832e-05  0.00033302072  0.00018341194  8.8867368e-05  0.0015967004  -0.00016658329  0.0000000   -0.0028187929  -8.6180828e-05  -2.3995712e-05  -0.00013831502  2.1207526e-05  9.6036950e-05  -5.6710305e-05  -1.9142868e-05  -1.0299837e-05  1.7425113e-05  -2.1389491e-06  0.00012247466  8.4986756e-06  -1.2268696e-05  1.7140340e-05  1.9693859e-05  -0.00017568442  -0.00019395470  -1.6888187e-05  -0.00016570220  1.5783052e-05  2.2942244e-05  -0.00041438915  -0.00016825638  1.7477832e-05  0.00033302072  0.00018341194  8.8867368e-05  0.0015967004  -0.00016658329  0.0000000   -0.0028187929  -8.6180828e-05  -2.3995712e-05  -0.00013831502  2.1207526e-05  9.6036950e-05  -5.6710305e-05  -1.9142868e-05  
-1.0234703e-05  -5.1248637e-06  2.7534736e-06  6.1399277e-05  4.8290113e-06  -2.3770992e-05  2.9946287e-06  8.3461145e-06  -0.00011584307  0.00021901938  -1.6839139e-05  -1.0042684e-05  1.2690891e-05  -7.7568502e-06  1.0534846e-05  -0.00015444537  -7.3263279e-05  0.00012530085  -0.00043065539  -0.00010885491  -9.2212977e-05  -0.00010414380  0.0028187929  0.0000000   -7.3265102e-07  2.8236495e-05  4.9355379e-07  -1.3729146e-05  -2.6370967e-06  2.8365903e-05  5.4045585e-06  -1.0234703e-05  -5.1248637e-06  2.7534736e-06  6.1399277e-05  4.8290113e-06  -2.3770992e-05  2.9946287e-06  8.3461145e-06  -0.00011584307  0.00021901938  -1.6839139e-05  -1.0042684e-05  1.2690891e-05  -7.7568502e-06  1.0534846e-05  -0.00015444537  -7.3263279e-05  0.00012530085  -0.00043065539  -0.00010885491  -9.2212977e-05  -0.00010414380  0.0028187929  0.0000000   -7.3265102e-07  2.8236495e-05  4.9355379e-07  -1.3729146e-05  -2.6370967e-06  2.8365903e-05  5.4045585e-06  
-1.6129831e-05  0.00011809252  -6.8608327e-05  -2.5980242e-05  2.7358852e-05  9.4797874e-05  -5.0443708e-05  -0.00030174491  -5.8979877e-06  4.6231753e-06  0.00018612071  -3.4906020e-06  -0.00018516100  0.00010220006  -2.2009109e-05  1.6389956e-05  0.00050525007  -3.8919710e-05  -0.00010346013  0.00084896177  -2.3471071e-05  -0.00010064460  8.6180828e-05  7.3265102e-07  0.0000000   -0.00054878528  2.2559934e-05  -0.00012398942  0.00027106324  0.00037955230  -0.00018455580  -1.6129831e-05  0.00011809252  -6.8608327e-05  -2.5980242e-05  2.7358852e-05  9.4797874e-05  -5.0443708e-05  -0.00030174491  -5.8979877e-06  4.6231753e-06  0.00018612071  -3.4906020e-06  -0.00018516100  0.00010220006  -2.2009109e-05  1.6389956e-05  0.00050525007  -3.8919710e-05  -0.00010346013  0.00084896177  -2.3471071e-05  -0.00010064460  8.6180828e-05  7.3265102e-07  0.0000000   -0.00054878528  2.2559934e-05  -0.00012398942  0.00027106324  0.00037955230  -0.00018455580  
2.2892882e-05  -0.00018201744  -8.8470411e-05  4.4615994e-05  -0.00024030820  -7.3320829e-05  0.00012290300  8.8872531e-05  2.4159505e-05  -9.6283980e-06  1.3430909e-05  1.2560394e-05  -0.00021988139  -0.00046691504  -4.7874179e-05  -2.9535588e-05  0.00030593035  1.2917061e-06  -5.8984154e-05  0.00020761728  3.3194045e-05  0.00024754372  2.3995712e-05  -2.8236495e-05  0.00054878528  0.0000000   -5.9068531e-06  0.0010614993  -0.0019670685  -9.0022228e-05  -0.00051208344  2.2892882e-05  -0.00018201744  -8.8470411e-05  4.4615994e-05  -0.00024030820  -7.3320829e-05  0.00012290300  8.8872531e-05  2.4159505e-05  -9.6283980e-06  1.3430909e-05  1.2560394e-05  -0.00021988139  -0.00046691504  -4.7874179e-05  -2.9535588e-05  0.00030593035  1.2917061e-06  -5.8984154e-05  0.00020761728  3.3194045e-05  0.00024754372  2.3995712e-05  -2.8236495e-05  0.00054878528  0.0000000   -5.9068531e-06  0.0010614993  -0.0019670685  -9.0022228e-05  -0.00051208344  
-3.7347384e-06  9.4211978e-06  1.6114915e-06  -5.3764419e-05  -4.8608109e-06  2.6426279e-05  -2.2633739e-05  -1.1267565e-05  6.8888345e-06  -8.0654805e-05  -6.9533118e-06  -0.00021852286  9.2168603e-06  9.6652890e-06  3.3651148e-05  -0.00020668535  -5.9762134e-06  -5.6465622e-05  -0.00031144005  -5.1124170e-05  0.00030619269  -3.9718798e-05  0.00013831502  -4.9355379e-07  -2.2559934e-05  5.9068531e-06  0.0000000   -3.5623523e-05  5.0558761e-05  0.00011417576  4.5320884e-05  -3.7347384e-06  9.4211978e-06  1.6114915e-06  -5.3764419e-05  -4.8608109e-06  2.6426279e-05  -2.2633739e-05  -1.1267565e-05  6.8888345e-06  -8.0654805e-05  -6.9533118e-06  -0.00021852286  9.2168603e-06  9.6652890e-06  3.3651148e-05  -0.00020668535  -5.9762134e-06  -5.6465622e-05  -0.00031144005  -5.1124170e-05  0.00030619269  -3.9718798e-05  0.00013831502  -4.9355379e-07  -2.2559934e-05  5.9068531e-06  0.0000000   -3.5623523e-05  5.0558761e-05  0.00011417576  4.5320884e-05  
-8.1718898e-05  1.7229825e-05  -2.4750172e-05  1.0855112e-05  -0.00010686598  -6.8712482e-07  0.00013496555  9.8410881e-06  8.1516201e-06  1.2201713e-06  0.00011295184  1.3839786e-05  0.00025660990  -0.00029248624  1.1424481e-05  -2.4039347e-06  -0.00013421754  9.9092193e-06  6.4660249e-05  -0.00028961139  1.1641960e-05  7.3368803e-05  -2.1207526e-05  1.3729146e-05  0.00012398942  -0.0010614993  3.5623523e-05  0.0000000   -0.0011400150  5.2202037e-05  -0.00032500734  -8.1718898e-05  1.7229825e-05  -2.4750172e-05  1.0855112e-05  -0.00010686598  -6.8712482e-07  0.00013496555  9.8410881e-06  8.1516201e-06  1.2201713e-06  0.00011295184  1.3839786e-05  0.00025660990  -0.00029248624  1.1424481e-05  -2.4039347e-06  -0.00013421754  9.9092193e-06  6.4660249e-05  -0.00028961139  1.1641960e-05  7.3368803e-05  -2.1207526e-05  1.3729146e-05  0.00012398942  -0.0010614993  3.5623523e-05  0.0000000   -0.0011400150  5.2202037e-05  -0.00032500734  
-5.2790406e-05  4.8672729e-05  -2.7123815e-05  -1.9722265e-05  -1.4702097e-07  0.00012210088  -0.00013277604  5.6228868e-05  -1.6152924e-05  -9.0727056e-06  -0.00016378886  -2.4443759e-05  0.00013743938  3.8290342e-05  7.7456237e-05  7.4607275e-06  0.00011014977  -2.6989514e-05  -9.4936275e-06  6.3422290e-05  -3.4831293e-05  0.00020658158  -9.6036950e-05  2.6370967e-06  -0.00027106324  0.0019670685  -5.0558761e-05  0.0011400150  0.0000000   0.011900442  -0.00051767217  -5.2790406e-05  4.8672729e-05  -2.7123815e-05  -1.9722265e-05  -1.4702097e-07  0.00012210088  -0.00013277604  5.6228868e-05  -1.6152924e-05  -9.0727056e-06  -0.00016378886  -2.4443759e-05  0.00013743938  3.8290342e-05  7.7456237e-05  7.4607275e-06  0.00011014977  -2.6989514e-05  -9.4936275e-06  6.3422290e-05  -3.4831293e-05  0.00020658158  -9.6036950e-05  2.6370967e-06  -0.00027106324  0.0019670685  -5.0558761e-05  0.0011400150  0.0000000   0.011900442  -0.00051767217  
0.00011969298  3.3567582e-05  -9.7205071e-05  -1.3455649e-06  9.7418607e-05  8.0181838e-05  -0.00020739717  -0.00013336147  5.5911857e-05  -1.9542454e-05  -9.0840291e-05  -1.7057575e-06  -0.00018578528  1.2375896e-05  8.4002669e-06  -2.2589603e-05  -1.9362222e-05  -4.0634152e-05  2.5765559e-05  5.8605876e-05  -8.3888810e-06  -0.00014713423  5.6710305e-05  -2.8365903e-05  -0.00037955230  9.0022228e-05  -0.00011417576  -5.2202037e-05  -0.011900442  0.0000000   -0.00010014747  0.00011969298  3.3567582e-05  -9.7205071e-05  -1.3455649e-06  9.7418607e-05  8.0181838e-05  -0.00020739717  -0.00013336147  5.5911857e-05  -1.9542454e-05  -9.0840291e-05  -1.7057575e-06  -0.00018578528  1.2375896e-05  8.4002669e-06  -2.2589603e-05  -1.9362222e-05  -4.0634152e-05  2.5765559e-05  5.8605876e-05  -8.3888810e-06  -0.00014713423  5.6710305e-05  -2.8365903e-05  -0.00037955230  9.0022228e-05  -0.00011417576  -5.2202037e-05  -0.011900442  0.0000000   -0.00010014747  
2.7836931e-05  -6.6494652e-05  1.0765552e-05  8.3126262e-06  1.2326819e-05  -2.1089050e-05  0.00010916043  -3.7204886e-05  1.5241810e-06  -5.3150157e-06  8.9558942e-05  3.9538451e-06  -2.8913191e-05  6.4203872e-05  -2.2130782e-05  -6.7119521e-06  0.00026432358  -2.4960823e-06  -3.9641694e-05  8.8325547e-05  -1.2917054e-05  0.00018761865  1.9142868e-05  -5.4045585e-06  0.00018455580  0.00051208344  -4.5320884e-05  0.00032500734  0.00051767217  0.00010014747  0.0000000   2.7836931e-05  -6.6494652e-05  1.0765552e-05  8.3126262e-06  1.2326819e-05  -2.1089050e-05  0.00010916043  -3.7204886e-05  1.5241810e-06  -5.3150157e-06  8.9558942e-05  3.9538451e-06  -2.8913191e-05  6.4203872e-05  -2.2130782e-05  -6.7119521e-06  0.00026432358  -2.4960823e-06  -3.9641694e-05  8.8325547e-05  -1.2917054e-05  0.00018761865  1.9142868e-05  -5.4045585e-06  0.00018455580  0.00051208344  -4.5320884e-05  0.00032500734  0.00051767217  0.00010014747  0.0000000   
0.0000000   0.00047701612  0.0037441788  8.6187962e-05  0.00073985376  -0.00039367167  0.00091462171  0.00054570754  -1.0835917e-05  9.2649906e-06  4.3040185e-05  1.2364545e-05  5.5274984e-05  9.2707031e-06  -4.2466411e-06  -9.6243723e-06  -0.00012436830  -2.9390613e-05  6.8040663e-06  -0.00014068314  2.0211563e-05  0.00022985687  1.0299837e-05  1.0234703e-05  1.6129831e-05  -2.2892882e-05  3.7347384e-06  8.1718898e-05  5.2790406e-05  -0.00011969298  -2.7836931e-05  0.0000000   0.00047701612  0.0037441788  8.6187962e-05  0.00073985376  -0.00039367167  0.00091462171  0.00054570754  -1.0835917e-05  9.2649906e-06  4.3040185e-05  1.2364545e-05  5.5274984e-05  9.2707031e-06  -4.2466411e-06  -9.6243723e-06  -0.00012436830  -2.9390613e-05  6.8040663e-06  -0.00014068314  2.0211563e-05  0.00022985687  1.0299837e-05  1.0234703e-05  1.6129831e-05  -2.2892882e-05  3.7347384e-06  8.1718898e-05  5.2790406e-05  -0.00011969298  -2.7836931e-05  
-0.00047701612  0.0000000   -0.0019649529  -0.00030002996  0.0011181230  0.00047224291  -0.0015761312  0.00054921368  -6.7501992e-05  6.6425833e-05  2.4339595e-05  -4.9581134e-06  0.00010551301  0.00029869819  4.1754397e-05  1.3756156e-05  2.2227112e-05  4.2427179e-05  1.2728435e-05  -0.00011593098  -4.2336396e-06  -0.00021665058  -1.7425113e-05  5.1248637e-06  -0.00011809252  0.00018201744  -9.4211978e-06  -1.7229825e-05  -4.8672729e-05  -3.3567582e-05  6.6494652e-05  -0.00047701612  0.0000000   -0.0019649529  -0.00030002996  0.0011181230  0.00047224291  -0.0015761312  0.00054921368  -6.7501992e-05  6.6425833e-05  2.4339595e-05  -4.9581134e-06  0.00010551301  0.00029869819  4.1754397e-05  1.3756156e-05  2.2227112e-05  4.2427179e-05  1.2728435e-05  -0.00011593098  -4.2336396e-06  -0.00021665058  -1.7425113e-05  5.1248637e-06  -0.00011809252  0.00018201744  -9.4211978e-06  -1.7229825e-05  -4.8672729e-05  -3.3567582e-05  6.6494652e-05  
-0.0037441788  0.0019649529  0.0000000   0.00042651086  -0.0024100833  0.00019416265  0.0018322345  0.00055965135  2.4461176e-05  -4.3764523e-06  0.00017697622  -3.2144886e-05  0.00014666364  -0.00021895188  -4.4936624e-05  -1.6871123e-05  0.00011811898  9.1977365e-06  -6.4401732e-06  -9.4919402e-05  -7.1909350e-06  0.00017873544  2.1389491e-06  -2.7534736e-06  6.8608327e-05  8.8470411e-05  -1.6114915e-06  2.4750172e-05  2.7123815e-05  9.7205071e-05  -1.0765552e-05  -0.0037441788  0.0019649529  0.0000000   0.00042651086  -0.0024100833  0.00019416265  0.0018322345  0.00055965135  2.4461176e-05  -4.3764523e-06  0.00017697622  -3.2144886e-05  0.00014666364  -0.00021895188  -4.4936624e-05  -1.6871123e-05  0.00011811898  9.1977365e-06  -6.4401732e-06  -9.4919402e-05  -7.1909350e-06  0.00017873544  2.1389491e-06  -2.7534736e-06  6.8608327e-05  8.8470411e-05  -1.6114915e-06  2.4750172e-05  2.7123815e-05  9.7205071e-05  -1.0765552e-05  
-8.6187962e-05  0.00030002996  -0.00042651086  0.0000000   -0.00019650142  -0.00036572535  0.00024666088  -0.00010255878  -0.00038213467  -8.7525865e-05  -6.1739612e-05  0.00050262323  -0.00011916392  -2.1478467e-05  0.00028010792  0.00034878444  3.1467380e-05  -4.3747538e-05  -5.7457220e-05  9.9576857e-06  0.00015418372  4.7923727e-06  -0.00012247466  -6.1399277e-05  2.5980242e-05  -4.4615994e-05  5.3764419e-05  -1.0855112e-05  1.9722265e-05  1.3455649e-06  -8.3126262e-06  -8.6187962e-05  0.00030002996  -0.00042651086  0.0000000   -0.00019650142  -0.00036572535  0.00024666088  -0.00010255878  -0.00038213467  -8.7525865e-05  -6.1739612e-05  0.00050262323  -0.00011916392  -2.1478467e-05  0.00028010792  0.00034878444  3.1467380e-05  -4.3747538e-05  -5.7457220e-05  9.9576857e-06  0.00015418372  4.7923727e-06  -0.00012247466  -6.1399277e-05  2.5980242e-05  -4.4615994e-05  5.3764419e-05  -1.0855112e-05  1.9722265e-05  1.3455649e-06  -8.3126262e-06  
-0.00073985376  -0.0011181230  0.0024100833  0.00019650142  0.0000000   0.0020932944  -0.00074756284  0.00056877650  -0.00013119731  1.6290597e-05  0.00047295899  7.8934698e-05  0.00043078854  -2.1864901e-05  7.4433819e-05  7.1451637e-05  -2.6365435e-05  3.3028329e-05  1.4346700e-05  -0.00015164518  3.7594128e-05  6.9168673e-05  -8.4986756e-06  -4.8290113e-06  -2.7358852e-05  0.00024030820  4.8608109e-06  0.00010686598  1.4702097e-07  -9.7418607e-05  -1.2326819e-05  -0.00073985376  -0.0011181230  0.0024100833  0.00019650142  0.0000000   0.0020932944  -0.00074756284  0.00056877650  -0.00013119731  1.6290597e-05  0.00047295899  7.8934698e-05  0.00043078854  -2.1864901e-05  7.4433819e-05  7.1451637e-05  -2.6365435e-05  3.3028329e-05  1.4346700e-05  -0.00015164518  3.7594128e-05  6.9168673e-05  -8.4986756e-06  -4.8290113e-06  -2.7358852e-05  0.00024030820  4.8608109e-06  0.00010686598  1.4702097e-07  -9.7418607e-05  -1.2326819e-05  
0.00039367167  -0.00047224291  -0.00019416265  0.00036572535  -0.0020932944  0.0000000   0.0049454336  0.0022104546  -2.6601881e-05  -0.00012539774  4.5222058e-05  -0.00013322443  -0.00010544020  0.00038113932  -1.5995269e-05  -4.5123602e-05  -0.00011091104  -2.3883630e-05  3.0769859e-05  -7.6612984e-06  -9.3491742e-06  4.8313705e-06  1.2268696e-05  2.3770992e-05  -9.4797874e-05  7.3320829e-05  -2.6426279e-05  6.8712482e-07  -0.00012210088  -8.0181838e-05  2.1089050e-05  0.00039367167  -0.00047224291  -0.00019416265  0.00036572535  -0.0020932944  0.0000000   0.0049454336  0.0022104546  -2.6601881e-05  -0.00012539774  4.5222058e-05  -0.00013322443  -0.00010544020  0.00038113932  -1.5995269e-05  -4.5123602e-05  -0.00011091104  -2.3883630e-05  3.0769859e-05  -7.6612984e-06  -9.3491742e-06  4.8313705e-06  1.2268696e-05  2.3770992e-05  -9.4797874e-05  7.3320829e-05  -2.6426279e-05  6.8712482e-07  -0.00012210088  -8.0181838e-05  2.1089050e-05  
-0.00091462171  0.0015761312  -0.0018322345  -0.00024666088  0.00074756284  -0.0049454336  0.0000000   -0.0011469817  9.0575166e-05  -9.1833271e-05  7.8323354e-05  0.00011695180  0.00067332871  -0.00098281305  -2.3924479e-05  -2.2102079e-05  0.00011249091  -5.5994157e-05  -3.3181027e-05  4.1423435e-05  3.0571576e-06  8.7647072e-05  -1.7140340e-05  -2.9946287e-06  5.0443708e-05  -0.00012290300  2.2633739e-05  -0.00013496555  0.00013277604  0.00020739717  -0.00010916043  -0.00091462171  0.0015761312  -0.0018322345  -0.00024666088  0.00074756284  -0.0049454336  0.0000000   -0.0011469817  9.0575166e-05  -9.1833271e-05  7.8323354e-05  0.00011695180  0.00067332871  -0.00098281305  -2.3924479e-05  -2.2102079e-05  0.00011249091  -5.5994157e-05  -3.3181027e-05  4.1423435e-05  3.0571576e-06  8.7647072e-05  -1.7140340e-05  -2.9946287e-06  5.0443708e-05  -0.00012290300  2.2633739e-05  -0.00013496555  0.00013277604  0.00020739717  -0.00010916043  
-0.00054570754  -0.00054921368  -0.00055965135  0.00010255878  -0.00056877650  -0.0022104546  0.0011469817  0.0000000   2.6419098e-05  -0.00012490519  0.00053234450  -6.1655330e-05  0.00011887170  -0.00045521867  8.5813891e-06  -6.2949025e-05  -0.00027084088  2.3045514e-06  3.4126081e-05  -0.00021949861  3.2720592e-05  0.00012077565  -1.9693859e-05  -8.3461145e-06  0.00030174491  -8.8872531e-05  1.1267565e-05  -9.8410881e-06  -5.6228868e-05  0.00013336147  3.7204886e-05  -0.00054570754  -0.00054921368  -0.00055965135  0.00010255878  -0.00056877650  -0.0022104546  0.0011469817  0.0000000   2.6419098e-05  -0.00012490519  0.00053234450  -6.1655330e-05  0.00011887170  -0.00045521867  8.5813891e-06  -6.2949025e-05  -0.00027084088  2.3045514e-06  3.4126081e-05  -0.00021949861  3.2720592e-05  0.00012077565  -1.9693859e-05  -8.3461145e-06  0.00030174491  -8.8872531e-05  1.1267565e-05  -9.8410881e-06  -5.6228868e-05  0.00013336147  3.7204886e-05  
1.0835917e-05  6.7501992e-05  -2.4461176e-05  0.00038213467  0.00013119731  2.6601881e-05  -9.0575166e-05  -2.6419098e-05  0.0000000   -0.0015889448  4.4758807e-05  -0.00046622498  -7.3116794e-06  -1.5458234e-05  -0.00014808349  -0.00021336326  -9.3054467e-06  0.00020058273  -5.0449624e-05  2.4257895e-05  -0.00020838608  2.9918332e-05  0.00017568442  0.00011584307  5.8979877e-06  -2.4159505e-05  -6.8888345e-06  -8.1516201e-06  1.6152924e-05  -5.5911857e-05  -1.5241810e-06  1.0835917e-05  6.7501992e-05  -2.4461176e-05  0.00038213467  0.00013119731  2.6601881e-05  -9.0575166e-05  -2.6419098e-05  0.0000000   -0.0015889448  4.4758807e-05  -0.00046622498  -7.3116794e-06  -1.5458234e-05  -0.00014808349  -0.00021336326  -9.3054467e-06  0.00020058273  -5.0449624e-05  2.4257895e-05  -0.00020838608  2.9918332e-05  0.00017568442  0.00011584307  5.8979877e-06  -2.4159505e-05  -6.8888345e-06  -8.1516201e-06  1.6152924e-05  -5.5911857e-05  -1.5241810e-06  
-9.2649906e-06  -6.6425833e-05  4.3764523e-06  8.7525865e-05  -1.6290597e-05  0.00012539774  9.1833271e-05  0.00012490519  0.0015889448  0.0000000   9.2180631e-05  0.0018803706  -7.3702616e-05  0.00010177013  -0.00013346022  0.00087806553  4.3221110e-05  -0.00043786633  0.00058533763  4.7800507e-05  -9.3945536e-05  8.7118865e-06  0.00019395470  -0.00021901938  -4.6231753e-06  9.6283980e-06  8.0654805e-05  -1.2201713e-06  9.0727056e-06  1.9542454e-05  5.3150157e-06  -9.2649906e-06  -6.6425833e-05  4.3764523e-06  8.7525865e-05  -1.6290597e-05  0.00012539774  9.1833271e-05  0.00012490519  0.0015889448  0.0000000   9.2180631e-05  0.0018803706  -7.3702616e-05  0.00010177013  -0.00013346022  0.00087806553  4.3221110e-05  -0.00043786633  0.00058533763  4.7800507e-05  -9.3945536e-05  8.7118865e-06  0.00019395470  -0.00021901938  -4.6231753e-06  9.6283980e-06  8.0654805e-05  -1.2201713e-06  9.0727056e-06  1.9542454e-05  5.3150157e-06  
-4.3040185e-05  -2.4339595e-05  -0.00017697622  6.1739612e-05  -0.00047295899  -4.5222058e-05  -7.8323354e-05  -0.00053234450  -4.4758807e-05  -9.2180631e-05  0.0000000   -9.6015696e-05  -0.00019528780  0.00026000750  -4.6805029e-05  -3.2244110e-05  0.00037133719  1.3772166e-06  -3.4309910e-06  -7.0556473e-05  -3.8651791e-06  -9.8833689e-05  1.6888187e-05  1.6839139e-05  -0.00018612071  -1.3430909e-05  6.9533118e-06  -0.00011295184  0.00016378886  9.0840291e-05  -8.9558942e-05  -4.3040185e-05  -2.4339595e-05  -0.00017697622  6.1739612e-05  -0.00047295899  -4.5222058e-05  -7.8323354e-05  -0.00053234450  -4.4758807e-05  -9.2180631e-05  0.0000000   -9.6015696e-05  -0.00019528780  0.00026000750  -4.6805029e-05  -3.2244110e-05  0.00037133719  1.3772166e-06  -3.4309910e-06  -7.0556473e-05  -3.8651791e-06  -9.8833689e-05  1.6888187e-05  1.6839139e-05  -0.00018612071  -1.3430909e-05  6.9533118e-06  -0.00011295184  0.00016378886  9.0840291e-05  -8.9558942e-05  
