0.0000000   0.0025661064  0.00024676253  2.8209151e-05  -0.00011334599  -1.8282563e-05  -9.1764622e-06  -1.2889875e-06  -0.00031302441  -5.5441156e-06  -2.3997472e-06  0.00043705323  -0.00013326875  1.9186271e-05  0.00012702287  -0.00017979390  -0.00013352707  -0.00020324520  0.00011250624  7.3748429e-05  4.7878945e-05  -9.3523318e-06  -0.00019036901  -3.4562149e-06  4.1775905e-05  -3.3279455e-05  -3.3812596e-05  -1.4336065e-05  -2.3543150e-07  -8.5095477e-06  -5.1106088e-05  0.0000000   0.0025661064  0.00024676253  2.8209151e-05  -0.00011334599  -1.8282563e-05  -9.1764622e-06  -1.2889875e-06  -0.00031302441  -5.5441156e-06  -2.3997472e-06  0.00043705323  -0.00013326875  1.9186271e-05  0.00012702287  -0.00017979390  -0.00013352707  -0.00020324520  0.00011250624  7.3748429e-05  4.7878945e-05  -9.3523318e-06  -0.00019036901  -3.4562149e-06  4.1775905e-05  -3.3279455e-05  -3.3812596e-05  -1.4336065e-05  -2.3543150e-07  -8.5095477e-06  -5.1106088e-05  
-0.0025661064  0.0000000   -1.9831937e-05  0.00028502566  8.4433659e-06  1.0900472e-05  -2.6388120e-05  1.1135353e-05  -0.00044390873  2.0370973e-06  -0.00011593498  0.00047538590  -0.00029388917  1.0143553e-05  -5.9435063e-05  -0.00019557800  -0.00011987739  0.00016913423  8.1079570e-05  3.8462651e-06  4.3316653e-05  -6.0902143e-06  -0.00010211906  1.6055102e-06  5.6228091e-05  6.4752444e-05  -4.3150859e-05  1.4424095e-05  -1.1904205e-05  -1.0952024e-05  -6.9756457e-05  -0.0025661064  0.0000000   -1.9831937e-05  0.00028502566  8.4433659e-06  1.0900472e-05  -2.6388120e-05  1.1135353e-05  -0.00044390873  2.0370973e-06  -0.00011593498  0.00047538590  -0.00029388917  1.0143553e-05  -5.9435063e-05  -0.00019557800  -0.00011987739  0.00016913423  8.1079570e-05  3.8462651e-06  4.3316653e-05  -6.0902143e-06  -0.00010211906  1.6055102e-06  5.6228091e-05  6.4752444e-05  -4.3150859e-05  1.4424095e-05  -1.1904205e-05  -1.0952024e-05  -6.9756457e-05  
-0.00024676253  1.9831937e-05  0.0000000   -0.0016029619  0.00070733546  -0.00013681779  -0.00027775605  -0.00014016357  -1.4871680e-05  -0.00024312736  -6.6851575e-06  -8.5160588e-06  -1.2355741e-05  0.00011344470  2.1842458e-06  -4.6599142e-05  -8.0194461e-06  3.8072673e-08  2.7853340e-05  2.9621018e-05  -3.1219457e-05  2.7466623e-05  7.4793115e-06  -8.0651938e-05  -5.6853205e-06  -2.0646771e-06  4.3438792e-07  3.3432831e-06  4.4281746e-05  5.4335496e-05  7.4545451e-06  -0.00024676253  1.9831937e-05  0.0000000   -0.0016029619  0.00070733546  -0.00013681779  -0.00027775605  -0.00014016357  -1.4871680e-05  -0.00024312736  -6.6851575e-06  -8.5160588e-06  -1.2355741e-05  0.00011344470  2.1842458e-06  -4.6599142e-05  -8.0194461e-06  3.8072673e-08  2.7853340e-05  2.9621018e-05  -3.1219457e-05  2.7466623e-05  7.4793115e-06  -8.0651938e-05  -5.6853205e-06  -2.0646771e-06  4.3438792e-07  3.3432831e-06  4.4281746e-05  5.4335496e-05  7.4545451e-06  
-2.8209151e-05  -0.00028502566  0.0016029619  0.0000000   -0.0020222075  0.00039392245  0.0010379741  -0.00054296235  -5.2829865e-05  4.9005700e-05  -1.7778271e-05  4.0344867e-05  -1.9830764e-05  -2.4239990e-05  -5.0120427e-05  -5.5572184e-06  3.3247348e-06  -2.1963647e-06  2.2976773e-05  1.6619389e-05  8.3652402e-06  -2.9725963e-06  -1.0892032e-05  -6.0425026e-07  1.0186503e-05  1.2271218e-06  2.4664729e-06  -9.5603988e-06  -1.7282045e-05  7.0561971e-06  3.5111578e-06  -2.8209151e-05  -0.00028502566  0.0016029619  0.0000000   -0.0020222075  0.00039392245  0.0010379741  -0.00054296235  -5.2829865e-05  4.9005700e-05  -1.7778271e-05  4.0344867e-05  -1.9830764e-05  -2.4239990e-05  -5.0120427e-05  -5.5572184e-06  3.3247348e-06  -2.1963647e-06  2.2976773e-05  1.6619389e-05  8.3652402e-06  -2.9725963e-06  -1.0892032e-05  -6.0425026e-07  1.0186503e-05  1.2271218e-06  2.4664729e-06  -9.5603988e-06  -1.7282045e-05  7.0561971e-06  3.5111578e-06  
0.00011334599  -8.4433659e-06  -0.00070733546  0.0020222075  0.0000000   0.00089186115  -0.0014809586  1.8733729e-05  3.8432591e-05  0.00038809977  4.3576853e-05  1.8176655e-05  -2.7229316e-05  -4.0860990e-05  -5.5146747e-06  2.8487471e-05  2.5274800e-05  8.8869298e-06  5.4633252e-06  -1.1407716e-05  -2.5160652e-06  -3.1953966e-05  -1.4036887e-06  0.00016151212  5.8963599e-06  1.7262305e-06  8.0523286e-06  4.4975032e-06  -7.6622064e-05  -2.7558414e-05  -5.6554804e-06  0.00011334599  -8.4433659e-06  -0.00070733546  0.0020222075  0.0000000   0.00089186115  -0.0014809586  1.8733729e-05  3.8432591e-05  0.00038809977  4.3576853e-05  1.8176655e-05  -2.7229316e-05  -4.0860990e-05  -5.5146747e-06  2.8487471e-05  2.5274800e-05  8.8869298e-06  5.4633252e-06  -1.1407716e-05  -2.5160652e-06  -3.1953966e-05  -1.4036887e-06  0.00016151212  5.8963599e-06  1.7262305e-06  8.0523286e-06  4.4975032e-06  -7.6622064e-05  -2.7558414e-05  -5.6554804e-06  
1.8282563e-05  -1.0900472e-05  0.00013681779  -0.00039392245  -0.00089186115  0.0000000   0.0034051190  -0.00069804319  -4.0296722e-05  4.1437833e-06  -1.7664360e-05  -4.6467943e-05  7.2072942e-05  0.00017803243  1.2149275e-06  -2.3240554e-05  6.7366132e-06  9.0874403e-06  4.8906671e-05  -6.2439017e-05  -1.5443815e-05  -0.00018714065  -1.1466288e-05  0.00017260069  3.1599990e-06  -3.3477952e-06  -2.1239823e-06  3.2519596e-07  -0.00013319132  0.00021350461  2.1743513e-05  1.8282563e-05  -1.0900472e-05  0.00013681779  -0.00039392245  -0.00089186115  0.0000000   0.0034051190  -0.00069804319  -4.0296722e-05  4.1437833e-06  -1.7664360e-05  -4.6467943e-05  7.2072942e-05  0.00017803243  1.2149275e-06  -2.3240554e-05  6.7366132e-06  9.0874403e-06  4.8906671e-05  -6.2439017e-05  -1.5443815e-05  -0.00018714065  -1.1466288e-05  0.00017260069  3.1599990e-06  -3.3477952e-06  -2.1239823e-06  3.2519596e-07  -0.00013319132  0.00021350461  2.1743513e-05  
9.1764622e-06  2.6388120e-05  0.00027775605  -0.0010379741  0.0014809586  -0.0034051190  0.0000000   0.0017330076  9.7637106e-05  2.3850367e-05  1.4406982e-05  -1.4060107e-05  -2.1337907e-05  0.00011510515  -3.0772909e-05  6.3969398e-06  3.0266698e-06  4.5197845e-05  2.5483224e-05  -5.8585196e-06  6.4490554e-06  -0.00012740890  2.6525181e-05  -4.4486965e-05  -8.8273312e-06  -2.6626872e-05  -2.0253456e-07  7.1525121e-06  -2.8180915e-05  4.4661431e-06  -1.6176496e-05  9.1764622e-06  2.6388120e-05  0.00027775605  -0.0010379741  0.0014809586  -0.0034051190  0.0000000   0.0017330076  9.7637106e-05  2.3850367e-05  1.4406982e-05  -1.4060107e-05  -2.1337907e-05  0.00011510515  -3.0772909e-05  6.3969398e-06  3.0266698e-06  4.5197845e-05  2.5483224e-05  -5.8585196e-06  6.4490554e-06  -0.00012740890  2.6525181e-05  -4.4486965e-05  -8.8273312e-06  -2.6626872e-05  -2.0253456e-07  7.1525121e-06  -2.8180915e-05  4.4661431e-06  -1.6176496e-05  
1.2889875e-06  -1.1135353e-05  0.00014016357  0.00054296235  -1.8733729e-05  0.00069804319  -0.0017330076  0.0000000   -8.5414832e-05  0.00095398924  -7.3581505e-05  3.7231182e-05  1.0197780e-06  0.00013146353  -1.5654797e-05  -7.2883898e-05  -1.7913275e-06  5.0767635e-05  -1.4464932e-05  -3.9001368e-05  2.0330978e-05  -1.8756781e-05  1.7765950e-05  0.00022391818  3.3788951e-05  -1.3415791e-06  6.1962037e-06  4.8943004e-07  -5.9903489e-05  7.0565521e-05  9.8067326e-06  1.2889875e-06  -1.1135353e-05  0.00014016357  0.00054296235  -1.8733729e-05  0.00069804319  -0.0017330076  0.0000000   -8.5414832e-05  0.00095398924  -7.3581505e-05  3.7231182e-05  1.0197780e-06  0.00013146353  -1.5654797e-05  -7.2883898e-05  -1.7913275e-06  5.0767635e-05  -1.4464932e-05  -3.9001368e-05  2.0330978e-05  -1.8756781e-05  1.7765950e-05  0.00022391818  3.3788951e-05  -1.3415791e-06  6.1962037e-06  4.8943004e-07  -5.9903489e-05  7.0565521e-05  9.8067326e-06  
0.00031302441  0.00044390873  1.4871680e-05  5.2829865e-05  -3.8432591e-05  4.0296722e-05  -9.7637106e-05  8.5414832e-05  0.0000000   1.4167052e-06  0.00087964717  -0.0016375072  0.00061076582  -6.2447503e-06  9.7993160e-05  -0.00090192144  0.00022054443  -0.00042750645  -6.7071153e-05  -7.7569543e-05  -0.00018874867  -2.7573685e-05  0.00020281877  2.3815839e-05  -7.0691514e-05  -9.2341568e-05  -6.7243591e-05  -5.1546054e-05  2.7105099e-06  -2.1159244e-05  4.6183875e-05  0.00031302441  0.00044390873  1.4871680e-05  5.2829865e-05  -3.8432591e-05  4.0296722e-05  -9.7637106e-05  8.5414832e-05  0.0000000   1.4167052e-06  0.00087964717  -0.0016375072  0.00061076582  -6.2447503e-06  9.7993160e-05  -0.00090192144  0.00022054443  -0.00042750645  -6.7071153e-05  -7.7569543e-05  -0.00018874867  -2.7573685e-05  0.00020281877  2.3815839e-05  -7.0691514e-05  -9.2341568e-05  -6.7243591e-05  -5.1546054e-05  2.7105099e-06  -2.1159244e-05  4.6183875e-05  
5.5441156e-06  -2.0370973e-06  0.00024312736  -4.9005700e-05  -0.00038809977  -4.1437833e-06  -2.3850367e-05  -0.00095398924  -1.4167052e-06  0.0000000   5.8941054e-05  1.2541693e-05  -2.2554307e-05  -0.00062683125  -3.4109182e-06  -9.3535305e-05  9.1539894e-06  -1.6998328e-05  3.6554326e-06  6.2692538e-05  8.3981823e-07  0.00034037867  1.4006136e-05  -8.7640177e-05  1.7665084e-06  -1.6244627e-06  -2.6178046e-06  -5.6216825e-06  5.3657847e-05  0.00017629269  -7.8694006e-06  5.5441156e-06  -2.0370973e-06  0.00024312736  -4.9005700e-05  -0.00038809977  -4.1437833e-06  -2.3850367e-05  -0.00095398924  -1.4167052e-06  0.0000000   5.8941054e-05  1.2541693e-05  -2.2554307e-05  -0.00062683125  -3.4109182e-06  -9.3535305e-05  9.1539894e-06  -1.6998328e-05  3.6554326e-06  6.2692538e-05  8.3981823e-07  0.00034037867  1.4006136e-05  -8.7640177e-05  1.7665084e-06  -1.6244627e-06  -2.6178046e-06  -5.6216825e-06  5.3657847e-05  0.00017629269  -7.8694006e-06  
2.3997472e-06  0.00011593498  6.6851575e-06  1.7778271e-05  -4.3576853e-05  1.7664360e-05  -1.4406982e-05  7.3581505e-05  -0.00087964717  -5.8941054e-05  0.0000000   -0.0042569042  0.00062353673  -6.6603476e-05  0.00028680108  -0.00019876549  -1.6524141e-05  0.00014565942  -5.5728643e-05  -0.00036813422  -0.00035951900  -7.2356254e-06  0.00012159726  3.9794173e-05  -0.00020940814  1.5965848e-05  4.5772486e-05  -0.00012640652  1.3215474e-05  3.3799042e-06  0.00026011987  2.3997472e-06  0.00011593498  6.6851575e-06  1.7778271e-05  -4.3576853e-05  1.7664360e-05  -1.4406982e-05  7.3581505e-05  -0.00087964717  -5.8941054e-05  0.0000000   -0.0042569042  0.00062353673  -6.6603476e-05  0.00028680108  -0.00019876549  -1.6524141e-05  0.00014565942  -5.5728643e-05  -0.00036813422  -0.00035951900  -7.2356254e-06  0.00012159726  3.9794173e-05  -0.00020940814  1.5965848e-05  4.5772486e-05  -0.00012640652  1.3215474e-05  3.3799042e-06  0.00026011987  
-0.00043705323  -0.00047538590  8.5160588e-06  -4.0344867e-05  -1.8176655e-05  4.6467943e-05  1.4060107e-05  -3.7231182e-05  0.0016375072  -1.2541693e-05  0.0042569042  0.0000000   -0.0020073935  2.0747826e-05  0.00030161598  -0.00039852255  6.1159173e-05  0.00065040726  0.00070946651  0.00082561770  0.00024564269  1.1022208e-05  -0.00044318753  3.3064855e-06  -0.00018214671  0.00025888338  0.00011380575  -0.00011064927  -1.8215492e-05  -1.6372657e-06  -0.00029199979  -0.00043705323  -0.00047538590  8.5160588e-06  -4.0344867e-05  -1.8176655e-05  4.6467943e-05  1.4060107e-05  -3.7231182e-05  0.0016375072  -1.2541693e-05  0.0042569042  0.0000000   -0.0020073935  2.0747826e-05  0.00030161598  -0.00039852255  6.1159173e-05  0.00065040726  0.00070946651  0.00082561770  0.00024564269  1.1022208e-05  -0.00044318753  3.3064855e-06  -0.00018214671  0.00025888338  0.00011380575  -0.00011064927  -1.8215492e-05  -1.6372657e-06  -0.00029199979  
0.00013326875  0.00029388917  1.2355741e-05  1.9830764e-05  2.7229316e-05  -7.2072942e-05  2.1337907e-05  -1.0197780e-06  -0.00061076582  2.2554307e-05  -0.00062353673  0.0020073935  0.0000000   7.5676442e-05  0.00070814239  -0.0013686445  0.00038036442  -9.1043620e-05  0.00026576074  -0.00041356479  1.6895546e-05  -2.9751201e-05  -8.4302571e-06  -3.1128462e-05  3.2257919e-05  -4.6578197e-05  7.5187223e-05  0.00010301493  1.8023918e-05  -1.4224094e-06  0.00011817360  0.00013326875  0.00029388917  1.2355741e-05  1.9830764e-05  2.7229316e-05  -7.2072942e-05  2.1337907e-05  -1.0197780e-06  -0.00061076582  2.2554307e-05  -0.00062353673  0.0020073935  0.0000000   7.5676442e-05  0.00070814239  -0.0013686445  0.00038036442  -9.1043620e-05  0.00026576074  -0.00041356479  1.6895546e-05  -2.9751201e-05  -8.4302571e-06  -3.1128462e-05  3.2257919e-05  -4.6578197e-05  7.5187223e-05  0.00010301493  1.8023918e-05  -1.4224094e-06  0.00011817360  
-1.9186271e-05  -1.0143553e-05  -0.00011344470  2.4239990e-05  4.0860990e-05  -0.00017803243  -0.00011510515  -0.00013146353  6.2447503e-06  0.00062683125  6.6603476e-05  -2.0747826e-05  -7.5676442e-05  0.0000000   -8.3138831e-05  6.2635894e-05  1.7885012e-05  5.4994349e-05  0.00010654649  0.00012707399  1.4159071e-05  9.0375813e-05  -3.4948188e-06  9.0103607e-05  -8.1491640e-06  -6.3002058e-06  -6.1580877e-06  -2.3370628e-07  -1.1971937e-06  -0.00019076887  -9.1308633e-06  -1.9186271e-05  -1.0143553e-05  -0.00011344470  2.4239990e-05  4.0860990e-05  -0.00017803243  -0.00011510515  -0.00013146353  6.2447503e-06  0.00062683125  6.6603476e-05  -2.0747826e-05  -7.5676442e-05  0.0000000   -8.3138831e-05  6.2635894e-05  1.7885012e-05  5.4994349e-05  0.00010654649  0.00012707399  1.4159071e-05  9.0375813e-05  -3.4948188e-06  9.0103607e-05  -8.1491640e-06  -6.3002058e-06  -6.1580877e-06  -2.3370628e-07  -1.1971937e-06  -0.00019076887  -9.1308633e-06  
-0.00012702287  5.9435063e-05  -2.1842458e-06  5.0120427e-05  5.5146747e-06  -1.2149275e-06  3.0772909e-05  1.5654797e-05  -9.7993160e-05  3.4109182e-06  -0.00028680108  -0.00030161598  -0.00070814239  8.3138831e-05  0.0000000   -0.0039543447  -0.00087655247  -1.8899683e-07  0.00040785252  0.00026232883  0.00011677433  -3.4762676e-05  0.00018052413  -7.1693568e-06  0.00020384989  -0.00025896129  -7.6361433e-05  -7.0862767e-05  1.7256687e-05  -1.0088706e-05  5.2197725e-05  -0.00012702287  5.9435063e-05  -2.1842458e-06  5.0120427e-05  5.5146747e-06  -1.2149275e-06  3.0772909e-05  1.5654797e-05  -9.7993160e-05  3.4109182e-06  -0.00028680108  -0.00030161598  -0.00070814239  8.3138831e-05  0.0000000   -0.0039543447  -0.00087655247  -1.8899683e-07  0.00040785252  0.00026232883  0.00011677433  -3.4762676e-05  0.00018052413  -7.1693568e-06  0.00020384989  -0.00025896129  -7.6361433e-05  -7.0862767e-05  1.7256687e-05  -1.0088706e-05  5.2197725e-05  
0.00017979390  0.00019557800  4.6599142e-05  5.5572184e-06  -2.8487471e-05  2.3240554e-05  -6.3969398e-06  7.2883898e-05  0.00090192144  9.3535305e-05  0.00019876549  0.00039852255  0.0013686445  -6.2635894e-05  0.0039543447  0.0000000   -0.0012493344  -0.0015624249  -0.00074083014  -0.00048846917  -0.00063421529  -3.5180452e-05  2.9717301e-05  5.1279074e-05  -0.00013150250  0.00019840577  7.8854660e-05  0.00023829719  6.7627661e-07  1.0575907e-05  6.2632674e-05  0.00017979390  0.00019557800  4.6599142e-05  5.5572184e-06  -2.8487471e-05  2.3240554e-05  -6.3969398e-06  7.2883898e-05  0.00090192144  9.3535305e-05  0.00019876549  0.00039852255  0.0013686445  -6.2635894e-05  0.0039543447  0.0000000   -0.0012493344  -0.0015624249  -0.00074083014  -0.00048846917  -0.00063421529  -3.5180452e-05  2.9717301e-05  5.1279074e-05  -0.00013150250  0.00019840577  7.8854660e-05  0.00023829719  6.7627661e-07  1.0575907e-05  6.2632674e-05  
0.00013352707  0.00011987739  8.0194461e-06  -3.3247348e-06  -2.5274800e-05  -6.7366132e-06  -3.0266698e-06  1.7913275e-06  -0.00022054443  -9.1539894e-06  1.6524141e-05  -6.1159173e-05  -0.00038036442  -1.7885012e-05  0.00087655247  0.0012493344  0.0000000   -0.0012237591  0.00073207892  -0.00085661082  5.4501349e-06  -1.0818206e-05  -0.00039784975  3.3606355e-05  -0.00037407242  -0.00026882099  -0.00012802207  0.00010755673  -6.5235571e-06  1.8542168e-05  -0.00010324079  0.00013352707  0.00011987739  8.0194461e-06  -3.3247348e-06  -2.5274800e-05  -6.7366132e-06  -3.0266698e-06  1.7913275e-06  -0.00022054443  -9.1539894e-06  1.6524141e-05  -6.1159173e-05  -0.00038036442  -1.7885012e-05  0.00087655247  0.0012493344  0.0000000   -0.0012237591  0.00073207892  -0.00085661082  5.4501349e-06  -1.0818206e-05  -0.00039784975  3.3606355e-05  -0.00037407242  -0.00026882099  -0.00012802207  0.00010755673  -6.5235571e-06  1.8542168e-05  -0.00010324079  
0.00020324520  -0.00016913423  -3.8072673e-08  2.1963647e-06  -8.8869298e-06  -9.0874403e-06  -4.5197845e-05  -5.0767635e-05  0.00042750645  1.6998328e-05  -0.00014565942  -0.00065040726  9.1043620e-05  -5.4994349e-05  1.8899683e-07  0.0015624249  0.0012237591  0.0000000   0.0082509045  0.00088490068  -0.00083926303  -0.00013121605  -0.00045098880  -6.9500042e-05  -0.00062645742  -8.1665971e-05  0.00012529317  0.00013579497  2.4409282e-05  -2.1289394e-05  -5.2332758e-05  0.00020324520  -0.00016913423  -3.8072673e-08  2.1963647e-06  -8.8869298e-06  -9.0874403e-06  -4.5197845e-05  -5.0767635e-05  0.00042750645  1.6998328e-05  -0.00014565942  -0.00065040726  9.1043620e-05  -5.4994349e-05  1.8899683e-07  0.0015624249  0.0012237591  0.0000000   0.0082509045  0.00088490068  -0.00083926303  -0.00013121605  -0.00045098880  -6.9500042e-05  -0.00062645742  -8.1665971e-05  0.00012529317  0.00013579497  2.4409282e-05  -2.1289394e-05  -5.2332758e-05  
-0.00011250624  -8.1079570e-05  -2.7853340e-05  -2.2976773e-05  -5.4633252e-06  -4.8906671e-05  -2.5483224e-05  1.4464932e-05  6.7071153e-05  -3.6554326e-06  5.5728643e-05  -0.00070946651  -0.00026576074  -0.00010654649  -0.00040785252  0.00074083014  -0.00073207892  -0.0082509045  0.0000000   0.0045378564  0.0017263796  0.00010001318  -0.00018651183  8.2474031e-05  0.00016074241  0.00027631356  -1.5851107e-05  -9.8832531e-05  -6.3119081e-05  9.3360123e-06  3.9290198e-05  -0.00011250624  -8.1079570e-05  -2.7853340e-05  -2.2976773e-05  -5.4633252e-06  -4.8906671e-05  -2.5483224e-05  1.4464932e-05  6.7071153e-05  -3.6554326e-06  5.5728643e-05  -0.00070946651  -0.00026576074  -0.00010654649  -0.00040785252  0.00074083014  -0.00073207892  -0.0082509045  0.0000000   0.0045378564  0.0017263796  0.00010001318  -0.00018651183  8.2474031e-05  0.00016074241  0.00027631356  -1.5851107e-05  -9.8832531e-05  -6.3119081e-05  9.3360123e-06  3.9290198e-05  
-7.3748429e-05  -3.8462651e-06  -2.9621018e-05  -1.6619389e-05  1.1407716e-05  6.2439017e-05  5.8585196e-06  3.9001368e-05  7.7569543e-05  -6.2692538e-05  0.00036813422  -0.00082561770  0.00041356479  -0.00012707399  -0.00026232883  0.00048846917  0.00085661082  -0.00088490068  -0.0045378564  0.0000000   -0.0084038708  -0.00027374862  0.00019194982  0.00011927084  -0.00036080390  -0.00019375583  -5.2697553e-05  -0.00016887398  -6.9024727e-05  -1.0896802e-05  -0.00023777561  -7.3748429e-05  -3.8462651e-06  -2.9621018e-05  -1.6619389e-05  1.1407716e-05  6.2439017e-05  5.8585196e-06  3.9001368e-05  7.7569543e-05  -6.2692538e-05  0.00036813422  -0.00082561770  0.00041356479  -0.00012707399  -0.00026232883  0.00048846917  0.00085661082  -0.00088490068  -0.0045378564  0.0000000   -0.0084038708  -0.00027374862  0.00019194982  0.00011927084  -0.00036080390  -0.00019375583  -5.2697553e-05  -0.00016887398  -6.9024727e-05  -1.0896802e-05  -0.00023777561  
-4.7878945e-05  -4.3316653e-05  3.1219457e-05  -8.3652402e-06  2.5160652e-06  1.5443815e-05  -6.4490554e-06  -2.0330978e-05  0.00018874867  -8.3981823e-07  0.00035951900  -0.00024564269  -1.6895546e-05  -1.4159071e-05  -0.00011677433  0.00063421529  -5.4501349e-06  0.00083926303  -0.0017263796  0.0084038708  0.0000000   0.00021589529  0.00088497657  0.00012563248  -0.00076538869  -0.00021251475  3.7680475e-05  -2.9987576e-05  -3.3262310e-05  1.9883680e-05  0.00016257297  -4.7878945e-05  -4.3316653e-05  3.1219457e-05  -8.3652402e-06  2.5160652e-06  1.5443815e-05  -6.4490554e-06  -2.0330978e-05  0.00018874867  -8.3981823e-07  0.00035951900  -0.00024564269  -1.6895546e-05  -1.4159071e-05  -0.00011677433  0.00063421529  -5.4501349e-06  0.00083926303  -0.0017263796  0.0084038708  0.0000000   0.00021589529  0.00088497657  0.00012563248  -0.00076538869  -0.00021251475  3.7680475e-05  -2.9987576e-05  -3.3262310e-05  1.9883680e-05  0.00016257297  
9.3523318e-06  6.0902143e-06  -2.7466623e-05  2.9725963e-06  3.1953966e-05  0.00018714065  0.00012740890  1.8756781e-05  2.7573685e-05  -0.00034037867  7.2356254e-06  -1.1022208e-05  2.9751201e-05  -9.0375813e-05  3.4762676e-05  3.5180452e-05  1.0818206e-05  0.00013121605  -0.00010001318  0.00027374862  -0.00021589529  0.0000000   3.4987298e-05  -0.0017618115  -0.00019266417  -4.6426394e-05  -1.8961858e-05  -1.1940002e-05  0.00013332534  -0.00011792981  -5.8652686e-06  9.3523318e-06  6.0902143e-06  -2.7466623e-05  2.9725963e-06  3.1953966e-05  0.00018714065  0.00012740890  1.8756781e-05  2.7573685e-05  -0.00034037867  7.2356254e-06  -1.1022208e-05  2.9751201e-05  -9.0375813e-05  3.4762676e-05  3.5180452e-05  1.0818206e-05  0.00013121605  -0.00010001318  0.00027374862  -0.00021589529  0.0000000   3.4987298e-05  -0.0017618115  -0.00019266417  -4.6426394e-05  -1.8961858e-05  -1.1940002e-05  0.00013332534  -0.00011792981  -5.8652686e-06  
0.00019036901  0.00010211906  -7.4793115e-06  1.0892032e-05  1.4036887e-06  1.1466288e-05  -2.6525181e-05  -1.7765950e-05  -0.00020281877  -1.4006136e-05  -0.00012159726  0.00044318753  8.4302571e-06  3.4948188e-06  -0.00018052413  -2.9717301e-05  0.00039784975  0.00045098880  0.00018651183  -0.00019194982  -0.00088497657  -3.4987298e-05  0.0000000   -3.7755355e-05  0.00016096715  -0.00017396464  5.2964000e-05  0.00024603206  6.1086261e-06  -4.8075410e-06  3.2569666e-05  0.00019036901  0.00010211906  -7.4793115e-06  1.0892032e-05  1.4036887e-06  1.1466288e-05  -2.6525181e-05  -1.7765950e-05  -0.00020281877  -1.4006136e-05  -0.00012159726  0.00044318753  8.4302571e-06  3.4948188e-06  -0.00018052413  -2.9717301e-05  0.00039784975  0.00045098880  0.00018651183  -0.00019194982  -0.00088497657  -3.4987298e-05  0.0000000   -3.7755355e-05  0.00016096715  -0.00017396464  5.2964000e-05  0.00024603206  6.1086261e-06  -4.8075410e-06  3.2569666e-05  
3.4562149e-06  -1.6055102e-06  8.0651938e-05  6.0425026e-07  -0.00016151212  -0.00017260069  4.4486965e-05  -0.00022391818  -2.3815839e-05  8.7640177e-05  -3.9794173e-05  -3.3064855e-06  3.1128462e-05  -9.0103607e-05  7.1693568e-06  -5.1279074e-05  -3.3606355e-05  6.9500042e-05  -8.2474031e-05  -0.00011927084  -0.00012563248  0.0017618115  3.7755355e-05  0.0000000   -1.8899120e-05  0.00013110445  -2.6756444e-05  -4.2939836e-05  0.00010236941  9.6629332e-05  3.5970990e-05  3.4562149e-06  -1.6055102e-06  8.0651938e-05  6.0425026e-07  -0.00016151212  -0.00017260069  4.4486965e-05  -0.00022391818  -2.3815839e-05  8.7640177e-05  -3.9794173e-05  -3.3064855e-06  3.1128462e-05  -9.0103607e-05  7.1693568e-06  -5.1279074e-05  -3.3606355e-05  6.9500042e-05  -8.2474031e-05  -0.00011927084  -0.00012563248  0.0017618115  3.7755355e-05  0.0000000   -1.8899120e-05  0.00013110445  -2.6756444e-05  -4.2939836e-05  0.00010236941  9.6629332e-05  3.5970990e-05  
-4.1775905e-05  -5.6228091e-05  5.6853205e-06  -1.0186503e-05  -5.8963599e-06  -3.1599990e-06  8.8273312e-06  -3.3788951e-05  7.0691514e-05  -1.7665084e-06  0.00020940814  0.00018214671  -3.2257919e-05  8.1491640e-06  -0.00020384989  0.00013150250  0.00037407242  0.00062645742  -0.00016074241  0.00036080390  0.00076538869  0.00019266417  -0.00016096715  1.8899120e-05  0.0000000   -0.0017176329  0.00023626156  0.00041352577  -1.4135199e-05  9.4654492e-06  -0.00038881019  -4.1775905e-05  -5.6228091e-05  5.6853205e-06  -1.0186503e-05  -5.8963599e-06  -3.1599990e-06  8.8273312e-06  -3.3788951e-05  7.0691514e-05  -1.7665084e-06  0.00020940814  0.00018214671  -3.2257919e-05  8.1491640e-06  -0.00020384989  0.00013150250  0.00037407242  0.00062645742  -0.00016074241  0.00036080390  0.00076538869  0.00019266417  -0.00016096715  1.8899120e-05  0.0000000   -0.0017176329  0.00023626156  0.00041352577  -1.4135199e-05  9.4654492e-06  -0.00038881019  
3.3279455e-05  -6.4752444e-05  2.0646771e-06  -1.2271218e-06  -1.7262305e-06  3.3477952e-06  2.6626872e-05  1.3415791e-06  9.2341568e-05  1.6244627e-06  -1.5965848e-05  -0.00025888338  4.6578197e-05  6.3002058e-06  0.00025896129  -0.00019840577  0.00026882099  8.1665971e-05  -0.00027631356  0.00019375583  0.00021251475  4.6426394e-05  0.00017396464  -0.00013110445  0.0017176329  0.0000000   0.00086557436  0.0010639409  9.1291133e-06  3.1662824e-06  -0.00021192764  3.3279455e-05  -6.4752444e-05  2.0646771e-06  -1.2271218e-06  -1.7262305e-06  3.3477952e-06  2.6626872e-05  1.3415791e-06  9.2341568e-05  1.6244627e-06  -1.5965848e-05  -0.00025888338  4.6578197e-05  6.3002058e-06  0.00025896129  -0.00019840577  0.00026882099  8.1665971e-05  -0.00027631356  0.00019375583  0.00021251475  4.6426394e-05  0.00017396464  -0.00013110445  0.0017176329  0.0000000   0.00086557436  0.0010639409  9.1291133e-06  3.1662824e-06  -0.00021192764  
3.3812596e-05  4.3150859e-05  -4.3438792e-07  -2.4664729e-06  -8.0523286e-06  2.1239823e-06  2.0253456e-07  -6.1962037e-06  6.7243591e-05  2.6178046e-06  -4.5772486e-05  -0.00011380575  -7.5187223e-05  6.1580877e-06  7.6361433e-05  -7.8854660e-05  0.00012802207  -0.00012529317  1.5851107e-05  5.2697553e-05  -3.7680475e-05  1.8961858e-05  -5.2964000e-05  2.6756444e-05  -0.00023626156  -0.00086557436  0.0000000   -9.5951029e-05  -5.0085347e-05  -6.1907270e-05  -0.00078744373  3.3812596e-05  4.3150859e-05  -4.3438792e-07  -2.4664729e-06  -8.0523286e-06  2.1239823e-06  2.0253456e-07  -6.1962037e-06  6.7243591e-05  2.6178046e-06  -4.5772486e-05  -0.00011380575  -7.5187223e-05  6.1580877e-06  7.6361433e-05  -7.8854660e-05  0.00012802207  -0.00012529317  1.5851107e-05  5.2697553e-05  -3.7680475e-05  1.8961858e-05  -5.2964000e-05  2.6756444e-05  -0.00023626156  -0.00086557436  0.0000000   -9.5951029e-05  -5.0085347e-05  -6.1907270e-05  -0.00078744373  
1.4336065e-05  -1.4424095e-05  -3.3432831e-06  9.5603988e-06  -4.4975032e-06  -3.2519596e-07  -7.1525121e-06  -4.8943004e-07  5.1546054e-05  5.6216825e-06  0.00012640652  0.00011064927  -0.00010301493  2.3370628e-07  7.0862767e-05  -0.00023829719  -0.00010755673  -0.00013579497  9.8832531e-05  0.00016887398  2.9987576e-05  1.1940002e-05  -0.00024603206  4.2939836e-05  -0.00041352577  -0.0010639409  9.5951029e-05  0.0000000   4.2205769e-05  1.1216011e-05  0.00077568678  1.4336065e-05  -1.4424095e-05  -3.3432831e-06  9.5603988e-06  -4.4975032e-06  -3.2519596e-07  -7.1525121e-06  -4.8943004e-07  5.1546054e-05  5.6216825e-06  0.00012640652  0.00011064927  -0.00010301493  2.3370628e-07  7.0862767e-05  -0.00023829719  -0.00010755673  -0.00013579497  9.8832531e-05  0.00016887398  2.9987576e-05  1.1940002e-05  -0.00024603206  4.2939836e-05  -0.00041352577  -0.0010639409  9.5951029e-05  0.0000000   4.2205769e-05  1.1216011e-05  0.00077568678  
2.3543150e-07  1.1904205e-05  -4.4281746e-05  1.7282045e-05  7.6622064e-05  0.00013319132  2.8180915e-05  5.9903489e-05  -2.7105099e-06  -5.3657847e-05  -1.3215474e-05  1.8215492e-05  -1.8023918e-05  1.1971937e-06  -1.7256687e-05  -6.7627661e-07  6.5235571e-06  -2.4409282e-05  6.3119081e-05  6.9024727e-05  3.3262310e-05  -0.00013332534  -6.1086261e-06  -0.00010236941  1.4135199e-05  -9.1291133e-06  5.0085347e-05  -4.2205769e-05  0.0000000   0.00095638392  -0.00010188416  2.3543150e-07  1.1904205e-05  -4.4281746e-05  1.7282045e-05  7.6622064e-05  0.00013319132  2.8180915e-05  5.9903489e-05  -2.7105099e-06  -5.3657847e-05  -1.3215474e-05  1.8215492e-05  -1.8023918e-05  1.1971937e-06  -1.7256687e-05  -6.7627661e-07  6.5235571e-06  -2.4409282e-05  6.3119081e-05  6.9024727e-05  3.3262310e-05  -0.00013332534  -6.1086261e-06  -0.00010236941  1.4135199e-05  -9.1291133e-06  5.0085347e-05  -4.2205769e-05  0.0000000   0.00095638392  -0.00010188416  
8.5095477e-06  1.0952024e-05  -5.4335496e-05  -7.0561971e-06  2.7558414e-05  -0.00021350461  -4.4661431e-06  -7.0565521e-05  2.1159244e-05  -0.00017629269  -3.3799042e-06  1.6372657e-06  1.4224094e-06  0.00019076887  1.0088706e-05  -1.0575907e-05  -1.8542168e-05  2.1289394e-05  -9.3360123e-06  1.0896802e-05  -1.9883680e-05  0.00011792981  4.8075410e-06  -9.6629332e-05  -9.4654492e-06  -3.1662824e-06  6.1907270e-05  -1.1216011e-05  -0.00095638392  0.0000000   -0.00025565076  8.5095477e-06  1.0952024e-05  -5.4335496e-05  -7.0561971e-06  2.7558414e-05  -0.00021350461  -4.4661431e-06  -7.0565521e-05  2.1159244e-05  -0.00017629269  -3.3799042e-06  1.6372657e-06  1.4224094e-06  0.00019076887  1.0088706e-05  -1.0575907e-05  -1.8542168e-05  2.1289394e-05  -9.3360123e-06  1.0896802e-05  -1.9883680e-05  0.00011792981  4.8075410e-06  -9.6629332e-05  -9.4654492e-06  -3.1662824e-06  6.1907270e-05  -1.1216011e-05  -0.00095638392  0.0000000   -0.00025565076  
5.1106088e-05  6.9756457e-05  -7.4545451e-06  -3.5111578e-06  5.6554804e-06  -2.1743513e-05  1.6176496e-05  -9.8067326e-06  -4.6183875e-05  7.8694006e-06  -0.00026011987  0.00029199979  -0.00011817360  9.1308633e-06  -5.2197725e-05  -6.2632674e-05  0.00010324079  5.2332758e-05  -3.9290198e-05  0.00023777561  -0.00016257297  5.8652686e-06  -3.2569666e-05  -3.5970990e-05  0.00038881019  0.00021192764  0.00078744373  -0.00077568678  0.00010188416  0.00025565076  0.0000000   5.1106088e-05  6.9756457e-05  -7.4545451e-06  -3.5111578e-06  5.6554804e-06  -2.1743513e-05  1.6176496e-05  -9.8067326e-06  -4.6183875e-05  7.8694006e-06  -0.00026011987  0.00029199979  -0.00011817360  9.1308633e-06  -5.2197725e-05  -6.2632674e-05  0.00010324079  5.2332758e-05  -3.9290198e-05  0.00023777561  -0.00016257297  5.8652686e-06  -3.2569666e-05  -3.5970990e-05  0.00038881019  0.00021192764  0.00078744373  -0.00077568678  0.00010188416  0.00025565076  0.0000000   
0.0000000   0.0025661064  0.00024676253  2.8209151e-05  -0.00011334599  -1.8282563e-05  -9.1764622e-06  -1.2889875e-06  -0.00031302441  -5.5441156e-06  -2.3997472e-06  0.00043705323  -0.00013326875  1.9186271e-05  0.00012702287  -0.00017979390  -0.00013352707  -0.00020324520  0.00011250624  7.3748429e-05  4.7878945e-05  -9.3523318e-06  -0.00019036901  -3.4562149e-06  4.1775905e-05  -3.3279455e-05  -3.3812596e-05  -1.4336065e-05  -2.3543150e-07  -8.5095477e-06  -5.1106088e-05  0.0000000   0.0025661064  0.00024676253  2.8209151e-05  -0.00011334599  -1.8282563e-05  -9.1764622e-06  -1.2889875e-06  -0.00031302441  -5.5441156e-06  -2.3997472e-06  0.00043705323  -0.00013326875  1.9186271e-05  0.00012702287  -0.00017979390  -0.00013352707  -0.00020324520  0.00011250624  7.3748429e-05  4.7878945e-05  -9.3523318e-06  -0.00019036901  -3.4562149e-06  4.1775905e-05  -3.3279455e-05  -3.3812596e-05  -1.4336065e-05  -2.3543150e-07  -8.5095477e-06  -5.1106088e-05  
-0.0025661064  0.0000000   -1.9831937e-05  0.00028502566  8.4433659e-06  1.0900472e-05  -2.6388120e-05  1.1135353e-05  -0.00044390873  2.0370973e-06  -0.00011593498  0.00047538590  -0.00029388917  1.0143553e-05  -5.9435063e-05  -0.00019557800  -0.00011987739  0.00016913423  8.1079570e-05  3.8462651e-06  4.3316653e-05  -6.0902143e-06  -0.00010211906  1.6055102e-06  5.6228091e-05  6.4752444e-05  -4.3150859e-05  1.4424095e-05  -1.1904205e-05  -1.0952024e-05  -6.9756457e-05  -0.0025661064  0.0000000   -1.9831937e-05  0.00028502566  8.4433659e-06  1.0900472e-05  -2.6388120e-05  1.1135353e-05  -0.00044390873  2.0370973e-06  -0.00011593498  0.00047538590  -0.00029388917  1.0143553e-05  -5.9435063e-05  -0.00019557800  -0.00011987739  0.00016913423  8.1079570e-05  3.8462651e-06  4.3316653e-05  -6.0902143e-06  -0.00010211906  1.6055102e-06  5.6228091e-05  6.4752444e-05  -4.3150859e-05  1.4424095e-05  -1.1904205e-05  -1.0952024e-05  -6.9756457e-05  
-0.00024676253  1.9831937e-05  0.0000000   -0.0016029619  0.00070733546  -0.00013681779  -0.00027775605  -0.00014016357  -1.4871680e-05  -0.00024312736  -6.6851575e-06  -8.5160588e-06  -1.2355741e-05  0.00011344470  2.1842458e-06  -4.6599142e-05  -8.0194461e-06  3.8072673e-08  2.7853340e-05  2.9621018e-05  -3.1219457e-05  2.7466623e-05  7.4793115e-06  -8.0651938e-05  -5.6853205e-06  -2.0646771e-06  4.3438792e-07  3.3432831e-06  4.4281746e-05  5.4335496e-05  7.4545451e-06  -0.00024676253  1.9831937e-05  0.0000000   -0.0016029619  0.00070733546  -0.00013681779  -0.00027775605  -0.00014016357  -1.4871680e-05  -0.00024312736  -6.6851575e-06  -8.5160588e-06  -1.2355741e-05  0.00011344470  2.1842458e-06  -4.6599142e-05  -8.0194461e-06  3.8072673e-08  2.7853340e-05  2.9621018e-05  -3.1219457e-05  2.7466623e-05  7.4793115e-06  -8.0651938e-05  -5.6853205e-06  -2.0646771e-06  4.3438792e-07  3.3432831e-06  4.4281746e-05  5.4335496e-05  7.4545451e-06  
-2.8209151e-05  -0.00028502566  0.0016029619  0.0000000   -0.0020222075  0.00039392245  0.0010379741  -0.00054296235  -5.2829865e-05  4.9005700e-05  -1.7778271e-05  4.0344867e-05  -1.9830764e-05  -2.4239990e-05  -5.0120427e-05  -5.5572184e-06  3.3247348e-06  -2.1963647e-06  2.2976773e-05  1.6619389e-05  8.3652402e-06  -2.9725963e-06  -1.0892032e-05  -6.0425026e-07  1.0186503e-05  1.2271218e-06  2.4664729e-06  -9.5603988e-06  -1.7282045e-05  7.0561971e-06  3.5111578e-06  -2.8209151e-05  -0.00028502566  0.0016029619  0.0000000   -0.0020222075  0.00039392245  0.0010379741  -0.00054296235  -5.2829865e-05  4.9005700e-05  -1.7778271e-05  4.0344867e-05  -1.9830764e-05  -2.4239990e-05  -5.0120427e-05  -5.5572184e-06  3.3247348e-06  -2.1963647e-06  2.2976773e-05  1.6619389e-05  8.3652402e-06  -2.9725963e-06  -1.0892032e-05  -6.0425026e-07  1.0186503e-05  1.2271218e-06  2.4664729e-06  -9.5603988e-06  -1.7282045e-05  7.0561971e-06  3.5111578e-06  
0.00011334599  -8.4433659e-06  -0.00070733546  0.0020222075  0.0000000   0.00089186115  -0.0014809586  1.8733729e-05  3.8432591e-05  0.00038809977  4.3576853e-05  1.8176655e-05  -2.7229316e-05  -4.0860990e-05  -5.5146747e-06  2.8487471e-05  2.5274800e-05  8.8869298e-06  5.4633252e-06  -1.1407716e-05  -2.5160652e-06  -3.1953966e-05  -1.4036887e-06  0.00016151212  5.8963599e-06  1.7262305e-06  8.0523286e-06  4.4975032e-06  -7.6622064e-05  -2.7558414e-05  -5.6554804e-06  0.00011334599  -8.4433659e-06  -0.00070733546  0.0020222075  0.0000000   0.00089186115  -0.0014809586  1.8733729e-05  3.8432591e-05  0.00038809977  4.3576853e-05  1.8176655e-05  -2.7229316e-05  -4.0860990e-05  -5.5146747e-06  2.8487471e-05  2.5274800e-05  8.8869298e-06  5.4633252e-06  -1.1407716e-05  -2.5160652e-06  -3.1953966e-05  -1.4036887e-06  0.00016151212  5.8963599e-06  1.7262305e-06  8.0523286e-06  4.4975032e-06  -7.6622064e-05  -2.7558414e-05  -5.6554804e-06  
1.8282563e-05  -1.0900472e-05  0.00013681779  -0.00039392245  -0.00089186115  0.0000000   0.0034051190  -0.00069804319  -4.0296722e-05  4.1437833e-06  -1.7664360e-05  -4.6467943e-05  7.2072942e-05  0.00017803243  1.2149275e-06  -2.3240554e-05  6.7366132e-06  9.0874403e-06  4.8906671e-05  -6.2439017e-05  -1.5443815e-05  -0.00018714065  -1.1466288e-05  0.00017260069  3.1599990e-06  -3.3477952e-06  -2.1239823e-06  3.2519596e-07  -0.00013319132  0.00021350461  2.1743513e-05  1.8282563e-05  -1.0900472e-05  0.00013681779  -0.00039392245  -0.00089186115  0.0000000   0.0034051190  -0.00069804319  -4.0296722e-05  4.1437833e-06  -1.7664360e-05  -4.6467943e-05  7.2072942e-05  0.00017803243  1.2149275e-06  -2.3240554e-05  6.7366132e-06  9.0874403e-06  4.8906671e-05  -6.2439017e-05  -1.5443815e-05  -0.00018714065  -1.1466288e-05  0.00017260069  3.1599990e-06  -3.3477952e-06  -2.1239823e-06  3.2519596e-07  -0.00013319132  0.00021350461  2.1743513e-05  
9.1764622e-06  2.6388120e-05  0.00027775605  -0.0010379741  0.0014809586  -0.0034051190  0.0000000   0.0017330076  9.7637106e-05  2.3850367e-05  1.4406982e-05  -1.4060107e-05  -2.1337907e-05  0.00011510515  -3.0772909e-05  6.3969398e-06  3.0266698e-06  4.5197845e-05  2.5483224e-05  -5.8585196e-06  6.4490554e-06  -0.00012740890  2.6525181e-05  -4.4486965e-05  -8.8273312e-06  -2.6626872e-05  -2.0253456e-07  7.1525121e-06  -2.8180915e-05  4.4661431e-06  -1.6176496e-05  9.1764622e-06  2.6388120e-05  0.00027775605  -0.0010379741  0.0014809586  -0.0034051190  0.0000000   0.0017330076  9.7637106e-05  2.3850367e-05  1.4406982e-05  -1.4060107e-05  -2.1337907e-05  0.00011510515  -3.0772909e-05  6.3969398e-06  3.0266698e-06  4.5197845e-05  2.5483224e-05  -5.8585196e-06  6.4490554e-06  -0.00012740890  2.6525181e-05  -4.4486965e-05  -8.8273312e-06  -2.6626872e-05  -2.0253456e-07  7.1525121e-06  -2.8180915e-05  4.4661431e-06  -1.6176496e-05  
1.2889875e-06  -1.1135353e-05  0.00014016357  0.00054296235  -1.8733729e-05  0.00069804319  -0.0017330076  0.0000000   -8.5414832e-05  0.00095398924  -7.3581505e-05  3.7231182e-05  1.0197780e-06  0.00013146353  -1.5654797e-05  -7.2883898e-05  -1.7913275e-06  5.0767635e-05  -1.4464932e-05  -3.9001368e-05  2.0330978e-05  -1.8756781e-05  1.7765950e-05  0.00022391818  3.3788951e-05  -1.3415791e-06  6.1962037e-06  4.8943004e-07  -5.9903489e-05  7.0565521e-05  9.8067326e-06  1.2889875e-06  -1.1135353e-05  0.00014016357  0.00054296235  -1.8733729e-05  0.00069804319  -0.0017330076  0.0000000   -8.5414832e-05  0.00095398924  -7.3581505e-05  3.7231182e-05  1.0197780e-06  0.00013146353  -1.5654797e-05  -7.2883898e-05  -1.7913275e-06  5.0767635e-05  -1.4464932e-05  -3.9001368e-05  2.0330978e-05  -1.8756781e-05  1.7765950e-05  0.00022391818  3.3788951e-05  -1.3415791e-06  6.1962037e-06  4.8943004e-07  -5.9903489e-05  7.0565521e-05  9.8067326e-06  
0.00031302441  0.00044390873  1.4871680e-05  5.2829865e-05  -3.8432591e-05  4.0296722e-05  -9.7637106e-05  8.5414832e-05  0.0000000   1.4167052e-06  0.00087964717  -0.0016375072  0.00061076582  -6.2447503e-06  9.7993160e-05  -0.00090192144  0.00022054443  -0.00042750645  -6.7071153e-05  -7.7569543e-05  -0.00018874867  -2.7573685e-05  0.00020281877  2.3815839e-05  -7.0691514e-05  -9.2341568e-05  -6.7243591e-05  -5.1546054e-05  2.7105099e-06  -2.1159244e-05  4.6183875e-05  0.00031302441  0.00044390873  1.4871680e-05  5.2829865e-05  -3.8432591e-05  4.0296722e-05  -9.7637106e-05  8.5414832e-05  0.0000000   1.4167052e-06  0.00087964717  -0.0016375072  0.00061076582  -6.2447503e-06  9.7993160e-05  -0.00090192144  0.00022054443  -0.00042750645  -6.7071153e-05  -7.7569543e-05  -0.00018874867  -2.7573685e-05  0.00020281877  2.3815839e-05  -7.0691514e-05  -9.2341568e-05  -6.7243591e-05  -5.1546054e-05  2.7105099e-06  -2.1159244e-05  4.6183875e-05  
5.5441156e-06  -2.0370973e-06  0.00024312736  -4.9005700e-05  -0.00038809977  -4.1437833e-06  -2.3850367e-05  -0.00095398924  -1.4167052e-06  0.0000000   5.8941054e-05  1.2541693e-05  -2.2554307e-05  -0.00062683125  -3.4109182e-06  -9.3535305e-05  9.1539894e-06  -1.6998328e-05  3.6554326e-06  6.2692538e-05  8.3981823e-07  0.00034037867  1.4006136e-05  -8.7640177e-05  1.7665084e-06  -1.6244627e-06  -2.6178046e-06  -5.6216825e-06  5.3657847e-05  0.00017629269  -7.8694006e-06  5.5441156e-06  -2.0370973e-06  0.00024312736  -4.9005700e-05  -0.00038809977  -4.1437833e-06  -2.3850367e-05  -0.00095398924  -1.4167052e-06  0.0000000   5.8941054e-05  1.2541693e-05  -2.2554307e-05  -0.00062683125  -3.4109182e-06  -9.3535305e-05  9.1539894e-06  -1.6998328e-05  3.6554326e-06  6.2692538e-05  8.3981823e-07  0.00034037867  1.4006136e-05  -8.7640177e-05  1.7665084e-06  -1.6244627e-06  -2.6178046e-06  -5.6216825e-06  5.3657847e-05  0.00017629269  -7.8694006e-06  
2.3997472e-06  0.00011593498  6.6851575e-06  1.7778271e-05  -4.3576853e-05  1.7664360e-05  -1.4406982e-05  7.3581505e-05  -0.00087964717  -5.8941054e-05  0.0000000   -0.0042569042  0.00062353673  -6.6603476e-05  0.00028680108  -0.00019876549  -1.6524141e-05  0.00014565942  -5.5728643e-05  -0.00036813422  -0.00035951900  -7.2356254e-06  0.00012159726  3.9794173e-05  -0.00020940814  1.5965848e-05  4.5772486e-05  -0.00012640652  1.3215474e-05  3.3799042e-06  0.00026011987  2.3997472e-06  0.00011593498  6.6851575e-06  1.7778271e-05  -4.3576853e-05  1.7664360e-05  -1.4406982e-05  7.3581505e-05  -0.00087964717  -5.8941054e-05  0.0000000   -0.0042569042  0.00062353673  -6.6603476e-05  0.00028680108  -0.00019876549  -1.6524141e-05  0.00014565942  -5.5728643e-05  -0.00036813422  -0.00035951900  -7.2356254e-06  0.00012159726  3.9794173e-05  -0.00020940814  1.5965848e-05  4.5772486e-05  -0.00012640652  1.3215474e-05  3.3799042e-06  0.00026011987  
