0.0000000   -0.00022815386  2.9490746e-05  0.00010735922  -9.2983591e-05  0.00012698689  8.4908215e-05  -0.00035393935  3.5278003e-05  5.7416065e-05  0.00010176430  -7.5535359e-05  -9.2916737e-05  -9.6354321e-05  4.4903020e-06  0.00019815155  -7.1103279e-05  -1.1783120e-06  -1.1175339e-05  0.00013620518  -3.0282584e-05  -4.2882855e-05  -0.00013895520  -2.3256771e-05  0.00013454250  4.6050864e-06  6.2599834e-05  2.5177548e-05  -2.2487027e-06  -3.8674498e-05  -1.4139012e-05  0.0000000   -0.00022815386  2.9490746e-05  0.00010735922  -9.2983591e-05  0.00012698689  8.4908215e-05  -0.00035393935  3.5278003e-05  5.7416065e-05  0.00010176430  -7.5535359e-05  -9.2916737e-05  -9.6354321e-05  4.4903020e-06  0.00019815155  -7.1103279e-05  -1.1783120e-06  -1.1175339e-05  0.00013620518  -3.0282584e-05  -4.2882855e-05  -0.00013895520  -2.3256771e-05  0.00013454250  4.6050864e-06  6.2599834e-05  2.5177548e-05  -2.2487027e-06  -3.8674498e-05  -1.4139012e-05  
0.00022815386  0.0000000   0.00013611295  0.0021630617  -0.00042702687  -0.00011654588  -0.0010221188  7.7906026e-05  1.3232032e-05  -0.00065968004  0.00014858423  7.8654932e-06  0.00020441472  -3.1529749e-05  -0.00015206348  -1.0191716e-05  1.7464266e-06  2.5305380e-06  -0.00010208062  3.0953003e-07  -0.00015746951  7.2529295e-05  -3.2400461e-07  9.2112014e-05  -1.4284936e-05  9.1708525e-05  -0.00010990715  2.8742468e-05  -9.1469480e-05  -0.00012746107  1.6115096e-08  0.00022815386  0.0000000   0.00013611295  0.0021630617  -0.00042702687  -0.00011654588  -0.0010221188  7.7906026e-05  1.3232032e-05  -0.00065968004  0.00014858423  7.8654932e-06  0.00020441472  -3.1529749e-05  -0.00015206348  -1.0191716e-05  1.7464266e-06  2.5305380e-06  -0.00010208062  3.0953003e-07  -0.00015746951  7.2529295e-05  -3.2400461e-07  9.2112014e-05  -1.4284936e-05  9.1708525e-05  -0.00010990715  2.8742468e-05  -9.1469480e-05  -0.00012746107  1.6115096e-08  
-2.9490746e-05  -0.00013611295  0.0000000   -0.00027861107  -9.2143505e-05  -0.0039161648  -0.00018897718  0.0015208527  3.6635812e-05  0.00022474887  8.1062598e-06  0.00027338320  1.2148139e-05  0.00013421118  1.6788226e-05  -0.00015090618  1.0522712e-05  9.6036128e-06  -4.8357062e-05  4.7222835e-05  2.6391709e-06  1.4429641e-05  9.6621219e-05  -1.1148264e-05  -0.00021407142  2.5216370e-05  -1.4765215e-05  -1.2180359e-05  -1.3531134e-05  3.1841323e-06  -3.0225673e-05  -2.9490746e-05  -0.00013611295  0.0000000   -0.00027861107  -9.2143505e-05  -0.0039161648  -0.00018897718  0.0015208527  3.6635812e-05  0.00022474887  8.1062598e-06  0.00027338320  1.2148139e-05  0.00013421118  1.6788226e-05  -0.00015090618  1.0522712e-05  9.6036128e-06  -4.8357062e-05  4.7222835e-05  2.6391709e-06  1.4429641e-05  9.6621219e-05  -1.1148264e-05  -0.00021407142  2.5216370e-05  -1.4765215e-05  -1.2180359e-05  -1.3531134e-05  3.1841323e-06  -3.0225673e-05  
-0.00010735922  -0.0021630617  0.00027861107  0.0000000   -0.00076383891  0.00018505386  -0.0013376721  8.2581999e-05  -0.00033095639  0.00010947587  -0.00036012423  -4.5972619e-05  -0.00039694565  -3.8037413e-05  0.00015420900  -7.3501309e-05  -0.00015511408  0.00013708296  -2.1832758e-06  -2.0913852e-06  2.5680649e-05  -6.9384041e-05  -8.0856612e-06  5.3565773e-05  -2.0106447e-05  0.00022241277  3.1261849e-05  -0.00014336039  4.6951034e-05  7.1284040e-05  -1.0275038e-07  -0.00010735922  -0.0021630617  0.00027861107  0.0000000   -0.00076383891  0.00018505386  -0.0013376721  8.2581999e-05  -0.00033095639  0.00010947587  -0.00036012423  -4.5972619e-05  -0.00039694565  -3.8037413e-05  0.00015420900  -7.3501309e-05  -0.00015511408  0.00013708296  -2.1832758e-06  -2.0913852e-06  2.5680649e-05  -6.9384041e-05  -8.0856612e-06  5.3565773e-05  -2.0106447e-05  0.00022241277  3.1261849e-05  -0.00014336039  4.6951034e-05  7.1284040e-05  -1.0275038e-07  
9.2983591e-05  0.00042702687  9.2143505e-05  0.00076383891  0.0000000   -0.00025980660  -0.00048819868  0.00019680515  -0.00027463762  -0.0010200746  0.00063784013  7.8773812e-06  -0.00021846713  -5.3916995e-05  0.00012493847  -2.5353216e-05  -2.6129190e-05  3.4312819e-06  0.00019056904  4.3807396e-06  -0.00025503069  2.4278791e-05  1.7090380e-05  0.00014110320  -1.7647219e-05  -0.00011400575  6.7336872e-05  8.4828930e-05  8.6019357e-05  -5.9141975e-05  -5.7373909e-06  9.2983591e-05  0.00042702687  9.2143505e-05  0.00076383891  0.0000000   -0.00025980660  -0.00048819868  0.00019680515  -0.00027463762  -0.0010200746  0.00063784013  7.8773812e-06  -0.00021846713  -5.3916995e-05  0.00012493847  -2.5353216e-05  -2.6129190e-05  3.4312819e-06  0.00019056904  4.3807396e-06  -0.00025503069  2.4278791e-05  1.7090380e-05  0.00014110320  -1.7647219e-05  -0.00011400575  6.7336872e-05  8.4828930e-05  8.6019357e-05  -5.9141975e-05  -5.7373909e-06  
-0.00012698689  0.00011654588  0.0039161648  -0.00018505386  0.00025980660  0.0000000   -0.00028702667  0.0034756844  1.0992692e-05  0.00022516925  -2.7139055e-05  -3.2561003e-05  2.5273836e-05  -0.00046438649  -2.2013924e-05  -0.00037774444  5.0641819e-05  -3.7473049e-06  -7.2599556e-07  -9.0943070e-05  -5.5193890e-06  6.5600907e-06  9.5248564e-05  4.1571652e-06  -7.2925044e-05  5.8594427e-06  2.3934774e-06  6.0705934e-06  -1.4065957e-06  1.7061493e-05  -5.9033882e-05  -0.00012698689  0.00011654588  0.0039161648  -0.00018505386  0.00025980660  0.0000000   -0.00028702667  0.0034756844  1.0992692e-05  0.00022516925  -2.7139055e-05  -3.2561003e-05  2.5273836e-05  -0.00046438649  -2.2013924e-05  -0.00037774444  5.0641819e-05  -3.7473049e-06  -7.2599556e-07  -9.0943070e-05  -5.5193890e-06  6.5600907e-06  9.5248564e-05  4.1571652e-06  -7.2925044e-05  5.8594427e-06  2.3934774e-06  6.0705934e-06  -1.4065957e-06  1.7061493e-05  -5.9033882e-05  
-8.4908215e-05  0.0010221188  0.00018897718  0.0013376721  0.00048819868  0.00028702667  0.0000000   -6.9312471e-05  0.00053753930  0.00074990232  0.00025346520  0.00015845900  0.00028296155  -7.4355132e-05  -1.2350886e-05  -5.5157190e-05  -2.4307528e-05  -0.00029331185  -0.00016831810  -1.5834445e-05  8.0820158e-05  -1.6871545e-05  3.8669246e-05  7.8113577e-05  -1.1374710e-05  2.6125991e-05  -0.00010146476  9.2349434e-05  -1.4008416e-05  -1.3194985e-05  -6.8313508e-07  -8.4908215e-05  0.0010221188  0.00018897718  0.0013376721  0.00048819868  0.00028702667  0.0000000   -6.9312471e-05  0.00053753930  0.00074990232  0.00025346520  0.00015845900  0.00028296155  -7.4355132e-05  -1.2350886e-05  -5.5157190e-05  -2.4307528e-05  -0.00029331185  -0.00016831810  -1.5834445e-05  8.0820158e-05  -1.6871545e-05  3.8669246e-05  7.8113577e-05  -1.1374710e-05  2.6125991e-05  -0.00010146476  9.2349434e-05  -1.4008416e-05  -1.3194985e-05  -6.8313508e-07  
0.00035393935  -7.7906026e-05  -0.0015208527  -8.2581999e-05  -0.00019680515  -0.0034756844  6.9312471e-05  0.0000000   0.00030058222  0.00012621734  4.6600507e-05  -0.00082559628  1.3291889e-05  0.00030924488  4.6910653e-05  0.00049106375  -3.3220178e-05  -1.4023233e-05  -2.0966196e-05  0.00012114897  2.0134770e-05  -9.2077371e-06  -0.00027735197  1.4935947e-05  0.00013848260  -7.1512589e-06  -2.2479665e-05  3.1694806e-06  1.5678341e-05  -1.0042014e-05  7.1341013e-05  0.00035393935  -7.7906026e-05  -0.0015208527  -8.2581999e-05  -0.00019680515  -0.0034756844  6.9312471e-05  0.0000000   0.00030058222  0.00012621734  4.6600507e-05  -0.00082559628  1.3291889e-05  0.00030924488  4.6910653e-05  0.00049106375  -3.3220178e-05  -1.4023233e-05  -2.0966196e-05  0.00012114897  2.0134770e-05  -9.2077371e-06  -0.00027735197  1.4935947e-05  0.00013848260  -7.1512589e-06  -2.2479665e-05  3.1694806e-06  1.5678341e-05  -1.0042014e-05  7.1341013e-05  
-3.5278003e-05  -1.3232032e-05  -3.6635812e-05  0.00033095639  0.00027463762  -1.0992692e-05  -0.00053753930  -0.00030058222  0.0000000   0.0029854504  -0.00073586592  5.1804978e-05  0.0011680259  4.2133276e-05  -0.00024117645  2.7625758e-05  0.00031855799  -0.00026401730  -0.00038713480  8.4548261e-06  5.5229041e-05  -2.8647695e-05  2.3010150e-06  8.4510927e-05  2.4664162e-05  -0.00012338415  -0.00014352968  -1.8712954e-05  -0.00025782542  -3.1399221e-05  2.1328951e-05  -3.5278003e-05  -1.3232032e-05  -3.6635812e-05  0.00033095639  0.00027463762  -1.0992692e-05  -0.00053753930  -0.00030058222  0.0000000   0.0029854504  -0.00073586592  5.1804978e-05  0.0011680259  4.2133276e-05  -0.00024117645  2.7625758e-05  0.00031855799  -0.00026401730  -0.00038713480  8.4548261e-06  5.5229041e-05  -2.8647695e-05  2.3010150e-06  8.4510927e-05  2.4664162e-05  -0.00012338415  -0.00014352968  -1.8712954e-05  -0.00025782542  -3.1399221e-05  2.1328951e-05  
-5.7416065e-05  0.00065968004  -0.00022474887  -0.00010947587  0.0010200746  -0.00022516925  -0.00074990232  -0.00012621734  -0.0029854504  0.0000000   0.0010717921  -5.2260732e-05  0.00037543989  -6.2664409e-05  0.00034940909  -4.6939078e-05  -0.00039452459  5.7532100e-05  -0.00036351220  -4.0183669e-05  2.8277083e-05  0.00022748980  -4.2335063e-05  -0.00013078117  2.8905917e-06  0.00029096173  -0.00017188027  -0.00020519623  -0.00014851466  5.0267896e-05  2.7598061e-05  -5.7416065e-05  0.00065968004  -0.00022474887  -0.00010947587  0.0010200746  -0.00022516925  -0.00074990232  -0.00012621734  -0.0029854504  0.0000000   0.0010717921  -5.2260732e-05  0.00037543989  -6.2664409e-05  0.00034940909  -4.6939078e-05  -0.00039452459  5.7532100e-05  -0.00036351220  -4.0183669e-05  2.8277083e-05  0.00022748980  -4.2335063e-05  -0.00013078117  2.8905917e-06  0.00029096173  -0.00017188027  -0.00020519623  -0.00014851466  5.0267896e-05  2.7598061e-05  
-0.00010176430  -0.00014858423  -8.1062598e-06  0.00036012423  -0.00063784013  2.7139055e-05  -0.00025346520  -4.6600507e-05  0.00073586592  -0.0010717921  0.0000000   -0.00010547356  0.00095754323  -2.3770529e-05  -0.00027536513  6.6468325e-06  0.00020411197  -2.0540355e-05  -4.6088299e-05  8.4722269e-05  -0.00021334754  -0.00026692193  -5.5734336e-05  -8.6972820e-05  -1.0038513e-05  0.00017361825  0.00011733705  -0.00010636141  -0.00031932830  0.00021055885  4.0369443e-05  -0.00010176430  -0.00014858423  -8.1062598e-06  0.00036012423  -0.00063784013  2.7139055e-05  -0.00025346520  -4.6600507e-05  0.00073586592  -0.0010717921  0.0000000   -0.00010547356  0.00095754323  -2.3770529e-05  -0.00027536513  6.6468325e-06  0.00020411197  -2.0540355e-05  -4.6088299e-05  8.4722269e-05  -0.00021334754  -0.00026692193  -5.5734336e-05  -8.6972820e-05  -1.0038513e-05  0.00017361825  0.00011733705  -0.00010636141  -0.00031932830  0.00021055885  4.0369443e-05  
7.5535359e-05  -7.8654932e-06  -0.00027338320  4.5972619e-05  -7.8773812e-06  3.2561003e-05  -0.00015845900  0.00082559628  -5.1804978e-05  5.2260732e-05  0.00010547356  0.0000000   4.1155103e-05  0.0017303244  0.00010053143  0.00052343250  -7.7047265e-05  7.7641844e-05  -4.1631296e-06  -9.2532515e-06  2.5042823e-06  6.4786531e-06  0.00013261574  -1.5460417e-06  0.00013795209  2.5208618e-06  5.1508187e-06  -1.3522182e-05  -2.6781848e-05  9.0573278e-07  -0.00025821300  7.5535359e-05  -7.8654932e-06  -0.00027338320  4.5972619e-05  -7.8773812e-06  3.2561003e-05  -0.00015845900  0.00082559628  -5.1804978e-05  5.2260732e-05  0.00010547356  0.0000000   4.1155103e-05  0.0017303244  0.00010053143  0.00052343250  -7.7047265e-05  7.7641844e-05  -4.1631296e-06  -9.2532515e-06  2.5042823e-06  6.4786531e-06  0.00013261574  -1.5460417e-06  0.00013795209  2.5208618e-06  5.1508187e-06  -1.3522182e-05  -2.6781848e-05  9.0573278e-07  -0.00025821300  
9.2916737e-05  -0.00020441472  -1.2148139e-05  0.00039694565  0.00021846713  -2.5273836e-05  -0.00028296155  -1.3291889e-05  -0.0011680259  -0.00037543989  -0.00095754323  -4.1155103e-05  0.0000000   1.2105583e-05  0.00021163850  1.7841990e-05  0.00036558334  0.00034679614  3.8187057e-05  -4.3377835e-05  0.00047758254  -0.00015930341  -2.0354567e-05  -0.00017842770  -9.9255584e-06  -1.6420894e-06  0.00014061356  0.00019999893  -8.3863064e-06  -0.00022788174  -1.0679952e-05  9.2916737e-05  -0.00020441472  -1.2148139e-05  0.00039694565  0.00021846713  -2.5273836e-05  -0.00028296155  -1.3291889e-05  -0.0011680259  -0.00037543989  -0.00095754323  -4.1155103e-05  0.0000000   1.2105583e-05  0.00021163850  1.7841990e-05  0.00036558334  0.00034679614  3.8187057e-05  -4.3377835e-05  0.00047758254  -0.00015930341  -2.0354567e-05  -0.00017842770  -9.9255584e-06  -1.6420894e-06  0.00014061356  0.00019999893  -8.3863064e-06  -0.00022788174  -1.0679952e-05  
9.6354321e-05  3.1529749e-05  -0.00013421118  3.8037413e-05  5.3916995e-05  0.00046438649  7.4355132e-05  -0.00030924488  -4.2133276e-05  6.2664409e-05  2.3770529e-05  -0.0017303244  -1.2105583e-05  0.0000000   3.0985948e-05  -0.00031748173  1.9410368e-05  -2.5428584e-06  -6.4224993e-05  0.00074918249  3.6418442e-05  2.7663432e-05  -0.00072790333  3.9439457e-05  4.9507005e-05  -3.1544033e-05  -2.2492582e-06  4.5915388e-05  1.9413690e-05  -3.9283842e-05  0.00025746014  9.6354321e-05  3.1529749e-05  -0.00013421118  3.8037413e-05  5.3916995e-05  0.00046438649  7.4355132e-05  -0.00030924488  -4.2133276e-05  6.2664409e-05  2.3770529e-05  -0.0017303244  -1.2105583e-05  0.0000000   3.0985948e-05  -0.00031748173  1.9410368e-05  -2.5428584e-06  -6.4224993e-05  0.00074918249  3.6418442e-05  2.7663432e-05  -0.00072790333  3.9439457e-05  4.9507005e-05  -3.1544033e-05  -2.2492582e-06  4.5915388e-05  1.9413690e-05  -3.9283842e-05  0.00025746014  
-4.4903020e-06  0.00015206348  -1.6788226e-05  -0.00015420900  -0.00012493847  2.2013924e-05  1.2350886e-05  -4.6910653e-05  0.00024117645  -0.00034940909  0.00027536513  -0.00010053143  -0.00021163850  -3.0985948e-05  0.0000000   -0.00016186001  -0.0013922414  0.00036883694  0.00078153718  7.2205728e-06  0.00024105695  0.00053050393  -3.4827491e-05  -0.00015881106  -2.5518423e-05  0.00011096248  9.9520885e-06  -0.00017269170  -2.9370889e-06  0.00025607304  2.2681195e-05  -4.4903020e-06  0.00015206348  -1.6788226e-05  -0.00015420900  -0.00012493847  2.2013924e-05  1.2350886e-05  -4.6910653e-05  0.00024117645  -0.00034940909  0.00027536513  -0.00010053143  -0.00021163850  -3.0985948e-05  0.0000000   -0.00016186001  -0.0013922414  0.00036883694  0.00078153718  7.2205728e-06  0.00024105695  0.00053050393  -3.4827491e-05  -0.00015881106  -2.5518423e-05  0.00011096248  9.9520885e-06  -0.00017269170  -2.9370889e-06  0.00025607304  2.2681195e-05  
-0.00019815155  1.0191716e-05  0.00015090618  7.3501309e-05  2.5353216e-05  0.00037774444  5.5157190e-05  -0.00049106375  -2.7625758e-05  4.6939078e-05  -6.6468325e-06  -0.00052343250  -1.7841990e-05  0.00031748173  0.00016186001  0.0000000   1.4913978e-05  -0.00015570555  -0.00014651260  -0.00012099969  -9.6937855e-06  -3.6846819e-05  -8.1333049e-05  2.9115377e-05  -0.00030008105  2.0566806e-06  -3.3343662e-05  1.4934904e-05  -2.7817542e-05  6.4190320e-07  2.3415077e-05  -0.00019815155  1.0191716e-05  0.00015090618  7.3501309e-05  2.5353216e-05  0.00037774444  5.5157190e-05  -0.00049106375  -2.7625758e-05  4.6939078e-05  -6.6468325e-06  -0.00052343250  -1.7841990e-05  0.00031748173  0.00016186001  0.0000000   1.4913978e-05  -0.00015570555  -0.00014651260  -0.00012099969  -9.6937855e-06  -3.6846819e-05  -8.1333049e-05  2.9115377e-05  -0.00030008105  2.0566806e-06  -3.3343662e-05  1.4934904e-05  -2.7817542e-05  6.4190320e-07  2.3415077e-05  
7.1103279e-05  -1.7464266e-06  -1.0522712e-05  0.00015511408  2.6129190e-05  -5.0641819e-05  2.4307528e-05  3.3220178e-05  -0.00031855799  0.00039452459  -0.00020411197  7.7047265e-05  -0.00036558334  -1.9410368e-05  0.0013922414  -1.4913978e-05  0.0000000   -0.0012427625  -0.0011840778  -2.0027878e-05  8.3045183e-05  -0.00012255805  -4.6126395e-06  -8.8804086e-05  3.9140099e-05  1.0257054e-05  -0.00028036548  8.1958554e-05  -0.00014455765  7.7712372e-05  1.7666773e-05  7.1103279e-05  -1.7464266e-06  -1.0522712e-05  0.00015511408  2.6129190e-05  -5.0641819e-05  2.4307528e-05  3.3220178e-05  -0.00031855799  0.00039452459  -0.00020411197  7.7047265e-05  -0.00036558334  -1.9410368e-05  0.0013922414  -1.4913978e-05  0.0000000   -0.0012427625  -0.0011840778  -2.0027878e-05  8.3045183e-05  -0.00012255805  -4.6126395e-06  -8.8804086e-05  3.9140099e-05  1.0257054e-05  -0.00028036548  8.1958554e-05  -0.00014455765  7.7712372e-05  1.7666773e-05  
1.1783120e-06  -2.5305380e-06  -9.6036128e-06  -0.00013708296  -3.4312819e-06  3.7473049e-06  0.00029331185  1.4023233e-05  0.00026401730  -5.7532100e-05  2.0540355e-05  -7.7641844e-05  -0.00034679614  2.5428584e-06  -0.00036883694  0.00015570555  0.0012427625  0.0000000   0.00082665510  6.4909763e-05  0.00010660744  -0.00045329411  -4.1641966e-05  -0.00011379566  -1.8391752e-05  0.00021337885  0.00025854366  -0.00032240730  0.00018839563  -7.3599942e-05  -1.4546060e-05  1.1783120e-06  -2.5305380e-06  -9.6036128e-06  -0.00013708296  -3.4312819e-06  3.7473049e-06  0.00029331185  1.4023233e-05  0.00026401730  -5.7532100e-05  2.0540355e-05  -7.7641844e-05  -0.00034679614  2.5428584e-06  -0.00036883694  0.00015570555  0.0012427625  0.0000000   0.00082665510  6.4909763e-05  0.00010660744  -0.00045329411  -4.1641966e-05  -0.00011379566  -1.8391752e-05  0.00021337885  0.00025854366  -0.00032240730  0.00018839563  -7.3599942e-05  -1.4546060e-05  
1.1175339e-05  0.00010208062  4.8357062e-05  2.1832758e-06  -0.00019056904  7.2599556e-07  0.00016831810  2.0966196e-05  0.00038713480  0.00036351220  4.6088299e-05  4.1631296e-06  -3.8187057e-05  6.4224993e-05  -0.00078153718  0.00014651260  0.0011840778  -0.00082665510  0.0000000   2.5268256e-06  0.0012364787  6.0997005e-05  -3.0935537e-05  0.00037355095  5.5654878e-05  0.00070786414  0.00040521424  -0.00012967513  -0.00010358869  0.00011230001  -2.1984958e-09  1.1175339e-05  0.00010208062  4.8357062e-05  2.1832758e-06  -0.00019056904  7.2599556e-07  0.00016831810  2.0966196e-05  0.00038713480  0.00036351220  4.6088299e-05  4.1631296e-06  -3.8187057e-05  6.4224993e-05  -0.00078153718  0.00014651260  0.0011840778  -0.00082665510  0.0000000   2.5268256e-06  0.0012364787  6.0997005e-05  -3.0935537e-05  0.00037355095  5.5654878e-05  0.00070786414  0.00040521424  -0.00012967513  -0.00010358869  0.00011230001  -2.1984958e-09  
-0.00013620518  -3.0953003e-07  -4.7222835e-05  2.0913852e-06  -4.3807396e-06  9.0943070e-05  1.5834445e-05  -0.00012114897  -8.4548261e-06  4.0183669e-05  -8.4722269e-05  9.2532515e-06  4.3377835e-05  -0.00074918249  -7.2205728e-06  0.00012099969  2.0027878e-05  -6.4909763e-05  -2.5268256e-06  0.0000000   8.0282623e-05  -5.6807182e-05  0.00035612949  -2.6499175e-06  -0.00053423373  4.1310682e-05  3.5655078e-06  1.1238736e-05  -2.8610352e-05  1.4704530e-05  -6.4353448e-05  -0.00013620518  -3.0953003e-07  -4.7222835e-05  2.0913852e-06  -4.3807396e-06  9.0943070e-05  1.5834445e-05  -0.00012114897  -8.4548261e-06  4.0183669e-05  -8.4722269e-05  9.2532515e-06  4.3377835e-05  -0.00074918249  -7.2205728e-06  0.00012099969  2.0027878e-05  -6.4909763e-05  -2.5268256e-06  0.0000000   8.0282623e-05  -5.6807182e-05  0.00035612949  -2.6499175e-06  -0.00053423373  4.1310682e-05  3.5655078e-06  1.1238736e-05  -2.8610352e-05  1.4704530e-05  -6.4353448e-05  
3.0282584e-05  0.00015746951  -2.6391709e-06  -2.5680649e-05  0.00025503069  5.5193890e-06  -8.0820158e-05  -2.0134770e-05  -5.5229041e-05  -2.8277083e-05  0.00021334754  -2.5042823e-06  -0.00047758254  -3.6418442e-05  -0.00024105695  9.6937855e-06  -8.3045183e-05  -0.00010660744  -0.0012364787  -8.0282623e-05  0.0000000   0.0011916284  6.8222954e-05  0.00026496366  -1.1133743e-07  -0.00066085939  0.00016542448  -1.0996118e-05  4.8827086e-05  -0.00031982860  7.0260406e-07  3.0282584e-05  0.00015746951  -2.6391709e-06  -2.5680649e-05  0.00025503069  5.5193890e-06  -8.0820158e-05  -2.0134770e-05  -5.5229041e-05  -2.8277083e-05  0.00021334754  -2.5042823e-06  -0.00047758254  -3.6418442e-05  -0.00024105695  9.6937855e-06  -8.3045183e-05  -0.00010660744  -0.0012364787  -8.0282623e-05  0.0000000   0.0011916284  6.8222954e-05  0.00026496366  -1.1133743e-07  -0.00066085939  0.00016542448  -1.0996118e-05  4.8827086e-05  -0.00031982860  7.0260406e-07  
4.2882855e-05  -7.2529295e-05  -1.4429641e-05  6.9384041e-05  -2.4278791e-05  -6.5600907e-06  1.6871545e-05  9.2077371e-06  2.8647695e-05  -0.00022748980  0.00026692193  -6.4786531e-06  0.00015930341  -2.7663432e-05  -0.00053050393  3.6846819e-05  0.00012255805  0.00045329411  -6.0997005e-05  5.6807182e-05  -0.0011916284  0.0000000   4.7779317e-05  0.00053550350  -1.6108507e-05  -3.4731853e-05  0.00018631416  3.0458311e-05  -5.4199838e-05  0.00038387545  1.7294206e-05  4.2882855e-05  -7.2529295e-05  -1.4429641e-05  6.9384041e-05  -2.4278791e-05  -6.5600907e-06  1.6871545e-05  9.2077371e-06  2.8647695e-05  -0.00022748980  0.00026692193  -6.4786531e-06  0.00015930341  -2.7663432e-05  -0.00053050393  3.6846819e-05  0.00012255805  0.00045329411  -6.0997005e-05  5.6807182e-05  -0.0011916284  0.0000000   4.7779317e-05  0.00053550350  -1.6108507e-05  -3.4731853e-05  0.00018631416  3.0458311e-05  -5.4199838e-05  0.00038387545  1.7294206e-05  
0.00013895520  3.2400461e-07  -9.6621219e-05  8.0856612e-06  -1.7090380e-05  -9.5248564e-05  -3.8669246e-05  0.00027735197  -2.3010150e-06  4.2335063e-05  5.5734336e-05  -0.00013261574  2.0354567e-05  0.00072790333  3.4827491e-05  8.1333049e-05  4.6126395e-06  4.1641966e-05  3.0935537e-05  -0.00035612949  -6.8222954e-05  -4.7779317e-05  0.0000000   -3.1455131e-05  0.00062872348  -2.9023080e-05  -8.0013540e-05  -4.1337464e-05  1.0464600e-05  -3.5124883e-05  0.00013418154  0.00013895520  3.2400461e-07  -9.6621219e-05  8.0856612e-06  -1.7090380e-05  -9.5248564e-05  -3.8669246e-05  0.00027735197  -2.3010150e-06  4.2335063e-05  5.5734336e-05  -0.00013261574  2.0354567e-05  0.00072790333  3.4827491e-05  8.1333049e-05  4.6126395e-06  4.1641966e-05  3.0935537e-05  -0.00035612949  -6.8222954e-05  -4.7779317e-05  0.0000000   -3.1455131e-05  0.00062872348  -2.9023080e-05  -8.0013540e-05  -4.1337464e-05  1.0464600e-05  -3.5124883e-05  0.00013418154  
2.3256771e-05  -9.2112014e-05  1.1148264e-05  -5.3565773e-05  -0.00014110320  -4.1571652e-06  -7.8113577e-05  -1.4935947e-05  -8.4510927e-05  0.00013078117  8.6972820e-05  1.5460417e-06  0.00017842770  -3.9439457e-05  0.00015881106  -2.9115377e-05  8.8804086e-05  0.00011379566  -0.00037355095  2.6499175e-06  -0.00026496366  -0.00053550350  3.1455131e-05  0.0000000   -5.9414851e-05  -0.00039826632  -0.00040371847  0.00055146049  0.00049036742  -0.00059244773  -4.7829117e-05  2.3256771e-05  -9.2112014e-05  1.1148264e-05  -5.3565773e-05  -0.00014110320  -4.1571652e-06  -7.8113577e-05  -1.4935947e-05  -8.4510927e-05  0.00013078117  8.6972820e-05  1.5460417e-06  0.00017842770  -3.9439457e-05  0.00015881106  -2.9115377e-05  8.8804086e-05  0.00011379566  -0.00037355095  2.6499175e-06  -0.00026496366  -0.00053550350  3.1455131e-05  0.0000000   -5.9414851e-05  -0.00039826632  -0.00040371847  0.00055146049  0.00049036742  -0.00059244773  -4.7829117e-05  
-0.00013454250  1.4284936e-05  0.00021407142  2.0106447e-05  1.7647219e-05  7.2925044e-05  1.1374710e-05  -0.00013848260  -2.4664162e-05  -2.8905917e-06  1.0038513e-05  -0.00013795209  9.9255584e-06  -4.9507005e-05  2.5518423e-05  0.00030008105  -3.9140099e-05  1.8391752e-05  -5.5654878e-05  0.00053423373  1.1133743e-07  1.6108507e-05  -0.00062872348  5.9414851e-05  0.0000000   -4.2387664e-05  -5.4844094e-05  -6.9925041e-06  4.3480100e-05  -4.0199310e-05  -0.00020705710  -0.00013454250  1.4284936e-05  0.00021407142  2.0106447e-05  1.7647219e-05  7.2925044e-05  1.1374710e-05  -0.00013848260  -2.4664162e-05  -2.8905917e-06  1.0038513e-05  -0.00013795209  9.9255584e-06  -4.9507005e-05  2.5518423e-05  0.00030008105  -3.9140099e-05  1.8391752e-05  -5.5654878e-05  0.00053423373  1.1133743e-07  1.6108507e-05  -0.00062872348  5.9414851e-05  0.0000000   -4.2387664e-05  -5.4844094e-05  -6.9925041e-06  4.3480100e-05  -4.0199310e-05  -0.00020705710  
-4.6050864e-06  -9.1708525e-05  -2.5216370e-05  -0.00022241277  0.00011400575  -5.8594427e-06  -2.6125991e-05  7.1512589e-06  0.00012338415  -0.00029096173  -0.00017361825  -2.5208618e-06  1.6420894e-06  3.1544033e-05  -0.00011096248  -2.0566806e-06  -1.0257054e-05  -0.00021337885  -0.00070786414  -4.1310682e-05  0.00066085939  3.4731853e-05  2.9023080e-05  0.00039826632  4.2387664e-05  0.0000000   0.0020067799  0.0011497932  0.00067456293  4.9675043e-05  -4.0383336e-05  -4.6050864e-06  -9.1708525e-05  -2.5216370e-05  -0.00022241277  0.00011400575  -5.8594427e-06  -2.6125991e-05  7.1512589e-06  0.00012338415  -0.00029096173  -0.00017361825  -2.5208618e-06  1.6420894e-06  3.1544033e-05  -0.00011096248  -2.0566806e-06  -1.0257054e-05  -0.00021337885  -0.00070786414  -4.1310682e-05  0.00066085939  3.4731853e-05  2.9023080e-05  0.00039826632  4.2387664e-05  0.0000000   0.0020067799  0.0011497932  0.00067456293  4.9675043e-05  -4.0383336e-05  
-6.2599834e-05  0.00010990715  1.4765215e-05  -3.1261849e-05  -6.7336872e-05  -2.3934774e-06  0.00010146476  2.2479665e-05  0.00014352968  0.00017188027  -0.00011733705  -5.1508187e-06  -0.00014061356  2.2492582e-06  -9.9520885e-06  3.3343662e-05  0.00028036548  -0.00025854366  -0.00040521424  -3.5655078e-06  -0.00016542448  -0.00018631416  8.0013540e-05  0.00040371847  5.4844094e-05  -0.0020067799  0.0000000   -0.0022642345  -0.00039939496  -0.00034833425  3.6289084e-05  -6.2599834e-05  0.00010990715  1.4765215e-05  -3.1261849e-05  -6.7336872e-05  -2.3934774e-06  0.00010146476  2.2479665e-05  0.00014352968  0.00017188027  -0.00011733705  -5.1508187e-06  -0.00014061356  2.2492582e-06  -9.9520885e-06  3.3343662e-05  0.00028036548  -0.00025854366  -0.00040521424  -3.5655078e-06  -0.00016542448  -0.00018631416  8.0013540e-05  0.00040371847  5.4844094e-05  -0.0020067799  0.0000000   -0.0022642345  -0.00039939496  -0.00034833425  3.6289084e-05  
-2.5177548e-05  -2.8742468e-05  1.2180359e-05  0.00014336039  -8.4828930e-05  -6.0705934e-06  -9.2349434e-05  -3.1694806e-06  1.8712954e-05  0.00020519623  0.00010636141  1.3522182e-05  -0.00019999893  -4.5915388e-05  0.00017269170  -1.4934904e-05  -8.1958554e-05  0.00032240730  0.00012967513  -1.1238736e-05  1.0996118e-05  -3.0458311e-05  4.1337464e-05  -0.00055146049  6.9925041e-06  -0.0011497932  0.0022642345  0.0000000   -0.00093045103  -0.00059432002  -3.1746062e-06  -2.5177548e-05  -2.8742468e-05  1.2180359e-05  0.00014336039  -8.4828930e-05  -6.0705934e-06  -9.2349434e-05  -3.1694806e-06  1.8712954e-05  0.00020519623  0.00010636141  1.3522182e-05  -0.00019999893  -4.5915388e-05  0.00017269170  -1.4934904e-05  -8.1958554e-05  0.00032240730  0.00012967513  -1.1238736e-05  1.0996118e-05  -3.0458311e-05  4.1337464e-05  -0.00055146049  6.9925041e-06  -0.0011497932  0.0022642345  0.0000000   -0.00093045103  -0.00059432002  -3.1746062e-06  
2.2487027e-06  9.1469480e-05  1.3531134e-05  -4.6951034e-05  -8.6019357e-05  1.4065957e-06  1.4008416e-05  -1.5678341e-05  0.00025782542  0.00014851466  0.00031932830  2.6781848e-05  8.3863064e-06  -1.9413690e-05  2.9370889e-06  2.7817542e-05  0.00014455765  -0.00018839563  0.00010358869  2.8610352e-05  -4.8827086e-05  5.4199838e-05  -1.0464600e-05  -0.00049036742  -4.3480100e-05  -0.00067456293  0.00039939496  0.00093045103  0.0000000   0.0024653482  0.00014753908  2.2487027e-06  9.1469480e-05  1.3531134e-05  -4.6951034e-05  -8.6019357e-05  1.4065957e-06  1.4008416e-05  -1.5678341e-05  0.00025782542  0.00014851466  0.00031932830  2.6781848e-05  8.3863064e-06  -1.9413690e-05  2.9370889e-06  2.7817542e-05  0.00014455765  -0.00018839563  0.00010358869  2.8610352e-05  -4.8827086e-05  5.4199838e-05  -1.0464600e-05  -0.00049036742  -4.3480100e-05  -0.00067456293  0.00039939496  0.00093045103  0.0000000   0.0024653482  0.00014753908  
3.8674498e-05  0.00012746107  -3.1841323e-06  -7.1284040e-05  5.9141975e-05  -1.7061493e-05  1.3194985e-05  1.0042014e-05  3.1399221e-05  -5.0267896e-05  -0.00021055885  -9.0573278e-07  0.00022788174  3.9283842e-05  -0.00025607304  -6.4190320e-07  -7.7712372e-05  7.3599942e-05  -0.00011230001  -1.4704530e-05  0.00031982860  -0.00038387545  3.5124883e-05  0.00059244773  4.0199310e-05  -4.9675043e-05  0.00034833425  0.00059432002  -0.0024653482  0.0000000   6.5524024e-05  3.8674498e-05  0.00012746107  -3.1841323e-06  -7.1284040e-05  5.9141975e-05  -1.7061493e-05  1.3194985e-05  1.0042014e-05  3.1399221e-05  -5.0267896e-05  -0.00021055885  -9.0573278e-07  0.00022788174  3.9283842e-05  -0.00025607304  -6.4190320e-07  -7.7712372e-05  7.3599942e-05  -0.00011230001  -1.4704530e-05  0.00031982860  -0.00038387545  3.5124883e-05  0.00059244773  4.0199310e-05  -4.9675043e-05  0.00034833425  0.00059432002  -0.0024653482  0.0000000   6.5524024e-05  
1.4139012e-05  -1.6115096e-08  3.0225673e-05  1.0275038e-07  5.7373909e-06  5.9033882e-05  6.8313508e-07  -7.1341013e-05  -2.1328951e-05  -2.7598061e-05  -4.0369443e-05  0.00025821300  1.0679952e-05  -0.00025746014  -2.2681195e-05  -2.3415077e-05  -1.7666773e-05  1.4546060e-05  2.1984958e-09  6.4353448e-05  -7.0260406e-07  -1.7294206e-05  -0.00013418154  4.7829117e-05  0.00020705710  4.0383336e-05  -3.6289084e-05  3.1746062e-06  -0.00014753908  -6.5524024e-05  0.0000000   1.4139012e-05  -1.6115096e-08  3.0225673e-05  1.0275038e-07  5.7373909e-06  5.9033882e-05  6.8313508e-07  -7.1341013e-05  -2.1328951e-05  -2.7598061e-05  -4.0369443e-05  0.00025821300  1.0679952e-05  -0.00025746014  -2.2681195e-05  -2.3415077e-05  -1.7666773e-05  1.4546060e-05  2.1984958e-09  6.4353448e-05  -7.0260406e-07  -1.7294206e-05  -0.00013418154  4.7829117e-05  0.00020705710  4.0383336e-05  -3.6289084e-05  3.1746062e-06  -0.00014753908  -6.5524024e-05  0.0000000   
0.0000000   -0.00022815386  2.9490746e-05  0.00010735922  -9.2983591e-05  0.00012698689  8.4908215e-05  -0.00035393935  3.5278003e-05  5.7416065e-05  0.00010176430  -7.5535359e-05  -9.2916737e-05  -9.6354321e-05  4.4903020e-06  0.00019815155  -7.1103279e-05  -1.1783120e-06  -1.1175339e-05  0.00013620518  -3.0282584e-05  -4.2882855e-05  -0.00013895520  -2.3256771e-05  0.00013454250  4.6050864e-06  6.2599834e-05  2.5177548e-05  -2.2487027e-06  -3.8674498e-05  -1.4139012e-05  0.0000000   -0.00022815386  2.9490746e-05  0.00010735922  -9.2983591e-05  0.00012698689  8.4908215e-05  -0.00035393935  3.5278003e-05  5.7416065e-05  0.00010176430  -7.5535359e-05  -9.2916737e-05  -9.6354321e-05  4.4903020e-06  0.00019815155  -7.1103279e-05  -1.1783120e-06  -1.1175339e-05  0.00013620518  -3.0282584e-05  -4.2882855e-05  -0.00013895520  -2.3256771e-05  0.00013454250  4.6050864e-06  6.2599834e-05  2.5177548e-05  -2.2487027e-06  -3.8674498e-05  -1.4139012e-05  
0.00022815386  0.0000000   0.00013611295  0.0021630617  -0.00042702687  -0.00011654588  -0.0010221188  7.7906026e-05  1.3232032e-05  -0.00065968004  0.00014858423  7.8654932e-06  0.00020441472  -3.1529749e-05  -0.00015206348  -1.0191716e-05  1.7464266e-06  2.5305380e-06  -0.00010208062  3.0953003e-07  -0.00015746951  7.2529295e-05  -3.2400461e-07  9.2112014e-05  -1.4284936e-05  9.1708525e-05  -0.00010990715  2.8742468e-05  -9.1469480e-05  -0.00012746107  1.6115096e-08  0.00022815386  0.0000000   0.00013611295  0.0021630617  -0.00042702687  -0.00011654588  -0.0010221188  7.7906026e-05  1.3232032e-05  -0.00065968004  0.00014858423  7.8654932e-06  0.00020441472  -3.1529749e-05  -0.00015206348  -1.0191716e-05  1.7464266e-06  2.5305380e-06  -0.00010208062  3.0953003e-07  -0.00015746951  7.2529295e-05  -3.2400461e-07  9.2112014e-05  -1.4284936e-05  9.1708525e-05  -0.00010990715  2.8742468e-05  -9.1469480e-05  -0.00012746107  1.6115096e-08  
-2.9490746e-05  -0.00013611295  0.0000000   -0.00027861107  -9.2143505e-05  -0.0039161648  -0.00018897718  0.0015208527  3.6635812e-05  0.00022474887  8.1062598e-06  0.00027338320  1.2148139e-05  0.00013421118  1.6788226e-05  -0.00015090618  1.0522712e-05  9.6036128e-06  -4.8357062e-05  4.7222835e-05  2.6391709e-06  1.4429641e-05  9.6621219e-05  -1.1148264e-05  -0.00021407142  2.5216370e-05  -1.4765215e-05  -1.2180359e-05  -1.3531134e-05  3.1841323e-06  -3.0225673e-05  -2.9490746e-05  -0.00013611295  0.0000000   -0.00027861107  -9.2143505e-05  -0.0039161648  -0.00018897718  0.0015208527  3.6635812e-05  0.00022474887  8.1062598e-06  0.00027338320  1.2148139e-05  0.00013421118  1.6788226e-05  -0.00015090618  1.0522712e-05  9.6036128e-06  -4.8357062e-05  4.7222835e-05  2.6391709e-06  1.4429641e-05  9.6621219e-05  -1.1148264e-05  -0.00021407142  2.5216370e-05  -1.4765215e-05  -1.2180359e-05  -1.3531134e-05  3.1841323e-06  -3.0225673e-05  
-0.00010735922  -0.0021630617  0.00027861107  0.0000000   -0.00076383891  0.00018505386  -0.0013376721  8.2581999e-05  -0.00033095639  0.00010947587  -0.00036012423  -4.5972619e-05  -0.00039694565  -3.8037413e-05  0.00015420900  -7.3501309e-05  -0.00015511408  0.00013708296  -2.1832758e-06  -2.0913852e-06  2.5680649e-05  -6.9384041e-05  -8.0856612e-06  5.3565773e-05  -2.0106447e-05  0.00022241277  3.1261849e-05  -0.00014336039  4.6951034e-05  7.1284040e-05  -1.0275038e-07  -0.00010735922  -0.0021630617  0.00027861107  0.0000000   -0.00076383891  0.00018505386  -0.0013376721  8.2581999e-05  -0.00033095639  0.00010947587  -0.00036012423  -4.5972619e-05  -0.00039694565  -3.8037413e-05  0.00015420900  -7.3501309e-05  -0.00015511408  0.00013708296  -2.1832758e-06  -2.0913852e-06  2.5680649e-05  -6.9384041e-05  -8.0856612e-06  5.3565773e-05  -2.0106447e-05  0.00022241277  3.1261849e-05  -0.00014336039  4.6951034e-05  7.1284040e-05  -1.0275038e-07  
9.2983591e-05  0.00042702687  9.2143505e-05  0.00076383891  0.0000000   -0.00025980660  -0.00048819868  0.00019680515  -0.00027463762  -0.0010200746  0.00063784013  7.8773812e-06  -0.00021846713  -5.3916995e-05  0.00012493847  -2.5353216e-05  -2.6129190e-05  3.4312819e-06  0.00019056904  4.3807396e-06  -0.00025503069  2.4278791e-05  1.7090380e-05  0.00014110320  -1.7647219e-05  -0.00011400575  6.7336872e-05  8.4828930e-05  8.6019357e-05  -5.9141975e-05  -5.7373909e-06  9.2983591e-05  0.00042702687  9.2143505e-05  0.00076383891  0.0000000   -0.00025980660  -0.00048819868  0.00019680515  -0.00027463762  -0.0010200746  0.00063784013  7.8773812e-06  -0.00021846713  -5.3916995e-05  0.00012493847  -2.5353216e-05  -2.6129190e-05  3.4312819e-06  0.00019056904  4.3807396e-06  -0.00025503069  2.4278791e-05  1.7090380e-05  0.00014110320  -1.7647219e-05  -0.00011400575  6.7336872e-05  8.4828930e-05  8.6019357e-05  -5.9141975e-05  -5.7373909e-06  
-0.00012698689  0.00011654588  0.0039161648  -0.00018505386  0.00025980660  0.0000000   -0.00028702667  0.0034756844  1.0992692e-05  0.00022516925  -2.7139055e-05  -3.2561003e-05  2.5273836e-05  -0.00046438649  -2.2013924e-05  -0.00037774444  5.0641819e-05  -3.7473049e-06  -7.2599556e-07  -9.0943070e-05  -5.5193890e-06  6.5600907e-06  9.5248564e-05  4.1571652e-06  -7.2925044e-05  5.8594427e-06  2.3934774e-06  6.0705934e-06  -1.4065957e-06  1.7061493e-05  -5.9033882e-05  -0.00012698689  0.00011654588  0.0039161648  -0.00018505386  0.00025980660  0.0000000   -0.00028702667  0.0034756844  1.0992692e-05  0.00022516925  -2.7139055e-05  -3.2561003e-05  2.5273836e-05  -0.00046438649  -2.2013924e-05  -0.00037774444  5.0641819e-05  -3.7473049e-06  -7.2599556e-07  -9.0943070e-05  -5.5193890e-06  6.5600907e-06  9.5248564e-05  4.1571652e-06  -7.2925044e-05  5.8594427e-06  2.3934774e-06  6.0705934e-06  -1.4065957e-06  1.7061493e-05  -5.9033882e-05  
-8.4908215e-05  0.0010221188  0.00018897718  0.0013376721  0.00048819868  0.00028702667  0.0000000   -6.9312471e-05  0.00053753930  0.00074990232  0.00025346520  0.00015845900  0.00028296155  -7.4355132e-05  -1.2350886e-05  -5.5157190e-05  -2.4307528e-05  -0.00029331185  -0.00016831810  -1.5834445e-05  8.0820158e-05  -1.6871545e-05  3.8669246e-05  7.8113577e-05  -1.1374710e-05  2.6125991e-05  -0.00010146476  9.2349434e-05  -1.4008416e-05  -1.3194985e-05  -6.8313508e-07  -8.4908215e-05  0.0010221188  0.00018897718  0.0013376721  0.00048819868  0.00028702667  0.0000000   -6.9312471e-05  0.00053753930  0.00074990232  0.00025346520  0.00015845900  0.00028296155  -7.4355132e-05  -1.2350886e-05  -5.5157190e-05  -2.4307528e-05  -0.00029331185  -0.00016831810  -1.5834445e-05  8.0820158e-05  -1.6871545e-05  3.8669246e-05  7.8113577e-05  -1.1374710e-05  2.6125991e-05  -0.00010146476  9.2349434e-05  -1.4008416e-05  -1.3194985e-05  -6.8313508e-07  
0.00035393935  -7.7906026e-05  -0.0015208527  -8.2581999e-05  -0.00019680515  -0.0034756844  6.9312471e-05  0.0000000   0.00030058222  0.00012621734  4.6600507e-05  -0.00082559628  1.3291889e-05  0.00030924488  4.6910653e-05  0.00049106375  -3.3220178e-05  -1.4023233e-05  -2.0966196e-05  0.00012114897  2.0134770e-05  -9.2077371e-06  -0.00027735197  1.4935947e-05  0.00013848260  -7.1512589e-06  -2.2479665e-05  3.1694806e-06  1.5678341e-05  -1.0042014e-05  7.1341013e-05  0.00035393935  -7.7906026e-05  -0.0015208527  -8.2581999e-05  -0.00019680515  -0.0034756844  6.9312471e-05  0.0000000   0.00030058222  0.00012621734  4.6600507e-05  -0.00082559628  1.3291889e-05  0.00030924488  4.6910653e-05  0.00049106375  -3.3220178e-05  -1.4023233e-05  -2.0966196e-05  0.00012114897  2.0134770e-05  -9.2077371e-06  -0.00027735197  1.4935947e-05  0.00013848260  -7.1512589e-06  -2.2479665e-05  3.1694806e-06  1.5678341e-05  -1.0042014e-05  7.1341013e-05  
-3.5278003e-05  -1.3232032e-05  -3.6635812e-05  0.00033095639  0.00027463762  -1.0992692e-05  -0.00053753930  -0.00030058222  0.0000000   0.0029854504  -0.00073586592  5.1804978e-05  0.0011680259  4.2133276e-05  -0.00024117645  2.7625758e-05  0.00031855799  -0.00026401730  -0.00038713480  8.4548261e-06  5.5229041e-05  -2.8647695e-05  2.3010150e-06  8.4510927e-05  2.4664162e-05  -0.00012338415  -0.00014352968  -1.8712954e-05  -0.00025782542  -3.1399221e-05  2.1328951e-05  -3.5278003e-05  -1.3232032e-05  -3.6635812e-05  0.00033095639  0.00027463762  -1.0992692e-05  -0.00053753930  -0.00030058222  0.0000000   0.0029854504  -0.00073586592  5.1804978e-05  0.0011680259  4.2133276e-05  -0.00024117645  2.7625758e-05  0.00031855799  -0.00026401730  -0.00038713480  8.4548261e-06  5.5229041e-05  -2.8647695e-05  2.3010150e-06  8.4510927e-05  2.4664162e-05  -0.00012338415  -0.00014352968  -1.8712954e-05  -0.00025782542  -3.1399221e-05  2.1328951e-05  
-5.7416065e-05  0.00065968004  -0.00022474887  -0.00010947587  0.0010200746  -0.00022516925  -0.00074990232  -0.00012621734  -0.0029854504  0.0000000   0.0010717921  -5.2260732e-05  0.00037543989  -6.2664409e-05  0.00034940909  -4.6939078e-05  -0.00039452459  5.7532100e-05  -0.00036351220  -4.0183669e-05  2.8277083e-05  0.00022748980  -4.2335063e-05  -0.00013078117  2.8905917e-06  0.00029096173  -0.00017188027  -0.00020519623  -0.00014851466  5.0267896e-05  2.7598061e-05  -5.7416065e-05  0.00065968004  -0.00022474887  -0.00010947587  0.0010200746  -0.00022516925  -0.00074990232  -0.00012621734  -0.0029854504  0.0000000   0.0010717921  -5.2260732e-05  0.00037543989  -6.2664409e-05  0.00034940909  -4.6939078e-05  -0.00039452459  5.7532100e-05  -0.00036351220  -4.0183669e-05  2.8277083e-05  0.00022748980  -4.2335063e-05  -0.00013078117  2.8905917e-06  0.00029096173  -0.00017188027  -0.00020519623  -0.00014851466  5.0267896e-05  2.7598061e-05  
