0.0000000   0.00031609835  0.00026929248  -5.2436891e-05  -0.00015883763  -0.00028773890  4.1078300e-05  -0.00011023155  -0.00011956540  -4.7911124e-05  -1.5943145e-06  2.6218763e-05  -0.00021660862  0.00017055538  5.5773411e-08  -0.00011640170  -1.0803983e-05  1.1678742e-06  -1.5282360e-05  1.5769864e-05  -9.6921554e-05  -9.6076014e-06  5.3422459e-05  1.2317590e-05  -1.3185861e-05  7.3870457e-06  -5.5518909e-06  -6.8155269e-06  9.8283411e-06  0.00010860990  1.2452061e-05  0.0000000   0.00031609835  0.00026929248  -5.2436891e-05  -0.00015883763  -0.00028773890  4.1078300e-05  -0.00011023155  -0.00011956540  -4.7911124e-05  -1.5943145e-06  2.6218763e-05  -0.00021660862  0.00017055538  5.5773411e-08  -0.00011640170  -1.0803983e-05  1.1678742e-06  -1.5282360e-05  1.5769864e-05  -9.6921554e-05  -9.6076014e-06  5.3422459e-05  1.2317590e-05  -1.3185861e-05  7.3870457e-06  -5.5518909e-06  -6.8155269e-06  9.8283411e-06  0.00010860990  1.2452061e-05  
-0.00031609835  0.0000000   0.00038870439  -6.1624584e-05  -0.00035302392  -0.00059859642  4.5242725e-05  -0.00015003617  -0.00049460508  -7.0045818e-05  -2.0039213e-05  1.6408128e-05  -0.00015278324  9.2228737e-05  -3.4049319e-05  -6.7280276e-05  0.00017209532  2.5475993e-05  -1.9003761e-05  8.6842446e-06  -0.00017933628  -1.8286152e-05  -1.8576067e-05  8.9359955e-06  -1.9355704e-05  1.2887552e-05  -2.8491321e-06  -7.4577961e-05  -4.8612854e-06  2.7429717e-05  -0.00010851632  -0.00031609835  0.0000000   0.00038870439  -6.1624584e-05  -0.00035302392  -0.00059859642  4.5242725e-05  -0.00015003617  -0.00049460508  -7.0045818e-05  -2.0039213e-05  1.6408128e-05  -0.00015278324  9.2228737e-05  -3.4049319e-05  -6.7280276e-05  0.00017209532  2.5475993e-05  -1.9003761e-05  8.6842446e-06  -0.00017933628  -1.8286152e-05  -1.8576067e-05  8.9359955e-06  -1.9355704e-05  1.2887552e-05  -2.8491321e-06  -7.4577961e-05  -4.8612854e-06  2.7429717e-05  -0.00010851632  
-0.00026929248  -0.00038870439  0.0000000   -0.0057072966  -0.00083353125  0.0010843127  0.00021803596  0.00031713878  -3.6202597e-05  0.00040759515  0.00010424537  -3.4158855e-06  -0.00012758952  2.1177784e-05  0.00022628282  8.2599647e-05  5.7787021e-06  -3.5793545e-05  0.00011875151  6.7992055e-05  -2.5095489e-05  0.00020690872  -2.5097234e-05  0.00016901374  -1.2767574e-05  -2.2479376e-05  4.1977505e-05  -1.5575922e-05  5.0219667e-05  4.0361495e-06  -9.1863171e-06  -0.00026929248  -0.00038870439  0.0000000   -0.0057072966  -0.00083353125  0.0010843127  0.00021803596  0.00031713878  -3.6202597e-05  0.00040759515  0.00010424537  -3.4158855e-06  -0.00012758952  2.1177784e-05  0.00022628282  8.2599647e-05  5.7787021e-06  -3.5793545e-05  0.00011875151  6.7992055e-05  -2.5095489e-05  0.00020690872  -2.5097234e-05  0.00016901374  -1.2767574e-05  -2.2479376e-05  4.1977505e-05  -1.5575922e-05  5.0219667e-05  4.0361495e-06  -9.1863171e-06  
5.2436891e-05  6.1624584e-05  0.0057072966  0.0000000   0.0010016683  0.00020752237  0.00049733375  -0.0021535651  7.2700393e-05  -0.0012642040  -7.4792389e-05  0.00026083121  9.7122498e-05  -8.6601074e-05  -0.00014508149  -2.2223616e-05  -7.8056271e-05  0.00022439114  -2.0844176e-06  -8.4228420e-06  2.0768175e-05  -0.00015316544  -1.4410749e-05  0.00011619979  -0.00018892676  0.00016470828  -0.00010259502  1.9363800e-05  3.8605969e-05  -2.5546687e-05  6.0585676e-06  5.2436891e-05  6.1624584e-05  0.0057072966  0.0000000   0.0010016683  0.00020752237  0.00049733375  -0.0021535651  7.2700393e-05  -0.0012642040  -7.4792389e-05  0.00026083121  9.7122498e-05  -8.6601074e-05  -0.00014508149  -2.2223616e-05  -7.8056271e-05  0.00022439114  -2.0844176e-06  -8.4228420e-06  2.0768175e-05  -0.00015316544  -1.4410749e-05  0.00011619979  -0.00018892676  0.00016470828  -0.00010259502  1.9363800e-05  3.8605969e-05  -2.5546687e-05  6.0585676e-06  
0.00015883763  0.00035302392  0.00083353125  -0.0010016683  0.0000000   0.00026551692  0.00020715063  -0.00090086819  0.00023757438  2.6979668e-05  0.00010059660  8.2074155e-05  0.00039408933  -0.00028506479  -6.5531049e-05  -0.00016457242  0.00010810486  -6.0745026e-06  5.9405975e-06  -4.3426861e-06  2.7704624e-05  -8.6081406e-05  6.9085001e-05  -0.00020404755  1.2287395e-05  -7.4494603e-05  6.2990876e-05  8.1649372e-05  9.0662778e-06  -2.7869121e-05  3.6821253e-05  0.00015883763  0.00035302392  0.00083353125  -0.0010016683  0.0000000   0.00026551692  0.00020715063  -0.00090086819  0.00023757438  2.6979668e-05  0.00010059660  8.2074155e-05  0.00039408933  -0.00028506479  -6.5531049e-05  -0.00016457242  0.00010810486  -6.0745026e-06  5.9405975e-06  -4.3426861e-06  2.7704624e-05  -8.6081406e-05  6.9085001e-05  -0.00020404755  1.2287395e-05  -7.4494603e-05  6.2990876e-05  8.1649372e-05  9.0662778e-06  -2.7869121e-05  3.6821253e-05  
0.00028773890  0.00059859642  -0.0010843127  -0.00020752237  -0.00026551692  0.0000000   -0.00047278110  0.00080167282  0.00036840480  6.1338139e-05  -2.7020375e-05  -9.7744742e-05  0.00056462758  -0.00037151039  9.7431834e-06  -0.00033085284  0.00021805845  8.2112566e-05  2.0095095e-06  -8.8680461e-06  1.9926675e-05  9.1424100e-05  7.8226298e-05  0.00013169062  1.5655201e-05  2.6206800e-05  -1.3053258e-05  0.00011850582  1.5790146e-05  -2.1009773e-05  7.4192421e-05  0.00028773890  0.00059859642  -0.0010843127  -0.00020752237  -0.00026551692  0.0000000   -0.00047278110  0.00080167282  0.00036840480  6.1338139e-05  -2.7020375e-05  -9.7744742e-05  0.00056462758  -0.00037151039  9.7431834e-06  -0.00033085284  0.00021805845  8.2112566e-05  2.0095095e-06  -8.8680461e-06  1.9926675e-05  9.1424100e-05  7.8226298e-05  0.00013169062  1.5655201e-05  2.6206800e-05  -1.3053258e-05  0.00011850582  1.5790146e-05  -2.1009773e-05  7.4192421e-05  
-4.1078300e-05  -4.5242725e-05  -0.00021803596  -0.00049733375  -0.00020715063  0.00047278110  0.0000000   -0.0028645649  -6.5942462e-05  -0.0013087482  3.7279055e-05  7.2771297e-05  1.3613369e-05  1.5112815e-06  0.00011481098  -1.7889637e-05  5.4322002e-06  3.8628483e-05  -0.00010588815  -4.8916272e-05  1.1482647e-05  -8.2967641e-05  -1.1845864e-05  8.5367774e-05  6.5942619e-05  0.00010303835  -7.0920310e-05  -2.1759818e-06  -1.1292180e-05  8.6095064e-06  9.3275923e-06  -4.1078300e-05  -4.5242725e-05  -0.00021803596  -0.00049733375  -0.00020715063  0.00047278110  0.0000000   -0.0028645649  -6.5942462e-05  -0.0013087482  3.7279055e-05  7.2771297e-05  1.3613369e-05  1.5112815e-06  0.00011481098  -1.7889637e-05  5.4322002e-06  3.8628483e-05  -0.00010588815  -4.8916272e-05  1.1482647e-05  -8.2967641e-05  -1.1845864e-05  8.5367774e-05  6.5942619e-05  0.00010303835  -7.0920310e-05  -2.1759818e-06  -1.1292180e-05  8.6095064e-06  9.3275923e-06  
0.00011023155  0.00015003617  -0.00031713878  0.0021535651  0.00090086819  -0.00080167282  0.0028645649  0.0000000   0.00010846060  0.00082606484  -4.6311314e-05  -0.00074361885  8.0313310e-05  3.7767374e-05  0.00060032999  -1.7703832e-05  1.2986190e-05  -2.6870478e-05  0.00010849896  6.6913279e-05  -7.9498089e-06  3.4783214e-05  5.8964924e-06  0.00023255436  6.2374559e-05  1.5595905e-05  -4.7838476e-05  1.8833967e-05  -2.0230740e-05  2.1990845e-06  1.2952927e-05  0.00011023155  0.00015003617  -0.00031713878  0.0021535651  0.00090086819  -0.00080167282  0.0028645649  0.0000000   0.00010846060  0.00082606484  -4.6311314e-05  -0.00074361885  8.0313310e-05  3.7767374e-05  0.00060032999  -1.7703832e-05  1.2986190e-05  -2.6870478e-05  0.00010849896  6.6913279e-05  -7.9498089e-06  3.4783214e-05  5.8964924e-06  0.00023255436  6.2374559e-05  1.5595905e-05  -4.7838476e-05  1.8833967e-05  -2.0230740e-05  2.1990845e-06  1.2952927e-05  
0.00011956540  0.00049460508  3.6202597e-05  -7.2700393e-05  -0.00023757438  -0.00036840480  6.5942462e-05  -0.00010846060  0.0000000   4.2486949e-06  1.4567891e-05  -4.7538992e-05  0.00013238376  6.9876609e-05  -4.5470711e-05  -0.00056047698  0.00077515719  0.00015802150  -5.4251390e-05  7.7548182e-05  1.6996917e-05  -1.2544610e-05  -7.2772818e-05  -5.4118078e-06  1.3665411e-05  -2.3778336e-06  3.1517280e-06  -9.5269542e-06  7.9539229e-06  4.8156089e-05  0.00010009541  0.00011956540  0.00049460508  3.6202597e-05  -7.2700393e-05  -0.00023757438  -0.00036840480  6.5942462e-05  -0.00010846060  0.0000000   4.2486949e-06  1.4567891e-05  -4.7538992e-05  0.00013238376  6.9876609e-05  -4.5470711e-05  -0.00056047698  0.00077515719  0.00015802150  -5.4251390e-05  7.7548182e-05  1.6996917e-05  -1.2544610e-05  -7.2772818e-05  -5.4118078e-06  1.3665411e-05  -2.3778336e-06  3.1517280e-06  -9.5269542e-06  7.9539229e-06  4.8156089e-05  0.00010009541  
4.7911124e-05  7.0045818e-05  -0.00040759515  0.0012642040  -2.6979668e-05  -6.1338139e-05  0.0013087482  -0.00082606484  -4.2486949e-06  0.0000000   2.3198887e-05  -5.5419991e-05  1.2967014e-05  2.5700586e-05  0.00023526431  -4.0906575e-05  0.00017261042  -0.00032198790  6.3622236e-05  4.7969303e-05  -7.3027290e-06  0.00012602078  -2.3622208e-06  0.00011460787  0.00024710075  -9.3886990e-05  6.0302833e-05  -1.2089802e-05  0.00016235458  -8.7696178e-06  5.4550647e-06  4.7911124e-05  7.0045818e-05  -0.00040759515  0.0012642040  -2.6979668e-05  -6.1338139e-05  0.0013087482  -0.00082606484  -4.2486949e-06  0.0000000   2.3198887e-05  -5.5419991e-05  1.2967014e-05  2.5700586e-05  0.00023526431  -4.0906575e-05  0.00017261042  -0.00032198790  6.3622236e-05  4.7969303e-05  -7.3027290e-06  0.00012602078  -2.3622208e-06  0.00011460787  0.00024710075  -9.3886990e-05  6.0302833e-05  -1.2089802e-05  0.00016235458  -8.7696178e-06  5.4550647e-06  
1.5943145e-06  2.0039213e-05  -0.00010424537  7.4792389e-05  -0.00010059660  2.7020375e-05  -3.7279055e-05  4.6311314e-05  -1.4567891e-05  -2.3198887e-05  0.0000000   -0.00062764807  2.1242376e-06  4.2411323e-05  -0.00019193943  -3.8210411e-05  0.00016349478  -0.00077453587  6.4295066e-06  1.2142910e-05  2.5192225e-05  -8.3835118e-06  -1.3167957e-05  4.2651131e-05  -0.00016503761  -1.4980889e-05  -0.00020487472  5.3942842e-06  5.3751040e-05  5.4120493e-06  8.4326641e-06  1.5943145e-06  2.0039213e-05  -0.00010424537  7.4792389e-05  -0.00010059660  2.7020375e-05  -3.7279055e-05  4.6311314e-05  -1.4567891e-05  -2.3198887e-05  0.0000000   -0.00062764807  2.1242376e-06  4.2411323e-05  -0.00019193943  -3.8210411e-05  0.00016349478  -0.00077453587  6.4295066e-06  1.2142910e-05  2.5192225e-05  -8.3835118e-06  -1.3167957e-05  4.2651131e-05  -0.00016503761  -1.4980889e-05  -0.00020487472  5.3942842e-06  5.3751040e-05  5.4120493e-06  8.4326641e-06  
-2.6218763e-05  -1.6408128e-05  3.4158855e-06  -0.00026083121  -8.2074155e-05  9.7744742e-05  -7.2771297e-05  0.00074361885  4.7538992e-05  5.5419991e-05  0.00062764807  0.0000000   -0.00014205036  -8.3437204e-05  0.0016360825  -4.6033635e-05  -3.7272760e-06  0.00032003555  0.00064468045  0.00030501766  -0.00012764557  -4.7057741e-05  -3.9214006e-06  0.00013969465  7.7763550e-05  0.00030643515  -0.00014068000  -4.5364092e-06  -1.3662731e-05  2.8215102e-05  -1.0748129e-05  -2.6218763e-05  -1.6408128e-05  3.4158855e-06  -0.00026083121  -8.2074155e-05  9.7744742e-05  -7.2771297e-05  0.00074361885  4.7538992e-05  5.5419991e-05  0.00062764807  0.0000000   -0.00014205036  -8.3437204e-05  0.0016360825  -4.6033635e-05  -3.7272760e-06  0.00032003555  0.00064468045  0.00030501766  -0.00012764557  -4.7057741e-05  -3.9214006e-06  0.00013969465  7.7763550e-05  0.00030643515  -0.00014068000  -4.5364092e-06  -1.3662731e-05  2.8215102e-05  -1.0748129e-05  
0.00021660862  0.00015278324  0.00012758952  -9.7122498e-05  -0.00039408933  -0.00056462758  -1.3613369e-05  -8.0313310e-05  -0.00013238376  -1.2967014e-05  -2.1242376e-06  0.00014205036  0.0000000   0.0024968963  0.00017705081  -0.00020931526  -0.00057476543  -5.0931980e-05  -0.00015129332  0.00037170300  0.00047819456  -5.5093058e-07  0.00016626086  3.5529314e-05  2.4508091e-06  5.2367075e-06  3.2701758e-06  0.00014448519  8.3460783e-06  -0.00014005129  0.00012323218  0.00021660862  0.00015278324  0.00012758952  -9.7122498e-05  -0.00039408933  -0.00056462758  -1.3613369e-05  -8.0313310e-05  -0.00013238376  -1.2967014e-05  -2.1242376e-06  0.00014205036  0.0000000   0.0024968963  0.00017705081  -0.00020931526  -0.00057476543  -5.0931980e-05  -0.00015129332  0.00037170300  0.00047819456  -5.5093058e-07  0.00016626086  3.5529314e-05  2.4508091e-06  5.2367075e-06  3.2701758e-06  0.00014448519  8.3460783e-06  -0.00014005129  0.00012323218  
-0.00017055538  -9.2228737e-05  -2.1177784e-05  8.6601074e-05  0.00028506479  0.00037151039  -1.5112815e-06  -3.7767374e-05  -6.9876609e-05  -2.5700586e-05  -4.2411323e-05  8.3437204e-05  -0.0024968963  0.0000000   -0.00020532428  0.00026587945  0.00059782547  1.0320135e-05  -6.1907278e-05  5.4047924e-05  -0.00017333309  -1.0644052e-05  -2.1050505e-05  -4.1509179e-05  -2.7755849e-05  5.3093391e-06  5.2361040e-06  0.00015538937  1.7992679e-05  7.8305566e-05  -2.3181063e-05  -0.00017055538  -9.2228737e-05  -2.1177784e-05  8.6601074e-05  0.00028506479  0.00037151039  -1.5112815e-06  -3.7767374e-05  -6.9876609e-05  -2.5700586e-05  -4.2411323e-05  8.3437204e-05  -0.0024968963  0.0000000   -0.00020532428  0.00026587945  0.00059782547  1.0320135e-05  -6.1907278e-05  5.4047924e-05  -0.00017333309  -1.0644052e-05  -2.1050505e-05  -4.1509179e-05  -2.7755849e-05  5.3093391e-06  5.2361040e-06  0.00015538937  1.7992679e-05  7.8305566e-05  -2.3181063e-05  
-5.5773411e-08  3.4049319e-05  -0.00022628282  0.00014508149  6.5531049e-05  -9.7431834e-06  -0.00011481098  -0.00060032999  4.5470711e-05  -0.00023526431  0.00019193943  -0.0016360825  -0.00017705081  0.00020532428  0.0000000   -0.00020180092  -0.00028975285  0.0030680552  -0.00053961910  -0.00028528005  -2.8169097e-05  -0.00023504219  4.5743943e-05  -0.00017184147  0.00013744856  -0.00013190677  -0.00012999886  4.2317840e-06  -0.00019790201  2.0614796e-05  -1.0732282e-05  -5.5773411e-08  3.4049319e-05  -0.00022628282  0.00014508149  6.5531049e-05  -9.7431834e-06  -0.00011481098  -0.00060032999  4.5470711e-05  -0.00023526431  0.00019193943  -0.0016360825  -0.00017705081  0.00020532428  0.0000000   -0.00020180092  -0.00028975285  0.0030680552  -0.00053961910  -0.00028528005  -2.8169097e-05  -0.00023504219  4.5743943e-05  -0.00017184147  0.00013744856  -0.00013190677  -0.00012999886  4.2317840e-06  -0.00019790201  2.0614796e-05  -1.0732282e-05  
0.00011640170  6.7280276e-05  -8.2599647e-05  2.2223616e-05  0.00016457242  0.00033085284  1.7889637e-05  1.7703832e-05  0.00056047698  4.0906575e-05  3.8210411e-05  4.6033635e-05  0.00020931526  -0.00026587945  0.00020180092  0.0000000   -0.0063883391  -0.00071710465  8.4399892e-05  -0.00019967228  9.7558795e-05  2.6022797e-05  0.00013624815  2.3217212e-05  -7.9309919e-05  8.0825306e-05  1.3012464e-05  -0.00033182098  -3.9462181e-05  0.00011936799  5.2062735e-05  0.00011640170  6.7280276e-05  -8.2599647e-05  2.2223616e-05  0.00016457242  0.00033085284  1.7889637e-05  1.7703832e-05  0.00056047698  4.0906575e-05  3.8210411e-05  4.6033635e-05  0.00020931526  -0.00026587945  0.00020180092  0.0000000   -0.0063883391  -0.00071710465  8.4399892e-05  -0.00019967228  9.7558795e-05  2.6022797e-05  0.00013624815  2.3217212e-05  -7.9309919e-05  8.0825306e-05  1.3012464e-05  -0.00033182098  -3.9462181e-05  0.00011936799  5.2062735e-05  
1.0803983e-05  -0.00017209532  -5.7787021e-06  7.8056271e-05  -0.00010810486  -0.00021805845  -5.4322002e-06  -1.2986190e-05  -0.00077515719  -0.00017261042  -0.00016349478  3.7272760e-06  0.00057476543  -0.00059782547  0.00028975285  0.0063883391  0.0000000   -0.00017258096  3.8964614e-05  0.00016235833  0.00061387835  8.3789579e-05  -0.00015131362  8.2309755e-05  0.00010253408  -7.4236771e-05  1.2934052e-05  0.00044631042  2.1278694e-05  -0.00049190976  7.8536033e-05  1.0803983e-05  -0.00017209532  -5.7787021e-06  7.8056271e-05  -0.00010810486  -0.00021805845  -5.4322002e-06  -1.2986190e-05  -0.00077515719  -0.00017261042  -0.00016349478  3.7272760e-06  0.00057476543  -0.00059782547  0.00028975285  0.0063883391  0.0000000   -0.00017258096  3.8964614e-05  0.00016235833  0.00061387835  8.3789579e-05  -0.00015131362  8.2309755e-05  0.00010253408  -7.4236771e-05  1.2934052e-05  0.00044631042  2.1278694e-05  -0.00049190976  7.8536033e-05  
-1.1678742e-06  -2.5475993e-05  3.5793545e-05  -0.00022439114  6.0745026e-06  -8.2112566e-05  -3.8628483e-05  2.6870478e-05  -0.00015802150  0.00032198790  0.00077453587  -0.00032003555  5.0931980e-05  -1.0320135e-05  -0.0030680552  0.00071710465  0.00017258096  0.0000000   -0.00012582675  -3.5871796e-05  0.00017028313  -0.00021544138  -2.4298761e-05  -0.00044506182  -0.00048746352  0.00072149852  -0.00017261674  9.8175521e-05  1.4051602e-05  -8.2974857e-05  2.5090256e-05  -1.1678742e-06  -2.5475993e-05  3.5793545e-05  -0.00022439114  6.0745026e-06  -8.2112566e-05  -3.8628483e-05  2.6870478e-05  -0.00015802150  0.00032198790  0.00077453587  -0.00032003555  5.0931980e-05  -1.0320135e-05  -0.0030680552  0.00071710465  0.00017258096  0.0000000   -0.00012582675  -3.5871796e-05  0.00017028313  -0.00021544138  -2.4298761e-05  -0.00044506182  -0.00048746352  0.00072149852  -0.00017261674  9.8175521e-05  1.4051602e-05  -8.2974857e-05  2.5090256e-05  
1.5282360e-05  1.9003761e-05  -0.00011875151  2.0844176e-06  -5.9405975e-06  -2.0095095e-06  0.00010588815  -0.00010849896  5.4251390e-05  -6.3622236e-05  -6.4295066e-06  -0.00064468045  0.00015129332  6.1907278e-05  0.00053961910  -8.4399892e-05  -3.8964614e-05  0.00012582675  0.0000000   -2.2429449e-06  8.2326515e-05  0.00023345862  8.0714947e-05  -0.00020975116  0.00037237161  2.1508589e-05  -0.00011557860  -1.3351471e-05  0.00010579170  1.5405292e-05  -8.2990797e-05  1.5282360e-05  1.9003761e-05  -0.00011875151  2.0844176e-06  -5.9405975e-06  -2.0095095e-06  0.00010588815  -0.00010849896  5.4251390e-05  -6.3622236e-05  -6.4295066e-06  -0.00064468045  0.00015129332  6.1907278e-05  0.00053961910  -8.4399892e-05  -3.8964614e-05  0.00012582675  0.0000000   -2.2429449e-06  8.2326515e-05  0.00023345862  8.0714947e-05  -0.00020975116  0.00037237161  2.1508589e-05  -0.00011557860  -1.3351471e-05  0.00010579170  1.5405292e-05  -8.2990797e-05  
-1.5769864e-05  -8.6842446e-06  -6.7992055e-05  8.4228420e-06  4.3426861e-06  8.8680461e-06  4.8916272e-05  -6.6913279e-05  -7.7548182e-05  -4.7969303e-05  -1.2142910e-05  -0.00030501766  -0.00037170300  -5.4047924e-05  0.00028528005  0.00019967228  -0.00016235833  3.5871796e-05  2.2429449e-06  0.0000000   -0.00021476843  0.00011988227  -4.7610148e-06  -0.00010394569  0.00018064541  8.7856703e-06  -3.2633245e-05  -2.1907882e-05  5.4307998e-05  -5.3292366e-05  0.00014410605  -1.5769864e-05  -8.6842446e-06  -6.7992055e-05  8.4228420e-06  4.3426861e-06  8.8680461e-06  4.8916272e-05  -6.6913279e-05  -7.7548182e-05  -4.7969303e-05  -1.2142910e-05  -0.00030501766  -0.00037170300  -5.4047924e-05  0.00028528005  0.00019967228  -0.00016235833  3.5871796e-05  2.2429449e-06  0.0000000   -0.00021476843  0.00011988227  -4.7610148e-06  -0.00010394569  0.00018064541  8.7856703e-06  -3.2633245e-05  -2.1907882e-05  5.4307998e-05  -5.3292366e-05  0.00014410605  
9.6921554e-05  0.00017933628  2.5095489e-05  -2.0768175e-05  -2.7704624e-05  -1.9926675e-05  -1.1482647e-05  7.9498089e-06  -1.6996917e-05  7.3027290e-06  -2.5192225e-05  0.00012764557  -0.00047819456  0.00017333309  2.8169097e-05  -9.7558795e-05  -0.00061387835  -0.00017028313  -8.2326515e-05  0.00021476843  0.0000000   -2.1390811e-05  0.00052547971  5.6235424e-05  -3.9264210e-05  8.9676505e-06  1.0235442e-05  0.00021715783  2.1356887e-06  -0.00021998069  5.6035564e-05  9.6921554e-05  0.00017933628  2.5095489e-05  -2.0768175e-05  -2.7704624e-05  -1.9926675e-05  -1.1482647e-05  7.9498089e-06  -1.6996917e-05  7.3027290e-06  -2.5192225e-05  0.00012764557  -0.00047819456  0.00017333309  2.8169097e-05  -9.7558795e-05  -0.00061387835  -0.00017028313  -8.2326515e-05  0.00021476843  0.0000000   -2.1390811e-05  0.00052547971  5.6235424e-05  -3.9264210e-05  8.9676505e-06  1.0235442e-05  0.00021715783  2.1356887e-06  -0.00021998069  5.6035564e-05  
9.6076014e-06  1.8286152e-05  -0.00020690872  0.00015316544  8.6081406e-05  -9.1424100e-05  8.2967641e-05  -3.4783214e-05  1.2544610e-05  -0.00012602078  8.3835118e-06  4.7057741e-05  5.5093058e-07  1.0644052e-05  0.00023504219  -2.6022797e-05  -8.3789579e-05  0.00021544138  -0.00023345862  -0.00011988227  2.1390811e-05  0.0000000   4.1322042e-05  -0.00052496998  -0.00025605677  0.00024948390  0.00023901034  -3.0135635e-05  0.00019800659  -8.9225067e-06  1.1612778e-05  9.6076014e-06  1.8286152e-05  -0.00020690872  0.00015316544  8.6081406e-05  -9.1424100e-05  8.2967641e-05  -3.4783214e-05  1.2544610e-05  -0.00012602078  8.3835118e-06  4.7057741e-05  5.5093058e-07  1.0644052e-05  0.00023504219  -2.6022797e-05  -8.3789579e-05  0.00021544138  -0.00023345862  -0.00011988227  2.1390811e-05  0.0000000   4.1322042e-05  -0.00052496998  -0.00025605677  0.00024948390  0.00023901034  -3.0135635e-05  0.00019800659  -8.9225067e-06  1.1612778e-05  
-5.3422459e-05  1.8576067e-05  2.5097234e-05  1.4410749e-05  -6.9085001e-05  -7.8226298e-05  1.1845864e-05  -5.8964924e-06  7.2772818e-05  2.3622208e-06  1.3167957e-05  3.9214006e-06  -0.00016626086  2.1050505e-05  -4.5743943e-05  -0.00013624815  0.00015131362  2.4298761e-05  -8.0714947e-05  4.7610148e-06  -0.00052547971  -4.1322042e-05  0.0000000   -1.5336528e-05  -6.0585419e-06  4.1987424e-05  -8.1857657e-05  -0.00017266384  -4.7258318e-05  5.7842781e-05  0.00020395376  -5.3422459e-05  1.8576067e-05  2.5097234e-05  1.4410749e-05  -6.9085001e-05  -7.8226298e-05  1.1845864e-05  -5.8964924e-06  7.2772818e-05  2.3622208e-06  1.3167957e-05  3.9214006e-06  -0.00016626086  2.1050505e-05  -4.5743943e-05  -0.00013624815  0.00015131362  2.4298761e-05  -8.0714947e-05  4.7610148e-06  -0.00052547971  -4.1322042e-05  0.0000000   -1.5336528e-05  -6.0585419e-06  4.1987424e-05  -8.1857657e-05  -0.00017266384  -4.7258318e-05  5.7842781e-05  0.00020395376  
-1.2317590e-05  -8.9359955e-06  -0.00016901374  -0.00011619979  0.00020404755  -0.00013169062  -8.5367774e-05  -0.00023255436  5.4118078e-06  -0.00011460787  -4.2651131e-05  -0.00013969465  -3.5529314e-05  4.1509179e-05  0.00017184147  -2.3217212e-05  -8.2309755e-05  0.00044506182  0.00020975116  0.00010394569  -5.6235424e-05  0.00052496998  1.5336528e-05  0.0000000   -0.00015517859  -0.00060687948  0.00084911359  -8.7281705e-05  0.00038267379  -2.4302439e-05  4.9404179e-05  -1.2317590e-05  -8.9359955e-06  -0.00016901374  -0.00011619979  0.00020404755  -0.00013169062  -8.5367774e-05  -0.00023255436  5.4118078e-06  -0.00011460787  -4.2651131e-05  -0.00013969465  -3.5529314e-05  4.1509179e-05  0.00017184147  -2.3217212e-05  -8.2309755e-05  0.00044506182  0.00020975116  0.00010394569  -5.6235424e-05  0.00052496998  1.5336528e-05  0.0000000   -0.00015517859  -0.00060687948  0.00084911359  -8.7281705e-05  0.00038267379  -2.4302439e-05  4.9404179e-05  
1.3185861e-05  1.9355704e-05  1.2767574e-05  0.00018892676  -1.2287395e-05  -1.5655201e-05  -6.5942619e-05  -6.2374559e-05  -1.3665411e-05  -0.00024710075  0.00016503761  -7.7763550e-05  -2.4508091e-06  2.7755849e-05  -0.00013744856  7.9309919e-05  -0.00010253408  0.00048746352  -0.00037237161  -0.00018064541  3.9264210e-05  0.00025605677  6.0585419e-06  0.00015517859  0.0000000   -0.00042021961  -0.00029757886  4.6067218e-05  -0.00020295601  -7.4464685e-06  5.1017809e-06  1.3185861e-05  1.9355704e-05  1.2767574e-05  0.00018892676  -1.2287395e-05  -1.5655201e-05  -6.5942619e-05  -6.2374559e-05  -1.3665411e-05  -0.00024710075  0.00016503761  -7.7763550e-05  -2.4508091e-06  2.7755849e-05  -0.00013744856  7.9309919e-05  -0.00010253408  0.00048746352  -0.00037237161  -0.00018064541  3.9264210e-05  0.00025605677  6.0585419e-06  0.00015517859  0.0000000   -0.00042021961  -0.00029757886  4.6067218e-05  -0.00020295601  -7.4464685e-06  5.1017809e-06  
-7.3870457e-06  -1.2887552e-05  2.2479376e-05  -0.00016470828  7.4494603e-05  -2.6206800e-05  -0.00010303835  -1.5595905e-05  2.3778336e-06  9.3886990e-05  1.4980889e-05  -0.00030643515  -5.2367075e-06  -5.3093391e-06  0.00013190677  -8.0825306e-05  7.4236771e-05  -0.00072149852  -2.1508589e-05  -8.7856703e-06  -8.9676505e-06  -0.00024948390  -4.1987424e-05  0.00060687948  0.00042021961  0.0000000   0.0021422023  -9.7378286e-05  0.00018511635  -3.5943901e-05  7.8492281e-06  -7.3870457e-06  -1.2887552e-05  2.2479376e-05  -0.00016470828  7.4494603e-05  -2.6206800e-05  -0.00010303835  -1.5595905e-05  2.3778336e-06  9.3886990e-05  1.4980889e-05  -0.00030643515  -5.2367075e-06  -5.3093391e-06  0.00013190677  -8.0825306e-05  7.4236771e-05  -0.00072149852  -2.1508589e-05  -8.7856703e-06  -8.9676505e-06  -0.00024948390  -4.1987424e-05  0.00060687948  0.00042021961  0.0000000   0.0021422023  -9.7378286e-05  0.00018511635  -3.5943901e-05  7.8492281e-06  
5.5518909e-06  2.8491321e-06  -4.1977505e-05  0.00010259502  -6.2990876e-05  1.3053258e-05  7.0920310e-05  4.7838476e-05  -3.1517280e-06  -6.0302833e-05  0.00020487472  0.00014068000  -3.2701758e-06  -5.2361040e-06  0.00012999886  -1.3012464e-05  -1.2934052e-05  0.00017261674  0.00011557860  3.2633245e-05  -1.0235442e-05  -0.00023901034  8.1857657e-05  -0.00084911359  0.00029757886  -0.0021422023  0.0000000   2.7082135e-06  -0.00010594826  -1.4363743e-05  3.5708543e-05  5.5518909e-06  2.8491321e-06  -4.1977505e-05  0.00010259502  -6.2990876e-05  1.3053258e-05  7.0920310e-05  4.7838476e-05  -3.1517280e-06  -6.0302833e-05  0.00020487472  0.00014068000  -3.2701758e-06  -5.2361040e-06  0.00012999886  -1.3012464e-05  -1.2934052e-05  0.00017261674  0.00011557860  3.2633245e-05  -1.0235442e-05  -0.00023901034  8.1857657e-05  -0.00084911359  0.00029757886  -0.0021422023  0.0000000   2.7082135e-06  -0.00010594826  -1.4363743e-05  3.5708543e-05  
6.8155269e-06  7.4577961e-05  1.5575922e-05  -1.9363800e-05  -8.1649372e-05  -0.00011850582  2.1759818e-06  -1.8833967e-05  9.5269542e-06  1.2089802e-05  -5.3942842e-06  4.5364092e-06  -0.00014448519  -0.00015538937  -4.2317840e-06  0.00033182098  -0.00044631042  -9.8175521e-05  1.3351471e-05  2.1907882e-05  -0.00021715783  3.0135635e-05  0.00017266384  8.7281705e-05  -4.6067218e-05  9.7378286e-05  -2.7082135e-06  0.0000000   -3.7150983e-05  -0.00062360811  -0.00012417616  6.8155269e-06  7.4577961e-05  1.5575922e-05  -1.9363800e-05  -8.1649372e-05  -0.00011850582  2.1759818e-06  -1.8833967e-05  9.5269542e-06  1.2089802e-05  -5.3942842e-06  4.5364092e-06  -0.00014448519  -0.00015538937  -4.2317840e-06  0.00033182098  -0.00044631042  -9.8175521e-05  1.3351471e-05  2.1907882e-05  -0.00021715783  3.0135635e-05  0.00017266384  8.7281705e-05  -4.6067218e-05  9.7378286e-05  -2.7082135e-06  0.0000000   -3.7150983e-05  -0.00062360811  -0.00012417616  
-9.8283411e-06  4.8612854e-06  -5.0219667e-05  -3.8605969e-05  -9.0662778e-06  -1.5790146e-05  1.1292180e-05  2.0230740e-05  -7.9539229e-06  -0.00016235458  -5.3751040e-05  1.3662731e-05  -8.3460783e-06  -1.7992679e-05  0.00019790201  3.9462181e-05  -2.1278694e-05  -1.4051602e-05  -0.00010579170  -5.4307998e-05  -2.1356887e-06  -0.00019800659  4.7258318e-05  -0.00038267379  0.00020295601  -0.00018511635  0.00010594826  3.7150983e-05  0.0000000   -8.5392160e-05  4.7835578e-05  -9.8283411e-06  4.8612854e-06  -5.0219667e-05  -3.8605969e-05  -9.0662778e-06  -1.5790146e-05  1.1292180e-05  2.0230740e-05  -7.9539229e-06  -0.00016235458  -5.3751040e-05  1.3662731e-05  -8.3460783e-06  -1.7992679e-05  0.00019790201  3.9462181e-05  -2.1278694e-05  -1.4051602e-05  -0.00010579170  -5.4307998e-05  -2.1356887e-06  -0.00019800659  4.7258318e-05  -0.00038267379  0.00020295601  -0.00018511635  0.00010594826  3.7150983e-05  0.0000000   -8.5392160e-05  4.7835578e-05  
-0.00010860990  -2.7429717e-05  -4.0361495e-06  2.5546687e-05  2.7869121e-05  2.1009773e-05  -8.6095064e-06  -2.1990845e-06  -4.8156089e-05  8.7696178e-06  -5.4120493e-06  -2.8215102e-05  0.00014005129  -7.8305566e-05  -2.0614796e-05  -0.00011936799  0.00049190976  8.2974857e-05  -1.5405292e-05  5.3292366e-05  0.00021998069  8.9225067e-06  -5.7842781e-05  2.4302439e-05  7.4464685e-06  3.5943901e-05  1.4363743e-05  0.00062360811  8.5392160e-05  0.0000000   0.00058535658  -0.00010860990  -2.7429717e-05  -4.0361495e-06  2.5546687e-05  2.7869121e-05  2.1009773e-05  -8.6095064e-06  -2.1990845e-06  -4.8156089e-05  8.7696178e-06  -5.4120493e-06  -2.8215102e-05  0.00014005129  -7.8305566e-05  -2.0614796e-05  -0.00011936799  0.00049190976  8.2974857e-05  -1.5405292e-05  5.3292366e-05  0.00021998069  8.9225067e-06  -5.7842781e-05  2.4302439e-05  7.4464685e-06  3.5943901e-05  1.4363743e-05  0.00062360811  8.5392160e-05  0.0000000   0.00058535658  
-1.2452061e-05  0.00010851632  9.1863171e-06  -6.0585676e-06  -3.6821253e-05  -7.4192421e-05  -9.3275923e-06  -1.2952927e-05  -0.00010009541  -5.4550647e-06  -8.4326641e-06  1.0748129e-05  -0.00012323218  2.3181063e-05  1.0732282e-05  -5.2062735e-05  -7.8536033e-05  -2.5090256e-05  8.2990797e-05  -0.00014410605  -5.6035564e-05  -1.1612778e-05  -0.00020395376  -4.9404179e-05  -5.1017809e-06  -7.8492281e-06  -3.5708543e-05  0.00012417616  -4.7835578e-05  -0.00058535658  0.0000000   -1.2452061e-05  0.00010851632  9.1863171e-06  -6.0585676e-06  -3.6821253e-05  -7.4192421e-05  -9.3275923e-06  -1.2952927e-05  -0.00010009541  -5.4550647e-06  -8.4326641e-06  1.0748129e-05  -0.00012323218  2.3181063e-05  1.0732282e-05  -5.2062735e-05  -7.8536033e-05  -2.5090256e-05  8.2990797e-05  -0.00014410605  -5.6035564e-05  -1.1612778e-05  -0.00020395376  -4.9404179e-05  -5.1017809e-06  -7.8492281e-06  -3.5708543e-05  0.00012417616  -4.7835578e-05  -0.00058535658  0.0000000   
0.0000000   0.00031609835  0.00026929248  -5.2436891e-05  -0.00015883763  -0.00028773890  4.1078300e-05  -0.00011023155  -0.00011956540  -4.7911124e-05  -1.5943145e-06  2.6218763e-05  -0.00021660862  0.00017055538  5.5773411e-08  -0.00011640170  -1.0803983e-05  1.1678742e-06  -1.5282360e-05  1.5769864e-05  -9.6921554e-05  -9.6076014e-06  5.3422459e-05  1.2317590e-05  -1.3185861e-05  7.3870457e-06  -5.5518909e-06  -6.8155269e-06  9.8283411e-06  0.00010860990  1.2452061e-05  0.0000000   0.00031609835  0.00026929248  -5.2436891e-05  -0.00015883763  -0.00028773890  4.1078300e-05  -0.00011023155  -0.00011956540  -4.7911124e-05  -1.5943145e-06  2.6218763e-05  -0.00021660862  0.00017055538  5.5773411e-08  -0.00011640170  -1.0803983e-05  1.1678742e-06  -1.5282360e-05  1.5769864e-05  -9.6921554e-05  -9.6076014e-06  5.3422459e-05  1.2317590e-05  -1.3185861e-05  7.3870457e-06  -5.5518909e-06  -6.8155269e-06  9.8283411e-06  0.00010860990  1.2452061e-05  
-0.00031609835  0.0000000   0.00038870439  -6.1624584e-05  -0.00035302392  -0.00059859642  4.5242725e-05  -0.00015003617  -0.00049460508  -7.0045818e-05  -2.0039213e-05  1.6408128e-05  -0.00015278324  9.2228737e-05  -3.4049319e-05  -6.7280276e-05  0.00017209532  2.5475993e-05  -1.9003761e-05  8.6842446e-06  -0.00017933628  -1.8286152e-05  -1.8576067e-05  8.9359955e-06  -1.9355704e-05  1.2887552e-05  -2.8491321e-06  -7.4577961e-05  -4.8612854e-06  2.7429717e-05  -0.00010851632  -0.00031609835  0.0000000   0.00038870439  -6.1624584e-05  -0.00035302392  -0.00059859642  4.5242725e-05  -0.00015003617  -0.00049460508  -7.0045818e-05  -2.0039213e-05  1.6408128e-05  -0.00015278324  9.2228737e-05  -3.4049319e-05  -6.7280276e-05  0.00017209532  2.5475993e-05  -1.9003761e-05  8.6842446e-06  -0.00017933628  -1.8286152e-05  -1.8576067e-05  8.9359955e-06  -1.9355704e-05  1.2887552e-05  -2.8491321e-06  -7.4577961e-05  -4.8612854e-06  2.7429717e-05  -0.00010851632  
-0.00026929248  -0.00038870439  0.0000000   -0.0057072966  -0.00083353125  0.0010843127  0.00021803596  0.00031713878  -3.6202597e-05  0.00040759515  0.00010424537  -3.4158855e-06  -0.00012758952  2.1177784e-05  0.00022628282  8.2599647e-05  5.7787021e-06  -3.5793545e-05  0.00011875151  6.7992055e-05  -2.5095489e-05  0.00020690872  -2.5097234e-05  0.00016901374  -1.2767574e-05  -2.2479376e-05  4.1977505e-05  -1.5575922e-05  5.0219667e-05  4.0361495e-06  -9.1863171e-06  -0.00026929248  -0.00038870439  0.0000000   -0.0057072966  -0.00083353125  0.0010843127  0.00021803596  0.00031713878  -3.6202597e-05  0.00040759515  0.00010424537  -3.4158855e-06  -0.00012758952  2.1177784e-05  0.00022628282  8.2599647e-05  5.7787021e-06  -3.5793545e-05  0.00011875151  6.7992055e-05  -2.5095489e-05  0.00020690872  -2.5097234e-05  0.00016901374  -1.2767574e-05  -2.2479376e-05  4.1977505e-05  -1.5575922e-05  5.0219667e-05  4.0361495e-06  -9.1863171e-06  
5.2436891e-05  6.1624584e-05  0.0057072966  0.0000000   0.0010016683  0.00020752237  0.00049733375  -0.0021535651  7.2700393e-05  -0.0012642040  -7.4792389e-05  0.00026083121  9.7122498e-05  -8.6601074e-05  -0.00014508149  -2.2223616e-05  -7.8056271e-05  0.00022439114  -2.0844176e-06  -8.4228420e-06  2.0768175e-05  -0.00015316544  -1.4410749e-05  0.00011619979  -0.00018892676  0.00016470828  -0.00010259502  1.9363800e-05  3.8605969e-05  -2.5546687e-05  6.0585676e-06  5.2436891e-05  6.1624584e-05  0.0057072966  0.0000000   0.0010016683  0.00020752237  0.00049733375  -0.0021535651  7.2700393e-05  -0.0012642040  -7.4792389e-05  0.00026083121  9.7122498e-05  -8.6601074e-05  -0.00014508149  -2.2223616e-05  -7.8056271e-05  0.00022439114  -2.0844176e-06  -8.4228420e-06  2.0768175e-05  -0.00015316544  -1.4410749e-05  0.00011619979  -0.00018892676  0.00016470828  -0.00010259502  1.9363800e-05  3.8605969e-05  -2.5546687e-05  6.0585676e-06  
0.00015883763  0.00035302392  0.00083353125  -0.0010016683  0.0000000   0.00026551692  0.00020715063  -0.00090086819  0.00023757438  2.6979668e-05  0.00010059660  8.2074155e-05  0.00039408933  -0.00028506479  -6.5531049e-05  -0.00016457242  0.00010810486  -6.0745026e-06  5.9405975e-06  -4.3426861e-06  2.7704624e-05  -8.6081406e-05  6.9085001e-05  -0.00020404755  1.2287395e-05  -7.4494603e-05  6.2990876e-05  8.1649372e-05  9.0662778e-06  -2.7869121e-05  3.6821253e-05  0.00015883763  0.00035302392  0.00083353125  -0.0010016683  0.0000000   0.00026551692  0.00020715063  -0.00090086819  0.00023757438  2.6979668e-05  0.00010059660  8.2074155e-05  0.00039408933  -0.00028506479  -6.5531049e-05  -0.00016457242  0.00010810486  -6.0745026e-06  5.9405975e-06  -4.3426861e-06  2.7704624e-05  -8.6081406e-05  6.9085001e-05  -0.00020404755  1.2287395e-05  -7.4494603e-05  6.2990876e-05  8.1649372e-05  9.0662778e-06  -2.7869121e-05  3.6821253e-05  
0.00028773890  0.00059859642  -0.0010843127  -0.00020752237  -0.00026551692  0.0000000   -0.00047278110  0.00080167282  0.00036840480  6.1338139e-05  -2.7020375e-05  -9.7744742e-05  0.00056462758  -0.00037151039  9.7431834e-06  -0.00033085284  0.00021805845  8.2112566e-05  2.0095095e-06  -8.8680461e-06  1.9926675e-05  9.1424100e-05  7.8226298e-05  0.00013169062  1.5655201e-05  2.6206800e-05  -1.3053258e-05  0.00011850582  1.5790146e-05  -2.1009773e-05  7.4192421e-05  0.00028773890  0.00059859642  -0.0010843127  -0.00020752237  -0.00026551692  0.0000000   -0.00047278110  0.00080167282  0.00036840480  6.1338139e-05  -2.7020375e-05  -9.7744742e-05  0.00056462758  -0.00037151039  9.7431834e-06  -0.00033085284  0.00021805845  8.2112566e-05  2.0095095e-06  -8.8680461e-06  1.9926675e-05  9.1424100e-05  7.8226298e-05  0.00013169062  1.5655201e-05  2.6206800e-05  -1.3053258e-05  0.00011850582  1.5790146e-05  -2.1009773e-05  7.4192421e-05  
-4.1078300e-05  -4.5242725e-05  -0.00021803596  -0.00049733375  -0.00020715063  0.00047278110  0.0000000   -0.0028645649  -6.5942462e-05  -0.0013087482  3.7279055e-05  7.2771297e-05  1.3613369e-05  1.5112815e-06  0.00011481098  -1.7889637e-05  5.4322002e-06  3.8628483e-05  -0.00010588815  -4.8916272e-05  1.1482647e-05  -8.2967641e-05  -1.1845864e-05  8.5367774e-05  6.5942619e-05  0.00010303835  -7.0920310e-05  -2.1759818e-06  -1.1292180e-05  8.6095064e-06  9.3275923e-06  -4.1078300e-05  -4.5242725e-05  -0.00021803596  -0.00049733375  -0.00020715063  0.00047278110  0.0000000   -0.0028645649  -6.5942462e-05  -0.0013087482  3.7279055e-05  7.2771297e-05  1.3613369e-05  1.5112815e-06  0.00011481098  -1.7889637e-05  5.4322002e-06  3.8628483e-05  -0.00010588815  -4.8916272e-05  1.1482647e-05  -8.2967641e-05  -1.1845864e-05  8.5367774e-05  6.5942619e-05  0.00010303835  -7.0920310e-05  -2.1759818e-06  -1.1292180e-05  8.6095064e-06  9.3275923e-06  
0.00011023155  0.00015003617  -0.00031713878  0.0021535651  0.00090086819  -0.00080167282  0.0028645649  0.0000000   0.00010846060  0.00082606484  -4.6311314e-05  -0.00074361885  8.0313310e-05  3.7767374e-05  0.00060032999  -1.7703832e-05  1.2986190e-05  -2.6870478e-05  0.00010849896  6.6913279e-05  -7.9498089e-06  3.4783214e-05  5.8964924e-06  0.00023255436  6.2374559e-05  1.5595905e-05  -4.7838476e-05  1.8833967e-05  -2.0230740e-05  2.1990845e-06  1.2952927e-05  0.00011023155  0.00015003617  -0.00031713878  0.0021535651  0.00090086819  -0.00080167282  0.0028645649  0.0000000   0.00010846060  0.00082606484  -4.6311314e-05  -0.00074361885  8.0313310e-05  3.7767374e-05  0.00060032999  -1.7703832e-05  1.2986190e-05  -2.6870478e-05  0.00010849896  6.6913279e-05  -7.9498089e-06  3.4783214e-05  5.8964924e-06  0.00023255436  6.2374559e-05  1.5595905e-05  -4.7838476e-05  1.8833967e-05  -2.0230740e-05  2.1990845e-06  1.2952927e-05  
0.00011956540  0.00049460508  3.6202597e-05  -7.2700393e-05  -0.00023757438  -0.00036840480  6.5942462e-05  -0.00010846060  0.0000000   4.2486949e-06  1.4567891e-05  -4.7538992e-05  0.00013238376  6.9876609e-05  -4.5470711e-05  -0.00056047698  0.00077515719  0.00015802150  -5.4251390e-05  7.7548182e-05  1.6996917e-05  -1.2544610e-05  -7.2772818e-05  -5.4118078e-06  1.3665411e-05  -2.3778336e-06  3.1517280e-06  -9.5269542e-06  7.9539229e-06  4.8156089e-05  0.00010009541  0.00011956540  0.00049460508  3.6202597e-05  -7.2700393e-05  -0.00023757438  -0.00036840480  6.5942462e-05  -0.00010846060  0.0000000   4.2486949e-06  1.4567891e-05  -4.7538992e-05  0.00013238376  6.9876609e-05  -4.5470711e-05  -0.00056047698  0.00077515719  0.00015802150  -5.4251390e-05  7.7548182e-05  1.6996917e-05  -1.2544610e-05  -7.2772818e-05  -5.4118078e-06  1.3665411e-05  -2.3778336e-06  3.1517280e-06  -9.5269542e-06  7.9539229e-06  4.8156089e-05  0.00010009541  
4.7911124e-05  7.0045818e-05  -0.00040759515  0.0012642040  -2.6979668e-05  -6.1338139e-05  0.0013087482  -0.00082606484  -4.2486949e-06  0.0000000   2.3198887e-05  -5.5419991e-05  1.2967014e-05  2.5700586e-05  0.00023526431  -4.0906575e-05  0.00017261042  -0.00032198790  6.3622236e-05  4.7969303e-05  -7.3027290e-06  0.00012602078  -2.3622208e-06  0.00011460787  0.00024710075  -9.3886990e-05  6.0302833e-05  -1.2089802e-05  0.00016235458  -8.7696178e-06  5.4550647e-06  4.7911124e-05  7.0045818e-05  -0.00040759515  0.0012642040  -2.6979668e-05  -6.1338139e-05  0.0013087482  -0.00082606484  -4.2486949e-06  0.0000000   2.3198887e-05  -5.5419991e-05  1.2967014e-05  2.5700586e-05  0.00023526431  -4.0906575e-05  0.00017261042  -0.00032198790  6.3622236e-05  4.7969303e-05  -7.3027290e-06  0.00012602078  -2.3622208e-06  0.00011460787  0.00024710075  -9.3886990e-05  6.0302833e-05  -1.2089802e-05  0.00016235458  -8.7696178e-06  5.4550647e-06  
