0.0000000   -0.0044977718  8.0724487e-05  -0.00014873234  0.00048498466  -4.2616079e-05  0.00010364164  -8.5018576e-05  0.00014804058  -0.00024911685  -1.1718463e-05  -0.00011708396  5.0389106e-05  -3.6128949e-05  -0.00030907923  1.2943666e-05  -5.7527308e-05  2.0091709e-06  -0.00025230358  -1.4046705e-05  4.0907081e-06  -4.5047289e-05  -3.5138760e-05  4.8606601e-06  1.0284569e-05  -8.6872358e-07  7.8629542e-07  4.2055644e-05  -1.3618514e-05  -6.2575716e-06  5.7565325e-06  0.0000000   -0.0044977718  8.0724487e-05  -0.00014873234  0.00048498466  -4.2616079e-05  0.00010364164  -8.5018576e-05  0.00014804058  -0.00024911685  -1.1718463e-05  -0.00011708396  5.0389106e-05  -3.6128949e-05  -0.00030907923  1.2943666e-05  -5.7527308e-05  2.0091709e-06  -0.00025230358  -1.4046705e-05  4.0907081e-06  -4.5047289e-05  -3.5138760e-05  4.8606601e-06  1.0284569e-05  -8.6872358e-07  7.8629542e-07  4.2055644e-05  -1.3618514e-05  -6.2575716e-06  5.7565325e-06  
0.0044977718  0.0000000   0.00014326458  0.00058731901  8.9880942e-05  -6.9330174e-05  -0.00015903270  -0.00030997469  0.00084545483  -0.0010846784  4.2090933e-05  0.00010072056  -0.00024405360  6.5994569e-06  -0.00013796456  1.5133071e-05  -1.4352144e-05  4.0415110e-05  -0.00028593107  9.5670194e-06  6.4925642e-06  8.3221533e-06  -1.3504337e-05  -9.5187741e-06  -1.0500515e-05  -1.0366845e-05  -2.1782189e-05  -0.00012348346  -7.8129736e-06  -2.5622575e-05  -1.4578733e-05  0.0044977718  0.0000000   0.00014326458  0.00058731901  8.9880942e-05  -6.9330174e-05  -0.00015903270  -0.00030997469  0.00084545483  -0.0010846784  4.2090933e-05  0.00010072056  -0.00024405360  6.5994569e-06  -0.00013796456  1.5133071e-05  -1.4352144e-05  4.0415110e-05  -0.00028593107  9.5670194e-06  6.4925642e-06  8.3221533e-06  -1.3504337e-05  -9.5187741e-06  -1.0500515e-05  -1.0366845e-05  -2.1782189e-05  -0.00012348346  -7.8129736e-06  -2.5622575e-05  -1.4578733e-05  
-8.0724487e-05  -0.00014326458  0.0000000   7.3796911e-05  4.7169792e-05  -0.0021739750  -0.0014734018  -0.00046104244  5.7808642e-05  7.5732780e-05  0.00037874830  -5.1198842e-05  2.4592194e-05  -0.00020819267  1.2274899e-05  -9.5772150e-05  4.9029677e-05  -0.00014320891  -1.5101392e-05  0.00017044029  2.0246517e-05  -8.1937408e-06  3.3293908e-05  2.1503601e-05  0.00015181902  -3.8168117e-05  -0.00014151618  1.0811656e-05  -0.00013996113  -2.9123347e-06  -0.00015986630  -8.0724487e-05  -0.00014326458  0.0000000   7.3796911e-05  4.7169792e-05  -0.0021739750  -0.0014734018  -0.00046104244  5.7808642e-05  7.5732780e-05  0.00037874830  -5.1198842e-05  2.4592194e-05  -0.00020819267  1.2274899e-05  -9.5772150e-05  4.9029677e-05  -0.00014320891  -1.5101392e-05  0.00017044029  2.0246517e-05  -8.1937408e-06  3.3293908e-05  2.1503601e-05  0.00015181902  -3.8168117e-05  -0.00014151618  1.0811656e-05  -0.00013996113  -2.9123347e-06  -0.00015986630  
0.00014873234  -0.00058731901  -7.3796911e-05  0.0000000   -0.0033233453  0.00018080200  0.00026410397  -0.00013116351  0.00013052254  -0.00049847458  6.7011111e-05  8.1850350e-05  -9.3427057e-05  1.0243298e-05  -0.00021237601  4.0257043e-05  4.8819700e-05  4.4829415e-05  8.9545821e-05  2.6355963e-05  2.2932711e-06  -9.8649605e-05  4.4503797e-06  -1.1281093e-05  1.2865001e-05  7.8248169e-06  -1.1344691e-05  2.2356914e-05  1.1528611e-05  -6.5078696e-06  -8.3033079e-06  0.00014873234  -0.00058731901  -7.3796911e-05  0.0000000   -0.0033233453  0.00018080200  0.00026410397  -0.00013116351  0.00013052254  -0.00049847458  6.7011111e-05  8.1850350e-05  -9.3427057e-05  1.0243298e-05  -0.00021237601  4.0257043e-05  4.8819700e-05  4.4829415e-05  8.9545821e-05  2.6355963e-05  2.2932711e-06  -9.8649605e-05  4.4503797e-06  -1.1281093e-05  1.2865001e-05  7.8248169e-06  -1.1344691e-05  2.2356914e-05  1.1528611e-05  -6.5078696e-06  -8.3033079e-06  
-0.00048498466  -8.9880942e-05  -4.7169792e-05  0.0033233453  0.0000000   0.00021019266  0.00035755243  0.00035473704  -0.00042997890  0.00078025094  -7.4468768e-05  9.2008986e-06  -0.00016410581  -2.8722019e-07  -3.8749813e-05  -2.5120936e-05  -3.4628680e-05  5.4297496e-05  -5.6233071e-05  -1.8367117e-05  7.5968969e-06  0.00013309730  -1.6384472e-05  1.2057451e-05  -7.8152652e-06  -6.0677347e-06  1.4016118e-05  6.7855492e-05  -1.1796162e-05  1.5566873e-05  -2.0671840e-05  -0.00048498466  -8.9880942e-05  -4.7169792e-05  0.0033233453  0.0000000   0.00021019266  0.00035755243  0.00035473704  -0.00042997890  0.00078025094  -7.4468768e-05  9.2008986e-06  -0.00016410581  -2.8722019e-07  -3.8749813e-05  -2.5120936e-05  -3.4628680e-05  5.4297496e-05  -5.6233071e-05  -1.8367117e-05  7.5968969e-06  0.00013309730  -1.6384472e-05  1.2057451e-05  -7.8152652e-06  -6.0677347e-06  1.4016118e-05  6.7855492e-05  -1.1796162e-05  1.5566873e-05  -2.0671840e-05  
4.2616079e-05  6.9330174e-05  0.0021739750  -0.00018080200  -0.00021019266  0.0000000   -0.0014586612  -0.00076735396  0.00012581008  -9.6859718e-05  -0.00036010854  -1.7588806e-06  -4.1456886e-05  -0.00012631512  5.0268479e-05  -0.00012335449  -0.00030144005  2.8067715e-05  -2.3268540e-05  -8.4049313e-05  0.00015777909  -2.7447058e-05  -0.00023276383  0.00021116274  -2.0839843e-05  -7.0515723e-06  7.4940064e-05  -3.5735364e-06  -3.6526203e-05  2.4478042e-05  1.0589627e-06  4.2616079e-05  6.9330174e-05  0.0021739750  -0.00018080200  -0.00021019266  0.0000000   -0.0014586612  -0.00076735396  0.00012581008  -9.6859718e-05  -0.00036010854  -1.7588806e-06  -4.1456886e-05  -0.00012631512  5.0268479e-05  -0.00012335449  -0.00030144005  2.8067715e-05  -2.3268540e-05  -8.4049313e-05  0.00015777909  -2.7447058e-05  -0.00023276383  0.00021116274  -2.0839843e-05  -7.0515723e-06  7.4940064e-05  -3.5735364e-06  -3.6526203e-05  2.4478042e-05  1.0589627e-06  
-0.00010364164  0.00015903270  0.0014734018  -0.00026410397  -0.00035755243  0.0014586612  0.0000000   -0.018417181  0.00088507928  0.00017807141  0.00075928031  -6.1374107e-05  8.0643514e-05  -6.7802789e-05  -2.2405678e-06  1.4405561e-05  0.00031752446  0.00014258013  -2.2486868e-05  0.00018796425  0.00019030163  -4.9531328e-05  2.3624600e-05  -3.2294534e-05  2.6045414e-05  9.3922008e-05  1.9717419e-05  2.7723930e-06  -2.9061854e-05  1.0094670e-05  0.00012317239  -0.00010364164  0.00015903270  0.0014734018  -0.00026410397  -0.00035755243  0.0014586612  0.0000000   -0.018417181  0.00088507928  0.00017807141  0.00075928031  -6.1374107e-05  8.0643514e-05  -6.7802789e-05  -2.2405678e-06  1.4405561e-05  0.00031752446  0.00014258013  -2.2486868e-05  0.00018796425  0.00019030163  -4.9531328e-05  2.3624600e-05  -3.2294534e-05  2.6045414e-05  9.3922008e-05  1.9717419e-05  2.7723930e-06  -2.9061854e-05  1.0094670e-05  0.00012317239  
8.5018576e-05  0.00030997469  0.00046104244  0.00013116351  -0.00035473704  0.00076735396  0.018417181  0.0000000   -0.00063940160  -0.00047001312  -0.00022307934  -0.00011368724  -6.8033296e-06  -0.00011438457  -0.00027405957  -0.00024210658  0.00017834695  -7.1896115e-05  7.7426071e-05  0.00015322509  -0.00017932193  6.3033314e-05  2.1863958e-06  -1.0476493e-05  -8.8996763e-05  8.7304891e-05  -0.00014117395  -3.3059151e-05  6.9068555e-07  -4.0121921e-05  1.1352190e-05  8.5018576e-05  0.00030997469  0.00046104244  0.00013116351  -0.00035473704  0.00076735396  0.018417181  0.0000000   -0.00063940160  -0.00047001312  -0.00022307934  -0.00011368724  -6.8033296e-06  -0.00011438457  -0.00027405957  -0.00024210658  0.00017834695  -7.1896115e-05  7.7426071e-05  0.00015322509  -0.00017932193  6.3033314e-05  2.1863958e-06  -1.0476493e-05  -8.8996763e-05  8.7304891e-05  -0.00014117395  -3.3059151e-05  6.9068555e-07  -4.0121921e-05  1.1352190e-05  
-0.00014804058  -0.00084545483  -5.7808642e-05  -0.00013052254  0.00042997890  -0.00012581008  -0.00088507928  0.00063940160  0.0000000   0.0020596294  -5.5894445e-05  0.00063098658  -0.00018018573  4.4964378e-05  0.00041306783  8.6516667e-06  8.0301606e-05  -8.7195273e-06  -1.3091520e-05  -1.3685132e-05  -1.5557540e-05  -0.00011530514  -3.3175662e-06  -8.9868484e-06  -9.8585590e-06  -9.3576718e-06  1.4497610e-06  -5.8862450e-05  1.8331995e-06  7.1006735e-07  -1.8226016e-05  -0.00014804058  -0.00084545483  -5.7808642e-05  -0.00013052254  0.00042997890  -0.00012581008  -0.00088507928  0.00063940160  0.0000000   0.0020596294  -5.5894445e-05  0.00063098658  -0.00018018573  4.4964378e-05  0.00041306783  8.6516667e-06  8.0301606e-05  -8.7195273e-06  -1.3091520e-05  -1.3685132e-05  -1.5557540e-05  -0.00011530514  -3.3175662e-06  -8.9868484e-06  -9.8585590e-06  -9.3576718e-06  1.4497610e-06  -5.8862450e-05  1.8331995e-06  7.1006735e-07  -1.8226016e-05  
0.00024911685  0.0010846784  -7.5732780e-05  0.00049847458  -0.00078025094  9.6859718e-05  -0.00017807141  0.00047001312  -0.0020596294  0.0000000   1.2754948e-05  -0.0011327774  -0.00047004402  2.2202305e-05  -0.00031538592  -1.6475394e-05  -8.7728111e-05  6.4749169e-05  -0.00024838992  -9.9783465e-06  -1.2122511e-05  -0.00016281792  7.8142938e-06  1.5956843e-05  -1.2843288e-05  -1.3820853e-05  1.6243218e-06  7.1511755e-05  1.4704801e-05  -2.7443804e-06  -3.8610426e-06  0.00024911685  0.0010846784  -7.5732780e-05  0.00049847458  -0.00078025094  9.6859718e-05  -0.00017807141  0.00047001312  -0.0020596294  0.0000000   1.2754948e-05  -0.0011327774  -0.00047004402  2.2202305e-05  -0.00031538592  -1.6475394e-05  -8.7728111e-05  6.4749169e-05  -0.00024838992  -9.9783465e-06  -1.2122511e-05  -0.00016281792  7.8142938e-06  1.5956843e-05  -1.2843288e-05  -1.3820853e-05  1.6243218e-06  7.1511755e-05  1.4704801e-05  -2.7443804e-06  -3.8610426e-06  
1.1718463e-05  -4.2090933e-05  -0.00037874830  -6.7011111e-05  7.4468768e-05  0.00036010854  -0.00075928031  0.00022307934  5.5894445e-05  -1.2754948e-05  0.0000000   0.00021017041  -1.1597200e-05  0.0011255542  -3.7849814e-05  -0.00075724879  -6.6677236e-05  -0.00025452982  -2.5872392e-06  4.4939048e-05  -0.00048730292  3.7327981e-05  0.00028650579  -8.0840619e-05  -0.00013429908  -0.00010484464  7.7089835e-06  -1.3697819e-05  -6.3536057e-06  0.00015422946  -2.8768973e-05  1.1718463e-05  -4.2090933e-05  -0.00037874830  -6.7011111e-05  7.4468768e-05  0.00036010854  -0.00075928031  0.00022307934  5.5894445e-05  -1.2754948e-05  0.0000000   0.00021017041  -1.1597200e-05  0.0011255542  -3.7849814e-05  -0.00075724879  -6.6677236e-05  -0.00025452982  -2.5872392e-06  4.4939048e-05  -0.00048730292  3.7327981e-05  0.00028650579  -8.0840619e-05  -0.00013429908  -0.00010484464  7.7089835e-06  -1.3697819e-05  -6.3536057e-06  0.00015422946  -2.8768973e-05  
0.00011708396  -0.00010072056  5.1198842e-05  -8.1850350e-05  -9.2008986e-06  1.7588806e-06  6.1374107e-05  0.00011368724  -0.00063098658  0.0011327774  -0.00021017041  0.0000000   0.0094304632  -2.9805550e-05  -0.00054567522  -0.00016781154  -8.6550503e-05  -0.00019480972  -0.00036370849  4.8289338e-05  3.2770597e-05  0.00010819943  4.6426060e-05  -6.3835407e-05  2.0680713e-05  1.4829988e-05  -5.3113646e-05  -0.00016867207  3.1021828e-06  7.0937768e-06  5.3412058e-06  0.00011708396  -0.00010072056  5.1198842e-05  -8.1850350e-05  -9.2008986e-06  1.7588806e-06  6.1374107e-05  0.00011368724  -0.00063098658  0.0011327774  -0.00021017041  0.0000000   0.0094304632  -2.9805550e-05  -0.00054567522  -0.00016781154  -8.6550503e-05  -0.00019480972  -0.00036370849  4.8289338e-05  3.2770597e-05  0.00010819943  4.6426060e-05  -6.3835407e-05  2.0680713e-05  1.4829988e-05  -5.3113646e-05  -0.00016867207  3.1021828e-06  7.0937768e-06  5.3412058e-06  
-5.0389106e-05  0.00024405360  -2.4592194e-05  9.3427057e-05  0.00016410581  4.1456886e-05  -8.0643514e-05  6.8033296e-06  0.00018018573  0.00047004402  1.1597200e-05  -0.0094304632  0.0000000   -0.00015991657  -0.00015453446  -9.7498745e-05  -0.00010144524  -0.00010320804  0.00023631647  1.2886934e-05  -9.4638359e-06  -0.00016505677  -2.5335495e-05  4.5127467e-05  -1.8150701e-06  -2.7462482e-06  -1.3837534e-06  0.00031105775  4.1665315e-06  2.3971189e-05  5.1103338e-05  -5.0389106e-05  0.00024405360  -2.4592194e-05  9.3427057e-05  0.00016410581  4.1456886e-05  -8.0643514e-05  6.8033296e-06  0.00018018573  0.00047004402  1.1597200e-05  -0.0094304632  0.0000000   -0.00015991657  -0.00015453446  -9.7498745e-05  -0.00010144524  -0.00010320804  0.00023631647  1.2886934e-05  -9.4638359e-06  -0.00016505677  -2.5335495e-05  4.5127467e-05  -1.8150701e-06  -2.7462482e-06  -1.3837534e-06  0.00031105775  4.1665315e-06  2.3971189e-05  5.1103338e-05  
3.6128949e-05  -6.5994569e-06  0.00020819267  -1.0243298e-05  2.8722019e-07  0.00012631512  6.7802789e-05  0.00011438457  -4.4964378e-05  -2.2202305e-05  -0.0011255542  2.9805550e-05  0.00015991657  0.0000000   8.6290887e-05  -0.0014590246  -0.00029599324  0.0022786528  6.9773494e-06  -0.00057976039  -0.00016952847  -3.7569243e-05  -0.00015554137  0.00034508855  -0.00021797994  -0.00013832534  -0.00011387199  -2.7514799e-05  3.4006901e-05  -8.2141774e-05  3.1773534e-05  3.6128949e-05  -6.5994569e-06  0.00020819267  -1.0243298e-05  2.8722019e-07  0.00012631512  6.7802789e-05  0.00011438457  -4.4964378e-05  -2.2202305e-05  -0.0011255542  2.9805550e-05  0.00015991657  0.0000000   8.6290887e-05  -0.0014590246  -0.00029599324  0.0022786528  6.9773494e-06  -0.00057976039  -0.00016952847  -3.7569243e-05  -0.00015554137  0.00034508855  -0.00021797994  -0.00013832534  -0.00011387199  -2.7514799e-05  3.4006901e-05  -8.2141774e-05  3.1773534e-05  
0.00030907923  0.00013796456  -1.2274899e-05  0.00021237601  3.8749813e-05  -5.0268479e-05  2.2405678e-06  0.00027405957  -0.00041306783  0.00031538592  3.7849814e-05  0.00054567522  0.00015453446  -8.6290887e-05  0.0000000   -0.00023196833  -0.00071031969  -0.0013177882  0.00036998723  3.1311813e-05  0.00011838063  0.00038724275  -3.0324243e-05  -2.5614985e-05  1.3920724e-05  8.1965749e-06  -3.7857537e-05  -0.00023445246  -1.5570579e-05  -9.9360217e-06  3.2131716e-05  0.00030907923  0.00013796456  -1.2274899e-05  0.00021237601  3.8749813e-05  -5.0268479e-05  2.2405678e-06  0.00027405957  -0.00041306783  0.00031538592  3.7849814e-05  0.00054567522  0.00015453446  -8.6290887e-05  0.0000000   -0.00023196833  -0.00071031969  -0.0013177882  0.00036998723  3.1311813e-05  0.00011838063  0.00038724275  -3.0324243e-05  -2.5614985e-05  1.3920724e-05  8.1965749e-06  -3.7857537e-05  -0.00023445246  -1.5570579e-05  -9.9360217e-06  3.2131716e-05  
-1.2943666e-05  -1.5133071e-05  9.5772150e-05  -4.0257043e-05  2.5120936e-05  0.00012335449  -1.4405561e-05  0.00024210658  -8.6516667e-06  1.6475394e-05  0.00075724879  0.00016781154  9.7498745e-05  0.0014590246  0.00023196833  0.0000000   -0.0010298246  0.0034026885  8.8997401e-05  0.00059702019  0.00034644069  -9.5290716e-05  0.00023762010  -0.00020907901  -8.8926116e-06  0.00016764810  0.00029807845  -9.9476394e-06  2.8236625e-05  2.6833577e-05  -5.0887625e-05  -1.2943666e-05  -1.5133071e-05  9.5772150e-05  -4.0257043e-05  2.5120936e-05  0.00012335449  -1.4405561e-05  0.00024210658  -8.6516667e-06  1.6475394e-05  0.00075724879  0.00016781154  9.7498745e-05  0.0014590246  0.00023196833  0.0000000   -0.0010298246  0.0034026885  8.8997401e-05  0.00059702019  0.00034644069  -9.5290716e-05  0.00023762010  -0.00020907901  -8.8926116e-06  0.00016764810  0.00029807845  -9.9476394e-06  2.8236625e-05  2.6833577e-05  -5.0887625e-05  
5.7527308e-05  1.4352144e-05  -4.9029677e-05  -4.8819700e-05  3.4628680e-05  0.00030144005  -0.00031752446  -0.00017834695  -8.0301606e-05  8.7728111e-05  6.6677236e-05  8.6550503e-05  0.00010144524  0.00029599324  0.00071031969  0.0010298246  0.0000000   0.013838961  0.00047479160  2.6601945e-05  -0.00090616416  -0.00028414743  0.00019041141  1.7415008e-05  -0.00017300629  8.7469222e-05  0.00028674493  -6.4334024e-05  0.00018502793  2.6400989e-05  -5.0599031e-05  5.7527308e-05  1.4352144e-05  -4.9029677e-05  -4.8819700e-05  3.4628680e-05  0.00030144005  -0.00031752446  -0.00017834695  -8.0301606e-05  8.7728111e-05  6.6677236e-05  8.6550503e-05  0.00010144524  0.00029599324  0.00071031969  0.0010298246  0.0000000   0.013838961  0.00047479160  2.6601945e-05  -0.00090616416  -0.00028414743  0.00019041141  1.7415008e-05  -0.00017300629  8.7469222e-05  0.00028674493  -6.4334024e-05  0.00018502793  2.6400989e-05  -5.0599031e-05  
-2.0091709e-06  -4.0415110e-05  0.00014320891  -4.4829415e-05  -5.4297496e-05  -2.8067715e-05  -0.00014258013  7.1896115e-05  8.7195273e-06  -6.4749169e-05  0.00025452982  0.00019480972  0.00010320804  -0.0022786528  0.0013177882  -0.0034026885  -0.013838961  0.0000000   -0.00039486124  0.00043229056  0.00054693158  -0.00017521944  -0.00023423969  0.00018131987  0.00030994141  0.00023811192  0.00012421452  -1.6725690e-06  -3.0233227e-05  -2.2207022e-06  0.00017423720  -2.0091709e-06  -4.0415110e-05  0.00014320891  -4.4829415e-05  -5.4297496e-05  -2.8067715e-05  -0.00014258013  7.1896115e-05  8.7195273e-06  -6.4749169e-05  0.00025452982  0.00019480972  0.00010320804  -0.0022786528  0.0013177882  -0.0034026885  -0.013838961  0.0000000   -0.00039486124  0.00043229056  0.00054693158  -0.00017521944  -0.00023423969  0.00018131987  0.00030994141  0.00023811192  0.00012421452  -1.6725690e-06  -3.0233227e-05  -2.2207022e-06  0.00017423720  
0.00025230358  0.00028593107  1.5101392e-05  -8.9545821e-05  5.6233071e-05  2.3268540e-05  2.2486868e-05  -7.7426071e-05  1.3091520e-05  0.00024838992  2.5872392e-06  0.00036370849  -0.00023631647  -6.9773494e-06  -0.00036998723  -8.8997401e-05  -0.00047479160  0.00039486124  0.0000000   3.7461105e-05  7.3496011e-05  -0.00011749860  3.8217791e-05  1.2859482e-05  1.9195154e-05  1.6857886e-05  1.2575676e-05  8.1058171e-05  4.1074462e-06  2.5613545e-05  6.6517063e-06  0.00025230358  0.00028593107  1.5101392e-05  -8.9545821e-05  5.6233071e-05  2.3268540e-05  2.2486868e-05  -7.7426071e-05  1.3091520e-05  0.00024838992  2.5872392e-06  0.00036370849  -0.00023631647  -6.9773494e-06  -0.00036998723  -8.8997401e-05  -0.00047479160  0.00039486124  0.0000000   3.7461105e-05  7.3496011e-05  -0.00011749860  3.8217791e-05  1.2859482e-05  1.9195154e-05  1.6857886e-05  1.2575676e-05  8.1058171e-05  4.1074462e-06  2.5613545e-05  6.6517063e-06  
1.4046705e-05  -9.5670194e-06  -0.00017044029  -2.6355963e-05  1.8367117e-05  8.4049313e-05  -0.00018796425  -0.00015322509  1.3685132e-05  9.9783465e-06  -4.4939048e-05  -4.8289338e-05  -1.2886934e-05  0.00057976039  -3.1311813e-05  -0.00059702019  -2.6601945e-05  -0.00043229056  -3.7461105e-05  0.0000000   0.0024914179  -2.8715607e-05  0.00076242792  -0.00021885713  0.00024365522  0.00012722359  8.6780382e-05  1.3141655e-05  -0.00016592366  -0.00024861778  -0.00013149532  1.4046705e-05  -9.5670194e-06  -0.00017044029  -2.6355963e-05  1.8367117e-05  8.4049313e-05  -0.00018796425  -0.00015322509  1.3685132e-05  9.9783465e-06  -4.4939048e-05  -4.8289338e-05  -1.2886934e-05  0.00057976039  -3.1311813e-05  -0.00059702019  -2.6601945e-05  -0.00043229056  -3.7461105e-05  0.0000000   0.0024914179  -2.8715607e-05  0.00076242792  -0.00021885713  0.00024365522  0.00012722359  8.6780382e-05  1.3141655e-05  -0.00016592366  -0.00024861778  -0.00013149532  
-4.0907081e-06  -6.4925642e-06  -2.0246517e-05  -2.2932711e-06  -7.5968969e-06  -0.00015777909  -0.00019030163  0.00017932193  1.5557540e-05  1.2122511e-05  0.00048730292  -3.2770597e-05  9.4638359e-06  0.00016952847  -0.00011838063  -0.00034644069  0.00090616416  -0.00054693158  -7.3496011e-05  -0.0024914179  0.0000000   5.0928868e-05  0.00038097212  0.00026942933  0.00019380403  0.00017469170  0.00022622996  -9.1755282e-06  -0.00024033659  -1.7348990e-05  5.7224624e-06  -4.0907081e-06  -6.4925642e-06  -2.0246517e-05  -2.2932711e-06  -7.5968969e-06  -0.00015777909  -0.00019030163  0.00017932193  1.5557540e-05  1.2122511e-05  0.00048730292  -3.2770597e-05  9.4638359e-06  0.00016952847  -0.00011838063  -0.00034644069  0.00090616416  -0.00054693158  -7.3496011e-05  -0.0024914179  0.0000000   5.0928868e-05  0.00038097212  0.00026942933  0.00019380403  0.00017469170  0.00022622996  -9.1755282e-06  -0.00024033659  -1.7348990e-05  5.7224624e-06  
4.5047289e-05  -8.3221533e-06  8.1937408e-06  9.8649605e-05  -0.00013309730  2.7447058e-05  4.9531328e-05  -6.3033314e-05  0.00011530514  0.00016281792  -3.7327981e-05  -0.00010819943  0.00016505677  3.7569243e-05  -0.00038724275  9.5290716e-05  0.00028414743  0.00017521944  0.00011749860  2.8715607e-05  -5.0928868e-05  0.0000000   -3.0044021e-05  -3.4692913e-06  -5.5948964e-05  -3.6527647e-05  -4.9728444e-05  -8.5363625e-05  2.7582328e-05  -5.6190365e-06  5.1945536e-05  4.5047289e-05  -8.3221533e-06  8.1937408e-06  9.8649605e-05  -0.00013309730  2.7447058e-05  4.9531328e-05  -6.3033314e-05  0.00011530514  0.00016281792  -3.7327981e-05  -0.00010819943  0.00016505677  3.7569243e-05  -0.00038724275  9.5290716e-05  0.00028414743  0.00017521944  0.00011749860  2.8715607e-05  -5.0928868e-05  0.0000000   -3.0044021e-05  -3.4692913e-06  -5.5948964e-05  -3.6527647e-05  -4.9728444e-05  -8.5363625e-05  2.7582328e-05  -5.6190365e-06  5.1945536e-05  
3.5138760e-05  1.3504337e-05  -3.3293908e-05  -4.4503797e-06  1.6384472e-05  0.00023276383  -2.3624600e-05  -2.1863958e-06  3.3175662e-06  -7.8142938e-06  -0.00028650579  -4.6426060e-05  2.5335495e-05  0.00015554137  3.0324243e-05  -0.00023762010  -0.00019041141  0.00023423969  -3.8217791e-05  -0.00076242792  -0.00038097212  3.0044021e-05  0.0000000   0.0020650100  0.0010479611  5.8928480e-05  -0.00046838112  -1.3769230e-05  -0.00018342521  -0.00055222272  0.00032684227  3.5138760e-05  1.3504337e-05  -3.3293908e-05  -4.4503797e-06  1.6384472e-05  0.00023276383  -2.3624600e-05  -2.1863958e-06  3.3175662e-06  -7.8142938e-06  -0.00028650579  -4.6426060e-05  2.5335495e-05  0.00015554137  3.0324243e-05  -0.00023762010  -0.00019041141  0.00023423969  -3.8217791e-05  -0.00076242792  -0.00038097212  3.0044021e-05  0.0000000   0.0020650100  0.0010479611  5.8928480e-05  -0.00046838112  -1.3769230e-05  -0.00018342521  -0.00055222272  0.00032684227  
-4.8606601e-06  9.5187741e-06  -2.1503601e-05  1.1281093e-05  -1.2057451e-05  -0.00021116274  3.2294534e-05  1.0476493e-05  8.9868484e-06  -1.5956843e-05  8.0840619e-05  6.3835407e-05  -4.5127467e-05  -0.00034508855  2.5614985e-05  0.00020907901  -1.7415008e-05  -0.00018131987  -1.2859482e-05  0.00021885713  -0.00026942933  3.4692913e-06  -0.0020650100  0.0000000   -0.0022977378  -0.00057350146  0.00026542419  9.1295311e-06  4.9995346e-05  0.00018068506  2.5853864e-05  -4.8606601e-06  9.5187741e-06  -2.1503601e-05  1.1281093e-05  -1.2057451e-05  -0.00021116274  3.2294534e-05  1.0476493e-05  8.9868484e-06  -1.5956843e-05  8.0840619e-05  6.3835407e-05  -4.5127467e-05  -0.00034508855  2.5614985e-05  0.00020907901  -1.7415008e-05  -0.00018131987  -1.2859482e-05  0.00021885713  -0.00026942933  3.4692913e-06  -0.0020650100  0.0000000   -0.0022977378  -0.00057350146  0.00026542419  9.1295311e-06  4.9995346e-05  0.00018068506  2.5853864e-05  
-1.0284569e-05  1.0500515e-05  -0.00015181902  -1.2865001e-05  7.8152652e-06  2.0839843e-05  -2.6045414e-05  8.8996763e-05  9.8585590e-06  1.2843288e-05  0.00013429908  -2.0680713e-05  1.8150701e-06  0.00021797994  -1.3920724e-05  8.8926116e-06  0.00017300629  -0.00030994141  -1.9195154e-05  -0.00024365522  -0.00019380403  5.5948964e-05  -0.0010479611  0.0022977378  0.0000000   -0.00093352591  0.00020513831  -6.0011802e-06  -0.00035696877  -2.1125201e-05  -0.00019895919  -1.0284569e-05  1.0500515e-05  -0.00015181902  -1.2865001e-05  7.8152652e-06  2.0839843e-05  -2.6045414e-05  8.8996763e-05  9.8585590e-06  1.2843288e-05  0.00013429908  -2.0680713e-05  1.8150701e-06  0.00021797994  -1.3920724e-05  8.8926116e-06  0.00017300629  -0.00030994141  -1.9195154e-05  -0.00024365522  -0.00019380403  5.5948964e-05  -0.0010479611  0.0022977378  0.0000000   -0.00093352591  0.00020513831  -6.0011802e-06  -0.00035696877  -2.1125201e-05  -0.00019895919  
8.6872358e-07  1.0366845e-05  3.8168117e-05  -7.8248169e-06  6.0677347e-06  7.0515723e-06  -9.3922008e-05  -8.7304891e-05  9.3576718e-06  1.3820853e-05  0.00010484464  -1.4829988e-05  2.7462482e-06  0.00013832534  -8.1965749e-06  -0.00016764810  -8.7469222e-05  -0.00023811192  -1.6857886e-05  -0.00012722359  -0.00017469170  3.6527647e-05  -5.8928480e-05  0.00057350146  0.00093352591  0.0000000   0.0025855843  -1.9466558e-05  -0.00055842854  5.1657426e-05  -0.00040854771  8.6872358e-07  1.0366845e-05  3.8168117e-05  -7.8248169e-06  6.0677347e-06  7.0515723e-06  -9.3922008e-05  -8.7304891e-05  9.3576718e-06  1.3820853e-05  0.00010484464  -1.4829988e-05  2.7462482e-06  0.00013832534  -8.1965749e-06  -0.00016764810  -8.7469222e-05  -0.00023811192  -1.6857886e-05  -0.00012722359  -0.00017469170  3.6527647e-05  -5.8928480e-05  0.00057350146  0.00093352591  0.0000000   0.0025855843  -1.9466558e-05  -0.00055842854  5.1657426e-05  -0.00040854771  
-7.8629542e-07  2.1782189e-05  0.00014151618  1.1344691e-05  -1.4016118e-05  -7.4940064e-05  -1.9717419e-05  0.00014117395  -1.4497610e-06  -1.6243218e-06  -7.7089835e-06  5.3113646e-05  1.3837534e-06  0.00011387199  3.7857537e-05  -0.00029807845  -0.00028674493  -0.00012421452  -1.2575676e-05  -8.6780382e-05  -0.00022622996  4.9728444e-05  0.00046838112  -0.00026542419  -0.00020513831  -0.0025855843  0.0000000   3.1176669e-05  -0.0011936471  0.00021418709  0.00027581039  -7.8629542e-07  2.1782189e-05  0.00014151618  1.1344691e-05  -1.4016118e-05  -7.4940064e-05  -1.9717419e-05  0.00014117395  -1.4497610e-06  -1.6243218e-06  -7.7089835e-06  5.3113646e-05  1.3837534e-06  0.00011387199  3.7857537e-05  -0.00029807845  -0.00028674493  -0.00012421452  -1.2575676e-05  -8.6780382e-05  -0.00022622996  4.9728444e-05  0.00046838112  -0.00026542419  -0.00020513831  -0.0025855843  0.0000000   3.1176669e-05  -0.0011936471  0.00021418709  0.00027581039  
-4.2055644e-05  0.00012348346  -1.0811656e-05  -2.2356914e-05  -6.7855492e-05  3.5735364e-06  -2.7723930e-06  3.3059151e-05  5.8862450e-05  -7.1511755e-05  1.3697819e-05  0.00016867207  -0.00031105775  2.7514799e-05  0.00023445246  9.9476394e-06  6.4334024e-05  1.6725690e-06  -8.1058171e-05  -1.3141655e-05  9.1755282e-06  8.5363625e-05  1.3769230e-05  -9.1295311e-06  6.0011802e-06  1.9466558e-05  -3.1176669e-05  0.0000000   3.9196233e-05  -4.5982132e-05  9.1489291e-05  -4.2055644e-05  0.00012348346  -1.0811656e-05  -2.2356914e-05  -6.7855492e-05  3.5735364e-06  -2.7723930e-06  3.3059151e-05  5.8862450e-05  -7.1511755e-05  1.3697819e-05  0.00016867207  -0.00031105775  2.7514799e-05  0.00023445246  9.9476394e-06  6.4334024e-05  1.6725690e-06  -8.1058171e-05  -1.3141655e-05  9.1755282e-06  8.5363625e-05  1.3769230e-05  -9.1295311e-06  6.0011802e-06  1.9466558e-05  -3.1176669e-05  0.0000000   3.9196233e-05  -4.5982132e-05  9.1489291e-05  
1.3618514e-05  7.8129736e-06  0.00013996113  -1.1528611e-05  1.1796162e-05  3.6526203e-05  2.9061854e-05  -6.9068555e-07  -1.8331995e-06  -1.4704801e-05  6.3536057e-06  -3.1021828e-06  -4.1665315e-06  -3.4006901e-05  1.5570579e-05  -2.8236625e-05  -0.00018502793  3.0233227e-05  -4.1074462e-06  0.00016592366  0.00024033659  -2.7582328e-05  0.00018342521  -4.9995346e-05  0.00035696877  0.00055842854  0.0011936471  -3.9196233e-05  0.0000000   0.0031993827  -0.0025284916  1.3618514e-05  7.8129736e-06  0.00013996113  -1.1528611e-05  1.1796162e-05  3.6526203e-05  2.9061854e-05  -6.9068555e-07  -1.8331995e-06  -1.4704801e-05  6.3536057e-06  -3.1021828e-06  -4.1665315e-06  -3.4006901e-05  1.5570579e-05  -2.8236625e-05  -0.00018502793  3.0233227e-05  -4.1074462e-06  0.00016592366  0.00024033659  -2.7582328e-05  0.00018342521  -4.9995346e-05  0.00035696877  0.00055842854  0.0011936471  -3.9196233e-05  0.0000000   0.0031993827  -0.0025284916  
6.2575716e-06  2.5622575e-05  2.9123347e-06  6.5078696e-06  -1.5566873e-05  -2.4478042e-05  -1.0094670e-05  4.0121921e-05  -7.1006735e-07  2.7443804e-06  -0.00015422946  -7.0937768e-06  -2.3971189e-05  8.2141774e-05  9.9360217e-06  -2.6833577e-05  -2.6400989e-05  2.2207022e-06  -2.5613545e-05  0.00024861778  1.7348990e-05  5.6190365e-06  0.00055222272  -0.00018068506  2.1125201e-05  -5.1657426e-05  -0.00021418709  4.5982132e-05  -0.0031993827  0.0000000   0.0026467200  6.2575716e-06  2.5622575e-05  2.9123347e-06  6.5078696e-06  -1.5566873e-05  -2.4478042e-05  -1.0094670e-05  4.0121921e-05  -7.1006735e-07  2.7443804e-06  -0.00015422946  -7.0937768e-06  -2.3971189e-05  8.2141774e-05  9.9360217e-06  -2.6833577e-05  -2.6400989e-05  2.2207022e-06  -2.5613545e-05  0.00024861778  1.7348990e-05  5.6190365e-06  0.00055222272  -0.00018068506  2.1125201e-05  -5.1657426e-05  -0.00021418709  4.5982132e-05  -0.0031993827  0.0000000   0.0026467200  
-5.7565325e-06  1.4578733e-05  0.00015986630  8.3033079e-06  2.0671840e-05  -1.0589627e-06  -0.00012317239  -1.1352190e-05  1.8226016e-05  3.8610426e-06  2.8768973e-05  -5.3412058e-06  -5.1103338e-05  -3.1773534e-05  -3.2131716e-05  5.0887625e-05  5.0599031e-05  -0.00017423720  -6.6517063e-06  0.00013149532  -5.7224624e-06  -5.1945536e-05  -0.00032684227  -2.5853864e-05  0.00019895919  0.00040854771  -0.00027581039  -9.1489291e-05  0.0025284916  -0.0026467200  0.0000000   -5.7565325e-06  1.4578733e-05  0.00015986630  8.3033079e-06  2.0671840e-05  -1.0589627e-06  -0.00012317239  -1.1352190e-05  1.8226016e-05  3.8610426e-06  2.8768973e-05  -5.3412058e-06  -5.1103338e-05  -3.1773534e-05  -3.2131716e-05  5.0887625e-05  5.0599031e-05  -0.00017423720  -6.6517063e-06  0.00013149532  -5.7224624e-06  -5.1945536e-05  -0.00032684227  -2.5853864e-05  0.00019895919  0.00040854771  -0.00027581039  -9.1489291e-05  0.0025284916  -0.0026467200  0.0000000   
0.0000000   -0.0044977718  8.0724487e-05  -0.00014873234  0.00048498466  -4.2616079e-05  0.00010364164  -8.5018576e-05  0.00014804058  -0.00024911685  -1.1718463e-05  -0.00011708396  5.0389106e-05  -3.6128949e-05  -0.00030907923  1.2943666e-05  -5.7527308e-05  2.0091709e-06  -0.00025230358  -1.4046705e-05  4.0907081e-06  -4.5047289e-05  -3.5138760e-05  4.8606601e-06  1.0284569e-05  -8.6872358e-07  7.8629542e-07  4.2055644e-05  -1.3618514e-05  -6.2575716e-06  5.7565325e-06  0.0000000   -0.0044977718  8.0724487e-05  -0.00014873234  0.00048498466  -4.2616079e-05  0.00010364164  -8.5018576e-05  0.00014804058  -0.00024911685  -1.1718463e-05  -0.00011708396  5.0389106e-05  -3.6128949e-05  -0.00030907923  1.2943666e-05  -5.7527308e-05  2.0091709e-06  -0.00025230358  -1.4046705e-05  4.0907081e-06  -4.5047289e-05  -3.5138760e-05  4.8606601e-06  1.0284569e-05  -8.6872358e-07  7.8629542e-07  4.2055644e-05  -1.3618514e-05  -6.2575716e-06  5.7565325e-06  
0.0044977718  0.0000000   0.00014326458  0.00058731901  8.9880942e-05  -6.9330174e-05  -0.00015903270  -0.00030997469  0.00084545483  -0.0010846784  4.2090933e-05  0.00010072056  -0.00024405360  6.5994569e-06  -0.00013796456  1.5133071e-05  -1.4352144e-05  4.0415110e-05  -0.00028593107  9.5670194e-06  6.4925642e-06  8.3221533e-06  -1.3504337e-05  -9.5187741e-06  -1.0500515e-05  -1.0366845e-05  -2.1782189e-05  -0.00012348346  -7.8129736e-06  -2.5622575e-05  -1.4578733e-05  0.0044977718  0.0000000   0.00014326458  0.00058731901  8.9880942e-05  -6.9330174e-05  -0.00015903270  -0.00030997469  0.00084545483  -0.0010846784  4.2090933e-05  0.00010072056  -0.00024405360  6.5994569e-06  -0.00013796456  1.5133071e-05  -1.4352144e-05  4.0415110e-05  -0.00028593107  9.5670194e-06  6.4925642e-06  8.3221533e-06  -1.3504337e-05  -9.5187741e-06  -1.0500515e-05  -1.0366845e-05  -2.1782189e-05  -0.00012348346  -7.8129736e-06  -2.5622575e-05  -1.4578733e-05  
-8.0724487e-05  -0.00014326458  0.0000000   7.3796911e-05  4.7169792e-05  -0.0021739750  -0.0014734018  -0.00046104244  5.7808642e-05  7.5732780e-05  0.00037874830  -5.1198842e-05  2.4592194e-05  -0.00020819267  1.2274899e-05  -9.5772150e-05  4.9029677e-05  -0.00014320891  -1.5101392e-05  0.00017044029  2.0246517e-05  -8.1937408e-06  3.3293908e-05  2.1503601e-05  0.00015181902  -3.8168117e-05  -0.00014151618  1.0811656e-05  -0.00013996113  -2.9123347e-06  -0.00015986630  -8.0724487e-05  -0.00014326458  0.0000000   7.3796911e-05  4.7169792e-05  -0.0021739750  -0.0014734018  -0.00046104244  5.7808642e-05  7.5732780e-05  0.00037874830  -5.1198842e-05  2.4592194e-05  -0.00020819267  1.2274899e-05  -9.5772150e-05  4.9029677e-05  -0.00014320891  -1.5101392e-05  0.00017044029  2.0246517e-05  -8.1937408e-06  3.3293908e-05  2.1503601e-05  0.00015181902  -3.8168117e-05  -0.00014151618  1.0811656e-05  -0.00013996113  -2.9123347e-06  -0.00015986630  
0.00014873234  -0.00058731901  -7.3796911e-05  0.0000000   -0.0033233453  0.00018080200  0.00026410397  -0.00013116351  0.00013052254  -0.00049847458  6.7011111e-05  8.1850350e-05  -9.3427057e-05  1.0243298e-05  -0.00021237601  4.0257043e-05  4.8819700e-05  4.4829415e-05  8.9545821e-05  2.6355963e-05  2.2932711e-06  -9.8649605e-05  4.4503797e-06  -1.1281093e-05  1.2865001e-05  7.8248169e-06  -1.1344691e-05  2.2356914e-05  1.1528611e-05  -6.5078696e-06  -8.3033079e-06  0.00014873234  -0.00058731901  -7.3796911e-05  0.0000000   -0.0033233453  0.00018080200  0.00026410397  -0.00013116351  0.00013052254  -0.00049847458  6.7011111e-05  8.1850350e-05  -9.3427057e-05  1.0243298e-05  -0.00021237601  4.0257043e-05  4.8819700e-05  4.4829415e-05  8.9545821e-05  2.6355963e-05  2.2932711e-06  -9.8649605e-05  4.4503797e-06  -1.1281093e-05  1.2865001e-05  7.8248169e-06  -1.1344691e-05  2.2356914e-05  1.1528611e-05  -6.5078696e-06  -8.3033079e-06  
-0.00048498466  -8.9880942e-05  -4.7169792e-05  0.0033233453  0.0000000   0.00021019266  0.00035755243  0.00035473704  -0.00042997890  0.00078025094  -7.4468768e-05  9.2008986e-06  -0.00016410581  -2.8722019e-07  -3.8749813e-05  -2.5120936e-05  -3.4628680e-05  5.4297496e-05  -5.6233071e-05  -1.8367117e-05  7.5968969e-06  0.00013309730  -1.6384472e-05  1.2057451e-05  -7.8152652e-06  -6.0677347e-06  1.4016118e-05  6.7855492e-05  -1.1796162e-05  1.5566873e-05  -2.0671840e-05  -0.00048498466  -8.9880942e-05  -4.7169792e-05  0.0033233453  0.0000000   0.00021019266  0.00035755243  0.00035473704  -0.00042997890  0.00078025094  -7.4468768e-05  9.2008986e-06  -0.00016410581  -2.8722019e-07  -3.8749813e-05  -2.5120936e-05  -3.4628680e-05  5.4297496e-05  -5.6233071e-05  -1.8367117e-05  7.5968969e-06  0.00013309730  -1.6384472e-05  1.2057451e-05  -7.8152652e-06  -6.0677347e-06  1.4016118e-05  6.7855492e-05  -1.1796162e-05  1.5566873e-05  -2.0671840e-05  
4.2616079e-05  6.9330174e-05  0.0021739750  -0.00018080200  -0.00021019266  0.0000000   -0.0014586612  -0.00076735396  0.00012581008  -9.6859718e-05  -0.00036010854  -1.7588806e-06  -4.1456886e-05  -0.00012631512  5.0268479e-05  -0.00012335449  -0.00030144005  2.8067715e-05  -2.3268540e-05  -8.4049313e-05  0.00015777909  -2.7447058e-05  -0.00023276383  0.00021116274  -2.0839843e-05  -7.0515723e-06  7.4940064e-05  -3.5735364e-06  -3.6526203e-05  2.4478042e-05  1.0589627e-06  4.2616079e-05  6.9330174e-05  0.0021739750  -0.00018080200  -0.00021019266  0.0000000   -0.0014586612  -0.00076735396  0.00012581008  -9.6859718e-05  -0.00036010854  -1.7588806e-06  -4.1456886e-05  -0.00012631512  5.0268479e-05  -0.00012335449  -0.00030144005  2.8067715e-05  -2.3268540e-05  -8.4049313e-05  0.00015777909  -2.7447058e-05  -0.00023276383  0.00021116274  -2.0839843e-05  -7.0515723e-06  7.4940064e-05  -3.5735364e-06  -3.6526203e-05  2.4478042e-05  1.0589627e-06  
-0.00010364164  0.00015903270  0.0014734018  -0.00026410397  -0.00035755243  0.0014586612  0.0000000   -0.018417181  0.00088507928  0.00017807141  0.00075928031  -6.1374107e-05  8.0643514e-05  -6.7802789e-05  -2.2405678e-06  1.4405561e-05  0.00031752446  0.00014258013  -2.2486868e-05  0.00018796425  0.00019030163  -4.9531328e-05  2.3624600e-05  -3.2294534e-05  2.6045414e-05  9.3922008e-05  1.9717419e-05  2.7723930e-06  -2.9061854e-05  1.0094670e-05  0.00012317239  -0.00010364164  0.00015903270  0.0014734018  -0.00026410397  -0.00035755243  0.0014586612  0.0000000   -0.018417181  0.00088507928  0.00017807141  0.00075928031  -6.1374107e-05  8.0643514e-05  -6.7802789e-05  -2.2405678e-06  1.4405561e-05  0.00031752446  0.00014258013  -2.2486868e-05  0.00018796425  0.00019030163  -4.9531328e-05  2.3624600e-05  -3.2294534e-05  2.6045414e-05  9.3922008e-05  1.9717419e-05  2.7723930e-06  -2.9061854e-05  1.0094670e-05  0.00012317239  
8.5018576e-05  0.00030997469  0.00046104244  0.00013116351  -0.00035473704  0.00076735396  0.018417181  0.0000000   -0.00063940160  -0.00047001312  -0.00022307934  -0.00011368724  -6.8033296e-06  -0.00011438457  -0.00027405957  -0.00024210658  0.00017834695  -7.1896115e-05  7.7426071e-05  0.00015322509  -0.00017932193  6.3033314e-05  2.1863958e-06  -1.0476493e-05  -8.8996763e-05  8.7304891e-05  -0.00014117395  -3.3059151e-05  6.9068555e-07  -4.0121921e-05  1.1352190e-05  8.5018576e-05  0.00030997469  0.00046104244  0.00013116351  -0.00035473704  0.00076735396  0.018417181  0.0000000   -0.00063940160  -0.00047001312  -0.00022307934  -0.00011368724  -6.8033296e-06  -0.00011438457  -0.00027405957  -0.00024210658  0.00017834695  -7.1896115e-05  7.7426071e-05  0.00015322509  -0.00017932193  6.3033314e-05  2.1863958e-06  -1.0476493e-05  -8.8996763e-05  8.7304891e-05  -0.00014117395  -3.3059151e-05  6.9068555e-07  -4.0121921e-05  1.1352190e-05  
-0.00014804058  -0.00084545483  -5.7808642e-05  -0.00013052254  0.00042997890  -0.00012581008  -0.00088507928  0.00063940160  0.0000000   0.0020596294  -5.5894445e-05  0.00063098658  -0.00018018573  4.4964378e-05  0.00041306783  8.6516667e-06  8.0301606e-05  -8.7195273e-06  -1.3091520e-05  -1.3685132e-05  -1.5557540e-05  -0.00011530514  -3.3175662e-06  -8.9868484e-06  -9.8585590e-06  -9.3576718e-06  1.4497610e-06  -5.8862450e-05  1.8331995e-06  7.1006735e-07  -1.8226016e-05  -0.00014804058  -0.00084545483  -5.7808642e-05  -0.00013052254  0.00042997890  -0.00012581008  -0.00088507928  0.00063940160  0.0000000   0.0020596294  -5.5894445e-05  0.00063098658  -0.00018018573  4.4964378e-05  0.00041306783  8.6516667e-06  8.0301606e-05  -8.7195273e-06  -1.3091520e-05  -1.3685132e-05  -1.5557540e-05  -0.00011530514  -3.3175662e-06  -8.9868484e-06  -9.8585590e-06  -9.3576718e-06  1.4497610e-06  -5.8862450e-05  1.8331995e-06  7.1006735e-07  -1.8226016e-05  
0.00024911685  0.0010846784  -7.5732780e-05  0.00049847458  -0.00078025094  9.6859718e-05  -0.00017807141  0.00047001312  -0.0020596294  0.0000000   1.2754948e-05  -0.0011327774  -0.00047004402  2.2202305e-05  -0.00031538592  -1.6475394e-05  -8.7728111e-05  6.4749169e-05  -0.00024838992  -9.9783465e-06  -1.2122511e-05  -0.00016281792  7.8142938e-06  1.5956843e-05  -1.2843288e-05  -1.3820853e-05  1.6243218e-06  7.1511755e-05  1.4704801e-05  -2.7443804e-06  -3.8610426e-06  0.00024911685  0.0010846784  -7.5732780e-05  0.00049847458  -0.00078025094  9.6859718e-05  -0.00017807141  0.00047001312  -0.0020596294  0.0000000   1.2754948e-05  -0.0011327774  -0.00047004402  2.2202305e-05  -0.00031538592  -1.6475394e-05  -8.7728111e-05  6.4749169e-05  -0.00024838992  -9.9783465e-06  -1.2122511e-05  -0.00016281792  7.8142938e-06  1.5956843e-05  -1.2843288e-05  -1.3820853e-05  1.6243218e-06  7.1511755e-05  1.4704801e-05  -2.7443804e-06  -3.8610426e-06  
1.1718463e-05  -4.2090933e-05  -0.00037874830  -6.7011111e-05  7.4468768e-05  0.00036010854  -0.00075928031  0.00022307934  5.5894445e-05  -1.2754948e-05  0.0000000   0.00021017041  -1.1597200e-05  0.0011255542  -3.7849814e-05  -0.00075724879  -6.6677236e-05  -0.00025452982  -2.5872392e-06  4.4939048e-05  -0.00048730292  3.7327981e-05  0.00028650579  -8.0840619e-05  -0.00013429908  -0.00010484464  7.7089835e-06  -1.3697819e-05  -6.3536057e-06  0.00015422946  -2.8768973e-05  1.1718463e-05  -4.2090933e-05  -0.00037874830  -6.7011111e-05  7.4468768e-05  0.00036010854  -0.00075928031  0.00022307934  5.5894445e-05  -1.2754948e-05  0.0000000   0.00021017041  -1.1597200e-05  0.0011255542  -3.7849814e-05  -0.00075724879  -6.6677236e-05  -0.00025452982  -2.5872392e-06  4.4939048e-05  -0.00048730292  3.7327981e-05  0.00028650579  -8.0840619e-05  -0.00013429908  -0.00010484464  7.7089835e-06  -1.3697819e-05  -6.3536057e-06  0.00015422946  -2.8768973e-05  
