0.0000000   -2.4147805e-05  -4.5646121e-05  0.00017600917  0.00063960915  -2.8019438e-05  0.00058168731  4.3275759e-06  5.2923244e-05  1.0399894e-05  -5.8530814e-05  7.0652435e-06  -0.00017020039  -9.5366100e-06  -0.00014295459  4.3344653e-06  1.2782270e-05  7.3424631e-05  -1.5960415e-05  -0.00021483931  -7.1272502e-05  -1.7874735e-05  3.8748357e-07  1.7024792e-05  1.3076319e-05  -1.3560125e-05  1.2216995e-05  1.7813966e-05  -1.6150517e-05  -2.4394410e-06  -7.2873279e-06  0.0000000   -2.4147805e-05  -4.5646121e-05  0.00017600917  0.00063960915  -2.8019438e-05  0.00058168731  4.3275759e-06  5.2923244e-05  1.0399894e-05  -5.8530814e-05  7.0652435e-06  -0.00017020039  -9.5366100e-06  -0.00014295459  4.3344653e-06  1.2782270e-05  7.3424631e-05  -1.5960415e-05  -0.00021483931  -7.1272502e-05  -1.7874735e-05  3.8748357e-07  1.7024792e-05  1.3076319e-05  -1.3560125e-05  1.2216995e-05  1.7813966e-05  -1.6150517e-05  -2.4394410e-06  -7.2873279e-06  
2.4147805e-05  0.0000000   0.00034347153  5.9715318e-06  6.2488525e-05  -0.00011595457  5.9351470e-05  -0.00019540392  -0.00029506836  -0.00017037570  0.00035699960  1.7243463e-05  -6.4821247e-06  0.00011461202  -1.0752136e-05  -6.2035491e-05  5.9979135e-05  2.5131000e-06  6.9643919e-05  -2.3589571e-05  -3.2651883e-06  2.8683937e-06  1.1383414e-06  -0.00011486605  -6.7759723e-05  0.00011594847  5.0108679e-05  -0.00016934852  5.4761751e-05  7.7647554e-05  3.8144371e-05  2.4147805e-05  0.0000000   0.00034347153  5.9715318e-06  6.2488525e-05  -0.00011595457  5.9351470e-05  -0.00019540392  -0.00029506836  -0.00017037570  0.00035699960  1.7243463e-05  -6.4821247e-06  0.00011461202  -1.0752136e-05  -6.2035491e-05  5.9979135e-05  2.5131000e-06  6.9643919e-05  -2.3589571e-05  -3.2651883e-06  2.8683937e-06  1.1383414e-06  -0.00011486605  -6.7759723e-05  0.00011594847  5.0108679e-05  -0.00016934852  5.4761751e-05  7.7647554e-05  3.8144371e-05  
4.5646121e-05  -0.00034347153  0.0000000   2.2709531e-05  -1.8159103e-05  0.00010927150  -6.0392545e-05  0.00024903251  0.00045573244  -3.7621420e-06  8.4016840e-05  0.00036077706  7.1208890e-06  8.8428573e-07  1.0700595e-05  -8.4437816e-05  -9.7569467e-05  -2.5596515e-05  0.00015452638  1.0587965e-06  -1.2958284e-05  7.5360193e-06  2.2426498e-06  -0.00013456869  -0.00010415157  -4.8570462e-05  1.9044455e-05  -6.8635031e-05  3.6676755e-05  6.2185177e-05  -1.6613335e-05  4.5646121e-05  -0.00034347153  0.0000000   2.2709531e-05  -1.8159103e-05  0.00010927150  -6.0392545e-05  0.00024903251  0.00045573244  -3.7621420e-06  8.4016840e-05  0.00036077706  7.1208890e-06  8.8428573e-07  1.0700595e-05  -8.4437816e-05  -9.7569467e-05  -2.5596515e-05  0.00015452638  1.0587965e-06  -1.2958284e-05  7.5360193e-06  2.2426498e-06  -0.00013456869  -0.00010415157  -4.8570462e-05  1.9044455e-05  -6.8635031e-05  3.6676755e-05  6.2185177e-05  -1.6613335e-05  
-0.00017600917  -5.9715318e-06  -2.2709531e-05  0.0000000   -0.00086547147  1.4203037e-05  -0.00029161749  -1.2112743e-05  -1.3118668e-05  -2.5101636e-06  2.1280702e-05  3.7531308e-06  -5.7257720e-05  -2.2805622e-05  0.00025214931  1.2897565e-05  -3.2572878e-06  -7.8547874e-05  5.0684116e-07  -6.8200319e-06  -9.4280099e-05  -3.4190949e-05  -4.3253470e-05  5.2917991e-06  -5.3042420e-06  8.3535097e-06  -8.8924464e-06  -1.4637888e-05  4.1239807e-06  -5.9352182e-07  4.6381716e-06  -0.00017600917  -5.9715318e-06  -2.2709531e-05  0.0000000   -0.00086547147  1.4203037e-05  -0.00029161749  -1.2112743e-05  -1.3118668e-05  -2.5101636e-06  2.1280702e-05  3.7531308e-06  -5.7257720e-05  -2.2805622e-05  0.00025214931  1.2897565e-05  -3.2572878e-06  -7.8547874e-05  5.0684116e-07  -6.8200319e-06  -9.4280099e-05  -3.4190949e-05  -4.3253470e-05  5.2917991e-06  -5.3042420e-06  8.3535097e-06  -8.8924464e-06  -1.4637888e-05  4.1239807e-06  -5.9352182e-07  4.6381716e-06  
-0.00063960915  -6.2488525e-05  1.8159103e-05  0.00086547147  0.0000000   5.1498792e-05  -0.0010939283  4.1353573e-06  -0.00012466965  1.9997416e-05  -2.9412862e-05  1.2983804e-05  -0.00047085565  1.6591165e-05  -7.9091793e-05  4.5820690e-06  2.7626671e-06  6.9987257e-06  -1.6145413e-06  0.00020205728  -0.00015813055  -0.00023900144  -2.3853551e-05  1.9715779e-06  -8.6526823e-06  -2.2692699e-06  5.1895681e-06  -1.2078788e-05  9.7167167e-07  -4.2720321e-06  8.9190568e-06  -0.00063960915  -6.2488525e-05  1.8159103e-05  0.00086547147  0.0000000   5.1498792e-05  -0.0010939283  4.1353573e-06  -0.00012466965  1.9997416e-05  -2.9412862e-05  1.2983804e-05  -0.00047085565  1.6591165e-05  -7.9091793e-05  4.5820690e-06  2.7626671e-06  6.9987257e-06  -1.6145413e-06  0.00020205728  -0.00015813055  -0.00023900144  -2.3853551e-05  1.9715779e-06  -8.6526823e-06  -2.2692699e-06  5.1895681e-06  -1.2078788e-05  9.7167167e-07  -4.2720321e-06  8.9190568e-06  
2.8019438e-05  0.00011595457  -0.00010927150  -1.4203037e-05  -5.1498792e-05  0.0000000   -8.7674948e-05  -0.00019859062  0.0011444267  -0.00032383993  0.00047966888  0.00074114710  -5.8029318e-06  -0.00027485961  -1.0846863e-05  0.00011976973  8.3472669e-05  -8.9592107e-07  0.00016700732  -3.1956344e-05  -2.6571575e-05  -7.8323655e-06  -5.6759359e-06  3.6101915e-05  7.9756390e-05  2.9679254e-05  -8.9452369e-05  -0.00020501864  -3.9373041e-05  0.00013043114  1.3114966e-05  2.8019438e-05  0.00011595457  -0.00010927150  -1.4203037e-05  -5.1498792e-05  0.0000000   -8.7674948e-05  -0.00019859062  0.0011444267  -0.00032383993  0.00047966888  0.00074114710  -5.8029318e-06  -0.00027485961  -1.0846863e-05  0.00011976973  8.3472669e-05  -8.9592107e-07  0.00016700732  -3.1956344e-05  -2.6571575e-05  -7.8323655e-06  -5.6759359e-06  3.6101915e-05  7.9756390e-05  2.9679254e-05  -8.9452369e-05  -0.00020501864  -3.9373041e-05  0.00013043114  1.3114966e-05  
-0.00058168731  -5.9351470e-05  6.0392545e-05  0.00029161749  0.0010939283  8.7674948e-05  0.0000000   -9.5702208e-05  5.2796334e-05  -0.00018636460  4.0845976e-05  -5.9412649e-06  0.00019356132  -2.9908564e-05  -6.9110258e-05  2.6125471e-05  1.1407024e-05  -9.6664314e-05  3.0414916e-06  0.00025628008  0.00031033100  0.00020151646  6.5127479e-05  2.3504297e-05  1.3925719e-05  -1.0505783e-05  -3.3073648e-05  -4.2134875e-06  7.0173898e-06  -3.9797155e-06  5.4338737e-06  -0.00058168731  -5.9351470e-05  6.0392545e-05  0.00029161749  0.0010939283  8.7674948e-05  0.0000000   -9.5702208e-05  5.2796334e-05  -0.00018636460  4.0845976e-05  -5.9412649e-06  0.00019356132  -2.9908564e-05  -6.9110258e-05  2.6125471e-05  1.1407024e-05  -9.6664314e-05  3.0414916e-06  0.00025628008  0.00031033100  0.00020151646  6.5127479e-05  2.3504297e-05  1.3925719e-05  -1.0505783e-05  -3.3073648e-05  -4.2134875e-06  7.0173898e-06  -3.9797155e-06  5.4338737e-06  
-4.3275759e-06  0.00019540392  -0.00024903251  1.2112743e-05  -4.1353573e-06  0.00019859062  9.5702208e-05  0.0000000   -0.0013714962  -0.0013993662  -3.7459257e-05  0.00024793540  -1.1949913e-05  -0.00014572173  -1.5286282e-05  -0.00016604291  8.7824443e-05  -1.9683862e-05  0.00021876366  -3.5961773e-06  6.9638320e-08  -1.6108544e-05  -1.8836113e-05  -0.00024157388  -4.5333407e-05  7.9102239e-05  0.00010086025  4.0257975e-05  -0.00011934151  -0.00013342481  7.5764893e-05  -4.3275759e-06  0.00019540392  -0.00024903251  1.2112743e-05  -4.1353573e-06  0.00019859062  9.5702208e-05  0.0000000   -0.0013714962  -0.0013993662  -3.7459257e-05  0.00024793540  -1.1949913e-05  -0.00014572173  -1.5286282e-05  -0.00016604291  8.7824443e-05  -1.9683862e-05  0.00021876366  -3.5961773e-06  6.9638320e-08  -1.6108544e-05  -1.8836113e-05  -0.00024157388  -4.5333407e-05  7.9102239e-05  0.00010086025  4.0257975e-05  -0.00011934151  -0.00013342481  7.5764893e-05  
-5.2923244e-05  0.00029506836  -0.00045573244  1.3118668e-05  0.00012466965  -0.0011444267  -5.2796334e-05  0.0013714962  0.0000000   0.0022494235  -0.00020986951  0.00067382983  6.3049752e-05  0.00028781092  1.6641123e-05  -0.00034942542  -0.00015981685  -2.6446976e-05  0.00015655626  8.8780199e-07  1.3237166e-05  1.9443155e-05  -8.4423388e-06  -1.9041682e-05  -0.00021303674  6.2256647e-05  0.00017180652  -0.00015558370  3.3876109e-05  3.2127595e-05  -2.2996627e-05  -5.2923244e-05  0.00029506836  -0.00045573244  1.3118668e-05  0.00012466965  -0.0011444267  -5.2796334e-05  0.0013714962  0.0000000   0.0022494235  -0.00020986951  0.00067382983  6.3049752e-05  0.00028781092  1.6641123e-05  -0.00034942542  -0.00015981685  -2.6446976e-05  0.00015655626  8.8780199e-07  1.3237166e-05  1.9443155e-05  -8.4423388e-06  -1.9041682e-05  -0.00021303674  6.2256647e-05  0.00017180652  -0.00015558370  3.3876109e-05  3.2127595e-05  -2.2996627e-05  
-1.0399894e-05  0.00017037570  3.7621420e-06  2.5101636e-06  -1.9997416e-05  0.00032383993  0.00018636460  0.0013993662  -0.0022494235  0.0000000   -0.0015031252  -0.00010230056  -1.3727637e-05  -7.5904311e-06  6.1595561e-06  0.00014816879  4.2661661e-05  -4.5423702e-05  0.00016542251  1.6279972e-05  2.2895087e-05  1.2613490e-05  -1.6194960e-05  2.1867701e-05  0.00010516231  -6.0968917e-05  1.8587123e-05  -0.00015982749  -0.00010162658  -5.0156535e-05  -1.4461813e-05  -1.0399894e-05  0.00017037570  3.7621420e-06  2.5101636e-06  -1.9997416e-05  0.00032383993  0.00018636460  0.0013993662  -0.0022494235  0.0000000   -0.0015031252  -0.00010230056  -1.3727637e-05  -7.5904311e-06  6.1595561e-06  0.00014816879  4.2661661e-05  -4.5423702e-05  0.00016542251  1.6279972e-05  2.2895087e-05  1.2613490e-05  -1.6194960e-05  2.1867701e-05  0.00010516231  -6.0968917e-05  1.8587123e-05  -0.00015982749  -0.00010162658  -5.0156535e-05  -1.4461813e-05  
5.8530814e-05  -0.00035699960  -8.4016840e-05  -2.1280702e-05  2.9412862e-05  -0.00047966888  -4.0845976e-05  3.7459257e-05  0.00020986951  0.0015031252  0.0000000   0.0028448249  9.6628135e-05  0.00020556851  4.8606510e-05  -0.00044696184  0.00023019715  -1.4641309e-05  0.00022234077  -4.9501439e-05  -4.6314117e-05  1.1531969e-05  -4.7336102e-06  1.4830850e-05  2.2946019e-05  0.00025198714  -0.00012824777  -0.00010691213  -1.6843144e-05  0.00013860667  0.00015558703  5.8530814e-05  -0.00035699960  -8.4016840e-05  -2.1280702e-05  2.9412862e-05  -0.00047966888  -4.0845976e-05  3.7459257e-05  0.00020986951  0.0015031252  0.0000000   0.0028448249  9.6628135e-05  0.00020556851  4.8606510e-05  -0.00044696184  0.00023019715  -1.4641309e-05  0.00022234077  -4.9501439e-05  -4.6314117e-05  1.1531969e-05  -4.7336102e-06  1.4830850e-05  2.2946019e-05  0.00025198714  -0.00012824777  -0.00010691213  -1.6843144e-05  0.00013860667  0.00015558703  
-7.0652435e-06  -1.7243463e-05  -0.00036077706  -3.7531308e-06  -1.2983804e-05  -0.00074114710  5.9412649e-06  -0.00024793540  -0.00067382983  0.00010230056  -0.0028448249  0.0000000   3.8498751e-06  0.0015386276  4.8667592e-05  -0.00013786438  -0.00031631305  -0.00010923190  0.00063113444  -2.7424548e-05  -4.1091162e-05  -1.7335867e-05  1.0158251e-05  0.00026176189  -0.00040378393  4.3733535e-05  -0.00023126857  -0.00016632165  2.1927646e-05  -7.3207969e-05  -0.00011062490  -7.0652435e-06  -1.7243463e-05  -0.00036077706  -3.7531308e-06  -1.2983804e-05  -0.00074114710  5.9412649e-06  -0.00024793540  -0.00067382983  0.00010230056  -0.0028448249  0.0000000   3.8498751e-06  0.0015386276  4.8667592e-05  -0.00013786438  -0.00031631305  -0.00010923190  0.00063113444  -2.7424548e-05  -4.1091162e-05  -1.7335867e-05  1.0158251e-05  0.00026176189  -0.00040378393  4.3733535e-05  -0.00023126857  -0.00016632165  2.1927646e-05  -7.3207969e-05  -0.00011062490  
0.00017020039  6.4821247e-06  -7.1208890e-06  5.7257720e-05  0.00047085565  5.8029318e-06  -0.00019356132  1.1949913e-05  -6.3049752e-05  1.3727637e-05  -9.6628135e-05  -3.8498751e-06  0.0000000   -2.8319325e-05  1.0475908e-05  -2.3454408e-05  2.3832211e-05  0.00048144033  6.8915771e-05  -0.00017239373  -3.2079974e-06  -1.7358229e-05  5.9179601e-05  -1.2104271e-05  -1.7239349e-05  1.3703047e-05  -4.4424671e-06  7.2018909e-06  3.9543508e-06  -6.1362030e-06  -2.3789807e-06  0.00017020039  6.4821247e-06  -7.1208890e-06  5.7257720e-05  0.00047085565  5.8029318e-06  -0.00019356132  1.1949913e-05  -6.3049752e-05  1.3727637e-05  -9.6628135e-05  -3.8498751e-06  0.0000000   -2.8319325e-05  1.0475908e-05  -2.3454408e-05  2.3832211e-05  0.00048144033  6.8915771e-05  -0.00017239373  -3.2079974e-06  -1.7358229e-05  5.9179601e-05  -1.2104271e-05  -1.7239349e-05  1.3703047e-05  -4.4424671e-06  7.2018909e-06  3.9543508e-06  -6.1362030e-06  -2.3789807e-06  
9.5366100e-06  -0.00011461202  -8.8428573e-07  2.2805622e-05  -1.6591165e-05  0.00027485961  2.9908564e-05  0.00014572173  -0.00028781092  7.5904311e-06  -0.00020556851  -0.0015386276  2.8319325e-05  0.0000000   2.5708961e-05  -0.0010547225  1.6844363e-06  -8.6174278e-05  -8.1762368e-05  1.9637759e-05  1.8715233e-05  1.1975652e-05  -1.2801819e-05  -1.0765514e-05  0.00017359808  5.5766249e-05  0.00021381940  -0.00028205031  8.6236977e-05  0.00020574988  -0.00013665691  9.5366100e-06  -0.00011461202  -8.8428573e-07  2.2805622e-05  -1.6591165e-05  0.00027485961  2.9908564e-05  0.00014572173  -0.00028781092  7.5904311e-06  -0.00020556851  -0.0015386276  2.8319325e-05  0.0000000   2.5708961e-05  -0.0010547225  1.6844363e-06  -8.6174278e-05  -8.1762368e-05  1.9637759e-05  1.8715233e-05  1.1975652e-05  -1.2801819e-05  -1.0765514e-05  0.00017359808  5.5766249e-05  0.00021381940  -0.00028205031  8.6236977e-05  0.00020574988  -0.00013665691  
0.00014295459  1.0752136e-05  -1.0700595e-05  -0.00025214931  7.9091793e-05  1.0846863e-05  6.9110258e-05  1.5286282e-05  -1.6641123e-05  -6.1595561e-06  -4.8606510e-05  -4.8667592e-05  -1.0475908e-05  -2.5708961e-05  0.0000000   -3.8976261e-05  3.2076260e-05  0.0011891813  8.4573401e-05  -8.6007473e-05  -0.00054032523  -5.0254628e-05  0.00011025880  -3.5087270e-05  -1.6587274e-05  2.5776092e-05  -9.2164625e-06  -3.1656401e-05  -9.5758693e-06  3.7187806e-06  -6.1221681e-06  0.00014295459  1.0752136e-05  -1.0700595e-05  -0.00025214931  7.9091793e-05  1.0846863e-05  6.9110258e-05  1.5286282e-05  -1.6641123e-05  -6.1595561e-06  -4.8606510e-05  -4.8667592e-05  -1.0475908e-05  -2.5708961e-05  0.0000000   -3.8976261e-05  3.2076260e-05  0.0011891813  8.4573401e-05  -8.6007473e-05  -0.00054032523  -5.0254628e-05  0.00011025880  -3.5087270e-05  -1.6587274e-05  2.5776092e-05  -9.2164625e-06  -3.1656401e-05  -9.5758693e-06  3.7187806e-06  -6.1221681e-06  
-4.3344653e-06  6.2035491e-05  8.4437816e-05  -1.2897565e-05  -4.5820690e-06  -0.00011976973  -2.6125471e-05  0.00016604291  0.00034942542  -0.00014816879  0.00044696184  0.00013786438  2.3454408e-05  0.0010547225  3.8976261e-05  0.0000000   -0.00016750991  0.00018384229  -0.00097368083  -3.7346372e-05  3.7778289e-05  3.2516109e-05  -3.0746422e-05  0.00029255709  0.00073134150  -0.00033323767  0.00016753934  -5.9062095e-05  -0.00020863370  -0.00021222953  3.5980680e-05  -4.3344653e-06  6.2035491e-05  8.4437816e-05  -1.2897565e-05  -4.5820690e-06  -0.00011976973  -2.6125471e-05  0.00016604291  0.00034942542  -0.00014816879  0.00044696184  0.00013786438  2.3454408e-05  0.0010547225  3.8976261e-05  0.0000000   -0.00016750991  0.00018384229  -0.00097368083  -3.7346372e-05  3.7778289e-05  3.2516109e-05  -3.0746422e-05  0.00029255709  0.00073134150  -0.00033323767  0.00016753934  -5.9062095e-05  -0.00020863370  -0.00021222953  3.5980680e-05  
-1.2782270e-05  -5.9979135e-05  9.7569467e-05  3.2572878e-06  -2.7626671e-06  -8.3472669e-05  -1.1407024e-05  -8.7824443e-05  0.00015981685  -4.2661661e-05  -0.00023019715  0.00031631305  -2.3832211e-05  -1.6844363e-06  -3.2076260e-05  0.00016750991  0.0000000   4.9769488e-05  -0.00032476172  7.9861204e-05  0.00010164027  9.1177120e-07  2.3087514e-05  -0.00053899578  0.00025278419  0.00032772232  -0.00013319800  0.00022246384  -6.3423935e-05  -0.00018711457  0.00016775823  -1.2782270e-05  -5.9979135e-05  9.7569467e-05  3.2572878e-06  -2.7626671e-06  -8.3472669e-05  -1.1407024e-05  -8.7824443e-05  0.00015981685  -4.2661661e-05  -0.00023019715  0.00031631305  -2.3832211e-05  -1.6844363e-06  -3.2076260e-05  0.00016750991  0.0000000   4.9769488e-05  -0.00032476172  7.9861204e-05  0.00010164027  9.1177120e-07  2.3087514e-05  -0.00053899578  0.00025278419  0.00032772232  -0.00013319800  0.00022246384  -6.3423935e-05  -0.00018711457  0.00016775823  
-7.3424631e-05  -2.5131000e-06  2.5596515e-05  7.8547874e-05  -6.9987257e-06  8.9592107e-07  9.6664314e-05  1.9683862e-05  2.6446976e-05  4.5423702e-05  1.4641309e-05  0.00010923190  -0.00048144033  8.6174278e-05  -0.0011891813  -0.00018384229  -4.9769488e-05  0.0000000   9.6424233e-05  0.0017941292  0.00032037897  0.00049438041  -0.00015270491  4.3654656e-05  -2.5689210e-06  1.0257306e-05  -4.2513657e-05  3.3058349e-05  6.1823130e-07  -1.8630523e-05  -8.2492973e-06  -7.3424631e-05  -2.5131000e-06  2.5596515e-05  7.8547874e-05  -6.9987257e-06  8.9592107e-07  9.6664314e-05  1.9683862e-05  2.6446976e-05  4.5423702e-05  1.4641309e-05  0.00010923190  -0.00048144033  8.6174278e-05  -0.0011891813  -0.00018384229  -4.9769488e-05  0.0000000   9.6424233e-05  0.0017941292  0.00032037897  0.00049438041  -0.00015270491  4.3654656e-05  -2.5689210e-06  1.0257306e-05  -4.2513657e-05  3.3058349e-05  6.1823130e-07  -1.8630523e-05  -8.2492973e-06  
1.5960415e-05  -6.9643919e-05  -0.00015452638  -5.0684116e-07  1.6145413e-06  -0.00016700732  -3.0414916e-06  -0.00021876366  -0.00015655626  -0.00016542251  -0.00022234077  -0.00063113444  -6.8915771e-05  8.1762368e-05  -8.4573401e-05  0.00097368083  0.00032476172  -9.6424233e-05  0.0000000   0.00024543880  -4.4985454e-05  9.4580227e-05  4.5246029e-05  0.00010918395  -0.00014153685  -0.00014193790  1.3325591e-05  1.5915720e-06  0.00036459961  3.8463457e-05  0.00022370394  1.5960415e-05  -6.9643919e-05  -0.00015452638  -5.0684116e-07  1.6145413e-06  -0.00016700732  -3.0414916e-06  -0.00021876366  -0.00015655626  -0.00016542251  -0.00022234077  -0.00063113444  -6.8915771e-05  8.1762368e-05  -8.4573401e-05  0.00097368083  0.00032476172  -9.6424233e-05  0.0000000   0.00024543880  -4.4985454e-05  9.4580227e-05  4.5246029e-05  0.00010918395  -0.00014153685  -0.00014193790  1.3325591e-05  1.5915720e-06  0.00036459961  3.8463457e-05  0.00022370394  
0.00021483931  2.3589571e-05  -1.0587965e-06  6.8200319e-06  -0.00020205728  3.1956344e-05  -0.00025628008  3.5961773e-06  -8.8780199e-07  -1.6279972e-05  4.9501439e-05  2.7424548e-05  0.00017239373  -1.9637759e-05  8.6007473e-05  3.7346372e-05  -7.9861204e-05  -0.0017941292  -0.00024543880  0.0000000   -0.0021235324  0.00025217694  0.00026742789  -7.3295568e-05  3.4276965e-05  1.3568186e-05  5.9823991e-05  2.4903075e-05  -8.5071702e-05  1.9089404e-05  -6.0111106e-06  0.00021483931  2.3589571e-05  -1.0587965e-06  6.8200319e-06  -0.00020205728  3.1956344e-05  -0.00025628008  3.5961773e-06  -8.8780199e-07  -1.6279972e-05  4.9501439e-05  2.7424548e-05  0.00017239373  -1.9637759e-05  8.6007473e-05  3.7346372e-05  -7.9861204e-05  -0.0017941292  -0.00024543880  0.0000000   -0.0021235324  0.00025217694  0.00026742789  -7.3295568e-05  3.4276965e-05  1.3568186e-05  5.9823991e-05  2.4903075e-05  -8.5071702e-05  1.9089404e-05  -6.0111106e-06  
7.1272502e-05  3.2651883e-06  1.2958284e-05  9.4280099e-05  0.00015813055  2.6571575e-05  -0.00031033100  -6.9638320e-08  -1.3237166e-05  -2.2895087e-05  4.6314117e-05  4.1091162e-05  3.2079974e-06  -1.8715233e-05  0.00054032523  -3.7778289e-05  -0.00010164027  -0.00032037897  4.4985454e-05  0.0021235324  0.0000000   0.00013366839  0.00092905175  3.1892373e-05  2.8800634e-06  -1.1975118e-05  0.00011047038  8.0943574e-05  -9.6126399e-05  5.7902370e-05  -2.0561033e-05  7.1272502e-05  3.2651883e-06  1.2958284e-05  9.4280099e-05  0.00015813055  2.6571575e-05  -0.00031033100  -6.9638320e-08  -1.3237166e-05  -2.2895087e-05  4.6314117e-05  4.1091162e-05  3.2079974e-06  -1.8715233e-05  0.00054032523  -3.7778289e-05  -0.00010164027  -0.00032037897  4.4985454e-05  0.0021235324  0.0000000   0.00013366839  0.00092905175  3.1892373e-05  2.8800634e-06  -1.1975118e-05  0.00011047038  8.0943574e-05  -9.6126399e-05  5.7902370e-05  -2.0561033e-05  
1.7874735e-05  -2.8683937e-06  -7.5360193e-06  3.4190949e-05  0.00023900144  7.8323655e-06  -0.00020151646  1.6108544e-05  -1.9443155e-05  -1.2613490e-05  -1.1531969e-05  1.7335867e-05  1.7358229e-05  -1.1975652e-05  5.0254628e-05  -3.2516109e-05  -9.1177120e-07  -0.00049438041  -9.4580227e-05  -0.00025217694  -0.00013366839  0.0000000   0.0030059056  -5.4155927e-05  -6.5820372e-05  9.2416010e-06  -4.4340187e-06  4.9743393e-06  -5.7856319e-05  -1.4157116e-05  8.5084400e-06  1.7874735e-05  -2.8683937e-06  -7.5360193e-06  3.4190949e-05  0.00023900144  7.8323655e-06  -0.00020151646  1.6108544e-05  -1.9443155e-05  -1.2613490e-05  -1.1531969e-05  1.7335867e-05  1.7358229e-05  -1.1975652e-05  5.0254628e-05  -3.2516109e-05  -9.1177120e-07  -0.00049438041  -9.4580227e-05  -0.00025217694  -0.00013366839  0.0000000   0.0030059056  -5.4155927e-05  -6.5820372e-05  9.2416010e-06  -4.4340187e-06  4.9743393e-06  -5.7856319e-05  -1.4157116e-05  8.5084400e-06  
-3.8748357e-07  -1.1383414e-06  -2.2426498e-06  4.3253470e-05  2.3853551e-05  5.6759359e-06  -6.5127479e-05  1.8836113e-05  8.4423388e-06  1.6194960e-05  4.7336102e-06  -1.0158251e-05  -5.9179601e-05  1.2801819e-05  -0.00011025880  3.0746422e-05  -2.3087514e-05  0.00015270491  -4.5246029e-05  -0.00026742789  -0.00092905175  -0.0030059056  0.0000000   -0.00010899321  8.6596800e-05  -2.2969455e-06  -5.2886589e-06  -1.4474817e-05  1.8298752e-05  -2.5702806e-05  1.5578220e-05  -3.8748357e-07  -1.1383414e-06  -2.2426498e-06  4.3253470e-05  2.3853551e-05  5.6759359e-06  -6.5127479e-05  1.8836113e-05  8.4423388e-06  1.6194960e-05  4.7336102e-06  -1.0158251e-05  -5.9179601e-05  1.2801819e-05  -0.00011025880  3.0746422e-05  -2.3087514e-05  0.00015270491  -4.5246029e-05  -0.00026742789  -0.00092905175  -0.0030059056  0.0000000   -0.00010899321  8.6596800e-05  -2.2969455e-06  -5.2886589e-06  -1.4474817e-05  1.8298752e-05  -2.5702806e-05  1.5578220e-05  
-1.7024792e-05  0.00011486605  0.00013456869  -5.2917991e-06  -1.9715779e-06  -3.6101915e-05  -2.3504297e-05  0.00024157388  1.9041682e-05  -2.1867701e-05  -1.4830850e-05  -0.00026176189  1.2104271e-05  1.0765514e-05  3.5087270e-05  -0.00029255709  0.00053899578  -4.3654656e-05  -0.00010918395  7.3295568e-05  -3.1892373e-05  5.4155927e-05  0.00010899321  0.0000000   0.0014577489  0.00046240684  -0.00045652212  -0.00037428300  5.7533709e-05  -3.8993528e-05  -0.00042603118  -1.7024792e-05  0.00011486605  0.00013456869  -5.2917991e-06  -1.9715779e-06  -3.6101915e-05  -2.3504297e-05  0.00024157388  1.9041682e-05  -2.1867701e-05  -1.4830850e-05  -0.00026176189  1.2104271e-05  1.0765514e-05  3.5087270e-05  -0.00029255709  0.00053899578  -4.3654656e-05  -0.00010918395  7.3295568e-05  -3.1892373e-05  5.4155927e-05  0.00010899321  0.0000000   0.0014577489  0.00046240684  -0.00045652212  -0.00037428300  5.7533709e-05  -3.8993528e-05  -0.00042603118  
-1.3076319e-05  6.7759723e-05  0.00010415157  5.3042420e-06  8.6526823e-06  -7.9756390e-05  -1.3925719e-05  4.5333407e-05  0.00021303674  -0.00010516231  -2.2946019e-05  0.00040378393  1.7239349e-05  -0.00017359808  1.6587274e-05  -0.00073134150  -0.00025278419  2.5689210e-06  0.00014153685  -3.4276965e-05  -2.8800634e-06  6.5820372e-05  -8.6596800e-05  -0.0014577489  0.0000000   0.0010776470  -0.00019060440  0.0014785242  -0.00042824911  -0.00028663830  5.8434182e-05  -1.3076319e-05  6.7759723e-05  0.00010415157  5.3042420e-06  8.6526823e-06  -7.9756390e-05  -1.3925719e-05  4.5333407e-05  0.00021303674  -0.00010516231  -2.2946019e-05  0.00040378393  1.7239349e-05  -0.00017359808  1.6587274e-05  -0.00073134150  -0.00025278419  2.5689210e-06  0.00014153685  -3.4276965e-05  -2.8800634e-06  6.5820372e-05  -8.6596800e-05  -0.0014577489  0.0000000   0.0010776470  -0.00019060440  0.0014785242  -0.00042824911  -0.00028663830  5.8434182e-05  
1.3560125e-05  -0.00011594847  4.8570462e-05  -8.3535097e-06  2.2692699e-06  -2.9679254e-05  1.0505783e-05  -7.9102239e-05  -6.2256647e-05  6.0968917e-05  -0.00025198714  -4.3733535e-05  -1.3703047e-05  -5.5766249e-05  -2.5776092e-05  0.00033323767  -0.00032772232  -1.0257306e-05  0.00014193790  -1.3568186e-05  1.1975118e-05  -9.2416010e-06  2.2969455e-06  -0.00046240684  -0.0010776470  0.0000000   0.0020068529  0.00063587221  -0.00057376653  0.00041948577  0.00010704913  1.3560125e-05  -0.00011594847  4.8570462e-05  -8.3535097e-06  2.2692699e-06  -2.9679254e-05  1.0505783e-05  -7.9102239e-05  -6.2256647e-05  6.0968917e-05  -0.00025198714  -4.3733535e-05  -1.3703047e-05  -5.5766249e-05  -2.5776092e-05  0.00033323767  -0.00032772232  -1.0257306e-05  0.00014193790  -1.3568186e-05  1.1975118e-05  -9.2416010e-06  2.2969455e-06  -0.00046240684  -0.0010776470  0.0000000   0.0020068529  0.00063587221  -0.00057376653  0.00041948577  0.00010704913  
-1.2216995e-05  -5.0108679e-05  -1.9044455e-05  8.8924464e-06  -5.1895681e-06  8.9452369e-05  3.3073648e-05  -0.00010086025  -0.00017180652  -1.8587123e-05  0.00012824777  0.00023126857  4.4424671e-06  -0.00021381940  9.2164625e-06  -0.00016753934  0.00013319800  4.2513657e-05  -1.3325591e-05  -5.9823991e-05  -0.00011047038  4.4340187e-06  5.2886589e-06  0.00045652212  0.00019060440  -0.0020068529  0.0000000   0.0027123799  0.0014634988  -0.00092470165  2.4516612e-06  -1.2216995e-05  -5.0108679e-05  -1.9044455e-05  8.8924464e-06  -5.1895681e-06  8.9452369e-05  3.3073648e-05  -0.00010086025  -0.00017180652  -1.8587123e-05  0.00012824777  0.00023126857  4.4424671e-06  -0.00021381940  9.2164625e-06  -0.00016753934  0.00013319800  4.2513657e-05  -1.3325591e-05  -5.9823991e-05  -0.00011047038  4.4340187e-06  5.2886589e-06  0.00045652212  0.00019060440  -0.0020068529  0.0000000   0.0027123799  0.0014634988  -0.00092470165  2.4516612e-06  
-1.7813966e-05  0.00016934852  6.8635031e-05  1.4637888e-05  1.2078788e-05  0.00020501864  4.2134875e-06  -4.0257975e-05  0.00015558370  0.00015982749  0.00010691213  0.00016632165  -7.2018909e-06  0.00028205031  3.1656401e-05  5.9062095e-05  -0.00022246384  -3.3058349e-05  -1.5915720e-06  -2.4903075e-05  -8.0943574e-05  -4.9743393e-06  1.4474817e-05  0.00037428300  -0.0014785242  -0.00063587221  -0.0027123799  0.0000000   0.0030607821  -0.0015420509  0.00071548747  -1.7813966e-05  0.00016934852  6.8635031e-05  1.4637888e-05  1.2078788e-05  0.00020501864  4.2134875e-06  -4.0257975e-05  0.00015558370  0.00015982749  0.00010691213  0.00016632165  -7.2018909e-06  0.00028205031  3.1656401e-05  5.9062095e-05  -0.00022246384  -3.3058349e-05  -1.5915720e-06  -2.4903075e-05  -8.0943574e-05  -4.9743393e-06  1.4474817e-05  0.00037428300  -0.0014785242  -0.00063587221  -0.0027123799  0.0000000   0.0030607821  -0.0015420509  0.00071548747  
1.6150517e-05  -5.4761751e-05  -3.6676755e-05  -4.1239807e-06  -9.7167167e-07  3.9373041e-05  -7.0173898e-06  0.00011934151  -3.3876109e-05  0.00010162658  1.6843144e-05  -2.1927646e-05  -3.9543508e-06  -8.6236977e-05  9.5758693e-06  0.00020863370  6.3423935e-05  -6.1823130e-07  -0.00036459961  8.5071702e-05  9.6126399e-05  5.7856319e-05  -1.8298752e-05  -5.7533709e-05  0.00042824911  0.00057376653  -0.0014634988  -0.0030607821  0.0000000   -0.0026758760  0.0014721675  1.6150517e-05  -5.4761751e-05  -3.6676755e-05  -4.1239807e-06  -9.7167167e-07  3.9373041e-05  -7.0173898e-06  0.00011934151  -3.3876109e-05  0.00010162658  1.6843144e-05  -2.1927646e-05  -3.9543508e-06  -8.6236977e-05  9.5758693e-06  0.00020863370  6.3423935e-05  -6.1823130e-07  -0.00036459961  8.5071702e-05  9.6126399e-05  5.7856319e-05  -1.8298752e-05  -5.7533709e-05  0.00042824911  0.00057376653  -0.0014634988  -0.0030607821  0.0000000   -0.0026758760  0.0014721675  
2.4394410e-06  -7.7647554e-05  -6.2185177e-05  5.9352182e-07  4.2720321e-06  -0.00013043114  3.9797155e-06  0.00013342481  -3.2127595e-05  5.0156535e-05  -0.00013860667  7.3207969e-05  6.1362030e-06  -0.00020574988  -3.7187806e-06  0.00021222953  0.00018711457  1.8630523e-05  -3.8463457e-05  -1.9089404e-05  -5.7902370e-05  1.4157116e-05  2.5702806e-05  3.8993528e-05  0.00028663830  -0.00041948577  0.00092470165  0.0015420509  0.0026758760  0.0000000   0.00057021852  2.4394410e-06  -7.7647554e-05  -6.2185177e-05  5.9352182e-07  4.2720321e-06  -0.00013043114  3.9797155e-06  0.00013342481  -3.2127595e-05  5.0156535e-05  -0.00013860667  7.3207969e-05  6.1362030e-06  -0.00020574988  -3.7187806e-06  0.00021222953  0.00018711457  1.8630523e-05  -3.8463457e-05  -1.9089404e-05  -5.7902370e-05  1.4157116e-05  2.5702806e-05  3.8993528e-05  0.00028663830  -0.00041948577  0.00092470165  0.0015420509  0.0026758760  0.0000000   0.00057021852  
7.2873279e-06  -3.8144371e-05  1.6613335e-05  -4.6381716e-06  -8.9190568e-06  -1.3114966e-05  -5.4338737e-06  -7.5764893e-05  2.2996627e-05  1.4461813e-05  -0.00015558703  0.00011062490  2.3789807e-06  0.00013665691  6.1221681e-06  -3.5980680e-05  -0.00016775823  8.2492973e-06  -0.00022370394  6.0111106e-06  2.0561033e-05  -8.5084400e-06  -1.5578220e-05  0.00042603118  -5.8434182e-05  -0.00010704913  -2.4516612e-06  -0.00071548747  -0.0014721675  -0.00057021852  0.0000000   7.2873279e-06  -3.8144371e-05  1.6613335e-05  -4.6381716e-06  -8.9190568e-06  -1.3114966e-05  -5.4338737e-06  -7.5764893e-05  2.2996627e-05  1.4461813e-05  -0.00015558703  0.00011062490  2.3789807e-06  0.00013665691  6.1221681e-06  -3.5980680e-05  -0.00016775823  8.2492973e-06  -0.00022370394  6.0111106e-06  2.0561033e-05  -8.5084400e-06  -1.5578220e-05  0.00042603118  -5.8434182e-05  -0.00010704913  -2.4516612e-06  -0.00071548747  -0.0014721675  -0.00057021852  0.0000000   
0.0000000   -2.4147805e-05  -4.5646121e-05  0.00017600917  0.00063960915  -2.8019438e-05  0.00058168731  4.3275759e-06  5.2923244e-05  1.0399894e-05  -5.8530814e-05  7.0652435e-06  -0.00017020039  -9.5366100e-06  -0.00014295459  4.3344653e-06  1.2782270e-05  7.3424631e-05  -1.5960415e-05  -0.00021483931  -7.1272502e-05  -1.7874735e-05  3.8748357e-07  1.7024792e-05  1.3076319e-05  -1.3560125e-05  1.2216995e-05  1.7813966e-05  -1.6150517e-05  -2.4394410e-06  -7.2873279e-06  0.0000000   -2.4147805e-05  -4.5646121e-05  0.00017600917  0.00063960915  -2.8019438e-05  0.00058168731  4.3275759e-06  5.2923244e-05  1.0399894e-05  -5.8530814e-05  7.0652435e-06  -0.00017020039  -9.5366100e-06  -0.00014295459  4.3344653e-06  1.2782270e-05  7.3424631e-05  -1.5960415e-05  -0.00021483931  -7.1272502e-05  -1.7874735e-05  3.8748357e-07  1.7024792e-05  1.3076319e-05  -1.3560125e-05  1.2216995e-05  1.7813966e-05  -1.6150517e-05  -2.4394410e-06  -7.2873279e-06  
2.4147805e-05  0.0000000   0.00034347153  5.9715318e-06  6.2488525e-05  -0.00011595457  5.9351470e-05  -0.00019540392  -0.00029506836  -0.00017037570  0.00035699960  1.7243463e-05  -6.4821247e-06  0.00011461202  -1.0752136e-05  -6.2035491e-05  5.9979135e-05  2.5131000e-06  6.9643919e-05  -2.3589571e-05  -3.2651883e-06  2.8683937e-06  1.1383414e-06  -0.00011486605  -6.7759723e-05  0.00011594847  5.0108679e-05  -0.00016934852  5.4761751e-05  7.7647554e-05  3.8144371e-05  2.4147805e-05  0.0000000   0.00034347153  5.9715318e-06  6.2488525e-05  -0.00011595457  5.9351470e-05  -0.00019540392  -0.00029506836  -0.00017037570  0.00035699960  1.7243463e-05  -6.4821247e-06  0.00011461202  -1.0752136e-05  -6.2035491e-05  5.9979135e-05  2.5131000e-06  6.9643919e-05  -2.3589571e-05  -3.2651883e-06  2.8683937e-06  1.1383414e-06  -0.00011486605  -6.7759723e-05  0.00011594847  5.0108679e-05  -0.00016934852  5.4761751e-05  7.7647554e-05  3.8144371e-05  
4.5646121e-05  -0.00034347153  0.0000000   2.2709531e-05  -1.8159103e-05  0.00010927150  -6.0392545e-05  0.00024903251  0.00045573244  -3.7621420e-06  8.4016840e-05  0.00036077706  7.1208890e-06  8.8428573e-07  1.0700595e-05  -8.4437816e-05  -9.7569467e-05  -2.5596515e-05  0.00015452638  1.0587965e-06  -1.2958284e-05  7.5360193e-06  2.2426498e-06  -0.00013456869  -0.00010415157  -4.8570462e-05  1.9044455e-05  -6.8635031e-05  3.6676755e-05  6.2185177e-05  -1.6613335e-05  4.5646121e-05  -0.00034347153  0.0000000   2.2709531e-05  -1.8159103e-05  0.00010927150  -6.0392545e-05  0.00024903251  0.00045573244  -3.7621420e-06  8.4016840e-05  0.00036077706  7.1208890e-06  8.8428573e-07  1.0700595e-05  -8.4437816e-05  -9.7569467e-05  -2.5596515e-05  0.00015452638  1.0587965e-06  -1.2958284e-05  7.5360193e-06  2.2426498e-06  -0.00013456869  -0.00010415157  -4.8570462e-05  1.9044455e-05  -6.8635031e-05  3.6676755e-05  6.2185177e-05  -1.6613335e-05  
-0.00017600917  -5.9715318e-06  -2.2709531e-05  0.0000000   -0.00086547147  1.4203037e-05  -0.00029161749  -1.2112743e-05  -1.3118668e-05  -2.5101636e-06  2.1280702e-05  3.7531308e-06  -5.7257720e-05  -2.2805622e-05  0.00025214931  1.2897565e-05  -3.2572878e-06  -7.8547874e-05  5.0684116e-07  -6.8200319e-06  -9.4280099e-05  -3.4190949e-05  -4.3253470e-05  5.2917991e-06  -5.3042420e-06  8.3535097e-06  -8.8924464e-06  -1.4637888e-05  4.1239807e-06  -5.9352182e-07  4.6381716e-06  -0.00017600917  -5.9715318e-06  -2.2709531e-05  0.0000000   -0.00086547147  1.4203037e-05  -0.00029161749  -1.2112743e-05  -1.3118668e-05  -2.5101636e-06  2.1280702e-05  3.7531308e-06  -5.7257720e-05  -2.2805622e-05  0.00025214931  1.2897565e-05  -3.2572878e-06  -7.8547874e-05  5.0684116e-07  -6.8200319e-06  -9.4280099e-05  -3.4190949e-05  -4.3253470e-05  5.2917991e-06  -5.3042420e-06  8.3535097e-06  -8.8924464e-06  -1.4637888e-05  4.1239807e-06  -5.9352182e-07  4.6381716e-06  
-0.00063960915  -6.2488525e-05  1.8159103e-05  0.00086547147  0.0000000   5.1498792e-05  -0.0010939283  4.1353573e-06  -0.00012466965  1.9997416e-05  -2.9412862e-05  1.2983804e-05  -0.00047085565  1.6591165e-05  -7.9091793e-05  4.5820690e-06  2.7626671e-06  6.9987257e-06  -1.6145413e-06  0.00020205728  -0.00015813055  -0.00023900144  -2.3853551e-05  1.9715779e-06  -8.6526823e-06  -2.2692699e-06  5.1895681e-06  -1.2078788e-05  9.7167167e-07  -4.2720321e-06  8.9190568e-06  -0.00063960915  -6.2488525e-05  1.8159103e-05  0.00086547147  0.0000000   5.1498792e-05  -0.0010939283  4.1353573e-06  -0.00012466965  1.9997416e-05  -2.9412862e-05  1.2983804e-05  -0.00047085565  1.6591165e-05  -7.9091793e-05  4.5820690e-06  2.7626671e-06  6.9987257e-06  -1.6145413e-06  0.00020205728  -0.00015813055  -0.00023900144  -2.3853551e-05  1.9715779e-06  -8.6526823e-06  -2.2692699e-06  5.1895681e-06  -1.2078788e-05  9.7167167e-07  -4.2720321e-06  8.9190568e-06  
2.8019438e-05  0.00011595457  -0.00010927150  -1.4203037e-05  -5.1498792e-05  0.0000000   -8.7674948e-05  -0.00019859062  0.0011444267  -0.00032383993  0.00047966888  0.00074114710  -5.8029318e-06  -0.00027485961  -1.0846863e-05  0.00011976973  8.3472669e-05  -8.9592107e-07  0.00016700732  -3.1956344e-05  -2.6571575e-05  -7.8323655e-06  -5.6759359e-06  3.6101915e-05  7.9756390e-05  2.9679254e-05  -8.9452369e-05  -0.00020501864  -3.9373041e-05  0.00013043114  1.3114966e-05  2.8019438e-05  0.00011595457  -0.00010927150  -1.4203037e-05  -5.1498792e-05  0.0000000   -8.7674948e-05  -0.00019859062  0.0011444267  -0.00032383993  0.00047966888  0.00074114710  -5.8029318e-06  -0.00027485961  -1.0846863e-05  0.00011976973  8.3472669e-05  -8.9592107e-07  0.00016700732  -3.1956344e-05  -2.6571575e-05  -7.8323655e-06  -5.6759359e-06  3.6101915e-05  7.9756390e-05  2.9679254e-05  -8.9452369e-05  -0.00020501864  -3.9373041e-05  0.00013043114  1.3114966e-05  
-0.00058168731  -5.9351470e-05  6.0392545e-05  0.00029161749  0.0010939283  8.7674948e-05  0.0000000   -9.5702208e-05  5.2796334e-05  -0.00018636460  4.0845976e-05  -5.9412649e-06  0.00019356132  -2.9908564e-05  -6.9110258e-05  2.6125471e-05  1.1407024e-05  -9.6664314e-05  3.0414916e-06  0.00025628008  0.00031033100  0.00020151646  6.5127479e-05  2.3504297e-05  1.3925719e-05  -1.0505783e-05  -3.3073648e-05  -4.2134875e-06  7.0173898e-06  -3.9797155e-06  5.4338737e-06  -0.00058168731  -5.9351470e-05  6.0392545e-05  0.00029161749  0.0010939283  8.7674948e-05  0.0000000   -9.5702208e-05  5.2796334e-05  -0.00018636460  4.0845976e-05  -5.9412649e-06  0.00019356132  -2.9908564e-05  -6.9110258e-05  2.6125471e-05  1.1407024e-05  -9.6664314e-05  3.0414916e-06  0.00025628008  0.00031033100  0.00020151646  6.5127479e-05  2.3504297e-05  1.3925719e-05  -1.0505783e-05  -3.3073648e-05  -4.2134875e-06  7.0173898e-06  -3.9797155e-06  5.4338737e-06  
-4.3275759e-06  0.00019540392  -0.00024903251  1.2112743e-05  -4.1353573e-06  0.00019859062  9.5702208e-05  0.0000000   -0.0013714962  -0.0013993662  -3.7459257e-05  0.00024793540  -1.1949913e-05  -0.00014572173  -1.5286282e-05  -0.00016604291  8.7824443e-05  -1.9683862e-05  0.00021876366  -3.5961773e-06  6.9638320e-08  -1.6108544e-05  -1.8836113e-05  -0.00024157388  -4.5333407e-05  7.9102239e-05  0.00010086025  4.0257975e-05  -0.00011934151  -0.00013342481  7.5764893e-05  -4.3275759e-06  0.00019540392  -0.00024903251  1.2112743e-05  -4.1353573e-06  0.00019859062  9.5702208e-05  0.0000000   -0.0013714962  -0.0013993662  -3.7459257e-05  0.00024793540  -1.1949913e-05  -0.00014572173  -1.5286282e-05  -0.00016604291  8.7824443e-05  -1.9683862e-05  0.00021876366  -3.5961773e-06  6.9638320e-08  -1.6108544e-05  -1.8836113e-05  -0.00024157388  -4.5333407e-05  7.9102239e-05  0.00010086025  4.0257975e-05  -0.00011934151  -0.00013342481  7.5764893e-05  
-5.2923244e-05  0.00029506836  -0.00045573244  1.3118668e-05  0.00012466965  -0.0011444267  -5.2796334e-05  0.0013714962  0.0000000   0.0022494235  -0.00020986951  0.00067382983  6.3049752e-05  0.00028781092  1.6641123e-05  -0.00034942542  -0.00015981685  -2.6446976e-05  0.00015655626  8.8780199e-07  1.3237166e-05  1.9443155e-05  -8.4423388e-06  -1.9041682e-05  -0.00021303674  6.2256647e-05  0.00017180652  -0.00015558370  3.3876109e-05  3.2127595e-05  -2.2996627e-05  -5.2923244e-05  0.00029506836  -0.00045573244  1.3118668e-05  0.00012466965  -0.0011444267  -5.2796334e-05  0.0013714962  0.0000000   0.0022494235  -0.00020986951  0.00067382983  6.3049752e-05  0.00028781092  1.6641123e-05  -0.00034942542  -0.00015981685  -2.6446976e-05  0.00015655626  8.8780199e-07  1.3237166e-05  1.9443155e-05  -8.4423388e-06  -1.9041682e-05  -0.00021303674  6.2256647e-05  0.00017180652  -0.00015558370  3.3876109e-05  3.2127595e-05  -2.2996627e-05  
-1.0399894e-05  0.00017037570  3.7621420e-06  2.5101636e-06  -1.9997416e-05  0.00032383993  0.00018636460  0.0013993662  -0.0022494235  0.0000000   -0.0015031252  -0.00010230056  -1.3727637e-05  -7.5904311e-06  6.1595561e-06  0.00014816879  4.2661661e-05  -4.5423702e-05  0.00016542251  1.6279972e-05  2.2895087e-05  1.2613490e-05  -1.6194960e-05  2.1867701e-05  0.00010516231  -6.0968917e-05  1.8587123e-05  -0.00015982749  -0.00010162658  -5.0156535e-05  -1.4461813e-05  -1.0399894e-05  0.00017037570  3.7621420e-06  2.5101636e-06  -1.9997416e-05  0.00032383993  0.00018636460  0.0013993662  -0.0022494235  0.0000000   -0.0015031252  -0.00010230056  -1.3727637e-05  -7.5904311e-06  6.1595561e-06  0.00014816879  4.2661661e-05  -4.5423702e-05  0.00016542251  1.6279972e-05  2.2895087e-05  1.2613490e-05  -1.6194960e-05  2.1867701e-05  0.00010516231  -6.0968917e-05  1.8587123e-05  -0.00015982749  -0.00010162658  -5.0156535e-05  -1.4461813e-05  
5.8530814e-05  -0.00035699960  -8.4016840e-05  -2.1280702e-05  2.9412862e-05  -0.00047966888  -4.0845976e-05  3.7459257e-05  0.00020986951  0.0015031252  0.0000000   0.0028448249  9.6628135e-05  0.00020556851  4.8606510e-05  -0.00044696184  0.00023019715  -1.4641309e-05  0.00022234077  -4.9501439e-05  -4.6314117e-05  1.1531969e-05  -4.7336102e-06  1.4830850e-05  2.2946019e-05  0.00025198714  -0.00012824777  -0.00010691213  -1.6843144e-05  0.00013860667  0.00015558703  5.8530814e-05  -0.00035699960  -8.4016840e-05  -2.1280702e-05  2.9412862e-05  -0.00047966888  -4.0845976e-05  3.7459257e-05  0.00020986951  0.0015031252  0.0000000   0.0028448249  9.6628135e-05  0.00020556851  4.8606510e-05  -0.00044696184  0.00023019715  -1.4641309e-05  0.00022234077  -4.9501439e-05  -4.6314117e-05  1.1531969e-05  -4.7336102e-06  1.4830850e-05  2.2946019e-05  0.00025198714  -0.00012824777  -0.00010691213  -1.6843144e-05  0.00013860667  0.00015558703  
