0.0000000   -0.0025891395  0.00015095255  0.0016032037  0.00024457164  -0.00016585809  -0.00018256452  0.00012505403  -0.00012667132  9.6451342e-05  -1.7630939e-05  4.9145797e-05  -8.4896893e-06  0.00020244444  6.3445455e-06  0.00012675661  -1.6603841e-05  0.00016228504  6.3202969e-05  -5.2650430e-05  6.4672942e-05  0.00022719043  -2.4150807e-05  -1.5668075e-06  -1.4325268e-05  -3.0825814e-05  4.2343962e-05  2.9043580e-06  -3.0167836e-05  8.1063155e-06  -1.3460491e-05  0.0000000   -0.0025891395  0.00015095255  0.0016032037  0.00024457164  -0.00016585809  -0.00018256452  0.00012505403  -0.00012667132  9.6451342e-05  -1.7630939e-05  4.9145797e-05  -8.4896893e-06  0.00020244444  6.3445455e-06  0.00012675661  -1.6603841e-05  0.00016228504  6.3202969e-05  -5.2650430e-05  6.4672942e-05  0.00022719043  -2.4150807e-05  -1.5668075e-06  -1.4325268e-05  -3.0825814e-05  4.2343962e-05  2.9043580e-06  -3.0167836e-05  8.1063155e-06  -1.3460491e-05  
0.0025891395  0.0000000   -0.00031283197  0.00042792946  0.00013360596  -0.00016712742  3.3787076e-05  0.00011187428  -0.00057142178  6.6158712e-06  -5.0441892e-05  4.3048819e-05  -2.0534413e-05  -4.6011731e-05  2.5343950e-05  0.00013109677  -1.8151105e-05  0.00011814586  -8.8267024e-05  9.0433877e-05  0.00012055110  8.5419387e-05  -3.0654281e-06  2.2878929e-06  3.7331350e-05  -3.1799434e-05  0.00019101370  2.4608342e-05  -5.4037155e-06  5.2802474e-05  -0.00012946110  0.0025891395  0.0000000   -0.00031283197  0.00042792946  0.00013360596  -0.00016712742  3.3787076e-05  0.00011187428  -0.00057142178  6.6158712e-06  -5.0441892e-05  4.3048819e-05  -2.0534413e-05  -4.6011731e-05  2.5343950e-05  0.00013109677  -1.8151105e-05  0.00011814586  -8.8267024e-05  9.0433877e-05  0.00012055110  8.5419387e-05  -3.0654281e-06  2.2878929e-06  3.7331350e-05  -3.1799434e-05  0.00019101370  2.4608342e-05  -5.4037155e-06  5.2802474e-05  -0.00012946110  
-0.00015095255  0.00031283197  0.0000000   -3.3564496e-05  -0.00077406861  -0.0011897273  -0.00044785525  0.00064265199  6.6581343e-05  0.00066306473  1.0640447e-05  0.00021034558  -1.0670847e-05  -3.3048055e-06  0.00018324231  -1.8618413e-05  -9.2900686e-05  -2.8945694e-05  1.4164944e-05  -0.00019683963  9.7454980e-05  -4.3929921e-05  -0.00011776836  0.00012008330  3.2035594e-05  1.5890662e-05  -2.6301129e-05  8.3541866e-05  -4.5282928e-07  -4.9001481e-05  7.7123824e-07  -0.00015095255  0.00031283197  0.0000000   -3.3564496e-05  -0.00077406861  -0.0011897273  -0.00044785525  0.00064265199  6.6581343e-05  0.00066306473  1.0640447e-05  0.00021034558  -1.0670847e-05  -3.3048055e-06  0.00018324231  -1.8618413e-05  -9.2900686e-05  -2.8945694e-05  1.4164944e-05  -0.00019683963  9.7454980e-05  -4.3929921e-05  -0.00011776836  0.00012008330  3.2035594e-05  1.5890662e-05  -2.6301129e-05  8.3541866e-05  -4.5282928e-07  -4.9001481e-05  7.7123824e-07  
-0.0016032037  -0.00042792946  3.3564496e-05  0.0000000   0.0080184049  -0.00024413778  -0.00024678118  0.00018182337  -0.00075854285  0.00017479588  0.00017995118  -1.9863081e-05  -2.8200293e-05  6.9950484e-07  7.7854970e-05  7.5347304e-05  -1.5551855e-05  6.2375801e-05  -0.00024918526  -9.6442946e-05  0.00014032009  -1.1151669e-05  -3.2347121e-05  3.0455069e-05  -0.00013917046  -5.8310335e-05  -8.4206998e-05  3.0326536e-05  5.6340727e-05  7.4322448e-06  -4.7769601e-05  -0.0016032037  -0.00042792946  3.3564496e-05  0.0000000   0.0080184049  -0.00024413778  -0.00024678118  0.00018182337  -0.00075854285  0.00017479588  0.00017995118  -1.9863081e-05  -2.8200293e-05  6.9950484e-07  7.7854970e-05  7.5347304e-05  -1.5551855e-05  6.2375801e-05  -0.00024918526  -9.6442946e-05  0.00014032009  -1.1151669e-05  -3.2347121e-05  3.0455069e-05  -0.00013917046  -5.8310335e-05  -8.4206998e-05  3.0326536e-05  5.6340727e-05  7.4322448e-06  -4.7769601e-05  
-0.00024457164  -0.00013360596  0.00077406861  -0.0080184049  0.0000000   -3.1899750e-05  0.00014591779  -0.00015494511  -0.00068997483  -0.00014083244  4.3430955e-06  -8.7272734e-05  -6.1006801e-06  0.00039474668  -9.5528634e-06  0.00012503460  -6.9774279e-05  0.00024743714  1.1932339e-05  0.00023031832  0.00015470518  -0.00012977962  -2.2603526e-05  4.5390930e-05  -0.00011137411  -2.5054470e-05  9.6891021e-05  -1.4393455e-05  8.1748469e-05  6.1675930e-07  -8.3211221e-05  -0.00024457164  -0.00013360596  0.00077406861  -0.0080184049  0.0000000   -3.1899750e-05  0.00014591779  -0.00015494511  -0.00068997483  -0.00014083244  4.3430955e-06  -8.7272734e-05  -6.1006801e-06  0.00039474668  -9.5528634e-06  0.00012503460  -6.9774279e-05  0.00024743714  1.1932339e-05  0.00023031832  0.00015470518  -0.00012977962  -2.2603526e-05  4.5390930e-05  -0.00011137411  -2.5054470e-05  9.6891021e-05  -1.4393455e-05  8.1748469e-05  6.1675930e-07  -8.3211221e-05  
0.00016585809  0.00016712742  0.0011897273  0.00024413778  3.1899750e-05  0.0000000   -0.0014397012  -0.0012766075  -3.2806171e-05  -7.4379539e-06  7.9384954e-06  0.00024920511  0.00025219495  -3.8143035e-05  -0.00013276471  -3.5927441e-05  -3.7285409e-05  -1.3656596e-06  -5.0267974e-06  6.7987570e-06  6.1208258e-05  2.4708217e-06  4.7924619e-05  9.4377335e-05  2.4604148e-05  2.1600302e-07  2.1125678e-05  -0.00010832368  -8.9145211e-06  -4.6899872e-05  -1.1726334e-05  0.00016585809  0.00016712742  0.0011897273  0.00024413778  3.1899750e-05  0.0000000   -0.0014397012  -0.0012766075  -3.2806171e-05  -7.4379539e-06  7.9384954e-06  0.00024920511  0.00025219495  -3.8143035e-05  -0.00013276471  -3.5927441e-05  -3.7285409e-05  -1.3656596e-06  -5.0267974e-06  6.7987570e-06  6.1208258e-05  2.4708217e-06  4.7924619e-05  9.4377335e-05  2.4604148e-05  2.1600302e-07  2.1125678e-05  -0.00010832368  -8.9145211e-06  -4.6899872e-05  -1.1726334e-05  
0.00018256452  -3.3787076e-05  0.00044785525  0.00024678118  -0.00014591779  0.0014397012  0.0000000   -0.00040124281  1.8414397e-05  -0.00053097588  -5.6715451e-05  -0.00020749493  0.00096971092  4.0957821e-05  0.00034635243  -1.3035662e-05  -2.5579274e-05  -3.1187273e-06  1.1345007e-05  -9.8973570e-05  0.00011983553  -2.2809788e-05  6.3714080e-05  0.00017635321  3.2526208e-05  6.4461946e-06  1.2576455e-05  -0.00019704807  -1.5400532e-05  -0.00012793452  -2.2883832e-05  0.00018256452  -3.3787076e-05  0.00044785525  0.00024678118  -0.00014591779  0.0014397012  0.0000000   -0.00040124281  1.8414397e-05  -0.00053097588  -5.6715451e-05  -0.00020749493  0.00096971092  4.0957821e-05  0.00034635243  -1.3035662e-05  -2.5579274e-05  -3.1187273e-06  1.1345007e-05  -9.8973570e-05  0.00011983553  -2.2809788e-05  6.3714080e-05  0.00017635321  3.2526208e-05  6.4461946e-06  1.2576455e-05  -0.00019704807  -1.5400532e-05  -0.00012793452  -2.2883832e-05  
-0.00012505403  -0.00011187428  -0.00064265199  -0.00018182337  0.00015494511  0.0012766075  0.00040124281  0.0000000   0.00020497212  -0.0022058909  1.8348051e-05  -0.00082672066  0.00022351873  -2.9409720e-05  0.00040642840  -3.9299148e-05  5.4120914e-05  -7.2906931e-06  -6.6141313e-06  -0.00011730339  -0.00012323131  -3.6550584e-06  -0.00011232986  -2.7492395e-05  -1.0074768e-05  6.7426598e-06  7.1458391e-06  6.3864631e-05  -2.1688944e-05  -0.00010205193  -2.8308907e-05  -0.00012505403  -0.00011187428  -0.00064265199  -0.00018182337  0.00015494511  0.0012766075  0.00040124281  0.0000000   0.00020497212  -0.0022058909  1.8348051e-05  -0.00082672066  0.00022351873  -2.9409720e-05  0.00040642840  -3.9299148e-05  5.4120914e-05  -7.2906931e-06  -6.6141313e-06  -0.00011730339  -0.00012323131  -3.6550584e-06  -0.00011232986  -2.7492395e-05  -1.0074768e-05  6.7426598e-06  7.1458391e-06  6.3864631e-05  -2.1688944e-05  -0.00010205193  -2.8308907e-05  
0.00012667132  0.00057142178  -6.6581343e-05  0.00075854285  0.00068997483  3.2806171e-05  -1.8414397e-05  -0.00020497212  0.0000000   5.1760731e-05  0.0013398432  -3.2997036e-05  -3.4492196e-05  -0.00080244046  0.00010653617  -1.1808111e-05  -2.8438844e-05  0.00012940600  -0.00018423447  0.00019417117  1.1504421e-05  0.00017854573  2.3295829e-05  -1.9483701e-05  -6.6113098e-05  5.5090167e-06  -0.00012960130  1.9368621e-05  -6.6705387e-05  -5.1983531e-05  0.00018661232  0.00012667132  0.00057142178  -6.6581343e-05  0.00075854285  0.00068997483  3.2806171e-05  -1.8414397e-05  -0.00020497212  0.0000000   5.1760731e-05  0.0013398432  -3.2997036e-05  -3.4492196e-05  -0.00080244046  0.00010653617  -1.1808111e-05  -2.8438844e-05  0.00012940600  -0.00018423447  0.00019417117  1.1504421e-05  0.00017854573  2.3295829e-05  -1.9483701e-05  -6.6113098e-05  5.5090167e-06  -0.00012960130  1.9368621e-05  -6.6705387e-05  -5.1983531e-05  0.00018661232  
-9.6451342e-05  -6.6158712e-06  -0.00066306473  -0.00017479588  0.00014083244  7.4379539e-06  0.00053097588  0.0022058909  -5.1760731e-05  0.0000000   0.00019239505  0.00088897300  0.00036439960  -5.2019995e-05  -0.00025129069  -6.9170039e-05  2.2137475e-05  3.9807705e-05  1.3204886e-05  0.00025793348  0.00015411289  1.5736722e-05  -3.7299000e-05  0.00027793332  4.1854672e-05  5.5759795e-06  -1.3355112e-05  -0.00016719391  1.4821529e-05  0.00012089591  4.2021123e-05  -9.6451342e-05  -6.6158712e-06  -0.00066306473  -0.00017479588  0.00014083244  7.4379539e-06  0.00053097588  0.0022058909  -5.1760731e-05  0.0000000   0.00019239505  0.00088897300  0.00036439960  -5.2019995e-05  -0.00025129069  -6.9170039e-05  2.2137475e-05  3.9807705e-05  1.3204886e-05  0.00025793348  0.00015411289  1.5736722e-05  -3.7299000e-05  0.00027793332  4.1854672e-05  5.5759795e-06  -1.3355112e-05  -0.00016719391  1.4821529e-05  0.00012089591  4.2021123e-05  
1.7630939e-05  5.0441892e-05  -1.0640447e-05  -0.00017995118  -4.3430955e-06  -7.9384954e-06  5.6715451e-05  -1.8348051e-05  -0.0013398432  -0.00019239505  0.0000000   -9.5417784e-05  -1.2509637e-05  0.00067041714  -5.8026693e-06  0.00051031121  -1.6216803e-05  -1.3705916e-05  0.00022376793  -0.00025921088  -8.1090056e-05  -0.00011110061  -3.5032953e-05  4.8015544e-05  -0.00022232160  5.3735632e-05  -0.00019687506  6.5017277e-06  0.00029036412  -3.2114305e-05  0.00011135178  1.7630939e-05  5.0441892e-05  -1.0640447e-05  -0.00017995118  -4.3430955e-06  -7.9384954e-06  5.6715451e-05  -1.8348051e-05  -0.0013398432  -0.00019239505  0.0000000   -9.5417784e-05  -1.2509637e-05  0.00067041714  -5.8026693e-06  0.00051031121  -1.6216803e-05  -1.3705916e-05  0.00022376793  -0.00025921088  -8.1090056e-05  -0.00011110061  -3.5032953e-05  4.8015544e-05  -0.00022232160  5.3735632e-05  -0.00019687506  6.5017277e-06  0.00029036412  -3.2114305e-05  0.00011135178  
-4.9145797e-05  -4.3048819e-05  -0.00021034558  1.9863081e-05  8.7272734e-05  -0.00024920511  0.00020749493  0.00082672066  3.2997036e-05  -0.00088897300  9.5417784e-05  0.0000000   0.0012119987  -0.00011214195  -0.0027490289  -6.0686334e-05  0.00087618354  0.00014696212  3.9685458e-05  0.00035484128  9.9048910e-05  5.2263527e-05  0.00017410723  -0.00022393778  -2.4962944e-05  -3.4999894e-06  -9.3302751e-07  -3.2073715e-06  8.3006597e-06  0.00012184936  2.9385843e-05  -4.9145797e-05  -4.3048819e-05  -0.00021034558  1.9863081e-05  8.7272734e-05  -0.00024920511  0.00020749493  0.00082672066  3.2997036e-05  -0.00088897300  9.5417784e-05  0.0000000   0.0012119987  -0.00011214195  -0.0027490289  -6.0686334e-05  0.00087618354  0.00014696212  3.9685458e-05  0.00035484128  9.9048910e-05  5.2263527e-05  0.00017410723  -0.00022393778  -2.4962944e-05  -3.4999894e-06  -9.3302751e-07  -3.2073715e-06  8.3006597e-06  0.00012184936  2.9385843e-05  
8.4896893e-06  2.0534413e-05  1.0670847e-05  2.8200293e-05  6.1006801e-06  -0.00025219495  -0.00096971092  -0.00022351873  3.4492196e-05  -0.00036439960  1.2509637e-05  -0.0012119987  0.0000000   -3.3150944e-05  -0.00030771782  -7.1576996e-06  0.00022444006  -6.9067710e-05  -5.0725719e-05  -5.0342739e-05  -0.00017723191  -6.6790153e-06  0.00012557536  0.00039633045  6.3040853e-05  6.4336484e-06  -4.4015587e-06  0.00010122923  -7.9679471e-06  5.1710814e-05  1.5792382e-05  8.4896893e-06  2.0534413e-05  1.0670847e-05  2.8200293e-05  6.1006801e-06  -0.00025219495  -0.00096971092  -0.00022351873  3.4492196e-05  -0.00036439960  1.2509637e-05  -0.0012119987  0.0000000   -3.3150944e-05  -0.00030771782  -7.1576996e-06  0.00022444006  -6.9067710e-05  -5.0725719e-05  -5.0342739e-05  -0.00017723191  -6.6790153e-06  0.00012557536  0.00039633045  6.3040853e-05  6.4336484e-06  -4.4015587e-06  0.00010122923  -7.9679471e-06  5.1710814e-05  1.5792382e-05  
-0.00020244444  4.6011731e-05  3.3048055e-06  -6.9950484e-07  -0.00039474668  3.8143035e-05  -4.0957821e-05  2.9409720e-05  0.00080244046  5.2019995e-05  -0.00067041714  0.00011214195  3.3150944e-05  0.0000000   3.5242957e-05  0.00026129084  -3.3386466e-05  0.00046283449  -0.00018000440  9.9916871e-05  -4.9636896e-05  0.00013579460  -1.9235815e-05  6.9396674e-05  -0.00018128404  -0.00024741855  -0.00019066573  -1.5574070e-05  0.00016591783  -1.2986136e-05  -4.6415884e-05  -0.00020244444  4.6011731e-05  3.3048055e-06  -6.9950484e-07  -0.00039474668  3.8143035e-05  -4.0957821e-05  2.9409720e-05  0.00080244046  5.2019995e-05  -0.00067041714  0.00011214195  3.3150944e-05  0.0000000   3.5242957e-05  0.00026129084  -3.3386466e-05  0.00046283449  -0.00018000440  9.9916871e-05  -4.9636896e-05  0.00013579460  -1.9235815e-05  6.9396674e-05  -0.00018128404  -0.00024741855  -0.00019066573  -1.5574070e-05  0.00016591783  -1.2986136e-05  -4.6415884e-05  
-6.3445455e-06  -2.5343950e-05  -0.00018324231  -7.7854970e-05  9.5528634e-06  0.00013276471  -0.00034635243  -0.00040642840  -0.00010653617  0.00025129069  5.8026693e-06  0.0027490289  0.00030771782  -3.5242957e-05  0.0000000   0.00017001780  0.0011857460  0.00020519752  -0.00013588513  -0.00020962286  -0.00070867983  1.0959066e-06  0.00025762197  4.7491558e-05  -2.3518740e-05  4.3355920e-05  4.2269557e-05  0.00012007888  -1.0292541e-06  -6.0147368e-05  -1.6267372e-05  -6.3445455e-06  -2.5343950e-05  -0.00018324231  -7.7854970e-05  9.5528634e-06  0.00013276471  -0.00034635243  -0.00040642840  -0.00010653617  0.00025129069  5.8026693e-06  0.0027490289  0.00030771782  -3.5242957e-05  0.0000000   0.00017001780  0.0011857460  0.00020519752  -0.00013588513  -0.00020962286  -0.00070867983  1.0959066e-06  0.00025762197  4.7491558e-05  -2.3518740e-05  4.3355920e-05  4.2269557e-05  0.00012007888  -1.0292541e-06  -6.0147368e-05  -1.6267372e-05  
-0.00012675661  -0.00013109677  1.8618413e-05  -7.5347304e-05  -0.00012503460  3.5927441e-05  1.3035662e-05  3.9299148e-05  1.1808111e-05  6.9170039e-05  -0.00051031121  6.0686334e-05  7.1576996e-06  -0.00026129084  -0.00017001780  0.0000000   0.00030363460  -0.0039521642  -0.00077554955  -0.00022987378  -0.00020518022  -0.00068022201  0.00010632388  -3.2172329e-05  5.3241157e-05  3.9097095e-05  -0.00019878177  -3.6731793e-05  0.00011418886  -1.9717231e-05  5.1657606e-05  -0.00012675661  -0.00013109677  1.8618413e-05  -7.5347304e-05  -0.00012503460  3.5927441e-05  1.3035662e-05  3.9299148e-05  1.1808111e-05  6.9170039e-05  -0.00051031121  6.0686334e-05  7.1576996e-06  -0.00026129084  -0.00017001780  0.0000000   0.00030363460  -0.0039521642  -0.00077554955  -0.00022987378  -0.00020518022  -0.00068022201  0.00010632388  -3.2172329e-05  5.3241157e-05  3.9097095e-05  -0.00019878177  -3.6731793e-05  0.00011418886  -1.9717231e-05  5.1657606e-05  
1.6603841e-05  1.8151105e-05  9.2900686e-05  1.5551855e-05  6.9774279e-05  3.7285409e-05  2.5579274e-05  -5.4120914e-05  2.8438844e-05  -2.2137475e-05  1.6216803e-05  -0.00087618354  -0.00022444006  3.3386466e-05  -0.0011857460  -0.00030363460  0.0000000   0.00026549233  4.4013335e-05  -0.00076712979  0.00056240803  1.6654738e-05  0.00019154185  -0.00010295944  -3.3415654e-05  -3.8988047e-05  -2.6813208e-05  0.00016443280  3.9130774e-05  0.00041981595  9.9955600e-05  1.6603841e-05  1.8151105e-05  9.2900686e-05  1.5551855e-05  6.9774279e-05  3.7285409e-05  2.5579274e-05  -5.4120914e-05  2.8438844e-05  -2.2137475e-05  1.6216803e-05  -0.00087618354  -0.00022444006  3.3386466e-05  -0.0011857460  -0.00030363460  0.0000000   0.00026549233  4.4013335e-05  -0.00076712979  0.00056240803  1.6654738e-05  0.00019154185  -0.00010295944  -3.3415654e-05  -3.8988047e-05  -2.6813208e-05  0.00016443280  3.9130774e-05  0.00041981595  9.9955600e-05  
-0.00016228504  -0.00011814586  2.8945694e-05  -6.2375801e-05  -0.00024743714  1.3656596e-06  3.1187273e-06  7.2906931e-06  -0.00012940600  -3.9807705e-05  1.3705916e-05  -0.00014696212  6.9067710e-05  -0.00046283449  -0.00020519752  0.0039521642  -0.00026549233  0.0000000   -0.00032008921  -0.0010940859  -0.0010461111  0.00011107813  1.6953607e-05  0.00011415918  -0.00011347601  0.00057966872  4.6353015e-05  -2.6968616e-05  -0.00026172908  -1.7915225e-05  0.00022045578  -0.00016228504  -0.00011814586  2.8945694e-05  -6.2375801e-05  -0.00024743714  1.3656596e-06  3.1187273e-06  7.2906931e-06  -0.00012940600  -3.9807705e-05  1.3705916e-05  -0.00014696212  6.9067710e-05  -0.00046283449  -0.00020519752  0.0039521642  -0.00026549233  0.0000000   -0.00032008921  -0.0010940859  -0.0010461111  0.00011107813  1.6953607e-05  0.00011415918  -0.00011347601  0.00057966872  4.6353015e-05  -2.6968616e-05  -0.00026172908  -1.7915225e-05  0.00022045578  
-6.3202969e-05  8.8267024e-05  -1.4164944e-05  0.00024918526  -1.1932339e-05  5.0267974e-06  -1.1345007e-05  6.6141313e-06  0.00018423447  -1.3204886e-05  -0.00022376793  -3.9685458e-05  5.0725719e-05  0.00018000440  0.00013588513  0.00077554955  -4.4013335e-05  0.00032008921  0.0000000   -0.0018530480  0.0016734398  0.00064064019  -5.4396798e-05  0.00016489207  -0.00033267392  0.00051237222  -0.00013291031  1.4409782e-05  -0.00026942619  2.5465803e-05  -6.6197151e-05  -6.3202969e-05  8.8267024e-05  -1.4164944e-05  0.00024918526  -1.1932339e-05  5.0267974e-06  -1.1345007e-05  6.6141313e-06  0.00018423447  -1.3204886e-05  -0.00022376793  -3.9685458e-05  5.0725719e-05  0.00018000440  0.00013588513  0.00077554955  -4.4013335e-05  0.00032008921  0.0000000   -0.0018530480  0.0016734398  0.00064064019  -5.4396798e-05  0.00016489207  -0.00033267392  0.00051237222  -0.00013291031  1.4409782e-05  -0.00026942619  2.5465803e-05  -6.6197151e-05  
5.2650430e-05  -9.0433877e-05  0.00019683963  9.6442946e-05  -0.00023031832  -6.7987570e-06  9.8973570e-05  0.00011730339  -0.00019417117  -0.00025793348  0.00025921088  -0.00035484128  5.0342739e-05  -9.9916871e-05  0.00020962286  0.00022987378  0.00076712979  0.0010940859  0.0018530480  0.0000000   0.023757163  -0.00070463334  -0.00066211449  0.00023348527  0.00028773225  0.00013239604  -0.00034830946  0.00025173969  4.2815338e-05  0.00015562548  -2.2596805e-05  5.2650430e-05  -9.0433877e-05  0.00019683963  9.6442946e-05  -0.00023031832  -6.7987570e-06  9.8973570e-05  0.00011730339  -0.00019417117  -0.00025793348  0.00025921088  -0.00035484128  5.0342739e-05  -9.9916871e-05  0.00020962286  0.00022987378  0.00076712979  0.0010940859  0.0018530480  0.0000000   0.023757163  -0.00070463334  -0.00066211449  0.00023348527  0.00028773225  0.00013239604  -0.00034830946  0.00025173969  4.2815338e-05  0.00015562548  -2.2596805e-05  
-6.4672942e-05  -0.00012055110  -9.7454980e-05  -0.00014032009  -0.00015470518  -6.1208258e-05  -0.00011983553  0.00012323131  -1.1504421e-05  -0.00015411289  8.1090056e-05  -9.9048910e-05  0.00017723191  4.9636896e-05  0.00070867983  0.00020518022  -0.00056240803  0.0010461111  -0.0016734398  -0.023757163  0.0000000   -0.0011059119  -5.5880655e-05  0.00085203895  -0.00034481252  -5.9060095e-05  -0.00013931423  0.00010850144  0.00010620422  9.4349621e-05  1.1901434e-05  -6.4672942e-05  -0.00012055110  -9.7454980e-05  -0.00014032009  -0.00015470518  -6.1208258e-05  -0.00011983553  0.00012323131  -1.1504421e-05  -0.00015411289  8.1090056e-05  -9.9048910e-05  0.00017723191  4.9636896e-05  0.00070867983  0.00020518022  -0.00056240803  0.0010461111  -0.0016734398  -0.023757163  0.0000000   -0.0011059119  -5.5880655e-05  0.00085203895  -0.00034481252  -5.9060095e-05  -0.00013931423  0.00010850144  0.00010620422  9.4349621e-05  1.1901434e-05  
-0.00022719043  -8.5419387e-05  4.3929921e-05  1.1151669e-05  0.00012977962  -2.4708217e-06  2.2809788e-05  3.6550584e-06  -0.00017854573  -1.5736722e-05  0.00011110061  -5.2263527e-05  6.6790153e-06  -0.00013579460  -1.0959066e-06  0.00068022201  -1.6654738e-05  -0.00011107813  -0.00064064019  0.00070463334  0.0011059119  0.0000000   1.2139704e-05  3.3393562e-05  -0.00022960547  0.00032722635  -3.2503161e-05  -4.2508099e-07  5.2518429e-05  -0.00010198589  0.00040194454  -0.00022719043  -8.5419387e-05  4.3929921e-05  1.1151669e-05  0.00012977962  -2.4708217e-06  2.2809788e-05  3.6550584e-06  -0.00017854573  -1.5736722e-05  0.00011110061  -5.2263527e-05  6.6790153e-06  -0.00013579460  -1.0959066e-06  0.00068022201  -1.6654738e-05  -0.00011107813  -0.00064064019  0.00070463334  0.0011059119  0.0000000   1.2139704e-05  3.3393562e-05  -0.00022960547  0.00032722635  -3.2503161e-05  -4.2508099e-07  5.2518429e-05  -0.00010198589  0.00040194454  
2.4150807e-05  3.0654281e-06  0.00011776836  3.2347121e-05  2.2603526e-05  -4.7924619e-05  -6.3714080e-05  0.00011232986  -2.3295829e-05  3.7299000e-05  3.5032953e-05  -0.00017410723  -0.00012557536  1.9235815e-05  -0.00025762197  -0.00010632388  -0.00019154185  -1.6953607e-05  5.4396798e-05  0.00066211449  5.5880655e-05  -1.2139704e-05  0.0000000   0.0024975793  0.00041065964  1.5701539e-05  0.00011133544  -0.00045691697  1.1317517e-05  8.9977891e-05  3.4835140e-05  2.4150807e-05  3.0654281e-06  0.00011776836  3.2347121e-05  2.2603526e-05  -4.7924619e-05  -6.3714080e-05  0.00011232986  -2.3295829e-05  3.7299000e-05  3.5032953e-05  -0.00017410723  -0.00012557536  1.9235815e-05  -0.00025762197  -0.00010632388  -0.00019154185  -1.6953607e-05  5.4396798e-05  0.00066211449  5.5880655e-05  -1.2139704e-05  0.0000000   0.0024975793  0.00041065964  1.5701539e-05  0.00011133544  -0.00045691697  1.1317517e-05  8.9977891e-05  3.4835140e-05  
1.5668075e-06  -2.2878929e-06  -0.00012008330  -3.0455069e-05  -4.5390930e-05  -9.4377335e-05  -0.00017635321  2.7492395e-05  1.9483701e-05  -0.00027793332  -4.8015544e-05  0.00022393778  -0.00039633045  -6.9396674e-05  -4.7491558e-05  3.2172329e-05  0.00010295944  -0.00011415918  -0.00016489207  -0.00023348527  -0.00085203895  -3.3393562e-05  -0.0024975793  0.0000000   6.7703267e-05  -4.5060861e-05  -0.00013317939  -0.00020562716  3.8319212e-06  -0.00033017969  -3.1791881e-05  1.5668075e-06  -2.2878929e-06  -0.00012008330  -3.0455069e-05  -4.5390930e-05  -9.4377335e-05  -0.00017635321  2.7492395e-05  1.9483701e-05  -0.00027793332  -4.8015544e-05  0.00022393778  -0.00039633045  -6.9396674e-05  -4.7491558e-05  3.2172329e-05  0.00010295944  -0.00011415918  -0.00016489207  -0.00023348527  -0.00085203895  -3.3393562e-05  -0.0024975793  0.0000000   6.7703267e-05  -4.5060861e-05  -0.00013317939  -0.00020562716  3.8319212e-06  -0.00033017969  -3.1791881e-05  
1.4325268e-05  -3.7331350e-05  -3.2035594e-05  0.00013917046  0.00011137411  -2.4604148e-05  -3.2526208e-05  1.0074768e-05  6.6113098e-05  -4.1854672e-05  0.00022232160  2.4962944e-05  -6.3040853e-05  0.00018128404  2.3518740e-05  -5.3241157e-05  3.3415654e-05  0.00011347601  0.00033267392  -0.00028773225  0.00034481252  0.00022960547  -0.00041065964  -6.7703267e-05  0.0000000   -5.6533908e-05  0.0010297761  1.1518667e-05  -0.00027953511  -7.3269188e-06  -3.7283271e-05  1.4325268e-05  -3.7331350e-05  -3.2035594e-05  0.00013917046  0.00011137411  -2.4604148e-05  -3.2526208e-05  1.0074768e-05  6.6113098e-05  -4.1854672e-05  0.00022232160  2.4962944e-05  -6.3040853e-05  0.00018128404  2.3518740e-05  -5.3241157e-05  3.3415654e-05  0.00011347601  0.00033267392  -0.00028773225  0.00034481252  0.00022960547  -0.00041065964  -6.7703267e-05  0.0000000   -5.6533908e-05  0.0010297761  1.1518667e-05  -0.00027953511  -7.3269188e-06  -3.7283271e-05  
3.0825814e-05  3.1799434e-05  -1.5890662e-05  5.8310335e-05  2.5054470e-05  -2.1600302e-07  -6.4461946e-06  -6.7426598e-06  -5.5090167e-06  -5.5759795e-06  -5.3735632e-05  3.4999894e-06  -6.4336484e-06  0.00024741855  -4.3355920e-05  -3.9097095e-05  3.8988047e-05  -0.00057966872  -0.00051237222  -0.00013239604  5.9060095e-05  -0.00032722635  -1.5701539e-05  4.5060861e-05  5.6533908e-05  0.0000000   -0.0032037341  -4.0150244e-05  0.00020268809  -0.00018829322  0.00053221327  3.0825814e-05  3.1799434e-05  -1.5890662e-05  5.8310335e-05  2.5054470e-05  -2.1600302e-07  -6.4461946e-06  -6.7426598e-06  -5.5090167e-06  -5.5759795e-06  -5.3735632e-05  3.4999894e-06  -6.4336484e-06  0.00024741855  -4.3355920e-05  -3.9097095e-05  3.8988047e-05  -0.00057966872  -0.00051237222  -0.00013239604  5.9060095e-05  -0.00032722635  -1.5701539e-05  4.5060861e-05  5.6533908e-05  0.0000000   -0.0032037341  -4.0150244e-05  0.00020268809  -0.00018829322  0.00053221327  
-4.2343962e-05  -0.00019101370  2.6301129e-05  8.4206998e-05  -9.6891021e-05  -2.1125678e-05  -1.2576455e-05  -7.1458391e-06  0.00012960130  1.3355112e-05  0.00019687506  9.3302751e-07  4.4015587e-06  0.00019066573  -4.2269557e-05  0.00019878177  2.6813208e-05  -4.6353015e-05  0.00013291031  0.00034830946  0.00013931423  3.2503161e-05  -0.00011133544  0.00013317939  -0.0010297761  0.0032037341  0.0000000   -4.8618380e-05  -0.00067985466  0.00012896738  -0.00049177573  -4.2343962e-05  -0.00019101370  2.6301129e-05  8.4206998e-05  -9.6891021e-05  -2.1125678e-05  -1.2576455e-05  -7.1458391e-06  0.00012960130  1.3355112e-05  0.00019687506  9.3302751e-07  4.4015587e-06  0.00019066573  -4.2269557e-05  0.00019878177  2.6813208e-05  -4.6353015e-05  0.00013291031  0.00034830946  0.00013931423  3.2503161e-05  -0.00011133544  0.00013317939  -0.0010297761  0.0032037341  0.0000000   -4.8618380e-05  -0.00067985466  0.00012896738  -0.00049177573  
-2.9043580e-06  -2.4608342e-05  -8.3541866e-05  -3.0326536e-05  1.4393455e-05  0.00010832368  0.00019704807  -6.3864631e-05  -1.9368621e-05  0.00016719391  -6.5017277e-06  3.2073715e-06  -0.00010122923  1.5574070e-05  -0.00012007888  3.6731793e-05  -0.00016443280  2.6968616e-05  -1.4409782e-05  -0.00025173969  -0.00010850144  4.2508099e-07  0.00045691697  0.00020562716  -1.1518667e-05  4.0150244e-05  4.8618380e-05  0.0000000   -2.1731041e-05  -0.00054158783  -0.00014976492  -2.9043580e-06  -2.4608342e-05  -8.3541866e-05  -3.0326536e-05  1.4393455e-05  0.00010832368  0.00019704807  -6.3864631e-05  -1.9368621e-05  0.00016719391  -6.5017277e-06  3.2073715e-06  -0.00010122923  1.5574070e-05  -0.00012007888  3.6731793e-05  -0.00016443280  2.6968616e-05  -1.4409782e-05  -0.00025173969  -0.00010850144  4.2508099e-07  0.00045691697  0.00020562716  -1.1518667e-05  4.0150244e-05  4.8618380e-05  0.0000000   -2.1731041e-05  -0.00054158783  -0.00014976492  
3.0167836e-05  5.4037155e-06  4.5282928e-07  -5.6340727e-05  -8.1748469e-05  8.9145211e-06  1.5400532e-05  2.1688944e-05  6.6705387e-05  -1.4821529e-05  -0.00029036412  -8.3006597e-06  7.9679471e-06  -0.00016591783  1.0292541e-06  -0.00011418886  -3.9130774e-05  0.00026172908  0.00026942619  -4.2815338e-05  -0.00010620422  -5.2518429e-05  -1.1317517e-05  -3.8319212e-06  0.00027953511  -0.00020268809  0.00067985466  2.1731041e-05  0.0000000   0.00018508388  -0.00075935481  3.0167836e-05  5.4037155e-06  4.5282928e-07  -5.6340727e-05  -8.1748469e-05  8.9145211e-06  1.5400532e-05  2.1688944e-05  6.6705387e-05  -1.4821529e-05  -0.00029036412  -8.3006597e-06  7.9679471e-06  -0.00016591783  1.0292541e-06  -0.00011418886  -3.9130774e-05  0.00026172908  0.00026942619  -4.2815338e-05  -0.00010620422  -5.2518429e-05  -1.1317517e-05  -3.8319212e-06  0.00027953511  -0.00020268809  0.00067985466  2.1731041e-05  0.0000000   0.00018508388  -0.00075935481  
-8.1063155e-06  -5.2802474e-05  4.9001481e-05  -7.4322448e-06  -6.1675930e-07  4.6899872e-05  0.00012793452  0.00010205193  5.1983531e-05  -0.00012089591  3.2114305e-05  -0.00012184936  -5.1710814e-05  1.2986136e-05  6.0147368e-05  1.9717231e-05  -0.00041981595  1.7915225e-05  -2.5465803e-05  -0.00015562548  -9.4349621e-05  0.00010198589  -8.9977891e-05  0.00033017969  7.3269188e-06  0.00018829322  -0.00012896738  0.00054158783  -0.00018508388  0.0000000   -1.7041761e-05  -8.1063155e-06  -5.2802474e-05  4.9001481e-05  -7.4322448e-06  -6.1675930e-07  4.6899872e-05  0.00012793452  0.00010205193  5.1983531e-05  -0.00012089591  3.2114305e-05  -0.00012184936  -5.1710814e-05  1.2986136e-05  6.0147368e-05  1.9717231e-05  -0.00041981595  1.7915225e-05  -2.5465803e-05  -0.00015562548  -9.4349621e-05  0.00010198589  -8.9977891e-05  0.00033017969  7.3269188e-06  0.00018829322  -0.00012896738  0.00054158783  -0.00018508388  0.0000000   -1.7041761e-05  
1.3460491e-05  0.00012946110  -7.7123824e-07  4.7769601e-05  8.3211221e-05  1.1726334e-05  2.2883832e-05  2.8308907e-05  -0.00018661232  -4.2021123e-05  -0.00011135178  -2.9385843e-05  -1.5792382e-05  4.6415884e-05  1.6267372e-05  -5.1657606e-05  -9.9955600e-05  -0.00022045578  6.6197151e-05  2.2596805e-05  -1.1901434e-05  -0.00040194454  -3.4835140e-05  3.1791881e-05  3.7283271e-05  -0.00053221327  0.00049177573  0.00014976492  0.00075935481  1.7041761e-05  0.0000000   1.3460491e-05  0.00012946110  -7.7123824e-07  4.7769601e-05  8.3211221e-05  1.1726334e-05  2.2883832e-05  2.8308907e-05  -0.00018661232  -4.2021123e-05  -0.00011135178  -2.9385843e-05  -1.5792382e-05  4.6415884e-05  1.6267372e-05  -5.1657606e-05  -9.9955600e-05  -0.00022045578  6.6197151e-05  2.2596805e-05  -1.1901434e-05  -0.00040194454  -3.4835140e-05  3.1791881e-05  3.7283271e-05  -0.00053221327  0.00049177573  0.00014976492  0.00075935481  1.7041761e-05  0.0000000   
0.0000000   -0.0025891395  0.00015095255  0.0016032037  0.00024457164  -0.00016585809  -0.00018256452  0.00012505403  -0.00012667132  9.6451342e-05  -1.7630939e-05  4.9145797e-05  -8.4896893e-06  0.00020244444  6.3445455e-06  0.00012675661  -1.6603841e-05  0.00016228504  6.3202969e-05  -5.2650430e-05  6.4672942e-05  0.00022719043  -2.4150807e-05  -1.5668075e-06  -1.4325268e-05  -3.0825814e-05  4.2343962e-05  2.9043580e-06  -3.0167836e-05  8.1063155e-06  -1.3460491e-05  0.0000000   -0.0025891395  0.00015095255  0.0016032037  0.00024457164  -0.00016585809  -0.00018256452  0.00012505403  -0.00012667132  9.6451342e-05  -1.7630939e-05  4.9145797e-05  -8.4896893e-06  0.00020244444  6.3445455e-06  0.00012675661  -1.6603841e-05  0.00016228504  6.3202969e-05  -5.2650430e-05  6.4672942e-05  0.00022719043  -2.4150807e-05  -1.5668075e-06  -1.4325268e-05  -3.0825814e-05  4.2343962e-05  2.9043580e-06  -3.0167836e-05  8.1063155e-06  -1.3460491e-05  
0.0025891395  0.0000000   -0.00031283197  0.00042792946  0.00013360596  -0.00016712742  3.3787076e-05  0.00011187428  -0.00057142178  6.6158712e-06  -5.0441892e-05  4.3048819e-05  -2.0534413e-05  -4.6011731e-05  2.5343950e-05  0.00013109677  -1.8151105e-05  0.00011814586  -8.8267024e-05  9.0433877e-05  0.00012055110  8.5419387e-05  -3.0654281e-06  2.2878929e-06  3.7331350e-05  -3.1799434e-05  0.00019101370  2.4608342e-05  -5.4037155e-06  5.2802474e-05  -0.00012946110  0.0025891395  0.0000000   -0.00031283197  0.00042792946  0.00013360596  -0.00016712742  3.3787076e-05  0.00011187428  -0.00057142178  6.6158712e-06  -5.0441892e-05  4.3048819e-05  -2.0534413e-05  -4.6011731e-05  2.5343950e-05  0.00013109677  -1.8151105e-05  0.00011814586  -8.8267024e-05  9.0433877e-05  0.00012055110  8.5419387e-05  -3.0654281e-06  2.2878929e-06  3.7331350e-05  -3.1799434e-05  0.00019101370  2.4608342e-05  -5.4037155e-06  5.2802474e-05  -0.00012946110  
-0.00015095255  0.00031283197  0.0000000   -3.3564496e-05  -0.00077406861  -0.0011897273  -0.00044785525  0.00064265199  6.6581343e-05  0.00066306473  1.0640447e-05  0.00021034558  -1.0670847e-05  -3.3048055e-06  0.00018324231  -1.8618413e-05  -9.2900686e-05  -2.8945694e-05  1.4164944e-05  -0.00019683963  9.7454980e-05  -4.3929921e-05  -0.00011776836  0.00012008330  3.2035594e-05  1.5890662e-05  -2.6301129e-05  8.3541866e-05  -4.5282928e-07  -4.9001481e-05  7.7123824e-07  -0.00015095255  0.00031283197  0.0000000   -3.3564496e-05  -0.00077406861  -0.0011897273  -0.00044785525  0.00064265199  6.6581343e-05  0.00066306473  1.0640447e-05  0.00021034558  -1.0670847e-05  -3.3048055e-06  0.00018324231  -1.8618413e-05  -9.2900686e-05  -2.8945694e-05  1.4164944e-05  -0.00019683963  9.7454980e-05  -4.3929921e-05  -0.00011776836  0.00012008330  3.2035594e-05  1.5890662e-05  -2.6301129e-05  8.3541866e-05  -4.5282928e-07  -4.9001481e-05  7.7123824e-07  
-0.0016032037  -0.00042792946  3.3564496e-05  0.0000000   0.0080184049  -0.00024413778  -0.00024678118  0.00018182337  -0.00075854285  0.00017479588  0.00017995118  -1.9863081e-05  -2.8200293e-05  6.9950484e-07  7.7854970e-05  7.5347304e-05  -1.5551855e-05  6.2375801e-05  -0.00024918526  -9.6442946e-05  0.00014032009  -1.1151669e-05  -3.2347121e-05  3.0455069e-05  -0.00013917046  -5.8310335e-05  -8.4206998e-05  3.0326536e-05  5.6340727e-05  7.4322448e-06  -4.7769601e-05  -0.0016032037  -0.00042792946  3.3564496e-05  0.0000000   0.0080184049  -0.00024413778  -0.00024678118  0.00018182337  -0.00075854285  0.00017479588  0.00017995118  -1.9863081e-05  -2.8200293e-05  6.9950484e-07  7.7854970e-05  7.5347304e-05  -1.5551855e-05  6.2375801e-05  -0.00024918526  -9.6442946e-05  0.00014032009  -1.1151669e-05  -3.2347121e-05  3.0455069e-05  -0.00013917046  -5.8310335e-05  -8.4206998e-05  3.0326536e-05  5.6340727e-05  7.4322448e-06  -4.7769601e-05  
-0.00024457164  -0.00013360596  0.00077406861  -0.0080184049  0.0000000   -3.1899750e-05  0.00014591779  -0.00015494511  -0.00068997483  -0.00014083244  4.3430955e-06  -8.7272734e-05  -6.1006801e-06  0.00039474668  -9.5528634e-06  0.00012503460  -6.9774279e-05  0.00024743714  1.1932339e-05  0.00023031832  0.00015470518  -0.00012977962  -2.2603526e-05  4.5390930e-05  -0.00011137411  -2.5054470e-05  9.6891021e-05  -1.4393455e-05  8.1748469e-05  6.1675930e-07  -8.3211221e-05  -0.00024457164  -0.00013360596  0.00077406861  -0.0080184049  0.0000000   -3.1899750e-05  0.00014591779  -0.00015494511  -0.00068997483  -0.00014083244  4.3430955e-06  -8.7272734e-05  -6.1006801e-06  0.00039474668  -9.5528634e-06  0.00012503460  -6.9774279e-05  0.00024743714  1.1932339e-05  0.00023031832  0.00015470518  -0.00012977962  -2.2603526e-05  4.5390930e-05  -0.00011137411  -2.5054470e-05  9.6891021e-05  -1.4393455e-05  8.1748469e-05  6.1675930e-07  -8.3211221e-05  
0.00016585809  0.00016712742  0.0011897273  0.00024413778  3.1899750e-05  0.0000000   -0.0014397012  -0.0012766075  -3.2806171e-05  -7.4379539e-06  7.9384954e-06  0.00024920511  0.00025219495  -3.8143035e-05  -0.00013276471  -3.5927441e-05  -3.7285409e-05  -1.3656596e-06  -5.0267974e-06  6.7987570e-06  6.1208258e-05  2.4708217e-06  4.7924619e-05  9.4377335e-05  2.4604148e-05  2.1600302e-07  2.1125678e-05  -0.00010832368  -8.9145211e-06  -4.6899872e-05  -1.1726334e-05  0.00016585809  0.00016712742  0.0011897273  0.00024413778  3.1899750e-05  0.0000000   -0.0014397012  -0.0012766075  -3.2806171e-05  -7.4379539e-06  7.9384954e-06  0.00024920511  0.00025219495  -3.8143035e-05  -0.00013276471  -3.5927441e-05  -3.7285409e-05  -1.3656596e-06  -5.0267974e-06  6.7987570e-06  6.1208258e-05  2.4708217e-06  4.7924619e-05  9.4377335e-05  2.4604148e-05  2.1600302e-07  2.1125678e-05  -0.00010832368  -8.9145211e-06  -4.6899872e-05  -1.1726334e-05  
0.00018256452  -3.3787076e-05  0.00044785525  0.00024678118  -0.00014591779  0.0014397012  0.0000000   -0.00040124281  1.8414397e-05  -0.00053097588  -5.6715451e-05  -0.00020749493  0.00096971092  4.0957821e-05  0.00034635243  -1.3035662e-05  -2.5579274e-05  -3.1187273e-06  1.1345007e-05  -9.8973570e-05  0.00011983553  -2.2809788e-05  6.3714080e-05  0.00017635321  3.2526208e-05  6.4461946e-06  1.2576455e-05  -0.00019704807  -1.5400532e-05  -0.00012793452  -2.2883832e-05  0.00018256452  -3.3787076e-05  0.00044785525  0.00024678118  -0.00014591779  0.0014397012  0.0000000   -0.00040124281  1.8414397e-05  -0.00053097588  -5.6715451e-05  -0.00020749493  0.00096971092  4.0957821e-05  0.00034635243  -1.3035662e-05  -2.5579274e-05  -3.1187273e-06  1.1345007e-05  -9.8973570e-05  0.00011983553  -2.2809788e-05  6.3714080e-05  0.00017635321  3.2526208e-05  6.4461946e-06  1.2576455e-05  -0.00019704807  -1.5400532e-05  -0.00012793452  -2.2883832e-05  
-0.00012505403  -0.00011187428  -0.00064265199  -0.00018182337  0.00015494511  0.0012766075  0.00040124281  0.0000000   0.00020497212  -0.0022058909  1.8348051e-05  -0.00082672066  0.00022351873  -2.9409720e-05  0.00040642840  -3.9299148e-05  5.4120914e-05  -7.2906931e-06  -6.6141313e-06  -0.00011730339  -0.00012323131  -3.6550584e-06  -0.00011232986  -2.7492395e-05  -1.0074768e-05  6.7426598e-06  7.1458391e-06  6.3864631e-05  -2.1688944e-05  -0.00010205193  -2.8308907e-05  -0.00012505403  -0.00011187428  -0.00064265199  -0.00018182337  0.00015494511  0.0012766075  0.00040124281  0.0000000   0.00020497212  -0.0022058909  1.8348051e-05  -0.00082672066  0.00022351873  -2.9409720e-05  0.00040642840  -3.9299148e-05  5.4120914e-05  -7.2906931e-06  -6.6141313e-06  -0.00011730339  -0.00012323131  -3.6550584e-06  -0.00011232986  -2.7492395e-05  -1.0074768e-05  6.7426598e-06  7.1458391e-06  6.3864631e-05  -2.1688944e-05  -0.00010205193  -2.8308907e-05  
0.00012667132  0.00057142178  -6.6581343e-05  0.00075854285  0.00068997483  3.2806171e-05  -1.8414397e-05  -0.00020497212  0.0000000   5.1760731e-05  0.0013398432  -3.2997036e-05  -3.4492196e-05  -0.00080244046  0.00010653617  -1.1808111e-05  -2.8438844e-05  0.00012940600  -0.00018423447  0.00019417117  1.1504421e-05  0.00017854573  2.3295829e-05  -1.9483701e-05  -6.6113098e-05  5.5090167e-06  -0.00012960130  1.9368621e-05  -6.6705387e-05  -5.1983531e-05  0.00018661232  0.00012667132  0.00057142178  -6.6581343e-05  0.00075854285  0.00068997483  3.2806171e-05  -1.8414397e-05  -0.00020497212  0.0000000   5.1760731e-05  0.0013398432  -3.2997036e-05  -3.4492196e-05  -0.00080244046  0.00010653617  -1.1808111e-05  -2.8438844e-05  0.00012940600  -0.00018423447  0.00019417117  1.1504421e-05  0.00017854573  2.3295829e-05  -1.9483701e-05  -6.6113098e-05  5.5090167e-06  -0.00012960130  1.9368621e-05  -6.6705387e-05  -5.1983531e-05  0.00018661232  
-9.6451342e-05  -6.6158712e-06  -0.00066306473  -0.00017479588  0.00014083244  7.4379539e-06  0.00053097588  0.0022058909  -5.1760731e-05  0.0000000   0.00019239505  0.00088897300  0.00036439960  -5.2019995e-05  -0.00025129069  -6.9170039e-05  2.2137475e-05  3.9807705e-05  1.3204886e-05  0.00025793348  0.00015411289  1.5736722e-05  -3.7299000e-05  0.00027793332  4.1854672e-05  5.5759795e-06  -1.3355112e-05  -0.00016719391  1.4821529e-05  0.00012089591  4.2021123e-05  -9.6451342e-05  -6.6158712e-06  -0.00066306473  -0.00017479588  0.00014083244  7.4379539e-06  0.00053097588  0.0022058909  -5.1760731e-05  0.0000000   0.00019239505  0.00088897300  0.00036439960  -5.2019995e-05  -0.00025129069  -6.9170039e-05  2.2137475e-05  3.9807705e-05  1.3204886e-05  0.00025793348  0.00015411289  1.5736722e-05  -3.7299000e-05  0.00027793332  4.1854672e-05  5.5759795e-06  -1.3355112e-05  -0.00016719391  1.4821529e-05  0.00012089591  4.2021123e-05  
1.7630939e-05  5.0441892e-05  -1.0640447e-05  -0.00017995118  -4.3430955e-06  -7.9384954e-06  5.6715451e-05  -1.8348051e-05  -0.0013398432  -0.00019239505  0.0000000   -9.5417784e-05  -1.2509637e-05  0.00067041714  -5.8026693e-06  0.00051031121  -1.6216803e-05  -1.3705916e-05  0.00022376793  -0.00025921088  -8.1090056e-05  -0.00011110061  -3.5032953e-05  4.8015544e-05  -0.00022232160  5.3735632e-05  -0.00019687506  6.5017277e-06  0.00029036412  -3.2114305e-05  0.00011135178  1.7630939e-05  5.0441892e-05  -1.0640447e-05  -0.00017995118  -4.3430955e-06  -7.9384954e-06  5.6715451e-05  -1.8348051e-05  -0.0013398432  -0.00019239505  0.0000000   -9.5417784e-05  -1.2509637e-05  0.00067041714  -5.8026693e-06  0.00051031121  -1.6216803e-05  -1.3705916e-05  0.00022376793  -0.00025921088  -8.1090056e-05  -0.00011110061  -3.5032953e-05  4.8015544e-05  -0.00022232160  5.3735632e-05  -0.00019687506  6.5017277e-06  0.00029036412  -3.2114305e-05  0.00011135178  
