0.0000000   0.00056147749  -0.00017290407  -0.00029176658  1.7572936e-05  0.00012999274  -0.00033773657  -4.4914149e-05  -4.1783163e-05  -0.00012370309  -8.6148474e-05  1.6349351e-05  0.00010093710  -2.3229483e-05  -9.2062923e-05  3.7388278e-06  -1.3853875e-05  -7.2298637e-06  0.00013318235  -4.1240246e-05  -6.8775826e-05  -1.4653589e-05  -1.5839108e-06  9.5614122e-06  -6.4173404e-06  -1.8697827e-05  -0.00011461772  -4.2026095e-08  2.0631272e-05  -0.00021852047  -2.4325143e-05  0.0000000   0.00056147749  -0.00017290407  -0.00029176658  1.7572936e-05  0.00012999274  -0.00033773657  -4.4914149e-05  -4.1783163e-05  -0.00012370309  -8.6148474e-05  1.6349351e-05  0.00010093710  -2.3229483e-05  -9.2062923e-05  3.7388278e-06  -1.3853875e-05  -7.2298637e-06  0.00013318235  -4.1240246e-05  -6.8775826e-05  -1.4653589e-05  -1.5839108e-06  9.5614122e-06  -6.4173404e-06  -1.8697827e-05  -0.00011461772  -4.2026095e-08  2.0631272e-05  -0.00021852047  -2.4325143e-05  
-0.00056147749  0.0000000   -0.00016796605  -0.00036615063  0.00016391569  -0.00010326130  6.6581956e-06  -0.00012143764  -5.4203748e-05  -9.6136962e-05  1.8142734e-05  1.4649845e-05  -0.00011194826  -7.2112082e-05  0.00049591362  6.4139717e-05  2.2440514e-05  -1.5547461e-05  9.6210069e-05  -1.3160948e-05  -0.00028527095  -2.2622177e-05  -1.1468756e-06  2.7010076e-05  -1.3995615e-05  2.4738716e-05  0.00018968860  -1.1363013e-05  -1.5803918e-05  3.2883468e-05  -2.5245543e-05  -0.00056147749  0.0000000   -0.00016796605  -0.00036615063  0.00016391569  -0.00010326130  6.6581956e-06  -0.00012143764  -5.4203748e-05  -9.6136962e-05  1.8142734e-05  1.4649845e-05  -0.00011194826  -7.2112082e-05  0.00049591362  6.4139717e-05  2.2440514e-05  -1.5547461e-05  9.6210069e-05  -1.3160948e-05  -0.00028527095  -2.2622177e-05  -1.1468756e-06  2.7010076e-05  -1.3995615e-05  2.4738716e-05  0.00018968860  -1.1363013e-05  -1.5803918e-05  3.2883468e-05  -2.5245543e-05  
0.00017290407  0.00016796605  0.0000000   0.0025967048  -0.00080074008  -0.0016951568  -2.2861297e-05  0.00052445038  0.00012251435  -7.7595784e-05  -5.3399570e-05  -0.00016796762  0.00017930296  -0.00022778892  7.9632988e-05  -0.00042443923  -2.5421402e-05  3.3375405e-05  4.4859770e-05  0.00012988820  -7.1243223e-05  0.00015834029  6.7142746e-05  3.0930591e-05  0.00010685505  -0.00017930943  1.3629572e-05  0.00010316881  0.00014263775  6.3308787e-06  0.00020703216  0.00017290407  0.00016796605  0.0000000   0.0025967048  -0.00080074008  -0.0016951568  -2.2861297e-05  0.00052445038  0.00012251435  -7.7595784e-05  -5.3399570e-05  -0.00016796762  0.00017930296  -0.00022778892  7.9632988e-05  -0.00042443923  -2.5421402e-05  3.3375405e-05  4.4859770e-05  0.00012988820  -7.1243223e-05  0.00015834029  6.7142746e-05  3.0930591e-05  0.00010685505  -0.00017930943  1.3629572e-05  0.00010316881  0.00014263775  6.3308787e-06  0.00020703216  
0.00029176658  0.00036615063  -0.0025967048  0.0000000   -0.00064713760  2.8079585e-05  -0.00010681922  -0.00010634238  0.0012990651  -0.00014845265  0.00076353857  0.00024217445  5.0367843e-05  1.0947603e-05  2.1234429e-06  -1.2149216e-05  3.1335087e-05  0.00014137017  3.7497885e-08  0.00022880692  2.2441666e-05  -9.8200402e-05  -3.7615239e-06  -1.7614121e-05  -7.3720285e-05  2.5442930e-05  -9.9679387e-06  -4.3119550e-05  -3.1092685e-05  -1.3561027e-05  1.4077741e-05  0.00029176658  0.00036615063  -0.0025967048  0.0000000   -0.00064713760  2.8079585e-05  -0.00010681922  -0.00010634238  0.0012990651  -0.00014845265  0.00076353857  0.00024217445  5.0367843e-05  1.0947603e-05  2.1234429e-06  -1.2149216e-05  3.1335087e-05  0.00014137017  3.7497885e-08  0.00022880692  2.2441666e-05  -9.8200402e-05  -3.7615239e-06  -1.7614121e-05  -7.3720285e-05  2.5442930e-05  -9.9679387e-06  -4.3119550e-05  -3.1092685e-05  -1.3561027e-05  1.4077741e-05  
-1.7572936e-05  -0.00016391569  0.00080074008  0.00064713760  0.0000000   0.0060049382  0.00019497187  -0.0012804209  0.0012186267  -0.00014114792  -0.00011498636  0.00042395642  -0.00011478310  0.00017286778  2.5092719e-05  0.00018659601  -0.00015208720  0.00021492372  -1.3101366e-05  5.7418543e-05  5.4128334e-05  -0.00028880120  -2.2216628e-05  -0.00016636559  -9.4290031e-05  7.8898121e-05  -1.2633441e-07  -2.2562941e-05  -4.5925735e-05  -2.8690575e-05  5.9116262e-05  -1.7572936e-05  -0.00016391569  0.00080074008  0.00064713760  0.0000000   0.0060049382  0.00019497187  -0.0012804209  0.0012186267  -0.00014114792  -0.00011498636  0.00042395642  -0.00011478310  0.00017286778  2.5092719e-05  0.00018659601  -0.00015208720  0.00021492372  -1.3101366e-05  5.7418543e-05  5.4128334e-05  -0.00028880120  -2.2216628e-05  -0.00016636559  -9.4290031e-05  7.8898121e-05  -1.2633441e-07  -2.2562941e-05  -4.5925735e-05  -2.8690575e-05  5.9116262e-05  
-0.00012999274  0.00010326130  0.0016951568  -2.8079585e-05  -0.0060049382  0.0000000   -4.2665199e-05  0.00042240898  0.00086114864  8.0135170e-05  0.0010519854  0.00011392795  2.0322295e-05  0.00026048326  -1.5108843e-05  -1.2661054e-06  -0.00016635139  -0.00016308999  -6.8733894e-05  -0.00039469086  -1.3412415e-05  -3.4528838e-05  -0.00036827976  -0.00021113508  8.0267259e-05  2.9608288e-05  -2.0548638e-05  7.3251539e-05  3.1419955e-06  1.3542179e-05  -0.00014292068  -0.00012999274  0.00010326130  0.0016951568  -2.8079585e-05  -0.0060049382  0.0000000   -4.2665199e-05  0.00042240898  0.00086114864  8.0135170e-05  0.0010519854  0.00011392795  2.0322295e-05  0.00026048326  -1.5108843e-05  -1.2661054e-06  -0.00016635139  -0.00016308999  -6.8733894e-05  -0.00039469086  -1.3412415e-05  -3.4528838e-05  -0.00036827976  -0.00021113508  8.0267259e-05  2.9608288e-05  -2.0548638e-05  7.3251539e-05  3.1419955e-06  1.3542179e-05  -0.00014292068  
0.00033773657  -6.6581956e-06  2.2861297e-05  0.00010681922  -0.00019497187  4.2665199e-05  0.0000000   0.00022956164  -0.00015428521  0.00028096169  -8.7217376e-05  -2.9946259e-05  0.00019708823  0.00010763545  0.00019213023  -1.2186993e-05  -1.5104667e-05  3.4388324e-05  -0.00028064951  -1.1701730e-05  -0.00030021382  -2.4440151e-05  -3.5607753e-05  -7.6141620e-06  -1.5857101e-05  5.1648655e-06  5.1962459e-05  -2.1017942e-06  -7.8227127e-06  5.8166047e-05  -6.4533278e-06  0.00033773657  -6.6581956e-06  2.2861297e-05  0.00010681922  -0.00019497187  4.2665199e-05  0.0000000   0.00022956164  -0.00015428521  0.00028096169  -8.7217376e-05  -2.9946259e-05  0.00019708823  0.00010763545  0.00019213023  -1.2186993e-05  -1.5104667e-05  3.4388324e-05  -0.00028064951  -1.1701730e-05  -0.00030021382  -2.4440151e-05  -3.5607753e-05  -7.6141620e-06  -1.5857101e-05  5.1648655e-06  5.1962459e-05  -2.1017942e-06  -7.8227127e-06  5.8166047e-05  -6.4533278e-06  
4.4914149e-05  0.00012143764  -0.00052445038  0.00010634238  0.0012804209  -0.00042240898  -0.00022956164  0.0000000   0.0054344493  -0.00073522799  0.0013925372  -0.00058853862  -0.00025379708  -0.00038188434  -1.5121514e-05  -5.7660397e-05  0.00011017252  -6.4624587e-05  8.5826259e-06  8.5680924e-05  -3.1521296e-05  -2.4381414e-05  8.0701069e-05  6.1138786e-05  -4.0431259e-05  -0.00022417677  3.5081941e-06  -2.7570118e-05  9.7252644e-05  1.8096207e-05  4.3470498e-05  4.4914149e-05  0.00012143764  -0.00052445038  0.00010634238  0.0012804209  -0.00042240898  -0.00022956164  0.0000000   0.0054344493  -0.00073522799  0.0013925372  -0.00058853862  -0.00025379708  -0.00038188434  -1.5121514e-05  -5.7660397e-05  0.00011017252  -6.4624587e-05  8.5826259e-06  8.5680924e-05  -3.1521296e-05  -2.4381414e-05  8.0701069e-05  6.1138786e-05  -4.0431259e-05  -0.00022417677  3.5081941e-06  -2.7570118e-05  9.7252644e-05  1.8096207e-05  4.3470498e-05  
4.1783163e-05  5.4203748e-05  -0.00012251435  -0.0012990651  -0.0012186267  -0.00086114864  0.00015428521  -0.0054344493  0.0000000   -0.00016984991  0.0017391168  0.0013876321  6.2273896e-06  0.00014480118  -3.8414090e-05  0.00051317472  0.00030303363  -0.00095290954  -3.9501834e-05  0.00029802463  8.8741125e-05  8.0798527e-05  0.00048661629  0.00011243132  2.0109505e-05  9.9100893e-05  1.8957457e-05  -4.4496107e-05  2.7630307e-05  -4.9039766e-05  -8.1159340e-05  4.1783163e-05  5.4203748e-05  -0.00012251435  -0.0012990651  -0.0012186267  -0.00086114864  0.00015428521  -0.0054344493  0.0000000   -0.00016984991  0.0017391168  0.0013876321  6.2273896e-06  0.00014480118  -3.8414090e-05  0.00051317472  0.00030303363  -0.00095290954  -3.9501834e-05  0.00029802463  8.8741125e-05  8.0798527e-05  0.00048661629  0.00011243132  2.0109505e-05  9.9100893e-05  1.8957457e-05  -4.4496107e-05  2.7630307e-05  -4.9039766e-05  -8.1159340e-05  
0.00012370309  9.6136962e-05  7.7595784e-05  0.00014845265  0.00014114792  -8.0135170e-05  -0.00028096169  0.00073522799  0.00016984991  0.0000000   -0.00017794179  -0.00022699919  0.00037815966  0.00036778260  0.00027009734  -9.3208353e-05  5.0815475e-06  0.00010980046  -0.00019838765  8.7142008e-06  0.00049954091  2.4394227e-05  -7.1141341e-05  -3.1039532e-05  2.1438325e-05  -2.4774314e-05  -4.3906722e-05  3.2012207e-05  2.1866358e-05  -0.00036634469  1.4063037e-05  0.00012370309  9.6136962e-05  7.7595784e-05  0.00014845265  0.00014114792  -8.0135170e-05  -0.00028096169  0.00073522799  0.00016984991  0.0000000   -0.00017794179  -0.00022699919  0.00037815966  0.00036778260  0.00027009734  -9.3208353e-05  5.0815475e-06  0.00010980046  -0.00019838765  8.7142008e-06  0.00049954091  2.4394227e-05  -7.1141341e-05  -3.1039532e-05  2.1438325e-05  -2.4774314e-05  -4.3906722e-05  3.2012207e-05  2.1866358e-05  -0.00036634469  1.4063037e-05  
8.6148474e-05  -1.8142734e-05  5.3399570e-05  -0.00076353857  0.00011498636  -0.0010519854  8.7217376e-05  -0.0013925372  -0.0017391168  0.00017794179  0.0000000   -0.00092166232  0.00016071135  0.00076562130  2.8067330e-05  -0.00081715753  0.00023708909  -3.9994434e-05  2.4948974e-05  6.9127247e-05  2.0048023e-05  -0.00024516240  0.00028485348  -5.4283004e-05  8.6142950e-05  7.5084469e-05  7.1988722e-06  -0.00012706646  0.00013595675  1.2507303e-05  6.3790840e-05  8.6148474e-05  -1.8142734e-05  5.3399570e-05  -0.00076353857  0.00011498636  -0.0010519854  8.7217376e-05  -0.0013925372  -0.0017391168  0.00017794179  0.0000000   -0.00092166232  0.00016071135  0.00076562130  2.8067330e-05  -0.00081715753  0.00023708909  -3.9994434e-05  2.4948974e-05  6.9127247e-05  2.0048023e-05  -0.00024516240  0.00028485348  -5.4283004e-05  8.6142950e-05  7.5084469e-05  7.1988722e-06  -0.00012706646  0.00013595675  1.2507303e-05  6.3790840e-05  
-1.6349351e-05  -1.4649845e-05  0.00016796762  -0.00024217445  -0.00042395642  -0.00011392795  2.9946259e-05  0.00058853862  -0.0013876321  0.00022699919  0.00092166232  0.0000000   -0.00080962618  -0.00020041517  -1.0536527e-05  0.00028475217  0.00084839434  -0.00078209397  -1.7289710e-05  -8.1647970e-05  -6.3764422e-05  0.00018776004  0.00014775173  -0.00011621149  0.00017609094  -2.0174489e-05  -6.3815697e-07  4.9057715e-05  -1.4490146e-05  -1.6570886e-09  -0.00017813893  -1.6349351e-05  -1.4649845e-05  0.00016796762  -0.00024217445  -0.00042395642  -0.00011392795  2.9946259e-05  0.00058853862  -0.0013876321  0.00022699919  0.00092166232  0.0000000   -0.00080962618  -0.00020041517  -1.0536527e-05  0.00028475217  0.00084839434  -0.00078209397  -1.7289710e-05  -8.1647970e-05  -6.3764422e-05  0.00018776004  0.00014775173  -0.00011621149  0.00017609094  -2.0174489e-05  -6.3815697e-07  4.9057715e-05  -1.4490146e-05  -1.6570886e-09  -0.00017813893  
-0.00010093710  0.00011194826  -0.00017930296  -5.0367843e-05  0.00011478310  -2.0322295e-05  -0.00019708823  0.00025379708  -6.2273896e-06  -0.00037815966  -0.00016071135  0.00080962618  0.0000000   0.020232887  -0.00041810069  -6.6830640e-05  -0.00027463225  -0.00026475966  0.00013500439  0.00015394950  0.00074568531  0.00027089446  -7.1850906e-05  -3.4073096e-05  0.00020888658  0.00010202232  0.00020198374  -3.6419425e-05  6.4320314e-05  -5.6540745e-05  8.7149000e-05  -0.00010093710  0.00011194826  -0.00017930296  -5.0367843e-05  0.00011478310  -2.0322295e-05  -0.00019708823  0.00025379708  -6.2273896e-06  -0.00037815966  -0.00016071135  0.00080962618  0.0000000   0.020232887  -0.00041810069  -6.6830640e-05  -0.00027463225  -0.00026475966  0.00013500439  0.00015394950  0.00074568531  0.00027089446  -7.1850906e-05  -3.4073096e-05  0.00020888658  0.00010202232  0.00020198374  -3.6419425e-05  6.4320314e-05  -5.6540745e-05  8.7149000e-05  
2.3229483e-05  7.2112082e-05  0.00022778892  -1.0947603e-05  -0.00017286778  -0.00026048326  -0.00010763545  0.00038188434  -0.00014480118  -0.00036778260  -0.00076562130  0.00020041517  -0.020232887  0.0000000   0.0012601555  -0.00032574990  -0.00040989050  0.00050814806  -0.00035850096  0.00015458568  -0.0010802549  1.8218482e-05  5.8276932e-06  1.5560307e-06  0.00012455496  -3.7683741e-05  1.8323335e-05  -0.00014271575  -0.00015494261  0.00014824679  3.0459343e-05  2.3229483e-05  7.2112082e-05  0.00022778892  -1.0947603e-05  -0.00017286778  -0.00026048326  -0.00010763545  0.00038188434  -0.00014480118  -0.00036778260  -0.00076562130  0.00020041517  -0.020232887  0.0000000   0.0012601555  -0.00032574990  -0.00040989050  0.00050814806  -0.00035850096  0.00015458568  -0.0010802549  1.8218482e-05  5.8276932e-06  1.5560307e-06  0.00012455496  -3.7683741e-05  1.8323335e-05  -0.00014271575  -0.00015494261  0.00014824679  3.0459343e-05  
9.2062923e-05  -0.00049591362  -7.9632988e-05  -2.1234429e-06  -2.5092719e-05  1.5108843e-05  -0.00019213023  1.5121514e-05  3.8414090e-05  -0.00027009734  -2.8067330e-05  1.0536527e-05  0.00041810069  -0.0012601555  0.0000000   8.9154491e-05  -0.00014893896  -5.2877061e-05  0.00087210464  -0.00015397819  0.00051892498  3.4632304e-05  1.4659859e-05  1.5355904e-05  -4.8557137e-05  -1.8774003e-05  0.00010650346  -3.3215904e-06  7.3268788e-06  -0.00011901492  1.7329841e-05  9.2062923e-05  -0.00049591362  -7.9632988e-05  -2.1234429e-06  -2.5092719e-05  1.5108843e-05  -0.00019213023  1.5121514e-05  3.8414090e-05  -0.00027009734  -2.8067330e-05  1.0536527e-05  0.00041810069  -0.0012601555  0.0000000   8.9154491e-05  -0.00014893896  -5.2877061e-05  0.00087210464  -0.00015397819  0.00051892498  3.4632304e-05  1.4659859e-05  1.5355904e-05  -4.8557137e-05  -1.8774003e-05  0.00010650346  -3.3215904e-06  7.3268788e-06  -0.00011901492  1.7329841e-05  
-3.7388278e-06  -6.4139717e-05  0.00042443923  1.2149216e-05  -0.00018659601  1.2661054e-06  1.2186993e-05  5.7660397e-05  -0.00051317472  9.3208353e-05  0.00081715753  -0.00028475217  6.6830640e-05  0.00032574990  -8.9154491e-05  0.0000000   0.0019441862  -0.00029681526  0.00015289212  0.00050262866  3.0786572e-06  1.8199398e-06  -0.00025642909  4.7721502e-05  0.00048193628  3.4053862e-06  -7.3558233e-06  1.9170006e-05  -9.9212153e-07  4.1972037e-06  -0.00024591059  -3.7388278e-06  -6.4139717e-05  0.00042443923  1.2149216e-05  -0.00018659601  1.2661054e-06  1.2186993e-05  5.7660397e-05  -0.00051317472  9.3208353e-05  0.00081715753  -0.00028475217  6.6830640e-05  0.00032574990  -8.9154491e-05  0.0000000   0.0019441862  -0.00029681526  0.00015289212  0.00050262866  3.0786572e-06  1.8199398e-06  -0.00025642909  4.7721502e-05  0.00048193628  3.4053862e-06  -7.3558233e-06  1.9170006e-05  -9.9212153e-07  4.1972037e-06  -0.00024591059  
1.3853875e-05  -2.2440514e-05  2.5421402e-05  -3.1335087e-05  0.00015208720  0.00016635139  1.5104667e-05  -0.00011017252  -0.00030303363  -5.0815475e-06  -0.00023708909  -0.00084839434  0.00027463225  0.00040989050  0.00014893896  -0.0019441862  0.0000000   0.0016657363  0.00017178839  0.00075206353  1.9251298e-05  -0.00060563941  -0.00042902941  -2.6291438e-05  -4.1071133e-05  0.00016687265  -1.1679917e-05  0.00019954221  -3.1977857e-06  -3.7130104e-06  3.1792876e-05  1.3853875e-05  -2.2440514e-05  2.5421402e-05  -3.1335087e-05  0.00015208720  0.00016635139  1.5104667e-05  -0.00011017252  -0.00030303363  -5.0815475e-06  -0.00023708909  -0.00084839434  0.00027463225  0.00040989050  0.00014893896  -0.0019441862  0.0000000   0.0016657363  0.00017178839  0.00075206353  1.9251298e-05  -0.00060563941  -0.00042902941  -2.6291438e-05  -4.1071133e-05  0.00016687265  -1.1679917e-05  0.00019954221  -3.1977857e-06  -3.7130104e-06  3.1792876e-05  
7.2298637e-06  1.5547461e-05  -3.3375405e-05  -0.00014137017  -0.00021492372  0.00016308999  -3.4388324e-05  6.4624587e-05  0.00095290954  -0.00010980046  3.9994434e-05  0.00078209397  0.00026475966  -0.00050814806  5.2877061e-05  0.00029681526  -0.0016657363  0.0000000   -0.00010438612  -0.00010901561  -7.1944530e-06  0.00012779967  -0.00027909666  -0.00012609100  7.6519221e-06  6.1263360e-05  -1.0106338e-05  -0.00010356315  7.2164794e-06  3.1877744e-06  0.00015064728  7.2298637e-06  1.5547461e-05  -3.3375405e-05  -0.00014137017  -0.00021492372  0.00016308999  -3.4388324e-05  6.4624587e-05  0.00095290954  -0.00010980046  3.9994434e-05  0.00078209397  0.00026475966  -0.00050814806  5.2877061e-05  0.00029681526  -0.0016657363  0.0000000   -0.00010438612  -0.00010901561  -7.1944530e-06  0.00012779967  -0.00027909666  -0.00012609100  7.6519221e-06  6.1263360e-05  -1.0106338e-05  -0.00010356315  7.2164794e-06  3.1877744e-06  0.00015064728  
-0.00013318235  -9.6210069e-05  -4.4859770e-05  -3.7497885e-08  1.3101366e-05  6.8733894e-05  0.00028064951  -8.5826259e-06  3.9501834e-05  0.00019838765  -2.4948974e-05  1.7289710e-05  -0.00013500439  0.00035850096  -0.00087210464  -0.00015289212  -0.00017178839  0.00010438612  0.0000000   2.2695662e-05  -0.00011680677  5.1123225e-05  -8.7801052e-05  1.1624849e-05  2.3141142e-05  1.7412827e-05  9.4834719e-05  -5.3738668e-06  2.3547671e-05  5.7194521e-06  7.7802241e-06  -0.00013318235  -9.6210069e-05  -4.4859770e-05  -3.7497885e-08  1.3101366e-05  6.8733894e-05  0.00028064951  -8.5826259e-06  3.9501834e-05  0.00019838765  -2.4948974e-05  1.7289710e-05  -0.00013500439  0.00035850096  -0.00087210464  -0.00015289212  -0.00017178839  0.00010438612  0.0000000   2.2695662e-05  -0.00011680677  5.1123225e-05  -8.7801052e-05  1.1624849e-05  2.3141142e-05  1.7412827e-05  9.4834719e-05  -5.3738668e-06  2.3547671e-05  5.7194521e-06  7.7802241e-06  
4.1240246e-05  1.3160948e-05  -0.00012988820  -0.00022880692  -5.7418543e-05  0.00039469086  1.1701730e-05  -8.5680924e-05  -0.00029802463  -8.7142008e-06  -6.9127247e-05  8.1647970e-05  -0.00015394950  -0.00015458568  0.00015397819  -0.00050262866  -0.00075206353  0.00010901561  -2.2695662e-05  0.0000000   -3.2300501e-05  0.00051553807  -0.00067042877  0.00023244131  0.00016636703  7.0188971e-05  -3.6148013e-05  2.8832803e-05  0.00024308655  2.3257505e-06  3.1517272e-05  4.1240246e-05  1.3160948e-05  -0.00012988820  -0.00022880692  -5.7418543e-05  0.00039469086  1.1701730e-05  -8.5680924e-05  -0.00029802463  -8.7142008e-06  -6.9127247e-05  8.1647970e-05  -0.00015394950  -0.00015458568  0.00015397819  -0.00050262866  -0.00075206353  0.00010901561  -2.2695662e-05  0.0000000   -3.2300501e-05  0.00051553807  -0.00067042877  0.00023244131  0.00016636703  7.0188971e-05  -3.6148013e-05  2.8832803e-05  0.00024308655  2.3257505e-06  3.1517272e-05  
6.8775826e-05  0.00028527095  7.1243223e-05  -2.2441666e-05  -5.4128334e-05  1.3412415e-05  0.00030021382  3.1521296e-05  -8.8741125e-05  -0.00049954091  -2.0048023e-05  6.3764422e-05  -0.00074568531  0.0010802549  -0.00051892498  -3.0786572e-06  -1.9251298e-05  7.1944530e-06  0.00011680677  3.2300501e-05  0.0000000   -7.2456840e-06  0.00012303762  1.5373013e-05  8.1742537e-06  -2.1920658e-05  -1.5186131e-05  -1.5828877e-05  1.9249953e-06  -0.00016250177  -1.0493036e-05  6.8775826e-05  0.00028527095  7.1243223e-05  -2.2441666e-05  -5.4128334e-05  1.3412415e-05  0.00030021382  3.1521296e-05  -8.8741125e-05  -0.00049954091  -2.0048023e-05  6.3764422e-05  -0.00074568531  0.0010802549  -0.00051892498  -3.0786572e-06  -1.9251298e-05  7.1944530e-06  0.00011680677  3.2300501e-05  0.0000000   -7.2456840e-06  0.00012303762  1.5373013e-05  8.1742537e-06  -2.1920658e-05  -1.5186131e-05  -1.5828877e-05  1.9249953e-06  -0.00016250177  -1.0493036e-05  
1.4653589e-05  2.2622177e-05  -0.00015834029  9.8200402e-05  0.00028880120  3.4528838e-05  2.4440151e-05  2.4381414e-05  -8.0798527e-05  -2.4394227e-05  0.00024516240  -0.00018776004  -0.00027089446  -1.8218482e-05  -3.4632304e-05  -1.8199398e-06  0.00060563941  -0.00012779967  -5.1123225e-05  -0.00051553807  7.2456840e-06  0.0000000   -0.0010672985  0.00013452558  0.00024809432  0.00039955625  -2.3173029e-05  -0.00025949346  0.00010266010  -2.5891979e-06  -0.00014649128  1.4653589e-05  2.2622177e-05  -0.00015834029  9.8200402e-05  0.00028880120  3.4528838e-05  2.4440151e-05  2.4381414e-05  -8.0798527e-05  -2.4394227e-05  0.00024516240  -0.00018776004  -0.00027089446  -1.8218482e-05  -3.4632304e-05  -1.8199398e-06  0.00060563941  -0.00012779967  -5.1123225e-05  -0.00051553807  7.2456840e-06  0.0000000   -0.0010672985  0.00013452558  0.00024809432  0.00039955625  -2.3173029e-05  -0.00025949346  0.00010266010  -2.5891979e-06  -0.00014649128  
1.5839108e-06  1.1468756e-06  -6.7142746e-05  3.7615239e-06  2.2216628e-05  0.00036827976  3.5607753e-05  -8.0701069e-05  -0.00048661629  7.1141341e-05  -0.00028485348  -0.00014775173  7.1850906e-05  -5.8276932e-06  -1.4659859e-05  0.00025642909  0.00042902941  0.00027909666  8.7801052e-05  0.00067042877  -0.00012303762  0.0010672985  0.0000000   -0.00068482726  0.0013163226  -0.00037427528  -6.4024645e-05  0.00076190277  0.00025092876  1.4599914e-05  9.4591186e-05  1.5839108e-06  1.1468756e-06  -6.7142746e-05  3.7615239e-06  2.2216628e-05  0.00036827976  3.5607753e-05  -8.0701069e-05  -0.00048661629  7.1141341e-05  -0.00028485348  -0.00014775173  7.1850906e-05  -5.8276932e-06  -1.4659859e-05  0.00025642909  0.00042902941  0.00027909666  8.7801052e-05  0.00067042877  -0.00012303762  0.0010672985  0.0000000   -0.00068482726  0.0013163226  -0.00037427528  -6.4024645e-05  0.00076190277  0.00025092876  1.4599914e-05  9.4591186e-05  
-9.5614122e-06  -2.7010076e-05  -3.0930591e-05  1.7614121e-05  0.00016636559  0.00021113508  7.6141620e-06  -6.1138786e-05  -0.00011243132  3.1039532e-05  5.4283004e-05  0.00011621149  3.4073096e-05  -1.5560307e-06  -1.5355904e-05  -4.7721502e-05  2.6291438e-05  0.00012609100  -1.1624849e-05  -0.00023244131  -1.5373013e-05  -0.00013452558  0.00068482726  0.0000000   0.0033177397  0.0010413333  -7.9622326e-05  0.00038743056  -0.00045137144  -1.8179021e-05  0.00016348045  -9.5614122e-06  -2.7010076e-05  -3.0930591e-05  1.7614121e-05  0.00016636559  0.00021113508  7.6141620e-06  -6.1138786e-05  -0.00011243132  3.1039532e-05  5.4283004e-05  0.00011621149  3.4073096e-05  -1.5560307e-06  -1.5355904e-05  -4.7721502e-05  2.6291438e-05  0.00012609100  -1.1624849e-05  -0.00023244131  -1.5373013e-05  -0.00013452558  0.00068482726  0.0000000   0.0033177397  0.0010413333  -7.9622326e-05  0.00038743056  -0.00045137144  -1.8179021e-05  0.00016348045  
6.4173404e-06  1.3995615e-05  -0.00010685505  7.3720285e-05  9.4290031e-05  -8.0267259e-05  1.5857101e-05  4.0431259e-05  -2.0109505e-05  -2.1438325e-05  -8.6142950e-05  -0.00017609094  -0.00020888658  -0.00012455496  4.8557137e-05  -0.00048193628  4.1071133e-05  -7.6519221e-06  -2.3141142e-05  -0.00016636703  -8.1742537e-06  -0.00024809432  -0.0013163226  -0.0033177397  0.0000000   -4.3980273e-05  -3.1449430e-05  7.2555665e-05  -0.00034248070  2.6350879e-05  0.00016900392  6.4173404e-06  1.3995615e-05  -0.00010685505  7.3720285e-05  9.4290031e-05  -8.0267259e-05  1.5857101e-05  4.0431259e-05  -2.0109505e-05  -2.1438325e-05  -8.6142950e-05  -0.00017609094  -0.00020888658  -0.00012455496  4.8557137e-05  -0.00048193628  4.1071133e-05  -7.6519221e-06  -2.3141142e-05  -0.00016636703  -8.1742537e-06  -0.00024809432  -0.0013163226  -0.0033177397  0.0000000   -4.3980273e-05  -3.1449430e-05  7.2555665e-05  -0.00034248070  2.6350879e-05  0.00016900392  
1.8697827e-05  -2.4738716e-05  0.00017930943  -2.5442930e-05  -7.8898121e-05  -2.9608288e-05  -5.1648655e-06  0.00022417677  -9.9100893e-05  2.4774314e-05  -7.5084469e-05  2.0174489e-05  -0.00010202232  3.7683741e-05  1.8774003e-05  -3.4053862e-06  -0.00016687265  -6.1263360e-05  -1.7412827e-05  -7.0188971e-05  2.1920658e-05  -0.00039955625  0.00037427528  -0.0010413333  4.3980273e-05  0.0000000   2.7726960e-05  -0.00093890331  -0.00091278308  -9.1187300e-06  -0.00020010466  1.8697827e-05  -2.4738716e-05  0.00017930943  -2.5442930e-05  -7.8898121e-05  -2.9608288e-05  -5.1648655e-06  0.00022417677  -9.9100893e-05  2.4774314e-05  -7.5084469e-05  2.0174489e-05  -0.00010202232  3.7683741e-05  1.8774003e-05  -3.4053862e-06  -0.00016687265  -6.1263360e-05  -1.7412827e-05  -7.0188971e-05  2.1920658e-05  -0.00039955625  0.00037427528  -0.0010413333  4.3980273e-05  0.0000000   2.7726960e-05  -0.00093890331  -0.00091278308  -9.1187300e-06  -0.00020010466  
0.00011461772  -0.00018968860  -1.3629572e-05  9.9679387e-06  1.2633441e-07  2.0548638e-05  -5.1962459e-05  -3.5081941e-06  -1.8957457e-05  4.3906722e-05  -7.1988722e-06  6.3815697e-07  -0.00020198374  -1.8323335e-05  -0.00010650346  7.3558233e-06  1.1679917e-05  1.0106338e-05  -9.4834719e-05  3.6148013e-05  1.5186131e-05  2.3173029e-05  6.4024645e-05  7.9622326e-05  3.1449430e-05  -2.7726960e-05  0.0000000   1.6277226e-05  4.5764071e-05  0.00077451943  1.3627653e-05  0.00011461772  -0.00018968860  -1.3629572e-05  9.9679387e-06  1.2633441e-07  2.0548638e-05  -5.1962459e-05  -3.5081941e-06  -1.8957457e-05  4.3906722e-05  -7.1988722e-06  6.3815697e-07  -0.00020198374  -1.8323335e-05  -0.00010650346  7.3558233e-06  1.1679917e-05  1.0106338e-05  -9.4834719e-05  3.6148013e-05  1.5186131e-05  2.3173029e-05  6.4024645e-05  7.9622326e-05  3.1449430e-05  -2.7726960e-05  0.0000000   1.6277226e-05  4.5764071e-05  0.00077451943  1.3627653e-05  
4.2026095e-08  1.1363013e-05  -0.00010316881  4.3119550e-05  2.2562941e-05  -7.3251539e-05  2.1017942e-06  2.7570118e-05  4.4496107e-05  -3.2012207e-05  0.00012706646  -4.9057715e-05  3.6419425e-05  0.00014271575  3.3215904e-06  -1.9170006e-05  -0.00019954221  0.00010356315  5.3738668e-06  -2.8832803e-05  1.5828877e-05  0.00025949346  -0.00076190277  -0.00038743056  -7.2555665e-05  0.00093890331  -1.6277226e-05  0.0000000   -0.0011902529  -3.4153214e-05  -0.00013076816  4.2026095e-08  1.1363013e-05  -0.00010316881  4.3119550e-05  2.2562941e-05  -7.3251539e-05  2.1017942e-06  2.7570118e-05  4.4496107e-05  -3.2012207e-05  0.00012706646  -4.9057715e-05  3.6419425e-05  0.00014271575  3.3215904e-06  -1.9170006e-05  -0.00019954221  0.00010356315  5.3738668e-06  -2.8832803e-05  1.5828877e-05  0.00025949346  -0.00076190277  -0.00038743056  -7.2555665e-05  0.00093890331  -1.6277226e-05  0.0000000   -0.0011902529  -3.4153214e-05  -0.00013076816  
-2.0631272e-05  1.5803918e-05  -0.00014263775  3.1092685e-05  4.5925735e-05  -3.1419955e-06  7.8227127e-06  -9.7252644e-05  -2.7630307e-05  -2.1866358e-05  -0.00013595675  1.4490146e-05  -6.4320314e-05  0.00015494261  -7.3268788e-06  9.9212153e-07  3.1977857e-06  -7.2164794e-06  -2.3547671e-05  -0.00024308655  -1.9249953e-06  -0.00010266010  -0.00025092876  0.00045137144  0.00034248070  0.00091278308  -4.5764071e-05  0.0011902529  0.0000000   -4.0203003e-05  0.0023128829  -2.0631272e-05  1.5803918e-05  -0.00014263775  3.1092685e-05  4.5925735e-05  -3.1419955e-06  7.8227127e-06  -9.7252644e-05  -2.7630307e-05  -2.1866358e-05  -0.00013595675  1.4490146e-05  -6.4320314e-05  0.00015494261  -7.3268788e-06  9.9212153e-07  3.1977857e-06  -7.2164794e-06  -2.3547671e-05  -0.00024308655  -1.9249953e-06  -0.00010266010  -0.00025092876  0.00045137144  0.00034248070  0.00091278308  -4.5764071e-05  0.0011902529  0.0000000   -4.0203003e-05  0.0023128829  
0.00021852047  -3.2883468e-05  -6.3308787e-06  1.3561027e-05  2.8690575e-05  -1.3542179e-05  -5.8166047e-05  -1.8096207e-05  4.9039766e-05  0.00036634469  -1.2507303e-05  1.6570886e-09  5.6540745e-05  -0.00014824679  0.00011901492  -4.1972037e-06  3.7130104e-06  -3.1877744e-06  -5.7194521e-06  -2.3257505e-06  0.00016250177  2.5891979e-06  -1.4599914e-05  1.8179021e-05  -2.6350879e-05  9.1187300e-06  -0.00077451943  3.4153214e-05  4.0203003e-05  0.0000000   3.3646230e-05  0.00021852047  -3.2883468e-05  -6.3308787e-06  1.3561027e-05  2.8690575e-05  -1.3542179e-05  -5.8166047e-05  -1.8096207e-05  4.9039766e-05  0.00036634469  -1.2507303e-05  1.6570886e-09  5.6540745e-05  -0.00014824679  0.00011901492  -4.1972037e-06  3.7130104e-06  -3.1877744e-06  -5.7194521e-06  -2.3257505e-06  0.00016250177  2.5891979e-06  -1.4599914e-05  1.8179021e-05  -2.6350879e-05  9.1187300e-06  -0.00077451943  3.4153214e-05  4.0203003e-05  0.0000000   3.3646230e-05  
2.4325143e-05  2.5245543e-05  -0.00020703216  -1.4077741e-05  -5.9116262e-05  0.00014292068  6.4533278e-06  -4.3470498e-05  8.1159340e-05  -1.4063037e-05  -6.3790840e-05  0.00017813893  -8.7149000e-05  -3.0459343e-05  -1.7329841e-05  0.00024591059  -3.1792876e-05  -0.00015064728  -7.7802241e-06  -3.1517272e-05  1.0493036e-05  0.00014649128  -9.4591186e-05  -0.00016348045  -0.00016900392  0.00020010466  -1.3627653e-05  0.00013076816  -0.0023128829  -3.3646230e-05  0.0000000   2.4325143e-05  2.5245543e-05  -0.00020703216  -1.4077741e-05  -5.9116262e-05  0.00014292068  6.4533278e-06  -4.3470498e-05  8.1159340e-05  -1.4063037e-05  -6.3790840e-05  0.00017813893  -8.7149000e-05  -3.0459343e-05  -1.7329841e-05  0.00024591059  -3.1792876e-05  -0.00015064728  -7.7802241e-06  -3.1517272e-05  1.0493036e-05  0.00014649128  -9.4591186e-05  -0.00016348045  -0.00016900392  0.00020010466  -1.3627653e-05  0.00013076816  -0.0023128829  -3.3646230e-05  0.0000000   
0.0000000   0.00056147749  -0.00017290407  -0.00029176658  1.7572936e-05  0.00012999274  -0.00033773657  -4.4914149e-05  -4.1783163e-05  -0.00012370309  -8.6148474e-05  1.6349351e-05  0.00010093710  -2.3229483e-05  -9.2062923e-05  3.7388278e-06  -1.3853875e-05  -7.2298637e-06  0.00013318235  -4.1240246e-05  -6.8775826e-05  -1.4653589e-05  -1.5839108e-06  9.5614122e-06  -6.4173404e-06  -1.8697827e-05  -0.00011461772  -4.2026095e-08  2.0631272e-05  -0.00021852047  -2.4325143e-05  0.0000000   0.00056147749  -0.00017290407  -0.00029176658  1.7572936e-05  0.00012999274  -0.00033773657  -4.4914149e-05  -4.1783163e-05  -0.00012370309  -8.6148474e-05  1.6349351e-05  0.00010093710  -2.3229483e-05  -9.2062923e-05  3.7388278e-06  -1.3853875e-05  -7.2298637e-06  0.00013318235  -4.1240246e-05  -6.8775826e-05  -1.4653589e-05  -1.5839108e-06  9.5614122e-06  -6.4173404e-06  -1.8697827e-05  -0.00011461772  -4.2026095e-08  2.0631272e-05  -0.00021852047  -2.4325143e-05  
-0.00056147749  0.0000000   -0.00016796605  -0.00036615063  0.00016391569  -0.00010326130  6.6581956e-06  -0.00012143764  -5.4203748e-05  -9.6136962e-05  1.8142734e-05  1.4649845e-05  -0.00011194826  -7.2112082e-05  0.00049591362  6.4139717e-05  2.2440514e-05  -1.5547461e-05  9.6210069e-05  -1.3160948e-05  -0.00028527095  -2.2622177e-05  -1.1468756e-06  2.7010076e-05  -1.3995615e-05  2.4738716e-05  0.00018968860  -1.1363013e-05  -1.5803918e-05  3.2883468e-05  -2.5245543e-05  -0.00056147749  0.0000000   -0.00016796605  -0.00036615063  0.00016391569  -0.00010326130  6.6581956e-06  -0.00012143764  -5.4203748e-05  -9.6136962e-05  1.8142734e-05  1.4649845e-05  -0.00011194826  -7.2112082e-05  0.00049591362  6.4139717e-05  2.2440514e-05  -1.5547461e-05  9.6210069e-05  -1.3160948e-05  -0.00028527095  -2.2622177e-05  -1.1468756e-06  2.7010076e-05  -1.3995615e-05  2.4738716e-05  0.00018968860  -1.1363013e-05  -1.5803918e-05  3.2883468e-05  -2.5245543e-05  
0.00017290407  0.00016796605  0.0000000   0.0025967048  -0.00080074008  -0.0016951568  -2.2861297e-05  0.00052445038  0.00012251435  -7.7595784e-05  -5.3399570e-05  -0.00016796762  0.00017930296  -0.00022778892  7.9632988e-05  -0.00042443923  -2.5421402e-05  3.3375405e-05  4.4859770e-05  0.00012988820  -7.1243223e-05  0.00015834029  6.7142746e-05  3.0930591e-05  0.00010685505  -0.00017930943  1.3629572e-05  0.00010316881  0.00014263775  6.3308787e-06  0.00020703216  0.00017290407  0.00016796605  0.0000000   0.0025967048  -0.00080074008  -0.0016951568  -2.2861297e-05  0.00052445038  0.00012251435  -7.7595784e-05  -5.3399570e-05  -0.00016796762  0.00017930296  -0.00022778892  7.9632988e-05  -0.00042443923  -2.5421402e-05  3.3375405e-05  4.4859770e-05  0.00012988820  -7.1243223e-05  0.00015834029  6.7142746e-05  3.0930591e-05  0.00010685505  -0.00017930943  1.3629572e-05  0.00010316881  0.00014263775  6.3308787e-06  0.00020703216  
0.00029176658  0.00036615063  -0.0025967048  0.0000000   -0.00064713760  2.8079585e-05  -0.00010681922  -0.00010634238  0.0012990651  -0.00014845265  0.00076353857  0.00024217445  5.0367843e-05  1.0947603e-05  2.1234429e-06  -1.2149216e-05  3.1335087e-05  0.00014137017  3.7497885e-08  0.00022880692  2.2441666e-05  -9.8200402e-05  -3.7615239e-06  -1.7614121e-05  -7.3720285e-05  2.5442930e-05  -9.9679387e-06  -4.3119550e-05  -3.1092685e-05  -1.3561027e-05  1.4077741e-05  0.00029176658  0.00036615063  -0.0025967048  0.0000000   -0.00064713760  2.8079585e-05  -0.00010681922  -0.00010634238  0.0012990651  -0.00014845265  0.00076353857  0.00024217445  5.0367843e-05  1.0947603e-05  2.1234429e-06  -1.2149216e-05  3.1335087e-05  0.00014137017  3.7497885e-08  0.00022880692  2.2441666e-05  -9.8200402e-05  -3.7615239e-06  -1.7614121e-05  -7.3720285e-05  2.5442930e-05  -9.9679387e-06  -4.3119550e-05  -3.1092685e-05  -1.3561027e-05  1.4077741e-05  
-1.7572936e-05  -0.00016391569  0.00080074008  0.00064713760  0.0000000   0.0060049382  0.00019497187  -0.0012804209  0.0012186267  -0.00014114792  -0.00011498636  0.00042395642  -0.00011478310  0.00017286778  2.5092719e-05  0.00018659601  -0.00015208720  0.00021492372  -1.3101366e-05  5.7418543e-05  5.4128334e-05  -0.00028880120  -2.2216628e-05  -0.00016636559  -9.4290031e-05  7.8898121e-05  -1.2633441e-07  -2.2562941e-05  -4.5925735e-05  -2.8690575e-05  5.9116262e-05  -1.7572936e-05  -0.00016391569  0.00080074008  0.00064713760  0.0000000   0.0060049382  0.00019497187  -0.0012804209  0.0012186267  -0.00014114792  -0.00011498636  0.00042395642  -0.00011478310  0.00017286778  2.5092719e-05  0.00018659601  -0.00015208720  0.00021492372  -1.3101366e-05  5.7418543e-05  5.4128334e-05  -0.00028880120  -2.2216628e-05  -0.00016636559  -9.4290031e-05  7.8898121e-05  -1.2633441e-07  -2.2562941e-05  -4.5925735e-05  -2.8690575e-05  5.9116262e-05  
-0.00012999274  0.00010326130  0.0016951568  -2.8079585e-05  -0.0060049382  0.0000000   -4.2665199e-05  0.00042240898  0.00086114864  8.0135170e-05  0.0010519854  0.00011392795  2.0322295e-05  0.00026048326  -1.5108843e-05  -1.2661054e-06  -0.00016635139  -0.00016308999  -6.8733894e-05  -0.00039469086  -1.3412415e-05  -3.4528838e-05  -0.00036827976  -0.00021113508  8.0267259e-05  2.9608288e-05  -2.0548638e-05  7.3251539e-05  3.1419955e-06  1.3542179e-05  -0.00014292068  -0.00012999274  0.00010326130  0.0016951568  -2.8079585e-05  -0.0060049382  0.0000000   -4.2665199e-05  0.00042240898  0.00086114864  8.0135170e-05  0.0010519854  0.00011392795  2.0322295e-05  0.00026048326  -1.5108843e-05  -1.2661054e-06  -0.00016635139  -0.00016308999  -6.8733894e-05  -0.00039469086  -1.3412415e-05  -3.4528838e-05  -0.00036827976  -0.00021113508  8.0267259e-05  2.9608288e-05  -2.0548638e-05  7.3251539e-05  3.1419955e-06  1.3542179e-05  -0.00014292068  
0.00033773657  -6.6581956e-06  2.2861297e-05  0.00010681922  -0.00019497187  4.2665199e-05  0.0000000   0.00022956164  -0.00015428521  0.00028096169  -8.7217376e-05  -2.9946259e-05  0.00019708823  0.00010763545  0.00019213023  -1.2186993e-05  -1.5104667e-05  3.4388324e-05  -0.00028064951  -1.1701730e-05  -0.00030021382  -2.4440151e-05  -3.5607753e-05  -7.6141620e-06  -1.5857101e-05  5.1648655e-06  5.1962459e-05  -2.1017942e-06  -7.8227127e-06  5.8166047e-05  -6.4533278e-06  0.00033773657  -6.6581956e-06  2.2861297e-05  0.00010681922  -0.00019497187  4.2665199e-05  0.0000000   0.00022956164  -0.00015428521  0.00028096169  -8.7217376e-05  -2.9946259e-05  0.00019708823  0.00010763545  0.00019213023  -1.2186993e-05  -1.5104667e-05  3.4388324e-05  -0.00028064951  -1.1701730e-05  -0.00030021382  -2.4440151e-05  -3.5607753e-05  -7.6141620e-06  -1.5857101e-05  5.1648655e-06  5.1962459e-05  -2.1017942e-06  -7.8227127e-06  5.8166047e-05  -6.4533278e-06  
4.4914149e-05  0.00012143764  -0.00052445038  0.00010634238  0.0012804209  -0.00042240898  -0.00022956164  0.0000000   0.0054344493  -0.00073522799  0.0013925372  -0.00058853862  -0.00025379708  -0.00038188434  -1.5121514e-05  -5.7660397e-05  0.00011017252  -6.4624587e-05  8.5826259e-06  8.5680924e-05  -3.1521296e-05  -2.4381414e-05  8.0701069e-05  6.1138786e-05  -4.0431259e-05  -0.00022417677  3.5081941e-06  -2.7570118e-05  9.7252644e-05  1.8096207e-05  4.3470498e-05  4.4914149e-05  0.00012143764  -0.00052445038  0.00010634238  0.0012804209  -0.00042240898  -0.00022956164  0.0000000   0.0054344493  -0.00073522799  0.0013925372  -0.00058853862  -0.00025379708  -0.00038188434  -1.5121514e-05  -5.7660397e-05  0.00011017252  -6.4624587e-05  8.5826259e-06  8.5680924e-05  -3.1521296e-05  -2.4381414e-05  8.0701069e-05  6.1138786e-05  -4.0431259e-05  -0.00022417677  3.5081941e-06  -2.7570118e-05  9.7252644e-05  1.8096207e-05  4.3470498e-05  
4.1783163e-05  5.4203748e-05  -0.00012251435  -0.0012990651  -0.0012186267  -0.00086114864  0.00015428521  -0.0054344493  0.0000000   -0.00016984991  0.0017391168  0.0013876321  6.2273896e-06  0.00014480118  -3.8414090e-05  0.00051317472  0.00030303363  -0.00095290954  -3.9501834e-05  0.00029802463  8.8741125e-05  8.0798527e-05  0.00048661629  0.00011243132  2.0109505e-05  9.9100893e-05  1.8957457e-05  -4.4496107e-05  2.7630307e-05  -4.9039766e-05  -8.1159340e-05  4.1783163e-05  5.4203748e-05  -0.00012251435  -0.0012990651  -0.0012186267  -0.00086114864  0.00015428521  -0.0054344493  0.0000000   -0.00016984991  0.0017391168  0.0013876321  6.2273896e-06  0.00014480118  -3.8414090e-05  0.00051317472  0.00030303363  -0.00095290954  -3.9501834e-05  0.00029802463  8.8741125e-05  8.0798527e-05  0.00048661629  0.00011243132  2.0109505e-05  9.9100893e-05  1.8957457e-05  -4.4496107e-05  2.7630307e-05  -4.9039766e-05  -8.1159340e-05  
0.00012370309  9.6136962e-05  7.7595784e-05  0.00014845265  0.00014114792  -8.0135170e-05  -0.00028096169  0.00073522799  0.00016984991  0.0000000   -0.00017794179  -0.00022699919  0.00037815966  0.00036778260  0.00027009734  -9.3208353e-05  5.0815475e-06  0.00010980046  -0.00019838765  8.7142008e-06  0.00049954091  2.4394227e-05  -7.1141341e-05  -3.1039532e-05  2.1438325e-05  -2.4774314e-05  -4.3906722e-05  3.2012207e-05  2.1866358e-05  -0.00036634469  1.4063037e-05  0.00012370309  9.6136962e-05  7.7595784e-05  0.00014845265  0.00014114792  -8.0135170e-05  -0.00028096169  0.00073522799  0.00016984991  0.0000000   -0.00017794179  -0.00022699919  0.00037815966  0.00036778260  0.00027009734  -9.3208353e-05  5.0815475e-06  0.00010980046  -0.00019838765  8.7142008e-06  0.00049954091  2.4394227e-05  -7.1141341e-05  -3.1039532e-05  2.1438325e-05  -2.4774314e-05  -4.3906722e-05  3.2012207e-05  2.1866358e-05  -0.00036634469  1.4063037e-05  
8.6148474e-05  -1.8142734e-05  5.3399570e-05  -0.00076353857  0.00011498636  -0.0010519854  8.7217376e-05  -0.0013925372  -0.0017391168  0.00017794179  0.0000000   -0.00092166232  0.00016071135  0.00076562130  2.8067330e-05  -0.00081715753  0.00023708909  -3.9994434e-05  2.4948974e-05  6.9127247e-05  2.0048023e-05  -0.00024516240  0.00028485348  -5.4283004e-05  8.6142950e-05  7.5084469e-05  7.1988722e-06  -0.00012706646  0.00013595675  1.2507303e-05  6.3790840e-05  8.6148474e-05  -1.8142734e-05  5.3399570e-05  -0.00076353857  0.00011498636  -0.0010519854  8.7217376e-05  -0.0013925372  -0.0017391168  0.00017794179  0.0000000   -0.00092166232  0.00016071135  0.00076562130  2.8067330e-05  -0.00081715753  0.00023708909  -3.9994434e-05  2.4948974e-05  6.9127247e-05  2.0048023e-05  -0.00024516240  0.00028485348  -5.4283004e-05  8.6142950e-05  7.5084469e-05  7.1988722e-06  -0.00012706646  0.00013595675  1.2507303e-05  6.3790840e-05  
