0.0000000   0.00010460385  -0.00028782953  -6.6279923e-05  0.00014718844  -0.00020598608  -7.3433703e-05  0.00022135547  -0.00020545683  -3.5953236e-05  -4.6240020e-05  -0.00021927246  -0.00031765952  -2.1933323e-05  5.6461538e-05  -9.5974090e-05  2.6748237e-05  -3.5102662e-05  -0.00010891933  -4.5980218e-05  -0.00021640153  2.3108434e-06  -4.4748163e-05  0.00013072584  -5.5376044e-06  -8.1617698e-05  7.6711082e-05  -3.6571982e-05  -0.00011066639  3.2032254e-05  -2.5977905e-07  0.0000000   0.00010460385  -0.00028782953  -6.6279923e-05  0.00014718844  -0.00020598608  -7.3433703e-05  0.00022135547  -0.00020545683  -3.5953236e-05  -4.6240020e-05  -0.00021927246  -0.00031765952  -2.1933323e-05  5.6461538e-05  -9.5974090e-05  2.6748237e-05  -3.5102662e-05  -0.00010891933  -4.5980218e-05  -0.00021640153  2.3108434e-06  -4.4748163e-05  0.00013072584  -5.5376044e-06  -8.1617698e-05  7.6711082e-05  -3.6571982e-05  -0.00011066639  3.2032254e-05  -2.5977905e-07  
-0.00010460385  0.0000000   0.017407297  -9.7715705e-05  0.00048091629  0.00016459672  0.00074872716  7.6879346e-05  0.00042629945  -0.00048791870  0.00055623183  0.00026900909  -3.8786268e-05  -0.00014586724  4.3325394e-05  0.00014385945  0.00011759624  -5.3063143e-05  5.9889408e-05  1.3131766e-05  2.5830753e-05  -1.3415849e-05  2.0792288e-05  -6.6426444e-05  -3.7530072e-06  -0.00028136638  5.1499185e-05  2.5727590e-05  -2.1115861e-05  0.00017015073  1.1061481e-05  -0.00010460385  0.0000000   0.017407297  -9.7715705e-05  0.00048091629  0.00016459672  0.00074872716  7.6879346e-05  0.00042629945  -0.00048791870  0.00055623183  0.00026900909  -3.8786268e-05  -0.00014586724  4.3325394e-05  0.00014385945  0.00011759624  -5.3063143e-05  5.9889408e-05  1.3131766e-05  2.5830753e-05  -1.3415849e-05  2.0792288e-05  -6.6426444e-05  -3.7530072e-06  -0.00028136638  5.1499185e-05  2.5727590e-05  -2.1115861e-05  0.00017015073  1.1061481e-05  
0.00028782953  -0.017407297  0.0000000   0.0022319164  -0.0013018113  -0.00045510099  0.00097153078  1.3316447e-06  -0.00033917310  -0.00027608717  0.00056839190  1.4302615e-05  0.00012185297  0.00035740946  9.2349885e-05  -3.5471993e-05  -4.9448396e-05  -7.9413939e-05  -9.2946316e-05  -0.00016231645  4.1380808e-05  0.00040167884  1.3333630e-07  -4.4549831e-05  4.1567685e-05  -4.6101456e-05  -1.6727528e-06  1.0485724e-05  -7.6640299e-05  0.00010043245  6.4699011e-05  0.00028782953  -0.017407297  0.0000000   0.0022319164  -0.0013018113  -0.00045510099  0.00097153078  1.3316447e-06  -0.00033917310  -0.00027608717  0.00056839190  1.4302615e-05  0.00012185297  0.00035740946  9.2349885e-05  -3.5471993e-05  -4.9448396e-05  -7.9413939e-05  -9.2946316e-05  -0.00016231645  4.1380808e-05  0.00040167884  1.3333630e-07  -4.4549831e-05  4.1567685e-05  -4.6101456e-05  -1.6727528e-06  1.0485724e-05  -7.6640299e-05  0.00010043245  6.4699011e-05  
6.6279923e-05  9.7715705e-05  -0.0022319164  0.0000000   0.00096419689  -1.7605195e-06  0.00054812140  -6.3078776e-05  0.00069581647  -0.00058226314  -0.00081097959  1.5702286e-05  6.2261824e-06  0.00028528112  4.8890825e-05  -1.9189277e-05  1.0137015e-05  0.00023438161  3.8198492e-05  -8.9351331e-05  -2.5094515e-05  3.2096252e-05  -1.3543113e-05  -7.0859571e-06  6.2949546e-05  0.00015850390  4.5462125e-06  1.4796236e-06  -1.5175410e-06  -6.7222160e-05  -4.8334591e-06  6.6279923e-05  9.7715705e-05  -0.0022319164  0.0000000   0.00096419689  -1.7605195e-06  0.00054812140  -6.3078776e-05  0.00069581647  -0.00058226314  -0.00081097959  1.5702286e-05  6.2261824e-06  0.00028528112  4.8890825e-05  -1.9189277e-05  1.0137015e-05  0.00023438161  3.8198492e-05  -8.9351331e-05  -2.5094515e-05  3.2096252e-05  -1.3543113e-05  -7.0859571e-06  6.2949546e-05  0.00015850390  4.5462125e-06  1.4796236e-06  -1.5175410e-06  -6.7222160e-05  -4.8334591e-06  
-0.00014718844  -0.00048091629  0.0013018113  -0.00096419689  0.0000000   -0.00038890153  0.0047966025  8.4144438e-05  -0.0017223329  -0.00071656274  -9.0032400e-05  -3.3188575e-05  -3.9220170e-05  -0.00042435883  -3.6995859e-05  -1.1677369e-05  -0.00010581917  -0.00026381833  2.1329580e-05  -0.00019593189  -3.9744315e-06  -0.00011874423  1.5543932e-05  3.1783342e-05  0.00016784684  -0.00016044736  1.7640257e-05  1.5053684e-05  2.9491328e-05  0.00012758457  1.0044486e-05  -0.00014718844  -0.00048091629  0.0013018113  -0.00096419689  0.0000000   -0.00038890153  0.0047966025  8.4144438e-05  -0.0017223329  -0.00071656274  -9.0032400e-05  -3.3188575e-05  -3.9220170e-05  -0.00042435883  -3.6995859e-05  -1.1677369e-05  -0.00010581917  -0.00026381833  2.1329580e-05  -0.00019593189  -3.9744315e-06  -0.00011874423  1.5543932e-05  3.1783342e-05  0.00016784684  -0.00016044736  1.7640257e-05  1.5053684e-05  2.9491328e-05  0.00012758457  1.0044486e-05  
0.00020598608  -0.00016459672  0.00045510099  1.7605195e-06  0.00038890153  0.0000000   -0.00026301681  -0.0022565690  -0.00038926630  -0.00016963728  8.9290792e-05  -0.00011425732  0.00037967473  -9.4916650e-05  0.00011308606  -0.00023873659  -9.8517808e-06  -4.9441806e-05  -0.00027815287  9.8284553e-06  0.00019888380  -7.0140852e-06  -5.4171420e-05  -8.3352445e-05  -2.2824826e-05  4.4362455e-06  -8.8545031e-05  6.6993217e-05  -3.4158123e-06  -2.5543578e-06  6.8522102e-05  0.00020598608  -0.00016459672  0.00045510099  1.7605195e-06  0.00038890153  0.0000000   -0.00026301681  -0.0022565690  -0.00038926630  -0.00016963728  8.9290792e-05  -0.00011425732  0.00037967473  -9.4916650e-05  0.00011308606  -0.00023873659  -9.8517808e-06  -4.9441806e-05  -0.00027815287  9.8284553e-06  0.00019888380  -7.0140852e-06  -5.4171420e-05  -8.3352445e-05  -2.2824826e-05  4.4362455e-06  -8.8545031e-05  6.6993217e-05  -3.4158123e-06  -2.5543578e-06  6.8522102e-05  
7.3433703e-05  -0.00074872716  -0.00097153078  -0.00054812140  -0.0047966025  0.00026301681  0.0000000   -0.00052324319  0.0037923040  0.0013428377  -0.00037915230  -1.1901555e-05  0.00016810331  0.00043586511  6.7375633e-05  -0.00011777829  -0.00025043682  0.00043002185  -6.9781655e-05  3.4948356e-05  1.2255269e-05  3.8951604e-05  1.7364564e-05  -2.3700053e-05  0.00015598398  8.2210980e-05  -3.8913026e-05  3.8985841e-06  9.8840374e-06  0.00012567672  7.2321042e-06  7.3433703e-05  -0.00074872716  -0.00097153078  -0.00054812140  -0.0047966025  0.00026301681  0.0000000   -0.00052324319  0.0037923040  0.0013428377  -0.00037915230  -1.1901555e-05  0.00016810331  0.00043586511  6.7375633e-05  -0.00011777829  -0.00025043682  0.00043002185  -6.9781655e-05  3.4948356e-05  1.2255269e-05  3.8951604e-05  1.7364564e-05  -2.3700053e-05  0.00015598398  8.2210980e-05  -3.8913026e-05  3.8985841e-06  9.8840374e-06  0.00012567672  7.2321042e-06  
-0.00022135547  -7.6879346e-05  -1.3316447e-06  6.3078776e-05  -8.4144438e-05  0.0022565690  0.00052324319  0.0000000   -0.00015064289  0.00021848030  -5.5408176e-05  -0.00015253450  -0.00037842489  6.3901603e-05  2.8902568e-05  -0.00022954686  3.5907733e-05  -7.1656478e-05  0.00040267650  -3.6343967e-05  -5.4909204e-05  -1.1272483e-05  0.00019099257  2.9375486e-06  -9.4434567e-07  2.7123846e-05  -8.1318640e-05  9.8910722e-05  3.3494029e-05  4.3962861e-06  4.7950659e-05  -0.00022135547  -7.6879346e-05  -1.3316447e-06  6.3078776e-05  -8.4144438e-05  0.0022565690  0.00052324319  0.0000000   -0.00015064289  0.00021848030  -5.5408176e-05  -0.00015253450  -0.00037842489  6.3901603e-05  2.8902568e-05  -0.00022954686  3.5907733e-05  -7.1656478e-05  0.00040267650  -3.6343967e-05  -5.4909204e-05  -1.1272483e-05  0.00019099257  2.9375486e-06  -9.4434567e-07  2.7123846e-05  -8.1318640e-05  9.8910722e-05  3.3494029e-05  4.3962861e-06  4.7950659e-05  
0.00020545683  -0.00042629945  0.00033917310  -0.00069581647  0.0017223329  0.00038926630  -0.0037923040  0.00015064289  0.0000000   -0.0020860106  0.00096775084  -2.2144770e-05  -7.0810128e-05  0.00013764033  -6.2422421e-05  1.8515312e-05  -0.00012579405  0.00020349317  4.4844537e-05  -9.8588245e-06  9.2167639e-06  0.00030270615  5.9217836e-06  -5.4349672e-06  -3.9508149e-06  -0.00025282109  7.1072433e-06  1.9952558e-05  -1.5092254e-05  -4.4983057e-05  -1.2996090e-05  0.00020545683  -0.00042629945  0.00033917310  -0.00069581647  0.0017223329  0.00038926630  -0.0037923040  0.00015064289  0.0000000   -0.0020860106  0.00096775084  -2.2144770e-05  -7.0810128e-05  0.00013764033  -6.2422421e-05  1.8515312e-05  -0.00012579405  0.00020349317  4.4844537e-05  -9.8588245e-06  9.2167639e-06  0.00030270615  5.9217836e-06  -5.4349672e-06  -3.9508149e-06  -0.00025282109  7.1072433e-06  1.9952558e-05  -1.5092254e-05  -4.4983057e-05  -1.2996090e-05  
3.5953236e-05  0.00048791870  0.00027608717  0.00058226314  0.00071656274  0.00016963728  -0.0013428377  -0.00021848030  0.0020860106  0.0000000   0.0014747838  -5.0884390e-05  -3.3811001e-05  -0.00023793395  -4.1386541e-05  6.2892184e-05  -0.00032872455  0.00022053576  -2.7113047e-05  -5.9508090e-05  6.0437447e-06  9.0371632e-05  2.8549529e-05  -1.8932910e-06  -0.00019424990  -0.00031903078  -1.1535784e-05  6.4015264e-06  -2.7533580e-06  6.0012284e-05  6.2756584e-06  3.5953236e-05  0.00048791870  0.00027608717  0.00058226314  0.00071656274  0.00016963728  -0.0013428377  -0.00021848030  0.0020860106  0.0000000   0.0014747838  -5.0884390e-05  -3.3811001e-05  -0.00023793395  -4.1386541e-05  6.2892184e-05  -0.00032872455  0.00022053576  -2.7113047e-05  -5.9508090e-05  6.0437447e-06  9.0371632e-05  2.8549529e-05  -1.8932910e-06  -0.00019424990  -0.00031903078  -1.1535784e-05  6.4015264e-06  -2.7533580e-06  6.0012284e-05  6.2756584e-06  
4.6240020e-05  -0.00055623183  -0.00056839190  0.00081097959  9.0032400e-05  -8.9290792e-05  0.00037915230  5.5408176e-05  -0.00096775084  -0.0014747838  0.0000000   3.4464550e-05  -1.8817347e-05  0.00046201338  0.00010227451  2.7466096e-05  -0.00031479511  6.7186691e-05  6.0118409e-06  4.0300327e-05  8.3675685e-07  -4.1017816e-05  -6.1025249e-06  2.9873096e-05  -0.00015195258  -5.2790523e-05  -1.4841858e-05  -1.4050647e-05  -3.6367006e-05  -0.00014358749  2.3462094e-05  4.6240020e-05  -0.00055623183  -0.00056839190  0.00081097959  9.0032400e-05  -8.9290792e-05  0.00037915230  5.5408176e-05  -0.00096775084  -0.0014747838  0.0000000   3.4464550e-05  -1.8817347e-05  0.00046201338  0.00010227451  2.7466096e-05  -0.00031479511  6.7186691e-05  6.0118409e-06  4.0300327e-05  8.3675685e-07  -4.1017816e-05  -6.1025249e-06  2.9873096e-05  -0.00015195258  -5.2790523e-05  -1.4841858e-05  -1.4050647e-05  -3.6367006e-05  -0.00014358749  2.3462094e-05  
0.00021927246  -0.00026900909  -1.4302615e-05  -1.5702286e-05  3.3188575e-05  0.00011425732  1.1901555e-05  0.00015253450  2.2144770e-05  5.0884390e-05  -3.4464550e-05  0.0000000   -0.0014197112  0.00025833686  -9.1422937e-05  -0.00013102889  6.2845233e-05  -0.00021626808  -0.00021418350  6.0752868e-05  0.00013185096  -3.6060854e-06  -0.00027263596  0.00010199186  6.9328111e-06  -3.5440148e-05  -0.00010290382  -0.00033548087  -8.5628068e-05  1.0734252e-05  2.1294146e-05  0.00021927246  -0.00026900909  -1.4302615e-05  -1.5702286e-05  3.3188575e-05  0.00011425732  1.1901555e-05  0.00015253450  2.2144770e-05  5.0884390e-05  -3.4464550e-05  0.0000000   -0.0014197112  0.00025833686  -9.1422937e-05  -0.00013102889  6.2845233e-05  -0.00021626808  -0.00021418350  6.0752868e-05  0.00013185096  -3.6060854e-06  -0.00027263596  0.00010199186  6.9328111e-06  -3.5440148e-05  -0.00010290382  -0.00033548087  -8.5628068e-05  1.0734252e-05  2.1294146e-05  
0.00031765952  3.8786268e-05  -0.00012185297  -6.2261824e-06  3.9220170e-05  -0.00037967473  -0.00016810331  0.00037842489  7.0810128e-05  3.3811001e-05  1.8817347e-05  0.0014197112  0.0000000   0.00033314818  -0.0016713679  -0.0021400834  0.00037844390  -0.00028786750  0.00022993647  8.9196354e-05  2.8291216e-05  4.5964280e-06  -0.00033102917  0.00016939380  -4.2224075e-05  2.7341156e-06  0.00020262475  2.3790207e-05  -7.7591942e-05  8.5624099e-06  -9.3796537e-05  0.00031765952  3.8786268e-05  -0.00012185297  -6.2261824e-06  3.9220170e-05  -0.00037967473  -0.00016810331  0.00037842489  7.0810128e-05  3.3811001e-05  1.8817347e-05  0.0014197112  0.0000000   0.00033314818  -0.0016713679  -0.0021400834  0.00037844390  -0.00028786750  0.00022993647  8.9196354e-05  2.8291216e-05  4.5964280e-06  -0.00033102917  0.00016939380  -4.2224075e-05  2.7341156e-06  0.00020262475  2.3790207e-05  -7.7591942e-05  8.5624099e-06  -9.3796537e-05  
2.1933323e-05  0.00014586724  -0.00035740946  -0.00028528112  0.00042435883  9.4916650e-05  -0.00043586511  -6.3901603e-05  -0.00013764033  0.00023793395  -0.00046201338  -0.00025833686  -0.00033314818  0.0000000   0.00056475013  -0.00034200045  0.0011809718  -0.00050963463  0.00012637849  0.00077421252  2.0428068e-06  0.00021829175  8.6217314e-05  -8.4018883e-05  4.2088805e-05  4.9025395e-05  1.9043071e-05  -8.3592096e-08  -6.3855287e-06  4.4845786e-05  9.6995653e-06  2.1933323e-05  0.00014586724  -0.00035740946  -0.00028528112  0.00042435883  9.4916650e-05  -0.00043586511  -6.3901603e-05  -0.00013764033  0.00023793395  -0.00046201338  -0.00025833686  -0.00033314818  0.0000000   0.00056475013  -0.00034200045  0.0011809718  -0.00050963463  0.00012637849  0.00077421252  2.0428068e-06  0.00021829175  8.6217314e-05  -8.4018883e-05  4.2088805e-05  4.9025395e-05  1.9043071e-05  -8.3592096e-08  -6.3855287e-06  4.4845786e-05  9.6995653e-06  
-5.6461538e-05  -4.3325394e-05  -9.2349885e-05  -4.8890825e-05  3.6995859e-05  -0.00011308606  -6.7375633e-05  -2.8902568e-05  6.2422421e-05  4.1386541e-05  -0.00010227451  9.1422937e-05  0.0016713679  -0.00056475013  0.0000000   0.0051908539  6.9771615e-05  4.8953826e-05  -0.00031839533  0.00017540046  0.00043014640  -2.2341682e-05  -0.00033637219  0.00029612655  -5.4917257e-05  -1.7784666e-06  -0.00032713090  -3.6335026e-05  0.00016885633  1.8871401e-05  -2.7163587e-05  -5.6461538e-05  -4.3325394e-05  -9.2349885e-05  -4.8890825e-05  3.6995859e-05  -0.00011308606  -6.7375633e-05  -2.8902568e-05  6.2422421e-05  4.1386541e-05  -0.00010227451  9.1422937e-05  0.0016713679  -0.00056475013  0.0000000   0.0051908539  6.9771615e-05  4.8953826e-05  -0.00031839533  0.00017540046  0.00043014640  -2.2341682e-05  -0.00033637219  0.00029612655  -5.4917257e-05  -1.7784666e-06  -0.00032713090  -3.6335026e-05  0.00016885633  1.8871401e-05  -2.7163587e-05  
9.5974090e-05  -0.00014385945  3.5471993e-05  1.9189277e-05  1.1677369e-05  0.00023873659  0.00011777829  0.00022954686  -1.8515312e-05  -6.2892184e-05  -2.7466096e-05  0.00013102889  0.0021400834  0.00034200045  -0.0051908539  0.0000000   0.00031070704  0.00035338241  -0.00070390632  7.2442434e-05  -0.00053436044  0.00010756997  -0.00014334912  -0.00012422993  2.2285526e-05  -3.3261310e-05  -8.2318103e-05  -9.0055711e-05  6.3394376e-05  -8.3766694e-06  5.0616344e-05  9.5974090e-05  -0.00014385945  3.5471993e-05  1.9189277e-05  1.1677369e-05  0.00023873659  0.00011777829  0.00022954686  -1.8515312e-05  -6.2892184e-05  -2.7466096e-05  0.00013102889  0.0021400834  0.00034200045  -0.0051908539  0.0000000   0.00031070704  0.00035338241  -0.00070390632  7.2442434e-05  -0.00053436044  0.00010756997  -0.00014334912  -0.00012422993  2.2285526e-05  -3.3261310e-05  -8.2318103e-05  -9.0055711e-05  6.3394376e-05  -8.3766694e-06  5.0616344e-05  
-2.6748237e-05  -0.00011759624  4.9448396e-05  -1.0137015e-05  0.00010581917  9.8517808e-06  0.00025043682  -3.5907733e-05  0.00012579405  0.00032872455  0.00031479511  -6.2845233e-05  -0.00037844390  -0.0011809718  -6.9771615e-05  -0.00031070704  0.0000000   0.0096771449  -3.9885079e-05  -0.00072880198  0.00010033306  0.0010583201  -1.0978015e-05  2.8678622e-05  0.00011707047  -0.00036486759  9.3639139e-06  2.2473320e-05  -3.3030667e-05  0.00012629117  2.3978456e-05  -2.6748237e-05  -0.00011759624  4.9448396e-05  -1.0137015e-05  0.00010581917  9.8517808e-06  0.00025043682  -3.5907733e-05  0.00012579405  0.00032872455  0.00031479511  -6.2845233e-05  -0.00037844390  -0.0011809718  -6.9771615e-05  -0.00031070704  0.0000000   0.0096771449  -3.9885079e-05  -0.00072880198  0.00010033306  0.0010583201  -1.0978015e-05  2.8678622e-05  0.00011707047  -0.00036486759  9.3639139e-06  2.2473320e-05  -3.3030667e-05  0.00012629117  2.3978456e-05  
3.5102662e-05  5.3063143e-05  7.9413939e-05  -0.00023438161  0.00026381833  4.9441806e-05  -0.00043002185  7.1656478e-05  -0.00020349317  -0.00022053576  -6.7186691e-05  0.00021626808  0.00028786750  0.00050963463  -4.8953826e-05  -0.00035338241  -0.0096771449  0.0000000   -5.5217645e-05  -0.0011417485  -0.00013092051  0.00015756037  3.1928054e-05  1.3653552e-05  5.8812313e-05  -0.00036318724  -6.3199027e-06  0.00010081397  -2.4627498e-05  5.4567735e-05  -1.1417205e-05  3.5102662e-05  5.3063143e-05  7.9413939e-05  -0.00023438161  0.00026381833  4.9441806e-05  -0.00043002185  7.1656478e-05  -0.00020349317  -0.00022053576  -6.7186691e-05  0.00021626808  0.00028786750  0.00050963463  -4.8953826e-05  -0.00035338241  -0.0096771449  0.0000000   -5.5217645e-05  -0.0011417485  -0.00013092051  0.00015756037  3.1928054e-05  1.3653552e-05  5.8812313e-05  -0.00036318724  -6.3199027e-06  0.00010081397  -2.4627498e-05  5.4567735e-05  -1.1417205e-05  
0.00010891933  -5.9889408e-05  9.2946316e-05  -3.8198492e-05  -2.1329580e-05  0.00027815287  6.9781655e-05  -0.00040267650  -4.4844537e-05  2.7113047e-05  -6.0118409e-06  0.00021418350  -0.00022993647  -0.00012637849  0.00031839533  0.00070390632  3.9885079e-05  5.5217645e-05  0.0000000   1.3183631e-05  -0.00081755282  1.0072708e-05  -8.2698810e-05  0.00024914305  3.5087913e-05  -9.8733570e-06  -6.3944390e-05  1.1771444e-05  -0.00014423888  1.8243086e-05  -9.0761638e-05  0.00010891933  -5.9889408e-05  9.2946316e-05  -3.8198492e-05  -2.1329580e-05  0.00027815287  6.9781655e-05  -0.00040267650  -4.4844537e-05  2.7113047e-05  -6.0118409e-06  0.00021418350  -0.00022993647  -0.00012637849  0.00031839533  0.00070390632  3.9885079e-05  5.5217645e-05  0.0000000   1.3183631e-05  -0.00081755282  1.0072708e-05  -8.2698810e-05  0.00024914305  3.5087913e-05  -9.8733570e-06  -6.3944390e-05  1.1771444e-05  -0.00014423888  1.8243086e-05  -9.0761638e-05  
4.5980218e-05  -1.3131766e-05  0.00016231645  8.9351331e-05  0.00019593189  -9.8284553e-06  -3.4948356e-05  3.6343967e-05  9.8588245e-06  5.9508090e-05  -4.0300327e-05  -6.0752868e-05  -8.9196354e-05  -0.00077421252  -0.00017540046  -7.2442434e-05  0.00072880198  0.0011417485  -1.3183631e-05  0.0000000   4.0278200e-05  -0.00062517426  1.9684752e-05  6.6125459e-05  6.2510644e-05  -5.4288512e-05  5.1758415e-06  1.6858646e-05  -1.2042131e-05  -8.7091822e-05  2.0026139e-05  4.5980218e-05  -1.3131766e-05  0.00016231645  8.9351331e-05  0.00019593189  -9.8284553e-06  -3.4948356e-05  3.6343967e-05  9.8588245e-06  5.9508090e-05  -4.0300327e-05  -6.0752868e-05  -8.9196354e-05  -0.00077421252  -0.00017540046  -7.2442434e-05  0.00072880198  0.0011417485  -1.3183631e-05  0.0000000   4.0278200e-05  -0.00062517426  1.9684752e-05  6.6125459e-05  6.2510644e-05  -5.4288512e-05  5.1758415e-06  1.6858646e-05  -1.2042131e-05  -8.7091822e-05  2.0026139e-05  
0.00021640153  -2.5830753e-05  -4.1380808e-05  2.5094515e-05  3.9744315e-06  -0.00019888380  -1.2255269e-05  5.4909204e-05  -9.2167639e-06  -6.0437447e-06  -8.3675685e-07  -0.00013185096  -2.8291216e-05  -2.0428068e-06  -0.00043014640  0.00053436044  -0.00010033306  0.00013092051  0.00081755282  -4.0278200e-05  0.0000000   1.3813721e-05  -0.00059662495  0.00050214717  -7.6108640e-05  -0.00010740148  -7.9582594e-05  -0.00056740673  -7.1814256e-05  -3.3130250e-05  -0.00011576666  0.00021640153  -2.5830753e-05  -4.1380808e-05  2.5094515e-05  3.9744315e-06  -0.00019888380  -1.2255269e-05  5.4909204e-05  -9.2167639e-06  -6.0437447e-06  -8.3675685e-07  -0.00013185096  -2.8291216e-05  -2.0428068e-06  -0.00043014640  0.00053436044  -0.00010033306  0.00013092051  0.00081755282  -4.0278200e-05  0.0000000   1.3813721e-05  -0.00059662495  0.00050214717  -7.6108640e-05  -0.00010740148  -7.9582594e-05  -0.00056740673  -7.1814256e-05  -3.3130250e-05  -0.00011576666  
-2.3108434e-06  1.3415849e-05  -0.00040167884  -3.2096252e-05  0.00011874423  7.0140852e-06  -3.8951604e-05  1.1272483e-05  -0.00030270615  -9.0371632e-05  4.1017816e-05  3.6060854e-06  -4.5964280e-06  -0.00021829175  2.2341682e-05  -0.00010756997  -0.0010583201  -0.00015756037  -1.0072708e-05  0.00062517426  -1.3813721e-05  0.0000000   2.0219410e-05  -6.8045398e-05  -6.8665288e-05  -0.00033159306  1.2034378e-05  5.1483238e-05  3.4078909e-05  -0.00017808975  1.6747323e-05  -2.3108434e-06  1.3415849e-05  -0.00040167884  -3.2096252e-05  0.00011874423  7.0140852e-06  -3.8951604e-05  1.1272483e-05  -0.00030270615  -9.0371632e-05  4.1017816e-05  3.6060854e-06  -4.5964280e-06  -0.00021829175  2.2341682e-05  -0.00010756997  -0.0010583201  -0.00015756037  -1.0072708e-05  0.00062517426  -1.3813721e-05  0.0000000   2.0219410e-05  -6.8045398e-05  -6.8665288e-05  -0.00033159306  1.2034378e-05  5.1483238e-05  3.4078909e-05  -0.00017808975  1.6747323e-05  
4.4748163e-05  -2.0792288e-05  -1.3333630e-07  1.3543113e-05  -1.5543932e-05  5.4171420e-05  -1.7364564e-05  -0.00019099257  -5.9217836e-06  -2.8549529e-05  6.1025249e-06  0.00027263596  0.00033102917  -8.6217314e-05  0.00033637219  0.00014334912  1.0978015e-05  -3.1928054e-05  8.2698810e-05  -1.9684752e-05  0.00059662495  -2.0219410e-05  0.0000000   0.0065441212  7.0842579e-07  0.00041686092  -0.00039425082  -0.00016655138  -0.00014268829  -4.4346281e-05  -0.00040960227  4.4748163e-05  -2.0792288e-05  -1.3333630e-07  1.3543113e-05  -1.5543932e-05  5.4171420e-05  -1.7364564e-05  -0.00019099257  -5.9217836e-06  -2.8549529e-05  6.1025249e-06  0.00027263596  0.00033102917  -8.6217314e-05  0.00033637219  0.00014334912  1.0978015e-05  -3.1928054e-05  8.2698810e-05  -1.9684752e-05  0.00059662495  -2.0219410e-05  0.0000000   0.0065441212  7.0842579e-07  0.00041686092  -0.00039425082  -0.00016655138  -0.00014268829  -4.4346281e-05  -0.00040960227  
-0.00013072584  6.6426444e-05  4.4549831e-05  7.0859571e-06  -3.1783342e-05  8.3352445e-05  2.3700053e-05  -2.9375486e-06  5.4349672e-06  1.8932910e-06  -2.9873096e-05  -0.00010199186  -0.00016939380  8.4018883e-05  -0.00029612655  0.00012422993  -2.8678622e-05  -1.3653552e-05  -0.00024914305  -6.6125459e-05  -0.00050214717  6.8045398e-05  -0.0065441212  0.0000000   -0.00055400299  -8.0384589e-05  0.00023595255  0.00014795303  0.00036064895  4.3722072e-05  0.00017945305  -0.00013072584  6.6426444e-05  4.4549831e-05  7.0859571e-06  -3.1783342e-05  8.3352445e-05  2.3700053e-05  -2.9375486e-06  5.4349672e-06  1.8932910e-06  -2.9873096e-05  -0.00010199186  -0.00016939380  8.4018883e-05  -0.00029612655  0.00012422993  -2.8678622e-05  -1.3653552e-05  -0.00024914305  -6.6125459e-05  -0.00050214717  6.8045398e-05  -0.0065441212  0.0000000   -0.00055400299  -8.0384589e-05  0.00023595255  0.00014795303  0.00036064895  4.3722072e-05  0.00017945305  
5.5376044e-06  3.7530072e-06  -4.1567685e-05  -6.2949546e-05  -0.00016784684  2.2824826e-05  -0.00015598398  9.4434567e-07  3.9508149e-06  0.00019424990  0.00015195258  -6.9328111e-06  4.2224075e-05  -4.2088805e-05  5.4917257e-05  -2.2285526e-05  -0.00011707047  -5.8812313e-05  -3.5087913e-05  -6.2510644e-05  7.6108640e-05  6.8665288e-05  -7.0842579e-07  0.00055400299  0.0000000   -0.0046539930  8.5473885e-05  8.4044422e-05  7.1657285e-05  -0.00014194721  3.6500966e-06  5.5376044e-06  3.7530072e-06  -4.1567685e-05  -6.2949546e-05  -0.00016784684  2.2824826e-05  -0.00015598398  9.4434567e-07  3.9508149e-06  0.00019424990  0.00015195258  -6.9328111e-06  4.2224075e-05  -4.2088805e-05  5.4917257e-05  -2.2285526e-05  -0.00011707047  -5.8812313e-05  -3.5087913e-05  -6.2510644e-05  7.6108640e-05  6.8665288e-05  -7.0842579e-07  0.00055400299  0.0000000   -0.0046539930  8.5473885e-05  8.4044422e-05  7.1657285e-05  -0.00014194721  3.6500966e-06  
8.1617698e-05  0.00028136638  4.6101456e-05  -0.00015850390  0.00016044736  -4.4362455e-06  -8.2210980e-05  -2.7123846e-05  0.00025282109  0.00031903078  5.2790523e-05  3.5440148e-05  -2.7341156e-06  -4.9025395e-05  1.7784666e-06  3.3261310e-05  0.00036486759  0.00036318724  9.8733570e-06  5.4288512e-05  0.00010740148  0.00033159306  -0.00041686092  8.0384589e-05  0.0046539930  0.0000000   0.00011330436  3.4849153e-05  -3.1935469e-05  5.6786946e-05  2.4918187e-05  8.1617698e-05  0.00028136638  4.6101456e-05  -0.00015850390  0.00016044736  -4.4362455e-06  -8.2210980e-05  -2.7123846e-05  0.00025282109  0.00031903078  5.2790523e-05  3.5440148e-05  -2.7341156e-06  -4.9025395e-05  1.7784666e-06  3.3261310e-05  0.00036486759  0.00036318724  9.8733570e-06  5.4288512e-05  0.00010740148  0.00033159306  -0.00041686092  8.0384589e-05  0.0046539930  0.0000000   0.00011330436  3.4849153e-05  -3.1935469e-05  5.6786946e-05  2.4918187e-05  
-7.6711082e-05  -5.1499185e-05  1.6727528e-06  -4.5462125e-06  -1.7640257e-05  8.8545031e-05  3.8913026e-05  8.1318640e-05  -7.1072433e-06  1.1535784e-05  1.4841858e-05  0.00010290382  -0.00020262475  -1.9043071e-05  0.00032713090  8.2318103e-05  -9.3639139e-06  6.3199027e-06  6.3944390e-05  -5.1758415e-06  7.9582594e-05  -1.2034378e-05  0.00039425082  -0.00023595255  -8.5473885e-05  -0.00011330436  0.0000000   0.00050009171  -0.0014699354  0.00010798716  0.00016338088  -7.6711082e-05  -5.1499185e-05  1.6727528e-06  -4.5462125e-06  -1.7640257e-05  8.8545031e-05  3.8913026e-05  8.1318640e-05  -7.1072433e-06  1.1535784e-05  1.4841858e-05  0.00010290382  -0.00020262475  -1.9043071e-05  0.00032713090  8.2318103e-05  -9.3639139e-06  6.3199027e-06  6.3944390e-05  -5.1758415e-06  7.9582594e-05  -1.2034378e-05  0.00039425082  -0.00023595255  -8.5473885e-05  -0.00011330436  0.0000000   0.00050009171  -0.0014699354  0.00010798716  0.00016338088  
3.6571982e-05  -2.5727590e-05  -1.0485724e-05  -1.4796236e-06  -1.5053684e-05  -6.6993217e-05  -3.8985841e-06  -9.8910722e-05  -1.9952558e-05  -6.4015264e-06  1.4050647e-05  0.00033548087  -2.3790207e-05  8.3592096e-08  3.6335026e-05  9.0055711e-05  -2.2473320e-05  -0.00010081397  -1.1771444e-05  -1.6858646e-05  0.00056740673  -5.1483238e-05  0.00016655138  -0.00014795303  -8.4044422e-05  -3.4849153e-05  -0.00050009171  0.0000000   -0.0022868344  7.3654297e-05  -0.00038782714  3.6571982e-05  -2.5727590e-05  -1.0485724e-05  -1.4796236e-06  -1.5053684e-05  -6.6993217e-05  -3.8985841e-06  -9.8910722e-05  -1.9952558e-05  -6.4015264e-06  1.4050647e-05  0.00033548087  -2.3790207e-05  8.3592096e-08  3.6335026e-05  9.0055711e-05  -2.2473320e-05  -0.00010081397  -1.1771444e-05  -1.6858646e-05  0.00056740673  -5.1483238e-05  0.00016655138  -0.00014795303  -8.4044422e-05  -3.4849153e-05  -0.00050009171  0.0000000   -0.0022868344  7.3654297e-05  -0.00038782714  
0.00011066639  2.1115861e-05  7.6640299e-05  1.5175410e-06  -2.9491328e-05  3.4158123e-06  -9.8840374e-06  -3.3494029e-05  1.5092254e-05  2.7533580e-06  3.6367006e-05  8.5628068e-05  7.7591942e-05  6.3855287e-06  -0.00016885633  -6.3394376e-05  3.3030667e-05  2.4627498e-05  0.00014423888  1.2042131e-05  7.1814256e-05  -3.4078909e-05  0.00014268829  -0.00036064895  -7.1657285e-05  3.1935469e-05  0.0014699354  0.0022868344  0.0000000   4.3523913e-05  -0.00072198784  0.00011066639  2.1115861e-05  7.6640299e-05  1.5175410e-06  -2.9491328e-05  3.4158123e-06  -9.8840374e-06  -3.3494029e-05  1.5092254e-05  2.7533580e-06  3.6367006e-05  8.5628068e-05  7.7591942e-05  6.3855287e-06  -0.00016885633  -6.3394376e-05  3.3030667e-05  2.4627498e-05  0.00014423888  1.2042131e-05  7.1814256e-05  -3.4078909e-05  0.00014268829  -0.00036064895  -7.1657285e-05  3.1935469e-05  0.0014699354  0.0022868344  0.0000000   4.3523913e-05  -0.00072198784  
-3.2032254e-05  -0.00017015073  -0.00010043245  6.7222160e-05  -0.00012758457  2.5543578e-06  -0.00012567672  -4.3962861e-06  4.4983057e-05  -6.0012284e-05  0.00014358749  -1.0734252e-05  -8.5624099e-06  -4.4845786e-05  -1.8871401e-05  8.3766694e-06  -0.00012629117  -5.4567735e-05  -1.8243086e-05  8.7091822e-05  3.3130250e-05  0.00017808975  4.4346281e-05  -4.3722072e-05  0.00014194721  -5.6786946e-05  -0.00010798716  -7.3654297e-05  -4.3523913e-05  0.0000000   0.00011385234  -3.2032254e-05  -0.00017015073  -0.00010043245  6.7222160e-05  -0.00012758457  2.5543578e-06  -0.00012567672  -4.3962861e-06  4.4983057e-05  -6.0012284e-05  0.00014358749  -1.0734252e-05  -8.5624099e-06  -4.4845786e-05  -1.8871401e-05  8.3766694e-06  -0.00012629117  -5.4567735e-05  -1.8243086e-05  8.7091822e-05  3.3130250e-05  0.00017808975  4.4346281e-05  -4.3722072e-05  0.00014194721  -5.6786946e-05  -0.00010798716  -7.3654297e-05  -4.3523913e-05  0.0000000   0.00011385234  
2.5977905e-07  -1.1061481e-05  -6.4699011e-05  4.8334591e-06  -1.0044486e-05  -6.8522102e-05  -7.2321042e-06  -4.7950659e-05  1.2996090e-05  -6.2756584e-06  -2.3462094e-05  -2.1294146e-05  9.3796537e-05  -9.6995653e-06  2.7163587e-05  -5.0616344e-05  -2.3978456e-05  1.1417205e-05  9.0761638e-05  -2.0026139e-05  0.00011576666  -1.6747323e-05  0.00040960227  -0.00017945305  -3.6500966e-06  -2.4918187e-05  -0.00016338088  0.00038782714  0.00072198784  -0.00011385234  0.0000000   2.5977905e-07  -1.1061481e-05  -6.4699011e-05  4.8334591e-06  -1.0044486e-05  -6.8522102e-05  -7.2321042e-06  -4.7950659e-05  1.2996090e-05  -6.2756584e-06  -2.3462094e-05  -2.1294146e-05  9.3796537e-05  -9.6995653e-06  2.7163587e-05  -5.0616344e-05  -2.3978456e-05  1.1417205e-05  9.0761638e-05  -2.0026139e-05  0.00011576666  -1.6747323e-05  0.00040960227  -0.00017945305  -3.6500966e-06  -2.4918187e-05  -0.00016338088  0.00038782714  0.00072198784  -0.00011385234  0.0000000   
0.0000000   0.00010460385  -0.00028782953  -6.6279923e-05  0.00014718844  -0.00020598608  -7.3433703e-05  0.00022135547  -0.00020545683  -3.5953236e-05  -4.6240020e-05  -0.00021927246  -0.00031765952  -2.1933323e-05  5.6461538e-05  -9.5974090e-05  2.6748237e-05  -3.5102662e-05  -0.00010891933  -4.5980218e-05  -0.00021640153  2.3108434e-06  -4.4748163e-05  0.00013072584  -5.5376044e-06  -8.1617698e-05  7.6711082e-05  -3.6571982e-05  -0.00011066639  3.2032254e-05  -2.5977905e-07  0.0000000   0.00010460385  -0.00028782953  -6.6279923e-05  0.00014718844  -0.00020598608  -7.3433703e-05  0.00022135547  -0.00020545683  -3.5953236e-05  -4.6240020e-05  -0.00021927246  -0.00031765952  -2.1933323e-05  5.6461538e-05  -9.5974090e-05  2.6748237e-05  -3.5102662e-05  -0.00010891933  -4.5980218e-05  -0.00021640153  2.3108434e-06  -4.4748163e-05  0.00013072584  -5.5376044e-06  -8.1617698e-05  7.6711082e-05  -3.6571982e-05  -0.00011066639  3.2032254e-05  -2.5977905e-07  
-0.00010460385  0.0000000   0.017407297  -9.7715705e-05  0.00048091629  0.00016459672  0.00074872716  7.6879346e-05  0.00042629945  -0.00048791870  0.00055623183  0.00026900909  -3.8786268e-05  -0.00014586724  4.3325394e-05  0.00014385945  0.00011759624  -5.3063143e-05  5.9889408e-05  1.3131766e-05  2.5830753e-05  -1.3415849e-05  2.0792288e-05  -6.6426444e-05  -3.7530072e-06  -0.00028136638  5.1499185e-05  2.5727590e-05  -2.1115861e-05  0.00017015073  1.1061481e-05  -0.00010460385  0.0000000   0.017407297  -9.7715705e-05  0.00048091629  0.00016459672  0.00074872716  7.6879346e-05  0.00042629945  -0.00048791870  0.00055623183  0.00026900909  -3.8786268e-05  -0.00014586724  4.3325394e-05  0.00014385945  0.00011759624  -5.3063143e-05  5.9889408e-05  1.3131766e-05  2.5830753e-05  -1.3415849e-05  2.0792288e-05  -6.6426444e-05  -3.7530072e-06  -0.00028136638  5.1499185e-05  2.5727590e-05  -2.1115861e-05  0.00017015073  1.1061481e-05  
0.00028782953  -0.017407297  0.0000000   0.0022319164  -0.0013018113  -0.00045510099  0.00097153078  1.3316447e-06  -0.00033917310  -0.00027608717  0.00056839190  1.4302615e-05  0.00012185297  0.00035740946  9.2349885e-05  -3.5471993e-05  -4.9448396e-05  -7.9413939e-05  -9.2946316e-05  -0.00016231645  4.1380808e-05  0.00040167884  1.3333630e-07  -4.4549831e-05  4.1567685e-05  -4.6101456e-05  -1.6727528e-06  1.0485724e-05  -7.6640299e-05  0.00010043245  6.4699011e-05  0.00028782953  -0.017407297  0.0000000   0.0022319164  -0.0013018113  -0.00045510099  0.00097153078  1.3316447e-06  -0.00033917310  -0.00027608717  0.00056839190  1.4302615e-05  0.00012185297  0.00035740946  9.2349885e-05  -3.5471993e-05  -4.9448396e-05  -7.9413939e-05  -9.2946316e-05  -0.00016231645  4.1380808e-05  0.00040167884  1.3333630e-07  -4.4549831e-05  4.1567685e-05  -4.6101456e-05  -1.6727528e-06  1.0485724e-05  -7.6640299e-05  0.00010043245  6.4699011e-05  
6.6279923e-05  9.7715705e-05  -0.0022319164  0.0000000   0.00096419689  -1.7605195e-06  0.00054812140  -6.3078776e-05  0.00069581647  -0.00058226314  -0.00081097959  1.5702286e-05  6.2261824e-06  0.00028528112  4.8890825e-05  -1.9189277e-05  1.0137015e-05  0.00023438161  3.8198492e-05  -8.9351331e-05  -2.5094515e-05  3.2096252e-05  -1.3543113e-05  -7.0859571e-06  6.2949546e-05  0.00015850390  4.5462125e-06  1.4796236e-06  -1.5175410e-06  -6.7222160e-05  -4.8334591e-06  6.6279923e-05  9.7715705e-05  -0.0022319164  0.0000000   0.00096419689  -1.7605195e-06  0.00054812140  -6.3078776e-05  0.00069581647  -0.00058226314  -0.00081097959  1.5702286e-05  6.2261824e-06  0.00028528112  4.8890825e-05  -1.9189277e-05  1.0137015e-05  0.00023438161  3.8198492e-05  -8.9351331e-05  -2.5094515e-05  3.2096252e-05  -1.3543113e-05  -7.0859571e-06  6.2949546e-05  0.00015850390  4.5462125e-06  1.4796236e-06  -1.5175410e-06  -6.7222160e-05  -4.8334591e-06  
-0.00014718844  -0.00048091629  0.0013018113  -0.00096419689  0.0000000   -0.00038890153  0.0047966025  8.4144438e-05  -0.0017223329  -0.00071656274  -9.0032400e-05  -3.3188575e-05  -3.9220170e-05  -0.00042435883  -3.6995859e-05  -1.1677369e-05  -0.00010581917  -0.00026381833  2.1329580e-05  -0.00019593189  -3.9744315e-06  -0.00011874423  1.5543932e-05  3.1783342e-05  0.00016784684  -0.00016044736  1.7640257e-05  1.5053684e-05  2.9491328e-05  0.00012758457  1.0044486e-05  -0.00014718844  -0.00048091629  0.0013018113  -0.00096419689  0.0000000   -0.00038890153  0.0047966025  8.4144438e-05  -0.0017223329  -0.00071656274  -9.0032400e-05  -3.3188575e-05  -3.9220170e-05  -0.00042435883  -3.6995859e-05  -1.1677369e-05  -0.00010581917  -0.00026381833  2.1329580e-05  -0.00019593189  -3.9744315e-06  -0.00011874423  1.5543932e-05  3.1783342e-05  0.00016784684  -0.00016044736  1.7640257e-05  1.5053684e-05  2.9491328e-05  0.00012758457  1.0044486e-05  
0.00020598608  -0.00016459672  0.00045510099  1.7605195e-06  0.00038890153  0.0000000   -0.00026301681  -0.0022565690  -0.00038926630  -0.00016963728  8.9290792e-05  -0.00011425732  0.00037967473  -9.4916650e-05  0.00011308606  -0.00023873659  -9.8517808e-06  -4.9441806e-05  -0.00027815287  9.8284553e-06  0.00019888380  -7.0140852e-06  -5.4171420e-05  -8.3352445e-05  -2.2824826e-05  4.4362455e-06  -8.8545031e-05  6.6993217e-05  -3.4158123e-06  -2.5543578e-06  6.8522102e-05  0.00020598608  -0.00016459672  0.00045510099  1.7605195e-06  0.00038890153  0.0000000   -0.00026301681  -0.0022565690  -0.00038926630  -0.00016963728  8.9290792e-05  -0.00011425732  0.00037967473  -9.4916650e-05  0.00011308606  -0.00023873659  -9.8517808e-06  -4.9441806e-05  -0.00027815287  9.8284553e-06  0.00019888380  -7.0140852e-06  -5.4171420e-05  -8.3352445e-05  -2.2824826e-05  4.4362455e-06  -8.8545031e-05  6.6993217e-05  -3.4158123e-06  -2.5543578e-06  6.8522102e-05  
7.3433703e-05  -0.00074872716  -0.00097153078  -0.00054812140  -0.0047966025  0.00026301681  0.0000000   -0.00052324319  0.0037923040  0.0013428377  -0.00037915230  -1.1901555e-05  0.00016810331  0.00043586511  6.7375633e-05  -0.00011777829  -0.00025043682  0.00043002185  -6.9781655e-05  3.4948356e-05  1.2255269e-05  3.8951604e-05  1.7364564e-05  -2.3700053e-05  0.00015598398  8.2210980e-05  -3.8913026e-05  3.8985841e-06  9.8840374e-06  0.00012567672  7.2321042e-06  7.3433703e-05  -0.00074872716  -0.00097153078  -0.00054812140  -0.0047966025  0.00026301681  0.0000000   -0.00052324319  0.0037923040  0.0013428377  -0.00037915230  -1.1901555e-05  0.00016810331  0.00043586511  6.7375633e-05  -0.00011777829  -0.00025043682  0.00043002185  -6.9781655e-05  3.4948356e-05  1.2255269e-05  3.8951604e-05  1.7364564e-05  -2.3700053e-05  0.00015598398  8.2210980e-05  -3.8913026e-05  3.8985841e-06  9.8840374e-06  0.00012567672  7.2321042e-06  
-0.00022135547  -7.6879346e-05  -1.3316447e-06  6.3078776e-05  -8.4144438e-05  0.0022565690  0.00052324319  0.0000000   -0.00015064289  0.00021848030  -5.5408176e-05  -0.00015253450  -0.00037842489  6.3901603e-05  2.8902568e-05  -0.00022954686  3.5907733e-05  -7.1656478e-05  0.00040267650  -3.6343967e-05  -5.4909204e-05  -1.1272483e-05  0.00019099257  2.9375486e-06  -9.4434567e-07  2.7123846e-05  -8.1318640e-05  9.8910722e-05  3.3494029e-05  4.3962861e-06  4.7950659e-05  -0.00022135547  -7.6879346e-05  -1.3316447e-06  6.3078776e-05  -8.4144438e-05  0.0022565690  0.00052324319  0.0000000   -0.00015064289  0.00021848030  -5.5408176e-05  -0.00015253450  -0.00037842489  6.3901603e-05  2.8902568e-05  -0.00022954686  3.5907733e-05  -7.1656478e-05  0.00040267650  -3.6343967e-05  -5.4909204e-05  -1.1272483e-05  0.00019099257  2.9375486e-06  -9.4434567e-07  2.7123846e-05  -8.1318640e-05  9.8910722e-05  3.3494029e-05  4.3962861e-06  4.7950659e-05  
0.00020545683  -0.00042629945  0.00033917310  -0.00069581647  0.0017223329  0.00038926630  -0.0037923040  0.00015064289  0.0000000   -0.0020860106  0.00096775084  -2.2144770e-05  -7.0810128e-05  0.00013764033  -6.2422421e-05  1.8515312e-05  -0.00012579405  0.00020349317  4.4844537e-05  -9.8588245e-06  9.2167639e-06  0.00030270615  5.9217836e-06  -5.4349672e-06  -3.9508149e-06  -0.00025282109  7.1072433e-06  1.9952558e-05  -1.5092254e-05  -4.4983057e-05  -1.2996090e-05  0.00020545683  -0.00042629945  0.00033917310  -0.00069581647  0.0017223329  0.00038926630  -0.0037923040  0.00015064289  0.0000000   -0.0020860106  0.00096775084  -2.2144770e-05  -7.0810128e-05  0.00013764033  -6.2422421e-05  1.8515312e-05  -0.00012579405  0.00020349317  4.4844537e-05  -9.8588245e-06  9.2167639e-06  0.00030270615  5.9217836e-06  -5.4349672e-06  -3.9508149e-06  -0.00025282109  7.1072433e-06  1.9952558e-05  -1.5092254e-05  -4.4983057e-05  -1.2996090e-05  
3.5953236e-05  0.00048791870  0.00027608717  0.00058226314  0.00071656274  0.00016963728  -0.0013428377  -0.00021848030  0.0020860106  0.0000000   0.0014747838  -5.0884390e-05  -3.3811001e-05  -0.00023793395  -4.1386541e-05  6.2892184e-05  -0.00032872455  0.00022053576  -2.7113047e-05  -5.9508090e-05  6.0437447e-06  9.0371632e-05  2.8549529e-05  -1.8932910e-06  -0.00019424990  -0.00031903078  -1.1535784e-05  6.4015264e-06  -2.7533580e-06  6.0012284e-05  6.2756584e-06  3.5953236e-05  0.00048791870  0.00027608717  0.00058226314  0.00071656274  0.00016963728  -0.0013428377  -0.00021848030  0.0020860106  0.0000000   0.0014747838  -5.0884390e-05  -3.3811001e-05  -0.00023793395  -4.1386541e-05  6.2892184e-05  -0.00032872455  0.00022053576  -2.7113047e-05  -5.9508090e-05  6.0437447e-06  9.0371632e-05  2.8549529e-05  -1.8932910e-06  -0.00019424990  -0.00031903078  -1.1535784e-05  6.4015264e-06  -2.7533580e-06  6.0012284e-05  6.2756584e-06  
4.6240020e-05  -0.00055623183  -0.00056839190  0.00081097959  9.0032400e-05  -8.9290792e-05  0.00037915230  5.5408176e-05  -0.00096775084  -0.0014747838  0.0000000   3.4464550e-05  -1.8817347e-05  0.00046201338  0.00010227451  2.7466096e-05  -0.00031479511  6.7186691e-05  6.0118409e-06  4.0300327e-05  8.3675685e-07  -4.1017816e-05  -6.1025249e-06  2.9873096e-05  -0.00015195258  -5.2790523e-05  -1.4841858e-05  -1.4050647e-05  -3.6367006e-05  -0.00014358749  2.3462094e-05  4.6240020e-05  -0.00055623183  -0.00056839190  0.00081097959  9.0032400e-05  -8.9290792e-05  0.00037915230  5.5408176e-05  -0.00096775084  -0.0014747838  0.0000000   3.4464550e-05  -1.8817347e-05  0.00046201338  0.00010227451  2.7466096e-05  -0.00031479511  6.7186691e-05  6.0118409e-06  4.0300327e-05  8.3675685e-07  -4.1017816e-05  -6.1025249e-06  2.9873096e-05  -0.00015195258  -5.2790523e-05  -1.4841858e-05  -1.4050647e-05  -3.6367006e-05  -0.00014358749  2.3462094e-05  
