0.0000000   -0.00032561388  0.00025879396  -0.00020816071  0.00044312894  -7.5646402e-05  -2.3331378e-05  -0.00033704283  -0.00026360448  -5.6015884e-05  -0.00022308469  -0.00028786295  0.00013387586  4.3162682e-05  -0.00023160699  0.00028249501  -2.8413047e-05  -5.2643417e-05  -1.1184156e-05  -4.3884933e-06  3.2621996e-05  -4.1468600e-05  2.4101329e-05  0.00011264077  -1.3059565e-05  -8.7391566e-05  -5.6497857e-05  -0.00013375094  4.8609518e-06  8.0786254e-05  5.2025455e-05  0.0000000   -0.00032561388  0.00025879396  -0.00020816071  0.00044312894  -7.5646402e-05  -2.3331378e-05  -0.00033704283  -0.00026360448  -5.6015884e-05  -0.00022308469  -0.00028786295  0.00013387586  4.3162682e-05  -0.00023160699  0.00028249501  -2.8413047e-05  -5.2643417e-05  -1.1184156e-05  -4.3884933e-06  3.2621996e-05  -4.1468600e-05  2.4101329e-05  0.00011264077  -1.3059565e-05  -8.7391566e-05  -5.6497857e-05  -0.00013375094  4.8609518e-06  8.0786254e-05  5.2025455e-05  
0.00032561388  0.0000000   0.00019202372  7.1548351e-05  -0.00052709039  -0.00053571629  9.3002042e-05  -0.00053328286  -0.00023303470  3.5274846e-05  6.8075567e-05  0.00037909916  -5.6401779e-05  -3.2606415e-06  0.00012494947  0.00012361317  -0.00011396976  -4.3344826e-06  -5.0455579e-06  -1.5423813e-05  1.2910480e-05  1.4438972e-05  2.7222607e-06  -0.00018010994  3.7755563e-06  -1.9291124e-05  0.00014135637  -3.8170240e-05  -1.4100524e-05  7.4837524e-06  -7.7068423e-07  0.00032561388  0.0000000   0.00019202372  7.1548351e-05  -0.00052709039  -0.00053571629  9.3002042e-05  -0.00053328286  -0.00023303470  3.5274846e-05  6.8075567e-05  0.00037909916  -5.6401779e-05  -3.2606415e-06  0.00012494947  0.00012361317  -0.00011396976  -4.3344826e-06  -5.0455579e-06  -1.5423813e-05  1.2910480e-05  1.4438972e-05  2.7222607e-06  -0.00018010994  3.7755563e-06  -1.9291124e-05  0.00014135637  -3.8170240e-05  -1.4100524e-05  7.4837524e-06  -7.7068423e-07  
-0.00025879396  -0.00019202372  0.0000000   0.0035363175  -0.0017374854  0.00026845883  0.0012024730  -0.00042551173  3.0685904e-05  0.00074256683  0.00021526138  -5.9626104e-05  -3.0780082e-05  -0.00013084493  4.6365645e-05  6.6271283e-05  -1.9806684e-06  0.00010060322  -0.00019075973  -2.2287865e-05  0.00012252863  -1.2439587e-05  -0.00021628562  4.3074448e-06  5.6163585e-05  1.3727059e-05  -1.6591140e-05  -3.7948950e-05  5.0830932e-05  3.3773116e-05  1.3311716e-05  -0.00025879396  -0.00019202372  0.0000000   0.0035363175  -0.0017374854  0.00026845883  0.0012024730  -0.00042551173  3.0685904e-05  0.00074256683  0.00021526138  -5.9626104e-05  -3.0780082e-05  -0.00013084493  4.6365645e-05  6.6271283e-05  -1.9806684e-06  0.00010060322  -0.00019075973  -2.2287865e-05  0.00012252863  -1.2439587e-05  -0.00021628562  4.3074448e-06  5.6163585e-05  1.3727059e-05  -1.6591140e-05  -3.7948950e-05  5.0830932e-05  3.3773116e-05  1.3311716e-05  
0.00020816071  -7.1548351e-05  -0.0035363175  0.0000000   -0.00065126084  -0.00050457463  -0.0021202560  -7.0136400e-05  -9.2674059e-05  -0.00051799101  -0.00011543981  7.2354091e-05  -3.8786767e-05  5.8935440e-05  -4.6584547e-05  7.5348450e-05  1.9835661e-05  0.00012817985  6.9177611e-05  0.00036476629  9.0417359e-05  9.7126035e-06  -0.00017733440  1.9101333e-05  0.00021945289  -3.1481540e-06  1.4865767e-05  -1.3509703e-05  4.2426447e-05  9.2853823e-05  -9.1930222e-05  0.00020816071  -7.1548351e-05  -0.0035363175  0.0000000   -0.00065126084  -0.00050457463  -0.0021202560  -7.0136400e-05  -9.2674059e-05  -0.00051799101  -0.00011543981  7.2354091e-05  -3.8786767e-05  5.8935440e-05  -4.6584547e-05  7.5348450e-05  1.9835661e-05  0.00012817985  6.9177611e-05  0.00036476629  9.0417359e-05  9.7126035e-06  -0.00017733440  1.9101333e-05  0.00021945289  -3.1481540e-06  1.4865767e-05  -1.3509703e-05  4.2426447e-05  9.2853823e-05  -9.1930222e-05  
-0.00044312894  0.00052709039  0.0017374854  0.00065126084  0.0000000   -0.010717819  -0.00031235591  0.00062513149  0.00059309084  -0.00036433047  1.8654726e-05  8.3954946e-05  0.00019662551  -0.00014218721  -0.00010329395  -2.3242915e-05  -0.00014361853  -8.6268275e-06  3.5260657e-05  1.5599431e-05  4.6804900e-05  -3.4077439e-06  1.2796228e-05  -0.00017712950  3.1021609e-06  5.7031833e-05  -2.3814225e-05  2.2048501e-05  6.0055508e-06  -4.1014386e-06  -2.0903292e-05  -0.00044312894  0.00052709039  0.0017374854  0.00065126084  0.0000000   -0.010717819  -0.00031235591  0.00062513149  0.00059309084  -0.00036433047  1.8654726e-05  8.3954946e-05  0.00019662551  -0.00014218721  -0.00010329395  -2.3242915e-05  -0.00014361853  -8.6268275e-06  3.5260657e-05  1.5599431e-05  4.6804900e-05  -3.4077439e-06  1.2796228e-05  -0.00017712950  3.1021609e-06  5.7031833e-05  -2.3814225e-05  2.2048501e-05  6.0055508e-06  -4.1014386e-06  -2.0903292e-05  
7.5646402e-05  0.00053571629  -0.00026845883  0.00050457463  0.010717819  0.0000000   -0.00022314151  0.0028383668  -0.00022338557  -0.00024096727  0.00012178147  -0.00072070405  7.6822687e-05  -1.7965543e-05  -0.00010927310  -0.00032780860  -7.8823660e-05  3.6273284e-05  2.4073484e-05  1.4214119e-05  -4.7014787e-05  1.3599026e-05  -4.8644971e-06  -1.5372142e-05  -2.7281793e-05  3.7452601e-05  0.00015038565  0.00014233347  3.0983101e-05  -2.4525529e-05  -5.7184844e-06  7.5646402e-05  0.00053571629  -0.00026845883  0.00050457463  0.010717819  0.0000000   -0.00022314151  0.0028383668  -0.00022338557  -0.00024096727  0.00012178147  -0.00072070405  7.6822687e-05  -1.7965543e-05  -0.00010927310  -0.00032780860  -7.8823660e-05  3.6273284e-05  2.4073484e-05  1.4214119e-05  -4.7014787e-05  1.3599026e-05  -4.8644971e-06  -1.5372142e-05  -2.7281793e-05  3.7452601e-05  0.00015038565  0.00014233347  3.0983101e-05  -2.4525529e-05  -5.7184844e-06  
2.3331378e-05  -9.3002042e-05  -0.0012024730  0.0021202560  0.00031235591  0.00022314151  0.0000000   0.00012026182  -0.00011087353  0.00014406384  0.00051113949  -0.00014766086  1.1093780e-05  8.5326912e-05  -1.8411605e-05  8.7611631e-06  -3.6668574e-05  -0.00039076283  -4.8935834e-05  -0.00023041932  0.00023693654  -8.7224412e-06  -0.00033091629  2.4820881e-06  -3.7170060e-05  1.2119862e-05  -1.1813285e-05  7.9265088e-06  -0.00013973659  8.0229655e-05  -2.7130173e-05  2.3331378e-05  -9.3002042e-05  -0.0012024730  0.0021202560  0.00031235591  0.00022314151  0.0000000   0.00012026182  -0.00011087353  0.00014406384  0.00051113949  -0.00014766086  1.1093780e-05  8.5326912e-05  -1.8411605e-05  8.7611631e-06  -3.6668574e-05  -0.00039076283  -4.8935834e-05  -0.00023041932  0.00023693654  -8.7224412e-06  -0.00033091629  2.4820881e-06  -3.7170060e-05  1.2119862e-05  -1.1813285e-05  7.9265088e-06  -0.00013973659  8.0229655e-05  -2.7130173e-05  
0.00033704283  0.00053328286  0.00042551173  7.0136400e-05  -0.00062513149  -0.0028383668  -0.00012026182  0.0000000   0.0011034473  -9.5941133e-05  -1.7004706e-05  -0.00071249427  -0.00013506160  5.4746108e-05  0.00033305924  0.00035519934  -0.00011694888  -3.4034620e-05  1.3294208e-05  1.8585298e-05  -2.5713866e-06  1.3732689e-05  7.9174894e-07  3.9231848e-05  -5.6670931e-06  6.8840194e-05  6.3998486e-05  -0.00012522073  -2.8061125e-05  2.7344456e-05  -1.1541993e-05  0.00033704283  0.00053328286  0.00042551173  7.0136400e-05  -0.00062513149  -0.0028383668  -0.00012026182  0.0000000   0.0011034473  -9.5941133e-05  -1.7004706e-05  -0.00071249427  -0.00013506160  5.4746108e-05  0.00033305924  0.00035519934  -0.00011694888  -3.4034620e-05  1.3294208e-05  1.8585298e-05  -2.5713866e-06  1.3732689e-05  7.9174894e-07  3.9231848e-05  -5.6670931e-06  6.8840194e-05  6.3998486e-05  -0.00012522073  -2.8061125e-05  2.7344456e-05  -1.1541993e-05  
0.00026360448  0.00023303470  -3.0685904e-05  9.2674059e-05  -0.00059309084  0.00022338557  0.00011087353  -0.0011034473  0.0000000   7.9302211e-05  0.00013220457  0.0013486620  -0.0010384335  0.00012213267  0.00029732783  -0.00017796279  -0.00026002291  -1.5554076e-06  1.1794505e-05  -3.4278388e-05  -1.8104562e-05  6.3625563e-05  -2.3915537e-05  -2.1487139e-05  1.0084620e-05  0.00012801174  0.00031388154  9.1094100e-05  5.5871313e-06  8.4863643e-06  3.9525168e-05  0.00026360448  0.00023303470  -3.0685904e-05  9.2674059e-05  -0.00059309084  0.00022338557  0.00011087353  -0.0011034473  0.0000000   7.9302211e-05  0.00013220457  0.0013486620  -0.0010384335  0.00012213267  0.00029732783  -0.00017796279  -0.00026002291  -1.5554076e-06  1.1794505e-05  -3.4278388e-05  -1.8104562e-05  6.3625563e-05  -2.3915537e-05  -2.1487139e-05  1.0084620e-05  0.00012801174  0.00031388154  9.1094100e-05  5.5871313e-06  8.4863643e-06  3.9525168e-05  
5.6015884e-05  -3.5274846e-05  -0.00074256683  0.00051799101  0.00036433047  0.00024096727  -0.00014406384  9.5941133e-05  -7.9302211e-05  0.0000000   0.0016439487  -0.00014341265  -2.6879190e-05  -0.00021927917  -3.8210927e-05  6.9067603e-05  -3.3374234e-05  -9.6257752e-05  -2.3524862e-05  -0.00024299684  0.00025505435  -1.0712032e-05  -0.00021971322  -6.1465823e-06  -4.7393481e-05  1.6895759e-05  1.9897834e-05  1.6558291e-05  -0.00025656938  0.00015581115  -6.6521666e-05  5.6015884e-05  -3.5274846e-05  -0.00074256683  0.00051799101  0.00036433047  0.00024096727  -0.00014406384  9.5941133e-05  -7.9302211e-05  0.0000000   0.0016439487  -0.00014341265  -2.6879190e-05  -0.00021927917  -3.8210927e-05  6.9067603e-05  -3.3374234e-05  -9.6257752e-05  -2.3524862e-05  -0.00024299684  0.00025505435  -1.0712032e-05  -0.00021971322  -6.1465823e-06  -4.7393481e-05  1.6895759e-05  1.9897834e-05  1.6558291e-05  -0.00025656938  0.00015581115  -6.6521666e-05  
0.00022308469  -6.8075567e-05  -0.00021526138  0.00011543981  -1.8654726e-05  -0.00012178147  -0.00051113949  1.7004706e-05  -0.00013220457  -0.0016439487  0.0000000   3.9329531e-05  5.5494367e-05  0.0011114935  -0.00011905297  6.9996539e-05  0.00022268916  -0.00010639949  -1.3272725e-05  -0.00016696271  -0.00019265673  5.1379807e-06  2.1878380e-05  -1.9521122e-05  0.00026908770  -3.5924926e-05  4.4039295e-06  -2.7407077e-05  -0.00016943625  0.00021818950  0.00011301559  0.00022308469  -6.8075567e-05  -0.00021526138  0.00011543981  -1.8654726e-05  -0.00012178147  -0.00051113949  1.7004706e-05  -0.00013220457  -0.0016439487  0.0000000   3.9329531e-05  5.5494367e-05  0.0011114935  -0.00011905297  6.9996539e-05  0.00022268916  -0.00010639949  -1.3272725e-05  -0.00016696271  -0.00019265673  5.1379807e-06  2.1878380e-05  -1.9521122e-05  0.00026908770  -3.5924926e-05  4.4039295e-06  -2.7407077e-05  -0.00016943625  0.00021818950  0.00011301559  
0.00028786295  -0.00037909916  5.9626104e-05  -7.2354091e-05  -8.3954946e-05  0.00072070405  0.00014766086  0.00071249427  -0.0013486620  0.00014341265  -3.9329531e-05  0.0000000   -0.00074066316  -6.3024491e-05  -0.00070114680  0.0012384715  0.00036378346  -5.0087251e-05  2.6966541e-05  -3.4519671e-05  -5.1431121e-05  2.4036792e-05  4.1253492e-05  -0.00027274452  -3.2892170e-06  -0.00010680330  -0.00014616971  -0.00017927897  5.3441192e-05  -3.4639150e-05  2.6996932e-05  0.00028786295  -0.00037909916  5.9626104e-05  -7.2354091e-05  -8.3954946e-05  0.00072070405  0.00014766086  0.00071249427  -0.0013486620  0.00014341265  -3.9329531e-05  0.0000000   -0.00074066316  -6.3024491e-05  -0.00070114680  0.0012384715  0.00036378346  -5.0087251e-05  2.6966541e-05  -3.4519671e-05  -5.1431121e-05  2.4036792e-05  4.1253492e-05  -0.00027274452  -3.2892170e-06  -0.00010680330  -0.00014616971  -0.00017927897  5.3441192e-05  -3.4639150e-05  2.6996932e-05  
-0.00013387586  5.6401779e-05  3.0780082e-05  3.8786767e-05  -0.00019662551  -7.6822687e-05  -1.1093780e-05  0.00013506160  0.0010384335  2.6879190e-05  -5.5494367e-05  0.00074066316  0.0000000   -0.00010852516  -0.0018587946  -0.0012323708  -0.00053974380  -4.6556982e-05  -4.5515603e-05  -7.5691794e-05  -4.0291996e-06  6.1854877e-05  5.0188541e-05  0.00021475442  -3.3825797e-05  4.4047344e-05  -0.00023309971  -0.00015751256  -2.8997666e-05  -6.9280065e-06  -3.6525566e-05  -0.00013387586  5.6401779e-05  3.0780082e-05  3.8786767e-05  -0.00019662551  -7.6822687e-05  -1.1093780e-05  0.00013506160  0.0010384335  2.6879190e-05  -5.5494367e-05  0.00074066316  0.0000000   -0.00010852516  -0.0018587946  -0.0012323708  -0.00053974380  -4.6556982e-05  -4.5515603e-05  -7.5691794e-05  -4.0291996e-06  6.1854877e-05  5.0188541e-05  0.00021475442  -3.3825797e-05  4.4047344e-05  -0.00023309971  -0.00015751256  -2.8997666e-05  -6.9280065e-06  -3.6525566e-05  
-4.3162682e-05  3.2606415e-06  0.00013084493  -5.8935440e-05  0.00014218721  1.7965543e-05  -8.5326912e-05  -5.4746108e-05  -0.00012213267  0.00021927917  -0.0011114935  6.3024491e-05  0.00010852516  0.0000000   0.00022005834  -2.8026377e-05  1.3838226e-06  -0.00064595361  -0.00028979222  -0.00047262671  1.0447366e-06  8.7864153e-07  0.00071736292  3.5002526e-05  -0.00019638410  -1.1245124e-05  2.2293527e-05  4.8177206e-05  -0.00012388014  5.0766735e-05  -0.00014760746  -4.3162682e-05  3.2606415e-06  0.00013084493  -5.8935440e-05  0.00014218721  1.7965543e-05  -8.5326912e-05  -5.4746108e-05  -0.00012213267  0.00021927917  -0.0011114935  6.3024491e-05  0.00010852516  0.0000000   0.00022005834  -2.8026377e-05  1.3838226e-06  -0.00064595361  -0.00028979222  -0.00047262671  1.0447366e-06  8.7864153e-07  0.00071736292  3.5002526e-05  -0.00019638410  -1.1245124e-05  2.2293527e-05  4.8177206e-05  -0.00012388014  5.0766735e-05  -0.00014760746  
0.00023160699  -0.00012494947  -4.6365645e-05  4.6584547e-05  0.00010329395  0.00010927310  1.8411605e-05  -0.00033305924  -0.00029732783  3.8210927e-05  0.00011905297  0.00070114680  0.0018587946  -0.00022005834  0.0000000   -0.00086361927  0.0013900626  8.2425559e-06  4.4631480e-05  1.8143636e-05  3.7323015e-05  -0.00042725094  -8.9103833e-05  0.00030503790  -3.8677331e-05  -7.4331387e-05  5.3526773e-05  0.00010449372  1.7849045e-05  -9.1276051e-06  4.4977819e-05  0.00023160699  -0.00012494947  -4.6365645e-05  4.6584547e-05  0.00010329395  0.00010927310  1.8411605e-05  -0.00033305924  -0.00029732783  3.8210927e-05  0.00011905297  0.00070114680  0.0018587946  -0.00022005834  0.0000000   -0.00086361927  0.0013900626  8.2425559e-06  4.4631480e-05  1.8143636e-05  3.7323015e-05  -0.00042725094  -8.9103833e-05  0.00030503790  -3.8677331e-05  -7.4331387e-05  5.3526773e-05  0.00010449372  1.7849045e-05  -9.1276051e-06  4.4977819e-05  
-0.00028249501  -0.00012361317  -6.6271283e-05  -7.5348450e-05  2.3242915e-05  0.00032780860  -8.7611631e-06  -0.00035519934  0.00017796279  -6.9067603e-05  -6.9996539e-05  -0.0012384715  0.0012323708  2.8026377e-05  0.00086361927  0.0000000   -0.0052714618  0.00028500949  -3.7633482e-05  0.00010065220  4.2015717e-07  -4.1559534e-05  -8.5699215e-05  0.00075468395  -6.7703720e-05  2.3262106e-05  9.4405390e-05  8.0516022e-05  2.0310541e-05  -2.4811853e-05  6.0854959e-06  -0.00028249501  -0.00012361317  -6.6271283e-05  -7.5348450e-05  2.3242915e-05  0.00032780860  -8.7611631e-06  -0.00035519934  0.00017796279  -6.9067603e-05  -6.9996539e-05  -0.0012384715  0.0012323708  2.8026377e-05  0.00086361927  0.0000000   -0.0052714618  0.00028500949  -3.7633482e-05  0.00010065220  4.2015717e-07  -4.1559534e-05  -8.5699215e-05  0.00075468395  -6.7703720e-05  2.3262106e-05  9.4405390e-05  8.0516022e-05  2.0310541e-05  -2.4811853e-05  6.0854959e-06  
2.8413047e-05  0.00011396976  1.9806684e-06  -1.9835661e-05  0.00014361853  7.8823660e-05  3.6668574e-05  0.00011694888  0.00026002291  3.3374234e-05  -0.00022268916  -0.00036378346  0.00053974380  -1.3838226e-06  -0.0013900626  0.0052714618  0.0000000   -8.3499745e-05  -8.3312133e-05  4.3238844e-05  -0.00014018880  0.00026205565  -3.1833201e-05  -0.00015266016  8.5933580e-06  0.00014835971  0.00036627274  -0.00021286343  1.7547704e-05  3.3997444e-06  2.6530053e-05  2.8413047e-05  0.00011396976  1.9806684e-06  -1.9835661e-05  0.00014361853  7.8823660e-05  3.6668574e-05  0.00011694888  0.00026002291  3.3374234e-05  -0.00022268916  -0.00036378346  0.00053974380  -1.3838226e-06  -0.0013900626  0.0052714618  0.0000000   -8.3499745e-05  -8.3312133e-05  4.3238844e-05  -0.00014018880  0.00026205565  -3.1833201e-05  -0.00015266016  8.5933580e-06  0.00014835971  0.00036627274  -0.00021286343  1.7547704e-05  3.3997444e-06  2.6530053e-05  
5.2643417e-05  4.3344826e-06  -0.00010060322  -0.00012817985  8.6268275e-06  -3.6273284e-05  0.00039076283  3.4034620e-05  1.5554076e-06  9.6257752e-05  0.00010639949  5.0087251e-05  4.6556982e-05  0.00064595361  -8.2425559e-06  -0.00028500949  8.3499745e-05  0.0000000   -0.00086850878  0.00095453643  0.00018107922  -3.2091624e-05  -0.00022659544  -8.3595029e-06  2.8954457e-05  -1.9725640e-05  -3.3030400e-05  -1.4293550e-05  0.00021940282  -3.7240442e-05  0.00016870185  5.2643417e-05  4.3344826e-06  -0.00010060322  -0.00012817985  8.6268275e-06  -3.6273284e-05  0.00039076283  3.4034620e-05  1.5554076e-06  9.6257752e-05  0.00010639949  5.0087251e-05  4.6556982e-05  0.00064595361  -8.2425559e-06  -0.00028500949  8.3499745e-05  0.0000000   -0.00086850878  0.00095453643  0.00018107922  -3.2091624e-05  -0.00022659544  -8.3595029e-06  2.8954457e-05  -1.9725640e-05  -3.3030400e-05  -1.4293550e-05  0.00021940282  -3.7240442e-05  0.00016870185  
1.1184156e-05  5.0455579e-06  0.00019075973  -6.9177611e-05  -3.5260657e-05  -2.4073484e-05  4.8935834e-05  -1.3294208e-05  -1.1794505e-05  2.3524862e-05  1.3272725e-05  -2.6966541e-05  4.5515603e-05  0.00028979222  -4.4631480e-05  3.7633482e-05  8.3312133e-05  0.00086850878  0.0000000   -0.0037998009  0.0013061420  1.4647230e-05  0.00034345281  6.2173092e-05  8.7558787e-05  -6.6898560e-05  9.9577146e-05  3.1039683e-05  -0.00016386590  0.00015548863  0.00020237555  1.1184156e-05  5.0455579e-06  0.00019075973  -6.9177611e-05  -3.5260657e-05  -2.4073484e-05  4.8935834e-05  -1.3294208e-05  -1.1794505e-05  2.3524862e-05  1.3272725e-05  -2.6966541e-05  4.5515603e-05  0.00028979222  -4.4631480e-05  3.7633482e-05  8.3312133e-05  0.00086850878  0.0000000   -0.0037998009  0.0013061420  1.4647230e-05  0.00034345281  6.2173092e-05  8.7558787e-05  -6.6898560e-05  9.9577146e-05  3.1039683e-05  -0.00016386590  0.00015548863  0.00020237555  
4.3884933e-06  1.5423813e-05  2.2287865e-05  -0.00036476629  -1.5599431e-05  -1.4214119e-05  0.00023041932  -1.8585298e-05  3.4278388e-05  0.00024299684  0.00016696271  3.4519671e-05  7.5691794e-05  0.00047262671  -1.8143636e-05  -0.00010065220  -4.3238844e-05  -0.00095453643  0.0037998009  0.0000000   -0.0032927806  3.2371436e-06  -0.00024155633  6.4811856e-05  0.00023173614  0.00010003586  -4.0993570e-06  1.1248012e-05  9.4013428e-05  0.00011430933  5.7781285e-05  4.3884933e-06  1.5423813e-05  2.2287865e-05  -0.00036476629  -1.5599431e-05  -1.4214119e-05  0.00023041932  -1.8585298e-05  3.4278388e-05  0.00024299684  0.00016696271  3.4519671e-05  7.5691794e-05  0.00047262671  -1.8143636e-05  -0.00010065220  -4.3238844e-05  -0.00095453643  0.0037998009  0.0000000   -0.0032927806  3.2371436e-06  -0.00024155633  6.4811856e-05  0.00023173614  0.00010003586  -4.0993570e-06  1.1248012e-05  9.4013428e-05  0.00011430933  5.7781285e-05  
-3.2621996e-05  -1.2910480e-05  -0.00012252863  -9.0417359e-05  -4.6804900e-05  4.7014787e-05  -0.00023693654  2.5713866e-06  1.8104562e-05  -0.00025505435  0.00019265673  5.1431121e-05  4.0291996e-06  -1.0447366e-06  -3.7323015e-05  -4.2015717e-07  0.00014018880  -0.00018107922  -0.0013061420  0.0032927806  0.0000000   -9.8935061e-06  0.00071612312  -6.9701775e-05  -0.00039661296  -6.4031236e-05  -5.2793517e-05  -5.8991587e-05  0.00015095755  -0.00017534415  -8.5310756e-05  -3.2621996e-05  -1.2910480e-05  -0.00012252863  -9.0417359e-05  -4.6804900e-05  4.7014787e-05  -0.00023693654  2.5713866e-06  1.8104562e-05  -0.00025505435  0.00019265673  5.1431121e-05  4.0291996e-06  -1.0447366e-06  -3.7323015e-05  -4.2015717e-07  0.00014018880  -0.00018107922  -0.0013061420  0.0032927806  0.0000000   -9.8935061e-06  0.00071612312  -6.9701775e-05  -0.00039661296  -6.4031236e-05  -5.2793517e-05  -5.8991587e-05  0.00015095755  -0.00017534415  -8.5310756e-05  
4.1468600e-05  -1.4438972e-05  1.2439587e-05  -9.7126035e-06  3.4077439e-06  -1.3599026e-05  8.7224412e-06  -1.3732689e-05  -6.3625563e-05  1.0712032e-05  -5.1379807e-06  -2.4036792e-05  -6.1854877e-05  -8.7864153e-07  0.00042725094  4.1559534e-05  -0.00026205565  3.2091624e-05  -1.4647230e-05  -3.2371436e-06  9.8935061e-06  0.0000000   2.8066952e-05  -0.00043639372  1.4870368e-05  -0.00033248339  -1.3923183e-05  0.00020078033  9.2854002e-06  -3.3387422e-05  4.5599379e-05  4.1468600e-05  -1.4438972e-05  1.2439587e-05  -9.7126035e-06  3.4077439e-06  -1.3599026e-05  8.7224412e-06  -1.3732689e-05  -6.3625563e-05  1.0712032e-05  -5.1379807e-06  -2.4036792e-05  -6.1854877e-05  -8.7864153e-07  0.00042725094  4.1559534e-05  -0.00026205565  3.2091624e-05  -1.4647230e-05  -3.2371436e-06  9.8935061e-06  0.0000000   2.8066952e-05  -0.00043639372  1.4870368e-05  -0.00033248339  -1.3923183e-05  0.00020078033  9.2854002e-06  -3.3387422e-05  4.5599379e-05  
-2.4101329e-05  -2.7222607e-06  0.00021628562  0.00017733440  -1.2796228e-05  4.8644971e-06  0.00033091629  -7.9174894e-07  2.3915537e-05  0.00021971322  -2.1878380e-05  -4.1253492e-05  -5.0188541e-05  -0.00071736292  8.9103833e-05  8.5699215e-05  3.1833201e-05  0.00022659544  -0.00034345281  0.00024155633  -0.00071612312  -2.8066952e-05  0.0000000   -9.7157250e-05  -0.00089657899  -0.00017307431  -0.00020299110  -8.1016569e-05  -0.00017891262  -0.00032683000  -3.3796194e-05  -2.4101329e-05  -2.7222607e-06  0.00021628562  0.00017733440  -1.2796228e-05  4.8644971e-06  0.00033091629  -7.9174894e-07  2.3915537e-05  0.00021971322  -2.1878380e-05  -4.1253492e-05  -5.0188541e-05  -0.00071736292  8.9103833e-05  8.5699215e-05  3.1833201e-05  0.00022659544  -0.00034345281  0.00024155633  -0.00071612312  -2.8066952e-05  0.0000000   -9.7157250e-05  -0.00089657899  -0.00017307431  -0.00020299110  -8.1016569e-05  -0.00017891262  -0.00032683000  -3.3796194e-05  
-0.00011264077  0.00018010994  -4.3074448e-06  -1.9101333e-05  0.00017712950  1.5372142e-05  -2.4820881e-06  -3.9231848e-05  2.1487139e-05  6.1465823e-06  1.9521122e-05  0.00027274452  -0.00021475442  -3.5002526e-05  -0.00030503790  -0.00075468395  0.00015266016  8.3595029e-06  -6.2173092e-05  -6.4811856e-05  6.9701775e-05  0.00043639372  9.7157250e-05  0.0000000   -8.3838319e-05  0.00026707551  0.00060498311  -0.0010815131  -9.1918956e-05  -5.6951827e-05  -0.00012820958  -0.00011264077  0.00018010994  -4.3074448e-06  -1.9101333e-05  0.00017712950  1.5372142e-05  -2.4820881e-06  -3.9231848e-05  2.1487139e-05  6.1465823e-06  1.9521122e-05  0.00027274452  -0.00021475442  -3.5002526e-05  -0.00030503790  -0.00075468395  0.00015266016  8.3595029e-06  -6.2173092e-05  -6.4811856e-05  6.9701775e-05  0.00043639372  9.7157250e-05  0.0000000   -8.3838319e-05  0.00026707551  0.00060498311  -0.0010815131  -9.1918956e-05  -5.6951827e-05  -0.00012820958  
1.3059565e-05  -3.7755563e-06  -5.6163585e-05  -0.00021945289  -3.1021609e-06  2.7281793e-05  3.7170060e-05  5.6670931e-06  -1.0084620e-05  4.7393481e-05  -0.00026908770  3.2892170e-06  3.3825797e-05  0.00019638410  3.8677331e-05  6.7703720e-05  -8.5933580e-06  -2.8954457e-05  -8.7558787e-05  -0.00023173614  0.00039661296  -1.4870368e-05  0.00089657899  8.3838319e-05  0.0000000   -0.00027296917  -2.2647969e-05  -1.6423018e-06  -0.00031114519  -0.00061144473  -0.00018430967  1.3059565e-05  -3.7755563e-06  -5.6163585e-05  -0.00021945289  -3.1021609e-06  2.7281793e-05  3.7170060e-05  5.6670931e-06  -1.0084620e-05  4.7393481e-05  -0.00026908770  3.2892170e-06  3.3825797e-05  0.00019638410  3.8677331e-05  6.7703720e-05  -8.5933580e-06  -2.8954457e-05  -8.7558787e-05  -0.00023173614  0.00039661296  -1.4870368e-05  0.00089657899  8.3838319e-05  0.0000000   -0.00027296917  -2.2647969e-05  -1.6423018e-06  -0.00031114519  -0.00061144473  -0.00018430967  
8.7391566e-05  1.9291124e-05  -1.3727059e-05  3.1481540e-06  -5.7031833e-05  -3.7452601e-05  -1.2119862e-05  -6.8840194e-05  -0.00012801174  -1.6895759e-05  3.5924926e-05  0.00010680330  -4.4047344e-05  1.1245124e-05  7.4331387e-05  -2.3262106e-05  -0.00014835971  1.9725640e-05  6.6898560e-05  -0.00010003586  6.4031236e-05  0.00033248339  0.00017307431  -0.00026707551  0.00027296917  0.0000000   -0.0054824131  -0.00041246569  3.7343795e-05  -7.9169084e-05  -3.3552340e-05  8.7391566e-05  1.9291124e-05  -1.3727059e-05  3.1481540e-06  -5.7031833e-05  -3.7452601e-05  -1.2119862e-05  -6.8840194e-05  -0.00012801174  -1.6895759e-05  3.5924926e-05  0.00010680330  -4.4047344e-05  1.1245124e-05  7.4331387e-05  -2.3262106e-05  -0.00014835971  1.9725640e-05  6.6898560e-05  -0.00010003586  6.4031236e-05  0.00033248339  0.00017307431  -0.00026707551  0.00027296917  0.0000000   -0.0054824131  -0.00041246569  3.7343795e-05  -7.9169084e-05  -3.3552340e-05  
5.6497857e-05  -0.00014135637  1.6591140e-05  -1.4865767e-05  2.3814225e-05  -0.00015038565  1.1813285e-05  -6.3998486e-05  -0.00031388154  -1.9897834e-05  -4.4039295e-06  0.00014616971  0.00023309971  -2.2293527e-05  -5.3526773e-05  -9.4405390e-05  -0.00036627274  3.3030400e-05  -9.9577146e-05  4.0993570e-06  5.2793517e-05  1.3923183e-05  0.00020299110  -0.00060498311  2.2647969e-05  0.0054824131  0.0000000   0.0036910616  1.6102759e-05  -3.5027901e-05  0.00013808037  5.6497857e-05  -0.00014135637  1.6591140e-05  -1.4865767e-05  2.3814225e-05  -0.00015038565  1.1813285e-05  -6.3998486e-05  -0.00031388154  -1.9897834e-05  -4.4039295e-06  0.00014616971  0.00023309971  -2.2293527e-05  -5.3526773e-05  -9.4405390e-05  -0.00036627274  3.3030400e-05  -9.9577146e-05  4.0993570e-06  5.2793517e-05  1.3923183e-05  0.00020299110  -0.00060498311  2.2647969e-05  0.0054824131  0.0000000   0.0036910616  1.6102759e-05  -3.5027901e-05  0.00013808037  
0.00013375094  3.8170240e-05  3.7948950e-05  1.3509703e-05  -2.2048501e-05  -0.00014233347  -7.9265088e-06  0.00012522073  -9.1094100e-05  -1.6558291e-05  2.7407077e-05  0.00017927897  0.00015751256  -4.8177206e-05  -0.00010449372  -8.0516022e-05  0.00021286343  1.4293550e-05  -3.1039683e-05  -1.1248012e-05  5.8991587e-05  -0.00020078033  8.1016569e-05  0.0010815131  1.6423018e-06  0.00041246569  -0.0036910616  0.0000000   7.7167710e-05  -8.9593720e-05  2.0817820e-05  0.00013375094  3.8170240e-05  3.7948950e-05  1.3509703e-05  -2.2048501e-05  -0.00014233347  -7.9265088e-06  0.00012522073  -9.1094100e-05  -1.6558291e-05  2.7407077e-05  0.00017927897  0.00015751256  -4.8177206e-05  -0.00010449372  -8.0516022e-05  0.00021286343  1.4293550e-05  -3.1039683e-05  -1.1248012e-05  5.8991587e-05  -0.00020078033  8.1016569e-05  0.0010815131  1.6423018e-06  0.00041246569  -0.0036910616  0.0000000   7.7167710e-05  -8.9593720e-05  2.0817820e-05  
-4.8609518e-06  1.4100524e-05  -5.0830932e-05  -4.2426447e-05  -6.0055508e-06  -3.0983101e-05  0.00013973659  2.8061125e-05  -5.5871313e-06  0.00025656938  0.00016943625  -5.3441192e-05  2.8997666e-05  0.00012388014  -1.7849045e-05  -2.0310541e-05  -1.7547704e-05  -0.00021940282  0.00016386590  -9.4013428e-05  -0.00015095755  -9.2854002e-06  0.00017891262  9.1918956e-05  0.00031114519  -3.7343795e-05  -1.6102759e-05  -7.7167710e-05  0.0000000   0.0016504634  0.0022568569  -4.8609518e-06  1.4100524e-05  -5.0830932e-05  -4.2426447e-05  -6.0055508e-06  -3.0983101e-05  0.00013973659  2.8061125e-05  -5.5871313e-06  0.00025656938  0.00016943625  -5.3441192e-05  2.8997666e-05  0.00012388014  -1.7849045e-05  -2.0310541e-05  -1.7547704e-05  -0.00021940282  0.00016386590  -9.4013428e-05  -0.00015095755  -9.2854002e-06  0.00017891262  9.1918956e-05  0.00031114519  -3.7343795e-05  -1.6102759e-05  -7.7167710e-05  0.0000000   0.0016504634  0.0022568569  
-8.0786254e-05  -7.4837524e-06  -3.3773116e-05  -9.2853823e-05  4.1014386e-06  2.4525529e-05  -8.0229655e-05  -2.7344456e-05  -8.4863643e-06  -0.00015581115  -0.00021818950  3.4639150e-05  6.9280065e-06  -5.0766735e-05  9.1276051e-06  2.4811853e-05  -3.3997444e-06  3.7240442e-05  -0.00015548863  -0.00011430933  0.00017534415  3.3387422e-05  0.00032683000  5.6951827e-05  0.00061144473  7.9169084e-05  3.5027901e-05  8.9593720e-05  -0.0016504634  0.0000000   -0.0053800161  -8.0786254e-05  -7.4837524e-06  -3.3773116e-05  -9.2853823e-05  4.1014386e-06  2.4525529e-05  -8.0229655e-05  -2.7344456e-05  -8.4863643e-06  -0.00015581115  -0.00021818950  3.4639150e-05  6.9280065e-06  -5.0766735e-05  9.1276051e-06  2.4811853e-05  -3.3997444e-06  3.7240442e-05  -0.00015548863  -0.00011430933  0.00017534415  3.3387422e-05  0.00032683000  5.6951827e-05  0.00061144473  7.9169084e-05  3.5027901e-05  8.9593720e-05  -0.0016504634  0.0000000   -0.0053800161  
-5.2025455e-05  7.7068423e-07  -1.3311716e-05  9.1930222e-05  2.0903292e-05  5.7184844e-06  2.7130173e-05  1.1541993e-05  -3.9525168e-05  6.6521666e-05  -0.00011301559  -2.6996932e-05  3.6525566e-05  0.00014760746  -4.4977819e-05  -6.0854959e-06  -2.6530053e-05  -0.00016870185  -0.00020237555  -5.7781285e-05  8.5310756e-05  -4.5599379e-05  3.3796194e-05  0.00012820958  0.00018430967  3.3552340e-05  -0.00013808037  -2.0817820e-05  -0.0022568569  0.0053800161  0.0000000   -5.2025455e-05  7.7068423e-07  -1.3311716e-05  9.1930222e-05  2.0903292e-05  5.7184844e-06  2.7130173e-05  1.1541993e-05  -3.9525168e-05  6.6521666e-05  -0.00011301559  -2.6996932e-05  3.6525566e-05  0.00014760746  -4.4977819e-05  -6.0854959e-06  -2.6530053e-05  -0.00016870185  -0.00020237555  -5.7781285e-05  8.5310756e-05  -4.5599379e-05  3.3796194e-05  0.00012820958  0.00018430967  3.3552340e-05  -0.00013808037  -2.0817820e-05  -0.0022568569  0.0053800161  0.0000000   
0.0000000   -0.00032561388  0.00025879396  -0.00020816071  0.00044312894  -7.5646402e-05  -2.3331378e-05  -0.00033704283  -0.00026360448  -5.6015884e-05  -0.00022308469  -0.00028786295  0.00013387586  4.3162682e-05  -0.00023160699  0.00028249501  -2.8413047e-05  -5.2643417e-05  -1.1184156e-05  -4.3884933e-06  3.2621996e-05  -4.1468600e-05  2.4101329e-05  0.00011264077  -1.3059565e-05  -8.7391566e-05  -5.6497857e-05  -0.00013375094  4.8609518e-06  8.0786254e-05  5.2025455e-05  0.0000000   -0.00032561388  0.00025879396  -0.00020816071  0.00044312894  -7.5646402e-05  -2.3331378e-05  -0.00033704283  -0.00026360448  -5.6015884e-05  -0.00022308469  -0.00028786295  0.00013387586  4.3162682e-05  -0.00023160699  0.00028249501  -2.8413047e-05  -5.2643417e-05  -1.1184156e-05  -4.3884933e-06  3.2621996e-05  -4.1468600e-05  2.4101329e-05  0.00011264077  -1.3059565e-05  -8.7391566e-05  -5.6497857e-05  -0.00013375094  4.8609518e-06  8.0786254e-05  5.2025455e-05  
0.00032561388  0.0000000   0.00019202372  7.1548351e-05  -0.00052709039  -0.00053571629  9.3002042e-05  -0.00053328286  -0.00023303470  3.5274846e-05  6.8075567e-05  0.00037909916  -5.6401779e-05  -3.2606415e-06  0.00012494947  0.00012361317  -0.00011396976  -4.3344826e-06  -5.0455579e-06  -1.5423813e-05  1.2910480e-05  1.4438972e-05  2.7222607e-06  -0.00018010994  3.7755563e-06  -1.9291124e-05  0.00014135637  -3.8170240e-05  -1.4100524e-05  7.4837524e-06  -7.7068423e-07  0.00032561388  0.0000000   0.00019202372  7.1548351e-05  -0.00052709039  -0.00053571629  9.3002042e-05  -0.00053328286  -0.00023303470  3.5274846e-05  6.8075567e-05  0.00037909916  -5.6401779e-05  -3.2606415e-06  0.00012494947  0.00012361317  -0.00011396976  -4.3344826e-06  -5.0455579e-06  -1.5423813e-05  1.2910480e-05  1.4438972e-05  2.7222607e-06  -0.00018010994  3.7755563e-06  -1.9291124e-05  0.00014135637  -3.8170240e-05  -1.4100524e-05  7.4837524e-06  -7.7068423e-07  
-0.00025879396  -0.00019202372  0.0000000   0.0035363175  -0.0017374854  0.00026845883  0.0012024730  -0.00042551173  3.0685904e-05  0.00074256683  0.00021526138  -5.9626104e-05  -3.0780082e-05  -0.00013084493  4.6365645e-05  6.6271283e-05  -1.9806684e-06  0.00010060322  -0.00019075973  -2.2287865e-05  0.00012252863  -1.2439587e-05  -0.00021628562  4.3074448e-06  5.6163585e-05  1.3727059e-05  -1.6591140e-05  -3.7948950e-05  5.0830932e-05  3.3773116e-05  1.3311716e-05  -0.00025879396  -0.00019202372  0.0000000   0.0035363175  -0.0017374854  0.00026845883  0.0012024730  -0.00042551173  3.0685904e-05  0.00074256683  0.00021526138  -5.9626104e-05  -3.0780082e-05  -0.00013084493  4.6365645e-05  6.6271283e-05  -1.9806684e-06  0.00010060322  -0.00019075973  -2.2287865e-05  0.00012252863  -1.2439587e-05  -0.00021628562  4.3074448e-06  5.6163585e-05  1.3727059e-05  -1.6591140e-05  -3.7948950e-05  5.0830932e-05  3.3773116e-05  1.3311716e-05  
0.00020816071  -7.1548351e-05  -0.0035363175  0.0000000   -0.00065126084  -0.00050457463  -0.0021202560  -7.0136400e-05  -9.2674059e-05  -0.00051799101  -0.00011543981  7.2354091e-05  -3.8786767e-05  5.8935440e-05  -4.6584547e-05  7.5348450e-05  1.9835661e-05  0.00012817985  6.9177611e-05  0.00036476629  9.0417359e-05  9.7126035e-06  -0.00017733440  1.9101333e-05  0.00021945289  -3.1481540e-06  1.4865767e-05  -1.3509703e-05  4.2426447e-05  9.2853823e-05  -9.1930222e-05  0.00020816071  -7.1548351e-05  -0.0035363175  0.0000000   -0.00065126084  -0.00050457463  -0.0021202560  -7.0136400e-05  -9.2674059e-05  -0.00051799101  -0.00011543981  7.2354091e-05  -3.8786767e-05  5.8935440e-05  -4.6584547e-05  7.5348450e-05  1.9835661e-05  0.00012817985  6.9177611e-05  0.00036476629  9.0417359e-05  9.7126035e-06  -0.00017733440  1.9101333e-05  0.00021945289  -3.1481540e-06  1.4865767e-05  -1.3509703e-05  4.2426447e-05  9.2853823e-05  -9.1930222e-05  
-0.00044312894  0.00052709039  0.0017374854  0.00065126084  0.0000000   -0.010717819  -0.00031235591  0.00062513149  0.00059309084  -0.00036433047  1.8654726e-05  8.3954946e-05  0.00019662551  -0.00014218721  -0.00010329395  -2.3242915e-05  -0.00014361853  -8.6268275e-06  3.5260657e-05  1.5599431e-05  4.6804900e-05  -3.4077439e-06  1.2796228e-05  -0.00017712950  3.1021609e-06  5.7031833e-05  -2.3814225e-05  2.2048501e-05  6.0055508e-06  -4.1014386e-06  -2.0903292e-05  -0.00044312894  0.00052709039  0.0017374854  0.00065126084  0.0000000   -0.010717819  -0.00031235591  0.00062513149  0.00059309084  -0.00036433047  1.8654726e-05  8.3954946e-05  0.00019662551  -0.00014218721  -0.00010329395  -2.3242915e-05  -0.00014361853  -8.6268275e-06  3.5260657e-05  1.5599431e-05  4.6804900e-05  -3.4077439e-06  1.2796228e-05  -0.00017712950  3.1021609e-06  5.7031833e-05  -2.3814225e-05  2.2048501e-05  6.0055508e-06  -4.1014386e-06  -2.0903292e-05  
7.5646402e-05  0.00053571629  -0.00026845883  0.00050457463  0.010717819  0.0000000   -0.00022314151  0.0028383668  -0.00022338557  -0.00024096727  0.00012178147  -0.00072070405  7.6822687e-05  -1.7965543e-05  -0.00010927310  -0.00032780860  -7.8823660e-05  3.6273284e-05  2.4073484e-05  1.4214119e-05  -4.7014787e-05  1.3599026e-05  -4.8644971e-06  -1.5372142e-05  -2.7281793e-05  3.7452601e-05  0.00015038565  0.00014233347  3.0983101e-05  -2.4525529e-05  -5.7184844e-06  7.5646402e-05  0.00053571629  -0.00026845883  0.00050457463  0.010717819  0.0000000   -0.00022314151  0.0028383668  -0.00022338557  -0.00024096727  0.00012178147  -0.00072070405  7.6822687e-05  -1.7965543e-05  -0.00010927310  -0.00032780860  -7.8823660e-05  3.6273284e-05  2.4073484e-05  1.4214119e-05  -4.7014787e-05  1.3599026e-05  -4.8644971e-06  -1.5372142e-05  -2.7281793e-05  3.7452601e-05  0.00015038565  0.00014233347  3.0983101e-05  -2.4525529e-05  -5.7184844e-06  
2.3331378e-05  -9.3002042e-05  -0.0012024730  0.0021202560  0.00031235591  0.00022314151  0.0000000   0.00012026182  -0.00011087353  0.00014406384  0.00051113949  -0.00014766086  1.1093780e-05  8.5326912e-05  -1.8411605e-05  8.7611631e-06  -3.6668574e-05  -0.00039076283  -4.8935834e-05  -0.00023041932  0.00023693654  -8.7224412e-06  -0.00033091629  2.4820881e-06  -3.7170060e-05  1.2119862e-05  -1.1813285e-05  7.9265088e-06  -0.00013973659  8.0229655e-05  -2.7130173e-05  2.3331378e-05  -9.3002042e-05  -0.0012024730  0.0021202560  0.00031235591  0.00022314151  0.0000000   0.00012026182  -0.00011087353  0.00014406384  0.00051113949  -0.00014766086  1.1093780e-05  8.5326912e-05  -1.8411605e-05  8.7611631e-06  -3.6668574e-05  -0.00039076283  -4.8935834e-05  -0.00023041932  0.00023693654  -8.7224412e-06  -0.00033091629  2.4820881e-06  -3.7170060e-05  1.2119862e-05  -1.1813285e-05  7.9265088e-06  -0.00013973659  8.0229655e-05  -2.7130173e-05  
0.00033704283  0.00053328286  0.00042551173  7.0136400e-05  -0.00062513149  -0.0028383668  -0.00012026182  0.0000000   0.0011034473  -9.5941133e-05  -1.7004706e-05  -0.00071249427  -0.00013506160  5.4746108e-05  0.00033305924  0.00035519934  -0.00011694888  -3.4034620e-05  1.3294208e-05  1.8585298e-05  -2.5713866e-06  1.3732689e-05  7.9174894e-07  3.9231848e-05  -5.6670931e-06  6.8840194e-05  6.3998486e-05  -0.00012522073  -2.8061125e-05  2.7344456e-05  -1.1541993e-05  0.00033704283  0.00053328286  0.00042551173  7.0136400e-05  -0.00062513149  -0.0028383668  -0.00012026182  0.0000000   0.0011034473  -9.5941133e-05  -1.7004706e-05  -0.00071249427  -0.00013506160  5.4746108e-05  0.00033305924  0.00035519934  -0.00011694888  -3.4034620e-05  1.3294208e-05  1.8585298e-05  -2.5713866e-06  1.3732689e-05  7.9174894e-07  3.9231848e-05  -5.6670931e-06  6.8840194e-05  6.3998486e-05  -0.00012522073  -2.8061125e-05  2.7344456e-05  -1.1541993e-05  
0.00026360448  0.00023303470  -3.0685904e-05  9.2674059e-05  -0.00059309084  0.00022338557  0.00011087353  -0.0011034473  0.0000000   7.9302211e-05  0.00013220457  0.0013486620  -0.0010384335  0.00012213267  0.00029732783  -0.00017796279  -0.00026002291  -1.5554076e-06  1.1794505e-05  -3.4278388e-05  -1.8104562e-05  6.3625563e-05  -2.3915537e-05  -2.1487139e-05  1.0084620e-05  0.00012801174  0.00031388154  9.1094100e-05  5.5871313e-06  8.4863643e-06  3.9525168e-05  0.00026360448  0.00023303470  -3.0685904e-05  9.2674059e-05  -0.00059309084  0.00022338557  0.00011087353  -0.0011034473  0.0000000   7.9302211e-05  0.00013220457  0.0013486620  -0.0010384335  0.00012213267  0.00029732783  -0.00017796279  -0.00026002291  -1.5554076e-06  1.1794505e-05  -3.4278388e-05  -1.8104562e-05  6.3625563e-05  -2.3915537e-05  -2.1487139e-05  1.0084620e-05  0.00012801174  0.00031388154  9.1094100e-05  5.5871313e-06  8.4863643e-06  3.9525168e-05  
5.6015884e-05  -3.5274846e-05  -0.00074256683  0.00051799101  0.00036433047  0.00024096727  -0.00014406384  9.5941133e-05  -7.9302211e-05  0.0000000   0.0016439487  -0.00014341265  -2.6879190e-05  -0.00021927917  -3.8210927e-05  6.9067603e-05  -3.3374234e-05  -9.6257752e-05  -2.3524862e-05  -0.00024299684  0.00025505435  -1.0712032e-05  -0.00021971322  -6.1465823e-06  -4.7393481e-05  1.6895759e-05  1.9897834e-05  1.6558291e-05  -0.00025656938  0.00015581115  -6.6521666e-05  5.6015884e-05  -3.5274846e-05  -0.00074256683  0.00051799101  0.00036433047  0.00024096727  -0.00014406384  9.5941133e-05  -7.9302211e-05  0.0000000   0.0016439487  -0.00014341265  -2.6879190e-05  -0.00021927917  -3.8210927e-05  6.9067603e-05  -3.3374234e-05  -9.6257752e-05  -2.3524862e-05  -0.00024299684  0.00025505435  -1.0712032e-05  -0.00021971322  -6.1465823e-06  -4.7393481e-05  1.6895759e-05  1.9897834e-05  1.6558291e-05  -0.00025656938  0.00015581115  -6.6521666e-05  
0.00022308469  -6.8075567e-05  -0.00021526138  0.00011543981  -1.8654726e-05  -0.00012178147  -0.00051113949  1.7004706e-05  -0.00013220457  -0.0016439487  0.0000000   3.9329531e-05  5.5494367e-05  0.0011114935  -0.00011905297  6.9996539e-05  0.00022268916  -0.00010639949  -1.3272725e-05  -0.00016696271  -0.00019265673  5.1379807e-06  2.1878380e-05  -1.9521122e-05  0.00026908770  -3.5924926e-05  4.4039295e-06  -2.7407077e-05  -0.00016943625  0.00021818950  0.00011301559  0.00022308469  -6.8075567e-05  -0.00021526138  0.00011543981  -1.8654726e-05  -0.00012178147  -0.00051113949  1.7004706e-05  -0.00013220457  -0.0016439487  0.0000000   3.9329531e-05  5.5494367e-05  0.0011114935  -0.00011905297  6.9996539e-05  0.00022268916  -0.00010639949  -1.3272725e-05  -0.00016696271  -0.00019265673  5.1379807e-06  2.1878380e-05  -1.9521122e-05  0.00026908770  -3.5924926e-05  4.4039295e-06  -2.7407077e-05  -0.00016943625  0.00021818950  0.00011301559  
