0.0000000   0.0023835661  0.00032831265  -0.00027887120  0.00032629928  0.00033998160  -2.0416859e-05  -1.2604024e-05  2.6589936e-05  0.00013877730  -1.1898617e-05  0.00010741532  -5.2016772e-06  2.2987568e-05  -0.00016022446  -5.4973903e-06  3.7803866e-06  -0.00020649411  1.1209006e-05  2.0545821e-06  8.7312485e-07  2.0961033e-05  -4.2165439e-06  3.0508287e-06  2.7836110e-07  -4.0791863e-07  1.0494332e-06  2.0596360e-06  3.9397335e-05  7.7722418e-06  -2.6267853e-06  0.0000000   0.0023835661  0.00032831265  -0.00027887120  0.00032629928  0.00033998160  -2.0416859e-05  -1.2604024e-05  2.6589936e-05  0.00013877730  -1.1898617e-05  0.00010741532  -5.2016772e-06  2.2987568e-05  -0.00016022446  -5.4973903e-06  3.7803866e-06  -0.00020649411  1.1209006e-05  2.0545821e-06  8.7312485e-07  2.0961033e-05  -4.2165439e-06  3.0508287e-06  2.7836110e-07  -4.0791863e-07  1.0494332e-06  2.0596360e-06  3.9397335e-05  7.7722418e-06  -2.6267853e-06  
-0.0023835661  0.0000000   0.00069682586  -0.00060246448  0.00089047847  -0.0010580076  -3.8824618e-06  4.1529836e-05  -0.00024389197  -0.00059138450  -3.2572498e-05  0.00014521221  -9.7181929e-06  -1.1526248e-05  0.00010224589  -1.3231003e-06  1.6554668e-05  5.2701262e-05  5.7870684e-06  -5.4109339e-06  1.5130010e-05  -5.0247003e-05  -9.7517662e-05  1.3308277e-05  3.4839676e-05  -5.6760613e-06  1.1961458e-05  2.2657356e-06  1.1174355e-05  3.9679915e-05  9.4482243e-06  -0.0023835661  0.0000000   0.00069682586  -0.00060246448  0.00089047847  -0.0010580076  -3.8824618e-06  4.1529836e-05  -0.00024389197  -0.00059138450  -3.2572498e-05  0.00014521221  -9.7181929e-06  -1.1526248e-05  0.00010224589  -1.3231003e-06  1.6554668e-05  5.2701262e-05  5.7870684e-06  -5.4109339e-06  1.5130010e-05  -5.0247003e-05  -9.7517662e-05  1.3308277e-05  3.4839676e-05  -5.6760613e-06  1.1961458e-05  2.2657356e-06  1.1174355e-05  3.9679915e-05  9.4482243e-06  
-0.00032831265  -0.00069682586  0.0000000   0.00058433089  -0.0079967538  0.00020747892  -0.00012213647  -0.00041099615  -0.00015947465  3.0599193e-06  4.2987460e-05  0.00041570996  8.6206134e-05  -2.2011575e-05  -8.2224122e-05  -8.9046377e-05  -1.4719917e-05  -0.00016276361  -3.5071405e-06  4.2930860e-06  5.2275202e-06  5.8028215e-05  -6.4164315e-05  1.1727370e-05  0.00018834772  2.3323939e-05  -2.4729797e-05  1.3288470e-05  -3.2046521e-05  4.4663958e-05  2.3109064e-05  -0.00032831265  -0.00069682586  0.0000000   0.00058433089  -0.0079967538  0.00020747892  -0.00012213647  -0.00041099615  -0.00015947465  3.0599193e-06  4.2987460e-05  0.00041570996  8.6206134e-05  -2.2011575e-05  -8.2224122e-05  -8.9046377e-05  -1.4719917e-05  -0.00016276361  -3.5071405e-06  4.2930860e-06  5.2275202e-06  5.8028215e-05  -6.4164315e-05  1.1727370e-05  0.00018834772  2.3323939e-05  -2.4729797e-05  1.3288470e-05  -3.2046521e-05  4.4663958e-05  2.3109064e-05  
0.00027887120  0.00060246448  -0.00058433089  0.0000000   0.0045374959  0.0011315575  7.1443059e-05  0.00018592526  0.00058594166  0.00041199916  2.6361176e-05  0.00020251007  1.9742244e-05  3.3107488e-05  8.8039957e-05  8.6926112e-05  4.2689275e-05  3.0699037e-05  8.1408149e-06  -1.1083875e-05  -2.4990794e-06  0.00012124891  0.00020447476  -1.0797622e-06  -1.9009611e-06  -2.9513850e-06  1.1794783e-05  -1.4642443e-05  2.8664436e-05  3.5595903e-06  -1.0961862e-05  0.00027887120  0.00060246448  -0.00058433089  0.0000000   0.0045374959  0.0011315575  7.1443059e-05  0.00018592526  0.00058594166  0.00041199916  2.6361176e-05  0.00020251007  1.9742244e-05  3.3107488e-05  8.8039957e-05  8.6926112e-05  4.2689275e-05  3.0699037e-05  8.1408149e-06  -1.1083875e-05  -2.4990794e-06  0.00012124891  0.00020447476  -1.0797622e-06  -1.9009611e-06  -2.9513850e-06  1.1794783e-05  -1.4642443e-05  2.8664436e-05  3.5595903e-06  -1.0961862e-05  
-0.00032629928  -0.00089047847  0.0079967538  -0.0045374959  0.0000000   0.0049840470  2.8330408e-05  -0.00028063430  0.00058310104  0.00053745936  9.9542638e-05  -6.9536099e-05  -1.8631545e-05  -6.5350095e-05  6.3909449e-05  2.4339001e-05  -2.1379601e-05  0.00010836460  -7.3400786e-06  -4.5847864e-05  3.0629949e-05  -9.8683837e-05  1.1807677e-05  3.2037851e-05  -6.5015248e-05  3.4001069e-05  -7.5409910e-07  -1.6247171e-05  5.9294974e-05  5.7314226e-05  4.1960001e-06  -0.00032629928  -0.00089047847  0.0079967538  -0.0045374959  0.0000000   0.0049840470  2.8330408e-05  -0.00028063430  0.00058310104  0.00053745936  9.9542638e-05  -6.9536099e-05  -1.8631545e-05  -6.5350095e-05  6.3909449e-05  2.4339001e-05  -2.1379601e-05  0.00010836460  -7.3400786e-06  -4.5847864e-05  3.0629949e-05  -9.8683837e-05  1.1807677e-05  3.2037851e-05  -6.5015248e-05  3.4001069e-05  -7.5409910e-07  -1.6247171e-05  5.9294974e-05  5.7314226e-05  4.1960001e-06  
-0.00033998160  0.0010580076  -0.00020747892  -0.0011315575  -0.0049840470  0.0000000   2.8420929e-06  -0.00030086073  -0.00042663015  -0.00037942856  -4.0756122e-05  -0.00025863014  -4.7216652e-05  1.2201510e-05  -0.00013052838  -6.2384035e-05  -3.2625138e-05  -3.9984488e-06  2.0221188e-06  7.7091698e-06  8.5056687e-07  2.4295152e-05  4.0721189e-05  -1.4118106e-05  -0.00015875956  7.7699591e-06  -1.1625051e-05  1.6176355e-05  -4.7987354e-05  -0.00018336037  -2.8098863e-05  -0.00033998160  0.0010580076  -0.00020747892  -0.0011315575  -0.0049840470  0.0000000   2.8420929e-06  -0.00030086073  -0.00042663015  -0.00037942856  -4.0756122e-05  -0.00025863014  -4.7216652e-05  1.2201510e-05  -0.00013052838  -6.2384035e-05  -3.2625138e-05  -3.9984488e-06  2.0221188e-06  7.7091698e-06  8.5056687e-07  2.4295152e-05  4.0721189e-05  -1.4118106e-05  -0.00015875956  7.7699591e-06  -1.1625051e-05  1.6176355e-05  -4.7987354e-05  -0.00018336037  -2.8098863e-05  
2.0416859e-05  3.8824618e-06  0.00012213647  -7.1443059e-05  -2.8330408e-05  -2.8420929e-06  0.0000000   -0.0012887763  6.3347544e-05  -1.2881074e-05  -0.00024746773  -5.2317006e-06  0.00022714457  0.00018730028  -2.0984568e-06  0.00026569447  0.00028956526  5.9760626e-06  -0.00020002884  -0.00011455575  0.00035620367  -8.1711483e-06  1.0739289e-05  7.9225408e-05  -4.5342297e-06  -2.2982337e-06  2.8741843e-05  2.0642367e-05  7.5721089e-06  1.7605756e-05  -7.0954803e-05  2.0416859e-05  3.8824618e-06  0.00012213647  -7.1443059e-05  -2.8330408e-05  -2.8420929e-06  0.0000000   -0.0012887763  6.3347544e-05  -1.2881074e-05  -0.00024746773  -5.2317006e-06  0.00022714457  0.00018730028  -2.0984568e-06  0.00026569447  0.00028956526  5.9760626e-06  -0.00020002884  -0.00011455575  0.00035620367  -8.1711483e-06  1.0739289e-05  7.9225408e-05  -4.5342297e-06  -2.2982337e-06  2.8741843e-05  2.0642367e-05  7.5721089e-06  1.7605756e-05  -7.0954803e-05  
1.2604024e-05  -4.1529836e-05  0.00041099615  -0.00018592526  0.00028063430  0.00030086073  0.0012887763  0.0000000   3.8938756e-05  2.6768518e-05  -0.0012253363  9.0565000e-05  -0.00071412023  -0.00013791807  4.7581856e-05  -0.00072740993  -0.00035630556  7.9551653e-06  0.00024412387  0.00019447069  8.9833638e-06  2.7579985e-06  1.1947861e-05  -0.00036156325  1.2026481e-05  -7.5528849e-06  -0.00022391337  0.00019272545  2.4506768e-05  -1.5613404e-05  4.2073309e-05  1.2604024e-05  -4.1529836e-05  0.00041099615  -0.00018592526  0.00028063430  0.00030086073  0.0012887763  0.0000000   3.8938756e-05  2.6768518e-05  -0.0012253363  9.0565000e-05  -0.00071412023  -0.00013791807  4.7581856e-05  -0.00072740993  -0.00035630556  7.9551653e-06  0.00024412387  0.00019447069  8.9833638e-06  2.7579985e-06  1.1947861e-05  -0.00036156325  1.2026481e-05  -7.5528849e-06  -0.00022391337  0.00019272545  2.4506768e-05  -1.5613404e-05  4.2073309e-05  
-2.6589936e-05  0.00024389197  0.00015947465  -0.00058594166  -0.00058310104  0.00042663015  -6.3347544e-05  -3.8938756e-05  0.0000000   -0.0010061081  7.7602815e-05  0.00044323520  7.0889559e-05  -1.3728605e-05  4.6222527e-05  -4.7882608e-06  1.6712539e-05  -0.00010026317  -1.1272836e-05  -3.6159828e-05  -2.3920332e-05  0.00013245584  0.00014553885  1.7931631e-05  2.6986297e-05  2.6960648e-06  6.6418397e-06  -1.1876699e-05  -4.2953059e-05  -2.7436495e-06  7.6529088e-06  -2.6589936e-05  0.00024389197  0.00015947465  -0.00058594166  -0.00058310104  0.00042663015  -6.3347544e-05  -3.8938756e-05  0.0000000   -0.0010061081  7.7602815e-05  0.00044323520  7.0889559e-05  -1.3728605e-05  4.6222527e-05  -4.7882608e-06  1.6712539e-05  -0.00010026317  -1.1272836e-05  -3.6159828e-05  -2.3920332e-05  0.00013245584  0.00014553885  1.7931631e-05  2.6986297e-05  2.6960648e-06  6.6418397e-06  -1.1876699e-05  -4.2953059e-05  -2.7436495e-06  7.6529088e-06  
-0.00013877730  0.00059138450  -3.0599193e-06  -0.00041199916  -0.00053745936  0.00037942856  1.2881074e-05  -2.6768518e-05  0.0010061081  0.0000000   -7.6639618e-06  -0.00055847889  -6.1202251e-05  1.7753318e-05  -7.0959071e-05  2.7654669e-05  -7.3487845e-06  0.00022141374  -1.8871991e-05  -7.0360894e-06  -1.2558393e-05  0.00011052603  -1.1075838e-05  -8.5050144e-06  -0.00017784835  1.0119383e-06  1.2603547e-05  8.3323357e-06  -8.3421191e-05  -9.4636839e-05  -2.3625667e-05  -0.00013877730  0.00059138450  -3.0599193e-06  -0.00041199916  -0.00053745936  0.00037942856  1.2881074e-05  -2.6768518e-05  0.0010061081  0.0000000   -7.6639618e-06  -0.00055847889  -6.1202251e-05  1.7753318e-05  -7.0959071e-05  2.7654669e-05  -7.3487845e-06  0.00022141374  -1.8871991e-05  -7.0360894e-06  -1.2558393e-05  0.00011052603  -1.1075838e-05  -8.5050144e-06  -0.00017784835  1.0119383e-06  1.2603547e-05  8.3323357e-06  -8.3421191e-05  -9.4636839e-05  -2.3625667e-05  
1.1898617e-05  3.2572498e-05  -4.2987460e-05  -2.6361176e-05  -9.9542638e-05  4.0756122e-05  0.00024746773  0.0012253363  -7.7602815e-05  7.6639618e-06  0.0000000   -7.3588375e-05  0.00019175620  -0.0010439880  9.0614154e-06  -0.00016031826  0.00026615194  -2.5199601e-05  0.00012003177  0.00016603560  0.00053744512  2.4987149e-05  1.6661373e-05  0.00030117685  -3.3887889e-05  0.00019503441  -0.00013663686  -9.6963002e-05  1.2124483e-05  -2.7639064e-05  4.5994732e-05  1.1898617e-05  3.2572498e-05  -4.2987460e-05  -2.6361176e-05  -9.9542638e-05  4.0756122e-05  0.00024746773  0.0012253363  -7.7602815e-05  7.6639618e-06  0.0000000   -7.3588375e-05  0.00019175620  -0.0010439880  9.0614154e-06  -0.00016031826  0.00026615194  -2.5199601e-05  0.00012003177  0.00016603560  0.00053744512  2.4987149e-05  1.6661373e-05  0.00030117685  -3.3887889e-05  0.00019503441  -0.00013663686  -9.6963002e-05  1.2124483e-05  -2.7639064e-05  4.5994732e-05  
-0.00010741532  -0.00014521221  -0.00041570996  -0.00020251007  6.9536099e-05  0.00025863014  5.2317006e-06  -9.0565000e-05  -0.00044323520  0.00055847889  7.3588375e-05  0.0000000   0.00010771095  0.00013919954  0.00064129162  8.0739384e-05  5.3295691e-05  -0.0011275725  2.2018934e-05  6.0339568e-05  -6.7010569e-05  0.00016650287  0.00020597136  -1.5152424e-05  -3.0573577e-05  2.3454004e-05  -3.5630601e-07  -2.7341172e-05  -0.00012300468  -2.9502438e-05  -2.2928144e-05  -0.00010741532  -0.00014521221  -0.00041570996  -0.00020251007  6.9536099e-05  0.00025863014  5.2317006e-06  -9.0565000e-05  -0.00044323520  0.00055847889  7.3588375e-05  0.0000000   0.00010771095  0.00013919954  0.00064129162  8.0739384e-05  5.3295691e-05  -0.0011275725  2.2018934e-05  6.0339568e-05  -6.7010569e-05  0.00016650287  0.00020597136  -1.5152424e-05  -3.0573577e-05  2.3454004e-05  -3.5630601e-07  -2.7341172e-05  -0.00012300468  -2.9502438e-05  -2.2928144e-05  
5.2016772e-06  9.7181929e-06  -8.6206134e-05  -1.9742244e-05  1.8631545e-05  4.7216652e-05  -0.00022714457  0.00071412023  -7.0889559e-05  6.1202251e-05  -0.00019175620  -0.00010771095  0.0000000   -0.0011453908  0.00011195267  -0.0019782990  -0.00062076929  1.2776273e-05  0.00052305306  0.00034843387  0.00018646199  5.1828333e-05  2.8827422e-05  6.6907312e-05  4.7238042e-06  6.7443987e-05  -0.00010945379  0.00015523234  -7.8813134e-06  -2.7028423e-05  0.00010740506  5.2016772e-06  9.7181929e-06  -8.6206134e-05  -1.9742244e-05  1.8631545e-05  4.7216652e-05  -0.00022714457  0.00071412023  -7.0889559e-05  6.1202251e-05  -0.00019175620  -0.00010771095  0.0000000   -0.0011453908  0.00011195267  -0.0019782990  -0.00062076929  1.2776273e-05  0.00052305306  0.00034843387  0.00018646199  5.1828333e-05  2.8827422e-05  6.6907312e-05  4.7238042e-06  6.7443987e-05  -0.00010945379  0.00015523234  -7.8813134e-06  -2.7028423e-05  0.00010740506  
-2.2987568e-05  1.1526248e-05  2.2011575e-05  -3.3107488e-05  6.5350095e-05  -1.2201510e-05  -0.00018730028  0.00013791807  1.3728605e-05  -1.7753318e-05  0.0010439880  -0.00013919954  0.0011453908  0.0000000   5.5755274e-05  -0.0016968764  0.00038021379  0.00015757818  0.00063797930  0.00086896070  0.00027262057  3.7348877e-05  8.6891310e-06  6.9018369e-05  -1.8476981e-06  0.00031672406  -0.00018604016  -0.00035042350  -2.8277151e-05  2.2374123e-05  -5.7359049e-05  -2.2987568e-05  1.1526248e-05  2.2011575e-05  -3.3107488e-05  6.5350095e-05  -1.2201510e-05  -0.00018730028  0.00013791807  1.3728605e-05  -1.7753318e-05  0.0010439880  -0.00013919954  0.0011453908  0.0000000   5.5755274e-05  -0.0016968764  0.00038021379  0.00015757818  0.00063797930  0.00086896070  0.00027262057  3.7348877e-05  8.6891310e-06  6.9018369e-05  -1.8476981e-06  0.00031672406  -0.00018604016  -0.00035042350  -2.8277151e-05  2.2374123e-05  -5.7359049e-05  
0.00016022446  -0.00010224589  8.2224122e-05  -8.8039957e-05  -6.3909449e-05  0.00013052838  2.0984568e-06  -4.7581856e-05  -4.6222527e-05  7.0959071e-05  -9.0614154e-06  -0.00064129162  -0.00011195267  -5.5755274e-05  0.0000000   -2.9572019e-05  9.7321915e-06  -5.9928170e-05  5.1730550e-05  1.8651058e-05  1.7492200e-06  -0.00036350319  6.2982114e-05  -6.9810523e-06  -0.00015808465  -8.4299801e-06  -1.1903013e-05  1.7533073e-05  0.00043202555  -0.00023263782  -5.7011702e-05  0.00016022446  -0.00010224589  8.2224122e-05  -8.8039957e-05  -6.3909449e-05  0.00013052838  2.0984568e-06  -4.7581856e-05  -4.6222527e-05  7.0959071e-05  -9.0614154e-06  -0.00064129162  -0.00011195267  -5.5755274e-05  0.0000000   -2.9572019e-05  9.7321915e-06  -5.9928170e-05  5.1730550e-05  1.8651058e-05  1.7492200e-06  -0.00036350319  6.2982114e-05  -6.9810523e-06  -0.00015808465  -8.4299801e-06  -1.1903013e-05  1.7533073e-05  0.00043202555  -0.00023263782  -5.7011702e-05  
5.4973903e-06  1.3231003e-06  8.9046377e-05  -8.6926112e-05  -2.4339001e-05  6.2384035e-05  -0.00026569447  0.00072740993  4.7882608e-06  -2.7654669e-05  0.00016031826  -8.0739384e-05  0.0019782990  0.0016968764  2.9572019e-05  0.0000000   0.0010101695  0.00012648327  0.00050011549  0.00038483777  0.00028066266  -4.3370263e-05  -3.8450259e-05  -3.0098384e-05  -1.3232346e-05  0.00023912708  -5.8947627e-05  4.4410515e-05  4.0107990e-05  1.4317991e-06  -7.1869697e-05  5.4973903e-06  1.3231003e-06  8.9046377e-05  -8.6926112e-05  -2.4339001e-05  6.2384035e-05  -0.00026569447  0.00072740993  4.7882608e-06  -2.7654669e-05  0.00016031826  -8.0739384e-05  0.0019782990  0.0016968764  2.9572019e-05  0.0000000   0.0010101695  0.00012648327  0.00050011549  0.00038483777  0.00028066266  -4.3370263e-05  -3.8450259e-05  -3.0098384e-05  -1.3232346e-05  0.00023912708  -5.8947627e-05  4.4410515e-05  4.0107990e-05  1.4317991e-06  -7.1869697e-05  
-3.7803866e-06  -1.6554668e-05  1.4719917e-05  -4.2689275e-05  2.1379601e-05  3.2625138e-05  -0.00028956526  0.00035630556  -1.6712539e-05  7.3487845e-06  -0.00026615194  -5.3295691e-05  0.00062076929  -0.00038021379  -9.7321915e-06  -0.0010101695  0.0000000   0.00013375716  0.0028070292  0.00036117346  -0.00015555132  4.5821068e-06  -2.8111187e-05  -0.00013474578  -2.1256998e-05  0.00010707172  -0.00056288038  0.00011098348  -2.6187825e-05  1.5497523e-05  1.0073713e-05  -3.7803866e-06  -1.6554668e-05  1.4719917e-05  -4.2689275e-05  2.1379601e-05  3.2625138e-05  -0.00028956526  0.00035630556  -1.6712539e-05  7.3487845e-06  -0.00026615194  -5.3295691e-05  0.00062076929  -0.00038021379  -9.7321915e-06  -0.0010101695  0.0000000   0.00013375716  0.0028070292  0.00036117346  -0.00015555132  4.5821068e-06  -2.8111187e-05  -0.00013474578  -2.1256998e-05  0.00010707172  -0.00056288038  0.00011098348  -2.6187825e-05  1.5497523e-05  1.0073713e-05  
0.00020649411  -5.2701262e-05  0.00016276361  -3.0699037e-05  -0.00010836460  3.9984488e-06  -5.9760626e-06  -7.9551653e-06  0.00010026317  -0.00022141374  2.5199601e-05  0.0011275725  -1.2776273e-05  -0.00015757818  5.9928170e-05  -0.00012648327  -0.00013375716  0.0000000   -5.1907290e-05  6.2101946e-05  -4.6440968e-05  -0.00068543903  -0.00040290894  2.8054423e-05  -9.2272744e-05  -9.1517575e-06  -4.6287744e-06  -1.9720377e-05  0.00013089444  -7.3245220e-05  -2.5198982e-05  0.00020649411  -5.2701262e-05  0.00016276361  -3.0699037e-05  -0.00010836460  3.9984488e-06  -5.9760626e-06  -7.9551653e-06  0.00010026317  -0.00022141374  2.5199601e-05  0.0011275725  -1.2776273e-05  -0.00015757818  5.9928170e-05  -0.00012648327  -0.00013375716  0.0000000   -5.1907290e-05  6.2101946e-05  -4.6440968e-05  -0.00068543903  -0.00040290894  2.8054423e-05  -9.2272744e-05  -9.1517575e-06  -4.6287744e-06  -1.9720377e-05  0.00013089444  -7.3245220e-05  -2.5198982e-05  
-1.1209006e-05  -5.7870684e-06  3.5071405e-06  -8.1408149e-06  7.3400786e-06  -2.0221188e-06  0.00020002884  -0.00024412387  1.1272836e-05  1.8871991e-05  -0.00012003177  -2.2018934e-05  -0.00052305306  -0.00063797930  -5.1730550e-05  -0.00050011549  -0.0028070292  5.1907290e-05  0.0000000   0.0014725104  0.00026330999  4.0786759e-05  3.6170595e-05  -0.00028645005  2.6871203e-05  0.00013083379  5.2764774e-05  -0.00014024413  6.9491510e-06  -8.6907382e-06  2.5350446e-06  -1.1209006e-05  -5.7870684e-06  3.5071405e-06  -8.1408149e-06  7.3400786e-06  -2.0221188e-06  0.00020002884  -0.00024412387  1.1272836e-05  1.8871991e-05  -0.00012003177  -2.2018934e-05  -0.00052305306  -0.00063797930  -5.1730550e-05  -0.00050011549  -0.0028070292  5.1907290e-05  0.0000000   0.0014725104  0.00026330999  4.0786759e-05  3.6170595e-05  -0.00028645005  2.6871203e-05  0.00013083379  5.2764774e-05  -0.00014024413  6.9491510e-06  -8.6907382e-06  2.5350446e-06  
-2.0545821e-06  5.4109339e-06  -4.2930860e-06  1.1083875e-05  4.5847864e-05  -7.7091698e-06  0.00011455575  -0.00019447069  3.6159828e-05  7.0360894e-06  -0.00016603560  -6.0339568e-05  -0.00034843387  -0.00086896070  -1.8651058e-05  -0.00038483777  -0.00036117346  -6.2101946e-05  -0.0014725104  0.0000000   -0.0027714502  -7.1194863e-06  -3.7959581e-05  0.00034174114  -2.3901406e-05  -0.00020541600  0.00013833263  -0.00027131234  1.5309845e-05  9.4957381e-06  -1.9985440e-05  -2.0545821e-06  5.4109339e-06  -4.2930860e-06  1.1083875e-05  4.5847864e-05  -7.7091698e-06  0.00011455575  -0.00019447069  3.6159828e-05  7.0360894e-06  -0.00016603560  -6.0339568e-05  -0.00034843387  -0.00086896070  -1.8651058e-05  -0.00038483777  -0.00036117346  -6.2101946e-05  -0.0014725104  0.0000000   -0.0027714502  -7.1194863e-06  -3.7959581e-05  0.00034174114  -2.3901406e-05  -0.00020541600  0.00013833263  -0.00027131234  1.5309845e-05  9.4957381e-06  -1.9985440e-05  
-8.7312485e-07  -1.5130010e-05  -5.2275202e-06  2.4990794e-06  -3.0629949e-05  -8.5056687e-07  -0.00035620367  -8.9833638e-06  2.3920332e-05  1.2558393e-05  -0.00053744512  6.7010569e-05  -0.00018646199  -0.00027262057  -1.7492200e-06  -0.00028066266  0.00015555132  4.6440968e-05  -0.00026330999  0.0027714502  0.0000000   0.00010633368  2.3110561e-05  0.00046375561  7.5196327e-06  -0.00018496560  0.00044613454  0.00025563724  -2.1153579e-05  4.5031668e-05  -0.00012622836  -8.7312485e-07  -1.5130010e-05  -5.2275202e-06  2.4990794e-06  -3.0629949e-05  -8.5056687e-07  -0.00035620367  -8.9833638e-06  2.3920332e-05  1.2558393e-05  -0.00053744512  6.7010569e-05  -0.00018646199  -0.00027262057  -1.7492200e-06  -0.00028066266  0.00015555132  4.6440968e-05  -0.00026330999  0.0027714502  0.0000000   0.00010633368  2.3110561e-05  0.00046375561  7.5196327e-06  -0.00018496560  0.00044613454  0.00025563724  -2.1153579e-05  4.5031668e-05  -0.00012622836  
-2.0961033e-05  5.0247003e-05  -5.8028215e-05  -0.00012124891  9.8683837e-05  -2.4295152e-05  8.1711483e-06  -2.7579985e-06  -0.00013245584  -0.00011052603  -2.4987149e-05  -0.00016650287  -5.1828333e-05  -3.7348877e-05  0.00036350319  4.3370263e-05  -4.5821068e-06  0.00068543903  -4.0786759e-05  7.1194863e-06  -0.00010633368  0.0000000   -0.00015855540  1.6157645e-05  0.00022084458  -1.6524739e-05  -1.6420414e-05  3.2407473e-06  0.00043485932  -0.00025477293  -7.3558150e-05  -2.0961033e-05  5.0247003e-05  -5.8028215e-05  -0.00012124891  9.8683837e-05  -2.4295152e-05  8.1711483e-06  -2.7579985e-06  -0.00013245584  -0.00011052603  -2.4987149e-05  -0.00016650287  -5.1828333e-05  -3.7348877e-05  0.00036350319  4.3370263e-05  -4.5821068e-06  0.00068543903  -4.0786759e-05  7.1194863e-06  -0.00010633368  0.0000000   -0.00015855540  1.6157645e-05  0.00022084458  -1.6524739e-05  -1.6420414e-05  3.2407473e-06  0.00043485932  -0.00025477293  -7.3558150e-05  
4.2165439e-06  9.7517662e-05  6.4164315e-05  -0.00020447476  -1.1807677e-05  -4.0721189e-05  -1.0739289e-05  -1.1947861e-05  -0.00014553885  1.1075838e-05  -1.6661373e-05  -0.00020597136  -2.8827422e-05  -8.6891310e-06  -6.2982114e-05  3.8450259e-05  2.8111187e-05  0.00040290894  -3.6170595e-05  3.7959581e-05  -2.3110561e-05  0.00015855540  0.0000000   6.4016465e-05  0.00072259199  -2.4611736e-05  -2.8036046e-05  1.0810794e-05  1.3683802e-05  0.00013671855  -1.5286639e-05  4.2165439e-06  9.7517662e-05  6.4164315e-05  -0.00020447476  -1.1807677e-05  -4.0721189e-05  -1.0739289e-05  -1.1947861e-05  -0.00014553885  1.1075838e-05  -1.6661373e-05  -0.00020597136  -2.8827422e-05  -8.6891310e-06  -6.2982114e-05  3.8450259e-05  2.8111187e-05  0.00040290894  -3.6170595e-05  3.7959581e-05  -2.3110561e-05  0.00015855540  0.0000000   6.4016465e-05  0.00072259199  -2.4611736e-05  -2.8036046e-05  1.0810794e-05  1.3683802e-05  0.00013671855  -1.5286639e-05  
-3.0508287e-06  -1.3308277e-05  -1.1727370e-05  1.0797622e-06  -3.2037851e-05  1.4118106e-05  -7.9225408e-05  0.00036156325  -1.7931631e-05  8.5050144e-06  -0.00030117685  1.5152424e-05  -6.6907312e-05  -6.9018369e-05  6.9810523e-06  3.0098384e-05  0.00013474578  -2.8054423e-05  0.00028645005  -0.00034174114  -0.00046375561  -1.6157645e-05  -6.4016465e-05  0.0000000   -3.2367304e-05  -0.00063956277  -0.00022362892  0.00030213693  -6.4470756e-05  4.8566104e-05  -4.6764846e-05  -3.0508287e-06  -1.3308277e-05  -1.1727370e-05  1.0797622e-06  -3.2037851e-05  1.4118106e-05  -7.9225408e-05  0.00036156325  -1.7931631e-05  8.5050144e-06  -0.00030117685  1.5152424e-05  -6.6907312e-05  -6.9018369e-05  6.9810523e-06  3.0098384e-05  0.00013474578  -2.8054423e-05  0.00028645005  -0.00034174114  -0.00046375561  -1.6157645e-05  -6.4016465e-05  0.0000000   -3.2367304e-05  -0.00063956277  -0.00022362892  0.00030213693  -6.4470756e-05  4.8566104e-05  -4.6764846e-05  
-2.7836110e-07  -3.4839676e-05  -0.00018834772  1.9009611e-06  6.5015248e-05  0.00015875956  4.5342297e-06  -1.2026481e-05  -2.6986297e-05  0.00017784835  3.3887889e-05  3.0573577e-05  -4.7238042e-06  1.8476981e-06  0.00015808465  1.3232346e-05  2.1256998e-05  9.2272744e-05  -2.6871203e-05  2.3901406e-05  -7.5196327e-06  -0.00022084458  -0.00072259199  3.2367304e-05  0.0000000   9.2039296e-05  5.8928542e-06  4.2051000e-05  6.7360325e-05  -6.0186152e-05  2.8194427e-06  -2.7836110e-07  -3.4839676e-05  -0.00018834772  1.9009611e-06  6.5015248e-05  0.00015875956  4.5342297e-06  -1.2026481e-05  -2.6986297e-05  0.00017784835  3.3887889e-05  3.0573577e-05  -4.7238042e-06  1.8476981e-06  0.00015808465  1.3232346e-05  2.1256998e-05  9.2272744e-05  -2.6871203e-05  2.3901406e-05  -7.5196327e-06  -0.00022084458  -0.00072259199  3.2367304e-05  0.0000000   9.2039296e-05  5.8928542e-06  4.2051000e-05  6.7360325e-05  -6.0186152e-05  2.8194427e-06  
4.0791863e-07  5.6760613e-06  -2.3323939e-05  2.9513850e-06  -3.4001069e-05  -7.7699591e-06  2.2982337e-06  7.5528849e-06  -2.6960648e-06  -1.0119383e-06  -0.00019503441  -2.3454004e-05  -6.7443987e-05  -0.00031672406  8.4299801e-06  -0.00023912708  -0.00010707172  9.1517575e-06  -0.00013083379  0.00020541600  0.00018496560  1.6524739e-05  2.4611736e-05  0.00063956277  -9.2039296e-05  0.0000000   -0.00096269462  -0.00038312286  7.9721540e-06  3.7218090e-05  1.3499774e-05  4.0791863e-07  5.6760613e-06  -2.3323939e-05  2.9513850e-06  -3.4001069e-05  -7.7699591e-06  2.2982337e-06  7.5528849e-06  -2.6960648e-06  -1.0119383e-06  -0.00019503441  -2.3454004e-05  -6.7443987e-05  -0.00031672406  8.4299801e-06  -0.00023912708  -0.00010707172  9.1517575e-06  -0.00013083379  0.00020541600  0.00018496560  1.6524739e-05  2.4611736e-05  0.00063956277  -9.2039296e-05  0.0000000   -0.00096269462  -0.00038312286  7.9721540e-06  3.7218090e-05  1.3499774e-05  
-1.0494332e-06  -1.1961458e-05  2.4729797e-05  -1.1794783e-05  7.5409910e-07  1.1625051e-05  -2.8741843e-05  0.00022391337  -6.6418397e-06  -1.2603547e-05  0.00013663686  3.5630601e-07  0.00010945379  0.00018604016  1.1903013e-05  5.8947627e-05  0.00056288038  4.6287744e-06  -5.2764774e-05  -0.00013833263  -0.00044613454  1.6420414e-05  2.8036046e-05  0.00022362892  -5.8928542e-06  0.00096269462  0.0000000   0.0011570816  9.8087451e-05  3.8744287e-06  -9.0319974e-05  -1.0494332e-06  -1.1961458e-05  2.4729797e-05  -1.1794783e-05  7.5409910e-07  1.1625051e-05  -2.8741843e-05  0.00022391337  -6.6418397e-06  -1.2603547e-05  0.00013663686  3.5630601e-07  0.00010945379  0.00018604016  1.1903013e-05  5.8947627e-05  0.00056288038  4.6287744e-06  -5.2764774e-05  -0.00013833263  -0.00044613454  1.6420414e-05  2.8036046e-05  0.00022362892  -5.8928542e-06  0.00096269462  0.0000000   0.0011570816  9.8087451e-05  3.8744287e-06  -9.0319974e-05  
-2.0596360e-06  -2.2657356e-06  -1.3288470e-05  1.4642443e-05  1.6247171e-05  -1.6176355e-05  -2.0642367e-05  -0.00019272545  1.1876699e-05  -8.3323357e-06  9.6963002e-05  2.7341172e-05  -0.00015523234  0.00035042350  -1.7533073e-05  -4.4410515e-05  -0.00011098348  1.9720377e-05  0.00014024413  0.00027131234  -0.00025563724  -3.2407473e-06  -1.0810794e-05  -0.00030213693  -4.2051000e-05  0.00038312286  -0.0011570816  0.0000000   -5.8670722e-05  -2.7552492e-05  0.00037281723  -2.0596360e-06  -2.2657356e-06  -1.3288470e-05  1.4642443e-05  1.6247171e-05  -1.6176355e-05  -2.0642367e-05  -0.00019272545  1.1876699e-05  -8.3323357e-06  9.6963002e-05  2.7341172e-05  -0.00015523234  0.00035042350  -1.7533073e-05  -4.4410515e-05  -0.00011098348  1.9720377e-05  0.00014024413  0.00027131234  -0.00025563724  -3.2407473e-06  -1.0810794e-05  -0.00030213693  -4.2051000e-05  0.00038312286  -0.0011570816  0.0000000   -5.8670722e-05  -2.7552492e-05  0.00037281723  
-3.9397335e-05  -1.1174355e-05  3.2046521e-05  -2.8664436e-05  -5.9294974e-05  4.7987354e-05  -7.5721089e-06  -2.4506768e-05  4.2953059e-05  8.3421191e-05  -1.2124483e-05  0.00012300468  7.8813134e-06  2.8277151e-05  -0.00043202555  -4.0107990e-05  2.6187825e-05  -0.00013089444  -6.9491510e-06  -1.5309845e-05  2.1153579e-05  -0.00043485932  -1.3683802e-05  6.4470756e-05  -6.7360325e-05  -7.9721540e-06  -9.8087451e-05  5.8670722e-05  0.0000000   -0.0033107243  -0.00099385519  -3.9397335e-05  -1.1174355e-05  3.2046521e-05  -2.8664436e-05  -5.9294974e-05  4.7987354e-05  -7.5721089e-06  -2.4506768e-05  4.2953059e-05  8.3421191e-05  -1.2124483e-05  0.00012300468  7.8813134e-06  2.8277151e-05  -0.00043202555  -4.0107990e-05  2.6187825e-05  -0.00013089444  -6.9491510e-06  -1.5309845e-05  2.1153579e-05  -0.00043485932  -1.3683802e-05  6.4470756e-05  -6.7360325e-05  -7.9721540e-06  -9.8087451e-05  5.8670722e-05  0.0000000   -0.0033107243  -0.00099385519  
-7.7722418e-06  -3.9679915e-05  -4.4663958e-05  -3.5595903e-06  -5.7314226e-05  0.00018336037  -1.7605756e-05  1.5613404e-05  2.7436495e-06  9.4636839e-05  2.7639064e-05  2.9502438e-05  2.7028423e-05  -2.2374123e-05  0.00023263782  -1.4317991e-06  -1.5497523e-05  7.3245220e-05  8.6907382e-06  -9.4957381e-06  -4.5031668e-05  0.00025477293  -0.00013671855  -4.8566104e-05  6.0186152e-05  -3.7218090e-05  -3.8744287e-06  2.7552492e-05  0.0033107243  0.0000000   -3.9152940e-05  -7.7722418e-06  -3.9679915e-05  -4.4663958e-05  -3.5595903e-06  -5.7314226e-05  0.00018336037  -1.7605756e-05  1.5613404e-05  2.7436495e-06  9.4636839e-05  2.7639064e-05  2.9502438e-05  2.7028423e-05  -2.2374123e-05  0.00023263782  -1.4317991e-06  -1.5497523e-05  7.3245220e-05  8.6907382e-06  -9.4957381e-06  -4.5031668e-05  0.00025477293  -0.00013671855  -4.8566104e-05  6.0186152e-05  -3.7218090e-05  -3.8744287e-06  2.7552492e-05  0.0033107243  0.0000000   -3.9152940e-05  
2.6267853e-06  -9.4482243e-06  -2.3109064e-05  1.0961862e-05  -4.1960001e-06  2.8098863e-05  7.0954803e-05  -4.2073309e-05  -7.6529088e-06  2.3625667e-05  -4.5994732e-05  2.2928144e-05  -0.00010740506  5.7359049e-05  5.7011702e-05  7.1869697e-05  -1.0073713e-05  2.5198982e-05  -2.5350446e-06  1.9985440e-05  0.00012622836  7.3558150e-05  1.5286639e-05  4.6764846e-05  -2.8194427e-06  -1.3499774e-05  9.0319974e-05  -0.00037281723  0.00099385519  3.9152940e-05  0.0000000   2.6267853e-06  -9.4482243e-06  -2.3109064e-05  1.0961862e-05  -4.1960001e-06  2.8098863e-05  7.0954803e-05  -4.2073309e-05  -7.6529088e-06  2.3625667e-05  -4.5994732e-05  2.2928144e-05  -0.00010740506  5.7359049e-05  5.7011702e-05  7.1869697e-05  -1.0073713e-05  2.5198982e-05  -2.5350446e-06  1.9985440e-05  0.00012622836  7.3558150e-05  1.5286639e-05  4.6764846e-05  -2.8194427e-06  -1.3499774e-05  9.0319974e-05  -0.00037281723  0.00099385519  3.9152940e-05  0.0000000   
0.0000000   0.0023835661  0.00032831265  -0.00027887120  0.00032629928  0.00033998160  -2.0416859e-05  -1.2604024e-05  2.6589936e-05  0.00013877730  -1.1898617e-05  0.00010741532  -5.2016772e-06  2.2987568e-05  -0.00016022446  -5.4973903e-06  3.7803866e-06  -0.00020649411  1.1209006e-05  2.0545821e-06  8.7312485e-07  2.0961033e-05  -4.2165439e-06  3.0508287e-06  2.7836110e-07  -4.0791863e-07  1.0494332e-06  2.0596360e-06  3.9397335e-05  7.7722418e-06  -2.6267853e-06  0.0000000   0.0023835661  0.00032831265  -0.00027887120  0.00032629928  0.00033998160  -2.0416859e-05  -1.2604024e-05  2.6589936e-05  0.00013877730  -1.1898617e-05  0.00010741532  -5.2016772e-06  2.2987568e-05  -0.00016022446  -5.4973903e-06  3.7803866e-06  -0.00020649411  1.1209006e-05  2.0545821e-06  8.7312485e-07  2.0961033e-05  -4.2165439e-06  3.0508287e-06  2.7836110e-07  -4.0791863e-07  1.0494332e-06  2.0596360e-06  3.9397335e-05  7.7722418e-06  -2.6267853e-06  
-0.0023835661  0.0000000   0.00069682586  -0.00060246448  0.00089047847  -0.0010580076  -3.8824618e-06  4.1529836e-05  -0.00024389197  -0.00059138450  -3.2572498e-05  0.00014521221  -9.7181929e-06  -1.1526248e-05  0.00010224589  -1.3231003e-06  1.6554668e-05  5.2701262e-05  5.7870684e-06  -5.4109339e-06  1.5130010e-05  -5.0247003e-05  -9.7517662e-05  1.3308277e-05  3.4839676e-05  -5.6760613e-06  1.1961458e-05  2.2657356e-06  1.1174355e-05  3.9679915e-05  9.4482243e-06  -0.0023835661  0.0000000   0.00069682586  -0.00060246448  0.00089047847  -0.0010580076  -3.8824618e-06  4.1529836e-05  -0.00024389197  -0.00059138450  -3.2572498e-05  0.00014521221  -9.7181929e-06  -1.1526248e-05  0.00010224589  -1.3231003e-06  1.6554668e-05  5.2701262e-05  5.7870684e-06  -5.4109339e-06  1.5130010e-05  -5.0247003e-05  -9.7517662e-05  1.3308277e-05  3.4839676e-05  -5.6760613e-06  1.1961458e-05  2.2657356e-06  1.1174355e-05  3.9679915e-05  9.4482243e-06  
-0.00032831265  -0.00069682586  0.0000000   0.00058433089  -0.0079967538  0.00020747892  -0.00012213647  -0.00041099615  -0.00015947465  3.0599193e-06  4.2987460e-05  0.00041570996  8.6206134e-05  -2.2011575e-05  -8.2224122e-05  -8.9046377e-05  -1.4719917e-05  -0.00016276361  -3.5071405e-06  4.2930860e-06  5.2275202e-06  5.8028215e-05  -6.4164315e-05  1.1727370e-05  0.00018834772  2.3323939e-05  -2.4729797e-05  1.3288470e-05  -3.2046521e-05  4.4663958e-05  2.3109064e-05  -0.00032831265  -0.00069682586  0.0000000   0.00058433089  -0.0079967538  0.00020747892  -0.00012213647  -0.00041099615  -0.00015947465  3.0599193e-06  4.2987460e-05  0.00041570996  8.6206134e-05  -2.2011575e-05  -8.2224122e-05  -8.9046377e-05  -1.4719917e-05  -0.00016276361  -3.5071405e-06  4.2930860e-06  5.2275202e-06  5.8028215e-05  -6.4164315e-05  1.1727370e-05  0.00018834772  2.3323939e-05  -2.4729797e-05  1.3288470e-05  -3.2046521e-05  4.4663958e-05  2.3109064e-05  
0.00027887120  0.00060246448  -0.00058433089  0.0000000   0.0045374959  0.0011315575  7.1443059e-05  0.00018592526  0.00058594166  0.00041199916  2.6361176e-05  0.00020251007  1.9742244e-05  3.3107488e-05  8.8039957e-05  8.6926112e-05  4.2689275e-05  3.0699037e-05  8.1408149e-06  -1.1083875e-05  -2.4990794e-06  0.00012124891  0.00020447476  -1.0797622e-06  -1.9009611e-06  -2.9513850e-06  1.1794783e-05  -1.4642443e-05  2.8664436e-05  3.5595903e-06  -1.0961862e-05  0.00027887120  0.00060246448  -0.00058433089  0.0000000   0.0045374959  0.0011315575  7.1443059e-05  0.00018592526  0.00058594166  0.00041199916  2.6361176e-05  0.00020251007  1.9742244e-05  3.3107488e-05  8.8039957e-05  8.6926112e-05  4.2689275e-05  3.0699037e-05  8.1408149e-06  -1.1083875e-05  -2.4990794e-06  0.00012124891  0.00020447476  -1.0797622e-06  -1.9009611e-06  -2.9513850e-06  1.1794783e-05  -1.4642443e-05  2.8664436e-05  3.5595903e-06  -1.0961862e-05  
-0.00032629928  -0.00089047847  0.0079967538  -0.0045374959  0.0000000   0.0049840470  2.8330408e-05  -0.00028063430  0.00058310104  0.00053745936  9.9542638e-05  -6.9536099e-05  -1.8631545e-05  -6.5350095e-05  6.3909449e-05  2.4339001e-05  -2.1379601e-05  0.00010836460  -7.3400786e-06  -4.5847864e-05  3.0629949e-05  -9.8683837e-05  1.1807677e-05  3.2037851e-05  -6.5015248e-05  3.4001069e-05  -7.5409910e-07  -1.6247171e-05  5.9294974e-05  5.7314226e-05  4.1960001e-06  -0.00032629928  -0.00089047847  0.0079967538  -0.0045374959  0.0000000   0.0049840470  2.8330408e-05  -0.00028063430  0.00058310104  0.00053745936  9.9542638e-05  -6.9536099e-05  -1.8631545e-05  -6.5350095e-05  6.3909449e-05  2.4339001e-05  -2.1379601e-05  0.00010836460  -7.3400786e-06  -4.5847864e-05  3.0629949e-05  -9.8683837e-05  1.1807677e-05  3.2037851e-05  -6.5015248e-05  3.4001069e-05  -7.5409910e-07  -1.6247171e-05  5.9294974e-05  5.7314226e-05  4.1960001e-06  
-0.00033998160  0.0010580076  -0.00020747892  -0.0011315575  -0.0049840470  0.0000000   2.8420929e-06  -0.00030086073  -0.00042663015  -0.00037942856  -4.0756122e-05  -0.00025863014  -4.7216652e-05  1.2201510e-05  -0.00013052838  -6.2384035e-05  -3.2625138e-05  -3.9984488e-06  2.0221188e-06  7.7091698e-06  8.5056687e-07  2.4295152e-05  4.0721189e-05  -1.4118106e-05  -0.00015875956  7.7699591e-06  -1.1625051e-05  1.6176355e-05  -4.7987354e-05  -0.00018336037  -2.8098863e-05  -0.00033998160  0.0010580076  -0.00020747892  -0.0011315575  -0.0049840470  0.0000000   2.8420929e-06  -0.00030086073  -0.00042663015  -0.00037942856  -4.0756122e-05  -0.00025863014  -4.7216652e-05  1.2201510e-05  -0.00013052838  -6.2384035e-05  -3.2625138e-05  -3.9984488e-06  2.0221188e-06  7.7091698e-06  8.5056687e-07  2.4295152e-05  4.0721189e-05  -1.4118106e-05  -0.00015875956  7.7699591e-06  -1.1625051e-05  1.6176355e-05  -4.7987354e-05  -0.00018336037  -2.8098863e-05  
2.0416859e-05  3.8824618e-06  0.00012213647  -7.1443059e-05  -2.8330408e-05  -2.8420929e-06  0.0000000   -0.0012887763  6.3347544e-05  -1.2881074e-05  -0.00024746773  -5.2317006e-06  0.00022714457  0.00018730028  -2.0984568e-06  0.00026569447  0.00028956526  5.9760626e-06  -0.00020002884  -0.00011455575  0.00035620367  -8.1711483e-06  1.0739289e-05  7.9225408e-05  -4.5342297e-06  -2.2982337e-06  2.8741843e-05  2.0642367e-05  7.5721089e-06  1.7605756e-05  -7.0954803e-05  2.0416859e-05  3.8824618e-06  0.00012213647  -7.1443059e-05  -2.8330408e-05  -2.8420929e-06  0.0000000   -0.0012887763  6.3347544e-05  -1.2881074e-05  -0.00024746773  -5.2317006e-06  0.00022714457  0.00018730028  -2.0984568e-06  0.00026569447  0.00028956526  5.9760626e-06  -0.00020002884  -0.00011455575  0.00035620367  -8.1711483e-06  1.0739289e-05  7.9225408e-05  -4.5342297e-06  -2.2982337e-06  2.8741843e-05  2.0642367e-05  7.5721089e-06  1.7605756e-05  -7.0954803e-05  
1.2604024e-05  -4.1529836e-05  0.00041099615  -0.00018592526  0.00028063430  0.00030086073  0.0012887763  0.0000000   3.8938756e-05  2.6768518e-05  -0.0012253363  9.0565000e-05  -0.00071412023  -0.00013791807  4.7581856e-05  -0.00072740993  -0.00035630556  7.9551653e-06  0.00024412387  0.00019447069  8.9833638e-06  2.7579985e-06  1.1947861e-05  -0.00036156325  1.2026481e-05  -7.5528849e-06  -0.00022391337  0.00019272545  2.4506768e-05  -1.5613404e-05  4.2073309e-05  1.2604024e-05  -4.1529836e-05  0.00041099615  -0.00018592526  0.00028063430  0.00030086073  0.0012887763  0.0000000   3.8938756e-05  2.6768518e-05  -0.0012253363  9.0565000e-05  -0.00071412023  -0.00013791807  4.7581856e-05  -0.00072740993  -0.00035630556  7.9551653e-06  0.00024412387  0.00019447069  8.9833638e-06  2.7579985e-06  1.1947861e-05  -0.00036156325  1.2026481e-05  -7.5528849e-06  -0.00022391337  0.00019272545  2.4506768e-05  -1.5613404e-05  4.2073309e-05  
-2.6589936e-05  0.00024389197  0.00015947465  -0.00058594166  -0.00058310104  0.00042663015  -6.3347544e-05  -3.8938756e-05  0.0000000   -0.0010061081  7.7602815e-05  0.00044323520  7.0889559e-05  -1.3728605e-05  4.6222527e-05  -4.7882608e-06  1.6712539e-05  -0.00010026317  -1.1272836e-05  -3.6159828e-05  -2.3920332e-05  0.00013245584  0.00014553885  1.7931631e-05  2.6986297e-05  2.6960648e-06  6.6418397e-06  -1.1876699e-05  -4.2953059e-05  -2.7436495e-06  7.6529088e-06  -2.6589936e-05  0.00024389197  0.00015947465  -0.00058594166  -0.00058310104  0.00042663015  -6.3347544e-05  -3.8938756e-05  0.0000000   -0.0010061081  7.7602815e-05  0.00044323520  7.0889559e-05  -1.3728605e-05  4.6222527e-05  -4.7882608e-06  1.6712539e-05  -0.00010026317  -1.1272836e-05  -3.6159828e-05  -2.3920332e-05  0.00013245584  0.00014553885  1.7931631e-05  2.6986297e-05  2.6960648e-06  6.6418397e-06  -1.1876699e-05  -4.2953059e-05  -2.7436495e-06  7.6529088e-06  
-0.00013877730  0.00059138450  -3.0599193e-06  -0.00041199916  -0.00053745936  0.00037942856  1.2881074e-05  -2.6768518e-05  0.0010061081  0.0000000   -7.6639618e-06  -0.00055847889  -6.1202251e-05  1.7753318e-05  -7.0959071e-05  2.7654669e-05  -7.3487845e-06  0.00022141374  -1.8871991e-05  -7.0360894e-06  -1.2558393e-05  0.00011052603  -1.1075838e-05  -8.5050144e-06  -0.00017784835  1.0119383e-06  1.2603547e-05  8.3323357e-06  -8.3421191e-05  -9.4636839e-05  -2.3625667e-05  -0.00013877730  0.00059138450  -3.0599193e-06  -0.00041199916  -0.00053745936  0.00037942856  1.2881074e-05  -2.6768518e-05  0.0010061081  0.0000000   -7.6639618e-06  -0.00055847889  -6.1202251e-05  1.7753318e-05  -7.0959071e-05  2.7654669e-05  -7.3487845e-06  0.00022141374  -1.8871991e-05  -7.0360894e-06  -1.2558393e-05  0.00011052603  -1.1075838e-05  -8.5050144e-06  -0.00017784835  1.0119383e-06  1.2603547e-05  8.3323357e-06  -8.3421191e-05  -9.4636839e-05  -2.3625667e-05  
1.1898617e-05  3.2572498e-05  -4.2987460e-05  -2.6361176e-05  -9.9542638e-05  4.0756122e-05  0.00024746773  0.0012253363  -7.7602815e-05  7.6639618e-06  0.0000000   -7.3588375e-05  0.00019175620  -0.0010439880  9.0614154e-06  -0.00016031826  0.00026615194  -2.5199601e-05  0.00012003177  0.00016603560  0.00053744512  2.4987149e-05  1.6661373e-05  0.00030117685  -3.3887889e-05  0.00019503441  -0.00013663686  -9.6963002e-05  1.2124483e-05  -2.7639064e-05  4.5994732e-05  1.1898617e-05  3.2572498e-05  -4.2987460e-05  -2.6361176e-05  -9.9542638e-05  4.0756122e-05  0.00024746773  0.0012253363  -7.7602815e-05  7.6639618e-06  0.0000000   -7.3588375e-05  0.00019175620  -0.0010439880  9.0614154e-06  -0.00016031826  0.00026615194  -2.5199601e-05  0.00012003177  0.00016603560  0.00053744512  2.4987149e-05  1.6661373e-05  0.00030117685  -3.3887889e-05  0.00019503441  -0.00013663686  -9.6963002e-05  1.2124483e-05  -2.7639064e-05  4.5994732e-05  
