0.0000000   0.0018137428  -8.3510982e-05  -0.00021060574  -0.00088283498  -0.00011060467  -0.00014340581  0.00019074789  -2.0151749e-05  0.00012367451  -0.00015039588  0.00023134112  -5.1167813e-05  9.9804864e-05  -8.7311171e-05  -4.6235316e-06  -4.6322470e-06  -5.1246979e-05  3.7704810e-05  3.2260170e-05  -3.5813020e-05  -4.0258971e-05  -9.7917888e-05  4.9078349e-06  6.5082908e-05  -6.2540967e-05  -9.2924348e-06  8.5225326e-05  1.8352255e-05  -6.4802493e-05  -3.3464143e-05  0.0000000   0.0018137428  -8.3510982e-05  -0.00021060574  -0.00088283498  -0.00011060467  -0.00014340581  0.00019074789  -2.0151749e-05  0.00012367451  -0.00015039588  0.00023134112  -5.1167813e-05  9.9804864e-05  -8.7311171e-05  -4.6235316e-06  -4.6322470e-06  -5.1246979e-05  3.7704810e-05  3.2260170e-05  -3.5813020e-05  -4.0258971e-05  -9.7917888e-05  4.9078349e-06  6.5082908e-05  -6.2540967e-05  -9.2924348e-06  8.5225326e-05  1.8352255e-05  -6.4802493e-05  -3.3464143e-05  
-0.0018137428  0.0000000   0.0012932178  -0.0025700795  1.8476234e-05  5.7622312e-05  -0.00043167747  -2.6536262e-05  -0.00041219799  1.8715150e-05  5.1510484e-05  -0.00017364350  -8.4626965e-05  0.00058748084  -0.00048125867  6.9409688e-05  0.00037007438  -0.00040203488  -0.00018554589  0.00038800513  -0.00025290331  -0.00038222074  6.1970403e-05  5.3914266e-05  -2.6011298e-06  1.6657858e-05  -0.00014845208  0.00052827129  6.6546883e-05  1.7726188e-05  7.2105150e-06  -0.0018137428  0.0000000   0.0012932178  -0.0025700795  1.8476234e-05  5.7622312e-05  -0.00043167747  -2.6536262e-05  -0.00041219799  1.8715150e-05  5.1510484e-05  -0.00017364350  -8.4626965e-05  0.00058748084  -0.00048125867  6.9409688e-05  0.00037007438  -0.00040203488  -0.00018554589  0.00038800513  -0.00025290331  -0.00038222074  6.1970403e-05  5.3914266e-05  -2.6011298e-06  1.6657858e-05  -0.00014845208  0.00052827129  6.6546883e-05  1.7726188e-05  7.2105150e-06  
8.3510982e-05  -0.0012932178  0.0000000   0.0023884549  0.00011051334  -0.00030209086  -0.0010122766  -1.3996215e-05  0.00018444953  2.1663458e-05  -7.8532485e-06  2.9634860e-05  4.2313028e-06  -5.9751821e-05  0.00024118455  0.00023342606  0.00013897079  1.4875947e-05  -0.00022226486  -0.00019996121  0.00022920537  4.1662279e-05  -8.9754771e-06  0.00014539229  -5.5101226e-06  3.8172855e-06  0.00012651636  -0.00017553342  -1.6337681e-05  1.7472814e-06  -7.7197013e-06  8.3510982e-05  -0.0012932178  0.0000000   0.0023884549  0.00011051334  -0.00030209086  -0.0010122766  -1.3996215e-05  0.00018444953  2.1663458e-05  -7.8532485e-06  2.9634860e-05  4.2313028e-06  -5.9751821e-05  0.00024118455  0.00023342606  0.00013897079  1.4875947e-05  -0.00022226486  -0.00019996121  0.00022920537  4.1662279e-05  -8.9754771e-06  0.00014539229  -5.5101226e-06  3.8172855e-06  0.00012651636  -0.00017553342  -1.6337681e-05  1.7472814e-06  -7.7197013e-06  
0.00021060574  0.0025700795  -0.0023884549  0.0000000   0.00041665164  0.00032665644  6.1506025e-05  -3.2394100e-05  -0.00031606809  1.3236749e-05  -6.0088708e-05  -6.2830754e-05  4.1355434e-06  0.00039516210  -2.0789135e-05  -9.7890146e-05  0.00026109635  -9.5901547e-05  -0.00019493458  0.00031877427  9.5427891e-06  -0.00017076919  5.3038508e-06  -4.7761841e-05  1.9865498e-05  -1.9985023e-05  5.2258630e-05  0.00025127825  -3.5041797e-05  -4.4955198e-06  2.3291930e-06  0.00021060574  0.0025700795  -0.0023884549  0.0000000   0.00041665164  0.00032665644  6.1506025e-05  -3.2394100e-05  -0.00031606809  1.3236749e-05  -6.0088708e-05  -6.2830754e-05  4.1355434e-06  0.00039516210  -2.0789135e-05  -9.7890146e-05  0.00026109635  -9.5901547e-05  -0.00019493458  0.00031877427  9.5427891e-06  -0.00017076919  5.3038508e-06  -4.7761841e-05  1.9865498e-05  -1.9985023e-05  5.2258630e-05  0.00025127825  -3.5041797e-05  -4.4955198e-06  2.3291930e-06  
0.00088283498  -1.8476234e-05  -0.00011051334  -0.00041665164  0.0000000   -0.0067797027  -0.00037375359  0.00065250204  4.5163422e-05  0.00041665445  0.00054107478  -0.00028848874  0.00014863925  1.3858424e-05  2.5221704e-05  4.2317333e-05  8.0494639e-06  -0.00010777885  -9.9974064e-05  -7.8531424e-05  3.1970655e-05  -5.5576594e-05  0.00029739991  2.8528429e-05  -0.00010573730  5.8308823e-05  -1.6088079e-05  -1.6155471e-05  8.3861260e-07  -3.1915781e-05  -0.00017459120  0.00088283498  -1.8476234e-05  -0.00011051334  -0.00041665164  0.0000000   -0.0067797027  -0.00037375359  0.00065250204  4.5163422e-05  0.00041665445  0.00054107478  -0.00028848874  0.00014863925  1.3858424e-05  2.5221704e-05  4.2317333e-05  8.0494639e-06  -0.00010777885  -9.9974064e-05  -7.8531424e-05  3.1970655e-05  -5.5576594e-05  0.00029739991  2.8528429e-05  -0.00010573730  5.8308823e-05  -1.6088079e-05  -1.6155471e-05  8.3861260e-07  -3.1915781e-05  -0.00017459120  
0.00011060467  -5.7622312e-05  0.00030209086  -0.00032665644  0.0067797027  0.0000000   -0.00010414066  0.0011593702  -7.0692081e-05  0.00042933548  -0.0012122932  -0.00044496615  2.8308516e-05  1.4297796e-05  -6.1000491e-05  1.9784127e-06  -0.00015233112  -3.5641722e-05  5.4056981e-05  -4.8586182e-05  4.9250308e-05  2.5094417e-05  -0.00020201809  -1.4976753e-05  1.3815159e-05  0.00013897748  7.1382203e-05  9.0033336e-06  -1.1063354e-05  -0.00012736929  2.5324134e-05  0.00011060467  -5.7622312e-05  0.00030209086  -0.00032665644  0.0067797027  0.0000000   -0.00010414066  0.0011593702  -7.0692081e-05  0.00042933548  -0.0012122932  -0.00044496615  2.8308516e-05  1.4297796e-05  -6.1000491e-05  1.9784127e-06  -0.00015233112  -3.5641722e-05  5.4056981e-05  -4.8586182e-05  4.9250308e-05  2.5094417e-05  -0.00020201809  -1.4976753e-05  1.3815159e-05  0.00013897748  7.1382203e-05  9.0033336e-06  -1.1063354e-05  -0.00012736929  2.5324134e-05  
0.00014340581  0.00043167747  0.0010122766  -6.1506025e-05  0.00037375359  0.00010414066  0.0000000   0.00013633629  0.00056656883  6.2811890e-05  -7.1366640e-05  -6.8654733e-05  -8.4541411e-05  0.00012548954  -0.00024725568  0.00048307062  8.3044674e-05  -0.00030622984  -0.00013401030  0.00019015711  -4.6895442e-05  -0.00037124094  -2.6539602e-05  0.00021298350  -1.0854089e-05  5.1617261e-05  -0.00020483013  9.0693242e-05  -1.5324628e-05  -1.5358649e-05  1.5067843e-08  0.00014340581  0.00043167747  0.0010122766  -6.1506025e-05  0.00037375359  0.00010414066  0.0000000   0.00013633629  0.00056656883  6.2811890e-05  -7.1366640e-05  -6.8654733e-05  -8.4541411e-05  0.00012548954  -0.00024725568  0.00048307062  8.3044674e-05  -0.00030622984  -0.00013401030  0.00019015711  -4.6895442e-05  -0.00037124094  -2.6539602e-05  0.00021298350  -1.0854089e-05  5.1617261e-05  -0.00020483013  9.0693242e-05  -1.5324628e-05  -1.5358649e-05  1.5067843e-08  
-0.00019074789  2.6536262e-05  1.3996215e-05  3.2394100e-05  -0.00065250204  -0.0011593702  -0.00013633629  0.0000000   3.1287155e-05  -0.00056400096  -1.8798353e-05  5.1775183e-05  0.0012902899  9.4567575e-05  -3.7634715e-05  -1.7010674e-05  -9.1079513e-05  -5.3350715e-05  -9.3555974e-05  0.00011934477  -7.8148097e-05  -1.3212738e-05  -0.00014451876  -9.7473127e-06  0.00011283659  -1.9451170e-05  1.6169377e-05  4.7422663e-05  -4.9088579e-06  -0.00020409409  0.00019272906  -0.00019074789  2.6536262e-05  1.3996215e-05  3.2394100e-05  -0.00065250204  -0.0011593702  -0.00013633629  0.0000000   3.1287155e-05  -0.00056400096  -1.8798353e-05  5.1775183e-05  0.0012902899  9.4567575e-05  -3.7634715e-05  -1.7010674e-05  -9.1079513e-05  -5.3350715e-05  -9.3555974e-05  0.00011934477  -7.8148097e-05  -1.3212738e-05  -0.00014451876  -9.7473127e-06  0.00011283659  -1.9451170e-05  1.6169377e-05  4.7422663e-05  -4.9088579e-06  -0.00020409409  0.00019272906  
2.0151749e-05  0.00041219799  -0.00018444953  0.00031606809  -4.5163422e-05  7.0692081e-05  -0.00056656883  -3.1287155e-05  0.0000000   2.5645704e-05  3.1181082e-06  -2.7450205e-05  -0.00020415254  0.00027795745  -0.00024149274  -0.00042704891  6.5633070e-05  -0.00012858054  -4.8390785e-05  0.00016695345  -0.00025492018  -2.6679835e-05  1.5786258e-05  -7.3564568e-05  -3.1650683e-05  -2.6511440e-05  0.00018616957  0.00010524281  -2.8299134e-05  1.2350610e-05  -2.5486959e-05  2.0151749e-05  0.00041219799  -0.00018444953  0.00031606809  -4.5163422e-05  7.0692081e-05  -0.00056656883  -3.1287155e-05  0.0000000   2.5645704e-05  3.1181082e-06  -2.7450205e-05  -0.00020415254  0.00027795745  -0.00024149274  -0.00042704891  6.5633070e-05  -0.00012858054  -4.8390785e-05  0.00016695345  -0.00025492018  -2.6679835e-05  1.5786258e-05  -7.3564568e-05  -3.1650683e-05  -2.6511440e-05  0.00018616957  0.00010524281  -2.8299134e-05  1.2350610e-05  -2.5486959e-05  
-0.00012367451  -1.8715150e-05  -2.1663458e-05  -1.3236749e-05  -0.00041665445  -0.00042933548  -6.2811890e-05  0.00056400096  -2.5645704e-05  0.0000000   0.0029758561  0.00031552633  0.00050716908  3.6382303e-05  1.9743316e-05  -1.8192130e-05  2.9994955e-05  0.00038589727  -7.0416832e-05  4.7088107e-05  -4.0168180e-06  -7.5370060e-06  0.00012650431  -7.9289838e-07  0.00011278569  0.00015690037  3.9507266e-05  1.1909181e-06  -6.7159137e-07  0.00017485768  -8.7512453e-05  -0.00012367451  -1.8715150e-05  -2.1663458e-05  -1.3236749e-05  -0.00041665445  -0.00042933548  -6.2811890e-05  0.00056400096  -2.5645704e-05  0.0000000   0.0029758561  0.00031552633  0.00050716908  3.6382303e-05  1.9743316e-05  -1.8192130e-05  2.9994955e-05  0.00038589727  -7.0416832e-05  4.7088107e-05  -4.0168180e-06  -7.5370060e-06  0.00012650431  -7.9289838e-07  0.00011278569  0.00015690037  3.9507266e-05  1.1909181e-06  -6.7159137e-07  0.00017485768  -8.7512453e-05  
0.00015039588  -5.1510484e-05  7.8532485e-06  6.0088708e-05  -0.00054107478  0.0012122932  7.1366640e-05  1.8798353e-05  -3.1181082e-06  -0.0029758561  0.0000000   0.00027778163  0.00058765003  3.9731816e-05  -8.9471036e-05  -6.6918853e-05  0.00020689492  -4.7624983e-05  0.00021856592  -7.0412795e-05  4.4556326e-05  -5.2527064e-07  0.00016856710  1.8292250e-05  8.3528742e-08  0.00033720427  5.5443021e-05  -7.0853869e-05  -3.0635408e-06  -3.6201368e-05  7.3172386e-05  0.00015039588  -5.1510484e-05  7.8532485e-06  6.0088708e-05  -0.00054107478  0.0012122932  7.1366640e-05  1.8798353e-05  -3.1181082e-06  -0.0029758561  0.0000000   0.00027778163  0.00058765003  3.9731816e-05  -8.9471036e-05  -6.6918853e-05  0.00020689492  -4.7624983e-05  0.00021856592  -7.0412795e-05  4.4556326e-05  -5.2527064e-07  0.00016856710  1.8292250e-05  8.3528742e-08  0.00033720427  5.5443021e-05  -7.0853869e-05  -3.0635408e-06  -3.6201368e-05  7.3172386e-05  
-0.00023134112  0.00017364350  -2.9634860e-05  6.2830754e-05  0.00028848874  0.00044496615  6.8654733e-05  -5.1775183e-05  2.7450205e-05  -0.00031552633  -0.00027778163  0.0000000   -0.0031930884  -0.00018427761  1.1354400e-05  -7.2404209e-05  -0.00034514829  0.00020547164  -0.00033459993  -3.6971175e-05  -3.8974135e-05  4.8104306e-05  -0.00029560958  -4.7393302e-06  2.6905667e-05  0.00053302873  0.00012740352  -2.1229039e-06  1.1631589e-05  -0.00016033205  7.0908728e-05  -0.00023134112  0.00017364350  -2.9634860e-05  6.2830754e-05  0.00028848874  0.00044496615  6.8654733e-05  -5.1775183e-05  2.7450205e-05  -0.00031552633  -0.00027778163  0.0000000   -0.0031930884  -0.00018427761  1.1354400e-05  -7.2404209e-05  -0.00034514829  0.00020547164  -0.00033459993  -3.6971175e-05  -3.8974135e-05  4.8104306e-05  -0.00029560958  -4.7393302e-06  2.6905667e-05  0.00053302873  0.00012740352  -2.1229039e-06  1.1631589e-05  -0.00016033205  7.0908728e-05  
5.1167813e-05  8.4626965e-05  -4.2313028e-06  -4.1355434e-06  -0.00014863925  -2.8308516e-05  8.4541411e-05  -0.0012902899  0.00020415254  -0.00050716908  -0.00058765003  0.0031930884  0.0000000   4.7457488e-05  7.9567582e-05  7.1592939e-05  0.00028324015  -0.00010126521  0.00033238852  -0.00020845385  0.00010610219  -9.1356265e-06  -8.5089747e-05  3.2750202e-05  -0.00018760863  -7.4411907e-05  -1.2448922e-05  -9.1829670e-07  4.9438928e-07  -8.7938263e-05  -0.00014196535  5.1167813e-05  8.4626965e-05  -4.2313028e-06  -4.1355434e-06  -0.00014863925  -2.8308516e-05  8.4541411e-05  -0.0012902899  0.00020415254  -0.00050716908  -0.00058765003  0.0031930884  0.0000000   4.7457488e-05  7.9567582e-05  7.1592939e-05  0.00028324015  -0.00010126521  0.00033238852  -0.00020845385  0.00010610219  -9.1356265e-06  -8.5089747e-05  3.2750202e-05  -0.00018760863  -7.4411907e-05  -1.2448922e-05  -9.1829670e-07  4.9438928e-07  -8.7938263e-05  -0.00014196535  
-9.9804864e-05  -0.00058748084  5.9751821e-05  -0.00039516210  -1.3858424e-05  -1.4297796e-05  -0.00012548954  -9.4567575e-05  -0.00027795745  -3.6382303e-05  -3.9731816e-05  0.00018427761  -4.7457488e-05  0.0000000   -0.0016165638  0.00072301056  0.0015899779  0.00020603807  3.2797981e-05  0.00060083300  0.00019709304  7.0622437e-05  -8.0942338e-06  0.00016719447  -2.2758539e-05  2.4738207e-05  4.9780597e-05  -0.00020651080  4.5446817e-05  -3.4519247e-05  -1.0370044e-05  -9.9804864e-05  -0.00058748084  5.9751821e-05  -0.00039516210  -1.3858424e-05  -1.4297796e-05  -0.00012548954  -9.4567575e-05  -0.00027795745  -3.6382303e-05  -3.9731816e-05  0.00018427761  -4.7457488e-05  0.0000000   -0.0016165638  0.00072301056  0.0015899779  0.00020603807  3.2797981e-05  0.00060083300  0.00019709304  7.0622437e-05  -8.0942338e-06  0.00016719447  -2.2758539e-05  2.4738207e-05  4.9780597e-05  -0.00020651080  4.5446817e-05  -3.4519247e-05  -1.0370044e-05  
8.7311171e-05  0.00048125867  -0.00024118455  2.0789135e-05  -2.5221704e-05  6.1000491e-05  0.00024725568  3.7634715e-05  0.00024149274  -1.9743316e-05  8.9471036e-05  -1.1354400e-05  -7.9567582e-05  0.0016165638  0.0000000   0.0042134424  0.0012893747  -0.00071801617  -0.00058241433  -0.00081215007  0.00055929569  0.00031402791  6.3566976e-05  -7.9193833e-05  4.3446798e-05  -1.4332418e-05  0.00012305472  -3.1413759e-06  5.2020665e-05  -1.0777800e-05  -3.7027887e-06  8.7311171e-05  0.00048125867  -0.00024118455  2.0789135e-05  -2.5221704e-05  6.1000491e-05  0.00024725568  3.7634715e-05  0.00024149274  -1.9743316e-05  8.9471036e-05  -1.1354400e-05  -7.9567582e-05  0.0016165638  0.0000000   0.0042134424  0.0012893747  -0.00071801617  -0.00058241433  -0.00081215007  0.00055929569  0.00031402791  6.3566976e-05  -7.9193833e-05  4.3446798e-05  -1.4332418e-05  0.00012305472  -3.1413759e-06  5.2020665e-05  -1.0777800e-05  -3.7027887e-06  
4.6235316e-06  -6.9409688e-05  -0.00023342606  9.7890146e-05  -4.2317333e-05  -1.9784127e-06  -0.00048307062  1.7010674e-05  0.00042704891  1.8192130e-05  6.6918853e-05  7.2404209e-05  -7.1592939e-05  -0.00072301056  -0.0042134424  0.0000000   -0.0010256252  0.0010118723  -0.0010350564  -0.00066136935  0.00024869063  -0.00020686640  2.1855029e-05  8.7886009e-05  -3.1564025e-05  5.0495647e-05  -0.00010289255  -0.00045306404  3.1131046e-05  3.0038072e-05  -7.5687338e-06  4.6235316e-06  -6.9409688e-05  -0.00023342606  9.7890146e-05  -4.2317333e-05  -1.9784127e-06  -0.00048307062  1.7010674e-05  0.00042704891  1.8192130e-05  6.6918853e-05  7.2404209e-05  -7.1592939e-05  -0.00072301056  -0.0042134424  0.0000000   -0.0010256252  0.0010118723  -0.0010350564  -0.00066136935  0.00024869063  -0.00020686640  2.1855029e-05  8.7886009e-05  -3.1564025e-05  5.0495647e-05  -0.00010289255  -0.00045306404  3.1131046e-05  3.0038072e-05  -7.5687338e-06  
4.6322470e-06  -0.00037007438  -0.00013897079  -0.00026109635  -8.0494639e-06  0.00015233112  -8.3044674e-05  9.1079513e-05  -6.5633070e-05  -2.9994955e-05  -0.00020689492  0.00034514829  -0.00028324015  -0.0015899779  -0.0012893747  0.0010256252  0.0000000   0.018018990  -0.0033592315  -0.0034147274  0.0028774661  0.00051830218  0.00038084723  0.00070284414  -1.3260244e-05  0.00017283748  0.00022910308  -0.0010980257  -0.00015082495  0.00015520411  -3.5233453e-05  4.6322470e-06  -0.00037007438  -0.00013897079  -0.00026109635  -8.0494639e-06  0.00015233112  -8.3044674e-05  9.1079513e-05  -6.5633070e-05  -2.9994955e-05  -0.00020689492  0.00034514829  -0.00028324015  -0.0015899779  -0.0012893747  0.0010256252  0.0000000   0.018018990  -0.0033592315  -0.0034147274  0.0028774661  0.00051830218  0.00038084723  0.00070284414  -1.3260244e-05  0.00017283748  0.00022910308  -0.0010980257  -0.00015082495  0.00015520411  -3.5233453e-05  
5.1246979e-05  0.00040203488  -1.4875947e-05  9.5901547e-05  0.00010777885  3.5641722e-05  0.00030622984  5.3350715e-05  0.00012858054  -0.00038589727  4.7624983e-05  -0.00020547164  0.00010126521  -0.00020603807  0.00071801617  -0.0010118723  -0.018018990  0.0000000   -0.015351968  -0.00023133449  -0.00022990524  -0.00016659814  -0.00053446311  -8.6332578e-05  -0.00015205858  3.7735273e-05  -0.00037916229  0.00059579974  -0.00016319870  0.00017243734  0.00010110886  5.1246979e-05  0.00040203488  -1.4875947e-05  9.5901547e-05  0.00010777885  3.5641722e-05  0.00030622984  5.3350715e-05  0.00012858054  -0.00038589727  4.7624983e-05  -0.00020547164  0.00010126521  -0.00020603807  0.00071801617  -0.0010118723  -0.018018990  0.0000000   -0.015351968  -0.00023133449  -0.00022990524  -0.00016659814  -0.00053446311  -8.6332578e-05  -0.00015205858  3.7735273e-05  -0.00037916229  0.00059579974  -0.00016319870  0.00017243734  0.00010110886  
-3.7704810e-05  0.00018554589  0.00022226486  0.00019493458  9.9974064e-05  -5.4056981e-05  0.00013401030  9.3555974e-05  4.8390785e-05  7.0416832e-05  -0.00021856592  0.00033459993  -0.00033238852  -3.2797981e-05  0.00058241433  0.0010350564  0.0033592315  0.015351968  0.0000000   0.0059763834  -0.0026190203  -0.00026041687  0.00024172459  -0.00031409835  0.00016230766  0.00023393407  -0.00042234562  0.0012763154  0.00016527338  -0.00010034814  3.4136846e-05  -3.7704810e-05  0.00018554589  0.00022226486  0.00019493458  9.9974064e-05  -5.4056981e-05  0.00013401030  9.3555974e-05  4.8390785e-05  7.0416832e-05  -0.00021856592  0.00033459993  -0.00033238852  -3.2797981e-05  0.00058241433  0.0010350564  0.0033592315  0.015351968  0.0000000   0.0059763834  -0.0026190203  -0.00026041687  0.00024172459  -0.00031409835  0.00016230766  0.00023393407  -0.00042234562  0.0012763154  0.00016527338  -0.00010034814  3.4136846e-05  
-3.2260170e-05  -0.00038800513  0.00019996121  -0.00031877427  7.8531424e-05  4.8586182e-05  -0.00019015711  -0.00011934477  -0.00016695345  -4.7088107e-05  7.0412795e-05  3.6971175e-05  0.00020845385  -0.00060083300  0.00081215007  0.00066136935  0.0034147274  0.00023133449  -0.0059763834  0.0000000   -0.0017771713  0.0014266984  -0.00022591560  -0.00022159491  -4.2142818e-05  9.9565966e-06  0.00045546880  -0.00043017877  0.00016575711  -5.0765235e-05  -1.8318349e-05  -3.2260170e-05  -0.00038800513  0.00019996121  -0.00031877427  7.8531424e-05  4.8586182e-05  -0.00019015711  -0.00011934477  -0.00016695345  -4.7088107e-05  7.0412795e-05  3.6971175e-05  0.00020845385  -0.00060083300  0.00081215007  0.00066136935  0.0034147274  0.00023133449  -0.0059763834  0.0000000   -0.0017771713  0.0014266984  -0.00022591560  -0.00022159491  -4.2142818e-05  9.9565966e-06  0.00045546880  -0.00043017877  0.00016575711  -5.0765235e-05  -1.8318349e-05  
3.5813020e-05  0.00025290331  -0.00022920537  -9.5427891e-06  -3.1970655e-05  -4.9250308e-05  4.6895442e-05  7.8148097e-05  0.00025492018  4.0168180e-06  -4.4556326e-05  3.8974135e-05  -0.00010610219  -0.00019709304  -0.00055929569  -0.00024869063  -0.0028774661  0.00022990524  0.0026190203  0.0017771713  0.0000000   -6.2453757e-05  6.9715895e-05  0.00042412406  1.2260656e-06  2.7986076e-05  -0.00051549971  -0.00018008032  -3.4553157e-05  1.7407221e-05  -1.3114965e-05  3.5813020e-05  0.00025290331  -0.00022920537  -9.5427891e-06  -3.1970655e-05  -4.9250308e-05  4.6895442e-05  7.8148097e-05  0.00025492018  4.0168180e-06  -4.4556326e-05  3.8974135e-05  -0.00010610219  -0.00019709304  -0.00055929569  -0.00024869063  -0.0028774661  0.00022990524  0.0026190203  0.0017771713  0.0000000   -6.2453757e-05  6.9715895e-05  0.00042412406  1.2260656e-06  2.7986076e-05  -0.00051549971  -0.00018008032  -3.4553157e-05  1.7407221e-05  -1.3114965e-05  
4.0258971e-05  0.00038222074  -4.1662279e-05  0.00017076919  5.5576594e-05  -2.5094417e-05  0.00037124094  1.3212738e-05  2.6679835e-05  7.5370060e-06  5.2527064e-07  -4.8104306e-05  9.1356265e-06  -7.0622437e-05  -0.00031402791  0.00020686640  -0.00051830218  0.00016659814  0.00026041687  -0.0014266984  6.2453757e-05  0.0000000   0.00013910329  0.0011550146  -8.6540288e-06  4.8135468e-05  0.00022006837  0.00058135351  5.8870002e-05  -3.3351471e-06  -2.0070135e-06  4.0258971e-05  0.00038222074  -4.1662279e-05  0.00017076919  5.5576594e-05  -2.5094417e-05  0.00037124094  1.3212738e-05  2.6679835e-05  7.5370060e-06  5.2527064e-07  -4.8104306e-05  9.1356265e-06  -7.0622437e-05  -0.00031402791  0.00020686640  -0.00051830218  0.00016659814  0.00026041687  -0.0014266984  6.2453757e-05  0.0000000   0.00013910329  0.0011550146  -8.6540288e-06  4.8135468e-05  0.00022006837  0.00058135351  5.8870002e-05  -3.3351471e-06  -2.0070135e-06  
9.7917888e-05  -6.1970403e-05  8.9754771e-06  -5.3038508e-06  -0.00029739991  0.00020201809  2.6539602e-05  0.00014451876  -1.5786258e-05  -0.00012650431  -0.00016856710  0.00029560958  8.5089747e-05  8.0942338e-06  -6.3566976e-05  -2.1855029e-05  -0.00038084723  0.00053446311  -0.00024172459  0.00022591560  -6.9715895e-05  -0.00013910329  0.0000000   0.00010914535  0.00091203602  -0.00084647679  -0.00037679927  2.5974259e-05  9.5780266e-06  0.00056913126  -0.00030892036  9.7917888e-05  -6.1970403e-05  8.9754771e-06  -5.3038508e-06  -0.00029739991  0.00020201809  2.6539602e-05  0.00014451876  -1.5786258e-05  -0.00012650431  -0.00016856710  0.00029560958  8.5089747e-05  8.0942338e-06  -6.3566976e-05  -2.1855029e-05  -0.00038084723  0.00053446311  -0.00024172459  0.00022591560  -6.9715895e-05  -0.00013910329  0.0000000   0.00010914535  0.00091203602  -0.00084647679  -0.00037679927  2.5974259e-05  9.5780266e-06  0.00056913126  -0.00030892036  
-4.9078349e-06  -5.3914266e-05  -0.00014539229  4.7761841e-05  -2.8528429e-05  1.4976753e-05  -0.00021298350  9.7473127e-06  7.3564568e-05  7.9289838e-07  -1.8292250e-05  4.7393302e-06  -3.2750202e-05  -0.00016719447  7.9193833e-05  -8.7886009e-05  -0.00070284414  8.6332578e-05  0.00031409835  0.00022159491  -0.00042412406  -0.0011550146  -0.00010914535  0.0000000   -6.5988063e-05  -0.00026735924  0.0012817606  -0.00040632937  4.9401517e-05  4.8743503e-05  -1.7022488e-06  -4.9078349e-06  -5.3914266e-05  -0.00014539229  4.7761841e-05  -2.8528429e-05  1.4976753e-05  -0.00021298350  9.7473127e-06  7.3564568e-05  7.9289838e-07  -1.8292250e-05  4.7393302e-06  -3.2750202e-05  -0.00016719447  7.9193833e-05  -8.7886009e-05  -0.00070284414  8.6332578e-05  0.00031409835  0.00022159491  -0.00042412406  -0.0011550146  -0.00010914535  0.0000000   -6.5988063e-05  -0.00026735924  0.0012817606  -0.00040632937  4.9401517e-05  4.8743503e-05  -1.7022488e-06  
-6.5082908e-05  2.6011298e-06  5.5101226e-06  -1.9865498e-05  0.00010573730  -1.3815159e-05  1.0854089e-05  -0.00011283659  3.1650683e-05  -0.00011278569  -8.3528742e-08  -2.6905667e-05  0.00018760863  2.2758539e-05  -4.3446798e-05  3.1564025e-05  1.3260244e-05  0.00015205858  -0.00016230766  4.2142818e-05  -1.2260656e-06  8.6540288e-06  -0.00091203602  6.5988063e-05  0.0000000   -0.0026372347  -0.00067154205  6.6421741e-05  1.2514713e-06  0.00059307540  -0.00029341325  -6.5082908e-05  2.6011298e-06  5.5101226e-06  -1.9865498e-05  0.00010573730  -1.3815159e-05  1.0854089e-05  -0.00011283659  3.1650683e-05  -0.00011278569  -8.3528742e-08  -2.6905667e-05  0.00018760863  2.2758539e-05  -4.3446798e-05  3.1564025e-05  1.3260244e-05  0.00015205858  -0.00016230766  4.2142818e-05  -1.2260656e-06  8.6540288e-06  -0.00091203602  6.5988063e-05  0.0000000   -0.0026372347  -0.00067154205  6.6421741e-05  1.2514713e-06  0.00059307540  -0.00029341325  
6.2540967e-05  -1.6657858e-05  -3.8172855e-06  1.9985023e-05  -5.8308823e-05  -0.00013897748  -5.1617261e-05  1.9451170e-05  2.6511440e-05  -0.00015690037  -0.00033720427  -0.00053302873  7.4411907e-05  -2.4738207e-05  1.4332418e-05  -5.0495647e-05  -0.00017283748  -3.7735273e-05  -0.00023393407  -9.9565966e-06  -2.7986076e-05  -4.8135468e-05  0.00084647679  0.00026735924  0.0026372347  0.0000000   0.00015618767  -0.0015733978  8.4597327e-05  0.00018972888  4.5382575e-05  6.2540967e-05  -1.6657858e-05  -3.8172855e-06  1.9985023e-05  -5.8308823e-05  -0.00013897748  -5.1617261e-05  1.9451170e-05  2.6511440e-05  -0.00015690037  -0.00033720427  -0.00053302873  7.4411907e-05  -2.4738207e-05  1.4332418e-05  -5.0495647e-05  -0.00017283748  -3.7735273e-05  -0.00023393407  -9.9565966e-06  -2.7986076e-05  -4.8135468e-05  0.00084647679  0.00026735924  0.0026372347  0.0000000   0.00015618767  -0.0015733978  8.4597327e-05  0.00018972888  4.5382575e-05  
9.2924348e-06  0.00014845208  -0.00012651636  -5.2258630e-05  1.6088079e-05  -7.1382203e-05  0.00020483013  -1.6169377e-05  -0.00018616957  -3.9507266e-05  -5.5443021e-05  -0.00012740352  1.2448922e-05  -4.9780597e-05  -0.00012305472  0.00010289255  -0.00022910308  0.00037916229  0.00042234562  -0.00045546880  0.00051549971  -0.00022006837  0.00037679927  -0.0012817606  0.00067154205  -0.00015618767  0.0000000   0.0086561807  -0.00064618762  -0.00017313995  8.8627157e-05  9.2924348e-06  0.00014845208  -0.00012651636  -5.2258630e-05  1.6088079e-05  -7.1382203e-05  0.00020483013  -1.6169377e-05  -0.00018616957  -3.9507266e-05  -5.5443021e-05  -0.00012740352  1.2448922e-05  -4.9780597e-05  -0.00012305472  0.00010289255  -0.00022910308  0.00037916229  0.00042234562  -0.00045546880  0.00051549971  -0.00022006837  0.00037679927  -0.0012817606  0.00067154205  -0.00015618767  0.0000000   0.0086561807  -0.00064618762  -0.00017313995  8.8627157e-05  
-8.5225326e-05  -0.00052827129  0.00017553342  -0.00025127825  1.6155471e-05  -9.0033336e-06  -9.0693242e-05  -4.7422663e-05  -0.00010524281  -1.1909181e-06  7.0853869e-05  2.1229039e-06  9.1829670e-07  0.00020651080  3.1413759e-06  0.00045306404  0.0010980257  -0.00059579974  -0.0012763154  0.00043017877  0.00018008032  -0.00058135351  -2.5974259e-05  0.00040632937  -6.6421741e-05  0.0015733978  -0.0086561807  0.0000000   -0.00044308815  3.4416651e-05  4.3899599e-05  -8.5225326e-05  -0.00052827129  0.00017553342  -0.00025127825  1.6155471e-05  -9.0033336e-06  -9.0693242e-05  -4.7422663e-05  -0.00010524281  -1.1909181e-06  7.0853869e-05  2.1229039e-06  9.1829670e-07  0.00020651080  3.1413759e-06  0.00045306404  0.0010980257  -0.00059579974  -0.0012763154  0.00043017877  0.00018008032  -0.00058135351  -2.5974259e-05  0.00040632937  -6.6421741e-05  0.0015733978  -0.0086561807  0.0000000   -0.00044308815  3.4416651e-05  4.3899599e-05  
-1.8352255e-05  -6.6546883e-05  1.6337681e-05  3.5041797e-05  -8.3861260e-07  1.1063354e-05  1.5324628e-05  4.9088579e-06  2.8299134e-05  6.7159137e-07  3.0635408e-06  -1.1631589e-05  -4.9438928e-07  -4.5446817e-05  -5.2020665e-05  -3.1131046e-05  0.00015082495  0.00016319870  -0.00016527338  -0.00016575711  3.4553157e-05  -5.8870002e-05  -9.5780266e-06  -4.9401517e-05  -1.2514713e-06  -8.4597327e-05  0.00064618762  0.00044308815  0.0000000   1.6801036e-05  -1.3432720e-05  -1.8352255e-05  -6.6546883e-05  1.6337681e-05  3.5041797e-05  -8.3861260e-07  1.1063354e-05  1.5324628e-05  4.9088579e-06  2.8299134e-05  6.7159137e-07  3.0635408e-06  -1.1631589e-05  -4.9438928e-07  -4.5446817e-05  -5.2020665e-05  -3.1131046e-05  0.00015082495  0.00016319870  -0.00016527338  -0.00016575711  3.4553157e-05  -5.8870002e-05  -9.5780266e-06  -4.9401517e-05  -1.2514713e-06  -8.4597327e-05  0.00064618762  0.00044308815  0.0000000   1.6801036e-05  -1.3432720e-05  
6.4802493e-05  -1.7726188e-05  -1.7472814e-06  4.4955198e-06  3.1915781e-05  0.00012736929  1.5358649e-05  0.00020409409  -1.2350610e-05  -0.00017485768  3.6201368e-05  0.00016033205  8.7938263e-05  3.4519247e-05  1.0777800e-05  -3.0038072e-05  -0.00015520411  -0.00017243734  0.00010034814  5.0765235e-05  -1.7407221e-05  3.3351471e-06  -0.00056913126  -4.8743503e-05  -0.00059307540  -0.00018972888  0.00017313995  -3.4416651e-05  -1.6801036e-05  0.0000000   -0.0015577012  6.4802493e-05  -1.7726188e-05  -1.7472814e-06  4.4955198e-06  3.1915781e-05  0.00012736929  1.5358649e-05  0.00020409409  -1.2350610e-05  -0.00017485768  3.6201368e-05  0.00016033205  8.7938263e-05  3.4519247e-05  1.0777800e-05  -3.0038072e-05  -0.00015520411  -0.00017243734  0.00010034814  5.0765235e-05  -1.7407221e-05  3.3351471e-06  -0.00056913126  -4.8743503e-05  -0.00059307540  -0.00018972888  0.00017313995  -3.4416651e-05  -1.6801036e-05  0.0000000   -0.0015577012  
3.3464143e-05  -7.2105150e-06  7.7197013e-06  -2.3291930e-06  0.00017459120  -2.5324134e-05  -1.5067843e-08  -0.00019272906  2.5486959e-05  8.7512453e-05  -7.3172386e-05  -7.0908728e-05  0.00014196535  1.0370044e-05  3.7027887e-06  7.5687338e-06  3.5233453e-05  -0.00010110886  -3.4136846e-05  1.8318349e-05  1.3114965e-05  2.0070135e-06  0.00030892036  1.7022488e-06  0.00029341325  -4.5382575e-05  -8.8627157e-05  -4.3899599e-05  1.3432720e-05  0.0015577012  0.0000000   3.3464143e-05  -7.2105150e-06  7.7197013e-06  -2.3291930e-06  0.00017459120  -2.5324134e-05  -1.5067843e-08  -0.00019272906  2.5486959e-05  8.7512453e-05  -7.3172386e-05  -7.0908728e-05  0.00014196535  1.0370044e-05  3.7027887e-06  7.5687338e-06  3.5233453e-05  -0.00010110886  -3.4136846e-05  1.8318349e-05  1.3114965e-05  2.0070135e-06  0.00030892036  1.7022488e-06  0.00029341325  -4.5382575e-05  -8.8627157e-05  -4.3899599e-05  1.3432720e-05  0.0015577012  0.0000000   
0.0000000   0.0018137428  -8.3510982e-05  -0.00021060574  -0.00088283498  -0.00011060467  -0.00014340581  0.00019074789  -2.0151749e-05  0.00012367451  -0.00015039588  0.00023134112  -5.1167813e-05  9.9804864e-05  -8.7311171e-05  -4.6235316e-06  -4.6322470e-06  -5.1246979e-05  3.7704810e-05  3.2260170e-05  -3.5813020e-05  -4.0258971e-05  -9.7917888e-05  4.9078349e-06  6.5082908e-05  -6.2540967e-05  -9.2924348e-06  8.5225326e-05  1.8352255e-05  -6.4802493e-05  -3.3464143e-05  0.0000000   0.0018137428  -8.3510982e-05  -0.00021060574  -0.00088283498  -0.00011060467  -0.00014340581  0.00019074789  -2.0151749e-05  0.00012367451  -0.00015039588  0.00023134112  -5.1167813e-05  9.9804864e-05  -8.7311171e-05  -4.6235316e-06  -4.6322470e-06  -5.1246979e-05  3.7704810e-05  3.2260170e-05  -3.5813020e-05  -4.0258971e-05  -9.7917888e-05  4.9078349e-06  6.5082908e-05  -6.2540967e-05  -9.2924348e-06  8.5225326e-05  1.8352255e-05  -6.4802493e-05  -3.3464143e-05  
-0.0018137428  0.0000000   0.0012932178  -0.0025700795  1.8476234e-05  5.7622312e-05  -0.00043167747  -2.6536262e-05  -0.00041219799  1.8715150e-05  5.1510484e-05  -0.00017364350  -8.4626965e-05  0.00058748084  -0.00048125867  6.9409688e-05  0.00037007438  -0.00040203488  -0.00018554589  0.00038800513  -0.00025290331  -0.00038222074  6.1970403e-05  5.3914266e-05  -2.6011298e-06  1.6657858e-05  -0.00014845208  0.00052827129  6.6546883e-05  1.7726188e-05  7.2105150e-06  -0.0018137428  0.0000000   0.0012932178  -0.0025700795  1.8476234e-05  5.7622312e-05  -0.00043167747  -2.6536262e-05  -0.00041219799  1.8715150e-05  5.1510484e-05  -0.00017364350  -8.4626965e-05  0.00058748084  -0.00048125867  6.9409688e-05  0.00037007438  -0.00040203488  -0.00018554589  0.00038800513  -0.00025290331  -0.00038222074  6.1970403e-05  5.3914266e-05  -2.6011298e-06  1.6657858e-05  -0.00014845208  0.00052827129  6.6546883e-05  1.7726188e-05  7.2105150e-06  
8.3510982e-05  -0.0012932178  0.0000000   0.0023884549  0.00011051334  -0.00030209086  -0.0010122766  -1.3996215e-05  0.00018444953  2.1663458e-05  -7.8532485e-06  2.9634860e-05  4.2313028e-06  -5.9751821e-05  0.00024118455  0.00023342606  0.00013897079  1.4875947e-05  -0.00022226486  -0.00019996121  0.00022920537  4.1662279e-05  -8.9754771e-06  0.00014539229  -5.5101226e-06  3.8172855e-06  0.00012651636  -0.00017553342  -1.6337681e-05  1.7472814e-06  -7.7197013e-06  8.3510982e-05  -0.0012932178  0.0000000   0.0023884549  0.00011051334  -0.00030209086  -0.0010122766  -1.3996215e-05  0.00018444953  2.1663458e-05  -7.8532485e-06  2.9634860e-05  4.2313028e-06  -5.9751821e-05  0.00024118455  0.00023342606  0.00013897079  1.4875947e-05  -0.00022226486  -0.00019996121  0.00022920537  4.1662279e-05  -8.9754771e-06  0.00014539229  -5.5101226e-06  3.8172855e-06  0.00012651636  -0.00017553342  -1.6337681e-05  1.7472814e-06  -7.7197013e-06  
0.00021060574  0.0025700795  -0.0023884549  0.0000000   0.00041665164  0.00032665644  6.1506025e-05  -3.2394100e-05  -0.00031606809  1.3236749e-05  -6.0088708e-05  -6.2830754e-05  4.1355434e-06  0.00039516210  -2.0789135e-05  -9.7890146e-05  0.00026109635  -9.5901547e-05  -0.00019493458  0.00031877427  9.5427891e-06  -0.00017076919  5.3038508e-06  -4.7761841e-05  1.9865498e-05  -1.9985023e-05  5.2258630e-05  0.00025127825  -3.5041797e-05  -4.4955198e-06  2.3291930e-06  0.00021060574  0.0025700795  -0.0023884549  0.0000000   0.00041665164  0.00032665644  6.1506025e-05  -3.2394100e-05  -0.00031606809  1.3236749e-05  -6.0088708e-05  -6.2830754e-05  4.1355434e-06  0.00039516210  -2.0789135e-05  -9.7890146e-05  0.00026109635  -9.5901547e-05  -0.00019493458  0.00031877427  9.5427891e-06  -0.00017076919  5.3038508e-06  -4.7761841e-05  1.9865498e-05  -1.9985023e-05  5.2258630e-05  0.00025127825  -3.5041797e-05  -4.4955198e-06  2.3291930e-06  
0.00088283498  -1.8476234e-05  -0.00011051334  -0.00041665164  0.0000000   -0.0067797027  -0.00037375359  0.00065250204  4.5163422e-05  0.00041665445  0.00054107478  -0.00028848874  0.00014863925  1.3858424e-05  2.5221704e-05  4.2317333e-05  8.0494639e-06  -0.00010777885  -9.9974064e-05  -7.8531424e-05  3.1970655e-05  -5.5576594e-05  0.00029739991  2.8528429e-05  -0.00010573730  5.8308823e-05  -1.6088079e-05  -1.6155471e-05  8.3861260e-07  -3.1915781e-05  -0.00017459120  0.00088283498  -1.8476234e-05  -0.00011051334  -0.00041665164  0.0000000   -0.0067797027  -0.00037375359  0.00065250204  4.5163422e-05  0.00041665445  0.00054107478  -0.00028848874  0.00014863925  1.3858424e-05  2.5221704e-05  4.2317333e-05  8.0494639e-06  -0.00010777885  -9.9974064e-05  -7.8531424e-05  3.1970655e-05  -5.5576594e-05  0.00029739991  2.8528429e-05  -0.00010573730  5.8308823e-05  -1.6088079e-05  -1.6155471e-05  8.3861260e-07  -3.1915781e-05  -0.00017459120  
0.00011060467  -5.7622312e-05  0.00030209086  -0.00032665644  0.0067797027  0.0000000   -0.00010414066  0.0011593702  -7.0692081e-05  0.00042933548  -0.0012122932  -0.00044496615  2.8308516e-05  1.4297796e-05  -6.1000491e-05  1.9784127e-06  -0.00015233112  -3.5641722e-05  5.4056981e-05  -4.8586182e-05  4.9250308e-05  2.5094417e-05  -0.00020201809  -1.4976753e-05  1.3815159e-05  0.00013897748  7.1382203e-05  9.0033336e-06  -1.1063354e-05  -0.00012736929  2.5324134e-05  0.00011060467  -5.7622312e-05  0.00030209086  -0.00032665644  0.0067797027  0.0000000   -0.00010414066  0.0011593702  -7.0692081e-05  0.00042933548  -0.0012122932  -0.00044496615  2.8308516e-05  1.4297796e-05  -6.1000491e-05  1.9784127e-06  -0.00015233112  -3.5641722e-05  5.4056981e-05  -4.8586182e-05  4.9250308e-05  2.5094417e-05  -0.00020201809  -1.4976753e-05  1.3815159e-05  0.00013897748  7.1382203e-05  9.0033336e-06  -1.1063354e-05  -0.00012736929  2.5324134e-05  
0.00014340581  0.00043167747  0.0010122766  -6.1506025e-05  0.00037375359  0.00010414066  0.0000000   0.00013633629  0.00056656883  6.2811890e-05  -7.1366640e-05  -6.8654733e-05  -8.4541411e-05  0.00012548954  -0.00024725568  0.00048307062  8.3044674e-05  -0.00030622984  -0.00013401030  0.00019015711  -4.6895442e-05  -0.00037124094  -2.6539602e-05  0.00021298350  -1.0854089e-05  5.1617261e-05  -0.00020483013  9.0693242e-05  -1.5324628e-05  -1.5358649e-05  1.5067843e-08  0.00014340581  0.00043167747  0.0010122766  -6.1506025e-05  0.00037375359  0.00010414066  0.0000000   0.00013633629  0.00056656883  6.2811890e-05  -7.1366640e-05  -6.8654733e-05  -8.4541411e-05  0.00012548954  -0.00024725568  0.00048307062  8.3044674e-05  -0.00030622984  -0.00013401030  0.00019015711  -4.6895442e-05  -0.00037124094  -2.6539602e-05  0.00021298350  -1.0854089e-05  5.1617261e-05  -0.00020483013  9.0693242e-05  -1.5324628e-05  -1.5358649e-05  1.5067843e-08  
-0.00019074789  2.6536262e-05  1.3996215e-05  3.2394100e-05  -0.00065250204  -0.0011593702  -0.00013633629  0.0000000   3.1287155e-05  -0.00056400096  -1.8798353e-05  5.1775183e-05  0.0012902899  9.4567575e-05  -3.7634715e-05  -1.7010674e-05  -9.1079513e-05  -5.3350715e-05  -9.3555974e-05  0.00011934477  -7.8148097e-05  -1.3212738e-05  -0.00014451876  -9.7473127e-06  0.00011283659  -1.9451170e-05  1.6169377e-05  4.7422663e-05  -4.9088579e-06  -0.00020409409  0.00019272906  -0.00019074789  2.6536262e-05  1.3996215e-05  3.2394100e-05  -0.00065250204  -0.0011593702  -0.00013633629  0.0000000   3.1287155e-05  -0.00056400096  -1.8798353e-05  5.1775183e-05  0.0012902899  9.4567575e-05  -3.7634715e-05  -1.7010674e-05  -9.1079513e-05  -5.3350715e-05  -9.3555974e-05  0.00011934477  -7.8148097e-05  -1.3212738e-05  -0.00014451876  -9.7473127e-06  0.00011283659  -1.9451170e-05  1.6169377e-05  4.7422663e-05  -4.9088579e-06  -0.00020409409  0.00019272906  
2.0151749e-05  0.00041219799  -0.00018444953  0.00031606809  -4.5163422e-05  7.0692081e-05  -0.00056656883  -3.1287155e-05  0.0000000   2.5645704e-05  3.1181082e-06  -2.7450205e-05  -0.00020415254  0.00027795745  -0.00024149274  -0.00042704891  6.5633070e-05  -0.00012858054  -4.8390785e-05  0.00016695345  -0.00025492018  -2.6679835e-05  1.5786258e-05  -7.3564568e-05  -3.1650683e-05  -2.6511440e-05  0.00018616957  0.00010524281  -2.8299134e-05  1.2350610e-05  -2.5486959e-05  2.0151749e-05  0.00041219799  -0.00018444953  0.00031606809  -4.5163422e-05  7.0692081e-05  -0.00056656883  -3.1287155e-05  0.0000000   2.5645704e-05  3.1181082e-06  -2.7450205e-05  -0.00020415254  0.00027795745  -0.00024149274  -0.00042704891  6.5633070e-05  -0.00012858054  -4.8390785e-05  0.00016695345  -0.00025492018  -2.6679835e-05  1.5786258e-05  -7.3564568e-05  -3.1650683e-05  -2.6511440e-05  0.00018616957  0.00010524281  -2.8299134e-05  1.2350610e-05  -2.5486959e-05  
-0.00012367451  -1.8715150e-05  -2.1663458e-05  -1.3236749e-05  -0.00041665445  -0.00042933548  -6.2811890e-05  0.00056400096  -2.5645704e-05  0.0000000   0.0029758561  0.00031552633  0.00050716908  3.6382303e-05  1.9743316e-05  -1.8192130e-05  2.9994955e-05  0.00038589727  -7.0416832e-05  4.7088107e-05  -4.0168180e-06  -7.5370060e-06  0.00012650431  -7.9289838e-07  0.00011278569  0.00015690037  3.9507266e-05  1.1909181e-06  -6.7159137e-07  0.00017485768  -8.7512453e-05  -0.00012367451  -1.8715150e-05  -2.1663458e-05  -1.3236749e-05  -0.00041665445  -0.00042933548  -6.2811890e-05  0.00056400096  -2.5645704e-05  0.0000000   0.0029758561  0.00031552633  0.00050716908  3.6382303e-05  1.9743316e-05  -1.8192130e-05  2.9994955e-05  0.00038589727  -7.0416832e-05  4.7088107e-05  -4.0168180e-06  -7.5370060e-06  0.00012650431  -7.9289838e-07  0.00011278569  0.00015690037  3.9507266e-05  1.1909181e-06  -6.7159137e-07  0.00017485768  -8.7512453e-05  
0.00015039588  -5.1510484e-05  7.8532485e-06  6.0088708e-05  -0.00054107478  0.0012122932  7.1366640e-05  1.8798353e-05  -3.1181082e-06  -0.0029758561  0.0000000   0.00027778163  0.00058765003  3.9731816e-05  -8.9471036e-05  -6.6918853e-05  0.00020689492  -4.7624983e-05  0.00021856592  -7.0412795e-05  4.4556326e-05  -5.2527064e-07  0.00016856710  1.8292250e-05  8.3528742e-08  0.00033720427  5.5443021e-05  -7.0853869e-05  -3.0635408e-06  -3.6201368e-05  7.3172386e-05  0.00015039588  -5.1510484e-05  7.8532485e-06  6.0088708e-05  -0.00054107478  0.0012122932  7.1366640e-05  1.8798353e-05  -3.1181082e-06  -0.0029758561  0.0000000   0.00027778163  0.00058765003  3.9731816e-05  -8.9471036e-05  -6.6918853e-05  0.00020689492  -4.7624983e-05  0.00021856592  -7.0412795e-05  4.4556326e-05  -5.2527064e-07  0.00016856710  1.8292250e-05  8.3528742e-08  0.00033720427  5.5443021e-05  -7.0853869e-05  -3.0635408e-06  -3.6201368e-05  7.3172386e-05  
