0.0000000   0.0055193435  -6.2926310e-05  -0.00074331255  9.2256479e-05  -7.2277519e-05  -0.00048458876  -0.00019190909  0.00030938588  6.3240350e-06  -1.3861396e-05  8.9454183e-05  7.7708506e-06  9.8736150e-06  -1.5237617e-05  0.00017006137  1.5531840e-05  2.8697071e-06  1.1543600e-05  -1.2537819e-05  6.9179015e-05  7.2662361e-06  1.2253983e-05  2.4797371e-05  4.2262538e-05  -1.1744727e-05  -1.2713699e-05  -3.9805262e-06  5.7502958e-05  -3.1326986e-05  3.2632940e-06  0.0000000   0.0055193435  -6.2926310e-05  -0.00074331255  9.2256479e-05  -7.2277519e-05  -0.00048458876  -0.00019190909  0.00030938588  6.3240350e-06  -1.3861396e-05  8.9454183e-05  7.7708506e-06  9.8736150e-06  -1.5237617e-05  0.00017006137  1.5531840e-05  2.8697071e-06  1.1543600e-05  -1.2537819e-05  6.9179015e-05  7.2662361e-06  1.2253983e-05  2.4797371e-05  4.2262538e-05  -1.1744727e-05  -1.2713699e-05  -3.9805262e-06  5.7502958e-05  -3.1326986e-05  3.2632940e-06  
-0.0055193435  0.0000000   3.6551798e-06  -0.0020594857  0.00051813254  -7.7523687e-05  -0.00021570353  0.00021745323  0.00058836832  -2.9346517e-06  1.5877256e-05  0.00029515882  5.9586214e-05  4.7840775e-06  1.3382168e-05  0.00021234587  5.0761815e-06  1.4126783e-05  1.0054176e-05  2.9057293e-05  -0.00017818412  -1.8332051e-05  -2.1410385e-05  1.5288965e-05  -4.4523706e-05  9.5598033e-06  -4.7792745e-06  -3.7017127e-06  0.00011015215  -5.0750860e-05  1.3508722e-05  -0.0055193435  0.0000000   3.6551798e-06  -0.0020594857  0.00051813254  -7.7523687e-05  -0.00021570353  0.00021745323  0.00058836832  -2.9346517e-06  1.5877256e-05  0.00029515882  5.9586214e-05  4.7840775e-06  1.3382168e-05  0.00021234587  5.0761815e-06  1.4126783e-05  1.0054176e-05  2.9057293e-05  -0.00017818412  -1.8332051e-05  -2.1410385e-05  1.5288965e-05  -4.4523706e-05  9.5598033e-06  -4.7792745e-06  -3.7017127e-06  0.00011015215  -5.0750860e-05  1.3508722e-05  
6.2926310e-05  -3.6551798e-06  0.0000000   5.4816670e-05  1.7661931e-05  -0.00066059893  2.3684140e-05  -4.5827484e-05  -2.2938439e-05  1.7796960e-05  -9.9808277e-05  -2.0065731e-05  -9.9456092e-05  -0.00037490192  5.4976177e-06  1.9686944e-05  -4.6136954e-05  8.3124258e-06  8.6206980e-05  -0.00015227300  -6.7357782e-06  -0.00011996801  -0.00022612898  -6.5751395e-05  -9.0839978e-06  0.00019416571  3.5939959e-05  -4.8232772e-05  1.6384960e-05  -1.3068238e-06  -2.1140576e-05  6.2926310e-05  -3.6551798e-06  0.0000000   5.4816670e-05  1.7661931e-05  -0.00066059893  2.3684140e-05  -4.5827484e-05  -2.2938439e-05  1.7796960e-05  -9.9808277e-05  -2.0065731e-05  -9.9456092e-05  -0.00037490192  5.4976177e-06  1.9686944e-05  -4.6136954e-05  8.3124258e-06  8.6206980e-05  -0.00015227300  -6.7357782e-06  -0.00011996801  -0.00022612898  -6.5751395e-05  -9.0839978e-06  0.00019416571  3.5939959e-05  -4.8232772e-05  1.6384960e-05  -1.3068238e-06  -2.1140576e-05  
0.00074331255  0.0020594857  -5.4816670e-05  0.0000000   -0.0010609676  6.7141966e-05  0.0011092459  -0.00037984140  2.9000866e-05  -3.4433712e-06  -1.2311320e-05  0.00022880341  2.1265474e-05  -1.8131053e-05  0.00027220680  -0.00020651423  -1.3859778e-05  -2.8539641e-06  2.2116928e-05  -3.3433337e-06  -3.2231545e-05  -1.1996594e-05  -1.5425292e-06  -6.5426862e-06  7.6932939e-05  -1.4884459e-05  -2.1675237e-06  2.8607442e-06  -0.00016404528  -7.1804352e-05  -1.3436115e-05  0.00074331255  0.0020594857  -5.4816670e-05  0.0000000   -0.0010609676  6.7141966e-05  0.0011092459  -0.00037984140  2.9000866e-05  -3.4433712e-06  -1.2311320e-05  0.00022880341  2.1265474e-05  -1.8131053e-05  0.00027220680  -0.00020651423  -1.3859778e-05  -2.8539641e-06  2.2116928e-05  -3.3433337e-06  -3.2231545e-05  -1.1996594e-05  -1.5425292e-06  -6.5426862e-06  7.6932939e-05  -1.4884459e-05  -2.1675237e-06  2.8607442e-06  -0.00016404528  -7.1804352e-05  -1.3436115e-05  
-9.2256479e-05  -0.00051813254  -1.7661931e-05  0.0010609676  0.0000000   2.1082044e-05  2.8432065e-05  -0.00018584090  0.00060695370  -9.3875979e-06  -3.3226411e-06  3.4765530e-05  3.5669239e-05  -2.2000605e-06  -0.00017649651  2.9700618e-06  -1.7338848e-05  7.3246828e-06  -6.1233518e-06  1.1126034e-05  -7.2646500e-05  1.9375141e-06  -1.3557578e-05  -1.9421316e-06  -4.0043408e-06  -8.3168828e-06  -3.0605656e-07  4.5773799e-06  0.00010548727  -1.0858039e-05  1.0305338e-05  -9.2256479e-05  -0.00051813254  -1.7661931e-05  0.0010609676  0.0000000   2.1082044e-05  2.8432065e-05  -0.00018584090  0.00060695370  -9.3875979e-06  -3.3226411e-06  3.4765530e-05  3.5669239e-05  -2.2000605e-06  -0.00017649651  2.9700618e-06  -1.7338848e-05  7.3246828e-06  -6.1233518e-06  1.1126034e-05  -7.2646500e-05  1.9375141e-06  -1.3557578e-05  -1.9421316e-06  -4.0043408e-06  -8.3168828e-06  -3.0605656e-07  4.5773799e-06  0.00010548727  -1.0858039e-05  1.0305338e-05  
7.2277519e-05  7.7523687e-05  0.00066059893  -6.7141966e-05  -2.1082044e-05  0.0000000   0.00016467226  -0.00047720669  -4.5270508e-05  -9.2412974e-05  0.00026556848  1.9204305e-05  -0.00029442032  -4.2121309e-05  -2.0271959e-05  -1.4903298e-05  0.00025574248  -4.9471605e-05  -7.3325801e-05  0.00034369719  6.0917353e-05  1.3854507e-05  0.00018114597  6.8626947e-05  9.9337681e-06  0.00020076058  9.8065161e-05  1.0900968e-05  -1.5631497e-05  2.8212377e-05  -7.2153161e-05  7.2277519e-05  7.7523687e-05  0.00066059893  -6.7141966e-05  -2.1082044e-05  0.0000000   0.00016467226  -0.00047720669  -4.5270508e-05  -9.2412974e-05  0.00026556848  1.9204305e-05  -0.00029442032  -4.2121309e-05  -2.0271959e-05  -1.4903298e-05  0.00025574248  -4.9471605e-05  -7.3325801e-05  0.00034369719  6.0917353e-05  1.3854507e-05  0.00018114597  6.8626947e-05  9.9337681e-06  0.00020076058  9.8065161e-05  1.0900968e-05  -1.5631497e-05  2.8212377e-05  -7.2153161e-05  
0.00048458876  0.00021570353  -2.3684140e-05  -0.0011092459  -2.8432065e-05  -0.00016467226  0.0000000   -0.0043852501  -0.0011093160  3.8591890e-05  -5.4887602e-05  -0.00043035357  -3.7497584e-05  4.3720465e-05  -8.0079893e-05  -3.3458475e-05  -7.5182671e-06  5.9009596e-06  -1.5511814e-05  -6.5213755e-05  0.00020293823  2.4034140e-05  1.8328414e-05  -3.7478781e-05  -0.00013931268  -4.7009771e-05  2.5056567e-06  1.7962378e-05  -0.00023340937  4.5413700e-05  -1.7829889e-06  0.00048458876  0.00021570353  -2.3684140e-05  -0.0011092459  -2.8432065e-05  -0.00016467226  0.0000000   -0.0043852501  -0.0011093160  3.8591890e-05  -5.4887602e-05  -0.00043035357  -3.7497584e-05  4.3720465e-05  -8.0079893e-05  -3.3458475e-05  -7.5182671e-06  5.9009596e-06  -1.5511814e-05  -6.5213755e-05  0.00020293823  2.4034140e-05  1.8328414e-05  -3.7478781e-05  -0.00013931268  -4.7009771e-05  2.5056567e-06  1.7962378e-05  -0.00023340937  4.5413700e-05  -1.7829889e-06  
0.00019190909  -0.00021745323  4.5827484e-05  0.00037984140  0.00018584090  0.00047720669  0.0043852501  0.0000000   0.0013339339  -5.1634480e-05  2.3159900e-06  0.00091434686  0.00014012202  -4.7612756e-05  -0.00032686139  0.00033801075  2.1736888e-05  1.3489983e-05  1.4237669e-05  -8.6471601e-06  3.9506105e-05  -1.5999783e-05  -3.7939383e-05  -1.4343106e-05  8.0333328e-05  -4.6300170e-06  2.2837959e-06  -8.0233407e-06  1.1959674e-05  0.00012015767  4.3037966e-05  0.00019190909  -0.00021745323  4.5827484e-05  0.00037984140  0.00018584090  0.00047720669  0.0043852501  0.0000000   0.0013339339  -5.1634480e-05  2.3159900e-06  0.00091434686  0.00014012202  -4.7612756e-05  -0.00032686139  0.00033801075  2.1736888e-05  1.3489983e-05  1.4237669e-05  -8.6471601e-06  3.9506105e-05  -1.5999783e-05  -3.7939383e-05  -1.4343106e-05  8.0333328e-05  -4.6300170e-06  2.2837959e-06  -8.0233407e-06  1.1959674e-05  0.00012015767  4.3037966e-05  
-0.00030938588  -0.00058836832  2.2938439e-05  -2.9000866e-05  -0.00060695370  4.5270508e-05  0.0011093160  -0.0013339339  0.0000000   -3.3665506e-06  7.2751529e-06  2.5221760e-05  2.5256975e-06  3.3234922e-06  -0.00067128587  0.00095487860  2.3796257e-05  -5.5400167e-06  -1.8593718e-05  5.1666023e-05  -0.00028889216  -3.4102992e-05  1.1890100e-05  -2.7327136e-05  -0.00016602248  1.7931284e-05  -6.3748247e-06  2.2644966e-06  1.6108933e-05  4.3380603e-05  -1.4671199e-05  -0.00030938588  -0.00058836832  2.2938439e-05  -2.9000866e-05  -0.00060695370  4.5270508e-05  0.0011093160  -0.0013339339  0.0000000   -3.3665506e-06  7.2751529e-06  2.5221760e-05  2.5256975e-06  3.3234922e-06  -0.00067128587  0.00095487860  2.3796257e-05  -5.5400167e-06  -1.8593718e-05  5.1666023e-05  -0.00028889216  -3.4102992e-05  1.1890100e-05  -2.7327136e-05  -0.00016602248  1.7931284e-05  -6.3748247e-06  2.2644966e-06  1.6108933e-05  4.3380603e-05  -1.4671199e-05  
-6.3240350e-06  2.9346517e-06  -1.7796960e-05  3.4433712e-06  9.3875979e-06  9.2412974e-05  -3.8591890e-05  5.1634480e-05  3.3665506e-06  0.0000000   -0.00053933336  -3.3738511e-05  0.00038109465  2.1576552e-05  1.5533430e-05  -1.9224965e-05  0.00015619202  -2.7862705e-05  -3.2022274e-05  0.00021005401  1.7545433e-05  6.6821458e-05  -2.9482073e-05  3.5709277e-05  8.6834193e-06  0.00023685244  1.5181837e-05  9.1990800e-05  -9.1935707e-06  -1.2105447e-05  -6.7287864e-05  -6.3240350e-06  2.9346517e-06  -1.7796960e-05  3.4433712e-06  9.3875979e-06  9.2412974e-05  -3.8591890e-05  5.1634480e-05  3.3665506e-06  0.0000000   -0.00053933336  -3.3738511e-05  0.00038109465  2.1576552e-05  1.5533430e-05  -1.9224965e-05  0.00015619202  -2.7862705e-05  -3.2022274e-05  0.00021005401  1.7545433e-05  6.6821458e-05  -2.9482073e-05  3.5709277e-05  8.6834193e-06  0.00023685244  1.5181837e-05  9.1990800e-05  -9.1935707e-06  -1.2105447e-05  -6.7287864e-05  
1.3861396e-05  -1.5877256e-05  9.9808277e-05  1.2311320e-05  3.3226411e-06  -0.00026556848  5.4887602e-05  -2.3159900e-06  -7.2751529e-06  0.00053933336  0.0000000   7.6098601e-05  -0.00062072391  -0.00034674450  4.5490178e-05  1.8772804e-05  0.00059111901  2.6458775e-05  -3.6751214e-05  0.00014683991  -1.5682805e-05  0.00012182798  0.00010490911  -2.1070577e-05  8.1487930e-06  9.5142537e-05  2.7769935e-05  -0.00013668957  1.6672780e-05  -4.5094680e-06  -4.7210099e-05  1.3861396e-05  -1.5877256e-05  9.9808277e-05  1.2311320e-05  3.3226411e-06  -0.00026556848  5.4887602e-05  -2.3159900e-06  -7.2751529e-06  0.00053933336  0.0000000   7.6098601e-05  -0.00062072391  -0.00034674450  4.5490178e-05  1.8772804e-05  0.00059111901  2.6458775e-05  -3.6751214e-05  0.00014683991  -1.5682805e-05  0.00012182798  0.00010490911  -2.1070577e-05  8.1487930e-06  9.5142537e-05  2.7769935e-05  -0.00013668957  1.6672780e-05  -4.5094680e-06  -4.7210099e-05  
-8.9454183e-05  -0.00029515882  2.0065731e-05  -0.00022880341  -3.4765530e-05  -1.9204305e-05  0.00043035357  -0.00091434686  -2.5221760e-05  3.3738511e-05  -7.6098601e-05  0.0000000   -2.6891867e-05  -0.00028432643  0.00038362854  0.0014855006  -2.5758904e-05  4.0518170e-05  -2.0581421e-06  -3.7231108e-05  8.3797191e-05  -9.1401291e-05  -2.6789269e-05  -1.7766698e-05  -0.00021441633  6.1338510e-05  2.8646518e-05  -2.7200511e-05  -0.00015549095  0.00011338151  2.4365603e-05  -8.9454183e-05  -0.00029515882  2.0065731e-05  -0.00022880341  -3.4765530e-05  -1.9204305e-05  0.00043035357  -0.00091434686  -2.5221760e-05  3.3738511e-05  -7.6098601e-05  0.0000000   -2.6891867e-05  -0.00028432643  0.00038362854  0.0014855006  -2.5758904e-05  4.0518170e-05  -2.0581421e-06  -3.7231108e-05  8.3797191e-05  -9.1401291e-05  -2.6789269e-05  -1.7766698e-05  -0.00021441633  6.1338510e-05  2.8646518e-05  -2.7200511e-05  -0.00015549095  0.00011338151  2.4365603e-05  
-7.7708506e-06  -5.9586214e-05  9.9456092e-05  -2.1265474e-05  -3.5669239e-05  0.00029442032  3.7497584e-05  -0.00014012202  -2.5256975e-06  -0.00038109465  0.00062072391  2.6891867e-05  0.0000000   0.0023495536  5.5122424e-05  0.00015285204  0.00042847346  -0.00047227994  0.00013550559  0.00014319304  -1.6183677e-05  0.00050472023  0.00041870728  -5.4826114e-05  8.1709370e-06  -0.00041456957  -0.00018832391  0.00022701572  -3.8299858e-05  2.3472045e-05  -0.00012393165  -7.7708506e-06  -5.9586214e-05  9.9456092e-05  -2.1265474e-05  -3.5669239e-05  0.00029442032  3.7497584e-05  -0.00014012202  -2.5256975e-06  -0.00038109465  0.00062072391  2.6891867e-05  0.0000000   0.0023495536  5.5122424e-05  0.00015285204  0.00042847346  -0.00047227994  0.00013550559  0.00014319304  -1.6183677e-05  0.00050472023  0.00041870728  -5.4826114e-05  8.1709370e-06  -0.00041456957  -0.00018832391  0.00022701572  -3.8299858e-05  2.3472045e-05  -0.00012393165  
-9.8736150e-06  -4.7840775e-06  0.00037490192  1.8131053e-05  2.2000605e-06  4.2121309e-05  -4.3720465e-05  4.7612756e-05  -3.3234922e-06  -2.1576552e-05  0.00034674450  0.00028432643  -0.0023495536  0.0000000   4.5344128e-05  -5.6969885e-05  0.00052105235  -0.00018174434  6.1960256e-05  -0.00021519467  -4.2825771e-05  -6.5014924e-05  -0.00017459050  -2.9540204e-05  -7.2327419e-06  3.8012894e-05  -0.00013524240  -0.00013956766  1.8494759e-05  -1.5166692e-06  0.00010131748  -9.8736150e-06  -4.7840775e-06  0.00037490192  1.8131053e-05  2.2000605e-06  4.2121309e-05  -4.3720465e-05  4.7612756e-05  -3.3234922e-06  -2.1576552e-05  0.00034674450  0.00028432643  -0.0023495536  0.0000000   4.5344128e-05  -5.6969885e-05  0.00052105235  -0.00018174434  6.1960256e-05  -0.00021519467  -4.2825771e-05  -6.5014924e-05  -0.00017459050  -2.9540204e-05  -7.2327419e-06  3.8012894e-05  -0.00013524240  -0.00013956766  1.8494759e-05  -1.5166692e-06  0.00010131748  
1.5237617e-05  -1.3382168e-05  -5.4976177e-06  -0.00027220680  0.00017649651  2.0271959e-05  8.0079893e-05  0.00032686139  0.00067128587  -1.5533430e-05  -4.5490178e-05  -0.00038362854  -5.5122424e-05  -4.5344128e-05  0.0000000   -0.0016471134  -4.6404462e-05  -1.9413487e-05  2.3071242e-05  -5.2803877e-05  -2.5973087e-05  -1.5342727e-06  1.8878044e-05  -2.2159674e-05  -0.00030750079  -6.4284166e-06  3.6106239e-05  1.4760156e-05  -0.00014851125  -0.00012730520  -2.3263743e-05  1.5237617e-05  -1.3382168e-05  -5.4976177e-06  -0.00027220680  0.00017649651  2.0271959e-05  8.0079893e-05  0.00032686139  0.00067128587  -1.5533430e-05  -4.5490178e-05  -0.00038362854  -5.5122424e-05  -4.5344128e-05  0.0000000   -0.0016471134  -4.6404462e-05  -1.9413487e-05  2.3071242e-05  -5.2803877e-05  -2.5973087e-05  -1.5342727e-06  1.8878044e-05  -2.2159674e-05  -0.00030750079  -6.4284166e-06  3.6106239e-05  1.4760156e-05  -0.00014851125  -0.00012730520  -2.3263743e-05  
-0.00017006137  -0.00021234587  -1.9686944e-05  0.00020651423  -2.9700618e-06  1.4903298e-05  3.3458475e-05  -0.00033801075  -0.00095487860  1.9224965e-05  -1.8772804e-05  -0.0014855006  -0.00015285204  5.6969885e-05  0.0016471134  0.0000000   -4.7261605e-05  8.6771338e-05  3.2747919e-05  0.00017557773  -0.00095954570  1.4397848e-05  6.5314614e-05  -2.5473568e-05  -0.00019715321  9.9638849e-07  3.4132645e-06  -4.4144531e-06  0.00013672975  0.00010048283  1.2707365e-05  -0.00017006137  -0.00021234587  -1.9686944e-05  0.00020651423  -2.9700618e-06  1.4903298e-05  3.3458475e-05  -0.00033801075  -0.00095487860  1.9224965e-05  -1.8772804e-05  -0.0014855006  -0.00015285204  5.6969885e-05  0.0016471134  0.0000000   -4.7261605e-05  8.6771338e-05  3.2747919e-05  0.00017557773  -0.00095954570  1.4397848e-05  6.5314614e-05  -2.5473568e-05  -0.00019715321  9.9638849e-07  3.4132645e-06  -4.4144531e-06  0.00013672975  0.00010048283  1.2707365e-05  
-1.5531840e-05  -5.0761815e-06  4.6136954e-05  1.3859778e-05  1.7338848e-05  -0.00025574248  7.5182671e-06  -2.1736888e-05  -2.3796257e-05  -0.00015619202  -0.00059111901  2.5758904e-05  -0.00042847346  -0.00052105235  4.6404462e-05  4.7261605e-05  0.0000000   -0.0024213822  0.0017911826  -0.0012599081  -1.2786931e-05  -0.00086695269  -0.00032886744  -0.00025061931  -3.8118927e-06  3.7034941e-06  0.00014265881  -2.4613609e-05  1.0856078e-05  2.3936416e-05  0.00032116255  -1.5531840e-05  -5.0761815e-06  4.6136954e-05  1.3859778e-05  1.7338848e-05  -0.00025574248  7.5182671e-06  -2.1736888e-05  -2.3796257e-05  -0.00015619202  -0.00059111901  2.5758904e-05  -0.00042847346  -0.00052105235  4.6404462e-05  4.7261605e-05  0.0000000   -0.0024213822  0.0017911826  -0.0012599081  -1.2786931e-05  -0.00086695269  -0.00032886744  -0.00025061931  -3.8118927e-06  3.7034941e-06  0.00014265881  -2.4613609e-05  1.0856078e-05  2.3936416e-05  0.00032116255  
-2.8697071e-06  -1.4126783e-05  -8.3124258e-06  2.8539641e-06  -7.3246828e-06  4.9471605e-05  -5.9009596e-06  -1.3489983e-05  5.5400167e-06  2.7862705e-05  -2.6458775e-05  -4.0518170e-05  0.00047227994  0.00018174434  1.9413487e-05  -8.6771338e-05  0.0024213822  0.0000000   0.0033102981  0.0012261406  0.00012607776  0.00039086338  -0.00021981541  2.5223793e-05  1.7794498e-05  -0.00028767407  0.00020815764  -0.00017730519  2.4749560e-05  -3.9723263e-05  0.00021467073  -2.8697071e-06  -1.4126783e-05  -8.3124258e-06  2.8539641e-06  -7.3246828e-06  4.9471605e-05  -5.9009596e-06  -1.3489983e-05  5.5400167e-06  2.7862705e-05  -2.6458775e-05  -4.0518170e-05  0.00047227994  0.00018174434  1.9413487e-05  -8.6771338e-05  0.0024213822  0.0000000   0.0033102981  0.0012261406  0.00012607776  0.00039086338  -0.00021981541  2.5223793e-05  1.7794498e-05  -0.00028767407  0.00020815764  -0.00017730519  2.4749560e-05  -3.9723263e-05  0.00021467073  
-1.1543600e-05  -1.0054176e-05  -8.6206980e-05  -2.2116928e-05  6.1233518e-06  7.3325801e-05  1.5511814e-05  -1.4237669e-05  1.8593718e-05  3.2022274e-05  3.6751214e-05  2.0581421e-06  -0.00013550559  -6.1960256e-05  -2.3071242e-05  -3.2747919e-05  -0.0017911826  -0.0033102981  0.0000000   0.00012793780  0.00016278460  -0.00016483041  -0.00041084747  0.00034404822  -4.4188899e-05  0.00043137543  4.2955438e-05  -0.00027528488  -4.5935925e-06  7.1718559e-06  -5.6736839e-05  -1.1543600e-05  -1.0054176e-05  -8.6206980e-05  -2.2116928e-05  6.1233518e-06  7.3325801e-05  1.5511814e-05  -1.4237669e-05  1.8593718e-05  3.2022274e-05  3.6751214e-05  2.0581421e-06  -0.00013550559  -6.1960256e-05  -2.3071242e-05  -3.2747919e-05  -0.0017911826  -0.0033102981  0.0000000   0.00012793780  0.00016278460  -0.00016483041  -0.00041084747  0.00034404822  -4.4188899e-05  0.00043137543  4.2955438e-05  -0.00027528488  -4.5935925e-06  7.1718559e-06  -5.6736839e-05  
1.2537819e-05  -2.9057293e-05  0.00015227300  3.3433337e-06  -1.1126034e-05  -0.00034369719  6.5213755e-05  8.6471601e-06  -5.1666023e-05  -0.00021005401  -0.00014683991  3.7231108e-05  -0.00014319304  0.00021519467  5.2803877e-05  -0.00017557773  0.0012599081  -0.0012261406  -0.00012793780  0.0000000   1.0263251e-05  -0.00045188644  -0.00011011664  -0.00028791630  -1.7198503e-05  -0.00015602379  -1.1296981e-06  -6.1543727e-05  6.1168050e-05  3.7926675e-05  4.9311443e-05  1.2537819e-05  -2.9057293e-05  0.00015227300  3.3433337e-06  -1.1126034e-05  -0.00034369719  6.5213755e-05  8.6471601e-06  -5.1666023e-05  -0.00021005401  -0.00014683991  3.7231108e-05  -0.00014319304  0.00021519467  5.2803877e-05  -0.00017557773  0.0012599081  -0.0012261406  -0.00012793780  0.0000000   1.0263251e-05  -0.00045188644  -0.00011011664  -0.00028791630  -1.7198503e-05  -0.00015602379  -1.1296981e-06  -6.1543727e-05  6.1168050e-05  3.7926675e-05  4.9311443e-05  
-6.9179015e-05  0.00017818412  6.7357782e-06  3.2231545e-05  7.2646500e-05  -6.0917353e-05  -0.00020293823  -3.9506105e-05  0.00028889216  -1.7545433e-05  1.5682805e-05  -8.3797191e-05  1.6183677e-05  4.2825771e-05  2.5973087e-05  0.00095954570  1.2786931e-05  -0.00012607776  -0.00016278460  -1.0263251e-05  0.0000000   -0.00010186571  -0.00016278362  -1.3283927e-05  0.00026374095  -6.3996717e-05  6.2828700e-06  1.3490472e-05  -0.00020124915  -0.00014432699  -2.5063412e-05  -6.9179015e-05  0.00017818412  6.7357782e-06  3.2231545e-05  7.2646500e-05  -6.0917353e-05  -0.00020293823  -3.9506105e-05  0.00028889216  -1.7545433e-05  1.5682805e-05  -8.3797191e-05  1.6183677e-05  4.2825771e-05  2.5973087e-05  0.00095954570  1.2786931e-05  -0.00012607776  -0.00016278460  -1.0263251e-05  0.0000000   -0.00010186571  -0.00016278362  -1.3283927e-05  0.00026374095  -6.3996717e-05  6.2828700e-06  1.3490472e-05  -0.00020124915  -0.00014432699  -2.5063412e-05  
-7.2662361e-06  1.8332051e-05  0.00011996801  1.1996594e-05  -1.9375141e-06  -1.3854507e-05  -2.4034140e-05  1.5999783e-05  3.4102992e-05  -6.6821458e-05  -0.00012182798  9.1401291e-05  -0.00050472023  6.5014924e-05  1.5342727e-06  -1.4397848e-05  0.00086695269  -0.00039086338  0.00016483041  0.00045188644  0.00010186571  0.0000000   0.0014991779  4.2061568e-05  0.00015642615  0.00082165015  -0.00017030615  -0.00038634580  2.5478616e-05  -7.7865978e-05  0.00016754550  -7.2662361e-06  1.8332051e-05  0.00011996801  1.1996594e-05  -1.9375141e-06  -1.3854507e-05  -2.4034140e-05  1.5999783e-05  3.4102992e-05  -6.6821458e-05  -0.00012182798  9.1401291e-05  -0.00050472023  6.5014924e-05  1.5342727e-06  -1.4397848e-05  0.00086695269  -0.00039086338  0.00016483041  0.00045188644  0.00010186571  0.0000000   0.0014991779  4.2061568e-05  0.00015642615  0.00082165015  -0.00017030615  -0.00038634580  2.5478616e-05  -7.7865978e-05  0.00016754550  
-1.2253983e-05  2.1410385e-05  0.00022612898  1.5425292e-06  1.3557578e-05  -0.00018114597  -1.8328414e-05  3.7939383e-05  -1.1890100e-05  2.9482073e-05  -0.00010490911  2.6789269e-05  -0.00041870728  0.00017459050  -1.8878044e-05  -6.5314614e-05  0.00032886744  0.00021981541  0.00041084747  0.00011011664  0.00016278362  -0.0014991779  0.0000000   -0.0024647121  0.00013247396  -0.0011063650  -0.00010926165  -7.3651563e-05  -2.4324311e-05  4.1983993e-05  0.00047964443  -1.2253983e-05  2.1410385e-05  0.00022612898  1.5425292e-06  1.3557578e-05  -0.00018114597  -1.8328414e-05  3.7939383e-05  -1.1890100e-05  2.9482073e-05  -0.00010490911  2.6789269e-05  -0.00041870728  0.00017459050  -1.8878044e-05  -6.5314614e-05  0.00032886744  0.00021981541  0.00041084747  0.00011011664  0.00016278362  -0.0014991779  0.0000000   -0.0024647121  0.00013247396  -0.0011063650  -0.00010926165  -7.3651563e-05  -2.4324311e-05  4.1983993e-05  0.00047964443  
-2.4797371e-05  -1.5288965e-05  6.5751395e-05  6.5426862e-06  1.9421316e-06  -6.8626947e-05  3.7478781e-05  1.4343106e-05  2.7327136e-05  -3.5709277e-05  2.1070577e-05  1.7766698e-05  5.4826114e-05  2.9540204e-05  2.2159674e-05  2.5473568e-05  0.00025061931  -2.5223793e-05  -0.00034404822  0.00028791630  1.3283927e-05  -4.2061568e-05  0.0024647121  0.0000000   0.00011926802  -0.0012762842  0.00029133037  0.00013688791  6.9739643e-05  1.5806669e-05  -0.00037750905  -2.4797371e-05  -1.5288965e-05  6.5751395e-05  6.5426862e-06  1.9421316e-06  -6.8626947e-05  3.7478781e-05  1.4343106e-05  2.7327136e-05  -3.5709277e-05  2.1070577e-05  1.7766698e-05  5.4826114e-05  2.9540204e-05  2.2159674e-05  2.5473568e-05  0.00025061931  -2.5223793e-05  -0.00034404822  0.00028791630  1.3283927e-05  -4.2061568e-05  0.0024647121  0.0000000   0.00011926802  -0.0012762842  0.00029133037  0.00013688791  6.9739643e-05  1.5806669e-05  -0.00037750905  
-4.2262538e-05  4.4523706e-05  9.0839978e-06  -7.6932939e-05  4.0043408e-06  -9.9337681e-06  0.00013931268  -8.0333328e-05  0.00016602248  -8.6834193e-06  -8.1487930e-06  0.00021441633  -8.1709370e-06  7.2327419e-06  0.00030750079  0.00019715321  3.8118927e-06  -1.7794498e-05  4.4188899e-05  1.7198503e-05  -0.00026374095  -0.00015642615  -0.00013247396  -0.00011926802  0.0000000   2.7287030e-05  6.1337570e-06  -3.6523965e-05  0.00010410977  -0.00019854359  6.4740238e-06  -4.2262538e-05  4.4523706e-05  9.0839978e-06  -7.6932939e-05  4.0043408e-06  -9.9337681e-06  0.00013931268  -8.0333328e-05  0.00016602248  -8.6834193e-06  -8.1487930e-06  0.00021441633  -8.1709370e-06  7.2327419e-06  0.00030750079  0.00019715321  3.8118927e-06  -1.7794498e-05  4.4188899e-05  1.7198503e-05  -0.00026374095  -0.00015642615  -0.00013247396  -0.00011926802  0.0000000   2.7287030e-05  6.1337570e-06  -3.6523965e-05  0.00010410977  -0.00019854359  6.4740238e-06  
1.1744727e-05  -9.5598033e-06  -0.00019416571  1.4884459e-05  8.3168828e-06  -0.00020076058  4.7009771e-05  4.6300170e-06  -1.7931284e-05  -0.00023685244  -9.5142537e-05  -6.1338510e-05  0.00041456957  -3.8012894e-05  6.4284166e-06  -9.9638849e-07  -3.7034941e-06  0.00028767407  -0.00043137543  0.00015602379  6.3996717e-05  -0.00082165015  0.0011063650  0.0012762842  -2.7287030e-05  0.0000000   0.0013453903  -0.00011220813  5.8670881e-05  0.00019724296  -0.00083136463  1.1744727e-05  -9.5598033e-06  -0.00019416571  1.4884459e-05  8.3168828e-06  -0.00020076058  4.7009771e-05  4.6300170e-06  -1.7931284e-05  -0.00023685244  -9.5142537e-05  -6.1338510e-05  0.00041456957  -3.8012894e-05  6.4284166e-06  -9.9638849e-07  -3.7034941e-06  0.00028767407  -0.00043137543  0.00015602379  6.3996717e-05  -0.00082165015  0.0011063650  0.0012762842  -2.7287030e-05  0.0000000   0.0013453903  -0.00011220813  5.8670881e-05  0.00019724296  -0.00083136463  
1.2713699e-05  4.7792745e-06  -3.5939959e-05  2.1675237e-06  3.0605656e-07  -9.8065161e-05  -2.5056567e-06  -2.2837959e-06  6.3748247e-06  -1.5181837e-05  -2.7769935e-05  -2.8646518e-05  0.00018832391  0.00013524240  -3.6106239e-05  -3.4132645e-06  -0.00014265881  -0.00020815764  -4.2955438e-05  1.1296981e-06  -6.2828700e-06  0.00017030615  0.00010926165  -0.00029133037  -6.1337570e-06  -0.0013453903  0.0000000   -0.0025804423  -8.2724150e-05  -1.8893332e-05  0.00067969995  1.2713699e-05  4.7792745e-06  -3.5939959e-05  2.1675237e-06  3.0605656e-07  -9.8065161e-05  -2.5056567e-06  -2.2837959e-06  6.3748247e-06  -1.5181837e-05  -2.7769935e-05  -2.8646518e-05  0.00018832391  0.00013524240  -3.6106239e-05  -3.4132645e-06  -0.00014265881  -0.00020815764  -4.2955438e-05  1.1296981e-06  -6.2828700e-06  0.00017030615  0.00010926165  -0.00029133037  -6.1337570e-06  -0.0013453903  0.0000000   -0.0025804423  -8.2724150e-05  -1.8893332e-05  0.00067969995  
3.9805262e-06  3.7017127e-06  4.8232772e-05  -2.8607442e-06  -4.5773799e-06  -1.0900968e-05  -1.7962378e-05  8.0233407e-06  -2.2644966e-06  -9.1990800e-05  0.00013668957  2.7200511e-05  -0.00022701572  0.00013956766  -1.4760156e-05  4.4144531e-06  2.4613609e-05  0.00017730519  0.00027528488  6.1543727e-05  -1.3490472e-05  0.00038634580  7.3651563e-05  -0.00013688791  3.6523965e-05  0.00011220813  0.0025804423  0.0000000   2.9954525e-05  -7.4061034e-05  0.00098750798  3.9805262e-06  3.7017127e-06  4.8232772e-05  -2.8607442e-06  -4.5773799e-06  -1.0900968e-05  -1.7962378e-05  8.0233407e-06  -2.2644966e-06  -9.1990800e-05  0.00013668957  2.7200511e-05  -0.00022701572  0.00013956766  -1.4760156e-05  4.4144531e-06  2.4613609e-05  0.00017730519  0.00027528488  6.1543727e-05  -1.3490472e-05  0.00038634580  7.3651563e-05  -0.00013688791  3.6523965e-05  0.00011220813  0.0025804423  0.0000000   2.9954525e-05  -7.4061034e-05  0.00098750798  
-5.7502958e-05  -0.00011015215  -1.6384960e-05  0.00016404528  -0.00010548727  1.5631497e-05  0.00023340937  -1.1959674e-05  -1.6108933e-05  9.1935707e-06  -1.6672780e-05  0.00015549095  3.8299858e-05  -1.8494759e-05  0.00014851125  -0.00013672975  -1.0856078e-05  -2.4749560e-05  4.5935925e-06  -6.1168050e-05  0.00020124915  -2.5478616e-05  2.4324311e-05  -6.9739643e-05  -0.00010410977  -5.8670881e-05  8.2724150e-05  -2.9954525e-05  0.0000000   -0.0062048320  -0.00074875622  -5.7502958e-05  -0.00011015215  -1.6384960e-05  0.00016404528  -0.00010548727  1.5631497e-05  0.00023340937  -1.1959674e-05  -1.6108933e-05  9.1935707e-06  -1.6672780e-05  0.00015549095  3.8299858e-05  -1.8494759e-05  0.00014851125  -0.00013672975  -1.0856078e-05  -2.4749560e-05  4.5935925e-06  -6.1168050e-05  0.00020124915  -2.5478616e-05  2.4324311e-05  -6.9739643e-05  -0.00010410977  -5.8670881e-05  8.2724150e-05  -2.9954525e-05  0.0000000   -0.0062048320  -0.00074875622  
3.1326986e-05  5.0750860e-05  1.3068238e-06  7.1804352e-05  1.0858039e-05  -2.8212377e-05  -4.5413700e-05  -0.00012015767  -4.3380603e-05  1.2105447e-05  4.5094680e-06  -0.00011338151  -2.3472045e-05  1.5166692e-06  0.00012730520  -0.00010048283  -2.3936416e-05  3.9723263e-05  -7.1718559e-06  -3.7926675e-05  0.00014432699  7.7865978e-05  -4.1983993e-05  -1.5806669e-05  0.00019854359  -0.00019724296  1.8893332e-05  7.4061034e-05  0.0062048320  0.0000000   -1.8491554e-05  3.1326986e-05  5.0750860e-05  1.3068238e-06  7.1804352e-05  1.0858039e-05  -2.8212377e-05  -4.5413700e-05  -0.00012015767  -4.3380603e-05  1.2105447e-05  4.5094680e-06  -0.00011338151  -2.3472045e-05  1.5166692e-06  0.00012730520  -0.00010048283  -2.3936416e-05  3.9723263e-05  -7.1718559e-06  -3.7926675e-05  0.00014432699  7.7865978e-05  -4.1983993e-05  -1.5806669e-05  0.00019854359  -0.00019724296  1.8893332e-05  7.4061034e-05  0.0062048320  0.0000000   -1.8491554e-05  
-3.2632940e-06  -1.3508722e-05  2.1140576e-05  1.3436115e-05  -1.0305338e-05  7.2153161e-05  1.7829889e-06  -4.3037966e-05  1.4671199e-05  6.7287864e-05  4.7210099e-05  -2.4365603e-05  0.00012393165  -0.00010131748  2.3263743e-05  -1.2707365e-05  -0.00032116255  -0.00021467073  5.6736839e-05  -4.9311443e-05  2.5063412e-05  -0.00016754550  -0.00047964443  0.00037750905  -6.4740238e-06  0.00083136463  -0.00067969995  -0.00098750798  0.00074875622  1.8491554e-05  0.0000000   -3.2632940e-06  -1.3508722e-05  2.1140576e-05  1.3436115e-05  -1.0305338e-05  7.2153161e-05  1.7829889e-06  -4.3037966e-05  1.4671199e-05  6.7287864e-05  4.7210099e-05  -2.4365603e-05  0.00012393165  -0.00010131748  2.3263743e-05  -1.2707365e-05  -0.00032116255  -0.00021467073  5.6736839e-05  -4.9311443e-05  2.5063412e-05  -0.00016754550  -0.00047964443  0.00037750905  -6.4740238e-06  0.00083136463  -0.00067969995  -0.00098750798  0.00074875622  1.8491554e-05  0.0000000   
0.0000000   0.0055193435  -6.2926310e-05  -0.00074331255  9.2256479e-05  -7.2277519e-05  -0.00048458876  -0.00019190909  0.00030938588  6.3240350e-06  -1.3861396e-05  8.9454183e-05  7.7708506e-06  9.8736150e-06  -1.5237617e-05  0.00017006137  1.5531840e-05  2.8697071e-06  1.1543600e-05  -1.2537819e-05  6.9179015e-05  7.2662361e-06  1.2253983e-05  2.4797371e-05  4.2262538e-05  -1.1744727e-05  -1.2713699e-05  -3.9805262e-06  5.7502958e-05  -3.1326986e-05  3.2632940e-06  0.0000000   0.0055193435  -6.2926310e-05  -0.00074331255  9.2256479e-05  -7.2277519e-05  -0.00048458876  -0.00019190909  0.00030938588  6.3240350e-06  -1.3861396e-05  8.9454183e-05  7.7708506e-06  9.8736150e-06  -1.5237617e-05  0.00017006137  1.5531840e-05  2.8697071e-06  1.1543600e-05  -1.2537819e-05  6.9179015e-05  7.2662361e-06  1.2253983e-05  2.4797371e-05  4.2262538e-05  -1.1744727e-05  -1.2713699e-05  -3.9805262e-06  5.7502958e-05  -3.1326986e-05  3.2632940e-06  
-0.0055193435  0.0000000   3.6551798e-06  -0.0020594857  0.00051813254  -7.7523687e-05  -0.00021570353  0.00021745323  0.00058836832  -2.9346517e-06  1.5877256e-05  0.00029515882  5.9586214e-05  4.7840775e-06  1.3382168e-05  0.00021234587  5.0761815e-06  1.4126783e-05  1.0054176e-05  2.9057293e-05  -0.00017818412  -1.8332051e-05  -2.1410385e-05  1.5288965e-05  -4.4523706e-05  9.5598033e-06  -4.7792745e-06  -3.7017127e-06  0.00011015215  -5.0750860e-05  1.3508722e-05  -0.0055193435  0.0000000   3.6551798e-06  -0.0020594857  0.00051813254  -7.7523687e-05  -0.00021570353  0.00021745323  0.00058836832  -2.9346517e-06  1.5877256e-05  0.00029515882  5.9586214e-05  4.7840775e-06  1.3382168e-05  0.00021234587  5.0761815e-06  1.4126783e-05  1.0054176e-05  2.9057293e-05  -0.00017818412  -1.8332051e-05  -2.1410385e-05  1.5288965e-05  -4.4523706e-05  9.5598033e-06  -4.7792745e-06  -3.7017127e-06  0.00011015215  -5.0750860e-05  1.3508722e-05  
6.2926310e-05  -3.6551798e-06  0.0000000   5.4816670e-05  1.7661931e-05  -0.00066059893  2.3684140e-05  -4.5827484e-05  -2.2938439e-05  1.7796960e-05  -9.9808277e-05  -2.0065731e-05  -9.9456092e-05  -0.00037490192  5.4976177e-06  1.9686944e-05  -4.6136954e-05  8.3124258e-06  8.6206980e-05  -0.00015227300  -6.7357782e-06  -0.00011996801  -0.00022612898  -6.5751395e-05  -9.0839978e-06  0.00019416571  3.5939959e-05  -4.8232772e-05  1.6384960e-05  -1.3068238e-06  -2.1140576e-05  6.2926310e-05  -3.6551798e-06  0.0000000   5.4816670e-05  1.7661931e-05  -0.00066059893  2.3684140e-05  -4.5827484e-05  -2.2938439e-05  1.7796960e-05  -9.9808277e-05  -2.0065731e-05  -9.9456092e-05  -0.00037490192  5.4976177e-06  1.9686944e-05  -4.6136954e-05  8.3124258e-06  8.6206980e-05  -0.00015227300  -6.7357782e-06  -0.00011996801  -0.00022612898  -6.5751395e-05  -9.0839978e-06  0.00019416571  3.5939959e-05  -4.8232772e-05  1.6384960e-05  -1.3068238e-06  -2.1140576e-05  
0.00074331255  0.0020594857  -5.4816670e-05  0.0000000   -0.0010609676  6.7141966e-05  0.0011092459  -0.00037984140  2.9000866e-05  -3.4433712e-06  -1.2311320e-05  0.00022880341  2.1265474e-05  -1.8131053e-05  0.00027220680  -0.00020651423  -1.3859778e-05  -2.8539641e-06  2.2116928e-05  -3.3433337e-06  -3.2231545e-05  -1.1996594e-05  -1.5425292e-06  -6.5426862e-06  7.6932939e-05  -1.4884459e-05  -2.1675237e-06  2.8607442e-06  -0.00016404528  -7.1804352e-05  -1.3436115e-05  0.00074331255  0.0020594857  -5.4816670e-05  0.0000000   -0.0010609676  6.7141966e-05  0.0011092459  -0.00037984140  2.9000866e-05  -3.4433712e-06  -1.2311320e-05  0.00022880341  2.1265474e-05  -1.8131053e-05  0.00027220680  -0.00020651423  -1.3859778e-05  -2.8539641e-06  2.2116928e-05  -3.3433337e-06  -3.2231545e-05  -1.1996594e-05  -1.5425292e-06  -6.5426862e-06  7.6932939e-05  -1.4884459e-05  -2.1675237e-06  2.8607442e-06  -0.00016404528  -7.1804352e-05  -1.3436115e-05  
-9.2256479e-05  -0.00051813254  -1.7661931e-05  0.0010609676  0.0000000   2.1082044e-05  2.8432065e-05  -0.00018584090  0.00060695370  -9.3875979e-06  -3.3226411e-06  3.4765530e-05  3.5669239e-05  -2.2000605e-06  -0.00017649651  2.9700618e-06  -1.7338848e-05  7.3246828e-06  -6.1233518e-06  1.1126034e-05  -7.2646500e-05  1.9375141e-06  -1.3557578e-05  -1.9421316e-06  -4.0043408e-06  -8.3168828e-06  -3.0605656e-07  4.5773799e-06  0.00010548727  -1.0858039e-05  1.0305338e-05  -9.2256479e-05  -0.00051813254  -1.7661931e-05  0.0010609676  0.0000000   2.1082044e-05  2.8432065e-05  -0.00018584090  0.00060695370  -9.3875979e-06  -3.3226411e-06  3.4765530e-05  3.5669239e-05  -2.2000605e-06  -0.00017649651  2.9700618e-06  -1.7338848e-05  7.3246828e-06  -6.1233518e-06  1.1126034e-05  -7.2646500e-05  1.9375141e-06  -1.3557578e-05  -1.9421316e-06  -4.0043408e-06  -8.3168828e-06  -3.0605656e-07  4.5773799e-06  0.00010548727  -1.0858039e-05  1.0305338e-05  
7.2277519e-05  7.7523687e-05  0.00066059893  -6.7141966e-05  -2.1082044e-05  0.0000000   0.00016467226  -0.00047720669  -4.5270508e-05  -9.2412974e-05  0.00026556848  1.9204305e-05  -0.00029442032  -4.2121309e-05  -2.0271959e-05  -1.4903298e-05  0.00025574248  -4.9471605e-05  -7.3325801e-05  0.00034369719  6.0917353e-05  1.3854507e-05  0.00018114597  6.8626947e-05  9.9337681e-06  0.00020076058  9.8065161e-05  1.0900968e-05  -1.5631497e-05  2.8212377e-05  -7.2153161e-05  7.2277519e-05  7.7523687e-05  0.00066059893  -6.7141966e-05  -2.1082044e-05  0.0000000   0.00016467226  -0.00047720669  -4.5270508e-05  -9.2412974e-05  0.00026556848  1.9204305e-05  -0.00029442032  -4.2121309e-05  -2.0271959e-05  -1.4903298e-05  0.00025574248  -4.9471605e-05  -7.3325801e-05  0.00034369719  6.0917353e-05  1.3854507e-05  0.00018114597  6.8626947e-05  9.9337681e-06  0.00020076058  9.8065161e-05  1.0900968e-05  -1.5631497e-05  2.8212377e-05  -7.2153161e-05  
0.00048458876  0.00021570353  -2.3684140e-05  -0.0011092459  -2.8432065e-05  -0.00016467226  0.0000000   -0.0043852501  -0.0011093160  3.8591890e-05  -5.4887602e-05  -0.00043035357  -3.7497584e-05  4.3720465e-05  -8.0079893e-05  -3.3458475e-05  -7.5182671e-06  5.9009596e-06  -1.5511814e-05  -6.5213755e-05  0.00020293823  2.4034140e-05  1.8328414e-05  -3.7478781e-05  -0.00013931268  -4.7009771e-05  2.5056567e-06  1.7962378e-05  -0.00023340937  4.5413700e-05  -1.7829889e-06  0.00048458876  0.00021570353  -2.3684140e-05  -0.0011092459  -2.8432065e-05  -0.00016467226  0.0000000   -0.0043852501  -0.0011093160  3.8591890e-05  -5.4887602e-05  -0.00043035357  -3.7497584e-05  4.3720465e-05  -8.0079893e-05  -3.3458475e-05  -7.5182671e-06  5.9009596e-06  -1.5511814e-05  -6.5213755e-05  0.00020293823  2.4034140e-05  1.8328414e-05  -3.7478781e-05  -0.00013931268  -4.7009771e-05  2.5056567e-06  1.7962378e-05  -0.00023340937  4.5413700e-05  -1.7829889e-06  
0.00019190909  -0.00021745323  4.5827484e-05  0.00037984140  0.00018584090  0.00047720669  0.0043852501  0.0000000   0.0013339339  -5.1634480e-05  2.3159900e-06  0.00091434686  0.00014012202  -4.7612756e-05  -0.00032686139  0.00033801075  2.1736888e-05  1.3489983e-05  1.4237669e-05  -8.6471601e-06  3.9506105e-05  -1.5999783e-05  -3.7939383e-05  -1.4343106e-05  8.0333328e-05  -4.6300170e-06  2.2837959e-06  -8.0233407e-06  1.1959674e-05  0.00012015767  4.3037966e-05  0.00019190909  -0.00021745323  4.5827484e-05  0.00037984140  0.00018584090  0.00047720669  0.0043852501  0.0000000   0.0013339339  -5.1634480e-05  2.3159900e-06  0.00091434686  0.00014012202  -4.7612756e-05  -0.00032686139  0.00033801075  2.1736888e-05  1.3489983e-05  1.4237669e-05  -8.6471601e-06  3.9506105e-05  -1.5999783e-05  -3.7939383e-05  -1.4343106e-05  8.0333328e-05  -4.6300170e-06  2.2837959e-06  -8.0233407e-06  1.1959674e-05  0.00012015767  4.3037966e-05  
-0.00030938588  -0.00058836832  2.2938439e-05  -2.9000866e-05  -0.00060695370  4.5270508e-05  0.0011093160  -0.0013339339  0.0000000   -3.3665506e-06  7.2751529e-06  2.5221760e-05  2.5256975e-06  3.3234922e-06  -0.00067128587  0.00095487860  2.3796257e-05  -5.5400167e-06  -1.8593718e-05  5.1666023e-05  -0.00028889216  -3.4102992e-05  1.1890100e-05  -2.7327136e-05  -0.00016602248  1.7931284e-05  -6.3748247e-06  2.2644966e-06  1.6108933e-05  4.3380603e-05  -1.4671199e-05  -0.00030938588  -0.00058836832  2.2938439e-05  -2.9000866e-05  -0.00060695370  4.5270508e-05  0.0011093160  -0.0013339339  0.0000000   -3.3665506e-06  7.2751529e-06  2.5221760e-05  2.5256975e-06  3.3234922e-06  -0.00067128587  0.00095487860  2.3796257e-05  -5.5400167e-06  -1.8593718e-05  5.1666023e-05  -0.00028889216  -3.4102992e-05  1.1890100e-05  -2.7327136e-05  -0.00016602248  1.7931284e-05  -6.3748247e-06  2.2644966e-06  1.6108933e-05  4.3380603e-05  -1.4671199e-05  
-6.3240350e-06  2.9346517e-06  -1.7796960e-05  3.4433712e-06  9.3875979e-06  9.2412974e-05  -3.8591890e-05  5.1634480e-05  3.3665506e-06  0.0000000   -0.00053933336  -3.3738511e-05  0.00038109465  2.1576552e-05  1.5533430e-05  -1.9224965e-05  0.00015619202  -2.7862705e-05  -3.2022274e-05  0.00021005401  1.7545433e-05  6.6821458e-05  -2.9482073e-05  3.5709277e-05  8.6834193e-06  0.00023685244  1.5181837e-05  9.1990800e-05  -9.1935707e-06  -1.2105447e-05  -6.7287864e-05  -6.3240350e-06  2.9346517e-06  -1.7796960e-05  3.4433712e-06  9.3875979e-06  9.2412974e-05  -3.8591890e-05  5.1634480e-05  3.3665506e-06  0.0000000   -0.00053933336  -3.3738511e-05  0.00038109465  2.1576552e-05  1.5533430e-05  -1.9224965e-05  0.00015619202  -2.7862705e-05  -3.2022274e-05  0.00021005401  1.7545433e-05  6.6821458e-05  -2.9482073e-05  3.5709277e-05  8.6834193e-06  0.00023685244  1.5181837e-05  9.1990800e-05  -9.1935707e-06  -1.2105447e-05  -6.7287864e-05  
1.3861396e-05  -1.5877256e-05  9.9808277e-05  1.2311320e-05  3.3226411e-06  -0.00026556848  5.4887602e-05  -2.3159900e-06  -7.2751529e-06  0.00053933336  0.0000000   7.6098601e-05  -0.00062072391  -0.00034674450  4.5490178e-05  1.8772804e-05  0.00059111901  2.6458775e-05  -3.6751214e-05  0.00014683991  -1.5682805e-05  0.00012182798  0.00010490911  -2.1070577e-05  8.1487930e-06  9.5142537e-05  2.7769935e-05  -0.00013668957  1.6672780e-05  -4.5094680e-06  -4.7210099e-05  1.3861396e-05  -1.5877256e-05  9.9808277e-05  1.2311320e-05  3.3226411e-06  -0.00026556848  5.4887602e-05  -2.3159900e-06  -7.2751529e-06  0.00053933336  0.0000000   7.6098601e-05  -0.00062072391  -0.00034674450  4.5490178e-05  1.8772804e-05  0.00059111901  2.6458775e-05  -3.6751214e-05  0.00014683991  -1.5682805e-05  0.00012182798  0.00010490911  -2.1070577e-05  8.1487930e-06  9.5142537e-05  2.7769935e-05  -0.00013668957  1.6672780e-05  -4.5094680e-06  -4.7210099e-05  
