0.0000000   -0.0026540197  -0.00011207513  -0.00085907319  0.00044536726  -0.0011979559  0.00016278445  0.00033549962  -1.1965223e-05  0.00013983411  -2.0683667e-05  0.00023636325  -0.00018184273  -0.00029425845  8.8035572e-05  -7.3835364e-06  0.00029027825  0.00012621218  -7.5320775e-05  -6.9381190e-07  -7.9318750e-05  0.00013761489  3.1216319e-06  2.4789669e-05  -6.6394563e-05  0.00019674613  5.5985280e-05  -2.5815099e-05  -1.9960294e-05  -6.7964478e-05  -8.0623766e-06  0.0000000   -0.0026540197  -0.00011207513  -0.00085907319  0.00044536726  -0.0011979559  0.00016278445  0.00033549962  -1.1965223e-05  0.00013983411  -2.0683667e-05  0.00023636325  -0.00018184273  -0.00029425845  8.8035572e-05  -7.3835364e-06  0.00029027825  0.00012621218  -7.5320775e-05  -6.9381190e-07  -7.9318750e-05  0.00013761489  3.1216319e-06  2.4789669e-05  -6.6394563e-05  0.00019674613  5.5985280e-05  -2.5815099e-05  -1.9960294e-05  -6.7964478e-05  -8.0623766e-06  
0.0026540197  0.0000000   -0.00012892919  0.00021154800  -8.3924892e-05  -0.00021754035  0.00021545947  0.00022926111  -6.1068637e-05  0.00066471643  -1.3893474e-05  0.00015176628  0.00016231523  0.00023602599  -3.4765473e-05  1.6840020e-06  -1.1947758e-05  0.00029506004  0.00022433477  5.8277196e-05  6.2426165e-05  8.1592001e-05  3.9083375e-06  -3.2531875e-06  1.8654461e-05  -1.1060705e-05  1.0425710e-05  1.8482799e-06  -4.8567666e-05  -2.4554768e-05  -8.2525694e-06  0.0026540197  0.0000000   -0.00012892919  0.00021154800  -8.3924892e-05  -0.00021754035  0.00021545947  0.00022926111  -6.1068637e-05  0.00066471643  -1.3893474e-05  0.00015176628  0.00016231523  0.00023602599  -3.4765473e-05  1.6840020e-06  -1.1947758e-05  0.00029506004  0.00022433477  5.8277196e-05  6.2426165e-05  8.1592001e-05  3.9083375e-06  -3.2531875e-06  1.8654461e-05  -1.1060705e-05  1.0425710e-05  1.8482799e-06  -4.8567666e-05  -2.4554768e-05  -8.2525694e-06  
0.00011207513  0.00012892919  0.0000000   -9.3257096e-05  -1.6379955e-05  -9.5503635e-05  0.00011230290  -7.0708702e-05  -0.00054207584  -9.6730282e-05  0.00032365427  -4.9356781e-05  -6.0245318e-05  5.8214183e-06  -2.3906530e-05  -4.2379838e-06  9.6437146e-06  9.1964501e-06  2.0805002e-05  -0.00022096032  -1.8747562e-05  9.0807246e-06  -8.1967380e-05  0.00020064947  -1.2251936e-05  -8.0941653e-06  -3.1185474e-05  -0.00012627003  -2.0073996e-05  -3.0617956e-06  0.00012649628  0.00011207513  0.00012892919  0.0000000   -9.3257096e-05  -1.6379955e-05  -9.5503635e-05  0.00011230290  -7.0708702e-05  -0.00054207584  -9.6730282e-05  0.00032365427  -4.9356781e-05  -6.0245318e-05  5.8214183e-06  -2.3906530e-05  -4.2379838e-06  9.6437146e-06  9.1964501e-06  2.0805002e-05  -0.00022096032  -1.8747562e-05  9.0807246e-06  -8.1967380e-05  0.00020064947  -1.2251936e-05  -8.0941653e-06  -3.1185474e-05  -0.00012627003  -2.0073996e-05  -3.0617956e-06  0.00012649628  
0.00085907319  -0.00021154800  9.3257096e-05  0.0000000   0.0064259643  -0.00096024942  0.00021150721  -0.00036932204  0.00010146152  0.00060186466  1.8122205e-05  -0.00010757894  0.00036060061  1.1068189e-05  6.4970311e-05  1.7593254e-05  0.00039015924  2.6979900e-05  -0.00020130759  -8.5881399e-05  -7.1588881e-05  0.00014289549  -3.2239919e-06  -4.4734267e-06  -6.8159744e-05  1.6513669e-05  0.00011618756  -4.8284360e-05  -0.00014542770  -8.1885774e-06  1.7763878e-05  0.00085907319  -0.00021154800  9.3257096e-05  0.0000000   0.0064259643  -0.00096024942  0.00021150721  -0.00036932204  0.00010146152  0.00060186466  1.8122205e-05  -0.00010757894  0.00036060061  1.1068189e-05  6.4970311e-05  1.7593254e-05  0.00039015924  2.6979900e-05  -0.00020130759  -8.5881399e-05  -7.1588881e-05  0.00014289549  -3.2239919e-06  -4.4734267e-06  -6.8159744e-05  1.6513669e-05  0.00011618756  -4.8284360e-05  -0.00014542770  -8.1885774e-06  1.7763878e-05  
-0.00044536726  8.3924892e-05  1.6379955e-05  -0.0064259643  0.0000000   0.0026815482  0.0018629175  -0.0011813216  -0.00011094223  0.00095421396  0.00012411641  0.00010919758  -0.00047363297  -7.2195393e-05  -8.7315944e-05  1.2916391e-05  -0.00019747943  -4.3306190e-06  0.00016713186  -2.1583008e-05  1.1554008e-05  -0.00020828044  -4.8073201e-06  1.8290141e-05  1.2655784e-05  3.3034958e-05  -4.9466253e-05  3.9910298e-06  0.00020303286  -0.00012138041  2.7005274e-05  -0.00044536726  8.3924892e-05  1.6379955e-05  -0.0064259643  0.0000000   0.0026815482  0.0018629175  -0.0011813216  -0.00011094223  0.00095421396  0.00012411641  0.00010919758  -0.00047363297  -7.2195393e-05  -8.7315944e-05  1.2916391e-05  -0.00019747943  -4.3306190e-06  0.00016713186  -2.1583008e-05  1.1554008e-05  -0.00020828044  -4.8073201e-06  1.8290141e-05  1.2655784e-05  3.3034958e-05  -4.9466253e-05  3.9910298e-06  0.00020303286  -0.00012138041  2.7005274e-05  
0.0011979559  0.00021754035  9.5503635e-05  0.00096024942  -0.0026815482  0.0000000   0.0013374230  -0.0014945878  7.1085428e-05  -0.00069348149  -5.4285927e-05  -0.00022052037  -3.8082826e-05  -0.00022618696  1.7494397e-05  4.2672078e-05  -0.00026908821  8.4382427e-05  0.00034764859  5.9985274e-05  -8.3622531e-05  2.4710039e-05  1.3119639e-05  -1.0368546e-05  -3.2179430e-05  -6.0958918e-05  9.8748444e-06  1.8870049e-05  -8.9543598e-05  -0.00012457990  -7.3967037e-06  0.0011979559  0.00021754035  9.5503635e-05  0.00096024942  -0.0026815482  0.0000000   0.0013374230  -0.0014945878  7.1085428e-05  -0.00069348149  -5.4285927e-05  -0.00022052037  -3.8082826e-05  -0.00022618696  1.7494397e-05  4.2672078e-05  -0.00026908821  8.4382427e-05  0.00034764859  5.9985274e-05  -8.3622531e-05  2.4710039e-05  1.3119639e-05  -1.0368546e-05  -3.2179430e-05  -6.0958918e-05  9.8748444e-06  1.8870049e-05  -8.9543598e-05  -0.00012457990  -7.3967037e-06  
-0.00016278445  -0.00021545947  -0.00011230290  -0.00021150721  -0.0018629175  -0.0013374230  0.0000000   0.0023875588  -0.00021835689  0.0010456868  2.3836620e-05  -0.00068755991  -0.00023152403  -8.6697164e-05  2.4159137e-05  -7.3044834e-05  0.00029152387  -0.00035519906  -6.0118995e-05  1.7210318e-05  -6.4530515e-05  0.00017122864  1.2941781e-05  3.6462565e-07  -0.00010671531  1.6746017e-05  -8.1174878e-05  2.8196753e-05  -1.5419875e-05  5.0197167e-05  1.3258085e-05  -0.00016278445  -0.00021545947  -0.00011230290  -0.00021150721  -0.0018629175  -0.0013374230  0.0000000   0.0023875588  -0.00021835689  0.0010456868  2.3836620e-05  -0.00068755991  -0.00023152403  -8.6697164e-05  2.4159137e-05  -7.3044834e-05  0.00029152387  -0.00035519906  -6.0118995e-05  1.7210318e-05  -6.4530515e-05  0.00017122864  1.2941781e-05  3.6462565e-07  -0.00010671531  1.6746017e-05  -8.1174878e-05  2.8196753e-05  -1.5419875e-05  5.0197167e-05  1.3258085e-05  
-0.00033549962  -0.00022926111  7.0708702e-05  0.00036932204  0.0011813216  0.0014945878  -0.0023875588  0.0000000   -0.00022901904  0.0010401446  4.2775668e-05  -0.00017301136  0.00065691705  1.2299970e-05  3.2891227e-05  4.4891399e-05  -0.00033978978  0.00028558305  0.00018304483  2.7337609e-05  0.00022974126  -9.2025844e-06  -1.6585027e-05  1.1639087e-05  1.8368490e-05  -1.9991873e-05  1.2933375e-05  -1.1210494e-05  -9.5759565e-05  3.2352274e-05  -1.3795641e-05  -0.00033549962  -0.00022926111  7.0708702e-05  0.00036932204  0.0011813216  0.0014945878  -0.0023875588  0.0000000   -0.00022901904  0.0010401446  4.2775668e-05  -0.00017301136  0.00065691705  1.2299970e-05  3.2891227e-05  4.4891399e-05  -0.00033978978  0.00028558305  0.00018304483  2.7337609e-05  0.00022974126  -9.2025844e-06  -1.6585027e-05  1.1639087e-05  1.8368490e-05  -1.9991873e-05  1.2933375e-05  -1.1210494e-05  -9.5759565e-05  3.2352274e-05  -1.3795641e-05  
1.1965223e-05  6.1068637e-05  0.00054207584  -0.00010146152  0.00011094223  -7.1085428e-05  0.00021835689  0.00022901904  0.0000000   6.4722350e-05  -0.0026697465  0.00023861234  -0.00012398558  0.00014469335  6.6461399e-05  -0.00016205209  9.9119465e-05  4.2055965e-05  3.0932617e-05  6.1334196e-05  -6.7822046e-05  -1.7556701e-05  -4.9883478e-05  -5.5900755e-05  5.4732015e-06  2.6514839e-06  -7.5517794e-06  -2.5639381e-05  2.2308115e-06  -4.8182327e-06  -5.3080943e-05  1.1965223e-05  6.1068637e-05  0.00054207584  -0.00010146152  0.00011094223  -7.1085428e-05  0.00021835689  0.00022901904  0.0000000   6.4722350e-05  -0.0026697465  0.00023861234  -0.00012398558  0.00014469335  6.6461399e-05  -0.00016205209  9.9119465e-05  4.2055965e-05  3.0932617e-05  6.1334196e-05  -6.7822046e-05  -1.7556701e-05  -4.9883478e-05  -5.5900755e-05  5.4732015e-06  2.6514839e-06  -7.5517794e-06  -2.5639381e-05  2.2308115e-06  -4.8182327e-06  -5.3080943e-05  
-0.00013983411  -0.00066471643  9.6730282e-05  -0.00060186466  -0.00095421396  0.00069348149  -0.0010456868  -0.0010401446  -6.4722350e-05  0.0000000   -0.00033623935  -0.0011432537  0.00084682998  -0.00056832333  0.00011307377  -4.6195352e-05  0.00014749150  -0.00021356788  -0.00018447561  -3.3506038e-07  0.00039620470  0.00017928279  7.1903794e-06  -8.1193929e-06  -1.1696650e-05  -0.00013686682  -4.5632027e-05  1.1144015e-05  -4.1112595e-05  5.6597887e-05  1.7330765e-06  -0.00013983411  -0.00066471643  9.6730282e-05  -0.00060186466  -0.00095421396  0.00069348149  -0.0010456868  -0.0010401446  -6.4722350e-05  0.0000000   -0.00033623935  -0.0011432537  0.00084682998  -0.00056832333  0.00011307377  -4.6195352e-05  0.00014749150  -0.00021356788  -0.00018447561  -3.3506038e-07  0.00039620470  0.00017928279  7.1903794e-06  -8.1193929e-06  -1.1696650e-05  -0.00013686682  -4.5632027e-05  1.1144015e-05  -4.1112595e-05  5.6597887e-05  1.7330765e-06  
2.0683667e-05  1.3893474e-05  -0.00032365427  -1.8122205e-05  -0.00012411641  5.4285927e-05  -2.3836620e-05  -4.2775668e-05  0.0026697465  0.00033623935  0.0000000   -4.2063419e-05  0.00010449829  -6.2823084e-05  0.00040121877  6.4215775e-05  -3.8879730e-05  -0.00013146705  -5.2315590e-05  0.00078567068  2.9086879e-05  -2.4022145e-05  0.00013778229  -1.9135444e-06  -8.0180136e-06  -8.2356962e-06  6.1429533e-05  0.00012883594  -1.5209401e-05  -1.3525474e-05  0.00018369497  2.0683667e-05  1.3893474e-05  -0.00032365427  -1.8122205e-05  -0.00012411641  5.4285927e-05  -2.3836620e-05  -4.2775668e-05  0.0026697465  0.00033623935  0.0000000   -4.2063419e-05  0.00010449829  -6.2823084e-05  0.00040121877  6.4215775e-05  -3.8879730e-05  -0.00013146705  -5.2315590e-05  0.00078567068  2.9086879e-05  -2.4022145e-05  0.00013778229  -1.9135444e-06  -8.0180136e-06  -8.2356962e-06  6.1429533e-05  0.00012883594  -1.5209401e-05  -1.3525474e-05  0.00018369497  
-0.00023636325  -0.00015176628  4.9356781e-05  0.00010757894  -0.00010919758  0.00022052037  0.00068755991  0.00017301136  -0.00023861234  0.0011432537  4.2063419e-05  0.0000000   0.0034622837  -0.0020060084  0.00030578488  -3.0313502e-05  -0.00010798376  -0.00066506895  -0.00041352843  -0.00010827292  0.00028144893  -0.00033891827  3.0597884e-05  -1.2911135e-05  0.00014940347  0.00020511908  6.8584828e-05  -1.7948265e-05  -2.9650866e-05  1.4738520e-05  -3.8748620e-05  -0.00023636325  -0.00015176628  4.9356781e-05  0.00010757894  -0.00010919758  0.00022052037  0.00068755991  0.00017301136  -0.00023861234  0.0011432537  4.2063419e-05  0.0000000   0.0034622837  -0.0020060084  0.00030578488  -3.0313502e-05  -0.00010798376  -0.00066506895  -0.00041352843  -0.00010827292  0.00028144893  -0.00033891827  3.0597884e-05  -1.2911135e-05  0.00014940347  0.00020511908  6.8584828e-05  -1.7948265e-05  -2.9650866e-05  1.4738520e-05  -3.8748620e-05  
0.00018184273  -0.00016231523  6.0245318e-05  -0.00036060061  0.00047363297  3.8082826e-05  0.00023152403  -0.00065691705  0.00012398558  -0.00084682998  -0.00010449829  -0.0034622837  0.0000000   -0.0018497517  0.00037762365  8.9903111e-05  0.00022168367  0.0010460780  0.00030760137  0.00010679083  0.00067442641  -0.00025019451  4.8314870e-05  3.1569748e-05  -5.9851697e-05  0.00010526790  0.00028104849  -7.5997221e-05  -8.6340142e-05  -4.1751983e-05  -8.2657116e-06  0.00018184273  -0.00016231523  6.0245318e-05  -0.00036060061  0.00047363297  3.8082826e-05  0.00023152403  -0.00065691705  0.00012398558  -0.00084682998  -0.00010449829  -0.0034622837  0.0000000   -0.0018497517  0.00037762365  8.9903111e-05  0.00022168367  0.0010460780  0.00030760137  0.00010679083  0.00067442641  -0.00025019451  4.8314870e-05  3.1569748e-05  -5.9851697e-05  0.00010526790  0.00028104849  -7.5997221e-05  -8.6340142e-05  -4.1751983e-05  -8.2657116e-06  
0.00029425845  -0.00023602599  -5.8214183e-06  -1.1068189e-05  7.2195393e-05  0.00022618696  8.6697164e-05  -1.2299970e-05  -0.00014469335  0.00056832333  6.2823084e-05  0.0020060084  0.0018497517  0.0000000   -6.3335259e-05  -0.00029654765  -0.0015573924  -0.00046768941  0.00013437121  0.00010645551  -0.00025084108  -1.1897132e-05  -1.9915312e-06  -5.6857796e-06  0.00012276267  -2.7244208e-05  -4.3988244e-07  4.1940190e-05  -0.00015317388  0.00013081736  -5.1215950e-05  0.00029425845  -0.00023602599  -5.8214183e-06  -1.1068189e-05  7.2195393e-05  0.00022618696  8.6697164e-05  -1.2299970e-05  -0.00014469335  0.00056832333  6.2823084e-05  0.0020060084  0.0018497517  0.0000000   -6.3335259e-05  -0.00029654765  -0.0015573924  -0.00046768941  0.00013437121  0.00010645551  -0.00025084108  -1.1897132e-05  -1.9915312e-06  -5.6857796e-06  0.00012276267  -2.7244208e-05  -4.3988244e-07  4.1940190e-05  -0.00015317388  0.00013081736  -5.1215950e-05  
-8.8035572e-05  3.4765473e-05  2.3906530e-05  -6.4970311e-05  8.7315944e-05  -1.7494397e-05  -2.4159137e-05  -3.2891227e-05  -6.6461399e-05  -0.00011307377  -0.00040121877  -0.00030578488  -0.00037762365  6.3335259e-05  0.0000000   -0.0024397061  0.00073500113  -9.2215392e-05  -1.3655730e-05  0.00082095255  1.4925882e-06  -7.8001950e-06  0.00020561829  4.1023623e-05  -2.5574325e-05  -3.1526638e-05  9.5583065e-05  0.00026448486  2.3591262e-05  -1.6340457e-05  -0.00014463883  -8.8035572e-05  3.4765473e-05  2.3906530e-05  -6.4970311e-05  8.7315944e-05  -1.7494397e-05  -2.4159137e-05  -3.2891227e-05  -6.6461399e-05  -0.00011307377  -0.00040121877  -0.00030578488  -0.00037762365  6.3335259e-05  0.0000000   -0.0024397061  0.00073500113  -9.2215392e-05  -1.3655730e-05  0.00082095255  1.4925882e-06  -7.8001950e-06  0.00020561829  4.1023623e-05  -2.5574325e-05  -3.1526638e-05  9.5583065e-05  0.00026448486  2.3591262e-05  -1.6340457e-05  -0.00014463883  
7.3835364e-06  -1.6840020e-06  4.2379838e-06  -1.7593254e-05  -1.2916391e-05  -4.2672078e-05  7.3044834e-05  -4.4891399e-05  0.00016205209  4.6195352e-05  -6.4215775e-05  3.0313502e-05  -8.9903111e-05  0.00029654765  0.0024397061  0.0000000   0.00097811816  0.0012942092  2.8045470e-05  -0.00012214772  5.6230013e-05  8.1780608e-05  -0.00067213685  0.00022358094  1.2045686e-05  6.5108121e-06  -4.8938274e-05  -4.3456155e-05  -3.8641073e-06  2.2451217e-05  -0.00033495068  7.3835364e-06  -1.6840020e-06  4.2379838e-06  -1.7593254e-05  -1.2916391e-05  -4.2672078e-05  7.3044834e-05  -4.4891399e-05  0.00016205209  4.6195352e-05  -6.4215775e-05  3.0313502e-05  -8.9903111e-05  0.00029654765  0.0024397061  0.0000000   0.00097811816  0.0012942092  2.8045470e-05  -0.00012214772  5.6230013e-05  8.1780608e-05  -0.00067213685  0.00022358094  1.2045686e-05  6.5108121e-06  -4.8938274e-05  -4.3456155e-05  -3.8641073e-06  2.2451217e-05  -0.00033495068  
-0.00029027825  1.1947758e-05  -9.6437146e-06  -0.00039015924  0.00019747943  0.00026908821  -0.00029152387  0.00033978978  -9.9119465e-05  -0.00014749150  3.8879730e-05  0.00010798376  -0.00022168367  0.0015573924  -0.00073500113  -0.00097811816  0.0000000   -0.015923241  0.00069400360  -0.0011247648  0.00027968484  -0.00086940411  -0.00011279901  -4.5191671e-05  0.00011984393  -0.00027527306  0.00015770392  -0.00015398889  0.00013226942  -0.00011953933  7.2657413e-05  -0.00029027825  1.1947758e-05  -9.6437146e-06  -0.00039015924  0.00019747943  0.00026908821  -0.00029152387  0.00033978978  -9.9119465e-05  -0.00014749150  3.8879730e-05  0.00010798376  -0.00022168367  0.0015573924  -0.00073500113  -0.00097811816  0.0000000   -0.015923241  0.00069400360  -0.0011247648  0.00027968484  -0.00086940411  -0.00011279901  -4.5191671e-05  0.00011984393  -0.00027527306  0.00015770392  -0.00015398889  0.00013226942  -0.00011953933  7.2657413e-05  
-0.00012621218  -0.00029506004  -9.1964501e-06  -2.6979900e-05  4.3306190e-06  -8.4382427e-05  0.00035519906  -0.00028558305  -4.2055965e-05  0.00021356788  0.00013146705  0.00066506895  -0.0010460780  0.00046768941  9.2215392e-05  -0.0012942092  0.015923241  0.0000000   0.00057301700  -0.00014206075  0.00037371227  0.00032674184  3.0802530e-05  -0.00017203466  3.7861153e-05  -0.00036080237  -0.00019527321  8.1347625e-05  -0.00035350078  0.00026071832  0.00013993427  -0.00012621218  -0.00029506004  -9.1964501e-06  -2.6979900e-05  4.3306190e-06  -8.4382427e-05  0.00035519906  -0.00028558305  -4.2055965e-05  0.00021356788  0.00013146705  0.00066506895  -0.0010460780  0.00046768941  9.2215392e-05  -0.0012942092  0.015923241  0.0000000   0.00057301700  -0.00014206075  0.00037371227  0.00032674184  3.0802530e-05  -0.00017203466  3.7861153e-05  -0.00036080237  -0.00019527321  8.1347625e-05  -0.00035350078  0.00026071832  0.00013993427  
7.5320775e-05  -0.00022433477  -2.0805002e-05  0.00020130759  -0.00016713186  -0.00034764859  6.0118995e-05  -0.00018304483  -3.0932617e-05  0.00018447561  5.2315590e-05  0.00041352843  -0.00030760137  -0.00013437121  1.3655730e-05  -2.8045470e-05  -0.00069400360  -0.00057301700  0.0000000   1.3844672e-06  0.0018858141  -0.00037299230  -6.8910404e-05  3.7473916e-05  6.9665628e-05  -0.00024412532  2.6856407e-05  -1.0516421e-05  0.00033097768  0.00016268096  2.4474992e-05  7.5320775e-05  -0.00022433477  -2.0805002e-05  0.00020130759  -0.00016713186  -0.00034764859  6.0118995e-05  -0.00018304483  -3.0932617e-05  0.00018447561  5.2315590e-05  0.00041352843  -0.00030760137  -0.00013437121  1.3655730e-05  -2.8045470e-05  -0.00069400360  -0.00057301700  0.0000000   1.3844672e-06  0.0018858141  -0.00037299230  -6.8910404e-05  3.7473916e-05  6.9665628e-05  -0.00024412532  2.6856407e-05  -1.0516421e-05  0.00033097768  0.00016268096  2.4474992e-05  
6.9381190e-07  -5.8277196e-05  0.00022096032  8.5881399e-05  2.1583008e-05  -5.9985274e-05  -1.7210318e-05  -2.7337609e-05  -6.1334196e-05  3.3506038e-07  -0.00078567068  0.00010827292  -0.00010679083  -0.00010645551  -0.00082095255  0.00012214772  0.0011247648  0.00014206075  -1.3844672e-06  0.0000000   0.00019161184  3.4382748e-05  0.00096276828  -0.00038931965  -8.7181418e-06  -1.9623885e-06  -3.8685948e-05  1.5946625e-06  6.1630241e-06  4.2663977e-05  -0.00037427706  6.9381190e-07  -5.8277196e-05  0.00022096032  8.5881399e-05  2.1583008e-05  -5.9985274e-05  -1.7210318e-05  -2.7337609e-05  -6.1334196e-05  3.3506038e-07  -0.00078567068  0.00010827292  -0.00010679083  -0.00010645551  -0.00082095255  0.00012214772  0.0011247648  0.00014206075  -1.3844672e-06  0.0000000   0.00019161184  3.4382748e-05  0.00096276828  -0.00038931965  -8.7181418e-06  -1.9623885e-06  -3.8685948e-05  1.5946625e-06  6.1630241e-06  4.2663977e-05  -0.00037427706  
7.9318750e-05  -6.2426165e-05  1.8747562e-05  7.1588881e-05  -1.1554008e-05  8.3622531e-05  6.4530515e-05  -0.00022974126  6.7822046e-05  -0.00039620470  -2.9086879e-05  -0.00028144893  -0.00067442641  0.00025084108  -1.4925882e-06  -5.6230013e-05  -0.00027968484  -0.00037371227  -0.0018858141  -0.00019161184  0.0000000   0.0018029962  7.9045867e-06  0.00012083106  -7.9787599e-05  0.00083361898  3.2540747e-05  3.1578819e-05  -0.00014963211  0.00010161279  2.2327098e-05  7.9318750e-05  -6.2426165e-05  1.8747562e-05  7.1588881e-05  -1.1554008e-05  8.3622531e-05  6.4530515e-05  -0.00022974126  6.7822046e-05  -0.00039620470  -2.9086879e-05  -0.00028144893  -0.00067442641  0.00025084108  -1.4925882e-06  -5.6230013e-05  -0.00027968484  -0.00037371227  -0.0018858141  -0.00019161184  0.0000000   0.0018029962  7.9045867e-06  0.00012083106  -7.9787599e-05  0.00083361898  3.2540747e-05  3.1578819e-05  -0.00014963211  0.00010161279  2.2327098e-05  
-0.00013761489  -8.1592001e-05  -9.0807246e-06  -0.00014289549  0.00020828044  -2.4710039e-05  -0.00017122864  9.2025844e-06  1.7556701e-05  -0.00017928279  2.4022145e-05  0.00033891827  0.00025019451  1.1897132e-05  7.8001950e-06  -8.1780608e-05  0.00086940411  -0.00032674184  0.00037299230  -3.4382748e-05  -0.0018029962  0.0000000   -3.9560983e-05  -0.00014149274  0.00030648659  -0.00079663473  -0.00014114880  3.9149519e-05  0.00015438961  0.00011687963  2.0268409e-05  -0.00013761489  -8.1592001e-05  -9.0807246e-06  -0.00014289549  0.00020828044  -2.4710039e-05  -0.00017122864  9.2025844e-06  1.7556701e-05  -0.00017928279  2.4022145e-05  0.00033891827  0.00025019451  1.1897132e-05  7.8001950e-06  -8.1780608e-05  0.00086940411  -0.00032674184  0.00037299230  -3.4382748e-05  -0.0018029962  0.0000000   -3.9560983e-05  -0.00014149274  0.00030648659  -0.00079663473  -0.00014114880  3.9149519e-05  0.00015438961  0.00011687963  2.0268409e-05  
-3.1216319e-06  -3.9083375e-06  8.1967380e-05  3.2239919e-06  4.8073201e-06  -1.3119639e-05  -1.2941781e-05  1.6585027e-05  4.9883478e-05  -7.1903794e-06  -0.00013778229  -3.0597884e-05  -4.8314870e-05  1.9915312e-06  -0.00020561829  0.00067213685  0.00011279901  -3.0802530e-05  6.8910404e-05  -0.00096276828  -7.9045867e-06  3.9560983e-05  0.0000000   -1.9605257e-05  9.7525610e-05  -3.5478956e-05  0.00033302186  0.00092236681  1.7263968e-05  2.3890722e-05  -0.00058346735  -3.1216319e-06  -3.9083375e-06  8.1967380e-05  3.2239919e-06  4.8073201e-06  -1.3119639e-05  -1.2941781e-05  1.6585027e-05  4.9883478e-05  -7.1903794e-06  -0.00013778229  -3.0597884e-05  -4.8314870e-05  1.9915312e-06  -0.00020561829  0.00067213685  0.00011279901  -3.0802530e-05  6.8910404e-05  -0.00096276828  -7.9045867e-06  3.9560983e-05  0.0000000   -1.9605257e-05  9.7525610e-05  -3.5478956e-05  0.00033302186  0.00092236681  1.7263968e-05  2.3890722e-05  -0.00058346735  
-2.4789669e-05  3.2531875e-06  -0.00020064947  4.4734267e-06  -1.8290141e-05  1.0368546e-05  -3.6462565e-07  -1.1639087e-05  5.5900755e-05  8.1193929e-06  1.9135444e-06  1.2911135e-05  -3.1569748e-05  5.6857796e-06  -4.1023623e-05  -0.00022358094  4.5191671e-05  0.00017203466  -3.7473916e-05  0.00038931965  -0.00012083106  0.00014149274  1.9605257e-05  0.0000000   0.00060961173  0.00017087483  6.3190973e-05  1.8041965e-05  3.9324573e-05  6.9994706e-05  0.00019658543  -2.4789669e-05  3.2531875e-06  -0.00020064947  4.4734267e-06  -1.8290141e-05  1.0368546e-05  -3.6462565e-07  -1.1639087e-05  5.5900755e-05  8.1193929e-06  1.9135444e-06  1.2911135e-05  -3.1569748e-05  5.6857796e-06  -4.1023623e-05  -0.00022358094  4.5191671e-05  0.00017203466  -3.7473916e-05  0.00038931965  -0.00012083106  0.00014149274  1.9605257e-05  0.0000000   0.00060961173  0.00017087483  6.3190973e-05  1.8041965e-05  3.9324573e-05  6.9994706e-05  0.00019658543  
6.6394563e-05  -1.8654461e-05  1.2251936e-05  6.8159744e-05  -1.2655784e-05  3.2179430e-05  0.00010671531  -1.8368490e-05  -5.4732015e-06  1.1696650e-05  8.0180136e-06  -0.00014940347  5.9851697e-05  -0.00012276267  2.5574325e-05  -1.2045686e-05  -0.00011984393  -3.7861153e-05  -6.9665628e-05  8.7181418e-06  7.9787599e-05  -0.00030648659  -9.7525610e-05  -0.00060961173  0.0000000   -0.0055740721  0.00065143913  -0.00032945035  -0.00049215582  7.4787459e-05  -2.5739962e-05  6.6394563e-05  -1.8654461e-05  1.2251936e-05  6.8159744e-05  -1.2655784e-05  3.2179430e-05  0.00010671531  -1.8368490e-05  -5.4732015e-06  1.1696650e-05  8.0180136e-06  -0.00014940347  5.9851697e-05  -0.00012276267  2.5574325e-05  -1.2045686e-05  -0.00011984393  -3.7861153e-05  -6.9665628e-05  8.7181418e-06  7.9787599e-05  -0.00030648659  -9.7525610e-05  -0.00060961173  0.0000000   -0.0055740721  0.00065143913  -0.00032945035  -0.00049215582  7.4787459e-05  -2.5739962e-05  
-0.00019674613  1.1060705e-05  8.0941653e-06  -1.6513669e-05  -3.3034958e-05  6.0958918e-05  -1.6746017e-05  1.9991873e-05  -2.6514839e-06  0.00013686682  8.2356962e-06  -0.00020511908  -0.00010526790  2.7244208e-05  3.1526638e-05  -6.5108121e-06  0.00027527306  0.00036080237  0.00024412532  1.9623885e-06  -0.00083361898  0.00079663473  3.5478956e-05  -0.00017087483  0.0055740721  0.0000000   0.00061721262  -0.00035646469  0.00043322273  0.00050911388  -3.8964344e-07  -0.00019674613  1.1060705e-05  8.0941653e-06  -1.6513669e-05  -3.3034958e-05  6.0958918e-05  -1.6746017e-05  1.9991873e-05  -2.6514839e-06  0.00013686682  8.2356962e-06  -0.00020511908  -0.00010526790  2.7244208e-05  3.1526638e-05  -6.5108121e-06  0.00027527306  0.00036080237  0.00024412532  1.9623885e-06  -0.00083361898  0.00079663473  3.5478956e-05  -0.00017087483  0.0055740721  0.0000000   0.00061721262  -0.00035646469  0.00043322273  0.00050911388  -3.8964344e-07  
-5.5985280e-05  -1.0425710e-05  3.1185474e-05  -0.00011618756  4.9466253e-05  -9.8748444e-06  8.1174878e-05  -1.2933375e-05  7.5517794e-06  4.5632027e-05  -6.1429533e-05  -6.8584828e-05  -0.00028104849  4.3988244e-07  -9.5583065e-05  4.8938274e-05  -0.00015770392  0.00019527321  -2.6856407e-05  3.8685948e-05  -3.2540747e-05  0.00014114880  -0.00033302186  -6.3190973e-05  -0.00065143913  -0.00061721262  0.0000000   2.9170598e-05  0.00054581479  -0.00037506620  -0.00045750938  -5.5985280e-05  -1.0425710e-05  3.1185474e-05  -0.00011618756  4.9466253e-05  -9.8748444e-06  8.1174878e-05  -1.2933375e-05  7.5517794e-06  4.5632027e-05  -6.1429533e-05  -6.8584828e-05  -0.00028104849  4.3988244e-07  -9.5583065e-05  4.8938274e-05  -0.00015770392  0.00019527321  -2.6856407e-05  3.8685948e-05  -3.2540747e-05  0.00014114880  -0.00033302186  -6.3190973e-05  -0.00065143913  -0.00061721262  0.0000000   2.9170598e-05  0.00054581479  -0.00037506620  -0.00045750938  
2.5815099e-05  -1.8482799e-06  0.00012627003  4.8284360e-05  -3.9910298e-06  -1.8870049e-05  -2.8196753e-05  1.1210494e-05  2.5639381e-05  -1.1144015e-05  -0.00012883594  1.7948265e-05  7.5997221e-05  -4.1940190e-05  -0.00026448486  4.3456155e-05  0.00015398889  -8.1347625e-05  1.0516421e-05  -1.5946625e-06  -3.1578819e-05  -3.9149519e-05  -0.00092236681  -1.8041965e-05  0.00032945035  0.00035646469  -2.9170598e-05  0.0000000   -0.00014370062  0.00014177480  -0.0014587689  2.5815099e-05  -1.8482799e-06  0.00012627003  4.8284360e-05  -3.9910298e-06  -1.8870049e-05  -2.8196753e-05  1.1210494e-05  2.5639381e-05  -1.1144015e-05  -0.00012883594  1.7948265e-05  7.5997221e-05  -4.1940190e-05  -0.00026448486  4.3456155e-05  0.00015398889  -8.1347625e-05  1.0516421e-05  -1.5946625e-06  -3.1578819e-05  -3.9149519e-05  -0.00092236681  -1.8041965e-05  0.00032945035  0.00035646469  -2.9170598e-05  0.0000000   -0.00014370062  0.00014177480  -0.0014587689  
1.9960294e-05  4.8567666e-05  2.0073996e-05  0.00014542770  -0.00020303286  8.9543598e-05  1.5419875e-05  9.5759565e-05  -2.2308115e-06  4.1112595e-05  1.5209401e-05  2.9650866e-05  8.6340142e-05  0.00015317388  -2.3591262e-05  3.8641073e-06  -0.00013226942  0.00035350078  -0.00033097768  -6.1630241e-06  0.00014963211  -0.00015438961  -1.7263968e-05  -3.9324573e-05  0.00049215582  -0.00043322273  -0.00054581479  0.00014370062  0.0000000   -0.00029477707  -7.5138561e-06  1.9960294e-05  4.8567666e-05  2.0073996e-05  0.00014542770  -0.00020303286  8.9543598e-05  1.5419875e-05  9.5759565e-05  -2.2308115e-06  4.1112595e-05  1.5209401e-05  2.9650866e-05  8.6340142e-05  0.00015317388  -2.3591262e-05  3.8641073e-06  -0.00013226942  0.00035350078  -0.00033097768  -6.1630241e-06  0.00014963211  -0.00015438961  -1.7263968e-05  -3.9324573e-05  0.00049215582  -0.00043322273  -0.00054581479  0.00014370062  0.0000000   -0.00029477707  -7.5138561e-06  
6.7964478e-05  2.4554768e-05  3.0617956e-06  8.1885774e-06  0.00012138041  0.00012457990  -5.0197167e-05  -3.2352274e-05  4.8182327e-06  -5.6597887e-05  1.3525474e-05  -1.4738520e-05  4.1751983e-05  -0.00013081736  1.6340457e-05  -2.2451217e-05  0.00011953933  -0.00026071832  -0.00016268096  -4.2663977e-05  -0.00010161279  -0.00011687963  -2.3890722e-05  -6.9994706e-05  -7.4787459e-05  -0.00050911388  0.00037506620  -0.00014177480  0.00029477707  0.0000000   -8.6877483e-05  6.7964478e-05  2.4554768e-05  3.0617956e-06  8.1885774e-06  0.00012138041  0.00012457990  -5.0197167e-05  -3.2352274e-05  4.8182327e-06  -5.6597887e-05  1.3525474e-05  -1.4738520e-05  4.1751983e-05  -0.00013081736  1.6340457e-05  -2.2451217e-05  0.00011953933  -0.00026071832  -0.00016268096  -4.2663977e-05  -0.00010161279  -0.00011687963  -2.3890722e-05  -6.9994706e-05  -7.4787459e-05  -0.00050911388  0.00037506620  -0.00014177480  0.00029477707  0.0000000   -8.6877483e-05  
8.0623766e-06  8.2525694e-06  -0.00012649628  -1.7763878e-05  -2.7005274e-05  7.3967037e-06  -1.3258085e-05  1.3795641e-05  5.3080943e-05  -1.7330765e-06  -0.00018369497  3.8748620e-05  8.2657116e-06  5.1215950e-05  0.00014463883  0.00033495068  -7.2657413e-05  -0.00013993427  -2.4474992e-05  0.00037427706  -2.2327098e-05  -2.0268409e-05  0.00058346735  -0.00019658543  2.5739962e-05  3.8964344e-07  0.00045750938  0.0014587689  7.5138561e-06  8.6877483e-05  0.0000000   8.0623766e-06  8.2525694e-06  -0.00012649628  -1.7763878e-05  -2.7005274e-05  7.3967037e-06  -1.3258085e-05  1.3795641e-05  5.3080943e-05  -1.7330765e-06  -0.00018369497  3.8748620e-05  8.2657116e-06  5.1215950e-05  0.00014463883  0.00033495068  -7.2657413e-05  -0.00013993427  -2.4474992e-05  0.00037427706  -2.2327098e-05  -2.0268409e-05  0.00058346735  -0.00019658543  2.5739962e-05  3.8964344e-07  0.00045750938  0.0014587689  7.5138561e-06  8.6877483e-05  0.0000000   
0.0000000   -0.0026540197  -0.00011207513  -0.00085907319  0.00044536726  -0.0011979559  0.00016278445  0.00033549962  -1.1965223e-05  0.00013983411  -2.0683667e-05  0.00023636325  -0.00018184273  -0.00029425845  8.8035572e-05  -7.3835364e-06  0.00029027825  0.00012621218  -7.5320775e-05  -6.9381190e-07  -7.9318750e-05  0.00013761489  3.1216319e-06  2.4789669e-05  -6.6394563e-05  0.00019674613  5.5985280e-05  -2.5815099e-05  -1.9960294e-05  -6.7964478e-05  -8.0623766e-06  0.0000000   -0.0026540197  -0.00011207513  -0.00085907319  0.00044536726  -0.0011979559  0.00016278445  0.00033549962  -1.1965223e-05  0.00013983411  -2.0683667e-05  0.00023636325  -0.00018184273  -0.00029425845  8.8035572e-05  -7.3835364e-06  0.00029027825  0.00012621218  -7.5320775e-05  -6.9381190e-07  -7.9318750e-05  0.00013761489  3.1216319e-06  2.4789669e-05  -6.6394563e-05  0.00019674613  5.5985280e-05  -2.5815099e-05  -1.9960294e-05  -6.7964478e-05  -8.0623766e-06  
0.0026540197  0.0000000   -0.00012892919  0.00021154800  -8.3924892e-05  -0.00021754035  0.00021545947  0.00022926111  -6.1068637e-05  0.00066471643  -1.3893474e-05  0.00015176628  0.00016231523  0.00023602599  -3.4765473e-05  1.6840020e-06  -1.1947758e-05  0.00029506004  0.00022433477  5.8277196e-05  6.2426165e-05  8.1592001e-05  3.9083375e-06  -3.2531875e-06  1.8654461e-05  -1.1060705e-05  1.0425710e-05  1.8482799e-06  -4.8567666e-05  -2.4554768e-05  -8.2525694e-06  0.0026540197  0.0000000   -0.00012892919  0.00021154800  -8.3924892e-05  -0.00021754035  0.00021545947  0.00022926111  -6.1068637e-05  0.00066471643  -1.3893474e-05  0.00015176628  0.00016231523  0.00023602599  -3.4765473e-05  1.6840020e-06  -1.1947758e-05  0.00029506004  0.00022433477  5.8277196e-05  6.2426165e-05  8.1592001e-05  3.9083375e-06  -3.2531875e-06  1.8654461e-05  -1.1060705e-05  1.0425710e-05  1.8482799e-06  -4.8567666e-05  -2.4554768e-05  -8.2525694e-06  
0.00011207513  0.00012892919  0.0000000   -9.3257096e-05  -1.6379955e-05  -9.5503635e-05  0.00011230290  -7.0708702e-05  -0.00054207584  -9.6730282e-05  0.00032365427  -4.9356781e-05  -6.0245318e-05  5.8214183e-06  -2.3906530e-05  -4.2379838e-06  9.6437146e-06  9.1964501e-06  2.0805002e-05  -0.00022096032  -1.8747562e-05  9.0807246e-06  -8.1967380e-05  0.00020064947  -1.2251936e-05  -8.0941653e-06  -3.1185474e-05  -0.00012627003  -2.0073996e-05  -3.0617956e-06  0.00012649628  0.00011207513  0.00012892919  0.0000000   -9.3257096e-05  -1.6379955e-05  -9.5503635e-05  0.00011230290  -7.0708702e-05  -0.00054207584  -9.6730282e-05  0.00032365427  -4.9356781e-05  -6.0245318e-05  5.8214183e-06  -2.3906530e-05  -4.2379838e-06  9.6437146e-06  9.1964501e-06  2.0805002e-05  -0.00022096032  -1.8747562e-05  9.0807246e-06  -8.1967380e-05  0.00020064947  -1.2251936e-05  -8.0941653e-06  -3.1185474e-05  -0.00012627003  -2.0073996e-05  -3.0617956e-06  0.00012649628  
0.00085907319  -0.00021154800  9.3257096e-05  0.0000000   0.0064259643  -0.00096024942  0.00021150721  -0.00036932204  0.00010146152  0.00060186466  1.8122205e-05  -0.00010757894  0.00036060061  1.1068189e-05  6.4970311e-05  1.7593254e-05  0.00039015924  2.6979900e-05  -0.00020130759  -8.5881399e-05  -7.1588881e-05  0.00014289549  -3.2239919e-06  -4.4734267e-06  -6.8159744e-05  1.6513669e-05  0.00011618756  -4.8284360e-05  -0.00014542770  -8.1885774e-06  1.7763878e-05  0.00085907319  -0.00021154800  9.3257096e-05  0.0000000   0.0064259643  -0.00096024942  0.00021150721  -0.00036932204  0.00010146152  0.00060186466  1.8122205e-05  -0.00010757894  0.00036060061  1.1068189e-05  6.4970311e-05  1.7593254e-05  0.00039015924  2.6979900e-05  -0.00020130759  -8.5881399e-05  -7.1588881e-05  0.00014289549  -3.2239919e-06  -4.4734267e-06  -6.8159744e-05  1.6513669e-05  0.00011618756  -4.8284360e-05  -0.00014542770  -8.1885774e-06  1.7763878e-05  
-0.00044536726  8.3924892e-05  1.6379955e-05  -0.0064259643  0.0000000   0.0026815482  0.0018629175  -0.0011813216  -0.00011094223  0.00095421396  0.00012411641  0.00010919758  -0.00047363297  -7.2195393e-05  -8.7315944e-05  1.2916391e-05  -0.00019747943  -4.3306190e-06  0.00016713186  -2.1583008e-05  1.1554008e-05  -0.00020828044  -4.8073201e-06  1.8290141e-05  1.2655784e-05  3.3034958e-05  -4.9466253e-05  3.9910298e-06  0.00020303286  -0.00012138041  2.7005274e-05  -0.00044536726  8.3924892e-05  1.6379955e-05  -0.0064259643  0.0000000   0.0026815482  0.0018629175  -0.0011813216  -0.00011094223  0.00095421396  0.00012411641  0.00010919758  -0.00047363297  -7.2195393e-05  -8.7315944e-05  1.2916391e-05  -0.00019747943  -4.3306190e-06  0.00016713186  -2.1583008e-05  1.1554008e-05  -0.00020828044  -4.8073201e-06  1.8290141e-05  1.2655784e-05  3.3034958e-05  -4.9466253e-05  3.9910298e-06  0.00020303286  -0.00012138041  2.7005274e-05  
0.0011979559  0.00021754035  9.5503635e-05  0.00096024942  -0.0026815482  0.0000000   0.0013374230  -0.0014945878  7.1085428e-05  -0.00069348149  -5.4285927e-05  -0.00022052037  -3.8082826e-05  -0.00022618696  1.7494397e-05  4.2672078e-05  -0.00026908821  8.4382427e-05  0.00034764859  5.9985274e-05  -8.3622531e-05  2.4710039e-05  1.3119639e-05  -1.0368546e-05  -3.2179430e-05  -6.0958918e-05  9.8748444e-06  1.8870049e-05  -8.9543598e-05  -0.00012457990  -7.3967037e-06  0.0011979559  0.00021754035  9.5503635e-05  0.00096024942  -0.0026815482  0.0000000   0.0013374230  -0.0014945878  7.1085428e-05  -0.00069348149  -5.4285927e-05  -0.00022052037  -3.8082826e-05  -0.00022618696  1.7494397e-05  4.2672078e-05  -0.00026908821  8.4382427e-05  0.00034764859  5.9985274e-05  -8.3622531e-05  2.4710039e-05  1.3119639e-05  -1.0368546e-05  -3.2179430e-05  -6.0958918e-05  9.8748444e-06  1.8870049e-05  -8.9543598e-05  -0.00012457990  -7.3967037e-06  
-0.00016278445  -0.00021545947  -0.00011230290  -0.00021150721  -0.0018629175  -0.0013374230  0.0000000   0.0023875588  -0.00021835689  0.0010456868  2.3836620e-05  -0.00068755991  -0.00023152403  -8.6697164e-05  2.4159137e-05  -7.3044834e-05  0.00029152387  -0.00035519906  -6.0118995e-05  1.7210318e-05  -6.4530515e-05  0.00017122864  1.2941781e-05  3.6462565e-07  -0.00010671531  1.6746017e-05  -8.1174878e-05  2.8196753e-05  -1.5419875e-05  5.0197167e-05  1.3258085e-05  -0.00016278445  -0.00021545947  -0.00011230290  -0.00021150721  -0.0018629175  -0.0013374230  0.0000000   0.0023875588  -0.00021835689  0.0010456868  2.3836620e-05  -0.00068755991  -0.00023152403  -8.6697164e-05  2.4159137e-05  -7.3044834e-05  0.00029152387  -0.00035519906  -6.0118995e-05  1.7210318e-05  -6.4530515e-05  0.00017122864  1.2941781e-05  3.6462565e-07  -0.00010671531  1.6746017e-05  -8.1174878e-05  2.8196753e-05  -1.5419875e-05  5.0197167e-05  1.3258085e-05  
-0.00033549962  -0.00022926111  7.0708702e-05  0.00036932204  0.0011813216  0.0014945878  -0.0023875588  0.0000000   -0.00022901904  0.0010401446  4.2775668e-05  -0.00017301136  0.00065691705  1.2299970e-05  3.2891227e-05  4.4891399e-05  -0.00033978978  0.00028558305  0.00018304483  2.7337609e-05  0.00022974126  -9.2025844e-06  -1.6585027e-05  1.1639087e-05  1.8368490e-05  -1.9991873e-05  1.2933375e-05  -1.1210494e-05  -9.5759565e-05  3.2352274e-05  -1.3795641e-05  -0.00033549962  -0.00022926111  7.0708702e-05  0.00036932204  0.0011813216  0.0014945878  -0.0023875588  0.0000000   -0.00022901904  0.0010401446  4.2775668e-05  -0.00017301136  0.00065691705  1.2299970e-05  3.2891227e-05  4.4891399e-05  -0.00033978978  0.00028558305  0.00018304483  2.7337609e-05  0.00022974126  -9.2025844e-06  -1.6585027e-05  1.1639087e-05  1.8368490e-05  -1.9991873e-05  1.2933375e-05  -1.1210494e-05  -9.5759565e-05  3.2352274e-05  -1.3795641e-05  
1.1965223e-05  6.1068637e-05  0.00054207584  -0.00010146152  0.00011094223  -7.1085428e-05  0.00021835689  0.00022901904  0.0000000   6.4722350e-05  -0.0026697465  0.00023861234  -0.00012398558  0.00014469335  6.6461399e-05  -0.00016205209  9.9119465e-05  4.2055965e-05  3.0932617e-05  6.1334196e-05  -6.7822046e-05  -1.7556701e-05  -4.9883478e-05  -5.5900755e-05  5.4732015e-06  2.6514839e-06  -7.5517794e-06  -2.5639381e-05  2.2308115e-06  -4.8182327e-06  -5.3080943e-05  1.1965223e-05  6.1068637e-05  0.00054207584  -0.00010146152  0.00011094223  -7.1085428e-05  0.00021835689  0.00022901904  0.0000000   6.4722350e-05  -0.0026697465  0.00023861234  -0.00012398558  0.00014469335  6.6461399e-05  -0.00016205209  9.9119465e-05  4.2055965e-05  3.0932617e-05  6.1334196e-05  -6.7822046e-05  -1.7556701e-05  -4.9883478e-05  -5.5900755e-05  5.4732015e-06  2.6514839e-06  -7.5517794e-06  -2.5639381e-05  2.2308115e-06  -4.8182327e-06  -5.3080943e-05  
-0.00013983411  -0.00066471643  9.6730282e-05  -0.00060186466  -0.00095421396  0.00069348149  -0.0010456868  -0.0010401446  -6.4722350e-05  0.0000000   -0.00033623935  -0.0011432537  0.00084682998  -0.00056832333  0.00011307377  -4.6195352e-05  0.00014749150  -0.00021356788  -0.00018447561  -3.3506038e-07  0.00039620470  0.00017928279  7.1903794e-06  -8.1193929e-06  -1.1696650e-05  -0.00013686682  -4.5632027e-05  1.1144015e-05  -4.1112595e-05  5.6597887e-05  1.7330765e-06  -0.00013983411  -0.00066471643  9.6730282e-05  -0.00060186466  -0.00095421396  0.00069348149  -0.0010456868  -0.0010401446  -6.4722350e-05  0.0000000   -0.00033623935  -0.0011432537  0.00084682998  -0.00056832333  0.00011307377  -4.6195352e-05  0.00014749150  -0.00021356788  -0.00018447561  -3.3506038e-07  0.00039620470  0.00017928279  7.1903794e-06  -8.1193929e-06  -1.1696650e-05  -0.00013686682  -4.5632027e-05  1.1144015e-05  -4.1112595e-05  5.6597887e-05  1.7330765e-06  
2.0683667e-05  1.3893474e-05  -0.00032365427  -1.8122205e-05  -0.00012411641  5.4285927e-05  -2.3836620e-05  -4.2775668e-05  0.0026697465  0.00033623935  0.0000000   -4.2063419e-05  0.00010449829  -6.2823084e-05  0.00040121877  6.4215775e-05  -3.8879730e-05  -0.00013146705  -5.2315590e-05  0.00078567068  2.9086879e-05  -2.4022145e-05  0.00013778229  -1.9135444e-06  -8.0180136e-06  -8.2356962e-06  6.1429533e-05  0.00012883594  -1.5209401e-05  -1.3525474e-05  0.00018369497  2.0683667e-05  1.3893474e-05  -0.00032365427  -1.8122205e-05  -0.00012411641  5.4285927e-05  -2.3836620e-05  -4.2775668e-05  0.0026697465  0.00033623935  0.0000000   -4.2063419e-05  0.00010449829  -6.2823084e-05  0.00040121877  6.4215775e-05  -3.8879730e-05  -0.00013146705  -5.2315590e-05  0.00078567068  2.9086879e-05  -2.4022145e-05  0.00013778229  -1.9135444e-06  -8.0180136e-06  -8.2356962e-06  6.1429533e-05  0.00012883594  -1.5209401e-05  -1.3525474e-05  0.00018369497  
