0.0000000   -2.3881456e-05  -0.00018324596  -1.0154379e-05  -9.1041483e-05  2.5337105e-05  -0.00023889250  -3.4445055e-05  0.00052934326  -1.4293640e-06  8.2476662e-06  -7.8032977e-06  -6.5212930e-05  -1.4170714e-05  -0.00010642583  1.6192834e-05  4.0328789e-05  1.1435101e-06  1.3985056e-05  -1.1331353e-05  2.9651754e-06  -1.5319342e-05  0.00020127443  -5.7867529e-05  -0.00011576724  2.6604505e-05  1.8582024e-05  -5.7448861e-07  0.00014455305  1.3914065e-05  5.8344782e-05  0.0000000   -2.3881456e-05  -0.00018324596  -1.0154379e-05  -9.1041483e-05  2.5337105e-05  -0.00023889250  -3.4445055e-05  0.00052934326  -1.4293640e-06  8.2476662e-06  -7.8032977e-06  -6.5212930e-05  -1.4170714e-05  -0.00010642583  1.6192834e-05  4.0328789e-05  1.1435101e-06  1.3985056e-05  -1.1331353e-05  2.9651754e-06  -1.5319342e-05  0.00020127443  -5.7867529e-05  -0.00011576724  2.6604505e-05  1.8582024e-05  -5.7448861e-07  0.00014455305  1.3914065e-05  5.8344782e-05  
2.3881456e-05  0.0000000   -9.7850677e-05  -0.0010756031  -0.0011510660  0.00016000959  -0.00010864412  0.00025902288  -2.4667221e-05  -0.00015024684  -9.3519373e-05  3.6332492e-05  -1.4740259e-05  -0.00010043565  -5.8399151e-06  0.00016864644  -0.00021803561  -4.2699508e-05  3.4277303e-05  1.9873895e-05  -4.1421313e-05  -0.00012276174  -4.6782982e-06  5.2462792e-06  9.7069785e-06  -5.2187810e-06  -1.3023567e-05  0.00014454437  -6.6316201e-06  6.6525386e-06  8.6044086e-06  2.3881456e-05  0.0000000   -9.7850677e-05  -0.0010756031  -0.0011510660  0.00016000959  -0.00010864412  0.00025902288  -2.4667221e-05  -0.00015024684  -9.3519373e-05  3.6332492e-05  -1.4740259e-05  -0.00010043565  -5.8399151e-06  0.00016864644  -0.00021803561  -4.2699508e-05  3.4277303e-05  1.9873895e-05  -4.1421313e-05  -0.00012276174  -4.6782982e-06  5.2462792e-06  9.7069785e-06  -5.2187810e-06  -1.3023567e-05  0.00014454437  -6.6316201e-06  6.6525386e-06  8.6044086e-06  
0.00018324596  9.7850677e-05  0.0000000   -0.00034576135  3.4121866e-05  0.00081161482  -0.0037496634  -0.00045976142  0.00047154794  -0.00010188660  -2.3850437e-05  -6.5826156e-05  -8.6898001e-05  -9.8341475e-06  3.5431250e-06  3.0372466e-05  3.9821739e-05  -9.3693225e-05  9.8431851e-05  -0.00011447931  -2.2528778e-05  3.8897865e-05  0.00016954753  -0.00012121336  6.1786545e-05  1.5344339e-05  1.1311951e-06  7.0099859e-06  3.0650449e-05  6.0571246e-05  -7.7170362e-05  0.00018324596  9.7850677e-05  0.0000000   -0.00034576135  3.4121866e-05  0.00081161482  -0.0037496634  -0.00045976142  0.00047154794  -0.00010188660  -2.3850437e-05  -6.5826156e-05  -8.6898001e-05  -9.8341475e-06  3.5431250e-06  3.0372466e-05  3.9821739e-05  -9.3693225e-05  9.8431851e-05  -0.00011447931  -2.2528778e-05  3.8897865e-05  0.00016954753  -0.00012121336  6.1786545e-05  1.5344339e-05  1.1311951e-06  7.0099859e-06  3.0650449e-05  6.0571246e-05  -7.7170362e-05  
1.0154379e-05  0.0010756031  0.00034576135  0.0000000   -0.0049024396  0.00072362729  -0.00047952066  0.00042431047  -0.00012169903  2.5177329e-05  -6.8724334e-05  -4.0353785e-05  -2.5660905e-05  7.4581475e-05  1.1320884e-05  9.1598627e-05  0.00017348953  2.5728441e-05  1.0434455e-05  2.4985412e-05  -0.00012820067  0.00024483291  -1.9185305e-06  2.5917711e-05  1.3508812e-05  2.0660371e-05  -5.3294299e-05  4.6302373e-05  1.0108643e-05  -3.8547044e-06  8.1885630e-06  1.0154379e-05  0.0010756031  0.00034576135  0.0000000   -0.0049024396  0.00072362729  -0.00047952066  0.00042431047  -0.00012169903  2.5177329e-05  -6.8724334e-05  -4.0353785e-05  -2.5660905e-05  7.4581475e-05  1.1320884e-05  9.1598627e-05  0.00017348953  2.5728441e-05  1.0434455e-05  2.4985412e-05  -0.00012820067  0.00024483291  -1.9185305e-06  2.5917711e-05  1.3508812e-05  2.0660371e-05  -5.3294299e-05  4.6302373e-05  1.0108643e-05  -3.8547044e-06  8.1885630e-06  
9.1041483e-05  0.0011510660  -3.4121866e-05  0.0049024396  0.0000000   0.00092943935  0.00027769076  0.0019517707  -8.8595782e-05  0.00026860570  -0.00010638711  -4.8302290e-05  -7.0262918e-06  0.00026803871  -2.3704009e-05  -0.00010783032  -9.6136717e-05  -9.2133439e-05  -1.6219808e-05  5.1925583e-05  -8.5481050e-06  -0.00012944533  -4.9503907e-06  9.8806048e-06  -5.8075716e-06  -4.5612670e-05  -1.2329922e-05  6.7432085e-05  -1.5202836e-05  4.7538126e-06  -1.4448824e-05  9.1041483e-05  0.0011510660  -3.4121866e-05  0.0049024396  0.0000000   0.00092943935  0.00027769076  0.0019517707  -8.8595782e-05  0.00026860570  -0.00010638711  -4.8302290e-05  -7.0262918e-06  0.00026803871  -2.3704009e-05  -0.00010783032  -9.6136717e-05  -9.2133439e-05  -1.6219808e-05  5.1925583e-05  -8.5481050e-06  -0.00012944533  -4.9503907e-06  9.8806048e-06  -5.8075716e-06  -4.5612670e-05  -1.2329922e-05  6.7432085e-05  -1.5202836e-05  4.7538126e-06  -1.4448824e-05  
-2.5337105e-05  -0.00016000959  -0.00081161482  -0.00072362729  -0.00092943935  0.0000000   0.0043267670  0.00016742051  -0.00018349952  3.0002310e-05  7.9193517e-05  4.6186150e-05  -7.5735740e-06  -1.7344168e-05  -0.00017530412  -6.4626936e-06  7.2655845e-05  -0.00011100187  -0.00027236141  0.00020829439  -9.3923343e-06  -8.7422010e-08  -8.5594571e-05  -7.9763423e-05  -7.0062930e-05  -0.00010532658  -8.5327984e-06  -9.5836196e-06  -6.3470598e-05  -0.00010758115  -0.00010519947  -2.5337105e-05  -0.00016000959  -0.00081161482  -0.00072362729  -0.00092943935  0.0000000   0.0043267670  0.00016742051  -0.00018349952  3.0002310e-05  7.9193517e-05  4.6186150e-05  -7.5735740e-06  -1.7344168e-05  -0.00017530412  -6.4626936e-06  7.2655845e-05  -0.00011100187  -0.00027236141  0.00020829439  -9.3923343e-06  -8.7422010e-08  -8.5594571e-05  -7.9763423e-05  -7.0062930e-05  -0.00010532658  -8.5327984e-06  -9.5836196e-06  -6.3470598e-05  -0.00010758115  -0.00010519947  
0.00023889250  0.00010864412  0.0037496634  0.00047952066  -0.00027769076  -0.0043267670  0.0000000   0.00041651416  0.00016795478  0.00013612753  -0.00014381965  3.5236424e-05  1.2330790e-05  0.00011960313  -0.00026692401  3.0058203e-05  -6.0774054e-05  0.00036650070  1.7873079e-05  -1.2429160e-05  -1.4936434e-05  3.5844907e-06  9.6756755e-05  -0.00017208600  -4.1311319e-06  0.00021605313  -1.1481814e-05  2.1715995e-05  -5.5226014e-05  1.8497877e-05  0.00014202863  0.00023889250  0.00010864412  0.0037496634  0.00047952066  -0.00027769076  -0.0043267670  0.0000000   0.00041651416  0.00016795478  0.00013612753  -0.00014381965  3.5236424e-05  1.2330790e-05  0.00011960313  -0.00026692401  3.0058203e-05  -6.0774054e-05  0.00036650070  1.7873079e-05  -1.2429160e-05  -1.4936434e-05  3.5844907e-06  9.6756755e-05  -0.00017208600  -4.1311319e-06  0.00021605313  -1.1481814e-05  2.1715995e-05  -5.5226014e-05  1.8497877e-05  0.00014202863  
3.4445055e-05  -0.00025902288  0.00045976142  -0.00042431047  -0.0019517707  -0.00016742051  -0.00041651416  0.0000000   2.7309497e-06  -0.00051471814  0.00070119656  0.00044408010  -0.00016948993  5.3104382e-05  2.6137543e-06  -0.00027733739  -0.00012994925  4.8485596e-05  9.7200304e-05  3.4039090e-05  -1.6226889e-05  -0.00027881962  1.5376501e-05  -6.6732526e-06  2.0149197e-06  1.9808767e-05  3.4548772e-06  -0.00013014952  -3.9198217e-06  2.4145763e-05  1.6836669e-05  3.4445055e-05  -0.00025902288  0.00045976142  -0.00042431047  -0.0019517707  -0.00016742051  -0.00041651416  0.0000000   2.7309497e-06  -0.00051471814  0.00070119656  0.00044408010  -0.00016948993  5.3104382e-05  2.6137543e-06  -0.00027733739  -0.00012994925  4.8485596e-05  9.7200304e-05  3.4039090e-05  -1.6226889e-05  -0.00027881962  1.5376501e-05  -6.6732526e-06  2.0149197e-06  1.9808767e-05  3.4548772e-06  -0.00013014952  -3.9198217e-06  2.4145763e-05  1.6836669e-05  
-0.00052934326  2.4667221e-05  -0.00047154794  0.00012169903  8.8595782e-05  0.00018349952  -0.00016795478  -2.7309497e-06  0.0000000   3.3184612e-05  -1.0937287e-05  -0.00014482387  -0.00025664960  -4.7231343e-05  0.00040575686  -2.0802788e-05  -3.4986232e-05  2.6010119e-05  -4.0316437e-05  3.7479657e-05  4.2236267e-05  5.6950299e-06  4.7815993e-05  0.00027424622  0.00012615259  -7.1127603e-05  -1.3000533e-05  2.5197636e-06  -0.00010975451  -2.2470376e-05  4.5127369e-05  -0.00052934326  2.4667221e-05  -0.00047154794  0.00012169903  8.8595782e-05  0.00018349952  -0.00016795478  -2.7309497e-06  0.0000000   3.3184612e-05  -1.0937287e-05  -0.00014482387  -0.00025664960  -4.7231343e-05  0.00040575686  -2.0802788e-05  -3.4986232e-05  2.6010119e-05  -4.0316437e-05  3.7479657e-05  4.2236267e-05  5.6950299e-06  4.7815993e-05  0.00027424622  0.00012615259  -7.1127603e-05  -1.3000533e-05  2.5197636e-06  -0.00010975451  -2.2470376e-05  4.5127369e-05  
1.4293640e-06  0.00015024684  0.00010188660  -2.5177329e-05  -0.00026860570  -3.0002310e-05  -0.00013612753  0.00051471814  -3.3184612e-05  0.0000000   0.0012919923  6.5452799e-05  -3.4958390e-05  -0.00025568844  -2.4343095e-05  -0.00044134798  0.00017184793  2.9440610e-05  0.00012336170  0.00018704188  5.9670057e-05  -0.00018093576  -5.2572262e-06  -2.2698550e-05  -1.5664857e-05  -1.5161788e-06  9.2911960e-05  -1.6744457e-05  -1.9472917e-05  -1.7799475e-05  -5.4659318e-06  1.4293640e-06  0.00015024684  0.00010188660  -2.5177329e-05  -0.00026860570  -3.0002310e-05  -0.00013612753  0.00051471814  -3.3184612e-05  0.0000000   0.0012919923  6.5452799e-05  -3.4958390e-05  -0.00025568844  -2.4343095e-05  -0.00044134798  0.00017184793  2.9440610e-05  0.00012336170  0.00018704188  5.9670057e-05  -0.00018093576  -5.2572262e-06  -2.2698550e-05  -1.5664857e-05  -1.5161788e-06  9.2911960e-05  -1.6744457e-05  -1.9472917e-05  -1.7799475e-05  -5.4659318e-06  
-8.2476662e-06  9.3519373e-05  2.3850437e-05  6.8724334e-05  0.00010638711  -7.9193517e-05  0.00014381965  -0.00070119656  1.0937287e-05  -0.0012919923  0.0000000   0.00050611775  -0.00012024049  -0.00069733496  8.1937687e-05  0.00041465154  0.00022346827  1.7054623e-05  -5.4211030e-05  -1.7214158e-06  0.00013775433  4.3409236e-05  8.8741869e-06  2.4706932e-06  -7.0046374e-06  1.7107526e-05  -5.6537382e-05  0.00042869735  -9.1370198e-06  1.9036767e-05  1.0141708e-05  -8.2476662e-06  9.3519373e-05  2.3850437e-05  6.8724334e-05  0.00010638711  -7.9193517e-05  0.00014381965  -0.00070119656  1.0937287e-05  -0.0012919923  0.0000000   0.00050611775  -0.00012024049  -0.00069733496  8.1937687e-05  0.00041465154  0.00022346827  1.7054623e-05  -5.4211030e-05  -1.7214158e-06  0.00013775433  4.3409236e-05  8.8741869e-06  2.4706932e-06  -7.0046374e-06  1.7107526e-05  -5.6537382e-05  0.00042869735  -9.1370198e-06  1.9036767e-05  1.0141708e-05  
7.8032977e-06  -3.6332492e-05  6.5826156e-05  4.0353785e-05  4.8302290e-05  -4.6186150e-05  -3.5236424e-05  -0.00044408010  0.00014482387  -6.5452799e-05  -0.00050611775  0.0000000   0.00010132123  -0.0014956844  0.00023873349  0.00039626640  -0.00055500973  6.1860821e-05  0.00022423459  0.00049814574  0.00046759752  -0.00028111038  4.8335063e-05  2.9904375e-05  -2.7838937e-05  6.1845700e-06  -0.00021470328  8.6679536e-05  -1.9270363e-05  3.2470866e-05  3.1387139e-06  7.8032977e-06  -3.6332492e-05  6.5826156e-05  4.0353785e-05  4.8302290e-05  -4.6186150e-05  -3.5236424e-05  -0.00044408010  0.00014482387  -6.5452799e-05  -0.00050611775  0.0000000   0.00010132123  -0.0014956844  0.00023873349  0.00039626640  -0.00055500973  6.1860821e-05  0.00022423459  0.00049814574  0.00046759752  -0.00028111038  4.8335063e-05  2.9904375e-05  -2.7838937e-05  6.1845700e-06  -0.00021470328  8.6679536e-05  -1.9270363e-05  3.2470866e-05  3.1387139e-06  
6.5212930e-05  1.4740259e-05  8.6898001e-05  2.5660905e-05  7.0262918e-06  7.5735740e-06  -1.2330790e-05  0.00016948993  0.00025664960  3.4958390e-05  0.00012024049  -0.00010132123  0.0000000   0.00042959530  0.00089295636  -0.00014048029  5.3434757e-05  0.00052441109  -0.00029401598  -1.0210454e-05  -0.00011499627  0.00011320839  0.00015221456  0.00019443096  -6.5064075e-05  1.0880562e-05  6.5564921e-05  -5.0808209e-05  -0.00012329857  1.8716510e-05  -4.3024111e-05  6.5212930e-05  1.4740259e-05  8.6898001e-05  2.5660905e-05  7.0262918e-06  7.5735740e-06  -1.2330790e-05  0.00016948993  0.00025664960  3.4958390e-05  0.00012024049  -0.00010132123  0.0000000   0.00042959530  0.00089295636  -0.00014048029  5.3434757e-05  0.00052441109  -0.00029401598  -1.0210454e-05  -0.00011499627  0.00011320839  0.00015221456  0.00019443096  -6.5064075e-05  1.0880562e-05  6.5564921e-05  -5.0808209e-05  -0.00012329857  1.8716510e-05  -4.3024111e-05  
1.4170714e-05  0.00010043565  9.8341475e-06  -7.4581475e-05  -0.00026803871  1.7344168e-05  -0.00011960313  -5.3104382e-05  4.7231343e-05  0.00025568844  0.00069733496  0.0014956844  -0.00042959530  0.0000000   6.4495800e-05  -0.0010619555  0.00039955862  0.00011843064  0.00046664103  0.00081060187  -0.00031292873  -0.00018999077  -2.4312012e-05  -1.2367065e-05  1.3200646e-05  -2.5341054e-05  -0.00016329295  -0.00017236166  6.3913637e-06  -2.2412939e-05  -9.2724831e-06  1.4170714e-05  0.00010043565  9.8341475e-06  -7.4581475e-05  -0.00026803871  1.7344168e-05  -0.00011960313  -5.3104382e-05  4.7231343e-05  0.00025568844  0.00069733496  0.0014956844  -0.00042959530  0.0000000   6.4495800e-05  -0.0010619555  0.00039955862  0.00011843064  0.00046664103  0.00081060187  -0.00031292873  -0.00018999077  -2.4312012e-05  -1.2367065e-05  1.3200646e-05  -2.5341054e-05  -0.00016329295  -0.00017236166  6.3913637e-06  -2.2412939e-05  -9.2724831e-06  
0.00010642583  5.8399151e-06  -3.5431250e-06  -1.1320884e-05  2.3704009e-05  0.00017530412  0.00026692401  -2.6137543e-06  -0.00040575686  2.4343095e-05  -8.1937687e-05  -0.00023873349  -0.00089295636  -6.4495800e-05  0.0000000   0.00013934292  -0.00018073792  0.00039126553  0.00025096949  -0.00012646355  2.5172008e-05  5.3149029e-05  -0.00037947106  1.9393612e-05  -5.9815442e-05  -9.5434692e-05  -3.0763751e-05  1.9767577e-05  -2.2204613e-05  -0.00019947055  -0.00018290475  0.00010642583  5.8399151e-06  -3.5431250e-06  -1.1320884e-05  2.3704009e-05  0.00017530412  0.00026692401  -2.6137543e-06  -0.00040575686  2.4343095e-05  -8.1937687e-05  -0.00023873349  -0.00089295636  -6.4495800e-05  0.0000000   0.00013934292  -0.00018073792  0.00039126553  0.00025096949  -0.00012646355  2.5172008e-05  5.3149029e-05  -0.00037947106  1.9393612e-05  -5.9815442e-05  -9.5434692e-05  -3.0763751e-05  1.9767577e-05  -2.2204613e-05  -0.00019947055  -0.00018290475  
-1.6192834e-05  -0.00016864644  -3.0372466e-05  -9.1598627e-05  0.00010783032  6.4626936e-06  -3.0058203e-05  0.00027733739  2.0802788e-05  0.00044134798  -0.00041465154  -0.00039626640  0.00014048029  0.0010619555  -0.00013934292  0.0000000   -0.0030806192  -0.00045516557  0.00030907954  0.00017315642  0.00066373036  -0.00034945640  4.6507200e-05  4.7218089e-05  1.9549713e-05  -4.6871016e-05  -3.2612771e-05  -9.6237700e-05  -3.2436855e-06  -5.3894745e-05  -1.3201429e-05  -1.6192834e-05  -0.00016864644  -3.0372466e-05  -9.1598627e-05  0.00010783032  6.4626936e-06  -3.0058203e-05  0.00027733739  2.0802788e-05  0.00044134798  -0.00041465154  -0.00039626640  0.00014048029  0.0010619555  -0.00013934292  0.0000000   -0.0030806192  -0.00045516557  0.00030907954  0.00017315642  0.00066373036  -0.00034945640  4.6507200e-05  4.7218089e-05  1.9549713e-05  -4.6871016e-05  -3.2612771e-05  -9.6237700e-05  -3.2436855e-06  -5.3894745e-05  -1.3201429e-05  
-4.0328789e-05  0.00021803561  -3.9821739e-05  -0.00017348953  9.6136717e-05  -7.2655845e-05  6.0774054e-05  0.00012994925  3.4986232e-05  -0.00017184793  -0.00022346827  0.00055500973  -5.3434757e-05  -0.00039955862  0.00018073792  0.0030806192  0.0000000   -0.00025781316  -0.00059090596  0.00041866381  -0.00086136806  0.00056572705  3.8438070e-05  -7.2830184e-05  -5.0960082e-06  3.7589135e-05  5.5904734e-05  0.00029963237  2.4926597e-05  -7.4012818e-05  -8.5486350e-06  -4.0328789e-05  0.00021803561  -3.9821739e-05  -0.00017348953  9.6136717e-05  -7.2655845e-05  6.0774054e-05  0.00012994925  3.4986232e-05  -0.00017184793  -0.00022346827  0.00055500973  -5.3434757e-05  -0.00039955862  0.00018073792  0.0030806192  0.0000000   -0.00025781316  -0.00059090596  0.00041866381  -0.00086136806  0.00056572705  3.8438070e-05  -7.2830184e-05  -5.0960082e-06  3.7589135e-05  5.5904734e-05  0.00029963237  2.4926597e-05  -7.4012818e-05  -8.5486350e-06  
-1.1435101e-06  4.2699508e-05  9.3693225e-05  -2.5728441e-05  9.2133439e-05  0.00011100187  -0.00036650070  -4.8485596e-05  -2.6010119e-05  -2.9440610e-05  -1.7054623e-05  -6.1860821e-05  -0.00052441109  -0.00011843064  -0.00039126553  0.00045516557  0.00025781316  0.0000000   0.0039193024  -0.0022608055  0.00011072674  0.00034656773  3.9750511e-05  0.00065502276  0.00026435727  -0.00031495458  2.2029015e-05  8.0307193e-05  -0.00013617895  8.8141615e-06  -2.4390807e-05  -1.1435101e-06  4.2699508e-05  9.3693225e-05  -2.5728441e-05  9.2133439e-05  0.00011100187  -0.00036650070  -4.8485596e-05  -2.6010119e-05  -2.9440610e-05  -1.7054623e-05  -6.1860821e-05  -0.00052441109  -0.00011843064  -0.00039126553  0.00045516557  0.00025781316  0.0000000   0.0039193024  -0.0022608055  0.00011072674  0.00034656773  3.9750511e-05  0.00065502276  0.00026435727  -0.00031495458  2.2029015e-05  8.0307193e-05  -0.00013617895  8.8141615e-06  -2.4390807e-05  
-1.3985056e-05  -3.4277303e-05  -9.8431851e-05  -1.0434455e-05  1.6219808e-05  0.00027236141  -1.7873079e-05  -9.7200304e-05  4.0316437e-05  -0.00012336170  5.4211030e-05  -0.00022423459  0.00029401598  -0.00046664103  -0.00025096949  -0.00030907954  0.00059090596  -0.0039193024  0.0000000   -1.3520791e-05  -0.00037526760  9.6952708e-05  0.00069323172  -0.00010018932  -5.4265901e-05  0.00014531284  2.5576982e-05  0.00010860350  -0.00011276174  -9.7014473e-05  -0.00038307409  -1.3985056e-05  -3.4277303e-05  -9.8431851e-05  -1.0434455e-05  1.6219808e-05  0.00027236141  -1.7873079e-05  -9.7200304e-05  4.0316437e-05  -0.00012336170  5.4211030e-05  -0.00022423459  0.00029401598  -0.00046664103  -0.00025096949  -0.00030907954  0.00059090596  -0.0039193024  0.0000000   -1.3520791e-05  -0.00037526760  9.6952708e-05  0.00069323172  -0.00010018932  -5.4265901e-05  0.00014531284  2.5576982e-05  0.00010860350  -0.00011276174  -9.7014473e-05  -0.00038307409  
1.1331353e-05  -1.9873895e-05  0.00011447931  -2.4985412e-05  -5.1925583e-05  -0.00020829439  1.2429160e-05  -3.4039090e-05  -3.7479657e-05  -0.00018704188  1.7214158e-06  -0.00049814574  1.0210454e-05  -0.00081060187  0.00012646355  -0.00017315642  -0.00041866381  0.0022608055  1.3520791e-05  0.0000000   -0.0011615674  0.00070336518  -0.00034808476  1.7594105e-05  0.00010154605  -0.00014469633  -2.8895594e-06  0.00016270942  5.3435549e-05  2.1797049e-05  0.00020009794  1.1331353e-05  -1.9873895e-05  0.00011447931  -2.4985412e-05  -5.1925583e-05  -0.00020829439  1.2429160e-05  -3.4039090e-05  -3.7479657e-05  -0.00018704188  1.7214158e-06  -0.00049814574  1.0210454e-05  -0.00081060187  0.00012646355  -0.00017315642  -0.00041866381  0.0022608055  1.3520791e-05  0.0000000   -0.0011615674  0.00070336518  -0.00034808476  1.7594105e-05  0.00010154605  -0.00014469633  -2.8895594e-06  0.00016270942  5.3435549e-05  2.1797049e-05  0.00020009794  
-2.9651754e-06  4.1421313e-05  2.2528778e-05  0.00012820067  8.5481050e-06  9.3923343e-06  1.4936434e-05  1.6226889e-05  -4.2236267e-05  -5.9670057e-05  -0.00013775433  -0.00046759752  0.00011499627  0.00031292873  -2.5172008e-05  -0.00066373036  0.00086136806  -0.00011072674  0.00037526760  0.0011615674  0.0000000   0.0050728543  0.00017115982  -5.3020228e-05  6.4692655e-05  7.8829508e-05  -0.00024852441  0.00020902126  4.9484258e-05  -5.6694624e-06  -2.3099147e-05  -2.9651754e-06  4.1421313e-05  2.2528778e-05  0.00012820067  8.5481050e-06  9.3923343e-06  1.4936434e-05  1.6226889e-05  -4.2236267e-05  -5.9670057e-05  -0.00013775433  -0.00046759752  0.00011499627  0.00031292873  -2.5172008e-05  -0.00066373036  0.00086136806  -0.00011072674  0.00037526760  0.0011615674  0.0000000   0.0050728543  0.00017115982  -5.3020228e-05  6.4692655e-05  7.8829508e-05  -0.00024852441  0.00020902126  4.9484258e-05  -5.6694624e-06  -2.3099147e-05  
1.5319342e-05  0.00012276174  -3.8897865e-05  -0.00024483291  0.00012944533  8.7422010e-08  -3.5844907e-06  0.00027881962  -5.6950299e-06  0.00018093576  -4.3409236e-05  0.00028111038  -0.00011320839  0.00018999077  -5.3149029e-05  0.00034945640  -0.00056572705  -0.00034656773  -9.6952708e-05  -0.00070336518  -0.0050728543  0.0000000   4.0426976e-05  3.6799652e-05  -6.9081642e-05  1.8570825e-05  -0.00020062750  -0.00075121006  1.0633653e-05  -5.1218578e-05  -4.1014795e-05  1.5319342e-05  0.00012276174  -3.8897865e-05  -0.00024483291  0.00012944533  8.7422010e-08  -3.5844907e-06  0.00027881962  -5.6950299e-06  0.00018093576  -4.3409236e-05  0.00028111038  -0.00011320839  0.00018999077  -5.3149029e-05  0.00034945640  -0.00056572705  -0.00034656773  -9.6952708e-05  -0.00070336518  -0.0050728543  0.0000000   4.0426976e-05  3.6799652e-05  -6.9081642e-05  1.8570825e-05  -0.00020062750  -0.00075121006  1.0633653e-05  -5.1218578e-05  -4.1014795e-05  
-0.00020127443  4.6782982e-06  -0.00016954753  1.9185305e-06  4.9503907e-06  8.5594571e-05  -9.6756755e-05  -1.5376501e-05  -4.7815993e-05  5.2572262e-06  -8.8741869e-06  -4.8335063e-05  -0.00015221456  2.4312012e-05  0.00037947106  -4.6507200e-05  -3.8438070e-05  -3.9750511e-05  -0.00069323172  0.00034808476  -0.00017115982  -4.0426976e-05  0.0000000   2.7765125e-07  0.0015485391  -0.0012991688  8.3051608e-06  -6.5298782e-05  0.00017039522  0.00011024136  -0.00011055676  -0.00020127443  4.6782982e-06  -0.00016954753  1.9185305e-06  4.9503907e-06  8.5594571e-05  -9.6756755e-05  -1.5376501e-05  -4.7815993e-05  5.2572262e-06  -8.8741869e-06  -4.8335063e-05  -0.00015221456  2.4312012e-05  0.00037947106  -4.6507200e-05  -3.8438070e-05  -3.9750511e-05  -0.00069323172  0.00034808476  -0.00017115982  -4.0426976e-05  0.0000000   2.7765125e-07  0.0015485391  -0.0012991688  8.3051608e-06  -6.5298782e-05  0.00017039522  0.00011024136  -0.00011055676  
5.7867529e-05  -5.2462792e-06  0.00012121336  -2.5917711e-05  -9.8806048e-06  7.9763423e-05  0.00017208600  6.6732526e-06  -0.00027424622  2.2698550e-05  -2.4706932e-06  -2.9904375e-05  -0.00019443096  1.2367065e-05  -1.9393612e-05  -4.7218089e-05  7.2830184e-05  -0.00065502276  0.00010018932  -1.7594105e-05  5.3020228e-05  -3.6799652e-05  -2.7765125e-07  0.0000000   -0.0028175645  0.00071608891  -3.3855414e-05  8.8810539e-06  0.00011435049  2.2428408e-05  0.00049763825  5.7867529e-05  -5.2462792e-06  0.00012121336  -2.5917711e-05  -9.8806048e-06  7.9763423e-05  0.00017208600  6.6732526e-06  -0.00027424622  2.2698550e-05  -2.4706932e-06  -2.9904375e-05  -0.00019443096  1.2367065e-05  -1.9393612e-05  -4.7218089e-05  7.2830184e-05  -0.00065502276  0.00010018932  -1.7594105e-05  5.3020228e-05  -3.6799652e-05  -2.7765125e-07  0.0000000   -0.0028175645  0.00071608891  -3.3855414e-05  8.8810539e-06  0.00011435049  2.2428408e-05  0.00049763825  
0.00011576724  -9.7069785e-06  -6.1786545e-05  -1.3508812e-05  5.8075716e-06  7.0062930e-05  4.1311319e-06  -2.0149197e-06  -0.00012615259  1.5664857e-05  7.0046374e-06  2.7838937e-05  6.5064075e-05  -1.3200646e-05  5.9815442e-05  -1.9549713e-05  5.0960082e-06  -0.00026435727  5.4265901e-05  -0.00010154605  -6.4692655e-05  6.9081642e-05  -0.0015485391  0.0028175645  0.0000000   0.0016053253  2.1770691e-05  -5.7833050e-05  -0.00023050966  0.00016484112  0.00055281798  0.00011576724  -9.7069785e-06  -6.1786545e-05  -1.3508812e-05  5.8075716e-06  7.0062930e-05  4.1311319e-06  -2.0149197e-06  -0.00012615259  1.5664857e-05  7.0046374e-06  2.7838937e-05  6.5064075e-05  -1.3200646e-05  5.9815442e-05  -1.9549713e-05  5.0960082e-06  -0.00026435727  5.4265901e-05  -0.00010154605  -6.4692655e-05  6.9081642e-05  -0.0015485391  0.0028175645  0.0000000   0.0016053253  2.1770691e-05  -5.7833050e-05  -0.00023050966  0.00016484112  0.00055281798  
-2.6604505e-05  5.2187810e-06  -1.5344339e-05  -2.0660371e-05  4.5612670e-05  0.00010532658  -0.00021605313  -1.9808767e-05  7.1127603e-05  1.5161788e-06  -1.7107526e-05  -6.1845700e-06  -1.0880562e-05  2.5341054e-05  9.5434692e-05  4.6871016e-05  -3.7589135e-05  0.00031495458  -0.00014531284  0.00014469633  -7.8829508e-05  -1.8570825e-05  0.0012991688  -0.00071608891  -0.0016053253  0.0000000   6.9165293e-06  -4.0306008e-06  0.00030974072  -0.00017635849  -7.9450467e-05  -2.6604505e-05  5.2187810e-06  -1.5344339e-05  -2.0660371e-05  4.5612670e-05  0.00010532658  -0.00021605313  -1.9808767e-05  7.1127603e-05  1.5161788e-06  -1.7107526e-05  -6.1845700e-06  -1.0880562e-05  2.5341054e-05  9.5434692e-05  4.6871016e-05  -3.7589135e-05  0.00031495458  -0.00014531284  0.00014469633  -7.8829508e-05  -1.8570825e-05  0.0012991688  -0.00071608891  -0.0016053253  0.0000000   6.9165293e-06  -4.0306008e-06  0.00030974072  -0.00017635849  -7.9450467e-05  
-1.8582024e-05  1.3023567e-05  -1.1311951e-06  5.3294299e-05  1.2329922e-05  8.5327984e-06  1.1481814e-05  -3.4548772e-06  1.3000533e-05  -9.2911960e-05  5.6537382e-05  0.00021470328  -6.5564921e-05  0.00016329295  3.0763751e-05  3.2612771e-05  -5.5904734e-05  -2.2029015e-05  -2.5576982e-05  2.8895594e-06  0.00024852441  0.00020062750  -8.3051608e-06  3.3855414e-05  -2.1770691e-05  -6.9165293e-06  0.0000000   0.0027724796  -0.00021610908  5.7772795e-05  -2.5908168e-05  -1.8582024e-05  1.3023567e-05  -1.1311951e-06  5.3294299e-05  1.2329922e-05  8.5327984e-06  1.1481814e-05  -3.4548772e-06  1.3000533e-05  -9.2911960e-05  5.6537382e-05  0.00021470328  -6.5564921e-05  0.00016329295  3.0763751e-05  3.2612771e-05  -5.5904734e-05  -2.2029015e-05  -2.5576982e-05  2.8895594e-06  0.00024852441  0.00020062750  -8.3051608e-06  3.3855414e-05  -2.1770691e-05  -6.9165293e-06  0.0000000   0.0027724796  -0.00021610908  5.7772795e-05  -2.5908168e-05  
5.7448861e-07  -0.00014454437  -7.0099859e-06  -4.6302373e-05  -6.7432085e-05  9.5836196e-06  -2.1715995e-05  0.00013014952  -2.5197636e-06  1.6744457e-05  -0.00042869735  -8.6679536e-05  5.0808209e-05  0.00017236166  -1.9767577e-05  9.6237700e-05  -0.00029963237  -8.0307193e-05  -0.00010860350  -0.00016270942  -0.00020902126  0.00075121006  6.5298782e-05  -8.8810539e-06  5.7833050e-05  4.0306008e-06  -0.0027724796  0.0000000   -4.8014871e-05  0.00016552860  -6.9926519e-05  5.7448861e-07  -0.00014454437  -7.0099859e-06  -4.6302373e-05  -6.7432085e-05  9.5836196e-06  -2.1715995e-05  0.00013014952  -2.5197636e-06  1.6744457e-05  -0.00042869735  -8.6679536e-05  5.0808209e-05  0.00017236166  -1.9767577e-05  9.6237700e-05  -0.00029963237  -8.0307193e-05  -0.00010860350  -0.00016270942  -0.00020902126  0.00075121006  6.5298782e-05  -8.8810539e-06  5.7833050e-05  4.0306008e-06  -0.0027724796  0.0000000   -4.8014871e-05  0.00016552860  -6.9926519e-05  
-0.00014455305  6.6316201e-06  -3.0650449e-05  -1.0108643e-05  1.5202836e-05  6.3470598e-05  5.5226014e-05  3.9198217e-06  0.00010975451  1.9472917e-05  9.1370198e-06  1.9270363e-05  0.00012329857  -6.3913637e-06  2.2204613e-05  3.2436855e-06  -2.4926597e-05  0.00013617895  0.00011276174  -5.3435549e-05  -4.9484258e-05  -1.0633653e-05  -0.00017039522  -0.00011435049  0.00023050966  -0.00030974072  0.00021610908  4.8014871e-05  0.0000000   0.0094195957  0.0015795074  -0.00014455305  6.6316201e-06  -3.0650449e-05  -1.0108643e-05  1.5202836e-05  6.3470598e-05  5.5226014e-05  3.9198217e-06  0.00010975451  1.9472917e-05  9.1370198e-06  1.9270363e-05  0.00012329857  -6.3913637e-06  2.2204613e-05  3.2436855e-06  -2.4926597e-05  0.00013617895  0.00011276174  -5.3435549e-05  -4.9484258e-05  -1.0633653e-05  -0.00017039522  -0.00011435049  0.00023050966  -0.00030974072  0.00021610908  4.8014871e-05  0.0000000   0.0094195957  0.0015795074  
-1.3914065e-05  -6.6525386e-06  -6.0571246e-05  3.8547044e-06  -4.7538126e-06  0.00010758115  -1.8497877e-05  -2.4145763e-05  2.2470376e-05  1.7799475e-05  -1.9036767e-05  -3.2470866e-05  -1.8716510e-05  2.2412939e-05  0.00019947055  5.3894745e-05  7.4012818e-05  -8.8141615e-06  9.7014473e-05  -2.1797049e-05  5.6694624e-06  5.1218578e-05  -0.00011024136  -2.2428408e-05  -0.00016484112  0.00017635849  -5.7772795e-05  -0.00016552860  -0.0094195957  0.0000000   -0.0025134157  -1.3914065e-05  -6.6525386e-06  -6.0571246e-05  3.8547044e-06  -4.7538126e-06  0.00010758115  -1.8497877e-05  -2.4145763e-05  2.2470376e-05  1.7799475e-05  -1.9036767e-05  -3.2470866e-05  -1.8716510e-05  2.2412939e-05  0.00019947055  5.3894745e-05  7.4012818e-05  -8.8141615e-06  9.7014473e-05  -2.1797049e-05  5.6694624e-06  5.1218578e-05  -0.00011024136  -2.2428408e-05  -0.00016484112  0.00017635849  -5.7772795e-05  -0.00016552860  -0.0094195957  0.0000000   -0.0025134157  
-5.8344782e-05  -8.6044086e-06  7.7170362e-05  -8.1885630e-06  1.4448824e-05  0.00010519947  -0.00014202863  -1.6836669e-05  -4.5127369e-05  5.4659318e-06  -1.0141708e-05  -3.1387139e-06  4.3024111e-05  9.2724831e-06  0.00018290475  1.3201429e-05  8.5486350e-06  2.4390807e-05  0.00038307409  -0.00020009794  2.3099147e-05  4.1014795e-05  0.00011055676  -0.00049763825  -0.00055281798  7.9450467e-05  2.5908168e-05  6.9926519e-05  -0.0015795074  0.0025134157  0.0000000   -5.8344782e-05  -8.6044086e-06  7.7170362e-05  -8.1885630e-06  1.4448824e-05  0.00010519947  -0.00014202863  -1.6836669e-05  -4.5127369e-05  5.4659318e-06  -1.0141708e-05  -3.1387139e-06  4.3024111e-05  9.2724831e-06  0.00018290475  1.3201429e-05  8.5486350e-06  2.4390807e-05  0.00038307409  -0.00020009794  2.3099147e-05  4.1014795e-05  0.00011055676  -0.00049763825  -0.00055281798  7.9450467e-05  2.5908168e-05  6.9926519e-05  -0.0015795074  0.0025134157  0.0000000   
0.0000000   -2.3881456e-05  -0.00018324596  -1.0154379e-05  -9.1041483e-05  2.5337105e-05  -0.00023889250  -3.4445055e-05  0.00052934326  -1.4293640e-06  8.2476662e-06  -7.8032977e-06  -6.5212930e-05  -1.4170714e-05  -0.00010642583  1.6192834e-05  4.0328789e-05  1.1435101e-06  1.3985056e-05  -1.1331353e-05  2.9651754e-06  -1.5319342e-05  0.00020127443  -5.7867529e-05  -0.00011576724  2.6604505e-05  1.8582024e-05  -5.7448861e-07  0.00014455305  1.3914065e-05  5.8344782e-05  0.0000000   -2.3881456e-05  -0.00018324596  -1.0154379e-05  -9.1041483e-05  2.5337105e-05  -0.00023889250  -3.4445055e-05  0.00052934326  -1.4293640e-06  8.2476662e-06  -7.8032977e-06  -6.5212930e-05  -1.4170714e-05  -0.00010642583  1.6192834e-05  4.0328789e-05  1.1435101e-06  1.3985056e-05  -1.1331353e-05  2.9651754e-06  -1.5319342e-05  0.00020127443  -5.7867529e-05  -0.00011576724  2.6604505e-05  1.8582024e-05  -5.7448861e-07  0.00014455305  1.3914065e-05  5.8344782e-05  
2.3881456e-05  0.0000000   -9.7850677e-05  -0.0010756031  -0.0011510660  0.00016000959  -0.00010864412  0.00025902288  -2.4667221e-05  -0.00015024684  -9.3519373e-05  3.6332492e-05  -1.4740259e-05  -0.00010043565  -5.8399151e-06  0.00016864644  -0.00021803561  -4.2699508e-05  3.4277303e-05  1.9873895e-05  -4.1421313e-05  -0.00012276174  -4.6782982e-06  5.2462792e-06  9.7069785e-06  -5.2187810e-06  -1.3023567e-05  0.00014454437  -6.6316201e-06  6.6525386e-06  8.6044086e-06  2.3881456e-05  0.0000000   -9.7850677e-05  -0.0010756031  -0.0011510660  0.00016000959  -0.00010864412  0.00025902288  -2.4667221e-05  -0.00015024684  -9.3519373e-05  3.6332492e-05  -1.4740259e-05  -0.00010043565  -5.8399151e-06  0.00016864644  -0.00021803561  -4.2699508e-05  3.4277303e-05  1.9873895e-05  -4.1421313e-05  -0.00012276174  -4.6782982e-06  5.2462792e-06  9.7069785e-06  -5.2187810e-06  -1.3023567e-05  0.00014454437  -6.6316201e-06  6.6525386e-06  8.6044086e-06  
0.00018324596  9.7850677e-05  0.0000000   -0.00034576135  3.4121866e-05  0.00081161482  -0.0037496634  -0.00045976142  0.00047154794  -0.00010188660  -2.3850437e-05  -6.5826156e-05  -8.6898001e-05  -9.8341475e-06  3.5431250e-06  3.0372466e-05  3.9821739e-05  -9.3693225e-05  9.8431851e-05  -0.00011447931  -2.2528778e-05  3.8897865e-05  0.00016954753  -0.00012121336  6.1786545e-05  1.5344339e-05  1.1311951e-06  7.0099859e-06  3.0650449e-05  6.0571246e-05  -7.7170362e-05  0.00018324596  9.7850677e-05  0.0000000   -0.00034576135  3.4121866e-05  0.00081161482  -0.0037496634  -0.00045976142  0.00047154794  -0.00010188660  -2.3850437e-05  -6.5826156e-05  -8.6898001e-05  -9.8341475e-06  3.5431250e-06  3.0372466e-05  3.9821739e-05  -9.3693225e-05  9.8431851e-05  -0.00011447931  -2.2528778e-05  3.8897865e-05  0.00016954753  -0.00012121336  6.1786545e-05  1.5344339e-05  1.1311951e-06  7.0099859e-06  3.0650449e-05  6.0571246e-05  -7.7170362e-05  
1.0154379e-05  0.0010756031  0.00034576135  0.0000000   -0.0049024396  0.00072362729  -0.00047952066  0.00042431047  -0.00012169903  2.5177329e-05  -6.8724334e-05  -4.0353785e-05  -2.5660905e-05  7.4581475e-05  1.1320884e-05  9.1598627e-05  0.00017348953  2.5728441e-05  1.0434455e-05  2.4985412e-05  -0.00012820067  0.00024483291  -1.9185305e-06  2.5917711e-05  1.3508812e-05  2.0660371e-05  -5.3294299e-05  4.6302373e-05  1.0108643e-05  -3.8547044e-06  8.1885630e-06  1.0154379e-05  0.0010756031  0.00034576135  0.0000000   -0.0049024396  0.00072362729  -0.00047952066  0.00042431047  -0.00012169903  2.5177329e-05  -6.8724334e-05  -4.0353785e-05  -2.5660905e-05  7.4581475e-05  1.1320884e-05  9.1598627e-05  0.00017348953  2.5728441e-05  1.0434455e-05  2.4985412e-05  -0.00012820067  0.00024483291  -1.9185305e-06  2.5917711e-05  1.3508812e-05  2.0660371e-05  -5.3294299e-05  4.6302373e-05  1.0108643e-05  -3.8547044e-06  8.1885630e-06  
9.1041483e-05  0.0011510660  -3.4121866e-05  0.0049024396  0.0000000   0.00092943935  0.00027769076  0.0019517707  -8.8595782e-05  0.00026860570  -0.00010638711  -4.8302290e-05  -7.0262918e-06  0.00026803871  -2.3704009e-05  -0.00010783032  -9.6136717e-05  -9.2133439e-05  -1.6219808e-05  5.1925583e-05  -8.5481050e-06  -0.00012944533  -4.9503907e-06  9.8806048e-06  -5.8075716e-06  -4.5612670e-05  -1.2329922e-05  6.7432085e-05  -1.5202836e-05  4.7538126e-06  -1.4448824e-05  9.1041483e-05  0.0011510660  -3.4121866e-05  0.0049024396  0.0000000   0.00092943935  0.00027769076  0.0019517707  -8.8595782e-05  0.00026860570  -0.00010638711  -4.8302290e-05  -7.0262918e-06  0.00026803871  -2.3704009e-05  -0.00010783032  -9.6136717e-05  -9.2133439e-05  -1.6219808e-05  5.1925583e-05  -8.5481050e-06  -0.00012944533  -4.9503907e-06  9.8806048e-06  -5.8075716e-06  -4.5612670e-05  -1.2329922e-05  6.7432085e-05  -1.5202836e-05  4.7538126e-06  -1.4448824e-05  
-2.5337105e-05  -0.00016000959  -0.00081161482  -0.00072362729  -0.00092943935  0.0000000   0.0043267670  0.00016742051  -0.00018349952  3.0002310e-05  7.9193517e-05  4.6186150e-05  -7.5735740e-06  -1.7344168e-05  -0.00017530412  -6.4626936e-06  7.2655845e-05  -0.00011100187  -0.00027236141  0.00020829439  -9.3923343e-06  -8.7422010e-08  -8.5594571e-05  -7.9763423e-05  -7.0062930e-05  -0.00010532658  -8.5327984e-06  -9.5836196e-06  -6.3470598e-05  -0.00010758115  -0.00010519947  -2.5337105e-05  -0.00016000959  -0.00081161482  -0.00072362729  -0.00092943935  0.0000000   0.0043267670  0.00016742051  -0.00018349952  3.0002310e-05  7.9193517e-05  4.6186150e-05  -7.5735740e-06  -1.7344168e-05  -0.00017530412  -6.4626936e-06  7.2655845e-05  -0.00011100187  -0.00027236141  0.00020829439  -9.3923343e-06  -8.7422010e-08  -8.5594571e-05  -7.9763423e-05  -7.0062930e-05  -0.00010532658  -8.5327984e-06  -9.5836196e-06  -6.3470598e-05  -0.00010758115  -0.00010519947  
0.00023889250  0.00010864412  0.0037496634  0.00047952066  -0.00027769076  -0.0043267670  0.0000000   0.00041651416  0.00016795478  0.00013612753  -0.00014381965  3.5236424e-05  1.2330790e-05  0.00011960313  -0.00026692401  3.0058203e-05  -6.0774054e-05  0.00036650070  1.7873079e-05  -1.2429160e-05  -1.4936434e-05  3.5844907e-06  9.6756755e-05  -0.00017208600  -4.1311319e-06  0.00021605313  -1.1481814e-05  2.1715995e-05  -5.5226014e-05  1.8497877e-05  0.00014202863  0.00023889250  0.00010864412  0.0037496634  0.00047952066  -0.00027769076  -0.0043267670  0.0000000   0.00041651416  0.00016795478  0.00013612753  -0.00014381965  3.5236424e-05  1.2330790e-05  0.00011960313  -0.00026692401  3.0058203e-05  -6.0774054e-05  0.00036650070  1.7873079e-05  -1.2429160e-05  -1.4936434e-05  3.5844907e-06  9.6756755e-05  -0.00017208600  -4.1311319e-06  0.00021605313  -1.1481814e-05  2.1715995e-05  -5.5226014e-05  1.8497877e-05  0.00014202863  
3.4445055e-05  -0.00025902288  0.00045976142  -0.00042431047  -0.0019517707  -0.00016742051  -0.00041651416  0.0000000   2.7309497e-06  -0.00051471814  0.00070119656  0.00044408010  -0.00016948993  5.3104382e-05  2.6137543e-06  -0.00027733739  -0.00012994925  4.8485596e-05  9.7200304e-05  3.4039090e-05  -1.6226889e-05  -0.00027881962  1.5376501e-05  -6.6732526e-06  2.0149197e-06  1.9808767e-05  3.4548772e-06  -0.00013014952  -3.9198217e-06  2.4145763e-05  1.6836669e-05  3.4445055e-05  -0.00025902288  0.00045976142  -0.00042431047  -0.0019517707  -0.00016742051  -0.00041651416  0.0000000   2.7309497e-06  -0.00051471814  0.00070119656  0.00044408010  -0.00016948993  5.3104382e-05  2.6137543e-06  -0.00027733739  -0.00012994925  4.8485596e-05  9.7200304e-05  3.4039090e-05  -1.6226889e-05  -0.00027881962  1.5376501e-05  -6.6732526e-06  2.0149197e-06  1.9808767e-05  3.4548772e-06  -0.00013014952  -3.9198217e-06  2.4145763e-05  1.6836669e-05  
-0.00052934326  2.4667221e-05  -0.00047154794  0.00012169903  8.8595782e-05  0.00018349952  -0.00016795478  -2.7309497e-06  0.0000000   3.3184612e-05  -1.0937287e-05  -0.00014482387  -0.00025664960  -4.7231343e-05  0.00040575686  -2.0802788e-05  -3.4986232e-05  2.6010119e-05  -4.0316437e-05  3.7479657e-05  4.2236267e-05  5.6950299e-06  4.7815993e-05  0.00027424622  0.00012615259  -7.1127603e-05  -1.3000533e-05  2.5197636e-06  -0.00010975451  -2.2470376e-05  4.5127369e-05  -0.00052934326  2.4667221e-05  -0.00047154794  0.00012169903  8.8595782e-05  0.00018349952  -0.00016795478  -2.7309497e-06  0.0000000   3.3184612e-05  -1.0937287e-05  -0.00014482387  -0.00025664960  -4.7231343e-05  0.00040575686  -2.0802788e-05  -3.4986232e-05  2.6010119e-05  -4.0316437e-05  3.7479657e-05  4.2236267e-05  5.6950299e-06  4.7815993e-05  0.00027424622  0.00012615259  -7.1127603e-05  -1.3000533e-05  2.5197636e-06  -0.00010975451  -2.2470376e-05  4.5127369e-05  
1.4293640e-06  0.00015024684  0.00010188660  -2.5177329e-05  -0.00026860570  -3.0002310e-05  -0.00013612753  0.00051471814  -3.3184612e-05  0.0000000   0.0012919923  6.5452799e-05  -3.4958390e-05  -0.00025568844  -2.4343095e-05  -0.00044134798  0.00017184793  2.9440610e-05  0.00012336170  0.00018704188  5.9670057e-05  -0.00018093576  -5.2572262e-06  -2.2698550e-05  -1.5664857e-05  -1.5161788e-06  9.2911960e-05  -1.6744457e-05  -1.9472917e-05  -1.7799475e-05  -5.4659318e-06  1.4293640e-06  0.00015024684  0.00010188660  -2.5177329e-05  -0.00026860570  -3.0002310e-05  -0.00013612753  0.00051471814  -3.3184612e-05  0.0000000   0.0012919923  6.5452799e-05  -3.4958390e-05  -0.00025568844  -2.4343095e-05  -0.00044134798  0.00017184793  2.9440610e-05  0.00012336170  0.00018704188  5.9670057e-05  -0.00018093576  -5.2572262e-06  -2.2698550e-05  -1.5664857e-05  -1.5161788e-06  9.2911960e-05  -1.6744457e-05  -1.9472917e-05  -1.7799475e-05  -5.4659318e-06  
-8.2476662e-06  9.3519373e-05  2.3850437e-05  6.8724334e-05  0.00010638711  -7.9193517e-05  0.00014381965  -0.00070119656  1.0937287e-05  -0.0012919923  0.0000000   0.00050611775  -0.00012024049  -0.00069733496  8.1937687e-05  0.00041465154  0.00022346827  1.7054623e-05  -5.4211030e-05  -1.7214158e-06  0.00013775433  4.3409236e-05  8.8741869e-06  2.4706932e-06  -7.0046374e-06  1.7107526e-05  -5.6537382e-05  0.00042869735  -9.1370198e-06  1.9036767e-05  1.0141708e-05  -8.2476662e-06  9.3519373e-05  2.3850437e-05  6.8724334e-05  0.00010638711  -7.9193517e-05  0.00014381965  -0.00070119656  1.0937287e-05  -0.0012919923  0.0000000   0.00050611775  -0.00012024049  -0.00069733496  8.1937687e-05  0.00041465154  0.00022346827  1.7054623e-05  -5.4211030e-05  -1.7214158e-06  0.00013775433  4.3409236e-05  8.8741869e-06  2.4706932e-06  -7.0046374e-06  1.7107526e-05  -5.6537382e-05  0.00042869735  -9.1370198e-06  1.9036767e-05  1.0141708e-05  
