0.0000000   6.6736974e-05  -0.00030490574  1.2146953e-05  -3.1647185e-05  -1.6304392e-05  -3.6578632e-05  1.2552099e-05  -0.00038604975  9.2473629e-06  7.1407322e-06  -8.3946137e-07  4.1829843e-05  2.1459897e-05  -2.7989629e-06  -7.1918178e-05  -7.4249057e-05  -5.1052304e-05  -1.0398972e-05  -1.3304214e-05  -0.00010968046  1.2067886e-05  -1.0390284e-05  1.5364736e-05  1.5564194e-05  -3.9507566e-06  -7.3535994e-07  -9.5270185e-06  5.8012195e-06  5.9286497e-05  -2.0141665e-05  0.0000000   6.6736974e-05  -0.00030490574  1.2146953e-05  -3.1647185e-05  -1.6304392e-05  -3.6578632e-05  1.2552099e-05  -0.00038604975  9.2473629e-06  7.1407322e-06  -8.3946137e-07  4.1829843e-05  2.1459897e-05  -2.7989629e-06  -7.1918178e-05  -7.4249057e-05  -5.1052304e-05  -1.0398972e-05  -1.3304214e-05  -0.00010968046  1.2067886e-05  -1.0390284e-05  1.5364736e-05  1.5564194e-05  -3.9507566e-06  -7.3535994e-07  -9.5270185e-06  5.8012195e-06  5.9286497e-05  -2.0141665e-05  
-6.6736974e-05  0.0000000   -3.0731298e-05  -0.0022385086  0.0021508236  -0.00053358526  0.00083445222  0.00037916795  -1.1770009e-05  -0.00016447392  -0.00021987703  0.00043858988  -6.8457727e-05  2.0885446e-05  3.7097583e-05  -1.9516707e-05  4.4682580e-05  -3.4557806e-05  2.2433936e-05  -1.4411294e-05  -6.1941999e-06  -6.9790943e-05  0.00013221221  4.6018773e-05  -0.00014644919  -0.00012014205  -0.00016799117  1.5331315e-05  -6.8747871e-06  3.0886015e-06  0.00012911437  -6.6736974e-05  0.0000000   -3.0731298e-05  -0.0022385086  0.0021508236  -0.00053358526  0.00083445222  0.00037916795  -1.1770009e-05  -0.00016447392  -0.00021987703  0.00043858988  -6.8457727e-05  2.0885446e-05  3.7097583e-05  -1.9516707e-05  4.4682580e-05  -3.4557806e-05  2.2433936e-05  -1.4411294e-05  -6.1941999e-06  -6.9790943e-05  0.00013221221  4.6018773e-05  -0.00014644919  -0.00012014205  -0.00016799117  1.5331315e-05  -6.8747871e-06  3.0886015e-06  0.00012911437  
0.00030490574  3.0731298e-05  0.0000000   -3.7012113e-05  3.3509662e-05  -0.00012082609  0.00035190495  -0.00097566488  0.00052568562  2.4642995e-05  -2.0928982e-05  -2.9083281e-06  -0.00024612585  -0.00024252919  -3.9894353e-06  0.00019328428  5.5390209e-05  7.5471544e-05  2.0085690e-06  -1.0242907e-05  5.4804241e-05  -5.0729889e-06  -7.2298876e-06  2.2611874e-05  2.5518270e-05  -3.0991139e-06  -7.5434813e-07  4.3758250e-06  4.9536702e-05  9.3882193e-05  1.5678896e-05  0.00030490574  3.0731298e-05  0.0000000   -3.7012113e-05  3.3509662e-05  -0.00012082609  0.00035190495  -0.00097566488  0.00052568562  2.4642995e-05  -2.0928982e-05  -2.9083281e-06  -0.00024612585  -0.00024252919  -3.9894353e-06  0.00019328428  5.5390209e-05  7.5471544e-05  2.0085690e-06  -1.0242907e-05  5.4804241e-05  -5.0729889e-06  -7.2298876e-06  2.2611874e-05  2.5518270e-05  -3.0991139e-06  -7.5434813e-07  4.3758250e-06  4.9536702e-05  9.3882193e-05  1.5678896e-05  
-1.2146953e-05  0.0022385086  3.7012113e-05  0.0000000   0.00054539917  0.00045873842  0.00072166390  0.00021933129  1.5784334e-05  -0.00010229306  0.00016148918  0.00018318015  1.6474946e-06  5.5268725e-06  0.00017116517  -4.1489389e-06  5.6660364e-05  -4.6605081e-05  3.4815380e-05  4.6538468e-05  7.4934299e-07  0.00019714707  -5.8847383e-05  -5.3415990e-06  3.8090477e-05  -4.4164825e-05  2.2715168e-05  5.0419504e-06  1.0263881e-05  -1.6623784e-05  -5.3552463e-05  -1.2146953e-05  0.0022385086  3.7012113e-05  0.0000000   0.00054539917  0.00045873842  0.00072166390  0.00021933129  1.5784334e-05  -0.00010229306  0.00016148918  0.00018318015  1.6474946e-06  5.5268725e-06  0.00017116517  -4.1489389e-06  5.6660364e-05  -4.6605081e-05  3.4815380e-05  4.6538468e-05  7.4934299e-07  0.00019714707  -5.8847383e-05  -5.3415990e-06  3.8090477e-05  -4.4164825e-05  2.2715168e-05  5.0419504e-06  1.0263881e-05  -1.6623784e-05  -5.3552463e-05  
3.1647185e-05  -0.0021508236  -3.3509662e-05  -0.00054539917  0.0000000   0.0015029956  0.00014383849  -3.8520482e-05  8.2803225e-05  -0.00059266991  7.6239816e-05  0.00013188326  -5.8634694e-05  -7.4111038e-06  -7.9814122e-05  1.2840326e-05  4.2757295e-05  -2.3767951e-05  -2.2785095e-05  8.0697330e-05  -1.4400422e-05  -3.1668677e-05  -2.1765264e-05  -4.0853444e-05  -6.8404321e-05  0.00017794166  -2.8989572e-05  -4.5496853e-06  -9.7332110e-06  1.9025000e-05  0.00011453618  3.1647185e-05  -0.0021508236  -3.3509662e-05  -0.00054539917  0.0000000   0.0015029956  0.00014383849  -3.8520482e-05  8.2803225e-05  -0.00059266991  7.6239816e-05  0.00013188326  -5.8634694e-05  -7.4111038e-06  -7.9814122e-05  1.2840326e-05  4.2757295e-05  -2.3767951e-05  -2.2785095e-05  8.0697330e-05  -1.4400422e-05  -3.1668677e-05  -2.1765264e-05  -4.0853444e-05  -6.8404321e-05  0.00017794166  -2.8989572e-05  -4.5496853e-06  -9.7332110e-06  1.9025000e-05  0.00011453618  
1.6304392e-05  0.00053358526  0.00012082609  -0.00045873842  -0.0015029956  0.0000000   -0.0014216448  -0.00057241242  -7.6726718e-05  -1.6074643e-05  -0.00024015065  -4.9668374e-05  4.5195532e-05  2.5921511e-05  -0.00016094662  -1.0347123e-05  -6.7526651e-05  6.4650015e-05  9.8556108e-05  -0.00032636485  4.6220808e-05  -4.9486307e-05  -0.00016833636  -6.1151085e-05  -4.8887983e-06  -0.00021344781  -0.00016906122  -3.5937340e-06  -7.5216737e-06  1.2035857e-05  0.00014712605  1.6304392e-05  0.00053358526  0.00012082609  -0.00045873842  -0.0015029956  0.0000000   -0.0014216448  -0.00057241242  -7.6726718e-05  -1.6074643e-05  -0.00024015065  -4.9668374e-05  4.5195532e-05  2.5921511e-05  -0.00016094662  -1.0347123e-05  -6.7526651e-05  6.4650015e-05  9.8556108e-05  -0.00032636485  4.6220808e-05  -4.9486307e-05  -0.00016833636  -6.1151085e-05  -4.8887983e-06  -0.00021344781  -0.00016906122  -3.5937340e-06  -7.5216737e-06  1.2035857e-05  0.00014712605  
3.6578632e-05  -0.00083445222  -0.00035190495  -0.00072166390  -0.00014383849  0.0014216448  0.0000000   -8.0844591e-05  0.00074457869  -0.00072026987  -6.0071734e-05  -0.00015832012  7.5706217e-05  -8.2511676e-05  -9.2274112e-05  6.7660597e-05  -6.1020765e-05  0.00019860462  0.00019141945  -6.4572416e-05  3.1680001e-05  -7.5920430e-05  -0.00017395558  -0.00019587852  -8.2596167e-05  1.6284656e-05  3.7674511e-05  -4.5969576e-05  2.1798946e-05  3.2959365e-05  9.3016343e-05  3.6578632e-05  -0.00083445222  -0.00035190495  -0.00072166390  -0.00014383849  0.0014216448  0.0000000   -8.0844591e-05  0.00074457869  -0.00072026987  -6.0071734e-05  -0.00015832012  7.5706217e-05  -8.2511676e-05  -9.2274112e-05  6.7660597e-05  -6.1020765e-05  0.00019860462  0.00019141945  -6.4572416e-05  3.1680001e-05  -7.5920430e-05  -0.00017395558  -0.00019587852  -8.2596167e-05  1.6284656e-05  3.7674511e-05  -4.5969576e-05  2.1798946e-05  3.2959365e-05  9.3016343e-05  
-1.2552099e-05  -0.00037916795  0.00097566488  -0.00021933129  3.8520482e-05  0.00057241242  8.0844591e-05  0.0000000   -0.0018767765  -0.00032427993  5.1532862e-05  -5.6691807e-05  1.9944711e-05  0.00016579860  -3.5095734e-05  -0.00020199515  -0.00025494851  -0.00014441488  6.8642745e-05  -1.8478935e-05  -7.9765345e-05  -4.9622681e-05  -0.00010374366  -7.7681881e-05  -4.7371128e-05  2.4815546e-05  1.7669755e-05  0.00012108404  -0.00011840699  -7.8127934e-05  4.3975353e-05  -1.2552099e-05  -0.00037916795  0.00097566488  -0.00021933129  3.8520482e-05  0.00057241242  8.0844591e-05  0.0000000   -0.0018767765  -0.00032427993  5.1532862e-05  -5.6691807e-05  1.9944711e-05  0.00016579860  -3.5095734e-05  -0.00020199515  -0.00025494851  -0.00014441488  6.8642745e-05  -1.8478935e-05  -7.9765345e-05  -4.9622681e-05  -0.00010374366  -7.7681881e-05  -4.7371128e-05  2.4815546e-05  1.7669755e-05  0.00012108404  -0.00011840699  -7.8127934e-05  4.3975353e-05  
0.00038604975  1.1770009e-05  -0.00052568562  -1.5784334e-05  -8.2803225e-05  7.6726718e-05  -0.00074457869  0.0018767765  0.0000000   -5.5767883e-05  -3.9010096e-06  -0.00011122059  -0.00011961853  0.00036765686  4.6032624e-05  -0.00090661818  -4.9922921e-05  -8.6597525e-05  -1.4875693e-07  6.4411200e-05  0.00023325026  -3.1644661e-05  5.7384806e-06  -4.6874095e-06  -2.4069650e-05  -1.7134520e-06  -8.1522367e-06  3.0935967e-05  -6.8668121e-05  -3.0875968e-05  -3.6009558e-05  0.00038604975  1.1770009e-05  -0.00052568562  -1.5784334e-05  -8.2803225e-05  7.6726718e-05  -0.00074457869  0.0018767765  0.0000000   -5.5767883e-05  -3.9010096e-06  -0.00011122059  -0.00011961853  0.00036765686  4.6032624e-05  -0.00090661818  -4.9922921e-05  -8.6597525e-05  -1.4875693e-07  6.4411200e-05  0.00023325026  -3.1644661e-05  5.7384806e-06  -4.6874095e-06  -2.4069650e-05  -1.7134520e-06  -8.1522367e-06  3.0935967e-05  -6.8668121e-05  -3.0875968e-05  -3.6009558e-05  
-9.2473629e-06  0.00016447392  -2.4642995e-05  0.00010229306  0.00059266991  1.6074643e-05  0.00072026987  0.00032427993  5.5767883e-05  0.0000000   0.0022885982  -5.2468735e-05  -5.6488450e-05  -7.3713284e-05  -0.00026625513  -3.0073847e-06  -3.6965419e-05  4.1209967e-05  6.8335419e-05  -0.00023130660  2.0096737e-05  -0.00010939911  9.9530455e-05  -6.0389807e-05  -0.00011752579  -8.0353429e-05  7.8281593e-05  -6.4938071e-06  -6.7768621e-06  -4.6011416e-07  0.00011447593  -9.2473629e-06  0.00016447392  -2.4642995e-05  0.00010229306  0.00059266991  1.6074643e-05  0.00072026987  0.00032427993  5.5767883e-05  0.0000000   0.0022885982  -5.2468735e-05  -5.6488450e-05  -7.3713284e-05  -0.00026625513  -3.0073847e-06  -3.6965419e-05  4.1209967e-05  6.8335419e-05  -0.00023130660  2.0096737e-05  -0.00010939911  9.9530455e-05  -6.0389807e-05  -0.00011752579  -8.0353429e-05  7.8281593e-05  -6.4938071e-06  -6.7768621e-06  -4.6011416e-07  0.00011447593  
-7.1407322e-06  0.00021987703  2.0928982e-05  -0.00016148918  -7.6239816e-05  0.00024015065  6.0071734e-05  -5.1532862e-05  3.9010096e-06  -0.0022885982  0.0000000   -0.0010301188  0.00016843749  1.4255319e-05  -8.2518431e-05  2.9882525e-05  -0.00014559898  0.00012551213  0.00018038408  -0.00023556671  1.4582748e-05  -0.00012718531  -0.00012495572  2.3158049e-05  0.00015482959  -0.00013235576  1.9801560e-05  -2.0424280e-06  9.0051811e-06  -1.0582761e-05  -2.7807735e-05  -7.1407322e-06  0.00021987703  2.0928982e-05  -0.00016148918  -7.6239816e-05  0.00024015065  6.0071734e-05  -5.1532862e-05  3.9010096e-06  -0.0022885982  0.0000000   -0.0010301188  0.00016843749  1.4255319e-05  -8.2518431e-05  2.9882525e-05  -0.00014559898  0.00012551213  0.00018038408  -0.00023556671  1.4582748e-05  -0.00012718531  -0.00012495572  2.3158049e-05  0.00015482959  -0.00013235576  1.9801560e-05  -2.0424280e-06  9.0051811e-06  -1.0582761e-05  -2.7807735e-05  
8.3946137e-07  -0.00043858988  2.9083281e-06  -0.00018318015  -0.00013188326  4.9668374e-05  0.00015832012  5.6691807e-05  0.00011122059  5.2468735e-05  0.0010301188  0.0000000   0.00047120727  0.0013647481  0.00055606319  -8.8106931e-05  -0.00014388520  0.00021611749  0.00021159104  0.00010322071  -3.9761928e-05  -0.00022236893  0.00012341057  -7.0842878e-05  -6.8839921e-05  -1.9890477e-05  2.2158627e-05  3.2458467e-05  -7.0253176e-06  -2.3210852e-05  6.8464015e-05  8.3946137e-07  -0.00043858988  2.9083281e-06  -0.00018318015  -0.00013188326  4.9668374e-05  0.00015832012  5.6691807e-05  0.00011122059  5.2468735e-05  0.0010301188  0.0000000   0.00047120727  0.0013647481  0.00055606319  -8.8106931e-05  -0.00014388520  0.00021611749  0.00021159104  0.00010322071  -3.9761928e-05  -0.00022236893  0.00012341057  -7.0842878e-05  -6.8839921e-05  -1.9890477e-05  2.2158627e-05  3.2458467e-05  -7.0253176e-06  -2.3210852e-05  6.8464015e-05  
-4.1829843e-05  6.8457727e-05  0.00024612585  -1.6474946e-06  5.8634694e-05  -4.5195532e-05  -7.5706217e-05  -1.9944711e-05  0.00011961853  5.6488450e-05  -0.00016843749  -0.00047120727  0.0000000   0.011503585  9.0267269e-05  -0.00052954576  0.00029708453  0.00023337172  5.9773736e-05  -9.3864828e-05  -9.1553111e-05  -1.4062113e-05  -6.2046236e-05  -5.4104514e-05  -7.7561670e-05  6.4017539e-05  1.6712064e-05  0.00021684227  -5.2176515e-05  -0.00014955861  5.6791999e-05  -4.1829843e-05  6.8457727e-05  0.00024612585  -1.6474946e-06  5.8634694e-05  -4.5195532e-05  -7.5706217e-05  -1.9944711e-05  0.00011961853  5.6488450e-05  -0.00016843749  -0.00047120727  0.0000000   0.011503585  9.0267269e-05  -0.00052954576  0.00029708453  0.00023337172  5.9773736e-05  -9.3864828e-05  -9.1553111e-05  -1.4062113e-05  -6.2046236e-05  -5.4104514e-05  -7.7561670e-05  6.4017539e-05  1.6712064e-05  0.00021684227  -5.2176515e-05  -0.00014955861  5.6791999e-05  
-2.1459897e-05  -2.0885446e-05  0.00024252919  -5.5268725e-06  7.4111038e-06  -2.5921511e-05  8.2511676e-05  -0.00016579860  -0.00036765686  7.3713284e-05  -1.4255319e-05  -0.0013647481  -0.011503585  0.0000000   0.00055210319  0.00077315019  -8.6541346e-05  0.00030926077  2.8123994e-05  -4.1112297e-05  -0.00010006417  -0.00023614699  -9.8923849e-05  4.6795991e-05  5.9982536e-05  0.00011079403  2.4943258e-05  -0.00025114797  -7.7827783e-05  0.00011387125  2.2006547e-05  -2.1459897e-05  -2.0885446e-05  0.00024252919  -5.5268725e-06  7.4111038e-06  -2.5921511e-05  8.2511676e-05  -0.00016579860  -0.00036765686  7.3713284e-05  -1.4255319e-05  -0.0013647481  -0.011503585  0.0000000   0.00055210319  0.00077315019  -8.6541346e-05  0.00030926077  2.8123994e-05  -4.1112297e-05  -0.00010006417  -0.00023614699  -9.8923849e-05  4.6795991e-05  5.9982536e-05  0.00011079403  2.4943258e-05  -0.00025114797  -7.7827783e-05  0.00011387125  2.2006547e-05  
2.7989629e-06  -3.7097583e-05  3.9894353e-06  -0.00017116517  7.9814122e-05  0.00016094662  9.2274112e-05  3.5095734e-05  -4.6032624e-05  0.00026625513  8.2518431e-05  -0.00055606319  -9.0267269e-05  -0.00055210319  0.0000000   -3.3924441e-06  -0.00046907509  0.00046344493  0.00057975564  -0.00031256144  2.2777020e-05  0.00033443508  8.0036219e-05  -0.00021609325  -0.00020005035  -0.00044212858  0.00017929714  -2.7655909e-05  2.2841831e-05  -8.7592513e-07  0.00012974234  2.7989629e-06  -3.7097583e-05  3.9894353e-06  -0.00017116517  7.9814122e-05  0.00016094662  9.2274112e-05  3.5095734e-05  -4.6032624e-05  0.00026625513  8.2518431e-05  -0.00055606319  -9.0267269e-05  -0.00055210319  0.0000000   -3.3924441e-06  -0.00046907509  0.00046344493  0.00057975564  -0.00031256144  2.2777020e-05  0.00033443508  8.0036219e-05  -0.00021609325  -0.00020005035  -0.00044212858  0.00017929714  -2.7655909e-05  2.2841831e-05  -8.7592513e-07  0.00012974234  
7.1918178e-05  1.9516707e-05  -0.00019328428  4.1489389e-06  -1.2840326e-05  1.0347123e-05  -6.7660597e-05  0.00020199515  0.00090661818  3.0073847e-06  -2.9882525e-05  8.8106931e-05  0.00052954576  -0.00077315019  3.3924441e-06  0.0000000   -0.00016307952  -0.00013642420  -5.1975058e-05  0.00021602798  0.00084054538  1.9861743e-05  4.4155310e-05  2.4189426e-05  2.8760146e-05  -3.2714209e-06  -1.5446472e-05  2.1503550e-05  -0.00018493157  -7.5751144e-05  9.9202386e-06  7.1918178e-05  1.9516707e-05  -0.00019328428  4.1489389e-06  -1.2840326e-05  1.0347123e-05  -6.7660597e-05  0.00020199515  0.00090661818  3.0073847e-06  -2.9882525e-05  8.8106931e-05  0.00052954576  -0.00077315019  3.3924441e-06  0.0000000   -0.00016307952  -0.00013642420  -5.1975058e-05  0.00021602798  0.00084054538  1.9861743e-05  4.4155310e-05  2.4189426e-05  2.8760146e-05  -3.2714209e-06  -1.5446472e-05  2.1503550e-05  -0.00018493157  -7.5751144e-05  9.9202386e-06  
7.4249057e-05  -4.4682580e-05  -5.5390209e-05  -5.6660364e-05  -4.2757295e-05  6.7526651e-05  6.1020765e-05  0.00025494851  4.9922921e-05  3.6965419e-05  0.00014559898  0.00014388520  -0.00029708453  8.6541346e-05  0.00046907509  0.00016307952  0.0000000   0.00013396837  -0.00087821254  0.0012831892  0.0014124618  0.00016032376  3.7414030e-05  0.00017095571  0.00025725514  -2.3686502e-05  1.2919830e-06  -6.8241377e-05  -8.4572482e-05  0.00012180632  -6.1478954e-05  7.4249057e-05  -4.4682580e-05  -5.5390209e-05  -5.6660364e-05  -4.2757295e-05  6.7526651e-05  6.1020765e-05  0.00025494851  4.9922921e-05  3.6965419e-05  0.00014559898  0.00014388520  -0.00029708453  8.6541346e-05  0.00046907509  0.00016307952  0.0000000   0.00013396837  -0.00087821254  0.0012831892  0.0014124618  0.00016032376  3.7414030e-05  0.00017095571  0.00025725514  -2.3686502e-05  1.2919830e-06  -6.8241377e-05  -8.4572482e-05  0.00012180632  -6.1478954e-05  
5.1052304e-05  3.4557806e-05  -7.5471544e-05  4.6605081e-05  2.3767951e-05  -6.4650015e-05  -0.00019860462  0.00014441488  8.6597525e-05  -4.1209967e-05  -0.00012551213  -0.00021611749  -0.00023337172  -0.00030926077  -0.00046344493  0.00013642420  -0.00013396837  0.0000000   0.0010866252  -0.00096200348  0.0015549596  -0.00042504550  5.8155107e-06  -0.00015096756  -0.00024082992  5.7019910e-05  -1.4196854e-07  -7.7348769e-05  -7.2164003e-05  6.4805319e-05  3.9047829e-05  5.1052304e-05  3.4557806e-05  -7.5471544e-05  4.6605081e-05  2.3767951e-05  -6.4650015e-05  -0.00019860462  0.00014441488  8.6597525e-05  -4.1209967e-05  -0.00012551213  -0.00021611749  -0.00023337172  -0.00030926077  -0.00046344493  0.00013642420  -0.00013396837  0.0000000   0.0010866252  -0.00096200348  0.0015549596  -0.00042504550  5.8155107e-06  -0.00015096756  -0.00024082992  5.7019910e-05  -1.4196854e-07  -7.7348769e-05  -7.2164003e-05  6.4805319e-05  3.9047829e-05  
1.0398972e-05  -2.2433936e-05  -2.0085690e-06  -3.4815380e-05  2.2785095e-05  -9.8556108e-05  -0.00019141945  -6.8642745e-05  1.4875693e-07  -6.8335419e-05  -0.00018038408  -0.00021159104  -5.9773736e-05  -2.8123994e-05  -0.00057975564  5.1975058e-05  0.00087821254  -0.0010866252  0.0000000   0.00012481348  0.00013374070  0.00065374389  0.00042963277  -0.00015602941  -0.00019024170  -0.00042742838  -0.00018338440  -9.4238702e-07  -1.8180325e-05  4.0197532e-06  0.00018192878  1.0398972e-05  -2.2433936e-05  -2.0085690e-06  -3.4815380e-05  2.2785095e-05  -9.8556108e-05  -0.00019141945  -6.8642745e-05  1.4875693e-07  -6.8335419e-05  -0.00018038408  -0.00021159104  -5.9773736e-05  -2.8123994e-05  -0.00057975564  5.1975058e-05  0.00087821254  -0.0010866252  0.0000000   0.00012481348  0.00013374070  0.00065374389  0.00042963277  -0.00015602941  -0.00019024170  -0.00042742838  -0.00018338440  -9.4238702e-07  -1.8180325e-05  4.0197532e-06  0.00018192878  
1.3304214e-05  1.4411294e-05  1.0242907e-05  -4.6538468e-05  -8.0697330e-05  0.00032636485  6.4572416e-05  1.8478935e-05  -6.4411200e-05  0.00023130660  0.00023556671  -0.00010322071  9.3864828e-05  4.1112297e-05  0.00031256144  -0.00021602798  -0.0012831892  0.00096200348  -0.00012481348  0.0000000   -4.9077031e-05  2.6268789e-06  -8.2058161e-05  -7.2103948e-05  0.00043233849  -0.00011434330  -8.0826871e-05  -5.3120956e-06  5.6814540e-05  3.2212649e-05  -0.00011594350  1.3304214e-05  1.4411294e-05  1.0242907e-05  -4.6538468e-05  -8.0697330e-05  0.00032636485  6.4572416e-05  1.8478935e-05  -6.4411200e-05  0.00023130660  0.00023556671  -0.00010322071  9.3864828e-05  4.1112297e-05  0.00031256144  -0.00021602798  -0.0012831892  0.00096200348  -0.00012481348  0.0000000   -4.9077031e-05  2.6268789e-06  -8.2058161e-05  -7.2103948e-05  0.00043233849  -0.00011434330  -8.0826871e-05  -5.3120956e-06  5.6814540e-05  3.2212649e-05  -0.00011594350  
0.00010968046  6.1941999e-06  -5.4804241e-05  -7.4934299e-07  1.4400422e-05  -4.6220808e-05  -3.1680001e-05  7.9765345e-05  -0.00023325026  -2.0096737e-05  -1.4582748e-05  3.9761928e-05  9.1553111e-05  0.00010006417  -2.2777020e-05  -0.00084054538  -0.0014124618  -0.0015549596  -0.00013374070  4.9077031e-05  0.0000000   -7.2227521e-05  -0.00017012688  -5.2509769e-05  -0.00012543678  -3.0214032e-05  1.3922952e-06  -6.0747492e-05  0.00013289793  0.00011354737  5.2639470e-05  0.00010968046  6.1941999e-06  -5.4804241e-05  -7.4934299e-07  1.4400422e-05  -4.6220808e-05  -3.1680001e-05  7.9765345e-05  -0.00023325026  -2.0096737e-05  -1.4582748e-05  3.9761928e-05  9.1553111e-05  0.00010006417  -2.2777020e-05  -0.00084054538  -0.0014124618  -0.0015549596  -0.00013374070  4.9077031e-05  0.0000000   -7.2227521e-05  -0.00017012688  -5.2509769e-05  -0.00012543678  -3.0214032e-05  1.3922952e-06  -6.0747492e-05  0.00013289793  0.00011354737  5.2639470e-05  
-1.2067886e-05  6.9790943e-05  5.0729889e-06  -0.00019714707  3.1668677e-05  4.9486307e-05  7.5920430e-05  4.9622681e-05  3.1644661e-05  0.00010939911  0.00012718531  0.00022236893  1.4062113e-05  0.00023614699  -0.00033443508  -1.9861743e-05  -0.00016032376  0.00042504550  -0.00065374389  -2.6268789e-06  7.2227521e-05  0.0000000   -0.0015191457  -0.00022894815  0.00063841810  -0.00073819697  0.00022444059  1.3704271e-05  9.9752391e-06  -5.8845866e-05  -0.00011471685  -1.2067886e-05  6.9790943e-05  5.0729889e-06  -0.00019714707  3.1668677e-05  4.9486307e-05  7.5920430e-05  4.9622681e-05  3.1644661e-05  0.00010939911  0.00012718531  0.00022236893  1.4062113e-05  0.00023614699  -0.00033443508  -1.9861743e-05  -0.00016032376  0.00042504550  -0.00065374389  -2.6268789e-06  7.2227521e-05  0.0000000   -0.0015191457  -0.00022894815  0.00063841810  -0.00073819697  0.00022444059  1.3704271e-05  9.9752391e-06  -5.8845866e-05  -0.00011471685  
1.0390284e-05  -0.00013221221  7.2298876e-06  5.8847383e-05  2.1765264e-05  0.00016833636  0.00017395558  0.00010374366  -5.7384806e-06  -9.9530455e-05  0.00012495572  -0.00012341057  6.2046236e-05  9.8923849e-05  -8.0036219e-05  -4.4155310e-05  -3.7414030e-05  -5.8155107e-06  -0.00042963277  8.2058161e-05  0.00017012688  0.0015191457  0.0000000   0.0038735214  0.0040047192  0.0010280960  -0.00016106708  -1.6054420e-05  -1.6931656e-05  6.5811451e-05  -0.00038355709  1.0390284e-05  -0.00013221221  7.2298876e-06  5.8847383e-05  2.1765264e-05  0.00016833636  0.00017395558  0.00010374366  -5.7384806e-06  -9.9530455e-05  0.00012495572  -0.00012341057  6.2046236e-05  9.8923849e-05  -8.0036219e-05  -4.4155310e-05  -3.7414030e-05  -5.8155107e-06  -0.00042963277  8.2058161e-05  0.00017012688  0.0015191457  0.0000000   0.0038735214  0.0040047192  0.0010280960  -0.00016106708  -1.6054420e-05  -1.6931656e-05  6.5811451e-05  -0.00038355709  
-1.5364736e-05  -4.6018773e-05  -2.2611874e-05  5.3415990e-06  4.0853444e-05  6.1151085e-05  0.00019587852  7.7681881e-05  4.6874095e-06  6.0389807e-05  -2.3158049e-05  7.0842878e-05  5.4104514e-05  -4.6795991e-05  0.00021609325  -2.4189426e-05  -0.00017095571  0.00015096756  0.00015602941  7.2103948e-05  5.2509769e-05  0.00022894815  -0.0038735214  0.0000000   -9.9034092e-05  0.00089898067  0.00016127332  6.5699665e-06  9.0407755e-05  1.6717501e-05  1.8587612e-05  -1.5364736e-05  -4.6018773e-05  -2.2611874e-05  5.3415990e-06  4.0853444e-05  6.1151085e-05  0.00019587852  7.7681881e-05  4.6874095e-06  6.0389807e-05  -2.3158049e-05  7.0842878e-05  5.4104514e-05  -4.6795991e-05  0.00021609325  -2.4189426e-05  -0.00017095571  0.00015096756  0.00015602941  7.2103948e-05  5.2509769e-05  0.00022894815  -0.0038735214  0.0000000   -9.9034092e-05  0.00089898067  0.00016127332  6.5699665e-06  9.0407755e-05  1.6717501e-05  1.8587612e-05  
-1.5564194e-05  0.00014644919  -2.5518270e-05  -3.8090477e-05  6.8404321e-05  4.8887983e-06  8.2596167e-05  4.7371128e-05  2.4069650e-05  0.00011752579  -0.00015482959  6.8839921e-05  7.7561670e-05  -5.9982536e-05  0.00020005035  -2.8760146e-05  -0.00025725514  0.00024082992  0.00019024170  -0.00043233849  0.00012543678  -0.00063841810  -0.0040047192  9.9034092e-05  0.0000000   -0.00073863907  -0.00011811224  2.7610766e-05  0.00010017915  2.5233800e-05  2.1766537e-05  -1.5564194e-05  0.00014644919  -2.5518270e-05  -3.8090477e-05  6.8404321e-05  4.8887983e-06  8.2596167e-05  4.7371128e-05  2.4069650e-05  0.00011752579  -0.00015482959  6.8839921e-05  7.7561670e-05  -5.9982536e-05  0.00020005035  -2.8760146e-05  -0.00025725514  0.00024082992  0.00019024170  -0.00043233849  0.00012543678  -0.00063841810  -0.0040047192  9.9034092e-05  0.0000000   -0.00073863907  -0.00011811224  2.7610766e-05  0.00010017915  2.5233800e-05  2.1766537e-05  
3.9507566e-06  0.00012014205  3.0991139e-06  4.4164825e-05  -0.00017794166  0.00021344781  -1.6284656e-05  -2.4815546e-05  1.7134520e-06  8.0353429e-05  0.00013235576  1.9890477e-05  -6.4017539e-05  -0.00011079403  0.00044212858  3.2714209e-06  2.3686502e-05  -5.7019910e-05  0.00042742838  0.00011434330  3.0214032e-05  0.00073819697  -0.0010280960  -0.00089898067  0.00073863907  0.0000000   -0.0012455751  6.8022089e-05  9.2064777e-05  6.4663799e-05  0.00017749708  3.9507566e-06  0.00012014205  3.0991139e-06  4.4164825e-05  -0.00017794166  0.00021344781  -1.6284656e-05  -2.4815546e-05  1.7134520e-06  8.0353429e-05  0.00013235576  1.9890477e-05  -6.4017539e-05  -0.00011079403  0.00044212858  3.2714209e-06  2.3686502e-05  -5.7019910e-05  0.00042742838  0.00011434330  3.0214032e-05  0.00073819697  -0.0010280960  -0.00089898067  0.00073863907  0.0000000   -0.0012455751  6.8022089e-05  9.2064777e-05  6.4663799e-05  0.00017749708  
7.3535994e-07  0.00016799117  7.5434813e-07  -2.2715168e-05  2.8989572e-05  0.00016906122  -3.7674511e-05  -1.7669755e-05  8.1522367e-06  -7.8281593e-05  -1.9801560e-05  -2.2158627e-05  -1.6712064e-05  -2.4943258e-05  -0.00017929714  1.5446472e-05  -1.2919830e-06  1.4196854e-07  0.00018338440  8.0826871e-05  -1.3922952e-06  -0.00022444059  0.00016106708  -0.00016127332  0.00011811224  0.0012455751  0.0000000   -3.5490118e-05  -1.4198189e-05  7.3272348e-06  4.1069339e-05  7.3535994e-07  0.00016799117  7.5434813e-07  -2.2715168e-05  2.8989572e-05  0.00016906122  -3.7674511e-05  -1.7669755e-05  8.1522367e-06  -7.8281593e-05  -1.9801560e-05  -2.2158627e-05  -1.6712064e-05  -2.4943258e-05  -0.00017929714  1.5446472e-05  -1.2919830e-06  1.4196854e-07  0.00018338440  8.0826871e-05  -1.3922952e-06  -0.00022444059  0.00016106708  -0.00016127332  0.00011811224  0.0012455751  0.0000000   -3.5490118e-05  -1.4198189e-05  7.3272348e-06  4.1069339e-05  
9.5270185e-06  -1.5331315e-05  -4.3758250e-06  -5.0419504e-06  4.5496853e-06  3.5937340e-06  4.5969576e-05  -0.00012108404  -3.0935967e-05  6.4938071e-06  2.0424280e-06  -3.2458467e-05  -0.00021684227  0.00025114797  2.7655909e-05  -2.1503550e-05  6.8241377e-05  7.7348769e-05  9.4238702e-07  5.3120956e-06  6.0747492e-05  -1.3704271e-05  1.6054420e-05  -6.5699665e-06  -2.7610766e-05  -6.8022089e-05  3.5490118e-05  0.0000000   0.00052309226  -0.00036053926  -7.8528993e-05  9.5270185e-06  -1.5331315e-05  -4.3758250e-06  -5.0419504e-06  4.5496853e-06  3.5937340e-06  4.5969576e-05  -0.00012108404  -3.0935967e-05  6.4938071e-06  2.0424280e-06  -3.2458467e-05  -0.00021684227  0.00025114797  2.7655909e-05  -2.1503550e-05  6.8241377e-05  7.7348769e-05  9.4238702e-07  5.3120956e-06  6.0747492e-05  -1.3704271e-05  1.6054420e-05  -6.5699665e-06  -2.7610766e-05  -6.8022089e-05  3.5490118e-05  0.0000000   0.00052309226  -0.00036053926  -7.8528993e-05  
-5.8012195e-06  6.8747871e-06  -4.9536702e-05  -1.0263881e-05  9.7332110e-06  7.5216737e-06  -2.1798946e-05  0.00011840699  6.8668121e-05  6.7768621e-06  -9.0051811e-06  7.0253176e-06  5.2176515e-05  7.7827783e-05  -2.2841831e-05  0.00018493157  8.4572482e-05  7.2164003e-05  1.8180325e-05  -5.6814540e-05  -0.00013289793  -9.9752391e-06  1.6931656e-05  -9.0407755e-05  -0.00010017915  -9.2064777e-05  1.4198189e-05  -0.00052309226  0.0000000   0.0045615310  -0.00052596516  -5.8012195e-06  6.8747871e-06  -4.9536702e-05  -1.0263881e-05  9.7332110e-06  7.5216737e-06  -2.1798946e-05  0.00011840699  6.8668121e-05  6.7768621e-06  -9.0051811e-06  7.0253176e-06  5.2176515e-05  7.7827783e-05  -2.2841831e-05  0.00018493157  8.4572482e-05  7.2164003e-05  1.8180325e-05  -5.6814540e-05  -0.00013289793  -9.9752391e-06  1.6931656e-05  -9.0407755e-05  -0.00010017915  -9.2064777e-05  1.4198189e-05  -0.00052309226  0.0000000   0.0045615310  -0.00052596516  
-5.9286497e-05  -3.0886015e-06  -9.3882193e-05  1.6623784e-05  -1.9025000e-05  -1.2035857e-05  -3.2959365e-05  7.8127934e-05  3.0875968e-05  4.6011416e-07  1.0582761e-05  2.3210852e-05  0.00014955861  -0.00011387125  8.7592513e-07  7.5751144e-05  -0.00012180632  -6.4805319e-05  -4.0197532e-06  -3.2212649e-05  -0.00011354737  5.8845866e-05  -6.5811451e-05  -1.6717501e-05  -2.5233800e-05  -6.4663799e-05  -7.3272348e-06  0.00036053926  -0.0045615310  0.0000000   -0.00035415204  -5.9286497e-05  -3.0886015e-06  -9.3882193e-05  1.6623784e-05  -1.9025000e-05  -1.2035857e-05  -3.2959365e-05  7.8127934e-05  3.0875968e-05  4.6011416e-07  1.0582761e-05  2.3210852e-05  0.00014955861  -0.00011387125  8.7592513e-07  7.5751144e-05  -0.00012180632  -6.4805319e-05  -4.0197532e-06  -3.2212649e-05  -0.00011354737  5.8845866e-05  -6.5811451e-05  -1.6717501e-05  -2.5233800e-05  -6.4663799e-05  -7.3272348e-06  0.00036053926  -0.0045615310  0.0000000   -0.00035415204  
2.0141665e-05  -0.00012911437  -1.5678896e-05  5.3552463e-05  -0.00011453618  -0.00014712605  -9.3016343e-05  -4.3975353e-05  3.6009558e-05  -0.00011447593  2.7807735e-05  -6.8464015e-05  -5.6791999e-05  -2.2006547e-05  -0.00012974234  -9.9202386e-06  6.1478954e-05  -3.9047829e-05  -0.00018192878  0.00011594350  -5.2639470e-05  0.00011471685  0.00038355709  -1.8587612e-05  -2.1766537e-05  -0.00017749708  -4.1069339e-05  7.8528993e-05  0.00052596516  0.00035415204  0.0000000   2.0141665e-05  -0.00012911437  -1.5678896e-05  5.3552463e-05  -0.00011453618  -0.00014712605  -9.3016343e-05  -4.3975353e-05  3.6009558e-05  -0.00011447593  2.7807735e-05  -6.8464015e-05  -5.6791999e-05  -2.2006547e-05  -0.00012974234  -9.9202386e-06  6.1478954e-05  -3.9047829e-05  -0.00018192878  0.00011594350  -5.2639470e-05  0.00011471685  0.00038355709  -1.8587612e-05  -2.1766537e-05  -0.00017749708  -4.1069339e-05  7.8528993e-05  0.00052596516  0.00035415204  0.0000000   
0.0000000   6.6736974e-05  -0.00030490574  1.2146953e-05  -3.1647185e-05  -1.6304392e-05  -3.6578632e-05  1.2552099e-05  -0.00038604975  9.2473629e-06  7.1407322e-06  -8.3946137e-07  4.1829843e-05  2.1459897e-05  -2.7989629e-06  -7.1918178e-05  -7.4249057e-05  -5.1052304e-05  -1.0398972e-05  -1.3304214e-05  -0.00010968046  1.2067886e-05  -1.0390284e-05  1.5364736e-05  1.5564194e-05  -3.9507566e-06  -7.3535994e-07  -9.5270185e-06  5.8012195e-06  5.9286497e-05  -2.0141665e-05  0.0000000   6.6736974e-05  -0.00030490574  1.2146953e-05  -3.1647185e-05  -1.6304392e-05  -3.6578632e-05  1.2552099e-05  -0.00038604975  9.2473629e-06  7.1407322e-06  -8.3946137e-07  4.1829843e-05  2.1459897e-05  -2.7989629e-06  -7.1918178e-05  -7.4249057e-05  -5.1052304e-05  -1.0398972e-05  -1.3304214e-05  -0.00010968046  1.2067886e-05  -1.0390284e-05  1.5364736e-05  1.5564194e-05  -3.9507566e-06  -7.3535994e-07  -9.5270185e-06  5.8012195e-06  5.9286497e-05  -2.0141665e-05  
-6.6736974e-05  0.0000000   -3.0731298e-05  -0.0022385086  0.0021508236  -0.00053358526  0.00083445222  0.00037916795  -1.1770009e-05  -0.00016447392  -0.00021987703  0.00043858988  -6.8457727e-05  2.0885446e-05  3.7097583e-05  -1.9516707e-05  4.4682580e-05  -3.4557806e-05  2.2433936e-05  -1.4411294e-05  -6.1941999e-06  -6.9790943e-05  0.00013221221  4.6018773e-05  -0.00014644919  -0.00012014205  -0.00016799117  1.5331315e-05  -6.8747871e-06  3.0886015e-06  0.00012911437  -6.6736974e-05  0.0000000   -3.0731298e-05  -0.0022385086  0.0021508236  -0.00053358526  0.00083445222  0.00037916795  -1.1770009e-05  -0.00016447392  -0.00021987703  0.00043858988  -6.8457727e-05  2.0885446e-05  3.7097583e-05  -1.9516707e-05  4.4682580e-05  -3.4557806e-05  2.2433936e-05  -1.4411294e-05  -6.1941999e-06  -6.9790943e-05  0.00013221221  4.6018773e-05  -0.00014644919  -0.00012014205  -0.00016799117  1.5331315e-05  -6.8747871e-06  3.0886015e-06  0.00012911437  
0.00030490574  3.0731298e-05  0.0000000   -3.7012113e-05  3.3509662e-05  -0.00012082609  0.00035190495  -0.00097566488  0.00052568562  2.4642995e-05  -2.0928982e-05  -2.9083281e-06  -0.00024612585  -0.00024252919  -3.9894353e-06  0.00019328428  5.5390209e-05  7.5471544e-05  2.0085690e-06  -1.0242907e-05  5.4804241e-05  -5.0729889e-06  -7.2298876e-06  2.2611874e-05  2.5518270e-05  -3.0991139e-06  -7.5434813e-07  4.3758250e-06  4.9536702e-05  9.3882193e-05  1.5678896e-05  0.00030490574  3.0731298e-05  0.0000000   -3.7012113e-05  3.3509662e-05  -0.00012082609  0.00035190495  -0.00097566488  0.00052568562  2.4642995e-05  -2.0928982e-05  -2.9083281e-06  -0.00024612585  -0.00024252919  -3.9894353e-06  0.00019328428  5.5390209e-05  7.5471544e-05  2.0085690e-06  -1.0242907e-05  5.4804241e-05  -5.0729889e-06  -7.2298876e-06  2.2611874e-05  2.5518270e-05  -3.0991139e-06  -7.5434813e-07  4.3758250e-06  4.9536702e-05  9.3882193e-05  1.5678896e-05  
-1.2146953e-05  0.0022385086  3.7012113e-05  0.0000000   0.00054539917  0.00045873842  0.00072166390  0.00021933129  1.5784334e-05  -0.00010229306  0.00016148918  0.00018318015  1.6474946e-06  5.5268725e-06  0.00017116517  -4.1489389e-06  5.6660364e-05  -4.6605081e-05  3.4815380e-05  4.6538468e-05  7.4934299e-07  0.00019714707  -5.8847383e-05  -5.3415990e-06  3.8090477e-05  -4.4164825e-05  2.2715168e-05  5.0419504e-06  1.0263881e-05  -1.6623784e-05  -5.3552463e-05  -1.2146953e-05  0.0022385086  3.7012113e-05  0.0000000   0.00054539917  0.00045873842  0.00072166390  0.00021933129  1.5784334e-05  -0.00010229306  0.00016148918  0.00018318015  1.6474946e-06  5.5268725e-06  0.00017116517  -4.1489389e-06  5.6660364e-05  -4.6605081e-05  3.4815380e-05  4.6538468e-05  7.4934299e-07  0.00019714707  -5.8847383e-05  -5.3415990e-06  3.8090477e-05  -4.4164825e-05  2.2715168e-05  5.0419504e-06  1.0263881e-05  -1.6623784e-05  -5.3552463e-05  
3.1647185e-05  -0.0021508236  -3.3509662e-05  -0.00054539917  0.0000000   0.0015029956  0.00014383849  -3.8520482e-05  8.2803225e-05  -0.00059266991  7.6239816e-05  0.00013188326  -5.8634694e-05  -7.4111038e-06  -7.9814122e-05  1.2840326e-05  4.2757295e-05  -2.3767951e-05  -2.2785095e-05  8.0697330e-05  -1.4400422e-05  -3.1668677e-05  -2.1765264e-05  -4.0853444e-05  -6.8404321e-05  0.00017794166  -2.8989572e-05  -4.5496853e-06  -9.7332110e-06  1.9025000e-05  0.00011453618  3.1647185e-05  -0.0021508236  -3.3509662e-05  -0.00054539917  0.0000000   0.0015029956  0.00014383849  -3.8520482e-05  8.2803225e-05  -0.00059266991  7.6239816e-05  0.00013188326  -5.8634694e-05  -7.4111038e-06  -7.9814122e-05  1.2840326e-05  4.2757295e-05  -2.3767951e-05  -2.2785095e-05  8.0697330e-05  -1.4400422e-05  -3.1668677e-05  -2.1765264e-05  -4.0853444e-05  -6.8404321e-05  0.00017794166  -2.8989572e-05  -4.5496853e-06  -9.7332110e-06  1.9025000e-05  0.00011453618  
1.6304392e-05  0.00053358526  0.00012082609  -0.00045873842  -0.0015029956  0.0000000   -0.0014216448  -0.00057241242  -7.6726718e-05  -1.6074643e-05  -0.00024015065  -4.9668374e-05  4.5195532e-05  2.5921511e-05  -0.00016094662  -1.0347123e-05  -6.7526651e-05  6.4650015e-05  9.8556108e-05  -0.00032636485  4.6220808e-05  -4.9486307e-05  -0.00016833636  -6.1151085e-05  -4.8887983e-06  -0.00021344781  -0.00016906122  -3.5937340e-06  -7.5216737e-06  1.2035857e-05  0.00014712605  1.6304392e-05  0.00053358526  0.00012082609  -0.00045873842  -0.0015029956  0.0000000   -0.0014216448  -0.00057241242  -7.6726718e-05  -1.6074643e-05  -0.00024015065  -4.9668374e-05  4.5195532e-05  2.5921511e-05  -0.00016094662  -1.0347123e-05  -6.7526651e-05  6.4650015e-05  9.8556108e-05  -0.00032636485  4.6220808e-05  -4.9486307e-05  -0.00016833636  -6.1151085e-05  -4.8887983e-06  -0.00021344781  -0.00016906122  -3.5937340e-06  -7.5216737e-06  1.2035857e-05  0.00014712605  
3.6578632e-05  -0.00083445222  -0.00035190495  -0.00072166390  -0.00014383849  0.0014216448  0.0000000   -8.0844591e-05  0.00074457869  -0.00072026987  -6.0071734e-05  -0.00015832012  7.5706217e-05  -8.2511676e-05  -9.2274112e-05  6.7660597e-05  -6.1020765e-05  0.00019860462  0.00019141945  -6.4572416e-05  3.1680001e-05  -7.5920430e-05  -0.00017395558  -0.00019587852  -8.2596167e-05  1.6284656e-05  3.7674511e-05  -4.5969576e-05  2.1798946e-05  3.2959365e-05  9.3016343e-05  3.6578632e-05  -0.00083445222  -0.00035190495  -0.00072166390  -0.00014383849  0.0014216448  0.0000000   -8.0844591e-05  0.00074457869  -0.00072026987  -6.0071734e-05  -0.00015832012  7.5706217e-05  -8.2511676e-05  -9.2274112e-05  6.7660597e-05  -6.1020765e-05  0.00019860462  0.00019141945  -6.4572416e-05  3.1680001e-05  -7.5920430e-05  -0.00017395558  -0.00019587852  -8.2596167e-05  1.6284656e-05  3.7674511e-05  -4.5969576e-05  2.1798946e-05  3.2959365e-05  9.3016343e-05  
-1.2552099e-05  -0.00037916795  0.00097566488  -0.00021933129  3.8520482e-05  0.00057241242  8.0844591e-05  0.0000000   -0.0018767765  -0.00032427993  5.1532862e-05  -5.6691807e-05  1.9944711e-05  0.00016579860  -3.5095734e-05  -0.00020199515  -0.00025494851  -0.00014441488  6.8642745e-05  -1.8478935e-05  -7.9765345e-05  -4.9622681e-05  -0.00010374366  -7.7681881e-05  -4.7371128e-05  2.4815546e-05  1.7669755e-05  0.00012108404  -0.00011840699  -7.8127934e-05  4.3975353e-05  -1.2552099e-05  -0.00037916795  0.00097566488  -0.00021933129  3.8520482e-05  0.00057241242  8.0844591e-05  0.0000000   -0.0018767765  -0.00032427993  5.1532862e-05  -5.6691807e-05  1.9944711e-05  0.00016579860  -3.5095734e-05  -0.00020199515  -0.00025494851  -0.00014441488  6.8642745e-05  -1.8478935e-05  -7.9765345e-05  -4.9622681e-05  -0.00010374366  -7.7681881e-05  -4.7371128e-05  2.4815546e-05  1.7669755e-05  0.00012108404  -0.00011840699  -7.8127934e-05  4.3975353e-05  
0.00038604975  1.1770009e-05  -0.00052568562  -1.5784334e-05  -8.2803225e-05  7.6726718e-05  -0.00074457869  0.0018767765  0.0000000   -5.5767883e-05  -3.9010096e-06  -0.00011122059  -0.00011961853  0.00036765686  4.6032624e-05  -0.00090661818  -4.9922921e-05  -8.6597525e-05  -1.4875693e-07  6.4411200e-05  0.00023325026  -3.1644661e-05  5.7384806e-06  -4.6874095e-06  -2.4069650e-05  -1.7134520e-06  -8.1522367e-06  3.0935967e-05  -6.8668121e-05  -3.0875968e-05  -3.6009558e-05  0.00038604975  1.1770009e-05  -0.00052568562  -1.5784334e-05  -8.2803225e-05  7.6726718e-05  -0.00074457869  0.0018767765  0.0000000   -5.5767883e-05  -3.9010096e-06  -0.00011122059  -0.00011961853  0.00036765686  4.6032624e-05  -0.00090661818  -4.9922921e-05  -8.6597525e-05  -1.4875693e-07  6.4411200e-05  0.00023325026  -3.1644661e-05  5.7384806e-06  -4.6874095e-06  -2.4069650e-05  -1.7134520e-06  -8.1522367e-06  3.0935967e-05  -6.8668121e-05  -3.0875968e-05  -3.6009558e-05  
-9.2473629e-06  0.00016447392  -2.4642995e-05  0.00010229306  0.00059266991  1.6074643e-05  0.00072026987  0.00032427993  5.5767883e-05  0.0000000   0.0022885982  -5.2468735e-05  -5.6488450e-05  -7.3713284e-05  -0.00026625513  -3.0073847e-06  -3.6965419e-05  4.1209967e-05  6.8335419e-05  -0.00023130660  2.0096737e-05  -0.00010939911  9.9530455e-05  -6.0389807e-05  -0.00011752579  -8.0353429e-05  7.8281593e-05  -6.4938071e-06  -6.7768621e-06  -4.6011416e-07  0.00011447593  -9.2473629e-06  0.00016447392  -2.4642995e-05  0.00010229306  0.00059266991  1.6074643e-05  0.00072026987  0.00032427993  5.5767883e-05  0.0000000   0.0022885982  -5.2468735e-05  -5.6488450e-05  -7.3713284e-05  -0.00026625513  -3.0073847e-06  -3.6965419e-05  4.1209967e-05  6.8335419e-05  -0.00023130660  2.0096737e-05  -0.00010939911  9.9530455e-05  -6.0389807e-05  -0.00011752579  -8.0353429e-05  7.8281593e-05  -6.4938071e-06  -6.7768621e-06  -4.6011416e-07  0.00011447593  
