1.0000000   -8.4837966e-16  -4.9877562e-17  7.4255901e-16  -6.1654055e-16  1.0500663e-15  -8.0515246e-16  1.0611699e-15  8.6270546e-16  -3.3032461e-16  -8.4462166e-16  -5.3099499e-17  1.0430406e-15  3.3827818e-16  9.9581471e-16  -3.8699054e-16  6.8081552e-16  3.0003469e-16  -2.0446395e-16  2.4011233e-17  -8.7181375e-16  5.3365639e-16  -1.0721280e-16  4.0757410e-16  -4.0302086e-17  1.9362912e-17  9.4712720e-16  4.6585830e-16  -2.4336454e-17  -6.4006938e-17  1.2869364e-16  1.0000000   -8.4837966e-16  -4.9877562e-17  7.4255901e-16  -6.1654055e-16  1.0500663e-15  -8.0515246e-16  1.0611699e-15  8.6270546e-16  -3.3032461e-16  -8.4462166e-16  -5.3099499e-17  1.0430406e-15  3.3827818e-16  9.9581471e-16  -3.8699054e-16  6.8081552e-16  3.0003469e-16  -2.0446395e-16  2.4011233e-17  -8.7181375e-16  5.3365639e-16  -1.0721280e-16  4.0757410e-16  -4.0302086e-17  1.9362912e-17  9.4712720e-16  4.6585830e-16  -2.4336454e-17  -6.4006938e-17  1.2869364e-16  
-8.4837966e-16  1.0000000   -7.0330745e-16  -1.9812006e-16  -5.7114288e-16  1.5541954e-16  2.9116545e-16  -7.2595533e-16  8.5039290e-17  1.8981254e-16  1.8976686e-16  -2.3270309e-16  -1.0822815e-15  1.2188722e-16  6.3570812e-16  -2.9982280e-16  -4.5002842e-16  9.4176176e-16  -1.8673730e-16  -1.5953624e-16  -9.0173013e-16  -1.5563950e-16  -1.0722793e-16  7.4272056e-16  -4.4317637e-16  -3.0587796e-16  -6.1816729e-18  -5.8049340e-16  -2.5568871e-16  -3.4161783e-16  -1.2800717e-16  -8.4837966e-16  1.0000000   -7.0330745e-16  -1.9812006e-16  -5.7114288e-16  1.5541954e-16  2.9116545e-16  -7.2595533e-16  8.5039290e-17  1.8981254e-16  1.8976686e-16  -2.3270309e-16  -1.0822815e-15  1.2188722e-16  6.3570812e-16  -2.9982280e-16  -4.5002842e-16  9.4176176e-16  -1.8673730e-16  -1.5953624e-16  -9.0173013e-16  -1.5563950e-16  -1.0722793e-16  7.4272056e-16  -4.4317637e-16  -3.0587796e-16  -6.1816729e-18  -5.8049340e-16  -2.5568871e-16  -3.4161783e-16  -1.2800717e-16  
-4.9877562e-17  -7.0330745e-16  1.0000000   4.4626544e-17  2.8587612e-16  -7.8578196e-16  6.6706449e-17  4.7271905e-16  5.9346948e-16  1.2478041e-15  9.4286347e-16  -6.0104448e-16  -2.0596919e-16  1.2417688e-16  -3.8499679e-16  4.5402185e-16  5.4200713e-16  -2.5946373e-16  -1.3868116e-16  -3.1457358e-16  1.8926915e-16  5.4915642e-16  -3.3444351e-16  -2.0161966e-16  -2.3230438e-16  -8.3997593e-16  -4.0033822e-16  7.0342154e-16  -7.4590224e-17  -1.6298762e-16  4.8832357e-16  -4.9877562e-17  -7.0330745e-16  1.0000000   4.4626544e-17  2.8587612e-16  -7.8578196e-16  6.6706449e-17  4.7271905e-16  5.9346948e-16  1.2478041e-15  9.4286347e-16  -6.0104448e-16  -2.0596919e-16  1.2417688e-16  -3.8499679e-16  4.5402185e-16  5.4200713e-16  -2.5946373e-16  -1.3868116e-16  -3.1457358e-16  1.8926915e-16  5.4915642e-16  -3.3444351e-16  -2.0161966e-16  -2.3230438e-16  -8.3997593e-16  -4.0033822e-16  7.0342154e-16  -7.4590224e-17  -1.6298762e-16  4.8832357e-16  
7.4255901e-16  -1.9812006e-16  4.4626544e-17  1.0000000   3.0330035e-16  1.3982632e-16  -5.7865216e-16  -1.6456398e-16  3.7296395e-16  4.5247185e-16  4.3910612e-16  -2.0058805e-16  -6.6439454e-16  -3.5254622e-16  -2.6221070e-16  -5.0649560e-16  1.9058563e-16  4.9111809e-16  -9.0231810e-16  2.2079794e-16  3.9293920e-16  -2.4764529e-16  -1.0246057e-16  2.8627742e-16  1.3935522e-16  4.5073457e-16  3.5284086e-16  1.0125777e-16  -1.8731514e-16  1.5793783e-16  -1.3481719e-16  7.4255901e-16  -1.9812006e-16  4.4626544e-17  1.0000000   3.0330035e-16  1.3982632e-16  -5.7865216e-16  -1.6456398e-16  3.7296395e-16  4.5247185e-16  4.3910612e-16  -2.0058805e-16  -6.6439454e-16  -3.5254622e-16  -2.6221070e-16  -5.0649560e-16  1.9058563e-16  4.9111809e-16  -9.0231810e-16  2.2079794e-16  3.9293920e-16  -2.4764529e-16  -1.0246057e-16  2.8627742e-16  1.3935522e-16  4.5073457e-16  3.5284086e-16  1.0125777e-16  -1.8731514e-16  1.5793783e-16  -1.3481719e-16  
-6.1654055e-16  -5.7114288e-16  2.8587612e-16  3.0330035e-16  1.0000000   6.6582294e-16  -2.9499859e-16  -9.4440531e-17  -1.3749320e-17  7.6861782e-16  3.3151736e-16  6.0345783e-16  2.9429200e-16  2.3490779e-16  -1.4645396e-16  6.6092708e-16  -5.4047704e-16  1.2933337e-16  1.7794872e-17  -3.4359759e-17  8.9825623e-16  2.7672095e-16  -2.7681479e-16  -5.6066907e-17  9.8920690e-17  5.7485081e-16  6.2352705e-16  -2.4588389e-16  -7.8928483e-16  -1.6433320e-16  2.1322650e-16  -6.1654055e-16  -5.7114288e-16  2.8587612e-16  3.0330035e-16  1.0000000   6.6582294e-16  -2.9499859e-16  -9.4440531e-17  -1.3749320e-17  7.6861782e-16  3.3151736e-16  6.0345783e-16  2.9429200e-16  2.3490779e-16  -1.4645396e-16  6.6092708e-16  -5.4047704e-16  1.2933337e-16  1.7794872e-17  -3.4359759e-17  8.9825623e-16  2.7672095e-16  -2.7681479e-16  -5.6066907e-17  9.8920690e-17  5.7485081e-16  6.2352705e-16  -2.4588389e-16  -7.8928483e-16  -1.6433320e-16  2.1322650e-16  
1.0500663e-15  1.5541954e-16  -7.8578196e-16  1.3982632e-16  6.6582294e-16  1.0000000   1.3065969e-16  -8.3689638e-16  4.6520867e-16  4.0083944e-16  5.0013733e-16  7.8545841e-16  8.8821916e-16  3.1282189e-16  3.1165234e-16  -5.4648411e-16  4.8838752e-16  8.0481584e-16  4.7834450e-16  -7.9109542e-17  -8.4801136e-16  -9.1839679e-16  -2.2680191e-16  -1.6475677e-16  -5.6311535e-16  6.0939113e-16  2.7730143e-16  -9.0201723e-17  -1.5169782e-16  -3.8830348e-17  2.8336006e-16  1.0500663e-15  1.5541954e-16  -7.8578196e-16  1.3982632e-16  6.6582294e-16  1.0000000   1.3065969e-16  -8.3689638e-16  4.6520867e-16  4.0083944e-16  5.0013733e-16  7.8545841e-16  8.8821916e-16  3.1282189e-16  3.1165234e-16  -5.4648411e-16  4.8838752e-16  8.0481584e-16  4.7834450e-16  -7.9109542e-17  -8.4801136e-16  -9.1839679e-16  -2.2680191e-16  -1.6475677e-16  -5.6311535e-16  6.0939113e-16  2.7730143e-16  -9.0201723e-17  -1.5169782e-16  -3.8830348e-17  2.8336006e-16  
-8.0515246e-16  2.9116545e-16  6.6706449e-17  -5.7865216e-16  -2.9499859e-16  1.3065969e-16  1.0000000   -5.1403465e-16  -5.6468354e-16  -4.8962669e-17  -2.3571650e-16  -2.6228293e-16  -6.1192849e-16  4.0949805e-16  5.9217341e-17  1.9623222e-18  3.5368261e-16  3.3965863e-16  6.4131325e-16  3.1563483e-17  -2.3514125e-16  3.8072250e-16  9.4822698e-16  -9.2535386e-16  -1.1861513e-16  7.0379849e-16  5.5394991e-16  -2.8988918e-16  -9.6174359e-16  -1.2273234e-16  -5.7173501e-17  -8.0515246e-16  2.9116545e-16  6.6706449e-17  -5.7865216e-16  -2.9499859e-16  1.3065969e-16  1.0000000   -5.1403465e-16  -5.6468354e-16  -4.8962669e-17  -2.3571650e-16  -2.6228293e-16  -6.1192849e-16  4.0949805e-16  5.9217341e-17  1.9623222e-18  3.5368261e-16  3.3965863e-16  6.4131325e-16  3.1563483e-17  -2.3514125e-16  3.8072250e-16  9.4822698e-16  -9.2535386e-16  -1.1861513e-16  7.0379849e-16  5.5394991e-16  -2.8988918e-16  -9.6174359e-16  -1.2273234e-16  -5.7173501e-17  
1.0611699e-15  -7.2595533e-16  4.7271905e-16  -1.6456398e-16  -9.4440531e-17  -8.3689638e-16  -5.1403465e-16  1.0000000   -9.0295341e-17  6.0583661e-16  -9.6555390e-17  -1.4233676e-15  3.4465100e-16  -1.1484171e-16  -6.3039355e-16  -4.6387317e-16  8.8530688e-16  9.2740472e-16  3.4297574e-16  -6.5909528e-16  -1.5223615e-16  6.7880466e-17  -1.0595405e-15  5.8277873e-16  6.8204256e-16  7.9356406e-17  1.4787054e-16  4.9401311e-16  7.1260562e-16  5.5057521e-16  1.5202865e-15  1.0611699e-15  -7.2595533e-16  4.7271905e-16  -1.6456398e-16  -9.4440531e-17  -8.3689638e-16  -5.1403465e-16  1.0000000   -9.0295341e-17  6.0583661e-16  -9.6555390e-17  -1.4233676e-15  3.4465100e-16  -1.1484171e-16  -6.3039355e-16  -4.6387317e-16  8.8530688e-16  9.2740472e-16  3.4297574e-16  -6.5909528e-16  -1.5223615e-16  6.7880466e-17  -1.0595405e-15  5.8277873e-16  6.8204256e-16  7.9356406e-17  1.4787054e-16  4.9401311e-16  7.1260562e-16  5.5057521e-16  1.5202865e-15  
8.6270546e-16  8.5039290e-17  5.9346948e-16  3.7296395e-16  -1.3749320e-17  4.6520867e-16  -5.6468354e-16  -9.0295341e-17  1.0000000   8.4629926e-16  7.5101713e-16  1.5668256e-16  3.9593271e-16  9.0343775e-17  1.4758691e-17  -5.6692118e-16  8.3160152e-16  -2.8555560e-16  -3.1160362e-16  4.1057614e-16  -4.7410116e-16  2.9379853e-16  7.9822904e-16  -4.5351748e-16  -3.4981749e-16  7.2569290e-16  6.3452891e-16  2.6575932e-18  1.2605193e-16  -9.6113130e-17  -7.9609296e-17  8.6270546e-16  8.5039290e-17  5.9346948e-16  3.7296395e-16  -1.3749320e-17  4.6520867e-16  -5.6468354e-16  -9.0295341e-17  1.0000000   8.4629926e-16  7.5101713e-16  1.5668256e-16  3.9593271e-16  9.0343775e-17  1.4758691e-17  -5.6692118e-16  8.3160152e-16  -2.8555560e-16  -3.1160362e-16  4.1057614e-16  -4.7410116e-16  2.9379853e-16  7.9822904e-16  -4.5351748e-16  -3.4981749e-16  7.2569290e-16  6.3452891e-16  2.6575932e-18  1.2605193e-16  -9.6113130e-17  -7.9609296e-17  
-3.3032461e-16  1.8981254e-16  1.2478041e-15  4.5247185e-16  7.6861782e-16  4.0083944e-16  -4.8962669e-17  6.0583661e-16  8.4629926e-16  1.0000000   3.2406139e-16  -3.8372939e-16  -9.2068908e-16  1.6225769e-16  -7.7530070e-16  -2.6776169e-16  1.2998180e-15  1.6700454e-15  -2.7834994e-16  7.4862218e-16  -2.9398815e-16  -2.9990408e-16  -4.0531880e-16  7.9849417e-16  -7.7955168e-16  7.8423272e-16  -1.2207956e-16  3.0404770e-16  -2.1011348e-16  -2.0375301e-16  2.0162709e-16  -3.3032461e-16  1.8981254e-16  1.2478041e-15  4.5247185e-16  7.6861782e-16  4.0083944e-16  -4.8962669e-17  6.0583661e-16  8.4629926e-16  1.0000000   3.2406139e-16  -3.8372939e-16  -9.2068908e-16  1.6225769e-16  -7.7530070e-16  -2.6776169e-16  1.2998180e-15  1.6700454e-15  -2.7834994e-16  7.4862218e-16  -2.9398815e-16  -2.9990408e-16  -4.0531880e-16  7.9849417e-16  -7.7955168e-16  7.8423272e-16  -1.2207956e-16  3.0404770e-16  -2.1011348e-16  -2.0375301e-16  2.0162709e-16  
-8.4462166e-16  1.8976686e-16  9.4286347e-16  4.3910612e-16  3.3151736e-16  5.0013733e-16  -2.3571650e-16  -9.6555390e-17  7.5101713e-16  3.2406139e-16  1.0000000   7.2468247e-16  5.2031754e-16  2.7868803e-16  5.2754205e-17  2.8805834e-16  -2.6772714e-16  2.8441633e-16  -3.5803196e-16  2.5813645e-16  2.2080922e-16  -3.0591075e-16  4.4897443e-16  5.4194865e-16  -6.4208254e-16  -9.9377942e-17  -1.9549990e-16  6.1789383e-16  -5.4326991e-16  -1.5381554e-15  -6.3558952e-16  -8.4462166e-16  1.8976686e-16  9.4286347e-16  4.3910612e-16  3.3151736e-16  5.0013733e-16  -2.3571650e-16  -9.6555390e-17  7.5101713e-16  3.2406139e-16  1.0000000   7.2468247e-16  5.2031754e-16  2.7868803e-16  5.2754205e-17  2.8805834e-16  -2.6772714e-16  2.8441633e-16  -3.5803196e-16  2.5813645e-16  2.2080922e-16  -3.0591075e-16  4.4897443e-16  5.4194865e-16  -6.4208254e-16  -9.9377942e-17  -1.9549990e-16  6.1789383e-16  -5.4326991e-16  -1.5381554e-15  -6.3558952e-16  
-5.3099499e-17  -2.3270309e-16  -6.0104448e-16  -2.0058805e-16  6.0345783e-16  7.8545841e-16  -2.6228293e-16  -1.4233676e-15  1.5668256e-16  -3.8372939e-16  7.2468247e-16  1.0000000   2.8201671e-16  -4.6787115e-16  1.6353894e-16  6.4405636e-16  -6.9960583e-16  -4.2409955e-16  5.0383704e-16  -2.4939575e-16  4.6192882e-16  8.1490897e-16  -1.8531925e-16  5.7462773e-17  2.0807502e-16  -1.7886622e-17  -4.2027452e-16  2.9055350e-16  -2.3438517e-16  4.4069159e-16  -8.0671785e-17  -5.3099499e-17  -2.3270309e-16  -6.0104448e-16  -2.0058805e-16  6.0345783e-16  7.8545841e-16  -2.6228293e-16  -1.4233676e-15  1.5668256e-16  -3.8372939e-16  7.2468247e-16  1.0000000   2.8201671e-16  -4.6787115e-16  1.6353894e-16  6.4405636e-16  -6.9960583e-16  -4.2409955e-16  5.0383704e-16  -2.4939575e-16  4.6192882e-16  8.1490897e-16  -1.8531925e-16  5.7462773e-17  2.0807502e-16  -1.7886622e-17  -4.2027452e-16  2.9055350e-16  -2.3438517e-16  4.4069159e-16  -8.0671785e-17  
1.0430406e-15  -1.0822815e-15  -2.0596919e-16  -6.6439454e-16  2.9429200e-16  8.8821916e-16  -6.1192849e-16  3.4465100e-16  3.9593271e-16  -9.2068908e-16  5.2031754e-16  2.8201671e-16  1.0000000   1.9848309e-17  -3.6548900e-16  -6.6495267e-16  -3.5715987e-16  -4.7927315e-17  3.9596408e-17  -3.9382548e-16  -4.0613421e-16  -4.0459355e-16  -2.4956257e-17  5.8581374e-17  -8.3939026e-16  -4.0564485e-16  -7.9838011e-16  -8.2430211e-16  7.7789332e-16  1.2190016e-16  -9.1724953e-16  1.0430406e-15  -1.0822815e-15  -2.0596919e-16  -6.6439454e-16  2.9429200e-16  8.8821916e-16  -6.1192849e-16  3.4465100e-16  3.9593271e-16  -9.2068908e-16  5.2031754e-16  2.8201671e-16  1.0000000   1.9848309e-17  -3.6548900e-16  -6.6495267e-16  -3.5715987e-16  -4.7927315e-17  3.9596408e-17  -3.9382548e-16  -4.0613421e-16  -4.0459355e-16  -2.4956257e-17  5.8581374e-17  -8.3939026e-16  -4.0564485e-16  -7.9838011e-16  -8.2430211e-16  7.7789332e-16  1.2190016e-16  -9.1724953e-16  
3.3827818e-16  1.2188722e-16  1.2417688e-16  -3.5254622e-16  2.3490779e-16  3.1282189e-16  4.0949805e-16  -1.1484171e-16  9.0343775e-17  1.6225769e-16  2.7868803e-16  -4.6787115e-16  1.9848309e-17  1.0000000   -3.9466592e-17  3.0128568e-16  -5.8477780e-16  4.0243621e-16  -1.6070170e-16  5.1653919e-16  -1.3938947e-16  4.4286118e-17  8.2726494e-16  -3.0950175e-16  -2.5269846e-16  4.7496011e-16  1.7490597e-16  3.5623411e-16  -7.3766796e-16  -5.3920643e-16  -8.4230597e-17  3.3827818e-16  1.2188722e-16  1.2417688e-16  -3.5254622e-16  2.3490779e-16  3.1282189e-16  4.0949805e-16  -1.1484171e-16  9.0343775e-17  1.6225769e-16  2.7868803e-16  -4.6787115e-16  1.9848309e-17  1.0000000   -3.9466592e-17  3.0128568e-16  -5.8477780e-16  4.0243621e-16  -1.6070170e-16  5.1653919e-16  -1.3938947e-16  4.4286118e-17  8.2726494e-16  -3.0950175e-16  -2.5269846e-16  4.7496011e-16  1.7490597e-16  3.5623411e-16  -7.3766796e-16  -5.3920643e-16  -8.4230597e-17  
9.9581471e-16  6.3570812e-16  -3.8499679e-16  -2.6221070e-16  -1.4645396e-16  3.1165234e-16  5.9217341e-17  -6.3039355e-16  1.4758691e-17  -7.7530070e-16  5.2754205e-17  1.6353894e-16  -3.6548900e-16  -3.9466592e-17  1.0000000   -7.7377872e-16  5.5466056e-16  -1.7351257e-16  6.0851352e-16  -4.9106706e-16  -2.9567200e-16  -6.5868927e-17  4.8376045e-17  1.3531527e-16  4.6563231e-16  4.3205924e-16  2.7572945e-16  -1.0437875e-15  5.9848048e-16  -2.6741142e-16  8.6030833e-16  9.9581471e-16  6.3570812e-16  -3.8499679e-16  -2.6221070e-16  -1.4645396e-16  3.1165234e-16  5.9217341e-17  -6.3039355e-16  1.4758691e-17  -7.7530070e-16  5.2754205e-17  1.6353894e-16  -3.6548900e-16  -3.9466592e-17  1.0000000   -7.7377872e-16  5.5466056e-16  -1.7351257e-16  6.0851352e-16  -4.9106706e-16  -2.9567200e-16  -6.5868927e-17  4.8376045e-17  1.3531527e-16  4.6563231e-16  4.3205924e-16  2.7572945e-16  -1.0437875e-15  5.9848048e-16  -2.6741142e-16  8.6030833e-16  
-3.8699054e-16  -2.9982280e-16  4.5402185e-16  -5.0649560e-16  6.6092708e-16  -5.4648411e-16  1.9623222e-18  -4.6387317e-16  -5.6692118e-16  -2.6776169e-16  2.8805834e-16  6.4405636e-16  -6.6495267e-16  3.0128568e-16  -7.7377872e-16  1.0000000   -3.1394863e-16  -1.7799419e-16  -2.7102214e-16  5.7004139e-16  9.4868132e-16  6.3611135e-17  2.6904884e-16  -3.8529175e-16  3.8465998e-16  -7.5597235e-16  7.8989115e-16  -1.1274328e-16  -5.6917235e-16  1.6421878e-16  3.3879135e-16  -3.8699054e-16  -2.9982280e-16  4.5402185e-16  -5.0649560e-16  6.6092708e-16  -5.4648411e-16  1.9623222e-18  -4.6387317e-16  -5.6692118e-16  -2.6776169e-16  2.8805834e-16  6.4405636e-16  -6.6495267e-16  3.0128568e-16  -7.7377872e-16  1.0000000   -3.1394863e-16  -1.7799419e-16  -2.7102214e-16  5.7004139e-16  9.4868132e-16  6.3611135e-17  2.6904884e-16  -3.8529175e-16  3.8465998e-16  -7.5597235e-16  7.8989115e-16  -1.1274328e-16  -5.6917235e-16  1.6421878e-16  3.3879135e-16  
6.8081552e-16  -4.5002842e-16  5.4200713e-16  1.9058563e-16  -5.4047704e-16  4.8838752e-16  3.5368261e-16  8.8530688e-16  8.3160152e-16  1.2998180e-15  -2.6772714e-16  -6.9960583e-16  -3.5715987e-16  -5.8477780e-16  5.5466056e-16  -3.1394863e-16  1.0000000   8.7660489e-16  -4.6822258e-16  6.5787498e-16  -7.6481308e-16  -1.9457321e-16  -1.4338237e-16  -1.5355554e-16  -7.6999867e-16  -4.4687584e-17  -3.5877524e-16  -8.9625207e-16  -4.3002489e-16  1.4414348e-15  -2.2388324e-16  6.8081552e-16  -4.5002842e-16  5.4200713e-16  1.9058563e-16  -5.4047704e-16  4.8838752e-16  3.5368261e-16  8.8530688e-16  8.3160152e-16  1.2998180e-15  -2.6772714e-16  -6.9960583e-16  -3.5715987e-16  -5.8477780e-16  5.5466056e-16  -3.1394863e-16  1.0000000   8.7660489e-16  -4.6822258e-16  6.5787498e-16  -7.6481308e-16  -1.9457321e-16  -1.4338237e-16  -1.5355554e-16  -7.6999867e-16  -4.4687584e-17  -3.5877524e-16  -8.9625207e-16  -4.3002489e-16  1.4414348e-15  -2.2388324e-16  
3.0003469e-16  9.4176176e-16  -2.5946373e-16  4.9111809e-16  1.2933337e-16  8.0481584e-16  3.3965863e-16  9.2740472e-16  -2.8555560e-16  1.6700454e-15  2.8441633e-16  -4.2409955e-16  -4.7927315e-17  4.0243621e-16  -1.7351257e-16  -1.7799419e-16  8.7660489e-16  1.0000000   9.4152161e-17  1.5833655e-17  9.0639346e-17  3.9010415e-16  2.0702718e-16  9.5532387e-16  -5.7647533e-16  8.3187484e-16  9.9163690e-16  8.8367970e-16  7.7498807e-16  -1.6831343e-16  9.6517437e-16  3.0003469e-16  9.4176176e-16  -2.5946373e-16  4.9111809e-16  1.2933337e-16  8.0481584e-16  3.3965863e-16  9.2740472e-16  -2.8555560e-16  1.6700454e-15  2.8441633e-16  -4.2409955e-16  -4.7927315e-17  4.0243621e-16  -1.7351257e-16  -1.7799419e-16  8.7660489e-16  1.0000000   9.4152161e-17  1.5833655e-17  9.0639346e-17  3.9010415e-16  2.0702718e-16  9.5532387e-16  -5.7647533e-16  8.3187484e-16  9.9163690e-16  8.8367970e-16  7.7498807e-16  -1.6831343e-16  9.6517437e-16  
-2.0446395e-16  -1.8673730e-16  -1.3868116e-16  -9.0231810e-16  1.7794872e-17  4.7834450e-16  6.4131325e-16  3.4297574e-16  -3.1160362e-16  -2.7834994e-16  -3.5803196e-16  5.0383704e-16  3.9596408e-17  -1.6070170e-16  6.0851352e-16  -2.7102214e-16  -4.6822258e-16  9.4152161e-17  1.0000000   -2.4165980e-16  -1.9216729e-16  -2.9527160e-16  -1.9396975e-16  -8.3499103e-17  8.8557189e-16  7.1999704e-16  -1.1834608e-16  -7.5797693e-16  -4.5174990e-17  5.0512751e-16  -3.2507480e-16  -2.0446395e-16  -1.8673730e-16  -1.3868116e-16  -9.0231810e-16  1.7794872e-17  4.7834450e-16  6.4131325e-16  3.4297574e-16  -3.1160362e-16  -2.7834994e-16  -3.5803196e-16  5.0383704e-16  3.9596408e-17  -1.6070170e-16  6.0851352e-16  -2.7102214e-16  -4.6822258e-16  9.4152161e-17  1.0000000   -2.4165980e-16  -1.9216729e-16  -2.9527160e-16  -1.9396975e-16  -8.3499103e-17  8.8557189e-16  7.1999704e-16  -1.1834608e-16  -7.5797693e-16  -4.5174990e-17  5.0512751e-16  -3.2507480e-16  
2.4011233e-17  -1.5953624e-16  -3.1457358e-16  2.2079794e-16  -3.4359759e-17  -7.9109542e-17  3.1563483e-17  -6.5909528e-16  4.1057614e-16  7.4862218e-16  2.5813645e-16  -2.4939575e-16  -3.9382548e-16  5.1653919e-16  -4.9106706e-16  5.7004139e-16  6.5787498e-16  1.5833655e-17  -2.4165980e-16  1.0000000   -3.6093983e-16  2.3815632e-16  2.6132203e-16  -1.4935166e-16  -3.5907104e-16  -3.2938845e-16  7.6835930e-17  -5.3986484e-17  -3.1245327e-16  8.7194343e-16  -3.6642030e-16  2.4011233e-17  -1.5953624e-16  -3.1457358e-16  2.2079794e-16  -3.4359759e-17  -7.9109542e-17  3.1563483e-17  -6.5909528e-16  4.1057614e-16  7.4862218e-16  2.5813645e-16  -2.4939575e-16  -3.9382548e-16  5.1653919e-16  -4.9106706e-16  5.7004139e-16  6.5787498e-16  1.5833655e-17  -2.4165980e-16  1.0000000   -3.6093983e-16  2.3815632e-16  2.6132203e-16  -1.4935166e-16  -3.5907104e-16  -3.2938845e-16  7.6835930e-17  -5.3986484e-17  -3.1245327e-16  8.7194343e-16  -3.6642030e-16  
-8.7181375e-16  -9.0173013e-16  1.8926915e-16  3.9293920e-16  8.9825623e-16  -8.4801136e-16  -2.3514125e-16  -1.5223615e-16  -4.7410116e-16  -2.9398815e-16  2.2080922e-16  4.6192882e-16  -4.0613421e-16  -1.3938947e-16  -2.9567200e-16  9.4868132e-16  -7.6481308e-16  9.0639346e-17  -1.9216729e-16  -3.6093983e-16  1.0000000   4.9264702e-18  3.8740710e-16  9.6055799e-17  5.0358992e-16  2.3374413e-16  3.3449245e-16  -2.3920438e-16  3.6105082e-16  -2.0786080e-16  2.0522478e-16  -8.7181375e-16  -9.0173013e-16  1.8926915e-16  3.9293920e-16  8.9825623e-16  -8.4801136e-16  -2.3514125e-16  -1.5223615e-16  -4.7410116e-16  -2.9398815e-16  2.2080922e-16  4.6192882e-16  -4.0613421e-16  -1.3938947e-16  -2.9567200e-16  9.4868132e-16  -7.6481308e-16  9.0639346e-17  -1.9216729e-16  -3.6093983e-16  1.0000000   4.9264702e-18  3.8740710e-16  9.6055799e-17  5.0358992e-16  2.3374413e-16  3.3449245e-16  -2.3920438e-16  3.6105082e-16  -2.0786080e-16  2.0522478e-16  
5.3365639e-16  -1.5563950e-16  5.4915642e-16  -2.4764529e-16  2.7672095e-16  -9.1839679e-16  3.8072250e-16  6.7880466e-17  2.9379853e-16  -2.9990408e-16  -3.0591075e-16  8.1490897e-16  -4.0459355e-16  4.4286118e-17  -6.5868927e-17  6.3611135e-17  -1.9457321e-16  3.9010415e-16  -2.9527160e-16  2.3815632e-16  4.9264702e-18  1.0000000   -3.2930217e-16  2.7534171e-16  -1.0135827e-16  -1.8951416e-17  1.3286683e-15  2.5807738e-16  -8.6393284e-16  6.3515352e-16  6.2264556e-16  5.3365639e-16  -1.5563950e-16  5.4915642e-16  -2.4764529e-16  2.7672095e-16  -9.1839679e-16  3.8072250e-16  6.7880466e-17  2.9379853e-16  -2.9990408e-16  -3.0591075e-16  8.1490897e-16  -4.0459355e-16  4.4286118e-17  -6.5868927e-17  6.3611135e-17  -1.9457321e-16  3.9010415e-16  -2.9527160e-16  2.3815632e-16  4.9264702e-18  1.0000000   -3.2930217e-16  2.7534171e-16  -1.0135827e-16  -1.8951416e-17  1.3286683e-15  2.5807738e-16  -8.6393284e-16  6.3515352e-16  6.2264556e-16  
-1.0721280e-16  -1.0722793e-16  -3.3444351e-16  -1.0246057e-16  -2.7681479e-16  -2.2680191e-16  9.4822698e-16  -1.0595405e-15  7.9822904e-16  -4.0531880e-16  4.4897443e-16  -1.8531925e-16  -2.4956257e-17  8.2726494e-16  4.8376045e-17  2.6904884e-16  -1.4338237e-16  2.0702718e-16  -1.9396975e-16  2.6132203e-16  3.8740710e-16  -3.2930217e-16  1.0000000   4.1596315e-16  -4.7087069e-16  -4.2513626e-16  4.9920628e-17  1.5022207e-16  3.6275764e-17  -8.0184586e-17  -5.8795015e-16  -1.0721280e-16  -1.0722793e-16  -3.3444351e-16  -1.0246057e-16  -2.7681479e-16  -2.2680191e-16  9.4822698e-16  -1.0595405e-15  7.9822904e-16  -4.0531880e-16  4.4897443e-16  -1.8531925e-16  -2.4956257e-17  8.2726494e-16  4.8376045e-17  2.6904884e-16  -1.4338237e-16  2.0702718e-16  -1.9396975e-16  2.6132203e-16  3.8740710e-16  -3.2930217e-16  1.0000000   4.1596315e-16  -4.7087069e-16  -4.2513626e-16  4.9920628e-17  1.5022207e-16  3.6275764e-17  -8.0184586e-17  -5.8795015e-16  
4.0757410e-16  7.4272056e-16  -2.0161966e-16  2.8627742e-16  -5.6066907e-17  -1.6475677e-16  -9.2535386e-16  5.8277873e-16  -4.5351748e-16  7.9849417e-16  5.4194865e-16  5.7462773e-17  5.8581374e-17  -3.0950175e-16  1.3531527e-16  -3.8529175e-16  -1.5355554e-16  9.5532387e-16  -8.3499103e-17  -1.4935166e-16  9.6055799e-17  2.7534171e-16  4.1596315e-16  1.0000000   5.2363949e-17  8.9299383e-16  1.2938442e-16  -6.7683277e-16  2.4650678e-16  -3.6893255e-17  -2.7746918e-16  4.0757410e-16  7.4272056e-16  -2.0161966e-16  2.8627742e-16  -5.6066907e-17  -1.6475677e-16  -9.2535386e-16  5.8277873e-16  -4.5351748e-16  7.9849417e-16  5.4194865e-16  5.7462773e-17  5.8581374e-17  -3.0950175e-16  1.3531527e-16  -3.8529175e-16  -1.5355554e-16  9.5532387e-16  -8.3499103e-17  -1.4935166e-16  9.6055799e-17  2.7534171e-16  4.1596315e-16  1.0000000   5.2363949e-17  8.9299383e-16  1.2938442e-16  -6.7683277e-16  2.4650678e-16  -3.6893255e-17  -2.7746918e-16  
-4.0302086e-17  -4.4317637e-16  -2.3230438e-16  1.3935522e-16  9.8920690e-17  -5.6311535e-16  -1.1861513e-16  6.8204256e-16  -3.4981749e-16  -7.7955168e-16  -6.4208254e-16  2.0807502e-16  -8.3939026e-16  -2.5269846e-16  4.6563231e-16  3.8465998e-16  -7.6999867e-16  -5.7647533e-16  8.8557189e-16  -3.5907104e-16  5.0358992e-16  -1.0135827e-16  -4.7087069e-16  5.2363949e-17  1.0000000   1.2373749e-16  -1.4252383e-16  5.7093611e-18  1.3535792e-17  -1.0396682e-16  -1.0939085e-16  -4.0302086e-17  -4.4317637e-16  -2.3230438e-16  1.3935522e-16  9.8920690e-17  -5.6311535e-16  -1.1861513e-16  6.8204256e-16  -3.4981749e-16  -7.7955168e-16  -6.4208254e-16  2.0807502e-16  -8.3939026e-16  -2.5269846e-16  4.6563231e-16  3.8465998e-16  -7.6999867e-16  -5.7647533e-16  8.8557189e-16  -3.5907104e-16  5.0358992e-16  -1.0135827e-16  -4.7087069e-16  5.2363949e-17  1.0000000   1.2373749e-16  -1.4252383e-16  5.7093611e-18  1.3535792e-17  -1.0396682e-16  -1.0939085e-16  
1.9362912e-17  -3.0587796e-16  -8.3997593e-16  4.5073457e-16  5.7485081e-16  6.0939113e-16  7.0379849e-16  7.9356406e-17  7.2569290e-16  7.8423272e-16  -9.9377942e-17  -1.7886622e-17  -4.0564485e-16  4.7496011e-16  4.3205924e-16  -7.5597235e-16  -4.4687584e-17  8.3187484e-16  7.1999704e-16  -3.2938845e-16  2.3374413e-16  -1.8951416e-17  -4.2513626e-16  8.9299383e-16  1.2373749e-16  1.0000000   1.2417619e-15  1.3926918e-15  -3.3347492e-16  2.4446721e-17  6.8242604e-16  1.9362912e-17  -3.0587796e-16  -8.3997593e-16  4.5073457e-16  5.7485081e-16  6.0939113e-16  7.0379849e-16  7.9356406e-17  7.2569290e-16  7.8423272e-16  -9.9377942e-17  -1.7886622e-17  -4.0564485e-16  4.7496011e-16  4.3205924e-16  -7.5597235e-16  -4.4687584e-17  8.3187484e-16  7.1999704e-16  -3.2938845e-16  2.3374413e-16  -1.8951416e-17  -4.2513626e-16  8.9299383e-16  1.2373749e-16  1.0000000   1.2417619e-15  1.3926918e-15  -3.3347492e-16  2.4446721e-17  6.8242604e-16  
9.4712720e-16  -6.1816729e-18  -4.0033822e-16  3.5284086e-16  6.2352705e-16  2.7730143e-16  5.5394991e-16  1.4787054e-16  6.3452891e-16  -1.2207956e-16  -1.9549990e-16  -4.2027452e-16  -7.9838011e-16  1.7490597e-16  2.7572945e-16  7.8989115e-16  -3.5877524e-16  9.9163690e-16  -1.1834608e-16  7.6835930e-17  3.3449245e-16  1.3286683e-15  4.9920628e-17  1.2938442e-16  -1.4252383e-16  1.2417619e-15  1.0000000   2.7885880e-16  -9.0958485e-16  -2.2304144e-16  -2.1005231e-16  9.4712720e-16  -6.1816729e-18  -4.0033822e-16  3.5284086e-16  6.2352705e-16  2.7730143e-16  5.5394991e-16  1.4787054e-16  6.3452891e-16  -1.2207956e-16  -1.9549990e-16  -4.2027452e-16  -7.9838011e-16  1.7490597e-16  2.7572945e-16  7.8989115e-16  -3.5877524e-16  9.9163690e-16  -1.1834608e-16  7.6835930e-17  3.3449245e-16  1.3286683e-15  4.9920628e-17  1.2938442e-16  -1.4252383e-16  1.2417619e-15  1.0000000   2.7885880e-16  -9.0958485e-16  -2.2304144e-16  -2.1005231e-16  
4.6585830e-16  -5.8049340e-16  7.0342154e-16  1.0125777e-16  -2.4588389e-16  -9.0201723e-17  -2.8988918e-16  4.9401311e-16  2.6575932e-18  3.0404770e-16  6.1789383e-16  2.9055350e-16  -8.2430211e-16  3.5623411e-16  -1.0437875e-15  -1.1274328e-16  -8.9625207e-16  8.8367970e-16  -7.5797693e-16  -5.3986484e-17  -2.3920438e-16  2.5807738e-16  1.5022207e-16  -6.7683277e-16  5.7093611e-18  1.3926918e-15  2.7885880e-16  1.0000000   -9.8674501e-16  -2.7246866e-16  1.9109191e-16  4.6585830e-16  -5.8049340e-16  7.0342154e-16  1.0125777e-16  -2.4588389e-16  -9.0201723e-17  -2.8988918e-16  4.9401311e-16  2.6575932e-18  3.0404770e-16  6.1789383e-16  2.9055350e-16  -8.2430211e-16  3.5623411e-16  -1.0437875e-15  -1.1274328e-16  -8.9625207e-16  8.8367970e-16  -7.5797693e-16  -5.3986484e-17  -2.3920438e-16  2.5807738e-16  1.5022207e-16  -6.7683277e-16  5.7093611e-18  1.3926918e-15  2.7885880e-16  1.0000000   -9.8674501e-16  -2.7246866e-16  1.9109191e-16  
-2.4336454e-17  -2.5568871e-16  -7.4590224e-17  -1.8731514e-16  -7.8928483e-16  -1.5169782e-16  -9.6174359e-16  7.1260562e-16  1.2605193e-16  -2.1011348e-16  -5.4326991e-16  -2.3438517e-16  7.7789332e-16  -7.3766796e-16  5.9848048e-16  -5.6917235e-16  -4.3002489e-16  7.7498807e-16  -4.5174990e-17  -3.1245327e-16  3.6105082e-16  -8.6393284e-16  3.6275764e-17  2.4650678e-16  1.3535792e-17  -3.3347492e-16  -9.0958485e-16  -9.8674501e-16  1.0000000   4.8579034e-17  -5.1063315e-16  -2.4336454e-17  -2.5568871e-16  -7.4590224e-17  -1.8731514e-16  -7.8928483e-16  -1.5169782e-16  -9.6174359e-16  7.1260562e-16  1.2605193e-16  -2.1011348e-16  -5.4326991e-16  -2.3438517e-16  7.7789332e-16  -7.3766796e-16  5.9848048e-16  -5.6917235e-16  -4.3002489e-16  7.7498807e-16  -4.5174990e-17  -3.1245327e-16  3.6105082e-16  -8.6393284e-16  3.6275764e-17  2.4650678e-16  1.3535792e-17  -3.3347492e-16  -9.0958485e-16  -9.8674501e-16  1.0000000   4.8579034e-17  -5.1063315e-16  
-6.4006938e-17  -3.4161783e-16  -1.6298762e-16  1.5793783e-16  -1.6433320e-16  -3.8830348e-17  -1.2273234e-16  5.5057521e-16  -9.6113130e-17  -2.0375301e-16  -1.5381554e-15  4.4069159e-16  1.2190016e-16  -5.3920643e-16  -2.6741142e-16  1.6421878e-16  1.4414348e-15  -1.6831343e-16  5.0512751e-16  8.7194343e-16  -2.0786080e-16  6.3515352e-16  -8.0184586e-17  -3.6893255e-17  -1.0396682e-16  2.4446721e-17  -2.2304144e-16  -2.7246866e-16  4.8579034e-17  1.0000000   1.3204205e-16  -6.4006938e-17  -3.4161783e-16  -1.6298762e-16  1.5793783e-16  -1.6433320e-16  -3.8830348e-17  -1.2273234e-16  5.5057521e-16  -9.6113130e-17  -2.0375301e-16  -1.5381554e-15  4.4069159e-16  1.2190016e-16  -5.3920643e-16  -2.6741142e-16  1.6421878e-16  1.4414348e-15  -1.6831343e-16  5.0512751e-16  8.7194343e-16  -2.0786080e-16  6.3515352e-16  -8.0184586e-17  -3.6893255e-17  -1.0396682e-16  2.4446721e-17  -2.2304144e-16  -2.7246866e-16  4.8579034e-17  1.0000000   1.3204205e-16  
1.2869364e-16  -1.2800717e-16  4.8832357e-16  -1.3481719e-16  2.1322650e-16  2.8336006e-16  -5.7173501e-17  1.5202865e-15  -7.9609296e-17  2.0162709e-16  -6.3558952e-16  -8.0671785e-17  -9.1724953e-16  -8.4230597e-17  8.6030833e-16  3.3879135e-16  -2.2388324e-16  9.6517437e-16  -3.2507480e-16  -3.6642030e-16  2.0522478e-16  6.2264556e-16  -5.8795015e-16  -2.7746918e-16  -1.0939085e-16  6.8242604e-16  -2.1005231e-16  1.9109191e-16  -5.1063315e-16  1.3204205e-16  1.0000000   1.2869364e-16  -1.2800717e-16  4.8832357e-16  -1.3481719e-16  2.1322650e-16  2.8336006e-16  -5.7173501e-17  1.5202865e-15  -7.9609296e-17  2.0162709e-16  -6.3558952e-16  -8.0671785e-17  -9.1724953e-16  -8.4230597e-17  8.6030833e-16  3.3879135e-16  -2.2388324e-16  9.6517437e-16  -3.2507480e-16  -3.6642030e-16  2.0522478e-16  6.2264556e-16  -5.8795015e-16  -2.7746918e-16  -1.0939085e-16  6.8242604e-16  -2.1005231e-16  1.9109191e-16  -5.1063315e-16  1.3204205e-16  1.0000000   
1.0000000   -8.4837966e-16  -4.9877562e-17  7.4255901e-16  -6.1654055e-16  1.0500663e-15  -8.0515246e-16  1.0611699e-15  8.6270546e-16  -3.3032461e-16  -8.4462166e-16  -5.3099499e-17  1.0430406e-15  3.3827818e-16  9.9581471e-16  -3.8699054e-16  6.8081552e-16  3.0003469e-16  -2.0446395e-16  2.4011233e-17  -8.7181375e-16  5.3365639e-16  -1.0721280e-16  4.0757410e-16  -4.0302086e-17  1.9362912e-17  9.4712720e-16  4.6585830e-16  -2.4336454e-17  -6.4006938e-17  1.2869364e-16  1.0000000   -8.4837966e-16  -4.9877562e-17  7.4255901e-16  -6.1654055e-16  1.0500663e-15  -8.0515246e-16  1.0611699e-15  8.6270546e-16  -3.3032461e-16  -8.4462166e-16  -5.3099499e-17  1.0430406e-15  3.3827818e-16  9.9581471e-16  -3.8699054e-16  6.8081552e-16  3.0003469e-16  -2.0446395e-16  2.4011233e-17  -8.7181375e-16  5.3365639e-16  -1.0721280e-16  4.0757410e-16  -4.0302086e-17  1.9362912e-17  9.4712720e-16  4.6585830e-16  -2.4336454e-17  -6.4006938e-17  1.2869364e-16  
-8.4837966e-16  1.0000000   -7.0330745e-16  -1.9812006e-16  -5.7114288e-16  1.5541954e-16  2.9116545e-16  -7.2595533e-16  8.5039290e-17  1.8981254e-16  1.8976686e-16  -2.3270309e-16  -1.0822815e-15  1.2188722e-16  6.3570812e-16  -2.9982280e-16  -4.5002842e-16  9.4176176e-16  -1.8673730e-16  -1.5953624e-16  -9.0173013e-16  -1.5563950e-16  -1.0722793e-16  7.4272056e-16  -4.4317637e-16  -3.0587796e-16  -6.1816729e-18  -5.8049340e-16  -2.5568871e-16  -3.4161783e-16  -1.2800717e-16  -8.4837966e-16  1.0000000   -7.0330745e-16  -1.9812006e-16  -5.7114288e-16  1.5541954e-16  2.9116545e-16  -7.2595533e-16  8.5039290e-17  1.8981254e-16  1.8976686e-16  -2.3270309e-16  -1.0822815e-15  1.2188722e-16  6.3570812e-16  -2.9982280e-16  -4.5002842e-16  9.4176176e-16  -1.8673730e-16  -1.5953624e-16  -9.0173013e-16  -1.5563950e-16  -1.0722793e-16  7.4272056e-16  -4.4317637e-16  -3.0587796e-16  -6.1816729e-18  -5.8049340e-16  -2.5568871e-16  -3.4161783e-16  -1.2800717e-16  
-4.9877562e-17  -7.0330745e-16  1.0000000   4.4626544e-17  2.8587612e-16  -7.8578196e-16  6.6706449e-17  4.7271905e-16  5.9346948e-16  1.2478041e-15  9.4286347e-16  -6.0104448e-16  -2.0596919e-16  1.2417688e-16  -3.8499679e-16  4.5402185e-16  5.4200713e-16  -2.5946373e-16  -1.3868116e-16  -3.1457358e-16  1.8926915e-16  5.4915642e-16  -3.3444351e-16  -2.0161966e-16  -2.3230438e-16  -8.3997593e-16  -4.0033822e-16  7.0342154e-16  -7.4590224e-17  -1.6298762e-16  4.8832357e-16  -4.9877562e-17  -7.0330745e-16  1.0000000   4.4626544e-17  2.8587612e-16  -7.8578196e-16  6.6706449e-17  4.7271905e-16  5.9346948e-16  1.2478041e-15  9.4286347e-16  -6.0104448e-16  -2.0596919e-16  1.2417688e-16  -3.8499679e-16  4.5402185e-16  5.4200713e-16  -2.5946373e-16  -1.3868116e-16  -3.1457358e-16  1.8926915e-16  5.4915642e-16  -3.3444351e-16  -2.0161966e-16  -2.3230438e-16  -8.3997593e-16  -4.0033822e-16  7.0342154e-16  -7.4590224e-17  -1.6298762e-16  4.8832357e-16  
7.4255901e-16  -1.9812006e-16  4.4626544e-17  1.0000000   3.0330035e-16  1.3982632e-16  -5.7865216e-16  -1.6456398e-16  3.7296395e-16  4.5247185e-16  4.3910612e-16  -2.0058805e-16  -6.6439454e-16  -3.5254622e-16  -2.6221070e-16  -5.0649560e-16  1.9058563e-16  4.9111809e-16  -9.0231810e-16  2.2079794e-16  3.9293920e-16  -2.4764529e-16  -1.0246057e-16  2.8627742e-16  1.3935522e-16  4.5073457e-16  3.5284086e-16  1.0125777e-16  -1.8731514e-16  1.5793783e-16  -1.3481719e-16  7.4255901e-16  -1.9812006e-16  4.4626544e-17  1.0000000   3.0330035e-16  1.3982632e-16  -5.7865216e-16  -1.6456398e-16  3.7296395e-16  4.5247185e-16  4.3910612e-16  -2.0058805e-16  -6.6439454e-16  -3.5254622e-16  -2.6221070e-16  -5.0649560e-16  1.9058563e-16  4.9111809e-16  -9.0231810e-16  2.2079794e-16  3.9293920e-16  -2.4764529e-16  -1.0246057e-16  2.8627742e-16  1.3935522e-16  4.5073457e-16  3.5284086e-16  1.0125777e-16  -1.8731514e-16  1.5793783e-16  -1.3481719e-16  
-6.1654055e-16  -5.7114288e-16  2.8587612e-16  3.0330035e-16  1.0000000   6.6582294e-16  -2.9499859e-16  -9.4440531e-17  -1.3749320e-17  7.6861782e-16  3.3151736e-16  6.0345783e-16  2.9429200e-16  2.3490779e-16  -1.4645396e-16  6.6092708e-16  -5.4047704e-16  1.2933337e-16  1.7794872e-17  -3.4359759e-17  8.9825623e-16  2.7672095e-16  -2.7681479e-16  -5.6066907e-17  9.8920690e-17  5.7485081e-16  6.2352705e-16  -2.4588389e-16  -7.8928483e-16  -1.6433320e-16  2.1322650e-16  -6.1654055e-16  -5.7114288e-16  2.8587612e-16  3.0330035e-16  1.0000000   6.6582294e-16  -2.9499859e-16  -9.4440531e-17  -1.3749320e-17  7.6861782e-16  3.3151736e-16  6.0345783e-16  2.9429200e-16  2.3490779e-16  -1.4645396e-16  6.6092708e-16  -5.4047704e-16  1.2933337e-16  1.7794872e-17  -3.4359759e-17  8.9825623e-16  2.7672095e-16  -2.7681479e-16  -5.6066907e-17  9.8920690e-17  5.7485081e-16  6.2352705e-16  -2.4588389e-16  -7.8928483e-16  -1.6433320e-16  2.1322650e-16  
1.0500663e-15  1.5541954e-16  -7.8578196e-16  1.3982632e-16  6.6582294e-16  1.0000000   1.3065969e-16  -8.3689638e-16  4.6520867e-16  4.0083944e-16  5.0013733e-16  7.8545841e-16  8.8821916e-16  3.1282189e-16  3.1165234e-16  -5.4648411e-16  4.8838752e-16  8.0481584e-16  4.7834450e-16  -7.9109542e-17  -8.4801136e-16  -9.1839679e-16  -2.2680191e-16  -1.6475677e-16  -5.6311535e-16  6.0939113e-16  2.7730143e-16  -9.0201723e-17  -1.5169782e-16  -3.8830348e-17  2.8336006e-16  1.0500663e-15  1.5541954e-16  -7.8578196e-16  1.3982632e-16  6.6582294e-16  1.0000000   1.3065969e-16  -8.3689638e-16  4.6520867e-16  4.0083944e-16  5.0013733e-16  7.8545841e-16  8.8821916e-16  3.1282189e-16  3.1165234e-16  -5.4648411e-16  4.8838752e-16  8.0481584e-16  4.7834450e-16  -7.9109542e-17  -8.4801136e-16  -9.1839679e-16  -2.2680191e-16  -1.6475677e-16  -5.6311535e-16  6.0939113e-16  2.7730143e-16  -9.0201723e-17  -1.5169782e-16  -3.8830348e-17  2.8336006e-16  
-8.0515246e-16  2.9116545e-16  6.6706449e-17  -5.7865216e-16  -2.9499859e-16  1.3065969e-16  1.0000000   -5.1403465e-16  -5.6468354e-16  -4.8962669e-17  -2.3571650e-16  -2.6228293e-16  -6.1192849e-16  4.0949805e-16  5.9217341e-17  1.9623222e-18  3.5368261e-16  3.3965863e-16  6.4131325e-16  3.1563483e-17  -2.3514125e-16  3.8072250e-16  9.4822698e-16  -9.2535386e-16  -1.1861513e-16  7.0379849e-16  5.5394991e-16  -2.8988918e-16  -9.6174359e-16  -1.2273234e-16  -5.7173501e-17  -8.0515246e-16  2.9116545e-16  6.6706449e-17  -5.7865216e-16  -2.9499859e-16  1.3065969e-16  1.0000000   -5.1403465e-16  -5.6468354e-16  -4.8962669e-17  -2.3571650e-16  -2.6228293e-16  -6.1192849e-16  4.0949805e-16  5.9217341e-17  1.9623222e-18  3.5368261e-16  3.3965863e-16  6.4131325e-16  3.1563483e-17  -2.3514125e-16  3.8072250e-16  9.4822698e-16  -9.2535386e-16  -1.1861513e-16  7.0379849e-16  5.5394991e-16  -2.8988918e-16  -9.6174359e-16  -1.2273234e-16  -5.7173501e-17  
1.0611699e-15  -7.2595533e-16  4.7271905e-16  -1.6456398e-16  -9.4440531e-17  -8.3689638e-16  -5.1403465e-16  1.0000000   -9.0295341e-17  6.0583661e-16  -9.6555390e-17  -1.4233676e-15  3.4465100e-16  -1.1484171e-16  -6.3039355e-16  -4.6387317e-16  8.8530688e-16  9.2740472e-16  3.4297574e-16  -6.5909528e-16  -1.5223615e-16  6.7880466e-17  -1.0595405e-15  5.8277873e-16  6.8204256e-16  7.9356406e-17  1.4787054e-16  4.9401311e-16  7.1260562e-16  5.5057521e-16  1.5202865e-15  1.0611699e-15  -7.2595533e-16  4.7271905e-16  -1.6456398e-16  -9.4440531e-17  -8.3689638e-16  -5.1403465e-16  1.0000000   -9.0295341e-17  6.0583661e-16  -9.6555390e-17  -1.4233676e-15  3.4465100e-16  -1.1484171e-16  -6.3039355e-16  -4.6387317e-16  8.8530688e-16  9.2740472e-16  3.4297574e-16  -6.5909528e-16  -1.5223615e-16  6.7880466e-17  -1.0595405e-15  5.8277873e-16  6.8204256e-16  7.9356406e-17  1.4787054e-16  4.9401311e-16  7.1260562e-16  5.5057521e-16  1.5202865e-15  
8.6270546e-16  8.5039290e-17  5.9346948e-16  3.7296395e-16  -1.3749320e-17  4.6520867e-16  -5.6468354e-16  -9.0295341e-17  1.0000000   8.4629926e-16  7.5101713e-16  1.5668256e-16  3.9593271e-16  9.0343775e-17  1.4758691e-17  -5.6692118e-16  8.3160152e-16  -2.8555560e-16  -3.1160362e-16  4.1057614e-16  -4.7410116e-16  2.9379853e-16  7.9822904e-16  -4.5351748e-16  -3.4981749e-16  7.2569290e-16  6.3452891e-16  2.6575932e-18  1.2605193e-16  -9.6113130e-17  -7.9609296e-17  8.6270546e-16  8.5039290e-17  5.9346948e-16  3.7296395e-16  -1.3749320e-17  4.6520867e-16  -5.6468354e-16  -9.0295341e-17  1.0000000   8.4629926e-16  7.5101713e-16  1.5668256e-16  3.9593271e-16  9.0343775e-17  1.4758691e-17  -5.6692118e-16  8.3160152e-16  -2.8555560e-16  -3.1160362e-16  4.1057614e-16  -4.7410116e-16  2.9379853e-16  7.9822904e-16  -4.5351748e-16  -3.4981749e-16  7.2569290e-16  6.3452891e-16  2.6575932e-18  1.2605193e-16  -9.6113130e-17  -7.9609296e-17  
-3.3032461e-16  1.8981254e-16  1.2478041e-15  4.5247185e-16  7.6861782e-16  4.0083944e-16  -4.8962669e-17  6.0583661e-16  8.4629926e-16  1.0000000   3.2406139e-16  -3.8372939e-16  -9.2068908e-16  1.6225769e-16  -7.7530070e-16  -2.6776169e-16  1.2998180e-15  1.6700454e-15  -2.7834994e-16  7.4862218e-16  -2.9398815e-16  -2.9990408e-16  -4.0531880e-16  7.9849417e-16  -7.7955168e-16  7.8423272e-16  -1.2207956e-16  3.0404770e-16  -2.1011348e-16  -2.0375301e-16  2.0162709e-16  -3.3032461e-16  1.8981254e-16  1.2478041e-15  4.5247185e-16  7.6861782e-16  4.0083944e-16  -4.8962669e-17  6.0583661e-16  8.4629926e-16  1.0000000   3.2406139e-16  -3.8372939e-16  -9.2068908e-16  1.6225769e-16  -7.7530070e-16  -2.6776169e-16  1.2998180e-15  1.6700454e-15  -2.7834994e-16  7.4862218e-16  -2.9398815e-16  -2.9990408e-16  -4.0531880e-16  7.9849417e-16  -7.7955168e-16  7.8423272e-16  -1.2207956e-16  3.0404770e-16  -2.1011348e-16  -2.0375301e-16  2.0162709e-16  
