1.0000000   -5.8487545e-16  -2.8152834e-17  -3.3917254e-16  3.6322900e-16  2.4965701e-16  -9.3653060e-16  6.3986961e-16  -4.1626546e-16  -1.0140898e-16  1.2984916e-18  -6.6912956e-18  -2.4183429e-16  1.8251487e-16  -5.4691067e-16  -1.2853961e-16  3.1053625e-16  5.2322366e-16  2.1865886e-16  -3.1281450e-17  -5.0738736e-16  3.6962635e-16  -3.0842489e-16  -4.3827443e-16  8.5203150e-17  -3.6795611e-17  -1.4299108e-16  9.9291591e-17  -3.1379697e-16  3.2604401e-16  -6.8663492e-16  1.0000000   -5.8487545e-16  -2.8152834e-17  -3.3917254e-16  3.6322900e-16  2.4965701e-16  -9.3653060e-16  6.3986961e-16  -4.1626546e-16  -1.0140898e-16  1.2984916e-18  -6.6912956e-18  -2.4183429e-16  1.8251487e-16  -5.4691067e-16  -1.2853961e-16  3.1053625e-16  5.2322366e-16  2.1865886e-16  -3.1281450e-17  -5.0738736e-16  3.6962635e-16  -3.0842489e-16  -4.3827443e-16  8.5203150e-17  -3.6795611e-17  -1.4299108e-16  9.9291591e-17  -3.1379697e-16  3.2604401e-16  -6.8663492e-16  
-5.8487545e-16  1.0000000   -1.1900816e-16  -2.2614120e-16  7.6378500e-16  1.4665442e-16  -4.5654417e-17  5.2560650e-16  -5.6704780e-18  1.1017606e-17  -1.0793336e-15  -7.8374366e-16  -2.9151969e-17  1.9269622e-16  4.5998827e-16  1.7950263e-16  -4.5074032e-16  -7.8004540e-16  2.7009551e-16  5.0347768e-16  1.1861828e-16  -8.5955190e-16  -7.1389317e-16  2.1302380e-16  -4.2518841e-16  1.5312443e-17  -2.9231196e-16  2.9150080e-16  -4.5332286e-17  3.8683703e-16  1.6596818e-15  -5.8487545e-16  1.0000000   -1.1900816e-16  -2.2614120e-16  7.6378500e-16  1.4665442e-16  -4.5654417e-17  5.2560650e-16  -5.6704780e-18  1.1017606e-17  -1.0793336e-15  -7.8374366e-16  -2.9151969e-17  1.9269622e-16  4.5998827e-16  1.7950263e-16  -4.5074032e-16  -7.8004540e-16  2.7009551e-16  5.0347768e-16  1.1861828e-16  -8.5955190e-16  -7.1389317e-16  2.1302380e-16  -4.2518841e-16  1.5312443e-17  -2.9231196e-16  2.9150080e-16  -4.5332286e-17  3.8683703e-16  1.6596818e-15  
-2.8152834e-17  -1.1900816e-16  1.0000000   3.5079985e-16  -9.8926407e-16  5.3109287e-16  -7.3581045e-16  8.9902760e-17  -7.1115651e-16  -6.1393130e-16  -2.0439047e-16  8.4361689e-17  -2.6199405e-16  9.8605435e-17  2.9517246e-16  1.1192549e-16  -4.2137011e-17  1.0605768e-16  -2.2721318e-16  -9.5548643e-16  1.1877203e-16  -6.7297380e-16  -3.0828241e-17  3.2287201e-16  -2.5110853e-16  -1.0385105e-16  5.8643134e-16  1.2661173e-16  4.4480438e-16  -1.2735399e-15  8.6787408e-16  -2.8152834e-17  -1.1900816e-16  1.0000000   3.5079985e-16  -9.8926407e-16  5.3109287e-16  -7.3581045e-16  8.9902760e-17  -7.1115651e-16  -6.1393130e-16  -2.0439047e-16  8.4361689e-17  -2.6199405e-16  9.8605435e-17  2.9517246e-16  1.1192549e-16  -4.2137011e-17  1.0605768e-16  -2.2721318e-16  -9.5548643e-16  1.1877203e-16  -6.7297380e-16  -3.0828241e-17  3.2287201e-16  -2.5110853e-16  -1.0385105e-16  5.8643134e-16  1.2661173e-16  4.4480438e-16  -1.2735399e-15  8.6787408e-16  
-3.3917254e-16  -2.2614120e-16  3.5079985e-16  1.0000000   9.7617172e-17  6.9580124e-16  -2.3486591e-17  -1.7444333e-16  5.0389692e-17  7.9190890e-16  -2.3509796e-18  8.7649957e-17  4.8261652e-16  -1.7593774e-16  1.3689256e-16  4.4185391e-16  1.5215733e-16  6.3133289e-16  -4.0328694e-16  -1.0261568e-15  3.9998247e-16  4.0418338e-16  3.6090835e-16  -2.3791511e-16  -2.0179669e-16  -1.1090140e-15  -2.4202894e-17  -1.4693351e-16  9.0930012e-16  -1.4551939e-16  5.2272007e-16  -3.3917254e-16  -2.2614120e-16  3.5079985e-16  1.0000000   9.7617172e-17  6.9580124e-16  -2.3486591e-17  -1.7444333e-16  5.0389692e-17  7.9190890e-16  -2.3509796e-18  8.7649957e-17  4.8261652e-16  -1.7593774e-16  1.3689256e-16  4.4185391e-16  1.5215733e-16  6.3133289e-16  -4.0328694e-16  -1.0261568e-15  3.9998247e-16  4.0418338e-16  3.6090835e-16  -2.3791511e-16  -2.0179669e-16  -1.1090140e-15  -2.4202894e-17  -1.4693351e-16  9.0930012e-16  -1.4551939e-16  5.2272007e-16  
3.6322900e-16  7.6378500e-16  -9.8926407e-16  9.7617172e-17  1.0000000   9.9548025e-16  4.9058796e-17  -9.7885999e-17  -1.3212455e-16  -1.3059293e-16  8.9493108e-16  2.7539445e-16  -6.6226773e-16  -2.3188741e-16  -3.4312068e-16  4.5710437e-16  2.4441208e-16  -9.7102140e-17  1.0204351e-16  -2.6847236e-16  3.9694305e-17  -1.9271157e-16  -5.1446973e-16  3.7681130e-16  -3.0033106e-16  2.1649971e-16  2.7799274e-16  3.1284079e-16  -2.6789223e-16  -7.8428038e-16  3.4001975e-16  3.6322900e-16  7.6378500e-16  -9.8926407e-16  9.7617172e-17  1.0000000   9.9548025e-16  4.9058796e-17  -9.7885999e-17  -1.3212455e-16  -1.3059293e-16  8.9493108e-16  2.7539445e-16  -6.6226773e-16  -2.3188741e-16  -3.4312068e-16  4.5710437e-16  2.4441208e-16  -9.7102140e-17  1.0204351e-16  -2.6847236e-16  3.9694305e-17  -1.9271157e-16  -5.1446973e-16  3.7681130e-16  -3.0033106e-16  2.1649971e-16  2.7799274e-16  3.1284079e-16  -2.6789223e-16  -7.8428038e-16  3.4001975e-16  
2.4965701e-16  1.4665442e-16  5.3109287e-16  6.9580124e-16  9.9548025e-16  1.0000000   -3.6751827e-16  -2.1360348e-17  -2.8163244e-16  -7.1041774e-16  -5.3039468e-17  -3.0536501e-17  4.3841633e-16  4.0641115e-16  3.4241767e-16  -4.9175239e-16  1.0519855e-16  -7.5287485e-16  7.2277205e-17  -1.9582370e-16  3.2539225e-16  3.3000792e-16  -5.6564921e-16  4.1630020e-16  -4.5440134e-16  -3.3224216e-16  3.2003486e-16  -3.0528329e-16  6.5659267e-16  2.0665136e-16  2.0433374e-16  2.4965701e-16  1.4665442e-16  5.3109287e-16  6.9580124e-16  9.9548025e-16  1.0000000   -3.6751827e-16  -2.1360348e-17  -2.8163244e-16  -7.1041774e-16  -5.3039468e-17  -3.0536501e-17  4.3841633e-16  4.0641115e-16  3.4241767e-16  -4.9175239e-16  1.0519855e-16  -7.5287485e-16  7.2277205e-17  -1.9582370e-16  3.2539225e-16  3.3000792e-16  -5.6564921e-16  4.1630020e-16  -4.5440134e-16  -3.3224216e-16  3.2003486e-16  -3.0528329e-16  6.5659267e-16  2.0665136e-16  2.0433374e-16  
-9.3653060e-16  -4.5654417e-17  -7.3581045e-16  -2.3486591e-17  4.9058796e-17  -3.6751827e-16  1.0000000   1.6114317e-16  -2.3552953e-16  -5.3224448e-17  3.2465498e-16  1.3899540e-15  -2.9077151e-16  1.3500820e-15  1.6160446e-16  -2.2271393e-16  -1.3613563e-16  9.4989520e-16  3.4508756e-16  6.1197540e-16  -8.1809060e-16  -6.0946272e-17  4.8625795e-16  7.9710410e-17  3.3110897e-16  9.0718166e-16  1.7864374e-16  -5.3418704e-16  4.4854158e-17  -2.3529337e-16  6.8782375e-16  -9.3653060e-16  -4.5654417e-17  -7.3581045e-16  -2.3486591e-17  4.9058796e-17  -3.6751827e-16  1.0000000   1.6114317e-16  -2.3552953e-16  -5.3224448e-17  3.2465498e-16  1.3899540e-15  -2.9077151e-16  1.3500820e-15  1.6160446e-16  -2.2271393e-16  -1.3613563e-16  9.4989520e-16  3.4508756e-16  6.1197540e-16  -8.1809060e-16  -6.0946272e-17  4.8625795e-16  7.9710410e-17  3.3110897e-16  9.0718166e-16  1.7864374e-16  -5.3418704e-16  4.4854158e-17  -2.3529337e-16  6.8782375e-16  
6.3986961e-16  5.2560650e-16  8.9902760e-17  -1.7444333e-16  -9.7885999e-17  -2.1360348e-17  1.6114317e-16  1.0000000   -4.1056097e-16  6.0183445e-17  4.1310914e-16  8.1236349e-16  -6.1573915e-16  -2.7979089e-16  -5.5006446e-16  4.6528883e-16  3.7865633e-16  -4.3550724e-16  2.1745658e-16  5.8856744e-16  -8.6202432e-17  5.7449447e-16  3.5238652e-16  7.7414457e-17  1.2277345e-16  -1.9164617e-17  6.9978903e-16  -8.7957732e-16  -1.0621782e-16  -2.8087326e-16  -4.4755992e-16  6.3986961e-16  5.2560650e-16  8.9902760e-17  -1.7444333e-16  -9.7885999e-17  -2.1360348e-17  1.6114317e-16  1.0000000   -4.1056097e-16  6.0183445e-17  4.1310914e-16  8.1236349e-16  -6.1573915e-16  -2.7979089e-16  -5.5006446e-16  4.6528883e-16  3.7865633e-16  -4.3550724e-16  2.1745658e-16  5.8856744e-16  -8.6202432e-17  5.7449447e-16  3.5238652e-16  7.7414457e-17  1.2277345e-16  -1.9164617e-17  6.9978903e-16  -8.7957732e-16  -1.0621782e-16  -2.8087326e-16  -4.4755992e-16  
-4.1626546e-16  -5.6704780e-18  -7.1115651e-16  5.0389692e-17  -1.3212455e-16  -2.8163244e-16  -2.3552953e-16  -4.1056097e-16  1.0000000   2.4641319e-17  7.4539010e-17  -2.2283520e-16  3.3414712e-16  -4.4854568e-16  -3.9455676e-16  2.1634903e-16  3.3090735e-16  -1.1540759e-15  -5.9239820e-16  2.4866657e-16  -5.0975568e-16  2.2498509e-16  1.9709934e-17  -9.8334105e-16  -1.0276221e-16  -5.6560238e-16  1.9102779e-16  1.1424856e-16  -1.3148004e-15  5.6222940e-16  -9.4729045e-17  -4.1626546e-16  -5.6704780e-18  -7.1115651e-16  5.0389692e-17  -1.3212455e-16  -2.8163244e-16  -2.3552953e-16  -4.1056097e-16  1.0000000   2.4641319e-17  7.4539010e-17  -2.2283520e-16  3.3414712e-16  -4.4854568e-16  -3.9455676e-16  2.1634903e-16  3.3090735e-16  -1.1540759e-15  -5.9239820e-16  2.4866657e-16  -5.0975568e-16  2.2498509e-16  1.9709934e-17  -9.8334105e-16  -1.0276221e-16  -5.6560238e-16  1.9102779e-16  1.1424856e-16  -1.3148004e-15  5.6222940e-16  -9.4729045e-17  
-1.0140898e-16  1.1017606e-17  -6.1393130e-16  7.9190890e-16  -1.3059293e-16  -7.1041774e-16  -5.3224448e-17  6.0183445e-17  2.4641319e-17  1.0000000   1.9553357e-16  -9.2374311e-17  -4.4156301e-16  -4.8171582e-16  -4.2933996e-16  8.9876623e-16  5.0745042e-16  -2.6170325e-16  -4.5894897e-16  3.9202122e-16  3.9088349e-16  -3.6519606e-16  1.5178328e-16  -4.8119878e-16  2.6330605e-16  -2.3196249e-17  5.4852150e-16  -7.7742461e-16  1.1192210e-16  -3.9935392e-16  4.2824479e-16  -1.0140898e-16  1.1017606e-17  -6.1393130e-16  7.9190890e-16  -1.3059293e-16  -7.1041774e-16  -5.3224448e-17  6.0183445e-17  2.4641319e-17  1.0000000   1.9553357e-16  -9.2374311e-17  -4.4156301e-16  -4.8171582e-16  -4.2933996e-16  8.9876623e-16  5.0745042e-16  -2.6170325e-16  -4.5894897e-16  3.9202122e-16  3.9088349e-16  -3.6519606e-16  1.5178328e-16  -4.8119878e-16  2.6330605e-16  -2.3196249e-17  5.4852150e-16  -7.7742461e-16  1.1192210e-16  -3.9935392e-16  4.2824479e-16  
1.2984916e-18  -1.0793336e-15  -2.0439047e-16  -2.3509796e-18  8.9493108e-16  -5.3039468e-17  3.2465498e-16  4.1310914e-16  7.4539010e-17  1.9553357e-16  1.0000000   4.0922549e-16  2.9342845e-16  -9.3528882e-17  -3.4391071e-16  9.1495589e-16  1.9885894e-16  -2.8266936e-16  6.8533272e-16  -3.5945240e-16  -1.5430399e-16  1.5683361e-17  -5.6146877e-16  1.0917473e-16  2.7525882e-16  7.9794421e-17  -3.9854725e-16  -1.7647558e-17  -4.9201151e-16  2.6220756e-16  1.7090116e-16  1.2984916e-18  -1.0793336e-15  -2.0439047e-16  -2.3509796e-18  8.9493108e-16  -5.3039468e-17  3.2465498e-16  4.1310914e-16  7.4539010e-17  1.9553357e-16  1.0000000   4.0922549e-16  2.9342845e-16  -9.3528882e-17  -3.4391071e-16  9.1495589e-16  1.9885894e-16  -2.8266936e-16  6.8533272e-16  -3.5945240e-16  -1.5430399e-16  1.5683361e-17  -5.6146877e-16  1.0917473e-16  2.7525882e-16  7.9794421e-17  -3.9854725e-16  -1.7647558e-17  -4.9201151e-16  2.6220756e-16  1.7090116e-16  
-6.6912956e-18  -7.8374366e-16  8.4361689e-17  8.7649957e-17  2.7539445e-16  -3.0536501e-17  1.3899540e-15  8.1236349e-16  -2.2283520e-16  -9.2374311e-17  4.0922549e-16  1.0000000   8.9685768e-17  -7.5164893e-16  -3.3336603e-17  2.2250264e-16  8.3008785e-16  -6.4208519e-16  8.4813635e-16  6.0577672e-17  -7.2007790e-17  1.0116045e-17  -2.1978432e-16  -1.0855315e-15  3.6712479e-16  -1.0418606e-15  -1.0504039e-15  -1.8356506e-16  7.0680846e-16  5.7229593e-16  1.9592721e-16  -6.6912956e-18  -7.8374366e-16  8.4361689e-17  8.7649957e-17  2.7539445e-16  -3.0536501e-17  1.3899540e-15  8.1236349e-16  -2.2283520e-16  -9.2374311e-17  4.0922549e-16  1.0000000   8.9685768e-17  -7.5164893e-16  -3.3336603e-17  2.2250264e-16  8.3008785e-16  -6.4208519e-16  8.4813635e-16  6.0577672e-17  -7.2007790e-17  1.0116045e-17  -2.1978432e-16  -1.0855315e-15  3.6712479e-16  -1.0418606e-15  -1.0504039e-15  -1.8356506e-16  7.0680846e-16  5.7229593e-16  1.9592721e-16  
-2.4183429e-16  -2.9151969e-17  -2.6199405e-16  4.8261652e-16  -6.6226773e-16  4.3841633e-16  -2.9077151e-16  -6.1573915e-16  3.3414712e-16  -4.4156301e-16  2.9342845e-16  8.9685768e-17  1.0000000   -3.8300019e-16  8.7536462e-16  -2.7624208e-16  6.4297749e-16  2.5023542e-16  4.6866265e-16  -1.9844146e-16  3.5117909e-16  -3.1352643e-16  -1.3485820e-16  -2.3413511e-16  -2.4537670e-16  1.0953684e-15  1.1760449e-17  -4.8079780e-17  -3.2132057e-16  3.6932406e-16  -4.1625341e-16  -2.4183429e-16  -2.9151969e-17  -2.6199405e-16  4.8261652e-16  -6.6226773e-16  4.3841633e-16  -2.9077151e-16  -6.1573915e-16  3.3414712e-16  -4.4156301e-16  2.9342845e-16  8.9685768e-17  1.0000000   -3.8300019e-16  8.7536462e-16  -2.7624208e-16  6.4297749e-16  2.5023542e-16  4.6866265e-16  -1.9844146e-16  3.5117909e-16  -3.1352643e-16  -1.3485820e-16  -2.3413511e-16  -2.4537670e-16  1.0953684e-15  1.1760449e-17  -4.8079780e-17  -3.2132057e-16  3.6932406e-16  -4.1625341e-16  
1.8251487e-16  1.9269622e-16  9.8605435e-17  -1.7593774e-16  -2.3188741e-16  4.0641115e-16  1.3500820e-15  -2.7979089e-16  -4.4854568e-16  -4.8171582e-16  -9.3528882e-17  -7.5164893e-16  -3.8300019e-16  1.0000000   1.2229419e-15  -5.3845270e-16  1.6788959e-16  -3.5080117e-16  2.5845969e-16  3.6267931e-16  -2.8708596e-16  1.9411803e-16  -1.7186425e-16  2.3045026e-16  -9.6772701e-17  -8.3227350e-17  -4.6868509e-16  -2.3534502e-16  6.6887572e-16  3.4844128e-16  -7.3905127e-16  1.8251487e-16  1.9269622e-16  9.8605435e-17  -1.7593774e-16  -2.3188741e-16  4.0641115e-16  1.3500820e-15  -2.7979089e-16  -4.4854568e-16  -4.8171582e-16  -9.3528882e-17  -7.5164893e-16  -3.8300019e-16  1.0000000   1.2229419e-15  -5.3845270e-16  1.6788959e-16  -3.5080117e-16  2.5845969e-16  3.6267931e-16  -2.8708596e-16  1.9411803e-16  -1.7186425e-16  2.3045026e-16  -9.6772701e-17  -8.3227350e-17  -4.6868509e-16  -2.3534502e-16  6.6887572e-16  3.4844128e-16  -7.3905127e-16  
-5.4691067e-16  4.5998827e-16  2.9517246e-16  1.3689256e-16  -3.4312068e-16  3.4241767e-16  1.6160446e-16  -5.5006446e-16  -3.9455676e-16  -4.2933996e-16  -3.4391071e-16  -3.3336603e-17  8.7536462e-16  1.2229419e-15  1.0000000   -5.0765180e-16  -2.1814372e-16  -4.8171249e-16  -3.9222555e-17  2.3529095e-16  1.4321772e-15  -4.1581013e-16  2.3245687e-16  5.2737585e-16  4.8587389e-16  -2.3206450e-16  5.6495175e-17  -3.2779082e-17  2.1064072e-16  -6.1064906e-16  2.0355588e-16  -5.4691067e-16  4.5998827e-16  2.9517246e-16  1.3689256e-16  -3.4312068e-16  3.4241767e-16  1.6160446e-16  -5.5006446e-16  -3.9455676e-16  -4.2933996e-16  -3.4391071e-16  -3.3336603e-17  8.7536462e-16  1.2229419e-15  1.0000000   -5.0765180e-16  -2.1814372e-16  -4.8171249e-16  -3.9222555e-17  2.3529095e-16  1.4321772e-15  -4.1581013e-16  2.3245687e-16  5.2737585e-16  4.8587389e-16  -2.3206450e-16  5.6495175e-17  -3.2779082e-17  2.1064072e-16  -6.1064906e-16  2.0355588e-16  
-1.2853961e-16  1.7950263e-16  1.1192549e-16  4.4185391e-16  4.5710437e-16  -4.9175239e-16  -2.2271393e-16  4.6528883e-16  2.1634903e-16  8.9876623e-16  9.1495589e-16  2.2250264e-16  -2.7624208e-16  -5.3845270e-16  -5.0765180e-16  1.0000000   2.4752559e-16  1.2273453e-15  -1.9115526e-16  2.1302339e-17  -2.4353634e-16  1.6062515e-16  -2.6364980e-16  -5.2418066e-16  -8.7429195e-16  6.0133908e-16  5.1003490e-16  -5.8371336e-16  5.4019419e-16  -7.2683500e-18  -1.7387791e-16  -1.2853961e-16  1.7950263e-16  1.1192549e-16  4.4185391e-16  4.5710437e-16  -4.9175239e-16  -2.2271393e-16  4.6528883e-16  2.1634903e-16  8.9876623e-16  9.1495589e-16  2.2250264e-16  -2.7624208e-16  -5.3845270e-16  -5.0765180e-16  1.0000000   2.4752559e-16  1.2273453e-15  -1.9115526e-16  2.1302339e-17  -2.4353634e-16  1.6062515e-16  -2.6364980e-16  -5.2418066e-16  -8.7429195e-16  6.0133908e-16  5.1003490e-16  -5.8371336e-16  5.4019419e-16  -7.2683500e-18  -1.7387791e-16  
3.1053625e-16  -4.5074032e-16  -4.2137011e-17  1.5215733e-16  2.4441208e-16  1.0519855e-16  -1.3613563e-16  3.7865633e-16  3.3090735e-16  5.0745042e-16  1.9885894e-16  8.3008785e-16  6.4297749e-16  1.6788959e-16  -2.1814372e-16  2.4752559e-16  1.0000000   -6.7909918e-16  3.4610999e-16  -3.9496898e-16  -2.0537712e-17  -4.6548966e-17  -4.7386368e-17  -5.7436675e-16  -1.2438045e-16  5.6734122e-16  9.1928067e-17  3.8311169e-16  5.4998241e-16  -4.3161228e-16  -4.3828666e-17  3.1053625e-16  -4.5074032e-16  -4.2137011e-17  1.5215733e-16  2.4441208e-16  1.0519855e-16  -1.3613563e-16  3.7865633e-16  3.3090735e-16  5.0745042e-16  1.9885894e-16  8.3008785e-16  6.4297749e-16  1.6788959e-16  -2.1814372e-16  2.4752559e-16  1.0000000   -6.7909918e-16  3.4610999e-16  -3.9496898e-16  -2.0537712e-17  -4.6548966e-17  -4.7386368e-17  -5.7436675e-16  -1.2438045e-16  5.6734122e-16  9.1928067e-17  3.8311169e-16  5.4998241e-16  -4.3161228e-16  -4.3828666e-17  
5.2322366e-16  -7.8004540e-16  1.0605768e-16  6.3133289e-16  -9.7102140e-17  -7.5287485e-16  9.4989520e-16  -4.3550724e-16  -1.1540759e-15  -2.6170325e-16  -2.8266936e-16  -6.4208519e-16  2.5023542e-16  -3.5080117e-16  -4.8171249e-16  1.2273453e-15  -6.7909918e-16  1.0000000   4.5223681e-16  4.5102497e-17  -5.2341715e-16  -5.5032592e-16  -3.9222353e-16  -2.0260803e-16  5.1650280e-17  1.0432860e-16  5.1557126e-16  2.2855775e-17  6.1944604e-16  -1.4808294e-16  -3.2152675e-16  5.2322366e-16  -7.8004540e-16  1.0605768e-16  6.3133289e-16  -9.7102140e-17  -7.5287485e-16  9.4989520e-16  -4.3550724e-16  -1.1540759e-15  -2.6170325e-16  -2.8266936e-16  -6.4208519e-16  2.5023542e-16  -3.5080117e-16  -4.8171249e-16  1.2273453e-15  -6.7909918e-16  1.0000000   4.5223681e-16  4.5102497e-17  -5.2341715e-16  -5.5032592e-16  -3.9222353e-16  -2.0260803e-16  5.1650280e-17  1.0432860e-16  5.1557126e-16  2.2855775e-17  6.1944604e-16  -1.4808294e-16  -3.2152675e-16  
2.1865886e-16  2.7009551e-16  -2.2721318e-16  -4.0328694e-16  1.0204351e-16  7.2277205e-17  3.4508756e-16  2.1745658e-16  -5.9239820e-16  -4.5894897e-16  6.8533272e-16  8.4813635e-16  4.6866265e-16  2.5845969e-16  -3.9222555e-17  -1.9115526e-16  3.4610999e-16  4.5223681e-16  1.0000000   -5.2597354e-16  -4.9921523e-16  4.8453236e-16  -2.2542745e-16  -2.7397843e-16  1.2195814e-16  -3.6233149e-16  -5.4985023e-16  -3.2542490e-17  2.5179318e-16  7.4544575e-16  3.7432159e-16  2.1865886e-16  2.7009551e-16  -2.2721318e-16  -4.0328694e-16  1.0204351e-16  7.2277205e-17  3.4508756e-16  2.1745658e-16  -5.9239820e-16  -4.5894897e-16  6.8533272e-16  8.4813635e-16  4.6866265e-16  2.5845969e-16  -3.9222555e-17  -1.9115526e-16  3.4610999e-16  4.5223681e-16  1.0000000   -5.2597354e-16  -4.9921523e-16  4.8453236e-16  -2.2542745e-16  -2.7397843e-16  1.2195814e-16  -3.6233149e-16  -5.4985023e-16  -3.2542490e-17  2.5179318e-16  7.4544575e-16  3.7432159e-16  
-3.1281450e-17  5.0347768e-16  -9.5548643e-16  -1.0261568e-15  -2.6847236e-16  -1.9582370e-16  6.1197540e-16  5.8856744e-16  2.4866657e-16  3.9202122e-16  -3.5945240e-16  6.0577672e-17  -1.9844146e-16  3.6267931e-16  2.3529095e-16  2.1302339e-17  -3.9496898e-16  4.5102497e-17  -5.2597354e-16  1.0000000   -9.2916904e-17  7.7228734e-16  -3.2475133e-16  2.5274911e-16  -5.9424278e-17  1.5763151e-18  2.0641377e-16  2.1051264e-16  -5.4341077e-16  -3.0582623e-16  -4.9218775e-17  -3.1281450e-17  5.0347768e-16  -9.5548643e-16  -1.0261568e-15  -2.6847236e-16  -1.9582370e-16  6.1197540e-16  5.8856744e-16  2.4866657e-16  3.9202122e-16  -3.5945240e-16  6.0577672e-17  -1.9844146e-16  3.6267931e-16  2.3529095e-16  2.1302339e-17  -3.9496898e-16  4.5102497e-17  -5.2597354e-16  1.0000000   -9.2916904e-17  7.7228734e-16  -3.2475133e-16  2.5274911e-16  -5.9424278e-17  1.5763151e-18  2.0641377e-16  2.1051264e-16  -5.4341077e-16  -3.0582623e-16  -4.9218775e-17  
-5.0738736e-16  1.1861828e-16  1.1877203e-16  3.9998247e-16  3.9694305e-17  3.2539225e-16  -8.1809060e-16  -8.6202432e-17  -5.0975568e-16  3.9088349e-16  -1.5430399e-16  -7.2007790e-17  3.5117909e-16  -2.8708596e-16  1.4321772e-15  -2.4353634e-16  -2.0537712e-17  -5.2341715e-16  -4.9921523e-16  -9.2916904e-17  1.0000000   5.3251318e-17  -2.2299728e-16  -4.1346208e-16  -1.7535328e-16  -8.0763614e-16  -2.5102919e-16  1.3373212e-16  -4.0818214e-16  -2.0250285e-16  4.3627467e-16  -5.0738736e-16  1.1861828e-16  1.1877203e-16  3.9998247e-16  3.9694305e-17  3.2539225e-16  -8.1809060e-16  -8.6202432e-17  -5.0975568e-16  3.9088349e-16  -1.5430399e-16  -7.2007790e-17  3.5117909e-16  -2.8708596e-16  1.4321772e-15  -2.4353634e-16  -2.0537712e-17  -5.2341715e-16  -4.9921523e-16  -9.2916904e-17  1.0000000   5.3251318e-17  -2.2299728e-16  -4.1346208e-16  -1.7535328e-16  -8.0763614e-16  -2.5102919e-16  1.3373212e-16  -4.0818214e-16  -2.0250285e-16  4.3627467e-16  
3.6962635e-16  -8.5955190e-16  -6.7297380e-16  4.0418338e-16  -1.9271157e-16  3.3000792e-16  -6.0946272e-17  5.7449447e-16  2.2498509e-16  -3.6519606e-16  1.5683361e-17  1.0116045e-17  -3.1352643e-16  1.9411803e-16  -4.1581013e-16  1.6062515e-16  -4.6548966e-17  -5.5032592e-16  4.8453236e-16  7.7228734e-16  5.3251318e-17  1.0000000   -1.4257713e-16  -1.7981070e-16  2.0439068e-16  -7.7842238e-16  -2.8904314e-16  -5.7707095e-16  1.7501927e-16  -1.7335628e-16  2.3687315e-16  3.6962635e-16  -8.5955190e-16  -6.7297380e-16  4.0418338e-16  -1.9271157e-16  3.3000792e-16  -6.0946272e-17  5.7449447e-16  2.2498509e-16  -3.6519606e-16  1.5683361e-17  1.0116045e-17  -3.1352643e-16  1.9411803e-16  -4.1581013e-16  1.6062515e-16  -4.6548966e-17  -5.5032592e-16  4.8453236e-16  7.7228734e-16  5.3251318e-17  1.0000000   -1.4257713e-16  -1.7981070e-16  2.0439068e-16  -7.7842238e-16  -2.8904314e-16  -5.7707095e-16  1.7501927e-16  -1.7335628e-16  2.3687315e-16  
-3.0842489e-16  -7.1389317e-16  -3.0828241e-17  3.6090835e-16  -5.1446973e-16  -5.6564921e-16  4.8625795e-16  3.5238652e-16  1.9709934e-17  1.5178328e-16  -5.6146877e-16  -2.1978432e-16  -1.3485820e-16  -1.7186425e-16  2.3245687e-16  -2.6364980e-16  -4.7386368e-17  -3.9222353e-16  -2.2542745e-16  -3.2475133e-16  -2.2299728e-16  -1.4257713e-16  1.0000000   -9.0828160e-17  1.2585519e-16  -1.9110273e-16  4.6099918e-16  -8.6361719e-17  3.7371828e-16  9.2479689e-17  1.8580200e-17  -3.0842489e-16  -7.1389317e-16  -3.0828241e-17  3.6090835e-16  -5.1446973e-16  -5.6564921e-16  4.8625795e-16  3.5238652e-16  1.9709934e-17  1.5178328e-16  -5.6146877e-16  -2.1978432e-16  -1.3485820e-16  -1.7186425e-16  2.3245687e-16  -2.6364980e-16  -4.7386368e-17  -3.9222353e-16  -2.2542745e-16  -3.2475133e-16  -2.2299728e-16  -1.4257713e-16  1.0000000   -9.0828160e-17  1.2585519e-16  -1.9110273e-16  4.6099918e-16  -8.6361719e-17  3.7371828e-16  9.2479689e-17  1.8580200e-17  
-4.3827443e-16  2.1302380e-16  3.2287201e-16  -2.3791511e-16  3.7681130e-16  4.1630020e-16  7.9710410e-17  7.7414457e-17  -9.8334105e-16  -4.8119878e-16  1.0917473e-16  -1.0855315e-15  -2.3413511e-16  2.3045026e-16  5.2737585e-16  -5.2418066e-16  -5.7436675e-16  -2.0260803e-16  -2.7397843e-16  2.5274911e-16  -4.1346208e-16  -1.7981070e-16  -9.0828160e-17  1.0000000   -1.3143489e-16  -9.4419153e-16  -5.4309505e-16  1.4049107e-16  2.0510365e-16  2.4838739e-16  -2.8505755e-16  -4.3827443e-16  2.1302380e-16  3.2287201e-16  -2.3791511e-16  3.7681130e-16  4.1630020e-16  7.9710410e-17  7.7414457e-17  -9.8334105e-16  -4.8119878e-16  1.0917473e-16  -1.0855315e-15  -2.3413511e-16  2.3045026e-16  5.2737585e-16  -5.2418066e-16  -5.7436675e-16  -2.0260803e-16  -2.7397843e-16  2.5274911e-16  -4.1346208e-16  -1.7981070e-16  -9.0828160e-17  1.0000000   -1.3143489e-16  -9.4419153e-16  -5.4309505e-16  1.4049107e-16  2.0510365e-16  2.4838739e-16  -2.8505755e-16  
8.5203150e-17  -4.2518841e-16  -2.5110853e-16  -2.0179669e-16  -3.0033106e-16  -4.5440134e-16  3.3110897e-16  1.2277345e-16  -1.0276221e-16  2.6330605e-16  2.7525882e-16  3.6712479e-16  -2.4537670e-16  -9.6772701e-17  4.8587389e-16  -8.7429195e-16  -1.2438045e-16  5.1650280e-17  1.2195814e-16  -5.9424278e-17  -1.7535328e-16  2.0439068e-16  1.2585519e-16  -1.3143489e-16  1.0000000   -6.8353244e-16  2.3782435e-18  4.3980960e-16  6.9191692e-16  1.3836763e-16  -2.6813132e-17  8.5203150e-17  -4.2518841e-16  -2.5110853e-16  -2.0179669e-16  -3.0033106e-16  -4.5440134e-16  3.3110897e-16  1.2277345e-16  -1.0276221e-16  2.6330605e-16  2.7525882e-16  3.6712479e-16  -2.4537670e-16  -9.6772701e-17  4.8587389e-16  -8.7429195e-16  -1.2438045e-16  5.1650280e-17  1.2195814e-16  -5.9424278e-17  -1.7535328e-16  2.0439068e-16  1.2585519e-16  -1.3143489e-16  1.0000000   -6.8353244e-16  2.3782435e-18  4.3980960e-16  6.9191692e-16  1.3836763e-16  -2.6813132e-17  
-3.6795611e-17  1.5312443e-17  -1.0385105e-16  -1.1090140e-15  2.1649971e-16  -3.3224216e-16  9.0718166e-16  -1.9164617e-17  -5.6560238e-16  -2.3196249e-17  7.9794421e-17  -1.0418606e-15  1.0953684e-15  -8.3227350e-17  -2.3206450e-16  6.0133908e-16  5.6734122e-16  1.0432860e-16  -3.6233149e-16  1.5763151e-18  -8.0763614e-16  -7.7842238e-16  -1.9110273e-16  -9.4419153e-16  -6.8353244e-16  1.0000000   7.1291415e-16  9.1575547e-16  -1.1657250e-15  3.2311795e-16  -2.3624029e-16  -3.6795611e-17  1.5312443e-17  -1.0385105e-16  -1.1090140e-15  2.1649971e-16  -3.3224216e-16  9.0718166e-16  -1.9164617e-17  -5.6560238e-16  -2.3196249e-17  7.9794421e-17  -1.0418606e-15  1.0953684e-15  -8.3227350e-17  -2.3206450e-16  6.0133908e-16  5.6734122e-16  1.0432860e-16  -3.6233149e-16  1.5763151e-18  -8.0763614e-16  -7.7842238e-16  -1.9110273e-16  -9.4419153e-16  -6.8353244e-16  1.0000000   7.1291415e-16  9.1575547e-16  -1.1657250e-15  3.2311795e-16  -2.3624029e-16  
-1.4299108e-16  -2.9231196e-16  5.8643134e-16  -2.4202894e-17  2.7799274e-16  3.2003486e-16  1.7864374e-16  6.9978903e-16  1.9102779e-16  5.4852150e-16  -3.9854725e-16  -1.0504039e-15  1.1760449e-17  -4.6868509e-16  5.6495175e-17  5.1003490e-16  9.1928067e-17  5.1557126e-16  -5.4985023e-16  2.0641377e-16  -2.5102919e-16  -2.8904314e-16  4.6099918e-16  -5.4309505e-16  2.3782435e-18  7.1291415e-16  1.0000000   2.5949500e-16  7.8972831e-16  5.0357738e-16  1.7515153e-16  -1.4299108e-16  -2.9231196e-16  5.8643134e-16  -2.4202894e-17  2.7799274e-16  3.2003486e-16  1.7864374e-16  6.9978903e-16  1.9102779e-16  5.4852150e-16  -3.9854725e-16  -1.0504039e-15  1.1760449e-17  -4.6868509e-16  5.6495175e-17  5.1003490e-16  9.1928067e-17  5.1557126e-16  -5.4985023e-16  2.0641377e-16  -2.5102919e-16  -2.8904314e-16  4.6099918e-16  -5.4309505e-16  2.3782435e-18  7.1291415e-16  1.0000000   2.5949500e-16  7.8972831e-16  5.0357738e-16  1.7515153e-16  
9.9291591e-17  2.9150080e-16  1.2661173e-16  -1.4693351e-16  3.1284079e-16  -3.0528329e-16  -5.3418704e-16  -8.7957732e-16  1.1424856e-16  -7.7742461e-16  -1.7647558e-17  -1.8356506e-16  -4.8079780e-17  -2.3534502e-16  -3.2779082e-17  -5.8371336e-16  3.8311169e-16  2.2855775e-17  -3.2542490e-17  2.1051264e-16  1.3373212e-16  -5.7707095e-16  -8.6361719e-17  1.4049107e-16  4.3980960e-16  9.1575547e-16  2.5949500e-16  1.0000000   -8.7056165e-16  1.6898653e-16  -1.3706507e-16  9.9291591e-17  2.9150080e-16  1.2661173e-16  -1.4693351e-16  3.1284079e-16  -3.0528329e-16  -5.3418704e-16  -8.7957732e-16  1.1424856e-16  -7.7742461e-16  -1.7647558e-17  -1.8356506e-16  -4.8079780e-17  -2.3534502e-16  -3.2779082e-17  -5.8371336e-16  3.8311169e-16  2.2855775e-17  -3.2542490e-17  2.1051264e-16  1.3373212e-16  -5.7707095e-16  -8.6361719e-17  1.4049107e-16  4.3980960e-16  9.1575547e-16  2.5949500e-16  1.0000000   -8.7056165e-16  1.6898653e-16  -1.3706507e-16  
-3.1379697e-16  -4.5332286e-17  4.4480438e-16  9.0930012e-16  -2.6789223e-16  6.5659267e-16  4.4854158e-17  -1.0621782e-16  -1.3148004e-15  1.1192210e-16  -4.9201151e-16  7.0680846e-16  -3.2132057e-16  6.6887572e-16  2.1064072e-16  5.4019419e-16  5.4998241e-16  6.1944604e-16  2.5179318e-16  -5.4341077e-16  -4.0818214e-16  1.7501927e-16  3.7371828e-16  2.0510365e-16  6.9191692e-16  -1.1657250e-15  7.8972831e-16  -8.7056165e-16  1.0000000   -5.5576448e-16  -1.1147557e-16  -3.1379697e-16  -4.5332286e-17  4.4480438e-16  9.0930012e-16  -2.6789223e-16  6.5659267e-16  4.4854158e-17  -1.0621782e-16  -1.3148004e-15  1.1192210e-16  -4.9201151e-16  7.0680846e-16  -3.2132057e-16  6.6887572e-16  2.1064072e-16  5.4019419e-16  5.4998241e-16  6.1944604e-16  2.5179318e-16  -5.4341077e-16  -4.0818214e-16  1.7501927e-16  3.7371828e-16  2.0510365e-16  6.9191692e-16  -1.1657250e-15  7.8972831e-16  -8.7056165e-16  1.0000000   -5.5576448e-16  -1.1147557e-16  
3.2604401e-16  3.8683703e-16  -1.2735399e-15  -1.4551939e-16  -7.8428038e-16  2.0665136e-16  -2.3529337e-16  -2.8087326e-16  5.6222940e-16  -3.9935392e-16  2.6220756e-16  5.7229593e-16  3.6932406e-16  3.4844128e-16  -6.1064906e-16  -7.2683500e-18  -4.3161228e-16  -1.4808294e-16  7.4544575e-16  -3.0582623e-16  -2.0250285e-16  -1.7335628e-16  9.2479689e-17  2.4838739e-16  1.3836763e-16  3.2311795e-16  5.0357738e-16  1.6898653e-16  -5.5576448e-16  1.0000000   -2.0777655e-16  3.2604401e-16  3.8683703e-16  -1.2735399e-15  -1.4551939e-16  -7.8428038e-16  2.0665136e-16  -2.3529337e-16  -2.8087326e-16  5.6222940e-16  -3.9935392e-16  2.6220756e-16  5.7229593e-16  3.6932406e-16  3.4844128e-16  -6.1064906e-16  -7.2683500e-18  -4.3161228e-16  -1.4808294e-16  7.4544575e-16  -3.0582623e-16  -2.0250285e-16  -1.7335628e-16  9.2479689e-17  2.4838739e-16  1.3836763e-16  3.2311795e-16  5.0357738e-16  1.6898653e-16  -5.5576448e-16  1.0000000   -2.0777655e-16  
-6.8663492e-16  1.6596818e-15  8.6787408e-16  5.2272007e-16  3.4001975e-16  2.0433374e-16  6.8782375e-16  -4.4755992e-16  -9.4729045e-17  4.2824479e-16  1.7090116e-16  1.9592721e-16  -4.1625341e-16  -7.3905127e-16  2.0355588e-16  -1.7387791e-16  -4.3828666e-17  -3.2152675e-16  3.7432159e-16  -4.9218775e-17  4.3627467e-16  2.3687315e-16  1.8580200e-17  -2.8505755e-16  -2.6813132e-17  -2.3624029e-16  1.7515153e-16  -1.3706507e-16  -1.1147557e-16  -2.0777655e-16  1.0000000   -6.8663492e-16  1.6596818e-15  8.6787408e-16  5.2272007e-16  3.4001975e-16  2.0433374e-16  6.8782375e-16  -4.4755992e-16  -9.4729045e-17  4.2824479e-16  1.7090116e-16  1.9592721e-16  -4.1625341e-16  -7.3905127e-16  2.0355588e-16  -1.7387791e-16  -4.3828666e-17  -3.2152675e-16  3.7432159e-16  -4.9218775e-17  4.3627467e-16  2.3687315e-16  1.8580200e-17  -2.8505755e-16  -2.6813132e-17  -2.3624029e-16  1.7515153e-16  -1.3706507e-16  -1.1147557e-16  -2.0777655e-16  1.0000000   
1.0000000   -5.8487545e-16  -2.8152834e-17  -3.3917254e-16  3.6322900e-16  2.4965701e-16  -9.3653060e-16  6.3986961e-16  -4.1626546e-16  -1.0140898e-16  1.2984916e-18  -6.6912956e-18  -2.4183429e-16  1.8251487e-16  -5.4691067e-16  -1.2853961e-16  3.1053625e-16  5.2322366e-16  2.1865886e-16  -3.1281450e-17  -5.0738736e-16  3.6962635e-16  -3.0842489e-16  -4.3827443e-16  8.5203150e-17  -3.6795611e-17  -1.4299108e-16  9.9291591e-17  -3.1379697e-16  3.2604401e-16  -6.8663492e-16  1.0000000   -5.8487545e-16  -2.8152834e-17  -3.3917254e-16  3.6322900e-16  2.4965701e-16  -9.3653060e-16  6.3986961e-16  -4.1626546e-16  -1.0140898e-16  1.2984916e-18  -6.6912956e-18  -2.4183429e-16  1.8251487e-16  -5.4691067e-16  -1.2853961e-16  3.1053625e-16  5.2322366e-16  2.1865886e-16  -3.1281450e-17  -5.0738736e-16  3.6962635e-16  -3.0842489e-16  -4.3827443e-16  8.5203150e-17  -3.6795611e-17  -1.4299108e-16  9.9291591e-17  -3.1379697e-16  3.2604401e-16  -6.8663492e-16  
-5.8487545e-16  1.0000000   -1.1900816e-16  -2.2614120e-16  7.6378500e-16  1.4665442e-16  -4.5654417e-17  5.2560650e-16  -5.6704780e-18  1.1017606e-17  -1.0793336e-15  -7.8374366e-16  -2.9151969e-17  1.9269622e-16  4.5998827e-16  1.7950263e-16  -4.5074032e-16  -7.8004540e-16  2.7009551e-16  5.0347768e-16  1.1861828e-16  -8.5955190e-16  -7.1389317e-16  2.1302380e-16  -4.2518841e-16  1.5312443e-17  -2.9231196e-16  2.9150080e-16  -4.5332286e-17  3.8683703e-16  1.6596818e-15  -5.8487545e-16  1.0000000   -1.1900816e-16  -2.2614120e-16  7.6378500e-16  1.4665442e-16  -4.5654417e-17  5.2560650e-16  -5.6704780e-18  1.1017606e-17  -1.0793336e-15  -7.8374366e-16  -2.9151969e-17  1.9269622e-16  4.5998827e-16  1.7950263e-16  -4.5074032e-16  -7.8004540e-16  2.7009551e-16  5.0347768e-16  1.1861828e-16  -8.5955190e-16  -7.1389317e-16  2.1302380e-16  -4.2518841e-16  1.5312443e-17  -2.9231196e-16  2.9150080e-16  -4.5332286e-17  3.8683703e-16  1.6596818e-15  
-2.8152834e-17  -1.1900816e-16  1.0000000   3.5079985e-16  -9.8926407e-16  5.3109287e-16  -7.3581045e-16  8.9902760e-17  -7.1115651e-16  -6.1393130e-16  -2.0439047e-16  8.4361689e-17  -2.6199405e-16  9.8605435e-17  2.9517246e-16  1.1192549e-16  -4.2137011e-17  1.0605768e-16  -2.2721318e-16  -9.5548643e-16  1.1877203e-16  -6.7297380e-16  -3.0828241e-17  3.2287201e-16  -2.5110853e-16  -1.0385105e-16  5.8643134e-16  1.2661173e-16  4.4480438e-16  -1.2735399e-15  8.6787408e-16  -2.8152834e-17  -1.1900816e-16  1.0000000   3.5079985e-16  -9.8926407e-16  5.3109287e-16  -7.3581045e-16  8.9902760e-17  -7.1115651e-16  -6.1393130e-16  -2.0439047e-16  8.4361689e-17  -2.6199405e-16  9.8605435e-17  2.9517246e-16  1.1192549e-16  -4.2137011e-17  1.0605768e-16  -2.2721318e-16  -9.5548643e-16  1.1877203e-16  -6.7297380e-16  -3.0828241e-17  3.2287201e-16  -2.5110853e-16  -1.0385105e-16  5.8643134e-16  1.2661173e-16  4.4480438e-16  -1.2735399e-15  8.6787408e-16  
-3.3917254e-16  -2.2614120e-16  3.5079985e-16  1.0000000   9.7617172e-17  6.9580124e-16  -2.3486591e-17  -1.7444333e-16  5.0389692e-17  7.9190890e-16  -2.3509796e-18  8.7649957e-17  4.8261652e-16  -1.7593774e-16  1.3689256e-16  4.4185391e-16  1.5215733e-16  6.3133289e-16  -4.0328694e-16  -1.0261568e-15  3.9998247e-16  4.0418338e-16  3.6090835e-16  -2.3791511e-16  -2.0179669e-16  -1.1090140e-15  -2.4202894e-17  -1.4693351e-16  9.0930012e-16  -1.4551939e-16  5.2272007e-16  -3.3917254e-16  -2.2614120e-16  3.5079985e-16  1.0000000   9.7617172e-17  6.9580124e-16  -2.3486591e-17  -1.7444333e-16  5.0389692e-17  7.9190890e-16  -2.3509796e-18  8.7649957e-17  4.8261652e-16  -1.7593774e-16  1.3689256e-16  4.4185391e-16  1.5215733e-16  6.3133289e-16  -4.0328694e-16  -1.0261568e-15  3.9998247e-16  4.0418338e-16  3.6090835e-16  -2.3791511e-16  -2.0179669e-16  -1.1090140e-15  -2.4202894e-17  -1.4693351e-16  9.0930012e-16  -1.4551939e-16  5.2272007e-16  
3.6322900e-16  7.6378500e-16  -9.8926407e-16  9.7617172e-17  1.0000000   9.9548025e-16  4.9058796e-17  -9.7885999e-17  -1.3212455e-16  -1.3059293e-16  8.9493108e-16  2.7539445e-16  -6.6226773e-16  -2.3188741e-16  -3.4312068e-16  4.5710437e-16  2.4441208e-16  -9.7102140e-17  1.0204351e-16  -2.6847236e-16  3.9694305e-17  -1.9271157e-16  -5.1446973e-16  3.7681130e-16  -3.0033106e-16  2.1649971e-16  2.7799274e-16  3.1284079e-16  -2.6789223e-16  -7.8428038e-16  3.4001975e-16  3.6322900e-16  7.6378500e-16  -9.8926407e-16  9.7617172e-17  1.0000000   9.9548025e-16  4.9058796e-17  -9.7885999e-17  -1.3212455e-16  -1.3059293e-16  8.9493108e-16  2.7539445e-16  -6.6226773e-16  -2.3188741e-16  -3.4312068e-16  4.5710437e-16  2.4441208e-16  -9.7102140e-17  1.0204351e-16  -2.6847236e-16  3.9694305e-17  -1.9271157e-16  -5.1446973e-16  3.7681130e-16  -3.0033106e-16  2.1649971e-16  2.7799274e-16  3.1284079e-16  -2.6789223e-16  -7.8428038e-16  3.4001975e-16  
2.4965701e-16  1.4665442e-16  5.3109287e-16  6.9580124e-16  9.9548025e-16  1.0000000   -3.6751827e-16  -2.1360348e-17  -2.8163244e-16  -7.1041774e-16  -5.3039468e-17  -3.0536501e-17  4.3841633e-16  4.0641115e-16  3.4241767e-16  -4.9175239e-16  1.0519855e-16  -7.5287485e-16  7.2277205e-17  -1.9582370e-16  3.2539225e-16  3.3000792e-16  -5.6564921e-16  4.1630020e-16  -4.5440134e-16  -3.3224216e-16  3.2003486e-16  -3.0528329e-16  6.5659267e-16  2.0665136e-16  2.0433374e-16  2.4965701e-16  1.4665442e-16  5.3109287e-16  6.9580124e-16  9.9548025e-16  1.0000000   -3.6751827e-16  -2.1360348e-17  -2.8163244e-16  -7.1041774e-16  -5.3039468e-17  -3.0536501e-17  4.3841633e-16  4.0641115e-16  3.4241767e-16  -4.9175239e-16  1.0519855e-16  -7.5287485e-16  7.2277205e-17  -1.9582370e-16  3.2539225e-16  3.3000792e-16  -5.6564921e-16  4.1630020e-16  -4.5440134e-16  -3.3224216e-16  3.2003486e-16  -3.0528329e-16  6.5659267e-16  2.0665136e-16  2.0433374e-16  
-9.3653060e-16  -4.5654417e-17  -7.3581045e-16  -2.3486591e-17  4.9058796e-17  -3.6751827e-16  1.0000000   1.6114317e-16  -2.3552953e-16  -5.3224448e-17  3.2465498e-16  1.3899540e-15  -2.9077151e-16  1.3500820e-15  1.6160446e-16  -2.2271393e-16  -1.3613563e-16  9.4989520e-16  3.4508756e-16  6.1197540e-16  -8.1809060e-16  -6.0946272e-17  4.8625795e-16  7.9710410e-17  3.3110897e-16  9.0718166e-16  1.7864374e-16  -5.3418704e-16  4.4854158e-17  -2.3529337e-16  6.8782375e-16  -9.3653060e-16  -4.5654417e-17  -7.3581045e-16  -2.3486591e-17  4.9058796e-17  -3.6751827e-16  1.0000000   1.6114317e-16  -2.3552953e-16  -5.3224448e-17  3.2465498e-16  1.3899540e-15  -2.9077151e-16  1.3500820e-15  1.6160446e-16  -2.2271393e-16  -1.3613563e-16  9.4989520e-16  3.4508756e-16  6.1197540e-16  -8.1809060e-16  -6.0946272e-17  4.8625795e-16  7.9710410e-17  3.3110897e-16  9.0718166e-16  1.7864374e-16  -5.3418704e-16  4.4854158e-17  -2.3529337e-16  6.8782375e-16  
6.3986961e-16  5.2560650e-16  8.9902760e-17  -1.7444333e-16  -9.7885999e-17  -2.1360348e-17  1.6114317e-16  1.0000000   -4.1056097e-16  6.0183445e-17  4.1310914e-16  8.1236349e-16  -6.1573915e-16  -2.7979089e-16  -5.5006446e-16  4.6528883e-16  3.7865633e-16  -4.3550724e-16  2.1745658e-16  5.8856744e-16  -8.6202432e-17  5.7449447e-16  3.5238652e-16  7.7414457e-17  1.2277345e-16  -1.9164617e-17  6.9978903e-16  -8.7957732e-16  -1.0621782e-16  -2.8087326e-16  -4.4755992e-16  6.3986961e-16  5.2560650e-16  8.9902760e-17  -1.7444333e-16  -9.7885999e-17  -2.1360348e-17  1.6114317e-16  1.0000000   -4.1056097e-16  6.0183445e-17  4.1310914e-16  8.1236349e-16  -6.1573915e-16  -2.7979089e-16  -5.5006446e-16  4.6528883e-16  3.7865633e-16  -4.3550724e-16  2.1745658e-16  5.8856744e-16  -8.6202432e-17  5.7449447e-16  3.5238652e-16  7.7414457e-17  1.2277345e-16  -1.9164617e-17  6.9978903e-16  -8.7957732e-16  -1.0621782e-16  -2.8087326e-16  -4.4755992e-16  
-4.1626546e-16  -5.6704780e-18  -7.1115651e-16  5.0389692e-17  -1.3212455e-16  -2.8163244e-16  -2.3552953e-16  -4.1056097e-16  1.0000000   2.4641319e-17  7.4539010e-17  -2.2283520e-16  3.3414712e-16  -4.4854568e-16  -3.9455676e-16  2.1634903e-16  3.3090735e-16  -1.1540759e-15  -5.9239820e-16  2.4866657e-16  -5.0975568e-16  2.2498509e-16  1.9709934e-17  -9.8334105e-16  -1.0276221e-16  -5.6560238e-16  1.9102779e-16  1.1424856e-16  -1.3148004e-15  5.6222940e-16  -9.4729045e-17  -4.1626546e-16  -5.6704780e-18  -7.1115651e-16  5.0389692e-17  -1.3212455e-16  -2.8163244e-16  -2.3552953e-16  -4.1056097e-16  1.0000000   2.4641319e-17  7.4539010e-17  -2.2283520e-16  3.3414712e-16  -4.4854568e-16  -3.9455676e-16  2.1634903e-16  3.3090735e-16  -1.1540759e-15  -5.9239820e-16  2.4866657e-16  -5.0975568e-16  2.2498509e-16  1.9709934e-17  -9.8334105e-16  -1.0276221e-16  -5.6560238e-16  1.9102779e-16  1.1424856e-16  -1.3148004e-15  5.6222940e-16  -9.4729045e-17  
-1.0140898e-16  1.1017606e-17  -6.1393130e-16  7.9190890e-16  -1.3059293e-16  -7.1041774e-16  -5.3224448e-17  6.0183445e-17  2.4641319e-17  1.0000000   1.9553357e-16  -9.2374311e-17  -4.4156301e-16  -4.8171582e-16  -4.2933996e-16  8.9876623e-16  5.0745042e-16  -2.6170325e-16  -4.5894897e-16  3.9202122e-16  3.9088349e-16  -3.6519606e-16  1.5178328e-16  -4.8119878e-16  2.6330605e-16  -2.3196249e-17  5.4852150e-16  -7.7742461e-16  1.1192210e-16  -3.9935392e-16  4.2824479e-16  -1.0140898e-16  1.1017606e-17  -6.1393130e-16  7.9190890e-16  -1.3059293e-16  -7.1041774e-16  -5.3224448e-17  6.0183445e-17  2.4641319e-17  1.0000000   1.9553357e-16  -9.2374311e-17  -4.4156301e-16  -4.8171582e-16  -4.2933996e-16  8.9876623e-16  5.0745042e-16  -2.6170325e-16  -4.5894897e-16  3.9202122e-16  3.9088349e-16  -3.6519606e-16  1.5178328e-16  -4.8119878e-16  2.6330605e-16  -2.3196249e-17  5.4852150e-16  -7.7742461e-16  1.1192210e-16  -3.9935392e-16  4.2824479e-16  
