1.0000000   -7.3887002e-17  -2.2357112e-16  -1.3909631e-16  6.5585022e-17  -4.4482134e-16  4.1818070e-16  5.0437199e-16  -1.9544370e-16  3.1982875e-16  6.3827562e-17  3.9161192e-17  -1.1251746e-16  -3.3508863e-16  2.7940317e-16  -1.6946346e-16  -1.4695163e-16  9.5354330e-17  5.5132197e-17  -1.7915916e-16  2.2939111e-16  7.5559652e-16  2.2272252e-16  4.7534568e-17  -5.6842945e-17  -3.6260869e-16  3.4705210e-16  9.2387783e-17  6.3389358e-16  -4.8650354e-16  1.5462628e-16  1.0000000   -7.3887002e-17  -2.2357112e-16  -1.3909631e-16  6.5585022e-17  -4.4482134e-16  4.1818070e-16  5.0437199e-16  -1.9544370e-16  3.1982875e-16  6.3827562e-17  3.9161192e-17  -1.1251746e-16  -3.3508863e-16  2.7940317e-16  -1.6946346e-16  -1.4695163e-16  9.5354330e-17  5.5132197e-17  -1.7915916e-16  2.2939111e-16  7.5559652e-16  2.2272252e-16  4.7534568e-17  -5.6842945e-17  -3.6260869e-16  3.4705210e-16  9.2387783e-17  6.3389358e-16  -4.8650354e-16  1.5462628e-16  
-7.3887002e-17  1.0000000   3.5572506e-16  -4.6980755e-17  6.3440108e-16  -1.5742220e-16  3.1128350e-16  1.5431590e-17  7.8190080e-16  -3.8785245e-16  3.5443102e-16  -5.5903787e-16  -2.0368247e-16  -1.0859737e-16  2.0057030e-16  -2.6959648e-16  4.9032619e-17  -3.0466974e-17  -9.3263691e-16  7.3577125e-16  -3.3457760e-16  -6.2305512e-16  1.5434623e-16  -1.3474146e-16  1.0576021e-16  -5.9259883e-16  3.6782255e-16  -9.9816768e-17  -2.0035736e-16  8.1626760e-16  6.6001009e-16  -7.3887002e-17  1.0000000   3.5572506e-16  -4.6980755e-17  6.3440108e-16  -1.5742220e-16  3.1128350e-16  1.5431590e-17  7.8190080e-16  -3.8785245e-16  3.5443102e-16  -5.5903787e-16  -2.0368247e-16  -1.0859737e-16  2.0057030e-16  -2.6959648e-16  4.9032619e-17  -3.0466974e-17  -9.3263691e-16  7.3577125e-16  -3.3457760e-16  -6.2305512e-16  1.5434623e-16  -1.3474146e-16  1.0576021e-16  -5.9259883e-16  3.6782255e-16  -9.9816768e-17  -2.0035736e-16  8.1626760e-16  6.6001009e-16  
-2.2357112e-16  3.5572506e-16  1.0000000   7.4509257e-17  1.3858853e-16  5.3307436e-16  2.4771322e-16  6.0116162e-16  5.6045937e-17  7.1662254e-16  1.9784172e-16  -2.2287214e-16  -2.3327725e-16  -1.7524633e-16  5.9865123e-16  8.0768545e-18  -1.1168896e-16  -4.2606723e-17  4.3035874e-16  -3.2479951e-16  2.1352191e-16  2.8544494e-16  -3.7499873e-16  2.1138029e-16  -1.9546906e-16  1.7057682e-16  9.0507654e-17  1.0010278e-16  -7.1491524e-16  7.5926437e-16  2.8153288e-16  -2.2357112e-16  3.5572506e-16  1.0000000   7.4509257e-17  1.3858853e-16  5.3307436e-16  2.4771322e-16  6.0116162e-16  5.6045937e-17  7.1662254e-16  1.9784172e-16  -2.2287214e-16  -2.3327725e-16  -1.7524633e-16  5.9865123e-16  8.0768545e-18  -1.1168896e-16  -4.2606723e-17  4.3035874e-16  -3.2479951e-16  2.1352191e-16  2.8544494e-16  -3.7499873e-16  2.1138029e-16  -1.9546906e-16  1.7057682e-16  9.0507654e-17  1.0010278e-16  -7.1491524e-16  7.5926437e-16  2.8153288e-16  
-1.3909631e-16  -4.6980755e-17  7.4509257e-17  1.0000000   3.3880568e-16  -9.7463980e-16  1.1647958e-15  -4.8680077e-16  -4.5428872e-16  3.5646813e-16  1.0027956e-15  -5.0698134e-16  -7.3304372e-16  -6.6692082e-18  -6.5280832e-17  3.3252761e-16  -6.5139990e-16  -4.2184515e-16  -3.7555484e-16  -2.4740356e-16  3.6085860e-16  -6.2591265e-17  3.7631049e-16  -9.0138140e-17  2.4962491e-18  3.8716680e-17  -1.8182600e-16  3.0374439e-16  5.5765653e-16  -7.3221609e-16  2.3089751e-16  -1.3909631e-16  -4.6980755e-17  7.4509257e-17  1.0000000   3.3880568e-16  -9.7463980e-16  1.1647958e-15  -4.8680077e-16  -4.5428872e-16  3.5646813e-16  1.0027956e-15  -5.0698134e-16  -7.3304372e-16  -6.6692082e-18  -6.5280832e-17  3.3252761e-16  -6.5139990e-16  -4.2184515e-16  -3.7555484e-16  -2.4740356e-16  3.6085860e-16  -6.2591265e-17  3.7631049e-16  -9.0138140e-17  2.4962491e-18  3.8716680e-17  -1.8182600e-16  3.0374439e-16  5.5765653e-16  -7.3221609e-16  2.3089751e-16  
6.5585022e-17  6.3440108e-16  1.3858853e-16  3.3880568e-16  1.0000000   -1.3655795e-16  -4.4866419e-16  -2.2218996e-17  5.1963783e-16  3.9400280e-16  7.6175157e-17  -4.3761987e-16  2.3279741e-16  -4.2834591e-16  6.0297945e-17  -1.6715122e-16  -4.2836420e-16  1.1405434e-15  4.4140936e-16  9.2393351e-17  6.2515219e-16  -4.4031370e-16  -5.2524167e-16  -1.4497253e-16  4.8911512e-16  -3.6717068e-16  1.0299239e-17  1.2298611e-16  3.8535691e-16  3.7929068e-16  -1.1322582e-16  6.5585022e-17  6.3440108e-16  1.3858853e-16  3.3880568e-16  1.0000000   -1.3655795e-16  -4.4866419e-16  -2.2218996e-17  5.1963783e-16  3.9400280e-16  7.6175157e-17  -4.3761987e-16  2.3279741e-16  -4.2834591e-16  6.0297945e-17  -1.6715122e-16  -4.2836420e-16  1.1405434e-15  4.4140936e-16  9.2393351e-17  6.2515219e-16  -4.4031370e-16  -5.2524167e-16  -1.4497253e-16  4.8911512e-16  -3.6717068e-16  1.0299239e-17  1.2298611e-16  3.8535691e-16  3.7929068e-16  -1.1322582e-16  
-4.4482134e-16  -1.5742220e-16  5.3307436e-16  -9.7463980e-16  -1.3655795e-16  1.0000000   -5.6525680e-16  6.3411400e-16  5.7239672e-16  3.5736354e-16  -2.6437602e-16  1.4537022e-16  -6.6581422e-16  -2.9550806e-17  -1.1909141e-16  -3.8712742e-16  4.2364630e-16  -7.1577623e-16  1.5827214e-17  -1.4041429e-16  6.8335705e-16  2.2359600e-16  -7.8535274e-18  6.5671251e-16  -5.4834379e-16  -5.7955089e-16  6.6654296e-19  -6.4419890e-17  -4.2966051e-16  1.0798067e-15  5.8262195e-16  -4.4482134e-16  -1.5742220e-16  5.3307436e-16  -9.7463980e-16  -1.3655795e-16  1.0000000   -5.6525680e-16  6.3411400e-16  5.7239672e-16  3.5736354e-16  -2.6437602e-16  1.4537022e-16  -6.6581422e-16  -2.9550806e-17  -1.1909141e-16  -3.8712742e-16  4.2364630e-16  -7.1577623e-16  1.5827214e-17  -1.4041429e-16  6.8335705e-16  2.2359600e-16  -7.8535274e-18  6.5671251e-16  -5.4834379e-16  -5.7955089e-16  6.6654296e-19  -6.4419890e-17  -4.2966051e-16  1.0798067e-15  5.8262195e-16  
4.1818070e-16  3.1128350e-16  2.4771322e-16  1.1647958e-15  -4.4866419e-16  -5.6525680e-16  1.0000000   -5.8767394e-17  1.8162132e-16  -1.0752186e-16  4.3291371e-16  -2.5780455e-16  1.6891611e-16  7.0824761e-16  2.6808276e-16  -2.1130355e-16  -1.4662684e-17  4.1355666e-16  -1.8334673e-16  2.3579946e-16  -4.0688279e-16  2.1879867e-16  -1.0240285e-16  1.6961709e-16  8.1951629e-16  1.6422656e-16  1.1963772e-16  -8.9918692e-17  7.3820690e-16  -2.0661088e-16  -3.7903465e-17  4.1818070e-16  3.1128350e-16  2.4771322e-16  1.1647958e-15  -4.4866419e-16  -5.6525680e-16  1.0000000   -5.8767394e-17  1.8162132e-16  -1.0752186e-16  4.3291371e-16  -2.5780455e-16  1.6891611e-16  7.0824761e-16  2.6808276e-16  -2.1130355e-16  -1.4662684e-17  4.1355666e-16  -1.8334673e-16  2.3579946e-16  -4.0688279e-16  2.1879867e-16  -1.0240285e-16  1.6961709e-16  8.1951629e-16  1.6422656e-16  1.1963772e-16  -8.9918692e-17  7.3820690e-16  -2.0661088e-16  -3.7903465e-17  
5.0437199e-16  1.5431590e-17  6.0116162e-16  -4.8680077e-16  -2.2218996e-17  6.3411400e-16  -5.8767394e-17  1.0000000   3.7679194e-16  -1.1973825e-16  -7.1921817e-16  3.3982170e-16  -6.5311614e-17  -6.9654827e-16  5.5292450e-16  -1.2927543e-16  7.3803815e-16  2.6857959e-17  -1.7780226e-16  1.8928345e-16  -2.6477658e-16  9.4659139e-16  5.8391670e-16  -1.9685100e-16  -2.2533776e-16  -5.5811219e-16  -1.2559160e-16  6.5802968e-16  -1.3027785e-15  -6.7538812e-17  -1.3006667e-16  5.0437199e-16  1.5431590e-17  6.0116162e-16  -4.8680077e-16  -2.2218996e-17  6.3411400e-16  -5.8767394e-17  1.0000000   3.7679194e-16  -1.1973825e-16  -7.1921817e-16  3.3982170e-16  -6.5311614e-17  -6.9654827e-16  5.5292450e-16  -1.2927543e-16  7.3803815e-16  2.6857959e-17  -1.7780226e-16  1.8928345e-16  -2.6477658e-16  9.4659139e-16  5.8391670e-16  -1.9685100e-16  -2.2533776e-16  -5.5811219e-16  -1.2559160e-16  6.5802968e-16  -1.3027785e-15  -6.7538812e-17  -1.3006667e-16  
-1.9544370e-16  7.8190080e-16  5.6045937e-17  -4.5428872e-16  5.1963783e-16  5.7239672e-16  1.8162132e-16  3.7679194e-16  1.0000000   -1.1069311e-15  -8.4703606e-16  3.7824329e-17  3.8070333e-16  4.4685475e-16  3.8744241e-16  3.9143479e-16  -2.3481745e-16  -2.3279547e-16  4.4944921e-17  -2.8506407e-17  -4.5387263e-16  9.3222768e-16  -4.2296966e-17  -1.9321811e-16  -5.4668229e-17  3.9271477e-17  5.7080561e-16  1.2546113e-16  3.1898894e-16  -2.5918066e-16  4.5501682e-16  -1.9544370e-16  7.8190080e-16  5.6045937e-17  -4.5428872e-16  5.1963783e-16  5.7239672e-16  1.8162132e-16  3.7679194e-16  1.0000000   -1.1069311e-15  -8.4703606e-16  3.7824329e-17  3.8070333e-16  4.4685475e-16  3.8744241e-16  3.9143479e-16  -2.3481745e-16  -2.3279547e-16  4.4944921e-17  -2.8506407e-17  -4.5387263e-16  9.3222768e-16  -4.2296966e-17  -1.9321811e-16  -5.4668229e-17  3.9271477e-17  5.7080561e-16  1.2546113e-16  3.1898894e-16  -2.5918066e-16  4.5501682e-16  
3.1982875e-16  -3.8785245e-16  7.1662254e-16  3.5646813e-16  3.9400280e-16  3.5736354e-16  -1.0752186e-16  -1.1973825e-16  -1.1069311e-15  1.0000000   2.4721795e-16  2.3838446e-16  -3.2239684e-16  4.7948541e-16  6.0663458e-16  -1.2335352e-16  -4.6039968e-16  -1.6349906e-17  -5.7303652e-17  -3.1630965e-16  3.2660789e-16  2.9300929e-16  -2.7646736e-16  -1.1750401e-15  -4.4977628e-17  5.5720052e-16  4.6930005e-16  1.3569358e-16  2.2201177e-17  2.9618592e-16  -9.5130869e-17  3.1982875e-16  -3.8785245e-16  7.1662254e-16  3.5646813e-16  3.9400280e-16  3.5736354e-16  -1.0752186e-16  -1.1973825e-16  -1.1069311e-15  1.0000000   2.4721795e-16  2.3838446e-16  -3.2239684e-16  4.7948541e-16  6.0663458e-16  -1.2335352e-16  -4.6039968e-16  -1.6349906e-17  -5.7303652e-17  -3.1630965e-16  3.2660789e-16  2.9300929e-16  -2.7646736e-16  -1.1750401e-15  -4.4977628e-17  5.5720052e-16  4.6930005e-16  1.3569358e-16  2.2201177e-17  2.9618592e-16  -9.5130869e-17  
6.3827562e-17  3.5443102e-16  1.9784172e-16  1.0027956e-15  7.6175157e-17  -2.6437602e-16  4.3291371e-16  -7.1921817e-16  -8.4703606e-16  2.4721795e-16  1.0000000   -1.9243531e-16  -5.9849861e-16  5.9839408e-16  1.9654921e-16  -3.8702502e-17  -8.3467062e-16  7.7670689e-16  -2.1651775e-16  7.3015690e-16  4.0548443e-16  -6.3590494e-16  4.1571052e-16  -2.5951313e-16  -3.3448447e-16  -1.7286473e-16  2.7699061e-16  2.1605087e-16  4.6590926e-16  -6.9268894e-16  -4.5033364e-16  6.3827562e-17  3.5443102e-16  1.9784172e-16  1.0027956e-15  7.6175157e-17  -2.6437602e-16  4.3291371e-16  -7.1921817e-16  -8.4703606e-16  2.4721795e-16  1.0000000   -1.9243531e-16  -5.9849861e-16  5.9839408e-16  1.9654921e-16  -3.8702502e-17  -8.3467062e-16  7.7670689e-16  -2.1651775e-16  7.3015690e-16  4.0548443e-16  -6.3590494e-16  4.1571052e-16  -2.5951313e-16  -3.3448447e-16  -1.7286473e-16  2.7699061e-16  2.1605087e-16  4.6590926e-16  -6.9268894e-16  -4.5033364e-16  
3.9161192e-17  -5.5903787e-16  -2.2287214e-16  -5.0698134e-16  -4.3761987e-16  1.4537022e-16  -2.5780455e-16  3.3982170e-16  3.7824329e-17  2.3838446e-16  -1.9243531e-16  1.0000000   1.9045370e-16  4.8338667e-16  -7.3290728e-17  -3.9317597e-16  -3.6984249e-16  -1.0202906e-16  1.2706475e-16  2.5308639e-16  2.2838024e-16  -2.4734315e-16  2.8237689e-16  -6.3350175e-16  1.7074953e-16  -1.6611499e-16  2.3486980e-16  -3.1347452e-16  -2.3704049e-16  -4.9889968e-16  -4.8130939e-16  3.9161192e-17  -5.5903787e-16  -2.2287214e-16  -5.0698134e-16  -4.3761987e-16  1.4537022e-16  -2.5780455e-16  3.3982170e-16  3.7824329e-17  2.3838446e-16  -1.9243531e-16  1.0000000   1.9045370e-16  4.8338667e-16  -7.3290728e-17  -3.9317597e-16  -3.6984249e-16  -1.0202906e-16  1.2706475e-16  2.5308639e-16  2.2838024e-16  -2.4734315e-16  2.8237689e-16  -6.3350175e-16  1.7074953e-16  -1.6611499e-16  2.3486980e-16  -3.1347452e-16  -2.3704049e-16  -4.9889968e-16  -4.8130939e-16  
-1.1251746e-16  -2.0368247e-16  -2.3327725e-16  -7.3304372e-16  2.3279741e-16  -6.6581422e-16  1.6891611e-16  -6.5311614e-17  3.8070333e-16  -3.2239684e-16  -5.9849861e-16  1.9045370e-16  1.0000000   4.1306499e-16  2.2210213e-16  9.3203832e-16  -6.9510980e-16  8.8345344e-16  -4.4768361e-16  3.8375382e-16  9.2094928e-17  -5.9785055e-16  -7.3881178e-17  4.8027708e-16  6.2248504e-16  -8.4724385e-17  -7.3927848e-17  3.6187923e-16  -4.9268890e-16  -4.5081732e-16  5.9329556e-17  -1.1251746e-16  -2.0368247e-16  -2.3327725e-16  -7.3304372e-16  2.3279741e-16  -6.6581422e-16  1.6891611e-16  -6.5311614e-17  3.8070333e-16  -3.2239684e-16  -5.9849861e-16  1.9045370e-16  1.0000000   4.1306499e-16  2.2210213e-16  9.3203832e-16  -6.9510980e-16  8.8345344e-16  -4.4768361e-16  3.8375382e-16  9.2094928e-17  -5.9785055e-16  -7.3881178e-17  4.8027708e-16  6.2248504e-16  -8.4724385e-17  -7.3927848e-17  3.6187923e-16  -4.9268890e-16  -4.5081732e-16  5.9329556e-17  
-3.3508863e-16  -1.0859737e-16  -1.7524633e-16  -6.6692082e-18  -4.2834591e-16  -2.9550806e-17  7.0824761e-16  -6.9654827e-16  4.4685475e-16  4.7948541e-16  5.9839408e-16  4.8338667e-16  4.1306499e-16  1.0000000   1.7282282e-16  -3.5518632e-16  -1.1586346e-16  3.9841690e-17  -3.3326863e-16  -3.3726078e-16  1.1056126e-15  2.7612245e-16  -2.1472016e-16  -1.7496951e-16  -3.6173374e-16  9.5371385e-17  -4.7374113e-17  -4.2700108e-16  4.5489831e-16  1.5979717e-17  5.3942739e-17  -3.3508863e-16  -1.0859737e-16  -1.7524633e-16  -6.6692082e-18  -4.2834591e-16  -2.9550806e-17  7.0824761e-16  -6.9654827e-16  4.4685475e-16  4.7948541e-16  5.9839408e-16  4.8338667e-16  4.1306499e-16  1.0000000   1.7282282e-16  -3.5518632e-16  -1.1586346e-16  3.9841690e-17  -3.3326863e-16  -3.3726078e-16  1.1056126e-15  2.7612245e-16  -2.1472016e-16  -1.7496951e-16  -3.6173374e-16  9.5371385e-17  -4.7374113e-17  -4.2700108e-16  4.5489831e-16  1.5979717e-17  5.3942739e-17  
2.7940317e-16  2.0057030e-16  5.9865123e-16  -6.5280832e-17  6.0297945e-17  -1.1909141e-16  2.6808276e-16  5.5292450e-16  3.8744241e-16  6.0663458e-16  1.9654921e-16  -7.3290728e-17  2.2210213e-16  1.7282282e-16  1.0000000   -5.9666875e-16  1.7428838e-16  4.2651849e-16  -3.8924964e-16  -2.4519475e-16  -3.2007914e-16  -3.2087728e-16  -1.6442574e-16  7.9940272e-16  3.3609242e-18  -4.5153457e-16  -5.0368831e-16  1.7308558e-16  4.6737246e-16  6.5544373e-16  1.1967730e-16  2.7940317e-16  2.0057030e-16  5.9865123e-16  -6.5280832e-17  6.0297945e-17  -1.1909141e-16  2.6808276e-16  5.5292450e-16  3.8744241e-16  6.0663458e-16  1.9654921e-16  -7.3290728e-17  2.2210213e-16  1.7282282e-16  1.0000000   -5.9666875e-16  1.7428838e-16  4.2651849e-16  -3.8924964e-16  -2.4519475e-16  -3.2007914e-16  -3.2087728e-16  -1.6442574e-16  7.9940272e-16  3.3609242e-18  -4.5153457e-16  -5.0368831e-16  1.7308558e-16  4.6737246e-16  6.5544373e-16  1.1967730e-16  
-1.6946346e-16  -2.6959648e-16  8.0768545e-18  3.3252761e-16  -1.6715122e-16  -3.8712742e-16  -2.1130355e-16  -1.2927543e-16  3.9143479e-16  -1.2335352e-16  -3.8702502e-17  -3.9317597e-16  9.3203832e-16  -3.5518632e-16  -5.9666875e-16  1.0000000   -2.5113178e-16  -6.3501922e-16  -2.9217738e-16  9.5212833e-17  -1.9833774e-17  1.4796311e-17  3.0129227e-16  4.9289975e-17  6.2191126e-17  -2.4430583e-16  -2.2529869e-18  -9.3838572e-17  4.6607244e-16  6.3569158e-16  -5.0525290e-16  -1.6946346e-16  -2.6959648e-16  8.0768545e-18  3.3252761e-16  -1.6715122e-16  -3.8712742e-16  -2.1130355e-16  -1.2927543e-16  3.9143479e-16  -1.2335352e-16  -3.8702502e-17  -3.9317597e-16  9.3203832e-16  -3.5518632e-16  -5.9666875e-16  1.0000000   -2.5113178e-16  -6.3501922e-16  -2.9217738e-16  9.5212833e-17  -1.9833774e-17  1.4796311e-17  3.0129227e-16  4.9289975e-17  6.2191126e-17  -2.4430583e-16  -2.2529869e-18  -9.3838572e-17  4.6607244e-16  6.3569158e-16  -5.0525290e-16  
-1.4695163e-16  4.9032619e-17  -1.1168896e-16  -6.5139990e-16  -4.2836420e-16  4.2364630e-16  -1.4662684e-17  7.3803815e-16  -2.3481745e-16  -4.6039968e-16  -8.3467062e-16  -3.6984249e-16  -6.9510980e-16  -1.1586346e-16  1.7428838e-16  -2.5113178e-16  1.0000000   -4.3167280e-16  -3.1350467e-17  7.9680484e-17  9.5765536e-17  1.6387325e-18  -6.8406957e-16  -5.7501402e-16  -1.4667259e-17  4.2857848e-17  -2.1285491e-16  9.1126036e-16  -1.3926346e-15  -1.7751511e-16  1.4228723e-16  -1.4695163e-16  4.9032619e-17  -1.1168896e-16  -6.5139990e-16  -4.2836420e-16  4.2364630e-16  -1.4662684e-17  7.3803815e-16  -2.3481745e-16  -4.6039968e-16  -8.3467062e-16  -3.6984249e-16  -6.9510980e-16  -1.1586346e-16  1.7428838e-16  -2.5113178e-16  1.0000000   -4.3167280e-16  -3.1350467e-17  7.9680484e-17  9.5765536e-17  1.6387325e-18  -6.8406957e-16  -5.7501402e-16  -1.4667259e-17  4.2857848e-17  -2.1285491e-16  9.1126036e-16  -1.3926346e-15  -1.7751511e-16  1.4228723e-16  
9.5354330e-17  -3.0466974e-17  -4.2606723e-17  -4.2184515e-16  1.1405434e-15  -7.1577623e-16  4.1355666e-16  2.6857959e-17  -2.3279547e-16  -1.6349906e-17  7.7670689e-16  -1.0202906e-16  8.8345344e-16  3.9841690e-17  4.2651849e-16  -6.3501922e-16  -4.3167280e-16  1.0000000   -3.6886182e-16  -1.3423727e-16  -3.7447320e-16  -4.2307252e-16  -6.6719310e-17  5.0530813e-16  -2.9839769e-16  -3.0067342e-16  6.1355411e-17  1.8854417e-17  -1.8404610e-17  6.6385333e-16  4.1735428e-16  9.5354330e-17  -3.0466974e-17  -4.2606723e-17  -4.2184515e-16  1.1405434e-15  -7.1577623e-16  4.1355666e-16  2.6857959e-17  -2.3279547e-16  -1.6349906e-17  7.7670689e-16  -1.0202906e-16  8.8345344e-16  3.9841690e-17  4.2651849e-16  -6.3501922e-16  -4.3167280e-16  1.0000000   -3.6886182e-16  -1.3423727e-16  -3.7447320e-16  -4.2307252e-16  -6.6719310e-17  5.0530813e-16  -2.9839769e-16  -3.0067342e-16  6.1355411e-17  1.8854417e-17  -1.8404610e-17  6.6385333e-16  4.1735428e-16  
5.5132197e-17  -9.3263691e-16  4.3035874e-16  -3.7555484e-16  4.4140936e-16  1.5827214e-17  -1.8334673e-16  -1.7780226e-16  4.4944921e-17  -5.7303652e-17  -2.1651775e-16  1.2706475e-16  -4.4768361e-16  -3.3326863e-16  -3.8924964e-16  -2.9217738e-16  -3.1350467e-17  -3.6886182e-16  1.0000000   -4.7332400e-17  2.8943827e-17  3.0845077e-16  9.4477006e-17  2.2252916e-16  -3.4397065e-17  -1.2096461e-17  3.1242375e-16  -1.2888782e-16  -5.4134031e-16  -2.5832941e-16  -1.0210350e-15  5.5132197e-17  -9.3263691e-16  4.3035874e-16  -3.7555484e-16  4.4140936e-16  1.5827214e-17  -1.8334673e-16  -1.7780226e-16  4.4944921e-17  -5.7303652e-17  -2.1651775e-16  1.2706475e-16  -4.4768361e-16  -3.3326863e-16  -3.8924964e-16  -2.9217738e-16  -3.1350467e-17  -3.6886182e-16  1.0000000   -4.7332400e-17  2.8943827e-17  3.0845077e-16  9.4477006e-17  2.2252916e-16  -3.4397065e-17  -1.2096461e-17  3.1242375e-16  -1.2888782e-16  -5.4134031e-16  -2.5832941e-16  -1.0210350e-15  
-1.7915916e-16  7.3577125e-16  -3.2479951e-16  -2.4740356e-16  9.2393351e-17  -1.4041429e-16  2.3579946e-16  1.8928345e-16  -2.8506407e-17  -3.1630965e-16  7.3015690e-16  2.5308639e-16  3.8375382e-16  -3.3726078e-16  -2.4519475e-16  9.5212833e-17  7.9680484e-17  -1.3423727e-16  -4.7332400e-17  1.0000000   -3.9919487e-16  2.3867113e-16  -2.3601162e-16  -1.0859413e-15  -6.1976715e-16  5.1466615e-16  9.6260643e-16  5.2574186e-16  -6.2907663e-16  -1.1283447e-15  4.9829044e-17  -1.7915916e-16  7.3577125e-16  -3.2479951e-16  -2.4740356e-16  9.2393351e-17  -1.4041429e-16  2.3579946e-16  1.8928345e-16  -2.8506407e-17  -3.1630965e-16  7.3015690e-16  2.5308639e-16  3.8375382e-16  -3.3726078e-16  -2.4519475e-16  9.5212833e-17  7.9680484e-17  -1.3423727e-16  -4.7332400e-17  1.0000000   -3.9919487e-16  2.3867113e-16  -2.3601162e-16  -1.0859413e-15  -6.1976715e-16  5.1466615e-16  9.6260643e-16  5.2574186e-16  -6.2907663e-16  -1.1283447e-15  4.9829044e-17  
2.2939111e-16  -3.3457760e-16  2.1352191e-16  3.6085860e-16  6.2515219e-16  6.8335705e-16  -4.0688279e-16  -2.6477658e-16  -4.5387263e-16  3.2660789e-16  4.0548443e-16  2.2838024e-16  9.2094928e-17  1.1056126e-15  -3.2007914e-16  -1.9833774e-17  9.5765536e-17  -3.7447320e-16  2.8943827e-17  -3.9919487e-16  1.0000000   2.6963208e-16  -1.7163648e-16  -4.9857824e-16  4.1545116e-16  3.5675914e-16  -2.9862724e-16  8.5287559e-17  2.3786630e-16  4.1208442e-16  -8.1391320e-16  2.2939111e-16  -3.3457760e-16  2.1352191e-16  3.6085860e-16  6.2515219e-16  6.8335705e-16  -4.0688279e-16  -2.6477658e-16  -4.5387263e-16  3.2660789e-16  4.0548443e-16  2.2838024e-16  9.2094928e-17  1.1056126e-15  -3.2007914e-16  -1.9833774e-17  9.5765536e-17  -3.7447320e-16  2.8943827e-17  -3.9919487e-16  1.0000000   2.6963208e-16  -1.7163648e-16  -4.9857824e-16  4.1545116e-16  3.5675914e-16  -2.9862724e-16  8.5287559e-17  2.3786630e-16  4.1208442e-16  -8.1391320e-16  
7.5559652e-16  -6.2305512e-16  2.8544494e-16  -6.2591265e-17  -4.4031370e-16  2.2359600e-16  2.1879867e-16  9.4659139e-16  9.3222768e-16  2.9300929e-16  -6.3590494e-16  -2.4734315e-16  -5.9785055e-16  2.7612245e-16  -3.2087728e-16  1.4796311e-17  1.6387325e-18  -4.2307252e-16  3.0845077e-16  2.3867113e-16  2.6963208e-16  1.0000000   4.3855263e-18  1.2963386e-15  2.6024539e-16  3.5643956e-16  -7.0885446e-16  -6.6368402e-16  6.9890592e-16  5.4174050e-16  -6.1901216e-17  7.5559652e-16  -6.2305512e-16  2.8544494e-16  -6.2591265e-17  -4.4031370e-16  2.2359600e-16  2.1879867e-16  9.4659139e-16  9.3222768e-16  2.9300929e-16  -6.3590494e-16  -2.4734315e-16  -5.9785055e-16  2.7612245e-16  -3.2087728e-16  1.4796311e-17  1.6387325e-18  -4.2307252e-16  3.0845077e-16  2.3867113e-16  2.6963208e-16  1.0000000   4.3855263e-18  1.2963386e-15  2.6024539e-16  3.5643956e-16  -7.0885446e-16  -6.6368402e-16  6.9890592e-16  5.4174050e-16  -6.1901216e-17  
2.2272252e-16  1.5434623e-16  -3.7499873e-16  3.7631049e-16  -5.2524167e-16  -7.8535274e-18  -1.0240285e-16  5.8391670e-16  -4.2296966e-17  -2.7646736e-16  4.1571052e-16  2.8237689e-16  -7.3881178e-17  -2.1472016e-16  -1.6442574e-16  3.0129227e-16  -6.8406957e-16  -6.6719310e-17  9.4477006e-17  -2.3601162e-16  -1.7163648e-16  4.3855263e-18  1.0000000   -3.1146605e-16  2.6125520e-16  8.8267077e-16  3.7520443e-16  6.8129639e-16  -2.4441801e-17  1.7426258e-16  -8.6317465e-17  2.2272252e-16  1.5434623e-16  -3.7499873e-16  3.7631049e-16  -5.2524167e-16  -7.8535274e-18  -1.0240285e-16  5.8391670e-16  -4.2296966e-17  -2.7646736e-16  4.1571052e-16  2.8237689e-16  -7.3881178e-17  -2.1472016e-16  -1.6442574e-16  3.0129227e-16  -6.8406957e-16  -6.6719310e-17  9.4477006e-17  -2.3601162e-16  -1.7163648e-16  4.3855263e-18  1.0000000   -3.1146605e-16  2.6125520e-16  8.8267077e-16  3.7520443e-16  6.8129639e-16  -2.4441801e-17  1.7426258e-16  -8.6317465e-17  
4.7534568e-17  -1.3474146e-16  2.1138029e-16  -9.0138140e-17  -1.4497253e-16  6.5671251e-16  1.6961709e-16  -1.9685100e-16  -1.9321811e-16  -1.1750401e-15  -2.5951313e-16  -6.3350175e-16  4.8027708e-16  -1.7496951e-16  7.9940272e-16  4.9289975e-17  -5.7501402e-16  5.0530813e-16  2.2252916e-16  -1.0859413e-15  -4.9857824e-16  1.2963386e-15  -3.1146605e-16  1.0000000   1.7472849e-16  -5.8275838e-16  5.3221963e-16  -1.1950226e-16  1.9810791e-16  -5.3366439e-16  -2.6452352e-16  4.7534568e-17  -1.3474146e-16  2.1138029e-16  -9.0138140e-17  -1.4497253e-16  6.5671251e-16  1.6961709e-16  -1.9685100e-16  -1.9321811e-16  -1.1750401e-15  -2.5951313e-16  -6.3350175e-16  4.8027708e-16  -1.7496951e-16  7.9940272e-16  4.9289975e-17  -5.7501402e-16  5.0530813e-16  2.2252916e-16  -1.0859413e-15  -4.9857824e-16  1.2963386e-15  -3.1146605e-16  1.0000000   1.7472849e-16  -5.8275838e-16  5.3221963e-16  -1.1950226e-16  1.9810791e-16  -5.3366439e-16  -2.6452352e-16  
-5.6842945e-17  1.0576021e-16  -1.9546906e-16  2.4962491e-18  4.8911512e-16  -5.4834379e-16  8.1951629e-16  -2.2533776e-16  -5.4668229e-17  -4.4977628e-17  -3.3448447e-16  1.7074953e-16  6.2248504e-16  -3.6173374e-16  3.3609242e-18  6.2191126e-17  -1.4667259e-17  -2.9839769e-16  -3.4397065e-17  -6.1976715e-16  4.1545116e-16  2.6024539e-16  2.6125520e-16  1.7472849e-16  1.0000000   -6.4151918e-16  1.7714834e-16  -2.0663435e-17  4.9256379e-16  3.1804441e-16  -2.8815314e-16  -5.6842945e-17  1.0576021e-16  -1.9546906e-16  2.4962491e-18  4.8911512e-16  -5.4834379e-16  8.1951629e-16  -2.2533776e-16  -5.4668229e-17  -4.4977628e-17  -3.3448447e-16  1.7074953e-16  6.2248504e-16  -3.6173374e-16  3.3609242e-18  6.2191126e-17  -1.4667259e-17  -2.9839769e-16  -3.4397065e-17  -6.1976715e-16  4.1545116e-16  2.6024539e-16  2.6125520e-16  1.7472849e-16  1.0000000   -6.4151918e-16  1.7714834e-16  -2.0663435e-17  4.9256379e-16  3.1804441e-16  -2.8815314e-16  
-3.6260869e-16  -5.9259883e-16  1.7057682e-16  3.8716680e-17  -3.6717068e-16  -5.7955089e-16  1.6422656e-16  -5.5811219e-16  3.9271477e-17  5.5720052e-16  -1.7286473e-16  -1.6611499e-16  -8.4724385e-17  9.5371385e-17  -4.5153457e-16  -2.4430583e-16  4.2857848e-17  -3.0067342e-16  -1.2096461e-17  5.1466615e-16  3.5675914e-16  3.5643956e-16  8.8267077e-16  -5.8275838e-16  -6.4151918e-16  1.0000000   -1.4764944e-16  3.6725210e-16  -2.7840131e-16  7.9159352e-17  8.8091796e-16  -3.6260869e-16  -5.9259883e-16  1.7057682e-16  3.8716680e-17  -3.6717068e-16  -5.7955089e-16  1.6422656e-16  -5.5811219e-16  3.9271477e-17  5.5720052e-16  -1.7286473e-16  -1.6611499e-16  -8.4724385e-17  9.5371385e-17  -4.5153457e-16  -2.4430583e-16  4.2857848e-17  -3.0067342e-16  -1.2096461e-17  5.1466615e-16  3.5675914e-16  3.5643956e-16  8.8267077e-16  -5.8275838e-16  -6.4151918e-16  1.0000000   -1.4764944e-16  3.6725210e-16  -2.7840131e-16  7.9159352e-17  8.8091796e-16  
3.4705210e-16  3.6782255e-16  9.0507654e-17  -1.8182600e-16  1.0299239e-17  6.6654296e-19  1.1963772e-16  -1.2559160e-16  5.7080561e-16  4.6930005e-16  2.7699061e-16  2.3486980e-16  -7.3927848e-17  -4.7374113e-17  -5.0368831e-16  -2.2529869e-18  -2.1285491e-16  6.1355411e-17  3.1242375e-16  9.6260643e-16  -2.9862724e-16  -7.0885446e-16  3.7520443e-16  5.3221963e-16  1.7714834e-16  -1.4764944e-16  1.0000000   3.2676295e-16  -5.9839652e-17  7.0869511e-16  -1.4297082e-16  3.4705210e-16  3.6782255e-16  9.0507654e-17  -1.8182600e-16  1.0299239e-17  6.6654296e-19  1.1963772e-16  -1.2559160e-16  5.7080561e-16  4.6930005e-16  2.7699061e-16  2.3486980e-16  -7.3927848e-17  -4.7374113e-17  -5.0368831e-16  -2.2529869e-18  -2.1285491e-16  6.1355411e-17  3.1242375e-16  9.6260643e-16  -2.9862724e-16  -7.0885446e-16  3.7520443e-16  5.3221963e-16  1.7714834e-16  -1.4764944e-16  1.0000000   3.2676295e-16  -5.9839652e-17  7.0869511e-16  -1.4297082e-16  
9.2387783e-17  -9.9816768e-17  1.0010278e-16  3.0374439e-16  1.2298611e-16  -6.4419890e-17  -8.9918692e-17  6.5802968e-16  1.2546113e-16  1.3569358e-16  2.1605087e-16  -3.1347452e-16  3.6187923e-16  -4.2700108e-16  1.7308558e-16  -9.3838572e-17  9.1126036e-16  1.8854417e-17  -1.2888782e-16  5.2574186e-16  8.5287559e-17  -6.6368402e-16  6.8129639e-16  -1.1950226e-16  -2.0663435e-17  3.6725210e-16  3.2676295e-16  1.0000000   2.6902562e-16  -8.5136737e-19  1.2075044e-17  9.2387783e-17  -9.9816768e-17  1.0010278e-16  3.0374439e-16  1.2298611e-16  -6.4419890e-17  -8.9918692e-17  6.5802968e-16  1.2546113e-16  1.3569358e-16  2.1605087e-16  -3.1347452e-16  3.6187923e-16  -4.2700108e-16  1.7308558e-16  -9.3838572e-17  9.1126036e-16  1.8854417e-17  -1.2888782e-16  5.2574186e-16  8.5287559e-17  -6.6368402e-16  6.8129639e-16  -1.1950226e-16  -2.0663435e-17  3.6725210e-16  3.2676295e-16  1.0000000   2.6902562e-16  -8.5136737e-19  1.2075044e-17  
6.3389358e-16  -2.0035736e-16  -7.1491524e-16  5.5765653e-16  3.8535691e-16  -4.2966051e-16  7.3820690e-16  -1.3027785e-15  3.1898894e-16  2.2201177e-17  4.6590926e-16  -2.3704049e-16  -4.9268890e-16  4.5489831e-16  4.6737246e-16  4.6607244e-16  -1.3926346e-15  -1.8404610e-17  -5.4134031e-16  -6.2907663e-16  2.3786630e-16  6.9890592e-16  -2.4441801e-17  1.9810791e-16  4.9256379e-16  -2.7840131e-16  -5.9839652e-17  2.6902562e-16  1.0000000   -1.1009335e-16  -1.1246144e-15  6.3389358e-16  -2.0035736e-16  -7.1491524e-16  5.5765653e-16  3.8535691e-16  -4.2966051e-16  7.3820690e-16  -1.3027785e-15  3.1898894e-16  2.2201177e-17  4.6590926e-16  -2.3704049e-16  -4.9268890e-16  4.5489831e-16  4.6737246e-16  4.6607244e-16  -1.3926346e-15  -1.8404610e-17  -5.4134031e-16  -6.2907663e-16  2.3786630e-16  6.9890592e-16  -2.4441801e-17  1.9810791e-16  4.9256379e-16  -2.7840131e-16  -5.9839652e-17  2.6902562e-16  1.0000000   -1.1009335e-16  -1.1246144e-15  
-4.8650354e-16  8.1626760e-16  7.5926437e-16  -7.3221609e-16  3.7929068e-16  1.0798067e-15  -2.0661088e-16  -6.7538812e-17  -2.5918066e-16  2.9618592e-16  -6.9268894e-16  -4.9889968e-16  -4.5081732e-16  1.5979717e-17  6.5544373e-16  6.3569158e-16  -1.7751511e-16  6.6385333e-16  -2.5832941e-16  -1.1283447e-15  4.1208442e-16  5.4174050e-16  1.7426258e-16  -5.3366439e-16  3.1804441e-16  7.9159352e-17  7.0869511e-16  -8.5136737e-19  -1.1009335e-16  1.0000000   -4.8841020e-16  -4.8650354e-16  8.1626760e-16  7.5926437e-16  -7.3221609e-16  3.7929068e-16  1.0798067e-15  -2.0661088e-16  -6.7538812e-17  -2.5918066e-16  2.9618592e-16  -6.9268894e-16  -4.9889968e-16  -4.5081732e-16  1.5979717e-17  6.5544373e-16  6.3569158e-16  -1.7751511e-16  6.6385333e-16  -2.5832941e-16  -1.1283447e-15  4.1208442e-16  5.4174050e-16  1.7426258e-16  -5.3366439e-16  3.1804441e-16  7.9159352e-17  7.0869511e-16  -8.5136737e-19  -1.1009335e-16  1.0000000   -4.8841020e-16  
1.5462628e-16  6.6001009e-16  2.8153288e-16  2.3089751e-16  -1.1322582e-16  5.8262195e-16  -3.7903465e-17  -1.3006667e-16  4.5501682e-16  -9.5130869e-17  -4.5033364e-16  -4.8130939e-16  5.9329556e-17  5.3942739e-17  1.1967730e-16  -5.0525290e-16  1.4228723e-16  4.1735428e-16  -1.0210350e-15  4.9829044e-17  -8.1391320e-16  -6.1901216e-17  -8.6317465e-17  -2.6452352e-16  -2.8815314e-16  8.8091796e-16  -1.4297082e-16  1.2075044e-17  -1.1246144e-15  -4.8841020e-16  1.0000000   1.5462628e-16  6.6001009e-16  2.8153288e-16  2.3089751e-16  -1.1322582e-16  5.8262195e-16  -3.7903465e-17  -1.3006667e-16  4.5501682e-16  -9.5130869e-17  -4.5033364e-16  -4.8130939e-16  5.9329556e-17  5.3942739e-17  1.1967730e-16  -5.0525290e-16  1.4228723e-16  4.1735428e-16  -1.0210350e-15  4.9829044e-17  -8.1391320e-16  -6.1901216e-17  -8.6317465e-17  -2.6452352e-16  -2.8815314e-16  8.8091796e-16  -1.4297082e-16  1.2075044e-17  -1.1246144e-15  -4.8841020e-16  1.0000000   
1.0000000   -7.3887002e-17  -2.2357112e-16  -1.3909631e-16  6.5585022e-17  -4.4482134e-16  4.1818070e-16  5.0437199e-16  -1.9544370e-16  3.1982875e-16  6.3827562e-17  3.9161192e-17  -1.1251746e-16  -3.3508863e-16  2.7940317e-16  -1.6946346e-16  -1.4695163e-16  9.5354330e-17  5.5132197e-17  -1.7915916e-16  2.2939111e-16  7.5559652e-16  2.2272252e-16  4.7534568e-17  -5.6842945e-17  -3.6260869e-16  3.4705210e-16  9.2387783e-17  6.3389358e-16  -4.8650354e-16  1.5462628e-16  1.0000000   -7.3887002e-17  -2.2357112e-16  -1.3909631e-16  6.5585022e-17  -4.4482134e-16  4.1818070e-16  5.0437199e-16  -1.9544370e-16  3.1982875e-16  6.3827562e-17  3.9161192e-17  -1.1251746e-16  -3.3508863e-16  2.7940317e-16  -1.6946346e-16  -1.4695163e-16  9.5354330e-17  5.5132197e-17  -1.7915916e-16  2.2939111e-16  7.5559652e-16  2.2272252e-16  4.7534568e-17  -5.6842945e-17  -3.6260869e-16  3.4705210e-16  9.2387783e-17  6.3389358e-16  -4.8650354e-16  1.5462628e-16  
-7.3887002e-17  1.0000000   3.5572506e-16  -4.6980755e-17  6.3440108e-16  -1.5742220e-16  3.1128350e-16  1.5431590e-17  7.8190080e-16  -3.8785245e-16  3.5443102e-16  -5.5903787e-16  -2.0368247e-16  -1.0859737e-16  2.0057030e-16  -2.6959648e-16  4.9032619e-17  -3.0466974e-17  -9.3263691e-16  7.3577125e-16  -3.3457760e-16  -6.2305512e-16  1.5434623e-16  -1.3474146e-16  1.0576021e-16  -5.9259883e-16  3.6782255e-16  -9.9816768e-17  -2.0035736e-16  8.1626760e-16  6.6001009e-16  -7.3887002e-17  1.0000000   3.5572506e-16  -4.6980755e-17  6.3440108e-16  -1.5742220e-16  3.1128350e-16  1.5431590e-17  7.8190080e-16  -3.8785245e-16  3.5443102e-16  -5.5903787e-16  -2.0368247e-16  -1.0859737e-16  2.0057030e-16  -2.6959648e-16  4.9032619e-17  -3.0466974e-17  -9.3263691e-16  7.3577125e-16  -3.3457760e-16  -6.2305512e-16  1.5434623e-16  -1.3474146e-16  1.0576021e-16  -5.9259883e-16  3.6782255e-16  -9.9816768e-17  -2.0035736e-16  8.1626760e-16  6.6001009e-16  
-2.2357112e-16  3.5572506e-16  1.0000000   7.4509257e-17  1.3858853e-16  5.3307436e-16  2.4771322e-16  6.0116162e-16  5.6045937e-17  7.1662254e-16  1.9784172e-16  -2.2287214e-16  -2.3327725e-16  -1.7524633e-16  5.9865123e-16  8.0768545e-18  -1.1168896e-16  -4.2606723e-17  4.3035874e-16  -3.2479951e-16  2.1352191e-16  2.8544494e-16  -3.7499873e-16  2.1138029e-16  -1.9546906e-16  1.7057682e-16  9.0507654e-17  1.0010278e-16  -7.1491524e-16  7.5926437e-16  2.8153288e-16  -2.2357112e-16  3.5572506e-16  1.0000000   7.4509257e-17  1.3858853e-16  5.3307436e-16  2.4771322e-16  6.0116162e-16  5.6045937e-17  7.1662254e-16  1.9784172e-16  -2.2287214e-16  -2.3327725e-16  -1.7524633e-16  5.9865123e-16  8.0768545e-18  -1.1168896e-16  -4.2606723e-17  4.3035874e-16  -3.2479951e-16  2.1352191e-16  2.8544494e-16  -3.7499873e-16  2.1138029e-16  -1.9546906e-16  1.7057682e-16  9.0507654e-17  1.0010278e-16  -7.1491524e-16  7.5926437e-16  2.8153288e-16  
-1.3909631e-16  -4.6980755e-17  7.4509257e-17  1.0000000   3.3880568e-16  -9.7463980e-16  1.1647958e-15  -4.8680077e-16  -4.5428872e-16  3.5646813e-16  1.0027956e-15  -5.0698134e-16  -7.3304372e-16  -6.6692082e-18  -6.5280832e-17  3.3252761e-16  -6.5139990e-16  -4.2184515e-16  -3.7555484e-16  -2.4740356e-16  3.6085860e-16  -6.2591265e-17  3.7631049e-16  -9.0138140e-17  2.4962491e-18  3.8716680e-17  -1.8182600e-16  3.0374439e-16  5.5765653e-16  -7.3221609e-16  2.3089751e-16  -1.3909631e-16  -4.6980755e-17  7.4509257e-17  1.0000000   3.3880568e-16  -9.7463980e-16  1.1647958e-15  -4.8680077e-16  -4.5428872e-16  3.5646813e-16  1.0027956e-15  -5.0698134e-16  -7.3304372e-16  -6.6692082e-18  -6.5280832e-17  3.3252761e-16  -6.5139990e-16  -4.2184515e-16  -3.7555484e-16  -2.4740356e-16  3.6085860e-16  -6.2591265e-17  3.7631049e-16  -9.0138140e-17  2.4962491e-18  3.8716680e-17  -1.8182600e-16  3.0374439e-16  5.5765653e-16  -7.3221609e-16  2.3089751e-16  
6.5585022e-17  6.3440108e-16  1.3858853e-16  3.3880568e-16  1.0000000   -1.3655795e-16  -4.4866419e-16  -2.2218996e-17  5.1963783e-16  3.9400280e-16  7.6175157e-17  -4.3761987e-16  2.3279741e-16  -4.2834591e-16  6.0297945e-17  -1.6715122e-16  -4.2836420e-16  1.1405434e-15  4.4140936e-16  9.2393351e-17  6.2515219e-16  -4.4031370e-16  -5.2524167e-16  -1.4497253e-16  4.8911512e-16  -3.6717068e-16  1.0299239e-17  1.2298611e-16  3.8535691e-16  3.7929068e-16  -1.1322582e-16  6.5585022e-17  6.3440108e-16  1.3858853e-16  3.3880568e-16  1.0000000   -1.3655795e-16  -4.4866419e-16  -2.2218996e-17  5.1963783e-16  3.9400280e-16  7.6175157e-17  -4.3761987e-16  2.3279741e-16  -4.2834591e-16  6.0297945e-17  -1.6715122e-16  -4.2836420e-16  1.1405434e-15  4.4140936e-16  9.2393351e-17  6.2515219e-16  -4.4031370e-16  -5.2524167e-16  -1.4497253e-16  4.8911512e-16  -3.6717068e-16  1.0299239e-17  1.2298611e-16  3.8535691e-16  3.7929068e-16  -1.1322582e-16  
-4.4482134e-16  -1.5742220e-16  5.3307436e-16  -9.7463980e-16  -1.3655795e-16  1.0000000   -5.6525680e-16  6.3411400e-16  5.7239672e-16  3.5736354e-16  -2.6437602e-16  1.4537022e-16  -6.6581422e-16  -2.9550806e-17  -1.1909141e-16  -3.8712742e-16  4.2364630e-16  -7.1577623e-16  1.5827214e-17  -1.4041429e-16  6.8335705e-16  2.2359600e-16  -7.8535274e-18  6.5671251e-16  -5.4834379e-16  -5.7955089e-16  6.6654296e-19  -6.4419890e-17  -4.2966051e-16  1.0798067e-15  5.8262195e-16  -4.4482134e-16  -1.5742220e-16  5.3307436e-16  -9.7463980e-16  -1.3655795e-16  1.0000000   -5.6525680e-16  6.3411400e-16  5.7239672e-16  3.5736354e-16  -2.6437602e-16  1.4537022e-16  -6.6581422e-16  -2.9550806e-17  -1.1909141e-16  -3.8712742e-16  4.2364630e-16  -7.1577623e-16  1.5827214e-17  -1.4041429e-16  6.8335705e-16  2.2359600e-16  -7.8535274e-18  6.5671251e-16  -5.4834379e-16  -5.7955089e-16  6.6654296e-19  -6.4419890e-17  -4.2966051e-16  1.0798067e-15  5.8262195e-16  
4.1818070e-16  3.1128350e-16  2.4771322e-16  1.1647958e-15  -4.4866419e-16  -5.6525680e-16  1.0000000   -5.8767394e-17  1.8162132e-16  -1.0752186e-16  4.3291371e-16  -2.5780455e-16  1.6891611e-16  7.0824761e-16  2.6808276e-16  -2.1130355e-16  -1.4662684e-17  4.1355666e-16  -1.8334673e-16  2.3579946e-16  -4.0688279e-16  2.1879867e-16  -1.0240285e-16  1.6961709e-16  8.1951629e-16  1.6422656e-16  1.1963772e-16  -8.9918692e-17  7.3820690e-16  -2.0661088e-16  -3.7903465e-17  4.1818070e-16  3.1128350e-16  2.4771322e-16  1.1647958e-15  -4.4866419e-16  -5.6525680e-16  1.0000000   -5.8767394e-17  1.8162132e-16  -1.0752186e-16  4.3291371e-16  -2.5780455e-16  1.6891611e-16  7.0824761e-16  2.6808276e-16  -2.1130355e-16  -1.4662684e-17  4.1355666e-16  -1.8334673e-16  2.3579946e-16  -4.0688279e-16  2.1879867e-16  -1.0240285e-16  1.6961709e-16  8.1951629e-16  1.6422656e-16  1.1963772e-16  -8.9918692e-17  7.3820690e-16  -2.0661088e-16  -3.7903465e-17  
5.0437199e-16  1.5431590e-17  6.0116162e-16  -4.8680077e-16  -2.2218996e-17  6.3411400e-16  -5.8767394e-17  1.0000000   3.7679194e-16  -1.1973825e-16  -7.1921817e-16  3.3982170e-16  -6.5311614e-17  -6.9654827e-16  5.5292450e-16  -1.2927543e-16  7.3803815e-16  2.6857959e-17  -1.7780226e-16  1.8928345e-16  -2.6477658e-16  9.4659139e-16  5.8391670e-16  -1.9685100e-16  -2.2533776e-16  -5.5811219e-16  -1.2559160e-16  6.5802968e-16  -1.3027785e-15  -6.7538812e-17  -1.3006667e-16  5.0437199e-16  1.5431590e-17  6.0116162e-16  -4.8680077e-16  -2.2218996e-17  6.3411400e-16  -5.8767394e-17  1.0000000   3.7679194e-16  -1.1973825e-16  -7.1921817e-16  3.3982170e-16  -6.5311614e-17  -6.9654827e-16  5.5292450e-16  -1.2927543e-16  7.3803815e-16  2.6857959e-17  -1.7780226e-16  1.8928345e-16  -2.6477658e-16  9.4659139e-16  5.8391670e-16  -1.9685100e-16  -2.2533776e-16  -5.5811219e-16  -1.2559160e-16  6.5802968e-16  -1.3027785e-15  -6.7538812e-17  -1.3006667e-16  
-1.9544370e-16  7.8190080e-16  5.6045937e-17  -4.5428872e-16  5.1963783e-16  5.7239672e-16  1.8162132e-16  3.7679194e-16  1.0000000   -1.1069311e-15  -8.4703606e-16  3.7824329e-17  3.8070333e-16  4.4685475e-16  3.8744241e-16  3.9143479e-16  -2.3481745e-16  -2.3279547e-16  4.4944921e-17  -2.8506407e-17  -4.5387263e-16  9.3222768e-16  -4.2296966e-17  -1.9321811e-16  -5.4668229e-17  3.9271477e-17  5.7080561e-16  1.2546113e-16  3.1898894e-16  -2.5918066e-16  4.5501682e-16  -1.9544370e-16  7.8190080e-16  5.6045937e-17  -4.5428872e-16  5.1963783e-16  5.7239672e-16  1.8162132e-16  3.7679194e-16  1.0000000   -1.1069311e-15  -8.4703606e-16  3.7824329e-17  3.8070333e-16  4.4685475e-16  3.8744241e-16  3.9143479e-16  -2.3481745e-16  -2.3279547e-16  4.4944921e-17  -2.8506407e-17  -4.5387263e-16  9.3222768e-16  -4.2296966e-17  -1.9321811e-16  -5.4668229e-17  3.9271477e-17  5.7080561e-16  1.2546113e-16  3.1898894e-16  -2.5918066e-16  4.5501682e-16  
3.1982875e-16  -3.8785245e-16  7.1662254e-16  3.5646813e-16  3.9400280e-16  3.5736354e-16  -1.0752186e-16  -1.1973825e-16  -1.1069311e-15  1.0000000   2.4721795e-16  2.3838446e-16  -3.2239684e-16  4.7948541e-16  6.0663458e-16  -1.2335352e-16  -4.6039968e-16  -1.6349906e-17  -5.7303652e-17  -3.1630965e-16  3.2660789e-16  2.9300929e-16  -2.7646736e-16  -1.1750401e-15  -4.4977628e-17  5.5720052e-16  4.6930005e-16  1.3569358e-16  2.2201177e-17  2.9618592e-16  -9.5130869e-17  3.1982875e-16  -3.8785245e-16  7.1662254e-16  3.5646813e-16  3.9400280e-16  3.5736354e-16  -1.0752186e-16  -1.1973825e-16  -1.1069311e-15  1.0000000   2.4721795e-16  2.3838446e-16  -3.2239684e-16  4.7948541e-16  6.0663458e-16  -1.2335352e-16  -4.6039968e-16  -1.6349906e-17  -5.7303652e-17  -3.1630965e-16  3.2660789e-16  2.9300929e-16  -2.7646736e-16  -1.1750401e-15  -4.4977628e-17  5.5720052e-16  4.6930005e-16  1.3569358e-16  2.2201177e-17  2.9618592e-16  -9.5130869e-17  
