1.0000000   1.6218460e-16  -5.7750543e-16  -3.4646402e-16  -7.6138066e-16  -2.4826412e-16  3.1226430e-16  -3.4621906e-16  3.9529572e-16  -1.9611684e-16  3.6790547e-16  -2.7486864e-16  1.4400999e-16  4.1130551e-16  -6.9101168e-16  -8.5312275e-17  -3.5276051e-16  1.6342253e-16  -1.5365603e-16  -5.8720489e-16  7.0373655e-17  2.8067984e-16  -3.2783791e-16  -1.9341117e-17  -1.4046542e-16  -1.4248580e-16  1.3172375e-17  9.5519475e-17  4.3364245e-17  -1.7572487e-16  -7.6198691e-16  1.0000000   1.6218460e-16  -5.7750543e-16  -3.4646402e-16  -7.6138066e-16  -2.4826412e-16  3.1226430e-16  -3.4621906e-16  3.9529572e-16  -1.9611684e-16  3.6790547e-16  -2.7486864e-16  1.4400999e-16  4.1130551e-16  -6.9101168e-16  -8.5312275e-17  -3.5276051e-16  1.6342253e-16  -1.5365603e-16  -5.8720489e-16  7.0373655e-17  2.8067984e-16  -3.2783791e-16  -1.9341117e-17  -1.4046542e-16  -1.4248580e-16  1.3172375e-17  9.5519475e-17  4.3364245e-17  -1.7572487e-16  -7.6198691e-16  
1.6218460e-16  1.0000000   7.6305188e-16  -3.3978148e-16  -6.0515852e-16  4.5107183e-16  2.7349062e-16  2.6630028e-16  -4.4232686e-17  -4.7245211e-17  -2.2009791e-16  -1.8904671e-16  5.8560579e-16  -3.6337399e-16  -3.1991929e-16  2.3520947e-16  -1.7766703e-16  -5.1680503e-16  -5.3740294e-16  -4.6329472e-16  3.1621896e-16  1.1715203e-16  -7.1227831e-16  3.1846333e-16  2.6095821e-16  -8.4605732e-17  -8.5831749e-16  -2.1644012e-16  -4.3757730e-16  1.5600907e-16  -4.9423532e-16  1.6218460e-16  1.0000000   7.6305188e-16  -3.3978148e-16  -6.0515852e-16  4.5107183e-16  2.7349062e-16  2.6630028e-16  -4.4232686e-17  -4.7245211e-17  -2.2009791e-16  -1.8904671e-16  5.8560579e-16  -3.6337399e-16  -3.1991929e-16  2.3520947e-16  -1.7766703e-16  -5.1680503e-16  -5.3740294e-16  -4.6329472e-16  3.1621896e-16  1.1715203e-16  -7.1227831e-16  3.1846333e-16  2.6095821e-16  -8.4605732e-17  -8.5831749e-16  -2.1644012e-16  -4.3757730e-16  1.5600907e-16  -4.9423532e-16  
-5.7750543e-16  7.6305188e-16  1.0000000   -8.5361356e-16  -5.4166276e-16  6.9645411e-17  -1.0474814e-16  6.3915882e-16  -3.4019268e-16  8.2975790e-16  -2.8341791e-16  2.2896313e-17  -5.7587643e-16  -2.5930073e-16  -1.3876980e-16  2.8475323e-16  -1.2236177e-16  2.2015607e-16  -6.3469811e-16  -1.8108037e-16  -9.2264280e-16  6.8132620e-17  -7.8125128e-17  1.6519002e-16  -1.7806798e-16  -6.8091930e-16  -5.0419518e-16  -1.1602561e-16  -2.7828799e-16  -5.0582629e-16  4.2812579e-16  -5.7750543e-16  7.6305188e-16  1.0000000   -8.5361356e-16  -5.4166276e-16  6.9645411e-17  -1.0474814e-16  6.3915882e-16  -3.4019268e-16  8.2975790e-16  -2.8341791e-16  2.2896313e-17  -5.7587643e-16  -2.5930073e-16  -1.3876980e-16  2.8475323e-16  -1.2236177e-16  2.2015607e-16  -6.3469811e-16  -1.8108037e-16  -9.2264280e-16  6.8132620e-17  -7.8125128e-17  1.6519002e-16  -1.7806798e-16  -6.8091930e-16  -5.0419518e-16  -1.1602561e-16  -2.7828799e-16  -5.0582629e-16  4.2812579e-16  
-3.4646402e-16  -3.3978148e-16  -8.5361356e-16  1.0000000   -1.3836382e-16  8.2919885e-16  -2.7171781e-16  3.3546762e-16  -1.9390115e-17  1.6530309e-16  1.7228928e-16  -1.9166264e-16  -8.2366596e-17  -1.0109222e-16  2.0827114e-17  1.2553750e-17  7.7872281e-16  3.4260153e-16  4.5070272e-16  -9.6033391e-16  1.1597006e-16  -3.8607581e-16  -5.4826891e-16  3.8851910e-16  6.4031928e-16  -2.4121165e-16  1.0249024e-16  7.6634052e-17  4.9124696e-16  -3.4068446e-16  -1.8202018e-16  -3.4646402e-16  -3.3978148e-16  -8.5361356e-16  1.0000000   -1.3836382e-16  8.2919885e-16  -2.7171781e-16  3.3546762e-16  -1.9390115e-17  1.6530309e-16  1.7228928e-16  -1.9166264e-16  -8.2366596e-17  -1.0109222e-16  2.0827114e-17  1.2553750e-17  7.7872281e-16  3.4260153e-16  4.5070272e-16  -9.6033391e-16  1.1597006e-16  -3.8607581e-16  -5.4826891e-16  3.8851910e-16  6.4031928e-16  -2.4121165e-16  1.0249024e-16  7.6634052e-17  4.9124696e-16  -3.4068446e-16  -1.8202018e-16  
-7.6138066e-16  -6.0515852e-16  -5.4166276e-16  -1.3836382e-16  1.0000000   -2.6853599e-16  -3.8613815e-16  -2.2788727e-16  -3.7440073e-16  9.8150029e-17  5.2241434e-16  -4.5033155e-16  -2.2142962e-16  -2.1275650e-16  3.8506700e-16  2.2590118e-16  1.5012285e-16  4.7142100e-16  4.4790073e-16  6.5075983e-17  -5.3923746e-16  2.3759698e-16  -1.2046149e-16  4.0627082e-16  -9.5952481e-17  2.7609107e-16  -8.7362124e-16  -3.8512138e-16  1.7028434e-16  -1.6306162e-18  -3.0089770e-16  -7.6138066e-16  -6.0515852e-16  -5.4166276e-16  -1.3836382e-16  1.0000000   -2.6853599e-16  -3.8613815e-16  -2.2788727e-16  -3.7440073e-16  9.8150029e-17  5.2241434e-16  -4.5033155e-16  -2.2142962e-16  -2.1275650e-16  3.8506700e-16  2.2590118e-16  1.5012285e-16  4.7142100e-16  4.4790073e-16  6.5075983e-17  -5.3923746e-16  2.3759698e-16  -1.2046149e-16  4.0627082e-16  -9.5952481e-17  2.7609107e-16  -8.7362124e-16  -3.8512138e-16  1.7028434e-16  -1.6306162e-18  -3.0089770e-16  
-2.4826412e-16  4.5107183e-16  6.9645411e-17  8.2919885e-16  -2.6853599e-16  1.0000000   3.5989115e-16  3.5118474e-16  3.5010596e-16  -3.6664517e-16  5.5809919e-16  9.5602653e-17  1.1780122e-16  -4.1009187e-16  7.7271975e-16  -8.3045215e-16  -2.4752841e-16  -1.9200109e-16  -3.5615721e-16  -1.1100554e-16  5.4823695e-16  1.1455407e-16  7.0614926e-17  -3.3429680e-16  -5.6287550e-16  -6.5553167e-16  4.0521913e-16  -4.6978611e-16  -4.6896362e-16  8.8961069e-16  -1.5808027e-17  -2.4826412e-16  4.5107183e-16  6.9645411e-17  8.2919885e-16  -2.6853599e-16  1.0000000   3.5989115e-16  3.5118474e-16  3.5010596e-16  -3.6664517e-16  5.5809919e-16  9.5602653e-17  1.1780122e-16  -4.1009187e-16  7.7271975e-16  -8.3045215e-16  -2.4752841e-16  -1.9200109e-16  -3.5615721e-16  -1.1100554e-16  5.4823695e-16  1.1455407e-16  7.0614926e-17  -3.3429680e-16  -5.6287550e-16  -6.5553167e-16  4.0521913e-16  -4.6978611e-16  -4.6896362e-16  8.8961069e-16  -1.5808027e-17  
3.1226430e-16  2.7349062e-16  -1.0474814e-16  -2.7171781e-16  -3.8613815e-16  3.5989115e-16  1.0000000   -3.0924876e-16  -1.2752943e-16  6.4417378e-16  4.2217861e-16  -6.8443813e-16  -1.7678024e-17  6.6914294e-16  5.4317477e-16  1.7221828e-16  -6.2203764e-17  5.5902791e-16  5.6619063e-16  2.4615150e-16  2.9079671e-16  -6.2401715e-16  -2.1122401e-17  -1.1864513e-16  -3.9764642e-16  -6.2084670e-18  1.5804108e-16  3.9029769e-17  3.5067736e-16  6.5493724e-16  4.6333468e-17  3.1226430e-16  2.7349062e-16  -1.0474814e-16  -2.7171781e-16  -3.8613815e-16  3.5989115e-16  1.0000000   -3.0924876e-16  -1.2752943e-16  6.4417378e-16  4.2217861e-16  -6.8443813e-16  -1.7678024e-17  6.6914294e-16  5.4317477e-16  1.7221828e-16  -6.2203764e-17  5.5902791e-16  5.6619063e-16  2.4615150e-16  2.9079671e-16  -6.2401715e-16  -2.1122401e-17  -1.1864513e-16  -3.9764642e-16  -6.2084670e-18  1.5804108e-16  3.9029769e-17  3.5067736e-16  6.5493724e-16  4.6333468e-17  
-3.4621906e-16  2.6630028e-16  6.3915882e-16  3.3546762e-16  -2.2788727e-16  3.5118474e-16  -3.0924876e-16  1.0000000   -5.4410850e-17  8.8658749e-16  -4.5420391e-16  2.7816122e-16  1.3728401e-16  5.3878307e-16  -6.5567694e-16  1.0043862e-15  6.3638358e-16  1.6086094e-16  -4.6446967e-16  -2.7961466e-16  -6.1209070e-16  2.7909914e-16  -7.4470977e-16  -4.3559514e-16  7.7399466e-16  -5.9184779e-16  3.4802903e-16  -3.0244866e-16  7.5472060e-16  -1.6026881e-16  3.0111030e-16  -3.4621906e-16  2.6630028e-16  6.3915882e-16  3.3546762e-16  -2.2788727e-16  3.5118474e-16  -3.0924876e-16  1.0000000   -5.4410850e-17  8.8658749e-16  -4.5420391e-16  2.7816122e-16  1.3728401e-16  5.3878307e-16  -6.5567694e-16  1.0043862e-15  6.3638358e-16  1.6086094e-16  -4.6446967e-16  -2.7961466e-16  -6.1209070e-16  2.7909914e-16  -7.4470977e-16  -4.3559514e-16  7.7399466e-16  -5.9184779e-16  3.4802903e-16  -3.0244866e-16  7.5472060e-16  -1.6026881e-16  3.0111030e-16  
3.9529572e-16  -4.4232686e-17  -3.4019268e-16  -1.9390115e-17  -3.7440073e-16  3.5010596e-16  -1.2752943e-16  -5.4410850e-17  1.0000000   8.5579249e-17  1.1704047e-16  -5.6490591e-16  -3.4183522e-16  -1.7190347e-16  -7.9555266e-16  6.3865260e-16  -9.8508160e-16  4.6552075e-16  -7.6756624e-16  -1.2238346e-16  2.3004204e-16  -4.4767990e-16  -3.7883970e-16  6.2568446e-16  2.1195539e-16  3.4385200e-17  5.1876382e-16  2.3898997e-16  -1.2662118e-16  -2.7665276e-16  4.3544037e-16  3.9529572e-16  -4.4232686e-17  -3.4019268e-16  -1.9390115e-17  -3.7440073e-16  3.5010596e-16  -1.2752943e-16  -5.4410850e-17  1.0000000   8.5579249e-17  1.1704047e-16  -5.6490591e-16  -3.4183522e-16  -1.7190347e-16  -7.9555266e-16  6.3865260e-16  -9.8508160e-16  4.6552075e-16  -7.6756624e-16  -1.2238346e-16  2.3004204e-16  -4.4767990e-16  -3.7883970e-16  6.2568446e-16  2.1195539e-16  3.4385200e-17  5.1876382e-16  2.3898997e-16  -1.2662118e-16  -2.7665276e-16  4.3544037e-16  
-1.9611684e-16  -4.7245211e-17  8.2975790e-16  1.6530309e-16  9.8150029e-17  -3.6664517e-16  6.4417378e-16  8.8658749e-16  8.5579249e-17  1.0000000   1.2844071e-16  2.7488640e-16  1.5521228e-16  -8.2624765e-17  -3.8709568e-16  -4.2009307e-17  -3.7842628e-16  -8.3364177e-16  -1.6581780e-16  3.9248279e-16  3.2492498e-16  6.1381023e-16  -5.2666969e-16  -2.4682256e-16  -6.0788273e-16  1.3017953e-16  1.5529233e-16  -2.7750964e-16  -2.3159765e-17  1.7831587e-17  2.2478114e-16  -1.9611684e-16  -4.7245211e-17  8.2975790e-16  1.6530309e-16  9.8150029e-17  -3.6664517e-16  6.4417378e-16  8.8658749e-16  8.5579249e-17  1.0000000   1.2844071e-16  2.7488640e-16  1.5521228e-16  -8.2624765e-17  -3.8709568e-16  -4.2009307e-17  -3.7842628e-16  -8.3364177e-16  -1.6581780e-16  3.9248279e-16  3.2492498e-16  6.1381023e-16  -5.2666969e-16  -2.4682256e-16  -6.0788273e-16  1.3017953e-16  1.5529233e-16  -2.7750964e-16  -2.3159765e-17  1.7831587e-17  2.2478114e-16  
3.6790547e-16  -2.2009791e-16  -2.8341791e-16  1.7228928e-16  5.2241434e-16  5.5809919e-16  4.2217861e-16  -4.5420391e-16  1.1704047e-16  1.2844071e-16  1.0000000   -1.8811140e-16  2.2846687e-16  -7.0153342e-16  2.3616464e-17  -1.6111054e-16  -6.4132679e-16  -2.5760464e-16  -1.4264296e-16  2.0621626e-16  4.2284671e-16  2.3014926e-16  2.7979376e-18  -1.0458032e-16  -5.6458471e-17  4.1122663e-16  -2.0048318e-16  4.7533723e-16  7.0128482e-17  4.2902673e-16  1.8399687e-16  3.6790547e-16  -2.2009791e-16  -2.8341791e-16  1.7228928e-16  5.2241434e-16  5.5809919e-16  4.2217861e-16  -4.5420391e-16  1.1704047e-16  1.2844071e-16  1.0000000   -1.8811140e-16  2.2846687e-16  -7.0153342e-16  2.3616464e-17  -1.6111054e-16  -6.4132679e-16  -2.5760464e-16  -1.4264296e-16  2.0621626e-16  4.2284671e-16  2.3014926e-16  2.7979376e-18  -1.0458032e-16  -5.6458471e-17  4.1122663e-16  -2.0048318e-16  4.7533723e-16  7.0128482e-17  4.2902673e-16  1.8399687e-16  
-2.7486864e-16  -1.8904671e-16  2.2896313e-17  -1.9166264e-16  -4.5033155e-16  9.5602653e-17  -6.8443813e-16  2.7816122e-16  -5.6490591e-16  2.7488640e-16  -1.8811140e-16  1.0000000   -2.5649884e-16  -1.1486461e-16  -2.3672494e-16  -8.8798590e-17  -3.0361443e-17  2.5192951e-16  6.2799279e-16  -2.8980021e-16  -7.5191675e-16  3.4603277e-16  -8.4276417e-16  6.5237059e-16  2.3772813e-16  -7.5394495e-17  5.2169930e-16  -6.3798588e-16  -3.9944741e-16  6.5566445e-16  -1.6493677e-16  -2.7486864e-16  -1.8904671e-16  2.2896313e-17  -1.9166264e-16  -4.5033155e-16  9.5602653e-17  -6.8443813e-16  2.7816122e-16  -5.6490591e-16  2.7488640e-16  -1.8811140e-16  1.0000000   -2.5649884e-16  -1.1486461e-16  -2.3672494e-16  -8.8798590e-17  -3.0361443e-17  2.5192951e-16  6.2799279e-16  -2.8980021e-16  -7.5191675e-16  3.4603277e-16  -8.4276417e-16  6.5237059e-16  2.3772813e-16  -7.5394495e-17  5.2169930e-16  -6.3798588e-16  -3.9944741e-16  6.5566445e-16  -1.6493677e-16  
1.4400999e-16  5.8560579e-16  -5.7587643e-16  -8.2366596e-17  -2.2142962e-16  1.1780122e-16  -1.7678024e-17  1.3728401e-16  -3.4183522e-16  1.5521228e-16  2.2846687e-16  -2.5649884e-16  1.0000000   3.9620741e-16  -2.4887616e-16  3.8061336e-16  -3.3917730e-16  3.1978964e-16  2.6228203e-16  -1.3807559e-16  -5.9145617e-17  -4.8791704e-16  1.0258112e-16  -1.3525444e-16  2.7825386e-17  2.2975020e-16  -6.3050691e-17  -1.1914830e-16  1.0775554e-16  -1.7682527e-16  4.5502486e-16  1.4400999e-16  5.8560579e-16  -5.7587643e-16  -8.2366596e-17  -2.2142962e-16  1.1780122e-16  -1.7678024e-17  1.3728401e-16  -3.4183522e-16  1.5521228e-16  2.2846687e-16  -2.5649884e-16  1.0000000   3.9620741e-16  -2.4887616e-16  3.8061336e-16  -3.3917730e-16  3.1978964e-16  2.6228203e-16  -1.3807559e-16  -5.9145617e-17  -4.8791704e-16  1.0258112e-16  -1.3525444e-16  2.7825386e-17  2.2975020e-16  -6.3050691e-17  -1.1914830e-16  1.0775554e-16  -1.7682527e-16  4.5502486e-16  
4.1130551e-16  -3.6337399e-16  -2.5930073e-16  -1.0109222e-16  -2.1275650e-16  -4.1009187e-16  6.6914294e-16  5.3878307e-16  -1.7190347e-16  -8.2624765e-17  -7.0153342e-16  -1.1486461e-16  3.9620741e-16  1.0000000   -3.1877736e-16  -6.7514597e-16  -4.9795680e-16  -3.5637408e-16  3.9702778e-16  -3.9344955e-16  4.1338174e-16  -3.0545728e-16  -1.8019492e-16  2.0441938e-16  2.1885314e-16  3.7829241e-16  -1.8537697e-16  2.1733031e-17  -2.7665320e-16  -1.9698404e-16  3.6261202e-16  4.1130551e-16  -3.6337399e-16  -2.5930073e-16  -1.0109222e-16  -2.1275650e-16  -4.1009187e-16  6.6914294e-16  5.3878307e-16  -1.7190347e-16  -8.2624765e-17  -7.0153342e-16  -1.1486461e-16  3.9620741e-16  1.0000000   -3.1877736e-16  -6.7514597e-16  -4.9795680e-16  -3.5637408e-16  3.9702778e-16  -3.9344955e-16  4.1338174e-16  -3.0545728e-16  -1.8019492e-16  2.0441938e-16  2.1885314e-16  3.7829241e-16  -1.8537697e-16  2.1733031e-17  -2.7665320e-16  -1.9698404e-16  3.6261202e-16  
-6.9101168e-16  -3.1991929e-16  -1.3876980e-16  2.0827114e-17  3.8506700e-16  7.7271975e-16  5.4317477e-16  -6.5567694e-16  -7.9555266e-16  -3.8709568e-16  2.3616464e-17  -2.3672494e-16  -2.4887616e-16  -3.1877736e-16  1.0000000   -4.5762064e-16  1.0352814e-17  -3.0998857e-16  -5.8370577e-16  -1.5796834e-17  -2.5835689e-16  -5.3398262e-16  -2.2582208e-16  1.2134955e-16  4.2734255e-17  6.9681598e-16  -3.6334144e-16  -7.8965891e-17  5.4668839e-16  4.4483680e-16  8.9443159e-17  -6.9101168e-16  -3.1991929e-16  -1.3876980e-16  2.0827114e-17  3.8506700e-16  7.7271975e-16  5.4317477e-16  -6.5567694e-16  -7.9555266e-16  -3.8709568e-16  2.3616464e-17  -2.3672494e-16  -2.4887616e-16  -3.1877736e-16  1.0000000   -4.5762064e-16  1.0352814e-17  -3.0998857e-16  -5.8370577e-16  -1.5796834e-17  -2.5835689e-16  -5.3398262e-16  -2.2582208e-16  1.2134955e-16  4.2734255e-17  6.9681598e-16  -3.6334144e-16  -7.8965891e-17  5.4668839e-16  4.4483680e-16  8.9443159e-17  
-8.5312275e-17  2.3520947e-16  2.8475323e-16  1.2553750e-17  2.2590118e-16  -8.3045215e-16  1.7221828e-16  1.0043862e-15  6.3865260e-16  -4.2009307e-17  -1.6111054e-16  -8.8798590e-17  3.8061336e-16  -6.7514597e-16  -4.5762064e-16  1.0000000   3.0620125e-16  -4.9047685e-16  7.6646896e-16  6.4462350e-16  4.6632973e-16  -6.7578534e-16  1.1133218e-16  2.1724446e-16  -4.7919856e-16  -4.7040448e-16  2.7978830e-16  4.7085132e-16  -7.0305935e-16  5.8511874e-16  -1.7987523e-16  -8.5312275e-17  2.3520947e-16  2.8475323e-16  1.2553750e-17  2.2590118e-16  -8.3045215e-16  1.7221828e-16  1.0043862e-15  6.3865260e-16  -4.2009307e-17  -1.6111054e-16  -8.8798590e-17  3.8061336e-16  -6.7514597e-16  -4.5762064e-16  1.0000000   3.0620125e-16  -4.9047685e-16  7.6646896e-16  6.4462350e-16  4.6632973e-16  -6.7578534e-16  1.1133218e-16  2.1724446e-16  -4.7919856e-16  -4.7040448e-16  2.7978830e-16  4.7085132e-16  -7.0305935e-16  5.8511874e-16  -1.7987523e-16  
-3.5276051e-16  -1.7766703e-16  -1.2236177e-16  7.7872281e-16  1.5012285e-16  -2.4752841e-16  -6.2203764e-17  6.3638358e-16  -9.8508160e-16  -3.7842628e-16  -6.4132679e-16  -3.0361443e-17  -3.3917730e-16  -4.9795680e-16  1.0352814e-17  3.0620125e-16  1.0000000   5.6910032e-16  6.0543735e-17  6.1180524e-16  7.4347468e-16  2.0857645e-16  -1.8282499e-16  6.1341091e-16  2.6088965e-16  -6.1054439e-17  -6.4759429e-16  -5.4664347e-16  -5.2905265e-16  -2.3437889e-16  -9.2693444e-16  -3.5276051e-16  -1.7766703e-16  -1.2236177e-16  7.7872281e-16  1.5012285e-16  -2.4752841e-16  -6.2203764e-17  6.3638358e-16  -9.8508160e-16  -3.7842628e-16  -6.4132679e-16  -3.0361443e-17  -3.3917730e-16  -4.9795680e-16  1.0352814e-17  3.0620125e-16  1.0000000   5.6910032e-16  6.0543735e-17  6.1180524e-16  7.4347468e-16  2.0857645e-16  -1.8282499e-16  6.1341091e-16  2.6088965e-16  -6.1054439e-17  -6.4759429e-16  -5.4664347e-16  -5.2905265e-16  -2.3437889e-16  -9.2693444e-16  
1.6342253e-16  -5.1680503e-16  2.2015607e-16  3.4260153e-16  4.7142100e-16  -1.9200109e-16  5.5902791e-16  1.6086094e-16  4.6552075e-16  -8.3364177e-16  -2.5760464e-16  2.5192951e-16  3.1978964e-16  -3.5637408e-16  -3.0998857e-16  -4.9047685e-16  5.6910032e-16  1.0000000   -4.7031491e-16  -2.7948984e-16  -3.7686472e-16  -9.7993589e-18  9.1832668e-17  -4.8794123e-16  2.9021644e-16  5.6424920e-16  -1.4238406e-16  1.3640983e-16  1.6443071e-16  6.1429875e-16  3.6315914e-16  1.6342253e-16  -5.1680503e-16  2.2015607e-16  3.4260153e-16  4.7142100e-16  -1.9200109e-16  5.5902791e-16  1.6086094e-16  4.6552075e-16  -8.3364177e-16  -2.5760464e-16  2.5192951e-16  3.1978964e-16  -3.5637408e-16  -3.0998857e-16  -4.9047685e-16  5.6910032e-16  1.0000000   -4.7031491e-16  -2.7948984e-16  -3.7686472e-16  -9.7993589e-18  9.1832668e-17  -4.8794123e-16  2.9021644e-16  5.6424920e-16  -1.4238406e-16  1.3640983e-16  1.6443071e-16  6.1429875e-16  3.6315914e-16  
-1.5365603e-16  -5.3740294e-16  -6.3469811e-16  4.5070272e-16  4.4790073e-16  -3.5615721e-16  5.6619063e-16  -4.6446967e-16  -7.6756624e-16  -1.6581780e-16  -1.4264296e-16  6.2799279e-16  2.6228203e-16  3.9702778e-16  -5.8370577e-16  7.6646896e-16  6.0543735e-17  -4.7031491e-16  1.0000000   5.2554060e-17  7.4729365e-16  4.0694300e-16  -9.3241585e-17  -1.8188917e-16  -8.0945145e-17  -6.7029715e-16  -4.1438589e-18  8.2612401e-17  3.1984719e-16  -5.5211248e-16  7.8740186e-17  -1.5365603e-16  -5.3740294e-16  -6.3469811e-16  4.5070272e-16  4.4790073e-16  -3.5615721e-16  5.6619063e-16  -4.6446967e-16  -7.6756624e-16  -1.6581780e-16  -1.4264296e-16  6.2799279e-16  2.6228203e-16  3.9702778e-16  -5.8370577e-16  7.6646896e-16  6.0543735e-17  -4.7031491e-16  1.0000000   5.2554060e-17  7.4729365e-16  4.0694300e-16  -9.3241585e-17  -1.8188917e-16  -8.0945145e-17  -6.7029715e-16  -4.1438589e-18  8.2612401e-17  3.1984719e-16  -5.5211248e-16  7.8740186e-17  
-5.8720489e-16  -4.6329472e-16  -1.8108037e-16  -9.6033391e-16  6.5075983e-17  -1.1100554e-16  2.4615150e-16  -2.7961466e-16  -1.2238346e-16  3.9248279e-16  2.0621626e-16  -2.8980021e-16  -1.3807559e-16  -3.9344955e-16  -1.5796834e-17  6.4462350e-16  6.1180524e-16  -2.7948984e-16  5.2554060e-17  1.0000000   -6.6552809e-16  -3.2109421e-16  -1.9326048e-16  7.8048970e-16  7.4095225e-16  9.7432188e-17  1.6894300e-17  -1.7294289e-16  1.2235676e-16  -1.8970149e-16  2.4543812e-16  -5.8720489e-16  -4.6329472e-16  -1.8108037e-16  -9.6033391e-16  6.5075983e-17  -1.1100554e-16  2.4615150e-16  -2.7961466e-16  -1.2238346e-16  3.9248279e-16  2.0621626e-16  -2.8980021e-16  -1.3807559e-16  -3.9344955e-16  -1.5796834e-17  6.4462350e-16  6.1180524e-16  -2.7948984e-16  5.2554060e-17  1.0000000   -6.6552809e-16  -3.2109421e-16  -1.9326048e-16  7.8048970e-16  7.4095225e-16  9.7432188e-17  1.6894300e-17  -1.7294289e-16  1.2235676e-16  -1.8970149e-16  2.4543812e-16  
7.0373655e-17  3.1621896e-16  -9.2264280e-16  1.1597006e-16  -5.3923746e-16  5.4823695e-16  2.9079671e-16  -6.1209070e-16  2.3004204e-16  3.2492498e-16  4.2284671e-16  -7.5191675e-16  -5.9145617e-17  4.1338174e-16  -2.5835689e-16  4.6632973e-16  7.4347468e-16  -3.7686472e-16  7.4729365e-16  -6.6552809e-16  1.0000000   -2.5187787e-16  -3.1281463e-16  8.4097080e-16  3.1521769e-16  2.0080138e-16  6.3554202e-16  2.1024299e-16  6.5422318e-16  -2.9278230e-16  4.9553896e-16  7.0373655e-17  3.1621896e-16  -9.2264280e-16  1.1597006e-16  -5.3923746e-16  5.4823695e-16  2.9079671e-16  -6.1209070e-16  2.3004204e-16  3.2492498e-16  4.2284671e-16  -7.5191675e-16  -5.9145617e-17  4.1338174e-16  -2.5835689e-16  4.6632973e-16  7.4347468e-16  -3.7686472e-16  7.4729365e-16  -6.6552809e-16  1.0000000   -2.5187787e-16  -3.1281463e-16  8.4097080e-16  3.1521769e-16  2.0080138e-16  6.3554202e-16  2.1024299e-16  6.5422318e-16  -2.9278230e-16  4.9553896e-16  
2.8067984e-16  1.1715203e-16  6.8132620e-17  -3.8607581e-16  2.3759698e-16  1.1455407e-16  -6.2401715e-16  2.7909914e-16  -4.4767990e-16  6.1381023e-16  2.3014926e-16  3.4603277e-16  -4.8791704e-16  -3.0545728e-16  -5.3398262e-16  -6.7578534e-16  2.0857645e-16  -9.7993589e-18  4.0694300e-16  -3.2109421e-16  -2.5187787e-16  1.0000000   -5.3929257e-16  5.4213720e-16  -5.2477309e-16  3.0209367e-17  3.8328188e-16  -1.8721049e-16  -3.5476503e-16  2.8327400e-16  3.4545040e-16  2.8067984e-16  1.1715203e-16  6.8132620e-17  -3.8607581e-16  2.3759698e-16  1.1455407e-16  -6.2401715e-16  2.7909914e-16  -4.4767990e-16  6.1381023e-16  2.3014926e-16  3.4603277e-16  -4.8791704e-16  -3.0545728e-16  -5.3398262e-16  -6.7578534e-16  2.0857645e-16  -9.7993589e-18  4.0694300e-16  -3.2109421e-16  -2.5187787e-16  1.0000000   -5.3929257e-16  5.4213720e-16  -5.2477309e-16  3.0209367e-17  3.8328188e-16  -1.8721049e-16  -3.5476503e-16  2.8327400e-16  3.4545040e-16  
-3.2783791e-16  -7.1227831e-16  -7.8125128e-17  -5.4826891e-16  -1.2046149e-16  7.0614926e-17  -2.1122401e-17  -7.4470977e-16  -3.7883970e-16  -5.2666969e-16  2.7979376e-18  -8.4276417e-16  1.0258112e-16  -1.8019492e-16  -2.2582208e-16  1.1133218e-16  -1.8282499e-16  9.1832668e-17  -9.3241585e-17  -1.9326048e-16  -3.1281463e-16  -5.3929257e-16  1.0000000   6.0469036e-16  5.2799167e-16  -4.3934493e-16  -5.5737175e-16  3.6315775e-16  4.6964010e-16  3.4287025e-16  -5.5422324e-16  -3.2783791e-16  -7.1227831e-16  -7.8125128e-17  -5.4826891e-16  -1.2046149e-16  7.0614926e-17  -2.1122401e-17  -7.4470977e-16  -3.7883970e-16  -5.2666969e-16  2.7979376e-18  -8.4276417e-16  1.0258112e-16  -1.8019492e-16  -2.2582208e-16  1.1133218e-16  -1.8282499e-16  9.1832668e-17  -9.3241585e-17  -1.9326048e-16  -3.1281463e-16  -5.3929257e-16  1.0000000   6.0469036e-16  5.2799167e-16  -4.3934493e-16  -5.5737175e-16  3.6315775e-16  4.6964010e-16  3.4287025e-16  -5.5422324e-16  
-1.9341117e-17  3.1846333e-16  1.6519002e-16  3.8851910e-16  4.0627082e-16  -3.3429680e-16  -1.1864513e-16  -4.3559514e-16  6.2568446e-16  -2.4682256e-16  -1.0458032e-16  6.5237059e-16  -1.3525444e-16  2.0441938e-16  1.2134955e-16  2.1724446e-16  6.1341091e-16  -4.8794123e-16  -1.8188917e-16  7.8048970e-16  8.4097080e-16  5.4213720e-16  6.0469036e-16  1.0000000   3.9743508e-16  3.9364967e-16  1.4028001e-16  -1.6710949e-16  5.0140015e-16  -1.8911769e-16  -1.2384844e-16  -1.9341117e-17  3.1846333e-16  1.6519002e-16  3.8851910e-16  4.0627082e-16  -3.3429680e-16  -1.1864513e-16  -4.3559514e-16  6.2568446e-16  -2.4682256e-16  -1.0458032e-16  6.5237059e-16  -1.3525444e-16  2.0441938e-16  1.2134955e-16  2.1724446e-16  6.1341091e-16  -4.8794123e-16  -1.8188917e-16  7.8048970e-16  8.4097080e-16  5.4213720e-16  6.0469036e-16  1.0000000   3.9743508e-16  3.9364967e-16  1.4028001e-16  -1.6710949e-16  5.0140015e-16  -1.8911769e-16  -1.2384844e-16  
-1.4046542e-16  2.6095821e-16  -1.7806798e-16  6.4031928e-16  -9.5952481e-17  -5.6287550e-16  -3.9764642e-16  7.7399466e-16  2.1195539e-16  -6.0788273e-16  -5.6458471e-17  2.3772813e-16  2.7825386e-17  2.1885314e-16  4.2734255e-17  -4.7919856e-16  2.6088965e-16  2.9021644e-16  -8.0945145e-17  7.4095225e-16  3.1521769e-16  -5.2477309e-16  5.2799167e-16  3.9743508e-16  1.0000000   7.2654476e-17  2.6353886e-16  4.0203159e-16  -5.0968959e-16  8.4869517e-17  -1.4374762e-16  -1.4046542e-16  2.6095821e-16  -1.7806798e-16  6.4031928e-16  -9.5952481e-17  -5.6287550e-16  -3.9764642e-16  7.7399466e-16  2.1195539e-16  -6.0788273e-16  -5.6458471e-17  2.3772813e-16  2.7825386e-17  2.1885314e-16  4.2734255e-17  -4.7919856e-16  2.6088965e-16  2.9021644e-16  -8.0945145e-17  7.4095225e-16  3.1521769e-16  -5.2477309e-16  5.2799167e-16  3.9743508e-16  1.0000000   7.2654476e-17  2.6353886e-16  4.0203159e-16  -5.0968959e-16  8.4869517e-17  -1.4374762e-16  
-1.4248580e-16  -8.4605732e-17  -6.8091930e-16  -2.4121165e-16  2.7609107e-16  -6.5553167e-16  -6.2084670e-18  -5.9184779e-16  3.4385200e-17  1.3017953e-16  4.1122663e-16  -7.5394495e-17  2.2975020e-16  3.7829241e-16  6.9681598e-16  -4.7040448e-16  -6.1054439e-17  5.6424920e-16  -6.7029715e-16  9.7432188e-17  2.0080138e-16  3.0209367e-17  -4.3934493e-16  3.9364967e-16  7.2654476e-17  1.0000000   2.2672711e-16  1.0908273e-16  -3.5837429e-16  4.8439969e-16  6.3442331e-16  -1.4248580e-16  -8.4605732e-17  -6.8091930e-16  -2.4121165e-16  2.7609107e-16  -6.5553167e-16  -6.2084670e-18  -5.9184779e-16  3.4385200e-17  1.3017953e-16  4.1122663e-16  -7.5394495e-17  2.2975020e-16  3.7829241e-16  6.9681598e-16  -4.7040448e-16  -6.1054439e-17  5.6424920e-16  -6.7029715e-16  9.7432188e-17  2.0080138e-16  3.0209367e-17  -4.3934493e-16  3.9364967e-16  7.2654476e-17  1.0000000   2.2672711e-16  1.0908273e-16  -3.5837429e-16  4.8439969e-16  6.3442331e-16  
1.3172375e-17  -8.5831749e-16  -5.0419518e-16  1.0249024e-16  -8.7362124e-16  4.0521913e-16  1.5804108e-16  3.4802903e-16  5.1876382e-16  1.5529233e-16  -2.0048318e-16  5.2169930e-16  -6.3050691e-17  -1.8537697e-16  -3.6334144e-16  2.7978830e-16  -6.4759429e-16  -1.4238406e-16  -4.1438589e-18  1.6894300e-17  6.3554202e-16  3.8328188e-16  -5.5737175e-16  1.4028001e-16  2.6353886e-16  2.2672711e-16  1.0000000   2.2074339e-16  -8.0588089e-16  4.1895333e-16  1.0389575e-16  1.3172375e-17  -8.5831749e-16  -5.0419518e-16  1.0249024e-16  -8.7362124e-16  4.0521913e-16  1.5804108e-16  3.4802903e-16  5.1876382e-16  1.5529233e-16  -2.0048318e-16  5.2169930e-16  -6.3050691e-17  -1.8537697e-16  -3.6334144e-16  2.7978830e-16  -6.4759429e-16  -1.4238406e-16  -4.1438589e-18  1.6894300e-17  6.3554202e-16  3.8328188e-16  -5.5737175e-16  1.4028001e-16  2.6353886e-16  2.2672711e-16  1.0000000   2.2074339e-16  -8.0588089e-16  4.1895333e-16  1.0389575e-16  
9.5519475e-17  -2.1644012e-16  -1.1602561e-16  7.6634052e-17  -3.8512138e-16  -4.6978611e-16  3.9029769e-17  -3.0244866e-16  2.3898997e-16  -2.7750964e-16  4.7533723e-16  -6.3798588e-16  -1.1914830e-16  2.1733031e-17  -7.8965891e-17  4.7085132e-16  -5.4664347e-16  1.3640983e-16  8.2612401e-17  -1.7294289e-16  2.1024299e-16  -1.8721049e-16  3.6315775e-16  -1.6710949e-16  4.0203159e-16  1.0908273e-16  2.2074339e-16  1.0000000   4.4573900e-16  -1.4885675e-16  4.8548572e-16  9.5519475e-17  -2.1644012e-16  -1.1602561e-16  7.6634052e-17  -3.8512138e-16  -4.6978611e-16  3.9029769e-17  -3.0244866e-16  2.3898997e-16  -2.7750964e-16  4.7533723e-16  -6.3798588e-16  -1.1914830e-16  2.1733031e-17  -7.8965891e-17  4.7085132e-16  -5.4664347e-16  1.3640983e-16  8.2612401e-17  -1.7294289e-16  2.1024299e-16  -1.8721049e-16  3.6315775e-16  -1.6710949e-16  4.0203159e-16  1.0908273e-16  2.2074339e-16  1.0000000   4.4573900e-16  -1.4885675e-16  4.8548572e-16  
4.3364245e-17  -4.3757730e-16  -2.7828799e-16  4.9124696e-16  1.7028434e-16  -4.6896362e-16  3.5067736e-16  7.5472060e-16  -1.2662118e-16  -2.3159765e-17  7.0128482e-17  -3.9944741e-16  1.0775554e-16  -2.7665320e-16  5.4668839e-16  -7.0305935e-16  -5.2905265e-16  1.6443071e-16  3.1984719e-16  1.2235676e-16  6.5422318e-16  -3.5476503e-16  4.6964010e-16  5.0140015e-16  -5.0968959e-16  -3.5837429e-16  -8.0588089e-16  4.4573900e-16  1.0000000   -4.3805882e-16  -3.0625111e-16  4.3364245e-17  -4.3757730e-16  -2.7828799e-16  4.9124696e-16  1.7028434e-16  -4.6896362e-16  3.5067736e-16  7.5472060e-16  -1.2662118e-16  -2.3159765e-17  7.0128482e-17  -3.9944741e-16  1.0775554e-16  -2.7665320e-16  5.4668839e-16  -7.0305935e-16  -5.2905265e-16  1.6443071e-16  3.1984719e-16  1.2235676e-16  6.5422318e-16  -3.5476503e-16  4.6964010e-16  5.0140015e-16  -5.0968959e-16  -3.5837429e-16  -8.0588089e-16  4.4573900e-16  1.0000000   -4.3805882e-16  -3.0625111e-16  
-1.7572487e-16  1.5600907e-16  -5.0582629e-16  -3.4068446e-16  -1.6306162e-18  8.8961069e-16  6.5493724e-16  -1.6026881e-16  -2.7665276e-16  1.7831587e-17  4.2902673e-16  6.5566445e-16  -1.7682527e-16  -1.9698404e-16  4.4483680e-16  5.8511874e-16  -2.3437889e-16  6.1429875e-16  -5.5211248e-16  -1.8970149e-16  -2.9278230e-16  2.8327400e-16  3.4287025e-16  -1.8911769e-16  8.4869517e-17  4.8439969e-16  4.1895333e-16  -1.4885675e-16  -4.3805882e-16  1.0000000   3.6703854e-16  -1.7572487e-16  1.5600907e-16  -5.0582629e-16  -3.4068446e-16  -1.6306162e-18  8.8961069e-16  6.5493724e-16  -1.6026881e-16  -2.7665276e-16  1.7831587e-17  4.2902673e-16  6.5566445e-16  -1.7682527e-16  -1.9698404e-16  4.4483680e-16  5.8511874e-16  -2.3437889e-16  6.1429875e-16  -5.5211248e-16  -1.8970149e-16  -2.9278230e-16  2.8327400e-16  3.4287025e-16  -1.8911769e-16  8.4869517e-17  4.8439969e-16  4.1895333e-16  -1.4885675e-16  -4.3805882e-16  1.0000000   3.6703854e-16  
-7.6198691e-16  -4.9423532e-16  4.2812579e-16  -1.8202018e-16  -3.0089770e-16  -1.5808027e-17  4.6333468e-17  3.0111030e-16  4.3544037e-16  2.2478114e-16  1.8399687e-16  -1.6493677e-16  4.5502486e-16  3.6261202e-16  8.9443159e-17  -1.7987523e-16  -9.2693444e-16  3.6315914e-16  7.8740186e-17  2.4543812e-16  4.9553896e-16  3.4545040e-16  -5.5422324e-16  -1.2384844e-16  -1.4374762e-16  6.3442331e-16  1.0389575e-16  4.8548572e-16  -3.0625111e-16  3.6703854e-16  1.0000000   -7.6198691e-16  -4.9423532e-16  4.2812579e-16  -1.8202018e-16  -3.0089770e-16  -1.5808027e-17  4.6333468e-17  3.0111030e-16  4.3544037e-16  2.2478114e-16  1.8399687e-16  -1.6493677e-16  4.5502486e-16  3.6261202e-16  8.9443159e-17  -1.7987523e-16  -9.2693444e-16  3.6315914e-16  7.8740186e-17  2.4543812e-16  4.9553896e-16  3.4545040e-16  -5.5422324e-16  -1.2384844e-16  -1.4374762e-16  6.3442331e-16  1.0389575e-16  4.8548572e-16  -3.0625111e-16  3.6703854e-16  1.0000000   
1.0000000   1.6218460e-16  -5.7750543e-16  -3.4646402e-16  -7.6138066e-16  -2.4826412e-16  3.1226430e-16  -3.4621906e-16  3.9529572e-16  -1.9611684e-16  3.6790547e-16  -2.7486864e-16  1.4400999e-16  4.1130551e-16  -6.9101168e-16  -8.5312275e-17  -3.5276051e-16  1.6342253e-16  -1.5365603e-16  -5.8720489e-16  7.0373655e-17  2.8067984e-16  -3.2783791e-16  -1.9341117e-17  -1.4046542e-16  -1.4248580e-16  1.3172375e-17  9.5519475e-17  4.3364245e-17  -1.7572487e-16  -7.6198691e-16  1.0000000   1.6218460e-16  -5.7750543e-16  -3.4646402e-16  -7.6138066e-16  -2.4826412e-16  3.1226430e-16  -3.4621906e-16  3.9529572e-16  -1.9611684e-16  3.6790547e-16  -2.7486864e-16  1.4400999e-16  4.1130551e-16  -6.9101168e-16  -8.5312275e-17  -3.5276051e-16  1.6342253e-16  -1.5365603e-16  -5.8720489e-16  7.0373655e-17  2.8067984e-16  -3.2783791e-16  -1.9341117e-17  -1.4046542e-16  -1.4248580e-16  1.3172375e-17  9.5519475e-17  4.3364245e-17  -1.7572487e-16  -7.6198691e-16  
1.6218460e-16  1.0000000   7.6305188e-16  -3.3978148e-16  -6.0515852e-16  4.5107183e-16  2.7349062e-16  2.6630028e-16  -4.4232686e-17  -4.7245211e-17  -2.2009791e-16  -1.8904671e-16  5.8560579e-16  -3.6337399e-16  -3.1991929e-16  2.3520947e-16  -1.7766703e-16  -5.1680503e-16  -5.3740294e-16  -4.6329472e-16  3.1621896e-16  1.1715203e-16  -7.1227831e-16  3.1846333e-16  2.6095821e-16  -8.4605732e-17  -8.5831749e-16  -2.1644012e-16  -4.3757730e-16  1.5600907e-16  -4.9423532e-16  1.6218460e-16  1.0000000   7.6305188e-16  -3.3978148e-16  -6.0515852e-16  4.5107183e-16  2.7349062e-16  2.6630028e-16  -4.4232686e-17  -4.7245211e-17  -2.2009791e-16  -1.8904671e-16  5.8560579e-16  -3.6337399e-16  -3.1991929e-16  2.3520947e-16  -1.7766703e-16  -5.1680503e-16  -5.3740294e-16  -4.6329472e-16  3.1621896e-16  1.1715203e-16  -7.1227831e-16  3.1846333e-16  2.6095821e-16  -8.4605732e-17  -8.5831749e-16  -2.1644012e-16  -4.3757730e-16  1.5600907e-16  -4.9423532e-16  
-5.7750543e-16  7.6305188e-16  1.0000000   -8.5361356e-16  -5.4166276e-16  6.9645411e-17  -1.0474814e-16  6.3915882e-16  -3.4019268e-16  8.2975790e-16  -2.8341791e-16  2.2896313e-17  -5.7587643e-16  -2.5930073e-16  -1.3876980e-16  2.8475323e-16  -1.2236177e-16  2.2015607e-16  -6.3469811e-16  -1.8108037e-16  -9.2264280e-16  6.8132620e-17  -7.8125128e-17  1.6519002e-16  -1.7806798e-16  -6.8091930e-16  -5.0419518e-16  -1.1602561e-16  -2.7828799e-16  -5.0582629e-16  4.2812579e-16  -5.7750543e-16  7.6305188e-16  1.0000000   -8.5361356e-16  -5.4166276e-16  6.9645411e-17  -1.0474814e-16  6.3915882e-16  -3.4019268e-16  8.2975790e-16  -2.8341791e-16  2.2896313e-17  -5.7587643e-16  -2.5930073e-16  -1.3876980e-16  2.8475323e-16  -1.2236177e-16  2.2015607e-16  -6.3469811e-16  -1.8108037e-16  -9.2264280e-16  6.8132620e-17  -7.8125128e-17  1.6519002e-16  -1.7806798e-16  -6.8091930e-16  -5.0419518e-16  -1.1602561e-16  -2.7828799e-16  -5.0582629e-16  4.2812579e-16  
-3.4646402e-16  -3.3978148e-16  -8.5361356e-16  1.0000000   -1.3836382e-16  8.2919885e-16  -2.7171781e-16  3.3546762e-16  -1.9390115e-17  1.6530309e-16  1.7228928e-16  -1.9166264e-16  -8.2366596e-17  -1.0109222e-16  2.0827114e-17  1.2553750e-17  7.7872281e-16  3.4260153e-16  4.5070272e-16  -9.6033391e-16  1.1597006e-16  -3.8607581e-16  -5.4826891e-16  3.8851910e-16  6.4031928e-16  -2.4121165e-16  1.0249024e-16  7.6634052e-17  4.9124696e-16  -3.4068446e-16  -1.8202018e-16  -3.4646402e-16  -3.3978148e-16  -8.5361356e-16  1.0000000   -1.3836382e-16  8.2919885e-16  -2.7171781e-16  3.3546762e-16  -1.9390115e-17  1.6530309e-16  1.7228928e-16  -1.9166264e-16  -8.2366596e-17  -1.0109222e-16  2.0827114e-17  1.2553750e-17  7.7872281e-16  3.4260153e-16  4.5070272e-16  -9.6033391e-16  1.1597006e-16  -3.8607581e-16  -5.4826891e-16  3.8851910e-16  6.4031928e-16  -2.4121165e-16  1.0249024e-16  7.6634052e-17  4.9124696e-16  -3.4068446e-16  -1.8202018e-16  
-7.6138066e-16  -6.0515852e-16  -5.4166276e-16  -1.3836382e-16  1.0000000   -2.6853599e-16  -3.8613815e-16  -2.2788727e-16  -3.7440073e-16  9.8150029e-17  5.2241434e-16  -4.5033155e-16  -2.2142962e-16  -2.1275650e-16  3.8506700e-16  2.2590118e-16  1.5012285e-16  4.7142100e-16  4.4790073e-16  6.5075983e-17  -5.3923746e-16  2.3759698e-16  -1.2046149e-16  4.0627082e-16  -9.5952481e-17  2.7609107e-16  -8.7362124e-16  -3.8512138e-16  1.7028434e-16  -1.6306162e-18  -3.0089770e-16  -7.6138066e-16  -6.0515852e-16  -5.4166276e-16  -1.3836382e-16  1.0000000   -2.6853599e-16  -3.8613815e-16  -2.2788727e-16  -3.7440073e-16  9.8150029e-17  5.2241434e-16  -4.5033155e-16  -2.2142962e-16  -2.1275650e-16  3.8506700e-16  2.2590118e-16  1.5012285e-16  4.7142100e-16  4.4790073e-16  6.5075983e-17  -5.3923746e-16  2.3759698e-16  -1.2046149e-16  4.0627082e-16  -9.5952481e-17  2.7609107e-16  -8.7362124e-16  -3.8512138e-16  1.7028434e-16  -1.6306162e-18  -3.0089770e-16  
-2.4826412e-16  4.5107183e-16  6.9645411e-17  8.2919885e-16  -2.6853599e-16  1.0000000   3.5989115e-16  3.5118474e-16  3.5010596e-16  -3.6664517e-16  5.5809919e-16  9.5602653e-17  1.1780122e-16  -4.1009187e-16  7.7271975e-16  -8.3045215e-16  -2.4752841e-16  -1.9200109e-16  -3.5615721e-16  -1.1100554e-16  5.4823695e-16  1.1455407e-16  7.0614926e-17  -3.3429680e-16  -5.6287550e-16  -6.5553167e-16  4.0521913e-16  -4.6978611e-16  -4.6896362e-16  8.8961069e-16  -1.5808027e-17  -2.4826412e-16  4.5107183e-16  6.9645411e-17  8.2919885e-16  -2.6853599e-16  1.0000000   3.5989115e-16  3.5118474e-16  3.5010596e-16  -3.6664517e-16  5.5809919e-16  9.5602653e-17  1.1780122e-16  -4.1009187e-16  7.7271975e-16  -8.3045215e-16  -2.4752841e-16  -1.9200109e-16  -3.5615721e-16  -1.1100554e-16  5.4823695e-16  1.1455407e-16  7.0614926e-17  -3.3429680e-16  -5.6287550e-16  -6.5553167e-16  4.0521913e-16  -4.6978611e-16  -4.6896362e-16  8.8961069e-16  -1.5808027e-17  
3.1226430e-16  2.7349062e-16  -1.0474814e-16  -2.7171781e-16  -3.8613815e-16  3.5989115e-16  1.0000000   -3.0924876e-16  -1.2752943e-16  6.4417378e-16  4.2217861e-16  -6.8443813e-16  -1.7678024e-17  6.6914294e-16  5.4317477e-16  1.7221828e-16  -6.2203764e-17  5.5902791e-16  5.6619063e-16  2.4615150e-16  2.9079671e-16  -6.2401715e-16  -2.1122401e-17  -1.1864513e-16  -3.9764642e-16  -6.2084670e-18  1.5804108e-16  3.9029769e-17  3.5067736e-16  6.5493724e-16  4.6333468e-17  3.1226430e-16  2.7349062e-16  -1.0474814e-16  -2.7171781e-16  -3.8613815e-16  3.5989115e-16  1.0000000   -3.0924876e-16  -1.2752943e-16  6.4417378e-16  4.2217861e-16  -6.8443813e-16  -1.7678024e-17  6.6914294e-16  5.4317477e-16  1.7221828e-16  -6.2203764e-17  5.5902791e-16  5.6619063e-16  2.4615150e-16  2.9079671e-16  -6.2401715e-16  -2.1122401e-17  -1.1864513e-16  -3.9764642e-16  -6.2084670e-18  1.5804108e-16  3.9029769e-17  3.5067736e-16  6.5493724e-16  4.6333468e-17  
-3.4621906e-16  2.6630028e-16  6.3915882e-16  3.3546762e-16  -2.2788727e-16  3.5118474e-16  -3.0924876e-16  1.0000000   -5.4410850e-17  8.8658749e-16  -4.5420391e-16  2.7816122e-16  1.3728401e-16  5.3878307e-16  -6.5567694e-16  1.0043862e-15  6.3638358e-16  1.6086094e-16  -4.6446967e-16  -2.7961466e-16  -6.1209070e-16  2.7909914e-16  -7.4470977e-16  -4.3559514e-16  7.7399466e-16  -5.9184779e-16  3.4802903e-16  -3.0244866e-16  7.5472060e-16  -1.6026881e-16  3.0111030e-16  -3.4621906e-16  2.6630028e-16  6.3915882e-16  3.3546762e-16  -2.2788727e-16  3.5118474e-16  -3.0924876e-16  1.0000000   -5.4410850e-17  8.8658749e-16  -4.5420391e-16  2.7816122e-16  1.3728401e-16  5.3878307e-16  -6.5567694e-16  1.0043862e-15  6.3638358e-16  1.6086094e-16  -4.6446967e-16  -2.7961466e-16  -6.1209070e-16  2.7909914e-16  -7.4470977e-16  -4.3559514e-16  7.7399466e-16  -5.9184779e-16  3.4802903e-16  -3.0244866e-16  7.5472060e-16  -1.6026881e-16  3.0111030e-16  
3.9529572e-16  -4.4232686e-17  -3.4019268e-16  -1.9390115e-17  -3.7440073e-16  3.5010596e-16  -1.2752943e-16  -5.4410850e-17  1.0000000   8.5579249e-17  1.1704047e-16  -5.6490591e-16  -3.4183522e-16  -1.7190347e-16  -7.9555266e-16  6.3865260e-16  -9.8508160e-16  4.6552075e-16  -7.6756624e-16  -1.2238346e-16  2.3004204e-16  -4.4767990e-16  -3.7883970e-16  6.2568446e-16  2.1195539e-16  3.4385200e-17  5.1876382e-16  2.3898997e-16  -1.2662118e-16  -2.7665276e-16  4.3544037e-16  3.9529572e-16  -4.4232686e-17  -3.4019268e-16  -1.9390115e-17  -3.7440073e-16  3.5010596e-16  -1.2752943e-16  -5.4410850e-17  1.0000000   8.5579249e-17  1.1704047e-16  -5.6490591e-16  -3.4183522e-16  -1.7190347e-16  -7.9555266e-16  6.3865260e-16  -9.8508160e-16  4.6552075e-16  -7.6756624e-16  -1.2238346e-16  2.3004204e-16  -4.4767990e-16  -3.7883970e-16  6.2568446e-16  2.1195539e-16  3.4385200e-17  5.1876382e-16  2.3898997e-16  -1.2662118e-16  -2.7665276e-16  4.3544037e-16  
-1.9611684e-16  -4.7245211e-17  8.2975790e-16  1.6530309e-16  9.8150029e-17  -3.6664517e-16  6.4417378e-16  8.8658749e-16  8.5579249e-17  1.0000000   1.2844071e-16  2.7488640e-16  1.5521228e-16  -8.2624765e-17  -3.8709568e-16  -4.2009307e-17  -3.7842628e-16  -8.3364177e-16  -1.6581780e-16  3.9248279e-16  3.2492498e-16  6.1381023e-16  -5.2666969e-16  -2.4682256e-16  -6.0788273e-16  1.3017953e-16  1.5529233e-16  -2.7750964e-16  -2.3159765e-17  1.7831587e-17  2.2478114e-16  -1.9611684e-16  -4.7245211e-17  8.2975790e-16  1.6530309e-16  9.8150029e-17  -3.6664517e-16  6.4417378e-16  8.8658749e-16  8.5579249e-17  1.0000000   1.2844071e-16  2.7488640e-16  1.5521228e-16  -8.2624765e-17  -3.8709568e-16  -4.2009307e-17  -3.7842628e-16  -8.3364177e-16  -1.6581780e-16  3.9248279e-16  3.2492498e-16  6.1381023e-16  -5.2666969e-16  -2.4682256e-16  -6.0788273e-16  1.3017953e-16  1.5529233e-16  -2.7750964e-16  -2.3159765e-17  1.7831587e-17  2.2478114e-16  
