1.0000000   -3.4678109e-16  -4.0623379e-16  1.0750447e-15  -1.7123577e-16  2.9154601e-16  -5.5459567e-16  6.4122943e-16  1.4624541e-16  -7.0579158e-16  3.0395391e-16  -8.7389345e-17  -3.9501985e-16  3.4890830e-16  -7.0564811e-16  -4.3620028e-16  3.9566104e-16  -3.1690903e-16  -4.6348157e-16  1.3883590e-16  -3.3594535e-16  6.5067030e-17  -3.2204927e-16  -1.9499360e-18  1.3414381e-16  -5.8203930e-17  8.2895723e-18  1.1007545e-16  -3.6864991e-16  -3.1376348e-16  3.4545765e-16  1.0000000   -3.4678109e-16  -4.0623379e-16  1.0750447e-15  -1.7123577e-16  2.9154601e-16  -5.5459567e-16  6.4122943e-16  1.4624541e-16  -7.0579158e-16  3.0395391e-16  -8.7389345e-17  -3.9501985e-16  3.4890830e-16  -7.0564811e-16  -4.3620028e-16  3.9566104e-16  -3.1690903e-16  -4.6348157e-16  1.3883590e-16  -3.3594535e-16  6.5067030e-17  -3.2204927e-16  -1.9499360e-18  1.3414381e-16  -5.8203930e-17  8.2895723e-18  1.1007545e-16  -3.6864991e-16  -3.1376348e-16  3.4545765e-16  
-3.4678109e-16  1.0000000   -1.1156217e-16  -3.2223571e-16  -5.2461999e-16  1.1973373e-16  3.0422967e-16  -3.2728674e-16  5.4359785e-16  4.3167666e-16  3.7589381e-16  3.0090386e-16  1.5983062e-17  3.4511363e-16  -1.5267675e-16  1.3172298e-16  3.5656730e-16  -9.5314301e-18  8.4889431e-16  3.0384165e-16  -4.9947014e-16  7.6317685e-17  -3.8367966e-16  1.4982736e-16  1.9505215e-16  2.6417769e-16  -4.8197675e-16  -5.1463390e-16  4.1024760e-16  4.3060089e-16  -2.5200207e-16  -3.4678109e-16  1.0000000   -1.1156217e-16  -3.2223571e-16  -5.2461999e-16  1.1973373e-16  3.0422967e-16  -3.2728674e-16  5.4359785e-16  4.3167666e-16  3.7589381e-16  3.0090386e-16  1.5983062e-17  3.4511363e-16  -1.5267675e-16  1.3172298e-16  3.5656730e-16  -9.5314301e-18  8.4889431e-16  3.0384165e-16  -4.9947014e-16  7.6317685e-17  -3.8367966e-16  1.4982736e-16  1.9505215e-16  2.6417769e-16  -4.8197675e-16  -5.1463390e-16  4.1024760e-16  4.3060089e-16  -2.5200207e-16  
-4.0623379e-16  -1.1156217e-16  1.0000000   4.3808533e-16  4.5056492e-16  -1.1732974e-17  -4.0218093e-16  -2.4899245e-16  -1.1880249e-15  4.3529177e-16  -1.0641826e-16  -4.0151023e-16  1.5939313e-16  3.7119466e-16  -6.6509473e-16  6.4592904e-18  7.5079773e-16  -3.1740112e-16  1.6688572e-17  -5.4714549e-16  2.6160662e-16  -2.6013624e-16  8.1622892e-16  -6.3061043e-16  5.3721857e-16  1.8190157e-16  5.6672803e-16  -9.2770236e-16  6.7705387e-17  -5.8479403e-16  1.2340929e-16  -4.0623379e-16  -1.1156217e-16  1.0000000   4.3808533e-16  4.5056492e-16  -1.1732974e-17  -4.0218093e-16  -2.4899245e-16  -1.1880249e-15  4.3529177e-16  -1.0641826e-16  -4.0151023e-16  1.5939313e-16  3.7119466e-16  -6.6509473e-16  6.4592904e-18  7.5079773e-16  -3.1740112e-16  1.6688572e-17  -5.4714549e-16  2.6160662e-16  -2.6013624e-16  8.1622892e-16  -6.3061043e-16  5.3721857e-16  1.8190157e-16  5.6672803e-16  -9.2770236e-16  6.7705387e-17  -5.8479403e-16  1.2340929e-16  
1.0750447e-15  -3.2223571e-16  4.3808533e-16  1.0000000   1.8177764e-17  -3.8388456e-16  -8.5065831e-18  -1.6046781e-16  2.0070477e-16  4.2922445e-17  1.3648261e-16  -5.5222734e-16  8.1176072e-16  -2.9901928e-16  -7.9338919e-16  9.9859675e-17  -1.1175772e-16  1.1563788e-15  -2.7273346e-16  -7.0519217e-16  5.5700658e-16  -6.3352430e-16  4.3294281e-16  -3.0390392e-16  -2.7783651e-16  1.7193954e-16  -4.0046328e-16  -5.3882564e-16  6.3257909e-18  -6.8584737e-16  3.2737577e-16  1.0750447e-15  -3.2223571e-16  4.3808533e-16  1.0000000   1.8177764e-17  -3.8388456e-16  -8.5065831e-18  -1.6046781e-16  2.0070477e-16  4.2922445e-17  1.3648261e-16  -5.5222734e-16  8.1176072e-16  -2.9901928e-16  -7.9338919e-16  9.9859675e-17  -1.1175772e-16  1.1563788e-15  -2.7273346e-16  -7.0519217e-16  5.5700658e-16  -6.3352430e-16  4.3294281e-16  -3.0390392e-16  -2.7783651e-16  1.7193954e-16  -4.0046328e-16  -5.3882564e-16  6.3257909e-18  -6.8584737e-16  3.2737577e-16  
-1.7123577e-16  -5.2461999e-16  4.5056492e-16  1.8177764e-17  1.0000000   1.4032864e-17  -2.4518954e-16  1.2265078e-16  -1.0227512e-15  -3.4535468e-16  6.4194490e-16  2.3287701e-16  3.1348378e-16  2.5145838e-16  1.5642125e-16  5.0508160e-16  -2.3721027e-16  -5.2191029e-16  -2.0766179e-16  1.8600781e-16  -7.1050465e-16  6.7403475e-16  3.8969971e-16  -6.5164263e-16  -6.3985927e-16  1.3926910e-16  -5.5258735e-16  -1.9637783e-16  -7.3336887e-17  4.5672788e-16  2.2697479e-16  -1.7123577e-16  -5.2461999e-16  4.5056492e-16  1.8177764e-17  1.0000000   1.4032864e-17  -2.4518954e-16  1.2265078e-16  -1.0227512e-15  -3.4535468e-16  6.4194490e-16  2.3287701e-16  3.1348378e-16  2.5145838e-16  1.5642125e-16  5.0508160e-16  -2.3721027e-16  -5.2191029e-16  -2.0766179e-16  1.8600781e-16  -7.1050465e-16  6.7403475e-16  3.8969971e-16  -6.5164263e-16  -6.3985927e-16  1.3926910e-16  -5.5258735e-16  -1.9637783e-16  -7.3336887e-17  4.5672788e-16  2.2697479e-16  
2.9154601e-16  1.1973373e-16  -1.1732974e-17  -3.8388456e-16  1.4032864e-17  1.0000000   -2.9462764e-16  -1.6161719e-16  -8.1983786e-16  7.7532665e-18  -8.9039504e-16  6.3803839e-17  8.8571161e-16  5.7975463e-16  9.1466012e-16  -3.1637698e-16  3.5611609e-16  -3.6813014e-16  3.3398129e-16  4.6976582e-16  -2.3599972e-16  -5.1674037e-16  3.9751198e-16  1.1729537e-16  9.8375599e-16  6.7994265e-16  5.5655990e-16  2.1350488e-16  -7.3451757e-16  -4.3732345e-16  -5.3026629e-17  2.9154601e-16  1.1973373e-16  -1.1732974e-17  -3.8388456e-16  1.4032864e-17  1.0000000   -2.9462764e-16  -1.6161719e-16  -8.1983786e-16  7.7532665e-18  -8.9039504e-16  6.3803839e-17  8.8571161e-16  5.7975463e-16  9.1466012e-16  -3.1637698e-16  3.5611609e-16  -3.6813014e-16  3.3398129e-16  4.6976582e-16  -2.3599972e-16  -5.1674037e-16  3.9751198e-16  1.1729537e-16  9.8375599e-16  6.7994265e-16  5.5655990e-16  2.1350488e-16  -7.3451757e-16  -4.3732345e-16  -5.3026629e-17  
-5.5459567e-16  3.0422967e-16  -4.0218093e-16  -8.5065831e-18  -2.4518954e-16  -2.9462764e-16  1.0000000   1.7124039e-16  1.3526349e-16  4.1435749e-16  2.2272212e-16  -2.3036814e-16  -6.4594787e-16  -5.0401839e-17  5.6928453e-16  6.5516446e-16  -7.9267670e-16  3.9667248e-16  2.0733466e-16  -1.4384042e-18  5.6427994e-16  4.3680361e-16  3.2634859e-17  -5.6317407e-17  -2.7229190e-16  -8.9297893e-17  -4.8060764e-16  -4.2013087e-16  -6.9547881e-17  6.9925274e-16  6.3623101e-16  -5.5459567e-16  3.0422967e-16  -4.0218093e-16  -8.5065831e-18  -2.4518954e-16  -2.9462764e-16  1.0000000   1.7124039e-16  1.3526349e-16  4.1435749e-16  2.2272212e-16  -2.3036814e-16  -6.4594787e-16  -5.0401839e-17  5.6928453e-16  6.5516446e-16  -7.9267670e-16  3.9667248e-16  2.0733466e-16  -1.4384042e-18  5.6427994e-16  4.3680361e-16  3.2634859e-17  -5.6317407e-17  -2.7229190e-16  -8.9297893e-17  -4.8060764e-16  -4.2013087e-16  -6.9547881e-17  6.9925274e-16  6.3623101e-16  
6.4122943e-16  -3.2728674e-16  -2.4899245e-16  -1.6046781e-16  1.2265078e-16  -1.6161719e-16  1.7124039e-16  1.0000000   8.0181064e-16  2.7854586e-16  2.3233394e-16  -5.2908528e-16  2.1587554e-17  -2.5832849e-16  6.1976835e-17  1.6298774e-16  -3.0252838e-16  2.8998735e-16  -1.4418825e-16  4.5739527e-16  2.3498745e-16  -2.3336851e-17  -7.5273091e-16  -4.0113084e-16  -1.2001616e-16  -2.1327356e-16  4.3721383e-16  -2.2065258e-17  -2.4421594e-16  -3.6512658e-16  6.2805345e-16  6.4122943e-16  -3.2728674e-16  -2.4899245e-16  -1.6046781e-16  1.2265078e-16  -1.6161719e-16  1.7124039e-16  1.0000000   8.0181064e-16  2.7854586e-16  2.3233394e-16  -5.2908528e-16  2.1587554e-17  -2.5832849e-16  6.1976835e-17  1.6298774e-16  -3.0252838e-16  2.8998735e-16  -1.4418825e-16  4.5739527e-16  2.3498745e-16  -2.3336851e-17  -7.5273091e-16  -4.0113084e-16  -1.2001616e-16  -2.1327356e-16  4.3721383e-16  -2.2065258e-17  -2.4421594e-16  -3.6512658e-16  6.2805345e-16  
1.4624541e-16  5.4359785e-16  -1.1880249e-15  2.0070477e-16  -1.0227512e-15  -8.1983786e-16  1.3526349e-16  8.0181064e-16  1.0000000   -1.4090105e-16  -4.3082115e-16  -1.6416453e-16  -4.0574313e-16  -4.2838128e-16  -6.1419100e-17  1.6455207e-16  3.1916554e-16  1.1517126e-15  -2.0879482e-16  -6.3228654e-17  -5.8024268e-17  -2.6226907e-16  2.0131037e-16  -3.2018409e-16  2.1385741e-16  3.4155590e-16  -4.5936326e-16  -8.3677180e-17  -1.7766583e-16  7.1004979e-17  -7.5226559e-17  1.4624541e-16  5.4359785e-16  -1.1880249e-15  2.0070477e-16  -1.0227512e-15  -8.1983786e-16  1.3526349e-16  8.0181064e-16  1.0000000   -1.4090105e-16  -4.3082115e-16  -1.6416453e-16  -4.0574313e-16  -4.2838128e-16  -6.1419100e-17  1.6455207e-16  3.1916554e-16  1.1517126e-15  -2.0879482e-16  -6.3228654e-17  -5.8024268e-17  -2.6226907e-16  2.0131037e-16  -3.2018409e-16  2.1385741e-16  3.4155590e-16  -4.5936326e-16  -8.3677180e-17  -1.7766583e-16  7.1004979e-17  -7.5226559e-17  
-7.0579158e-16  4.3167666e-16  4.3529177e-16  4.2922445e-17  -3.4535468e-16  7.7532665e-18  4.1435749e-16  2.7854586e-16  -1.4090105e-16  1.0000000   -2.2664894e-16  1.3263000e-16  -1.4317826e-16  -4.1374994e-16  -4.6202846e-16  -3.4495686e-16  3.4643534e-16  -9.0911249e-17  1.2272631e-17  -2.3366674e-16  -2.0651301e-17  -2.3608501e-16  -1.1162409e-17  7.3807245e-16  1.1133943e-16  -5.2135244e-16  2.3338099e-16  -6.6037288e-16  -2.0531373e-16  -3.2906702e-16  9.1506062e-16  -7.0579158e-16  4.3167666e-16  4.3529177e-16  4.2922445e-17  -3.4535468e-16  7.7532665e-18  4.1435749e-16  2.7854586e-16  -1.4090105e-16  1.0000000   -2.2664894e-16  1.3263000e-16  -1.4317826e-16  -4.1374994e-16  -4.6202846e-16  -3.4495686e-16  3.4643534e-16  -9.0911249e-17  1.2272631e-17  -2.3366674e-16  -2.0651301e-17  -2.3608501e-16  -1.1162409e-17  7.3807245e-16  1.1133943e-16  -5.2135244e-16  2.3338099e-16  -6.6037288e-16  -2.0531373e-16  -3.2906702e-16  9.1506062e-16  
3.0395391e-16  3.7589381e-16  -1.0641826e-16  1.3648261e-16  6.4194490e-16  -8.9039504e-16  2.2272212e-16  2.3233394e-16  -4.3082115e-16  -2.2664894e-16  1.0000000   8.9956588e-17  2.5039902e-17  3.4017920e-16  -9.6447205e-17  -3.8341665e-16  -6.9812154e-16  7.8447545e-16  -2.6847841e-16  -2.2339562e-17  7.7083104e-18  -8.6469392e-17  1.5120416e-16  1.6625674e-16  -1.0789620e-16  3.2832455e-16  -1.5215166e-16  2.4590388e-16  -3.3267672e-17  -6.9826823e-16  6.5281951e-16  3.0395391e-16  3.7589381e-16  -1.0641826e-16  1.3648261e-16  6.4194490e-16  -8.9039504e-16  2.2272212e-16  2.3233394e-16  -4.3082115e-16  -2.2664894e-16  1.0000000   8.9956588e-17  2.5039902e-17  3.4017920e-16  -9.6447205e-17  -3.8341665e-16  -6.9812154e-16  7.8447545e-16  -2.6847841e-16  -2.2339562e-17  7.7083104e-18  -8.6469392e-17  1.5120416e-16  1.6625674e-16  -1.0789620e-16  3.2832455e-16  -1.5215166e-16  2.4590388e-16  -3.3267672e-17  -6.9826823e-16  6.5281951e-16  
-8.7389345e-17  3.0090386e-16  -4.0151023e-16  -5.5222734e-16  2.3287701e-16  6.3803839e-17  -2.3036814e-16  -5.2908528e-16  -1.6416453e-16  1.3263000e-16  8.9956588e-17  1.0000000   -7.5614860e-16  3.3052300e-16  -4.2167103e-19  2.5695350e-17  3.2087515e-16  3.0254783e-16  4.5165637e-16  -4.9459763e-16  -7.5311857e-16  3.0840187e-16  6.0042120e-16  8.6684272e-17  4.4875256e-16  7.5805548e-16  -2.4151901e-16  -4.9115478e-16  6.9146775e-16  -1.8028685e-16  -5.3396105e-16  -8.7389345e-17  3.0090386e-16  -4.0151023e-16  -5.5222734e-16  2.3287701e-16  6.3803839e-17  -2.3036814e-16  -5.2908528e-16  -1.6416453e-16  1.3263000e-16  8.9956588e-17  1.0000000   -7.5614860e-16  3.3052300e-16  -4.2167103e-19  2.5695350e-17  3.2087515e-16  3.0254783e-16  4.5165637e-16  -4.9459763e-16  -7.5311857e-16  3.0840187e-16  6.0042120e-16  8.6684272e-17  4.4875256e-16  7.5805548e-16  -2.4151901e-16  -4.9115478e-16  6.9146775e-16  -1.8028685e-16  -5.3396105e-16  
-3.9501985e-16  1.5983062e-17  1.5939313e-16  8.1176072e-16  3.1348378e-16  8.8571161e-16  -6.4594787e-16  2.1587554e-17  -4.0574313e-16  -1.4317826e-16  2.5039902e-17  -7.5614860e-16  1.0000000   -2.5036026e-16  8.4184440e-16  -6.7702477e-17  7.3851393e-17  -2.2502492e-17  4.0179927e-16  2.5536106e-16  -2.0153456e-16  -5.9560695e-16  -7.8573053e-17  6.6951337e-17  1.0966631e-16  7.2887643e-16  -5.7061654e-16  -1.3184233e-16  -3.6488627e-16  -2.4117585e-16  -6.8457111e-16  -3.9501985e-16  1.5983062e-17  1.5939313e-16  8.1176072e-16  3.1348378e-16  8.8571161e-16  -6.4594787e-16  2.1587554e-17  -4.0574313e-16  -1.4317826e-16  2.5039902e-17  -7.5614860e-16  1.0000000   -2.5036026e-16  8.4184440e-16  -6.7702477e-17  7.3851393e-17  -2.2502492e-17  4.0179927e-16  2.5536106e-16  -2.0153456e-16  -5.9560695e-16  -7.8573053e-17  6.6951337e-17  1.0966631e-16  7.2887643e-16  -5.7061654e-16  -1.3184233e-16  -3.6488627e-16  -2.4117585e-16  -6.8457111e-16  
3.4890830e-16  3.4511363e-16  3.7119466e-16  -2.9901928e-16  2.5145838e-16  5.7975463e-16  -5.0401839e-17  -2.5832849e-16  -4.2838128e-16  -4.1374994e-16  3.4017920e-16  3.3052300e-16  -2.5036026e-16  1.0000000   1.0072115e-16  3.1163435e-16  -3.8418340e-16  1.8352872e-16  4.9461936e-16  4.7998733e-16  1.3191141e-15  4.8531618e-16  -2.0439009e-16  -2.8573505e-17  -7.0561815e-19  -6.1320493e-16  3.2704254e-16  -3.8109698e-16  -3.6241070e-16  -5.8073578e-17  -1.3148717e-16  3.4890830e-16  3.4511363e-16  3.7119466e-16  -2.9901928e-16  2.5145838e-16  5.7975463e-16  -5.0401839e-17  -2.5832849e-16  -4.2838128e-16  -4.1374994e-16  3.4017920e-16  3.3052300e-16  -2.5036026e-16  1.0000000   1.0072115e-16  3.1163435e-16  -3.8418340e-16  1.8352872e-16  4.9461936e-16  4.7998733e-16  1.3191141e-15  4.8531618e-16  -2.0439009e-16  -2.8573505e-17  -7.0561815e-19  -6.1320493e-16  3.2704254e-16  -3.8109698e-16  -3.6241070e-16  -5.8073578e-17  -1.3148717e-16  
-7.0564811e-16  -1.5267675e-16  -6.6509473e-16  -7.9338919e-16  1.5642125e-16  9.1466012e-16  5.6928453e-16  6.1976835e-17  -6.1419100e-17  -4.6202846e-16  -9.6447205e-17  -4.2167103e-19  8.4184440e-16  1.0072115e-16  1.0000000   4.0813078e-17  1.0152858e-15  1.4190380e-16  -2.8576798e-16  4.8904355e-16  2.6782835e-16  -4.4996500e-16  1.8622198e-16  2.2512326e-16  -2.0498643e-16  8.2281409e-18  4.6596619e-16  -1.4403042e-16  -2.0423931e-16  4.7062868e-16  1.8781725e-16  -7.0564811e-16  -1.5267675e-16  -6.6509473e-16  -7.9338919e-16  1.5642125e-16  9.1466012e-16  5.6928453e-16  6.1976835e-17  -6.1419100e-17  -4.6202846e-16  -9.6447205e-17  -4.2167103e-19  8.4184440e-16  1.0072115e-16  1.0000000   4.0813078e-17  1.0152858e-15  1.4190380e-16  -2.8576798e-16  4.8904355e-16  2.6782835e-16  -4.4996500e-16  1.8622198e-16  2.2512326e-16  -2.0498643e-16  8.2281409e-18  4.6596619e-16  -1.4403042e-16  -2.0423931e-16  4.7062868e-16  1.8781725e-16  
-4.3620028e-16  1.3172298e-16  6.4592904e-18  9.9859675e-17  5.0508160e-16  -3.1637698e-16  6.5516446e-16  1.6298774e-16  1.6455207e-16  -3.4495686e-16  -3.8341665e-16  2.5695350e-17  -6.7702477e-17  3.1163435e-16  4.0813078e-17  1.0000000   -6.9991714e-16  -1.2816821e-16  3.3533227e-16  -8.3075748e-16  -6.2859284e-17  3.6144219e-17  6.4900275e-16  -1.2217816e-16  2.7575450e-16  7.1747962e-16  -1.5077856e-16  4.7851920e-16  3.8804305e-17  -2.6665694e-16  5.4950156e-16  -4.3620028e-16  1.3172298e-16  6.4592904e-18  9.9859675e-17  5.0508160e-16  -3.1637698e-16  6.5516446e-16  1.6298774e-16  1.6455207e-16  -3.4495686e-16  -3.8341665e-16  2.5695350e-17  -6.7702477e-17  3.1163435e-16  4.0813078e-17  1.0000000   -6.9991714e-16  -1.2816821e-16  3.3533227e-16  -8.3075748e-16  -6.2859284e-17  3.6144219e-17  6.4900275e-16  -1.2217816e-16  2.7575450e-16  7.1747962e-16  -1.5077856e-16  4.7851920e-16  3.8804305e-17  -2.6665694e-16  5.4950156e-16  
3.9566104e-16  3.5656730e-16  7.5079773e-16  -1.1175772e-16  -2.3721027e-16  3.5611609e-16  -7.9267670e-16  -3.0252838e-16  3.1916554e-16  3.4643534e-16  -6.9812154e-16  3.2087515e-16  7.3851393e-17  -3.8418340e-16  1.0152858e-15  -6.9991714e-16  1.0000000   -1.1835372e-16  -3.1843583e-16  1.0834953e-16  2.2965683e-16  -3.3154656e-16  5.9839548e-16  7.7155305e-18  -4.5824046e-16  6.5895308e-16  1.9695215e-16  7.5064628e-16  -8.9882219e-17  8.5558646e-17  -8.8281876e-16  3.9566104e-16  3.5656730e-16  7.5079773e-16  -1.1175772e-16  -2.3721027e-16  3.5611609e-16  -7.9267670e-16  -3.0252838e-16  3.1916554e-16  3.4643534e-16  -6.9812154e-16  3.2087515e-16  7.3851393e-17  -3.8418340e-16  1.0152858e-15  -6.9991714e-16  1.0000000   -1.1835372e-16  -3.1843583e-16  1.0834953e-16  2.2965683e-16  -3.3154656e-16  5.9839548e-16  7.7155305e-18  -4.5824046e-16  6.5895308e-16  1.9695215e-16  7.5064628e-16  -8.9882219e-17  8.5558646e-17  -8.8281876e-16  
-3.1690903e-16  -9.5314301e-18  -3.1740112e-16  1.1563788e-15  -5.2191029e-16  -3.6813014e-16  3.9667248e-16  2.8998735e-16  1.1517126e-15  -9.0911249e-17  7.8447545e-16  3.0254783e-16  -2.2502492e-17  1.8352872e-16  1.4190380e-16  -1.2816821e-16  -1.1835372e-16  1.0000000   -4.9345510e-16  -3.9304484e-16  1.9792127e-16  6.2593036e-16  -1.5602004e-16  1.7415171e-16  4.7003511e-16  -4.7362222e-16  3.2269918e-16  -2.5561786e-16  -6.0943513e-16  3.6345089e-17  2.2030843e-16  -3.1690903e-16  -9.5314301e-18  -3.1740112e-16  1.1563788e-15  -5.2191029e-16  -3.6813014e-16  3.9667248e-16  2.8998735e-16  1.1517126e-15  -9.0911249e-17  7.8447545e-16  3.0254783e-16  -2.2502492e-17  1.8352872e-16  1.4190380e-16  -1.2816821e-16  -1.1835372e-16  1.0000000   -4.9345510e-16  -3.9304484e-16  1.9792127e-16  6.2593036e-16  -1.5602004e-16  1.7415171e-16  4.7003511e-16  -4.7362222e-16  3.2269918e-16  -2.5561786e-16  -6.0943513e-16  3.6345089e-17  2.2030843e-16  
-4.6348157e-16  8.4889431e-16  1.6688572e-17  -2.7273346e-16  -2.0766179e-16  3.3398129e-16  2.0733466e-16  -1.4418825e-16  -2.0879482e-16  1.2272631e-17  -2.6847841e-16  4.5165637e-16  4.0179927e-16  4.9461936e-16  -2.8576798e-16  3.3533227e-16  -3.1843583e-16  -4.9345510e-16  1.0000000   -4.7717788e-16  3.0424009e-16  -1.9190394e-16  8.0664133e-16  1.7476431e-16  6.7125664e-16  -2.3936082e-16  5.5700707e-16  3.3723958e-16  3.7175274e-16  2.2829735e-16  -3.0361503e-16  -4.6348157e-16  8.4889431e-16  1.6688572e-17  -2.7273346e-16  -2.0766179e-16  3.3398129e-16  2.0733466e-16  -1.4418825e-16  -2.0879482e-16  1.2272631e-17  -2.6847841e-16  4.5165637e-16  4.0179927e-16  4.9461936e-16  -2.8576798e-16  3.3533227e-16  -3.1843583e-16  -4.9345510e-16  1.0000000   -4.7717788e-16  3.0424009e-16  -1.9190394e-16  8.0664133e-16  1.7476431e-16  6.7125664e-16  -2.3936082e-16  5.5700707e-16  3.3723958e-16  3.7175274e-16  2.2829735e-16  -3.0361503e-16  
1.3883590e-16  3.0384165e-16  -5.4714549e-16  -7.0519217e-16  1.8600781e-16  4.6976582e-16  -1.4384042e-18  4.5739527e-16  -6.3228654e-17  -2.3366674e-16  -2.2339562e-17  -4.9459763e-16  2.5536106e-16  4.7998733e-16  4.8904355e-16  -8.3075748e-16  1.0834953e-16  -3.9304484e-16  -4.7717788e-16  1.0000000   1.5022572e-16  -4.7104331e-16  5.5280480e-18  2.1241815e-16  -1.7182607e-16  3.7541279e-16  1.7946447e-16  2.7114772e-16  -3.7276011e-16  -5.1594351e-16  3.3150661e-16  1.3883590e-16  3.0384165e-16  -5.4714549e-16  -7.0519217e-16  1.8600781e-16  4.6976582e-16  -1.4384042e-18  4.5739527e-16  -6.3228654e-17  -2.3366674e-16  -2.2339562e-17  -4.9459763e-16  2.5536106e-16  4.7998733e-16  4.8904355e-16  -8.3075748e-16  1.0834953e-16  -3.9304484e-16  -4.7717788e-16  1.0000000   1.5022572e-16  -4.7104331e-16  5.5280480e-18  2.1241815e-16  -1.7182607e-16  3.7541279e-16  1.7946447e-16  2.7114772e-16  -3.7276011e-16  -5.1594351e-16  3.3150661e-16  
-3.3594535e-16  -4.9947014e-16  2.6160662e-16  5.5700658e-16  -7.1050465e-16  -2.3599972e-16  5.6427994e-16  2.3498745e-16  -5.8024268e-17  -2.0651301e-17  7.7083104e-18  -7.5311857e-16  -2.0153456e-16  1.3191141e-15  2.6782835e-16  -6.2859284e-17  2.2965683e-16  1.9792127e-16  3.0424009e-16  1.5022572e-16  1.0000000   -3.8294540e-16  1.3612326e-16  -1.3208040e-17  3.2840534e-16  3.6528915e-16  2.7189958e-16  4.9923372e-17  -6.9041691e-16  -6.0894838e-16  -5.4160711e-16  -3.3594535e-16  -4.9947014e-16  2.6160662e-16  5.5700658e-16  -7.1050465e-16  -2.3599972e-16  5.6427994e-16  2.3498745e-16  -5.8024268e-17  -2.0651301e-17  7.7083104e-18  -7.5311857e-16  -2.0153456e-16  1.3191141e-15  2.6782835e-16  -6.2859284e-17  2.2965683e-16  1.9792127e-16  3.0424009e-16  1.5022572e-16  1.0000000   -3.8294540e-16  1.3612326e-16  -1.3208040e-17  3.2840534e-16  3.6528915e-16  2.7189958e-16  4.9923372e-17  -6.9041691e-16  -6.0894838e-16  -5.4160711e-16  
6.5067030e-17  7.6317685e-17  -2.6013624e-16  -6.3352430e-16  6.7403475e-16  -5.1674037e-16  4.3680361e-16  -2.3336851e-17  -2.6226907e-16  -2.3608501e-16  -8.6469392e-17  3.0840187e-16  -5.9560695e-16  4.8531618e-16  -4.4996500e-16  3.6144219e-17  -3.3154656e-16  6.2593036e-16  -1.9190394e-16  -4.7104331e-16  -3.8294540e-16  1.0000000   4.0337282e-16  -1.9534062e-16  -2.1541037e-16  1.9170804e-16  -1.8183899e-16  -2.3712659e-16  1.9463386e-16  3.2906088e-16  5.0310636e-16  6.5067030e-17  7.6317685e-17  -2.6013624e-16  -6.3352430e-16  6.7403475e-16  -5.1674037e-16  4.3680361e-16  -2.3336851e-17  -2.6226907e-16  -2.3608501e-16  -8.6469392e-17  3.0840187e-16  -5.9560695e-16  4.8531618e-16  -4.4996500e-16  3.6144219e-17  -3.3154656e-16  6.2593036e-16  -1.9190394e-16  -4.7104331e-16  -3.8294540e-16  1.0000000   4.0337282e-16  -1.9534062e-16  -2.1541037e-16  1.9170804e-16  -1.8183899e-16  -2.3712659e-16  1.9463386e-16  3.2906088e-16  5.0310636e-16  
-3.2204927e-16  -3.8367966e-16  8.1622892e-16  4.3294281e-16  3.8969971e-16  3.9751198e-16  3.2634859e-17  -7.5273091e-16  2.0131037e-16  -1.1162409e-17  1.5120416e-16  6.0042120e-16  -7.8573053e-17  -2.0439009e-16  1.8622198e-16  6.4900275e-16  5.9839548e-16  -1.5602004e-16  8.0664133e-16  5.5280480e-18  1.3612326e-16  4.0337282e-16  1.0000000   7.1293903e-17  3.7342923e-17  1.4396114e-16  -1.6901542e-16  -1.7489834e-16  -5.4283880e-16  -9.3999536e-16  -4.2147855e-16  -3.2204927e-16  -3.8367966e-16  8.1622892e-16  4.3294281e-16  3.8969971e-16  3.9751198e-16  3.2634859e-17  -7.5273091e-16  2.0131037e-16  -1.1162409e-17  1.5120416e-16  6.0042120e-16  -7.8573053e-17  -2.0439009e-16  1.8622198e-16  6.4900275e-16  5.9839548e-16  -1.5602004e-16  8.0664133e-16  5.5280480e-18  1.3612326e-16  4.0337282e-16  1.0000000   7.1293903e-17  3.7342923e-17  1.4396114e-16  -1.6901542e-16  -1.7489834e-16  -5.4283880e-16  -9.3999536e-16  -4.2147855e-16  
-1.9499360e-18  1.4982736e-16  -6.3061043e-16  -3.0390392e-16  -6.5164263e-16  1.1729537e-16  -5.6317407e-17  -4.0113084e-16  -3.2018409e-16  7.3807245e-16  1.6625674e-16  8.6684272e-17  6.6951337e-17  -2.8573505e-17  2.2512326e-16  -1.2217816e-16  7.7155305e-18  1.7415171e-16  1.7476431e-16  2.1241815e-16  -1.3208040e-17  -1.9534062e-16  7.1293903e-17  1.0000000   -3.9088549e-17  -1.6606162e-16  -2.4418721e-16  5.3016875e-16  -3.8924160e-16  3.5890733e-16  3.6956870e-16  -1.9499360e-18  1.4982736e-16  -6.3061043e-16  -3.0390392e-16  -6.5164263e-16  1.1729537e-16  -5.6317407e-17  -4.0113084e-16  -3.2018409e-16  7.3807245e-16  1.6625674e-16  8.6684272e-17  6.6951337e-17  -2.8573505e-17  2.2512326e-16  -1.2217816e-16  7.7155305e-18  1.7415171e-16  1.7476431e-16  2.1241815e-16  -1.3208040e-17  -1.9534062e-16  7.1293903e-17  1.0000000   -3.9088549e-17  -1.6606162e-16  -2.4418721e-16  5.3016875e-16  -3.8924160e-16  3.5890733e-16  3.6956870e-16  
1.3414381e-16  1.9505215e-16  5.3721857e-16  -2.7783651e-16  -6.3985927e-16  9.8375599e-16  -2.7229190e-16  -1.2001616e-16  2.1385741e-16  1.1133943e-16  -1.0789620e-16  4.4875256e-16  1.0966631e-16  -7.0561815e-19  -2.0498643e-16  2.7575450e-16  -4.5824046e-16  4.7003511e-16  6.7125664e-16  -1.7182607e-16  3.2840534e-16  -2.1541037e-16  3.7342923e-17  -3.9088549e-17  1.0000000   5.8987483e-16  5.8821894e-17  5.8202716e-16  -5.6759695e-16  -2.1137515e-16  2.9075677e-16  1.3414381e-16  1.9505215e-16  5.3721857e-16  -2.7783651e-16  -6.3985927e-16  9.8375599e-16  -2.7229190e-16  -1.2001616e-16  2.1385741e-16  1.1133943e-16  -1.0789620e-16  4.4875256e-16  1.0966631e-16  -7.0561815e-19  -2.0498643e-16  2.7575450e-16  -4.5824046e-16  4.7003511e-16  6.7125664e-16  -1.7182607e-16  3.2840534e-16  -2.1541037e-16  3.7342923e-17  -3.9088549e-17  1.0000000   5.8987483e-16  5.8821894e-17  5.8202716e-16  -5.6759695e-16  -2.1137515e-16  2.9075677e-16  
-5.8203930e-17  2.6417769e-16  1.8190157e-16  1.7193954e-16  1.3926910e-16  6.7994265e-16  -8.9297893e-17  -2.1327356e-16  3.4155590e-16  -5.2135244e-16  3.2832455e-16  7.5805548e-16  7.2887643e-16  -6.1320493e-16  8.2281409e-18  7.1747962e-16  6.5895308e-16  -4.7362222e-16  -2.3936082e-16  3.7541279e-16  3.6528915e-16  1.9170804e-16  1.4396114e-16  -1.6606162e-16  5.8987483e-16  1.0000000   -8.5439184e-17  1.2300817e-16  -3.1244104e-16  -2.9899605e-16  1.7306809e-16  -5.8203930e-17  2.6417769e-16  1.8190157e-16  1.7193954e-16  1.3926910e-16  6.7994265e-16  -8.9297893e-17  -2.1327356e-16  3.4155590e-16  -5.2135244e-16  3.2832455e-16  7.5805548e-16  7.2887643e-16  -6.1320493e-16  8.2281409e-18  7.1747962e-16  6.5895308e-16  -4.7362222e-16  -2.3936082e-16  3.7541279e-16  3.6528915e-16  1.9170804e-16  1.4396114e-16  -1.6606162e-16  5.8987483e-16  1.0000000   -8.5439184e-17  1.2300817e-16  -3.1244104e-16  -2.9899605e-16  1.7306809e-16  
8.2895723e-18  -4.8197675e-16  5.6672803e-16  -4.0046328e-16  -5.5258735e-16  5.5655990e-16  -4.8060764e-16  4.3721383e-16  -4.5936326e-16  2.3338099e-16  -1.5215166e-16  -2.4151901e-16  -5.7061654e-16  3.2704254e-16  4.6596619e-16  -1.5077856e-16  1.9695215e-16  3.2269918e-16  5.5700707e-16  1.7946447e-16  2.7189958e-16  -1.8183899e-16  -1.6901542e-16  -2.4418721e-16  5.8821894e-17  -8.5439184e-17  1.0000000   4.3431120e-16  -2.1643891e-16  2.6163516e-16  6.3112456e-16  8.2895723e-18  -4.8197675e-16  5.6672803e-16  -4.0046328e-16  -5.5258735e-16  5.5655990e-16  -4.8060764e-16  4.3721383e-16  -4.5936326e-16  2.3338099e-16  -1.5215166e-16  -2.4151901e-16  -5.7061654e-16  3.2704254e-16  4.6596619e-16  -1.5077856e-16  1.9695215e-16  3.2269918e-16  5.5700707e-16  1.7946447e-16  2.7189958e-16  -1.8183899e-16  -1.6901542e-16  -2.4418721e-16  5.8821894e-17  -8.5439184e-17  1.0000000   4.3431120e-16  -2.1643891e-16  2.6163516e-16  6.3112456e-16  
1.1007545e-16  -5.1463390e-16  -9.2770236e-16  -5.3882564e-16  -1.9637783e-16  2.1350488e-16  -4.2013087e-16  -2.2065258e-17  -8.3677180e-17  -6.6037288e-16  2.4590388e-16  -4.9115478e-16  -1.3184233e-16  -3.8109698e-16  -1.4403042e-16  4.7851920e-16  7.5064628e-16  -2.5561786e-16  3.3723958e-16  2.7114772e-16  4.9923372e-17  -2.3712659e-16  -1.7489834e-16  5.3016875e-16  5.8202716e-16  1.2300817e-16  4.3431120e-16  1.0000000   5.3813259e-16  2.3397267e-16  -6.6999950e-16  1.1007545e-16  -5.1463390e-16  -9.2770236e-16  -5.3882564e-16  -1.9637783e-16  2.1350488e-16  -4.2013087e-16  -2.2065258e-17  -8.3677180e-17  -6.6037288e-16  2.4590388e-16  -4.9115478e-16  -1.3184233e-16  -3.8109698e-16  -1.4403042e-16  4.7851920e-16  7.5064628e-16  -2.5561786e-16  3.3723958e-16  2.7114772e-16  4.9923372e-17  -2.3712659e-16  -1.7489834e-16  5.3016875e-16  5.8202716e-16  1.2300817e-16  4.3431120e-16  1.0000000   5.3813259e-16  2.3397267e-16  -6.6999950e-16  
-3.6864991e-16  4.1024760e-16  6.7705387e-17  6.3257909e-18  -7.3336887e-17  -7.3451757e-16  -6.9547881e-17  -2.4421594e-16  -1.7766583e-16  -2.0531373e-16  -3.3267672e-17  6.9146775e-16  -3.6488627e-16  -3.6241070e-16  -2.0423931e-16  3.8804305e-17  -8.9882219e-17  -6.0943513e-16  3.7175274e-16  -3.7276011e-16  -6.9041691e-16  1.9463386e-16  -5.4283880e-16  -3.8924160e-16  -5.6759695e-16  -3.1244104e-16  -2.1643891e-16  5.3813259e-16  1.0000000   -4.7886783e-16  4.7615341e-16  -3.6864991e-16  4.1024760e-16  6.7705387e-17  6.3257909e-18  -7.3336887e-17  -7.3451757e-16  -6.9547881e-17  -2.4421594e-16  -1.7766583e-16  -2.0531373e-16  -3.3267672e-17  6.9146775e-16  -3.6488627e-16  -3.6241070e-16  -2.0423931e-16  3.8804305e-17  -8.9882219e-17  -6.0943513e-16  3.7175274e-16  -3.7276011e-16  -6.9041691e-16  1.9463386e-16  -5.4283880e-16  -3.8924160e-16  -5.6759695e-16  -3.1244104e-16  -2.1643891e-16  5.3813259e-16  1.0000000   -4.7886783e-16  4.7615341e-16  
-3.1376348e-16  4.3060089e-16  -5.8479403e-16  -6.8584737e-16  4.5672788e-16  -4.3732345e-16  6.9925274e-16  -3.6512658e-16  7.1004979e-17  -3.2906702e-16  -6.9826823e-16  -1.8028685e-16  -2.4117585e-16  -5.8073578e-17  4.7062868e-16  -2.6665694e-16  8.5558646e-17  3.6345089e-17  2.2829735e-16  -5.1594351e-16  -6.0894838e-16  3.2906088e-16  -9.3999536e-16  3.5890733e-16  -2.1137515e-16  -2.9899605e-16  2.6163516e-16  2.3397267e-16  -4.7886783e-16  1.0000000   9.1641644e-17  -3.1376348e-16  4.3060089e-16  -5.8479403e-16  -6.8584737e-16  4.5672788e-16  -4.3732345e-16  6.9925274e-16  -3.6512658e-16  7.1004979e-17  -3.2906702e-16  -6.9826823e-16  -1.8028685e-16  -2.4117585e-16  -5.8073578e-17  4.7062868e-16  -2.6665694e-16  8.5558646e-17  3.6345089e-17  2.2829735e-16  -5.1594351e-16  -6.0894838e-16  3.2906088e-16  -9.3999536e-16  3.5890733e-16  -2.1137515e-16  -2.9899605e-16  2.6163516e-16  2.3397267e-16  -4.7886783e-16  1.0000000   9.1641644e-17  
3.4545765e-16  -2.5200207e-16  1.2340929e-16  3.2737577e-16  2.2697479e-16  -5.3026629e-17  6.3623101e-16  6.2805345e-16  -7.5226559e-17  9.1506062e-16  6.5281951e-16  -5.3396105e-16  -6.8457111e-16  -1.3148717e-16  1.8781725e-16  5.4950156e-16  -8.8281876e-16  2.2030843e-16  -3.0361503e-16  3.3150661e-16  -5.4160711e-16  5.0310636e-16  -4.2147855e-16  3.6956870e-16  2.9075677e-16  1.7306809e-16  6.3112456e-16  -6.6999950e-16  4.7615341e-16  9.1641644e-17  1.0000000   3.4545765e-16  -2.5200207e-16  1.2340929e-16  3.2737577e-16  2.2697479e-16  -5.3026629e-17  6.3623101e-16  6.2805345e-16  -7.5226559e-17  9.1506062e-16  6.5281951e-16  -5.3396105e-16  -6.8457111e-16  -1.3148717e-16  1.8781725e-16  5.4950156e-16  -8.8281876e-16  2.2030843e-16  -3.0361503e-16  3.3150661e-16  -5.4160711e-16  5.0310636e-16  -4.2147855e-16  3.6956870e-16  2.9075677e-16  1.7306809e-16  6.3112456e-16  -6.6999950e-16  4.7615341e-16  9.1641644e-17  1.0000000   
1.0000000   -3.4678109e-16  -4.0623379e-16  1.0750447e-15  -1.7123577e-16  2.9154601e-16  -5.5459567e-16  6.4122943e-16  1.4624541e-16  -7.0579158e-16  3.0395391e-16  -8.7389345e-17  -3.9501985e-16  3.4890830e-16  -7.0564811e-16  -4.3620028e-16  3.9566104e-16  -3.1690903e-16  -4.6348157e-16  1.3883590e-16  -3.3594535e-16  6.5067030e-17  -3.2204927e-16  -1.9499360e-18  1.3414381e-16  -5.8203930e-17  8.2895723e-18  1.1007545e-16  -3.6864991e-16  -3.1376348e-16  3.4545765e-16  1.0000000   -3.4678109e-16  -4.0623379e-16  1.0750447e-15  -1.7123577e-16  2.9154601e-16  -5.5459567e-16  6.4122943e-16  1.4624541e-16  -7.0579158e-16  3.0395391e-16  -8.7389345e-17  -3.9501985e-16  3.4890830e-16  -7.0564811e-16  -4.3620028e-16  3.9566104e-16  -3.1690903e-16  -4.6348157e-16  1.3883590e-16  -3.3594535e-16  6.5067030e-17  -3.2204927e-16  -1.9499360e-18  1.3414381e-16  -5.8203930e-17  8.2895723e-18  1.1007545e-16  -3.6864991e-16  -3.1376348e-16  3.4545765e-16  
-3.4678109e-16  1.0000000   -1.1156217e-16  -3.2223571e-16  -5.2461999e-16  1.1973373e-16  3.0422967e-16  -3.2728674e-16  5.4359785e-16  4.3167666e-16  3.7589381e-16  3.0090386e-16  1.5983062e-17  3.4511363e-16  -1.5267675e-16  1.3172298e-16  3.5656730e-16  -9.5314301e-18  8.4889431e-16  3.0384165e-16  -4.9947014e-16  7.6317685e-17  -3.8367966e-16  1.4982736e-16  1.9505215e-16  2.6417769e-16  -4.8197675e-16  -5.1463390e-16  4.1024760e-16  4.3060089e-16  -2.5200207e-16  -3.4678109e-16  1.0000000   -1.1156217e-16  -3.2223571e-16  -5.2461999e-16  1.1973373e-16  3.0422967e-16  -3.2728674e-16  5.4359785e-16  4.3167666e-16  3.7589381e-16  3.0090386e-16  1.5983062e-17  3.4511363e-16  -1.5267675e-16  1.3172298e-16  3.5656730e-16  -9.5314301e-18  8.4889431e-16  3.0384165e-16  -4.9947014e-16  7.6317685e-17  -3.8367966e-16  1.4982736e-16  1.9505215e-16  2.6417769e-16  -4.8197675e-16  -5.1463390e-16  4.1024760e-16  4.3060089e-16  -2.5200207e-16  
-4.0623379e-16  -1.1156217e-16  1.0000000   4.3808533e-16  4.5056492e-16  -1.1732974e-17  -4.0218093e-16  -2.4899245e-16  -1.1880249e-15  4.3529177e-16  -1.0641826e-16  -4.0151023e-16  1.5939313e-16  3.7119466e-16  -6.6509473e-16  6.4592904e-18  7.5079773e-16  -3.1740112e-16  1.6688572e-17  -5.4714549e-16  2.6160662e-16  -2.6013624e-16  8.1622892e-16  -6.3061043e-16  5.3721857e-16  1.8190157e-16  5.6672803e-16  -9.2770236e-16  6.7705387e-17  -5.8479403e-16  1.2340929e-16  -4.0623379e-16  -1.1156217e-16  1.0000000   4.3808533e-16  4.5056492e-16  -1.1732974e-17  -4.0218093e-16  -2.4899245e-16  -1.1880249e-15  4.3529177e-16  -1.0641826e-16  -4.0151023e-16  1.5939313e-16  3.7119466e-16  -6.6509473e-16  6.4592904e-18  7.5079773e-16  -3.1740112e-16  1.6688572e-17  -5.4714549e-16  2.6160662e-16  -2.6013624e-16  8.1622892e-16  -6.3061043e-16  5.3721857e-16  1.8190157e-16  5.6672803e-16  -9.2770236e-16  6.7705387e-17  -5.8479403e-16  1.2340929e-16  
1.0750447e-15  -3.2223571e-16  4.3808533e-16  1.0000000   1.8177764e-17  -3.8388456e-16  -8.5065831e-18  -1.6046781e-16  2.0070477e-16  4.2922445e-17  1.3648261e-16  -5.5222734e-16  8.1176072e-16  -2.9901928e-16  -7.9338919e-16  9.9859675e-17  -1.1175772e-16  1.1563788e-15  -2.7273346e-16  -7.0519217e-16  5.5700658e-16  -6.3352430e-16  4.3294281e-16  -3.0390392e-16  -2.7783651e-16  1.7193954e-16  -4.0046328e-16  -5.3882564e-16  6.3257909e-18  -6.8584737e-16  3.2737577e-16  1.0750447e-15  -3.2223571e-16  4.3808533e-16  1.0000000   1.8177764e-17  -3.8388456e-16  -8.5065831e-18  -1.6046781e-16  2.0070477e-16  4.2922445e-17  1.3648261e-16  -5.5222734e-16  8.1176072e-16  -2.9901928e-16  -7.9338919e-16  9.9859675e-17  -1.1175772e-16  1.1563788e-15  -2.7273346e-16  -7.0519217e-16  5.5700658e-16  -6.3352430e-16  4.3294281e-16  -3.0390392e-16  -2.7783651e-16  1.7193954e-16  -4.0046328e-16  -5.3882564e-16  6.3257909e-18  -6.8584737e-16  3.2737577e-16  
-1.7123577e-16  -5.2461999e-16  4.5056492e-16  1.8177764e-17  1.0000000   1.4032864e-17  -2.4518954e-16  1.2265078e-16  -1.0227512e-15  -3.4535468e-16  6.4194490e-16  2.3287701e-16  3.1348378e-16  2.5145838e-16  1.5642125e-16  5.0508160e-16  -2.3721027e-16  -5.2191029e-16  -2.0766179e-16  1.8600781e-16  -7.1050465e-16  6.7403475e-16  3.8969971e-16  -6.5164263e-16  -6.3985927e-16  1.3926910e-16  -5.5258735e-16  -1.9637783e-16  -7.3336887e-17  4.5672788e-16  2.2697479e-16  -1.7123577e-16  -5.2461999e-16  4.5056492e-16  1.8177764e-17  1.0000000   1.4032864e-17  -2.4518954e-16  1.2265078e-16  -1.0227512e-15  -3.4535468e-16  6.4194490e-16  2.3287701e-16  3.1348378e-16  2.5145838e-16  1.5642125e-16  5.0508160e-16  -2.3721027e-16  -5.2191029e-16  -2.0766179e-16  1.8600781e-16  -7.1050465e-16  6.7403475e-16  3.8969971e-16  -6.5164263e-16  -6.3985927e-16  1.3926910e-16  -5.5258735e-16  -1.9637783e-16  -7.3336887e-17  4.5672788e-16  2.2697479e-16  
2.9154601e-16  1.1973373e-16  -1.1732974e-17  -3.8388456e-16  1.4032864e-17  1.0000000   -2.9462764e-16  -1.6161719e-16  -8.1983786e-16  7.7532665e-18  -8.9039504e-16  6.3803839e-17  8.8571161e-16  5.7975463e-16  9.1466012e-16  -3.1637698e-16  3.5611609e-16  -3.6813014e-16  3.3398129e-16  4.6976582e-16  -2.3599972e-16  -5.1674037e-16  3.9751198e-16  1.1729537e-16  9.8375599e-16  6.7994265e-16  5.5655990e-16  2.1350488e-16  -7.3451757e-16  -4.3732345e-16  -5.3026629e-17  2.9154601e-16  1.1973373e-16  -1.1732974e-17  -3.8388456e-16  1.4032864e-17  1.0000000   -2.9462764e-16  -1.6161719e-16  -8.1983786e-16  7.7532665e-18  -8.9039504e-16  6.3803839e-17  8.8571161e-16  5.7975463e-16  9.1466012e-16  -3.1637698e-16  3.5611609e-16  -3.6813014e-16  3.3398129e-16  4.6976582e-16  -2.3599972e-16  -5.1674037e-16  3.9751198e-16  1.1729537e-16  9.8375599e-16  6.7994265e-16  5.5655990e-16  2.1350488e-16  -7.3451757e-16  -4.3732345e-16  -5.3026629e-17  
-5.5459567e-16  3.0422967e-16  -4.0218093e-16  -8.5065831e-18  -2.4518954e-16  -2.9462764e-16  1.0000000   1.7124039e-16  1.3526349e-16  4.1435749e-16  2.2272212e-16  -2.3036814e-16  -6.4594787e-16  -5.0401839e-17  5.6928453e-16  6.5516446e-16  -7.9267670e-16  3.9667248e-16  2.0733466e-16  -1.4384042e-18  5.6427994e-16  4.3680361e-16  3.2634859e-17  -5.6317407e-17  -2.7229190e-16  -8.9297893e-17  -4.8060764e-16  -4.2013087e-16  -6.9547881e-17  6.9925274e-16  6.3623101e-16  -5.5459567e-16  3.0422967e-16  -4.0218093e-16  -8.5065831e-18  -2.4518954e-16  -2.9462764e-16  1.0000000   1.7124039e-16  1.3526349e-16  4.1435749e-16  2.2272212e-16  -2.3036814e-16  -6.4594787e-16  -5.0401839e-17  5.6928453e-16  6.5516446e-16  -7.9267670e-16  3.9667248e-16  2.0733466e-16  -1.4384042e-18  5.6427994e-16  4.3680361e-16  3.2634859e-17  -5.6317407e-17  -2.7229190e-16  -8.9297893e-17  -4.8060764e-16  -4.2013087e-16  -6.9547881e-17  6.9925274e-16  6.3623101e-16  
6.4122943e-16  -3.2728674e-16  -2.4899245e-16  -1.6046781e-16  1.2265078e-16  -1.6161719e-16  1.7124039e-16  1.0000000   8.0181064e-16  2.7854586e-16  2.3233394e-16  -5.2908528e-16  2.1587554e-17  -2.5832849e-16  6.1976835e-17  1.6298774e-16  -3.0252838e-16  2.8998735e-16  -1.4418825e-16  4.5739527e-16  2.3498745e-16  -2.3336851e-17  -7.5273091e-16  -4.0113084e-16  -1.2001616e-16  -2.1327356e-16  4.3721383e-16  -2.2065258e-17  -2.4421594e-16  -3.6512658e-16  6.2805345e-16  6.4122943e-16  -3.2728674e-16  -2.4899245e-16  -1.6046781e-16  1.2265078e-16  -1.6161719e-16  1.7124039e-16  1.0000000   8.0181064e-16  2.7854586e-16  2.3233394e-16  -5.2908528e-16  2.1587554e-17  -2.5832849e-16  6.1976835e-17  1.6298774e-16  -3.0252838e-16  2.8998735e-16  -1.4418825e-16  4.5739527e-16  2.3498745e-16  -2.3336851e-17  -7.5273091e-16  -4.0113084e-16  -1.2001616e-16  -2.1327356e-16  4.3721383e-16  -2.2065258e-17  -2.4421594e-16  -3.6512658e-16  6.2805345e-16  
1.4624541e-16  5.4359785e-16  -1.1880249e-15  2.0070477e-16  -1.0227512e-15  -8.1983786e-16  1.3526349e-16  8.0181064e-16  1.0000000   -1.4090105e-16  -4.3082115e-16  -1.6416453e-16  -4.0574313e-16  -4.2838128e-16  -6.1419100e-17  1.6455207e-16  3.1916554e-16  1.1517126e-15  -2.0879482e-16  -6.3228654e-17  -5.8024268e-17  -2.6226907e-16  2.0131037e-16  -3.2018409e-16  2.1385741e-16  3.4155590e-16  -4.5936326e-16  -8.3677180e-17  -1.7766583e-16  7.1004979e-17  -7.5226559e-17  1.4624541e-16  5.4359785e-16  -1.1880249e-15  2.0070477e-16  -1.0227512e-15  -8.1983786e-16  1.3526349e-16  8.0181064e-16  1.0000000   -1.4090105e-16  -4.3082115e-16  -1.6416453e-16  -4.0574313e-16  -4.2838128e-16  -6.1419100e-17  1.6455207e-16  3.1916554e-16  1.1517126e-15  -2.0879482e-16  -6.3228654e-17  -5.8024268e-17  -2.6226907e-16  2.0131037e-16  -3.2018409e-16  2.1385741e-16  3.4155590e-16  -4.5936326e-16  -8.3677180e-17  -1.7766583e-16  7.1004979e-17  -7.5226559e-17  
-7.0579158e-16  4.3167666e-16  4.3529177e-16  4.2922445e-17  -3.4535468e-16  7.7532665e-18  4.1435749e-16  2.7854586e-16  -1.4090105e-16  1.0000000   -2.2664894e-16  1.3263000e-16  -1.4317826e-16  -4.1374994e-16  -4.6202846e-16  -3.4495686e-16  3.4643534e-16  -9.0911249e-17  1.2272631e-17  -2.3366674e-16  -2.0651301e-17  -2.3608501e-16  -1.1162409e-17  7.3807245e-16  1.1133943e-16  -5.2135244e-16  2.3338099e-16  -6.6037288e-16  -2.0531373e-16  -3.2906702e-16  9.1506062e-16  -7.0579158e-16  4.3167666e-16  4.3529177e-16  4.2922445e-17  -3.4535468e-16  7.7532665e-18  4.1435749e-16  2.7854586e-16  -1.4090105e-16  1.0000000   -2.2664894e-16  1.3263000e-16  -1.4317826e-16  -4.1374994e-16  -4.6202846e-16  -3.4495686e-16  3.4643534e-16  -9.0911249e-17  1.2272631e-17  -2.3366674e-16  -2.0651301e-17  -2.3608501e-16  -1.1162409e-17  7.3807245e-16  1.1133943e-16  -5.2135244e-16  2.3338099e-16  -6.6037288e-16  -2.0531373e-16  -3.2906702e-16  9.1506062e-16  
