1.0000000   -5.8978037e-17  -2.6385189e-16  -5.4636413e-16  -2.6978805e-16  9.2412870e-16  -5.0369134e-16  4.9745544e-17  -2.3865867e-16  3.3130075e-16  4.5328077e-16  3.6055319e-16  2.6169051e-16  -4.2924992e-16  3.5129340e-16  4.7456199e-16  -1.6159948e-16  -1.6290003e-16  5.9654168e-17  -4.4386455e-16  -7.0200781e-16  3.7265788e-16  -3.5958175e-16  -2.0982736e-16  -8.2802178e-16  6.3481069e-16  9.9321714e-16  3.5599905e-16  -1.9382609e-16  6.3213909e-16  2.7760077e-16  1.0000000   -5.8978037e-17  -2.6385189e-16  -5.4636413e-16  -2.6978805e-16  9.2412870e-16  -5.0369134e-16  4.9745544e-17  -2.3865867e-16  3.3130075e-16  4.5328077e-16  3.6055319e-16  2.6169051e-16  -4.2924992e-16  3.5129340e-16  4.7456199e-16  -1.6159948e-16  -1.6290003e-16  5.9654168e-17  -4.4386455e-16  -7.0200781e-16  3.7265788e-16  -3.5958175e-16  -2.0982736e-16  -8.2802178e-16  6.3481069e-16  9.9321714e-16  3.5599905e-16  -1.9382609e-16  6.3213909e-16  2.7760077e-16  
-5.8978037e-17  1.0000000   2.2987776e-17  -4.8915140e-17  -7.3189154e-17  3.3778278e-16  -2.7525930e-16  3.6407159e-16  -4.7775458e-16  5.3691106e-16  7.9723058e-16  -7.4703475e-18  1.7181309e-16  4.7992005e-16  -5.6926782e-16  -1.3856557e-16  1.3458537e-16  3.2766641e-16  3.3427902e-16  -2.0616621e-16  1.3647171e-16  1.6102316e-17  5.2485761e-16  -2.8321395e-17  -3.6413515e-16  1.0353456e-18  -1.0408741e-16  -2.3038979e-17  -1.2267834e-16  -2.0138713e-16  -7.9026677e-17  -5.8978037e-17  1.0000000   2.2987776e-17  -4.8915140e-17  -7.3189154e-17  3.3778278e-16  -2.7525930e-16  3.6407159e-16  -4.7775458e-16  5.3691106e-16  7.9723058e-16  -7.4703475e-18  1.7181309e-16  4.7992005e-16  -5.6926782e-16  -1.3856557e-16  1.3458537e-16  3.2766641e-16  3.3427902e-16  -2.0616621e-16  1.3647171e-16  1.6102316e-17  5.2485761e-16  -2.8321395e-17  -3.6413515e-16  1.0353456e-18  -1.0408741e-16  -2.3038979e-17  -1.2267834e-16  -2.0138713e-16  -7.9026677e-17  
-2.6385189e-16  2.2987776e-17  1.0000000   -5.5445972e-16  4.6830725e-17  1.6642829e-16  -9.9900355e-16  1.6900539e-16  -3.3997855e-16  -9.0242250e-16  7.3833120e-16  -2.7847238e-16  -2.8321388e-16  5.5160525e-16  -1.9219577e-16  -4.2675704e-16  -3.2455562e-16  4.3111640e-16  -6.7191000e-16  8.4377377e-16  -7.9274608e-17  1.8139789e-16  -1.0680927e-15  -3.1984692e-17  -1.4097791e-16  5.2105505e-16  8.7550713e-16  -4.9134262e-16  9.5635489e-17  -1.7280291e-16  -2.8340444e-16  -2.6385189e-16  2.2987776e-17  1.0000000   -5.5445972e-16  4.6830725e-17  1.6642829e-16  -9.9900355e-16  1.6900539e-16  -3.3997855e-16  -9.0242250e-16  7.3833120e-16  -2.7847238e-16  -2.8321388e-16  5.5160525e-16  -1.9219577e-16  -4.2675704e-16  -3.2455562e-16  4.3111640e-16  -6.7191000e-16  8.4377377e-16  -7.9274608e-17  1.8139789e-16  -1.0680927e-15  -3.1984692e-17  -1.4097791e-16  5.2105505e-16  8.7550713e-16  -4.9134262e-16  9.5635489e-17  -1.7280291e-16  -2.8340444e-16  
-5.4636413e-16  -4.8915140e-17  -5.5445972e-16  1.0000000   5.5929765e-16  -3.9315731e-16  5.2890948e-16  -1.8597080e-16  -4.3695424e-16  2.6734338e-16  -6.6736545e-16  -3.3629284e-16  1.8875464e-16  -7.7302879e-17  -5.0012253e-16  5.3830664e-16  -5.3238218e-16  -6.5730925e-17  2.4105750e-16  9.2377701e-17  5.5814626e-17  2.2035119e-17  -5.0567747e-16  -8.2736262e-16  1.9401028e-16  1.3194067e-16  7.5218216e-17  1.1496738e-16  -2.8743646e-17  -2.6392890e-16  4.8029356e-16  -5.4636413e-16  -4.8915140e-17  -5.5445972e-16  1.0000000   5.5929765e-16  -3.9315731e-16  5.2890948e-16  -1.8597080e-16  -4.3695424e-16  2.6734338e-16  -6.6736545e-16  -3.3629284e-16  1.8875464e-16  -7.7302879e-17  -5.0012253e-16  5.3830664e-16  -5.3238218e-16  -6.5730925e-17  2.4105750e-16  9.2377701e-17  5.5814626e-17  2.2035119e-17  -5.0567747e-16  -8.2736262e-16  1.9401028e-16  1.3194067e-16  7.5218216e-17  1.1496738e-16  -2.8743646e-17  -2.6392890e-16  4.8029356e-16  
-2.6978805e-16  -7.3189154e-17  4.6830725e-17  5.5929765e-16  1.0000000   5.4255971e-17  8.7948508e-16  -5.1025835e-18  4.5678880e-16  -5.6705740e-16  -6.3420703e-16  -3.3740090e-16  -1.0323921e-16  2.0049212e-16  -9.3753594e-16  -3.4967757e-16  -5.8622807e-16  -2.2016852e-16  -2.2764810e-16  -9.8220130e-17  9.0171509e-16  7.4204193e-16  1.4863784e-17  -3.7634498e-16  -5.9401976e-17  -1.9774114e-16  -5.8494432e-16  -2.4339273e-16  -7.2783093e-16  1.8803633e-16  1.2191396e-16  -2.6978805e-16  -7.3189154e-17  4.6830725e-17  5.5929765e-16  1.0000000   5.4255971e-17  8.7948508e-16  -5.1025835e-18  4.5678880e-16  -5.6705740e-16  -6.3420703e-16  -3.3740090e-16  -1.0323921e-16  2.0049212e-16  -9.3753594e-16  -3.4967757e-16  -5.8622807e-16  -2.2016852e-16  -2.2764810e-16  -9.8220130e-17  9.0171509e-16  7.4204193e-16  1.4863784e-17  -3.7634498e-16  -5.9401976e-17  -1.9774114e-16  -5.8494432e-16  -2.4339273e-16  -7.2783093e-16  1.8803633e-16  1.2191396e-16  
9.2412870e-16  3.3778278e-16  1.6642829e-16  -3.9315731e-16  5.4255971e-17  1.0000000   7.4603858e-16  5.1069860e-17  -1.6700568e-17  -5.9848137e-16  2.6784254e-16  -4.5704924e-16  2.7584862e-17  -4.1141960e-16  2.7279234e-16  -1.7915005e-16  3.2842995e-16  -4.0405210e-16  6.2572494e-16  -9.8332192e-17  -6.6246070e-16  9.0526621e-16  -3.7756934e-16  8.6980027e-16  -1.0790089e-16  -1.8735924e-16  -1.3116792e-16  4.0976909e-16  -2.3027298e-16  3.0284167e-16  -2.2668250e-16  9.2412870e-16  3.3778278e-16  1.6642829e-16  -3.9315731e-16  5.4255971e-17  1.0000000   7.4603858e-16  5.1069860e-17  -1.6700568e-17  -5.9848137e-16  2.6784254e-16  -4.5704924e-16  2.7584862e-17  -4.1141960e-16  2.7279234e-16  -1.7915005e-16  3.2842995e-16  -4.0405210e-16  6.2572494e-16  -9.8332192e-17  -6.6246070e-16  9.0526621e-16  -3.7756934e-16  8.6980027e-16  -1.0790089e-16  -1.8735924e-16  -1.3116792e-16  4.0976909e-16  -2.3027298e-16  3.0284167e-16  -2.2668250e-16  
-5.0369134e-16  -2.7525930e-16  -9.9900355e-16  5.2890948e-16  8.7948508e-16  7.4603858e-16  1.0000000   2.9118902e-16  -3.1179063e-16  3.4162392e-17  -3.7520602e-16  -1.8264855e-16  -5.9614185e-17  -1.2953957e-15  1.7230729e-16  9.4401809e-17  4.0283104e-16  3.4085872e-17  3.1018653e-16  -4.2052627e-16  -1.3712907e-16  -2.0715856e-16  3.2636336e-16  4.6492956e-16  4.7741574e-16  3.6566941e-16  5.0133927e-16  3.2542770e-16  4.7669491e-16  -1.3626171e-16  -1.6629751e-16  -5.0369134e-16  -2.7525930e-16  -9.9900355e-16  5.2890948e-16  8.7948508e-16  7.4603858e-16  1.0000000   2.9118902e-16  -3.1179063e-16  3.4162392e-17  -3.7520602e-16  -1.8264855e-16  -5.9614185e-17  -1.2953957e-15  1.7230729e-16  9.4401809e-17  4.0283104e-16  3.4085872e-17  3.1018653e-16  -4.2052627e-16  -1.3712907e-16  -2.0715856e-16  3.2636336e-16  4.6492956e-16  4.7741574e-16  3.6566941e-16  5.0133927e-16  3.2542770e-16  4.7669491e-16  -1.3626171e-16  -1.6629751e-16  
4.9745544e-17  3.6407159e-16  1.6900539e-16  -1.8597080e-16  -5.1025835e-18  5.1069860e-17  2.9118902e-16  1.0000000   1.9920669e-16  1.1961724e-16  -1.6841414e-17  -1.4651705e-16  -7.2730473e-16  -5.1866488e-16  7.6846249e-17  4.8293954e-16  5.4294899e-16  -5.4279724e-18  2.6364012e-16  -3.7093491e-16  -4.2987705e-16  -8.8390531e-16  3.2547794e-16  -4.7512448e-16  1.2583919e-16  -2.7550709e-16  -6.2342146e-16  -4.8118362e-16  -9.7768742e-17  7.9616314e-16  1.4368449e-16  4.9745544e-17  3.6407159e-16  1.6900539e-16  -1.8597080e-16  -5.1025835e-18  5.1069860e-17  2.9118902e-16  1.0000000   1.9920669e-16  1.1961724e-16  -1.6841414e-17  -1.4651705e-16  -7.2730473e-16  -5.1866488e-16  7.6846249e-17  4.8293954e-16  5.4294899e-16  -5.4279724e-18  2.6364012e-16  -3.7093491e-16  -4.2987705e-16  -8.8390531e-16  3.2547794e-16  -4.7512448e-16  1.2583919e-16  -2.7550709e-16  -6.2342146e-16  -4.8118362e-16  -9.7768742e-17  7.9616314e-16  1.4368449e-16  
-2.3865867e-16  -4.7775458e-16  -3.3997855e-16  -4.3695424e-16  4.5678880e-16  -1.6700568e-17  -3.1179063e-16  1.9920669e-16  1.0000000   6.3370819e-16  -2.2257119e-16  -6.5652448e-16  -4.1244178e-17  3.3159064e-16  9.8477551e-17  -3.7459585e-16  -6.2912814e-17  -6.1979392e-16  2.5572877e-16  -3.1591266e-16  -3.2495429e-16  3.1469230e-16  -9.6636956e-16  2.4640330e-16  -1.9456772e-16  -8.8203411e-17  -5.7693245e-16  1.4059935e-16  4.5818413e-16  1.0974264e-16  1.3064635e-16  -2.3865867e-16  -4.7775458e-16  -3.3997855e-16  -4.3695424e-16  4.5678880e-16  -1.6700568e-17  -3.1179063e-16  1.9920669e-16  1.0000000   6.3370819e-16  -2.2257119e-16  -6.5652448e-16  -4.1244178e-17  3.3159064e-16  9.8477551e-17  -3.7459585e-16  -6.2912814e-17  -6.1979392e-16  2.5572877e-16  -3.1591266e-16  -3.2495429e-16  3.1469230e-16  -9.6636956e-16  2.4640330e-16  -1.9456772e-16  -8.8203411e-17  -5.7693245e-16  1.4059935e-16  4.5818413e-16  1.0974264e-16  1.3064635e-16  
3.3130075e-16  5.3691106e-16  -9.0242250e-16  2.6734338e-16  -5.6705740e-16  -5.9848137e-16  3.4162392e-17  1.1961724e-16  6.3370819e-16  1.0000000   1.0704517e-16  -9.5366175e-17  1.5388235e-16  -1.3967138e-16  -1.5865720e-17  -8.3816672e-17  2.3511185e-16  -6.4859578e-17  1.4631413e-16  -5.4218753e-19  3.8089299e-16  -3.5423912e-16  3.7930470e-16  -4.2240174e-16  2.9716666e-16  2.3548987e-16  -4.6989869e-16  7.3031740e-16  1.9806140e-16  -7.0560325e-16  -3.8448829e-16  3.3130075e-16  5.3691106e-16  -9.0242250e-16  2.6734338e-16  -5.6705740e-16  -5.9848137e-16  3.4162392e-17  1.1961724e-16  6.3370819e-16  1.0000000   1.0704517e-16  -9.5366175e-17  1.5388235e-16  -1.3967138e-16  -1.5865720e-17  -8.3816672e-17  2.3511185e-16  -6.4859578e-17  1.4631413e-16  -5.4218753e-19  3.8089299e-16  -3.5423912e-16  3.7930470e-16  -4.2240174e-16  2.9716666e-16  2.3548987e-16  -4.6989869e-16  7.3031740e-16  1.9806140e-16  -7.0560325e-16  -3.8448829e-16  
4.5328077e-16  7.9723058e-16  7.3833120e-16  -6.6736545e-16  -6.3420703e-16  2.6784254e-16  -3.7520602e-16  -1.6841414e-17  -2.2257119e-16  1.0704517e-16  1.0000000   8.7201647e-16  9.6099350e-16  5.6213249e-16  6.6010996e-16  2.8731341e-18  1.6659787e-16  4.5895563e-16  3.2524899e-16  4.4573014e-17  -1.5325229e-16  3.7234709e-16  3.9302659e-16  -6.2903684e-17  -1.1522815e-16  2.5161596e-16  1.9319771e-16  3.3472867e-16  6.3464893e-16  1.3960125e-16  -3.7687016e-16  4.5328077e-16  7.9723058e-16  7.3833120e-16  -6.6736545e-16  -6.3420703e-16  2.6784254e-16  -3.7520602e-16  -1.6841414e-17  -2.2257119e-16  1.0704517e-16  1.0000000   8.7201647e-16  9.6099350e-16  5.6213249e-16  6.6010996e-16  2.8731341e-18  1.6659787e-16  4.5895563e-16  3.2524899e-16  4.4573014e-17  -1.5325229e-16  3.7234709e-16  3.9302659e-16  -6.2903684e-17  -1.1522815e-16  2.5161596e-16  1.9319771e-16  3.3472867e-16  6.3464893e-16  1.3960125e-16  -3.7687016e-16  
3.6055319e-16  -7.4703475e-18  -2.7847238e-16  -3.3629284e-16  -3.3740090e-16  -4.5704924e-16  -1.8264855e-16  -1.4651705e-16  -6.5652448e-16  -9.5366175e-17  8.7201647e-16  1.0000000   4.1271878e-16  5.2476848e-16  -5.1409241e-16  -7.0369631e-17  -2.4494896e-16  3.5004826e-16  1.7266342e-16  -6.6936341e-16  5.4455808e-17  -2.1947806e-16  -3.4239381e-16  -2.4678421e-16  -1.1062685e-16  -2.9155200e-16  -5.2072244e-18  7.6506054e-16  -7.7464859e-16  5.3532362e-16  3.7204969e-16  3.6055319e-16  -7.4703475e-18  -2.7847238e-16  -3.3629284e-16  -3.3740090e-16  -4.5704924e-16  -1.8264855e-16  -1.4651705e-16  -6.5652448e-16  -9.5366175e-17  8.7201647e-16  1.0000000   4.1271878e-16  5.2476848e-16  -5.1409241e-16  -7.0369631e-17  -2.4494896e-16  3.5004826e-16  1.7266342e-16  -6.6936341e-16  5.4455808e-17  -2.1947806e-16  -3.4239381e-16  -2.4678421e-16  -1.1062685e-16  -2.9155200e-16  -5.2072244e-18  7.6506054e-16  -7.7464859e-16  5.3532362e-16  3.7204969e-16  
2.6169051e-16  1.7181309e-16  -2.8321388e-16  1.8875464e-16  -1.0323921e-16  2.7584862e-17  -5.9614185e-17  -7.2730473e-16  -4.1244178e-17  1.5388235e-16  9.6099350e-16  4.1271878e-16  1.0000000   5.2752556e-16  1.0015601e-15  -1.6392569e-16  4.9491449e-16  -7.9109985e-17  7.2836902e-16  2.3454631e-16  -4.5184379e-16  8.8253736e-18  7.1583208e-16  6.1231267e-16  -3.6030020e-16  -9.2401448e-17  -2.8361389e-17  -4.6502871e-16  6.5357167e-16  2.3990500e-16  -3.0770610e-16  2.6169051e-16  1.7181309e-16  -2.8321388e-16  1.8875464e-16  -1.0323921e-16  2.7584862e-17  -5.9614185e-17  -7.2730473e-16  -4.1244178e-17  1.5388235e-16  9.6099350e-16  4.1271878e-16  1.0000000   5.2752556e-16  1.0015601e-15  -1.6392569e-16  4.9491449e-16  -7.9109985e-17  7.2836902e-16  2.3454631e-16  -4.5184379e-16  8.8253736e-18  7.1583208e-16  6.1231267e-16  -3.6030020e-16  -9.2401448e-17  -2.8361389e-17  -4.6502871e-16  6.5357167e-16  2.3990500e-16  -3.0770610e-16  
-4.2924992e-16  4.7992005e-16  5.5160525e-16  -7.7302879e-17  2.0049212e-16  -4.1141960e-16  -1.2953957e-15  -5.1866488e-16  3.3159064e-16  -1.3967138e-16  5.6213249e-16  5.2476848e-16  5.2752556e-16  1.0000000   -4.4198343e-16  1.1253678e-17  8.6704373e-18  3.7025640e-16  -4.3784468e-17  3.3019476e-16  5.9236423e-16  -1.4735070e-16  -7.1237645e-17  -9.5729295e-17  -4.2632239e-16  -1.1300902e-16  -2.1019458e-16  -5.2229494e-16  -1.1650500e-15  1.0774693e-17  -1.6272690e-16  -4.2924992e-16  4.7992005e-16  5.5160525e-16  -7.7302879e-17  2.0049212e-16  -4.1141960e-16  -1.2953957e-15  -5.1866488e-16  3.3159064e-16  -1.3967138e-16  5.6213249e-16  5.2476848e-16  5.2752556e-16  1.0000000   -4.4198343e-16  1.1253678e-17  8.6704373e-18  3.7025640e-16  -4.3784468e-17  3.3019476e-16  5.9236423e-16  -1.4735070e-16  -7.1237645e-17  -9.5729295e-17  -4.2632239e-16  -1.1300902e-16  -2.1019458e-16  -5.2229494e-16  -1.1650500e-15  1.0774693e-17  -1.6272690e-16  
3.5129340e-16  -5.6926782e-16  -1.9219577e-16  -5.0012253e-16  -9.3753594e-16  2.7279234e-16  1.7230729e-16  7.6846249e-17  9.8477551e-17  -1.5865720e-17  6.6010996e-16  -5.1409241e-16  1.0015601e-15  -4.4198343e-16  1.0000000   -8.1259593e-17  9.9103977e-16  -4.0938304e-16  2.2196988e-16  1.4961580e-16  -1.3825904e-16  -8.7961956e-18  4.8542167e-16  3.8213640e-16  2.6799528e-16  1.0940398e-15  4.6822564e-16  6.1360828e-16  5.8477337e-16  4.4748327e-16  -1.4526978e-16  3.5129340e-16  -5.6926782e-16  -1.9219577e-16  -5.0012253e-16  -9.3753594e-16  2.7279234e-16  1.7230729e-16  7.6846249e-17  9.8477551e-17  -1.5865720e-17  6.6010996e-16  -5.1409241e-16  1.0015601e-15  -4.4198343e-16  1.0000000   -8.1259593e-17  9.9103977e-16  -4.0938304e-16  2.2196988e-16  1.4961580e-16  -1.3825904e-16  -8.7961956e-18  4.8542167e-16  3.8213640e-16  2.6799528e-16  1.0940398e-15  4.6822564e-16  6.1360828e-16  5.8477337e-16  4.4748327e-16  -1.4526978e-16  
4.7456199e-16  -1.3856557e-16  -4.2675704e-16  5.3830664e-16  -3.4967757e-16  -1.7915005e-16  9.4401809e-17  4.8293954e-16  -3.7459585e-16  -8.3816672e-17  2.8731341e-18  -7.0369631e-17  -1.6392569e-16  1.1253678e-17  -8.1259593e-17  1.0000000   -5.0724022e-16  -1.9627691e-17  -4.1889894e-17  2.1584306e-16  -7.2795227e-17  -7.2955573e-17  -5.3240609e-16  3.7562093e-16  -2.7762428e-16  -3.9456662e-16  2.3299186e-16  -3.1608417e-16  4.9442080e-16  1.3820379e-16  1.3489590e-16  4.7456199e-16  -1.3856557e-16  -4.2675704e-16  5.3830664e-16  -3.4967757e-16  -1.7915005e-16  9.4401809e-17  4.8293954e-16  -3.7459585e-16  -8.3816672e-17  2.8731341e-18  -7.0369631e-17  -1.6392569e-16  1.1253678e-17  -8.1259593e-17  1.0000000   -5.0724022e-16  -1.9627691e-17  -4.1889894e-17  2.1584306e-16  -7.2795227e-17  -7.2955573e-17  -5.3240609e-16  3.7562093e-16  -2.7762428e-16  -3.9456662e-16  2.3299186e-16  -3.1608417e-16  4.9442080e-16  1.3820379e-16  1.3489590e-16  
-1.6159948e-16  1.3458537e-16  -3.2455562e-16  -5.3238218e-16  -5.8622807e-16  3.2842995e-16  4.0283104e-16  5.4294899e-16  -6.2912814e-17  2.3511185e-16  1.6659787e-16  -2.4494896e-16  4.9491449e-16  8.6704373e-18  9.9103977e-16  -5.0724022e-16  1.0000000   1.7009453e-16  -4.3160557e-17  3.2619605e-16  -6.5330715e-16  5.7542718e-16  -2.5251865e-17  4.4564468e-16  1.9863111e-16  3.7965700e-16  6.9616391e-16  -2.1738250e-17  2.8204197e-16  3.2855111e-17  8.7583928e-17  -1.6159948e-16  1.3458537e-16  -3.2455562e-16  -5.3238218e-16  -5.8622807e-16  3.2842995e-16  4.0283104e-16  5.4294899e-16  -6.2912814e-17  2.3511185e-16  1.6659787e-16  -2.4494896e-16  4.9491449e-16  8.6704373e-18  9.9103977e-16  -5.0724022e-16  1.0000000   1.7009453e-16  -4.3160557e-17  3.2619605e-16  -6.5330715e-16  5.7542718e-16  -2.5251865e-17  4.4564468e-16  1.9863111e-16  3.7965700e-16  6.9616391e-16  -2.1738250e-17  2.8204197e-16  3.2855111e-17  8.7583928e-17  
-1.6290003e-16  3.2766641e-16  4.3111640e-16  -6.5730925e-17  -2.2016852e-16  -4.0405210e-16  3.4085872e-17  -5.4279724e-18  -6.1979392e-16  -6.4859578e-17  4.5895563e-16  3.5004826e-16  -7.9109985e-17  3.7025640e-16  -4.0938304e-16  -1.9627691e-17  1.7009453e-16  1.0000000   -1.4240812e-16  -6.2794646e-16  1.0102455e-16  8.3778297e-17  -7.6542236e-16  -1.8489902e-18  -4.9333240e-16  -1.9755673e-16  5.2922779e-16  -4.3094764e-16  -3.3967203e-16  2.9704274e-16  -2.0489908e-16  -1.6290003e-16  3.2766641e-16  4.3111640e-16  -6.5730925e-17  -2.2016852e-16  -4.0405210e-16  3.4085872e-17  -5.4279724e-18  -6.1979392e-16  -6.4859578e-17  4.5895563e-16  3.5004826e-16  -7.9109985e-17  3.7025640e-16  -4.0938304e-16  -1.9627691e-17  1.7009453e-16  1.0000000   -1.4240812e-16  -6.2794646e-16  1.0102455e-16  8.3778297e-17  -7.6542236e-16  -1.8489902e-18  -4.9333240e-16  -1.9755673e-16  5.2922779e-16  -4.3094764e-16  -3.3967203e-16  2.9704274e-16  -2.0489908e-16  
5.9654168e-17  3.3427902e-16  -6.7191000e-16  2.4105750e-16  -2.2764810e-16  6.2572494e-16  3.1018653e-16  2.6364012e-16  2.5572877e-16  1.4631413e-16  3.2524899e-16  1.7266342e-16  7.2836902e-16  -4.3784468e-17  2.2196988e-16  -4.1889894e-17  -4.3160557e-17  -1.4240812e-16  1.0000000   -6.7679620e-17  -1.8206842e-16  2.3630564e-16  -1.0688664e-16  2.0920480e-16  -2.9455688e-16  3.4622891e-16  4.8407495e-16  -5.4424372e-16  1.2796344e-16  4.8977441e-16  2.1921941e-16  5.9654168e-17  3.3427902e-16  -6.7191000e-16  2.4105750e-16  -2.2764810e-16  6.2572494e-16  3.1018653e-16  2.6364012e-16  2.5572877e-16  1.4631413e-16  3.2524899e-16  1.7266342e-16  7.2836902e-16  -4.3784468e-17  2.2196988e-16  -4.1889894e-17  -4.3160557e-17  -1.4240812e-16  1.0000000   -6.7679620e-17  -1.8206842e-16  2.3630564e-16  -1.0688664e-16  2.0920480e-16  -2.9455688e-16  3.4622891e-16  4.8407495e-16  -5.4424372e-16  1.2796344e-16  4.8977441e-16  2.1921941e-16  
-4.4386455e-16  -2.0616621e-16  8.4377377e-16  9.2377701e-17  -9.8220130e-17  -9.8332192e-17  -4.2052627e-16  -3.7093491e-16  -3.1591266e-16  -5.4218753e-19  4.4573014e-17  -6.6936341e-16  2.3454631e-16  3.3019476e-16  1.4961580e-16  2.1584306e-16  3.2619605e-16  -6.2794646e-16  -6.7679620e-17  1.0000000   -2.2261857e-16  -3.1409808e-16  2.7536631e-17  -1.3069926e-16  3.0190363e-16  1.6439127e-16  1.8671560e-16  -2.0102629e-16  1.3358336e-16  -2.9727413e-16  -2.9201914e-16  -4.4386455e-16  -2.0616621e-16  8.4377377e-16  9.2377701e-17  -9.8220130e-17  -9.8332192e-17  -4.2052627e-16  -3.7093491e-16  -3.1591266e-16  -5.4218753e-19  4.4573014e-17  -6.6936341e-16  2.3454631e-16  3.3019476e-16  1.4961580e-16  2.1584306e-16  3.2619605e-16  -6.2794646e-16  -6.7679620e-17  1.0000000   -2.2261857e-16  -3.1409808e-16  2.7536631e-17  -1.3069926e-16  3.0190363e-16  1.6439127e-16  1.8671560e-16  -2.0102629e-16  1.3358336e-16  -2.9727413e-16  -2.9201914e-16  
-7.0200781e-16  1.3647171e-16  -7.9274608e-17  5.5814626e-17  9.0171509e-16  -6.6246070e-16  -1.3712907e-16  -4.2987705e-16  -3.2495429e-16  3.8089299e-16  -1.5325229e-16  5.4455808e-17  -4.5184379e-16  5.9236423e-16  -1.3825904e-16  -7.2795227e-17  -6.5330715e-16  1.0102455e-16  -1.8206842e-16  -2.2261857e-16  1.0000000   -7.9672866e-18  -3.6339584e-16  -9.7862832e-17  4.3834434e-16  -2.4158686e-16  -2.5277749e-16  -4.5381109e-16  2.0207049e-17  -1.2813002e-16  -4.8136651e-16  -7.0200781e-16  1.3647171e-16  -7.9274608e-17  5.5814626e-17  9.0171509e-16  -6.6246070e-16  -1.3712907e-16  -4.2987705e-16  -3.2495429e-16  3.8089299e-16  -1.5325229e-16  5.4455808e-17  -4.5184379e-16  5.9236423e-16  -1.3825904e-16  -7.2795227e-17  -6.5330715e-16  1.0102455e-16  -1.8206842e-16  -2.2261857e-16  1.0000000   -7.9672866e-18  -3.6339584e-16  -9.7862832e-17  4.3834434e-16  -2.4158686e-16  -2.5277749e-16  -4.5381109e-16  2.0207049e-17  -1.2813002e-16  -4.8136651e-16  
3.7265788e-16  1.6102316e-17  1.8139789e-16  2.2035119e-17  7.4204193e-16  9.0526621e-16  -2.0715856e-16  -8.8390531e-16  3.1469230e-16  -3.5423912e-16  3.7234709e-16  -2.1947806e-16  8.8253736e-18  -1.4735070e-16  -8.7961956e-18  -7.2955573e-17  5.7542718e-16  8.3778297e-17  2.3630564e-16  -3.1409808e-16  -7.9672866e-18  1.0000000   -4.5799755e-16  6.2496004e-16  7.8592093e-18  3.2009688e-16  -5.0783407e-16  -2.7086021e-16  4.3601650e-16  3.4279612e-16  3.7913935e-16  3.7265788e-16  1.6102316e-17  1.8139789e-16  2.2035119e-17  7.4204193e-16  9.0526621e-16  -2.0715856e-16  -8.8390531e-16  3.1469230e-16  -3.5423912e-16  3.7234709e-16  -2.1947806e-16  8.8253736e-18  -1.4735070e-16  -8.7961956e-18  -7.2955573e-17  5.7542718e-16  8.3778297e-17  2.3630564e-16  -3.1409808e-16  -7.9672866e-18  1.0000000   -4.5799755e-16  6.2496004e-16  7.8592093e-18  3.2009688e-16  -5.0783407e-16  -2.7086021e-16  4.3601650e-16  3.4279612e-16  3.7913935e-16  
-3.5958175e-16  5.2485761e-16  -1.0680927e-15  -5.0567747e-16  1.4863784e-17  -3.7756934e-16  3.2636336e-16  3.2547794e-16  -9.6636956e-16  3.7930470e-16  3.9302659e-16  -3.4239381e-16  7.1583208e-16  -7.1237645e-17  4.8542167e-16  -5.3240609e-16  -2.5251865e-17  -7.6542236e-16  -1.0688664e-16  2.7536631e-17  -3.6339584e-16  -4.5799755e-16  1.0000000   1.7533152e-17  -2.5900513e-16  -1.5307399e-16  -5.0558583e-17  -3.8494672e-16  4.3579397e-16  9.6373133e-16  -5.7833072e-16  -3.5958175e-16  5.2485761e-16  -1.0680927e-15  -5.0567747e-16  1.4863784e-17  -3.7756934e-16  3.2636336e-16  3.2547794e-16  -9.6636956e-16  3.7930470e-16  3.9302659e-16  -3.4239381e-16  7.1583208e-16  -7.1237645e-17  4.8542167e-16  -5.3240609e-16  -2.5251865e-17  -7.6542236e-16  -1.0688664e-16  2.7536631e-17  -3.6339584e-16  -4.5799755e-16  1.0000000   1.7533152e-17  -2.5900513e-16  -1.5307399e-16  -5.0558583e-17  -3.8494672e-16  4.3579397e-16  9.6373133e-16  -5.7833072e-16  
-2.0982736e-16  -2.8321395e-17  -3.1984692e-17  -8.2736262e-16  -3.7634498e-16  8.6980027e-16  4.6492956e-16  -4.7512448e-16  2.4640330e-16  -4.2240174e-16  -6.2903684e-17  -2.4678421e-16  6.1231267e-16  -9.5729295e-17  3.8213640e-16  3.7562093e-16  4.4564468e-16  -1.8489902e-18  2.0920480e-16  -1.3069926e-16  -9.7862832e-17  6.2496004e-16  1.7533152e-17  1.0000000   -8.6496715e-16  -2.3563474e-16  -5.3717811e-16  5.9648954e-16  3.9820356e-16  -6.4425264e-16  -6.4333812e-16  -2.0982736e-16  -2.8321395e-17  -3.1984692e-17  -8.2736262e-16  -3.7634498e-16  8.6980027e-16  4.6492956e-16  -4.7512448e-16  2.4640330e-16  -4.2240174e-16  -6.2903684e-17  -2.4678421e-16  6.1231267e-16  -9.5729295e-17  3.8213640e-16  3.7562093e-16  4.4564468e-16  -1.8489902e-18  2.0920480e-16  -1.3069926e-16  -9.7862832e-17  6.2496004e-16  1.7533152e-17  1.0000000   -8.6496715e-16  -2.3563474e-16  -5.3717811e-16  5.9648954e-16  3.9820356e-16  -6.4425264e-16  -6.4333812e-16  
-8.2802178e-16  -3.6413515e-16  -1.4097791e-16  1.9401028e-16  -5.9401976e-17  -1.0790089e-16  4.7741574e-16  1.2583919e-16  -1.9456772e-16  2.9716666e-16  -1.1522815e-16  -1.1062685e-16  -3.6030020e-16  -4.2632239e-16  2.6799528e-16  -2.7762428e-16  1.9863111e-16  -4.9333240e-16  -2.9455688e-16  3.0190363e-16  4.3834434e-16  7.8592093e-18  -2.5900513e-16  -8.6496715e-16  1.0000000   -6.4584836e-17  -4.8996741e-16  2.9131969e-16  -3.3560670e-16  3.5222596e-16  -6.5053807e-16  -8.2802178e-16  -3.6413515e-16  -1.4097791e-16  1.9401028e-16  -5.9401976e-17  -1.0790089e-16  4.7741574e-16  1.2583919e-16  -1.9456772e-16  2.9716666e-16  -1.1522815e-16  -1.1062685e-16  -3.6030020e-16  -4.2632239e-16  2.6799528e-16  -2.7762428e-16  1.9863111e-16  -4.9333240e-16  -2.9455688e-16  3.0190363e-16  4.3834434e-16  7.8592093e-18  -2.5900513e-16  -8.6496715e-16  1.0000000   -6.4584836e-17  -4.8996741e-16  2.9131969e-16  -3.3560670e-16  3.5222596e-16  -6.5053807e-16  
6.3481069e-16  1.0353456e-18  5.2105505e-16  1.3194067e-16  -1.9774114e-16  -1.8735924e-16  3.6566941e-16  -2.7550709e-16  -8.8203411e-17  2.3548987e-16  2.5161596e-16  -2.9155200e-16  -9.2401448e-17  -1.1300902e-16  1.0940398e-15  -3.9456662e-16  3.7965700e-16  -1.9755673e-16  3.4622891e-16  1.6439127e-16  -2.4158686e-16  3.2009688e-16  -1.5307399e-16  -2.3563474e-16  -6.4584836e-17  1.0000000   2.2927892e-16  -3.2453150e-16  1.0291766e-15  7.7385476e-17  1.4280740e-16  6.3481069e-16  1.0353456e-18  5.2105505e-16  1.3194067e-16  -1.9774114e-16  -1.8735924e-16  3.6566941e-16  -2.7550709e-16  -8.8203411e-17  2.3548987e-16  2.5161596e-16  -2.9155200e-16  -9.2401448e-17  -1.1300902e-16  1.0940398e-15  -3.9456662e-16  3.7965700e-16  -1.9755673e-16  3.4622891e-16  1.6439127e-16  -2.4158686e-16  3.2009688e-16  -1.5307399e-16  -2.3563474e-16  -6.4584836e-17  1.0000000   2.2927892e-16  -3.2453150e-16  1.0291766e-15  7.7385476e-17  1.4280740e-16  
9.9321714e-16  -1.0408741e-16  8.7550713e-16  7.5218216e-17  -5.8494432e-16  -1.3116792e-16  5.0133927e-16  -6.2342146e-16  -5.7693245e-16  -4.6989869e-16  1.9319771e-16  -5.2072244e-18  -2.8361389e-17  -2.1019458e-16  4.6822564e-16  2.3299186e-16  6.9616391e-16  5.2922779e-16  4.8407495e-16  1.8671560e-16  -2.5277749e-16  -5.0783407e-16  -5.0558583e-17  -5.3717811e-16  -4.8996741e-16  2.2927892e-16  1.0000000   -1.2664023e-16  6.5278623e-16  -3.6360086e-16  -2.5880742e-16  9.9321714e-16  -1.0408741e-16  8.7550713e-16  7.5218216e-17  -5.8494432e-16  -1.3116792e-16  5.0133927e-16  -6.2342146e-16  -5.7693245e-16  -4.6989869e-16  1.9319771e-16  -5.2072244e-18  -2.8361389e-17  -2.1019458e-16  4.6822564e-16  2.3299186e-16  6.9616391e-16  5.2922779e-16  4.8407495e-16  1.8671560e-16  -2.5277749e-16  -5.0783407e-16  -5.0558583e-17  -5.3717811e-16  -4.8996741e-16  2.2927892e-16  1.0000000   -1.2664023e-16  6.5278623e-16  -3.6360086e-16  -2.5880742e-16  
3.5599905e-16  -2.3038979e-17  -4.9134262e-16  1.1496738e-16  -2.4339273e-16  4.0976909e-16  3.2542770e-16  -4.8118362e-16  1.4059935e-16  7.3031740e-16  3.3472867e-16  7.6506054e-16  -4.6502871e-16  -5.2229494e-16  6.1360828e-16  -3.1608417e-16  -2.1738250e-17  -4.3094764e-16  -5.4424372e-16  -2.0102629e-16  -4.5381109e-16  -2.7086021e-16  -3.8494672e-16  5.9648954e-16  2.9131969e-16  -3.2453150e-16  -1.2664023e-16  1.0000000   2.4930651e-16  -3.0310205e-16  -4.1397703e-17  3.5599905e-16  -2.3038979e-17  -4.9134262e-16  1.1496738e-16  -2.4339273e-16  4.0976909e-16  3.2542770e-16  -4.8118362e-16  1.4059935e-16  7.3031740e-16  3.3472867e-16  7.6506054e-16  -4.6502871e-16  -5.2229494e-16  6.1360828e-16  -3.1608417e-16  -2.1738250e-17  -4.3094764e-16  -5.4424372e-16  -2.0102629e-16  -4.5381109e-16  -2.7086021e-16  -3.8494672e-16  5.9648954e-16  2.9131969e-16  -3.2453150e-16  -1.2664023e-16  1.0000000   2.4930651e-16  -3.0310205e-16  -4.1397703e-17  
-1.9382609e-16  -1.2267834e-16  9.5635489e-17  -2.8743646e-17  -7.2783093e-16  -2.3027298e-16  4.7669491e-16  -9.7768742e-17  4.5818413e-16  1.9806140e-16  6.3464893e-16  -7.7464859e-16  6.5357167e-16  -1.1650500e-15  5.8477337e-16  4.9442080e-16  2.8204197e-16  -3.3967203e-16  1.2796344e-16  1.3358336e-16  2.0207049e-17  4.3601650e-16  4.3579397e-16  3.9820356e-16  -3.3560670e-16  1.0291766e-15  6.5278623e-16  2.4930651e-16  1.0000000   3.2563781e-16  -2.9381701e-16  -1.9382609e-16  -1.2267834e-16  9.5635489e-17  -2.8743646e-17  -7.2783093e-16  -2.3027298e-16  4.7669491e-16  -9.7768742e-17  4.5818413e-16  1.9806140e-16  6.3464893e-16  -7.7464859e-16  6.5357167e-16  -1.1650500e-15  5.8477337e-16  4.9442080e-16  2.8204197e-16  -3.3967203e-16  1.2796344e-16  1.3358336e-16  2.0207049e-17  4.3601650e-16  4.3579397e-16  3.9820356e-16  -3.3560670e-16  1.0291766e-15  6.5278623e-16  2.4930651e-16  1.0000000   3.2563781e-16  -2.9381701e-16  
6.3213909e-16  -2.0138713e-16  -1.7280291e-16  -2.6392890e-16  1.8803633e-16  3.0284167e-16  -1.3626171e-16  7.9616314e-16  1.0974264e-16  -7.0560325e-16  1.3960125e-16  5.3532362e-16  2.3990500e-16  1.0774693e-17  4.4748327e-16  1.3820379e-16  3.2855111e-17  2.9704274e-16  4.8977441e-16  -2.9727413e-16  -1.2813002e-16  3.4279612e-16  9.6373133e-16  -6.4425264e-16  3.5222596e-16  7.7385476e-17  -3.6360086e-16  -3.0310205e-16  3.2563781e-16  1.0000000   1.7760273e-16  6.3213909e-16  -2.0138713e-16  -1.7280291e-16  -2.6392890e-16  1.8803633e-16  3.0284167e-16  -1.3626171e-16  7.9616314e-16  1.0974264e-16  -7.0560325e-16  1.3960125e-16  5.3532362e-16  2.3990500e-16  1.0774693e-17  4.4748327e-16  1.3820379e-16  3.2855111e-17  2.9704274e-16  4.8977441e-16  -2.9727413e-16  -1.2813002e-16  3.4279612e-16  9.6373133e-16  -6.4425264e-16  3.5222596e-16  7.7385476e-17  -3.6360086e-16  -3.0310205e-16  3.2563781e-16  1.0000000   1.7760273e-16  
2.7760077e-16  -7.9026677e-17  -2.8340444e-16  4.8029356e-16  1.2191396e-16  -2.2668250e-16  -1.6629751e-16  1.4368449e-16  1.3064635e-16  -3.8448829e-16  -3.7687016e-16  3.7204969e-16  -3.0770610e-16  -1.6272690e-16  -1.4526978e-16  1.3489590e-16  8.7583928e-17  -2.0489908e-16  2.1921941e-16  -2.9201914e-16  -4.8136651e-16  3.7913935e-16  -5.7833072e-16  -6.4333812e-16  -6.5053807e-16  1.4280740e-16  -2.5880742e-16  -4.1397703e-17  -2.9381701e-16  1.7760273e-16  1.0000000   2.7760077e-16  -7.9026677e-17  -2.8340444e-16  4.8029356e-16  1.2191396e-16  -2.2668250e-16  -1.6629751e-16  1.4368449e-16  1.3064635e-16  -3.8448829e-16  -3.7687016e-16  3.7204969e-16  -3.0770610e-16  -1.6272690e-16  -1.4526978e-16  1.3489590e-16  8.7583928e-17  -2.0489908e-16  2.1921941e-16  -2.9201914e-16  -4.8136651e-16  3.7913935e-16  -5.7833072e-16  -6.4333812e-16  -6.5053807e-16  1.4280740e-16  -2.5880742e-16  -4.1397703e-17  -2.9381701e-16  1.7760273e-16  1.0000000   
1.0000000   -5.8978037e-17  -2.6385189e-16  -5.4636413e-16  -2.6978805e-16  9.2412870e-16  -5.0369134e-16  4.9745544e-17  -2.3865867e-16  3.3130075e-16  4.5328077e-16  3.6055319e-16  2.6169051e-16  -4.2924992e-16  3.5129340e-16  4.7456199e-16  -1.6159948e-16  -1.6290003e-16  5.9654168e-17  -4.4386455e-16  -7.0200781e-16  3.7265788e-16  -3.5958175e-16  -2.0982736e-16  -8.2802178e-16  6.3481069e-16  9.9321714e-16  3.5599905e-16  -1.9382609e-16  6.3213909e-16  2.7760077e-16  1.0000000   -5.8978037e-17  -2.6385189e-16  -5.4636413e-16  -2.6978805e-16  9.2412870e-16  -5.0369134e-16  4.9745544e-17  -2.3865867e-16  3.3130075e-16  4.5328077e-16  3.6055319e-16  2.6169051e-16  -4.2924992e-16  3.5129340e-16  4.7456199e-16  -1.6159948e-16  -1.6290003e-16  5.9654168e-17  -4.4386455e-16  -7.0200781e-16  3.7265788e-16  -3.5958175e-16  -2.0982736e-16  -8.2802178e-16  6.3481069e-16  9.9321714e-16  3.5599905e-16  -1.9382609e-16  6.3213909e-16  2.7760077e-16  
-5.8978037e-17  1.0000000   2.2987776e-17  -4.8915140e-17  -7.3189154e-17  3.3778278e-16  -2.7525930e-16  3.6407159e-16  -4.7775458e-16  5.3691106e-16  7.9723058e-16  -7.4703475e-18  1.7181309e-16  4.7992005e-16  -5.6926782e-16  -1.3856557e-16  1.3458537e-16  3.2766641e-16  3.3427902e-16  -2.0616621e-16  1.3647171e-16  1.6102316e-17  5.2485761e-16  -2.8321395e-17  -3.6413515e-16  1.0353456e-18  -1.0408741e-16  -2.3038979e-17  -1.2267834e-16  -2.0138713e-16  -7.9026677e-17  -5.8978037e-17  1.0000000   2.2987776e-17  -4.8915140e-17  -7.3189154e-17  3.3778278e-16  -2.7525930e-16  3.6407159e-16  -4.7775458e-16  5.3691106e-16  7.9723058e-16  -7.4703475e-18  1.7181309e-16  4.7992005e-16  -5.6926782e-16  -1.3856557e-16  1.3458537e-16  3.2766641e-16  3.3427902e-16  -2.0616621e-16  1.3647171e-16  1.6102316e-17  5.2485761e-16  -2.8321395e-17  -3.6413515e-16  1.0353456e-18  -1.0408741e-16  -2.3038979e-17  -1.2267834e-16  -2.0138713e-16  -7.9026677e-17  
-2.6385189e-16  2.2987776e-17  1.0000000   -5.5445972e-16  4.6830725e-17  1.6642829e-16  -9.9900355e-16  1.6900539e-16  -3.3997855e-16  -9.0242250e-16  7.3833120e-16  -2.7847238e-16  -2.8321388e-16  5.5160525e-16  -1.9219577e-16  -4.2675704e-16  -3.2455562e-16  4.3111640e-16  -6.7191000e-16  8.4377377e-16  -7.9274608e-17  1.8139789e-16  -1.0680927e-15  -3.1984692e-17  -1.4097791e-16  5.2105505e-16  8.7550713e-16  -4.9134262e-16  9.5635489e-17  -1.7280291e-16  -2.8340444e-16  -2.6385189e-16  2.2987776e-17  1.0000000   -5.5445972e-16  4.6830725e-17  1.6642829e-16  -9.9900355e-16  1.6900539e-16  -3.3997855e-16  -9.0242250e-16  7.3833120e-16  -2.7847238e-16  -2.8321388e-16  5.5160525e-16  -1.9219577e-16  -4.2675704e-16  -3.2455562e-16  4.3111640e-16  -6.7191000e-16  8.4377377e-16  -7.9274608e-17  1.8139789e-16  -1.0680927e-15  -3.1984692e-17  -1.4097791e-16  5.2105505e-16  8.7550713e-16  -4.9134262e-16  9.5635489e-17  -1.7280291e-16  -2.8340444e-16  
-5.4636413e-16  -4.8915140e-17  -5.5445972e-16  1.0000000   5.5929765e-16  -3.9315731e-16  5.2890948e-16  -1.8597080e-16  -4.3695424e-16  2.6734338e-16  -6.6736545e-16  -3.3629284e-16  1.8875464e-16  -7.7302879e-17  -5.0012253e-16  5.3830664e-16  -5.3238218e-16  -6.5730925e-17  2.4105750e-16  9.2377701e-17  5.5814626e-17  2.2035119e-17  -5.0567747e-16  -8.2736262e-16  1.9401028e-16  1.3194067e-16  7.5218216e-17  1.1496738e-16  -2.8743646e-17  -2.6392890e-16  4.8029356e-16  -5.4636413e-16  -4.8915140e-17  -5.5445972e-16  1.0000000   5.5929765e-16  -3.9315731e-16  5.2890948e-16  -1.8597080e-16  -4.3695424e-16  2.6734338e-16  -6.6736545e-16  -3.3629284e-16  1.8875464e-16  -7.7302879e-17  -5.0012253e-16  5.3830664e-16  -5.3238218e-16  -6.5730925e-17  2.4105750e-16  9.2377701e-17  5.5814626e-17  2.2035119e-17  -5.0567747e-16  -8.2736262e-16  1.9401028e-16  1.3194067e-16  7.5218216e-17  1.1496738e-16  -2.8743646e-17  -2.6392890e-16  4.8029356e-16  
-2.6978805e-16  -7.3189154e-17  4.6830725e-17  5.5929765e-16  1.0000000   5.4255971e-17  8.7948508e-16  -5.1025835e-18  4.5678880e-16  -5.6705740e-16  -6.3420703e-16  -3.3740090e-16  -1.0323921e-16  2.0049212e-16  -9.3753594e-16  -3.4967757e-16  -5.8622807e-16  -2.2016852e-16  -2.2764810e-16  -9.8220130e-17  9.0171509e-16  7.4204193e-16  1.4863784e-17  -3.7634498e-16  -5.9401976e-17  -1.9774114e-16  -5.8494432e-16  -2.4339273e-16  -7.2783093e-16  1.8803633e-16  1.2191396e-16  -2.6978805e-16  -7.3189154e-17  4.6830725e-17  5.5929765e-16  1.0000000   5.4255971e-17  8.7948508e-16  -5.1025835e-18  4.5678880e-16  -5.6705740e-16  -6.3420703e-16  -3.3740090e-16  -1.0323921e-16  2.0049212e-16  -9.3753594e-16  -3.4967757e-16  -5.8622807e-16  -2.2016852e-16  -2.2764810e-16  -9.8220130e-17  9.0171509e-16  7.4204193e-16  1.4863784e-17  -3.7634498e-16  -5.9401976e-17  -1.9774114e-16  -5.8494432e-16  -2.4339273e-16  -7.2783093e-16  1.8803633e-16  1.2191396e-16  
9.2412870e-16  3.3778278e-16  1.6642829e-16  -3.9315731e-16  5.4255971e-17  1.0000000   7.4603858e-16  5.1069860e-17  -1.6700568e-17  -5.9848137e-16  2.6784254e-16  -4.5704924e-16  2.7584862e-17  -4.1141960e-16  2.7279234e-16  -1.7915005e-16  3.2842995e-16  -4.0405210e-16  6.2572494e-16  -9.8332192e-17  -6.6246070e-16  9.0526621e-16  -3.7756934e-16  8.6980027e-16  -1.0790089e-16  -1.8735924e-16  -1.3116792e-16  4.0976909e-16  -2.3027298e-16  3.0284167e-16  -2.2668250e-16  9.2412870e-16  3.3778278e-16  1.6642829e-16  -3.9315731e-16  5.4255971e-17  1.0000000   7.4603858e-16  5.1069860e-17  -1.6700568e-17  -5.9848137e-16  2.6784254e-16  -4.5704924e-16  2.7584862e-17  -4.1141960e-16  2.7279234e-16  -1.7915005e-16  3.2842995e-16  -4.0405210e-16  6.2572494e-16  -9.8332192e-17  -6.6246070e-16  9.0526621e-16  -3.7756934e-16  8.6980027e-16  -1.0790089e-16  -1.8735924e-16  -1.3116792e-16  4.0976909e-16  -2.3027298e-16  3.0284167e-16  -2.2668250e-16  
-5.0369134e-16  -2.7525930e-16  -9.9900355e-16  5.2890948e-16  8.7948508e-16  7.4603858e-16  1.0000000   2.9118902e-16  -3.1179063e-16  3.4162392e-17  -3.7520602e-16  -1.8264855e-16  -5.9614185e-17  -1.2953957e-15  1.7230729e-16  9.4401809e-17  4.0283104e-16  3.4085872e-17  3.1018653e-16  -4.2052627e-16  -1.3712907e-16  -2.0715856e-16  3.2636336e-16  4.6492956e-16  4.7741574e-16  3.6566941e-16  5.0133927e-16  3.2542770e-16  4.7669491e-16  -1.3626171e-16  -1.6629751e-16  -5.0369134e-16  -2.7525930e-16  -9.9900355e-16  5.2890948e-16  8.7948508e-16  7.4603858e-16  1.0000000   2.9118902e-16  -3.1179063e-16  3.4162392e-17  -3.7520602e-16  -1.8264855e-16  -5.9614185e-17  -1.2953957e-15  1.7230729e-16  9.4401809e-17  4.0283104e-16  3.4085872e-17  3.1018653e-16  -4.2052627e-16  -1.3712907e-16  -2.0715856e-16  3.2636336e-16  4.6492956e-16  4.7741574e-16  3.6566941e-16  5.0133927e-16  3.2542770e-16  4.7669491e-16  -1.3626171e-16  -1.6629751e-16  
4.9745544e-17  3.6407159e-16  1.6900539e-16  -1.8597080e-16  -5.1025835e-18  5.1069860e-17  2.9118902e-16  1.0000000   1.9920669e-16  1.1961724e-16  -1.6841414e-17  -1.4651705e-16  -7.2730473e-16  -5.1866488e-16  7.6846249e-17  4.8293954e-16  5.4294899e-16  -5.4279724e-18  2.6364012e-16  -3.7093491e-16  -4.2987705e-16  -8.8390531e-16  3.2547794e-16  -4.7512448e-16  1.2583919e-16  -2.7550709e-16  -6.2342146e-16  -4.8118362e-16  -9.7768742e-17  7.9616314e-16  1.4368449e-16  4.9745544e-17  3.6407159e-16  1.6900539e-16  -1.8597080e-16  -5.1025835e-18  5.1069860e-17  2.9118902e-16  1.0000000   1.9920669e-16  1.1961724e-16  -1.6841414e-17  -1.4651705e-16  -7.2730473e-16  -5.1866488e-16  7.6846249e-17  4.8293954e-16  5.4294899e-16  -5.4279724e-18  2.6364012e-16  -3.7093491e-16  -4.2987705e-16  -8.8390531e-16  3.2547794e-16  -4.7512448e-16  1.2583919e-16  -2.7550709e-16  -6.2342146e-16  -4.8118362e-16  -9.7768742e-17  7.9616314e-16  1.4368449e-16  
-2.3865867e-16  -4.7775458e-16  -3.3997855e-16  -4.3695424e-16  4.5678880e-16  -1.6700568e-17  -3.1179063e-16  1.9920669e-16  1.0000000   6.3370819e-16  -2.2257119e-16  -6.5652448e-16  -4.1244178e-17  3.3159064e-16  9.8477551e-17  -3.7459585e-16  -6.2912814e-17  -6.1979392e-16  2.5572877e-16  -3.1591266e-16  -3.2495429e-16  3.1469230e-16  -9.6636956e-16  2.4640330e-16  -1.9456772e-16  -8.8203411e-17  -5.7693245e-16  1.4059935e-16  4.5818413e-16  1.0974264e-16  1.3064635e-16  -2.3865867e-16  -4.7775458e-16  -3.3997855e-16  -4.3695424e-16  4.5678880e-16  -1.6700568e-17  -3.1179063e-16  1.9920669e-16  1.0000000   6.3370819e-16  -2.2257119e-16  -6.5652448e-16  -4.1244178e-17  3.3159064e-16  9.8477551e-17  -3.7459585e-16  -6.2912814e-17  -6.1979392e-16  2.5572877e-16  -3.1591266e-16  -3.2495429e-16  3.1469230e-16  -9.6636956e-16  2.4640330e-16  -1.9456772e-16  -8.8203411e-17  -5.7693245e-16  1.4059935e-16  4.5818413e-16  1.0974264e-16  1.3064635e-16  
3.3130075e-16  5.3691106e-16  -9.0242250e-16  2.6734338e-16  -5.6705740e-16  -5.9848137e-16  3.4162392e-17  1.1961724e-16  6.3370819e-16  1.0000000   1.0704517e-16  -9.5366175e-17  1.5388235e-16  -1.3967138e-16  -1.5865720e-17  -8.3816672e-17  2.3511185e-16  -6.4859578e-17  1.4631413e-16  -5.4218753e-19  3.8089299e-16  -3.5423912e-16  3.7930470e-16  -4.2240174e-16  2.9716666e-16  2.3548987e-16  -4.6989869e-16  7.3031740e-16  1.9806140e-16  -7.0560325e-16  -3.8448829e-16  3.3130075e-16  5.3691106e-16  -9.0242250e-16  2.6734338e-16  -5.6705740e-16  -5.9848137e-16  3.4162392e-17  1.1961724e-16  6.3370819e-16  1.0000000   1.0704517e-16  -9.5366175e-17  1.5388235e-16  -1.3967138e-16  -1.5865720e-17  -8.3816672e-17  2.3511185e-16  -6.4859578e-17  1.4631413e-16  -5.4218753e-19  3.8089299e-16  -3.5423912e-16  3.7930470e-16  -4.2240174e-16  2.9716666e-16  2.3548987e-16  -4.6989869e-16  7.3031740e-16  1.9806140e-16  -7.0560325e-16  -3.8448829e-16  
