1.0000000   -1.5789896e-16  -4.2409070e-16  9.4957341e-16  -6.7771072e-16  1.3310796e-16  -2.4769547e-16  -1.5289117e-16  4.4754254e-16  -9.1871028e-16  -1.8410806e-16  2.9416443e-17  -2.0054391e-17  -5.2469836e-16  8.0918303e-16  2.2164308e-17  -4.0339588e-16  -6.0513369e-16  -5.5325117e-16  3.5132819e-16  1.2858720e-16  -4.2784606e-16  1.7347935e-16  8.1406102e-16  8.7255566e-16  2.7822096e-16  6.6367417e-17  1.4375067e-16  1.5312998e-16  1.4669002e-16  2.8442970e-16  1.0000000   -1.5789896e-16  -4.2409070e-16  9.4957341e-16  -6.7771072e-16  1.3310796e-16  -2.4769547e-16  -1.5289117e-16  4.4754254e-16  -9.1871028e-16  -1.8410806e-16  2.9416443e-17  -2.0054391e-17  -5.2469836e-16  8.0918303e-16  2.2164308e-17  -4.0339588e-16  -6.0513369e-16  -5.5325117e-16  3.5132819e-16  1.2858720e-16  -4.2784606e-16  1.7347935e-16  8.1406102e-16  8.7255566e-16  2.7822096e-16  6.6367417e-17  1.4375067e-16  1.5312998e-16  1.4669002e-16  2.8442970e-16  
-1.5789896e-16  1.0000000   1.6468629e-16  -1.3175300e-16  4.9012769e-16  1.0796598e-16  -5.2835047e-17  -2.9596753e-16  -4.7043905e-16  -1.5101743e-16  1.5400178e-16  8.1834532e-16  -3.4116155e-16  2.0911500e-16  4.3389048e-16  -6.6130829e-16  2.1979854e-16  3.9353824e-16  -4.7231953e-17  2.4571897e-16  8.4313622e-16  1.1961485e-16  -2.2602534e-16  -2.0059704e-16  2.2031837e-17  3.3565141e-16  5.2997129e-16  -4.2279919e-16  -1.3359007e-17  4.1266364e-16  -6.0200297e-16  -1.5789896e-16  1.0000000   1.6468629e-16  -1.3175300e-16  4.9012769e-16  1.0796598e-16  -5.2835047e-17  -2.9596753e-16  -4.7043905e-16  -1.5101743e-16  1.5400178e-16  8.1834532e-16  -3.4116155e-16  2.0911500e-16  4.3389048e-16  -6.6130829e-16  2.1979854e-16  3.9353824e-16  -4.7231953e-17  2.4571897e-16  8.4313622e-16  1.1961485e-16  -2.2602534e-16  -2.0059704e-16  2.2031837e-17  3.3565141e-16  5.2997129e-16  -4.2279919e-16  -1.3359007e-17  4.1266364e-16  -6.0200297e-16  
-4.2409070e-16  1.6468629e-16  1.0000000   -3.7981778e-16  -6.5490643e-16  3.1844110e-16  1.4824310e-16  3.9121983e-16  1.7986744e-16  8.5321350e-16  -6.1300305e-16  -8.1971724e-17  -6.5561849e-17  5.7546958e-16  -3.4727512e-16  4.7103114e-16  4.4085520e-16  3.3856772e-16  6.8116354e-16  -7.4700544e-17  5.4143698e-16  4.0501327e-16  -3.3318203e-16  -1.9320519e-16  -1.3032096e-15  -6.5774456e-17  1.1686128e-15  4.6670166e-16  1.5722405e-16  5.4273754e-16  2.4598028e-16  -4.2409070e-16  1.6468629e-16  1.0000000   -3.7981778e-16  -6.5490643e-16  3.1844110e-16  1.4824310e-16  3.9121983e-16  1.7986744e-16  8.5321350e-16  -6.1300305e-16  -8.1971724e-17  -6.5561849e-17  5.7546958e-16  -3.4727512e-16  4.7103114e-16  4.4085520e-16  3.3856772e-16  6.8116354e-16  -7.4700544e-17  5.4143698e-16  4.0501327e-16  -3.3318203e-16  -1.9320519e-16  -1.3032096e-15  -6.5774456e-17  1.1686128e-15  4.6670166e-16  1.5722405e-16  5.4273754e-16  2.4598028e-16  
9.4957341e-16  -1.3175300e-16  -3.7981778e-16  1.0000000   2.6033355e-17  -7.3633611e-16  6.8665724e-16  4.4421423e-16  4.3739265e-16  6.9231888e-16  1.0658447e-16  3.6059289e-16  4.5840628e-16  2.7935438e-16  -1.2376260e-16  -5.5519912e-16  8.3503983e-16  3.5484991e-16  3.4310069e-16  -9.0500327e-16  -3.9255258e-16  7.7493116e-17  -5.2892910e-16  -4.0072108e-16  1.9082292e-17  1.4751219e-16  -1.2137449e-15  -2.3611336e-16  6.3389828e-16  -4.0924065e-16  -1.3716890e-16  9.4957341e-16  -1.3175300e-16  -3.7981778e-16  1.0000000   2.6033355e-17  -7.3633611e-16  6.8665724e-16  4.4421423e-16  4.3739265e-16  6.9231888e-16  1.0658447e-16  3.6059289e-16  4.5840628e-16  2.7935438e-16  -1.2376260e-16  -5.5519912e-16  8.3503983e-16  3.5484991e-16  3.4310069e-16  -9.0500327e-16  -3.9255258e-16  7.7493116e-17  -5.2892910e-16  -4.0072108e-16  1.9082292e-17  1.4751219e-16  -1.2137449e-15  -2.3611336e-16  6.3389828e-16  -4.0924065e-16  -1.3716890e-16  
-6.7771072e-16  4.9012769e-16  -6.5490643e-16  2.6033355e-17  1.0000000   -3.2865508e-16  -1.7387522e-16  1.2022732e-15  8.1276420e-16  5.8260217e-17  -2.6420277e-16  -7.1891366e-16  6.4611774e-16  -7.2988266e-16  1.1424242e-15  -3.4838258e-16  -2.7925519e-16  -5.2804207e-16  2.3477466e-16  2.3867130e-16  8.4437195e-16  -3.8036870e-16  -1.4277850e-16  5.0294580e-17  1.2283570e-15  1.2191314e-16  -3.8966417e-16  2.0708848e-16  -3.9279056e-16  5.9666000e-16  5.3979442e-16  -6.7771072e-16  4.9012769e-16  -6.5490643e-16  2.6033355e-17  1.0000000   -3.2865508e-16  -1.7387522e-16  1.2022732e-15  8.1276420e-16  5.8260217e-17  -2.6420277e-16  -7.1891366e-16  6.4611774e-16  -7.2988266e-16  1.1424242e-15  -3.4838258e-16  -2.7925519e-16  -5.2804207e-16  2.3477466e-16  2.3867130e-16  8.4437195e-16  -3.8036870e-16  -1.4277850e-16  5.0294580e-17  1.2283570e-15  1.2191314e-16  -3.8966417e-16  2.0708848e-16  -3.9279056e-16  5.9666000e-16  5.3979442e-16  
1.3310796e-16  1.0796598e-16  3.1844110e-16  -7.3633611e-16  -3.2865508e-16  1.0000000   -3.6630021e-16  3.1510494e-16  6.2422849e-16  7.9510255e-18  -1.4614649e-16  1.4286255e-16  8.7291513e-16  6.6157657e-16  -7.5965336e-16  1.0025162e-15  -5.3421964e-17  3.0264408e-16  -5.4558751e-16  -8.9974223e-16  5.3236079e-16  1.3808213e-16  -2.8727631e-16  7.9190789e-16  6.1607668e-18  -7.1468284e-16  4.8056823e-16  2.6221444e-16  -3.3434281e-17  8.2343925e-16  1.4623376e-16  1.3310796e-16  1.0796598e-16  3.1844110e-16  -7.3633611e-16  -3.2865508e-16  1.0000000   -3.6630021e-16  3.1510494e-16  6.2422849e-16  7.9510255e-18  -1.4614649e-16  1.4286255e-16  8.7291513e-16  6.6157657e-16  -7.5965336e-16  1.0025162e-15  -5.3421964e-17  3.0264408e-16  -5.4558751e-16  -8.9974223e-16  5.3236079e-16  1.3808213e-16  -2.8727631e-16  7.9190789e-16  6.1607668e-18  -7.1468284e-16  4.8056823e-16  2.6221444e-16  -3.3434281e-17  8.2343925e-16  1.4623376e-16  
-2.4769547e-16  -5.2835047e-17  1.4824310e-16  6.8665724e-16  -1.7387522e-16  -3.6630021e-16  1.0000000   -2.6417028e-16  -7.3533853e-17  -5.9983935e-17  4.6421047e-16  1.3648256e-16  -2.9016077e-16  1.2342179e-16  -4.1140546e-16  1.6234153e-16  -7.2153660e-17  -1.9958061e-16  1.4572156e-16  -1.8295411e-16  5.0689112e-16  3.0640366e-16  -3.4312891e-17  1.4640925e-16  -1.9075507e-16  -8.6336900e-17  -4.5146750e-16  5.8269030e-16  2.8351997e-16  -9.2323607e-17  -5.7814598e-17  -2.4769547e-16  -5.2835047e-17  1.4824310e-16  6.8665724e-16  -1.7387522e-16  -3.6630021e-16  1.0000000   -2.6417028e-16  -7.3533853e-17  -5.9983935e-17  4.6421047e-16  1.3648256e-16  -2.9016077e-16  1.2342179e-16  -4.1140546e-16  1.6234153e-16  -7.2153660e-17  -1.9958061e-16  1.4572156e-16  -1.8295411e-16  5.0689112e-16  3.0640366e-16  -3.4312891e-17  1.4640925e-16  -1.9075507e-16  -8.6336900e-17  -4.5146750e-16  5.8269030e-16  2.8351997e-16  -9.2323607e-17  -5.7814598e-17  
-1.5289117e-16  -2.9596753e-16  3.9121983e-16  4.4421423e-16  1.2022732e-15  3.1510494e-16  -2.6417028e-16  1.0000000   -7.1176827e-16  2.7997106e-16  2.5835162e-17  3.2614783e-16  4.6683363e-16  -5.1038052e-16  -4.8028618e-16  -1.3668425e-16  -6.5897135e-16  6.9409252e-16  2.0671764e-16  1.8644539e-16  3.0876478e-16  -7.1010312e-19  2.6011822e-16  -8.4055703e-17  2.2083540e-16  -5.8608229e-16  -2.1905528e-16  1.4285792e-16  1.7955451e-16  -2.0912214e-16  -1.8884809e-16  -1.5289117e-16  -2.9596753e-16  3.9121983e-16  4.4421423e-16  1.2022732e-15  3.1510494e-16  -2.6417028e-16  1.0000000   -7.1176827e-16  2.7997106e-16  2.5835162e-17  3.2614783e-16  4.6683363e-16  -5.1038052e-16  -4.8028618e-16  -1.3668425e-16  -6.5897135e-16  6.9409252e-16  2.0671764e-16  1.8644539e-16  3.0876478e-16  -7.1010312e-19  2.6011822e-16  -8.4055703e-17  2.2083540e-16  -5.8608229e-16  -2.1905528e-16  1.4285792e-16  1.7955451e-16  -2.0912214e-16  -1.8884809e-16  
4.4754254e-16  -4.7043905e-16  1.7986744e-16  4.3739265e-16  8.1276420e-16  6.2422849e-16  -7.3533853e-17  -7.1176827e-16  1.0000000   1.1492140e-16  -5.8586826e-16  -4.3326185e-16  -4.0969270e-16  -1.6657818e-16  -1.1627618e-16  -8.1782529e-16  -6.3988277e-17  -8.7085516e-16  3.3122061e-16  1.2728200e-16  -3.3955362e-16  -5.0018123e-16  -2.7951509e-16  1.6793455e-16  2.0185893e-16  -5.7111926e-16  2.8525973e-16  -6.8011047e-16  -7.9927108e-17  6.4471615e-17  1.8785708e-16  4.4754254e-16  -4.7043905e-16  1.7986744e-16  4.3739265e-16  8.1276420e-16  6.2422849e-16  -7.3533853e-17  -7.1176827e-16  1.0000000   1.1492140e-16  -5.8586826e-16  -4.3326185e-16  -4.0969270e-16  -1.6657818e-16  -1.1627618e-16  -8.1782529e-16  -6.3988277e-17  -8.7085516e-16  3.3122061e-16  1.2728200e-16  -3.3955362e-16  -5.0018123e-16  -2.7951509e-16  1.6793455e-16  2.0185893e-16  -5.7111926e-16  2.8525973e-16  -6.8011047e-16  -7.9927108e-17  6.4471615e-17  1.8785708e-16  
-9.1871028e-16  -1.5101743e-16  8.5321350e-16  6.9231888e-16  5.8260217e-17  7.9510255e-18  -5.9983935e-17  2.7997106e-16  1.1492140e-16  1.0000000   -1.3187408e-16  -2.5372031e-16  -4.8734727e-16  -2.6224698e-16  6.6065425e-16  3.1452303e-16  5.6834033e-16  -6.1749255e-16  -5.8971362e-16  3.0955113e-18  2.6845467e-16  2.1456648e-16  3.4875263e-16  -2.0186715e-16  5.7094314e-16  -1.6437213e-16  5.6437407e-16  -4.0901741e-16  3.2200965e-16  4.8303139e-17  -1.3627853e-16  -9.1871028e-16  -1.5101743e-16  8.5321350e-16  6.9231888e-16  5.8260217e-17  7.9510255e-18  -5.9983935e-17  2.7997106e-16  1.1492140e-16  1.0000000   -1.3187408e-16  -2.5372031e-16  -4.8734727e-16  -2.6224698e-16  6.6065425e-16  3.1452303e-16  5.6834033e-16  -6.1749255e-16  -5.8971362e-16  3.0955113e-18  2.6845467e-16  2.1456648e-16  3.4875263e-16  -2.0186715e-16  5.7094314e-16  -1.6437213e-16  5.6437407e-16  -4.0901741e-16  3.2200965e-16  4.8303139e-17  -1.3627853e-16  
-1.8410806e-16  1.5400178e-16  -6.1300305e-16  1.0658447e-16  -2.6420277e-16  -1.4614649e-16  4.6421047e-16  2.5835162e-17  -5.8586826e-16  -1.3187408e-16  1.0000000   2.2550858e-16  -7.7481059e-16  4.5760763e-17  1.9822806e-16  -3.8706451e-16  5.9433159e-17  8.1101373e-17  -2.3242023e-16  1.3234727e-17  1.1354546e-16  -3.6206857e-16  7.4755547e-16  8.2575500e-17  -6.1918476e-16  -1.0287249e-16  2.1815752e-16  1.2620811e-15  3.9778064e-16  -4.0232984e-16  -5.7801725e-17  -1.8410806e-16  1.5400178e-16  -6.1300305e-16  1.0658447e-16  -2.6420277e-16  -1.4614649e-16  4.6421047e-16  2.5835162e-17  -5.8586826e-16  -1.3187408e-16  1.0000000   2.2550858e-16  -7.7481059e-16  4.5760763e-17  1.9822806e-16  -3.8706451e-16  5.9433159e-17  8.1101373e-17  -2.3242023e-16  1.3234727e-17  1.1354546e-16  -3.6206857e-16  7.4755547e-16  8.2575500e-17  -6.1918476e-16  -1.0287249e-16  2.1815752e-16  1.2620811e-15  3.9778064e-16  -4.0232984e-16  -5.7801725e-17  
2.9416443e-17  8.1834532e-16  -8.1971724e-17  3.6059289e-16  -7.1891366e-16  1.4286255e-16  1.3648256e-16  3.2614783e-16  -4.3326185e-16  -2.5372031e-16  2.2550858e-16  1.0000000   -7.3369569e-16  -1.9806955e-16  7.8089118e-16  -7.5052526e-17  2.8019342e-16  8.9067298e-17  2.4658294e-16  -1.9546763e-17  4.9639936e-16  3.6469138e-16  -3.8178857e-16  -4.1374965e-16  3.6211436e-16  -2.3756521e-17  -1.7388601e-16  4.2764391e-16  -2.6143191e-16  3.0756944e-16  1.9875942e-16  2.9416443e-17  8.1834532e-16  -8.1971724e-17  3.6059289e-16  -7.1891366e-16  1.4286255e-16  1.3648256e-16  3.2614783e-16  -4.3326185e-16  -2.5372031e-16  2.2550858e-16  1.0000000   -7.3369569e-16  -1.9806955e-16  7.8089118e-16  -7.5052526e-17  2.8019342e-16  8.9067298e-17  2.4658294e-16  -1.9546763e-17  4.9639936e-16  3.6469138e-16  -3.8178857e-16  -4.1374965e-16  3.6211436e-16  -2.3756521e-17  -1.7388601e-16  4.2764391e-16  -2.6143191e-16  3.0756944e-16  1.9875942e-16  
-2.0054391e-17  -3.4116155e-16  -6.5561849e-17  4.5840628e-16  6.4611774e-16  8.7291513e-16  -2.9016077e-16  4.6683363e-16  -4.0969270e-16  -4.8734727e-16  -7.7481059e-16  -7.3369569e-16  1.0000000   -3.4200111e-17  6.5035129e-16  -1.4071864e-16  -1.1206339e-17  2.3641611e-16  1.9791538e-16  1.9043384e-16  2.4486535e-16  3.1683562e-16  6.6812693e-16  7.2247468e-16  3.3927081e-16  5.7138660e-16  -2.9173551e-16  -4.6216590e-17  1.1189653e-16  6.5833412e-16  2.1139151e-17  -2.0054391e-17  -3.4116155e-16  -6.5561849e-17  4.5840628e-16  6.4611774e-16  8.7291513e-16  -2.9016077e-16  4.6683363e-16  -4.0969270e-16  -4.8734727e-16  -7.7481059e-16  -7.3369569e-16  1.0000000   -3.4200111e-17  6.5035129e-16  -1.4071864e-16  -1.1206339e-17  2.3641611e-16  1.9791538e-16  1.9043384e-16  2.4486535e-16  3.1683562e-16  6.6812693e-16  7.2247468e-16  3.3927081e-16  5.7138660e-16  -2.9173551e-16  -4.6216590e-17  1.1189653e-16  6.5833412e-16  2.1139151e-17  
-5.2469836e-16  2.0911500e-16  5.7546958e-16  2.7935438e-16  -7.2988266e-16  6.6157657e-16  1.2342179e-16  -5.1038052e-16  -1.6657818e-16  -2.6224698e-16  4.5760763e-17  -1.9806955e-16  -3.4200111e-17  1.0000000   -2.0228092e-16  4.1734527e-16  -6.2834455e-16  -8.9128126e-17  -2.1024003e-16  4.1737352e-16  -4.5721850e-16  -2.3926581e-16  4.6478784e-16  4.2852274e-18  -3.1575195e-16  1.5166652e-16  1.6878850e-16  2.7106371e-16  -1.5291660e-16  -1.6231452e-16  6.7773762e-16  -5.2469836e-16  2.0911500e-16  5.7546958e-16  2.7935438e-16  -7.2988266e-16  6.6157657e-16  1.2342179e-16  -5.1038052e-16  -1.6657818e-16  -2.6224698e-16  4.5760763e-17  -1.9806955e-16  -3.4200111e-17  1.0000000   -2.0228092e-16  4.1734527e-16  -6.2834455e-16  -8.9128126e-17  -2.1024003e-16  4.1737352e-16  -4.5721850e-16  -2.3926581e-16  4.6478784e-16  4.2852274e-18  -3.1575195e-16  1.5166652e-16  1.6878850e-16  2.7106371e-16  -1.5291660e-16  -1.6231452e-16  6.7773762e-16  
8.0918303e-16  4.3389048e-16  -3.4727512e-16  -1.2376260e-16  1.1424242e-15  -7.5965336e-16  -4.1140546e-16  -4.8028618e-16  -1.1627618e-16  6.6065425e-16  1.9822806e-16  7.8089118e-16  6.5035129e-16  -2.0228092e-16  1.0000000   6.7245479e-16  1.4837543e-16  6.1832826e-18  1.5187095e-16  -2.7097673e-16  -1.2388532e-16  3.1665988e-16  -7.2264593e-16  2.4162981e-16  6.1077825e-17  -2.5946991e-16  -3.5232822e-17  -6.9768291e-17  -1.0155355e-16  3.8288651e-16  1.0725951e-16  8.0918303e-16  4.3389048e-16  -3.4727512e-16  -1.2376260e-16  1.1424242e-15  -7.5965336e-16  -4.1140546e-16  -4.8028618e-16  -1.1627618e-16  6.6065425e-16  1.9822806e-16  7.8089118e-16  6.5035129e-16  -2.0228092e-16  1.0000000   6.7245479e-16  1.4837543e-16  6.1832826e-18  1.5187095e-16  -2.7097673e-16  -1.2388532e-16  3.1665988e-16  -7.2264593e-16  2.4162981e-16  6.1077825e-17  -2.5946991e-16  -3.5232822e-17  -6.9768291e-17  -1.0155355e-16  3.8288651e-16  1.0725951e-16  
2.2164308e-17  -6.6130829e-16  4.7103114e-16  -5.5519912e-16  -3.4838258e-16  1.0025162e-15  1.6234153e-16  -1.3668425e-16  -8.1782529e-16  3.1452303e-16  -3.8706451e-16  -7.5052526e-17  -1.4071864e-16  4.1734527e-16  6.7245479e-16  1.0000000   -3.6347015e-16  -9.5375162e-16  -5.8227250e-16  6.2648700e-16  -3.2161747e-16  7.2688504e-16  3.4428779e-17  5.1338646e-16  2.1800180e-16  -9.4190954e-17  -3.7335581e-16  9.0475771e-17  8.3772489e-16  3.2953618e-16  4.4407979e-16  2.2164308e-17  -6.6130829e-16  4.7103114e-16  -5.5519912e-16  -3.4838258e-16  1.0025162e-15  1.6234153e-16  -1.3668425e-16  -8.1782529e-16  3.1452303e-16  -3.8706451e-16  -7.5052526e-17  -1.4071864e-16  4.1734527e-16  6.7245479e-16  1.0000000   -3.6347015e-16  -9.5375162e-16  -5.8227250e-16  6.2648700e-16  -3.2161747e-16  7.2688504e-16  3.4428779e-17  5.1338646e-16  2.1800180e-16  -9.4190954e-17  -3.7335581e-16  9.0475771e-17  8.3772489e-16  3.2953618e-16  4.4407979e-16  
-4.0339588e-16  2.1979854e-16  4.4085520e-16  8.3503983e-16  -2.7925519e-16  -5.3421964e-17  -7.2153660e-17  -6.5897135e-16  -6.3988277e-17  5.6834033e-16  5.9433159e-17  2.8019342e-16  -1.1206339e-17  -6.2834455e-16  1.4837543e-16  -3.6347015e-16  1.0000000   -3.8592417e-16  -3.9870648e-16  2.2030843e-16  1.3500578e-16  8.3735517e-17  3.7547585e-16  -1.9346661e-16  -6.6805811e-17  1.1792419e-17  1.3174777e-16  -2.9675182e-16  -4.7559113e-18  2.9048763e-16  2.0190016e-16  -4.0339588e-16  2.1979854e-16  4.4085520e-16  8.3503983e-16  -2.7925519e-16  -5.3421964e-17  -7.2153660e-17  -6.5897135e-16  -6.3988277e-17  5.6834033e-16  5.9433159e-17  2.8019342e-16  -1.1206339e-17  -6.2834455e-16  1.4837543e-16  -3.6347015e-16  1.0000000   -3.8592417e-16  -3.9870648e-16  2.2030843e-16  1.3500578e-16  8.3735517e-17  3.7547585e-16  -1.9346661e-16  -6.6805811e-17  1.1792419e-17  1.3174777e-16  -2.9675182e-16  -4.7559113e-18  2.9048763e-16  2.0190016e-16  
-6.0513369e-16  3.9353824e-16  3.3856772e-16  3.5484991e-16  -5.2804207e-16  3.0264408e-16  -1.9958061e-16  6.9409252e-16  -8.7085516e-16  -6.1749255e-16  8.1101373e-17  8.9067298e-17  2.3641611e-16  -8.9128126e-17  6.1832826e-18  -9.5375162e-16  -3.8592417e-16  1.0000000   -5.0928927e-16  1.1950263e-15  -2.6297181e-16  4.7796385e-16  -1.4496599e-16  -4.9638845e-16  6.0133200e-16  -1.0383554e-16  3.2672382e-16  4.6748692e-16  -2.3374829e-16  -3.2641902e-16  4.3567490e-16  -6.0513369e-16  3.9353824e-16  3.3856772e-16  3.5484991e-16  -5.2804207e-16  3.0264408e-16  -1.9958061e-16  6.9409252e-16  -8.7085516e-16  -6.1749255e-16  8.1101373e-17  8.9067298e-17  2.3641611e-16  -8.9128126e-17  6.1832826e-18  -9.5375162e-16  -3.8592417e-16  1.0000000   -5.0928927e-16  1.1950263e-15  -2.6297181e-16  4.7796385e-16  -1.4496599e-16  -4.9638845e-16  6.0133200e-16  -1.0383554e-16  3.2672382e-16  4.6748692e-16  -2.3374829e-16  -3.2641902e-16  4.3567490e-16  
-5.5325117e-16  -4.7231953e-17  6.8116354e-16  3.4310069e-16  2.3477466e-16  -5.4558751e-16  1.4572156e-16  2.0671764e-16  3.3122061e-16  -5.8971362e-16  -2.3242023e-16  2.4658294e-16  1.9791538e-16  -2.1024003e-16  1.5187095e-16  -5.8227250e-16  -3.9870648e-16  -5.0928927e-16  1.0000000   -8.5388989e-17  -1.3648918e-16  1.2403994e-16  -4.7106927e-16  2.7563329e-16  7.9830665e-17  -9.6877686e-17  -2.6997246e-16  -6.7834984e-17  -2.4028950e-16  -4.6162199e-16  3.3534072e-16  -5.5325117e-16  -4.7231953e-17  6.8116354e-16  3.4310069e-16  2.3477466e-16  -5.4558751e-16  1.4572156e-16  2.0671764e-16  3.3122061e-16  -5.8971362e-16  -2.3242023e-16  2.4658294e-16  1.9791538e-16  -2.1024003e-16  1.5187095e-16  -5.8227250e-16  -3.9870648e-16  -5.0928927e-16  1.0000000   -8.5388989e-17  -1.3648918e-16  1.2403994e-16  -4.7106927e-16  2.7563329e-16  7.9830665e-17  -9.6877686e-17  -2.6997246e-16  -6.7834984e-17  -2.4028950e-16  -4.6162199e-16  3.3534072e-16  
3.5132819e-16  2.4571897e-16  -7.4700544e-17  -9.0500327e-16  2.3867130e-16  -8.9974223e-16  -1.8295411e-16  1.8644539e-16  1.2728200e-16  3.0955113e-18  1.3234727e-17  -1.9546763e-17  1.9043384e-16  4.1737352e-16  -2.7097673e-16  6.2648700e-16  2.2030843e-16  1.1950263e-15  -8.5388989e-17  1.0000000   -1.4248708e-16  -6.2803586e-16  -4.1721832e-16  3.3552828e-16  6.5323039e-16  -5.9836990e-16  -3.6675034e-16  6.4321623e-16  4.2941646e-17  9.8824720e-17  -5.7138614e-16  3.5132819e-16  2.4571897e-16  -7.4700544e-17  -9.0500327e-16  2.3867130e-16  -8.9974223e-16  -1.8295411e-16  1.8644539e-16  1.2728200e-16  3.0955113e-18  1.3234727e-17  -1.9546763e-17  1.9043384e-16  4.1737352e-16  -2.7097673e-16  6.2648700e-16  2.2030843e-16  1.1950263e-15  -8.5388989e-17  1.0000000   -1.4248708e-16  -6.2803586e-16  -4.1721832e-16  3.3552828e-16  6.5323039e-16  -5.9836990e-16  -3.6675034e-16  6.4321623e-16  4.2941646e-17  9.8824720e-17  -5.7138614e-16  
1.2858720e-16  8.4313622e-16  5.4143698e-16  -3.9255258e-16  8.4437195e-16  5.3236079e-16  5.0689112e-16  3.0876478e-16  -3.3955362e-16  2.6845467e-16  1.1354546e-16  4.9639936e-16  2.4486535e-16  -4.5721850e-16  -1.2388532e-16  -3.2161747e-16  1.3500578e-16  -2.6297181e-16  -1.3648918e-16  -1.4248708e-16  1.0000000   1.4334959e-16  -7.1505575e-17  -4.6940737e-16  -1.1926363e-16  -9.1567780e-16  -9.1061136e-16  -7.1220089e-17  -6.4510183e-16  2.0140288e-16  4.6134289e-16  1.2858720e-16  8.4313622e-16  5.4143698e-16  -3.9255258e-16  8.4437195e-16  5.3236079e-16  5.0689112e-16  3.0876478e-16  -3.3955362e-16  2.6845467e-16  1.1354546e-16  4.9639936e-16  2.4486535e-16  -4.5721850e-16  -1.2388532e-16  -3.2161747e-16  1.3500578e-16  -2.6297181e-16  -1.3648918e-16  -1.4248708e-16  1.0000000   1.4334959e-16  -7.1505575e-17  -4.6940737e-16  -1.1926363e-16  -9.1567780e-16  -9.1061136e-16  -7.1220089e-17  -6.4510183e-16  2.0140288e-16  4.6134289e-16  
-4.2784606e-16  1.1961485e-16  4.0501327e-16  7.7493116e-17  -3.8036870e-16  1.3808213e-16  3.0640366e-16  -7.1010312e-19  -5.0018123e-16  2.1456648e-16  -3.6206857e-16  3.6469138e-16  3.1683562e-16  -2.3926581e-16  3.1665988e-16  7.2688504e-16  8.3735517e-17  4.7796385e-16  1.2403994e-16  -6.2803586e-16  1.4334959e-16  1.0000000   -7.4756773e-16  4.7455505e-16  5.4747170e-17  8.5874616e-18  -5.3046764e-16  2.5854432e-16  3.8367821e-16  -6.8162209e-16  1.8320028e-16  -4.2784606e-16  1.1961485e-16  4.0501327e-16  7.7493116e-17  -3.8036870e-16  1.3808213e-16  3.0640366e-16  -7.1010312e-19  -5.0018123e-16  2.1456648e-16  -3.6206857e-16  3.6469138e-16  3.1683562e-16  -2.3926581e-16  3.1665988e-16  7.2688504e-16  8.3735517e-17  4.7796385e-16  1.2403994e-16  -6.2803586e-16  1.4334959e-16  1.0000000   -7.4756773e-16  4.7455505e-16  5.4747170e-17  8.5874616e-18  -5.3046764e-16  2.5854432e-16  3.8367821e-16  -6.8162209e-16  1.8320028e-16  
1.7347935e-16  -2.2602534e-16  -3.3318203e-16  -5.2892910e-16  -1.4277850e-16  -2.8727631e-16  -3.4312891e-17  2.6011822e-16  -2.7951509e-16  3.4875263e-16  7.4755547e-16  -3.8178857e-16  6.6812693e-16  4.6478784e-16  -7.2264593e-16  3.4428779e-17  3.7547585e-16  -1.4496599e-16  -4.7106927e-16  -4.1721832e-16  -7.1505575e-17  -7.4756773e-16  1.0000000   -3.8561368e-16  3.4396908e-16  4.4616409e-16  4.5821845e-16  1.5553967e-17  -2.3399748e-17  2.5812177e-16  2.8434152e-16  1.7347935e-16  -2.2602534e-16  -3.3318203e-16  -5.2892910e-16  -1.4277850e-16  -2.8727631e-16  -3.4312891e-17  2.6011822e-16  -2.7951509e-16  3.4875263e-16  7.4755547e-16  -3.8178857e-16  6.6812693e-16  4.6478784e-16  -7.2264593e-16  3.4428779e-17  3.7547585e-16  -1.4496599e-16  -4.7106927e-16  -4.1721832e-16  -7.1505575e-17  -7.4756773e-16  1.0000000   -3.8561368e-16  3.4396908e-16  4.4616409e-16  4.5821845e-16  1.5553967e-17  -2.3399748e-17  2.5812177e-16  2.8434152e-16  
8.1406102e-16  -2.0059704e-16  -1.9320519e-16  -4.0072108e-16  5.0294580e-17  7.9190789e-16  1.4640925e-16  -8.4055703e-17  1.6793455e-16  -2.0186715e-16  8.2575500e-17  -4.1374965e-16  7.2247468e-16  4.2852274e-18  2.4162981e-16  5.1338646e-16  -1.9346661e-16  -4.9638845e-16  2.7563329e-16  3.3552828e-16  -4.6940737e-16  4.7455505e-16  -3.8561368e-16  1.0000000   1.7938584e-16  4.1583662e-16  3.6800621e-16  1.4769262e-16  2.3923424e-16  -2.0649967e-16  -6.7249983e-16  8.1406102e-16  -2.0059704e-16  -1.9320519e-16  -4.0072108e-16  5.0294580e-17  7.9190789e-16  1.4640925e-16  -8.4055703e-17  1.6793455e-16  -2.0186715e-16  8.2575500e-17  -4.1374965e-16  7.2247468e-16  4.2852274e-18  2.4162981e-16  5.1338646e-16  -1.9346661e-16  -4.9638845e-16  2.7563329e-16  3.3552828e-16  -4.6940737e-16  4.7455505e-16  -3.8561368e-16  1.0000000   1.7938584e-16  4.1583662e-16  3.6800621e-16  1.4769262e-16  2.3923424e-16  -2.0649967e-16  -6.7249983e-16  
8.7255566e-16  2.2031837e-17  -1.3032096e-15  1.9082292e-17  1.2283570e-15  6.1607668e-18  -1.9075507e-16  2.2083540e-16  2.0185893e-16  5.7094314e-16  -6.1918476e-16  3.6211436e-16  3.3927081e-16  -3.1575195e-16  6.1077825e-17  2.1800180e-16  -6.6805811e-17  6.0133200e-16  7.9830665e-17  6.5323039e-16  -1.1926363e-16  5.4747170e-17  3.4396908e-16  1.7938584e-16  1.0000000   6.8559879e-17  2.4139581e-16  -2.5927115e-16  1.4777300e-16  -5.0831473e-17  -1.7680567e-16  8.7255566e-16  2.2031837e-17  -1.3032096e-15  1.9082292e-17  1.2283570e-15  6.1607668e-18  -1.9075507e-16  2.2083540e-16  2.0185893e-16  5.7094314e-16  -6.1918476e-16  3.6211436e-16  3.3927081e-16  -3.1575195e-16  6.1077825e-17  2.1800180e-16  -6.6805811e-17  6.0133200e-16  7.9830665e-17  6.5323039e-16  -1.1926363e-16  5.4747170e-17  3.4396908e-16  1.7938584e-16  1.0000000   6.8559879e-17  2.4139581e-16  -2.5927115e-16  1.4777300e-16  -5.0831473e-17  -1.7680567e-16  
2.7822096e-16  3.3565141e-16  -6.5774456e-17  1.4751219e-16  1.2191314e-16  -7.1468284e-16  -8.6336900e-17  -5.8608229e-16  -5.7111926e-16  -1.6437213e-16  -1.0287249e-16  -2.3756521e-17  5.7138660e-16  1.5166652e-16  -2.5946991e-16  -9.4190954e-17  1.1792419e-17  -1.0383554e-16  -9.6877686e-17  -5.9836990e-16  -9.1567780e-16  8.5874616e-18  4.4616409e-16  4.1583662e-16  6.8559879e-17  1.0000000   1.8259499e-16  -6.5850664e-17  -6.0892318e-16  -2.0857391e-16  -8.6177347e-16  2.7822096e-16  3.3565141e-16  -6.5774456e-17  1.4751219e-16  1.2191314e-16  -7.1468284e-16  -8.6336900e-17  -5.8608229e-16  -5.7111926e-16  -1.6437213e-16  -1.0287249e-16  -2.3756521e-17  5.7138660e-16  1.5166652e-16  -2.5946991e-16  -9.4190954e-17  1.1792419e-17  -1.0383554e-16  -9.6877686e-17  -5.9836990e-16  -9.1567780e-16  8.5874616e-18  4.4616409e-16  4.1583662e-16  6.8559879e-17  1.0000000   1.8259499e-16  -6.5850664e-17  -6.0892318e-16  -2.0857391e-16  -8.6177347e-16  
6.6367417e-17  5.2997129e-16  1.1686128e-15  -1.2137449e-15  -3.8966417e-16  4.8056823e-16  -4.5146750e-16  -2.1905528e-16  2.8525973e-16  5.6437407e-16  2.1815752e-16  -1.7388601e-16  -2.9173551e-16  1.6878850e-16  -3.5232822e-17  -3.7335581e-16  1.3174777e-16  3.2672382e-16  -2.6997246e-16  -3.6675034e-16  -9.1061136e-16  -5.3046764e-16  4.5821845e-16  3.6800621e-16  2.4139581e-16  1.8259499e-16  1.0000000   5.5749617e-17  1.5290849e-16  4.4345523e-17  -2.7736306e-16  6.6367417e-17  5.2997129e-16  1.1686128e-15  -1.2137449e-15  -3.8966417e-16  4.8056823e-16  -4.5146750e-16  -2.1905528e-16  2.8525973e-16  5.6437407e-16  2.1815752e-16  -1.7388601e-16  -2.9173551e-16  1.6878850e-16  -3.5232822e-17  -3.7335581e-16  1.3174777e-16  3.2672382e-16  -2.6997246e-16  -3.6675034e-16  -9.1061136e-16  -5.3046764e-16  4.5821845e-16  3.6800621e-16  2.4139581e-16  1.8259499e-16  1.0000000   5.5749617e-17  1.5290849e-16  4.4345523e-17  -2.7736306e-16  
1.4375067e-16  -4.2279919e-16  4.6670166e-16  -2.3611336e-16  2.0708848e-16  2.6221444e-16  5.8269030e-16  1.4285792e-16  -6.8011047e-16  -4.0901741e-16  1.2620811e-15  4.2764391e-16  -4.6216590e-17  2.7106371e-16  -6.9768291e-17  9.0475771e-17  -2.9675182e-16  4.6748692e-16  -6.7834984e-17  6.4321623e-16  -7.1220089e-17  2.5854432e-16  1.5553967e-17  1.4769262e-16  -2.5927115e-16  -6.5850664e-17  5.5749617e-17  1.0000000   -5.4308348e-17  -5.8517431e-16  2.4119429e-16  1.4375067e-16  -4.2279919e-16  4.6670166e-16  -2.3611336e-16  2.0708848e-16  2.6221444e-16  5.8269030e-16  1.4285792e-16  -6.8011047e-16  -4.0901741e-16  1.2620811e-15  4.2764391e-16  -4.6216590e-17  2.7106371e-16  -6.9768291e-17  9.0475771e-17  -2.9675182e-16  4.6748692e-16  -6.7834984e-17  6.4321623e-16  -7.1220089e-17  2.5854432e-16  1.5553967e-17  1.4769262e-16  -2.5927115e-16  -6.5850664e-17  5.5749617e-17  1.0000000   -5.4308348e-17  -5.8517431e-16  2.4119429e-16  
1.5312998e-16  -1.3359007e-17  1.5722405e-16  6.3389828e-16  -3.9279056e-16  -3.3434281e-17  2.8351997e-16  1.7955451e-16  -7.9927108e-17  3.2200965e-16  3.9778064e-16  -2.6143191e-16  1.1189653e-16  -1.5291660e-16  -1.0155355e-16  8.3772489e-16  -4.7559113e-18  -2.3374829e-16  -2.4028950e-16  4.2941646e-17  -6.4510183e-16  3.8367821e-16  -2.3399748e-17  2.3923424e-16  1.4777300e-16  -6.0892318e-16  1.5290849e-16  -5.4308348e-17  1.0000000   7.5792023e-16  1.9820150e-16  1.5312998e-16  -1.3359007e-17  1.5722405e-16  6.3389828e-16  -3.9279056e-16  -3.3434281e-17  2.8351997e-16  1.7955451e-16  -7.9927108e-17  3.2200965e-16  3.9778064e-16  -2.6143191e-16  1.1189653e-16  -1.5291660e-16  -1.0155355e-16  8.3772489e-16  -4.7559113e-18  -2.3374829e-16  -2.4028950e-16  4.2941646e-17  -6.4510183e-16  3.8367821e-16  -2.3399748e-17  2.3923424e-16  1.4777300e-16  -6.0892318e-16  1.5290849e-16  -5.4308348e-17  1.0000000   7.5792023e-16  1.9820150e-16  
1.4669002e-16  4.1266364e-16  5.4273754e-16  -4.0924065e-16  5.9666000e-16  8.2343925e-16  -9.2323607e-17  -2.0912214e-16  6.4471615e-17  4.8303139e-17  -4.0232984e-16  3.0756944e-16  6.5833412e-16  -1.6231452e-16  3.8288651e-16  3.2953618e-16  2.9048763e-16  -3.2641902e-16  -4.6162199e-16  9.8824720e-17  2.0140288e-16  -6.8162209e-16  2.5812177e-16  -2.0649967e-16  -5.0831473e-17  -2.0857391e-16  4.4345523e-17  -5.8517431e-16  7.5792023e-16  1.0000000   -3.4485109e-16  1.4669002e-16  4.1266364e-16  5.4273754e-16  -4.0924065e-16  5.9666000e-16  8.2343925e-16  -9.2323607e-17  -2.0912214e-16  6.4471615e-17  4.8303139e-17  -4.0232984e-16  3.0756944e-16  6.5833412e-16  -1.6231452e-16  3.8288651e-16  3.2953618e-16  2.9048763e-16  -3.2641902e-16  -4.6162199e-16  9.8824720e-17  2.0140288e-16  -6.8162209e-16  2.5812177e-16  -2.0649967e-16  -5.0831473e-17  -2.0857391e-16  4.4345523e-17  -5.8517431e-16  7.5792023e-16  1.0000000   -3.4485109e-16  
2.8442970e-16  -6.0200297e-16  2.4598028e-16  -1.3716890e-16  5.3979442e-16  1.4623376e-16  -5.7814598e-17  -1.8884809e-16  1.8785708e-16  -1.3627853e-16  -5.7801725e-17  1.9875942e-16  2.1139151e-17  6.7773762e-16  1.0725951e-16  4.4407979e-16  2.0190016e-16  4.3567490e-16  3.3534072e-16  -5.7138614e-16  4.6134289e-16  1.8320028e-16  2.8434152e-16  -6.7249983e-16  -1.7680567e-16  -8.6177347e-16  -2.7736306e-16  2.4119429e-16  1.9820150e-16  -3.4485109e-16  1.0000000   2.8442970e-16  -6.0200297e-16  2.4598028e-16  -1.3716890e-16  5.3979442e-16  1.4623376e-16  -5.7814598e-17  -1.8884809e-16  1.8785708e-16  -1.3627853e-16  -5.7801725e-17  1.9875942e-16  2.1139151e-17  6.7773762e-16  1.0725951e-16  4.4407979e-16  2.0190016e-16  4.3567490e-16  3.3534072e-16  -5.7138614e-16  4.6134289e-16  1.8320028e-16  2.8434152e-16  -6.7249983e-16  -1.7680567e-16  -8.6177347e-16  -2.7736306e-16  2.4119429e-16  1.9820150e-16  -3.4485109e-16  1.0000000   
1.0000000   -1.5789896e-16  -4.2409070e-16  9.4957341e-16  -6.7771072e-16  1.3310796e-16  -2.4769547e-16  -1.5289117e-16  4.4754254e-16  -9.1871028e-16  -1.8410806e-16  2.9416443e-17  -2.0054391e-17  -5.2469836e-16  8.0918303e-16  2.2164308e-17  -4.0339588e-16  -6.0513369e-16  -5.5325117e-16  3.5132819e-16  1.2858720e-16  -4.2784606e-16  1.7347935e-16  8.1406102e-16  8.7255566e-16  2.7822096e-16  6.6367417e-17  1.4375067e-16  1.5312998e-16  1.4669002e-16  2.8442970e-16  1.0000000   -1.5789896e-16  -4.2409070e-16  9.4957341e-16  -6.7771072e-16  1.3310796e-16  -2.4769547e-16  -1.5289117e-16  4.4754254e-16  -9.1871028e-16  -1.8410806e-16  2.9416443e-17  -2.0054391e-17  -5.2469836e-16  8.0918303e-16  2.2164308e-17  -4.0339588e-16  -6.0513369e-16  -5.5325117e-16  3.5132819e-16  1.2858720e-16  -4.2784606e-16  1.7347935e-16  8.1406102e-16  8.7255566e-16  2.7822096e-16  6.6367417e-17  1.4375067e-16  1.5312998e-16  1.4669002e-16  2.8442970e-16  
-1.5789896e-16  1.0000000   1.6468629e-16  -1.3175300e-16  4.9012769e-16  1.0796598e-16  -5.2835047e-17  -2.9596753e-16  -4.7043905e-16  -1.5101743e-16  1.5400178e-16  8.1834532e-16  -3.4116155e-16  2.0911500e-16  4.3389048e-16  -6.6130829e-16  2.1979854e-16  3.9353824e-16  -4.7231953e-17  2.4571897e-16  8.4313622e-16  1.1961485e-16  -2.2602534e-16  -2.0059704e-16  2.2031837e-17  3.3565141e-16  5.2997129e-16  -4.2279919e-16  -1.3359007e-17  4.1266364e-16  -6.0200297e-16  -1.5789896e-16  1.0000000   1.6468629e-16  -1.3175300e-16  4.9012769e-16  1.0796598e-16  -5.2835047e-17  -2.9596753e-16  -4.7043905e-16  -1.5101743e-16  1.5400178e-16  8.1834532e-16  -3.4116155e-16  2.0911500e-16  4.3389048e-16  -6.6130829e-16  2.1979854e-16  3.9353824e-16  -4.7231953e-17  2.4571897e-16  8.4313622e-16  1.1961485e-16  -2.2602534e-16  -2.0059704e-16  2.2031837e-17  3.3565141e-16  5.2997129e-16  -4.2279919e-16  -1.3359007e-17  4.1266364e-16  -6.0200297e-16  
-4.2409070e-16  1.6468629e-16  1.0000000   -3.7981778e-16  -6.5490643e-16  3.1844110e-16  1.4824310e-16  3.9121983e-16  1.7986744e-16  8.5321350e-16  -6.1300305e-16  -8.1971724e-17  -6.5561849e-17  5.7546958e-16  -3.4727512e-16  4.7103114e-16  4.4085520e-16  3.3856772e-16  6.8116354e-16  -7.4700544e-17  5.4143698e-16  4.0501327e-16  -3.3318203e-16  -1.9320519e-16  -1.3032096e-15  -6.5774456e-17  1.1686128e-15  4.6670166e-16  1.5722405e-16  5.4273754e-16  2.4598028e-16  -4.2409070e-16  1.6468629e-16  1.0000000   -3.7981778e-16  -6.5490643e-16  3.1844110e-16  1.4824310e-16  3.9121983e-16  1.7986744e-16  8.5321350e-16  -6.1300305e-16  -8.1971724e-17  -6.5561849e-17  5.7546958e-16  -3.4727512e-16  4.7103114e-16  4.4085520e-16  3.3856772e-16  6.8116354e-16  -7.4700544e-17  5.4143698e-16  4.0501327e-16  -3.3318203e-16  -1.9320519e-16  -1.3032096e-15  -6.5774456e-17  1.1686128e-15  4.6670166e-16  1.5722405e-16  5.4273754e-16  2.4598028e-16  
9.4957341e-16  -1.3175300e-16  -3.7981778e-16  1.0000000   2.6033355e-17  -7.3633611e-16  6.8665724e-16  4.4421423e-16  4.3739265e-16  6.9231888e-16  1.0658447e-16  3.6059289e-16  4.5840628e-16  2.7935438e-16  -1.2376260e-16  -5.5519912e-16  8.3503983e-16  3.5484991e-16  3.4310069e-16  -9.0500327e-16  -3.9255258e-16  7.7493116e-17  -5.2892910e-16  -4.0072108e-16  1.9082292e-17  1.4751219e-16  -1.2137449e-15  -2.3611336e-16  6.3389828e-16  -4.0924065e-16  -1.3716890e-16  9.4957341e-16  -1.3175300e-16  -3.7981778e-16  1.0000000   2.6033355e-17  -7.3633611e-16  6.8665724e-16  4.4421423e-16  4.3739265e-16  6.9231888e-16  1.0658447e-16  3.6059289e-16  4.5840628e-16  2.7935438e-16  -1.2376260e-16  -5.5519912e-16  8.3503983e-16  3.5484991e-16  3.4310069e-16  -9.0500327e-16  -3.9255258e-16  7.7493116e-17  -5.2892910e-16  -4.0072108e-16  1.9082292e-17  1.4751219e-16  -1.2137449e-15  -2.3611336e-16  6.3389828e-16  -4.0924065e-16  -1.3716890e-16  
-6.7771072e-16  4.9012769e-16  -6.5490643e-16  2.6033355e-17  1.0000000   -3.2865508e-16  -1.7387522e-16  1.2022732e-15  8.1276420e-16  5.8260217e-17  -2.6420277e-16  -7.1891366e-16  6.4611774e-16  -7.2988266e-16  1.1424242e-15  -3.4838258e-16  -2.7925519e-16  -5.2804207e-16  2.3477466e-16  2.3867130e-16  8.4437195e-16  -3.8036870e-16  -1.4277850e-16  5.0294580e-17  1.2283570e-15  1.2191314e-16  -3.8966417e-16  2.0708848e-16  -3.9279056e-16  5.9666000e-16  5.3979442e-16  -6.7771072e-16  4.9012769e-16  -6.5490643e-16  2.6033355e-17  1.0000000   -3.2865508e-16  -1.7387522e-16  1.2022732e-15  8.1276420e-16  5.8260217e-17  -2.6420277e-16  -7.1891366e-16  6.4611774e-16  -7.2988266e-16  1.1424242e-15  -3.4838258e-16  -2.7925519e-16  -5.2804207e-16  2.3477466e-16  2.3867130e-16  8.4437195e-16  -3.8036870e-16  -1.4277850e-16  5.0294580e-17  1.2283570e-15  1.2191314e-16  -3.8966417e-16  2.0708848e-16  -3.9279056e-16  5.9666000e-16  5.3979442e-16  
1.3310796e-16  1.0796598e-16  3.1844110e-16  -7.3633611e-16  -3.2865508e-16  1.0000000   -3.6630021e-16  3.1510494e-16  6.2422849e-16  7.9510255e-18  -1.4614649e-16  1.4286255e-16  8.7291513e-16  6.6157657e-16  -7.5965336e-16  1.0025162e-15  -5.3421964e-17  3.0264408e-16  -5.4558751e-16  -8.9974223e-16  5.3236079e-16  1.3808213e-16  -2.8727631e-16  7.9190789e-16  6.1607668e-18  -7.1468284e-16  4.8056823e-16  2.6221444e-16  -3.3434281e-17  8.2343925e-16  1.4623376e-16  1.3310796e-16  1.0796598e-16  3.1844110e-16  -7.3633611e-16  -3.2865508e-16  1.0000000   -3.6630021e-16  3.1510494e-16  6.2422849e-16  7.9510255e-18  -1.4614649e-16  1.4286255e-16  8.7291513e-16  6.6157657e-16  -7.5965336e-16  1.0025162e-15  -5.3421964e-17  3.0264408e-16  -5.4558751e-16  -8.9974223e-16  5.3236079e-16  1.3808213e-16  -2.8727631e-16  7.9190789e-16  6.1607668e-18  -7.1468284e-16  4.8056823e-16  2.6221444e-16  -3.3434281e-17  8.2343925e-16  1.4623376e-16  
-2.4769547e-16  -5.2835047e-17  1.4824310e-16  6.8665724e-16  -1.7387522e-16  -3.6630021e-16  1.0000000   -2.6417028e-16  -7.3533853e-17  -5.9983935e-17  4.6421047e-16  1.3648256e-16  -2.9016077e-16  1.2342179e-16  -4.1140546e-16  1.6234153e-16  -7.2153660e-17  -1.9958061e-16  1.4572156e-16  -1.8295411e-16  5.0689112e-16  3.0640366e-16  -3.4312891e-17  1.4640925e-16  -1.9075507e-16  -8.6336900e-17  -4.5146750e-16  5.8269030e-16  2.8351997e-16  -9.2323607e-17  -5.7814598e-17  -2.4769547e-16  -5.2835047e-17  1.4824310e-16  6.8665724e-16  -1.7387522e-16  -3.6630021e-16  1.0000000   -2.6417028e-16  -7.3533853e-17  -5.9983935e-17  4.6421047e-16  1.3648256e-16  -2.9016077e-16  1.2342179e-16  -4.1140546e-16  1.6234153e-16  -7.2153660e-17  -1.9958061e-16  1.4572156e-16  -1.8295411e-16  5.0689112e-16  3.0640366e-16  -3.4312891e-17  1.4640925e-16  -1.9075507e-16  -8.6336900e-17  -4.5146750e-16  5.8269030e-16  2.8351997e-16  -9.2323607e-17  -5.7814598e-17  
-1.5289117e-16  -2.9596753e-16  3.9121983e-16  4.4421423e-16  1.2022732e-15  3.1510494e-16  -2.6417028e-16  1.0000000   -7.1176827e-16  2.7997106e-16  2.5835162e-17  3.2614783e-16  4.6683363e-16  -5.1038052e-16  -4.8028618e-16  -1.3668425e-16  -6.5897135e-16  6.9409252e-16  2.0671764e-16  1.8644539e-16  3.0876478e-16  -7.1010312e-19  2.6011822e-16  -8.4055703e-17  2.2083540e-16  -5.8608229e-16  -2.1905528e-16  1.4285792e-16  1.7955451e-16  -2.0912214e-16  -1.8884809e-16  -1.5289117e-16  -2.9596753e-16  3.9121983e-16  4.4421423e-16  1.2022732e-15  3.1510494e-16  -2.6417028e-16  1.0000000   -7.1176827e-16  2.7997106e-16  2.5835162e-17  3.2614783e-16  4.6683363e-16  -5.1038052e-16  -4.8028618e-16  -1.3668425e-16  -6.5897135e-16  6.9409252e-16  2.0671764e-16  1.8644539e-16  3.0876478e-16  -7.1010312e-19  2.6011822e-16  -8.4055703e-17  2.2083540e-16  -5.8608229e-16  -2.1905528e-16  1.4285792e-16  1.7955451e-16  -2.0912214e-16  -1.8884809e-16  
4.4754254e-16  -4.7043905e-16  1.7986744e-16  4.3739265e-16  8.1276420e-16  6.2422849e-16  -7.3533853e-17  -7.1176827e-16  1.0000000   1.1492140e-16  -5.8586826e-16  -4.3326185e-16  -4.0969270e-16  -1.6657818e-16  -1.1627618e-16  -8.1782529e-16  -6.3988277e-17  -8.7085516e-16  3.3122061e-16  1.2728200e-16  -3.3955362e-16  -5.0018123e-16  -2.7951509e-16  1.6793455e-16  2.0185893e-16  -5.7111926e-16  2.8525973e-16  -6.8011047e-16  -7.9927108e-17  6.4471615e-17  1.8785708e-16  4.4754254e-16  -4.7043905e-16  1.7986744e-16  4.3739265e-16  8.1276420e-16  6.2422849e-16  -7.3533853e-17  -7.1176827e-16  1.0000000   1.1492140e-16  -5.8586826e-16  -4.3326185e-16  -4.0969270e-16  -1.6657818e-16  -1.1627618e-16  -8.1782529e-16  -6.3988277e-17  -8.7085516e-16  3.3122061e-16  1.2728200e-16  -3.3955362e-16  -5.0018123e-16  -2.7951509e-16  1.6793455e-16  2.0185893e-16  -5.7111926e-16  2.8525973e-16  -6.8011047e-16  -7.9927108e-17  6.4471615e-17  1.8785708e-16  
-9.1871028e-16  -1.5101743e-16  8.5321350e-16  6.9231888e-16  5.8260217e-17  7.9510255e-18  -5.9983935e-17  2.7997106e-16  1.1492140e-16  1.0000000   -1.3187408e-16  -2.5372031e-16  -4.8734727e-16  -2.6224698e-16  6.6065425e-16  3.1452303e-16  5.6834033e-16  -6.1749255e-16  -5.8971362e-16  3.0955113e-18  2.6845467e-16  2.1456648e-16  3.4875263e-16  -2.0186715e-16  5.7094314e-16  -1.6437213e-16  5.6437407e-16  -4.0901741e-16  3.2200965e-16  4.8303139e-17  -1.3627853e-16  -9.1871028e-16  -1.5101743e-16  8.5321350e-16  6.9231888e-16  5.8260217e-17  7.9510255e-18  -5.9983935e-17  2.7997106e-16  1.1492140e-16  1.0000000   -1.3187408e-16  -2.5372031e-16  -4.8734727e-16  -2.6224698e-16  6.6065425e-16  3.1452303e-16  5.6834033e-16  -6.1749255e-16  -5.8971362e-16  3.0955113e-18  2.6845467e-16  2.1456648e-16  3.4875263e-16  -2.0186715e-16  5.7094314e-16  -1.6437213e-16  5.6437407e-16  -4.0901741e-16  3.2200965e-16  4.8303139e-17  -1.3627853e-16  
