1.0000000   -5.7256855e-16  1.2782404e-16  4.7453867e-16  8.5219948e-17  -3.9811394e-16  5.0462787e-16  5.4692942e-16  -4.6484031e-16  -4.5313636e-16  -6.2309620e-16  3.2942468e-16  2.0468142e-16  1.9085107e-16  -2.7437865e-16  1.3840317e-16  -4.6258154e-16  -2.4466913e-16  5.7669600e-16  9.3054988e-17  5.0803683e-16  -2.0202985e-16  -1.7052454e-16  -3.0562093e-16  7.5564001e-17  2.0780489e-16  8.1385364e-17  1.0683361e-16  -1.4656886e-16  -5.5110043e-16  -4.6037288e-16  1.0000000   -5.7256855e-16  1.2782404e-16  4.7453867e-16  8.5219948e-17  -3.9811394e-16  5.0462787e-16  5.4692942e-16  -4.6484031e-16  -4.5313636e-16  -6.2309620e-16  3.2942468e-16  2.0468142e-16  1.9085107e-16  -2.7437865e-16  1.3840317e-16  -4.6258154e-16  -2.4466913e-16  5.7669600e-16  9.3054988e-17  5.0803683e-16  -2.0202985e-16  -1.7052454e-16  -3.0562093e-16  7.5564001e-17  2.0780489e-16  8.1385364e-17  1.0683361e-16  -1.4656886e-16  -5.5110043e-16  -4.6037288e-16  
-5.7256855e-16  1.0000000   1.6075933e-16  -1.7712126e-16  3.7275528e-16  -7.8036263e-16  4.8406593e-16  2.1018903e-16  1.1708489e-16  7.0316897e-16  2.8378020e-16  -4.7748206e-16  2.9484390e-16  1.0111888e-15  6.2244975e-16  -3.1310225e-17  5.0475207e-16  -2.4834490e-16  -1.9659282e-17  -4.3846690e-16  6.3080765e-17  -2.9665501e-16  2.2990588e-16  -1.1884998e-16  1.4254853e-17  -1.0076479e-16  -2.6845916e-16  4.4235918e-16  3.7095978e-17  2.1415117e-17  7.1154037e-17  -5.7256855e-16  1.0000000   1.6075933e-16  -1.7712126e-16  3.7275528e-16  -7.8036263e-16  4.8406593e-16  2.1018903e-16  1.1708489e-16  7.0316897e-16  2.8378020e-16  -4.7748206e-16  2.9484390e-16  1.0111888e-15  6.2244975e-16  -3.1310225e-17  5.0475207e-16  -2.4834490e-16  -1.9659282e-17  -4.3846690e-16  6.3080765e-17  -2.9665501e-16  2.2990588e-16  -1.1884998e-16  1.4254853e-17  -1.0076479e-16  -2.6845916e-16  4.4235918e-16  3.7095978e-17  2.1415117e-17  7.1154037e-17  
1.2782404e-16  1.6075933e-16  1.0000000   8.0838835e-16  -8.5051836e-17  9.2314929e-16  3.7565899e-16  9.1695417e-17  -2.9294155e-16  9.0685682e-16  -5.1285161e-16  3.8254079e-16  2.6317955e-16  -2.6603359e-16  -1.4674102e-17  1.9355649e-16  1.0937615e-16  1.4591140e-16  4.7068120e-16  -3.7063180e-16  -3.5497284e-16  3.8323077e-16  2.7569770e-16  -8.0333801e-16  4.1664012e-16  2.0736493e-16  3.3925881e-16  2.6150872e-17  4.7034893e-16  -1.4530755e-16  5.0692705e-18  1.2782404e-16  1.6075933e-16  1.0000000   8.0838835e-16  -8.5051836e-17  9.2314929e-16  3.7565899e-16  9.1695417e-17  -2.9294155e-16  9.0685682e-16  -5.1285161e-16  3.8254079e-16  2.6317955e-16  -2.6603359e-16  -1.4674102e-17  1.9355649e-16  1.0937615e-16  1.4591140e-16  4.7068120e-16  -3.7063180e-16  -3.5497284e-16  3.8323077e-16  2.7569770e-16  -8.0333801e-16  4.1664012e-16  2.0736493e-16  3.3925881e-16  2.6150872e-17  4.7034893e-16  -1.4530755e-16  5.0692705e-18  
4.7453867e-16  -1.7712126e-16  8.0838835e-16  1.0000000   -2.6509977e-16  8.1874298e-16  1.2928889e-16  5.2168012e-16  -4.2689751e-16  -3.1087090e-16  -6.5009328e-16  -3.9230601e-16  9.2364979e-17  7.1981116e-16  5.9561354e-16  5.8213778e-16  8.5555635e-16  1.3421788e-16  3.9648711e-17  3.2663003e-17  1.6770787e-16  -1.1945997e-15  -2.7865580e-16  -7.2996555e-18  1.0923713e-15  1.0597448e-16  2.4619016e-16  3.7403002e-16  7.4471603e-16  -1.1658641e-15  6.0061442e-16  4.7453867e-16  -1.7712126e-16  8.0838835e-16  1.0000000   -2.6509977e-16  8.1874298e-16  1.2928889e-16  5.2168012e-16  -4.2689751e-16  -3.1087090e-16  -6.5009328e-16  -3.9230601e-16  9.2364979e-17  7.1981116e-16  5.9561354e-16  5.8213778e-16  8.5555635e-16  1.3421788e-16  3.9648711e-17  3.2663003e-17  1.6770787e-16  -1.1945997e-15  -2.7865580e-16  -7.2996555e-18  1.0923713e-15  1.0597448e-16  2.4619016e-16  3.7403002e-16  7.4471603e-16  -1.1658641e-15  6.0061442e-16  
8.5219948e-17  3.7275528e-16  -8.5051836e-17  -2.6509977e-16  1.0000000   -1.2512363e-16  3.1596787e-16  2.8600990e-17  6.9904004e-16  2.8843666e-16  6.9601475e-16  -7.9866584e-16  -8.3530136e-16  -2.8522680e-16  6.0196807e-16  -4.4821304e-16  6.7314254e-17  -1.5726477e-17  1.6208072e-16  -1.0705734e-15  -2.0697582e-16  -6.0591946e-16  7.5695279e-17  6.3865900e-16  -6.8293896e-17  -3.7387345e-16  4.5224146e-16  -2.5196054e-16  -2.5650270e-16  1.1832678e-16  -7.8657104e-17  8.5219948e-17  3.7275528e-16  -8.5051836e-17  -2.6509977e-16  1.0000000   -1.2512363e-16  3.1596787e-16  2.8600990e-17  6.9904004e-16  2.8843666e-16  6.9601475e-16  -7.9866584e-16  -8.3530136e-16  -2.8522680e-16  6.0196807e-16  -4.4821304e-16  6.7314254e-17  -1.5726477e-17  1.6208072e-16  -1.0705734e-15  -2.0697582e-16  -6.0591946e-16  7.5695279e-17  6.3865900e-16  -6.8293896e-17  -3.7387345e-16  4.5224146e-16  -2.5196054e-16  -2.5650270e-16  1.1832678e-16  -7.8657104e-17  
-3.9811394e-16  -7.8036263e-16  9.2314929e-16  8.1874298e-16  -1.2512363e-16  1.0000000   6.7318838e-16  4.9426366e-18  2.9382852e-16  -5.0806421e-16  -3.3711054e-16  9.0018523e-16  2.2791214e-16  1.7849800e-16  -3.0556869e-16  -1.8223636e-16  8.0665043e-16  7.4070413e-16  -1.4757691e-16  1.8301390e-16  -2.6379444e-16  -2.8496880e-16  1.5835606e-16  3.7141502e-17  1.2146979e-16  2.6525824e-16  1.6870916e-16  -4.1381600e-16  8.9890942e-16  -1.1562659e-15  2.6469580e-16  -3.9811394e-16  -7.8036263e-16  9.2314929e-16  8.1874298e-16  -1.2512363e-16  1.0000000   6.7318838e-16  4.9426366e-18  2.9382852e-16  -5.0806421e-16  -3.3711054e-16  9.0018523e-16  2.2791214e-16  1.7849800e-16  -3.0556869e-16  -1.8223636e-16  8.0665043e-16  7.4070413e-16  -1.4757691e-16  1.8301390e-16  -2.6379444e-16  -2.8496880e-16  1.5835606e-16  3.7141502e-17  1.2146979e-16  2.6525824e-16  1.6870916e-16  -4.1381600e-16  8.9890942e-16  -1.1562659e-15  2.6469580e-16  
5.0462787e-16  4.8406593e-16  3.7565899e-16  1.2928889e-16  3.1596787e-16  6.7318838e-16  1.0000000   -5.6999473e-16  -5.6004085e-16  3.0477436e-16  8.1496319e-16  -2.3988243e-16  -2.9142727e-16  2.7303470e-16  7.3000173e-16  -1.4743447e-16  3.5099708e-17  2.9774020e-16  6.8355994e-16  -1.1701325e-15  -7.0964419e-16  -8.3180689e-16  -1.7347895e-16  -1.7991058e-16  1.5546794e-16  1.0306694e-15  -1.5055425e-16  3.3241132e-16  -2.1689981e-16  -6.6317681e-16  -1.0311030e-15  5.0462787e-16  4.8406593e-16  3.7565899e-16  1.2928889e-16  3.1596787e-16  6.7318838e-16  1.0000000   -5.6999473e-16  -5.6004085e-16  3.0477436e-16  8.1496319e-16  -2.3988243e-16  -2.9142727e-16  2.7303470e-16  7.3000173e-16  -1.4743447e-16  3.5099708e-17  2.9774020e-16  6.8355994e-16  -1.1701325e-15  -7.0964419e-16  -8.3180689e-16  -1.7347895e-16  -1.7991058e-16  1.5546794e-16  1.0306694e-15  -1.5055425e-16  3.3241132e-16  -2.1689981e-16  -6.6317681e-16  -1.0311030e-15  
5.4692942e-16  2.1018903e-16  9.1695417e-17  5.2168012e-16  2.8600990e-17  4.9426366e-18  -5.6999473e-16  1.0000000   6.2843148e-17  6.1495559e-16  -2.8934164e-16  1.3937072e-16  -1.5432727e-17  -4.8749908e-16  -1.5170130e-16  2.4333515e-16  2.3773251e-16  2.4687301e-17  2.7627321e-17  8.3054994e-16  -6.1671959e-16  -3.0835065e-16  -3.9087817e-16  6.4916568e-16  -6.3977439e-17  2.1026764e-16  6.7078452e-16  -3.2106315e-17  -2.9555161e-16  -1.0862969e-16  -1.5626356e-17  5.4692942e-16  2.1018903e-16  9.1695417e-17  5.2168012e-16  2.8600990e-17  4.9426366e-18  -5.6999473e-16  1.0000000   6.2843148e-17  6.1495559e-16  -2.8934164e-16  1.3937072e-16  -1.5432727e-17  -4.8749908e-16  -1.5170130e-16  2.4333515e-16  2.3773251e-16  2.4687301e-17  2.7627321e-17  8.3054994e-16  -6.1671959e-16  -3.0835065e-16  -3.9087817e-16  6.4916568e-16  -6.3977439e-17  2.1026764e-16  6.7078452e-16  -3.2106315e-17  -2.9555161e-16  -1.0862969e-16  -1.5626356e-17  
-4.6484031e-16  1.1708489e-16  -2.9294155e-16  -4.2689751e-16  6.9904004e-16  2.9382852e-16  -5.6004085e-16  6.2843148e-17  1.0000000   8.5430747e-16  1.7563561e-16  2.1574319e-16  -5.2772205e-16  4.1755979e-16  -6.9207873e-16  2.2703421e-17  2.8064646e-16  1.5727769e-16  2.8412953e-16  -2.2730710e-16  -2.5498190e-17  -6.6959030e-18  -2.3374713e-16  -2.2308554e-16  -1.4126943e-16  4.9584627e-16  5.0500645e-16  -7.8800024e-17  2.0712362e-16  3.4049341e-16  -5.0457651e-16  -4.6484031e-16  1.1708489e-16  -2.9294155e-16  -4.2689751e-16  6.9904004e-16  2.9382852e-16  -5.6004085e-16  6.2843148e-17  1.0000000   8.5430747e-16  1.7563561e-16  2.1574319e-16  -5.2772205e-16  4.1755979e-16  -6.9207873e-16  2.2703421e-17  2.8064646e-16  1.5727769e-16  2.8412953e-16  -2.2730710e-16  -2.5498190e-17  -6.6959030e-18  -2.3374713e-16  -2.2308554e-16  -1.4126943e-16  4.9584627e-16  5.0500645e-16  -7.8800024e-17  2.0712362e-16  3.4049341e-16  -5.0457651e-16  
-4.5313636e-16  7.0316897e-16  9.0685682e-16  -3.1087090e-16  2.8843666e-16  -5.0806421e-16  3.0477436e-16  6.1495559e-16  8.5430747e-16  1.0000000   1.5411542e-15  -9.4142474e-16  7.1111068e-16  3.3805619e-16  3.6924042e-16  -3.9046803e-17  4.8867775e-16  -4.5841668e-16  7.6472657e-16  -9.0182612e-17  -5.5888887e-16  -1.5869027e-17  -2.0591753e-16  7.7490224e-16  6.4478199e-17  1.1326956e-15  -3.8711494e-16  4.3562834e-16  -2.4245927e-16  -1.3886441e-16  -6.1941375e-16  -4.5313636e-16  7.0316897e-16  9.0685682e-16  -3.1087090e-16  2.8843666e-16  -5.0806421e-16  3.0477436e-16  6.1495559e-16  8.5430747e-16  1.0000000   1.5411542e-15  -9.4142474e-16  7.1111068e-16  3.3805619e-16  3.6924042e-16  -3.9046803e-17  4.8867775e-16  -4.5841668e-16  7.6472657e-16  -9.0182612e-17  -5.5888887e-16  -1.5869027e-17  -2.0591753e-16  7.7490224e-16  6.4478199e-17  1.1326956e-15  -3.8711494e-16  4.3562834e-16  -2.4245927e-16  -1.3886441e-16  -6.1941375e-16  
-6.2309620e-16  2.8378020e-16  -5.1285161e-16  -6.5009328e-16  6.9601475e-16  -3.3711054e-16  8.1496319e-16  -2.8934164e-16  1.7563561e-16  1.5411542e-15  1.0000000   -1.2131445e-15  4.0395701e-16  1.0422448e-15  -8.3460381e-16  -4.7379872e-16  -2.8899130e-16  -1.0401475e-16  1.1107021e-17  -3.7961800e-16  -1.2668171e-16  -6.1155257e-16  6.4670183e-16  9.7992984e-17  -2.4211095e-16  -1.2903270e-16  -1.8993512e-16  4.9474035e-16  -7.7232904e-16  2.6255545e-16  5.1009597e-16  -6.2309620e-16  2.8378020e-16  -5.1285161e-16  -6.5009328e-16  6.9601475e-16  -3.3711054e-16  8.1496319e-16  -2.8934164e-16  1.7563561e-16  1.5411542e-15  1.0000000   -1.2131445e-15  4.0395701e-16  1.0422448e-15  -8.3460381e-16  -4.7379872e-16  -2.8899130e-16  -1.0401475e-16  1.1107021e-17  -3.7961800e-16  -1.2668171e-16  -6.1155257e-16  6.4670183e-16  9.7992984e-17  -2.4211095e-16  -1.2903270e-16  -1.8993512e-16  4.9474035e-16  -7.7232904e-16  2.6255545e-16  5.1009597e-16  
3.2942468e-16  -4.7748206e-16  3.8254079e-16  -3.9230601e-16  -7.9866584e-16  9.0018523e-16  -2.3988243e-16  1.3937072e-16  2.1574319e-16  -9.4142474e-16  -1.2131445e-15  1.0000000   4.5730862e-16  3.7747540e-17  4.8201320e-16  8.0332803e-18  7.2946601e-16  2.4880249e-16  -3.1463105e-16  -4.9016851e-16  2.4783396e-17  8.1186122e-16  5.4752166e-16  -1.9098526e-16  -9.6065246e-17  -8.5723587e-16  -6.8817439e-16  -8.2345423e-16  2.4240796e-16  6.1520480e-16  4.0186139e-16  3.2942468e-16  -4.7748206e-16  3.8254079e-16  -3.9230601e-16  -7.9866584e-16  9.0018523e-16  -2.3988243e-16  1.3937072e-16  2.1574319e-16  -9.4142474e-16  -1.2131445e-15  1.0000000   4.5730862e-16  3.7747540e-17  4.8201320e-16  8.0332803e-18  7.2946601e-16  2.4880249e-16  -3.1463105e-16  -4.9016851e-16  2.4783396e-17  8.1186122e-16  5.4752166e-16  -1.9098526e-16  -9.6065246e-17  -8.5723587e-16  -6.8817439e-16  -8.2345423e-16  2.4240796e-16  6.1520480e-16  4.0186139e-16  
2.0468142e-16  2.9484390e-16  2.6317955e-16  9.2364979e-17  -8.3530136e-16  2.2791214e-16  -2.9142727e-16  -1.5432727e-17  -5.2772205e-16  7.1111068e-16  4.0395701e-16  4.5730862e-16  1.0000000   -1.3772023e-16  3.5586375e-16  9.5036117e-17  -2.5102765e-16  -3.5160107e-16  5.8994302e-16  5.7246326e-17  1.1094091e-16  -1.7655685e-16  -3.5773906e-16  -1.6345817e-16  -4.1440673e-16  3.6357709e-16  5.6095751e-16  2.4361662e-16  -4.1438264e-16  -2.2425492e-16  -5.3186073e-16  2.0468142e-16  2.9484390e-16  2.6317955e-16  9.2364979e-17  -8.3530136e-16  2.2791214e-16  -2.9142727e-16  -1.5432727e-17  -5.2772205e-16  7.1111068e-16  4.0395701e-16  4.5730862e-16  1.0000000   -1.3772023e-16  3.5586375e-16  9.5036117e-17  -2.5102765e-16  -3.5160107e-16  5.8994302e-16  5.7246326e-17  1.1094091e-16  -1.7655685e-16  -3.5773906e-16  -1.6345817e-16  -4.1440673e-16  3.6357709e-16  5.6095751e-16  2.4361662e-16  -4.1438264e-16  -2.2425492e-16  -5.3186073e-16  
1.9085107e-16  1.0111888e-15  -2.6603359e-16  7.1981116e-16  -2.8522680e-16  1.7849800e-16  2.7303470e-16  -4.8749908e-16  4.1755979e-16  3.3805619e-16  1.0422448e-15  3.7747540e-17  -1.3772023e-16  1.0000000   -4.6182450e-16  -4.1216491e-18  2.3077224e-16  -5.6332765e-16  -2.9687828e-16  -3.0673132e-16  2.3061255e-16  6.2911522e-16  -2.9542734e-16  -4.4904934e-16  -8.2731382e-17  -1.4088540e-17  -1.1262316e-16  3.3196257e-16  8.7875446e-17  4.1671206e-16  2.6305365e-16  1.9085107e-16  1.0111888e-15  -2.6603359e-16  7.1981116e-16  -2.8522680e-16  1.7849800e-16  2.7303470e-16  -4.8749908e-16  4.1755979e-16  3.3805619e-16  1.0422448e-15  3.7747540e-17  -1.3772023e-16  1.0000000   -4.6182450e-16  -4.1216491e-18  2.3077224e-16  -5.6332765e-16  -2.9687828e-16  -3.0673132e-16  2.3061255e-16  6.2911522e-16  -2.9542734e-16  -4.4904934e-16  -8.2731382e-17  -1.4088540e-17  -1.1262316e-16  3.3196257e-16  8.7875446e-17  4.1671206e-16  2.6305365e-16  
-2.7437865e-16  6.2244975e-16  -1.4674102e-17  5.9561354e-16  6.0196807e-16  -3.0556869e-16  7.3000173e-16  -1.5170130e-16  -6.9207873e-16  3.6924042e-16  -8.3460381e-16  4.8201320e-16  3.5586375e-16  -4.6182450e-16  1.0000000   -4.7428419e-16  2.8520151e-16  1.1933103e-17  1.6829700e-16  -5.2388327e-16  -9.1432499e-16  -8.8214709e-16  1.3107662e-16  -1.0903943e-16  8.1842962e-17  -4.7765343e-17  -7.8447226e-16  1.5499399e-16  -3.2328102e-16  -3.3547508e-16  -1.5772791e-16  -2.7437865e-16  6.2244975e-16  -1.4674102e-17  5.9561354e-16  6.0196807e-16  -3.0556869e-16  7.3000173e-16  -1.5170130e-16  -6.9207873e-16  3.6924042e-16  -8.3460381e-16  4.8201320e-16  3.5586375e-16  -4.6182450e-16  1.0000000   -4.7428419e-16  2.8520151e-16  1.1933103e-17  1.6829700e-16  -5.2388327e-16  -9.1432499e-16  -8.8214709e-16  1.3107662e-16  -1.0903943e-16  8.1842962e-17  -4.7765343e-17  -7.8447226e-16  1.5499399e-16  -3.2328102e-16  -3.3547508e-16  -1.5772791e-16  
1.3840317e-16  -3.1310225e-17  1.9355649e-16  5.8213778e-16  -4.4821304e-16  -1.8223636e-16  -1.4743447e-16  2.4333515e-16  2.2703421e-17  -3.9046803e-17  -4.7379872e-16  8.0332803e-18  9.5036117e-17  -4.1216491e-18  -4.7428419e-16  1.0000000   -2.2202765e-17  -1.4527610e-16  3.3159371e-17  -9.1224406e-18  -2.1579806e-16  -6.6718177e-16  -1.5519111e-16  -8.6532409e-17  -5.9809499e-16  -9.8844377e-18  -1.7058165e-17  1.9055259e-16  2.9689086e-16  3.9770320e-16  3.6747738e-16  1.3840317e-16  -3.1310225e-17  1.9355649e-16  5.8213778e-16  -4.4821304e-16  -1.8223636e-16  -1.4743447e-16  2.4333515e-16  2.2703421e-17  -3.9046803e-17  -4.7379872e-16  8.0332803e-18  9.5036117e-17  -4.1216491e-18  -4.7428419e-16  1.0000000   -2.2202765e-17  -1.4527610e-16  3.3159371e-17  -9.1224406e-18  -2.1579806e-16  -6.6718177e-16  -1.5519111e-16  -8.6532409e-17  -5.9809499e-16  -9.8844377e-18  -1.7058165e-17  1.9055259e-16  2.9689086e-16  3.9770320e-16  3.6747738e-16  
-4.6258154e-16  5.0475207e-16  1.0937615e-16  8.5555635e-16  6.7314254e-17  8.0665043e-16  3.5099708e-17  2.3773251e-16  2.8064646e-16  4.8867775e-16  -2.8899130e-16  7.2946601e-16  -2.5102765e-16  2.3077224e-16  2.8520151e-16  -2.2202765e-17  1.0000000   -8.8846047e-17  2.9092452e-17  1.9743765e-16  -1.3332643e-16  8.8277085e-16  -2.9612365e-16  1.2240365e-16  -2.8776210e-16  4.7815989e-16  7.3068937e-17  -2.9955308e-16  -2.9993155e-17  -2.4016979e-16  4.4175060e-16  -4.6258154e-16  5.0475207e-16  1.0937615e-16  8.5555635e-16  6.7314254e-17  8.0665043e-16  3.5099708e-17  2.3773251e-16  2.8064646e-16  4.8867775e-16  -2.8899130e-16  7.2946601e-16  -2.5102765e-16  2.3077224e-16  2.8520151e-16  -2.2202765e-17  1.0000000   -8.8846047e-17  2.9092452e-17  1.9743765e-16  -1.3332643e-16  8.8277085e-16  -2.9612365e-16  1.2240365e-16  -2.8776210e-16  4.7815989e-16  7.3068937e-17  -2.9955308e-16  -2.9993155e-17  -2.4016979e-16  4.4175060e-16  
-2.4466913e-16  -2.4834490e-16  1.4591140e-16  1.3421788e-16  -1.5726477e-17  7.4070413e-16  2.9774020e-16  2.4687301e-17  1.5727769e-16  -4.5841668e-16  -1.0401475e-16  2.4880249e-16  -3.5160107e-16  -5.6332765e-16  1.1933103e-17  -1.4527610e-16  -8.8846047e-17  1.0000000   -3.0124286e-16  1.4234627e-16  -1.4094125e-16  -7.2889159e-16  1.8051533e-17  -3.1469904e-16  -4.4938647e-16  -3.7054339e-16  -1.6235312e-16  3.6831766e-16  -6.2340526e-17  -6.0299664e-16  3.3023118e-16  -2.4466913e-16  -2.4834490e-16  1.4591140e-16  1.3421788e-16  -1.5726477e-17  7.4070413e-16  2.9774020e-16  2.4687301e-17  1.5727769e-16  -4.5841668e-16  -1.0401475e-16  2.4880249e-16  -3.5160107e-16  -5.6332765e-16  1.1933103e-17  -1.4527610e-16  -8.8846047e-17  1.0000000   -3.0124286e-16  1.4234627e-16  -1.4094125e-16  -7.2889159e-16  1.8051533e-17  -3.1469904e-16  -4.4938647e-16  -3.7054339e-16  -1.6235312e-16  3.6831766e-16  -6.2340526e-17  -6.0299664e-16  3.3023118e-16  
5.7669600e-16  -1.9659282e-17  4.7068120e-16  3.9648711e-17  1.6208072e-16  -1.4757691e-16  6.8355994e-16  2.7627321e-17  2.8412953e-16  7.6472657e-16  1.1107021e-17  -3.1463105e-16  5.8994302e-16  -2.9687828e-16  1.6829700e-16  3.3159371e-17  2.9092452e-17  -3.0124286e-16  1.0000000   1.8187737e-16  2.9907955e-17  -9.0571036e-16  -4.3064844e-16  2.4362018e-17  2.8598787e-16  1.5292964e-16  8.3445251e-17  5.2741390e-16  -3.3858163e-16  -2.6985756e-16  -6.3686639e-16  5.7669600e-16  -1.9659282e-17  4.7068120e-16  3.9648711e-17  1.6208072e-16  -1.4757691e-16  6.8355994e-16  2.7627321e-17  2.8412953e-16  7.6472657e-16  1.1107021e-17  -3.1463105e-16  5.8994302e-16  -2.9687828e-16  1.6829700e-16  3.3159371e-17  2.9092452e-17  -3.0124286e-16  1.0000000   1.8187737e-16  2.9907955e-17  -9.0571036e-16  -4.3064844e-16  2.4362018e-17  2.8598787e-16  1.5292964e-16  8.3445251e-17  5.2741390e-16  -3.3858163e-16  -2.6985756e-16  -6.3686639e-16  
9.3054988e-17  -4.3846690e-16  -3.7063180e-16  3.2663003e-17  -1.0705734e-15  1.8301390e-16  -1.1701325e-15  8.3054994e-16  -2.2730710e-16  -9.0182612e-17  -3.7961800e-16  -4.9016851e-16  5.7246326e-17  -3.0673132e-16  -5.2388327e-16  -9.1224406e-18  1.9743765e-16  1.4234627e-16  1.8187737e-16  1.0000000   3.4479341e-16  1.0278373e-16  -7.5334251e-16  4.0405110e-16  3.4135438e-16  3.9227273e-16  -3.1586179e-16  -2.2236726e-16  3.4218841e-17  -1.3956983e-16  7.5594957e-16  9.3054988e-17  -4.3846690e-16  -3.7063180e-16  3.2663003e-17  -1.0705734e-15  1.8301390e-16  -1.1701325e-15  8.3054994e-16  -2.2730710e-16  -9.0182612e-17  -3.7961800e-16  -4.9016851e-16  5.7246326e-17  -3.0673132e-16  -5.2388327e-16  -9.1224406e-18  1.9743765e-16  1.4234627e-16  1.8187737e-16  1.0000000   3.4479341e-16  1.0278373e-16  -7.5334251e-16  4.0405110e-16  3.4135438e-16  3.9227273e-16  -3.1586179e-16  -2.2236726e-16  3.4218841e-17  -1.3956983e-16  7.5594957e-16  
5.0803683e-16  6.3080765e-17  -3.5497284e-16  1.6770787e-16  -2.0697582e-16  -2.6379444e-16  -7.0964419e-16  -6.1671959e-16  -2.5498190e-17  -5.5888887e-16  -1.2668171e-16  2.4783396e-17  1.1094091e-16  2.3061255e-16  -9.1432499e-16  -2.1579806e-16  -1.3332643e-16  -1.4094125e-16  2.9907955e-17  3.4479341e-16  1.0000000   5.5899890e-16  1.7364388e-16  -9.9957010e-16  2.4763719e-17  4.2206477e-16  -1.9782189e-16  -2.0009740e-16  6.2974457e-16  -3.1617247e-16  3.9015913e-16  5.0803683e-16  6.3080765e-17  -3.5497284e-16  1.6770787e-16  -2.0697582e-16  -2.6379444e-16  -7.0964419e-16  -6.1671959e-16  -2.5498190e-17  -5.5888887e-16  -1.2668171e-16  2.4783396e-17  1.1094091e-16  2.3061255e-16  -9.1432499e-16  -2.1579806e-16  -1.3332643e-16  -1.4094125e-16  2.9907955e-17  3.4479341e-16  1.0000000   5.5899890e-16  1.7364388e-16  -9.9957010e-16  2.4763719e-17  4.2206477e-16  -1.9782189e-16  -2.0009740e-16  6.2974457e-16  -3.1617247e-16  3.9015913e-16  
-2.0202985e-16  -2.9665501e-16  3.8323077e-16  -1.1945997e-15  -6.0591946e-16  -2.8496880e-16  -8.3180689e-16  -3.0835065e-16  -6.6959030e-18  -1.5869027e-17  -6.1155257e-16  8.1186122e-16  -1.7655685e-16  6.2911522e-16  -8.8214709e-16  -6.6718177e-16  8.8277085e-16  -7.2889159e-16  -9.0571036e-16  1.0278373e-16  5.5899890e-16  1.0000000   -1.4070382e-16  -1.4151654e-17  -4.4932978e-16  -7.1868721e-16  2.6001576e-16  -7.2911229e-16  2.6377500e-16  1.2581213e-15  -4.9341039e-17  -2.0202985e-16  -2.9665501e-16  3.8323077e-16  -1.1945997e-15  -6.0591946e-16  -2.8496880e-16  -8.3180689e-16  -3.0835065e-16  -6.6959030e-18  -1.5869027e-17  -6.1155257e-16  8.1186122e-16  -1.7655685e-16  6.2911522e-16  -8.8214709e-16  -6.6718177e-16  8.8277085e-16  -7.2889159e-16  -9.0571036e-16  1.0278373e-16  5.5899890e-16  1.0000000   -1.4070382e-16  -1.4151654e-17  -4.4932978e-16  -7.1868721e-16  2.6001576e-16  -7.2911229e-16  2.6377500e-16  1.2581213e-15  -4.9341039e-17  
-1.7052454e-16  2.2990588e-16  2.7569770e-16  -2.7865580e-16  7.5695279e-17  1.5835606e-16  -1.7347895e-16  -3.9087817e-16  -2.3374713e-16  -2.0591753e-16  6.4670183e-16  5.4752166e-16  -3.5773906e-16  -2.9542734e-16  1.3107662e-16  -1.5519111e-16  -2.9612365e-16  1.8051533e-17  -4.3064844e-16  -7.5334251e-16  1.7364388e-16  -1.4070382e-16  1.0000000   -1.1042128e-16  4.9098882e-16  -1.0027509e-16  4.4284310e-16  -1.1300615e-16  4.3641035e-16  1.7644923e-16  6.4107243e-16  -1.7052454e-16  2.2990588e-16  2.7569770e-16  -2.7865580e-16  7.5695279e-17  1.5835606e-16  -1.7347895e-16  -3.9087817e-16  -2.3374713e-16  -2.0591753e-16  6.4670183e-16  5.4752166e-16  -3.5773906e-16  -2.9542734e-16  1.3107662e-16  -1.5519111e-16  -2.9612365e-16  1.8051533e-17  -4.3064844e-16  -7.5334251e-16  1.7364388e-16  -1.4070382e-16  1.0000000   -1.1042128e-16  4.9098882e-16  -1.0027509e-16  4.4284310e-16  -1.1300615e-16  4.3641035e-16  1.7644923e-16  6.4107243e-16  
-3.0562093e-16  -1.1884998e-16  -8.0333801e-16  -7.2996555e-18  6.3865900e-16  3.7141502e-17  -1.7991058e-16  6.4916568e-16  -2.2308554e-16  7.7490224e-16  9.7992984e-17  -1.9098526e-16  -1.6345817e-16  -4.4904934e-16  -1.0903943e-16  -8.6532409e-17  1.2240365e-16  -3.1469904e-16  2.4362018e-17  4.0405110e-16  -9.9957010e-16  -1.4151654e-17  -1.1042128e-16  1.0000000   -1.4285754e-16  1.1315833e-16  1.6403217e-17  -4.3465286e-16  -4.0186207e-16  -4.2180275e-17  8.5233716e-16  -3.0562093e-16  -1.1884998e-16  -8.0333801e-16  -7.2996555e-18  6.3865900e-16  3.7141502e-17  -1.7991058e-16  6.4916568e-16  -2.2308554e-16  7.7490224e-16  9.7992984e-17  -1.9098526e-16  -1.6345817e-16  -4.4904934e-16  -1.0903943e-16  -8.6532409e-17  1.2240365e-16  -3.1469904e-16  2.4362018e-17  4.0405110e-16  -9.9957010e-16  -1.4151654e-17  -1.1042128e-16  1.0000000   -1.4285754e-16  1.1315833e-16  1.6403217e-17  -4.3465286e-16  -4.0186207e-16  -4.2180275e-17  8.5233716e-16  
7.5564001e-17  1.4254853e-17  4.1664012e-16  1.0923713e-15  -6.8293896e-17  1.2146979e-16  1.5546794e-16  -6.3977439e-17  -1.4126943e-16  6.4478199e-17  -2.4211095e-16  -9.6065246e-17  -4.1440673e-16  -8.2731382e-17  8.1842962e-17  -5.9809499e-16  -2.8776210e-16  -4.4938647e-16  2.8598787e-16  3.4135438e-16  2.4763719e-17  -4.4932978e-16  4.9098882e-16  -1.4285754e-16  1.0000000   2.5513239e-16  4.2131561e-17  -2.5637555e-16  4.8111623e-16  -9.9432006e-16  1.6725349e-16  7.5564001e-17  1.4254853e-17  4.1664012e-16  1.0923713e-15  -6.8293896e-17  1.2146979e-16  1.5546794e-16  -6.3977439e-17  -1.4126943e-16  6.4478199e-17  -2.4211095e-16  -9.6065246e-17  -4.1440673e-16  -8.2731382e-17  8.1842962e-17  -5.9809499e-16  -2.8776210e-16  -4.4938647e-16  2.8598787e-16  3.4135438e-16  2.4763719e-17  -4.4932978e-16  4.9098882e-16  -1.4285754e-16  1.0000000   2.5513239e-16  4.2131561e-17  -2.5637555e-16  4.8111623e-16  -9.9432006e-16  1.6725349e-16  
2.0780489e-16  -1.0076479e-16  2.0736493e-16  1.0597448e-16  -3.7387345e-16  2.6525824e-16  1.0306694e-15  2.1026764e-16  4.9584627e-16  1.1326956e-15  -1.2903270e-16  -8.5723587e-16  3.6357709e-16  -1.4088540e-17  -4.7765343e-17  -9.8844377e-18  4.7815989e-16  -3.7054339e-16  1.5292964e-16  3.9227273e-16  4.2206477e-16  -7.1868721e-16  -1.0027509e-16  1.1315833e-16  2.5513239e-16  1.0000000   8.7946839e-16  7.2653796e-16  1.0818849e-15  4.1450947e-17  2.4453056e-16  2.0780489e-16  -1.0076479e-16  2.0736493e-16  1.0597448e-16  -3.7387345e-16  2.6525824e-16  1.0306694e-15  2.1026764e-16  4.9584627e-16  1.1326956e-15  -1.2903270e-16  -8.5723587e-16  3.6357709e-16  -1.4088540e-17  -4.7765343e-17  -9.8844377e-18  4.7815989e-16  -3.7054339e-16  1.5292964e-16  3.9227273e-16  4.2206477e-16  -7.1868721e-16  -1.0027509e-16  1.1315833e-16  2.5513239e-16  1.0000000   8.7946839e-16  7.2653796e-16  1.0818849e-15  4.1450947e-17  2.4453056e-16  
8.1385364e-17  -2.6845916e-16  3.3925881e-16  2.4619016e-16  4.5224146e-16  1.6870916e-16  -1.5055425e-16  6.7078452e-16  5.0500645e-16  -3.8711494e-16  -1.8993512e-16  -6.8817439e-16  5.6095751e-16  -1.1262316e-16  -7.8447226e-16  -1.7058165e-17  7.3068937e-17  -1.6235312e-16  8.3445251e-17  -3.1586179e-16  -1.9782189e-16  2.6001576e-16  4.4284310e-16  1.6403217e-17  4.2131561e-17  8.7946839e-16  1.0000000   -7.4522479e-16  6.5966621e-16  -3.2263355e-16  5.0978576e-16  8.1385364e-17  -2.6845916e-16  3.3925881e-16  2.4619016e-16  4.5224146e-16  1.6870916e-16  -1.5055425e-16  6.7078452e-16  5.0500645e-16  -3.8711494e-16  -1.8993512e-16  -6.8817439e-16  5.6095751e-16  -1.1262316e-16  -7.8447226e-16  -1.7058165e-17  7.3068937e-17  -1.6235312e-16  8.3445251e-17  -3.1586179e-16  -1.9782189e-16  2.6001576e-16  4.4284310e-16  1.6403217e-17  4.2131561e-17  8.7946839e-16  1.0000000   -7.4522479e-16  6.5966621e-16  -3.2263355e-16  5.0978576e-16  
1.0683361e-16  4.4235918e-16  2.6150872e-17  3.7403002e-16  -2.5196054e-16  -4.1381600e-16  3.3241132e-16  -3.2106315e-17  -7.8800024e-17  4.3562834e-16  4.9474035e-16  -8.2345423e-16  2.4361662e-16  3.3196257e-16  1.5499399e-16  1.9055259e-16  -2.9955308e-16  3.6831766e-16  5.2741390e-16  -2.2236726e-16  -2.0009740e-16  -7.2911229e-16  -1.1300615e-16  -4.3465286e-16  -2.5637555e-16  7.2653796e-16  -7.4522479e-16  1.0000000   8.5965756e-17  -6.8614074e-16  -2.4452610e-16  1.0683361e-16  4.4235918e-16  2.6150872e-17  3.7403002e-16  -2.5196054e-16  -4.1381600e-16  3.3241132e-16  -3.2106315e-17  -7.8800024e-17  4.3562834e-16  4.9474035e-16  -8.2345423e-16  2.4361662e-16  3.3196257e-16  1.5499399e-16  1.9055259e-16  -2.9955308e-16  3.6831766e-16  5.2741390e-16  -2.2236726e-16  -2.0009740e-16  -7.2911229e-16  -1.1300615e-16  -4.3465286e-16  -2.5637555e-16  7.2653796e-16  -7.4522479e-16  1.0000000   8.5965756e-17  -6.8614074e-16  -2.4452610e-16  
-1.4656886e-16  3.7095978e-17  4.7034893e-16  7.4471603e-16  -2.5650270e-16  8.9890942e-16  -2.1689981e-16  -2.9555161e-16  2.0712362e-16  -2.4245927e-16  -7.7232904e-16  2.4240796e-16  -4.1438264e-16  8.7875446e-17  -3.2328102e-16  2.9689086e-16  -2.9993155e-17  -6.2340526e-17  -3.3858163e-16  3.4218841e-17  6.2974457e-16  2.6377500e-16  4.3641035e-16  -4.0186207e-16  4.8111623e-16  1.0818849e-15  6.5966621e-16  8.5965756e-17  1.0000000   4.5999560e-17  6.2542709e-16  -1.4656886e-16  3.7095978e-17  4.7034893e-16  7.4471603e-16  -2.5650270e-16  8.9890942e-16  -2.1689981e-16  -2.9555161e-16  2.0712362e-16  -2.4245927e-16  -7.7232904e-16  2.4240796e-16  -4.1438264e-16  8.7875446e-17  -3.2328102e-16  2.9689086e-16  -2.9993155e-17  -6.2340526e-17  -3.3858163e-16  3.4218841e-17  6.2974457e-16  2.6377500e-16  4.3641035e-16  -4.0186207e-16  4.8111623e-16  1.0818849e-15  6.5966621e-16  8.5965756e-17  1.0000000   4.5999560e-17  6.2542709e-16  
-5.5110043e-16  2.1415117e-17  -1.4530755e-16  -1.1658641e-15  1.1832678e-16  -1.1562659e-15  -6.6317681e-16  -1.0862969e-16  3.4049341e-16  -1.3886441e-16  2.6255545e-16  6.1520480e-16  -2.2425492e-16  4.1671206e-16  -3.3547508e-16  3.9770320e-16  -2.4016979e-16  -6.0299664e-16  -2.6985756e-16  -1.3956983e-16  -3.1617247e-16  1.2581213e-15  1.7644923e-16  -4.2180275e-17  -9.9432006e-16  4.1450947e-17  -3.2263355e-16  -6.8614074e-16  4.5999560e-17  1.0000000   1.1036117e-16  -5.5110043e-16  2.1415117e-17  -1.4530755e-16  -1.1658641e-15  1.1832678e-16  -1.1562659e-15  -6.6317681e-16  -1.0862969e-16  3.4049341e-16  -1.3886441e-16  2.6255545e-16  6.1520480e-16  -2.2425492e-16  4.1671206e-16  -3.3547508e-16  3.9770320e-16  -2.4016979e-16  -6.0299664e-16  -2.6985756e-16  -1.3956983e-16  -3.1617247e-16  1.2581213e-15  1.7644923e-16  -4.2180275e-17  -9.9432006e-16  4.1450947e-17  -3.2263355e-16  -6.8614074e-16  4.5999560e-17  1.0000000   1.1036117e-16  
-4.6037288e-16  7.1154037e-17  5.0692705e-18  6.0061442e-16  -7.8657104e-17  2.6469580e-16  -1.0311030e-15  -1.5626356e-17  -5.0457651e-16  -6.1941375e-16  5.1009597e-16  4.0186139e-16  -5.3186073e-16  2.6305365e-16  -1.5772791e-16  3.6747738e-16  4.4175060e-16  3.3023118e-16  -6.3686639e-16  7.5594957e-16  3.9015913e-16  -4.9341039e-17  6.4107243e-16  8.5233716e-16  1.6725349e-16  2.4453056e-16  5.0978576e-16  -2.4452610e-16  6.2542709e-16  1.1036117e-16  1.0000000   -4.6037288e-16  7.1154037e-17  5.0692705e-18  6.0061442e-16  -7.8657104e-17  2.6469580e-16  -1.0311030e-15  -1.5626356e-17  -5.0457651e-16  -6.1941375e-16  5.1009597e-16  4.0186139e-16  -5.3186073e-16  2.6305365e-16  -1.5772791e-16  3.6747738e-16  4.4175060e-16  3.3023118e-16  -6.3686639e-16  7.5594957e-16  3.9015913e-16  -4.9341039e-17  6.4107243e-16  8.5233716e-16  1.6725349e-16  2.4453056e-16  5.0978576e-16  -2.4452610e-16  6.2542709e-16  1.1036117e-16  1.0000000   
1.0000000   -5.7256855e-16  1.2782404e-16  4.7453867e-16  8.5219948e-17  -3.9811394e-16  5.0462787e-16  5.4692942e-16  -4.6484031e-16  -4.5313636e-16  -6.2309620e-16  3.2942468e-16  2.0468142e-16  1.9085107e-16  -2.7437865e-16  1.3840317e-16  -4.6258154e-16  -2.4466913e-16  5.7669600e-16  9.3054988e-17  5.0803683e-16  -2.0202985e-16  -1.7052454e-16  -3.0562093e-16  7.5564001e-17  2.0780489e-16  8.1385364e-17  1.0683361e-16  -1.4656886e-16  -5.5110043e-16  -4.6037288e-16  1.0000000   -5.7256855e-16  1.2782404e-16  4.7453867e-16  8.5219948e-17  -3.9811394e-16  5.0462787e-16  5.4692942e-16  -4.6484031e-16  -4.5313636e-16  -6.2309620e-16  3.2942468e-16  2.0468142e-16  1.9085107e-16  -2.7437865e-16  1.3840317e-16  -4.6258154e-16  -2.4466913e-16  5.7669600e-16  9.3054988e-17  5.0803683e-16  -2.0202985e-16  -1.7052454e-16  -3.0562093e-16  7.5564001e-17  2.0780489e-16  8.1385364e-17  1.0683361e-16  -1.4656886e-16  -5.5110043e-16  -4.6037288e-16  
-5.7256855e-16  1.0000000   1.6075933e-16  -1.7712126e-16  3.7275528e-16  -7.8036263e-16  4.8406593e-16  2.1018903e-16  1.1708489e-16  7.0316897e-16  2.8378020e-16  -4.7748206e-16  2.9484390e-16  1.0111888e-15  6.2244975e-16  -3.1310225e-17  5.0475207e-16  -2.4834490e-16  -1.9659282e-17  -4.3846690e-16  6.3080765e-17  -2.9665501e-16  2.2990588e-16  -1.1884998e-16  1.4254853e-17  -1.0076479e-16  -2.6845916e-16  4.4235918e-16  3.7095978e-17  2.1415117e-17  7.1154037e-17  -5.7256855e-16  1.0000000   1.6075933e-16  -1.7712126e-16  3.7275528e-16  -7.8036263e-16  4.8406593e-16  2.1018903e-16  1.1708489e-16  7.0316897e-16  2.8378020e-16  -4.7748206e-16  2.9484390e-16  1.0111888e-15  6.2244975e-16  -3.1310225e-17  5.0475207e-16  -2.4834490e-16  -1.9659282e-17  -4.3846690e-16  6.3080765e-17  -2.9665501e-16  2.2990588e-16  -1.1884998e-16  1.4254853e-17  -1.0076479e-16  -2.6845916e-16  4.4235918e-16  3.7095978e-17  2.1415117e-17  7.1154037e-17  
1.2782404e-16  1.6075933e-16  1.0000000   8.0838835e-16  -8.5051836e-17  9.2314929e-16  3.7565899e-16  9.1695417e-17  -2.9294155e-16  9.0685682e-16  -5.1285161e-16  3.8254079e-16  2.6317955e-16  -2.6603359e-16  -1.4674102e-17  1.9355649e-16  1.0937615e-16  1.4591140e-16  4.7068120e-16  -3.7063180e-16  -3.5497284e-16  3.8323077e-16  2.7569770e-16  -8.0333801e-16  4.1664012e-16  2.0736493e-16  3.3925881e-16  2.6150872e-17  4.7034893e-16  -1.4530755e-16  5.0692705e-18  1.2782404e-16  1.6075933e-16  1.0000000   8.0838835e-16  -8.5051836e-17  9.2314929e-16  3.7565899e-16  9.1695417e-17  -2.9294155e-16  9.0685682e-16  -5.1285161e-16  3.8254079e-16  2.6317955e-16  -2.6603359e-16  -1.4674102e-17  1.9355649e-16  1.0937615e-16  1.4591140e-16  4.7068120e-16  -3.7063180e-16  -3.5497284e-16  3.8323077e-16  2.7569770e-16  -8.0333801e-16  4.1664012e-16  2.0736493e-16  3.3925881e-16  2.6150872e-17  4.7034893e-16  -1.4530755e-16  5.0692705e-18  
4.7453867e-16  -1.7712126e-16  8.0838835e-16  1.0000000   -2.6509977e-16  8.1874298e-16  1.2928889e-16  5.2168012e-16  -4.2689751e-16  -3.1087090e-16  -6.5009328e-16  -3.9230601e-16  9.2364979e-17  7.1981116e-16  5.9561354e-16  5.8213778e-16  8.5555635e-16  1.3421788e-16  3.9648711e-17  3.2663003e-17  1.6770787e-16  -1.1945997e-15  -2.7865580e-16  -7.2996555e-18  1.0923713e-15  1.0597448e-16  2.4619016e-16  3.7403002e-16  7.4471603e-16  -1.1658641e-15  6.0061442e-16  4.7453867e-16  -1.7712126e-16  8.0838835e-16  1.0000000   -2.6509977e-16  8.1874298e-16  1.2928889e-16  5.2168012e-16  -4.2689751e-16  -3.1087090e-16  -6.5009328e-16  -3.9230601e-16  9.2364979e-17  7.1981116e-16  5.9561354e-16  5.8213778e-16  8.5555635e-16  1.3421788e-16  3.9648711e-17  3.2663003e-17  1.6770787e-16  -1.1945997e-15  -2.7865580e-16  -7.2996555e-18  1.0923713e-15  1.0597448e-16  2.4619016e-16  3.7403002e-16  7.4471603e-16  -1.1658641e-15  6.0061442e-16  
8.5219948e-17  3.7275528e-16  -8.5051836e-17  -2.6509977e-16  1.0000000   -1.2512363e-16  3.1596787e-16  2.8600990e-17  6.9904004e-16  2.8843666e-16  6.9601475e-16  -7.9866584e-16  -8.3530136e-16  -2.8522680e-16  6.0196807e-16  -4.4821304e-16  6.7314254e-17  -1.5726477e-17  1.6208072e-16  -1.0705734e-15  -2.0697582e-16  -6.0591946e-16  7.5695279e-17  6.3865900e-16  -6.8293896e-17  -3.7387345e-16  4.5224146e-16  -2.5196054e-16  -2.5650270e-16  1.1832678e-16  -7.8657104e-17  8.5219948e-17  3.7275528e-16  -8.5051836e-17  -2.6509977e-16  1.0000000   -1.2512363e-16  3.1596787e-16  2.8600990e-17  6.9904004e-16  2.8843666e-16  6.9601475e-16  -7.9866584e-16  -8.3530136e-16  -2.8522680e-16  6.0196807e-16  -4.4821304e-16  6.7314254e-17  -1.5726477e-17  1.6208072e-16  -1.0705734e-15  -2.0697582e-16  -6.0591946e-16  7.5695279e-17  6.3865900e-16  -6.8293896e-17  -3.7387345e-16  4.5224146e-16  -2.5196054e-16  -2.5650270e-16  1.1832678e-16  -7.8657104e-17  
-3.9811394e-16  -7.8036263e-16  9.2314929e-16  8.1874298e-16  -1.2512363e-16  1.0000000   6.7318838e-16  4.9426366e-18  2.9382852e-16  -5.0806421e-16  -3.3711054e-16  9.0018523e-16  2.2791214e-16  1.7849800e-16  -3.0556869e-16  -1.8223636e-16  8.0665043e-16  7.4070413e-16  -1.4757691e-16  1.8301390e-16  -2.6379444e-16  -2.8496880e-16  1.5835606e-16  3.7141502e-17  1.2146979e-16  2.6525824e-16  1.6870916e-16  -4.1381600e-16  8.9890942e-16  -1.1562659e-15  2.6469580e-16  -3.9811394e-16  -7.8036263e-16  9.2314929e-16  8.1874298e-16  -1.2512363e-16  1.0000000   6.7318838e-16  4.9426366e-18  2.9382852e-16  -5.0806421e-16  -3.3711054e-16  9.0018523e-16  2.2791214e-16  1.7849800e-16  -3.0556869e-16  -1.8223636e-16  8.0665043e-16  7.4070413e-16  -1.4757691e-16  1.8301390e-16  -2.6379444e-16  -2.8496880e-16  1.5835606e-16  3.7141502e-17  1.2146979e-16  2.6525824e-16  1.6870916e-16  -4.1381600e-16  8.9890942e-16  -1.1562659e-15  2.6469580e-16  
5.0462787e-16  4.8406593e-16  3.7565899e-16  1.2928889e-16  3.1596787e-16  6.7318838e-16  1.0000000   -5.6999473e-16  -5.6004085e-16  3.0477436e-16  8.1496319e-16  -2.3988243e-16  -2.9142727e-16  2.7303470e-16  7.3000173e-16  -1.4743447e-16  3.5099708e-17  2.9774020e-16  6.8355994e-16  -1.1701325e-15  -7.0964419e-16  -8.3180689e-16  -1.7347895e-16  -1.7991058e-16  1.5546794e-16  1.0306694e-15  -1.5055425e-16  3.3241132e-16  -2.1689981e-16  -6.6317681e-16  -1.0311030e-15  5.0462787e-16  4.8406593e-16  3.7565899e-16  1.2928889e-16  3.1596787e-16  6.7318838e-16  1.0000000   -5.6999473e-16  -5.6004085e-16  3.0477436e-16  8.1496319e-16  -2.3988243e-16  -2.9142727e-16  2.7303470e-16  7.3000173e-16  -1.4743447e-16  3.5099708e-17  2.9774020e-16  6.8355994e-16  -1.1701325e-15  -7.0964419e-16  -8.3180689e-16  -1.7347895e-16  -1.7991058e-16  1.5546794e-16  1.0306694e-15  -1.5055425e-16  3.3241132e-16  -2.1689981e-16  -6.6317681e-16  -1.0311030e-15  
5.4692942e-16  2.1018903e-16  9.1695417e-17  5.2168012e-16  2.8600990e-17  4.9426366e-18  -5.6999473e-16  1.0000000   6.2843148e-17  6.1495559e-16  -2.8934164e-16  1.3937072e-16  -1.5432727e-17  -4.8749908e-16  -1.5170130e-16  2.4333515e-16  2.3773251e-16  2.4687301e-17  2.7627321e-17  8.3054994e-16  -6.1671959e-16  -3.0835065e-16  -3.9087817e-16  6.4916568e-16  -6.3977439e-17  2.1026764e-16  6.7078452e-16  -3.2106315e-17  -2.9555161e-16  -1.0862969e-16  -1.5626356e-17  5.4692942e-16  2.1018903e-16  9.1695417e-17  5.2168012e-16  2.8600990e-17  4.9426366e-18  -5.6999473e-16  1.0000000   6.2843148e-17  6.1495559e-16  -2.8934164e-16  1.3937072e-16  -1.5432727e-17  -4.8749908e-16  -1.5170130e-16  2.4333515e-16  2.3773251e-16  2.4687301e-17  2.7627321e-17  8.3054994e-16  -6.1671959e-16  -3.0835065e-16  -3.9087817e-16  6.4916568e-16  -6.3977439e-17  2.1026764e-16  6.7078452e-16  -3.2106315e-17  -2.9555161e-16  -1.0862969e-16  -1.5626356e-17  
-4.6484031e-16  1.1708489e-16  -2.9294155e-16  -4.2689751e-16  6.9904004e-16  2.9382852e-16  -5.6004085e-16  6.2843148e-17  1.0000000   8.5430747e-16  1.7563561e-16  2.1574319e-16  -5.2772205e-16  4.1755979e-16  -6.9207873e-16  2.2703421e-17  2.8064646e-16  1.5727769e-16  2.8412953e-16  -2.2730710e-16  -2.5498190e-17  -6.6959030e-18  -2.3374713e-16  -2.2308554e-16  -1.4126943e-16  4.9584627e-16  5.0500645e-16  -7.8800024e-17  2.0712362e-16  3.4049341e-16  -5.0457651e-16  -4.6484031e-16  1.1708489e-16  -2.9294155e-16  -4.2689751e-16  6.9904004e-16  2.9382852e-16  -5.6004085e-16  6.2843148e-17  1.0000000   8.5430747e-16  1.7563561e-16  2.1574319e-16  -5.2772205e-16  4.1755979e-16  -6.9207873e-16  2.2703421e-17  2.8064646e-16  1.5727769e-16  2.8412953e-16  -2.2730710e-16  -2.5498190e-17  -6.6959030e-18  -2.3374713e-16  -2.2308554e-16  -1.4126943e-16  4.9584627e-16  5.0500645e-16  -7.8800024e-17  2.0712362e-16  3.4049341e-16  -5.0457651e-16  
-4.5313636e-16  7.0316897e-16  9.0685682e-16  -3.1087090e-16  2.8843666e-16  -5.0806421e-16  3.0477436e-16  6.1495559e-16  8.5430747e-16  1.0000000   1.5411542e-15  -9.4142474e-16  7.1111068e-16  3.3805619e-16  3.6924042e-16  -3.9046803e-17  4.8867775e-16  -4.5841668e-16  7.6472657e-16  -9.0182612e-17  -5.5888887e-16  -1.5869027e-17  -2.0591753e-16  7.7490224e-16  6.4478199e-17  1.1326956e-15  -3.8711494e-16  4.3562834e-16  -2.4245927e-16  -1.3886441e-16  -6.1941375e-16  -4.5313636e-16  7.0316897e-16  9.0685682e-16  -3.1087090e-16  2.8843666e-16  -5.0806421e-16  3.0477436e-16  6.1495559e-16  8.5430747e-16  1.0000000   1.5411542e-15  -9.4142474e-16  7.1111068e-16  3.3805619e-16  3.6924042e-16  -3.9046803e-17  4.8867775e-16  -4.5841668e-16  7.6472657e-16  -9.0182612e-17  -5.5888887e-16  -1.5869027e-17  -2.0591753e-16  7.7490224e-16  6.4478199e-17  1.1326956e-15  -3.8711494e-16  4.3562834e-16  -2.4245927e-16  -1.3886441e-16  -6.1941375e-16  
