1.0000000   -6.6599296e-16  1.3800200e-16  1.2981283e-15  4.8613613e-16  -7.0259237e-16  6.8549805e-16  -8.3193472e-16  -3.8932926e-16  -6.3592260e-16  -4.6625610e-16  -1.7064121e-16  -2.1240185e-16  3.1656557e-16  -1.5527864e-16  -7.0689422e-17  5.1263583e-16  -2.0674986e-16  2.2203106e-17  3.7465004e-16  8.4533823e-16  -2.9708299e-16  -5.1481900e-16  -7.1486355e-16  -4.0290351e-16  4.1633358e-16  2.3122702e-16  -2.4859771e-16  -4.1297066e-16  6.7549058e-16  -2.5793029e-16  1.0000000   -6.6599296e-16  1.3800200e-16  1.2981283e-15  4.8613613e-16  -7.0259237e-16  6.8549805e-16  -8.3193472e-16  -3.8932926e-16  -6.3592260e-16  -4.6625610e-16  -1.7064121e-16  -2.1240185e-16  3.1656557e-16  -1.5527864e-16  -7.0689422e-17  5.1263583e-16  -2.0674986e-16  2.2203106e-17  3.7465004e-16  8.4533823e-16  -2.9708299e-16  -5.1481900e-16  -7.1486355e-16  -4.0290351e-16  4.1633358e-16  2.3122702e-16  -2.4859771e-16  -4.1297066e-16  6.7549058e-16  -2.5793029e-16  
-6.6599296e-16  1.0000000   -5.0511541e-16  -2.8982227e-16  3.3607387e-16  4.5356538e-16  -1.7968309e-16  -2.2205273e-16  -8.0060346e-16  2.2377510e-16  -2.2917977e-16  -5.2169184e-17  1.4090715e-16  1.4346472e-16  3.1328022e-16  -1.0432506e-16  2.7114626e-16  6.1986552e-16  3.3340622e-16  -1.7191498e-16  -1.8783058e-16  -1.9130258e-16  1.3512605e-16  -4.4965525e-17  3.3927273e-16  -1.0674549e-16  5.7177059e-16  -1.4122512e-16  2.5836503e-16  -5.2473636e-16  -8.4366253e-17  -6.6599296e-16  1.0000000   -5.0511541e-16  -2.8982227e-16  3.3607387e-16  4.5356538e-16  -1.7968309e-16  -2.2205273e-16  -8.0060346e-16  2.2377510e-16  -2.2917977e-16  -5.2169184e-17  1.4090715e-16  1.4346472e-16  3.1328022e-16  -1.0432506e-16  2.7114626e-16  6.1986552e-16  3.3340622e-16  -1.7191498e-16  -1.8783058e-16  -1.9130258e-16  1.3512605e-16  -4.4965525e-17  3.3927273e-16  -1.0674549e-16  5.7177059e-16  -1.4122512e-16  2.5836503e-16  -5.2473636e-16  -8.4366253e-17  
1.3800200e-16  -5.0511541e-16  1.0000000   -3.8199007e-16  -1.8642085e-16  8.1704112e-17  -2.4246373e-16  5.6218159e-16  7.9486663e-16  4.6177103e-17  3.2236542e-16  2.9787500e-16  4.7318054e-16  1.8754747e-16  -6.5542373e-16  -7.0425152e-17  -3.3531925e-16  -8.7097236e-17  4.8954163e-16  -2.6966068e-17  1.4501712e-16  -4.6523103e-17  -1.1234617e-16  -2.9081694e-16  1.6749148e-16  -2.6627129e-17  -6.1900162e-16  -4.3861120e-16  -1.6522671e-16  -3.0312167e-16  1.9675944e-16  1.3800200e-16  -5.0511541e-16  1.0000000   -3.8199007e-16  -1.8642085e-16  8.1704112e-17  -2.4246373e-16  5.6218159e-16  7.9486663e-16  4.6177103e-17  3.2236542e-16  2.9787500e-16  4.7318054e-16  1.8754747e-16  -6.5542373e-16  -7.0425152e-17  -3.3531925e-16  -8.7097236e-17  4.8954163e-16  -2.6966068e-17  1.4501712e-16  -4.6523103e-17  -1.1234617e-16  -2.9081694e-16  1.6749148e-16  -2.6627129e-17  -6.1900162e-16  -4.3861120e-16  -1.6522671e-16  -3.0312167e-16  1.9675944e-16  
1.2981283e-15  -2.8982227e-16  -3.8199007e-16  1.0000000   -7.3784275e-16  -2.4776305e-16  -2.5996625e-16  2.6617355e-16  5.2174359e-16  2.6612543e-18  5.1141114e-16  -1.3809066e-15  -2.3716136e-16  5.1033484e-16  1.3437544e-16  7.7164700e-17  6.3807569e-16  1.1374690e-15  -6.2291982e-17  -5.9038129e-17  2.9784762e-16  -3.1140478e-16  -1.1342850e-16  2.9294753e-16  -1.8890969e-16  -7.2447731e-16  -2.0410642e-16  -1.9307963e-16  6.2612319e-16  -1.2612594e-16  -6.3876310e-18  1.2981283e-15  -2.8982227e-16  -3.8199007e-16  1.0000000   -7.3784275e-16  -2.4776305e-16  -2.5996625e-16  2.6617355e-16  5.2174359e-16  2.6612543e-18  5.1141114e-16  -1.3809066e-15  -2.3716136e-16  5.1033484e-16  1.3437544e-16  7.7164700e-17  6.3807569e-16  1.1374690e-15  -6.2291982e-17  -5.9038129e-17  2.9784762e-16  -3.1140478e-16  -1.1342850e-16  2.9294753e-16  -1.8890969e-16  -7.2447731e-16  -2.0410642e-16  -1.9307963e-16  6.2612319e-16  -1.2612594e-16  -6.3876310e-18  
4.8613613e-16  3.3607387e-16  -1.8642085e-16  -7.3784275e-16  1.0000000   7.0540281e-17  -5.8853020e-16  1.1908202e-15  6.7548859e-16  -2.6935942e-16  -3.1396160e-16  -1.2965155e-16  1.6591728e-16  4.9520627e-16  -6.5231487e-16  3.2105215e-16  -3.9845368e-16  -3.0593663e-16  -5.1941215e-16  -1.1768757e-16  -5.1137254e-16  2.5283448e-16  2.5311337e-16  4.5430067e-16  -2.1549928e-16  1.9552437e-16  2.0021841e-16  -9.8194604e-17  4.7209529e-17  -1.8884170e-16  2.7692045e-17  4.8613613e-16  3.3607387e-16  -1.8642085e-16  -7.3784275e-16  1.0000000   7.0540281e-17  -5.8853020e-16  1.1908202e-15  6.7548859e-16  -2.6935942e-16  -3.1396160e-16  -1.2965155e-16  1.6591728e-16  4.9520627e-16  -6.5231487e-16  3.2105215e-16  -3.9845368e-16  -3.0593663e-16  -5.1941215e-16  -1.1768757e-16  -5.1137254e-16  2.5283448e-16  2.5311337e-16  4.5430067e-16  -2.1549928e-16  1.9552437e-16  2.0021841e-16  -9.8194604e-17  4.7209529e-17  -1.8884170e-16  2.7692045e-17  
-7.0259237e-16  4.5356538e-16  8.1704112e-17  -2.4776305e-16  7.0540281e-17  1.0000000   4.2253892e-16  -2.9187818e-16  3.2470661e-16  -1.0206712e-16  -9.6315284e-17  2.5891308e-16  -1.5568184e-16  -1.5305349e-16  -4.6564363e-17  6.2408299e-17  -3.5406369e-16  3.4971074e-16  4.0608066e-16  -3.6661542e-16  -4.0628985e-16  3.9290566e-16  -2.4056777e-16  1.2353072e-16  -7.7669496e-17  3.7262347e-16  4.6387691e-16  -1.4916148e-16  -4.4398266e-16  4.6076054e-17  -2.1201756e-16  -7.0259237e-16  4.5356538e-16  8.1704112e-17  -2.4776305e-16  7.0540281e-17  1.0000000   4.2253892e-16  -2.9187818e-16  3.2470661e-16  -1.0206712e-16  -9.6315284e-17  2.5891308e-16  -1.5568184e-16  -1.5305349e-16  -4.6564363e-17  6.2408299e-17  -3.5406369e-16  3.4971074e-16  4.0608066e-16  -3.6661542e-16  -4.0628985e-16  3.9290566e-16  -2.4056777e-16  1.2353072e-16  -7.7669496e-17  3.7262347e-16  4.6387691e-16  -1.4916148e-16  -4.4398266e-16  4.6076054e-17  -2.1201756e-16  
6.8549805e-16  -1.7968309e-16  -2.4246373e-16  -2.5996625e-16  -5.8853020e-16  4.2253892e-16  1.0000000   -3.1188320e-16  -9.5370131e-16  5.5309520e-16  -7.5017273e-16  9.9517949e-17  -2.2335227e-16  -4.7718379e-16  6.2136937e-16  7.1621926e-16  -1.0481718e-16  2.4297260e-16  6.0496418e-17  4.3485533e-17  2.4286692e-16  1.0255019e-15  -4.6289596e-17  5.0857605e-16  1.9670781e-16  6.1528135e-16  3.6537033e-16  9.0158306e-17  -5.6536448e-16  5.7022718e-16  9.7493259e-16  6.8549805e-16  -1.7968309e-16  -2.4246373e-16  -2.5996625e-16  -5.8853020e-16  4.2253892e-16  1.0000000   -3.1188320e-16  -9.5370131e-16  5.5309520e-16  -7.5017273e-16  9.9517949e-17  -2.2335227e-16  -4.7718379e-16  6.2136937e-16  7.1621926e-16  -1.0481718e-16  2.4297260e-16  6.0496418e-17  4.3485533e-17  2.4286692e-16  1.0255019e-15  -4.6289596e-17  5.0857605e-16  1.9670781e-16  6.1528135e-16  3.6537033e-16  9.0158306e-17  -5.6536448e-16  5.7022718e-16  9.7493259e-16  
-8.3193472e-16  -2.2205273e-16  5.6218159e-16  2.6617355e-16  1.1908202e-15  -2.9187818e-16  -3.1188320e-16  1.0000000   1.5067756e-16  -7.7353670e-16  -1.3899572e-16  2.7998632e-16  -6.3405842e-18  5.8130644e-16  3.4575104e-16  -2.1209783e-16  3.5451882e-16  -6.9358687e-17  -7.4843258e-16  -1.3501397e-16  -2.6307481e-17  5.1690599e-18  6.8031503e-18  -4.0231597e-17  1.1183073e-16  7.2358660e-16  4.3707521e-16  3.1247577e-16  -3.3581912e-16  -4.1659602e-16  4.3249321e-16  -8.3193472e-16  -2.2205273e-16  5.6218159e-16  2.6617355e-16  1.1908202e-15  -2.9187818e-16  -3.1188320e-16  1.0000000   1.5067756e-16  -7.7353670e-16  -1.3899572e-16  2.7998632e-16  -6.3405842e-18  5.8130644e-16  3.4575104e-16  -2.1209783e-16  3.5451882e-16  -6.9358687e-17  -7.4843258e-16  -1.3501397e-16  -2.6307481e-17  5.1690599e-18  6.8031503e-18  -4.0231597e-17  1.1183073e-16  7.2358660e-16  4.3707521e-16  3.1247577e-16  -3.3581912e-16  -4.1659602e-16  4.3249321e-16  
-3.8932926e-16  -8.0060346e-16  7.9486663e-16  5.2174359e-16  6.7548859e-16  3.2470661e-16  -9.5370131e-16  1.5067756e-16  1.0000000   -6.7304156e-16  5.9960944e-16  1.2978517e-17  8.0150559e-18  5.5863371e-16  -3.6539860e-16  3.9234343e-16  4.4804041e-16  1.5928377e-16  3.4513817e-16  2.2514516e-16  -6.4779678e-16  1.3985334e-16  -5.5028806e-17  -3.4698595e-16  -2.7620033e-16  -3.8862717e-16  -6.7660412e-16  5.0040670e-16  -4.1712853e-16  -1.0980505e-16  -6.2647273e-17  -3.8932926e-16  -8.0060346e-16  7.9486663e-16  5.2174359e-16  6.7548859e-16  3.2470661e-16  -9.5370131e-16  1.5067756e-16  1.0000000   -6.7304156e-16  5.9960944e-16  1.2978517e-17  8.0150559e-18  5.5863371e-16  -3.6539860e-16  3.9234343e-16  4.4804041e-16  1.5928377e-16  3.4513817e-16  2.2514516e-16  -6.4779678e-16  1.3985334e-16  -5.5028806e-17  -3.4698595e-16  -2.7620033e-16  -3.8862717e-16  -6.7660412e-16  5.0040670e-16  -4.1712853e-16  -1.0980505e-16  -6.2647273e-17  
-6.3592260e-16  2.2377510e-16  4.6177103e-17  2.6612543e-18  -2.6935942e-16  -1.0206712e-16  5.5309520e-16  -7.7353670e-16  -6.7304156e-16  1.0000000   3.4416052e-16  6.8262848e-18  -1.6617598e-16  -1.8475714e-16  -2.2424506e-16  -5.9612228e-16  8.1272877e-17  -5.4746663e-16  4.2443731e-17  -2.2904308e-16  1.6182738e-16  -2.9768973e-17  3.3862356e-17  -4.8490350e-17  -1.8890671e-16  -8.4732151e-16  -7.5170588e-17  6.5209166e-16  8.4909819e-16  2.4829561e-16  5.8553085e-16  -6.3592260e-16  2.2377510e-16  4.6177103e-17  2.6612543e-18  -2.6935942e-16  -1.0206712e-16  5.5309520e-16  -7.7353670e-16  -6.7304156e-16  1.0000000   3.4416052e-16  6.8262848e-18  -1.6617598e-16  -1.8475714e-16  -2.2424506e-16  -5.9612228e-16  8.1272877e-17  -5.4746663e-16  4.2443731e-17  -2.2904308e-16  1.6182738e-16  -2.9768973e-17  3.3862356e-17  -4.8490350e-17  -1.8890671e-16  -8.4732151e-16  -7.5170588e-17  6.5209166e-16  8.4909819e-16  2.4829561e-16  5.8553085e-16  
-4.6625610e-16  -2.2917977e-16  3.2236542e-16  5.1141114e-16  -3.1396160e-16  -9.6315284e-17  -7.5017273e-16  -1.3899572e-16  5.9960944e-16  3.4416052e-16  1.0000000   1.6917684e-16  -1.8500573e-16  -5.1666081e-16  -4.0489038e-16  -5.4094005e-16  3.1206923e-16  -3.6267848e-16  -4.5594388e-17  1.7253563e-16  -6.9520059e-16  3.6748051e-16  -4.0638934e-17  -1.5203056e-16  1.6588013e-16  4.0034071e-16  -8.5477261e-16  2.8228534e-16  -3.4298417e-16  4.3744052e-16  5.1687561e-17  -4.6625610e-16  -2.2917977e-16  3.2236542e-16  5.1141114e-16  -3.1396160e-16  -9.6315284e-17  -7.5017273e-16  -1.3899572e-16  5.9960944e-16  3.4416052e-16  1.0000000   1.6917684e-16  -1.8500573e-16  -5.1666081e-16  -4.0489038e-16  -5.4094005e-16  3.1206923e-16  -3.6267848e-16  -4.5594388e-17  1.7253563e-16  -6.9520059e-16  3.6748051e-16  -4.0638934e-17  -1.5203056e-16  1.6588013e-16  4.0034071e-16  -8.5477261e-16  2.8228534e-16  -3.4298417e-16  4.3744052e-16  5.1687561e-17  
-1.7064121e-16  -5.2169184e-17  2.9787500e-16  -1.3809066e-15  -1.2965155e-16  2.5891308e-16  9.9517949e-17  2.7998632e-16  1.2978517e-17  6.8262848e-18  1.6917684e-16  1.0000000   8.4689789e-16  -6.6881645e-16  4.5853405e-16  -5.9669136e-16  1.3322968e-18  -6.6462918e-16  5.9656570e-16  8.9913335e-17  4.0110170e-16  -1.6963777e-17  1.2292470e-16  8.6163447e-16  -2.0265780e-16  2.1014449e-16  9.8511932e-16  -2.6274590e-16  5.5851005e-16  -2.7145337e-16  -3.4708950e-16  -1.7064121e-16  -5.2169184e-17  2.9787500e-16  -1.3809066e-15  -1.2965155e-16  2.5891308e-16  9.9517949e-17  2.7998632e-16  1.2978517e-17  6.8262848e-18  1.6917684e-16  1.0000000   8.4689789e-16  -6.6881645e-16  4.5853405e-16  -5.9669136e-16  1.3322968e-18  -6.6462918e-16  5.9656570e-16  8.9913335e-17  4.0110170e-16  -1.6963777e-17  1.2292470e-16  8.6163447e-16  -2.0265780e-16  2.1014449e-16  9.8511932e-16  -2.6274590e-16  5.5851005e-16  -2.7145337e-16  -3.4708950e-16  
-2.1240185e-16  1.4090715e-16  4.7318054e-16  -2.3716136e-16  1.6591728e-16  -1.5568184e-16  -2.2335227e-16  -6.3405842e-18  8.0150559e-18  -1.6617598e-16  -1.8500573e-16  8.4689789e-16  1.0000000   -9.0877308e-17  -5.9847370e-16  -2.9067843e-16  7.8221193e-17  2.7557138e-17  -3.2584716e-16  -2.9685639e-17  -3.3207236e-16  2.1263063e-16  3.1625967e-17  -4.6271345e-16  -4.3354798e-16  8.3635679e-16  3.9682953e-16  1.4992574e-16  -2.9389516e-16  -5.8772997e-16  2.1407008e-16  -2.1240185e-16  1.4090715e-16  4.7318054e-16  -2.3716136e-16  1.6591728e-16  -1.5568184e-16  -2.2335227e-16  -6.3405842e-18  8.0150559e-18  -1.6617598e-16  -1.8500573e-16  8.4689789e-16  1.0000000   -9.0877308e-17  -5.9847370e-16  -2.9067843e-16  7.8221193e-17  2.7557138e-17  -3.2584716e-16  -2.9685639e-17  -3.3207236e-16  2.1263063e-16  3.1625967e-17  -4.6271345e-16  -4.3354798e-16  8.3635679e-16  3.9682953e-16  1.4992574e-16  -2.9389516e-16  -5.8772997e-16  2.1407008e-16  
3.1656557e-16  1.4346472e-16  1.8754747e-16  5.1033484e-16  4.9520627e-16  -1.5305349e-16  -4.7718379e-16  5.8130644e-16  5.5863371e-16  -1.8475714e-16  -5.1666081e-16  -6.6881645e-16  -9.0877308e-17  1.0000000   -3.1818978e-16  9.7677361e-17  2.4289382e-16  -6.4333325e-17  2.5313934e-16  1.2349982e-16  2.5667125e-16  5.6613682e-16  2.1121199e-16  5.6475288e-16  -1.2161658e-16  -4.8104325e-18  9.7344020e-17  -5.4550482e-16  -2.8693354e-17  -4.4443475e-17  -4.2262368e-17  3.1656557e-16  1.4346472e-16  1.8754747e-16  5.1033484e-16  4.9520627e-16  -1.5305349e-16  -4.7718379e-16  5.8130644e-16  5.5863371e-16  -1.8475714e-16  -5.1666081e-16  -6.6881645e-16  -9.0877308e-17  1.0000000   -3.1818978e-16  9.7677361e-17  2.4289382e-16  -6.4333325e-17  2.5313934e-16  1.2349982e-16  2.5667125e-16  5.6613682e-16  2.1121199e-16  5.6475288e-16  -1.2161658e-16  -4.8104325e-18  9.7344020e-17  -5.4550482e-16  -2.8693354e-17  -4.4443475e-17  -4.2262368e-17  
-1.5527864e-16  3.1328022e-16  -6.5542373e-16  1.3437544e-16  -6.5231487e-16  -4.6564363e-17  6.2136937e-16  3.4575104e-16  -3.6539860e-16  -2.2424506e-16  -4.0489038e-16  4.5853405e-16  -5.9847370e-16  -3.1818978e-16  1.0000000   2.9808797e-16  1.6176961e-16  4.4493353e-17  2.1546401e-16  3.1337320e-16  -2.8712053e-16  -1.3211570e-16  5.4504297e-17  4.1894506e-16  -1.9794962e-16  2.9477421e-16  1.8537228e-16  -3.3032288e-16  -1.5417962e-16  6.4144980e-17  4.1181696e-16  -1.5527864e-16  3.1328022e-16  -6.5542373e-16  1.3437544e-16  -6.5231487e-16  -4.6564363e-17  6.2136937e-16  3.4575104e-16  -3.6539860e-16  -2.2424506e-16  -4.0489038e-16  4.5853405e-16  -5.9847370e-16  -3.1818978e-16  1.0000000   2.9808797e-16  1.6176961e-16  4.4493353e-17  2.1546401e-16  3.1337320e-16  -2.8712053e-16  -1.3211570e-16  5.4504297e-17  4.1894506e-16  -1.9794962e-16  2.9477421e-16  1.8537228e-16  -3.3032288e-16  -1.5417962e-16  6.4144980e-17  4.1181696e-16  
-7.0689422e-17  -1.0432506e-16  -7.0425152e-17  7.7164700e-17  3.2105215e-16  6.2408299e-17  7.1621926e-16  -2.1209783e-16  3.9234343e-16  -5.9612228e-16  -5.4094005e-16  -5.9669136e-16  -2.9067843e-16  9.7677361e-17  2.9808797e-16  1.0000000   9.8841586e-17  -1.8181516e-16  5.2488133e-16  4.6344977e-16  1.0254453e-17  3.2580297e-16  3.5159666e-16  -2.7996136e-16  -2.7455063e-16  -9.5308106e-17  1.6627122e-17  1.1693999e-16  -5.5714522e-16  4.9067037e-16  4.9341725e-16  -7.0689422e-17  -1.0432506e-16  -7.0425152e-17  7.7164700e-17  3.2105215e-16  6.2408299e-17  7.1621926e-16  -2.1209783e-16  3.9234343e-16  -5.9612228e-16  -5.4094005e-16  -5.9669136e-16  -2.9067843e-16  9.7677361e-17  2.9808797e-16  1.0000000   9.8841586e-17  -1.8181516e-16  5.2488133e-16  4.6344977e-16  1.0254453e-17  3.2580297e-16  3.5159666e-16  -2.7996136e-16  -2.7455063e-16  -9.5308106e-17  1.6627122e-17  1.1693999e-16  -5.5714522e-16  4.9067037e-16  4.9341725e-16  
5.1263583e-16  2.7114626e-16  -3.3531925e-16  6.3807569e-16  -3.9845368e-16  -3.5406369e-16  -1.0481718e-16  3.5451882e-16  4.4804041e-16  8.1272877e-17  3.1206923e-16  1.3322968e-18  7.8221193e-17  2.4289382e-16  1.6176961e-16  9.8841586e-17  1.0000000   5.3309074e-16  -3.0343184e-16  -2.0783750e-17  4.0836048e-16  -6.6103199e-16  -1.1369441e-16  -7.5696307e-17  5.3638848e-17  -2.1522460e-16  -2.0423336e-16  9.7194318e-18  -8.7416124e-17  2.7676917e-16  -5.7453376e-16  5.1263583e-16  2.7114626e-16  -3.3531925e-16  6.3807569e-16  -3.9845368e-16  -3.5406369e-16  -1.0481718e-16  3.5451882e-16  4.4804041e-16  8.1272877e-17  3.1206923e-16  1.3322968e-18  7.8221193e-17  2.4289382e-16  1.6176961e-16  9.8841586e-17  1.0000000   5.3309074e-16  -3.0343184e-16  -2.0783750e-17  4.0836048e-16  -6.6103199e-16  -1.1369441e-16  -7.5696307e-17  5.3638848e-17  -2.1522460e-16  -2.0423336e-16  9.7194318e-18  -8.7416124e-17  2.7676917e-16  -5.7453376e-16  
-2.0674986e-16  6.1986552e-16  -8.7097236e-17  1.1374690e-15  -3.0593663e-16  3.4971074e-16  2.4297260e-16  -6.9358687e-17  1.5928377e-16  -5.4746663e-16  -3.6267848e-16  -6.6462918e-16  2.7557138e-17  -6.4333325e-17  4.4493353e-17  -1.8181516e-16  5.3309074e-16  1.0000000   -4.5280477e-16  -6.9369621e-16  7.4903737e-17  -2.6427873e-16  4.6143801e-16  5.0338377e-17  -2.9088579e-16  -8.7023519e-16  2.7589941e-16  -4.5938059e-16  3.5784265e-16  2.2635734e-16  -6.4868578e-16  -2.0674986e-16  6.1986552e-16  -8.7097236e-17  1.1374690e-15  -3.0593663e-16  3.4971074e-16  2.4297260e-16  -6.9358687e-17  1.5928377e-16  -5.4746663e-16  -3.6267848e-16  -6.6462918e-16  2.7557138e-17  -6.4333325e-17  4.4493353e-17  -1.8181516e-16  5.3309074e-16  1.0000000   -4.5280477e-16  -6.9369621e-16  7.4903737e-17  -2.6427873e-16  4.6143801e-16  5.0338377e-17  -2.9088579e-16  -8.7023519e-16  2.7589941e-16  -4.5938059e-16  3.5784265e-16  2.2635734e-16  -6.4868578e-16  
2.2203106e-17  3.3340622e-16  4.8954163e-16  -6.2291982e-17  -5.1941215e-16  4.0608066e-16  6.0496418e-17  -7.4843258e-16  3.4513817e-16  4.2443731e-17  -4.5594388e-17  5.9656570e-16  -3.2584716e-16  2.5313934e-16  2.1546401e-16  5.2488133e-16  -3.0343184e-16  -4.5280477e-16  1.0000000   3.5529741e-16  -1.8805802e-17  1.5922376e-16  3.8860852e-16  6.4612289e-17  9.6652216e-17  2.0690495e-16  3.8310339e-16  9.8395782e-17  -4.7980012e-16  4.0990879e-16  2.5458471e-16  2.2203106e-17  3.3340622e-16  4.8954163e-16  -6.2291982e-17  -5.1941215e-16  4.0608066e-16  6.0496418e-17  -7.4843258e-16  3.4513817e-16  4.2443731e-17  -4.5594388e-17  5.9656570e-16  -3.2584716e-16  2.5313934e-16  2.1546401e-16  5.2488133e-16  -3.0343184e-16  -4.5280477e-16  1.0000000   3.5529741e-16  -1.8805802e-17  1.5922376e-16  3.8860852e-16  6.4612289e-17  9.6652216e-17  2.0690495e-16  3.8310339e-16  9.8395782e-17  -4.7980012e-16  4.0990879e-16  2.5458471e-16  
3.7465004e-16  -1.7191498e-16  -2.6966068e-17  -5.9038129e-17  -1.1768757e-16  -3.6661542e-16  4.3485533e-17  -1.3501397e-16  2.2514516e-16  -2.2904308e-16  1.7253563e-16  8.9913335e-17  -2.9685639e-17  1.2349982e-16  3.1337320e-16  4.6344977e-16  -2.0783750e-17  -6.9369621e-16  3.5529741e-16  1.0000000   1.1359973e-16  1.5666414e-16  7.2164710e-16  -1.1326822e-17  4.3442239e-17  1.1395972e-16  -4.3435051e-17  -7.1961065e-16  2.8504338e-16  -1.4037657e-16  2.6853896e-16  3.7465004e-16  -1.7191498e-16  -2.6966068e-17  -5.9038129e-17  -1.1768757e-16  -3.6661542e-16  4.3485533e-17  -1.3501397e-16  2.2514516e-16  -2.2904308e-16  1.7253563e-16  8.9913335e-17  -2.9685639e-17  1.2349982e-16  3.1337320e-16  4.6344977e-16  -2.0783750e-17  -6.9369621e-16  3.5529741e-16  1.0000000   1.1359973e-16  1.5666414e-16  7.2164710e-16  -1.1326822e-17  4.3442239e-17  1.1395972e-16  -4.3435051e-17  -7.1961065e-16  2.8504338e-16  -1.4037657e-16  2.6853896e-16  
8.4533823e-16  -1.8783058e-16  1.4501712e-16  2.9784762e-16  -5.1137254e-16  -4.0628985e-16  2.4286692e-16  -2.6307481e-17  -6.4779678e-16  1.6182738e-16  -6.9520059e-16  4.0110170e-16  -3.3207236e-16  2.5667125e-16  -2.8712053e-16  1.0254453e-17  4.0836048e-16  7.4903737e-17  -1.8805802e-17  1.1359973e-16  1.0000000   7.2229901e-16  5.5671342e-16  2.6466479e-16  -1.5357209e-16  -3.9015053e-16  6.8974730e-17  -4.5402603e-16  2.0423515e-17  2.5819735e-16  -5.5668841e-16  8.4533823e-16  -1.8783058e-16  1.4501712e-16  2.9784762e-16  -5.1137254e-16  -4.0628985e-16  2.4286692e-16  -2.6307481e-17  -6.4779678e-16  1.6182738e-16  -6.9520059e-16  4.0110170e-16  -3.3207236e-16  2.5667125e-16  -2.8712053e-16  1.0254453e-17  4.0836048e-16  7.4903737e-17  -1.8805802e-17  1.1359973e-16  1.0000000   7.2229901e-16  5.5671342e-16  2.6466479e-16  -1.5357209e-16  -3.9015053e-16  6.8974730e-17  -4.5402603e-16  2.0423515e-17  2.5819735e-16  -5.5668841e-16  
-2.9708299e-16  -1.9130258e-16  -4.6523103e-17  -3.1140478e-16  2.5283448e-16  3.9290566e-16  1.0255019e-15  5.1690599e-18  1.3985334e-16  -2.9768973e-17  3.6748051e-16  -1.6963777e-17  2.1263063e-16  5.6613682e-16  -1.3211570e-16  3.2580297e-16  -6.6103199e-16  -2.6427873e-16  1.5922376e-16  1.5666414e-16  7.2229901e-16  1.0000000   4.7149120e-16  6.4906483e-16  4.4325597e-16  -6.9681063e-16  -3.3323943e-17  2.9117246e-16  -3.9696461e-16  7.8999105e-16  -3.8638935e-16  -2.9708299e-16  -1.9130258e-16  -4.6523103e-17  -3.1140478e-16  2.5283448e-16  3.9290566e-16  1.0255019e-15  5.1690599e-18  1.3985334e-16  -2.9768973e-17  3.6748051e-16  -1.6963777e-17  2.1263063e-16  5.6613682e-16  -1.3211570e-16  3.2580297e-16  -6.6103199e-16  -2.6427873e-16  1.5922376e-16  1.5666414e-16  7.2229901e-16  1.0000000   4.7149120e-16  6.4906483e-16  4.4325597e-16  -6.9681063e-16  -3.3323943e-17  2.9117246e-16  -3.9696461e-16  7.8999105e-16  -3.8638935e-16  
-5.1481900e-16  1.3512605e-16  -1.1234617e-16  -1.1342850e-16  2.5311337e-16  -2.4056777e-16  -4.6289596e-17  6.8031503e-18  -5.5028806e-17  3.3862356e-17  -4.0638934e-17  1.2292470e-16  3.1625967e-17  2.1121199e-16  5.4504297e-17  3.5159666e-16  -1.1369441e-16  4.6143801e-16  3.8860852e-16  7.2164710e-16  5.5671342e-16  4.7149120e-16  1.0000000   8.1557209e-17  5.4140458e-16  8.0613708e-16  5.5817250e-16  -1.9813308e-16  -2.9519646e-16  3.3916699e-16  1.3902374e-16  -5.1481900e-16  1.3512605e-16  -1.1234617e-16  -1.1342850e-16  2.5311337e-16  -2.4056777e-16  -4.6289596e-17  6.8031503e-18  -5.5028806e-17  3.3862356e-17  -4.0638934e-17  1.2292470e-16  3.1625967e-17  2.1121199e-16  5.4504297e-17  3.5159666e-16  -1.1369441e-16  4.6143801e-16  3.8860852e-16  7.2164710e-16  5.5671342e-16  4.7149120e-16  1.0000000   8.1557209e-17  5.4140458e-16  8.0613708e-16  5.5817250e-16  -1.9813308e-16  -2.9519646e-16  3.3916699e-16  1.3902374e-16  
-7.1486355e-16  -4.4965525e-17  -2.9081694e-16  2.9294753e-16  4.5430067e-16  1.2353072e-16  5.0857605e-16  -4.0231597e-17  -3.4698595e-16  -4.8490350e-17  -1.5203056e-16  8.6163447e-16  -4.6271345e-16  5.6475288e-16  4.1894506e-16  -2.7996136e-16  -7.5696307e-17  5.0338377e-17  6.4612289e-17  -1.1326822e-17  2.6466479e-16  6.4906483e-16  8.1557209e-17  1.0000000   -9.9397262e-17  2.6306619e-16  9.7945272e-16  -7.3096537e-16  5.4200265e-17  5.7408899e-17  -4.2985902e-17  -7.1486355e-16  -4.4965525e-17  -2.9081694e-16  2.9294753e-16  4.5430067e-16  1.2353072e-16  5.0857605e-16  -4.0231597e-17  -3.4698595e-16  -4.8490350e-17  -1.5203056e-16  8.6163447e-16  -4.6271345e-16  5.6475288e-16  4.1894506e-16  -2.7996136e-16  -7.5696307e-17  5.0338377e-17  6.4612289e-17  -1.1326822e-17  2.6466479e-16  6.4906483e-16  8.1557209e-17  1.0000000   -9.9397262e-17  2.6306619e-16  9.7945272e-16  -7.3096537e-16  5.4200265e-17  5.7408899e-17  -4.2985902e-17  
-4.0290351e-16  3.3927273e-16  1.6749148e-16  -1.8890969e-16  -2.1549928e-16  -7.7669496e-17  1.9670781e-16  1.1183073e-16  -2.7620033e-16  -1.8890671e-16  1.6588013e-16  -2.0265780e-16  -4.3354798e-16  -1.2161658e-16  -1.9794962e-16  -2.7455063e-16  5.3638848e-17  -2.9088579e-16  9.6652216e-17  4.3442239e-17  -1.5357209e-16  4.4325597e-16  5.4140458e-16  -9.9397262e-17  1.0000000   -2.1963071e-16  5.9984352e-17  3.6105691e-16  -2.0955411e-17  -9.9916841e-16  -6.6813888e-16  -4.0290351e-16  3.3927273e-16  1.6749148e-16  -1.8890969e-16  -2.1549928e-16  -7.7669496e-17  1.9670781e-16  1.1183073e-16  -2.7620033e-16  -1.8890671e-16  1.6588013e-16  -2.0265780e-16  -4.3354798e-16  -1.2161658e-16  -1.9794962e-16  -2.7455063e-16  5.3638848e-17  -2.9088579e-16  9.6652216e-17  4.3442239e-17  -1.5357209e-16  4.4325597e-16  5.4140458e-16  -9.9397262e-17  1.0000000   -2.1963071e-16  5.9984352e-17  3.6105691e-16  -2.0955411e-17  -9.9916841e-16  -6.6813888e-16  
4.1633358e-16  -1.0674549e-16  -2.6627129e-17  -7.2447731e-16  1.9552437e-16  3.7262347e-16  6.1528135e-16  7.2358660e-16  -3.8862717e-16  -8.4732151e-16  4.0034071e-16  2.1014449e-16  8.3635679e-16  -4.8104325e-18  2.9477421e-16  -9.5308106e-17  -2.1522460e-16  -8.7023519e-16  2.0690495e-16  1.1395972e-16  -3.9015053e-16  -6.9681063e-16  8.0613708e-16  2.6306619e-16  -2.1963071e-16  1.0000000   7.5531726e-16  -7.5576752e-16  -3.9670855e-16  2.8225672e-16  2.3779100e-16  4.1633358e-16  -1.0674549e-16  -2.6627129e-17  -7.2447731e-16  1.9552437e-16  3.7262347e-16  6.1528135e-16  7.2358660e-16  -3.8862717e-16  -8.4732151e-16  4.0034071e-16  2.1014449e-16  8.3635679e-16  -4.8104325e-18  2.9477421e-16  -9.5308106e-17  -2.1522460e-16  -8.7023519e-16  2.0690495e-16  1.1395972e-16  -3.9015053e-16  -6.9681063e-16  8.0613708e-16  2.6306619e-16  -2.1963071e-16  1.0000000   7.5531726e-16  -7.5576752e-16  -3.9670855e-16  2.8225672e-16  2.3779100e-16  
2.3122702e-16  5.7177059e-16  -6.1900162e-16  -2.0410642e-16  2.0021841e-16  4.6387691e-16  3.6537033e-16  4.3707521e-16  -6.7660412e-16  -7.5170588e-17  -8.5477261e-16  9.8511932e-16  3.9682953e-16  9.7344020e-17  1.8537228e-16  1.6627122e-17  -2.0423336e-16  2.7589941e-16  3.8310339e-16  -4.3435051e-17  6.8974730e-17  -3.3323943e-17  5.5817250e-16  9.7945272e-16  5.9984352e-17  7.5531726e-16  1.0000000   -1.2096835e-15  7.3752687e-17  -3.0564452e-16  -8.0767818e-17  2.3122702e-16  5.7177059e-16  -6.1900162e-16  -2.0410642e-16  2.0021841e-16  4.6387691e-16  3.6537033e-16  4.3707521e-16  -6.7660412e-16  -7.5170588e-17  -8.5477261e-16  9.8511932e-16  3.9682953e-16  9.7344020e-17  1.8537228e-16  1.6627122e-17  -2.0423336e-16  2.7589941e-16  3.8310339e-16  -4.3435051e-17  6.8974730e-17  -3.3323943e-17  5.5817250e-16  9.7945272e-16  5.9984352e-17  7.5531726e-16  1.0000000   -1.2096835e-15  7.3752687e-17  -3.0564452e-16  -8.0767818e-17  
-2.4859771e-16  -1.4122512e-16  -4.3861120e-16  -1.9307963e-16  -9.8194604e-17  -1.4916148e-16  9.0158306e-17  3.1247577e-16  5.0040670e-16  6.5209166e-16  2.8228534e-16  -2.6274590e-16  1.4992574e-16  -5.4550482e-16  -3.3032288e-16  1.1693999e-16  9.7194318e-18  -4.5938059e-16  9.8395782e-17  -7.1961065e-16  -4.5402603e-16  2.9117246e-16  -1.9813308e-16  -7.3096537e-16  3.6105691e-16  -7.5576752e-16  -1.2096835e-15  1.0000000   5.6014029e-16  -3.7529114e-16  1.1995951e-16  -2.4859771e-16  -1.4122512e-16  -4.3861120e-16  -1.9307963e-16  -9.8194604e-17  -1.4916148e-16  9.0158306e-17  3.1247577e-16  5.0040670e-16  6.5209166e-16  2.8228534e-16  -2.6274590e-16  1.4992574e-16  -5.4550482e-16  -3.3032288e-16  1.1693999e-16  9.7194318e-18  -4.5938059e-16  9.8395782e-17  -7.1961065e-16  -4.5402603e-16  2.9117246e-16  -1.9813308e-16  -7.3096537e-16  3.6105691e-16  -7.5576752e-16  -1.2096835e-15  1.0000000   5.6014029e-16  -3.7529114e-16  1.1995951e-16  
-4.1297066e-16  2.5836503e-16  -1.6522671e-16  6.2612319e-16  4.7209529e-17  -4.4398266e-16  -5.6536448e-16  -3.3581912e-16  -4.1712853e-16  8.4909819e-16  -3.4298417e-16  5.5851005e-16  -2.9389516e-16  -2.8693354e-17  -1.5417962e-16  -5.5714522e-16  -8.7416124e-17  3.5784265e-16  -4.7980012e-16  2.8504338e-16  2.0423515e-17  -3.9696461e-16  -2.9519646e-16  5.4200265e-17  -2.0955411e-17  -3.9670855e-16  7.3752687e-17  5.6014029e-16  1.0000000   5.2418360e-16  1.4210096e-16  -4.1297066e-16  2.5836503e-16  -1.6522671e-16  6.2612319e-16  4.7209529e-17  -4.4398266e-16  -5.6536448e-16  -3.3581912e-16  -4.1712853e-16  8.4909819e-16  -3.4298417e-16  5.5851005e-16  -2.9389516e-16  -2.8693354e-17  -1.5417962e-16  -5.5714522e-16  -8.7416124e-17  3.5784265e-16  -4.7980012e-16  2.8504338e-16  2.0423515e-17  -3.9696461e-16  -2.9519646e-16  5.4200265e-17  -2.0955411e-17  -3.9670855e-16  7.3752687e-17  5.6014029e-16  1.0000000   5.2418360e-16  1.4210096e-16  
6.7549058e-16  -5.2473636e-16  -3.0312167e-16  -1.2612594e-16  -1.8884170e-16  4.6076054e-17  5.7022718e-16  -4.1659602e-16  -1.0980505e-16  2.4829561e-16  4.3744052e-16  -2.7145337e-16  -5.8772997e-16  -4.4443475e-17  6.4144980e-17  4.9067037e-16  2.7676917e-16  2.2635734e-16  4.0990879e-16  -1.4037657e-16  2.5819735e-16  7.8999105e-16  3.3916699e-16  5.7408899e-17  -9.9916841e-16  2.8225672e-16  -3.0564452e-16  -3.7529114e-16  5.2418360e-16  1.0000000   -3.6589874e-16  6.7549058e-16  -5.2473636e-16  -3.0312167e-16  -1.2612594e-16  -1.8884170e-16  4.6076054e-17  5.7022718e-16  -4.1659602e-16  -1.0980505e-16  2.4829561e-16  4.3744052e-16  -2.7145337e-16  -5.8772997e-16  -4.4443475e-17  6.4144980e-17  4.9067037e-16  2.7676917e-16  2.2635734e-16  4.0990879e-16  -1.4037657e-16  2.5819735e-16  7.8999105e-16  3.3916699e-16  5.7408899e-17  -9.9916841e-16  2.8225672e-16  -3.0564452e-16  -3.7529114e-16  5.2418360e-16  1.0000000   -3.6589874e-16  
-2.5793029e-16  -8.4366253e-17  1.9675944e-16  -6.3876310e-18  2.7692045e-17  -2.1201756e-16  9.7493259e-16  4.3249321e-16  -6.2647273e-17  5.8553085e-16  5.1687561e-17  -3.4708950e-16  2.1407008e-16  -4.2262368e-17  4.1181696e-16  4.9341725e-16  -5.7453376e-16  -6.4868578e-16  2.5458471e-16  2.6853896e-16  -5.5668841e-16  -3.8638935e-16  1.3902374e-16  -4.2985902e-17  -6.6813888e-16  2.3779100e-16  -8.0767818e-17  1.1995951e-16  1.4210096e-16  -3.6589874e-16  1.0000000   -2.5793029e-16  -8.4366253e-17  1.9675944e-16  -6.3876310e-18  2.7692045e-17  -2.1201756e-16  9.7493259e-16  4.3249321e-16  -6.2647273e-17  5.8553085e-16  5.1687561e-17  -3.4708950e-16  2.1407008e-16  -4.2262368e-17  4.1181696e-16  4.9341725e-16  -5.7453376e-16  -6.4868578e-16  2.5458471e-16  2.6853896e-16  -5.5668841e-16  -3.8638935e-16  1.3902374e-16  -4.2985902e-17  -6.6813888e-16  2.3779100e-16  -8.0767818e-17  1.1995951e-16  1.4210096e-16  -3.6589874e-16  1.0000000   
1.0000000   -6.6599296e-16  1.3800200e-16  1.2981283e-15  4.8613613e-16  -7.0259237e-16  6.8549805e-16  -8.3193472e-16  -3.8932926e-16  -6.3592260e-16  -4.6625610e-16  -1.7064121e-16  -2.1240185e-16  3.1656557e-16  -1.5527864e-16  -7.0689422e-17  5.1263583e-16  -2.0674986e-16  2.2203106e-17  3.7465004e-16  8.4533823e-16  -2.9708299e-16  -5.1481900e-16  -7.1486355e-16  -4.0290351e-16  4.1633358e-16  2.3122702e-16  -2.4859771e-16  -4.1297066e-16  6.7549058e-16  -2.5793029e-16  1.0000000   -6.6599296e-16  1.3800200e-16  1.2981283e-15  4.8613613e-16  -7.0259237e-16  6.8549805e-16  -8.3193472e-16  -3.8932926e-16  -6.3592260e-16  -4.6625610e-16  -1.7064121e-16  -2.1240185e-16  3.1656557e-16  -1.5527864e-16  -7.0689422e-17  5.1263583e-16  -2.0674986e-16  2.2203106e-17  3.7465004e-16  8.4533823e-16  -2.9708299e-16  -5.1481900e-16  -7.1486355e-16  -4.0290351e-16  4.1633358e-16  2.3122702e-16  -2.4859771e-16  -4.1297066e-16  6.7549058e-16  -2.5793029e-16  
-6.6599296e-16  1.0000000   -5.0511541e-16  -2.8982227e-16  3.3607387e-16  4.5356538e-16  -1.7968309e-16  -2.2205273e-16  -8.0060346e-16  2.2377510e-16  -2.2917977e-16  -5.2169184e-17  1.4090715e-16  1.4346472e-16  3.1328022e-16  -1.0432506e-16  2.7114626e-16  6.1986552e-16  3.3340622e-16  -1.7191498e-16  -1.8783058e-16  -1.9130258e-16  1.3512605e-16  -4.4965525e-17  3.3927273e-16  -1.0674549e-16  5.7177059e-16  -1.4122512e-16  2.5836503e-16  -5.2473636e-16  -8.4366253e-17  -6.6599296e-16  1.0000000   -5.0511541e-16  -2.8982227e-16  3.3607387e-16  4.5356538e-16  -1.7968309e-16  -2.2205273e-16  -8.0060346e-16  2.2377510e-16  -2.2917977e-16  -5.2169184e-17  1.4090715e-16  1.4346472e-16  3.1328022e-16  -1.0432506e-16  2.7114626e-16  6.1986552e-16  3.3340622e-16  -1.7191498e-16  -1.8783058e-16  -1.9130258e-16  1.3512605e-16  -4.4965525e-17  3.3927273e-16  -1.0674549e-16  5.7177059e-16  -1.4122512e-16  2.5836503e-16  -5.2473636e-16  -8.4366253e-17  
1.3800200e-16  -5.0511541e-16  1.0000000   -3.8199007e-16  -1.8642085e-16  8.1704112e-17  -2.4246373e-16  5.6218159e-16  7.9486663e-16  4.6177103e-17  3.2236542e-16  2.9787500e-16  4.7318054e-16  1.8754747e-16  -6.5542373e-16  -7.0425152e-17  -3.3531925e-16  -8.7097236e-17  4.8954163e-16  -2.6966068e-17  1.4501712e-16  -4.6523103e-17  -1.1234617e-16  -2.9081694e-16  1.6749148e-16  -2.6627129e-17  -6.1900162e-16  -4.3861120e-16  -1.6522671e-16  -3.0312167e-16  1.9675944e-16  1.3800200e-16  -5.0511541e-16  1.0000000   -3.8199007e-16  -1.8642085e-16  8.1704112e-17  -2.4246373e-16  5.6218159e-16  7.9486663e-16  4.6177103e-17  3.2236542e-16  2.9787500e-16  4.7318054e-16  1.8754747e-16  -6.5542373e-16  -7.0425152e-17  -3.3531925e-16  -8.7097236e-17  4.8954163e-16  -2.6966068e-17  1.4501712e-16  -4.6523103e-17  -1.1234617e-16  -2.9081694e-16  1.6749148e-16  -2.6627129e-17  -6.1900162e-16  -4.3861120e-16  -1.6522671e-16  -3.0312167e-16  1.9675944e-16  
1.2981283e-15  -2.8982227e-16  -3.8199007e-16  1.0000000   -7.3784275e-16  -2.4776305e-16  -2.5996625e-16  2.6617355e-16  5.2174359e-16  2.6612543e-18  5.1141114e-16  -1.3809066e-15  -2.3716136e-16  5.1033484e-16  1.3437544e-16  7.7164700e-17  6.3807569e-16  1.1374690e-15  -6.2291982e-17  -5.9038129e-17  2.9784762e-16  -3.1140478e-16  -1.1342850e-16  2.9294753e-16  -1.8890969e-16  -7.2447731e-16  -2.0410642e-16  -1.9307963e-16  6.2612319e-16  -1.2612594e-16  -6.3876310e-18  1.2981283e-15  -2.8982227e-16  -3.8199007e-16  1.0000000   -7.3784275e-16  -2.4776305e-16  -2.5996625e-16  2.6617355e-16  5.2174359e-16  2.6612543e-18  5.1141114e-16  -1.3809066e-15  -2.3716136e-16  5.1033484e-16  1.3437544e-16  7.7164700e-17  6.3807569e-16  1.1374690e-15  -6.2291982e-17  -5.9038129e-17  2.9784762e-16  -3.1140478e-16  -1.1342850e-16  2.9294753e-16  -1.8890969e-16  -7.2447731e-16  -2.0410642e-16  -1.9307963e-16  6.2612319e-16  -1.2612594e-16  -6.3876310e-18  
4.8613613e-16  3.3607387e-16  -1.8642085e-16  -7.3784275e-16  1.0000000   7.0540281e-17  -5.8853020e-16  1.1908202e-15  6.7548859e-16  -2.6935942e-16  -3.1396160e-16  -1.2965155e-16  1.6591728e-16  4.9520627e-16  -6.5231487e-16  3.2105215e-16  -3.9845368e-16  -3.0593663e-16  -5.1941215e-16  -1.1768757e-16  -5.1137254e-16  2.5283448e-16  2.5311337e-16  4.5430067e-16  -2.1549928e-16  1.9552437e-16  2.0021841e-16  -9.8194604e-17  4.7209529e-17  -1.8884170e-16  2.7692045e-17  4.8613613e-16  3.3607387e-16  -1.8642085e-16  -7.3784275e-16  1.0000000   7.0540281e-17  -5.8853020e-16  1.1908202e-15  6.7548859e-16  -2.6935942e-16  -3.1396160e-16  -1.2965155e-16  1.6591728e-16  4.9520627e-16  -6.5231487e-16  3.2105215e-16  -3.9845368e-16  -3.0593663e-16  -5.1941215e-16  -1.1768757e-16  -5.1137254e-16  2.5283448e-16  2.5311337e-16  4.5430067e-16  -2.1549928e-16  1.9552437e-16  2.0021841e-16  -9.8194604e-17  4.7209529e-17  -1.8884170e-16  2.7692045e-17  
-7.0259237e-16  4.5356538e-16  8.1704112e-17  -2.4776305e-16  7.0540281e-17  1.0000000   4.2253892e-16  -2.9187818e-16  3.2470661e-16  -1.0206712e-16  -9.6315284e-17  2.5891308e-16  -1.5568184e-16  -1.5305349e-16  -4.6564363e-17  6.2408299e-17  -3.5406369e-16  3.4971074e-16  4.0608066e-16  -3.6661542e-16  -4.0628985e-16  3.9290566e-16  -2.4056777e-16  1.2353072e-16  -7.7669496e-17  3.7262347e-16  4.6387691e-16  -1.4916148e-16  -4.4398266e-16  4.6076054e-17  -2.1201756e-16  -7.0259237e-16  4.5356538e-16  8.1704112e-17  -2.4776305e-16  7.0540281e-17  1.0000000   4.2253892e-16  -2.9187818e-16  3.2470661e-16  -1.0206712e-16  -9.6315284e-17  2.5891308e-16  -1.5568184e-16  -1.5305349e-16  -4.6564363e-17  6.2408299e-17  -3.5406369e-16  3.4971074e-16  4.0608066e-16  -3.6661542e-16  -4.0628985e-16  3.9290566e-16  -2.4056777e-16  1.2353072e-16  -7.7669496e-17  3.7262347e-16  4.6387691e-16  -1.4916148e-16  -4.4398266e-16  4.6076054e-17  -2.1201756e-16  
6.8549805e-16  -1.7968309e-16  -2.4246373e-16  -2.5996625e-16  -5.8853020e-16  4.2253892e-16  1.0000000   -3.1188320e-16  -9.5370131e-16  5.5309520e-16  -7.5017273e-16  9.9517949e-17  -2.2335227e-16  -4.7718379e-16  6.2136937e-16  7.1621926e-16  -1.0481718e-16  2.4297260e-16  6.0496418e-17  4.3485533e-17  2.4286692e-16  1.0255019e-15  -4.6289596e-17  5.0857605e-16  1.9670781e-16  6.1528135e-16  3.6537033e-16  9.0158306e-17  -5.6536448e-16  5.7022718e-16  9.7493259e-16  6.8549805e-16  -1.7968309e-16  -2.4246373e-16  -2.5996625e-16  -5.8853020e-16  4.2253892e-16  1.0000000   -3.1188320e-16  -9.5370131e-16  5.5309520e-16  -7.5017273e-16  9.9517949e-17  -2.2335227e-16  -4.7718379e-16  6.2136937e-16  7.1621926e-16  -1.0481718e-16  2.4297260e-16  6.0496418e-17  4.3485533e-17  2.4286692e-16  1.0255019e-15  -4.6289596e-17  5.0857605e-16  1.9670781e-16  6.1528135e-16  3.6537033e-16  9.0158306e-17  -5.6536448e-16  5.7022718e-16  9.7493259e-16  
-8.3193472e-16  -2.2205273e-16  5.6218159e-16  2.6617355e-16  1.1908202e-15  -2.9187818e-16  -3.1188320e-16  1.0000000   1.5067756e-16  -7.7353670e-16  -1.3899572e-16  2.7998632e-16  -6.3405842e-18  5.8130644e-16  3.4575104e-16  -2.1209783e-16  3.5451882e-16  -6.9358687e-17  -7.4843258e-16  -1.3501397e-16  -2.6307481e-17  5.1690599e-18  6.8031503e-18  -4.0231597e-17  1.1183073e-16  7.2358660e-16  4.3707521e-16  3.1247577e-16  -3.3581912e-16  -4.1659602e-16  4.3249321e-16  -8.3193472e-16  -2.2205273e-16  5.6218159e-16  2.6617355e-16  1.1908202e-15  -2.9187818e-16  -3.1188320e-16  1.0000000   1.5067756e-16  -7.7353670e-16  -1.3899572e-16  2.7998632e-16  -6.3405842e-18  5.8130644e-16  3.4575104e-16  -2.1209783e-16  3.5451882e-16  -6.9358687e-17  -7.4843258e-16  -1.3501397e-16  -2.6307481e-17  5.1690599e-18  6.8031503e-18  -4.0231597e-17  1.1183073e-16  7.2358660e-16  4.3707521e-16  3.1247577e-16  -3.3581912e-16  -4.1659602e-16  4.3249321e-16  
-3.8932926e-16  -8.0060346e-16  7.9486663e-16  5.2174359e-16  6.7548859e-16  3.2470661e-16  -9.5370131e-16  1.5067756e-16  1.0000000   -6.7304156e-16  5.9960944e-16  1.2978517e-17  8.0150559e-18  5.5863371e-16  -3.6539860e-16  3.9234343e-16  4.4804041e-16  1.5928377e-16  3.4513817e-16  2.2514516e-16  -6.4779678e-16  1.3985334e-16  -5.5028806e-17  -3.4698595e-16  -2.7620033e-16  -3.8862717e-16  -6.7660412e-16  5.0040670e-16  -4.1712853e-16  -1.0980505e-16  -6.2647273e-17  -3.8932926e-16  -8.0060346e-16  7.9486663e-16  5.2174359e-16  6.7548859e-16  3.2470661e-16  -9.5370131e-16  1.5067756e-16  1.0000000   -6.7304156e-16  5.9960944e-16  1.2978517e-17  8.0150559e-18  5.5863371e-16  -3.6539860e-16  3.9234343e-16  4.4804041e-16  1.5928377e-16  3.4513817e-16  2.2514516e-16  -6.4779678e-16  1.3985334e-16  -5.5028806e-17  -3.4698595e-16  -2.7620033e-16  -3.8862717e-16  -6.7660412e-16  5.0040670e-16  -4.1712853e-16  -1.0980505e-16  -6.2647273e-17  
-6.3592260e-16  2.2377510e-16  4.6177103e-17  2.6612543e-18  -2.6935942e-16  -1.0206712e-16  5.5309520e-16  -7.7353670e-16  -6.7304156e-16  1.0000000   3.4416052e-16  6.8262848e-18  -1.6617598e-16  -1.8475714e-16  -2.2424506e-16  -5.9612228e-16  8.1272877e-17  -5.4746663e-16  4.2443731e-17  -2.2904308e-16  1.6182738e-16  -2.9768973e-17  3.3862356e-17  -4.8490350e-17  -1.8890671e-16  -8.4732151e-16  -7.5170588e-17  6.5209166e-16  8.4909819e-16  2.4829561e-16  5.8553085e-16  -6.3592260e-16  2.2377510e-16  4.6177103e-17  2.6612543e-18  -2.6935942e-16  -1.0206712e-16  5.5309520e-16  -7.7353670e-16  -6.7304156e-16  1.0000000   3.4416052e-16  6.8262848e-18  -1.6617598e-16  -1.8475714e-16  -2.2424506e-16  -5.9612228e-16  8.1272877e-17  -5.4746663e-16  4.2443731e-17  -2.2904308e-16  1.6182738e-16  -2.9768973e-17  3.3862356e-17  -4.8490350e-17  -1.8890671e-16  -8.4732151e-16  -7.5170588e-17  6.5209166e-16  8.4909819e-16  2.4829561e-16  5.8553085e-16  
