1.0000000   -1.2128832e-16  3.3516320e-16  -2.5150376e-16  2.4165003e-17  -8.3725934e-16  4.6732223e-16  1.1596527e-16  -6.6068854e-16  4.9421678e-16  5.0324195e-16  -2.5607381e-16  -2.2425664e-16  2.4817578e-16  6.0192196e-16  -7.3389340e-17  2.0150121e-16  7.9428009e-16  1.7296728e-16  -5.7435314e-16  -2.7532626e-16  -2.1357375e-16  -4.9418441e-16  -7.8026968e-16  -7.1214975e-16  -1.9452681e-16  -5.2883095e-16  -5.6789178e-17  3.7605768e-16  1.9708312e-16  3.7500261e-16  1.0000000   -1.2128832e-16  3.3516320e-16  -2.5150376e-16  2.4165003e-17  -8.3725934e-16  4.6732223e-16  1.1596527e-16  -6.6068854e-16  4.9421678e-16  5.0324195e-16  -2.5607381e-16  -2.2425664e-16  2.4817578e-16  6.0192196e-16  -7.3389340e-17  2.0150121e-16  7.9428009e-16  1.7296728e-16  -5.7435314e-16  -2.7532626e-16  -2.1357375e-16  -4.9418441e-16  -7.8026968e-16  -7.1214975e-16  -1.9452681e-16  -5.2883095e-16  -5.6789178e-17  3.7605768e-16  1.9708312e-16  3.7500261e-16  
-1.2128832e-16  1.0000000   -1.3084412e-16  1.6150815e-16  -1.4971013e-16  3.3147931e-16  -6.3452674e-16  9.8338669e-17  1.1504938e-16  4.6056473e-16  7.5889448e-16  3.8330639e-16  1.7494839e-16  9.4494585e-17  5.3272271e-16  8.9550226e-17  -7.2018303e-16  -7.8260888e-17  2.6737590e-16  3.6650643e-16  6.8724329e-16  2.2908078e-16  5.1674964e-16  5.1311767e-16  6.7012515e-18  -3.6690453e-16  -2.9372557e-16  9.1101744e-16  1.5471160e-16  -3.4416518e-16  1.7692552e-16  -1.2128832e-16  1.0000000   -1.3084412e-16  1.6150815e-16  -1.4971013e-16  3.3147931e-16  -6.3452674e-16  9.8338669e-17  1.1504938e-16  4.6056473e-16  7.5889448e-16  3.8330639e-16  1.7494839e-16  9.4494585e-17  5.3272271e-16  8.9550226e-17  -7.2018303e-16  -7.8260888e-17  2.6737590e-16  3.6650643e-16  6.8724329e-16  2.2908078e-16  5.1674964e-16  5.1311767e-16  6.7012515e-18  -3.6690453e-16  -2.9372557e-16  9.1101744e-16  1.5471160e-16  -3.4416518e-16  1.7692552e-16  
3.3516320e-16  -1.3084412e-16  1.0000000   1.2955165e-16  8.2864904e-16  9.0687514e-17  -3.9270100e-16  3.3755471e-16  1.0776571e-16  -6.0073306e-16  3.2193022e-16  3.3845928e-17  8.9910992e-18  -7.6128042e-16  3.3139592e-16  -6.9716474e-16  6.4712782e-16  8.2684313e-16  4.8695614e-17  1.8855746e-16  9.4622393e-17  5.4973480e-16  2.4127499e-16  -5.1512937e-17  7.3768071e-16  7.5451981e-17  2.1811726e-16  6.6670658e-18  -3.4352153e-16  -4.1335727e-16  1.4153282e-16  3.3516320e-16  -1.3084412e-16  1.0000000   1.2955165e-16  8.2864904e-16  9.0687514e-17  -3.9270100e-16  3.3755471e-16  1.0776571e-16  -6.0073306e-16  3.2193022e-16  3.3845928e-17  8.9910992e-18  -7.6128042e-16  3.3139592e-16  -6.9716474e-16  6.4712782e-16  8.2684313e-16  4.8695614e-17  1.8855746e-16  9.4622393e-17  5.4973480e-16  2.4127499e-16  -5.1512937e-17  7.3768071e-16  7.5451981e-17  2.1811726e-16  6.6670658e-18  -3.4352153e-16  -4.1335727e-16  1.4153282e-16  
-2.5150376e-16  1.6150815e-16  1.2955165e-16  1.0000000   -4.4432956e-16  3.8073649e-16  2.6266666e-16  -3.3167202e-16  -8.8876285e-17  3.2186331e-16  -3.2040146e-16  -2.4331337e-16  2.7302122e-16  -6.3668850e-16  4.1877024e-16  1.8406400e-16  -3.4911317e-17  -1.0767296e-16  -3.7815512e-16  -4.6562644e-16  3.0546933e-16  -4.5603523e-16  2.5852414e-16  -3.2608383e-16  -1.2899385e-18  3.2816668e-16  -2.6568022e-17  -7.3886912e-16  -5.2874110e-16  1.5446949e-17  -4.7058973e-16  -2.5150376e-16  1.6150815e-16  1.2955165e-16  1.0000000   -4.4432956e-16  3.8073649e-16  2.6266666e-16  -3.3167202e-16  -8.8876285e-17  3.2186331e-16  -3.2040146e-16  -2.4331337e-16  2.7302122e-16  -6.3668850e-16  4.1877024e-16  1.8406400e-16  -3.4911317e-17  -1.0767296e-16  -3.7815512e-16  -4.6562644e-16  3.0546933e-16  -4.5603523e-16  2.5852414e-16  -3.2608383e-16  -1.2899385e-18  3.2816668e-16  -2.6568022e-17  -7.3886912e-16  -5.2874110e-16  1.5446949e-17  -4.7058973e-16  
2.4165003e-17  -1.4971013e-16  8.2864904e-16  -4.4432956e-16  1.0000000   -6.6337263e-16  5.9962832e-16  1.1566738e-16  -6.1075705e-16  -3.6263595e-16  1.8484606e-16  1.9267269e-16  -3.2535752e-16  -2.4854028e-16  -1.3005719e-16  2.5129414e-16  -2.8749178e-17  -4.0388283e-16  -1.0927259e-15  2.3614896e-16  1.0675962e-16  -2.8707053e-16  1.1608893e-15  5.3861929e-16  -2.5273751e-16  1.2024487e-16  -7.2704992e-17  -1.2305953e-17  -2.3399704e-16  -4.5336593e-16  4.8030308e-17  2.4165003e-17  -1.4971013e-16  8.2864904e-16  -4.4432956e-16  1.0000000   -6.6337263e-16  5.9962832e-16  1.1566738e-16  -6.1075705e-16  -3.6263595e-16  1.8484606e-16  1.9267269e-16  -3.2535752e-16  -2.4854028e-16  -1.3005719e-16  2.5129414e-16  -2.8749178e-17  -4.0388283e-16  -1.0927259e-15  2.3614896e-16  1.0675962e-16  -2.8707053e-16  1.1608893e-15  5.3861929e-16  -2.5273751e-16  1.2024487e-16  -7.2704992e-17  -1.2305953e-17  -2.3399704e-16  -4.5336593e-16  4.8030308e-17  
-8.3725934e-16  3.3147931e-16  9.0687514e-17  3.8073649e-16  -6.6337263e-16  1.0000000   1.9771291e-16  5.1312235e-16  -1.2612370e-16  3.4130868e-16  -8.3803003e-16  3.1540999e-16  3.3638168e-16  2.5314893e-17  1.2182806e-15  1.1358667e-15  2.3690841e-16  1.7008117e-16  -2.5031779e-16  2.0225931e-17  2.0170879e-16  6.5728831e-16  -3.5598496e-16  1.3171569e-16  1.4005318e-16  -5.9435871e-16  1.5893544e-16  3.9259258e-16  -1.1096208e-16  1.1096880e-16  -3.6375226e-16  -8.3725934e-16  3.3147931e-16  9.0687514e-17  3.8073649e-16  -6.6337263e-16  1.0000000   1.9771291e-16  5.1312235e-16  -1.2612370e-16  3.4130868e-16  -8.3803003e-16  3.1540999e-16  3.3638168e-16  2.5314893e-17  1.2182806e-15  1.1358667e-15  2.3690841e-16  1.7008117e-16  -2.5031779e-16  2.0225931e-17  2.0170879e-16  6.5728831e-16  -3.5598496e-16  1.3171569e-16  1.4005318e-16  -5.9435871e-16  1.5893544e-16  3.9259258e-16  -1.1096208e-16  1.1096880e-16  -3.6375226e-16  
4.6732223e-16  -6.3452674e-16  -3.9270100e-16  2.6266666e-16  5.9962832e-16  1.9771291e-16  1.0000000   -4.8139658e-16  4.8700072e-16  2.7264322e-16  3.9411038e-16  7.4253435e-16  8.7963284e-16  3.9820298e-16  4.0051686e-16  -6.1424436e-16  2.6686097e-16  3.4039006e-16  6.5252334e-16  -7.1177056e-16  -3.2446910e-16  3.6477097e-16  1.0560420e-16  2.9676626e-16  3.1842022e-16  1.1172143e-15  -4.2926202e-16  -4.6429305e-16  -2.0899811e-16  -1.1228537e-16  -4.2835466e-16  4.6732223e-16  -6.3452674e-16  -3.9270100e-16  2.6266666e-16  5.9962832e-16  1.9771291e-16  1.0000000   -4.8139658e-16  4.8700072e-16  2.7264322e-16  3.9411038e-16  7.4253435e-16  8.7963284e-16  3.9820298e-16  4.0051686e-16  -6.1424436e-16  2.6686097e-16  3.4039006e-16  6.5252334e-16  -7.1177056e-16  -3.2446910e-16  3.6477097e-16  1.0560420e-16  2.9676626e-16  3.1842022e-16  1.1172143e-15  -4.2926202e-16  -4.6429305e-16  -2.0899811e-16  -1.1228537e-16  -4.2835466e-16  
1.1596527e-16  9.8338669e-17  3.3755471e-16  -3.3167202e-16  1.1566738e-16  5.1312235e-16  -4.8139658e-16  1.0000000   5.6582383e-16  8.8235386e-17  -2.4803345e-16  -4.8753651e-16  5.3710129e-16  9.1299961e-17  3.6619298e-16  -2.0276667e-16  -6.9165229e-16  -2.6070198e-17  -3.1639974e-17  4.9767325e-16  -1.7926066e-16  -2.2896486e-16  -6.9220188e-16  1.3479561e-16  6.3955981e-16  -2.4882580e-16  -3.8468286e-16  -8.3976137e-17  7.0846909e-16  1.2455950e-18  6.0225262e-16  1.1596527e-16  9.8338669e-17  3.3755471e-16  -3.3167202e-16  1.1566738e-16  5.1312235e-16  -4.8139658e-16  1.0000000   5.6582383e-16  8.8235386e-17  -2.4803345e-16  -4.8753651e-16  5.3710129e-16  9.1299961e-17  3.6619298e-16  -2.0276667e-16  -6.9165229e-16  -2.6070198e-17  -3.1639974e-17  4.9767325e-16  -1.7926066e-16  -2.2896486e-16  -6.9220188e-16  1.3479561e-16  6.3955981e-16  -2.4882580e-16  -3.8468286e-16  -8.3976137e-17  7.0846909e-16  1.2455950e-18  6.0225262e-16  
-6.6068854e-16  1.1504938e-16  1.0776571e-16  -8.8876285e-17  -6.1075705e-16  -1.2612370e-16  4.8700072e-16  5.6582383e-16  1.0000000   9.0092532e-17  1.6605564e-16  1.2378121e-16  8.9288823e-16  3.6730258e-16  5.4053141e-16  -3.5569079e-16  -2.9692225e-16  5.9584862e-16  -3.8609576e-16  6.0322839e-16  7.1450429e-17  1.0641248e-16  1.2797829e-16  6.1251111e-16  1.0563207e-16  1.4819378e-16  -8.9486476e-16  -4.8806930e-16  -8.5562177e-16  -2.1161897e-16  -4.6739758e-16  -6.6068854e-16  1.1504938e-16  1.0776571e-16  -8.8876285e-17  -6.1075705e-16  -1.2612370e-16  4.8700072e-16  5.6582383e-16  1.0000000   9.0092532e-17  1.6605564e-16  1.2378121e-16  8.9288823e-16  3.6730258e-16  5.4053141e-16  -3.5569079e-16  -2.9692225e-16  5.9584862e-16  -3.8609576e-16  6.0322839e-16  7.1450429e-17  1.0641248e-16  1.2797829e-16  6.1251111e-16  1.0563207e-16  1.4819378e-16  -8.9486476e-16  -4.8806930e-16  -8.5562177e-16  -2.1161897e-16  -4.6739758e-16  
4.9421678e-16  4.6056473e-16  -6.0073306e-16  3.2186331e-16  -3.6263595e-16  3.4130868e-16  2.7264322e-16  8.8235386e-17  9.0092532e-17  1.0000000   2.7047213e-16  5.1632670e-16  3.5980731e-17  -3.7733263e-16  -2.2565306e-16  5.7594556e-16  -1.9785066e-16  3.9688407e-16  -1.3374677e-16  -3.7499253e-16  -7.7142052e-16  4.0272721e-16  -5.8466555e-16  -3.3540513e-16  5.5253955e-16  4.0890181e-16  -1.8215652e-16  -5.2691284e-16  -2.3351183e-16  -7.3810948e-16  -2.0715428e-16  4.9421678e-16  4.6056473e-16  -6.0073306e-16  3.2186331e-16  -3.6263595e-16  3.4130868e-16  2.7264322e-16  8.8235386e-17  9.0092532e-17  1.0000000   2.7047213e-16  5.1632670e-16  3.5980731e-17  -3.7733263e-16  -2.2565306e-16  5.7594556e-16  -1.9785066e-16  3.9688407e-16  -1.3374677e-16  -3.7499253e-16  -7.7142052e-16  4.0272721e-16  -5.8466555e-16  -3.3540513e-16  5.5253955e-16  4.0890181e-16  -1.8215652e-16  -5.2691284e-16  -2.3351183e-16  -7.3810948e-16  -2.0715428e-16  
5.0324195e-16  7.5889448e-16  3.2193022e-16  -3.2040146e-16  1.8484606e-16  -8.3803003e-16  3.9411038e-16  -2.4803345e-16  1.6605564e-16  2.7047213e-16  1.0000000   -2.5364596e-16  -4.2006939e-16  6.3126701e-16  -6.9778289e-16  -2.8974540e-16  1.9506636e-16  1.5866497e-16  -5.8709037e-16  -5.0926732e-16  -4.4519115e-16  -6.7295251e-16  -2.9647480e-16  5.3976550e-16  4.9243433e-16  2.0004986e-16  -5.1373413e-16  -1.8311661e-17  -3.8608431e-16  -2.7402886e-16  4.8873260e-16  5.0324195e-16  7.5889448e-16  3.2193022e-16  -3.2040146e-16  1.8484606e-16  -8.3803003e-16  3.9411038e-16  -2.4803345e-16  1.6605564e-16  2.7047213e-16  1.0000000   -2.5364596e-16  -4.2006939e-16  6.3126701e-16  -6.9778289e-16  -2.8974540e-16  1.9506636e-16  1.5866497e-16  -5.8709037e-16  -5.0926732e-16  -4.4519115e-16  -6.7295251e-16  -2.9647480e-16  5.3976550e-16  4.9243433e-16  2.0004986e-16  -5.1373413e-16  -1.8311661e-17  -3.8608431e-16  -2.7402886e-16  4.8873260e-16  
-2.5607381e-16  3.8330639e-16  3.3845928e-17  -2.4331337e-16  1.9267269e-16  3.1540999e-16  7.4253435e-16  -4.8753651e-16  1.2378121e-16  5.1632670e-16  -2.5364596e-16  1.0000000   4.1159500e-16  -2.3598511e-16  -7.4238187e-16  5.4168616e-16  1.5068992e-16  -1.4590084e-16  4.2029373e-16  -6.1570255e-16  -4.0839865e-16  3.1474925e-16  -4.1124331e-16  -1.1571902e-16  -3.4659083e-16  3.5813485e-16  2.9038181e-17  6.6509915e-17  2.1910643e-16  -7.6040240e-16  -2.2312065e-17  -2.5607381e-16  3.8330639e-16  3.3845928e-17  -2.4331337e-16  1.9267269e-16  3.1540999e-16  7.4253435e-16  -4.8753651e-16  1.2378121e-16  5.1632670e-16  -2.5364596e-16  1.0000000   4.1159500e-16  -2.3598511e-16  -7.4238187e-16  5.4168616e-16  1.5068992e-16  -1.4590084e-16  4.2029373e-16  -6.1570255e-16  -4.0839865e-16  3.1474925e-16  -4.1124331e-16  -1.1571902e-16  -3.4659083e-16  3.5813485e-16  2.9038181e-17  6.6509915e-17  2.1910643e-16  -7.6040240e-16  -2.2312065e-17  
-2.2425664e-16  1.7494839e-16  8.9910992e-18  2.7302122e-16  -3.2535752e-16  3.3638168e-16  8.7963284e-16  5.3710129e-16  8.9288823e-16  3.5980731e-17  -4.2006939e-16  4.1159500e-16  1.0000000   -1.6365460e-16  -5.9783033e-16  1.3517719e-16  1.8951532e-16  -1.0986380e-15  -1.1022903e-16  -2.9495087e-16  -3.7902631e-16  1.6193791e-16  4.4668482e-16  -2.1587812e-16  -2.5945937e-16  2.9948003e-16  6.0498931e-16  -9.1443308e-17  -2.5017086e-16  -9.0762690e-16  -3.0138308e-16  -2.2425664e-16  1.7494839e-16  8.9910992e-18  2.7302122e-16  -3.2535752e-16  3.3638168e-16  8.7963284e-16  5.3710129e-16  8.9288823e-16  3.5980731e-17  -4.2006939e-16  4.1159500e-16  1.0000000   -1.6365460e-16  -5.9783033e-16  1.3517719e-16  1.8951532e-16  -1.0986380e-15  -1.1022903e-16  -2.9495087e-16  -3.7902631e-16  1.6193791e-16  4.4668482e-16  -2.1587812e-16  -2.5945937e-16  2.9948003e-16  6.0498931e-16  -9.1443308e-17  -2.5017086e-16  -9.0762690e-16  -3.0138308e-16  
2.4817578e-16  9.4494585e-17  -7.6128042e-16  -6.3668850e-16  -2.4854028e-16  2.5314893e-17  3.9820298e-16  9.1299961e-17  3.6730258e-16  -3.7733263e-16  6.3126701e-16  -2.3598511e-16  -1.6365460e-16  1.0000000   -1.2744787e-15  5.4420432e-17  -2.4296423e-16  4.0268136e-16  -1.6696785e-16  2.7537749e-17  4.0240699e-16  6.3762786e-16  2.8499137e-16  -5.1061922e-16  4.4438598e-16  -3.1084790e-16  5.8054305e-16  -1.3773105e-16  6.6611243e-17  6.6452964e-17  -4.0908314e-16  2.4817578e-16  9.4494585e-17  -7.6128042e-16  -6.3668850e-16  -2.4854028e-16  2.5314893e-17  3.9820298e-16  9.1299961e-17  3.6730258e-16  -3.7733263e-16  6.3126701e-16  -2.3598511e-16  -1.6365460e-16  1.0000000   -1.2744787e-15  5.4420432e-17  -2.4296423e-16  4.0268136e-16  -1.6696785e-16  2.7537749e-17  4.0240699e-16  6.3762786e-16  2.8499137e-16  -5.1061922e-16  4.4438598e-16  -3.1084790e-16  5.8054305e-16  -1.3773105e-16  6.6611243e-17  6.6452964e-17  -4.0908314e-16  
6.0192196e-16  5.3272271e-16  3.3139592e-16  4.1877024e-16  -1.3005719e-16  1.2182806e-15  4.0051686e-16  3.6619298e-16  5.4053141e-16  -2.2565306e-16  -6.9778289e-16  -7.4238187e-16  -5.9783033e-16  -1.2744787e-15  1.0000000   2.2316700e-16  9.1153912e-17  4.9170752e-16  -1.1728917e-15  -1.6129470e-16  -4.1253151e-16  3.8593951e-17  -4.2774899e-17  4.0401882e-16  5.7393103e-16  -2.7206873e-16  -4.4149616e-17  -3.2989869e-16  3.8477951e-16  1.5963054e-16  6.0928992e-17  6.0192196e-16  5.3272271e-16  3.3139592e-16  4.1877024e-16  -1.3005719e-16  1.2182806e-15  4.0051686e-16  3.6619298e-16  5.4053141e-16  -2.2565306e-16  -6.9778289e-16  -7.4238187e-16  -5.9783033e-16  -1.2744787e-15  1.0000000   2.2316700e-16  9.1153912e-17  4.9170752e-16  -1.1728917e-15  -1.6129470e-16  -4.1253151e-16  3.8593951e-17  -4.2774899e-17  4.0401882e-16  5.7393103e-16  -2.7206873e-16  -4.4149616e-17  -3.2989869e-16  3.8477951e-16  1.5963054e-16  6.0928992e-17  
-7.3389340e-17  8.9550226e-17  -6.9716474e-16  1.8406400e-16  2.5129414e-16  1.1358667e-15  -6.1424436e-16  -2.0276667e-16  -3.5569079e-16  5.7594556e-16  -2.8974540e-16  5.4168616e-16  1.3517719e-16  5.4420432e-17  2.2316700e-16  1.0000000   -8.1708431e-16  -1.9092238e-16  -5.5611612e-16  -1.8422906e-16  6.3282912e-16  3.7498554e-16  1.4972407e-16  5.7857401e-16  -1.9630889e-16  -4.8923118e-17  -1.9518052e-16  1.8339838e-16  -3.9259501e-17  -4.8915079e-16  -4.1186193e-16  -7.3389340e-17  8.9550226e-17  -6.9716474e-16  1.8406400e-16  2.5129414e-16  1.1358667e-15  -6.1424436e-16  -2.0276667e-16  -3.5569079e-16  5.7594556e-16  -2.8974540e-16  5.4168616e-16  1.3517719e-16  5.4420432e-17  2.2316700e-16  1.0000000   -8.1708431e-16  -1.9092238e-16  -5.5611612e-16  -1.8422906e-16  6.3282912e-16  3.7498554e-16  1.4972407e-16  5.7857401e-16  -1.9630889e-16  -4.8923118e-17  -1.9518052e-16  1.8339838e-16  -3.9259501e-17  -4.8915079e-16  -4.1186193e-16  
2.0150121e-16  -7.2018303e-16  6.4712782e-16  -3.4911317e-17  -2.8749178e-17  2.3690841e-16  2.6686097e-16  -6.9165229e-16  -2.9692225e-16  -1.9785066e-16  1.9506636e-16  1.5068992e-16  1.8951532e-16  -2.4296423e-16  9.1153912e-17  -8.1708431e-16  1.0000000   -2.3325822e-16  1.0312798e-16  -8.3159845e-16  -1.7206127e-16  -1.7005689e-17  1.0657607e-17  -1.7613618e-16  -1.5376692e-16  1.5271544e-17  1.0588630e-16  3.9869017e-16  5.4787819e-16  -2.3788983e-16  3.8181474e-17  2.0150121e-16  -7.2018303e-16  6.4712782e-16  -3.4911317e-17  -2.8749178e-17  2.3690841e-16  2.6686097e-16  -6.9165229e-16  -2.9692225e-16  -1.9785066e-16  1.9506636e-16  1.5068992e-16  1.8951532e-16  -2.4296423e-16  9.1153912e-17  -8.1708431e-16  1.0000000   -2.3325822e-16  1.0312798e-16  -8.3159845e-16  -1.7206127e-16  -1.7005689e-17  1.0657607e-17  -1.7613618e-16  -1.5376692e-16  1.5271544e-17  1.0588630e-16  3.9869017e-16  5.4787819e-16  -2.3788983e-16  3.8181474e-17  
7.9428009e-16  -7.8260888e-17  8.2684313e-16  -1.0767296e-16  -4.0388283e-16  1.7008117e-16  3.4039006e-16  -2.6070198e-17  5.9584862e-16  3.9688407e-16  1.5866497e-16  -1.4590084e-16  -1.0986380e-15  4.0268136e-16  4.9170752e-16  -1.9092238e-16  -2.3325822e-16  1.0000000   5.1398279e-16  -1.3317855e-16  6.9161527e-17  -8.1302570e-17  -2.7036099e-16  3.7991564e-16  6.7422188e-17  -5.9439045e-16  4.1792598e-16  1.1267086e-16  3.6255117e-16  5.8006977e-16  4.3416473e-16  7.9428009e-16  -7.8260888e-17  8.2684313e-16  -1.0767296e-16  -4.0388283e-16  1.7008117e-16  3.4039006e-16  -2.6070198e-17  5.9584862e-16  3.9688407e-16  1.5866497e-16  -1.4590084e-16  -1.0986380e-15  4.0268136e-16  4.9170752e-16  -1.9092238e-16  -2.3325822e-16  1.0000000   5.1398279e-16  -1.3317855e-16  6.9161527e-17  -8.1302570e-17  -2.7036099e-16  3.7991564e-16  6.7422188e-17  -5.9439045e-16  4.1792598e-16  1.1267086e-16  3.6255117e-16  5.8006977e-16  4.3416473e-16  
1.7296728e-16  2.6737590e-16  4.8695614e-17  -3.7815512e-16  -1.0927259e-15  -2.5031779e-16  6.5252334e-16  -3.1639974e-17  -3.8609576e-16  -1.3374677e-16  -5.8709037e-16  4.2029373e-16  -1.1022903e-16  -1.6696785e-16  -1.1728917e-15  -5.5611612e-16  1.0312798e-16  5.1398279e-16  1.0000000   -3.3715645e-17  -3.6563035e-16  3.0179287e-16  -3.4121349e-16  -2.4405489e-16  -4.9325348e-16  4.7944089e-18  -3.2894848e-16  5.0274061e-18  -7.6084386e-16  -2.5150592e-16  5.6997441e-16  1.7296728e-16  2.6737590e-16  4.8695614e-17  -3.7815512e-16  -1.0927259e-15  -2.5031779e-16  6.5252334e-16  -3.1639974e-17  -3.8609576e-16  -1.3374677e-16  -5.8709037e-16  4.2029373e-16  -1.1022903e-16  -1.6696785e-16  -1.1728917e-15  -5.5611612e-16  1.0312798e-16  5.1398279e-16  1.0000000   -3.3715645e-17  -3.6563035e-16  3.0179287e-16  -3.4121349e-16  -2.4405489e-16  -4.9325348e-16  4.7944089e-18  -3.2894848e-16  5.0274061e-18  -7.6084386e-16  -2.5150592e-16  5.6997441e-16  
-5.7435314e-16  3.6650643e-16  1.8855746e-16  -4.6562644e-16  2.3614896e-16  2.0225931e-17  -7.1177056e-16  4.9767325e-16  6.0322839e-16  -3.7499253e-16  -5.0926732e-16  -6.1570255e-16  -2.9495087e-16  2.7537749e-17  -1.6129470e-16  -1.8422906e-16  -8.3159845e-16  -1.3317855e-16  -3.3715645e-17  1.0000000   2.0410734e-16  -2.6917575e-16  4.8614073e-17  -8.4434163e-18  2.4859286e-16  -3.1226674e-16  4.8607287e-16  -8.6713294e-17  -8.1150123e-16  -1.6124928e-16  6.5950404e-17  -5.7435314e-16  3.6650643e-16  1.8855746e-16  -4.6562644e-16  2.3614896e-16  2.0225931e-17  -7.1177056e-16  4.9767325e-16  6.0322839e-16  -3.7499253e-16  -5.0926732e-16  -6.1570255e-16  -2.9495087e-16  2.7537749e-17  -1.6129470e-16  -1.8422906e-16  -8.3159845e-16  -1.3317855e-16  -3.3715645e-17  1.0000000   2.0410734e-16  -2.6917575e-16  4.8614073e-17  -8.4434163e-18  2.4859286e-16  -3.1226674e-16  4.8607287e-16  -8.6713294e-17  -8.1150123e-16  -1.6124928e-16  6.5950404e-17  
-2.7532626e-16  6.8724329e-16  9.4622393e-17  3.0546933e-16  1.0675962e-16  2.0170879e-16  -3.2446910e-16  -1.7926066e-16  7.1450429e-17  -7.7142052e-16  -4.4519115e-16  -4.0839865e-16  -3.7902631e-16  4.0240699e-16  -4.1253151e-16  6.3282912e-16  -1.7206127e-16  6.9161527e-17  -3.6563035e-16  2.0410734e-16  1.0000000   1.2744293e-16  -2.6567117e-16  3.5257668e-17  2.6784968e-16  -2.8803790e-17  1.5147495e-16  4.2289385e-16  -3.3587306e-16  1.2212325e-16  -2.6131938e-17  -2.7532626e-16  6.8724329e-16  9.4622393e-17  3.0546933e-16  1.0675962e-16  2.0170879e-16  -3.2446910e-16  -1.7926066e-16  7.1450429e-17  -7.7142052e-16  -4.4519115e-16  -4.0839865e-16  -3.7902631e-16  4.0240699e-16  -4.1253151e-16  6.3282912e-16  -1.7206127e-16  6.9161527e-17  -3.6563035e-16  2.0410734e-16  1.0000000   1.2744293e-16  -2.6567117e-16  3.5257668e-17  2.6784968e-16  -2.8803790e-17  1.5147495e-16  4.2289385e-16  -3.3587306e-16  1.2212325e-16  -2.6131938e-17  
-2.1357375e-16  2.2908078e-16  5.4973480e-16  -4.5603523e-16  -2.8707053e-16  6.5728831e-16  3.6477097e-16  -2.2896486e-16  1.0641248e-16  4.0272721e-16  -6.7295251e-16  3.1474925e-16  1.6193791e-16  6.3762786e-16  3.8593951e-17  3.7498554e-16  -1.7005689e-17  -8.1302570e-17  3.0179287e-16  -2.6917575e-16  1.2744293e-16  1.0000000   -8.6869601e-16  5.0886178e-16  -3.0181922e-16  8.1853636e-16  -1.7236840e-16  -5.7449680e-17  -2.7898570e-16  -1.2544823e-16  9.3014380e-17  -2.1357375e-16  2.2908078e-16  5.4973480e-16  -4.5603523e-16  -2.8707053e-16  6.5728831e-16  3.6477097e-16  -2.2896486e-16  1.0641248e-16  4.0272721e-16  -6.7295251e-16  3.1474925e-16  1.6193791e-16  6.3762786e-16  3.8593951e-17  3.7498554e-16  -1.7005689e-17  -8.1302570e-17  3.0179287e-16  -2.6917575e-16  1.2744293e-16  1.0000000   -8.6869601e-16  5.0886178e-16  -3.0181922e-16  8.1853636e-16  -1.7236840e-16  -5.7449680e-17  -2.7898570e-16  -1.2544823e-16  9.3014380e-17  
-4.9418441e-16  5.1674964e-16  2.4127499e-16  2.5852414e-16  1.1608893e-15  -3.5598496e-16  1.0560420e-16  -6.9220188e-16  1.2797829e-16  -5.8466555e-16  -2.9647480e-16  -4.1124331e-16  4.4668482e-16  2.8499137e-16  -4.2774899e-17  1.4972407e-16  1.0657607e-17  -2.7036099e-16  -3.4121349e-16  4.8614073e-17  -2.6567117e-16  -8.6869601e-16  1.0000000   6.6866296e-16  3.9347768e-16  1.2604181e-16  -1.5002065e-16  -8.8279216e-17  3.9720128e-16  3.1838716e-16  -2.1671741e-16  -4.9418441e-16  5.1674964e-16  2.4127499e-16  2.5852414e-16  1.1608893e-15  -3.5598496e-16  1.0560420e-16  -6.9220188e-16  1.2797829e-16  -5.8466555e-16  -2.9647480e-16  -4.1124331e-16  4.4668482e-16  2.8499137e-16  -4.2774899e-17  1.4972407e-16  1.0657607e-17  -2.7036099e-16  -3.4121349e-16  4.8614073e-17  -2.6567117e-16  -8.6869601e-16  1.0000000   6.6866296e-16  3.9347768e-16  1.2604181e-16  -1.5002065e-16  -8.8279216e-17  3.9720128e-16  3.1838716e-16  -2.1671741e-16  
-7.8026968e-16  5.1311767e-16  -5.1512937e-17  -3.2608383e-16  5.3861929e-16  1.3171569e-16  2.9676626e-16  1.3479561e-16  6.1251111e-16  -3.3540513e-16  5.3976550e-16  -1.1571902e-16  -2.1587812e-16  -5.1061922e-16  4.0401882e-16  5.7857401e-16  -1.7613618e-16  3.7991564e-16  -2.4405489e-16  -8.4434163e-18  3.5257668e-17  5.0886178e-16  6.6866296e-16  1.0000000   5.0752812e-16  8.6635349e-17  -8.6188680e-16  -5.7825160e-16  2.0120630e-16  7.1217127e-16  -2.4533710e-16  -7.8026968e-16  5.1311767e-16  -5.1512937e-17  -3.2608383e-16  5.3861929e-16  1.3171569e-16  2.9676626e-16  1.3479561e-16  6.1251111e-16  -3.3540513e-16  5.3976550e-16  -1.1571902e-16  -2.1587812e-16  -5.1061922e-16  4.0401882e-16  5.7857401e-16  -1.7613618e-16  3.7991564e-16  -2.4405489e-16  -8.4434163e-18  3.5257668e-17  5.0886178e-16  6.6866296e-16  1.0000000   5.0752812e-16  8.6635349e-17  -8.6188680e-16  -5.7825160e-16  2.0120630e-16  7.1217127e-16  -2.4533710e-16  
-7.1214975e-16  6.7012515e-18  7.3768071e-16  -1.2899385e-18  -2.5273751e-16  1.4005318e-16  3.1842022e-16  6.3955981e-16  1.0563207e-16  5.5253955e-16  4.9243433e-16  -3.4659083e-16  -2.5945937e-16  4.4438598e-16  5.7393103e-16  -1.9630889e-16  -1.5376692e-16  6.7422188e-17  -4.9325348e-16  2.4859286e-16  2.6784968e-16  -3.0181922e-16  3.9347768e-16  5.0752812e-16  1.0000000   -1.2623535e-16  5.6915185e-16  -5.1481920e-16  -6.6933533e-16  6.4907405e-16  8.6600506e-17  -7.1214975e-16  6.7012515e-18  7.3768071e-16  -1.2899385e-18  -2.5273751e-16  1.4005318e-16  3.1842022e-16  6.3955981e-16  1.0563207e-16  5.5253955e-16  4.9243433e-16  -3.4659083e-16  -2.5945937e-16  4.4438598e-16  5.7393103e-16  -1.9630889e-16  -1.5376692e-16  6.7422188e-17  -4.9325348e-16  2.4859286e-16  2.6784968e-16  -3.0181922e-16  3.9347768e-16  5.0752812e-16  1.0000000   -1.2623535e-16  5.6915185e-16  -5.1481920e-16  -6.6933533e-16  6.4907405e-16  8.6600506e-17  
-1.9452681e-16  -3.6690453e-16  7.5451981e-17  3.2816668e-16  1.2024487e-16  -5.9435871e-16  1.1172143e-15  -2.4882580e-16  1.4819378e-16  4.0890181e-16  2.0004986e-16  3.5813485e-16  2.9948003e-16  -3.1084790e-16  -2.7206873e-16  -4.8923118e-17  1.5271544e-17  -5.9439045e-16  4.7944089e-18  -3.1226674e-16  -2.8803790e-17  8.1853636e-16  1.2604181e-16  8.6635349e-17  -1.2623535e-16  1.0000000   5.2116936e-16  -1.2885243e-16  -1.3906208e-17  4.0911685e-16  2.8061705e-17  -1.9452681e-16  -3.6690453e-16  7.5451981e-17  3.2816668e-16  1.2024487e-16  -5.9435871e-16  1.1172143e-15  -2.4882580e-16  1.4819378e-16  4.0890181e-16  2.0004986e-16  3.5813485e-16  2.9948003e-16  -3.1084790e-16  -2.7206873e-16  -4.8923118e-17  1.5271544e-17  -5.9439045e-16  4.7944089e-18  -3.1226674e-16  -2.8803790e-17  8.1853636e-16  1.2604181e-16  8.6635349e-17  -1.2623535e-16  1.0000000   5.2116936e-16  -1.2885243e-16  -1.3906208e-17  4.0911685e-16  2.8061705e-17  
-5.2883095e-16  -2.9372557e-16  2.1811726e-16  -2.6568022e-17  -7.2704992e-17  1.5893544e-16  -4.2926202e-16  -3.8468286e-16  -8.9486476e-16  -1.8215652e-16  -5.1373413e-16  2.9038181e-17  6.0498931e-16  5.8054305e-16  -4.4149616e-17  -1.9518052e-16  1.0588630e-16  4.1792598e-16  -3.2894848e-16  4.8607287e-16  1.5147495e-16  -1.7236840e-16  -1.5002065e-16  -8.6188680e-16  5.6915185e-16  5.2116936e-16  1.0000000   6.3373178e-16  7.4830903e-17  2.2106101e-16  6.3237780e-16  -5.2883095e-16  -2.9372557e-16  2.1811726e-16  -2.6568022e-17  -7.2704992e-17  1.5893544e-16  -4.2926202e-16  -3.8468286e-16  -8.9486476e-16  -1.8215652e-16  -5.1373413e-16  2.9038181e-17  6.0498931e-16  5.8054305e-16  -4.4149616e-17  -1.9518052e-16  1.0588630e-16  4.1792598e-16  -3.2894848e-16  4.8607287e-16  1.5147495e-16  -1.7236840e-16  -1.5002065e-16  -8.6188680e-16  5.6915185e-16  5.2116936e-16  1.0000000   6.3373178e-16  7.4830903e-17  2.2106101e-16  6.3237780e-16  
-5.6789178e-17  9.1101744e-16  6.6670658e-18  -7.3886912e-16  -1.2305953e-17  3.9259258e-16  -4.6429305e-16  -8.3976137e-17  -4.8806930e-16  -5.2691284e-16  -1.8311661e-17  6.6509915e-17  -9.1443308e-17  -1.3773105e-16  -3.2989869e-16  1.8339838e-16  3.9869017e-16  1.1267086e-16  5.0274061e-18  -8.6713294e-17  4.2289385e-16  -5.7449680e-17  -8.8279216e-17  -5.7825160e-16  -5.1481920e-16  -1.2885243e-16  6.3373178e-16  1.0000000   1.1946272e-16  -3.4897858e-16  3.5162202e-16  -5.6789178e-17  9.1101744e-16  6.6670658e-18  -7.3886912e-16  -1.2305953e-17  3.9259258e-16  -4.6429305e-16  -8.3976137e-17  -4.8806930e-16  -5.2691284e-16  -1.8311661e-17  6.6509915e-17  -9.1443308e-17  -1.3773105e-16  -3.2989869e-16  1.8339838e-16  3.9869017e-16  1.1267086e-16  5.0274061e-18  -8.6713294e-17  4.2289385e-16  -5.7449680e-17  -8.8279216e-17  -5.7825160e-16  -5.1481920e-16  -1.2885243e-16  6.3373178e-16  1.0000000   1.1946272e-16  -3.4897858e-16  3.5162202e-16  
3.7605768e-16  1.5471160e-16  -3.4352153e-16  -5.2874110e-16  -2.3399704e-16  -1.1096208e-16  -2.0899811e-16  7.0846909e-16  -8.5562177e-16  -2.3351183e-16  -3.8608431e-16  2.1910643e-16  -2.5017086e-16  6.6611243e-17  3.8477951e-16  -3.9259501e-17  5.4787819e-16  3.6255117e-16  -7.6084386e-16  -8.1150123e-16  -3.3587306e-16  -2.7898570e-16  3.9720128e-16  2.0120630e-16  -6.6933533e-16  -1.3906208e-17  7.4830903e-17  1.1946272e-16  1.0000000   9.0887998e-17  7.8501499e-16  3.7605768e-16  1.5471160e-16  -3.4352153e-16  -5.2874110e-16  -2.3399704e-16  -1.1096208e-16  -2.0899811e-16  7.0846909e-16  -8.5562177e-16  -2.3351183e-16  -3.8608431e-16  2.1910643e-16  -2.5017086e-16  6.6611243e-17  3.8477951e-16  -3.9259501e-17  5.4787819e-16  3.6255117e-16  -7.6084386e-16  -8.1150123e-16  -3.3587306e-16  -2.7898570e-16  3.9720128e-16  2.0120630e-16  -6.6933533e-16  -1.3906208e-17  7.4830903e-17  1.1946272e-16  1.0000000   9.0887998e-17  7.8501499e-16  
1.9708312e-16  -3.4416518e-16  -4.1335727e-16  1.5446949e-17  -4.5336593e-16  1.1096880e-16  -1.1228537e-16  1.2455950e-18  -2.1161897e-16  -7.3810948e-16  -2.7402886e-16  -7.6040240e-16  -9.0762690e-16  6.6452964e-17  1.5963054e-16  -4.8915079e-16  -2.3788983e-16  5.8006977e-16  -2.5150592e-16  -1.6124928e-16  1.2212325e-16  -1.2544823e-16  3.1838716e-16  7.1217127e-16  6.4907405e-16  4.0911685e-16  2.2106101e-16  -3.4897858e-16  9.0887998e-17  1.0000000   1.9998324e-16  1.9708312e-16  -3.4416518e-16  -4.1335727e-16  1.5446949e-17  -4.5336593e-16  1.1096880e-16  -1.1228537e-16  1.2455950e-18  -2.1161897e-16  -7.3810948e-16  -2.7402886e-16  -7.6040240e-16  -9.0762690e-16  6.6452964e-17  1.5963054e-16  -4.8915079e-16  -2.3788983e-16  5.8006977e-16  -2.5150592e-16  -1.6124928e-16  1.2212325e-16  -1.2544823e-16  3.1838716e-16  7.1217127e-16  6.4907405e-16  4.0911685e-16  2.2106101e-16  -3.4897858e-16  9.0887998e-17  1.0000000   1.9998324e-16  
3.7500261e-16  1.7692552e-16  1.4153282e-16  -4.7058973e-16  4.8030308e-17  -3.6375226e-16  -4.2835466e-16  6.0225262e-16  -4.6739758e-16  -2.0715428e-16  4.8873260e-16  -2.2312065e-17  -3.0138308e-16  -4.0908314e-16  6.0928992e-17  -4.1186193e-16  3.8181474e-17  4.3416473e-16  5.6997441e-16  6.5950404e-17  -2.6131938e-17  9.3014380e-17  -2.1671741e-16  -2.4533710e-16  8.6600506e-17  2.8061705e-17  6.3237780e-16  3.5162202e-16  7.8501499e-16  1.9998324e-16  1.0000000   3.7500261e-16  1.7692552e-16  1.4153282e-16  -4.7058973e-16  4.8030308e-17  -3.6375226e-16  -4.2835466e-16  6.0225262e-16  -4.6739758e-16  -2.0715428e-16  4.8873260e-16  -2.2312065e-17  -3.0138308e-16  -4.0908314e-16  6.0928992e-17  -4.1186193e-16  3.8181474e-17  4.3416473e-16  5.6997441e-16  6.5950404e-17  -2.6131938e-17  9.3014380e-17  -2.1671741e-16  -2.4533710e-16  8.6600506e-17  2.8061705e-17  6.3237780e-16  3.5162202e-16  7.8501499e-16  1.9998324e-16  1.0000000   
1.0000000   -1.2128832e-16  3.3516320e-16  -2.5150376e-16  2.4165003e-17  -8.3725934e-16  4.6732223e-16  1.1596527e-16  -6.6068854e-16  4.9421678e-16  5.0324195e-16  -2.5607381e-16  -2.2425664e-16  2.4817578e-16  6.0192196e-16  -7.3389340e-17  2.0150121e-16  7.9428009e-16  1.7296728e-16  -5.7435314e-16  -2.7532626e-16  -2.1357375e-16  -4.9418441e-16  -7.8026968e-16  -7.1214975e-16  -1.9452681e-16  -5.2883095e-16  -5.6789178e-17  3.7605768e-16  1.9708312e-16  3.7500261e-16  1.0000000   -1.2128832e-16  3.3516320e-16  -2.5150376e-16  2.4165003e-17  -8.3725934e-16  4.6732223e-16  1.1596527e-16  -6.6068854e-16  4.9421678e-16  5.0324195e-16  -2.5607381e-16  -2.2425664e-16  2.4817578e-16  6.0192196e-16  -7.3389340e-17  2.0150121e-16  7.9428009e-16  1.7296728e-16  -5.7435314e-16  -2.7532626e-16  -2.1357375e-16  -4.9418441e-16  -7.8026968e-16  -7.1214975e-16  -1.9452681e-16  -5.2883095e-16  -5.6789178e-17  3.7605768e-16  1.9708312e-16  3.7500261e-16  
-1.2128832e-16  1.0000000   -1.3084412e-16  1.6150815e-16  -1.4971013e-16  3.3147931e-16  -6.3452674e-16  9.8338669e-17  1.1504938e-16  4.6056473e-16  7.5889448e-16  3.8330639e-16  1.7494839e-16  9.4494585e-17  5.3272271e-16  8.9550226e-17  -7.2018303e-16  -7.8260888e-17  2.6737590e-16  3.6650643e-16  6.8724329e-16  2.2908078e-16  5.1674964e-16  5.1311767e-16  6.7012515e-18  -3.6690453e-16  -2.9372557e-16  9.1101744e-16  1.5471160e-16  -3.4416518e-16  1.7692552e-16  -1.2128832e-16  1.0000000   -1.3084412e-16  1.6150815e-16  -1.4971013e-16  3.3147931e-16  -6.3452674e-16  9.8338669e-17  1.1504938e-16  4.6056473e-16  7.5889448e-16  3.8330639e-16  1.7494839e-16  9.4494585e-17  5.3272271e-16  8.9550226e-17  -7.2018303e-16  -7.8260888e-17  2.6737590e-16  3.6650643e-16  6.8724329e-16  2.2908078e-16  5.1674964e-16  5.1311767e-16  6.7012515e-18  -3.6690453e-16  -2.9372557e-16  9.1101744e-16  1.5471160e-16  -3.4416518e-16  1.7692552e-16  
3.3516320e-16  -1.3084412e-16  1.0000000   1.2955165e-16  8.2864904e-16  9.0687514e-17  -3.9270100e-16  3.3755471e-16  1.0776571e-16  -6.0073306e-16  3.2193022e-16  3.3845928e-17  8.9910992e-18  -7.6128042e-16  3.3139592e-16  -6.9716474e-16  6.4712782e-16  8.2684313e-16  4.8695614e-17  1.8855746e-16  9.4622393e-17  5.4973480e-16  2.4127499e-16  -5.1512937e-17  7.3768071e-16  7.5451981e-17  2.1811726e-16  6.6670658e-18  -3.4352153e-16  -4.1335727e-16  1.4153282e-16  3.3516320e-16  -1.3084412e-16  1.0000000   1.2955165e-16  8.2864904e-16  9.0687514e-17  -3.9270100e-16  3.3755471e-16  1.0776571e-16  -6.0073306e-16  3.2193022e-16  3.3845928e-17  8.9910992e-18  -7.6128042e-16  3.3139592e-16  -6.9716474e-16  6.4712782e-16  8.2684313e-16  4.8695614e-17  1.8855746e-16  9.4622393e-17  5.4973480e-16  2.4127499e-16  -5.1512937e-17  7.3768071e-16  7.5451981e-17  2.1811726e-16  6.6670658e-18  -3.4352153e-16  -4.1335727e-16  1.4153282e-16  
-2.5150376e-16  1.6150815e-16  1.2955165e-16  1.0000000   -4.4432956e-16  3.8073649e-16  2.6266666e-16  -3.3167202e-16  -8.8876285e-17  3.2186331e-16  -3.2040146e-16  -2.4331337e-16  2.7302122e-16  -6.3668850e-16  4.1877024e-16  1.8406400e-16  -3.4911317e-17  -1.0767296e-16  -3.7815512e-16  -4.6562644e-16  3.0546933e-16  -4.5603523e-16  2.5852414e-16  -3.2608383e-16  -1.2899385e-18  3.2816668e-16  -2.6568022e-17  -7.3886912e-16  -5.2874110e-16  1.5446949e-17  -4.7058973e-16  -2.5150376e-16  1.6150815e-16  1.2955165e-16  1.0000000   -4.4432956e-16  3.8073649e-16  2.6266666e-16  -3.3167202e-16  -8.8876285e-17  3.2186331e-16  -3.2040146e-16  -2.4331337e-16  2.7302122e-16  -6.3668850e-16  4.1877024e-16  1.8406400e-16  -3.4911317e-17  -1.0767296e-16  -3.7815512e-16  -4.6562644e-16  3.0546933e-16  -4.5603523e-16  2.5852414e-16  -3.2608383e-16  -1.2899385e-18  3.2816668e-16  -2.6568022e-17  -7.3886912e-16  -5.2874110e-16  1.5446949e-17  -4.7058973e-16  
2.4165003e-17  -1.4971013e-16  8.2864904e-16  -4.4432956e-16  1.0000000   -6.6337263e-16  5.9962832e-16  1.1566738e-16  -6.1075705e-16  -3.6263595e-16  1.8484606e-16  1.9267269e-16  -3.2535752e-16  -2.4854028e-16  -1.3005719e-16  2.5129414e-16  -2.8749178e-17  -4.0388283e-16  -1.0927259e-15  2.3614896e-16  1.0675962e-16  -2.8707053e-16  1.1608893e-15  5.3861929e-16  -2.5273751e-16  1.2024487e-16  -7.2704992e-17  -1.2305953e-17  -2.3399704e-16  -4.5336593e-16  4.8030308e-17  2.4165003e-17  -1.4971013e-16  8.2864904e-16  -4.4432956e-16  1.0000000   -6.6337263e-16  5.9962832e-16  1.1566738e-16  -6.1075705e-16  -3.6263595e-16  1.8484606e-16  1.9267269e-16  -3.2535752e-16  -2.4854028e-16  -1.3005719e-16  2.5129414e-16  -2.8749178e-17  -4.0388283e-16  -1.0927259e-15  2.3614896e-16  1.0675962e-16  -2.8707053e-16  1.1608893e-15  5.3861929e-16  -2.5273751e-16  1.2024487e-16  -7.2704992e-17  -1.2305953e-17  -2.3399704e-16  -4.5336593e-16  4.8030308e-17  
-8.3725934e-16  3.3147931e-16  9.0687514e-17  3.8073649e-16  -6.6337263e-16  1.0000000   1.9771291e-16  5.1312235e-16  -1.2612370e-16  3.4130868e-16  -8.3803003e-16  3.1540999e-16  3.3638168e-16  2.5314893e-17  1.2182806e-15  1.1358667e-15  2.3690841e-16  1.7008117e-16  -2.5031779e-16  2.0225931e-17  2.0170879e-16  6.5728831e-16  -3.5598496e-16  1.3171569e-16  1.4005318e-16  -5.9435871e-16  1.5893544e-16  3.9259258e-16  -1.1096208e-16  1.1096880e-16  -3.6375226e-16  -8.3725934e-16  3.3147931e-16  9.0687514e-17  3.8073649e-16  -6.6337263e-16  1.0000000   1.9771291e-16  5.1312235e-16  -1.2612370e-16  3.4130868e-16  -8.3803003e-16  3.1540999e-16  3.3638168e-16  2.5314893e-17  1.2182806e-15  1.1358667e-15  2.3690841e-16  1.7008117e-16  -2.5031779e-16  2.0225931e-17  2.0170879e-16  6.5728831e-16  -3.5598496e-16  1.3171569e-16  1.4005318e-16  -5.9435871e-16  1.5893544e-16  3.9259258e-16  -1.1096208e-16  1.1096880e-16  -3.6375226e-16  
4.6732223e-16  -6.3452674e-16  -3.9270100e-16  2.6266666e-16  5.9962832e-16  1.9771291e-16  1.0000000   -4.8139658e-16  4.8700072e-16  2.7264322e-16  3.9411038e-16  7.4253435e-16  8.7963284e-16  3.9820298e-16  4.0051686e-16  -6.1424436e-16  2.6686097e-16  3.4039006e-16  6.5252334e-16  -7.1177056e-16  -3.2446910e-16  3.6477097e-16  1.0560420e-16  2.9676626e-16  3.1842022e-16  1.1172143e-15  -4.2926202e-16  -4.6429305e-16  -2.0899811e-16  -1.1228537e-16  -4.2835466e-16  4.6732223e-16  -6.3452674e-16  -3.9270100e-16  2.6266666e-16  5.9962832e-16  1.9771291e-16  1.0000000   -4.8139658e-16  4.8700072e-16  2.7264322e-16  3.9411038e-16  7.4253435e-16  8.7963284e-16  3.9820298e-16  4.0051686e-16  -6.1424436e-16  2.6686097e-16  3.4039006e-16  6.5252334e-16  -7.1177056e-16  -3.2446910e-16  3.6477097e-16  1.0560420e-16  2.9676626e-16  3.1842022e-16  1.1172143e-15  -4.2926202e-16  -4.6429305e-16  -2.0899811e-16  -1.1228537e-16  -4.2835466e-16  
1.1596527e-16  9.8338669e-17  3.3755471e-16  -3.3167202e-16  1.1566738e-16  5.1312235e-16  -4.8139658e-16  1.0000000   5.6582383e-16  8.8235386e-17  -2.4803345e-16  -4.8753651e-16  5.3710129e-16  9.1299961e-17  3.6619298e-16  -2.0276667e-16  -6.9165229e-16  -2.6070198e-17  -3.1639974e-17  4.9767325e-16  -1.7926066e-16  -2.2896486e-16  -6.9220188e-16  1.3479561e-16  6.3955981e-16  -2.4882580e-16  -3.8468286e-16  -8.3976137e-17  7.0846909e-16  1.2455950e-18  6.0225262e-16  1.1596527e-16  9.8338669e-17  3.3755471e-16  -3.3167202e-16  1.1566738e-16  5.1312235e-16  -4.8139658e-16  1.0000000   5.6582383e-16  8.8235386e-17  -2.4803345e-16  -4.8753651e-16  5.3710129e-16  9.1299961e-17  3.6619298e-16  -2.0276667e-16  -6.9165229e-16  -2.6070198e-17  -3.1639974e-17  4.9767325e-16  -1.7926066e-16  -2.2896486e-16  -6.9220188e-16  1.3479561e-16  6.3955981e-16  -2.4882580e-16  -3.8468286e-16  -8.3976137e-17  7.0846909e-16  1.2455950e-18  6.0225262e-16  
-6.6068854e-16  1.1504938e-16  1.0776571e-16  -8.8876285e-17  -6.1075705e-16  -1.2612370e-16  4.8700072e-16  5.6582383e-16  1.0000000   9.0092532e-17  1.6605564e-16  1.2378121e-16  8.9288823e-16  3.6730258e-16  5.4053141e-16  -3.5569079e-16  -2.9692225e-16  5.9584862e-16  -3.8609576e-16  6.0322839e-16  7.1450429e-17  1.0641248e-16  1.2797829e-16  6.1251111e-16  1.0563207e-16  1.4819378e-16  -8.9486476e-16  -4.8806930e-16  -8.5562177e-16  -2.1161897e-16  -4.6739758e-16  -6.6068854e-16  1.1504938e-16  1.0776571e-16  -8.8876285e-17  -6.1075705e-16  -1.2612370e-16  4.8700072e-16  5.6582383e-16  1.0000000   9.0092532e-17  1.6605564e-16  1.2378121e-16  8.9288823e-16  3.6730258e-16  5.4053141e-16  -3.5569079e-16  -2.9692225e-16  5.9584862e-16  -3.8609576e-16  6.0322839e-16  7.1450429e-17  1.0641248e-16  1.2797829e-16  6.1251111e-16  1.0563207e-16  1.4819378e-16  -8.9486476e-16  -4.8806930e-16  -8.5562177e-16  -2.1161897e-16  -4.6739758e-16  
4.9421678e-16  4.6056473e-16  -6.0073306e-16  3.2186331e-16  -3.6263595e-16  3.4130868e-16  2.7264322e-16  8.8235386e-17  9.0092532e-17  1.0000000   2.7047213e-16  5.1632670e-16  3.5980731e-17  -3.7733263e-16  -2.2565306e-16  5.7594556e-16  -1.9785066e-16  3.9688407e-16  -1.3374677e-16  -3.7499253e-16  -7.7142052e-16  4.0272721e-16  -5.8466555e-16  -3.3540513e-16  5.5253955e-16  4.0890181e-16  -1.8215652e-16  -5.2691284e-16  -2.3351183e-16  -7.3810948e-16  -2.0715428e-16  4.9421678e-16  4.6056473e-16  -6.0073306e-16  3.2186331e-16  -3.6263595e-16  3.4130868e-16  2.7264322e-16  8.8235386e-17  9.0092532e-17  1.0000000   2.7047213e-16  5.1632670e-16  3.5980731e-17  -3.7733263e-16  -2.2565306e-16  5.7594556e-16  -1.9785066e-16  3.9688407e-16  -1.3374677e-16  -3.7499253e-16  -7.7142052e-16  4.0272721e-16  -5.8466555e-16  -3.3540513e-16  5.5253955e-16  4.0890181e-16  -1.8215652e-16  -5.2691284e-16  -2.3351183e-16  -7.3810948e-16  -2.0715428e-16  
