1.0000000   4.7792616e-17  4.3985935e-17  3.0509291e-16  2.8075344e-17  4.4060216e-16  -6.6632876e-16  3.8967274e-17  6.2582880e-16  2.4864987e-16  4.5171839e-17  2.4757774e-16  3.5727416e-16  -3.6498889e-16  -1.4566081e-16  -1.5772778e-16  -7.7574603e-16  -1.0640529e-16  -3.1884064e-16  2.9424544e-16  9.5405990e-17  -8.7342120e-17  6.9651887e-16  1.1847355e-16  6.8126099e-16  -1.0992482e-16  1.4070552e-16  7.6698162e-16  -5.6954317e-16  4.9672554e-16  -6.4324843e-16  1.0000000   4.7792616e-17  4.3985935e-17  3.0509291e-16  2.8075344e-17  4.4060216e-16  -6.6632876e-16  3.8967274e-17  6.2582880e-16  2.4864987e-16  4.5171839e-17  2.4757774e-16  3.5727416e-16  -3.6498889e-16  -1.4566081e-16  -1.5772778e-16  -7.7574603e-16  -1.0640529e-16  -3.1884064e-16  2.9424544e-16  9.5405990e-17  -8.7342120e-17  6.9651887e-16  1.1847355e-16  6.8126099e-16  -1.0992482e-16  1.4070552e-16  7.6698162e-16  -5.6954317e-16  4.9672554e-16  -6.4324843e-16  
4.7792616e-17  1.0000000   4.0556183e-16  -5.9704596e-16  6.0597309e-16  -7.8652855e-16  4.5830103e-16  5.0132300e-17  1.5935397e-16  -5.8250112e-17  1.4832841e-16  1.9089944e-16  3.9878291e-16  3.9671400e-16  -2.8019854e-16  -8.2247084e-17  2.3194790e-16  2.1702136e-16  8.4882123e-18  5.1320485e-16  9.1029855e-16  3.6953061e-16  -2.8091268e-16  1.8531196e-16  5.8336289e-16  2.4333340e-16  -1.1131758e-15  -1.0802588e-16  -1.7290149e-17  3.0512403e-17  -7.4916504e-17  4.7792616e-17  1.0000000   4.0556183e-16  -5.9704596e-16  6.0597309e-16  -7.8652855e-16  4.5830103e-16  5.0132300e-17  1.5935397e-16  -5.8250112e-17  1.4832841e-16  1.9089944e-16  3.9878291e-16  3.9671400e-16  -2.8019854e-16  -8.2247084e-17  2.3194790e-16  2.1702136e-16  8.4882123e-18  5.1320485e-16  9.1029855e-16  3.6953061e-16  -2.8091268e-16  1.8531196e-16  5.8336289e-16  2.4333340e-16  -1.1131758e-15  -1.0802588e-16  -1.7290149e-17  3.0512403e-17  -7.4916504e-17  
4.3985935e-17  4.0556183e-16  1.0000000   -2.4435000e-16  1.2319704e-15  -7.6970541e-16  -9.4682069e-16  6.8589851e-17  -5.9366577e-17  -4.3481092e-16  7.9289413e-17  -2.9474722e-16  2.7251148e-16  7.5293924e-16  1.8385690e-16  8.0872112e-17  4.6143376e-16  1.1469291e-17  -1.5019937e-16  -9.0667110e-16  8.0344806e-16  5.4273933e-16  -2.2413471e-16  3.4920298e-18  3.4588689e-16  1.6128087e-16  9.9595869e-17  -7.2465791e-16  4.0342023e-16  1.4995319e-16  -2.0879184e-16  4.3985935e-17  4.0556183e-16  1.0000000   -2.4435000e-16  1.2319704e-15  -7.6970541e-16  -9.4682069e-16  6.8589851e-17  -5.9366577e-17  -4.3481092e-16  7.9289413e-17  -2.9474722e-16  2.7251148e-16  7.5293924e-16  1.8385690e-16  8.0872112e-17  4.6143376e-16  1.1469291e-17  -1.5019937e-16  -9.0667110e-16  8.0344806e-16  5.4273933e-16  -2.2413471e-16  3.4920298e-18  3.4588689e-16  1.6128087e-16  9.9595869e-17  -7.2465791e-16  4.0342023e-16  1.4995319e-16  -2.0879184e-16  
3.0509291e-16  -5.9704596e-16  -2.4435000e-16  1.0000000   -6.3024527e-16  2.0700589e-16  4.3807684e-16  -2.1687449e-16  -2.9148302e-16  5.9574096e-16  1.4636852e-17  7.3327537e-16  1.8424321e-16  -5.1823720e-16  4.4831937e-16  -7.3027637e-17  1.6151152e-16  -2.2979863e-16  6.6121168e-16  1.2608478e-16  7.7579973e-18  3.8190021e-16  2.1579017e-16  -1.1785515e-16  -3.9336831e-16  3.3230903e-17  -3.4056869e-16  3.3584690e-16  -4.1922085e-16  1.2703191e-16  -4.6973989e-16  3.0509291e-16  -5.9704596e-16  -2.4435000e-16  1.0000000   -6.3024527e-16  2.0700589e-16  4.3807684e-16  -2.1687449e-16  -2.9148302e-16  5.9574096e-16  1.4636852e-17  7.3327537e-16  1.8424321e-16  -5.1823720e-16  4.4831937e-16  -7.3027637e-17  1.6151152e-16  -2.2979863e-16  6.6121168e-16  1.2608478e-16  7.7579973e-18  3.8190021e-16  2.1579017e-16  -1.1785515e-16  -3.9336831e-16  3.3230903e-17  -3.4056869e-16  3.3584690e-16  -4.1922085e-16  1.2703191e-16  -4.6973989e-16  
2.8075344e-17  6.0597309e-16  1.2319704e-15  -6.3024527e-16  1.0000000   -3.0883929e-16  3.7762302e-16  7.1831383e-16  -9.7771389e-16  -4.7226768e-16  -3.4245990e-16  -4.2317817e-16  -3.3898919e-16  7.5648346e-16  -6.2232711e-16  -1.2110139e-16  -2.8969321e-18  -7.3899689e-16  3.7311776e-16  4.3417114e-16  -6.2820135e-16  2.3895254e-16  5.3129887e-16  -2.6667175e-16  5.6604120e-16  -1.9850170e-16  -2.7115857e-16  4.6385235e-16  4.4739123e-16  -4.0327342e-16  -1.4924303e-16  2.8075344e-17  6.0597309e-16  1.2319704e-15  -6.3024527e-16  1.0000000   -3.0883929e-16  3.7762302e-16  7.1831383e-16  -9.7771389e-16  -4.7226768e-16  -3.4245990e-16  -4.2317817e-16  -3.3898919e-16  7.5648346e-16  -6.2232711e-16  -1.2110139e-16  -2.8969321e-18  -7.3899689e-16  3.7311776e-16  4.3417114e-16  -6.2820135e-16  2.3895254e-16  5.3129887e-16  -2.6667175e-16  5.6604120e-16  -1.9850170e-16  -2.7115857e-16  4.6385235e-16  4.4739123e-16  -4.0327342e-16  -1.4924303e-16  
4.4060216e-16  -7.8652855e-16  -7.6970541e-16  2.0700589e-16  -3.0883929e-16  1.0000000   5.3673969e-16  -6.9662903e-16  1.7284482e-16  -2.6466865e-16  5.6010853e-17  3.9971282e-16  -3.7234191e-16  3.5577839e-17  -7.7302828e-16  -1.0790770e-18  2.0603713e-16  2.9239295e-16  2.4588811e-16  -4.2834259e-16  2.4513072e-17  -5.2151792e-16  -9.4686590e-17  5.5421347e-16  -1.0262630e-16  6.5927624e-16  7.2812724e-16  5.5626359e-16  1.4746406e-16  4.8245700e-16  -2.4364594e-16  4.4060216e-16  -7.8652855e-16  -7.6970541e-16  2.0700589e-16  -3.0883929e-16  1.0000000   5.3673969e-16  -6.9662903e-16  1.7284482e-16  -2.6466865e-16  5.6010853e-17  3.9971282e-16  -3.7234191e-16  3.5577839e-17  -7.7302828e-16  -1.0790770e-18  2.0603713e-16  2.9239295e-16  2.4588811e-16  -4.2834259e-16  2.4513072e-17  -5.2151792e-16  -9.4686590e-17  5.5421347e-16  -1.0262630e-16  6.5927624e-16  7.2812724e-16  5.5626359e-16  1.4746406e-16  4.8245700e-16  -2.4364594e-16  
-6.6632876e-16  4.5830103e-16  -9.4682069e-16  4.3807684e-16  3.7762302e-16  5.3673969e-16  1.0000000   -5.4453298e-17  2.3490100e-17  1.0374759e-16  1.1991332e-16  -4.8321016e-17  3.5329571e-16  4.6056430e-16  -1.1511195e-16  -2.6313101e-16  -3.3038780e-16  -1.1478091e-16  -1.3874879e-19  1.2022558e-16  -9.2146225e-19  -5.5808357e-16  4.3135444e-16  3.7384049e-16  1.9989176e-16  3.0280071e-18  -3.5587887e-17  -4.2585860e-16  -2.3671579e-16  -2.3117349e-16  2.2545683e-16  -6.6632876e-16  4.5830103e-16  -9.4682069e-16  4.3807684e-16  3.7762302e-16  5.3673969e-16  1.0000000   -5.4453298e-17  2.3490100e-17  1.0374759e-16  1.1991332e-16  -4.8321016e-17  3.5329571e-16  4.6056430e-16  -1.1511195e-16  -2.6313101e-16  -3.3038780e-16  -1.1478091e-16  -1.3874879e-19  1.2022558e-16  -9.2146225e-19  -5.5808357e-16  4.3135444e-16  3.7384049e-16  1.9989176e-16  3.0280071e-18  -3.5587887e-17  -4.2585860e-16  -2.3671579e-16  -2.3117349e-16  2.2545683e-16  
3.8967274e-17  5.0132300e-17  6.8589851e-17  -2.1687449e-16  7.1831383e-16  -6.9662903e-16  -5.4453298e-17  1.0000000   6.9939238e-16  -1.9558043e-17  -9.1165207e-17  2.4776802e-17  1.0194302e-16  3.2402328e-16  -4.3919298e-16  -4.4327714e-16  -2.0280559e-16  6.2521456e-16  1.4093810e-16  -3.9637146e-16  7.5804467e-16  -5.9410871e-16  -5.7812452e-16  -1.6097859e-16  -4.7622332e-16  -8.4258409e-16  -3.0162550e-16  -1.8612654e-16  -1.7763815e-16  -3.7260980e-16  1.3334101e-16  3.8967274e-17  5.0132300e-17  6.8589851e-17  -2.1687449e-16  7.1831383e-16  -6.9662903e-16  -5.4453298e-17  1.0000000   6.9939238e-16  -1.9558043e-17  -9.1165207e-17  2.4776802e-17  1.0194302e-16  3.2402328e-16  -4.3919298e-16  -4.4327714e-16  -2.0280559e-16  6.2521456e-16  1.4093810e-16  -3.9637146e-16  7.5804467e-16  -5.9410871e-16  -5.7812452e-16  -1.6097859e-16  -4.7622332e-16  -8.4258409e-16  -3.0162550e-16  -1.8612654e-16  -1.7763815e-16  -3.7260980e-16  1.3334101e-16  
6.2582880e-16  1.5935397e-16  -5.9366577e-17  -2.9148302e-16  -9.7771389e-16  1.7284482e-16  2.3490100e-17  6.9939238e-16  1.0000000   3.2105656e-16  -8.1221007e-17  3.9919284e-16  3.9503177e-16  -1.1134569e-16  4.7248411e-17  -6.5474288e-16  -6.9038725e-16  -2.3232202e-16  -2.4191114e-17  8.4442941e-16  8.4212009e-16  -8.8498161e-17  -3.8153006e-16  7.9370312e-16  3.1513161e-16  -7.5624799e-16  -1.9092601e-16  -9.9540797e-17  4.8531852e-16  2.1898802e-16  7.0164833e-16  6.2582880e-16  1.5935397e-16  -5.9366577e-17  -2.9148302e-16  -9.7771389e-16  1.7284482e-16  2.3490100e-17  6.9939238e-16  1.0000000   3.2105656e-16  -8.1221007e-17  3.9919284e-16  3.9503177e-16  -1.1134569e-16  4.7248411e-17  -6.5474288e-16  -6.9038725e-16  -2.3232202e-16  -2.4191114e-17  8.4442941e-16  8.4212009e-16  -8.8498161e-17  -3.8153006e-16  7.9370312e-16  3.1513161e-16  -7.5624799e-16  -1.9092601e-16  -9.9540797e-17  4.8531852e-16  2.1898802e-16  7.0164833e-16  
2.4864987e-16  -5.8250112e-17  -4.3481092e-16  5.9574096e-16  -4.7226768e-16  -2.6466865e-16  1.0374759e-16  -1.9558043e-17  3.2105656e-16  1.0000000   -5.6891583e-16  2.4770693e-16  -2.5718903e-17  2.8844806e-17  -3.9641374e-16  -2.5160502e-16  1.1875159e-16  1.6471892e-16  1.7763034e-16  -1.7537825e-16  -6.7231021e-16  -4.7573739e-17  -2.4509433e-17  -3.0622554e-16  2.2861361e-16  3.6553720e-16  -4.5783963e-16  -1.5181930e-16  -2.0468831e-16  4.6202172e-16  -4.3272291e-17  2.4864987e-16  -5.8250112e-17  -4.3481092e-16  5.9574096e-16  -4.7226768e-16  -2.6466865e-16  1.0374759e-16  -1.9558043e-17  3.2105656e-16  1.0000000   -5.6891583e-16  2.4770693e-16  -2.5718903e-17  2.8844806e-17  -3.9641374e-16  -2.5160502e-16  1.1875159e-16  1.6471892e-16  1.7763034e-16  -1.7537825e-16  -6.7231021e-16  -4.7573739e-17  -2.4509433e-17  -3.0622554e-16  2.2861361e-16  3.6553720e-16  -4.5783963e-16  -1.5181930e-16  -2.0468831e-16  4.6202172e-16  -4.3272291e-17  
4.5171839e-17  1.4832841e-16  7.9289413e-17  1.4636852e-17  -3.4245990e-16  5.6010853e-17  1.1991332e-16  -9.1165207e-17  -8.1221007e-17  -5.6891583e-16  1.0000000   -3.7986959e-16  -2.7711359e-16  5.8807592e-16  -2.3956380e-16  3.6120413e-16  9.4322799e-17  -7.1327936e-16  -4.8886050e-16  5.0554201e-16  1.1978572e-15  -2.7568895e-16  4.1590655e-16  1.0188030e-16  2.8713336e-16  -6.6053236e-16  3.2933075e-17  1.3050659e-15  5.5703558e-16  5.6073501e-16  -4.6371564e-16  4.5171839e-17  1.4832841e-16  7.9289413e-17  1.4636852e-17  -3.4245990e-16  5.6010853e-17  1.1991332e-16  -9.1165207e-17  -8.1221007e-17  -5.6891583e-16  1.0000000   -3.7986959e-16  -2.7711359e-16  5.8807592e-16  -2.3956380e-16  3.6120413e-16  9.4322799e-17  -7.1327936e-16  -4.8886050e-16  5.0554201e-16  1.1978572e-15  -2.7568895e-16  4.1590655e-16  1.0188030e-16  2.8713336e-16  -6.6053236e-16  3.2933075e-17  1.3050659e-15  5.5703558e-16  5.6073501e-16  -4.6371564e-16  
2.4757774e-16  1.9089944e-16  -2.9474722e-16  7.3327537e-16  -4.2317817e-16  3.9971282e-16  -4.8321016e-17  2.4776802e-17  3.9919284e-16  2.4770693e-16  -3.7986959e-16  1.0000000   5.2865795e-16  -6.0384499e-16  9.4103301e-16  2.1628690e-16  -2.4263025e-16  -1.0342046e-16  -2.4447660e-16  -3.9873390e-16  -3.6712662e-18  2.6453423e-16  1.7746611e-16  -1.9620953e-16  4.3971763e-16  -2.8341874e-16  -5.7627478e-17  -7.1307426e-16  3.7273675e-17  1.0804310e-16  7.7579167e-17  2.4757774e-16  1.9089944e-16  -2.9474722e-16  7.3327537e-16  -4.2317817e-16  3.9971282e-16  -4.8321016e-17  2.4776802e-17  3.9919284e-16  2.4770693e-16  -3.7986959e-16  1.0000000   5.2865795e-16  -6.0384499e-16  9.4103301e-16  2.1628690e-16  -2.4263025e-16  -1.0342046e-16  -2.4447660e-16  -3.9873390e-16  -3.6712662e-18  2.6453423e-16  1.7746611e-16  -1.9620953e-16  4.3971763e-16  -2.8341874e-16  -5.7627478e-17  -7.1307426e-16  3.7273675e-17  1.0804310e-16  7.7579167e-17  
3.5727416e-16  3.9878291e-16  2.7251148e-16  1.8424321e-16  -3.3898919e-16  -3.7234191e-16  3.5329571e-16  1.0194302e-16  3.9503177e-16  -2.5718903e-17  -2.7711359e-16  5.2865795e-16  1.0000000   2.2634853e-17  -2.1202857e-16  2.2209657e-16  7.1844430e-16  -5.8611622e-16  -1.1337203e-16  -2.8426212e-16  4.4260153e-16  -1.7517532e-16  4.3221193e-16  -1.0993482e-17  3.0175729e-17  -1.9881486e-16  1.4674239e-16  -2.0368559e-16  3.4903529e-16  -4.8670769e-16  3.6714450e-16  3.5727416e-16  3.9878291e-16  2.7251148e-16  1.8424321e-16  -3.3898919e-16  -3.7234191e-16  3.5329571e-16  1.0194302e-16  3.9503177e-16  -2.5718903e-17  -2.7711359e-16  5.2865795e-16  1.0000000   2.2634853e-17  -2.1202857e-16  2.2209657e-16  7.1844430e-16  -5.8611622e-16  -1.1337203e-16  -2.8426212e-16  4.4260153e-16  -1.7517532e-16  4.3221193e-16  -1.0993482e-17  3.0175729e-17  -1.9881486e-16  1.4674239e-16  -2.0368559e-16  3.4903529e-16  -4.8670769e-16  3.6714450e-16  
-3.6498889e-16  3.9671400e-16  7.5293924e-16  -5.1823720e-16  7.5648346e-16  3.5577839e-17  4.6056430e-16  3.2402328e-16  -1.1134569e-16  2.8844806e-17  5.8807592e-16  -6.0384499e-16  2.2634853e-17  1.0000000   1.9721375e-18  1.6572783e-16  1.3629917e-17  1.7548144e-16  3.3304700e-16  3.8184532e-16  9.8258899e-17  -9.4772770e-17  7.0563224e-17  -2.4727830e-16  -1.3107687e-16  -5.4142007e-16  -1.9358194e-16  -1.2191899e-15  2.8551121e-16  2.5020460e-17  -9.2671817e-17  -3.6498889e-16  3.9671400e-16  7.5293924e-16  -5.1823720e-16  7.5648346e-16  3.5577839e-17  4.6056430e-16  3.2402328e-16  -1.1134569e-16  2.8844806e-17  5.8807592e-16  -6.0384499e-16  2.2634853e-17  1.0000000   1.9721375e-18  1.6572783e-16  1.3629917e-17  1.7548144e-16  3.3304700e-16  3.8184532e-16  9.8258899e-17  -9.4772770e-17  7.0563224e-17  -2.4727830e-16  -1.3107687e-16  -5.4142007e-16  -1.9358194e-16  -1.2191899e-15  2.8551121e-16  2.5020460e-17  -9.2671817e-17  
-1.4566081e-16  -2.8019854e-16  1.8385690e-16  4.4831937e-16  -6.2232711e-16  -7.7302828e-16  -1.1511195e-16  -4.3919298e-16  4.7248411e-17  -3.9641374e-16  -2.3956380e-16  9.4103301e-16  -2.1202857e-16  1.9721375e-18  1.0000000   3.2685689e-16  -7.4251730e-16  9.7655633e-17  -2.9113245e-16  1.9099173e-16  -3.0327680e-16  -5.3573868e-17  7.6780392e-16  -5.4360454e-17  -3.4907591e-16  7.0302717e-16  -3.5600332e-18  -1.4024588e-16  -8.4904695e-16  2.3190437e-16  -9.3144704e-16  -1.4566081e-16  -2.8019854e-16  1.8385690e-16  4.4831937e-16  -6.2232711e-16  -7.7302828e-16  -1.1511195e-16  -4.3919298e-16  4.7248411e-17  -3.9641374e-16  -2.3956380e-16  9.4103301e-16  -2.1202857e-16  1.9721375e-18  1.0000000   3.2685689e-16  -7.4251730e-16  9.7655633e-17  -2.9113245e-16  1.9099173e-16  -3.0327680e-16  -5.3573868e-17  7.6780392e-16  -5.4360454e-17  -3.4907591e-16  7.0302717e-16  -3.5600332e-18  -1.4024588e-16  -8.4904695e-16  2.3190437e-16  -9.3144704e-16  
-1.5772778e-16  -8.2247084e-17  8.0872112e-17  -7.3027637e-17  -1.2110139e-16  -1.0790770e-18  -2.6313101e-16  -4.4327714e-16  -6.5474288e-16  -2.5160502e-16  3.6120413e-16  2.1628690e-16  2.2209657e-16  1.6572783e-16  3.2685689e-16  1.0000000   -9.8467580e-20  2.0487532e-16  -1.1399581e-16  -2.7085172e-17  2.8912575e-17  -1.6317427e-16  1.5368472e-16  9.7160509e-16  4.6463476e-16  -4.4536777e-18  -2.5018640e-16  -9.5694355e-17  2.9777144e-16  3.4687144e-17  -2.7989342e-16  -1.5772778e-16  -8.2247084e-17  8.0872112e-17  -7.3027637e-17  -1.2110139e-16  -1.0790770e-18  -2.6313101e-16  -4.4327714e-16  -6.5474288e-16  -2.5160502e-16  3.6120413e-16  2.1628690e-16  2.2209657e-16  1.6572783e-16  3.2685689e-16  1.0000000   -9.8467580e-20  2.0487532e-16  -1.1399581e-16  -2.7085172e-17  2.8912575e-17  -1.6317427e-16  1.5368472e-16  9.7160509e-16  4.6463476e-16  -4.4536777e-18  -2.5018640e-16  -9.5694355e-17  2.9777144e-16  3.4687144e-17  -2.7989342e-16  
-7.7574603e-16  2.3194790e-16  4.6143376e-16  1.6151152e-16  -2.8969321e-18  2.0603713e-16  -3.3038780e-16  -2.0280559e-16  -6.9038725e-16  1.1875159e-16  9.4322799e-17  -2.4263025e-16  7.1844430e-16  1.3629917e-17  -7.4251730e-16  -9.8467580e-20  1.0000000   1.4955955e-18  3.6415313e-17  -4.1549275e-16  3.3514270e-16  -5.5115853e-16  1.7757568e-16  1.8315028e-16  -4.1601158e-16  2.1255642e-16  -1.4087151e-16  -5.1898899e-16  2.4421213e-16  -2.8120264e-16  -8.4049630e-17  -7.7574603e-16  2.3194790e-16  4.6143376e-16  1.6151152e-16  -2.8969321e-18  2.0603713e-16  -3.3038780e-16  -2.0280559e-16  -6.9038725e-16  1.1875159e-16  9.4322799e-17  -2.4263025e-16  7.1844430e-16  1.3629917e-17  -7.4251730e-16  -9.8467580e-20  1.0000000   1.4955955e-18  3.6415313e-17  -4.1549275e-16  3.3514270e-16  -5.5115853e-16  1.7757568e-16  1.8315028e-16  -4.1601158e-16  2.1255642e-16  -1.4087151e-16  -5.1898899e-16  2.4421213e-16  -2.8120264e-16  -8.4049630e-17  
-1.0640529e-16  2.1702136e-16  1.1469291e-17  -2.2979863e-16  -7.3899689e-16  2.9239295e-16  -1.1478091e-16  6.2521456e-16  -2.3232202e-16  1.6471892e-16  -7.1327936e-16  -1.0342046e-16  -5.8611622e-16  1.7548144e-16  9.7655633e-17  2.0487532e-16  1.4955955e-18  1.0000000   1.1589471e-16  2.1094355e-16  -1.8079551e-16  -5.1542871e-16  5.5801767e-16  1.0057737e-16  -4.7918535e-16  3.7435785e-16  2.8399427e-17  3.4524006e-16  -1.0883920e-16  -7.0400880e-16  -3.6107407e-16  -1.0640529e-16  2.1702136e-16  1.1469291e-17  -2.2979863e-16  -7.3899689e-16  2.9239295e-16  -1.1478091e-16  6.2521456e-16  -2.3232202e-16  1.6471892e-16  -7.1327936e-16  -1.0342046e-16  -5.8611622e-16  1.7548144e-16  9.7655633e-17  2.0487532e-16  1.4955955e-18  1.0000000   1.1589471e-16  2.1094355e-16  -1.8079551e-16  -5.1542871e-16  5.5801767e-16  1.0057737e-16  -4.7918535e-16  3.7435785e-16  2.8399427e-17  3.4524006e-16  -1.0883920e-16  -7.0400880e-16  -3.6107407e-16  
-3.1884064e-16  8.4882123e-18  -1.5019937e-16  6.6121168e-16  3.7311776e-16  2.4588811e-16  -1.3874879e-19  1.4093810e-16  -2.4191114e-17  1.7763034e-16  -4.8886050e-16  -2.4447660e-16  -1.1337203e-16  3.3304700e-16  -2.9113245e-16  -1.1399581e-16  3.6415313e-17  1.1589471e-16  1.0000000   1.6282629e-16  5.5856651e-17  3.4315423e-16  6.8119836e-16  -4.7212830e-16  4.5040942e-16  -4.2261755e-16  -1.3901101e-17  5.1707179e-16  9.6905216e-16  4.6845745e-16  -1.2331074e-15  -3.1884064e-16  8.4882123e-18  -1.5019937e-16  6.6121168e-16  3.7311776e-16  2.4588811e-16  -1.3874879e-19  1.4093810e-16  -2.4191114e-17  1.7763034e-16  -4.8886050e-16  -2.4447660e-16  -1.1337203e-16  3.3304700e-16  -2.9113245e-16  -1.1399581e-16  3.6415313e-17  1.1589471e-16  1.0000000   1.6282629e-16  5.5856651e-17  3.4315423e-16  6.8119836e-16  -4.7212830e-16  4.5040942e-16  -4.2261755e-16  -1.3901101e-17  5.1707179e-16  9.6905216e-16  4.6845745e-16  -1.2331074e-15  
2.9424544e-16  5.1320485e-16  -9.0667110e-16  1.2608478e-16  4.3417114e-16  -4.2834259e-16  1.2022558e-16  -3.9637146e-16  8.4442941e-16  -1.7537825e-16  5.0554201e-16  -3.9873390e-16  -2.8426212e-16  3.8184532e-16  1.9099173e-16  -2.7085172e-17  -4.1549275e-16  2.1094355e-16  1.6282629e-16  1.0000000   -5.2414435e-16  -1.2988129e-17  -2.7615971e-16  2.5835904e-16  2.2807151e-16  -4.9160878e-16  3.3390399e-16  1.7647439e-16  -6.7214250e-17  -4.0411738e-17  2.5473487e-16  2.9424544e-16  5.1320485e-16  -9.0667110e-16  1.2608478e-16  4.3417114e-16  -4.2834259e-16  1.2022558e-16  -3.9637146e-16  8.4442941e-16  -1.7537825e-16  5.0554201e-16  -3.9873390e-16  -2.8426212e-16  3.8184532e-16  1.9099173e-16  -2.7085172e-17  -4.1549275e-16  2.1094355e-16  1.6282629e-16  1.0000000   -5.2414435e-16  -1.2988129e-17  -2.7615971e-16  2.5835904e-16  2.2807151e-16  -4.9160878e-16  3.3390399e-16  1.7647439e-16  -6.7214250e-17  -4.0411738e-17  2.5473487e-16  
9.5405990e-17  9.1029855e-16  8.0344806e-16  7.7579973e-18  -6.2820135e-16  2.4513072e-17  -9.2146225e-19  7.5804467e-16  8.4212009e-16  -6.7231021e-16  1.1978572e-15  -3.6712662e-18  4.4260153e-16  9.8258899e-17  -3.0327680e-16  2.8912575e-17  3.3514270e-16  -1.8079551e-16  5.5856651e-17  -5.2414435e-16  1.0000000   -2.6802473e-16  -6.3151773e-16  -4.2758121e-16  1.1466792e-16  -1.0701749e-15  9.1667165e-17  6.7668386e-17  5.5485166e-18  -5.4062141e-16  -7.9926664e-16  9.5405990e-17  9.1029855e-16  8.0344806e-16  7.7579973e-18  -6.2820135e-16  2.4513072e-17  -9.2146225e-19  7.5804467e-16  8.4212009e-16  -6.7231021e-16  1.1978572e-15  -3.6712662e-18  4.4260153e-16  9.8258899e-17  -3.0327680e-16  2.8912575e-17  3.3514270e-16  -1.8079551e-16  5.5856651e-17  -5.2414435e-16  1.0000000   -2.6802473e-16  -6.3151773e-16  -4.2758121e-16  1.1466792e-16  -1.0701749e-15  9.1667165e-17  6.7668386e-17  5.5485166e-18  -5.4062141e-16  -7.9926664e-16  
-8.7342120e-17  3.6953061e-16  5.4273933e-16  3.8190021e-16  2.3895254e-16  -5.2151792e-16  -5.5808357e-16  -5.9410871e-16  -8.8498161e-17  -4.7573739e-17  -2.7568895e-16  2.6453423e-16  -1.7517532e-16  -9.4772770e-17  -5.3573868e-17  -1.6317427e-16  -5.5115853e-16  -5.1542871e-16  3.4315423e-16  -1.2988129e-17  -2.6802473e-16  1.0000000   3.3618208e-17  2.2818425e-16  6.9367002e-18  6.4816970e-16  -3.7732836e-16  -5.7758092e-16  -3.6518926e-17  2.8195572e-16  3.4649693e-17  -8.7342120e-17  3.6953061e-16  5.4273933e-16  3.8190021e-16  2.3895254e-16  -5.2151792e-16  -5.5808357e-16  -5.9410871e-16  -8.8498161e-17  -4.7573739e-17  -2.7568895e-16  2.6453423e-16  -1.7517532e-16  -9.4772770e-17  -5.3573868e-17  -1.6317427e-16  -5.5115853e-16  -5.1542871e-16  3.4315423e-16  -1.2988129e-17  -2.6802473e-16  1.0000000   3.3618208e-17  2.2818425e-16  6.9367002e-18  6.4816970e-16  -3.7732836e-16  -5.7758092e-16  -3.6518926e-17  2.8195572e-16  3.4649693e-17  
6.9651887e-16  -2.8091268e-16  -2.2413471e-16  2.1579017e-16  5.3129887e-16  -9.4686590e-17  4.3135444e-16  -5.7812452e-16  -3.8153006e-16  -2.4509433e-17  4.1590655e-16  1.7746611e-16  4.3221193e-16  7.0563224e-17  7.6780392e-16  1.5368472e-16  1.7757568e-16  5.5801767e-16  6.8119836e-16  -2.7615971e-16  -6.3151773e-16  3.3618208e-17  1.0000000   1.1987825e-16  -3.9280952e-16  -2.6256723e-16  3.7581185e-16  -4.2202801e-17  -4.7925738e-16  4.7251765e-16  -4.4810090e-16  6.9651887e-16  -2.8091268e-16  -2.2413471e-16  2.1579017e-16  5.3129887e-16  -9.4686590e-17  4.3135444e-16  -5.7812452e-16  -3.8153006e-16  -2.4509433e-17  4.1590655e-16  1.7746611e-16  4.3221193e-16  7.0563224e-17  7.6780392e-16  1.5368472e-16  1.7757568e-16  5.5801767e-16  6.8119836e-16  -2.7615971e-16  -6.3151773e-16  3.3618208e-17  1.0000000   1.1987825e-16  -3.9280952e-16  -2.6256723e-16  3.7581185e-16  -4.2202801e-17  -4.7925738e-16  4.7251765e-16  -4.4810090e-16  
1.1847355e-16  1.8531196e-16  3.4920298e-18  -1.1785515e-16  -2.6667175e-16  5.5421347e-16  3.7384049e-16  -1.6097859e-16  7.9370312e-16  -3.0622554e-16  1.0188030e-16  -1.9620953e-16  -1.0993482e-17  -2.4727830e-16  -5.4360454e-17  9.7160509e-16  1.8315028e-16  1.0057737e-16  -4.7212830e-16  2.5835904e-16  -4.2758121e-16  2.2818425e-16  1.1987825e-16  1.0000000   1.0954213e-16  4.2257907e-16  -8.5380834e-16  -4.4200384e-16  -4.8279497e-16  -1.5177570e-16  3.0428007e-16  1.1847355e-16  1.8531196e-16  3.4920298e-18  -1.1785515e-16  -2.6667175e-16  5.5421347e-16  3.7384049e-16  -1.6097859e-16  7.9370312e-16  -3.0622554e-16  1.0188030e-16  -1.9620953e-16  -1.0993482e-17  -2.4727830e-16  -5.4360454e-17  9.7160509e-16  1.8315028e-16  1.0057737e-16  -4.7212830e-16  2.5835904e-16  -4.2758121e-16  2.2818425e-16  1.1987825e-16  1.0000000   1.0954213e-16  4.2257907e-16  -8.5380834e-16  -4.4200384e-16  -4.8279497e-16  -1.5177570e-16  3.0428007e-16  
6.8126099e-16  5.8336289e-16  3.4588689e-16  -3.9336831e-16  5.6604120e-16  -1.0262630e-16  1.9989176e-16  -4.7622332e-16  3.1513161e-16  2.2861361e-16  2.8713336e-16  4.3971763e-16  3.0175729e-17  -1.3107687e-16  -3.4907591e-16  4.6463476e-16  -4.1601158e-16  -4.7918535e-16  4.5040942e-16  2.2807151e-16  1.1466792e-16  6.9367002e-18  -3.9280952e-16  1.0954213e-16  1.0000000   4.7352766e-16  -2.7029114e-16  1.2366354e-16  -8.7058181e-16  -1.0800070e-16  2.8201906e-16  6.8126099e-16  5.8336289e-16  3.4588689e-16  -3.9336831e-16  5.6604120e-16  -1.0262630e-16  1.9989176e-16  -4.7622332e-16  3.1513161e-16  2.2861361e-16  2.8713336e-16  4.3971763e-16  3.0175729e-17  -1.3107687e-16  -3.4907591e-16  4.6463476e-16  -4.1601158e-16  -4.7918535e-16  4.5040942e-16  2.2807151e-16  1.1466792e-16  6.9367002e-18  -3.9280952e-16  1.0954213e-16  1.0000000   4.7352766e-16  -2.7029114e-16  1.2366354e-16  -8.7058181e-16  -1.0800070e-16  2.8201906e-16  
-1.0992482e-16  2.4333340e-16  1.6128087e-16  3.3230903e-17  -1.9850170e-16  6.5927624e-16  3.0280071e-18  -8.4258409e-16  -7.5624799e-16  3.6553720e-16  -6.6053236e-16  -2.8341874e-16  -1.9881486e-16  -5.4142007e-16  7.0302717e-16  -4.4536777e-18  2.1255642e-16  3.7435785e-16  -4.2261755e-16  -4.9160878e-16  -1.0701749e-15  6.4816970e-16  -2.6256723e-16  4.2257907e-16  4.7352766e-16  1.0000000   9.0437182e-17  7.3984593e-16  -2.9045886e-17  -4.4604539e-16  -3.2337656e-16  -1.0992482e-16  2.4333340e-16  1.6128087e-16  3.3230903e-17  -1.9850170e-16  6.5927624e-16  3.0280071e-18  -8.4258409e-16  -7.5624799e-16  3.6553720e-16  -6.6053236e-16  -2.8341874e-16  -1.9881486e-16  -5.4142007e-16  7.0302717e-16  -4.4536777e-18  2.1255642e-16  3.7435785e-16  -4.2261755e-16  -4.9160878e-16  -1.0701749e-15  6.4816970e-16  -2.6256723e-16  4.2257907e-16  4.7352766e-16  1.0000000   9.0437182e-17  7.3984593e-16  -2.9045886e-17  -4.4604539e-16  -3.2337656e-16  
1.4070552e-16  -1.1131758e-15  9.9595869e-17  -3.4056869e-16  -2.7115857e-16  7.2812724e-16  -3.5587887e-17  -3.0162550e-16  -1.9092601e-16  -4.5783963e-16  3.2933075e-17  -5.7627478e-17  1.4674239e-16  -1.9358194e-16  -3.5600332e-18  -2.5018640e-16  -1.4087151e-16  2.8399427e-17  -1.3901101e-17  3.3390399e-16  9.1667165e-17  -3.7732836e-16  3.7581185e-16  -8.5380834e-16  -2.7029114e-16  9.0437182e-17  1.0000000   -4.9939194e-16  -5.3810031e-16  -1.0297385e-16  4.1078930e-16  1.4070552e-16  -1.1131758e-15  9.9595869e-17  -3.4056869e-16  -2.7115857e-16  7.2812724e-16  -3.5587887e-17  -3.0162550e-16  -1.9092601e-16  -4.5783963e-16  3.2933075e-17  -5.7627478e-17  1.4674239e-16  -1.9358194e-16  -3.5600332e-18  -2.5018640e-16  -1.4087151e-16  2.8399427e-17  -1.3901101e-17  3.3390399e-16  9.1667165e-17  -3.7732836e-16  3.7581185e-16  -8.5380834e-16  -2.7029114e-16  9.0437182e-17  1.0000000   -4.9939194e-16  -5.3810031e-16  -1.0297385e-16  4.1078930e-16  
7.6698162e-16  -1.0802588e-16  -7.2465791e-16  3.3584690e-16  4.6385235e-16  5.5626359e-16  -4.2585860e-16  -1.8612654e-16  -9.9540797e-17  -1.5181930e-16  1.3050659e-15  -7.1307426e-16  -2.0368559e-16  -1.2191899e-15  -1.4024588e-16  -9.5694355e-17  -5.1898899e-16  3.4524006e-16  5.1707179e-16  1.7647439e-16  6.7668386e-17  -5.7758092e-16  -4.2202801e-17  -4.4200384e-16  1.2366354e-16  7.3984593e-16  -4.9939194e-16  1.0000000   3.4925977e-16  5.3404640e-17  2.3817817e-17  7.6698162e-16  -1.0802588e-16  -7.2465791e-16  3.3584690e-16  4.6385235e-16  5.5626359e-16  -4.2585860e-16  -1.8612654e-16  -9.9540797e-17  -1.5181930e-16  1.3050659e-15  -7.1307426e-16  -2.0368559e-16  -1.2191899e-15  -1.4024588e-16  -9.5694355e-17  -5.1898899e-16  3.4524006e-16  5.1707179e-16  1.7647439e-16  6.7668386e-17  -5.7758092e-16  -4.2202801e-17  -4.4200384e-16  1.2366354e-16  7.3984593e-16  -4.9939194e-16  1.0000000   3.4925977e-16  5.3404640e-17  2.3817817e-17  
-5.6954317e-16  -1.7290149e-17  4.0342023e-16  -4.1922085e-16  4.4739123e-16  1.4746406e-16  -2.3671579e-16  -1.7763815e-16  4.8531852e-16  -2.0468831e-16  5.5703558e-16  3.7273675e-17  3.4903529e-16  2.8551121e-16  -8.4904695e-16  2.9777144e-16  2.4421213e-16  -1.0883920e-16  9.6905216e-16  -6.7214250e-17  5.5485166e-18  -3.6518926e-17  -4.7925738e-16  -4.8279497e-16  -8.7058181e-16  -2.9045886e-17  -5.3810031e-16  3.4925977e-16  1.0000000   -7.6018105e-16  -3.3928281e-16  -5.6954317e-16  -1.7290149e-17  4.0342023e-16  -4.1922085e-16  4.4739123e-16  1.4746406e-16  -2.3671579e-16  -1.7763815e-16  4.8531852e-16  -2.0468831e-16  5.5703558e-16  3.7273675e-17  3.4903529e-16  2.8551121e-16  -8.4904695e-16  2.9777144e-16  2.4421213e-16  -1.0883920e-16  9.6905216e-16  -6.7214250e-17  5.5485166e-18  -3.6518926e-17  -4.7925738e-16  -4.8279497e-16  -8.7058181e-16  -2.9045886e-17  -5.3810031e-16  3.4925977e-16  1.0000000   -7.6018105e-16  -3.3928281e-16  
4.9672554e-16  3.0512403e-17  1.4995319e-16  1.2703191e-16  -4.0327342e-16  4.8245700e-16  -2.3117349e-16  -3.7260980e-16  2.1898802e-16  4.6202172e-16  5.6073501e-16  1.0804310e-16  -4.8670769e-16  2.5020460e-17  2.3190437e-16  3.4687144e-17  -2.8120264e-16  -7.0400880e-16  4.6845745e-16  -4.0411738e-17  -5.4062141e-16  2.8195572e-16  4.7251765e-16  -1.5177570e-16  -1.0800070e-16  -4.4604539e-16  -1.0297385e-16  5.3404640e-17  -7.6018105e-16  1.0000000   -6.0130925e-16  4.9672554e-16  3.0512403e-17  1.4995319e-16  1.2703191e-16  -4.0327342e-16  4.8245700e-16  -2.3117349e-16  -3.7260980e-16  2.1898802e-16  4.6202172e-16  5.6073501e-16  1.0804310e-16  -4.8670769e-16  2.5020460e-17  2.3190437e-16  3.4687144e-17  -2.8120264e-16  -7.0400880e-16  4.6845745e-16  -4.0411738e-17  -5.4062141e-16  2.8195572e-16  4.7251765e-16  -1.5177570e-16  -1.0800070e-16  -4.4604539e-16  -1.0297385e-16  5.3404640e-17  -7.6018105e-16  1.0000000   -6.0130925e-16  
-6.4324843e-16  -7.4916504e-17  -2.0879184e-16  -4.6973989e-16  -1.4924303e-16  -2.4364594e-16  2.2545683e-16  1.3334101e-16  7.0164833e-16  -4.3272291e-17  -4.6371564e-16  7.7579167e-17  3.6714450e-16  -9.2671817e-17  -9.3144704e-16  -2.7989342e-16  -8.4049630e-17  -3.6107407e-16  -1.2331074e-15  2.5473487e-16  -7.9926664e-16  3.4649693e-17  -4.4810090e-16  3.0428007e-16  2.8201906e-16  -3.2337656e-16  4.1078930e-16  2.3817817e-17  -3.3928281e-16  -6.0130925e-16  1.0000000   -6.4324843e-16  -7.4916504e-17  -2.0879184e-16  -4.6973989e-16  -1.4924303e-16  -2.4364594e-16  2.2545683e-16  1.3334101e-16  7.0164833e-16  -4.3272291e-17  -4.6371564e-16  7.7579167e-17  3.6714450e-16  -9.2671817e-17  -9.3144704e-16  -2.7989342e-16  -8.4049630e-17  -3.6107407e-16  -1.2331074e-15  2.5473487e-16  -7.9926664e-16  3.4649693e-17  -4.4810090e-16  3.0428007e-16  2.8201906e-16  -3.2337656e-16  4.1078930e-16  2.3817817e-17  -3.3928281e-16  -6.0130925e-16  1.0000000   
1.0000000   4.7792616e-17  4.3985935e-17  3.0509291e-16  2.8075344e-17  4.4060216e-16  -6.6632876e-16  3.8967274e-17  6.2582880e-16  2.4864987e-16  4.5171839e-17  2.4757774e-16  3.5727416e-16  -3.6498889e-16  -1.4566081e-16  -1.5772778e-16  -7.7574603e-16  -1.0640529e-16  -3.1884064e-16  2.9424544e-16  9.5405990e-17  -8.7342120e-17  6.9651887e-16  1.1847355e-16  6.8126099e-16  -1.0992482e-16  1.4070552e-16  7.6698162e-16  -5.6954317e-16  4.9672554e-16  -6.4324843e-16  1.0000000   4.7792616e-17  4.3985935e-17  3.0509291e-16  2.8075344e-17  4.4060216e-16  -6.6632876e-16  3.8967274e-17  6.2582880e-16  2.4864987e-16  4.5171839e-17  2.4757774e-16  3.5727416e-16  -3.6498889e-16  -1.4566081e-16  -1.5772778e-16  -7.7574603e-16  -1.0640529e-16  -3.1884064e-16  2.9424544e-16  9.5405990e-17  -8.7342120e-17  6.9651887e-16  1.1847355e-16  6.8126099e-16  -1.0992482e-16  1.4070552e-16  7.6698162e-16  -5.6954317e-16  4.9672554e-16  -6.4324843e-16  
4.7792616e-17  1.0000000   4.0556183e-16  -5.9704596e-16  6.0597309e-16  -7.8652855e-16  4.5830103e-16  5.0132300e-17  1.5935397e-16  -5.8250112e-17  1.4832841e-16  1.9089944e-16  3.9878291e-16  3.9671400e-16  -2.8019854e-16  -8.2247084e-17  2.3194790e-16  2.1702136e-16  8.4882123e-18  5.1320485e-16  9.1029855e-16  3.6953061e-16  -2.8091268e-16  1.8531196e-16  5.8336289e-16  2.4333340e-16  -1.1131758e-15  -1.0802588e-16  -1.7290149e-17  3.0512403e-17  -7.4916504e-17  4.7792616e-17  1.0000000   4.0556183e-16  -5.9704596e-16  6.0597309e-16  -7.8652855e-16  4.5830103e-16  5.0132300e-17  1.5935397e-16  -5.8250112e-17  1.4832841e-16  1.9089944e-16  3.9878291e-16  3.9671400e-16  -2.8019854e-16  -8.2247084e-17  2.3194790e-16  2.1702136e-16  8.4882123e-18  5.1320485e-16  9.1029855e-16  3.6953061e-16  -2.8091268e-16  1.8531196e-16  5.8336289e-16  2.4333340e-16  -1.1131758e-15  -1.0802588e-16  -1.7290149e-17  3.0512403e-17  -7.4916504e-17  
4.3985935e-17  4.0556183e-16  1.0000000   -2.4435000e-16  1.2319704e-15  -7.6970541e-16  -9.4682069e-16  6.8589851e-17  -5.9366577e-17  -4.3481092e-16  7.9289413e-17  -2.9474722e-16  2.7251148e-16  7.5293924e-16  1.8385690e-16  8.0872112e-17  4.6143376e-16  1.1469291e-17  -1.5019937e-16  -9.0667110e-16  8.0344806e-16  5.4273933e-16  -2.2413471e-16  3.4920298e-18  3.4588689e-16  1.6128087e-16  9.9595869e-17  -7.2465791e-16  4.0342023e-16  1.4995319e-16  -2.0879184e-16  4.3985935e-17  4.0556183e-16  1.0000000   -2.4435000e-16  1.2319704e-15  -7.6970541e-16  -9.4682069e-16  6.8589851e-17  -5.9366577e-17  -4.3481092e-16  7.9289413e-17  -2.9474722e-16  2.7251148e-16  7.5293924e-16  1.8385690e-16  8.0872112e-17  4.6143376e-16  1.1469291e-17  -1.5019937e-16  -9.0667110e-16  8.0344806e-16  5.4273933e-16  -2.2413471e-16  3.4920298e-18  3.4588689e-16  1.6128087e-16  9.9595869e-17  -7.2465791e-16  4.0342023e-16  1.4995319e-16  -2.0879184e-16  
3.0509291e-16  -5.9704596e-16  -2.4435000e-16  1.0000000   -6.3024527e-16  2.0700589e-16  4.3807684e-16  -2.1687449e-16  -2.9148302e-16  5.9574096e-16  1.4636852e-17  7.3327537e-16  1.8424321e-16  -5.1823720e-16  4.4831937e-16  -7.3027637e-17  1.6151152e-16  -2.2979863e-16  6.6121168e-16  1.2608478e-16  7.7579973e-18  3.8190021e-16  2.1579017e-16  -1.1785515e-16  -3.9336831e-16  3.3230903e-17  -3.4056869e-16  3.3584690e-16  -4.1922085e-16  1.2703191e-16  -4.6973989e-16  3.0509291e-16  -5.9704596e-16  -2.4435000e-16  1.0000000   -6.3024527e-16  2.0700589e-16  4.3807684e-16  -2.1687449e-16  -2.9148302e-16  5.9574096e-16  1.4636852e-17  7.3327537e-16  1.8424321e-16  -5.1823720e-16  4.4831937e-16  -7.3027637e-17  1.6151152e-16  -2.2979863e-16  6.6121168e-16  1.2608478e-16  7.7579973e-18  3.8190021e-16  2.1579017e-16  -1.1785515e-16  -3.9336831e-16  3.3230903e-17  -3.4056869e-16  3.3584690e-16  -4.1922085e-16  1.2703191e-16  -4.6973989e-16  
2.8075344e-17  6.0597309e-16  1.2319704e-15  -6.3024527e-16  1.0000000   -3.0883929e-16  3.7762302e-16  7.1831383e-16  -9.7771389e-16  -4.7226768e-16  -3.4245990e-16  -4.2317817e-16  -3.3898919e-16  7.5648346e-16  -6.2232711e-16  -1.2110139e-16  -2.8969321e-18  -7.3899689e-16  3.7311776e-16  4.3417114e-16  -6.2820135e-16  2.3895254e-16  5.3129887e-16  -2.6667175e-16  5.6604120e-16  -1.9850170e-16  -2.7115857e-16  4.6385235e-16  4.4739123e-16  -4.0327342e-16  -1.4924303e-16  2.8075344e-17  6.0597309e-16  1.2319704e-15  -6.3024527e-16  1.0000000   -3.0883929e-16  3.7762302e-16  7.1831383e-16  -9.7771389e-16  -4.7226768e-16  -3.4245990e-16  -4.2317817e-16  -3.3898919e-16  7.5648346e-16  -6.2232711e-16  -1.2110139e-16  -2.8969321e-18  -7.3899689e-16  3.7311776e-16  4.3417114e-16  -6.2820135e-16  2.3895254e-16  5.3129887e-16  -2.6667175e-16  5.6604120e-16  -1.9850170e-16  -2.7115857e-16  4.6385235e-16  4.4739123e-16  -4.0327342e-16  -1.4924303e-16  
4.4060216e-16  -7.8652855e-16  -7.6970541e-16  2.0700589e-16  -3.0883929e-16  1.0000000   5.3673969e-16  -6.9662903e-16  1.7284482e-16  -2.6466865e-16  5.6010853e-17  3.9971282e-16  -3.7234191e-16  3.5577839e-17  -7.7302828e-16  -1.0790770e-18  2.0603713e-16  2.9239295e-16  2.4588811e-16  -4.2834259e-16  2.4513072e-17  -5.2151792e-16  -9.4686590e-17  5.5421347e-16  -1.0262630e-16  6.5927624e-16  7.2812724e-16  5.5626359e-16  1.4746406e-16  4.8245700e-16  -2.4364594e-16  4.4060216e-16  -7.8652855e-16  -7.6970541e-16  2.0700589e-16  -3.0883929e-16  1.0000000   5.3673969e-16  -6.9662903e-16  1.7284482e-16  -2.6466865e-16  5.6010853e-17  3.9971282e-16  -3.7234191e-16  3.5577839e-17  -7.7302828e-16  -1.0790770e-18  2.0603713e-16  2.9239295e-16  2.4588811e-16  -4.2834259e-16  2.4513072e-17  -5.2151792e-16  -9.4686590e-17  5.5421347e-16  -1.0262630e-16  6.5927624e-16  7.2812724e-16  5.5626359e-16  1.4746406e-16  4.8245700e-16  -2.4364594e-16  
-6.6632876e-16  4.5830103e-16  -9.4682069e-16  4.3807684e-16  3.7762302e-16  5.3673969e-16  1.0000000   -5.4453298e-17  2.3490100e-17  1.0374759e-16  1.1991332e-16  -4.8321016e-17  3.5329571e-16  4.6056430e-16  -1.1511195e-16  -2.6313101e-16  -3.3038780e-16  -1.1478091e-16  -1.3874879e-19  1.2022558e-16  -9.2146225e-19  -5.5808357e-16  4.3135444e-16  3.7384049e-16  1.9989176e-16  3.0280071e-18  -3.5587887e-17  -4.2585860e-16  -2.3671579e-16  -2.3117349e-16  2.2545683e-16  -6.6632876e-16  4.5830103e-16  -9.4682069e-16  4.3807684e-16  3.7762302e-16  5.3673969e-16  1.0000000   -5.4453298e-17  2.3490100e-17  1.0374759e-16  1.1991332e-16  -4.8321016e-17  3.5329571e-16  4.6056430e-16  -1.1511195e-16  -2.6313101e-16  -3.3038780e-16  -1.1478091e-16  -1.3874879e-19  1.2022558e-16  -9.2146225e-19  -5.5808357e-16  4.3135444e-16  3.7384049e-16  1.9989176e-16  3.0280071e-18  -3.5587887e-17  -4.2585860e-16  -2.3671579e-16  -2.3117349e-16  2.2545683e-16  
3.8967274e-17  5.0132300e-17  6.8589851e-17  -2.1687449e-16  7.1831383e-16  -6.9662903e-16  -5.4453298e-17  1.0000000   6.9939238e-16  -1.9558043e-17  -9.1165207e-17  2.4776802e-17  1.0194302e-16  3.2402328e-16  -4.3919298e-16  -4.4327714e-16  -2.0280559e-16  6.2521456e-16  1.4093810e-16  -3.9637146e-16  7.5804467e-16  -5.9410871e-16  -5.7812452e-16  -1.6097859e-16  -4.7622332e-16  -8.4258409e-16  -3.0162550e-16  -1.8612654e-16  -1.7763815e-16  -3.7260980e-16  1.3334101e-16  3.8967274e-17  5.0132300e-17  6.8589851e-17  -2.1687449e-16  7.1831383e-16  -6.9662903e-16  -5.4453298e-17  1.0000000   6.9939238e-16  -1.9558043e-17  -9.1165207e-17  2.4776802e-17  1.0194302e-16  3.2402328e-16  -4.3919298e-16  -4.4327714e-16  -2.0280559e-16  6.2521456e-16  1.4093810e-16  -3.9637146e-16  7.5804467e-16  -5.9410871e-16  -5.7812452e-16  -1.6097859e-16  -4.7622332e-16  -8.4258409e-16  -3.0162550e-16  -1.8612654e-16  -1.7763815e-16  -3.7260980e-16  1.3334101e-16  
6.2582880e-16  1.5935397e-16  -5.9366577e-17  -2.9148302e-16  -9.7771389e-16  1.7284482e-16  2.3490100e-17  6.9939238e-16  1.0000000   3.2105656e-16  -8.1221007e-17  3.9919284e-16  3.9503177e-16  -1.1134569e-16  4.7248411e-17  -6.5474288e-16  -6.9038725e-16  -2.3232202e-16  -2.4191114e-17  8.4442941e-16  8.4212009e-16  -8.8498161e-17  -3.8153006e-16  7.9370312e-16  3.1513161e-16  -7.5624799e-16  -1.9092601e-16  -9.9540797e-17  4.8531852e-16  2.1898802e-16  7.0164833e-16  6.2582880e-16  1.5935397e-16  -5.9366577e-17  -2.9148302e-16  -9.7771389e-16  1.7284482e-16  2.3490100e-17  6.9939238e-16  1.0000000   3.2105656e-16  -8.1221007e-17  3.9919284e-16  3.9503177e-16  -1.1134569e-16  4.7248411e-17  -6.5474288e-16  -6.9038725e-16  -2.3232202e-16  -2.4191114e-17  8.4442941e-16  8.4212009e-16  -8.8498161e-17  -3.8153006e-16  7.9370312e-16  3.1513161e-16  -7.5624799e-16  -1.9092601e-16  -9.9540797e-17  4.8531852e-16  2.1898802e-16  7.0164833e-16  
2.4864987e-16  -5.8250112e-17  -4.3481092e-16  5.9574096e-16  -4.7226768e-16  -2.6466865e-16  1.0374759e-16  -1.9558043e-17  3.2105656e-16  1.0000000   -5.6891583e-16  2.4770693e-16  -2.5718903e-17  2.8844806e-17  -3.9641374e-16  -2.5160502e-16  1.1875159e-16  1.6471892e-16  1.7763034e-16  -1.7537825e-16  -6.7231021e-16  -4.7573739e-17  -2.4509433e-17  -3.0622554e-16  2.2861361e-16  3.6553720e-16  -4.5783963e-16  -1.5181930e-16  -2.0468831e-16  4.6202172e-16  -4.3272291e-17  2.4864987e-16  -5.8250112e-17  -4.3481092e-16  5.9574096e-16  -4.7226768e-16  -2.6466865e-16  1.0374759e-16  -1.9558043e-17  3.2105656e-16  1.0000000   -5.6891583e-16  2.4770693e-16  -2.5718903e-17  2.8844806e-17  -3.9641374e-16  -2.5160502e-16  1.1875159e-16  1.6471892e-16  1.7763034e-16  -1.7537825e-16  -6.7231021e-16  -4.7573739e-17  -2.4509433e-17  -3.0622554e-16  2.2861361e-16  3.6553720e-16  -4.5783963e-16  -1.5181930e-16  -2.0468831e-16  4.6202172e-16  -4.3272291e-17  
