1.0000000   3.4282276e-16  1.8090953e-16  6.6487670e-16  2.1663486e-16  -7.1557668e-16  1.3058588e-16  -4.7552186e-17  -3.4633881e-16  -5.8857074e-16  4.5710896e-16  -2.8147605e-16  1.5390853e-18  2.7581554e-16  5.8329152e-16  1.6570697e-16  -4.6604295e-16  3.8654144e-16  -1.3935430e-17  -4.5714954e-16  -1.8531774e-16  5.2845979e-16  -2.5601064e-16  4.6014936e-17  1.1241542e-16  -1.3569739e-16  -2.0000362e-16  3.5720769e-16  3.4719444e-16  4.1023175e-16  3.8715865e-16  1.0000000   3.4282276e-16  1.8090953e-16  6.6487670e-16  2.1663486e-16  -7.1557668e-16  1.3058588e-16  -4.7552186e-17  -3.4633881e-16  -5.8857074e-16  4.5710896e-16  -2.8147605e-16  1.5390853e-18  2.7581554e-16  5.8329152e-16  1.6570697e-16  -4.6604295e-16  3.8654144e-16  -1.3935430e-17  -4.5714954e-16  -1.8531774e-16  5.2845979e-16  -2.5601064e-16  4.6014936e-17  1.1241542e-16  -1.3569739e-16  -2.0000362e-16  3.5720769e-16  3.4719444e-16  4.1023175e-16  3.8715865e-16  
3.4282276e-16  1.0000000   -8.2440763e-16  -6.1909036e-17  -8.9333219e-16  -1.1453548e-16  -5.1296429e-16  2.6730515e-16  -6.8333418e-16  -3.8743298e-16  9.5211701e-17  5.9656332e-18  -1.1675734e-16  7.1745589e-16  -1.8155398e-16  2.7785934e-16  4.7557630e-16  6.5949661e-16  -3.0092946e-16  4.3302568e-16  -8.9258612e-17  -4.5575336e-18  -9.8581198e-16  -3.1652649e-16  -1.5761172e-16  -1.5441533e-16  6.7301592e-16  4.4786546e-16  3.1578378e-16  -1.7526151e-16  -7.7220503e-17  3.4282276e-16  1.0000000   -8.2440763e-16  -6.1909036e-17  -8.9333219e-16  -1.1453548e-16  -5.1296429e-16  2.6730515e-16  -6.8333418e-16  -3.8743298e-16  9.5211701e-17  5.9656332e-18  -1.1675734e-16  7.1745589e-16  -1.8155398e-16  2.7785934e-16  4.7557630e-16  6.5949661e-16  -3.0092946e-16  4.3302568e-16  -8.9258612e-17  -4.5575336e-18  -9.8581198e-16  -3.1652649e-16  -1.5761172e-16  -1.5441533e-16  6.7301592e-16  4.4786546e-16  3.1578378e-16  -1.7526151e-16  -7.7220503e-17  
1.8090953e-16  -8.2440763e-16  1.0000000   3.9327217e-16  -4.0339778e-16  1.9491722e-17  1.5529645e-16  -2.6868250e-16  -2.4553319e-16  3.0532848e-16  3.6817043e-16  -1.4717646e-15  4.8498996e-16  5.7591358e-16  4.5698989e-16  6.1318584e-16  -7.1533421e-16  -4.9316452e-16  5.3497592e-17  3.5199310e-17  4.1433839e-16  -4.4697449e-16  6.8136261e-16  -2.1143837e-16  2.7747251e-16  1.7589338e-16  -9.4888571e-16  -5.8501687e-17  4.3345497e-16  -3.5332061e-16  -2.5470966e-16  1.8090953e-16  -8.2440763e-16  1.0000000   3.9327217e-16  -4.0339778e-16  1.9491722e-17  1.5529645e-16  -2.6868250e-16  -2.4553319e-16  3.0532848e-16  3.6817043e-16  -1.4717646e-15  4.8498996e-16  5.7591358e-16  4.5698989e-16  6.1318584e-16  -7.1533421e-16  -4.9316452e-16  5.3497592e-17  3.5199310e-17  4.1433839e-16  -4.4697449e-16  6.8136261e-16  -2.1143837e-16  2.7747251e-16  1.7589338e-16  -9.4888571e-16  -5.8501687e-17  4.3345497e-16  -3.5332061e-16  -2.5470966e-16  
6.6487670e-16  -6.1909036e-17  3.9327217e-16  1.0000000   -1.5353621e-16  -6.4219525e-16  -7.2761034e-16  1.8513917e-16  6.9403013e-17  -6.1603507e-17  6.8168188e-16  2.2471438e-16  3.5211074e-17  1.9579067e-17  -5.4680272e-16  -1.6227185e-16  -7.1257583e-16  -1.6180032e-17  3.9169865e-16  5.8525033e-16  8.3636114e-16  -6.7527510e-17  5.5698834e-16  -5.5500341e-16  -5.0349460e-16  6.8153634e-16  -4.8553709e-16  -2.7715836e-16  1.1068863e-15  5.8319171e-16  2.5004515e-16  6.6487670e-16  -6.1909036e-17  3.9327217e-16  1.0000000   -1.5353621e-16  -6.4219525e-16  -7.2761034e-16  1.8513917e-16  6.9403013e-17  -6.1603507e-17  6.8168188e-16  2.2471438e-16  3.5211074e-17  1.9579067e-17  -5.4680272e-16  -1.6227185e-16  -7.1257583e-16  -1.6180032e-17  3.9169865e-16  5.8525033e-16  8.3636114e-16  -6.7527510e-17  5.5698834e-16  -5.5500341e-16  -5.0349460e-16  6.8153634e-16  -4.8553709e-16  -2.7715836e-16  1.1068863e-15  5.8319171e-16  2.5004515e-16  
2.1663486e-16  -8.9333219e-16  -4.0339778e-16  -1.5353621e-16  1.0000000   5.3411487e-17  -8.9050184e-17  -1.2651348e-16  5.5009893e-16  4.2686812e-16  8.4283234e-16  1.4884315e-15  6.7423465e-16  1.2702394e-17  -3.5508367e-16  4.8489999e-17  -1.3033083e-16  -2.5432885e-16  1.0134953e-16  -3.0544978e-16  -4.9566822e-16  4.2800347e-16  3.8062910e-16  7.8949592e-19  -2.9938215e-16  -6.6249076e-16  8.0132297e-16  6.3936820e-16  -2.3957818e-16  9.3060685e-16  -1.2877982e-16  2.1663486e-16  -8.9333219e-16  -4.0339778e-16  -1.5353621e-16  1.0000000   5.3411487e-17  -8.9050184e-17  -1.2651348e-16  5.5009893e-16  4.2686812e-16  8.4283234e-16  1.4884315e-15  6.7423465e-16  1.2702394e-17  -3.5508367e-16  4.8489999e-17  -1.3033083e-16  -2.5432885e-16  1.0134953e-16  -3.0544978e-16  -4.9566822e-16  4.2800347e-16  3.8062910e-16  7.8949592e-19  -2.9938215e-16  -6.6249076e-16  8.0132297e-16  6.3936820e-16  -2.3957818e-16  9.3060685e-16  -1.2877982e-16  
-7.1557668e-16  -1.1453548e-16  1.9491722e-17  -6.4219525e-16  5.3411487e-17  1.0000000   7.0091007e-16  2.4600603e-17  -1.7166655e-16  5.1106337e-16  2.0468293e-16  -8.5952880e-17  -4.8032092e-16  6.0458150e-16  -1.8597336e-18  1.0592094e-16  -5.0038199e-16  4.1230539e-16  -3.9542597e-16  -5.3473744e-17  1.0934369e-15  -6.4384157e-16  -2.4449929e-16  3.1760160e-16  -2.9408679e-16  2.7457026e-16  -8.7841138e-18  -2.7509272e-16  1.5557408e-16  -6.4231970e-16  -3.7999001e-16  -7.1557668e-16  -1.1453548e-16  1.9491722e-17  -6.4219525e-16  5.3411487e-17  1.0000000   7.0091007e-16  2.4600603e-17  -1.7166655e-16  5.1106337e-16  2.0468293e-16  -8.5952880e-17  -4.8032092e-16  6.0458150e-16  -1.8597336e-18  1.0592094e-16  -5.0038199e-16  4.1230539e-16  -3.9542597e-16  -5.3473744e-17  1.0934369e-15  -6.4384157e-16  -2.4449929e-16  3.1760160e-16  -2.9408679e-16  2.7457026e-16  -8.7841138e-18  -2.7509272e-16  1.5557408e-16  -6.4231970e-16  -3.7999001e-16  
1.3058588e-16  -5.1296429e-16  1.5529645e-16  -7.2761034e-16  -8.9050184e-17  7.0091007e-16  1.0000000   -5.6598707e-16  -3.0184339e-16  -2.9497077e-17  -6.1171452e-16  4.3544405e-16  -2.9041087e-17  -1.2633769e-16  2.5685339e-16  -1.0617413e-16  2.3459769e-16  -4.1779679e-16  -1.6547426e-17  -8.7454389e-16  -5.5414897e-16  -1.1124189e-16  7.2823523e-16  3.8448419e-16  1.9375716e-17  -5.6382868e-16  2.5511604e-16  -5.1315745e-16  1.4225593e-16  -2.4652741e-16  -4.1810930e-16  1.3058588e-16  -5.1296429e-16  1.5529645e-16  -7.2761034e-16  -8.9050184e-17  7.0091007e-16  1.0000000   -5.6598707e-16  -3.0184339e-16  -2.9497077e-17  -6.1171452e-16  4.3544405e-16  -2.9041087e-17  -1.2633769e-16  2.5685339e-16  -1.0617413e-16  2.3459769e-16  -4.1779679e-16  -1.6547426e-17  -8.7454389e-16  -5.5414897e-16  -1.1124189e-16  7.2823523e-16  3.8448419e-16  1.9375716e-17  -5.6382868e-16  2.5511604e-16  -5.1315745e-16  1.4225593e-16  -2.4652741e-16  -4.1810930e-16  
-4.7552186e-17  2.6730515e-16  -2.6868250e-16  1.8513917e-16  -1.2651348e-16  2.4600603e-17  -5.6598707e-16  1.0000000   -5.7267595e-16  7.6679662e-16  8.6146978e-16  1.9176863e-16  -5.2736245e-17  -3.6782865e-16  7.0399397e-16  -7.8020213e-16  1.6019704e-16  2.6429009e-16  -6.5845033e-17  3.4293929e-16  -4.4021648e-16  -7.8967880e-17  -6.4386776e-16  3.3940094e-16  -1.3631624e-16  3.2058236e-16  4.4462805e-16  5.8581908e-16  5.0981150e-16  3.1549575e-16  3.7505273e-16  -4.7552186e-17  2.6730515e-16  -2.6868250e-16  1.8513917e-16  -1.2651348e-16  2.4600603e-17  -5.6598707e-16  1.0000000   -5.7267595e-16  7.6679662e-16  8.6146978e-16  1.9176863e-16  -5.2736245e-17  -3.6782865e-16  7.0399397e-16  -7.8020213e-16  1.6019704e-16  2.6429009e-16  -6.5845033e-17  3.4293929e-16  -4.4021648e-16  -7.8967880e-17  -6.4386776e-16  3.3940094e-16  -1.3631624e-16  3.2058236e-16  4.4462805e-16  5.8581908e-16  5.0981150e-16  3.1549575e-16  3.7505273e-16  
-3.4633881e-16  -6.8333418e-16  -2.4553319e-16  6.9403013e-17  5.5009893e-16  -1.7166655e-16  -3.0184339e-16  -5.7267595e-16  1.0000000   3.7585515e-16  9.0040438e-17  -5.8548301e-16  1.5591832e-16  1.1431151e-15  -2.5364460e-16  -1.6241086e-16  -1.0206730e-16  -1.9638059e-16  3.7583363e-16  -3.1530634e-16  1.1088223e-16  -3.1887149e-16  4.3877460e-16  -3.5359584e-17  1.7011144e-16  9.5979201e-16  -5.2261828e-16  -4.5505957e-16  -4.0022845e-16  2.2143355e-16  1.8706020e-16  -3.4633881e-16  -6.8333418e-16  -2.4553319e-16  6.9403013e-17  5.5009893e-16  -1.7166655e-16  -3.0184339e-16  -5.7267595e-16  1.0000000   3.7585515e-16  9.0040438e-17  -5.8548301e-16  1.5591832e-16  1.1431151e-15  -2.5364460e-16  -1.6241086e-16  -1.0206730e-16  -1.9638059e-16  3.7583363e-16  -3.1530634e-16  1.1088223e-16  -3.1887149e-16  4.3877460e-16  -3.5359584e-17  1.7011144e-16  9.5979201e-16  -5.2261828e-16  -4.5505957e-16  -4.0022845e-16  2.2143355e-16  1.8706020e-16  
-5.8857074e-16  -3.8743298e-16  3.0532848e-16  -6.1603507e-17  4.2686812e-16  5.1106337e-16  -2.9497077e-17  7.6679662e-16  3.7585515e-16  1.0000000   -5.4745905e-16  -5.7460724e-16  4.1396049e-16  -3.0770482e-16  -8.0113369e-18  7.9240084e-17  -2.1635284e-16  2.1851692e-16  -1.6343006e-16  3.1032895e-16  -2.2914881e-16  4.6637733e-16  2.1551698e-17  1.4088691e-16  -5.3837024e-16  2.8840624e-16  -4.6673756e-16  3.9762917e-16  -9.7761709e-17  -5.5948935e-16  4.2662572e-16  -5.8857074e-16  -3.8743298e-16  3.0532848e-16  -6.1603507e-17  4.2686812e-16  5.1106337e-16  -2.9497077e-17  7.6679662e-16  3.7585515e-16  1.0000000   -5.4745905e-16  -5.7460724e-16  4.1396049e-16  -3.0770482e-16  -8.0113369e-18  7.9240084e-17  -2.1635284e-16  2.1851692e-16  -1.6343006e-16  3.1032895e-16  -2.2914881e-16  4.6637733e-16  2.1551698e-17  1.4088691e-16  -5.3837024e-16  2.8840624e-16  -4.6673756e-16  3.9762917e-16  -9.7761709e-17  -5.5948935e-16  4.2662572e-16  
4.5710896e-16  9.5211701e-17  3.6817043e-16  6.8168188e-16  8.4283234e-16  2.0468293e-16  -6.1171452e-16  8.6146978e-16  9.0040438e-17  -5.4745905e-16  1.0000000   9.0078261e-16  9.4060987e-17  -3.9351370e-16  -3.4496181e-16  -9.8993210e-17  -4.3333371e-16  -2.4457863e-16  -1.5655859e-16  3.3160895e-16  -3.1535077e-16  3.5994060e-17  3.8758146e-16  -3.8720673e-16  6.4971145e-16  -1.9051391e-16  -9.8962161e-17  -3.2632757e-16  1.8973886e-16  6.6679874e-16  -2.0787135e-16  4.5710896e-16  9.5211701e-17  3.6817043e-16  6.8168188e-16  8.4283234e-16  2.0468293e-16  -6.1171452e-16  8.6146978e-16  9.0040438e-17  -5.4745905e-16  1.0000000   9.0078261e-16  9.4060987e-17  -3.9351370e-16  -3.4496181e-16  -9.8993210e-17  -4.3333371e-16  -2.4457863e-16  -1.5655859e-16  3.3160895e-16  -3.1535077e-16  3.5994060e-17  3.8758146e-16  -3.8720673e-16  6.4971145e-16  -1.9051391e-16  -9.8962161e-17  -3.2632757e-16  1.8973886e-16  6.6679874e-16  -2.0787135e-16  
-2.8147605e-16  5.9656332e-18  -1.4717646e-15  2.2471438e-16  1.4884315e-15  -8.5952880e-17  4.3544405e-16  1.9176863e-16  -5.8548301e-16  -5.7460724e-16  9.0078261e-16  1.0000000   4.2575124e-16  4.4598106e-16  -2.2235660e-16  3.6203288e-16  -3.5570803e-16  -5.8358066e-16  -5.9585178e-18  -4.1398488e-16  -4.2457361e-16  -5.3158449e-16  -6.7616706e-16  1.9925269e-16  7.4488466e-16  -6.3957631e-16  8.7463574e-16  2.8161214e-16  5.0823311e-16  8.0769672e-16  -2.9981166e-16  -2.8147605e-16  5.9656332e-18  -1.4717646e-15  2.2471438e-16  1.4884315e-15  -8.5952880e-17  4.3544405e-16  1.9176863e-16  -5.8548301e-16  -5.7460724e-16  9.0078261e-16  1.0000000   4.2575124e-16  4.4598106e-16  -2.2235660e-16  3.6203288e-16  -3.5570803e-16  -5.8358066e-16  -5.9585178e-18  -4.1398488e-16  -4.2457361e-16  -5.3158449e-16  -6.7616706e-16  1.9925269e-16  7.4488466e-16  -6.3957631e-16  8.7463574e-16  2.8161214e-16  5.0823311e-16  8.0769672e-16  -2.9981166e-16  
1.5390853e-18  -1.1675734e-16  4.8498996e-16  3.5211074e-17  6.7423465e-16  -4.8032092e-16  -2.9041087e-17  -5.2736245e-17  1.5591832e-16  4.1396049e-16  9.4060987e-17  4.2575124e-16  1.0000000   9.6046191e-16  3.2170552e-16  2.3301801e-16  -5.7737109e-16  1.8104701e-16  1.2505947e-16  3.2211172e-16  1.0349619e-15  -1.5758475e-16  3.7338341e-16  -2.1114600e-16  3.1431290e-16  3.2530234e-16  -2.3959136e-16  1.8901647e-16  -5.5780849e-16  -6.8253716e-17  1.1601491e-16  1.5390853e-18  -1.1675734e-16  4.8498996e-16  3.5211074e-17  6.7423465e-16  -4.8032092e-16  -2.9041087e-17  -5.2736245e-17  1.5591832e-16  4.1396049e-16  9.4060987e-17  4.2575124e-16  1.0000000   9.6046191e-16  3.2170552e-16  2.3301801e-16  -5.7737109e-16  1.8104701e-16  1.2505947e-16  3.2211172e-16  1.0349619e-15  -1.5758475e-16  3.7338341e-16  -2.1114600e-16  3.1431290e-16  3.2530234e-16  -2.3959136e-16  1.8901647e-16  -5.5780849e-16  -6.8253716e-17  1.1601491e-16  
2.7581554e-16  7.1745589e-16  5.7591358e-16  1.9579067e-17  1.2702394e-17  6.0458150e-16  -1.2633769e-16  -3.6782865e-16  1.1431151e-15  -3.0770482e-16  -3.9351370e-16  4.4598106e-16  9.6046191e-16  1.0000000   -3.8017348e-16  -5.0164657e-16  -7.4873737e-16  -2.2601866e-16  -4.0826513e-16  3.9595758e-16  2.1659113e-16  1.6282518e-16  3.5665252e-17  -7.0759866e-16  5.4634466e-16  -6.8160307e-16  8.6788953e-16  -6.1534752e-16  -1.2188082e-16  8.0319595e-17  8.9041215e-17  2.7581554e-16  7.1745589e-16  5.7591358e-16  1.9579067e-17  1.2702394e-17  6.0458150e-16  -1.2633769e-16  -3.6782865e-16  1.1431151e-15  -3.0770482e-16  -3.9351370e-16  4.4598106e-16  9.6046191e-16  1.0000000   -3.8017348e-16  -5.0164657e-16  -7.4873737e-16  -2.2601866e-16  -4.0826513e-16  3.9595758e-16  2.1659113e-16  1.6282518e-16  3.5665252e-17  -7.0759866e-16  5.4634466e-16  -6.8160307e-16  8.6788953e-16  -6.1534752e-16  -1.2188082e-16  8.0319595e-17  8.9041215e-17  
5.8329152e-16  -1.8155398e-16  4.5698989e-16  -5.4680272e-16  -3.5508367e-16  -1.8597336e-18  2.5685339e-16  7.0399397e-16  -2.5364460e-16  -8.0113369e-18  -3.4496181e-16  -2.2235660e-16  3.2170552e-16  -3.8017348e-16  1.0000000   1.2093321e-17  -4.9676874e-16  -6.3629907e-17  3.5842930e-16  -5.6229087e-17  -4.2084080e-16  4.6266538e-16  1.0072332e-16  3.0004934e-17  -1.5482166e-16  7.9786246e-16  -8.8836556e-16  -5.3083468e-16  2.6583587e-16  3.3321030e-16  3.2700918e-16  5.8329152e-16  -1.8155398e-16  4.5698989e-16  -5.4680272e-16  -3.5508367e-16  -1.8597336e-18  2.5685339e-16  7.0399397e-16  -2.5364460e-16  -8.0113369e-18  -3.4496181e-16  -2.2235660e-16  3.2170552e-16  -3.8017348e-16  1.0000000   1.2093321e-17  -4.9676874e-16  -6.3629907e-17  3.5842930e-16  -5.6229087e-17  -4.2084080e-16  4.6266538e-16  1.0072332e-16  3.0004934e-17  -1.5482166e-16  7.9786246e-16  -8.8836556e-16  -5.3083468e-16  2.6583587e-16  3.3321030e-16  3.2700918e-16  
1.6570697e-16  2.7785934e-16  6.1318584e-16  -1.6227185e-16  4.8489999e-17  1.0592094e-16  -1.0617413e-16  -7.8020213e-16  -1.6241086e-16  7.9240084e-17  -9.8993210e-17  3.6203288e-16  2.3301801e-16  -5.0164657e-16  1.2093321e-17  1.0000000   4.1003868e-16  3.7977941e-16  -1.3312332e-16  -1.6451496e-16  -2.2329343e-16  2.1074234e-16  5.1195201e-19  -6.5469881e-16  1.4745721e-16  1.3775430e-16  -2.0346548e-16  -1.7637264e-17  -7.0336923e-17  -2.0615232e-16  3.3555830e-16  1.6570697e-16  2.7785934e-16  6.1318584e-16  -1.6227185e-16  4.8489999e-17  1.0592094e-16  -1.0617413e-16  -7.8020213e-16  -1.6241086e-16  7.9240084e-17  -9.8993210e-17  3.6203288e-16  2.3301801e-16  -5.0164657e-16  1.2093321e-17  1.0000000   4.1003868e-16  3.7977941e-16  -1.3312332e-16  -1.6451496e-16  -2.2329343e-16  2.1074234e-16  5.1195201e-19  -6.5469881e-16  1.4745721e-16  1.3775430e-16  -2.0346548e-16  -1.7637264e-17  -7.0336923e-17  -2.0615232e-16  3.3555830e-16  
-4.6604295e-16  4.7557630e-16  -7.1533421e-16  -7.1257583e-16  -1.3033083e-16  -5.0038199e-16  2.3459769e-16  1.6019704e-16  -1.0206730e-16  -2.1635284e-16  -4.3333371e-16  -3.5570803e-16  -5.7737109e-16  -7.4873737e-16  -4.9676874e-16  4.1003868e-16  1.0000000   6.2354991e-16  -5.1852228e-16  7.9433145e-16  9.2595026e-17  -7.2036886e-16  5.1021593e-16  2.0295029e-16  -1.8945002e-16  -1.8908080e-16  -6.5765091e-17  2.5264349e-17  -2.8994769e-16  1.0019315e-16  3.0949805e-16  -4.6604295e-16  4.7557630e-16  -7.1533421e-16  -7.1257583e-16  -1.3033083e-16  -5.0038199e-16  2.3459769e-16  1.6019704e-16  -1.0206730e-16  -2.1635284e-16  -4.3333371e-16  -3.5570803e-16  -5.7737109e-16  -7.4873737e-16  -4.9676874e-16  4.1003868e-16  1.0000000   6.2354991e-16  -5.1852228e-16  7.9433145e-16  9.2595026e-17  -7.2036886e-16  5.1021593e-16  2.0295029e-16  -1.8945002e-16  -1.8908080e-16  -6.5765091e-17  2.5264349e-17  -2.8994769e-16  1.0019315e-16  3.0949805e-16  
3.8654144e-16  6.5949661e-16  -4.9316452e-16  -1.6180032e-17  -2.5432885e-16  4.1230539e-16  -4.1779679e-16  2.6429009e-16  -1.9638059e-16  2.1851692e-16  -2.4457863e-16  -5.8358066e-16  1.8104701e-16  -2.2601866e-16  -6.3629907e-17  3.7977941e-16  6.2354991e-16  1.0000000   1.8848130e-16  -1.5254536e-16  1.1193447e-16  5.1543117e-16  -1.1966618e-16  4.0315551e-16  -4.8855547e-16  4.1439044e-16  2.4131046e-16  4.4593447e-16  2.8771170e-16  1.7204667e-16  -3.3453168e-16  3.8654144e-16  6.5949661e-16  -4.9316452e-16  -1.6180032e-17  -2.5432885e-16  4.1230539e-16  -4.1779679e-16  2.6429009e-16  -1.9638059e-16  2.1851692e-16  -2.4457863e-16  -5.8358066e-16  1.8104701e-16  -2.2601866e-16  -6.3629907e-17  3.7977941e-16  6.2354991e-16  1.0000000   1.8848130e-16  -1.5254536e-16  1.1193447e-16  5.1543117e-16  -1.1966618e-16  4.0315551e-16  -4.8855547e-16  4.1439044e-16  2.4131046e-16  4.4593447e-16  2.8771170e-16  1.7204667e-16  -3.3453168e-16  
-1.3935430e-17  -3.0092946e-16  5.3497592e-17  3.9169865e-16  1.0134953e-16  -3.9542597e-16  -1.6547426e-17  -6.5845033e-17  3.7583363e-16  -1.6343006e-16  -1.5655859e-16  -5.9585178e-18  1.2505947e-16  -4.0826513e-16  3.5842930e-16  -1.3312332e-16  -5.1852228e-16  1.8848130e-16  1.0000000   1.8154849e-16  5.3126150e-16  -1.1520915e-16  6.2323327e-16  3.0550490e-16  7.5494012e-18  -8.7449174e-17  1.1519626e-16  5.0505680e-18  5.8103075e-16  1.2324955e-16  -1.7621733e-16  -1.3935430e-17  -3.0092946e-16  5.3497592e-17  3.9169865e-16  1.0134953e-16  -3.9542597e-16  -1.6547426e-17  -6.5845033e-17  3.7583363e-16  -1.6343006e-16  -1.5655859e-16  -5.9585178e-18  1.2505947e-16  -4.0826513e-16  3.5842930e-16  -1.3312332e-16  -5.1852228e-16  1.8848130e-16  1.0000000   1.8154849e-16  5.3126150e-16  -1.1520915e-16  6.2323327e-16  3.0550490e-16  7.5494012e-18  -8.7449174e-17  1.1519626e-16  5.0505680e-18  5.8103075e-16  1.2324955e-16  -1.7621733e-16  
-4.5714954e-16  4.3302568e-16  3.5199310e-17  5.8525033e-16  -3.0544978e-16  -5.3473744e-17  -8.7454389e-16  3.4293929e-16  -3.1530634e-16  3.1032895e-16  3.3160895e-16  -4.1398488e-16  3.2211172e-16  3.9595758e-16  -5.6229087e-17  -1.6451496e-16  7.9433145e-16  -1.5254536e-16  1.8154849e-16  1.0000000   -1.2876757e-16  -9.0273718e-16  1.9194161e-17  -4.1248784e-17  3.5142270e-16  -4.6351971e-16  2.4695418e-16  5.3557747e-16  2.0838275e-16  -8.4273869e-16  5.5613421e-19  -4.5714954e-16  4.3302568e-16  3.5199310e-17  5.8525033e-16  -3.0544978e-16  -5.3473744e-17  -8.7454389e-16  3.4293929e-16  -3.1530634e-16  3.1032895e-16  3.3160895e-16  -4.1398488e-16  3.2211172e-16  3.9595758e-16  -5.6229087e-17  -1.6451496e-16  7.9433145e-16  -1.5254536e-16  1.8154849e-16  1.0000000   -1.2876757e-16  -9.0273718e-16  1.9194161e-17  -4.1248784e-17  3.5142270e-16  -4.6351971e-16  2.4695418e-16  5.3557747e-16  2.0838275e-16  -8.4273869e-16  5.5613421e-19  
-1.8531774e-16  -8.9258612e-17  4.1433839e-16  8.3636114e-16  -4.9566822e-16  1.0934369e-15  -5.5414897e-16  -4.4021648e-16  1.1088223e-16  -2.2914881e-16  -3.1535077e-16  -4.2457361e-16  1.0349619e-15  2.1659113e-16  -4.2084080e-16  -2.2329343e-16  9.2595026e-17  1.1193447e-16  5.3126150e-16  -1.2876757e-16  1.0000000   4.0253043e-16  1.7489766e-17  1.1859408e-16  -3.4437432e-16  -2.2587229e-16  -4.2636018e-16  2.1333741e-16  -3.2079746e-16  -2.9319295e-16  2.1381311e-16  -1.8531774e-16  -8.9258612e-17  4.1433839e-16  8.3636114e-16  -4.9566822e-16  1.0934369e-15  -5.5414897e-16  -4.4021648e-16  1.1088223e-16  -2.2914881e-16  -3.1535077e-16  -4.2457361e-16  1.0349619e-15  2.1659113e-16  -4.2084080e-16  -2.2329343e-16  9.2595026e-17  1.1193447e-16  5.3126150e-16  -1.2876757e-16  1.0000000   4.0253043e-16  1.7489766e-17  1.1859408e-16  -3.4437432e-16  -2.2587229e-16  -4.2636018e-16  2.1333741e-16  -3.2079746e-16  -2.9319295e-16  2.1381311e-16  
5.2845979e-16  -4.5575336e-18  -4.4697449e-16  -6.7527510e-17  4.2800347e-16  -6.4384157e-16  -1.1124189e-16  -7.8967880e-17  -3.1887149e-16  4.6637733e-16  3.5994060e-17  -5.3158449e-16  -1.5758475e-16  1.6282518e-16  4.6266538e-16  2.1074234e-16  -7.2036886e-16  5.1543117e-16  -1.1520915e-16  -9.0273718e-16  4.0253043e-16  1.0000000   -2.7490859e-16  -4.7858813e-17  -1.8123697e-16  -4.4844449e-17  -1.8777263e-16  -1.3630051e-16  4.4383369e-17  -2.4824033e-16  1.3011689e-16  5.2845979e-16  -4.5575336e-18  -4.4697449e-16  -6.7527510e-17  4.2800347e-16  -6.4384157e-16  -1.1124189e-16  -7.8967880e-17  -3.1887149e-16  4.6637733e-16  3.5994060e-17  -5.3158449e-16  -1.5758475e-16  1.6282518e-16  4.6266538e-16  2.1074234e-16  -7.2036886e-16  5.1543117e-16  -1.1520915e-16  -9.0273718e-16  4.0253043e-16  1.0000000   -2.7490859e-16  -4.7858813e-17  -1.8123697e-16  -4.4844449e-17  -1.8777263e-16  -1.3630051e-16  4.4383369e-17  -2.4824033e-16  1.3011689e-16  
-2.5601064e-16  -9.8581198e-16  6.8136261e-16  5.5698834e-16  3.8062910e-16  -2.4449929e-16  7.2823523e-16  -6.4386776e-16  4.3877460e-16  2.1551698e-17  3.8758146e-16  -6.7616706e-16  3.7338341e-16  3.5665252e-17  1.0072332e-16  5.1195201e-19  5.1021593e-16  -1.1966618e-16  6.2323327e-16  1.9194161e-17  1.7489766e-17  -2.7490859e-16  1.0000000   2.7123497e-16  -3.7697684e-17  1.6083829e-16  -1.8451908e-17  -1.4048103e-16  -1.3384769e-16  -4.2777999e-17  1.7928427e-16  -2.5601064e-16  -9.8581198e-16  6.8136261e-16  5.5698834e-16  3.8062910e-16  -2.4449929e-16  7.2823523e-16  -6.4386776e-16  4.3877460e-16  2.1551698e-17  3.8758146e-16  -6.7616706e-16  3.7338341e-16  3.5665252e-17  1.0072332e-16  5.1195201e-19  5.1021593e-16  -1.1966618e-16  6.2323327e-16  1.9194161e-17  1.7489766e-17  -2.7490859e-16  1.0000000   2.7123497e-16  -3.7697684e-17  1.6083829e-16  -1.8451908e-17  -1.4048103e-16  -1.3384769e-16  -4.2777999e-17  1.7928427e-16  
4.6014936e-17  -3.1652649e-16  -2.1143837e-16  -5.5500341e-16  7.8949592e-19  3.1760160e-16  3.8448419e-16  3.3940094e-16  -3.5359584e-17  1.4088691e-16  -3.8720673e-16  1.9925269e-16  -2.1114600e-16  -7.0759866e-16  3.0004934e-17  -6.5469881e-16  2.0295029e-16  4.0315551e-16  3.0550490e-16  -4.1248784e-17  1.1859408e-16  -4.7858813e-17  2.7123497e-16  1.0000000   3.2449390e-16  -4.2865106e-16  3.2550091e-16  2.2092517e-16  7.1123081e-16  -1.4940772e-16  3.2434695e-16  4.6014936e-17  -3.1652649e-16  -2.1143837e-16  -5.5500341e-16  7.8949592e-19  3.1760160e-16  3.8448419e-16  3.3940094e-16  -3.5359584e-17  1.4088691e-16  -3.8720673e-16  1.9925269e-16  -2.1114600e-16  -7.0759866e-16  3.0004934e-17  -6.5469881e-16  2.0295029e-16  4.0315551e-16  3.0550490e-16  -4.1248784e-17  1.1859408e-16  -4.7858813e-17  2.7123497e-16  1.0000000   3.2449390e-16  -4.2865106e-16  3.2550091e-16  2.2092517e-16  7.1123081e-16  -1.4940772e-16  3.2434695e-16  
1.1241542e-16  -1.5761172e-16  2.7747251e-16  -5.0349460e-16  -2.9938215e-16  -2.9408679e-16  1.9375716e-17  -1.3631624e-16  1.7011144e-16  -5.3837024e-16  6.4971145e-16  7.4488466e-16  3.1431290e-16  5.4634466e-16  -1.5482166e-16  1.4745721e-16  -1.8945002e-16  -4.8855547e-16  7.5494012e-18  3.5142270e-16  -3.4437432e-16  -1.8123697e-16  -3.7697684e-17  3.2449390e-16  1.0000000   -6.7838146e-16  8.0073503e-16  3.6624463e-16  9.9694525e-17  6.4749870e-16  1.7830214e-16  1.1241542e-16  -1.5761172e-16  2.7747251e-16  -5.0349460e-16  -2.9938215e-16  -2.9408679e-16  1.9375716e-17  -1.3631624e-16  1.7011144e-16  -5.3837024e-16  6.4971145e-16  7.4488466e-16  3.1431290e-16  5.4634466e-16  -1.5482166e-16  1.4745721e-16  -1.8945002e-16  -4.8855547e-16  7.5494012e-18  3.5142270e-16  -3.4437432e-16  -1.8123697e-16  -3.7697684e-17  3.2449390e-16  1.0000000   -6.7838146e-16  8.0073503e-16  3.6624463e-16  9.9694525e-17  6.4749870e-16  1.7830214e-16  
-1.3569739e-16  -1.5441533e-16  1.7589338e-16  6.8153634e-16  -6.6249076e-16  2.7457026e-16  -5.6382868e-16  3.2058236e-16  9.5979201e-16  2.8840624e-16  -1.9051391e-16  -6.3957631e-16  3.2530234e-16  -6.8160307e-16  7.9786246e-16  1.3775430e-16  -1.8908080e-16  4.1439044e-16  -8.7449174e-17  -4.6351971e-16  -2.2587229e-16  -4.4844449e-17  1.6083829e-16  -4.2865106e-16  -6.7838146e-16  1.0000000   -5.0746416e-16  -7.1731307e-16  2.3368512e-16  -4.2952305e-16  6.4458453e-17  -1.3569739e-16  -1.5441533e-16  1.7589338e-16  6.8153634e-16  -6.6249076e-16  2.7457026e-16  -5.6382868e-16  3.2058236e-16  9.5979201e-16  2.8840624e-16  -1.9051391e-16  -6.3957631e-16  3.2530234e-16  -6.8160307e-16  7.9786246e-16  1.3775430e-16  -1.8908080e-16  4.1439044e-16  -8.7449174e-17  -4.6351971e-16  -2.2587229e-16  -4.4844449e-17  1.6083829e-16  -4.2865106e-16  -6.7838146e-16  1.0000000   -5.0746416e-16  -7.1731307e-16  2.3368512e-16  -4.2952305e-16  6.4458453e-17  
-2.0000362e-16  6.7301592e-16  -9.4888571e-16  -4.8553709e-16  8.0132297e-16  -8.7841138e-18  2.5511604e-16  4.4462805e-16  -5.2261828e-16  -4.6673756e-16  -9.8962161e-17  8.7463574e-16  -2.3959136e-16  8.6788953e-16  -8.8836556e-16  -2.0346548e-16  -6.5765091e-17  2.4131046e-16  1.1519626e-16  2.4695418e-16  -4.2636018e-16  -1.8777263e-16  -1.8451908e-17  3.2550091e-16  8.0073503e-16  -5.0746416e-16  1.0000000   3.0816342e-16  5.1909802e-18  -2.7929616e-16  7.0725726e-17  -2.0000362e-16  6.7301592e-16  -9.4888571e-16  -4.8553709e-16  8.0132297e-16  -8.7841138e-18  2.5511604e-16  4.4462805e-16  -5.2261828e-16  -4.6673756e-16  -9.8962161e-17  8.7463574e-16  -2.3959136e-16  8.6788953e-16  -8.8836556e-16  -2.0346548e-16  -6.5765091e-17  2.4131046e-16  1.1519626e-16  2.4695418e-16  -4.2636018e-16  -1.8777263e-16  -1.8451908e-17  3.2550091e-16  8.0073503e-16  -5.0746416e-16  1.0000000   3.0816342e-16  5.1909802e-18  -2.7929616e-16  7.0725726e-17  
3.5720769e-16  4.4786546e-16  -5.8501687e-17  -2.7715836e-16  6.3936820e-16  -2.7509272e-16  -5.1315745e-16  5.8581908e-16  -4.5505957e-16  3.9762917e-16  -3.2632757e-16  2.8161214e-16  1.8901647e-16  -6.1534752e-16  -5.3083468e-16  -1.7637264e-17  2.5264349e-17  4.4593447e-16  5.0505680e-18  5.3557747e-16  2.1333741e-16  -1.3630051e-16  -1.4048103e-16  2.2092517e-16  3.6624463e-16  -7.1731307e-16  3.0816342e-16  1.0000000   2.0138547e-16  -3.9198315e-16  -4.7673843e-16  3.5720769e-16  4.4786546e-16  -5.8501687e-17  -2.7715836e-16  6.3936820e-16  -2.7509272e-16  -5.1315745e-16  5.8581908e-16  -4.5505957e-16  3.9762917e-16  -3.2632757e-16  2.8161214e-16  1.8901647e-16  -6.1534752e-16  -5.3083468e-16  -1.7637264e-17  2.5264349e-17  4.4593447e-16  5.0505680e-18  5.3557747e-16  2.1333741e-16  -1.3630051e-16  -1.4048103e-16  2.2092517e-16  3.6624463e-16  -7.1731307e-16  3.0816342e-16  1.0000000   2.0138547e-16  -3.9198315e-16  -4.7673843e-16  
3.4719444e-16  3.1578378e-16  4.3345497e-16  1.1068863e-15  -2.3957818e-16  1.5557408e-16  1.4225593e-16  5.0981150e-16  -4.0022845e-16  -9.7761709e-17  1.8973886e-16  5.0823311e-16  -5.5780849e-16  -1.2188082e-16  2.6583587e-16  -7.0336923e-17  -2.8994769e-16  2.8771170e-16  5.8103075e-16  2.0838275e-16  -3.2079746e-16  4.4383369e-17  -1.3384769e-16  7.1123081e-16  9.9694525e-17  2.3368512e-16  5.1909802e-18  2.0138547e-16  1.0000000   9.6230110e-16  -5.6501165e-16  3.4719444e-16  3.1578378e-16  4.3345497e-16  1.1068863e-15  -2.3957818e-16  1.5557408e-16  1.4225593e-16  5.0981150e-16  -4.0022845e-16  -9.7761709e-17  1.8973886e-16  5.0823311e-16  -5.5780849e-16  -1.2188082e-16  2.6583587e-16  -7.0336923e-17  -2.8994769e-16  2.8771170e-16  5.8103075e-16  2.0838275e-16  -3.2079746e-16  4.4383369e-17  -1.3384769e-16  7.1123081e-16  9.9694525e-17  2.3368512e-16  5.1909802e-18  2.0138547e-16  1.0000000   9.6230110e-16  -5.6501165e-16  
4.1023175e-16  -1.7526151e-16  -3.5332061e-16  5.8319171e-16  9.3060685e-16  -6.4231970e-16  -2.4652741e-16  3.1549575e-16  2.2143355e-16  -5.5948935e-16  6.6679874e-16  8.0769672e-16  -6.8253716e-17  8.0319595e-17  3.3321030e-16  -2.0615232e-16  1.0019315e-16  1.7204667e-16  1.2324955e-16  -8.4273869e-16  -2.9319295e-16  -2.4824033e-16  -4.2777999e-17  -1.4940772e-16  6.4749870e-16  -4.2952305e-16  -2.7929616e-16  -3.9198315e-16  9.6230110e-16  1.0000000   4.2554762e-16  4.1023175e-16  -1.7526151e-16  -3.5332061e-16  5.8319171e-16  9.3060685e-16  -6.4231970e-16  -2.4652741e-16  3.1549575e-16  2.2143355e-16  -5.5948935e-16  6.6679874e-16  8.0769672e-16  -6.8253716e-17  8.0319595e-17  3.3321030e-16  -2.0615232e-16  1.0019315e-16  1.7204667e-16  1.2324955e-16  -8.4273869e-16  -2.9319295e-16  -2.4824033e-16  -4.2777999e-17  -1.4940772e-16  6.4749870e-16  -4.2952305e-16  -2.7929616e-16  -3.9198315e-16  9.6230110e-16  1.0000000   4.2554762e-16  
3.8715865e-16  -7.7220503e-17  -2.5470966e-16  2.5004515e-16  -1.2877982e-16  -3.7999001e-16  -4.1810930e-16  3.7505273e-16  1.8706020e-16  4.2662572e-16  -2.0787135e-16  -2.9981166e-16  1.1601491e-16  8.9041215e-17  3.2700918e-16  3.3555830e-16  3.0949805e-16  -3.3453168e-16  -1.7621733e-16  5.5613421e-19  2.1381311e-16  1.3011689e-16  1.7928427e-16  3.2434695e-16  1.7830214e-16  6.4458453e-17  7.0725726e-17  -4.7673843e-16  -5.6501165e-16  4.2554762e-16  1.0000000   3.8715865e-16  -7.7220503e-17  -2.5470966e-16  2.5004515e-16  -1.2877982e-16  -3.7999001e-16  -4.1810930e-16  3.7505273e-16  1.8706020e-16  4.2662572e-16  -2.0787135e-16  -2.9981166e-16  1.1601491e-16  8.9041215e-17  3.2700918e-16  3.3555830e-16  3.0949805e-16  -3.3453168e-16  -1.7621733e-16  5.5613421e-19  2.1381311e-16  1.3011689e-16  1.7928427e-16  3.2434695e-16  1.7830214e-16  6.4458453e-17  7.0725726e-17  -4.7673843e-16  -5.6501165e-16  4.2554762e-16  1.0000000   
1.0000000   3.4282276e-16  1.8090953e-16  6.6487670e-16  2.1663486e-16  -7.1557668e-16  1.3058588e-16  -4.7552186e-17  -3.4633881e-16  -5.8857074e-16  4.5710896e-16  -2.8147605e-16  1.5390853e-18  2.7581554e-16  5.8329152e-16  1.6570697e-16  -4.6604295e-16  3.8654144e-16  -1.3935430e-17  -4.5714954e-16  -1.8531774e-16  5.2845979e-16  -2.5601064e-16  4.6014936e-17  1.1241542e-16  -1.3569739e-16  -2.0000362e-16  3.5720769e-16  3.4719444e-16  4.1023175e-16  3.8715865e-16  1.0000000   3.4282276e-16  1.8090953e-16  6.6487670e-16  2.1663486e-16  -7.1557668e-16  1.3058588e-16  -4.7552186e-17  -3.4633881e-16  -5.8857074e-16  4.5710896e-16  -2.8147605e-16  1.5390853e-18  2.7581554e-16  5.8329152e-16  1.6570697e-16  -4.6604295e-16  3.8654144e-16  -1.3935430e-17  -4.5714954e-16  -1.8531774e-16  5.2845979e-16  -2.5601064e-16  4.6014936e-17  1.1241542e-16  -1.3569739e-16  -2.0000362e-16  3.5720769e-16  3.4719444e-16  4.1023175e-16  3.8715865e-16  
3.4282276e-16  1.0000000   -8.2440763e-16  -6.1909036e-17  -8.9333219e-16  -1.1453548e-16  -5.1296429e-16  2.6730515e-16  -6.8333418e-16  -3.8743298e-16  9.5211701e-17  5.9656332e-18  -1.1675734e-16  7.1745589e-16  -1.8155398e-16  2.7785934e-16  4.7557630e-16  6.5949661e-16  -3.0092946e-16  4.3302568e-16  -8.9258612e-17  -4.5575336e-18  -9.8581198e-16  -3.1652649e-16  -1.5761172e-16  -1.5441533e-16  6.7301592e-16  4.4786546e-16  3.1578378e-16  -1.7526151e-16  -7.7220503e-17  3.4282276e-16  1.0000000   -8.2440763e-16  -6.1909036e-17  -8.9333219e-16  -1.1453548e-16  -5.1296429e-16  2.6730515e-16  -6.8333418e-16  -3.8743298e-16  9.5211701e-17  5.9656332e-18  -1.1675734e-16  7.1745589e-16  -1.8155398e-16  2.7785934e-16  4.7557630e-16  6.5949661e-16  -3.0092946e-16  4.3302568e-16  -8.9258612e-17  -4.5575336e-18  -9.8581198e-16  -3.1652649e-16  -1.5761172e-16  -1.5441533e-16  6.7301592e-16  4.4786546e-16  3.1578378e-16  -1.7526151e-16  -7.7220503e-17  
1.8090953e-16  -8.2440763e-16  1.0000000   3.9327217e-16  -4.0339778e-16  1.9491722e-17  1.5529645e-16  -2.6868250e-16  -2.4553319e-16  3.0532848e-16  3.6817043e-16  -1.4717646e-15  4.8498996e-16  5.7591358e-16  4.5698989e-16  6.1318584e-16  -7.1533421e-16  -4.9316452e-16  5.3497592e-17  3.5199310e-17  4.1433839e-16  -4.4697449e-16  6.8136261e-16  -2.1143837e-16  2.7747251e-16  1.7589338e-16  -9.4888571e-16  -5.8501687e-17  4.3345497e-16  -3.5332061e-16  -2.5470966e-16  1.8090953e-16  -8.2440763e-16  1.0000000   3.9327217e-16  -4.0339778e-16  1.9491722e-17  1.5529645e-16  -2.6868250e-16  -2.4553319e-16  3.0532848e-16  3.6817043e-16  -1.4717646e-15  4.8498996e-16  5.7591358e-16  4.5698989e-16  6.1318584e-16  -7.1533421e-16  -4.9316452e-16  5.3497592e-17  3.5199310e-17  4.1433839e-16  -4.4697449e-16  6.8136261e-16  -2.1143837e-16  2.7747251e-16  1.7589338e-16  -9.4888571e-16  -5.8501687e-17  4.3345497e-16  -3.5332061e-16  -2.5470966e-16  
6.6487670e-16  -6.1909036e-17  3.9327217e-16  1.0000000   -1.5353621e-16  -6.4219525e-16  -7.2761034e-16  1.8513917e-16  6.9403013e-17  -6.1603507e-17  6.8168188e-16  2.2471438e-16  3.5211074e-17  1.9579067e-17  -5.4680272e-16  -1.6227185e-16  -7.1257583e-16  -1.6180032e-17  3.9169865e-16  5.8525033e-16  8.3636114e-16  -6.7527510e-17  5.5698834e-16  -5.5500341e-16  -5.0349460e-16  6.8153634e-16  -4.8553709e-16  -2.7715836e-16  1.1068863e-15  5.8319171e-16  2.5004515e-16  6.6487670e-16  -6.1909036e-17  3.9327217e-16  1.0000000   -1.5353621e-16  -6.4219525e-16  -7.2761034e-16  1.8513917e-16  6.9403013e-17  -6.1603507e-17  6.8168188e-16  2.2471438e-16  3.5211074e-17  1.9579067e-17  -5.4680272e-16  -1.6227185e-16  -7.1257583e-16  -1.6180032e-17  3.9169865e-16  5.8525033e-16  8.3636114e-16  -6.7527510e-17  5.5698834e-16  -5.5500341e-16  -5.0349460e-16  6.8153634e-16  -4.8553709e-16  -2.7715836e-16  1.1068863e-15  5.8319171e-16  2.5004515e-16  
2.1663486e-16  -8.9333219e-16  -4.0339778e-16  -1.5353621e-16  1.0000000   5.3411487e-17  -8.9050184e-17  -1.2651348e-16  5.5009893e-16  4.2686812e-16  8.4283234e-16  1.4884315e-15  6.7423465e-16  1.2702394e-17  -3.5508367e-16  4.8489999e-17  -1.3033083e-16  -2.5432885e-16  1.0134953e-16  -3.0544978e-16  -4.9566822e-16  4.2800347e-16  3.8062910e-16  7.8949592e-19  -2.9938215e-16  -6.6249076e-16  8.0132297e-16  6.3936820e-16  -2.3957818e-16  9.3060685e-16  -1.2877982e-16  2.1663486e-16  -8.9333219e-16  -4.0339778e-16  -1.5353621e-16  1.0000000   5.3411487e-17  -8.9050184e-17  -1.2651348e-16  5.5009893e-16  4.2686812e-16  8.4283234e-16  1.4884315e-15  6.7423465e-16  1.2702394e-17  -3.5508367e-16  4.8489999e-17  -1.3033083e-16  -2.5432885e-16  1.0134953e-16  -3.0544978e-16  -4.9566822e-16  4.2800347e-16  3.8062910e-16  7.8949592e-19  -2.9938215e-16  -6.6249076e-16  8.0132297e-16  6.3936820e-16  -2.3957818e-16  9.3060685e-16  -1.2877982e-16  
-7.1557668e-16  -1.1453548e-16  1.9491722e-17  -6.4219525e-16  5.3411487e-17  1.0000000   7.0091007e-16  2.4600603e-17  -1.7166655e-16  5.1106337e-16  2.0468293e-16  -8.5952880e-17  -4.8032092e-16  6.0458150e-16  -1.8597336e-18  1.0592094e-16  -5.0038199e-16  4.1230539e-16  -3.9542597e-16  -5.3473744e-17  1.0934369e-15  -6.4384157e-16  -2.4449929e-16  3.1760160e-16  -2.9408679e-16  2.7457026e-16  -8.7841138e-18  -2.7509272e-16  1.5557408e-16  -6.4231970e-16  -3.7999001e-16  -7.1557668e-16  -1.1453548e-16  1.9491722e-17  -6.4219525e-16  5.3411487e-17  1.0000000   7.0091007e-16  2.4600603e-17  -1.7166655e-16  5.1106337e-16  2.0468293e-16  -8.5952880e-17  -4.8032092e-16  6.0458150e-16  -1.8597336e-18  1.0592094e-16  -5.0038199e-16  4.1230539e-16  -3.9542597e-16  -5.3473744e-17  1.0934369e-15  -6.4384157e-16  -2.4449929e-16  3.1760160e-16  -2.9408679e-16  2.7457026e-16  -8.7841138e-18  -2.7509272e-16  1.5557408e-16  -6.4231970e-16  -3.7999001e-16  
1.3058588e-16  -5.1296429e-16  1.5529645e-16  -7.2761034e-16  -8.9050184e-17  7.0091007e-16  1.0000000   -5.6598707e-16  -3.0184339e-16  -2.9497077e-17  -6.1171452e-16  4.3544405e-16  -2.9041087e-17  -1.2633769e-16  2.5685339e-16  -1.0617413e-16  2.3459769e-16  -4.1779679e-16  -1.6547426e-17  -8.7454389e-16  -5.5414897e-16  -1.1124189e-16  7.2823523e-16  3.8448419e-16  1.9375716e-17  -5.6382868e-16  2.5511604e-16  -5.1315745e-16  1.4225593e-16  -2.4652741e-16  -4.1810930e-16  1.3058588e-16  -5.1296429e-16  1.5529645e-16  -7.2761034e-16  -8.9050184e-17  7.0091007e-16  1.0000000   -5.6598707e-16  -3.0184339e-16  -2.9497077e-17  -6.1171452e-16  4.3544405e-16  -2.9041087e-17  -1.2633769e-16  2.5685339e-16  -1.0617413e-16  2.3459769e-16  -4.1779679e-16  -1.6547426e-17  -8.7454389e-16  -5.5414897e-16  -1.1124189e-16  7.2823523e-16  3.8448419e-16  1.9375716e-17  -5.6382868e-16  2.5511604e-16  -5.1315745e-16  1.4225593e-16  -2.4652741e-16  -4.1810930e-16  
-4.7552186e-17  2.6730515e-16  -2.6868250e-16  1.8513917e-16  -1.2651348e-16  2.4600603e-17  -5.6598707e-16  1.0000000   -5.7267595e-16  7.6679662e-16  8.6146978e-16  1.9176863e-16  -5.2736245e-17  -3.6782865e-16  7.0399397e-16  -7.8020213e-16  1.6019704e-16  2.6429009e-16  -6.5845033e-17  3.4293929e-16  -4.4021648e-16  -7.8967880e-17  -6.4386776e-16  3.3940094e-16  -1.3631624e-16  3.2058236e-16  4.4462805e-16  5.8581908e-16  5.0981150e-16  3.1549575e-16  3.7505273e-16  -4.7552186e-17  2.6730515e-16  -2.6868250e-16  1.8513917e-16  -1.2651348e-16  2.4600603e-17  -5.6598707e-16  1.0000000   -5.7267595e-16  7.6679662e-16  8.6146978e-16  1.9176863e-16  -5.2736245e-17  -3.6782865e-16  7.0399397e-16  -7.8020213e-16  1.6019704e-16  2.6429009e-16  -6.5845033e-17  3.4293929e-16  -4.4021648e-16  -7.8967880e-17  -6.4386776e-16  3.3940094e-16  -1.3631624e-16  3.2058236e-16  4.4462805e-16  5.8581908e-16  5.0981150e-16  3.1549575e-16  3.7505273e-16  
-3.4633881e-16  -6.8333418e-16  -2.4553319e-16  6.9403013e-17  5.5009893e-16  -1.7166655e-16  -3.0184339e-16  -5.7267595e-16  1.0000000   3.7585515e-16  9.0040438e-17  -5.8548301e-16  1.5591832e-16  1.1431151e-15  -2.5364460e-16  -1.6241086e-16  -1.0206730e-16  -1.9638059e-16  3.7583363e-16  -3.1530634e-16  1.1088223e-16  -3.1887149e-16  4.3877460e-16  -3.5359584e-17  1.7011144e-16  9.5979201e-16  -5.2261828e-16  -4.5505957e-16  -4.0022845e-16  2.2143355e-16  1.8706020e-16  -3.4633881e-16  -6.8333418e-16  -2.4553319e-16  6.9403013e-17  5.5009893e-16  -1.7166655e-16  -3.0184339e-16  -5.7267595e-16  1.0000000   3.7585515e-16  9.0040438e-17  -5.8548301e-16  1.5591832e-16  1.1431151e-15  -2.5364460e-16  -1.6241086e-16  -1.0206730e-16  -1.9638059e-16  3.7583363e-16  -3.1530634e-16  1.1088223e-16  -3.1887149e-16  4.3877460e-16  -3.5359584e-17  1.7011144e-16  9.5979201e-16  -5.2261828e-16  -4.5505957e-16  -4.0022845e-16  2.2143355e-16  1.8706020e-16  
-5.8857074e-16  -3.8743298e-16  3.0532848e-16  -6.1603507e-17  4.2686812e-16  5.1106337e-16  -2.9497077e-17  7.6679662e-16  3.7585515e-16  1.0000000   -5.4745905e-16  -5.7460724e-16  4.1396049e-16  -3.0770482e-16  -8.0113369e-18  7.9240084e-17  -2.1635284e-16  2.1851692e-16  -1.6343006e-16  3.1032895e-16  -2.2914881e-16  4.6637733e-16  2.1551698e-17  1.4088691e-16  -5.3837024e-16  2.8840624e-16  -4.6673756e-16  3.9762917e-16  -9.7761709e-17  -5.5948935e-16  4.2662572e-16  -5.8857074e-16  -3.8743298e-16  3.0532848e-16  -6.1603507e-17  4.2686812e-16  5.1106337e-16  -2.9497077e-17  7.6679662e-16  3.7585515e-16  1.0000000   -5.4745905e-16  -5.7460724e-16  4.1396049e-16  -3.0770482e-16  -8.0113369e-18  7.9240084e-17  -2.1635284e-16  2.1851692e-16  -1.6343006e-16  3.1032895e-16  -2.2914881e-16  4.6637733e-16  2.1551698e-17  1.4088691e-16  -5.3837024e-16  2.8840624e-16  -4.6673756e-16  3.9762917e-16  -9.7761709e-17  -5.5948935e-16  4.2662572e-16  
