1.0000000   -3.2561881e-16  1.5334909e-16  -4.2326130e-16  -3.3426819e-16  6.1516357e-16  6.0347739e-16  -5.1646021e-16  9.0393527e-17  1.8059035e-16  -5.8215463e-16  -5.2099349e-16  6.3880620e-16  -6.8402734e-16  5.5068694e-16  -6.0322742e-18  -4.2967305e-16  2.7226007e-16  -3.6250961e-16  -3.3023271e-16  -2.7152570e-16  -8.1934065e-16  -1.1373679e-16  5.4337193e-17  -4.6543419e-16  4.7263071e-16  4.5890272e-16  -1.0763752e-16  -4.3052121e-17  -3.8027998e-16  -3.0024889e-16  1.0000000   -3.2561881e-16  1.5334909e-16  -4.2326130e-16  -3.3426819e-16  6.1516357e-16  6.0347739e-16  -5.1646021e-16  9.0393527e-17  1.8059035e-16  -5.8215463e-16  -5.2099349e-16  6.3880620e-16  -6.8402734e-16  5.5068694e-16  -6.0322742e-18  -4.2967305e-16  2.7226007e-16  -3.6250961e-16  -3.3023271e-16  -2.7152570e-16  -8.1934065e-16  -1.1373679e-16  5.4337193e-17  -4.6543419e-16  4.7263071e-16  4.5890272e-16  -1.0763752e-16  -4.3052121e-17  -3.8027998e-16  -3.0024889e-16  
-3.2561881e-16  1.0000000   1.1435527e-17  -4.4539944e-16  -4.7503504e-16  6.0994518e-16  -2.0617720e-16  5.3798128e-16  -2.4488642e-16  -2.5350846e-16  1.6548960e-16  3.0921938e-16  4.6114981e-16  -8.5289442e-17  6.9182480e-16  -3.3758262e-16  4.0482701e-16  4.2133006e-16  -1.1603459e-16  -2.2534667e-16  -2.8609921e-16  5.5168498e-16  -3.5269647e-16  -7.9716071e-17  -4.2841869e-16  -1.7424492e-16  -8.0447475e-16  -3.8199600e-16  1.2503735e-16  -4.6572664e-17  -2.8238384e-16  -3.2561881e-16  1.0000000   1.1435527e-17  -4.4539944e-16  -4.7503504e-16  6.0994518e-16  -2.0617720e-16  5.3798128e-16  -2.4488642e-16  -2.5350846e-16  1.6548960e-16  3.0921938e-16  4.6114981e-16  -8.5289442e-17  6.9182480e-16  -3.3758262e-16  4.0482701e-16  4.2133006e-16  -1.1603459e-16  -2.2534667e-16  -2.8609921e-16  5.5168498e-16  -3.5269647e-16  -7.9716071e-17  -4.2841869e-16  -1.7424492e-16  -8.0447475e-16  -3.8199600e-16  1.2503735e-16  -4.6572664e-17  -2.8238384e-16  
1.5334909e-16  1.1435527e-17  1.0000000   7.8988438e-17  -3.3066878e-16  1.6320333e-17  1.7133822e-16  -6.2035346e-16  -1.1307066e-16  5.4939666e-16  -2.2880062e-16  -2.1810912e-16  3.8288449e-16  -3.0764510e-16  -7.2749880e-16  2.1005904e-17  -9.9832428e-19  5.4386786e-16  7.1067200e-16  4.8467587e-16  -3.1712828e-16  2.1152293e-16  1.1667520e-16  6.9080909e-16  -5.9286258e-16  1.1219038e-15  -2.5635902e-17  7.8760398e-17  -3.1727809e-16  -4.4431187e-16  9.5074277e-17  1.5334909e-16  1.1435527e-17  1.0000000   7.8988438e-17  -3.3066878e-16  1.6320333e-17  1.7133822e-16  -6.2035346e-16  -1.1307066e-16  5.4939666e-16  -2.2880062e-16  -2.1810912e-16  3.8288449e-16  -3.0764510e-16  -7.2749880e-16  2.1005904e-17  -9.9832428e-19  5.4386786e-16  7.1067200e-16  4.8467587e-16  -3.1712828e-16  2.1152293e-16  1.1667520e-16  6.9080909e-16  -5.9286258e-16  1.1219038e-15  -2.5635902e-17  7.8760398e-17  -3.1727809e-16  -4.4431187e-16  9.5074277e-17  
-4.2326130e-16  -4.4539944e-16  7.8988438e-17  1.0000000   -9.8135798e-19  2.3138776e-16  4.9509791e-16  5.4710520e-18  -8.7007796e-16  4.9889420e-17  2.1528589e-16  -5.9254590e-16  -3.3599043e-16  1.0796721e-16  8.4539655e-17  7.4751687e-17  3.7413098e-16  4.7264377e-16  -1.7667998e-16  5.5904765e-16  -7.2849175e-16  7.1420455e-16  -5.2382562e-17  -1.2368281e-16  -1.1716360e-16  -2.0812647e-16  -8.4589752e-16  3.4388352e-16  -2.8564958e-16  -3.1023770e-16  -2.0864691e-16  -4.2326130e-16  -4.4539944e-16  7.8988438e-17  1.0000000   -9.8135798e-19  2.3138776e-16  4.9509791e-16  5.4710520e-18  -8.7007796e-16  4.9889420e-17  2.1528589e-16  -5.9254590e-16  -3.3599043e-16  1.0796721e-16  8.4539655e-17  7.4751687e-17  3.7413098e-16  4.7264377e-16  -1.7667998e-16  5.5904765e-16  -7.2849175e-16  7.1420455e-16  -5.2382562e-17  -1.2368281e-16  -1.1716360e-16  -2.0812647e-16  -8.4589752e-16  3.4388352e-16  -2.8564958e-16  -3.1023770e-16  -2.0864691e-16  
-3.3426819e-16  -4.7503504e-16  -3.3066878e-16  -9.8135798e-19  1.0000000   5.0567670e-16  -5.9767777e-16  4.7840291e-17  -2.1894120e-16  2.4662614e-16  -4.4859263e-16  -2.5681721e-16  -3.8870916e-17  5.1663012e-16  -2.3267874e-16  6.4228871e-18  -1.5509035e-16  2.0009129e-16  1.2517246e-16  4.4738650e-16  -1.2900842e-16  -4.1526588e-16  -2.6218295e-16  -2.2530940e-16  1.4926167e-16  3.5494836e-16  6.4788134e-16  -3.5186070e-16  -4.4711458e-16  9.0837297e-17  -1.2786723e-16  -3.3426819e-16  -4.7503504e-16  -3.3066878e-16  -9.8135798e-19  1.0000000   5.0567670e-16  -5.9767777e-16  4.7840291e-17  -2.1894120e-16  2.4662614e-16  -4.4859263e-16  -2.5681721e-16  -3.8870916e-17  5.1663012e-16  -2.3267874e-16  6.4228871e-18  -1.5509035e-16  2.0009129e-16  1.2517246e-16  4.4738650e-16  -1.2900842e-16  -4.1526588e-16  -2.6218295e-16  -2.2530940e-16  1.4926167e-16  3.5494836e-16  6.4788134e-16  -3.5186070e-16  -4.4711458e-16  9.0837297e-17  -1.2786723e-16  
6.1516357e-16  6.0994518e-16  1.6320333e-17  2.3138776e-16  5.0567670e-16  1.0000000   -5.0997781e-16  -9.2672043e-16  -2.0182879e-16  -2.5279963e-19  -1.4166341e-16  6.5222832e-16  8.3199738e-17  6.1452895e-17  -2.4944007e-16  -1.4409082e-16  -6.9048604e-16  1.1633010e-16  -7.5447888e-16  5.5774690e-16  2.6153066e-16  4.3741004e-16  -4.2121185e-16  -2.5391206e-16  1.3545830e-16  2.2384948e-16  -3.2545474e-17  -1.2100910e-16  5.5164957e-17  2.5061311e-16  3.6851363e-17  6.1516357e-16  6.0994518e-16  1.6320333e-17  2.3138776e-16  5.0567670e-16  1.0000000   -5.0997781e-16  -9.2672043e-16  -2.0182879e-16  -2.5279963e-19  -1.4166341e-16  6.5222832e-16  8.3199738e-17  6.1452895e-17  -2.4944007e-16  -1.4409082e-16  -6.9048604e-16  1.1633010e-16  -7.5447888e-16  5.5774690e-16  2.6153066e-16  4.3741004e-16  -4.2121185e-16  -2.5391206e-16  1.3545830e-16  2.2384948e-16  -3.2545474e-17  -1.2100910e-16  5.5164957e-17  2.5061311e-16  3.6851363e-17  
6.0347739e-16  -2.0617720e-16  1.7133822e-16  4.9509791e-16  -5.9767777e-16  -5.0997781e-16  1.0000000   3.5802157e-16  3.4609003e-16  -1.0585316e-16  -4.6012511e-16  -1.6572885e-16  -7.7308234e-18  -3.8261681e-16  -3.4129244e-17  6.0802477e-16  -2.1424135e-16  -2.1655974e-17  -5.2396701e-16  5.5055036e-17  2.3199214e-16  5.7090665e-16  -2.7563077e-16  6.8749436e-16  -3.5488689e-17  -3.4752760e-16  -4.9971184e-16  -2.7960188e-16  -1.0923256e-16  -2.1087150e-16  3.2854423e-18  6.0347739e-16  -2.0617720e-16  1.7133822e-16  4.9509791e-16  -5.9767777e-16  -5.0997781e-16  1.0000000   3.5802157e-16  3.4609003e-16  -1.0585316e-16  -4.6012511e-16  -1.6572885e-16  -7.7308234e-18  -3.8261681e-16  -3.4129244e-17  6.0802477e-16  -2.1424135e-16  -2.1655974e-17  -5.2396701e-16  5.5055036e-17  2.3199214e-16  5.7090665e-16  -2.7563077e-16  6.8749436e-16  -3.5488689e-17  -3.4752760e-16  -4.9971184e-16  -2.7960188e-16  -1.0923256e-16  -2.1087150e-16  3.2854423e-18  
-5.1646021e-16  5.3798128e-16  -6.2035346e-16  5.4710520e-18  4.7840291e-17  -9.2672043e-16  3.5802157e-16  1.0000000   9.8787606e-17  7.0979280e-16  4.6657147e-16  1.1518571e-17  6.0382871e-16  6.5234456e-16  3.3980766e-16  -1.7954340e-16  -1.5025622e-16  -1.5649202e-16  -5.6046914e-16  -3.2776913e-17  -3.0862448e-16  7.8125353e-17  6.2187430e-18  -2.5140017e-16  1.3598216e-16  3.1075471e-16  1.7344280e-17  -3.0400099e-16  2.9364985e-16  -1.6529704e-16  2.4018328e-16  -5.1646021e-16  5.3798128e-16  -6.2035346e-16  5.4710520e-18  4.7840291e-17  -9.2672043e-16  3.5802157e-16  1.0000000   9.8787606e-17  7.0979280e-16  4.6657147e-16  1.1518571e-17  6.0382871e-16  6.5234456e-16  3.3980766e-16  -1.7954340e-16  -1.5025622e-16  -1.5649202e-16  -5.6046914e-16  -3.2776913e-17  -3.0862448e-16  7.8125353e-17  6.2187430e-18  -2.5140017e-16  1.3598216e-16  3.1075471e-16  1.7344280e-17  -3.0400099e-16  2.9364985e-16  -1.6529704e-16  2.4018328e-16  
9.0393527e-17  -2.4488642e-16  -1.1307066e-16  -8.7007796e-16  -2.1894120e-16  -2.0182879e-16  3.4609003e-16  9.8787606e-17  1.0000000   4.9138170e-16  -6.9035224e-17  -2.2970113e-16  4.4066299e-16  -1.3713827e-16  5.3993260e-16  -7.0237677e-17  7.0686539e-16  2.4096283e-16  5.0013438e-16  -3.2321082e-16  -3.0812174e-16  1.0794677e-15  2.2636998e-16  -1.8134610e-16  -8.9323305e-17  -6.1669185e-16  1.6013294e-16  -5.3679956e-16  5.7811608e-17  -2.7057291e-17  5.2552431e-16  9.0393527e-17  -2.4488642e-16  -1.1307066e-16  -8.7007796e-16  -2.1894120e-16  -2.0182879e-16  3.4609003e-16  9.8787606e-17  1.0000000   4.9138170e-16  -6.9035224e-17  -2.2970113e-16  4.4066299e-16  -1.3713827e-16  5.3993260e-16  -7.0237677e-17  7.0686539e-16  2.4096283e-16  5.0013438e-16  -3.2321082e-16  -3.0812174e-16  1.0794677e-15  2.2636998e-16  -1.8134610e-16  -8.9323305e-17  -6.1669185e-16  1.6013294e-16  -5.3679956e-16  5.7811608e-17  -2.7057291e-17  5.2552431e-16  
1.8059035e-16  -2.5350846e-16  5.4939666e-16  4.9889420e-17  2.4662614e-16  -2.5279963e-19  -1.0585316e-16  7.0979280e-16  4.9138170e-16  1.0000000   3.2566146e-16  -5.1152827e-16  4.1336888e-16  -1.9829018e-16  -1.7824286e-17  -2.2067029e-16  1.3132401e-16  3.4098450e-16  -7.8543833e-16  9.3359846e-17  3.1772403e-16  -8.3866167e-16  -3.8175725e-16  -5.4139978e-17  1.7825234e-16  6.4055380e-16  -3.4816409e-16  -2.3473809e-16  3.6471587e-16  2.4672898e-16  1.2740519e-16  1.8059035e-16  -2.5350846e-16  5.4939666e-16  4.9889420e-17  2.4662614e-16  -2.5279963e-19  -1.0585316e-16  7.0979280e-16  4.9138170e-16  1.0000000   3.2566146e-16  -5.1152827e-16  4.1336888e-16  -1.9829018e-16  -1.7824286e-17  -2.2067029e-16  1.3132401e-16  3.4098450e-16  -7.8543833e-16  9.3359846e-17  3.1772403e-16  -8.3866167e-16  -3.8175725e-16  -5.4139978e-17  1.7825234e-16  6.4055380e-16  -3.4816409e-16  -2.3473809e-16  3.6471587e-16  2.4672898e-16  1.2740519e-16  
-5.8215463e-16  1.6548960e-16  -2.2880062e-16  2.1528589e-16  -4.4859263e-16  -1.4166341e-16  -4.6012511e-16  4.6657147e-16  -6.9035224e-17  3.2566146e-16  1.0000000   5.3653083e-16  -6.7995601e-16  -7.4241917e-16  7.3072298e-17  1.0418525e-16  -5.7685424e-16  -1.2035882e-16  1.8398726e-16  3.1995009e-16  -1.0016130e-16  -6.1023448e-16  -4.5606313e-16  1.4578797e-16  -9.8293707e-18  1.2396207e-16  1.7277429e-16  7.8335326e-16  -3.0017326e-16  -4.2777204e-16  -4.9566623e-16  -5.8215463e-16  1.6548960e-16  -2.2880062e-16  2.1528589e-16  -4.4859263e-16  -1.4166341e-16  -4.6012511e-16  4.6657147e-16  -6.9035224e-17  3.2566146e-16  1.0000000   5.3653083e-16  -6.7995601e-16  -7.4241917e-16  7.3072298e-17  1.0418525e-16  -5.7685424e-16  -1.2035882e-16  1.8398726e-16  3.1995009e-16  -1.0016130e-16  -6.1023448e-16  -4.5606313e-16  1.4578797e-16  -9.8293707e-18  1.2396207e-16  1.7277429e-16  7.8335326e-16  -3.0017326e-16  -4.2777204e-16  -4.9566623e-16  
-5.2099349e-16  3.0921938e-16  -2.1810912e-16  -5.9254590e-16  -2.5681721e-16  6.5222832e-16  -1.6572885e-16  1.1518571e-17  -2.2970113e-16  -5.1152827e-16  5.3653083e-16  1.0000000   5.4017756e-16  -1.0438275e-15  1.5517953e-16  -3.2165413e-16  -5.0480219e-18  1.8619692e-16  3.5777889e-16  5.7944497e-16  9.0403918e-17  -1.1165016e-15  -4.8034220e-16  1.1097181e-16  3.6999858e-16  1.2885013e-16  1.9279946e-16  -1.4997615e-16  -2.6541747e-16  -3.3258321e-16  4.9029448e-16  -5.2099349e-16  3.0921938e-16  -2.1810912e-16  -5.9254590e-16  -2.5681721e-16  6.5222832e-16  -1.6572885e-16  1.1518571e-17  -2.2970113e-16  -5.1152827e-16  5.3653083e-16  1.0000000   5.4017756e-16  -1.0438275e-15  1.5517953e-16  -3.2165413e-16  -5.0480219e-18  1.8619692e-16  3.5777889e-16  5.7944497e-16  9.0403918e-17  -1.1165016e-15  -4.8034220e-16  1.1097181e-16  3.6999858e-16  1.2885013e-16  1.9279946e-16  -1.4997615e-16  -2.6541747e-16  -3.3258321e-16  4.9029448e-16  
6.3880620e-16  4.6114981e-16  3.8288449e-16  -3.3599043e-16  -3.8870916e-17  8.3199738e-17  -7.7308234e-18  6.0382871e-16  4.4066299e-16  4.1336888e-16  -6.7995601e-16  5.4017756e-16  1.0000000   1.1284083e-15  -1.0916834e-17  1.0566582e-16  1.5681027e-16  -4.3038503e-16  -5.8289419e-16  2.8068312e-16  -3.8961648e-16  7.2386169e-16  2.0770979e-16  -1.0676453e-17  3.7986260e-16  1.4766967e-17  4.1613895e-17  -3.3017713e-16  9.8510834e-17  -3.6864819e-16  -1.0609039e-15  6.3880620e-16  4.6114981e-16  3.8288449e-16  -3.3599043e-16  -3.8870916e-17  8.3199738e-17  -7.7308234e-18  6.0382871e-16  4.4066299e-16  4.1336888e-16  -6.7995601e-16  5.4017756e-16  1.0000000   1.1284083e-15  -1.0916834e-17  1.0566582e-16  1.5681027e-16  -4.3038503e-16  -5.8289419e-16  2.8068312e-16  -3.8961648e-16  7.2386169e-16  2.0770979e-16  -1.0676453e-17  3.7986260e-16  1.4766967e-17  4.1613895e-17  -3.3017713e-16  9.8510834e-17  -3.6864819e-16  -1.0609039e-15  
-6.8402734e-16  -8.5289442e-17  -3.0764510e-16  1.0796721e-16  5.1663012e-16  6.1452895e-17  -3.8261681e-16  6.5234456e-16  -1.3713827e-16  -1.9829018e-16  -7.4241917e-16  -1.0438275e-15  1.1284083e-15  1.0000000   9.2602329e-17  -4.7913589e-16  6.3420784e-16  -5.5155317e-16  -5.1773066e-17  -3.4833720e-16  1.6273461e-16  -1.0581727e-16  -1.4510316e-16  2.7439990e-16  -2.8127344e-16  -3.3491609e-16  1.9482209e-16  -7.1248023e-16  2.7261304e-16  7.4513817e-16  -4.9693385e-17  -6.8402734e-16  -8.5289442e-17  -3.0764510e-16  1.0796721e-16  5.1663012e-16  6.1452895e-17  -3.8261681e-16  6.5234456e-16  -1.3713827e-16  -1.9829018e-16  -7.4241917e-16  -1.0438275e-15  1.1284083e-15  1.0000000   9.2602329e-17  -4.7913589e-16  6.3420784e-16  -5.5155317e-16  -5.1773066e-17  -3.4833720e-16  1.6273461e-16  -1.0581727e-16  -1.4510316e-16  2.7439990e-16  -2.8127344e-16  -3.3491609e-16  1.9482209e-16  -7.1248023e-16  2.7261304e-16  7.4513817e-16  -4.9693385e-17  
5.5068694e-16  6.9182480e-16  -7.2749880e-16  8.4539655e-17  -2.3267874e-16  -2.4944007e-16  -3.4129244e-17  3.3980766e-16  5.3993260e-16  -1.7824286e-17  7.3072298e-17  1.5517953e-16  -1.0916834e-17  9.2602329e-17  1.0000000   -5.2233253e-16  5.6515093e-16  -5.5360348e-17  -2.3894016e-16  -2.3149669e-17  3.9706103e-16  -4.2318405e-17  5.5912331e-18  1.7702129e-16  2.7997927e-16  -5.4401657e-17  9.8406015e-17  4.2907303e-16  6.7564579e-17  3.8146649e-16  -2.0739753e-16  5.5068694e-16  6.9182480e-16  -7.2749880e-16  8.4539655e-17  -2.3267874e-16  -2.4944007e-16  -3.4129244e-17  3.3980766e-16  5.3993260e-16  -1.7824286e-17  7.3072298e-17  1.5517953e-16  -1.0916834e-17  9.2602329e-17  1.0000000   -5.2233253e-16  5.6515093e-16  -5.5360348e-17  -2.3894016e-16  -2.3149669e-17  3.9706103e-16  -4.2318405e-17  5.5912331e-18  1.7702129e-16  2.7997927e-16  -5.4401657e-17  9.8406015e-17  4.2907303e-16  6.7564579e-17  3.8146649e-16  -2.0739753e-16  
-6.0322742e-18  -3.3758262e-16  2.1005904e-17  7.4751687e-17  6.4228871e-18  -1.4409082e-16  6.0802477e-16  -1.7954340e-16  -7.0237677e-17  -2.2067029e-16  1.0418525e-16  -3.2165413e-16  1.0566582e-16  -4.7913589e-16  -5.2233253e-16  1.0000000   -1.9919946e-16  -2.9172130e-16  5.5242003e-17  3.0866551e-16  -1.4268486e-16  2.9643698e-17  -1.0931628e-16  4.9707682e-16  -1.3118278e-16  -3.6423438e-16  -7.1466155e-18  -7.0080426e-16  6.4227964e-17  -4.4397328e-16  -3.9485332e-16  -6.0322742e-18  -3.3758262e-16  2.1005904e-17  7.4751687e-17  6.4228871e-18  -1.4409082e-16  6.0802477e-16  -1.7954340e-16  -7.0237677e-17  -2.2067029e-16  1.0418525e-16  -3.2165413e-16  1.0566582e-16  -4.7913589e-16  -5.2233253e-16  1.0000000   -1.9919946e-16  -2.9172130e-16  5.5242003e-17  3.0866551e-16  -1.4268486e-16  2.9643698e-17  -1.0931628e-16  4.9707682e-16  -1.3118278e-16  -3.6423438e-16  -7.1466155e-18  -7.0080426e-16  6.4227964e-17  -4.4397328e-16  -3.9485332e-16  
-4.2967305e-16  4.0482701e-16  -9.9832428e-19  3.7413098e-16  -1.5509035e-16  -6.9048604e-16  -2.1424135e-16  -1.5025622e-16  7.0686539e-16  1.3132401e-16  -5.7685424e-16  -5.0480219e-18  1.5681027e-16  6.3420784e-16  5.6515093e-16  -1.9919946e-16  1.0000000   5.4893199e-16  1.4544182e-16  7.0215907e-16  -4.0149032e-16  7.3124642e-16  2.8866008e-16  3.7924873e-17  1.4426181e-16  4.2068497e-17  3.4723937e-16  -4.5050949e-16  -3.8783391e-16  -1.3311065e-16  4.4542897e-16  -4.2967305e-16  4.0482701e-16  -9.9832428e-19  3.7413098e-16  -1.5509035e-16  -6.9048604e-16  -2.1424135e-16  -1.5025622e-16  7.0686539e-16  1.3132401e-16  -5.7685424e-16  -5.0480219e-18  1.5681027e-16  6.3420784e-16  5.6515093e-16  -1.9919946e-16  1.0000000   5.4893199e-16  1.4544182e-16  7.0215907e-16  -4.0149032e-16  7.3124642e-16  2.8866008e-16  3.7924873e-17  1.4426181e-16  4.2068497e-17  3.4723937e-16  -4.5050949e-16  -3.8783391e-16  -1.3311065e-16  4.4542897e-16  
2.7226007e-16  4.2133006e-16  5.4386786e-16  4.7264377e-16  2.0009129e-16  1.1633010e-16  -2.1655974e-17  -1.5649202e-16  2.4096283e-16  3.4098450e-16  -1.2035882e-16  1.8619692e-16  -4.3038503e-16  -5.5155317e-16  -5.5360348e-17  -2.9172130e-16  5.4893199e-16  1.0000000   -1.6645652e-16  -6.0857090e-17  -7.4610684e-16  -2.8018478e-16  3.1658661e-16  -4.0391269e-16  -2.9375673e-16  -4.5111736e-16  2.9796816e-16  6.0667967e-16  4.3791837e-16  -2.8977444e-16  -4.4504004e-18  2.7226007e-16  4.2133006e-16  5.4386786e-16  4.7264377e-16  2.0009129e-16  1.1633010e-16  -2.1655974e-17  -1.5649202e-16  2.4096283e-16  3.4098450e-16  -1.2035882e-16  1.8619692e-16  -4.3038503e-16  -5.5155317e-16  -5.5360348e-17  -2.9172130e-16  5.4893199e-16  1.0000000   -1.6645652e-16  -6.0857090e-17  -7.4610684e-16  -2.8018478e-16  3.1658661e-16  -4.0391269e-16  -2.9375673e-16  -4.5111736e-16  2.9796816e-16  6.0667967e-16  4.3791837e-16  -2.8977444e-16  -4.4504004e-18  
-3.6250961e-16  -1.1603459e-16  7.1067200e-16  -1.7667998e-16  1.2517246e-16  -7.5447888e-16  -5.2396701e-16  -5.6046914e-16  5.0013438e-16  -7.8543833e-16  1.8398726e-16  3.5777889e-16  -5.8289419e-16  -5.1773066e-17  -2.3894016e-16  5.5242003e-17  1.4544182e-16  -1.6645652e-16  1.0000000   -3.5054574e-17  3.2771122e-17  -3.1571402e-16  1.5244040e-16  -4.9323132e-16  1.9993310e-16  2.9753752e-16  7.1402004e-16  -4.6883373e-16  -1.0792113e-17  3.4892650e-16  3.7977641e-16  -3.6250961e-16  -1.1603459e-16  7.1067200e-16  -1.7667998e-16  1.2517246e-16  -7.5447888e-16  -5.2396701e-16  -5.6046914e-16  5.0013438e-16  -7.8543833e-16  1.8398726e-16  3.5777889e-16  -5.8289419e-16  -5.1773066e-17  -2.3894016e-16  5.5242003e-17  1.4544182e-16  -1.6645652e-16  1.0000000   -3.5054574e-17  3.2771122e-17  -3.1571402e-16  1.5244040e-16  -4.9323132e-16  1.9993310e-16  2.9753752e-16  7.1402004e-16  -4.6883373e-16  -1.0792113e-17  3.4892650e-16  3.7977641e-16  
-3.3023271e-16  -2.2534667e-16  4.8467587e-16  5.5904765e-16  4.4738650e-16  5.5774690e-16  5.5055036e-17  -3.2776913e-17  -3.2321082e-16  9.3359846e-17  3.1995009e-16  5.7944497e-16  2.8068312e-16  -3.4833720e-16  -2.3149669e-17  3.0866551e-16  7.0215907e-16  -6.0857090e-17  -3.5054574e-17  1.0000000   1.5177910e-16  4.2587451e-16  -3.0654712e-16  -5.6131801e-16  -4.7807724e-16  5.2773993e-16  2.5615189e-16  -3.6674196e-16  -2.1386978e-17  -5.5043719e-16  2.8308196e-16  -3.3023271e-16  -2.2534667e-16  4.8467587e-16  5.5904765e-16  4.4738650e-16  5.5774690e-16  5.5055036e-17  -3.2776913e-17  -3.2321082e-16  9.3359846e-17  3.1995009e-16  5.7944497e-16  2.8068312e-16  -3.4833720e-16  -2.3149669e-17  3.0866551e-16  7.0215907e-16  -6.0857090e-17  -3.5054574e-17  1.0000000   1.5177910e-16  4.2587451e-16  -3.0654712e-16  -5.6131801e-16  -4.7807724e-16  5.2773993e-16  2.5615189e-16  -3.6674196e-16  -2.1386978e-17  -5.5043719e-16  2.8308196e-16  
-2.7152570e-16  -2.8609921e-16  -3.1712828e-16  -7.2849175e-16  -1.2900842e-16  2.6153066e-16  2.3199214e-16  -3.0862448e-16  -3.0812174e-16  3.1772403e-16  -1.0016130e-16  9.0403918e-17  -3.8961648e-16  1.6273461e-16  3.9706103e-16  -1.4268486e-16  -4.0149032e-16  -7.4610684e-16  3.2771122e-17  1.5177910e-16  1.0000000   -4.1426585e-16  5.4296883e-16  -2.3229925e-16  7.2122752e-16  3.5429245e-16  -5.3596165e-17  -2.7202399e-16  -2.2828991e-16  8.7838831e-17  -7.8825214e-16  -2.7152570e-16  -2.8609921e-16  -3.1712828e-16  -7.2849175e-16  -1.2900842e-16  2.6153066e-16  2.3199214e-16  -3.0862448e-16  -3.0812174e-16  3.1772403e-16  -1.0016130e-16  9.0403918e-17  -3.8961648e-16  1.6273461e-16  3.9706103e-16  -1.4268486e-16  -4.0149032e-16  -7.4610684e-16  3.2771122e-17  1.5177910e-16  1.0000000   -4.1426585e-16  5.4296883e-16  -2.3229925e-16  7.2122752e-16  3.5429245e-16  -5.3596165e-17  -2.7202399e-16  -2.2828991e-16  8.7838831e-17  -7.8825214e-16  
-8.1934065e-16  5.5168498e-16  2.1152293e-16  7.1420455e-16  -4.1526588e-16  4.3741004e-16  5.7090665e-16  7.8125353e-17  1.0794677e-15  -8.3866167e-16  -6.1023448e-16  -1.1165016e-15  7.2386169e-16  -1.0581727e-16  -4.2318405e-17  2.9643698e-17  7.3124642e-16  -2.8018478e-16  -3.1571402e-16  4.2587451e-16  -4.1426585e-16  1.0000000   7.6204107e-16  -4.7711693e-16  -1.6738203e-16  -5.0550245e-17  3.2734117e-16  5.5553555e-16  -4.1526509e-16  -6.7950582e-16  3.7141160e-16  -8.1934065e-16  5.5168498e-16  2.1152293e-16  7.1420455e-16  -4.1526588e-16  4.3741004e-16  5.7090665e-16  7.8125353e-17  1.0794677e-15  -8.3866167e-16  -6.1023448e-16  -1.1165016e-15  7.2386169e-16  -1.0581727e-16  -4.2318405e-17  2.9643698e-17  7.3124642e-16  -2.8018478e-16  -3.1571402e-16  4.2587451e-16  -4.1426585e-16  1.0000000   7.6204107e-16  -4.7711693e-16  -1.6738203e-16  -5.0550245e-17  3.2734117e-16  5.5553555e-16  -4.1526509e-16  -6.7950582e-16  3.7141160e-16  
-1.1373679e-16  -3.5269647e-16  1.1667520e-16  -5.2382562e-17  -2.6218295e-16  -4.2121185e-16  -2.7563077e-16  6.2187430e-18  2.2636998e-16  -3.8175725e-16  -4.5606313e-16  -4.8034220e-16  2.0770979e-16  -1.4510316e-16  5.5912331e-18  -1.0931628e-16  2.8866008e-16  3.1658661e-16  1.5244040e-16  -3.0654712e-16  5.4296883e-16  7.6204107e-16  1.0000000   1.1384523e-16  1.9476434e-17  -3.1035154e-16  2.1808880e-16  6.0837721e-17  -4.6304070e-17  -2.1776520e-16  -3.8252220e-17  -1.1373679e-16  -3.5269647e-16  1.1667520e-16  -5.2382562e-17  -2.6218295e-16  -4.2121185e-16  -2.7563077e-16  6.2187430e-18  2.2636998e-16  -3.8175725e-16  -4.5606313e-16  -4.8034220e-16  2.0770979e-16  -1.4510316e-16  5.5912331e-18  -1.0931628e-16  2.8866008e-16  3.1658661e-16  1.5244040e-16  -3.0654712e-16  5.4296883e-16  7.6204107e-16  1.0000000   1.1384523e-16  1.9476434e-17  -3.1035154e-16  2.1808880e-16  6.0837721e-17  -4.6304070e-17  -2.1776520e-16  -3.8252220e-17  
5.4337193e-17  -7.9716071e-17  6.9080909e-16  -1.2368281e-16  -2.2530940e-16  -2.5391206e-16  6.8749436e-16  -2.5140017e-16  -1.8134610e-16  -5.4139978e-17  1.4578797e-16  1.1097181e-16  -1.0676453e-17  2.7439990e-16  1.7702129e-16  4.9707682e-16  3.7924873e-17  -4.0391269e-16  -4.9323132e-16  -5.6131801e-16  -2.3229925e-16  -4.7711693e-16  1.1384523e-16  1.0000000   -4.5022052e-16  -1.1855420e-16  -5.9383250e-17  3.4918390e-16  2.3137837e-16  -2.0770049e-16  4.0579566e-16  5.4337193e-17  -7.9716071e-17  6.9080909e-16  -1.2368281e-16  -2.2530940e-16  -2.5391206e-16  6.8749436e-16  -2.5140017e-16  -1.8134610e-16  -5.4139978e-17  1.4578797e-16  1.1097181e-16  -1.0676453e-17  2.7439990e-16  1.7702129e-16  4.9707682e-16  3.7924873e-17  -4.0391269e-16  -4.9323132e-16  -5.6131801e-16  -2.3229925e-16  -4.7711693e-16  1.1384523e-16  1.0000000   -4.5022052e-16  -1.1855420e-16  -5.9383250e-17  3.4918390e-16  2.3137837e-16  -2.0770049e-16  4.0579566e-16  
-4.6543419e-16  -4.2841869e-16  -5.9286258e-16  -1.1716360e-16  1.4926167e-16  1.3545830e-16  -3.5488689e-17  1.3598216e-16  -8.9323305e-17  1.7825234e-16  -9.8293707e-18  3.6999858e-16  3.7986260e-16  -2.8127344e-16  2.7997927e-16  -1.3118278e-16  1.4426181e-16  -2.9375673e-16  1.9993310e-16  -4.7807724e-16  7.2122752e-16  -1.6738203e-16  1.9476434e-17  -4.5022052e-16  1.0000000   4.0868706e-17  2.6402314e-16  -6.2271757e-16  -9.8661435e-17  1.5839163e-16  4.0136875e-16  -4.6543419e-16  -4.2841869e-16  -5.9286258e-16  -1.1716360e-16  1.4926167e-16  1.3545830e-16  -3.5488689e-17  1.3598216e-16  -8.9323305e-17  1.7825234e-16  -9.8293707e-18  3.6999858e-16  3.7986260e-16  -2.8127344e-16  2.7997927e-16  -1.3118278e-16  1.4426181e-16  -2.9375673e-16  1.9993310e-16  -4.7807724e-16  7.2122752e-16  -1.6738203e-16  1.9476434e-17  -4.5022052e-16  1.0000000   4.0868706e-17  2.6402314e-16  -6.2271757e-16  -9.8661435e-17  1.5839163e-16  4.0136875e-16  
4.7263071e-16  -1.7424492e-16  1.1219038e-15  -2.0812647e-16  3.5494836e-16  2.2384948e-16  -3.4752760e-16  3.1075471e-16  -6.1669185e-16  6.4055380e-16  1.2396207e-16  1.2885013e-16  1.4766967e-17  -3.3491609e-16  -5.4401657e-17  -3.6423438e-16  4.2068497e-17  -4.5111736e-16  2.9753752e-16  5.2773993e-16  3.5429245e-16  -5.0550245e-17  -3.1035154e-16  -1.1855420e-16  4.0868706e-17  1.0000000   -5.6487433e-16  -1.6961669e-16  -2.9299705e-16  -8.5898050e-17  8.0497022e-17  4.7263071e-16  -1.7424492e-16  1.1219038e-15  -2.0812647e-16  3.5494836e-16  2.2384948e-16  -3.4752760e-16  3.1075471e-16  -6.1669185e-16  6.4055380e-16  1.2396207e-16  1.2885013e-16  1.4766967e-17  -3.3491609e-16  -5.4401657e-17  -3.6423438e-16  4.2068497e-17  -4.5111736e-16  2.9753752e-16  5.2773993e-16  3.5429245e-16  -5.0550245e-17  -3.1035154e-16  -1.1855420e-16  4.0868706e-17  1.0000000   -5.6487433e-16  -1.6961669e-16  -2.9299705e-16  -8.5898050e-17  8.0497022e-17  
4.5890272e-16  -8.0447475e-16  -2.5635902e-17  -8.4589752e-16  6.4788134e-16  -3.2545474e-17  -4.9971184e-16  1.7344280e-17  1.6013294e-16  -3.4816409e-16  1.7277429e-16  1.9279946e-16  4.1613895e-17  1.9482209e-16  9.8406015e-17  -7.1466155e-18  3.4723937e-16  2.9796816e-16  7.1402004e-16  2.5615189e-16  -5.3596165e-17  3.2734117e-16  2.1808880e-16  -5.9383250e-17  2.6402314e-16  -5.6487433e-16  1.0000000   4.5343280e-16  -7.2932762e-16  5.5660459e-16  2.3243121e-16  4.5890272e-16  -8.0447475e-16  -2.5635902e-17  -8.4589752e-16  6.4788134e-16  -3.2545474e-17  -4.9971184e-16  1.7344280e-17  1.6013294e-16  -3.4816409e-16  1.7277429e-16  1.9279946e-16  4.1613895e-17  1.9482209e-16  9.8406015e-17  -7.1466155e-18  3.4723937e-16  2.9796816e-16  7.1402004e-16  2.5615189e-16  -5.3596165e-17  3.2734117e-16  2.1808880e-16  -5.9383250e-17  2.6402314e-16  -5.6487433e-16  1.0000000   4.5343280e-16  -7.2932762e-16  5.5660459e-16  2.3243121e-16  
-1.0763752e-16  -3.8199600e-16  7.8760398e-17  3.4388352e-16  -3.5186070e-16  -1.2100910e-16  -2.7960188e-16  -3.0400099e-16  -5.3679956e-16  -2.3473809e-16  7.8335326e-16  -1.4997615e-16  -3.3017713e-16  -7.1248023e-16  4.2907303e-16  -7.0080426e-16  -4.5050949e-16  6.0667967e-16  -4.6883373e-16  -3.6674196e-16  -2.7202399e-16  5.5553555e-16  6.0837721e-17  3.4918390e-16  -6.2271757e-16  -1.6961669e-16  4.5343280e-16  1.0000000   -2.1290450e-16  1.5051079e-17  4.6313128e-16  -1.0763752e-16  -3.8199600e-16  7.8760398e-17  3.4388352e-16  -3.5186070e-16  -1.2100910e-16  -2.7960188e-16  -3.0400099e-16  -5.3679956e-16  -2.3473809e-16  7.8335326e-16  -1.4997615e-16  -3.3017713e-16  -7.1248023e-16  4.2907303e-16  -7.0080426e-16  -4.5050949e-16  6.0667967e-16  -4.6883373e-16  -3.6674196e-16  -2.7202399e-16  5.5553555e-16  6.0837721e-17  3.4918390e-16  -6.2271757e-16  -1.6961669e-16  4.5343280e-16  1.0000000   -2.1290450e-16  1.5051079e-17  4.6313128e-16  
-4.3052121e-17  1.2503735e-16  -3.1727809e-16  -2.8564958e-16  -4.4711458e-16  5.5164957e-17  -1.0923256e-16  2.9364985e-16  5.7811608e-17  3.6471587e-16  -3.0017326e-16  -2.6541747e-16  9.8510834e-17  2.7261304e-16  6.7564579e-17  6.4227964e-17  -3.8783391e-16  4.3791837e-16  -1.0792113e-17  -2.1386978e-17  -2.2828991e-16  -4.1526509e-16  -4.6304070e-17  2.3137837e-16  -9.8661435e-17  -2.9299705e-16  -7.2932762e-16  -2.1290450e-16  1.0000000   1.6668705e-16  -1.6726354e-16  -4.3052121e-17  1.2503735e-16  -3.1727809e-16  -2.8564958e-16  -4.4711458e-16  5.5164957e-17  -1.0923256e-16  2.9364985e-16  5.7811608e-17  3.6471587e-16  -3.0017326e-16  -2.6541747e-16  9.8510834e-17  2.7261304e-16  6.7564579e-17  6.4227964e-17  -3.8783391e-16  4.3791837e-16  -1.0792113e-17  -2.1386978e-17  -2.2828991e-16  -4.1526509e-16  -4.6304070e-17  2.3137837e-16  -9.8661435e-17  -2.9299705e-16  -7.2932762e-16  -2.1290450e-16  1.0000000   1.6668705e-16  -1.6726354e-16  
-3.8027998e-16  -4.6572664e-17  -4.4431187e-16  -3.1023770e-16  9.0837297e-17  2.5061311e-16  -2.1087150e-16  -1.6529704e-16  -2.7057291e-17  2.4672898e-16  -4.2777204e-16  -3.3258321e-16  -3.6864819e-16  7.4513817e-16  3.8146649e-16  -4.4397328e-16  -1.3311065e-16  -2.8977444e-16  3.4892650e-16  -5.5043719e-16  8.7838831e-17  -6.7950582e-16  -2.1776520e-16  -2.0770049e-16  1.5839163e-16  -8.5898050e-17  5.5660459e-16  1.5051079e-17  1.6668705e-16  1.0000000   1.3234239e-16  -3.8027998e-16  -4.6572664e-17  -4.4431187e-16  -3.1023770e-16  9.0837297e-17  2.5061311e-16  -2.1087150e-16  -1.6529704e-16  -2.7057291e-17  2.4672898e-16  -4.2777204e-16  -3.3258321e-16  -3.6864819e-16  7.4513817e-16  3.8146649e-16  -4.4397328e-16  -1.3311065e-16  -2.8977444e-16  3.4892650e-16  -5.5043719e-16  8.7838831e-17  -6.7950582e-16  -2.1776520e-16  -2.0770049e-16  1.5839163e-16  -8.5898050e-17  5.5660459e-16  1.5051079e-17  1.6668705e-16  1.0000000   1.3234239e-16  
-3.0024889e-16  -2.8238384e-16  9.5074277e-17  -2.0864691e-16  -1.2786723e-16  3.6851363e-17  3.2854423e-18  2.4018328e-16  5.2552431e-16  1.2740519e-16  -4.9566623e-16  4.9029448e-16  -1.0609039e-15  -4.9693385e-17  -2.0739753e-16  -3.9485332e-16  4.4542897e-16  -4.4504004e-18  3.7977641e-16  2.8308196e-16  -7.8825214e-16  3.7141160e-16  -3.8252220e-17  4.0579566e-16  4.0136875e-16  8.0497022e-17  2.3243121e-16  4.6313128e-16  -1.6726354e-16  1.3234239e-16  1.0000000   -3.0024889e-16  -2.8238384e-16  9.5074277e-17  -2.0864691e-16  -1.2786723e-16  3.6851363e-17  3.2854423e-18  2.4018328e-16  5.2552431e-16  1.2740519e-16  -4.9566623e-16  4.9029448e-16  -1.0609039e-15  -4.9693385e-17  -2.0739753e-16  -3.9485332e-16  4.4542897e-16  -4.4504004e-18  3.7977641e-16  2.8308196e-16  -7.8825214e-16  3.7141160e-16  -3.8252220e-17  4.0579566e-16  4.0136875e-16  8.0497022e-17  2.3243121e-16  4.6313128e-16  -1.6726354e-16  1.3234239e-16  1.0000000   
1.0000000   -3.2561881e-16  1.5334909e-16  -4.2326130e-16  -3.3426819e-16  6.1516357e-16  6.0347739e-16  -5.1646021e-16  9.0393527e-17  1.8059035e-16  -5.8215463e-16  -5.2099349e-16  6.3880620e-16  -6.8402734e-16  5.5068694e-16  -6.0322742e-18  -4.2967305e-16  2.7226007e-16  -3.6250961e-16  -3.3023271e-16  -2.7152570e-16  -8.1934065e-16  -1.1373679e-16  5.4337193e-17  -4.6543419e-16  4.7263071e-16  4.5890272e-16  -1.0763752e-16  -4.3052121e-17  -3.8027998e-16  -3.0024889e-16  1.0000000   -3.2561881e-16  1.5334909e-16  -4.2326130e-16  -3.3426819e-16  6.1516357e-16  6.0347739e-16  -5.1646021e-16  9.0393527e-17  1.8059035e-16  -5.8215463e-16  -5.2099349e-16  6.3880620e-16  -6.8402734e-16  5.5068694e-16  -6.0322742e-18  -4.2967305e-16  2.7226007e-16  -3.6250961e-16  -3.3023271e-16  -2.7152570e-16  -8.1934065e-16  -1.1373679e-16  5.4337193e-17  -4.6543419e-16  4.7263071e-16  4.5890272e-16  -1.0763752e-16  -4.3052121e-17  -3.8027998e-16  -3.0024889e-16  
-3.2561881e-16  1.0000000   1.1435527e-17  -4.4539944e-16  -4.7503504e-16  6.0994518e-16  -2.0617720e-16  5.3798128e-16  -2.4488642e-16  -2.5350846e-16  1.6548960e-16  3.0921938e-16  4.6114981e-16  -8.5289442e-17  6.9182480e-16  -3.3758262e-16  4.0482701e-16  4.2133006e-16  -1.1603459e-16  -2.2534667e-16  -2.8609921e-16  5.5168498e-16  -3.5269647e-16  -7.9716071e-17  -4.2841869e-16  -1.7424492e-16  -8.0447475e-16  -3.8199600e-16  1.2503735e-16  -4.6572664e-17  -2.8238384e-16  -3.2561881e-16  1.0000000   1.1435527e-17  -4.4539944e-16  -4.7503504e-16  6.0994518e-16  -2.0617720e-16  5.3798128e-16  -2.4488642e-16  -2.5350846e-16  1.6548960e-16  3.0921938e-16  4.6114981e-16  -8.5289442e-17  6.9182480e-16  -3.3758262e-16  4.0482701e-16  4.2133006e-16  -1.1603459e-16  -2.2534667e-16  -2.8609921e-16  5.5168498e-16  -3.5269647e-16  -7.9716071e-17  -4.2841869e-16  -1.7424492e-16  -8.0447475e-16  -3.8199600e-16  1.2503735e-16  -4.6572664e-17  -2.8238384e-16  
1.5334909e-16  1.1435527e-17  1.0000000   7.8988438e-17  -3.3066878e-16  1.6320333e-17  1.7133822e-16  -6.2035346e-16  -1.1307066e-16  5.4939666e-16  -2.2880062e-16  -2.1810912e-16  3.8288449e-16  -3.0764510e-16  -7.2749880e-16  2.1005904e-17  -9.9832428e-19  5.4386786e-16  7.1067200e-16  4.8467587e-16  -3.1712828e-16  2.1152293e-16  1.1667520e-16  6.9080909e-16  -5.9286258e-16  1.1219038e-15  -2.5635902e-17  7.8760398e-17  -3.1727809e-16  -4.4431187e-16  9.5074277e-17  1.5334909e-16  1.1435527e-17  1.0000000   7.8988438e-17  -3.3066878e-16  1.6320333e-17  1.7133822e-16  -6.2035346e-16  -1.1307066e-16  5.4939666e-16  -2.2880062e-16  -2.1810912e-16  3.8288449e-16  -3.0764510e-16  -7.2749880e-16  2.1005904e-17  -9.9832428e-19  5.4386786e-16  7.1067200e-16  4.8467587e-16  -3.1712828e-16  2.1152293e-16  1.1667520e-16  6.9080909e-16  -5.9286258e-16  1.1219038e-15  -2.5635902e-17  7.8760398e-17  -3.1727809e-16  -4.4431187e-16  9.5074277e-17  
-4.2326130e-16  -4.4539944e-16  7.8988438e-17  1.0000000   -9.8135798e-19  2.3138776e-16  4.9509791e-16  5.4710520e-18  -8.7007796e-16  4.9889420e-17  2.1528589e-16  -5.9254590e-16  -3.3599043e-16  1.0796721e-16  8.4539655e-17  7.4751687e-17  3.7413098e-16  4.7264377e-16  -1.7667998e-16  5.5904765e-16  -7.2849175e-16  7.1420455e-16  -5.2382562e-17  -1.2368281e-16  -1.1716360e-16  -2.0812647e-16  -8.4589752e-16  3.4388352e-16  -2.8564958e-16  -3.1023770e-16  -2.0864691e-16  -4.2326130e-16  -4.4539944e-16  7.8988438e-17  1.0000000   -9.8135798e-19  2.3138776e-16  4.9509791e-16  5.4710520e-18  -8.7007796e-16  4.9889420e-17  2.1528589e-16  -5.9254590e-16  -3.3599043e-16  1.0796721e-16  8.4539655e-17  7.4751687e-17  3.7413098e-16  4.7264377e-16  -1.7667998e-16  5.5904765e-16  -7.2849175e-16  7.1420455e-16  -5.2382562e-17  -1.2368281e-16  -1.1716360e-16  -2.0812647e-16  -8.4589752e-16  3.4388352e-16  -2.8564958e-16  -3.1023770e-16  -2.0864691e-16  
-3.3426819e-16  -4.7503504e-16  -3.3066878e-16  -9.8135798e-19  1.0000000   5.0567670e-16  -5.9767777e-16  4.7840291e-17  -2.1894120e-16  2.4662614e-16  -4.4859263e-16  -2.5681721e-16  -3.8870916e-17  5.1663012e-16  -2.3267874e-16  6.4228871e-18  -1.5509035e-16  2.0009129e-16  1.2517246e-16  4.4738650e-16  -1.2900842e-16  -4.1526588e-16  -2.6218295e-16  -2.2530940e-16  1.4926167e-16  3.5494836e-16  6.4788134e-16  -3.5186070e-16  -4.4711458e-16  9.0837297e-17  -1.2786723e-16  -3.3426819e-16  -4.7503504e-16  -3.3066878e-16  -9.8135798e-19  1.0000000   5.0567670e-16  -5.9767777e-16  4.7840291e-17  -2.1894120e-16  2.4662614e-16  -4.4859263e-16  -2.5681721e-16  -3.8870916e-17  5.1663012e-16  -2.3267874e-16  6.4228871e-18  -1.5509035e-16  2.0009129e-16  1.2517246e-16  4.4738650e-16  -1.2900842e-16  -4.1526588e-16  -2.6218295e-16  -2.2530940e-16  1.4926167e-16  3.5494836e-16  6.4788134e-16  -3.5186070e-16  -4.4711458e-16  9.0837297e-17  -1.2786723e-16  
6.1516357e-16  6.0994518e-16  1.6320333e-17  2.3138776e-16  5.0567670e-16  1.0000000   -5.0997781e-16  -9.2672043e-16  -2.0182879e-16  -2.5279963e-19  -1.4166341e-16  6.5222832e-16  8.3199738e-17  6.1452895e-17  -2.4944007e-16  -1.4409082e-16  -6.9048604e-16  1.1633010e-16  -7.5447888e-16  5.5774690e-16  2.6153066e-16  4.3741004e-16  -4.2121185e-16  -2.5391206e-16  1.3545830e-16  2.2384948e-16  -3.2545474e-17  -1.2100910e-16  5.5164957e-17  2.5061311e-16  3.6851363e-17  6.1516357e-16  6.0994518e-16  1.6320333e-17  2.3138776e-16  5.0567670e-16  1.0000000   -5.0997781e-16  -9.2672043e-16  -2.0182879e-16  -2.5279963e-19  -1.4166341e-16  6.5222832e-16  8.3199738e-17  6.1452895e-17  -2.4944007e-16  -1.4409082e-16  -6.9048604e-16  1.1633010e-16  -7.5447888e-16  5.5774690e-16  2.6153066e-16  4.3741004e-16  -4.2121185e-16  -2.5391206e-16  1.3545830e-16  2.2384948e-16  -3.2545474e-17  -1.2100910e-16  5.5164957e-17  2.5061311e-16  3.6851363e-17  
6.0347739e-16  -2.0617720e-16  1.7133822e-16  4.9509791e-16  -5.9767777e-16  -5.0997781e-16  1.0000000   3.5802157e-16  3.4609003e-16  -1.0585316e-16  -4.6012511e-16  -1.6572885e-16  -7.7308234e-18  -3.8261681e-16  -3.4129244e-17  6.0802477e-16  -2.1424135e-16  -2.1655974e-17  -5.2396701e-16  5.5055036e-17  2.3199214e-16  5.7090665e-16  -2.7563077e-16  6.8749436e-16  -3.5488689e-17  -3.4752760e-16  -4.9971184e-16  -2.7960188e-16  -1.0923256e-16  -2.1087150e-16  3.2854423e-18  6.0347739e-16  -2.0617720e-16  1.7133822e-16  4.9509791e-16  -5.9767777e-16  -5.0997781e-16  1.0000000   3.5802157e-16  3.4609003e-16  -1.0585316e-16  -4.6012511e-16  -1.6572885e-16  -7.7308234e-18  -3.8261681e-16  -3.4129244e-17  6.0802477e-16  -2.1424135e-16  -2.1655974e-17  -5.2396701e-16  5.5055036e-17  2.3199214e-16  5.7090665e-16  -2.7563077e-16  6.8749436e-16  -3.5488689e-17  -3.4752760e-16  -4.9971184e-16  -2.7960188e-16  -1.0923256e-16  -2.1087150e-16  3.2854423e-18  
-5.1646021e-16  5.3798128e-16  -6.2035346e-16  5.4710520e-18  4.7840291e-17  -9.2672043e-16  3.5802157e-16  1.0000000   9.8787606e-17  7.0979280e-16  4.6657147e-16  1.1518571e-17  6.0382871e-16  6.5234456e-16  3.3980766e-16  -1.7954340e-16  -1.5025622e-16  -1.5649202e-16  -5.6046914e-16  -3.2776913e-17  -3.0862448e-16  7.8125353e-17  6.2187430e-18  -2.5140017e-16  1.3598216e-16  3.1075471e-16  1.7344280e-17  -3.0400099e-16  2.9364985e-16  -1.6529704e-16  2.4018328e-16  -5.1646021e-16  5.3798128e-16  -6.2035346e-16  5.4710520e-18  4.7840291e-17  -9.2672043e-16  3.5802157e-16  1.0000000   9.8787606e-17  7.0979280e-16  4.6657147e-16  1.1518571e-17  6.0382871e-16  6.5234456e-16  3.3980766e-16  -1.7954340e-16  -1.5025622e-16  -1.5649202e-16  -5.6046914e-16  -3.2776913e-17  -3.0862448e-16  7.8125353e-17  6.2187430e-18  -2.5140017e-16  1.3598216e-16  3.1075471e-16  1.7344280e-17  -3.0400099e-16  2.9364985e-16  -1.6529704e-16  2.4018328e-16  
9.0393527e-17  -2.4488642e-16  -1.1307066e-16  -8.7007796e-16  -2.1894120e-16  -2.0182879e-16  3.4609003e-16  9.8787606e-17  1.0000000   4.9138170e-16  -6.9035224e-17  -2.2970113e-16  4.4066299e-16  -1.3713827e-16  5.3993260e-16  -7.0237677e-17  7.0686539e-16  2.4096283e-16  5.0013438e-16  -3.2321082e-16  -3.0812174e-16  1.0794677e-15  2.2636998e-16  -1.8134610e-16  -8.9323305e-17  -6.1669185e-16  1.6013294e-16  -5.3679956e-16  5.7811608e-17  -2.7057291e-17  5.2552431e-16  9.0393527e-17  -2.4488642e-16  -1.1307066e-16  -8.7007796e-16  -2.1894120e-16  -2.0182879e-16  3.4609003e-16  9.8787606e-17  1.0000000   4.9138170e-16  -6.9035224e-17  -2.2970113e-16  4.4066299e-16  -1.3713827e-16  5.3993260e-16  -7.0237677e-17  7.0686539e-16  2.4096283e-16  5.0013438e-16  -3.2321082e-16  -3.0812174e-16  1.0794677e-15  2.2636998e-16  -1.8134610e-16  -8.9323305e-17  -6.1669185e-16  1.6013294e-16  -5.3679956e-16  5.7811608e-17  -2.7057291e-17  5.2552431e-16  
1.8059035e-16  -2.5350846e-16  5.4939666e-16  4.9889420e-17  2.4662614e-16  -2.5279963e-19  -1.0585316e-16  7.0979280e-16  4.9138170e-16  1.0000000   3.2566146e-16  -5.1152827e-16  4.1336888e-16  -1.9829018e-16  -1.7824286e-17  -2.2067029e-16  1.3132401e-16  3.4098450e-16  -7.8543833e-16  9.3359846e-17  3.1772403e-16  -8.3866167e-16  -3.8175725e-16  -5.4139978e-17  1.7825234e-16  6.4055380e-16  -3.4816409e-16  -2.3473809e-16  3.6471587e-16  2.4672898e-16  1.2740519e-16  1.8059035e-16  -2.5350846e-16  5.4939666e-16  4.9889420e-17  2.4662614e-16  -2.5279963e-19  -1.0585316e-16  7.0979280e-16  4.9138170e-16  1.0000000   3.2566146e-16  -5.1152827e-16  4.1336888e-16  -1.9829018e-16  -1.7824286e-17  -2.2067029e-16  1.3132401e-16  3.4098450e-16  -7.8543833e-16  9.3359846e-17  3.1772403e-16  -8.3866167e-16  -3.8175725e-16  -5.4139978e-17  1.7825234e-16  6.4055380e-16  -3.4816409e-16  -2.3473809e-16  3.6471587e-16  2.4672898e-16  1.2740519e-16  
