1.0000000   -5.4416381e-17  -1.2164327e-16  -4.6447443e-16  -5.3306550e-16  -5.4926010e-17  4.9947740e-16  9.3069274e-17  -4.1476750e-16  -4.4036499e-16  1.1927156e-16  9.0396508e-17  5.2095488e-18  -4.9490772e-17  -5.9534239e-16  -8.0205895e-16  1.3812595e-16  -9.1702918e-16  4.4522960e-16  3.0608957e-16  5.2385101e-16  -2.9229500e-16  1.2408888e-16  5.2237008e-16  2.7881620e-16  5.7316728e-16  -3.3069804e-16  5.2911205e-16  -1.2306031e-15  -2.3701559e-16  -4.4500573e-16  1.0000000   -5.4416381e-17  -1.2164327e-16  -4.6447443e-16  -5.3306550e-16  -5.4926010e-17  4.9947740e-16  9.3069274e-17  -4.1476750e-16  -4.4036499e-16  1.1927156e-16  9.0396508e-17  5.2095488e-18  -4.9490772e-17  -5.9534239e-16  -8.0205895e-16  1.3812595e-16  -9.1702918e-16  4.4522960e-16  3.0608957e-16  5.2385101e-16  -2.9229500e-16  1.2408888e-16  5.2237008e-16  2.7881620e-16  5.7316728e-16  -3.3069804e-16  5.2911205e-16  -1.2306031e-15  -2.3701559e-16  -4.4500573e-16  
-5.4416381e-17  1.0000000   4.2998967e-17  9.4472050e-17  2.9665141e-16  -5.5476066e-17  2.7439166e-16  -8.1730451e-16  -1.4069735e-16  -6.3423383e-16  6.9979419e-17  -2.5247041e-16  2.2932184e-16  4.5429852e-16  3.1743730e-16  1.5374850e-16  -2.9598093e-16  -2.0422817e-16  6.4368279e-17  6.3964449e-16  -3.5193884e-16  -2.3723689e-16  -1.2538768e-16  -3.4263444e-16  2.4198630e-16  2.5373387e-16  -6.5397551e-17  -3.4389821e-16  -2.6643729e-16  -2.5441439e-16  -2.5254294e-16  -5.4416381e-17  1.0000000   4.2998967e-17  9.4472050e-17  2.9665141e-16  -5.5476066e-17  2.7439166e-16  -8.1730451e-16  -1.4069735e-16  -6.3423383e-16  6.9979419e-17  -2.5247041e-16  2.2932184e-16  4.5429852e-16  3.1743730e-16  1.5374850e-16  -2.9598093e-16  -2.0422817e-16  6.4368279e-17  6.3964449e-16  -3.5193884e-16  -2.3723689e-16  -1.2538768e-16  -3.4263444e-16  2.4198630e-16  2.5373387e-16  -6.5397551e-17  -3.4389821e-16  -2.6643729e-16  -2.5441439e-16  -2.5254294e-16  
-1.2164327e-16  4.2998967e-17  1.0000000   -7.5004035e-17  7.8110402e-16  1.9371794e-16  7.5682469e-16  5.9968311e-18  3.9637487e-16  4.7667755e-16  6.6978252e-16  4.0048973e-17  2.4943620e-16  -1.6299075e-16  -2.7724594e-16  1.1894515e-16  6.5684441e-16  5.9588927e-16  -6.6465497e-17  -4.4962101e-16  -1.9552488e-16  -3.5493207e-16  1.4564979e-16  -4.7699872e-16  -8.4913519e-16  1.4848286e-16  -3.2985824e-16  -2.5916583e-16  2.4136041e-16  -1.2844981e-16  2.1380805e-16  -1.2164327e-16  4.2998967e-17  1.0000000   -7.5004035e-17  7.8110402e-16  1.9371794e-16  7.5682469e-16  5.9968311e-18  3.9637487e-16  4.7667755e-16  6.6978252e-16  4.0048973e-17  2.4943620e-16  -1.6299075e-16  -2.7724594e-16  1.1894515e-16  6.5684441e-16  5.9588927e-16  -6.6465497e-17  -4.4962101e-16  -1.9552488e-16  -3.5493207e-16  1.4564979e-16  -4.7699872e-16  -8.4913519e-16  1.4848286e-16  -3.2985824e-16  -2.5916583e-16  2.4136041e-16  -1.2844981e-16  2.1380805e-16  
-4.6447443e-16  9.4472050e-17  -7.5004035e-17  1.0000000   5.2776319e-16  1.9855476e-16  2.7338383e-16  1.3745549e-16  2.8623207e-16  -4.4540543e-16  3.8167864e-16  1.6607967e-16  -1.4246488e-16  3.6412731e-16  -2.8097740e-16  -8.4058339e-17  4.0696564e-16  7.4665921e-18  -1.8019135e-16  -1.1136132e-15  6.4540789e-17  5.4184862e-16  9.3215276e-16  5.8203674e-16  -2.4999481e-16  -5.0170557e-16  1.4826094e-16  4.4534629e-16  -1.4494637e-16  -8.1939015e-16  -3.1982621e-17  -4.6447443e-16  9.4472050e-17  -7.5004035e-17  1.0000000   5.2776319e-16  1.9855476e-16  2.7338383e-16  1.3745549e-16  2.8623207e-16  -4.4540543e-16  3.8167864e-16  1.6607967e-16  -1.4246488e-16  3.6412731e-16  -2.8097740e-16  -8.4058339e-17  4.0696564e-16  7.4665921e-18  -1.8019135e-16  -1.1136132e-15  6.4540789e-17  5.4184862e-16  9.3215276e-16  5.8203674e-16  -2.4999481e-16  -5.0170557e-16  1.4826094e-16  4.4534629e-16  -1.4494637e-16  -8.1939015e-16  -3.1982621e-17  
-5.3306550e-16  2.9665141e-16  7.8110402e-16  5.2776319e-16  1.0000000   8.8527801e-17  -8.6123272e-16  -3.6912834e-16  -9.0918617e-16  3.6529557e-16  6.1694222e-16  -2.1008549e-16  6.6827832e-17  3.6612495e-16  -2.7052621e-16  -5.1609851e-17  -3.0709245e-16  2.6526960e-16  -6.7573002e-16  -5.2559535e-16  6.1407510e-17  5.7975623e-16  5.6762712e-16  -9.6479640e-17  -3.0914113e-16  -5.1926632e-17  5.1652664e-16  -2.4881725e-16  6.7110937e-17  -2.5292854e-16  6.8145079e-16  -5.3306550e-16  2.9665141e-16  7.8110402e-16  5.2776319e-16  1.0000000   8.8527801e-17  -8.6123272e-16  -3.6912834e-16  -9.0918617e-16  3.6529557e-16  6.1694222e-16  -2.1008549e-16  6.6827832e-17  3.6612495e-16  -2.7052621e-16  -5.1609851e-17  -3.0709245e-16  2.6526960e-16  -6.7573002e-16  -5.2559535e-16  6.1407510e-17  5.7975623e-16  5.6762712e-16  -9.6479640e-17  -3.0914113e-16  -5.1926632e-17  5.1652664e-16  -2.4881725e-16  6.7110937e-17  -2.5292854e-16  6.8145079e-16  
-5.4926010e-17  -5.5476066e-17  1.9371794e-16  1.9855476e-16  8.8527801e-17  1.0000000   3.0003941e-16  -5.5835607e-16  -1.8622162e-16  -1.5050547e-16  -3.0591409e-17  6.1886550e-17  8.5449870e-17  4.2571280e-16  5.2688732e-17  -2.3066258e-16  2.6109070e-16  -1.1383747e-16  -3.0339509e-16  3.5013572e-16  -1.9735618e-16  4.5660326e-16  -7.0010522e-16  -4.2154538e-16  2.0283833e-16  2.9435388e-16  -1.0169695e-16  5.5548814e-17  -1.2870246e-16  1.6083305e-16  -1.7139699e-16  -5.4926010e-17  -5.5476066e-17  1.9371794e-16  1.9855476e-16  8.8527801e-17  1.0000000   3.0003941e-16  -5.5835607e-16  -1.8622162e-16  -1.5050547e-16  -3.0591409e-17  6.1886550e-17  8.5449870e-17  4.2571280e-16  5.2688732e-17  -2.3066258e-16  2.6109070e-16  -1.1383747e-16  -3.0339509e-16  3.5013572e-16  -1.9735618e-16  4.5660326e-16  -7.0010522e-16  -4.2154538e-16  2.0283833e-16  2.9435388e-16  -1.0169695e-16  5.5548814e-17  -1.2870246e-16  1.6083305e-16  -1.7139699e-16  
4.9947740e-16  2.7439166e-16  7.5682469e-16  2.7338383e-16  -8.6123272e-16  3.0003941e-16  1.0000000   -5.2433099e-16  1.2508133e-15  6.3849027e-16  2.2257089e-18  9.1383416e-16  -4.9695141e-16  1.1098894e-16  2.0723022e-16  7.5459123e-16  -1.3231029e-16  -9.9167325e-16  -4.6615788e-16  1.0904663e-16  -2.9752117e-17  -4.5932855e-16  3.2772187e-16  -5.1846094e-16  2.4845867e-16  6.9526117e-16  -4.8102905e-16  -7.4520122e-19  6.7903758e-16  1.8850138e-16  -8.8254300e-16  4.9947740e-16  2.7439166e-16  7.5682469e-16  2.7338383e-16  -8.6123272e-16  3.0003941e-16  1.0000000   -5.2433099e-16  1.2508133e-15  6.3849027e-16  2.2257089e-18  9.1383416e-16  -4.9695141e-16  1.1098894e-16  2.0723022e-16  7.5459123e-16  -1.3231029e-16  -9.9167325e-16  -4.6615788e-16  1.0904663e-16  -2.9752117e-17  -4.5932855e-16  3.2772187e-16  -5.1846094e-16  2.4845867e-16  6.9526117e-16  -4.8102905e-16  -7.4520122e-19  6.7903758e-16  1.8850138e-16  -8.8254300e-16  
9.3069274e-17  -8.1730451e-16  5.9968311e-18  1.3745549e-16  -3.6912834e-16  -5.5835607e-16  -5.2433099e-16  1.0000000   -1.4710305e-16  -3.8638894e-16  4.8213326e-16  1.5209695e-16  -3.0128013e-16  -1.4730174e-16  -1.8453159e-16  -1.9712318e-16  3.3730042e-16  1.4682786e-16  -4.9695637e-16  -5.2651653e-16  5.3540799e-16  9.5914090e-16  -4.6604334e-16  -2.8000428e-16  -6.4004112e-17  -4.3178822e-16  4.8335965e-16  1.2978420e-16  -1.5483158e-16  1.0000992e-16  9.8362170e-16  9.3069274e-17  -8.1730451e-16  5.9968311e-18  1.3745549e-16  -3.6912834e-16  -5.5835607e-16  -5.2433099e-16  1.0000000   -1.4710305e-16  -3.8638894e-16  4.8213326e-16  1.5209695e-16  -3.0128013e-16  -1.4730174e-16  -1.8453159e-16  -1.9712318e-16  3.3730042e-16  1.4682786e-16  -4.9695637e-16  -5.2651653e-16  5.3540799e-16  9.5914090e-16  -4.6604334e-16  -2.8000428e-16  -6.4004112e-17  -4.3178822e-16  4.8335965e-16  1.2978420e-16  -1.5483158e-16  1.0000992e-16  9.8362170e-16  
-4.1476750e-16  -1.4069735e-16  3.9637487e-16  2.8623207e-16  -9.0918617e-16  -1.8622162e-16  1.2508133e-15  -1.4710305e-16  1.0000000   -1.3228999e-16  -3.3486168e-16  1.2774158e-16  -5.1895832e-16  -2.8149965e-18  -5.3539589e-17  -4.5251412e-16  -3.7330064e-16  -4.6331522e-16  -3.8159977e-16  5.9374762e-16  -5.2018947e-17  -6.2965118e-16  2.3265773e-16  4.1452871e-16  2.0924042e-16  7.8435819e-16  3.1019136e-16  2.0873129e-17  -4.1611370e-16  -3.9014709e-16  -1.4019001e-16  -4.1476750e-16  -1.4069735e-16  3.9637487e-16  2.8623207e-16  -9.0918617e-16  -1.8622162e-16  1.2508133e-15  -1.4710305e-16  1.0000000   -1.3228999e-16  -3.3486168e-16  1.2774158e-16  -5.1895832e-16  -2.8149965e-18  -5.3539589e-17  -4.5251412e-16  -3.7330064e-16  -4.6331522e-16  -3.8159977e-16  5.9374762e-16  -5.2018947e-17  -6.2965118e-16  2.3265773e-16  4.1452871e-16  2.0924042e-16  7.8435819e-16  3.1019136e-16  2.0873129e-17  -4.1611370e-16  -3.9014709e-16  -1.4019001e-16  
-4.4036499e-16  -6.3423383e-16  4.7667755e-16  -4.4540543e-16  3.6529557e-16  -1.5050547e-16  6.3849027e-16  -3.8638894e-16  -1.3228999e-16  1.0000000   7.3515410e-16  2.7616053e-16  2.9318331e-16  -5.4023377e-16  7.7423976e-16  1.0903818e-16  -4.1253669e-16  -3.4321889e-17  4.4556451e-16  5.3807316e-17  -3.0558671e-16  7.5077743e-16  -1.8809922e-16  1.8417637e-16  8.0714780e-16  7.5376221e-16  3.4208208e-16  -1.9294455e-17  1.1068630e-16  8.8282743e-16  -5.3721739e-16  -4.4036499e-16  -6.3423383e-16  4.7667755e-16  -4.4540543e-16  3.6529557e-16  -1.5050547e-16  6.3849027e-16  -3.8638894e-16  -1.3228999e-16  1.0000000   7.3515410e-16  2.7616053e-16  2.9318331e-16  -5.4023377e-16  7.7423976e-16  1.0903818e-16  -4.1253669e-16  -3.4321889e-17  4.4556451e-16  5.3807316e-17  -3.0558671e-16  7.5077743e-16  -1.8809922e-16  1.8417637e-16  8.0714780e-16  7.5376221e-16  3.4208208e-16  -1.9294455e-17  1.1068630e-16  8.8282743e-16  -5.3721739e-16  
1.1927156e-16  6.9979419e-17  6.6978252e-16  3.8167864e-16  6.1694222e-16  -3.0591409e-17  2.2257089e-18  4.8213326e-16  -3.3486168e-16  7.3515410e-16  1.0000000   -7.1334129e-16  -3.1311216e-16  1.3678775e-16  4.3299551e-16  4.3641854e-16  -1.9527468e-16  -6.1788082e-17  -1.1794769e-16  -1.0754969e-15  -4.0376082e-16  3.8761826e-16  2.1136188e-16  3.3751107e-16  -8.7116806e-17  -5.3832010e-16  1.9026739e-16  1.3464797e-16  -7.7236260e-17  -6.1599435e-16  -1.3552336e-16  1.1927156e-16  6.9979419e-17  6.6978252e-16  3.8167864e-16  6.1694222e-16  -3.0591409e-17  2.2257089e-18  4.8213326e-16  -3.3486168e-16  7.3515410e-16  1.0000000   -7.1334129e-16  -3.1311216e-16  1.3678775e-16  4.3299551e-16  4.3641854e-16  -1.9527468e-16  -6.1788082e-17  -1.1794769e-16  -1.0754969e-15  -4.0376082e-16  3.8761826e-16  2.1136188e-16  3.3751107e-16  -8.7116806e-17  -5.3832010e-16  1.9026739e-16  1.3464797e-16  -7.7236260e-17  -6.1599435e-16  -1.3552336e-16  
9.0396508e-17  -2.5247041e-16  4.0048973e-17  1.6607967e-16  -2.1008549e-16  6.1886550e-17  9.1383416e-16  1.5209695e-16  1.2774158e-16  2.7616053e-16  -7.1334129e-16  1.0000000   1.2792598e-16  -7.6870655e-17  -8.3223528e-17  -2.5111775e-16  2.3997499e-16  -6.6707647e-16  -4.2606816e-16  3.5079212e-16  -2.0345630e-16  -2.2687866e-16  1.2363703e-16  4.1248120e-16  -1.0300795e-16  -1.7586214e-16  3.4441163e-16  -6.3043861e-16  1.6321857e-15  -2.8485837e-16  -4.8340485e-17  9.0396508e-17  -2.5247041e-16  4.0048973e-17  1.6607967e-16  -2.1008549e-16  6.1886550e-17  9.1383416e-16  1.5209695e-16  1.2774158e-16  2.7616053e-16  -7.1334129e-16  1.0000000   1.2792598e-16  -7.6870655e-17  -8.3223528e-17  -2.5111775e-16  2.3997499e-16  -6.6707647e-16  -4.2606816e-16  3.5079212e-16  -2.0345630e-16  -2.2687866e-16  1.2363703e-16  4.1248120e-16  -1.0300795e-16  -1.7586214e-16  3.4441163e-16  -6.3043861e-16  1.6321857e-15  -2.8485837e-16  -4.8340485e-17  
5.2095488e-18  2.2932184e-16  2.4943620e-16  -1.4246488e-16  6.6827832e-17  8.5449870e-17  -4.9695141e-16  -3.0128013e-16  -5.1895832e-16  2.9318331e-16  -3.1311216e-16  1.2792598e-16  1.0000000   4.7640218e-17  1.7523259e-16  2.4448736e-16  -4.7553303e-17  4.7767406e-16  2.3024832e-17  -1.5197909e-16  4.9992719e-16  2.7868698e-16  -5.4141428e-17  -6.0573640e-16  2.9758864e-17  -3.7347083e-16  6.9436416e-16  2.9096665e-16  6.1979679e-16  -1.4691548e-17  2.6366031e-16  5.2095488e-18  2.2932184e-16  2.4943620e-16  -1.4246488e-16  6.6827832e-17  8.5449870e-17  -4.9695141e-16  -3.0128013e-16  -5.1895832e-16  2.9318331e-16  -3.1311216e-16  1.2792598e-16  1.0000000   4.7640218e-17  1.7523259e-16  2.4448736e-16  -4.7553303e-17  4.7767406e-16  2.3024832e-17  -1.5197909e-16  4.9992719e-16  2.7868698e-16  -5.4141428e-17  -6.0573640e-16  2.9758864e-17  -3.7347083e-16  6.9436416e-16  2.9096665e-16  6.1979679e-16  -1.4691548e-17  2.6366031e-16  
-4.9490772e-17  4.5429852e-16  -1.6299075e-16  3.6412731e-16  3.6612495e-16  4.2571280e-16  1.1098894e-16  -1.4730174e-16  -2.8149965e-18  -5.4023377e-16  1.3678775e-16  -7.6870655e-17  4.7640218e-17  1.0000000   3.2759702e-16  -1.0571465e-16  9.6766812e-16  1.1102439e-16  3.4248753e-16  -6.3743203e-16  7.7146195e-17  6.9627314e-16  7.9267161e-17  3.6373203e-17  1.9700997e-16  -7.1337479e-17  3.4170194e-16  6.4131519e-17  -4.3240911e-16  -2.3073427e-16  2.5698009e-16  -4.9490772e-17  4.5429852e-16  -1.6299075e-16  3.6412731e-16  3.6612495e-16  4.2571280e-16  1.1098894e-16  -1.4730174e-16  -2.8149965e-18  -5.4023377e-16  1.3678775e-16  -7.6870655e-17  4.7640218e-17  1.0000000   3.2759702e-16  -1.0571465e-16  9.6766812e-16  1.1102439e-16  3.4248753e-16  -6.3743203e-16  7.7146195e-17  6.9627314e-16  7.9267161e-17  3.6373203e-17  1.9700997e-16  -7.1337479e-17  3.4170194e-16  6.4131519e-17  -4.3240911e-16  -2.3073427e-16  2.5698009e-16  
-5.9534239e-16  3.1743730e-16  -2.7724594e-16  -2.8097740e-16  -2.7052621e-16  5.2688732e-17  2.0723022e-16  -1.8453159e-16  -5.3539589e-17  7.7423976e-16  4.3299551e-16  -8.3223528e-17  1.7523259e-16  3.2759702e-16  1.0000000   2.2140417e-16  -4.8699220e-16  4.4098376e-16  -3.2708350e-16  7.6456508e-16  -7.8709015e-18  4.9596767e-16  -4.9421778e-17  -7.6820105e-17  4.5196866e-16  -1.4180942e-16  -2.3265403e-16  1.6893965e-16  -3.3734355e-16  3.1560567e-16  -1.1650646e-16  -5.9534239e-16  3.1743730e-16  -2.7724594e-16  -2.8097740e-16  -2.7052621e-16  5.2688732e-17  2.0723022e-16  -1.8453159e-16  -5.3539589e-17  7.7423976e-16  4.3299551e-16  -8.3223528e-17  1.7523259e-16  3.2759702e-16  1.0000000   2.2140417e-16  -4.8699220e-16  4.4098376e-16  -3.2708350e-16  7.6456508e-16  -7.8709015e-18  4.9596767e-16  -4.9421778e-17  -7.6820105e-17  4.5196866e-16  -1.4180942e-16  -2.3265403e-16  1.6893965e-16  -3.3734355e-16  3.1560567e-16  -1.1650646e-16  
-8.0205895e-16  1.5374850e-16  1.1894515e-16  -8.4058339e-17  -5.1609851e-17  -2.3066258e-16  7.5459123e-16  -1.9712318e-16  -4.5251412e-16  1.0903818e-16  4.3641854e-16  -2.5111775e-16  2.4448736e-16  -1.0571465e-16  2.2140417e-16  1.0000000   8.2780636e-16  1.1556411e-16  -5.3907603e-16  -7.1465827e-16  -6.1042812e-16  2.4527219e-16  -9.2918919e-18  1.5086513e-16  1.9998293e-16  -7.4155853e-16  -2.1572919e-16  2.2570331e-16  -5.6978262e-16  -4.4440169e-16  1.0086021e-15  -8.0205895e-16  1.5374850e-16  1.1894515e-16  -8.4058339e-17  -5.1609851e-17  -2.3066258e-16  7.5459123e-16  -1.9712318e-16  -4.5251412e-16  1.0903818e-16  4.3641854e-16  -2.5111775e-16  2.4448736e-16  -1.0571465e-16  2.2140417e-16  1.0000000   8.2780636e-16  1.1556411e-16  -5.3907603e-16  -7.1465827e-16  -6.1042812e-16  2.4527219e-16  -9.2918919e-18  1.5086513e-16  1.9998293e-16  -7.4155853e-16  -2.1572919e-16  2.2570331e-16  -5.6978262e-16  -4.4440169e-16  1.0086021e-15  
1.3812595e-16  -2.9598093e-16  6.5684441e-16  4.0696564e-16  -3.0709245e-16  2.6109070e-16  -1.3231029e-16  3.3730042e-16  -3.7330064e-16  -4.1253669e-16  -1.9527468e-16  2.3997499e-16  -4.7553303e-17  9.6766812e-16  -4.8699220e-16  8.2780636e-16  1.0000000   6.3938750e-16  -6.1752023e-16  -1.9915482e-16  -6.7203563e-16  -5.0475771e-16  2.3023956e-16  8.9128479e-18  1.3658347e-17  -3.1880015e-16  -3.9431726e-17  -1.1571520e-16  1.2123873e-16  -7.8992982e-17  2.4380424e-16  1.3812595e-16  -2.9598093e-16  6.5684441e-16  4.0696564e-16  -3.0709245e-16  2.6109070e-16  -1.3231029e-16  3.3730042e-16  -3.7330064e-16  -4.1253669e-16  -1.9527468e-16  2.3997499e-16  -4.7553303e-17  9.6766812e-16  -4.8699220e-16  8.2780636e-16  1.0000000   6.3938750e-16  -6.1752023e-16  -1.9915482e-16  -6.7203563e-16  -5.0475771e-16  2.3023956e-16  8.9128479e-18  1.3658347e-17  -3.1880015e-16  -3.9431726e-17  -1.1571520e-16  1.2123873e-16  -7.8992982e-17  2.4380424e-16  
-9.1702918e-16  -2.0422817e-16  5.9588927e-16  7.4665921e-18  2.6526960e-16  -1.1383747e-16  -9.9167325e-16  1.4682786e-16  -4.6331522e-16  -3.4321889e-17  -6.1788082e-17  -6.6707647e-16  4.7767406e-16  1.1102439e-16  4.4098376e-16  1.1556411e-16  6.3938750e-16  1.0000000   1.4239843e-16  3.6953453e-16  1.6877756e-16  -7.9492646e-17  7.6290563e-17  6.6383785e-16  3.0301729e-16  2.7430490e-16  6.6514468e-16  -1.5540433e-16  7.0782702e-17  -1.5814268e-16  1.8921561e-16  -9.1702918e-16  -2.0422817e-16  5.9588927e-16  7.4665921e-18  2.6526960e-16  -1.1383747e-16  -9.9167325e-16  1.4682786e-16  -4.6331522e-16  -3.4321889e-17  -6.1788082e-17  -6.6707647e-16  4.7767406e-16  1.1102439e-16  4.4098376e-16  1.1556411e-16  6.3938750e-16  1.0000000   1.4239843e-16  3.6953453e-16  1.6877756e-16  -7.9492646e-17  7.6290563e-17  6.6383785e-16  3.0301729e-16  2.7430490e-16  6.6514468e-16  -1.5540433e-16  7.0782702e-17  -1.5814268e-16  1.8921561e-16  
4.4522960e-16  6.4368279e-17  -6.6465497e-17  -1.8019135e-16  -6.7573002e-16  -3.0339509e-16  -4.6615788e-16  -4.9695637e-16  -3.8159977e-16  4.4556451e-16  -1.1794769e-16  -4.2606816e-16  2.3024832e-17  3.4248753e-16  -3.2708350e-16  -5.3907603e-16  -6.1752023e-16  1.4239843e-16  1.0000000   4.1493117e-16  4.4435183e-16  2.3666553e-16  -2.3223619e-16  2.5558534e-16  6.8841559e-17  -5.5668825e-16  -2.3993636e-16  8.4114193e-17  4.4919745e-16  5.6519938e-16  -7.0852194e-17  4.4522960e-16  6.4368279e-17  -6.6465497e-17  -1.8019135e-16  -6.7573002e-16  -3.0339509e-16  -4.6615788e-16  -4.9695637e-16  -3.8159977e-16  4.4556451e-16  -1.1794769e-16  -4.2606816e-16  2.3024832e-17  3.4248753e-16  -3.2708350e-16  -5.3907603e-16  -6.1752023e-16  1.4239843e-16  1.0000000   4.1493117e-16  4.4435183e-16  2.3666553e-16  -2.3223619e-16  2.5558534e-16  6.8841559e-17  -5.5668825e-16  -2.3993636e-16  8.4114193e-17  4.4919745e-16  5.6519938e-16  -7.0852194e-17  
3.0608957e-16  6.3964449e-16  -4.4962101e-16  -1.1136132e-15  -5.2559535e-16  3.5013572e-16  1.0904663e-16  -5.2651653e-16  5.9374762e-16  5.3807316e-17  -1.0754969e-15  3.5079212e-16  -1.5197909e-16  -6.3743203e-16  7.6456508e-16  -7.1465827e-16  -1.9915482e-16  3.6953453e-16  4.1493117e-16  1.0000000   5.9137538e-17  3.4008709e-16  -4.9772208e-16  -5.7109050e-16  4.3870892e-16  1.0694695e-15  1.2586685e-17  1.1094156e-16  1.1621100e-15  -1.5660228e-16  -1.1278523e-15  3.0608957e-16  6.3964449e-16  -4.4962101e-16  -1.1136132e-15  -5.2559535e-16  3.5013572e-16  1.0904663e-16  -5.2651653e-16  5.9374762e-16  5.3807316e-17  -1.0754969e-15  3.5079212e-16  -1.5197909e-16  -6.3743203e-16  7.6456508e-16  -7.1465827e-16  -1.9915482e-16  3.6953453e-16  4.1493117e-16  1.0000000   5.9137538e-17  3.4008709e-16  -4.9772208e-16  -5.7109050e-16  4.3870892e-16  1.0694695e-15  1.2586685e-17  1.1094156e-16  1.1621100e-15  -1.5660228e-16  -1.1278523e-15  
5.2385101e-16  -3.5193884e-16  -1.9552488e-16  6.4540789e-17  6.1407510e-17  -1.9735618e-16  -2.9752117e-17  5.3540799e-16  -5.2018947e-17  -3.0558671e-16  -4.0376082e-16  -2.0345630e-16  4.9992719e-16  7.7146195e-17  -7.8709015e-18  -6.1042812e-16  -6.7203563e-16  1.6877756e-16  4.4435183e-16  5.9137538e-17  1.0000000   6.8534448e-16  4.1969432e-16  1.1775718e-16  5.8037744e-17  -1.7092251e-16  -6.2592420e-16  -6.0374716e-16  -6.6915919e-16  4.4432646e-16  3.0858408e-16  5.2385101e-16  -3.5193884e-16  -1.9552488e-16  6.4540789e-17  6.1407510e-17  -1.9735618e-16  -2.9752117e-17  5.3540799e-16  -5.2018947e-17  -3.0558671e-16  -4.0376082e-16  -2.0345630e-16  4.9992719e-16  7.7146195e-17  -7.8709015e-18  -6.1042812e-16  -6.7203563e-16  1.6877756e-16  4.4435183e-16  5.9137538e-17  1.0000000   6.8534448e-16  4.1969432e-16  1.1775718e-16  5.8037744e-17  -1.7092251e-16  -6.2592420e-16  -6.0374716e-16  -6.6915919e-16  4.4432646e-16  3.0858408e-16  
-2.9229500e-16  -2.3723689e-16  -3.5493207e-16  5.4184862e-16  5.7975623e-16  4.5660326e-16  -4.5932855e-16  9.5914090e-16  -6.2965118e-16  7.5077743e-16  3.8761826e-16  -2.2687866e-16  2.7868698e-16  6.9627314e-16  4.9596767e-16  2.4527219e-16  -5.0475771e-16  -7.9492646e-17  2.3666553e-16  3.4008709e-16  6.8534448e-16  1.0000000   1.2855217e-16  8.3447363e-17  -1.3581009e-16  2.8362507e-16  2.6548970e-16  -5.8766375e-16  5.8076779e-16  3.5020536e-17  -9.8736477e-16  -2.9229500e-16  -2.3723689e-16  -3.5493207e-16  5.4184862e-16  5.7975623e-16  4.5660326e-16  -4.5932855e-16  9.5914090e-16  -6.2965118e-16  7.5077743e-16  3.8761826e-16  -2.2687866e-16  2.7868698e-16  6.9627314e-16  4.9596767e-16  2.4527219e-16  -5.0475771e-16  -7.9492646e-17  2.3666553e-16  3.4008709e-16  6.8534448e-16  1.0000000   1.2855217e-16  8.3447363e-17  -1.3581009e-16  2.8362507e-16  2.6548970e-16  -5.8766375e-16  5.8076779e-16  3.5020536e-17  -9.8736477e-16  
1.2408888e-16  -1.2538768e-16  1.4564979e-16  9.3215276e-16  5.6762712e-16  -7.0010522e-16  3.2772187e-16  -4.6604334e-16  2.3265773e-16  -1.8809922e-16  2.1136188e-16  1.2363703e-16  -5.4141428e-17  7.9267161e-17  -4.9421778e-17  -9.2918919e-18  2.3023956e-16  7.6290563e-17  -2.3223619e-16  -4.9772208e-16  4.1969432e-16  1.2855217e-16  1.0000000   1.5906642e-16  -4.6461590e-16  -3.1800365e-16  1.2235368e-17  1.7310941e-16  4.3121111e-17  -2.3242856e-16  4.6416983e-16  1.2408888e-16  -1.2538768e-16  1.4564979e-16  9.3215276e-16  5.6762712e-16  -7.0010522e-16  3.2772187e-16  -4.6604334e-16  2.3265773e-16  -1.8809922e-16  2.1136188e-16  1.2363703e-16  -5.4141428e-17  7.9267161e-17  -4.9421778e-17  -9.2918919e-18  2.3023956e-16  7.6290563e-17  -2.3223619e-16  -4.9772208e-16  4.1969432e-16  1.2855217e-16  1.0000000   1.5906642e-16  -4.6461590e-16  -3.1800365e-16  1.2235368e-17  1.7310941e-16  4.3121111e-17  -2.3242856e-16  4.6416983e-16  
5.2237008e-16  -3.4263444e-16  -4.7699872e-16  5.8203674e-16  -9.6479640e-17  -4.2154538e-16  -5.1846094e-16  -2.8000428e-16  4.1452871e-16  1.8417637e-16  3.3751107e-16  4.1248120e-16  -6.0573640e-16  3.6373203e-17  -7.6820105e-17  1.5086513e-16  8.9128479e-18  6.6383785e-16  2.5558534e-16  -5.7109050e-16  1.1775718e-16  8.3447363e-17  1.5906642e-16  1.0000000   3.9588763e-16  -3.3627795e-16  4.8184018e-16  -4.8783199e-16  -9.1560873e-17  4.8327518e-17  5.3136045e-16  5.2237008e-16  -3.4263444e-16  -4.7699872e-16  5.8203674e-16  -9.6479640e-17  -4.2154538e-16  -5.1846094e-16  -2.8000428e-16  4.1452871e-16  1.8417637e-16  3.3751107e-16  4.1248120e-16  -6.0573640e-16  3.6373203e-17  -7.6820105e-17  1.5086513e-16  8.9128479e-18  6.6383785e-16  2.5558534e-16  -5.7109050e-16  1.1775718e-16  8.3447363e-17  1.5906642e-16  1.0000000   3.9588763e-16  -3.3627795e-16  4.8184018e-16  -4.8783199e-16  -9.1560873e-17  4.8327518e-17  5.3136045e-16  
2.7881620e-16  2.4198630e-16  -8.4913519e-16  -2.4999481e-16  -3.0914113e-16  2.0283833e-16  2.4845867e-16  -6.4004112e-17  2.0924042e-16  8.0714780e-16  -8.7116806e-17  -1.0300795e-16  2.9758864e-17  1.9700997e-16  4.5196866e-16  1.9998293e-16  1.3658347e-17  3.0301729e-16  6.8841559e-17  4.3870892e-16  5.8037744e-17  -1.3581009e-16  -4.6461590e-16  3.9588763e-16  1.0000000   7.0623581e-16  2.8795482e-16  -2.8457095e-16  2.5877327e-16  -1.8778767e-16  -7.5342091e-16  2.7881620e-16  2.4198630e-16  -8.4913519e-16  -2.4999481e-16  -3.0914113e-16  2.0283833e-16  2.4845867e-16  -6.4004112e-17  2.0924042e-16  8.0714780e-16  -8.7116806e-17  -1.0300795e-16  2.9758864e-17  1.9700997e-16  4.5196866e-16  1.9998293e-16  1.3658347e-17  3.0301729e-16  6.8841559e-17  4.3870892e-16  5.8037744e-17  -1.3581009e-16  -4.6461590e-16  3.9588763e-16  1.0000000   7.0623581e-16  2.8795482e-16  -2.8457095e-16  2.5877327e-16  -1.8778767e-16  -7.5342091e-16  
5.7316728e-16  2.5373387e-16  1.4848286e-16  -5.0170557e-16  -5.1926632e-17  2.9435388e-16  6.9526117e-16  -4.3178822e-16  7.8435819e-16  7.5376221e-16  -5.3832010e-16  -1.7586214e-16  -3.7347083e-16  -7.1337479e-17  -1.4180942e-16  -7.4155853e-16  -3.1880015e-16  2.7430490e-16  -5.5668825e-16  1.0694695e-15  -1.7092251e-16  2.8362507e-16  -3.1800365e-16  -3.3627795e-16  7.0623581e-16  1.0000000   -1.6137652e-16  -2.5253136e-16  7.6647625e-16  4.8200991e-16  -4.5578527e-16  5.7316728e-16  2.5373387e-16  1.4848286e-16  -5.0170557e-16  -5.1926632e-17  2.9435388e-16  6.9526117e-16  -4.3178822e-16  7.8435819e-16  7.5376221e-16  -5.3832010e-16  -1.7586214e-16  -3.7347083e-16  -7.1337479e-17  -1.4180942e-16  -7.4155853e-16  -3.1880015e-16  2.7430490e-16  -5.5668825e-16  1.0694695e-15  -1.7092251e-16  2.8362507e-16  -3.1800365e-16  -3.3627795e-16  7.0623581e-16  1.0000000   -1.6137652e-16  -2.5253136e-16  7.6647625e-16  4.8200991e-16  -4.5578527e-16  
-3.3069804e-16  -6.5397551e-17  -3.2985824e-16  1.4826094e-16  5.1652664e-16  -1.0169695e-16  -4.8102905e-16  4.8335965e-16  3.1019136e-16  3.4208208e-16  1.9026739e-16  3.4441163e-16  6.9436416e-16  3.4170194e-16  -2.3265403e-16  -2.1572919e-16  -3.9431726e-17  6.6514468e-16  -2.3993636e-16  1.2586685e-17  -6.2592420e-16  2.6548970e-16  1.2235368e-17  4.8184018e-16  2.8795482e-16  -1.6137652e-16  1.0000000   -4.8807065e-16  2.5430942e-16  -1.2400885e-16  4.5930388e-16  -3.3069804e-16  -6.5397551e-17  -3.2985824e-16  1.4826094e-16  5.1652664e-16  -1.0169695e-16  -4.8102905e-16  4.8335965e-16  3.1019136e-16  3.4208208e-16  1.9026739e-16  3.4441163e-16  6.9436416e-16  3.4170194e-16  -2.3265403e-16  -2.1572919e-16  -3.9431726e-17  6.6514468e-16  -2.3993636e-16  1.2586685e-17  -6.2592420e-16  2.6548970e-16  1.2235368e-17  4.8184018e-16  2.8795482e-16  -1.6137652e-16  1.0000000   -4.8807065e-16  2.5430942e-16  -1.2400885e-16  4.5930388e-16  
5.2911205e-16  -3.4389821e-16  -2.5916583e-16  4.4534629e-16  -2.4881725e-16  5.5548814e-17  -7.4520122e-19  1.2978420e-16  2.0873129e-17  -1.9294455e-17  1.3464797e-16  -6.3043861e-16  2.9096665e-16  6.4131519e-17  1.6893965e-16  2.2570331e-16  -1.1571520e-16  -1.5540433e-16  8.4114193e-17  1.1094156e-16  -6.0374716e-16  -5.8766375e-16  1.7310941e-16  -4.8783199e-16  -2.8457095e-16  -2.5253136e-16  -4.8807065e-16  1.0000000   -7.7693275e-16  -8.2119903e-16  -3.8252703e-16  5.2911205e-16  -3.4389821e-16  -2.5916583e-16  4.4534629e-16  -2.4881725e-16  5.5548814e-17  -7.4520122e-19  1.2978420e-16  2.0873129e-17  -1.9294455e-17  1.3464797e-16  -6.3043861e-16  2.9096665e-16  6.4131519e-17  1.6893965e-16  2.2570331e-16  -1.1571520e-16  -1.5540433e-16  8.4114193e-17  1.1094156e-16  -6.0374716e-16  -5.8766375e-16  1.7310941e-16  -4.8783199e-16  -2.8457095e-16  -2.5253136e-16  -4.8807065e-16  1.0000000   -7.7693275e-16  -8.2119903e-16  -3.8252703e-16  
-1.2306031e-15  -2.6643729e-16  2.4136041e-16  -1.4494637e-16  6.7110937e-17  -1.2870246e-16  6.7903758e-16  -1.5483158e-16  -4.1611370e-16  1.1068630e-16  -7.7236260e-17  1.6321857e-15  6.1979679e-16  -4.3240911e-16  -3.3734355e-16  -5.6978262e-16  1.2123873e-16  7.0782702e-17  4.4919745e-16  1.1621100e-15  -6.6915919e-16  5.8076779e-16  4.3121111e-17  -9.1560873e-17  2.5877327e-16  7.6647625e-16  2.5430942e-16  -7.7693275e-16  1.0000000   8.7525836e-16  -1.0902735e-15  -1.2306031e-15  -2.6643729e-16  2.4136041e-16  -1.4494637e-16  6.7110937e-17  -1.2870246e-16  6.7903758e-16  -1.5483158e-16  -4.1611370e-16  1.1068630e-16  -7.7236260e-17  1.6321857e-15  6.1979679e-16  -4.3240911e-16  -3.3734355e-16  -5.6978262e-16  1.2123873e-16  7.0782702e-17  4.4919745e-16  1.1621100e-15  -6.6915919e-16  5.8076779e-16  4.3121111e-17  -9.1560873e-17  2.5877327e-16  7.6647625e-16  2.5430942e-16  -7.7693275e-16  1.0000000   8.7525836e-16  -1.0902735e-15  
-2.3701559e-16  -2.5441439e-16  -1.2844981e-16  -8.1939015e-16  -2.5292854e-16  1.6083305e-16  1.8850138e-16  1.0000992e-16  -3.9014709e-16  8.8282743e-16  -6.1599435e-16  -2.8485837e-16  -1.4691548e-17  -2.3073427e-16  3.1560567e-16  -4.4440169e-16  -7.8992982e-17  -1.5814268e-16  5.6519938e-16  -1.5660228e-16  4.4432646e-16  3.5020536e-17  -2.3242856e-16  4.8327518e-17  -1.8778767e-16  4.8200991e-16  -1.2400885e-16  -8.2119903e-16  8.7525836e-16  1.0000000   -7.4077528e-17  -2.3701559e-16  -2.5441439e-16  -1.2844981e-16  -8.1939015e-16  -2.5292854e-16  1.6083305e-16  1.8850138e-16  1.0000992e-16  -3.9014709e-16  8.8282743e-16  -6.1599435e-16  -2.8485837e-16  -1.4691548e-17  -2.3073427e-16  3.1560567e-16  -4.4440169e-16  -7.8992982e-17  -1.5814268e-16  5.6519938e-16  -1.5660228e-16  4.4432646e-16  3.5020536e-17  -2.3242856e-16  4.8327518e-17  -1.8778767e-16  4.8200991e-16  -1.2400885e-16  -8.2119903e-16  8.7525836e-16  1.0000000   -7.4077528e-17  
-4.4500573e-16  -2.5254294e-16  2.1380805e-16  -3.1982621e-17  6.8145079e-16  -1.7139699e-16  -8.8254300e-16  9.8362170e-16  -1.4019001e-16  -5.3721739e-16  -1.3552336e-16  -4.8340485e-17  2.6366031e-16  2.5698009e-16  -1.1650646e-16  1.0086021e-15  2.4380424e-16  1.8921561e-16  -7.0852194e-17  -1.1278523e-15  3.0858408e-16  -9.8736477e-16  4.6416983e-16  5.3136045e-16  -7.5342091e-16  -4.5578527e-16  4.5930388e-16  -3.8252703e-16  -1.0902735e-15  -7.4077528e-17  1.0000000   -4.4500573e-16  -2.5254294e-16  2.1380805e-16  -3.1982621e-17  6.8145079e-16  -1.7139699e-16  -8.8254300e-16  9.8362170e-16  -1.4019001e-16  -5.3721739e-16  -1.3552336e-16  -4.8340485e-17  2.6366031e-16  2.5698009e-16  -1.1650646e-16  1.0086021e-15  2.4380424e-16  1.8921561e-16  -7.0852194e-17  -1.1278523e-15  3.0858408e-16  -9.8736477e-16  4.6416983e-16  5.3136045e-16  -7.5342091e-16  -4.5578527e-16  4.5930388e-16  -3.8252703e-16  -1.0902735e-15  -7.4077528e-17  1.0000000   
1.0000000   -5.4416381e-17  -1.2164327e-16  -4.6447443e-16  -5.3306550e-16  -5.4926010e-17  4.9947740e-16  9.3069274e-17  -4.1476750e-16  -4.4036499e-16  1.1927156e-16  9.0396508e-17  5.2095488e-18  -4.9490772e-17  -5.9534239e-16  -8.0205895e-16  1.3812595e-16  -9.1702918e-16  4.4522960e-16  3.0608957e-16  5.2385101e-16  -2.9229500e-16  1.2408888e-16  5.2237008e-16  2.7881620e-16  5.7316728e-16  -3.3069804e-16  5.2911205e-16  -1.2306031e-15  -2.3701559e-16  -4.4500573e-16  1.0000000   -5.4416381e-17  -1.2164327e-16  -4.6447443e-16  -5.3306550e-16  -5.4926010e-17  4.9947740e-16  9.3069274e-17  -4.1476750e-16  -4.4036499e-16  1.1927156e-16  9.0396508e-17  5.2095488e-18  -4.9490772e-17  -5.9534239e-16  -8.0205895e-16  1.3812595e-16  -9.1702918e-16  4.4522960e-16  3.0608957e-16  5.2385101e-16  -2.9229500e-16  1.2408888e-16  5.2237008e-16  2.7881620e-16  5.7316728e-16  -3.3069804e-16  5.2911205e-16  -1.2306031e-15  -2.3701559e-16  -4.4500573e-16  
-5.4416381e-17  1.0000000   4.2998967e-17  9.4472050e-17  2.9665141e-16  -5.5476066e-17  2.7439166e-16  -8.1730451e-16  -1.4069735e-16  -6.3423383e-16  6.9979419e-17  -2.5247041e-16  2.2932184e-16  4.5429852e-16  3.1743730e-16  1.5374850e-16  -2.9598093e-16  -2.0422817e-16  6.4368279e-17  6.3964449e-16  -3.5193884e-16  -2.3723689e-16  -1.2538768e-16  -3.4263444e-16  2.4198630e-16  2.5373387e-16  -6.5397551e-17  -3.4389821e-16  -2.6643729e-16  -2.5441439e-16  -2.5254294e-16  -5.4416381e-17  1.0000000   4.2998967e-17  9.4472050e-17  2.9665141e-16  -5.5476066e-17  2.7439166e-16  -8.1730451e-16  -1.4069735e-16  -6.3423383e-16  6.9979419e-17  -2.5247041e-16  2.2932184e-16  4.5429852e-16  3.1743730e-16  1.5374850e-16  -2.9598093e-16  -2.0422817e-16  6.4368279e-17  6.3964449e-16  -3.5193884e-16  -2.3723689e-16  -1.2538768e-16  -3.4263444e-16  2.4198630e-16  2.5373387e-16  -6.5397551e-17  -3.4389821e-16  -2.6643729e-16  -2.5441439e-16  -2.5254294e-16  
-1.2164327e-16  4.2998967e-17  1.0000000   -7.5004035e-17  7.8110402e-16  1.9371794e-16  7.5682469e-16  5.9968311e-18  3.9637487e-16  4.7667755e-16  6.6978252e-16  4.0048973e-17  2.4943620e-16  -1.6299075e-16  -2.7724594e-16  1.1894515e-16  6.5684441e-16  5.9588927e-16  -6.6465497e-17  -4.4962101e-16  -1.9552488e-16  -3.5493207e-16  1.4564979e-16  -4.7699872e-16  -8.4913519e-16  1.4848286e-16  -3.2985824e-16  -2.5916583e-16  2.4136041e-16  -1.2844981e-16  2.1380805e-16  -1.2164327e-16  4.2998967e-17  1.0000000   -7.5004035e-17  7.8110402e-16  1.9371794e-16  7.5682469e-16  5.9968311e-18  3.9637487e-16  4.7667755e-16  6.6978252e-16  4.0048973e-17  2.4943620e-16  -1.6299075e-16  -2.7724594e-16  1.1894515e-16  6.5684441e-16  5.9588927e-16  -6.6465497e-17  -4.4962101e-16  -1.9552488e-16  -3.5493207e-16  1.4564979e-16  -4.7699872e-16  -8.4913519e-16  1.4848286e-16  -3.2985824e-16  -2.5916583e-16  2.4136041e-16  -1.2844981e-16  2.1380805e-16  
-4.6447443e-16  9.4472050e-17  -7.5004035e-17  1.0000000   5.2776319e-16  1.9855476e-16  2.7338383e-16  1.3745549e-16  2.8623207e-16  -4.4540543e-16  3.8167864e-16  1.6607967e-16  -1.4246488e-16  3.6412731e-16  -2.8097740e-16  -8.4058339e-17  4.0696564e-16  7.4665921e-18  -1.8019135e-16  -1.1136132e-15  6.4540789e-17  5.4184862e-16  9.3215276e-16  5.8203674e-16  -2.4999481e-16  -5.0170557e-16  1.4826094e-16  4.4534629e-16  -1.4494637e-16  -8.1939015e-16  -3.1982621e-17  -4.6447443e-16  9.4472050e-17  -7.5004035e-17  1.0000000   5.2776319e-16  1.9855476e-16  2.7338383e-16  1.3745549e-16  2.8623207e-16  -4.4540543e-16  3.8167864e-16  1.6607967e-16  -1.4246488e-16  3.6412731e-16  -2.8097740e-16  -8.4058339e-17  4.0696564e-16  7.4665921e-18  -1.8019135e-16  -1.1136132e-15  6.4540789e-17  5.4184862e-16  9.3215276e-16  5.8203674e-16  -2.4999481e-16  -5.0170557e-16  1.4826094e-16  4.4534629e-16  -1.4494637e-16  -8.1939015e-16  -3.1982621e-17  
-5.3306550e-16  2.9665141e-16  7.8110402e-16  5.2776319e-16  1.0000000   8.8527801e-17  -8.6123272e-16  -3.6912834e-16  -9.0918617e-16  3.6529557e-16  6.1694222e-16  -2.1008549e-16  6.6827832e-17  3.6612495e-16  -2.7052621e-16  -5.1609851e-17  -3.0709245e-16  2.6526960e-16  -6.7573002e-16  -5.2559535e-16  6.1407510e-17  5.7975623e-16  5.6762712e-16  -9.6479640e-17  -3.0914113e-16  -5.1926632e-17  5.1652664e-16  -2.4881725e-16  6.7110937e-17  -2.5292854e-16  6.8145079e-16  -5.3306550e-16  2.9665141e-16  7.8110402e-16  5.2776319e-16  1.0000000   8.8527801e-17  -8.6123272e-16  -3.6912834e-16  -9.0918617e-16  3.6529557e-16  6.1694222e-16  -2.1008549e-16  6.6827832e-17  3.6612495e-16  -2.7052621e-16  -5.1609851e-17  -3.0709245e-16  2.6526960e-16  -6.7573002e-16  -5.2559535e-16  6.1407510e-17  5.7975623e-16  5.6762712e-16  -9.6479640e-17  -3.0914113e-16  -5.1926632e-17  5.1652664e-16  -2.4881725e-16  6.7110937e-17  -2.5292854e-16  6.8145079e-16  
-5.4926010e-17  -5.5476066e-17  1.9371794e-16  1.9855476e-16  8.8527801e-17  1.0000000   3.0003941e-16  -5.5835607e-16  -1.8622162e-16  -1.5050547e-16  -3.0591409e-17  6.1886550e-17  8.5449870e-17  4.2571280e-16  5.2688732e-17  -2.3066258e-16  2.6109070e-16  -1.1383747e-16  -3.0339509e-16  3.5013572e-16  -1.9735618e-16  4.5660326e-16  -7.0010522e-16  -4.2154538e-16  2.0283833e-16  2.9435388e-16  -1.0169695e-16  5.5548814e-17  -1.2870246e-16  1.6083305e-16  -1.7139699e-16  -5.4926010e-17  -5.5476066e-17  1.9371794e-16  1.9855476e-16  8.8527801e-17  1.0000000   3.0003941e-16  -5.5835607e-16  -1.8622162e-16  -1.5050547e-16  -3.0591409e-17  6.1886550e-17  8.5449870e-17  4.2571280e-16  5.2688732e-17  -2.3066258e-16  2.6109070e-16  -1.1383747e-16  -3.0339509e-16  3.5013572e-16  -1.9735618e-16  4.5660326e-16  -7.0010522e-16  -4.2154538e-16  2.0283833e-16  2.9435388e-16  -1.0169695e-16  5.5548814e-17  -1.2870246e-16  1.6083305e-16  -1.7139699e-16  
4.9947740e-16  2.7439166e-16  7.5682469e-16  2.7338383e-16  -8.6123272e-16  3.0003941e-16  1.0000000   -5.2433099e-16  1.2508133e-15  6.3849027e-16  2.2257089e-18  9.1383416e-16  -4.9695141e-16  1.1098894e-16  2.0723022e-16  7.5459123e-16  -1.3231029e-16  -9.9167325e-16  -4.6615788e-16  1.0904663e-16  -2.9752117e-17  -4.5932855e-16  3.2772187e-16  -5.1846094e-16  2.4845867e-16  6.9526117e-16  -4.8102905e-16  -7.4520122e-19  6.7903758e-16  1.8850138e-16  -8.8254300e-16  4.9947740e-16  2.7439166e-16  7.5682469e-16  2.7338383e-16  -8.6123272e-16  3.0003941e-16  1.0000000   -5.2433099e-16  1.2508133e-15  6.3849027e-16  2.2257089e-18  9.1383416e-16  -4.9695141e-16  1.1098894e-16  2.0723022e-16  7.5459123e-16  -1.3231029e-16  -9.9167325e-16  -4.6615788e-16  1.0904663e-16  -2.9752117e-17  -4.5932855e-16  3.2772187e-16  -5.1846094e-16  2.4845867e-16  6.9526117e-16  -4.8102905e-16  -7.4520122e-19  6.7903758e-16  1.8850138e-16  -8.8254300e-16  
9.3069274e-17  -8.1730451e-16  5.9968311e-18  1.3745549e-16  -3.6912834e-16  -5.5835607e-16  -5.2433099e-16  1.0000000   -1.4710305e-16  -3.8638894e-16  4.8213326e-16  1.5209695e-16  -3.0128013e-16  -1.4730174e-16  -1.8453159e-16  -1.9712318e-16  3.3730042e-16  1.4682786e-16  -4.9695637e-16  -5.2651653e-16  5.3540799e-16  9.5914090e-16  -4.6604334e-16  -2.8000428e-16  -6.4004112e-17  -4.3178822e-16  4.8335965e-16  1.2978420e-16  -1.5483158e-16  1.0000992e-16  9.8362170e-16  9.3069274e-17  -8.1730451e-16  5.9968311e-18  1.3745549e-16  -3.6912834e-16  -5.5835607e-16  -5.2433099e-16  1.0000000   -1.4710305e-16  -3.8638894e-16  4.8213326e-16  1.5209695e-16  -3.0128013e-16  -1.4730174e-16  -1.8453159e-16  -1.9712318e-16  3.3730042e-16  1.4682786e-16  -4.9695637e-16  -5.2651653e-16  5.3540799e-16  9.5914090e-16  -4.6604334e-16  -2.8000428e-16  -6.4004112e-17  -4.3178822e-16  4.8335965e-16  1.2978420e-16  -1.5483158e-16  1.0000992e-16  9.8362170e-16  
-4.1476750e-16  -1.4069735e-16  3.9637487e-16  2.8623207e-16  -9.0918617e-16  -1.8622162e-16  1.2508133e-15  -1.4710305e-16  1.0000000   -1.3228999e-16  -3.3486168e-16  1.2774158e-16  -5.1895832e-16  -2.8149965e-18  -5.3539589e-17  -4.5251412e-16  -3.7330064e-16  -4.6331522e-16  -3.8159977e-16  5.9374762e-16  -5.2018947e-17  -6.2965118e-16  2.3265773e-16  4.1452871e-16  2.0924042e-16  7.8435819e-16  3.1019136e-16  2.0873129e-17  -4.1611370e-16  -3.9014709e-16  -1.4019001e-16  -4.1476750e-16  -1.4069735e-16  3.9637487e-16  2.8623207e-16  -9.0918617e-16  -1.8622162e-16  1.2508133e-15  -1.4710305e-16  1.0000000   -1.3228999e-16  -3.3486168e-16  1.2774158e-16  -5.1895832e-16  -2.8149965e-18  -5.3539589e-17  -4.5251412e-16  -3.7330064e-16  -4.6331522e-16  -3.8159977e-16  5.9374762e-16  -5.2018947e-17  -6.2965118e-16  2.3265773e-16  4.1452871e-16  2.0924042e-16  7.8435819e-16  3.1019136e-16  2.0873129e-17  -4.1611370e-16  -3.9014709e-16  -1.4019001e-16  
-4.4036499e-16  -6.3423383e-16  4.7667755e-16  -4.4540543e-16  3.6529557e-16  -1.5050547e-16  6.3849027e-16  -3.8638894e-16  -1.3228999e-16  1.0000000   7.3515410e-16  2.7616053e-16  2.9318331e-16  -5.4023377e-16  7.7423976e-16  1.0903818e-16  -4.1253669e-16  -3.4321889e-17  4.4556451e-16  5.3807316e-17  -3.0558671e-16  7.5077743e-16  -1.8809922e-16  1.8417637e-16  8.0714780e-16  7.5376221e-16  3.4208208e-16  -1.9294455e-17  1.1068630e-16  8.8282743e-16  -5.3721739e-16  -4.4036499e-16  -6.3423383e-16  4.7667755e-16  -4.4540543e-16  3.6529557e-16  -1.5050547e-16  6.3849027e-16  -3.8638894e-16  -1.3228999e-16  1.0000000   7.3515410e-16  2.7616053e-16  2.9318331e-16  -5.4023377e-16  7.7423976e-16  1.0903818e-16  -4.1253669e-16  -3.4321889e-17  4.4556451e-16  5.3807316e-17  -3.0558671e-16  7.5077743e-16  -1.8809922e-16  1.8417637e-16  8.0714780e-16  7.5376221e-16  3.4208208e-16  -1.9294455e-17  1.1068630e-16  8.8282743e-16  -5.3721739e-16  
