1.0000000   -3.5250948e-16  3.2937360e-16  1.1978641e-16  -4.7747728e-16  6.5916579e-16  4.5175872e-16  6.2364251e-16  1.3678580e-16  9.5892335e-17  -5.9233351e-16  1.2301529e-16  8.8811340e-16  -1.1637219e-16  2.9148769e-16  1.4304441e-16  1.0358701e-16  4.8195212e-17  -1.6371234e-16  4.3366666e-17  6.7828755e-16  6.0950982e-17  -4.5402488e-17  4.9317821e-16  -2.0849315e-16  5.2654715e-17  -4.3625034e-16  -2.2451901e-16  1.3042292e-16  2.8342047e-16  2.0012139e-16  1.0000000   -3.5250948e-16  3.2937360e-16  1.1978641e-16  -4.7747728e-16  6.5916579e-16  4.5175872e-16  6.2364251e-16  1.3678580e-16  9.5892335e-17  -5.9233351e-16  1.2301529e-16  8.8811340e-16  -1.1637219e-16  2.9148769e-16  1.4304441e-16  1.0358701e-16  4.8195212e-17  -1.6371234e-16  4.3366666e-17  6.7828755e-16  6.0950982e-17  -4.5402488e-17  4.9317821e-16  -2.0849315e-16  5.2654715e-17  -4.3625034e-16  -2.2451901e-16  1.3042292e-16  2.8342047e-16  2.0012139e-16  
-3.5250948e-16  1.0000000   -2.8712763e-18  2.0142584e-16  -5.1667404e-16  -1.0788179e-17  6.3583620e-17  -5.7819460e-16  -8.1033094e-18  3.8531498e-16  -4.6014390e-16  -1.7314525e-16  -2.1166567e-16  -3.7245868e-16  -3.1238685e-16  -3.3999939e-16  -1.1513945e-16  4.2868054e-16  2.5617468e-16  -3.6341569e-16  -1.0063325e-15  2.9109162e-16  4.3786031e-16  -2.7028556e-16  -1.1982232e-16  -6.9715824e-16  6.2418506e-17  -1.3168926e-16  3.2413930e-16  -9.8764604e-17  1.3541851e-16  -3.5250948e-16  1.0000000   -2.8712763e-18  2.0142584e-16  -5.1667404e-16  -1.0788179e-17  6.3583620e-17  -5.7819460e-16  -8.1033094e-18  3.8531498e-16  -4.6014390e-16  -1.7314525e-16  -2.1166567e-16  -3.7245868e-16  -3.1238685e-16  -3.3999939e-16  -1.1513945e-16  4.2868054e-16  2.5617468e-16  -3.6341569e-16  -1.0063325e-15  2.9109162e-16  4.3786031e-16  -2.7028556e-16  -1.1982232e-16  -6.9715824e-16  6.2418506e-17  -1.3168926e-16  3.2413930e-16  -9.8764604e-17  1.3541851e-16  
3.2937360e-16  -2.8712763e-18  1.0000000   5.5061671e-16  3.5367863e-16  7.2285716e-17  -1.1365026e-16  -5.5681413e-17  3.1969226e-16  1.0666889e-16  1.9045845e-16  5.1289963e-16  4.3073443e-16  5.4206663e-16  -3.6814331e-16  2.4085153e-16  1.1658568e-16  2.5566083e-17  -7.2412548e-16  3.1828057e-16  -8.2451979e-17  -5.6708293e-16  -2.8252878e-17  2.3515092e-16  -2.8974832e-16  8.2096931e-17  -1.3354542e-16  -1.9596374e-16  -2.5255280e-16  2.2464972e-16  5.2904619e-18  3.2937360e-16  -2.8712763e-18  1.0000000   5.5061671e-16  3.5367863e-16  7.2285716e-17  -1.1365026e-16  -5.5681413e-17  3.1969226e-16  1.0666889e-16  1.9045845e-16  5.1289963e-16  4.3073443e-16  5.4206663e-16  -3.6814331e-16  2.4085153e-16  1.1658568e-16  2.5566083e-17  -7.2412548e-16  3.1828057e-16  -8.2451979e-17  -5.6708293e-16  -2.8252878e-17  2.3515092e-16  -2.8974832e-16  8.2096931e-17  -1.3354542e-16  -1.9596374e-16  -2.5255280e-16  2.2464972e-16  5.2904619e-18  
1.1978641e-16  2.0142584e-16  5.5061671e-16  1.0000000   -4.6869955e-16  -8.8993628e-16  -1.7611506e-16  -4.2888006e-16  -2.2169046e-16  8.9468712e-17  -1.3509041e-15  2.5536576e-17  -2.9143630e-16  -2.2985238e-16  6.8230373e-17  3.4084506e-16  -4.7385612e-16  7.6209778e-16  -5.8620174e-17  -6.8217318e-16  -1.3197914e-16  1.8821288e-16  2.8050148e-17  4.8154697e-16  -6.9095727e-17  9.7555427e-17  -2.2741087e-16  -5.2958327e-16  2.2787927e-16  -3.8275677e-16  3.4097371e-17  1.1978641e-16  2.0142584e-16  5.5061671e-16  1.0000000   -4.6869955e-16  -8.8993628e-16  -1.7611506e-16  -4.2888006e-16  -2.2169046e-16  8.9468712e-17  -1.3509041e-15  2.5536576e-17  -2.9143630e-16  -2.2985238e-16  6.8230373e-17  3.4084506e-16  -4.7385612e-16  7.6209778e-16  -5.8620174e-17  -6.8217318e-16  -1.3197914e-16  1.8821288e-16  2.8050148e-17  4.8154697e-16  -6.9095727e-17  9.7555427e-17  -2.2741087e-16  -5.2958327e-16  2.2787927e-16  -3.8275677e-16  3.4097371e-17  
-4.7747728e-16  -5.1667404e-16  3.5367863e-16  -4.6869955e-16  1.0000000   -4.3208009e-16  -2.3724447e-17  -1.7978843e-17  -6.7402629e-16  7.4959582e-17  9.0907223e-16  -1.0244191e-16  1.2336094e-16  3.4428026e-16  5.5180980e-17  2.5034001e-16  -4.8518987e-17  3.9000921e-17  -3.3809867e-16  -8.2405441e-16  8.4789000e-16  -7.4951702e-17  -4.0979036e-16  7.0429517e-16  -3.0164564e-16  -4.0680048e-18  -2.1547603e-16  -4.3439180e-16  -6.4557407e-16  9.4984776e-17  1.4913128e-16  -4.7747728e-16  -5.1667404e-16  3.5367863e-16  -4.6869955e-16  1.0000000   -4.3208009e-16  -2.3724447e-17  -1.7978843e-17  -6.7402629e-16  7.4959582e-17  9.0907223e-16  -1.0244191e-16  1.2336094e-16  3.4428026e-16  5.5180980e-17  2.5034001e-16  -4.8518987e-17  3.9000921e-17  -3.3809867e-16  -8.2405441e-16  8.4789000e-16  -7.4951702e-17  -4.0979036e-16  7.0429517e-16  -3.0164564e-16  -4.0680048e-18  -2.1547603e-16  -4.3439180e-16  -6.4557407e-16  9.4984776e-17  1.4913128e-16  
6.5916579e-16  -1.0788179e-17  7.2285716e-17  -8.8993628e-16  -4.3208009e-16  1.0000000   -5.7226227e-16  3.6764664e-16  -6.3906574e-16  -1.9032139e-17  2.6245538e-16  7.0598211e-17  4.8112980e-17  1.2407168e-16  6.8567685e-16  -7.6886415e-16  -6.1623295e-16  1.5641251e-16  -5.9364146e-16  5.8983821e-17  5.1491110e-16  3.7286635e-17  -4.1328602e-16  -1.0524289e-15  -1.7115318e-16  3.5541172e-16  -1.1743139e-16  7.5997480e-16  -7.0361617e-16  -1.2896778e-16  -1.5367970e-16  6.5916579e-16  -1.0788179e-17  7.2285716e-17  -8.8993628e-16  -4.3208009e-16  1.0000000   -5.7226227e-16  3.6764664e-16  -6.3906574e-16  -1.9032139e-17  2.6245538e-16  7.0598211e-17  4.8112980e-17  1.2407168e-16  6.8567685e-16  -7.6886415e-16  -6.1623295e-16  1.5641251e-16  -5.9364146e-16  5.8983821e-17  5.1491110e-16  3.7286635e-17  -4.1328602e-16  -1.0524289e-15  -1.7115318e-16  3.5541172e-16  -1.1743139e-16  7.5997480e-16  -7.0361617e-16  -1.2896778e-16  -1.5367970e-16  
4.5175872e-16  6.3583620e-17  -1.1365026e-16  -1.7611506e-16  -2.3724447e-17  -5.7226227e-16  1.0000000   -2.9067541e-16  8.1619152e-17  -2.3083908e-16  -2.3394408e-16  -1.6674366e-17  -2.9729306e-16  -6.1828133e-16  1.3641270e-16  2.0306417e-16  -8.3167445e-17  -2.7438880e-16  5.5860760e-16  1.5809758e-16  -4.4935809e-16  -4.3713259e-17  8.5330030e-16  1.3596583e-16  -3.8348911e-16  4.0342222e-16  3.3378049e-16  -1.7548839e-17  -3.7699617e-16  5.3510951e-16  2.8548671e-16  4.5175872e-16  6.3583620e-17  -1.1365026e-16  -1.7611506e-16  -2.3724447e-17  -5.7226227e-16  1.0000000   -2.9067541e-16  8.1619152e-17  -2.3083908e-16  -2.3394408e-16  -1.6674366e-17  -2.9729306e-16  -6.1828133e-16  1.3641270e-16  2.0306417e-16  -8.3167445e-17  -2.7438880e-16  5.5860760e-16  1.5809758e-16  -4.4935809e-16  -4.3713259e-17  8.5330030e-16  1.3596583e-16  -3.8348911e-16  4.0342222e-16  3.3378049e-16  -1.7548839e-17  -3.7699617e-16  5.3510951e-16  2.8548671e-16  
6.2364251e-16  -5.7819460e-16  -5.5681413e-17  -4.2888006e-16  -1.7978843e-17  3.6764664e-16  -2.9067541e-16  1.0000000   -2.3219196e-16  -4.0436579e-16  7.4623288e-17  2.2341937e-16  -7.3647180e-17  -2.4577791e-16  4.8219061e-17  -2.2728463e-16  9.5525659e-17  6.5821139e-16  -3.3125794e-16  -2.3963384e-17  -3.2242514e-17  4.7287731e-16  -1.0391700e-16  -2.3735489e-16  -2.7065039e-16  -2.8977006e-16  -2.9710490e-16  -4.5111958e-16  -2.2113958e-16  -7.3184858e-17  3.9207217e-16  6.2364251e-16  -5.7819460e-16  -5.5681413e-17  -4.2888006e-16  -1.7978843e-17  3.6764664e-16  -2.9067541e-16  1.0000000   -2.3219196e-16  -4.0436579e-16  7.4623288e-17  2.2341937e-16  -7.3647180e-17  -2.4577791e-16  4.8219061e-17  -2.2728463e-16  9.5525659e-17  6.5821139e-16  -3.3125794e-16  -2.3963384e-17  -3.2242514e-17  4.7287731e-16  -1.0391700e-16  -2.3735489e-16  -2.7065039e-16  -2.8977006e-16  -2.9710490e-16  -4.5111958e-16  -2.2113958e-16  -7.3184858e-17  3.9207217e-16  
1.3678580e-16  -8.1033094e-18  3.1969226e-16  -2.2169046e-16  -6.7402629e-16  -6.3906574e-16  8.1619152e-17  -2.3219196e-16  1.0000000   -4.8738976e-16  1.5979846e-16  9.1412162e-16  -1.9122911e-16  -5.0616662e-16  -5.5557141e-16  1.7795094e-16  2.9674558e-16  4.0182038e-16  5.6023022e-16  9.8377000e-18  2.4929235e-16  3.7493534e-16  -1.5180197e-16  -7.8355803e-16  -4.9746222e-16  3.6587082e-16  -1.1196287e-16  3.3619722e-16  3.6209576e-16  8.1458210e-16  -4.2614352e-16  1.3678580e-16  -8.1033094e-18  3.1969226e-16  -2.2169046e-16  -6.7402629e-16  -6.3906574e-16  8.1619152e-17  -2.3219196e-16  1.0000000   -4.8738976e-16  1.5979846e-16  9.1412162e-16  -1.9122911e-16  -5.0616662e-16  -5.5557141e-16  1.7795094e-16  2.9674558e-16  4.0182038e-16  5.6023022e-16  9.8377000e-18  2.4929235e-16  3.7493534e-16  -1.5180197e-16  -7.8355803e-16  -4.9746222e-16  3.6587082e-16  -1.1196287e-16  3.3619722e-16  3.6209576e-16  8.1458210e-16  -4.2614352e-16  
9.5892335e-17  3.8531498e-16  1.0666889e-16  8.9468712e-17  7.4959582e-17  -1.9032139e-17  -2.3083908e-16  -4.0436579e-16  -4.8738976e-16  1.0000000   -4.2490589e-16  -3.1353216e-17  -5.1377462e-16  -5.4427267e-17  -7.9950766e-16  6.1700975e-16  -9.1530268e-17  1.9764889e-16  -5.7882663e-16  4.3741662e-16  -2.3160221e-16  -4.7276204e-16  -1.7522421e-16  -1.9226874e-16  -7.0839426e-16  -5.9756319e-16  2.0345833e-16  6.7645537e-17  -5.0208983e-16  1.6963738e-16  -3.9287320e-17  9.5892335e-17  3.8531498e-16  1.0666889e-16  8.9468712e-17  7.4959582e-17  -1.9032139e-17  -2.3083908e-16  -4.0436579e-16  -4.8738976e-16  1.0000000   -4.2490589e-16  -3.1353216e-17  -5.1377462e-16  -5.4427267e-17  -7.9950766e-16  6.1700975e-16  -9.1530268e-17  1.9764889e-16  -5.7882663e-16  4.3741662e-16  -2.3160221e-16  -4.7276204e-16  -1.7522421e-16  -1.9226874e-16  -7.0839426e-16  -5.9756319e-16  2.0345833e-16  6.7645537e-17  -5.0208983e-16  1.6963738e-16  -3.9287320e-17  
-5.9233351e-16  -4.6014390e-16  1.9045845e-16  -1.3509041e-15  9.0907223e-16  2.6245538e-16  -2.3394408e-16  7.4623288e-17  1.5979846e-16  -4.2490589e-16  1.0000000   4.9830432e-16  5.1869119e-16  -2.5433703e-16  3.1408336e-16  -8.5235883e-17  -5.1697264e-16  -6.7455531e-16  -1.5629943e-16  -2.3202481e-16  4.0106387e-16  2.0796270e-16  -3.5861449e-16  -1.6232091e-16  2.0336503e-16  -1.9708663e-16  -2.8699332e-16  -1.4524306e-17  1.8228739e-16  2.3701424e-17  -5.0461915e-16  -5.9233351e-16  -4.6014390e-16  1.9045845e-16  -1.3509041e-15  9.0907223e-16  2.6245538e-16  -2.3394408e-16  7.4623288e-17  1.5979846e-16  -4.2490589e-16  1.0000000   4.9830432e-16  5.1869119e-16  -2.5433703e-16  3.1408336e-16  -8.5235883e-17  -5.1697264e-16  -6.7455531e-16  -1.5629943e-16  -2.3202481e-16  4.0106387e-16  2.0796270e-16  -3.5861449e-16  -1.6232091e-16  2.0336503e-16  -1.9708663e-16  -2.8699332e-16  -1.4524306e-17  1.8228739e-16  2.3701424e-17  -5.0461915e-16  
1.2301529e-16  -1.7314525e-16  5.1289963e-16  2.5536576e-17  -1.0244191e-16  7.0598211e-17  -1.6674366e-17  2.2341937e-16  9.1412162e-16  -3.1353216e-17  4.9830432e-16  1.0000000   4.1917749e-17  2.5644671e-16  -4.6600956e-16  2.6393382e-16  2.8735975e-16  -5.6421214e-16  -3.9911532e-17  -1.1523023e-16  4.0220751e-16  2.1758026e-17  4.5562476e-16  -3.1048319e-16  6.2361699e-16  -1.6960718e-17  -1.5143188e-16  -4.2063069e-16  2.8836172e-17  1.6909245e-16  9.6625879e-18  1.2301529e-16  -1.7314525e-16  5.1289963e-16  2.5536576e-17  -1.0244191e-16  7.0598211e-17  -1.6674366e-17  2.2341937e-16  9.1412162e-16  -3.1353216e-17  4.9830432e-16  1.0000000   4.1917749e-17  2.5644671e-16  -4.6600956e-16  2.6393382e-16  2.8735975e-16  -5.6421214e-16  -3.9911532e-17  -1.1523023e-16  4.0220751e-16  2.1758026e-17  4.5562476e-16  -3.1048319e-16  6.2361699e-16  -1.6960718e-17  -1.5143188e-16  -4.2063069e-16  2.8836172e-17  1.6909245e-16  9.6625879e-18  
8.8811340e-16  -2.1166567e-16  4.3073443e-16  -2.9143630e-16  1.2336094e-16  4.8112980e-17  -2.9729306e-16  -7.3647180e-17  -1.9122911e-16  -5.1377462e-16  5.1869119e-16  4.1917749e-17  1.0000000   4.6051072e-16  1.6201017e-16  -2.4853417e-16  7.7011690e-16  1.9579264e-16  -5.8548865e-16  -1.2326248e-16  2.3675917e-16  3.7330756e-16  -6.2088079e-16  -8.2132426e-16  -2.1370793e-16  1.8386587e-16  -2.0736915e-17  -4.6788682e-16  2.6313342e-16  -3.9240381e-16  -5.1230351e-16  8.8811340e-16  -2.1166567e-16  4.3073443e-16  -2.9143630e-16  1.2336094e-16  4.8112980e-17  -2.9729306e-16  -7.3647180e-17  -1.9122911e-16  -5.1377462e-16  5.1869119e-16  4.1917749e-17  1.0000000   4.6051072e-16  1.6201017e-16  -2.4853417e-16  7.7011690e-16  1.9579264e-16  -5.8548865e-16  -1.2326248e-16  2.3675917e-16  3.7330756e-16  -6.2088079e-16  -8.2132426e-16  -2.1370793e-16  1.8386587e-16  -2.0736915e-17  -4.6788682e-16  2.6313342e-16  -3.9240381e-16  -5.1230351e-16  
-1.1637219e-16  -3.7245868e-16  5.4206663e-16  -2.2985238e-16  3.4428026e-16  1.2407168e-16  -6.1828133e-16  -2.4577791e-16  -5.0616662e-16  -5.4427267e-17  -2.5433703e-16  2.5644671e-16  4.6051072e-16  1.0000000   -2.8712798e-16  2.3639711e-16  -3.4591674e-16  6.3513981e-16  3.0159096e-17  5.9626381e-16  -4.7130334e-17  6.6816098e-16  -2.7977566e-16  -3.5980704e-16  2.7660450e-16  -5.2381973e-18  2.5748639e-16  -4.0522750e-16  -1.8606913e-16  -3.4765814e-16  -5.5879905e-17  -1.1637219e-16  -3.7245868e-16  5.4206663e-16  -2.2985238e-16  3.4428026e-16  1.2407168e-16  -6.1828133e-16  -2.4577791e-16  -5.0616662e-16  -5.4427267e-17  -2.5433703e-16  2.5644671e-16  4.6051072e-16  1.0000000   -2.8712798e-16  2.3639711e-16  -3.4591674e-16  6.3513981e-16  3.0159096e-17  5.9626381e-16  -4.7130334e-17  6.6816098e-16  -2.7977566e-16  -3.5980704e-16  2.7660450e-16  -5.2381973e-18  2.5748639e-16  -4.0522750e-16  -1.8606913e-16  -3.4765814e-16  -5.5879905e-17  
2.9148769e-16  -3.1238685e-16  -3.6814331e-16  6.8230373e-17  5.5180980e-17  6.8567685e-16  1.3641270e-16  4.8219061e-17  -5.5557141e-16  -7.9950766e-16  3.1408336e-16  -4.6600956e-16  1.6201017e-16  -2.8712798e-16  1.0000000   4.1398946e-16  8.6179250e-18  3.7091183e-16  -4.0903554e-16  -3.3596636e-16  -1.6391293e-16  1.6373410e-16  7.5783032e-17  -2.0031323e-17  -1.3159368e-16  1.5531441e-16  2.4274457e-16  -1.1132678e-16  -5.6687819e-16  -2.5694938e-16  -6.7250296e-16  2.9148769e-16  -3.1238685e-16  -3.6814331e-16  6.8230373e-17  5.5180980e-17  6.8567685e-16  1.3641270e-16  4.8219061e-17  -5.5557141e-16  -7.9950766e-16  3.1408336e-16  -4.6600956e-16  1.6201017e-16  -2.8712798e-16  1.0000000   4.1398946e-16  8.6179250e-18  3.7091183e-16  -4.0903554e-16  -3.3596636e-16  -1.6391293e-16  1.6373410e-16  7.5783032e-17  -2.0031323e-17  -1.3159368e-16  1.5531441e-16  2.4274457e-16  -1.1132678e-16  -5.6687819e-16  -2.5694938e-16  -6.7250296e-16  
1.4304441e-16  -3.3999939e-16  2.4085153e-16  3.4084506e-16  2.5034001e-16  -7.6886415e-16  2.0306417e-16  -2.2728463e-16  1.7795094e-16  6.1700975e-16  -8.5235883e-17  2.6393382e-16  -2.4853417e-16  2.3639711e-16  4.1398946e-16  1.0000000   5.1667678e-16  7.7931723e-16  6.6684367e-16  -2.0983957e-16  -3.1948873e-17  5.0656693e-17  3.1063108e-16  4.4166265e-17  -9.0444563e-17  -6.3078460e-16  -2.3972435e-17  -7.9076137e-16  1.9242553e-16  -1.9511947e-17  -2.0050962e-16  1.4304441e-16  -3.3999939e-16  2.4085153e-16  3.4084506e-16  2.5034001e-16  -7.6886415e-16  2.0306417e-16  -2.2728463e-16  1.7795094e-16  6.1700975e-16  -8.5235883e-17  2.6393382e-16  -2.4853417e-16  2.3639711e-16  4.1398946e-16  1.0000000   5.1667678e-16  7.7931723e-16  6.6684367e-16  -2.0983957e-16  -3.1948873e-17  5.0656693e-17  3.1063108e-16  4.4166265e-17  -9.0444563e-17  -6.3078460e-16  -2.3972435e-17  -7.9076137e-16  1.9242553e-16  -1.9511947e-17  -2.0050962e-16  
1.0358701e-16  -1.1513945e-16  1.1658568e-16  -4.7385612e-16  -4.8518987e-17  -6.1623295e-16  -8.3167445e-17  9.5525659e-17  2.9674558e-16  -9.1530268e-17  -5.1697264e-16  2.8735975e-16  7.7011690e-16  -3.4591674e-16  8.6179250e-18  5.1667678e-16  1.0000000   -3.5468264e-16  -2.5279553e-16  3.8638253e-17  -8.0900209e-17  -1.3959346e-16  4.4976020e-17  3.1893731e-16  5.1187637e-17  4.2630205e-16  1.3753144e-16  5.1493856e-16  1.1295252e-16  -2.6135877e-17  -2.4167351e-16  1.0358701e-16  -1.1513945e-16  1.1658568e-16  -4.7385612e-16  -4.8518987e-17  -6.1623295e-16  -8.3167445e-17  9.5525659e-17  2.9674558e-16  -9.1530268e-17  -5.1697264e-16  2.8735975e-16  7.7011690e-16  -3.4591674e-16  8.6179250e-18  5.1667678e-16  1.0000000   -3.5468264e-16  -2.5279553e-16  3.8638253e-17  -8.0900209e-17  -1.3959346e-16  4.4976020e-17  3.1893731e-16  5.1187637e-17  4.2630205e-16  1.3753144e-16  5.1493856e-16  1.1295252e-16  -2.6135877e-17  -2.4167351e-16  
4.8195212e-17  4.2868054e-16  2.5566083e-17  7.6209778e-16  3.9000921e-17  1.5641251e-16  -2.7438880e-16  6.5821139e-16  4.0182038e-16  1.9764889e-16  -6.7455531e-16  -5.6421214e-16  1.9579264e-16  6.3513981e-16  3.7091183e-16  7.7931723e-16  -3.5468264e-16  1.0000000   -4.8351286e-16  6.8734787e-16  -2.0323151e-16  -4.2665674e-16  6.9988030e-17  2.0555240e-17  2.6414067e-17  3.2086527e-16  -4.6611062e-17  6.1826051e-16  -5.2996484e-16  -6.5982333e-17  -5.9762765e-16  4.8195212e-17  4.2868054e-16  2.5566083e-17  7.6209778e-16  3.9000921e-17  1.5641251e-16  -2.7438880e-16  6.5821139e-16  4.0182038e-16  1.9764889e-16  -6.7455531e-16  -5.6421214e-16  1.9579264e-16  6.3513981e-16  3.7091183e-16  7.7931723e-16  -3.5468264e-16  1.0000000   -4.8351286e-16  6.8734787e-16  -2.0323151e-16  -4.2665674e-16  6.9988030e-17  2.0555240e-17  2.6414067e-17  3.2086527e-16  -4.6611062e-17  6.1826051e-16  -5.2996484e-16  -6.5982333e-17  -5.9762765e-16  
-1.6371234e-16  2.5617468e-16  -7.2412548e-16  -5.8620174e-17  -3.3809867e-16  -5.9364146e-16  5.5860760e-16  -3.3125794e-16  5.6023022e-16  -5.7882663e-16  -1.5629943e-16  -3.9911532e-17  -5.8548865e-16  3.0159096e-17  -4.0903554e-16  6.6684367e-16  -2.5279553e-16  -4.8351286e-16  1.0000000   8.0867767e-17  -4.7043987e-16  -6.8398436e-16  1.4432569e-16  2.6106272e-16  7.6769850e-16  1.6132882e-16  -3.3644785e-16  -1.9818991e-16  -3.0917472e-16  3.2043768e-16  5.3324396e-16  -1.6371234e-16  2.5617468e-16  -7.2412548e-16  -5.8620174e-17  -3.3809867e-16  -5.9364146e-16  5.5860760e-16  -3.3125794e-16  5.6023022e-16  -5.7882663e-16  -1.5629943e-16  -3.9911532e-17  -5.8548865e-16  3.0159096e-17  -4.0903554e-16  6.6684367e-16  -2.5279553e-16  -4.8351286e-16  1.0000000   8.0867767e-17  -4.7043987e-16  -6.8398436e-16  1.4432569e-16  2.6106272e-16  7.6769850e-16  1.6132882e-16  -3.3644785e-16  -1.9818991e-16  -3.0917472e-16  3.2043768e-16  5.3324396e-16  
4.3366666e-17  -3.6341569e-16  3.1828057e-16  -6.8217318e-16  -8.2405441e-16  5.8983821e-17  1.5809758e-16  -2.3963384e-17  9.8377000e-18  4.3741662e-16  -2.3202481e-16  -1.1523023e-16  -1.2326248e-16  5.9626381e-16  -3.3596636e-16  -2.0983957e-16  3.8638253e-17  6.8734787e-16  8.0867767e-17  1.0000000   -1.2885538e-16  -2.1591276e-16  -1.7805175e-17  -4.1591778e-16  7.7687243e-16  -3.9164058e-16  3.1896077e-16  -6.6176886e-16  -1.0999482e-17  -6.5799440e-17  5.9038950e-17  4.3366666e-17  -3.6341569e-16  3.1828057e-16  -6.8217318e-16  -8.2405441e-16  5.8983821e-17  1.5809758e-16  -2.3963384e-17  9.8377000e-18  4.3741662e-16  -2.3202481e-16  -1.1523023e-16  -1.2326248e-16  5.9626381e-16  -3.3596636e-16  -2.0983957e-16  3.8638253e-17  6.8734787e-16  8.0867767e-17  1.0000000   -1.2885538e-16  -2.1591276e-16  -1.7805175e-17  -4.1591778e-16  7.7687243e-16  -3.9164058e-16  3.1896077e-16  -6.6176886e-16  -1.0999482e-17  -6.5799440e-17  5.9038950e-17  
6.7828755e-16  -1.0063325e-15  -8.2451979e-17  -1.3197914e-16  8.4789000e-16  5.1491110e-16  -4.4935809e-16  -3.2242514e-17  2.4929235e-16  -2.3160221e-16  4.0106387e-16  4.0220751e-16  2.3675917e-16  -4.7130334e-17  -1.6391293e-16  -3.1948873e-17  -8.0900209e-17  -2.0323151e-16  -4.7043987e-16  -1.2885538e-16  1.0000000   1.1119661e-16  -3.2668936e-16  2.7242059e-16  -5.7114802e-16  2.7326424e-16  2.1474742e-17  2.1231562e-16  -3.0245853e-16  1.7837343e-16  -4.4564795e-16  6.7828755e-16  -1.0063325e-15  -8.2451979e-17  -1.3197914e-16  8.4789000e-16  5.1491110e-16  -4.4935809e-16  -3.2242514e-17  2.4929235e-16  -2.3160221e-16  4.0106387e-16  4.0220751e-16  2.3675917e-16  -4.7130334e-17  -1.6391293e-16  -3.1948873e-17  -8.0900209e-17  -2.0323151e-16  -4.7043987e-16  -1.2885538e-16  1.0000000   1.1119661e-16  -3.2668936e-16  2.7242059e-16  -5.7114802e-16  2.7326424e-16  2.1474742e-17  2.1231562e-16  -3.0245853e-16  1.7837343e-16  -4.4564795e-16  
6.0950982e-17  2.9109162e-16  -5.6708293e-16  1.8821288e-16  -7.4951702e-17  3.7286635e-17  -4.3713259e-17  4.7287731e-16  3.7493534e-16  -4.7276204e-16  2.0796270e-16  2.1758026e-17  3.7330756e-16  6.6816098e-16  1.6373410e-16  5.0656693e-17  -1.3959346e-16  -4.2665674e-16  -6.8398436e-16  -2.1591276e-16  1.1119661e-16  1.0000000   -1.9833545e-16  1.7101603e-16  -3.5532580e-16  2.3571019e-16  4.6011118e-17  -2.4257285e-16  2.1199688e-16  -3.7841012e-16  -1.9631655e-16  6.0950982e-17  2.9109162e-16  -5.6708293e-16  1.8821288e-16  -7.4951702e-17  3.7286635e-17  -4.3713259e-17  4.7287731e-16  3.7493534e-16  -4.7276204e-16  2.0796270e-16  2.1758026e-17  3.7330756e-16  6.6816098e-16  1.6373410e-16  5.0656693e-17  -1.3959346e-16  -4.2665674e-16  -6.8398436e-16  -2.1591276e-16  1.1119661e-16  1.0000000   -1.9833545e-16  1.7101603e-16  -3.5532580e-16  2.3571019e-16  4.6011118e-17  -2.4257285e-16  2.1199688e-16  -3.7841012e-16  -1.9631655e-16  
-4.5402488e-17  4.3786031e-16  -2.8252878e-17  2.8050148e-17  -4.0979036e-16  -4.1328602e-16  8.5330030e-16  -1.0391700e-16  -1.5180197e-16  -1.7522421e-16  -3.5861449e-16  4.5562476e-16  -6.2088079e-16  -2.7977566e-16  7.5783032e-17  3.1063108e-16  4.4976020e-17  6.9988030e-17  1.4432569e-16  -1.7805175e-17  -3.2668936e-16  -1.9833545e-16  1.0000000   1.2642219e-16  9.4924835e-17  -2.9980175e-16  3.8313095e-16  5.0984808e-16  -2.1995190e-16  7.4679099e-16  3.9668435e-16  -4.5402488e-17  4.3786031e-16  -2.8252878e-17  2.8050148e-17  -4.0979036e-16  -4.1328602e-16  8.5330030e-16  -1.0391700e-16  -1.5180197e-16  -1.7522421e-16  -3.5861449e-16  4.5562476e-16  -6.2088079e-16  -2.7977566e-16  7.5783032e-17  3.1063108e-16  4.4976020e-17  6.9988030e-17  1.4432569e-16  -1.7805175e-17  -3.2668936e-16  -1.9833545e-16  1.0000000   1.2642219e-16  9.4924835e-17  -2.9980175e-16  3.8313095e-16  5.0984808e-16  -2.1995190e-16  7.4679099e-16  3.9668435e-16  
4.9317821e-16  -2.7028556e-16  2.3515092e-16  4.8154697e-16  7.0429517e-16  -1.0524289e-15  1.3596583e-16  -2.3735489e-16  -7.8355803e-16  -1.9226874e-16  -1.6232091e-16  -3.1048319e-16  -8.2132426e-16  -3.5980704e-16  -2.0031323e-17  4.4166265e-17  3.1893731e-16  2.0555240e-17  2.6106272e-16  -4.1591778e-16  2.7242059e-16  1.7101603e-16  1.2642219e-16  1.0000000   -5.2440910e-16  2.9949256e-16  7.7730218e-16  -6.5903466e-16  -4.5825154e-17  -4.1242034e-18  -6.5972278e-16  4.9317821e-16  -2.7028556e-16  2.3515092e-16  4.8154697e-16  7.0429517e-16  -1.0524289e-15  1.3596583e-16  -2.3735489e-16  -7.8355803e-16  -1.9226874e-16  -1.6232091e-16  -3.1048319e-16  -8.2132426e-16  -3.5980704e-16  -2.0031323e-17  4.4166265e-17  3.1893731e-16  2.0555240e-17  2.6106272e-16  -4.1591778e-16  2.7242059e-16  1.7101603e-16  1.2642219e-16  1.0000000   -5.2440910e-16  2.9949256e-16  7.7730218e-16  -6.5903466e-16  -4.5825154e-17  -4.1242034e-18  -6.5972278e-16  
-2.0849315e-16  -1.1982232e-16  -2.8974832e-16  -6.9095727e-17  -3.0164564e-16  -1.7115318e-16  -3.8348911e-16  -2.7065039e-16  -4.9746222e-16  -7.0839426e-16  2.0336503e-16  6.2361699e-16  -2.1370793e-16  2.7660450e-16  -1.3159368e-16  -9.0444563e-17  5.1187637e-17  2.6414067e-17  7.6769850e-16  7.7687243e-16  -5.7114802e-16  -3.5532580e-16  9.4924835e-17  -5.2440910e-16  1.0000000   -3.8116984e-16  -3.5484676e-16  4.5620010e-16  -8.0135536e-16  -6.9689754e-16  -4.7160603e-16  -2.0849315e-16  -1.1982232e-16  -2.8974832e-16  -6.9095727e-17  -3.0164564e-16  -1.7115318e-16  -3.8348911e-16  -2.7065039e-16  -4.9746222e-16  -7.0839426e-16  2.0336503e-16  6.2361699e-16  -2.1370793e-16  2.7660450e-16  -1.3159368e-16  -9.0444563e-17  5.1187637e-17  2.6414067e-17  7.6769850e-16  7.7687243e-16  -5.7114802e-16  -3.5532580e-16  9.4924835e-17  -5.2440910e-16  1.0000000   -3.8116984e-16  -3.5484676e-16  4.5620010e-16  -8.0135536e-16  -6.9689754e-16  -4.7160603e-16  
5.2654715e-17  -6.9715824e-16  8.2096931e-17  9.7555427e-17  -4.0680048e-18  3.5541172e-16  4.0342222e-16  -2.8977006e-16  3.6587082e-16  -5.9756319e-16  -1.9708663e-16  -1.6960718e-17  1.8386587e-16  -5.2381973e-18  1.5531441e-16  -6.3078460e-16  4.2630205e-16  3.2086527e-16  1.6132882e-16  -3.9164058e-16  2.7326424e-16  2.3571019e-16  -2.9980175e-16  2.9949256e-16  -3.8116984e-16  1.0000000   1.8750042e-16  1.0667665e-16  -7.0035984e-16  1.4751598e-16  -2.8823344e-16  5.2654715e-17  -6.9715824e-16  8.2096931e-17  9.7555427e-17  -4.0680048e-18  3.5541172e-16  4.0342222e-16  -2.8977006e-16  3.6587082e-16  -5.9756319e-16  -1.9708663e-16  -1.6960718e-17  1.8386587e-16  -5.2381973e-18  1.5531441e-16  -6.3078460e-16  4.2630205e-16  3.2086527e-16  1.6132882e-16  -3.9164058e-16  2.7326424e-16  2.3571019e-16  -2.9980175e-16  2.9949256e-16  -3.8116984e-16  1.0000000   1.8750042e-16  1.0667665e-16  -7.0035984e-16  1.4751598e-16  -2.8823344e-16  
-4.3625034e-16  6.2418506e-17  -1.3354542e-16  -2.2741087e-16  -2.1547603e-16  -1.1743139e-16  3.3378049e-16  -2.9710490e-16  -1.1196287e-16  2.0345833e-16  -2.8699332e-16  -1.5143188e-16  -2.0736915e-17  2.5748639e-16  2.4274457e-16  -2.3972435e-17  1.3753144e-16  -4.6611062e-17  -3.3644785e-16  3.1896077e-16  2.1474742e-17  4.6011118e-17  3.8313095e-16  7.7730218e-16  -3.5484676e-16  1.8750042e-16  1.0000000   5.4146739e-16  2.3437860e-16  4.1034557e-16  -9.7847962e-17  -4.3625034e-16  6.2418506e-17  -1.3354542e-16  -2.2741087e-16  -2.1547603e-16  -1.1743139e-16  3.3378049e-16  -2.9710490e-16  -1.1196287e-16  2.0345833e-16  -2.8699332e-16  -1.5143188e-16  -2.0736915e-17  2.5748639e-16  2.4274457e-16  -2.3972435e-17  1.3753144e-16  -4.6611062e-17  -3.3644785e-16  3.1896077e-16  2.1474742e-17  4.6011118e-17  3.8313095e-16  7.7730218e-16  -3.5484676e-16  1.8750042e-16  1.0000000   5.4146739e-16  2.3437860e-16  4.1034557e-16  -9.7847962e-17  
-2.2451901e-16  -1.3168926e-16  -1.9596374e-16  -5.2958327e-16  -4.3439180e-16  7.5997480e-16  -1.7548839e-17  -4.5111958e-16  3.3619722e-16  6.7645537e-17  -1.4524306e-17  -4.2063069e-16  -4.6788682e-16  -4.0522750e-16  -1.1132678e-16  -7.9076137e-16  5.1493856e-16  6.1826051e-16  -1.9818991e-16  -6.6176886e-16  2.1231562e-16  -2.4257285e-16  5.0984808e-16  -6.5903466e-16  4.5620010e-16  1.0667665e-16  5.4146739e-16  1.0000000   9.7265118e-17  -5.6610673e-17  1.8417651e-16  -2.2451901e-16  -1.3168926e-16  -1.9596374e-16  -5.2958327e-16  -4.3439180e-16  7.5997480e-16  -1.7548839e-17  -4.5111958e-16  3.3619722e-16  6.7645537e-17  -1.4524306e-17  -4.2063069e-16  -4.6788682e-16  -4.0522750e-16  -1.1132678e-16  -7.9076137e-16  5.1493856e-16  6.1826051e-16  -1.9818991e-16  -6.6176886e-16  2.1231562e-16  -2.4257285e-16  5.0984808e-16  -6.5903466e-16  4.5620010e-16  1.0667665e-16  5.4146739e-16  1.0000000   9.7265118e-17  -5.6610673e-17  1.8417651e-16  
1.3042292e-16  3.2413930e-16  -2.5255280e-16  2.2787927e-16  -6.4557407e-16  -7.0361617e-16  -3.7699617e-16  -2.2113958e-16  3.6209576e-16  -5.0208983e-16  1.8228739e-16  2.8836172e-17  2.6313342e-16  -1.8606913e-16  -5.6687819e-16  1.9242553e-16  1.1295252e-16  -5.2996484e-16  -3.0917472e-16  -1.0999482e-17  -3.0245853e-16  2.1199688e-16  -2.1995190e-16  -4.5825154e-17  -8.0135536e-16  -7.0035984e-16  2.3437860e-16  9.7265118e-17  1.0000000   -3.1528993e-16  7.5171182e-17  1.3042292e-16  3.2413930e-16  -2.5255280e-16  2.2787927e-16  -6.4557407e-16  -7.0361617e-16  -3.7699617e-16  -2.2113958e-16  3.6209576e-16  -5.0208983e-16  1.8228739e-16  2.8836172e-17  2.6313342e-16  -1.8606913e-16  -5.6687819e-16  1.9242553e-16  1.1295252e-16  -5.2996484e-16  -3.0917472e-16  -1.0999482e-17  -3.0245853e-16  2.1199688e-16  -2.1995190e-16  -4.5825154e-17  -8.0135536e-16  -7.0035984e-16  2.3437860e-16  9.7265118e-17  1.0000000   -3.1528993e-16  7.5171182e-17  
2.8342047e-16  -9.8764604e-17  2.2464972e-16  -3.8275677e-16  9.4984776e-17  -1.2896778e-16  5.3510951e-16  -7.3184858e-17  8.1458210e-16  1.6963738e-16  2.3701424e-17  1.6909245e-16  -3.9240381e-16  -3.4765814e-16  -2.5694938e-16  -1.9511947e-17  -2.6135877e-17  -6.5982333e-17  3.2043768e-16  -6.5799440e-17  1.7837343e-16  -3.7841012e-16  7.4679099e-16  -4.1242034e-18  -6.9689754e-16  1.4751598e-16  4.1034557e-16  -5.6610673e-17  -3.1528993e-16  1.0000000   -1.3056239e-17  2.8342047e-16  -9.8764604e-17  2.2464972e-16  -3.8275677e-16  9.4984776e-17  -1.2896778e-16  5.3510951e-16  -7.3184858e-17  8.1458210e-16  1.6963738e-16  2.3701424e-17  1.6909245e-16  -3.9240381e-16  -3.4765814e-16  -2.5694938e-16  -1.9511947e-17  -2.6135877e-17  -6.5982333e-17  3.2043768e-16  -6.5799440e-17  1.7837343e-16  -3.7841012e-16  7.4679099e-16  -4.1242034e-18  -6.9689754e-16  1.4751598e-16  4.1034557e-16  -5.6610673e-17  -3.1528993e-16  1.0000000   -1.3056239e-17  
2.0012139e-16  1.3541851e-16  5.2904619e-18  3.4097371e-17  1.4913128e-16  -1.5367970e-16  2.8548671e-16  3.9207217e-16  -4.2614352e-16  -3.9287320e-17  -5.0461915e-16  9.6625879e-18  -5.1230351e-16  -5.5879905e-17  -6.7250296e-16  -2.0050962e-16  -2.4167351e-16  -5.9762765e-16  5.3324396e-16  5.9038950e-17  -4.4564795e-16  -1.9631655e-16  3.9668435e-16  -6.5972278e-16  -4.7160603e-16  -2.8823344e-16  -9.7847962e-17  1.8417651e-16  7.5171182e-17  -1.3056239e-17  1.0000000   2.0012139e-16  1.3541851e-16  5.2904619e-18  3.4097371e-17  1.4913128e-16  -1.5367970e-16  2.8548671e-16  3.9207217e-16  -4.2614352e-16  -3.9287320e-17  -5.0461915e-16  9.6625879e-18  -5.1230351e-16  -5.5879905e-17  -6.7250296e-16  -2.0050962e-16  -2.4167351e-16  -5.9762765e-16  5.3324396e-16  5.9038950e-17  -4.4564795e-16  -1.9631655e-16  3.9668435e-16  -6.5972278e-16  -4.7160603e-16  -2.8823344e-16  -9.7847962e-17  1.8417651e-16  7.5171182e-17  -1.3056239e-17  1.0000000   
1.0000000   -3.5250948e-16  3.2937360e-16  1.1978641e-16  -4.7747728e-16  6.5916579e-16  4.5175872e-16  6.2364251e-16  1.3678580e-16  9.5892335e-17  -5.9233351e-16  1.2301529e-16  8.8811340e-16  -1.1637219e-16  2.9148769e-16  1.4304441e-16  1.0358701e-16  4.8195212e-17  -1.6371234e-16  4.3366666e-17  6.7828755e-16  6.0950982e-17  -4.5402488e-17  4.9317821e-16  -2.0849315e-16  5.2654715e-17  -4.3625034e-16  -2.2451901e-16  1.3042292e-16  2.8342047e-16  2.0012139e-16  1.0000000   -3.5250948e-16  3.2937360e-16  1.1978641e-16  -4.7747728e-16  6.5916579e-16  4.5175872e-16  6.2364251e-16  1.3678580e-16  9.5892335e-17  -5.9233351e-16  1.2301529e-16  8.8811340e-16  -1.1637219e-16  2.9148769e-16  1.4304441e-16  1.0358701e-16  4.8195212e-17  -1.6371234e-16  4.3366666e-17  6.7828755e-16  6.0950982e-17  -4.5402488e-17  4.9317821e-16  -2.0849315e-16  5.2654715e-17  -4.3625034e-16  -2.2451901e-16  1.3042292e-16  2.8342047e-16  2.0012139e-16  
-3.5250948e-16  1.0000000   -2.8712763e-18  2.0142584e-16  -5.1667404e-16  -1.0788179e-17  6.3583620e-17  -5.7819460e-16  -8.1033094e-18  3.8531498e-16  -4.6014390e-16  -1.7314525e-16  -2.1166567e-16  -3.7245868e-16  -3.1238685e-16  -3.3999939e-16  -1.1513945e-16  4.2868054e-16  2.5617468e-16  -3.6341569e-16  -1.0063325e-15  2.9109162e-16  4.3786031e-16  -2.7028556e-16  -1.1982232e-16  -6.9715824e-16  6.2418506e-17  -1.3168926e-16  3.2413930e-16  -9.8764604e-17  1.3541851e-16  -3.5250948e-16  1.0000000   -2.8712763e-18  2.0142584e-16  -5.1667404e-16  -1.0788179e-17  6.3583620e-17  -5.7819460e-16  -8.1033094e-18  3.8531498e-16  -4.6014390e-16  -1.7314525e-16  -2.1166567e-16  -3.7245868e-16  -3.1238685e-16  -3.3999939e-16  -1.1513945e-16  4.2868054e-16  2.5617468e-16  -3.6341569e-16  -1.0063325e-15  2.9109162e-16  4.3786031e-16  -2.7028556e-16  -1.1982232e-16  -6.9715824e-16  6.2418506e-17  -1.3168926e-16  3.2413930e-16  -9.8764604e-17  1.3541851e-16  
3.2937360e-16  -2.8712763e-18  1.0000000   5.5061671e-16  3.5367863e-16  7.2285716e-17  -1.1365026e-16  -5.5681413e-17  3.1969226e-16  1.0666889e-16  1.9045845e-16  5.1289963e-16  4.3073443e-16  5.4206663e-16  -3.6814331e-16  2.4085153e-16  1.1658568e-16  2.5566083e-17  -7.2412548e-16  3.1828057e-16  -8.2451979e-17  -5.6708293e-16  -2.8252878e-17  2.3515092e-16  -2.8974832e-16  8.2096931e-17  -1.3354542e-16  -1.9596374e-16  -2.5255280e-16  2.2464972e-16  5.2904619e-18  3.2937360e-16  -2.8712763e-18  1.0000000   5.5061671e-16  3.5367863e-16  7.2285716e-17  -1.1365026e-16  -5.5681413e-17  3.1969226e-16  1.0666889e-16  1.9045845e-16  5.1289963e-16  4.3073443e-16  5.4206663e-16  -3.6814331e-16  2.4085153e-16  1.1658568e-16  2.5566083e-17  -7.2412548e-16  3.1828057e-16  -8.2451979e-17  -5.6708293e-16  -2.8252878e-17  2.3515092e-16  -2.8974832e-16  8.2096931e-17  -1.3354542e-16  -1.9596374e-16  -2.5255280e-16  2.2464972e-16  5.2904619e-18  
1.1978641e-16  2.0142584e-16  5.5061671e-16  1.0000000   -4.6869955e-16  -8.8993628e-16  -1.7611506e-16  -4.2888006e-16  -2.2169046e-16  8.9468712e-17  -1.3509041e-15  2.5536576e-17  -2.9143630e-16  -2.2985238e-16  6.8230373e-17  3.4084506e-16  -4.7385612e-16  7.6209778e-16  -5.8620174e-17  -6.8217318e-16  -1.3197914e-16  1.8821288e-16  2.8050148e-17  4.8154697e-16  -6.9095727e-17  9.7555427e-17  -2.2741087e-16  -5.2958327e-16  2.2787927e-16  -3.8275677e-16  3.4097371e-17  1.1978641e-16  2.0142584e-16  5.5061671e-16  1.0000000   -4.6869955e-16  -8.8993628e-16  -1.7611506e-16  -4.2888006e-16  -2.2169046e-16  8.9468712e-17  -1.3509041e-15  2.5536576e-17  -2.9143630e-16  -2.2985238e-16  6.8230373e-17  3.4084506e-16  -4.7385612e-16  7.6209778e-16  -5.8620174e-17  -6.8217318e-16  -1.3197914e-16  1.8821288e-16  2.8050148e-17  4.8154697e-16  -6.9095727e-17  9.7555427e-17  -2.2741087e-16  -5.2958327e-16  2.2787927e-16  -3.8275677e-16  3.4097371e-17  
-4.7747728e-16  -5.1667404e-16  3.5367863e-16  -4.6869955e-16  1.0000000   -4.3208009e-16  -2.3724447e-17  -1.7978843e-17  -6.7402629e-16  7.4959582e-17  9.0907223e-16  -1.0244191e-16  1.2336094e-16  3.4428026e-16  5.5180980e-17  2.5034001e-16  -4.8518987e-17  3.9000921e-17  -3.3809867e-16  -8.2405441e-16  8.4789000e-16  -7.4951702e-17  -4.0979036e-16  7.0429517e-16  -3.0164564e-16  -4.0680048e-18  -2.1547603e-16  -4.3439180e-16  -6.4557407e-16  9.4984776e-17  1.4913128e-16  -4.7747728e-16  -5.1667404e-16  3.5367863e-16  -4.6869955e-16  1.0000000   -4.3208009e-16  -2.3724447e-17  -1.7978843e-17  -6.7402629e-16  7.4959582e-17  9.0907223e-16  -1.0244191e-16  1.2336094e-16  3.4428026e-16  5.5180980e-17  2.5034001e-16  -4.8518987e-17  3.9000921e-17  -3.3809867e-16  -8.2405441e-16  8.4789000e-16  -7.4951702e-17  -4.0979036e-16  7.0429517e-16  -3.0164564e-16  -4.0680048e-18  -2.1547603e-16  -4.3439180e-16  -6.4557407e-16  9.4984776e-17  1.4913128e-16  
6.5916579e-16  -1.0788179e-17  7.2285716e-17  -8.8993628e-16  -4.3208009e-16  1.0000000   -5.7226227e-16  3.6764664e-16  -6.3906574e-16  -1.9032139e-17  2.6245538e-16  7.0598211e-17  4.8112980e-17  1.2407168e-16  6.8567685e-16  -7.6886415e-16  -6.1623295e-16  1.5641251e-16  -5.9364146e-16  5.8983821e-17  5.1491110e-16  3.7286635e-17  -4.1328602e-16  -1.0524289e-15  -1.7115318e-16  3.5541172e-16  -1.1743139e-16  7.5997480e-16  -7.0361617e-16  -1.2896778e-16  -1.5367970e-16  6.5916579e-16  -1.0788179e-17  7.2285716e-17  -8.8993628e-16  -4.3208009e-16  1.0000000   -5.7226227e-16  3.6764664e-16  -6.3906574e-16  -1.9032139e-17  2.6245538e-16  7.0598211e-17  4.8112980e-17  1.2407168e-16  6.8567685e-16  -7.6886415e-16  -6.1623295e-16  1.5641251e-16  -5.9364146e-16  5.8983821e-17  5.1491110e-16  3.7286635e-17  -4.1328602e-16  -1.0524289e-15  -1.7115318e-16  3.5541172e-16  -1.1743139e-16  7.5997480e-16  -7.0361617e-16  -1.2896778e-16  -1.5367970e-16  
4.5175872e-16  6.3583620e-17  -1.1365026e-16  -1.7611506e-16  -2.3724447e-17  -5.7226227e-16  1.0000000   -2.9067541e-16  8.1619152e-17  -2.3083908e-16  -2.3394408e-16  -1.6674366e-17  -2.9729306e-16  -6.1828133e-16  1.3641270e-16  2.0306417e-16  -8.3167445e-17  -2.7438880e-16  5.5860760e-16  1.5809758e-16  -4.4935809e-16  -4.3713259e-17  8.5330030e-16  1.3596583e-16  -3.8348911e-16  4.0342222e-16  3.3378049e-16  -1.7548839e-17  -3.7699617e-16  5.3510951e-16  2.8548671e-16  4.5175872e-16  6.3583620e-17  -1.1365026e-16  -1.7611506e-16  -2.3724447e-17  -5.7226227e-16  1.0000000   -2.9067541e-16  8.1619152e-17  -2.3083908e-16  -2.3394408e-16  -1.6674366e-17  -2.9729306e-16  -6.1828133e-16  1.3641270e-16  2.0306417e-16  -8.3167445e-17  -2.7438880e-16  5.5860760e-16  1.5809758e-16  -4.4935809e-16  -4.3713259e-17  8.5330030e-16  1.3596583e-16  -3.8348911e-16  4.0342222e-16  3.3378049e-16  -1.7548839e-17  -3.7699617e-16  5.3510951e-16  2.8548671e-16  
6.2364251e-16  -5.7819460e-16  -5.5681413e-17  -4.2888006e-16  -1.7978843e-17  3.6764664e-16  -2.9067541e-16  1.0000000   -2.3219196e-16  -4.0436579e-16  7.4623288e-17  2.2341937e-16  -7.3647180e-17  -2.4577791e-16  4.8219061e-17  -2.2728463e-16  9.5525659e-17  6.5821139e-16  -3.3125794e-16  -2.3963384e-17  -3.2242514e-17  4.7287731e-16  -1.0391700e-16  -2.3735489e-16  -2.7065039e-16  -2.8977006e-16  -2.9710490e-16  -4.5111958e-16  -2.2113958e-16  -7.3184858e-17  3.9207217e-16  6.2364251e-16  -5.7819460e-16  -5.5681413e-17  -4.2888006e-16  -1.7978843e-17  3.6764664e-16  -2.9067541e-16  1.0000000   -2.3219196e-16  -4.0436579e-16  7.4623288e-17  2.2341937e-16  -7.3647180e-17  -2.4577791e-16  4.8219061e-17  -2.2728463e-16  9.5525659e-17  6.5821139e-16  -3.3125794e-16  -2.3963384e-17  -3.2242514e-17  4.7287731e-16  -1.0391700e-16  -2.3735489e-16  -2.7065039e-16  -2.8977006e-16  -2.9710490e-16  -4.5111958e-16  -2.2113958e-16  -7.3184858e-17  3.9207217e-16  
1.3678580e-16  -8.1033094e-18  3.1969226e-16  -2.2169046e-16  -6.7402629e-16  -6.3906574e-16  8.1619152e-17  -2.3219196e-16  1.0000000   -4.8738976e-16  1.5979846e-16  9.1412162e-16  -1.9122911e-16  -5.0616662e-16  -5.5557141e-16  1.7795094e-16  2.9674558e-16  4.0182038e-16  5.6023022e-16  9.8377000e-18  2.4929235e-16  3.7493534e-16  -1.5180197e-16  -7.8355803e-16  -4.9746222e-16  3.6587082e-16  -1.1196287e-16  3.3619722e-16  3.6209576e-16  8.1458210e-16  -4.2614352e-16  1.3678580e-16  -8.1033094e-18  3.1969226e-16  -2.2169046e-16  -6.7402629e-16  -6.3906574e-16  8.1619152e-17  -2.3219196e-16  1.0000000   -4.8738976e-16  1.5979846e-16  9.1412162e-16  -1.9122911e-16  -5.0616662e-16  -5.5557141e-16  1.7795094e-16  2.9674558e-16  4.0182038e-16  5.6023022e-16  9.8377000e-18  2.4929235e-16  3.7493534e-16  -1.5180197e-16  -7.8355803e-16  -4.9746222e-16  3.6587082e-16  -1.1196287e-16  3.3619722e-16  3.6209576e-16  8.1458210e-16  -4.2614352e-16  
9.5892335e-17  3.8531498e-16  1.0666889e-16  8.9468712e-17  7.4959582e-17  -1.9032139e-17  -2.3083908e-16  -4.0436579e-16  -4.8738976e-16  1.0000000   -4.2490589e-16  -3.1353216e-17  -5.1377462e-16  -5.4427267e-17  -7.9950766e-16  6.1700975e-16  -9.1530268e-17  1.9764889e-16  -5.7882663e-16  4.3741662e-16  -2.3160221e-16  -4.7276204e-16  -1.7522421e-16  -1.9226874e-16  -7.0839426e-16  -5.9756319e-16  2.0345833e-16  6.7645537e-17  -5.0208983e-16  1.6963738e-16  -3.9287320e-17  9.5892335e-17  3.8531498e-16  1.0666889e-16  8.9468712e-17  7.4959582e-17  -1.9032139e-17  -2.3083908e-16  -4.0436579e-16  -4.8738976e-16  1.0000000   -4.2490589e-16  -3.1353216e-17  -5.1377462e-16  -5.4427267e-17  -7.9950766e-16  6.1700975e-16  -9.1530268e-17  1.9764889e-16  -5.7882663e-16  4.3741662e-16  -2.3160221e-16  -4.7276204e-16  -1.7522421e-16  -1.9226874e-16  -7.0839426e-16  -5.9756319e-16  2.0345833e-16  6.7645537e-17  -5.0208983e-16  1.6963738e-16  -3.9287320e-17  
