1.0000000   -4.9135915e-16  5.9660757e-17  -1.9762835e-16  -2.1651180e-16  2.8816231e-16  -6.0930050e-16  7.5714408e-17  -2.3761375e-18  8.8135351e-17  -1.7443192e-16  1.7242062e-16  1.3762704e-16  -7.8039343e-16  -8.0325335e-16  -5.8434717e-17  8.6530139e-16  1.1520156e-16  1.9153415e-16  4.1598983e-16  3.5451074e-16  -1.8293085e-16  -2.6387303e-16  3.7861812e-16  -7.9791416e-17  1.0694821e-15  -1.3651436e-15  -6.3713805e-17  8.5563537e-17  8.2259542e-16  -1.1572210e-16  1.0000000   -4.9135915e-16  5.9660757e-17  -1.9762835e-16  -2.1651180e-16  2.8816231e-16  -6.0930050e-16  7.5714408e-17  -2.3761375e-18  8.8135351e-17  -1.7443192e-16  1.7242062e-16  1.3762704e-16  -7.8039343e-16  -8.0325335e-16  -5.8434717e-17  8.6530139e-16  1.1520156e-16  1.9153415e-16  4.1598983e-16  3.5451074e-16  -1.8293085e-16  -2.6387303e-16  3.7861812e-16  -7.9791416e-17  1.0694821e-15  -1.3651436e-15  -6.3713805e-17  8.5563537e-17  8.2259542e-16  -1.1572210e-16  
-4.9135915e-16  1.0000000   2.4711676e-16  7.1048105e-16  -5.8290567e-17  -2.3873157e-17  -2.8301104e-16  -2.5088041e-16  2.2525878e-16  -7.4928767e-16  -6.3923659e-16  -2.0108818e-16  -3.0345470e-16  -8.1922393e-16  -2.8180054e-16  1.2751897e-16  -6.8350226e-16  -1.1738848e-17  -8.2125783e-17  -5.9649780e-16  -8.4096865e-16  9.4129153e-16  -5.9351695e-16  -2.4083816e-16  4.0939554e-16  -1.5440131e-16  1.4533527e-16  -2.4211070e-16  -8.9508981e-16  9.2299000e-17  2.8371229e-16  -4.9135915e-16  1.0000000   2.4711676e-16  7.1048105e-16  -5.8290567e-17  -2.3873157e-17  -2.8301104e-16  -2.5088041e-16  2.2525878e-16  -7.4928767e-16  -6.3923659e-16  -2.0108818e-16  -3.0345470e-16  -8.1922393e-16  -2.8180054e-16  1.2751897e-16  -6.8350226e-16  -1.1738848e-17  -8.2125783e-17  -5.9649780e-16  -8.4096865e-16  9.4129153e-16  -5.9351695e-16  -2.4083816e-16  4.0939554e-16  -1.5440131e-16  1.4533527e-16  -2.4211070e-16  -8.9508981e-16  9.2299000e-17  2.8371229e-16  
5.9660757e-17  2.4711676e-16  1.0000000   7.7437498e-16  -2.1424547e-16  -5.2128567e-16  -3.3168840e-16  2.0464156e-16  -6.7381105e-16  -3.7074931e-16  -1.1206453e-16  6.4733594e-16  -2.7813221e-16  -2.9120570e-16  3.3573365e-16  2.2522818e-16  1.3337135e-16  9.4595739e-17  -3.4809078e-16  -5.4959684e-16  -6.6018074e-16  -1.5001920e-16  -1.6524953e-16  3.8022670e-17  6.0935403e-17  -1.1893933e-16  8.7577439e-16  1.8742990e-17  5.1990450e-16  -5.7227928e-18  3.5023795e-16  5.9660757e-17  2.4711676e-16  1.0000000   7.7437498e-16  -2.1424547e-16  -5.2128567e-16  -3.3168840e-16  2.0464156e-16  -6.7381105e-16  -3.7074931e-16  -1.1206453e-16  6.4733594e-16  -2.7813221e-16  -2.9120570e-16  3.3573365e-16  2.2522818e-16  1.3337135e-16  9.4595739e-17  -3.4809078e-16  -5.4959684e-16  -6.6018074e-16  -1.5001920e-16  -1.6524953e-16  3.8022670e-17  6.0935403e-17  -1.1893933e-16  8.7577439e-16  1.8742990e-17  5.1990450e-16  -5.7227928e-18  3.5023795e-16  
-1.9762835e-16  7.1048105e-16  7.7437498e-16  1.0000000   5.2746932e-16  -5.0642572e-16  4.8665812e-16  5.8644578e-16  1.7043656e-17  4.0220416e-16  3.9055646e-16  1.5985731e-16  3.6218317e-16  2.1988091e-16  6.9432882e-16  5.4706175e-16  -1.6698076e-16  -3.0131849e-16  3.0236932e-17  -2.8066032e-16  -1.6905206e-16  -4.1963254e-16  4.1480557e-16  -3.3717808e-16  6.0716321e-16  3.4675683e-16  4.3708793e-17  -1.4734706e-16  3.4900342e-16  3.0715241e-16  2.6648822e-16  -1.9762835e-16  7.1048105e-16  7.7437498e-16  1.0000000   5.2746932e-16  -5.0642572e-16  4.8665812e-16  5.8644578e-16  1.7043656e-17  4.0220416e-16  3.9055646e-16  1.5985731e-16  3.6218317e-16  2.1988091e-16  6.9432882e-16  5.4706175e-16  -1.6698076e-16  -3.0131849e-16  3.0236932e-17  -2.8066032e-16  -1.6905206e-16  -4.1963254e-16  4.1480557e-16  -3.3717808e-16  6.0716321e-16  3.4675683e-16  4.3708793e-17  -1.4734706e-16  3.4900342e-16  3.0715241e-16  2.6648822e-16  
-2.1651180e-16  -5.8290567e-17  -2.1424547e-16  5.2746932e-16  1.0000000   -6.1776653e-16  3.1325946e-16  -5.9737749e-17  -7.5226419e-18  8.8778889e-16  -2.3313198e-16  -1.1578496e-16  -7.0621108e-16  5.0406106e-16  -9.6738000e-17  -8.2060142e-17  -7.1201105e-16  -9.9968589e-17  3.3090891e-16  -6.3105887e-16  2.9465027e-17  -2.7680603e-16  -4.0352159e-16  4.4975497e-17  -3.8851904e-16  -3.6552791e-16  -1.5490736e-16  -1.0066388e-16  -2.5862874e-16  -4.3023451e-16  -2.2675245e-16  -2.1651180e-16  -5.8290567e-17  -2.1424547e-16  5.2746932e-16  1.0000000   -6.1776653e-16  3.1325946e-16  -5.9737749e-17  -7.5226419e-18  8.8778889e-16  -2.3313198e-16  -1.1578496e-16  -7.0621108e-16  5.0406106e-16  -9.6738000e-17  -8.2060142e-17  -7.1201105e-16  -9.9968589e-17  3.3090891e-16  -6.3105887e-16  2.9465027e-17  -2.7680603e-16  -4.0352159e-16  4.4975497e-17  -3.8851904e-16  -3.6552791e-16  -1.5490736e-16  -1.0066388e-16  -2.5862874e-16  -4.3023451e-16  -2.2675245e-16  
2.8816231e-16  -2.3873157e-17  -5.2128567e-16  -5.0642572e-16  -6.1776653e-16  1.0000000   -3.1147418e-17  3.0155382e-16  7.6764009e-17  7.3891895e-18  2.1394353e-16  -3.7797258e-16  -2.0522171e-16  2.4073094e-16  1.3955433e-16  -1.4355407e-16  -5.9769399e-17  -1.1735440e-17  -5.0060174e-16  -2.1644690e-16  1.0314056e-17  -1.0003196e-15  -2.7978006e-16  5.8047306e-16  -8.5955730e-17  2.2910951e-16  1.3007722e-16  4.2254684e-16  -7.6754800e-17  -7.8937833e-17  -3.0940199e-17  2.8816231e-16  -2.3873157e-17  -5.2128567e-16  -5.0642572e-16  -6.1776653e-16  1.0000000   -3.1147418e-17  3.0155382e-16  7.6764009e-17  7.3891895e-18  2.1394353e-16  -3.7797258e-16  -2.0522171e-16  2.4073094e-16  1.3955433e-16  -1.4355407e-16  -5.9769399e-17  -1.1735440e-17  -5.0060174e-16  -2.1644690e-16  1.0314056e-17  -1.0003196e-15  -2.7978006e-16  5.8047306e-16  -8.5955730e-17  2.2910951e-16  1.3007722e-16  4.2254684e-16  -7.6754800e-17  -7.8937833e-17  -3.0940199e-17  
-6.0930050e-16  -2.8301104e-16  -3.3168840e-16  4.8665812e-16  3.1325946e-16  -3.1147418e-17  1.0000000   -4.3171428e-16  1.2771313e-16  2.7684076e-16  4.6668311e-16  2.4257008e-16  -3.8440651e-17  5.0544064e-17  -4.1457895e-16  3.9359183e-16  -3.0894328e-16  -4.6600113e-16  -2.4875212e-16  -7.8320158e-16  5.2794488e-18  -2.4165838e-16  5.0803537e-16  6.0367289e-16  8.4177946e-16  -5.3654689e-16  -5.7200779e-16  -2.8346907e-16  -7.3533481e-16  1.5533893e-16  -6.5395352e-16  -6.0930050e-16  -2.8301104e-16  -3.3168840e-16  4.8665812e-16  3.1325946e-16  -3.1147418e-17  1.0000000   -4.3171428e-16  1.2771313e-16  2.7684076e-16  4.6668311e-16  2.4257008e-16  -3.8440651e-17  5.0544064e-17  -4.1457895e-16  3.9359183e-16  -3.0894328e-16  -4.6600113e-16  -2.4875212e-16  -7.8320158e-16  5.2794488e-18  -2.4165838e-16  5.0803537e-16  6.0367289e-16  8.4177946e-16  -5.3654689e-16  -5.7200779e-16  -2.8346907e-16  -7.3533481e-16  1.5533893e-16  -6.5395352e-16  
7.5714408e-17  -2.5088041e-16  2.0464156e-16  5.8644578e-16  -5.9737749e-17  3.0155382e-16  -4.3171428e-16  1.0000000   6.8993067e-16  -1.7290049e-16  -4.2087940e-16  6.7389639e-16  -3.1023793e-16  1.6808331e-16  -2.0010695e-16  -1.8470762e-16  -2.0644347e-16  -3.7055206e-16  6.6208063e-16  -2.5227222e-16  -1.3188954e-16  -7.3110940e-16  -1.0298265e-16  -4.2088464e-16  -3.5865514e-16  -5.5164848e-16  -3.9454376e-16  -9.7089957e-16  -8.6942180e-16  3.8984828e-16  -1.8468105e-16  7.5714408e-17  -2.5088041e-16  2.0464156e-16  5.8644578e-16  -5.9737749e-17  3.0155382e-16  -4.3171428e-16  1.0000000   6.8993067e-16  -1.7290049e-16  -4.2087940e-16  6.7389639e-16  -3.1023793e-16  1.6808331e-16  -2.0010695e-16  -1.8470762e-16  -2.0644347e-16  -3.7055206e-16  6.6208063e-16  -2.5227222e-16  -1.3188954e-16  -7.3110940e-16  -1.0298265e-16  -4.2088464e-16  -3.5865514e-16  -5.5164848e-16  -3.9454376e-16  -9.7089957e-16  -8.6942180e-16  3.8984828e-16  -1.8468105e-16  
-2.3761375e-18  2.2525878e-16  -6.7381105e-16  1.7043656e-17  -7.5226419e-18  7.6764009e-17  1.2771313e-16  6.8993067e-16  1.0000000   -3.7880397e-16  1.0491595e-15  -4.1982262e-18  -3.9922476e-17  3.8863097e-16  -3.6297181e-16  -1.8183147e-16  3.5740246e-16  -3.7446704e-16  9.4517735e-16  9.8666969e-17  4.4411830e-16  3.1990159e-16  1.4917218e-16  -1.1491522e-17  1.2140766e-17  -8.6481214e-17  1.3915899e-16  -4.2169138e-16  -1.1062423e-16  -3.3704217e-16  1.2659790e-16  -2.3761375e-18  2.2525878e-16  -6.7381105e-16  1.7043656e-17  -7.5226419e-18  7.6764009e-17  1.2771313e-16  6.8993067e-16  1.0000000   -3.7880397e-16  1.0491595e-15  -4.1982262e-18  -3.9922476e-17  3.8863097e-16  -3.6297181e-16  -1.8183147e-16  3.5740246e-16  -3.7446704e-16  9.4517735e-16  9.8666969e-17  4.4411830e-16  3.1990159e-16  1.4917218e-16  -1.1491522e-17  1.2140766e-17  -8.6481214e-17  1.3915899e-16  -4.2169138e-16  -1.1062423e-16  -3.3704217e-16  1.2659790e-16  
8.8135351e-17  -7.4928767e-16  -3.7074931e-16  4.0220416e-16  8.8778889e-16  7.3891895e-18  2.7684076e-16  -1.7290049e-16  -3.7880397e-16  1.0000000   1.0842832e-18  -3.4035756e-16  -2.2004398e-16  -2.4707404e-16  2.2703549e-16  1.7918617e-16  2.1040406e-16  4.0749448e-16  -8.4515045e-17  3.0659854e-16  2.6788112e-16  4.6856261e-17  7.2365603e-17  5.7133827e-16  -3.6197526e-17  -5.9667371e-16  3.0110063e-16  -2.9131276e-16  -2.4351335e-16  -9.2387750e-17  6.3847865e-17  8.8135351e-17  -7.4928767e-16  -3.7074931e-16  4.0220416e-16  8.8778889e-16  7.3891895e-18  2.7684076e-16  -1.7290049e-16  -3.7880397e-16  1.0000000   1.0842832e-18  -3.4035756e-16  -2.2004398e-16  -2.4707404e-16  2.2703549e-16  1.7918617e-16  2.1040406e-16  4.0749448e-16  -8.4515045e-17  3.0659854e-16  2.6788112e-16  4.6856261e-17  7.2365603e-17  5.7133827e-16  -3.6197526e-17  -5.9667371e-16  3.0110063e-16  -2.9131276e-16  -2.4351335e-16  -9.2387750e-17  6.3847865e-17  
-1.7443192e-16  -6.3923659e-16  -1.1206453e-16  3.9055646e-16  -2.3313198e-16  2.1394353e-16  4.6668311e-16  -4.2087940e-16  1.0491595e-15  1.0842832e-18  1.0000000   -5.9928770e-16  3.7391813e-16  -6.6155129e-17  3.5448774e-16  -8.8460316e-18  -2.7309623e-16  -1.0731505e-15  3.3019073e-16  7.1575784e-16  1.3170810e-17  -1.3816221e-16  -7.2206589e-16  -2.3468310e-16  2.4031463e-16  -1.6144490e-16  3.9432074e-16  7.5876431e-17  2.1712548e-16  9.1625003e-17  -1.9138562e-16  -1.7443192e-16  -6.3923659e-16  -1.1206453e-16  3.9055646e-16  -2.3313198e-16  2.1394353e-16  4.6668311e-16  -4.2087940e-16  1.0491595e-15  1.0842832e-18  1.0000000   -5.9928770e-16  3.7391813e-16  -6.6155129e-17  3.5448774e-16  -8.8460316e-18  -2.7309623e-16  -1.0731505e-15  3.3019073e-16  7.1575784e-16  1.3170810e-17  -1.3816221e-16  -7.2206589e-16  -2.3468310e-16  2.4031463e-16  -1.6144490e-16  3.9432074e-16  7.5876431e-17  2.1712548e-16  9.1625003e-17  -1.9138562e-16  
1.7242062e-16  -2.0108818e-16  6.4733594e-16  1.5985731e-16  -1.1578496e-16  -3.7797258e-16  2.4257008e-16  6.7389639e-16  -4.1982262e-18  -3.4035756e-16  -5.9928770e-16  1.0000000   5.8297290e-16  4.0295442e-19  4.7646794e-17  -1.9824528e-16  4.3859541e-17  6.6841448e-17  -1.1077194e-16  -1.6581521e-16  -1.6800282e-16  -5.8910936e-16  -2.7352314e-16  -1.4085966e-16  4.6072674e-16  -4.7213549e-16  -8.4622062e-16  2.0230603e-16  -1.1155155e-16  4.9921557e-16  6.6823258e-17  1.7242062e-16  -2.0108818e-16  6.4733594e-16  1.5985731e-16  -1.1578496e-16  -3.7797258e-16  2.4257008e-16  6.7389639e-16  -4.1982262e-18  -3.4035756e-16  -5.9928770e-16  1.0000000   5.8297290e-16  4.0295442e-19  4.7646794e-17  -1.9824528e-16  4.3859541e-17  6.6841448e-17  -1.1077194e-16  -1.6581521e-16  -1.6800282e-16  -5.8910936e-16  -2.7352314e-16  -1.4085966e-16  4.6072674e-16  -4.7213549e-16  -8.4622062e-16  2.0230603e-16  -1.1155155e-16  4.9921557e-16  6.6823258e-17  
1.3762704e-16  -3.0345470e-16  -2.7813221e-16  3.6218317e-16  -7.0621108e-16  -2.0522171e-16  -3.8440651e-17  -3.1023793e-16  -3.9922476e-17  -2.2004398e-16  3.7391813e-16  5.8297290e-16  1.0000000   -1.1141293e-15  4.6487318e-16  1.0338664e-16  -4.8713558e-16  2.2827869e-16  -2.9210156e-17  1.2416540e-16  -3.3371560e-16  5.3190191e-16  -3.5188159e-17  3.7982002e-17  8.6238863e-17  5.4149347e-17  -7.7912242e-16  1.0865518e-17  -9.6716392e-16  4.8890517e-16  -4.6233581e-16  1.3762704e-16  -3.0345470e-16  -2.7813221e-16  3.6218317e-16  -7.0621108e-16  -2.0522171e-16  -3.8440651e-17  -3.1023793e-16  -3.9922476e-17  -2.2004398e-16  3.7391813e-16  5.8297290e-16  1.0000000   -1.1141293e-15  4.6487318e-16  1.0338664e-16  -4.8713558e-16  2.2827869e-16  -2.9210156e-17  1.2416540e-16  -3.3371560e-16  5.3190191e-16  -3.5188159e-17  3.7982002e-17  8.6238863e-17  5.4149347e-17  -7.7912242e-16  1.0865518e-17  -9.6716392e-16  4.8890517e-16  -4.6233581e-16  
-7.8039343e-16  -8.1922393e-16  -2.9120570e-16  2.1988091e-16  5.0406106e-16  2.4073094e-16  5.0544064e-17  1.6808331e-16  3.8863097e-16  -2.4707404e-16  -6.6155129e-17  4.0295442e-19  -1.1141293e-15  1.0000000   1.4746405e-16  5.2672289e-16  2.3544886e-16  4.3812977e-16  -2.2044918e-16  6.2092464e-16  -5.6485371e-16  2.8037053e-16  3.3650125e-16  -2.4471297e-16  4.9562866e-17  3.5697706e-16  -9.1028795e-16  -1.8824930e-16  -1.4806034e-16  6.3999934e-16  3.8962280e-16  -7.8039343e-16  -8.1922393e-16  -2.9120570e-16  2.1988091e-16  5.0406106e-16  2.4073094e-16  5.0544064e-17  1.6808331e-16  3.8863097e-16  -2.4707404e-16  -6.6155129e-17  4.0295442e-19  -1.1141293e-15  1.0000000   1.4746405e-16  5.2672289e-16  2.3544886e-16  4.3812977e-16  -2.2044918e-16  6.2092464e-16  -5.6485371e-16  2.8037053e-16  3.3650125e-16  -2.4471297e-16  4.9562866e-17  3.5697706e-16  -9.1028795e-16  -1.8824930e-16  -1.4806034e-16  6.3999934e-16  3.8962280e-16  
-8.0325335e-16  -2.8180054e-16  3.3573365e-16  6.9432882e-16  -9.6738000e-17  1.3955433e-16  -4.1457895e-16  -2.0010695e-16  -3.6297181e-16  2.2703549e-16  3.5448774e-16  4.7646794e-17  4.6487318e-16  1.4746405e-16  1.0000000   -2.6167082e-16  1.3083114e-16  -8.8809069e-17  -2.5620024e-16  -1.5587328e-16  -2.0158464e-16  -2.7060497e-16  -1.6253714e-16  -1.6250846e-16  -1.3324488e-16  -1.7499862e-16  1.9976288e-16  2.5220711e-16  3.8804461e-16  1.1313308e-17  1.8397069e-16  -8.0325335e-16  -2.8180054e-16  3.3573365e-16  6.9432882e-16  -9.6738000e-17  1.3955433e-16  -4.1457895e-16  -2.0010695e-16  -3.6297181e-16  2.2703549e-16  3.5448774e-16  4.7646794e-17  4.6487318e-16  1.4746405e-16  1.0000000   -2.6167082e-16  1.3083114e-16  -8.8809069e-17  -2.5620024e-16  -1.5587328e-16  -2.0158464e-16  -2.7060497e-16  -1.6253714e-16  -1.6250846e-16  -1.3324488e-16  -1.7499862e-16  1.9976288e-16  2.5220711e-16  3.8804461e-16  1.1313308e-17  1.8397069e-16  
-5.8434717e-17  1.2751897e-16  2.2522818e-16  5.4706175e-16  -8.2060142e-17  -1.4355407e-16  3.9359183e-16  -1.8470762e-16  -1.8183147e-16  1.7918617e-16  -8.8460316e-18  -1.9824528e-16  1.0338664e-16  5.2672289e-16  -2.6167082e-16  1.0000000   8.1318169e-16  -8.5654480e-17  6.2529087e-16  5.4666518e-16  5.7473146e-16  4.1126259e-17  -4.0639822e-16  3.7573056e-17  -8.3793856e-17  -5.3026686e-16  1.6778150e-16  5.6087360e-16  3.7913532e-17  1.2166716e-16  1.0116401e-15  -5.8434717e-17  1.2751897e-16  2.2522818e-16  5.4706175e-16  -8.2060142e-17  -1.4355407e-16  3.9359183e-16  -1.8470762e-16  -1.8183147e-16  1.7918617e-16  -8.8460316e-18  -1.9824528e-16  1.0338664e-16  5.2672289e-16  -2.6167082e-16  1.0000000   8.1318169e-16  -8.5654480e-17  6.2529087e-16  5.4666518e-16  5.7473146e-16  4.1126259e-17  -4.0639822e-16  3.7573056e-17  -8.3793856e-17  -5.3026686e-16  1.6778150e-16  5.6087360e-16  3.7913532e-17  1.2166716e-16  1.0116401e-15  
8.6530139e-16  -6.8350226e-16  1.3337135e-16  -1.6698076e-16  -7.1201105e-16  -5.9769399e-17  -3.0894328e-16  -2.0644347e-16  3.5740246e-16  2.1040406e-16  -2.7309623e-16  4.3859541e-17  -4.8713558e-16  2.3544886e-16  1.3083114e-16  8.1318169e-16  1.0000000   4.0436179e-16  4.7218351e-17  -4.7729691e-16  -2.7588543e-16  -2.5174101e-16  -1.9046568e-16  1.8126072e-16  -1.8195886e-16  2.1459848e-16  3.9547686e-16  2.9035833e-16  -1.6218052e-16  1.4868567e-16  3.1677484e-16  8.6530139e-16  -6.8350226e-16  1.3337135e-16  -1.6698076e-16  -7.1201105e-16  -5.9769399e-17  -3.0894328e-16  -2.0644347e-16  3.5740246e-16  2.1040406e-16  -2.7309623e-16  4.3859541e-17  -4.8713558e-16  2.3544886e-16  1.3083114e-16  8.1318169e-16  1.0000000   4.0436179e-16  4.7218351e-17  -4.7729691e-16  -2.7588543e-16  -2.5174101e-16  -1.9046568e-16  1.8126072e-16  -1.8195886e-16  2.1459848e-16  3.9547686e-16  2.9035833e-16  -1.6218052e-16  1.4868567e-16  3.1677484e-16  
1.1520156e-16  -1.1738848e-17  9.4595739e-17  -3.0131849e-16  -9.9968589e-17  -1.1735440e-17  -4.6600113e-16  -3.7055206e-16  -3.7446704e-16  4.0749448e-16  -1.0731505e-15  6.6841448e-17  2.2827869e-16  4.3812977e-16  -8.8809069e-17  -8.5654480e-17  4.0436179e-16  1.0000000   -3.8432237e-16  2.1098600e-17  -5.6005757e-16  2.4079832e-16  -2.7821725e-16  -4.2087808e-16  -8.9120261e-17  5.9397964e-16  -1.2508706e-16  1.4638146e-16  4.8814986e-16  -3.2948751e-17  -7.9687720e-17  1.1520156e-16  -1.1738848e-17  9.4595739e-17  -3.0131849e-16  -9.9968589e-17  -1.1735440e-17  -4.6600113e-16  -3.7055206e-16  -3.7446704e-16  4.0749448e-16  -1.0731505e-15  6.6841448e-17  2.2827869e-16  4.3812977e-16  -8.8809069e-17  -8.5654480e-17  4.0436179e-16  1.0000000   -3.8432237e-16  2.1098600e-17  -5.6005757e-16  2.4079832e-16  -2.7821725e-16  -4.2087808e-16  -8.9120261e-17  5.9397964e-16  -1.2508706e-16  1.4638146e-16  4.8814986e-16  -3.2948751e-17  -7.9687720e-17  
1.9153415e-16  -8.2125783e-17  -3.4809078e-16  3.0236932e-17  3.3090891e-16  -5.0060174e-16  -2.4875212e-16  6.6208063e-16  9.4517735e-16  -8.4515045e-17  3.3019073e-16  -1.1077194e-16  -2.9210156e-17  -2.2044918e-16  -2.5620024e-16  6.2529087e-16  4.7218351e-17  -3.8432237e-16  1.0000000   -4.5461985e-16  1.6767464e-16  -5.1071294e-16  1.6751869e-16  8.2483622e-17  -2.2263893e-16  4.1055308e-16  2.4644825e-16  -1.7788624e-16  4.4865756e-16  4.6632133e-16  -1.4426590e-16  1.9153415e-16  -8.2125783e-17  -3.4809078e-16  3.0236932e-17  3.3090891e-16  -5.0060174e-16  -2.4875212e-16  6.6208063e-16  9.4517735e-16  -8.4515045e-17  3.3019073e-16  -1.1077194e-16  -2.9210156e-17  -2.2044918e-16  -2.5620024e-16  6.2529087e-16  4.7218351e-17  -3.8432237e-16  1.0000000   -4.5461985e-16  1.6767464e-16  -5.1071294e-16  1.6751869e-16  8.2483622e-17  -2.2263893e-16  4.1055308e-16  2.4644825e-16  -1.7788624e-16  4.4865756e-16  4.6632133e-16  -1.4426590e-16  
4.1598983e-16  -5.9649780e-16  -5.4959684e-16  -2.8066032e-16  -6.3105887e-16  -2.1644690e-16  -7.8320158e-16  -2.5227222e-16  9.8666969e-17  3.0659854e-16  7.1575784e-16  -1.6581521e-16  1.2416540e-16  6.2092464e-16  -1.5587328e-16  5.4666518e-16  -4.7729691e-16  2.1098600e-17  -4.5461985e-16  1.0000000   2.3740868e-16  -3.0315844e-16  -2.3621570e-16  1.8923304e-16  2.2427673e-16  6.0975374e-16  -6.2561505e-16  -3.0951732e-16  2.6644027e-17  1.0526431e-16  3.4342812e-16  4.1598983e-16  -5.9649780e-16  -5.4959684e-16  -2.8066032e-16  -6.3105887e-16  -2.1644690e-16  -7.8320158e-16  -2.5227222e-16  9.8666969e-17  3.0659854e-16  7.1575784e-16  -1.6581521e-16  1.2416540e-16  6.2092464e-16  -1.5587328e-16  5.4666518e-16  -4.7729691e-16  2.1098600e-17  -4.5461985e-16  1.0000000   2.3740868e-16  -3.0315844e-16  -2.3621570e-16  1.8923304e-16  2.2427673e-16  6.0975374e-16  -6.2561505e-16  -3.0951732e-16  2.6644027e-17  1.0526431e-16  3.4342812e-16  
3.5451074e-16  -8.4096865e-16  -6.6018074e-16  -1.6905206e-16  2.9465027e-17  1.0314056e-17  5.2794488e-18  -1.3188954e-16  4.4411830e-16  2.6788112e-16  1.3170810e-17  -1.6800282e-16  -3.3371560e-16  -5.6485371e-16  -2.0158464e-16  5.7473146e-16  -2.7588543e-16  -5.6005757e-16  1.6767464e-16  2.3740868e-16  1.0000000   5.2271852e-17  1.8901391e-17  3.7044544e-16  -8.9398427e-16  -1.4359950e-16  -1.1617667e-16  1.1162980e-16  -1.1830128e-16  2.6297104e-16  -5.6773219e-16  3.5451074e-16  -8.4096865e-16  -6.6018074e-16  -1.6905206e-16  2.9465027e-17  1.0314056e-17  5.2794488e-18  -1.3188954e-16  4.4411830e-16  2.6788112e-16  1.3170810e-17  -1.6800282e-16  -3.3371560e-16  -5.6485371e-16  -2.0158464e-16  5.7473146e-16  -2.7588543e-16  -5.6005757e-16  1.6767464e-16  2.3740868e-16  1.0000000   5.2271852e-17  1.8901391e-17  3.7044544e-16  -8.9398427e-16  -1.4359950e-16  -1.1617667e-16  1.1162980e-16  -1.1830128e-16  2.6297104e-16  -5.6773219e-16  
-1.8293085e-16  9.4129153e-16  -1.5001920e-16  -4.1963254e-16  -2.7680603e-16  -1.0003196e-15  -2.4165838e-16  -7.3110940e-16  3.1990159e-16  4.6856261e-17  -1.3816221e-16  -5.8910936e-16  5.3190191e-16  2.8037053e-16  -2.7060497e-16  4.1126259e-17  -2.5174101e-16  2.4079832e-16  -5.1071294e-16  -3.0315844e-16  5.2271852e-17  1.0000000   2.5843170e-17  1.3093324e-16  -3.6805653e-16  5.7448703e-16  3.0024062e-16  2.3857834e-16  7.5336171e-16  -2.8580907e-16  -2.5953745e-16  -1.8293085e-16  9.4129153e-16  -1.5001920e-16  -4.1963254e-16  -2.7680603e-16  -1.0003196e-15  -2.4165838e-16  -7.3110940e-16  3.1990159e-16  4.6856261e-17  -1.3816221e-16  -5.8910936e-16  5.3190191e-16  2.8037053e-16  -2.7060497e-16  4.1126259e-17  -2.5174101e-16  2.4079832e-16  -5.1071294e-16  -3.0315844e-16  5.2271852e-17  1.0000000   2.5843170e-17  1.3093324e-16  -3.6805653e-16  5.7448703e-16  3.0024062e-16  2.3857834e-16  7.5336171e-16  -2.8580907e-16  -2.5953745e-16  
-2.6387303e-16  -5.9351695e-16  -1.6524953e-16  4.1480557e-16  -4.0352159e-16  -2.7978006e-16  5.0803537e-16  -1.0298265e-16  1.4917218e-16  7.2365603e-17  -7.2206589e-16  -2.7352314e-16  -3.5188159e-17  3.3650125e-16  -1.6253714e-16  -4.0639822e-16  -1.9046568e-16  -2.7821725e-16  1.6751869e-16  -2.3621570e-16  1.8901391e-17  2.5843170e-17  1.0000000   2.0132195e-16  2.7398664e-16  -9.1181714e-17  -6.4279186e-17  2.4365830e-16  -7.2667949e-18  -7.5420601e-17  1.6216323e-16  -2.6387303e-16  -5.9351695e-16  -1.6524953e-16  4.1480557e-16  -4.0352159e-16  -2.7978006e-16  5.0803537e-16  -1.0298265e-16  1.4917218e-16  7.2365603e-17  -7.2206589e-16  -2.7352314e-16  -3.5188159e-17  3.3650125e-16  -1.6253714e-16  -4.0639822e-16  -1.9046568e-16  -2.7821725e-16  1.6751869e-16  -2.3621570e-16  1.8901391e-17  2.5843170e-17  1.0000000   2.0132195e-16  2.7398664e-16  -9.1181714e-17  -6.4279186e-17  2.4365830e-16  -7.2667949e-18  -7.5420601e-17  1.6216323e-16  
3.7861812e-16  -2.4083816e-16  3.8022670e-17  -3.3717808e-16  4.4975497e-17  5.8047306e-16  6.0367289e-16  -4.2088464e-16  -1.1491522e-17  5.7133827e-16  -2.3468310e-16  -1.4085966e-16  3.7982002e-17  -2.4471297e-16  -1.6250846e-16  3.7573056e-17  1.8126072e-16  -4.2087808e-16  8.2483622e-17  1.8923304e-16  3.7044544e-16  1.3093324e-16  2.0132195e-16  1.0000000   3.9243264e-16  4.0902434e-16  1.8786593e-16  7.9713865e-17  2.9533913e-16  -2.3904198e-16  -1.1332205e-16  3.7861812e-16  -2.4083816e-16  3.8022670e-17  -3.3717808e-16  4.4975497e-17  5.8047306e-16  6.0367289e-16  -4.2088464e-16  -1.1491522e-17  5.7133827e-16  -2.3468310e-16  -1.4085966e-16  3.7982002e-17  -2.4471297e-16  -1.6250846e-16  3.7573056e-17  1.8126072e-16  -4.2087808e-16  8.2483622e-17  1.8923304e-16  3.7044544e-16  1.3093324e-16  2.0132195e-16  1.0000000   3.9243264e-16  4.0902434e-16  1.8786593e-16  7.9713865e-17  2.9533913e-16  -2.3904198e-16  -1.1332205e-16  
-7.9791416e-17  4.0939554e-16  6.0935403e-17  6.0716321e-16  -3.8851904e-16  -8.5955730e-17  8.4177946e-16  -3.5865514e-16  1.2140766e-17  -3.6197526e-17  2.4031463e-16  4.6072674e-16  8.6238863e-17  4.9562866e-17  -1.3324488e-16  -8.3793856e-17  -1.8195886e-16  -8.9120261e-17  -2.2263893e-16  2.2427673e-16  -8.9398427e-16  -3.6805653e-16  2.7398664e-16  3.9243264e-16  1.0000000   2.0467757e-19  -4.5844300e-16  -1.0693537e-16  -3.6189791e-16  2.8320254e-16  -1.2465292e-17  -7.9791416e-17  4.0939554e-16  6.0935403e-17  6.0716321e-16  -3.8851904e-16  -8.5955730e-17  8.4177946e-16  -3.5865514e-16  1.2140766e-17  -3.6197526e-17  2.4031463e-16  4.6072674e-16  8.6238863e-17  4.9562866e-17  -1.3324488e-16  -8.3793856e-17  -1.8195886e-16  -8.9120261e-17  -2.2263893e-16  2.2427673e-16  -8.9398427e-16  -3.6805653e-16  2.7398664e-16  3.9243264e-16  1.0000000   2.0467757e-19  -4.5844300e-16  -1.0693537e-16  -3.6189791e-16  2.8320254e-16  -1.2465292e-17  
1.0694821e-15  -1.5440131e-16  -1.1893933e-16  3.4675683e-16  -3.6552791e-16  2.2910951e-16  -5.3654689e-16  -5.5164848e-16  -8.6481214e-17  -5.9667371e-16  -1.6144490e-16  -4.7213549e-16  5.4149347e-17  3.5697706e-16  -1.7499862e-16  -5.3026686e-16  2.1459848e-16  5.9397964e-16  4.1055308e-16  6.0975374e-16  -1.4359950e-16  5.7448703e-16  -9.1181714e-17  4.0902434e-16  2.0467757e-19  1.0000000   -1.3945963e-16  7.6031624e-17  3.0855836e-16  -4.9402323e-17  -5.9666692e-16  1.0694821e-15  -1.5440131e-16  -1.1893933e-16  3.4675683e-16  -3.6552791e-16  2.2910951e-16  -5.3654689e-16  -5.5164848e-16  -8.6481214e-17  -5.9667371e-16  -1.6144490e-16  -4.7213549e-16  5.4149347e-17  3.5697706e-16  -1.7499862e-16  -5.3026686e-16  2.1459848e-16  5.9397964e-16  4.1055308e-16  6.0975374e-16  -1.4359950e-16  5.7448703e-16  -9.1181714e-17  4.0902434e-16  2.0467757e-19  1.0000000   -1.3945963e-16  7.6031624e-17  3.0855836e-16  -4.9402323e-17  -5.9666692e-16  
-1.3651436e-15  1.4533527e-16  8.7577439e-16  4.3708793e-17  -1.5490736e-16  1.3007722e-16  -5.7200779e-16  -3.9454376e-16  1.3915899e-16  3.0110063e-16  3.9432074e-16  -8.4622062e-16  -7.7912242e-16  -9.1028795e-16  1.9976288e-16  1.6778150e-16  3.9547686e-16  -1.2508706e-16  2.4644825e-16  -6.2561505e-16  -1.1617667e-16  3.0024062e-16  -6.4279186e-17  1.8786593e-16  -4.5844300e-16  -1.3945963e-16  1.0000000   -7.2965217e-16  5.1643174e-16  4.8798046e-16  -5.1374248e-16  -1.3651436e-15  1.4533527e-16  8.7577439e-16  4.3708793e-17  -1.5490736e-16  1.3007722e-16  -5.7200779e-16  -3.9454376e-16  1.3915899e-16  3.0110063e-16  3.9432074e-16  -8.4622062e-16  -7.7912242e-16  -9.1028795e-16  1.9976288e-16  1.6778150e-16  3.9547686e-16  -1.2508706e-16  2.4644825e-16  -6.2561505e-16  -1.1617667e-16  3.0024062e-16  -6.4279186e-17  1.8786593e-16  -4.5844300e-16  -1.3945963e-16  1.0000000   -7.2965217e-16  5.1643174e-16  4.8798046e-16  -5.1374248e-16  
-6.3713805e-17  -2.4211070e-16  1.8742990e-17  -1.4734706e-16  -1.0066388e-16  4.2254684e-16  -2.8346907e-16  -9.7089957e-16  -4.2169138e-16  -2.9131276e-16  7.5876431e-17  2.0230603e-16  1.0865518e-17  -1.8824930e-16  2.5220711e-16  5.6087360e-16  2.9035833e-16  1.4638146e-16  -1.7788624e-16  -3.0951732e-16  1.1162980e-16  2.3857834e-16  2.4365830e-16  7.9713865e-17  -1.0693537e-16  7.6031624e-17  -7.2965217e-16  1.0000000   -3.3227360e-16  -3.3855047e-16  -3.5859270e-17  -6.3713805e-17  -2.4211070e-16  1.8742990e-17  -1.4734706e-16  -1.0066388e-16  4.2254684e-16  -2.8346907e-16  -9.7089957e-16  -4.2169138e-16  -2.9131276e-16  7.5876431e-17  2.0230603e-16  1.0865518e-17  -1.8824930e-16  2.5220711e-16  5.6087360e-16  2.9035833e-16  1.4638146e-16  -1.7788624e-16  -3.0951732e-16  1.1162980e-16  2.3857834e-16  2.4365830e-16  7.9713865e-17  -1.0693537e-16  7.6031624e-17  -7.2965217e-16  1.0000000   -3.3227360e-16  -3.3855047e-16  -3.5859270e-17  
8.5563537e-17  -8.9508981e-16  5.1990450e-16  3.4900342e-16  -2.5862874e-16  -7.6754800e-17  -7.3533481e-16  -8.6942180e-16  -1.1062423e-16  -2.4351335e-16  2.1712548e-16  -1.1155155e-16  -9.6716392e-16  -1.4806034e-16  3.8804461e-16  3.7913532e-17  -1.6218052e-16  4.8814986e-16  4.4865756e-16  2.6644027e-17  -1.1830128e-16  7.5336171e-16  -7.2667949e-18  2.9533913e-16  -3.6189791e-16  3.0855836e-16  5.1643174e-16  -3.3227360e-16  1.0000000   5.5737441e-16  -6.0796288e-17  8.5563537e-17  -8.9508981e-16  5.1990450e-16  3.4900342e-16  -2.5862874e-16  -7.6754800e-17  -7.3533481e-16  -8.6942180e-16  -1.1062423e-16  -2.4351335e-16  2.1712548e-16  -1.1155155e-16  -9.6716392e-16  -1.4806034e-16  3.8804461e-16  3.7913532e-17  -1.6218052e-16  4.8814986e-16  4.4865756e-16  2.6644027e-17  -1.1830128e-16  7.5336171e-16  -7.2667949e-18  2.9533913e-16  -3.6189791e-16  3.0855836e-16  5.1643174e-16  -3.3227360e-16  1.0000000   5.5737441e-16  -6.0796288e-17  
8.2259542e-16  9.2299000e-17  -5.7227928e-18  3.0715241e-16  -4.3023451e-16  -7.8937833e-17  1.5533893e-16  3.8984828e-16  -3.3704217e-16  -9.2387750e-17  9.1625003e-17  4.9921557e-16  4.8890517e-16  6.3999934e-16  1.1313308e-17  1.2166716e-16  1.4868567e-16  -3.2948751e-17  4.6632133e-16  1.0526431e-16  2.6297104e-16  -2.8580907e-16  -7.5420601e-17  -2.3904198e-16  2.8320254e-16  -4.9402323e-17  4.8798046e-16  -3.3855047e-16  5.5737441e-16  1.0000000   -1.6414939e-16  8.2259542e-16  9.2299000e-17  -5.7227928e-18  3.0715241e-16  -4.3023451e-16  -7.8937833e-17  1.5533893e-16  3.8984828e-16  -3.3704217e-16  -9.2387750e-17  9.1625003e-17  4.9921557e-16  4.8890517e-16  6.3999934e-16  1.1313308e-17  1.2166716e-16  1.4868567e-16  -3.2948751e-17  4.6632133e-16  1.0526431e-16  2.6297104e-16  -2.8580907e-16  -7.5420601e-17  -2.3904198e-16  2.8320254e-16  -4.9402323e-17  4.8798046e-16  -3.3855047e-16  5.5737441e-16  1.0000000   -1.6414939e-16  
-1.1572210e-16  2.8371229e-16  3.5023795e-16  2.6648822e-16  -2.2675245e-16  -3.0940199e-17  -6.5395352e-16  -1.8468105e-16  1.2659790e-16  6.3847865e-17  -1.9138562e-16  6.6823258e-17  -4.6233581e-16  3.8962280e-16  1.8397069e-16  1.0116401e-15  3.1677484e-16  -7.9687720e-17  -1.4426590e-16  3.4342812e-16  -5.6773219e-16  -2.5953745e-16  1.6216323e-16  -1.1332205e-16  -1.2465292e-17  -5.9666692e-16  -5.1374248e-16  -3.5859270e-17  -6.0796288e-17  -1.6414939e-16  1.0000000   -1.1572210e-16  2.8371229e-16  3.5023795e-16  2.6648822e-16  -2.2675245e-16  -3.0940199e-17  -6.5395352e-16  -1.8468105e-16  1.2659790e-16  6.3847865e-17  -1.9138562e-16  6.6823258e-17  -4.6233581e-16  3.8962280e-16  1.8397069e-16  1.0116401e-15  3.1677484e-16  -7.9687720e-17  -1.4426590e-16  3.4342812e-16  -5.6773219e-16  -2.5953745e-16  1.6216323e-16  -1.1332205e-16  -1.2465292e-17  -5.9666692e-16  -5.1374248e-16  -3.5859270e-17  -6.0796288e-17  -1.6414939e-16  1.0000000   
1.0000000   -4.9135915e-16  5.9660757e-17  -1.9762835e-16  -2.1651180e-16  2.8816231e-16  -6.0930050e-16  7.5714408e-17  -2.3761375e-18  8.8135351e-17  -1.7443192e-16  1.7242062e-16  1.3762704e-16  -7.8039343e-16  -8.0325335e-16  -5.8434717e-17  8.6530139e-16  1.1520156e-16  1.9153415e-16  4.1598983e-16  3.5451074e-16  -1.8293085e-16  -2.6387303e-16  3.7861812e-16  -7.9791416e-17  1.0694821e-15  -1.3651436e-15  -6.3713805e-17  8.5563537e-17  8.2259542e-16  -1.1572210e-16  1.0000000   -4.9135915e-16  5.9660757e-17  -1.9762835e-16  -2.1651180e-16  2.8816231e-16  -6.0930050e-16  7.5714408e-17  -2.3761375e-18  8.8135351e-17  -1.7443192e-16  1.7242062e-16  1.3762704e-16  -7.8039343e-16  -8.0325335e-16  -5.8434717e-17  8.6530139e-16  1.1520156e-16  1.9153415e-16  4.1598983e-16  3.5451074e-16  -1.8293085e-16  -2.6387303e-16  3.7861812e-16  -7.9791416e-17  1.0694821e-15  -1.3651436e-15  -6.3713805e-17  8.5563537e-17  8.2259542e-16  -1.1572210e-16  
-4.9135915e-16  1.0000000   2.4711676e-16  7.1048105e-16  -5.8290567e-17  -2.3873157e-17  -2.8301104e-16  -2.5088041e-16  2.2525878e-16  -7.4928767e-16  -6.3923659e-16  -2.0108818e-16  -3.0345470e-16  -8.1922393e-16  -2.8180054e-16  1.2751897e-16  -6.8350226e-16  -1.1738848e-17  -8.2125783e-17  -5.9649780e-16  -8.4096865e-16  9.4129153e-16  -5.9351695e-16  -2.4083816e-16  4.0939554e-16  -1.5440131e-16  1.4533527e-16  -2.4211070e-16  -8.9508981e-16  9.2299000e-17  2.8371229e-16  -4.9135915e-16  1.0000000   2.4711676e-16  7.1048105e-16  -5.8290567e-17  -2.3873157e-17  -2.8301104e-16  -2.5088041e-16  2.2525878e-16  -7.4928767e-16  -6.3923659e-16  -2.0108818e-16  -3.0345470e-16  -8.1922393e-16  -2.8180054e-16  1.2751897e-16  -6.8350226e-16  -1.1738848e-17  -8.2125783e-17  -5.9649780e-16  -8.4096865e-16  9.4129153e-16  -5.9351695e-16  -2.4083816e-16  4.0939554e-16  -1.5440131e-16  1.4533527e-16  -2.4211070e-16  -8.9508981e-16  9.2299000e-17  2.8371229e-16  
5.9660757e-17  2.4711676e-16  1.0000000   7.7437498e-16  -2.1424547e-16  -5.2128567e-16  -3.3168840e-16  2.0464156e-16  -6.7381105e-16  -3.7074931e-16  -1.1206453e-16  6.4733594e-16  -2.7813221e-16  -2.9120570e-16  3.3573365e-16  2.2522818e-16  1.3337135e-16  9.4595739e-17  -3.4809078e-16  -5.4959684e-16  -6.6018074e-16  -1.5001920e-16  -1.6524953e-16  3.8022670e-17  6.0935403e-17  -1.1893933e-16  8.7577439e-16  1.8742990e-17  5.1990450e-16  -5.7227928e-18  3.5023795e-16  5.9660757e-17  2.4711676e-16  1.0000000   7.7437498e-16  -2.1424547e-16  -5.2128567e-16  -3.3168840e-16  2.0464156e-16  -6.7381105e-16  -3.7074931e-16  -1.1206453e-16  6.4733594e-16  -2.7813221e-16  -2.9120570e-16  3.3573365e-16  2.2522818e-16  1.3337135e-16  9.4595739e-17  -3.4809078e-16  -5.4959684e-16  -6.6018074e-16  -1.5001920e-16  -1.6524953e-16  3.8022670e-17  6.0935403e-17  -1.1893933e-16  8.7577439e-16  1.8742990e-17  5.1990450e-16  -5.7227928e-18  3.5023795e-16  
-1.9762835e-16  7.1048105e-16  7.7437498e-16  1.0000000   5.2746932e-16  -5.0642572e-16  4.8665812e-16  5.8644578e-16  1.7043656e-17  4.0220416e-16  3.9055646e-16  1.5985731e-16  3.6218317e-16  2.1988091e-16  6.9432882e-16  5.4706175e-16  -1.6698076e-16  -3.0131849e-16  3.0236932e-17  -2.8066032e-16  -1.6905206e-16  -4.1963254e-16  4.1480557e-16  -3.3717808e-16  6.0716321e-16  3.4675683e-16  4.3708793e-17  -1.4734706e-16  3.4900342e-16  3.0715241e-16  2.6648822e-16  -1.9762835e-16  7.1048105e-16  7.7437498e-16  1.0000000   5.2746932e-16  -5.0642572e-16  4.8665812e-16  5.8644578e-16  1.7043656e-17  4.0220416e-16  3.9055646e-16  1.5985731e-16  3.6218317e-16  2.1988091e-16  6.9432882e-16  5.4706175e-16  -1.6698076e-16  -3.0131849e-16  3.0236932e-17  -2.8066032e-16  -1.6905206e-16  -4.1963254e-16  4.1480557e-16  -3.3717808e-16  6.0716321e-16  3.4675683e-16  4.3708793e-17  -1.4734706e-16  3.4900342e-16  3.0715241e-16  2.6648822e-16  
-2.1651180e-16  -5.8290567e-17  -2.1424547e-16  5.2746932e-16  1.0000000   -6.1776653e-16  3.1325946e-16  -5.9737749e-17  -7.5226419e-18  8.8778889e-16  -2.3313198e-16  -1.1578496e-16  -7.0621108e-16  5.0406106e-16  -9.6738000e-17  -8.2060142e-17  -7.1201105e-16  -9.9968589e-17  3.3090891e-16  -6.3105887e-16  2.9465027e-17  -2.7680603e-16  -4.0352159e-16  4.4975497e-17  -3.8851904e-16  -3.6552791e-16  -1.5490736e-16  -1.0066388e-16  -2.5862874e-16  -4.3023451e-16  -2.2675245e-16  -2.1651180e-16  -5.8290567e-17  -2.1424547e-16  5.2746932e-16  1.0000000   -6.1776653e-16  3.1325946e-16  -5.9737749e-17  -7.5226419e-18  8.8778889e-16  -2.3313198e-16  -1.1578496e-16  -7.0621108e-16  5.0406106e-16  -9.6738000e-17  -8.2060142e-17  -7.1201105e-16  -9.9968589e-17  3.3090891e-16  -6.3105887e-16  2.9465027e-17  -2.7680603e-16  -4.0352159e-16  4.4975497e-17  -3.8851904e-16  -3.6552791e-16  -1.5490736e-16  -1.0066388e-16  -2.5862874e-16  -4.3023451e-16  -2.2675245e-16  
2.8816231e-16  -2.3873157e-17  -5.2128567e-16  -5.0642572e-16  -6.1776653e-16  1.0000000   -3.1147418e-17  3.0155382e-16  7.6764009e-17  7.3891895e-18  2.1394353e-16  -3.7797258e-16  -2.0522171e-16  2.4073094e-16  1.3955433e-16  -1.4355407e-16  -5.9769399e-17  -1.1735440e-17  -5.0060174e-16  -2.1644690e-16  1.0314056e-17  -1.0003196e-15  -2.7978006e-16  5.8047306e-16  -8.5955730e-17  2.2910951e-16  1.3007722e-16  4.2254684e-16  -7.6754800e-17  -7.8937833e-17  -3.0940199e-17  2.8816231e-16  -2.3873157e-17  -5.2128567e-16  -5.0642572e-16  -6.1776653e-16  1.0000000   -3.1147418e-17  3.0155382e-16  7.6764009e-17  7.3891895e-18  2.1394353e-16  -3.7797258e-16  -2.0522171e-16  2.4073094e-16  1.3955433e-16  -1.4355407e-16  -5.9769399e-17  -1.1735440e-17  -5.0060174e-16  -2.1644690e-16  1.0314056e-17  -1.0003196e-15  -2.7978006e-16  5.8047306e-16  -8.5955730e-17  2.2910951e-16  1.3007722e-16  4.2254684e-16  -7.6754800e-17  -7.8937833e-17  -3.0940199e-17  
-6.0930050e-16  -2.8301104e-16  -3.3168840e-16  4.8665812e-16  3.1325946e-16  -3.1147418e-17  1.0000000   -4.3171428e-16  1.2771313e-16  2.7684076e-16  4.6668311e-16  2.4257008e-16  -3.8440651e-17  5.0544064e-17  -4.1457895e-16  3.9359183e-16  -3.0894328e-16  -4.6600113e-16  -2.4875212e-16  -7.8320158e-16  5.2794488e-18  -2.4165838e-16  5.0803537e-16  6.0367289e-16  8.4177946e-16  -5.3654689e-16  -5.7200779e-16  -2.8346907e-16  -7.3533481e-16  1.5533893e-16  -6.5395352e-16  -6.0930050e-16  -2.8301104e-16  -3.3168840e-16  4.8665812e-16  3.1325946e-16  -3.1147418e-17  1.0000000   -4.3171428e-16  1.2771313e-16  2.7684076e-16  4.6668311e-16  2.4257008e-16  -3.8440651e-17  5.0544064e-17  -4.1457895e-16  3.9359183e-16  -3.0894328e-16  -4.6600113e-16  -2.4875212e-16  -7.8320158e-16  5.2794488e-18  -2.4165838e-16  5.0803537e-16  6.0367289e-16  8.4177946e-16  -5.3654689e-16  -5.7200779e-16  -2.8346907e-16  -7.3533481e-16  1.5533893e-16  -6.5395352e-16  
7.5714408e-17  -2.5088041e-16  2.0464156e-16  5.8644578e-16  -5.9737749e-17  3.0155382e-16  -4.3171428e-16  1.0000000   6.8993067e-16  -1.7290049e-16  -4.2087940e-16  6.7389639e-16  -3.1023793e-16  1.6808331e-16  -2.0010695e-16  -1.8470762e-16  -2.0644347e-16  -3.7055206e-16  6.6208063e-16  -2.5227222e-16  -1.3188954e-16  -7.3110940e-16  -1.0298265e-16  -4.2088464e-16  -3.5865514e-16  -5.5164848e-16  -3.9454376e-16  -9.7089957e-16  -8.6942180e-16  3.8984828e-16  -1.8468105e-16  7.5714408e-17  -2.5088041e-16  2.0464156e-16  5.8644578e-16  -5.9737749e-17  3.0155382e-16  -4.3171428e-16  1.0000000   6.8993067e-16  -1.7290049e-16  -4.2087940e-16  6.7389639e-16  -3.1023793e-16  1.6808331e-16  -2.0010695e-16  -1.8470762e-16  -2.0644347e-16  -3.7055206e-16  6.6208063e-16  -2.5227222e-16  -1.3188954e-16  -7.3110940e-16  -1.0298265e-16  -4.2088464e-16  -3.5865514e-16  -5.5164848e-16  -3.9454376e-16  -9.7089957e-16  -8.6942180e-16  3.8984828e-16  -1.8468105e-16  
-2.3761375e-18  2.2525878e-16  -6.7381105e-16  1.7043656e-17  -7.5226419e-18  7.6764009e-17  1.2771313e-16  6.8993067e-16  1.0000000   -3.7880397e-16  1.0491595e-15  -4.1982262e-18  -3.9922476e-17  3.8863097e-16  -3.6297181e-16  -1.8183147e-16  3.5740246e-16  -3.7446704e-16  9.4517735e-16  9.8666969e-17  4.4411830e-16  3.1990159e-16  1.4917218e-16  -1.1491522e-17  1.2140766e-17  -8.6481214e-17  1.3915899e-16  -4.2169138e-16  -1.1062423e-16  -3.3704217e-16  1.2659790e-16  -2.3761375e-18  2.2525878e-16  -6.7381105e-16  1.7043656e-17  -7.5226419e-18  7.6764009e-17  1.2771313e-16  6.8993067e-16  1.0000000   -3.7880397e-16  1.0491595e-15  -4.1982262e-18  -3.9922476e-17  3.8863097e-16  -3.6297181e-16  -1.8183147e-16  3.5740246e-16  -3.7446704e-16  9.4517735e-16  9.8666969e-17  4.4411830e-16  3.1990159e-16  1.4917218e-16  -1.1491522e-17  1.2140766e-17  -8.6481214e-17  1.3915899e-16  -4.2169138e-16  -1.1062423e-16  -3.3704217e-16  1.2659790e-16  
8.8135351e-17  -7.4928767e-16  -3.7074931e-16  4.0220416e-16  8.8778889e-16  7.3891895e-18  2.7684076e-16  -1.7290049e-16  -3.7880397e-16  1.0000000   1.0842832e-18  -3.4035756e-16  -2.2004398e-16  -2.4707404e-16  2.2703549e-16  1.7918617e-16  2.1040406e-16  4.0749448e-16  -8.4515045e-17  3.0659854e-16  2.6788112e-16  4.6856261e-17  7.2365603e-17  5.7133827e-16  -3.6197526e-17  -5.9667371e-16  3.0110063e-16  -2.9131276e-16  -2.4351335e-16  -9.2387750e-17  6.3847865e-17  8.8135351e-17  -7.4928767e-16  -3.7074931e-16  4.0220416e-16  8.8778889e-16  7.3891895e-18  2.7684076e-16  -1.7290049e-16  -3.7880397e-16  1.0000000   1.0842832e-18  -3.4035756e-16  -2.2004398e-16  -2.4707404e-16  2.2703549e-16  1.7918617e-16  2.1040406e-16  4.0749448e-16  -8.4515045e-17  3.0659854e-16  2.6788112e-16  4.6856261e-17  7.2365603e-17  5.7133827e-16  -3.6197526e-17  -5.9667371e-16  3.0110063e-16  -2.9131276e-16  -2.4351335e-16  -9.2387750e-17  6.3847865e-17  
