1.0000000   -5.1658786e-18  -2.9154150e-16  -1.9379555e-16  -3.1370051e-16  -4.2257645e-16  4.3444190e-16  2.1503576e-16  -1.2543251e-16  -1.6138056e-16  -8.2933605e-16  7.0812486e-16  8.1435468e-18  -7.7523441e-16  -7.2629612e-16  3.4895976e-16  -2.1284088e-16  -3.0554176e-16  -6.6363195e-16  -2.1590107e-16  -2.1697643e-16  -6.7060895e-16  -3.7726607e-16  1.2978791e-16  2.4549196e-16  -9.1754741e-16  3.8039375e-16  2.7142417e-16  5.4680330e-16  9.3546097e-17  -5.4584899e-16  1.0000000   -5.1658786e-18  -2.9154150e-16  -1.9379555e-16  -3.1370051e-16  -4.2257645e-16  4.3444190e-16  2.1503576e-16  -1.2543251e-16  -1.6138056e-16  -8.2933605e-16  7.0812486e-16  8.1435468e-18  -7.7523441e-16  -7.2629612e-16  3.4895976e-16  -2.1284088e-16  -3.0554176e-16  -6.6363195e-16  -2.1590107e-16  -2.1697643e-16  -6.7060895e-16  -3.7726607e-16  1.2978791e-16  2.4549196e-16  -9.1754741e-16  3.8039375e-16  2.7142417e-16  5.4680330e-16  9.3546097e-17  -5.4584899e-16  
-5.1658786e-18  1.0000000   2.3159076e-16  -6.0999460e-16  1.4937310e-16  -1.9410790e-16  1.0432126e-15  2.6859547e-16  3.1636146e-16  1.4400321e-16  -1.5216892e-16  5.7741959e-16  1.2413030e-16  -2.5920842e-16  3.3320109e-16  2.3096060e-16  2.4718347e-16  -5.7580856e-16  -9.9103519e-16  -1.8334770e-16  4.4405546e-16  -5.9681292e-16  -4.4125414e-17  6.3144823e-16  6.0125065e-16  -4.9322849e-17  5.3492486e-16  2.0429517e-16  -5.6092406e-16  -4.1194667e-16  1.5276540e-16  -5.1658786e-18  1.0000000   2.3159076e-16  -6.0999460e-16  1.4937310e-16  -1.9410790e-16  1.0432126e-15  2.6859547e-16  3.1636146e-16  1.4400321e-16  -1.5216892e-16  5.7741959e-16  1.2413030e-16  -2.5920842e-16  3.3320109e-16  2.3096060e-16  2.4718347e-16  -5.7580856e-16  -9.9103519e-16  -1.8334770e-16  4.4405546e-16  -5.9681292e-16  -4.4125414e-17  6.3144823e-16  6.0125065e-16  -4.9322849e-17  5.3492486e-16  2.0429517e-16  -5.6092406e-16  -4.1194667e-16  1.5276540e-16  
-2.9154150e-16  2.3159076e-16  1.0000000   4.4077783e-16  -3.3112629e-17  -4.7518028e-16  1.0594255e-16  -9.1044038e-17  1.3816113e-16  1.8843143e-16  5.8748028e-17  -9.2212671e-16  1.4426082e-16  -2.3574757e-16  -1.5424589e-16  -6.9481945e-16  4.4060841e-17  -8.6283534e-16  2.8466711e-16  7.8416434e-17  -4.9743788e-16  -2.2967982e-16  -6.2397277e-16  -3.6916716e-16  5.2971205e-16  4.5057999e-16  7.1550738e-16  -1.8934087e-16  6.1157231e-16  4.3138447e-16  -4.1692398e-16  -2.9154150e-16  2.3159076e-16  1.0000000   4.4077783e-16  -3.3112629e-17  -4.7518028e-16  1.0594255e-16  -9.1044038e-17  1.3816113e-16  1.8843143e-16  5.8748028e-17  -9.2212671e-16  1.4426082e-16  -2.3574757e-16  -1.5424589e-16  -6.9481945e-16  4.4060841e-17  -8.6283534e-16  2.8466711e-16  7.8416434e-17  -4.9743788e-16  -2.2967982e-16  -6.2397277e-16  -3.6916716e-16  5.2971205e-16  4.5057999e-16  7.1550738e-16  -1.8934087e-16  6.1157231e-16  4.3138447e-16  -4.1692398e-16  
-1.9379555e-16  -6.0999460e-16  4.4077783e-16  1.0000000   -4.8989212e-16  -6.2593142e-16  5.9050289e-16  -1.1974662e-16  -4.5780673e-16  -5.8921230e-16  3.8525069e-16  -1.4264701e-16  -2.5857682e-17  -1.9832075e-17  6.3103988e-16  -3.4944536e-16  1.6184031e-16  -3.3533545e-16  4.3524438e-16  -5.8783878e-17  -5.7536429e-16  6.7082438e-16  -3.8993586e-16  3.2000626e-17  5.9352973e-16  4.0947956e-16  1.7402515e-16  1.2846988e-16  -8.3678554e-16  1.3587774e-16  1.9818453e-16  -1.9379555e-16  -6.0999460e-16  4.4077783e-16  1.0000000   -4.8989212e-16  -6.2593142e-16  5.9050289e-16  -1.1974662e-16  -4.5780673e-16  -5.8921230e-16  3.8525069e-16  -1.4264701e-16  -2.5857682e-17  -1.9832075e-17  6.3103988e-16  -3.4944536e-16  1.6184031e-16  -3.3533545e-16  4.3524438e-16  -5.8783878e-17  -5.7536429e-16  6.7082438e-16  -3.8993586e-16  3.2000626e-17  5.9352973e-16  4.0947956e-16  1.7402515e-16  1.2846988e-16  -8.3678554e-16  1.3587774e-16  1.9818453e-16  
-3.1370051e-16  1.4937310e-16  -3.3112629e-17  -4.8989212e-16  1.0000000   5.5295964e-16  4.5604956e-16  -5.8589981e-16  3.0792521e-16  4.1382658e-16  -2.9677219e-16  -6.4263547e-16  -1.0408476e-15  3.6598669e-16  2.3216863e-16  -4.2588315e-17  -3.3288313e-16  -4.1667166e-16  3.7918163e-16  -4.7444792e-17  -8.5857655e-17  -1.7346203e-16  -4.8699326e-16  -2.9270936e-17  3.0735652e-16  -5.4836147e-17  -5.4408269e-16  5.2085824e-16  -1.4976402e-16  -6.8838679e-16  3.6942222e-17  -3.1370051e-16  1.4937310e-16  -3.3112629e-17  -4.8989212e-16  1.0000000   5.5295964e-16  4.5604956e-16  -5.8589981e-16  3.0792521e-16  4.1382658e-16  -2.9677219e-16  -6.4263547e-16  -1.0408476e-15  3.6598669e-16  2.3216863e-16  -4.2588315e-17  -3.3288313e-16  -4.1667166e-16  3.7918163e-16  -4.7444792e-17  -8.5857655e-17  -1.7346203e-16  -4.8699326e-16  -2.9270936e-17  3.0735652e-16  -5.4836147e-17  -5.4408269e-16  5.2085824e-16  -1.4976402e-16  -6.8838679e-16  3.6942222e-17  
-4.2257645e-16  -1.9410790e-16  -4.7518028e-16  -6.2593142e-16  5.5295964e-16  1.0000000   -1.4862311e-15  1.3565645e-16  2.3422130e-16  -6.0345390e-18  -6.6018228e-16  2.2097455e-16  -5.3961316e-17  -5.9553088e-16  1.4677310e-16  -6.1641752e-16  6.5346755e-16  -4.9006703e-16  6.4083959e-16  1.5700640e-16  1.0146826e-16  1.3898700e-16  -2.3195774e-16  -9.0449035e-16  -2.9376951e-16  -7.8464562e-16  4.0218391e-16  -2.4116253e-16  7.9179799e-16  6.0320657e-19  -7.1396747e-16  -4.2257645e-16  -1.9410790e-16  -4.7518028e-16  -6.2593142e-16  5.5295964e-16  1.0000000   -1.4862311e-15  1.3565645e-16  2.3422130e-16  -6.0345390e-18  -6.6018228e-16  2.2097455e-16  -5.3961316e-17  -5.9553088e-16  1.4677310e-16  -6.1641752e-16  6.5346755e-16  -4.9006703e-16  6.4083959e-16  1.5700640e-16  1.0146826e-16  1.3898700e-16  -2.3195774e-16  -9.0449035e-16  -2.9376951e-16  -7.8464562e-16  4.0218391e-16  -2.4116253e-16  7.9179799e-16  6.0320657e-19  -7.1396747e-16  
4.3444190e-16  1.0432126e-15  1.0594255e-16  5.9050289e-16  4.5604956e-16  -1.4862311e-15  1.0000000   -1.6301434e-16  2.6792216e-16  -2.9839643e-16  7.5747308e-16  -3.7275251e-16  -2.6795458e-16  1.0742819e-16  5.3344080e-16  -1.0506585e-16  -5.6945059e-16  -3.5759927e-16  1.7374825e-16  -6.7797178e-16  -5.4086825e-16  -7.8485964e-17  -6.9154494e-16  -6.9403904e-16  4.2498009e-17  -4.7438477e-18  -3.9365883e-16  1.9304361e-16  1.1717240e-16  -5.1455427e-16  2.6866483e-16  4.3444190e-16  1.0432126e-15  1.0594255e-16  5.9050289e-16  4.5604956e-16  -1.4862311e-15  1.0000000   -1.6301434e-16  2.6792216e-16  -2.9839643e-16  7.5747308e-16  -3.7275251e-16  -2.6795458e-16  1.0742819e-16  5.3344080e-16  -1.0506585e-16  -5.6945059e-16  -3.5759927e-16  1.7374825e-16  -6.7797178e-16  -5.4086825e-16  -7.8485964e-17  -6.9154494e-16  -6.9403904e-16  4.2498009e-17  -4.7438477e-18  -3.9365883e-16  1.9304361e-16  1.1717240e-16  -5.1455427e-16  2.6866483e-16  
2.1503576e-16  2.6859547e-16  -9.1044038e-17  -1.1974662e-16  -5.8589981e-16  1.3565645e-16  -1.6301434e-16  1.0000000   -6.0551540e-18  -5.1354568e-16  1.2373550e-16  -2.6953096e-16  -2.0735948e-16  7.1178381e-16  -1.4502037e-16  7.0678090e-17  -3.9509893e-16  3.1664982e-16  -2.3699492e-16  2.0071361e-16  -5.1891940e-16  1.2089747e-16  -5.7108996e-16  4.5132736e-16  -8.4525638e-17  -6.8087519e-16  1.0197613e-16  5.2498682e-17  2.5101448e-16  -5.1577141e-16  -4.0741205e-16  2.1503576e-16  2.6859547e-16  -9.1044038e-17  -1.1974662e-16  -5.8589981e-16  1.3565645e-16  -1.6301434e-16  1.0000000   -6.0551540e-18  -5.1354568e-16  1.2373550e-16  -2.6953096e-16  -2.0735948e-16  7.1178381e-16  -1.4502037e-16  7.0678090e-17  -3.9509893e-16  3.1664982e-16  -2.3699492e-16  2.0071361e-16  -5.1891940e-16  1.2089747e-16  -5.7108996e-16  4.5132736e-16  -8.4525638e-17  -6.8087519e-16  1.0197613e-16  5.2498682e-17  2.5101448e-16  -5.1577141e-16  -4.0741205e-16  
-1.2543251e-16  3.1636146e-16  1.3816113e-16  -4.5780673e-16  3.0792521e-16  2.3422130e-16  2.6792216e-16  -6.0551540e-18  1.0000000   -4.0424923e-16  7.1635487e-16  9.7868804e-17  -7.5926908e-18  -4.3402202e-16  2.5192733e-16  -1.0406748e-16  3.3417907e-16  -8.0702320e-16  -1.8007625e-16  -9.9702372e-17  -4.6718402e-16  2.4400784e-16  -2.1745550e-16  2.3570118e-16  -4.6499621e-16  -6.6970348e-16  -2.2492132e-16  7.5673081e-16  -6.8086804e-16  1.3343470e-16  -2.3688161e-16  -1.2543251e-16  3.1636146e-16  1.3816113e-16  -4.5780673e-16  3.0792521e-16  2.3422130e-16  2.6792216e-16  -6.0551540e-18  1.0000000   -4.0424923e-16  7.1635487e-16  9.7868804e-17  -7.5926908e-18  -4.3402202e-16  2.5192733e-16  -1.0406748e-16  3.3417907e-16  -8.0702320e-16  -1.8007625e-16  -9.9702372e-17  -4.6718402e-16  2.4400784e-16  -2.1745550e-16  2.3570118e-16  -4.6499621e-16  -6.6970348e-16  -2.2492132e-16  7.5673081e-16  -6.8086804e-16  1.3343470e-16  -2.3688161e-16  
-1.6138056e-16  1.4400321e-16  1.8843143e-16  -5.8921230e-16  4.1382658e-16  -6.0345390e-18  -2.9839643e-16  -5.1354568e-16  -4.0424923e-16  1.0000000   -1.7072551e-16  -5.1088996e-16  -1.1605973e-18  -1.6088468e-17  -7.2877118e-16  2.5442587e-16  8.5794921e-16  4.4862286e-16  2.9310665e-16  3.8301029e-16  -7.8417298e-16  6.4355004e-16  9.9824800e-16  -5.1432430e-17  2.4375508e-16  1.6378349e-16  -4.9480517e-16  3.5336329e-17  -1.4864061e-16  -1.1868389e-16  2.4911560e-16  -1.6138056e-16  1.4400321e-16  1.8843143e-16  -5.8921230e-16  4.1382658e-16  -6.0345390e-18  -2.9839643e-16  -5.1354568e-16  -4.0424923e-16  1.0000000   -1.7072551e-16  -5.1088996e-16  -1.1605973e-18  -1.6088468e-17  -7.2877118e-16  2.5442587e-16  8.5794921e-16  4.4862286e-16  2.9310665e-16  3.8301029e-16  -7.8417298e-16  6.4355004e-16  9.9824800e-16  -5.1432430e-17  2.4375508e-16  1.6378349e-16  -4.9480517e-16  3.5336329e-17  -1.4864061e-16  -1.1868389e-16  2.4911560e-16  
-8.2933605e-16  -1.5216892e-16  5.8748028e-17  3.8525069e-16  -2.9677219e-16  -6.6018228e-16  7.5747308e-16  1.2373550e-16  7.1635487e-16  -1.7072551e-16  1.0000000   -8.7795257e-16  -1.0037817e-15  -6.6523375e-16  -2.1573375e-16  3.5031485e-16  -3.3814642e-16  -8.2772729e-16  9.9375163e-18  2.6068487e-16  -3.6789890e-16  2.3110012e-16  -6.2169389e-16  -1.6123758e-16  1.1649540e-16  5.5361631e-16  5.5667407e-17  -1.6078547e-16  -3.1393581e-16  -3.9294727e-16  2.9342093e-16  -8.2933605e-16  -1.5216892e-16  5.8748028e-17  3.8525069e-16  -2.9677219e-16  -6.6018228e-16  7.5747308e-16  1.2373550e-16  7.1635487e-16  -1.7072551e-16  1.0000000   -8.7795257e-16  -1.0037817e-15  -6.6523375e-16  -2.1573375e-16  3.5031485e-16  -3.3814642e-16  -8.2772729e-16  9.9375163e-18  2.6068487e-16  -3.6789890e-16  2.3110012e-16  -6.2169389e-16  -1.6123758e-16  1.1649540e-16  5.5361631e-16  5.5667407e-17  -1.6078547e-16  -3.1393581e-16  -3.9294727e-16  2.9342093e-16  
7.0812486e-16  5.7741959e-16  -9.2212671e-16  -1.4264701e-16  -6.4263547e-16  2.2097455e-16  -3.7275251e-16  -2.6953096e-16  9.7868804e-17  -5.1088996e-16  -8.7795257e-16  1.0000000   -4.8509150e-16  3.9422389e-16  -6.1839004e-16  1.8345252e-16  -7.7991981e-18  2.1273036e-16  -2.8843805e-16  -2.0831432e-17  5.1574539e-17  1.4368082e-15  2.9951949e-16  1.8283920e-16  2.6896546e-16  -2.3651498e-16  -2.8384029e-16  -5.6086499e-16  -4.5732776e-16  3.7658348e-16  4.3424071e-16  7.0812486e-16  5.7741959e-16  -9.2212671e-16  -1.4264701e-16  -6.4263547e-16  2.2097455e-16  -3.7275251e-16  -2.6953096e-16  9.7868804e-17  -5.1088996e-16  -8.7795257e-16  1.0000000   -4.8509150e-16  3.9422389e-16  -6.1839004e-16  1.8345252e-16  -7.7991981e-18  2.1273036e-16  -2.8843805e-16  -2.0831432e-17  5.1574539e-17  1.4368082e-15  2.9951949e-16  1.8283920e-16  2.6896546e-16  -2.3651498e-16  -2.8384029e-16  -5.6086499e-16  -4.5732776e-16  3.7658348e-16  4.3424071e-16  
8.1435468e-18  1.2413030e-16  1.4426082e-16  -2.5857682e-17  -1.0408476e-15  -5.3961316e-17  -2.6795458e-16  -2.0735948e-16  -7.5926908e-18  -1.1605973e-18  -1.0037817e-15  -4.8509150e-16  1.0000000   -3.1424889e-16  -1.4303279e-16  3.4083702e-16  1.6099271e-16  2.6224347e-16  -2.1768969e-16  4.2209931e-17  2.0877410e-16  -2.5359075e-16  5.7413851e-16  -1.1805644e-16  -3.4359807e-16  -5.9271793e-16  1.4326102e-15  -9.4387396e-17  -2.2157340e-16  1.4696497e-16  3.1104800e-16  8.1435468e-18  1.2413030e-16  1.4426082e-16  -2.5857682e-17  -1.0408476e-15  -5.3961316e-17  -2.6795458e-16  -2.0735948e-16  -7.5926908e-18  -1.1605973e-18  -1.0037817e-15  -4.8509150e-16  1.0000000   -3.1424889e-16  -1.4303279e-16  3.4083702e-16  1.6099271e-16  2.6224347e-16  -2.1768969e-16  4.2209931e-17  2.0877410e-16  -2.5359075e-16  5.7413851e-16  -1.1805644e-16  -3.4359807e-16  -5.9271793e-16  1.4326102e-15  -9.4387396e-17  -2.2157340e-16  1.4696497e-16  3.1104800e-16  
-7.7523441e-16  -2.5920842e-16  -2.3574757e-16  -1.9832075e-17  3.6598669e-16  -5.9553088e-16  1.0742819e-16  7.1178381e-16  -4.3402202e-16  -1.6088468e-17  -6.6523375e-16  3.9422389e-16  -3.1424889e-16  1.0000000   -7.9938041e-16  -9.6868720e-17  -3.0037902e-16  3.4424722e-16  1.9731651e-16  4.8978387e-16  2.1620387e-16  5.1519005e-16  8.6046529e-16  -8.2966746e-16  -8.8068231e-16  -3.6375887e-16  -7.8205061e-16  -1.1659097e-16  -7.2572016e-17  6.2261072e-16  -9.7298593e-16  -7.7523441e-16  -2.5920842e-16  -2.3574757e-16  -1.9832075e-17  3.6598669e-16  -5.9553088e-16  1.0742819e-16  7.1178381e-16  -4.3402202e-16  -1.6088468e-17  -6.6523375e-16  3.9422389e-16  -3.1424889e-16  1.0000000   -7.9938041e-16  -9.6868720e-17  -3.0037902e-16  3.4424722e-16  1.9731651e-16  4.8978387e-16  2.1620387e-16  5.1519005e-16  8.6046529e-16  -8.2966746e-16  -8.8068231e-16  -3.6375887e-16  -7.8205061e-16  -1.1659097e-16  -7.2572016e-17  6.2261072e-16  -9.7298593e-16  
-7.2629612e-16  3.3320109e-16  -1.5424589e-16  6.3103988e-16  2.3216863e-16  1.4677310e-16  5.3344080e-16  -1.4502037e-16  2.5192733e-16  -7.2877118e-16  -2.1573375e-16  -6.1839004e-16  -1.4303279e-16  -7.9938041e-16  1.0000000   5.6031924e-17  -1.1391551e-16  -1.8617519e-16  2.0721741e-16  -1.4035719e-16  -1.4938688e-16  3.6766226e-17  -6.3192706e-16  1.1617764e-16  -1.0258055e-15  4.3024608e-16  2.1224627e-16  2.7297807e-16  3.8297173e-16  -7.8453872e-16  -3.8900902e-18  -7.2629612e-16  3.3320109e-16  -1.5424589e-16  6.3103988e-16  2.3216863e-16  1.4677310e-16  5.3344080e-16  -1.4502037e-16  2.5192733e-16  -7.2877118e-16  -2.1573375e-16  -6.1839004e-16  -1.4303279e-16  -7.9938041e-16  1.0000000   5.6031924e-17  -1.1391551e-16  -1.8617519e-16  2.0721741e-16  -1.4035719e-16  -1.4938688e-16  3.6766226e-17  -6.3192706e-16  1.1617764e-16  -1.0258055e-15  4.3024608e-16  2.1224627e-16  2.7297807e-16  3.8297173e-16  -7.8453872e-16  -3.8900902e-18  
3.4895976e-16  2.3096060e-16  -6.9481945e-16  -3.4944536e-16  -4.2588315e-17  -6.1641752e-16  -1.0506585e-16  7.0678090e-17  -1.0406748e-16  2.5442587e-16  3.5031485e-16  1.8345252e-16  3.4083702e-16  -9.6868720e-17  5.6031924e-17  1.0000000   6.9653042e-16  2.5285100e-16  3.5419427e-16  1.6022095e-16  -1.8491040e-16  5.3667334e-16  -7.5171253e-16  7.9729423e-16  7.6914298e-16  3.4313489e-16  -3.4736237e-16  -2.0182388e-16  6.9119754e-16  2.6936670e-16  5.3309920e-16  3.4895976e-16  2.3096060e-16  -6.9481945e-16  -3.4944536e-16  -4.2588315e-17  -6.1641752e-16  -1.0506585e-16  7.0678090e-17  -1.0406748e-16  2.5442587e-16  3.5031485e-16  1.8345252e-16  3.4083702e-16  -9.6868720e-17  5.6031924e-17  1.0000000   6.9653042e-16  2.5285100e-16  3.5419427e-16  1.6022095e-16  -1.8491040e-16  5.3667334e-16  -7.5171253e-16  7.9729423e-16  7.6914298e-16  3.4313489e-16  -3.4736237e-16  -2.0182388e-16  6.9119754e-16  2.6936670e-16  5.3309920e-16  
-2.1284088e-16  2.4718347e-16  4.4060841e-17  1.6184031e-16  -3.3288313e-16  6.5346755e-16  -5.6945059e-16  -3.9509893e-16  3.3417907e-16  8.5794921e-16  -3.3814642e-16  -7.7991981e-18  1.6099271e-16  -3.0037902e-16  -1.1391551e-16  6.9653042e-16  1.0000000   4.1282172e-16  3.9952882e-16  -6.9511007e-16  -8.2587458e-16  7.3136908e-17  1.4708666e-16  2.1565651e-16  -3.9073508e-16  -8.4610329e-16  -8.1855057e-17  1.0135267e-16  -1.2383707e-16  -6.4290736e-16  4.0522295e-16  -2.1284088e-16  2.4718347e-16  4.4060841e-17  1.6184031e-16  -3.3288313e-16  6.5346755e-16  -5.6945059e-16  -3.9509893e-16  3.3417907e-16  8.5794921e-16  -3.3814642e-16  -7.7991981e-18  1.6099271e-16  -3.0037902e-16  -1.1391551e-16  6.9653042e-16  1.0000000   4.1282172e-16  3.9952882e-16  -6.9511007e-16  -8.2587458e-16  7.3136908e-17  1.4708666e-16  2.1565651e-16  -3.9073508e-16  -8.4610329e-16  -8.1855057e-17  1.0135267e-16  -1.2383707e-16  -6.4290736e-16  4.0522295e-16  
-3.0554176e-16  -5.7580856e-16  -8.6283534e-16  -3.3533545e-16  -4.1667166e-16  -4.9006703e-16  -3.5759927e-16  3.1664982e-16  -8.0702320e-16  4.4862286e-16  -8.2772729e-16  2.1273036e-16  2.6224347e-16  3.4424722e-16  -1.8617519e-16  2.5285100e-16  4.1282172e-16  1.0000000   1.8010446e-16  7.2825624e-16  5.4132131e-16  -1.4071979e-16  4.0808492e-16  4.3321073e-16  -4.1989207e-16  -5.0121401e-16  2.3571859e-16  -2.4288658e-16  3.0295968e-17  3.3387265e-16  5.2944398e-17  -3.0554176e-16  -5.7580856e-16  -8.6283534e-16  -3.3533545e-16  -4.1667166e-16  -4.9006703e-16  -3.5759927e-16  3.1664982e-16  -8.0702320e-16  4.4862286e-16  -8.2772729e-16  2.1273036e-16  2.6224347e-16  3.4424722e-16  -1.8617519e-16  2.5285100e-16  4.1282172e-16  1.0000000   1.8010446e-16  7.2825624e-16  5.4132131e-16  -1.4071979e-16  4.0808492e-16  4.3321073e-16  -4.1989207e-16  -5.0121401e-16  2.3571859e-16  -2.4288658e-16  3.0295968e-17  3.3387265e-16  5.2944398e-17  
-6.6363195e-16  -9.9103519e-16  2.8466711e-16  4.3524438e-16  3.7918163e-16  6.4083959e-16  1.7374825e-16  -2.3699492e-16  -1.8007625e-16  2.9310665e-16  9.9375163e-18  -2.8843805e-16  -2.1768969e-16  1.9731651e-16  2.0721741e-16  3.5419427e-16  3.9952882e-16  1.8010446e-16  1.0000000   -2.1778766e-17  2.9875444e-16  1.0831633e-16  -2.5074679e-16  5.8204580e-16  -4.6657437e-16  -5.1406084e-16  3.0066146e-16  2.3589997e-17  -5.2154058e-16  -1.9075947e-16  1.3564881e-16  -6.6363195e-16  -9.9103519e-16  2.8466711e-16  4.3524438e-16  3.7918163e-16  6.4083959e-16  1.7374825e-16  -2.3699492e-16  -1.8007625e-16  2.9310665e-16  9.9375163e-18  -2.8843805e-16  -2.1768969e-16  1.9731651e-16  2.0721741e-16  3.5419427e-16  3.9952882e-16  1.8010446e-16  1.0000000   -2.1778766e-17  2.9875444e-16  1.0831633e-16  -2.5074679e-16  5.8204580e-16  -4.6657437e-16  -5.1406084e-16  3.0066146e-16  2.3589997e-17  -5.2154058e-16  -1.9075947e-16  1.3564881e-16  
-2.1590107e-16  -1.8334770e-16  7.8416434e-17  -5.8783878e-17  -4.7444792e-17  1.5700640e-16  -6.7797178e-16  2.0071361e-16  -9.9702372e-17  3.8301029e-16  2.6068487e-16  -2.0831432e-17  4.2209931e-17  4.8978387e-16  -1.4035719e-16  1.6022095e-16  -6.9511007e-16  7.2825624e-16  -2.1778766e-17  1.0000000   1.0034584e-15  8.2984992e-17  4.1682376e-16  7.4346825e-16  -3.6414125e-16  -2.4376695e-16  7.4785102e-16  -1.9825427e-16  -5.7027113e-16  2.9661556e-16  -7.5611235e-16  -2.1590107e-16  -1.8334770e-16  7.8416434e-17  -5.8783878e-17  -4.7444792e-17  1.5700640e-16  -6.7797178e-16  2.0071361e-16  -9.9702372e-17  3.8301029e-16  2.6068487e-16  -2.0831432e-17  4.2209931e-17  4.8978387e-16  -1.4035719e-16  1.6022095e-16  -6.9511007e-16  7.2825624e-16  -2.1778766e-17  1.0000000   1.0034584e-15  8.2984992e-17  4.1682376e-16  7.4346825e-16  -3.6414125e-16  -2.4376695e-16  7.4785102e-16  -1.9825427e-16  -5.7027113e-16  2.9661556e-16  -7.5611235e-16  
-2.1697643e-16  4.4405546e-16  -4.9743788e-16  -5.7536429e-16  -8.5857655e-17  1.0146826e-16  -5.4086825e-16  -5.1891940e-16  -4.6718402e-16  -7.8417298e-16  -3.6789890e-16  5.1574539e-17  2.0877410e-16  2.1620387e-16  -1.4938688e-16  -1.8491040e-16  -8.2587458e-16  5.4132131e-16  2.9875444e-16  1.0034584e-15  1.0000000   -7.6950067e-16  -6.2600910e-17  1.1116287e-16  -2.1437391e-16  -2.4327247e-16  -1.7930204e-16  -1.3037993e-16  -5.0304434e-16  6.2847458e-16  -3.4481716e-16  -2.1697643e-16  4.4405546e-16  -4.9743788e-16  -5.7536429e-16  -8.5857655e-17  1.0146826e-16  -5.4086825e-16  -5.1891940e-16  -4.6718402e-16  -7.8417298e-16  -3.6789890e-16  5.1574539e-17  2.0877410e-16  2.1620387e-16  -1.4938688e-16  -1.8491040e-16  -8.2587458e-16  5.4132131e-16  2.9875444e-16  1.0034584e-15  1.0000000   -7.6950067e-16  -6.2600910e-17  1.1116287e-16  -2.1437391e-16  -2.4327247e-16  -1.7930204e-16  -1.3037993e-16  -5.0304434e-16  6.2847458e-16  -3.4481716e-16  
-6.7060895e-16  -5.9681292e-16  -2.2967982e-16  6.7082438e-16  -1.7346203e-16  1.3898700e-16  -7.8485964e-17  1.2089747e-16  2.4400784e-16  6.4355004e-16  2.3110012e-16  1.4368082e-15  -2.5359075e-16  5.1519005e-16  3.6766226e-17  5.3667334e-16  7.3136908e-17  -1.4071979e-16  1.0831633e-16  8.2984992e-17  -7.6950067e-16  1.0000000   8.6590207e-16  -3.3501609e-17  -1.0035406e-15  4.4430036e-17  5.3023232e-16  8.7379110e-16  -7.3786806e-16  1.0320168e-16  -3.2332293e-16  -6.7060895e-16  -5.9681292e-16  -2.2967982e-16  6.7082438e-16  -1.7346203e-16  1.3898700e-16  -7.8485964e-17  1.2089747e-16  2.4400784e-16  6.4355004e-16  2.3110012e-16  1.4368082e-15  -2.5359075e-16  5.1519005e-16  3.6766226e-17  5.3667334e-16  7.3136908e-17  -1.4071979e-16  1.0831633e-16  8.2984992e-17  -7.6950067e-16  1.0000000   8.6590207e-16  -3.3501609e-17  -1.0035406e-15  4.4430036e-17  5.3023232e-16  8.7379110e-16  -7.3786806e-16  1.0320168e-16  -3.2332293e-16  
-3.7726607e-16  -4.4125414e-17  -6.2397277e-16  -3.8993586e-16  -4.8699326e-16  -2.3195774e-16  -6.9154494e-16  -5.7108996e-16  -2.1745550e-16  9.9824800e-16  -6.2169389e-16  2.9951949e-16  5.7413851e-16  8.6046529e-16  -6.3192706e-16  -7.5171253e-16  1.4708666e-16  4.0808492e-16  -2.5074679e-16  4.1682376e-16  -6.2600910e-17  8.6590207e-16  1.0000000   -2.3734824e-16  -4.4584625e-17  -8.8927342e-18  1.3591885e-16  4.6156831e-16  -5.4117954e-16  8.7884097e-17  1.0625200e-16  -3.7726607e-16  -4.4125414e-17  -6.2397277e-16  -3.8993586e-16  -4.8699326e-16  -2.3195774e-16  -6.9154494e-16  -5.7108996e-16  -2.1745550e-16  9.9824800e-16  -6.2169389e-16  2.9951949e-16  5.7413851e-16  8.6046529e-16  -6.3192706e-16  -7.5171253e-16  1.4708666e-16  4.0808492e-16  -2.5074679e-16  4.1682376e-16  -6.2600910e-17  8.6590207e-16  1.0000000   -2.3734824e-16  -4.4584625e-17  -8.8927342e-18  1.3591885e-16  4.6156831e-16  -5.4117954e-16  8.7884097e-17  1.0625200e-16  
1.2978791e-16  6.3144823e-16  -3.6916716e-16  3.2000626e-17  -2.9270936e-17  -9.0449035e-16  -6.9403904e-16  4.5132736e-16  2.3570118e-16  -5.1432430e-17  -1.6123758e-16  1.8283920e-16  -1.1805644e-16  -8.2966746e-16  1.1617764e-16  7.9729423e-16  2.1565651e-16  4.3321073e-16  5.8204580e-16  7.4346825e-16  1.1116287e-16  -3.3501609e-17  -2.3734824e-16  1.0000000   8.1239009e-17  1.8224513e-16  7.2781769e-17  3.3348515e-16  6.3719281e-16  1.8730051e-16  8.2767038e-16  1.2978791e-16  6.3144823e-16  -3.6916716e-16  3.2000626e-17  -2.9270936e-17  -9.0449035e-16  -6.9403904e-16  4.5132736e-16  2.3570118e-16  -5.1432430e-17  -1.6123758e-16  1.8283920e-16  -1.1805644e-16  -8.2966746e-16  1.1617764e-16  7.9729423e-16  2.1565651e-16  4.3321073e-16  5.8204580e-16  7.4346825e-16  1.1116287e-16  -3.3501609e-17  -2.3734824e-16  1.0000000   8.1239009e-17  1.8224513e-16  7.2781769e-17  3.3348515e-16  6.3719281e-16  1.8730051e-16  8.2767038e-16  
2.4549196e-16  6.0125065e-16  5.2971205e-16  5.9352973e-16  3.0735652e-16  -2.9376951e-16  4.2498009e-17  -8.4525638e-17  -4.6499621e-16  2.4375508e-16  1.1649540e-16  2.6896546e-16  -3.4359807e-16  -8.8068231e-16  -1.0258055e-15  7.6914298e-16  -3.9073508e-16  -4.1989207e-16  -4.6657437e-16  -3.6414125e-16  -2.1437391e-16  -1.0035406e-15  -4.4584625e-17  8.1239009e-17  1.0000000   -1.0361260e-16  6.9289343e-16  2.3854370e-17  -2.1584214e-16  -8.1054237e-17  1.2085853e-16  2.4549196e-16  6.0125065e-16  5.2971205e-16  5.9352973e-16  3.0735652e-16  -2.9376951e-16  4.2498009e-17  -8.4525638e-17  -4.6499621e-16  2.4375508e-16  1.1649540e-16  2.6896546e-16  -3.4359807e-16  -8.8068231e-16  -1.0258055e-15  7.6914298e-16  -3.9073508e-16  -4.1989207e-16  -4.6657437e-16  -3.6414125e-16  -2.1437391e-16  -1.0035406e-15  -4.4584625e-17  8.1239009e-17  1.0000000   -1.0361260e-16  6.9289343e-16  2.3854370e-17  -2.1584214e-16  -8.1054237e-17  1.2085853e-16  
-9.1754741e-16  -4.9322849e-17  4.5057999e-16  4.0947956e-16  -5.4836147e-17  -7.8464562e-16  -4.7438477e-18  -6.8087519e-16  -6.6970348e-16  1.6378349e-16  5.5361631e-16  -2.3651498e-16  -5.9271793e-16  -3.6375887e-16  4.3024608e-16  3.4313489e-16  -8.4610329e-16  -5.0121401e-16  -5.1406084e-16  -2.4376695e-16  -2.4327247e-16  4.4430036e-17  -8.8927342e-18  1.8224513e-16  -1.0361260e-16  1.0000000   -7.1522708e-17  -4.6938576e-16  4.4879601e-17  -2.1051185e-16  3.0646790e-16  -9.1754741e-16  -4.9322849e-17  4.5057999e-16  4.0947956e-16  -5.4836147e-17  -7.8464562e-16  -4.7438477e-18  -6.8087519e-16  -6.6970348e-16  1.6378349e-16  5.5361631e-16  -2.3651498e-16  -5.9271793e-16  -3.6375887e-16  4.3024608e-16  3.4313489e-16  -8.4610329e-16  -5.0121401e-16  -5.1406084e-16  -2.4376695e-16  -2.4327247e-16  4.4430036e-17  -8.8927342e-18  1.8224513e-16  -1.0361260e-16  1.0000000   -7.1522708e-17  -4.6938576e-16  4.4879601e-17  -2.1051185e-16  3.0646790e-16  
3.8039375e-16  5.3492486e-16  7.1550738e-16  1.7402515e-16  -5.4408269e-16  4.0218391e-16  -3.9365883e-16  1.0197613e-16  -2.2492132e-16  -4.9480517e-16  5.5667407e-17  -2.8384029e-16  1.4326102e-15  -7.8205061e-16  2.1224627e-16  -3.4736237e-16  -8.1855057e-17  2.3571859e-16  3.0066146e-16  7.4785102e-16  -1.7930204e-16  5.3023232e-16  1.3591885e-16  7.2781769e-17  6.9289343e-16  -7.1522708e-17  1.0000000   3.1066668e-16  2.4785825e-16  5.9331125e-16  3.9239267e-16  3.8039375e-16  5.3492486e-16  7.1550738e-16  1.7402515e-16  -5.4408269e-16  4.0218391e-16  -3.9365883e-16  1.0197613e-16  -2.2492132e-16  -4.9480517e-16  5.5667407e-17  -2.8384029e-16  1.4326102e-15  -7.8205061e-16  2.1224627e-16  -3.4736237e-16  -8.1855057e-17  2.3571859e-16  3.0066146e-16  7.4785102e-16  -1.7930204e-16  5.3023232e-16  1.3591885e-16  7.2781769e-17  6.9289343e-16  -7.1522708e-17  1.0000000   3.1066668e-16  2.4785825e-16  5.9331125e-16  3.9239267e-16  
2.7142417e-16  2.0429517e-16  -1.8934087e-16  1.2846988e-16  5.2085824e-16  -2.4116253e-16  1.9304361e-16  5.2498682e-17  7.5673081e-16  3.5336329e-17  -1.6078547e-16  -5.6086499e-16  -9.4387396e-17  -1.1659097e-16  2.7297807e-16  -2.0182388e-16  1.0135267e-16  -2.4288658e-16  2.3589997e-17  -1.9825427e-16  -1.3037993e-16  8.7379110e-16  4.6156831e-16  3.3348515e-16  2.3854370e-17  -4.6938576e-16  3.1066668e-16  1.0000000   3.2261037e-16  -6.1024639e-16  4.8351237e-16  2.7142417e-16  2.0429517e-16  -1.8934087e-16  1.2846988e-16  5.2085824e-16  -2.4116253e-16  1.9304361e-16  5.2498682e-17  7.5673081e-16  3.5336329e-17  -1.6078547e-16  -5.6086499e-16  -9.4387396e-17  -1.1659097e-16  2.7297807e-16  -2.0182388e-16  1.0135267e-16  -2.4288658e-16  2.3589997e-17  -1.9825427e-16  -1.3037993e-16  8.7379110e-16  4.6156831e-16  3.3348515e-16  2.3854370e-17  -4.6938576e-16  3.1066668e-16  1.0000000   3.2261037e-16  -6.1024639e-16  4.8351237e-16  
5.4680330e-16  -5.6092406e-16  6.1157231e-16  -8.3678554e-16  -1.4976402e-16  7.9179799e-16  1.1717240e-16  2.5101448e-16  -6.8086804e-16  -1.4864061e-16  -3.1393581e-16  -4.5732776e-16  -2.2157340e-16  -7.2572016e-17  3.8297173e-16  6.9119754e-16  -1.2383707e-16  3.0295968e-17  -5.2154058e-16  -5.7027113e-16  -5.0304434e-16  -7.3786806e-16  -5.4117954e-16  6.3719281e-16  -2.1584214e-16  4.4879601e-17  2.4785825e-16  3.2261037e-16  1.0000000   -2.1537034e-16  -1.0888219e-16  5.4680330e-16  -5.6092406e-16  6.1157231e-16  -8.3678554e-16  -1.4976402e-16  7.9179799e-16  1.1717240e-16  2.5101448e-16  -6.8086804e-16  -1.4864061e-16  -3.1393581e-16  -4.5732776e-16  -2.2157340e-16  -7.2572016e-17  3.8297173e-16  6.9119754e-16  -1.2383707e-16  3.0295968e-17  -5.2154058e-16  -5.7027113e-16  -5.0304434e-16  -7.3786806e-16  -5.4117954e-16  6.3719281e-16  -2.1584214e-16  4.4879601e-17  2.4785825e-16  3.2261037e-16  1.0000000   -2.1537034e-16  -1.0888219e-16  
9.3546097e-17  -4.1194667e-16  4.3138447e-16  1.3587774e-16  -6.8838679e-16  6.0320657e-19  -5.1455427e-16  -5.1577141e-16  1.3343470e-16  -1.1868389e-16  -3.9294727e-16  3.7658348e-16  1.4696497e-16  6.2261072e-16  -7.8453872e-16  2.6936670e-16  -6.4290736e-16  3.3387265e-16  -1.9075947e-16  2.9661556e-16  6.2847458e-16  1.0320168e-16  8.7884097e-17  1.8730051e-16  -8.1054237e-17  -2.1051185e-16  5.9331125e-16  -6.1024639e-16  -2.1537034e-16  1.0000000   -1.9514040e-16  9.3546097e-17  -4.1194667e-16  4.3138447e-16  1.3587774e-16  -6.8838679e-16  6.0320657e-19  -5.1455427e-16  -5.1577141e-16  1.3343470e-16  -1.1868389e-16  -3.9294727e-16  3.7658348e-16  1.4696497e-16  6.2261072e-16  -7.8453872e-16  2.6936670e-16  -6.4290736e-16  3.3387265e-16  -1.9075947e-16  2.9661556e-16  6.2847458e-16  1.0320168e-16  8.7884097e-17  1.8730051e-16  -8.1054237e-17  -2.1051185e-16  5.9331125e-16  -6.1024639e-16  -2.1537034e-16  1.0000000   -1.9514040e-16  
-5.4584899e-16  1.5276540e-16  -4.1692398e-16  1.9818453e-16  3.6942222e-17  -7.1396747e-16  2.6866483e-16  -4.0741205e-16  -2.3688161e-16  2.4911560e-16  2.9342093e-16  4.3424071e-16  3.1104800e-16  -9.7298593e-16  -3.8900902e-18  5.3309920e-16  4.0522295e-16  5.2944398e-17  1.3564881e-16  -7.5611235e-16  -3.4481716e-16  -3.2332293e-16  1.0625200e-16  8.2767038e-16  1.2085853e-16  3.0646790e-16  3.9239267e-16  4.8351237e-16  -1.0888219e-16  -1.9514040e-16  1.0000000   -5.4584899e-16  1.5276540e-16  -4.1692398e-16  1.9818453e-16  3.6942222e-17  -7.1396747e-16  2.6866483e-16  -4.0741205e-16  -2.3688161e-16  2.4911560e-16  2.9342093e-16  4.3424071e-16  3.1104800e-16  -9.7298593e-16  -3.8900902e-18  5.3309920e-16  4.0522295e-16  5.2944398e-17  1.3564881e-16  -7.5611235e-16  -3.4481716e-16  -3.2332293e-16  1.0625200e-16  8.2767038e-16  1.2085853e-16  3.0646790e-16  3.9239267e-16  4.8351237e-16  -1.0888219e-16  -1.9514040e-16  1.0000000   
1.0000000   -5.1658786e-18  -2.9154150e-16  -1.9379555e-16  -3.1370051e-16  -4.2257645e-16  4.3444190e-16  2.1503576e-16  -1.2543251e-16  -1.6138056e-16  -8.2933605e-16  7.0812486e-16  8.1435468e-18  -7.7523441e-16  -7.2629612e-16  3.4895976e-16  -2.1284088e-16  -3.0554176e-16  -6.6363195e-16  -2.1590107e-16  -2.1697643e-16  -6.7060895e-16  -3.7726607e-16  1.2978791e-16  2.4549196e-16  -9.1754741e-16  3.8039375e-16  2.7142417e-16  5.4680330e-16  9.3546097e-17  -5.4584899e-16  1.0000000   -5.1658786e-18  -2.9154150e-16  -1.9379555e-16  -3.1370051e-16  -4.2257645e-16  4.3444190e-16  2.1503576e-16  -1.2543251e-16  -1.6138056e-16  -8.2933605e-16  7.0812486e-16  8.1435468e-18  -7.7523441e-16  -7.2629612e-16  3.4895976e-16  -2.1284088e-16  -3.0554176e-16  -6.6363195e-16  -2.1590107e-16  -2.1697643e-16  -6.7060895e-16  -3.7726607e-16  1.2978791e-16  2.4549196e-16  -9.1754741e-16  3.8039375e-16  2.7142417e-16  5.4680330e-16  9.3546097e-17  -5.4584899e-16  
-5.1658786e-18  1.0000000   2.3159076e-16  -6.0999460e-16  1.4937310e-16  -1.9410790e-16  1.0432126e-15  2.6859547e-16  3.1636146e-16  1.4400321e-16  -1.5216892e-16  5.7741959e-16  1.2413030e-16  -2.5920842e-16  3.3320109e-16  2.3096060e-16  2.4718347e-16  -5.7580856e-16  -9.9103519e-16  -1.8334770e-16  4.4405546e-16  -5.9681292e-16  -4.4125414e-17  6.3144823e-16  6.0125065e-16  -4.9322849e-17  5.3492486e-16  2.0429517e-16  -5.6092406e-16  -4.1194667e-16  1.5276540e-16  -5.1658786e-18  1.0000000   2.3159076e-16  -6.0999460e-16  1.4937310e-16  -1.9410790e-16  1.0432126e-15  2.6859547e-16  3.1636146e-16  1.4400321e-16  -1.5216892e-16  5.7741959e-16  1.2413030e-16  -2.5920842e-16  3.3320109e-16  2.3096060e-16  2.4718347e-16  -5.7580856e-16  -9.9103519e-16  -1.8334770e-16  4.4405546e-16  -5.9681292e-16  -4.4125414e-17  6.3144823e-16  6.0125065e-16  -4.9322849e-17  5.3492486e-16  2.0429517e-16  -5.6092406e-16  -4.1194667e-16  1.5276540e-16  
-2.9154150e-16  2.3159076e-16  1.0000000   4.4077783e-16  -3.3112629e-17  -4.7518028e-16  1.0594255e-16  -9.1044038e-17  1.3816113e-16  1.8843143e-16  5.8748028e-17  -9.2212671e-16  1.4426082e-16  -2.3574757e-16  -1.5424589e-16  -6.9481945e-16  4.4060841e-17  -8.6283534e-16  2.8466711e-16  7.8416434e-17  -4.9743788e-16  -2.2967982e-16  -6.2397277e-16  -3.6916716e-16  5.2971205e-16  4.5057999e-16  7.1550738e-16  -1.8934087e-16  6.1157231e-16  4.3138447e-16  -4.1692398e-16  -2.9154150e-16  2.3159076e-16  1.0000000   4.4077783e-16  -3.3112629e-17  -4.7518028e-16  1.0594255e-16  -9.1044038e-17  1.3816113e-16  1.8843143e-16  5.8748028e-17  -9.2212671e-16  1.4426082e-16  -2.3574757e-16  -1.5424589e-16  -6.9481945e-16  4.4060841e-17  -8.6283534e-16  2.8466711e-16  7.8416434e-17  -4.9743788e-16  -2.2967982e-16  -6.2397277e-16  -3.6916716e-16  5.2971205e-16  4.5057999e-16  7.1550738e-16  -1.8934087e-16  6.1157231e-16  4.3138447e-16  -4.1692398e-16  
-1.9379555e-16  -6.0999460e-16  4.4077783e-16  1.0000000   -4.8989212e-16  -6.2593142e-16  5.9050289e-16  -1.1974662e-16  -4.5780673e-16  -5.8921230e-16  3.8525069e-16  -1.4264701e-16  -2.5857682e-17  -1.9832075e-17  6.3103988e-16  -3.4944536e-16  1.6184031e-16  -3.3533545e-16  4.3524438e-16  -5.8783878e-17  -5.7536429e-16  6.7082438e-16  -3.8993586e-16  3.2000626e-17  5.9352973e-16  4.0947956e-16  1.7402515e-16  1.2846988e-16  -8.3678554e-16  1.3587774e-16  1.9818453e-16  -1.9379555e-16  -6.0999460e-16  4.4077783e-16  1.0000000   -4.8989212e-16  -6.2593142e-16  5.9050289e-16  -1.1974662e-16  -4.5780673e-16  -5.8921230e-16  3.8525069e-16  -1.4264701e-16  -2.5857682e-17  -1.9832075e-17  6.3103988e-16  -3.4944536e-16  1.6184031e-16  -3.3533545e-16  4.3524438e-16  -5.8783878e-17  -5.7536429e-16  6.7082438e-16  -3.8993586e-16  3.2000626e-17  5.9352973e-16  4.0947956e-16  1.7402515e-16  1.2846988e-16  -8.3678554e-16  1.3587774e-16  1.9818453e-16  
-3.1370051e-16  1.4937310e-16  -3.3112629e-17  -4.8989212e-16  1.0000000   5.5295964e-16  4.5604956e-16  -5.8589981e-16  3.0792521e-16  4.1382658e-16  -2.9677219e-16  -6.4263547e-16  -1.0408476e-15  3.6598669e-16  2.3216863e-16  -4.2588315e-17  -3.3288313e-16  -4.1667166e-16  3.7918163e-16  -4.7444792e-17  -8.5857655e-17  -1.7346203e-16  -4.8699326e-16  -2.9270936e-17  3.0735652e-16  -5.4836147e-17  -5.4408269e-16  5.2085824e-16  -1.4976402e-16  -6.8838679e-16  3.6942222e-17  -3.1370051e-16  1.4937310e-16  -3.3112629e-17  -4.8989212e-16  1.0000000   5.5295964e-16  4.5604956e-16  -5.8589981e-16  3.0792521e-16  4.1382658e-16  -2.9677219e-16  -6.4263547e-16  -1.0408476e-15  3.6598669e-16  2.3216863e-16  -4.2588315e-17  -3.3288313e-16  -4.1667166e-16  3.7918163e-16  -4.7444792e-17  -8.5857655e-17  -1.7346203e-16  -4.8699326e-16  -2.9270936e-17  3.0735652e-16  -5.4836147e-17  -5.4408269e-16  5.2085824e-16  -1.4976402e-16  -6.8838679e-16  3.6942222e-17  
-4.2257645e-16  -1.9410790e-16  -4.7518028e-16  -6.2593142e-16  5.5295964e-16  1.0000000   -1.4862311e-15  1.3565645e-16  2.3422130e-16  -6.0345390e-18  -6.6018228e-16  2.2097455e-16  -5.3961316e-17  -5.9553088e-16  1.4677310e-16  -6.1641752e-16  6.5346755e-16  -4.9006703e-16  6.4083959e-16  1.5700640e-16  1.0146826e-16  1.3898700e-16  -2.3195774e-16  -9.0449035e-16  -2.9376951e-16  -7.8464562e-16  4.0218391e-16  -2.4116253e-16  7.9179799e-16  6.0320657e-19  -7.1396747e-16  -4.2257645e-16  -1.9410790e-16  -4.7518028e-16  -6.2593142e-16  5.5295964e-16  1.0000000   -1.4862311e-15  1.3565645e-16  2.3422130e-16  -6.0345390e-18  -6.6018228e-16  2.2097455e-16  -5.3961316e-17  -5.9553088e-16  1.4677310e-16  -6.1641752e-16  6.5346755e-16  -4.9006703e-16  6.4083959e-16  1.5700640e-16  1.0146826e-16  1.3898700e-16  -2.3195774e-16  -9.0449035e-16  -2.9376951e-16  -7.8464562e-16  4.0218391e-16  -2.4116253e-16  7.9179799e-16  6.0320657e-19  -7.1396747e-16  
4.3444190e-16  1.0432126e-15  1.0594255e-16  5.9050289e-16  4.5604956e-16  -1.4862311e-15  1.0000000   -1.6301434e-16  2.6792216e-16  -2.9839643e-16  7.5747308e-16  -3.7275251e-16  -2.6795458e-16  1.0742819e-16  5.3344080e-16  -1.0506585e-16  -5.6945059e-16  -3.5759927e-16  1.7374825e-16  -6.7797178e-16  -5.4086825e-16  -7.8485964e-17  -6.9154494e-16  -6.9403904e-16  4.2498009e-17  -4.7438477e-18  -3.9365883e-16  1.9304361e-16  1.1717240e-16  -5.1455427e-16  2.6866483e-16  4.3444190e-16  1.0432126e-15  1.0594255e-16  5.9050289e-16  4.5604956e-16  -1.4862311e-15  1.0000000   -1.6301434e-16  2.6792216e-16  -2.9839643e-16  7.5747308e-16  -3.7275251e-16  -2.6795458e-16  1.0742819e-16  5.3344080e-16  -1.0506585e-16  -5.6945059e-16  -3.5759927e-16  1.7374825e-16  -6.7797178e-16  -5.4086825e-16  -7.8485964e-17  -6.9154494e-16  -6.9403904e-16  4.2498009e-17  -4.7438477e-18  -3.9365883e-16  1.9304361e-16  1.1717240e-16  -5.1455427e-16  2.6866483e-16  
2.1503576e-16  2.6859547e-16  -9.1044038e-17  -1.1974662e-16  -5.8589981e-16  1.3565645e-16  -1.6301434e-16  1.0000000   -6.0551540e-18  -5.1354568e-16  1.2373550e-16  -2.6953096e-16  -2.0735948e-16  7.1178381e-16  -1.4502037e-16  7.0678090e-17  -3.9509893e-16  3.1664982e-16  -2.3699492e-16  2.0071361e-16  -5.1891940e-16  1.2089747e-16  -5.7108996e-16  4.5132736e-16  -8.4525638e-17  -6.8087519e-16  1.0197613e-16  5.2498682e-17  2.5101448e-16  -5.1577141e-16  -4.0741205e-16  2.1503576e-16  2.6859547e-16  -9.1044038e-17  -1.1974662e-16  -5.8589981e-16  1.3565645e-16  -1.6301434e-16  1.0000000   -6.0551540e-18  -5.1354568e-16  1.2373550e-16  -2.6953096e-16  -2.0735948e-16  7.1178381e-16  -1.4502037e-16  7.0678090e-17  -3.9509893e-16  3.1664982e-16  -2.3699492e-16  2.0071361e-16  -5.1891940e-16  1.2089747e-16  -5.7108996e-16  4.5132736e-16  -8.4525638e-17  -6.8087519e-16  1.0197613e-16  5.2498682e-17  2.5101448e-16  -5.1577141e-16  -4.0741205e-16  
-1.2543251e-16  3.1636146e-16  1.3816113e-16  -4.5780673e-16  3.0792521e-16  2.3422130e-16  2.6792216e-16  -6.0551540e-18  1.0000000   -4.0424923e-16  7.1635487e-16  9.7868804e-17  -7.5926908e-18  -4.3402202e-16  2.5192733e-16  -1.0406748e-16  3.3417907e-16  -8.0702320e-16  -1.8007625e-16  -9.9702372e-17  -4.6718402e-16  2.4400784e-16  -2.1745550e-16  2.3570118e-16  -4.6499621e-16  -6.6970348e-16  -2.2492132e-16  7.5673081e-16  -6.8086804e-16  1.3343470e-16  -2.3688161e-16  -1.2543251e-16  3.1636146e-16  1.3816113e-16  -4.5780673e-16  3.0792521e-16  2.3422130e-16  2.6792216e-16  -6.0551540e-18  1.0000000   -4.0424923e-16  7.1635487e-16  9.7868804e-17  -7.5926908e-18  -4.3402202e-16  2.5192733e-16  -1.0406748e-16  3.3417907e-16  -8.0702320e-16  -1.8007625e-16  -9.9702372e-17  -4.6718402e-16  2.4400784e-16  -2.1745550e-16  2.3570118e-16  -4.6499621e-16  -6.6970348e-16  -2.2492132e-16  7.5673081e-16  -6.8086804e-16  1.3343470e-16  -2.3688161e-16  
-1.6138056e-16  1.4400321e-16  1.8843143e-16  -5.8921230e-16  4.1382658e-16  -6.0345390e-18  -2.9839643e-16  -5.1354568e-16  -4.0424923e-16  1.0000000   -1.7072551e-16  -5.1088996e-16  -1.1605973e-18  -1.6088468e-17  -7.2877118e-16  2.5442587e-16  8.5794921e-16  4.4862286e-16  2.9310665e-16  3.8301029e-16  -7.8417298e-16  6.4355004e-16  9.9824800e-16  -5.1432430e-17  2.4375508e-16  1.6378349e-16  -4.9480517e-16  3.5336329e-17  -1.4864061e-16  -1.1868389e-16  2.4911560e-16  -1.6138056e-16  1.4400321e-16  1.8843143e-16  -5.8921230e-16  4.1382658e-16  -6.0345390e-18  -2.9839643e-16  -5.1354568e-16  -4.0424923e-16  1.0000000   -1.7072551e-16  -5.1088996e-16  -1.1605973e-18  -1.6088468e-17  -7.2877118e-16  2.5442587e-16  8.5794921e-16  4.4862286e-16  2.9310665e-16  3.8301029e-16  -7.8417298e-16  6.4355004e-16  9.9824800e-16  -5.1432430e-17  2.4375508e-16  1.6378349e-16  -4.9480517e-16  3.5336329e-17  -1.4864061e-16  -1.1868389e-16  2.4911560e-16  
