1.0000000   -3.1504574e-16  6.1124209e-16  -5.3546743e-18  6.2893473e-16  -1.0371992e-16  -9.6083604e-17  -5.4305525e-16  -7.2117814e-17  -6.5060961e-16  -3.2503553e-17  1.6692814e-16  1.9004349e-16  3.3999945e-16  -4.3251653e-17  -4.4110068e-17  -3.9608349e-16  7.6213781e-17  5.1077504e-16  -9.2646287e-17  4.3053312e-16  3.7300930e-16  -6.6599551e-16  -2.1044666e-16  3.8549394e-16  -4.3152046e-16  -1.4784101e-16  -3.6583341e-16  -1.4787501e-17  7.1362173e-17  -7.6956990e-16  1.0000000   -3.1504574e-16  6.1124209e-16  -5.3546743e-18  6.2893473e-16  -1.0371992e-16  -9.6083604e-17  -5.4305525e-16  -7.2117814e-17  -6.5060961e-16  -3.2503553e-17  1.6692814e-16  1.9004349e-16  3.3999945e-16  -4.3251653e-17  -4.4110068e-17  -3.9608349e-16  7.6213781e-17  5.1077504e-16  -9.2646287e-17  4.3053312e-16  3.7300930e-16  -6.6599551e-16  -2.1044666e-16  3.8549394e-16  -4.3152046e-16  -1.4784101e-16  -3.6583341e-16  -1.4787501e-17  7.1362173e-17  -7.6956990e-16  
-3.1504574e-16  1.0000000   -3.6189692e-16  -5.5047450e-17  -2.9371857e-16  -1.9634511e-16  -5.1782603e-17  -5.6554431e-16  5.2263256e-16  -1.6610090e-16  2.5095385e-16  -1.1887344e-16  9.1261815e-17  1.0373717e-16  8.7241469e-17  3.7862350e-16  -1.5244038e-16  7.5140500e-16  2.6982286e-16  7.9958185e-17  -6.3052245e-16  -7.7035127e-16  6.1810352e-16  -1.0178347e-16  -2.4381099e-17  8.3529151e-16  -3.3390916e-17  -6.8887558e-17  -3.9448564e-16  1.9232373e-16  2.1440149e-16  -3.1504574e-16  1.0000000   -3.6189692e-16  -5.5047450e-17  -2.9371857e-16  -1.9634511e-16  -5.1782603e-17  -5.6554431e-16  5.2263256e-16  -1.6610090e-16  2.5095385e-16  -1.1887344e-16  9.1261815e-17  1.0373717e-16  8.7241469e-17  3.7862350e-16  -1.5244038e-16  7.5140500e-16  2.6982286e-16  7.9958185e-17  -6.3052245e-16  -7.7035127e-16  6.1810352e-16  -1.0178347e-16  -2.4381099e-17  8.3529151e-16  -3.3390916e-17  -6.8887558e-17  -3.9448564e-16  1.9232373e-16  2.1440149e-16  
6.1124209e-16  -3.6189692e-16  1.0000000   -9.3554997e-17  -3.3823646e-16  4.4230819e-16  3.6453435e-16  3.1284322e-16  6.9687167e-17  3.5327753e-16  1.4422112e-16  -3.7777812e-16  3.9259543e-16  3.2725702e-16  1.3715487e-16  1.9790852e-16  4.1320637e-16  6.7358438e-16  1.3207130e-16  1.1304874e-17  3.6935604e-16  -3.0323573e-16  1.5024064e-16  2.4546007e-16  2.9791059e-18  3.4909831e-16  5.2130142e-16  -2.4617116e-16  4.1036816e-16  -1.9351127e-16  -5.8259507e-16  6.1124209e-16  -3.6189692e-16  1.0000000   -9.3554997e-17  -3.3823646e-16  4.4230819e-16  3.6453435e-16  3.1284322e-16  6.9687167e-17  3.5327753e-16  1.4422112e-16  -3.7777812e-16  3.9259543e-16  3.2725702e-16  1.3715487e-16  1.9790852e-16  4.1320637e-16  6.7358438e-16  1.3207130e-16  1.1304874e-17  3.6935604e-16  -3.0323573e-16  1.5024064e-16  2.4546007e-16  2.9791059e-18  3.4909831e-16  5.2130142e-16  -2.4617116e-16  4.1036816e-16  -1.9351127e-16  -5.8259507e-16  
-5.3546743e-18  -5.5047450e-17  -9.3554997e-17  1.0000000   -7.3706800e-17  -7.9560242e-16  3.7648009e-16  -3.1623700e-16  -5.7548681e-16  -1.8704740e-16  -4.2672765e-16  1.0008787e-15  9.3387070e-17  -2.8176184e-17  7.0891228e-17  2.1430030e-16  -1.2497000e-16  7.5571803e-17  3.2046798e-16  2.8140684e-18  -1.0044487e-16  -8.6602716e-17  -2.2622431e-16  4.7184297e-16  -1.8293887e-17  5.2057053e-17  6.2376879e-16  -4.0147426e-17  -1.7473002e-16  -1.1256552e-17  4.9383289e-16  -5.3546743e-18  -5.5047450e-17  -9.3554997e-17  1.0000000   -7.3706800e-17  -7.9560242e-16  3.7648009e-16  -3.1623700e-16  -5.7548681e-16  -1.8704740e-16  -4.2672765e-16  1.0008787e-15  9.3387070e-17  -2.8176184e-17  7.0891228e-17  2.1430030e-16  -1.2497000e-16  7.5571803e-17  3.2046798e-16  2.8140684e-18  -1.0044487e-16  -8.6602716e-17  -2.2622431e-16  4.7184297e-16  -1.8293887e-17  5.2057053e-17  6.2376879e-16  -4.0147426e-17  -1.7473002e-16  -1.1256552e-17  4.9383289e-16  
6.2893473e-16  -2.9371857e-16  -3.3823646e-16  -7.3706800e-17  1.0000000   4.5382454e-16  5.5442576e-16  8.0001268e-16  -5.9217397e-18  3.7418774e-16  1.2575541e-17  -9.0159824e-17  -3.7383418e-16  2.4404395e-16  1.4037232e-16  -4.3170377e-16  -5.3955047e-16  -1.1150632e-16  -3.5126821e-17  -2.2981303e-16  7.0067045e-18  -2.3862907e-16  2.5716962e-16  -4.7135691e-16  -1.4901866e-16  1.4471570e-16  3.7131816e-16  -1.4844795e-17  3.0652115e-16  8.2881565e-17  -4.9002720e-16  6.2893473e-16  -2.9371857e-16  -3.3823646e-16  -7.3706800e-17  1.0000000   4.5382454e-16  5.5442576e-16  8.0001268e-16  -5.9217397e-18  3.7418774e-16  1.2575541e-17  -9.0159824e-17  -3.7383418e-16  2.4404395e-16  1.4037232e-16  -4.3170377e-16  -5.3955047e-16  -1.1150632e-16  -3.5126821e-17  -2.2981303e-16  7.0067045e-18  -2.3862907e-16  2.5716962e-16  -4.7135691e-16  -1.4901866e-16  1.4471570e-16  3.7131816e-16  -1.4844795e-17  3.0652115e-16  8.2881565e-17  -4.9002720e-16  
-1.0371992e-16  -1.9634511e-16  4.4230819e-16  -7.9560242e-16  4.5382454e-16  1.0000000   2.6323482e-16  4.8577939e-16  -1.8186894e-16  -4.7788371e-16  -2.4648107e-16  -2.5407953e-16  -3.9844818e-16  -2.5837669e-16  1.9744727e-16  -1.0144872e-15  1.5315632e-16  3.1995528e-16  1.9496638e-16  4.4400853e-16  -6.6231500e-16  -7.4977520e-18  -1.1222148e-16  4.3482827e-17  1.5891070e-16  -4.1389259e-16  6.1470689e-16  -1.1754915e-16  -1.2500166e-16  -1.9258214e-17  4.9920693e-16  -1.0371992e-16  -1.9634511e-16  4.4230819e-16  -7.9560242e-16  4.5382454e-16  1.0000000   2.6323482e-16  4.8577939e-16  -1.8186894e-16  -4.7788371e-16  -2.4648107e-16  -2.5407953e-16  -3.9844818e-16  -2.5837669e-16  1.9744727e-16  -1.0144872e-15  1.5315632e-16  3.1995528e-16  1.9496638e-16  4.4400853e-16  -6.6231500e-16  -7.4977520e-18  -1.1222148e-16  4.3482827e-17  1.5891070e-16  -4.1389259e-16  6.1470689e-16  -1.1754915e-16  -1.2500166e-16  -1.9258214e-17  4.9920693e-16  
-9.6083604e-17  -5.1782603e-17  3.6453435e-16  3.7648009e-16  5.5442576e-16  2.6323482e-16  1.0000000   4.1420554e-16  4.8449000e-16  -1.6257877e-16  -6.3512178e-17  5.5372243e-17  3.2781780e-16  -9.3063159e-17  1.2287631e-16  1.1220370e-16  2.4256146e-16  5.4198464e-16  -4.4595624e-16  -4.8978704e-18  1.3200406e-16  4.3765671e-17  -1.4522867e-16  5.3481626e-16  2.3205894e-16  5.7644938e-16  5.8008384e-16  5.5904007e-17  -3.1220562e-16  6.2021536e-17  3.0025797e-16  -9.6083604e-17  -5.1782603e-17  3.6453435e-16  3.7648009e-16  5.5442576e-16  2.6323482e-16  1.0000000   4.1420554e-16  4.8449000e-16  -1.6257877e-16  -6.3512178e-17  5.5372243e-17  3.2781780e-16  -9.3063159e-17  1.2287631e-16  1.1220370e-16  2.4256146e-16  5.4198464e-16  -4.4595624e-16  -4.8978704e-18  1.3200406e-16  4.3765671e-17  -1.4522867e-16  5.3481626e-16  2.3205894e-16  5.7644938e-16  5.8008384e-16  5.5904007e-17  -3.1220562e-16  6.2021536e-17  3.0025797e-16  
-5.4305525e-16  -5.6554431e-16  3.1284322e-16  -3.1623700e-16  8.0001268e-16  4.8577939e-16  4.1420554e-16  1.0000000   -3.7110698e-16  -6.4849968e-16  -1.6081685e-16  -4.5071138e-16  -5.9475217e-16  4.1255932e-17  -2.1773789e-17  1.2598975e-16  -2.9014910e-17  2.2837605e-16  2.9333504e-16  -2.4237920e-16  1.0086576e-16  3.0849411e-16  1.0455061e-16  1.3294634e-16  6.8162644e-18  -3.4523326e-16  -9.1523882e-17  -2.0514521e-16  1.1383838e-15  -7.4899634e-17  1.2047626e-16  -5.4305525e-16  -5.6554431e-16  3.1284322e-16  -3.1623700e-16  8.0001268e-16  4.8577939e-16  4.1420554e-16  1.0000000   -3.7110698e-16  -6.4849968e-16  -1.6081685e-16  -4.5071138e-16  -5.9475217e-16  4.1255932e-17  -2.1773789e-17  1.2598975e-16  -2.9014910e-17  2.2837605e-16  2.9333504e-16  -2.4237920e-16  1.0086576e-16  3.0849411e-16  1.0455061e-16  1.3294634e-16  6.8162644e-18  -3.4523326e-16  -9.1523882e-17  -2.0514521e-16  1.1383838e-15  -7.4899634e-17  1.2047626e-16  
-7.2117814e-17  5.2263256e-16  6.9687167e-17  -5.7548681e-16  -5.9217397e-18  -1.8186894e-16  4.8449000e-16  -3.7110698e-16  1.0000000   4.8709369e-17  -3.2661710e-16  4.6103879e-16  -2.7399958e-16  1.6023634e-16  -2.6072956e-16  -2.4461353e-16  1.0735460e-16  3.3081423e-16  -7.3179381e-16  1.1319649e-17  -1.5233909e-16  -8.2701959e-16  -2.4158170e-16  -3.2593481e-16  -6.8328073e-17  -5.2100348e-16  -5.6732874e-16  -5.8081826e-16  -3.2917896e-16  2.9961792e-16  4.4586345e-16  -7.2117814e-17  5.2263256e-16  6.9687167e-17  -5.7548681e-16  -5.9217397e-18  -1.8186894e-16  4.8449000e-16  -3.7110698e-16  1.0000000   4.8709369e-17  -3.2661710e-16  4.6103879e-16  -2.7399958e-16  1.6023634e-16  -2.6072956e-16  -2.4461353e-16  1.0735460e-16  3.3081423e-16  -7.3179381e-16  1.1319649e-17  -1.5233909e-16  -8.2701959e-16  -2.4158170e-16  -3.2593481e-16  -6.8328073e-17  -5.2100348e-16  -5.6732874e-16  -5.8081826e-16  -3.2917896e-16  2.9961792e-16  4.4586345e-16  
-6.5060961e-16  -1.6610090e-16  3.5327753e-16  -1.8704740e-16  3.7418774e-16  -4.7788371e-16  -1.6257877e-16  -6.4849968e-16  4.8709369e-17  1.0000000   2.8764682e-16  -9.7696499e-17  -7.1822454e-16  2.9062897e-16  3.1317783e-17  4.4357145e-16  4.8577739e-16  -2.9035779e-16  -5.4631109e-16  -3.6174947e-16  -4.6294003e-17  -4.4627076e-16  1.8936553e-17  -2.9995869e-16  4.2073578e-16  8.1991504e-17  -7.2639090e-17  5.6745856e-16  3.4468700e-16  -1.0520559e-16  -2.1980448e-16  -6.5060961e-16  -1.6610090e-16  3.5327753e-16  -1.8704740e-16  3.7418774e-16  -4.7788371e-16  -1.6257877e-16  -6.4849968e-16  4.8709369e-17  1.0000000   2.8764682e-16  -9.7696499e-17  -7.1822454e-16  2.9062897e-16  3.1317783e-17  4.4357145e-16  4.8577739e-16  -2.9035779e-16  -5.4631109e-16  -3.6174947e-16  -4.6294003e-17  -4.4627076e-16  1.8936553e-17  -2.9995869e-16  4.2073578e-16  8.1991504e-17  -7.2639090e-17  5.6745856e-16  3.4468700e-16  -1.0520559e-16  -2.1980448e-16  
-3.2503553e-17  2.5095385e-16  1.4422112e-16  -4.2672765e-16  1.2575541e-17  -2.4648107e-16  -6.3512178e-17  -1.6081685e-16  -3.2661710e-16  2.8764682e-16  1.0000000   6.2707124e-16  2.9769466e-16  -2.0212066e-16  6.9034816e-16  -4.6050516e-16  -2.0938724e-16  4.0326218e-16  -7.1457334e-16  8.8028114e-17  6.7155071e-16  1.6468858e-16  9.5950013e-17  8.5202650e-16  -4.2152823e-16  -1.7709179e-16  2.5391583e-16  2.2258010e-16  -8.8427423e-16  -1.1276789e-16  3.7536775e-16  -3.2503553e-17  2.5095385e-16  1.4422112e-16  -4.2672765e-16  1.2575541e-17  -2.4648107e-16  -6.3512178e-17  -1.6081685e-16  -3.2661710e-16  2.8764682e-16  1.0000000   6.2707124e-16  2.9769466e-16  -2.0212066e-16  6.9034816e-16  -4.6050516e-16  -2.0938724e-16  4.0326218e-16  -7.1457334e-16  8.8028114e-17  6.7155071e-16  1.6468858e-16  9.5950013e-17  8.5202650e-16  -4.2152823e-16  -1.7709179e-16  2.5391583e-16  2.2258010e-16  -8.8427423e-16  -1.1276789e-16  3.7536775e-16  
1.6692814e-16  -1.1887344e-16  -3.7777812e-16  1.0008787e-15  -9.0159824e-17  -2.5407953e-16  5.5372243e-17  -4.5071138e-16  4.6103879e-16  -9.7696499e-17  6.2707124e-16  1.0000000   2.2126902e-16  -7.3794867e-18  -1.6810757e-16  -1.2428825e-16  2.8253420e-16  1.3948418e-16  2.9342129e-16  4.6067857e-16  5.7074059e-16  5.1980453e-17  9.4666334e-17  -5.4956282e-17  -5.2912477e-16  -5.1080659e-17  -3.2297770e-17  2.5075559e-16  8.1099438e-16  -1.9084656e-16  3.4793176e-16  1.6692814e-16  -1.1887344e-16  -3.7777812e-16  1.0008787e-15  -9.0159824e-17  -2.5407953e-16  5.5372243e-17  -4.5071138e-16  4.6103879e-16  -9.7696499e-17  6.2707124e-16  1.0000000   2.2126902e-16  -7.3794867e-18  -1.6810757e-16  -1.2428825e-16  2.8253420e-16  1.3948418e-16  2.9342129e-16  4.6067857e-16  5.7074059e-16  5.1980453e-17  9.4666334e-17  -5.4956282e-17  -5.2912477e-16  -5.1080659e-17  -3.2297770e-17  2.5075559e-16  8.1099438e-16  -1.9084656e-16  3.4793176e-16  
1.9004349e-16  9.1261815e-17  3.9259543e-16  9.3387070e-17  -3.7383418e-16  -3.9844818e-16  3.2781780e-16  -5.9475217e-16  -2.7399958e-16  -7.1822454e-16  2.9769466e-16  2.2126902e-16  1.0000000   2.6810545e-17  -3.4170605e-16  -6.2318898e-16  -2.8403301e-16  -3.0546358e-16  5.4373828e-16  5.0202323e-17  5.0936838e-16  -3.7462987e-16  -1.3626497e-17  -5.3118777e-16  -2.0713830e-16  1.8529718e-16  -3.7087010e-16  2.4382585e-16  1.1378960e-15  2.9147508e-16  -2.0778982e-16  1.9004349e-16  9.1261815e-17  3.9259543e-16  9.3387070e-17  -3.7383418e-16  -3.9844818e-16  3.2781780e-16  -5.9475217e-16  -2.7399958e-16  -7.1822454e-16  2.9769466e-16  2.2126902e-16  1.0000000   2.6810545e-17  -3.4170605e-16  -6.2318898e-16  -2.8403301e-16  -3.0546358e-16  5.4373828e-16  5.0202323e-17  5.0936838e-16  -3.7462987e-16  -1.3626497e-17  -5.3118777e-16  -2.0713830e-16  1.8529718e-16  -3.7087010e-16  2.4382585e-16  1.1378960e-15  2.9147508e-16  -2.0778982e-16  
3.3999945e-16  1.0373717e-16  3.2725702e-16  -2.8176184e-17  2.4404395e-16  -2.5837669e-16  -9.3063159e-17  4.1255932e-17  1.6023634e-16  2.9062897e-16  -2.0212066e-16  -7.3794867e-18  2.6810545e-17  1.0000000   2.1545027e-16  -1.4632691e-16  7.1647792e-16  -6.4915895e-17  -1.4049499e-16  4.1461495e-17  -6.0587936e-16  -2.8626317e-16  -2.1411249e-16  -9.0249799e-17  2.7768031e-17  -7.5904264e-16  3.3132475e-17  -4.4868540e-16  -2.1381024e-16  -3.4904012e-16  -1.7508839e-17  3.3999945e-16  1.0373717e-16  3.2725702e-16  -2.8176184e-17  2.4404395e-16  -2.5837669e-16  -9.3063159e-17  4.1255932e-17  1.6023634e-16  2.9062897e-16  -2.0212066e-16  -7.3794867e-18  2.6810545e-17  1.0000000   2.1545027e-16  -1.4632691e-16  7.1647792e-16  -6.4915895e-17  -1.4049499e-16  4.1461495e-17  -6.0587936e-16  -2.8626317e-16  -2.1411249e-16  -9.0249799e-17  2.7768031e-17  -7.5904264e-16  3.3132475e-17  -4.4868540e-16  -2.1381024e-16  -3.4904012e-16  -1.7508839e-17  
-4.3251653e-17  8.7241469e-17  1.3715487e-16  7.0891228e-17  1.4037232e-16  1.9744727e-16  1.2287631e-16  -2.1773789e-17  -2.6072956e-16  3.1317783e-17  6.9034816e-16  -1.6810757e-16  -3.4170605e-16  2.1545027e-16  1.0000000   -2.0168716e-16  -6.1271969e-16  1.9495628e-17  4.1545841e-18  2.4772787e-16  6.6430319e-17  2.3958635e-16  -3.2444727e-16  5.1536489e-17  -2.2233355e-16  4.0573057e-16  -1.8239588e-16  -4.0720699e-16  -2.3838386e-17  -2.3574229e-16  2.2648763e-17  -4.3251653e-17  8.7241469e-17  1.3715487e-16  7.0891228e-17  1.4037232e-16  1.9744727e-16  1.2287631e-16  -2.1773789e-17  -2.6072956e-16  3.1317783e-17  6.9034816e-16  -1.6810757e-16  -3.4170605e-16  2.1545027e-16  1.0000000   -2.0168716e-16  -6.1271969e-16  1.9495628e-17  4.1545841e-18  2.4772787e-16  6.6430319e-17  2.3958635e-16  -3.2444727e-16  5.1536489e-17  -2.2233355e-16  4.0573057e-16  -1.8239588e-16  -4.0720699e-16  -2.3838386e-17  -2.3574229e-16  2.2648763e-17  
-4.4110068e-17  3.7862350e-16  1.9790852e-16  2.1430030e-16  -4.3170377e-16  -1.0144872e-15  1.1220370e-16  1.2598975e-16  -2.4461353e-16  4.4357145e-16  -4.6050516e-16  -1.2428825e-16  -6.2318898e-16  -1.4632691e-16  -2.0168716e-16  1.0000000   -3.1446484e-16  -4.8901045e-16  9.9294092e-17  8.6659358e-17  7.4437110e-17  5.3084996e-16  3.1350630e-16  4.8486671e-16  9.1449219e-17  2.7013354e-16  -7.8599496e-18  -3.7238830e-16  -8.5148388e-16  -3.7759313e-17  2.0853184e-16  -4.4110068e-17  3.7862350e-16  1.9790852e-16  2.1430030e-16  -4.3170377e-16  -1.0144872e-15  1.1220370e-16  1.2598975e-16  -2.4461353e-16  4.4357145e-16  -4.6050516e-16  -1.2428825e-16  -6.2318898e-16  -1.4632691e-16  -2.0168716e-16  1.0000000   -3.1446484e-16  -4.8901045e-16  9.9294092e-17  8.6659358e-17  7.4437110e-17  5.3084996e-16  3.1350630e-16  4.8486671e-16  9.1449219e-17  2.7013354e-16  -7.8599496e-18  -3.7238830e-16  -8.5148388e-16  -3.7759313e-17  2.0853184e-16  
-3.9608349e-16  -1.5244038e-16  4.1320637e-16  -1.2497000e-16  -5.3955047e-16  1.5315632e-16  2.4256146e-16  -2.9014910e-17  1.0735460e-16  4.8577739e-16  -2.0938724e-16  2.8253420e-16  -2.8403301e-16  7.1647792e-16  -6.1271969e-16  -3.1446484e-16  1.0000000   -6.5344767e-16  -1.3612354e-17  -8.2698222e-16  -4.5789104e-16  -1.0255783e-16  2.8511257e-16  8.3619410e-17  -4.4195666e-16  6.6908093e-17  -1.7266281e-16  -4.4611472e-16  2.5163871e-16  6.4981184e-16  3.2374983e-16  -3.9608349e-16  -1.5244038e-16  4.1320637e-16  -1.2497000e-16  -5.3955047e-16  1.5315632e-16  2.4256146e-16  -2.9014910e-17  1.0735460e-16  4.8577739e-16  -2.0938724e-16  2.8253420e-16  -2.8403301e-16  7.1647792e-16  -6.1271969e-16  -3.1446484e-16  1.0000000   -6.5344767e-16  -1.3612354e-17  -8.2698222e-16  -4.5789104e-16  -1.0255783e-16  2.8511257e-16  8.3619410e-17  -4.4195666e-16  6.6908093e-17  -1.7266281e-16  -4.4611472e-16  2.5163871e-16  6.4981184e-16  3.2374983e-16  
7.6213781e-17  7.5140500e-16  6.7358438e-16  7.5571803e-17  -1.1150632e-16  3.1995528e-16  5.4198464e-16  2.2837605e-16  3.3081423e-16  -2.9035779e-16  4.0326218e-16  1.3948418e-16  -3.0546358e-16  -6.4915895e-17  1.9495628e-17  -4.8901045e-16  -6.5344767e-16  1.0000000   2.9308186e-16  9.2829490e-17  -8.8937069e-16  -6.2857861e-16  1.7390673e-16  1.4899823e-16  -2.5454118e-16  -2.7445154e-16  -7.4559346e-16  5.0244262e-16  4.7464087e-18  -2.1895745e-16  -1.0091343e-16  7.6213781e-17  7.5140500e-16  6.7358438e-16  7.5571803e-17  -1.1150632e-16  3.1995528e-16  5.4198464e-16  2.2837605e-16  3.3081423e-16  -2.9035779e-16  4.0326218e-16  1.3948418e-16  -3.0546358e-16  -6.4915895e-17  1.9495628e-17  -4.8901045e-16  -6.5344767e-16  1.0000000   2.9308186e-16  9.2829490e-17  -8.8937069e-16  -6.2857861e-16  1.7390673e-16  1.4899823e-16  -2.5454118e-16  -2.7445154e-16  -7.4559346e-16  5.0244262e-16  4.7464087e-18  -2.1895745e-16  -1.0091343e-16  
5.1077504e-16  2.6982286e-16  1.3207130e-16  3.2046798e-16  -3.5126821e-17  1.9496638e-16  -4.4595624e-16  2.9333504e-16  -7.3179381e-16  -5.4631109e-16  -7.1457334e-16  2.9342129e-16  5.4373828e-16  -1.4049499e-16  4.1545841e-18  9.9294092e-17  -1.3612354e-17  2.9308186e-16  1.0000000   -3.2086512e-16  1.0417774e-16  -2.3643596e-16  -6.4578546e-17  1.7659175e-16  -3.2872410e-16  -5.7773441e-17  2.2515651e-16  2.6920699e-16  -1.8401435e-16  -3.0048758e-16  -1.8190007e-16  5.1077504e-16  2.6982286e-16  1.3207130e-16  3.2046798e-16  -3.5126821e-17  1.9496638e-16  -4.4595624e-16  2.9333504e-16  -7.3179381e-16  -5.4631109e-16  -7.1457334e-16  2.9342129e-16  5.4373828e-16  -1.4049499e-16  4.1545841e-18  9.9294092e-17  -1.3612354e-17  2.9308186e-16  1.0000000   -3.2086512e-16  1.0417774e-16  -2.3643596e-16  -6.4578546e-17  1.7659175e-16  -3.2872410e-16  -5.7773441e-17  2.2515651e-16  2.6920699e-16  -1.8401435e-16  -3.0048758e-16  -1.8190007e-16  
-9.2646287e-17  7.9958185e-17  1.1304874e-17  2.8140684e-18  -2.2981303e-16  4.4400853e-16  -4.8978704e-18  -2.4237920e-16  1.1319649e-17  -3.6174947e-16  8.8028114e-17  4.6067857e-16  5.0202323e-17  4.1461495e-17  2.4772787e-16  8.6659358e-17  -8.2698222e-16  9.2829490e-17  -3.2086512e-16  1.0000000   6.1088367e-17  -2.3226877e-16  1.2434863e-16  6.9616151e-16  5.2484183e-16  -4.3038637e-18  9.7372585e-17  -8.2826624e-17  6.8835674e-17  1.0680290e-16  4.2965432e-17  -9.2646287e-17  7.9958185e-17  1.1304874e-17  2.8140684e-18  -2.2981303e-16  4.4400853e-16  -4.8978704e-18  -2.4237920e-16  1.1319649e-17  -3.6174947e-16  8.8028114e-17  4.6067857e-16  5.0202323e-17  4.1461495e-17  2.4772787e-16  8.6659358e-17  -8.2698222e-16  9.2829490e-17  -3.2086512e-16  1.0000000   6.1088367e-17  -2.3226877e-16  1.2434863e-16  6.9616151e-16  5.2484183e-16  -4.3038637e-18  9.7372585e-17  -8.2826624e-17  6.8835674e-17  1.0680290e-16  4.2965432e-17  
4.3053312e-16  -6.3052245e-16  3.6935604e-16  -1.0044487e-16  7.0067045e-18  -6.6231500e-16  1.3200406e-16  1.0086576e-16  -1.5233909e-16  -4.6294003e-17  6.7155071e-16  5.7074059e-16  5.0936838e-16  -6.0587936e-16  6.6430319e-17  7.4437110e-17  -4.5789104e-16  -8.8937069e-16  1.0417774e-16  6.1088367e-17  1.0000000   7.5600356e-16  -3.0568833e-16  -3.9189342e-17  -1.4515696e-18  -1.8076213e-16  4.0381927e-16  -3.7936315e-16  7.1327129e-16  2.3025357e-16  3.3124887e-16  4.3053312e-16  -6.3052245e-16  3.6935604e-16  -1.0044487e-16  7.0067045e-18  -6.6231500e-16  1.3200406e-16  1.0086576e-16  -1.5233909e-16  -4.6294003e-17  6.7155071e-16  5.7074059e-16  5.0936838e-16  -6.0587936e-16  6.6430319e-17  7.4437110e-17  -4.5789104e-16  -8.8937069e-16  1.0417774e-16  6.1088367e-17  1.0000000   7.5600356e-16  -3.0568833e-16  -3.9189342e-17  -1.4515696e-18  -1.8076213e-16  4.0381927e-16  -3.7936315e-16  7.1327129e-16  2.3025357e-16  3.3124887e-16  
3.7300930e-16  -7.7035127e-16  -3.0323573e-16  -8.6602716e-17  -2.3862907e-16  -7.4977520e-18  4.3765671e-17  3.0849411e-16  -8.2701959e-16  -4.4627076e-16  1.6468858e-16  5.1980453e-17  -3.7462987e-16  -2.8626317e-16  2.3958635e-16  5.3084996e-16  -1.0255783e-16  -6.2857861e-16  -2.3643596e-16  -2.3226877e-16  7.5600356e-16  1.0000000   5.0191703e-16  -1.5925761e-16  6.3525131e-16  -3.4642349e-18  9.0095531e-16  1.1587468e-16  3.0044262e-16  2.6733970e-16  4.4128217e-16  3.7300930e-16  -7.7035127e-16  -3.0323573e-16  -8.6602716e-17  -2.3862907e-16  -7.4977520e-18  4.3765671e-17  3.0849411e-16  -8.2701959e-16  -4.4627076e-16  1.6468858e-16  5.1980453e-17  -3.7462987e-16  -2.8626317e-16  2.3958635e-16  5.3084996e-16  -1.0255783e-16  -6.2857861e-16  -2.3643596e-16  -2.3226877e-16  7.5600356e-16  1.0000000   5.0191703e-16  -1.5925761e-16  6.3525131e-16  -3.4642349e-18  9.0095531e-16  1.1587468e-16  3.0044262e-16  2.6733970e-16  4.4128217e-16  
-6.6599551e-16  6.1810352e-16  1.5024064e-16  -2.2622431e-16  2.5716962e-16  -1.1222148e-16  -1.4522867e-16  1.0455061e-16  -2.4158170e-16  1.8936553e-17  9.5950013e-17  9.4666334e-17  -1.3626497e-17  -2.1411249e-16  -3.2444727e-16  3.1350630e-16  2.8511257e-16  1.7390673e-16  -6.4578546e-17  1.2434863e-16  -3.0568833e-16  5.0191703e-16  1.0000000   1.8912151e-16  -1.8983283e-16  -2.2198318e-18  8.0279586e-17  -2.3155230e-16  3.1073339e-16  -3.5443597e-17  2.8062748e-16  -6.6599551e-16  6.1810352e-16  1.5024064e-16  -2.2622431e-16  2.5716962e-16  -1.1222148e-16  -1.4522867e-16  1.0455061e-16  -2.4158170e-16  1.8936553e-17  9.5950013e-17  9.4666334e-17  -1.3626497e-17  -2.1411249e-16  -3.2444727e-16  3.1350630e-16  2.8511257e-16  1.7390673e-16  -6.4578546e-17  1.2434863e-16  -3.0568833e-16  5.0191703e-16  1.0000000   1.8912151e-16  -1.8983283e-16  -2.2198318e-18  8.0279586e-17  -2.3155230e-16  3.1073339e-16  -3.5443597e-17  2.8062748e-16  
-2.1044666e-16  -1.0178347e-16  2.4546007e-16  4.7184297e-16  -4.7135691e-16  4.3482827e-17  5.3481626e-16  1.3294634e-16  -3.2593481e-16  -2.9995869e-16  8.5202650e-16  -5.4956282e-17  -5.3118777e-16  -9.0249799e-17  5.1536489e-17  4.8486671e-16  8.3619410e-17  1.4899823e-16  1.7659175e-16  6.9616151e-16  -3.9189342e-17  -1.5925761e-16  1.8912151e-16  1.0000000   2.1188486e-16  -1.4131788e-16  -3.2713815e-17  -1.5874631e-16  -3.0690062e-17  1.3653871e-16  5.6200487e-16  -2.1044666e-16  -1.0178347e-16  2.4546007e-16  4.7184297e-16  -4.7135691e-16  4.3482827e-17  5.3481626e-16  1.3294634e-16  -3.2593481e-16  -2.9995869e-16  8.5202650e-16  -5.4956282e-17  -5.3118777e-16  -9.0249799e-17  5.1536489e-17  4.8486671e-16  8.3619410e-17  1.4899823e-16  1.7659175e-16  6.9616151e-16  -3.9189342e-17  -1.5925761e-16  1.8912151e-16  1.0000000   2.1188486e-16  -1.4131788e-16  -3.2713815e-17  -1.5874631e-16  -3.0690062e-17  1.3653871e-16  5.6200487e-16  
3.8549394e-16  -2.4381099e-17  2.9791059e-18  -1.8293887e-17  -1.4901866e-16  1.5891070e-16  2.3205894e-16  6.8162644e-18  -6.8328073e-17  4.2073578e-16  -4.2152823e-16  -5.2912477e-16  -2.0713830e-16  2.7768031e-17  -2.2233355e-16  9.1449219e-17  -4.4195666e-16  -2.5454118e-16  -3.2872410e-16  5.2484183e-16  -1.4515696e-18  6.3525131e-16  -1.8983283e-16  2.1188486e-16  1.0000000   -6.3961134e-16  8.1512803e-16  -2.9226360e-16  1.3633245e-16  -2.8468291e-17  -5.7177354e-18  3.8549394e-16  -2.4381099e-17  2.9791059e-18  -1.8293887e-17  -1.4901866e-16  1.5891070e-16  2.3205894e-16  6.8162644e-18  -6.8328073e-17  4.2073578e-16  -4.2152823e-16  -5.2912477e-16  -2.0713830e-16  2.7768031e-17  -2.2233355e-16  9.1449219e-17  -4.4195666e-16  -2.5454118e-16  -3.2872410e-16  5.2484183e-16  -1.4515696e-18  6.3525131e-16  -1.8983283e-16  2.1188486e-16  1.0000000   -6.3961134e-16  8.1512803e-16  -2.9226360e-16  1.3633245e-16  -2.8468291e-17  -5.7177354e-18  
-4.3152046e-16  8.3529151e-16  3.4909831e-16  5.2057053e-17  1.4471570e-16  -4.1389259e-16  5.7644938e-16  -3.4523326e-16  -5.2100348e-16  8.1991504e-17  -1.7709179e-16  -5.1080659e-17  1.8529718e-16  -7.5904264e-16  4.0573057e-16  2.7013354e-16  6.6908093e-17  -2.7445154e-16  -5.7773441e-17  -4.3038637e-18  -1.8076213e-16  -3.4642349e-18  -2.2198318e-18  -1.4131788e-16  -6.3961134e-16  1.0000000   3.0578109e-16  -3.2963734e-16  2.1652947e-16  -7.5621765e-17  1.9688057e-16  -4.3152046e-16  8.3529151e-16  3.4909831e-16  5.2057053e-17  1.4471570e-16  -4.1389259e-16  5.7644938e-16  -3.4523326e-16  -5.2100348e-16  8.1991504e-17  -1.7709179e-16  -5.1080659e-17  1.8529718e-16  -7.5904264e-16  4.0573057e-16  2.7013354e-16  6.6908093e-17  -2.7445154e-16  -5.7773441e-17  -4.3038637e-18  -1.8076213e-16  -3.4642349e-18  -2.2198318e-18  -1.4131788e-16  -6.3961134e-16  1.0000000   3.0578109e-16  -3.2963734e-16  2.1652947e-16  -7.5621765e-17  1.9688057e-16  
-1.4784101e-16  -3.3390916e-17  5.2130142e-16  6.2376879e-16  3.7131816e-16  6.1470689e-16  5.8008384e-16  -9.1523882e-17  -5.6732874e-16  -7.2639090e-17  2.5391583e-16  -3.2297770e-17  -3.7087010e-16  3.3132475e-17  -1.8239588e-16  -7.8599496e-18  -1.7266281e-16  -7.4559346e-16  2.2515651e-16  9.7372585e-17  4.0381927e-16  9.0095531e-16  8.0279586e-17  -3.2713815e-17  8.1512803e-16  3.0578109e-16  1.0000000   3.3145723e-18  6.3854371e-16  3.6317269e-16  7.1762011e-16  -1.4784101e-16  -3.3390916e-17  5.2130142e-16  6.2376879e-16  3.7131816e-16  6.1470689e-16  5.8008384e-16  -9.1523882e-17  -5.6732874e-16  -7.2639090e-17  2.5391583e-16  -3.2297770e-17  -3.7087010e-16  3.3132475e-17  -1.8239588e-16  -7.8599496e-18  -1.7266281e-16  -7.4559346e-16  2.2515651e-16  9.7372585e-17  4.0381927e-16  9.0095531e-16  8.0279586e-17  -3.2713815e-17  8.1512803e-16  3.0578109e-16  1.0000000   3.3145723e-18  6.3854371e-16  3.6317269e-16  7.1762011e-16  
-3.6583341e-16  -6.8887558e-17  -2.4617116e-16  -4.0147426e-17  -1.4844795e-17  -1.1754915e-16  5.5904007e-17  -2.0514521e-16  -5.8081826e-16  5.6745856e-16  2.2258010e-16  2.5075559e-16  2.4382585e-16  -4.4868540e-16  -4.0720699e-16  -3.7238830e-16  -4.4611472e-16  5.0244262e-16  2.6920699e-16  -8.2826624e-17  -3.7936315e-16  1.1587468e-16  -2.3155230e-16  -1.5874631e-16  -2.9226360e-16  -3.2963734e-16  3.3145723e-18  1.0000000   3.2232347e-16  -7.3267645e-17  -5.1059156e-17  -3.6583341e-16  -6.8887558e-17  -2.4617116e-16  -4.0147426e-17  -1.4844795e-17  -1.1754915e-16  5.5904007e-17  -2.0514521e-16  -5.8081826e-16  5.6745856e-16  2.2258010e-16  2.5075559e-16  2.4382585e-16  -4.4868540e-16  -4.0720699e-16  -3.7238830e-16  -4.4611472e-16  5.0244262e-16  2.6920699e-16  -8.2826624e-17  -3.7936315e-16  1.1587468e-16  -2.3155230e-16  -1.5874631e-16  -2.9226360e-16  -3.2963734e-16  3.3145723e-18  1.0000000   3.2232347e-16  -7.3267645e-17  -5.1059156e-17  
-1.4787501e-17  -3.9448564e-16  4.1036816e-16  -1.7473002e-16  3.0652115e-16  -1.2500166e-16  -3.1220562e-16  1.1383838e-15  -3.2917896e-16  3.4468700e-16  -8.8427423e-16  8.1099438e-16  1.1378960e-15  -2.1381024e-16  -2.3838386e-17  -8.5148388e-16  2.5163871e-16  4.7464087e-18  -1.8401435e-16  6.8835674e-17  7.1327129e-16  3.0044262e-16  3.1073339e-16  -3.0690062e-17  1.3633245e-16  2.1652947e-16  6.3854371e-16  3.2232347e-16  1.0000000   2.3663205e-16  -4.5805823e-16  -1.4787501e-17  -3.9448564e-16  4.1036816e-16  -1.7473002e-16  3.0652115e-16  -1.2500166e-16  -3.1220562e-16  1.1383838e-15  -3.2917896e-16  3.4468700e-16  -8.8427423e-16  8.1099438e-16  1.1378960e-15  -2.1381024e-16  -2.3838386e-17  -8.5148388e-16  2.5163871e-16  4.7464087e-18  -1.8401435e-16  6.8835674e-17  7.1327129e-16  3.0044262e-16  3.1073339e-16  -3.0690062e-17  1.3633245e-16  2.1652947e-16  6.3854371e-16  3.2232347e-16  1.0000000   2.3663205e-16  -4.5805823e-16  
7.1362173e-17  1.9232373e-16  -1.9351127e-16  -1.1256552e-17  8.2881565e-17  -1.9258214e-17  6.2021536e-17  -7.4899634e-17  2.9961792e-16  -1.0520559e-16  -1.1276789e-16  -1.9084656e-16  2.9147508e-16  -3.4904012e-16  -2.3574229e-16  -3.7759313e-17  6.4981184e-16  -2.1895745e-16  -3.0048758e-16  1.0680290e-16  2.3025357e-16  2.6733970e-16  -3.5443597e-17  1.3653871e-16  -2.8468291e-17  -7.5621765e-17  3.6317269e-16  -7.3267645e-17  2.3663205e-16  1.0000000   -9.2962707e-16  7.1362173e-17  1.9232373e-16  -1.9351127e-16  -1.1256552e-17  8.2881565e-17  -1.9258214e-17  6.2021536e-17  -7.4899634e-17  2.9961792e-16  -1.0520559e-16  -1.1276789e-16  -1.9084656e-16  2.9147508e-16  -3.4904012e-16  -2.3574229e-16  -3.7759313e-17  6.4981184e-16  -2.1895745e-16  -3.0048758e-16  1.0680290e-16  2.3025357e-16  2.6733970e-16  -3.5443597e-17  1.3653871e-16  -2.8468291e-17  -7.5621765e-17  3.6317269e-16  -7.3267645e-17  2.3663205e-16  1.0000000   -9.2962707e-16  
-7.6956990e-16  2.1440149e-16  -5.8259507e-16  4.9383289e-16  -4.9002720e-16  4.9920693e-16  3.0025797e-16  1.2047626e-16  4.4586345e-16  -2.1980448e-16  3.7536775e-16  3.4793176e-16  -2.0778982e-16  -1.7508839e-17  2.2648763e-17  2.0853184e-16  3.2374983e-16  -1.0091343e-16  -1.8190007e-16  4.2965432e-17  3.3124887e-16  4.4128217e-16  2.8062748e-16  5.6200487e-16  -5.7177354e-18  1.9688057e-16  7.1762011e-16  -5.1059156e-17  -4.5805823e-16  -9.2962707e-16  1.0000000   -7.6956990e-16  2.1440149e-16  -5.8259507e-16  4.9383289e-16  -4.9002720e-16  4.9920693e-16  3.0025797e-16  1.2047626e-16  4.4586345e-16  -2.1980448e-16  3.7536775e-16  3.4793176e-16  -2.0778982e-16  -1.7508839e-17  2.2648763e-17  2.0853184e-16  3.2374983e-16  -1.0091343e-16  -1.8190007e-16  4.2965432e-17  3.3124887e-16  4.4128217e-16  2.8062748e-16  5.6200487e-16  -5.7177354e-18  1.9688057e-16  7.1762011e-16  -5.1059156e-17  -4.5805823e-16  -9.2962707e-16  1.0000000   
1.0000000   -3.1504574e-16  6.1124209e-16  -5.3546743e-18  6.2893473e-16  -1.0371992e-16  -9.6083604e-17  -5.4305525e-16  -7.2117814e-17  -6.5060961e-16  -3.2503553e-17  1.6692814e-16  1.9004349e-16  3.3999945e-16  -4.3251653e-17  -4.4110068e-17  -3.9608349e-16  7.6213781e-17  5.1077504e-16  -9.2646287e-17  4.3053312e-16  3.7300930e-16  -6.6599551e-16  -2.1044666e-16  3.8549394e-16  -4.3152046e-16  -1.4784101e-16  -3.6583341e-16  -1.4787501e-17  7.1362173e-17  -7.6956990e-16  1.0000000   -3.1504574e-16  6.1124209e-16  -5.3546743e-18  6.2893473e-16  -1.0371992e-16  -9.6083604e-17  -5.4305525e-16  -7.2117814e-17  -6.5060961e-16  -3.2503553e-17  1.6692814e-16  1.9004349e-16  3.3999945e-16  -4.3251653e-17  -4.4110068e-17  -3.9608349e-16  7.6213781e-17  5.1077504e-16  -9.2646287e-17  4.3053312e-16  3.7300930e-16  -6.6599551e-16  -2.1044666e-16  3.8549394e-16  -4.3152046e-16  -1.4784101e-16  -3.6583341e-16  -1.4787501e-17  7.1362173e-17  -7.6956990e-16  
-3.1504574e-16  1.0000000   -3.6189692e-16  -5.5047450e-17  -2.9371857e-16  -1.9634511e-16  -5.1782603e-17  -5.6554431e-16  5.2263256e-16  -1.6610090e-16  2.5095385e-16  -1.1887344e-16  9.1261815e-17  1.0373717e-16  8.7241469e-17  3.7862350e-16  -1.5244038e-16  7.5140500e-16  2.6982286e-16  7.9958185e-17  -6.3052245e-16  -7.7035127e-16  6.1810352e-16  -1.0178347e-16  -2.4381099e-17  8.3529151e-16  -3.3390916e-17  -6.8887558e-17  -3.9448564e-16  1.9232373e-16  2.1440149e-16  -3.1504574e-16  1.0000000   -3.6189692e-16  -5.5047450e-17  -2.9371857e-16  -1.9634511e-16  -5.1782603e-17  -5.6554431e-16  5.2263256e-16  -1.6610090e-16  2.5095385e-16  -1.1887344e-16  9.1261815e-17  1.0373717e-16  8.7241469e-17  3.7862350e-16  -1.5244038e-16  7.5140500e-16  2.6982286e-16  7.9958185e-17  -6.3052245e-16  -7.7035127e-16  6.1810352e-16  -1.0178347e-16  -2.4381099e-17  8.3529151e-16  -3.3390916e-17  -6.8887558e-17  -3.9448564e-16  1.9232373e-16  2.1440149e-16  
6.1124209e-16  -3.6189692e-16  1.0000000   -9.3554997e-17  -3.3823646e-16  4.4230819e-16  3.6453435e-16  3.1284322e-16  6.9687167e-17  3.5327753e-16  1.4422112e-16  -3.7777812e-16  3.9259543e-16  3.2725702e-16  1.3715487e-16  1.9790852e-16  4.1320637e-16  6.7358438e-16  1.3207130e-16  1.1304874e-17  3.6935604e-16  -3.0323573e-16  1.5024064e-16  2.4546007e-16  2.9791059e-18  3.4909831e-16  5.2130142e-16  -2.4617116e-16  4.1036816e-16  -1.9351127e-16  -5.8259507e-16  6.1124209e-16  -3.6189692e-16  1.0000000   -9.3554997e-17  -3.3823646e-16  4.4230819e-16  3.6453435e-16  3.1284322e-16  6.9687167e-17  3.5327753e-16  1.4422112e-16  -3.7777812e-16  3.9259543e-16  3.2725702e-16  1.3715487e-16  1.9790852e-16  4.1320637e-16  6.7358438e-16  1.3207130e-16  1.1304874e-17  3.6935604e-16  -3.0323573e-16  1.5024064e-16  2.4546007e-16  2.9791059e-18  3.4909831e-16  5.2130142e-16  -2.4617116e-16  4.1036816e-16  -1.9351127e-16  -5.8259507e-16  
-5.3546743e-18  -5.5047450e-17  -9.3554997e-17  1.0000000   -7.3706800e-17  -7.9560242e-16  3.7648009e-16  -3.1623700e-16  -5.7548681e-16  -1.8704740e-16  -4.2672765e-16  1.0008787e-15  9.3387070e-17  -2.8176184e-17  7.0891228e-17  2.1430030e-16  -1.2497000e-16  7.5571803e-17  3.2046798e-16  2.8140684e-18  -1.0044487e-16  -8.6602716e-17  -2.2622431e-16  4.7184297e-16  -1.8293887e-17  5.2057053e-17  6.2376879e-16  -4.0147426e-17  -1.7473002e-16  -1.1256552e-17  4.9383289e-16  -5.3546743e-18  -5.5047450e-17  -9.3554997e-17  1.0000000   -7.3706800e-17  -7.9560242e-16  3.7648009e-16  -3.1623700e-16  -5.7548681e-16  -1.8704740e-16  -4.2672765e-16  1.0008787e-15  9.3387070e-17  -2.8176184e-17  7.0891228e-17  2.1430030e-16  -1.2497000e-16  7.5571803e-17  3.2046798e-16  2.8140684e-18  -1.0044487e-16  -8.6602716e-17  -2.2622431e-16  4.7184297e-16  -1.8293887e-17  5.2057053e-17  6.2376879e-16  -4.0147426e-17  -1.7473002e-16  -1.1256552e-17  4.9383289e-16  
6.2893473e-16  -2.9371857e-16  -3.3823646e-16  -7.3706800e-17  1.0000000   4.5382454e-16  5.5442576e-16  8.0001268e-16  -5.9217397e-18  3.7418774e-16  1.2575541e-17  -9.0159824e-17  -3.7383418e-16  2.4404395e-16  1.4037232e-16  -4.3170377e-16  -5.3955047e-16  -1.1150632e-16  -3.5126821e-17  -2.2981303e-16  7.0067045e-18  -2.3862907e-16  2.5716962e-16  -4.7135691e-16  -1.4901866e-16  1.4471570e-16  3.7131816e-16  -1.4844795e-17  3.0652115e-16  8.2881565e-17  -4.9002720e-16  6.2893473e-16  -2.9371857e-16  -3.3823646e-16  -7.3706800e-17  1.0000000   4.5382454e-16  5.5442576e-16  8.0001268e-16  -5.9217397e-18  3.7418774e-16  1.2575541e-17  -9.0159824e-17  -3.7383418e-16  2.4404395e-16  1.4037232e-16  -4.3170377e-16  -5.3955047e-16  -1.1150632e-16  -3.5126821e-17  -2.2981303e-16  7.0067045e-18  -2.3862907e-16  2.5716962e-16  -4.7135691e-16  -1.4901866e-16  1.4471570e-16  3.7131816e-16  -1.4844795e-17  3.0652115e-16  8.2881565e-17  -4.9002720e-16  
-1.0371992e-16  -1.9634511e-16  4.4230819e-16  -7.9560242e-16  4.5382454e-16  1.0000000   2.6323482e-16  4.8577939e-16  -1.8186894e-16  -4.7788371e-16  -2.4648107e-16  -2.5407953e-16  -3.9844818e-16  -2.5837669e-16  1.9744727e-16  -1.0144872e-15  1.5315632e-16  3.1995528e-16  1.9496638e-16  4.4400853e-16  -6.6231500e-16  -7.4977520e-18  -1.1222148e-16  4.3482827e-17  1.5891070e-16  -4.1389259e-16  6.1470689e-16  -1.1754915e-16  -1.2500166e-16  -1.9258214e-17  4.9920693e-16  -1.0371992e-16  -1.9634511e-16  4.4230819e-16  -7.9560242e-16  4.5382454e-16  1.0000000   2.6323482e-16  4.8577939e-16  -1.8186894e-16  -4.7788371e-16  -2.4648107e-16  -2.5407953e-16  -3.9844818e-16  -2.5837669e-16  1.9744727e-16  -1.0144872e-15  1.5315632e-16  3.1995528e-16  1.9496638e-16  4.4400853e-16  -6.6231500e-16  -7.4977520e-18  -1.1222148e-16  4.3482827e-17  1.5891070e-16  -4.1389259e-16  6.1470689e-16  -1.1754915e-16  -1.2500166e-16  -1.9258214e-17  4.9920693e-16  
-9.6083604e-17  -5.1782603e-17  3.6453435e-16  3.7648009e-16  5.5442576e-16  2.6323482e-16  1.0000000   4.1420554e-16  4.8449000e-16  -1.6257877e-16  -6.3512178e-17  5.5372243e-17  3.2781780e-16  -9.3063159e-17  1.2287631e-16  1.1220370e-16  2.4256146e-16  5.4198464e-16  -4.4595624e-16  -4.8978704e-18  1.3200406e-16  4.3765671e-17  -1.4522867e-16  5.3481626e-16  2.3205894e-16  5.7644938e-16  5.8008384e-16  5.5904007e-17  -3.1220562e-16  6.2021536e-17  3.0025797e-16  -9.6083604e-17  -5.1782603e-17  3.6453435e-16  3.7648009e-16  5.5442576e-16  2.6323482e-16  1.0000000   4.1420554e-16  4.8449000e-16  -1.6257877e-16  -6.3512178e-17  5.5372243e-17  3.2781780e-16  -9.3063159e-17  1.2287631e-16  1.1220370e-16  2.4256146e-16  5.4198464e-16  -4.4595624e-16  -4.8978704e-18  1.3200406e-16  4.3765671e-17  -1.4522867e-16  5.3481626e-16  2.3205894e-16  5.7644938e-16  5.8008384e-16  5.5904007e-17  -3.1220562e-16  6.2021536e-17  3.0025797e-16  
-5.4305525e-16  -5.6554431e-16  3.1284322e-16  -3.1623700e-16  8.0001268e-16  4.8577939e-16  4.1420554e-16  1.0000000   -3.7110698e-16  -6.4849968e-16  -1.6081685e-16  -4.5071138e-16  -5.9475217e-16  4.1255932e-17  -2.1773789e-17  1.2598975e-16  -2.9014910e-17  2.2837605e-16  2.9333504e-16  -2.4237920e-16  1.0086576e-16  3.0849411e-16  1.0455061e-16  1.3294634e-16  6.8162644e-18  -3.4523326e-16  -9.1523882e-17  -2.0514521e-16  1.1383838e-15  -7.4899634e-17  1.2047626e-16  -5.4305525e-16  -5.6554431e-16  3.1284322e-16  -3.1623700e-16  8.0001268e-16  4.8577939e-16  4.1420554e-16  1.0000000   -3.7110698e-16  -6.4849968e-16  -1.6081685e-16  -4.5071138e-16  -5.9475217e-16  4.1255932e-17  -2.1773789e-17  1.2598975e-16  -2.9014910e-17  2.2837605e-16  2.9333504e-16  -2.4237920e-16  1.0086576e-16  3.0849411e-16  1.0455061e-16  1.3294634e-16  6.8162644e-18  -3.4523326e-16  -9.1523882e-17  -2.0514521e-16  1.1383838e-15  -7.4899634e-17  1.2047626e-16  
-7.2117814e-17  5.2263256e-16  6.9687167e-17  -5.7548681e-16  -5.9217397e-18  -1.8186894e-16  4.8449000e-16  -3.7110698e-16  1.0000000   4.8709369e-17  -3.2661710e-16  4.6103879e-16  -2.7399958e-16  1.6023634e-16  -2.6072956e-16  -2.4461353e-16  1.0735460e-16  3.3081423e-16  -7.3179381e-16  1.1319649e-17  -1.5233909e-16  -8.2701959e-16  -2.4158170e-16  -3.2593481e-16  -6.8328073e-17  -5.2100348e-16  -5.6732874e-16  -5.8081826e-16  -3.2917896e-16  2.9961792e-16  4.4586345e-16  -7.2117814e-17  5.2263256e-16  6.9687167e-17  -5.7548681e-16  -5.9217397e-18  -1.8186894e-16  4.8449000e-16  -3.7110698e-16  1.0000000   4.8709369e-17  -3.2661710e-16  4.6103879e-16  -2.7399958e-16  1.6023634e-16  -2.6072956e-16  -2.4461353e-16  1.0735460e-16  3.3081423e-16  -7.3179381e-16  1.1319649e-17  -1.5233909e-16  -8.2701959e-16  -2.4158170e-16  -3.2593481e-16  -6.8328073e-17  -5.2100348e-16  -5.6732874e-16  -5.8081826e-16  -3.2917896e-16  2.9961792e-16  4.4586345e-16  
-6.5060961e-16  -1.6610090e-16  3.5327753e-16  -1.8704740e-16  3.7418774e-16  -4.7788371e-16  -1.6257877e-16  -6.4849968e-16  4.8709369e-17  1.0000000   2.8764682e-16  -9.7696499e-17  -7.1822454e-16  2.9062897e-16  3.1317783e-17  4.4357145e-16  4.8577739e-16  -2.9035779e-16  -5.4631109e-16  -3.6174947e-16  -4.6294003e-17  -4.4627076e-16  1.8936553e-17  -2.9995869e-16  4.2073578e-16  8.1991504e-17  -7.2639090e-17  5.6745856e-16  3.4468700e-16  -1.0520559e-16  -2.1980448e-16  -6.5060961e-16  -1.6610090e-16  3.5327753e-16  -1.8704740e-16  3.7418774e-16  -4.7788371e-16  -1.6257877e-16  -6.4849968e-16  4.8709369e-17  1.0000000   2.8764682e-16  -9.7696499e-17  -7.1822454e-16  2.9062897e-16  3.1317783e-17  4.4357145e-16  4.8577739e-16  -2.9035779e-16  -5.4631109e-16  -3.6174947e-16  -4.6294003e-17  -4.4627076e-16  1.8936553e-17  -2.9995869e-16  4.2073578e-16  8.1991504e-17  -7.2639090e-17  5.6745856e-16  3.4468700e-16  -1.0520559e-16  -2.1980448e-16  
