1.0000000   -3.8404255e-17  6.9654741e-16  5.6806536e-16  4.0218056e-16  -4.9836274e-16  5.4197608e-16  -3.6191886e-16  -1.7303714e-16  -4.7665925e-16  -2.5799525e-16  -3.6589536e-16  1.9643434e-15  -3.0880356e-16  -8.2721931e-16  -2.9275972e-16  -2.2150578e-16  4.5695844e-16  -1.3171284e-16  5.8325105e-16  3.3576993e-16  2.5163575e-17  6.3728915e-16  3.8716513e-16  1.4711960e-16  5.0747555e-16  -9.3301764e-16  -3.5601088e-17  -8.3105578e-17  -1.7768144e-16  -4.8037894e-16  1.0000000   -3.8404255e-17  6.9654741e-16  5.6806536e-16  4.0218056e-16  -4.9836274e-16  5.4197608e-16  -3.6191886e-16  -1.7303714e-16  -4.7665925e-16  -2.5799525e-16  -3.6589536e-16  1.9643434e-15  -3.0880356e-16  -8.2721931e-16  -2.9275972e-16  -2.2150578e-16  4.5695844e-16  -1.3171284e-16  5.8325105e-16  3.3576993e-16  2.5163575e-17  6.3728915e-16  3.8716513e-16  1.4711960e-16  5.0747555e-16  -9.3301764e-16  -3.5601088e-17  -8.3105578e-17  -1.7768144e-16  -4.8037894e-16  
-3.8404255e-17  1.0000000   6.8224083e-17  -1.7406237e-16  6.8506836e-16  8.9368863e-16  1.6690632e-16  -2.0486585e-16  6.1898623e-16  -8.5950201e-16  -4.4152320e-16  -9.8600056e-16  -1.7868725e-16  -9.6854322e-16  2.2816979e-16  2.2915605e-16  1.0047063e-15  -2.0789030e-16  -8.1838464e-16  -7.1719039e-16  4.2848320e-16  -2.6823579e-16  4.8596836e-16  -3.0838054e-16  -2.7336034e-16  -3.3618846e-16  -1.7285956e-16  7.1308026e-16  2.6782146e-17  7.3660440e-16  -6.1508639e-16  -3.8404255e-17  1.0000000   6.8224083e-17  -1.7406237e-16  6.8506836e-16  8.9368863e-16  1.6690632e-16  -2.0486585e-16  6.1898623e-16  -8.5950201e-16  -4.4152320e-16  -9.8600056e-16  -1.7868725e-16  -9.6854322e-16  2.2816979e-16  2.2915605e-16  1.0047063e-15  -2.0789030e-16  -8.1838464e-16  -7.1719039e-16  4.2848320e-16  -2.6823579e-16  4.8596836e-16  -3.0838054e-16  -2.7336034e-16  -3.3618846e-16  -1.7285956e-16  7.1308026e-16  2.6782146e-17  7.3660440e-16  -6.1508639e-16  
6.9654741e-16  6.8224083e-17  1.0000000   2.2683236e-16  1.0255199e-15  -6.7434450e-17  4.3971173e-16  1.1409743e-15  -7.1948136e-16  -9.5235474e-17  1.5678606e-16  1.1343976e-16  2.3392341e-16  2.1833982e-16  8.2606887e-17  -1.1866191e-16  -4.0573916e-16  6.9521486e-18  1.6710228e-16  3.2382100e-16  -2.0946721e-16  -1.6841066e-16  4.8566282e-17  4.7923059e-16  1.5342793e-16  -2.8774941e-16  -6.5859128e-18  6.1385866e-16  5.3848949e-16  -8.7040380e-16  -2.7952759e-17  6.9654741e-16  6.8224083e-17  1.0000000   2.2683236e-16  1.0255199e-15  -6.7434450e-17  4.3971173e-16  1.1409743e-15  -7.1948136e-16  -9.5235474e-17  1.5678606e-16  1.1343976e-16  2.3392341e-16  2.1833982e-16  8.2606887e-17  -1.1866191e-16  -4.0573916e-16  6.9521486e-18  1.6710228e-16  3.2382100e-16  -2.0946721e-16  -1.6841066e-16  4.8566282e-17  4.7923059e-16  1.5342793e-16  -2.8774941e-16  -6.5859128e-18  6.1385866e-16  5.3848949e-16  -8.7040380e-16  -2.7952759e-17  
5.6806536e-16  -1.7406237e-16  2.2683236e-16  1.0000000   -3.2656588e-16  1.3377638e-15  3.9052831e-16  3.0085887e-16  -8.4035173e-16  -2.8946139e-16  -6.1064752e-16  -3.9767183e-16  7.4449699e-16  3.5415645e-16  -9.7566180e-17  -5.8568580e-16  -1.0938877e-15  -3.0900198e-16  -1.0773840e-16  4.2164624e-16  5.7054901e-17  8.7514973e-16  -1.3002667e-16  2.1274155e-16  -8.3167634e-18  -8.4104516e-16  -2.7590034e-17  -1.1322158e-15  1.1418155e-15  4.8804391e-16  -2.1364577e-16  5.6806536e-16  -1.7406237e-16  2.2683236e-16  1.0000000   -3.2656588e-16  1.3377638e-15  3.9052831e-16  3.0085887e-16  -8.4035173e-16  -2.8946139e-16  -6.1064752e-16  -3.9767183e-16  7.4449699e-16  3.5415645e-16  -9.7566180e-17  -5.8568580e-16  -1.0938877e-15  -3.0900198e-16  -1.0773840e-16  4.2164624e-16  5.7054901e-17  8.7514973e-16  -1.3002667e-16  2.1274155e-16  -8.3167634e-18  -8.4104516e-16  -2.7590034e-17  -1.1322158e-15  1.1418155e-15  4.8804391e-16  -2.1364577e-16  
4.0218056e-16  6.8506836e-16  1.0255199e-15  -3.2656588e-16  1.0000000   1.7217060e-16  6.0514308e-16  1.8960008e-16  -6.3238786e-16  -7.5815232e-17  -4.7896670e-16  4.7291591e-16  1.4488182e-16  -6.5345289e-16  2.2869322e-16  7.6395532e-16  1.8638546e-17  -4.1669539e-17  2.0374997e-18  -1.4169869e-16  3.4293743e-16  -1.1262589e-15  8.6756610e-17  8.3732521e-16  -2.5195687e-16  1.1906362e-16  -1.2859032e-15  4.2946102e-16  6.4314661e-16  7.5562658e-17  3.7628507e-16  4.0218056e-16  6.8506836e-16  1.0255199e-15  -3.2656588e-16  1.0000000   1.7217060e-16  6.0514308e-16  1.8960008e-16  -6.3238786e-16  -7.5815232e-17  -4.7896670e-16  4.7291591e-16  1.4488182e-16  -6.5345289e-16  2.2869322e-16  7.6395532e-16  1.8638546e-17  -4.1669539e-17  2.0374997e-18  -1.4169869e-16  3.4293743e-16  -1.1262589e-15  8.6756610e-17  8.3732521e-16  -2.5195687e-16  1.1906362e-16  -1.2859032e-15  4.2946102e-16  6.4314661e-16  7.5562658e-17  3.7628507e-16  
-4.9836274e-16  8.9368863e-16  -6.7434450e-17  1.3377638e-15  1.7217060e-16  1.0000000   9.3781547e-16  1.1918180e-16  6.3955774e-16  -8.7134670e-17  -4.7747333e-16  8.0823565e-16  3.4967609e-16  -2.7968009e-16  2.6020555e-16  -1.2751229e-16  -1.7038856e-16  3.7879380e-16  -7.8611489e-16  -5.7412364e-16  -7.0912261e-16  1.2630062e-17  2.8187510e-16  -4.8110382e-16  1.4874633e-15  -4.4667641e-17  2.1214526e-16  4.6315221e-17  1.0120655e-16  -2.5911409e-16  -7.1033870e-16  -4.9836274e-16  8.9368863e-16  -6.7434450e-17  1.3377638e-15  1.7217060e-16  1.0000000   9.3781547e-16  1.1918180e-16  6.3955774e-16  -8.7134670e-17  -4.7747333e-16  8.0823565e-16  3.4967609e-16  -2.7968009e-16  2.6020555e-16  -1.2751229e-16  -1.7038856e-16  3.7879380e-16  -7.8611489e-16  -5.7412364e-16  -7.0912261e-16  1.2630062e-17  2.8187510e-16  -4.8110382e-16  1.4874633e-15  -4.4667641e-17  2.1214526e-16  4.6315221e-17  1.0120655e-16  -2.5911409e-16  -7.1033870e-16  
5.4197608e-16  1.6690632e-16  4.3971173e-16  3.9052831e-16  6.0514308e-16  9.3781547e-16  1.0000000   -1.2816814e-15  -1.0578564e-15  -4.2902362e-16  -6.9452191e-16  -1.8254274e-15  -1.9571731e-16  -2.4289624e-16  6.8528593e-17  1.1569626e-15  7.1811789e-16  9.1534007e-17  -1.8629258e-16  -5.3899623e-16  7.4048008e-16  8.6105801e-16  5.4906695e-16  -2.7370453e-16  1.9115509e-16  -9.0338024e-16  -5.3339244e-16  -1.2294581e-16  6.1427496e-16  2.8726582e-16  8.7771149e-17  5.4197608e-16  1.6690632e-16  4.3971173e-16  3.9052831e-16  6.0514308e-16  9.3781547e-16  1.0000000   -1.2816814e-15  -1.0578564e-15  -4.2902362e-16  -6.9452191e-16  -1.8254274e-15  -1.9571731e-16  -2.4289624e-16  6.8528593e-17  1.1569626e-15  7.1811789e-16  9.1534007e-17  -1.8629258e-16  -5.3899623e-16  7.4048008e-16  8.6105801e-16  5.4906695e-16  -2.7370453e-16  1.9115509e-16  -9.0338024e-16  -5.3339244e-16  -1.2294581e-16  6.1427496e-16  2.8726582e-16  8.7771149e-17  
-3.6191886e-16  -2.0486585e-16  1.1409743e-15  3.0085887e-16  1.8960008e-16  1.1918180e-16  -1.2816814e-15  1.0000000   -7.0402680e-17  4.9698783e-16  -2.3776296e-16  1.3531723e-15  -6.8603789e-16  1.0738374e-15  -2.5815008e-16  2.7658887e-16  -2.0108853e-16  9.3979500e-17  3.2572927e-16  3.0823031e-16  9.2480221e-16  2.9175626e-17  -1.0520253e-16  5.5389277e-16  -7.2052801e-16  1.3407772e-15  4.0140681e-17  -3.0362642e-16  -3.8098765e-16  -8.4260438e-16  -7.1591084e-16  -3.6191886e-16  -2.0486585e-16  1.1409743e-15  3.0085887e-16  1.8960008e-16  1.1918180e-16  -1.2816814e-15  1.0000000   -7.0402680e-17  4.9698783e-16  -2.3776296e-16  1.3531723e-15  -6.8603789e-16  1.0738374e-15  -2.5815008e-16  2.7658887e-16  -2.0108853e-16  9.3979500e-17  3.2572927e-16  3.0823031e-16  9.2480221e-16  2.9175626e-17  -1.0520253e-16  5.5389277e-16  -7.2052801e-16  1.3407772e-15  4.0140681e-17  -3.0362642e-16  -3.8098765e-16  -8.4260438e-16  -7.1591084e-16  
-1.7303714e-16  6.1898623e-16  -7.1948136e-16  -8.4035173e-16  -6.3238786e-16  6.3955774e-16  -1.0578564e-15  -7.0402680e-17  1.0000000   -3.0697939e-16  -3.9326212e-16  8.5555177e-16  -5.5424459e-16  -4.3708601e-16  9.3178301e-16  -2.1941371e-16  -3.2868736e-17  3.0956065e-17  -3.8499048e-16  -3.8379558e-16  -4.5672249e-17  -4.8627417e-16  8.0861116e-17  -3.1481706e-16  -2.7657463e-16  9.0150726e-16  -2.2567378e-16  2.4301341e-16  -1.1457496e-15  -5.0310719e-16  2.8622194e-16  -1.7303714e-16  6.1898623e-16  -7.1948136e-16  -8.4035173e-16  -6.3238786e-16  6.3955774e-16  -1.0578564e-15  -7.0402680e-17  1.0000000   -3.0697939e-16  -3.9326212e-16  8.5555177e-16  -5.5424459e-16  -4.3708601e-16  9.3178301e-16  -2.1941371e-16  -3.2868736e-17  3.0956065e-17  -3.8499048e-16  -3.8379558e-16  -4.5672249e-17  -4.8627417e-16  8.0861116e-17  -3.1481706e-16  -2.7657463e-16  9.0150726e-16  -2.2567378e-16  2.4301341e-16  -1.1457496e-15  -5.0310719e-16  2.8622194e-16  
-4.7665925e-16  -8.5950201e-16  -9.5235474e-17  -2.8946139e-16  -7.5815232e-17  -8.7134670e-17  -4.2902362e-16  4.9698783e-16  -3.0697939e-16  1.0000000   -5.3381373e-16  8.1990861e-16  3.5633604e-16  -2.3381010e-16  -4.0760089e-16  -1.1835937e-16  -1.6387136e-16  2.4537655e-16  -4.8443791e-16  -5.8466136e-16  -3.5466548e-16  1.5376998e-16  -5.0481843e-16  1.6622295e-16  -5.2211109e-16  -1.1289792e-15  -7.5636257e-17  -6.0983883e-16  5.6516755e-16  -7.2608290e-16  1.0523217e-15  -4.7665925e-16  -8.5950201e-16  -9.5235474e-17  -2.8946139e-16  -7.5815232e-17  -8.7134670e-17  -4.2902362e-16  4.9698783e-16  -3.0697939e-16  1.0000000   -5.3381373e-16  8.1990861e-16  3.5633604e-16  -2.3381010e-16  -4.0760089e-16  -1.1835937e-16  -1.6387136e-16  2.4537655e-16  -4.8443791e-16  -5.8466136e-16  -3.5466548e-16  1.5376998e-16  -5.0481843e-16  1.6622295e-16  -5.2211109e-16  -1.1289792e-15  -7.5636257e-17  -6.0983883e-16  5.6516755e-16  -7.2608290e-16  1.0523217e-15  
-2.5799525e-16  -4.4152320e-16  1.5678606e-16  -6.1064752e-16  -4.7896670e-16  -4.7747333e-16  -6.9452191e-16  -2.3776296e-16  -3.9326212e-16  -5.3381373e-16  1.0000000   -2.0083633e-16  -6.7536174e-16  6.1232695e-16  -3.8155455e-16  4.1758251e-16  4.2453680e-16  1.0957708e-17  5.2222203e-16  -1.8936395e-16  -1.1681312e-16  -1.3763990e-16  -4.5416156e-16  1.7302507e-16  -1.9418146e-16  -3.6898953e-16  1.0104826e-16  5.0542647e-16  2.6328238e-16  3.9641158e-16  9.4027603e-16  -2.5799525e-16  -4.4152320e-16  1.5678606e-16  -6.1064752e-16  -4.7896670e-16  -4.7747333e-16  -6.9452191e-16  -2.3776296e-16  -3.9326212e-16  -5.3381373e-16  1.0000000   -2.0083633e-16  -6.7536174e-16  6.1232695e-16  -3.8155455e-16  4.1758251e-16  4.2453680e-16  1.0957708e-17  5.2222203e-16  -1.8936395e-16  -1.1681312e-16  -1.3763990e-16  -4.5416156e-16  1.7302507e-16  -1.9418146e-16  -3.6898953e-16  1.0104826e-16  5.0542647e-16  2.6328238e-16  3.9641158e-16  9.4027603e-16  
-3.6589536e-16  -9.8600056e-16  1.1343976e-16  -3.9767183e-16  4.7291591e-16  8.0823565e-16  -1.8254274e-15  1.3531723e-15  8.5555177e-16  8.1990861e-16  -2.0083633e-16  1.0000000   9.9233583e-16  8.1973830e-16  1.3182582e-17  8.4434137e-17  3.5664647e-16  4.0003067e-16  2.2704473e-17  4.6173606e-17  4.4475967e-16  7.5554353e-17  -3.3544141e-16  4.3599747e-17  -3.4304462e-16  3.3034802e-16  4.3586396e-17  6.3480165e-16  3.4752288e-16  -5.0415452e-16  8.0305954e-16  -3.6589536e-16  -9.8600056e-16  1.1343976e-16  -3.9767183e-16  4.7291591e-16  8.0823565e-16  -1.8254274e-15  1.3531723e-15  8.5555177e-16  8.1990861e-16  -2.0083633e-16  1.0000000   9.9233583e-16  8.1973830e-16  1.3182582e-17  8.4434137e-17  3.5664647e-16  4.0003067e-16  2.2704473e-17  4.6173606e-17  4.4475967e-16  7.5554353e-17  -3.3544141e-16  4.3599747e-17  -3.4304462e-16  3.3034802e-16  4.3586396e-17  6.3480165e-16  3.4752288e-16  -5.0415452e-16  8.0305954e-16  
1.9643434e-15  -1.7868725e-16  2.3392341e-16  7.4449699e-16  1.4488182e-16  3.4967609e-16  -1.9571731e-16  -6.8603789e-16  -5.5424459e-16  3.5633604e-16  -6.7536174e-16  9.9233583e-16  1.0000000   -7.7354230e-16  2.6012555e-17  3.7408333e-16  8.0057471e-16  1.0221287e-16  1.3436059e-15  -8.7876373e-16  7.2389789e-16  -7.9179354e-16  3.8168395e-16  -9.5504982e-16  1.0114402e-15  2.0577642e-16  -2.2191513e-16  3.7716926e-16  4.6516105e-18  2.7427530e-16  3.1308547e-16  1.9643434e-15  -1.7868725e-16  2.3392341e-16  7.4449699e-16  1.4488182e-16  3.4967609e-16  -1.9571731e-16  -6.8603789e-16  -5.5424459e-16  3.5633604e-16  -6.7536174e-16  9.9233583e-16  1.0000000   -7.7354230e-16  2.6012555e-17  3.7408333e-16  8.0057471e-16  1.0221287e-16  1.3436059e-15  -8.7876373e-16  7.2389789e-16  -7.9179354e-16  3.8168395e-16  -9.5504982e-16  1.0114402e-15  2.0577642e-16  -2.2191513e-16  3.7716926e-16  4.6516105e-18  2.7427530e-16  3.1308547e-16  
-3.0880356e-16  -9.6854322e-16  2.1833982e-16  3.5415645e-16  -6.5345289e-16  -2.7968009e-16  -2.4289624e-16  1.0738374e-15  -4.3708601e-16  -2.3381010e-16  6.1232695e-16  8.1973830e-16  -7.7354230e-16  1.0000000   6.9989690e-16  -1.1711355e-18  4.4141515e-16  -2.4390609e-16  1.4911258e-16  3.5973107e-16  7.7726319e-17  4.8084630e-16  -6.3828399e-17  1.2005794e-16  2.0292474e-16  1.4388883e-16  3.1988119e-16  4.4706819e-16  -4.3898462e-16  2.4152552e-16  -2.3083183e-17  -3.0880356e-16  -9.6854322e-16  2.1833982e-16  3.5415645e-16  -6.5345289e-16  -2.7968009e-16  -2.4289624e-16  1.0738374e-15  -4.3708601e-16  -2.3381010e-16  6.1232695e-16  8.1973830e-16  -7.7354230e-16  1.0000000   6.9989690e-16  -1.1711355e-18  4.4141515e-16  -2.4390609e-16  1.4911258e-16  3.5973107e-16  7.7726319e-17  4.8084630e-16  -6.3828399e-17  1.2005794e-16  2.0292474e-16  1.4388883e-16  3.1988119e-16  4.4706819e-16  -4.3898462e-16  2.4152552e-16  -2.3083183e-17  
-8.2721931e-16  2.2816979e-16  8.2606887e-17  -9.7566180e-17  2.2869322e-16  2.6020555e-16  6.8528593e-17  -2.5815008e-16  9.3178301e-16  -4.0760089e-16  -3.8155455e-16  1.3182582e-17  2.6012555e-17  6.9989690e-16  1.0000000   -5.1663601e-16  1.3937702e-16  6.5731946e-16  -6.0814947e-16  1.0129642e-16  4.5959988e-16  -5.2298440e-17  -2.0076825e-16  5.7128559e-16  -4.2394887e-16  8.1499318e-16  -2.6559388e-16  5.0340854e-16  9.9849303e-17  2.8705823e-16  2.4550583e-16  -8.2721931e-16  2.2816979e-16  8.2606887e-17  -9.7566180e-17  2.2869322e-16  2.6020555e-16  6.8528593e-17  -2.5815008e-16  9.3178301e-16  -4.0760089e-16  -3.8155455e-16  1.3182582e-17  2.6012555e-17  6.9989690e-16  1.0000000   -5.1663601e-16  1.3937702e-16  6.5731946e-16  -6.0814947e-16  1.0129642e-16  4.5959988e-16  -5.2298440e-17  -2.0076825e-16  5.7128559e-16  -4.2394887e-16  8.1499318e-16  -2.6559388e-16  5.0340854e-16  9.9849303e-17  2.8705823e-16  2.4550583e-16  
-2.9275972e-16  2.2915605e-16  -1.1866191e-16  -5.8568580e-16  7.6395532e-16  -1.2751229e-16  1.1569626e-15  2.7658887e-16  -2.1941371e-16  -1.1835937e-16  4.1758251e-16  8.4434137e-17  3.7408333e-16  -1.1711355e-18  -5.1663601e-16  1.0000000   -6.2738852e-16  4.0646089e-16  4.1402739e-17  -3.8866300e-16  -1.5781971e-16  7.5098774e-16  -4.0886658e-16  -3.4534135e-16  8.7923735e-16  -8.0510581e-16  -1.0747055e-16  4.0733293e-16  2.5187050e-16  -1.2722344e-16  -3.6063050e-16  -2.9275972e-16  2.2915605e-16  -1.1866191e-16  -5.8568580e-16  7.6395532e-16  -1.2751229e-16  1.1569626e-15  2.7658887e-16  -2.1941371e-16  -1.1835937e-16  4.1758251e-16  8.4434137e-17  3.7408333e-16  -1.1711355e-18  -5.1663601e-16  1.0000000   -6.2738852e-16  4.0646089e-16  4.1402739e-17  -3.8866300e-16  -1.5781971e-16  7.5098774e-16  -4.0886658e-16  -3.4534135e-16  8.7923735e-16  -8.0510581e-16  -1.0747055e-16  4.0733293e-16  2.5187050e-16  -1.2722344e-16  -3.6063050e-16  
-2.2150578e-16  1.0047063e-15  -4.0573916e-16  -1.0938877e-15  1.8638546e-17  -1.7038856e-16  7.1811789e-16  -2.0108853e-16  -3.2868736e-17  -1.6387136e-16  4.2453680e-16  3.5664647e-16  8.0057471e-16  4.4141515e-16  1.3937702e-16  -6.2738852e-16  1.0000000   -1.1302817e-16  -5.3963070e-16  -1.8017434e-16  3.4168946e-16  5.3230395e-16  5.1125475e-16  1.8670163e-17  1.0145364e-15  1.2890307e-16  -9.6041456e-17  -3.6709501e-16  3.2981413e-16  7.0188196e-16  -7.9794554e-17  -2.2150578e-16  1.0047063e-15  -4.0573916e-16  -1.0938877e-15  1.8638546e-17  -1.7038856e-16  7.1811789e-16  -2.0108853e-16  -3.2868736e-17  -1.6387136e-16  4.2453680e-16  3.5664647e-16  8.0057471e-16  4.4141515e-16  1.3937702e-16  -6.2738852e-16  1.0000000   -1.1302817e-16  -5.3963070e-16  -1.8017434e-16  3.4168946e-16  5.3230395e-16  5.1125475e-16  1.8670163e-17  1.0145364e-15  1.2890307e-16  -9.6041456e-17  -3.6709501e-16  3.2981413e-16  7.0188196e-16  -7.9794554e-17  
4.5695844e-16  -2.0789030e-16  6.9521486e-18  -3.0900198e-16  -4.1669539e-17  3.7879380e-16  9.1534007e-17  9.3979500e-17  3.0956065e-17  2.4537655e-16  1.0957708e-17  4.0003067e-16  1.0221287e-16  -2.4390609e-16  6.5731946e-16  4.0646089e-16  -1.1302817e-16  1.0000000   4.3575830e-16  -3.4198615e-16  7.3309489e-16  -1.2571835e-16  5.2323571e-16  -3.5742330e-17  2.3403290e-16  -1.2271595e-15  -1.5545522e-16  2.8976473e-16  -3.9683111e-17  -2.8100674e-16  -3.9516429e-16  4.5695844e-16  -2.0789030e-16  6.9521486e-18  -3.0900198e-16  -4.1669539e-17  3.7879380e-16  9.1534007e-17  9.3979500e-17  3.0956065e-17  2.4537655e-16  1.0957708e-17  4.0003067e-16  1.0221287e-16  -2.4390609e-16  6.5731946e-16  4.0646089e-16  -1.1302817e-16  1.0000000   4.3575830e-16  -3.4198615e-16  7.3309489e-16  -1.2571835e-16  5.2323571e-16  -3.5742330e-17  2.3403290e-16  -1.2271595e-15  -1.5545522e-16  2.8976473e-16  -3.9683111e-17  -2.8100674e-16  -3.9516429e-16  
-1.3171284e-16  -8.1838464e-16  1.6710228e-16  -1.0773840e-16  2.0374997e-18  -7.8611489e-16  -1.8629258e-16  3.2572927e-16  -3.8499048e-16  -4.8443791e-16  5.2222203e-16  2.2704473e-17  1.3436059e-15  1.4911258e-16  -6.0814947e-16  4.1402739e-17  -5.3963070e-16  4.3575830e-16  1.0000000   4.2652719e-16  -8.2825429e-16  -5.9807369e-17  -6.1577954e-17  4.1410276e-16  7.2986629e-16  -7.4355658e-16  2.5344502e-16  2.8026036e-16  -3.6537648e-16  9.5485295e-17  -8.7662697e-17  -1.3171284e-16  -8.1838464e-16  1.6710228e-16  -1.0773840e-16  2.0374997e-18  -7.8611489e-16  -1.8629258e-16  3.2572927e-16  -3.8499048e-16  -4.8443791e-16  5.2222203e-16  2.2704473e-17  1.3436059e-15  1.4911258e-16  -6.0814947e-16  4.1402739e-17  -5.3963070e-16  4.3575830e-16  1.0000000   4.2652719e-16  -8.2825429e-16  -5.9807369e-17  -6.1577954e-17  4.1410276e-16  7.2986629e-16  -7.4355658e-16  2.5344502e-16  2.8026036e-16  -3.6537648e-16  9.5485295e-17  -8.7662697e-17  
5.8325105e-16  -7.1719039e-16  3.2382100e-16  4.2164624e-16  -1.4169869e-16  -5.7412364e-16  -5.3899623e-16  3.0823031e-16  -3.8379558e-16  -5.8466136e-16  -1.8936395e-16  4.6173606e-17  -8.7876373e-16  3.5973107e-16  1.0129642e-16  -3.8866300e-16  -1.8017434e-16  -3.4198615e-16  4.2652719e-16  1.0000000   6.3071021e-16  2.0771694e-16  5.4564212e-16  -1.6814819e-16  -5.9633611e-16  1.8110117e-15  -1.0048156e-15  -6.0666802e-16  -3.9091312e-16  1.8411123e-16  2.2487852e-16  5.8325105e-16  -7.1719039e-16  3.2382100e-16  4.2164624e-16  -1.4169869e-16  -5.7412364e-16  -5.3899623e-16  3.0823031e-16  -3.8379558e-16  -5.8466136e-16  -1.8936395e-16  4.6173606e-17  -8.7876373e-16  3.5973107e-16  1.0129642e-16  -3.8866300e-16  -1.8017434e-16  -3.4198615e-16  4.2652719e-16  1.0000000   6.3071021e-16  2.0771694e-16  5.4564212e-16  -1.6814819e-16  -5.9633611e-16  1.8110117e-15  -1.0048156e-15  -6.0666802e-16  -3.9091312e-16  1.8411123e-16  2.2487852e-16  
3.3576993e-16  4.2848320e-16  -2.0946721e-16  5.7054901e-17  3.4293743e-16  -7.0912261e-16  7.4048008e-16  9.2480221e-16  -4.5672249e-17  -3.5466548e-16  -1.1681312e-16  4.4475967e-16  7.2389789e-16  7.7726319e-17  4.5959988e-16  -1.5781971e-16  3.4168946e-16  7.3309489e-16  -8.2825429e-16  6.3071021e-16  1.0000000   -1.0741403e-17  -3.3866955e-17  6.8694532e-16  -1.7763619e-16  -1.1289542e-15  1.3988881e-16  2.3369070e-16  -2.1034914e-16  -6.2137250e-17  -5.4511029e-17  3.3576993e-16  4.2848320e-16  -2.0946721e-16  5.7054901e-17  3.4293743e-16  -7.0912261e-16  7.4048008e-16  9.2480221e-16  -4.5672249e-17  -3.5466548e-16  -1.1681312e-16  4.4475967e-16  7.2389789e-16  7.7726319e-17  4.5959988e-16  -1.5781971e-16  3.4168946e-16  7.3309489e-16  -8.2825429e-16  6.3071021e-16  1.0000000   -1.0741403e-17  -3.3866955e-17  6.8694532e-16  -1.7763619e-16  -1.1289542e-15  1.3988881e-16  2.3369070e-16  -2.1034914e-16  -6.2137250e-17  -5.4511029e-17  
2.5163575e-17  -2.6823579e-16  -1.6841066e-16  8.7514973e-16  -1.1262589e-15  1.2630062e-17  8.6105801e-16  2.9175626e-17  -4.8627417e-16  1.5376998e-16  -1.3763990e-16  7.5554353e-17  -7.9179354e-16  4.8084630e-16  -5.2298440e-17  7.5098774e-16  5.3230395e-16  -1.2571835e-16  -5.9807369e-17  2.0771694e-16  -1.0741403e-17  1.0000000   -6.1510594e-16  -7.5475352e-17  1.9248814e-16  2.0302279e-16  -1.0272659e-16  -3.1485293e-16  9.4018763e-16  5.9436268e-16  4.6210695e-16  2.5163575e-17  -2.6823579e-16  -1.6841066e-16  8.7514973e-16  -1.1262589e-15  1.2630062e-17  8.6105801e-16  2.9175626e-17  -4.8627417e-16  1.5376998e-16  -1.3763990e-16  7.5554353e-17  -7.9179354e-16  4.8084630e-16  -5.2298440e-17  7.5098774e-16  5.3230395e-16  -1.2571835e-16  -5.9807369e-17  2.0771694e-16  -1.0741403e-17  1.0000000   -6.1510594e-16  -7.5475352e-17  1.9248814e-16  2.0302279e-16  -1.0272659e-16  -3.1485293e-16  9.4018763e-16  5.9436268e-16  4.6210695e-16  
6.3728915e-16  4.8596836e-16  4.8566282e-17  -1.3002667e-16  8.6756610e-17  2.8187510e-16  5.4906695e-16  -1.0520253e-16  8.0861116e-17  -5.0481843e-16  -4.5416156e-16  -3.3544141e-16  3.8168395e-16  -6.3828399e-17  -2.0076825e-16  -4.0886658e-16  5.1125475e-16  5.2323571e-16  -6.1577954e-17  5.4564212e-16  -3.3866955e-17  -6.1510594e-16  1.0000000   -4.0978670e-16  6.4581115e-16  5.4385626e-16  -4.0808334e-16  1.4368195e-16  -2.0296176e-16  3.8674852e-16  5.3996643e-16  6.3728915e-16  4.8596836e-16  4.8566282e-17  -1.3002667e-16  8.6756610e-17  2.8187510e-16  5.4906695e-16  -1.0520253e-16  8.0861116e-17  -5.0481843e-16  -4.5416156e-16  -3.3544141e-16  3.8168395e-16  -6.3828399e-17  -2.0076825e-16  -4.0886658e-16  5.1125475e-16  5.2323571e-16  -6.1577954e-17  5.4564212e-16  -3.3866955e-17  -6.1510594e-16  1.0000000   -4.0978670e-16  6.4581115e-16  5.4385626e-16  -4.0808334e-16  1.4368195e-16  -2.0296176e-16  3.8674852e-16  5.3996643e-16  
3.8716513e-16  -3.0838054e-16  4.7923059e-16  2.1274155e-16  8.3732521e-16  -4.8110382e-16  -2.7370453e-16  5.5389277e-16  -3.1481706e-16  1.6622295e-16  1.7302507e-16  4.3599747e-17  -9.5504982e-16  1.2005794e-16  5.7128559e-16  -3.4534135e-16  1.8670163e-17  -3.5742330e-17  4.1410276e-16  -1.6814819e-16  6.8694532e-16  -7.5475352e-17  -4.0978670e-16  1.0000000   -4.7909260e-16  -6.6643431e-17  -4.0640296e-16  7.2535519e-16  1.7997801e-16  1.8954242e-16  -1.0516299e-15  3.8716513e-16  -3.0838054e-16  4.7923059e-16  2.1274155e-16  8.3732521e-16  -4.8110382e-16  -2.7370453e-16  5.5389277e-16  -3.1481706e-16  1.6622295e-16  1.7302507e-16  4.3599747e-17  -9.5504982e-16  1.2005794e-16  5.7128559e-16  -3.4534135e-16  1.8670163e-17  -3.5742330e-17  4.1410276e-16  -1.6814819e-16  6.8694532e-16  -7.5475352e-17  -4.0978670e-16  1.0000000   -4.7909260e-16  -6.6643431e-17  -4.0640296e-16  7.2535519e-16  1.7997801e-16  1.8954242e-16  -1.0516299e-15  
1.4711960e-16  -2.7336034e-16  1.5342793e-16  -8.3167634e-18  -2.5195687e-16  1.4874633e-15  1.9115509e-16  -7.2052801e-16  -2.7657463e-16  -5.2211109e-16  -1.9418146e-16  -3.4304462e-16  1.0114402e-15  2.0292474e-16  -4.2394887e-16  8.7923735e-16  1.0145364e-15  2.3403290e-16  7.2986629e-16  -5.9633611e-16  -1.7763619e-16  1.9248814e-16  6.4581115e-16  -4.7909260e-16  1.0000000   -1.0247389e-15  4.0092144e-16  4.4102587e-17  2.1869578e-17  1.7148300e-16  -1.7852394e-16  1.4711960e-16  -2.7336034e-16  1.5342793e-16  -8.3167634e-18  -2.5195687e-16  1.4874633e-15  1.9115509e-16  -7.2052801e-16  -2.7657463e-16  -5.2211109e-16  -1.9418146e-16  -3.4304462e-16  1.0114402e-15  2.0292474e-16  -4.2394887e-16  8.7923735e-16  1.0145364e-15  2.3403290e-16  7.2986629e-16  -5.9633611e-16  -1.7763619e-16  1.9248814e-16  6.4581115e-16  -4.7909260e-16  1.0000000   -1.0247389e-15  4.0092144e-16  4.4102587e-17  2.1869578e-17  1.7148300e-16  -1.7852394e-16  
5.0747555e-16  -3.3618846e-16  -2.8774941e-16  -8.4104516e-16  1.1906362e-16  -4.4667641e-17  -9.0338024e-16  1.3407772e-15  9.0150726e-16  -1.1289792e-15  -3.6898953e-16  3.3034802e-16  2.0577642e-16  1.4388883e-16  8.1499318e-16  -8.0510581e-16  1.2890307e-16  -1.2271595e-15  -7.4355658e-16  1.8110117e-15  -1.1289542e-15  2.0302279e-16  5.4385626e-16  -6.6643431e-17  -1.0247389e-15  1.0000000   -1.1737118e-15  8.3497401e-16  -1.2773007e-15  9.2022606e-16  6.8179481e-16  5.0747555e-16  -3.3618846e-16  -2.8774941e-16  -8.4104516e-16  1.1906362e-16  -4.4667641e-17  -9.0338024e-16  1.3407772e-15  9.0150726e-16  -1.1289792e-15  -3.6898953e-16  3.3034802e-16  2.0577642e-16  1.4388883e-16  8.1499318e-16  -8.0510581e-16  1.2890307e-16  -1.2271595e-15  -7.4355658e-16  1.8110117e-15  -1.1289542e-15  2.0302279e-16  5.4385626e-16  -6.6643431e-17  -1.0247389e-15  1.0000000   -1.1737118e-15  8.3497401e-16  -1.2773007e-15  9.2022606e-16  6.8179481e-16  
-9.3301764e-16  -1.7285956e-16  -6.5859128e-18  -2.7590034e-17  -1.2859032e-15  2.1214526e-16  -5.3339244e-16  4.0140681e-17  -2.2567378e-16  -7.5636257e-17  1.0104826e-16  4.3586396e-17  -2.2191513e-16  3.1988119e-16  -2.6559388e-16  -1.0747055e-16  -9.6041456e-17  -1.5545522e-16  2.5344502e-16  -1.0048156e-15  1.3988881e-16  -1.0272659e-16  -4.0808334e-16  -4.0640296e-16  4.0092144e-16  -1.1737118e-15  1.0000000   2.1720869e-16  -3.6656534e-17  -3.3014486e-17  -8.4286921e-16  -9.3301764e-16  -1.7285956e-16  -6.5859128e-18  -2.7590034e-17  -1.2859032e-15  2.1214526e-16  -5.3339244e-16  4.0140681e-17  -2.2567378e-16  -7.5636257e-17  1.0104826e-16  4.3586396e-17  -2.2191513e-16  3.1988119e-16  -2.6559388e-16  -1.0747055e-16  -9.6041456e-17  -1.5545522e-16  2.5344502e-16  -1.0048156e-15  1.3988881e-16  -1.0272659e-16  -4.0808334e-16  -4.0640296e-16  4.0092144e-16  -1.1737118e-15  1.0000000   2.1720869e-16  -3.6656534e-17  -3.3014486e-17  -8.4286921e-16  
-3.5601088e-17  7.1308026e-16  6.1385866e-16  -1.1322158e-15  4.2946102e-16  4.6315221e-17  -1.2294581e-16  -3.0362642e-16  2.4301341e-16  -6.0983883e-16  5.0542647e-16  6.3480165e-16  3.7716926e-16  4.4706819e-16  5.0340854e-16  4.0733293e-16  -3.6709501e-16  2.8976473e-16  2.8026036e-16  -6.0666802e-16  2.3369070e-16  -3.1485293e-16  1.4368195e-16  7.2535519e-16  4.4102587e-17  8.3497401e-16  2.1720869e-16  1.0000000   -2.4193354e-16  3.5152837e-16  -1.9379383e-17  -3.5601088e-17  7.1308026e-16  6.1385866e-16  -1.1322158e-15  4.2946102e-16  4.6315221e-17  -1.2294581e-16  -3.0362642e-16  2.4301341e-16  -6.0983883e-16  5.0542647e-16  6.3480165e-16  3.7716926e-16  4.4706819e-16  5.0340854e-16  4.0733293e-16  -3.6709501e-16  2.8976473e-16  2.8026036e-16  -6.0666802e-16  2.3369070e-16  -3.1485293e-16  1.4368195e-16  7.2535519e-16  4.4102587e-17  8.3497401e-16  2.1720869e-16  1.0000000   -2.4193354e-16  3.5152837e-16  -1.9379383e-17  
-8.3105578e-17  2.6782146e-17  5.3848949e-16  1.1418155e-15  6.4314661e-16  1.0120655e-16  6.1427496e-16  -3.8098765e-16  -1.1457496e-15  5.6516755e-16  2.6328238e-16  3.4752288e-16  4.6516105e-18  -4.3898462e-16  9.9849303e-17  2.5187050e-16  3.2981413e-16  -3.9683111e-17  -3.6537648e-16  -3.9091312e-16  -2.1034914e-16  9.4018763e-16  -2.0296176e-16  1.7997801e-16  2.1869578e-17  -1.2773007e-15  -3.6656534e-17  -2.4193354e-16  1.0000000   -5.9675663e-16  2.1938877e-16  -8.3105578e-17  2.6782146e-17  5.3848949e-16  1.1418155e-15  6.4314661e-16  1.0120655e-16  6.1427496e-16  -3.8098765e-16  -1.1457496e-15  5.6516755e-16  2.6328238e-16  3.4752288e-16  4.6516105e-18  -4.3898462e-16  9.9849303e-17  2.5187050e-16  3.2981413e-16  -3.9683111e-17  -3.6537648e-16  -3.9091312e-16  -2.1034914e-16  9.4018763e-16  -2.0296176e-16  1.7997801e-16  2.1869578e-17  -1.2773007e-15  -3.6656534e-17  -2.4193354e-16  1.0000000   -5.9675663e-16  2.1938877e-16  
-1.7768144e-16  7.3660440e-16  -8.7040380e-16  4.8804391e-16  7.5562658e-17  -2.5911409e-16  2.8726582e-16  -8.4260438e-16  -5.0310719e-16  -7.2608290e-16  3.9641158e-16  -5.0415452e-16  2.7427530e-16  2.4152552e-16  2.8705823e-16  -1.2722344e-16  7.0188196e-16  -2.8100674e-16  9.5485295e-17  1.8411123e-16  -6.2137250e-17  5.9436268e-16  3.8674852e-16  1.8954242e-16  1.7148300e-16  9.2022606e-16  -3.3014486e-17  3.5152837e-16  -5.9675663e-16  1.0000000   2.3785827e-16  -1.7768144e-16  7.3660440e-16  -8.7040380e-16  4.8804391e-16  7.5562658e-17  -2.5911409e-16  2.8726582e-16  -8.4260438e-16  -5.0310719e-16  -7.2608290e-16  3.9641158e-16  -5.0415452e-16  2.7427530e-16  2.4152552e-16  2.8705823e-16  -1.2722344e-16  7.0188196e-16  -2.8100674e-16  9.5485295e-17  1.8411123e-16  -6.2137250e-17  5.9436268e-16  3.8674852e-16  1.8954242e-16  1.7148300e-16  9.2022606e-16  -3.3014486e-17  3.5152837e-16  -5.9675663e-16  1.0000000   2.3785827e-16  
-4.8037894e-16  -6.1508639e-16  -2.7952759e-17  -2.1364577e-16  3.7628507e-16  -7.1033870e-16  8.7771149e-17  -7.1591084e-16  2.8622194e-16  1.0523217e-15  9.4027603e-16  8.0305954e-16  3.1308547e-16  -2.3083183e-17  2.4550583e-16  -3.6063050e-16  -7.9794554e-17  -3.9516429e-16  -8.7662697e-17  2.2487852e-16  -5.4511029e-17  4.6210695e-16  5.3996643e-16  -1.0516299e-15  -1.7852394e-16  6.8179481e-16  -8.4286921e-16  -1.9379383e-17  2.1938877e-16  2.3785827e-16  1.0000000   -4.8037894e-16  -6.1508639e-16  -2.7952759e-17  -2.1364577e-16  3.7628507e-16  -7.1033870e-16  8.7771149e-17  -7.1591084e-16  2.8622194e-16  1.0523217e-15  9.4027603e-16  8.0305954e-16  3.1308547e-16  -2.3083183e-17  2.4550583e-16  -3.6063050e-16  -7.9794554e-17  -3.9516429e-16  -8.7662697e-17  2.2487852e-16  -5.4511029e-17  4.6210695e-16  5.3996643e-16  -1.0516299e-15  -1.7852394e-16  6.8179481e-16  -8.4286921e-16  -1.9379383e-17  2.1938877e-16  2.3785827e-16  1.0000000   
1.0000000   -3.8404255e-17  6.9654741e-16  5.6806536e-16  4.0218056e-16  -4.9836274e-16  5.4197608e-16  -3.6191886e-16  -1.7303714e-16  -4.7665925e-16  -2.5799525e-16  -3.6589536e-16  1.9643434e-15  -3.0880356e-16  -8.2721931e-16  -2.9275972e-16  -2.2150578e-16  4.5695844e-16  -1.3171284e-16  5.8325105e-16  3.3576993e-16  2.5163575e-17  6.3728915e-16  3.8716513e-16  1.4711960e-16  5.0747555e-16  -9.3301764e-16  -3.5601088e-17  -8.3105578e-17  -1.7768144e-16  -4.8037894e-16  1.0000000   -3.8404255e-17  6.9654741e-16  5.6806536e-16  4.0218056e-16  -4.9836274e-16  5.4197608e-16  -3.6191886e-16  -1.7303714e-16  -4.7665925e-16  -2.5799525e-16  -3.6589536e-16  1.9643434e-15  -3.0880356e-16  -8.2721931e-16  -2.9275972e-16  -2.2150578e-16  4.5695844e-16  -1.3171284e-16  5.8325105e-16  3.3576993e-16  2.5163575e-17  6.3728915e-16  3.8716513e-16  1.4711960e-16  5.0747555e-16  -9.3301764e-16  -3.5601088e-17  -8.3105578e-17  -1.7768144e-16  -4.8037894e-16  
-3.8404255e-17  1.0000000   6.8224083e-17  -1.7406237e-16  6.8506836e-16  8.9368863e-16  1.6690632e-16  -2.0486585e-16  6.1898623e-16  -8.5950201e-16  -4.4152320e-16  -9.8600056e-16  -1.7868725e-16  -9.6854322e-16  2.2816979e-16  2.2915605e-16  1.0047063e-15  -2.0789030e-16  -8.1838464e-16  -7.1719039e-16  4.2848320e-16  -2.6823579e-16  4.8596836e-16  -3.0838054e-16  -2.7336034e-16  -3.3618846e-16  -1.7285956e-16  7.1308026e-16  2.6782146e-17  7.3660440e-16  -6.1508639e-16  -3.8404255e-17  1.0000000   6.8224083e-17  -1.7406237e-16  6.8506836e-16  8.9368863e-16  1.6690632e-16  -2.0486585e-16  6.1898623e-16  -8.5950201e-16  -4.4152320e-16  -9.8600056e-16  -1.7868725e-16  -9.6854322e-16  2.2816979e-16  2.2915605e-16  1.0047063e-15  -2.0789030e-16  -8.1838464e-16  -7.1719039e-16  4.2848320e-16  -2.6823579e-16  4.8596836e-16  -3.0838054e-16  -2.7336034e-16  -3.3618846e-16  -1.7285956e-16  7.1308026e-16  2.6782146e-17  7.3660440e-16  -6.1508639e-16  
6.9654741e-16  6.8224083e-17  1.0000000   2.2683236e-16  1.0255199e-15  -6.7434450e-17  4.3971173e-16  1.1409743e-15  -7.1948136e-16  -9.5235474e-17  1.5678606e-16  1.1343976e-16  2.3392341e-16  2.1833982e-16  8.2606887e-17  -1.1866191e-16  -4.0573916e-16  6.9521486e-18  1.6710228e-16  3.2382100e-16  -2.0946721e-16  -1.6841066e-16  4.8566282e-17  4.7923059e-16  1.5342793e-16  -2.8774941e-16  -6.5859128e-18  6.1385866e-16  5.3848949e-16  -8.7040380e-16  -2.7952759e-17  6.9654741e-16  6.8224083e-17  1.0000000   2.2683236e-16  1.0255199e-15  -6.7434450e-17  4.3971173e-16  1.1409743e-15  -7.1948136e-16  -9.5235474e-17  1.5678606e-16  1.1343976e-16  2.3392341e-16  2.1833982e-16  8.2606887e-17  -1.1866191e-16  -4.0573916e-16  6.9521486e-18  1.6710228e-16  3.2382100e-16  -2.0946721e-16  -1.6841066e-16  4.8566282e-17  4.7923059e-16  1.5342793e-16  -2.8774941e-16  -6.5859128e-18  6.1385866e-16  5.3848949e-16  -8.7040380e-16  -2.7952759e-17  
5.6806536e-16  -1.7406237e-16  2.2683236e-16  1.0000000   -3.2656588e-16  1.3377638e-15  3.9052831e-16  3.0085887e-16  -8.4035173e-16  -2.8946139e-16  -6.1064752e-16  -3.9767183e-16  7.4449699e-16  3.5415645e-16  -9.7566180e-17  -5.8568580e-16  -1.0938877e-15  -3.0900198e-16  -1.0773840e-16  4.2164624e-16  5.7054901e-17  8.7514973e-16  -1.3002667e-16  2.1274155e-16  -8.3167634e-18  -8.4104516e-16  -2.7590034e-17  -1.1322158e-15  1.1418155e-15  4.8804391e-16  -2.1364577e-16  5.6806536e-16  -1.7406237e-16  2.2683236e-16  1.0000000   -3.2656588e-16  1.3377638e-15  3.9052831e-16  3.0085887e-16  -8.4035173e-16  -2.8946139e-16  -6.1064752e-16  -3.9767183e-16  7.4449699e-16  3.5415645e-16  -9.7566180e-17  -5.8568580e-16  -1.0938877e-15  -3.0900198e-16  -1.0773840e-16  4.2164624e-16  5.7054901e-17  8.7514973e-16  -1.3002667e-16  2.1274155e-16  -8.3167634e-18  -8.4104516e-16  -2.7590034e-17  -1.1322158e-15  1.1418155e-15  4.8804391e-16  -2.1364577e-16  
4.0218056e-16  6.8506836e-16  1.0255199e-15  -3.2656588e-16  1.0000000   1.7217060e-16  6.0514308e-16  1.8960008e-16  -6.3238786e-16  -7.5815232e-17  -4.7896670e-16  4.7291591e-16  1.4488182e-16  -6.5345289e-16  2.2869322e-16  7.6395532e-16  1.8638546e-17  -4.1669539e-17  2.0374997e-18  -1.4169869e-16  3.4293743e-16  -1.1262589e-15  8.6756610e-17  8.3732521e-16  -2.5195687e-16  1.1906362e-16  -1.2859032e-15  4.2946102e-16  6.4314661e-16  7.5562658e-17  3.7628507e-16  4.0218056e-16  6.8506836e-16  1.0255199e-15  -3.2656588e-16  1.0000000   1.7217060e-16  6.0514308e-16  1.8960008e-16  -6.3238786e-16  -7.5815232e-17  -4.7896670e-16  4.7291591e-16  1.4488182e-16  -6.5345289e-16  2.2869322e-16  7.6395532e-16  1.8638546e-17  -4.1669539e-17  2.0374997e-18  -1.4169869e-16  3.4293743e-16  -1.1262589e-15  8.6756610e-17  8.3732521e-16  -2.5195687e-16  1.1906362e-16  -1.2859032e-15  4.2946102e-16  6.4314661e-16  7.5562658e-17  3.7628507e-16  
-4.9836274e-16  8.9368863e-16  -6.7434450e-17  1.3377638e-15  1.7217060e-16  1.0000000   9.3781547e-16  1.1918180e-16  6.3955774e-16  -8.7134670e-17  -4.7747333e-16  8.0823565e-16  3.4967609e-16  -2.7968009e-16  2.6020555e-16  -1.2751229e-16  -1.7038856e-16  3.7879380e-16  -7.8611489e-16  -5.7412364e-16  -7.0912261e-16  1.2630062e-17  2.8187510e-16  -4.8110382e-16  1.4874633e-15  -4.4667641e-17  2.1214526e-16  4.6315221e-17  1.0120655e-16  -2.5911409e-16  -7.1033870e-16  -4.9836274e-16  8.9368863e-16  -6.7434450e-17  1.3377638e-15  1.7217060e-16  1.0000000   9.3781547e-16  1.1918180e-16  6.3955774e-16  -8.7134670e-17  -4.7747333e-16  8.0823565e-16  3.4967609e-16  -2.7968009e-16  2.6020555e-16  -1.2751229e-16  -1.7038856e-16  3.7879380e-16  -7.8611489e-16  -5.7412364e-16  -7.0912261e-16  1.2630062e-17  2.8187510e-16  -4.8110382e-16  1.4874633e-15  -4.4667641e-17  2.1214526e-16  4.6315221e-17  1.0120655e-16  -2.5911409e-16  -7.1033870e-16  
5.4197608e-16  1.6690632e-16  4.3971173e-16  3.9052831e-16  6.0514308e-16  9.3781547e-16  1.0000000   -1.2816814e-15  -1.0578564e-15  -4.2902362e-16  -6.9452191e-16  -1.8254274e-15  -1.9571731e-16  -2.4289624e-16  6.8528593e-17  1.1569626e-15  7.1811789e-16  9.1534007e-17  -1.8629258e-16  -5.3899623e-16  7.4048008e-16  8.6105801e-16  5.4906695e-16  -2.7370453e-16  1.9115509e-16  -9.0338024e-16  -5.3339244e-16  -1.2294581e-16  6.1427496e-16  2.8726582e-16  8.7771149e-17  5.4197608e-16  1.6690632e-16  4.3971173e-16  3.9052831e-16  6.0514308e-16  9.3781547e-16  1.0000000   -1.2816814e-15  -1.0578564e-15  -4.2902362e-16  -6.9452191e-16  -1.8254274e-15  -1.9571731e-16  -2.4289624e-16  6.8528593e-17  1.1569626e-15  7.1811789e-16  9.1534007e-17  -1.8629258e-16  -5.3899623e-16  7.4048008e-16  8.6105801e-16  5.4906695e-16  -2.7370453e-16  1.9115509e-16  -9.0338024e-16  -5.3339244e-16  -1.2294581e-16  6.1427496e-16  2.8726582e-16  8.7771149e-17  
-3.6191886e-16  -2.0486585e-16  1.1409743e-15  3.0085887e-16  1.8960008e-16  1.1918180e-16  -1.2816814e-15  1.0000000   -7.0402680e-17  4.9698783e-16  -2.3776296e-16  1.3531723e-15  -6.8603789e-16  1.0738374e-15  -2.5815008e-16  2.7658887e-16  -2.0108853e-16  9.3979500e-17  3.2572927e-16  3.0823031e-16  9.2480221e-16  2.9175626e-17  -1.0520253e-16  5.5389277e-16  -7.2052801e-16  1.3407772e-15  4.0140681e-17  -3.0362642e-16  -3.8098765e-16  -8.4260438e-16  -7.1591084e-16  -3.6191886e-16  -2.0486585e-16  1.1409743e-15  3.0085887e-16  1.8960008e-16  1.1918180e-16  -1.2816814e-15  1.0000000   -7.0402680e-17  4.9698783e-16  -2.3776296e-16  1.3531723e-15  -6.8603789e-16  1.0738374e-15  -2.5815008e-16  2.7658887e-16  -2.0108853e-16  9.3979500e-17  3.2572927e-16  3.0823031e-16  9.2480221e-16  2.9175626e-17  -1.0520253e-16  5.5389277e-16  -7.2052801e-16  1.3407772e-15  4.0140681e-17  -3.0362642e-16  -3.8098765e-16  -8.4260438e-16  -7.1591084e-16  
-1.7303714e-16  6.1898623e-16  -7.1948136e-16  -8.4035173e-16  -6.3238786e-16  6.3955774e-16  -1.0578564e-15  -7.0402680e-17  1.0000000   -3.0697939e-16  -3.9326212e-16  8.5555177e-16  -5.5424459e-16  -4.3708601e-16  9.3178301e-16  -2.1941371e-16  -3.2868736e-17  3.0956065e-17  -3.8499048e-16  -3.8379558e-16  -4.5672249e-17  -4.8627417e-16  8.0861116e-17  -3.1481706e-16  -2.7657463e-16  9.0150726e-16  -2.2567378e-16  2.4301341e-16  -1.1457496e-15  -5.0310719e-16  2.8622194e-16  -1.7303714e-16  6.1898623e-16  -7.1948136e-16  -8.4035173e-16  -6.3238786e-16  6.3955774e-16  -1.0578564e-15  -7.0402680e-17  1.0000000   -3.0697939e-16  -3.9326212e-16  8.5555177e-16  -5.5424459e-16  -4.3708601e-16  9.3178301e-16  -2.1941371e-16  -3.2868736e-17  3.0956065e-17  -3.8499048e-16  -3.8379558e-16  -4.5672249e-17  -4.8627417e-16  8.0861116e-17  -3.1481706e-16  -2.7657463e-16  9.0150726e-16  -2.2567378e-16  2.4301341e-16  -1.1457496e-15  -5.0310719e-16  2.8622194e-16  
-4.7665925e-16  -8.5950201e-16  -9.5235474e-17  -2.8946139e-16  -7.5815232e-17  -8.7134670e-17  -4.2902362e-16  4.9698783e-16  -3.0697939e-16  1.0000000   -5.3381373e-16  8.1990861e-16  3.5633604e-16  -2.3381010e-16  -4.0760089e-16  -1.1835937e-16  -1.6387136e-16  2.4537655e-16  -4.8443791e-16  -5.8466136e-16  -3.5466548e-16  1.5376998e-16  -5.0481843e-16  1.6622295e-16  -5.2211109e-16  -1.1289792e-15  -7.5636257e-17  -6.0983883e-16  5.6516755e-16  -7.2608290e-16  1.0523217e-15  -4.7665925e-16  -8.5950201e-16  -9.5235474e-17  -2.8946139e-16  -7.5815232e-17  -8.7134670e-17  -4.2902362e-16  4.9698783e-16  -3.0697939e-16  1.0000000   -5.3381373e-16  8.1990861e-16  3.5633604e-16  -2.3381010e-16  -4.0760089e-16  -1.1835937e-16  -1.6387136e-16  2.4537655e-16  -4.8443791e-16  -5.8466136e-16  -3.5466548e-16  1.5376998e-16  -5.0481843e-16  1.6622295e-16  -5.2211109e-16  -1.1289792e-15  -7.5636257e-17  -6.0983883e-16  5.6516755e-16  -7.2608290e-16  1.0523217e-15  
