1.0000000   4.5123826e-16  3.3448443e-16  -1.5455158e-16  7.2408146e-16  1.6866633e-16  -1.1443801e-16  -9.6619018e-16  5.2387036e-16  2.8240403e-17  9.0425644e-17  1.4325441e-16  1.1037027e-16  -6.3488986e-16  8.8338976e-16  -7.6101249e-16  1.4503870e-16  -4.3082101e-16  -6.9359091e-16  1.4815438e-16  4.4309670e-16  -3.7253703e-16  2.9258371e-16  -1.4328782e-16  -1.2291734e-16  -5.4130138e-16  -3.7388279e-17  6.9601663e-17  -1.1570960e-16  3.2397933e-16  1.3617807e-16  1.0000000   4.5123826e-16  3.3448443e-16  -1.5455158e-16  7.2408146e-16  1.6866633e-16  -1.1443801e-16  -9.6619018e-16  5.2387036e-16  2.8240403e-17  9.0425644e-17  1.4325441e-16  1.1037027e-16  -6.3488986e-16  8.8338976e-16  -7.6101249e-16  1.4503870e-16  -4.3082101e-16  -6.9359091e-16  1.4815438e-16  4.4309670e-16  -3.7253703e-16  2.9258371e-16  -1.4328782e-16  -1.2291734e-16  -5.4130138e-16  -3.7388279e-17  6.9601663e-17  -1.1570960e-16  3.2397933e-16  1.3617807e-16  
4.5123826e-16  1.0000000   2.9029462e-16  1.1110614e-17  6.0113958e-16  -5.5182867e-16  1.5176041e-16  3.2941047e-16  -4.3099720e-16  6.6323605e-16  -4.9308976e-16  -6.9739104e-16  1.0308826e-16  7.4055711e-16  -2.0990863e-16  -8.8755623e-17  3.6156971e-16  6.2011098e-16  -7.7506091e-17  3.7467362e-16  -8.6620342e-17  5.4110240e-16  -2.9837608e-16  -1.0697583e-16  1.7593571e-16  -4.5475965e-17  -2.6831096e-16  2.3556241e-17  -2.2345525e-16  -7.0067757e-18  -1.0253186e-15  4.5123826e-16  1.0000000   2.9029462e-16  1.1110614e-17  6.0113958e-16  -5.5182867e-16  1.5176041e-16  3.2941047e-16  -4.3099720e-16  6.6323605e-16  -4.9308976e-16  -6.9739104e-16  1.0308826e-16  7.4055711e-16  -2.0990863e-16  -8.8755623e-17  3.6156971e-16  6.2011098e-16  -7.7506091e-17  3.7467362e-16  -8.6620342e-17  5.4110240e-16  -2.9837608e-16  -1.0697583e-16  1.7593571e-16  -4.5475965e-17  -2.6831096e-16  2.3556241e-17  -2.2345525e-16  -7.0067757e-18  -1.0253186e-15  
3.3448443e-16  2.9029462e-16  1.0000000   6.4655902e-16  -4.4808913e-17  5.2367721e-16  2.8816192e-16  -4.3387144e-16  6.4531405e-17  -1.8074515e-16  -1.2935476e-16  -7.1781331e-17  4.2792995e-16  1.9138531e-16  -3.1990191e-16  -1.2023268e-16  1.0353638e-16  3.8755332e-16  -2.1529334e-17  -4.4648807e-17  -7.2837518e-17  4.9955249e-16  -1.5983023e-16  -4.4315849e-16  -4.4847509e-16  -8.9666200e-16  -1.8268965e-17  -3.2205052e-16  5.5823931e-16  -1.1615285e-16  -1.3931357e-16  3.3448443e-16  2.9029462e-16  1.0000000   6.4655902e-16  -4.4808913e-17  5.2367721e-16  2.8816192e-16  -4.3387144e-16  6.4531405e-17  -1.8074515e-16  -1.2935476e-16  -7.1781331e-17  4.2792995e-16  1.9138531e-16  -3.1990191e-16  -1.2023268e-16  1.0353638e-16  3.8755332e-16  -2.1529334e-17  -4.4648807e-17  -7.2837518e-17  4.9955249e-16  -1.5983023e-16  -4.4315849e-16  -4.4847509e-16  -8.9666200e-16  -1.8268965e-17  -3.2205052e-16  5.5823931e-16  -1.1615285e-16  -1.3931357e-16  
-1.5455158e-16  1.1110614e-17  6.4655902e-16  1.0000000   -2.5414322e-17  -1.0106226e-16  2.0265427e-16  3.1802265e-16  2.2299262e-16  -3.0091203e-16  1.4685984e-16  4.1842974e-16  -3.4130911e-16  7.5556938e-16  -8.4346714e-18  4.4165061e-16  -2.2656409e-16  -4.5814524e-16  -1.6255219e-16  3.4693574e-16  1.4487322e-16  -7.0383653e-16  5.4937083e-16  5.3622003e-17  -1.6725436e-16  2.9267097e-16  -2.4342855e-16  3.4560565e-16  -8.9738848e-16  7.4652501e-17  -7.0425550e-16  -1.5455158e-16  1.1110614e-17  6.4655902e-16  1.0000000   -2.5414322e-17  -1.0106226e-16  2.0265427e-16  3.1802265e-16  2.2299262e-16  -3.0091203e-16  1.4685984e-16  4.1842974e-16  -3.4130911e-16  7.5556938e-16  -8.4346714e-18  4.4165061e-16  -2.2656409e-16  -4.5814524e-16  -1.6255219e-16  3.4693574e-16  1.4487322e-16  -7.0383653e-16  5.4937083e-16  5.3622003e-17  -1.6725436e-16  2.9267097e-16  -2.4342855e-16  3.4560565e-16  -8.9738848e-16  7.4652501e-17  -7.0425550e-16  
7.2408146e-16  6.0113958e-16  -4.4808913e-17  -2.5414322e-17  1.0000000   -2.4763718e-16  -8.1105101e-16  -1.7802423e-16  2.0440376e-17  3.4082608e-16  -4.7391236e-16  1.4710957e-16  -4.7742158e-16  -2.6728939e-16  -7.3594473e-16  -3.9859331e-16  3.4708483e-16  -2.3081338e-16  -8.1378208e-16  4.4472401e-17  -1.7709136e-16  -9.0517388e-17  3.6846548e-16  3.7365261e-16  4.7141599e-16  3.6218498e-16  3.4409330e-17  3.2865060e-16  5.6989921e-16  8.9905483e-18  9.2322763e-16  7.2408146e-16  6.0113958e-16  -4.4808913e-17  -2.5414322e-17  1.0000000   -2.4763718e-16  -8.1105101e-16  -1.7802423e-16  2.0440376e-17  3.4082608e-16  -4.7391236e-16  1.4710957e-16  -4.7742158e-16  -2.6728939e-16  -7.3594473e-16  -3.9859331e-16  3.4708483e-16  -2.3081338e-16  -8.1378208e-16  4.4472401e-17  -1.7709136e-16  -9.0517388e-17  3.6846548e-16  3.7365261e-16  4.7141599e-16  3.6218498e-16  3.4409330e-17  3.2865060e-16  5.6989921e-16  8.9905483e-18  9.2322763e-16  
1.6866633e-16  -5.5182867e-16  5.2367721e-16  -1.0106226e-16  -2.4763718e-16  1.0000000   -3.8253820e-17  1.8813737e-17  -4.3602109e-16  5.7294493e-16  -3.3766408e-16  -5.6238322e-18  3.0329151e-16  -3.0579464e-16  8.9138257e-18  1.2612694e-16  1.8066299e-16  -4.6689606e-16  1.7729849e-17  4.0838228e-16  -5.0862823e-17  -1.8154435e-16  1.7515101e-16  -6.5582765e-16  -1.3697429e-16  1.3988248e-16  -1.5162426e-16  -2.7829279e-17  3.9669017e-16  8.7824661e-18  -4.1867575e-16  1.6866633e-16  -5.5182867e-16  5.2367721e-16  -1.0106226e-16  -2.4763718e-16  1.0000000   -3.8253820e-17  1.8813737e-17  -4.3602109e-16  5.7294493e-16  -3.3766408e-16  -5.6238322e-18  3.0329151e-16  -3.0579464e-16  8.9138257e-18  1.2612694e-16  1.8066299e-16  -4.6689606e-16  1.7729849e-17  4.0838228e-16  -5.0862823e-17  -1.8154435e-16  1.7515101e-16  -6.5582765e-16  -1.3697429e-16  1.3988248e-16  -1.5162426e-16  -2.7829279e-17  3.9669017e-16  8.7824661e-18  -4.1867575e-16  
-1.1443801e-16  1.5176041e-16  2.8816192e-16  2.0265427e-16  -8.1105101e-16  -3.8253820e-17  1.0000000   6.6051831e-17  8.4854355e-16  2.7552923e-17  3.3613037e-16  1.2743284e-15  4.3451485e-16  8.3517672e-16  -3.5095878e-16  2.5268778e-16  -2.2495743e-16  6.8711398e-16  5.8210936e-17  6.6016011e-17  -7.3073180e-17  3.9875108e-16  2.5331696e-16  3.9788936e-16  -4.0379103e-17  1.1075892e-16  4.9162011e-16  2.2418426e-16  2.4949370e-16  2.8738435e-16  3.7986016e-16  -1.1443801e-16  1.5176041e-16  2.8816192e-16  2.0265427e-16  -8.1105101e-16  -3.8253820e-17  1.0000000   6.6051831e-17  8.4854355e-16  2.7552923e-17  3.3613037e-16  1.2743284e-15  4.3451485e-16  8.3517672e-16  -3.5095878e-16  2.5268778e-16  -2.2495743e-16  6.8711398e-16  5.8210936e-17  6.6016011e-17  -7.3073180e-17  3.9875108e-16  2.5331696e-16  3.9788936e-16  -4.0379103e-17  1.1075892e-16  4.9162011e-16  2.2418426e-16  2.4949370e-16  2.8738435e-16  3.7986016e-16  
-9.6619018e-16  3.2941047e-16  -4.3387144e-16  3.1802265e-16  -1.7802423e-16  1.8813737e-17  6.6051831e-17  1.0000000   -2.9296602e-16  6.0169075e-16  8.7073297e-16  -1.0952981e-15  -9.5971259e-16  1.0631843e-15  -1.1585688e-16  2.4271486e-16  7.1875038e-16  -1.3988605e-16  7.1745380e-16  -2.9082406e-17  -2.4640972e-16  2.4877159e-16  1.8014335e-16  -6.4394346e-16  3.7142819e-16  1.4133569e-16  5.0430510e-16  -1.9622293e-16  2.4246003e-16  2.2837903e-16  -5.1881888e-16  -9.6619018e-16  3.2941047e-16  -4.3387144e-16  3.1802265e-16  -1.7802423e-16  1.8813737e-17  6.6051831e-17  1.0000000   -2.9296602e-16  6.0169075e-16  8.7073297e-16  -1.0952981e-15  -9.5971259e-16  1.0631843e-15  -1.1585688e-16  2.4271486e-16  7.1875038e-16  -1.3988605e-16  7.1745380e-16  -2.9082406e-17  -2.4640972e-16  2.4877159e-16  1.8014335e-16  -6.4394346e-16  3.7142819e-16  1.4133569e-16  5.0430510e-16  -1.9622293e-16  2.4246003e-16  2.2837903e-16  -5.1881888e-16  
5.2387036e-16  -4.3099720e-16  6.4531405e-17  2.2299262e-16  2.0440376e-17  -4.3602109e-16  8.4854355e-16  -2.9296602e-16  1.0000000   3.4716494e-16  -7.5546910e-16  -4.0068856e-17  -2.3942471e-16  9.0025973e-17  -4.5060071e-17  5.2509648e-16  1.5350341e-16  2.2042459e-16  2.8307891e-16  -5.5758432e-17  -1.1265768e-16  -4.2496680e-16  5.6469974e-17  -2.2553949e-16  -3.6453738e-16  2.9873373e-16  -4.3279134e-16  1.9486182e-16  -3.1170771e-17  4.6372379e-16  -1.1080678e-16  5.2387036e-16  -4.3099720e-16  6.4531405e-17  2.2299262e-16  2.0440376e-17  -4.3602109e-16  8.4854355e-16  -2.9296602e-16  1.0000000   3.4716494e-16  -7.5546910e-16  -4.0068856e-17  -2.3942471e-16  9.0025973e-17  -4.5060071e-17  5.2509648e-16  1.5350341e-16  2.2042459e-16  2.8307891e-16  -5.5758432e-17  -1.1265768e-16  -4.2496680e-16  5.6469974e-17  -2.2553949e-16  -3.6453738e-16  2.9873373e-16  -4.3279134e-16  1.9486182e-16  -3.1170771e-17  4.6372379e-16  -1.1080678e-16  
2.8240403e-17  6.6323605e-16  -1.8074515e-16  -3.0091203e-16  3.4082608e-16  5.7294493e-16  2.7552923e-17  6.0169075e-16  3.4716494e-16  1.0000000   -4.9424697e-16  -2.4087993e-17  5.4630712e-16  -1.3286013e-16  -2.2325869e-17  -3.9116750e-16  -2.2468911e-16  -1.6334024e-16  -2.0147874e-16  -1.9967882e-16  5.5880490e-16  1.5442534e-17  9.7700403e-17  -4.7635107e-16  -3.2450221e-17  1.3860388e-16  -3.8529797e-17  -2.7592700e-16  1.0055181e-16  -1.4562510e-17  2.6144130e-16  2.8240403e-17  6.6323605e-16  -1.8074515e-16  -3.0091203e-16  3.4082608e-16  5.7294493e-16  2.7552923e-17  6.0169075e-16  3.4716494e-16  1.0000000   -4.9424697e-16  -2.4087993e-17  5.4630712e-16  -1.3286013e-16  -2.2325869e-17  -3.9116750e-16  -2.2468911e-16  -1.6334024e-16  -2.0147874e-16  -1.9967882e-16  5.5880490e-16  1.5442534e-17  9.7700403e-17  -4.7635107e-16  -3.2450221e-17  1.3860388e-16  -3.8529797e-17  -2.7592700e-16  1.0055181e-16  -1.4562510e-17  2.6144130e-16  
9.0425644e-17  -4.9308976e-16  -1.2935476e-16  1.4685984e-16  -4.7391236e-16  -3.3766408e-16  3.3613037e-16  8.7073297e-16  -7.5546910e-16  -4.9424697e-16  1.0000000   -2.2329377e-18  6.2174785e-16  7.9777085e-16  1.8849764e-16  1.3849737e-16  -6.9467588e-16  -9.4791937e-17  2.3006044e-16  -1.1697256e-16  1.3212743e-16  -4.3882546e-16  -3.7976400e-16  9.7145937e-17  -6.9128958e-16  1.8909168e-16  -1.9746844e-16  1.6592459e-16  -9.0460325e-17  1.8449315e-16  -7.0092413e-17  9.0425644e-17  -4.9308976e-16  -1.2935476e-16  1.4685984e-16  -4.7391236e-16  -3.3766408e-16  3.3613037e-16  8.7073297e-16  -7.5546910e-16  -4.9424697e-16  1.0000000   -2.2329377e-18  6.2174785e-16  7.9777085e-16  1.8849764e-16  1.3849737e-16  -6.9467588e-16  -9.4791937e-17  2.3006044e-16  -1.1697256e-16  1.3212743e-16  -4.3882546e-16  -3.7976400e-16  9.7145937e-17  -6.9128958e-16  1.8909168e-16  -1.9746844e-16  1.6592459e-16  -9.0460325e-17  1.8449315e-16  -7.0092413e-17  
1.4325441e-16  -6.9739104e-16  -7.1781331e-17  4.1842974e-16  1.4710957e-16  -5.6238322e-18  1.2743284e-15  -1.0952981e-15  -4.0068856e-17  -2.4087993e-17  -2.2329377e-18  1.0000000   7.6206936e-16  7.5036654e-17  1.2045953e-17  -1.5033688e-16  -8.2877786e-16  3.6439959e-16  3.0926867e-17  9.6272494e-17  -6.5139444e-16  -9.5112890e-17  -2.7864069e-17  3.4548711e-16  2.2853351e-16  2.9826936e-16  6.4229871e-16  3.3876455e-16  -5.9910928e-17  4.7990726e-16  -5.6222237e-16  1.4325441e-16  -6.9739104e-16  -7.1781331e-17  4.1842974e-16  1.4710957e-16  -5.6238322e-18  1.2743284e-15  -1.0952981e-15  -4.0068856e-17  -2.4087993e-17  -2.2329377e-18  1.0000000   7.6206936e-16  7.5036654e-17  1.2045953e-17  -1.5033688e-16  -8.2877786e-16  3.6439959e-16  3.0926867e-17  9.6272494e-17  -6.5139444e-16  -9.5112890e-17  -2.7864069e-17  3.4548711e-16  2.2853351e-16  2.9826936e-16  6.4229871e-16  3.3876455e-16  -5.9910928e-17  4.7990726e-16  -5.6222237e-16  
1.1037027e-16  1.0308826e-16  4.2792995e-16  -3.4130911e-16  -4.7742158e-16  3.0329151e-16  4.3451485e-16  -9.5971259e-16  -2.3942471e-16  5.4630712e-16  6.2174785e-16  7.6206936e-16  1.0000000   3.4417310e-16  3.6368547e-16  5.7107106e-16  4.5092760e-16  5.5318473e-16  1.0708786e-15  -5.8654206e-17  5.6157001e-16  2.0896800e-16  4.1900222e-16  -2.5544980e-16  -8.0784939e-17  -1.3595329e-16  6.1448554e-16  7.9502406e-16  1.7925943e-16  -5.1359938e-16  -3.0586852e-16  1.1037027e-16  1.0308826e-16  4.2792995e-16  -3.4130911e-16  -4.7742158e-16  3.0329151e-16  4.3451485e-16  -9.5971259e-16  -2.3942471e-16  5.4630712e-16  6.2174785e-16  7.6206936e-16  1.0000000   3.4417310e-16  3.6368547e-16  5.7107106e-16  4.5092760e-16  5.5318473e-16  1.0708786e-15  -5.8654206e-17  5.6157001e-16  2.0896800e-16  4.1900222e-16  -2.5544980e-16  -8.0784939e-17  -1.3595329e-16  6.1448554e-16  7.9502406e-16  1.7925943e-16  -5.1359938e-16  -3.0586852e-16  
-6.3488986e-16  7.4055711e-16  1.9138531e-16  7.5556938e-16  -2.6728939e-16  -3.0579464e-16  8.3517672e-16  1.0631843e-15  9.0025973e-17  -1.3286013e-16  7.9777085e-16  7.5036654e-17  3.4417310e-16  1.0000000   -1.6567123e-16  -6.7768092e-16  1.4310947e-16  3.5640338e-16  2.3615675e-16  -3.6914911e-16  -1.0535634e-16  -3.7142954e-16  8.9775427e-17  6.3305620e-16  6.2454587e-16  -6.9470664e-16  -2.5190008e-16  3.4032495e-16  1.2057038e-16  -2.6281302e-16  -3.4122053e-16  -6.3488986e-16  7.4055711e-16  1.9138531e-16  7.5556938e-16  -2.6728939e-16  -3.0579464e-16  8.3517672e-16  1.0631843e-15  9.0025973e-17  -1.3286013e-16  7.9777085e-16  7.5036654e-17  3.4417310e-16  1.0000000   -1.6567123e-16  -6.7768092e-16  1.4310947e-16  3.5640338e-16  2.3615675e-16  -3.6914911e-16  -1.0535634e-16  -3.7142954e-16  8.9775427e-17  6.3305620e-16  6.2454587e-16  -6.9470664e-16  -2.5190008e-16  3.4032495e-16  1.2057038e-16  -2.6281302e-16  -3.4122053e-16  
8.8338976e-16  -2.0990863e-16  -3.1990191e-16  -8.4346714e-18  -7.3594473e-16  8.9138257e-18  -3.5095878e-16  -1.1585688e-16  -4.5060071e-17  -2.2325869e-17  1.8849764e-16  1.2045953e-17  3.6368547e-16  -1.6567123e-16  1.0000000   -2.4621917e-16  3.1730818e-16  -2.3109432e-16  7.1051837e-16  -5.3646051e-17  3.3959689e-16  -3.9818239e-16  -9.6699834e-17  -9.9019283e-16  -3.3250784e-16  -6.6697858e-16  3.8860819e-17  1.1325368e-16  3.4066419e-16  1.0223710e-16  -1.1907613e-16  8.8338976e-16  -2.0990863e-16  -3.1990191e-16  -8.4346714e-18  -7.3594473e-16  8.9138257e-18  -3.5095878e-16  -1.1585688e-16  -4.5060071e-17  -2.2325869e-17  1.8849764e-16  1.2045953e-17  3.6368547e-16  -1.6567123e-16  1.0000000   -2.4621917e-16  3.1730818e-16  -2.3109432e-16  7.1051837e-16  -5.3646051e-17  3.3959689e-16  -3.9818239e-16  -9.6699834e-17  -9.9019283e-16  -3.3250784e-16  -6.6697858e-16  3.8860819e-17  1.1325368e-16  3.4066419e-16  1.0223710e-16  -1.1907613e-16  
-7.6101249e-16  -8.8755623e-17  -1.2023268e-16  4.4165061e-16  -3.9859331e-16  1.2612694e-16  2.5268778e-16  2.4271486e-16  5.2509648e-16  -3.9116750e-16  1.3849737e-16  -1.5033688e-16  5.7107106e-16  -6.7768092e-16  -2.4621917e-16  1.0000000   -1.4118198e-16  4.0295329e-16  1.5737028e-18  3.8857760e-16  -4.9802878e-17  5.9813605e-17  -2.4147640e-16  -9.3672835e-16  4.1623281e-16  -6.5561174e-16  4.6841647e-16  -1.6891788e-16  3.2550157e-16  5.8061708e-16  -1.8264283e-16  -7.6101249e-16  -8.8755623e-17  -1.2023268e-16  4.4165061e-16  -3.9859331e-16  1.2612694e-16  2.5268778e-16  2.4271486e-16  5.2509648e-16  -3.9116750e-16  1.3849737e-16  -1.5033688e-16  5.7107106e-16  -6.7768092e-16  -2.4621917e-16  1.0000000   -1.4118198e-16  4.0295329e-16  1.5737028e-18  3.8857760e-16  -4.9802878e-17  5.9813605e-17  -2.4147640e-16  -9.3672835e-16  4.1623281e-16  -6.5561174e-16  4.6841647e-16  -1.6891788e-16  3.2550157e-16  5.8061708e-16  -1.8264283e-16  
1.4503870e-16  3.6156971e-16  1.0353638e-16  -2.2656409e-16  3.4708483e-16  1.8066299e-16  -2.2495743e-16  7.1875038e-16  1.5350341e-16  -2.2468911e-16  -6.9467588e-16  -8.2877786e-16  4.5092760e-16  1.4310947e-16  3.1730818e-16  -1.4118198e-16  1.0000000   4.0086609e-16  3.0431539e-16  -1.0607955e-16  2.0287727e-16  1.7158069e-16  6.2788405e-17  -9.7425903e-17  4.9205408e-16  -4.9460583e-16  -1.3655135e-16  -2.2426388e-16  4.5209745e-16  -1.9436803e-16  -2.4992173e-16  1.4503870e-16  3.6156971e-16  1.0353638e-16  -2.2656409e-16  3.4708483e-16  1.8066299e-16  -2.2495743e-16  7.1875038e-16  1.5350341e-16  -2.2468911e-16  -6.9467588e-16  -8.2877786e-16  4.5092760e-16  1.4310947e-16  3.1730818e-16  -1.4118198e-16  1.0000000   4.0086609e-16  3.0431539e-16  -1.0607955e-16  2.0287727e-16  1.7158069e-16  6.2788405e-17  -9.7425903e-17  4.9205408e-16  -4.9460583e-16  -1.3655135e-16  -2.2426388e-16  4.5209745e-16  -1.9436803e-16  -2.4992173e-16  
-4.3082101e-16  6.2011098e-16  3.8755332e-16  -4.5814524e-16  -2.3081338e-16  -4.6689606e-16  6.8711398e-16  -1.3988605e-16  2.2042459e-16  -1.6334024e-16  -9.4791937e-17  3.6439959e-16  5.5318473e-16  3.5640338e-16  -2.3109432e-16  4.0295329e-16  4.0086609e-16  1.0000000   -6.1624242e-16  1.3407765e-16  -5.7727695e-16  1.8906537e-16  1.4546635e-16  1.6788349e-16  -5.8527214e-17  7.2794607e-18  -3.6701726e-16  1.3123673e-16  -1.0185929e-16  4.0766861e-16  -2.2239525e-16  -4.3082101e-16  6.2011098e-16  3.8755332e-16  -4.5814524e-16  -2.3081338e-16  -4.6689606e-16  6.8711398e-16  -1.3988605e-16  2.2042459e-16  -1.6334024e-16  -9.4791937e-17  3.6439959e-16  5.5318473e-16  3.5640338e-16  -2.3109432e-16  4.0295329e-16  4.0086609e-16  1.0000000   -6.1624242e-16  1.3407765e-16  -5.7727695e-16  1.8906537e-16  1.4546635e-16  1.6788349e-16  -5.8527214e-17  7.2794607e-18  -3.6701726e-16  1.3123673e-16  -1.0185929e-16  4.0766861e-16  -2.2239525e-16  
-6.9359091e-16  -7.7506091e-17  -2.1529334e-17  -1.6255219e-16  -8.1378208e-16  1.7729849e-17  5.8210936e-17  7.1745380e-16  2.8307891e-16  -2.0147874e-16  2.3006044e-16  3.0926867e-17  1.0708786e-15  2.3615675e-16  7.1051837e-16  1.5737028e-18  3.0431539e-16  -6.1624242e-16  1.0000000   1.4063837e-16  -2.4403195e-16  -6.1081930e-16  -1.8375498e-16  6.2481891e-16  -1.4141991e-16  6.5886976e-16  -7.8988109e-17  7.6264514e-17  4.4141067e-17  1.0080748e-17  3.7055752e-16  -6.9359091e-16  -7.7506091e-17  -2.1529334e-17  -1.6255219e-16  -8.1378208e-16  1.7729849e-17  5.8210936e-17  7.1745380e-16  2.8307891e-16  -2.0147874e-16  2.3006044e-16  3.0926867e-17  1.0708786e-15  2.3615675e-16  7.1051837e-16  1.5737028e-18  3.0431539e-16  -6.1624242e-16  1.0000000   1.4063837e-16  -2.4403195e-16  -6.1081930e-16  -1.8375498e-16  6.2481891e-16  -1.4141991e-16  6.5886976e-16  -7.8988109e-17  7.6264514e-17  4.4141067e-17  1.0080748e-17  3.7055752e-16  
1.4815438e-16  3.7467362e-16  -4.4648807e-17  3.4693574e-16  4.4472401e-17  4.0838228e-16  6.6016011e-17  -2.9082406e-17  -5.5758432e-17  -1.9967882e-16  -1.1697256e-16  9.6272494e-17  -5.8654206e-17  -3.6914911e-16  -5.3646051e-17  3.8857760e-16  -1.0607955e-16  1.3407765e-16  1.4063837e-16  1.0000000   -4.3330276e-18  -4.4846616e-17  -1.7721588e-16  -7.2909578e-16  -4.7493698e-16  -5.0481682e-16  -3.8624940e-16  1.2111945e-16  7.2233847e-16  2.5913324e-16  2.0542467e-16  1.4815438e-16  3.7467362e-16  -4.4648807e-17  3.4693574e-16  4.4472401e-17  4.0838228e-16  6.6016011e-17  -2.9082406e-17  -5.5758432e-17  -1.9967882e-16  -1.1697256e-16  9.6272494e-17  -5.8654206e-17  -3.6914911e-16  -5.3646051e-17  3.8857760e-16  -1.0607955e-16  1.3407765e-16  1.4063837e-16  1.0000000   -4.3330276e-18  -4.4846616e-17  -1.7721588e-16  -7.2909578e-16  -4.7493698e-16  -5.0481682e-16  -3.8624940e-16  1.2111945e-16  7.2233847e-16  2.5913324e-16  2.0542467e-16  
4.4309670e-16  -8.6620342e-17  -7.2837518e-17  1.4487322e-16  -1.7709136e-16  -5.0862823e-17  -7.3073180e-17  -2.4640972e-16  -1.1265768e-16  5.5880490e-16  1.3212743e-16  -6.5139444e-16  5.6157001e-16  -1.0535634e-16  3.3959689e-16  -4.9802878e-17  2.0287727e-16  -5.7727695e-16  -2.4403195e-16  -4.3330276e-18  1.0000000   -5.8759551e-17  3.0302427e-16  -2.0942250e-16  -3.2624705e-16  4.2038343e-16  7.7746903e-17  2.7097884e-16  3.1424948e-16  4.8840680e-16  -6.0925856e-18  4.4309670e-16  -8.6620342e-17  -7.2837518e-17  1.4487322e-16  -1.7709136e-16  -5.0862823e-17  -7.3073180e-17  -2.4640972e-16  -1.1265768e-16  5.5880490e-16  1.3212743e-16  -6.5139444e-16  5.6157001e-16  -1.0535634e-16  3.3959689e-16  -4.9802878e-17  2.0287727e-16  -5.7727695e-16  -2.4403195e-16  -4.3330276e-18  1.0000000   -5.8759551e-17  3.0302427e-16  -2.0942250e-16  -3.2624705e-16  4.2038343e-16  7.7746903e-17  2.7097884e-16  3.1424948e-16  4.8840680e-16  -6.0925856e-18  
-3.7253703e-16  5.4110240e-16  4.9955249e-16  -7.0383653e-16  -9.0517388e-17  -1.8154435e-16  3.9875108e-16  2.4877159e-16  -4.2496680e-16  1.5442534e-17  -4.3882546e-16  -9.5112890e-17  2.0896800e-16  -3.7142954e-16  -3.9818239e-16  5.9813605e-17  1.7158069e-16  1.8906537e-16  -6.1081930e-16  -4.4846616e-17  -5.8759551e-17  1.0000000   -5.9864280e-16  -1.7200510e-16  -3.5840744e-16  -8.2686118e-16  -2.1679762e-17  -4.7638225e-16  -3.5081129e-16  7.5522520e-17  -4.3217887e-17  -3.7253703e-16  5.4110240e-16  4.9955249e-16  -7.0383653e-16  -9.0517388e-17  -1.8154435e-16  3.9875108e-16  2.4877159e-16  -4.2496680e-16  1.5442534e-17  -4.3882546e-16  -9.5112890e-17  2.0896800e-16  -3.7142954e-16  -3.9818239e-16  5.9813605e-17  1.7158069e-16  1.8906537e-16  -6.1081930e-16  -4.4846616e-17  -5.8759551e-17  1.0000000   -5.9864280e-16  -1.7200510e-16  -3.5840744e-16  -8.2686118e-16  -2.1679762e-17  -4.7638225e-16  -3.5081129e-16  7.5522520e-17  -4.3217887e-17  
2.9258371e-16  -2.9837608e-16  -1.5983023e-16  5.4937083e-16  3.6846548e-16  1.7515101e-16  2.5331696e-16  1.8014335e-16  5.6469974e-17  9.7700403e-17  -3.7976400e-16  -2.7864069e-17  4.1900222e-16  8.9775427e-17  -9.6699834e-17  -2.4147640e-16  6.2788405e-17  1.4546635e-16  -1.8375498e-16  -1.7721588e-16  3.0302427e-16  -5.9864280e-16  1.0000000   -6.1805949e-16  9.1074829e-17  -6.9358080e-16  -3.0403563e-16  -2.3831825e-16  3.3919775e-16  5.2687252e-16  -3.5893273e-16  2.9258371e-16  -2.9837608e-16  -1.5983023e-16  5.4937083e-16  3.6846548e-16  1.7515101e-16  2.5331696e-16  1.8014335e-16  5.6469974e-17  9.7700403e-17  -3.7976400e-16  -2.7864069e-17  4.1900222e-16  8.9775427e-17  -9.6699834e-17  -2.4147640e-16  6.2788405e-17  1.4546635e-16  -1.8375498e-16  -1.7721588e-16  3.0302427e-16  -5.9864280e-16  1.0000000   -6.1805949e-16  9.1074829e-17  -6.9358080e-16  -3.0403563e-16  -2.3831825e-16  3.3919775e-16  5.2687252e-16  -3.5893273e-16  
-1.4328782e-16  -1.0697583e-16  -4.4315849e-16  5.3622003e-17  3.7365261e-16  -6.5582765e-16  3.9788936e-16  -6.4394346e-16  -2.2553949e-16  -4.7635107e-16  9.7145937e-17  3.4548711e-16  -2.5544980e-16  6.3305620e-16  -9.9019283e-16  -9.3672835e-16  -9.7425903e-17  1.6788349e-16  6.2481891e-16  -7.2909578e-16  -2.0942250e-16  -1.7200510e-16  -6.1805949e-16  1.0000000   -3.2934089e-16  4.9019332e-16  2.8589268e-16  3.2020558e-16  5.2094601e-17  4.4531486e-16  -6.7714337e-16  -1.4328782e-16  -1.0697583e-16  -4.4315849e-16  5.3622003e-17  3.7365261e-16  -6.5582765e-16  3.9788936e-16  -6.4394346e-16  -2.2553949e-16  -4.7635107e-16  9.7145937e-17  3.4548711e-16  -2.5544980e-16  6.3305620e-16  -9.9019283e-16  -9.3672835e-16  -9.7425903e-17  1.6788349e-16  6.2481891e-16  -7.2909578e-16  -2.0942250e-16  -1.7200510e-16  -6.1805949e-16  1.0000000   -3.2934089e-16  4.9019332e-16  2.8589268e-16  3.2020558e-16  5.2094601e-17  4.4531486e-16  -6.7714337e-16  
-1.2291734e-16  1.7593571e-16  -4.4847509e-16  -1.6725436e-16  4.7141599e-16  -1.3697429e-16  -4.0379103e-17  3.7142819e-16  -3.6453738e-16  -3.2450221e-17  -6.9128958e-16  2.2853351e-16  -8.0784939e-17  6.2454587e-16  -3.3250784e-16  4.1623281e-16  4.9205408e-16  -5.8527214e-17  -1.4141991e-16  -4.7493698e-16  -3.2624705e-16  -3.5840744e-16  9.1074829e-17  -3.2934089e-16  1.0000000   3.3695542e-16  -7.0020817e-17  -9.4893791e-16  1.9799135e-16  -2.1144590e-16  1.7340501e-16  -1.2291734e-16  1.7593571e-16  -4.4847509e-16  -1.6725436e-16  4.7141599e-16  -1.3697429e-16  -4.0379103e-17  3.7142819e-16  -3.6453738e-16  -3.2450221e-17  -6.9128958e-16  2.2853351e-16  -8.0784939e-17  6.2454587e-16  -3.3250784e-16  4.1623281e-16  4.9205408e-16  -5.8527214e-17  -1.4141991e-16  -4.7493698e-16  -3.2624705e-16  -3.5840744e-16  9.1074829e-17  -3.2934089e-16  1.0000000   3.3695542e-16  -7.0020817e-17  -9.4893791e-16  1.9799135e-16  -2.1144590e-16  1.7340501e-16  
-5.4130138e-16  -4.5475965e-17  -8.9666200e-16  2.9267097e-16  3.6218498e-16  1.3988248e-16  1.1075892e-16  1.4133569e-16  2.9873373e-16  1.3860388e-16  1.8909168e-16  2.9826936e-16  -1.3595329e-16  -6.9470664e-16  -6.6697858e-16  -6.5561174e-16  -4.9460583e-16  7.2794607e-18  6.5886976e-16  -5.0481682e-16  4.2038343e-16  -8.2686118e-16  -6.9358080e-16  4.9019332e-16  3.3695542e-16  1.0000000   1.1099802e-16  -2.9354646e-16  -6.4504020e-16  1.2330872e-15  7.0578377e-16  -5.4130138e-16  -4.5475965e-17  -8.9666200e-16  2.9267097e-16  3.6218498e-16  1.3988248e-16  1.1075892e-16  1.4133569e-16  2.9873373e-16  1.3860388e-16  1.8909168e-16  2.9826936e-16  -1.3595329e-16  -6.9470664e-16  -6.6697858e-16  -6.5561174e-16  -4.9460583e-16  7.2794607e-18  6.5886976e-16  -5.0481682e-16  4.2038343e-16  -8.2686118e-16  -6.9358080e-16  4.9019332e-16  3.3695542e-16  1.0000000   1.1099802e-16  -2.9354646e-16  -6.4504020e-16  1.2330872e-15  7.0578377e-16  
-3.7388279e-17  -2.6831096e-16  -1.8268965e-17  -2.4342855e-16  3.4409330e-17  -1.5162426e-16  4.9162011e-16  5.0430510e-16  -4.3279134e-16  -3.8529797e-17  -1.9746844e-16  6.4229871e-16  6.1448554e-16  -2.5190008e-16  3.8860819e-17  4.6841647e-16  -1.3655135e-16  -3.6701726e-16  -7.8988109e-17  -3.8624940e-16  7.7746903e-17  -2.1679762e-17  -3.0403563e-16  2.8589268e-16  -7.0020817e-17  1.1099802e-16  1.0000000   3.0080017e-16  5.7276029e-17  -1.1728317e-17  -3.2523263e-16  -3.7388279e-17  -2.6831096e-16  -1.8268965e-17  -2.4342855e-16  3.4409330e-17  -1.5162426e-16  4.9162011e-16  5.0430510e-16  -4.3279134e-16  -3.8529797e-17  -1.9746844e-16  6.4229871e-16  6.1448554e-16  -2.5190008e-16  3.8860819e-17  4.6841647e-16  -1.3655135e-16  -3.6701726e-16  -7.8988109e-17  -3.8624940e-16  7.7746903e-17  -2.1679762e-17  -3.0403563e-16  2.8589268e-16  -7.0020817e-17  1.1099802e-16  1.0000000   3.0080017e-16  5.7276029e-17  -1.1728317e-17  -3.2523263e-16  
6.9601663e-17  2.3556241e-17  -3.2205052e-16  3.4560565e-16  3.2865060e-16  -2.7829279e-17  2.2418426e-16  -1.9622293e-16  1.9486182e-16  -2.7592700e-16  1.6592459e-16  3.3876455e-16  7.9502406e-16  3.4032495e-16  1.1325368e-16  -1.6891788e-16  -2.2426388e-16  1.3123673e-16  7.6264514e-17  1.2111945e-16  2.7097884e-16  -4.7638225e-16  -2.3831825e-16  3.2020558e-16  -9.4893791e-16  -2.9354646e-16  3.0080017e-16  1.0000000   -7.4846485e-16  -2.1270509e-16  3.7348252e-16  6.9601663e-17  2.3556241e-17  -3.2205052e-16  3.4560565e-16  3.2865060e-16  -2.7829279e-17  2.2418426e-16  -1.9622293e-16  1.9486182e-16  -2.7592700e-16  1.6592459e-16  3.3876455e-16  7.9502406e-16  3.4032495e-16  1.1325368e-16  -1.6891788e-16  -2.2426388e-16  1.3123673e-16  7.6264514e-17  1.2111945e-16  2.7097884e-16  -4.7638225e-16  -2.3831825e-16  3.2020558e-16  -9.4893791e-16  -2.9354646e-16  3.0080017e-16  1.0000000   -7.4846485e-16  -2.1270509e-16  3.7348252e-16  
-1.1570960e-16  -2.2345525e-16  5.5823931e-16  -8.9738848e-16  5.6989921e-16  3.9669017e-16  2.4949370e-16  2.4246003e-16  -3.1170771e-17  1.0055181e-16  -9.0460325e-17  -5.9910928e-17  1.7925943e-16  1.2057038e-16  3.4066419e-16  3.2550157e-16  4.5209745e-16  -1.0185929e-16  4.4141067e-17  7.2233847e-16  3.1424948e-16  -3.5081129e-16  3.3919775e-16  5.2094601e-17  1.9799135e-16  -6.4504020e-16  5.7276029e-17  -7.4846485e-16  1.0000000   -4.9106110e-16  1.9726944e-16  -1.1570960e-16  -2.2345525e-16  5.5823931e-16  -8.9738848e-16  5.6989921e-16  3.9669017e-16  2.4949370e-16  2.4246003e-16  -3.1170771e-17  1.0055181e-16  -9.0460325e-17  -5.9910928e-17  1.7925943e-16  1.2057038e-16  3.4066419e-16  3.2550157e-16  4.5209745e-16  -1.0185929e-16  4.4141067e-17  7.2233847e-16  3.1424948e-16  -3.5081129e-16  3.3919775e-16  5.2094601e-17  1.9799135e-16  -6.4504020e-16  5.7276029e-17  -7.4846485e-16  1.0000000   -4.9106110e-16  1.9726944e-16  
3.2397933e-16  -7.0067757e-18  -1.1615285e-16  7.4652501e-17  8.9905483e-18  8.7824661e-18  2.8738435e-16  2.2837903e-16  4.6372379e-16  -1.4562510e-17  1.8449315e-16  4.7990726e-16  -5.1359938e-16  -2.6281302e-16  1.0223710e-16  5.8061708e-16  -1.9436803e-16  4.0766861e-16  1.0080748e-17  2.5913324e-16  4.8840680e-16  7.5522520e-17  5.2687252e-16  4.4531486e-16  -2.1144590e-16  1.2330872e-15  -1.1728317e-17  -2.1270509e-16  -4.9106110e-16  1.0000000   4.2354283e-16  3.2397933e-16  -7.0067757e-18  -1.1615285e-16  7.4652501e-17  8.9905483e-18  8.7824661e-18  2.8738435e-16  2.2837903e-16  4.6372379e-16  -1.4562510e-17  1.8449315e-16  4.7990726e-16  -5.1359938e-16  -2.6281302e-16  1.0223710e-16  5.8061708e-16  -1.9436803e-16  4.0766861e-16  1.0080748e-17  2.5913324e-16  4.8840680e-16  7.5522520e-17  5.2687252e-16  4.4531486e-16  -2.1144590e-16  1.2330872e-15  -1.1728317e-17  -2.1270509e-16  -4.9106110e-16  1.0000000   4.2354283e-16  
1.3617807e-16  -1.0253186e-15  -1.3931357e-16  -7.0425550e-16  9.2322763e-16  -4.1867575e-16  3.7986016e-16  -5.1881888e-16  -1.1080678e-16  2.6144130e-16  -7.0092413e-17  -5.6222237e-16  -3.0586852e-16  -3.4122053e-16  -1.1907613e-16  -1.8264283e-16  -2.4992173e-16  -2.2239525e-16  3.7055752e-16  2.0542467e-16  -6.0925856e-18  -4.3217887e-17  -3.5893273e-16  -6.7714337e-16  1.7340501e-16  7.0578377e-16  -3.2523263e-16  3.7348252e-16  1.9726944e-16  4.2354283e-16  1.0000000   1.3617807e-16  -1.0253186e-15  -1.3931357e-16  -7.0425550e-16  9.2322763e-16  -4.1867575e-16  3.7986016e-16  -5.1881888e-16  -1.1080678e-16  2.6144130e-16  -7.0092413e-17  -5.6222237e-16  -3.0586852e-16  -3.4122053e-16  -1.1907613e-16  -1.8264283e-16  -2.4992173e-16  -2.2239525e-16  3.7055752e-16  2.0542467e-16  -6.0925856e-18  -4.3217887e-17  -3.5893273e-16  -6.7714337e-16  1.7340501e-16  7.0578377e-16  -3.2523263e-16  3.7348252e-16  1.9726944e-16  4.2354283e-16  1.0000000   
1.0000000   4.5123826e-16  3.3448443e-16  -1.5455158e-16  7.2408146e-16  1.6866633e-16  -1.1443801e-16  -9.6619018e-16  5.2387036e-16  2.8240403e-17  9.0425644e-17  1.4325441e-16  1.1037027e-16  -6.3488986e-16  8.8338976e-16  -7.6101249e-16  1.4503870e-16  -4.3082101e-16  -6.9359091e-16  1.4815438e-16  4.4309670e-16  -3.7253703e-16  2.9258371e-16  -1.4328782e-16  -1.2291734e-16  -5.4130138e-16  -3.7388279e-17  6.9601663e-17  -1.1570960e-16  3.2397933e-16  1.3617807e-16  1.0000000   4.5123826e-16  3.3448443e-16  -1.5455158e-16  7.2408146e-16  1.6866633e-16  -1.1443801e-16  -9.6619018e-16  5.2387036e-16  2.8240403e-17  9.0425644e-17  1.4325441e-16  1.1037027e-16  -6.3488986e-16  8.8338976e-16  -7.6101249e-16  1.4503870e-16  -4.3082101e-16  -6.9359091e-16  1.4815438e-16  4.4309670e-16  -3.7253703e-16  2.9258371e-16  -1.4328782e-16  -1.2291734e-16  -5.4130138e-16  -3.7388279e-17  6.9601663e-17  -1.1570960e-16  3.2397933e-16  1.3617807e-16  
4.5123826e-16  1.0000000   2.9029462e-16  1.1110614e-17  6.0113958e-16  -5.5182867e-16  1.5176041e-16  3.2941047e-16  -4.3099720e-16  6.6323605e-16  -4.9308976e-16  -6.9739104e-16  1.0308826e-16  7.4055711e-16  -2.0990863e-16  -8.8755623e-17  3.6156971e-16  6.2011098e-16  -7.7506091e-17  3.7467362e-16  -8.6620342e-17  5.4110240e-16  -2.9837608e-16  -1.0697583e-16  1.7593571e-16  -4.5475965e-17  -2.6831096e-16  2.3556241e-17  -2.2345525e-16  -7.0067757e-18  -1.0253186e-15  4.5123826e-16  1.0000000   2.9029462e-16  1.1110614e-17  6.0113958e-16  -5.5182867e-16  1.5176041e-16  3.2941047e-16  -4.3099720e-16  6.6323605e-16  -4.9308976e-16  -6.9739104e-16  1.0308826e-16  7.4055711e-16  -2.0990863e-16  -8.8755623e-17  3.6156971e-16  6.2011098e-16  -7.7506091e-17  3.7467362e-16  -8.6620342e-17  5.4110240e-16  -2.9837608e-16  -1.0697583e-16  1.7593571e-16  -4.5475965e-17  -2.6831096e-16  2.3556241e-17  -2.2345525e-16  -7.0067757e-18  -1.0253186e-15  
3.3448443e-16  2.9029462e-16  1.0000000   6.4655902e-16  -4.4808913e-17  5.2367721e-16  2.8816192e-16  -4.3387144e-16  6.4531405e-17  -1.8074515e-16  -1.2935476e-16  -7.1781331e-17  4.2792995e-16  1.9138531e-16  -3.1990191e-16  -1.2023268e-16  1.0353638e-16  3.8755332e-16  -2.1529334e-17  -4.4648807e-17  -7.2837518e-17  4.9955249e-16  -1.5983023e-16  -4.4315849e-16  -4.4847509e-16  -8.9666200e-16  -1.8268965e-17  -3.2205052e-16  5.5823931e-16  -1.1615285e-16  -1.3931357e-16  3.3448443e-16  2.9029462e-16  1.0000000   6.4655902e-16  -4.4808913e-17  5.2367721e-16  2.8816192e-16  -4.3387144e-16  6.4531405e-17  -1.8074515e-16  -1.2935476e-16  -7.1781331e-17  4.2792995e-16  1.9138531e-16  -3.1990191e-16  -1.2023268e-16  1.0353638e-16  3.8755332e-16  -2.1529334e-17  -4.4648807e-17  -7.2837518e-17  4.9955249e-16  -1.5983023e-16  -4.4315849e-16  -4.4847509e-16  -8.9666200e-16  -1.8268965e-17  -3.2205052e-16  5.5823931e-16  -1.1615285e-16  -1.3931357e-16  
-1.5455158e-16  1.1110614e-17  6.4655902e-16  1.0000000   -2.5414322e-17  -1.0106226e-16  2.0265427e-16  3.1802265e-16  2.2299262e-16  -3.0091203e-16  1.4685984e-16  4.1842974e-16  -3.4130911e-16  7.5556938e-16  -8.4346714e-18  4.4165061e-16  -2.2656409e-16  -4.5814524e-16  -1.6255219e-16  3.4693574e-16  1.4487322e-16  -7.0383653e-16  5.4937083e-16  5.3622003e-17  -1.6725436e-16  2.9267097e-16  -2.4342855e-16  3.4560565e-16  -8.9738848e-16  7.4652501e-17  -7.0425550e-16  -1.5455158e-16  1.1110614e-17  6.4655902e-16  1.0000000   -2.5414322e-17  -1.0106226e-16  2.0265427e-16  3.1802265e-16  2.2299262e-16  -3.0091203e-16  1.4685984e-16  4.1842974e-16  -3.4130911e-16  7.5556938e-16  -8.4346714e-18  4.4165061e-16  -2.2656409e-16  -4.5814524e-16  -1.6255219e-16  3.4693574e-16  1.4487322e-16  -7.0383653e-16  5.4937083e-16  5.3622003e-17  -1.6725436e-16  2.9267097e-16  -2.4342855e-16  3.4560565e-16  -8.9738848e-16  7.4652501e-17  -7.0425550e-16  
7.2408146e-16  6.0113958e-16  -4.4808913e-17  -2.5414322e-17  1.0000000   -2.4763718e-16  -8.1105101e-16  -1.7802423e-16  2.0440376e-17  3.4082608e-16  -4.7391236e-16  1.4710957e-16  -4.7742158e-16  -2.6728939e-16  -7.3594473e-16  -3.9859331e-16  3.4708483e-16  -2.3081338e-16  -8.1378208e-16  4.4472401e-17  -1.7709136e-16  -9.0517388e-17  3.6846548e-16  3.7365261e-16  4.7141599e-16  3.6218498e-16  3.4409330e-17  3.2865060e-16  5.6989921e-16  8.9905483e-18  9.2322763e-16  7.2408146e-16  6.0113958e-16  -4.4808913e-17  -2.5414322e-17  1.0000000   -2.4763718e-16  -8.1105101e-16  -1.7802423e-16  2.0440376e-17  3.4082608e-16  -4.7391236e-16  1.4710957e-16  -4.7742158e-16  -2.6728939e-16  -7.3594473e-16  -3.9859331e-16  3.4708483e-16  -2.3081338e-16  -8.1378208e-16  4.4472401e-17  -1.7709136e-16  -9.0517388e-17  3.6846548e-16  3.7365261e-16  4.7141599e-16  3.6218498e-16  3.4409330e-17  3.2865060e-16  5.6989921e-16  8.9905483e-18  9.2322763e-16  
1.6866633e-16  -5.5182867e-16  5.2367721e-16  -1.0106226e-16  -2.4763718e-16  1.0000000   -3.8253820e-17  1.8813737e-17  -4.3602109e-16  5.7294493e-16  -3.3766408e-16  -5.6238322e-18  3.0329151e-16  -3.0579464e-16  8.9138257e-18  1.2612694e-16  1.8066299e-16  -4.6689606e-16  1.7729849e-17  4.0838228e-16  -5.0862823e-17  -1.8154435e-16  1.7515101e-16  -6.5582765e-16  -1.3697429e-16  1.3988248e-16  -1.5162426e-16  -2.7829279e-17  3.9669017e-16  8.7824661e-18  -4.1867575e-16  1.6866633e-16  -5.5182867e-16  5.2367721e-16  -1.0106226e-16  -2.4763718e-16  1.0000000   -3.8253820e-17  1.8813737e-17  -4.3602109e-16  5.7294493e-16  -3.3766408e-16  -5.6238322e-18  3.0329151e-16  -3.0579464e-16  8.9138257e-18  1.2612694e-16  1.8066299e-16  -4.6689606e-16  1.7729849e-17  4.0838228e-16  -5.0862823e-17  -1.8154435e-16  1.7515101e-16  -6.5582765e-16  -1.3697429e-16  1.3988248e-16  -1.5162426e-16  -2.7829279e-17  3.9669017e-16  8.7824661e-18  -4.1867575e-16  
-1.1443801e-16  1.5176041e-16  2.8816192e-16  2.0265427e-16  -8.1105101e-16  -3.8253820e-17  1.0000000   6.6051831e-17  8.4854355e-16  2.7552923e-17  3.3613037e-16  1.2743284e-15  4.3451485e-16  8.3517672e-16  -3.5095878e-16  2.5268778e-16  -2.2495743e-16  6.8711398e-16  5.8210936e-17  6.6016011e-17  -7.3073180e-17  3.9875108e-16  2.5331696e-16  3.9788936e-16  -4.0379103e-17  1.1075892e-16  4.9162011e-16  2.2418426e-16  2.4949370e-16  2.8738435e-16  3.7986016e-16  -1.1443801e-16  1.5176041e-16  2.8816192e-16  2.0265427e-16  -8.1105101e-16  -3.8253820e-17  1.0000000   6.6051831e-17  8.4854355e-16  2.7552923e-17  3.3613037e-16  1.2743284e-15  4.3451485e-16  8.3517672e-16  -3.5095878e-16  2.5268778e-16  -2.2495743e-16  6.8711398e-16  5.8210936e-17  6.6016011e-17  -7.3073180e-17  3.9875108e-16  2.5331696e-16  3.9788936e-16  -4.0379103e-17  1.1075892e-16  4.9162011e-16  2.2418426e-16  2.4949370e-16  2.8738435e-16  3.7986016e-16  
-9.6619018e-16  3.2941047e-16  -4.3387144e-16  3.1802265e-16  -1.7802423e-16  1.8813737e-17  6.6051831e-17  1.0000000   -2.9296602e-16  6.0169075e-16  8.7073297e-16  -1.0952981e-15  -9.5971259e-16  1.0631843e-15  -1.1585688e-16  2.4271486e-16  7.1875038e-16  -1.3988605e-16  7.1745380e-16  -2.9082406e-17  -2.4640972e-16  2.4877159e-16  1.8014335e-16  -6.4394346e-16  3.7142819e-16  1.4133569e-16  5.0430510e-16  -1.9622293e-16  2.4246003e-16  2.2837903e-16  -5.1881888e-16  -9.6619018e-16  3.2941047e-16  -4.3387144e-16  3.1802265e-16  -1.7802423e-16  1.8813737e-17  6.6051831e-17  1.0000000   -2.9296602e-16  6.0169075e-16  8.7073297e-16  -1.0952981e-15  -9.5971259e-16  1.0631843e-15  -1.1585688e-16  2.4271486e-16  7.1875038e-16  -1.3988605e-16  7.1745380e-16  -2.9082406e-17  -2.4640972e-16  2.4877159e-16  1.8014335e-16  -6.4394346e-16  3.7142819e-16  1.4133569e-16  5.0430510e-16  -1.9622293e-16  2.4246003e-16  2.2837903e-16  -5.1881888e-16  
5.2387036e-16  -4.3099720e-16  6.4531405e-17  2.2299262e-16  2.0440376e-17  -4.3602109e-16  8.4854355e-16  -2.9296602e-16  1.0000000   3.4716494e-16  -7.5546910e-16  -4.0068856e-17  -2.3942471e-16  9.0025973e-17  -4.5060071e-17  5.2509648e-16  1.5350341e-16  2.2042459e-16  2.8307891e-16  -5.5758432e-17  -1.1265768e-16  -4.2496680e-16  5.6469974e-17  -2.2553949e-16  -3.6453738e-16  2.9873373e-16  -4.3279134e-16  1.9486182e-16  -3.1170771e-17  4.6372379e-16  -1.1080678e-16  5.2387036e-16  -4.3099720e-16  6.4531405e-17  2.2299262e-16  2.0440376e-17  -4.3602109e-16  8.4854355e-16  -2.9296602e-16  1.0000000   3.4716494e-16  -7.5546910e-16  -4.0068856e-17  -2.3942471e-16  9.0025973e-17  -4.5060071e-17  5.2509648e-16  1.5350341e-16  2.2042459e-16  2.8307891e-16  -5.5758432e-17  -1.1265768e-16  -4.2496680e-16  5.6469974e-17  -2.2553949e-16  -3.6453738e-16  2.9873373e-16  -4.3279134e-16  1.9486182e-16  -3.1170771e-17  4.6372379e-16  -1.1080678e-16  
2.8240403e-17  6.6323605e-16  -1.8074515e-16  -3.0091203e-16  3.4082608e-16  5.7294493e-16  2.7552923e-17  6.0169075e-16  3.4716494e-16  1.0000000   -4.9424697e-16  -2.4087993e-17  5.4630712e-16  -1.3286013e-16  -2.2325869e-17  -3.9116750e-16  -2.2468911e-16  -1.6334024e-16  -2.0147874e-16  -1.9967882e-16  5.5880490e-16  1.5442534e-17  9.7700403e-17  -4.7635107e-16  -3.2450221e-17  1.3860388e-16  -3.8529797e-17  -2.7592700e-16  1.0055181e-16  -1.4562510e-17  2.6144130e-16  2.8240403e-17  6.6323605e-16  -1.8074515e-16  -3.0091203e-16  3.4082608e-16  5.7294493e-16  2.7552923e-17  6.0169075e-16  3.4716494e-16  1.0000000   -4.9424697e-16  -2.4087993e-17  5.4630712e-16  -1.3286013e-16  -2.2325869e-17  -3.9116750e-16  -2.2468911e-16  -1.6334024e-16  -2.0147874e-16  -1.9967882e-16  5.5880490e-16  1.5442534e-17  9.7700403e-17  -4.7635107e-16  -3.2450221e-17  1.3860388e-16  -3.8529797e-17  -2.7592700e-16  1.0055181e-16  -1.4562510e-17  2.6144130e-16  
