1.0000000   -3.1673755e-16  -7.8381953e-17  4.1410131e-17  -4.7061153e-16  5.9645412e-16  -3.4480779e-17  3.4965884e-17  5.9344790e-16  1.8981384e-16  -2.8017757e-16  3.0596758e-16  1.9165960e-16  -8.4092573e-16  5.0219254e-16  2.8413783e-16  -4.2460601e-16  -2.3836186e-16  -8.2051847e-17  5.5767657e-16  -1.3407640e-16  -7.1571812e-16  1.5458760e-16  2.6148712e-16  -8.2796329e-17  6.4643426e-16  2.0924687e-16  5.2033096e-16  -1.1777992e-16  -7.7863271e-16  2.4279961e-16  1.0000000   -3.1673755e-16  -7.8381953e-17  4.1410131e-17  -4.7061153e-16  5.9645412e-16  -3.4480779e-17  3.4965884e-17  5.9344790e-16  1.8981384e-16  -2.8017757e-16  3.0596758e-16  1.9165960e-16  -8.4092573e-16  5.0219254e-16  2.8413783e-16  -4.2460601e-16  -2.3836186e-16  -8.2051847e-17  5.5767657e-16  -1.3407640e-16  -7.1571812e-16  1.5458760e-16  2.6148712e-16  -8.2796329e-17  6.4643426e-16  2.0924687e-16  5.2033096e-16  -1.1777992e-16  -7.7863271e-16  2.4279961e-16  
-3.1673755e-16  1.0000000   -1.8643259e-16  -2.0224036e-16  9.5296385e-17  -5.3351052e-16  -6.2656116e-16  4.1781319e-16  -1.7146970e-16  1.9613257e-16  -3.6649952e-16  -6.2681621e-16  9.1701570e-16  2.1328241e-16  -4.4207298e-16  4.8788809e-16  -1.4897871e-16  -2.8364384e-16  8.0533607e-16  1.2136979e-15  -6.1670212e-16  2.1054752e-16  2.2583502e-16  -4.9486077e-16  7.7954978e-16  3.7412205e-16  -4.7904017e-16  -2.0630624e-16  -2.6184073e-16  4.9004706e-17  6.1201163e-16  -3.1673755e-16  1.0000000   -1.8643259e-16  -2.0224036e-16  9.5296385e-17  -5.3351052e-16  -6.2656116e-16  4.1781319e-16  -1.7146970e-16  1.9613257e-16  -3.6649952e-16  -6.2681621e-16  9.1701570e-16  2.1328241e-16  -4.4207298e-16  4.8788809e-16  -1.4897871e-16  -2.8364384e-16  8.0533607e-16  1.2136979e-15  -6.1670212e-16  2.1054752e-16  2.2583502e-16  -4.9486077e-16  7.7954978e-16  3.7412205e-16  -4.7904017e-16  -2.0630624e-16  -2.6184073e-16  4.9004706e-17  6.1201163e-16  
-7.8381953e-17  -1.8643259e-16  1.0000000   4.0077493e-16  1.1663131e-15  5.8639719e-16  5.0532895e-16  -1.8524107e-16  -6.1838828e-17  -2.1300566e-16  3.1309334e-16  -9.7865704e-17  -1.0795871e-16  5.3938173e-16  -6.4728352e-16  -1.6367492e-17  -4.0728775e-16  -1.0939373e-16  -4.4400964e-16  4.1443033e-17  5.8233703e-16  -1.1514402e-16  -1.1906520e-16  4.7874850e-17  -5.9013837e-16  -2.6321802e-16  -3.2463155e-16  4.6526320e-16  1.3406407e-16  -6.1900944e-16  2.3100194e-16  -7.8381953e-17  -1.8643259e-16  1.0000000   4.0077493e-16  1.1663131e-15  5.8639719e-16  5.0532895e-16  -1.8524107e-16  -6.1838828e-17  -2.1300566e-16  3.1309334e-16  -9.7865704e-17  -1.0795871e-16  5.3938173e-16  -6.4728352e-16  -1.6367492e-17  -4.0728775e-16  -1.0939373e-16  -4.4400964e-16  4.1443033e-17  5.8233703e-16  -1.1514402e-16  -1.1906520e-16  4.7874850e-17  -5.9013837e-16  -2.6321802e-16  -3.2463155e-16  4.6526320e-16  1.3406407e-16  -6.1900944e-16  2.3100194e-16  
4.1410131e-17  -2.0224036e-16  4.0077493e-16  1.0000000   -2.9988433e-16  -1.3990133e-17  6.6275658e-16  -1.7750939e-17  -1.3208194e-16  -2.5562064e-16  4.3379751e-16  2.1005214e-16  -1.0296360e-16  -3.3933708e-17  6.5745918e-17  -3.5034332e-16  5.1369478e-17  9.4136429e-18  -1.0202378e-15  4.1833020e-16  -3.0862330e-16  -2.5564491e-16  1.7074731e-16  -9.7053424e-17  4.3481457e-17  5.9987567e-16  3.4677290e-16  -7.6686737e-17  -2.0353950e-16  -7.8297376e-17  -2.1471982e-16  4.1410131e-17  -2.0224036e-16  4.0077493e-16  1.0000000   -2.9988433e-16  -1.3990133e-17  6.6275658e-16  -1.7750939e-17  -1.3208194e-16  -2.5562064e-16  4.3379751e-16  2.1005214e-16  -1.0296360e-16  -3.3933708e-17  6.5745918e-17  -3.5034332e-16  5.1369478e-17  9.4136429e-18  -1.0202378e-15  4.1833020e-16  -3.0862330e-16  -2.5564491e-16  1.7074731e-16  -9.7053424e-17  4.3481457e-17  5.9987567e-16  3.4677290e-16  -7.6686737e-17  -2.0353950e-16  -7.8297376e-17  -2.1471982e-16  
-4.7061153e-16  9.5296385e-17  1.1663131e-15  -2.9988433e-16  1.0000000   -7.9006285e-17  -1.2086525e-16  4.2738062e-17  -6.0778466e-16  3.8499890e-16  3.0226122e-16  7.7418091e-18  -1.5294703e-16  1.3166911e-16  2.6764843e-16  1.3649368e-16  4.2761242e-16  3.0528183e-16  -4.1233153e-16  -1.3460915e-16  -5.1138454e-17  -5.1908393e-16  -7.2520975e-16  -1.1269620e-16  -2.6686846e-16  1.6280575e-16  -5.4287485e-17  6.3086388e-17  2.5183339e-16  9.8772899e-17  2.6224157e-16  -4.7061153e-16  9.5296385e-17  1.1663131e-15  -2.9988433e-16  1.0000000   -7.9006285e-17  -1.2086525e-16  4.2738062e-17  -6.0778466e-16  3.8499890e-16  3.0226122e-16  7.7418091e-18  -1.5294703e-16  1.3166911e-16  2.6764843e-16  1.3649368e-16  4.2761242e-16  3.0528183e-16  -4.1233153e-16  -1.3460915e-16  -5.1138454e-17  -5.1908393e-16  -7.2520975e-16  -1.1269620e-16  -2.6686846e-16  1.6280575e-16  -5.4287485e-17  6.3086388e-17  2.5183339e-16  9.8772899e-17  2.6224157e-16  
5.9645412e-16  -5.3351052e-16  5.8639719e-16  -1.3990133e-17  -7.9006285e-17  1.0000000   5.5184621e-16  -6.6528693e-16  -3.7117314e-16  -5.5360973e-18  1.9956399e-16  1.3008931e-16  7.6684114e-16  -8.8255903e-16  2.8676679e-16  -1.5313335e-16  3.7452320e-16  2.5091614e-18  -3.5754391e-16  3.1883659e-17  3.4343823e-16  9.9578232e-17  1.0230968e-16  4.5674289e-17  7.9292382e-17  5.7461840e-16  -3.4393237e-17  -1.3614735e-16  5.4313687e-16  5.7032745e-16  -9.2535662e-17  5.9645412e-16  -5.3351052e-16  5.8639719e-16  -1.3990133e-17  -7.9006285e-17  1.0000000   5.5184621e-16  -6.6528693e-16  -3.7117314e-16  -5.5360973e-18  1.9956399e-16  1.3008931e-16  7.6684114e-16  -8.8255903e-16  2.8676679e-16  -1.5313335e-16  3.7452320e-16  2.5091614e-18  -3.5754391e-16  3.1883659e-17  3.4343823e-16  9.9578232e-17  1.0230968e-16  4.5674289e-17  7.9292382e-17  5.7461840e-16  -3.4393237e-17  -1.3614735e-16  5.4313687e-16  5.7032745e-16  -9.2535662e-17  
-3.4480779e-17  -6.2656116e-16  5.0532895e-16  6.6275658e-16  -1.2086525e-16  5.5184621e-16  1.0000000   -2.4223898e-17  -1.3380639e-17  2.1374001e-16  5.7163849e-16  2.4669868e-16  1.9858685e-16  1.5230732e-16  -5.3742699e-17  -4.1352135e-17  -6.0260615e-16  9.4750158e-17  1.6044711e-16  -6.3093069e-16  1.9505255e-16  4.0179765e-16  1.6844804e-16  -6.7462194e-17  -1.9349128e-17  -4.4835730e-16  -1.4348854e-17  -9.2219491e-17  -6.1132357e-16  5.7247149e-16  1.3550242e-16  -3.4480779e-17  -6.2656116e-16  5.0532895e-16  6.6275658e-16  -1.2086525e-16  5.5184621e-16  1.0000000   -2.4223898e-17  -1.3380639e-17  2.1374001e-16  5.7163849e-16  2.4669868e-16  1.9858685e-16  1.5230732e-16  -5.3742699e-17  -4.1352135e-17  -6.0260615e-16  9.4750158e-17  1.6044711e-16  -6.3093069e-16  1.9505255e-16  4.0179765e-16  1.6844804e-16  -6.7462194e-17  -1.9349128e-17  -4.4835730e-16  -1.4348854e-17  -9.2219491e-17  -6.1132357e-16  5.7247149e-16  1.3550242e-16  
3.4965884e-17  4.1781319e-16  -1.8524107e-16  -1.7750939e-17  4.2738062e-17  -6.6528693e-16  -2.4223898e-17  1.0000000   2.2125082e-16  1.2803227e-16  -5.5547785e-17  -6.5092631e-16  -2.0301698e-16  4.9738308e-16  -1.4850422e-16  2.2324515e-16  1.3072356e-16  1.3652533e-16  -3.7773218e-16  4.9205873e-16  -2.5143712e-16  1.0515502e-16  -3.0014039e-16  -9.7774836e-17  4.1506984e-16  -8.1189630e-17  -2.8356729e-16  -7.2420000e-16  -8.9242215e-17  -4.8650350e-16  -6.9240311e-18  3.4965884e-17  4.1781319e-16  -1.8524107e-16  -1.7750939e-17  4.2738062e-17  -6.6528693e-16  -2.4223898e-17  1.0000000   2.2125082e-16  1.2803227e-16  -5.5547785e-17  -6.5092631e-16  -2.0301698e-16  4.9738308e-16  -1.4850422e-16  2.2324515e-16  1.3072356e-16  1.3652533e-16  -3.7773218e-16  4.9205873e-16  -2.5143712e-16  1.0515502e-16  -3.0014039e-16  -9.7774836e-17  4.1506984e-16  -8.1189630e-17  -2.8356729e-16  -7.2420000e-16  -8.9242215e-17  -4.8650350e-16  -6.9240311e-18  
5.9344790e-16  -1.7146970e-16  -6.1838828e-17  -1.3208194e-16  -6.0778466e-16  -3.7117314e-16  -1.3380639e-17  2.2125082e-16  1.0000000   8.3432462e-16  -2.0934666e-16  -6.7318668e-17  9.7740464e-16  5.6795443e-16  -3.9459022e-16  -2.1575963e-16  3.3947449e-16  -1.5002510e-16  -1.3877327e-16  -3.8428595e-16  3.9791738e-16  -5.7796905e-16  1.4822934e-16  -3.5390624e-16  -4.3501298e-16  2.5229832e-16  -5.1573591e-16  -7.7360985e-17  5.2683075e-16  2.7981384e-16  -3.5964773e-17  5.9344790e-16  -1.7146970e-16  -6.1838828e-17  -1.3208194e-16  -6.0778466e-16  -3.7117314e-16  -1.3380639e-17  2.2125082e-16  1.0000000   8.3432462e-16  -2.0934666e-16  -6.7318668e-17  9.7740464e-16  5.6795443e-16  -3.9459022e-16  -2.1575963e-16  3.3947449e-16  -1.5002510e-16  -1.3877327e-16  -3.8428595e-16  3.9791738e-16  -5.7796905e-16  1.4822934e-16  -3.5390624e-16  -4.3501298e-16  2.5229832e-16  -5.1573591e-16  -7.7360985e-17  5.2683075e-16  2.7981384e-16  -3.5964773e-17  
1.8981384e-16  1.9613257e-16  -2.1300566e-16  -2.5562064e-16  3.8499890e-16  -5.5360973e-18  2.1374001e-16  1.2803227e-16  8.3432462e-16  1.0000000   1.4565176e-16  2.1337455e-16  -1.8721859e-16  -4.4221508e-16  -2.0407597e-16  3.5560595e-16  5.6108995e-17  7.9496310e-17  7.8407084e-16  -9.5106405e-16  -1.4364700e-16  -6.3414753e-16  2.4308452e-16  3.3620660e-16  2.5166211e-16  -1.6455931e-16  7.6288876e-16  3.2302583e-16  3.2248154e-16  -7.7626583e-17  -5.9084534e-16  1.8981384e-16  1.9613257e-16  -2.1300566e-16  -2.5562064e-16  3.8499890e-16  -5.5360973e-18  2.1374001e-16  1.2803227e-16  8.3432462e-16  1.0000000   1.4565176e-16  2.1337455e-16  -1.8721859e-16  -4.4221508e-16  -2.0407597e-16  3.5560595e-16  5.6108995e-17  7.9496310e-17  7.8407084e-16  -9.5106405e-16  -1.4364700e-16  -6.3414753e-16  2.4308452e-16  3.3620660e-16  2.5166211e-16  -1.6455931e-16  7.6288876e-16  3.2302583e-16  3.2248154e-16  -7.7626583e-17  -5.9084534e-16  
-2.8017757e-16  -3.6649952e-16  3.1309334e-16  4.3379751e-16  3.0226122e-16  1.9956399e-16  5.7163849e-16  -5.5547785e-17  -2.0934666e-16  1.4565176e-16  1.0000000   -5.6556667e-16  7.2945670e-17  2.0778684e-17  -3.4128196e-16  -3.0405070e-16  -1.5234002e-16  6.7345583e-16  2.3999904e-16  1.0303201e-16  -5.4820955e-16  -1.0991481e-16  5.2287448e-16  1.0350769e-16  -2.7275478e-17  -4.7295018e-16  -4.8937867e-16  2.0731860e-16  1.3318231e-16  -3.6857245e-16  -1.3246967e-16  -2.8017757e-16  -3.6649952e-16  3.1309334e-16  4.3379751e-16  3.0226122e-16  1.9956399e-16  5.7163849e-16  -5.5547785e-17  -2.0934666e-16  1.4565176e-16  1.0000000   -5.6556667e-16  7.2945670e-17  2.0778684e-17  -3.4128196e-16  -3.0405070e-16  -1.5234002e-16  6.7345583e-16  2.3999904e-16  1.0303201e-16  -5.4820955e-16  -1.0991481e-16  5.2287448e-16  1.0350769e-16  -2.7275478e-17  -4.7295018e-16  -4.8937867e-16  2.0731860e-16  1.3318231e-16  -3.6857245e-16  -1.3246967e-16  
3.0596758e-16  -6.2681621e-16  -9.7865704e-17  2.1005214e-16  7.7418091e-18  1.3008931e-16  2.4669868e-16  -6.5092631e-16  -6.7318668e-17  2.1337455e-16  -5.6556667e-16  1.0000000   5.7993649e-16  -2.1387478e-16  -6.5602598e-17  2.2734381e-16  -5.3315616e-17  -2.4459502e-16  3.3799670e-16  2.9128555e-16  1.4810661e-16  -3.2069839e-17  -6.2966733e-16  -3.1688549e-16  -1.1739250e-16  -1.4443914e-17  -8.6809938e-16  8.6200021e-16  2.6355218e-16  1.9393373e-16  -2.5648333e-16  3.0596758e-16  -6.2681621e-16  -9.7865704e-17  2.1005214e-16  7.7418091e-18  1.3008931e-16  2.4669868e-16  -6.5092631e-16  -6.7318668e-17  2.1337455e-16  -5.6556667e-16  1.0000000   5.7993649e-16  -2.1387478e-16  -6.5602598e-17  2.2734381e-16  -5.3315616e-17  -2.4459502e-16  3.3799670e-16  2.9128555e-16  1.4810661e-16  -3.2069839e-17  -6.2966733e-16  -3.1688549e-16  -1.1739250e-16  -1.4443914e-17  -8.6809938e-16  8.6200021e-16  2.6355218e-16  1.9393373e-16  -2.5648333e-16  
1.9165960e-16  9.1701570e-16  -1.0795871e-16  -1.0296360e-16  -1.5294703e-16  7.6684114e-16  1.9858685e-16  -2.0301698e-16  9.7740464e-16  -1.8721859e-16  7.2945670e-17  5.7993649e-16  1.0000000   2.9706922e-16  1.0685146e-16  4.0021023e-16  -2.5295588e-16  1.0050896e-16  1.3466170e-17  -2.6459294e-17  -2.3175296e-16  -5.5792857e-16  -4.0314971e-16  3.2404922e-16  -5.1494583e-16  2.8546327e-17  8.3577548e-17  1.2665632e-16  -2.1321432e-16  -5.7929807e-16  -6.0829142e-16  1.9165960e-16  9.1701570e-16  -1.0795871e-16  -1.0296360e-16  -1.5294703e-16  7.6684114e-16  1.9858685e-16  -2.0301698e-16  9.7740464e-16  -1.8721859e-16  7.2945670e-17  5.7993649e-16  1.0000000   2.9706922e-16  1.0685146e-16  4.0021023e-16  -2.5295588e-16  1.0050896e-16  1.3466170e-17  -2.6459294e-17  -2.3175296e-16  -5.5792857e-16  -4.0314971e-16  3.2404922e-16  -5.1494583e-16  2.8546327e-17  8.3577548e-17  1.2665632e-16  -2.1321432e-16  -5.7929807e-16  -6.0829142e-16  
-8.4092573e-16  2.1328241e-16  5.3938173e-16  -3.3933708e-17  1.3166911e-16  -8.8255903e-16  1.5230732e-16  4.9738308e-16  5.6795443e-16  -4.4221508e-16  2.0778684e-17  -2.1387478e-16  2.9706922e-16  1.0000000   -2.6221889e-16  -1.7779568e-16  -1.5421437e-16  5.6287356e-16  3.0622873e-16  -2.2110766e-16  -8.4011633e-17  8.0155125e-18  -9.5374721e-16  -5.4408185e-16  -6.0388074e-16  2.6238730e-16  1.8393160e-16  7.6045585e-16  2.3958621e-16  5.0746630e-16  1.0700602e-16  -8.4092573e-16  2.1328241e-16  5.3938173e-16  -3.3933708e-17  1.3166911e-16  -8.8255903e-16  1.5230732e-16  4.9738308e-16  5.6795443e-16  -4.4221508e-16  2.0778684e-17  -2.1387478e-16  2.9706922e-16  1.0000000   -2.6221889e-16  -1.7779568e-16  -1.5421437e-16  5.6287356e-16  3.0622873e-16  -2.2110766e-16  -8.4011633e-17  8.0155125e-18  -9.5374721e-16  -5.4408185e-16  -6.0388074e-16  2.6238730e-16  1.8393160e-16  7.6045585e-16  2.3958621e-16  5.0746630e-16  1.0700602e-16  
5.0219254e-16  -4.4207298e-16  -6.4728352e-16  6.5745918e-17  2.6764843e-16  2.8676679e-16  -5.3742699e-17  -1.4850422e-16  -3.9459022e-16  -2.0407597e-16  -3.4128196e-16  -6.5602598e-17  1.0685146e-16  -2.6221889e-16  1.0000000   -8.8219011e-18  1.7915210e-16  -1.3570404e-16  1.1162055e-17  -2.0880867e-16  -3.5211520e-17  3.5805671e-16  3.8822743e-16  -1.6448909e-16  -3.5270244e-17  2.7035795e-16  9.4510633e-17  -5.2795617e-16  -7.3322373e-16  -3.1808855e-16  -7.0271236e-16  5.0219254e-16  -4.4207298e-16  -6.4728352e-16  6.5745918e-17  2.6764843e-16  2.8676679e-16  -5.3742699e-17  -1.4850422e-16  -3.9459022e-16  -2.0407597e-16  -3.4128196e-16  -6.5602598e-17  1.0685146e-16  -2.6221889e-16  1.0000000   -8.8219011e-18  1.7915210e-16  -1.3570404e-16  1.1162055e-17  -2.0880867e-16  -3.5211520e-17  3.5805671e-16  3.8822743e-16  -1.6448909e-16  -3.5270244e-17  2.7035795e-16  9.4510633e-17  -5.2795617e-16  -7.3322373e-16  -3.1808855e-16  -7.0271236e-16  
2.8413783e-16  4.8788809e-16  -1.6367492e-17  -3.5034332e-16  1.3649368e-16  -1.5313335e-16  -4.1352135e-17  2.2324515e-16  -2.1575963e-16  3.5560595e-16  -3.0405070e-16  2.2734381e-16  4.0021023e-16  -1.7779568e-16  -8.8219011e-18  1.0000000   -1.0154379e-15  -3.2984401e-16  -1.6743341e-16  7.0181663e-16  -2.7011750e-16  -2.5777696e-16  -6.6986464e-16  3.5663865e-16  -1.5617799e-16  2.8450361e-17  5.1903247e-16  5.8930217e-17  1.6560484e-16  -1.5564458e-16  -2.7357435e-18  2.8413783e-16  4.8788809e-16  -1.6367492e-17  -3.5034332e-16  1.3649368e-16  -1.5313335e-16  -4.1352135e-17  2.2324515e-16  -2.1575963e-16  3.5560595e-16  -3.0405070e-16  2.2734381e-16  4.0021023e-16  -1.7779568e-16  -8.8219011e-18  1.0000000   -1.0154379e-15  -3.2984401e-16  -1.6743341e-16  7.0181663e-16  -2.7011750e-16  -2.5777696e-16  -6.6986464e-16  3.5663865e-16  -1.5617799e-16  2.8450361e-17  5.1903247e-16  5.8930217e-17  1.6560484e-16  -1.5564458e-16  -2.7357435e-18  
-4.2460601e-16  -1.4897871e-16  -4.0728775e-16  5.1369478e-17  4.2761242e-16  3.7452320e-16  -6.0260615e-16  1.3072356e-16  3.3947449e-16  5.6108995e-17  -1.5234002e-16  -5.3315616e-17  -2.5295588e-16  -1.5421437e-16  1.7915210e-16  -1.0154379e-15  1.0000000   -7.5944840e-17  -4.0736478e-16  -1.9285015e-16  5.0636696e-16  2.3558077e-16  2.2970407e-16  -2.4126951e-16  1.1021995e-16  -2.9555827e-16  1.5145536e-16  -3.8993769e-16  3.3790523e-17  2.9073463e-17  1.3190559e-16  -4.2460601e-16  -1.4897871e-16  -4.0728775e-16  5.1369478e-17  4.2761242e-16  3.7452320e-16  -6.0260615e-16  1.3072356e-16  3.3947449e-16  5.6108995e-17  -1.5234002e-16  -5.3315616e-17  -2.5295588e-16  -1.5421437e-16  1.7915210e-16  -1.0154379e-15  1.0000000   -7.5944840e-17  -4.0736478e-16  -1.9285015e-16  5.0636696e-16  2.3558077e-16  2.2970407e-16  -2.4126951e-16  1.1021995e-16  -2.9555827e-16  1.5145536e-16  -3.8993769e-16  3.3790523e-17  2.9073463e-17  1.3190559e-16  
-2.3836186e-16  -2.8364384e-16  -1.0939373e-16  9.4136429e-18  3.0528183e-16  2.5091614e-18  9.4750158e-17  1.3652533e-16  -1.5002510e-16  7.9496310e-17  6.7345583e-16  -2.4459502e-16  1.0050896e-16  5.6287356e-16  -1.3570404e-16  -3.2984401e-16  -7.5944840e-17  1.0000000   -1.1526883e-16  1.3524320e-16  8.6339053e-18  -2.4721654e-16  -2.1291956e-16  4.2667710e-16  -9.0534466e-17  1.8271916e-16  4.2895612e-16  5.7262100e-16  -4.1812517e-17  1.8452183e-17  2.7469396e-16  -2.3836186e-16  -2.8364384e-16  -1.0939373e-16  9.4136429e-18  3.0528183e-16  2.5091614e-18  9.4750158e-17  1.3652533e-16  -1.5002510e-16  7.9496310e-17  6.7345583e-16  -2.4459502e-16  1.0050896e-16  5.6287356e-16  -1.3570404e-16  -3.2984401e-16  -7.5944840e-17  1.0000000   -1.1526883e-16  1.3524320e-16  8.6339053e-18  -2.4721654e-16  -2.1291956e-16  4.2667710e-16  -9.0534466e-17  1.8271916e-16  4.2895612e-16  5.7262100e-16  -4.1812517e-17  1.8452183e-17  2.7469396e-16  
-8.2051847e-17  8.0533607e-16  -4.4400964e-16  -1.0202378e-15  -4.1233153e-16  -3.5754391e-16  1.6044711e-16  -3.7773218e-16  -1.3877327e-16  7.8407084e-16  2.3999904e-16  3.3799670e-16  1.3466170e-17  3.0622873e-16  1.1162055e-17  -1.6743341e-16  -4.0736478e-16  -1.1526883e-16  1.0000000   2.5690844e-16  -6.3357651e-16  3.1815911e-16  3.7963053e-16  3.0724508e-16  -4.4233516e-17  2.7873307e-16  4.6939061e-16  -6.6372415e-16  6.3977547e-16  -6.8170642e-16  -2.9908487e-16  -8.2051847e-17  8.0533607e-16  -4.4400964e-16  -1.0202378e-15  -4.1233153e-16  -3.5754391e-16  1.6044711e-16  -3.7773218e-16  -1.3877327e-16  7.8407084e-16  2.3999904e-16  3.3799670e-16  1.3466170e-17  3.0622873e-16  1.1162055e-17  -1.6743341e-16  -4.0736478e-16  -1.1526883e-16  1.0000000   2.5690844e-16  -6.3357651e-16  3.1815911e-16  3.7963053e-16  3.0724508e-16  -4.4233516e-17  2.7873307e-16  4.6939061e-16  -6.6372415e-16  6.3977547e-16  -6.8170642e-16  -2.9908487e-16  
5.5767657e-16  1.2136979e-15  4.1443033e-17  4.1833020e-16  -1.3460915e-16  3.1883659e-17  -6.3093069e-16  4.9205873e-16  -3.8428595e-16  -9.5106405e-16  1.0303201e-16  2.9128555e-16  -2.6459294e-17  -2.2110766e-16  -2.0880867e-16  7.0181663e-16  -1.9285015e-16  1.3524320e-16  2.5690844e-16  1.0000000   5.2196766e-16  1.1807972e-16  3.5530885e-17  7.2788914e-16  3.0957364e-16  -4.3120470e-16  -1.6353078e-16  1.3113486e-16  6.3227037e-16  -1.8121704e-17  -5.3490755e-16  5.5767657e-16  1.2136979e-15  4.1443033e-17  4.1833020e-16  -1.3460915e-16  3.1883659e-17  -6.3093069e-16  4.9205873e-16  -3.8428595e-16  -9.5106405e-16  1.0303201e-16  2.9128555e-16  -2.6459294e-17  -2.2110766e-16  -2.0880867e-16  7.0181663e-16  -1.9285015e-16  1.3524320e-16  2.5690844e-16  1.0000000   5.2196766e-16  1.1807972e-16  3.5530885e-17  7.2788914e-16  3.0957364e-16  -4.3120470e-16  -1.6353078e-16  1.3113486e-16  6.3227037e-16  -1.8121704e-17  -5.3490755e-16  
-1.3407640e-16  -6.1670212e-16  5.8233703e-16  -3.0862330e-16  -5.1138454e-17  3.4343823e-16  1.9505255e-16  -2.5143712e-16  3.9791738e-16  -1.4364700e-16  -5.4820955e-16  1.4810661e-16  -2.3175296e-16  -8.4011633e-17  -3.5211520e-17  -2.7011750e-16  5.0636696e-16  8.6339053e-18  -6.3357651e-16  5.2196766e-16  1.0000000   2.7832569e-16  -7.8271641e-17  5.9439588e-16  3.1088105e-16  -2.4203328e-16  4.2613082e-16  -3.2147926e-16  -8.0463349e-18  -2.0606902e-16  2.7007055e-16  -1.3407640e-16  -6.1670212e-16  5.8233703e-16  -3.0862330e-16  -5.1138454e-17  3.4343823e-16  1.9505255e-16  -2.5143712e-16  3.9791738e-16  -1.4364700e-16  -5.4820955e-16  1.4810661e-16  -2.3175296e-16  -8.4011633e-17  -3.5211520e-17  -2.7011750e-16  5.0636696e-16  8.6339053e-18  -6.3357651e-16  5.2196766e-16  1.0000000   2.7832569e-16  -7.8271641e-17  5.9439588e-16  3.1088105e-16  -2.4203328e-16  4.2613082e-16  -3.2147926e-16  -8.0463349e-18  -2.0606902e-16  2.7007055e-16  
-7.1571812e-16  2.1054752e-16  -1.1514402e-16  -2.5564491e-16  -5.1908393e-16  9.9578232e-17  4.0179765e-16  1.0515502e-16  -5.7796905e-16  -6.3414753e-16  -1.0991481e-16  -3.2069839e-17  -5.5792857e-16  8.0155125e-18  3.5805671e-16  -2.5777696e-16  2.3558077e-16  -2.4721654e-16  3.1815911e-16  1.1807972e-16  2.7832569e-16  1.0000000   1.0029178e-16  -1.9980786e-17  1.0985952e-16  -1.5223071e-16  8.0053918e-17  -1.7197319e-16  -2.3247110e-17  6.0366797e-17  -2.7879928e-16  -7.1571812e-16  2.1054752e-16  -1.1514402e-16  -2.5564491e-16  -5.1908393e-16  9.9578232e-17  4.0179765e-16  1.0515502e-16  -5.7796905e-16  -6.3414753e-16  -1.0991481e-16  -3.2069839e-17  -5.5792857e-16  8.0155125e-18  3.5805671e-16  -2.5777696e-16  2.3558077e-16  -2.4721654e-16  3.1815911e-16  1.1807972e-16  2.7832569e-16  1.0000000   1.0029178e-16  -1.9980786e-17  1.0985952e-16  -1.5223071e-16  8.0053918e-17  -1.7197319e-16  -2.3247110e-17  6.0366797e-17  -2.7879928e-16  
1.5458760e-16  2.2583502e-16  -1.1906520e-16  1.7074731e-16  -7.2520975e-16  1.0230968e-16  1.6844804e-16  -3.0014039e-16  1.4822934e-16  2.4308452e-16  5.2287448e-16  -6.2966733e-16  -4.0314971e-16  -9.5374721e-16  3.8822743e-16  -6.6986464e-16  2.2970407e-16  -2.1291956e-16  3.7963053e-16  3.5530885e-17  -7.8271641e-17  1.0029178e-16  1.0000000   -3.6054583e-16  3.7991982e-16  6.5993581e-17  -7.6966497e-17  -2.1432328e-16  -3.3084761e-16  1.6360623e-16  -2.3035851e-16  1.5458760e-16  2.2583502e-16  -1.1906520e-16  1.7074731e-16  -7.2520975e-16  1.0230968e-16  1.6844804e-16  -3.0014039e-16  1.4822934e-16  2.4308452e-16  5.2287448e-16  -6.2966733e-16  -4.0314971e-16  -9.5374721e-16  3.8822743e-16  -6.6986464e-16  2.2970407e-16  -2.1291956e-16  3.7963053e-16  3.5530885e-17  -7.8271641e-17  1.0029178e-16  1.0000000   -3.6054583e-16  3.7991982e-16  6.5993581e-17  -7.6966497e-17  -2.1432328e-16  -3.3084761e-16  1.6360623e-16  -2.3035851e-16  
2.6148712e-16  -4.9486077e-16  4.7874850e-17  -9.7053424e-17  -1.1269620e-16  4.5674289e-17  -6.7462194e-17  -9.7774836e-17  -3.5390624e-16  3.3620660e-16  1.0350769e-16  -3.1688549e-16  3.2404922e-16  -5.4408185e-16  -1.6448909e-16  3.5663865e-16  -2.4126951e-16  4.2667710e-16  3.0724508e-16  7.2788914e-16  5.9439588e-16  -1.9980786e-17  -3.6054583e-16  1.0000000   2.5046934e-16  -3.8255728e-16  1.5824973e-16  -2.2972475e-16  2.2440561e-16  7.8550116e-16  4.3759644e-17  2.6148712e-16  -4.9486077e-16  4.7874850e-17  -9.7053424e-17  -1.1269620e-16  4.5674289e-17  -6.7462194e-17  -9.7774836e-17  -3.5390624e-16  3.3620660e-16  1.0350769e-16  -3.1688549e-16  3.2404922e-16  -5.4408185e-16  -1.6448909e-16  3.5663865e-16  -2.4126951e-16  4.2667710e-16  3.0724508e-16  7.2788914e-16  5.9439588e-16  -1.9980786e-17  -3.6054583e-16  1.0000000   2.5046934e-16  -3.8255728e-16  1.5824973e-16  -2.2972475e-16  2.2440561e-16  7.8550116e-16  4.3759644e-17  
-8.2796329e-17  7.7954978e-16  -5.9013837e-16  4.3481457e-17  -2.6686846e-16  7.9292382e-17  -1.9349128e-17  4.1506984e-16  -4.3501298e-16  2.5166211e-16  -2.7275478e-17  -1.1739250e-16  -5.1494583e-16  -6.0388074e-16  -3.5270244e-17  -1.5617799e-16  1.1021995e-16  -9.0534466e-17  -4.4233516e-17  3.0957364e-16  3.1088105e-16  1.0985952e-16  3.7991982e-16  2.5046934e-16  1.0000000   -3.1922448e-16  5.5675934e-17  -4.0987860e-16  -4.8179392e-17  -7.0727354e-17  -2.1321607e-16  -8.2796329e-17  7.7954978e-16  -5.9013837e-16  4.3481457e-17  -2.6686846e-16  7.9292382e-17  -1.9349128e-17  4.1506984e-16  -4.3501298e-16  2.5166211e-16  -2.7275478e-17  -1.1739250e-16  -5.1494583e-16  -6.0388074e-16  -3.5270244e-17  -1.5617799e-16  1.1021995e-16  -9.0534466e-17  -4.4233516e-17  3.0957364e-16  3.1088105e-16  1.0985952e-16  3.7991982e-16  2.5046934e-16  1.0000000   -3.1922448e-16  5.5675934e-17  -4.0987860e-16  -4.8179392e-17  -7.0727354e-17  -2.1321607e-16  
6.4643426e-16  3.7412205e-16  -2.6321802e-16  5.9987567e-16  1.6280575e-16  5.7461840e-16  -4.4835730e-16  -8.1189630e-17  2.5229832e-16  -1.6455931e-16  -4.7295018e-16  -1.4443914e-17  2.8546327e-17  2.6238730e-16  2.7035795e-16  2.8450361e-17  -2.9555827e-16  1.8271916e-16  2.7873307e-16  -4.3120470e-16  -2.4203328e-16  -1.5223071e-16  6.5993581e-17  -3.8255728e-16  -3.1922448e-16  1.0000000   3.5137998e-16  2.5508662e-18  -3.6463033e-16  -2.8841107e-16  -9.9778000e-17  6.4643426e-16  3.7412205e-16  -2.6321802e-16  5.9987567e-16  1.6280575e-16  5.7461840e-16  -4.4835730e-16  -8.1189630e-17  2.5229832e-16  -1.6455931e-16  -4.7295018e-16  -1.4443914e-17  2.8546327e-17  2.6238730e-16  2.7035795e-16  2.8450361e-17  -2.9555827e-16  1.8271916e-16  2.7873307e-16  -4.3120470e-16  -2.4203328e-16  -1.5223071e-16  6.5993581e-17  -3.8255728e-16  -3.1922448e-16  1.0000000   3.5137998e-16  2.5508662e-18  -3.6463033e-16  -2.8841107e-16  -9.9778000e-17  
2.0924687e-16  -4.7904017e-16  -3.2463155e-16  3.4677290e-16  -5.4287485e-17  -3.4393237e-17  -1.4348854e-17  -2.8356729e-16  -5.1573591e-16  7.6288876e-16  -4.8937867e-16  -8.6809938e-16  8.3577548e-17  1.8393160e-16  9.4510633e-17  5.1903247e-16  1.5145536e-16  4.2895612e-16  4.6939061e-16  -1.6353078e-16  4.2613082e-16  8.0053918e-17  -7.6966497e-17  1.5824973e-16  5.5675934e-17  3.5137998e-16  1.0000000   3.4847881e-16  -2.8547731e-16  1.0323852e-16  -5.7770694e-17  2.0924687e-16  -4.7904017e-16  -3.2463155e-16  3.4677290e-16  -5.4287485e-17  -3.4393237e-17  -1.4348854e-17  -2.8356729e-16  -5.1573591e-16  7.6288876e-16  -4.8937867e-16  -8.6809938e-16  8.3577548e-17  1.8393160e-16  9.4510633e-17  5.1903247e-16  1.5145536e-16  4.2895612e-16  4.6939061e-16  -1.6353078e-16  4.2613082e-16  8.0053918e-17  -7.6966497e-17  1.5824973e-16  5.5675934e-17  3.5137998e-16  1.0000000   3.4847881e-16  -2.8547731e-16  1.0323852e-16  -5.7770694e-17  
5.2033096e-16  -2.0630624e-16  4.6526320e-16  -7.6686737e-17  6.3086388e-17  -1.3614735e-16  -9.2219491e-17  -7.2420000e-16  -7.7360985e-17  3.2302583e-16  2.0731860e-16  8.6200021e-16  1.2665632e-16  7.6045585e-16  -5.2795617e-16  5.8930217e-17  -3.8993769e-16  5.7262100e-16  -6.6372415e-16  1.3113486e-16  -3.2147926e-16  -1.7197319e-16  -2.1432328e-16  -2.2972475e-16  -4.0987860e-16  2.5508662e-18  3.4847881e-16  1.0000000   5.9029315e-16  4.1009866e-16  -1.6324851e-16  5.2033096e-16  -2.0630624e-16  4.6526320e-16  -7.6686737e-17  6.3086388e-17  -1.3614735e-16  -9.2219491e-17  -7.2420000e-16  -7.7360985e-17  3.2302583e-16  2.0731860e-16  8.6200021e-16  1.2665632e-16  7.6045585e-16  -5.2795617e-16  5.8930217e-17  -3.8993769e-16  5.7262100e-16  -6.6372415e-16  1.3113486e-16  -3.2147926e-16  -1.7197319e-16  -2.1432328e-16  -2.2972475e-16  -4.0987860e-16  2.5508662e-18  3.4847881e-16  1.0000000   5.9029315e-16  4.1009866e-16  -1.6324851e-16  
-1.1777992e-16  -2.6184073e-16  1.3406407e-16  -2.0353950e-16  2.5183339e-16  5.4313687e-16  -6.1132357e-16  -8.9242215e-17  5.2683075e-16  3.2248154e-16  1.3318231e-16  2.6355218e-16  -2.1321432e-16  2.3958621e-16  -7.3322373e-16  1.6560484e-16  3.3790523e-17  -4.1812517e-17  6.3977547e-16  6.3227037e-16  -8.0463349e-18  -2.3247110e-17  -3.3084761e-16  2.2440561e-16  -4.8179392e-17  -3.6463033e-16  -2.8547731e-16  5.9029315e-16  1.0000000   -1.4050360e-16  -9.9384859e-17  -1.1777992e-16  -2.6184073e-16  1.3406407e-16  -2.0353950e-16  2.5183339e-16  5.4313687e-16  -6.1132357e-16  -8.9242215e-17  5.2683075e-16  3.2248154e-16  1.3318231e-16  2.6355218e-16  -2.1321432e-16  2.3958621e-16  -7.3322373e-16  1.6560484e-16  3.3790523e-17  -4.1812517e-17  6.3977547e-16  6.3227037e-16  -8.0463349e-18  -2.3247110e-17  -3.3084761e-16  2.2440561e-16  -4.8179392e-17  -3.6463033e-16  -2.8547731e-16  5.9029315e-16  1.0000000   -1.4050360e-16  -9.9384859e-17  
-7.7863271e-16  4.9004706e-17  -6.1900944e-16  -7.8297376e-17  9.8772899e-17  5.7032745e-16  5.7247149e-16  -4.8650350e-16  2.7981384e-16  -7.7626583e-17  -3.6857245e-16  1.9393373e-16  -5.7929807e-16  5.0746630e-16  -3.1808855e-16  -1.5564458e-16  2.9073463e-17  1.8452183e-17  -6.8170642e-16  -1.8121704e-17  -2.0606902e-16  6.0366797e-17  1.6360623e-16  7.8550116e-16  -7.0727354e-17  -2.8841107e-16  1.0323852e-16  4.1009866e-16  -1.4050360e-16  1.0000000   -3.9518569e-17  -7.7863271e-16  4.9004706e-17  -6.1900944e-16  -7.8297376e-17  9.8772899e-17  5.7032745e-16  5.7247149e-16  -4.8650350e-16  2.7981384e-16  -7.7626583e-17  -3.6857245e-16  1.9393373e-16  -5.7929807e-16  5.0746630e-16  -3.1808855e-16  -1.5564458e-16  2.9073463e-17  1.8452183e-17  -6.8170642e-16  -1.8121704e-17  -2.0606902e-16  6.0366797e-17  1.6360623e-16  7.8550116e-16  -7.0727354e-17  -2.8841107e-16  1.0323852e-16  4.1009866e-16  -1.4050360e-16  1.0000000   -3.9518569e-17  
2.4279961e-16  6.1201163e-16  2.3100194e-16  -2.1471982e-16  2.6224157e-16  -9.2535662e-17  1.3550242e-16  -6.9240311e-18  -3.5964773e-17  -5.9084534e-16  -1.3246967e-16  -2.5648333e-16  -6.0829142e-16  1.0700602e-16  -7.0271236e-16  -2.7357435e-18  1.3190559e-16  2.7469396e-16  -2.9908487e-16  -5.3490755e-16  2.7007055e-16  -2.7879928e-16  -2.3035851e-16  4.3759644e-17  -2.1321607e-16  -9.9778000e-17  -5.7770694e-17  -1.6324851e-16  -9.9384859e-17  -3.9518569e-17  1.0000000   2.4279961e-16  6.1201163e-16  2.3100194e-16  -2.1471982e-16  2.6224157e-16  -9.2535662e-17  1.3550242e-16  -6.9240311e-18  -3.5964773e-17  -5.9084534e-16  -1.3246967e-16  -2.5648333e-16  -6.0829142e-16  1.0700602e-16  -7.0271236e-16  -2.7357435e-18  1.3190559e-16  2.7469396e-16  -2.9908487e-16  -5.3490755e-16  2.7007055e-16  -2.7879928e-16  -2.3035851e-16  4.3759644e-17  -2.1321607e-16  -9.9778000e-17  -5.7770694e-17  -1.6324851e-16  -9.9384859e-17  -3.9518569e-17  1.0000000   
1.0000000   -3.1673755e-16  -7.8381953e-17  4.1410131e-17  -4.7061153e-16  5.9645412e-16  -3.4480779e-17  3.4965884e-17  5.9344790e-16  1.8981384e-16  -2.8017757e-16  3.0596758e-16  1.9165960e-16  -8.4092573e-16  5.0219254e-16  2.8413783e-16  -4.2460601e-16  -2.3836186e-16  -8.2051847e-17  5.5767657e-16  -1.3407640e-16  -7.1571812e-16  1.5458760e-16  2.6148712e-16  -8.2796329e-17  6.4643426e-16  2.0924687e-16  5.2033096e-16  -1.1777992e-16  -7.7863271e-16  2.4279961e-16  1.0000000   -3.1673755e-16  -7.8381953e-17  4.1410131e-17  -4.7061153e-16  5.9645412e-16  -3.4480779e-17  3.4965884e-17  5.9344790e-16  1.8981384e-16  -2.8017757e-16  3.0596758e-16  1.9165960e-16  -8.4092573e-16  5.0219254e-16  2.8413783e-16  -4.2460601e-16  -2.3836186e-16  -8.2051847e-17  5.5767657e-16  -1.3407640e-16  -7.1571812e-16  1.5458760e-16  2.6148712e-16  -8.2796329e-17  6.4643426e-16  2.0924687e-16  5.2033096e-16  -1.1777992e-16  -7.7863271e-16  2.4279961e-16  
-3.1673755e-16  1.0000000   -1.8643259e-16  -2.0224036e-16  9.5296385e-17  -5.3351052e-16  -6.2656116e-16  4.1781319e-16  -1.7146970e-16  1.9613257e-16  -3.6649952e-16  -6.2681621e-16  9.1701570e-16  2.1328241e-16  -4.4207298e-16  4.8788809e-16  -1.4897871e-16  -2.8364384e-16  8.0533607e-16  1.2136979e-15  -6.1670212e-16  2.1054752e-16  2.2583502e-16  -4.9486077e-16  7.7954978e-16  3.7412205e-16  -4.7904017e-16  -2.0630624e-16  -2.6184073e-16  4.9004706e-17  6.1201163e-16  -3.1673755e-16  1.0000000   -1.8643259e-16  -2.0224036e-16  9.5296385e-17  -5.3351052e-16  -6.2656116e-16  4.1781319e-16  -1.7146970e-16  1.9613257e-16  -3.6649952e-16  -6.2681621e-16  9.1701570e-16  2.1328241e-16  -4.4207298e-16  4.8788809e-16  -1.4897871e-16  -2.8364384e-16  8.0533607e-16  1.2136979e-15  -6.1670212e-16  2.1054752e-16  2.2583502e-16  -4.9486077e-16  7.7954978e-16  3.7412205e-16  -4.7904017e-16  -2.0630624e-16  -2.6184073e-16  4.9004706e-17  6.1201163e-16  
-7.8381953e-17  -1.8643259e-16  1.0000000   4.0077493e-16  1.1663131e-15  5.8639719e-16  5.0532895e-16  -1.8524107e-16  -6.1838828e-17  -2.1300566e-16  3.1309334e-16  -9.7865704e-17  -1.0795871e-16  5.3938173e-16  -6.4728352e-16  -1.6367492e-17  -4.0728775e-16  -1.0939373e-16  -4.4400964e-16  4.1443033e-17  5.8233703e-16  -1.1514402e-16  -1.1906520e-16  4.7874850e-17  -5.9013837e-16  -2.6321802e-16  -3.2463155e-16  4.6526320e-16  1.3406407e-16  -6.1900944e-16  2.3100194e-16  -7.8381953e-17  -1.8643259e-16  1.0000000   4.0077493e-16  1.1663131e-15  5.8639719e-16  5.0532895e-16  -1.8524107e-16  -6.1838828e-17  -2.1300566e-16  3.1309334e-16  -9.7865704e-17  -1.0795871e-16  5.3938173e-16  -6.4728352e-16  -1.6367492e-17  -4.0728775e-16  -1.0939373e-16  -4.4400964e-16  4.1443033e-17  5.8233703e-16  -1.1514402e-16  -1.1906520e-16  4.7874850e-17  -5.9013837e-16  -2.6321802e-16  -3.2463155e-16  4.6526320e-16  1.3406407e-16  -6.1900944e-16  2.3100194e-16  
4.1410131e-17  -2.0224036e-16  4.0077493e-16  1.0000000   -2.9988433e-16  -1.3990133e-17  6.6275658e-16  -1.7750939e-17  -1.3208194e-16  -2.5562064e-16  4.3379751e-16  2.1005214e-16  -1.0296360e-16  -3.3933708e-17  6.5745918e-17  -3.5034332e-16  5.1369478e-17  9.4136429e-18  -1.0202378e-15  4.1833020e-16  -3.0862330e-16  -2.5564491e-16  1.7074731e-16  -9.7053424e-17  4.3481457e-17  5.9987567e-16  3.4677290e-16  -7.6686737e-17  -2.0353950e-16  -7.8297376e-17  -2.1471982e-16  4.1410131e-17  -2.0224036e-16  4.0077493e-16  1.0000000   -2.9988433e-16  -1.3990133e-17  6.6275658e-16  -1.7750939e-17  -1.3208194e-16  -2.5562064e-16  4.3379751e-16  2.1005214e-16  -1.0296360e-16  -3.3933708e-17  6.5745918e-17  -3.5034332e-16  5.1369478e-17  9.4136429e-18  -1.0202378e-15  4.1833020e-16  -3.0862330e-16  -2.5564491e-16  1.7074731e-16  -9.7053424e-17  4.3481457e-17  5.9987567e-16  3.4677290e-16  -7.6686737e-17  -2.0353950e-16  -7.8297376e-17  -2.1471982e-16  
-4.7061153e-16  9.5296385e-17  1.1663131e-15  -2.9988433e-16  1.0000000   -7.9006285e-17  -1.2086525e-16  4.2738062e-17  -6.0778466e-16  3.8499890e-16  3.0226122e-16  7.7418091e-18  -1.5294703e-16  1.3166911e-16  2.6764843e-16  1.3649368e-16  4.2761242e-16  3.0528183e-16  -4.1233153e-16  -1.3460915e-16  -5.1138454e-17  -5.1908393e-16  -7.2520975e-16  -1.1269620e-16  -2.6686846e-16  1.6280575e-16  -5.4287485e-17  6.3086388e-17  2.5183339e-16  9.8772899e-17  2.6224157e-16  -4.7061153e-16  9.5296385e-17  1.1663131e-15  -2.9988433e-16  1.0000000   -7.9006285e-17  -1.2086525e-16  4.2738062e-17  -6.0778466e-16  3.8499890e-16  3.0226122e-16  7.7418091e-18  -1.5294703e-16  1.3166911e-16  2.6764843e-16  1.3649368e-16  4.2761242e-16  3.0528183e-16  -4.1233153e-16  -1.3460915e-16  -5.1138454e-17  -5.1908393e-16  -7.2520975e-16  -1.1269620e-16  -2.6686846e-16  1.6280575e-16  -5.4287485e-17  6.3086388e-17  2.5183339e-16  9.8772899e-17  2.6224157e-16  
5.9645412e-16  -5.3351052e-16  5.8639719e-16  -1.3990133e-17  -7.9006285e-17  1.0000000   5.5184621e-16  -6.6528693e-16  -3.7117314e-16  -5.5360973e-18  1.9956399e-16  1.3008931e-16  7.6684114e-16  -8.8255903e-16  2.8676679e-16  -1.5313335e-16  3.7452320e-16  2.5091614e-18  -3.5754391e-16  3.1883659e-17  3.4343823e-16  9.9578232e-17  1.0230968e-16  4.5674289e-17  7.9292382e-17  5.7461840e-16  -3.4393237e-17  -1.3614735e-16  5.4313687e-16  5.7032745e-16  -9.2535662e-17  5.9645412e-16  -5.3351052e-16  5.8639719e-16  -1.3990133e-17  -7.9006285e-17  1.0000000   5.5184621e-16  -6.6528693e-16  -3.7117314e-16  -5.5360973e-18  1.9956399e-16  1.3008931e-16  7.6684114e-16  -8.8255903e-16  2.8676679e-16  -1.5313335e-16  3.7452320e-16  2.5091614e-18  -3.5754391e-16  3.1883659e-17  3.4343823e-16  9.9578232e-17  1.0230968e-16  4.5674289e-17  7.9292382e-17  5.7461840e-16  -3.4393237e-17  -1.3614735e-16  5.4313687e-16  5.7032745e-16  -9.2535662e-17  
-3.4480779e-17  -6.2656116e-16  5.0532895e-16  6.6275658e-16  -1.2086525e-16  5.5184621e-16  1.0000000   -2.4223898e-17  -1.3380639e-17  2.1374001e-16  5.7163849e-16  2.4669868e-16  1.9858685e-16  1.5230732e-16  -5.3742699e-17  -4.1352135e-17  -6.0260615e-16  9.4750158e-17  1.6044711e-16  -6.3093069e-16  1.9505255e-16  4.0179765e-16  1.6844804e-16  -6.7462194e-17  -1.9349128e-17  -4.4835730e-16  -1.4348854e-17  -9.2219491e-17  -6.1132357e-16  5.7247149e-16  1.3550242e-16  -3.4480779e-17  -6.2656116e-16  5.0532895e-16  6.6275658e-16  -1.2086525e-16  5.5184621e-16  1.0000000   -2.4223898e-17  -1.3380639e-17  2.1374001e-16  5.7163849e-16  2.4669868e-16  1.9858685e-16  1.5230732e-16  -5.3742699e-17  -4.1352135e-17  -6.0260615e-16  9.4750158e-17  1.6044711e-16  -6.3093069e-16  1.9505255e-16  4.0179765e-16  1.6844804e-16  -6.7462194e-17  -1.9349128e-17  -4.4835730e-16  -1.4348854e-17  -9.2219491e-17  -6.1132357e-16  5.7247149e-16  1.3550242e-16  
3.4965884e-17  4.1781319e-16  -1.8524107e-16  -1.7750939e-17  4.2738062e-17  -6.6528693e-16  -2.4223898e-17  1.0000000   2.2125082e-16  1.2803227e-16  -5.5547785e-17  -6.5092631e-16  -2.0301698e-16  4.9738308e-16  -1.4850422e-16  2.2324515e-16  1.3072356e-16  1.3652533e-16  -3.7773218e-16  4.9205873e-16  -2.5143712e-16  1.0515502e-16  -3.0014039e-16  -9.7774836e-17  4.1506984e-16  -8.1189630e-17  -2.8356729e-16  -7.2420000e-16  -8.9242215e-17  -4.8650350e-16  -6.9240311e-18  3.4965884e-17  4.1781319e-16  -1.8524107e-16  -1.7750939e-17  4.2738062e-17  -6.6528693e-16  -2.4223898e-17  1.0000000   2.2125082e-16  1.2803227e-16  -5.5547785e-17  -6.5092631e-16  -2.0301698e-16  4.9738308e-16  -1.4850422e-16  2.2324515e-16  1.3072356e-16  1.3652533e-16  -3.7773218e-16  4.9205873e-16  -2.5143712e-16  1.0515502e-16  -3.0014039e-16  -9.7774836e-17  4.1506984e-16  -8.1189630e-17  -2.8356729e-16  -7.2420000e-16  -8.9242215e-17  -4.8650350e-16  -6.9240311e-18  
5.9344790e-16  -1.7146970e-16  -6.1838828e-17  -1.3208194e-16  -6.0778466e-16  -3.7117314e-16  -1.3380639e-17  2.2125082e-16  1.0000000   8.3432462e-16  -2.0934666e-16  -6.7318668e-17  9.7740464e-16  5.6795443e-16  -3.9459022e-16  -2.1575963e-16  3.3947449e-16  -1.5002510e-16  -1.3877327e-16  -3.8428595e-16  3.9791738e-16  -5.7796905e-16  1.4822934e-16  -3.5390624e-16  -4.3501298e-16  2.5229832e-16  -5.1573591e-16  -7.7360985e-17  5.2683075e-16  2.7981384e-16  -3.5964773e-17  5.9344790e-16  -1.7146970e-16  -6.1838828e-17  -1.3208194e-16  -6.0778466e-16  -3.7117314e-16  -1.3380639e-17  2.2125082e-16  1.0000000   8.3432462e-16  -2.0934666e-16  -6.7318668e-17  9.7740464e-16  5.6795443e-16  -3.9459022e-16  -2.1575963e-16  3.3947449e-16  -1.5002510e-16  -1.3877327e-16  -3.8428595e-16  3.9791738e-16  -5.7796905e-16  1.4822934e-16  -3.5390624e-16  -4.3501298e-16  2.5229832e-16  -5.1573591e-16  -7.7360985e-17  5.2683075e-16  2.7981384e-16  -3.5964773e-17  
1.8981384e-16  1.9613257e-16  -2.1300566e-16  -2.5562064e-16  3.8499890e-16  -5.5360973e-18  2.1374001e-16  1.2803227e-16  8.3432462e-16  1.0000000   1.4565176e-16  2.1337455e-16  -1.8721859e-16  -4.4221508e-16  -2.0407597e-16  3.5560595e-16  5.6108995e-17  7.9496310e-17  7.8407084e-16  -9.5106405e-16  -1.4364700e-16  -6.3414753e-16  2.4308452e-16  3.3620660e-16  2.5166211e-16  -1.6455931e-16  7.6288876e-16  3.2302583e-16  3.2248154e-16  -7.7626583e-17  -5.9084534e-16  1.8981384e-16  1.9613257e-16  -2.1300566e-16  -2.5562064e-16  3.8499890e-16  -5.5360973e-18  2.1374001e-16  1.2803227e-16  8.3432462e-16  1.0000000   1.4565176e-16  2.1337455e-16  -1.8721859e-16  -4.4221508e-16  -2.0407597e-16  3.5560595e-16  5.6108995e-17  7.9496310e-17  7.8407084e-16  -9.5106405e-16  -1.4364700e-16  -6.3414753e-16  2.4308452e-16  3.3620660e-16  2.5166211e-16  -1.6455931e-16  7.6288876e-16  3.2302583e-16  3.2248154e-16  -7.7626583e-17  -5.9084534e-16  
