1.0000000   5.0202247e-16  -6.5969651e-16  1.5616311e-16  -1.7200181e-16  -5.3539328e-17  -8.1614126e-16  -5.9240729e-16  2.4649110e-16  1.4486660e-16  3.9910966e-16  2.5499686e-16  6.8377436e-17  3.1690843e-16  4.0556806e-16  4.1971847e-16  -4.2953024e-16  2.2547563e-16  -3.2588878e-16  4.3033435e-16  3.3219547e-17  -5.1734304e-17  3.9360416e-16  -3.5406425e-16  -5.0951881e-17  8.3292967e-17  -6.3286403e-16  4.0071905e-16  -1.1761597e-16  -2.7777679e-16  2.3265028e-16  1.0000000   5.0202247e-16  -6.5969651e-16  1.5616311e-16  -1.7200181e-16  -5.3539328e-17  -8.1614126e-16  -5.9240729e-16  2.4649110e-16  1.4486660e-16  3.9910966e-16  2.5499686e-16  6.8377436e-17  3.1690843e-16  4.0556806e-16  4.1971847e-16  -4.2953024e-16  2.2547563e-16  -3.2588878e-16  4.3033435e-16  3.3219547e-17  -5.1734304e-17  3.9360416e-16  -3.5406425e-16  -5.0951881e-17  8.3292967e-17  -6.3286403e-16  4.0071905e-16  -1.1761597e-16  -2.7777679e-16  2.3265028e-16  
5.0202247e-16  1.0000000   6.2476520e-16  3.5690190e-16  -3.4431267e-16  -4.0773715e-16  4.2276759e-16  -6.1526146e-16  -4.3256793e-16  -2.2479893e-16  -2.7042927e-16  -6.1064868e-16  3.1176729e-16  -2.3518521e-16  7.0511502e-16  2.5858333e-16  -3.7939603e-16  -4.8567666e-16  1.3211343e-16  -3.0398139e-16  1.2648394e-17  1.2281979e-16  1.2885298e-15  -5.8842293e-16  -2.2402347e-16  -1.6064483e-16  1.7083183e-16  -6.8696122e-16  6.3889937e-16  -5.3249586e-16  2.9686275e-16  5.0202247e-16  1.0000000   6.2476520e-16  3.5690190e-16  -3.4431267e-16  -4.0773715e-16  4.2276759e-16  -6.1526146e-16  -4.3256793e-16  -2.2479893e-16  -2.7042927e-16  -6.1064868e-16  3.1176729e-16  -2.3518521e-16  7.0511502e-16  2.5858333e-16  -3.7939603e-16  -4.8567666e-16  1.3211343e-16  -3.0398139e-16  1.2648394e-17  1.2281979e-16  1.2885298e-15  -5.8842293e-16  -2.2402347e-16  -1.6064483e-16  1.7083183e-16  -6.8696122e-16  6.3889937e-16  -5.3249586e-16  2.9686275e-16  
-6.5969651e-16  6.2476520e-16  1.0000000   -4.1367276e-16  7.9474765e-16  2.4116340e-16  -1.6958073e-16  -5.5401495e-16  -3.2603455e-16  1.2565528e-16  -6.9304091e-16  -9.9032392e-17  -2.7252424e-16  -4.3310989e-16  -1.1993872e-16  -3.0649186e-17  3.7403406e-16  7.6635768e-16  2.1953677e-16  -1.6544493e-16  -2.3388264e-16  -3.3903584e-16  -2.0804497e-16  3.9503780e-16  6.4084940e-16  5.2109373e-16  1.2748993e-16  6.3063803e-17  -1.1330881e-16  3.3645617e-16  1.5551627e-17  -6.5969651e-16  6.2476520e-16  1.0000000   -4.1367276e-16  7.9474765e-16  2.4116340e-16  -1.6958073e-16  -5.5401495e-16  -3.2603455e-16  1.2565528e-16  -6.9304091e-16  -9.9032392e-17  -2.7252424e-16  -4.3310989e-16  -1.1993872e-16  -3.0649186e-17  3.7403406e-16  7.6635768e-16  2.1953677e-16  -1.6544493e-16  -2.3388264e-16  -3.3903584e-16  -2.0804497e-16  3.9503780e-16  6.4084940e-16  5.2109373e-16  1.2748993e-16  6.3063803e-17  -1.1330881e-16  3.3645617e-16  1.5551627e-17  
1.5616311e-16  3.5690190e-16  -4.1367276e-16  1.0000000   -7.6660508e-17  7.5791630e-17  4.1172831e-16  2.1550706e-16  -3.9291654e-17  4.5768282e-16  3.3907149e-16  1.4357188e-16  -1.2445298e-16  -5.6610348e-16  -4.7643736e-16  -8.8307082e-17  -5.3538403e-16  3.0310638e-16  4.5155511e-16  1.9864124e-16  -3.8194326e-16  -1.6805644e-16  -3.0911598e-16  -6.0564362e-16  2.1050065e-16  -5.3422087e-17  7.7600813e-17  -7.6408504e-17  -1.3993721e-15  6.3844855e-17  -2.7942533e-16  1.5616311e-16  3.5690190e-16  -4.1367276e-16  1.0000000   -7.6660508e-17  7.5791630e-17  4.1172831e-16  2.1550706e-16  -3.9291654e-17  4.5768282e-16  3.3907149e-16  1.4357188e-16  -1.2445298e-16  -5.6610348e-16  -4.7643736e-16  -8.8307082e-17  -5.3538403e-16  3.0310638e-16  4.5155511e-16  1.9864124e-16  -3.8194326e-16  -1.6805644e-16  -3.0911598e-16  -6.0564362e-16  2.1050065e-16  -5.3422087e-17  7.7600813e-17  -7.6408504e-17  -1.3993721e-15  6.3844855e-17  -2.7942533e-16  
-1.7200181e-16  -3.4431267e-16  7.9474765e-16  -7.6660508e-17  1.0000000   -3.5504262e-16  1.5907437e-16  -1.4414526e-16  1.6449088e-16  -4.4232677e-16  5.1175474e-17  4.6894517e-17  9.5369151e-16  5.5857784e-16  2.1150830e-17  1.3200375e-16  8.0047370e-16  -6.0009560e-16  3.0506420e-16  -1.2975774e-16  3.8391305e-16  -5.3597750e-17  -5.3986896e-16  2.7979284e-16  4.8847675e-16  -8.4309312e-17  -4.7172434e-16  5.8280249e-16  -1.0114977e-16  -3.6587868e-16  -8.5992488e-16  -1.7200181e-16  -3.4431267e-16  7.9474765e-16  -7.6660508e-17  1.0000000   -3.5504262e-16  1.5907437e-16  -1.4414526e-16  1.6449088e-16  -4.4232677e-16  5.1175474e-17  4.6894517e-17  9.5369151e-16  5.5857784e-16  2.1150830e-17  1.3200375e-16  8.0047370e-16  -6.0009560e-16  3.0506420e-16  -1.2975774e-16  3.8391305e-16  -5.3597750e-17  -5.3986896e-16  2.7979284e-16  4.8847675e-16  -8.4309312e-17  -4.7172434e-16  5.8280249e-16  -1.0114977e-16  -3.6587868e-16  -8.5992488e-16  
-5.3539328e-17  -4.0773715e-16  2.4116340e-16  7.5791630e-17  -3.5504262e-16  1.0000000   7.3114540e-16  1.0941722e-15  6.7355526e-17  -1.3213795e-15  1.6668713e-17  -2.4917670e-16  -2.0317899e-17  -5.2712887e-16  -2.6472160e-16  -1.2022794e-16  2.6731046e-16  -4.6429534e-16  1.4081780e-16  1.5272000e-16  1.7442223e-16  -8.2159135e-17  -3.8600321e-16  -6.0629016e-16  9.1862967e-16  6.6783221e-18  -1.6510240e-16  -7.4929572e-16  2.3750015e-16  1.3984002e-16  -2.0598884e-16  -5.3539328e-17  -4.0773715e-16  2.4116340e-16  7.5791630e-17  -3.5504262e-16  1.0000000   7.3114540e-16  1.0941722e-15  6.7355526e-17  -1.3213795e-15  1.6668713e-17  -2.4917670e-16  -2.0317899e-17  -5.2712887e-16  -2.6472160e-16  -1.2022794e-16  2.6731046e-16  -4.6429534e-16  1.4081780e-16  1.5272000e-16  1.7442223e-16  -8.2159135e-17  -3.8600321e-16  -6.0629016e-16  9.1862967e-16  6.6783221e-18  -1.6510240e-16  -7.4929572e-16  2.3750015e-16  1.3984002e-16  -2.0598884e-16  
-8.1614126e-16  4.2276759e-16  -1.6958073e-16  4.1172831e-16  1.5907437e-16  7.3114540e-16  1.0000000   1.2554598e-15  5.0308653e-18  -6.6277873e-17  4.3331077e-16  7.6072070e-16  -4.8533560e-16  6.8747239e-16  1.2723215e-16  3.4567371e-16  4.9102129e-17  -9.9885560e-17  -9.0372949e-16  5.4931526e-17  3.1866813e-16  -8.3384504e-17  -2.3587068e-16  -5.1085143e-16  1.1990488e-15  3.5039016e-16  1.0611945e-15  -4.9735539e-16  4.7682222e-16  -5.7485658e-17  4.3401261e-16  -8.1614126e-16  4.2276759e-16  -1.6958073e-16  4.1172831e-16  1.5907437e-16  7.3114540e-16  1.0000000   1.2554598e-15  5.0308653e-18  -6.6277873e-17  4.3331077e-16  7.6072070e-16  -4.8533560e-16  6.8747239e-16  1.2723215e-16  3.4567371e-16  4.9102129e-17  -9.9885560e-17  -9.0372949e-16  5.4931526e-17  3.1866813e-16  -8.3384504e-17  -2.3587068e-16  -5.1085143e-16  1.1990488e-15  3.5039016e-16  1.0611945e-15  -4.9735539e-16  4.7682222e-16  -5.7485658e-17  4.3401261e-16  
-5.9240729e-16  -6.1526146e-16  -5.5401495e-16  2.1550706e-16  -1.4414526e-16  1.0941722e-15  1.2554598e-15  1.0000000   -1.5422081e-16  2.6585356e-16  -5.2164891e-16  1.0976894e-15  -2.4827342e-16  1.1450380e-15  -4.6497830e-16  4.6697771e-16  -3.3045971e-17  2.3590039e-16  -2.5793395e-16  9.3661452e-16  2.6816517e-17  -6.5475416e-16  -2.1866926e-16  -5.5829998e-16  4.5747493e-16  3.2698187e-16  4.7658582e-16  -3.5947181e-16  -7.4776286e-17  4.2056112e-16  -1.0670386e-16  -5.9240729e-16  -6.1526146e-16  -5.5401495e-16  2.1550706e-16  -1.4414526e-16  1.0941722e-15  1.2554598e-15  1.0000000   -1.5422081e-16  2.6585356e-16  -5.2164891e-16  1.0976894e-15  -2.4827342e-16  1.1450380e-15  -4.6497830e-16  4.6697771e-16  -3.3045971e-17  2.3590039e-16  -2.5793395e-16  9.3661452e-16  2.6816517e-17  -6.5475416e-16  -2.1866926e-16  -5.5829998e-16  4.5747493e-16  3.2698187e-16  4.7658582e-16  -3.5947181e-16  -7.4776286e-17  4.2056112e-16  -1.0670386e-16  
2.4649110e-16  -4.3256793e-16  -3.2603455e-16  -3.9291654e-17  1.6449088e-16  6.7355526e-17  5.0308653e-18  -1.5422081e-16  1.0000000   2.1894824e-16  2.5590134e-16  4.1249418e-16  2.6073210e-16  -2.0424766e-16  3.1327325e-16  5.4508239e-16  -1.4370397e-16  2.4708921e-16  -2.7147159e-16  3.5592199e-16  7.9792146e-16  5.3702321e-16  1.2050495e-16  -3.0173072e-16  2.9805327e-16  -1.7813309e-16  -5.2132775e-17  4.9832210e-16  7.1916651e-16  -1.4084415e-16  -3.8922926e-18  2.4649110e-16  -4.3256793e-16  -3.2603455e-16  -3.9291654e-17  1.6449088e-16  6.7355526e-17  5.0308653e-18  -1.5422081e-16  1.0000000   2.1894824e-16  2.5590134e-16  4.1249418e-16  2.6073210e-16  -2.0424766e-16  3.1327325e-16  5.4508239e-16  -1.4370397e-16  2.4708921e-16  -2.7147159e-16  3.5592199e-16  7.9792146e-16  5.3702321e-16  1.2050495e-16  -3.0173072e-16  2.9805327e-16  -1.7813309e-16  -5.2132775e-17  4.9832210e-16  7.1916651e-16  -1.4084415e-16  -3.8922926e-18  
1.4486660e-16  -2.2479893e-16  1.2565528e-16  4.5768282e-16  -4.4232677e-16  -1.3213795e-15  -6.6277873e-17  2.6585356e-16  2.1894824e-16  1.0000000   3.4418325e-16  5.2975523e-16  -1.4443843e-16  1.0207672e-16  -1.1958263e-16  -2.2891000e-16  6.3114516e-17  3.7991350e-17  1.2346046e-16  -2.7895676e-16  7.3721053e-16  2.3810002e-16  -2.1263027e-16  2.5678297e-16  1.1147758e-16  -1.2547705e-16  3.8459738e-16  9.3881086e-16  -6.2835771e-16  -2.7788934e-16  -9.8612939e-16  1.4486660e-16  -2.2479893e-16  1.2565528e-16  4.5768282e-16  -4.4232677e-16  -1.3213795e-15  -6.6277873e-17  2.6585356e-16  2.1894824e-16  1.0000000   3.4418325e-16  5.2975523e-16  -1.4443843e-16  1.0207672e-16  -1.1958263e-16  -2.2891000e-16  6.3114516e-17  3.7991350e-17  1.2346046e-16  -2.7895676e-16  7.3721053e-16  2.3810002e-16  -2.1263027e-16  2.5678297e-16  1.1147758e-16  -1.2547705e-16  3.8459738e-16  9.3881086e-16  -6.2835771e-16  -2.7788934e-16  -9.8612939e-16  
3.9910966e-16  -2.7042927e-16  -6.9304091e-16  3.3907149e-16  5.1175474e-17  1.6668713e-17  4.3331077e-16  -5.2164891e-16  2.5590134e-16  3.4418325e-16  1.0000000   -8.6778011e-16  6.1453465e-18  -4.3476775e-17  -7.8279071e-16  -6.0583935e-17  2.9665059e-17  -6.5494759e-16  -8.1398571e-16  2.0730691e-16  -5.7438658e-16  5.2603766e-16  2.5648573e-16  5.4465810e-16  -6.6999633e-16  -2.4762456e-16  1.9374819e-16  3.2406016e-16  9.2017648e-17  -3.7303641e-16  2.2736609e-16  3.9910966e-16  -2.7042927e-16  -6.9304091e-16  3.3907149e-16  5.1175474e-17  1.6668713e-17  4.3331077e-16  -5.2164891e-16  2.5590134e-16  3.4418325e-16  1.0000000   -8.6778011e-16  6.1453465e-18  -4.3476775e-17  -7.8279071e-16  -6.0583935e-17  2.9665059e-17  -6.5494759e-16  -8.1398571e-16  2.0730691e-16  -5.7438658e-16  5.2603766e-16  2.5648573e-16  5.4465810e-16  -6.6999633e-16  -2.4762456e-16  1.9374819e-16  3.2406016e-16  9.2017648e-17  -3.7303641e-16  2.2736609e-16  
2.5499686e-16  -6.1064868e-16  -9.9032392e-17  1.4357188e-16  4.6894517e-17  -2.4917670e-16  7.6072070e-16  1.0976894e-15  4.1249418e-16  5.2975523e-16  -8.6778011e-16  1.0000000   -1.7915946e-16  -3.1714635e-16  6.8216736e-17  -1.6079719e-16  8.3964338e-17  -4.9860336e-17  3.0835695e-16  6.5497253e-16  2.7118891e-16  3.2692534e-17  9.3276777e-17  1.3214558e-16  8.5727890e-16  3.0811316e-16  5.2012410e-16  -1.2442643e-17  2.6031589e-16  2.0495098e-16  2.8605321e-16  2.5499686e-16  -6.1064868e-16  -9.9032392e-17  1.4357188e-16  4.6894517e-17  -2.4917670e-16  7.6072070e-16  1.0976894e-15  4.1249418e-16  5.2975523e-16  -8.6778011e-16  1.0000000   -1.7915946e-16  -3.1714635e-16  6.8216736e-17  -1.6079719e-16  8.3964338e-17  -4.9860336e-17  3.0835695e-16  6.5497253e-16  2.7118891e-16  3.2692534e-17  9.3276777e-17  1.3214558e-16  8.5727890e-16  3.0811316e-16  5.2012410e-16  -1.2442643e-17  2.6031589e-16  2.0495098e-16  2.8605321e-16  
6.8377436e-17  3.1176729e-16  -2.7252424e-16  -1.2445298e-16  9.5369151e-16  -2.0317899e-17  -4.8533560e-16  -2.4827342e-16  2.6073210e-16  -1.4443843e-16  6.1453465e-18  -1.7915946e-16  1.0000000   -4.6890892e-16  -1.3765198e-16  5.2410410e-16  3.8548205e-16  -1.5645203e-16  7.4470856e-16  -3.6641833e-16  -2.2728319e-16  4.6342195e-17  -3.3267638e-16  8.0166513e-17  -4.5658530e-16  -1.4204573e-16  -3.7053043e-17  -5.2181598e-16  -7.4440251e-16  2.9254373e-16  1.7221860e-16  6.8377436e-17  3.1176729e-16  -2.7252424e-16  -1.2445298e-16  9.5369151e-16  -2.0317899e-17  -4.8533560e-16  -2.4827342e-16  2.6073210e-16  -1.4443843e-16  6.1453465e-18  -1.7915946e-16  1.0000000   -4.6890892e-16  -1.3765198e-16  5.2410410e-16  3.8548205e-16  -1.5645203e-16  7.4470856e-16  -3.6641833e-16  -2.2728319e-16  4.6342195e-17  -3.3267638e-16  8.0166513e-17  -4.5658530e-16  -1.4204573e-16  -3.7053043e-17  -5.2181598e-16  -7.4440251e-16  2.9254373e-16  1.7221860e-16  
3.1690843e-16  -2.3518521e-16  -4.3310989e-16  -5.6610348e-16  5.5857784e-16  -5.2712887e-16  6.8747239e-16  1.1450380e-15  -2.0424766e-16  1.0207672e-16  -4.3476775e-17  -3.1714635e-16  -4.6890892e-16  1.0000000   -5.8391560e-17  4.5227410e-16  1.8813840e-16  -2.1314519e-16  2.5295224e-16  3.7455927e-16  2.3953972e-16  -1.5470296e-16  -2.1614915e-16  -8.7527769e-16  2.1249842e-16  1.2310202e-16  -2.8390586e-16  5.1877904e-16  3.7041593e-16  -7.5049356e-17  2.4952978e-16  3.1690843e-16  -2.3518521e-16  -4.3310989e-16  -5.6610348e-16  5.5857784e-16  -5.2712887e-16  6.8747239e-16  1.1450380e-15  -2.0424766e-16  1.0207672e-16  -4.3476775e-17  -3.1714635e-16  -4.6890892e-16  1.0000000   -5.8391560e-17  4.5227410e-16  1.8813840e-16  -2.1314519e-16  2.5295224e-16  3.7455927e-16  2.3953972e-16  -1.5470296e-16  -2.1614915e-16  -8.7527769e-16  2.1249842e-16  1.2310202e-16  -2.8390586e-16  5.1877904e-16  3.7041593e-16  -7.5049356e-17  2.4952978e-16  
4.0556806e-16  7.0511502e-16  -1.1993872e-16  -4.7643736e-16  2.1150830e-17  -2.6472160e-16  1.2723215e-16  -4.6497830e-16  3.1327325e-16  -1.1958263e-16  -7.8279071e-16  6.8216736e-17  -1.3765198e-16  -5.8391560e-17  1.0000000   -2.1266631e-16  9.8534532e-17  -2.3945419e-16  4.3289014e-16  2.5278156e-16  4.0512540e-16  4.2575243e-16  3.9840709e-16  -8.8414768e-17  6.3444505e-16  -4.8498144e-16  1.9512262e-16  4.3502702e-16  -7.3741061e-16  2.9978837e-16  1.1830234e-15  4.0556806e-16  7.0511502e-16  -1.1993872e-16  -4.7643736e-16  2.1150830e-17  -2.6472160e-16  1.2723215e-16  -4.6497830e-16  3.1327325e-16  -1.1958263e-16  -7.8279071e-16  6.8216736e-17  -1.3765198e-16  -5.8391560e-17  1.0000000   -2.1266631e-16  9.8534532e-17  -2.3945419e-16  4.3289014e-16  2.5278156e-16  4.0512540e-16  4.2575243e-16  3.9840709e-16  -8.8414768e-17  6.3444505e-16  -4.8498144e-16  1.9512262e-16  4.3502702e-16  -7.3741061e-16  2.9978837e-16  1.1830234e-15  
4.1971847e-16  2.5858333e-16  -3.0649186e-17  -8.8307082e-17  1.3200375e-16  -1.2022794e-16  3.4567371e-16  4.6697771e-16  5.4508239e-16  -2.2891000e-16  -6.0583935e-17  -1.6079719e-16  5.2410410e-16  4.5227410e-16  -2.1266631e-16  1.0000000   -3.2212498e-17  -3.1267600e-16  -3.4583473e-16  3.9375270e-16  7.5416938e-17  9.4274760e-16  -3.9728949e-16  2.1543362e-17  5.5225873e-16  7.9374018e-17  1.7392642e-17  -1.1463189e-15  1.4921371e-17  -3.5184500e-16  -5.9482432e-16  4.1971847e-16  2.5858333e-16  -3.0649186e-17  -8.8307082e-17  1.3200375e-16  -1.2022794e-16  3.4567371e-16  4.6697771e-16  5.4508239e-16  -2.2891000e-16  -6.0583935e-17  -1.6079719e-16  5.2410410e-16  4.5227410e-16  -2.1266631e-16  1.0000000   -3.2212498e-17  -3.1267600e-16  -3.4583473e-16  3.9375270e-16  7.5416938e-17  9.4274760e-16  -3.9728949e-16  2.1543362e-17  5.5225873e-16  7.9374018e-17  1.7392642e-17  -1.1463189e-15  1.4921371e-17  -3.5184500e-16  -5.9482432e-16  
-4.2953024e-16  -3.7939603e-16  3.7403406e-16  -5.3538403e-16  8.0047370e-16  2.6731046e-16  4.9102129e-17  -3.3045971e-17  -1.4370397e-16  6.3114516e-17  2.9665059e-17  8.3964338e-17  3.8548205e-16  1.8813840e-16  9.8534532e-17  -3.2212498e-17  1.0000000   -4.6783703e-16  -7.3103241e-17  -3.4498101e-16  -1.0814646e-15  7.9186606e-17  -1.6616848e-17  -3.2803338e-16  4.7382071e-16  2.1793496e-17  -2.3574148e-16  6.1319067e-16  -3.5647308e-16  -3.0205354e-16  6.1374889e-16  -4.2953024e-16  -3.7939603e-16  3.7403406e-16  -5.3538403e-16  8.0047370e-16  2.6731046e-16  4.9102129e-17  -3.3045971e-17  -1.4370397e-16  6.3114516e-17  2.9665059e-17  8.3964338e-17  3.8548205e-16  1.8813840e-16  9.8534532e-17  -3.2212498e-17  1.0000000   -4.6783703e-16  -7.3103241e-17  -3.4498101e-16  -1.0814646e-15  7.9186606e-17  -1.6616848e-17  -3.2803338e-16  4.7382071e-16  2.1793496e-17  -2.3574148e-16  6.1319067e-16  -3.5647308e-16  -3.0205354e-16  6.1374889e-16  
2.2547563e-16  -4.8567666e-16  7.6635768e-16  3.0310638e-16  -6.0009560e-16  -4.6429534e-16  -9.9885560e-17  2.3590039e-16  2.4708921e-16  3.7991350e-17  -6.5494759e-16  -4.9860336e-17  -1.5645203e-16  -2.1314519e-16  -2.3945419e-16  -3.1267600e-16  -4.6783703e-16  1.0000000   5.3143188e-16  -1.9257892e-16  3.1601013e-17  -1.0003714e-16  -1.6528589e-16  -1.3480818e-16  5.7058719e-16  1.0482882e-16  3.7040367e-17  2.1415769e-16  -1.4809008e-16  -1.1736901e-16  -2.0005128e-16  2.2547563e-16  -4.8567666e-16  7.6635768e-16  3.0310638e-16  -6.0009560e-16  -4.6429534e-16  -9.9885560e-17  2.3590039e-16  2.4708921e-16  3.7991350e-17  -6.5494759e-16  -4.9860336e-17  -1.5645203e-16  -2.1314519e-16  -2.3945419e-16  -3.1267600e-16  -4.6783703e-16  1.0000000   5.3143188e-16  -1.9257892e-16  3.1601013e-17  -1.0003714e-16  -1.6528589e-16  -1.3480818e-16  5.7058719e-16  1.0482882e-16  3.7040367e-17  2.1415769e-16  -1.4809008e-16  -1.1736901e-16  -2.0005128e-16  
-3.2588878e-16  1.3211343e-16  2.1953677e-16  4.5155511e-16  3.0506420e-16  1.4081780e-16  -9.0372949e-16  -2.5793395e-16  -2.7147159e-16  1.2346046e-16  -8.1398571e-16  3.0835695e-16  7.4470856e-16  2.5295224e-16  4.3289014e-16  -3.4583473e-16  -7.3103241e-17  5.3143188e-16  1.0000000   2.1811866e-16  7.3877510e-16  -7.0547826e-16  5.4986893e-16  -6.1921084e-16  4.9170569e-17  -1.2859379e-17  -2.6208610e-16  1.1723224e-17  2.6780760e-16  2.7404393e-16  4.6323131e-16  -3.2588878e-16  1.3211343e-16  2.1953677e-16  4.5155511e-16  3.0506420e-16  1.4081780e-16  -9.0372949e-16  -2.5793395e-16  -2.7147159e-16  1.2346046e-16  -8.1398571e-16  3.0835695e-16  7.4470856e-16  2.5295224e-16  4.3289014e-16  -3.4583473e-16  -7.3103241e-17  5.3143188e-16  1.0000000   2.1811866e-16  7.3877510e-16  -7.0547826e-16  5.4986893e-16  -6.1921084e-16  4.9170569e-17  -1.2859379e-17  -2.6208610e-16  1.1723224e-17  2.6780760e-16  2.7404393e-16  4.6323131e-16  
4.3033435e-16  -3.0398139e-16  -1.6544493e-16  1.9864124e-16  -1.2975774e-16  1.5272000e-16  5.4931526e-17  9.3661452e-16  3.5592199e-16  -2.7895676e-16  2.0730691e-16  6.5497253e-16  -3.6641833e-16  3.7455927e-16  2.5278156e-16  3.9375270e-16  -3.4498101e-16  -1.9257892e-16  2.1811866e-16  1.0000000   5.6727127e-16  -2.2080223e-16  2.6172354e-16  2.8145091e-16  6.2684992e-16  -1.9880257e-16  3.6027704e-16  1.7432353e-16  2.6289317e-16  -4.1233730e-16  8.1285537e-16  4.3033435e-16  -3.0398139e-16  -1.6544493e-16  1.9864124e-16  -1.2975774e-16  1.5272000e-16  5.4931526e-17  9.3661452e-16  3.5592199e-16  -2.7895676e-16  2.0730691e-16  6.5497253e-16  -3.6641833e-16  3.7455927e-16  2.5278156e-16  3.9375270e-16  -3.4498101e-16  -1.9257892e-16  2.1811866e-16  1.0000000   5.6727127e-16  -2.2080223e-16  2.6172354e-16  2.8145091e-16  6.2684992e-16  -1.9880257e-16  3.6027704e-16  1.7432353e-16  2.6289317e-16  -4.1233730e-16  8.1285537e-16  
3.3219547e-17  1.2648394e-17  -2.3388264e-16  -3.8194326e-16  3.8391305e-16  1.7442223e-16  3.1866813e-16  2.6816517e-17  7.9792146e-16  7.3721053e-16  -5.7438658e-16  2.7118891e-16  -2.2728319e-16  2.3953972e-16  4.0512540e-16  7.5416938e-17  -1.0814646e-15  3.1601013e-17  7.3877510e-16  5.6727127e-16  1.0000000   1.4352063e-16  9.1381408e-17  1.5916754e-16  1.9039375e-16  2.7036299e-17  4.3573658e-18  -4.5390082e-16  -3.1424916e-16  8.3252231e-16  2.3521103e-16  3.3219547e-17  1.2648394e-17  -2.3388264e-16  -3.8194326e-16  3.8391305e-16  1.7442223e-16  3.1866813e-16  2.6816517e-17  7.9792146e-16  7.3721053e-16  -5.7438658e-16  2.7118891e-16  -2.2728319e-16  2.3953972e-16  4.0512540e-16  7.5416938e-17  -1.0814646e-15  3.1601013e-17  7.3877510e-16  5.6727127e-16  1.0000000   1.4352063e-16  9.1381408e-17  1.5916754e-16  1.9039375e-16  2.7036299e-17  4.3573658e-18  -4.5390082e-16  -3.1424916e-16  8.3252231e-16  2.3521103e-16  
-5.1734304e-17  1.2281979e-16  -3.3903584e-16  -1.6805644e-16  -5.3597750e-17  -8.2159135e-17  -8.3384504e-17  -6.5475416e-16  5.3702321e-16  2.3810002e-16  5.2603766e-16  3.2692534e-17  4.6342195e-17  -1.5470296e-16  4.2575243e-16  9.4274760e-16  7.9186606e-17  -1.0003714e-16  -7.0547826e-16  -2.2080223e-16  1.4352063e-16  1.0000000   1.2625052e-16  3.9457611e-16  -3.1988638e-16  3.9200115e-16  -3.6852557e-16  8.0591713e-16  -4.3779800e-16  -4.3890364e-17  -5.3401419e-16  -5.1734304e-17  1.2281979e-16  -3.3903584e-16  -1.6805644e-16  -5.3597750e-17  -8.2159135e-17  -8.3384504e-17  -6.5475416e-16  5.3702321e-16  2.3810002e-16  5.2603766e-16  3.2692534e-17  4.6342195e-17  -1.5470296e-16  4.2575243e-16  9.4274760e-16  7.9186606e-17  -1.0003714e-16  -7.0547826e-16  -2.2080223e-16  1.4352063e-16  1.0000000   1.2625052e-16  3.9457611e-16  -3.1988638e-16  3.9200115e-16  -3.6852557e-16  8.0591713e-16  -4.3779800e-16  -4.3890364e-17  -5.3401419e-16  
3.9360416e-16  1.2885298e-15  -2.0804497e-16  -3.0911598e-16  -5.3986896e-16  -3.8600321e-16  -2.3587068e-16  -2.1866926e-16  1.2050495e-16  -2.1263027e-16  2.5648573e-16  9.3276777e-17  -3.3267638e-16  -2.1614915e-16  3.9840709e-16  -3.9728949e-16  -1.6616848e-17  -1.6528589e-16  5.4986893e-16  2.6172354e-16  9.1381408e-17  1.2625052e-16  1.0000000   2.3487542e-16  -3.0298187e-16  -3.4161262e-16  7.3559764e-16  -7.6289152e-16  -5.9683202e-16  -8.1759055e-17  6.7162595e-16  3.9360416e-16  1.2885298e-15  -2.0804497e-16  -3.0911598e-16  -5.3986896e-16  -3.8600321e-16  -2.3587068e-16  -2.1866926e-16  1.2050495e-16  -2.1263027e-16  2.5648573e-16  9.3276777e-17  -3.3267638e-16  -2.1614915e-16  3.9840709e-16  -3.9728949e-16  -1.6616848e-17  -1.6528589e-16  5.4986893e-16  2.6172354e-16  9.1381408e-17  1.2625052e-16  1.0000000   2.3487542e-16  -3.0298187e-16  -3.4161262e-16  7.3559764e-16  -7.6289152e-16  -5.9683202e-16  -8.1759055e-17  6.7162595e-16  
-3.5406425e-16  -5.8842293e-16  3.9503780e-16  -6.0564362e-16  2.7979284e-16  -6.0629016e-16  -5.1085143e-16  -5.5829998e-16  -3.0173072e-16  2.5678297e-16  5.4465810e-16  1.3214558e-16  8.0166513e-17  -8.7527769e-16  -8.8414768e-17  2.1543362e-17  -3.2803338e-16  -1.3480818e-16  -6.1921084e-16  2.8145091e-16  1.5916754e-16  3.9457611e-16  2.3487542e-16  1.0000000   -5.1929272e-16  -2.6077444e-16  -4.8407438e-16  2.2662362e-16  -1.2973484e-16  -2.6862297e-16  -6.3076029e-18  -3.5406425e-16  -5.8842293e-16  3.9503780e-16  -6.0564362e-16  2.7979284e-16  -6.0629016e-16  -5.1085143e-16  -5.5829998e-16  -3.0173072e-16  2.5678297e-16  5.4465810e-16  1.3214558e-16  8.0166513e-17  -8.7527769e-16  -8.8414768e-17  2.1543362e-17  -3.2803338e-16  -1.3480818e-16  -6.1921084e-16  2.8145091e-16  1.5916754e-16  3.9457611e-16  2.3487542e-16  1.0000000   -5.1929272e-16  -2.6077444e-16  -4.8407438e-16  2.2662362e-16  -1.2973484e-16  -2.6862297e-16  -6.3076029e-18  
-5.0951881e-17  -2.2402347e-16  6.4084940e-16  2.1050065e-16  4.8847675e-16  9.1862967e-16  1.1990488e-15  4.5747493e-16  2.9805327e-16  1.1147758e-16  -6.6999633e-16  8.5727890e-16  -4.5658530e-16  2.1249842e-16  6.3444505e-16  5.5225873e-16  4.7382071e-16  5.7058719e-16  4.9170569e-17  6.2684992e-16  1.9039375e-16  -3.1988638e-16  -3.0298187e-16  -5.1929272e-16  1.0000000   3.7778370e-16  3.2751013e-16  -6.0184016e-16  9.2365348e-17  -4.6506802e-16  -2.1419326e-16  -5.0951881e-17  -2.2402347e-16  6.4084940e-16  2.1050065e-16  4.8847675e-16  9.1862967e-16  1.1990488e-15  4.5747493e-16  2.9805327e-16  1.1147758e-16  -6.6999633e-16  8.5727890e-16  -4.5658530e-16  2.1249842e-16  6.3444505e-16  5.5225873e-16  4.7382071e-16  5.7058719e-16  4.9170569e-17  6.2684992e-16  1.9039375e-16  -3.1988638e-16  -3.0298187e-16  -5.1929272e-16  1.0000000   3.7778370e-16  3.2751013e-16  -6.0184016e-16  9.2365348e-17  -4.6506802e-16  -2.1419326e-16  
8.3292967e-17  -1.6064483e-16  5.2109373e-16  -5.3422087e-17  -8.4309312e-17  6.6783221e-18  3.5039016e-16  3.2698187e-16  -1.7813309e-16  -1.2547705e-16  -2.4762456e-16  3.0811316e-16  -1.4204573e-16  1.2310202e-16  -4.8498144e-16  7.9374018e-17  2.1793496e-17  1.0482882e-16  -1.2859379e-17  -1.9880257e-16  2.7036299e-17  3.9200115e-16  -3.4161262e-16  -2.6077444e-16  3.7778370e-16  1.0000000   5.5361684e-16  2.8055140e-16  7.0197361e-16  1.2177607e-17  2.7016764e-16  8.3292967e-17  -1.6064483e-16  5.2109373e-16  -5.3422087e-17  -8.4309312e-17  6.6783221e-18  3.5039016e-16  3.2698187e-16  -1.7813309e-16  -1.2547705e-16  -2.4762456e-16  3.0811316e-16  -1.4204573e-16  1.2310202e-16  -4.8498144e-16  7.9374018e-17  2.1793496e-17  1.0482882e-16  -1.2859379e-17  -1.9880257e-16  2.7036299e-17  3.9200115e-16  -3.4161262e-16  -2.6077444e-16  3.7778370e-16  1.0000000   5.5361684e-16  2.8055140e-16  7.0197361e-16  1.2177607e-17  2.7016764e-16  
-6.3286403e-16  1.7083183e-16  1.2748993e-16  7.7600813e-17  -4.7172434e-16  -1.6510240e-16  1.0611945e-15  4.7658582e-16  -5.2132775e-17  3.8459738e-16  1.9374819e-16  5.2012410e-16  -3.7053043e-17  -2.8390586e-16  1.9512262e-16  1.7392642e-17  -2.3574148e-16  3.7040367e-17  -2.6208610e-16  3.6027704e-16  4.3573658e-18  -3.6852557e-16  7.3559764e-16  -4.8407438e-16  3.2751013e-16  5.5361684e-16  1.0000000   2.5717820e-16  6.5847622e-16  -2.4280710e-16  2.6134186e-16  -6.3286403e-16  1.7083183e-16  1.2748993e-16  7.7600813e-17  -4.7172434e-16  -1.6510240e-16  1.0611945e-15  4.7658582e-16  -5.2132775e-17  3.8459738e-16  1.9374819e-16  5.2012410e-16  -3.7053043e-17  -2.8390586e-16  1.9512262e-16  1.7392642e-17  -2.3574148e-16  3.7040367e-17  -2.6208610e-16  3.6027704e-16  4.3573658e-18  -3.6852557e-16  7.3559764e-16  -4.8407438e-16  3.2751013e-16  5.5361684e-16  1.0000000   2.5717820e-16  6.5847622e-16  -2.4280710e-16  2.6134186e-16  
4.0071905e-16  -6.8696122e-16  6.3063803e-17  -7.6408504e-17  5.8280249e-16  -7.4929572e-16  -4.9735539e-16  -3.5947181e-16  4.9832210e-16  9.3881086e-16  3.2406016e-16  -1.2442643e-17  -5.2181598e-16  5.1877904e-16  4.3502702e-16  -1.1463189e-15  6.1319067e-16  2.1415769e-16  1.1723224e-17  1.7432353e-16  -4.5390082e-16  8.0591713e-16  -7.6289152e-16  2.2662362e-16  -6.0184016e-16  2.8055140e-16  2.5717820e-16  1.0000000   6.9949161e-17  -1.7766812e-16  -8.1454970e-17  4.0071905e-16  -6.8696122e-16  6.3063803e-17  -7.6408504e-17  5.8280249e-16  -7.4929572e-16  -4.9735539e-16  -3.5947181e-16  4.9832210e-16  9.3881086e-16  3.2406016e-16  -1.2442643e-17  -5.2181598e-16  5.1877904e-16  4.3502702e-16  -1.1463189e-15  6.1319067e-16  2.1415769e-16  1.1723224e-17  1.7432353e-16  -4.5390082e-16  8.0591713e-16  -7.6289152e-16  2.2662362e-16  -6.0184016e-16  2.8055140e-16  2.5717820e-16  1.0000000   6.9949161e-17  -1.7766812e-16  -8.1454970e-17  
-1.1761597e-16  6.3889937e-16  -1.1330881e-16  -1.3993721e-15  -1.0114977e-16  2.3750015e-16  4.7682222e-16  -7.4776286e-17  7.1916651e-16  -6.2835771e-16  9.2017648e-17  2.6031589e-16  -7.4440251e-16  3.7041593e-16  -7.3741061e-16  1.4921371e-17  -3.5647308e-16  -1.4809008e-16  2.6780760e-16  2.6289317e-16  -3.1424916e-16  -4.3779800e-16  -5.9683202e-16  -1.2973484e-16  9.2365348e-17  7.0197361e-16  6.5847622e-16  6.9949161e-17  1.0000000   -3.4977433e-17  -2.7707302e-16  -1.1761597e-16  6.3889937e-16  -1.1330881e-16  -1.3993721e-15  -1.0114977e-16  2.3750015e-16  4.7682222e-16  -7.4776286e-17  7.1916651e-16  -6.2835771e-16  9.2017648e-17  2.6031589e-16  -7.4440251e-16  3.7041593e-16  -7.3741061e-16  1.4921371e-17  -3.5647308e-16  -1.4809008e-16  2.6780760e-16  2.6289317e-16  -3.1424916e-16  -4.3779800e-16  -5.9683202e-16  -1.2973484e-16  9.2365348e-17  7.0197361e-16  6.5847622e-16  6.9949161e-17  1.0000000   -3.4977433e-17  -2.7707302e-16  
-2.7777679e-16  -5.3249586e-16  3.3645617e-16  6.3844855e-17  -3.6587868e-16  1.3984002e-16  -5.7485658e-17  4.2056112e-16  -1.4084415e-16  -2.7788934e-16  -3.7303641e-16  2.0495098e-16  2.9254373e-16  -7.5049356e-17  2.9978837e-16  -3.5184500e-16  -3.0205354e-16  -1.1736901e-16  2.7404393e-16  -4.1233730e-16  8.3252231e-16  -4.3890364e-17  -8.1759055e-17  -2.6862297e-16  -4.6506802e-16  1.2177607e-17  -2.4280710e-16  -1.7766812e-16  -3.4977433e-17  1.0000000   1.6633373e-16  -2.7777679e-16  -5.3249586e-16  3.3645617e-16  6.3844855e-17  -3.6587868e-16  1.3984002e-16  -5.7485658e-17  4.2056112e-16  -1.4084415e-16  -2.7788934e-16  -3.7303641e-16  2.0495098e-16  2.9254373e-16  -7.5049356e-17  2.9978837e-16  -3.5184500e-16  -3.0205354e-16  -1.1736901e-16  2.7404393e-16  -4.1233730e-16  8.3252231e-16  -4.3890364e-17  -8.1759055e-17  -2.6862297e-16  -4.6506802e-16  1.2177607e-17  -2.4280710e-16  -1.7766812e-16  -3.4977433e-17  1.0000000   1.6633373e-16  
2.3265028e-16  2.9686275e-16  1.5551627e-17  -2.7942533e-16  -8.5992488e-16  -2.0598884e-16  4.3401261e-16  -1.0670386e-16  -3.8922926e-18  -9.8612939e-16  2.2736609e-16  2.8605321e-16  1.7221860e-16  2.4952978e-16  1.1830234e-15  -5.9482432e-16  6.1374889e-16  -2.0005128e-16  4.6323131e-16  8.1285537e-16  2.3521103e-16  -5.3401419e-16  6.7162595e-16  -6.3076029e-18  -2.1419326e-16  2.7016764e-16  2.6134186e-16  -8.1454970e-17  -2.7707302e-16  1.6633373e-16  1.0000000   2.3265028e-16  2.9686275e-16  1.5551627e-17  -2.7942533e-16  -8.5992488e-16  -2.0598884e-16  4.3401261e-16  -1.0670386e-16  -3.8922926e-18  -9.8612939e-16  2.2736609e-16  2.8605321e-16  1.7221860e-16  2.4952978e-16  1.1830234e-15  -5.9482432e-16  6.1374889e-16  -2.0005128e-16  4.6323131e-16  8.1285537e-16  2.3521103e-16  -5.3401419e-16  6.7162595e-16  -6.3076029e-18  -2.1419326e-16  2.7016764e-16  2.6134186e-16  -8.1454970e-17  -2.7707302e-16  1.6633373e-16  1.0000000   
1.0000000   5.0202247e-16  -6.5969651e-16  1.5616311e-16  -1.7200181e-16  -5.3539328e-17  -8.1614126e-16  -5.9240729e-16  2.4649110e-16  1.4486660e-16  3.9910966e-16  2.5499686e-16  6.8377436e-17  3.1690843e-16  4.0556806e-16  4.1971847e-16  -4.2953024e-16  2.2547563e-16  -3.2588878e-16  4.3033435e-16  3.3219547e-17  -5.1734304e-17  3.9360416e-16  -3.5406425e-16  -5.0951881e-17  8.3292967e-17  -6.3286403e-16  4.0071905e-16  -1.1761597e-16  -2.7777679e-16  2.3265028e-16  1.0000000   5.0202247e-16  -6.5969651e-16  1.5616311e-16  -1.7200181e-16  -5.3539328e-17  -8.1614126e-16  -5.9240729e-16  2.4649110e-16  1.4486660e-16  3.9910966e-16  2.5499686e-16  6.8377436e-17  3.1690843e-16  4.0556806e-16  4.1971847e-16  -4.2953024e-16  2.2547563e-16  -3.2588878e-16  4.3033435e-16  3.3219547e-17  -5.1734304e-17  3.9360416e-16  -3.5406425e-16  -5.0951881e-17  8.3292967e-17  -6.3286403e-16  4.0071905e-16  -1.1761597e-16  -2.7777679e-16  2.3265028e-16  
5.0202247e-16  1.0000000   6.2476520e-16  3.5690190e-16  -3.4431267e-16  -4.0773715e-16  4.2276759e-16  -6.1526146e-16  -4.3256793e-16  -2.2479893e-16  -2.7042927e-16  -6.1064868e-16  3.1176729e-16  -2.3518521e-16  7.0511502e-16  2.5858333e-16  -3.7939603e-16  -4.8567666e-16  1.3211343e-16  -3.0398139e-16  1.2648394e-17  1.2281979e-16  1.2885298e-15  -5.8842293e-16  -2.2402347e-16  -1.6064483e-16  1.7083183e-16  -6.8696122e-16  6.3889937e-16  -5.3249586e-16  2.9686275e-16  5.0202247e-16  1.0000000   6.2476520e-16  3.5690190e-16  -3.4431267e-16  -4.0773715e-16  4.2276759e-16  -6.1526146e-16  -4.3256793e-16  -2.2479893e-16  -2.7042927e-16  -6.1064868e-16  3.1176729e-16  -2.3518521e-16  7.0511502e-16  2.5858333e-16  -3.7939603e-16  -4.8567666e-16  1.3211343e-16  -3.0398139e-16  1.2648394e-17  1.2281979e-16  1.2885298e-15  -5.8842293e-16  -2.2402347e-16  -1.6064483e-16  1.7083183e-16  -6.8696122e-16  6.3889937e-16  -5.3249586e-16  2.9686275e-16  
-6.5969651e-16  6.2476520e-16  1.0000000   -4.1367276e-16  7.9474765e-16  2.4116340e-16  -1.6958073e-16  -5.5401495e-16  -3.2603455e-16  1.2565528e-16  -6.9304091e-16  -9.9032392e-17  -2.7252424e-16  -4.3310989e-16  -1.1993872e-16  -3.0649186e-17  3.7403406e-16  7.6635768e-16  2.1953677e-16  -1.6544493e-16  -2.3388264e-16  -3.3903584e-16  -2.0804497e-16  3.9503780e-16  6.4084940e-16  5.2109373e-16  1.2748993e-16  6.3063803e-17  -1.1330881e-16  3.3645617e-16  1.5551627e-17  -6.5969651e-16  6.2476520e-16  1.0000000   -4.1367276e-16  7.9474765e-16  2.4116340e-16  -1.6958073e-16  -5.5401495e-16  -3.2603455e-16  1.2565528e-16  -6.9304091e-16  -9.9032392e-17  -2.7252424e-16  -4.3310989e-16  -1.1993872e-16  -3.0649186e-17  3.7403406e-16  7.6635768e-16  2.1953677e-16  -1.6544493e-16  -2.3388264e-16  -3.3903584e-16  -2.0804497e-16  3.9503780e-16  6.4084940e-16  5.2109373e-16  1.2748993e-16  6.3063803e-17  -1.1330881e-16  3.3645617e-16  1.5551627e-17  
1.5616311e-16  3.5690190e-16  -4.1367276e-16  1.0000000   -7.6660508e-17  7.5791630e-17  4.1172831e-16  2.1550706e-16  -3.9291654e-17  4.5768282e-16  3.3907149e-16  1.4357188e-16  -1.2445298e-16  -5.6610348e-16  -4.7643736e-16  -8.8307082e-17  -5.3538403e-16  3.0310638e-16  4.5155511e-16  1.9864124e-16  -3.8194326e-16  -1.6805644e-16  -3.0911598e-16  -6.0564362e-16  2.1050065e-16  -5.3422087e-17  7.7600813e-17  -7.6408504e-17  -1.3993721e-15  6.3844855e-17  -2.7942533e-16  1.5616311e-16  3.5690190e-16  -4.1367276e-16  1.0000000   -7.6660508e-17  7.5791630e-17  4.1172831e-16  2.1550706e-16  -3.9291654e-17  4.5768282e-16  3.3907149e-16  1.4357188e-16  -1.2445298e-16  -5.6610348e-16  -4.7643736e-16  -8.8307082e-17  -5.3538403e-16  3.0310638e-16  4.5155511e-16  1.9864124e-16  -3.8194326e-16  -1.6805644e-16  -3.0911598e-16  -6.0564362e-16  2.1050065e-16  -5.3422087e-17  7.7600813e-17  -7.6408504e-17  -1.3993721e-15  6.3844855e-17  -2.7942533e-16  
-1.7200181e-16  -3.4431267e-16  7.9474765e-16  -7.6660508e-17  1.0000000   -3.5504262e-16  1.5907437e-16  -1.4414526e-16  1.6449088e-16  -4.4232677e-16  5.1175474e-17  4.6894517e-17  9.5369151e-16  5.5857784e-16  2.1150830e-17  1.3200375e-16  8.0047370e-16  -6.0009560e-16  3.0506420e-16  -1.2975774e-16  3.8391305e-16  -5.3597750e-17  -5.3986896e-16  2.7979284e-16  4.8847675e-16  -8.4309312e-17  -4.7172434e-16  5.8280249e-16  -1.0114977e-16  -3.6587868e-16  -8.5992488e-16  -1.7200181e-16  -3.4431267e-16  7.9474765e-16  -7.6660508e-17  1.0000000   -3.5504262e-16  1.5907437e-16  -1.4414526e-16  1.6449088e-16  -4.4232677e-16  5.1175474e-17  4.6894517e-17  9.5369151e-16  5.5857784e-16  2.1150830e-17  1.3200375e-16  8.0047370e-16  -6.0009560e-16  3.0506420e-16  -1.2975774e-16  3.8391305e-16  -5.3597750e-17  -5.3986896e-16  2.7979284e-16  4.8847675e-16  -8.4309312e-17  -4.7172434e-16  5.8280249e-16  -1.0114977e-16  -3.6587868e-16  -8.5992488e-16  
-5.3539328e-17  -4.0773715e-16  2.4116340e-16  7.5791630e-17  -3.5504262e-16  1.0000000   7.3114540e-16  1.0941722e-15  6.7355526e-17  -1.3213795e-15  1.6668713e-17  -2.4917670e-16  -2.0317899e-17  -5.2712887e-16  -2.6472160e-16  -1.2022794e-16  2.6731046e-16  -4.6429534e-16  1.4081780e-16  1.5272000e-16  1.7442223e-16  -8.2159135e-17  -3.8600321e-16  -6.0629016e-16  9.1862967e-16  6.6783221e-18  -1.6510240e-16  -7.4929572e-16  2.3750015e-16  1.3984002e-16  -2.0598884e-16  -5.3539328e-17  -4.0773715e-16  2.4116340e-16  7.5791630e-17  -3.5504262e-16  1.0000000   7.3114540e-16  1.0941722e-15  6.7355526e-17  -1.3213795e-15  1.6668713e-17  -2.4917670e-16  -2.0317899e-17  -5.2712887e-16  -2.6472160e-16  -1.2022794e-16  2.6731046e-16  -4.6429534e-16  1.4081780e-16  1.5272000e-16  1.7442223e-16  -8.2159135e-17  -3.8600321e-16  -6.0629016e-16  9.1862967e-16  6.6783221e-18  -1.6510240e-16  -7.4929572e-16  2.3750015e-16  1.3984002e-16  -2.0598884e-16  
-8.1614126e-16  4.2276759e-16  -1.6958073e-16  4.1172831e-16  1.5907437e-16  7.3114540e-16  1.0000000   1.2554598e-15  5.0308653e-18  -6.6277873e-17  4.3331077e-16  7.6072070e-16  -4.8533560e-16  6.8747239e-16  1.2723215e-16  3.4567371e-16  4.9102129e-17  -9.9885560e-17  -9.0372949e-16  5.4931526e-17  3.1866813e-16  -8.3384504e-17  -2.3587068e-16  -5.1085143e-16  1.1990488e-15  3.5039016e-16  1.0611945e-15  -4.9735539e-16  4.7682222e-16  -5.7485658e-17  4.3401261e-16  -8.1614126e-16  4.2276759e-16  -1.6958073e-16  4.1172831e-16  1.5907437e-16  7.3114540e-16  1.0000000   1.2554598e-15  5.0308653e-18  -6.6277873e-17  4.3331077e-16  7.6072070e-16  -4.8533560e-16  6.8747239e-16  1.2723215e-16  3.4567371e-16  4.9102129e-17  -9.9885560e-17  -9.0372949e-16  5.4931526e-17  3.1866813e-16  -8.3384504e-17  -2.3587068e-16  -5.1085143e-16  1.1990488e-15  3.5039016e-16  1.0611945e-15  -4.9735539e-16  4.7682222e-16  -5.7485658e-17  4.3401261e-16  
-5.9240729e-16  -6.1526146e-16  -5.5401495e-16  2.1550706e-16  -1.4414526e-16  1.0941722e-15  1.2554598e-15  1.0000000   -1.5422081e-16  2.6585356e-16  -5.2164891e-16  1.0976894e-15  -2.4827342e-16  1.1450380e-15  -4.6497830e-16  4.6697771e-16  -3.3045971e-17  2.3590039e-16  -2.5793395e-16  9.3661452e-16  2.6816517e-17  -6.5475416e-16  -2.1866926e-16  -5.5829998e-16  4.5747493e-16  3.2698187e-16  4.7658582e-16  -3.5947181e-16  -7.4776286e-17  4.2056112e-16  -1.0670386e-16  -5.9240729e-16  -6.1526146e-16  -5.5401495e-16  2.1550706e-16  -1.4414526e-16  1.0941722e-15  1.2554598e-15  1.0000000   -1.5422081e-16  2.6585356e-16  -5.2164891e-16  1.0976894e-15  -2.4827342e-16  1.1450380e-15  -4.6497830e-16  4.6697771e-16  -3.3045971e-17  2.3590039e-16  -2.5793395e-16  9.3661452e-16  2.6816517e-17  -6.5475416e-16  -2.1866926e-16  -5.5829998e-16  4.5747493e-16  3.2698187e-16  4.7658582e-16  -3.5947181e-16  -7.4776286e-17  4.2056112e-16  -1.0670386e-16  
2.4649110e-16  -4.3256793e-16  -3.2603455e-16  -3.9291654e-17  1.6449088e-16  6.7355526e-17  5.0308653e-18  -1.5422081e-16  1.0000000   2.1894824e-16  2.5590134e-16  4.1249418e-16  2.6073210e-16  -2.0424766e-16  3.1327325e-16  5.4508239e-16  -1.4370397e-16  2.4708921e-16  -2.7147159e-16  3.5592199e-16  7.9792146e-16  5.3702321e-16  1.2050495e-16  -3.0173072e-16  2.9805327e-16  -1.7813309e-16  -5.2132775e-17  4.9832210e-16  7.1916651e-16  -1.4084415e-16  -3.8922926e-18  2.4649110e-16  -4.3256793e-16  -3.2603455e-16  -3.9291654e-17  1.6449088e-16  6.7355526e-17  5.0308653e-18  -1.5422081e-16  1.0000000   2.1894824e-16  2.5590134e-16  4.1249418e-16  2.6073210e-16  -2.0424766e-16  3.1327325e-16  5.4508239e-16  -1.4370397e-16  2.4708921e-16  -2.7147159e-16  3.5592199e-16  7.9792146e-16  5.3702321e-16  1.2050495e-16  -3.0173072e-16  2.9805327e-16  -1.7813309e-16  -5.2132775e-17  4.9832210e-16  7.1916651e-16  -1.4084415e-16  -3.8922926e-18  
1.4486660e-16  -2.2479893e-16  1.2565528e-16  4.5768282e-16  -4.4232677e-16  -1.3213795e-15  -6.6277873e-17  2.6585356e-16  2.1894824e-16  1.0000000   3.4418325e-16  5.2975523e-16  -1.4443843e-16  1.0207672e-16  -1.1958263e-16  -2.2891000e-16  6.3114516e-17  3.7991350e-17  1.2346046e-16  -2.7895676e-16  7.3721053e-16  2.3810002e-16  -2.1263027e-16  2.5678297e-16  1.1147758e-16  -1.2547705e-16  3.8459738e-16  9.3881086e-16  -6.2835771e-16  -2.7788934e-16  -9.8612939e-16  1.4486660e-16  -2.2479893e-16  1.2565528e-16  4.5768282e-16  -4.4232677e-16  -1.3213795e-15  -6.6277873e-17  2.6585356e-16  2.1894824e-16  1.0000000   3.4418325e-16  5.2975523e-16  -1.4443843e-16  1.0207672e-16  -1.1958263e-16  -2.2891000e-16  6.3114516e-17  3.7991350e-17  1.2346046e-16  -2.7895676e-16  7.3721053e-16  2.3810002e-16  -2.1263027e-16  2.5678297e-16  1.1147758e-16  -1.2547705e-16  3.8459738e-16  9.3881086e-16  -6.2835771e-16  -2.7788934e-16  -9.8612939e-16  
