1.0000000   -4.9132856e-16  8.3724475e-17  4.9603000e-16  -8.7816391e-16  -3.1431328e-16  2.7618128e-16  -4.5249399e-16  2.3788632e-16  6.6276467e-16  1.9222523e-16  -4.0211642e-16  -1.8601072e-16  -6.4423879e-16  -6.1459749e-16  -5.4262758e-16  -1.0794877e-15  2.7691950e-16  -3.5903189e-17  2.3908588e-16  -4.8347139e-16  -7.5197961e-16  -2.9931491e-17  3.8638816e-16  -1.8647496e-16  -1.0720823e-15  -2.9226102e-16  -1.4150731e-17  -1.1778089e-16  7.1980577e-16  5.3373280e-16  1.0000000   -4.9132856e-16  8.3724475e-17  4.9603000e-16  -8.7816391e-16  -3.1431328e-16  2.7618128e-16  -4.5249399e-16  2.3788632e-16  6.6276467e-16  1.9222523e-16  -4.0211642e-16  -1.8601072e-16  -6.4423879e-16  -6.1459749e-16  -5.4262758e-16  -1.0794877e-15  2.7691950e-16  -3.5903189e-17  2.3908588e-16  -4.8347139e-16  -7.5197961e-16  -2.9931491e-17  3.8638816e-16  -1.8647496e-16  -1.0720823e-15  -2.9226102e-16  -1.4150731e-17  -1.1778089e-16  7.1980577e-16  5.3373280e-16  
-4.9132856e-16  1.0000000   2.5514453e-16  1.3899352e-16  -7.8380432e-17  -2.5530541e-16  8.1980825e-16  5.3247248e-16  -1.9686843e-16  -2.4694180e-16  -8.1716968e-17  -2.9678230e-16  -4.2039132e-17  5.0757811e-16  4.5772135e-17  4.1877718e-16  -1.8834737e-16  -5.3507222e-16  -5.3131060e-16  -1.4547684e-16  -3.8813522e-16  4.3550458e-16  -5.5736012e-16  2.0830957e-16  1.8661599e-16  7.7421736e-17  -5.7415273e-16  4.7691527e-16  -1.3525930e-16  3.3195346e-16  5.2946246e-16  -4.9132856e-16  1.0000000   2.5514453e-16  1.3899352e-16  -7.8380432e-17  -2.5530541e-16  8.1980825e-16  5.3247248e-16  -1.9686843e-16  -2.4694180e-16  -8.1716968e-17  -2.9678230e-16  -4.2039132e-17  5.0757811e-16  4.5772135e-17  4.1877718e-16  -1.8834737e-16  -5.3507222e-16  -5.3131060e-16  -1.4547684e-16  -3.8813522e-16  4.3550458e-16  -5.5736012e-16  2.0830957e-16  1.8661599e-16  7.7421736e-17  -5.7415273e-16  4.7691527e-16  -1.3525930e-16  3.3195346e-16  5.2946246e-16  
8.3724475e-17  2.5514453e-16  1.0000000   3.9117073e-16  -1.0085677e-15  -3.5156495e-16  -1.1073565e-15  3.0554664e-16  5.3038278e-16  -9.6603961e-17  -2.2747253e-16  2.5114138e-16  7.3124384e-16  -1.9916353e-16  -4.7211231e-16  1.8869268e-16  -2.6490569e-16  -9.2597559e-16  -7.3733825e-16  2.1722208e-16  5.3383355e-17  8.2606586e-16  -5.0730073e-17  -4.5036564e-16  3.3127850e-16  -9.3074933e-16  3.8426141e-16  -2.5436020e-16  -2.0419532e-16  -2.9650868e-16  1.4456468e-17  8.3724475e-17  2.5514453e-16  1.0000000   3.9117073e-16  -1.0085677e-15  -3.5156495e-16  -1.1073565e-15  3.0554664e-16  5.3038278e-16  -9.6603961e-17  -2.2747253e-16  2.5114138e-16  7.3124384e-16  -1.9916353e-16  -4.7211231e-16  1.8869268e-16  -2.6490569e-16  -9.2597559e-16  -7.3733825e-16  2.1722208e-16  5.3383355e-17  8.2606586e-16  -5.0730073e-17  -4.5036564e-16  3.3127850e-16  -9.3074933e-16  3.8426141e-16  -2.5436020e-16  -2.0419532e-16  -2.9650868e-16  1.4456468e-17  
4.9603000e-16  1.3899352e-16  3.9117073e-16  1.0000000   7.2637707e-18  5.3123762e-16  -5.2202054e-16  -1.3931212e-16  -6.0143654e-16  -1.2331453e-16  3.7065707e-16  -2.0385387e-17  1.8912851e-16  8.7070748e-16  -2.3184050e-16  -3.6897367e-16  -2.8617547e-16  1.7392655e-16  2.9076061e-16  3.7561770e-16  -3.9946176e-16  2.7832461e-16  4.6641614e-16  7.1192659e-17  -6.2018407e-16  -7.0052172e-17  -3.8498550e-17  -2.1794661e-17  5.3757710e-17  -4.9233090e-16  -4.7446476e-17  4.9603000e-16  1.3899352e-16  3.9117073e-16  1.0000000   7.2637707e-18  5.3123762e-16  -5.2202054e-16  -1.3931212e-16  -6.0143654e-16  -1.2331453e-16  3.7065707e-16  -2.0385387e-17  1.8912851e-16  8.7070748e-16  -2.3184050e-16  -3.6897367e-16  -2.8617547e-16  1.7392655e-16  2.9076061e-16  3.7561770e-16  -3.9946176e-16  2.7832461e-16  4.6641614e-16  7.1192659e-17  -6.2018407e-16  -7.0052172e-17  -3.8498550e-17  -2.1794661e-17  5.3757710e-17  -4.9233090e-16  -4.7446476e-17  
-8.7816391e-16  -7.8380432e-17  -1.0085677e-15  7.2637707e-18  1.0000000   6.1053682e-16  8.2332049e-16  -3.0254069e-16  6.0753240e-17  1.4358083e-16  -3.0203057e-16  5.3723472e-17  9.2194037e-16  4.1563353e-16  -6.5830779e-17  4.8530791e-16  1.0368377e-15  -2.7351665e-16  -4.8540502e-16  -4.7284233e-16  -3.0343201e-16  2.8010639e-16  -8.0708184e-17  -2.7607175e-16  -1.6595449e-16  5.3971324e-16  -3.6564190e-16  6.0817826e-17  -3.7137594e-16  -1.8739950e-16  -7.2655364e-16  -8.7816391e-16  -7.8380432e-17  -1.0085677e-15  7.2637707e-18  1.0000000   6.1053682e-16  8.2332049e-16  -3.0254069e-16  6.0753240e-17  1.4358083e-16  -3.0203057e-16  5.3723472e-17  9.2194037e-16  4.1563353e-16  -6.5830779e-17  4.8530791e-16  1.0368377e-15  -2.7351665e-16  -4.8540502e-16  -4.7284233e-16  -3.0343201e-16  2.8010639e-16  -8.0708184e-17  -2.7607175e-16  -1.6595449e-16  5.3971324e-16  -3.6564190e-16  6.0817826e-17  -3.7137594e-16  -1.8739950e-16  -7.2655364e-16  
-3.1431328e-16  -2.5530541e-16  -3.5156495e-16  5.3123762e-16  6.1053682e-16  1.0000000   -2.9614108e-18  -5.6904651e-16  1.9616173e-16  -1.0527897e-16  3.4753790e-16  1.5098007e-16  2.6127708e-16  4.1262940e-16  -2.9292031e-16  8.7997402e-16  -5.0138989e-16  -6.3101103e-16  2.4928367e-16  8.9880966e-16  1.8309666e-16  1.0695083e-17  4.5662878e-17  -4.0956841e-16  -1.0056845e-15  -1.2101888e-16  -3.3396655e-16  3.2186974e-16  -4.2730247e-16  -8.5227536e-16  -3.1271666e-16  -3.1431328e-16  -2.5530541e-16  -3.5156495e-16  5.3123762e-16  6.1053682e-16  1.0000000   -2.9614108e-18  -5.6904651e-16  1.9616173e-16  -1.0527897e-16  3.4753790e-16  1.5098007e-16  2.6127708e-16  4.1262940e-16  -2.9292031e-16  8.7997402e-16  -5.0138989e-16  -6.3101103e-16  2.4928367e-16  8.9880966e-16  1.8309666e-16  1.0695083e-17  4.5662878e-17  -4.0956841e-16  -1.0056845e-15  -1.2101888e-16  -3.3396655e-16  3.2186974e-16  -4.2730247e-16  -8.5227536e-16  -3.1271666e-16  
2.7618128e-16  8.1980825e-16  -1.1073565e-15  -5.2202054e-16  8.2332049e-16  -2.9614108e-18  1.0000000   -2.9449600e-16  -9.4607029e-18  -6.8147875e-16  2.0271265e-16  -1.9968311e-16  2.4689789e-16  1.1487218e-15  8.5991110e-16  1.0740963e-15  1.7554017e-16  -8.6915741e-17  -8.3449614e-16  1.1661030e-16  2.9578212e-16  3.4377663e-16  -3.8538381e-17  5.7643269e-16  2.0390596e-16  -2.3605672e-16  -3.2814041e-16  -1.6556384e-16  -2.1278013e-16  -4.4786326e-16  -5.0447737e-16  2.7618128e-16  8.1980825e-16  -1.1073565e-15  -5.2202054e-16  8.2332049e-16  -2.9614108e-18  1.0000000   -2.9449600e-16  -9.4607029e-18  -6.8147875e-16  2.0271265e-16  -1.9968311e-16  2.4689789e-16  1.1487218e-15  8.5991110e-16  1.0740963e-15  1.7554017e-16  -8.6915741e-17  -8.3449614e-16  1.1661030e-16  2.9578212e-16  3.4377663e-16  -3.8538381e-17  5.7643269e-16  2.0390596e-16  -2.3605672e-16  -3.2814041e-16  -1.6556384e-16  -2.1278013e-16  -4.4786326e-16  -5.0447737e-16  
-4.5249399e-16  5.3247248e-16  3.0554664e-16  -1.3931212e-16  -3.0254069e-16  -5.6904651e-16  -2.9449600e-16  1.0000000   2.0487174e-16  -1.6119620e-16  -3.2175108e-16  4.5992145e-16  2.1571567e-16  -6.5606470e-17  5.5263985e-16  7.0310318e-16  1.3537630e-17  -2.6079094e-16  -6.3976582e-16  5.0608221e-16  -3.0321505e-17  1.7117000e-16  1.9938990e-16  -2.5032756e-16  1.3865590e-16  2.3832333e-16  1.5855376e-16  1.2471683e-18  -1.2276643e-16  1.9370929e-16  -1.2143203e-16  -4.5249399e-16  5.3247248e-16  3.0554664e-16  -1.3931212e-16  -3.0254069e-16  -5.6904651e-16  -2.9449600e-16  1.0000000   2.0487174e-16  -1.6119620e-16  -3.2175108e-16  4.5992145e-16  2.1571567e-16  -6.5606470e-17  5.5263985e-16  7.0310318e-16  1.3537630e-17  -2.6079094e-16  -6.3976582e-16  5.0608221e-16  -3.0321505e-17  1.7117000e-16  1.9938990e-16  -2.5032756e-16  1.3865590e-16  2.3832333e-16  1.5855376e-16  1.2471683e-18  -1.2276643e-16  1.9370929e-16  -1.2143203e-16  
2.3788632e-16  -1.9686843e-16  5.3038278e-16  -6.0143654e-16  6.0753240e-17  1.9616173e-16  -9.4607029e-18  2.0487174e-16  1.0000000   2.2590706e-16  -9.1688501e-17  -5.6370575e-17  1.2391407e-16  2.2578249e-17  3.1102930e-16  -2.8869926e-16  -3.9570315e-16  -3.3754292e-16  -4.4344610e-17  -9.4887351e-17  -7.6847965e-16  2.2130665e-16  4.0945332e-16  9.8034574e-17  -6.6458400e-16  3.1699631e-17  2.4066240e-16  -2.3351929e-16  -5.1477954e-16  -1.0816517e-16  5.6434701e-16  2.3788632e-16  -1.9686843e-16  5.3038278e-16  -6.0143654e-16  6.0753240e-17  1.9616173e-16  -9.4607029e-18  2.0487174e-16  1.0000000   2.2590706e-16  -9.1688501e-17  -5.6370575e-17  1.2391407e-16  2.2578249e-17  3.1102930e-16  -2.8869926e-16  -3.9570315e-16  -3.3754292e-16  -4.4344610e-17  -9.4887351e-17  -7.6847965e-16  2.2130665e-16  4.0945332e-16  9.8034574e-17  -6.6458400e-16  3.1699631e-17  2.4066240e-16  -2.3351929e-16  -5.1477954e-16  -1.0816517e-16  5.6434701e-16  
6.6276467e-16  -2.4694180e-16  -9.6603961e-17  -1.2331453e-16  1.4358083e-16  -1.0527897e-16  -6.8147875e-16  -1.6119620e-16  2.2590706e-16  1.0000000   6.4796443e-16  5.0289006e-16  4.1269316e-16  -7.1205706e-17  4.9692395e-16  3.3394108e-16  -7.9787217e-16  -3.6380168e-16  3.3476499e-16  3.3251718e-16  7.1475822e-16  9.6511659e-16  5.0491086e-17  -4.7588029e-16  -3.6368390e-17  3.6963670e-16  5.7928777e-17  -1.2760197e-16  -2.7780892e-16  4.3666220e-16  2.2615052e-17  6.6276467e-16  -2.4694180e-16  -9.6603961e-17  -1.2331453e-16  1.4358083e-16  -1.0527897e-16  -6.8147875e-16  -1.6119620e-16  2.2590706e-16  1.0000000   6.4796443e-16  5.0289006e-16  4.1269316e-16  -7.1205706e-17  4.9692395e-16  3.3394108e-16  -7.9787217e-16  -3.6380168e-16  3.3476499e-16  3.3251718e-16  7.1475822e-16  9.6511659e-16  5.0491086e-17  -4.7588029e-16  -3.6368390e-17  3.6963670e-16  5.7928777e-17  -1.2760197e-16  -2.7780892e-16  4.3666220e-16  2.2615052e-17  
1.9222523e-16  -8.1716968e-17  -2.2747253e-16  3.7065707e-16  -3.0203057e-16  3.4753790e-16  2.0271265e-16  -3.2175108e-16  -9.1688501e-17  6.4796443e-16  1.0000000   -1.0740395e-16  1.0457209e-16  1.3713578e-16  4.5253885e-16  -6.0598868e-17  -2.3414320e-16  4.0117209e-16  -2.1883206e-16  2.7855824e-16  -3.1887771e-16  2.8137552e-16  -4.3728032e-16  2.3745587e-16  -2.7102116e-16  5.0651400e-16  -2.7459398e-16  6.2285440e-16  -2.3835604e-16  -4.9588435e-17  6.3969014e-17  1.9222523e-16  -8.1716968e-17  -2.2747253e-16  3.7065707e-16  -3.0203057e-16  3.4753790e-16  2.0271265e-16  -3.2175108e-16  -9.1688501e-17  6.4796443e-16  1.0000000   -1.0740395e-16  1.0457209e-16  1.3713578e-16  4.5253885e-16  -6.0598868e-17  -2.3414320e-16  4.0117209e-16  -2.1883206e-16  2.7855824e-16  -3.1887771e-16  2.8137552e-16  -4.3728032e-16  2.3745587e-16  -2.7102116e-16  5.0651400e-16  -2.7459398e-16  6.2285440e-16  -2.3835604e-16  -4.9588435e-17  6.3969014e-17  
-4.0211642e-16  -2.9678230e-16  2.5114138e-16  -2.0385387e-17  5.3723472e-17  1.5098007e-16  -1.9968311e-16  4.5992145e-16  -5.6370575e-17  5.0289006e-16  -1.0740395e-16  1.0000000   -2.7722257e-17  2.1071746e-17  -4.1091945e-16  4.0908990e-16  2.8882913e-16  -6.7959996e-16  -4.5059349e-16  9.6564142e-17  -2.6820415e-16  1.0543919e-16  3.3523459e-16  -5.8368794e-16  -5.1990420e-16  -4.7722744e-16  -2.4309665e-17  -1.2609354e-17  -3.2528576e-17  -1.5093534e-16  -4.8350450e-16  -4.0211642e-16  -2.9678230e-16  2.5114138e-16  -2.0385387e-17  5.3723472e-17  1.5098007e-16  -1.9968311e-16  4.5992145e-16  -5.6370575e-17  5.0289006e-16  -1.0740395e-16  1.0000000   -2.7722257e-17  2.1071746e-17  -4.1091945e-16  4.0908990e-16  2.8882913e-16  -6.7959996e-16  -4.5059349e-16  9.6564142e-17  -2.6820415e-16  1.0543919e-16  3.3523459e-16  -5.8368794e-16  -5.1990420e-16  -4.7722744e-16  -2.4309665e-17  -1.2609354e-17  -3.2528576e-17  -1.5093534e-16  -4.8350450e-16  
-1.8601072e-16  -4.2039132e-17  7.3124384e-16  1.8912851e-16  9.2194037e-16  2.6127708e-16  2.4689789e-16  2.1571567e-16  1.2391407e-16  4.1269316e-16  1.0457209e-16  -2.7722257e-17  1.0000000   -2.9729728e-16  -1.7102561e-17  3.4095187e-16  1.4473780e-15  -1.5003721e-16  -3.8658533e-16  3.9477165e-16  -6.0061179e-16  7.5824946e-16  2.0471703e-16  -6.2375066e-16  -2.0822923e-16  -4.4501609e-17  9.6228509e-16  -4.3809288e-16  1.3033345e-16  -3.2385239e-16  -1.9383386e-16  -1.8601072e-16  -4.2039132e-17  7.3124384e-16  1.8912851e-16  9.2194037e-16  2.6127708e-16  2.4689789e-16  2.1571567e-16  1.2391407e-16  4.1269316e-16  1.0457209e-16  -2.7722257e-17  1.0000000   -2.9729728e-16  -1.7102561e-17  3.4095187e-16  1.4473780e-15  -1.5003721e-16  -3.8658533e-16  3.9477165e-16  -6.0061179e-16  7.5824946e-16  2.0471703e-16  -6.2375066e-16  -2.0822923e-16  -4.4501609e-17  9.6228509e-16  -4.3809288e-16  1.3033345e-16  -3.2385239e-16  -1.9383386e-16  
-6.4423879e-16  5.0757811e-16  -1.9916353e-16  8.7070748e-16  4.1563353e-16  4.1262940e-16  1.1487218e-15  -6.5606470e-17  2.2578249e-17  -7.1205706e-17  1.3713578e-16  2.1071746e-17  -2.9729728e-16  1.0000000   -1.9432297e-16  1.0136262e-16  2.5086165e-16  -4.4420046e-17  2.3795040e-16  1.0050007e-15  -8.7051359e-17  2.4154627e-17  5.1174341e-16  1.8662597e-16  -5.7991661e-16  -1.4728816e-16  -9.5857631e-16  2.0889854e-16  -4.9936797e-16  6.6039051e-16  -7.3240106e-16  -6.4423879e-16  5.0757811e-16  -1.9916353e-16  8.7070748e-16  4.1563353e-16  4.1262940e-16  1.1487218e-15  -6.5606470e-17  2.2578249e-17  -7.1205706e-17  1.3713578e-16  2.1071746e-17  -2.9729728e-16  1.0000000   -1.9432297e-16  1.0136262e-16  2.5086165e-16  -4.4420046e-17  2.3795040e-16  1.0050007e-15  -8.7051359e-17  2.4154627e-17  5.1174341e-16  1.8662597e-16  -5.7991661e-16  -1.4728816e-16  -9.5857631e-16  2.0889854e-16  -4.9936797e-16  6.6039051e-16  -7.3240106e-16  
-6.1459749e-16  4.5772135e-17  -4.7211231e-16  -2.3184050e-16  -6.5830779e-17  -2.9292031e-16  8.5991110e-16  5.5263985e-16  3.1102930e-16  4.9692395e-16  4.5253885e-16  -4.1091945e-16  -1.7102561e-17  -1.9432297e-16  1.0000000   -7.3361620e-16  -4.4543894e-16  5.8843349e-16  -1.3499621e-16  -4.3648844e-17  -4.8064013e-16  -7.1441149e-16  9.6471264e-17  1.9726526e-16  1.4505626e-16  8.1665087e-17  -1.0766953e-16  6.4001011e-16  2.2408779e-16  8.4477948e-16  2.9370583e-16  -6.1459749e-16  4.5772135e-17  -4.7211231e-16  -2.3184050e-16  -6.5830779e-17  -2.9292031e-16  8.5991110e-16  5.5263985e-16  3.1102930e-16  4.9692395e-16  4.5253885e-16  -4.1091945e-16  -1.7102561e-17  -1.9432297e-16  1.0000000   -7.3361620e-16  -4.4543894e-16  5.8843349e-16  -1.3499621e-16  -4.3648844e-17  -4.8064013e-16  -7.1441149e-16  9.6471264e-17  1.9726526e-16  1.4505626e-16  8.1665087e-17  -1.0766953e-16  6.4001011e-16  2.2408779e-16  8.4477948e-16  2.9370583e-16  
-5.4262758e-16  4.1877718e-16  1.8869268e-16  -3.6897367e-16  4.8530791e-16  8.7997402e-16  1.0740963e-15  7.0310318e-16  -2.8869926e-16  3.3394108e-16  -6.0598868e-17  4.0908990e-16  3.4095187e-16  1.0136262e-16  -7.3361620e-16  1.0000000   -1.5833968e-16  -7.8621248e-16  4.0291122e-16  -6.8477729e-16  -7.3651932e-16  1.1195812e-16  5.0950959e-16  -3.5888571e-16  3.1402030e-16  3.4341081e-16  8.0409009e-16  8.3429132e-17  -1.0725798e-16  4.5719166e-16  4.6578530e-16  -5.4262758e-16  4.1877718e-16  1.8869268e-16  -3.6897367e-16  4.8530791e-16  8.7997402e-16  1.0740963e-15  7.0310318e-16  -2.8869926e-16  3.3394108e-16  -6.0598868e-17  4.0908990e-16  3.4095187e-16  1.0136262e-16  -7.3361620e-16  1.0000000   -1.5833968e-16  -7.8621248e-16  4.0291122e-16  -6.8477729e-16  -7.3651932e-16  1.1195812e-16  5.0950959e-16  -3.5888571e-16  3.1402030e-16  3.4341081e-16  8.0409009e-16  8.3429132e-17  -1.0725798e-16  4.5719166e-16  4.6578530e-16  
-1.0794877e-15  -1.8834737e-16  -2.6490569e-16  -2.8617547e-16  1.0368377e-15  -5.0138989e-16  1.7554017e-16  1.3537630e-17  -3.9570315e-16  -7.9787217e-16  -2.3414320e-16  2.8882913e-16  1.4473780e-15  2.5086165e-16  -4.4543894e-16  -1.5833968e-16  1.0000000   2.9258058e-16  -1.9070294e-16  3.3415186e-16  -5.2109449e-16  6.3922439e-16  -2.3712113e-16  1.5944167e-16  -5.8250358e-16  2.5226336e-16  1.6556180e-16  4.1747687e-16  4.6769641e-16  -4.5808725e-16  -8.6062877e-16  -1.0794877e-15  -1.8834737e-16  -2.6490569e-16  -2.8617547e-16  1.0368377e-15  -5.0138989e-16  1.7554017e-16  1.3537630e-17  -3.9570315e-16  -7.9787217e-16  -2.3414320e-16  2.8882913e-16  1.4473780e-15  2.5086165e-16  -4.4543894e-16  -1.5833968e-16  1.0000000   2.9258058e-16  -1.9070294e-16  3.3415186e-16  -5.2109449e-16  6.3922439e-16  -2.3712113e-16  1.5944167e-16  -5.8250358e-16  2.5226336e-16  1.6556180e-16  4.1747687e-16  4.6769641e-16  -4.5808725e-16  -8.6062877e-16  
2.7691950e-16  -5.3507222e-16  -9.2597559e-16  1.7392655e-16  -2.7351665e-16  -6.3101103e-16  -8.6915741e-17  -2.6079094e-16  -3.3754292e-16  -3.6380168e-16  4.0117209e-16  -6.7959996e-16  -1.5003721e-16  -4.4420046e-17  5.8843349e-16  -7.8621248e-16  2.9258058e-16  1.0000000   8.9679840e-17  -4.8431323e-16  2.1961169e-16  -8.9078641e-16  -1.9555635e-16  -1.5497253e-17  -6.5557785e-16  2.6872603e-16  1.5688752e-16  4.3125460e-16  -4.6605764e-16  -3.2469871e-16  -7.4084259e-16  2.7691950e-16  -5.3507222e-16  -9.2597559e-16  1.7392655e-16  -2.7351665e-16  -6.3101103e-16  -8.6915741e-17  -2.6079094e-16  -3.3754292e-16  -3.6380168e-16  4.0117209e-16  -6.7959996e-16  -1.5003721e-16  -4.4420046e-17  5.8843349e-16  -7.8621248e-16  2.9258058e-16  1.0000000   8.9679840e-17  -4.8431323e-16  2.1961169e-16  -8.9078641e-16  -1.9555635e-16  -1.5497253e-17  -6.5557785e-16  2.6872603e-16  1.5688752e-16  4.3125460e-16  -4.6605764e-16  -3.2469871e-16  -7.4084259e-16  
-3.5903189e-17  -5.3131060e-16  -7.3733825e-16  2.9076061e-16  -4.8540502e-16  2.4928367e-16  -8.3449614e-16  -6.3976582e-16  -4.4344610e-17  3.3476499e-16  -2.1883206e-16  -4.5059349e-16  -3.8658533e-16  2.3795040e-16  -1.3499621e-16  4.0291122e-16  -1.9070294e-16  8.9679840e-17  1.0000000   -1.5402679e-17  5.2105892e-16  -3.9721169e-16  1.7986956e-16  -8.8768853e-16  3.5356757e-16  -6.0455149e-16  7.6947753e-18  5.4425017e-16  2.9463182e-16  2.0081699e-16  -2.1784309e-17  -3.5903189e-17  -5.3131060e-16  -7.3733825e-16  2.9076061e-16  -4.8540502e-16  2.4928367e-16  -8.3449614e-16  -6.3976582e-16  -4.4344610e-17  3.3476499e-16  -2.1883206e-16  -4.5059349e-16  -3.8658533e-16  2.3795040e-16  -1.3499621e-16  4.0291122e-16  -1.9070294e-16  8.9679840e-17  1.0000000   -1.5402679e-17  5.2105892e-16  -3.9721169e-16  1.7986956e-16  -8.8768853e-16  3.5356757e-16  -6.0455149e-16  7.6947753e-18  5.4425017e-16  2.9463182e-16  2.0081699e-16  -2.1784309e-17  
2.3908588e-16  -1.4547684e-16  2.1722208e-16  3.7561770e-16  -4.7284233e-16  8.9880966e-16  1.1661030e-16  5.0608221e-16  -9.4887351e-17  3.3251718e-16  2.7855824e-16  9.6564142e-17  3.9477165e-16  1.0050007e-15  -4.3648844e-17  -6.8477729e-16  3.3415186e-16  -4.8431323e-16  -1.5402679e-17  1.0000000   -2.8396085e-16  1.3116263e-16  1.1854768e-16  -1.8392614e-16  1.4369075e-16  4.3589154e-16  -6.9448591e-16  5.1076071e-16  3.3933395e-16  -7.3342570e-16  5.0026745e-17  2.3908588e-16  -1.4547684e-16  2.1722208e-16  3.7561770e-16  -4.7284233e-16  8.9880966e-16  1.1661030e-16  5.0608221e-16  -9.4887351e-17  3.3251718e-16  2.7855824e-16  9.6564142e-17  3.9477165e-16  1.0050007e-15  -4.3648844e-17  -6.8477729e-16  3.3415186e-16  -4.8431323e-16  -1.5402679e-17  1.0000000   -2.8396085e-16  1.3116263e-16  1.1854768e-16  -1.8392614e-16  1.4369075e-16  4.3589154e-16  -6.9448591e-16  5.1076071e-16  3.3933395e-16  -7.3342570e-16  5.0026745e-17  
-4.8347139e-16  -3.8813522e-16  5.3383355e-17  -3.9946176e-16  -3.0343201e-16  1.8309666e-16  2.9578212e-16  -3.0321505e-17  -7.6847965e-16  7.1475822e-16  -3.1887771e-16  -2.6820415e-16  -6.0061179e-16  -8.7051359e-17  -4.8064013e-16  -7.3651932e-16  -5.2109449e-16  2.1961169e-16  5.2105892e-16  -2.8396085e-16  1.0000000   -6.6423826e-16  3.8170532e-17  -4.3476023e-16  1.9238744e-16  2.4193718e-16  1.0101586e-16  -2.2894661e-16  4.7943017e-16  -3.9632239e-16  4.4287868e-17  -4.8347139e-16  -3.8813522e-16  5.3383355e-17  -3.9946176e-16  -3.0343201e-16  1.8309666e-16  2.9578212e-16  -3.0321505e-17  -7.6847965e-16  7.1475822e-16  -3.1887771e-16  -2.6820415e-16  -6.0061179e-16  -8.7051359e-17  -4.8064013e-16  -7.3651932e-16  -5.2109449e-16  2.1961169e-16  5.2105892e-16  -2.8396085e-16  1.0000000   -6.6423826e-16  3.8170532e-17  -4.3476023e-16  1.9238744e-16  2.4193718e-16  1.0101586e-16  -2.2894661e-16  4.7943017e-16  -3.9632239e-16  4.4287868e-17  
-7.5197961e-16  4.3550458e-16  8.2606586e-16  2.7832461e-16  2.8010639e-16  1.0695083e-17  3.4377663e-16  1.7117000e-16  2.2130665e-16  9.6511659e-16  2.8137552e-16  1.0543919e-16  7.5824946e-16  2.4154627e-17  -7.1441149e-16  1.1195812e-16  6.3922439e-16  -8.9078641e-16  -3.9721169e-16  1.3116263e-16  -6.6423826e-16  1.0000000   4.0875205e-16  -1.4549507e-16  -4.5831017e-16  1.0567773e-15  1.7986931e-16  5.1114216e-16  5.2629365e-16  2.8644669e-17  -1.1854027e-17  -7.5197961e-16  4.3550458e-16  8.2606586e-16  2.7832461e-16  2.8010639e-16  1.0695083e-17  3.4377663e-16  1.7117000e-16  2.2130665e-16  9.6511659e-16  2.8137552e-16  1.0543919e-16  7.5824946e-16  2.4154627e-17  -7.1441149e-16  1.1195812e-16  6.3922439e-16  -8.9078641e-16  -3.9721169e-16  1.3116263e-16  -6.6423826e-16  1.0000000   4.0875205e-16  -1.4549507e-16  -4.5831017e-16  1.0567773e-15  1.7986931e-16  5.1114216e-16  5.2629365e-16  2.8644669e-17  -1.1854027e-17  
-2.9931491e-17  -5.5736012e-16  -5.0730073e-17  4.6641614e-16  -8.0708184e-17  4.5662878e-17  -3.8538381e-17  1.9938990e-16  4.0945332e-16  5.0491086e-17  -4.3728032e-16  3.3523459e-16  2.0471703e-16  5.1174341e-16  9.6471264e-17  5.0950959e-16  -2.3712113e-16  -1.9555635e-16  1.7986956e-16  1.1854768e-16  3.8170532e-17  4.0875205e-16  1.0000000   -3.4853473e-16  -5.1431055e-16  1.9384144e-16  1.8583605e-16  -1.2948687e-16  -1.8920860e-17  1.9463249e-16  5.1048619e-16  -2.9931491e-17  -5.5736012e-16  -5.0730073e-17  4.6641614e-16  -8.0708184e-17  4.5662878e-17  -3.8538381e-17  1.9938990e-16  4.0945332e-16  5.0491086e-17  -4.3728032e-16  3.3523459e-16  2.0471703e-16  5.1174341e-16  9.6471264e-17  5.0950959e-16  -2.3712113e-16  -1.9555635e-16  1.7986956e-16  1.1854768e-16  3.8170532e-17  4.0875205e-16  1.0000000   -3.4853473e-16  -5.1431055e-16  1.9384144e-16  1.8583605e-16  -1.2948687e-16  -1.8920860e-17  1.9463249e-16  5.1048619e-16  
3.8638816e-16  2.0830957e-16  -4.5036564e-16  7.1192659e-17  -2.7607175e-16  -4.0956841e-16  5.7643269e-16  -2.5032756e-16  9.8034574e-17  -4.7588029e-16  2.3745587e-16  -5.8368794e-16  -6.2375066e-16  1.8662597e-16  1.9726526e-16  -3.5888571e-16  1.5944167e-16  -1.5497253e-17  -8.8768853e-16  -1.8392614e-16  -4.3476023e-16  -1.4549507e-16  -3.4853473e-16  1.0000000   1.2267252e-16  1.8040327e-16  -7.1011705e-16  1.4476786e-16  2.5959973e-17  8.5350481e-18  -1.1804717e-16  3.8638816e-16  2.0830957e-16  -4.5036564e-16  7.1192659e-17  -2.7607175e-16  -4.0956841e-16  5.7643269e-16  -2.5032756e-16  9.8034574e-17  -4.7588029e-16  2.3745587e-16  -5.8368794e-16  -6.2375066e-16  1.8662597e-16  1.9726526e-16  -3.5888571e-16  1.5944167e-16  -1.5497253e-17  -8.8768853e-16  -1.8392614e-16  -4.3476023e-16  -1.4549507e-16  -3.4853473e-16  1.0000000   1.2267252e-16  1.8040327e-16  -7.1011705e-16  1.4476786e-16  2.5959973e-17  8.5350481e-18  -1.1804717e-16  
-1.8647496e-16  1.8661599e-16  3.3127850e-16  -6.2018407e-16  -1.6595449e-16  -1.0056845e-15  2.0390596e-16  1.3865590e-16  -6.6458400e-16  -3.6368390e-17  -2.7102116e-16  -5.1990420e-16  -2.0822923e-16  -5.7991661e-16  1.4505626e-16  3.1402030e-16  -5.8250358e-16  -6.5557785e-16  3.5356757e-16  1.4369075e-16  1.9238744e-16  -4.5831017e-16  -5.1431055e-16  1.2267252e-16  1.0000000   1.7170737e-16  -3.0822804e-16  -1.2616539e-16  3.8194025e-16  6.8298741e-16  9.6514575e-16  -1.8647496e-16  1.8661599e-16  3.3127850e-16  -6.2018407e-16  -1.6595449e-16  -1.0056845e-15  2.0390596e-16  1.3865590e-16  -6.6458400e-16  -3.6368390e-17  -2.7102116e-16  -5.1990420e-16  -2.0822923e-16  -5.7991661e-16  1.4505626e-16  3.1402030e-16  -5.8250358e-16  -6.5557785e-16  3.5356757e-16  1.4369075e-16  1.9238744e-16  -4.5831017e-16  -5.1431055e-16  1.2267252e-16  1.0000000   1.7170737e-16  -3.0822804e-16  -1.2616539e-16  3.8194025e-16  6.8298741e-16  9.6514575e-16  
-1.0720823e-15  7.7421736e-17  -9.3074933e-16  -7.0052172e-17  5.3971324e-16  -1.2101888e-16  -2.3605672e-16  2.3832333e-16  3.1699631e-17  3.6963670e-16  5.0651400e-16  -4.7722744e-16  -4.4501609e-17  -1.4728816e-16  8.1665087e-17  3.4341081e-16  2.5226336e-16  2.6872603e-16  -6.0455149e-16  4.3589154e-16  2.4193718e-16  1.0567773e-15  1.9384144e-16  1.8040327e-16  1.7170737e-16  1.0000000   2.0076181e-16  5.1759505e-16  2.4539238e-16  -4.8762343e-17  -8.0770307e-16  -1.0720823e-15  7.7421736e-17  -9.3074933e-16  -7.0052172e-17  5.3971324e-16  -1.2101888e-16  -2.3605672e-16  2.3832333e-16  3.1699631e-17  3.6963670e-16  5.0651400e-16  -4.7722744e-16  -4.4501609e-17  -1.4728816e-16  8.1665087e-17  3.4341081e-16  2.5226336e-16  2.6872603e-16  -6.0455149e-16  4.3589154e-16  2.4193718e-16  1.0567773e-15  1.9384144e-16  1.8040327e-16  1.7170737e-16  1.0000000   2.0076181e-16  5.1759505e-16  2.4539238e-16  -4.8762343e-17  -8.0770307e-16  
-2.9226102e-16  -5.7415273e-16  3.8426141e-16  -3.8498550e-17  -3.6564190e-16  -3.3396655e-16  -3.2814041e-16  1.5855376e-16  2.4066240e-16  5.7928777e-17  -2.7459398e-16  -2.4309665e-17  9.6228509e-16  -9.5857631e-16  -1.0766953e-16  8.0409009e-16  1.6556180e-16  1.5688752e-16  7.6947753e-18  -6.9448591e-16  1.0101586e-16  1.7986931e-16  1.8583605e-16  -7.1011705e-16  -3.0822804e-16  2.0076181e-16  1.0000000   -4.6047572e-16  9.3195088e-17  -2.6777806e-17  -2.0375578e-18  -2.9226102e-16  -5.7415273e-16  3.8426141e-16  -3.8498550e-17  -3.6564190e-16  -3.3396655e-16  -3.2814041e-16  1.5855376e-16  2.4066240e-16  5.7928777e-17  -2.7459398e-16  -2.4309665e-17  9.6228509e-16  -9.5857631e-16  -1.0766953e-16  8.0409009e-16  1.6556180e-16  1.5688752e-16  7.6947753e-18  -6.9448591e-16  1.0101586e-16  1.7986931e-16  1.8583605e-16  -7.1011705e-16  -3.0822804e-16  2.0076181e-16  1.0000000   -4.6047572e-16  9.3195088e-17  -2.6777806e-17  -2.0375578e-18  
-1.4150731e-17  4.7691527e-16  -2.5436020e-16  -2.1794661e-17  6.0817826e-17  3.2186974e-16  -1.6556384e-16  1.2471683e-18  -2.3351929e-16  -1.2760197e-16  6.2285440e-16  -1.2609354e-17  -4.3809288e-16  2.0889854e-16  6.4001011e-16  8.3429132e-17  4.1747687e-16  4.3125460e-16  5.4425017e-16  5.1076071e-16  -2.2894661e-16  5.1114216e-16  -1.2948687e-16  1.4476786e-16  -1.2616539e-16  5.1759505e-16  -4.6047572e-16  1.0000000   -5.2994884e-17  3.7634236e-16  -4.9372872e-16  -1.4150731e-17  4.7691527e-16  -2.5436020e-16  -2.1794661e-17  6.0817826e-17  3.2186974e-16  -1.6556384e-16  1.2471683e-18  -2.3351929e-16  -1.2760197e-16  6.2285440e-16  -1.2609354e-17  -4.3809288e-16  2.0889854e-16  6.4001011e-16  8.3429132e-17  4.1747687e-16  4.3125460e-16  5.4425017e-16  5.1076071e-16  -2.2894661e-16  5.1114216e-16  -1.2948687e-16  1.4476786e-16  -1.2616539e-16  5.1759505e-16  -4.6047572e-16  1.0000000   -5.2994884e-17  3.7634236e-16  -4.9372872e-16  
-1.1778089e-16  -1.3525930e-16  -2.0419532e-16  5.3757710e-17  -3.7137594e-16  -4.2730247e-16  -2.1278013e-16  -1.2276643e-16  -5.1477954e-16  -2.7780892e-16  -2.3835604e-16  -3.2528576e-17  1.3033345e-16  -4.9936797e-16  2.2408779e-16  -1.0725798e-16  4.6769641e-16  -4.6605764e-16  2.9463182e-16  3.3933395e-16  4.7943017e-16  5.2629365e-16  -1.8920860e-17  2.5959973e-17  3.8194025e-16  2.4539238e-16  9.3195088e-17  -5.2994884e-17  1.0000000   1.2868511e-16  -8.3490973e-16  -1.1778089e-16  -1.3525930e-16  -2.0419532e-16  5.3757710e-17  -3.7137594e-16  -4.2730247e-16  -2.1278013e-16  -1.2276643e-16  -5.1477954e-16  -2.7780892e-16  -2.3835604e-16  -3.2528576e-17  1.3033345e-16  -4.9936797e-16  2.2408779e-16  -1.0725798e-16  4.6769641e-16  -4.6605764e-16  2.9463182e-16  3.3933395e-16  4.7943017e-16  5.2629365e-16  -1.8920860e-17  2.5959973e-17  3.8194025e-16  2.4539238e-16  9.3195088e-17  -5.2994884e-17  1.0000000   1.2868511e-16  -8.3490973e-16  
7.1980577e-16  3.3195346e-16  -2.9650868e-16  -4.9233090e-16  -1.8739950e-16  -8.5227536e-16  -4.4786326e-16  1.9370929e-16  -1.0816517e-16  4.3666220e-16  -4.9588435e-17  -1.5093534e-16  -3.2385239e-16  6.6039051e-16  8.4477948e-16  4.5719166e-16  -4.5808725e-16  -3.2469871e-16  2.0081699e-16  -7.3342570e-16  -3.9632239e-16  2.8644669e-17  1.9463249e-16  8.5350481e-18  6.8298741e-16  -4.8762343e-17  -2.6777806e-17  3.7634236e-16  1.2868511e-16  1.0000000   -4.6271959e-16  7.1980577e-16  3.3195346e-16  -2.9650868e-16  -4.9233090e-16  -1.8739950e-16  -8.5227536e-16  -4.4786326e-16  1.9370929e-16  -1.0816517e-16  4.3666220e-16  -4.9588435e-17  -1.5093534e-16  -3.2385239e-16  6.6039051e-16  8.4477948e-16  4.5719166e-16  -4.5808725e-16  -3.2469871e-16  2.0081699e-16  -7.3342570e-16  -3.9632239e-16  2.8644669e-17  1.9463249e-16  8.5350481e-18  6.8298741e-16  -4.8762343e-17  -2.6777806e-17  3.7634236e-16  1.2868511e-16  1.0000000   -4.6271959e-16  
5.3373280e-16  5.2946246e-16  1.4456468e-17  -4.7446476e-17  -7.2655364e-16  -3.1271666e-16  -5.0447737e-16  -1.2143203e-16  5.6434701e-16  2.2615052e-17  6.3969014e-17  -4.8350450e-16  -1.9383386e-16  -7.3240106e-16  2.9370583e-16  4.6578530e-16  -8.6062877e-16  -7.4084259e-16  -2.1784309e-17  5.0026745e-17  4.4287868e-17  -1.1854027e-17  5.1048619e-16  -1.1804717e-16  9.6514575e-16  -8.0770307e-16  -2.0375578e-18  -4.9372872e-16  -8.3490973e-16  -4.6271959e-16  1.0000000   5.3373280e-16  5.2946246e-16  1.4456468e-17  -4.7446476e-17  -7.2655364e-16  -3.1271666e-16  -5.0447737e-16  -1.2143203e-16  5.6434701e-16  2.2615052e-17  6.3969014e-17  -4.8350450e-16  -1.9383386e-16  -7.3240106e-16  2.9370583e-16  4.6578530e-16  -8.6062877e-16  -7.4084259e-16  -2.1784309e-17  5.0026745e-17  4.4287868e-17  -1.1854027e-17  5.1048619e-16  -1.1804717e-16  9.6514575e-16  -8.0770307e-16  -2.0375578e-18  -4.9372872e-16  -8.3490973e-16  -4.6271959e-16  1.0000000   
1.0000000   -4.9132856e-16  8.3724475e-17  4.9603000e-16  -8.7816391e-16  -3.1431328e-16  2.7618128e-16  -4.5249399e-16  2.3788632e-16  6.6276467e-16  1.9222523e-16  -4.0211642e-16  -1.8601072e-16  -6.4423879e-16  -6.1459749e-16  -5.4262758e-16  -1.0794877e-15  2.7691950e-16  -3.5903189e-17  2.3908588e-16  -4.8347139e-16  -7.5197961e-16  -2.9931491e-17  3.8638816e-16  -1.8647496e-16  -1.0720823e-15  -2.9226102e-16  -1.4150731e-17  -1.1778089e-16  7.1980577e-16  5.3373280e-16  1.0000000   -4.9132856e-16  8.3724475e-17  4.9603000e-16  -8.7816391e-16  -3.1431328e-16  2.7618128e-16  -4.5249399e-16  2.3788632e-16  6.6276467e-16  1.9222523e-16  -4.0211642e-16  -1.8601072e-16  -6.4423879e-16  -6.1459749e-16  -5.4262758e-16  -1.0794877e-15  2.7691950e-16  -3.5903189e-17  2.3908588e-16  -4.8347139e-16  -7.5197961e-16  -2.9931491e-17  3.8638816e-16  -1.8647496e-16  -1.0720823e-15  -2.9226102e-16  -1.4150731e-17  -1.1778089e-16  7.1980577e-16  5.3373280e-16  
-4.9132856e-16  1.0000000   2.5514453e-16  1.3899352e-16  -7.8380432e-17  -2.5530541e-16  8.1980825e-16  5.3247248e-16  -1.9686843e-16  -2.4694180e-16  -8.1716968e-17  -2.9678230e-16  -4.2039132e-17  5.0757811e-16  4.5772135e-17  4.1877718e-16  -1.8834737e-16  -5.3507222e-16  -5.3131060e-16  -1.4547684e-16  -3.8813522e-16  4.3550458e-16  -5.5736012e-16  2.0830957e-16  1.8661599e-16  7.7421736e-17  -5.7415273e-16  4.7691527e-16  -1.3525930e-16  3.3195346e-16  5.2946246e-16  -4.9132856e-16  1.0000000   2.5514453e-16  1.3899352e-16  -7.8380432e-17  -2.5530541e-16  8.1980825e-16  5.3247248e-16  -1.9686843e-16  -2.4694180e-16  -8.1716968e-17  -2.9678230e-16  -4.2039132e-17  5.0757811e-16  4.5772135e-17  4.1877718e-16  -1.8834737e-16  -5.3507222e-16  -5.3131060e-16  -1.4547684e-16  -3.8813522e-16  4.3550458e-16  -5.5736012e-16  2.0830957e-16  1.8661599e-16  7.7421736e-17  -5.7415273e-16  4.7691527e-16  -1.3525930e-16  3.3195346e-16  5.2946246e-16  
8.3724475e-17  2.5514453e-16  1.0000000   3.9117073e-16  -1.0085677e-15  -3.5156495e-16  -1.1073565e-15  3.0554664e-16  5.3038278e-16  -9.6603961e-17  -2.2747253e-16  2.5114138e-16  7.3124384e-16  -1.9916353e-16  -4.7211231e-16  1.8869268e-16  -2.6490569e-16  -9.2597559e-16  -7.3733825e-16  2.1722208e-16  5.3383355e-17  8.2606586e-16  -5.0730073e-17  -4.5036564e-16  3.3127850e-16  -9.3074933e-16  3.8426141e-16  -2.5436020e-16  -2.0419532e-16  -2.9650868e-16  1.4456468e-17  8.3724475e-17  2.5514453e-16  1.0000000   3.9117073e-16  -1.0085677e-15  -3.5156495e-16  -1.1073565e-15  3.0554664e-16  5.3038278e-16  -9.6603961e-17  -2.2747253e-16  2.5114138e-16  7.3124384e-16  -1.9916353e-16  -4.7211231e-16  1.8869268e-16  -2.6490569e-16  -9.2597559e-16  -7.3733825e-16  2.1722208e-16  5.3383355e-17  8.2606586e-16  -5.0730073e-17  -4.5036564e-16  3.3127850e-16  -9.3074933e-16  3.8426141e-16  -2.5436020e-16  -2.0419532e-16  -2.9650868e-16  1.4456468e-17  
4.9603000e-16  1.3899352e-16  3.9117073e-16  1.0000000   7.2637707e-18  5.3123762e-16  -5.2202054e-16  -1.3931212e-16  -6.0143654e-16  -1.2331453e-16  3.7065707e-16  -2.0385387e-17  1.8912851e-16  8.7070748e-16  -2.3184050e-16  -3.6897367e-16  -2.8617547e-16  1.7392655e-16  2.9076061e-16  3.7561770e-16  -3.9946176e-16  2.7832461e-16  4.6641614e-16  7.1192659e-17  -6.2018407e-16  -7.0052172e-17  -3.8498550e-17  -2.1794661e-17  5.3757710e-17  -4.9233090e-16  -4.7446476e-17  4.9603000e-16  1.3899352e-16  3.9117073e-16  1.0000000   7.2637707e-18  5.3123762e-16  -5.2202054e-16  -1.3931212e-16  -6.0143654e-16  -1.2331453e-16  3.7065707e-16  -2.0385387e-17  1.8912851e-16  8.7070748e-16  -2.3184050e-16  -3.6897367e-16  -2.8617547e-16  1.7392655e-16  2.9076061e-16  3.7561770e-16  -3.9946176e-16  2.7832461e-16  4.6641614e-16  7.1192659e-17  -6.2018407e-16  -7.0052172e-17  -3.8498550e-17  -2.1794661e-17  5.3757710e-17  -4.9233090e-16  -4.7446476e-17  
-8.7816391e-16  -7.8380432e-17  -1.0085677e-15  7.2637707e-18  1.0000000   6.1053682e-16  8.2332049e-16  -3.0254069e-16  6.0753240e-17  1.4358083e-16  -3.0203057e-16  5.3723472e-17  9.2194037e-16  4.1563353e-16  -6.5830779e-17  4.8530791e-16  1.0368377e-15  -2.7351665e-16  -4.8540502e-16  -4.7284233e-16  -3.0343201e-16  2.8010639e-16  -8.0708184e-17  -2.7607175e-16  -1.6595449e-16  5.3971324e-16  -3.6564190e-16  6.0817826e-17  -3.7137594e-16  -1.8739950e-16  -7.2655364e-16  -8.7816391e-16  -7.8380432e-17  -1.0085677e-15  7.2637707e-18  1.0000000   6.1053682e-16  8.2332049e-16  -3.0254069e-16  6.0753240e-17  1.4358083e-16  -3.0203057e-16  5.3723472e-17  9.2194037e-16  4.1563353e-16  -6.5830779e-17  4.8530791e-16  1.0368377e-15  -2.7351665e-16  -4.8540502e-16  -4.7284233e-16  -3.0343201e-16  2.8010639e-16  -8.0708184e-17  -2.7607175e-16  -1.6595449e-16  5.3971324e-16  -3.6564190e-16  6.0817826e-17  -3.7137594e-16  -1.8739950e-16  -7.2655364e-16  
-3.1431328e-16  -2.5530541e-16  -3.5156495e-16  5.3123762e-16  6.1053682e-16  1.0000000   -2.9614108e-18  -5.6904651e-16  1.9616173e-16  -1.0527897e-16  3.4753790e-16  1.5098007e-16  2.6127708e-16  4.1262940e-16  -2.9292031e-16  8.7997402e-16  -5.0138989e-16  -6.3101103e-16  2.4928367e-16  8.9880966e-16  1.8309666e-16  1.0695083e-17  4.5662878e-17  -4.0956841e-16  -1.0056845e-15  -1.2101888e-16  -3.3396655e-16  3.2186974e-16  -4.2730247e-16  -8.5227536e-16  -3.1271666e-16  -3.1431328e-16  -2.5530541e-16  -3.5156495e-16  5.3123762e-16  6.1053682e-16  1.0000000   -2.9614108e-18  -5.6904651e-16  1.9616173e-16  -1.0527897e-16  3.4753790e-16  1.5098007e-16  2.6127708e-16  4.1262940e-16  -2.9292031e-16  8.7997402e-16  -5.0138989e-16  -6.3101103e-16  2.4928367e-16  8.9880966e-16  1.8309666e-16  1.0695083e-17  4.5662878e-17  -4.0956841e-16  -1.0056845e-15  -1.2101888e-16  -3.3396655e-16  3.2186974e-16  -4.2730247e-16  -8.5227536e-16  -3.1271666e-16  
2.7618128e-16  8.1980825e-16  -1.1073565e-15  -5.2202054e-16  8.2332049e-16  -2.9614108e-18  1.0000000   -2.9449600e-16  -9.4607029e-18  -6.8147875e-16  2.0271265e-16  -1.9968311e-16  2.4689789e-16  1.1487218e-15  8.5991110e-16  1.0740963e-15  1.7554017e-16  -8.6915741e-17  -8.3449614e-16  1.1661030e-16  2.9578212e-16  3.4377663e-16  -3.8538381e-17  5.7643269e-16  2.0390596e-16  -2.3605672e-16  -3.2814041e-16  -1.6556384e-16  -2.1278013e-16  -4.4786326e-16  -5.0447737e-16  2.7618128e-16  8.1980825e-16  -1.1073565e-15  -5.2202054e-16  8.2332049e-16  -2.9614108e-18  1.0000000   -2.9449600e-16  -9.4607029e-18  -6.8147875e-16  2.0271265e-16  -1.9968311e-16  2.4689789e-16  1.1487218e-15  8.5991110e-16  1.0740963e-15  1.7554017e-16  -8.6915741e-17  -8.3449614e-16  1.1661030e-16  2.9578212e-16  3.4377663e-16  -3.8538381e-17  5.7643269e-16  2.0390596e-16  -2.3605672e-16  -3.2814041e-16  -1.6556384e-16  -2.1278013e-16  -4.4786326e-16  -5.0447737e-16  
-4.5249399e-16  5.3247248e-16  3.0554664e-16  -1.3931212e-16  -3.0254069e-16  -5.6904651e-16  -2.9449600e-16  1.0000000   2.0487174e-16  -1.6119620e-16  -3.2175108e-16  4.5992145e-16  2.1571567e-16  -6.5606470e-17  5.5263985e-16  7.0310318e-16  1.3537630e-17  -2.6079094e-16  -6.3976582e-16  5.0608221e-16  -3.0321505e-17  1.7117000e-16  1.9938990e-16  -2.5032756e-16  1.3865590e-16  2.3832333e-16  1.5855376e-16  1.2471683e-18  -1.2276643e-16  1.9370929e-16  -1.2143203e-16  -4.5249399e-16  5.3247248e-16  3.0554664e-16  -1.3931212e-16  -3.0254069e-16  -5.6904651e-16  -2.9449600e-16  1.0000000   2.0487174e-16  -1.6119620e-16  -3.2175108e-16  4.5992145e-16  2.1571567e-16  -6.5606470e-17  5.5263985e-16  7.0310318e-16  1.3537630e-17  -2.6079094e-16  -6.3976582e-16  5.0608221e-16  -3.0321505e-17  1.7117000e-16  1.9938990e-16  -2.5032756e-16  1.3865590e-16  2.3832333e-16  1.5855376e-16  1.2471683e-18  -1.2276643e-16  1.9370929e-16  -1.2143203e-16  
2.3788632e-16  -1.9686843e-16  5.3038278e-16  -6.0143654e-16  6.0753240e-17  1.9616173e-16  -9.4607029e-18  2.0487174e-16  1.0000000   2.2590706e-16  -9.1688501e-17  -5.6370575e-17  1.2391407e-16  2.2578249e-17  3.1102930e-16  -2.8869926e-16  -3.9570315e-16  -3.3754292e-16  -4.4344610e-17  -9.4887351e-17  -7.6847965e-16  2.2130665e-16  4.0945332e-16  9.8034574e-17  -6.6458400e-16  3.1699631e-17  2.4066240e-16  -2.3351929e-16  -5.1477954e-16  -1.0816517e-16  5.6434701e-16  2.3788632e-16  -1.9686843e-16  5.3038278e-16  -6.0143654e-16  6.0753240e-17  1.9616173e-16  -9.4607029e-18  2.0487174e-16  1.0000000   2.2590706e-16  -9.1688501e-17  -5.6370575e-17  1.2391407e-16  2.2578249e-17  3.1102930e-16  -2.8869926e-16  -3.9570315e-16  -3.3754292e-16  -4.4344610e-17  -9.4887351e-17  -7.6847965e-16  2.2130665e-16  4.0945332e-16  9.8034574e-17  -6.6458400e-16  3.1699631e-17  2.4066240e-16  -2.3351929e-16  -5.1477954e-16  -1.0816517e-16  5.6434701e-16  
6.6276467e-16  -2.4694180e-16  -9.6603961e-17  -1.2331453e-16  1.4358083e-16  -1.0527897e-16  -6.8147875e-16  -1.6119620e-16  2.2590706e-16  1.0000000   6.4796443e-16  5.0289006e-16  4.1269316e-16  -7.1205706e-17  4.9692395e-16  3.3394108e-16  -7.9787217e-16  -3.6380168e-16  3.3476499e-16  3.3251718e-16  7.1475822e-16  9.6511659e-16  5.0491086e-17  -4.7588029e-16  -3.6368390e-17  3.6963670e-16  5.7928777e-17  -1.2760197e-16  -2.7780892e-16  4.3666220e-16  2.2615052e-17  6.6276467e-16  -2.4694180e-16  -9.6603961e-17  -1.2331453e-16  1.4358083e-16  -1.0527897e-16  -6.8147875e-16  -1.6119620e-16  2.2590706e-16  1.0000000   6.4796443e-16  5.0289006e-16  4.1269316e-16  -7.1205706e-17  4.9692395e-16  3.3394108e-16  -7.9787217e-16  -3.6380168e-16  3.3476499e-16  3.3251718e-16  7.1475822e-16  9.6511659e-16  5.0491086e-17  -4.7588029e-16  -3.6368390e-17  3.6963670e-16  5.7928777e-17  -1.2760197e-16  -2.7780892e-16  4.3666220e-16  2.2615052e-17  
