1.0000000   3.7568052e-17  1.1282095e-16  1.0002380e-15  2.0936696e-16  4.0689351e-16  1.9994548e-16  -2.2045598e-16  9.0773074e-16  -2.6911754e-16  9.4125845e-17  -4.5485238e-16  -4.6444350e-16  -9.8589992e-16  4.0015161e-16  2.2497184e-16  5.3555649e-16  1.7535870e-16  1.5831952e-16  5.1783793e-16  7.2218227e-16  -3.6750734e-16  3.8014571e-16  1.0605949e-15  2.2970911e-16  -2.8962483e-16  -7.4254545e-16  -1.4539610e-16  2.1819606e-16  2.0425401e-16  -2.3998415e-16  1.0000000   3.7568052e-17  1.1282095e-16  1.0002380e-15  2.0936696e-16  4.0689351e-16  1.9994548e-16  -2.2045598e-16  9.0773074e-16  -2.6911754e-16  9.4125845e-17  -4.5485238e-16  -4.6444350e-16  -9.8589992e-16  4.0015161e-16  2.2497184e-16  5.3555649e-16  1.7535870e-16  1.5831952e-16  5.1783793e-16  7.2218227e-16  -3.6750734e-16  3.8014571e-16  1.0605949e-15  2.2970911e-16  -2.8962483e-16  -7.4254545e-16  -1.4539610e-16  2.1819606e-16  2.0425401e-16  -2.3998415e-16  
3.7568052e-17  1.0000000   -6.9935619e-17  -8.1324877e-17  3.1899625e-18  3.5684851e-16  5.4579272e-16  -4.8288211e-16  -6.1996242e-16  -3.2718634e-16  2.4525372e-16  9.5410526e-17  2.1763672e-16  -2.7284628e-16  5.1546886e-16  -4.7184762e-16  -6.0552480e-16  -5.5036202e-16  1.0341885e-17  1.3141191e-16  6.6921511e-17  2.6068438e-17  6.8313407e-17  3.2289757e-16  2.3919444e-16  6.3098091e-16  -2.4994513e-16  1.0471133e-16  3.0537182e-16  -5.6631192e-16  -1.5359868e-16  3.7568052e-17  1.0000000   -6.9935619e-17  -8.1324877e-17  3.1899625e-18  3.5684851e-16  5.4579272e-16  -4.8288211e-16  -6.1996242e-16  -3.2718634e-16  2.4525372e-16  9.5410526e-17  2.1763672e-16  -2.7284628e-16  5.1546886e-16  -4.7184762e-16  -6.0552480e-16  -5.5036202e-16  1.0341885e-17  1.3141191e-16  6.6921511e-17  2.6068438e-17  6.8313407e-17  3.2289757e-16  2.3919444e-16  6.3098091e-16  -2.4994513e-16  1.0471133e-16  3.0537182e-16  -5.6631192e-16  -1.5359868e-16  
1.1282095e-16  -6.9935619e-17  1.0000000   2.3409550e-16  -5.0593083e-17  -6.4660426e-17  1.6498067e-16  -2.6020885e-16  -2.1229076e-16  3.4384854e-16  -4.8964492e-16  -2.2625742e-16  5.8503817e-16  1.0165221e-16  5.6338756e-16  5.9090307e-16  -5.3158337e-16  -5.7069250e-16  -1.3722058e-16  -4.4004285e-16  3.4548530e-16  -2.5214329e-16  -1.6007095e-16  2.9718668e-16  -2.8083637e-16  7.0890543e-16  -2.8951715e-17  6.9106972e-16  -4.5508474e-16  7.3647080e-17  2.3314257e-16  1.1282095e-16  -6.9935619e-17  1.0000000   2.3409550e-16  -5.0593083e-17  -6.4660426e-17  1.6498067e-16  -2.6020885e-16  -2.1229076e-16  3.4384854e-16  -4.8964492e-16  -2.2625742e-16  5.8503817e-16  1.0165221e-16  5.6338756e-16  5.9090307e-16  -5.3158337e-16  -5.7069250e-16  -1.3722058e-16  -4.4004285e-16  3.4548530e-16  -2.5214329e-16  -1.6007095e-16  2.9718668e-16  -2.8083637e-16  7.0890543e-16  -2.8951715e-17  6.9106972e-16  -4.5508474e-16  7.3647080e-17  2.3314257e-16  
1.0002380e-15  -8.1324877e-17  2.3409550e-16  1.0000000   1.6803517e-16  3.1240338e-16  3.1156254e-16  2.5383792e-16  -2.5330657e-16  -2.0343247e-16  -8.6055091e-16  -5.0184135e-16  1.5622383e-16  -7.5022909e-17  -7.1324201e-17  -9.4314538e-17  2.6081091e-16  -1.2087791e-17  1.8081073e-16  1.4360641e-16  6.9101355e-17  6.5510728e-16  -2.5261427e-16  -2.5562463e-17  3.3990739e-16  -9.7496306e-16  2.4083237e-16  -6.7388773e-16  9.4086094e-17  4.8164179e-17  -6.2537751e-16  1.0002380e-15  -8.1324877e-17  2.3409550e-16  1.0000000   1.6803517e-16  3.1240338e-16  3.1156254e-16  2.5383792e-16  -2.5330657e-16  -2.0343247e-16  -8.6055091e-16  -5.0184135e-16  1.5622383e-16  -7.5022909e-17  -7.1324201e-17  -9.4314538e-17  2.6081091e-16  -1.2087791e-17  1.8081073e-16  1.4360641e-16  6.9101355e-17  6.5510728e-16  -2.5261427e-16  -2.5562463e-17  3.3990739e-16  -9.7496306e-16  2.4083237e-16  -6.7388773e-16  9.4086094e-17  4.8164179e-17  -6.2537751e-16  
2.0936696e-16  3.1899625e-18  -5.0593083e-17  1.6803517e-16  1.0000000   1.9521263e-16  -5.9860174e-17  2.3158869e-16  4.2244509e-17  -3.4056925e-16  -1.0320544e-15  -3.7118885e-16  1.2747158e-15  -2.2577382e-17  -2.8989584e-16  4.2987635e-16  -1.6915950e-16  -5.7306766e-16  2.4459245e-17  5.6904052e-16  -2.0510822e-16  1.2105180e-16  -4.6855030e-16  -2.6550123e-16  2.7479565e-16  -4.0794669e-16  -1.8270066e-16  -3.0075026e-16  -1.1520892e-15  4.9155657e-16  -1.7205606e-16  2.0936696e-16  3.1899625e-18  -5.0593083e-17  1.6803517e-16  1.0000000   1.9521263e-16  -5.9860174e-17  2.3158869e-16  4.2244509e-17  -3.4056925e-16  -1.0320544e-15  -3.7118885e-16  1.2747158e-15  -2.2577382e-17  -2.8989584e-16  4.2987635e-16  -1.6915950e-16  -5.7306766e-16  2.4459245e-17  5.6904052e-16  -2.0510822e-16  1.2105180e-16  -4.6855030e-16  -2.6550123e-16  2.7479565e-16  -4.0794669e-16  -1.8270066e-16  -3.0075026e-16  -1.1520892e-15  4.9155657e-16  -1.7205606e-16  
4.0689351e-16  3.5684851e-16  -6.4660426e-17  3.1240338e-16  1.9521263e-16  1.0000000   6.1380262e-16  -7.8957597e-17  -6.7453666e-16  -1.1529651e-15  2.4222585e-16  -2.4539221e-17  -1.1823387e-16  2.8164037e-17  7.0488091e-16  5.5241146e-16  6.6421097e-16  -2.6853692e-16  4.7891777e-16  2.8379421e-16  7.3289082e-16  -4.9016430e-16  -1.5563952e-17  5.5803624e-16  1.7393878e-16  -2.8563424e-16  -3.3697321e-16  -2.9956199e-16  -6.4280514e-17  -4.8796259e-16  -3.2472960e-16  4.0689351e-16  3.5684851e-16  -6.4660426e-17  3.1240338e-16  1.9521263e-16  1.0000000   6.1380262e-16  -7.8957597e-17  -6.7453666e-16  -1.1529651e-15  2.4222585e-16  -2.4539221e-17  -1.1823387e-16  2.8164037e-17  7.0488091e-16  5.5241146e-16  6.6421097e-16  -2.6853692e-16  4.7891777e-16  2.8379421e-16  7.3289082e-16  -4.9016430e-16  -1.5563952e-17  5.5803624e-16  1.7393878e-16  -2.8563424e-16  -3.3697321e-16  -2.9956199e-16  -6.4280514e-17  -4.8796259e-16  -3.2472960e-16  
1.9994548e-16  5.4579272e-16  1.6498067e-16  3.1156254e-16  -5.9860174e-17  6.1380262e-16  1.0000000   -2.8586927e-16  -3.6230480e-16  9.9113950e-16  4.0549507e-16  5.7511780e-16  -4.2108755e-16  -5.4116380e-16  2.0440623e-16  1.5024592e-16  6.3309364e-16  -3.8139504e-16  1.5088408e-16  3.6022038e-16  1.6406015e-16  -9.1255484e-16  1.3500927e-16  2.1799418e-16  1.8199789e-16  -9.9675111e-17  -2.4490775e-16  4.6858251e-16  -5.2242023e-16  -2.3562704e-16  7.9173933e-16  1.9994548e-16  5.4579272e-16  1.6498067e-16  3.1156254e-16  -5.9860174e-17  6.1380262e-16  1.0000000   -2.8586927e-16  -3.6230480e-16  9.9113950e-16  4.0549507e-16  5.7511780e-16  -4.2108755e-16  -5.4116380e-16  2.0440623e-16  1.5024592e-16  6.3309364e-16  -3.8139504e-16  1.5088408e-16  3.6022038e-16  1.6406015e-16  -9.1255484e-16  1.3500927e-16  2.1799418e-16  1.8199789e-16  -9.9675111e-17  -2.4490775e-16  4.6858251e-16  -5.2242023e-16  -2.3562704e-16  7.9173933e-16  
-2.2045598e-16  -4.8288211e-16  -2.6020885e-16  2.5383792e-16  2.3158869e-16  -7.8957597e-17  -2.8586927e-16  1.0000000   -4.7249806e-16  7.3718911e-16  -5.6928086e-16  5.6482981e-17  8.7010824e-16  1.7722944e-16  4.5668531e-16  1.7218283e-16  -3.6903952e-16  -8.1839522e-16  6.1816502e-16  3.7362731e-17  -2.0420379e-16  -1.8676212e-16  5.5308646e-16  8.6554116e-16  1.6573691e-16  3.8709787e-16  -3.3779002e-16  -3.5808966e-16  -4.7356858e-16  6.5103372e-17  2.5148244e-16  -2.2045598e-16  -4.8288211e-16  -2.6020885e-16  2.5383792e-16  2.3158869e-16  -7.8957597e-17  -2.8586927e-16  1.0000000   -4.7249806e-16  7.3718911e-16  -5.6928086e-16  5.6482981e-17  8.7010824e-16  1.7722944e-16  4.5668531e-16  1.7218283e-16  -3.6903952e-16  -8.1839522e-16  6.1816502e-16  3.7362731e-17  -2.0420379e-16  -1.8676212e-16  5.5308646e-16  8.6554116e-16  1.6573691e-16  3.8709787e-16  -3.3779002e-16  -3.5808966e-16  -4.7356858e-16  6.5103372e-17  2.5148244e-16  
9.0773074e-16  -6.1996242e-16  -2.1229076e-16  -2.5330657e-16  4.2244509e-17  -6.7453666e-16  -3.6230480e-16  -4.7249806e-16  1.0000000   -6.5706854e-16  1.9438877e-16  2.0869719e-16  -3.9868024e-16  -1.6163825e-16  -3.0545530e-18  -5.9368584e-17  -1.5767640e-16  9.4689651e-17  5.4936840e-17  4.7173017e-17  -4.4212799e-17  -3.8326145e-16  1.7789268e-16  -6.3843469e-17  6.3878128e-16  1.1336324e-16  6.3275340e-17  3.7460768e-16  1.0835214e-16  -4.2853100e-16  1.9858297e-16  9.0773074e-16  -6.1996242e-16  -2.1229076e-16  -2.5330657e-16  4.2244509e-17  -6.7453666e-16  -3.6230480e-16  -4.7249806e-16  1.0000000   -6.5706854e-16  1.9438877e-16  2.0869719e-16  -3.9868024e-16  -1.6163825e-16  -3.0545530e-18  -5.9368584e-17  -1.5767640e-16  9.4689651e-17  5.4936840e-17  4.7173017e-17  -4.4212799e-17  -3.8326145e-16  1.7789268e-16  -6.3843469e-17  6.3878128e-16  1.1336324e-16  6.3275340e-17  3.7460768e-16  1.0835214e-16  -4.2853100e-16  1.9858297e-16  
-2.6911754e-16  -3.2718634e-16  3.4384854e-16  -2.0343247e-16  -3.4056925e-16  -1.1529651e-15  9.9113950e-16  7.3718911e-16  -6.5706854e-16  1.0000000   2.9163123e-16  2.0767432e-16  9.5382167e-17  -1.8726363e-16  1.9795045e-16  1.4015210e-16  -7.2657076e-16  -1.3129465e-16  4.2270772e-16  3.4159183e-16  -3.0102152e-16  5.0489373e-16  -5.2685534e-17  3.9206116e-16  4.3311898e-17  9.7413752e-18  -3.7950305e-17  -2.2898194e-16  -1.3027559e-16  -8.7878015e-16  4.3303364e-16  -2.6911754e-16  -3.2718634e-16  3.4384854e-16  -2.0343247e-16  -3.4056925e-16  -1.1529651e-15  9.9113950e-16  7.3718911e-16  -6.5706854e-16  1.0000000   2.9163123e-16  2.0767432e-16  9.5382167e-17  -1.8726363e-16  1.9795045e-16  1.4015210e-16  -7.2657076e-16  -1.3129465e-16  4.2270772e-16  3.4159183e-16  -3.0102152e-16  5.0489373e-16  -5.2685534e-17  3.9206116e-16  4.3311898e-17  9.7413752e-18  -3.7950305e-17  -2.2898194e-16  -1.3027559e-16  -8.7878015e-16  4.3303364e-16  
9.4125845e-17  2.4525372e-16  -4.8964492e-16  -8.6055091e-16  -1.0320544e-15  2.4222585e-16  4.0549507e-16  -5.6928086e-16  1.9438877e-16  2.9163123e-16  1.0000000   8.4269751e-16  -3.6484705e-16  2.5759977e-16  -6.9763463e-17  -2.6910166e-16  -8.6452454e-17  -2.6634218e-16  -5.3625599e-16  1.0376533e-16  -5.6325969e-16  -8.9898800e-16  2.9073904e-16  6.3211437e-16  -1.6051973e-16  1.6347504e-16  -4.0912142e-16  6.3547680e-16  -6.0771068e-16  -1.0005125e-15  3.3640621e-16  9.4125845e-17  2.4525372e-16  -4.8964492e-16  -8.6055091e-16  -1.0320544e-15  2.4222585e-16  4.0549507e-16  -5.6928086e-16  1.9438877e-16  2.9163123e-16  1.0000000   8.4269751e-16  -3.6484705e-16  2.5759977e-16  -6.9763463e-17  -2.6910166e-16  -8.6452454e-17  -2.6634218e-16  -5.3625599e-16  1.0376533e-16  -5.6325969e-16  -8.9898800e-16  2.9073904e-16  6.3211437e-16  -1.6051973e-16  1.6347504e-16  -4.0912142e-16  6.3547680e-16  -6.0771068e-16  -1.0005125e-15  3.3640621e-16  
-4.5485238e-16  9.5410526e-17  -2.2625742e-16  -5.0184135e-16  -3.7118885e-16  -2.4539221e-17  5.7511780e-16  5.6482981e-17  2.0869719e-16  2.0767432e-16  8.4269751e-16  1.0000000   4.3556197e-16  -7.4097258e-16  -2.5069967e-16  6.1772775e-16  5.7046250e-16  6.2108926e-17  5.8805635e-17  3.5386428e-16  1.2002270e-15  -1.0926155e-16  -1.8093892e-16  7.2958648e-16  -2.9771554e-17  2.4508515e-17  -9.5176222e-17  4.6700527e-16  -6.4880253e-16  -4.0795430e-16  7.2036459e-16  -4.5485238e-16  9.5410526e-17  -2.2625742e-16  -5.0184135e-16  -3.7118885e-16  -2.4539221e-17  5.7511780e-16  5.6482981e-17  2.0869719e-16  2.0767432e-16  8.4269751e-16  1.0000000   4.3556197e-16  -7.4097258e-16  -2.5069967e-16  6.1772775e-16  5.7046250e-16  6.2108926e-17  5.8805635e-17  3.5386428e-16  1.2002270e-15  -1.0926155e-16  -1.8093892e-16  7.2958648e-16  -2.9771554e-17  2.4508515e-17  -9.5176222e-17  4.6700527e-16  -6.4880253e-16  -4.0795430e-16  7.2036459e-16  
-4.6444350e-16  2.1763672e-16  5.8503817e-16  1.5622383e-16  1.2747158e-15  -1.1823387e-16  -4.2108755e-16  8.7010824e-16  -3.9868024e-16  9.5382167e-17  -3.6484705e-16  4.3556197e-16  1.0000000   1.1955387e-17  2.0014747e-16  -1.9554305e-16  -1.7695267e-16  -3.8382534e-16  -4.9868100e-16  2.8646142e-16  5.4599645e-17  2.7170969e-16  -3.0206301e-16  7.4621436e-16  -1.5441444e-17  -1.0548910e-16  -3.0142017e-16  3.4059929e-17  -4.4518231e-16  3.9546248e-18  2.0385101e-16  -4.6444350e-16  2.1763672e-16  5.8503817e-16  1.5622383e-16  1.2747158e-15  -1.1823387e-16  -4.2108755e-16  8.7010824e-16  -3.9868024e-16  9.5382167e-17  -3.6484705e-16  4.3556197e-16  1.0000000   1.1955387e-17  2.0014747e-16  -1.9554305e-16  -1.7695267e-16  -3.8382534e-16  -4.9868100e-16  2.8646142e-16  5.4599645e-17  2.7170969e-16  -3.0206301e-16  7.4621436e-16  -1.5441444e-17  -1.0548910e-16  -3.0142017e-16  3.4059929e-17  -4.4518231e-16  3.9546248e-18  2.0385101e-16  
-9.8589992e-16  -2.7284628e-16  1.0165221e-16  -7.5022909e-17  -2.2577382e-17  2.8164037e-17  -5.4116380e-16  1.7722944e-16  -1.6163825e-16  -1.8726363e-16  2.5759977e-16  -7.4097258e-16  1.1955387e-17  1.0000000   -1.4470762e-16  1.1283461e-16  9.5741975e-16  -1.5837194e-16  -1.1647618e-16  7.9222652e-16  3.2879696e-17  3.0601353e-16  -4.4238698e-17  -9.2737179e-17  -2.1434225e-16  -4.2471428e-16  5.8380178e-17  3.1118380e-16  1.4066111e-16  -1.9498657e-16  2.0488427e-16  -9.8589992e-16  -2.7284628e-16  1.0165221e-16  -7.5022909e-17  -2.2577382e-17  2.8164037e-17  -5.4116380e-16  1.7722944e-16  -1.6163825e-16  -1.8726363e-16  2.5759977e-16  -7.4097258e-16  1.1955387e-17  1.0000000   -1.4470762e-16  1.1283461e-16  9.5741975e-16  -1.5837194e-16  -1.1647618e-16  7.9222652e-16  3.2879696e-17  3.0601353e-16  -4.4238698e-17  -9.2737179e-17  -2.1434225e-16  -4.2471428e-16  5.8380178e-17  3.1118380e-16  1.4066111e-16  -1.9498657e-16  2.0488427e-16  
4.0015161e-16  5.1546886e-16  5.6338756e-16  -7.1324201e-17  -2.8989584e-16  7.0488091e-16  2.0440623e-16  4.5668531e-16  -3.0545530e-18  1.9795045e-16  -6.9763463e-17  -2.5069967e-16  2.0014747e-16  -1.4470762e-16  1.0000000   5.3564047e-17  4.6905202e-17  1.7015111e-16  1.1150907e-16  -5.3007286e-16  8.4035359e-18  3.4609099e-16  2.2876828e-16  2.2704709e-16  3.6987963e-16  1.9995225e-16  -3.5541606e-16  7.5196607e-17  7.0694584e-16  1.3199956e-17  2.2602736e-16  4.0015161e-16  5.1546886e-16  5.6338756e-16  -7.1324201e-17  -2.8989584e-16  7.0488091e-16  2.0440623e-16  4.5668531e-16  -3.0545530e-18  1.9795045e-16  -6.9763463e-17  -2.5069967e-16  2.0014747e-16  -1.4470762e-16  1.0000000   5.3564047e-17  4.6905202e-17  1.7015111e-16  1.1150907e-16  -5.3007286e-16  8.4035359e-18  3.4609099e-16  2.2876828e-16  2.2704709e-16  3.6987963e-16  1.9995225e-16  -3.5541606e-16  7.5196607e-17  7.0694584e-16  1.3199956e-17  2.2602736e-16  
2.2497184e-16  -4.7184762e-16  5.9090307e-16  -9.4314538e-17  4.2987635e-16  5.5241146e-16  1.5024592e-16  1.7218283e-16  -5.9368584e-17  1.4015210e-16  -2.6910166e-16  6.1772775e-16  -1.9554305e-16  1.1283461e-16  5.3564047e-17  1.0000000   -5.8630357e-17  3.5437434e-16  -5.9294721e-16  -3.1843086e-16  -2.0138235e-16  -1.4993300e-16  -3.4529424e-16  5.6184489e-16  3.5058601e-17  6.8075967e-16  -1.2484566e-16  1.7247616e-16  4.5722678e-17  3.9177881e-17  -3.0252866e-16  2.2497184e-16  -4.7184762e-16  5.9090307e-16  -9.4314538e-17  4.2987635e-16  5.5241146e-16  1.5024592e-16  1.7218283e-16  -5.9368584e-17  1.4015210e-16  -2.6910166e-16  6.1772775e-16  -1.9554305e-16  1.1283461e-16  5.3564047e-17  1.0000000   -5.8630357e-17  3.5437434e-16  -5.9294721e-16  -3.1843086e-16  -2.0138235e-16  -1.4993300e-16  -3.4529424e-16  5.6184489e-16  3.5058601e-17  6.8075967e-16  -1.2484566e-16  1.7247616e-16  4.5722678e-17  3.9177881e-17  -3.0252866e-16  
5.3555649e-16  -6.0552480e-16  -5.3158337e-16  2.6081091e-16  -1.6915950e-16  6.6421097e-16  6.3309364e-16  -3.6903952e-16  -1.5767640e-16  -7.2657076e-16  -8.6452454e-17  5.7046250e-16  -1.7695267e-16  9.5741975e-16  4.6905202e-17  -5.8630357e-17  1.0000000   3.9511255e-16  4.5714777e-16  1.3163696e-16  -1.4995790e-16  -1.7136070e-17  -4.5895543e-16  1.4838267e-16  3.2604848e-16  3.7095110e-17  -4.3347582e-16  -3.1746443e-16  3.4618604e-16  2.5282637e-16  7.6651370e-18  5.3555649e-16  -6.0552480e-16  -5.3158337e-16  2.6081091e-16  -1.6915950e-16  6.6421097e-16  6.3309364e-16  -3.6903952e-16  -1.5767640e-16  -7.2657076e-16  -8.6452454e-17  5.7046250e-16  -1.7695267e-16  9.5741975e-16  4.6905202e-17  -5.8630357e-17  1.0000000   3.9511255e-16  4.5714777e-16  1.3163696e-16  -1.4995790e-16  -1.7136070e-17  -4.5895543e-16  1.4838267e-16  3.2604848e-16  3.7095110e-17  -4.3347582e-16  -3.1746443e-16  3.4618604e-16  2.5282637e-16  7.6651370e-18  
1.7535870e-16  -5.5036202e-16  -5.7069250e-16  -1.2087791e-17  -5.7306766e-16  -2.6853692e-16  -3.8139504e-16  -8.1839522e-16  9.4689651e-17  -1.3129465e-16  -2.6634218e-16  6.2108926e-17  -3.8382534e-16  -1.5837194e-16  1.7015111e-16  3.5437434e-16  3.9511255e-16  1.0000000   4.7325584e-18  -1.7065088e-16  -1.6907309e-16  -5.5128292e-16  -5.4158452e-16  6.2841649e-16  -4.6244746e-16  -2.0777109e-16  -1.9597209e-16  -3.9525331e-16  6.3716098e-16  -3.4936077e-16  -1.9414148e-16  1.7535870e-16  -5.5036202e-16  -5.7069250e-16  -1.2087791e-17  -5.7306766e-16  -2.6853692e-16  -3.8139504e-16  -8.1839522e-16  9.4689651e-17  -1.3129465e-16  -2.6634218e-16  6.2108926e-17  -3.8382534e-16  -1.5837194e-16  1.7015111e-16  3.5437434e-16  3.9511255e-16  1.0000000   4.7325584e-18  -1.7065088e-16  -1.6907309e-16  -5.5128292e-16  -5.4158452e-16  6.2841649e-16  -4.6244746e-16  -2.0777109e-16  -1.9597209e-16  -3.9525331e-16  6.3716098e-16  -3.4936077e-16  -1.9414148e-16  
1.5831952e-16  1.0341885e-17  -1.3722058e-16  1.8081073e-16  2.4459245e-17  4.7891777e-16  1.5088408e-16  6.1816502e-16  5.4936840e-17  4.2270772e-16  -5.3625599e-16  5.8805635e-17  -4.9868100e-16  -1.1647618e-16  1.1150907e-16  -5.9294721e-16  4.5714777e-16  4.7325584e-18  1.0000000   7.1034410e-16  -3.6344750e-17  2.7685880e-16  4.3097164e-16  -2.9159601e-16  2.8692231e-16  6.8547937e-16  -4.9673619e-16  9.4028184e-17  1.1160911e-16  3.5526508e-16  -5.4107040e-16  1.5831952e-16  1.0341885e-17  -1.3722058e-16  1.8081073e-16  2.4459245e-17  4.7891777e-16  1.5088408e-16  6.1816502e-16  5.4936840e-17  4.2270772e-16  -5.3625599e-16  5.8805635e-17  -4.9868100e-16  -1.1647618e-16  1.1150907e-16  -5.9294721e-16  4.5714777e-16  4.7325584e-18  1.0000000   7.1034410e-16  -3.6344750e-17  2.7685880e-16  4.3097164e-16  -2.9159601e-16  2.8692231e-16  6.8547937e-16  -4.9673619e-16  9.4028184e-17  1.1160911e-16  3.5526508e-16  -5.4107040e-16  
5.1783793e-16  1.3141191e-16  -4.4004285e-16  1.4360641e-16  5.6904052e-16  2.8379421e-16  3.6022038e-16  3.7362731e-17  4.7173017e-17  3.4159183e-16  1.0376533e-16  3.5386428e-16  2.8646142e-16  7.9222652e-16  -5.3007286e-16  -3.1843086e-16  1.3163696e-16  -1.7065088e-16  7.1034410e-16  1.0000000   4.6058975e-17  -5.4302669e-16  -6.6607168e-16  3.3571579e-16  -5.1768039e-16  1.1786607e-16  4.7344139e-17  -2.7919973e-16  -2.0253517e-20  -3.1847979e-16  8.8382925e-18  5.1783793e-16  1.3141191e-16  -4.4004285e-16  1.4360641e-16  5.6904052e-16  2.8379421e-16  3.6022038e-16  3.7362731e-17  4.7173017e-17  3.4159183e-16  1.0376533e-16  3.5386428e-16  2.8646142e-16  7.9222652e-16  -5.3007286e-16  -3.1843086e-16  1.3163696e-16  -1.7065088e-16  7.1034410e-16  1.0000000   4.6058975e-17  -5.4302669e-16  -6.6607168e-16  3.3571579e-16  -5.1768039e-16  1.1786607e-16  4.7344139e-17  -2.7919973e-16  -2.0253517e-20  -3.1847979e-16  8.8382925e-18  
7.2218227e-16  6.6921511e-17  3.4548530e-16  6.9101355e-17  -2.0510822e-16  7.3289082e-16  1.6406015e-16  -2.0420379e-16  -4.4212799e-17  -3.0102152e-16  -5.6325969e-16  1.2002270e-15  5.4599645e-17  3.2879696e-17  8.4035359e-18  -2.0138235e-16  -1.4995790e-16  -1.6907309e-16  -3.6344750e-17  4.6058975e-17  1.0000000   1.0426492e-16  5.5016328e-18  -5.8370583e-16  -5.2310513e-18  2.3626998e-16  3.6532351e-16  -8.2834778e-16  -2.5633685e-16  -1.4872756e-16  -4.3798902e-16  7.2218227e-16  6.6921511e-17  3.4548530e-16  6.9101355e-17  -2.0510822e-16  7.3289082e-16  1.6406015e-16  -2.0420379e-16  -4.4212799e-17  -3.0102152e-16  -5.6325969e-16  1.2002270e-15  5.4599645e-17  3.2879696e-17  8.4035359e-18  -2.0138235e-16  -1.4995790e-16  -1.6907309e-16  -3.6344750e-17  4.6058975e-17  1.0000000   1.0426492e-16  5.5016328e-18  -5.8370583e-16  -5.2310513e-18  2.3626998e-16  3.6532351e-16  -8.2834778e-16  -2.5633685e-16  -1.4872756e-16  -4.3798902e-16  
-3.6750734e-16  2.6068438e-17  -2.5214329e-16  6.5510728e-16  1.2105180e-16  -4.9016430e-16  -9.1255484e-16  -1.8676212e-16  -3.8326145e-16  5.0489373e-16  -8.9898800e-16  -1.0926155e-16  2.7170969e-16  3.0601353e-16  3.4609099e-16  -1.4993300e-16  -1.7136070e-17  -5.5128292e-16  2.7685880e-16  -5.4302669e-16  1.0426492e-16  1.0000000   -2.1698692e-16  4.4355645e-16  -8.8503501e-17  8.0390770e-16  3.5536726e-16  5.6818452e-16  -1.7815821e-16  -4.2243711e-16  2.5865310e-16  -3.6750734e-16  2.6068438e-17  -2.5214329e-16  6.5510728e-16  1.2105180e-16  -4.9016430e-16  -9.1255484e-16  -1.8676212e-16  -3.8326145e-16  5.0489373e-16  -8.9898800e-16  -1.0926155e-16  2.7170969e-16  3.0601353e-16  3.4609099e-16  -1.4993300e-16  -1.7136070e-17  -5.5128292e-16  2.7685880e-16  -5.4302669e-16  1.0426492e-16  1.0000000   -2.1698692e-16  4.4355645e-16  -8.8503501e-17  8.0390770e-16  3.5536726e-16  5.6818452e-16  -1.7815821e-16  -4.2243711e-16  2.5865310e-16  
3.8014571e-16  6.8313407e-17  -1.6007095e-16  -2.5261427e-16  -4.6855030e-16  -1.5563952e-17  1.3500927e-16  5.5308646e-16  1.7789268e-16  -5.2685534e-17  2.9073904e-16  -1.8093892e-16  -3.0206301e-16  -4.4238698e-17  2.2876828e-16  -3.4529424e-16  -4.5895543e-16  -5.4158452e-16  4.3097164e-16  -6.6607168e-16  5.5016328e-18  -2.1698692e-16  1.0000000   1.6098310e-16  -2.2737544e-16  -1.5084958e-16  5.6055633e-16  -5.8447755e-17  6.8377762e-17  -5.9824524e-16  -1.0943638e-16  3.8014571e-16  6.8313407e-17  -1.6007095e-16  -2.5261427e-16  -4.6855030e-16  -1.5563952e-17  1.3500927e-16  5.5308646e-16  1.7789268e-16  -5.2685534e-17  2.9073904e-16  -1.8093892e-16  -3.0206301e-16  -4.4238698e-17  2.2876828e-16  -3.4529424e-16  -4.5895543e-16  -5.4158452e-16  4.3097164e-16  -6.6607168e-16  5.5016328e-18  -2.1698692e-16  1.0000000   1.6098310e-16  -2.2737544e-16  -1.5084958e-16  5.6055633e-16  -5.8447755e-17  6.8377762e-17  -5.9824524e-16  -1.0943638e-16  
1.0605949e-15  3.2289757e-16  2.9718668e-16  -2.5562463e-17  -2.6550123e-16  5.5803624e-16  2.1799418e-16  8.6554116e-16  -6.3843469e-17  3.9206116e-16  6.3211437e-16  7.2958648e-16  7.4621436e-16  -9.2737179e-17  2.2704709e-16  5.6184489e-16  1.4838267e-16  6.2841649e-16  -2.9159601e-16  3.3571579e-16  -5.8370583e-16  4.4355645e-16  1.6098310e-16  1.0000000   -1.0399863e-16  -8.5885199e-17  -4.6717240e-16  2.9239825e-16  2.7532088e-17  -3.3815016e-17  4.3582818e-16  1.0605949e-15  3.2289757e-16  2.9718668e-16  -2.5562463e-17  -2.6550123e-16  5.5803624e-16  2.1799418e-16  8.6554116e-16  -6.3843469e-17  3.9206116e-16  6.3211437e-16  7.2958648e-16  7.4621436e-16  -9.2737179e-17  2.2704709e-16  5.6184489e-16  1.4838267e-16  6.2841649e-16  -2.9159601e-16  3.3571579e-16  -5.8370583e-16  4.4355645e-16  1.6098310e-16  1.0000000   -1.0399863e-16  -8.5885199e-17  -4.6717240e-16  2.9239825e-16  2.7532088e-17  -3.3815016e-17  4.3582818e-16  
2.2970911e-16  2.3919444e-16  -2.8083637e-16  3.3990739e-16  2.7479565e-16  1.7393878e-16  1.8199789e-16  1.6573691e-16  6.3878128e-16  4.3311898e-17  -1.6051973e-16  -2.9771554e-17  -1.5441444e-17  -2.1434225e-16  3.6987963e-16  3.5058601e-17  3.2604848e-16  -4.6244746e-16  2.8692231e-16  -5.1768039e-16  -5.2310513e-18  -8.8503501e-17  -2.2737544e-16  -1.0399863e-16  1.0000000   -2.7967667e-16  -4.9432116e-16  -4.3872876e-16  -8.4715152e-16  -7.4347364e-17  -6.3792797e-16  2.2970911e-16  2.3919444e-16  -2.8083637e-16  3.3990739e-16  2.7479565e-16  1.7393878e-16  1.8199789e-16  1.6573691e-16  6.3878128e-16  4.3311898e-17  -1.6051973e-16  -2.9771554e-17  -1.5441444e-17  -2.1434225e-16  3.6987963e-16  3.5058601e-17  3.2604848e-16  -4.6244746e-16  2.8692231e-16  -5.1768039e-16  -5.2310513e-18  -8.8503501e-17  -2.2737544e-16  -1.0399863e-16  1.0000000   -2.7967667e-16  -4.9432116e-16  -4.3872876e-16  -8.4715152e-16  -7.4347364e-17  -6.3792797e-16  
-2.8962483e-16  6.3098091e-16  7.0890543e-16  -9.7496306e-16  -4.0794669e-16  -2.8563424e-16  -9.9675111e-17  3.8709787e-16  1.1336324e-16  9.7413752e-18  1.6347504e-16  2.4508515e-17  -1.0548910e-16  -4.2471428e-16  1.9995225e-16  6.8075967e-16  3.7095110e-17  -2.0777109e-16  6.8547937e-16  1.1786607e-16  2.3626998e-16  8.0390770e-16  -1.5084958e-16  -8.5885199e-17  -2.7967667e-16  1.0000000   3.6377236e-16  -3.2434612e-17  -4.6610213e-16  -6.9764389e-16  2.8937237e-16  -2.8962483e-16  6.3098091e-16  7.0890543e-16  -9.7496306e-16  -4.0794669e-16  -2.8563424e-16  -9.9675111e-17  3.8709787e-16  1.1336324e-16  9.7413752e-18  1.6347504e-16  2.4508515e-17  -1.0548910e-16  -4.2471428e-16  1.9995225e-16  6.8075967e-16  3.7095110e-17  -2.0777109e-16  6.8547937e-16  1.1786607e-16  2.3626998e-16  8.0390770e-16  -1.5084958e-16  -8.5885199e-17  -2.7967667e-16  1.0000000   3.6377236e-16  -3.2434612e-17  -4.6610213e-16  -6.9764389e-16  2.8937237e-16  
-7.4254545e-16  -2.4994513e-16  -2.8951715e-17  2.4083237e-16  -1.8270066e-16  -3.3697321e-16  -2.4490775e-16  -3.3779002e-16  6.3275340e-17  -3.7950305e-17  -4.0912142e-16  -9.5176222e-17  -3.0142017e-16  5.8380178e-17  -3.5541606e-16  -1.2484566e-16  -4.3347582e-16  -1.9597209e-16  -4.9673619e-16  4.7344139e-17  3.6532351e-16  3.5536726e-16  5.6055633e-16  -4.6717240e-16  -4.9432116e-16  3.6377236e-16  1.0000000   7.0745456e-17  -8.0035430e-17  2.5018918e-17  -3.4468843e-16  -7.4254545e-16  -2.4994513e-16  -2.8951715e-17  2.4083237e-16  -1.8270066e-16  -3.3697321e-16  -2.4490775e-16  -3.3779002e-16  6.3275340e-17  -3.7950305e-17  -4.0912142e-16  -9.5176222e-17  -3.0142017e-16  5.8380178e-17  -3.5541606e-16  -1.2484566e-16  -4.3347582e-16  -1.9597209e-16  -4.9673619e-16  4.7344139e-17  3.6532351e-16  3.5536726e-16  5.6055633e-16  -4.6717240e-16  -4.9432116e-16  3.6377236e-16  1.0000000   7.0745456e-17  -8.0035430e-17  2.5018918e-17  -3.4468843e-16  
-1.4539610e-16  1.0471133e-16  6.9106972e-16  -6.7388773e-16  -3.0075026e-16  -2.9956199e-16  4.6858251e-16  -3.5808966e-16  3.7460768e-16  -2.2898194e-16  6.3547680e-16  4.6700527e-16  3.4059929e-17  3.1118380e-16  7.5196607e-17  1.7247616e-16  -3.1746443e-16  -3.9525331e-16  9.4028184e-17  -2.7919973e-16  -8.2834778e-16  5.6818452e-16  -5.8447755e-17  2.9239825e-16  -4.3872876e-16  -3.2434612e-17  7.0745456e-17  1.0000000   -5.9494204e-16  -4.0443711e-16  -2.8632609e-17  -1.4539610e-16  1.0471133e-16  6.9106972e-16  -6.7388773e-16  -3.0075026e-16  -2.9956199e-16  4.6858251e-16  -3.5808966e-16  3.7460768e-16  -2.2898194e-16  6.3547680e-16  4.6700527e-16  3.4059929e-17  3.1118380e-16  7.5196607e-17  1.7247616e-16  -3.1746443e-16  -3.9525331e-16  9.4028184e-17  -2.7919973e-16  -8.2834778e-16  5.6818452e-16  -5.8447755e-17  2.9239825e-16  -4.3872876e-16  -3.2434612e-17  7.0745456e-17  1.0000000   -5.9494204e-16  -4.0443711e-16  -2.8632609e-17  
2.1819606e-16  3.0537182e-16  -4.5508474e-16  9.4086094e-17  -1.1520892e-15  -6.4280514e-17  -5.2242023e-16  -4.7356858e-16  1.0835214e-16  -1.3027559e-16  -6.0771068e-16  -6.4880253e-16  -4.4518231e-16  1.4066111e-16  7.0694584e-16  4.5722678e-17  3.4618604e-16  6.3716098e-16  1.1160911e-16  -2.0253517e-20  -2.5633685e-16  -1.7815821e-16  6.8377762e-17  2.7532088e-17  -8.4715152e-16  -4.6610213e-16  -8.0035430e-17  -5.9494204e-16  1.0000000   5.4492005e-16  1.7661519e-16  2.1819606e-16  3.0537182e-16  -4.5508474e-16  9.4086094e-17  -1.1520892e-15  -6.4280514e-17  -5.2242023e-16  -4.7356858e-16  1.0835214e-16  -1.3027559e-16  -6.0771068e-16  -6.4880253e-16  -4.4518231e-16  1.4066111e-16  7.0694584e-16  4.5722678e-17  3.4618604e-16  6.3716098e-16  1.1160911e-16  -2.0253517e-20  -2.5633685e-16  -1.7815821e-16  6.8377762e-17  2.7532088e-17  -8.4715152e-16  -4.6610213e-16  -8.0035430e-17  -5.9494204e-16  1.0000000   5.4492005e-16  1.7661519e-16  
2.0425401e-16  -5.6631192e-16  7.3647080e-17  4.8164179e-17  4.9155657e-16  -4.8796259e-16  -2.3562704e-16  6.5103372e-17  -4.2853100e-16  -8.7878015e-16  -1.0005125e-15  -4.0795430e-16  3.9546248e-18  -1.9498657e-16  1.3199956e-17  3.9177881e-17  2.5282637e-16  -3.4936077e-16  3.5526508e-16  -3.1847979e-16  -1.4872756e-16  -4.2243711e-16  -5.9824524e-16  -3.3815016e-17  -7.4347364e-17  -6.9764389e-16  2.5018918e-17  -4.0443711e-16  5.4492005e-16  1.0000000   -5.5691212e-17  2.0425401e-16  -5.6631192e-16  7.3647080e-17  4.8164179e-17  4.9155657e-16  -4.8796259e-16  -2.3562704e-16  6.5103372e-17  -4.2853100e-16  -8.7878015e-16  -1.0005125e-15  -4.0795430e-16  3.9546248e-18  -1.9498657e-16  1.3199956e-17  3.9177881e-17  2.5282637e-16  -3.4936077e-16  3.5526508e-16  -3.1847979e-16  -1.4872756e-16  -4.2243711e-16  -5.9824524e-16  -3.3815016e-17  -7.4347364e-17  -6.9764389e-16  2.5018918e-17  -4.0443711e-16  5.4492005e-16  1.0000000   -5.5691212e-17  
-2.3998415e-16  -1.5359868e-16  2.3314257e-16  -6.2537751e-16  -1.7205606e-16  -3.2472960e-16  7.9173933e-16  2.5148244e-16  1.9858297e-16  4.3303364e-16  3.3640621e-16  7.2036459e-16  2.0385101e-16  2.0488427e-16  2.2602736e-16  -3.0252866e-16  7.6651370e-18  -1.9414148e-16  -5.4107040e-16  8.8382925e-18  -4.3798902e-16  2.5865310e-16  -1.0943638e-16  4.3582818e-16  -6.3792797e-16  2.8937237e-16  -3.4468843e-16  -2.8632609e-17  1.7661519e-16  -5.5691212e-17  1.0000000   -2.3998415e-16  -1.5359868e-16  2.3314257e-16  -6.2537751e-16  -1.7205606e-16  -3.2472960e-16  7.9173933e-16  2.5148244e-16  1.9858297e-16  4.3303364e-16  3.3640621e-16  7.2036459e-16  2.0385101e-16  2.0488427e-16  2.2602736e-16  -3.0252866e-16  7.6651370e-18  -1.9414148e-16  -5.4107040e-16  8.8382925e-18  -4.3798902e-16  2.5865310e-16  -1.0943638e-16  4.3582818e-16  -6.3792797e-16  2.8937237e-16  -3.4468843e-16  -2.8632609e-17  1.7661519e-16  -5.5691212e-17  1.0000000   
1.0000000   3.7568052e-17  1.1282095e-16  1.0002380e-15  2.0936696e-16  4.0689351e-16  1.9994548e-16  -2.2045598e-16  9.0773074e-16  -2.6911754e-16  9.4125845e-17  -4.5485238e-16  -4.6444350e-16  -9.8589992e-16  4.0015161e-16  2.2497184e-16  5.3555649e-16  1.7535870e-16  1.5831952e-16  5.1783793e-16  7.2218227e-16  -3.6750734e-16  3.8014571e-16  1.0605949e-15  2.2970911e-16  -2.8962483e-16  -7.4254545e-16  -1.4539610e-16  2.1819606e-16  2.0425401e-16  -2.3998415e-16  1.0000000   3.7568052e-17  1.1282095e-16  1.0002380e-15  2.0936696e-16  4.0689351e-16  1.9994548e-16  -2.2045598e-16  9.0773074e-16  -2.6911754e-16  9.4125845e-17  -4.5485238e-16  -4.6444350e-16  -9.8589992e-16  4.0015161e-16  2.2497184e-16  5.3555649e-16  1.7535870e-16  1.5831952e-16  5.1783793e-16  7.2218227e-16  -3.6750734e-16  3.8014571e-16  1.0605949e-15  2.2970911e-16  -2.8962483e-16  -7.4254545e-16  -1.4539610e-16  2.1819606e-16  2.0425401e-16  -2.3998415e-16  
3.7568052e-17  1.0000000   -6.9935619e-17  -8.1324877e-17  3.1899625e-18  3.5684851e-16  5.4579272e-16  -4.8288211e-16  -6.1996242e-16  -3.2718634e-16  2.4525372e-16  9.5410526e-17  2.1763672e-16  -2.7284628e-16  5.1546886e-16  -4.7184762e-16  -6.0552480e-16  -5.5036202e-16  1.0341885e-17  1.3141191e-16  6.6921511e-17  2.6068438e-17  6.8313407e-17  3.2289757e-16  2.3919444e-16  6.3098091e-16  -2.4994513e-16  1.0471133e-16  3.0537182e-16  -5.6631192e-16  -1.5359868e-16  3.7568052e-17  1.0000000   -6.9935619e-17  -8.1324877e-17  3.1899625e-18  3.5684851e-16  5.4579272e-16  -4.8288211e-16  -6.1996242e-16  -3.2718634e-16  2.4525372e-16  9.5410526e-17  2.1763672e-16  -2.7284628e-16  5.1546886e-16  -4.7184762e-16  -6.0552480e-16  -5.5036202e-16  1.0341885e-17  1.3141191e-16  6.6921511e-17  2.6068438e-17  6.8313407e-17  3.2289757e-16  2.3919444e-16  6.3098091e-16  -2.4994513e-16  1.0471133e-16  3.0537182e-16  -5.6631192e-16  -1.5359868e-16  
1.1282095e-16  -6.9935619e-17  1.0000000   2.3409550e-16  -5.0593083e-17  -6.4660426e-17  1.6498067e-16  -2.6020885e-16  -2.1229076e-16  3.4384854e-16  -4.8964492e-16  -2.2625742e-16  5.8503817e-16  1.0165221e-16  5.6338756e-16  5.9090307e-16  -5.3158337e-16  -5.7069250e-16  -1.3722058e-16  -4.4004285e-16  3.4548530e-16  -2.5214329e-16  -1.6007095e-16  2.9718668e-16  -2.8083637e-16  7.0890543e-16  -2.8951715e-17  6.9106972e-16  -4.5508474e-16  7.3647080e-17  2.3314257e-16  1.1282095e-16  -6.9935619e-17  1.0000000   2.3409550e-16  -5.0593083e-17  -6.4660426e-17  1.6498067e-16  -2.6020885e-16  -2.1229076e-16  3.4384854e-16  -4.8964492e-16  -2.2625742e-16  5.8503817e-16  1.0165221e-16  5.6338756e-16  5.9090307e-16  -5.3158337e-16  -5.7069250e-16  -1.3722058e-16  -4.4004285e-16  3.4548530e-16  -2.5214329e-16  -1.6007095e-16  2.9718668e-16  -2.8083637e-16  7.0890543e-16  -2.8951715e-17  6.9106972e-16  -4.5508474e-16  7.3647080e-17  2.3314257e-16  
1.0002380e-15  -8.1324877e-17  2.3409550e-16  1.0000000   1.6803517e-16  3.1240338e-16  3.1156254e-16  2.5383792e-16  -2.5330657e-16  -2.0343247e-16  -8.6055091e-16  -5.0184135e-16  1.5622383e-16  -7.5022909e-17  -7.1324201e-17  -9.4314538e-17  2.6081091e-16  -1.2087791e-17  1.8081073e-16  1.4360641e-16  6.9101355e-17  6.5510728e-16  -2.5261427e-16  -2.5562463e-17  3.3990739e-16  -9.7496306e-16  2.4083237e-16  -6.7388773e-16  9.4086094e-17  4.8164179e-17  -6.2537751e-16  1.0002380e-15  -8.1324877e-17  2.3409550e-16  1.0000000   1.6803517e-16  3.1240338e-16  3.1156254e-16  2.5383792e-16  -2.5330657e-16  -2.0343247e-16  -8.6055091e-16  -5.0184135e-16  1.5622383e-16  -7.5022909e-17  -7.1324201e-17  -9.4314538e-17  2.6081091e-16  -1.2087791e-17  1.8081073e-16  1.4360641e-16  6.9101355e-17  6.5510728e-16  -2.5261427e-16  -2.5562463e-17  3.3990739e-16  -9.7496306e-16  2.4083237e-16  -6.7388773e-16  9.4086094e-17  4.8164179e-17  -6.2537751e-16  
2.0936696e-16  3.1899625e-18  -5.0593083e-17  1.6803517e-16  1.0000000   1.9521263e-16  -5.9860174e-17  2.3158869e-16  4.2244509e-17  -3.4056925e-16  -1.0320544e-15  -3.7118885e-16  1.2747158e-15  -2.2577382e-17  -2.8989584e-16  4.2987635e-16  -1.6915950e-16  -5.7306766e-16  2.4459245e-17  5.6904052e-16  -2.0510822e-16  1.2105180e-16  -4.6855030e-16  -2.6550123e-16  2.7479565e-16  -4.0794669e-16  -1.8270066e-16  -3.0075026e-16  -1.1520892e-15  4.9155657e-16  -1.7205606e-16  2.0936696e-16  3.1899625e-18  -5.0593083e-17  1.6803517e-16  1.0000000   1.9521263e-16  -5.9860174e-17  2.3158869e-16  4.2244509e-17  -3.4056925e-16  -1.0320544e-15  -3.7118885e-16  1.2747158e-15  -2.2577382e-17  -2.8989584e-16  4.2987635e-16  -1.6915950e-16  -5.7306766e-16  2.4459245e-17  5.6904052e-16  -2.0510822e-16  1.2105180e-16  -4.6855030e-16  -2.6550123e-16  2.7479565e-16  -4.0794669e-16  -1.8270066e-16  -3.0075026e-16  -1.1520892e-15  4.9155657e-16  -1.7205606e-16  
4.0689351e-16  3.5684851e-16  -6.4660426e-17  3.1240338e-16  1.9521263e-16  1.0000000   6.1380262e-16  -7.8957597e-17  -6.7453666e-16  -1.1529651e-15  2.4222585e-16  -2.4539221e-17  -1.1823387e-16  2.8164037e-17  7.0488091e-16  5.5241146e-16  6.6421097e-16  -2.6853692e-16  4.7891777e-16  2.8379421e-16  7.3289082e-16  -4.9016430e-16  -1.5563952e-17  5.5803624e-16  1.7393878e-16  -2.8563424e-16  -3.3697321e-16  -2.9956199e-16  -6.4280514e-17  -4.8796259e-16  -3.2472960e-16  4.0689351e-16  3.5684851e-16  -6.4660426e-17  3.1240338e-16  1.9521263e-16  1.0000000   6.1380262e-16  -7.8957597e-17  -6.7453666e-16  -1.1529651e-15  2.4222585e-16  -2.4539221e-17  -1.1823387e-16  2.8164037e-17  7.0488091e-16  5.5241146e-16  6.6421097e-16  -2.6853692e-16  4.7891777e-16  2.8379421e-16  7.3289082e-16  -4.9016430e-16  -1.5563952e-17  5.5803624e-16  1.7393878e-16  -2.8563424e-16  -3.3697321e-16  -2.9956199e-16  -6.4280514e-17  -4.8796259e-16  -3.2472960e-16  
1.9994548e-16  5.4579272e-16  1.6498067e-16  3.1156254e-16  -5.9860174e-17  6.1380262e-16  1.0000000   -2.8586927e-16  -3.6230480e-16  9.9113950e-16  4.0549507e-16  5.7511780e-16  -4.2108755e-16  -5.4116380e-16  2.0440623e-16  1.5024592e-16  6.3309364e-16  -3.8139504e-16  1.5088408e-16  3.6022038e-16  1.6406015e-16  -9.1255484e-16  1.3500927e-16  2.1799418e-16  1.8199789e-16  -9.9675111e-17  -2.4490775e-16  4.6858251e-16  -5.2242023e-16  -2.3562704e-16  7.9173933e-16  1.9994548e-16  5.4579272e-16  1.6498067e-16  3.1156254e-16  -5.9860174e-17  6.1380262e-16  1.0000000   -2.8586927e-16  -3.6230480e-16  9.9113950e-16  4.0549507e-16  5.7511780e-16  -4.2108755e-16  -5.4116380e-16  2.0440623e-16  1.5024592e-16  6.3309364e-16  -3.8139504e-16  1.5088408e-16  3.6022038e-16  1.6406015e-16  -9.1255484e-16  1.3500927e-16  2.1799418e-16  1.8199789e-16  -9.9675111e-17  -2.4490775e-16  4.6858251e-16  -5.2242023e-16  -2.3562704e-16  7.9173933e-16  
-2.2045598e-16  -4.8288211e-16  -2.6020885e-16  2.5383792e-16  2.3158869e-16  -7.8957597e-17  -2.8586927e-16  1.0000000   -4.7249806e-16  7.3718911e-16  -5.6928086e-16  5.6482981e-17  8.7010824e-16  1.7722944e-16  4.5668531e-16  1.7218283e-16  -3.6903952e-16  -8.1839522e-16  6.1816502e-16  3.7362731e-17  -2.0420379e-16  -1.8676212e-16  5.5308646e-16  8.6554116e-16  1.6573691e-16  3.8709787e-16  -3.3779002e-16  -3.5808966e-16  -4.7356858e-16  6.5103372e-17  2.5148244e-16  -2.2045598e-16  -4.8288211e-16  -2.6020885e-16  2.5383792e-16  2.3158869e-16  -7.8957597e-17  -2.8586927e-16  1.0000000   -4.7249806e-16  7.3718911e-16  -5.6928086e-16  5.6482981e-17  8.7010824e-16  1.7722944e-16  4.5668531e-16  1.7218283e-16  -3.6903952e-16  -8.1839522e-16  6.1816502e-16  3.7362731e-17  -2.0420379e-16  -1.8676212e-16  5.5308646e-16  8.6554116e-16  1.6573691e-16  3.8709787e-16  -3.3779002e-16  -3.5808966e-16  -4.7356858e-16  6.5103372e-17  2.5148244e-16  
9.0773074e-16  -6.1996242e-16  -2.1229076e-16  -2.5330657e-16  4.2244509e-17  -6.7453666e-16  -3.6230480e-16  -4.7249806e-16  1.0000000   -6.5706854e-16  1.9438877e-16  2.0869719e-16  -3.9868024e-16  -1.6163825e-16  -3.0545530e-18  -5.9368584e-17  -1.5767640e-16  9.4689651e-17  5.4936840e-17  4.7173017e-17  -4.4212799e-17  -3.8326145e-16  1.7789268e-16  -6.3843469e-17  6.3878128e-16  1.1336324e-16  6.3275340e-17  3.7460768e-16  1.0835214e-16  -4.2853100e-16  1.9858297e-16  9.0773074e-16  -6.1996242e-16  -2.1229076e-16  -2.5330657e-16  4.2244509e-17  -6.7453666e-16  -3.6230480e-16  -4.7249806e-16  1.0000000   -6.5706854e-16  1.9438877e-16  2.0869719e-16  -3.9868024e-16  -1.6163825e-16  -3.0545530e-18  -5.9368584e-17  -1.5767640e-16  9.4689651e-17  5.4936840e-17  4.7173017e-17  -4.4212799e-17  -3.8326145e-16  1.7789268e-16  -6.3843469e-17  6.3878128e-16  1.1336324e-16  6.3275340e-17  3.7460768e-16  1.0835214e-16  -4.2853100e-16  1.9858297e-16  
-2.6911754e-16  -3.2718634e-16  3.4384854e-16  -2.0343247e-16  -3.4056925e-16  -1.1529651e-15  9.9113950e-16  7.3718911e-16  -6.5706854e-16  1.0000000   2.9163123e-16  2.0767432e-16  9.5382167e-17  -1.8726363e-16  1.9795045e-16  1.4015210e-16  -7.2657076e-16  -1.3129465e-16  4.2270772e-16  3.4159183e-16  -3.0102152e-16  5.0489373e-16  -5.2685534e-17  3.9206116e-16  4.3311898e-17  9.7413752e-18  -3.7950305e-17  -2.2898194e-16  -1.3027559e-16  -8.7878015e-16  4.3303364e-16  -2.6911754e-16  -3.2718634e-16  3.4384854e-16  -2.0343247e-16  -3.4056925e-16  -1.1529651e-15  9.9113950e-16  7.3718911e-16  -6.5706854e-16  1.0000000   2.9163123e-16  2.0767432e-16  9.5382167e-17  -1.8726363e-16  1.9795045e-16  1.4015210e-16  -7.2657076e-16  -1.3129465e-16  4.2270772e-16  3.4159183e-16  -3.0102152e-16  5.0489373e-16  -5.2685534e-17  3.9206116e-16  4.3311898e-17  9.7413752e-18  -3.7950305e-17  -2.2898194e-16  -1.3027559e-16  -8.7878015e-16  4.3303364e-16  
