1.0000000   3.4805299e-16  1.3175243e-16  -7.7885204e-16  2.9160937e-16  5.0172574e-16  2.6740666e-16  -4.7243608e-16  -1.9424725e-16  -1.9252872e-16  -2.7025548e-16  -4.3265768e-17  -2.6462441e-16  -7.0995274e-16  1.7597927e-17  8.0803861e-16  9.2645656e-17  1.8678472e-16  -1.9607039e-17  -6.5717820e-16  1.1427566e-15  -1.8446154e-17  3.3666680e-16  6.7612971e-16  4.6718331e-16  -1.2688030e-15  7.1656677e-16  5.4134878e-16  4.2607147e-17  2.7951484e-16  -7.0567675e-16  1.0000000   3.4805299e-16  1.3175243e-16  -7.7885204e-16  2.9160937e-16  5.0172574e-16  2.6740666e-16  -4.7243608e-16  -1.9424725e-16  -1.9252872e-16  -2.7025548e-16  -4.3265768e-17  -2.6462441e-16  -7.0995274e-16  1.7597927e-17  8.0803861e-16  9.2645656e-17  1.8678472e-16  -1.9607039e-17  -6.5717820e-16  1.1427566e-15  -1.8446154e-17  3.3666680e-16  6.7612971e-16  4.6718331e-16  -1.2688030e-15  7.1656677e-16  5.4134878e-16  4.2607147e-17  2.7951484e-16  -7.0567675e-16  
3.4805299e-16  1.0000000   -5.2221658e-16  4.2733694e-16  -1.7999521e-16  -2.9092725e-16  -8.1090352e-16  7.9753763e-16  1.5083226e-15  -2.1360040e-17  -4.1221744e-16  -6.6118421e-16  -7.0825441e-16  7.0045704e-16  -8.4006561e-16  6.1273591e-16  -5.7447750e-17  -2.2089374e-16  7.8048965e-16  1.8882138e-16  4.4183400e-16  -7.5070434e-16  6.7100763e-16  1.9434397e-16  5.5764110e-16  -5.1751407e-16  -8.7439781e-16  4.2880300e-16  -3.2063045e-16  1.2024073e-16  3.6307299e-16  3.4805299e-16  1.0000000   -5.2221658e-16  4.2733694e-16  -1.7999521e-16  -2.9092725e-16  -8.1090352e-16  7.9753763e-16  1.5083226e-15  -2.1360040e-17  -4.1221744e-16  -6.6118421e-16  -7.0825441e-16  7.0045704e-16  -8.4006561e-16  6.1273591e-16  -5.7447750e-17  -2.2089374e-16  7.8048965e-16  1.8882138e-16  4.4183400e-16  -7.5070434e-16  6.7100763e-16  1.9434397e-16  5.5764110e-16  -5.1751407e-16  -8.7439781e-16  4.2880300e-16  -3.2063045e-16  1.2024073e-16  3.6307299e-16  
1.3175243e-16  -5.2221658e-16  1.0000000   -8.2560826e-16  2.4428403e-16  5.2381433e-16  -7.3329190e-16  -2.2344077e-16  -9.6191980e-17  3.4290833e-16  -1.0058145e-16  4.2897156e-17  -4.0271242e-16  -7.9580479e-16  7.1444682e-16  -3.7428943e-17  -4.2281837e-17  4.8876711e-16  4.0103306e-16  1.2669553e-16  9.5836921e-17  -7.2365896e-17  7.6004695e-16  4.0638582e-16  -2.2719012e-19  -1.1141572e-16  2.7525726e-16  1.3176531e-16  1.5959015e-16  5.5954403e-16  -6.9125320e-17  1.3175243e-16  -5.2221658e-16  1.0000000   -8.2560826e-16  2.4428403e-16  5.2381433e-16  -7.3329190e-16  -2.2344077e-16  -9.6191980e-17  3.4290833e-16  -1.0058145e-16  4.2897156e-17  -4.0271242e-16  -7.9580479e-16  7.1444682e-16  -3.7428943e-17  -4.2281837e-17  4.8876711e-16  4.0103306e-16  1.2669553e-16  9.5836921e-17  -7.2365896e-17  7.6004695e-16  4.0638582e-16  -2.2719012e-19  -1.1141572e-16  2.7525726e-16  1.3176531e-16  1.5959015e-16  5.5954403e-16  -6.9125320e-17  
-7.7885204e-16  4.2733694e-16  -8.2560826e-16  1.0000000   -1.3177133e-16  -8.9938171e-16  -1.8308997e-15  5.1248905e-16  -2.2686980e-16  -5.4945960e-16  3.1380060e-16  3.8741480e-16  -6.5348441e-16  3.7669819e-16  -6.0890743e-16  -6.8625684e-16  -2.3953261e-16  -6.2363957e-16  -4.0218866e-16  -1.5361090e-16  -7.1312306e-17  4.4154568e-16  -5.2159405e-16  5.1290238e-17  1.6199511e-16  4.2421514e-16  3.5582108e-16  -2.4143714e-16  3.9026860e-16  6.5898020e-16  2.0902280e-16  -7.7885204e-16  4.2733694e-16  -8.2560826e-16  1.0000000   -1.3177133e-16  -8.9938171e-16  -1.8308997e-15  5.1248905e-16  -2.2686980e-16  -5.4945960e-16  3.1380060e-16  3.8741480e-16  -6.5348441e-16  3.7669819e-16  -6.0890743e-16  -6.8625684e-16  -2.3953261e-16  -6.2363957e-16  -4.0218866e-16  -1.5361090e-16  -7.1312306e-17  4.4154568e-16  -5.2159405e-16  5.1290238e-17  1.6199511e-16  4.2421514e-16  3.5582108e-16  -2.4143714e-16  3.9026860e-16  6.5898020e-16  2.0902280e-16  
2.9160937e-16  -1.7999521e-16  2.4428403e-16  -1.3177133e-16  1.0000000   4.8394255e-16  -4.9717318e-16  -7.7213160e-16  -4.6167283e-16  -2.5346652e-16  -2.9790473e-16  -2.5242021e-16  -2.0908613e-16  -2.3113013e-16  3.9090962e-16  7.6897871e-16  2.4916221e-16  1.9553914e-16  -1.2833587e-16  -3.3031891e-16  -2.0830839e-16  -5.8693355e-16  -1.1318577e-16  7.3173285e-17  1.5396064e-16  5.6116237e-17  -3.7664483e-16  2.8916609e-16  -1.9820669e-16  2.3778283e-16  2.3576070e-16  2.9160937e-16  -1.7999521e-16  2.4428403e-16  -1.3177133e-16  1.0000000   4.8394255e-16  -4.9717318e-16  -7.7213160e-16  -4.6167283e-16  -2.5346652e-16  -2.9790473e-16  -2.5242021e-16  -2.0908613e-16  -2.3113013e-16  3.9090962e-16  7.6897871e-16  2.4916221e-16  1.9553914e-16  -1.2833587e-16  -3.3031891e-16  -2.0830839e-16  -5.8693355e-16  -1.1318577e-16  7.3173285e-17  1.5396064e-16  5.6116237e-17  -3.7664483e-16  2.8916609e-16  -1.9820669e-16  2.3778283e-16  2.3576070e-16  
5.0172574e-16  -2.9092725e-16  5.2381433e-16  -8.9938171e-16  4.8394255e-16  1.0000000   6.6140642e-16  -1.0316686e-15  -7.0727255e-16  2.6435014e-16  6.9903803e-17  5.9593403e-16  3.6212906e-16  4.5561765e-16  2.9309364e-16  8.5436261e-16  3.3347027e-16  -3.8402769e-16  5.6937140e-16  -9.2458907e-16  1.1651689e-15  3.9684525e-16  -5.3633502e-16  8.5459712e-16  2.7377654e-16  -7.2278946e-16  5.1655352e-16  3.4918227e-16  2.5029758e-16  -3.3194188e-16  -3.5775120e-16  5.0172574e-16  -2.9092725e-16  5.2381433e-16  -8.9938171e-16  4.8394255e-16  1.0000000   6.6140642e-16  -1.0316686e-15  -7.0727255e-16  2.6435014e-16  6.9903803e-17  5.9593403e-16  3.6212906e-16  4.5561765e-16  2.9309364e-16  8.5436261e-16  3.3347027e-16  -3.8402769e-16  5.6937140e-16  -9.2458907e-16  1.1651689e-15  3.9684525e-16  -5.3633502e-16  8.5459712e-16  2.7377654e-16  -7.2278946e-16  5.1655352e-16  3.4918227e-16  2.5029758e-16  -3.3194188e-16  -3.5775120e-16  
2.6740666e-16  -8.1090352e-16  -7.3329190e-16  -1.8308997e-15  -4.9717318e-16  6.6140642e-16  1.0000000   -4.9634958e-16  4.7279662e-16  -8.8065026e-16  1.6352950e-17  -4.0966312e-16  8.7009809e-16  -9.2600835e-17  4.5321682e-16  -5.7002241e-16  9.6287089e-16  7.8053620e-17  6.3286864e-17  -2.6731966e-16  4.6590507e-16  6.9391006e-16  3.1542215e-16  -1.5835406e-16  1.2017310e-15  -1.1243433e-16  8.1687133e-16  -3.7111707e-16  3.0178283e-16  8.8291038e-17  4.8031847e-16  2.6740666e-16  -8.1090352e-16  -7.3329190e-16  -1.8308997e-15  -4.9717318e-16  6.6140642e-16  1.0000000   -4.9634958e-16  4.7279662e-16  -8.8065026e-16  1.6352950e-17  -4.0966312e-16  8.7009809e-16  -9.2600835e-17  4.5321682e-16  -5.7002241e-16  9.6287089e-16  7.8053620e-17  6.3286864e-17  -2.6731966e-16  4.6590507e-16  6.9391006e-16  3.1542215e-16  -1.5835406e-16  1.2017310e-15  -1.1243433e-16  8.1687133e-16  -3.7111707e-16  3.0178283e-16  8.8291038e-17  4.8031847e-16  
-4.7243608e-16  7.9753763e-16  -2.2344077e-16  5.1248905e-16  -7.7213160e-16  -1.0316686e-15  -4.9634958e-16  1.0000000   -1.7861389e-16  -7.2260065e-16  -8.1056327e-17  -8.5488645e-16  -2.7423466e-17  1.3439314e-16  -1.3302062e-16  -1.2341907e-16  -4.5014666e-17  -5.1518368e-16  -4.5606732e-16  3.5571504e-16  -7.6761394e-16  -3.6509665e-16  9.4868183e-17  -1.9301787e-16  -6.1198673e-16  -1.3373073e-16  2.8641475e-16  -6.1556756e-16  -6.5042068e-16  -2.8650455e-16  2.5334873e-16  -4.7243608e-16  7.9753763e-16  -2.2344077e-16  5.1248905e-16  -7.7213160e-16  -1.0316686e-15  -4.9634958e-16  1.0000000   -1.7861389e-16  -7.2260065e-16  -8.1056327e-17  -8.5488645e-16  -2.7423466e-17  1.3439314e-16  -1.3302062e-16  -1.2341907e-16  -4.5014666e-17  -5.1518368e-16  -4.5606732e-16  3.5571504e-16  -7.6761394e-16  -3.6509665e-16  9.4868183e-17  -1.9301787e-16  -6.1198673e-16  -1.3373073e-16  2.8641475e-16  -6.1556756e-16  -6.5042068e-16  -2.8650455e-16  2.5334873e-16  
-1.9424725e-16  1.5083226e-15  -9.6191980e-17  -2.2686980e-16  -4.6167283e-16  -7.0727255e-16  4.7279662e-16  -1.7861389e-16  1.0000000   -6.1687659e-16  -6.2192082e-16  4.6606141e-16  -2.9450907e-16  -4.5232804e-16  7.1820413e-16  -1.4089035e-16  2.7828236e-16  -4.2319255e-16  -5.9891708e-17  9.6599848e-17  -9.0605805e-16  -1.0634106e-16  -2.6745926e-16  -8.8427257e-16  -5.5377593e-16  1.5762244e-16  3.4747618e-17  1.4186296e-16  -8.2558024e-16  -1.2234359e-17  -2.3943081e-16  -1.9424725e-16  1.5083226e-15  -9.6191980e-17  -2.2686980e-16  -4.6167283e-16  -7.0727255e-16  4.7279662e-16  -1.7861389e-16  1.0000000   -6.1687659e-16  -6.2192082e-16  4.6606141e-16  -2.9450907e-16  -4.5232804e-16  7.1820413e-16  -1.4089035e-16  2.7828236e-16  -4.2319255e-16  -5.9891708e-17  9.6599848e-17  -9.0605805e-16  -1.0634106e-16  -2.6745926e-16  -8.8427257e-16  -5.5377593e-16  1.5762244e-16  3.4747618e-17  1.4186296e-16  -8.2558024e-16  -1.2234359e-17  -2.3943081e-16  
-1.9252872e-16  -2.1360040e-17  3.4290833e-16  -5.4945960e-16  -2.5346652e-16  2.6435014e-16  -8.8065026e-16  -7.2260065e-16  -6.1687659e-16  1.0000000   5.6405616e-16  -6.4373842e-16  -3.9480320e-16  -3.7201315e-17  7.2472554e-16  1.2080516e-15  3.5470484e-16  1.9979037e-16  9.3900438e-17  -6.3879121e-16  6.9631449e-17  1.1477565e-16  -4.9059534e-16  1.3414647e-16  3.4980403e-16  -9.8453675e-16  -1.6665858e-16  4.2980058e-16  6.5384579e-16  -3.6341670e-16  -1.0291574e-16  -1.9252872e-16  -2.1360040e-17  3.4290833e-16  -5.4945960e-16  -2.5346652e-16  2.6435014e-16  -8.8065026e-16  -7.2260065e-16  -6.1687659e-16  1.0000000   5.6405616e-16  -6.4373842e-16  -3.9480320e-16  -3.7201315e-17  7.2472554e-16  1.2080516e-15  3.5470484e-16  1.9979037e-16  9.3900438e-17  -6.3879121e-16  6.9631449e-17  1.1477565e-16  -4.9059534e-16  1.3414647e-16  3.4980403e-16  -9.8453675e-16  -1.6665858e-16  4.2980058e-16  6.5384579e-16  -3.6341670e-16  -1.0291574e-16  
-2.7025548e-16  -4.1221744e-16  -1.0058145e-16  3.1380060e-16  -2.9790473e-16  6.9903803e-17  1.6352950e-17  -8.1056327e-17  -6.2192082e-16  5.6405616e-16  1.0000000   -9.4182199e-16  1.4424360e-15  1.4969800e-16  8.1870119e-16  -5.0544737e-16  -9.3581300e-17  3.9782817e-17  -9.3941264e-17  -2.2307221e-16  -1.6154926e-16  -5.3596935e-16  -3.4033085e-16  4.5645114e-16  -5.1407210e-16  -4.6642491e-16  -4.6541702e-16  -9.3890982e-17  -5.0321906e-16  9.6356456e-17  2.1949983e-16  -2.7025548e-16  -4.1221744e-16  -1.0058145e-16  3.1380060e-16  -2.9790473e-16  6.9903803e-17  1.6352950e-17  -8.1056327e-17  -6.2192082e-16  5.6405616e-16  1.0000000   -9.4182199e-16  1.4424360e-15  1.4969800e-16  8.1870119e-16  -5.0544737e-16  -9.3581300e-17  3.9782817e-17  -9.3941264e-17  -2.2307221e-16  -1.6154926e-16  -5.3596935e-16  -3.4033085e-16  4.5645114e-16  -5.1407210e-16  -4.6642491e-16  -4.6541702e-16  -9.3890982e-17  -5.0321906e-16  9.6356456e-17  2.1949983e-16  
-4.3265768e-17  -6.6118421e-16  4.2897156e-17  3.8741480e-16  -2.5242021e-16  5.9593403e-16  -4.0966312e-16  -8.5488645e-16  4.6606141e-16  -6.4373842e-16  -9.4182199e-16  1.0000000   8.0429158e-16  4.3761473e-16  -3.0089136e-16  -3.1439534e-16  9.9297170e-16  -3.5832225e-16  -9.2562172e-18  -2.2034307e-16  7.0827664e-17  2.9632252e-16  7.7053677e-17  2.5465593e-16  -1.1446773e-17  -3.7037120e-16  6.9679246e-16  5.5169871e-17  -4.1298226e-16  4.1439167e-16  3.4053431e-16  -4.3265768e-17  -6.6118421e-16  4.2897156e-17  3.8741480e-16  -2.5242021e-16  5.9593403e-16  -4.0966312e-16  -8.5488645e-16  4.6606141e-16  -6.4373842e-16  -9.4182199e-16  1.0000000   8.0429158e-16  4.3761473e-16  -3.0089136e-16  -3.1439534e-16  9.9297170e-16  -3.5832225e-16  -9.2562172e-18  -2.2034307e-16  7.0827664e-17  2.9632252e-16  7.7053677e-17  2.5465593e-16  -1.1446773e-17  -3.7037120e-16  6.9679246e-16  5.5169871e-17  -4.1298226e-16  4.1439167e-16  3.4053431e-16  
-2.6462441e-16  -7.0825441e-16  -4.0271242e-16  -6.5348441e-16  -2.0908613e-16  3.6212906e-16  8.7009809e-16  -2.7423466e-17  -2.9450907e-16  -3.9480320e-16  1.4424360e-15  8.0429158e-16  1.0000000   1.3162996e-15  -1.0684497e-15  5.3951533e-16  -2.2336814e-16  2.4823359e-16  3.0159010e-16  -3.6457641e-16  5.1966941e-16  3.1141424e-16  -8.6147106e-16  2.6724440e-16  -3.9214024e-16  2.1131599e-16  -4.9968581e-16  1.0258223e-15  -1.9154384e-16  -5.6505147e-16  7.6524606e-16  -2.6462441e-16  -7.0825441e-16  -4.0271242e-16  -6.5348441e-16  -2.0908613e-16  3.6212906e-16  8.7009809e-16  -2.7423466e-17  -2.9450907e-16  -3.9480320e-16  1.4424360e-15  8.0429158e-16  1.0000000   1.3162996e-15  -1.0684497e-15  5.3951533e-16  -2.2336814e-16  2.4823359e-16  3.0159010e-16  -3.6457641e-16  5.1966941e-16  3.1141424e-16  -8.6147106e-16  2.6724440e-16  -3.9214024e-16  2.1131599e-16  -4.9968581e-16  1.0258223e-15  -1.9154384e-16  -5.6505147e-16  7.6524606e-16  
-7.0995274e-16  7.0045704e-16  -7.9580479e-16  3.7669819e-16  -2.3113013e-16  4.5561765e-16  -9.2600835e-17  1.3439314e-16  -4.5232804e-16  -3.7201315e-17  1.4969800e-16  4.3761473e-16  1.3162996e-15  1.0000000   2.8644047e-17  -6.9977671e-16  -2.1220612e-16  3.2743373e-16  1.8179243e-16  -9.2819287e-17  -6.6199956e-16  -1.1930332e-17  2.3954971e-16  -3.0298451e-18  4.6533960e-16  3.7172220e-16  -4.9842420e-16  4.8010241e-16  -5.0622846e-16  3.2495466e-16  1.2850684e-15  -7.0995274e-16  7.0045704e-16  -7.9580479e-16  3.7669819e-16  -2.3113013e-16  4.5561765e-16  -9.2600835e-17  1.3439314e-16  -4.5232804e-16  -3.7201315e-17  1.4969800e-16  4.3761473e-16  1.3162996e-15  1.0000000   2.8644047e-17  -6.9977671e-16  -2.1220612e-16  3.2743373e-16  1.8179243e-16  -9.2819287e-17  -6.6199956e-16  -1.1930332e-17  2.3954971e-16  -3.0298451e-18  4.6533960e-16  3.7172220e-16  -4.9842420e-16  4.8010241e-16  -5.0622846e-16  3.2495466e-16  1.2850684e-15  
1.7597927e-17  -8.4006561e-16  7.1444682e-16  -6.0890743e-16  3.9090962e-16  2.9309364e-16  4.5321682e-16  -1.3302062e-16  7.1820413e-16  7.2472554e-16  8.1870119e-16  -3.0089136e-16  -1.0684497e-15  2.8644047e-17  1.0000000   1.0264888e-16  5.5297794e-16  -9.2632241e-16  1.4482560e-16  -6.7492441e-16  4.0632705e-17  1.4148651e-16  -5.1259066e-16  1.8733236e-16  -4.0336699e-16  4.0361964e-16  -1.0296235e-15  5.7814842e-16  2.7139788e-16  2.3837508e-16  -2.1564547e-17  1.7597927e-17  -8.4006561e-16  7.1444682e-16  -6.0890743e-16  3.9090962e-16  2.9309364e-16  4.5321682e-16  -1.3302062e-16  7.1820413e-16  7.2472554e-16  8.1870119e-16  -3.0089136e-16  -1.0684497e-15  2.8644047e-17  1.0000000   1.0264888e-16  5.5297794e-16  -9.2632241e-16  1.4482560e-16  -6.7492441e-16  4.0632705e-17  1.4148651e-16  -5.1259066e-16  1.8733236e-16  -4.0336699e-16  4.0361964e-16  -1.0296235e-15  5.7814842e-16  2.7139788e-16  2.3837508e-16  -2.1564547e-17  
8.0803861e-16  6.1273591e-16  -3.7428943e-17  -6.8625684e-16  7.6897871e-16  8.5436261e-16  -5.7002241e-16  -1.2341907e-16  -1.4089035e-16  1.2080516e-15  -5.0544737e-16  -3.1439534e-16  5.3951533e-16  -6.9977671e-16  1.0264888e-16  1.0000000   6.0830416e-17  1.5042458e-17  -8.5537093e-18  -9.2530598e-16  3.4130884e-16  7.1359408e-16  -4.3698291e-17  4.5319674e-17  -2.5309653e-16  3.5416711e-17  2.4572426e-16  6.7433133e-16  -2.7617126e-16  -9.5148495e-17  -1.8063745e-16  8.0803861e-16  6.1273591e-16  -3.7428943e-17  -6.8625684e-16  7.6897871e-16  8.5436261e-16  -5.7002241e-16  -1.2341907e-16  -1.4089035e-16  1.2080516e-15  -5.0544737e-16  -3.1439534e-16  5.3951533e-16  -6.9977671e-16  1.0264888e-16  1.0000000   6.0830416e-17  1.5042458e-17  -8.5537093e-18  -9.2530598e-16  3.4130884e-16  7.1359408e-16  -4.3698291e-17  4.5319674e-17  -2.5309653e-16  3.5416711e-17  2.4572426e-16  6.7433133e-16  -2.7617126e-16  -9.5148495e-17  -1.8063745e-16  
9.2645656e-17  -5.7447750e-17  -4.2281837e-17  -2.3953261e-16  2.4916221e-16  3.3347027e-16  9.6287089e-16  -4.5014666e-17  2.7828236e-16  3.5470484e-16  -9.3581300e-17  9.9297170e-16  -2.2336814e-16  -2.1220612e-16  5.5297794e-16  6.0830416e-17  1.0000000   -9.9841203e-16  1.1882994e-16  -7.7394119e-16  5.0871450e-16  4.4737456e-16  -4.1833303e-16  -4.4108635e-16  5.2098332e-16  -3.9889253e-16  -8.6892809e-17  4.1902818e-17  3.5313845e-16  6.8060631e-17  -6.6495066e-16  9.2645656e-17  -5.7447750e-17  -4.2281837e-17  -2.3953261e-16  2.4916221e-16  3.3347027e-16  9.6287089e-16  -4.5014666e-17  2.7828236e-16  3.5470484e-16  -9.3581300e-17  9.9297170e-16  -2.2336814e-16  -2.1220612e-16  5.5297794e-16  6.0830416e-17  1.0000000   -9.9841203e-16  1.1882994e-16  -7.7394119e-16  5.0871450e-16  4.4737456e-16  -4.1833303e-16  -4.4108635e-16  5.2098332e-16  -3.9889253e-16  -8.6892809e-17  4.1902818e-17  3.5313845e-16  6.8060631e-17  -6.6495066e-16  
1.8678472e-16  -2.2089374e-16  4.8876711e-16  -6.2363957e-16  1.9553914e-16  -3.8402769e-16  7.8053620e-17  -5.1518368e-16  -4.2319255e-16  1.9979037e-16  3.9782817e-17  -3.5832225e-16  2.4823359e-16  3.2743373e-16  -9.2632241e-16  1.5042458e-17  -9.9841203e-16  1.0000000   -9.7257190e-17  -4.7436553e-16  -5.0962369e-16  3.2976963e-17  5.8297329e-16  1.8443098e-16  -5.9413993e-16  5.0983566e-16  5.8338674e-16  -3.6745522e-16  -1.0492740e-16  3.6908900e-16  3.7623933e-16  1.8678472e-16  -2.2089374e-16  4.8876711e-16  -6.2363957e-16  1.9553914e-16  -3.8402769e-16  7.8053620e-17  -5.1518368e-16  -4.2319255e-16  1.9979037e-16  3.9782817e-17  -3.5832225e-16  2.4823359e-16  3.2743373e-16  -9.2632241e-16  1.5042458e-17  -9.9841203e-16  1.0000000   -9.7257190e-17  -4.7436553e-16  -5.0962369e-16  3.2976963e-17  5.8297329e-16  1.8443098e-16  -5.9413993e-16  5.0983566e-16  5.8338674e-16  -3.6745522e-16  -1.0492740e-16  3.6908900e-16  3.7623933e-16  
-1.9607039e-17  7.8048965e-16  4.0103306e-16  -4.0218866e-16  -1.2833587e-16  5.6937140e-16  6.3286864e-17  -4.5606732e-16  -5.9891708e-17  9.3900438e-17  -9.3941264e-17  -9.2562172e-18  3.0159010e-16  1.8179243e-16  1.4482560e-16  -8.5537093e-18  1.1882994e-16  -9.7257190e-17  1.0000000   -9.4709254e-17  4.4025011e-16  2.0276579e-16  1.7291127e-16  -2.5484785e-16  2.4410216e-16  -3.1855003e-16  8.1941266e-17  2.3748961e-17  -3.4346156e-16  2.5452165e-16  2.9774110e-16  -1.9607039e-17  7.8048965e-16  4.0103306e-16  -4.0218866e-16  -1.2833587e-16  5.6937140e-16  6.3286864e-17  -4.5606732e-16  -5.9891708e-17  9.3900438e-17  -9.3941264e-17  -9.2562172e-18  3.0159010e-16  1.8179243e-16  1.4482560e-16  -8.5537093e-18  1.1882994e-16  -9.7257190e-17  1.0000000   -9.4709254e-17  4.4025011e-16  2.0276579e-16  1.7291127e-16  -2.5484785e-16  2.4410216e-16  -3.1855003e-16  8.1941266e-17  2.3748961e-17  -3.4346156e-16  2.5452165e-16  2.9774110e-16  
-6.5717820e-16  1.8882138e-16  1.2669553e-16  -1.5361090e-16  -3.3031891e-16  -9.2458907e-16  -2.6731966e-16  3.5571504e-16  9.6599848e-17  -6.3879121e-16  -2.2307221e-16  -2.2034307e-16  -3.6457641e-16  -9.2819287e-17  -6.7492441e-16  -9.2530598e-16  -7.7394119e-16  -4.7436553e-16  -9.4709254e-17  1.0000000   -4.2356102e-16  6.6504405e-17  4.5257681e-16  4.8754005e-17  2.6740722e-16  5.0634146e-16  4.5370861e-17  -2.4001227e-16  7.4367557e-16  -1.3858087e-16  7.6288575e-16  -6.5717820e-16  1.8882138e-16  1.2669553e-16  -1.5361090e-16  -3.3031891e-16  -9.2458907e-16  -2.6731966e-16  3.5571504e-16  9.6599848e-17  -6.3879121e-16  -2.2307221e-16  -2.2034307e-16  -3.6457641e-16  -9.2819287e-17  -6.7492441e-16  -9.2530598e-16  -7.7394119e-16  -4.7436553e-16  -9.4709254e-17  1.0000000   -4.2356102e-16  6.6504405e-17  4.5257681e-16  4.8754005e-17  2.6740722e-16  5.0634146e-16  4.5370861e-17  -2.4001227e-16  7.4367557e-16  -1.3858087e-16  7.6288575e-16  
1.1427566e-15  4.4183400e-16  9.5836921e-17  -7.1312306e-17  -2.0830839e-16  1.1651689e-15  4.6590507e-16  -7.6761394e-16  -9.0605805e-16  6.9631449e-17  -1.6154926e-16  7.0827664e-17  5.1966941e-16  -6.6199956e-16  4.0632705e-17  3.4130884e-16  5.0871450e-16  -5.0962369e-16  4.4025011e-16  -4.2356102e-16  1.0000000   2.1848347e-16  -3.3353075e-16  2.6662412e-16  -8.0662688e-16  -3.5130218e-16  -9.4419623e-17  9.2913406e-16  -1.2910233e-16  1.1453694e-16  -2.5934446e-16  1.1427566e-15  4.4183400e-16  9.5836921e-17  -7.1312306e-17  -2.0830839e-16  1.1651689e-15  4.6590507e-16  -7.6761394e-16  -9.0605805e-16  6.9631449e-17  -1.6154926e-16  7.0827664e-17  5.1966941e-16  -6.6199956e-16  4.0632705e-17  3.4130884e-16  5.0871450e-16  -5.0962369e-16  4.4025011e-16  -4.2356102e-16  1.0000000   2.1848347e-16  -3.3353075e-16  2.6662412e-16  -8.0662688e-16  -3.5130218e-16  -9.4419623e-17  9.2913406e-16  -1.2910233e-16  1.1453694e-16  -2.5934446e-16  
-1.8446154e-17  -7.5070434e-16  -7.2365896e-17  4.4154568e-16  -5.8693355e-16  3.9684525e-16  6.9391006e-16  -3.6509665e-16  -1.0634106e-16  1.1477565e-16  -5.3596935e-16  2.9632252e-16  3.1141424e-16  -1.1930332e-17  1.4148651e-16  7.1359408e-16  4.4737456e-16  3.2976963e-17  2.0276579e-16  6.6504405e-17  2.1848347e-16  1.0000000   -1.9856927e-16  6.3848118e-16  2.4541788e-16  3.0412280e-16  1.4014365e-16  -6.2256052e-16  -2.0750629e-16  1.7823025e-16  -3.3997502e-16  -1.8446154e-17  -7.5070434e-16  -7.2365896e-17  4.4154568e-16  -5.8693355e-16  3.9684525e-16  6.9391006e-16  -3.6509665e-16  -1.0634106e-16  1.1477565e-16  -5.3596935e-16  2.9632252e-16  3.1141424e-16  -1.1930332e-17  1.4148651e-16  7.1359408e-16  4.4737456e-16  3.2976963e-17  2.0276579e-16  6.6504405e-17  2.1848347e-16  1.0000000   -1.9856927e-16  6.3848118e-16  2.4541788e-16  3.0412280e-16  1.4014365e-16  -6.2256052e-16  -2.0750629e-16  1.7823025e-16  -3.3997502e-16  
3.3666680e-16  6.7100763e-16  7.6004695e-16  -5.2159405e-16  -1.1318577e-16  -5.3633502e-16  3.1542215e-16  9.4868183e-17  -2.6745926e-16  -4.9059534e-16  -3.4033085e-16  7.7053677e-17  -8.6147106e-16  2.3954971e-16  -5.1259066e-16  -4.3698291e-17  -4.1833303e-16  5.8297329e-16  1.7291127e-16  4.5257681e-16  -3.3353075e-16  -1.9856927e-16  1.0000000   -4.2834779e-16  -2.9998477e-16  1.4940657e-16  -9.1207773e-17  2.3952051e-16  4.7637653e-16  2.9990440e-16  -1.9266891e-17  3.3666680e-16  6.7100763e-16  7.6004695e-16  -5.2159405e-16  -1.1318577e-16  -5.3633502e-16  3.1542215e-16  9.4868183e-17  -2.6745926e-16  -4.9059534e-16  -3.4033085e-16  7.7053677e-17  -8.6147106e-16  2.3954971e-16  -5.1259066e-16  -4.3698291e-17  -4.1833303e-16  5.8297329e-16  1.7291127e-16  4.5257681e-16  -3.3353075e-16  -1.9856927e-16  1.0000000   -4.2834779e-16  -2.9998477e-16  1.4940657e-16  -9.1207773e-17  2.3952051e-16  4.7637653e-16  2.9990440e-16  -1.9266891e-17  
6.7612971e-16  1.9434397e-16  4.0638582e-16  5.1290238e-17  7.3173285e-17  8.5459712e-16  -1.5835406e-16  -1.9301787e-16  -8.8427257e-16  1.3414647e-16  4.5645114e-16  2.5465593e-16  2.6724440e-16  -3.0298451e-18  1.8733236e-16  4.5319674e-17  -4.4108635e-16  1.8443098e-16  -2.5484785e-16  4.8754005e-17  2.6662412e-16  6.3848118e-16  -4.2834779e-16  1.0000000   -1.7891821e-16  3.5195759e-16  -2.9362480e-18  -4.0203211e-16  1.9286940e-17  2.5661191e-16  -3.3095392e-17  6.7612971e-16  1.9434397e-16  4.0638582e-16  5.1290238e-17  7.3173285e-17  8.5459712e-16  -1.5835406e-16  -1.9301787e-16  -8.8427257e-16  1.3414647e-16  4.5645114e-16  2.5465593e-16  2.6724440e-16  -3.0298451e-18  1.8733236e-16  4.5319674e-17  -4.4108635e-16  1.8443098e-16  -2.5484785e-16  4.8754005e-17  2.6662412e-16  6.3848118e-16  -4.2834779e-16  1.0000000   -1.7891821e-16  3.5195759e-16  -2.9362480e-18  -4.0203211e-16  1.9286940e-17  2.5661191e-16  -3.3095392e-17  
4.6718331e-16  5.5764110e-16  -2.2719012e-19  1.6199511e-16  1.5396064e-16  2.7377654e-16  1.2017310e-15  -6.1198673e-16  -5.5377593e-16  3.4980403e-16  -5.1407210e-16  -1.1446773e-17  -3.9214024e-16  4.6533960e-16  -4.0336699e-16  -2.5309653e-16  5.2098332e-16  -5.9413993e-16  2.4410216e-16  2.6740722e-16  -8.0662688e-16  2.4541788e-16  -2.9998477e-16  -1.7891821e-16  1.0000000   -2.1720213e-16  -3.2302273e-17  4.6695131e-16  8.3772161e-16  -1.2048085e-16  -1.7617929e-16  4.6718331e-16  5.5764110e-16  -2.2719012e-19  1.6199511e-16  1.5396064e-16  2.7377654e-16  1.2017310e-15  -6.1198673e-16  -5.5377593e-16  3.4980403e-16  -5.1407210e-16  -1.1446773e-17  -3.9214024e-16  4.6533960e-16  -4.0336699e-16  -2.5309653e-16  5.2098332e-16  -5.9413993e-16  2.4410216e-16  2.6740722e-16  -8.0662688e-16  2.4541788e-16  -2.9998477e-16  -1.7891821e-16  1.0000000   -2.1720213e-16  -3.2302273e-17  4.6695131e-16  8.3772161e-16  -1.2048085e-16  -1.7617929e-16  
-1.2688030e-15  -5.1751407e-16  -1.1141572e-16  4.2421514e-16  5.6116237e-17  -7.2278946e-16  -1.1243433e-16  -1.3373073e-16  1.5762244e-16  -9.8453675e-16  -4.6642491e-16  -3.7037120e-16  2.1131599e-16  3.7172220e-16  4.0361964e-16  3.5416711e-17  -3.9889253e-16  5.0983566e-16  -3.1855003e-16  5.0634146e-16  -3.5130218e-16  3.0412280e-16  1.4940657e-16  3.5195759e-16  -2.1720213e-16  1.0000000   1.6527679e-16  8.9220098e-18  -2.1012526e-16  8.8438961e-17  1.6882266e-16  -1.2688030e-15  -5.1751407e-16  -1.1141572e-16  4.2421514e-16  5.6116237e-17  -7.2278946e-16  -1.1243433e-16  -1.3373073e-16  1.5762244e-16  -9.8453675e-16  -4.6642491e-16  -3.7037120e-16  2.1131599e-16  3.7172220e-16  4.0361964e-16  3.5416711e-17  -3.9889253e-16  5.0983566e-16  -3.1855003e-16  5.0634146e-16  -3.5130218e-16  3.0412280e-16  1.4940657e-16  3.5195759e-16  -2.1720213e-16  1.0000000   1.6527679e-16  8.9220098e-18  -2.1012526e-16  8.8438961e-17  1.6882266e-16  
7.1656677e-16  -8.7439781e-16  2.7525726e-16  3.5582108e-16  -3.7664483e-16  5.1655352e-16  8.1687133e-16  2.8641475e-16  3.4747618e-17  -1.6665858e-16  -4.6541702e-16  6.9679246e-16  -4.9968581e-16  -4.9842420e-16  -1.0296235e-15  2.4572426e-16  -8.6892809e-17  5.8338674e-16  8.1941266e-17  4.5370861e-17  -9.4419623e-17  1.4014365e-16  -9.1207773e-17  -2.9362480e-18  -3.2302273e-17  1.6527679e-16  1.0000000   -4.3558484e-17  1.2458736e-16  -1.3801612e-16  -1.7963197e-16  7.1656677e-16  -8.7439781e-16  2.7525726e-16  3.5582108e-16  -3.7664483e-16  5.1655352e-16  8.1687133e-16  2.8641475e-16  3.4747618e-17  -1.6665858e-16  -4.6541702e-16  6.9679246e-16  -4.9968581e-16  -4.9842420e-16  -1.0296235e-15  2.4572426e-16  -8.6892809e-17  5.8338674e-16  8.1941266e-17  4.5370861e-17  -9.4419623e-17  1.4014365e-16  -9.1207773e-17  -2.9362480e-18  -3.2302273e-17  1.6527679e-16  1.0000000   -4.3558484e-17  1.2458736e-16  -1.3801612e-16  -1.7963197e-16  
5.4134878e-16  4.2880300e-16  1.3176531e-16  -2.4143714e-16  2.8916609e-16  3.4918227e-16  -3.7111707e-16  -6.1556756e-16  1.4186296e-16  4.2980058e-16  -9.3890982e-17  5.5169871e-17  1.0258223e-15  4.8010241e-16  5.7814842e-16  6.7433133e-16  4.1902818e-17  -3.6745522e-16  2.3748961e-17  -2.4001227e-16  9.2913406e-16  -6.2256052e-16  2.3952051e-16  -4.0203211e-16  4.6695131e-16  8.9220098e-18  -4.3558484e-17  1.0000000   5.2198847e-16  8.2901073e-17  7.8694120e-16  5.4134878e-16  4.2880300e-16  1.3176531e-16  -2.4143714e-16  2.8916609e-16  3.4918227e-16  -3.7111707e-16  -6.1556756e-16  1.4186296e-16  4.2980058e-16  -9.3890982e-17  5.5169871e-17  1.0258223e-15  4.8010241e-16  5.7814842e-16  6.7433133e-16  4.1902818e-17  -3.6745522e-16  2.3748961e-17  -2.4001227e-16  9.2913406e-16  -6.2256052e-16  2.3952051e-16  -4.0203211e-16  4.6695131e-16  8.9220098e-18  -4.3558484e-17  1.0000000   5.2198847e-16  8.2901073e-17  7.8694120e-16  
4.2607147e-17  -3.2063045e-16  1.5959015e-16  3.9026860e-16  -1.9820669e-16  2.5029758e-16  3.0178283e-16  -6.5042068e-16  -8.2558024e-16  6.5384579e-16  -5.0321906e-16  -4.1298226e-16  -1.9154384e-16  -5.0622846e-16  2.7139788e-16  -2.7617126e-16  3.5313845e-16  -1.0492740e-16  -3.4346156e-16  7.4367557e-16  -1.2910233e-16  -2.0750629e-16  4.7637653e-16  1.9286940e-17  8.3772161e-16  -2.1012526e-16  1.2458736e-16  5.2198847e-16  1.0000000   -4.4137501e-16  3.3311725e-16  4.2607147e-17  -3.2063045e-16  1.5959015e-16  3.9026860e-16  -1.9820669e-16  2.5029758e-16  3.0178283e-16  -6.5042068e-16  -8.2558024e-16  6.5384579e-16  -5.0321906e-16  -4.1298226e-16  -1.9154384e-16  -5.0622846e-16  2.7139788e-16  -2.7617126e-16  3.5313845e-16  -1.0492740e-16  -3.4346156e-16  7.4367557e-16  -1.2910233e-16  -2.0750629e-16  4.7637653e-16  1.9286940e-17  8.3772161e-16  -2.1012526e-16  1.2458736e-16  5.2198847e-16  1.0000000   -4.4137501e-16  3.3311725e-16  
2.7951484e-16  1.2024073e-16  5.5954403e-16  6.5898020e-16  2.3778283e-16  -3.3194188e-16  8.8291038e-17  -2.8650455e-16  -1.2234359e-17  -3.6341670e-16  9.6356456e-17  4.1439167e-16  -5.6505147e-16  3.2495466e-16  2.3837508e-16  -9.5148495e-17  6.8060631e-17  3.6908900e-16  2.5452165e-16  -1.3858087e-16  1.1453694e-16  1.7823025e-16  2.9990440e-16  2.5661191e-16  -1.2048085e-16  8.8438961e-17  -1.3801612e-16  8.2901073e-17  -4.4137501e-16  1.0000000   -3.4872210e-16  2.7951484e-16  1.2024073e-16  5.5954403e-16  6.5898020e-16  2.3778283e-16  -3.3194188e-16  8.8291038e-17  -2.8650455e-16  -1.2234359e-17  -3.6341670e-16  9.6356456e-17  4.1439167e-16  -5.6505147e-16  3.2495466e-16  2.3837508e-16  -9.5148495e-17  6.8060631e-17  3.6908900e-16  2.5452165e-16  -1.3858087e-16  1.1453694e-16  1.7823025e-16  2.9990440e-16  2.5661191e-16  -1.2048085e-16  8.8438961e-17  -1.3801612e-16  8.2901073e-17  -4.4137501e-16  1.0000000   -3.4872210e-16  
-7.0567675e-16  3.6307299e-16  -6.9125320e-17  2.0902280e-16  2.3576070e-16  -3.5775120e-16  4.8031847e-16  2.5334873e-16  -2.3943081e-16  -1.0291574e-16  2.1949983e-16  3.4053431e-16  7.6524606e-16  1.2850684e-15  -2.1564547e-17  -1.8063745e-16  -6.6495066e-16  3.7623933e-16  2.9774110e-16  7.6288575e-16  -2.5934446e-16  -3.3997502e-16  -1.9266891e-17  -3.3095392e-17  -1.7617929e-16  1.6882266e-16  -1.7963197e-16  7.8694120e-16  3.3311725e-16  -3.4872210e-16  1.0000000   -7.0567675e-16  3.6307299e-16  -6.9125320e-17  2.0902280e-16  2.3576070e-16  -3.5775120e-16  4.8031847e-16  2.5334873e-16  -2.3943081e-16  -1.0291574e-16  2.1949983e-16  3.4053431e-16  7.6524606e-16  1.2850684e-15  -2.1564547e-17  -1.8063745e-16  -6.6495066e-16  3.7623933e-16  2.9774110e-16  7.6288575e-16  -2.5934446e-16  -3.3997502e-16  -1.9266891e-17  -3.3095392e-17  -1.7617929e-16  1.6882266e-16  -1.7963197e-16  7.8694120e-16  3.3311725e-16  -3.4872210e-16  1.0000000   
1.0000000   3.4805299e-16  1.3175243e-16  -7.7885204e-16  2.9160937e-16  5.0172574e-16  2.6740666e-16  -4.7243608e-16  -1.9424725e-16  -1.9252872e-16  -2.7025548e-16  -4.3265768e-17  -2.6462441e-16  -7.0995274e-16  1.7597927e-17  8.0803861e-16  9.2645656e-17  1.8678472e-16  -1.9607039e-17  -6.5717820e-16  1.1427566e-15  -1.8446154e-17  3.3666680e-16  6.7612971e-16  4.6718331e-16  -1.2688030e-15  7.1656677e-16  5.4134878e-16  4.2607147e-17  2.7951484e-16  -7.0567675e-16  1.0000000   3.4805299e-16  1.3175243e-16  -7.7885204e-16  2.9160937e-16  5.0172574e-16  2.6740666e-16  -4.7243608e-16  -1.9424725e-16  -1.9252872e-16  -2.7025548e-16  -4.3265768e-17  -2.6462441e-16  -7.0995274e-16  1.7597927e-17  8.0803861e-16  9.2645656e-17  1.8678472e-16  -1.9607039e-17  -6.5717820e-16  1.1427566e-15  -1.8446154e-17  3.3666680e-16  6.7612971e-16  4.6718331e-16  -1.2688030e-15  7.1656677e-16  5.4134878e-16  4.2607147e-17  2.7951484e-16  -7.0567675e-16  
3.4805299e-16  1.0000000   -5.2221658e-16  4.2733694e-16  -1.7999521e-16  -2.9092725e-16  -8.1090352e-16  7.9753763e-16  1.5083226e-15  -2.1360040e-17  -4.1221744e-16  -6.6118421e-16  -7.0825441e-16  7.0045704e-16  -8.4006561e-16  6.1273591e-16  -5.7447750e-17  -2.2089374e-16  7.8048965e-16  1.8882138e-16  4.4183400e-16  -7.5070434e-16  6.7100763e-16  1.9434397e-16  5.5764110e-16  -5.1751407e-16  -8.7439781e-16  4.2880300e-16  -3.2063045e-16  1.2024073e-16  3.6307299e-16  3.4805299e-16  1.0000000   -5.2221658e-16  4.2733694e-16  -1.7999521e-16  -2.9092725e-16  -8.1090352e-16  7.9753763e-16  1.5083226e-15  -2.1360040e-17  -4.1221744e-16  -6.6118421e-16  -7.0825441e-16  7.0045704e-16  -8.4006561e-16  6.1273591e-16  -5.7447750e-17  -2.2089374e-16  7.8048965e-16  1.8882138e-16  4.4183400e-16  -7.5070434e-16  6.7100763e-16  1.9434397e-16  5.5764110e-16  -5.1751407e-16  -8.7439781e-16  4.2880300e-16  -3.2063045e-16  1.2024073e-16  3.6307299e-16  
1.3175243e-16  -5.2221658e-16  1.0000000   -8.2560826e-16  2.4428403e-16  5.2381433e-16  -7.3329190e-16  -2.2344077e-16  -9.6191980e-17  3.4290833e-16  -1.0058145e-16  4.2897156e-17  -4.0271242e-16  -7.9580479e-16  7.1444682e-16  -3.7428943e-17  -4.2281837e-17  4.8876711e-16  4.0103306e-16  1.2669553e-16  9.5836921e-17  -7.2365896e-17  7.6004695e-16  4.0638582e-16  -2.2719012e-19  -1.1141572e-16  2.7525726e-16  1.3176531e-16  1.5959015e-16  5.5954403e-16  -6.9125320e-17  1.3175243e-16  -5.2221658e-16  1.0000000   -8.2560826e-16  2.4428403e-16  5.2381433e-16  -7.3329190e-16  -2.2344077e-16  -9.6191980e-17  3.4290833e-16  -1.0058145e-16  4.2897156e-17  -4.0271242e-16  -7.9580479e-16  7.1444682e-16  -3.7428943e-17  -4.2281837e-17  4.8876711e-16  4.0103306e-16  1.2669553e-16  9.5836921e-17  -7.2365896e-17  7.6004695e-16  4.0638582e-16  -2.2719012e-19  -1.1141572e-16  2.7525726e-16  1.3176531e-16  1.5959015e-16  5.5954403e-16  -6.9125320e-17  
-7.7885204e-16  4.2733694e-16  -8.2560826e-16  1.0000000   -1.3177133e-16  -8.9938171e-16  -1.8308997e-15  5.1248905e-16  -2.2686980e-16  -5.4945960e-16  3.1380060e-16  3.8741480e-16  -6.5348441e-16  3.7669819e-16  -6.0890743e-16  -6.8625684e-16  -2.3953261e-16  -6.2363957e-16  -4.0218866e-16  -1.5361090e-16  -7.1312306e-17  4.4154568e-16  -5.2159405e-16  5.1290238e-17  1.6199511e-16  4.2421514e-16  3.5582108e-16  -2.4143714e-16  3.9026860e-16  6.5898020e-16  2.0902280e-16  -7.7885204e-16  4.2733694e-16  -8.2560826e-16  1.0000000   -1.3177133e-16  -8.9938171e-16  -1.8308997e-15  5.1248905e-16  -2.2686980e-16  -5.4945960e-16  3.1380060e-16  3.8741480e-16  -6.5348441e-16  3.7669819e-16  -6.0890743e-16  -6.8625684e-16  -2.3953261e-16  -6.2363957e-16  -4.0218866e-16  -1.5361090e-16  -7.1312306e-17  4.4154568e-16  -5.2159405e-16  5.1290238e-17  1.6199511e-16  4.2421514e-16  3.5582108e-16  -2.4143714e-16  3.9026860e-16  6.5898020e-16  2.0902280e-16  
2.9160937e-16  -1.7999521e-16  2.4428403e-16  -1.3177133e-16  1.0000000   4.8394255e-16  -4.9717318e-16  -7.7213160e-16  -4.6167283e-16  -2.5346652e-16  -2.9790473e-16  -2.5242021e-16  -2.0908613e-16  -2.3113013e-16  3.9090962e-16  7.6897871e-16  2.4916221e-16  1.9553914e-16  -1.2833587e-16  -3.3031891e-16  -2.0830839e-16  -5.8693355e-16  -1.1318577e-16  7.3173285e-17  1.5396064e-16  5.6116237e-17  -3.7664483e-16  2.8916609e-16  -1.9820669e-16  2.3778283e-16  2.3576070e-16  2.9160937e-16  -1.7999521e-16  2.4428403e-16  -1.3177133e-16  1.0000000   4.8394255e-16  -4.9717318e-16  -7.7213160e-16  -4.6167283e-16  -2.5346652e-16  -2.9790473e-16  -2.5242021e-16  -2.0908613e-16  -2.3113013e-16  3.9090962e-16  7.6897871e-16  2.4916221e-16  1.9553914e-16  -1.2833587e-16  -3.3031891e-16  -2.0830839e-16  -5.8693355e-16  -1.1318577e-16  7.3173285e-17  1.5396064e-16  5.6116237e-17  -3.7664483e-16  2.8916609e-16  -1.9820669e-16  2.3778283e-16  2.3576070e-16  
5.0172574e-16  -2.9092725e-16  5.2381433e-16  -8.9938171e-16  4.8394255e-16  1.0000000   6.6140642e-16  -1.0316686e-15  -7.0727255e-16  2.6435014e-16  6.9903803e-17  5.9593403e-16  3.6212906e-16  4.5561765e-16  2.9309364e-16  8.5436261e-16  3.3347027e-16  -3.8402769e-16  5.6937140e-16  -9.2458907e-16  1.1651689e-15  3.9684525e-16  -5.3633502e-16  8.5459712e-16  2.7377654e-16  -7.2278946e-16  5.1655352e-16  3.4918227e-16  2.5029758e-16  -3.3194188e-16  -3.5775120e-16  5.0172574e-16  -2.9092725e-16  5.2381433e-16  -8.9938171e-16  4.8394255e-16  1.0000000   6.6140642e-16  -1.0316686e-15  -7.0727255e-16  2.6435014e-16  6.9903803e-17  5.9593403e-16  3.6212906e-16  4.5561765e-16  2.9309364e-16  8.5436261e-16  3.3347027e-16  -3.8402769e-16  5.6937140e-16  -9.2458907e-16  1.1651689e-15  3.9684525e-16  -5.3633502e-16  8.5459712e-16  2.7377654e-16  -7.2278946e-16  5.1655352e-16  3.4918227e-16  2.5029758e-16  -3.3194188e-16  -3.5775120e-16  
2.6740666e-16  -8.1090352e-16  -7.3329190e-16  -1.8308997e-15  -4.9717318e-16  6.6140642e-16  1.0000000   -4.9634958e-16  4.7279662e-16  -8.8065026e-16  1.6352950e-17  -4.0966312e-16  8.7009809e-16  -9.2600835e-17  4.5321682e-16  -5.7002241e-16  9.6287089e-16  7.8053620e-17  6.3286864e-17  -2.6731966e-16  4.6590507e-16  6.9391006e-16  3.1542215e-16  -1.5835406e-16  1.2017310e-15  -1.1243433e-16  8.1687133e-16  -3.7111707e-16  3.0178283e-16  8.8291038e-17  4.8031847e-16  2.6740666e-16  -8.1090352e-16  -7.3329190e-16  -1.8308997e-15  -4.9717318e-16  6.6140642e-16  1.0000000   -4.9634958e-16  4.7279662e-16  -8.8065026e-16  1.6352950e-17  -4.0966312e-16  8.7009809e-16  -9.2600835e-17  4.5321682e-16  -5.7002241e-16  9.6287089e-16  7.8053620e-17  6.3286864e-17  -2.6731966e-16  4.6590507e-16  6.9391006e-16  3.1542215e-16  -1.5835406e-16  1.2017310e-15  -1.1243433e-16  8.1687133e-16  -3.7111707e-16  3.0178283e-16  8.8291038e-17  4.8031847e-16  
-4.7243608e-16  7.9753763e-16  -2.2344077e-16  5.1248905e-16  -7.7213160e-16  -1.0316686e-15  -4.9634958e-16  1.0000000   -1.7861389e-16  -7.2260065e-16  -8.1056327e-17  -8.5488645e-16  -2.7423466e-17  1.3439314e-16  -1.3302062e-16  -1.2341907e-16  -4.5014666e-17  -5.1518368e-16  -4.5606732e-16  3.5571504e-16  -7.6761394e-16  -3.6509665e-16  9.4868183e-17  -1.9301787e-16  -6.1198673e-16  -1.3373073e-16  2.8641475e-16  -6.1556756e-16  -6.5042068e-16  -2.8650455e-16  2.5334873e-16  -4.7243608e-16  7.9753763e-16  -2.2344077e-16  5.1248905e-16  -7.7213160e-16  -1.0316686e-15  -4.9634958e-16  1.0000000   -1.7861389e-16  -7.2260065e-16  -8.1056327e-17  -8.5488645e-16  -2.7423466e-17  1.3439314e-16  -1.3302062e-16  -1.2341907e-16  -4.5014666e-17  -5.1518368e-16  -4.5606732e-16  3.5571504e-16  -7.6761394e-16  -3.6509665e-16  9.4868183e-17  -1.9301787e-16  -6.1198673e-16  -1.3373073e-16  2.8641475e-16  -6.1556756e-16  -6.5042068e-16  -2.8650455e-16  2.5334873e-16  
-1.9424725e-16  1.5083226e-15  -9.6191980e-17  -2.2686980e-16  -4.6167283e-16  -7.0727255e-16  4.7279662e-16  -1.7861389e-16  1.0000000   -6.1687659e-16  -6.2192082e-16  4.6606141e-16  -2.9450907e-16  -4.5232804e-16  7.1820413e-16  -1.4089035e-16  2.7828236e-16  -4.2319255e-16  -5.9891708e-17  9.6599848e-17  -9.0605805e-16  -1.0634106e-16  -2.6745926e-16  -8.8427257e-16  -5.5377593e-16  1.5762244e-16  3.4747618e-17  1.4186296e-16  -8.2558024e-16  -1.2234359e-17  -2.3943081e-16  -1.9424725e-16  1.5083226e-15  -9.6191980e-17  -2.2686980e-16  -4.6167283e-16  -7.0727255e-16  4.7279662e-16  -1.7861389e-16  1.0000000   -6.1687659e-16  -6.2192082e-16  4.6606141e-16  -2.9450907e-16  -4.5232804e-16  7.1820413e-16  -1.4089035e-16  2.7828236e-16  -4.2319255e-16  -5.9891708e-17  9.6599848e-17  -9.0605805e-16  -1.0634106e-16  -2.6745926e-16  -8.8427257e-16  -5.5377593e-16  1.5762244e-16  3.4747618e-17  1.4186296e-16  -8.2558024e-16  -1.2234359e-17  -2.3943081e-16  
-1.9252872e-16  -2.1360040e-17  3.4290833e-16  -5.4945960e-16  -2.5346652e-16  2.6435014e-16  -8.8065026e-16  -7.2260065e-16  -6.1687659e-16  1.0000000   5.6405616e-16  -6.4373842e-16  -3.9480320e-16  -3.7201315e-17  7.2472554e-16  1.2080516e-15  3.5470484e-16  1.9979037e-16  9.3900438e-17  -6.3879121e-16  6.9631449e-17  1.1477565e-16  -4.9059534e-16  1.3414647e-16  3.4980403e-16  -9.8453675e-16  -1.6665858e-16  4.2980058e-16  6.5384579e-16  -3.6341670e-16  -1.0291574e-16  -1.9252872e-16  -2.1360040e-17  3.4290833e-16  -5.4945960e-16  -2.5346652e-16  2.6435014e-16  -8.8065026e-16  -7.2260065e-16  -6.1687659e-16  1.0000000   5.6405616e-16  -6.4373842e-16  -3.9480320e-16  -3.7201315e-17  7.2472554e-16  1.2080516e-15  3.5470484e-16  1.9979037e-16  9.3900438e-17  -6.3879121e-16  6.9631449e-17  1.1477565e-16  -4.9059534e-16  1.3414647e-16  3.4980403e-16  -9.8453675e-16  -1.6665858e-16  4.2980058e-16  6.5384579e-16  -3.6341670e-16  -1.0291574e-16  
