1.0000000   -2.3963486e-16  3.6615434e-16  -1.1522739e-15  -4.8895874e-16  -7.9418706e-17  8.9938561e-16  6.8907569e-16  -2.5542143e-16  1.4157929e-16  -4.0869737e-16  -7.0906035e-16  2.9745554e-17  3.1243147e-16  5.6092525e-16  9.1828324e-17  -5.9196375e-16  -2.1454536e-16  5.1902877e-17  -3.8556759e-16  -2.5799121e-16  5.9534055e-16  -2.8205145e-17  1.2936531e-16  -2.7454024e-16  1.6210857e-16  3.0855786e-16  -5.1503077e-17  -4.7791116e-16  3.7830471e-16  4.8846346e-16  1.0000000   -2.3963486e-16  3.6615434e-16  -1.1522739e-15  -4.8895874e-16  -7.9418706e-17  8.9938561e-16  6.8907569e-16  -2.5542143e-16  1.4157929e-16  -4.0869737e-16  -7.0906035e-16  2.9745554e-17  3.1243147e-16  5.6092525e-16  9.1828324e-17  -5.9196375e-16  -2.1454536e-16  5.1902877e-17  -3.8556759e-16  -2.5799121e-16  5.9534055e-16  -2.8205145e-17  1.2936531e-16  -2.7454024e-16  1.6210857e-16  3.0855786e-16  -5.1503077e-17  -4.7791116e-16  3.7830471e-16  4.8846346e-16  
-2.3963486e-16  1.0000000   -5.0581049e-17  8.9726746e-16  1.2879830e-16  -5.9682561e-16  1.1322955e-16  -8.6867816e-16  -5.8677572e-16  -3.5816708e-16  -4.6876905e-16  2.9549184e-16  2.9426130e-16  4.4100314e-16  3.9046995e-16  -2.4281206e-16  2.6385054e-16  -5.8731659e-16  3.5283414e-16  -2.7742771e-17  -4.8827456e-16  2.0069889e-16  5.3557120e-16  3.3474820e-16  -5.1546377e-16  3.4460145e-16  2.5922487e-17  -4.9309908e-16  2.6746892e-17  3.1684806e-16  -2.1196668e-16  -2.3963486e-16  1.0000000   -5.0581049e-17  8.9726746e-16  1.2879830e-16  -5.9682561e-16  1.1322955e-16  -8.6867816e-16  -5.8677572e-16  -3.5816708e-16  -4.6876905e-16  2.9549184e-16  2.9426130e-16  4.4100314e-16  3.9046995e-16  -2.4281206e-16  2.6385054e-16  -5.8731659e-16  3.5283414e-16  -2.7742771e-17  -4.8827456e-16  2.0069889e-16  5.3557120e-16  3.3474820e-16  -5.1546377e-16  3.4460145e-16  2.5922487e-17  -4.9309908e-16  2.6746892e-17  3.1684806e-16  -2.1196668e-16  
3.6615434e-16  -5.0581049e-17  1.0000000   6.4425371e-16  -5.3126571e-17  -1.7635146e-16  -3.9928699e-16  2.1297064e-16  3.8420929e-16  2.2015423e-16  -2.7417973e-16  3.7352795e-16  4.8567135e-17  3.2023328e-16  -3.6746698e-16  -3.2584924e-16  3.4419245e-16  -3.1066727e-16  -7.0802702e-16  -3.9589885e-16  5.9827897e-16  -3.3085046e-16  -3.0216192e-16  2.8295329e-16  -2.2901990e-16  1.9930488e-16  9.1404715e-18  -1.5050630e-16  -3.1636569e-16  -5.8728353e-16  6.8546538e-17  3.6615434e-16  -5.0581049e-17  1.0000000   6.4425371e-16  -5.3126571e-17  -1.7635146e-16  -3.9928699e-16  2.1297064e-16  3.8420929e-16  2.2015423e-16  -2.7417973e-16  3.7352795e-16  4.8567135e-17  3.2023328e-16  -3.6746698e-16  -3.2584924e-16  3.4419245e-16  -3.1066727e-16  -7.0802702e-16  -3.9589885e-16  5.9827897e-16  -3.3085046e-16  -3.0216192e-16  2.8295329e-16  -2.2901990e-16  1.9930488e-16  9.1404715e-18  -1.5050630e-16  -3.1636569e-16  -5.8728353e-16  6.8546538e-17  
-1.1522739e-15  8.9726746e-16  6.4425371e-16  1.0000000   3.0254980e-17  2.0482895e-16  -5.1678475e-16  -6.0008678e-16  3.4703256e-16  2.6223919e-16  3.8579131e-16  8.2827630e-16  3.6341280e-16  8.3334761e-17  6.5534420e-16  5.9808057e-17  -5.2851467e-16  4.4015853e-16  -3.0270259e-16  -4.6403930e-16  -5.5249313e-16  -1.9996641e-16  2.5711450e-16  2.6977038e-16  -4.5847862e-16  -7.8664185e-17  -3.4230192e-16  4.5048774e-16  5.2200520e-16  -1.0108766e-16  -3.2548305e-16  -1.1522739e-15  8.9726746e-16  6.4425371e-16  1.0000000   3.0254980e-17  2.0482895e-16  -5.1678475e-16  -6.0008678e-16  3.4703256e-16  2.6223919e-16  3.8579131e-16  8.2827630e-16  3.6341280e-16  8.3334761e-17  6.5534420e-16  5.9808057e-17  -5.2851467e-16  4.4015853e-16  -3.0270259e-16  -4.6403930e-16  -5.5249313e-16  -1.9996641e-16  2.5711450e-16  2.6977038e-16  -4.5847862e-16  -7.8664185e-17  -3.4230192e-16  4.5048774e-16  5.2200520e-16  -1.0108766e-16  -3.2548305e-16  
-4.8895874e-16  1.2879830e-16  -5.3126571e-17  3.0254980e-17  1.0000000   -2.7073539e-16  -3.5842041e-16  9.9159403e-17  -2.1610419e-17  -7.4008539e-17  5.0438658e-16  6.5971089e-16  3.9296156e-16  -3.6794756e-16  6.8150639e-16  3.8497525e-17  -7.8485841e-17  -2.8477587e-16  -5.4725152e-16  -1.6714925e-16  -2.2629437e-16  5.7476220e-16  7.5604760e-17  -1.0565439e-15  8.8789404e-16  2.3286501e-16  -1.0348450e-15  5.4734541e-18  -4.8496090e-16  8.5247844e-17  6.2365670e-16  -4.8895874e-16  1.2879830e-16  -5.3126571e-17  3.0254980e-17  1.0000000   -2.7073539e-16  -3.5842041e-16  9.9159403e-17  -2.1610419e-17  -7.4008539e-17  5.0438658e-16  6.5971089e-16  3.9296156e-16  -3.6794756e-16  6.8150639e-16  3.8497525e-17  -7.8485841e-17  -2.8477587e-16  -5.4725152e-16  -1.6714925e-16  -2.2629437e-16  5.7476220e-16  7.5604760e-17  -1.0565439e-15  8.8789404e-16  2.3286501e-16  -1.0348450e-15  5.4734541e-18  -4.8496090e-16  8.5247844e-17  6.2365670e-16  
-7.9418706e-17  -5.9682561e-16  -1.7635146e-16  2.0482895e-16  -2.7073539e-16  1.0000000   -2.8608813e-16  -4.2059016e-16  2.6081340e-16  -1.9033813e-16  -5.3607992e-16  7.7978583e-16  -6.9546945e-16  3.5980217e-16  -2.2265656e-16  3.2229096e-16  -1.3511208e-15  -1.1068386e-16  -1.9645933e-17  -1.1125998e-16  -3.8365474e-16  -6.5199133e-16  -6.5490566e-16  -6.5615729e-16  1.3667554e-16  7.5556124e-16  -2.2568912e-17  7.1565579e-16  1.3368676e-16  -3.0778993e-16  -4.8155203e-16  -7.9418706e-17  -5.9682561e-16  -1.7635146e-16  2.0482895e-16  -2.7073539e-16  1.0000000   -2.8608813e-16  -4.2059016e-16  2.6081340e-16  -1.9033813e-16  -5.3607992e-16  7.7978583e-16  -6.9546945e-16  3.5980217e-16  -2.2265656e-16  3.2229096e-16  -1.3511208e-15  -1.1068386e-16  -1.9645933e-17  -1.1125998e-16  -3.8365474e-16  -6.5199133e-16  -6.5490566e-16  -6.5615729e-16  1.3667554e-16  7.5556124e-16  -2.2568912e-17  7.1565579e-16  1.3368676e-16  -3.0778993e-16  -4.8155203e-16  
8.9938561e-16  1.1322955e-16  -3.9928699e-16  -5.1678475e-16  -3.5842041e-16  -2.8608813e-16  1.0000000   -5.7459095e-16  -2.8225061e-16  9.6183936e-17  1.5959265e-16  -1.4026281e-16  -2.8791956e-16  -2.4097016e-16  5.6186263e-17  3.5068937e-16  -3.5837828e-16  -1.3775005e-16  -4.7373750e-16  6.1075617e-18  5.3341814e-17  -1.6960810e-16  1.8239323e-16  2.1752925e-16  -2.2710305e-16  -1.6958913e-16  -3.0428371e-16  3.1694612e-16  -3.0588555e-16  1.2903993e-18  2.3715749e-16  8.9938561e-16  1.1322955e-16  -3.9928699e-16  -5.1678475e-16  -3.5842041e-16  -2.8608813e-16  1.0000000   -5.7459095e-16  -2.8225061e-16  9.6183936e-17  1.5959265e-16  -1.4026281e-16  -2.8791956e-16  -2.4097016e-16  5.6186263e-17  3.5068937e-16  -3.5837828e-16  -1.3775005e-16  -4.7373750e-16  6.1075617e-18  5.3341814e-17  -1.6960810e-16  1.8239323e-16  2.1752925e-16  -2.2710305e-16  -1.6958913e-16  -3.0428371e-16  3.1694612e-16  -3.0588555e-16  1.2903993e-18  2.3715749e-16  
6.8907569e-16  -8.6867816e-16  2.1297064e-16  -6.0008678e-16  9.9159403e-17  -4.2059016e-16  -5.7459095e-16  1.0000000   -4.4301401e-16  -2.0319028e-16  4.4061256e-16  5.9576825e-16  -4.7936674e-16  1.2307658e-15  4.8032109e-16  2.8687501e-16  4.6097820e-16  -7.1500370e-16  1.2799213e-16  3.7126097e-16  8.1907494e-16  -1.2299872e-16  7.8360477e-16  -2.2188714e-16  -7.1697410e-16  9.5402849e-17  5.0580803e-16  7.8597977e-16  -2.4491220e-16  6.3732257e-16  3.2086015e-16  6.8907569e-16  -8.6867816e-16  2.1297064e-16  -6.0008678e-16  9.9159403e-17  -4.2059016e-16  -5.7459095e-16  1.0000000   -4.4301401e-16  -2.0319028e-16  4.4061256e-16  5.9576825e-16  -4.7936674e-16  1.2307658e-15  4.8032109e-16  2.8687501e-16  4.6097820e-16  -7.1500370e-16  1.2799213e-16  3.7126097e-16  8.1907494e-16  -1.2299872e-16  7.8360477e-16  -2.2188714e-16  -7.1697410e-16  9.5402849e-17  5.0580803e-16  7.8597977e-16  -2.4491220e-16  6.3732257e-16  3.2086015e-16  
-2.5542143e-16  -5.8677572e-16  3.8420929e-16  3.4703256e-16  -2.1610419e-17  2.6081340e-16  -2.8225061e-16  -4.4301401e-16  1.0000000   -9.9605322e-17  -1.6495649e-16  -5.0985613e-16  7.3848783e-16  3.4391205e-16  4.6361226e-16  -4.2864494e-16  4.1046376e-16  -3.6823839e-16  3.3196342e-16  -2.1337464e-16  2.9335556e-16  -2.8833401e-16  4.2643471e-16  9.0347701e-17  3.8675177e-17  4.0806667e-16  1.5327591e-16  6.0906197e-16  4.9839031e-16  -4.5098627e-16  5.3730531e-17  -2.5542143e-16  -5.8677572e-16  3.8420929e-16  3.4703256e-16  -2.1610419e-17  2.6081340e-16  -2.8225061e-16  -4.4301401e-16  1.0000000   -9.9605322e-17  -1.6495649e-16  -5.0985613e-16  7.3848783e-16  3.4391205e-16  4.6361226e-16  -4.2864494e-16  4.1046376e-16  -3.6823839e-16  3.3196342e-16  -2.1337464e-16  2.9335556e-16  -2.8833401e-16  4.2643471e-16  9.0347701e-17  3.8675177e-17  4.0806667e-16  1.5327591e-16  6.0906197e-16  4.9839031e-16  -4.5098627e-16  5.3730531e-17  
1.4157929e-16  -3.5816708e-16  2.2015423e-16  2.6223919e-16  -7.4008539e-17  -1.9033813e-16  9.6183936e-17  -2.0319028e-16  -9.9605322e-17  1.0000000   -2.3359377e-16  2.8106423e-16  2.3576165e-16  -3.6681503e-16  -3.6982090e-16  4.7674647e-17  -1.7705376e-16  5.0059725e-16  -1.4023681e-16  -1.7887834e-16  -1.7347150e-16  -3.3031182e-16  -5.6052870e-16  4.2701997e-16  -3.7097825e-16  -3.9126624e-16  2.5584561e-16  3.3663252e-16  2.6863592e-16  -2.2602685e-16  -2.3062673e-16  1.4157929e-16  -3.5816708e-16  2.2015423e-16  2.6223919e-16  -7.4008539e-17  -1.9033813e-16  9.6183936e-17  -2.0319028e-16  -9.9605322e-17  1.0000000   -2.3359377e-16  2.8106423e-16  2.3576165e-16  -3.6681503e-16  -3.6982090e-16  4.7674647e-17  -1.7705376e-16  5.0059725e-16  -1.4023681e-16  -1.7887834e-16  -1.7347150e-16  -3.3031182e-16  -5.6052870e-16  4.2701997e-16  -3.7097825e-16  -3.9126624e-16  2.5584561e-16  3.3663252e-16  2.6863592e-16  -2.2602685e-16  -2.3062673e-16  
-4.0869737e-16  -4.6876905e-16  -2.7417973e-16  3.8579131e-16  5.0438658e-16  -5.3607992e-16  1.5959265e-16  4.4061256e-16  -1.6495649e-16  -2.3359377e-16  1.0000000   7.3332192e-16  2.0029715e-16  -4.6817543e-16  -4.3637972e-16  2.5916922e-16  -1.5985948e-16  3.8435440e-16  -9.9989708e-17  3.3879642e-16  -8.0585093e-17  3.2032639e-16  -3.7893321e-16  1.6471202e-16  -3.0333017e-16  -4.5133952e-17  -6.6720395e-17  3.1319413e-16  -9.1594673e-16  -1.9330263e-16  -2.8031885e-16  -4.0869737e-16  -4.6876905e-16  -2.7417973e-16  3.8579131e-16  5.0438658e-16  -5.3607992e-16  1.5959265e-16  4.4061256e-16  -1.6495649e-16  -2.3359377e-16  1.0000000   7.3332192e-16  2.0029715e-16  -4.6817543e-16  -4.3637972e-16  2.5916922e-16  -1.5985948e-16  3.8435440e-16  -9.9989708e-17  3.3879642e-16  -8.0585093e-17  3.2032639e-16  -3.7893321e-16  1.6471202e-16  -3.0333017e-16  -4.5133952e-17  -6.6720395e-17  3.1319413e-16  -9.1594673e-16  -1.9330263e-16  -2.8031885e-16  
-7.0906035e-16  2.9549184e-16  3.7352795e-16  8.2827630e-16  6.5971089e-16  7.7978583e-16  -1.4026281e-16  5.9576825e-16  -5.0985613e-16  2.8106423e-16  7.3332192e-16  1.0000000   -3.1998088e-16  -1.4267081e-16  -7.6911280e-17  -1.0372971e-16  2.1166617e-16  1.3135920e-16  4.4709238e-16  -4.5333806e-17  2.6549383e-16  2.4973866e-17  3.4756869e-16  2.5685766e-16  4.7058813e-16  -2.3062665e-16  1.3712463e-16  4.0205354e-16  -1.6298332e-16  8.6186136e-17  4.0805669e-16  -7.0906035e-16  2.9549184e-16  3.7352795e-16  8.2827630e-16  6.5971089e-16  7.7978583e-16  -1.4026281e-16  5.9576825e-16  -5.0985613e-16  2.8106423e-16  7.3332192e-16  1.0000000   -3.1998088e-16  -1.4267081e-16  -7.6911280e-17  -1.0372971e-16  2.1166617e-16  1.3135920e-16  4.4709238e-16  -4.5333806e-17  2.6549383e-16  2.4973866e-17  3.4756869e-16  2.5685766e-16  4.7058813e-16  -2.3062665e-16  1.3712463e-16  4.0205354e-16  -1.6298332e-16  8.6186136e-17  4.0805669e-16  
2.9745554e-17  2.9426130e-16  4.8567135e-17  3.6341280e-16  3.9296156e-16  -6.9546945e-16  -2.8791956e-16  -4.7936674e-16  7.3848783e-16  2.3576165e-16  2.0029715e-16  -3.1998088e-16  1.0000000   4.4480683e-17  5.3116894e-16  1.5069766e-16  -4.3071708e-16  2.6526402e-16  -5.8137297e-16  -2.1962076e-16  -8.6395587e-17  1.6753079e-16  -5.6899887e-16  -2.0209680e-16  5.7309394e-16  -4.3526852e-16  -4.5888021e-16  -3.9459862e-16  -2.9837576e-17  3.1638943e-16  1.9167611e-16  2.9745554e-17  2.9426130e-16  4.8567135e-17  3.6341280e-16  3.9296156e-16  -6.9546945e-16  -2.8791956e-16  -4.7936674e-16  7.3848783e-16  2.3576165e-16  2.0029715e-16  -3.1998088e-16  1.0000000   4.4480683e-17  5.3116894e-16  1.5069766e-16  -4.3071708e-16  2.6526402e-16  -5.8137297e-16  -2.1962076e-16  -8.6395587e-17  1.6753079e-16  -5.6899887e-16  -2.0209680e-16  5.7309394e-16  -4.3526852e-16  -4.5888021e-16  -3.9459862e-16  -2.9837576e-17  3.1638943e-16  1.9167611e-16  
3.1243147e-16  4.4100314e-16  3.2023328e-16  8.3334761e-17  -3.6794756e-16  3.5980217e-16  -2.4097016e-16  1.2307658e-15  3.4391205e-16  -3.6681503e-16  -4.6817543e-16  -1.4267081e-16  4.4480683e-17  1.0000000   1.7869945e-16  1.4732651e-16  2.2921030e-16  2.1021695e-16  -8.3982655e-19  -1.6880253e-16  2.2639872e-16  -3.4641769e-16  5.6633675e-16  3.0747790e-16  -4.9842906e-17  4.9749990e-17  6.4611160e-19  -1.9567697e-16  -1.2005646e-16  -1.4690834e-17  8.6045346e-17  3.1243147e-16  4.4100314e-16  3.2023328e-16  8.3334761e-17  -3.6794756e-16  3.5980217e-16  -2.4097016e-16  1.2307658e-15  3.4391205e-16  -3.6681503e-16  -4.6817543e-16  -1.4267081e-16  4.4480683e-17  1.0000000   1.7869945e-16  1.4732651e-16  2.2921030e-16  2.1021695e-16  -8.3982655e-19  -1.6880253e-16  2.2639872e-16  -3.4641769e-16  5.6633675e-16  3.0747790e-16  -4.9842906e-17  4.9749990e-17  6.4611160e-19  -1.9567697e-16  -1.2005646e-16  -1.4690834e-17  8.6045346e-17  
5.6092525e-16  3.9046995e-16  -3.6746698e-16  6.5534420e-16  6.8150639e-16  -2.2265656e-16  5.6186263e-17  4.8032109e-16  4.6361226e-16  -3.6982090e-16  -4.3637972e-16  -7.6911280e-17  5.3116894e-16  1.7869945e-16  1.0000000   -1.6612569e-16  -7.0764845e-16  -1.6525736e-16  3.1109933e-16  8.3186108e-16  2.7876401e-16  -3.3598131e-16  -1.0810309e-15  2.4137464e-17  -6.0715001e-16  -4.8118446e-16  -6.2059658e-16  -4.6983859e-22  1.8306827e-17  -3.3762982e-16  -2.1091526e-16  5.6092525e-16  3.9046995e-16  -3.6746698e-16  6.5534420e-16  6.8150639e-16  -2.2265656e-16  5.6186263e-17  4.8032109e-16  4.6361226e-16  -3.6982090e-16  -4.3637972e-16  -7.6911280e-17  5.3116894e-16  1.7869945e-16  1.0000000   -1.6612569e-16  -7.0764845e-16  -1.6525736e-16  3.1109933e-16  8.3186108e-16  2.7876401e-16  -3.3598131e-16  -1.0810309e-15  2.4137464e-17  -6.0715001e-16  -4.8118446e-16  -6.2059658e-16  -4.6983859e-22  1.8306827e-17  -3.3762982e-16  -2.1091526e-16  
9.1828324e-17  -2.4281206e-16  -3.2584924e-16  5.9808057e-17  3.8497525e-17  3.2229096e-16  3.5068937e-16  2.8687501e-16  -4.2864494e-16  4.7674647e-17  2.5916922e-16  -1.0372971e-16  1.5069766e-16  1.4732651e-16  -1.6612569e-16  1.0000000   -5.2092351e-17  -2.3508076e-16  2.7652406e-16  -3.9753502e-16  -2.6086101e-16  6.0897864e-17  -1.8347471e-16  7.5739863e-17  5.7905527e-16  9.0654631e-17  1.0715829e-16  -2.8403662e-16  -5.9219283e-17  -2.8764719e-16  -6.1926933e-17  9.1828324e-17  -2.4281206e-16  -3.2584924e-16  5.9808057e-17  3.8497525e-17  3.2229096e-16  3.5068937e-16  2.8687501e-16  -4.2864494e-16  4.7674647e-17  2.5916922e-16  -1.0372971e-16  1.5069766e-16  1.4732651e-16  -1.6612569e-16  1.0000000   -5.2092351e-17  -2.3508076e-16  2.7652406e-16  -3.9753502e-16  -2.6086101e-16  6.0897864e-17  -1.8347471e-16  7.5739863e-17  5.7905527e-16  9.0654631e-17  1.0715829e-16  -2.8403662e-16  -5.9219283e-17  -2.8764719e-16  -6.1926933e-17  
-5.9196375e-16  2.6385054e-16  3.4419245e-16  -5.2851467e-16  -7.8485841e-17  -1.3511208e-15  -3.5837828e-16  4.6097820e-16  4.1046376e-16  -1.7705376e-16  -1.5985948e-16  2.1166617e-16  -4.3071708e-16  2.2921030e-16  -7.0764845e-16  -5.2092351e-17  1.0000000   -5.4097342e-16  3.5282207e-16  -5.2165101e-16  5.6564078e-17  -5.8567809e-16  7.6345684e-17  9.0737892e-18  4.7829827e-16  2.4157925e-16  1.0066505e-16  5.2605153e-17  3.0138487e-16  -2.1505366e-16  1.7262957e-16  -5.9196375e-16  2.6385054e-16  3.4419245e-16  -5.2851467e-16  -7.8485841e-17  -1.3511208e-15  -3.5837828e-16  4.6097820e-16  4.1046376e-16  -1.7705376e-16  -1.5985948e-16  2.1166617e-16  -4.3071708e-16  2.2921030e-16  -7.0764845e-16  -5.2092351e-17  1.0000000   -5.4097342e-16  3.5282207e-16  -5.2165101e-16  5.6564078e-17  -5.8567809e-16  7.6345684e-17  9.0737892e-18  4.7829827e-16  2.4157925e-16  1.0066505e-16  5.2605153e-17  3.0138487e-16  -2.1505366e-16  1.7262957e-16  
-2.1454536e-16  -5.8731659e-16  -3.1066727e-16  4.4015853e-16  -2.8477587e-16  -1.1068386e-16  -1.3775005e-16  -7.1500370e-16  -3.6823839e-16  5.0059725e-16  3.8435440e-16  1.3135920e-16  2.6526402e-16  2.1021695e-16  -1.6525736e-16  -2.3508076e-16  -5.4097342e-16  1.0000000   -1.2834102e-16  -8.8628195e-16  -8.0781365e-16  -3.9088155e-18  -4.5451707e-16  6.0663640e-16  -9.0783502e-18  -7.5693197e-17  -2.3309514e-16  1.9264561e-18  -4.3717370e-16  1.9132897e-16  -1.1588707e-16  -2.1454536e-16  -5.8731659e-16  -3.1066727e-16  4.4015853e-16  -2.8477587e-16  -1.1068386e-16  -1.3775005e-16  -7.1500370e-16  -3.6823839e-16  5.0059725e-16  3.8435440e-16  1.3135920e-16  2.6526402e-16  2.1021695e-16  -1.6525736e-16  -2.3508076e-16  -5.4097342e-16  1.0000000   -1.2834102e-16  -8.8628195e-16  -8.0781365e-16  -3.9088155e-18  -4.5451707e-16  6.0663640e-16  -9.0783502e-18  -7.5693197e-17  -2.3309514e-16  1.9264561e-18  -4.3717370e-16  1.9132897e-16  -1.1588707e-16  
5.1902877e-17  3.5283414e-16  -7.0802702e-16  -3.0270259e-16  -5.4725152e-16  -1.9645933e-17  -4.7373750e-16  1.2799213e-16  3.3196342e-16  -1.4023681e-16  -9.9989708e-17  4.4709238e-16  -5.8137297e-16  -8.3982655e-19  3.1109933e-16  2.7652406e-16  3.5282207e-16  -1.2834102e-16  1.0000000   -4.8861517e-16  1.9533903e-16  -2.0359207e-16  4.0788637e-16  1.2512731e-16  -3.1988663e-16  4.7526203e-16  -4.4648019e-16  -7.4637910e-16  2.0340349e-16  5.4510474e-16  -1.6365810e-16  5.1902877e-17  3.5283414e-16  -7.0802702e-16  -3.0270259e-16  -5.4725152e-16  -1.9645933e-17  -4.7373750e-16  1.2799213e-16  3.3196342e-16  -1.4023681e-16  -9.9989708e-17  4.4709238e-16  -5.8137297e-16  -8.3982655e-19  3.1109933e-16  2.7652406e-16  3.5282207e-16  -1.2834102e-16  1.0000000   -4.8861517e-16  1.9533903e-16  -2.0359207e-16  4.0788637e-16  1.2512731e-16  -3.1988663e-16  4.7526203e-16  -4.4648019e-16  -7.4637910e-16  2.0340349e-16  5.4510474e-16  -1.6365810e-16  
-3.8556759e-16  -2.7742771e-17  -3.9589885e-16  -4.6403930e-16  -1.6714925e-16  -1.1125998e-16  6.1075617e-18  3.7126097e-16  -2.1337464e-16  -1.7887834e-16  3.3879642e-16  -4.5333806e-17  -2.1962076e-16  -1.6880253e-16  8.3186108e-16  -3.9753502e-16  -5.2165101e-16  -8.8628195e-16  -4.8861517e-16  1.0000000   -1.0717059e-17  3.0734383e-16  -3.8731937e-16  7.2335301e-17  5.4270837e-16  -2.3093028e-16  1.9732933e-16  -5.9420320e-16  1.1394098e-16  1.0665620e-15  1.8425212e-16  -3.8556759e-16  -2.7742771e-17  -3.9589885e-16  -4.6403930e-16  -1.6714925e-16  -1.1125998e-16  6.1075617e-18  3.7126097e-16  -2.1337464e-16  -1.7887834e-16  3.3879642e-16  -4.5333806e-17  -2.1962076e-16  -1.6880253e-16  8.3186108e-16  -3.9753502e-16  -5.2165101e-16  -8.8628195e-16  -4.8861517e-16  1.0000000   -1.0717059e-17  3.0734383e-16  -3.8731937e-16  7.2335301e-17  5.4270837e-16  -2.3093028e-16  1.9732933e-16  -5.9420320e-16  1.1394098e-16  1.0665620e-15  1.8425212e-16  
-2.5799121e-16  -4.8827456e-16  5.9827897e-16  -5.5249313e-16  -2.2629437e-16  -3.8365474e-16  5.3341814e-17  8.1907494e-16  2.9335556e-16  -1.7347150e-16  -8.0585093e-17  2.6549383e-16  -8.6395587e-17  2.2639872e-16  2.7876401e-16  -2.6086101e-16  5.6564078e-17  -8.0781365e-16  1.9533903e-16  -1.0717059e-17  1.0000000   1.2839604e-16  -1.7362856e-16  2.3993004e-16  -1.7604856e-16  -7.4175917e-16  -1.0506896e-15  3.5926617e-16  -3.5806409e-16  3.1560707e-16  9.4654350e-17  -2.5799121e-16  -4.8827456e-16  5.9827897e-16  -5.5249313e-16  -2.2629437e-16  -3.8365474e-16  5.3341814e-17  8.1907494e-16  2.9335556e-16  -1.7347150e-16  -8.0585093e-17  2.6549383e-16  -8.6395587e-17  2.2639872e-16  2.7876401e-16  -2.6086101e-16  5.6564078e-17  -8.0781365e-16  1.9533903e-16  -1.0717059e-17  1.0000000   1.2839604e-16  -1.7362856e-16  2.3993004e-16  -1.7604856e-16  -7.4175917e-16  -1.0506896e-15  3.5926617e-16  -3.5806409e-16  3.1560707e-16  9.4654350e-17  
5.9534055e-16  2.0069889e-16  -3.3085046e-16  -1.9996641e-16  5.7476220e-16  -6.5199133e-16  -1.6960810e-16  -1.2299872e-16  -2.8833401e-16  -3.3031182e-16  3.2032639e-16  2.4973866e-17  1.6753079e-16  -3.4641769e-16  -3.3598131e-16  6.0897864e-17  -5.8567809e-16  -3.9088155e-18  -2.0359207e-16  3.0734383e-16  1.2839604e-16  1.0000000   -1.7090151e-16  1.9775842e-16  2.3146975e-16  -1.6484656e-16  2.6062275e-16  2.1454790e-16  2.0913382e-16  9.5163086e-17  9.9810377e-17  5.9534055e-16  2.0069889e-16  -3.3085046e-16  -1.9996641e-16  5.7476220e-16  -6.5199133e-16  -1.6960810e-16  -1.2299872e-16  -2.8833401e-16  -3.3031182e-16  3.2032639e-16  2.4973866e-17  1.6753079e-16  -3.4641769e-16  -3.3598131e-16  6.0897864e-17  -5.8567809e-16  -3.9088155e-18  -2.0359207e-16  3.0734383e-16  1.2839604e-16  1.0000000   -1.7090151e-16  1.9775842e-16  2.3146975e-16  -1.6484656e-16  2.6062275e-16  2.1454790e-16  2.0913382e-16  9.5163086e-17  9.9810377e-17  
-2.8205145e-17  5.3557120e-16  -3.0216192e-16  2.5711450e-16  7.5604760e-17  -6.5490566e-16  1.8239323e-16  7.8360477e-16  4.2643471e-16  -5.6052870e-16  -3.7893321e-16  3.4756869e-16  -5.6899887e-16  5.6633675e-16  -1.0810309e-15  -1.8347471e-16  7.6345684e-17  -4.5451707e-16  4.0788637e-16  -3.8731937e-16  -1.7362856e-16  -1.7090151e-16  1.0000000   9.3551477e-17  6.9442334e-16  -2.6093988e-16  4.6611197e-16  -1.0290155e-15  5.7108686e-16  2.5134688e-16  2.5407531e-17  -2.8205145e-17  5.3557120e-16  -3.0216192e-16  2.5711450e-16  7.5604760e-17  -6.5490566e-16  1.8239323e-16  7.8360477e-16  4.2643471e-16  -5.6052870e-16  -3.7893321e-16  3.4756869e-16  -5.6899887e-16  5.6633675e-16  -1.0810309e-15  -1.8347471e-16  7.6345684e-17  -4.5451707e-16  4.0788637e-16  -3.8731937e-16  -1.7362856e-16  -1.7090151e-16  1.0000000   9.3551477e-17  6.9442334e-16  -2.6093988e-16  4.6611197e-16  -1.0290155e-15  5.7108686e-16  2.5134688e-16  2.5407531e-17  
1.2936531e-16  3.3474820e-16  2.8295329e-16  2.6977038e-16  -1.0565439e-15  -6.5615729e-16  2.1752925e-16  -2.2188714e-16  9.0347701e-17  4.2701997e-16  1.6471202e-16  2.5685766e-16  -2.0209680e-16  3.0747790e-16  2.4137464e-17  7.5739863e-17  9.0737892e-18  6.0663640e-16  1.2512731e-16  7.2335301e-17  2.3993004e-16  1.9775842e-16  9.3551477e-17  1.0000000   4.4706435e-16  8.0714352e-17  2.0196430e-16  4.0890548e-16  3.0587738e-16  -7.2205841e-17  -3.0990756e-16  1.2936531e-16  3.3474820e-16  2.8295329e-16  2.6977038e-16  -1.0565439e-15  -6.5615729e-16  2.1752925e-16  -2.2188714e-16  9.0347701e-17  4.2701997e-16  1.6471202e-16  2.5685766e-16  -2.0209680e-16  3.0747790e-16  2.4137464e-17  7.5739863e-17  9.0737892e-18  6.0663640e-16  1.2512731e-16  7.2335301e-17  2.3993004e-16  1.9775842e-16  9.3551477e-17  1.0000000   4.4706435e-16  8.0714352e-17  2.0196430e-16  4.0890548e-16  3.0587738e-16  -7.2205841e-17  -3.0990756e-16  
-2.7454024e-16  -5.1546377e-16  -2.2901990e-16  -4.5847862e-16  8.8789404e-16  1.3667554e-16  -2.2710305e-16  -7.1697410e-16  3.8675177e-17  -3.7097825e-16  -3.0333017e-16  4.7058813e-16  5.7309394e-16  -4.9842906e-17  -6.0715001e-16  5.7905527e-16  4.7829827e-16  -9.0783502e-18  -3.1988663e-16  5.4270837e-16  -1.7604856e-16  2.3146975e-16  6.9442334e-16  4.4706435e-16  1.0000000   -2.2966140e-17  -2.7109978e-16  6.3601249e-17  -1.5831610e-16  -3.3446245e-16  6.0225919e-17  -2.7454024e-16  -5.1546377e-16  -2.2901990e-16  -4.5847862e-16  8.8789404e-16  1.3667554e-16  -2.2710305e-16  -7.1697410e-16  3.8675177e-17  -3.7097825e-16  -3.0333017e-16  4.7058813e-16  5.7309394e-16  -4.9842906e-17  -6.0715001e-16  5.7905527e-16  4.7829827e-16  -9.0783502e-18  -3.1988663e-16  5.4270837e-16  -1.7604856e-16  2.3146975e-16  6.9442334e-16  4.4706435e-16  1.0000000   -2.2966140e-17  -2.7109978e-16  6.3601249e-17  -1.5831610e-16  -3.3446245e-16  6.0225919e-17  
1.6210857e-16  3.4460145e-16  1.9930488e-16  -7.8664185e-17  2.3286501e-16  7.5556124e-16  -1.6958913e-16  9.5402849e-17  4.0806667e-16  -3.9126624e-16  -4.5133952e-17  -2.3062665e-16  -4.3526852e-16  4.9749990e-17  -4.8118446e-16  9.0654631e-17  2.4157925e-16  -7.5693197e-17  4.7526203e-16  -2.3093028e-16  -7.4175917e-16  -1.6484656e-16  -2.6093988e-16  8.0714352e-17  -2.2966140e-17  1.0000000   -1.2144518e-16  -3.5150262e-16  1.6590677e-16  2.7815867e-16  -4.7105657e-16  1.6210857e-16  3.4460145e-16  1.9930488e-16  -7.8664185e-17  2.3286501e-16  7.5556124e-16  -1.6958913e-16  9.5402849e-17  4.0806667e-16  -3.9126624e-16  -4.5133952e-17  -2.3062665e-16  -4.3526852e-16  4.9749990e-17  -4.8118446e-16  9.0654631e-17  2.4157925e-16  -7.5693197e-17  4.7526203e-16  -2.3093028e-16  -7.4175917e-16  -1.6484656e-16  -2.6093988e-16  8.0714352e-17  -2.2966140e-17  1.0000000   -1.2144518e-16  -3.5150262e-16  1.6590677e-16  2.7815867e-16  -4.7105657e-16  
3.0855786e-16  2.5922487e-17  9.1404715e-18  -3.4230192e-16  -1.0348450e-15  -2.2568912e-17  -3.0428371e-16  5.0580803e-16  1.5327591e-16  2.5584561e-16  -6.6720395e-17  1.3712463e-16  -4.5888021e-16  6.4611160e-19  -6.2059658e-16  1.0715829e-16  1.0066505e-16  -2.3309514e-16  -4.4648019e-16  1.9732933e-16  -1.0506896e-15  2.6062275e-16  4.6611197e-16  2.0196430e-16  -2.7109978e-16  -1.2144518e-16  1.0000000   5.8107308e-16  -2.7678083e-16  -5.5216882e-16  -5.3319971e-16  3.0855786e-16  2.5922487e-17  9.1404715e-18  -3.4230192e-16  -1.0348450e-15  -2.2568912e-17  -3.0428371e-16  5.0580803e-16  1.5327591e-16  2.5584561e-16  -6.6720395e-17  1.3712463e-16  -4.5888021e-16  6.4611160e-19  -6.2059658e-16  1.0715829e-16  1.0066505e-16  -2.3309514e-16  -4.4648019e-16  1.9732933e-16  -1.0506896e-15  2.6062275e-16  4.6611197e-16  2.0196430e-16  -2.7109978e-16  -1.2144518e-16  1.0000000   5.8107308e-16  -2.7678083e-16  -5.5216882e-16  -5.3319971e-16  
-5.1503077e-17  -4.9309908e-16  -1.5050630e-16  4.5048774e-16  5.4734541e-18  7.1565579e-16  3.1694612e-16  7.8597977e-16  6.0906197e-16  3.3663252e-16  3.1319413e-16  4.0205354e-16  -3.9459862e-16  -1.9567697e-16  -4.6983859e-22  -2.8403662e-16  5.2605153e-17  1.9264561e-18  -7.4637910e-16  -5.9420320e-16  3.5926617e-16  2.1454790e-16  -1.0290155e-15  4.0890548e-16  6.3601249e-17  -3.5150262e-16  5.8107308e-16  1.0000000   -9.0794931e-17  -3.4342038e-17  -2.5619369e-16  -5.1503077e-17  -4.9309908e-16  -1.5050630e-16  4.5048774e-16  5.4734541e-18  7.1565579e-16  3.1694612e-16  7.8597977e-16  6.0906197e-16  3.3663252e-16  3.1319413e-16  4.0205354e-16  -3.9459862e-16  -1.9567697e-16  -4.6983859e-22  -2.8403662e-16  5.2605153e-17  1.9264561e-18  -7.4637910e-16  -5.9420320e-16  3.5926617e-16  2.1454790e-16  -1.0290155e-15  4.0890548e-16  6.3601249e-17  -3.5150262e-16  5.8107308e-16  1.0000000   -9.0794931e-17  -3.4342038e-17  -2.5619369e-16  
-4.7791116e-16  2.6746892e-17  -3.1636569e-16  5.2200520e-16  -4.8496090e-16  1.3368676e-16  -3.0588555e-16  -2.4491220e-16  4.9839031e-16  2.6863592e-16  -9.1594673e-16  -1.6298332e-16  -2.9837576e-17  -1.2005646e-16  1.8306827e-17  -5.9219283e-17  3.0138487e-16  -4.3717370e-16  2.0340349e-16  1.1394098e-16  -3.5806409e-16  2.0913382e-16  5.7108686e-16  3.0587738e-16  -1.5831610e-16  1.6590677e-16  -2.7678083e-16  -9.0794931e-17  1.0000000   -9.1939385e-17  -6.9236261e-17  -4.7791116e-16  2.6746892e-17  -3.1636569e-16  5.2200520e-16  -4.8496090e-16  1.3368676e-16  -3.0588555e-16  -2.4491220e-16  4.9839031e-16  2.6863592e-16  -9.1594673e-16  -1.6298332e-16  -2.9837576e-17  -1.2005646e-16  1.8306827e-17  -5.9219283e-17  3.0138487e-16  -4.3717370e-16  2.0340349e-16  1.1394098e-16  -3.5806409e-16  2.0913382e-16  5.7108686e-16  3.0587738e-16  -1.5831610e-16  1.6590677e-16  -2.7678083e-16  -9.0794931e-17  1.0000000   -9.1939385e-17  -6.9236261e-17  
3.7830471e-16  3.1684806e-16  -5.8728353e-16  -1.0108766e-16  8.5247844e-17  -3.0778993e-16  1.2903993e-18  6.3732257e-16  -4.5098627e-16  -2.2602685e-16  -1.9330263e-16  8.6186136e-17  3.1638943e-16  -1.4690834e-17  -3.3762982e-16  -2.8764719e-16  -2.1505366e-16  1.9132897e-16  5.4510474e-16  1.0665620e-15  3.1560707e-16  9.5163086e-17  2.5134688e-16  -7.2205841e-17  -3.3446245e-16  2.7815867e-16  -5.5216882e-16  -3.4342038e-17  -9.1939385e-17  1.0000000   1.2434560e-16  3.7830471e-16  3.1684806e-16  -5.8728353e-16  -1.0108766e-16  8.5247844e-17  -3.0778993e-16  1.2903993e-18  6.3732257e-16  -4.5098627e-16  -2.2602685e-16  -1.9330263e-16  8.6186136e-17  3.1638943e-16  -1.4690834e-17  -3.3762982e-16  -2.8764719e-16  -2.1505366e-16  1.9132897e-16  5.4510474e-16  1.0665620e-15  3.1560707e-16  9.5163086e-17  2.5134688e-16  -7.2205841e-17  -3.3446245e-16  2.7815867e-16  -5.5216882e-16  -3.4342038e-17  -9.1939385e-17  1.0000000   1.2434560e-16  
4.8846346e-16  -2.1196668e-16  6.8546538e-17  -3.2548305e-16  6.2365670e-16  -4.8155203e-16  2.3715749e-16  3.2086015e-16  5.3730531e-17  -2.3062673e-16  -2.8031885e-16  4.0805669e-16  1.9167611e-16  8.6045346e-17  -2.1091526e-16  -6.1926933e-17  1.7262957e-16  -1.1588707e-16  -1.6365810e-16  1.8425212e-16  9.4654350e-17  9.9810377e-17  2.5407531e-17  -3.0990756e-16  6.0225919e-17  -4.7105657e-16  -5.3319971e-16  -2.5619369e-16  -6.9236261e-17  1.2434560e-16  1.0000000   4.8846346e-16  -2.1196668e-16  6.8546538e-17  -3.2548305e-16  6.2365670e-16  -4.8155203e-16  2.3715749e-16  3.2086015e-16  5.3730531e-17  -2.3062673e-16  -2.8031885e-16  4.0805669e-16  1.9167611e-16  8.6045346e-17  -2.1091526e-16  -6.1926933e-17  1.7262957e-16  -1.1588707e-16  -1.6365810e-16  1.8425212e-16  9.4654350e-17  9.9810377e-17  2.5407531e-17  -3.0990756e-16  6.0225919e-17  -4.7105657e-16  -5.3319971e-16  -2.5619369e-16  -6.9236261e-17  1.2434560e-16  1.0000000   
1.0000000   -2.3963486e-16  3.6615434e-16  -1.1522739e-15  -4.8895874e-16  -7.9418706e-17  8.9938561e-16  6.8907569e-16  -2.5542143e-16  1.4157929e-16  -4.0869737e-16  -7.0906035e-16  2.9745554e-17  3.1243147e-16  5.6092525e-16  9.1828324e-17  -5.9196375e-16  -2.1454536e-16  5.1902877e-17  -3.8556759e-16  -2.5799121e-16  5.9534055e-16  -2.8205145e-17  1.2936531e-16  -2.7454024e-16  1.6210857e-16  3.0855786e-16  -5.1503077e-17  -4.7791116e-16  3.7830471e-16  4.8846346e-16  1.0000000   -2.3963486e-16  3.6615434e-16  -1.1522739e-15  -4.8895874e-16  -7.9418706e-17  8.9938561e-16  6.8907569e-16  -2.5542143e-16  1.4157929e-16  -4.0869737e-16  -7.0906035e-16  2.9745554e-17  3.1243147e-16  5.6092525e-16  9.1828324e-17  -5.9196375e-16  -2.1454536e-16  5.1902877e-17  -3.8556759e-16  -2.5799121e-16  5.9534055e-16  -2.8205145e-17  1.2936531e-16  -2.7454024e-16  1.6210857e-16  3.0855786e-16  -5.1503077e-17  -4.7791116e-16  3.7830471e-16  4.8846346e-16  
-2.3963486e-16  1.0000000   -5.0581049e-17  8.9726746e-16  1.2879830e-16  -5.9682561e-16  1.1322955e-16  -8.6867816e-16  -5.8677572e-16  -3.5816708e-16  -4.6876905e-16  2.9549184e-16  2.9426130e-16  4.4100314e-16  3.9046995e-16  -2.4281206e-16  2.6385054e-16  -5.8731659e-16  3.5283414e-16  -2.7742771e-17  -4.8827456e-16  2.0069889e-16  5.3557120e-16  3.3474820e-16  -5.1546377e-16  3.4460145e-16  2.5922487e-17  -4.9309908e-16  2.6746892e-17  3.1684806e-16  -2.1196668e-16  -2.3963486e-16  1.0000000   -5.0581049e-17  8.9726746e-16  1.2879830e-16  -5.9682561e-16  1.1322955e-16  -8.6867816e-16  -5.8677572e-16  -3.5816708e-16  -4.6876905e-16  2.9549184e-16  2.9426130e-16  4.4100314e-16  3.9046995e-16  -2.4281206e-16  2.6385054e-16  -5.8731659e-16  3.5283414e-16  -2.7742771e-17  -4.8827456e-16  2.0069889e-16  5.3557120e-16  3.3474820e-16  -5.1546377e-16  3.4460145e-16  2.5922487e-17  -4.9309908e-16  2.6746892e-17  3.1684806e-16  -2.1196668e-16  
3.6615434e-16  -5.0581049e-17  1.0000000   6.4425371e-16  -5.3126571e-17  -1.7635146e-16  -3.9928699e-16  2.1297064e-16  3.8420929e-16  2.2015423e-16  -2.7417973e-16  3.7352795e-16  4.8567135e-17  3.2023328e-16  -3.6746698e-16  -3.2584924e-16  3.4419245e-16  -3.1066727e-16  -7.0802702e-16  -3.9589885e-16  5.9827897e-16  -3.3085046e-16  -3.0216192e-16  2.8295329e-16  -2.2901990e-16  1.9930488e-16  9.1404715e-18  -1.5050630e-16  -3.1636569e-16  -5.8728353e-16  6.8546538e-17  3.6615434e-16  -5.0581049e-17  1.0000000   6.4425371e-16  -5.3126571e-17  -1.7635146e-16  -3.9928699e-16  2.1297064e-16  3.8420929e-16  2.2015423e-16  -2.7417973e-16  3.7352795e-16  4.8567135e-17  3.2023328e-16  -3.6746698e-16  -3.2584924e-16  3.4419245e-16  -3.1066727e-16  -7.0802702e-16  -3.9589885e-16  5.9827897e-16  -3.3085046e-16  -3.0216192e-16  2.8295329e-16  -2.2901990e-16  1.9930488e-16  9.1404715e-18  -1.5050630e-16  -3.1636569e-16  -5.8728353e-16  6.8546538e-17  
-1.1522739e-15  8.9726746e-16  6.4425371e-16  1.0000000   3.0254980e-17  2.0482895e-16  -5.1678475e-16  -6.0008678e-16  3.4703256e-16  2.6223919e-16  3.8579131e-16  8.2827630e-16  3.6341280e-16  8.3334761e-17  6.5534420e-16  5.9808057e-17  -5.2851467e-16  4.4015853e-16  -3.0270259e-16  -4.6403930e-16  -5.5249313e-16  -1.9996641e-16  2.5711450e-16  2.6977038e-16  -4.5847862e-16  -7.8664185e-17  -3.4230192e-16  4.5048774e-16  5.2200520e-16  -1.0108766e-16  -3.2548305e-16  -1.1522739e-15  8.9726746e-16  6.4425371e-16  1.0000000   3.0254980e-17  2.0482895e-16  -5.1678475e-16  -6.0008678e-16  3.4703256e-16  2.6223919e-16  3.8579131e-16  8.2827630e-16  3.6341280e-16  8.3334761e-17  6.5534420e-16  5.9808057e-17  -5.2851467e-16  4.4015853e-16  -3.0270259e-16  -4.6403930e-16  -5.5249313e-16  -1.9996641e-16  2.5711450e-16  2.6977038e-16  -4.5847862e-16  -7.8664185e-17  -3.4230192e-16  4.5048774e-16  5.2200520e-16  -1.0108766e-16  -3.2548305e-16  
-4.8895874e-16  1.2879830e-16  -5.3126571e-17  3.0254980e-17  1.0000000   -2.7073539e-16  -3.5842041e-16  9.9159403e-17  -2.1610419e-17  -7.4008539e-17  5.0438658e-16  6.5971089e-16  3.9296156e-16  -3.6794756e-16  6.8150639e-16  3.8497525e-17  -7.8485841e-17  -2.8477587e-16  -5.4725152e-16  -1.6714925e-16  -2.2629437e-16  5.7476220e-16  7.5604760e-17  -1.0565439e-15  8.8789404e-16  2.3286501e-16  -1.0348450e-15  5.4734541e-18  -4.8496090e-16  8.5247844e-17  6.2365670e-16  -4.8895874e-16  1.2879830e-16  -5.3126571e-17  3.0254980e-17  1.0000000   -2.7073539e-16  -3.5842041e-16  9.9159403e-17  -2.1610419e-17  -7.4008539e-17  5.0438658e-16  6.5971089e-16  3.9296156e-16  -3.6794756e-16  6.8150639e-16  3.8497525e-17  -7.8485841e-17  -2.8477587e-16  -5.4725152e-16  -1.6714925e-16  -2.2629437e-16  5.7476220e-16  7.5604760e-17  -1.0565439e-15  8.8789404e-16  2.3286501e-16  -1.0348450e-15  5.4734541e-18  -4.8496090e-16  8.5247844e-17  6.2365670e-16  
-7.9418706e-17  -5.9682561e-16  -1.7635146e-16  2.0482895e-16  -2.7073539e-16  1.0000000   -2.8608813e-16  -4.2059016e-16  2.6081340e-16  -1.9033813e-16  -5.3607992e-16  7.7978583e-16  -6.9546945e-16  3.5980217e-16  -2.2265656e-16  3.2229096e-16  -1.3511208e-15  -1.1068386e-16  -1.9645933e-17  -1.1125998e-16  -3.8365474e-16  -6.5199133e-16  -6.5490566e-16  -6.5615729e-16  1.3667554e-16  7.5556124e-16  -2.2568912e-17  7.1565579e-16  1.3368676e-16  -3.0778993e-16  -4.8155203e-16  -7.9418706e-17  -5.9682561e-16  -1.7635146e-16  2.0482895e-16  -2.7073539e-16  1.0000000   -2.8608813e-16  -4.2059016e-16  2.6081340e-16  -1.9033813e-16  -5.3607992e-16  7.7978583e-16  -6.9546945e-16  3.5980217e-16  -2.2265656e-16  3.2229096e-16  -1.3511208e-15  -1.1068386e-16  -1.9645933e-17  -1.1125998e-16  -3.8365474e-16  -6.5199133e-16  -6.5490566e-16  -6.5615729e-16  1.3667554e-16  7.5556124e-16  -2.2568912e-17  7.1565579e-16  1.3368676e-16  -3.0778993e-16  -4.8155203e-16  
8.9938561e-16  1.1322955e-16  -3.9928699e-16  -5.1678475e-16  -3.5842041e-16  -2.8608813e-16  1.0000000   -5.7459095e-16  -2.8225061e-16  9.6183936e-17  1.5959265e-16  -1.4026281e-16  -2.8791956e-16  -2.4097016e-16  5.6186263e-17  3.5068937e-16  -3.5837828e-16  -1.3775005e-16  -4.7373750e-16  6.1075617e-18  5.3341814e-17  -1.6960810e-16  1.8239323e-16  2.1752925e-16  -2.2710305e-16  -1.6958913e-16  -3.0428371e-16  3.1694612e-16  -3.0588555e-16  1.2903993e-18  2.3715749e-16  8.9938561e-16  1.1322955e-16  -3.9928699e-16  -5.1678475e-16  -3.5842041e-16  -2.8608813e-16  1.0000000   -5.7459095e-16  -2.8225061e-16  9.6183936e-17  1.5959265e-16  -1.4026281e-16  -2.8791956e-16  -2.4097016e-16  5.6186263e-17  3.5068937e-16  -3.5837828e-16  -1.3775005e-16  -4.7373750e-16  6.1075617e-18  5.3341814e-17  -1.6960810e-16  1.8239323e-16  2.1752925e-16  -2.2710305e-16  -1.6958913e-16  -3.0428371e-16  3.1694612e-16  -3.0588555e-16  1.2903993e-18  2.3715749e-16  
6.8907569e-16  -8.6867816e-16  2.1297064e-16  -6.0008678e-16  9.9159403e-17  -4.2059016e-16  -5.7459095e-16  1.0000000   -4.4301401e-16  -2.0319028e-16  4.4061256e-16  5.9576825e-16  -4.7936674e-16  1.2307658e-15  4.8032109e-16  2.8687501e-16  4.6097820e-16  -7.1500370e-16  1.2799213e-16  3.7126097e-16  8.1907494e-16  -1.2299872e-16  7.8360477e-16  -2.2188714e-16  -7.1697410e-16  9.5402849e-17  5.0580803e-16  7.8597977e-16  -2.4491220e-16  6.3732257e-16  3.2086015e-16  6.8907569e-16  -8.6867816e-16  2.1297064e-16  -6.0008678e-16  9.9159403e-17  -4.2059016e-16  -5.7459095e-16  1.0000000   -4.4301401e-16  -2.0319028e-16  4.4061256e-16  5.9576825e-16  -4.7936674e-16  1.2307658e-15  4.8032109e-16  2.8687501e-16  4.6097820e-16  -7.1500370e-16  1.2799213e-16  3.7126097e-16  8.1907494e-16  -1.2299872e-16  7.8360477e-16  -2.2188714e-16  -7.1697410e-16  9.5402849e-17  5.0580803e-16  7.8597977e-16  -2.4491220e-16  6.3732257e-16  3.2086015e-16  
-2.5542143e-16  -5.8677572e-16  3.8420929e-16  3.4703256e-16  -2.1610419e-17  2.6081340e-16  -2.8225061e-16  -4.4301401e-16  1.0000000   -9.9605322e-17  -1.6495649e-16  -5.0985613e-16  7.3848783e-16  3.4391205e-16  4.6361226e-16  -4.2864494e-16  4.1046376e-16  -3.6823839e-16  3.3196342e-16  -2.1337464e-16  2.9335556e-16  -2.8833401e-16  4.2643471e-16  9.0347701e-17  3.8675177e-17  4.0806667e-16  1.5327591e-16  6.0906197e-16  4.9839031e-16  -4.5098627e-16  5.3730531e-17  -2.5542143e-16  -5.8677572e-16  3.8420929e-16  3.4703256e-16  -2.1610419e-17  2.6081340e-16  -2.8225061e-16  -4.4301401e-16  1.0000000   -9.9605322e-17  -1.6495649e-16  -5.0985613e-16  7.3848783e-16  3.4391205e-16  4.6361226e-16  -4.2864494e-16  4.1046376e-16  -3.6823839e-16  3.3196342e-16  -2.1337464e-16  2.9335556e-16  -2.8833401e-16  4.2643471e-16  9.0347701e-17  3.8675177e-17  4.0806667e-16  1.5327591e-16  6.0906197e-16  4.9839031e-16  -4.5098627e-16  5.3730531e-17  
1.4157929e-16  -3.5816708e-16  2.2015423e-16  2.6223919e-16  -7.4008539e-17  -1.9033813e-16  9.6183936e-17  -2.0319028e-16  -9.9605322e-17  1.0000000   -2.3359377e-16  2.8106423e-16  2.3576165e-16  -3.6681503e-16  -3.6982090e-16  4.7674647e-17  -1.7705376e-16  5.0059725e-16  -1.4023681e-16  -1.7887834e-16  -1.7347150e-16  -3.3031182e-16  -5.6052870e-16  4.2701997e-16  -3.7097825e-16  -3.9126624e-16  2.5584561e-16  3.3663252e-16  2.6863592e-16  -2.2602685e-16  -2.3062673e-16  1.4157929e-16  -3.5816708e-16  2.2015423e-16  2.6223919e-16  -7.4008539e-17  -1.9033813e-16  9.6183936e-17  -2.0319028e-16  -9.9605322e-17  1.0000000   -2.3359377e-16  2.8106423e-16  2.3576165e-16  -3.6681503e-16  -3.6982090e-16  4.7674647e-17  -1.7705376e-16  5.0059725e-16  -1.4023681e-16  -1.7887834e-16  -1.7347150e-16  -3.3031182e-16  -5.6052870e-16  4.2701997e-16  -3.7097825e-16  -3.9126624e-16  2.5584561e-16  3.3663252e-16  2.6863592e-16  -2.2602685e-16  -2.3062673e-16  
