1.0000000   5.6937776e-17  -9.7031855e-16  -2.0115838e-17  5.1800464e-16  4.3672677e-17  3.1566509e-16  7.6857440e-16  -6.0914465e-16  -8.8743046e-18  4.7945463e-17  -2.7304598e-16  6.0215625e-17  5.9321326e-16  1.6234153e-16  9.4350087e-17  7.1735031e-16  -5.5353456e-17  6.0587671e-20  9.9497261e-16  -4.8113205e-16  -2.4737219e-16  1.3452157e-16  -3.1755221e-16  -1.6100547e-16  -5.9121363e-16  1.8448808e-16  -9.3714779e-17  4.3079754e-16  -1.3012688e-16  1.0439908e-15  1.0000000   5.6937776e-17  -9.7031855e-16  -2.0115838e-17  5.1800464e-16  4.3672677e-17  3.1566509e-16  7.6857440e-16  -6.0914465e-16  -8.8743046e-18  4.7945463e-17  -2.7304598e-16  6.0215625e-17  5.9321326e-16  1.6234153e-16  9.4350087e-17  7.1735031e-16  -5.5353456e-17  6.0587671e-20  9.9497261e-16  -4.8113205e-16  -2.4737219e-16  1.3452157e-16  -3.1755221e-16  -1.6100547e-16  -5.9121363e-16  1.8448808e-16  -9.3714779e-17  4.3079754e-16  -1.3012688e-16  1.0439908e-15  
5.6937776e-17  1.0000000   -6.0441724e-16  -4.9589489e-16  -1.6148276e-16  -7.5789748e-16  8.6423150e-16  -3.7798798e-16  3.0653704e-16  6.1341286e-16  -1.0987971e-16  -7.6531810e-16  -9.1976497e-16  -2.0146714e-16  4.1715586e-16  -1.6180656e-16  1.0209408e-16  -5.3898268e-17  -2.3699504e-16  -7.1928898e-16  -3.3608780e-16  -4.9314394e-16  -1.5121439e-16  -6.4461253e-16  2.7540246e-17  5.0702942e-16  6.1708488e-17  6.2060702e-16  3.2317265e-17  -4.6029375e-16  4.2593373e-16  5.6937776e-17  1.0000000   -6.0441724e-16  -4.9589489e-16  -1.6148276e-16  -7.5789748e-16  8.6423150e-16  -3.7798798e-16  3.0653704e-16  6.1341286e-16  -1.0987971e-16  -7.6531810e-16  -9.1976497e-16  -2.0146714e-16  4.1715586e-16  -1.6180656e-16  1.0209408e-16  -5.3898268e-17  -2.3699504e-16  -7.1928898e-16  -3.3608780e-16  -4.9314394e-16  -1.5121439e-16  -6.4461253e-16  2.7540246e-17  5.0702942e-16  6.1708488e-17  6.2060702e-16  3.2317265e-17  -4.6029375e-16  4.2593373e-16  
-9.7031855e-16  -6.0441724e-16  1.0000000   -1.0576531e-15  6.5095309e-19  7.4490971e-16  -6.0700034e-17  -2.5759096e-16  -1.4201067e-16  1.1094929e-16  5.7514310e-16  7.2656838e-16  2.6797567e-16  -5.0953697e-16  -2.5041449e-16  5.5696624e-16  2.5687093e-17  1.1080163e-16  -5.4140913e-16  8.3923229e-16  4.8619028e-16  -6.3466459e-16  7.5505969e-16  -2.1323580e-16  2.7135184e-16  -2.0629693e-16  1.8333801e-16  -2.1659685e-16  7.6832677e-16  2.5765551e-17  1.5229057e-18  -9.7031855e-16  -6.0441724e-16  1.0000000   -1.0576531e-15  6.5095309e-19  7.4490971e-16  -6.0700034e-17  -2.5759096e-16  -1.4201067e-16  1.1094929e-16  5.7514310e-16  7.2656838e-16  2.6797567e-16  -5.0953697e-16  -2.5041449e-16  5.5696624e-16  2.5687093e-17  1.1080163e-16  -5.4140913e-16  8.3923229e-16  4.8619028e-16  -6.3466459e-16  7.5505969e-16  -2.1323580e-16  2.7135184e-16  -2.0629693e-16  1.8333801e-16  -2.1659685e-16  7.6832677e-16  2.5765551e-17  1.5229057e-18  
-2.0115838e-17  -4.9589489e-16  -1.0576531e-15  1.0000000   -9.1271748e-16  -7.2759402e-18  9.7639856e-16  7.7071271e-16  -1.7888130e-16  -3.9409107e-16  -3.0828601e-16  -3.0828413e-16  -1.2917027e-16  -5.0556338e-16  3.7217981e-16  -1.4245433e-16  6.3087674e-17  -6.1714380e-16  -1.2061814e-16  9.1244619e-17  -2.7257292e-16  2.0374299e-17  -2.3018047e-16  3.5545658e-16  -8.7658838e-17  -3.0031507e-16  3.7370141e-16  -4.5424400e-16  2.3502253e-16  5.0016193e-16  2.7892285e-17  -2.0115838e-17  -4.9589489e-16  -1.0576531e-15  1.0000000   -9.1271748e-16  -7.2759402e-18  9.7639856e-16  7.7071271e-16  -1.7888130e-16  -3.9409107e-16  -3.0828601e-16  -3.0828413e-16  -1.2917027e-16  -5.0556338e-16  3.7217981e-16  -1.4245433e-16  6.3087674e-17  -6.1714380e-16  -1.2061814e-16  9.1244619e-17  -2.7257292e-16  2.0374299e-17  -2.3018047e-16  3.5545658e-16  -8.7658838e-17  -3.0031507e-16  3.7370141e-16  -4.5424400e-16  2.3502253e-16  5.0016193e-16  2.7892285e-17  
5.1800464e-16  -1.6148276e-16  6.5095309e-19  -9.1271748e-16  1.0000000   2.6365685e-16  3.5703052e-16  -1.5883611e-17  9.3217206e-16  6.0480890e-16  1.3533520e-15  -5.1334937e-16  4.8444585e-16  -2.1380123e-16  -3.8949666e-16  6.3675874e-16  -6.2613598e-16  -4.5475561e-16  -3.4378334e-16  1.4571606e-16  1.1761993e-16  1.9356415e-16  -3.7918960e-17  -3.6461888e-17  6.9034397e-16  4.1506348e-16  -3.2772757e-16  1.1565606e-18  -5.5467139e-16  -2.8659189e-16  2.0398617e-16  5.1800464e-16  -1.6148276e-16  6.5095309e-19  -9.1271748e-16  1.0000000   2.6365685e-16  3.5703052e-16  -1.5883611e-17  9.3217206e-16  6.0480890e-16  1.3533520e-15  -5.1334937e-16  4.8444585e-16  -2.1380123e-16  -3.8949666e-16  6.3675874e-16  -6.2613598e-16  -4.5475561e-16  -3.4378334e-16  1.4571606e-16  1.1761993e-16  1.9356415e-16  -3.7918960e-17  -3.6461888e-17  6.9034397e-16  4.1506348e-16  -3.2772757e-16  1.1565606e-18  -5.5467139e-16  -2.8659189e-16  2.0398617e-16  
4.3672677e-17  -7.5789748e-16  7.4490971e-16  -7.2759402e-18  2.6365685e-16  1.0000000   3.4203711e-16  -2.8535032e-16  -2.1692014e-16  -6.3542369e-16  -4.2488466e-16  -2.1961830e-16  -3.5026559e-16  3.5639297e-16  -3.3749926e-16  -1.0064707e-16  3.1478258e-16  -5.0076275e-16  -3.3735272e-16  8.3209957e-16  -8.1867597e-17  7.4749929e-17  -4.4663585e-17  -1.4352444e-15  1.1442224e-16  -7.5254418e-17  -1.9238836e-16  -9.3518628e-16  3.9151655e-16  -4.6620299e-16  6.3238822e-16  4.3672677e-17  -7.5789748e-16  7.4490971e-16  -7.2759402e-18  2.6365685e-16  1.0000000   3.4203711e-16  -2.8535032e-16  -2.1692014e-16  -6.3542369e-16  -4.2488466e-16  -2.1961830e-16  -3.5026559e-16  3.5639297e-16  -3.3749926e-16  -1.0064707e-16  3.1478258e-16  -5.0076275e-16  -3.3735272e-16  8.3209957e-16  -8.1867597e-17  7.4749929e-17  -4.4663585e-17  -1.4352444e-15  1.1442224e-16  -7.5254418e-17  -1.9238836e-16  -9.3518628e-16  3.9151655e-16  -4.6620299e-16  6.3238822e-16  
3.1566509e-16  8.6423150e-16  -6.0700034e-17  9.7639856e-16  3.5703052e-16  3.4203711e-16  1.0000000   4.8397414e-16  4.6313527e-17  -2.2247573e-16  4.4113719e-16  -3.9290756e-16  4.8463021e-16  -1.6950805e-16  -3.6585268e-16  -2.5917924e-16  -9.6792887e-17  -2.4141905e-17  2.2956061e-16  -2.9183158e-16  -1.6139999e-16  -6.7185901e-16  -8.0513019e-17  -1.2672090e-17  2.1541256e-16  -5.2850600e-16  -1.2179459e-16  -7.4107159e-16  -9.0636117e-17  -2.8710787e-16  -9.7390154e-17  3.1566509e-16  8.6423150e-16  -6.0700034e-17  9.7639856e-16  3.5703052e-16  3.4203711e-16  1.0000000   4.8397414e-16  4.6313527e-17  -2.2247573e-16  4.4113719e-16  -3.9290756e-16  4.8463021e-16  -1.6950805e-16  -3.6585268e-16  -2.5917924e-16  -9.6792887e-17  -2.4141905e-17  2.2956061e-16  -2.9183158e-16  -1.6139999e-16  -6.7185901e-16  -8.0513019e-17  -1.2672090e-17  2.1541256e-16  -5.2850600e-16  -1.2179459e-16  -7.4107159e-16  -9.0636117e-17  -2.8710787e-16  -9.7390154e-17  
7.6857440e-16  -3.7798798e-16  -2.5759096e-16  7.7071271e-16  -1.5883611e-17  -2.8535032e-16  4.8397414e-16  1.0000000   -1.0099815e-16  -8.0001758e-16  -3.7087833e-16  -1.6298186e-16  1.8338026e-16  -8.6879904e-17  -8.5475467e-16  -6.4134500e-16  -5.6144159e-16  -5.8640114e-17  -1.3683301e-16  4.0690075e-16  -3.5093776e-17  -2.2986924e-16  -3.7129950e-16  6.6867825e-16  3.3989727e-16  -1.3094366e-16  3.2939897e-16  3.9447561e-17  -6.7212086e-16  -7.8068228e-17  3.6665300e-16  7.6857440e-16  -3.7798798e-16  -2.5759096e-16  7.7071271e-16  -1.5883611e-17  -2.8535032e-16  4.8397414e-16  1.0000000   -1.0099815e-16  -8.0001758e-16  -3.7087833e-16  -1.6298186e-16  1.8338026e-16  -8.6879904e-17  -8.5475467e-16  -6.4134500e-16  -5.6144159e-16  -5.8640114e-17  -1.3683301e-16  4.0690075e-16  -3.5093776e-17  -2.2986924e-16  -3.7129950e-16  6.6867825e-16  3.3989727e-16  -1.3094366e-16  3.2939897e-16  3.9447561e-17  -6.7212086e-16  -7.8068228e-17  3.6665300e-16  
-6.0914465e-16  3.0653704e-16  -1.4201067e-16  -1.7888130e-16  9.3217206e-16  -2.1692014e-16  4.6313527e-17  -1.0099815e-16  1.0000000   8.5704830e-17  -4.8240877e-16  6.2650949e-16  1.8666176e-16  -2.9443392e-16  -2.2647409e-16  1.9438648e-17  1.5986523e-16  2.3288991e-16  -8.2307534e-17  -8.0324260e-17  1.9013544e-16  1.7469808e-16  -2.3074219e-16  -1.7275747e-16  2.3295696e-17  1.3633622e-16  -1.2153880e-16  1.3397999e-16  -5.3835032e-17  3.8672243e-16  2.4137890e-16  -6.0914465e-16  3.0653704e-16  -1.4201067e-16  -1.7888130e-16  9.3217206e-16  -2.1692014e-16  4.6313527e-17  -1.0099815e-16  1.0000000   8.5704830e-17  -4.8240877e-16  6.2650949e-16  1.8666176e-16  -2.9443392e-16  -2.2647409e-16  1.9438648e-17  1.5986523e-16  2.3288991e-16  -8.2307534e-17  -8.0324260e-17  1.9013544e-16  1.7469808e-16  -2.3074219e-16  -1.7275747e-16  2.3295696e-17  1.3633622e-16  -1.2153880e-16  1.3397999e-16  -5.3835032e-17  3.8672243e-16  2.4137890e-16  
-8.8743046e-18  6.1341286e-16  1.1094929e-16  -3.9409107e-16  6.0480890e-16  -6.3542369e-16  -2.2247573e-16  -8.0001758e-16  8.5704830e-17  1.0000000   5.7756917e-16  3.4771520e-16  -7.4616919e-18  1.8284348e-17  -7.7380304e-17  1.3856419e-16  -3.0652462e-16  2.7695566e-16  8.1485681e-16  7.9365475e-17  1.8032712e-16  3.8329364e-16  -4.9922999e-17  -2.9940388e-16  -4.4235373e-16  1.8430978e-16  2.2423482e-16  2.3751950e-16  1.1856050e-15  -1.8883662e-16  -6.9690079e-16  -8.8743046e-18  6.1341286e-16  1.1094929e-16  -3.9409107e-16  6.0480890e-16  -6.3542369e-16  -2.2247573e-16  -8.0001758e-16  8.5704830e-17  1.0000000   5.7756917e-16  3.4771520e-16  -7.4616919e-18  1.8284348e-17  -7.7380304e-17  1.3856419e-16  -3.0652462e-16  2.7695566e-16  8.1485681e-16  7.9365475e-17  1.8032712e-16  3.8329364e-16  -4.9922999e-17  -2.9940388e-16  -4.4235373e-16  1.8430978e-16  2.2423482e-16  2.3751950e-16  1.1856050e-15  -1.8883662e-16  -6.9690079e-16  
4.7945463e-17  -1.0987971e-16  5.7514310e-16  -3.0828601e-16  1.3533520e-15  -4.2488466e-16  4.4113719e-16  -3.7087833e-16  -4.8240877e-16  5.7756917e-16  1.0000000   4.0252591e-16  -4.5038016e-16  2.0930338e-16  -8.3263069e-16  6.7103346e-17  -9.5154110e-17  4.0806990e-17  -2.2049794e-16  -5.0808844e-16  7.2230424e-16  1.3955496e-16  1.4400271e-16  -4.9036304e-16  5.0180888e-16  6.4691461e-16  3.4199554e-16  -4.0718704e-16  -1.0431238e-15  -8.7927095e-16  -1.3645694e-17  4.7945463e-17  -1.0987971e-16  5.7514310e-16  -3.0828601e-16  1.3533520e-15  -4.2488466e-16  4.4113719e-16  -3.7087833e-16  -4.8240877e-16  5.7756917e-16  1.0000000   4.0252591e-16  -4.5038016e-16  2.0930338e-16  -8.3263069e-16  6.7103346e-17  -9.5154110e-17  4.0806990e-17  -2.2049794e-16  -5.0808844e-16  7.2230424e-16  1.3955496e-16  1.4400271e-16  -4.9036304e-16  5.0180888e-16  6.4691461e-16  3.4199554e-16  -4.0718704e-16  -1.0431238e-15  -8.7927095e-16  -1.3645694e-17  
-2.7304598e-16  -7.6531810e-16  7.2656838e-16  -3.0828413e-16  -5.1334937e-16  -2.1961830e-16  -3.9290756e-16  -1.6298186e-16  6.2650949e-16  3.4771520e-16  4.0252591e-16  1.0000000   -6.7126514e-17  8.3056137e-17  -8.6716606e-17  1.5448239e-16  -1.6905828e-16  -2.6624809e-16  1.1138839e-16  -2.4172693e-16  3.4533226e-16  -5.6579593e-16  -3.2258525e-17  3.5449109e-16  -1.2782695e-16  -3.2488404e-16  3.6794373e-16  -3.1203311e-17  1.2143504e-16  1.5686178e-16  -3.8280574e-16  -2.7304598e-16  -7.6531810e-16  7.2656838e-16  -3.0828413e-16  -5.1334937e-16  -2.1961830e-16  -3.9290756e-16  -1.6298186e-16  6.2650949e-16  3.4771520e-16  4.0252591e-16  1.0000000   -6.7126514e-17  8.3056137e-17  -8.6716606e-17  1.5448239e-16  -1.6905828e-16  -2.6624809e-16  1.1138839e-16  -2.4172693e-16  3.4533226e-16  -5.6579593e-16  -3.2258525e-17  3.5449109e-16  -1.2782695e-16  -3.2488404e-16  3.6794373e-16  -3.1203311e-17  1.2143504e-16  1.5686178e-16  -3.8280574e-16  
6.0215625e-17  -9.1976497e-16  2.6797567e-16  -1.2917027e-16  4.8444585e-16  -3.5026559e-16  4.8463021e-16  1.8338026e-16  1.8666176e-16  -7.4616919e-18  -4.5038016e-16  -6.7126514e-17  1.0000000   -9.0660378e-17  7.2582763e-17  1.2774472e-16  -6.0345451e-16  2.1824961e-16  1.8107501e-16  5.9069086e-16  2.3487834e-16  -1.3171935e-16  -3.0874929e-16  6.4624919e-16  5.8803258e-16  -5.1657999e-16  2.4781914e-17  -4.7637360e-16  -5.6985982e-16  2.1927818e-16  -1.4602488e-16  6.0215625e-17  -9.1976497e-16  2.6797567e-16  -1.2917027e-16  4.8444585e-16  -3.5026559e-16  4.8463021e-16  1.8338026e-16  1.8666176e-16  -7.4616919e-18  -4.5038016e-16  -6.7126514e-17  1.0000000   -9.0660378e-17  7.2582763e-17  1.2774472e-16  -6.0345451e-16  2.1824961e-16  1.8107501e-16  5.9069086e-16  2.3487834e-16  -1.3171935e-16  -3.0874929e-16  6.4624919e-16  5.8803258e-16  -5.1657999e-16  2.4781914e-17  -4.7637360e-16  -5.6985982e-16  2.1927818e-16  -1.4602488e-16  
5.9321326e-16  -2.0146714e-16  -5.0953697e-16  -5.0556338e-16  -2.1380123e-16  3.5639297e-16  -1.6950805e-16  -8.6879904e-17  -2.9443392e-16  1.8284348e-17  2.0930338e-16  8.3056137e-17  -9.0660378e-17  1.0000000   -8.6079961e-17  -4.5137327e-18  2.1002455e-16  -3.1324704e-16  5.2135854e-17  3.1666509e-16  6.1130684e-16  -7.3424641e-17  -4.1778081e-16  -4.1968302e-16  -2.5590209e-17  -4.1308734e-16  6.0898157e-16  -3.3423377e-17  4.5227646e-16  -5.4683590e-16  6.3363616e-17  5.9321326e-16  -2.0146714e-16  -5.0953697e-16  -5.0556338e-16  -2.1380123e-16  3.5639297e-16  -1.6950805e-16  -8.6879904e-17  -2.9443392e-16  1.8284348e-17  2.0930338e-16  8.3056137e-17  -9.0660378e-17  1.0000000   -8.6079961e-17  -4.5137327e-18  2.1002455e-16  -3.1324704e-16  5.2135854e-17  3.1666509e-16  6.1130684e-16  -7.3424641e-17  -4.1778081e-16  -4.1968302e-16  -2.5590209e-17  -4.1308734e-16  6.0898157e-16  -3.3423377e-17  4.5227646e-16  -5.4683590e-16  6.3363616e-17  
1.6234153e-16  4.1715586e-16  -2.5041449e-16  3.7217981e-16  -3.8949666e-16  -3.3749926e-16  -3.6585268e-16  -8.5475467e-16  -2.2647409e-16  -7.7380304e-17  -8.3263069e-16  -8.6716606e-17  7.2582763e-17  -8.6079961e-17  1.0000000   5.0592934e-17  -9.5116484e-16  1.9250113e-16  6.5132655e-17  -2.4666961e-16  3.0497064e-17  -7.5307846e-18  3.3606475e-16  6.2441823e-17  3.4611851e-17  -1.8703282e-17  4.3559532e-16  3.7621845e-16  1.0183390e-15  -7.2421889e-16  6.8488084e-16  1.6234153e-16  4.1715586e-16  -2.5041449e-16  3.7217981e-16  -3.8949666e-16  -3.3749926e-16  -3.6585268e-16  -8.5475467e-16  -2.2647409e-16  -7.7380304e-17  -8.3263069e-16  -8.6716606e-17  7.2582763e-17  -8.6079961e-17  1.0000000   5.0592934e-17  -9.5116484e-16  1.9250113e-16  6.5132655e-17  -2.4666961e-16  3.0497064e-17  -7.5307846e-18  3.3606475e-16  6.2441823e-17  3.4611851e-17  -1.8703282e-17  4.3559532e-16  3.7621845e-16  1.0183390e-15  -7.2421889e-16  6.8488084e-16  
9.4350087e-17  -1.6180656e-16  5.5696624e-16  -1.4245433e-16  6.3675874e-16  -1.0064707e-16  -2.5917924e-16  -6.4134500e-16  1.9438648e-17  1.3856419e-16  6.7103346e-17  1.5448239e-16  1.2774472e-16  -4.5137327e-18  5.0592934e-17  1.0000000   7.7772941e-17  9.8929430e-16  7.2717366e-16  2.6234253e-16  -1.0116883e-15  5.4744486e-16  8.0128146e-17  -3.0989852e-16  -7.8825151e-18  -6.8033684e-16  1.7429359e-16  6.8181547e-17  -1.4488082e-16  3.8464658e-16  -2.9682347e-16  9.4350087e-17  -1.6180656e-16  5.5696624e-16  -1.4245433e-16  6.3675874e-16  -1.0064707e-16  -2.5917924e-16  -6.4134500e-16  1.9438648e-17  1.3856419e-16  6.7103346e-17  1.5448239e-16  1.2774472e-16  -4.5137327e-18  5.0592934e-17  1.0000000   7.7772941e-17  9.8929430e-16  7.2717366e-16  2.6234253e-16  -1.0116883e-15  5.4744486e-16  8.0128146e-17  -3.0989852e-16  -7.8825151e-18  -6.8033684e-16  1.7429359e-16  6.8181547e-17  -1.4488082e-16  3.8464658e-16  -2.9682347e-16  
7.1735031e-16  1.0209408e-16  2.5687093e-17  6.3087674e-17  -6.2613598e-16  3.1478258e-16  -9.6792887e-17  -5.6144159e-16  1.5986523e-16  -3.0652462e-16  -9.5154110e-17  -1.6905828e-16  -6.0345451e-16  2.1002455e-16  -9.5116484e-16  7.7772941e-17  1.0000000   -2.6638585e-16  -1.2550502e-16  -1.0040126e-16  2.9987460e-16  -1.9097317e-16  2.6459589e-16  1.5951685e-16  2.6414445e-16  -5.8510772e-16  1.1611864e-16  9.5986555e-16  -6.6516421e-17  -2.4554792e-17  5.7851342e-16  7.1735031e-16  1.0209408e-16  2.5687093e-17  6.3087674e-17  -6.2613598e-16  3.1478258e-16  -9.6792887e-17  -5.6144159e-16  1.5986523e-16  -3.0652462e-16  -9.5154110e-17  -1.6905828e-16  -6.0345451e-16  2.1002455e-16  -9.5116484e-16  7.7772941e-17  1.0000000   -2.6638585e-16  -1.2550502e-16  -1.0040126e-16  2.9987460e-16  -1.9097317e-16  2.6459589e-16  1.5951685e-16  2.6414445e-16  -5.8510772e-16  1.1611864e-16  9.5986555e-16  -6.6516421e-17  -2.4554792e-17  5.7851342e-16  
-5.5353456e-17  -5.3898268e-17  1.1080163e-16  -6.1714380e-16  -4.5475561e-16  -5.0076275e-16  -2.4141905e-17  -5.8640114e-17  2.3288991e-16  2.7695566e-16  4.0806990e-17  -2.6624809e-16  2.1824961e-16  -3.1324704e-16  1.9250113e-16  9.8929430e-16  -2.6638585e-16  1.0000000   -1.5157581e-16  3.4760881e-16  -4.2578695e-16  -2.4909783e-16  -4.8827570e-17  -1.5301043e-16  -2.9326084e-16  7.8899602e-16  8.2242526e-16  -2.3558605e-16  -3.3419465e-16  3.1577134e-16  -5.9160169e-16  -5.5353456e-17  -5.3898268e-17  1.1080163e-16  -6.1714380e-16  -4.5475561e-16  -5.0076275e-16  -2.4141905e-17  -5.8640114e-17  2.3288991e-16  2.7695566e-16  4.0806990e-17  -2.6624809e-16  2.1824961e-16  -3.1324704e-16  1.9250113e-16  9.8929430e-16  -2.6638585e-16  1.0000000   -1.5157581e-16  3.4760881e-16  -4.2578695e-16  -2.4909783e-16  -4.8827570e-17  -1.5301043e-16  -2.9326084e-16  7.8899602e-16  8.2242526e-16  -2.3558605e-16  -3.3419465e-16  3.1577134e-16  -5.9160169e-16  
6.0587671e-20  -2.3699504e-16  -5.4140913e-16  -1.2061814e-16  -3.4378334e-16  -3.3735272e-16  2.2956061e-16  -1.3683301e-16  -8.2307534e-17  8.1485681e-16  -2.2049794e-16  1.1138839e-16  1.8107501e-16  5.2135854e-17  6.5132655e-17  7.2717366e-16  -1.2550502e-16  -1.5157581e-16  1.0000000   -3.7401686e-16  4.0663242e-16  4.8324177e-17  -3.8622466e-16  -1.1454190e-16  -8.3352110e-17  -4.7290062e-16  -5.9748475e-17  6.5914697e-17  5.6927244e-16  1.7586410e-16  4.4343343e-16  6.0587671e-20  -2.3699504e-16  -5.4140913e-16  -1.2061814e-16  -3.4378334e-16  -3.3735272e-16  2.2956061e-16  -1.3683301e-16  -8.2307534e-17  8.1485681e-16  -2.2049794e-16  1.1138839e-16  1.8107501e-16  5.2135854e-17  6.5132655e-17  7.2717366e-16  -1.2550502e-16  -1.5157581e-16  1.0000000   -3.7401686e-16  4.0663242e-16  4.8324177e-17  -3.8622466e-16  -1.1454190e-16  -8.3352110e-17  -4.7290062e-16  -5.9748475e-17  6.5914697e-17  5.6927244e-16  1.7586410e-16  4.4343343e-16  
9.9497261e-16  -7.1928898e-16  8.3923229e-16  9.1244619e-17  1.4571606e-16  8.3209957e-16  -2.9183158e-16  4.0690075e-16  -8.0324260e-17  7.9365475e-17  -5.0808844e-16  -2.4172693e-16  5.9069086e-16  3.1666509e-16  -2.4666961e-16  2.6234253e-16  -1.0040126e-16  3.4760881e-16  -3.7401686e-16  1.0000000   -2.7395676e-16  3.5095775e-16  2.8249742e-16  9.6195856e-16  -2.0498315e-16  -1.7352600e-16  -2.9640618e-17  2.1951362e-16  -4.2897721e-16  -1.0799467e-16  4.3771684e-16  9.9497261e-16  -7.1928898e-16  8.3923229e-16  9.1244619e-17  1.4571606e-16  8.3209957e-16  -2.9183158e-16  4.0690075e-16  -8.0324260e-17  7.9365475e-17  -5.0808844e-16  -2.4172693e-16  5.9069086e-16  3.1666509e-16  -2.4666961e-16  2.6234253e-16  -1.0040126e-16  3.4760881e-16  -3.7401686e-16  1.0000000   -2.7395676e-16  3.5095775e-16  2.8249742e-16  9.6195856e-16  -2.0498315e-16  -1.7352600e-16  -2.9640618e-17  2.1951362e-16  -4.2897721e-16  -1.0799467e-16  4.3771684e-16  
-4.8113205e-16  -3.3608780e-16  4.8619028e-16  -2.7257292e-16  1.1761993e-16  -8.1867597e-17  -1.6139999e-16  -3.5093776e-17  1.9013544e-16  1.8032712e-16  7.2230424e-16  3.4533226e-16  2.3487834e-16  6.1130684e-16  3.0497064e-17  -1.0116883e-15  2.9987460e-16  -4.2578695e-16  4.0663242e-16  -2.7395676e-16  1.0000000   -1.8075496e-17  -8.0734378e-16  7.2807865e-16  -3.9959671e-16  -2.1034484e-16  -4.3455931e-16  9.2421215e-17  -8.2087142e-17  1.5021958e-16  7.8526879e-17  -4.8113205e-16  -3.3608780e-16  4.8619028e-16  -2.7257292e-16  1.1761993e-16  -8.1867597e-17  -1.6139999e-16  -3.5093776e-17  1.9013544e-16  1.8032712e-16  7.2230424e-16  3.4533226e-16  2.3487834e-16  6.1130684e-16  3.0497064e-17  -1.0116883e-15  2.9987460e-16  -4.2578695e-16  4.0663242e-16  -2.7395676e-16  1.0000000   -1.8075496e-17  -8.0734378e-16  7.2807865e-16  -3.9959671e-16  -2.1034484e-16  -4.3455931e-16  9.2421215e-17  -8.2087142e-17  1.5021958e-16  7.8526879e-17  
-2.4737219e-16  -4.9314394e-16  -6.3466459e-16  2.0374299e-17  1.9356415e-16  7.4749929e-17  -6.7185901e-16  -2.2986924e-16  1.7469808e-16  3.8329364e-16  1.3955496e-16  -5.6579593e-16  -1.3171935e-16  -7.3424641e-17  -7.5307846e-18  5.4744486e-16  -1.9097317e-16  -2.4909783e-16  4.8324177e-17  3.5095775e-16  -1.8075496e-17  1.0000000   3.5383889e-16  -1.0910405e-17  -6.7657137e-16  -1.5929191e-16  -1.7088647e-16  -1.6865662e-17  7.5370162e-16  6.4930870e-16  -4.6528088e-16  -2.4737219e-16  -4.9314394e-16  -6.3466459e-16  2.0374299e-17  1.9356415e-16  7.4749929e-17  -6.7185901e-16  -2.2986924e-16  1.7469808e-16  3.8329364e-16  1.3955496e-16  -5.6579593e-16  -1.3171935e-16  -7.3424641e-17  -7.5307846e-18  5.4744486e-16  -1.9097317e-16  -2.4909783e-16  4.8324177e-17  3.5095775e-16  -1.8075496e-17  1.0000000   3.5383889e-16  -1.0910405e-17  -6.7657137e-16  -1.5929191e-16  -1.7088647e-16  -1.6865662e-17  7.5370162e-16  6.4930870e-16  -4.6528088e-16  
1.3452157e-16  -1.5121439e-16  7.5505969e-16  -2.3018047e-16  -3.7918960e-17  -4.4663585e-17  -8.0513019e-17  -3.7129950e-16  -2.3074219e-16  -4.9922999e-17  1.4400271e-16  -3.2258525e-17  -3.0874929e-16  -4.1778081e-16  3.3606475e-16  8.0128146e-17  2.6459589e-16  -4.8827570e-17  -3.8622466e-16  2.8249742e-16  -8.0734378e-16  3.5383889e-16  1.0000000   -8.5132967e-17  9.0904426e-17  5.5949368e-16  3.4984338e-16  8.2681425e-16  -1.9958754e-16  -1.1868449e-16  4.7484248e-16  1.3452157e-16  -1.5121439e-16  7.5505969e-16  -2.3018047e-16  -3.7918960e-17  -4.4663585e-17  -8.0513019e-17  -3.7129950e-16  -2.3074219e-16  -4.9922999e-17  1.4400271e-16  -3.2258525e-17  -3.0874929e-16  -4.1778081e-16  3.3606475e-16  8.0128146e-17  2.6459589e-16  -4.8827570e-17  -3.8622466e-16  2.8249742e-16  -8.0734378e-16  3.5383889e-16  1.0000000   -8.5132967e-17  9.0904426e-17  5.5949368e-16  3.4984338e-16  8.2681425e-16  -1.9958754e-16  -1.1868449e-16  4.7484248e-16  
-3.1755221e-16  -6.4461253e-16  -2.1323580e-16  3.5545658e-16  -3.6461888e-17  -1.4352444e-15  -1.2672090e-17  6.6867825e-16  -1.7275747e-16  -2.9940388e-16  -4.9036304e-16  3.5449109e-16  6.4624919e-16  -4.1968302e-16  6.2441823e-17  -3.0989852e-16  1.5951685e-16  -1.5301043e-16  -1.1454190e-16  9.6195856e-16  7.2807865e-16  -1.0910405e-17  -8.5132967e-17  1.0000000   -2.1758787e-17  -2.5386431e-16  2.6936091e-17  3.0005264e-16  8.4545177e-17  -1.5216591e-16  3.7724007e-16  -3.1755221e-16  -6.4461253e-16  -2.1323580e-16  3.5545658e-16  -3.6461888e-17  -1.4352444e-15  -1.2672090e-17  6.6867825e-16  -1.7275747e-16  -2.9940388e-16  -4.9036304e-16  3.5449109e-16  6.4624919e-16  -4.1968302e-16  6.2441823e-17  -3.0989852e-16  1.5951685e-16  -1.5301043e-16  -1.1454190e-16  9.6195856e-16  7.2807865e-16  -1.0910405e-17  -8.5132967e-17  1.0000000   -2.1758787e-17  -2.5386431e-16  2.6936091e-17  3.0005264e-16  8.4545177e-17  -1.5216591e-16  3.7724007e-16  
-1.6100547e-16  2.7540246e-17  2.7135184e-16  -8.7658838e-17  6.9034397e-16  1.1442224e-16  2.1541256e-16  3.3989727e-16  2.3295696e-17  -4.4235373e-16  5.0180888e-16  -1.2782695e-16  5.8803258e-16  -2.5590209e-17  3.4611851e-17  -7.8825151e-18  2.6414445e-16  -2.9326084e-16  -8.3352110e-17  -2.0498315e-16  -3.9959671e-16  -6.7657137e-16  9.0904426e-17  -2.1758787e-17  1.0000000   -4.2478835e-18  -2.9288029e-16  6.8676654e-16  5.7213579e-16  2.6602888e-16  -3.6295649e-16  -1.6100547e-16  2.7540246e-17  2.7135184e-16  -8.7658838e-17  6.9034397e-16  1.1442224e-16  2.1541256e-16  3.3989727e-16  2.3295696e-17  -4.4235373e-16  5.0180888e-16  -1.2782695e-16  5.8803258e-16  -2.5590209e-17  3.4611851e-17  -7.8825151e-18  2.6414445e-16  -2.9326084e-16  -8.3352110e-17  -2.0498315e-16  -3.9959671e-16  -6.7657137e-16  9.0904426e-17  -2.1758787e-17  1.0000000   -4.2478835e-18  -2.9288029e-16  6.8676654e-16  5.7213579e-16  2.6602888e-16  -3.6295649e-16  
-5.9121363e-16  5.0702942e-16  -2.0629693e-16  -3.0031507e-16  4.1506348e-16  -7.5254418e-17  -5.2850600e-16  -1.3094366e-16  1.3633622e-16  1.8430978e-16  6.4691461e-16  -3.2488404e-16  -5.1657999e-16  -4.1308734e-16  -1.8703282e-17  -6.8033684e-16  -5.8510772e-16  7.8899602e-16  -4.7290062e-16  -1.7352600e-16  -2.1034484e-16  -1.5929191e-16  5.5949368e-16  -2.5386431e-16  -4.2478835e-18  1.0000000   -4.7556419e-16  8.1940015e-17  5.1718686e-16  1.4522465e-16  -5.5961999e-16  -5.9121363e-16  5.0702942e-16  -2.0629693e-16  -3.0031507e-16  4.1506348e-16  -7.5254418e-17  -5.2850600e-16  -1.3094366e-16  1.3633622e-16  1.8430978e-16  6.4691461e-16  -3.2488404e-16  -5.1657999e-16  -4.1308734e-16  -1.8703282e-17  -6.8033684e-16  -5.8510772e-16  7.8899602e-16  -4.7290062e-16  -1.7352600e-16  -2.1034484e-16  -1.5929191e-16  5.5949368e-16  -2.5386431e-16  -4.2478835e-18  1.0000000   -4.7556419e-16  8.1940015e-17  5.1718686e-16  1.4522465e-16  -5.5961999e-16  
1.8448808e-16  6.1708488e-17  1.8333801e-16  3.7370141e-16  -3.2772757e-16  -1.9238836e-16  -1.2179459e-16  3.2939897e-16  -1.2153880e-16  2.2423482e-16  3.4199554e-16  3.6794373e-16  2.4781914e-17  6.0898157e-16  4.3559532e-16  1.7429359e-16  1.1611864e-16  8.2242526e-16  -5.9748475e-17  -2.9640618e-17  -4.3455931e-16  -1.7088647e-16  3.4984338e-16  2.6936091e-17  -2.9288029e-16  -4.7556419e-16  1.0000000   -1.8591375e-16  -4.3750906e-19  5.8320181e-16  -3.8307211e-16  1.8448808e-16  6.1708488e-17  1.8333801e-16  3.7370141e-16  -3.2772757e-16  -1.9238836e-16  -1.2179459e-16  3.2939897e-16  -1.2153880e-16  2.2423482e-16  3.4199554e-16  3.6794373e-16  2.4781914e-17  6.0898157e-16  4.3559532e-16  1.7429359e-16  1.1611864e-16  8.2242526e-16  -5.9748475e-17  -2.9640618e-17  -4.3455931e-16  -1.7088647e-16  3.4984338e-16  2.6936091e-17  -2.9288029e-16  -4.7556419e-16  1.0000000   -1.8591375e-16  -4.3750906e-19  5.8320181e-16  -3.8307211e-16  
-9.3714779e-17  6.2060702e-16  -2.1659685e-16  -4.5424400e-16  1.1565606e-18  -9.3518628e-16  -7.4107159e-16  3.9447561e-17  1.3397999e-16  2.3751950e-16  -4.0718704e-16  -3.1203311e-17  -4.7637360e-16  -3.3423377e-17  3.7621845e-16  6.8181547e-17  9.5986555e-16  -2.3558605e-16  6.5914697e-17  2.1951362e-16  9.2421215e-17  -1.6865662e-17  8.2681425e-16  3.0005264e-16  6.8676654e-16  8.1940015e-17  -1.8591375e-16  1.0000000   -2.4549099e-16  4.0404762e-17  -3.9968864e-17  -9.3714779e-17  6.2060702e-16  -2.1659685e-16  -4.5424400e-16  1.1565606e-18  -9.3518628e-16  -7.4107159e-16  3.9447561e-17  1.3397999e-16  2.3751950e-16  -4.0718704e-16  -3.1203311e-17  -4.7637360e-16  -3.3423377e-17  3.7621845e-16  6.8181547e-17  9.5986555e-16  -2.3558605e-16  6.5914697e-17  2.1951362e-16  9.2421215e-17  -1.6865662e-17  8.2681425e-16  3.0005264e-16  6.8676654e-16  8.1940015e-17  -1.8591375e-16  1.0000000   -2.4549099e-16  4.0404762e-17  -3.9968864e-17  
4.3079754e-16  3.2317265e-17  7.6832677e-16  2.3502253e-16  -5.5467139e-16  3.9151655e-16  -9.0636117e-17  -6.7212086e-16  -5.3835032e-17  1.1856050e-15  -1.0431238e-15  1.2143504e-16  -5.6985982e-16  4.5227646e-16  1.0183390e-15  -1.4488082e-16  -6.6516421e-17  -3.3419465e-16  5.6927244e-16  -4.2897721e-16  -8.2087142e-17  7.5370162e-16  -1.9958754e-16  8.4545177e-17  5.7213579e-16  5.1718686e-16  -4.3750906e-19  -2.4549099e-16  1.0000000   1.5382648e-17  -1.4902297e-16  4.3079754e-16  3.2317265e-17  7.6832677e-16  2.3502253e-16  -5.5467139e-16  3.9151655e-16  -9.0636117e-17  -6.7212086e-16  -5.3835032e-17  1.1856050e-15  -1.0431238e-15  1.2143504e-16  -5.6985982e-16  4.5227646e-16  1.0183390e-15  -1.4488082e-16  -6.6516421e-17  -3.3419465e-16  5.6927244e-16  -4.2897721e-16  -8.2087142e-17  7.5370162e-16  -1.9958754e-16  8.4545177e-17  5.7213579e-16  5.1718686e-16  -4.3750906e-19  -2.4549099e-16  1.0000000   1.5382648e-17  -1.4902297e-16  
-1.3012688e-16  -4.6029375e-16  2.5765551e-17  5.0016193e-16  -2.8659189e-16  -4.6620299e-16  -2.8710787e-16  -7.8068228e-17  3.8672243e-16  -1.8883662e-16  -8.7927095e-16  1.5686178e-16  2.1927818e-16  -5.4683590e-16  -7.2421889e-16  3.8464658e-16  -2.4554792e-17  3.1577134e-16  1.7586410e-16  -1.0799467e-16  1.5021958e-16  6.4930870e-16  -1.1868449e-16  -1.5216591e-16  2.6602888e-16  1.4522465e-16  5.8320181e-16  4.0404762e-17  1.5382648e-17  1.0000000   -4.7237832e-16  -1.3012688e-16  -4.6029375e-16  2.5765551e-17  5.0016193e-16  -2.8659189e-16  -4.6620299e-16  -2.8710787e-16  -7.8068228e-17  3.8672243e-16  -1.8883662e-16  -8.7927095e-16  1.5686178e-16  2.1927818e-16  -5.4683590e-16  -7.2421889e-16  3.8464658e-16  -2.4554792e-17  3.1577134e-16  1.7586410e-16  -1.0799467e-16  1.5021958e-16  6.4930870e-16  -1.1868449e-16  -1.5216591e-16  2.6602888e-16  1.4522465e-16  5.8320181e-16  4.0404762e-17  1.5382648e-17  1.0000000   -4.7237832e-16  
1.0439908e-15  4.2593373e-16  1.5229057e-18  2.7892285e-17  2.0398617e-16  6.3238822e-16  -9.7390154e-17  3.6665300e-16  2.4137890e-16  -6.9690079e-16  -1.3645694e-17  -3.8280574e-16  -1.4602488e-16  6.3363616e-17  6.8488084e-16  -2.9682347e-16  5.7851342e-16  -5.9160169e-16  4.4343343e-16  4.3771684e-16  7.8526879e-17  -4.6528088e-16  4.7484248e-16  3.7724007e-16  -3.6295649e-16  -5.5961999e-16  -3.8307211e-16  -3.9968864e-17  -1.4902297e-16  -4.7237832e-16  1.0000000   1.0439908e-15  4.2593373e-16  1.5229057e-18  2.7892285e-17  2.0398617e-16  6.3238822e-16  -9.7390154e-17  3.6665300e-16  2.4137890e-16  -6.9690079e-16  -1.3645694e-17  -3.8280574e-16  -1.4602488e-16  6.3363616e-17  6.8488084e-16  -2.9682347e-16  5.7851342e-16  -5.9160169e-16  4.4343343e-16  4.3771684e-16  7.8526879e-17  -4.6528088e-16  4.7484248e-16  3.7724007e-16  -3.6295649e-16  -5.5961999e-16  -3.8307211e-16  -3.9968864e-17  -1.4902297e-16  -4.7237832e-16  1.0000000   
1.0000000   5.6937776e-17  -9.7031855e-16  -2.0115838e-17  5.1800464e-16  4.3672677e-17  3.1566509e-16  7.6857440e-16  -6.0914465e-16  -8.8743046e-18  4.7945463e-17  -2.7304598e-16  6.0215625e-17  5.9321326e-16  1.6234153e-16  9.4350087e-17  7.1735031e-16  -5.5353456e-17  6.0587671e-20  9.9497261e-16  -4.8113205e-16  -2.4737219e-16  1.3452157e-16  -3.1755221e-16  -1.6100547e-16  -5.9121363e-16  1.8448808e-16  -9.3714779e-17  4.3079754e-16  -1.3012688e-16  1.0439908e-15  1.0000000   5.6937776e-17  -9.7031855e-16  -2.0115838e-17  5.1800464e-16  4.3672677e-17  3.1566509e-16  7.6857440e-16  -6.0914465e-16  -8.8743046e-18  4.7945463e-17  -2.7304598e-16  6.0215625e-17  5.9321326e-16  1.6234153e-16  9.4350087e-17  7.1735031e-16  -5.5353456e-17  6.0587671e-20  9.9497261e-16  -4.8113205e-16  -2.4737219e-16  1.3452157e-16  -3.1755221e-16  -1.6100547e-16  -5.9121363e-16  1.8448808e-16  -9.3714779e-17  4.3079754e-16  -1.3012688e-16  1.0439908e-15  
5.6937776e-17  1.0000000   -6.0441724e-16  -4.9589489e-16  -1.6148276e-16  -7.5789748e-16  8.6423150e-16  -3.7798798e-16  3.0653704e-16  6.1341286e-16  -1.0987971e-16  -7.6531810e-16  -9.1976497e-16  -2.0146714e-16  4.1715586e-16  -1.6180656e-16  1.0209408e-16  -5.3898268e-17  -2.3699504e-16  -7.1928898e-16  -3.3608780e-16  -4.9314394e-16  -1.5121439e-16  -6.4461253e-16  2.7540246e-17  5.0702942e-16  6.1708488e-17  6.2060702e-16  3.2317265e-17  -4.6029375e-16  4.2593373e-16  5.6937776e-17  1.0000000   -6.0441724e-16  -4.9589489e-16  -1.6148276e-16  -7.5789748e-16  8.6423150e-16  -3.7798798e-16  3.0653704e-16  6.1341286e-16  -1.0987971e-16  -7.6531810e-16  -9.1976497e-16  -2.0146714e-16  4.1715586e-16  -1.6180656e-16  1.0209408e-16  -5.3898268e-17  -2.3699504e-16  -7.1928898e-16  -3.3608780e-16  -4.9314394e-16  -1.5121439e-16  -6.4461253e-16  2.7540246e-17  5.0702942e-16  6.1708488e-17  6.2060702e-16  3.2317265e-17  -4.6029375e-16  4.2593373e-16  
-9.7031855e-16  -6.0441724e-16  1.0000000   -1.0576531e-15  6.5095309e-19  7.4490971e-16  -6.0700034e-17  -2.5759096e-16  -1.4201067e-16  1.1094929e-16  5.7514310e-16  7.2656838e-16  2.6797567e-16  -5.0953697e-16  -2.5041449e-16  5.5696624e-16  2.5687093e-17  1.1080163e-16  -5.4140913e-16  8.3923229e-16  4.8619028e-16  -6.3466459e-16  7.5505969e-16  -2.1323580e-16  2.7135184e-16  -2.0629693e-16  1.8333801e-16  -2.1659685e-16  7.6832677e-16  2.5765551e-17  1.5229057e-18  -9.7031855e-16  -6.0441724e-16  1.0000000   -1.0576531e-15  6.5095309e-19  7.4490971e-16  -6.0700034e-17  -2.5759096e-16  -1.4201067e-16  1.1094929e-16  5.7514310e-16  7.2656838e-16  2.6797567e-16  -5.0953697e-16  -2.5041449e-16  5.5696624e-16  2.5687093e-17  1.1080163e-16  -5.4140913e-16  8.3923229e-16  4.8619028e-16  -6.3466459e-16  7.5505969e-16  -2.1323580e-16  2.7135184e-16  -2.0629693e-16  1.8333801e-16  -2.1659685e-16  7.6832677e-16  2.5765551e-17  1.5229057e-18  
-2.0115838e-17  -4.9589489e-16  -1.0576531e-15  1.0000000   -9.1271748e-16  -7.2759402e-18  9.7639856e-16  7.7071271e-16  -1.7888130e-16  -3.9409107e-16  -3.0828601e-16  -3.0828413e-16  -1.2917027e-16  -5.0556338e-16  3.7217981e-16  -1.4245433e-16  6.3087674e-17  -6.1714380e-16  -1.2061814e-16  9.1244619e-17  -2.7257292e-16  2.0374299e-17  -2.3018047e-16  3.5545658e-16  -8.7658838e-17  -3.0031507e-16  3.7370141e-16  -4.5424400e-16  2.3502253e-16  5.0016193e-16  2.7892285e-17  -2.0115838e-17  -4.9589489e-16  -1.0576531e-15  1.0000000   -9.1271748e-16  -7.2759402e-18  9.7639856e-16  7.7071271e-16  -1.7888130e-16  -3.9409107e-16  -3.0828601e-16  -3.0828413e-16  -1.2917027e-16  -5.0556338e-16  3.7217981e-16  -1.4245433e-16  6.3087674e-17  -6.1714380e-16  -1.2061814e-16  9.1244619e-17  -2.7257292e-16  2.0374299e-17  -2.3018047e-16  3.5545658e-16  -8.7658838e-17  -3.0031507e-16  3.7370141e-16  -4.5424400e-16  2.3502253e-16  5.0016193e-16  2.7892285e-17  
5.1800464e-16  -1.6148276e-16  6.5095309e-19  -9.1271748e-16  1.0000000   2.6365685e-16  3.5703052e-16  -1.5883611e-17  9.3217206e-16  6.0480890e-16  1.3533520e-15  -5.1334937e-16  4.8444585e-16  -2.1380123e-16  -3.8949666e-16  6.3675874e-16  -6.2613598e-16  -4.5475561e-16  -3.4378334e-16  1.4571606e-16  1.1761993e-16  1.9356415e-16  -3.7918960e-17  -3.6461888e-17  6.9034397e-16  4.1506348e-16  -3.2772757e-16  1.1565606e-18  -5.5467139e-16  -2.8659189e-16  2.0398617e-16  5.1800464e-16  -1.6148276e-16  6.5095309e-19  -9.1271748e-16  1.0000000   2.6365685e-16  3.5703052e-16  -1.5883611e-17  9.3217206e-16  6.0480890e-16  1.3533520e-15  -5.1334937e-16  4.8444585e-16  -2.1380123e-16  -3.8949666e-16  6.3675874e-16  -6.2613598e-16  -4.5475561e-16  -3.4378334e-16  1.4571606e-16  1.1761993e-16  1.9356415e-16  -3.7918960e-17  -3.6461888e-17  6.9034397e-16  4.1506348e-16  -3.2772757e-16  1.1565606e-18  -5.5467139e-16  -2.8659189e-16  2.0398617e-16  
4.3672677e-17  -7.5789748e-16  7.4490971e-16  -7.2759402e-18  2.6365685e-16  1.0000000   3.4203711e-16  -2.8535032e-16  -2.1692014e-16  -6.3542369e-16  -4.2488466e-16  -2.1961830e-16  -3.5026559e-16  3.5639297e-16  -3.3749926e-16  -1.0064707e-16  3.1478258e-16  -5.0076275e-16  -3.3735272e-16  8.3209957e-16  -8.1867597e-17  7.4749929e-17  -4.4663585e-17  -1.4352444e-15  1.1442224e-16  -7.5254418e-17  -1.9238836e-16  -9.3518628e-16  3.9151655e-16  -4.6620299e-16  6.3238822e-16  4.3672677e-17  -7.5789748e-16  7.4490971e-16  -7.2759402e-18  2.6365685e-16  1.0000000   3.4203711e-16  -2.8535032e-16  -2.1692014e-16  -6.3542369e-16  -4.2488466e-16  -2.1961830e-16  -3.5026559e-16  3.5639297e-16  -3.3749926e-16  -1.0064707e-16  3.1478258e-16  -5.0076275e-16  -3.3735272e-16  8.3209957e-16  -8.1867597e-17  7.4749929e-17  -4.4663585e-17  -1.4352444e-15  1.1442224e-16  -7.5254418e-17  -1.9238836e-16  -9.3518628e-16  3.9151655e-16  -4.6620299e-16  6.3238822e-16  
3.1566509e-16  8.6423150e-16  -6.0700034e-17  9.7639856e-16  3.5703052e-16  3.4203711e-16  1.0000000   4.8397414e-16  4.6313527e-17  -2.2247573e-16  4.4113719e-16  -3.9290756e-16  4.8463021e-16  -1.6950805e-16  -3.6585268e-16  -2.5917924e-16  -9.6792887e-17  -2.4141905e-17  2.2956061e-16  -2.9183158e-16  -1.6139999e-16  -6.7185901e-16  -8.0513019e-17  -1.2672090e-17  2.1541256e-16  -5.2850600e-16  -1.2179459e-16  -7.4107159e-16  -9.0636117e-17  -2.8710787e-16  -9.7390154e-17  3.1566509e-16  8.6423150e-16  -6.0700034e-17  9.7639856e-16  3.5703052e-16  3.4203711e-16  1.0000000   4.8397414e-16  4.6313527e-17  -2.2247573e-16  4.4113719e-16  -3.9290756e-16  4.8463021e-16  -1.6950805e-16  -3.6585268e-16  -2.5917924e-16  -9.6792887e-17  -2.4141905e-17  2.2956061e-16  -2.9183158e-16  -1.6139999e-16  -6.7185901e-16  -8.0513019e-17  -1.2672090e-17  2.1541256e-16  -5.2850600e-16  -1.2179459e-16  -7.4107159e-16  -9.0636117e-17  -2.8710787e-16  -9.7390154e-17  
7.6857440e-16  -3.7798798e-16  -2.5759096e-16  7.7071271e-16  -1.5883611e-17  -2.8535032e-16  4.8397414e-16  1.0000000   -1.0099815e-16  -8.0001758e-16  -3.7087833e-16  -1.6298186e-16  1.8338026e-16  -8.6879904e-17  -8.5475467e-16  -6.4134500e-16  -5.6144159e-16  -5.8640114e-17  -1.3683301e-16  4.0690075e-16  -3.5093776e-17  -2.2986924e-16  -3.7129950e-16  6.6867825e-16  3.3989727e-16  -1.3094366e-16  3.2939897e-16  3.9447561e-17  -6.7212086e-16  -7.8068228e-17  3.6665300e-16  7.6857440e-16  -3.7798798e-16  -2.5759096e-16  7.7071271e-16  -1.5883611e-17  -2.8535032e-16  4.8397414e-16  1.0000000   -1.0099815e-16  -8.0001758e-16  -3.7087833e-16  -1.6298186e-16  1.8338026e-16  -8.6879904e-17  -8.5475467e-16  -6.4134500e-16  -5.6144159e-16  -5.8640114e-17  -1.3683301e-16  4.0690075e-16  -3.5093776e-17  -2.2986924e-16  -3.7129950e-16  6.6867825e-16  3.3989727e-16  -1.3094366e-16  3.2939897e-16  3.9447561e-17  -6.7212086e-16  -7.8068228e-17  3.6665300e-16  
-6.0914465e-16  3.0653704e-16  -1.4201067e-16  -1.7888130e-16  9.3217206e-16  -2.1692014e-16  4.6313527e-17  -1.0099815e-16  1.0000000   8.5704830e-17  -4.8240877e-16  6.2650949e-16  1.8666176e-16  -2.9443392e-16  -2.2647409e-16  1.9438648e-17  1.5986523e-16  2.3288991e-16  -8.2307534e-17  -8.0324260e-17  1.9013544e-16  1.7469808e-16  -2.3074219e-16  -1.7275747e-16  2.3295696e-17  1.3633622e-16  -1.2153880e-16  1.3397999e-16  -5.3835032e-17  3.8672243e-16  2.4137890e-16  -6.0914465e-16  3.0653704e-16  -1.4201067e-16  -1.7888130e-16  9.3217206e-16  -2.1692014e-16  4.6313527e-17  -1.0099815e-16  1.0000000   8.5704830e-17  -4.8240877e-16  6.2650949e-16  1.8666176e-16  -2.9443392e-16  -2.2647409e-16  1.9438648e-17  1.5986523e-16  2.3288991e-16  -8.2307534e-17  -8.0324260e-17  1.9013544e-16  1.7469808e-16  -2.3074219e-16  -1.7275747e-16  2.3295696e-17  1.3633622e-16  -1.2153880e-16  1.3397999e-16  -5.3835032e-17  3.8672243e-16  2.4137890e-16  
-8.8743046e-18  6.1341286e-16  1.1094929e-16  -3.9409107e-16  6.0480890e-16  -6.3542369e-16  -2.2247573e-16  -8.0001758e-16  8.5704830e-17  1.0000000   5.7756917e-16  3.4771520e-16  -7.4616919e-18  1.8284348e-17  -7.7380304e-17  1.3856419e-16  -3.0652462e-16  2.7695566e-16  8.1485681e-16  7.9365475e-17  1.8032712e-16  3.8329364e-16  -4.9922999e-17  -2.9940388e-16  -4.4235373e-16  1.8430978e-16  2.2423482e-16  2.3751950e-16  1.1856050e-15  -1.8883662e-16  -6.9690079e-16  -8.8743046e-18  6.1341286e-16  1.1094929e-16  -3.9409107e-16  6.0480890e-16  -6.3542369e-16  -2.2247573e-16  -8.0001758e-16  8.5704830e-17  1.0000000   5.7756917e-16  3.4771520e-16  -7.4616919e-18  1.8284348e-17  -7.7380304e-17  1.3856419e-16  -3.0652462e-16  2.7695566e-16  8.1485681e-16  7.9365475e-17  1.8032712e-16  3.8329364e-16  -4.9922999e-17  -2.9940388e-16  -4.4235373e-16  1.8430978e-16  2.2423482e-16  2.3751950e-16  1.1856050e-15  -1.8883662e-16  -6.9690079e-16  
