1.0000000   -2.4329019e-16  -3.2841742e-16  5.9074791e-17  2.4838256e-16  4.7486218e-16  -3.4822134e-16  -2.9056804e-16  1.2083708e-16  9.6930424e-16  2.7421646e-16  1.6168915e-16  -4.4598347e-16  -8.9263801e-16  -1.1312559e-16  1.9964374e-16  -2.5041779e-16  6.8025154e-16  8.9882570e-17  1.1086509e-15  -1.0807357e-15  9.9285435e-17  -7.2492461e-17  -1.5994830e-16  -9.7447752e-16  -2.6511310e-16  8.2124001e-18  -5.0047028e-17  -8.9613482e-16  -4.6952648e-16  4.3109761e-16  1.0000000   -2.4329019e-16  -3.2841742e-16  5.9074791e-17  2.4838256e-16  4.7486218e-16  -3.4822134e-16  -2.9056804e-16  1.2083708e-16  9.6930424e-16  2.7421646e-16  1.6168915e-16  -4.4598347e-16  -8.9263801e-16  -1.1312559e-16  1.9964374e-16  -2.5041779e-16  6.8025154e-16  8.9882570e-17  1.1086509e-15  -1.0807357e-15  9.9285435e-17  -7.2492461e-17  -1.5994830e-16  -9.7447752e-16  -2.6511310e-16  8.2124001e-18  -5.0047028e-17  -8.9613482e-16  -4.6952648e-16  4.3109761e-16  
-2.4329019e-16  1.0000000   -3.1033977e-17  4.4097780e-16  -8.3024462e-16  5.3708938e-16  3.8407458e-16  -2.7870767e-16  2.9534219e-16  1.8341106e-16  -3.0423247e-16  -5.4889913e-16  -2.4937477e-16  7.6380589e-16  -3.9717135e-16  -4.0675157e-17  4.7559775e-16  -1.0469003e-15  -7.6711159e-16  1.1017677e-16  -3.1289730e-16  -8.7242823e-16  1.5011703e-16  1.8118392e-16  -4.8664637e-16  9.4493565e-18  7.8342367e-17  1.0513547e-17  8.0719204e-16  -3.1001513e-16  -3.1281009e-16  -2.4329019e-16  1.0000000   -3.1033977e-17  4.4097780e-16  -8.3024462e-16  5.3708938e-16  3.8407458e-16  -2.7870767e-16  2.9534219e-16  1.8341106e-16  -3.0423247e-16  -5.4889913e-16  -2.4937477e-16  7.6380589e-16  -3.9717135e-16  -4.0675157e-17  4.7559775e-16  -1.0469003e-15  -7.6711159e-16  1.1017677e-16  -3.1289730e-16  -8.7242823e-16  1.5011703e-16  1.8118392e-16  -4.8664637e-16  9.4493565e-18  7.8342367e-17  1.0513547e-17  8.0719204e-16  -3.1001513e-16  -3.1281009e-16  
-3.2841742e-16  -3.1033977e-17  1.0000000   -3.0189078e-16  4.9015417e-16  -3.1935656e-16  6.4087474e-17  5.0927675e-16  2.9957724e-16  -1.4464871e-16  -1.7657066e-16  -1.4725374e-16  -1.6597523e-16  -1.8067209e-16  7.3487051e-16  4.9931725e-16  -1.0401538e-17  8.4186892e-17  1.8842445e-16  -2.0865671e-16  2.3137956e-16  7.5097270e-17  2.8963735e-16  2.6986952e-16  1.7370183e-16  -2.7034194e-16  2.4505975e-16  -2.9780940e-16  -9.9865320e-16  -4.3307098e-16  -3.5092274e-17  -3.2841742e-16  -3.1033977e-17  1.0000000   -3.0189078e-16  4.9015417e-16  -3.1935656e-16  6.4087474e-17  5.0927675e-16  2.9957724e-16  -1.4464871e-16  -1.7657066e-16  -1.4725374e-16  -1.6597523e-16  -1.8067209e-16  7.3487051e-16  4.9931725e-16  -1.0401538e-17  8.4186892e-17  1.8842445e-16  -2.0865671e-16  2.3137956e-16  7.5097270e-17  2.8963735e-16  2.6986952e-16  1.7370183e-16  -2.7034194e-16  2.4505975e-16  -2.9780940e-16  -9.9865320e-16  -4.3307098e-16  -3.5092274e-17  
5.9074791e-17  4.4097780e-16  -3.0189078e-16  1.0000000   -4.1262529e-16  1.2372147e-16  -7.6207099e-18  6.5510519e-17  5.2196343e-16  -4.0394674e-17  4.7150187e-16  -6.9981187e-16  -1.3789121e-16  -1.9341695e-16  3.1141924e-17  -6.2815806e-18  -4.4160027e-16  -3.4455369e-16  -1.0698980e-16  -9.9191170e-16  -2.4094706e-16  -2.9906579e-16  -8.3276643e-16  2.9613899e-16  2.0683239e-16  -2.1550371e-16  8.0069411e-16  3.1589344e-16  -8.2508249e-17  3.1535629e-16  -1.8389573e-16  5.9074791e-17  4.4097780e-16  -3.0189078e-16  1.0000000   -4.1262529e-16  1.2372147e-16  -7.6207099e-18  6.5510519e-17  5.2196343e-16  -4.0394674e-17  4.7150187e-16  -6.9981187e-16  -1.3789121e-16  -1.9341695e-16  3.1141924e-17  -6.2815806e-18  -4.4160027e-16  -3.4455369e-16  -1.0698980e-16  -9.9191170e-16  -2.4094706e-16  -2.9906579e-16  -8.3276643e-16  2.9613899e-16  2.0683239e-16  -2.1550371e-16  8.0069411e-16  3.1589344e-16  -8.2508249e-17  3.1535629e-16  -1.8389573e-16  
2.4838256e-16  -8.3024462e-16  4.9015417e-16  -4.1262529e-16  1.0000000   -5.4457160e-16  -4.6057043e-16  -1.5317919e-16  4.4537326e-16  -1.2825450e-16  -1.9710126e-16  5.9002822e-16  6.6368713e-16  -4.5733986e-17  5.2416612e-17  -2.2884502e-16  -2.1803429e-17  3.5801262e-16  2.9393982e-16  -5.5772543e-16  -8.1648424e-17  1.7072982e-16  -2.1750170e-16  1.6267509e-16  -2.6154444e-16  -1.1203699e-16  2.6574620e-16  -1.6360081e-17  2.7852250e-17  2.6812128e-16  1.2520509e-16  2.4838256e-16  -8.3024462e-16  4.9015417e-16  -4.1262529e-16  1.0000000   -5.4457160e-16  -4.6057043e-16  -1.5317919e-16  4.4537326e-16  -1.2825450e-16  -1.9710126e-16  5.9002822e-16  6.6368713e-16  -4.5733986e-17  5.2416612e-17  -2.2884502e-16  -2.1803429e-17  3.5801262e-16  2.9393982e-16  -5.5772543e-16  -8.1648424e-17  1.7072982e-16  -2.1750170e-16  1.6267509e-16  -2.6154444e-16  -1.1203699e-16  2.6574620e-16  -1.6360081e-17  2.7852250e-17  2.6812128e-16  1.2520509e-16  
4.7486218e-16  5.3708938e-16  -3.1935656e-16  1.2372147e-16  -5.4457160e-16  1.0000000   -3.5951503e-16  -6.1931027e-16  4.2025199e-16  -1.2384838e-16  8.0214750e-16  -3.6088667e-16  -8.1320328e-16  1.6130945e-17  1.9013639e-16  1.8501162e-17  -4.6781221e-16  -2.1051689e-16  -8.5316348e-16  4.2620319e-16  -4.9297383e-16  2.4113072e-16  -6.7618499e-16  -4.0554705e-16  -2.2207675e-17  -3.8587856e-16  -3.2381334e-16  -1.4433818e-16  -3.4863856e-17  4.5253685e-16  2.6231088e-17  4.7486218e-16  5.3708938e-16  -3.1935656e-16  1.2372147e-16  -5.4457160e-16  1.0000000   -3.5951503e-16  -6.1931027e-16  4.2025199e-16  -1.2384838e-16  8.0214750e-16  -3.6088667e-16  -8.1320328e-16  1.6130945e-17  1.9013639e-16  1.8501162e-17  -4.6781221e-16  -2.1051689e-16  -8.5316348e-16  4.2620319e-16  -4.9297383e-16  2.4113072e-16  -6.7618499e-16  -4.0554705e-16  -2.2207675e-17  -3.8587856e-16  -3.2381334e-16  -1.4433818e-16  -3.4863856e-17  4.5253685e-16  2.6231088e-17  
-3.4822134e-16  3.8407458e-16  6.4087474e-17  -7.6207099e-18  -4.6057043e-16  -3.5951503e-16  1.0000000   5.3543100e-17  1.6481149e-16  2.3043512e-16  -4.5845351e-16  -1.0194752e-17  -2.6199408e-16  -5.2722284e-16  -3.2613942e-16  3.2294585e-16  -1.5092343e-16  5.6390227e-16  -5.0789872e-16  2.7761221e-16  7.9688597e-17  1.6381599e-16  -2.8606573e-16  6.5087626e-17  4.1842110e-16  7.8416135e-16  -2.9797772e-16  2.0596046e-16  3.0744540e-16  -6.5890451e-16  -6.4843929e-17  -3.4822134e-16  3.8407458e-16  6.4087474e-17  -7.6207099e-18  -4.6057043e-16  -3.5951503e-16  1.0000000   5.3543100e-17  1.6481149e-16  2.3043512e-16  -4.5845351e-16  -1.0194752e-17  -2.6199408e-16  -5.2722284e-16  -3.2613942e-16  3.2294585e-16  -1.5092343e-16  5.6390227e-16  -5.0789872e-16  2.7761221e-16  7.9688597e-17  1.6381599e-16  -2.8606573e-16  6.5087626e-17  4.1842110e-16  7.8416135e-16  -2.9797772e-16  2.0596046e-16  3.0744540e-16  -6.5890451e-16  -6.4843929e-17  
-2.9056804e-16  -2.7870767e-16  5.0927675e-16  6.5510519e-17  -1.5317919e-16  -6.1931027e-16  5.3543100e-17  1.0000000   3.1437306e-16  2.1537884e-16  -1.2974508e-16  4.9585849e-16  1.0590262e-16  -6.1751733e-16  4.8955514e-16  -1.4473560e-16  2.0822109e-16  8.0737206e-16  1.3698713e-16  1.1033939e-16  3.5421519e-16  2.3758154e-16  -4.5700035e-16  -1.1480004e-15  -6.8505934e-17  2.8491303e-16  6.0666211e-16  6.5740748e-17  -2.9403849e-16  4.7061802e-16  7.0277647e-16  -2.9056804e-16  -2.7870767e-16  5.0927675e-16  6.5510519e-17  -1.5317919e-16  -6.1931027e-16  5.3543100e-17  1.0000000   3.1437306e-16  2.1537884e-16  -1.2974508e-16  4.9585849e-16  1.0590262e-16  -6.1751733e-16  4.8955514e-16  -1.4473560e-16  2.0822109e-16  8.0737206e-16  1.3698713e-16  1.1033939e-16  3.5421519e-16  2.3758154e-16  -4.5700035e-16  -1.1480004e-15  -6.8505934e-17  2.8491303e-16  6.0666211e-16  6.5740748e-17  -2.9403849e-16  4.7061802e-16  7.0277647e-16  
1.2083708e-16  2.9534219e-16  2.9957724e-16  5.2196343e-16  4.4537326e-16  4.2025199e-16  1.6481149e-16  3.1437306e-16  1.0000000   1.3934271e-19  4.2691030e-16  1.3436467e-16  -5.1460255e-16  2.3202032e-16  -8.0142364e-16  -2.3855194e-18  -3.5748441e-16  4.2903878e-16  -1.6665632e-16  1.9973735e-16  2.7728457e-17  2.4737558e-17  1.8084553e-16  5.2462683e-16  1.2924621e-16  3.6253638e-16  2.2114829e-17  1.6187594e-16  6.4355385e-16  -4.0372236e-16  3.5269601e-16  1.2083708e-16  2.9534219e-16  2.9957724e-16  5.2196343e-16  4.4537326e-16  4.2025199e-16  1.6481149e-16  3.1437306e-16  1.0000000   1.3934271e-19  4.2691030e-16  1.3436467e-16  -5.1460255e-16  2.3202032e-16  -8.0142364e-16  -2.3855194e-18  -3.5748441e-16  4.2903878e-16  -1.6665632e-16  1.9973735e-16  2.7728457e-17  2.4737558e-17  1.8084553e-16  5.2462683e-16  1.2924621e-16  3.6253638e-16  2.2114829e-17  1.6187594e-16  6.4355385e-16  -4.0372236e-16  3.5269601e-16  
9.6930424e-16  1.8341106e-16  -1.4464871e-16  -4.0394674e-17  -1.2825450e-16  -1.2384838e-16  2.3043512e-16  2.1537884e-16  1.3934271e-19  1.0000000   -6.8765413e-16  1.1882543e-16  1.0220562e-16  5.0843560e-16  -8.6272476e-16  2.0532340e-16  3.3098700e-16  -2.4580556e-16  -5.6604112e-17  -7.6274493e-16  2.2799825e-16  8.4804014e-16  4.9814919e-16  -1.7066533e-16  -3.9429188e-17  1.8687973e-16  -5.4479313e-16  -1.4111863e-16  -4.8471992e-16  6.3161093e-17  8.9005468e-17  9.6930424e-16  1.8341106e-16  -1.4464871e-16  -4.0394674e-17  -1.2825450e-16  -1.2384838e-16  2.3043512e-16  2.1537884e-16  1.3934271e-19  1.0000000   -6.8765413e-16  1.1882543e-16  1.0220562e-16  5.0843560e-16  -8.6272476e-16  2.0532340e-16  3.3098700e-16  -2.4580556e-16  -5.6604112e-17  -7.6274493e-16  2.2799825e-16  8.4804014e-16  4.9814919e-16  -1.7066533e-16  -3.9429188e-17  1.8687973e-16  -5.4479313e-16  -1.4111863e-16  -4.8471992e-16  6.3161093e-17  8.9005468e-17  
2.7421646e-16  -3.0423247e-16  -1.7657066e-16  4.7150187e-16  -1.9710126e-16  8.0214750e-16  -4.5845351e-16  -1.2974508e-16  4.2691030e-16  -6.8765413e-16  1.0000000   -1.2798278e-16  -4.0092607e-16  8.6022760e-16  -4.1294820e-16  -2.1030141e-16  1.2843706e-16  2.7064024e-16  -6.1145304e-16  1.2485642e-16  -6.8766128e-16  1.2005620e-17  1.1158871e-17  4.1245919e-16  3.9061974e-16  2.9480346e-16  -2.5907344e-16  -6.9629480e-17  6.5884938e-16  -1.9441779e-16  -2.6579124e-16  2.7421646e-16  -3.0423247e-16  -1.7657066e-16  4.7150187e-16  -1.9710126e-16  8.0214750e-16  -4.5845351e-16  -1.2974508e-16  4.2691030e-16  -6.8765413e-16  1.0000000   -1.2798278e-16  -4.0092607e-16  8.6022760e-16  -4.1294820e-16  -2.1030141e-16  1.2843706e-16  2.7064024e-16  -6.1145304e-16  1.2485642e-16  -6.8766128e-16  1.2005620e-17  1.1158871e-17  4.1245919e-16  3.9061974e-16  2.9480346e-16  -2.5907344e-16  -6.9629480e-17  6.5884938e-16  -1.9441779e-16  -2.6579124e-16  
1.6168915e-16  -5.4889913e-16  -1.4725374e-16  -6.9981187e-16  5.9002822e-16  -3.6088667e-16  -1.0194752e-17  4.9585849e-16  1.3436467e-16  1.1882543e-16  -1.2798278e-16  1.0000000   -4.1768981e-16  -1.8409543e-17  -3.6082244e-17  2.8562232e-16  7.3841115e-18  5.4226455e-17  5.2797284e-16  -1.0397672e-16  1.0798201e-15  7.9522643e-16  -7.3783551e-16  -4.8562020e-18  1.3375692e-17  -6.1515244e-17  1.0461460e-16  -2.1836637e-16  -3.7133094e-16  -2.6621072e-16  6.5796385e-16  1.6168915e-16  -5.4889913e-16  -1.4725374e-16  -6.9981187e-16  5.9002822e-16  -3.6088667e-16  -1.0194752e-17  4.9585849e-16  1.3436467e-16  1.1882543e-16  -1.2798278e-16  1.0000000   -4.1768981e-16  -1.8409543e-17  -3.6082244e-17  2.8562232e-16  7.3841115e-18  5.4226455e-17  5.2797284e-16  -1.0397672e-16  1.0798201e-15  7.9522643e-16  -7.3783551e-16  -4.8562020e-18  1.3375692e-17  -6.1515244e-17  1.0461460e-16  -2.1836637e-16  -3.7133094e-16  -2.6621072e-16  6.5796385e-16  
-4.4598347e-16  -2.4937477e-16  -1.6597523e-16  -1.3789121e-16  6.6368713e-16  -8.1320328e-16  -2.6199408e-16  1.0590262e-16  -5.1460255e-16  1.0220562e-16  -4.0092607e-16  -4.1768981e-16  1.0000000   6.2768175e-17  3.4058370e-16  -6.3192503e-17  1.4969732e-16  -4.1954793e-16  -1.6436533e-16  -4.9972714e-17  6.9271269e-17  -3.5495209e-16  4.8747650e-16  -7.1961570e-16  -1.0645114e-16  -5.0967289e-16  -4.2706835e-17  4.0433695e-16  -6.6726327e-16  1.7484729e-16  -3.8046364e-17  -4.4598347e-16  -2.4937477e-16  -1.6597523e-16  -1.3789121e-16  6.6368713e-16  -8.1320328e-16  -2.6199408e-16  1.0590262e-16  -5.1460255e-16  1.0220562e-16  -4.0092607e-16  -4.1768981e-16  1.0000000   6.2768175e-17  3.4058370e-16  -6.3192503e-17  1.4969732e-16  -4.1954793e-16  -1.6436533e-16  -4.9972714e-17  6.9271269e-17  -3.5495209e-16  4.8747650e-16  -7.1961570e-16  -1.0645114e-16  -5.0967289e-16  -4.2706835e-17  4.0433695e-16  -6.6726327e-16  1.7484729e-16  -3.8046364e-17  
-8.9263801e-16  7.6380589e-16  -1.8067209e-16  -1.9341695e-16  -4.5733986e-17  1.6130945e-17  -5.2722284e-16  -6.1751733e-16  2.3202032e-16  5.0843560e-16  8.6022760e-16  -1.8409543e-17  6.2768175e-17  1.0000000   7.3642364e-16  -6.1060373e-16  7.7397679e-16  1.6929864e-16  -2.8055395e-16  3.5326829e-17  4.6219070e-16  -1.3338674e-15  2.8630390e-16  -3.2986239e-16  1.9344217e-16  6.2586291e-17  2.5585035e-16  -9.8107571e-17  4.1844831e-16  2.9671839e-16  7.0323804e-16  -8.9263801e-16  7.6380589e-16  -1.8067209e-16  -1.9341695e-16  -4.5733986e-17  1.6130945e-17  -5.2722284e-16  -6.1751733e-16  2.3202032e-16  5.0843560e-16  8.6022760e-16  -1.8409543e-17  6.2768175e-17  1.0000000   7.3642364e-16  -6.1060373e-16  7.7397679e-16  1.6929864e-16  -2.8055395e-16  3.5326829e-17  4.6219070e-16  -1.3338674e-15  2.8630390e-16  -3.2986239e-16  1.9344217e-16  6.2586291e-17  2.5585035e-16  -9.8107571e-17  4.1844831e-16  2.9671839e-16  7.0323804e-16  
-1.1312559e-16  -3.9717135e-16  7.3487051e-16  3.1141924e-17  5.2416612e-17  1.9013639e-16  -3.2613942e-16  4.8955514e-16  -8.0142364e-16  -8.6272476e-16  -4.1294820e-16  -3.6082244e-17  3.4058370e-16  7.3642364e-16  1.0000000   -5.3108386e-16  5.9511110e-16  3.3657454e-16  3.9879559e-16  6.1119295e-16  6.7239676e-16  5.8240343e-16  -2.8991349e-16  2.5135114e-17  4.5432897e-17  2.9529846e-16  -5.6837571e-16  -8.5344353e-17  -2.2718098e-16  3.7638037e-16  -6.4164359e-16  -1.1312559e-16  -3.9717135e-16  7.3487051e-16  3.1141924e-17  5.2416612e-17  1.9013639e-16  -3.2613942e-16  4.8955514e-16  -8.0142364e-16  -8.6272476e-16  -4.1294820e-16  -3.6082244e-17  3.4058370e-16  7.3642364e-16  1.0000000   -5.3108386e-16  5.9511110e-16  3.3657454e-16  3.9879559e-16  6.1119295e-16  6.7239676e-16  5.8240343e-16  -2.8991349e-16  2.5135114e-17  4.5432897e-17  2.9529846e-16  -5.6837571e-16  -8.5344353e-17  -2.2718098e-16  3.7638037e-16  -6.4164359e-16  
1.9964374e-16  -4.0675157e-17  4.9931725e-16  -6.2815806e-18  -2.2884502e-16  1.8501162e-17  3.2294585e-16  -1.4473560e-16  -2.3855194e-18  2.0532340e-16  -2.1030141e-16  2.8562232e-16  -6.3192503e-17  -6.1060373e-16  -5.3108386e-16  1.0000000   3.0890634e-16  -1.0101640e-15  -8.5456697e-17  1.0732204e-16  1.7511998e-16  -4.9675155e-16  -5.8043068e-16  3.3763944e-16  -3.0172568e-16  1.7860778e-16  -2.8973651e-16  -3.0875866e-16  -2.5537487e-16  2.4454385e-16  -8.3315674e-17  1.9964374e-16  -4.0675157e-17  4.9931725e-16  -6.2815806e-18  -2.2884502e-16  1.8501162e-17  3.2294585e-16  -1.4473560e-16  -2.3855194e-18  2.0532340e-16  -2.1030141e-16  2.8562232e-16  -6.3192503e-17  -6.1060373e-16  -5.3108386e-16  1.0000000   3.0890634e-16  -1.0101640e-15  -8.5456697e-17  1.0732204e-16  1.7511998e-16  -4.9675155e-16  -5.8043068e-16  3.3763944e-16  -3.0172568e-16  1.7860778e-16  -2.8973651e-16  -3.0875866e-16  -2.5537487e-16  2.4454385e-16  -8.3315674e-17  
-2.5041779e-16  4.7559775e-16  -1.0401538e-17  -4.4160027e-16  -2.1803429e-17  -4.6781221e-16  -1.5092343e-16  2.0822109e-16  -3.5748441e-16  3.3098700e-16  1.2843706e-16  7.3841115e-18  1.4969732e-16  7.7397679e-16  5.9511110e-16  3.0890634e-16  1.0000000   2.1567544e-16  2.6782904e-16  -4.6931441e-16  -2.4819903e-16  1.1549484e-16  4.1891166e-16  1.4470483e-16  3.2179157e-16  -3.1553653e-16  4.4708232e-16  -3.2010617e-16  -2.6088138e-16  1.4635311e-16  1.5628135e-16  -2.5041779e-16  4.7559775e-16  -1.0401538e-17  -4.4160027e-16  -2.1803429e-17  -4.6781221e-16  -1.5092343e-16  2.0822109e-16  -3.5748441e-16  3.3098700e-16  1.2843706e-16  7.3841115e-18  1.4969732e-16  7.7397679e-16  5.9511110e-16  3.0890634e-16  1.0000000   2.1567544e-16  2.6782904e-16  -4.6931441e-16  -2.4819903e-16  1.1549484e-16  4.1891166e-16  1.4470483e-16  3.2179157e-16  -3.1553653e-16  4.4708232e-16  -3.2010617e-16  -2.6088138e-16  1.4635311e-16  1.5628135e-16  
6.8025154e-16  -1.0469003e-15  8.4186892e-17  -3.4455369e-16  3.5801262e-16  -2.1051689e-16  5.6390227e-16  8.0737206e-16  4.2903878e-16  -2.4580556e-16  2.7064024e-16  5.4226455e-17  -4.1954793e-16  1.6929864e-16  3.3657454e-16  -1.0101640e-15  2.1567544e-16  1.0000000   -4.8845148e-18  3.7490748e-16  6.7427807e-16  5.5040996e-16  7.1427360e-17  -3.9957392e-16  -9.2161947e-16  7.7554152e-16  -6.9230383e-16  6.0714064e-19  -1.0209594e-15  8.1388742e-17  -4.6184629e-16  6.8025154e-16  -1.0469003e-15  8.4186892e-17  -3.4455369e-16  3.5801262e-16  -2.1051689e-16  5.6390227e-16  8.0737206e-16  4.2903878e-16  -2.4580556e-16  2.7064024e-16  5.4226455e-17  -4.1954793e-16  1.6929864e-16  3.3657454e-16  -1.0101640e-15  2.1567544e-16  1.0000000   -4.8845148e-18  3.7490748e-16  6.7427807e-16  5.5040996e-16  7.1427360e-17  -3.9957392e-16  -9.2161947e-16  7.7554152e-16  -6.9230383e-16  6.0714064e-19  -1.0209594e-15  8.1388742e-17  -4.6184629e-16  
8.9882570e-17  -7.6711159e-16  1.8842445e-16  -1.0698980e-16  2.9393982e-16  -8.5316348e-16  -5.0789872e-16  1.3698713e-16  -1.6665632e-16  -5.6604112e-17  -6.1145304e-16  5.2797284e-16  -1.6436533e-16  -2.8055395e-16  3.9879559e-16  -8.5456697e-17  2.6782904e-16  -4.8845148e-18  1.0000000   4.5076784e-17  1.3636196e-16  2.7627475e-16  -1.4902711e-16  4.2391379e-17  3.9535660e-17  1.7407485e-16  -2.1865082e-16  -5.5345834e-17  1.3297330e-16  6.8265106e-16  -3.4877359e-16  8.9882570e-17  -7.6711159e-16  1.8842445e-16  -1.0698980e-16  2.9393982e-16  -8.5316348e-16  -5.0789872e-16  1.3698713e-16  -1.6665632e-16  -5.6604112e-17  -6.1145304e-16  5.2797284e-16  -1.6436533e-16  -2.8055395e-16  3.9879559e-16  -8.5456697e-17  2.6782904e-16  -4.8845148e-18  1.0000000   4.5076784e-17  1.3636196e-16  2.7627475e-16  -1.4902711e-16  4.2391379e-17  3.9535660e-17  1.7407485e-16  -2.1865082e-16  -5.5345834e-17  1.3297330e-16  6.8265106e-16  -3.4877359e-16  
1.1086509e-15  1.1017677e-16  -2.0865671e-16  -9.9191170e-16  -5.5772543e-16  4.2620319e-16  2.7761221e-16  1.1033939e-16  1.9973735e-16  -7.6274493e-16  1.2485642e-16  -1.0397672e-16  -4.9972714e-17  3.5326829e-17  6.1119295e-16  1.0732204e-16  -4.6931441e-16  3.7490748e-16  4.5076784e-17  1.0000000   3.3619787e-16  3.4482424e-16  -2.9133299e-16  -3.9982332e-16  -1.6875451e-17  1.6836478e-16  -2.5785355e-16  -3.8655628e-16  -1.1085657e-16  -4.6996990e-16  1.9055737e-16  1.1086509e-15  1.1017677e-16  -2.0865671e-16  -9.9191170e-16  -5.5772543e-16  4.2620319e-16  2.7761221e-16  1.1033939e-16  1.9973735e-16  -7.6274493e-16  1.2485642e-16  -1.0397672e-16  -4.9972714e-17  3.5326829e-17  6.1119295e-16  1.0732204e-16  -4.6931441e-16  3.7490748e-16  4.5076784e-17  1.0000000   3.3619787e-16  3.4482424e-16  -2.9133299e-16  -3.9982332e-16  -1.6875451e-17  1.6836478e-16  -2.5785355e-16  -3.8655628e-16  -1.1085657e-16  -4.6996990e-16  1.9055737e-16  
-1.0807357e-15  -3.1289730e-16  2.3137956e-16  -2.4094706e-16  -8.1648424e-17  -4.9297383e-16  7.9688597e-17  3.5421519e-16  2.7728457e-17  2.2799825e-16  -6.8766128e-16  1.0798201e-15  6.9271269e-17  4.6219070e-16  6.7239676e-16  1.7511998e-16  -2.4819903e-16  6.7427807e-16  1.3636196e-16  3.3619787e-16  1.0000000   6.1401656e-16  2.3481847e-16  -4.3188662e-16  2.8709298e-17  2.2527369e-17  1.7938910e-16  3.3308891e-16  -5.2986170e-16  -9.4641087e-17  3.7769434e-17  -1.0807357e-15  -3.1289730e-16  2.3137956e-16  -2.4094706e-16  -8.1648424e-17  -4.9297383e-16  7.9688597e-17  3.5421519e-16  2.7728457e-17  2.2799825e-16  -6.8766128e-16  1.0798201e-15  6.9271269e-17  4.6219070e-16  6.7239676e-16  1.7511998e-16  -2.4819903e-16  6.7427807e-16  1.3636196e-16  3.3619787e-16  1.0000000   6.1401656e-16  2.3481847e-16  -4.3188662e-16  2.8709298e-17  2.2527369e-17  1.7938910e-16  3.3308891e-16  -5.2986170e-16  -9.4641087e-17  3.7769434e-17  
9.9285435e-17  -8.7242823e-16  7.5097270e-17  -2.9906579e-16  1.7072982e-16  2.4113072e-16  1.6381599e-16  2.3758154e-16  2.4737558e-17  8.4804014e-16  1.2005620e-17  7.9522643e-16  -3.5495209e-16  -1.3338674e-15  5.8240343e-16  -4.9675155e-16  1.1549484e-16  5.5040996e-16  2.7627475e-16  3.4482424e-16  6.1401656e-16  1.0000000   6.1866374e-16  7.6503003e-16  -7.1753599e-16  -7.6681520e-16  -4.8637483e-16  -2.0838094e-17  -7.1845253e-16  -4.2852343e-16  -6.3915054e-16  9.9285435e-17  -8.7242823e-16  7.5097270e-17  -2.9906579e-16  1.7072982e-16  2.4113072e-16  1.6381599e-16  2.3758154e-16  2.4737558e-17  8.4804014e-16  1.2005620e-17  7.9522643e-16  -3.5495209e-16  -1.3338674e-15  5.8240343e-16  -4.9675155e-16  1.1549484e-16  5.5040996e-16  2.7627475e-16  3.4482424e-16  6.1401656e-16  1.0000000   6.1866374e-16  7.6503003e-16  -7.1753599e-16  -7.6681520e-16  -4.8637483e-16  -2.0838094e-17  -7.1845253e-16  -4.2852343e-16  -6.3915054e-16  
-7.2492461e-17  1.5011703e-16  2.8963735e-16  -8.3276643e-16  -2.1750170e-16  -6.7618499e-16  -2.8606573e-16  -4.5700035e-16  1.8084553e-16  4.9814919e-16  1.1158871e-17  -7.3783551e-16  4.8747650e-16  2.8630390e-16  -2.8991349e-16  -5.8043068e-16  4.1891166e-16  7.1427360e-17  -1.4902711e-16  -2.9133299e-16  2.3481847e-16  6.1866374e-16  1.0000000   -3.8906717e-16  -1.0206808e-16  -1.6998252e-16  -6.4210349e-16  -1.2246591e-16  -1.3764711e-16  -2.7642067e-16  -1.5807177e-16  -7.2492461e-17  1.5011703e-16  2.8963735e-16  -8.3276643e-16  -2.1750170e-16  -6.7618499e-16  -2.8606573e-16  -4.5700035e-16  1.8084553e-16  4.9814919e-16  1.1158871e-17  -7.3783551e-16  4.8747650e-16  2.8630390e-16  -2.8991349e-16  -5.8043068e-16  4.1891166e-16  7.1427360e-17  -1.4902711e-16  -2.9133299e-16  2.3481847e-16  6.1866374e-16  1.0000000   -3.8906717e-16  -1.0206808e-16  -1.6998252e-16  -6.4210349e-16  -1.2246591e-16  -1.3764711e-16  -2.7642067e-16  -1.5807177e-16  
-1.5994830e-16  1.8118392e-16  2.6986952e-16  2.9613899e-16  1.6267509e-16  -4.0554705e-16  6.5087626e-17  -1.1480004e-15  5.2462683e-16  -1.7066533e-16  4.1245919e-16  -4.8562020e-18  -7.1961570e-16  -3.2986239e-16  2.5135114e-17  3.3763944e-16  1.4470483e-16  -3.9957392e-16  4.2391379e-17  -3.9982332e-16  -4.3188662e-16  7.6503003e-16  -3.8906717e-16  1.0000000   -3.1816629e-17  9.4567571e-16  -5.9493852e-16  5.2983799e-16  -3.0192167e-16  -2.1614570e-16  4.3034732e-16  -1.5994830e-16  1.8118392e-16  2.6986952e-16  2.9613899e-16  1.6267509e-16  -4.0554705e-16  6.5087626e-17  -1.1480004e-15  5.2462683e-16  -1.7066533e-16  4.1245919e-16  -4.8562020e-18  -7.1961570e-16  -3.2986239e-16  2.5135114e-17  3.3763944e-16  1.4470483e-16  -3.9957392e-16  4.2391379e-17  -3.9982332e-16  -4.3188662e-16  7.6503003e-16  -3.8906717e-16  1.0000000   -3.1816629e-17  9.4567571e-16  -5.9493852e-16  5.2983799e-16  -3.0192167e-16  -2.1614570e-16  4.3034732e-16  
-9.7447752e-16  -4.8664637e-16  1.7370183e-16  2.0683239e-16  -2.6154444e-16  -2.2207675e-17  4.1842110e-16  -6.8505934e-17  1.2924621e-16  -3.9429188e-17  3.9061974e-16  1.3375692e-17  -1.0645114e-16  1.9344217e-16  4.5432897e-17  -3.0172568e-16  3.2179157e-16  -9.2161947e-16  3.9535660e-17  -1.6875451e-17  2.8709298e-17  -7.1753599e-16  -1.0206808e-16  -3.1816629e-17  1.0000000   -5.5724930e-16  -1.1582423e-16  2.4414070e-17  -2.8409786e-17  1.8464991e-16  1.1040735e-16  -9.7447752e-16  -4.8664637e-16  1.7370183e-16  2.0683239e-16  -2.6154444e-16  -2.2207675e-17  4.1842110e-16  -6.8505934e-17  1.2924621e-16  -3.9429188e-17  3.9061974e-16  1.3375692e-17  -1.0645114e-16  1.9344217e-16  4.5432897e-17  -3.0172568e-16  3.2179157e-16  -9.2161947e-16  3.9535660e-17  -1.6875451e-17  2.8709298e-17  -7.1753599e-16  -1.0206808e-16  -3.1816629e-17  1.0000000   -5.5724930e-16  -1.1582423e-16  2.4414070e-17  -2.8409786e-17  1.8464991e-16  1.1040735e-16  
-2.6511310e-16  9.4493565e-18  -2.7034194e-16  -2.1550371e-16  -1.1203699e-16  -3.8587856e-16  7.8416135e-16  2.8491303e-16  3.6253638e-16  1.8687973e-16  2.9480346e-16  -6.1515244e-17  -5.0967289e-16  6.2586291e-17  2.9529846e-16  1.7860778e-16  -3.1553653e-16  7.7554152e-16  1.7407485e-16  1.6836478e-16  2.2527369e-17  -7.6681520e-16  -1.6998252e-16  9.4567571e-16  -5.5724930e-16  1.0000000   -8.8661303e-16  1.5821682e-16  -2.9761599e-16  1.8569966e-16  -4.1755706e-16  -2.6511310e-16  9.4493565e-18  -2.7034194e-16  -2.1550371e-16  -1.1203699e-16  -3.8587856e-16  7.8416135e-16  2.8491303e-16  3.6253638e-16  1.8687973e-16  2.9480346e-16  -6.1515244e-17  -5.0967289e-16  6.2586291e-17  2.9529846e-16  1.7860778e-16  -3.1553653e-16  7.7554152e-16  1.7407485e-16  1.6836478e-16  2.2527369e-17  -7.6681520e-16  -1.6998252e-16  9.4567571e-16  -5.5724930e-16  1.0000000   -8.8661303e-16  1.5821682e-16  -2.9761599e-16  1.8569966e-16  -4.1755706e-16  
8.2124001e-18  7.8342367e-17  2.4505975e-16  8.0069411e-16  2.6574620e-16  -3.2381334e-16  -2.9797772e-16  6.0666211e-16  2.2114829e-17  -5.4479313e-16  -2.5907344e-16  1.0461460e-16  -4.2706835e-17  2.5585035e-16  -5.6837571e-16  -2.8973651e-16  4.4708232e-16  -6.9230383e-16  -2.1865082e-16  -2.5785355e-16  1.7938910e-16  -4.8637483e-16  -6.4210349e-16  -5.9493852e-16  -1.1582423e-16  -8.8661303e-16  1.0000000   1.6542932e-16  9.7670118e-17  -1.7041271e-16  3.9857125e-16  8.2124001e-18  7.8342367e-17  2.4505975e-16  8.0069411e-16  2.6574620e-16  -3.2381334e-16  -2.9797772e-16  6.0666211e-16  2.2114829e-17  -5.4479313e-16  -2.5907344e-16  1.0461460e-16  -4.2706835e-17  2.5585035e-16  -5.6837571e-16  -2.8973651e-16  4.4708232e-16  -6.9230383e-16  -2.1865082e-16  -2.5785355e-16  1.7938910e-16  -4.8637483e-16  -6.4210349e-16  -5.9493852e-16  -1.1582423e-16  -8.8661303e-16  1.0000000   1.6542932e-16  9.7670118e-17  -1.7041271e-16  3.9857125e-16  
-5.0047028e-17  1.0513547e-17  -2.9780940e-16  3.1589344e-16  -1.6360081e-17  -1.4433818e-16  2.0596046e-16  6.5740748e-17  1.6187594e-16  -1.4111863e-16  -6.9629480e-17  -2.1836637e-16  4.0433695e-16  -9.8107571e-17  -8.5344353e-17  -3.0875866e-16  -3.2010617e-16  6.0714064e-19  -5.5345834e-17  -3.8655628e-16  3.3308891e-16  -2.0838094e-17  -1.2246591e-16  5.2983799e-16  2.4414070e-17  1.5821682e-16  1.6542932e-16  1.0000000   -2.0648134e-16  -2.6264251e-16  6.6070101e-16  -5.0047028e-17  1.0513547e-17  -2.9780940e-16  3.1589344e-16  -1.6360081e-17  -1.4433818e-16  2.0596046e-16  6.5740748e-17  1.6187594e-16  -1.4111863e-16  -6.9629480e-17  -2.1836637e-16  4.0433695e-16  -9.8107571e-17  -8.5344353e-17  -3.0875866e-16  -3.2010617e-16  6.0714064e-19  -5.5345834e-17  -3.8655628e-16  3.3308891e-16  -2.0838094e-17  -1.2246591e-16  5.2983799e-16  2.4414070e-17  1.5821682e-16  1.6542932e-16  1.0000000   -2.0648134e-16  -2.6264251e-16  6.6070101e-16  
-8.9613482e-16  8.0719204e-16  -9.9865320e-16  -8.2508249e-17  2.7852250e-17  -3.4863856e-17  3.0744540e-16  -2.9403849e-16  6.4355385e-16  -4.8471992e-16  6.5884938e-16  -3.7133094e-16  -6.6726327e-16  4.1844831e-16  -2.2718098e-16  -2.5537487e-16  -2.6088138e-16  -1.0209594e-15  1.3297330e-16  -1.1085657e-16  -5.2986170e-16  -7.1845253e-16  -1.3764711e-16  -3.0192167e-16  -2.8409786e-17  -2.9761599e-16  9.7670118e-17  -2.0648134e-16  1.0000000   2.5459901e-16  -2.9739866e-16  -8.9613482e-16  8.0719204e-16  -9.9865320e-16  -8.2508249e-17  2.7852250e-17  -3.4863856e-17  3.0744540e-16  -2.9403849e-16  6.4355385e-16  -4.8471992e-16  6.5884938e-16  -3.7133094e-16  -6.6726327e-16  4.1844831e-16  -2.2718098e-16  -2.5537487e-16  -2.6088138e-16  -1.0209594e-15  1.3297330e-16  -1.1085657e-16  -5.2986170e-16  -7.1845253e-16  -1.3764711e-16  -3.0192167e-16  -2.8409786e-17  -2.9761599e-16  9.7670118e-17  -2.0648134e-16  1.0000000   2.5459901e-16  -2.9739866e-16  
-4.6952648e-16  -3.1001513e-16  -4.3307098e-16  3.1535629e-16  2.6812128e-16  4.5253685e-16  -6.5890451e-16  4.7061802e-16  -4.0372236e-16  6.3161093e-17  -1.9441779e-16  -2.6621072e-16  1.7484729e-16  2.9671839e-16  3.7638037e-16  2.4454385e-16  1.4635311e-16  8.1388742e-17  6.8265106e-16  -4.6996990e-16  -9.4641087e-17  -4.2852343e-16  -2.7642067e-16  -2.1614570e-16  1.8464991e-16  1.8569966e-16  -1.7041271e-16  -2.6264251e-16  2.5459901e-16  1.0000000   -7.9249193e-17  -4.6952648e-16  -3.1001513e-16  -4.3307098e-16  3.1535629e-16  2.6812128e-16  4.5253685e-16  -6.5890451e-16  4.7061802e-16  -4.0372236e-16  6.3161093e-17  -1.9441779e-16  -2.6621072e-16  1.7484729e-16  2.9671839e-16  3.7638037e-16  2.4454385e-16  1.4635311e-16  8.1388742e-17  6.8265106e-16  -4.6996990e-16  -9.4641087e-17  -4.2852343e-16  -2.7642067e-16  -2.1614570e-16  1.8464991e-16  1.8569966e-16  -1.7041271e-16  -2.6264251e-16  2.5459901e-16  1.0000000   -7.9249193e-17  
4.3109761e-16  -3.1281009e-16  -3.5092274e-17  -1.8389573e-16  1.2520509e-16  2.6231088e-17  -6.4843929e-17  7.0277647e-16  3.5269601e-16  8.9005468e-17  -2.6579124e-16  6.5796385e-16  -3.8046364e-17  7.0323804e-16  -6.4164359e-16  -8.3315674e-17  1.5628135e-16  -4.6184629e-16  -3.4877359e-16  1.9055737e-16  3.7769434e-17  -6.3915054e-16  -1.5807177e-16  4.3034732e-16  1.1040735e-16  -4.1755706e-16  3.9857125e-16  6.6070101e-16  -2.9739866e-16  -7.9249193e-17  1.0000000   4.3109761e-16  -3.1281009e-16  -3.5092274e-17  -1.8389573e-16  1.2520509e-16  2.6231088e-17  -6.4843929e-17  7.0277647e-16  3.5269601e-16  8.9005468e-17  -2.6579124e-16  6.5796385e-16  -3.8046364e-17  7.0323804e-16  -6.4164359e-16  -8.3315674e-17  1.5628135e-16  -4.6184629e-16  -3.4877359e-16  1.9055737e-16  3.7769434e-17  -6.3915054e-16  -1.5807177e-16  4.3034732e-16  1.1040735e-16  -4.1755706e-16  3.9857125e-16  6.6070101e-16  -2.9739866e-16  -7.9249193e-17  1.0000000   
1.0000000   -2.4329019e-16  -3.2841742e-16  5.9074791e-17  2.4838256e-16  4.7486218e-16  -3.4822134e-16  -2.9056804e-16  1.2083708e-16  9.6930424e-16  2.7421646e-16  1.6168915e-16  -4.4598347e-16  -8.9263801e-16  -1.1312559e-16  1.9964374e-16  -2.5041779e-16  6.8025154e-16  8.9882570e-17  1.1086509e-15  -1.0807357e-15  9.9285435e-17  -7.2492461e-17  -1.5994830e-16  -9.7447752e-16  -2.6511310e-16  8.2124001e-18  -5.0047028e-17  -8.9613482e-16  -4.6952648e-16  4.3109761e-16  1.0000000   -2.4329019e-16  -3.2841742e-16  5.9074791e-17  2.4838256e-16  4.7486218e-16  -3.4822134e-16  -2.9056804e-16  1.2083708e-16  9.6930424e-16  2.7421646e-16  1.6168915e-16  -4.4598347e-16  -8.9263801e-16  -1.1312559e-16  1.9964374e-16  -2.5041779e-16  6.8025154e-16  8.9882570e-17  1.1086509e-15  -1.0807357e-15  9.9285435e-17  -7.2492461e-17  -1.5994830e-16  -9.7447752e-16  -2.6511310e-16  8.2124001e-18  -5.0047028e-17  -8.9613482e-16  -4.6952648e-16  4.3109761e-16  
-2.4329019e-16  1.0000000   -3.1033977e-17  4.4097780e-16  -8.3024462e-16  5.3708938e-16  3.8407458e-16  -2.7870767e-16  2.9534219e-16  1.8341106e-16  -3.0423247e-16  -5.4889913e-16  -2.4937477e-16  7.6380589e-16  -3.9717135e-16  -4.0675157e-17  4.7559775e-16  -1.0469003e-15  -7.6711159e-16  1.1017677e-16  -3.1289730e-16  -8.7242823e-16  1.5011703e-16  1.8118392e-16  -4.8664637e-16  9.4493565e-18  7.8342367e-17  1.0513547e-17  8.0719204e-16  -3.1001513e-16  -3.1281009e-16  -2.4329019e-16  1.0000000   -3.1033977e-17  4.4097780e-16  -8.3024462e-16  5.3708938e-16  3.8407458e-16  -2.7870767e-16  2.9534219e-16  1.8341106e-16  -3.0423247e-16  -5.4889913e-16  -2.4937477e-16  7.6380589e-16  -3.9717135e-16  -4.0675157e-17  4.7559775e-16  -1.0469003e-15  -7.6711159e-16  1.1017677e-16  -3.1289730e-16  -8.7242823e-16  1.5011703e-16  1.8118392e-16  -4.8664637e-16  9.4493565e-18  7.8342367e-17  1.0513547e-17  8.0719204e-16  -3.1001513e-16  -3.1281009e-16  
-3.2841742e-16  -3.1033977e-17  1.0000000   -3.0189078e-16  4.9015417e-16  -3.1935656e-16  6.4087474e-17  5.0927675e-16  2.9957724e-16  -1.4464871e-16  -1.7657066e-16  -1.4725374e-16  -1.6597523e-16  -1.8067209e-16  7.3487051e-16  4.9931725e-16  -1.0401538e-17  8.4186892e-17  1.8842445e-16  -2.0865671e-16  2.3137956e-16  7.5097270e-17  2.8963735e-16  2.6986952e-16  1.7370183e-16  -2.7034194e-16  2.4505975e-16  -2.9780940e-16  -9.9865320e-16  -4.3307098e-16  -3.5092274e-17  -3.2841742e-16  -3.1033977e-17  1.0000000   -3.0189078e-16  4.9015417e-16  -3.1935656e-16  6.4087474e-17  5.0927675e-16  2.9957724e-16  -1.4464871e-16  -1.7657066e-16  -1.4725374e-16  -1.6597523e-16  -1.8067209e-16  7.3487051e-16  4.9931725e-16  -1.0401538e-17  8.4186892e-17  1.8842445e-16  -2.0865671e-16  2.3137956e-16  7.5097270e-17  2.8963735e-16  2.6986952e-16  1.7370183e-16  -2.7034194e-16  2.4505975e-16  -2.9780940e-16  -9.9865320e-16  -4.3307098e-16  -3.5092274e-17  
5.9074791e-17  4.4097780e-16  -3.0189078e-16  1.0000000   -4.1262529e-16  1.2372147e-16  -7.6207099e-18  6.5510519e-17  5.2196343e-16  -4.0394674e-17  4.7150187e-16  -6.9981187e-16  -1.3789121e-16  -1.9341695e-16  3.1141924e-17  -6.2815806e-18  -4.4160027e-16  -3.4455369e-16  -1.0698980e-16  -9.9191170e-16  -2.4094706e-16  -2.9906579e-16  -8.3276643e-16  2.9613899e-16  2.0683239e-16  -2.1550371e-16  8.0069411e-16  3.1589344e-16  -8.2508249e-17  3.1535629e-16  -1.8389573e-16  5.9074791e-17  4.4097780e-16  -3.0189078e-16  1.0000000   -4.1262529e-16  1.2372147e-16  -7.6207099e-18  6.5510519e-17  5.2196343e-16  -4.0394674e-17  4.7150187e-16  -6.9981187e-16  -1.3789121e-16  -1.9341695e-16  3.1141924e-17  -6.2815806e-18  -4.4160027e-16  -3.4455369e-16  -1.0698980e-16  -9.9191170e-16  -2.4094706e-16  -2.9906579e-16  -8.3276643e-16  2.9613899e-16  2.0683239e-16  -2.1550371e-16  8.0069411e-16  3.1589344e-16  -8.2508249e-17  3.1535629e-16  -1.8389573e-16  
2.4838256e-16  -8.3024462e-16  4.9015417e-16  -4.1262529e-16  1.0000000   -5.4457160e-16  -4.6057043e-16  -1.5317919e-16  4.4537326e-16  -1.2825450e-16  -1.9710126e-16  5.9002822e-16  6.6368713e-16  -4.5733986e-17  5.2416612e-17  -2.2884502e-16  -2.1803429e-17  3.5801262e-16  2.9393982e-16  -5.5772543e-16  -8.1648424e-17  1.7072982e-16  -2.1750170e-16  1.6267509e-16  -2.6154444e-16  -1.1203699e-16  2.6574620e-16  -1.6360081e-17  2.7852250e-17  2.6812128e-16  1.2520509e-16  2.4838256e-16  -8.3024462e-16  4.9015417e-16  -4.1262529e-16  1.0000000   -5.4457160e-16  -4.6057043e-16  -1.5317919e-16  4.4537326e-16  -1.2825450e-16  -1.9710126e-16  5.9002822e-16  6.6368713e-16  -4.5733986e-17  5.2416612e-17  -2.2884502e-16  -2.1803429e-17  3.5801262e-16  2.9393982e-16  -5.5772543e-16  -8.1648424e-17  1.7072982e-16  -2.1750170e-16  1.6267509e-16  -2.6154444e-16  -1.1203699e-16  2.6574620e-16  -1.6360081e-17  2.7852250e-17  2.6812128e-16  1.2520509e-16  
4.7486218e-16  5.3708938e-16  -3.1935656e-16  1.2372147e-16  -5.4457160e-16  1.0000000   -3.5951503e-16  -6.1931027e-16  4.2025199e-16  -1.2384838e-16  8.0214750e-16  -3.6088667e-16  -8.1320328e-16  1.6130945e-17  1.9013639e-16  1.8501162e-17  -4.6781221e-16  -2.1051689e-16  -8.5316348e-16  4.2620319e-16  -4.9297383e-16  2.4113072e-16  -6.7618499e-16  -4.0554705e-16  -2.2207675e-17  -3.8587856e-16  -3.2381334e-16  -1.4433818e-16  -3.4863856e-17  4.5253685e-16  2.6231088e-17  4.7486218e-16  5.3708938e-16  -3.1935656e-16  1.2372147e-16  -5.4457160e-16  1.0000000   -3.5951503e-16  -6.1931027e-16  4.2025199e-16  -1.2384838e-16  8.0214750e-16  -3.6088667e-16  -8.1320328e-16  1.6130945e-17  1.9013639e-16  1.8501162e-17  -4.6781221e-16  -2.1051689e-16  -8.5316348e-16  4.2620319e-16  -4.9297383e-16  2.4113072e-16  -6.7618499e-16  -4.0554705e-16  -2.2207675e-17  -3.8587856e-16  -3.2381334e-16  -1.4433818e-16  -3.4863856e-17  4.5253685e-16  2.6231088e-17  
-3.4822134e-16  3.8407458e-16  6.4087474e-17  -7.6207099e-18  -4.6057043e-16  -3.5951503e-16  1.0000000   5.3543100e-17  1.6481149e-16  2.3043512e-16  -4.5845351e-16  -1.0194752e-17  -2.6199408e-16  -5.2722284e-16  -3.2613942e-16  3.2294585e-16  -1.5092343e-16  5.6390227e-16  -5.0789872e-16  2.7761221e-16  7.9688597e-17  1.6381599e-16  -2.8606573e-16  6.5087626e-17  4.1842110e-16  7.8416135e-16  -2.9797772e-16  2.0596046e-16  3.0744540e-16  -6.5890451e-16  -6.4843929e-17  -3.4822134e-16  3.8407458e-16  6.4087474e-17  -7.6207099e-18  -4.6057043e-16  -3.5951503e-16  1.0000000   5.3543100e-17  1.6481149e-16  2.3043512e-16  -4.5845351e-16  -1.0194752e-17  -2.6199408e-16  -5.2722284e-16  -3.2613942e-16  3.2294585e-16  -1.5092343e-16  5.6390227e-16  -5.0789872e-16  2.7761221e-16  7.9688597e-17  1.6381599e-16  -2.8606573e-16  6.5087626e-17  4.1842110e-16  7.8416135e-16  -2.9797772e-16  2.0596046e-16  3.0744540e-16  -6.5890451e-16  -6.4843929e-17  
-2.9056804e-16  -2.7870767e-16  5.0927675e-16  6.5510519e-17  -1.5317919e-16  -6.1931027e-16  5.3543100e-17  1.0000000   3.1437306e-16  2.1537884e-16  -1.2974508e-16  4.9585849e-16  1.0590262e-16  -6.1751733e-16  4.8955514e-16  -1.4473560e-16  2.0822109e-16  8.0737206e-16  1.3698713e-16  1.1033939e-16  3.5421519e-16  2.3758154e-16  -4.5700035e-16  -1.1480004e-15  -6.8505934e-17  2.8491303e-16  6.0666211e-16  6.5740748e-17  -2.9403849e-16  4.7061802e-16  7.0277647e-16  -2.9056804e-16  -2.7870767e-16  5.0927675e-16  6.5510519e-17  -1.5317919e-16  -6.1931027e-16  5.3543100e-17  1.0000000   3.1437306e-16  2.1537884e-16  -1.2974508e-16  4.9585849e-16  1.0590262e-16  -6.1751733e-16  4.8955514e-16  -1.4473560e-16  2.0822109e-16  8.0737206e-16  1.3698713e-16  1.1033939e-16  3.5421519e-16  2.3758154e-16  -4.5700035e-16  -1.1480004e-15  -6.8505934e-17  2.8491303e-16  6.0666211e-16  6.5740748e-17  -2.9403849e-16  4.7061802e-16  7.0277647e-16  
1.2083708e-16  2.9534219e-16  2.9957724e-16  5.2196343e-16  4.4537326e-16  4.2025199e-16  1.6481149e-16  3.1437306e-16  1.0000000   1.3934271e-19  4.2691030e-16  1.3436467e-16  -5.1460255e-16  2.3202032e-16  -8.0142364e-16  -2.3855194e-18  -3.5748441e-16  4.2903878e-16  -1.6665632e-16  1.9973735e-16  2.7728457e-17  2.4737558e-17  1.8084553e-16  5.2462683e-16  1.2924621e-16  3.6253638e-16  2.2114829e-17  1.6187594e-16  6.4355385e-16  -4.0372236e-16  3.5269601e-16  1.2083708e-16  2.9534219e-16  2.9957724e-16  5.2196343e-16  4.4537326e-16  4.2025199e-16  1.6481149e-16  3.1437306e-16  1.0000000   1.3934271e-19  4.2691030e-16  1.3436467e-16  -5.1460255e-16  2.3202032e-16  -8.0142364e-16  -2.3855194e-18  -3.5748441e-16  4.2903878e-16  -1.6665632e-16  1.9973735e-16  2.7728457e-17  2.4737558e-17  1.8084553e-16  5.2462683e-16  1.2924621e-16  3.6253638e-16  2.2114829e-17  1.6187594e-16  6.4355385e-16  -4.0372236e-16  3.5269601e-16  
9.6930424e-16  1.8341106e-16  -1.4464871e-16  -4.0394674e-17  -1.2825450e-16  -1.2384838e-16  2.3043512e-16  2.1537884e-16  1.3934271e-19  1.0000000   -6.8765413e-16  1.1882543e-16  1.0220562e-16  5.0843560e-16  -8.6272476e-16  2.0532340e-16  3.3098700e-16  -2.4580556e-16  -5.6604112e-17  -7.6274493e-16  2.2799825e-16  8.4804014e-16  4.9814919e-16  -1.7066533e-16  -3.9429188e-17  1.8687973e-16  -5.4479313e-16  -1.4111863e-16  -4.8471992e-16  6.3161093e-17  8.9005468e-17  9.6930424e-16  1.8341106e-16  -1.4464871e-16  -4.0394674e-17  -1.2825450e-16  -1.2384838e-16  2.3043512e-16  2.1537884e-16  1.3934271e-19  1.0000000   -6.8765413e-16  1.1882543e-16  1.0220562e-16  5.0843560e-16  -8.6272476e-16  2.0532340e-16  3.3098700e-16  -2.4580556e-16  -5.6604112e-17  -7.6274493e-16  2.2799825e-16  8.4804014e-16  4.9814919e-16  -1.7066533e-16  -3.9429188e-17  1.8687973e-16  -5.4479313e-16  -1.4111863e-16  -4.8471992e-16  6.3161093e-17  8.9005468e-17  
