1.0000000   -3.8092966e-16  1.6034413e-16  3.4066186e-16  -1.5244757e-16  4.2960314e-16  1.4654453e-16  -1.1887377e-16  4.7240129e-16  -4.0980454e-16  -4.0888565e-16  2.5149957e-17  1.8520449e-16  1.3030830e-16  -3.6858204e-16  -2.9820947e-16  6.8221251e-16  1.1489117e-16  6.8667627e-16  -2.6536183e-16  -7.4305310e-17  1.8022849e-16  1.8088873e-16  2.9238260e-16  1.0423029e-17  4.5550873e-16  -5.4321918e-16  -3.9453617e-16  3.8940329e-16  3.1180277e-16  -8.9403500e-16  1.0000000   -3.8092966e-16  1.6034413e-16  3.4066186e-16  -1.5244757e-16  4.2960314e-16  1.4654453e-16  -1.1887377e-16  4.7240129e-16  -4.0980454e-16  -4.0888565e-16  2.5149957e-17  1.8520449e-16  1.3030830e-16  -3.6858204e-16  -2.9820947e-16  6.8221251e-16  1.1489117e-16  6.8667627e-16  -2.6536183e-16  -7.4305310e-17  1.8022849e-16  1.8088873e-16  2.9238260e-16  1.0423029e-17  4.5550873e-16  -5.4321918e-16  -3.9453617e-16  3.8940329e-16  3.1180277e-16  -8.9403500e-16  
-3.8092966e-16  1.0000000   -4.3848092e-16  -4.7046721e-16  4.5096288e-17  -8.4245637e-16  5.5715100e-16  4.8283607e-16  5.5295116e-16  -1.0216943e-16  4.5734833e-16  4.1033120e-16  3.9349326e-17  4.2342244e-17  -2.1657567e-16  8.5203994e-17  7.7296546e-16  -1.0639126e-16  -2.5647178e-16  2.8891849e-16  -6.6041940e-16  -1.0815155e-16  -1.5269870e-16  6.5839182e-16  -9.4440289e-16  -5.0201763e-16  1.9669722e-16  1.5198220e-16  1.2488069e-16  -3.1213906e-16  3.5931610e-16  -3.8092966e-16  1.0000000   -4.3848092e-16  -4.7046721e-16  4.5096288e-17  -8.4245637e-16  5.5715100e-16  4.8283607e-16  5.5295116e-16  -1.0216943e-16  4.5734833e-16  4.1033120e-16  3.9349326e-17  4.2342244e-17  -2.1657567e-16  8.5203994e-17  7.7296546e-16  -1.0639126e-16  -2.5647178e-16  2.8891849e-16  -6.6041940e-16  -1.0815155e-16  -1.5269870e-16  6.5839182e-16  -9.4440289e-16  -5.0201763e-16  1.9669722e-16  1.5198220e-16  1.2488069e-16  -3.1213906e-16  3.5931610e-16  
1.6034413e-16  -4.3848092e-16  1.0000000   2.8403452e-17  3.6322529e-16  -4.8641942e-16  4.6715018e-16  4.8007267e-16  4.7905669e-17  -8.4744570e-16  4.1350023e-16  -1.8112581e-16  -1.0382208e-15  -2.9473444e-16  -2.4626717e-16  4.1451633e-16  -5.4987543e-16  3.8352080e-16  -4.8341807e-16  -5.2821736e-16  -1.1963759e-16  2.6864820e-16  1.8650574e-17  -2.8457491e-16  -9.4290024e-16  2.3263502e-16  4.5144536e-16  3.8648099e-17  -5.5472824e-17  4.4460945e-16  -3.7889004e-16  1.6034413e-16  -4.3848092e-16  1.0000000   2.8403452e-17  3.6322529e-16  -4.8641942e-16  4.6715018e-16  4.8007267e-16  4.7905669e-17  -8.4744570e-16  4.1350023e-16  -1.8112581e-16  -1.0382208e-15  -2.9473444e-16  -2.4626717e-16  4.1451633e-16  -5.4987543e-16  3.8352080e-16  -4.8341807e-16  -5.2821736e-16  -1.1963759e-16  2.6864820e-16  1.8650574e-17  -2.8457491e-16  -9.4290024e-16  2.3263502e-16  4.5144536e-16  3.8648099e-17  -5.5472824e-17  4.4460945e-16  -3.7889004e-16  
3.4066186e-16  -4.7046721e-16  2.8403452e-17  1.0000000   -6.3583116e-16  -1.6625903e-16  -9.7505585e-16  1.4392715e-16  2.1528388e-16  4.8805526e-16  7.7145129e-17  -5.7784224e-16  -3.0939864e-16  -3.6210983e-17  -2.4505565e-16  -3.8969865e-16  -3.6202544e-16  1.5817014e-16  9.7999059e-16  -1.5996215e-16  -9.4777155e-17  -4.9941290e-16  1.8309769e-17  -9.9178252e-17  8.8268971e-16  3.4420136e-16  7.3130774e-16  -3.7106225e-16  2.5681930e-16  -7.3728051e-16  -1.8379387e-16  3.4066186e-16  -4.7046721e-16  2.8403452e-17  1.0000000   -6.3583116e-16  -1.6625903e-16  -9.7505585e-16  1.4392715e-16  2.1528388e-16  4.8805526e-16  7.7145129e-17  -5.7784224e-16  -3.0939864e-16  -3.6210983e-17  -2.4505565e-16  -3.8969865e-16  -3.6202544e-16  1.5817014e-16  9.7999059e-16  -1.5996215e-16  -9.4777155e-17  -4.9941290e-16  1.8309769e-17  -9.9178252e-17  8.8268971e-16  3.4420136e-16  7.3130774e-16  -3.7106225e-16  2.5681930e-16  -7.3728051e-16  -1.8379387e-16  
-1.5244757e-16  4.5096288e-17  3.6322529e-16  -6.3583116e-16  1.0000000   -8.4981837e-16  -1.2431326e-16  2.5640356e-16  -3.8754772e-16  -7.9751881e-16  4.5156592e-16  3.7146202e-16  1.3426834e-16  4.3181439e-16  7.4298389e-17  -5.7460285e-17  1.6890765e-16  -1.0035383e-16  -2.9471610e-16  -4.6523172e-16  7.1896034e-16  5.7304795e-16  -3.9198363e-16  -3.8603224e-16  -1.1142664e-16  -3.1761250e-16  -5.8932370e-16  1.5034723e-16  -6.0108386e-16  -1.3108278e-16  3.0365650e-17  -1.5244757e-16  4.5096288e-17  3.6322529e-16  -6.3583116e-16  1.0000000   -8.4981837e-16  -1.2431326e-16  2.5640356e-16  -3.8754772e-16  -7.9751881e-16  4.5156592e-16  3.7146202e-16  1.3426834e-16  4.3181439e-16  7.4298389e-17  -5.7460285e-17  1.6890765e-16  -1.0035383e-16  -2.9471610e-16  -4.6523172e-16  7.1896034e-16  5.7304795e-16  -3.9198363e-16  -3.8603224e-16  -1.1142664e-16  -3.1761250e-16  -5.8932370e-16  1.5034723e-16  -6.0108386e-16  -1.3108278e-16  3.0365650e-17  
4.2960314e-16  -8.4245637e-16  -4.8641942e-16  -1.6625903e-16  -8.4981837e-16  1.0000000   -2.0895058e-16  -9.9217178e-16  5.6625993e-16  7.0302234e-16  -3.4975871e-16  1.7858275e-16  3.4937803e-16  -3.3330297e-16  -3.6188652e-17  6.9813440e-17  4.6245367e-16  7.6650989e-18  4.4373807e-16  2.9162653e-16  6.6376340e-16  5.4456332e-16  -4.1512519e-16  -3.5845936e-17  1.4867720e-16  4.0804359e-16  9.5572572e-16  -2.0404640e-16  7.7791204e-16  5.4148465e-17  -7.6820082e-16  4.2960314e-16  -8.4245637e-16  -4.8641942e-16  -1.6625903e-16  -8.4981837e-16  1.0000000   -2.0895058e-16  -9.9217178e-16  5.6625993e-16  7.0302234e-16  -3.4975871e-16  1.7858275e-16  3.4937803e-16  -3.3330297e-16  -3.6188652e-17  6.9813440e-17  4.6245367e-16  7.6650989e-18  4.4373807e-16  2.9162653e-16  6.6376340e-16  5.4456332e-16  -4.1512519e-16  -3.5845936e-17  1.4867720e-16  4.0804359e-16  9.5572572e-16  -2.0404640e-16  7.7791204e-16  5.4148465e-17  -7.6820082e-16  
1.4654453e-16  5.5715100e-16  4.6715018e-16  -9.7505585e-16  -1.2431326e-16  -2.0895058e-16  1.0000000   1.8958168e-16  -3.1463851e-16  -3.2562281e-16  1.9727550e-16  -2.1744895e-16  1.8860644e-17  7.0089611e-16  -5.3863412e-16  -5.4474194e-17  -5.3061856e-17  -6.5607860e-17  -6.3726963e-16  -2.3361623e-16  4.4512804e-16  2.4912136e-16  -1.0735223e-15  -4.0374562e-16  3.3352701e-16  -3.4714233e-17  -5.3638482e-16  4.6465768e-16  -6.9039817e-17  -2.9450361e-16  1.9563972e-16  1.4654453e-16  5.5715100e-16  4.6715018e-16  -9.7505585e-16  -1.2431326e-16  -2.0895058e-16  1.0000000   1.8958168e-16  -3.1463851e-16  -3.2562281e-16  1.9727550e-16  -2.1744895e-16  1.8860644e-17  7.0089611e-16  -5.3863412e-16  -5.4474194e-17  -5.3061856e-17  -6.5607860e-17  -6.3726963e-16  -2.3361623e-16  4.4512804e-16  2.4912136e-16  -1.0735223e-15  -4.0374562e-16  3.3352701e-16  -3.4714233e-17  -5.3638482e-16  4.6465768e-16  -6.9039817e-17  -2.9450361e-16  1.9563972e-16  
-1.1887377e-16  4.8283607e-16  4.8007267e-16  1.4392715e-16  2.5640356e-16  -9.9217178e-16  1.8958168e-16  1.0000000   4.0048660e-16  8.5144116e-17  7.9658832e-16  -2.9809924e-16  -2.2091952e-16  -4.9754831e-16  -9.6351373e-17  -2.3599829e-16  2.5447416e-16  -2.0548210e-16  2.6777128e-16  2.7104745e-16  3.4481422e-16  1.6190423e-16  3.1028274e-16  -5.4660558e-16  5.0774891e-16  7.6827869e-17  2.1478660e-16  -6.3453616e-16  -1.1399035e-16  -1.1679169e-16  2.4214895e-16  -1.1887377e-16  4.8283607e-16  4.8007267e-16  1.4392715e-16  2.5640356e-16  -9.9217178e-16  1.8958168e-16  1.0000000   4.0048660e-16  8.5144116e-17  7.9658832e-16  -2.9809924e-16  -2.2091952e-16  -4.9754831e-16  -9.6351373e-17  -2.3599829e-16  2.5447416e-16  -2.0548210e-16  2.6777128e-16  2.7104745e-16  3.4481422e-16  1.6190423e-16  3.1028274e-16  -5.4660558e-16  5.0774891e-16  7.6827869e-17  2.1478660e-16  -6.3453616e-16  -1.1399035e-16  -1.1679169e-16  2.4214895e-16  
4.7240129e-16  5.5295116e-16  4.7905669e-17  2.1528388e-16  -3.8754772e-16  5.6625993e-16  -3.1463851e-16  4.0048660e-16  1.0000000   5.5819060e-16  -1.9714124e-16  1.1789717e-16  1.3864412e-16  -8.8250467e-16  2.5402517e-16  1.0329571e-16  7.9750825e-16  5.9782633e-17  -2.1626940e-16  -3.9448096e-16  -2.7177969e-16  -4.5674382e-17  6.7890076e-16  7.2933561e-16  2.7842521e-16  4.8162445e-16  -7.2636013e-16  2.6074193e-16  -6.8135746e-17  5.8484771e-17  1.9305878e-16  4.7240129e-16  5.5295116e-16  4.7905669e-17  2.1528388e-16  -3.8754772e-16  5.6625993e-16  -3.1463851e-16  4.0048660e-16  1.0000000   5.5819060e-16  -1.9714124e-16  1.1789717e-16  1.3864412e-16  -8.8250467e-16  2.5402517e-16  1.0329571e-16  7.9750825e-16  5.9782633e-17  -2.1626940e-16  -3.9448096e-16  -2.7177969e-16  -4.5674382e-17  6.7890076e-16  7.2933561e-16  2.7842521e-16  4.8162445e-16  -7.2636013e-16  2.6074193e-16  -6.8135746e-17  5.8484771e-17  1.9305878e-16  
-4.0980454e-16  -1.0216943e-16  -8.4744570e-16  4.8805526e-16  -7.9751881e-16  7.0302234e-16  -3.2562281e-16  8.5144116e-17  5.5819060e-16  1.0000000   -5.0594865e-16  9.5549633e-16  -1.4704341e-16  -8.2708884e-16  -2.5879584e-16  -7.7116725e-17  -1.9062121e-16  -1.5063250e-17  3.9074837e-16  1.5885734e-16  -2.6916048e-16  -3.8902352e-16  1.4566198e-16  3.8926759e-16  3.6051641e-16  -1.4408853e-16  -6.3093504e-16  5.7216284e-16  -2.2170039e-16  -2.3498934e-16  -1.1704250e-16  -4.0980454e-16  -1.0216943e-16  -8.4744570e-16  4.8805526e-16  -7.9751881e-16  7.0302234e-16  -3.2562281e-16  8.5144116e-17  5.5819060e-16  1.0000000   -5.0594865e-16  9.5549633e-16  -1.4704341e-16  -8.2708884e-16  -2.5879584e-16  -7.7116725e-17  -1.9062121e-16  -1.5063250e-17  3.9074837e-16  1.5885734e-16  -2.6916048e-16  -3.8902352e-16  1.4566198e-16  3.8926759e-16  3.6051641e-16  -1.4408853e-16  -6.3093504e-16  5.7216284e-16  -2.2170039e-16  -2.3498934e-16  -1.1704250e-16  
-4.0888565e-16  4.5734833e-16  4.1350023e-16  7.7145129e-17  4.5156592e-16  -3.4975871e-16  1.9727550e-16  7.9658832e-16  -1.9714124e-16  -5.0594865e-16  1.0000000   -1.0970056e-15  -1.0164597e-15  2.8524481e-16  -3.1461038e-16  2.1709533e-16  -1.4263218e-16  -6.5277348e-16  7.8312497e-18  1.5912578e-16  -1.1326135e-16  2.2268474e-16  2.0368238e-16  4.4021295e-18  -2.8338892e-16  -4.7795219e-16  9.5811581e-16  -3.9921672e-16  -7.7399377e-16  -4.5073435e-16  3.3845808e-16  -4.0888565e-16  4.5734833e-16  4.1350023e-16  7.7145129e-17  4.5156592e-16  -3.4975871e-16  1.9727550e-16  7.9658832e-16  -1.9714124e-16  -5.0594865e-16  1.0000000   -1.0970056e-15  -1.0164597e-15  2.8524481e-16  -3.1461038e-16  2.1709533e-16  -1.4263218e-16  -6.5277348e-16  7.8312497e-18  1.5912578e-16  -1.1326135e-16  2.2268474e-16  2.0368238e-16  4.4021295e-18  -2.8338892e-16  -4.7795219e-16  9.5811581e-16  -3.9921672e-16  -7.7399377e-16  -4.5073435e-16  3.3845808e-16  
2.5149957e-17  4.1033120e-16  -1.8112581e-16  -5.7784224e-16  3.7146202e-16  1.7858275e-16  -2.1744895e-16  -2.9809924e-16  1.1789717e-16  9.5549633e-16  -1.0970056e-15  1.0000000   3.6084400e-16  -4.9084868e-16  -3.9726802e-16  2.9832889e-16  3.1217810e-16  -1.1348146e-16  -7.3459200e-16  4.9153045e-16  1.3139313e-16  1.9969367e-16  -4.8376118e-16  1.1284193e-16  -8.2690728e-16  4.2217480e-16  2.7017218e-16  -2.8130494e-16  -2.6534240e-16  4.8665573e-16  -9.8821191e-16  2.5149957e-17  4.1033120e-16  -1.8112581e-16  -5.7784224e-16  3.7146202e-16  1.7858275e-16  -2.1744895e-16  -2.9809924e-16  1.1789717e-16  9.5549633e-16  -1.0970056e-15  1.0000000   3.6084400e-16  -4.9084868e-16  -3.9726802e-16  2.9832889e-16  3.1217810e-16  -1.1348146e-16  -7.3459200e-16  4.9153045e-16  1.3139313e-16  1.9969367e-16  -4.8376118e-16  1.1284193e-16  -8.2690728e-16  4.2217480e-16  2.7017218e-16  -2.8130494e-16  -2.6534240e-16  4.8665573e-16  -9.8821191e-16  
1.8520449e-16  3.9349326e-17  -1.0382208e-15  -3.0939864e-16  1.3426834e-16  3.4937803e-16  1.8860644e-17  -2.2091952e-16  1.3864412e-16  -1.4704341e-16  -1.0164597e-15  3.6084400e-16  1.0000000   -4.1910655e-16  1.7547195e-16  2.3447820e-16  -2.5465582e-16  2.5454987e-16  3.6460335e-17  -1.2578080e-16  2.0737500e-16  -3.4266757e-16  3.4126908e-16  -2.1256317e-16  3.6323688e-16  -2.5960145e-17  -3.6531759e-16  2.7131155e-16  -3.1624922e-16  1.5364509e-16  7.2464001e-16  1.8520449e-16  3.9349326e-17  -1.0382208e-15  -3.0939864e-16  1.3426834e-16  3.4937803e-16  1.8860644e-17  -2.2091952e-16  1.3864412e-16  -1.4704341e-16  -1.0164597e-15  3.6084400e-16  1.0000000   -4.1910655e-16  1.7547195e-16  2.3447820e-16  -2.5465582e-16  2.5454987e-16  3.6460335e-17  -1.2578080e-16  2.0737500e-16  -3.4266757e-16  3.4126908e-16  -2.1256317e-16  3.6323688e-16  -2.5960145e-17  -3.6531759e-16  2.7131155e-16  -3.1624922e-16  1.5364509e-16  7.2464001e-16  
1.3030830e-16  4.2342244e-17  -2.9473444e-16  -3.6210983e-17  4.3181439e-16  -3.3330297e-16  7.0089611e-16  -4.9754831e-16  -8.8250467e-16  -8.2708884e-16  2.8524481e-16  -4.9084868e-16  -4.1910655e-16  1.0000000   8.0458578e-17  1.9267711e-16  -1.3633371e-15  9.7241689e-17  5.9291420e-17  -6.9582924e-16  -1.9212529e-16  1.3020266e-16  -1.1768312e-16  4.0824970e-17  -3.6111466e-17  -2.0580298e-16  -1.0981367e-16  2.5868815e-16  -7.9390028e-16  -5.1457361e-17  5.6366950e-16  1.3030830e-16  4.2342244e-17  -2.9473444e-16  -3.6210983e-17  4.3181439e-16  -3.3330297e-16  7.0089611e-16  -4.9754831e-16  -8.8250467e-16  -8.2708884e-16  2.8524481e-16  -4.9084868e-16  -4.1910655e-16  1.0000000   8.0458578e-17  1.9267711e-16  -1.3633371e-15  9.7241689e-17  5.9291420e-17  -6.9582924e-16  -1.9212529e-16  1.3020266e-16  -1.1768312e-16  4.0824970e-17  -3.6111466e-17  -2.0580298e-16  -1.0981367e-16  2.5868815e-16  -7.9390028e-16  -5.1457361e-17  5.6366950e-16  
-3.6858204e-16  -2.1657567e-16  -2.4626717e-16  -2.4505565e-16  7.4298389e-17  -3.6188652e-17  -5.3863412e-16  -9.6351373e-17  2.5402517e-16  -2.5879584e-16  -3.1461038e-16  -3.9726802e-16  1.7547195e-16  8.0458578e-17  1.0000000   2.9482233e-16  1.1942871e-15  5.4085533e-16  2.2060342e-16  -9.2197217e-16  -3.1608850e-16  4.4030924e-16  -1.7385842e-16  6.3314144e-17  -1.5442730e-16  -5.4450913e-16  -1.3846043e-16  2.5339004e-16  -1.2047330e-16  1.2129570e-17  6.0125995e-17  -3.6858204e-16  -2.1657567e-16  -2.4626717e-16  -2.4505565e-16  7.4298389e-17  -3.6188652e-17  -5.3863412e-16  -9.6351373e-17  2.5402517e-16  -2.5879584e-16  -3.1461038e-16  -3.9726802e-16  1.7547195e-16  8.0458578e-17  1.0000000   2.9482233e-16  1.1942871e-15  5.4085533e-16  2.2060342e-16  -9.2197217e-16  -3.1608850e-16  4.4030924e-16  -1.7385842e-16  6.3314144e-17  -1.5442730e-16  -5.4450913e-16  -1.3846043e-16  2.5339004e-16  -1.2047330e-16  1.2129570e-17  6.0125995e-17  
-2.9820947e-16  8.5203994e-17  4.1451633e-16  -3.8969865e-16  -5.7460285e-17  6.9813440e-17  -5.4474194e-17  -2.3599829e-16  1.0329571e-16  -7.7116725e-17  2.1709533e-16  2.9832889e-16  2.3447820e-16  1.9267711e-16  2.9482233e-16  1.0000000   3.7315917e-17  7.1307261e-16  -9.4045378e-16  4.5377184e-16  -1.9354515e-16  -4.5719199e-16  1.0260587e-16  3.8934492e-16  -5.5823950e-16  1.0144947e-15  -1.4696546e-16  -5.2632556e-16  -1.6156701e-16  -2.3173707e-16  -3.5288957e-16  -2.9820947e-16  8.5203994e-17  4.1451633e-16  -3.8969865e-16  -5.7460285e-17  6.9813440e-17  -5.4474194e-17  -2.3599829e-16  1.0329571e-16  -7.7116725e-17  2.1709533e-16  2.9832889e-16  2.3447820e-16  1.9267711e-16  2.9482233e-16  1.0000000   3.7315917e-17  7.1307261e-16  -9.4045378e-16  4.5377184e-16  -1.9354515e-16  -4.5719199e-16  1.0260587e-16  3.8934492e-16  -5.5823950e-16  1.0144947e-15  -1.4696546e-16  -5.2632556e-16  -1.6156701e-16  -2.3173707e-16  -3.5288957e-16  
6.8221251e-16  7.7296546e-16  -5.4987543e-16  -3.6202544e-16  1.6890765e-16  4.6245367e-16  -5.3061856e-17  2.5447416e-16  7.9750825e-16  -1.9062121e-16  -1.4263218e-16  3.1217810e-16  -2.5465582e-16  -1.3633371e-15  1.1942871e-15  3.7315917e-17  1.0000000   8.0073216e-16  3.7422548e-17  -2.4422445e-16  5.1821117e-16  4.3575659e-16  3.5595588e-16  -1.0869274e-16  3.5470850e-17  -1.0387028e-16  3.5801597e-16  5.6414346e-16  -2.3532213e-16  4.4659297e-17  -4.1284778e-16  6.8221251e-16  7.7296546e-16  -5.4987543e-16  -3.6202544e-16  1.6890765e-16  4.6245367e-16  -5.3061856e-17  2.5447416e-16  7.9750825e-16  -1.9062121e-16  -1.4263218e-16  3.1217810e-16  -2.5465582e-16  -1.3633371e-15  1.1942871e-15  3.7315917e-17  1.0000000   8.0073216e-16  3.7422548e-17  -2.4422445e-16  5.1821117e-16  4.3575659e-16  3.5595588e-16  -1.0869274e-16  3.5470850e-17  -1.0387028e-16  3.5801597e-16  5.6414346e-16  -2.3532213e-16  4.4659297e-17  -4.1284778e-16  
1.1489117e-16  -1.0639126e-16  3.8352080e-16  1.5817014e-16  -1.0035383e-16  7.6650989e-18  -6.5607860e-17  -2.0548210e-16  5.9782633e-17  -1.5063250e-17  -6.5277348e-16  -1.1348146e-16  2.5454987e-16  9.7241689e-17  5.4085533e-16  7.1307261e-16  8.0073216e-16  1.0000000   -1.2539333e-16  -2.8032376e-16  -2.7917752e-16  4.7597316e-16  2.6125939e-16  -2.2568584e-16  -1.5345920e-16  1.3199007e-16  5.0497446e-16  -7.5229553e-16  -4.5373111e-17  -7.2967971e-17  -2.4131493e-16  1.1489117e-16  -1.0639126e-16  3.8352080e-16  1.5817014e-16  -1.0035383e-16  7.6650989e-18  -6.5607860e-17  -2.0548210e-16  5.9782633e-17  -1.5063250e-17  -6.5277348e-16  -1.1348146e-16  2.5454987e-16  9.7241689e-17  5.4085533e-16  7.1307261e-16  8.0073216e-16  1.0000000   -1.2539333e-16  -2.8032376e-16  -2.7917752e-16  4.7597316e-16  2.6125939e-16  -2.2568584e-16  -1.5345920e-16  1.3199007e-16  5.0497446e-16  -7.5229553e-16  -4.5373111e-17  -7.2967971e-17  -2.4131493e-16  
6.8667627e-16  -2.5647178e-16  -4.8341807e-16  9.7999059e-16  -2.9471610e-16  4.4373807e-16  -6.3726963e-16  2.6777128e-16  -2.1626940e-16  3.9074837e-16  7.8312497e-18  -7.3459200e-16  3.6460335e-17  5.9291420e-17  2.2060342e-16  -9.4045378e-16  3.7422548e-17  -1.2539333e-16  1.0000000   -1.4288278e-16  -3.5876766e-16  3.2803204e-17  5.6039124e-16  2.1584337e-16  8.0422713e-16  2.1823060e-16  1.6582901e-16  -5.2758586e-16  2.5831019e-16  4.4202951e-16  -8.6360535e-17  6.8667627e-16  -2.5647178e-16  -4.8341807e-16  9.7999059e-16  -2.9471610e-16  4.4373807e-16  -6.3726963e-16  2.6777128e-16  -2.1626940e-16  3.9074837e-16  7.8312497e-18  -7.3459200e-16  3.6460335e-17  5.9291420e-17  2.2060342e-16  -9.4045378e-16  3.7422548e-17  -1.2539333e-16  1.0000000   -1.4288278e-16  -3.5876766e-16  3.2803204e-17  5.6039124e-16  2.1584337e-16  8.0422713e-16  2.1823060e-16  1.6582901e-16  -5.2758586e-16  2.5831019e-16  4.4202951e-16  -8.6360535e-17  
-2.6536183e-16  2.8891849e-16  -5.2821736e-16  -1.5996215e-16  -4.6523172e-16  2.9162653e-16  -2.3361623e-16  2.7104745e-16  -3.9448096e-16  1.5885734e-16  1.5912578e-16  4.9153045e-16  -1.2578080e-16  -6.9582924e-16  -9.2197217e-16  4.5377184e-16  -2.4422445e-16  -2.8032376e-16  -1.4288278e-16  1.0000000   1.1299946e-17  -1.7912118e-16  -1.2817726e-16  3.4809167e-16  -1.9626435e-16  -6.2253545e-17  -3.6806592e-16  -4.1708689e-16  -6.4247637e-16  -1.4682561e-16  4.6459266e-16  -2.6536183e-16  2.8891849e-16  -5.2821736e-16  -1.5996215e-16  -4.6523172e-16  2.9162653e-16  -2.3361623e-16  2.7104745e-16  -3.9448096e-16  1.5885734e-16  1.5912578e-16  4.9153045e-16  -1.2578080e-16  -6.9582924e-16  -9.2197217e-16  4.5377184e-16  -2.4422445e-16  -2.8032376e-16  -1.4288278e-16  1.0000000   1.1299946e-17  -1.7912118e-16  -1.2817726e-16  3.4809167e-16  -1.9626435e-16  -6.2253545e-17  -3.6806592e-16  -4.1708689e-16  -6.4247637e-16  -1.4682561e-16  4.6459266e-16  
-7.4305310e-17  -6.6041940e-16  -1.1963759e-16  -9.4777155e-17  7.1896034e-16  6.6376340e-16  4.4512804e-16  3.4481422e-16  -2.7177969e-16  -2.6916048e-16  -1.1326135e-16  1.3139313e-16  2.0737500e-16  -1.9212529e-16  -3.1608850e-16  -1.9354515e-16  5.1821117e-16  -2.7917752e-16  -3.5876766e-16  1.1299946e-17  1.0000000   4.9834682e-16  -8.7883968e-17  -7.6753844e-17  4.6922243e-16  -1.2141778e-16  -4.1481293e-17  7.5870927e-17  7.5330708e-16  -3.7881160e-17  4.6712145e-16  -7.4305310e-17  -6.6041940e-16  -1.1963759e-16  -9.4777155e-17  7.1896034e-16  6.6376340e-16  4.4512804e-16  3.4481422e-16  -2.7177969e-16  -2.6916048e-16  -1.1326135e-16  1.3139313e-16  2.0737500e-16  -1.9212529e-16  -3.1608850e-16  -1.9354515e-16  5.1821117e-16  -2.7917752e-16  -3.5876766e-16  1.1299946e-17  1.0000000   4.9834682e-16  -8.7883968e-17  -7.6753844e-17  4.6922243e-16  -1.2141778e-16  -4.1481293e-17  7.5870927e-17  7.5330708e-16  -3.7881160e-17  4.6712145e-16  
1.8022849e-16  -1.0815155e-16  2.6864820e-16  -4.9941290e-16  5.7304795e-16  5.4456332e-16  2.4912136e-16  1.6190423e-16  -4.5674382e-17  -3.8902352e-16  2.2268474e-16  1.9969367e-16  -3.4266757e-16  1.3020266e-16  4.4030924e-16  -4.5719199e-16  4.3575659e-16  4.7597316e-16  3.2803204e-17  -1.7912118e-16  4.9834682e-16  1.0000000   -5.4341226e-16  2.5394574e-16  -4.2314823e-17  -1.9991895e-16  -2.3955661e-16  -1.1682846e-16  -3.4524792e-16  6.6505846e-16  4.4301195e-16  1.8022849e-16  -1.0815155e-16  2.6864820e-16  -4.9941290e-16  5.7304795e-16  5.4456332e-16  2.4912136e-16  1.6190423e-16  -4.5674382e-17  -3.8902352e-16  2.2268474e-16  1.9969367e-16  -3.4266757e-16  1.3020266e-16  4.4030924e-16  -4.5719199e-16  4.3575659e-16  4.7597316e-16  3.2803204e-17  -1.7912118e-16  4.9834682e-16  1.0000000   -5.4341226e-16  2.5394574e-16  -4.2314823e-17  -1.9991895e-16  -2.3955661e-16  -1.1682846e-16  -3.4524792e-16  6.6505846e-16  4.4301195e-16  
1.8088873e-16  -1.5269870e-16  1.8650574e-17  1.8309769e-17  -3.9198363e-16  -4.1512519e-16  -1.0735223e-15  3.1028274e-16  6.7890076e-16  1.4566198e-16  2.0368238e-16  -4.8376118e-16  3.4126908e-16  -1.1768312e-16  -1.7385842e-16  1.0260587e-16  3.5595588e-16  2.6125939e-16  5.6039124e-16  -1.2817726e-16  -8.7883968e-17  -5.4341226e-16  1.0000000   3.8136659e-17  -8.9936468e-17  6.0214287e-17  1.1938992e-15  -1.1482874e-17  -4.3715155e-17  6.3125688e-16  4.2310983e-17  1.8088873e-16  -1.5269870e-16  1.8650574e-17  1.8309769e-17  -3.9198363e-16  -4.1512519e-16  -1.0735223e-15  3.1028274e-16  6.7890076e-16  1.4566198e-16  2.0368238e-16  -4.8376118e-16  3.4126908e-16  -1.1768312e-16  -1.7385842e-16  1.0260587e-16  3.5595588e-16  2.6125939e-16  5.6039124e-16  -1.2817726e-16  -8.7883968e-17  -5.4341226e-16  1.0000000   3.8136659e-17  -8.9936468e-17  6.0214287e-17  1.1938992e-15  -1.1482874e-17  -4.3715155e-17  6.3125688e-16  4.2310983e-17  
2.9238260e-16  6.5839182e-16  -2.8457491e-16  -9.9178252e-17  -3.8603224e-16  -3.5845936e-17  -4.0374562e-16  -5.4660558e-16  7.2933561e-16  3.8926759e-16  4.4021295e-18  1.1284193e-16  -2.1256317e-16  4.0824970e-17  6.3314144e-17  3.8934492e-16  -1.0869274e-16  -2.2568584e-16  2.1584337e-16  3.4809167e-16  -7.6753844e-17  2.5394574e-16  3.8136659e-17  1.0000000   2.5701746e-16  6.6874396e-16  8.9586393e-17  -2.4866435e-16  -4.1343266e-16  -4.3781038e-16  3.6547245e-16  2.9238260e-16  6.5839182e-16  -2.8457491e-16  -9.9178252e-17  -3.8603224e-16  -3.5845936e-17  -4.0374562e-16  -5.4660558e-16  7.2933561e-16  3.8926759e-16  4.4021295e-18  1.1284193e-16  -2.1256317e-16  4.0824970e-17  6.3314144e-17  3.8934492e-16  -1.0869274e-16  -2.2568584e-16  2.1584337e-16  3.4809167e-16  -7.6753844e-17  2.5394574e-16  3.8136659e-17  1.0000000   2.5701746e-16  6.6874396e-16  8.9586393e-17  -2.4866435e-16  -4.1343266e-16  -4.3781038e-16  3.6547245e-16  
1.0423029e-17  -9.4440289e-16  -9.4290024e-16  8.8268971e-16  -1.1142664e-16  1.4867720e-16  3.3352701e-16  5.0774891e-16  2.7842521e-16  3.6051641e-16  -2.8338892e-16  -8.2690728e-16  3.6323688e-16  -3.6111466e-17  -1.5442730e-16  -5.5823950e-16  3.5470850e-17  -1.5345920e-16  8.0422713e-16  -1.9626435e-16  4.6922243e-16  -4.2314823e-17  -8.9936468e-17  2.5701746e-16  1.0000000   -1.2366463e-16  2.5341110e-16  -9.6530631e-17  3.2335068e-16  5.0203298e-16  -8.9604662e-17  1.0423029e-17  -9.4440289e-16  -9.4290024e-16  8.8268971e-16  -1.1142664e-16  1.4867720e-16  3.3352701e-16  5.0774891e-16  2.7842521e-16  3.6051641e-16  -2.8338892e-16  -8.2690728e-16  3.6323688e-16  -3.6111466e-17  -1.5442730e-16  -5.5823950e-16  3.5470850e-17  -1.5345920e-16  8.0422713e-16  -1.9626435e-16  4.6922243e-16  -4.2314823e-17  -8.9936468e-17  2.5701746e-16  1.0000000   -1.2366463e-16  2.5341110e-16  -9.6530631e-17  3.2335068e-16  5.0203298e-16  -8.9604662e-17  
4.5550873e-16  -5.0201763e-16  2.3263502e-16  3.4420136e-16  -3.1761250e-16  4.0804359e-16  -3.4714233e-17  7.6827869e-17  4.8162445e-16  -1.4408853e-16  -4.7795219e-16  4.2217480e-16  -2.5960145e-17  -2.0580298e-16  -5.4450913e-16  1.0144947e-15  -1.0387028e-16  1.3199007e-16  2.1823060e-16  -6.2253545e-17  -1.2141778e-16  -1.9991895e-16  6.0214287e-17  6.6874396e-16  -1.2366463e-16  1.0000000   -1.0091243e-17  3.3221747e-17  2.7578215e-16  -1.8082704e-16  -1.2270945e-16  4.5550873e-16  -5.0201763e-16  2.3263502e-16  3.4420136e-16  -3.1761250e-16  4.0804359e-16  -3.4714233e-17  7.6827869e-17  4.8162445e-16  -1.4408853e-16  -4.7795219e-16  4.2217480e-16  -2.5960145e-17  -2.0580298e-16  -5.4450913e-16  1.0144947e-15  -1.0387028e-16  1.3199007e-16  2.1823060e-16  -6.2253545e-17  -1.2141778e-16  -1.9991895e-16  6.0214287e-17  6.6874396e-16  -1.2366463e-16  1.0000000   -1.0091243e-17  3.3221747e-17  2.7578215e-16  -1.8082704e-16  -1.2270945e-16  
-5.4321918e-16  1.9669722e-16  4.5144536e-16  7.3130774e-16  -5.8932370e-16  9.5572572e-16  -5.3638482e-16  2.1478660e-16  -7.2636013e-16  -6.3093504e-16  9.5811581e-16  2.7017218e-16  -3.6531759e-16  -1.0981367e-16  -1.3846043e-16  -1.4696546e-16  3.5801597e-16  5.0497446e-16  1.6582901e-16  -3.6806592e-16  -4.1481293e-17  -2.3955661e-16  1.1938992e-15  8.9586393e-17  2.5341110e-16  -1.0091243e-17  1.0000000   8.9955826e-16  5.0061665e-17  1.7602382e-16  -1.3134604e-16  -5.4321918e-16  1.9669722e-16  4.5144536e-16  7.3130774e-16  -5.8932370e-16  9.5572572e-16  -5.3638482e-16  2.1478660e-16  -7.2636013e-16  -6.3093504e-16  9.5811581e-16  2.7017218e-16  -3.6531759e-16  -1.0981367e-16  -1.3846043e-16  -1.4696546e-16  3.5801597e-16  5.0497446e-16  1.6582901e-16  -3.6806592e-16  -4.1481293e-17  -2.3955661e-16  1.1938992e-15  8.9586393e-17  2.5341110e-16  -1.0091243e-17  1.0000000   8.9955826e-16  5.0061665e-17  1.7602382e-16  -1.3134604e-16  
-3.9453617e-16  1.5198220e-16  3.8648099e-17  -3.7106225e-16  1.5034723e-16  -2.0404640e-16  4.6465768e-16  -6.3453616e-16  2.6074193e-16  5.7216284e-16  -3.9921672e-16  -2.8130494e-16  2.7131155e-16  2.5868815e-16  2.5339004e-16  -5.2632556e-16  5.6414346e-16  -7.5229553e-16  -5.2758586e-16  -4.1708689e-16  7.5870927e-17  -1.1682846e-16  -1.1482874e-17  -2.4866435e-16  -9.6530631e-17  3.3221747e-17  8.9955826e-16  1.0000000   3.1488615e-16  -4.0784271e-16  -2.3410547e-16  -3.9453617e-16  1.5198220e-16  3.8648099e-17  -3.7106225e-16  1.5034723e-16  -2.0404640e-16  4.6465768e-16  -6.3453616e-16  2.6074193e-16  5.7216284e-16  -3.9921672e-16  -2.8130494e-16  2.7131155e-16  2.5868815e-16  2.5339004e-16  -5.2632556e-16  5.6414346e-16  -7.5229553e-16  -5.2758586e-16  -4.1708689e-16  7.5870927e-17  -1.1682846e-16  -1.1482874e-17  -2.4866435e-16  -9.6530631e-17  3.3221747e-17  8.9955826e-16  1.0000000   3.1488615e-16  -4.0784271e-16  -2.3410547e-16  
3.8940329e-16  1.2488069e-16  -5.5472824e-17  2.5681930e-16  -6.0108386e-16  7.7791204e-16  -6.9039817e-17  -1.1399035e-16  -6.8135746e-17  -2.2170039e-16  -7.7399377e-16  -2.6534240e-16  -3.1624922e-16  -7.9390028e-16  -1.2047330e-16  -1.6156701e-16  -2.3532213e-16  -4.5373111e-17  2.5831019e-16  -6.4247637e-16  7.5330708e-16  -3.4524792e-16  -4.3715155e-17  -4.1343266e-16  3.2335068e-16  2.7578215e-16  5.0061665e-17  3.1488615e-16  1.0000000   -1.7705122e-16  -5.8894024e-17  3.8940329e-16  1.2488069e-16  -5.5472824e-17  2.5681930e-16  -6.0108386e-16  7.7791204e-16  -6.9039817e-17  -1.1399035e-16  -6.8135746e-17  -2.2170039e-16  -7.7399377e-16  -2.6534240e-16  -3.1624922e-16  -7.9390028e-16  -1.2047330e-16  -1.6156701e-16  -2.3532213e-16  -4.5373111e-17  2.5831019e-16  -6.4247637e-16  7.5330708e-16  -3.4524792e-16  -4.3715155e-17  -4.1343266e-16  3.2335068e-16  2.7578215e-16  5.0061665e-17  3.1488615e-16  1.0000000   -1.7705122e-16  -5.8894024e-17  
3.1180277e-16  -3.1213906e-16  4.4460945e-16  -7.3728051e-16  -1.3108278e-16  5.4148465e-17  -2.9450361e-16  -1.1679169e-16  5.8484771e-17  -2.3498934e-16  -4.5073435e-16  4.8665573e-16  1.5364509e-16  -5.1457361e-17  1.2129570e-17  -2.3173707e-16  4.4659297e-17  -7.2967971e-17  4.4202951e-16  -1.4682561e-16  -3.7881160e-17  6.6505846e-16  6.3125688e-16  -4.3781038e-16  5.0203298e-16  -1.8082704e-16  1.7602382e-16  -4.0784271e-16  -1.7705122e-16  1.0000000   2.6691244e-17  3.1180277e-16  -3.1213906e-16  4.4460945e-16  -7.3728051e-16  -1.3108278e-16  5.4148465e-17  -2.9450361e-16  -1.1679169e-16  5.8484771e-17  -2.3498934e-16  -4.5073435e-16  4.8665573e-16  1.5364509e-16  -5.1457361e-17  1.2129570e-17  -2.3173707e-16  4.4659297e-17  -7.2967971e-17  4.4202951e-16  -1.4682561e-16  -3.7881160e-17  6.6505846e-16  6.3125688e-16  -4.3781038e-16  5.0203298e-16  -1.8082704e-16  1.7602382e-16  -4.0784271e-16  -1.7705122e-16  1.0000000   2.6691244e-17  
-8.9403500e-16  3.5931610e-16  -3.7889004e-16  -1.8379387e-16  3.0365650e-17  -7.6820082e-16  1.9563972e-16  2.4214895e-16  1.9305878e-16  -1.1704250e-16  3.3845808e-16  -9.8821191e-16  7.2464001e-16  5.6366950e-16  6.0125995e-17  -3.5288957e-16  -4.1284778e-16  -2.4131493e-16  -8.6360535e-17  4.6459266e-16  4.6712145e-16  4.4301195e-16  4.2310983e-17  3.6547245e-16  -8.9604662e-17  -1.2270945e-16  -1.3134604e-16  -2.3410547e-16  -5.8894024e-17  2.6691244e-17  1.0000000   -8.9403500e-16  3.5931610e-16  -3.7889004e-16  -1.8379387e-16  3.0365650e-17  -7.6820082e-16  1.9563972e-16  2.4214895e-16  1.9305878e-16  -1.1704250e-16  3.3845808e-16  -9.8821191e-16  7.2464001e-16  5.6366950e-16  6.0125995e-17  -3.5288957e-16  -4.1284778e-16  -2.4131493e-16  -8.6360535e-17  4.6459266e-16  4.6712145e-16  4.4301195e-16  4.2310983e-17  3.6547245e-16  -8.9604662e-17  -1.2270945e-16  -1.3134604e-16  -2.3410547e-16  -5.8894024e-17  2.6691244e-17  1.0000000   
1.0000000   -3.8092966e-16  1.6034413e-16  3.4066186e-16  -1.5244757e-16  4.2960314e-16  1.4654453e-16  -1.1887377e-16  4.7240129e-16  -4.0980454e-16  -4.0888565e-16  2.5149957e-17  1.8520449e-16  1.3030830e-16  -3.6858204e-16  -2.9820947e-16  6.8221251e-16  1.1489117e-16  6.8667627e-16  -2.6536183e-16  -7.4305310e-17  1.8022849e-16  1.8088873e-16  2.9238260e-16  1.0423029e-17  4.5550873e-16  -5.4321918e-16  -3.9453617e-16  3.8940329e-16  3.1180277e-16  -8.9403500e-16  1.0000000   -3.8092966e-16  1.6034413e-16  3.4066186e-16  -1.5244757e-16  4.2960314e-16  1.4654453e-16  -1.1887377e-16  4.7240129e-16  -4.0980454e-16  -4.0888565e-16  2.5149957e-17  1.8520449e-16  1.3030830e-16  -3.6858204e-16  -2.9820947e-16  6.8221251e-16  1.1489117e-16  6.8667627e-16  -2.6536183e-16  -7.4305310e-17  1.8022849e-16  1.8088873e-16  2.9238260e-16  1.0423029e-17  4.5550873e-16  -5.4321918e-16  -3.9453617e-16  3.8940329e-16  3.1180277e-16  -8.9403500e-16  
-3.8092966e-16  1.0000000   -4.3848092e-16  -4.7046721e-16  4.5096288e-17  -8.4245637e-16  5.5715100e-16  4.8283607e-16  5.5295116e-16  -1.0216943e-16  4.5734833e-16  4.1033120e-16  3.9349326e-17  4.2342244e-17  -2.1657567e-16  8.5203994e-17  7.7296546e-16  -1.0639126e-16  -2.5647178e-16  2.8891849e-16  -6.6041940e-16  -1.0815155e-16  -1.5269870e-16  6.5839182e-16  -9.4440289e-16  -5.0201763e-16  1.9669722e-16  1.5198220e-16  1.2488069e-16  -3.1213906e-16  3.5931610e-16  -3.8092966e-16  1.0000000   -4.3848092e-16  -4.7046721e-16  4.5096288e-17  -8.4245637e-16  5.5715100e-16  4.8283607e-16  5.5295116e-16  -1.0216943e-16  4.5734833e-16  4.1033120e-16  3.9349326e-17  4.2342244e-17  -2.1657567e-16  8.5203994e-17  7.7296546e-16  -1.0639126e-16  -2.5647178e-16  2.8891849e-16  -6.6041940e-16  -1.0815155e-16  -1.5269870e-16  6.5839182e-16  -9.4440289e-16  -5.0201763e-16  1.9669722e-16  1.5198220e-16  1.2488069e-16  -3.1213906e-16  3.5931610e-16  
1.6034413e-16  -4.3848092e-16  1.0000000   2.8403452e-17  3.6322529e-16  -4.8641942e-16  4.6715018e-16  4.8007267e-16  4.7905669e-17  -8.4744570e-16  4.1350023e-16  -1.8112581e-16  -1.0382208e-15  -2.9473444e-16  -2.4626717e-16  4.1451633e-16  -5.4987543e-16  3.8352080e-16  -4.8341807e-16  -5.2821736e-16  -1.1963759e-16  2.6864820e-16  1.8650574e-17  -2.8457491e-16  -9.4290024e-16  2.3263502e-16  4.5144536e-16  3.8648099e-17  -5.5472824e-17  4.4460945e-16  -3.7889004e-16  1.6034413e-16  -4.3848092e-16  1.0000000   2.8403452e-17  3.6322529e-16  -4.8641942e-16  4.6715018e-16  4.8007267e-16  4.7905669e-17  -8.4744570e-16  4.1350023e-16  -1.8112581e-16  -1.0382208e-15  -2.9473444e-16  -2.4626717e-16  4.1451633e-16  -5.4987543e-16  3.8352080e-16  -4.8341807e-16  -5.2821736e-16  -1.1963759e-16  2.6864820e-16  1.8650574e-17  -2.8457491e-16  -9.4290024e-16  2.3263502e-16  4.5144536e-16  3.8648099e-17  -5.5472824e-17  4.4460945e-16  -3.7889004e-16  
3.4066186e-16  -4.7046721e-16  2.8403452e-17  1.0000000   -6.3583116e-16  -1.6625903e-16  -9.7505585e-16  1.4392715e-16  2.1528388e-16  4.8805526e-16  7.7145129e-17  -5.7784224e-16  -3.0939864e-16  -3.6210983e-17  -2.4505565e-16  -3.8969865e-16  -3.6202544e-16  1.5817014e-16  9.7999059e-16  -1.5996215e-16  -9.4777155e-17  -4.9941290e-16  1.8309769e-17  -9.9178252e-17  8.8268971e-16  3.4420136e-16  7.3130774e-16  -3.7106225e-16  2.5681930e-16  -7.3728051e-16  -1.8379387e-16  3.4066186e-16  -4.7046721e-16  2.8403452e-17  1.0000000   -6.3583116e-16  -1.6625903e-16  -9.7505585e-16  1.4392715e-16  2.1528388e-16  4.8805526e-16  7.7145129e-17  -5.7784224e-16  -3.0939864e-16  -3.6210983e-17  -2.4505565e-16  -3.8969865e-16  -3.6202544e-16  1.5817014e-16  9.7999059e-16  -1.5996215e-16  -9.4777155e-17  -4.9941290e-16  1.8309769e-17  -9.9178252e-17  8.8268971e-16  3.4420136e-16  7.3130774e-16  -3.7106225e-16  2.5681930e-16  -7.3728051e-16  -1.8379387e-16  
-1.5244757e-16  4.5096288e-17  3.6322529e-16  -6.3583116e-16  1.0000000   -8.4981837e-16  -1.2431326e-16  2.5640356e-16  -3.8754772e-16  -7.9751881e-16  4.5156592e-16  3.7146202e-16  1.3426834e-16  4.3181439e-16  7.4298389e-17  -5.7460285e-17  1.6890765e-16  -1.0035383e-16  -2.9471610e-16  -4.6523172e-16  7.1896034e-16  5.7304795e-16  -3.9198363e-16  -3.8603224e-16  -1.1142664e-16  -3.1761250e-16  -5.8932370e-16  1.5034723e-16  -6.0108386e-16  -1.3108278e-16  3.0365650e-17  -1.5244757e-16  4.5096288e-17  3.6322529e-16  -6.3583116e-16  1.0000000   -8.4981837e-16  -1.2431326e-16  2.5640356e-16  -3.8754772e-16  -7.9751881e-16  4.5156592e-16  3.7146202e-16  1.3426834e-16  4.3181439e-16  7.4298389e-17  -5.7460285e-17  1.6890765e-16  -1.0035383e-16  -2.9471610e-16  -4.6523172e-16  7.1896034e-16  5.7304795e-16  -3.9198363e-16  -3.8603224e-16  -1.1142664e-16  -3.1761250e-16  -5.8932370e-16  1.5034723e-16  -6.0108386e-16  -1.3108278e-16  3.0365650e-17  
4.2960314e-16  -8.4245637e-16  -4.8641942e-16  -1.6625903e-16  -8.4981837e-16  1.0000000   -2.0895058e-16  -9.9217178e-16  5.6625993e-16  7.0302234e-16  -3.4975871e-16  1.7858275e-16  3.4937803e-16  -3.3330297e-16  -3.6188652e-17  6.9813440e-17  4.6245367e-16  7.6650989e-18  4.4373807e-16  2.9162653e-16  6.6376340e-16  5.4456332e-16  -4.1512519e-16  -3.5845936e-17  1.4867720e-16  4.0804359e-16  9.5572572e-16  -2.0404640e-16  7.7791204e-16  5.4148465e-17  -7.6820082e-16  4.2960314e-16  -8.4245637e-16  -4.8641942e-16  -1.6625903e-16  -8.4981837e-16  1.0000000   -2.0895058e-16  -9.9217178e-16  5.6625993e-16  7.0302234e-16  -3.4975871e-16  1.7858275e-16  3.4937803e-16  -3.3330297e-16  -3.6188652e-17  6.9813440e-17  4.6245367e-16  7.6650989e-18  4.4373807e-16  2.9162653e-16  6.6376340e-16  5.4456332e-16  -4.1512519e-16  -3.5845936e-17  1.4867720e-16  4.0804359e-16  9.5572572e-16  -2.0404640e-16  7.7791204e-16  5.4148465e-17  -7.6820082e-16  
1.4654453e-16  5.5715100e-16  4.6715018e-16  -9.7505585e-16  -1.2431326e-16  -2.0895058e-16  1.0000000   1.8958168e-16  -3.1463851e-16  -3.2562281e-16  1.9727550e-16  -2.1744895e-16  1.8860644e-17  7.0089611e-16  -5.3863412e-16  -5.4474194e-17  -5.3061856e-17  -6.5607860e-17  -6.3726963e-16  -2.3361623e-16  4.4512804e-16  2.4912136e-16  -1.0735223e-15  -4.0374562e-16  3.3352701e-16  -3.4714233e-17  -5.3638482e-16  4.6465768e-16  -6.9039817e-17  -2.9450361e-16  1.9563972e-16  1.4654453e-16  5.5715100e-16  4.6715018e-16  -9.7505585e-16  -1.2431326e-16  -2.0895058e-16  1.0000000   1.8958168e-16  -3.1463851e-16  -3.2562281e-16  1.9727550e-16  -2.1744895e-16  1.8860644e-17  7.0089611e-16  -5.3863412e-16  -5.4474194e-17  -5.3061856e-17  -6.5607860e-17  -6.3726963e-16  -2.3361623e-16  4.4512804e-16  2.4912136e-16  -1.0735223e-15  -4.0374562e-16  3.3352701e-16  -3.4714233e-17  -5.3638482e-16  4.6465768e-16  -6.9039817e-17  -2.9450361e-16  1.9563972e-16  
-1.1887377e-16  4.8283607e-16  4.8007267e-16  1.4392715e-16  2.5640356e-16  -9.9217178e-16  1.8958168e-16  1.0000000   4.0048660e-16  8.5144116e-17  7.9658832e-16  -2.9809924e-16  -2.2091952e-16  -4.9754831e-16  -9.6351373e-17  -2.3599829e-16  2.5447416e-16  -2.0548210e-16  2.6777128e-16  2.7104745e-16  3.4481422e-16  1.6190423e-16  3.1028274e-16  -5.4660558e-16  5.0774891e-16  7.6827869e-17  2.1478660e-16  -6.3453616e-16  -1.1399035e-16  -1.1679169e-16  2.4214895e-16  -1.1887377e-16  4.8283607e-16  4.8007267e-16  1.4392715e-16  2.5640356e-16  -9.9217178e-16  1.8958168e-16  1.0000000   4.0048660e-16  8.5144116e-17  7.9658832e-16  -2.9809924e-16  -2.2091952e-16  -4.9754831e-16  -9.6351373e-17  -2.3599829e-16  2.5447416e-16  -2.0548210e-16  2.6777128e-16  2.7104745e-16  3.4481422e-16  1.6190423e-16  3.1028274e-16  -5.4660558e-16  5.0774891e-16  7.6827869e-17  2.1478660e-16  -6.3453616e-16  -1.1399035e-16  -1.1679169e-16  2.4214895e-16  
4.7240129e-16  5.5295116e-16  4.7905669e-17  2.1528388e-16  -3.8754772e-16  5.6625993e-16  -3.1463851e-16  4.0048660e-16  1.0000000   5.5819060e-16  -1.9714124e-16  1.1789717e-16  1.3864412e-16  -8.8250467e-16  2.5402517e-16  1.0329571e-16  7.9750825e-16  5.9782633e-17  -2.1626940e-16  -3.9448096e-16  -2.7177969e-16  -4.5674382e-17  6.7890076e-16  7.2933561e-16  2.7842521e-16  4.8162445e-16  -7.2636013e-16  2.6074193e-16  -6.8135746e-17  5.8484771e-17  1.9305878e-16  4.7240129e-16  5.5295116e-16  4.7905669e-17  2.1528388e-16  -3.8754772e-16  5.6625993e-16  -3.1463851e-16  4.0048660e-16  1.0000000   5.5819060e-16  -1.9714124e-16  1.1789717e-16  1.3864412e-16  -8.8250467e-16  2.5402517e-16  1.0329571e-16  7.9750825e-16  5.9782633e-17  -2.1626940e-16  -3.9448096e-16  -2.7177969e-16  -4.5674382e-17  6.7890076e-16  7.2933561e-16  2.7842521e-16  4.8162445e-16  -7.2636013e-16  2.6074193e-16  -6.8135746e-17  5.8484771e-17  1.9305878e-16  
-4.0980454e-16  -1.0216943e-16  -8.4744570e-16  4.8805526e-16  -7.9751881e-16  7.0302234e-16  -3.2562281e-16  8.5144116e-17  5.5819060e-16  1.0000000   -5.0594865e-16  9.5549633e-16  -1.4704341e-16  -8.2708884e-16  -2.5879584e-16  -7.7116725e-17  -1.9062121e-16  -1.5063250e-17  3.9074837e-16  1.5885734e-16  -2.6916048e-16  -3.8902352e-16  1.4566198e-16  3.8926759e-16  3.6051641e-16  -1.4408853e-16  -6.3093504e-16  5.7216284e-16  -2.2170039e-16  -2.3498934e-16  -1.1704250e-16  -4.0980454e-16  -1.0216943e-16  -8.4744570e-16  4.8805526e-16  -7.9751881e-16  7.0302234e-16  -3.2562281e-16  8.5144116e-17  5.5819060e-16  1.0000000   -5.0594865e-16  9.5549633e-16  -1.4704341e-16  -8.2708884e-16  -2.5879584e-16  -7.7116725e-17  -1.9062121e-16  -1.5063250e-17  3.9074837e-16  1.5885734e-16  -2.6916048e-16  -3.8902352e-16  1.4566198e-16  3.8926759e-16  3.6051641e-16  -1.4408853e-16  -6.3093504e-16  5.7216284e-16  -2.2170039e-16  -2.3498934e-16  -1.1704250e-16  
