1.0000000   1.8478701e-16  8.9136770e-16  4.6285284e-16  -2.3980844e-17  5.4953759e-16  -2.8484785e-16  3.8115112e-17  4.7902954e-16  7.1834570e-16  -3.9635195e-16  3.1838905e-16  -1.1013700e-16  -6.4537200e-16  2.5610687e-16  -4.5198369e-16  -6.3284324e-17  5.5601297e-17  3.8198440e-17  -4.8062066e-16  4.7792356e-16  -5.6881729e-16  3.0441258e-16  -3.7084451e-16  -4.7109636e-16  -2.7411113e-16  -3.6637826e-16  -1.1229381e-16  -4.9780146e-16  7.8998197e-17  3.1602408e-16  1.0000000   1.8478701e-16  8.9136770e-16  4.6285284e-16  -2.3980844e-17  5.4953759e-16  -2.8484785e-16  3.8115112e-17  4.7902954e-16  7.1834570e-16  -3.9635195e-16  3.1838905e-16  -1.1013700e-16  -6.4537200e-16  2.5610687e-16  -4.5198369e-16  -6.3284324e-17  5.5601297e-17  3.8198440e-17  -4.8062066e-16  4.7792356e-16  -5.6881729e-16  3.0441258e-16  -3.7084451e-16  -4.7109636e-16  -2.7411113e-16  -3.6637826e-16  -1.1229381e-16  -4.9780146e-16  7.8998197e-17  3.1602408e-16  
1.8478701e-16  1.0000000   3.8340482e-16  -1.9373408e-16  1.0633748e-17  1.8991527e-16  -8.3932511e-16  1.5837038e-16  -2.0543469e-16  -8.0137111e-17  -5.1602522e-16  2.6512730e-16  -2.0867142e-16  -3.1204501e-16  -5.0736137e-16  -6.5408007e-17  -2.6592056e-16  2.3234367e-16  -6.2127800e-16  -8.5068853e-16  2.7348113e-16  7.6265081e-16  9.4455110e-16  5.4578354e-16  1.4471764e-16  2.8438472e-16  6.5225611e-16  7.4079204e-17  -1.1827075e-16  3.4058701e-16  -4.2318697e-16  1.8478701e-16  1.0000000   3.8340482e-16  -1.9373408e-16  1.0633748e-17  1.8991527e-16  -8.3932511e-16  1.5837038e-16  -2.0543469e-16  -8.0137111e-17  -5.1602522e-16  2.6512730e-16  -2.0867142e-16  -3.1204501e-16  -5.0736137e-16  -6.5408007e-17  -2.6592056e-16  2.3234367e-16  -6.2127800e-16  -8.5068853e-16  2.7348113e-16  7.6265081e-16  9.4455110e-16  5.4578354e-16  1.4471764e-16  2.8438472e-16  6.5225611e-16  7.4079204e-17  -1.1827075e-16  3.4058701e-16  -4.2318697e-16  
8.9136770e-16  3.8340482e-16  1.0000000   -4.2568202e-16  4.3670884e-16  4.1483734e-16  2.2092698e-16  -5.5102864e-16  1.4334000e-16  -4.3582173e-16  1.0469690e-15  1.1519219e-15  8.4079038e-16  1.2847047e-16  1.8675614e-17  -8.5691497e-16  1.0502009e-16  6.5923932e-17  4.4277410e-16  -1.1434083e-16  -1.3795230e-16  4.1672710e-16  -5.1727786e-16  -3.8779238e-16  -5.6559372e-16  6.2236919e-17  6.0540901e-16  2.4042270e-16  4.9824290e-16  1.5056106e-16  -5.9610544e-16  8.9136770e-16  3.8340482e-16  1.0000000   -4.2568202e-16  4.3670884e-16  4.1483734e-16  2.2092698e-16  -5.5102864e-16  1.4334000e-16  -4.3582173e-16  1.0469690e-15  1.1519219e-15  8.4079038e-16  1.2847047e-16  1.8675614e-17  -8.5691497e-16  1.0502009e-16  6.5923932e-17  4.4277410e-16  -1.1434083e-16  -1.3795230e-16  4.1672710e-16  -5.1727786e-16  -3.8779238e-16  -5.6559372e-16  6.2236919e-17  6.0540901e-16  2.4042270e-16  4.9824290e-16  1.5056106e-16  -5.9610544e-16  
4.6285284e-16  -1.9373408e-16  -4.2568202e-16  1.0000000   -1.4049061e-17  -3.3490963e-16  -5.2155237e-16  -7.3387534e-16  3.7409595e-16  3.9155804e-16  8.4466853e-18  -3.6253120e-16  5.1965506e-16  4.5030083e-16  9.1274080e-16  -3.0225653e-17  3.1779291e-16  -2.4691402e-16  8.7073504e-16  -5.8739704e-16  -1.9994293e-16  2.5867481e-16  3.8354178e-17  -5.1393481e-16  -6.7941117e-16  -1.9499762e-16  1.2576581e-16  1.1818512e-16  1.8540364e-16  -8.6031714e-18  7.6401426e-17  4.6285284e-16  -1.9373408e-16  -4.2568202e-16  1.0000000   -1.4049061e-17  -3.3490963e-16  -5.2155237e-16  -7.3387534e-16  3.7409595e-16  3.9155804e-16  8.4466853e-18  -3.6253120e-16  5.1965506e-16  4.5030083e-16  9.1274080e-16  -3.0225653e-17  3.1779291e-16  -2.4691402e-16  8.7073504e-16  -5.8739704e-16  -1.9994293e-16  2.5867481e-16  3.8354178e-17  -5.1393481e-16  -6.7941117e-16  -1.9499762e-16  1.2576581e-16  1.1818512e-16  1.8540364e-16  -8.6031714e-18  7.6401426e-17  
-2.3980844e-17  1.0633748e-17  4.3670884e-16  -1.4049061e-17  1.0000000   -4.1793509e-17  -2.0696080e-16  -3.7637023e-16  3.6268310e-16  -3.5094745e-16  -6.6267376e-16  2.0526272e-16  1.6695693e-16  7.2687027e-16  3.7174411e-16  -1.2367339e-16  2.9948443e-16  -1.0149384e-16  4.2124646e-16  -4.4100972e-17  -3.4442813e-16  3.8941591e-16  -5.0996869e-16  5.7564766e-16  6.2523300e-17  2.9715982e-16  9.9244362e-17  2.8082650e-16  3.1352585e-16  1.0448366e-16  2.0353965e-16  -2.3980844e-17  1.0633748e-17  4.3670884e-16  -1.4049061e-17  1.0000000   -4.1793509e-17  -2.0696080e-16  -3.7637023e-16  3.6268310e-16  -3.5094745e-16  -6.6267376e-16  2.0526272e-16  1.6695693e-16  7.2687027e-16  3.7174411e-16  -1.2367339e-16  2.9948443e-16  -1.0149384e-16  4.2124646e-16  -4.4100972e-17  -3.4442813e-16  3.8941591e-16  -5.0996869e-16  5.7564766e-16  6.2523300e-17  2.9715982e-16  9.9244362e-17  2.8082650e-16  3.1352585e-16  1.0448366e-16  2.0353965e-16  
5.4953759e-16  1.8991527e-16  4.1483734e-16  -3.3490963e-16  -4.1793509e-17  1.0000000   3.0144761e-16  2.7782978e-16  1.0682550e-16  4.2183824e-16  7.8974656e-16  3.6078494e-16  -7.2324226e-17  1.0455761e-16  -2.7646629e-17  -2.9245818e-16  -2.1763131e-16  -6.1323984e-16  -1.7474260e-16  -2.2809639e-16  -2.2341094e-16  3.7679078e-16  -7.1336883e-19  -4.6008077e-17  -9.9354206e-17  3.4604254e-16  4.0960363e-16  2.3426044e-16  5.8069999e-16  -2.5830506e-16  -1.2740101e-16  5.4953759e-16  1.8991527e-16  4.1483734e-16  -3.3490963e-16  -4.1793509e-17  1.0000000   3.0144761e-16  2.7782978e-16  1.0682550e-16  4.2183824e-16  7.8974656e-16  3.6078494e-16  -7.2324226e-17  1.0455761e-16  -2.7646629e-17  -2.9245818e-16  -2.1763131e-16  -6.1323984e-16  -1.7474260e-16  -2.2809639e-16  -2.2341094e-16  3.7679078e-16  -7.1336883e-19  -4.6008077e-17  -9.9354206e-17  3.4604254e-16  4.0960363e-16  2.3426044e-16  5.8069999e-16  -2.5830506e-16  -1.2740101e-16  
-2.8484785e-16  -8.3932511e-16  2.2092698e-16  -5.2155237e-16  -2.0696080e-16  3.0144761e-16  1.0000000   4.9328606e-16  3.2858727e-17  6.1854065e-17  3.0569985e-16  5.1332005e-16  1.7910832e-16  5.1178671e-16  -1.5646139e-16  -1.0538321e-16  1.3676049e-16  -1.3510418e-16  1.7540194e-16  5.7581254e-16  -4.1507208e-16  -1.5325100e-16  -7.7403681e-17  1.3991184e-16  1.9160383e-16  2.4182870e-16  -8.6897400e-16  4.0316352e-16  7.3056708e-16  3.8665769e-16  2.7666560e-16  -2.8484785e-16  -8.3932511e-16  2.2092698e-16  -5.2155237e-16  -2.0696080e-16  3.0144761e-16  1.0000000   4.9328606e-16  3.2858727e-17  6.1854065e-17  3.0569985e-16  5.1332005e-16  1.7910832e-16  5.1178671e-16  -1.5646139e-16  -1.0538321e-16  1.3676049e-16  -1.3510418e-16  1.7540194e-16  5.7581254e-16  -4.1507208e-16  -1.5325100e-16  -7.7403681e-17  1.3991184e-16  1.9160383e-16  2.4182870e-16  -8.6897400e-16  4.0316352e-16  7.3056708e-16  3.8665769e-16  2.7666560e-16  
3.8115112e-17  1.5837038e-16  -5.5102864e-16  -7.3387534e-16  -3.7637023e-16  2.7782978e-16  4.9328606e-16  1.0000000   1.8820007e-16  5.3792772e-16  8.9849036e-18  8.0533140e-16  -1.8369276e-16  -1.1306059e-15  2.1547492e-16  -2.1453902e-17  3.0986305e-16  6.1512227e-16  1.3463369e-16  -2.9679438e-16  1.8334352e-16  -6.2507723e-16  9.0389994e-17  -7.2404866e-16  1.5323847e-16  1.3890343e-16  2.9692807e-16  7.1639494e-16  4.5142340e-16  -8.2634552e-17  5.1707234e-16  3.8115112e-17  1.5837038e-16  -5.5102864e-16  -7.3387534e-16  -3.7637023e-16  2.7782978e-16  4.9328606e-16  1.0000000   1.8820007e-16  5.3792772e-16  8.9849036e-18  8.0533140e-16  -1.8369276e-16  -1.1306059e-15  2.1547492e-16  -2.1453902e-17  3.0986305e-16  6.1512227e-16  1.3463369e-16  -2.9679438e-16  1.8334352e-16  -6.2507723e-16  9.0389994e-17  -7.2404866e-16  1.5323847e-16  1.3890343e-16  2.9692807e-16  7.1639494e-16  4.5142340e-16  -8.2634552e-17  5.1707234e-16  
4.7902954e-16  -2.0543469e-16  1.4334000e-16  3.7409595e-16  3.6268310e-16  1.0682550e-16  3.2858727e-17  1.8820007e-16  1.0000000   5.4379478e-16  2.1222534e-16  4.3157847e-16  -6.3543457e-16  -1.8981247e-17  2.1938459e-18  6.0129399e-16  6.2917104e-17  -2.0376683e-16  -1.4972984e-16  1.8900800e-16  -1.1676379e-16  -4.0185429e-16  3.0309899e-16  -5.0013171e-16  -1.3292464e-16  -9.9470360e-17  4.0579792e-16  8.2813574e-17  4.0714495e-16  -4.1918168e-16  3.1250845e-16  4.7902954e-16  -2.0543469e-16  1.4334000e-16  3.7409595e-16  3.6268310e-16  1.0682550e-16  3.2858727e-17  1.8820007e-16  1.0000000   5.4379478e-16  2.1222534e-16  4.3157847e-16  -6.3543457e-16  -1.8981247e-17  2.1938459e-18  6.0129399e-16  6.2917104e-17  -2.0376683e-16  -1.4972984e-16  1.8900800e-16  -1.1676379e-16  -4.0185429e-16  3.0309899e-16  -5.0013171e-16  -1.3292464e-16  -9.9470360e-17  4.0579792e-16  8.2813574e-17  4.0714495e-16  -4.1918168e-16  3.1250845e-16  
7.1834570e-16  -8.0137111e-17  -4.3582173e-16  3.9155804e-16  -3.5094745e-16  4.2183824e-16  6.1854065e-17  5.3792772e-16  5.4379478e-16  1.0000000   8.4630411e-16  -7.2685720e-17  1.7136630e-16  -3.3959750e-17  -9.5926899e-17  -2.2572557e-16  -4.1753634e-16  -1.7969879e-16  -2.0836433e-16  -2.5891527e-16  -1.6408248e-16  6.6837578e-16  1.9798352e-16  1.0524894e-15  1.5426994e-16  2.6620657e-16  -9.8931324e-17  -2.4724271e-16  1.0851230e-15  -3.8844853e-16  -8.3412242e-16  7.1834570e-16  -8.0137111e-17  -4.3582173e-16  3.9155804e-16  -3.5094745e-16  4.2183824e-16  6.1854065e-17  5.3792772e-16  5.4379478e-16  1.0000000   8.4630411e-16  -7.2685720e-17  1.7136630e-16  -3.3959750e-17  -9.5926899e-17  -2.2572557e-16  -4.1753634e-16  -1.7969879e-16  -2.0836433e-16  -2.5891527e-16  -1.6408248e-16  6.6837578e-16  1.9798352e-16  1.0524894e-15  1.5426994e-16  2.6620657e-16  -9.8931324e-17  -2.4724271e-16  1.0851230e-15  -3.8844853e-16  -8.3412242e-16  
-3.9635195e-16  -5.1602522e-16  1.0469690e-15  8.4466853e-18  -6.6267376e-16  7.8974656e-16  3.0569985e-16  8.9849036e-18  2.1222534e-16  8.4630411e-16  1.0000000   -1.3361384e-16  9.9754347e-16  3.4561572e-16  5.3954032e-17  4.6626691e-16  2.0459789e-16  -1.4976801e-16  3.7772182e-16  1.8334186e-16  1.0550194e-17  -1.4694614e-16  2.9727152e-16  -3.9927579e-16  4.0780206e-16  3.9765282e-16  -5.1669900e-16  -9.8729962e-19  1.2389993e-16  -1.3345778e-16  -2.8636262e-16  -3.9635195e-16  -5.1602522e-16  1.0469690e-15  8.4466853e-18  -6.6267376e-16  7.8974656e-16  3.0569985e-16  8.9849036e-18  2.1222534e-16  8.4630411e-16  1.0000000   -1.3361384e-16  9.9754347e-16  3.4561572e-16  5.3954032e-17  4.6626691e-16  2.0459789e-16  -1.4976801e-16  3.7772182e-16  1.8334186e-16  1.0550194e-17  -1.4694614e-16  2.9727152e-16  -3.9927579e-16  4.0780206e-16  3.9765282e-16  -5.1669900e-16  -9.8729962e-19  1.2389993e-16  -1.3345778e-16  -2.8636262e-16  
3.1838905e-16  2.6512730e-16  1.1519219e-15  -3.6253120e-16  2.0526272e-16  3.6078494e-16  5.1332005e-16  8.0533140e-16  4.3157847e-16  -7.2685720e-17  -1.3361384e-16  1.0000000   -1.2905799e-16  -6.3151971e-16  1.0161851e-16  -2.4635727e-16  -6.2586641e-16  2.0914446e-16  -1.5193089e-16  4.4053026e-16  -2.0757442e-16  -4.1072996e-16  7.4628504e-16  3.5295071e-17  2.7353243e-16  -7.9252862e-16  7.4839298e-16  -3.1181056e-16  -4.2482063e-16  -2.1997072e-16  -1.9882295e-16  3.1838905e-16  2.6512730e-16  1.1519219e-15  -3.6253120e-16  2.0526272e-16  3.6078494e-16  5.1332005e-16  8.0533140e-16  4.3157847e-16  -7.2685720e-17  -1.3361384e-16  1.0000000   -1.2905799e-16  -6.3151971e-16  1.0161851e-16  -2.4635727e-16  -6.2586641e-16  2.0914446e-16  -1.5193089e-16  4.4053026e-16  -2.0757442e-16  -4.1072996e-16  7.4628504e-16  3.5295071e-17  2.7353243e-16  -7.9252862e-16  7.4839298e-16  -3.1181056e-16  -4.2482063e-16  -2.1997072e-16  -1.9882295e-16  
-1.1013700e-16  -2.0867142e-16  8.4079038e-16  5.1965506e-16  1.6695693e-16  -7.2324226e-17  1.7910832e-16  -1.8369276e-16  -6.3543457e-16  1.7136630e-16  9.9754347e-16  -1.2905799e-16  1.0000000   1.6483418e-15  9.2753759e-17  -4.3736029e-16  -5.0190029e-17  -4.4572151e-17  -1.5580050e-16  -6.5088622e-17  -2.2644125e-16  2.9727012e-16  -6.7712360e-16  2.3141110e-16  -5.5469592e-16  -2.6024644e-16  -4.0564228e-16  -2.4586814e-16  -3.3920751e-16  -1.0980380e-16  -5.2910004e-16  -1.1013700e-16  -2.0867142e-16  8.4079038e-16  5.1965506e-16  1.6695693e-16  -7.2324226e-17  1.7910832e-16  -1.8369276e-16  -6.3543457e-16  1.7136630e-16  9.9754347e-16  -1.2905799e-16  1.0000000   1.6483418e-15  9.2753759e-17  -4.3736029e-16  -5.0190029e-17  -4.4572151e-17  -1.5580050e-16  -6.5088622e-17  -2.2644125e-16  2.9727012e-16  -6.7712360e-16  2.3141110e-16  -5.5469592e-16  -2.6024644e-16  -4.0564228e-16  -2.4586814e-16  -3.3920751e-16  -1.0980380e-16  -5.2910004e-16  
-6.4537200e-16  -3.1204501e-16  1.2847047e-16  4.5030083e-16  7.2687027e-16  1.0455761e-16  5.1178671e-16  -1.1306059e-15  -1.8981247e-17  -3.3959750e-17  3.4561572e-16  -6.3151971e-16  1.6483418e-15  1.0000000   -3.0343456e-16  4.1864454e-16  -8.1584669e-16  2.5256612e-16  4.5681802e-16  5.7335500e-16  -1.4778157e-15  5.8517571e-16  -3.6969535e-16  2.7533258e-16  2.5367170e-16  9.0802028e-16  -5.1215575e-16  3.3671054e-16  -1.1722516e-16  8.4513933e-17  3.4505394e-16  -6.4537200e-16  -3.1204501e-16  1.2847047e-16  4.5030083e-16  7.2687027e-16  1.0455761e-16  5.1178671e-16  -1.1306059e-15  -1.8981247e-17  -3.3959750e-17  3.4561572e-16  -6.3151971e-16  1.6483418e-15  1.0000000   -3.0343456e-16  4.1864454e-16  -8.1584669e-16  2.5256612e-16  4.5681802e-16  5.7335500e-16  -1.4778157e-15  5.8517571e-16  -3.6969535e-16  2.7533258e-16  2.5367170e-16  9.0802028e-16  -5.1215575e-16  3.3671054e-16  -1.1722516e-16  8.4513933e-17  3.4505394e-16  
2.5610687e-16  -5.0736137e-16  1.8675614e-17  9.1274080e-16  3.7174411e-16  -2.7646629e-17  -1.5646139e-16  2.1547492e-16  2.1938459e-18  -9.5926899e-17  5.3954032e-17  1.0161851e-16  9.2753759e-17  -3.0343456e-16  1.0000000   -3.9545475e-16  -1.6193866e-16  -8.2868812e-17  -8.5561850e-17  9.6291880e-16  -7.8447273e-16  -3.2437825e-16  1.0506563e-16  2.6634380e-16  2.2807922e-16  2.0885299e-17  4.2135398e-17  -1.5624675e-16  -6.4490339e-16  1.7846357e-16  -7.1732989e-16  2.5610687e-16  -5.0736137e-16  1.8675614e-17  9.1274080e-16  3.7174411e-16  -2.7646629e-17  -1.5646139e-16  2.1547492e-16  2.1938459e-18  -9.5926899e-17  5.3954032e-17  1.0161851e-16  9.2753759e-17  -3.0343456e-16  1.0000000   -3.9545475e-16  -1.6193866e-16  -8.2868812e-17  -8.5561850e-17  9.6291880e-16  -7.8447273e-16  -3.2437825e-16  1.0506563e-16  2.6634380e-16  2.2807922e-16  2.0885299e-17  4.2135398e-17  -1.5624675e-16  -6.4490339e-16  1.7846357e-16  -7.1732989e-16  
-4.5198369e-16  -6.5408007e-17  -8.5691497e-16  -3.0225653e-17  -1.2367339e-16  -2.9245818e-16  -1.0538321e-16  -2.1453902e-17  6.0129399e-16  -2.2572557e-16  4.6626691e-16  -2.4635727e-16  -4.3736029e-16  4.1864454e-16  -3.9545475e-16  1.0000000   -3.5999863e-16  -6.2078192e-16  3.6192188e-16  1.9934995e-16  7.6868323e-18  -1.9467288e-16  1.8203586e-16  4.4419516e-16  8.7447549e-18  6.8162202e-17  -4.2623561e-16  1.4084027e-16  -3.2228419e-16  -1.0396433e-16  2.2088245e-16  -4.5198369e-16  -6.5408007e-17  -8.5691497e-16  -3.0225653e-17  -1.2367339e-16  -2.9245818e-16  -1.0538321e-16  -2.1453902e-17  6.0129399e-16  -2.2572557e-16  4.6626691e-16  -2.4635727e-16  -4.3736029e-16  4.1864454e-16  -3.9545475e-16  1.0000000   -3.5999863e-16  -6.2078192e-16  3.6192188e-16  1.9934995e-16  7.6868323e-18  -1.9467288e-16  1.8203586e-16  4.4419516e-16  8.7447549e-18  6.8162202e-17  -4.2623561e-16  1.4084027e-16  -3.2228419e-16  -1.0396433e-16  2.2088245e-16  
-6.3284324e-17  -2.6592056e-16  1.0502009e-16  3.1779291e-16  2.9948443e-16  -2.1763131e-16  1.3676049e-16  3.0986305e-16  6.2917104e-17  -4.1753634e-16  2.0459789e-16  -6.2586641e-16  -5.0190029e-17  -8.1584669e-16  -1.6193866e-16  -3.5999863e-16  1.0000000   -3.9934373e-16  2.5970696e-16  3.9974729e-16  -1.0323523e-17  7.5195001e-17  -1.5115006e-17  2.9787954e-16  3.7658166e-16  -1.3091154e-16  4.8274217e-16  -1.2950227e-16  -1.5645937e-16  -4.2360735e-16  -4.1557799e-17  -6.3284324e-17  -2.6592056e-16  1.0502009e-16  3.1779291e-16  2.9948443e-16  -2.1763131e-16  1.3676049e-16  3.0986305e-16  6.2917104e-17  -4.1753634e-16  2.0459789e-16  -6.2586641e-16  -5.0190029e-17  -8.1584669e-16  -1.6193866e-16  -3.5999863e-16  1.0000000   -3.9934373e-16  2.5970696e-16  3.9974729e-16  -1.0323523e-17  7.5195001e-17  -1.5115006e-17  2.9787954e-16  3.7658166e-16  -1.3091154e-16  4.8274217e-16  -1.2950227e-16  -1.5645937e-16  -4.2360735e-16  -4.1557799e-17  
5.5601297e-17  2.3234367e-16  6.5923932e-17  -2.4691402e-16  -1.0149384e-16  -6.1323984e-16  -1.3510418e-16  6.1512227e-16  -2.0376683e-16  -1.7969879e-16  -1.4976801e-16  2.0914446e-16  -4.4572151e-17  2.5256612e-16  -8.2868812e-17  -6.2078192e-16  -3.9934373e-16  1.0000000   1.8769884e-16  -1.2975357e-16  -8.7456745e-16  -9.7334806e-18  -2.7142315e-16  4.0070594e-17  -7.3773923e-17  9.7914397e-16  -2.5623002e-16  3.3582230e-16  9.7106430e-16  3.5759046e-16  -1.6417095e-16  5.5601297e-17  2.3234367e-16  6.5923932e-17  -2.4691402e-16  -1.0149384e-16  -6.1323984e-16  -1.3510418e-16  6.1512227e-16  -2.0376683e-16  -1.7969879e-16  -1.4976801e-16  2.0914446e-16  -4.4572151e-17  2.5256612e-16  -8.2868812e-17  -6.2078192e-16  -3.9934373e-16  1.0000000   1.8769884e-16  -1.2975357e-16  -8.7456745e-16  -9.7334806e-18  -2.7142315e-16  4.0070594e-17  -7.3773923e-17  9.7914397e-16  -2.5623002e-16  3.3582230e-16  9.7106430e-16  3.5759046e-16  -1.6417095e-16  
3.8198440e-17  -6.2127800e-16  4.4277410e-16  8.7073504e-16  4.2124646e-16  -1.7474260e-16  1.7540194e-16  1.3463369e-16  -1.4972984e-16  -2.0836433e-16  3.7772182e-16  -1.5193089e-16  -1.5580050e-16  4.5681802e-16  -8.5561850e-17  3.6192188e-16  2.5970696e-16  1.8769884e-16  1.0000000   -4.4925106e-18  7.7499270e-17  3.3592370e-16  3.6239155e-16  -2.1816925e-16  -5.2820174e-16  -3.3088601e-16  3.9611318e-16  1.4800390e-16  -2.3745354e-16  -2.1637713e-16  -5.2150220e-17  3.8198440e-17  -6.2127800e-16  4.4277410e-16  8.7073504e-16  4.2124646e-16  -1.7474260e-16  1.7540194e-16  1.3463369e-16  -1.4972984e-16  -2.0836433e-16  3.7772182e-16  -1.5193089e-16  -1.5580050e-16  4.5681802e-16  -8.5561850e-17  3.6192188e-16  2.5970696e-16  1.8769884e-16  1.0000000   -4.4925106e-18  7.7499270e-17  3.3592370e-16  3.6239155e-16  -2.1816925e-16  -5.2820174e-16  -3.3088601e-16  3.9611318e-16  1.4800390e-16  -2.3745354e-16  -2.1637713e-16  -5.2150220e-17  
-4.8062066e-16  -8.5068853e-16  -1.1434083e-16  -5.8739704e-16  -4.4100972e-17  -2.2809639e-16  5.7581254e-16  -2.9679438e-16  1.8900800e-16  -2.5891527e-16  1.8334186e-16  4.4053026e-16  -6.5088622e-17  5.7335500e-16  9.6291880e-16  1.9934995e-16  3.9974729e-16  -1.2975357e-16  -4.4925106e-18  1.0000000   -3.4952059e-16  -5.8057888e-18  -4.0080095e-16  2.3834399e-18  -3.8478363e-16  9.9038303e-17  -2.7143196e-16  -8.7356732e-17  -4.3544190e-16  -1.1319565e-16  -7.4719440e-16  -4.8062066e-16  -8.5068853e-16  -1.1434083e-16  -5.8739704e-16  -4.4100972e-17  -2.2809639e-16  5.7581254e-16  -2.9679438e-16  1.8900800e-16  -2.5891527e-16  1.8334186e-16  4.4053026e-16  -6.5088622e-17  5.7335500e-16  9.6291880e-16  1.9934995e-16  3.9974729e-16  -1.2975357e-16  -4.4925106e-18  1.0000000   -3.4952059e-16  -5.8057888e-18  -4.0080095e-16  2.3834399e-18  -3.8478363e-16  9.9038303e-17  -2.7143196e-16  -8.7356732e-17  -4.3544190e-16  -1.1319565e-16  -7.4719440e-16  
4.7792356e-16  2.7348113e-16  -1.3795230e-16  -1.9994293e-16  -3.4442813e-16  -2.2341094e-16  -4.1507208e-16  1.8334352e-16  -1.1676379e-16  -1.6408248e-16  1.0550194e-17  -2.0757442e-16  -2.2644125e-16  -1.4778157e-15  -7.8447273e-16  7.6868323e-18  -1.0323523e-17  -8.7456745e-16  7.7499270e-17  -3.4952059e-16  1.0000000   -7.6798394e-16  -2.4121018e-17  1.0263791e-15  -2.5928655e-18  -3.2198795e-16  7.1855135e-16  2.0247466e-17  -3.9044512e-16  -2.3632204e-16  -5.0776557e-16  4.7792356e-16  2.7348113e-16  -1.3795230e-16  -1.9994293e-16  -3.4442813e-16  -2.2341094e-16  -4.1507208e-16  1.8334352e-16  -1.1676379e-16  -1.6408248e-16  1.0550194e-17  -2.0757442e-16  -2.2644125e-16  -1.4778157e-15  -7.8447273e-16  7.6868323e-18  -1.0323523e-17  -8.7456745e-16  7.7499270e-17  -3.4952059e-16  1.0000000   -7.6798394e-16  -2.4121018e-17  1.0263791e-15  -2.5928655e-18  -3.2198795e-16  7.1855135e-16  2.0247466e-17  -3.9044512e-16  -2.3632204e-16  -5.0776557e-16  
-5.6881729e-16  7.6265081e-16  4.1672710e-16  2.5867481e-16  3.8941591e-16  3.7679078e-16  -1.5325100e-16  -6.2507723e-16  -4.0185429e-16  6.6837578e-16  -1.4694614e-16  -4.1072996e-16  2.9727012e-16  5.8517571e-16  -3.2437825e-16  -1.9467288e-16  7.5195001e-17  -9.7334806e-18  3.3592370e-16  -5.8057888e-18  -7.6798394e-16  1.0000000   -4.1466624e-17  -6.1121968e-16  -2.2850328e-16  6.3394278e-16  2.8708486e-16  -5.8547503e-16  4.3494116e-17  6.3684306e-16  2.5508101e-16  -5.6881729e-16  7.6265081e-16  4.1672710e-16  2.5867481e-16  3.8941591e-16  3.7679078e-16  -1.5325100e-16  -6.2507723e-16  -4.0185429e-16  6.6837578e-16  -1.4694614e-16  -4.1072996e-16  2.9727012e-16  5.8517571e-16  -3.2437825e-16  -1.9467288e-16  7.5195001e-17  -9.7334806e-18  3.3592370e-16  -5.8057888e-18  -7.6798394e-16  1.0000000   -4.1466624e-17  -6.1121968e-16  -2.2850328e-16  6.3394278e-16  2.8708486e-16  -5.8547503e-16  4.3494116e-17  6.3684306e-16  2.5508101e-16  
3.0441258e-16  9.4455110e-16  -5.1727786e-16  3.8354178e-17  -5.0996869e-16  -7.1336883e-19  -7.7403681e-17  9.0389994e-17  3.0309899e-16  1.9798352e-16  2.9727152e-16  7.4628504e-16  -6.7712360e-16  -3.6969535e-16  1.0506563e-16  1.8203586e-16  -1.5115006e-17  -2.7142315e-16  3.6239155e-16  -4.0080095e-16  -2.4121018e-17  -4.1466624e-17  1.0000000   3.8943857e-16  -3.8808808e-16  5.0052792e-17  -8.4978220e-16  -6.0099250e-16  4.0617342e-17  1.1173498e-17  -2.3114325e-16  3.0441258e-16  9.4455110e-16  -5.1727786e-16  3.8354178e-17  -5.0996869e-16  -7.1336883e-19  -7.7403681e-17  9.0389994e-17  3.0309899e-16  1.9798352e-16  2.9727152e-16  7.4628504e-16  -6.7712360e-16  -3.6969535e-16  1.0506563e-16  1.8203586e-16  -1.5115006e-17  -2.7142315e-16  3.6239155e-16  -4.0080095e-16  -2.4121018e-17  -4.1466624e-17  1.0000000   3.8943857e-16  -3.8808808e-16  5.0052792e-17  -8.4978220e-16  -6.0099250e-16  4.0617342e-17  1.1173498e-17  -2.3114325e-16  
-3.7084451e-16  5.4578354e-16  -3.8779238e-16  -5.1393481e-16  5.7564766e-16  -4.6008077e-17  1.3991184e-16  -7.2404866e-16  -5.0013171e-16  1.0524894e-15  -3.9927579e-16  3.5295071e-17  2.3141110e-16  2.7533258e-16  2.6634380e-16  4.4419516e-16  2.9787954e-16  4.0070594e-17  -2.1816925e-16  2.3834399e-18  1.0263791e-15  -6.1121968e-16  3.8943857e-16  1.0000000   -4.5450177e-16  -7.3864056e-17  5.1548525e-16  8.0150033e-17  -4.8194246e-16  -1.7658439e-16  -2.7833606e-16  -3.7084451e-16  5.4578354e-16  -3.8779238e-16  -5.1393481e-16  5.7564766e-16  -4.6008077e-17  1.3991184e-16  -7.2404866e-16  -5.0013171e-16  1.0524894e-15  -3.9927579e-16  3.5295071e-17  2.3141110e-16  2.7533258e-16  2.6634380e-16  4.4419516e-16  2.9787954e-16  4.0070594e-17  -2.1816925e-16  2.3834399e-18  1.0263791e-15  -6.1121968e-16  3.8943857e-16  1.0000000   -4.5450177e-16  -7.3864056e-17  5.1548525e-16  8.0150033e-17  -4.8194246e-16  -1.7658439e-16  -2.7833606e-16  
-4.7109636e-16  1.4471764e-16  -5.6559372e-16  -6.7941117e-16  6.2523300e-17  -9.9354206e-17  1.9160383e-16  1.5323847e-16  -1.3292464e-16  1.5426994e-16  4.0780206e-16  2.7353243e-16  -5.5469592e-16  2.5367170e-16  2.2807922e-16  8.7447549e-18  3.7658166e-16  -7.3773923e-17  -5.2820174e-16  -3.8478363e-16  -2.5928655e-18  -2.2850328e-16  -3.8808808e-16  -4.5450177e-16  1.0000000   -1.0164740e-16  1.7173064e-18  1.1994210e-16  1.0840184e-16  2.8353766e-18  -1.4613375e-16  -4.7109636e-16  1.4471764e-16  -5.6559372e-16  -6.7941117e-16  6.2523300e-17  -9.9354206e-17  1.9160383e-16  1.5323847e-16  -1.3292464e-16  1.5426994e-16  4.0780206e-16  2.7353243e-16  -5.5469592e-16  2.5367170e-16  2.2807922e-16  8.7447549e-18  3.7658166e-16  -7.3773923e-17  -5.2820174e-16  -3.8478363e-16  -2.5928655e-18  -2.2850328e-16  -3.8808808e-16  -4.5450177e-16  1.0000000   -1.0164740e-16  1.7173064e-18  1.1994210e-16  1.0840184e-16  2.8353766e-18  -1.4613375e-16  
-2.7411113e-16  2.8438472e-16  6.2236919e-17  -1.9499762e-16  2.9715982e-16  3.4604254e-16  2.4182870e-16  1.3890343e-16  -9.9470360e-17  2.6620657e-16  3.9765282e-16  -7.9252862e-16  -2.6024644e-16  9.0802028e-16  2.0885299e-17  6.8162202e-17  -1.3091154e-16  9.7914397e-16  -3.3088601e-16  9.9038303e-17  -3.2198795e-16  6.3394278e-16  5.0052792e-17  -7.3864056e-17  -1.0164740e-16  1.0000000   4.1262771e-16  -1.3317833e-16  1.0226319e-15  -7.9130547e-17  -3.6275002e-16  -2.7411113e-16  2.8438472e-16  6.2236919e-17  -1.9499762e-16  2.9715982e-16  3.4604254e-16  2.4182870e-16  1.3890343e-16  -9.9470360e-17  2.6620657e-16  3.9765282e-16  -7.9252862e-16  -2.6024644e-16  9.0802028e-16  2.0885299e-17  6.8162202e-17  -1.3091154e-16  9.7914397e-16  -3.3088601e-16  9.9038303e-17  -3.2198795e-16  6.3394278e-16  5.0052792e-17  -7.3864056e-17  -1.0164740e-16  1.0000000   4.1262771e-16  -1.3317833e-16  1.0226319e-15  -7.9130547e-17  -3.6275002e-16  
-3.6637826e-16  6.5225611e-16  6.0540901e-16  1.2576581e-16  9.9244362e-17  4.0960363e-16  -8.6897400e-16  2.9692807e-16  4.0579792e-16  -9.8931324e-17  -5.1669900e-16  7.4839298e-16  -4.0564228e-16  -5.1215575e-16  4.2135398e-17  -4.2623561e-16  4.8274217e-16  -2.5623002e-16  3.9611318e-16  -2.7143196e-16  7.1855135e-16  2.8708486e-16  -8.4978220e-16  5.1548525e-16  1.7173064e-18  4.1262771e-16  1.0000000   -1.7925782e-16  -5.7943042e-16  4.6868091e-16  6.1306767e-16  -3.6637826e-16  6.5225611e-16  6.0540901e-16  1.2576581e-16  9.9244362e-17  4.0960363e-16  -8.6897400e-16  2.9692807e-16  4.0579792e-16  -9.8931324e-17  -5.1669900e-16  7.4839298e-16  -4.0564228e-16  -5.1215575e-16  4.2135398e-17  -4.2623561e-16  4.8274217e-16  -2.5623002e-16  3.9611318e-16  -2.7143196e-16  7.1855135e-16  2.8708486e-16  -8.4978220e-16  5.1548525e-16  1.7173064e-18  4.1262771e-16  1.0000000   -1.7925782e-16  -5.7943042e-16  4.6868091e-16  6.1306767e-16  
-1.1229381e-16  7.4079204e-17  2.4042270e-16  1.1818512e-16  2.8082650e-16  2.3426044e-16  4.0316352e-16  7.1639494e-16  8.2813574e-17  -2.4724271e-16  -9.8729962e-19  -3.1181056e-16  -2.4586814e-16  3.3671054e-16  -1.5624675e-16  1.4084027e-16  -1.2950227e-16  3.3582230e-16  1.4800390e-16  -8.7356732e-17  2.0247466e-17  -5.8547503e-16  -6.0099250e-16  8.0150033e-17  1.1994210e-16  -1.3317833e-16  -1.7925782e-16  1.0000000   -1.7355576e-16  1.7940267e-17  -4.2787773e-16  -1.1229381e-16  7.4079204e-17  2.4042270e-16  1.1818512e-16  2.8082650e-16  2.3426044e-16  4.0316352e-16  7.1639494e-16  8.2813574e-17  -2.4724271e-16  -9.8729962e-19  -3.1181056e-16  -2.4586814e-16  3.3671054e-16  -1.5624675e-16  1.4084027e-16  -1.2950227e-16  3.3582230e-16  1.4800390e-16  -8.7356732e-17  2.0247466e-17  -5.8547503e-16  -6.0099250e-16  8.0150033e-17  1.1994210e-16  -1.3317833e-16  -1.7925782e-16  1.0000000   -1.7355576e-16  1.7940267e-17  -4.2787773e-16  
-4.9780146e-16  -1.1827075e-16  4.9824290e-16  1.8540364e-16  3.1352585e-16  5.8069999e-16  7.3056708e-16  4.5142340e-16  4.0714495e-16  1.0851230e-15  1.2389993e-16  -4.2482063e-16  -3.3920751e-16  -1.1722516e-16  -6.4490339e-16  -3.2228419e-16  -1.5645937e-16  9.7106430e-16  -2.3745354e-16  -4.3544190e-16  -3.9044512e-16  4.3494116e-17  4.0617342e-17  -4.8194246e-16  1.0840184e-16  1.0226319e-15  -5.7943042e-16  -1.7355576e-16  1.0000000   2.8940295e-16  -7.2045413e-18  -4.9780146e-16  -1.1827075e-16  4.9824290e-16  1.8540364e-16  3.1352585e-16  5.8069999e-16  7.3056708e-16  4.5142340e-16  4.0714495e-16  1.0851230e-15  1.2389993e-16  -4.2482063e-16  -3.3920751e-16  -1.1722516e-16  -6.4490339e-16  -3.2228419e-16  -1.5645937e-16  9.7106430e-16  -2.3745354e-16  -4.3544190e-16  -3.9044512e-16  4.3494116e-17  4.0617342e-17  -4.8194246e-16  1.0840184e-16  1.0226319e-15  -5.7943042e-16  -1.7355576e-16  1.0000000   2.8940295e-16  -7.2045413e-18  
7.8998197e-17  3.4058701e-16  1.5056106e-16  -8.6031714e-18  1.0448366e-16  -2.5830506e-16  3.8665769e-16  -8.2634552e-17  -4.1918168e-16  -3.8844853e-16  -1.3345778e-16  -2.1997072e-16  -1.0980380e-16  8.4513933e-17  1.7846357e-16  -1.0396433e-16  -4.2360735e-16  3.5759046e-16  -2.1637713e-16  -1.1319565e-16  -2.3632204e-16  6.3684306e-16  1.1173498e-17  -1.7658439e-16  2.8353766e-18  -7.9130547e-17  4.6868091e-16  1.7940267e-17  2.8940295e-16  1.0000000   -6.4177904e-16  7.8998197e-17  3.4058701e-16  1.5056106e-16  -8.6031714e-18  1.0448366e-16  -2.5830506e-16  3.8665769e-16  -8.2634552e-17  -4.1918168e-16  -3.8844853e-16  -1.3345778e-16  -2.1997072e-16  -1.0980380e-16  8.4513933e-17  1.7846357e-16  -1.0396433e-16  -4.2360735e-16  3.5759046e-16  -2.1637713e-16  -1.1319565e-16  -2.3632204e-16  6.3684306e-16  1.1173498e-17  -1.7658439e-16  2.8353766e-18  -7.9130547e-17  4.6868091e-16  1.7940267e-17  2.8940295e-16  1.0000000   -6.4177904e-16  
3.1602408e-16  -4.2318697e-16  -5.9610544e-16  7.6401426e-17  2.0353965e-16  -1.2740101e-16  2.7666560e-16  5.1707234e-16  3.1250845e-16  -8.3412242e-16  -2.8636262e-16  -1.9882295e-16  -5.2910004e-16  3.4505394e-16  -7.1732989e-16  2.2088245e-16  -4.1557799e-17  -1.6417095e-16  -5.2150220e-17  -7.4719440e-16  -5.0776557e-16  2.5508101e-16  -2.3114325e-16  -2.7833606e-16  -1.4613375e-16  -3.6275002e-16  6.1306767e-16  -4.2787773e-16  -7.2045413e-18  -6.4177904e-16  1.0000000   3.1602408e-16  -4.2318697e-16  -5.9610544e-16  7.6401426e-17  2.0353965e-16  -1.2740101e-16  2.7666560e-16  5.1707234e-16  3.1250845e-16  -8.3412242e-16  -2.8636262e-16  -1.9882295e-16  -5.2910004e-16  3.4505394e-16  -7.1732989e-16  2.2088245e-16  -4.1557799e-17  -1.6417095e-16  -5.2150220e-17  -7.4719440e-16  -5.0776557e-16  2.5508101e-16  -2.3114325e-16  -2.7833606e-16  -1.4613375e-16  -3.6275002e-16  6.1306767e-16  -4.2787773e-16  -7.2045413e-18  -6.4177904e-16  1.0000000   
1.0000000   1.8478701e-16  8.9136770e-16  4.6285284e-16  -2.3980844e-17  5.4953759e-16  -2.8484785e-16  3.8115112e-17  4.7902954e-16  7.1834570e-16  -3.9635195e-16  3.1838905e-16  -1.1013700e-16  -6.4537200e-16  2.5610687e-16  -4.5198369e-16  -6.3284324e-17  5.5601297e-17  3.8198440e-17  -4.8062066e-16  4.7792356e-16  -5.6881729e-16  3.0441258e-16  -3.7084451e-16  -4.7109636e-16  -2.7411113e-16  -3.6637826e-16  -1.1229381e-16  -4.9780146e-16  7.8998197e-17  3.1602408e-16  1.0000000   1.8478701e-16  8.9136770e-16  4.6285284e-16  -2.3980844e-17  5.4953759e-16  -2.8484785e-16  3.8115112e-17  4.7902954e-16  7.1834570e-16  -3.9635195e-16  3.1838905e-16  -1.1013700e-16  -6.4537200e-16  2.5610687e-16  -4.5198369e-16  -6.3284324e-17  5.5601297e-17  3.8198440e-17  -4.8062066e-16  4.7792356e-16  -5.6881729e-16  3.0441258e-16  -3.7084451e-16  -4.7109636e-16  -2.7411113e-16  -3.6637826e-16  -1.1229381e-16  -4.9780146e-16  7.8998197e-17  3.1602408e-16  
1.8478701e-16  1.0000000   3.8340482e-16  -1.9373408e-16  1.0633748e-17  1.8991527e-16  -8.3932511e-16  1.5837038e-16  -2.0543469e-16  -8.0137111e-17  -5.1602522e-16  2.6512730e-16  -2.0867142e-16  -3.1204501e-16  -5.0736137e-16  -6.5408007e-17  -2.6592056e-16  2.3234367e-16  -6.2127800e-16  -8.5068853e-16  2.7348113e-16  7.6265081e-16  9.4455110e-16  5.4578354e-16  1.4471764e-16  2.8438472e-16  6.5225611e-16  7.4079204e-17  -1.1827075e-16  3.4058701e-16  -4.2318697e-16  1.8478701e-16  1.0000000   3.8340482e-16  -1.9373408e-16  1.0633748e-17  1.8991527e-16  -8.3932511e-16  1.5837038e-16  -2.0543469e-16  -8.0137111e-17  -5.1602522e-16  2.6512730e-16  -2.0867142e-16  -3.1204501e-16  -5.0736137e-16  -6.5408007e-17  -2.6592056e-16  2.3234367e-16  -6.2127800e-16  -8.5068853e-16  2.7348113e-16  7.6265081e-16  9.4455110e-16  5.4578354e-16  1.4471764e-16  2.8438472e-16  6.5225611e-16  7.4079204e-17  -1.1827075e-16  3.4058701e-16  -4.2318697e-16  
8.9136770e-16  3.8340482e-16  1.0000000   -4.2568202e-16  4.3670884e-16  4.1483734e-16  2.2092698e-16  -5.5102864e-16  1.4334000e-16  -4.3582173e-16  1.0469690e-15  1.1519219e-15  8.4079038e-16  1.2847047e-16  1.8675614e-17  -8.5691497e-16  1.0502009e-16  6.5923932e-17  4.4277410e-16  -1.1434083e-16  -1.3795230e-16  4.1672710e-16  -5.1727786e-16  -3.8779238e-16  -5.6559372e-16  6.2236919e-17  6.0540901e-16  2.4042270e-16  4.9824290e-16  1.5056106e-16  -5.9610544e-16  8.9136770e-16  3.8340482e-16  1.0000000   -4.2568202e-16  4.3670884e-16  4.1483734e-16  2.2092698e-16  -5.5102864e-16  1.4334000e-16  -4.3582173e-16  1.0469690e-15  1.1519219e-15  8.4079038e-16  1.2847047e-16  1.8675614e-17  -8.5691497e-16  1.0502009e-16  6.5923932e-17  4.4277410e-16  -1.1434083e-16  -1.3795230e-16  4.1672710e-16  -5.1727786e-16  -3.8779238e-16  -5.6559372e-16  6.2236919e-17  6.0540901e-16  2.4042270e-16  4.9824290e-16  1.5056106e-16  -5.9610544e-16  
4.6285284e-16  -1.9373408e-16  -4.2568202e-16  1.0000000   -1.4049061e-17  -3.3490963e-16  -5.2155237e-16  -7.3387534e-16  3.7409595e-16  3.9155804e-16  8.4466853e-18  -3.6253120e-16  5.1965506e-16  4.5030083e-16  9.1274080e-16  -3.0225653e-17  3.1779291e-16  -2.4691402e-16  8.7073504e-16  -5.8739704e-16  -1.9994293e-16  2.5867481e-16  3.8354178e-17  -5.1393481e-16  -6.7941117e-16  -1.9499762e-16  1.2576581e-16  1.1818512e-16  1.8540364e-16  -8.6031714e-18  7.6401426e-17  4.6285284e-16  -1.9373408e-16  -4.2568202e-16  1.0000000   -1.4049061e-17  -3.3490963e-16  -5.2155237e-16  -7.3387534e-16  3.7409595e-16  3.9155804e-16  8.4466853e-18  -3.6253120e-16  5.1965506e-16  4.5030083e-16  9.1274080e-16  -3.0225653e-17  3.1779291e-16  -2.4691402e-16  8.7073504e-16  -5.8739704e-16  -1.9994293e-16  2.5867481e-16  3.8354178e-17  -5.1393481e-16  -6.7941117e-16  -1.9499762e-16  1.2576581e-16  1.1818512e-16  1.8540364e-16  -8.6031714e-18  7.6401426e-17  
-2.3980844e-17  1.0633748e-17  4.3670884e-16  -1.4049061e-17  1.0000000   -4.1793509e-17  -2.0696080e-16  -3.7637023e-16  3.6268310e-16  -3.5094745e-16  -6.6267376e-16  2.0526272e-16  1.6695693e-16  7.2687027e-16  3.7174411e-16  -1.2367339e-16  2.9948443e-16  -1.0149384e-16  4.2124646e-16  -4.4100972e-17  -3.4442813e-16  3.8941591e-16  -5.0996869e-16  5.7564766e-16  6.2523300e-17  2.9715982e-16  9.9244362e-17  2.8082650e-16  3.1352585e-16  1.0448366e-16  2.0353965e-16  -2.3980844e-17  1.0633748e-17  4.3670884e-16  -1.4049061e-17  1.0000000   -4.1793509e-17  -2.0696080e-16  -3.7637023e-16  3.6268310e-16  -3.5094745e-16  -6.6267376e-16  2.0526272e-16  1.6695693e-16  7.2687027e-16  3.7174411e-16  -1.2367339e-16  2.9948443e-16  -1.0149384e-16  4.2124646e-16  -4.4100972e-17  -3.4442813e-16  3.8941591e-16  -5.0996869e-16  5.7564766e-16  6.2523300e-17  2.9715982e-16  9.9244362e-17  2.8082650e-16  3.1352585e-16  1.0448366e-16  2.0353965e-16  
5.4953759e-16  1.8991527e-16  4.1483734e-16  -3.3490963e-16  -4.1793509e-17  1.0000000   3.0144761e-16  2.7782978e-16  1.0682550e-16  4.2183824e-16  7.8974656e-16  3.6078494e-16  -7.2324226e-17  1.0455761e-16  -2.7646629e-17  -2.9245818e-16  -2.1763131e-16  -6.1323984e-16  -1.7474260e-16  -2.2809639e-16  -2.2341094e-16  3.7679078e-16  -7.1336883e-19  -4.6008077e-17  -9.9354206e-17  3.4604254e-16  4.0960363e-16  2.3426044e-16  5.8069999e-16  -2.5830506e-16  -1.2740101e-16  5.4953759e-16  1.8991527e-16  4.1483734e-16  -3.3490963e-16  -4.1793509e-17  1.0000000   3.0144761e-16  2.7782978e-16  1.0682550e-16  4.2183824e-16  7.8974656e-16  3.6078494e-16  -7.2324226e-17  1.0455761e-16  -2.7646629e-17  -2.9245818e-16  -2.1763131e-16  -6.1323984e-16  -1.7474260e-16  -2.2809639e-16  -2.2341094e-16  3.7679078e-16  -7.1336883e-19  -4.6008077e-17  -9.9354206e-17  3.4604254e-16  4.0960363e-16  2.3426044e-16  5.8069999e-16  -2.5830506e-16  -1.2740101e-16  
-2.8484785e-16  -8.3932511e-16  2.2092698e-16  -5.2155237e-16  -2.0696080e-16  3.0144761e-16  1.0000000   4.9328606e-16  3.2858727e-17  6.1854065e-17  3.0569985e-16  5.1332005e-16  1.7910832e-16  5.1178671e-16  -1.5646139e-16  -1.0538321e-16  1.3676049e-16  -1.3510418e-16  1.7540194e-16  5.7581254e-16  -4.1507208e-16  -1.5325100e-16  -7.7403681e-17  1.3991184e-16  1.9160383e-16  2.4182870e-16  -8.6897400e-16  4.0316352e-16  7.3056708e-16  3.8665769e-16  2.7666560e-16  -2.8484785e-16  -8.3932511e-16  2.2092698e-16  -5.2155237e-16  -2.0696080e-16  3.0144761e-16  1.0000000   4.9328606e-16  3.2858727e-17  6.1854065e-17  3.0569985e-16  5.1332005e-16  1.7910832e-16  5.1178671e-16  -1.5646139e-16  -1.0538321e-16  1.3676049e-16  -1.3510418e-16  1.7540194e-16  5.7581254e-16  -4.1507208e-16  -1.5325100e-16  -7.7403681e-17  1.3991184e-16  1.9160383e-16  2.4182870e-16  -8.6897400e-16  4.0316352e-16  7.3056708e-16  3.8665769e-16  2.7666560e-16  
3.8115112e-17  1.5837038e-16  -5.5102864e-16  -7.3387534e-16  -3.7637023e-16  2.7782978e-16  4.9328606e-16  1.0000000   1.8820007e-16  5.3792772e-16  8.9849036e-18  8.0533140e-16  -1.8369276e-16  -1.1306059e-15  2.1547492e-16  -2.1453902e-17  3.0986305e-16  6.1512227e-16  1.3463369e-16  -2.9679438e-16  1.8334352e-16  -6.2507723e-16  9.0389994e-17  -7.2404866e-16  1.5323847e-16  1.3890343e-16  2.9692807e-16  7.1639494e-16  4.5142340e-16  -8.2634552e-17  5.1707234e-16  3.8115112e-17  1.5837038e-16  -5.5102864e-16  -7.3387534e-16  -3.7637023e-16  2.7782978e-16  4.9328606e-16  1.0000000   1.8820007e-16  5.3792772e-16  8.9849036e-18  8.0533140e-16  -1.8369276e-16  -1.1306059e-15  2.1547492e-16  -2.1453902e-17  3.0986305e-16  6.1512227e-16  1.3463369e-16  -2.9679438e-16  1.8334352e-16  -6.2507723e-16  9.0389994e-17  -7.2404866e-16  1.5323847e-16  1.3890343e-16  2.9692807e-16  7.1639494e-16  4.5142340e-16  -8.2634552e-17  5.1707234e-16  
4.7902954e-16  -2.0543469e-16  1.4334000e-16  3.7409595e-16  3.6268310e-16  1.0682550e-16  3.2858727e-17  1.8820007e-16  1.0000000   5.4379478e-16  2.1222534e-16  4.3157847e-16  -6.3543457e-16  -1.8981247e-17  2.1938459e-18  6.0129399e-16  6.2917104e-17  -2.0376683e-16  -1.4972984e-16  1.8900800e-16  -1.1676379e-16  -4.0185429e-16  3.0309899e-16  -5.0013171e-16  -1.3292464e-16  -9.9470360e-17  4.0579792e-16  8.2813574e-17  4.0714495e-16  -4.1918168e-16  3.1250845e-16  4.7902954e-16  -2.0543469e-16  1.4334000e-16  3.7409595e-16  3.6268310e-16  1.0682550e-16  3.2858727e-17  1.8820007e-16  1.0000000   5.4379478e-16  2.1222534e-16  4.3157847e-16  -6.3543457e-16  -1.8981247e-17  2.1938459e-18  6.0129399e-16  6.2917104e-17  -2.0376683e-16  -1.4972984e-16  1.8900800e-16  -1.1676379e-16  -4.0185429e-16  3.0309899e-16  -5.0013171e-16  -1.3292464e-16  -9.9470360e-17  4.0579792e-16  8.2813574e-17  4.0714495e-16  -4.1918168e-16  3.1250845e-16  
7.1834570e-16  -8.0137111e-17  -4.3582173e-16  3.9155804e-16  -3.5094745e-16  4.2183824e-16  6.1854065e-17  5.3792772e-16  5.4379478e-16  1.0000000   8.4630411e-16  -7.2685720e-17  1.7136630e-16  -3.3959750e-17  -9.5926899e-17  -2.2572557e-16  -4.1753634e-16  -1.7969879e-16  -2.0836433e-16  -2.5891527e-16  -1.6408248e-16  6.6837578e-16  1.9798352e-16  1.0524894e-15  1.5426994e-16  2.6620657e-16  -9.8931324e-17  -2.4724271e-16  1.0851230e-15  -3.8844853e-16  -8.3412242e-16  7.1834570e-16  -8.0137111e-17  -4.3582173e-16  3.9155804e-16  -3.5094745e-16  4.2183824e-16  6.1854065e-17  5.3792772e-16  5.4379478e-16  1.0000000   8.4630411e-16  -7.2685720e-17  1.7136630e-16  -3.3959750e-17  -9.5926899e-17  -2.2572557e-16  -4.1753634e-16  -1.7969879e-16  -2.0836433e-16  -2.5891527e-16  -1.6408248e-16  6.6837578e-16  1.9798352e-16  1.0524894e-15  1.5426994e-16  2.6620657e-16  -9.8931324e-17  -2.4724271e-16  1.0851230e-15  -3.8844853e-16  -8.3412242e-16  
