1.0000000   -4.1520119e-16  6.7740131e-16  9.3556546e-17  -5.4911528e-16  2.6132485e-17  -5.1985714e-16  2.0189116e-16  1.4192845e-16  -1.0654759e-16  3.9046922e-16  4.0392893e-16  -4.5355687e-16  -4.8406604e-16  -3.8848384e-16  1.8471474e-16  3.4148829e-16  -5.8760472e-17  -3.6471356e-16  -4.4503586e-16  6.3807049e-16  6.8918724e-16  3.6414055e-16  2.6323489e-16  2.7506242e-16  -3.6595391e-16  -2.8594855e-16  -4.9748447e-16  1.7423198e-16  -1.6516529e-16  -4.5417388e-16  1.0000000   -4.1520119e-16  6.7740131e-16  9.3556546e-17  -5.4911528e-16  2.6132485e-17  -5.1985714e-16  2.0189116e-16  1.4192845e-16  -1.0654759e-16  3.9046922e-16  4.0392893e-16  -4.5355687e-16  -4.8406604e-16  -3.8848384e-16  1.8471474e-16  3.4148829e-16  -5.8760472e-17  -3.6471356e-16  -4.4503586e-16  6.3807049e-16  6.8918724e-16  3.6414055e-16  2.6323489e-16  2.7506242e-16  -3.6595391e-16  -2.8594855e-16  -4.9748447e-16  1.7423198e-16  -1.6516529e-16  -4.5417388e-16  
-4.1520119e-16  1.0000000   -8.2181893e-17  -4.6743515e-16  3.8008330e-16  4.2126688e-16  3.7602189e-16  -9.6904074e-17  -2.8248078e-16  -7.7424630e-16  -5.5118187e-16  -3.9673930e-16  2.7135123e-16  -6.3861433e-16  -9.5009740e-17  2.8959702e-16  -1.5077039e-16  -3.2081036e-16  4.8271326e-16  -3.8443275e-16  -1.3528072e-16  -2.6989246e-16  -1.7923408e-16  1.3243178e-16  -1.8803925e-16  -3.9059076e-16  -4.1379229e-16  7.5558267e-16  1.3898169e-17  2.9356297e-16  -1.3346160e-16  -4.1520119e-16  1.0000000   -8.2181893e-17  -4.6743515e-16  3.8008330e-16  4.2126688e-16  3.7602189e-16  -9.6904074e-17  -2.8248078e-16  -7.7424630e-16  -5.5118187e-16  -3.9673930e-16  2.7135123e-16  -6.3861433e-16  -9.5009740e-17  2.8959702e-16  -1.5077039e-16  -3.2081036e-16  4.8271326e-16  -3.8443275e-16  -1.3528072e-16  -2.6989246e-16  -1.7923408e-16  1.3243178e-16  -1.8803925e-16  -3.9059076e-16  -4.1379229e-16  7.5558267e-16  1.3898169e-17  2.9356297e-16  -1.3346160e-16  
6.7740131e-16  -8.2181893e-17  1.0000000   -7.0187046e-17  -1.0552785e-15  4.1582581e-16  3.0015918e-16  2.4276050e-16  -1.0605804e-16  5.5272207e-17  6.0819046e-16  -4.6866918e-16  -8.4925067e-16  1.2332168e-16  3.1952301e-16  5.1876155e-16  6.6935771e-16  -7.6039660e-16  -3.7505164e-16  5.2730823e-16  -5.6182943e-16  -4.0144989e-16  3.0468374e-16  -3.6770804e-16  2.5128833e-16  5.4855615e-16  -6.5023932e-17  -3.2835683e-16  -5.3625659e-16  2.0223522e-16  -2.0077714e-16  6.7740131e-16  -8.2181893e-17  1.0000000   -7.0187046e-17  -1.0552785e-15  4.1582581e-16  3.0015918e-16  2.4276050e-16  -1.0605804e-16  5.5272207e-17  6.0819046e-16  -4.6866918e-16  -8.4925067e-16  1.2332168e-16  3.1952301e-16  5.1876155e-16  6.6935771e-16  -7.6039660e-16  -3.7505164e-16  5.2730823e-16  -5.6182943e-16  -4.0144989e-16  3.0468374e-16  -3.6770804e-16  2.5128833e-16  5.4855615e-16  -6.5023932e-17  -3.2835683e-16  -5.3625659e-16  2.0223522e-16  -2.0077714e-16  
9.3556546e-17  -4.6743515e-16  -7.0187046e-17  1.0000000   4.1660776e-16  -7.0041121e-17  -5.0784850e-17  2.2737460e-16  -3.9309611e-16  -7.7952017e-16  -1.2787869e-16  1.2051363e-17  4.3444556e-16  -4.1810250e-16  -4.3588593e-16  -2.4698824e-16  -1.1142058e-16  7.0051166e-16  -4.8784689e-16  1.0353881e-15  1.1489326e-15  -7.1109471e-16  -2.3605830e-16  -4.6266929e-16  6.2486785e-16  -2.3497402e-16  5.8112145e-17  -1.1811916e-15  -3.8385983e-16  -3.0247296e-16  4.6756149e-16  9.3556546e-17  -4.6743515e-16  -7.0187046e-17  1.0000000   4.1660776e-16  -7.0041121e-17  -5.0784850e-17  2.2737460e-16  -3.9309611e-16  -7.7952017e-16  -1.2787869e-16  1.2051363e-17  4.3444556e-16  -4.1810250e-16  -4.3588593e-16  -2.4698824e-16  -1.1142058e-16  7.0051166e-16  -4.8784689e-16  1.0353881e-15  1.1489326e-15  -7.1109471e-16  -2.3605830e-16  -4.6266929e-16  6.2486785e-16  -2.3497402e-16  5.8112145e-17  -1.1811916e-15  -3.8385983e-16  -3.0247296e-16  4.6756149e-16  
-5.4911528e-16  3.8008330e-16  -1.0552785e-15  4.1660776e-16  1.0000000   5.0361075e-17  -5.3752442e-16  -4.0663699e-16  -1.2601844e-17  2.4686340e-16  -1.6244297e-19  -2.0008494e-16  5.2732981e-16  9.2070068e-17  4.5343947e-16  5.0612921e-16  2.8572513e-16  8.3897025e-18  -7.8745112e-16  3.9376744e-16  2.1354259e-17  3.6058105e-16  2.4303916e-16  -3.1595642e-17  1.1964827e-16  4.7144730e-16  5.1812221e-17  3.2341978e-16  -1.5435107e-16  -4.3515343e-16  3.6358901e-16  -5.4911528e-16  3.8008330e-16  -1.0552785e-15  4.1660776e-16  1.0000000   5.0361075e-17  -5.3752442e-16  -4.0663699e-16  -1.2601844e-17  2.4686340e-16  -1.6244297e-19  -2.0008494e-16  5.2732981e-16  9.2070068e-17  4.5343947e-16  5.0612921e-16  2.8572513e-16  8.3897025e-18  -7.8745112e-16  3.9376744e-16  2.1354259e-17  3.6058105e-16  2.4303916e-16  -3.1595642e-17  1.1964827e-16  4.7144730e-16  5.1812221e-17  3.2341978e-16  -1.5435107e-16  -4.3515343e-16  3.6358901e-16  
2.6132485e-17  4.2126688e-16  4.1582581e-16  -7.0041121e-17  5.0361075e-17  1.0000000   3.6407042e-16  4.7935016e-16  5.3256740e-16  1.7459084e-16  1.6764167e-16  3.9933301e-16  3.2607992e-16  -2.2884951e-16  6.2506937e-16  -2.2882892e-16  1.8959995e-17  -1.1257964e-16  -1.4670514e-16  2.0383539e-16  4.4577594e-16  2.0111349e-16  -1.5367272e-16  -4.7365544e-16  -4.8932432e-17  3.2698522e-16  8.2143641e-16  6.3180782e-16  9.8115866e-17  7.2312399e-17  -2.4866260e-16  2.6132485e-17  4.2126688e-16  4.1582581e-16  -7.0041121e-17  5.0361075e-17  1.0000000   3.6407042e-16  4.7935016e-16  5.3256740e-16  1.7459084e-16  1.6764167e-16  3.9933301e-16  3.2607992e-16  -2.2884951e-16  6.2506937e-16  -2.2882892e-16  1.8959995e-17  -1.1257964e-16  -1.4670514e-16  2.0383539e-16  4.4577594e-16  2.0111349e-16  -1.5367272e-16  -4.7365544e-16  -4.8932432e-17  3.2698522e-16  8.2143641e-16  6.3180782e-16  9.8115866e-17  7.2312399e-17  -2.4866260e-16  
-5.1985714e-16  3.7602189e-16  3.0015918e-16  -5.0784850e-17  -5.3752442e-16  3.6407042e-16  1.0000000   4.9410695e-17  -9.8399973e-17  7.7506813e-17  -3.3219587e-16  -9.1194813e-17  -1.1405816e-16  -1.3624151e-16  1.1674919e-17  -1.6538928e-16  -5.4948021e-16  1.7410839e-16  -2.4709311e-16  1.5718004e-16  2.8485509e-16  -4.0728781e-16  1.1285179e-16  -5.9039748e-16  4.7278828e-16  -6.8474812e-16  3.2029048e-16  -1.9331644e-16  1.5659275e-16  -7.4626184e-16  -3.3380870e-17  -5.1985714e-16  3.7602189e-16  3.0015918e-16  -5.0784850e-17  -5.3752442e-16  3.6407042e-16  1.0000000   4.9410695e-17  -9.8399973e-17  7.7506813e-17  -3.3219587e-16  -9.1194813e-17  -1.1405816e-16  -1.3624151e-16  1.1674919e-17  -1.6538928e-16  -5.4948021e-16  1.7410839e-16  -2.4709311e-16  1.5718004e-16  2.8485509e-16  -4.0728781e-16  1.1285179e-16  -5.9039748e-16  4.7278828e-16  -6.8474812e-16  3.2029048e-16  -1.9331644e-16  1.5659275e-16  -7.4626184e-16  -3.3380870e-17  
2.0189116e-16  -9.6904074e-17  2.4276050e-16  2.2737460e-16  -4.0663699e-16  4.7935016e-16  4.9410695e-17  1.0000000   4.2230510e-17  2.9332967e-16  -8.4757163e-16  -2.5253671e-16  -9.0896559e-16  -4.4030202e-16  -7.2135435e-16  -6.6813506e-17  -4.3158003e-16  8.4792848e-16  -6.2310486e-16  -2.3531007e-16  3.7013907e-16  3.8811899e-16  -3.1142520e-16  -5.1818112e-16  -1.7196839e-16  -5.4187911e-16  -9.9857822e-16  -1.0354947e-16  1.7573672e-16  -1.4974974e-16  -5.2651919e-17  2.0189116e-16  -9.6904074e-17  2.4276050e-16  2.2737460e-16  -4.0663699e-16  4.7935016e-16  4.9410695e-17  1.0000000   4.2230510e-17  2.9332967e-16  -8.4757163e-16  -2.5253671e-16  -9.0896559e-16  -4.4030202e-16  -7.2135435e-16  -6.6813506e-17  -4.3158003e-16  8.4792848e-16  -6.2310486e-16  -2.3531007e-16  3.7013907e-16  3.8811899e-16  -3.1142520e-16  -5.1818112e-16  -1.7196839e-16  -5.4187911e-16  -9.9857822e-16  -1.0354947e-16  1.7573672e-16  -1.4974974e-16  -5.2651919e-17  
1.4192845e-16  -2.8248078e-16  -1.0605804e-16  -3.9309611e-16  -1.2601844e-17  5.3256740e-16  -9.8399973e-17  4.2230510e-17  1.0000000   -5.8420373e-16  1.1968797e-16  5.1599553e-17  4.2341919e-16  -8.2982768e-16  4.3054645e-16  -6.2319746e-16  2.9139381e-16  1.3903795e-16  9.3905916e-16  1.1256936e-16  -6.2522532e-16  -5.8719600e-18  5.3428058e-16  3.5499321e-16  -3.1153086e-17  3.4128307e-16  2.7150612e-17  -3.5456450e-16  3.7074409e-16  1.9933301e-16  -5.2301184e-16  1.4192845e-16  -2.8248078e-16  -1.0605804e-16  -3.9309611e-16  -1.2601844e-17  5.3256740e-16  -9.8399973e-17  4.2230510e-17  1.0000000   -5.8420373e-16  1.1968797e-16  5.1599553e-17  4.2341919e-16  -8.2982768e-16  4.3054645e-16  -6.2319746e-16  2.9139381e-16  1.3903795e-16  9.3905916e-16  1.1256936e-16  -6.2522532e-16  -5.8719600e-18  5.3428058e-16  3.5499321e-16  -3.1153086e-17  3.4128307e-16  2.7150612e-17  -3.5456450e-16  3.7074409e-16  1.9933301e-16  -5.2301184e-16  
-1.0654759e-16  -7.7424630e-16  5.5272207e-17  -7.7952017e-16  2.4686340e-16  1.7459084e-16  7.7506813e-17  2.9332967e-16  -5.8420373e-16  1.0000000   -6.6347337e-16  -3.3938546e-16  1.9009982e-16  4.8417386e-16  8.5497183e-17  2.6059740e-16  4.1464106e-16  1.6540943e-16  -3.0850438e-16  -6.6336678e-16  -9.3514987e-17  8.6158109e-16  2.1929933e-16  -3.9761005e-17  -3.2577795e-16  -3.2088192e-16  4.2534110e-16  -1.9019280e-16  9.4986936e-17  -6.6591125e-17  9.9175138e-16  -1.0654759e-16  -7.7424630e-16  5.5272207e-17  -7.7952017e-16  2.4686340e-16  1.7459084e-16  7.7506813e-17  2.9332967e-16  -5.8420373e-16  1.0000000   -6.6347337e-16  -3.3938546e-16  1.9009982e-16  4.8417386e-16  8.5497183e-17  2.6059740e-16  4.1464106e-16  1.6540943e-16  -3.0850438e-16  -6.6336678e-16  -9.3514987e-17  8.6158109e-16  2.1929933e-16  -3.9761005e-17  -3.2577795e-16  -3.2088192e-16  4.2534110e-16  -1.9019280e-16  9.4986936e-17  -6.6591125e-17  9.9175138e-16  
3.9046922e-16  -5.5118187e-16  6.0819046e-16  -1.2787869e-16  -1.6244297e-19  1.6764167e-16  -3.3219587e-16  -8.4757163e-16  1.1968797e-16  -6.6347337e-16  1.0000000   -8.6496515e-16  1.5914929e-17  -6.9784071e-16  -3.3448828e-16  -8.6118467e-17  2.1937280e-16  -1.4645673e-16  -3.6057603e-16  -1.9438707e-16  -2.1955829e-16  5.0251481e-16  -1.9372308e-17  4.0059400e-16  -8.9675533e-16  -1.4838592e-16  2.1919834e-16  2.5787849e-16  4.6146339e-16  2.4953433e-17  3.8387252e-16  3.9046922e-16  -5.5118187e-16  6.0819046e-16  -1.2787869e-16  -1.6244297e-19  1.6764167e-16  -3.3219587e-16  -8.4757163e-16  1.1968797e-16  -6.6347337e-16  1.0000000   -8.6496515e-16  1.5914929e-17  -6.9784071e-16  -3.3448828e-16  -8.6118467e-17  2.1937280e-16  -1.4645673e-16  -3.6057603e-16  -1.9438707e-16  -2.1955829e-16  5.0251481e-16  -1.9372308e-17  4.0059400e-16  -8.9675533e-16  -1.4838592e-16  2.1919834e-16  2.5787849e-16  4.6146339e-16  2.4953433e-17  3.8387252e-16  
4.0392893e-16  -3.9673930e-16  -4.6866918e-16  1.2051363e-17  -2.0008494e-16  3.9933301e-16  -9.1194813e-17  -2.5253671e-16  5.1599553e-17  -3.3938546e-16  -8.6496515e-16  1.0000000   -2.8763624e-16  -5.5560510e-16  1.0325673e-15  -6.5060283e-17  2.3651855e-16  4.7180229e-16  3.2594663e-16  1.5598617e-16  -5.6094087e-16  -2.9568654e-16  5.4423766e-16  1.4348010e-16  4.3632120e-16  -1.8529863e-16  -4.7253850e-16  -1.5540419e-16  -1.1811573e-16  -4.8846494e-16  -8.6338256e-16  4.0392893e-16  -3.9673930e-16  -4.6866918e-16  1.2051363e-17  -2.0008494e-16  3.9933301e-16  -9.1194813e-17  -2.5253671e-16  5.1599553e-17  -3.3938546e-16  -8.6496515e-16  1.0000000   -2.8763624e-16  -5.5560510e-16  1.0325673e-15  -6.5060283e-17  2.3651855e-16  4.7180229e-16  3.2594663e-16  1.5598617e-16  -5.6094087e-16  -2.9568654e-16  5.4423766e-16  1.4348010e-16  4.3632120e-16  -1.8529863e-16  -4.7253850e-16  -1.5540419e-16  -1.1811573e-16  -4.8846494e-16  -8.6338256e-16  
-4.5355687e-16  2.7135123e-16  -8.4925067e-16  4.3444556e-16  5.2732981e-16  3.2607992e-16  -1.1405816e-16  -9.0896559e-16  4.2341919e-16  1.9009982e-16  1.5914929e-17  -2.8763624e-16  1.0000000   5.0099592e-16  -2.2819294e-16  8.8419894e-16  2.5705100e-16  -5.7878181e-16  -2.8906793e-16  -4.0136321e-16  -2.4777767e-16  -9.9538494e-17  -5.8552239e-16  3.4497181e-16  -3.7879568e-16  -3.9651781e-16  -8.8626305e-17  2.3548031e-16  -3.7429356e-16  -4.8844566e-16  2.3698879e-16  -4.5355687e-16  2.7135123e-16  -8.4925067e-16  4.3444556e-16  5.2732981e-16  3.2607992e-16  -1.1405816e-16  -9.0896559e-16  4.2341919e-16  1.9009982e-16  1.5914929e-17  -2.8763624e-16  1.0000000   5.0099592e-16  -2.2819294e-16  8.8419894e-16  2.5705100e-16  -5.7878181e-16  -2.8906793e-16  -4.0136321e-16  -2.4777767e-16  -9.9538494e-17  -5.8552239e-16  3.4497181e-16  -3.7879568e-16  -3.9651781e-16  -8.8626305e-17  2.3548031e-16  -3.7429356e-16  -4.8844566e-16  2.3698879e-16  
-4.8406604e-16  -6.3861433e-16  1.2332168e-16  -4.1810250e-16  9.2070068e-17  -2.2884951e-16  -1.3624151e-16  -4.4030202e-16  -8.2982768e-16  4.8417386e-16  -6.9784071e-16  -5.5560510e-16  5.0099592e-16  1.0000000   3.4064630e-16  8.9784182e-17  8.8050640e-17  3.9749575e-17  7.0392205e-16  1.7253901e-17  5.1620648e-16  5.3115256e-16  -5.7522660e-16  4.6112672e-16  1.1584752e-16  -4.9121726e-16  -5.9368455e-16  6.0756843e-16  -4.8185562e-16  5.1394313e-16  6.6954734e-16  -4.8406604e-16  -6.3861433e-16  1.2332168e-16  -4.1810250e-16  9.2070068e-17  -2.2884951e-16  -1.3624151e-16  -4.4030202e-16  -8.2982768e-16  4.8417386e-16  -6.9784071e-16  -5.5560510e-16  5.0099592e-16  1.0000000   3.4064630e-16  8.9784182e-17  8.8050640e-17  3.9749575e-17  7.0392205e-16  1.7253901e-17  5.1620648e-16  5.3115256e-16  -5.7522660e-16  4.6112672e-16  1.1584752e-16  -4.9121726e-16  -5.9368455e-16  6.0756843e-16  -4.8185562e-16  5.1394313e-16  6.6954734e-16  
-3.8848384e-16  -9.5009740e-17  3.1952301e-16  -4.3588593e-16  4.5343947e-16  6.2506937e-16  1.1674919e-17  -7.2135435e-16  4.3054645e-16  8.5497183e-17  -3.3448828e-16  1.0325673e-15  -2.2819294e-16  3.4064630e-16  1.0000000   -6.2474884e-16  3.2943781e-16  8.3109635e-17  2.3634383e-16  -1.2040004e-17  -2.3285524e-16  1.2978803e-16  8.3313935e-16  3.3165315e-17  2.6014268e-16  -4.6858528e-16  -1.6679462e-16  -1.3598078e-16  -3.8895408e-16  -3.8053192e-16  -2.6190477e-16  -3.8848384e-16  -9.5009740e-17  3.1952301e-16  -4.3588593e-16  4.5343947e-16  6.2506937e-16  1.1674919e-17  -7.2135435e-16  4.3054645e-16  8.5497183e-17  -3.3448828e-16  1.0325673e-15  -2.2819294e-16  3.4064630e-16  1.0000000   -6.2474884e-16  3.2943781e-16  8.3109635e-17  2.3634383e-16  -1.2040004e-17  -2.3285524e-16  1.2978803e-16  8.3313935e-16  3.3165315e-17  2.6014268e-16  -4.6858528e-16  -1.6679462e-16  -1.3598078e-16  -3.8895408e-16  -3.8053192e-16  -2.6190477e-16  
1.8471474e-16  2.8959702e-16  5.1876155e-16  -2.4698824e-16  5.0612921e-16  -2.2882892e-16  -1.6538928e-16  -6.6813506e-17  -6.2319746e-16  2.6059740e-16  -8.6118467e-17  -6.5060283e-17  8.8419894e-16  8.9784182e-17  -6.2474884e-16  1.0000000   1.1423256e-16  2.0276231e-16  -1.9345610e-17  5.3441768e-16  -2.1339631e-16  1.0159559e-16  -4.2303479e-16  -4.3149129e-17  -3.1472667e-16  2.4072950e-16  5.3067408e-16  3.7000898e-16  2.8158025e-17  -9.0462595e-17  6.1007589e-16  1.8471474e-16  2.8959702e-16  5.1876155e-16  -2.4698824e-16  5.0612921e-16  -2.2882892e-16  -1.6538928e-16  -6.6813506e-17  -6.2319746e-16  2.6059740e-16  -8.6118467e-17  -6.5060283e-17  8.8419894e-16  8.9784182e-17  -6.2474884e-16  1.0000000   1.1423256e-16  2.0276231e-16  -1.9345610e-17  5.3441768e-16  -2.1339631e-16  1.0159559e-16  -4.2303479e-16  -4.3149129e-17  -3.1472667e-16  2.4072950e-16  5.3067408e-16  3.7000898e-16  2.8158025e-17  -9.0462595e-17  6.1007589e-16  
3.4148829e-16  -1.5077039e-16  6.6935771e-16  -1.1142058e-16  2.8572513e-16  1.8959995e-17  -5.4948021e-16  -4.3158003e-16  2.9139381e-16  4.1464106e-16  2.1937280e-16  2.3651855e-16  2.5705100e-16  8.8050640e-17  3.2943781e-16  1.1423256e-16  1.0000000   -2.1105829e-16  -3.2452015e-16  -3.0420090e-16  5.3293395e-16  -3.4744598e-16  3.0302608e-16  2.3400961e-16  -6.3656452e-16  2.9332573e-16  -5.0192866e-16  -2.1827195e-16  3.2663145e-16  4.8388395e-16  -3.8642904e-16  3.4148829e-16  -1.5077039e-16  6.6935771e-16  -1.1142058e-16  2.8572513e-16  1.8959995e-17  -5.4948021e-16  -4.3158003e-16  2.9139381e-16  4.1464106e-16  2.1937280e-16  2.3651855e-16  2.5705100e-16  8.8050640e-17  3.2943781e-16  1.1423256e-16  1.0000000   -2.1105829e-16  -3.2452015e-16  -3.0420090e-16  5.3293395e-16  -3.4744598e-16  3.0302608e-16  2.3400961e-16  -6.3656452e-16  2.9332573e-16  -5.0192866e-16  -2.1827195e-16  3.2663145e-16  4.8388395e-16  -3.8642904e-16  
-5.8760472e-17  -3.2081036e-16  -7.6039660e-16  7.0051166e-16  8.3897025e-18  -1.1257964e-16  1.7410839e-16  8.4792848e-16  1.3903795e-16  1.6540943e-16  -1.4645673e-16  4.7180229e-16  -5.7878181e-16  3.9749575e-17  8.3109635e-17  2.0276231e-16  -2.1105829e-16  1.0000000   -4.8121843e-16  -2.2491008e-17  1.9280438e-16  -5.9532212e-16  -5.3217149e-17  4.8733425e-16  -8.2770584e-16  -3.4342266e-17  2.6041228e-16  -1.4819854e-16  9.5959400e-17  -9.6805244e-16  4.1353827e-16  -5.8760472e-17  -3.2081036e-16  -7.6039660e-16  7.0051166e-16  8.3897025e-18  -1.1257964e-16  1.7410839e-16  8.4792848e-16  1.3903795e-16  1.6540943e-16  -1.4645673e-16  4.7180229e-16  -5.7878181e-16  3.9749575e-17  8.3109635e-17  2.0276231e-16  -2.1105829e-16  1.0000000   -4.8121843e-16  -2.2491008e-17  1.9280438e-16  -5.9532212e-16  -5.3217149e-17  4.8733425e-16  -8.2770584e-16  -3.4342266e-17  2.6041228e-16  -1.4819854e-16  9.5959400e-17  -9.6805244e-16  4.1353827e-16  
-3.6471356e-16  4.8271326e-16  -3.7505164e-16  -4.8784689e-16  -7.8745112e-16  -1.4670514e-16  -2.4709311e-16  -6.2310486e-16  9.3905916e-16  -3.0850438e-16  -3.6057603e-16  3.2594663e-16  -2.8906793e-16  7.0392205e-16  2.3634383e-16  -1.9345610e-17  -3.2452015e-16  -4.8121843e-16  1.0000000   3.7789626e-16  -3.6696350e-16  4.4567691e-16  1.2920051e-16  -7.1282877e-17  -4.0329494e-16  -3.5787005e-16  2.8119001e-16  -9.1957040e-17  7.2010751e-17  1.1943290e-16  -1.0683223e-16  -3.6471356e-16  4.8271326e-16  -3.7505164e-16  -4.8784689e-16  -7.8745112e-16  -1.4670514e-16  -2.4709311e-16  -6.2310486e-16  9.3905916e-16  -3.0850438e-16  -3.6057603e-16  3.2594663e-16  -2.8906793e-16  7.0392205e-16  2.3634383e-16  -1.9345610e-17  -3.2452015e-16  -4.8121843e-16  1.0000000   3.7789626e-16  -3.6696350e-16  4.4567691e-16  1.2920051e-16  -7.1282877e-17  -4.0329494e-16  -3.5787005e-16  2.8119001e-16  -9.1957040e-17  7.2010751e-17  1.1943290e-16  -1.0683223e-16  
-4.4503586e-16  -3.8443275e-16  5.2730823e-16  1.0353881e-15  3.9376744e-16  2.0383539e-16  1.5718004e-16  -2.3531007e-16  1.1256936e-16  -6.6336678e-16  -1.9438707e-16  1.5598617e-16  -4.0136321e-16  1.7253901e-17  -1.2040004e-17  5.3441768e-16  -3.0420090e-16  -2.2491008e-17  3.7789626e-16  1.0000000   -1.9557593e-16  1.4478522e-16  -3.9475399e-16  -1.1444696e-16  1.6589954e-17  6.9846413e-16  1.7937453e-16  -4.7099037e-16  2.0504649e-18  -4.6310579e-16  -1.3188907e-16  -4.4503586e-16  -3.8443275e-16  5.2730823e-16  1.0353881e-15  3.9376744e-16  2.0383539e-16  1.5718004e-16  -2.3531007e-16  1.1256936e-16  -6.6336678e-16  -1.9438707e-16  1.5598617e-16  -4.0136321e-16  1.7253901e-17  -1.2040004e-17  5.3441768e-16  -3.0420090e-16  -2.2491008e-17  3.7789626e-16  1.0000000   -1.9557593e-16  1.4478522e-16  -3.9475399e-16  -1.1444696e-16  1.6589954e-17  6.9846413e-16  1.7937453e-16  -4.7099037e-16  2.0504649e-18  -4.6310579e-16  -1.3188907e-16  
6.3807049e-16  -1.3528072e-16  -5.6182943e-16  1.1489326e-15  2.1354259e-17  4.4577594e-16  2.8485509e-16  3.7013907e-16  -6.2522532e-16  -9.3514987e-17  -2.1955829e-16  -5.6094087e-16  -2.4777767e-16  5.1620648e-16  -2.3285524e-16  -2.1339631e-16  5.3293395e-16  1.9280438e-16  -3.6696350e-16  -1.9557593e-16  1.0000000   -5.1449176e-16  -1.4255005e-16  -5.8911740e-17  9.6206659e-17  -3.9006475e-16  3.7783523e-16  8.9980747e-16  -1.0560841e-16  7.2530488e-17  1.0364292e-17  6.3807049e-16  -1.3528072e-16  -5.6182943e-16  1.1489326e-15  2.1354259e-17  4.4577594e-16  2.8485509e-16  3.7013907e-16  -6.2522532e-16  -9.3514987e-17  -2.1955829e-16  -5.6094087e-16  -2.4777767e-16  5.1620648e-16  -2.3285524e-16  -2.1339631e-16  5.3293395e-16  1.9280438e-16  -3.6696350e-16  -1.9557593e-16  1.0000000   -5.1449176e-16  -1.4255005e-16  -5.8911740e-17  9.6206659e-17  -3.9006475e-16  3.7783523e-16  8.9980747e-16  -1.0560841e-16  7.2530488e-17  1.0364292e-17  
6.8918724e-16  -2.6989246e-16  -4.0144989e-16  -7.1109471e-16  3.6058105e-16  2.0111349e-16  -4.0728781e-16  3.8811899e-16  -5.8719600e-18  8.6158109e-16  5.0251481e-16  -2.9568654e-16  -9.9538494e-17  5.3115256e-16  1.2978803e-16  1.0159559e-16  -3.4744598e-16  -5.9532212e-16  4.4567691e-16  1.4478522e-16  -5.1449176e-16  1.0000000   -3.2686407e-16  -9.5882404e-16  2.1493046e-16  2.6090331e-16  -2.6412268e-16  1.9444510e-16  -6.3579604e-16  1.2893159e-16  2.3084647e-16  6.8918724e-16  -2.6989246e-16  -4.0144989e-16  -7.1109471e-16  3.6058105e-16  2.0111349e-16  -4.0728781e-16  3.8811899e-16  -5.8719600e-18  8.6158109e-16  5.0251481e-16  -2.9568654e-16  -9.9538494e-17  5.3115256e-16  1.2978803e-16  1.0159559e-16  -3.4744598e-16  -5.9532212e-16  4.4567691e-16  1.4478522e-16  -5.1449176e-16  1.0000000   -3.2686407e-16  -9.5882404e-16  2.1493046e-16  2.6090331e-16  -2.6412268e-16  1.9444510e-16  -6.3579604e-16  1.2893159e-16  2.3084647e-16  
3.6414055e-16  -1.7923408e-16  3.0468374e-16  -2.3605830e-16  2.4303916e-16  -1.5367272e-16  1.1285179e-16  -3.1142520e-16  5.3428058e-16  2.1929933e-16  -1.9372308e-17  5.4423766e-16  -5.8552239e-16  -5.7522660e-16  8.3313935e-16  -4.2303479e-16  3.0302608e-16  -5.3217149e-17  1.2920051e-16  -3.9475399e-16  -1.4255005e-16  -3.2686407e-16  1.0000000   -1.3728682e-16  -2.2112429e-16  2.4753996e-16  -8.2387744e-16  3.8458112e-17  2.0283871e-16  1.5485475e-16  -1.0741139e-17  3.6414055e-16  -1.7923408e-16  3.0468374e-16  -2.3605830e-16  2.4303916e-16  -1.5367272e-16  1.1285179e-16  -3.1142520e-16  5.3428058e-16  2.1929933e-16  -1.9372308e-17  5.4423766e-16  -5.8552239e-16  -5.7522660e-16  8.3313935e-16  -4.2303479e-16  3.0302608e-16  -5.3217149e-17  1.2920051e-16  -3.9475399e-16  -1.4255005e-16  -3.2686407e-16  1.0000000   -1.3728682e-16  -2.2112429e-16  2.4753996e-16  -8.2387744e-16  3.8458112e-17  2.0283871e-16  1.5485475e-16  -1.0741139e-17  
2.6323489e-16  1.3243178e-16  -3.6770804e-16  -4.6266929e-16  -3.1595642e-17  -4.7365544e-16  -5.9039748e-16  -5.1818112e-16  3.5499321e-16  -3.9761005e-17  4.0059400e-16  1.4348010e-16  3.4497181e-16  4.6112672e-16  3.3165315e-17  -4.3149129e-17  2.3400961e-16  4.8733425e-16  -7.1282877e-17  -1.1444696e-16  -5.8911740e-17  -9.5882404e-16  -1.3728682e-16  1.0000000   2.7290756e-17  -1.7475678e-17  2.8981574e-16  1.4567114e-16  4.6099120e-17  -2.8357944e-16  2.9584876e-16  2.6323489e-16  1.3243178e-16  -3.6770804e-16  -4.6266929e-16  -3.1595642e-17  -4.7365544e-16  -5.9039748e-16  -5.1818112e-16  3.5499321e-16  -3.9761005e-17  4.0059400e-16  1.4348010e-16  3.4497181e-16  4.6112672e-16  3.3165315e-17  -4.3149129e-17  2.3400961e-16  4.8733425e-16  -7.1282877e-17  -1.1444696e-16  -5.8911740e-17  -9.5882404e-16  -1.3728682e-16  1.0000000   2.7290756e-17  -1.7475678e-17  2.8981574e-16  1.4567114e-16  4.6099120e-17  -2.8357944e-16  2.9584876e-16  
2.7506242e-16  -1.8803925e-16  2.5128833e-16  6.2486785e-16  1.1964827e-16  -4.8932432e-17  4.7278828e-16  -1.7196839e-16  -3.1153086e-17  -3.2577795e-16  -8.9675533e-16  4.3632120e-16  -3.7879568e-16  1.1584752e-16  2.6014268e-16  -3.1472667e-16  -6.3656452e-16  -8.2770584e-16  -4.0329494e-16  1.6589954e-17  9.6206659e-17  2.1493046e-16  -2.2112429e-16  2.7290756e-17  1.0000000   4.8800325e-16  7.6214711e-17  2.6346899e-16  -1.1545680e-16  -6.2001644e-16  -1.2913645e-15  2.7506242e-16  -1.8803925e-16  2.5128833e-16  6.2486785e-16  1.1964827e-16  -4.8932432e-17  4.7278828e-16  -1.7196839e-16  -3.1153086e-17  -3.2577795e-16  -8.9675533e-16  4.3632120e-16  -3.7879568e-16  1.1584752e-16  2.6014268e-16  -3.1472667e-16  -6.3656452e-16  -8.2770584e-16  -4.0329494e-16  1.6589954e-17  9.6206659e-17  2.1493046e-16  -2.2112429e-16  2.7290756e-17  1.0000000   4.8800325e-16  7.6214711e-17  2.6346899e-16  -1.1545680e-16  -6.2001644e-16  -1.2913645e-15  
-3.6595391e-16  -3.9059076e-16  5.4855615e-16  -2.3497402e-16  4.7144730e-16  3.2698522e-16  -6.8474812e-16  -5.4187911e-16  3.4128307e-16  -3.2088192e-16  -1.4838592e-16  -1.8529863e-16  -3.9651781e-16  -4.9121726e-16  -4.6858528e-16  2.4072950e-16  2.9332573e-16  -3.4342266e-17  -3.5787005e-16  6.9846413e-16  -3.9006475e-16  2.6090331e-16  2.4753996e-16  -1.7475678e-17  4.8800325e-16  1.0000000   9.6260100e-17  1.1177393e-16  5.6575116e-16  3.5743841e-16  2.4003192e-16  -3.6595391e-16  -3.9059076e-16  5.4855615e-16  -2.3497402e-16  4.7144730e-16  3.2698522e-16  -6.8474812e-16  -5.4187911e-16  3.4128307e-16  -3.2088192e-16  -1.4838592e-16  -1.8529863e-16  -3.9651781e-16  -4.9121726e-16  -4.6858528e-16  2.4072950e-16  2.9332573e-16  -3.4342266e-17  -3.5787005e-16  6.9846413e-16  -3.9006475e-16  2.6090331e-16  2.4753996e-16  -1.7475678e-17  4.8800325e-16  1.0000000   9.6260100e-17  1.1177393e-16  5.6575116e-16  3.5743841e-16  2.4003192e-16  
-2.8594855e-16  -4.1379229e-16  -6.5023932e-17  5.8112145e-17  5.1812221e-17  8.2143641e-16  3.2029048e-16  -9.9857822e-16  2.7150612e-17  4.2534110e-16  2.1919834e-16  -4.7253850e-16  -8.8626305e-17  -5.9368455e-16  -1.6679462e-16  5.3067408e-16  -5.0192866e-16  2.6041228e-16  2.8119001e-16  1.7937453e-16  3.7783523e-16  -2.6412268e-16  -8.2387744e-16  2.8981574e-16  7.6214711e-17  9.6260100e-17  1.0000000   2.9807443e-16  -1.5272682e-16  2.1414917e-16  1.0731990e-17  -2.8594855e-16  -4.1379229e-16  -6.5023932e-17  5.8112145e-17  5.1812221e-17  8.2143641e-16  3.2029048e-16  -9.9857822e-16  2.7150612e-17  4.2534110e-16  2.1919834e-16  -4.7253850e-16  -8.8626305e-17  -5.9368455e-16  -1.6679462e-16  5.3067408e-16  -5.0192866e-16  2.6041228e-16  2.8119001e-16  1.7937453e-16  3.7783523e-16  -2.6412268e-16  -8.2387744e-16  2.8981574e-16  7.6214711e-17  9.6260100e-17  1.0000000   2.9807443e-16  -1.5272682e-16  2.1414917e-16  1.0731990e-17  
-4.9748447e-16  7.5558267e-16  -3.2835683e-16  -1.1811916e-15  3.2341978e-16  6.3180782e-16  -1.9331644e-16  -1.0354947e-16  -3.5456450e-16  -1.9019280e-16  2.5787849e-16  -1.5540419e-16  2.3548031e-16  6.0756843e-16  -1.3598078e-16  3.7000898e-16  -2.1827195e-16  -1.4819854e-16  -9.1957040e-17  -4.7099037e-16  8.9980747e-16  1.9444510e-16  3.8458112e-17  1.4567114e-16  2.6346899e-16  1.1177393e-16  2.9807443e-16  1.0000000   6.0714789e-17  1.2146007e-16  -2.6876080e-16  -4.9748447e-16  7.5558267e-16  -3.2835683e-16  -1.1811916e-15  3.2341978e-16  6.3180782e-16  -1.9331644e-16  -1.0354947e-16  -3.5456450e-16  -1.9019280e-16  2.5787849e-16  -1.5540419e-16  2.3548031e-16  6.0756843e-16  -1.3598078e-16  3.7000898e-16  -2.1827195e-16  -1.4819854e-16  -9.1957040e-17  -4.7099037e-16  8.9980747e-16  1.9444510e-16  3.8458112e-17  1.4567114e-16  2.6346899e-16  1.1177393e-16  2.9807443e-16  1.0000000   6.0714789e-17  1.2146007e-16  -2.6876080e-16  
1.7423198e-16  1.3898169e-17  -5.3625659e-16  -3.8385983e-16  -1.5435107e-16  9.8115866e-17  1.5659275e-16  1.7573672e-16  3.7074409e-16  9.4986936e-17  4.6146339e-16  -1.1811573e-16  -3.7429356e-16  -4.8185562e-16  -3.8895408e-16  2.8158025e-17  3.2663145e-16  9.5959400e-17  7.2010751e-17  2.0504649e-18  -1.0560841e-16  -6.3579604e-16  2.0283871e-16  4.6099120e-17  -1.1545680e-16  5.6575116e-16  -1.5272682e-16  6.0714789e-17  1.0000000   -2.3888959e-16  -9.6831893e-17  1.7423198e-16  1.3898169e-17  -5.3625659e-16  -3.8385983e-16  -1.5435107e-16  9.8115866e-17  1.5659275e-16  1.7573672e-16  3.7074409e-16  9.4986936e-17  4.6146339e-16  -1.1811573e-16  -3.7429356e-16  -4.8185562e-16  -3.8895408e-16  2.8158025e-17  3.2663145e-16  9.5959400e-17  7.2010751e-17  2.0504649e-18  -1.0560841e-16  -6.3579604e-16  2.0283871e-16  4.6099120e-17  -1.1545680e-16  5.6575116e-16  -1.5272682e-16  6.0714789e-17  1.0000000   -2.3888959e-16  -9.6831893e-17  
-1.6516529e-16  2.9356297e-16  2.0223522e-16  -3.0247296e-16  -4.3515343e-16  7.2312399e-17  -7.4626184e-16  -1.4974974e-16  1.9933301e-16  -6.6591125e-17  2.4953433e-17  -4.8846494e-16  -4.8844566e-16  5.1394313e-16  -3.8053192e-16  -9.0462595e-17  4.8388395e-16  -9.6805244e-16  1.1943290e-16  -4.6310579e-16  7.2530488e-17  1.2893159e-16  1.5485475e-16  -2.8357944e-16  -6.2001644e-16  3.5743841e-16  2.1414917e-16  1.2146007e-16  -2.3888959e-16  1.0000000   -6.6132059e-16  -1.6516529e-16  2.9356297e-16  2.0223522e-16  -3.0247296e-16  -4.3515343e-16  7.2312399e-17  -7.4626184e-16  -1.4974974e-16  1.9933301e-16  -6.6591125e-17  2.4953433e-17  -4.8846494e-16  -4.8844566e-16  5.1394313e-16  -3.8053192e-16  -9.0462595e-17  4.8388395e-16  -9.6805244e-16  1.1943290e-16  -4.6310579e-16  7.2530488e-17  1.2893159e-16  1.5485475e-16  -2.8357944e-16  -6.2001644e-16  3.5743841e-16  2.1414917e-16  1.2146007e-16  -2.3888959e-16  1.0000000   -6.6132059e-16  
-4.5417388e-16  -1.3346160e-16  -2.0077714e-16  4.6756149e-16  3.6358901e-16  -2.4866260e-16  -3.3380870e-17  -5.2651919e-17  -5.2301184e-16  9.9175138e-16  3.8387252e-16  -8.6338256e-16  2.3698879e-16  6.6954734e-16  -2.6190477e-16  6.1007589e-16  -3.8642904e-16  4.1353827e-16  -1.0683223e-16  -1.3188907e-16  1.0364292e-17  2.3084647e-16  -1.0741139e-17  2.9584876e-16  -1.2913645e-15  2.4003192e-16  1.0731990e-17  -2.6876080e-16  -9.6831893e-17  -6.6132059e-16  1.0000000   -4.5417388e-16  -1.3346160e-16  -2.0077714e-16  4.6756149e-16  3.6358901e-16  -2.4866260e-16  -3.3380870e-17  -5.2651919e-17  -5.2301184e-16  9.9175138e-16  3.8387252e-16  -8.6338256e-16  2.3698879e-16  6.6954734e-16  -2.6190477e-16  6.1007589e-16  -3.8642904e-16  4.1353827e-16  -1.0683223e-16  -1.3188907e-16  1.0364292e-17  2.3084647e-16  -1.0741139e-17  2.9584876e-16  -1.2913645e-15  2.4003192e-16  1.0731990e-17  -2.6876080e-16  -9.6831893e-17  -6.6132059e-16  1.0000000   
1.0000000   -4.1520119e-16  6.7740131e-16  9.3556546e-17  -5.4911528e-16  2.6132485e-17  -5.1985714e-16  2.0189116e-16  1.4192845e-16  -1.0654759e-16  3.9046922e-16  4.0392893e-16  -4.5355687e-16  -4.8406604e-16  -3.8848384e-16  1.8471474e-16  3.4148829e-16  -5.8760472e-17  -3.6471356e-16  -4.4503586e-16  6.3807049e-16  6.8918724e-16  3.6414055e-16  2.6323489e-16  2.7506242e-16  -3.6595391e-16  -2.8594855e-16  -4.9748447e-16  1.7423198e-16  -1.6516529e-16  -4.5417388e-16  1.0000000   -4.1520119e-16  6.7740131e-16  9.3556546e-17  -5.4911528e-16  2.6132485e-17  -5.1985714e-16  2.0189116e-16  1.4192845e-16  -1.0654759e-16  3.9046922e-16  4.0392893e-16  -4.5355687e-16  -4.8406604e-16  -3.8848384e-16  1.8471474e-16  3.4148829e-16  -5.8760472e-17  -3.6471356e-16  -4.4503586e-16  6.3807049e-16  6.8918724e-16  3.6414055e-16  2.6323489e-16  2.7506242e-16  -3.6595391e-16  -2.8594855e-16  -4.9748447e-16  1.7423198e-16  -1.6516529e-16  -4.5417388e-16  
-4.1520119e-16  1.0000000   -8.2181893e-17  -4.6743515e-16  3.8008330e-16  4.2126688e-16  3.7602189e-16  -9.6904074e-17  -2.8248078e-16  -7.7424630e-16  -5.5118187e-16  -3.9673930e-16  2.7135123e-16  -6.3861433e-16  -9.5009740e-17  2.8959702e-16  -1.5077039e-16  -3.2081036e-16  4.8271326e-16  -3.8443275e-16  -1.3528072e-16  -2.6989246e-16  -1.7923408e-16  1.3243178e-16  -1.8803925e-16  -3.9059076e-16  -4.1379229e-16  7.5558267e-16  1.3898169e-17  2.9356297e-16  -1.3346160e-16  -4.1520119e-16  1.0000000   -8.2181893e-17  -4.6743515e-16  3.8008330e-16  4.2126688e-16  3.7602189e-16  -9.6904074e-17  -2.8248078e-16  -7.7424630e-16  -5.5118187e-16  -3.9673930e-16  2.7135123e-16  -6.3861433e-16  -9.5009740e-17  2.8959702e-16  -1.5077039e-16  -3.2081036e-16  4.8271326e-16  -3.8443275e-16  -1.3528072e-16  -2.6989246e-16  -1.7923408e-16  1.3243178e-16  -1.8803925e-16  -3.9059076e-16  -4.1379229e-16  7.5558267e-16  1.3898169e-17  2.9356297e-16  -1.3346160e-16  
6.7740131e-16  -8.2181893e-17  1.0000000   -7.0187046e-17  -1.0552785e-15  4.1582581e-16  3.0015918e-16  2.4276050e-16  -1.0605804e-16  5.5272207e-17  6.0819046e-16  -4.6866918e-16  -8.4925067e-16  1.2332168e-16  3.1952301e-16  5.1876155e-16  6.6935771e-16  -7.6039660e-16  -3.7505164e-16  5.2730823e-16  -5.6182943e-16  -4.0144989e-16  3.0468374e-16  -3.6770804e-16  2.5128833e-16  5.4855615e-16  -6.5023932e-17  -3.2835683e-16  -5.3625659e-16  2.0223522e-16  -2.0077714e-16  6.7740131e-16  -8.2181893e-17  1.0000000   -7.0187046e-17  -1.0552785e-15  4.1582581e-16  3.0015918e-16  2.4276050e-16  -1.0605804e-16  5.5272207e-17  6.0819046e-16  -4.6866918e-16  -8.4925067e-16  1.2332168e-16  3.1952301e-16  5.1876155e-16  6.6935771e-16  -7.6039660e-16  -3.7505164e-16  5.2730823e-16  -5.6182943e-16  -4.0144989e-16  3.0468374e-16  -3.6770804e-16  2.5128833e-16  5.4855615e-16  -6.5023932e-17  -3.2835683e-16  -5.3625659e-16  2.0223522e-16  -2.0077714e-16  
9.3556546e-17  -4.6743515e-16  -7.0187046e-17  1.0000000   4.1660776e-16  -7.0041121e-17  -5.0784850e-17  2.2737460e-16  -3.9309611e-16  -7.7952017e-16  -1.2787869e-16  1.2051363e-17  4.3444556e-16  -4.1810250e-16  -4.3588593e-16  -2.4698824e-16  -1.1142058e-16  7.0051166e-16  -4.8784689e-16  1.0353881e-15  1.1489326e-15  -7.1109471e-16  -2.3605830e-16  -4.6266929e-16  6.2486785e-16  -2.3497402e-16  5.8112145e-17  -1.1811916e-15  -3.8385983e-16  -3.0247296e-16  4.6756149e-16  9.3556546e-17  -4.6743515e-16  -7.0187046e-17  1.0000000   4.1660776e-16  -7.0041121e-17  -5.0784850e-17  2.2737460e-16  -3.9309611e-16  -7.7952017e-16  -1.2787869e-16  1.2051363e-17  4.3444556e-16  -4.1810250e-16  -4.3588593e-16  -2.4698824e-16  -1.1142058e-16  7.0051166e-16  -4.8784689e-16  1.0353881e-15  1.1489326e-15  -7.1109471e-16  -2.3605830e-16  -4.6266929e-16  6.2486785e-16  -2.3497402e-16  5.8112145e-17  -1.1811916e-15  -3.8385983e-16  -3.0247296e-16  4.6756149e-16  
-5.4911528e-16  3.8008330e-16  -1.0552785e-15  4.1660776e-16  1.0000000   5.0361075e-17  -5.3752442e-16  -4.0663699e-16  -1.2601844e-17  2.4686340e-16  -1.6244297e-19  -2.0008494e-16  5.2732981e-16  9.2070068e-17  4.5343947e-16  5.0612921e-16  2.8572513e-16  8.3897025e-18  -7.8745112e-16  3.9376744e-16  2.1354259e-17  3.6058105e-16  2.4303916e-16  -3.1595642e-17  1.1964827e-16  4.7144730e-16  5.1812221e-17  3.2341978e-16  -1.5435107e-16  -4.3515343e-16  3.6358901e-16  -5.4911528e-16  3.8008330e-16  -1.0552785e-15  4.1660776e-16  1.0000000   5.0361075e-17  -5.3752442e-16  -4.0663699e-16  -1.2601844e-17  2.4686340e-16  -1.6244297e-19  -2.0008494e-16  5.2732981e-16  9.2070068e-17  4.5343947e-16  5.0612921e-16  2.8572513e-16  8.3897025e-18  -7.8745112e-16  3.9376744e-16  2.1354259e-17  3.6058105e-16  2.4303916e-16  -3.1595642e-17  1.1964827e-16  4.7144730e-16  5.1812221e-17  3.2341978e-16  -1.5435107e-16  -4.3515343e-16  3.6358901e-16  
2.6132485e-17  4.2126688e-16  4.1582581e-16  -7.0041121e-17  5.0361075e-17  1.0000000   3.6407042e-16  4.7935016e-16  5.3256740e-16  1.7459084e-16  1.6764167e-16  3.9933301e-16  3.2607992e-16  -2.2884951e-16  6.2506937e-16  -2.2882892e-16  1.8959995e-17  -1.1257964e-16  -1.4670514e-16  2.0383539e-16  4.4577594e-16  2.0111349e-16  -1.5367272e-16  -4.7365544e-16  -4.8932432e-17  3.2698522e-16  8.2143641e-16  6.3180782e-16  9.8115866e-17  7.2312399e-17  -2.4866260e-16  2.6132485e-17  4.2126688e-16  4.1582581e-16  -7.0041121e-17  5.0361075e-17  1.0000000   3.6407042e-16  4.7935016e-16  5.3256740e-16  1.7459084e-16  1.6764167e-16  3.9933301e-16  3.2607992e-16  -2.2884951e-16  6.2506937e-16  -2.2882892e-16  1.8959995e-17  -1.1257964e-16  -1.4670514e-16  2.0383539e-16  4.4577594e-16  2.0111349e-16  -1.5367272e-16  -4.7365544e-16  -4.8932432e-17  3.2698522e-16  8.2143641e-16  6.3180782e-16  9.8115866e-17  7.2312399e-17  -2.4866260e-16  
-5.1985714e-16  3.7602189e-16  3.0015918e-16  -5.0784850e-17  -5.3752442e-16  3.6407042e-16  1.0000000   4.9410695e-17  -9.8399973e-17  7.7506813e-17  -3.3219587e-16  -9.1194813e-17  -1.1405816e-16  -1.3624151e-16  1.1674919e-17  -1.6538928e-16  -5.4948021e-16  1.7410839e-16  -2.4709311e-16  1.5718004e-16  2.8485509e-16  -4.0728781e-16  1.1285179e-16  -5.9039748e-16  4.7278828e-16  -6.8474812e-16  3.2029048e-16  -1.9331644e-16  1.5659275e-16  -7.4626184e-16  -3.3380870e-17  -5.1985714e-16  3.7602189e-16  3.0015918e-16  -5.0784850e-17  -5.3752442e-16  3.6407042e-16  1.0000000   4.9410695e-17  -9.8399973e-17  7.7506813e-17  -3.3219587e-16  -9.1194813e-17  -1.1405816e-16  -1.3624151e-16  1.1674919e-17  -1.6538928e-16  -5.4948021e-16  1.7410839e-16  -2.4709311e-16  1.5718004e-16  2.8485509e-16  -4.0728781e-16  1.1285179e-16  -5.9039748e-16  4.7278828e-16  -6.8474812e-16  3.2029048e-16  -1.9331644e-16  1.5659275e-16  -7.4626184e-16  -3.3380870e-17  
2.0189116e-16  -9.6904074e-17  2.4276050e-16  2.2737460e-16  -4.0663699e-16  4.7935016e-16  4.9410695e-17  1.0000000   4.2230510e-17  2.9332967e-16  -8.4757163e-16  -2.5253671e-16  -9.0896559e-16  -4.4030202e-16  -7.2135435e-16  -6.6813506e-17  -4.3158003e-16  8.4792848e-16  -6.2310486e-16  -2.3531007e-16  3.7013907e-16  3.8811899e-16  -3.1142520e-16  -5.1818112e-16  -1.7196839e-16  -5.4187911e-16  -9.9857822e-16  -1.0354947e-16  1.7573672e-16  -1.4974974e-16  -5.2651919e-17  2.0189116e-16  -9.6904074e-17  2.4276050e-16  2.2737460e-16  -4.0663699e-16  4.7935016e-16  4.9410695e-17  1.0000000   4.2230510e-17  2.9332967e-16  -8.4757163e-16  -2.5253671e-16  -9.0896559e-16  -4.4030202e-16  -7.2135435e-16  -6.6813506e-17  -4.3158003e-16  8.4792848e-16  -6.2310486e-16  -2.3531007e-16  3.7013907e-16  3.8811899e-16  -3.1142520e-16  -5.1818112e-16  -1.7196839e-16  -5.4187911e-16  -9.9857822e-16  -1.0354947e-16  1.7573672e-16  -1.4974974e-16  -5.2651919e-17  
1.4192845e-16  -2.8248078e-16  -1.0605804e-16  -3.9309611e-16  -1.2601844e-17  5.3256740e-16  -9.8399973e-17  4.2230510e-17  1.0000000   -5.8420373e-16  1.1968797e-16  5.1599553e-17  4.2341919e-16  -8.2982768e-16  4.3054645e-16  -6.2319746e-16  2.9139381e-16  1.3903795e-16  9.3905916e-16  1.1256936e-16  -6.2522532e-16  -5.8719600e-18  5.3428058e-16  3.5499321e-16  -3.1153086e-17  3.4128307e-16  2.7150612e-17  -3.5456450e-16  3.7074409e-16  1.9933301e-16  -5.2301184e-16  1.4192845e-16  -2.8248078e-16  -1.0605804e-16  -3.9309611e-16  -1.2601844e-17  5.3256740e-16  -9.8399973e-17  4.2230510e-17  1.0000000   -5.8420373e-16  1.1968797e-16  5.1599553e-17  4.2341919e-16  -8.2982768e-16  4.3054645e-16  -6.2319746e-16  2.9139381e-16  1.3903795e-16  9.3905916e-16  1.1256936e-16  -6.2522532e-16  -5.8719600e-18  5.3428058e-16  3.5499321e-16  -3.1153086e-17  3.4128307e-16  2.7150612e-17  -3.5456450e-16  3.7074409e-16  1.9933301e-16  -5.2301184e-16  
-1.0654759e-16  -7.7424630e-16  5.5272207e-17  -7.7952017e-16  2.4686340e-16  1.7459084e-16  7.7506813e-17  2.9332967e-16  -5.8420373e-16  1.0000000   -6.6347337e-16  -3.3938546e-16  1.9009982e-16  4.8417386e-16  8.5497183e-17  2.6059740e-16  4.1464106e-16  1.6540943e-16  -3.0850438e-16  -6.6336678e-16  -9.3514987e-17  8.6158109e-16  2.1929933e-16  -3.9761005e-17  -3.2577795e-16  -3.2088192e-16  4.2534110e-16  -1.9019280e-16  9.4986936e-17  -6.6591125e-17  9.9175138e-16  -1.0654759e-16  -7.7424630e-16  5.5272207e-17  -7.7952017e-16  2.4686340e-16  1.7459084e-16  7.7506813e-17  2.9332967e-16  -5.8420373e-16  1.0000000   -6.6347337e-16  -3.3938546e-16  1.9009982e-16  4.8417386e-16  8.5497183e-17  2.6059740e-16  4.1464106e-16  1.6540943e-16  -3.0850438e-16  -6.6336678e-16  -9.3514987e-17  8.6158109e-16  2.1929933e-16  -3.9761005e-17  -3.2577795e-16  -3.2088192e-16  4.2534110e-16  -1.9019280e-16  9.4986936e-17  -6.6591125e-17  9.9175138e-16  
