1.0000000   -4.9926728e-16  8.1310145e-16  9.1054266e-16  -3.3344654e-16  2.5396241e-16  -5.3148962e-16  4.4786873e-16  5.6366190e-16  3.6358406e-16  -6.5791982e-16  1.5063694e-16  -2.3466331e-16  5.1391408e-16  -1.3402780e-15  -2.4770673e-16  1.0564612e-15  -7.0907376e-16  5.0636292e-16  -1.0728044e-16  1.0275060e-15  2.1446012e-16  1.2130772e-15  7.7445604e-16  7.1878865e-16  4.5220013e-16  1.4055021e-15  3.1840493e-16  7.8805235e-16  -2.6830451e-16  -4.4986201e-16  1.0000000   -4.9926728e-16  8.1310145e-16  9.1054266e-16  -3.3344654e-16  2.5396241e-16  -5.3148962e-16  4.4786873e-16  5.6366190e-16  3.6358406e-16  -6.5791982e-16  1.5063694e-16  -2.3466331e-16  5.1391408e-16  -1.3402780e-15  -2.4770673e-16  1.0564612e-15  -7.0907376e-16  5.0636292e-16  -1.0728044e-16  1.0275060e-15  2.1446012e-16  1.2130772e-15  7.7445604e-16  7.1878865e-16  4.5220013e-16  1.4055021e-15  3.1840493e-16  7.8805235e-16  -2.6830451e-16  -4.4986201e-16  
-4.9926728e-16  1.0000000   3.3983193e-16  9.6591803e-16  2.2147207e-16  -2.5100278e-16  9.1591501e-16  7.6284313e-16  3.5915975e-16  -1.1523841e-16  -1.5023454e-16  -1.3145687e-17  1.6112044e-16  -5.7227154e-16  3.7427980e-16  -2.0950214e-16  4.8344775e-16  7.7738041e-16  8.8207530e-17  1.0502267e-16  -2.5551940e-16  -2.4768765e-18  -4.1166826e-16  -3.6633057e-17  -6.5143322e-17  -4.0160307e-17  -4.9749790e-16  1.6490904e-17  2.4854065e-16  -4.9063199e-17  -7.0377468e-17  -4.9926728e-16  1.0000000   3.3983193e-16  9.6591803e-16  2.2147207e-16  -2.5100278e-16  9.1591501e-16  7.6284313e-16  3.5915975e-16  -1.1523841e-16  -1.5023454e-16  -1.3145687e-17  1.6112044e-16  -5.7227154e-16  3.7427980e-16  -2.0950214e-16  4.8344775e-16  7.7738041e-16  8.8207530e-17  1.0502267e-16  -2.5551940e-16  -2.4768765e-18  -4.1166826e-16  -3.6633057e-17  -6.5143322e-17  -4.0160307e-17  -4.9749790e-16  1.6490904e-17  2.4854065e-16  -4.9063199e-17  -7.0377468e-17  
8.1310145e-16  3.3983193e-16  1.0000000   7.2642414e-16  3.3110411e-16  2.0064078e-17  1.7384691e-16  8.0546939e-17  1.0741883e-16  1.3894699e-16  -3.2293322e-16  -7.7664080e-17  2.1129660e-16  1.1776424e-15  -4.5726295e-16  -9.9385618e-18  3.4745536e-16  -7.5828623e-16  8.3507933e-17  1.1701362e-16  -7.1124132e-16  3.7621463e-16  1.6012428e-15  -1.0828707e-16  1.3451137e-16  2.6074897e-17  3.4999310e-16  3.0464857e-16  3.6779243e-16  -1.2089480e-15  3.9954826e-16  8.1310145e-16  3.3983193e-16  1.0000000   7.2642414e-16  3.3110411e-16  2.0064078e-17  1.7384691e-16  8.0546939e-17  1.0741883e-16  1.3894699e-16  -3.2293322e-16  -7.7664080e-17  2.1129660e-16  1.1776424e-15  -4.5726295e-16  -9.9385618e-18  3.4745536e-16  -7.5828623e-16  8.3507933e-17  1.1701362e-16  -7.1124132e-16  3.7621463e-16  1.6012428e-15  -1.0828707e-16  1.3451137e-16  2.6074897e-17  3.4999310e-16  3.0464857e-16  3.6779243e-16  -1.2089480e-15  3.9954826e-16  
9.1054266e-16  9.6591803e-16  7.2642414e-16  1.0000000   2.8916830e-16  -4.5334835e-17  -1.3978326e-16  3.4849071e-16  -9.5616882e-17  4.1742327e-16  -3.3825472e-16  -6.8456647e-16  1.3351455e-16  7.5996368e-16  -9.5435013e-17  1.5882326e-16  6.3343109e-16  4.5882613e-16  2.7059258e-17  2.8144354e-17  3.9018175e-16  4.8827961e-16  5.2327670e-16  5.3618022e-16  6.8797756e-17  3.3168036e-16  -4.7421239e-17  -1.2717352e-16  8.8002928e-16  3.6268383e-16  1.9774587e-17  9.1054266e-16  9.6591803e-16  7.2642414e-16  1.0000000   2.8916830e-16  -4.5334835e-17  -1.3978326e-16  3.4849071e-16  -9.5616882e-17  4.1742327e-16  -3.3825472e-16  -6.8456647e-16  1.3351455e-16  7.5996368e-16  -9.5435013e-17  1.5882326e-16  6.3343109e-16  4.5882613e-16  2.7059258e-17  2.8144354e-17  3.9018175e-16  4.8827961e-16  5.2327670e-16  5.3618022e-16  6.8797756e-17  3.3168036e-16  -4.7421239e-17  -1.2717352e-16  8.8002928e-16  3.6268383e-16  1.9774587e-17  
-3.3344654e-16  2.2147207e-16  3.3110411e-16  2.8916830e-16  1.0000000   -3.5820094e-16  -7.8126306e-17  3.4091295e-17  -2.5424303e-16  -6.1939397e-17  -1.9816081e-16  3.6983001e-16  -7.9946645e-16  -1.9359813e-16  -1.7848506e-18  1.1381956e-16  -5.3784596e-16  -7.2920546e-16  -4.4401082e-16  -3.9029854e-16  5.0861039e-16  -3.0178405e-16  1.0045637e-15  1.2104503e-17  1.6444427e-16  2.1193824e-16  -3.1045578e-16  1.3356861e-16  5.5592468e-16  -4.4008998e-16  1.8934707e-16  -3.3344654e-16  2.2147207e-16  3.3110411e-16  2.8916830e-16  1.0000000   -3.5820094e-16  -7.8126306e-17  3.4091295e-17  -2.5424303e-16  -6.1939397e-17  -1.9816081e-16  3.6983001e-16  -7.9946645e-16  -1.9359813e-16  -1.7848506e-18  1.1381956e-16  -5.3784596e-16  -7.2920546e-16  -4.4401082e-16  -3.9029854e-16  5.0861039e-16  -3.0178405e-16  1.0045637e-15  1.2104503e-17  1.6444427e-16  2.1193824e-16  -3.1045578e-16  1.3356861e-16  5.5592468e-16  -4.4008998e-16  1.8934707e-16  
2.5396241e-16  -2.5100278e-16  2.0064078e-17  -4.5334835e-17  -3.5820094e-16  1.0000000   -5.7802846e-16  -5.0403519e-16  8.6396867e-17  -4.5654643e-16  1.5900147e-16  3.2054998e-16  -1.6660470e-16  1.4656318e-16  -5.1096838e-16  -1.1068228e-16  2.0514672e-16  -5.0555075e-16  -1.0895910e-16  -1.0259854e-15  -5.3739842e-17  -2.9517849e-16  -3.0714703e-16  -1.2643559e-16  8.7510742e-17  -2.9885956e-17  1.0401128e-15  3.6849290e-16  4.4779590e-16  -6.1707414e-17  -2.2284075e-16  2.5396241e-16  -2.5100278e-16  2.0064078e-17  -4.5334835e-17  -3.5820094e-16  1.0000000   -5.7802846e-16  -5.0403519e-16  8.6396867e-17  -4.5654643e-16  1.5900147e-16  3.2054998e-16  -1.6660470e-16  1.4656318e-16  -5.1096838e-16  -1.1068228e-16  2.0514672e-16  -5.0555075e-16  -1.0895910e-16  -1.0259854e-15  -5.3739842e-17  -2.9517849e-16  -3.0714703e-16  -1.2643559e-16  8.7510742e-17  -2.9885956e-17  1.0401128e-15  3.6849290e-16  4.4779590e-16  -6.1707414e-17  -2.2284075e-16  
-5.3148962e-16  9.1591501e-16  1.7384691e-16  -1.3978326e-16  -7.8126306e-17  -5.7802846e-16  1.0000000   -7.4994949e-17  6.5880590e-16  -4.2330968e-16  -1.6086633e-16  4.6561861e-16  2.4836385e-16  1.7696528e-16  -2.9094550e-16  -2.5406140e-16  -2.5272550e-17  7.1142100e-16  -3.6586419e-16  1.7913415e-17  4.0946069e-16  2.5608183e-16  -3.9394009e-16  7.0041985e-17  6.8430735e-16  -9.7096671e-17  -6.8888444e-16  1.4765146e-16  -5.3855342e-16  -4.2204543e-16  -3.5394474e-16  -5.3148962e-16  9.1591501e-16  1.7384691e-16  -1.3978326e-16  -7.8126306e-17  -5.7802846e-16  1.0000000   -7.4994949e-17  6.5880590e-16  -4.2330968e-16  -1.6086633e-16  4.6561861e-16  2.4836385e-16  1.7696528e-16  -2.9094550e-16  -2.5406140e-16  -2.5272550e-17  7.1142100e-16  -3.6586419e-16  1.7913415e-17  4.0946069e-16  2.5608183e-16  -3.9394009e-16  7.0041985e-17  6.8430735e-16  -9.7096671e-17  -6.8888444e-16  1.4765146e-16  -5.3855342e-16  -4.2204543e-16  -3.5394474e-16  
4.4786873e-16  7.6284313e-16  8.0546939e-17  3.4849071e-16  3.4091295e-17  -5.0403519e-16  -7.4994949e-17  1.0000000   -1.1986621e-16  -1.6629735e-16  2.6812446e-16  5.0811674e-17  -1.9546078e-16  3.2455978e-16  -1.7345339e-16  -3.5667868e-16  1.6221704e-16  -8.4571163e-17  -1.2545536e-16  -1.5801395e-17  1.6882089e-16  3.7334816e-17  -2.4486685e-16  5.3342018e-16  -1.0422228e-16  4.4100004e-16  1.6288166e-16  -5.1526461e-16  -1.1066745e-16  3.0099256e-16  -3.3348585e-16  4.4786873e-16  7.6284313e-16  8.0546939e-17  3.4849071e-16  3.4091295e-17  -5.0403519e-16  -7.4994949e-17  1.0000000   -1.1986621e-16  -1.6629735e-16  2.6812446e-16  5.0811674e-17  -1.9546078e-16  3.2455978e-16  -1.7345339e-16  -3.5667868e-16  1.6221704e-16  -8.4571163e-17  -1.2545536e-16  -1.5801395e-17  1.6882089e-16  3.7334816e-17  -2.4486685e-16  5.3342018e-16  -1.0422228e-16  4.4100004e-16  1.6288166e-16  -5.1526461e-16  -1.1066745e-16  3.0099256e-16  -3.3348585e-16  
5.6366190e-16  3.5915975e-16  1.0741883e-16  -9.5616882e-17  -2.5424303e-16  8.6396867e-17  6.5880590e-16  -1.1986621e-16  1.0000000   7.3857325e-16  4.9717731e-16  -5.8865183e-18  -2.5962440e-17  5.3430316e-16  -4.8440468e-16  5.1427441e-16  4.9288839e-16  -2.4946020e-16  -4.1104989e-16  -2.1683573e-16  5.4766328e-16  -3.6796586e-16  4.8775376e-16  2.8317051e-16  3.2765180e-16  9.7649686e-16  3.9965847e-17  -3.2521151e-16  -7.7250067e-19  -3.8519065e-16  -1.6550530e-16  5.6366190e-16  3.5915975e-16  1.0741883e-16  -9.5616882e-17  -2.5424303e-16  8.6396867e-17  6.5880590e-16  -1.1986621e-16  1.0000000   7.3857325e-16  4.9717731e-16  -5.8865183e-18  -2.5962440e-17  5.3430316e-16  -4.8440468e-16  5.1427441e-16  4.9288839e-16  -2.4946020e-16  -4.1104989e-16  -2.1683573e-16  5.4766328e-16  -3.6796586e-16  4.8775376e-16  2.8317051e-16  3.2765180e-16  9.7649686e-16  3.9965847e-17  -3.2521151e-16  -7.7250067e-19  -3.8519065e-16  -1.6550530e-16  
3.6358406e-16  -1.1523841e-16  1.3894699e-16  4.1742327e-16  -6.1939397e-17  -4.5654643e-16  -4.2330968e-16  -1.6629735e-16  7.3857325e-16  1.0000000   4.1626528e-16  7.6711596e-16  -1.2043755e-16  -3.7763874e-16  -9.5935402e-16  -1.3929477e-16  4.6209910e-16  1.2559650e-16  -6.6686639e-18  2.0296500e-16  -4.5945547e-16  -4.5629383e-16  3.3994251e-16  1.1519782e-16  1.7522393e-16  1.0451207e-16  1.0869487e-15  4.3495097e-16  2.9806576e-16  -1.4009733e-17  -2.9298825e-16  3.6358406e-16  -1.1523841e-16  1.3894699e-16  4.1742327e-16  -6.1939397e-17  -4.5654643e-16  -4.2330968e-16  -1.6629735e-16  7.3857325e-16  1.0000000   4.1626528e-16  7.6711596e-16  -1.2043755e-16  -3.7763874e-16  -9.5935402e-16  -1.3929477e-16  4.6209910e-16  1.2559650e-16  -6.6686639e-18  2.0296500e-16  -4.5945547e-16  -4.5629383e-16  3.3994251e-16  1.1519782e-16  1.7522393e-16  1.0451207e-16  1.0869487e-15  4.3495097e-16  2.9806576e-16  -1.4009733e-17  -2.9298825e-16  
-6.5791982e-16  -1.5023454e-16  -3.2293322e-16  -3.3825472e-16  -1.9816081e-16  1.5900147e-16  -1.6086633e-16  2.6812446e-16  4.9717731e-16  4.1626528e-16  1.0000000   -1.7829864e-16  -5.1046359e-16  1.8944651e-16  -8.9691935e-17  -4.3035911e-17  -2.1296363e-16  -1.9151101e-16  3.1262880e-16  3.1228290e-16  2.2256883e-17  6.2775107e-17  7.4228088e-17  2.4421253e-16  -1.2951319e-17  -3.5286518e-16  6.0011194e-16  6.4577788e-16  2.1788593e-16  -8.8718191e-17  2.2553300e-16  -6.5791982e-16  -1.5023454e-16  -3.2293322e-16  -3.3825472e-16  -1.9816081e-16  1.5900147e-16  -1.6086633e-16  2.6812446e-16  4.9717731e-16  4.1626528e-16  1.0000000   -1.7829864e-16  -5.1046359e-16  1.8944651e-16  -8.9691935e-17  -4.3035911e-17  -2.1296363e-16  -1.9151101e-16  3.1262880e-16  3.1228290e-16  2.2256883e-17  6.2775107e-17  7.4228088e-17  2.4421253e-16  -1.2951319e-17  -3.5286518e-16  6.0011194e-16  6.4577788e-16  2.1788593e-16  -8.8718191e-17  2.2553300e-16  
1.5063694e-16  -1.3145687e-17  -7.7664080e-17  -6.8456647e-16  3.6983001e-16  3.2054998e-16  4.6561861e-16  5.0811674e-17  -5.8865183e-18  7.6711596e-16  -1.7829864e-16  1.0000000   -1.8867092e-16  -3.4327463e-16  8.3765318e-16  1.2722080e-16  -6.2365644e-16  2.5498576e-16  -1.4911545e-16  1.1757059e-16  -9.2868723e-16  -2.9944261e-17  -5.4024581e-16  -3.6880841e-16  -4.1467934e-17  -1.9542575e-16  2.5102837e-17  -1.1171326e-16  -6.2548085e-16  -6.6519420e-17  3.9121964e-16  1.5063694e-16  -1.3145687e-17  -7.7664080e-17  -6.8456647e-16  3.6983001e-16  3.2054998e-16  4.6561861e-16  5.0811674e-17  -5.8865183e-18  7.6711596e-16  -1.7829864e-16  1.0000000   -1.8867092e-16  -3.4327463e-16  8.3765318e-16  1.2722080e-16  -6.2365644e-16  2.5498576e-16  -1.4911545e-16  1.1757059e-16  -9.2868723e-16  -2.9944261e-17  -5.4024581e-16  -3.6880841e-16  -4.1467934e-17  -1.9542575e-16  2.5102837e-17  -1.1171326e-16  -6.2548085e-16  -6.6519420e-17  3.9121964e-16  
-2.3466331e-16  1.6112044e-16  2.1129660e-16  1.3351455e-16  -7.9946645e-16  -1.6660470e-16  2.4836385e-16  -1.9546078e-16  -2.5962440e-17  -1.2043755e-16  -5.1046359e-16  -1.8867092e-16  1.0000000   -2.5301231e-17  -1.1627369e-16  -8.2923910e-17  2.4929055e-16  -9.2875932e-17  3.0173431e-16  -3.9783209e-16  -3.4774026e-16  4.7397990e-16  5.2624078e-16  -2.2123400e-16  -2.0544065e-16  5.3178002e-18  -6.9563230e-16  2.8137172e-16  1.2491050e-16  -1.5607168e-16  -2.4528768e-16  -2.3466331e-16  1.6112044e-16  2.1129660e-16  1.3351455e-16  -7.9946645e-16  -1.6660470e-16  2.4836385e-16  -1.9546078e-16  -2.5962440e-17  -1.2043755e-16  -5.1046359e-16  -1.8867092e-16  1.0000000   -2.5301231e-17  -1.1627369e-16  -8.2923910e-17  2.4929055e-16  -9.2875932e-17  3.0173431e-16  -3.9783209e-16  -3.4774026e-16  4.7397990e-16  5.2624078e-16  -2.2123400e-16  -2.0544065e-16  5.3178002e-18  -6.9563230e-16  2.8137172e-16  1.2491050e-16  -1.5607168e-16  -2.4528768e-16  
5.1391408e-16  -5.7227154e-16  1.1776424e-15  7.5996368e-16  -1.9359813e-16  1.4656318e-16  1.7696528e-16  3.2455978e-16  5.3430316e-16  -3.7763874e-16  1.8944651e-16  -3.4327463e-16  -2.5301231e-17  1.0000000   -4.3564297e-16  1.7688934e-16  4.1722786e-16  2.1768289e-16  -3.7907762e-16  -2.9072592e-16  9.4568400e-18  4.9580983e-16  2.7654239e-17  5.7899387e-16  3.1490467e-16  7.2662127e-16  -4.8583836e-16  -7.1613909e-17  2.1649165e-16  -3.4439390e-16  3.0340467e-16  5.1391408e-16  -5.7227154e-16  1.1776424e-15  7.5996368e-16  -1.9359813e-16  1.4656318e-16  1.7696528e-16  3.2455978e-16  5.3430316e-16  -3.7763874e-16  1.8944651e-16  -3.4327463e-16  -2.5301231e-17  1.0000000   -4.3564297e-16  1.7688934e-16  4.1722786e-16  2.1768289e-16  -3.7907762e-16  -2.9072592e-16  9.4568400e-18  4.9580983e-16  2.7654239e-17  5.7899387e-16  3.1490467e-16  7.2662127e-16  -4.8583836e-16  -7.1613909e-17  2.1649165e-16  -3.4439390e-16  3.0340467e-16  
-1.3402780e-15  3.7427980e-16  -4.5726295e-16  -9.5435013e-17  -1.7848506e-18  -5.1096838e-16  -2.9094550e-16  -1.7345339e-16  -4.8440468e-16  -9.5935402e-16  -8.9691935e-17  8.3765318e-16  -1.1627369e-16  -4.3564297e-16  1.0000000   1.0333436e-15  -9.7703692e-17  -2.0182873e-16  4.1083070e-17  4.8382600e-16  -1.0239319e-15  -5.1827184e-16  -3.2423898e-16  -5.6525834e-16  -4.4488744e-16  -4.9489310e-16  -4.0605327e-16  -1.0438615e-15  -9.7664738e-17  6.2471196e-16  1.6817065e-16  -1.3402780e-15  3.7427980e-16  -4.5726295e-16  -9.5435013e-17  -1.7848506e-18  -5.1096838e-16  -2.9094550e-16  -1.7345339e-16  -4.8440468e-16  -9.5935402e-16  -8.9691935e-17  8.3765318e-16  -1.1627369e-16  -4.3564297e-16  1.0000000   1.0333436e-15  -9.7703692e-17  -2.0182873e-16  4.1083070e-17  4.8382600e-16  -1.0239319e-15  -5.1827184e-16  -3.2423898e-16  -5.6525834e-16  -4.4488744e-16  -4.9489310e-16  -4.0605327e-16  -1.0438615e-15  -9.7664738e-17  6.2471196e-16  1.6817065e-16  
-2.4770673e-16  -2.0950214e-16  -9.9385618e-18  1.5882326e-16  1.1381956e-16  -1.1068228e-16  -2.5406140e-16  -3.5667868e-16  5.1427441e-16  -1.3929477e-16  -4.3035911e-17  1.2722080e-16  -8.2923910e-17  1.7688934e-16  1.0333436e-15  1.0000000   1.4429802e-16  6.2703209e-16  3.2941551e-16  4.6788532e-16  -4.9641799e-16  4.4545101e-16  -4.3001632e-16  -4.6275264e-16  5.6970975e-16  6.6345426e-16  7.4897373e-17  -2.1150246e-16  -3.7770187e-16  3.9168379e-16  8.8524330e-17  -2.4770673e-16  -2.0950214e-16  -9.9385618e-18  1.5882326e-16  1.1381956e-16  -1.1068228e-16  -2.5406140e-16  -3.5667868e-16  5.1427441e-16  -1.3929477e-16  -4.3035911e-17  1.2722080e-16  -8.2923910e-17  1.7688934e-16  1.0333436e-15  1.0000000   1.4429802e-16  6.2703209e-16  3.2941551e-16  4.6788532e-16  -4.9641799e-16  4.4545101e-16  -4.3001632e-16  -4.6275264e-16  5.6970975e-16  6.6345426e-16  7.4897373e-17  -2.1150246e-16  -3.7770187e-16  3.9168379e-16  8.8524330e-17  
1.0564612e-15  4.8344775e-16  3.4745536e-16  6.3343109e-16  -5.3784596e-16  2.0514672e-16  -2.5272550e-17  1.6221704e-16  4.9288839e-16  4.6209910e-16  -2.1296363e-16  -6.2365644e-16  2.4929055e-16  4.1722786e-16  -9.7703692e-17  1.4429802e-16  1.0000000   -2.9539861e-16  3.2169623e-17  -9.5307757e-16  -5.6193450e-17  4.4027575e-16  4.1267268e-16  1.5155386e-16  1.5625228e-16  4.5046033e-17  -3.0033061e-16  8.3988993e-17  -1.8806296e-16  -9.4843201e-16  4.3566995e-16  1.0564612e-15  4.8344775e-16  3.4745536e-16  6.3343109e-16  -5.3784596e-16  2.0514672e-16  -2.5272550e-17  1.6221704e-16  4.9288839e-16  4.6209910e-16  -2.1296363e-16  -6.2365644e-16  2.4929055e-16  4.1722786e-16  -9.7703692e-17  1.4429802e-16  1.0000000   -2.9539861e-16  3.2169623e-17  -9.5307757e-16  -5.6193450e-17  4.4027575e-16  4.1267268e-16  1.5155386e-16  1.5625228e-16  4.5046033e-17  -3.0033061e-16  8.3988993e-17  -1.8806296e-16  -9.4843201e-16  4.3566995e-16  
-7.0907376e-16  7.7738041e-16  -7.5828623e-16  4.5882613e-16  -7.2920546e-16  -5.0555075e-16  7.1142100e-16  -8.4571163e-17  -2.4946020e-16  1.2559650e-16  -1.9151101e-16  2.5498576e-16  -9.2875932e-17  2.1768289e-16  -2.0182873e-16  6.2703209e-16  -2.9539861e-16  1.0000000   -2.6747803e-16  3.6096901e-16  -1.3381942e-16  -2.6656254e-16  -3.3569637e-16  -7.4291846e-16  -4.4590956e-16  -4.4689775e-16  4.1618432e-16  -5.1446857e-16  -3.6744574e-17  -3.2865101e-16  -4.2850414e-17  -7.0907376e-16  7.7738041e-16  -7.5828623e-16  4.5882613e-16  -7.2920546e-16  -5.0555075e-16  7.1142100e-16  -8.4571163e-17  -2.4946020e-16  1.2559650e-16  -1.9151101e-16  2.5498576e-16  -9.2875932e-17  2.1768289e-16  -2.0182873e-16  6.2703209e-16  -2.9539861e-16  1.0000000   -2.6747803e-16  3.6096901e-16  -1.3381942e-16  -2.6656254e-16  -3.3569637e-16  -7.4291846e-16  -4.4590956e-16  -4.4689775e-16  4.1618432e-16  -5.1446857e-16  -3.6744574e-17  -3.2865101e-16  -4.2850414e-17  
5.0636292e-16  8.8207530e-17  8.3507933e-17  2.7059258e-17  -4.4401082e-16  -1.0895910e-16  -3.6586419e-16  -1.2545536e-16  -4.1104989e-16  -6.6686639e-18  3.1262880e-16  -1.4911545e-16  3.0173431e-16  -3.7907762e-16  4.1083070e-17  3.2941551e-16  3.2169623e-17  -2.6747803e-16  1.0000000   -1.3660097e-16  -2.1327344e-16  -3.3186888e-16  7.5915599e-17  -2.4480480e-16  -2.7747857e-16  -2.6492007e-16  1.4670877e-16  3.1866771e-16  -3.8422995e-16  -5.6312815e-17  -9.2118645e-17  5.0636292e-16  8.8207530e-17  8.3507933e-17  2.7059258e-17  -4.4401082e-16  -1.0895910e-16  -3.6586419e-16  -1.2545536e-16  -4.1104989e-16  -6.6686639e-18  3.1262880e-16  -1.4911545e-16  3.0173431e-16  -3.7907762e-16  4.1083070e-17  3.2941551e-16  3.2169623e-17  -2.6747803e-16  1.0000000   -1.3660097e-16  -2.1327344e-16  -3.3186888e-16  7.5915599e-17  -2.4480480e-16  -2.7747857e-16  -2.6492007e-16  1.4670877e-16  3.1866771e-16  -3.8422995e-16  -5.6312815e-17  -9.2118645e-17  
-1.0728044e-16  1.0502267e-16  1.1701362e-16  2.8144354e-17  -3.9029854e-16  -1.0259854e-15  1.7913415e-17  -1.5801395e-17  -2.1683573e-16  2.0296500e-16  3.1228290e-16  1.1757059e-16  -3.9783209e-16  -2.9072592e-16  4.8382600e-16  4.6788532e-16  -9.5307757e-16  3.6096901e-16  -1.3660097e-16  1.0000000   -2.5406093e-16  -3.7915263e-17  -3.4589462e-16  -5.7147545e-16  -3.5636620e-16  -5.5053184e-16  -1.3777337e-16  -3.5344470e-16  1.7006542e-16  -6.9688087e-17  3.3201181e-16  -1.0728044e-16  1.0502267e-16  1.1701362e-16  2.8144354e-17  -3.9029854e-16  -1.0259854e-15  1.7913415e-17  -1.5801395e-17  -2.1683573e-16  2.0296500e-16  3.1228290e-16  1.1757059e-16  -3.9783209e-16  -2.9072592e-16  4.8382600e-16  4.6788532e-16  -9.5307757e-16  3.6096901e-16  -1.3660097e-16  1.0000000   -2.5406093e-16  -3.7915263e-17  -3.4589462e-16  -5.7147545e-16  -3.5636620e-16  -5.5053184e-16  -1.3777337e-16  -3.5344470e-16  1.7006542e-16  -6.9688087e-17  3.3201181e-16  
1.0275060e-15  -2.5551940e-16  -7.1124132e-16  3.9018175e-16  5.0861039e-16  -5.3739842e-17  4.0946069e-16  1.6882089e-16  5.4766328e-16  -4.5945547e-16  2.2256883e-17  -9.2868723e-16  -3.4774026e-16  9.4568400e-18  -1.0239319e-15  -4.9641799e-16  -5.6193450e-17  -1.3381942e-16  -2.1327344e-16  -2.5406093e-16  1.0000000   3.0722700e-16  3.8320707e-16  1.5910236e-16  3.8862073e-16  1.8581924e-16  5.4245165e-16  8.5512692e-16  1.2847605e-16  -9.3889396e-16  4.9324312e-17  1.0275060e-15  -2.5551940e-16  -7.1124132e-16  3.9018175e-16  5.0861039e-16  -5.3739842e-17  4.0946069e-16  1.6882089e-16  5.4766328e-16  -4.5945547e-16  2.2256883e-17  -9.2868723e-16  -3.4774026e-16  9.4568400e-18  -1.0239319e-15  -4.9641799e-16  -5.6193450e-17  -1.3381942e-16  -2.1327344e-16  -2.5406093e-16  1.0000000   3.0722700e-16  3.8320707e-16  1.5910236e-16  3.8862073e-16  1.8581924e-16  5.4245165e-16  8.5512692e-16  1.2847605e-16  -9.3889396e-16  4.9324312e-17  
2.1446012e-16  -2.4768765e-18  3.7621463e-16  4.8827961e-16  -3.0178405e-16  -2.9517849e-16  2.5608183e-16  3.7334816e-17  -3.6796586e-16  -4.5629383e-16  6.2775107e-17  -2.9944261e-17  4.7397990e-16  4.9580983e-16  -5.1827184e-16  4.4545101e-16  4.4027575e-16  -2.6656254e-16  -3.3186888e-16  -3.7915263e-17  3.0722700e-16  1.0000000   -2.1246976e-16  3.8140751e-16  5.2196342e-16  -2.1220626e-16  -2.3642268e-16  4.6940941e-17  -1.6187164e-16  -1.9581426e-16  -1.1727239e-16  2.1446012e-16  -2.4768765e-18  3.7621463e-16  4.8827961e-16  -3.0178405e-16  -2.9517849e-16  2.5608183e-16  3.7334816e-17  -3.6796586e-16  -4.5629383e-16  6.2775107e-17  -2.9944261e-17  4.7397990e-16  4.9580983e-16  -5.1827184e-16  4.4545101e-16  4.4027575e-16  -2.6656254e-16  -3.3186888e-16  -3.7915263e-17  3.0722700e-16  1.0000000   -2.1246976e-16  3.8140751e-16  5.2196342e-16  -2.1220626e-16  -2.3642268e-16  4.6940941e-17  -1.6187164e-16  -1.9581426e-16  -1.1727239e-16  
1.2130772e-15  -4.1166826e-16  1.6012428e-15  5.2327670e-16  1.0045637e-15  -3.0714703e-16  -3.9394009e-16  -2.4486685e-16  4.8775376e-16  3.3994251e-16  7.4228088e-17  -5.4024581e-16  5.2624078e-16  2.7654239e-17  -3.2423898e-16  -4.3001632e-16  4.1267268e-16  -3.3569637e-16  7.5915599e-17  -3.4589462e-16  3.8320707e-16  -2.1246976e-16  1.0000000   3.3953287e-16  -3.0664774e-16  4.3882643e-16  9.3559040e-16  1.3718598e-16  3.0707813e-16  1.8171682e-16  7.4231572e-17  1.2130772e-15  -4.1166826e-16  1.6012428e-15  5.2327670e-16  1.0045637e-15  -3.0714703e-16  -3.9394009e-16  -2.4486685e-16  4.8775376e-16  3.3994251e-16  7.4228088e-17  -5.4024581e-16  5.2624078e-16  2.7654239e-17  -3.2423898e-16  -4.3001632e-16  4.1267268e-16  -3.3569637e-16  7.5915599e-17  -3.4589462e-16  3.8320707e-16  -2.1246976e-16  1.0000000   3.3953287e-16  -3.0664774e-16  4.3882643e-16  9.3559040e-16  1.3718598e-16  3.0707813e-16  1.8171682e-16  7.4231572e-17  
7.7445604e-16  -3.6633057e-17  -1.0828707e-16  5.3618022e-16  1.2104503e-17  -1.2643559e-16  7.0041985e-17  5.3342018e-16  2.8317051e-16  1.1519782e-16  2.4421253e-16  -3.6880841e-16  -2.2123400e-16  5.7899387e-16  -5.6525834e-16  -4.6275264e-16  1.5155386e-16  -7.4291846e-16  -2.4480480e-16  -5.7147545e-16  1.5910236e-16  3.8140751e-16  3.3953287e-16  1.0000000   4.7768521e-17  4.3070061e-16  5.6343536e-16  -8.3804823e-17  9.9670615e-17  -6.0729277e-16  -2.1226678e-16  7.7445604e-16  -3.6633057e-17  -1.0828707e-16  5.3618022e-16  1.2104503e-17  -1.2643559e-16  7.0041985e-17  5.3342018e-16  2.8317051e-16  1.1519782e-16  2.4421253e-16  -3.6880841e-16  -2.2123400e-16  5.7899387e-16  -5.6525834e-16  -4.6275264e-16  1.5155386e-16  -7.4291846e-16  -2.4480480e-16  -5.7147545e-16  1.5910236e-16  3.8140751e-16  3.3953287e-16  1.0000000   4.7768521e-17  4.3070061e-16  5.6343536e-16  -8.3804823e-17  9.9670615e-17  -6.0729277e-16  -2.1226678e-16  
7.1878865e-16  -6.5143322e-17  1.3451137e-16  6.8797756e-17  1.6444427e-16  8.7510742e-17  6.8430735e-16  -1.0422228e-16  3.2765180e-16  1.7522393e-16  -1.2951319e-17  -4.1467934e-17  -2.0544065e-16  3.1490467e-16  -4.4488744e-16  5.6970975e-16  1.5625228e-16  -4.4590956e-16  -2.7747857e-16  -3.5636620e-16  3.8862073e-16  5.2196342e-16  -3.0664774e-16  4.7768521e-17  1.0000000   3.3659346e-17  -3.7736350e-16  7.5986246e-16  -5.6874358e-17  1.3982063e-16  1.0440224e-16  7.1878865e-16  -6.5143322e-17  1.3451137e-16  6.8797756e-17  1.6444427e-16  8.7510742e-17  6.8430735e-16  -1.0422228e-16  3.2765180e-16  1.7522393e-16  -1.2951319e-17  -4.1467934e-17  -2.0544065e-16  3.1490467e-16  -4.4488744e-16  5.6970975e-16  1.5625228e-16  -4.4590956e-16  -2.7747857e-16  -3.5636620e-16  3.8862073e-16  5.2196342e-16  -3.0664774e-16  4.7768521e-17  1.0000000   3.3659346e-17  -3.7736350e-16  7.5986246e-16  -5.6874358e-17  1.3982063e-16  1.0440224e-16  
4.5220013e-16  -4.0160307e-17  2.6074897e-17  3.3168036e-16  2.1193824e-16  -2.9885956e-17  -9.7096671e-17  4.4100004e-16  9.7649686e-16  1.0451207e-16  -3.5286518e-16  -1.9542575e-16  5.3178002e-18  7.2662127e-16  -4.9489310e-16  6.6345426e-16  4.5046033e-17  -4.4689775e-16  -2.6492007e-16  -5.5053184e-16  1.8581924e-16  -2.1220626e-16  4.3882643e-16  4.3070061e-16  3.3659346e-17  1.0000000   3.1203292e-16  -2.0867332e-17  9.7041049e-16  -4.7645077e-16  4.3618292e-16  4.5220013e-16  -4.0160307e-17  2.6074897e-17  3.3168036e-16  2.1193824e-16  -2.9885956e-17  -9.7096671e-17  4.4100004e-16  9.7649686e-16  1.0451207e-16  -3.5286518e-16  -1.9542575e-16  5.3178002e-18  7.2662127e-16  -4.9489310e-16  6.6345426e-16  4.5046033e-17  -4.4689775e-16  -2.6492007e-16  -5.5053184e-16  1.8581924e-16  -2.1220626e-16  4.3882643e-16  4.3070061e-16  3.3659346e-17  1.0000000   3.1203292e-16  -2.0867332e-17  9.7041049e-16  -4.7645077e-16  4.3618292e-16  
1.4055021e-15  -4.9749790e-16  3.4999310e-16  -4.7421239e-17  -3.1045578e-16  1.0401128e-15  -6.8888444e-16  1.6288166e-16  3.9965847e-17  1.0869487e-15  6.0011194e-16  2.5102837e-17  -6.9563230e-16  -4.8583836e-16  -4.0605327e-16  7.4897373e-17  -3.0033061e-16  4.1618432e-16  1.4670877e-16  -1.3777337e-16  5.4245165e-16  -2.3642268e-16  9.3559040e-16  5.6343536e-16  -3.7736350e-16  3.1203292e-16  1.0000000   1.0008333e-15  5.8390923e-16  -8.3245036e-16  1.3783381e-16  1.4055021e-15  -4.9749790e-16  3.4999310e-16  -4.7421239e-17  -3.1045578e-16  1.0401128e-15  -6.8888444e-16  1.6288166e-16  3.9965847e-17  1.0869487e-15  6.0011194e-16  2.5102837e-17  -6.9563230e-16  -4.8583836e-16  -4.0605327e-16  7.4897373e-17  -3.0033061e-16  4.1618432e-16  1.4670877e-16  -1.3777337e-16  5.4245165e-16  -2.3642268e-16  9.3559040e-16  5.6343536e-16  -3.7736350e-16  3.1203292e-16  1.0000000   1.0008333e-15  5.8390923e-16  -8.3245036e-16  1.3783381e-16  
3.1840493e-16  1.6490904e-17  3.0464857e-16  -1.2717352e-16  1.3356861e-16  3.6849290e-16  1.4765146e-16  -5.1526461e-16  -3.2521151e-16  4.3495097e-16  6.4577788e-16  -1.1171326e-16  2.8137172e-16  -7.1613909e-17  -1.0438615e-15  -2.1150246e-16  8.3988993e-17  -5.1446857e-16  3.1866771e-16  -3.5344470e-16  8.5512692e-16  4.6940941e-17  1.3718598e-16  -8.3804823e-17  7.5986246e-16  -2.0867332e-17  1.0008333e-15  1.0000000   -3.2338795e-16  4.2291697e-16  -6.7132828e-16  3.1840493e-16  1.6490904e-17  3.0464857e-16  -1.2717352e-16  1.3356861e-16  3.6849290e-16  1.4765146e-16  -5.1526461e-16  -3.2521151e-16  4.3495097e-16  6.4577788e-16  -1.1171326e-16  2.8137172e-16  -7.1613909e-17  -1.0438615e-15  -2.1150246e-16  8.3988993e-17  -5.1446857e-16  3.1866771e-16  -3.5344470e-16  8.5512692e-16  4.6940941e-17  1.3718598e-16  -8.3804823e-17  7.5986246e-16  -2.0867332e-17  1.0008333e-15  1.0000000   -3.2338795e-16  4.2291697e-16  -6.7132828e-16  
7.8805235e-16  2.4854065e-16  3.6779243e-16  8.8002928e-16  5.5592468e-16  4.4779590e-16  -5.3855342e-16  -1.1066745e-16  -7.7250067e-19  2.9806576e-16  2.1788593e-16  -6.2548085e-16  1.2491050e-16  2.1649165e-16  -9.7664738e-17  -3.7770187e-16  -1.8806296e-16  -3.6744574e-17  -3.8422995e-16  1.7006542e-16  1.2847605e-16  -1.6187164e-16  3.0707813e-16  9.9670615e-17  -5.6874358e-17  9.7041049e-16  5.8390923e-16  -3.2338795e-16  1.0000000   -3.9781634e-16  3.5111057e-16  7.8805235e-16  2.4854065e-16  3.6779243e-16  8.8002928e-16  5.5592468e-16  4.4779590e-16  -5.3855342e-16  -1.1066745e-16  -7.7250067e-19  2.9806576e-16  2.1788593e-16  -6.2548085e-16  1.2491050e-16  2.1649165e-16  -9.7664738e-17  -3.7770187e-16  -1.8806296e-16  -3.6744574e-17  -3.8422995e-16  1.7006542e-16  1.2847605e-16  -1.6187164e-16  3.0707813e-16  9.9670615e-17  -5.6874358e-17  9.7041049e-16  5.8390923e-16  -3.2338795e-16  1.0000000   -3.9781634e-16  3.5111057e-16  
-2.6830451e-16  -4.9063199e-17  -1.2089480e-15  3.6268383e-16  -4.4008998e-16  -6.1707414e-17  -4.2204543e-16  3.0099256e-16  -3.8519065e-16  -1.4009733e-17  -8.8718191e-17  -6.6519420e-17  -1.5607168e-16  -3.4439390e-16  6.2471196e-16  3.9168379e-16  -9.4843201e-16  -3.2865101e-16  -5.6312815e-17  -6.9688087e-17  -9.3889396e-16  -1.9581426e-16  1.8171682e-16  -6.0729277e-16  1.3982063e-16  -4.7645077e-16  -8.3245036e-16  4.2291697e-16  -3.9781634e-16  1.0000000   3.1797905e-16  -2.6830451e-16  -4.9063199e-17  -1.2089480e-15  3.6268383e-16  -4.4008998e-16  -6.1707414e-17  -4.2204543e-16  3.0099256e-16  -3.8519065e-16  -1.4009733e-17  -8.8718191e-17  -6.6519420e-17  -1.5607168e-16  -3.4439390e-16  6.2471196e-16  3.9168379e-16  -9.4843201e-16  -3.2865101e-16  -5.6312815e-17  -6.9688087e-17  -9.3889396e-16  -1.9581426e-16  1.8171682e-16  -6.0729277e-16  1.3982063e-16  -4.7645077e-16  -8.3245036e-16  4.2291697e-16  -3.9781634e-16  1.0000000   3.1797905e-16  
-4.4986201e-16  -7.0377468e-17  3.9954826e-16  1.9774587e-17  1.8934707e-16  -2.2284075e-16  -3.5394474e-16  -3.3348585e-16  -1.6550530e-16  -2.9298825e-16  2.2553300e-16  3.9121964e-16  -2.4528768e-16  3.0340467e-16  1.6817065e-16  8.8524330e-17  4.3566995e-16  -4.2850414e-17  -9.2118645e-17  3.3201181e-16  4.9324312e-17  -1.1727239e-16  7.4231572e-17  -2.1226678e-16  1.0440224e-16  4.3618292e-16  1.3783381e-16  -6.7132828e-16  3.5111057e-16  3.1797905e-16  1.0000000   -4.4986201e-16  -7.0377468e-17  3.9954826e-16  1.9774587e-17  1.8934707e-16  -2.2284075e-16  -3.5394474e-16  -3.3348585e-16  -1.6550530e-16  -2.9298825e-16  2.2553300e-16  3.9121964e-16  -2.4528768e-16  3.0340467e-16  1.6817065e-16  8.8524330e-17  4.3566995e-16  -4.2850414e-17  -9.2118645e-17  3.3201181e-16  4.9324312e-17  -1.1727239e-16  7.4231572e-17  -2.1226678e-16  1.0440224e-16  4.3618292e-16  1.3783381e-16  -6.7132828e-16  3.5111057e-16  3.1797905e-16  1.0000000   
1.0000000   -4.9926728e-16  8.1310145e-16  9.1054266e-16  -3.3344654e-16  2.5396241e-16  -5.3148962e-16  4.4786873e-16  5.6366190e-16  3.6358406e-16  -6.5791982e-16  1.5063694e-16  -2.3466331e-16  5.1391408e-16  -1.3402780e-15  -2.4770673e-16  1.0564612e-15  -7.0907376e-16  5.0636292e-16  -1.0728044e-16  1.0275060e-15  2.1446012e-16  1.2130772e-15  7.7445604e-16  7.1878865e-16  4.5220013e-16  1.4055021e-15  3.1840493e-16  7.8805235e-16  -2.6830451e-16  -4.4986201e-16  1.0000000   -4.9926728e-16  8.1310145e-16  9.1054266e-16  -3.3344654e-16  2.5396241e-16  -5.3148962e-16  4.4786873e-16  5.6366190e-16  3.6358406e-16  -6.5791982e-16  1.5063694e-16  -2.3466331e-16  5.1391408e-16  -1.3402780e-15  -2.4770673e-16  1.0564612e-15  -7.0907376e-16  5.0636292e-16  -1.0728044e-16  1.0275060e-15  2.1446012e-16  1.2130772e-15  7.7445604e-16  7.1878865e-16  4.5220013e-16  1.4055021e-15  3.1840493e-16  7.8805235e-16  -2.6830451e-16  -4.4986201e-16  
-4.9926728e-16  1.0000000   3.3983193e-16  9.6591803e-16  2.2147207e-16  -2.5100278e-16  9.1591501e-16  7.6284313e-16  3.5915975e-16  -1.1523841e-16  -1.5023454e-16  -1.3145687e-17  1.6112044e-16  -5.7227154e-16  3.7427980e-16  -2.0950214e-16  4.8344775e-16  7.7738041e-16  8.8207530e-17  1.0502267e-16  -2.5551940e-16  -2.4768765e-18  -4.1166826e-16  -3.6633057e-17  -6.5143322e-17  -4.0160307e-17  -4.9749790e-16  1.6490904e-17  2.4854065e-16  -4.9063199e-17  -7.0377468e-17  -4.9926728e-16  1.0000000   3.3983193e-16  9.6591803e-16  2.2147207e-16  -2.5100278e-16  9.1591501e-16  7.6284313e-16  3.5915975e-16  -1.1523841e-16  -1.5023454e-16  -1.3145687e-17  1.6112044e-16  -5.7227154e-16  3.7427980e-16  -2.0950214e-16  4.8344775e-16  7.7738041e-16  8.8207530e-17  1.0502267e-16  -2.5551940e-16  -2.4768765e-18  -4.1166826e-16  -3.6633057e-17  -6.5143322e-17  -4.0160307e-17  -4.9749790e-16  1.6490904e-17  2.4854065e-16  -4.9063199e-17  -7.0377468e-17  
8.1310145e-16  3.3983193e-16  1.0000000   7.2642414e-16  3.3110411e-16  2.0064078e-17  1.7384691e-16  8.0546939e-17  1.0741883e-16  1.3894699e-16  -3.2293322e-16  -7.7664080e-17  2.1129660e-16  1.1776424e-15  -4.5726295e-16  -9.9385618e-18  3.4745536e-16  -7.5828623e-16  8.3507933e-17  1.1701362e-16  -7.1124132e-16  3.7621463e-16  1.6012428e-15  -1.0828707e-16  1.3451137e-16  2.6074897e-17  3.4999310e-16  3.0464857e-16  3.6779243e-16  -1.2089480e-15  3.9954826e-16  8.1310145e-16  3.3983193e-16  1.0000000   7.2642414e-16  3.3110411e-16  2.0064078e-17  1.7384691e-16  8.0546939e-17  1.0741883e-16  1.3894699e-16  -3.2293322e-16  -7.7664080e-17  2.1129660e-16  1.1776424e-15  -4.5726295e-16  -9.9385618e-18  3.4745536e-16  -7.5828623e-16  8.3507933e-17  1.1701362e-16  -7.1124132e-16  3.7621463e-16  1.6012428e-15  -1.0828707e-16  1.3451137e-16  2.6074897e-17  3.4999310e-16  3.0464857e-16  3.6779243e-16  -1.2089480e-15  3.9954826e-16  
9.1054266e-16  9.6591803e-16  7.2642414e-16  1.0000000   2.8916830e-16  -4.5334835e-17  -1.3978326e-16  3.4849071e-16  -9.5616882e-17  4.1742327e-16  -3.3825472e-16  -6.8456647e-16  1.3351455e-16  7.5996368e-16  -9.5435013e-17  1.5882326e-16  6.3343109e-16  4.5882613e-16  2.7059258e-17  2.8144354e-17  3.9018175e-16  4.8827961e-16  5.2327670e-16  5.3618022e-16  6.8797756e-17  3.3168036e-16  -4.7421239e-17  -1.2717352e-16  8.8002928e-16  3.6268383e-16  1.9774587e-17  9.1054266e-16  9.6591803e-16  7.2642414e-16  1.0000000   2.8916830e-16  -4.5334835e-17  -1.3978326e-16  3.4849071e-16  -9.5616882e-17  4.1742327e-16  -3.3825472e-16  -6.8456647e-16  1.3351455e-16  7.5996368e-16  -9.5435013e-17  1.5882326e-16  6.3343109e-16  4.5882613e-16  2.7059258e-17  2.8144354e-17  3.9018175e-16  4.8827961e-16  5.2327670e-16  5.3618022e-16  6.8797756e-17  3.3168036e-16  -4.7421239e-17  -1.2717352e-16  8.8002928e-16  3.6268383e-16  1.9774587e-17  
-3.3344654e-16  2.2147207e-16  3.3110411e-16  2.8916830e-16  1.0000000   -3.5820094e-16  -7.8126306e-17  3.4091295e-17  -2.5424303e-16  -6.1939397e-17  -1.9816081e-16  3.6983001e-16  -7.9946645e-16  -1.9359813e-16  -1.7848506e-18  1.1381956e-16  -5.3784596e-16  -7.2920546e-16  -4.4401082e-16  -3.9029854e-16  5.0861039e-16  -3.0178405e-16  1.0045637e-15  1.2104503e-17  1.6444427e-16  2.1193824e-16  -3.1045578e-16  1.3356861e-16  5.5592468e-16  -4.4008998e-16  1.8934707e-16  -3.3344654e-16  2.2147207e-16  3.3110411e-16  2.8916830e-16  1.0000000   -3.5820094e-16  -7.8126306e-17  3.4091295e-17  -2.5424303e-16  -6.1939397e-17  -1.9816081e-16  3.6983001e-16  -7.9946645e-16  -1.9359813e-16  -1.7848506e-18  1.1381956e-16  -5.3784596e-16  -7.2920546e-16  -4.4401082e-16  -3.9029854e-16  5.0861039e-16  -3.0178405e-16  1.0045637e-15  1.2104503e-17  1.6444427e-16  2.1193824e-16  -3.1045578e-16  1.3356861e-16  5.5592468e-16  -4.4008998e-16  1.8934707e-16  
2.5396241e-16  -2.5100278e-16  2.0064078e-17  -4.5334835e-17  -3.5820094e-16  1.0000000   -5.7802846e-16  -5.0403519e-16  8.6396867e-17  -4.5654643e-16  1.5900147e-16  3.2054998e-16  -1.6660470e-16  1.4656318e-16  -5.1096838e-16  -1.1068228e-16  2.0514672e-16  -5.0555075e-16  -1.0895910e-16  -1.0259854e-15  -5.3739842e-17  -2.9517849e-16  -3.0714703e-16  -1.2643559e-16  8.7510742e-17  -2.9885956e-17  1.0401128e-15  3.6849290e-16  4.4779590e-16  -6.1707414e-17  -2.2284075e-16  2.5396241e-16  -2.5100278e-16  2.0064078e-17  -4.5334835e-17  -3.5820094e-16  1.0000000   -5.7802846e-16  -5.0403519e-16  8.6396867e-17  -4.5654643e-16  1.5900147e-16  3.2054998e-16  -1.6660470e-16  1.4656318e-16  -5.1096838e-16  -1.1068228e-16  2.0514672e-16  -5.0555075e-16  -1.0895910e-16  -1.0259854e-15  -5.3739842e-17  -2.9517849e-16  -3.0714703e-16  -1.2643559e-16  8.7510742e-17  -2.9885956e-17  1.0401128e-15  3.6849290e-16  4.4779590e-16  -6.1707414e-17  -2.2284075e-16  
-5.3148962e-16  9.1591501e-16  1.7384691e-16  -1.3978326e-16  -7.8126306e-17  -5.7802846e-16  1.0000000   -7.4994949e-17  6.5880590e-16  -4.2330968e-16  -1.6086633e-16  4.6561861e-16  2.4836385e-16  1.7696528e-16  -2.9094550e-16  -2.5406140e-16  -2.5272550e-17  7.1142100e-16  -3.6586419e-16  1.7913415e-17  4.0946069e-16  2.5608183e-16  -3.9394009e-16  7.0041985e-17  6.8430735e-16  -9.7096671e-17  -6.8888444e-16  1.4765146e-16  -5.3855342e-16  -4.2204543e-16  -3.5394474e-16  -5.3148962e-16  9.1591501e-16  1.7384691e-16  -1.3978326e-16  -7.8126306e-17  -5.7802846e-16  1.0000000   -7.4994949e-17  6.5880590e-16  -4.2330968e-16  -1.6086633e-16  4.6561861e-16  2.4836385e-16  1.7696528e-16  -2.9094550e-16  -2.5406140e-16  -2.5272550e-17  7.1142100e-16  -3.6586419e-16  1.7913415e-17  4.0946069e-16  2.5608183e-16  -3.9394009e-16  7.0041985e-17  6.8430735e-16  -9.7096671e-17  -6.8888444e-16  1.4765146e-16  -5.3855342e-16  -4.2204543e-16  -3.5394474e-16  
4.4786873e-16  7.6284313e-16  8.0546939e-17  3.4849071e-16  3.4091295e-17  -5.0403519e-16  -7.4994949e-17  1.0000000   -1.1986621e-16  -1.6629735e-16  2.6812446e-16  5.0811674e-17  -1.9546078e-16  3.2455978e-16  -1.7345339e-16  -3.5667868e-16  1.6221704e-16  -8.4571163e-17  -1.2545536e-16  -1.5801395e-17  1.6882089e-16  3.7334816e-17  -2.4486685e-16  5.3342018e-16  -1.0422228e-16  4.4100004e-16  1.6288166e-16  -5.1526461e-16  -1.1066745e-16  3.0099256e-16  -3.3348585e-16  4.4786873e-16  7.6284313e-16  8.0546939e-17  3.4849071e-16  3.4091295e-17  -5.0403519e-16  -7.4994949e-17  1.0000000   -1.1986621e-16  -1.6629735e-16  2.6812446e-16  5.0811674e-17  -1.9546078e-16  3.2455978e-16  -1.7345339e-16  -3.5667868e-16  1.6221704e-16  -8.4571163e-17  -1.2545536e-16  -1.5801395e-17  1.6882089e-16  3.7334816e-17  -2.4486685e-16  5.3342018e-16  -1.0422228e-16  4.4100004e-16  1.6288166e-16  -5.1526461e-16  -1.1066745e-16  3.0099256e-16  -3.3348585e-16  
5.6366190e-16  3.5915975e-16  1.0741883e-16  -9.5616882e-17  -2.5424303e-16  8.6396867e-17  6.5880590e-16  -1.1986621e-16  1.0000000   7.3857325e-16  4.9717731e-16  -5.8865183e-18  -2.5962440e-17  5.3430316e-16  -4.8440468e-16  5.1427441e-16  4.9288839e-16  -2.4946020e-16  -4.1104989e-16  -2.1683573e-16  5.4766328e-16  -3.6796586e-16  4.8775376e-16  2.8317051e-16  3.2765180e-16  9.7649686e-16  3.9965847e-17  -3.2521151e-16  -7.7250067e-19  -3.8519065e-16  -1.6550530e-16  5.6366190e-16  3.5915975e-16  1.0741883e-16  -9.5616882e-17  -2.5424303e-16  8.6396867e-17  6.5880590e-16  -1.1986621e-16  1.0000000   7.3857325e-16  4.9717731e-16  -5.8865183e-18  -2.5962440e-17  5.3430316e-16  -4.8440468e-16  5.1427441e-16  4.9288839e-16  -2.4946020e-16  -4.1104989e-16  -2.1683573e-16  5.4766328e-16  -3.6796586e-16  4.8775376e-16  2.8317051e-16  3.2765180e-16  9.7649686e-16  3.9965847e-17  -3.2521151e-16  -7.7250067e-19  -3.8519065e-16  -1.6550530e-16  
3.6358406e-16  -1.1523841e-16  1.3894699e-16  4.1742327e-16  -6.1939397e-17  -4.5654643e-16  -4.2330968e-16  -1.6629735e-16  7.3857325e-16  1.0000000   4.1626528e-16  7.6711596e-16  -1.2043755e-16  -3.7763874e-16  -9.5935402e-16  -1.3929477e-16  4.6209910e-16  1.2559650e-16  -6.6686639e-18  2.0296500e-16  -4.5945547e-16  -4.5629383e-16  3.3994251e-16  1.1519782e-16  1.7522393e-16  1.0451207e-16  1.0869487e-15  4.3495097e-16  2.9806576e-16  -1.4009733e-17  -2.9298825e-16  3.6358406e-16  -1.1523841e-16  1.3894699e-16  4.1742327e-16  -6.1939397e-17  -4.5654643e-16  -4.2330968e-16  -1.6629735e-16  7.3857325e-16  1.0000000   4.1626528e-16  7.6711596e-16  -1.2043755e-16  -3.7763874e-16  -9.5935402e-16  -1.3929477e-16  4.6209910e-16  1.2559650e-16  -6.6686639e-18  2.0296500e-16  -4.5945547e-16  -4.5629383e-16  3.3994251e-16  1.1519782e-16  1.7522393e-16  1.0451207e-16  1.0869487e-15  4.3495097e-16  2.9806576e-16  -1.4009733e-17  -2.9298825e-16  
