1.0000000   -4.8721520e-16  -3.3643772e-16  -4.5548590e-16  -5.5005992e-16  3.4309146e-16  3.6926070e-17  -7.5594036e-16  -6.0964916e-16  5.6028764e-16  3.3223756e-16  -3.4568815e-16  3.5873357e-17  -3.6571141e-16  4.3692611e-16  2.2024127e-16  7.1104220e-17  3.8060918e-16  1.6147764e-16  -4.9377567e-17  -4.4191346e-16  5.8764643e-17  -8.7501322e-17  4.1918461e-16  -8.7551939e-18  -1.3810765e-16  1.4726767e-16  -4.6899647e-16  -3.8825784e-16  -4.6307987e-16  8.2341632e-16  1.0000000   -4.8721520e-16  -3.3643772e-16  -4.5548590e-16  -5.5005992e-16  3.4309146e-16  3.6926070e-17  -7.5594036e-16  -6.0964916e-16  5.6028764e-16  3.3223756e-16  -3.4568815e-16  3.5873357e-17  -3.6571141e-16  4.3692611e-16  2.2024127e-16  7.1104220e-17  3.8060918e-16  1.6147764e-16  -4.9377567e-17  -4.4191346e-16  5.8764643e-17  -8.7501322e-17  4.1918461e-16  -8.7551939e-18  -1.3810765e-16  1.4726767e-16  -4.6899647e-16  -3.8825784e-16  -4.6307987e-16  8.2341632e-16  
-4.8721520e-16  1.0000000   2.1936254e-16  2.9685266e-16  2.7000902e-16  1.0236058e-16  2.8991970e-16  -9.8824052e-16  -2.9002557e-16  -3.8871999e-16  -2.7120950e-16  1.3518498e-16  -6.0567457e-16  3.2969390e-16  8.3985528e-16  -1.1475361e-16  6.6393856e-16  4.7736974e-18  -2.9826244e-16  -5.8347167e-16  3.6392984e-16  3.5674016e-16  -1.3233446e-17  1.5738215e-16  2.7489767e-16  -2.2170677e-16  -6.6137955e-16  -4.8514842e-16  -6.6881878e-16  2.9828209e-17  -2.0670194e-16  -4.8721520e-16  1.0000000   2.1936254e-16  2.9685266e-16  2.7000902e-16  1.0236058e-16  2.8991970e-16  -9.8824052e-16  -2.9002557e-16  -3.8871999e-16  -2.7120950e-16  1.3518498e-16  -6.0567457e-16  3.2969390e-16  8.3985528e-16  -1.1475361e-16  6.6393856e-16  4.7736974e-18  -2.9826244e-16  -5.8347167e-16  3.6392984e-16  3.5674016e-16  -1.3233446e-17  1.5738215e-16  2.7489767e-16  -2.2170677e-16  -6.6137955e-16  -4.8514842e-16  -6.6881878e-16  2.9828209e-17  -2.0670194e-16  
-3.3643772e-16  2.1936254e-16  1.0000000   -1.4328391e-15  -2.0341512e-16  -6.8075567e-16  5.1768938e-16  -5.2418290e-16  -2.0767291e-16  8.1993899e-16  -2.1004476e-16  4.7631301e-16  2.2710427e-16  -3.6037541e-17  -2.6710020e-17  -5.9811222e-16  -3.9247043e-16  -6.7715978e-16  -5.8133905e-16  -8.8833995e-17  1.3970219e-16  -1.1519957e-16  1.7353902e-16  3.6247435e-16  -4.4407476e-17  -6.2457870e-17  3.0849196e-16  -4.3814561e-16  7.9492617e-16  4.8255073e-16  -1.1129222e-16  -3.3643772e-16  2.1936254e-16  1.0000000   -1.4328391e-15  -2.0341512e-16  -6.8075567e-16  5.1768938e-16  -5.2418290e-16  -2.0767291e-16  8.1993899e-16  -2.1004476e-16  4.7631301e-16  2.2710427e-16  -3.6037541e-17  -2.6710020e-17  -5.9811222e-16  -3.9247043e-16  -6.7715978e-16  -5.8133905e-16  -8.8833995e-17  1.3970219e-16  -1.1519957e-16  1.7353902e-16  3.6247435e-16  -4.4407476e-17  -6.2457870e-17  3.0849196e-16  -4.3814561e-16  7.9492617e-16  4.8255073e-16  -1.1129222e-16  
-4.5548590e-16  2.9685266e-16  -1.4328391e-15  1.0000000   5.4688871e-16  3.9417582e-16  6.8601302e-18  1.4148540e-16  -5.4517103e-16  3.0799533e-16  5.8086428e-16  -1.1768267e-16  1.4980132e-16  4.4434445e-16  -5.3707173e-16  2.9408516e-16  4.1958165e-16  -3.5260447e-16  1.1864156e-16  -5.0150353e-16  -9.9494839e-18  -9.2162172e-17  -5.8178031e-16  4.8044597e-16  5.2935916e-16  -2.5995236e-18  6.2382206e-17  3.4099908e-16  -3.3076540e-16  1.1808372e-16  -7.9790327e-16  -4.5548590e-16  2.9685266e-16  -1.4328391e-15  1.0000000   5.4688871e-16  3.9417582e-16  6.8601302e-18  1.4148540e-16  -5.4517103e-16  3.0799533e-16  5.8086428e-16  -1.1768267e-16  1.4980132e-16  4.4434445e-16  -5.3707173e-16  2.9408516e-16  4.1958165e-16  -3.5260447e-16  1.1864156e-16  -5.0150353e-16  -9.9494839e-18  -9.2162172e-17  -5.8178031e-16  4.8044597e-16  5.2935916e-16  -2.5995236e-18  6.2382206e-17  3.4099908e-16  -3.3076540e-16  1.1808372e-16  -7.9790327e-16  
-5.5005992e-16  2.7000902e-16  -2.0341512e-16  5.4688871e-16  1.0000000   1.1952444e-16  -1.7399120e-16  5.4640754e-16  -5.8474919e-16  6.3700811e-16  -5.0915919e-16  7.3662543e-16  -8.9934408e-17  4.6836297e-16  4.4641562e-16  5.8789722e-16  -5.0132927e-16  5.2044189e-17  2.8151178e-16  4.7659899e-16  -1.9247455e-16  -2.6044552e-16  -4.7353079e-16  3.5873968e-16  -2.5679618e-16  -1.3040220e-16  -6.5079483e-16  7.2795844e-16  -4.1452859e-17  4.8287777e-16  -1.6731075e-17  -5.5005992e-16  2.7000902e-16  -2.0341512e-16  5.4688871e-16  1.0000000   1.1952444e-16  -1.7399120e-16  5.4640754e-16  -5.8474919e-16  6.3700811e-16  -5.0915919e-16  7.3662543e-16  -8.9934408e-17  4.6836297e-16  4.4641562e-16  5.8789722e-16  -5.0132927e-16  5.2044189e-17  2.8151178e-16  4.7659899e-16  -1.9247455e-16  -2.6044552e-16  -4.7353079e-16  3.5873968e-16  -2.5679618e-16  -1.3040220e-16  -6.5079483e-16  7.2795844e-16  -4.1452859e-17  4.8287777e-16  -1.6731075e-17  
3.4309146e-16  1.0236058e-16  -6.8075567e-16  3.9417582e-16  1.1952444e-16  1.0000000   -5.7467616e-16  -1.2437424e-16  -1.2190925e-16  -2.7847367e-16  -5.0715328e-16  5.3647193e-16  8.0519806e-16  -3.7214453e-16  -7.3665441e-16  -8.3434673e-16  4.1642054e-16  3.3432134e-16  5.4037247e-17  -2.6128205e-16  -7.6991664e-17  4.3861041e-16  -1.8390871e-16  4.8286500e-16  3.5312622e-16  -1.7839211e-16  -4.6445811e-16  -5.3920930e-16  4.9404365e-17  2.8560453e-16  3.4796995e-16  3.4309146e-16  1.0236058e-16  -6.8075567e-16  3.9417582e-16  1.1952444e-16  1.0000000   -5.7467616e-16  -1.2437424e-16  -1.2190925e-16  -2.7847367e-16  -5.0715328e-16  5.3647193e-16  8.0519806e-16  -3.7214453e-16  -7.3665441e-16  -8.3434673e-16  4.1642054e-16  3.3432134e-16  5.4037247e-17  -2.6128205e-16  -7.6991664e-17  4.3861041e-16  -1.8390871e-16  4.8286500e-16  3.5312622e-16  -1.7839211e-16  -4.6445811e-16  -5.3920930e-16  4.9404365e-17  2.8560453e-16  3.4796995e-16  
3.6926070e-17  2.8991970e-16  5.1768938e-16  6.8601302e-18  -1.7399120e-16  -5.7467616e-16  1.0000000   5.7214898e-16  4.2132489e-16  2.1066622e-16  -4.5984201e-16  9.8672402e-16  4.1942715e-16  2.4523964e-16  -1.2616550e-16  -3.6678527e-16  2.5898637e-16  3.8406083e-16  4.1658291e-16  -3.7473054e-16  -3.9095218e-16  3.4724792e-16  -5.4498856e-16  3.1745803e-16  9.1270364e-17  -6.8401252e-16  3.4739901e-16  -1.7211886e-16  3.7117507e-17  1.6472179e-16  5.7285338e-17  3.6926070e-17  2.8991970e-16  5.1768938e-16  6.8601302e-18  -1.7399120e-16  -5.7467616e-16  1.0000000   5.7214898e-16  4.2132489e-16  2.1066622e-16  -4.5984201e-16  9.8672402e-16  4.1942715e-16  2.4523964e-16  -1.2616550e-16  -3.6678527e-16  2.5898637e-16  3.8406083e-16  4.1658291e-16  -3.7473054e-16  -3.9095218e-16  3.4724792e-16  -5.4498856e-16  3.1745803e-16  9.1270364e-17  -6.8401252e-16  3.4739901e-16  -1.7211886e-16  3.7117507e-17  1.6472179e-16  5.7285338e-17  
-7.5594036e-16  -9.8824052e-16  -5.2418290e-16  1.4148540e-16  5.4640754e-16  -1.2437424e-16  5.7214898e-16  1.0000000   -1.8665957e-16  1.0407476e-16  5.8424098e-19  1.4129179e-15  -2.5374061e-16  -2.1286169e-16  1.8697981e-16  -6.7697970e-17  -2.2950233e-16  6.4146564e-17  8.0383832e-17  7.0383251e-16  3.1043595e-16  6.2069055e-16  -5.7702757e-16  3.7275205e-16  1.4551108e-16  -4.9697473e-16  -4.2282151e-17  -4.3002863e-17  -1.6230386e-16  1.5575991e-16  5.1923510e-17  -7.5594036e-16  -9.8824052e-16  -5.2418290e-16  1.4148540e-16  5.4640754e-16  -1.2437424e-16  5.7214898e-16  1.0000000   -1.8665957e-16  1.0407476e-16  5.8424098e-19  1.4129179e-15  -2.5374061e-16  -2.1286169e-16  1.8697981e-16  -6.7697970e-17  -2.2950233e-16  6.4146564e-17  8.0383832e-17  7.0383251e-16  3.1043595e-16  6.2069055e-16  -5.7702757e-16  3.7275205e-16  1.4551108e-16  -4.9697473e-16  -4.2282151e-17  -4.3002863e-17  -1.6230386e-16  1.5575991e-16  5.1923510e-17  
-6.0964916e-16  -2.9002557e-16  -2.0767291e-16  -5.4517103e-16  -5.8474919e-16  -1.2190925e-16  4.2132489e-16  -1.8665957e-16  1.0000000   5.0799352e-16  9.3504473e-17  -2.3369192e-17  -2.0257207e-16  -5.7148533e-16  -2.0126404e-16  6.9374555e-16  1.6389486e-16  9.1443434e-17  3.3845652e-17  2.5744405e-16  -2.9117444e-16  2.8652898e-16  -3.1112621e-16  8.1311222e-17  -3.0979170e-17  1.3225260e-16  2.7255128e-16  1.7643557e-17  2.8683927e-16  -7.6938989e-17  -6.7780054e-16  -6.0964916e-16  -2.9002557e-16  -2.0767291e-16  -5.4517103e-16  -5.8474919e-16  -1.2190925e-16  4.2132489e-16  -1.8665957e-16  1.0000000   5.0799352e-16  9.3504473e-17  -2.3369192e-17  -2.0257207e-16  -5.7148533e-16  -2.0126404e-16  6.9374555e-16  1.6389486e-16  9.1443434e-17  3.3845652e-17  2.5744405e-16  -2.9117444e-16  2.8652898e-16  -3.1112621e-16  8.1311222e-17  -3.0979170e-17  1.3225260e-16  2.7255128e-16  1.7643557e-17  2.8683927e-16  -7.6938989e-17  -6.7780054e-16  
5.6028764e-16  -3.8871999e-16  8.1993899e-16  3.0799533e-16  6.3700811e-16  -2.7847367e-16  2.1066622e-16  1.0407476e-16  5.0799352e-16  1.0000000   -1.4516847e-16  6.0337565e-16  -1.8396395e-16  -6.0155503e-17  5.0627258e-16  -3.0462891e-16  3.6114774e-17  8.2957600e-17  -3.1202223e-16  3.0043573e-16  6.3215926e-16  -4.9519033e-16  7.1881167e-16  -3.5570003e-16  3.2358442e-17  2.3404107e-16  1.4528035e-16  -2.4007151e-16  -2.4598296e-16  2.4629275e-16  8.9273084e-17  5.6028764e-16  -3.8871999e-16  8.1993899e-16  3.0799533e-16  6.3700811e-16  -2.7847367e-16  2.1066622e-16  1.0407476e-16  5.0799352e-16  1.0000000   -1.4516847e-16  6.0337565e-16  -1.8396395e-16  -6.0155503e-17  5.0627258e-16  -3.0462891e-16  3.6114774e-17  8.2957600e-17  -3.1202223e-16  3.0043573e-16  6.3215926e-16  -4.9519033e-16  7.1881167e-16  -3.5570003e-16  3.2358442e-17  2.3404107e-16  1.4528035e-16  -2.4007151e-16  -2.4598296e-16  2.4629275e-16  8.9273084e-17  
3.3223756e-16  -2.7120950e-16  -2.1004476e-16  5.8086428e-16  -5.0915919e-16  -5.0715328e-16  -4.5984201e-16  5.8424098e-19  9.3504473e-17  -1.4516847e-16  1.0000000   4.7821200e-16  -8.0090903e-17  -2.6751704e-16  -4.0004773e-16  -4.0968932e-17  -4.7617746e-16  -5.5534521e-16  -1.8945949e-16  -6.1029809e-17  2.6956084e-16  -5.5698256e-17  7.3315447e-16  -3.4305986e-16  -5.8657218e-16  -4.8902554e-18  -2.6088562e-16  9.5681861e-17  -1.2507516e-16  -2.5531894e-16  2.1009652e-16  3.3223756e-16  -2.7120950e-16  -2.1004476e-16  5.8086428e-16  -5.0915919e-16  -5.0715328e-16  -4.5984201e-16  5.8424098e-19  9.3504473e-17  -1.4516847e-16  1.0000000   4.7821200e-16  -8.0090903e-17  -2.6751704e-16  -4.0004773e-16  -4.0968932e-17  -4.7617746e-16  -5.5534521e-16  -1.8945949e-16  -6.1029809e-17  2.6956084e-16  -5.5698256e-17  7.3315447e-16  -3.4305986e-16  -5.8657218e-16  -4.8902554e-18  -2.6088562e-16  9.5681861e-17  -1.2507516e-16  -2.5531894e-16  2.1009652e-16  
-3.4568815e-16  1.3518498e-16  4.7631301e-16  -1.1768267e-16  7.3662543e-16  5.3647193e-16  9.8672402e-16  1.4129179e-15  -2.3369192e-17  6.0337565e-16  4.7821200e-16  1.0000000   6.1585188e-17  3.7309839e-16  2.7181302e-16  1.0503296e-15  6.6406609e-16  5.2162488e-16  -7.1315509e-17  -3.3854397e-16  2.8971089e-16  -1.0895848e-16  3.3252780e-17  8.3567796e-16  2.9115531e-16  2.3103029e-16  -7.1631093e-16  3.0580402e-16  -5.4019813e-16  7.1367360e-16  -1.1837771e-15  -3.4568815e-16  1.3518498e-16  4.7631301e-16  -1.1768267e-16  7.3662543e-16  5.3647193e-16  9.8672402e-16  1.4129179e-15  -2.3369192e-17  6.0337565e-16  4.7821200e-16  1.0000000   6.1585188e-17  3.7309839e-16  2.7181302e-16  1.0503296e-15  6.6406609e-16  5.2162488e-16  -7.1315509e-17  -3.3854397e-16  2.8971089e-16  -1.0895848e-16  3.3252780e-17  8.3567796e-16  2.9115531e-16  2.3103029e-16  -7.1631093e-16  3.0580402e-16  -5.4019813e-16  7.1367360e-16  -1.1837771e-15  
3.5873357e-17  -6.0567457e-16  2.2710427e-16  1.4980132e-16  -8.9934408e-17  8.0519806e-16  4.1942715e-16  -2.5374061e-16  -2.0257207e-16  -1.8396395e-16  -8.0090903e-17  6.1585188e-17  1.0000000   4.3069169e-16  2.6738980e-16  5.1944154e-16  -4.2508861e-16  -1.2227267e-15  2.6683942e-16  6.6857155e-17  -1.0215060e-16  -2.4030167e-16  3.6940691e-16  1.5120350e-16  -4.5848603e-16  2.0355418e-16  3.7057733e-16  -3.7833996e-16  -6.7387400e-16  3.4299652e-16  -9.4497384e-16  3.5873357e-17  -6.0567457e-16  2.2710427e-16  1.4980132e-16  -8.9934408e-17  8.0519806e-16  4.1942715e-16  -2.5374061e-16  -2.0257207e-16  -1.8396395e-16  -8.0090903e-17  6.1585188e-17  1.0000000   4.3069169e-16  2.6738980e-16  5.1944154e-16  -4.2508861e-16  -1.2227267e-15  2.6683942e-16  6.6857155e-17  -1.0215060e-16  -2.4030167e-16  3.6940691e-16  1.5120350e-16  -4.5848603e-16  2.0355418e-16  3.7057733e-16  -3.7833996e-16  -6.7387400e-16  3.4299652e-16  -9.4497384e-16  
-3.6571141e-16  3.2969390e-16  -3.6037541e-17  4.4434445e-16  4.6836297e-16  -3.7214453e-16  2.4523964e-16  -2.1286169e-16  -5.7148533e-16  -6.0155503e-17  -2.6751704e-16  3.7309839e-16  4.3069169e-16  1.0000000   -5.4635410e-16  8.3800234e-16  -1.9985265e-16  8.5604034e-16  -1.4837920e-16  -4.5275615e-16  -2.7255022e-16  7.0436474e-17  -4.0321368e-16  -7.1240632e-18  1.7975049e-16  -5.4052471e-17  -6.6131758e-17  3.9020062e-16  -7.2205621e-18  3.7591424e-16  -2.8537787e-17  -3.6571141e-16  3.2969390e-16  -3.6037541e-17  4.4434445e-16  4.6836297e-16  -3.7214453e-16  2.4523964e-16  -2.1286169e-16  -5.7148533e-16  -6.0155503e-17  -2.6751704e-16  3.7309839e-16  4.3069169e-16  1.0000000   -5.4635410e-16  8.3800234e-16  -1.9985265e-16  8.5604034e-16  -1.4837920e-16  -4.5275615e-16  -2.7255022e-16  7.0436474e-17  -4.0321368e-16  -7.1240632e-18  1.7975049e-16  -5.4052471e-17  -6.6131758e-17  3.9020062e-16  -7.2205621e-18  3.7591424e-16  -2.8537787e-17  
4.3692611e-16  8.3985528e-16  -2.6710020e-17  -5.3707173e-16  4.4641562e-16  -7.3665441e-16  -1.2616550e-16  1.8697981e-16  -2.0126404e-16  5.0627258e-16  -4.0004773e-16  2.7181302e-16  2.6738980e-16  -5.4635410e-16  1.0000000   -2.9319732e-16  1.5566923e-16  6.5631589e-17  6.7560194e-16  -1.2171907e-16  2.6898914e-16  -1.9527998e-16  3.5612583e-16  -4.2363969e-16  -2.3299579e-16  -1.0877088e-17  4.1278891e-16  3.4030850e-16  3.2529402e-16  -1.3513406e-17  4.0793355e-16  4.3692611e-16  8.3985528e-16  -2.6710020e-17  -5.3707173e-16  4.4641562e-16  -7.3665441e-16  -1.2616550e-16  1.8697981e-16  -2.0126404e-16  5.0627258e-16  -4.0004773e-16  2.7181302e-16  2.6738980e-16  -5.4635410e-16  1.0000000   -2.9319732e-16  1.5566923e-16  6.5631589e-17  6.7560194e-16  -1.2171907e-16  2.6898914e-16  -1.9527998e-16  3.5612583e-16  -4.2363969e-16  -2.3299579e-16  -1.0877088e-17  4.1278891e-16  3.4030850e-16  3.2529402e-16  -1.3513406e-17  4.0793355e-16  
2.2024127e-16  -1.1475361e-16  -5.9811222e-16  2.9408516e-16  5.8789722e-16  -8.3434673e-16  -3.6678527e-16  -6.7697970e-17  6.9374555e-16  -3.0462891e-16  -4.0968932e-17  1.0503296e-15  5.1944154e-16  8.3800234e-16  -2.9319732e-16  1.0000000   -2.9823769e-17  -2.1911797e-16  6.3221660e-16  -5.7157430e-16  -4.3212746e-16  -1.6054199e-16  6.5300232e-16  8.1127799e-16  1.7540500e-16  -1.0047731e-15  2.7294859e-16  -5.0853092e-16  1.0841413e-15  -1.4419860e-16  7.1714835e-16  2.2024127e-16  -1.1475361e-16  -5.9811222e-16  2.9408516e-16  5.8789722e-16  -8.3434673e-16  -3.6678527e-16  -6.7697970e-17  6.9374555e-16  -3.0462891e-16  -4.0968932e-17  1.0503296e-15  5.1944154e-16  8.3800234e-16  -2.9319732e-16  1.0000000   -2.9823769e-17  -2.1911797e-16  6.3221660e-16  -5.7157430e-16  -4.3212746e-16  -1.6054199e-16  6.5300232e-16  8.1127799e-16  1.7540500e-16  -1.0047731e-15  2.7294859e-16  -5.0853092e-16  1.0841413e-15  -1.4419860e-16  7.1714835e-16  
7.1104220e-17  6.6393856e-16  -3.9247043e-16  4.1958165e-16  -5.0132927e-16  4.1642054e-16  2.5898637e-16  -2.2950233e-16  1.6389486e-16  3.6114774e-17  -4.7617746e-16  6.6406609e-16  -4.2508861e-16  -1.9985265e-16  1.5566923e-16  -2.9823769e-17  1.0000000   -6.4287533e-17  4.8803556e-16  -6.4272913e-16  -2.6673813e-16  2.4776448e-16  -4.3521972e-17  -5.6196881e-17  -3.9129374e-16  -1.5395469e-16  3.2839328e-17  -3.9540109e-16  1.3206458e-16  -5.0419293e-18  1.5248631e-17  7.1104220e-17  6.6393856e-16  -3.9247043e-16  4.1958165e-16  -5.0132927e-16  4.1642054e-16  2.5898637e-16  -2.2950233e-16  1.6389486e-16  3.6114774e-17  -4.7617746e-16  6.6406609e-16  -4.2508861e-16  -1.9985265e-16  1.5566923e-16  -2.9823769e-17  1.0000000   -6.4287533e-17  4.8803556e-16  -6.4272913e-16  -2.6673813e-16  2.4776448e-16  -4.3521972e-17  -5.6196881e-17  -3.9129374e-16  -1.5395469e-16  3.2839328e-17  -3.9540109e-16  1.3206458e-16  -5.0419293e-18  1.5248631e-17  
3.8060918e-16  4.7736974e-18  -6.7715978e-16  -3.5260447e-16  5.2044189e-17  3.3432134e-16  3.8406083e-16  6.4146564e-17  9.1443434e-17  8.2957600e-17  -5.5534521e-16  5.2162488e-16  -1.2227267e-15  8.5604034e-16  6.5631589e-17  -2.1911797e-16  -6.4287533e-17  1.0000000   5.3695789e-17  -3.6673659e-16  -2.5441705e-16  1.7140835e-16  5.7739594e-17  -3.3258719e-17  1.0778407e-16  6.5509297e-16  2.0263547e-16  -2.1316773e-16  6.1802836e-16  -8.7316127e-17  -7.2463586e-17  3.8060918e-16  4.7736974e-18  -6.7715978e-16  -3.5260447e-16  5.2044189e-17  3.3432134e-16  3.8406083e-16  6.4146564e-17  9.1443434e-17  8.2957600e-17  -5.5534521e-16  5.2162488e-16  -1.2227267e-15  8.5604034e-16  6.5631589e-17  -2.1911797e-16  -6.4287533e-17  1.0000000   5.3695789e-17  -3.6673659e-16  -2.5441705e-16  1.7140835e-16  5.7739594e-17  -3.3258719e-17  1.0778407e-16  6.5509297e-16  2.0263547e-16  -2.1316773e-16  6.1802836e-16  -8.7316127e-17  -7.2463586e-17  
1.6147764e-16  -2.9826244e-16  -5.8133905e-16  1.1864156e-16  2.8151178e-16  5.4037247e-17  4.1658291e-16  8.0383832e-17  3.3845652e-17  -3.1202223e-16  -1.8945949e-16  -7.1315509e-17  2.6683942e-16  -1.4837920e-16  6.7560194e-16  6.3221660e-16  4.8803556e-16  5.3695789e-17  1.0000000   2.4307527e-16  -1.9297433e-16  -6.5525662e-16  2.4840987e-16  4.5180046e-16  3.0578657e-17  1.7569206e-16  5.8499894e-16  5.6972111e-16  7.5660345e-16  1.3771775e-16  1.7776259e-17  1.6147764e-16  -2.9826244e-16  -5.8133905e-16  1.1864156e-16  2.8151178e-16  5.4037247e-17  4.1658291e-16  8.0383832e-17  3.3845652e-17  -3.1202223e-16  -1.8945949e-16  -7.1315509e-17  2.6683942e-16  -1.4837920e-16  6.7560194e-16  6.3221660e-16  4.8803556e-16  5.3695789e-17  1.0000000   2.4307527e-16  -1.9297433e-16  -6.5525662e-16  2.4840987e-16  4.5180046e-16  3.0578657e-17  1.7569206e-16  5.8499894e-16  5.6972111e-16  7.5660345e-16  1.3771775e-16  1.7776259e-17  
-4.9377567e-17  -5.8347167e-16  -8.8833995e-17  -5.0150353e-16  4.7659899e-16  -2.6128205e-16  -3.7473054e-16  7.0383251e-16  2.5744405e-16  3.0043573e-16  -6.1029809e-17  -3.3854397e-16  6.6857155e-17  -4.5275615e-16  -1.2171907e-16  -5.7157430e-16  -6.4272913e-16  -3.6673659e-16  2.4307527e-16  1.0000000   -1.0143926e-16  7.9895384e-16  3.9078357e-16  -3.2297587e-16  1.2745994e-16  1.4729090e-16  1.5607946e-16  -4.1805524e-16  -1.0758116e-16  5.5058177e-17  6.7255666e-16  -4.9377567e-17  -5.8347167e-16  -8.8833995e-17  -5.0150353e-16  4.7659899e-16  -2.6128205e-16  -3.7473054e-16  7.0383251e-16  2.5744405e-16  3.0043573e-16  -6.1029809e-17  -3.3854397e-16  6.6857155e-17  -4.5275615e-16  -1.2171907e-16  -5.7157430e-16  -6.4272913e-16  -3.6673659e-16  2.4307527e-16  1.0000000   -1.0143926e-16  7.9895384e-16  3.9078357e-16  -3.2297587e-16  1.2745994e-16  1.4729090e-16  1.5607946e-16  -4.1805524e-16  -1.0758116e-16  5.5058177e-17  6.7255666e-16  
-4.4191346e-16  3.6392984e-16  1.3970219e-16  -9.9494839e-18  -1.9247455e-16  -7.6991664e-17  -3.9095218e-16  3.1043595e-16  -2.9117444e-16  6.3215926e-16  2.6956084e-16  2.8971089e-16  -1.0215060e-16  -2.7255022e-16  2.6898914e-16  -4.3212746e-16  -2.6673813e-16  -2.5441705e-16  -1.9297433e-16  -1.0143926e-16  1.0000000   -5.6333328e-16  -9.0885649e-16  1.3715619e-16  -4.1788283e-16  -5.6561363e-16  2.5512062e-16  -6.3829538e-16  3.6874896e-16  8.0832985e-16  -3.7269847e-16  -4.4191346e-16  3.6392984e-16  1.3970219e-16  -9.9494839e-18  -1.9247455e-16  -7.6991664e-17  -3.9095218e-16  3.1043595e-16  -2.9117444e-16  6.3215926e-16  2.6956084e-16  2.8971089e-16  -1.0215060e-16  -2.7255022e-16  2.6898914e-16  -4.3212746e-16  -2.6673813e-16  -2.5441705e-16  -1.9297433e-16  -1.0143926e-16  1.0000000   -5.6333328e-16  -9.0885649e-16  1.3715619e-16  -4.1788283e-16  -5.6561363e-16  2.5512062e-16  -6.3829538e-16  3.6874896e-16  8.0832985e-16  -3.7269847e-16  
5.8764643e-17  3.5674016e-16  -1.1519957e-16  -9.2162172e-17  -2.6044552e-16  4.3861041e-16  3.4724792e-16  6.2069055e-16  2.8652898e-16  -4.9519033e-16  -5.5698256e-17  -1.0895848e-16  -2.4030167e-16  7.0436474e-17  -1.9527998e-16  -1.6054199e-16  2.4776448e-16  1.7140835e-16  -6.5525662e-16  7.9895384e-16  -5.6333328e-16  1.0000000   -5.6827774e-16  -3.7143855e-16  -7.4735480e-17  -1.3476888e-16  2.4812760e-16  2.4794338e-16  -3.2287919e-16  -1.5683358e-16  7.6245638e-17  5.8764643e-17  3.5674016e-16  -1.1519957e-16  -9.2162172e-17  -2.6044552e-16  4.3861041e-16  3.4724792e-16  6.2069055e-16  2.8652898e-16  -4.9519033e-16  -5.5698256e-17  -1.0895848e-16  -2.4030167e-16  7.0436474e-17  -1.9527998e-16  -1.6054199e-16  2.4776448e-16  1.7140835e-16  -6.5525662e-16  7.9895384e-16  -5.6333328e-16  1.0000000   -5.6827774e-16  -3.7143855e-16  -7.4735480e-17  -1.3476888e-16  2.4812760e-16  2.4794338e-16  -3.2287919e-16  -1.5683358e-16  7.6245638e-17  
-8.7501322e-17  -1.3233446e-17  1.7353902e-16  -5.8178031e-16  -4.7353079e-16  -1.8390871e-16  -5.4498856e-16  -5.7702757e-16  -3.1112621e-16  7.1881167e-16  7.3315447e-16  3.3252780e-17  3.6940691e-16  -4.0321368e-16  3.5612583e-16  6.5300232e-16  -4.3521972e-17  5.7739594e-17  2.4840987e-16  3.9078357e-16  -9.0885649e-16  -5.6827774e-16  1.0000000   -2.2765295e-16  -2.1015215e-16  3.4929127e-17  -5.5887611e-17  -2.1832670e-16  8.1951338e-17  -3.5545728e-16  6.1917954e-16  -8.7501322e-17  -1.3233446e-17  1.7353902e-16  -5.8178031e-16  -4.7353079e-16  -1.8390871e-16  -5.4498856e-16  -5.7702757e-16  -3.1112621e-16  7.1881167e-16  7.3315447e-16  3.3252780e-17  3.6940691e-16  -4.0321368e-16  3.5612583e-16  6.5300232e-16  -4.3521972e-17  5.7739594e-17  2.4840987e-16  3.9078357e-16  -9.0885649e-16  -5.6827774e-16  1.0000000   -2.2765295e-16  -2.1015215e-16  3.4929127e-17  -5.5887611e-17  -2.1832670e-16  8.1951338e-17  -3.5545728e-16  6.1917954e-16  
4.1918461e-16  1.5738215e-16  3.6247435e-16  4.8044597e-16  3.5873968e-16  4.8286500e-16  3.1745803e-16  3.7275205e-16  8.1311222e-17  -3.5570003e-16  -3.4305986e-16  8.3567796e-16  1.5120350e-16  -7.1240632e-18  -4.2363969e-16  8.1127799e-16  -5.6196881e-17  -3.3258719e-17  4.5180046e-16  -3.2297587e-16  1.3715619e-16  -3.7143855e-16  -2.2765295e-16  1.0000000   -5.7217268e-16  -1.1464951e-16  -1.1876656e-16  1.3125687e-16  9.1009900e-16  1.1427475e-15  7.0202183e-17  4.1918461e-16  1.5738215e-16  3.6247435e-16  4.8044597e-16  3.5873968e-16  4.8286500e-16  3.1745803e-16  3.7275205e-16  8.1311222e-17  -3.5570003e-16  -3.4305986e-16  8.3567796e-16  1.5120350e-16  -7.1240632e-18  -4.2363969e-16  8.1127799e-16  -5.6196881e-17  -3.3258719e-17  4.5180046e-16  -3.2297587e-16  1.3715619e-16  -3.7143855e-16  -2.2765295e-16  1.0000000   -5.7217268e-16  -1.1464951e-16  -1.1876656e-16  1.3125687e-16  9.1009900e-16  1.1427475e-15  7.0202183e-17  
-8.7551939e-18  2.7489767e-16  -4.4407476e-17  5.2935916e-16  -2.5679618e-16  3.5312622e-16  9.1270364e-17  1.4551108e-16  -3.0979170e-17  3.2358442e-17  -5.8657218e-16  2.9115531e-16  -4.5848603e-16  1.7975049e-16  -2.3299579e-16  1.7540500e-16  -3.9129374e-16  1.0778407e-16  3.0578657e-17  1.2745994e-16  -4.1788283e-16  -7.4735480e-17  -2.1015215e-16  -5.7217268e-16  1.0000000   1.1052953e-18  3.9866593e-16  -1.0126584e-16  -4.4775055e-18  5.9278873e-16  -1.2780076e-17  -8.7551939e-18  2.7489767e-16  -4.4407476e-17  5.2935916e-16  -2.5679618e-16  3.5312622e-16  9.1270364e-17  1.4551108e-16  -3.0979170e-17  3.2358442e-17  -5.8657218e-16  2.9115531e-16  -4.5848603e-16  1.7975049e-16  -2.3299579e-16  1.7540500e-16  -3.9129374e-16  1.0778407e-16  3.0578657e-17  1.2745994e-16  -4.1788283e-16  -7.4735480e-17  -2.1015215e-16  -5.7217268e-16  1.0000000   1.1052953e-18  3.9866593e-16  -1.0126584e-16  -4.4775055e-18  5.9278873e-16  -1.2780076e-17  
-1.3810765e-16  -2.2170677e-16  -6.2457870e-17  -2.5995236e-18  -1.3040220e-16  -1.7839211e-16  -6.8401252e-16  -4.9697473e-16  1.3225260e-16  2.3404107e-16  -4.8902554e-18  2.3103029e-16  2.0355418e-16  -5.4052471e-17  -1.0877088e-17  -1.0047731e-15  -1.5395469e-16  6.5509297e-16  1.7569206e-16  1.4729090e-16  -5.6561363e-16  -1.3476888e-16  3.4929127e-17  -1.1464951e-16  1.1052953e-18  1.0000000   2.9812198e-17  -3.3613101e-16  1.1668625e-16  -3.5095012e-16  4.8183123e-16  -1.3810765e-16  -2.2170677e-16  -6.2457870e-17  -2.5995236e-18  -1.3040220e-16  -1.7839211e-16  -6.8401252e-16  -4.9697473e-16  1.3225260e-16  2.3404107e-16  -4.8902554e-18  2.3103029e-16  2.0355418e-16  -5.4052471e-17  -1.0877088e-17  -1.0047731e-15  -1.5395469e-16  6.5509297e-16  1.7569206e-16  1.4729090e-16  -5.6561363e-16  -1.3476888e-16  3.4929127e-17  -1.1464951e-16  1.1052953e-18  1.0000000   2.9812198e-17  -3.3613101e-16  1.1668625e-16  -3.5095012e-16  4.8183123e-16  
1.4726767e-16  -6.6137955e-16  3.0849196e-16  6.2382206e-17  -6.5079483e-16  -4.6445811e-16  3.4739901e-16  -4.2282151e-17  2.7255128e-16  1.4528035e-16  -2.6088562e-16  -7.1631093e-16  3.7057733e-16  -6.6131758e-17  4.1278891e-16  2.7294859e-16  3.2839328e-17  2.0263547e-16  5.8499894e-16  1.5607946e-16  2.5512062e-16  2.4812760e-16  -5.5887611e-17  -1.1876656e-16  3.9866593e-16  2.9812198e-17  1.0000000   6.2421875e-16  4.2550118e-17  1.8683433e-16  5.0801099e-18  1.4726767e-16  -6.6137955e-16  3.0849196e-16  6.2382206e-17  -6.5079483e-16  -4.6445811e-16  3.4739901e-16  -4.2282151e-17  2.7255128e-16  1.4528035e-16  -2.6088562e-16  -7.1631093e-16  3.7057733e-16  -6.6131758e-17  4.1278891e-16  2.7294859e-16  3.2839328e-17  2.0263547e-16  5.8499894e-16  1.5607946e-16  2.5512062e-16  2.4812760e-16  -5.5887611e-17  -1.1876656e-16  3.9866593e-16  2.9812198e-17  1.0000000   6.2421875e-16  4.2550118e-17  1.8683433e-16  5.0801099e-18  
-4.6899647e-16  -4.8514842e-16  -4.3814561e-16  3.4099908e-16  7.2795844e-16  -5.3920930e-16  -1.7211886e-16  -4.3002863e-17  1.7643557e-17  -2.4007151e-16  9.5681861e-17  3.0580402e-16  -3.7833996e-16  3.9020062e-16  3.4030850e-16  -5.0853092e-16  -3.9540109e-16  -2.1316773e-16  5.6972111e-16  -4.1805524e-16  -6.3829538e-16  2.4794338e-16  -2.1832670e-16  1.3125687e-16  -1.0126584e-16  -3.3613101e-16  6.2421875e-16  1.0000000   3.5420714e-16  -4.8544901e-17  5.9904794e-17  -4.6899647e-16  -4.8514842e-16  -4.3814561e-16  3.4099908e-16  7.2795844e-16  -5.3920930e-16  -1.7211886e-16  -4.3002863e-17  1.7643557e-17  -2.4007151e-16  9.5681861e-17  3.0580402e-16  -3.7833996e-16  3.9020062e-16  3.4030850e-16  -5.0853092e-16  -3.9540109e-16  -2.1316773e-16  5.6972111e-16  -4.1805524e-16  -6.3829538e-16  2.4794338e-16  -2.1832670e-16  1.3125687e-16  -1.0126584e-16  -3.3613101e-16  6.2421875e-16  1.0000000   3.5420714e-16  -4.8544901e-17  5.9904794e-17  
-3.8825784e-16  -6.6881878e-16  7.9492617e-16  -3.3076540e-16  -4.1452859e-17  4.9404365e-17  3.7117507e-17  -1.6230386e-16  2.8683927e-16  -2.4598296e-16  -1.2507516e-16  -5.4019813e-16  -6.7387400e-16  -7.2205621e-18  3.2529402e-16  1.0841413e-15  1.3206458e-16  6.1802836e-16  7.5660345e-16  -1.0758116e-16  3.6874896e-16  -3.2287919e-16  8.1951338e-17  9.1009900e-16  -4.4775055e-18  1.1668625e-16  4.2550118e-17  3.5420714e-16  1.0000000   4.4432252e-16  -1.3094018e-15  -3.8825784e-16  -6.6881878e-16  7.9492617e-16  -3.3076540e-16  -4.1452859e-17  4.9404365e-17  3.7117507e-17  -1.6230386e-16  2.8683927e-16  -2.4598296e-16  -1.2507516e-16  -5.4019813e-16  -6.7387400e-16  -7.2205621e-18  3.2529402e-16  1.0841413e-15  1.3206458e-16  6.1802836e-16  7.5660345e-16  -1.0758116e-16  3.6874896e-16  -3.2287919e-16  8.1951338e-17  9.1009900e-16  -4.4775055e-18  1.1668625e-16  4.2550118e-17  3.5420714e-16  1.0000000   4.4432252e-16  -1.3094018e-15  
-4.6307987e-16  2.9828209e-17  4.8255073e-16  1.1808372e-16  4.8287777e-16  2.8560453e-16  1.6472179e-16  1.5575991e-16  -7.6938989e-17  2.4629275e-16  -2.5531894e-16  7.1367360e-16  3.4299652e-16  3.7591424e-16  -1.3513406e-17  -1.4419860e-16  -5.0419293e-18  -8.7316127e-17  1.3771775e-16  5.5058177e-17  8.0832985e-16  -1.5683358e-16  -3.5545728e-16  1.1427475e-15  5.9278873e-16  -3.5095012e-16  1.8683433e-16  -4.8544901e-17  4.4432252e-16  1.0000000   -3.5548713e-16  -4.6307987e-16  2.9828209e-17  4.8255073e-16  1.1808372e-16  4.8287777e-16  2.8560453e-16  1.6472179e-16  1.5575991e-16  -7.6938989e-17  2.4629275e-16  -2.5531894e-16  7.1367360e-16  3.4299652e-16  3.7591424e-16  -1.3513406e-17  -1.4419860e-16  -5.0419293e-18  -8.7316127e-17  1.3771775e-16  5.5058177e-17  8.0832985e-16  -1.5683358e-16  -3.5545728e-16  1.1427475e-15  5.9278873e-16  -3.5095012e-16  1.8683433e-16  -4.8544901e-17  4.4432252e-16  1.0000000   -3.5548713e-16  
8.2341632e-16  -2.0670194e-16  -1.1129222e-16  -7.9790327e-16  -1.6731075e-17  3.4796995e-16  5.7285338e-17  5.1923510e-17  -6.7780054e-16  8.9273084e-17  2.1009652e-16  -1.1837771e-15  -9.4497384e-16  -2.8537787e-17  4.0793355e-16  7.1714835e-16  1.5248631e-17  -7.2463586e-17  1.7776259e-17  6.7255666e-16  -3.7269847e-16  7.6245638e-17  6.1917954e-16  7.0202183e-17  -1.2780076e-17  4.8183123e-16  5.0801099e-18  5.9904794e-17  -1.3094018e-15  -3.5548713e-16  1.0000000   8.2341632e-16  -2.0670194e-16  -1.1129222e-16  -7.9790327e-16  -1.6731075e-17  3.4796995e-16  5.7285338e-17  5.1923510e-17  -6.7780054e-16  8.9273084e-17  2.1009652e-16  -1.1837771e-15  -9.4497384e-16  -2.8537787e-17  4.0793355e-16  7.1714835e-16  1.5248631e-17  -7.2463586e-17  1.7776259e-17  6.7255666e-16  -3.7269847e-16  7.6245638e-17  6.1917954e-16  7.0202183e-17  -1.2780076e-17  4.8183123e-16  5.0801099e-18  5.9904794e-17  -1.3094018e-15  -3.5548713e-16  1.0000000   
1.0000000   -4.8721520e-16  -3.3643772e-16  -4.5548590e-16  -5.5005992e-16  3.4309146e-16  3.6926070e-17  -7.5594036e-16  -6.0964916e-16  5.6028764e-16  3.3223756e-16  -3.4568815e-16  3.5873357e-17  -3.6571141e-16  4.3692611e-16  2.2024127e-16  7.1104220e-17  3.8060918e-16  1.6147764e-16  -4.9377567e-17  -4.4191346e-16  5.8764643e-17  -8.7501322e-17  4.1918461e-16  -8.7551939e-18  -1.3810765e-16  1.4726767e-16  -4.6899647e-16  -3.8825784e-16  -4.6307987e-16  8.2341632e-16  1.0000000   -4.8721520e-16  -3.3643772e-16  -4.5548590e-16  -5.5005992e-16  3.4309146e-16  3.6926070e-17  -7.5594036e-16  -6.0964916e-16  5.6028764e-16  3.3223756e-16  -3.4568815e-16  3.5873357e-17  -3.6571141e-16  4.3692611e-16  2.2024127e-16  7.1104220e-17  3.8060918e-16  1.6147764e-16  -4.9377567e-17  -4.4191346e-16  5.8764643e-17  -8.7501322e-17  4.1918461e-16  -8.7551939e-18  -1.3810765e-16  1.4726767e-16  -4.6899647e-16  -3.8825784e-16  -4.6307987e-16  8.2341632e-16  
-4.8721520e-16  1.0000000   2.1936254e-16  2.9685266e-16  2.7000902e-16  1.0236058e-16  2.8991970e-16  -9.8824052e-16  -2.9002557e-16  -3.8871999e-16  -2.7120950e-16  1.3518498e-16  -6.0567457e-16  3.2969390e-16  8.3985528e-16  -1.1475361e-16  6.6393856e-16  4.7736974e-18  -2.9826244e-16  -5.8347167e-16  3.6392984e-16  3.5674016e-16  -1.3233446e-17  1.5738215e-16  2.7489767e-16  -2.2170677e-16  -6.6137955e-16  -4.8514842e-16  -6.6881878e-16  2.9828209e-17  -2.0670194e-16  -4.8721520e-16  1.0000000   2.1936254e-16  2.9685266e-16  2.7000902e-16  1.0236058e-16  2.8991970e-16  -9.8824052e-16  -2.9002557e-16  -3.8871999e-16  -2.7120950e-16  1.3518498e-16  -6.0567457e-16  3.2969390e-16  8.3985528e-16  -1.1475361e-16  6.6393856e-16  4.7736974e-18  -2.9826244e-16  -5.8347167e-16  3.6392984e-16  3.5674016e-16  -1.3233446e-17  1.5738215e-16  2.7489767e-16  -2.2170677e-16  -6.6137955e-16  -4.8514842e-16  -6.6881878e-16  2.9828209e-17  -2.0670194e-16  
-3.3643772e-16  2.1936254e-16  1.0000000   -1.4328391e-15  -2.0341512e-16  -6.8075567e-16  5.1768938e-16  -5.2418290e-16  -2.0767291e-16  8.1993899e-16  -2.1004476e-16  4.7631301e-16  2.2710427e-16  -3.6037541e-17  -2.6710020e-17  -5.9811222e-16  -3.9247043e-16  -6.7715978e-16  -5.8133905e-16  -8.8833995e-17  1.3970219e-16  -1.1519957e-16  1.7353902e-16  3.6247435e-16  -4.4407476e-17  -6.2457870e-17  3.0849196e-16  -4.3814561e-16  7.9492617e-16  4.8255073e-16  -1.1129222e-16  -3.3643772e-16  2.1936254e-16  1.0000000   -1.4328391e-15  -2.0341512e-16  -6.8075567e-16  5.1768938e-16  -5.2418290e-16  -2.0767291e-16  8.1993899e-16  -2.1004476e-16  4.7631301e-16  2.2710427e-16  -3.6037541e-17  -2.6710020e-17  -5.9811222e-16  -3.9247043e-16  -6.7715978e-16  -5.8133905e-16  -8.8833995e-17  1.3970219e-16  -1.1519957e-16  1.7353902e-16  3.6247435e-16  -4.4407476e-17  -6.2457870e-17  3.0849196e-16  -4.3814561e-16  7.9492617e-16  4.8255073e-16  -1.1129222e-16  
-4.5548590e-16  2.9685266e-16  -1.4328391e-15  1.0000000   5.4688871e-16  3.9417582e-16  6.8601302e-18  1.4148540e-16  -5.4517103e-16  3.0799533e-16  5.8086428e-16  -1.1768267e-16  1.4980132e-16  4.4434445e-16  -5.3707173e-16  2.9408516e-16  4.1958165e-16  -3.5260447e-16  1.1864156e-16  -5.0150353e-16  -9.9494839e-18  -9.2162172e-17  -5.8178031e-16  4.8044597e-16  5.2935916e-16  -2.5995236e-18  6.2382206e-17  3.4099908e-16  -3.3076540e-16  1.1808372e-16  -7.9790327e-16  -4.5548590e-16  2.9685266e-16  -1.4328391e-15  1.0000000   5.4688871e-16  3.9417582e-16  6.8601302e-18  1.4148540e-16  -5.4517103e-16  3.0799533e-16  5.8086428e-16  -1.1768267e-16  1.4980132e-16  4.4434445e-16  -5.3707173e-16  2.9408516e-16  4.1958165e-16  -3.5260447e-16  1.1864156e-16  -5.0150353e-16  -9.9494839e-18  -9.2162172e-17  -5.8178031e-16  4.8044597e-16  5.2935916e-16  -2.5995236e-18  6.2382206e-17  3.4099908e-16  -3.3076540e-16  1.1808372e-16  -7.9790327e-16  
-5.5005992e-16  2.7000902e-16  -2.0341512e-16  5.4688871e-16  1.0000000   1.1952444e-16  -1.7399120e-16  5.4640754e-16  -5.8474919e-16  6.3700811e-16  -5.0915919e-16  7.3662543e-16  -8.9934408e-17  4.6836297e-16  4.4641562e-16  5.8789722e-16  -5.0132927e-16  5.2044189e-17  2.8151178e-16  4.7659899e-16  -1.9247455e-16  -2.6044552e-16  -4.7353079e-16  3.5873968e-16  -2.5679618e-16  -1.3040220e-16  -6.5079483e-16  7.2795844e-16  -4.1452859e-17  4.8287777e-16  -1.6731075e-17  -5.5005992e-16  2.7000902e-16  -2.0341512e-16  5.4688871e-16  1.0000000   1.1952444e-16  -1.7399120e-16  5.4640754e-16  -5.8474919e-16  6.3700811e-16  -5.0915919e-16  7.3662543e-16  -8.9934408e-17  4.6836297e-16  4.4641562e-16  5.8789722e-16  -5.0132927e-16  5.2044189e-17  2.8151178e-16  4.7659899e-16  -1.9247455e-16  -2.6044552e-16  -4.7353079e-16  3.5873968e-16  -2.5679618e-16  -1.3040220e-16  -6.5079483e-16  7.2795844e-16  -4.1452859e-17  4.8287777e-16  -1.6731075e-17  
3.4309146e-16  1.0236058e-16  -6.8075567e-16  3.9417582e-16  1.1952444e-16  1.0000000   -5.7467616e-16  -1.2437424e-16  -1.2190925e-16  -2.7847367e-16  -5.0715328e-16  5.3647193e-16  8.0519806e-16  -3.7214453e-16  -7.3665441e-16  -8.3434673e-16  4.1642054e-16  3.3432134e-16  5.4037247e-17  -2.6128205e-16  -7.6991664e-17  4.3861041e-16  -1.8390871e-16  4.8286500e-16  3.5312622e-16  -1.7839211e-16  -4.6445811e-16  -5.3920930e-16  4.9404365e-17  2.8560453e-16  3.4796995e-16  3.4309146e-16  1.0236058e-16  -6.8075567e-16  3.9417582e-16  1.1952444e-16  1.0000000   -5.7467616e-16  -1.2437424e-16  -1.2190925e-16  -2.7847367e-16  -5.0715328e-16  5.3647193e-16  8.0519806e-16  -3.7214453e-16  -7.3665441e-16  -8.3434673e-16  4.1642054e-16  3.3432134e-16  5.4037247e-17  -2.6128205e-16  -7.6991664e-17  4.3861041e-16  -1.8390871e-16  4.8286500e-16  3.5312622e-16  -1.7839211e-16  -4.6445811e-16  -5.3920930e-16  4.9404365e-17  2.8560453e-16  3.4796995e-16  
3.6926070e-17  2.8991970e-16  5.1768938e-16  6.8601302e-18  -1.7399120e-16  -5.7467616e-16  1.0000000   5.7214898e-16  4.2132489e-16  2.1066622e-16  -4.5984201e-16  9.8672402e-16  4.1942715e-16  2.4523964e-16  -1.2616550e-16  -3.6678527e-16  2.5898637e-16  3.8406083e-16  4.1658291e-16  -3.7473054e-16  -3.9095218e-16  3.4724792e-16  -5.4498856e-16  3.1745803e-16  9.1270364e-17  -6.8401252e-16  3.4739901e-16  -1.7211886e-16  3.7117507e-17  1.6472179e-16  5.7285338e-17  3.6926070e-17  2.8991970e-16  5.1768938e-16  6.8601302e-18  -1.7399120e-16  -5.7467616e-16  1.0000000   5.7214898e-16  4.2132489e-16  2.1066622e-16  -4.5984201e-16  9.8672402e-16  4.1942715e-16  2.4523964e-16  -1.2616550e-16  -3.6678527e-16  2.5898637e-16  3.8406083e-16  4.1658291e-16  -3.7473054e-16  -3.9095218e-16  3.4724792e-16  -5.4498856e-16  3.1745803e-16  9.1270364e-17  -6.8401252e-16  3.4739901e-16  -1.7211886e-16  3.7117507e-17  1.6472179e-16  5.7285338e-17  
-7.5594036e-16  -9.8824052e-16  -5.2418290e-16  1.4148540e-16  5.4640754e-16  -1.2437424e-16  5.7214898e-16  1.0000000   -1.8665957e-16  1.0407476e-16  5.8424098e-19  1.4129179e-15  -2.5374061e-16  -2.1286169e-16  1.8697981e-16  -6.7697970e-17  -2.2950233e-16  6.4146564e-17  8.0383832e-17  7.0383251e-16  3.1043595e-16  6.2069055e-16  -5.7702757e-16  3.7275205e-16  1.4551108e-16  -4.9697473e-16  -4.2282151e-17  -4.3002863e-17  -1.6230386e-16  1.5575991e-16  5.1923510e-17  -7.5594036e-16  -9.8824052e-16  -5.2418290e-16  1.4148540e-16  5.4640754e-16  -1.2437424e-16  5.7214898e-16  1.0000000   -1.8665957e-16  1.0407476e-16  5.8424098e-19  1.4129179e-15  -2.5374061e-16  -2.1286169e-16  1.8697981e-16  -6.7697970e-17  -2.2950233e-16  6.4146564e-17  8.0383832e-17  7.0383251e-16  3.1043595e-16  6.2069055e-16  -5.7702757e-16  3.7275205e-16  1.4551108e-16  -4.9697473e-16  -4.2282151e-17  -4.3002863e-17  -1.6230386e-16  1.5575991e-16  5.1923510e-17  
-6.0964916e-16  -2.9002557e-16  -2.0767291e-16  -5.4517103e-16  -5.8474919e-16  -1.2190925e-16  4.2132489e-16  -1.8665957e-16  1.0000000   5.0799352e-16  9.3504473e-17  -2.3369192e-17  -2.0257207e-16  -5.7148533e-16  -2.0126404e-16  6.9374555e-16  1.6389486e-16  9.1443434e-17  3.3845652e-17  2.5744405e-16  -2.9117444e-16  2.8652898e-16  -3.1112621e-16  8.1311222e-17  -3.0979170e-17  1.3225260e-16  2.7255128e-16  1.7643557e-17  2.8683927e-16  -7.6938989e-17  -6.7780054e-16  -6.0964916e-16  -2.9002557e-16  -2.0767291e-16  -5.4517103e-16  -5.8474919e-16  -1.2190925e-16  4.2132489e-16  -1.8665957e-16  1.0000000   5.0799352e-16  9.3504473e-17  -2.3369192e-17  -2.0257207e-16  -5.7148533e-16  -2.0126404e-16  6.9374555e-16  1.6389486e-16  9.1443434e-17  3.3845652e-17  2.5744405e-16  -2.9117444e-16  2.8652898e-16  -3.1112621e-16  8.1311222e-17  -3.0979170e-17  1.3225260e-16  2.7255128e-16  1.7643557e-17  2.8683927e-16  -7.6938989e-17  -6.7780054e-16  
5.6028764e-16  -3.8871999e-16  8.1993899e-16  3.0799533e-16  6.3700811e-16  -2.7847367e-16  2.1066622e-16  1.0407476e-16  5.0799352e-16  1.0000000   -1.4516847e-16  6.0337565e-16  -1.8396395e-16  -6.0155503e-17  5.0627258e-16  -3.0462891e-16  3.6114774e-17  8.2957600e-17  -3.1202223e-16  3.0043573e-16  6.3215926e-16  -4.9519033e-16  7.1881167e-16  -3.5570003e-16  3.2358442e-17  2.3404107e-16  1.4528035e-16  -2.4007151e-16  -2.4598296e-16  2.4629275e-16  8.9273084e-17  5.6028764e-16  -3.8871999e-16  8.1993899e-16  3.0799533e-16  6.3700811e-16  -2.7847367e-16  2.1066622e-16  1.0407476e-16  5.0799352e-16  1.0000000   -1.4516847e-16  6.0337565e-16  -1.8396395e-16  -6.0155503e-17  5.0627258e-16  -3.0462891e-16  3.6114774e-17  8.2957600e-17  -3.1202223e-16  3.0043573e-16  6.3215926e-16  -4.9519033e-16  7.1881167e-16  -3.5570003e-16  3.2358442e-17  2.3404107e-16  1.4528035e-16  -2.4007151e-16  -2.4598296e-16  2.4629275e-16  8.9273084e-17  
