1.0000000   -3.0064568e-16  6.9021000e-16  5.3857799e-17  -5.0734114e-16  3.8190280e-16  -1.6825355e-16  -5.9749543e-16  -1.0149363e-16  2.0712830e-16  -6.1624842e-16  -2.5232021e-16  1.0453793e-16  -2.2007197e-16  -2.0142791e-18  -2.5193964e-16  4.6907852e-16  3.2819641e-16  -7.4390371e-18  -1.6371244e-16  5.1745742e-16  6.2740611e-16  1.1885729e-16  -5.2886682e-16  4.4218634e-16  -2.8256845e-16  2.6562433e-16  -7.4447771e-17  3.4613911e-16  -5.1966821e-16  1.3754344e-16  1.0000000   -3.0064568e-16  6.9021000e-16  5.3857799e-17  -5.0734114e-16  3.8190280e-16  -1.6825355e-16  -5.9749543e-16  -1.0149363e-16  2.0712830e-16  -6.1624842e-16  -2.5232021e-16  1.0453793e-16  -2.2007197e-16  -2.0142791e-18  -2.5193964e-16  4.6907852e-16  3.2819641e-16  -7.4390371e-18  -1.6371244e-16  5.1745742e-16  6.2740611e-16  1.1885729e-16  -5.2886682e-16  4.4218634e-16  -2.8256845e-16  2.6562433e-16  -7.4447771e-17  3.4613911e-16  -5.1966821e-16  1.3754344e-16  
-3.0064568e-16  1.0000000   1.5821040e-16  -1.0075455e-15  -2.2660920e-17  1.5189757e-16  -8.1686093e-16  -5.2165043e-16  -6.8635501e-17  -4.0195566e-17  1.0210128e-15  -8.5002088e-17  -4.9834817e-16  -8.8813104e-17  1.0308071e-15  2.3092604e-16  2.7895818e-16  2.6542923e-17  1.1809726e-16  2.5388785e-16  5.1316785e-16  3.8786125e-16  -1.3657725e-17  -5.4581852e-16  1.2622928e-16  -6.3580408e-16  8.8683010e-18  -4.5334838e-16  -4.6670561e-16  -3.7925460e-16  7.5116494e-16  -3.0064568e-16  1.0000000   1.5821040e-16  -1.0075455e-15  -2.2660920e-17  1.5189757e-16  -8.1686093e-16  -5.2165043e-16  -6.8635501e-17  -4.0195566e-17  1.0210128e-15  -8.5002088e-17  -4.9834817e-16  -8.8813104e-17  1.0308071e-15  2.3092604e-16  2.7895818e-16  2.6542923e-17  1.1809726e-16  2.5388785e-16  5.1316785e-16  3.8786125e-16  -1.3657725e-17  -5.4581852e-16  1.2622928e-16  -6.3580408e-16  8.8683010e-18  -4.5334838e-16  -4.6670561e-16  -3.7925460e-16  7.5116494e-16  
6.9021000e-16  1.5821040e-16  1.0000000   -4.3414844e-16  -1.3422891e-16  -4.5602590e-16  -4.8404434e-16  4.8186526e-16  3.5143319e-16  2.6134707e-16  7.6337478e-17  3.5991507e-16  -1.2490002e-16  -9.6609603e-17  -1.9648427e-16  -1.7466871e-16  -2.3339837e-16  -5.0663502e-16  -5.1751228e-16  7.0173237e-17  -1.0156531e-16  -2.1191176e-16  -6.2413437e-16  -2.9432990e-16  6.8627766e-16  -1.3826886e-17  -1.4764932e-16  -3.8817279e-16  3.6869734e-17  4.6457261e-16  -1.9749283e-16  6.9021000e-16  1.5821040e-16  1.0000000   -4.3414844e-16  -1.3422891e-16  -4.5602590e-16  -4.8404434e-16  4.8186526e-16  3.5143319e-16  2.6134707e-16  7.6337478e-17  3.5991507e-16  -1.2490002e-16  -9.6609603e-17  -1.9648427e-16  -1.7466871e-16  -2.3339837e-16  -5.0663502e-16  -5.1751228e-16  7.0173237e-17  -1.0156531e-16  -2.1191176e-16  -6.2413437e-16  -2.9432990e-16  6.8627766e-16  -1.3826886e-17  -1.4764932e-16  -3.8817279e-16  3.6869734e-17  4.6457261e-16  -1.9749283e-16  
5.3857799e-17  -1.0075455e-15  -4.3414844e-16  1.0000000   -3.5501890e-16  6.0726742e-16  -3.2849541e-16  7.4220475e-16  7.5453971e-16  -2.3743700e-16  1.3654011e-16  -1.6287692e-17  -2.1116649e-16  3.7930546e-17  -1.9284616e-16  5.5584671e-16  2.5472211e-16  -1.1753306e-16  9.5424409e-17  3.1991766e-16  -1.3796876e-19  -5.2797121e-16  -4.1566206e-16  6.5677199e-16  -2.5269528e-16  5.8894124e-17  9.2419592e-16  5.1872802e-16  7.8303645e-16  7.0532443e-17  -2.8013821e-16  5.3857799e-17  -1.0075455e-15  -4.3414844e-16  1.0000000   -3.5501890e-16  6.0726742e-16  -3.2849541e-16  7.4220475e-16  7.5453971e-16  -2.3743700e-16  1.3654011e-16  -1.6287692e-17  -2.1116649e-16  3.7930546e-17  -1.9284616e-16  5.5584671e-16  2.5472211e-16  -1.1753306e-16  9.5424409e-17  3.1991766e-16  -1.3796876e-19  -5.2797121e-16  -4.1566206e-16  6.5677199e-16  -2.5269528e-16  5.8894124e-17  9.2419592e-16  5.1872802e-16  7.8303645e-16  7.0532443e-17  -2.8013821e-16  
-5.0734114e-16  -2.2660920e-17  -1.3422891e-16  -3.5501890e-16  1.0000000   -1.4005857e-16  -3.8650326e-16  -1.8529900e-16  2.0590076e-16  -6.2625976e-16  -1.3437628e-16  -4.3262320e-16  -3.2082540e-16  2.4728345e-16  -1.3130794e-15  -2.1172355e-16  -4.1765075e-16  -1.0642632e-15  1.9604404e-16  4.3773891e-17  1.2406041e-16  2.1910561e-16  7.6348842e-16  1.6298616e-16  -4.2552398e-16  1.7784976e-16  -9.3370471e-16  -1.2092836e-15  6.2687601e-16  -9.4422767e-16  -4.0748559e-16  -5.0734114e-16  -2.2660920e-17  -1.3422891e-16  -3.5501890e-16  1.0000000   -1.4005857e-16  -3.8650326e-16  -1.8529900e-16  2.0590076e-16  -6.2625976e-16  -1.3437628e-16  -4.3262320e-16  -3.2082540e-16  2.4728345e-16  -1.3130794e-15  -2.1172355e-16  -4.1765075e-16  -1.0642632e-15  1.9604404e-16  4.3773891e-17  1.2406041e-16  2.1910561e-16  7.6348842e-16  1.6298616e-16  -4.2552398e-16  1.7784976e-16  -9.3370471e-16  -1.2092836e-15  6.2687601e-16  -9.4422767e-16  -4.0748559e-16  
3.8190280e-16  1.5189757e-16  -4.5602590e-16  6.0726742e-16  -1.4005857e-16  1.0000000   4.5729374e-16  -1.3147459e-15  2.9096841e-16  -2.0527671e-17  1.1468489e-15  3.6514098e-16  -2.8622249e-17  1.8668771e-16  2.5121033e-17  5.7853191e-17  1.1264919e-16  -3.5247837e-16  -4.5005300e-16  5.5795109e-16  -4.1344997e-16  -1.8222038e-16  -2.7069374e-16  -2.5779289e-16  -4.2933666e-16  -1.5776195e-17  3.4011880e-16  -2.6031995e-16  3.2965214e-16  3.0220611e-16  4.5041727e-16  3.8190280e-16  1.5189757e-16  -4.5602590e-16  6.0726742e-16  -1.4005857e-16  1.0000000   4.5729374e-16  -1.3147459e-15  2.9096841e-16  -2.0527671e-17  1.1468489e-15  3.6514098e-16  -2.8622249e-17  1.8668771e-16  2.5121033e-17  5.7853191e-17  1.1264919e-16  -3.5247837e-16  -4.5005300e-16  5.5795109e-16  -4.1344997e-16  -1.8222038e-16  -2.7069374e-16  -2.5779289e-16  -4.2933666e-16  -1.5776195e-17  3.4011880e-16  -2.6031995e-16  3.2965214e-16  3.0220611e-16  4.5041727e-16  
-1.6825355e-16  -8.1686093e-16  -4.8404434e-16  -3.2849541e-16  -3.8650326e-16  4.5729374e-16  1.0000000   -1.0337168e-15  -1.7793588e-17  1.1090420e-15  -4.0908749e-16  -7.1684836e-16  -2.8580490e-16  -3.7453513e-16  1.7107684e-16  6.7089609e-17  4.3096510e-16  -8.4852677e-17  -3.2689559e-16  -3.6008405e-16  6.6330696e-17  3.0472847e-16  -5.3509301e-17  -1.0201153e-15  9.4309596e-17  -7.2666379e-16  -1.7776492e-16  1.5371544e-15  -5.5268137e-16  7.6613899e-16  1.4918204e-16  -1.6825355e-16  -8.1686093e-16  -4.8404434e-16  -3.2849541e-16  -3.8650326e-16  4.5729374e-16  1.0000000   -1.0337168e-15  -1.7793588e-17  1.1090420e-15  -4.0908749e-16  -7.1684836e-16  -2.8580490e-16  -3.7453513e-16  1.7107684e-16  6.7089609e-17  4.3096510e-16  -8.4852677e-17  -3.2689559e-16  -3.6008405e-16  6.6330696e-17  3.0472847e-16  -5.3509301e-17  -1.0201153e-15  9.4309596e-17  -7.2666379e-16  -1.7776492e-16  1.5371544e-15  -5.5268137e-16  7.6613899e-16  1.4918204e-16  
-5.9749543e-16  -5.2165043e-16  4.8186526e-16  7.4220475e-16  -1.8529900e-16  -1.3147459e-15  -1.0337168e-15  1.0000000   2.8271295e-16  -5.7179578e-16  2.6586796e-17  3.9018561e-16  4.2754466e-16  5.4783337e-16  2.0495389e-16  -7.6470138e-16  -5.4412540e-16  5.7961309e-16  8.4874957e-16  -2.8560228e-16  3.3902519e-16  -1.7897038e-16  -2.9557290e-16  4.8360949e-16  -2.1588751e-16  2.8633028e-16  9.4061280e-16  -2.3825435e-17  1.0372950e-15  3.2908206e-16  2.1827181e-16  -5.9749543e-16  -5.2165043e-16  4.8186526e-16  7.4220475e-16  -1.8529900e-16  -1.3147459e-15  -1.0337168e-15  1.0000000   2.8271295e-16  -5.7179578e-16  2.6586796e-17  3.9018561e-16  4.2754466e-16  5.4783337e-16  2.0495389e-16  -7.6470138e-16  -5.4412540e-16  5.7961309e-16  8.4874957e-16  -2.8560228e-16  3.3902519e-16  -1.7897038e-16  -2.9557290e-16  4.8360949e-16  -2.1588751e-16  2.8633028e-16  9.4061280e-16  -2.3825435e-17  1.0372950e-15  3.2908206e-16  2.1827181e-16  
-1.0149363e-16  -6.8635501e-17  3.5143319e-16  7.5453971e-16  2.0590076e-16  2.9096841e-16  -1.7793588e-17  2.8271295e-16  1.0000000   8.7518520e-16  -7.1469834e-17  7.3760567e-16  9.8344496e-17  3.7135031e-16  5.1365823e-16  6.8082007e-16  9.9521282e-17  -1.0169092e-16  -3.0213180e-16  1.5125481e-18  6.9459931e-16  5.7767417e-16  -5.0077165e-16  -4.3095610e-16  1.5440524e-16  6.0626820e-16  -1.7081696e-16  -1.3359048e-16  3.7415187e-16  -3.2382616e-17  -4.7660642e-16  -1.0149363e-16  -6.8635501e-17  3.5143319e-16  7.5453971e-16  2.0590076e-16  2.9096841e-16  -1.7793588e-17  2.8271295e-16  1.0000000   8.7518520e-16  -7.1469834e-17  7.3760567e-16  9.8344496e-17  3.7135031e-16  5.1365823e-16  6.8082007e-16  9.9521282e-17  -1.0169092e-16  -3.0213180e-16  1.5125481e-18  6.9459931e-16  5.7767417e-16  -5.0077165e-16  -4.3095610e-16  1.5440524e-16  6.0626820e-16  -1.7081696e-16  -1.3359048e-16  3.7415187e-16  -3.2382616e-17  -4.7660642e-16  
2.0712830e-16  -4.0195566e-17  2.6134707e-16  -2.3743700e-16  -6.2625976e-16  -2.0527671e-17  1.1090420e-15  -5.7179578e-16  8.7518520e-16  1.0000000   3.4982302e-16  3.4957046e-16  3.0726054e-17  1.3722575e-16  -5.5991555e-16  -1.0562236e-15  -2.7249884e-16  -7.7330745e-16  4.2985548e-16  -7.5145448e-16  -1.3002528e-16  -2.9483642e-16  -2.4573734e-16  1.6598176e-16  2.9587682e-16  1.0060636e-16  4.6210274e-16  1.8260344e-16  1.2672729e-16  9.6006221e-18  3.1456181e-16  2.0712830e-16  -4.0195566e-17  2.6134707e-16  -2.3743700e-16  -6.2625976e-16  -2.0527671e-17  1.1090420e-15  -5.7179578e-16  8.7518520e-16  1.0000000   3.4982302e-16  3.4957046e-16  3.0726054e-17  1.3722575e-16  -5.5991555e-16  -1.0562236e-15  -2.7249884e-16  -7.7330745e-16  4.2985548e-16  -7.5145448e-16  -1.3002528e-16  -2.9483642e-16  -2.4573734e-16  1.6598176e-16  2.9587682e-16  1.0060636e-16  4.6210274e-16  1.8260344e-16  1.2672729e-16  9.6006221e-18  3.1456181e-16  
-6.1624842e-16  1.0210128e-15  7.6337478e-17  1.3654011e-16  -1.3437628e-16  1.1468489e-15  -4.0908749e-16  2.6586796e-17  -7.1469834e-17  3.4982302e-16  1.0000000   -7.7663515e-16  -8.3856333e-16  -1.0310476e-16  -3.1829422e-16  -1.3745242e-16  -7.3220777e-16  7.0084483e-16  -1.7289576e-16  -2.1456157e-16  1.7996983e-16  2.2609264e-16  -1.4694714e-16  1.7923723e-16  -2.9976358e-16  9.6773254e-17  -8.7987175e-16  2.0675492e-17  -7.1937259e-16  3.3955151e-16  1.4696987e-16  -6.1624842e-16  1.0210128e-15  7.6337478e-17  1.3654011e-16  -1.3437628e-16  1.1468489e-15  -4.0908749e-16  2.6586796e-17  -7.1469834e-17  3.4982302e-16  1.0000000   -7.7663515e-16  -8.3856333e-16  -1.0310476e-16  -3.1829422e-16  -1.3745242e-16  -7.3220777e-16  7.0084483e-16  -1.7289576e-16  -2.1456157e-16  1.7996983e-16  2.2609264e-16  -1.4694714e-16  1.7923723e-16  -2.9976358e-16  9.6773254e-17  -8.7987175e-16  2.0675492e-17  -7.1937259e-16  3.3955151e-16  1.4696987e-16  
-2.5232021e-16  -8.5002088e-17  3.5991507e-16  -1.6287692e-17  -4.3262320e-16  3.6514098e-16  -7.1684836e-16  3.9018561e-16  7.3760567e-16  3.4957046e-16  -7.7663515e-16  1.0000000   2.7169253e-16  -3.2807743e-16  -3.4686528e-16  1.8365087e-17  2.2939240e-16  -6.9847766e-17  4.4765931e-16  -2.6998317e-16  3.7162170e-16  -3.0761660e-16  -1.9726311e-16  6.8564485e-16  -4.1871648e-16  6.2854118e-16  4.3626479e-16  -3.4316124e-16  8.5518436e-16  -4.7080204e-16  -1.4179578e-16  -2.5232021e-16  -8.5002088e-17  3.5991507e-16  -1.6287692e-17  -4.3262320e-16  3.6514098e-16  -7.1684836e-16  3.9018561e-16  7.3760567e-16  3.4957046e-16  -7.7663515e-16  1.0000000   2.7169253e-16  -3.2807743e-16  -3.4686528e-16  1.8365087e-17  2.2939240e-16  -6.9847766e-17  4.4765931e-16  -2.6998317e-16  3.7162170e-16  -3.0761660e-16  -1.9726311e-16  6.8564485e-16  -4.1871648e-16  6.2854118e-16  4.3626479e-16  -3.4316124e-16  8.5518436e-16  -4.7080204e-16  -1.4179578e-16  
1.0453793e-16  -4.9834817e-16  -1.2490002e-16  -2.1116649e-16  -3.2082540e-16  -2.8622249e-17  -2.8580490e-16  4.2754466e-16  9.8344496e-17  3.0726054e-17  -8.3856333e-16  2.7169253e-16  1.0000000   -2.7212178e-16  -1.7040858e-16  -1.1918785e-16  1.8075068e-16  -2.9601336e-16  -3.4636368e-18  2.1386749e-16  6.5944399e-16  4.3264811e-16  8.0097639e-17  3.1309531e-16  -1.0436494e-16  -4.4865402e-16  2.9912489e-16  -6.0601296e-16  1.6698973e-16  -4.5013391e-16  3.6085523e-16  1.0453793e-16  -4.9834817e-16  -1.2490002e-16  -2.1116649e-16  -3.2082540e-16  -2.8622249e-17  -2.8580490e-16  4.2754466e-16  9.8344496e-17  3.0726054e-17  -8.3856333e-16  2.7169253e-16  1.0000000   -2.7212178e-16  -1.7040858e-16  -1.1918785e-16  1.8075068e-16  -2.9601336e-16  -3.4636368e-18  2.1386749e-16  6.5944399e-16  4.3264811e-16  8.0097639e-17  3.1309531e-16  -1.0436494e-16  -4.4865402e-16  2.9912489e-16  -6.0601296e-16  1.6698973e-16  -4.5013391e-16  3.6085523e-16  
-2.2007197e-16  -8.8813104e-17  -9.6609603e-17  3.7930546e-17  2.4728345e-16  1.8668771e-16  -3.7453513e-16  5.4783337e-16  3.7135031e-16  1.3722575e-16  -1.0310476e-16  -3.2807743e-16  -2.7212178e-16  1.0000000   -3.2825131e-16  4.6341322e-16  -7.9346997e-16  -5.5122577e-16  6.0908798e-16  -3.8954316e-16  -1.4122613e-16  -1.9913657e-16  5.3601446e-16  9.5363555e-16  -3.6159378e-16  1.2298888e-16  8.2750887e-16  -1.1823448e-15  6.8891768e-16  -2.3352396e-17  8.5288760e-17  -2.2007197e-16  -8.8813104e-17  -9.6609603e-17  3.7930546e-17  2.4728345e-16  1.8668771e-16  -3.7453513e-16  5.4783337e-16  3.7135031e-16  1.3722575e-16  -1.0310476e-16  -3.2807743e-16  -2.7212178e-16  1.0000000   -3.2825131e-16  4.6341322e-16  -7.9346997e-16  -5.5122577e-16  6.0908798e-16  -3.8954316e-16  -1.4122613e-16  -1.9913657e-16  5.3601446e-16  9.5363555e-16  -3.6159378e-16  1.2298888e-16  8.2750887e-16  -1.1823448e-15  6.8891768e-16  -2.3352396e-17  8.5288760e-17  
-2.0142791e-18  1.0308071e-15  -1.9648427e-16  -1.9284616e-16  -1.3130794e-15  2.5121033e-17  1.7107684e-16  2.0495389e-16  5.1365823e-16  -5.5991555e-16  -3.1829422e-16  -3.4686528e-16  -1.7040858e-16  -3.2825131e-16  1.0000000   -3.7428822e-16  4.3409888e-16  -2.9102126e-16  -6.5004809e-17  2.3962966e-16  2.6999385e-16  -4.0450929e-16  -7.2789677e-17  -7.6915099e-16  -3.1796759e-16  1.2193177e-16  3.7970499e-16  -2.3290253e-17  1.9757552e-16  -5.1317242e-16  -2.4069055e-16  -2.0142791e-18  1.0308071e-15  -1.9648427e-16  -1.9284616e-16  -1.3130794e-15  2.5121033e-17  1.7107684e-16  2.0495389e-16  5.1365823e-16  -5.5991555e-16  -3.1829422e-16  -3.4686528e-16  -1.7040858e-16  -3.2825131e-16  1.0000000   -3.7428822e-16  4.3409888e-16  -2.9102126e-16  -6.5004809e-17  2.3962966e-16  2.6999385e-16  -4.0450929e-16  -7.2789677e-17  -7.6915099e-16  -3.1796759e-16  1.2193177e-16  3.7970499e-16  -2.3290253e-17  1.9757552e-16  -5.1317242e-16  -2.4069055e-16  
-2.5193964e-16  2.3092604e-16  -1.7466871e-16  5.5584671e-16  -2.1172355e-16  5.7853191e-17  6.7089609e-17  -7.6470138e-16  6.8082007e-16  -1.0562236e-15  -1.3745242e-16  1.8365087e-17  -1.1918785e-16  4.6341322e-16  -3.7428822e-16  1.0000000   -2.4882761e-17  -1.0052636e-15  -4.7863248e-16  3.3209026e-16  7.6809618e-18  1.9295417e-16  -2.7847986e-16  -2.7206238e-16  -2.4314562e-16  6.6937717e-16  1.2975632e-16  -5.3315815e-16  -1.2018911e-15  7.8654259e-16  -7.9936799e-16  -2.5193964e-16  2.3092604e-16  -1.7466871e-16  5.5584671e-16  -2.1172355e-16  5.7853191e-17  6.7089609e-17  -7.6470138e-16  6.8082007e-16  -1.0562236e-15  -1.3745242e-16  1.8365087e-17  -1.1918785e-16  4.6341322e-16  -3.7428822e-16  1.0000000   -2.4882761e-17  -1.0052636e-15  -4.7863248e-16  3.3209026e-16  7.6809618e-18  1.9295417e-16  -2.7847986e-16  -2.7206238e-16  -2.4314562e-16  6.6937717e-16  1.2975632e-16  -5.3315815e-16  -1.2018911e-15  7.8654259e-16  -7.9936799e-16  
4.6907852e-16  2.7895818e-16  -2.3339837e-16  2.5472211e-16  -4.1765075e-16  1.1264919e-16  4.3096510e-16  -5.4412540e-16  9.9521282e-17  -2.7249884e-16  -7.3220777e-16  2.2939240e-16  1.8075068e-16  -7.9346997e-16  4.3409888e-16  -2.4882761e-17  1.0000000   2.3814142e-16  -1.8639404e-16  -2.5029295e-16  -1.2029050e-16  2.2835211e-16  -1.1595093e-16  -6.4196640e-16  2.2505767e-16  4.8872606e-16  5.6075364e-18  -5.6287224e-16  2.7682605e-16  1.0911094e-15  4.5019064e-16  4.6907852e-16  2.7895818e-16  -2.3339837e-16  2.5472211e-16  -4.1765075e-16  1.1264919e-16  4.3096510e-16  -5.4412540e-16  9.9521282e-17  -2.7249884e-16  -7.3220777e-16  2.2939240e-16  1.8075068e-16  -7.9346997e-16  4.3409888e-16  -2.4882761e-17  1.0000000   2.3814142e-16  -1.8639404e-16  -2.5029295e-16  -1.2029050e-16  2.2835211e-16  -1.1595093e-16  -6.4196640e-16  2.2505767e-16  4.8872606e-16  5.6075364e-18  -5.6287224e-16  2.7682605e-16  1.0911094e-15  4.5019064e-16  
3.2819641e-16  2.6542923e-17  -5.0663502e-16  -1.1753306e-16  -1.0642632e-15  -3.5247837e-16  -8.4852677e-17  5.7961309e-16  -1.0169092e-16  -7.7330745e-16  7.0084483e-16  -6.9847766e-17  -2.9601336e-16  -5.5122577e-16  -2.9102126e-16  -1.0052636e-15  2.3814142e-16  1.0000000   8.3545483e-16  2.5596648e-16  5.0428126e-16  6.9720817e-17  -8.2020020e-16  1.0829991e-17  -8.4558191e-17  -3.7168226e-16  1.5987105e-16  2.2373121e-16  2.7358607e-16  2.7440642e-16  -2.3363824e-16  3.2819641e-16  2.6542923e-17  -5.0663502e-16  -1.1753306e-16  -1.0642632e-15  -3.5247837e-16  -8.4852677e-17  5.7961309e-16  -1.0169092e-16  -7.7330745e-16  7.0084483e-16  -6.9847766e-17  -2.9601336e-16  -5.5122577e-16  -2.9102126e-16  -1.0052636e-15  2.3814142e-16  1.0000000   8.3545483e-16  2.5596648e-16  5.0428126e-16  6.9720817e-17  -8.2020020e-16  1.0829991e-17  -8.4558191e-17  -3.7168226e-16  1.5987105e-16  2.2373121e-16  2.7358607e-16  2.7440642e-16  -2.3363824e-16  
-7.4390371e-18  1.1809726e-16  -5.1751228e-16  9.5424409e-17  1.9604404e-16  -4.5005300e-16  -3.2689559e-16  8.4874957e-16  -3.0213180e-16  4.2985548e-16  -1.7289576e-16  4.4765931e-16  -3.4636368e-18  6.0908798e-16  -6.5004809e-17  -4.7863248e-16  -1.8639404e-16  8.3545483e-16  1.0000000   -5.7495364e-16  6.4738286e-17  -5.6542872e-16  1.5204741e-16  7.7044299e-16  -5.0455167e-16  -7.7182645e-16  1.8200666e-16  -4.3456731e-16  8.6134932e-16  -5.2416937e-17  -2.4014726e-16  -7.4390371e-18  1.1809726e-16  -5.1751228e-16  9.5424409e-17  1.9604404e-16  -4.5005300e-16  -3.2689559e-16  8.4874957e-16  -3.0213180e-16  4.2985548e-16  -1.7289576e-16  4.4765931e-16  -3.4636368e-18  6.0908798e-16  -6.5004809e-17  -4.7863248e-16  -1.8639404e-16  8.3545483e-16  1.0000000   -5.7495364e-16  6.4738286e-17  -5.6542872e-16  1.5204741e-16  7.7044299e-16  -5.0455167e-16  -7.7182645e-16  1.8200666e-16  -4.3456731e-16  8.6134932e-16  -5.2416937e-17  -2.4014726e-16  
-1.6371244e-16  2.5388785e-16  7.0173237e-17  3.1991766e-16  4.3773891e-17  5.5795109e-16  -3.6008405e-16  -2.8560228e-16  1.5125481e-18  -7.5145448e-16  -2.1456157e-16  -2.6998317e-16  2.1386749e-16  -3.8954316e-16  2.3962966e-16  3.3209026e-16  -2.5029295e-16  2.5596648e-16  -5.7495364e-16  1.0000000   -3.4219181e-16  2.6608772e-16  -6.8694562e-16  -2.9782746e-16  3.5629863e-16  2.1347285e-16  -2.1484870e-16  -1.6906464e-16  6.7193415e-16  2.2905222e-16  -2.1521468e-16  -1.6371244e-16  2.5388785e-16  7.0173237e-17  3.1991766e-16  4.3773891e-17  5.5795109e-16  -3.6008405e-16  -2.8560228e-16  1.5125481e-18  -7.5145448e-16  -2.1456157e-16  -2.6998317e-16  2.1386749e-16  -3.8954316e-16  2.3962966e-16  3.3209026e-16  -2.5029295e-16  2.5596648e-16  -5.7495364e-16  1.0000000   -3.4219181e-16  2.6608772e-16  -6.8694562e-16  -2.9782746e-16  3.5629863e-16  2.1347285e-16  -2.1484870e-16  -1.6906464e-16  6.7193415e-16  2.2905222e-16  -2.1521468e-16  
5.1745742e-16  5.1316785e-16  -1.0156531e-16  -1.3796876e-19  1.2406041e-16  -4.1344997e-16  6.6330696e-17  3.3902519e-16  6.9459931e-16  -1.3002528e-16  1.7996983e-16  3.7162170e-16  6.5944399e-16  -1.4122613e-16  2.6999385e-16  7.6809618e-18  -1.2029050e-16  5.0428126e-16  6.4738286e-17  -3.4219181e-16  1.0000000   7.4962971e-16  2.9327753e-16  3.4194544e-16  -3.1502857e-16  4.0562480e-16  -9.2117070e-17  -8.2010748e-17  1.0759964e-15  3.7712935e-16  2.9786410e-16  5.1745742e-16  5.1316785e-16  -1.0156531e-16  -1.3796876e-19  1.2406041e-16  -4.1344997e-16  6.6330696e-17  3.3902519e-16  6.9459931e-16  -1.3002528e-16  1.7996983e-16  3.7162170e-16  6.5944399e-16  -1.4122613e-16  2.6999385e-16  7.6809618e-18  -1.2029050e-16  5.0428126e-16  6.4738286e-17  -3.4219181e-16  1.0000000   7.4962971e-16  2.9327753e-16  3.4194544e-16  -3.1502857e-16  4.0562480e-16  -9.2117070e-17  -8.2010748e-17  1.0759964e-15  3.7712935e-16  2.9786410e-16  
6.2740611e-16  3.8786125e-16  -2.1191176e-16  -5.2797121e-16  2.1910561e-16  -1.8222038e-16  3.0472847e-16  -1.7897038e-16  5.7767417e-16  -2.9483642e-16  2.2609264e-16  -3.0761660e-16  4.3264811e-16  -1.9913657e-16  -4.0450929e-16  1.9295417e-16  2.2835211e-16  6.9720817e-17  -5.6542872e-16  2.6608772e-16  7.4962971e-16  1.0000000   1.6971047e-16  -8.5902336e-16  -2.6669583e-16  -3.2700852e-16  1.3666369e-17  -3.4820909e-16  3.0473891e-16  9.0036680e-17  7.8061237e-16  6.2740611e-16  3.8786125e-16  -2.1191176e-16  -5.2797121e-16  2.1910561e-16  -1.8222038e-16  3.0472847e-16  -1.7897038e-16  5.7767417e-16  -2.9483642e-16  2.2609264e-16  -3.0761660e-16  4.3264811e-16  -1.9913657e-16  -4.0450929e-16  1.9295417e-16  2.2835211e-16  6.9720817e-17  -5.6542872e-16  2.6608772e-16  7.4962971e-16  1.0000000   1.6971047e-16  -8.5902336e-16  -2.6669583e-16  -3.2700852e-16  1.3666369e-17  -3.4820909e-16  3.0473891e-16  9.0036680e-17  7.8061237e-16  
1.1885729e-16  -1.3657725e-17  -6.2413437e-16  -4.1566206e-16  7.6348842e-16  -2.7069374e-16  -5.3509301e-17  -2.9557290e-16  -5.0077165e-16  -2.4573734e-16  -1.4694714e-16  -1.9726311e-16  8.0097639e-17  5.3601446e-16  -7.2789677e-17  -2.7847986e-16  -1.1595093e-16  -8.2020020e-16  1.5204741e-16  -6.8694562e-16  2.9327753e-16  1.6971047e-16  1.0000000   -9.4486631e-16  -4.6634491e-17  -1.3554149e-16  -2.1842959e-16  -3.6885957e-16  2.7796392e-17  1.8015314e-16  3.6483872e-16  1.1885729e-16  -1.3657725e-17  -6.2413437e-16  -4.1566206e-16  7.6348842e-16  -2.7069374e-16  -5.3509301e-17  -2.9557290e-16  -5.0077165e-16  -2.4573734e-16  -1.4694714e-16  -1.9726311e-16  8.0097639e-17  5.3601446e-16  -7.2789677e-17  -2.7847986e-16  -1.1595093e-16  -8.2020020e-16  1.5204741e-16  -6.8694562e-16  2.9327753e-16  1.6971047e-16  1.0000000   -9.4486631e-16  -4.6634491e-17  -1.3554149e-16  -2.1842959e-16  -3.6885957e-16  2.7796392e-17  1.8015314e-16  3.6483872e-16  
-5.2886682e-16  -5.4581852e-16  -2.9432990e-16  6.5677199e-16  1.6298616e-16  -2.5779289e-16  -1.0201153e-15  4.8360949e-16  -4.3095610e-16  1.6598176e-16  1.7923723e-16  6.8564485e-16  3.1309531e-16  9.5363555e-16  -7.6915099e-16  -2.7206238e-16  -6.4196640e-16  1.0829991e-17  7.7044299e-16  -2.9782746e-16  3.4194544e-16  -8.5902336e-16  -9.4486631e-16  1.0000000   -7.2793441e-16  1.8069951e-16  4.4504707e-16  -6.3107594e-17  6.2136576e-16  -2.5372595e-16  -9.3579452e-17  -5.2886682e-16  -5.4581852e-16  -2.9432990e-16  6.5677199e-16  1.6298616e-16  -2.5779289e-16  -1.0201153e-15  4.8360949e-16  -4.3095610e-16  1.6598176e-16  1.7923723e-16  6.8564485e-16  3.1309531e-16  9.5363555e-16  -7.6915099e-16  -2.7206238e-16  -6.4196640e-16  1.0829991e-17  7.7044299e-16  -2.9782746e-16  3.4194544e-16  -8.5902336e-16  -9.4486631e-16  1.0000000   -7.2793441e-16  1.8069951e-16  4.4504707e-16  -6.3107594e-17  6.2136576e-16  -2.5372595e-16  -9.3579452e-17  
4.4218634e-16  1.2622928e-16  6.8627766e-16  -2.5269528e-16  -4.2552398e-16  -4.2933666e-16  9.4309596e-17  -2.1588751e-16  1.5440524e-16  2.9587682e-16  -2.9976358e-16  -4.1871648e-16  -1.0436494e-16  -3.6159378e-16  -3.1796759e-16  -2.4314562e-16  2.2505767e-16  -8.4558191e-17  -5.0455167e-16  3.5629863e-16  -3.1502857e-16  -2.6669583e-16  -4.6634491e-17  -7.2793441e-16  1.0000000   -1.5834169e-16  2.5489449e-16  -2.8786329e-16  2.5186096e-16  3.9425370e-16  -4.0964011e-16  4.4218634e-16  1.2622928e-16  6.8627766e-16  -2.5269528e-16  -4.2552398e-16  -4.2933666e-16  9.4309596e-17  -2.1588751e-16  1.5440524e-16  2.9587682e-16  -2.9976358e-16  -4.1871648e-16  -1.0436494e-16  -3.6159378e-16  -3.1796759e-16  -2.4314562e-16  2.2505767e-16  -8.4558191e-17  -5.0455167e-16  3.5629863e-16  -3.1502857e-16  -2.6669583e-16  -4.6634491e-17  -7.2793441e-16  1.0000000   -1.5834169e-16  2.5489449e-16  -2.8786329e-16  2.5186096e-16  3.9425370e-16  -4.0964011e-16  
-2.8256845e-16  -6.3580408e-16  -1.3826886e-17  5.8894124e-17  1.7784976e-16  -1.5776195e-17  -7.2666379e-16  2.8633028e-16  6.0626820e-16  1.0060636e-16  9.6773254e-17  6.2854118e-16  -4.4865402e-16  1.2298888e-16  1.2193177e-16  6.6937717e-16  4.8872606e-16  -3.7168226e-16  -7.7182645e-16  2.1347285e-16  4.0562480e-16  -3.2700852e-16  -1.3554149e-16  1.8069951e-16  -1.5834169e-16  1.0000000   4.6714707e-16  -1.3662627e-16  3.6713342e-16  2.1942516e-16  -8.2839169e-16  -2.8256845e-16  -6.3580408e-16  -1.3826886e-17  5.8894124e-17  1.7784976e-16  -1.5776195e-17  -7.2666379e-16  2.8633028e-16  6.0626820e-16  1.0060636e-16  9.6773254e-17  6.2854118e-16  -4.4865402e-16  1.2298888e-16  1.2193177e-16  6.6937717e-16  4.8872606e-16  -3.7168226e-16  -7.7182645e-16  2.1347285e-16  4.0562480e-16  -3.2700852e-16  -1.3554149e-16  1.8069951e-16  -1.5834169e-16  1.0000000   4.6714707e-16  -1.3662627e-16  3.6713342e-16  2.1942516e-16  -8.2839169e-16  
2.6562433e-16  8.8683010e-18  -1.4764932e-16  9.2419592e-16  -9.3370471e-16  3.4011880e-16  -1.7776492e-16  9.4061280e-16  -1.7081696e-16  4.6210274e-16  -8.7987175e-16  4.3626479e-16  2.9912489e-16  8.2750887e-16  3.7970499e-16  1.2975632e-16  5.6075364e-18  1.5987105e-16  1.8200666e-16  -2.1484870e-16  -9.2117070e-17  1.3666369e-17  -2.1842959e-16  4.4504707e-16  2.5489449e-16  4.6714707e-16  1.0000000   1.1277745e-16  5.5085698e-16  -4.6719254e-17  -1.4294453e-16  2.6562433e-16  8.8683010e-18  -1.4764932e-16  9.2419592e-16  -9.3370471e-16  3.4011880e-16  -1.7776492e-16  9.4061280e-16  -1.7081696e-16  4.6210274e-16  -8.7987175e-16  4.3626479e-16  2.9912489e-16  8.2750887e-16  3.7970499e-16  1.2975632e-16  5.6075364e-18  1.5987105e-16  1.8200666e-16  -2.1484870e-16  -9.2117070e-17  1.3666369e-17  -2.1842959e-16  4.4504707e-16  2.5489449e-16  4.6714707e-16  1.0000000   1.1277745e-16  5.5085698e-16  -4.6719254e-17  -1.4294453e-16  
-7.4447771e-17  -4.5334838e-16  -3.8817279e-16  5.1872802e-16  -1.2092836e-15  -2.6031995e-16  1.5371544e-15  -2.3825435e-17  -1.3359048e-16  1.8260344e-16  2.0675492e-17  -3.4316124e-16  -6.0601296e-16  -1.1823448e-15  -2.3290253e-17  -5.3315815e-16  -5.6287224e-16  2.2373121e-16  -4.3456731e-16  -1.6906464e-16  -8.2010748e-17  -3.4820909e-16  -3.6885957e-16  -6.3107594e-17  -2.8786329e-16  -1.3662627e-16  1.1277745e-16  1.0000000   1.2452311e-16  -3.2550490e-16  -3.7561530e-17  -7.4447771e-17  -4.5334838e-16  -3.8817279e-16  5.1872802e-16  -1.2092836e-15  -2.6031995e-16  1.5371544e-15  -2.3825435e-17  -1.3359048e-16  1.8260344e-16  2.0675492e-17  -3.4316124e-16  -6.0601296e-16  -1.1823448e-15  -2.3290253e-17  -5.3315815e-16  -5.6287224e-16  2.2373121e-16  -4.3456731e-16  -1.6906464e-16  -8.2010748e-17  -3.4820909e-16  -3.6885957e-16  -6.3107594e-17  -2.8786329e-16  -1.3662627e-16  1.1277745e-16  1.0000000   1.2452311e-16  -3.2550490e-16  -3.7561530e-17  
3.4613911e-16  -4.6670561e-16  3.6869734e-17  7.8303645e-16  6.2687601e-16  3.2965214e-16  -5.5268137e-16  1.0372950e-15  3.7415187e-16  1.2672729e-16  -7.1937259e-16  8.5518436e-16  1.6698973e-16  6.8891768e-16  1.9757552e-16  -1.2018911e-15  2.7682605e-16  2.7358607e-16  8.6134932e-16  6.7193415e-16  1.0759964e-15  3.0473891e-16  2.7796392e-17  6.2136576e-16  2.5186096e-16  3.6713342e-16  5.5085698e-16  1.2452311e-16  1.0000000   -6.1445960e-16  1.0521336e-16  3.4613911e-16  -4.6670561e-16  3.6869734e-17  7.8303645e-16  6.2687601e-16  3.2965214e-16  -5.5268137e-16  1.0372950e-15  3.7415187e-16  1.2672729e-16  -7.1937259e-16  8.5518436e-16  1.6698973e-16  6.8891768e-16  1.9757552e-16  -1.2018911e-15  2.7682605e-16  2.7358607e-16  8.6134932e-16  6.7193415e-16  1.0759964e-15  3.0473891e-16  2.7796392e-17  6.2136576e-16  2.5186096e-16  3.6713342e-16  5.5085698e-16  1.2452311e-16  1.0000000   -6.1445960e-16  1.0521336e-16  
-5.1966821e-16  -3.7925460e-16  4.6457261e-16  7.0532443e-17  -9.4422767e-16  3.0220611e-16  7.6613899e-16  3.2908206e-16  -3.2382616e-17  9.6006221e-18  3.3955151e-16  -4.7080204e-16  -4.5013391e-16  -2.3352396e-17  -5.1317242e-16  7.8654259e-16  1.0911094e-15  2.7440642e-16  -5.2416937e-17  2.2905222e-16  3.7712935e-16  9.0036680e-17  1.8015314e-16  -2.5372595e-16  3.9425370e-16  2.1942516e-16  -4.6719254e-17  -3.2550490e-16  -6.1445960e-16  1.0000000   -3.0961371e-16  -5.1966821e-16  -3.7925460e-16  4.6457261e-16  7.0532443e-17  -9.4422767e-16  3.0220611e-16  7.6613899e-16  3.2908206e-16  -3.2382616e-17  9.6006221e-18  3.3955151e-16  -4.7080204e-16  -4.5013391e-16  -2.3352396e-17  -5.1317242e-16  7.8654259e-16  1.0911094e-15  2.7440642e-16  -5.2416937e-17  2.2905222e-16  3.7712935e-16  9.0036680e-17  1.8015314e-16  -2.5372595e-16  3.9425370e-16  2.1942516e-16  -4.6719254e-17  -3.2550490e-16  -6.1445960e-16  1.0000000   -3.0961371e-16  
1.3754344e-16  7.5116494e-16  -1.9749283e-16  -2.8013821e-16  -4.0748559e-16  4.5041727e-16  1.4918204e-16  2.1827181e-16  -4.7660642e-16  3.1456181e-16  1.4696987e-16  -1.4179578e-16  3.6085523e-16  8.5288760e-17  -2.4069055e-16  -7.9936799e-16  4.5019064e-16  -2.3363824e-16  -2.4014726e-16  -2.1521468e-16  2.9786410e-16  7.8061237e-16  3.6483872e-16  -9.3579452e-17  -4.0964011e-16  -8.2839169e-16  -1.4294453e-16  -3.7561530e-17  1.0521336e-16  -3.0961371e-16  1.0000000   1.3754344e-16  7.5116494e-16  -1.9749283e-16  -2.8013821e-16  -4.0748559e-16  4.5041727e-16  1.4918204e-16  2.1827181e-16  -4.7660642e-16  3.1456181e-16  1.4696987e-16  -1.4179578e-16  3.6085523e-16  8.5288760e-17  -2.4069055e-16  -7.9936799e-16  4.5019064e-16  -2.3363824e-16  -2.4014726e-16  -2.1521468e-16  2.9786410e-16  7.8061237e-16  3.6483872e-16  -9.3579452e-17  -4.0964011e-16  -8.2839169e-16  -1.4294453e-16  -3.7561530e-17  1.0521336e-16  -3.0961371e-16  1.0000000   
1.0000000   -3.0064568e-16  6.9021000e-16  5.3857799e-17  -5.0734114e-16  3.8190280e-16  -1.6825355e-16  -5.9749543e-16  -1.0149363e-16  2.0712830e-16  -6.1624842e-16  -2.5232021e-16  1.0453793e-16  -2.2007197e-16  -2.0142791e-18  -2.5193964e-16  4.6907852e-16  3.2819641e-16  -7.4390371e-18  -1.6371244e-16  5.1745742e-16  6.2740611e-16  1.1885729e-16  -5.2886682e-16  4.4218634e-16  -2.8256845e-16  2.6562433e-16  -7.4447771e-17  3.4613911e-16  -5.1966821e-16  1.3754344e-16  1.0000000   -3.0064568e-16  6.9021000e-16  5.3857799e-17  -5.0734114e-16  3.8190280e-16  -1.6825355e-16  -5.9749543e-16  -1.0149363e-16  2.0712830e-16  -6.1624842e-16  -2.5232021e-16  1.0453793e-16  -2.2007197e-16  -2.0142791e-18  -2.5193964e-16  4.6907852e-16  3.2819641e-16  -7.4390371e-18  -1.6371244e-16  5.1745742e-16  6.2740611e-16  1.1885729e-16  -5.2886682e-16  4.4218634e-16  -2.8256845e-16  2.6562433e-16  -7.4447771e-17  3.4613911e-16  -5.1966821e-16  1.3754344e-16  
-3.0064568e-16  1.0000000   1.5821040e-16  -1.0075455e-15  -2.2660920e-17  1.5189757e-16  -8.1686093e-16  -5.2165043e-16  -6.8635501e-17  -4.0195566e-17  1.0210128e-15  -8.5002088e-17  -4.9834817e-16  -8.8813104e-17  1.0308071e-15  2.3092604e-16  2.7895818e-16  2.6542923e-17  1.1809726e-16  2.5388785e-16  5.1316785e-16  3.8786125e-16  -1.3657725e-17  -5.4581852e-16  1.2622928e-16  -6.3580408e-16  8.8683010e-18  -4.5334838e-16  -4.6670561e-16  -3.7925460e-16  7.5116494e-16  -3.0064568e-16  1.0000000   1.5821040e-16  -1.0075455e-15  -2.2660920e-17  1.5189757e-16  -8.1686093e-16  -5.2165043e-16  -6.8635501e-17  -4.0195566e-17  1.0210128e-15  -8.5002088e-17  -4.9834817e-16  -8.8813104e-17  1.0308071e-15  2.3092604e-16  2.7895818e-16  2.6542923e-17  1.1809726e-16  2.5388785e-16  5.1316785e-16  3.8786125e-16  -1.3657725e-17  -5.4581852e-16  1.2622928e-16  -6.3580408e-16  8.8683010e-18  -4.5334838e-16  -4.6670561e-16  -3.7925460e-16  7.5116494e-16  
6.9021000e-16  1.5821040e-16  1.0000000   -4.3414844e-16  -1.3422891e-16  -4.5602590e-16  -4.8404434e-16  4.8186526e-16  3.5143319e-16  2.6134707e-16  7.6337478e-17  3.5991507e-16  -1.2490002e-16  -9.6609603e-17  -1.9648427e-16  -1.7466871e-16  -2.3339837e-16  -5.0663502e-16  -5.1751228e-16  7.0173237e-17  -1.0156531e-16  -2.1191176e-16  -6.2413437e-16  -2.9432990e-16  6.8627766e-16  -1.3826886e-17  -1.4764932e-16  -3.8817279e-16  3.6869734e-17  4.6457261e-16  -1.9749283e-16  6.9021000e-16  1.5821040e-16  1.0000000   -4.3414844e-16  -1.3422891e-16  -4.5602590e-16  -4.8404434e-16  4.8186526e-16  3.5143319e-16  2.6134707e-16  7.6337478e-17  3.5991507e-16  -1.2490002e-16  -9.6609603e-17  -1.9648427e-16  -1.7466871e-16  -2.3339837e-16  -5.0663502e-16  -5.1751228e-16  7.0173237e-17  -1.0156531e-16  -2.1191176e-16  -6.2413437e-16  -2.9432990e-16  6.8627766e-16  -1.3826886e-17  -1.4764932e-16  -3.8817279e-16  3.6869734e-17  4.6457261e-16  -1.9749283e-16  
5.3857799e-17  -1.0075455e-15  -4.3414844e-16  1.0000000   -3.5501890e-16  6.0726742e-16  -3.2849541e-16  7.4220475e-16  7.5453971e-16  -2.3743700e-16  1.3654011e-16  -1.6287692e-17  -2.1116649e-16  3.7930546e-17  -1.9284616e-16  5.5584671e-16  2.5472211e-16  -1.1753306e-16  9.5424409e-17  3.1991766e-16  -1.3796876e-19  -5.2797121e-16  -4.1566206e-16  6.5677199e-16  -2.5269528e-16  5.8894124e-17  9.2419592e-16  5.1872802e-16  7.8303645e-16  7.0532443e-17  -2.8013821e-16  5.3857799e-17  -1.0075455e-15  -4.3414844e-16  1.0000000   -3.5501890e-16  6.0726742e-16  -3.2849541e-16  7.4220475e-16  7.5453971e-16  -2.3743700e-16  1.3654011e-16  -1.6287692e-17  -2.1116649e-16  3.7930546e-17  -1.9284616e-16  5.5584671e-16  2.5472211e-16  -1.1753306e-16  9.5424409e-17  3.1991766e-16  -1.3796876e-19  -5.2797121e-16  -4.1566206e-16  6.5677199e-16  -2.5269528e-16  5.8894124e-17  9.2419592e-16  5.1872802e-16  7.8303645e-16  7.0532443e-17  -2.8013821e-16  
-5.0734114e-16  -2.2660920e-17  -1.3422891e-16  -3.5501890e-16  1.0000000   -1.4005857e-16  -3.8650326e-16  -1.8529900e-16  2.0590076e-16  -6.2625976e-16  -1.3437628e-16  -4.3262320e-16  -3.2082540e-16  2.4728345e-16  -1.3130794e-15  -2.1172355e-16  -4.1765075e-16  -1.0642632e-15  1.9604404e-16  4.3773891e-17  1.2406041e-16  2.1910561e-16  7.6348842e-16  1.6298616e-16  -4.2552398e-16  1.7784976e-16  -9.3370471e-16  -1.2092836e-15  6.2687601e-16  -9.4422767e-16  -4.0748559e-16  -5.0734114e-16  -2.2660920e-17  -1.3422891e-16  -3.5501890e-16  1.0000000   -1.4005857e-16  -3.8650326e-16  -1.8529900e-16  2.0590076e-16  -6.2625976e-16  -1.3437628e-16  -4.3262320e-16  -3.2082540e-16  2.4728345e-16  -1.3130794e-15  -2.1172355e-16  -4.1765075e-16  -1.0642632e-15  1.9604404e-16  4.3773891e-17  1.2406041e-16  2.1910561e-16  7.6348842e-16  1.6298616e-16  -4.2552398e-16  1.7784976e-16  -9.3370471e-16  -1.2092836e-15  6.2687601e-16  -9.4422767e-16  -4.0748559e-16  
3.8190280e-16  1.5189757e-16  -4.5602590e-16  6.0726742e-16  -1.4005857e-16  1.0000000   4.5729374e-16  -1.3147459e-15  2.9096841e-16  -2.0527671e-17  1.1468489e-15  3.6514098e-16  -2.8622249e-17  1.8668771e-16  2.5121033e-17  5.7853191e-17  1.1264919e-16  -3.5247837e-16  -4.5005300e-16  5.5795109e-16  -4.1344997e-16  -1.8222038e-16  -2.7069374e-16  -2.5779289e-16  -4.2933666e-16  -1.5776195e-17  3.4011880e-16  -2.6031995e-16  3.2965214e-16  3.0220611e-16  4.5041727e-16  3.8190280e-16  1.5189757e-16  -4.5602590e-16  6.0726742e-16  -1.4005857e-16  1.0000000   4.5729374e-16  -1.3147459e-15  2.9096841e-16  -2.0527671e-17  1.1468489e-15  3.6514098e-16  -2.8622249e-17  1.8668771e-16  2.5121033e-17  5.7853191e-17  1.1264919e-16  -3.5247837e-16  -4.5005300e-16  5.5795109e-16  -4.1344997e-16  -1.8222038e-16  -2.7069374e-16  -2.5779289e-16  -4.2933666e-16  -1.5776195e-17  3.4011880e-16  -2.6031995e-16  3.2965214e-16  3.0220611e-16  4.5041727e-16  
-1.6825355e-16  -8.1686093e-16  -4.8404434e-16  -3.2849541e-16  -3.8650326e-16  4.5729374e-16  1.0000000   -1.0337168e-15  -1.7793588e-17  1.1090420e-15  -4.0908749e-16  -7.1684836e-16  -2.8580490e-16  -3.7453513e-16  1.7107684e-16  6.7089609e-17  4.3096510e-16  -8.4852677e-17  -3.2689559e-16  -3.6008405e-16  6.6330696e-17  3.0472847e-16  -5.3509301e-17  -1.0201153e-15  9.4309596e-17  -7.2666379e-16  -1.7776492e-16  1.5371544e-15  -5.5268137e-16  7.6613899e-16  1.4918204e-16  -1.6825355e-16  -8.1686093e-16  -4.8404434e-16  -3.2849541e-16  -3.8650326e-16  4.5729374e-16  1.0000000   -1.0337168e-15  -1.7793588e-17  1.1090420e-15  -4.0908749e-16  -7.1684836e-16  -2.8580490e-16  -3.7453513e-16  1.7107684e-16  6.7089609e-17  4.3096510e-16  -8.4852677e-17  -3.2689559e-16  -3.6008405e-16  6.6330696e-17  3.0472847e-16  -5.3509301e-17  -1.0201153e-15  9.4309596e-17  -7.2666379e-16  -1.7776492e-16  1.5371544e-15  -5.5268137e-16  7.6613899e-16  1.4918204e-16  
-5.9749543e-16  -5.2165043e-16  4.8186526e-16  7.4220475e-16  -1.8529900e-16  -1.3147459e-15  -1.0337168e-15  1.0000000   2.8271295e-16  -5.7179578e-16  2.6586796e-17  3.9018561e-16  4.2754466e-16  5.4783337e-16  2.0495389e-16  -7.6470138e-16  -5.4412540e-16  5.7961309e-16  8.4874957e-16  -2.8560228e-16  3.3902519e-16  -1.7897038e-16  -2.9557290e-16  4.8360949e-16  -2.1588751e-16  2.8633028e-16  9.4061280e-16  -2.3825435e-17  1.0372950e-15  3.2908206e-16  2.1827181e-16  -5.9749543e-16  -5.2165043e-16  4.8186526e-16  7.4220475e-16  -1.8529900e-16  -1.3147459e-15  -1.0337168e-15  1.0000000   2.8271295e-16  -5.7179578e-16  2.6586796e-17  3.9018561e-16  4.2754466e-16  5.4783337e-16  2.0495389e-16  -7.6470138e-16  -5.4412540e-16  5.7961309e-16  8.4874957e-16  -2.8560228e-16  3.3902519e-16  -1.7897038e-16  -2.9557290e-16  4.8360949e-16  -2.1588751e-16  2.8633028e-16  9.4061280e-16  -2.3825435e-17  1.0372950e-15  3.2908206e-16  2.1827181e-16  
-1.0149363e-16  -6.8635501e-17  3.5143319e-16  7.5453971e-16  2.0590076e-16  2.9096841e-16  -1.7793588e-17  2.8271295e-16  1.0000000   8.7518520e-16  -7.1469834e-17  7.3760567e-16  9.8344496e-17  3.7135031e-16  5.1365823e-16  6.8082007e-16  9.9521282e-17  -1.0169092e-16  -3.0213180e-16  1.5125481e-18  6.9459931e-16  5.7767417e-16  -5.0077165e-16  -4.3095610e-16  1.5440524e-16  6.0626820e-16  -1.7081696e-16  -1.3359048e-16  3.7415187e-16  -3.2382616e-17  -4.7660642e-16  -1.0149363e-16  -6.8635501e-17  3.5143319e-16  7.5453971e-16  2.0590076e-16  2.9096841e-16  -1.7793588e-17  2.8271295e-16  1.0000000   8.7518520e-16  -7.1469834e-17  7.3760567e-16  9.8344496e-17  3.7135031e-16  5.1365823e-16  6.8082007e-16  9.9521282e-17  -1.0169092e-16  -3.0213180e-16  1.5125481e-18  6.9459931e-16  5.7767417e-16  -5.0077165e-16  -4.3095610e-16  1.5440524e-16  6.0626820e-16  -1.7081696e-16  -1.3359048e-16  3.7415187e-16  -3.2382616e-17  -4.7660642e-16  
2.0712830e-16  -4.0195566e-17  2.6134707e-16  -2.3743700e-16  -6.2625976e-16  -2.0527671e-17  1.1090420e-15  -5.7179578e-16  8.7518520e-16  1.0000000   3.4982302e-16  3.4957046e-16  3.0726054e-17  1.3722575e-16  -5.5991555e-16  -1.0562236e-15  -2.7249884e-16  -7.7330745e-16  4.2985548e-16  -7.5145448e-16  -1.3002528e-16  -2.9483642e-16  -2.4573734e-16  1.6598176e-16  2.9587682e-16  1.0060636e-16  4.6210274e-16  1.8260344e-16  1.2672729e-16  9.6006221e-18  3.1456181e-16  2.0712830e-16  -4.0195566e-17  2.6134707e-16  -2.3743700e-16  -6.2625976e-16  -2.0527671e-17  1.1090420e-15  -5.7179578e-16  8.7518520e-16  1.0000000   3.4982302e-16  3.4957046e-16  3.0726054e-17  1.3722575e-16  -5.5991555e-16  -1.0562236e-15  -2.7249884e-16  -7.7330745e-16  4.2985548e-16  -7.5145448e-16  -1.3002528e-16  -2.9483642e-16  -2.4573734e-16  1.6598176e-16  2.9587682e-16  1.0060636e-16  4.6210274e-16  1.8260344e-16  1.2672729e-16  9.6006221e-18  3.1456181e-16  
