1.0000000   7.3505142e-16  4.7682364e-16  -1.1518953e-17  -4.1270494e-16  2.4982117e-16  -2.2575045e-16  -2.4236311e-16  2.1792499e-16  2.0745352e-16  2.1659909e-16  1.3989021e-16  6.5921471e-16  8.9634231e-17  2.4198811e-16  -9.8893227e-17  1.1064401e-16  -2.3771432e-16  -3.4382558e-16  3.2651865e-16  -1.2123197e-15  -3.5628921e-16  6.0009348e-16  -2.6161190e-16  4.8728207e-17  5.2119235e-16  -5.2790995e-16  4.0311124e-16  -5.5640874e-16  -2.4157369e-16  6.6699854e-16  1.0000000   7.3505142e-16  4.7682364e-16  -1.1518953e-17  -4.1270494e-16  2.4982117e-16  -2.2575045e-16  -2.4236311e-16  2.1792499e-16  2.0745352e-16  2.1659909e-16  1.3989021e-16  6.5921471e-16  8.9634231e-17  2.4198811e-16  -9.8893227e-17  1.1064401e-16  -2.3771432e-16  -3.4382558e-16  3.2651865e-16  -1.2123197e-15  -3.5628921e-16  6.0009348e-16  -2.6161190e-16  4.8728207e-17  5.2119235e-16  -5.2790995e-16  4.0311124e-16  -5.5640874e-16  -2.4157369e-16  6.6699854e-16  
7.3505142e-16  1.0000000   7.9658777e-17  9.1655355e-16  6.9528052e-16  3.8387246e-16  -4.5189130e-16  4.8105168e-16  3.1201993e-16  4.7517859e-16  -6.2749345e-16  2.9869707e-16  2.4767695e-16  -1.6608999e-17  -6.6801988e-17  5.7167511e-18  -6.7618799e-17  5.3290153e-16  -3.3588628e-16  3.8805693e-17  -4.3466034e-16  -3.5060570e-16  2.0881761e-16  3.2946618e-16  2.4684194e-16  -1.5534593e-16  -3.3448280e-16  -9.9127262e-16  -8.5431499e-16  4.2277569e-16  5.8089845e-16  7.3505142e-16  1.0000000   7.9658777e-17  9.1655355e-16  6.9528052e-16  3.8387246e-16  -4.5189130e-16  4.8105168e-16  3.1201993e-16  4.7517859e-16  -6.2749345e-16  2.9869707e-16  2.4767695e-16  -1.6608999e-17  -6.6801988e-17  5.7167511e-18  -6.7618799e-17  5.3290153e-16  -3.3588628e-16  3.8805693e-17  -4.3466034e-16  -3.5060570e-16  2.0881761e-16  3.2946618e-16  2.4684194e-16  -1.5534593e-16  -3.3448280e-16  -9.9127262e-16  -8.5431499e-16  4.2277569e-16  5.8089845e-16  
4.7682364e-16  7.9658777e-17  1.0000000   3.4924679e-16  3.3022475e-16  5.9215190e-16  2.8172505e-16  -6.6869362e-17  -1.2271781e-16  7.5969691e-16  -2.4365381e-16  -4.5897372e-16  -4.2642979e-16  5.0336102e-16  -1.6490638e-17  -8.7392704e-17  3.0426527e-16  6.4608205e-16  -5.1978772e-16  3.5128389e-16  3.4038058e-17  -2.3778030e-16  4.9419077e-16  -9.7014129e-17  -2.6273225e-16  8.1672705e-17  -1.6524644e-16  2.1619888e-16  5.8742316e-16  -5.5461636e-17  6.2063747e-16  4.7682364e-16  7.9658777e-17  1.0000000   3.4924679e-16  3.3022475e-16  5.9215190e-16  2.8172505e-16  -6.6869362e-17  -1.2271781e-16  7.5969691e-16  -2.4365381e-16  -4.5897372e-16  -4.2642979e-16  5.0336102e-16  -1.6490638e-17  -8.7392704e-17  3.0426527e-16  6.4608205e-16  -5.1978772e-16  3.5128389e-16  3.4038058e-17  -2.3778030e-16  4.9419077e-16  -9.7014129e-17  -2.6273225e-16  8.1672705e-17  -1.6524644e-16  2.1619888e-16  5.8742316e-16  -5.5461636e-17  6.2063747e-16  
-1.1518953e-17  9.1655355e-16  3.4924679e-16  1.0000000   -4.3797658e-17  2.8079296e-17  -1.1188683e-16  -1.8033688e-16  -4.9273993e-16  -2.9781255e-16  3.0365635e-16  5.2248648e-17  -1.6490125e-16  3.2266818e-17  1.2002609e-16  -4.4736114e-16  9.8836898e-17  -8.8609441e-16  -2.1797909e-16  -4.7934595e-17  -4.1202997e-16  -9.7070053e-16  6.4026161e-16  3.1241628e-16  -7.0927097e-16  3.4157087e-16  9.8048469e-17  -7.2016621e-17  -3.5179609e-16  -1.0797582e-17  3.4719082e-16  -1.1518953e-17  9.1655355e-16  3.4924679e-16  1.0000000   -4.3797658e-17  2.8079296e-17  -1.1188683e-16  -1.8033688e-16  -4.9273993e-16  -2.9781255e-16  3.0365635e-16  5.2248648e-17  -1.6490125e-16  3.2266818e-17  1.2002609e-16  -4.4736114e-16  9.8836898e-17  -8.8609441e-16  -2.1797909e-16  -4.7934595e-17  -4.1202997e-16  -9.7070053e-16  6.4026161e-16  3.1241628e-16  -7.0927097e-16  3.4157087e-16  9.8048469e-17  -7.2016621e-17  -3.5179609e-16  -1.0797582e-17  3.4719082e-16  
-4.1270494e-16  6.9528052e-16  3.3022475e-16  -4.3797658e-17  1.0000000   8.0356616e-17  2.9317029e-16  -1.3580105e-16  -8.9048364e-16  4.0120438e-16  -1.0937571e-16  9.0916483e-17  4.1633577e-16  -6.0856670e-18  4.4637490e-16  5.4236266e-16  -3.1445152e-16  -5.4593137e-16  -3.8374594e-16  -2.9353521e-16  -1.0579670e-15  4.6153025e-16  -5.1304771e-16  8.0120579e-16  3.3660564e-16  -2.0874297e-16  -1.5658307e-16  -3.3172060e-16  -7.4084784e-16  5.2185144e-17  -1.2440353e-17  -4.1270494e-16  6.9528052e-16  3.3022475e-16  -4.3797658e-17  1.0000000   8.0356616e-17  2.9317029e-16  -1.3580105e-16  -8.9048364e-16  4.0120438e-16  -1.0937571e-16  9.0916483e-17  4.1633577e-16  -6.0856670e-18  4.4637490e-16  5.4236266e-16  -3.1445152e-16  -5.4593137e-16  -3.8374594e-16  -2.9353521e-16  -1.0579670e-15  4.6153025e-16  -5.1304771e-16  8.0120579e-16  3.3660564e-16  -2.0874297e-16  -1.5658307e-16  -3.3172060e-16  -7.4084784e-16  5.2185144e-17  -1.2440353e-17  
2.4982117e-16  3.8387246e-16  5.9215190e-16  2.8079296e-17  8.0356616e-17  1.0000000   4.2403432e-17  -3.4989262e-16  2.4758312e-16  4.7233403e-16  8.1899018e-16  -4.9509924e-16  -3.1204239e-16  3.8986164e-16  -5.6903338e-17  -2.5477338e-16  -4.8913940e-16  5.2807535e-16  -5.3980553e-16  5.1031201e-16  -8.2342676e-17  -3.2226104e-16  -4.4693732e-16  -6.9829284e-16  2.9367535e-16  -8.4944891e-17  6.2689195e-16  -1.9031103e-17  -2.7114638e-16  -1.4776986e-16  4.6592279e-17  2.4982117e-16  3.8387246e-16  5.9215190e-16  2.8079296e-17  8.0356616e-17  1.0000000   4.2403432e-17  -3.4989262e-16  2.4758312e-16  4.7233403e-16  8.1899018e-16  -4.9509924e-16  -3.1204239e-16  3.8986164e-16  -5.6903338e-17  -2.5477338e-16  -4.8913940e-16  5.2807535e-16  -5.3980553e-16  5.1031201e-16  -8.2342676e-17  -3.2226104e-16  -4.4693732e-16  -6.9829284e-16  2.9367535e-16  -8.4944891e-17  6.2689195e-16  -1.9031103e-17  -2.7114638e-16  -1.4776986e-16  4.6592279e-17  
-2.2575045e-16  -4.5189130e-16  2.8172505e-16  -1.1188683e-16  2.9317029e-16  4.2403432e-17  1.0000000   1.1976376e-16  -2.9095952e-16  2.9346795e-16  -3.4213615e-16  -1.8176460e-16  2.3988862e-16  6.1972621e-16  2.5755522e-16  -7.4302787e-16  -6.9185281e-17  -4.6854137e-16  3.7706536e-16  2.4885219e-16  -9.4573183e-17  2.6264233e-17  5.0219164e-16  -8.1092511e-16  2.8683242e-17  -2.2770506e-16  5.9009214e-16  -4.0285590e-16  2.8122476e-16  -5.8294106e-16  9.0554436e-17  -2.2575045e-16  -4.5189130e-16  2.8172505e-16  -1.1188683e-16  2.9317029e-16  4.2403432e-17  1.0000000   1.1976376e-16  -2.9095952e-16  2.9346795e-16  -3.4213615e-16  -1.8176460e-16  2.3988862e-16  6.1972621e-16  2.5755522e-16  -7.4302787e-16  -6.9185281e-17  -4.6854137e-16  3.7706536e-16  2.4885219e-16  -9.4573183e-17  2.6264233e-17  5.0219164e-16  -8.1092511e-16  2.8683242e-17  -2.2770506e-16  5.9009214e-16  -4.0285590e-16  2.8122476e-16  -5.8294106e-16  9.0554436e-17  
-2.4236311e-16  4.8105168e-16  -6.6869362e-17  -1.8033688e-16  -1.3580105e-16  -3.4989262e-16  1.1976376e-16  1.0000000   6.8676634e-17  -3.0053753e-16  -8.9521477e-16  -4.2200524e-16  2.0700718e-16  4.9823133e-17  1.0206188e-15  7.6180237e-17  5.7511539e-17  6.7747561e-16  -5.5332471e-16  -2.8948492e-16  3.4603797e-17  -4.7918542e-16  -4.8332233e-16  -6.7526858e-17  4.3493600e-16  -3.9644877e-16  2.9276584e-16  -7.9322012e-16  6.9417632e-16  -1.2999560e-16  8.3642022e-16  -2.4236311e-16  4.8105168e-16  -6.6869362e-17  -1.8033688e-16  -1.3580105e-16  -3.4989262e-16  1.1976376e-16  1.0000000   6.8676634e-17  -3.0053753e-16  -8.9521477e-16  -4.2200524e-16  2.0700718e-16  4.9823133e-17  1.0206188e-15  7.6180237e-17  5.7511539e-17  6.7747561e-16  -5.5332471e-16  -2.8948492e-16  3.4603797e-17  -4.7918542e-16  -4.8332233e-16  -6.7526858e-17  4.3493600e-16  -3.9644877e-16  2.9276584e-16  -7.9322012e-16  6.9417632e-16  -1.2999560e-16  8.3642022e-16  
2.1792499e-16  3.1201993e-16  -1.2271781e-16  -4.9273993e-16  -8.9048364e-16  2.4758312e-16  -2.9095952e-16  6.8676634e-17  1.0000000   1.0908691e-16  -1.5679533e-17  2.8857030e-16  1.9195635e-16  -9.0493728e-17  -1.6569837e-16  2.6813763e-16  1.2805093e-16  -6.9116651e-16  3.9816678e-16  1.3665610e-16  -3.6156171e-16  -7.2218598e-17  -6.5070109e-16  -6.0005302e-16  5.2904740e-16  8.9980271e-16  -2.9833608e-16  3.4891983e-16  3.5913299e-16  -1.2165692e-16  -3.9700484e-16  2.1792499e-16  3.1201993e-16  -1.2271781e-16  -4.9273993e-16  -8.9048364e-16  2.4758312e-16  -2.9095952e-16  6.8676634e-17  1.0000000   1.0908691e-16  -1.5679533e-17  2.8857030e-16  1.9195635e-16  -9.0493728e-17  -1.6569837e-16  2.6813763e-16  1.2805093e-16  -6.9116651e-16  3.9816678e-16  1.3665610e-16  -3.6156171e-16  -7.2218598e-17  -6.5070109e-16  -6.0005302e-16  5.2904740e-16  8.9980271e-16  -2.9833608e-16  3.4891983e-16  3.5913299e-16  -1.2165692e-16  -3.9700484e-16  
2.0745352e-16  4.7517859e-16  7.5969691e-16  -2.9781255e-16  4.0120438e-16  4.7233403e-16  2.9346795e-16  -3.0053753e-16  1.0908691e-16  1.0000000   -9.3698050e-17  -3.2229958e-16  6.9761806e-16  -1.1771541e-16  8.3982569e-16  -3.4718206e-16  -3.1462464e-16  4.1635870e-17  5.4961012e-16  -6.5264957e-17  -2.1085744e-16  -3.4652876e-17  1.5789399e-17  3.5880321e-16  -3.9661277e-16  5.5616345e-17  1.6284816e-16  -2.2825344e-16  -6.7374867e-16  1.2538027e-17  -7.4561312e-17  2.0745352e-16  4.7517859e-16  7.5969691e-16  -2.9781255e-16  4.0120438e-16  4.7233403e-16  2.9346795e-16  -3.0053753e-16  1.0908691e-16  1.0000000   -9.3698050e-17  -3.2229958e-16  6.9761806e-16  -1.1771541e-16  8.3982569e-16  -3.4718206e-16  -3.1462464e-16  4.1635870e-17  5.4961012e-16  -6.5264957e-17  -2.1085744e-16  -3.4652876e-17  1.5789399e-17  3.5880321e-16  -3.9661277e-16  5.5616345e-17  1.6284816e-16  -2.2825344e-16  -6.7374867e-16  1.2538027e-17  -7.4561312e-17  
2.1659909e-16  -6.2749345e-16  -2.4365381e-16  3.0365635e-16  -1.0937571e-16  8.1899018e-16  -3.4213615e-16  -8.9521477e-16  -1.5679533e-17  -9.3698050e-17  1.0000000   1.3240061e-17  3.6948359e-16  -1.3454080e-16  3.0009888e-16  1.0197697e-16  7.8635756e-16  -2.8071191e-16  -2.9961425e-16  -3.4508943e-16  -1.6082501e-16  -6.3300632e-16  -4.3218770e-16  6.6529845e-16  -2.9591244e-17  1.8809170e-16  -1.8785054e-16  -5.1527191e-16  -4.3466760e-16  -1.0376283e-16  3.0574163e-16  2.1659909e-16  -6.2749345e-16  -2.4365381e-16  3.0365635e-16  -1.0937571e-16  8.1899018e-16  -3.4213615e-16  -8.9521477e-16  -1.5679533e-17  -9.3698050e-17  1.0000000   1.3240061e-17  3.6948359e-16  -1.3454080e-16  3.0009888e-16  1.0197697e-16  7.8635756e-16  -2.8071191e-16  -2.9961425e-16  -3.4508943e-16  -1.6082501e-16  -6.3300632e-16  -4.3218770e-16  6.6529845e-16  -2.9591244e-17  1.8809170e-16  -1.8785054e-16  -5.1527191e-16  -4.3466760e-16  -1.0376283e-16  3.0574163e-16  
1.3989021e-16  2.9869707e-16  -4.5897372e-16  5.2248648e-17  9.0916483e-17  -4.9509924e-16  -1.8176460e-16  -4.2200524e-16  2.8857030e-16  -3.2229958e-16  1.3240061e-17  1.0000000   1.7144165e-16  3.3975670e-16  -2.3097845e-16  8.2254503e-17  2.5942105e-17  2.8863158e-16  -1.4474600e-16  -3.6439797e-16  -1.6253387e-16  -2.0152043e-16  1.8232322e-16  6.1777182e-17  -9.5422080e-17  3.6089928e-16  3.3614666e-16  1.0451377e-16  -7.6667925e-16  -1.3977956e-17  -6.2208974e-18  1.3989021e-16  2.9869707e-16  -4.5897372e-16  5.2248648e-17  9.0916483e-17  -4.9509924e-16  -1.8176460e-16  -4.2200524e-16  2.8857030e-16  -3.2229958e-16  1.3240061e-17  1.0000000   1.7144165e-16  3.3975670e-16  -2.3097845e-16  8.2254503e-17  2.5942105e-17  2.8863158e-16  -1.4474600e-16  -3.6439797e-16  -1.6253387e-16  -2.0152043e-16  1.8232322e-16  6.1777182e-17  -9.5422080e-17  3.6089928e-16  3.3614666e-16  1.0451377e-16  -7.6667925e-16  -1.3977956e-17  -6.2208974e-18  
6.5921471e-16  2.4767695e-16  -4.2642979e-16  -1.6490125e-16  4.1633577e-16  -3.1204239e-16  2.3988862e-16  2.0700718e-16  1.9195635e-16  6.9761806e-16  3.6948359e-16  1.7144165e-16  1.0000000   -7.0112901e-16  6.4742384e-17  -3.8294870e-16  -2.2997463e-16  3.7052401e-17  -5.2877738e-16  8.5151660e-17  3.4139231e-16  -5.9604937e-16  -4.9297531e-16  -2.5857386e-16  -1.2243771e-16  4.0098917e-16  -3.0882555e-16  6.9576935e-16  7.3240054e-16  -1.6433019e-16  -1.8181815e-16  6.5921471e-16  2.4767695e-16  -4.2642979e-16  -1.6490125e-16  4.1633577e-16  -3.1204239e-16  2.3988862e-16  2.0700718e-16  1.9195635e-16  6.9761806e-16  3.6948359e-16  1.7144165e-16  1.0000000   -7.0112901e-16  6.4742384e-17  -3.8294870e-16  -2.2997463e-16  3.7052401e-17  -5.2877738e-16  8.5151660e-17  3.4139231e-16  -5.9604937e-16  -4.9297531e-16  -2.5857386e-16  -1.2243771e-16  4.0098917e-16  -3.0882555e-16  6.9576935e-16  7.3240054e-16  -1.6433019e-16  -1.8181815e-16  
8.9634231e-17  -1.6608999e-17  5.0336102e-16  3.2266818e-17  -6.0856670e-18  3.8986164e-16  6.1972621e-16  4.9823133e-17  -9.0493728e-17  -1.1771541e-16  -1.3454080e-16  3.3975670e-16  -7.0112901e-16  1.0000000   -5.7057202e-16  -2.8532005e-16  7.1394323e-17  4.9447092e-16  3.7028596e-17  1.0275036e-16  -2.9588053e-16  1.2579522e-16  -1.3300826e-16  -3.9273611e-16  9.5853329e-17  -5.6928373e-17  2.8170190e-16  4.2912418e-16  1.9437030e-16  1.8086934e-16  9.1095649e-17  8.9634231e-17  -1.6608999e-17  5.0336102e-16  3.2266818e-17  -6.0856670e-18  3.8986164e-16  6.1972621e-16  4.9823133e-17  -9.0493728e-17  -1.1771541e-16  -1.3454080e-16  3.3975670e-16  -7.0112901e-16  1.0000000   -5.7057202e-16  -2.8532005e-16  7.1394323e-17  4.9447092e-16  3.7028596e-17  1.0275036e-16  -2.9588053e-16  1.2579522e-16  -1.3300826e-16  -3.9273611e-16  9.5853329e-17  -5.6928373e-17  2.8170190e-16  4.2912418e-16  1.9437030e-16  1.8086934e-16  9.1095649e-17  
2.4198811e-16  -6.6801988e-17  -1.6490638e-17  1.2002609e-16  4.4637490e-16  -5.6903338e-17  2.5755522e-16  1.0206188e-15  -1.6569837e-16  8.3982569e-16  3.0009888e-16  -2.3097845e-16  6.4742384e-17  -5.7057202e-16  1.0000000   6.7324320e-16  -2.5893721e-17  -3.0176327e-16  2.2331656e-16  5.0387873e-16  -5.0540375e-16  -2.3001903e-16  -4.4509838e-17  -7.0941189e-16  7.4106699e-17  3.0170253e-16  3.2480751e-16  -3.4300217e-16  -4.5225741e-17  2.7835775e-16  -1.7601961e-16  2.4198811e-16  -6.6801988e-17  -1.6490638e-17  1.2002609e-16  4.4637490e-16  -5.6903338e-17  2.5755522e-16  1.0206188e-15  -1.6569837e-16  8.3982569e-16  3.0009888e-16  -2.3097845e-16  6.4742384e-17  -5.7057202e-16  1.0000000   6.7324320e-16  -2.5893721e-17  -3.0176327e-16  2.2331656e-16  5.0387873e-16  -5.0540375e-16  -2.3001903e-16  -4.4509838e-17  -7.0941189e-16  7.4106699e-17  3.0170253e-16  3.2480751e-16  -3.4300217e-16  -4.5225741e-17  2.7835775e-16  -1.7601961e-16  
-9.8893227e-17  5.7167511e-18  -8.7392704e-17  -4.4736114e-16  5.4236266e-16  -2.5477338e-16  -7.4302787e-16  7.6180237e-17  2.6813763e-16  -3.4718206e-16  1.0197697e-16  8.2254503e-17  -3.8294870e-16  -2.8532005e-16  6.7324320e-16  1.0000000   -2.1819698e-16  2.7259293e-16  2.8373564e-16  -4.3725672e-16  3.6958325e-17  3.4479858e-16  1.3919838e-16  -2.1381926e-16  3.3818630e-16  3.1795340e-17  3.3715580e-16  -6.0147793e-17  -2.3696033e-16  1.9345558e-17  1.1431262e-16  -9.8893227e-17  5.7167511e-18  -8.7392704e-17  -4.4736114e-16  5.4236266e-16  -2.5477338e-16  -7.4302787e-16  7.6180237e-17  2.6813763e-16  -3.4718206e-16  1.0197697e-16  8.2254503e-17  -3.8294870e-16  -2.8532005e-16  6.7324320e-16  1.0000000   -2.1819698e-16  2.7259293e-16  2.8373564e-16  -4.3725672e-16  3.6958325e-17  3.4479858e-16  1.3919838e-16  -2.1381926e-16  3.3818630e-16  3.1795340e-17  3.3715580e-16  -6.0147793e-17  -2.3696033e-16  1.9345558e-17  1.1431262e-16  
1.1064401e-16  -6.7618799e-17  3.0426527e-16  9.8836898e-17  -3.1445152e-16  -4.8913940e-16  -6.9185281e-17  5.7511539e-17  1.2805093e-16  -3.1462464e-16  7.8635756e-16  2.5942105e-17  -2.2997463e-16  7.1394323e-17  -2.5893721e-17  -2.1819698e-16  1.0000000   -3.0262719e-16  6.1681258e-16  -4.9815985e-16  -3.2216119e-16  2.9172355e-16  -2.9033676e-16  -2.9150758e-16  -1.1405246e-16  -4.4821575e-16  -1.3242084e-16  -1.9584889e-16  6.1713900e-16  6.1533372e-16  4.1065214e-16  1.1064401e-16  -6.7618799e-17  3.0426527e-16  9.8836898e-17  -3.1445152e-16  -4.8913940e-16  -6.9185281e-17  5.7511539e-17  1.2805093e-16  -3.1462464e-16  7.8635756e-16  2.5942105e-17  -2.2997463e-16  7.1394323e-17  -2.5893721e-17  -2.1819698e-16  1.0000000   -3.0262719e-16  6.1681258e-16  -4.9815985e-16  -3.2216119e-16  2.9172355e-16  -2.9033676e-16  -2.9150758e-16  -1.1405246e-16  -4.4821575e-16  -1.3242084e-16  -1.9584889e-16  6.1713900e-16  6.1533372e-16  4.1065214e-16  
-2.3771432e-16  5.3290153e-16  6.4608205e-16  -8.8609441e-16  -5.4593137e-16  5.2807535e-16  -4.6854137e-16  6.7747561e-16  -6.9116651e-16  4.1635870e-17  -2.8071191e-16  2.8863158e-16  3.7052401e-17  4.9447092e-16  -3.0176327e-16  2.7259293e-16  -3.0262719e-16  1.0000000   5.4721985e-16  1.9741219e-16  -1.8378188e-16  1.9966833e-16  -4.8687958e-16  7.4562800e-17  -4.0245879e-16  9.2234966e-17  -2.6897853e-16  2.0742307e-16  4.2552383e-17  7.1893256e-17  3.4191473e-16  -2.3771432e-16  5.3290153e-16  6.4608205e-16  -8.8609441e-16  -5.4593137e-16  5.2807535e-16  -4.6854137e-16  6.7747561e-16  -6.9116651e-16  4.1635870e-17  -2.8071191e-16  2.8863158e-16  3.7052401e-17  4.9447092e-16  -3.0176327e-16  2.7259293e-16  -3.0262719e-16  1.0000000   5.4721985e-16  1.9741219e-16  -1.8378188e-16  1.9966833e-16  -4.8687958e-16  7.4562800e-17  -4.0245879e-16  9.2234966e-17  -2.6897853e-16  2.0742307e-16  4.2552383e-17  7.1893256e-17  3.4191473e-16  
-3.4382558e-16  -3.3588628e-16  -5.1978772e-16  -2.1797909e-16  -3.8374594e-16  -5.3980553e-16  3.7706536e-16  -5.5332471e-16  3.9816678e-16  5.4961012e-16  -2.9961425e-16  -1.4474600e-16  -5.2877738e-16  3.7028596e-17  2.2331656e-16  2.8373564e-16  6.1681258e-16  5.4721985e-16  1.0000000   -7.4916362e-17  -1.0699624e-16  1.0454353e-16  4.9126161e-16  -4.1483664e-16  2.9720791e-16  -3.0037155e-16  -9.7233819e-17  5.7786868e-16  2.7212377e-16  -4.2956448e-16  -2.3593421e-16  -3.4382558e-16  -3.3588628e-16  -5.1978772e-16  -2.1797909e-16  -3.8374594e-16  -5.3980553e-16  3.7706536e-16  -5.5332471e-16  3.9816678e-16  5.4961012e-16  -2.9961425e-16  -1.4474600e-16  -5.2877738e-16  3.7028596e-17  2.2331656e-16  2.8373564e-16  6.1681258e-16  5.4721985e-16  1.0000000   -7.4916362e-17  -1.0699624e-16  1.0454353e-16  4.9126161e-16  -4.1483664e-16  2.9720791e-16  -3.0037155e-16  -9.7233819e-17  5.7786868e-16  2.7212377e-16  -4.2956448e-16  -2.3593421e-16  
3.2651865e-16  3.8805693e-17  3.5128389e-16  -4.7934595e-17  -2.9353521e-16  5.1031201e-16  2.4885219e-16  -2.8948492e-16  1.3665610e-16  -6.5264957e-17  -3.4508943e-16  -3.6439797e-16  8.5151660e-17  1.0275036e-16  5.0387873e-16  -4.3725672e-16  -4.9815985e-16  1.9741219e-16  -7.4916362e-17  1.0000000   -2.8061574e-16  -5.4029651e-17  5.1650505e-16  -6.1100687e-16  4.3840845e-16  -1.0238968e-16  7.2659895e-16  2.7386228e-16  5.5576709e-16  1.3783215e-16  -3.9867398e-16  3.2651865e-16  3.8805693e-17  3.5128389e-16  -4.7934595e-17  -2.9353521e-16  5.1031201e-16  2.4885219e-16  -2.8948492e-16  1.3665610e-16  -6.5264957e-17  -3.4508943e-16  -3.6439797e-16  8.5151660e-17  1.0275036e-16  5.0387873e-16  -4.3725672e-16  -4.9815985e-16  1.9741219e-16  -7.4916362e-17  1.0000000   -2.8061574e-16  -5.4029651e-17  5.1650505e-16  -6.1100687e-16  4.3840845e-16  -1.0238968e-16  7.2659895e-16  2.7386228e-16  5.5576709e-16  1.3783215e-16  -3.9867398e-16  
-1.2123197e-15  -4.3466034e-16  3.4038058e-17  -4.1202997e-16  -1.0579670e-15  -8.2342676e-17  -9.4573183e-17  3.4603797e-17  -3.6156171e-16  -2.1085744e-16  -1.6082501e-16  -1.6253387e-16  3.4139231e-16  -2.9588053e-16  -5.0540375e-16  3.6958325e-17  -3.2216119e-16  -1.8378188e-16  -1.0699624e-16  -2.8061574e-16  1.0000000   -4.3330580e-16  1.0085392e-15  6.3700608e-16  -4.1911120e-16  4.5761142e-17  2.5371007e-16  4.1089502e-16  -5.5112033e-16  -3.3571123e-16  8.1176679e-16  -1.2123197e-15  -4.3466034e-16  3.4038058e-17  -4.1202997e-16  -1.0579670e-15  -8.2342676e-17  -9.4573183e-17  3.4603797e-17  -3.6156171e-16  -2.1085744e-16  -1.6082501e-16  -1.6253387e-16  3.4139231e-16  -2.9588053e-16  -5.0540375e-16  3.6958325e-17  -3.2216119e-16  -1.8378188e-16  -1.0699624e-16  -2.8061574e-16  1.0000000   -4.3330580e-16  1.0085392e-15  6.3700608e-16  -4.1911120e-16  4.5761142e-17  2.5371007e-16  4.1089502e-16  -5.5112033e-16  -3.3571123e-16  8.1176679e-16  
-3.5628921e-16  -3.5060570e-16  -2.3778030e-16  -9.7070053e-16  4.6153025e-16  -3.2226104e-16  2.6264233e-17  -4.7918542e-16  -7.2218598e-17  -3.4652876e-17  -6.3300632e-16  -2.0152043e-16  -5.9604937e-16  1.2579522e-16  -2.3001903e-16  3.4479858e-16  2.9172355e-16  1.9966833e-16  1.0454353e-16  -5.4029651e-17  -4.3330580e-16  1.0000000   -8.2041626e-16  -1.1996185e-16  -1.2562346e-16  -1.6028422e-16  2.7199803e-16  1.0367685e-15  5.4424899e-16  -4.9229993e-16  -2.3718964e-16  -3.5628921e-16  -3.5060570e-16  -2.3778030e-16  -9.7070053e-16  4.6153025e-16  -3.2226104e-16  2.6264233e-17  -4.7918542e-16  -7.2218598e-17  -3.4652876e-17  -6.3300632e-16  -2.0152043e-16  -5.9604937e-16  1.2579522e-16  -2.3001903e-16  3.4479858e-16  2.9172355e-16  1.9966833e-16  1.0454353e-16  -5.4029651e-17  -4.3330580e-16  1.0000000   -8.2041626e-16  -1.1996185e-16  -1.2562346e-16  -1.6028422e-16  2.7199803e-16  1.0367685e-15  5.4424899e-16  -4.9229993e-16  -2.3718964e-16  
6.0009348e-16  2.0881761e-16  4.9419077e-16  6.4026161e-16  -5.1304771e-16  -4.4693732e-16  5.0219164e-16  -4.8332233e-16  -6.5070109e-16  1.5789399e-17  -4.3218770e-16  1.8232322e-16  -4.9297531e-16  -1.3300826e-16  -4.4509838e-17  1.3919838e-16  -2.9033676e-16  -4.8687958e-16  4.9126161e-16  5.1650505e-16  1.0085392e-15  -8.2041626e-16  1.0000000   3.1189786e-16  -9.2581504e-16  6.7690008e-16  -1.6530569e-16  2.7012741e-16  -5.2488320e-17  8.8082824e-18  -1.8964218e-16  6.0009348e-16  2.0881761e-16  4.9419077e-16  6.4026161e-16  -5.1304771e-16  -4.4693732e-16  5.0219164e-16  -4.8332233e-16  -6.5070109e-16  1.5789399e-17  -4.3218770e-16  1.8232322e-16  -4.9297531e-16  -1.3300826e-16  -4.4509838e-17  1.3919838e-16  -2.9033676e-16  -4.8687958e-16  4.9126161e-16  5.1650505e-16  1.0085392e-15  -8.2041626e-16  1.0000000   3.1189786e-16  -9.2581504e-16  6.7690008e-16  -1.6530569e-16  2.7012741e-16  -5.2488320e-17  8.8082824e-18  -1.8964218e-16  
-2.6161190e-16  3.2946618e-16  -9.7014129e-17  3.1241628e-16  8.0120579e-16  -6.9829284e-16  -8.1092511e-16  -6.7526858e-17  -6.0005302e-16  3.5880321e-16  6.6529845e-16  6.1777182e-17  -2.5857386e-16  -3.9273611e-16  -7.0941189e-16  -2.1381926e-16  -2.9150758e-16  7.4562800e-17  -4.1483664e-16  -6.1100687e-16  6.3700608e-16  -1.1996185e-16  3.1189786e-16  1.0000000   -3.6336189e-16  -6.5481685e-17  5.6215659e-16  -6.5253794e-16  8.5461865e-17  -9.7404210e-17  3.4690564e-16  -2.6161190e-16  3.2946618e-16  -9.7014129e-17  3.1241628e-16  8.0120579e-16  -6.9829284e-16  -8.1092511e-16  -6.7526858e-17  -6.0005302e-16  3.5880321e-16  6.6529845e-16  6.1777182e-17  -2.5857386e-16  -3.9273611e-16  -7.0941189e-16  -2.1381926e-16  -2.9150758e-16  7.4562800e-17  -4.1483664e-16  -6.1100687e-16  6.3700608e-16  -1.1996185e-16  3.1189786e-16  1.0000000   -3.6336189e-16  -6.5481685e-17  5.6215659e-16  -6.5253794e-16  8.5461865e-17  -9.7404210e-17  3.4690564e-16  
4.8728207e-17  2.4684194e-16  -2.6273225e-16  -7.0927097e-16  3.3660564e-16  2.9367535e-16  2.8683242e-17  4.3493600e-16  5.2904740e-16  -3.9661277e-16  -2.9591244e-17  -9.5422080e-17  -1.2243771e-16  9.5853329e-17  7.4106699e-17  3.3818630e-16  -1.1405246e-16  -4.0245879e-16  2.9720791e-16  4.3840845e-16  -4.1911120e-16  -1.2562346e-16  -9.2581504e-16  -3.6336189e-16  1.0000000   -2.0342177e-16  -3.4846771e-16  -6.5284950e-16  -2.9889138e-16  7.1123831e-16  -4.5074293e-16  4.8728207e-17  2.4684194e-16  -2.6273225e-16  -7.0927097e-16  3.3660564e-16  2.9367535e-16  2.8683242e-17  4.3493600e-16  5.2904740e-16  -3.9661277e-16  -2.9591244e-17  -9.5422080e-17  -1.2243771e-16  9.5853329e-17  7.4106699e-17  3.3818630e-16  -1.1405246e-16  -4.0245879e-16  2.9720791e-16  4.3840845e-16  -4.1911120e-16  -1.2562346e-16  -9.2581504e-16  -3.6336189e-16  1.0000000   -2.0342177e-16  -3.4846771e-16  -6.5284950e-16  -2.9889138e-16  7.1123831e-16  -4.5074293e-16  
5.2119235e-16  -1.5534593e-16  8.1672705e-17  3.4157087e-16  -2.0874297e-16  -8.4944891e-17  -2.2770506e-16  -3.9644877e-16  8.9980271e-16  5.5616345e-17  1.8809170e-16  3.6089928e-16  4.0098917e-16  -5.6928373e-17  3.0170253e-16  3.1795340e-17  -4.4821575e-16  9.2234966e-17  -3.0037155e-16  -1.0238968e-16  4.5761142e-17  -1.6028422e-16  6.7690008e-16  -6.5481685e-17  -2.0342177e-16  1.0000000   2.2631839e-16  -3.8029809e-16  -3.6842069e-17  1.5205101e-16  -1.0119483e-15  5.2119235e-16  -1.5534593e-16  8.1672705e-17  3.4157087e-16  -2.0874297e-16  -8.4944891e-17  -2.2770506e-16  -3.9644877e-16  8.9980271e-16  5.5616345e-17  1.8809170e-16  3.6089928e-16  4.0098917e-16  -5.6928373e-17  3.0170253e-16  3.1795340e-17  -4.4821575e-16  9.2234966e-17  -3.0037155e-16  -1.0238968e-16  4.5761142e-17  -1.6028422e-16  6.7690008e-16  -6.5481685e-17  -2.0342177e-16  1.0000000   2.2631839e-16  -3.8029809e-16  -3.6842069e-17  1.5205101e-16  -1.0119483e-15  
-5.2790995e-16  -3.3448280e-16  -1.6524644e-16  9.8048469e-17  -1.5658307e-16  6.2689195e-16  5.9009214e-16  2.9276584e-16  -2.9833608e-16  1.6284816e-16  -1.8785054e-16  3.3614666e-16  -3.0882555e-16  2.8170190e-16  3.2480751e-16  3.3715580e-16  -1.3242084e-16  -2.6897853e-16  -9.7233819e-17  7.2659895e-16  2.5371007e-16  2.7199803e-16  -1.6530569e-16  5.6215659e-16  -3.4846771e-16  2.2631839e-16  1.0000000   7.9092188e-16  5.0238244e-16  -4.0459259e-16  4.7953053e-16  -5.2790995e-16  -3.3448280e-16  -1.6524644e-16  9.8048469e-17  -1.5658307e-16  6.2689195e-16  5.9009214e-16  2.9276584e-16  -2.9833608e-16  1.6284816e-16  -1.8785054e-16  3.3614666e-16  -3.0882555e-16  2.8170190e-16  3.2480751e-16  3.3715580e-16  -1.3242084e-16  -2.6897853e-16  -9.7233819e-17  7.2659895e-16  2.5371007e-16  2.7199803e-16  -1.6530569e-16  5.6215659e-16  -3.4846771e-16  2.2631839e-16  1.0000000   7.9092188e-16  5.0238244e-16  -4.0459259e-16  4.7953053e-16  
4.0311124e-16  -9.9127262e-16  2.1619888e-16  -7.2016621e-17  -3.3172060e-16  -1.9031103e-17  -4.0285590e-16  -7.9322012e-16  3.4891983e-16  -2.2825344e-16  -5.1527191e-16  1.0451377e-16  6.9576935e-16  4.2912418e-16  -3.4300217e-16  -6.0147793e-17  -1.9584889e-16  2.0742307e-16  5.7786868e-16  2.7386228e-16  4.1089502e-16  1.0367685e-15  2.7012741e-16  -6.5253794e-16  -6.5284950e-16  -3.8029809e-16  7.9092188e-16  1.0000000   -4.2618553e-16  1.3239003e-16  -7.8287737e-16  4.0311124e-16  -9.9127262e-16  2.1619888e-16  -7.2016621e-17  -3.3172060e-16  -1.9031103e-17  -4.0285590e-16  -7.9322012e-16  3.4891983e-16  -2.2825344e-16  -5.1527191e-16  1.0451377e-16  6.9576935e-16  4.2912418e-16  -3.4300217e-16  -6.0147793e-17  -1.9584889e-16  2.0742307e-16  5.7786868e-16  2.7386228e-16  4.1089502e-16  1.0367685e-15  2.7012741e-16  -6.5253794e-16  -6.5284950e-16  -3.8029809e-16  7.9092188e-16  1.0000000   -4.2618553e-16  1.3239003e-16  -7.8287737e-16  
-5.5640874e-16  -8.5431499e-16  5.8742316e-16  -3.5179609e-16  -7.4084784e-16  -2.7114638e-16  2.8122476e-16  6.9417632e-16  3.5913299e-16  -6.7374867e-16  -4.3466760e-16  -7.6667925e-16  7.3240054e-16  1.9437030e-16  -4.5225741e-17  -2.3696033e-16  6.1713900e-16  4.2552383e-17  2.7212377e-16  5.5576709e-16  -5.5112033e-16  5.4424899e-16  -5.2488320e-17  8.5461865e-17  -2.9889138e-16  -3.6842069e-17  5.0238244e-16  -4.2618553e-16  1.0000000   -3.0026370e-16  2.7339465e-16  -5.5640874e-16  -8.5431499e-16  5.8742316e-16  -3.5179609e-16  -7.4084784e-16  -2.7114638e-16  2.8122476e-16  6.9417632e-16  3.5913299e-16  -6.7374867e-16  -4.3466760e-16  -7.6667925e-16  7.3240054e-16  1.9437030e-16  -4.5225741e-17  -2.3696033e-16  6.1713900e-16  4.2552383e-17  2.7212377e-16  5.5576709e-16  -5.5112033e-16  5.4424899e-16  -5.2488320e-17  8.5461865e-17  -2.9889138e-16  -3.6842069e-17  5.0238244e-16  -4.2618553e-16  1.0000000   -3.0026370e-16  2.7339465e-16  
-2.4157369e-16  4.2277569e-16  -5.5461636e-17  -1.0797582e-17  5.2185144e-17  -1.4776986e-16  -5.8294106e-16  -1.2999560e-16  -1.2165692e-16  1.2538027e-17  -1.0376283e-16  -1.3977956e-17  -1.6433019e-16  1.8086934e-16  2.7835775e-16  1.9345558e-17  6.1533372e-16  7.1893256e-17  -4.2956448e-16  1.3783215e-16  -3.3571123e-16  -4.9229993e-16  8.8082824e-18  -9.7404210e-17  7.1123831e-16  1.5205101e-16  -4.0459259e-16  1.3239003e-16  -3.0026370e-16  1.0000000   2.8550492e-16  -2.4157369e-16  4.2277569e-16  -5.5461636e-17  -1.0797582e-17  5.2185144e-17  -1.4776986e-16  -5.8294106e-16  -1.2999560e-16  -1.2165692e-16  1.2538027e-17  -1.0376283e-16  -1.3977956e-17  -1.6433019e-16  1.8086934e-16  2.7835775e-16  1.9345558e-17  6.1533372e-16  7.1893256e-17  -4.2956448e-16  1.3783215e-16  -3.3571123e-16  -4.9229993e-16  8.8082824e-18  -9.7404210e-17  7.1123831e-16  1.5205101e-16  -4.0459259e-16  1.3239003e-16  -3.0026370e-16  1.0000000   2.8550492e-16  
6.6699854e-16  5.8089845e-16  6.2063747e-16  3.4719082e-16  -1.2440353e-17  4.6592279e-17  9.0554436e-17  8.3642022e-16  -3.9700484e-16  -7.4561312e-17  3.0574163e-16  -6.2208974e-18  -1.8181815e-16  9.1095649e-17  -1.7601961e-16  1.1431262e-16  4.1065214e-16  3.4191473e-16  -2.3593421e-16  -3.9867398e-16  8.1176679e-16  -2.3718964e-16  -1.8964218e-16  3.4690564e-16  -4.5074293e-16  -1.0119483e-15  4.7953053e-16  -7.8287737e-16  2.7339465e-16  2.8550492e-16  1.0000000   6.6699854e-16  5.8089845e-16  6.2063747e-16  3.4719082e-16  -1.2440353e-17  4.6592279e-17  9.0554436e-17  8.3642022e-16  -3.9700484e-16  -7.4561312e-17  3.0574163e-16  -6.2208974e-18  -1.8181815e-16  9.1095649e-17  -1.7601961e-16  1.1431262e-16  4.1065214e-16  3.4191473e-16  -2.3593421e-16  -3.9867398e-16  8.1176679e-16  -2.3718964e-16  -1.8964218e-16  3.4690564e-16  -4.5074293e-16  -1.0119483e-15  4.7953053e-16  -7.8287737e-16  2.7339465e-16  2.8550492e-16  1.0000000   
1.0000000   7.3505142e-16  4.7682364e-16  -1.1518953e-17  -4.1270494e-16  2.4982117e-16  -2.2575045e-16  -2.4236311e-16  2.1792499e-16  2.0745352e-16  2.1659909e-16  1.3989021e-16  6.5921471e-16  8.9634231e-17  2.4198811e-16  -9.8893227e-17  1.1064401e-16  -2.3771432e-16  -3.4382558e-16  3.2651865e-16  -1.2123197e-15  -3.5628921e-16  6.0009348e-16  -2.6161190e-16  4.8728207e-17  5.2119235e-16  -5.2790995e-16  4.0311124e-16  -5.5640874e-16  -2.4157369e-16  6.6699854e-16  1.0000000   7.3505142e-16  4.7682364e-16  -1.1518953e-17  -4.1270494e-16  2.4982117e-16  -2.2575045e-16  -2.4236311e-16  2.1792499e-16  2.0745352e-16  2.1659909e-16  1.3989021e-16  6.5921471e-16  8.9634231e-17  2.4198811e-16  -9.8893227e-17  1.1064401e-16  -2.3771432e-16  -3.4382558e-16  3.2651865e-16  -1.2123197e-15  -3.5628921e-16  6.0009348e-16  -2.6161190e-16  4.8728207e-17  5.2119235e-16  -5.2790995e-16  4.0311124e-16  -5.5640874e-16  -2.4157369e-16  6.6699854e-16  
7.3505142e-16  1.0000000   7.9658777e-17  9.1655355e-16  6.9528052e-16  3.8387246e-16  -4.5189130e-16  4.8105168e-16  3.1201993e-16  4.7517859e-16  -6.2749345e-16  2.9869707e-16  2.4767695e-16  -1.6608999e-17  -6.6801988e-17  5.7167511e-18  -6.7618799e-17  5.3290153e-16  -3.3588628e-16  3.8805693e-17  -4.3466034e-16  -3.5060570e-16  2.0881761e-16  3.2946618e-16  2.4684194e-16  -1.5534593e-16  -3.3448280e-16  -9.9127262e-16  -8.5431499e-16  4.2277569e-16  5.8089845e-16  7.3505142e-16  1.0000000   7.9658777e-17  9.1655355e-16  6.9528052e-16  3.8387246e-16  -4.5189130e-16  4.8105168e-16  3.1201993e-16  4.7517859e-16  -6.2749345e-16  2.9869707e-16  2.4767695e-16  -1.6608999e-17  -6.6801988e-17  5.7167511e-18  -6.7618799e-17  5.3290153e-16  -3.3588628e-16  3.8805693e-17  -4.3466034e-16  -3.5060570e-16  2.0881761e-16  3.2946618e-16  2.4684194e-16  -1.5534593e-16  -3.3448280e-16  -9.9127262e-16  -8.5431499e-16  4.2277569e-16  5.8089845e-16  
4.7682364e-16  7.9658777e-17  1.0000000   3.4924679e-16  3.3022475e-16  5.9215190e-16  2.8172505e-16  -6.6869362e-17  -1.2271781e-16  7.5969691e-16  -2.4365381e-16  -4.5897372e-16  -4.2642979e-16  5.0336102e-16  -1.6490638e-17  -8.7392704e-17  3.0426527e-16  6.4608205e-16  -5.1978772e-16  3.5128389e-16  3.4038058e-17  -2.3778030e-16  4.9419077e-16  -9.7014129e-17  -2.6273225e-16  8.1672705e-17  -1.6524644e-16  2.1619888e-16  5.8742316e-16  -5.5461636e-17  6.2063747e-16  4.7682364e-16  7.9658777e-17  1.0000000   3.4924679e-16  3.3022475e-16  5.9215190e-16  2.8172505e-16  -6.6869362e-17  -1.2271781e-16  7.5969691e-16  -2.4365381e-16  -4.5897372e-16  -4.2642979e-16  5.0336102e-16  -1.6490638e-17  -8.7392704e-17  3.0426527e-16  6.4608205e-16  -5.1978772e-16  3.5128389e-16  3.4038058e-17  -2.3778030e-16  4.9419077e-16  -9.7014129e-17  -2.6273225e-16  8.1672705e-17  -1.6524644e-16  2.1619888e-16  5.8742316e-16  -5.5461636e-17  6.2063747e-16  
-1.1518953e-17  9.1655355e-16  3.4924679e-16  1.0000000   -4.3797658e-17  2.8079296e-17  -1.1188683e-16  -1.8033688e-16  -4.9273993e-16  -2.9781255e-16  3.0365635e-16  5.2248648e-17  -1.6490125e-16  3.2266818e-17  1.2002609e-16  -4.4736114e-16  9.8836898e-17  -8.8609441e-16  -2.1797909e-16  -4.7934595e-17  -4.1202997e-16  -9.7070053e-16  6.4026161e-16  3.1241628e-16  -7.0927097e-16  3.4157087e-16  9.8048469e-17  -7.2016621e-17  -3.5179609e-16  -1.0797582e-17  3.4719082e-16  -1.1518953e-17  9.1655355e-16  3.4924679e-16  1.0000000   -4.3797658e-17  2.8079296e-17  -1.1188683e-16  -1.8033688e-16  -4.9273993e-16  -2.9781255e-16  3.0365635e-16  5.2248648e-17  -1.6490125e-16  3.2266818e-17  1.2002609e-16  -4.4736114e-16  9.8836898e-17  -8.8609441e-16  -2.1797909e-16  -4.7934595e-17  -4.1202997e-16  -9.7070053e-16  6.4026161e-16  3.1241628e-16  -7.0927097e-16  3.4157087e-16  9.8048469e-17  -7.2016621e-17  -3.5179609e-16  -1.0797582e-17  3.4719082e-16  
-4.1270494e-16  6.9528052e-16  3.3022475e-16  -4.3797658e-17  1.0000000   8.0356616e-17  2.9317029e-16  -1.3580105e-16  -8.9048364e-16  4.0120438e-16  -1.0937571e-16  9.0916483e-17  4.1633577e-16  -6.0856670e-18  4.4637490e-16  5.4236266e-16  -3.1445152e-16  -5.4593137e-16  -3.8374594e-16  -2.9353521e-16  -1.0579670e-15  4.6153025e-16  -5.1304771e-16  8.0120579e-16  3.3660564e-16  -2.0874297e-16  -1.5658307e-16  -3.3172060e-16  -7.4084784e-16  5.2185144e-17  -1.2440353e-17  -4.1270494e-16  6.9528052e-16  3.3022475e-16  -4.3797658e-17  1.0000000   8.0356616e-17  2.9317029e-16  -1.3580105e-16  -8.9048364e-16  4.0120438e-16  -1.0937571e-16  9.0916483e-17  4.1633577e-16  -6.0856670e-18  4.4637490e-16  5.4236266e-16  -3.1445152e-16  -5.4593137e-16  -3.8374594e-16  -2.9353521e-16  -1.0579670e-15  4.6153025e-16  -5.1304771e-16  8.0120579e-16  3.3660564e-16  -2.0874297e-16  -1.5658307e-16  -3.3172060e-16  -7.4084784e-16  5.2185144e-17  -1.2440353e-17  
2.4982117e-16  3.8387246e-16  5.9215190e-16  2.8079296e-17  8.0356616e-17  1.0000000   4.2403432e-17  -3.4989262e-16  2.4758312e-16  4.7233403e-16  8.1899018e-16  -4.9509924e-16  -3.1204239e-16  3.8986164e-16  -5.6903338e-17  -2.5477338e-16  -4.8913940e-16  5.2807535e-16  -5.3980553e-16  5.1031201e-16  -8.2342676e-17  -3.2226104e-16  -4.4693732e-16  -6.9829284e-16  2.9367535e-16  -8.4944891e-17  6.2689195e-16  -1.9031103e-17  -2.7114638e-16  -1.4776986e-16  4.6592279e-17  2.4982117e-16  3.8387246e-16  5.9215190e-16  2.8079296e-17  8.0356616e-17  1.0000000   4.2403432e-17  -3.4989262e-16  2.4758312e-16  4.7233403e-16  8.1899018e-16  -4.9509924e-16  -3.1204239e-16  3.8986164e-16  -5.6903338e-17  -2.5477338e-16  -4.8913940e-16  5.2807535e-16  -5.3980553e-16  5.1031201e-16  -8.2342676e-17  -3.2226104e-16  -4.4693732e-16  -6.9829284e-16  2.9367535e-16  -8.4944891e-17  6.2689195e-16  -1.9031103e-17  -2.7114638e-16  -1.4776986e-16  4.6592279e-17  
-2.2575045e-16  -4.5189130e-16  2.8172505e-16  -1.1188683e-16  2.9317029e-16  4.2403432e-17  1.0000000   1.1976376e-16  -2.9095952e-16  2.9346795e-16  -3.4213615e-16  -1.8176460e-16  2.3988862e-16  6.1972621e-16  2.5755522e-16  -7.4302787e-16  -6.9185281e-17  -4.6854137e-16  3.7706536e-16  2.4885219e-16  -9.4573183e-17  2.6264233e-17  5.0219164e-16  -8.1092511e-16  2.8683242e-17  -2.2770506e-16  5.9009214e-16  -4.0285590e-16  2.8122476e-16  -5.8294106e-16  9.0554436e-17  -2.2575045e-16  -4.5189130e-16  2.8172505e-16  -1.1188683e-16  2.9317029e-16  4.2403432e-17  1.0000000   1.1976376e-16  -2.9095952e-16  2.9346795e-16  -3.4213615e-16  -1.8176460e-16  2.3988862e-16  6.1972621e-16  2.5755522e-16  -7.4302787e-16  -6.9185281e-17  -4.6854137e-16  3.7706536e-16  2.4885219e-16  -9.4573183e-17  2.6264233e-17  5.0219164e-16  -8.1092511e-16  2.8683242e-17  -2.2770506e-16  5.9009214e-16  -4.0285590e-16  2.8122476e-16  -5.8294106e-16  9.0554436e-17  
-2.4236311e-16  4.8105168e-16  -6.6869362e-17  -1.8033688e-16  -1.3580105e-16  -3.4989262e-16  1.1976376e-16  1.0000000   6.8676634e-17  -3.0053753e-16  -8.9521477e-16  -4.2200524e-16  2.0700718e-16  4.9823133e-17  1.0206188e-15  7.6180237e-17  5.7511539e-17  6.7747561e-16  -5.5332471e-16  -2.8948492e-16  3.4603797e-17  -4.7918542e-16  -4.8332233e-16  -6.7526858e-17  4.3493600e-16  -3.9644877e-16  2.9276584e-16  -7.9322012e-16  6.9417632e-16  -1.2999560e-16  8.3642022e-16  -2.4236311e-16  4.8105168e-16  -6.6869362e-17  -1.8033688e-16  -1.3580105e-16  -3.4989262e-16  1.1976376e-16  1.0000000   6.8676634e-17  -3.0053753e-16  -8.9521477e-16  -4.2200524e-16  2.0700718e-16  4.9823133e-17  1.0206188e-15  7.6180237e-17  5.7511539e-17  6.7747561e-16  -5.5332471e-16  -2.8948492e-16  3.4603797e-17  -4.7918542e-16  -4.8332233e-16  -6.7526858e-17  4.3493600e-16  -3.9644877e-16  2.9276584e-16  -7.9322012e-16  6.9417632e-16  -1.2999560e-16  8.3642022e-16  
2.1792499e-16  3.1201993e-16  -1.2271781e-16  -4.9273993e-16  -8.9048364e-16  2.4758312e-16  -2.9095952e-16  6.8676634e-17  1.0000000   1.0908691e-16  -1.5679533e-17  2.8857030e-16  1.9195635e-16  -9.0493728e-17  -1.6569837e-16  2.6813763e-16  1.2805093e-16  -6.9116651e-16  3.9816678e-16  1.3665610e-16  -3.6156171e-16  -7.2218598e-17  -6.5070109e-16  -6.0005302e-16  5.2904740e-16  8.9980271e-16  -2.9833608e-16  3.4891983e-16  3.5913299e-16  -1.2165692e-16  -3.9700484e-16  2.1792499e-16  3.1201993e-16  -1.2271781e-16  -4.9273993e-16  -8.9048364e-16  2.4758312e-16  -2.9095952e-16  6.8676634e-17  1.0000000   1.0908691e-16  -1.5679533e-17  2.8857030e-16  1.9195635e-16  -9.0493728e-17  -1.6569837e-16  2.6813763e-16  1.2805093e-16  -6.9116651e-16  3.9816678e-16  1.3665610e-16  -3.6156171e-16  -7.2218598e-17  -6.5070109e-16  -6.0005302e-16  5.2904740e-16  8.9980271e-16  -2.9833608e-16  3.4891983e-16  3.5913299e-16  -1.2165692e-16  -3.9700484e-16  
2.0745352e-16  4.7517859e-16  7.5969691e-16  -2.9781255e-16  4.0120438e-16  4.7233403e-16  2.9346795e-16  -3.0053753e-16  1.0908691e-16  1.0000000   -9.3698050e-17  -3.2229958e-16  6.9761806e-16  -1.1771541e-16  8.3982569e-16  -3.4718206e-16  -3.1462464e-16  4.1635870e-17  5.4961012e-16  -6.5264957e-17  -2.1085744e-16  -3.4652876e-17  1.5789399e-17  3.5880321e-16  -3.9661277e-16  5.5616345e-17  1.6284816e-16  -2.2825344e-16  -6.7374867e-16  1.2538027e-17  -7.4561312e-17  2.0745352e-16  4.7517859e-16  7.5969691e-16  -2.9781255e-16  4.0120438e-16  4.7233403e-16  2.9346795e-16  -3.0053753e-16  1.0908691e-16  1.0000000   -9.3698050e-17  -3.2229958e-16  6.9761806e-16  -1.1771541e-16  8.3982569e-16  -3.4718206e-16  -3.1462464e-16  4.1635870e-17  5.4961012e-16  -6.5264957e-17  -2.1085744e-16  -3.4652876e-17  1.5789399e-17  3.5880321e-16  -3.9661277e-16  5.5616345e-17  1.6284816e-16  -2.2825344e-16  -6.7374867e-16  1.2538027e-17  -7.4561312e-17  
