1.0000000   1.0695374e-17  8.6996387e-16  -8.1842947e-17  7.1718501e-16  -3.2167288e-16  -2.3602998e-16  -3.4970910e-16  6.6991188e-16  -5.3767830e-16  4.8056222e-16  2.9326213e-17  -1.9382529e-16  2.4050966e-16  3.4668777e-18  1.2966654e-16  1.3729569e-16  1.8785830e-16  4.3800603e-16  1.3701689e-17  9.4363466e-18  -4.5172026e-16  -3.9708008e-17  5.1600802e-16  6.2129817e-17  -3.6843596e-16  -1.2587324e-16  -2.7917426e-16  -5.9940824e-16  2.4106828e-16  1.0851451e-16  1.0000000   1.0695374e-17  8.6996387e-16  -8.1842947e-17  7.1718501e-16  -3.2167288e-16  -2.3602998e-16  -3.4970910e-16  6.6991188e-16  -5.3767830e-16  4.8056222e-16  2.9326213e-17  -1.9382529e-16  2.4050966e-16  3.4668777e-18  1.2966654e-16  1.3729569e-16  1.8785830e-16  4.3800603e-16  1.3701689e-17  9.4363466e-18  -4.5172026e-16  -3.9708008e-17  5.1600802e-16  6.2129817e-17  -3.6843596e-16  -1.2587324e-16  -2.7917426e-16  -5.9940824e-16  2.4106828e-16  1.0851451e-16  
1.0695374e-17  1.0000000   -1.0657067e-15  4.4843681e-16  -6.1512405e-16  -2.5413936e-16  -9.9596687e-17  8.4749187e-16  3.7974304e-17  2.8293109e-16  8.4629639e-16  -7.8907901e-16  -4.5495421e-16  2.8106027e-16  -3.5308400e-16  -9.5613509e-18  6.6417344e-16  -1.3795988e-16  -3.5553540e-16  -1.0723099e-16  3.9206283e-16  -3.8771888e-16  3.4323515e-16  1.4476016e-16  2.2865881e-17  -1.5438939e-16  9.3052620e-16  -2.7873115e-17  -6.3510473e-17  3.9937056e-16  -7.9429742e-17  1.0695374e-17  1.0000000   -1.0657067e-15  4.4843681e-16  -6.1512405e-16  -2.5413936e-16  -9.9596687e-17  8.4749187e-16  3.7974304e-17  2.8293109e-16  8.4629639e-16  -7.8907901e-16  -4.5495421e-16  2.8106027e-16  -3.5308400e-16  -9.5613509e-18  6.6417344e-16  -1.3795988e-16  -3.5553540e-16  -1.0723099e-16  3.9206283e-16  -3.8771888e-16  3.4323515e-16  1.4476016e-16  2.2865881e-17  -1.5438939e-16  9.3052620e-16  -2.7873115e-17  -6.3510473e-17  3.9937056e-16  -7.9429742e-17  
8.6996387e-16  -1.0657067e-15  1.0000000   -2.5278310e-16  7.1991065e-17  4.5230566e-16  1.8003934e-16  -9.7375041e-16  -3.3985115e-16  -3.0663952e-16  4.9318735e-16  6.2199460e-16  3.2863694e-16  3.9992643e-16  -6.9124800e-16  -1.9081723e-16  1.2701841e-17  -3.6644652e-16  -2.0228322e-16  -4.5314079e-17  4.6851451e-16  -1.1437066e-16  -1.1215131e-16  5.9159192e-16  -7.1894962e-16  3.3396108e-16  6.4266072e-16  -1.5167594e-17  7.2084107e-17  4.2305939e-16  1.3279182e-17  8.6996387e-16  -1.0657067e-15  1.0000000   -2.5278310e-16  7.1991065e-17  4.5230566e-16  1.8003934e-16  -9.7375041e-16  -3.3985115e-16  -3.0663952e-16  4.9318735e-16  6.2199460e-16  3.2863694e-16  3.9992643e-16  -6.9124800e-16  -1.9081723e-16  1.2701841e-17  -3.6644652e-16  -2.0228322e-16  -4.5314079e-17  4.6851451e-16  -1.1437066e-16  -1.1215131e-16  5.9159192e-16  -7.1894962e-16  3.3396108e-16  6.4266072e-16  -1.5167594e-17  7.2084107e-17  4.2305939e-16  1.3279182e-17  
-8.1842947e-17  4.4843681e-16  -2.5278310e-16  1.0000000   3.1352474e-16  -3.6873237e-16  -1.7887102e-16  -5.8187056e-16  4.2254961e-16  -1.9041134e-16  1.0411092e-16  -2.4662850e-16  5.9755025e-17  -1.5654657e-16  8.6807162e-17  -4.5504896e-16  3.6672598e-16  -4.6543111e-16  8.3548650e-16  -2.6923929e-16  2.7043070e-16  9.3762756e-16  1.3178141e-16  -2.4518302e-16  3.8137751e-17  3.0088224e-16  6.0979922e-16  2.7734827e-16  3.2048427e-16  6.7683756e-17  5.1048648e-16  -8.1842947e-17  4.4843681e-16  -2.5278310e-16  1.0000000   3.1352474e-16  -3.6873237e-16  -1.7887102e-16  -5.8187056e-16  4.2254961e-16  -1.9041134e-16  1.0411092e-16  -2.4662850e-16  5.9755025e-17  -1.5654657e-16  8.6807162e-17  -4.5504896e-16  3.6672598e-16  -4.6543111e-16  8.3548650e-16  -2.6923929e-16  2.7043070e-16  9.3762756e-16  1.3178141e-16  -2.4518302e-16  3.8137751e-17  3.0088224e-16  6.0979922e-16  2.7734827e-16  3.2048427e-16  6.7683756e-17  5.1048648e-16  
7.1718501e-16  -6.1512405e-16  7.1991065e-17  3.1352474e-16  1.0000000   -2.1685587e-16  -1.7136334e-16  5.9902259e-16  3.8288705e-16  -3.3446125e-16  -2.9093205e-16  1.2833410e-15  -9.1498605e-17  -5.1316862e-16  -5.1929583e-16  2.0737589e-16  -5.9833026e-18  -2.8708042e-16  -3.3350973e-16  7.6183145e-16  -3.1217808e-16  -4.8411573e-20  -5.4977019e-16  -5.5488893e-17  -2.4559360e-16  -1.7874394e-16  3.3803178e-16  1.9645880e-16  5.7344275e-16  7.3883041e-16  -5.2219904e-16  7.1718501e-16  -6.1512405e-16  7.1991065e-17  3.1352474e-16  1.0000000   -2.1685587e-16  -1.7136334e-16  5.9902259e-16  3.8288705e-16  -3.3446125e-16  -2.9093205e-16  1.2833410e-15  -9.1498605e-17  -5.1316862e-16  -5.1929583e-16  2.0737589e-16  -5.9833026e-18  -2.8708042e-16  -3.3350973e-16  7.6183145e-16  -3.1217808e-16  -4.8411573e-20  -5.4977019e-16  -5.5488893e-17  -2.4559360e-16  -1.7874394e-16  3.3803178e-16  1.9645880e-16  5.7344275e-16  7.3883041e-16  -5.2219904e-16  
-3.2167288e-16  -2.5413936e-16  4.5230566e-16  -3.6873237e-16  -2.1685587e-16  1.0000000   -8.9038320e-17  5.3335090e-16  2.1014608e-16  -6.2749177e-16  -4.5237504e-16  5.3082473e-16  5.8181448e-16  4.9987984e-16  -8.5790732e-16  3.0591173e-16  -2.0171469e-16  -1.4054267e-15  -7.6566498e-17  -6.7039071e-16  2.3745588e-16  -7.2648542e-16  -1.6594954e-16  2.3446693e-16  -1.1788425e-16  -3.6914761e-16  7.8578382e-16  9.5632690e-17  -6.4194475e-16  -1.3823279e-16  -6.6115277e-16  -3.2167288e-16  -2.5413936e-16  4.5230566e-16  -3.6873237e-16  -2.1685587e-16  1.0000000   -8.9038320e-17  5.3335090e-16  2.1014608e-16  -6.2749177e-16  -4.5237504e-16  5.3082473e-16  5.8181448e-16  4.9987984e-16  -8.5790732e-16  3.0591173e-16  -2.0171469e-16  -1.4054267e-15  -7.6566498e-17  -6.7039071e-16  2.3745588e-16  -7.2648542e-16  -1.6594954e-16  2.3446693e-16  -1.1788425e-16  -3.6914761e-16  7.8578382e-16  9.5632690e-17  -6.4194475e-16  -1.3823279e-16  -6.6115277e-16  
-2.3602998e-16  -9.9596687e-17  1.8003934e-16  -1.7887102e-16  -1.7136334e-16  -8.9038320e-17  1.0000000   -1.1322802e-16  2.8908837e-18  -1.4003288e-17  6.3664404e-16  3.9937579e-17  4.0244008e-16  1.5551810e-16  3.3180989e-16  -2.0065439e-16  -1.1893232e-16  -7.5917234e-17  -4.5705578e-16  6.3749077e-16  -1.7034739e-16  1.8918004e-16  -6.5378991e-17  -6.4836874e-16  -2.0505676e-16  -7.1176539e-16  -6.0242011e-17  -8.9730923e-17  -2.9459325e-16  -7.5781821e-19  -4.6457958e-16  -2.3602998e-16  -9.9596687e-17  1.8003934e-16  -1.7887102e-16  -1.7136334e-16  -8.9038320e-17  1.0000000   -1.1322802e-16  2.8908837e-18  -1.4003288e-17  6.3664404e-16  3.9937579e-17  4.0244008e-16  1.5551810e-16  3.3180989e-16  -2.0065439e-16  -1.1893232e-16  -7.5917234e-17  -4.5705578e-16  6.3749077e-16  -1.7034739e-16  1.8918004e-16  -6.5378991e-17  -6.4836874e-16  -2.0505676e-16  -7.1176539e-16  -6.0242011e-17  -8.9730923e-17  -2.9459325e-16  -7.5781821e-19  -4.6457958e-16  
-3.4970910e-16  8.4749187e-16  -9.7375041e-16  -5.8187056e-16  5.9902259e-16  5.3335090e-16  -1.1322802e-16  1.0000000   8.2713849e-17  5.6854887e-17  -4.8371577e-16  -8.0292185e-16  5.4179034e-16  -8.1696510e-16  -2.4703350e-16  3.2984115e-16  2.9024540e-16  -1.9854635e-16  -8.1524091e-17  3.9643037e-16  4.4187303e-17  -2.9010463e-16  4.0570592e-16  2.7581399e-17  -1.9086193e-16  7.0592634e-16  2.2561014e-16  2.5272843e-16  8.2298606e-16  -1.4969682e-16  1.0054763e-16  -3.4970910e-16  8.4749187e-16  -9.7375041e-16  -5.8187056e-16  5.9902259e-16  5.3335090e-16  -1.1322802e-16  1.0000000   8.2713849e-17  5.6854887e-17  -4.8371577e-16  -8.0292185e-16  5.4179034e-16  -8.1696510e-16  -2.4703350e-16  3.2984115e-16  2.9024540e-16  -1.9854635e-16  -8.1524091e-17  3.9643037e-16  4.4187303e-17  -2.9010463e-16  4.0570592e-16  2.7581399e-17  -1.9086193e-16  7.0592634e-16  2.2561014e-16  2.5272843e-16  8.2298606e-16  -1.4969682e-16  1.0054763e-16  
6.6991188e-16  3.7974304e-17  -3.3985115e-16  4.2254961e-16  3.8288705e-16  2.1014608e-16  2.8908837e-18  8.2713849e-17  1.0000000   -7.2160731e-16  3.0457481e-16  -1.1182554e-16  -1.4671853e-16  3.3370393e-16  3.0914083e-16  -5.4083977e-17  9.1503136e-16  2.6968081e-16  -3.6320366e-16  -2.6553149e-16  -3.2691600e-16  -3.4814472e-17  -3.3999292e-17  2.4213129e-16  4.7429655e-16  3.0817255e-16  2.2080265e-16  1.8301895e-16  2.3452723e-16  -8.0918490e-16  -9.0470657e-16  6.6991188e-16  3.7974304e-17  -3.3985115e-16  4.2254961e-16  3.8288705e-16  2.1014608e-16  2.8908837e-18  8.2713849e-17  1.0000000   -7.2160731e-16  3.0457481e-16  -1.1182554e-16  -1.4671853e-16  3.3370393e-16  3.0914083e-16  -5.4083977e-17  9.1503136e-16  2.6968081e-16  -3.6320366e-16  -2.6553149e-16  -3.2691600e-16  -3.4814472e-17  -3.3999292e-17  2.4213129e-16  4.7429655e-16  3.0817255e-16  2.2080265e-16  1.8301895e-16  2.3452723e-16  -8.0918490e-16  -9.0470657e-16  
-5.3767830e-16  2.8293109e-16  -3.0663952e-16  -1.9041134e-16  -3.3446125e-16  -6.2749177e-16  -1.4003288e-17  5.6854887e-17  -7.2160731e-16  1.0000000   2.2714075e-16  1.6744865e-16  -1.0012301e-16  -6.7982175e-16  6.9615207e-16  -1.0929823e-15  1.6798748e-17  -9.6231575e-16  5.6474682e-16  2.5418445e-16  -3.6054951e-16  -1.6090650e-16  -2.8332226e-16  9.9826208e-17  1.4412118e-16  -8.9832569e-17  -3.1184445e-16  7.4389544e-18  9.2772372e-16  -4.7511413e-16  6.2249834e-16  -5.3767830e-16  2.8293109e-16  -3.0663952e-16  -1.9041134e-16  -3.3446125e-16  -6.2749177e-16  -1.4003288e-17  5.6854887e-17  -7.2160731e-16  1.0000000   2.2714075e-16  1.6744865e-16  -1.0012301e-16  -6.7982175e-16  6.9615207e-16  -1.0929823e-15  1.6798748e-17  -9.6231575e-16  5.6474682e-16  2.5418445e-16  -3.6054951e-16  -1.6090650e-16  -2.8332226e-16  9.9826208e-17  1.4412118e-16  -8.9832569e-17  -3.1184445e-16  7.4389544e-18  9.2772372e-16  -4.7511413e-16  6.2249834e-16  
4.8056222e-16  8.4629639e-16  4.9318735e-16  1.0411092e-16  -2.9093205e-16  -4.5237504e-16  6.3664404e-16  -4.8371577e-16  3.0457481e-16  2.2714075e-16  1.0000000   -1.3150419e-15  -6.3745376e-16  2.3039501e-16  -3.7954345e-16  -3.3901959e-16  7.6523852e-17  2.8412774e-16  3.9263670e-16  -4.5039362e-17  2.8067709e-17  -6.1905279e-16  4.1751304e-16  -1.8407523e-16  -1.9254602e-17  -1.1382437e-16  3.0600380e-16  5.9658103e-16  -7.5138293e-16  -3.9011721e-17  -1.4923623e-16  4.8056222e-16  8.4629639e-16  4.9318735e-16  1.0411092e-16  -2.9093205e-16  -4.5237504e-16  6.3664404e-16  -4.8371577e-16  3.0457481e-16  2.2714075e-16  1.0000000   -1.3150419e-15  -6.3745376e-16  2.3039501e-16  -3.7954345e-16  -3.3901959e-16  7.6523852e-17  2.8412774e-16  3.9263670e-16  -4.5039362e-17  2.8067709e-17  -6.1905279e-16  4.1751304e-16  -1.8407523e-16  -1.9254602e-17  -1.1382437e-16  3.0600380e-16  5.9658103e-16  -7.5138293e-16  -3.9011721e-17  -1.4923623e-16  
2.9326213e-17  -7.8907901e-16  6.2199460e-16  -2.4662850e-16  1.2833410e-15  5.3082473e-16  3.9937579e-17  -8.0292185e-16  -1.1182554e-16  1.6744865e-16  -1.3150419e-15  1.0000000   -6.4601218e-17  -8.6315040e-18  -5.9788972e-16  3.8263258e-18  3.2502831e-16  8.1193289e-17  5.8255240e-17  2.0009299e-16  1.8997700e-16  1.0776466e-15  -1.1103860e-15  1.2228863e-15  1.0857188e-16  -6.2541895e-16  1.3156479e-15  -2.7110367e-16  -3.1856683e-16  9.6164014e-16  -7.7258725e-17  2.9326213e-17  -7.8907901e-16  6.2199460e-16  -2.4662850e-16  1.2833410e-15  5.3082473e-16  3.9937579e-17  -8.0292185e-16  -1.1182554e-16  1.6744865e-16  -1.3150419e-15  1.0000000   -6.4601218e-17  -8.6315040e-18  -5.9788972e-16  3.8263258e-18  3.2502831e-16  8.1193289e-17  5.8255240e-17  2.0009299e-16  1.8997700e-16  1.0776466e-15  -1.1103860e-15  1.2228863e-15  1.0857188e-16  -6.2541895e-16  1.3156479e-15  -2.7110367e-16  -3.1856683e-16  9.6164014e-16  -7.7258725e-17  
-1.9382529e-16  -4.5495421e-16  3.2863694e-16  5.9755025e-17  -9.1498605e-17  5.8181448e-16  4.0244008e-16  5.4179034e-16  -1.4671853e-16  -1.0012301e-16  -6.3745376e-16  -6.4601218e-17  1.0000000   4.8367551e-16  4.9472412e-16  3.7858046e-16  -3.6762517e-17  -4.5635001e-16  -1.3127102e-16  1.1896955e-15  6.0676066e-16  4.7151611e-16  -7.3652462e-16  4.4892945e-18  -3.1826583e-16  2.9932884e-16  2.7385441e-16  1.3281993e-17  2.0332011e-16  -4.2754405e-16  7.2868593e-17  -1.9382529e-16  -4.5495421e-16  3.2863694e-16  5.9755025e-17  -9.1498605e-17  5.8181448e-16  4.0244008e-16  5.4179034e-16  -1.4671853e-16  -1.0012301e-16  -6.3745376e-16  -6.4601218e-17  1.0000000   4.8367551e-16  4.9472412e-16  3.7858046e-16  -3.6762517e-17  -4.5635001e-16  -1.3127102e-16  1.1896955e-15  6.0676066e-16  4.7151611e-16  -7.3652462e-16  4.4892945e-18  -3.1826583e-16  2.9932884e-16  2.7385441e-16  1.3281993e-17  2.0332011e-16  -4.2754405e-16  7.2868593e-17  
2.4050966e-16  2.8106027e-16  3.9992643e-16  -1.5654657e-16  -5.1316862e-16  4.9987984e-16  1.5551810e-16  -8.1696510e-16  3.3370393e-16  -6.7982175e-16  2.3039501e-16  -8.6315040e-18  4.8367551e-16  1.0000000   -1.9586748e-16  -1.2939662e-16  1.8426640e-16  -1.9631629e-16  -6.9055606e-16  -3.6699093e-16  3.4589782e-16  -9.9915715e-17  -5.8047255e-16  -5.1990187e-16  -1.5053348e-16  3.9863268e-16  3.8815426e-16  -6.3824383e-17  3.6065579e-16  5.9255428e-16  9.7289371e-17  2.4050966e-16  2.8106027e-16  3.9992643e-16  -1.5654657e-16  -5.1316862e-16  4.9987984e-16  1.5551810e-16  -8.1696510e-16  3.3370393e-16  -6.7982175e-16  2.3039501e-16  -8.6315040e-18  4.8367551e-16  1.0000000   -1.9586748e-16  -1.2939662e-16  1.8426640e-16  -1.9631629e-16  -6.9055606e-16  -3.6699093e-16  3.4589782e-16  -9.9915715e-17  -5.8047255e-16  -5.1990187e-16  -1.5053348e-16  3.9863268e-16  3.8815426e-16  -6.3824383e-17  3.6065579e-16  5.9255428e-16  9.7289371e-17  
3.4668777e-18  -3.5308400e-16  -6.9124800e-16  8.6807162e-17  -5.1929583e-16  -8.5790732e-16  3.3180989e-16  -2.4703350e-16  3.0914083e-16  6.9615207e-16  -3.7954345e-16  -5.9788972e-16  4.9472412e-16  -1.9586748e-16  1.0000000   -7.3420164e-17  3.9169063e-16  7.3061424e-16  2.5036636e-16  9.8388804e-17  3.9485057e-16  5.6458856e-16  1.9057067e-18  -5.6897596e-16  5.9007624e-17  5.7586385e-16  -1.2407587e-15  6.1646171e-17  5.0790958e-16  4.8004865e-16  1.2524966e-15  3.4668777e-18  -3.5308400e-16  -6.9124800e-16  8.6807162e-17  -5.1929583e-16  -8.5790732e-16  3.3180989e-16  -2.4703350e-16  3.0914083e-16  6.9615207e-16  -3.7954345e-16  -5.9788972e-16  4.9472412e-16  -1.9586748e-16  1.0000000   -7.3420164e-17  3.9169063e-16  7.3061424e-16  2.5036636e-16  9.8388804e-17  3.9485057e-16  5.6458856e-16  1.9057067e-18  -5.6897596e-16  5.9007624e-17  5.7586385e-16  -1.2407587e-15  6.1646171e-17  5.0790958e-16  4.8004865e-16  1.2524966e-15  
1.2966654e-16  -9.5613509e-18  -1.9081723e-16  -4.5504896e-16  2.0737589e-16  3.0591173e-16  -2.0065439e-16  3.2984115e-16  -5.4083977e-17  -1.0929823e-15  -3.3901959e-16  3.8263258e-18  3.7858046e-16  -1.2939662e-16  -7.3420164e-17  1.0000000   8.1599435e-17  6.0143354e-16  -3.9710185e-16  -3.2636076e-16  -2.7357132e-16  -2.9099931e-16  -5.4961222e-16  1.6718976e-16  -3.1712821e-16  6.0300168e-16  4.6554762e-16  1.5100526e-16  1.9493324e-16  1.1708513e-15  -1.8431577e-16  1.2966654e-16  -9.5613509e-18  -1.9081723e-16  -4.5504896e-16  2.0737589e-16  3.0591173e-16  -2.0065439e-16  3.2984115e-16  -5.4083977e-17  -1.0929823e-15  -3.3901959e-16  3.8263258e-18  3.7858046e-16  -1.2939662e-16  -7.3420164e-17  1.0000000   8.1599435e-17  6.0143354e-16  -3.9710185e-16  -3.2636076e-16  -2.7357132e-16  -2.9099931e-16  -5.4961222e-16  1.6718976e-16  -3.1712821e-16  6.0300168e-16  4.6554762e-16  1.5100526e-16  1.9493324e-16  1.1708513e-15  -1.8431577e-16  
1.3729569e-16  6.6417344e-16  1.2701841e-17  3.6672598e-16  -5.9833026e-18  -2.0171469e-16  -1.1893232e-16  2.9024540e-16  9.1503136e-16  1.6798748e-17  7.6523852e-17  3.2502831e-16  -3.6762517e-17  1.8426640e-16  3.9169063e-16  8.1599435e-17  1.0000000   -1.1583917e-17  3.0281907e-16  -2.3377666e-16  -3.5441834e-16  -4.3650114e-16  5.3782861e-16  3.8532593e-16  -1.8724882e-16  -4.1805474e-16  7.6137193e-16  5.9922274e-17  -8.3533345e-17  9.6132515e-17  6.4427509e-16  1.3729569e-16  6.6417344e-16  1.2701841e-17  3.6672598e-16  -5.9833026e-18  -2.0171469e-16  -1.1893232e-16  2.9024540e-16  9.1503136e-16  1.6798748e-17  7.6523852e-17  3.2502831e-16  -3.6762517e-17  1.8426640e-16  3.9169063e-16  8.1599435e-17  1.0000000   -1.1583917e-17  3.0281907e-16  -2.3377666e-16  -3.5441834e-16  -4.3650114e-16  5.3782861e-16  3.8532593e-16  -1.8724882e-16  -4.1805474e-16  7.6137193e-16  5.9922274e-17  -8.3533345e-17  9.6132515e-17  6.4427509e-16  
1.8785830e-16  -1.3795988e-16  -3.6644652e-16  -4.6543111e-16  -2.8708042e-16  -1.4054267e-15  -7.5917234e-17  -1.9854635e-16  2.6968081e-16  -9.6231575e-16  2.8412774e-16  8.1193289e-17  -4.5635001e-16  -1.9631629e-16  7.3061424e-16  6.0143354e-16  -1.1583917e-17  1.0000000   -4.9019535e-16  6.6245792e-16  9.7293142e-17  1.8497010e-16  7.5897517e-17  3.2947861e-17  7.0494686e-16  3.2797122e-17  -1.0056151e-15  -2.3284087e-16  -4.6818995e-16  3.8523900e-16  5.3604851e-17  1.8785830e-16  -1.3795988e-16  -3.6644652e-16  -4.6543111e-16  -2.8708042e-16  -1.4054267e-15  -7.5917234e-17  -1.9854635e-16  2.6968081e-16  -9.6231575e-16  2.8412774e-16  8.1193289e-17  -4.5635001e-16  -1.9631629e-16  7.3061424e-16  6.0143354e-16  -1.1583917e-17  1.0000000   -4.9019535e-16  6.6245792e-16  9.7293142e-17  1.8497010e-16  7.5897517e-17  3.2947861e-17  7.0494686e-16  3.2797122e-17  -1.0056151e-15  -2.3284087e-16  -4.6818995e-16  3.8523900e-16  5.3604851e-17  
4.3800603e-16  -3.5553540e-16  -2.0228322e-16  8.3548650e-16  -3.3350973e-16  -7.6566498e-17  -4.5705578e-16  -8.1524091e-17  -3.6320366e-16  5.6474682e-16  3.9263670e-16  5.8255240e-17  -1.3127102e-16  -6.9055606e-16  2.5036636e-16  -3.9710185e-16  3.0281907e-16  -4.9019535e-16  1.0000000   2.1504440e-16  -4.1231614e-16  -1.2825461e-16  -2.4609443e-16  7.1375896e-17  -8.7768318e-16  -3.2144917e-16  -4.9024416e-16  -3.0435187e-16  -2.9702139e-16  1.9474366e-16  -3.8444322e-16  4.3800603e-16  -3.5553540e-16  -2.0228322e-16  8.3548650e-16  -3.3350973e-16  -7.6566498e-17  -4.5705578e-16  -8.1524091e-17  -3.6320366e-16  5.6474682e-16  3.9263670e-16  5.8255240e-17  -1.3127102e-16  -6.9055606e-16  2.5036636e-16  -3.9710185e-16  3.0281907e-16  -4.9019535e-16  1.0000000   2.1504440e-16  -4.1231614e-16  -1.2825461e-16  -2.4609443e-16  7.1375896e-17  -8.7768318e-16  -3.2144917e-16  -4.9024416e-16  -3.0435187e-16  -2.9702139e-16  1.9474366e-16  -3.8444322e-16  
1.3701689e-17  -1.0723099e-16  -4.5314079e-17  -2.6923929e-16  7.6183145e-16  -6.7039071e-16  6.3749077e-16  3.9643037e-16  -2.6553149e-16  2.5418445e-16  -4.5039362e-17  2.0009299e-16  1.1896955e-15  -3.6699093e-16  9.8388804e-17  -3.2636076e-16  -2.3377666e-16  6.6245792e-16  2.1504440e-16  1.0000000   -2.3838482e-17  1.1424059e-18  -3.8477284e-16  -6.7734212e-16  4.4420516e-16  -2.0897427e-16  -4.6750172e-16  2.3875791e-16  5.7172474e-16  3.8894281e-16  2.6599559e-16  1.3701689e-17  -1.0723099e-16  -4.5314079e-17  -2.6923929e-16  7.6183145e-16  -6.7039071e-16  6.3749077e-16  3.9643037e-16  -2.6553149e-16  2.5418445e-16  -4.5039362e-17  2.0009299e-16  1.1896955e-15  -3.6699093e-16  9.8388804e-17  -3.2636076e-16  -2.3377666e-16  6.6245792e-16  2.1504440e-16  1.0000000   -2.3838482e-17  1.1424059e-18  -3.8477284e-16  -6.7734212e-16  4.4420516e-16  -2.0897427e-16  -4.6750172e-16  2.3875791e-16  5.7172474e-16  3.8894281e-16  2.6599559e-16  
9.4363466e-18  3.9206283e-16  4.6851451e-16  2.7043070e-16  -3.1217808e-16  2.3745588e-16  -1.7034739e-16  4.4187303e-17  -3.2691600e-16  -3.6054951e-16  2.8067709e-17  1.8997700e-16  6.0676066e-16  3.4589782e-16  3.9485057e-16  -2.7357132e-16  -3.5441834e-16  9.7293142e-17  -4.1231614e-16  -2.3838482e-17  1.0000000   2.1307796e-16  -3.7146925e-16  3.6151434e-16  3.4431524e-17  -3.6920432e-17  2.3757135e-16  5.1106596e-17  -4.0782168e-16  -3.3076731e-16  1.3790155e-16  9.4363466e-18  3.9206283e-16  4.6851451e-16  2.7043070e-16  -3.1217808e-16  2.3745588e-16  -1.7034739e-16  4.4187303e-17  -3.2691600e-16  -3.6054951e-16  2.8067709e-17  1.8997700e-16  6.0676066e-16  3.4589782e-16  3.9485057e-16  -2.7357132e-16  -3.5441834e-16  9.7293142e-17  -4.1231614e-16  -2.3838482e-17  1.0000000   2.1307796e-16  -3.7146925e-16  3.6151434e-16  3.4431524e-17  -3.6920432e-17  2.3757135e-16  5.1106596e-17  -4.0782168e-16  -3.3076731e-16  1.3790155e-16  
-4.5172026e-16  -3.8771888e-16  -1.1437066e-16  9.3762756e-16  -4.8411573e-20  -7.2648542e-16  1.8918004e-16  -2.9010463e-16  -3.4814472e-17  -1.6090650e-16  -6.1905279e-16  1.0776466e-15  4.7151611e-16  -9.9915715e-17  5.6458856e-16  -2.9099931e-16  -4.3650114e-16  1.8497010e-16  -1.2825461e-16  1.1424059e-18  2.1307796e-16  1.0000000   -2.0756860e-16  5.5321814e-16  6.0229914e-17  5.9546065e-17  2.6401169e-16  -7.1812621e-16  -4.6582830e-16  8.3209274e-18  4.7453610e-16  -4.5172026e-16  -3.8771888e-16  -1.1437066e-16  9.3762756e-16  -4.8411573e-20  -7.2648542e-16  1.8918004e-16  -2.9010463e-16  -3.4814472e-17  -1.6090650e-16  -6.1905279e-16  1.0776466e-15  4.7151611e-16  -9.9915715e-17  5.6458856e-16  -2.9099931e-16  -4.3650114e-16  1.8497010e-16  -1.2825461e-16  1.1424059e-18  2.1307796e-16  1.0000000   -2.0756860e-16  5.5321814e-16  6.0229914e-17  5.9546065e-17  2.6401169e-16  -7.1812621e-16  -4.6582830e-16  8.3209274e-18  4.7453610e-16  
-3.9708008e-17  3.4323515e-16  -1.1215131e-16  1.3178141e-16  -5.4977019e-16  -1.6594954e-16  -6.5378991e-17  4.0570592e-16  -3.3999292e-17  -2.8332226e-16  4.1751304e-16  -1.1103860e-15  -7.3652462e-16  -5.8047255e-16  1.9057067e-18  -5.4961222e-16  5.3782861e-16  7.5897517e-17  -2.4609443e-16  -3.8477284e-16  -3.7146925e-16  -2.0756860e-16  1.0000000   -5.3797533e-16  5.1251232e-16  5.6008015e-16  2.6527168e-16  9.4524850e-17  -8.9403356e-16  -1.1559882e-16  -2.8912483e-16  -3.9708008e-17  3.4323515e-16  -1.1215131e-16  1.3178141e-16  -5.4977019e-16  -1.6594954e-16  -6.5378991e-17  4.0570592e-16  -3.3999292e-17  -2.8332226e-16  4.1751304e-16  -1.1103860e-15  -7.3652462e-16  -5.8047255e-16  1.9057067e-18  -5.4961222e-16  5.3782861e-16  7.5897517e-17  -2.4609443e-16  -3.8477284e-16  -3.7146925e-16  -2.0756860e-16  1.0000000   -5.3797533e-16  5.1251232e-16  5.6008015e-16  2.6527168e-16  9.4524850e-17  -8.9403356e-16  -1.1559882e-16  -2.8912483e-16  
5.1600802e-16  1.4476016e-16  5.9159192e-16  -2.4518302e-16  -5.5488893e-17  2.3446693e-16  -6.4836874e-16  2.7581399e-17  2.4213129e-16  9.9826208e-17  -1.8407523e-16  1.2228863e-15  4.4892945e-18  -5.1990187e-16  -5.6897596e-16  1.6718976e-16  3.8532593e-16  3.2947861e-17  7.1375896e-17  -6.7734212e-16  3.6151434e-16  5.5321814e-16  -5.3797533e-16  1.0000000   3.5477242e-16  -8.5722514e-18  9.8526222e-16  -1.5560235e-16  -3.2721582e-16  3.9244979e-16  -7.6894786e-17  5.1600802e-16  1.4476016e-16  5.9159192e-16  -2.4518302e-16  -5.5488893e-17  2.3446693e-16  -6.4836874e-16  2.7581399e-17  2.4213129e-16  9.9826208e-17  -1.8407523e-16  1.2228863e-15  4.4892945e-18  -5.1990187e-16  -5.6897596e-16  1.6718976e-16  3.8532593e-16  3.2947861e-17  7.1375896e-17  -6.7734212e-16  3.6151434e-16  5.5321814e-16  -5.3797533e-16  1.0000000   3.5477242e-16  -8.5722514e-18  9.8526222e-16  -1.5560235e-16  -3.2721582e-16  3.9244979e-16  -7.6894786e-17  
6.2129817e-17  2.2865881e-17  -7.1894962e-16  3.8137751e-17  -2.4559360e-16  -1.1788425e-16  -2.0505676e-16  -1.9086193e-16  4.7429655e-16  1.4412118e-16  -1.9254602e-17  1.0857188e-16  -3.1826583e-16  -1.5053348e-16  5.9007624e-17  -3.1712821e-16  -1.8724882e-16  7.0494686e-16  -8.7768318e-16  4.4420516e-16  3.4431524e-17  6.0229914e-17  5.1251232e-16  3.5477242e-16  1.0000000   -6.2873244e-17  -4.9290948e-17  1.3289430e-16  1.3563608e-16  1.4290596e-18  1.5169681e-16  6.2129817e-17  2.2865881e-17  -7.1894962e-16  3.8137751e-17  -2.4559360e-16  -1.1788425e-16  -2.0505676e-16  -1.9086193e-16  4.7429655e-16  1.4412118e-16  -1.9254602e-17  1.0857188e-16  -3.1826583e-16  -1.5053348e-16  5.9007624e-17  -3.1712821e-16  -1.8724882e-16  7.0494686e-16  -8.7768318e-16  4.4420516e-16  3.4431524e-17  6.0229914e-17  5.1251232e-16  3.5477242e-16  1.0000000   -6.2873244e-17  -4.9290948e-17  1.3289430e-16  1.3563608e-16  1.4290596e-18  1.5169681e-16  
-3.6843596e-16  -1.5438939e-16  3.3396108e-16  3.0088224e-16  -1.7874394e-16  -3.6914761e-16  -7.1176539e-16  7.0592634e-16  3.0817255e-16  -8.9832569e-17  -1.1382437e-16  -6.2541895e-16  2.9932884e-16  3.9863268e-16  5.7586385e-16  6.0300168e-16  -4.1805474e-16  3.2797122e-17  -3.2144917e-16  -2.0897427e-16  -3.6920432e-17  5.9546065e-17  5.6008015e-16  -8.5722514e-18  -6.2873244e-17  1.0000000   3.9623549e-16  4.7604608e-16  6.7317811e-17  1.8000160e-16  -1.4493432e-17  -3.6843596e-16  -1.5438939e-16  3.3396108e-16  3.0088224e-16  -1.7874394e-16  -3.6914761e-16  -7.1176539e-16  7.0592634e-16  3.0817255e-16  -8.9832569e-17  -1.1382437e-16  -6.2541895e-16  2.9932884e-16  3.9863268e-16  5.7586385e-16  6.0300168e-16  -4.1805474e-16  3.2797122e-17  -3.2144917e-16  -2.0897427e-16  -3.6920432e-17  5.9546065e-17  5.6008015e-16  -8.5722514e-18  -6.2873244e-17  1.0000000   3.9623549e-16  4.7604608e-16  6.7317811e-17  1.8000160e-16  -1.4493432e-17  
-1.2587324e-16  9.3052620e-16  6.4266072e-16  6.0979922e-16  3.3803178e-16  7.8578382e-16  -6.0242011e-17  2.2561014e-16  2.2080265e-16  -3.1184445e-16  3.0600380e-16  1.3156479e-15  2.7385441e-16  3.8815426e-16  -1.2407587e-15  4.6554762e-16  7.6137193e-16  -1.0056151e-15  -4.9024416e-16  -4.6750172e-16  2.3757135e-16  2.6401169e-16  2.6527168e-16  9.8526222e-16  -4.9290948e-17  3.9623549e-16  1.0000000   -2.7838267e-16  -5.6310781e-16  -3.2489530e-16  4.3132409e-16  -1.2587324e-16  9.3052620e-16  6.4266072e-16  6.0979922e-16  3.3803178e-16  7.8578382e-16  -6.0242011e-17  2.2561014e-16  2.2080265e-16  -3.1184445e-16  3.0600380e-16  1.3156479e-15  2.7385441e-16  3.8815426e-16  -1.2407587e-15  4.6554762e-16  7.6137193e-16  -1.0056151e-15  -4.9024416e-16  -4.6750172e-16  2.3757135e-16  2.6401169e-16  2.6527168e-16  9.8526222e-16  -4.9290948e-17  3.9623549e-16  1.0000000   -2.7838267e-16  -5.6310781e-16  -3.2489530e-16  4.3132409e-16  
-2.7917426e-16  -2.7873115e-17  -1.5167594e-17  2.7734827e-16  1.9645880e-16  9.5632690e-17  -8.9730923e-17  2.5272843e-16  1.8301895e-16  7.4389544e-18  5.9658103e-16  -2.7110367e-16  1.3281993e-17  -6.3824383e-17  6.1646171e-17  1.5100526e-16  5.9922274e-17  -2.3284087e-16  -3.0435187e-16  2.3875791e-16  5.1106596e-17  -7.1812621e-16  9.4524850e-17  -1.5560235e-16  1.3289430e-16  4.7604608e-16  -2.7838267e-16  1.0000000   3.2827608e-16  -1.1596062e-16  6.5770330e-16  -2.7917426e-16  -2.7873115e-17  -1.5167594e-17  2.7734827e-16  1.9645880e-16  9.5632690e-17  -8.9730923e-17  2.5272843e-16  1.8301895e-16  7.4389544e-18  5.9658103e-16  -2.7110367e-16  1.3281993e-17  -6.3824383e-17  6.1646171e-17  1.5100526e-16  5.9922274e-17  -2.3284087e-16  -3.0435187e-16  2.3875791e-16  5.1106596e-17  -7.1812621e-16  9.4524850e-17  -1.5560235e-16  1.3289430e-16  4.7604608e-16  -2.7838267e-16  1.0000000   3.2827608e-16  -1.1596062e-16  6.5770330e-16  
-5.9940824e-16  -6.3510473e-17  7.2084107e-17  3.2048427e-16  5.7344275e-16  -6.4194475e-16  -2.9459325e-16  8.2298606e-16  2.3452723e-16  9.2772372e-16  -7.5138293e-16  -3.1856683e-16  2.0332011e-16  3.6065579e-16  5.0790958e-16  1.9493324e-16  -8.3533345e-17  -4.6818995e-16  -2.9702139e-16  5.7172474e-16  -4.0782168e-16  -4.6582830e-16  -8.9403356e-16  -3.2721582e-16  1.3563608e-16  6.7317811e-17  -5.6310781e-16  3.2827608e-16  1.0000000   4.7039763e-16  8.9111855e-17  -5.9940824e-16  -6.3510473e-17  7.2084107e-17  3.2048427e-16  5.7344275e-16  -6.4194475e-16  -2.9459325e-16  8.2298606e-16  2.3452723e-16  9.2772372e-16  -7.5138293e-16  -3.1856683e-16  2.0332011e-16  3.6065579e-16  5.0790958e-16  1.9493324e-16  -8.3533345e-17  -4.6818995e-16  -2.9702139e-16  5.7172474e-16  -4.0782168e-16  -4.6582830e-16  -8.9403356e-16  -3.2721582e-16  1.3563608e-16  6.7317811e-17  -5.6310781e-16  3.2827608e-16  1.0000000   4.7039763e-16  8.9111855e-17  
2.4106828e-16  3.9937056e-16  4.2305939e-16  6.7683756e-17  7.3883041e-16  -1.3823279e-16  -7.5781821e-19  -1.4969682e-16  -8.0918490e-16  -4.7511413e-16  -3.9011721e-17  9.6164014e-16  -4.2754405e-16  5.9255428e-16  4.8004865e-16  1.1708513e-15  9.6132515e-17  3.8523900e-16  1.9474366e-16  3.8894281e-16  -3.3076731e-16  8.3209274e-18  -1.1559882e-16  3.9244979e-16  1.4290596e-18  1.8000160e-16  -3.2489530e-16  -1.1596062e-16  4.7039763e-16  1.0000000   -9.8858640e-17  2.4106828e-16  3.9937056e-16  4.2305939e-16  6.7683756e-17  7.3883041e-16  -1.3823279e-16  -7.5781821e-19  -1.4969682e-16  -8.0918490e-16  -4.7511413e-16  -3.9011721e-17  9.6164014e-16  -4.2754405e-16  5.9255428e-16  4.8004865e-16  1.1708513e-15  9.6132515e-17  3.8523900e-16  1.9474366e-16  3.8894281e-16  -3.3076731e-16  8.3209274e-18  -1.1559882e-16  3.9244979e-16  1.4290596e-18  1.8000160e-16  -3.2489530e-16  -1.1596062e-16  4.7039763e-16  1.0000000   -9.8858640e-17  
1.0851451e-16  -7.9429742e-17  1.3279182e-17  5.1048648e-16  -5.2219904e-16  -6.6115277e-16  -4.6457958e-16  1.0054763e-16  -9.0470657e-16  6.2249834e-16  -1.4923623e-16  -7.7258725e-17  7.2868593e-17  9.7289371e-17  1.2524966e-15  -1.8431577e-16  6.4427509e-16  5.3604851e-17  -3.8444322e-16  2.6599559e-16  1.3790155e-16  4.7453610e-16  -2.8912483e-16  -7.6894786e-17  1.5169681e-16  -1.4493432e-17  4.3132409e-16  6.5770330e-16  8.9111855e-17  -9.8858640e-17  1.0000000   1.0851451e-16  -7.9429742e-17  1.3279182e-17  5.1048648e-16  -5.2219904e-16  -6.6115277e-16  -4.6457958e-16  1.0054763e-16  -9.0470657e-16  6.2249834e-16  -1.4923623e-16  -7.7258725e-17  7.2868593e-17  9.7289371e-17  1.2524966e-15  -1.8431577e-16  6.4427509e-16  5.3604851e-17  -3.8444322e-16  2.6599559e-16  1.3790155e-16  4.7453610e-16  -2.8912483e-16  -7.6894786e-17  1.5169681e-16  -1.4493432e-17  4.3132409e-16  6.5770330e-16  8.9111855e-17  -9.8858640e-17  1.0000000   
1.0000000   1.0695374e-17  8.6996387e-16  -8.1842947e-17  7.1718501e-16  -3.2167288e-16  -2.3602998e-16  -3.4970910e-16  6.6991188e-16  -5.3767830e-16  4.8056222e-16  2.9326213e-17  -1.9382529e-16  2.4050966e-16  3.4668777e-18  1.2966654e-16  1.3729569e-16  1.8785830e-16  4.3800603e-16  1.3701689e-17  9.4363466e-18  -4.5172026e-16  -3.9708008e-17  5.1600802e-16  6.2129817e-17  -3.6843596e-16  -1.2587324e-16  -2.7917426e-16  -5.9940824e-16  2.4106828e-16  1.0851451e-16  1.0000000   1.0695374e-17  8.6996387e-16  -8.1842947e-17  7.1718501e-16  -3.2167288e-16  -2.3602998e-16  -3.4970910e-16  6.6991188e-16  -5.3767830e-16  4.8056222e-16  2.9326213e-17  -1.9382529e-16  2.4050966e-16  3.4668777e-18  1.2966654e-16  1.3729569e-16  1.8785830e-16  4.3800603e-16  1.3701689e-17  9.4363466e-18  -4.5172026e-16  -3.9708008e-17  5.1600802e-16  6.2129817e-17  -3.6843596e-16  -1.2587324e-16  -2.7917426e-16  -5.9940824e-16  2.4106828e-16  1.0851451e-16  
1.0695374e-17  1.0000000   -1.0657067e-15  4.4843681e-16  -6.1512405e-16  -2.5413936e-16  -9.9596687e-17  8.4749187e-16  3.7974304e-17  2.8293109e-16  8.4629639e-16  -7.8907901e-16  -4.5495421e-16  2.8106027e-16  -3.5308400e-16  -9.5613509e-18  6.6417344e-16  -1.3795988e-16  -3.5553540e-16  -1.0723099e-16  3.9206283e-16  -3.8771888e-16  3.4323515e-16  1.4476016e-16  2.2865881e-17  -1.5438939e-16  9.3052620e-16  -2.7873115e-17  -6.3510473e-17  3.9937056e-16  -7.9429742e-17  1.0695374e-17  1.0000000   -1.0657067e-15  4.4843681e-16  -6.1512405e-16  -2.5413936e-16  -9.9596687e-17  8.4749187e-16  3.7974304e-17  2.8293109e-16  8.4629639e-16  -7.8907901e-16  -4.5495421e-16  2.8106027e-16  -3.5308400e-16  -9.5613509e-18  6.6417344e-16  -1.3795988e-16  -3.5553540e-16  -1.0723099e-16  3.9206283e-16  -3.8771888e-16  3.4323515e-16  1.4476016e-16  2.2865881e-17  -1.5438939e-16  9.3052620e-16  -2.7873115e-17  -6.3510473e-17  3.9937056e-16  -7.9429742e-17  
8.6996387e-16  -1.0657067e-15  1.0000000   -2.5278310e-16  7.1991065e-17  4.5230566e-16  1.8003934e-16  -9.7375041e-16  -3.3985115e-16  -3.0663952e-16  4.9318735e-16  6.2199460e-16  3.2863694e-16  3.9992643e-16  -6.9124800e-16  -1.9081723e-16  1.2701841e-17  -3.6644652e-16  -2.0228322e-16  -4.5314079e-17  4.6851451e-16  -1.1437066e-16  -1.1215131e-16  5.9159192e-16  -7.1894962e-16  3.3396108e-16  6.4266072e-16  -1.5167594e-17  7.2084107e-17  4.2305939e-16  1.3279182e-17  8.6996387e-16  -1.0657067e-15  1.0000000   -2.5278310e-16  7.1991065e-17  4.5230566e-16  1.8003934e-16  -9.7375041e-16  -3.3985115e-16  -3.0663952e-16  4.9318735e-16  6.2199460e-16  3.2863694e-16  3.9992643e-16  -6.9124800e-16  -1.9081723e-16  1.2701841e-17  -3.6644652e-16  -2.0228322e-16  -4.5314079e-17  4.6851451e-16  -1.1437066e-16  -1.1215131e-16  5.9159192e-16  -7.1894962e-16  3.3396108e-16  6.4266072e-16  -1.5167594e-17  7.2084107e-17  4.2305939e-16  1.3279182e-17  
-8.1842947e-17  4.4843681e-16  -2.5278310e-16  1.0000000   3.1352474e-16  -3.6873237e-16  -1.7887102e-16  -5.8187056e-16  4.2254961e-16  -1.9041134e-16  1.0411092e-16  -2.4662850e-16  5.9755025e-17  -1.5654657e-16  8.6807162e-17  -4.5504896e-16  3.6672598e-16  -4.6543111e-16  8.3548650e-16  -2.6923929e-16  2.7043070e-16  9.3762756e-16  1.3178141e-16  -2.4518302e-16  3.8137751e-17  3.0088224e-16  6.0979922e-16  2.7734827e-16  3.2048427e-16  6.7683756e-17  5.1048648e-16  -8.1842947e-17  4.4843681e-16  -2.5278310e-16  1.0000000   3.1352474e-16  -3.6873237e-16  -1.7887102e-16  -5.8187056e-16  4.2254961e-16  -1.9041134e-16  1.0411092e-16  -2.4662850e-16  5.9755025e-17  -1.5654657e-16  8.6807162e-17  -4.5504896e-16  3.6672598e-16  -4.6543111e-16  8.3548650e-16  -2.6923929e-16  2.7043070e-16  9.3762756e-16  1.3178141e-16  -2.4518302e-16  3.8137751e-17  3.0088224e-16  6.0979922e-16  2.7734827e-16  3.2048427e-16  6.7683756e-17  5.1048648e-16  
7.1718501e-16  -6.1512405e-16  7.1991065e-17  3.1352474e-16  1.0000000   -2.1685587e-16  -1.7136334e-16  5.9902259e-16  3.8288705e-16  -3.3446125e-16  -2.9093205e-16  1.2833410e-15  -9.1498605e-17  -5.1316862e-16  -5.1929583e-16  2.0737589e-16  -5.9833026e-18  -2.8708042e-16  -3.3350973e-16  7.6183145e-16  -3.1217808e-16  -4.8411573e-20  -5.4977019e-16  -5.5488893e-17  -2.4559360e-16  -1.7874394e-16  3.3803178e-16  1.9645880e-16  5.7344275e-16  7.3883041e-16  -5.2219904e-16  7.1718501e-16  -6.1512405e-16  7.1991065e-17  3.1352474e-16  1.0000000   -2.1685587e-16  -1.7136334e-16  5.9902259e-16  3.8288705e-16  -3.3446125e-16  -2.9093205e-16  1.2833410e-15  -9.1498605e-17  -5.1316862e-16  -5.1929583e-16  2.0737589e-16  -5.9833026e-18  -2.8708042e-16  -3.3350973e-16  7.6183145e-16  -3.1217808e-16  -4.8411573e-20  -5.4977019e-16  -5.5488893e-17  -2.4559360e-16  -1.7874394e-16  3.3803178e-16  1.9645880e-16  5.7344275e-16  7.3883041e-16  -5.2219904e-16  
-3.2167288e-16  -2.5413936e-16  4.5230566e-16  -3.6873237e-16  -2.1685587e-16  1.0000000   -8.9038320e-17  5.3335090e-16  2.1014608e-16  -6.2749177e-16  -4.5237504e-16  5.3082473e-16  5.8181448e-16  4.9987984e-16  -8.5790732e-16  3.0591173e-16  -2.0171469e-16  -1.4054267e-15  -7.6566498e-17  -6.7039071e-16  2.3745588e-16  -7.2648542e-16  -1.6594954e-16  2.3446693e-16  -1.1788425e-16  -3.6914761e-16  7.8578382e-16  9.5632690e-17  -6.4194475e-16  -1.3823279e-16  -6.6115277e-16  -3.2167288e-16  -2.5413936e-16  4.5230566e-16  -3.6873237e-16  -2.1685587e-16  1.0000000   -8.9038320e-17  5.3335090e-16  2.1014608e-16  -6.2749177e-16  -4.5237504e-16  5.3082473e-16  5.8181448e-16  4.9987984e-16  -8.5790732e-16  3.0591173e-16  -2.0171469e-16  -1.4054267e-15  -7.6566498e-17  -6.7039071e-16  2.3745588e-16  -7.2648542e-16  -1.6594954e-16  2.3446693e-16  -1.1788425e-16  -3.6914761e-16  7.8578382e-16  9.5632690e-17  -6.4194475e-16  -1.3823279e-16  -6.6115277e-16  
-2.3602998e-16  -9.9596687e-17  1.8003934e-16  -1.7887102e-16  -1.7136334e-16  -8.9038320e-17  1.0000000   -1.1322802e-16  2.8908837e-18  -1.4003288e-17  6.3664404e-16  3.9937579e-17  4.0244008e-16  1.5551810e-16  3.3180989e-16  -2.0065439e-16  -1.1893232e-16  -7.5917234e-17  -4.5705578e-16  6.3749077e-16  -1.7034739e-16  1.8918004e-16  -6.5378991e-17  -6.4836874e-16  -2.0505676e-16  -7.1176539e-16  -6.0242011e-17  -8.9730923e-17  -2.9459325e-16  -7.5781821e-19  -4.6457958e-16  -2.3602998e-16  -9.9596687e-17  1.8003934e-16  -1.7887102e-16  -1.7136334e-16  -8.9038320e-17  1.0000000   -1.1322802e-16  2.8908837e-18  -1.4003288e-17  6.3664404e-16  3.9937579e-17  4.0244008e-16  1.5551810e-16  3.3180989e-16  -2.0065439e-16  -1.1893232e-16  -7.5917234e-17  -4.5705578e-16  6.3749077e-16  -1.7034739e-16  1.8918004e-16  -6.5378991e-17  -6.4836874e-16  -2.0505676e-16  -7.1176539e-16  -6.0242011e-17  -8.9730923e-17  -2.9459325e-16  -7.5781821e-19  -4.6457958e-16  
-3.4970910e-16  8.4749187e-16  -9.7375041e-16  -5.8187056e-16  5.9902259e-16  5.3335090e-16  -1.1322802e-16  1.0000000   8.2713849e-17  5.6854887e-17  -4.8371577e-16  -8.0292185e-16  5.4179034e-16  -8.1696510e-16  -2.4703350e-16  3.2984115e-16  2.9024540e-16  -1.9854635e-16  -8.1524091e-17  3.9643037e-16  4.4187303e-17  -2.9010463e-16  4.0570592e-16  2.7581399e-17  -1.9086193e-16  7.0592634e-16  2.2561014e-16  2.5272843e-16  8.2298606e-16  -1.4969682e-16  1.0054763e-16  -3.4970910e-16  8.4749187e-16  -9.7375041e-16  -5.8187056e-16  5.9902259e-16  5.3335090e-16  -1.1322802e-16  1.0000000   8.2713849e-17  5.6854887e-17  -4.8371577e-16  -8.0292185e-16  5.4179034e-16  -8.1696510e-16  -2.4703350e-16  3.2984115e-16  2.9024540e-16  -1.9854635e-16  -8.1524091e-17  3.9643037e-16  4.4187303e-17  -2.9010463e-16  4.0570592e-16  2.7581399e-17  -1.9086193e-16  7.0592634e-16  2.2561014e-16  2.5272843e-16  8.2298606e-16  -1.4969682e-16  1.0054763e-16  
6.6991188e-16  3.7974304e-17  -3.3985115e-16  4.2254961e-16  3.8288705e-16  2.1014608e-16  2.8908837e-18  8.2713849e-17  1.0000000   -7.2160731e-16  3.0457481e-16  -1.1182554e-16  -1.4671853e-16  3.3370393e-16  3.0914083e-16  -5.4083977e-17  9.1503136e-16  2.6968081e-16  -3.6320366e-16  -2.6553149e-16  -3.2691600e-16  -3.4814472e-17  -3.3999292e-17  2.4213129e-16  4.7429655e-16  3.0817255e-16  2.2080265e-16  1.8301895e-16  2.3452723e-16  -8.0918490e-16  -9.0470657e-16  6.6991188e-16  3.7974304e-17  -3.3985115e-16  4.2254961e-16  3.8288705e-16  2.1014608e-16  2.8908837e-18  8.2713849e-17  1.0000000   -7.2160731e-16  3.0457481e-16  -1.1182554e-16  -1.4671853e-16  3.3370393e-16  3.0914083e-16  -5.4083977e-17  9.1503136e-16  2.6968081e-16  -3.6320366e-16  -2.6553149e-16  -3.2691600e-16  -3.4814472e-17  -3.3999292e-17  2.4213129e-16  4.7429655e-16  3.0817255e-16  2.2080265e-16  1.8301895e-16  2.3452723e-16  -8.0918490e-16  -9.0470657e-16  
-5.3767830e-16  2.8293109e-16  -3.0663952e-16  -1.9041134e-16  -3.3446125e-16  -6.2749177e-16  -1.4003288e-17  5.6854887e-17  -7.2160731e-16  1.0000000   2.2714075e-16  1.6744865e-16  -1.0012301e-16  -6.7982175e-16  6.9615207e-16  -1.0929823e-15  1.6798748e-17  -9.6231575e-16  5.6474682e-16  2.5418445e-16  -3.6054951e-16  -1.6090650e-16  -2.8332226e-16  9.9826208e-17  1.4412118e-16  -8.9832569e-17  -3.1184445e-16  7.4389544e-18  9.2772372e-16  -4.7511413e-16  6.2249834e-16  -5.3767830e-16  2.8293109e-16  -3.0663952e-16  -1.9041134e-16  -3.3446125e-16  -6.2749177e-16  -1.4003288e-17  5.6854887e-17  -7.2160731e-16  1.0000000   2.2714075e-16  1.6744865e-16  -1.0012301e-16  -6.7982175e-16  6.9615207e-16  -1.0929823e-15  1.6798748e-17  -9.6231575e-16  5.6474682e-16  2.5418445e-16  -3.6054951e-16  -1.6090650e-16  -2.8332226e-16  9.9826208e-17  1.4412118e-16  -8.9832569e-17  -3.1184445e-16  7.4389544e-18  9.2772372e-16  -4.7511413e-16  6.2249834e-16  
