1.0000000   5.8381088e-17  -1.5010662e-16  9.1117593e-16  1.5868296e-16  -3.1001039e-16  -7.9005598e-16  1.1748376e-16  -2.0791398e-16  5.5949869e-16  3.1930432e-16  -6.0921393e-16  8.0608122e-16  8.4841470e-17  -7.0838596e-16  2.7800563e-16  2.1268575e-16  7.0395115e-16  1.5431739e-16  -8.6462081e-17  -3.9531218e-17  2.3685168e-16  4.5070508e-16  -4.8641013e-16  -7.4109711e-17  -8.2454300e-16  -7.1439904e-16  2.9913480e-16  7.0804916e-17  4.2048093e-17  -9.0990885e-17  1.0000000   5.8381088e-17  -1.5010662e-16  9.1117593e-16  1.5868296e-16  -3.1001039e-16  -7.9005598e-16  1.1748376e-16  -2.0791398e-16  5.5949869e-16  3.1930432e-16  -6.0921393e-16  8.0608122e-16  8.4841470e-17  -7.0838596e-16  2.7800563e-16  2.1268575e-16  7.0395115e-16  1.5431739e-16  -8.6462081e-17  -3.9531218e-17  2.3685168e-16  4.5070508e-16  -4.8641013e-16  -7.4109711e-17  -8.2454300e-16  -7.1439904e-16  2.9913480e-16  7.0804916e-17  4.2048093e-17  -9.0990885e-17  
5.8381088e-17  1.0000000   2.4380050e-16  -5.9861079e-17  6.0199986e-16  -8.3639021e-17  4.9482203e-16  4.3642303e-16  -4.2868781e-16  -3.9766543e-16  4.3597390e-16  -9.5548771e-17  -1.1192574e-17  3.7232877e-16  -2.7806901e-16  5.6979205e-17  2.7662243e-19  1.7700012e-16  4.4378955e-16  9.7824126e-17  7.6273543e-17  5.9925279e-16  -6.8551171e-18  1.5943167e-16  2.3868605e-16  -3.7499178e-16  -5.8775697e-16  -1.7964073e-16  1.7287957e-16  -9.8925004e-17  -2.2857920e-16  5.8381088e-17  1.0000000   2.4380050e-16  -5.9861079e-17  6.0199986e-16  -8.3639021e-17  4.9482203e-16  4.3642303e-16  -4.2868781e-16  -3.9766543e-16  4.3597390e-16  -9.5548771e-17  -1.1192574e-17  3.7232877e-16  -2.7806901e-16  5.6979205e-17  2.7662243e-19  1.7700012e-16  4.4378955e-16  9.7824126e-17  7.6273543e-17  5.9925279e-16  -6.8551171e-18  1.5943167e-16  2.3868605e-16  -3.7499178e-16  -5.8775697e-16  -1.7964073e-16  1.7287957e-16  -9.8925004e-17  -2.2857920e-16  
-1.5010662e-16  2.4380050e-16  1.0000000   4.7394058e-16  5.8976996e-16  -8.2875879e-18  -4.0319372e-16  8.6141101e-17  -3.5143187e-16  3.9085386e-16  7.5518498e-17  -4.6559624e-17  -2.7899092e-16  -3.8704299e-16  1.8393837e-16  3.3401111e-16  -1.5976554e-16  1.8498421e-16  8.9315459e-17  -2.0185072e-16  1.7120333e-17  4.0506422e-16  3.8432979e-16  -4.9263267e-16  -7.8791260e-16  -2.7873143e-16  -7.9785216e-16  6.0958930e-16  9.0265257e-19  1.9790126e-16  -4.1338833e-17  -1.5010662e-16  2.4380050e-16  1.0000000   4.7394058e-16  5.8976996e-16  -8.2875879e-18  -4.0319372e-16  8.6141101e-17  -3.5143187e-16  3.9085386e-16  7.5518498e-17  -4.6559624e-17  -2.7899092e-16  -3.8704299e-16  1.8393837e-16  3.3401111e-16  -1.5976554e-16  1.8498421e-16  8.9315459e-17  -2.0185072e-16  1.7120333e-17  4.0506422e-16  3.8432979e-16  -4.9263267e-16  -7.8791260e-16  -2.7873143e-16  -7.9785216e-16  6.0958930e-16  9.0265257e-19  1.9790126e-16  -4.1338833e-17  
9.1117593e-16  -5.9861079e-17  4.7394058e-16  1.0000000   -6.2182030e-16  -2.1667758e-16  -1.4591825e-15  -2.3294589e-16  -1.4819782e-16  5.1640020e-17  -1.4139635e-16  -1.0243319e-16  -2.2025610e-16  5.2838423e-16  3.1292514e-16  -1.8818411e-16  -2.3943247e-16  7.2097165e-17  -1.4504275e-16  1.4275350e-16  2.2297856e-16  -2.2381587e-16  -4.1275050e-17  -3.0318593e-16  2.8754539e-16  3.4316207e-16  4.9076687e-17  -5.1020779e-16  -9.4247641e-16  3.9585932e-16  -1.4223615e-16  9.1117593e-16  -5.9861079e-17  4.7394058e-16  1.0000000   -6.2182030e-16  -2.1667758e-16  -1.4591825e-15  -2.3294589e-16  -1.4819782e-16  5.1640020e-17  -1.4139635e-16  -1.0243319e-16  -2.2025610e-16  5.2838423e-16  3.1292514e-16  -1.8818411e-16  -2.3943247e-16  7.2097165e-17  -1.4504275e-16  1.4275350e-16  2.2297856e-16  -2.2381587e-16  -4.1275050e-17  -3.0318593e-16  2.8754539e-16  3.4316207e-16  4.9076687e-17  -5.1020779e-16  -9.4247641e-16  3.9585932e-16  -1.4223615e-16  
1.5868296e-16  6.0199986e-16  5.8976996e-16  -6.2182030e-16  1.0000000   1.2843662e-15  5.3208181e-17  -1.3154567e-16  -2.3367646e-16  -1.8600598e-16  -5.0230404e-16  4.4751642e-16  6.7908335e-16  2.9107642e-16  -3.7576041e-16  2.5703607e-17  3.1081270e-16  2.1069746e-16  -8.3467652e-16  5.5298708e-16  -2.4977703e-17  -2.4579438e-16  -2.0208491e-16  -9.3369274e-17  -5.0077703e-16  -4.6713956e-16  -4.8412056e-16  4.7977518e-16  -5.2060465e-16  6.1316189e-17  -1.0141602e-16  1.5868296e-16  6.0199986e-16  5.8976996e-16  -6.2182030e-16  1.0000000   1.2843662e-15  5.3208181e-17  -1.3154567e-16  -2.3367646e-16  -1.8600598e-16  -5.0230404e-16  4.4751642e-16  6.7908335e-16  2.9107642e-16  -3.7576041e-16  2.5703607e-17  3.1081270e-16  2.1069746e-16  -8.3467652e-16  5.5298708e-16  -2.4977703e-17  -2.4579438e-16  -2.0208491e-16  -9.3369274e-17  -5.0077703e-16  -4.6713956e-16  -4.8412056e-16  4.7977518e-16  -5.2060465e-16  6.1316189e-17  -1.0141602e-16  
-3.1001039e-16  -8.3639021e-17  -8.2875879e-18  -2.1667758e-16  1.2843662e-15  1.0000000   -4.8835334e-16  -4.7743111e-16  -3.9161436e-16  -3.1428860e-16  1.2726940e-16  2.6520929e-16  4.1604816e-16  5.4211973e-17  5.9720011e-16  4.1334337e-16  3.0129786e-17  1.8146163e-16  5.9549477e-16  6.5586922e-16  -9.8039258e-17  3.0697792e-16  6.6551385e-16  5.7254821e-16  -2.1941012e-16  2.3117709e-16  2.1465804e-16  -3.0520917e-16  2.1222145e-16  -1.6275520e-16  8.8902217e-17  -3.1001039e-16  -8.3639021e-17  -8.2875879e-18  -2.1667758e-16  1.2843662e-15  1.0000000   -4.8835334e-16  -4.7743111e-16  -3.9161436e-16  -3.1428860e-16  1.2726940e-16  2.6520929e-16  4.1604816e-16  5.4211973e-17  5.9720011e-16  4.1334337e-16  3.0129786e-17  1.8146163e-16  5.9549477e-16  6.5586922e-16  -9.8039258e-17  3.0697792e-16  6.6551385e-16  5.7254821e-16  -2.1941012e-16  2.3117709e-16  2.1465804e-16  -3.0520917e-16  2.1222145e-16  -1.6275520e-16  8.8902217e-17  
-7.9005598e-16  4.9482203e-16  -4.0319372e-16  -1.4591825e-15  5.3208181e-17  -4.8835334e-16  1.0000000   4.1104410e-16  6.1484727e-16  2.8176873e-16  -2.0332866e-16  4.1900731e-16  3.2379846e-16  3.5578067e-16  -2.4821288e-16  -3.7148232e-16  6.4113370e-17  -6.3574555e-16  1.7885084e-17  -7.6844331e-17  -3.8768864e-16  6.2223389e-16  -9.1233385e-16  -7.8794671e-17  -9.2304754e-18  3.4092977e-17  4.1197758e-16  4.2963735e-16  6.0059010e-17  2.7227411e-16  -2.3373783e-17  -7.9005598e-16  4.9482203e-16  -4.0319372e-16  -1.4591825e-15  5.3208181e-17  -4.8835334e-16  1.0000000   4.1104410e-16  6.1484727e-16  2.8176873e-16  -2.0332866e-16  4.1900731e-16  3.2379846e-16  3.5578067e-16  -2.4821288e-16  -3.7148232e-16  6.4113370e-17  -6.3574555e-16  1.7885084e-17  -7.6844331e-17  -3.8768864e-16  6.2223389e-16  -9.1233385e-16  -7.8794671e-17  -9.2304754e-18  3.4092977e-17  4.1197758e-16  4.2963735e-16  6.0059010e-17  2.7227411e-16  -2.3373783e-17  
1.1748376e-16  4.3642303e-16  8.6141101e-17  -2.3294589e-16  -1.3154567e-16  -4.7743111e-16  4.1104410e-16  1.0000000   -1.2970293e-16  6.7710417e-16  -1.0755861e-17  9.1608797e-16  1.1161338e-15  -7.5113046e-16  -5.0884252e-16  1.3293073e-16  -6.9445843e-16  4.6114055e-17  2.3658213e-16  -2.1982924e-18  -1.3829513e-16  4.5407122e-16  3.1169872e-16  3.6860817e-16  -8.4135284e-16  -1.4744889e-16  6.5701114e-17  -2.7899319e-16  5.4465623e-16  -8.0034054e-16  8.4072170e-16  1.1748376e-16  4.3642303e-16  8.6141101e-17  -2.3294589e-16  -1.3154567e-16  -4.7743111e-16  4.1104410e-16  1.0000000   -1.2970293e-16  6.7710417e-16  -1.0755861e-17  9.1608797e-16  1.1161338e-15  -7.5113046e-16  -5.0884252e-16  1.3293073e-16  -6.9445843e-16  4.6114055e-17  2.3658213e-16  -2.1982924e-18  -1.3829513e-16  4.5407122e-16  3.1169872e-16  3.6860817e-16  -8.4135284e-16  -1.4744889e-16  6.5701114e-17  -2.7899319e-16  5.4465623e-16  -8.0034054e-16  8.4072170e-16  
-2.0791398e-16  -4.2868781e-16  -3.5143187e-16  -1.4819782e-16  -2.3367646e-16  -3.9161436e-16  6.1484727e-16  -1.2970293e-16  1.0000000   5.8659733e-16  2.4344316e-16  -4.3700698e-16  1.4415558e-16  -4.8460561e-16  -6.9732117e-16  -2.8355397e-17  2.8430352e-16  -1.7697031e-16  3.2737768e-16  3.0847611e-16  4.6882113e-16  -4.1960736e-16  6.7276903e-16  -2.7782807e-16  -2.9297461e-16  -7.2315885e-16  4.6325600e-17  -4.0488024e-16  5.1925912e-16  -3.1194011e-16  -2.7096992e-16  -2.0791398e-16  -4.2868781e-16  -3.5143187e-16  -1.4819782e-16  -2.3367646e-16  -3.9161436e-16  6.1484727e-16  -1.2970293e-16  1.0000000   5.8659733e-16  2.4344316e-16  -4.3700698e-16  1.4415558e-16  -4.8460561e-16  -6.9732117e-16  -2.8355397e-17  2.8430352e-16  -1.7697031e-16  3.2737768e-16  3.0847611e-16  4.6882113e-16  -4.1960736e-16  6.7276903e-16  -2.7782807e-16  -2.9297461e-16  -7.2315885e-16  4.6325600e-17  -4.0488024e-16  5.1925912e-16  -3.1194011e-16  -2.7096992e-16  
5.5949869e-16  -3.9766543e-16  3.9085386e-16  5.1640020e-17  -1.8600598e-16  -3.1428860e-16  2.8176873e-16  6.7710417e-16  5.8659733e-16  1.0000000   -4.9433540e-16  5.7621173e-16  -4.7311173e-16  -3.3623555e-16  3.5751999e-16  1.9419231e-16  -8.8973575e-17  -4.0644775e-16  2.6974263e-16  -3.9629493e-16  4.8555161e-16  -2.8524526e-16  2.5929746e-16  6.0938876e-16  -8.1232373e-16  -7.4878120e-17  -2.4672779e-17  -7.3051018e-16  -6.5088463e-16  4.2433965e-16  -5.3830457e-16  5.5949869e-16  -3.9766543e-16  3.9085386e-16  5.1640020e-17  -1.8600598e-16  -3.1428860e-16  2.8176873e-16  6.7710417e-16  5.8659733e-16  1.0000000   -4.9433540e-16  5.7621173e-16  -4.7311173e-16  -3.3623555e-16  3.5751999e-16  1.9419231e-16  -8.8973575e-17  -4.0644775e-16  2.6974263e-16  -3.9629493e-16  4.8555161e-16  -2.8524526e-16  2.5929746e-16  6.0938876e-16  -8.1232373e-16  -7.4878120e-17  -2.4672779e-17  -7.3051018e-16  -6.5088463e-16  4.2433965e-16  -5.3830457e-16  
3.1930432e-16  4.3597390e-16  7.5518498e-17  -1.4139635e-16  -5.0230404e-16  1.2726940e-16  -2.0332866e-16  -1.0755861e-17  2.4344316e-16  -4.9433540e-16  1.0000000   8.3886249e-17  3.2901765e-16  -1.8788743e-17  4.0326180e-17  7.6892255e-17  -2.1868877e-16  2.5486626e-16  1.6882234e-16  -6.3220411e-16  7.2918721e-16  1.8076649e-17  1.7475990e-17  8.0808990e-16  -2.5050934e-16  2.5514734e-16  1.0177330e-16  -4.1462167e-16  3.2769806e-16  -3.0342822e-16  -2.0624108e-16  3.1930432e-16  4.3597390e-16  7.5518498e-17  -1.4139635e-16  -5.0230404e-16  1.2726940e-16  -2.0332866e-16  -1.0755861e-17  2.4344316e-16  -4.9433540e-16  1.0000000   8.3886249e-17  3.2901765e-16  -1.8788743e-17  4.0326180e-17  7.6892255e-17  -2.1868877e-16  2.5486626e-16  1.6882234e-16  -6.3220411e-16  7.2918721e-16  1.8076649e-17  1.7475990e-17  8.0808990e-16  -2.5050934e-16  2.5514734e-16  1.0177330e-16  -4.1462167e-16  3.2769806e-16  -3.0342822e-16  -2.0624108e-16  
-6.0921393e-16  -9.5548771e-17  -4.6559624e-17  -1.0243319e-16  4.4751642e-16  2.6520929e-16  4.1900731e-16  9.1608797e-16  -4.3700698e-16  5.7621173e-16  8.3886249e-17  1.0000000   1.2446138e-16  -5.9616952e-16  9.0009258e-16  7.3099483e-16  -1.1522017e-16  3.7608320e-16  -3.5421098e-16  -1.5027219e-16  -2.8603581e-16  -7.6568373e-17  4.0346203e-16  -5.4469264e-18  5.4525139e-17  -6.9043446e-16  3.8227146e-16  -1.1111623e-16  2.8486102e-17  8.9808662e-16  1.7358326e-16  -6.0921393e-16  -9.5548771e-17  -4.6559624e-17  -1.0243319e-16  4.4751642e-16  2.6520929e-16  4.1900731e-16  9.1608797e-16  -4.3700698e-16  5.7621173e-16  8.3886249e-17  1.0000000   1.2446138e-16  -5.9616952e-16  9.0009258e-16  7.3099483e-16  -1.1522017e-16  3.7608320e-16  -3.5421098e-16  -1.5027219e-16  -2.8603581e-16  -7.6568373e-17  4.0346203e-16  -5.4469264e-18  5.4525139e-17  -6.9043446e-16  3.8227146e-16  -1.1111623e-16  2.8486102e-17  8.9808662e-16  1.7358326e-16  
8.0608122e-16  -1.1192574e-17  -2.7899092e-16  -2.2025610e-16  6.7908335e-16  4.1604816e-16  3.2379846e-16  1.1161338e-15  1.4415558e-16  -4.7311173e-16  3.2901765e-16  1.2446138e-16  1.0000000   -4.8029071e-16  1.4821065e-16  -2.0105415e-16  2.2977450e-17  -4.7357099e-17  1.0741489e-16  -2.2787546e-16  -8.5467929e-16  -1.0148521e-16  -3.6948062e-16  5.5964386e-16  7.2378211e-17  5.8354452e-16  6.5849523e-17  5.7013406e-16  1.2155954e-16  -5.3818530e-16  2.6206937e-16  8.0608122e-16  -1.1192574e-17  -2.7899092e-16  -2.2025610e-16  6.7908335e-16  4.1604816e-16  3.2379846e-16  1.1161338e-15  1.4415558e-16  -4.7311173e-16  3.2901765e-16  1.2446138e-16  1.0000000   -4.8029071e-16  1.4821065e-16  -2.0105415e-16  2.2977450e-17  -4.7357099e-17  1.0741489e-16  -2.2787546e-16  -8.5467929e-16  -1.0148521e-16  -3.6948062e-16  5.5964386e-16  7.2378211e-17  5.8354452e-16  6.5849523e-17  5.7013406e-16  1.2155954e-16  -5.3818530e-16  2.6206937e-16  
8.4841470e-17  3.7232877e-16  -3.8704299e-16  5.2838423e-16  2.9107642e-16  5.4211973e-17  3.5578067e-16  -7.5113046e-16  -4.8460561e-16  -3.3623555e-16  -1.8788743e-17  -5.9616952e-16  -4.8029071e-16  1.0000000   -2.4786771e-16  9.9864800e-18  -3.6539335e-18  9.2356988e-17  -2.5898893e-16  -2.8959700e-16  -1.8757750e-16  1.0543396e-16  -2.1195364e-16  2.4753921e-17  -2.0133768e-16  -1.3555743e-16  -1.1009864e-16  2.2928844e-17  3.3414655e-16  -1.3991510e-16  -8.9106817e-17  8.4841470e-17  3.7232877e-16  -3.8704299e-16  5.2838423e-16  2.9107642e-16  5.4211973e-17  3.5578067e-16  -7.5113046e-16  -4.8460561e-16  -3.3623555e-16  -1.8788743e-17  -5.9616952e-16  -4.8029071e-16  1.0000000   -2.4786771e-16  9.9864800e-18  -3.6539335e-18  9.2356988e-17  -2.5898893e-16  -2.8959700e-16  -1.8757750e-16  1.0543396e-16  -2.1195364e-16  2.4753921e-17  -2.0133768e-16  -1.3555743e-16  -1.1009864e-16  2.2928844e-17  3.3414655e-16  -1.3991510e-16  -8.9106817e-17  
-7.0838596e-16  -2.7806901e-16  1.8393837e-16  3.1292514e-16  -3.7576041e-16  5.9720011e-16  -2.4821288e-16  -5.0884252e-16  -6.9732117e-16  3.5751999e-16  4.0326180e-17  9.0009258e-16  1.4821065e-16  -2.4786771e-16  1.0000000   4.2882549e-16  -5.3586003e-16  -3.0475475e-17  -2.1131499e-16  8.3551942e-17  -2.5918161e-16  -2.2258861e-16  4.7933856e-16  9.0140475e-17  1.2198050e-16  7.4572317e-18  1.5052179e-16  8.0257543e-17  2.3540613e-16  8.0048055e-18  -5.2644838e-16  -7.0838596e-16  -2.7806901e-16  1.8393837e-16  3.1292514e-16  -3.7576041e-16  5.9720011e-16  -2.4821288e-16  -5.0884252e-16  -6.9732117e-16  3.5751999e-16  4.0326180e-17  9.0009258e-16  1.4821065e-16  -2.4786771e-16  1.0000000   4.2882549e-16  -5.3586003e-16  -3.0475475e-17  -2.1131499e-16  8.3551942e-17  -2.5918161e-16  -2.2258861e-16  4.7933856e-16  9.0140475e-17  1.2198050e-16  7.4572317e-18  1.5052179e-16  8.0257543e-17  2.3540613e-16  8.0048055e-18  -5.2644838e-16  
2.7800563e-16  5.6979205e-17  3.3401111e-16  -1.8818411e-16  2.5703607e-17  4.1334337e-16  -3.7148232e-16  1.3293073e-16  -2.8355397e-17  1.9419231e-16  7.6892255e-17  7.3099483e-16  -2.0105415e-16  9.9864800e-18  4.2882549e-16  1.0000000   -5.1835888e-16  5.7887799e-16  -2.7709459e-17  3.0593186e-16  -2.1413468e-16  -2.2923228e-16  6.2503398e-16  -1.0203520e-16  1.9012338e-16  -1.7228359e-17  4.0654536e-16  5.7070516e-16  4.9642194e-16  1.4164486e-16  -9.7002762e-17  2.7800563e-16  5.6979205e-17  3.3401111e-16  -1.8818411e-16  2.5703607e-17  4.1334337e-16  -3.7148232e-16  1.3293073e-16  -2.8355397e-17  1.9419231e-16  7.6892255e-17  7.3099483e-16  -2.0105415e-16  9.9864800e-18  4.2882549e-16  1.0000000   -5.1835888e-16  5.7887799e-16  -2.7709459e-17  3.0593186e-16  -2.1413468e-16  -2.2923228e-16  6.2503398e-16  -1.0203520e-16  1.9012338e-16  -1.7228359e-17  4.0654536e-16  5.7070516e-16  4.9642194e-16  1.4164486e-16  -9.7002762e-17  
2.1268575e-16  2.7662243e-19  -1.5976554e-16  -2.3943247e-16  3.1081270e-16  3.0129786e-17  6.4113370e-17  -6.9445843e-16  2.8430352e-16  -8.8973575e-17  -2.1868877e-16  -1.1522017e-16  2.2977450e-17  -3.6539335e-18  -5.3586003e-16  -5.1835888e-16  1.0000000   -1.7782665e-16  -7.8275460e-16  -5.2254074e-16  -2.8286972e-16  2.8580912e-16  -4.9510859e-16  2.8528903e-17  -2.2218725e-16  2.6796727e-16  -5.5252268e-16  -4.1060008e-17  -3.6292135e-16  7.0874092e-18  -3.2493876e-16  2.1268575e-16  2.7662243e-19  -1.5976554e-16  -2.3943247e-16  3.1081270e-16  3.0129786e-17  6.4113370e-17  -6.9445843e-16  2.8430352e-16  -8.8973575e-17  -2.1868877e-16  -1.1522017e-16  2.2977450e-17  -3.6539335e-18  -5.3586003e-16  -5.1835888e-16  1.0000000   -1.7782665e-16  -7.8275460e-16  -5.2254074e-16  -2.8286972e-16  2.8580912e-16  -4.9510859e-16  2.8528903e-17  -2.2218725e-16  2.6796727e-16  -5.5252268e-16  -4.1060008e-17  -3.6292135e-16  7.0874092e-18  -3.2493876e-16  
7.0395115e-16  1.7700012e-16  1.8498421e-16  7.2097165e-17  2.1069746e-16  1.8146163e-16  -6.3574555e-16  4.6114055e-17  -1.7697031e-16  -4.0644775e-16  2.5486626e-16  3.7608320e-16  -4.7357099e-17  9.2356988e-17  -3.0475475e-17  5.7887799e-16  -1.7782665e-16  1.0000000   -2.6410734e-16  3.6564774e-16  -6.6917451e-16  3.2328234e-16  3.5393502e-16  1.7074973e-16  -6.2768720e-17  -1.7812129e-16  9.7102199e-17  -1.3081830e-16  1.0366201e-17  -1.7986630e-16  7.7348073e-17  7.0395115e-16  1.7700012e-16  1.8498421e-16  7.2097165e-17  2.1069746e-16  1.8146163e-16  -6.3574555e-16  4.6114055e-17  -1.7697031e-16  -4.0644775e-16  2.5486626e-16  3.7608320e-16  -4.7357099e-17  9.2356988e-17  -3.0475475e-17  5.7887799e-16  -1.7782665e-16  1.0000000   -2.6410734e-16  3.6564774e-16  -6.6917451e-16  3.2328234e-16  3.5393502e-16  1.7074973e-16  -6.2768720e-17  -1.7812129e-16  9.7102199e-17  -1.3081830e-16  1.0366201e-17  -1.7986630e-16  7.7348073e-17  
1.5431739e-16  4.4378955e-16  8.9315459e-17  -1.4504275e-16  -8.3467652e-16  5.9549477e-16  1.7885084e-17  2.3658213e-16  3.2737768e-16  2.6974263e-16  1.6882234e-16  -3.5421098e-16  1.0741489e-16  -2.5898893e-16  -2.1131499e-16  -2.7709459e-17  -7.8275460e-16  -2.6410734e-16  1.0000000   -4.8750594e-17  -5.2288754e-16  5.5313311e-16  -6.3684983e-16  1.3629920e-16  -1.1376736e-16  -2.6155756e-16  4.8429582e-17  2.6925353e-16  -4.0727554e-17  6.3060385e-16  2.1545486e-16  1.5431739e-16  4.4378955e-16  8.9315459e-17  -1.4504275e-16  -8.3467652e-16  5.9549477e-16  1.7885084e-17  2.3658213e-16  3.2737768e-16  2.6974263e-16  1.6882234e-16  -3.5421098e-16  1.0741489e-16  -2.5898893e-16  -2.1131499e-16  -2.7709459e-17  -7.8275460e-16  -2.6410734e-16  1.0000000   -4.8750594e-17  -5.2288754e-16  5.5313311e-16  -6.3684983e-16  1.3629920e-16  -1.1376736e-16  -2.6155756e-16  4.8429582e-17  2.6925353e-16  -4.0727554e-17  6.3060385e-16  2.1545486e-16  
-8.6462081e-17  9.7824126e-17  -2.0185072e-16  1.4275350e-16  5.5298708e-16  6.5586922e-16  -7.6844331e-17  -2.1982924e-18  3.0847611e-16  -3.9629493e-16  -6.3220411e-16  -1.5027219e-16  -2.2787546e-16  -2.8959700e-16  8.3551942e-17  3.0593186e-16  -5.2254074e-16  3.6564774e-16  -4.8750594e-17  1.0000000   3.2816210e-16  -3.5424141e-17  -4.8682904e-16  1.0462080e-16  4.5492436e-17  -4.4827687e-16  4.3748143e-17  3.3324032e-16  1.4730653e-16  3.1246755e-16  1.9002075e-16  -8.6462081e-17  9.7824126e-17  -2.0185072e-16  1.4275350e-16  5.5298708e-16  6.5586922e-16  -7.6844331e-17  -2.1982924e-18  3.0847611e-16  -3.9629493e-16  -6.3220411e-16  -1.5027219e-16  -2.2787546e-16  -2.8959700e-16  8.3551942e-17  3.0593186e-16  -5.2254074e-16  3.6564774e-16  -4.8750594e-17  1.0000000   3.2816210e-16  -3.5424141e-17  -4.8682904e-16  1.0462080e-16  4.5492436e-17  -4.4827687e-16  4.3748143e-17  3.3324032e-16  1.4730653e-16  3.1246755e-16  1.9002075e-16  
-3.9531218e-17  7.6273543e-17  1.7120333e-17  2.2297856e-16  -2.4977703e-17  -9.8039258e-17  -3.8768864e-16  -1.3829513e-16  4.6882113e-16  4.8555161e-16  7.2918721e-16  -2.8603581e-16  -8.5467929e-16  -1.8757750e-16  -2.5918161e-16  -2.1413468e-16  -2.8286972e-16  -6.6917451e-16  -5.2288754e-16  3.2816210e-16  1.0000000   2.7762421e-17  -6.4415885e-16  -2.6694185e-16  -2.3360924e-16  -2.7478383e-16  -7.1764489e-16  -5.1420106e-16  -4.3914126e-16  6.5257661e-16  1.7502657e-16  -3.9531218e-17  7.6273543e-17  1.7120333e-17  2.2297856e-16  -2.4977703e-17  -9.8039258e-17  -3.8768864e-16  -1.3829513e-16  4.6882113e-16  4.8555161e-16  7.2918721e-16  -2.8603581e-16  -8.5467929e-16  -1.8757750e-16  -2.5918161e-16  -2.1413468e-16  -2.8286972e-16  -6.6917451e-16  -5.2288754e-16  3.2816210e-16  1.0000000   2.7762421e-17  -6.4415885e-16  -2.6694185e-16  -2.3360924e-16  -2.7478383e-16  -7.1764489e-16  -5.1420106e-16  -4.3914126e-16  6.5257661e-16  1.7502657e-16  
2.3685168e-16  5.9925279e-16  4.0506422e-16  -2.2381587e-16  -2.4579438e-16  3.0697792e-16  6.2223389e-16  4.5407122e-16  -4.1960736e-16  -2.8524526e-16  1.8076649e-17  -7.6568373e-17  -1.0148521e-16  1.0543396e-16  -2.2258861e-16  -2.2923228e-16  2.8580912e-16  3.2328234e-16  5.5313311e-16  -3.5424141e-17  2.7762421e-17  1.0000000   -8.4949867e-17  -2.5094742e-16  3.5954809e-16  2.1150061e-16  1.3874947e-16  -2.4957416e-16  -3.7954265e-16  -2.1044625e-16  -1.8169210e-17  2.3685168e-16  5.9925279e-16  4.0506422e-16  -2.2381587e-16  -2.4579438e-16  3.0697792e-16  6.2223389e-16  4.5407122e-16  -4.1960736e-16  -2.8524526e-16  1.8076649e-17  -7.6568373e-17  -1.0148521e-16  1.0543396e-16  -2.2258861e-16  -2.2923228e-16  2.8580912e-16  3.2328234e-16  5.5313311e-16  -3.5424141e-17  2.7762421e-17  1.0000000   -8.4949867e-17  -2.5094742e-16  3.5954809e-16  2.1150061e-16  1.3874947e-16  -2.4957416e-16  -3.7954265e-16  -2.1044625e-16  -1.8169210e-17  
4.5070508e-16  -6.8551171e-18  3.8432979e-16  -4.1275050e-17  -2.0208491e-16  6.6551385e-16  -9.1233385e-16  3.1169872e-16  6.7276903e-16  2.5929746e-16  1.7475990e-17  4.0346203e-16  -3.6948062e-16  -2.1195364e-16  4.7933856e-16  6.2503398e-16  -4.9510859e-16  3.5393502e-16  -6.3684983e-16  -4.8682904e-16  -6.4415885e-16  -8.4949867e-17  1.0000000   5.6288564e-16  1.3586069e-16  -2.1730958e-16  1.0322845e-16  2.1627022e-16  -8.2137321e-17  1.4746513e-16  -1.1385797e-16  4.5070508e-16  -6.8551171e-18  3.8432979e-16  -4.1275050e-17  -2.0208491e-16  6.6551385e-16  -9.1233385e-16  3.1169872e-16  6.7276903e-16  2.5929746e-16  1.7475990e-17  4.0346203e-16  -3.6948062e-16  -2.1195364e-16  4.7933856e-16  6.2503398e-16  -4.9510859e-16  3.5393502e-16  -6.3684983e-16  -4.8682904e-16  -6.4415885e-16  -8.4949867e-17  1.0000000   5.6288564e-16  1.3586069e-16  -2.1730958e-16  1.0322845e-16  2.1627022e-16  -8.2137321e-17  1.4746513e-16  -1.1385797e-16  
-4.8641013e-16  1.5943167e-16  -4.9263267e-16  -3.0318593e-16  -9.3369274e-17  5.7254821e-16  -7.8794671e-17  3.6860817e-16  -2.7782807e-16  6.0938876e-16  8.0808990e-16  -5.4469264e-18  5.5964386e-16  2.4753921e-17  9.0140475e-17  -1.0203520e-16  2.8528903e-17  1.7074973e-16  1.3629920e-16  1.0462080e-16  -2.6694185e-16  -2.5094742e-16  5.6288564e-16  1.0000000   1.1238610e-16  -3.1052436e-16  3.6589782e-16  -2.7189624e-16  -1.2536323e-17  1.8473475e-16  -8.1016871e-17  -4.8641013e-16  1.5943167e-16  -4.9263267e-16  -3.0318593e-16  -9.3369274e-17  5.7254821e-16  -7.8794671e-17  3.6860817e-16  -2.7782807e-16  6.0938876e-16  8.0808990e-16  -5.4469264e-18  5.5964386e-16  2.4753921e-17  9.0140475e-17  -1.0203520e-16  2.8528903e-17  1.7074973e-16  1.3629920e-16  1.0462080e-16  -2.6694185e-16  -2.5094742e-16  5.6288564e-16  1.0000000   1.1238610e-16  -3.1052436e-16  3.6589782e-16  -2.7189624e-16  -1.2536323e-17  1.8473475e-16  -8.1016871e-17  
-7.4109711e-17  2.3868605e-16  -7.8791260e-16  2.8754539e-16  -5.0077703e-16  -2.1941012e-16  -9.2304754e-18  -8.4135284e-16  -2.9297461e-16  -8.1232373e-16  -2.5050934e-16  5.4525139e-17  7.2378211e-17  -2.0133768e-16  1.2198050e-16  1.9012338e-16  -2.2218725e-16  -6.2768720e-17  -1.1376736e-16  4.5492436e-17  -2.3360924e-16  3.5954809e-16  1.3586069e-16  1.1238610e-16  1.0000000   8.3073832e-17  -5.8362444e-16  -6.0952332e-17  4.9073295e-16  -6.1526765e-16  4.4272590e-16  -7.4109711e-17  2.3868605e-16  -7.8791260e-16  2.8754539e-16  -5.0077703e-16  -2.1941012e-16  -9.2304754e-18  -8.4135284e-16  -2.9297461e-16  -8.1232373e-16  -2.5050934e-16  5.4525139e-17  7.2378211e-17  -2.0133768e-16  1.2198050e-16  1.9012338e-16  -2.2218725e-16  -6.2768720e-17  -1.1376736e-16  4.5492436e-17  -2.3360924e-16  3.5954809e-16  1.3586069e-16  1.1238610e-16  1.0000000   8.3073832e-17  -5.8362444e-16  -6.0952332e-17  4.9073295e-16  -6.1526765e-16  4.4272590e-16  
-8.2454300e-16  -3.7499178e-16  -2.7873143e-16  3.4316207e-16  -4.6713956e-16  2.3117709e-16  3.4092977e-17  -1.4744889e-16  -7.2315885e-16  -7.4878120e-17  2.5514734e-16  -6.9043446e-16  5.8354452e-16  -1.3555743e-16  7.4572317e-18  -1.7228359e-17  2.6796727e-16  -1.7812129e-16  -2.6155756e-16  -4.4827687e-16  -2.7478383e-16  2.1150061e-16  -2.1730958e-16  -3.1052436e-16  8.3073832e-17  1.0000000   -5.8025189e-16  2.1374375e-16  5.2306695e-16  1.9607172e-16  -4.9235292e-16  -8.2454300e-16  -3.7499178e-16  -2.7873143e-16  3.4316207e-16  -4.6713956e-16  2.3117709e-16  3.4092977e-17  -1.4744889e-16  -7.2315885e-16  -7.4878120e-17  2.5514734e-16  -6.9043446e-16  5.8354452e-16  -1.3555743e-16  7.4572317e-18  -1.7228359e-17  2.6796727e-16  -1.7812129e-16  -2.6155756e-16  -4.4827687e-16  -2.7478383e-16  2.1150061e-16  -2.1730958e-16  -3.1052436e-16  8.3073832e-17  1.0000000   -5.8025189e-16  2.1374375e-16  5.2306695e-16  1.9607172e-16  -4.9235292e-16  
-7.1439904e-16  -5.8775697e-16  -7.9785216e-16  4.9076687e-17  -4.8412056e-16  2.1465804e-16  4.1197758e-16  6.5701114e-17  4.6325600e-17  -2.4672779e-17  1.0177330e-16  3.8227146e-16  6.5849523e-17  -1.1009864e-16  1.5052179e-16  4.0654536e-16  -5.5252268e-16  9.7102199e-17  4.8429582e-17  4.3748143e-17  -7.1764489e-16  1.3874947e-16  1.0322845e-16  3.6589782e-16  -5.8362444e-16  -5.8025189e-16  1.0000000   6.0620187e-16  4.8484084e-16  1.5525800e-16  2.6782412e-16  -7.1439904e-16  -5.8775697e-16  -7.9785216e-16  4.9076687e-17  -4.8412056e-16  2.1465804e-16  4.1197758e-16  6.5701114e-17  4.6325600e-17  -2.4672779e-17  1.0177330e-16  3.8227146e-16  6.5849523e-17  -1.1009864e-16  1.5052179e-16  4.0654536e-16  -5.5252268e-16  9.7102199e-17  4.8429582e-17  4.3748143e-17  -7.1764489e-16  1.3874947e-16  1.0322845e-16  3.6589782e-16  -5.8362444e-16  -5.8025189e-16  1.0000000   6.0620187e-16  4.8484084e-16  1.5525800e-16  2.6782412e-16  
2.9913480e-16  -1.7964073e-16  6.0958930e-16  -5.1020779e-16  4.7977518e-16  -3.0520917e-16  4.2963735e-16  -2.7899319e-16  -4.0488024e-16  -7.3051018e-16  -4.1462167e-16  -1.1111623e-16  5.7013406e-16  2.2928844e-17  8.0257543e-17  5.7070516e-16  -4.1060008e-17  -1.3081830e-16  2.6925353e-16  3.3324032e-16  -5.1420106e-16  -2.4957416e-16  2.1627022e-16  -2.7189624e-16  -6.0952332e-17  2.1374375e-16  6.0620187e-16  1.0000000   -4.0175397e-16  -1.6310315e-16  -5.5940971e-16  2.9913480e-16  -1.7964073e-16  6.0958930e-16  -5.1020779e-16  4.7977518e-16  -3.0520917e-16  4.2963735e-16  -2.7899319e-16  -4.0488024e-16  -7.3051018e-16  -4.1462167e-16  -1.1111623e-16  5.7013406e-16  2.2928844e-17  8.0257543e-17  5.7070516e-16  -4.1060008e-17  -1.3081830e-16  2.6925353e-16  3.3324032e-16  -5.1420106e-16  -2.4957416e-16  2.1627022e-16  -2.7189624e-16  -6.0952332e-17  2.1374375e-16  6.0620187e-16  1.0000000   -4.0175397e-16  -1.6310315e-16  -5.5940971e-16  
7.0804916e-17  1.7287957e-16  9.0265257e-19  -9.4247641e-16  -5.2060465e-16  2.1222145e-16  6.0059010e-17  5.4465623e-16  5.1925912e-16  -6.5088463e-16  3.2769806e-16  2.8486102e-17  1.2155954e-16  3.3414655e-16  2.3540613e-16  4.9642194e-16  -3.6292135e-16  1.0366201e-17  -4.0727554e-17  1.4730653e-16  -4.3914126e-16  -3.7954265e-16  -8.2137321e-17  -1.2536323e-17  4.9073295e-16  5.2306695e-16  4.8484084e-16  -4.0175397e-16  1.0000000   6.2567478e-17  1.9000560e-16  7.0804916e-17  1.7287957e-16  9.0265257e-19  -9.4247641e-16  -5.2060465e-16  2.1222145e-16  6.0059010e-17  5.4465623e-16  5.1925912e-16  -6.5088463e-16  3.2769806e-16  2.8486102e-17  1.2155954e-16  3.3414655e-16  2.3540613e-16  4.9642194e-16  -3.6292135e-16  1.0366201e-17  -4.0727554e-17  1.4730653e-16  -4.3914126e-16  -3.7954265e-16  -8.2137321e-17  -1.2536323e-17  4.9073295e-16  5.2306695e-16  4.8484084e-16  -4.0175397e-16  1.0000000   6.2567478e-17  1.9000560e-16  
4.2048093e-17  -9.8925004e-17  1.9790126e-16  3.9585932e-16  6.1316189e-17  -1.6275520e-16  2.7227411e-16  -8.0034054e-16  -3.1194011e-16  4.2433965e-16  -3.0342822e-16  8.9808662e-16  -5.3818530e-16  -1.3991510e-16  8.0048055e-18  1.4164486e-16  7.0874092e-18  -1.7986630e-16  6.3060385e-16  3.1246755e-16  6.5257661e-16  -2.1044625e-16  1.4746513e-16  1.8473475e-16  -6.1526765e-16  1.9607172e-16  1.5525800e-16  -1.6310315e-16  6.2567478e-17  1.0000000   5.1177117e-16  4.2048093e-17  -9.8925004e-17  1.9790126e-16  3.9585932e-16  6.1316189e-17  -1.6275520e-16  2.7227411e-16  -8.0034054e-16  -3.1194011e-16  4.2433965e-16  -3.0342822e-16  8.9808662e-16  -5.3818530e-16  -1.3991510e-16  8.0048055e-18  1.4164486e-16  7.0874092e-18  -1.7986630e-16  6.3060385e-16  3.1246755e-16  6.5257661e-16  -2.1044625e-16  1.4746513e-16  1.8473475e-16  -6.1526765e-16  1.9607172e-16  1.5525800e-16  -1.6310315e-16  6.2567478e-17  1.0000000   5.1177117e-16  
-9.0990885e-17  -2.2857920e-16  -4.1338833e-17  -1.4223615e-16  -1.0141602e-16  8.8902217e-17  -2.3373783e-17  8.4072170e-16  -2.7096992e-16  -5.3830457e-16  -2.0624108e-16  1.7358326e-16  2.6206937e-16  -8.9106817e-17  -5.2644838e-16  -9.7002762e-17  -3.2493876e-16  7.7348073e-17  2.1545486e-16  1.9002075e-16  1.7502657e-16  -1.8169210e-17  -1.1385797e-16  -8.1016871e-17  4.4272590e-16  -4.9235292e-16  2.6782412e-16  -5.5940971e-16  1.9000560e-16  5.1177117e-16  1.0000000   -9.0990885e-17  -2.2857920e-16  -4.1338833e-17  -1.4223615e-16  -1.0141602e-16  8.8902217e-17  -2.3373783e-17  8.4072170e-16  -2.7096992e-16  -5.3830457e-16  -2.0624108e-16  1.7358326e-16  2.6206937e-16  -8.9106817e-17  -5.2644838e-16  -9.7002762e-17  -3.2493876e-16  7.7348073e-17  2.1545486e-16  1.9002075e-16  1.7502657e-16  -1.8169210e-17  -1.1385797e-16  -8.1016871e-17  4.4272590e-16  -4.9235292e-16  2.6782412e-16  -5.5940971e-16  1.9000560e-16  5.1177117e-16  1.0000000   
1.0000000   5.8381088e-17  -1.5010662e-16  9.1117593e-16  1.5868296e-16  -3.1001039e-16  -7.9005598e-16  1.1748376e-16  -2.0791398e-16  5.5949869e-16  3.1930432e-16  -6.0921393e-16  8.0608122e-16  8.4841470e-17  -7.0838596e-16  2.7800563e-16  2.1268575e-16  7.0395115e-16  1.5431739e-16  -8.6462081e-17  -3.9531218e-17  2.3685168e-16  4.5070508e-16  -4.8641013e-16  -7.4109711e-17  -8.2454300e-16  -7.1439904e-16  2.9913480e-16  7.0804916e-17  4.2048093e-17  -9.0990885e-17  1.0000000   5.8381088e-17  -1.5010662e-16  9.1117593e-16  1.5868296e-16  -3.1001039e-16  -7.9005598e-16  1.1748376e-16  -2.0791398e-16  5.5949869e-16  3.1930432e-16  -6.0921393e-16  8.0608122e-16  8.4841470e-17  -7.0838596e-16  2.7800563e-16  2.1268575e-16  7.0395115e-16  1.5431739e-16  -8.6462081e-17  -3.9531218e-17  2.3685168e-16  4.5070508e-16  -4.8641013e-16  -7.4109711e-17  -8.2454300e-16  -7.1439904e-16  2.9913480e-16  7.0804916e-17  4.2048093e-17  -9.0990885e-17  
5.8381088e-17  1.0000000   2.4380050e-16  -5.9861079e-17  6.0199986e-16  -8.3639021e-17  4.9482203e-16  4.3642303e-16  -4.2868781e-16  -3.9766543e-16  4.3597390e-16  -9.5548771e-17  -1.1192574e-17  3.7232877e-16  -2.7806901e-16  5.6979205e-17  2.7662243e-19  1.7700012e-16  4.4378955e-16  9.7824126e-17  7.6273543e-17  5.9925279e-16  -6.8551171e-18  1.5943167e-16  2.3868605e-16  -3.7499178e-16  -5.8775697e-16  -1.7964073e-16  1.7287957e-16  -9.8925004e-17  -2.2857920e-16  5.8381088e-17  1.0000000   2.4380050e-16  -5.9861079e-17  6.0199986e-16  -8.3639021e-17  4.9482203e-16  4.3642303e-16  -4.2868781e-16  -3.9766543e-16  4.3597390e-16  -9.5548771e-17  -1.1192574e-17  3.7232877e-16  -2.7806901e-16  5.6979205e-17  2.7662243e-19  1.7700012e-16  4.4378955e-16  9.7824126e-17  7.6273543e-17  5.9925279e-16  -6.8551171e-18  1.5943167e-16  2.3868605e-16  -3.7499178e-16  -5.8775697e-16  -1.7964073e-16  1.7287957e-16  -9.8925004e-17  -2.2857920e-16  
-1.5010662e-16  2.4380050e-16  1.0000000   4.7394058e-16  5.8976996e-16  -8.2875879e-18  -4.0319372e-16  8.6141101e-17  -3.5143187e-16  3.9085386e-16  7.5518498e-17  -4.6559624e-17  -2.7899092e-16  -3.8704299e-16  1.8393837e-16  3.3401111e-16  -1.5976554e-16  1.8498421e-16  8.9315459e-17  -2.0185072e-16  1.7120333e-17  4.0506422e-16  3.8432979e-16  -4.9263267e-16  -7.8791260e-16  -2.7873143e-16  -7.9785216e-16  6.0958930e-16  9.0265257e-19  1.9790126e-16  -4.1338833e-17  -1.5010662e-16  2.4380050e-16  1.0000000   4.7394058e-16  5.8976996e-16  -8.2875879e-18  -4.0319372e-16  8.6141101e-17  -3.5143187e-16  3.9085386e-16  7.5518498e-17  -4.6559624e-17  -2.7899092e-16  -3.8704299e-16  1.8393837e-16  3.3401111e-16  -1.5976554e-16  1.8498421e-16  8.9315459e-17  -2.0185072e-16  1.7120333e-17  4.0506422e-16  3.8432979e-16  -4.9263267e-16  -7.8791260e-16  -2.7873143e-16  -7.9785216e-16  6.0958930e-16  9.0265257e-19  1.9790126e-16  -4.1338833e-17  
9.1117593e-16  -5.9861079e-17  4.7394058e-16  1.0000000   -6.2182030e-16  -2.1667758e-16  -1.4591825e-15  -2.3294589e-16  -1.4819782e-16  5.1640020e-17  -1.4139635e-16  -1.0243319e-16  -2.2025610e-16  5.2838423e-16  3.1292514e-16  -1.8818411e-16  -2.3943247e-16  7.2097165e-17  -1.4504275e-16  1.4275350e-16  2.2297856e-16  -2.2381587e-16  -4.1275050e-17  -3.0318593e-16  2.8754539e-16  3.4316207e-16  4.9076687e-17  -5.1020779e-16  -9.4247641e-16  3.9585932e-16  -1.4223615e-16  9.1117593e-16  -5.9861079e-17  4.7394058e-16  1.0000000   -6.2182030e-16  -2.1667758e-16  -1.4591825e-15  -2.3294589e-16  -1.4819782e-16  5.1640020e-17  -1.4139635e-16  -1.0243319e-16  -2.2025610e-16  5.2838423e-16  3.1292514e-16  -1.8818411e-16  -2.3943247e-16  7.2097165e-17  -1.4504275e-16  1.4275350e-16  2.2297856e-16  -2.2381587e-16  -4.1275050e-17  -3.0318593e-16  2.8754539e-16  3.4316207e-16  4.9076687e-17  -5.1020779e-16  -9.4247641e-16  3.9585932e-16  -1.4223615e-16  
1.5868296e-16  6.0199986e-16  5.8976996e-16  -6.2182030e-16  1.0000000   1.2843662e-15  5.3208181e-17  -1.3154567e-16  -2.3367646e-16  -1.8600598e-16  -5.0230404e-16  4.4751642e-16  6.7908335e-16  2.9107642e-16  -3.7576041e-16  2.5703607e-17  3.1081270e-16  2.1069746e-16  -8.3467652e-16  5.5298708e-16  -2.4977703e-17  -2.4579438e-16  -2.0208491e-16  -9.3369274e-17  -5.0077703e-16  -4.6713956e-16  -4.8412056e-16  4.7977518e-16  -5.2060465e-16  6.1316189e-17  -1.0141602e-16  1.5868296e-16  6.0199986e-16  5.8976996e-16  -6.2182030e-16  1.0000000   1.2843662e-15  5.3208181e-17  -1.3154567e-16  -2.3367646e-16  -1.8600598e-16  -5.0230404e-16  4.4751642e-16  6.7908335e-16  2.9107642e-16  -3.7576041e-16  2.5703607e-17  3.1081270e-16  2.1069746e-16  -8.3467652e-16  5.5298708e-16  -2.4977703e-17  -2.4579438e-16  -2.0208491e-16  -9.3369274e-17  -5.0077703e-16  -4.6713956e-16  -4.8412056e-16  4.7977518e-16  -5.2060465e-16  6.1316189e-17  -1.0141602e-16  
-3.1001039e-16  -8.3639021e-17  -8.2875879e-18  -2.1667758e-16  1.2843662e-15  1.0000000   -4.8835334e-16  -4.7743111e-16  -3.9161436e-16  -3.1428860e-16  1.2726940e-16  2.6520929e-16  4.1604816e-16  5.4211973e-17  5.9720011e-16  4.1334337e-16  3.0129786e-17  1.8146163e-16  5.9549477e-16  6.5586922e-16  -9.8039258e-17  3.0697792e-16  6.6551385e-16  5.7254821e-16  -2.1941012e-16  2.3117709e-16  2.1465804e-16  -3.0520917e-16  2.1222145e-16  -1.6275520e-16  8.8902217e-17  -3.1001039e-16  -8.3639021e-17  -8.2875879e-18  -2.1667758e-16  1.2843662e-15  1.0000000   -4.8835334e-16  -4.7743111e-16  -3.9161436e-16  -3.1428860e-16  1.2726940e-16  2.6520929e-16  4.1604816e-16  5.4211973e-17  5.9720011e-16  4.1334337e-16  3.0129786e-17  1.8146163e-16  5.9549477e-16  6.5586922e-16  -9.8039258e-17  3.0697792e-16  6.6551385e-16  5.7254821e-16  -2.1941012e-16  2.3117709e-16  2.1465804e-16  -3.0520917e-16  2.1222145e-16  -1.6275520e-16  8.8902217e-17  
-7.9005598e-16  4.9482203e-16  -4.0319372e-16  -1.4591825e-15  5.3208181e-17  -4.8835334e-16  1.0000000   4.1104410e-16  6.1484727e-16  2.8176873e-16  -2.0332866e-16  4.1900731e-16  3.2379846e-16  3.5578067e-16  -2.4821288e-16  -3.7148232e-16  6.4113370e-17  -6.3574555e-16  1.7885084e-17  -7.6844331e-17  -3.8768864e-16  6.2223389e-16  -9.1233385e-16  -7.8794671e-17  -9.2304754e-18  3.4092977e-17  4.1197758e-16  4.2963735e-16  6.0059010e-17  2.7227411e-16  -2.3373783e-17  -7.9005598e-16  4.9482203e-16  -4.0319372e-16  -1.4591825e-15  5.3208181e-17  -4.8835334e-16  1.0000000   4.1104410e-16  6.1484727e-16  2.8176873e-16  -2.0332866e-16  4.1900731e-16  3.2379846e-16  3.5578067e-16  -2.4821288e-16  -3.7148232e-16  6.4113370e-17  -6.3574555e-16  1.7885084e-17  -7.6844331e-17  -3.8768864e-16  6.2223389e-16  -9.1233385e-16  -7.8794671e-17  -9.2304754e-18  3.4092977e-17  4.1197758e-16  4.2963735e-16  6.0059010e-17  2.7227411e-16  -2.3373783e-17  
1.1748376e-16  4.3642303e-16  8.6141101e-17  -2.3294589e-16  -1.3154567e-16  -4.7743111e-16  4.1104410e-16  1.0000000   -1.2970293e-16  6.7710417e-16  -1.0755861e-17  9.1608797e-16  1.1161338e-15  -7.5113046e-16  -5.0884252e-16  1.3293073e-16  -6.9445843e-16  4.6114055e-17  2.3658213e-16  -2.1982924e-18  -1.3829513e-16  4.5407122e-16  3.1169872e-16  3.6860817e-16  -8.4135284e-16  -1.4744889e-16  6.5701114e-17  -2.7899319e-16  5.4465623e-16  -8.0034054e-16  8.4072170e-16  1.1748376e-16  4.3642303e-16  8.6141101e-17  -2.3294589e-16  -1.3154567e-16  -4.7743111e-16  4.1104410e-16  1.0000000   -1.2970293e-16  6.7710417e-16  -1.0755861e-17  9.1608797e-16  1.1161338e-15  -7.5113046e-16  -5.0884252e-16  1.3293073e-16  -6.9445843e-16  4.6114055e-17  2.3658213e-16  -2.1982924e-18  -1.3829513e-16  4.5407122e-16  3.1169872e-16  3.6860817e-16  -8.4135284e-16  -1.4744889e-16  6.5701114e-17  -2.7899319e-16  5.4465623e-16  -8.0034054e-16  8.4072170e-16  
-2.0791398e-16  -4.2868781e-16  -3.5143187e-16  -1.4819782e-16  -2.3367646e-16  -3.9161436e-16  6.1484727e-16  -1.2970293e-16  1.0000000   5.8659733e-16  2.4344316e-16  -4.3700698e-16  1.4415558e-16  -4.8460561e-16  -6.9732117e-16  -2.8355397e-17  2.8430352e-16  -1.7697031e-16  3.2737768e-16  3.0847611e-16  4.6882113e-16  -4.1960736e-16  6.7276903e-16  -2.7782807e-16  -2.9297461e-16  -7.2315885e-16  4.6325600e-17  -4.0488024e-16  5.1925912e-16  -3.1194011e-16  -2.7096992e-16  -2.0791398e-16  -4.2868781e-16  -3.5143187e-16  -1.4819782e-16  -2.3367646e-16  -3.9161436e-16  6.1484727e-16  -1.2970293e-16  1.0000000   5.8659733e-16  2.4344316e-16  -4.3700698e-16  1.4415558e-16  -4.8460561e-16  -6.9732117e-16  -2.8355397e-17  2.8430352e-16  -1.7697031e-16  3.2737768e-16  3.0847611e-16  4.6882113e-16  -4.1960736e-16  6.7276903e-16  -2.7782807e-16  -2.9297461e-16  -7.2315885e-16  4.6325600e-17  -4.0488024e-16  5.1925912e-16  -3.1194011e-16  -2.7096992e-16  
5.5949869e-16  -3.9766543e-16  3.9085386e-16  5.1640020e-17  -1.8600598e-16  -3.1428860e-16  2.8176873e-16  6.7710417e-16  5.8659733e-16  1.0000000   -4.9433540e-16  5.7621173e-16  -4.7311173e-16  -3.3623555e-16  3.5751999e-16  1.9419231e-16  -8.8973575e-17  -4.0644775e-16  2.6974263e-16  -3.9629493e-16  4.8555161e-16  -2.8524526e-16  2.5929746e-16  6.0938876e-16  -8.1232373e-16  -7.4878120e-17  -2.4672779e-17  -7.3051018e-16  -6.5088463e-16  4.2433965e-16  -5.3830457e-16  5.5949869e-16  -3.9766543e-16  3.9085386e-16  5.1640020e-17  -1.8600598e-16  -3.1428860e-16  2.8176873e-16  6.7710417e-16  5.8659733e-16  1.0000000   -4.9433540e-16  5.7621173e-16  -4.7311173e-16  -3.3623555e-16  3.5751999e-16  1.9419231e-16  -8.8973575e-17  -4.0644775e-16  2.6974263e-16  -3.9629493e-16  4.8555161e-16  -2.8524526e-16  2.5929746e-16  6.0938876e-16  -8.1232373e-16  -7.4878120e-17  -2.4672779e-17  -7.3051018e-16  -6.5088463e-16  4.2433965e-16  -5.3830457e-16  
