1.0000000   -3.5176958e-16  -1.4186185e-16  -7.3374378e-17  3.4882087e-17  -4.6901024e-16  -4.4858881e-16  8.1420314e-18  -2.8238226e-16  -6.4943862e-16  -8.6038311e-17  4.9230599e-16  -5.0953548e-18  -2.9218910e-16  4.2174287e-16  -3.5623242e-16  -5.6130236e-16  1.7186992e-16  -3.1610885e-16  3.9047027e-16  -1.2713925e-17  -6.2301453e-16  -6.7007191e-16  3.0623198e-16  -7.0912439e-17  6.2366037e-16  -7.6070236e-17  5.5017610e-16  5.7738530e-18  9.7269324e-17  2.8610054e-16  1.0000000   -3.5176958e-16  -1.4186185e-16  -7.3374378e-17  3.4882087e-17  -4.6901024e-16  -4.4858881e-16  8.1420314e-18  -2.8238226e-16  -6.4943862e-16  -8.6038311e-17  4.9230599e-16  -5.0953548e-18  -2.9218910e-16  4.2174287e-16  -3.5623242e-16  -5.6130236e-16  1.7186992e-16  -3.1610885e-16  3.9047027e-16  -1.2713925e-17  -6.2301453e-16  -6.7007191e-16  3.0623198e-16  -7.0912439e-17  6.2366037e-16  -7.6070236e-17  5.5017610e-16  5.7738530e-18  9.7269324e-17  2.8610054e-16  
-3.5176958e-16  1.0000000   9.2551995e-17  1.3122699e-16  -4.4320678e-16  2.0708091e-16  -3.6458475e-16  1.0867482e-16  2.8274315e-18  -3.0981198e-16  -1.6143440e-16  -1.1121743e-15  9.4832910e-17  9.1625269e-16  5.1430011e-16  3.8834875e-16  -7.5101809e-16  -2.1725214e-16  -2.7987554e-16  6.3463317e-16  -3.4552263e-17  7.7689202e-16  4.2970130e-16  -1.0188377e-15  8.9458863e-16  3.0267244e-16  -9.1177629e-16  -2.3909791e-16  -3.9206698e-17  2.7667832e-16  -8.2112027e-16  -3.5176958e-16  1.0000000   9.2551995e-17  1.3122699e-16  -4.4320678e-16  2.0708091e-16  -3.6458475e-16  1.0867482e-16  2.8274315e-18  -3.0981198e-16  -1.6143440e-16  -1.1121743e-15  9.4832910e-17  9.1625269e-16  5.1430011e-16  3.8834875e-16  -7.5101809e-16  -2.1725214e-16  -2.7987554e-16  6.3463317e-16  -3.4552263e-17  7.7689202e-16  4.2970130e-16  -1.0188377e-15  8.9458863e-16  3.0267244e-16  -9.1177629e-16  -2.3909791e-16  -3.9206698e-17  2.7667832e-16  -8.2112027e-16  
-1.4186185e-16  9.2551995e-17  1.0000000   -2.2501065e-16  6.2751785e-16  4.7040801e-16  9.0968285e-16  8.8930897e-16  2.7203064e-16  -2.3463223e-16  4.7619902e-16  -1.1625671e-16  9.1034540e-16  2.4812017e-17  -7.9717990e-17  -3.3326805e-16  4.2009409e-16  -5.3706002e-16  2.8962678e-16  3.6609884e-16  -5.7153865e-16  -1.9614599e-16  7.4008195e-16  -1.1828496e-16  1.7378664e-16  -5.6691736e-16  -6.0719517e-17  -5.5546947e-16  -3.5588005e-16  -1.5784364e-16  4.6011273e-16  -1.4186185e-16  9.2551995e-17  1.0000000   -2.2501065e-16  6.2751785e-16  4.7040801e-16  9.0968285e-16  8.8930897e-16  2.7203064e-16  -2.3463223e-16  4.7619902e-16  -1.1625671e-16  9.1034540e-16  2.4812017e-17  -7.9717990e-17  -3.3326805e-16  4.2009409e-16  -5.3706002e-16  2.8962678e-16  3.6609884e-16  -5.7153865e-16  -1.9614599e-16  7.4008195e-16  -1.1828496e-16  1.7378664e-16  -5.6691736e-16  -6.0719517e-17  -5.5546947e-16  -3.5588005e-16  -1.5784364e-16  4.6011273e-16  
-7.3374378e-17  1.3122699e-16  -2.2501065e-16  1.0000000   9.1634527e-16  -2.3881175e-16  2.2078072e-16  8.0396286e-17  3.2512205e-16  7.4715293e-16  -5.1445625e-17  1.8338418e-16  5.9678254e-16  -4.4634036e-17  -8.1930827e-17  8.2609456e-16  -4.1657791e-17  -5.8965302e-16  2.1456941e-16  3.3336956e-16  1.2622176e-16  4.2773658e-18  5.3201053e-16  3.0768521e-16  -2.7065054e-17  -2.8844299e-16  6.9260504e-16  -2.4782910e-17  -3.6697476e-16  -2.5381606e-16  -2.9197168e-16  -7.3374378e-17  1.3122699e-16  -2.2501065e-16  1.0000000   9.1634527e-16  -2.3881175e-16  2.2078072e-16  8.0396286e-17  3.2512205e-16  7.4715293e-16  -5.1445625e-17  1.8338418e-16  5.9678254e-16  -4.4634036e-17  -8.1930827e-17  8.2609456e-16  -4.1657791e-17  -5.8965302e-16  2.1456941e-16  3.3336956e-16  1.2622176e-16  4.2773658e-18  5.3201053e-16  3.0768521e-16  -2.7065054e-17  -2.8844299e-16  6.9260504e-16  -2.4782910e-17  -3.6697476e-16  -2.5381606e-16  -2.9197168e-16  
3.4882087e-17  -4.4320678e-16  6.2751785e-16  9.1634527e-16  1.0000000   -5.5433060e-16  -3.0017951e-17  1.1462568e-15  6.1653503e-16  3.0540489e-16  -2.3990725e-16  2.2716760e-17  4.2938332e-16  7.2443409e-17  4.2476414e-16  3.3874851e-16  -6.0289248e-16  -1.0565465e-16  8.4644586e-18  3.6661915e-16  3.1525941e-16  -1.9301121e-16  -1.4018164e-16  -3.4109733e-16  -1.2305367e-16  1.1804110e-16  1.1571523e-16  4.0385621e-18  -5.4424517e-16  2.4400134e-16  -4.8145709e-16  3.4882087e-17  -4.4320678e-16  6.2751785e-16  9.1634527e-16  1.0000000   -5.5433060e-16  -3.0017951e-17  1.1462568e-15  6.1653503e-16  3.0540489e-16  -2.3990725e-16  2.2716760e-17  4.2938332e-16  7.2443409e-17  4.2476414e-16  3.3874851e-16  -6.0289248e-16  -1.0565465e-16  8.4644586e-18  3.6661915e-16  3.1525941e-16  -1.9301121e-16  -1.4018164e-16  -3.4109733e-16  -1.2305367e-16  1.1804110e-16  1.1571523e-16  4.0385621e-18  -5.4424517e-16  2.4400134e-16  -4.8145709e-16  
-4.6901024e-16  2.0708091e-16  4.7040801e-16  -2.3881175e-16  -5.5433060e-16  1.0000000   -5.1128387e-16  3.0754788e-16  -3.8571114e-17  -6.1131390e-16  1.9032494e-16  -6.2587167e-16  -1.5680911e-16  -5.5877503e-16  -6.9707660e-16  7.5999895e-16  9.6414414e-17  -3.8399888e-17  1.3045269e-16  -1.9780294e-16  1.6863929e-16  4.0765356e-16  1.3421203e-16  1.0798912e-16  -3.7842342e-16  -3.4095241e-16  -7.6063333e-16  3.4209955e-17  -4.4079297e-16  4.1228718e-16  6.0142706e-16  -4.6901024e-16  2.0708091e-16  4.7040801e-16  -2.3881175e-16  -5.5433060e-16  1.0000000   -5.1128387e-16  3.0754788e-16  -3.8571114e-17  -6.1131390e-16  1.9032494e-16  -6.2587167e-16  -1.5680911e-16  -5.5877503e-16  -6.9707660e-16  7.5999895e-16  9.6414414e-17  -3.8399888e-17  1.3045269e-16  -1.9780294e-16  1.6863929e-16  4.0765356e-16  1.3421203e-16  1.0798912e-16  -3.7842342e-16  -3.4095241e-16  -7.6063333e-16  3.4209955e-17  -4.4079297e-16  4.1228718e-16  6.0142706e-16  
-4.4858881e-16  -3.6458475e-16  9.0968285e-16  2.2078072e-16  -3.0017951e-17  -5.1128387e-16  1.0000000   -3.3274862e-16  -2.9444747e-16  4.5114001e-16  -1.1644546e-15  1.4142957e-16  -5.2938824e-16  8.3009811e-16  6.2010083e-16  5.2432303e-16  -1.4082839e-17  1.2977788e-15  4.2176858e-16  -5.3487739e-16  8.5635795e-16  1.7371146e-17  -4.3520490e-16  4.3573823e-16  -6.8942202e-16  2.8116130e-16  6.4498440e-17  6.9432937e-16  7.5539466e-16  2.2462679e-16  -4.7182826e-17  -4.4858881e-16  -3.6458475e-16  9.0968285e-16  2.2078072e-16  -3.0017951e-17  -5.1128387e-16  1.0000000   -3.3274862e-16  -2.9444747e-16  4.5114001e-16  -1.1644546e-15  1.4142957e-16  -5.2938824e-16  8.3009811e-16  6.2010083e-16  5.2432303e-16  -1.4082839e-17  1.2977788e-15  4.2176858e-16  -5.3487739e-16  8.5635795e-16  1.7371146e-17  -4.3520490e-16  4.3573823e-16  -6.8942202e-16  2.8116130e-16  6.4498440e-17  6.9432937e-16  7.5539466e-16  2.2462679e-16  -4.7182826e-17  
8.1420314e-18  1.0867482e-16  8.8930897e-16  8.0396286e-17  1.1462568e-15  3.0754788e-16  -3.3274862e-16  1.0000000   -6.8283630e-16  -3.8482666e-16  3.7697132e-16  -5.3915950e-16  -7.5867617e-16  -2.1413559e-16  4.7544164e-16  8.4083280e-16  -1.4261452e-17  4.1820331e-16  -1.4833106e-16  3.0549458e-16  5.2473730e-16  -6.0477118e-17  6.5650489e-16  2.2395733e-18  1.0355254e-16  2.1708771e-16  -3.9874871e-16  -5.0228733e-16  -7.4119477e-16  -2.9638715e-16  4.0524145e-16  8.1420314e-18  1.0867482e-16  8.8930897e-16  8.0396286e-17  1.1462568e-15  3.0754788e-16  -3.3274862e-16  1.0000000   -6.8283630e-16  -3.8482666e-16  3.7697132e-16  -5.3915950e-16  -7.5867617e-16  -2.1413559e-16  4.7544164e-16  8.4083280e-16  -1.4261452e-17  4.1820331e-16  -1.4833106e-16  3.0549458e-16  5.2473730e-16  -6.0477118e-17  6.5650489e-16  2.2395733e-18  1.0355254e-16  2.1708771e-16  -3.9874871e-16  -5.0228733e-16  -7.4119477e-16  -2.9638715e-16  4.0524145e-16  
-2.8238226e-16  2.8274315e-18  2.7203064e-16  3.2512205e-16  6.1653503e-16  -3.8571114e-17  -2.9444747e-16  -6.8283630e-16  1.0000000   2.9820659e-16  -1.5097159e-16  5.9642593e-16  2.4238089e-16  5.1906106e-16  5.5012240e-16  -2.3670923e-16  -9.6020199e-17  6.8965613e-17  -2.8831720e-16  -4.0777988e-16  -2.1289179e-16  6.3399953e-16  -1.1215657e-15  1.7174660e-16  -9.2634728e-16  -7.8760836e-17  -6.2337767e-17  -3.8398718e-16  -7.8656833e-16  -2.6761702e-16  -5.6871643e-16  -2.8238226e-16  2.8274315e-18  2.7203064e-16  3.2512205e-16  6.1653503e-16  -3.8571114e-17  -2.9444747e-16  -6.8283630e-16  1.0000000   2.9820659e-16  -1.5097159e-16  5.9642593e-16  2.4238089e-16  5.1906106e-16  5.5012240e-16  -2.3670923e-16  -9.6020199e-17  6.8965613e-17  -2.8831720e-16  -4.0777988e-16  -2.1289179e-16  6.3399953e-16  -1.1215657e-15  1.7174660e-16  -9.2634728e-16  -7.8760836e-17  -6.2337767e-17  -3.8398718e-16  -7.8656833e-16  -2.6761702e-16  -5.6871643e-16  
-6.4943862e-16  -3.0981198e-16  -2.3463223e-16  7.4715293e-16  3.0540489e-16  -6.1131390e-16  4.5114001e-16  -3.8482666e-16  2.9820659e-16  1.0000000   -4.1052821e-16  5.5612682e-16  4.1846378e-16  -6.9530566e-16  -5.4204155e-16  9.0605506e-17  2.9558193e-16  -1.2222279e-16  1.1355470e-16  2.7734269e-16  -5.7848551e-16  1.8857502e-16  7.2591752e-16  4.3811257e-16  7.5164371e-17  -4.9629606e-16  -9.2034833e-16  -6.0531522e-17  -2.7972185e-16  -3.6883393e-17  3.2520020e-16  -6.4943862e-16  -3.0981198e-16  -2.3463223e-16  7.4715293e-16  3.0540489e-16  -6.1131390e-16  4.5114001e-16  -3.8482666e-16  2.9820659e-16  1.0000000   -4.1052821e-16  5.5612682e-16  4.1846378e-16  -6.9530566e-16  -5.4204155e-16  9.0605506e-17  2.9558193e-16  -1.2222279e-16  1.1355470e-16  2.7734269e-16  -5.7848551e-16  1.8857502e-16  7.2591752e-16  4.3811257e-16  7.5164371e-17  -4.9629606e-16  -9.2034833e-16  -6.0531522e-17  -2.7972185e-16  -3.6883393e-17  3.2520020e-16  
-8.6038311e-17  -1.6143440e-16  4.7619902e-16  -5.1445625e-17  -2.3990725e-16  1.9032494e-16  -1.1644546e-15  3.7697132e-16  -1.5097159e-16  -4.1052821e-16  1.0000000   -1.2686050e-16  -6.2317136e-16  -1.4220160e-16  -1.1815511e-16  6.4886726e-16  -3.6645987e-18  -4.0977097e-16  3.2258533e-16  -1.7995269e-16  -1.2793262e-15  -1.1446552e-16  -2.5199047e-16  3.4293916e-18  -2.0719584e-17  -2.8121708e-16  -2.7110756e-16  -2.9385414e-16  8.3337447e-16  -1.0079120e-16  8.5192008e-16  -8.6038311e-17  -1.6143440e-16  4.7619902e-16  -5.1445625e-17  -2.3990725e-16  1.9032494e-16  -1.1644546e-15  3.7697132e-16  -1.5097159e-16  -4.1052821e-16  1.0000000   -1.2686050e-16  -6.2317136e-16  -1.4220160e-16  -1.1815511e-16  6.4886726e-16  -3.6645987e-18  -4.0977097e-16  3.2258533e-16  -1.7995269e-16  -1.2793262e-15  -1.1446552e-16  -2.5199047e-16  3.4293916e-18  -2.0719584e-17  -2.8121708e-16  -2.7110756e-16  -2.9385414e-16  8.3337447e-16  -1.0079120e-16  8.5192008e-16  
4.9230599e-16  -1.1121743e-15  -1.1625671e-16  1.8338418e-16  2.2716760e-17  -6.2587167e-16  1.4142957e-16  -5.3915950e-16  5.9642593e-16  5.5612682e-16  -1.2686050e-16  1.0000000   6.1236480e-16  -8.2286570e-16  -1.7640414e-16  -3.9130852e-16  8.4808108e-16  -5.3269755e-17  1.0396328e-16  -6.7914601e-16  -1.0054996e-15  2.2013284e-16  2.2811018e-16  -3.2142034e-16  4.7271007e-16  -1.9483727e-16  1.0129851e-15  6.7195067e-17  -1.3802550e-15  2.3300720e-16  -1.4613806e-15  4.9230599e-16  -1.1121743e-15  -1.1625671e-16  1.8338418e-16  2.2716760e-17  -6.2587167e-16  1.4142957e-16  -5.3915950e-16  5.9642593e-16  5.5612682e-16  -1.2686050e-16  1.0000000   6.1236480e-16  -8.2286570e-16  -1.7640414e-16  -3.9130852e-16  8.4808108e-16  -5.3269755e-17  1.0396328e-16  -6.7914601e-16  -1.0054996e-15  2.2013284e-16  2.2811018e-16  -3.2142034e-16  4.7271007e-16  -1.9483727e-16  1.0129851e-15  6.7195067e-17  -1.3802550e-15  2.3300720e-16  -1.4613806e-15  
-5.0953548e-18  9.4832910e-17  9.1034540e-16  5.9678254e-16  4.2938332e-16  -1.5680911e-16  -5.2938824e-16  -7.5867617e-16  2.4238089e-16  4.1846378e-16  -6.2317136e-16  6.1236480e-16  1.0000000   3.7278746e-16  3.2604811e-16  -6.4280520e-16  -3.5620007e-16  1.5108236e-16  -4.5357645e-16  -9.1516562e-17  -7.4644443e-16  1.4752309e-16  -8.8088377e-16  -5.3095845e-16  -5.7786475e-16  3.1843275e-16  -3.5201522e-16  3.7682749e-16  -5.2240029e-16  1.4084206e-16  -6.5238677e-16  -5.0953548e-18  9.4832910e-17  9.1034540e-16  5.9678254e-16  4.2938332e-16  -1.5680911e-16  -5.2938824e-16  -7.5867617e-16  2.4238089e-16  4.1846378e-16  -6.2317136e-16  6.1236480e-16  1.0000000   3.7278746e-16  3.2604811e-16  -6.4280520e-16  -3.5620007e-16  1.5108236e-16  -4.5357645e-16  -9.1516562e-17  -7.4644443e-16  1.4752309e-16  -8.8088377e-16  -5.3095845e-16  -5.7786475e-16  3.1843275e-16  -3.5201522e-16  3.7682749e-16  -5.2240029e-16  1.4084206e-16  -6.5238677e-16  
-2.9218910e-16  9.1625269e-16  2.4812017e-17  -4.4634036e-17  7.2443409e-17  -5.5877503e-16  8.3009811e-16  -2.1413559e-16  5.1906106e-16  -6.9530566e-16  -1.4220160e-16  -8.2286570e-16  3.7278746e-16  1.0000000   -2.3746522e-16  1.1529680e-17  -1.6772072e-16  -2.8855608e-16  5.1376163e-16  1.9873404e-16  3.4114716e-16  -2.3986166e-16  -3.2481469e-16  7.5552268e-17  -3.8233040e-17  -4.2020807e-16  4.5758908e-16  4.1793102e-16  -2.4031533e-16  -2.4335217e-16  3.7306314e-16  -2.9218910e-16  9.1625269e-16  2.4812017e-17  -4.4634036e-17  7.2443409e-17  -5.5877503e-16  8.3009811e-16  -2.1413559e-16  5.1906106e-16  -6.9530566e-16  -1.4220160e-16  -8.2286570e-16  3.7278746e-16  1.0000000   -2.3746522e-16  1.1529680e-17  -1.6772072e-16  -2.8855608e-16  5.1376163e-16  1.9873404e-16  3.4114716e-16  -2.3986166e-16  -3.2481469e-16  7.5552268e-17  -3.8233040e-17  -4.2020807e-16  4.5758908e-16  4.1793102e-16  -2.4031533e-16  -2.4335217e-16  3.7306314e-16  
4.2174287e-16  5.1430011e-16  -7.9717990e-17  -8.1930827e-17  4.2476414e-16  -6.9707660e-16  6.2010083e-16  4.7544164e-16  5.5012240e-16  -5.4204155e-16  -1.1815511e-16  -1.7640414e-16  3.2604811e-16  -2.3746522e-16  1.0000000   5.0402318e-16  1.6401164e-16  -4.9022149e-16  4.0927471e-16  6.1283989e-16  -4.3951716e-17  6.2824326e-16  1.5669611e-16  3.0522694e-16  -6.5284040e-17  -9.5779877e-17  2.0249701e-16  2.2468774e-16  -1.9239299e-16  -7.7232150e-17  8.1084224e-16  4.2174287e-16  5.1430011e-16  -7.9717990e-17  -8.1930827e-17  4.2476414e-16  -6.9707660e-16  6.2010083e-16  4.7544164e-16  5.5012240e-16  -5.4204155e-16  -1.1815511e-16  -1.7640414e-16  3.2604811e-16  -2.3746522e-16  1.0000000   5.0402318e-16  1.6401164e-16  -4.9022149e-16  4.0927471e-16  6.1283989e-16  -4.3951716e-17  6.2824326e-16  1.5669611e-16  3.0522694e-16  -6.5284040e-17  -9.5779877e-17  2.0249701e-16  2.2468774e-16  -1.9239299e-16  -7.7232150e-17  8.1084224e-16  
-3.5623242e-16  3.8834875e-16  -3.3326805e-16  8.2609456e-16  3.3874851e-16  7.5999895e-16  5.2432303e-16  8.4083280e-16  -2.3670923e-16  9.0605506e-17  6.4886726e-16  -3.9130852e-16  -6.4280520e-16  1.1529680e-17  5.0402318e-16  1.0000000   -6.6660334e-16  4.5708243e-16  1.9488789e-16  -1.4250403e-17  -8.5256536e-16  2.7127755e-16  -5.0182335e-18  1.1222210e-16  4.7320171e-16  3.1867880e-16  3.0430479e-17  -3.7670601e-16  1.1493843e-16  -7.5559323e-16  3.0033796e-16  -3.5623242e-16  3.8834875e-16  -3.3326805e-16  8.2609456e-16  3.3874851e-16  7.5999895e-16  5.2432303e-16  8.4083280e-16  -2.3670923e-16  9.0605506e-17  6.4886726e-16  -3.9130852e-16  -6.4280520e-16  1.1529680e-17  5.0402318e-16  1.0000000   -6.6660334e-16  4.5708243e-16  1.9488789e-16  -1.4250403e-17  -8.5256536e-16  2.7127755e-16  -5.0182335e-18  1.1222210e-16  4.7320171e-16  3.1867880e-16  3.0430479e-17  -3.7670601e-16  1.1493843e-16  -7.5559323e-16  3.0033796e-16  
-5.6130236e-16  -7.5101809e-16  4.2009409e-16  -4.1657791e-17  -6.0289248e-16  9.6414414e-17  -1.4082839e-17  -1.4261452e-17  -9.6020199e-17  2.9558193e-16  -3.6645987e-18  8.4808108e-16  -3.5620007e-16  -1.6772072e-16  1.6401164e-16  -6.6660334e-16  1.0000000   -3.2912467e-16  -4.0015194e-17  -3.1915008e-16  -1.1466755e-16  -4.8613600e-16  -8.7259425e-16  1.4477087e-16  -2.2991244e-16  -5.7329954e-16  -1.7157323e-16  5.3529112e-17  -4.9006080e-16  9.0021236e-17  -4.3540654e-16  -5.6130236e-16  -7.5101809e-16  4.2009409e-16  -4.1657791e-17  -6.0289248e-16  9.6414414e-17  -1.4082839e-17  -1.4261452e-17  -9.6020199e-17  2.9558193e-16  -3.6645987e-18  8.4808108e-16  -3.5620007e-16  -1.6772072e-16  1.6401164e-16  -6.6660334e-16  1.0000000   -3.2912467e-16  -4.0015194e-17  -3.1915008e-16  -1.1466755e-16  -4.8613600e-16  -8.7259425e-16  1.4477087e-16  -2.2991244e-16  -5.7329954e-16  -1.7157323e-16  5.3529112e-17  -4.9006080e-16  9.0021236e-17  -4.3540654e-16  
1.7186992e-16  -2.1725214e-16  -5.3706002e-16  -5.8965302e-16  -1.0565465e-16  -3.8399888e-17  1.2977788e-15  4.1820331e-16  6.8965613e-17  -1.2222279e-16  -4.0977097e-16  -5.3269755e-17  1.5108236e-16  -2.8855608e-16  -4.9022149e-16  4.5708243e-16  -3.2912467e-16  1.0000000   -2.8656585e-16  3.3817966e-16  -8.1483277e-16  3.2947630e-16  7.7649961e-16  -6.0588745e-16  -2.5230990e-16  8.6947700e-18  -2.1781105e-16  7.7268075e-17  -1.2451503e-17  7.4759770e-16  5.3283799e-17  1.7186992e-16  -2.1725214e-16  -5.3706002e-16  -5.8965302e-16  -1.0565465e-16  -3.8399888e-17  1.2977788e-15  4.1820331e-16  6.8965613e-17  -1.2222279e-16  -4.0977097e-16  -5.3269755e-17  1.5108236e-16  -2.8855608e-16  -4.9022149e-16  4.5708243e-16  -3.2912467e-16  1.0000000   -2.8656585e-16  3.3817966e-16  -8.1483277e-16  3.2947630e-16  7.7649961e-16  -6.0588745e-16  -2.5230990e-16  8.6947700e-18  -2.1781105e-16  7.7268075e-17  -1.2451503e-17  7.4759770e-16  5.3283799e-17  
-3.1610885e-16  -2.7987554e-16  2.8962678e-16  2.1456941e-16  8.4644586e-18  1.3045269e-16  4.2176858e-16  -1.4833106e-16  -2.8831720e-16  1.1355470e-16  3.2258533e-16  1.0396328e-16  -4.5357645e-16  5.1376163e-16  4.0927471e-16  1.9488789e-16  -4.0015194e-17  -2.8656585e-16  1.0000000   -4.3596148e-16  8.1633073e-17  2.5526262e-16  1.9371868e-17  2.7452403e-16  -5.4459087e-17  2.1786413e-16  -5.9443664e-16  -2.7759344e-16  9.2191231e-18  5.2080444e-16  5.6151607e-16  -3.1610885e-16  -2.7987554e-16  2.8962678e-16  2.1456941e-16  8.4644586e-18  1.3045269e-16  4.2176858e-16  -1.4833106e-16  -2.8831720e-16  1.1355470e-16  3.2258533e-16  1.0396328e-16  -4.5357645e-16  5.1376163e-16  4.0927471e-16  1.9488789e-16  -4.0015194e-17  -2.8656585e-16  1.0000000   -4.3596148e-16  8.1633073e-17  2.5526262e-16  1.9371868e-17  2.7452403e-16  -5.4459087e-17  2.1786413e-16  -5.9443664e-16  -2.7759344e-16  9.2191231e-18  5.2080444e-16  5.6151607e-16  
3.9047027e-16  6.3463317e-16  3.6609884e-16  3.3336956e-16  3.6661915e-16  -1.9780294e-16  -5.3487739e-16  3.0549458e-16  -4.0777988e-16  2.7734269e-16  -1.7995269e-16  -6.7914601e-16  -9.1516562e-17  1.9873404e-16  6.1283989e-16  -1.4250403e-17  -3.1915008e-16  3.3817966e-16  -4.3596148e-16  1.0000000   2.6170704e-16  -4.1163121e-18  1.4110097e-15  -4.1856899e-16  -1.2858751e-16  -6.5342973e-16  -5.6329948e-17  9.8836046e-17  6.2796779e-17  -1.6848382e-16  1.7811595e-16  3.9047027e-16  6.3463317e-16  3.6609884e-16  3.3336956e-16  3.6661915e-16  -1.9780294e-16  -5.3487739e-16  3.0549458e-16  -4.0777988e-16  2.7734269e-16  -1.7995269e-16  -6.7914601e-16  -9.1516562e-17  1.9873404e-16  6.1283989e-16  -1.4250403e-17  -3.1915008e-16  3.3817966e-16  -4.3596148e-16  1.0000000   2.6170704e-16  -4.1163121e-18  1.4110097e-15  -4.1856899e-16  -1.2858751e-16  -6.5342973e-16  -5.6329948e-17  9.8836046e-17  6.2796779e-17  -1.6848382e-16  1.7811595e-16  
-1.2713925e-17  -3.4552263e-17  -5.7153865e-16  1.2622176e-16  3.1525941e-16  1.6863929e-16  8.5635795e-16  5.2473730e-16  -2.1289179e-16  -5.7848551e-16  -1.2793262e-15  -1.0054996e-15  -7.4644443e-16  3.4114716e-16  -4.3951716e-17  -8.5256536e-16  -1.1466755e-16  -8.1483277e-16  8.1633073e-17  2.6170704e-16  1.0000000   -2.4284644e-16  1.4927859e-15  -9.8674574e-18  4.8974898e-16  -7.1515082e-16  2.3937052e-17  7.1998277e-17  -5.4269178e-16  2.0043540e-16  1.1401826e-16  -1.2713925e-17  -3.4552263e-17  -5.7153865e-16  1.2622176e-16  3.1525941e-16  1.6863929e-16  8.5635795e-16  5.2473730e-16  -2.1289179e-16  -5.7848551e-16  -1.2793262e-15  -1.0054996e-15  -7.4644443e-16  3.4114716e-16  -4.3951716e-17  -8.5256536e-16  -1.1466755e-16  -8.1483277e-16  8.1633073e-17  2.6170704e-16  1.0000000   -2.4284644e-16  1.4927859e-15  -9.8674574e-18  4.8974898e-16  -7.1515082e-16  2.3937052e-17  7.1998277e-17  -5.4269178e-16  2.0043540e-16  1.1401826e-16  
-6.2301453e-16  7.7689202e-16  -1.9614599e-16  4.2773658e-18  -1.9301121e-16  4.0765356e-16  1.7371146e-17  -6.0477118e-17  6.3399953e-16  1.8857502e-16  -1.1446552e-16  2.2013284e-16  1.4752309e-16  -2.3986166e-16  6.2824326e-16  2.7127755e-16  -4.8613600e-16  3.2947630e-16  2.5526262e-16  -4.1163121e-18  -2.4284644e-16  1.0000000   -4.2143713e-16  8.5247083e-19  -3.4525883e-16  7.7351069e-16  -8.8329218e-16  5.6379492e-16  5.0135833e-16  3.6888928e-16  -6.6319095e-16  -6.2301453e-16  7.7689202e-16  -1.9614599e-16  4.2773658e-18  -1.9301121e-16  4.0765356e-16  1.7371146e-17  -6.0477118e-17  6.3399953e-16  1.8857502e-16  -1.1446552e-16  2.2013284e-16  1.4752309e-16  -2.3986166e-16  6.2824326e-16  2.7127755e-16  -4.8613600e-16  3.2947630e-16  2.5526262e-16  -4.1163121e-18  -2.4284644e-16  1.0000000   -4.2143713e-16  8.5247083e-19  -3.4525883e-16  7.7351069e-16  -8.8329218e-16  5.6379492e-16  5.0135833e-16  3.6888928e-16  -6.6319095e-16  
-6.7007191e-16  4.2970130e-16  7.4008195e-16  5.3201053e-16  -1.4018164e-16  1.3421203e-16  -4.3520490e-16  6.5650489e-16  -1.1215657e-15  7.2591752e-16  -2.5199047e-16  2.2811018e-16  -8.8088377e-16  -3.2481469e-16  1.5669611e-16  -5.0182335e-18  -8.7259425e-16  7.7649961e-16  1.9371868e-17  1.4110097e-15  1.4927859e-15  -4.2143713e-16  1.0000000   4.1987303e-16  -3.4515353e-17  4.9245585e-16  4.3659990e-16  -2.6950203e-17  1.8710031e-17  -1.1194219e-17  -6.4492685e-16  -6.7007191e-16  4.2970130e-16  7.4008195e-16  5.3201053e-16  -1.4018164e-16  1.3421203e-16  -4.3520490e-16  6.5650489e-16  -1.1215657e-15  7.2591752e-16  -2.5199047e-16  2.2811018e-16  -8.8088377e-16  -3.2481469e-16  1.5669611e-16  -5.0182335e-18  -8.7259425e-16  7.7649961e-16  1.9371868e-17  1.4110097e-15  1.4927859e-15  -4.2143713e-16  1.0000000   4.1987303e-16  -3.4515353e-17  4.9245585e-16  4.3659990e-16  -2.6950203e-17  1.8710031e-17  -1.1194219e-17  -6.4492685e-16  
3.0623198e-16  -1.0188377e-15  -1.1828496e-16  3.0768521e-16  -3.4109733e-16  1.0798912e-16  4.3573823e-16  2.2395733e-18  1.7174660e-16  4.3811257e-16  3.4293916e-18  -3.2142034e-16  -5.3095845e-16  7.5552268e-17  3.0522694e-16  1.1222210e-16  1.4477087e-16  -6.0588745e-16  2.7452403e-16  -4.1856899e-16  -9.8674574e-18  8.5247083e-19  4.1987303e-16  1.0000000   3.8311132e-16  1.8868586e-16  5.4833807e-16  2.5115743e-16  -1.2343782e-16  2.2191339e-16  -2.7454812e-16  3.0623198e-16  -1.0188377e-15  -1.1828496e-16  3.0768521e-16  -3.4109733e-16  1.0798912e-16  4.3573823e-16  2.2395733e-18  1.7174660e-16  4.3811257e-16  3.4293916e-18  -3.2142034e-16  -5.3095845e-16  7.5552268e-17  3.0522694e-16  1.1222210e-16  1.4477087e-16  -6.0588745e-16  2.7452403e-16  -4.1856899e-16  -9.8674574e-18  8.5247083e-19  4.1987303e-16  1.0000000   3.8311132e-16  1.8868586e-16  5.4833807e-16  2.5115743e-16  -1.2343782e-16  2.2191339e-16  -2.7454812e-16  
-7.0912439e-17  8.9458863e-16  1.7378664e-16  -2.7065054e-17  -1.2305367e-16  -3.7842342e-16  -6.8942202e-16  1.0355254e-16  -9.2634728e-16  7.5164371e-17  -2.0719584e-17  4.7271007e-16  -5.7786475e-16  -3.8233040e-17  -6.5284040e-17  4.7320171e-16  -2.2991244e-16  -2.5230990e-16  -5.4459087e-17  -1.2858751e-16  4.8974898e-16  -3.4525883e-16  -3.4515353e-17  3.8311132e-16  1.0000000   -4.0380040e-16  1.0731734e-16  5.3121440e-16  3.8081460e-16  -7.0684973e-16  6.1195326e-16  -7.0912439e-17  8.9458863e-16  1.7378664e-16  -2.7065054e-17  -1.2305367e-16  -3.7842342e-16  -6.8942202e-16  1.0355254e-16  -9.2634728e-16  7.5164371e-17  -2.0719584e-17  4.7271007e-16  -5.7786475e-16  -3.8233040e-17  -6.5284040e-17  4.7320171e-16  -2.2991244e-16  -2.5230990e-16  -5.4459087e-17  -1.2858751e-16  4.8974898e-16  -3.4525883e-16  -3.4515353e-17  3.8311132e-16  1.0000000   -4.0380040e-16  1.0731734e-16  5.3121440e-16  3.8081460e-16  -7.0684973e-16  6.1195326e-16  
6.2366037e-16  3.0267244e-16  -5.6691736e-16  -2.8844299e-16  1.1804110e-16  -3.4095241e-16  2.8116130e-16  2.1708771e-16  -7.8760836e-17  -4.9629606e-16  -2.8121708e-16  -1.9483727e-16  3.1843275e-16  -4.2020807e-16  -9.5779877e-17  3.1867880e-16  -5.7329954e-16  8.6947700e-18  2.1786413e-16  -6.5342973e-16  -7.1515082e-16  7.7351069e-16  4.9245585e-16  1.8868586e-16  -4.0380040e-16  1.0000000   4.2097590e-17  -3.9043163e-17  2.9723116e-16  7.0426648e-16  -1.0985049e-16  6.2366037e-16  3.0267244e-16  -5.6691736e-16  -2.8844299e-16  1.1804110e-16  -3.4095241e-16  2.8116130e-16  2.1708771e-16  -7.8760836e-17  -4.9629606e-16  -2.8121708e-16  -1.9483727e-16  3.1843275e-16  -4.2020807e-16  -9.5779877e-17  3.1867880e-16  -5.7329954e-16  8.6947700e-18  2.1786413e-16  -6.5342973e-16  -7.1515082e-16  7.7351069e-16  4.9245585e-16  1.8868586e-16  -4.0380040e-16  1.0000000   4.2097590e-17  -3.9043163e-17  2.9723116e-16  7.0426648e-16  -1.0985049e-16  
-7.6070236e-17  -9.1177629e-16  -6.0719517e-17  6.9260504e-16  1.1571523e-16  -7.6063333e-16  6.4498440e-17  -3.9874871e-16  -6.2337767e-17  -9.2034833e-16  -2.7110756e-16  1.0129851e-15  -3.5201522e-16  4.5758908e-16  2.0249701e-16  3.0430479e-17  -1.7157323e-16  -2.1781105e-16  -5.9443664e-16  -5.6329948e-17  2.3937052e-17  -8.8329218e-16  4.3659990e-16  5.4833807e-16  1.0731734e-16  4.2097590e-17  1.0000000   -2.7079036e-16  -1.2517657e-15  -7.2613000e-16  -1.3420307e-16  -7.6070236e-17  -9.1177629e-16  -6.0719517e-17  6.9260504e-16  1.1571523e-16  -7.6063333e-16  6.4498440e-17  -3.9874871e-16  -6.2337767e-17  -9.2034833e-16  -2.7110756e-16  1.0129851e-15  -3.5201522e-16  4.5758908e-16  2.0249701e-16  3.0430479e-17  -1.7157323e-16  -2.1781105e-16  -5.9443664e-16  -5.6329948e-17  2.3937052e-17  -8.8329218e-16  4.3659990e-16  5.4833807e-16  1.0731734e-16  4.2097590e-17  1.0000000   -2.7079036e-16  -1.2517657e-15  -7.2613000e-16  -1.3420307e-16  
5.5017610e-16  -2.3909791e-16  -5.5546947e-16  -2.4782910e-17  4.0385621e-18  3.4209955e-17  6.9432937e-16  -5.0228733e-16  -3.8398718e-16  -6.0531522e-17  -2.9385414e-16  6.7195067e-17  3.7682749e-16  4.1793102e-16  2.2468774e-16  -3.7670601e-16  5.3529112e-17  7.7268075e-17  -2.7759344e-16  9.8836046e-17  7.1998277e-17  5.6379492e-16  -2.6950203e-17  2.5115743e-16  5.3121440e-16  -3.9043163e-17  -2.7079036e-16  1.0000000   2.2387334e-16  -2.9305436e-16  -2.2640309e-16  5.5017610e-16  -2.3909791e-16  -5.5546947e-16  -2.4782910e-17  4.0385621e-18  3.4209955e-17  6.9432937e-16  -5.0228733e-16  -3.8398718e-16  -6.0531522e-17  -2.9385414e-16  6.7195067e-17  3.7682749e-16  4.1793102e-16  2.2468774e-16  -3.7670601e-16  5.3529112e-17  7.7268075e-17  -2.7759344e-16  9.8836046e-17  7.1998277e-17  5.6379492e-16  -2.6950203e-17  2.5115743e-16  5.3121440e-16  -3.9043163e-17  -2.7079036e-16  1.0000000   2.2387334e-16  -2.9305436e-16  -2.2640309e-16  
5.7738530e-18  -3.9206698e-17  -3.5588005e-16  -3.6697476e-16  -5.4424517e-16  -4.4079297e-16  7.5539466e-16  -7.4119477e-16  -7.8656833e-16  -2.7972185e-16  8.3337447e-16  -1.3802550e-15  -5.2240029e-16  -2.4031533e-16  -1.9239299e-16  1.1493843e-16  -4.9006080e-16  -1.2451503e-17  9.2191231e-18  6.2796779e-17  -5.4269178e-16  5.0135833e-16  1.8710031e-17  -1.2343782e-16  3.8081460e-16  2.9723116e-16  -1.2517657e-15  2.2387334e-16  1.0000000   -1.8242615e-16  4.9946273e-16  5.7738530e-18  -3.9206698e-17  -3.5588005e-16  -3.6697476e-16  -5.4424517e-16  -4.4079297e-16  7.5539466e-16  -7.4119477e-16  -7.8656833e-16  -2.7972185e-16  8.3337447e-16  -1.3802550e-15  -5.2240029e-16  -2.4031533e-16  -1.9239299e-16  1.1493843e-16  -4.9006080e-16  -1.2451503e-17  9.2191231e-18  6.2796779e-17  -5.4269178e-16  5.0135833e-16  1.8710031e-17  -1.2343782e-16  3.8081460e-16  2.9723116e-16  -1.2517657e-15  2.2387334e-16  1.0000000   -1.8242615e-16  4.9946273e-16  
9.7269324e-17  2.7667832e-16  -1.5784364e-16  -2.5381606e-16  2.4400134e-16  4.1228718e-16  2.2462679e-16  -2.9638715e-16  -2.6761702e-16  -3.6883393e-17  -1.0079120e-16  2.3300720e-16  1.4084206e-16  -2.4335217e-16  -7.7232150e-17  -7.5559323e-16  9.0021236e-17  7.4759770e-16  5.2080444e-16  -1.6848382e-16  2.0043540e-16  3.6888928e-16  -1.1194219e-17  2.2191339e-16  -7.0684973e-16  7.0426648e-16  -7.2613000e-16  -2.9305436e-16  -1.8242615e-16  1.0000000   -4.4577364e-16  9.7269324e-17  2.7667832e-16  -1.5784364e-16  -2.5381606e-16  2.4400134e-16  4.1228718e-16  2.2462679e-16  -2.9638715e-16  -2.6761702e-16  -3.6883393e-17  -1.0079120e-16  2.3300720e-16  1.4084206e-16  -2.4335217e-16  -7.7232150e-17  -7.5559323e-16  9.0021236e-17  7.4759770e-16  5.2080444e-16  -1.6848382e-16  2.0043540e-16  3.6888928e-16  -1.1194219e-17  2.2191339e-16  -7.0684973e-16  7.0426648e-16  -7.2613000e-16  -2.9305436e-16  -1.8242615e-16  1.0000000   -4.4577364e-16  
2.8610054e-16  -8.2112027e-16  4.6011273e-16  -2.9197168e-16  -4.8145709e-16  6.0142706e-16  -4.7182826e-17  4.0524145e-16  -5.6871643e-16  3.2520020e-16  8.5192008e-16  -1.4613806e-15  -6.5238677e-16  3.7306314e-16  8.1084224e-16  3.0033796e-16  -4.3540654e-16  5.3283799e-17  5.6151607e-16  1.7811595e-16  1.1401826e-16  -6.6319095e-16  -6.4492685e-16  -2.7454812e-16  6.1195326e-16  -1.0985049e-16  -1.3420307e-16  -2.2640309e-16  4.9946273e-16  -4.4577364e-16  1.0000000   2.8610054e-16  -8.2112027e-16  4.6011273e-16  -2.9197168e-16  -4.8145709e-16  6.0142706e-16  -4.7182826e-17  4.0524145e-16  -5.6871643e-16  3.2520020e-16  8.5192008e-16  -1.4613806e-15  -6.5238677e-16  3.7306314e-16  8.1084224e-16  3.0033796e-16  -4.3540654e-16  5.3283799e-17  5.6151607e-16  1.7811595e-16  1.1401826e-16  -6.6319095e-16  -6.4492685e-16  -2.7454812e-16  6.1195326e-16  -1.0985049e-16  -1.3420307e-16  -2.2640309e-16  4.9946273e-16  -4.4577364e-16  1.0000000   
1.0000000   -3.5176958e-16  -1.4186185e-16  -7.3374378e-17  3.4882087e-17  -4.6901024e-16  -4.4858881e-16  8.1420314e-18  -2.8238226e-16  -6.4943862e-16  -8.6038311e-17  4.9230599e-16  -5.0953548e-18  -2.9218910e-16  4.2174287e-16  -3.5623242e-16  -5.6130236e-16  1.7186992e-16  -3.1610885e-16  3.9047027e-16  -1.2713925e-17  -6.2301453e-16  -6.7007191e-16  3.0623198e-16  -7.0912439e-17  6.2366037e-16  -7.6070236e-17  5.5017610e-16  5.7738530e-18  9.7269324e-17  2.8610054e-16  1.0000000   -3.5176958e-16  -1.4186185e-16  -7.3374378e-17  3.4882087e-17  -4.6901024e-16  -4.4858881e-16  8.1420314e-18  -2.8238226e-16  -6.4943862e-16  -8.6038311e-17  4.9230599e-16  -5.0953548e-18  -2.9218910e-16  4.2174287e-16  -3.5623242e-16  -5.6130236e-16  1.7186992e-16  -3.1610885e-16  3.9047027e-16  -1.2713925e-17  -6.2301453e-16  -6.7007191e-16  3.0623198e-16  -7.0912439e-17  6.2366037e-16  -7.6070236e-17  5.5017610e-16  5.7738530e-18  9.7269324e-17  2.8610054e-16  
-3.5176958e-16  1.0000000   9.2551995e-17  1.3122699e-16  -4.4320678e-16  2.0708091e-16  -3.6458475e-16  1.0867482e-16  2.8274315e-18  -3.0981198e-16  -1.6143440e-16  -1.1121743e-15  9.4832910e-17  9.1625269e-16  5.1430011e-16  3.8834875e-16  -7.5101809e-16  -2.1725214e-16  -2.7987554e-16  6.3463317e-16  -3.4552263e-17  7.7689202e-16  4.2970130e-16  -1.0188377e-15  8.9458863e-16  3.0267244e-16  -9.1177629e-16  -2.3909791e-16  -3.9206698e-17  2.7667832e-16  -8.2112027e-16  -3.5176958e-16  1.0000000   9.2551995e-17  1.3122699e-16  -4.4320678e-16  2.0708091e-16  -3.6458475e-16  1.0867482e-16  2.8274315e-18  -3.0981198e-16  -1.6143440e-16  -1.1121743e-15  9.4832910e-17  9.1625269e-16  5.1430011e-16  3.8834875e-16  -7.5101809e-16  -2.1725214e-16  -2.7987554e-16  6.3463317e-16  -3.4552263e-17  7.7689202e-16  4.2970130e-16  -1.0188377e-15  8.9458863e-16  3.0267244e-16  -9.1177629e-16  -2.3909791e-16  -3.9206698e-17  2.7667832e-16  -8.2112027e-16  
-1.4186185e-16  9.2551995e-17  1.0000000   -2.2501065e-16  6.2751785e-16  4.7040801e-16  9.0968285e-16  8.8930897e-16  2.7203064e-16  -2.3463223e-16  4.7619902e-16  -1.1625671e-16  9.1034540e-16  2.4812017e-17  -7.9717990e-17  -3.3326805e-16  4.2009409e-16  -5.3706002e-16  2.8962678e-16  3.6609884e-16  -5.7153865e-16  -1.9614599e-16  7.4008195e-16  -1.1828496e-16  1.7378664e-16  -5.6691736e-16  -6.0719517e-17  -5.5546947e-16  -3.5588005e-16  -1.5784364e-16  4.6011273e-16  -1.4186185e-16  9.2551995e-17  1.0000000   -2.2501065e-16  6.2751785e-16  4.7040801e-16  9.0968285e-16  8.8930897e-16  2.7203064e-16  -2.3463223e-16  4.7619902e-16  -1.1625671e-16  9.1034540e-16  2.4812017e-17  -7.9717990e-17  -3.3326805e-16  4.2009409e-16  -5.3706002e-16  2.8962678e-16  3.6609884e-16  -5.7153865e-16  -1.9614599e-16  7.4008195e-16  -1.1828496e-16  1.7378664e-16  -5.6691736e-16  -6.0719517e-17  -5.5546947e-16  -3.5588005e-16  -1.5784364e-16  4.6011273e-16  
-7.3374378e-17  1.3122699e-16  -2.2501065e-16  1.0000000   9.1634527e-16  -2.3881175e-16  2.2078072e-16  8.0396286e-17  3.2512205e-16  7.4715293e-16  -5.1445625e-17  1.8338418e-16  5.9678254e-16  -4.4634036e-17  -8.1930827e-17  8.2609456e-16  -4.1657791e-17  -5.8965302e-16  2.1456941e-16  3.3336956e-16  1.2622176e-16  4.2773658e-18  5.3201053e-16  3.0768521e-16  -2.7065054e-17  -2.8844299e-16  6.9260504e-16  -2.4782910e-17  -3.6697476e-16  -2.5381606e-16  -2.9197168e-16  -7.3374378e-17  1.3122699e-16  -2.2501065e-16  1.0000000   9.1634527e-16  -2.3881175e-16  2.2078072e-16  8.0396286e-17  3.2512205e-16  7.4715293e-16  -5.1445625e-17  1.8338418e-16  5.9678254e-16  -4.4634036e-17  -8.1930827e-17  8.2609456e-16  -4.1657791e-17  -5.8965302e-16  2.1456941e-16  3.3336956e-16  1.2622176e-16  4.2773658e-18  5.3201053e-16  3.0768521e-16  -2.7065054e-17  -2.8844299e-16  6.9260504e-16  -2.4782910e-17  -3.6697476e-16  -2.5381606e-16  -2.9197168e-16  
3.4882087e-17  -4.4320678e-16  6.2751785e-16  9.1634527e-16  1.0000000   -5.5433060e-16  -3.0017951e-17  1.1462568e-15  6.1653503e-16  3.0540489e-16  -2.3990725e-16  2.2716760e-17  4.2938332e-16  7.2443409e-17  4.2476414e-16  3.3874851e-16  -6.0289248e-16  -1.0565465e-16  8.4644586e-18  3.6661915e-16  3.1525941e-16  -1.9301121e-16  -1.4018164e-16  -3.4109733e-16  -1.2305367e-16  1.1804110e-16  1.1571523e-16  4.0385621e-18  -5.4424517e-16  2.4400134e-16  -4.8145709e-16  3.4882087e-17  -4.4320678e-16  6.2751785e-16  9.1634527e-16  1.0000000   -5.5433060e-16  -3.0017951e-17  1.1462568e-15  6.1653503e-16  3.0540489e-16  -2.3990725e-16  2.2716760e-17  4.2938332e-16  7.2443409e-17  4.2476414e-16  3.3874851e-16  -6.0289248e-16  -1.0565465e-16  8.4644586e-18  3.6661915e-16  3.1525941e-16  -1.9301121e-16  -1.4018164e-16  -3.4109733e-16  -1.2305367e-16  1.1804110e-16  1.1571523e-16  4.0385621e-18  -5.4424517e-16  2.4400134e-16  -4.8145709e-16  
-4.6901024e-16  2.0708091e-16  4.7040801e-16  -2.3881175e-16  -5.5433060e-16  1.0000000   -5.1128387e-16  3.0754788e-16  -3.8571114e-17  -6.1131390e-16  1.9032494e-16  -6.2587167e-16  -1.5680911e-16  -5.5877503e-16  -6.9707660e-16  7.5999895e-16  9.6414414e-17  -3.8399888e-17  1.3045269e-16  -1.9780294e-16  1.6863929e-16  4.0765356e-16  1.3421203e-16  1.0798912e-16  -3.7842342e-16  -3.4095241e-16  -7.6063333e-16  3.4209955e-17  -4.4079297e-16  4.1228718e-16  6.0142706e-16  -4.6901024e-16  2.0708091e-16  4.7040801e-16  -2.3881175e-16  -5.5433060e-16  1.0000000   -5.1128387e-16  3.0754788e-16  -3.8571114e-17  -6.1131390e-16  1.9032494e-16  -6.2587167e-16  -1.5680911e-16  -5.5877503e-16  -6.9707660e-16  7.5999895e-16  9.6414414e-17  -3.8399888e-17  1.3045269e-16  -1.9780294e-16  1.6863929e-16  4.0765356e-16  1.3421203e-16  1.0798912e-16  -3.7842342e-16  -3.4095241e-16  -7.6063333e-16  3.4209955e-17  -4.4079297e-16  4.1228718e-16  6.0142706e-16  
-4.4858881e-16  -3.6458475e-16  9.0968285e-16  2.2078072e-16  -3.0017951e-17  -5.1128387e-16  1.0000000   -3.3274862e-16  -2.9444747e-16  4.5114001e-16  -1.1644546e-15  1.4142957e-16  -5.2938824e-16  8.3009811e-16  6.2010083e-16  5.2432303e-16  -1.4082839e-17  1.2977788e-15  4.2176858e-16  -5.3487739e-16  8.5635795e-16  1.7371146e-17  -4.3520490e-16  4.3573823e-16  -6.8942202e-16  2.8116130e-16  6.4498440e-17  6.9432937e-16  7.5539466e-16  2.2462679e-16  -4.7182826e-17  -4.4858881e-16  -3.6458475e-16  9.0968285e-16  2.2078072e-16  -3.0017951e-17  -5.1128387e-16  1.0000000   -3.3274862e-16  -2.9444747e-16  4.5114001e-16  -1.1644546e-15  1.4142957e-16  -5.2938824e-16  8.3009811e-16  6.2010083e-16  5.2432303e-16  -1.4082839e-17  1.2977788e-15  4.2176858e-16  -5.3487739e-16  8.5635795e-16  1.7371146e-17  -4.3520490e-16  4.3573823e-16  -6.8942202e-16  2.8116130e-16  6.4498440e-17  6.9432937e-16  7.5539466e-16  2.2462679e-16  -4.7182826e-17  
8.1420314e-18  1.0867482e-16  8.8930897e-16  8.0396286e-17  1.1462568e-15  3.0754788e-16  -3.3274862e-16  1.0000000   -6.8283630e-16  -3.8482666e-16  3.7697132e-16  -5.3915950e-16  -7.5867617e-16  -2.1413559e-16  4.7544164e-16  8.4083280e-16  -1.4261452e-17  4.1820331e-16  -1.4833106e-16  3.0549458e-16  5.2473730e-16  -6.0477118e-17  6.5650489e-16  2.2395733e-18  1.0355254e-16  2.1708771e-16  -3.9874871e-16  -5.0228733e-16  -7.4119477e-16  -2.9638715e-16  4.0524145e-16  8.1420314e-18  1.0867482e-16  8.8930897e-16  8.0396286e-17  1.1462568e-15  3.0754788e-16  -3.3274862e-16  1.0000000   -6.8283630e-16  -3.8482666e-16  3.7697132e-16  -5.3915950e-16  -7.5867617e-16  -2.1413559e-16  4.7544164e-16  8.4083280e-16  -1.4261452e-17  4.1820331e-16  -1.4833106e-16  3.0549458e-16  5.2473730e-16  -6.0477118e-17  6.5650489e-16  2.2395733e-18  1.0355254e-16  2.1708771e-16  -3.9874871e-16  -5.0228733e-16  -7.4119477e-16  -2.9638715e-16  4.0524145e-16  
-2.8238226e-16  2.8274315e-18  2.7203064e-16  3.2512205e-16  6.1653503e-16  -3.8571114e-17  -2.9444747e-16  -6.8283630e-16  1.0000000   2.9820659e-16  -1.5097159e-16  5.9642593e-16  2.4238089e-16  5.1906106e-16  5.5012240e-16  -2.3670923e-16  -9.6020199e-17  6.8965613e-17  -2.8831720e-16  -4.0777988e-16  -2.1289179e-16  6.3399953e-16  -1.1215657e-15  1.7174660e-16  -9.2634728e-16  -7.8760836e-17  -6.2337767e-17  -3.8398718e-16  -7.8656833e-16  -2.6761702e-16  -5.6871643e-16  -2.8238226e-16  2.8274315e-18  2.7203064e-16  3.2512205e-16  6.1653503e-16  -3.8571114e-17  -2.9444747e-16  -6.8283630e-16  1.0000000   2.9820659e-16  -1.5097159e-16  5.9642593e-16  2.4238089e-16  5.1906106e-16  5.5012240e-16  -2.3670923e-16  -9.6020199e-17  6.8965613e-17  -2.8831720e-16  -4.0777988e-16  -2.1289179e-16  6.3399953e-16  -1.1215657e-15  1.7174660e-16  -9.2634728e-16  -7.8760836e-17  -6.2337767e-17  -3.8398718e-16  -7.8656833e-16  -2.6761702e-16  -5.6871643e-16  
-6.4943862e-16  -3.0981198e-16  -2.3463223e-16  7.4715293e-16  3.0540489e-16  -6.1131390e-16  4.5114001e-16  -3.8482666e-16  2.9820659e-16  1.0000000   -4.1052821e-16  5.5612682e-16  4.1846378e-16  -6.9530566e-16  -5.4204155e-16  9.0605506e-17  2.9558193e-16  -1.2222279e-16  1.1355470e-16  2.7734269e-16  -5.7848551e-16  1.8857502e-16  7.2591752e-16  4.3811257e-16  7.5164371e-17  -4.9629606e-16  -9.2034833e-16  -6.0531522e-17  -2.7972185e-16  -3.6883393e-17  3.2520020e-16  -6.4943862e-16  -3.0981198e-16  -2.3463223e-16  7.4715293e-16  3.0540489e-16  -6.1131390e-16  4.5114001e-16  -3.8482666e-16  2.9820659e-16  1.0000000   -4.1052821e-16  5.5612682e-16  4.1846378e-16  -6.9530566e-16  -5.4204155e-16  9.0605506e-17  2.9558193e-16  -1.2222279e-16  1.1355470e-16  2.7734269e-16  -5.7848551e-16  1.8857502e-16  7.2591752e-16  4.3811257e-16  7.5164371e-17  -4.9629606e-16  -9.2034833e-16  -6.0531522e-17  -2.7972185e-16  -3.6883393e-17  3.2520020e-16  
