1.0000000   1.9709987e-17  8.1353140e-16  -5.1160593e-17  3.3649712e-16  -8.0611734e-16  3.3691197e-17  2.5534518e-16  1.2187594e-16  -3.7452545e-16  -1.8021178e-16  -1.9339624e-16  3.5884821e-16  -3.7273855e-16  1.3966828e-15  -2.9772830e-16  1.3136406e-18  2.1739700e-16  -3.6055480e-16  -2.0104872e-16  -4.5310849e-16  -9.3618101e-16  -3.6983833e-16  7.1367937e-16  4.1988382e-16  -4.3465215e-16  5.4612449e-17  -2.9369095e-16  2.9235360e-16  -5.8116638e-17  3.5241975e-16  1.0000000   1.9709987e-17  8.1353140e-16  -5.1160593e-17  3.3649712e-16  -8.0611734e-16  3.3691197e-17  2.5534518e-16  1.2187594e-16  -3.7452545e-16  -1.8021178e-16  -1.9339624e-16  3.5884821e-16  -3.7273855e-16  1.3966828e-15  -2.9772830e-16  1.3136406e-18  2.1739700e-16  -3.6055480e-16  -2.0104872e-16  -4.5310849e-16  -9.3618101e-16  -3.6983833e-16  7.1367937e-16  4.1988382e-16  -4.3465215e-16  5.4612449e-17  -2.9369095e-16  2.9235360e-16  -5.8116638e-17  3.5241975e-16  
1.9709987e-17  1.0000000   9.3043340e-17  5.1235911e-16  2.7224725e-16  -2.0963593e-16  -2.4922673e-16  -9.4913103e-16  -5.2407375e-17  2.8580791e-16  -6.5502396e-16  -1.8250743e-16  -2.6065008e-16  -2.0975266e-16  -1.4439762e-16  -7.9046931e-17  -8.9347790e-16  -3.3792367e-17  -4.6529395e-16  1.5947774e-16  3.5842723e-16  -7.3064286e-16  -1.5218713e-16  -4.2967253e-16  2.3812471e-16  -5.2130370e-16  -7.6222873e-17  2.9963548e-16  -4.5075762e-17  5.3053498e-16  -4.7584479e-16  1.9709987e-17  1.0000000   9.3043340e-17  5.1235911e-16  2.7224725e-16  -2.0963593e-16  -2.4922673e-16  -9.4913103e-16  -5.2407375e-17  2.8580791e-16  -6.5502396e-16  -1.8250743e-16  -2.6065008e-16  -2.0975266e-16  -1.4439762e-16  -7.9046931e-17  -8.9347790e-16  -3.3792367e-17  -4.6529395e-16  1.5947774e-16  3.5842723e-16  -7.3064286e-16  -1.5218713e-16  -4.2967253e-16  2.3812471e-16  -5.2130370e-16  -7.6222873e-17  2.9963548e-16  -4.5075762e-17  5.3053498e-16  -4.7584479e-16  
8.1353140e-16  9.3043340e-17  1.0000000   2.8268453e-17  4.2248767e-16  -2.3644068e-16  -3.9160115e-16  -3.3915994e-16  4.8200662e-16  -4.6469394e-16  5.5589646e-16  1.0070887e-16  -2.5875757e-16  -6.7308799e-16  -2.4701013e-17  2.7967334e-17  2.7848529e-16  1.6972497e-16  -2.8267480e-16  9.6169995e-18  5.5837786e-16  -6.9058855e-17  -1.0525899e-15  -3.2898265e-16  -3.5783309e-16  -2.1856779e-16  3.8328467e-16  -1.9560539e-16  -6.8256656e-16  -1.4798729e-18  1.3862613e-16  8.1353140e-16  9.3043340e-17  1.0000000   2.8268453e-17  4.2248767e-16  -2.3644068e-16  -3.9160115e-16  -3.3915994e-16  4.8200662e-16  -4.6469394e-16  5.5589646e-16  1.0070887e-16  -2.5875757e-16  -6.7308799e-16  -2.4701013e-17  2.7967334e-17  2.7848529e-16  1.6972497e-16  -2.8267480e-16  9.6169995e-18  5.5837786e-16  -6.9058855e-17  -1.0525899e-15  -3.2898265e-16  -3.5783309e-16  -2.1856779e-16  3.8328467e-16  -1.9560539e-16  -6.8256656e-16  -1.4798729e-18  1.3862613e-16  
-5.1160593e-17  5.1235911e-16  2.8268453e-17  1.0000000   -7.3946330e-17  6.6066130e-17  -2.1075723e-16  6.7080995e-16  3.5293500e-16  -5.1664991e-16  -5.2361251e-16  -6.4544579e-17  3.5304071e-16  -1.0866852e-15  7.1752038e-16  -4.6350032e-16  -3.7104627e-16  -1.7687576e-17  -2.5593385e-16  3.1349811e-16  5.0860398e-16  -3.6506714e-16  9.1820985e-17  -1.4787343e-16  -4.6559201e-18  1.7863554e-16  -2.6271507e-16  1.1740129e-16  -7.0839690e-16  -3.8310020e-16  -4.7930840e-16  -5.1160593e-17  5.1235911e-16  2.8268453e-17  1.0000000   -7.3946330e-17  6.6066130e-17  -2.1075723e-16  6.7080995e-16  3.5293500e-16  -5.1664991e-16  -5.2361251e-16  -6.4544579e-17  3.5304071e-16  -1.0866852e-15  7.1752038e-16  -4.6350032e-16  -3.7104627e-16  -1.7687576e-17  -2.5593385e-16  3.1349811e-16  5.0860398e-16  -3.6506714e-16  9.1820985e-17  -1.4787343e-16  -4.6559201e-18  1.7863554e-16  -2.6271507e-16  1.1740129e-16  -7.0839690e-16  -3.8310020e-16  -4.7930840e-16  
3.3649712e-16  2.7224725e-16  4.2248767e-16  -7.3946330e-17  1.0000000   -6.5574405e-16  -1.5366862e-16  6.2300762e-18  1.9176585e-16  1.1265637e-18  -6.6793567e-16  2.2174065e-16  1.1377254e-16  3.5160607e-16  -2.8257033e-16  -3.6009708e-16  -4.6710661e-17  -2.2397254e-16  6.8563019e-17  -4.7243914e-16  -1.8742839e-16  -2.1956760e-16  -3.4226153e-18  1.3990102e-16  9.4267389e-18  -8.9931017e-16  9.1843273e-17  8.4248637e-17  5.5238220e-16  -5.3293553e-17  6.9465239e-17  3.3649712e-16  2.7224725e-16  4.2248767e-16  -7.3946330e-17  1.0000000   -6.5574405e-16  -1.5366862e-16  6.2300762e-18  1.9176585e-16  1.1265637e-18  -6.6793567e-16  2.2174065e-16  1.1377254e-16  3.5160607e-16  -2.8257033e-16  -3.6009708e-16  -4.6710661e-17  -2.2397254e-16  6.8563019e-17  -4.7243914e-16  -1.8742839e-16  -2.1956760e-16  -3.4226153e-18  1.3990102e-16  9.4267389e-18  -8.9931017e-16  9.1843273e-17  8.4248637e-17  5.5238220e-16  -5.3293553e-17  6.9465239e-17  
-8.0611734e-16  -2.0963593e-16  -2.3644068e-16  6.6066130e-17  -6.5574405e-16  1.0000000   -2.1031904e-16  -3.3983899e-16  3.6777003e-16  5.8083013e-17  -5.1036812e-16  6.8920556e-18  2.4714748e-16  -6.6688239e-16  5.4958594e-16  7.1566152e-17  2.1472755e-16  -2.6591859e-16  3.1913865e-16  5.6714712e-17  3.1359726e-16  -6.3084356e-16  7.8799925e-17  2.8256721e-16  5.1041365e-16  -1.1830410e-16  -2.1162589e-17  -7.3514608e-16  -4.1404906e-16  -1.1274251e-16  -6.8377960e-17  -8.0611734e-16  -2.0963593e-16  -2.3644068e-16  6.6066130e-17  -6.5574405e-16  1.0000000   -2.1031904e-16  -3.3983899e-16  3.6777003e-16  5.8083013e-17  -5.1036812e-16  6.8920556e-18  2.4714748e-16  -6.6688239e-16  5.4958594e-16  7.1566152e-17  2.1472755e-16  -2.6591859e-16  3.1913865e-16  5.6714712e-17  3.1359726e-16  -6.3084356e-16  7.8799925e-17  2.8256721e-16  5.1041365e-16  -1.1830410e-16  -2.1162589e-17  -7.3514608e-16  -4.1404906e-16  -1.1274251e-16  -6.8377960e-17  
3.3691197e-17  -2.4922673e-16  -3.9160115e-16  -2.1075723e-16  -1.5366862e-16  -2.1031904e-16  1.0000000   7.4834745e-17  -1.4555676e-16  2.9356012e-16  -6.4796584e-16  -4.1337166e-16  -6.4698877e-16  -2.9111805e-16  1.0167630e-16  2.6853443e-16  -2.2110556e-17  -4.1552635e-16  -6.2888565e-16  5.1846084e-17  -2.9764874e-16  6.3991549e-17  1.2538432e-16  -5.5377309e-16  4.0806572e-17  2.8656682e-16  2.2313220e-17  2.9375648e-16  -1.9725559e-16  -2.6287628e-16  4.5840090e-16  3.3691197e-17  -2.4922673e-16  -3.9160115e-16  -2.1075723e-16  -1.5366862e-16  -2.1031904e-16  1.0000000   7.4834745e-17  -1.4555676e-16  2.9356012e-16  -6.4796584e-16  -4.1337166e-16  -6.4698877e-16  -2.9111805e-16  1.0167630e-16  2.6853443e-16  -2.2110556e-17  -4.1552635e-16  -6.2888565e-16  5.1846084e-17  -2.9764874e-16  6.3991549e-17  1.2538432e-16  -5.5377309e-16  4.0806572e-17  2.8656682e-16  2.2313220e-17  2.9375648e-16  -1.9725559e-16  -2.6287628e-16  4.5840090e-16  
2.5534518e-16  -9.4913103e-16  -3.3915994e-16  6.7080995e-16  6.2300762e-18  -3.3983899e-16  7.4834745e-17  1.0000000   4.6390484e-16  -1.9181447e-16  4.0596361e-16  -2.9618854e-16  2.3418866e-16  -2.3536798e-16  1.4383535e-16  -5.6495218e-16  2.7927685e-17  -8.8110200e-17  -5.5859085e-16  1.9224042e-16  -2.6842333e-16  5.4652210e-17  -3.3117959e-16  7.9418153e-17  -1.0881888e-15  1.0410474e-15  -4.0286016e-16  7.2063510e-17  4.0571561e-17  9.2669727e-16  4.5712481e-16  2.5534518e-16  -9.4913103e-16  -3.3915994e-16  6.7080995e-16  6.2300762e-18  -3.3983899e-16  7.4834745e-17  1.0000000   4.6390484e-16  -1.9181447e-16  4.0596361e-16  -2.9618854e-16  2.3418866e-16  -2.3536798e-16  1.4383535e-16  -5.6495218e-16  2.7927685e-17  -8.8110200e-17  -5.5859085e-16  1.9224042e-16  -2.6842333e-16  5.4652210e-17  -3.3117959e-16  7.9418153e-17  -1.0881888e-15  1.0410474e-15  -4.0286016e-16  7.2063510e-17  4.0571561e-17  9.2669727e-16  4.5712481e-16  
1.2187594e-16  -5.2407375e-17  4.8200662e-16  3.5293500e-16  1.9176585e-16  3.6777003e-16  -1.4555676e-16  4.6390484e-16  1.0000000   4.8030769e-16  5.1562000e-16  -8.4066659e-16  4.3785522e-17  -2.5088223e-16  5.9870014e-16  4.3389832e-16  -1.8509745e-16  4.1235636e-16  7.6773436e-16  1.8065866e-16  -2.2447381e-16  1.0437056e-16  -2.6832885e-17  2.2377694e-16  -5.6317432e-16  5.6554458e-17  1.6582787e-16  1.9741785e-16  2.9868328e-16  5.2170365e-16  -5.9916090e-17  1.2187594e-16  -5.2407375e-17  4.8200662e-16  3.5293500e-16  1.9176585e-16  3.6777003e-16  -1.4555676e-16  4.6390484e-16  1.0000000   4.8030769e-16  5.1562000e-16  -8.4066659e-16  4.3785522e-17  -2.5088223e-16  5.9870014e-16  4.3389832e-16  -1.8509745e-16  4.1235636e-16  7.6773436e-16  1.8065866e-16  -2.2447381e-16  1.0437056e-16  -2.6832885e-17  2.2377694e-16  -5.6317432e-16  5.6554458e-17  1.6582787e-16  1.9741785e-16  2.9868328e-16  5.2170365e-16  -5.9916090e-17  
-3.7452545e-16  2.8580791e-16  -4.6469394e-16  -5.1664991e-16  1.1265637e-18  5.8083013e-17  2.9356012e-16  -1.9181447e-16  4.8030769e-16  1.0000000   3.9518674e-16  4.2936010e-16  -4.9836492e-16  -2.9415205e-16  2.2203801e-17  3.4907379e-16  1.5035960e-15  -4.5776463e-16  2.1755071e-16  -2.6911664e-16  5.7808939e-16  9.7868458e-17  -1.0859671e-16  -4.3311229e-16  1.2455161e-16  1.1924932e-16  2.0985642e-16  6.8738377e-16  -4.3482009e-16  4.7380990e-16  -1.9530973e-16  -3.7452545e-16  2.8580791e-16  -4.6469394e-16  -5.1664991e-16  1.1265637e-18  5.8083013e-17  2.9356012e-16  -1.9181447e-16  4.8030769e-16  1.0000000   3.9518674e-16  4.2936010e-16  -4.9836492e-16  -2.9415205e-16  2.2203801e-17  3.4907379e-16  1.5035960e-15  -4.5776463e-16  2.1755071e-16  -2.6911664e-16  5.7808939e-16  9.7868458e-17  -1.0859671e-16  -4.3311229e-16  1.2455161e-16  1.1924932e-16  2.0985642e-16  6.8738377e-16  -4.3482009e-16  4.7380990e-16  -1.9530973e-16  
-1.8021178e-16  -6.5502396e-16  5.5589646e-16  -5.2361251e-16  -6.6793567e-16  -5.1036812e-16  -6.4796584e-16  4.0596361e-16  5.1562000e-16  3.9518674e-16  1.0000000   -1.9608594e-17  -1.8251296e-16  -1.9513152e-16  2.8320122e-16  -4.4329445e-16  -1.7449459e-16  3.3565831e-17  -2.5499667e-16  -1.7181650e-16  -4.9486884e-16  5.2829240e-16  4.2548285e-17  1.6249996e-17  3.0211839e-17  7.3654441e-16  -3.1677496e-16  -3.7630648e-16  -3.1583209e-16  1.3251388e-16  -5.8921286e-17  -1.8021178e-16  -6.5502396e-16  5.5589646e-16  -5.2361251e-16  -6.6793567e-16  -5.1036812e-16  -6.4796584e-16  4.0596361e-16  5.1562000e-16  3.9518674e-16  1.0000000   -1.9608594e-17  -1.8251296e-16  -1.9513152e-16  2.8320122e-16  -4.4329445e-16  -1.7449459e-16  3.3565831e-17  -2.5499667e-16  -1.7181650e-16  -4.9486884e-16  5.2829240e-16  4.2548285e-17  1.6249996e-17  3.0211839e-17  7.3654441e-16  -3.1677496e-16  -3.7630648e-16  -3.1583209e-16  1.3251388e-16  -5.8921286e-17  
-1.9339624e-16  -1.8250743e-16  1.0070887e-16  -6.4544579e-17  2.2174065e-16  6.8920556e-18  -4.1337166e-16  -2.9618854e-16  -8.4066659e-16  4.2936010e-16  -1.9608594e-17  1.0000000   1.0001374e-15  9.5356084e-17  9.6933402e-17  3.2512992e-16  -3.4623757e-16  -4.3121508e-17  -1.5125596e-16  -7.7097677e-16  5.3472954e-16  -5.5848380e-16  -2.7580618e-16  1.7462308e-16  5.7427918e-16  1.1245252e-15  3.8167511e-16  -2.8344072e-16  -3.7897031e-16  1.3013037e-16  -5.9985049e-16  -1.9339624e-16  -1.8250743e-16  1.0070887e-16  -6.4544579e-17  2.2174065e-16  6.8920556e-18  -4.1337166e-16  -2.9618854e-16  -8.4066659e-16  4.2936010e-16  -1.9608594e-17  1.0000000   1.0001374e-15  9.5356084e-17  9.6933402e-17  3.2512992e-16  -3.4623757e-16  -4.3121508e-17  -1.5125596e-16  -7.7097677e-16  5.3472954e-16  -5.5848380e-16  -2.7580618e-16  1.7462308e-16  5.7427918e-16  1.1245252e-15  3.8167511e-16  -2.8344072e-16  -3.7897031e-16  1.3013037e-16  -5.9985049e-16  
3.5884821e-16  -2.6065008e-16  -2.5875757e-16  3.5304071e-16  1.1377254e-16  2.4714748e-16  -6.4698877e-16  2.3418866e-16  4.3785522e-17  -4.9836492e-16  -1.8251296e-16  1.0001374e-15  1.0000000   6.8426443e-16  6.1579971e-16  -7.1696426e-18  -1.8658164e-16  -3.3587368e-16  -2.0986657e-16  -2.3703299e-16  3.8450695e-16  4.1056075e-16  -4.1762225e-17  -3.0712721e-16  5.2758414e-16  -2.6252831e-16  -1.1464681e-16  1.7215741e-16  7.3086155e-16  -5.4206336e-16  -2.0512923e-16  3.5884821e-16  -2.6065008e-16  -2.5875757e-16  3.5304071e-16  1.1377254e-16  2.4714748e-16  -6.4698877e-16  2.3418866e-16  4.3785522e-17  -4.9836492e-16  -1.8251296e-16  1.0001374e-15  1.0000000   6.8426443e-16  6.1579971e-16  -7.1696426e-18  -1.8658164e-16  -3.3587368e-16  -2.0986657e-16  -2.3703299e-16  3.8450695e-16  4.1056075e-16  -4.1762225e-17  -3.0712721e-16  5.2758414e-16  -2.6252831e-16  -1.1464681e-16  1.7215741e-16  7.3086155e-16  -5.4206336e-16  -2.0512923e-16  
-3.7273855e-16  -2.0975266e-16  -6.7308799e-16  -1.0866852e-15  3.5160607e-16  -6.6688239e-16  -2.9111805e-16  -2.3536798e-16  -2.5088223e-16  -2.9415205e-16  -1.9513152e-16  9.5356084e-17  6.8426443e-16  1.0000000   4.9453125e-16  1.0969669e-15  -5.2851926e-16  -5.4936464e-16  -1.9958422e-16  -3.0517271e-16  3.3510033e-16  -5.4891526e-16  2.8364900e-16  4.4595677e-16  1.9545657e-16  3.1531731e-16  2.2384875e-16  4.1766160e-16  1.6314391e-16  9.7561467e-17  -3.7584448e-16  -3.7273855e-16  -2.0975266e-16  -6.7308799e-16  -1.0866852e-15  3.5160607e-16  -6.6688239e-16  -2.9111805e-16  -2.3536798e-16  -2.5088223e-16  -2.9415205e-16  -1.9513152e-16  9.5356084e-17  6.8426443e-16  1.0000000   4.9453125e-16  1.0969669e-15  -5.2851926e-16  -5.4936464e-16  -1.9958422e-16  -3.0517271e-16  3.3510033e-16  -5.4891526e-16  2.8364900e-16  4.4595677e-16  1.9545657e-16  3.1531731e-16  2.2384875e-16  4.1766160e-16  1.6314391e-16  9.7561467e-17  -3.7584448e-16  
1.3966828e-15  -1.4439762e-16  -2.4701013e-17  7.1752038e-16  -2.8257033e-16  5.4958594e-16  1.0167630e-16  1.4383535e-16  5.9870014e-16  2.2203801e-17  2.8320122e-16  9.6933402e-17  6.1579971e-16  4.9453125e-16  1.0000000   8.4156962e-16  -2.0256487e-17  -1.1829793e-16  4.4519061e-16  8.2085008e-16  5.4592072e-16  9.7244948e-17  3.2874941e-16  4.2636428e-16  5.0678172e-16  3.2452258e-16  -5.0044963e-16  3.0884926e-16  6.3827956e-17  2.3944154e-17  4.5483313e-16  1.3966828e-15  -1.4439762e-16  -2.4701013e-17  7.1752038e-16  -2.8257033e-16  5.4958594e-16  1.0167630e-16  1.4383535e-16  5.9870014e-16  2.2203801e-17  2.8320122e-16  9.6933402e-17  6.1579971e-16  4.9453125e-16  1.0000000   8.4156962e-16  -2.0256487e-17  -1.1829793e-16  4.4519061e-16  8.2085008e-16  5.4592072e-16  9.7244948e-17  3.2874941e-16  4.2636428e-16  5.0678172e-16  3.2452258e-16  -5.0044963e-16  3.0884926e-16  6.3827956e-17  2.3944154e-17  4.5483313e-16  
-2.9772830e-16  -7.9046931e-17  2.7967334e-17  -4.6350032e-16  -3.6009708e-16  7.1566152e-17  2.6853443e-16  -5.6495218e-16  4.3389832e-16  3.4907379e-16  -4.4329445e-16  3.2512992e-16  -7.1696426e-18  1.0969669e-15  8.4156962e-16  1.0000000   4.9678863e-16  2.1964336e-16  -3.8133263e-16  -2.5057016e-16  1.7281122e-17  1.5392118e-16  -3.3956395e-16  8.5942798e-16  5.7353984e-16  -5.9351122e-17  4.3510962e-16  1.5644797e-16  1.3515415e-17  4.1819744e-16  2.2842304e-17  -2.9772830e-16  -7.9046931e-17  2.7967334e-17  -4.6350032e-16  -3.6009708e-16  7.1566152e-17  2.6853443e-16  -5.6495218e-16  4.3389832e-16  3.4907379e-16  -4.4329445e-16  3.2512992e-16  -7.1696426e-18  1.0969669e-15  8.4156962e-16  1.0000000   4.9678863e-16  2.1964336e-16  -3.8133263e-16  -2.5057016e-16  1.7281122e-17  1.5392118e-16  -3.3956395e-16  8.5942798e-16  5.7353984e-16  -5.9351122e-17  4.3510962e-16  1.5644797e-16  1.3515415e-17  4.1819744e-16  2.2842304e-17  
1.3136406e-18  -8.9347790e-16  2.7848529e-16  -3.7104627e-16  -4.6710661e-17  2.1472755e-16  -2.2110556e-17  2.7927685e-17  -1.8509745e-16  1.5035960e-15  -1.7449459e-16  -3.4623757e-16  -1.8658164e-16  -5.2851926e-16  -2.0256487e-17  4.9678863e-16  1.0000000   -2.1653057e-17  1.1129347e-16  9.3210937e-17  -2.1179360e-16  -8.4141915e-16  5.6879469e-16  6.8720686e-16  -1.2438789e-16  -5.8501017e-16  2.3353545e-16  -5.0527252e-16  -2.2120679e-16  4.1756267e-16  -3.3167615e-16  1.3136406e-18  -8.9347790e-16  2.7848529e-16  -3.7104627e-16  -4.6710661e-17  2.1472755e-16  -2.2110556e-17  2.7927685e-17  -1.8509745e-16  1.5035960e-15  -1.7449459e-16  -3.4623757e-16  -1.8658164e-16  -5.2851926e-16  -2.0256487e-17  4.9678863e-16  1.0000000   -2.1653057e-17  1.1129347e-16  9.3210937e-17  -2.1179360e-16  -8.4141915e-16  5.6879469e-16  6.8720686e-16  -1.2438789e-16  -5.8501017e-16  2.3353545e-16  -5.0527252e-16  -2.2120679e-16  4.1756267e-16  -3.3167615e-16  
2.1739700e-16  -3.3792367e-17  1.6972497e-16  -1.7687576e-17  -2.2397254e-16  -2.6591859e-16  -4.1552635e-16  -8.8110200e-17  4.1235636e-16  -4.5776463e-16  3.3565831e-17  -4.3121508e-17  -3.3587368e-16  -5.4936464e-16  -1.1829793e-16  2.1964336e-16  -2.1653057e-17  1.0000000   9.3093593e-17  6.1901283e-16  -1.5059597e-16  -1.3192477e-16  5.6833175e-16  -6.1442426e-16  -6.2681699e-16  -5.9312760e-16  -1.1371787e-16  -6.5572752e-16  -4.2588742e-16  2.2223132e-16  -5.4870435e-16  2.1739700e-16  -3.3792367e-17  1.6972497e-16  -1.7687576e-17  -2.2397254e-16  -2.6591859e-16  -4.1552635e-16  -8.8110200e-17  4.1235636e-16  -4.5776463e-16  3.3565831e-17  -4.3121508e-17  -3.3587368e-16  -5.4936464e-16  -1.1829793e-16  2.1964336e-16  -2.1653057e-17  1.0000000   9.3093593e-17  6.1901283e-16  -1.5059597e-16  -1.3192477e-16  5.6833175e-16  -6.1442426e-16  -6.2681699e-16  -5.9312760e-16  -1.1371787e-16  -6.5572752e-16  -4.2588742e-16  2.2223132e-16  -5.4870435e-16  
-3.6055480e-16  -4.6529395e-16  -2.8267480e-16  -2.5593385e-16  6.8563019e-17  3.1913865e-16  -6.2888565e-16  -5.5859085e-16  7.6773436e-16  2.1755071e-16  -2.5499667e-16  -1.5125596e-16  -2.0986657e-16  -1.9958422e-16  4.4519061e-16  -3.8133263e-16  1.1129347e-16  9.3093593e-17  1.0000000   -1.3552984e-16  -1.0315029e-16  -2.2537664e-16  8.5922863e-17  5.0994716e-16  -4.9437353e-16  2.0439014e-16  -9.3757395e-17  6.9939408e-16  2.6770699e-16  5.8909458e-16  9.5838688e-17  -3.6055480e-16  -4.6529395e-16  -2.8267480e-16  -2.5593385e-16  6.8563019e-17  3.1913865e-16  -6.2888565e-16  -5.5859085e-16  7.6773436e-16  2.1755071e-16  -2.5499667e-16  -1.5125596e-16  -2.0986657e-16  -1.9958422e-16  4.4519061e-16  -3.8133263e-16  1.1129347e-16  9.3093593e-17  1.0000000   -1.3552984e-16  -1.0315029e-16  -2.2537664e-16  8.5922863e-17  5.0994716e-16  -4.9437353e-16  2.0439014e-16  -9.3757395e-17  6.9939408e-16  2.6770699e-16  5.8909458e-16  9.5838688e-17  
-2.0104872e-16  1.5947774e-16  9.6169995e-18  3.1349811e-16  -4.7243914e-16  5.6714712e-17  5.1846084e-17  1.9224042e-16  1.8065866e-16  -2.6911664e-16  -1.7181650e-16  -7.7097677e-16  -2.3703299e-16  -3.0517271e-16  8.2085008e-16  -2.5057016e-16  9.3210937e-17  6.1901283e-16  -1.3552984e-16  1.0000000   4.5799327e-16  -4.2834149e-16  5.8884034e-16  -5.2879929e-16  -6.8586519e-16  9.4059991e-17  -2.4170252e-16  5.8569069e-16  3.3025666e-17  1.2973279e-15  2.3154615e-16  -2.0104872e-16  1.5947774e-16  9.6169995e-18  3.1349811e-16  -4.7243914e-16  5.6714712e-17  5.1846084e-17  1.9224042e-16  1.8065866e-16  -2.6911664e-16  -1.7181650e-16  -7.7097677e-16  -2.3703299e-16  -3.0517271e-16  8.2085008e-16  -2.5057016e-16  9.3210937e-17  6.1901283e-16  -1.3552984e-16  1.0000000   4.5799327e-16  -4.2834149e-16  5.8884034e-16  -5.2879929e-16  -6.8586519e-16  9.4059991e-17  -2.4170252e-16  5.8569069e-16  3.3025666e-17  1.2973279e-15  2.3154615e-16  
-4.5310849e-16  3.5842723e-16  5.5837786e-16  5.0860398e-16  -1.8742839e-16  3.1359726e-16  -2.9764874e-16  -2.6842333e-16  -2.2447381e-16  5.7808939e-16  -4.9486884e-16  5.3472954e-16  3.8450695e-16  3.3510033e-16  5.4592072e-16  1.7281122e-17  -2.1179360e-16  -1.5059597e-16  -1.0315029e-16  4.5799327e-16  1.0000000   -3.5591768e-16  3.7845381e-16  5.5379432e-16  5.5863877e-16  5.3305982e-16  3.9617551e-16  -2.8525808e-16  -7.5743126e-16  -1.8602682e-16  -2.2818681e-16  -4.5310849e-16  3.5842723e-16  5.5837786e-16  5.0860398e-16  -1.8742839e-16  3.1359726e-16  -2.9764874e-16  -2.6842333e-16  -2.2447381e-16  5.7808939e-16  -4.9486884e-16  5.3472954e-16  3.8450695e-16  3.3510033e-16  5.4592072e-16  1.7281122e-17  -2.1179360e-16  -1.5059597e-16  -1.0315029e-16  4.5799327e-16  1.0000000   -3.5591768e-16  3.7845381e-16  5.5379432e-16  5.5863877e-16  5.3305982e-16  3.9617551e-16  -2.8525808e-16  -7.5743126e-16  -1.8602682e-16  -2.2818681e-16  
-9.3618101e-16  -7.3064286e-16  -6.9058855e-17  -3.6506714e-16  -2.1956760e-16  -6.3084356e-16  6.3991549e-17  5.4652210e-17  1.0437056e-16  9.7868458e-17  5.2829240e-16  -5.5848380e-16  4.1056075e-16  -5.4891526e-16  9.7244948e-17  1.5392118e-16  -8.4141915e-16  -1.3192477e-16  -2.2537664e-16  -4.2834149e-16  -3.5591768e-16  1.0000000   1.4469801e-16  -8.8210987e-17  -3.8408242e-16  8.8833196e-17  2.5817658e-16  3.5565319e-17  -1.7813200e-16  2.4950619e-16  -1.9523971e-16  -9.3618101e-16  -7.3064286e-16  -6.9058855e-17  -3.6506714e-16  -2.1956760e-16  -6.3084356e-16  6.3991549e-17  5.4652210e-17  1.0437056e-16  9.7868458e-17  5.2829240e-16  -5.5848380e-16  4.1056075e-16  -5.4891526e-16  9.7244948e-17  1.5392118e-16  -8.4141915e-16  -1.3192477e-16  -2.2537664e-16  -4.2834149e-16  -3.5591768e-16  1.0000000   1.4469801e-16  -8.8210987e-17  -3.8408242e-16  8.8833196e-17  2.5817658e-16  3.5565319e-17  -1.7813200e-16  2.4950619e-16  -1.9523971e-16  
-3.6983833e-16  -1.5218713e-16  -1.0525899e-15  9.1820985e-17  -3.4226153e-18  7.8799925e-17  1.2538432e-16  -3.3117959e-16  -2.6832885e-17  -1.0859671e-16  4.2548285e-17  -2.7580618e-16  -4.1762225e-17  2.8364900e-16  3.2874941e-16  -3.3956395e-16  5.6879469e-16  5.6833175e-16  8.5922863e-17  5.8884034e-16  3.7845381e-16  1.4469801e-16  1.0000000   4.5527633e-16  4.1974895e-16  -6.1815220e-17  -1.9347944e-16  1.9067942e-17  5.1444877e-16  1.9856054e-16  4.5269475e-16  -3.6983833e-16  -1.5218713e-16  -1.0525899e-15  9.1820985e-17  -3.4226153e-18  7.8799925e-17  1.2538432e-16  -3.3117959e-16  -2.6832885e-17  -1.0859671e-16  4.2548285e-17  -2.7580618e-16  -4.1762225e-17  2.8364900e-16  3.2874941e-16  -3.3956395e-16  5.6879469e-16  5.6833175e-16  8.5922863e-17  5.8884034e-16  3.7845381e-16  1.4469801e-16  1.0000000   4.5527633e-16  4.1974895e-16  -6.1815220e-17  -1.9347944e-16  1.9067942e-17  5.1444877e-16  1.9856054e-16  4.5269475e-16  
7.1367937e-16  -4.2967253e-16  -3.2898265e-16  -1.4787343e-16  1.3990102e-16  2.8256721e-16  -5.5377309e-16  7.9418153e-17  2.2377694e-16  -4.3311229e-16  1.6249996e-17  1.7462308e-16  -3.0712721e-16  4.4595677e-16  4.2636428e-16  8.5942798e-16  6.8720686e-16  -6.1442426e-16  5.0994716e-16  -5.2879929e-16  5.5379432e-16  -8.8210987e-17  4.5527633e-16  1.0000000   -8.1844966e-17  2.9672623e-20  1.9850249e-16  1.3278404e-16  1.6858891e-16  7.4494611e-16  4.6803274e-16  7.1367937e-16  -4.2967253e-16  -3.2898265e-16  -1.4787343e-16  1.3990102e-16  2.8256721e-16  -5.5377309e-16  7.9418153e-17  2.2377694e-16  -4.3311229e-16  1.6249996e-17  1.7462308e-16  -3.0712721e-16  4.4595677e-16  4.2636428e-16  8.5942798e-16  6.8720686e-16  -6.1442426e-16  5.0994716e-16  -5.2879929e-16  5.5379432e-16  -8.8210987e-17  4.5527633e-16  1.0000000   -8.1844966e-17  2.9672623e-20  1.9850249e-16  1.3278404e-16  1.6858891e-16  7.4494611e-16  4.6803274e-16  
4.1988382e-16  2.3812471e-16  -3.5783309e-16  -4.6559201e-18  9.4267389e-18  5.1041365e-16  4.0806572e-17  -1.0881888e-15  -5.6317432e-16  1.2455161e-16  3.0211839e-17  5.7427918e-16  5.2758414e-16  1.9545657e-16  5.0678172e-16  5.7353984e-16  -1.2438789e-16  -6.2681699e-16  -4.9437353e-16  -6.8586519e-16  5.5863877e-16  -3.8408242e-16  4.1974895e-16  -8.1844966e-17  1.0000000   1.3080719e-15  4.6212490e-17  -3.2741834e-17  -5.5494791e-16  -1.2706362e-16  -4.3969261e-16  4.1988382e-16  2.3812471e-16  -3.5783309e-16  -4.6559201e-18  9.4267389e-18  5.1041365e-16  4.0806572e-17  -1.0881888e-15  -5.6317432e-16  1.2455161e-16  3.0211839e-17  5.7427918e-16  5.2758414e-16  1.9545657e-16  5.0678172e-16  5.7353984e-16  -1.2438789e-16  -6.2681699e-16  -4.9437353e-16  -6.8586519e-16  5.5863877e-16  -3.8408242e-16  4.1974895e-16  -8.1844966e-17  1.0000000   1.3080719e-15  4.6212490e-17  -3.2741834e-17  -5.5494791e-16  -1.2706362e-16  -4.3969261e-16  
-4.3465215e-16  -5.2130370e-16  -2.1856779e-16  1.7863554e-16  -8.9931017e-16  -1.1830410e-16  2.8656682e-16  1.0410474e-15  5.6554458e-17  1.1924932e-16  7.3654441e-16  1.1245252e-15  -2.6252831e-16  3.1531731e-16  3.2452258e-16  -5.9351122e-17  -5.8501017e-16  -5.9312760e-16  2.0439014e-16  9.4059991e-17  5.3305982e-16  8.8833196e-17  -6.1815220e-17  2.9672623e-20  1.3080719e-15  1.0000000   3.1846655e-16  1.6858457e-16  -3.3223994e-16  -2.3041850e-16  5.2525257e-16  -4.3465215e-16  -5.2130370e-16  -2.1856779e-16  1.7863554e-16  -8.9931017e-16  -1.1830410e-16  2.8656682e-16  1.0410474e-15  5.6554458e-17  1.1924932e-16  7.3654441e-16  1.1245252e-15  -2.6252831e-16  3.1531731e-16  3.2452258e-16  -5.9351122e-17  -5.8501017e-16  -5.9312760e-16  2.0439014e-16  9.4059991e-17  5.3305982e-16  8.8833196e-17  -6.1815220e-17  2.9672623e-20  1.3080719e-15  1.0000000   3.1846655e-16  1.6858457e-16  -3.3223994e-16  -2.3041850e-16  5.2525257e-16  
5.4612449e-17  -7.6222873e-17  3.8328467e-16  -2.6271507e-16  9.1843273e-17  -2.1162589e-17  2.2313220e-17  -4.0286016e-16  1.6582787e-16  2.0985642e-16  -3.1677496e-16  3.8167511e-16  -1.1464681e-16  2.2384875e-16  -5.0044963e-16  4.3510962e-16  2.3353545e-16  -1.1371787e-16  -9.3757395e-17  -2.4170252e-16  3.9617551e-16  2.5817658e-16  -1.9347944e-16  1.9850249e-16  4.6212490e-17  3.1846655e-16  1.0000000   -4.7801637e-16  -4.0263945e-16  5.3091268e-16  1.1390942e-16  5.4612449e-17  -7.6222873e-17  3.8328467e-16  -2.6271507e-16  9.1843273e-17  -2.1162589e-17  2.2313220e-17  -4.0286016e-16  1.6582787e-16  2.0985642e-16  -3.1677496e-16  3.8167511e-16  -1.1464681e-16  2.2384875e-16  -5.0044963e-16  4.3510962e-16  2.3353545e-16  -1.1371787e-16  -9.3757395e-17  -2.4170252e-16  3.9617551e-16  2.5817658e-16  -1.9347944e-16  1.9850249e-16  4.6212490e-17  3.1846655e-16  1.0000000   -4.7801637e-16  -4.0263945e-16  5.3091268e-16  1.1390942e-16  
-2.9369095e-16  2.9963548e-16  -1.9560539e-16  1.1740129e-16  8.4248637e-17  -7.3514608e-16  2.9375648e-16  7.2063510e-17  1.9741785e-16  6.8738377e-16  -3.7630648e-16  -2.8344072e-16  1.7215741e-16  4.1766160e-16  3.0884926e-16  1.5644797e-16  -5.0527252e-16  -6.5572752e-16  6.9939408e-16  5.8569069e-16  -2.8525808e-16  3.5565319e-17  1.9067942e-17  1.3278404e-16  -3.2741834e-17  1.6858457e-16  -4.7801637e-16  1.0000000   -5.1848024e-16  2.3291710e-16  -5.5639258e-16  -2.9369095e-16  2.9963548e-16  -1.9560539e-16  1.1740129e-16  8.4248637e-17  -7.3514608e-16  2.9375648e-16  7.2063510e-17  1.9741785e-16  6.8738377e-16  -3.7630648e-16  -2.8344072e-16  1.7215741e-16  4.1766160e-16  3.0884926e-16  1.5644797e-16  -5.0527252e-16  -6.5572752e-16  6.9939408e-16  5.8569069e-16  -2.8525808e-16  3.5565319e-17  1.9067942e-17  1.3278404e-16  -3.2741834e-17  1.6858457e-16  -4.7801637e-16  1.0000000   -5.1848024e-16  2.3291710e-16  -5.5639258e-16  
2.9235360e-16  -4.5075762e-17  -6.8256656e-16  -7.0839690e-16  5.5238220e-16  -4.1404906e-16  -1.9725559e-16  4.0571561e-17  2.9868328e-16  -4.3482009e-16  -3.1583209e-16  -3.7897031e-16  7.3086155e-16  1.6314391e-16  6.3827956e-17  1.3515415e-17  -2.2120679e-16  -4.2588742e-16  2.6770699e-16  3.3025666e-17  -7.5743126e-16  -1.7813200e-16  5.1444877e-16  1.6858891e-16  -5.5494791e-16  -3.3223994e-16  -4.0263945e-16  -5.1848024e-16  1.0000000   1.9139726e-16  3.7941001e-16  2.9235360e-16  -4.5075762e-17  -6.8256656e-16  -7.0839690e-16  5.5238220e-16  -4.1404906e-16  -1.9725559e-16  4.0571561e-17  2.9868328e-16  -4.3482009e-16  -3.1583209e-16  -3.7897031e-16  7.3086155e-16  1.6314391e-16  6.3827956e-17  1.3515415e-17  -2.2120679e-16  -4.2588742e-16  2.6770699e-16  3.3025666e-17  -7.5743126e-16  -1.7813200e-16  5.1444877e-16  1.6858891e-16  -5.5494791e-16  -3.3223994e-16  -4.0263945e-16  -5.1848024e-16  1.0000000   1.9139726e-16  3.7941001e-16  
-5.8116638e-17  5.3053498e-16  -1.4798729e-18  -3.8310020e-16  -5.3293553e-17  -1.1274251e-16  -2.6287628e-16  9.2669727e-16  5.2170365e-16  4.7380990e-16  1.3251388e-16  1.3013037e-16  -5.4206336e-16  9.7561467e-17  2.3944154e-17  4.1819744e-16  4.1756267e-16  2.2223132e-16  5.8909458e-16  1.2973279e-15  -1.8602682e-16  2.4950619e-16  1.9856054e-16  7.4494611e-16  -1.2706362e-16  -2.3041850e-16  5.3091268e-16  2.3291710e-16  1.9139726e-16  1.0000000   4.0822220e-16  -5.8116638e-17  5.3053498e-16  -1.4798729e-18  -3.8310020e-16  -5.3293553e-17  -1.1274251e-16  -2.6287628e-16  9.2669727e-16  5.2170365e-16  4.7380990e-16  1.3251388e-16  1.3013037e-16  -5.4206336e-16  9.7561467e-17  2.3944154e-17  4.1819744e-16  4.1756267e-16  2.2223132e-16  5.8909458e-16  1.2973279e-15  -1.8602682e-16  2.4950619e-16  1.9856054e-16  7.4494611e-16  -1.2706362e-16  -2.3041850e-16  5.3091268e-16  2.3291710e-16  1.9139726e-16  1.0000000   4.0822220e-16  
3.5241975e-16  -4.7584479e-16  1.3862613e-16  -4.7930840e-16  6.9465239e-17  -6.8377960e-17  4.5840090e-16  4.5712481e-16  -5.9916090e-17  -1.9530973e-16  -5.8921286e-17  -5.9985049e-16  -2.0512923e-16  -3.7584448e-16  4.5483313e-16  2.2842304e-17  -3.3167615e-16  -5.4870435e-16  9.5838688e-17  2.3154615e-16  -2.2818681e-16  -1.9523971e-16  4.5269475e-16  4.6803274e-16  -4.3969261e-16  5.2525257e-16  1.1390942e-16  -5.5639258e-16  3.7941001e-16  4.0822220e-16  1.0000000   3.5241975e-16  -4.7584479e-16  1.3862613e-16  -4.7930840e-16  6.9465239e-17  -6.8377960e-17  4.5840090e-16  4.5712481e-16  -5.9916090e-17  -1.9530973e-16  -5.8921286e-17  -5.9985049e-16  -2.0512923e-16  -3.7584448e-16  4.5483313e-16  2.2842304e-17  -3.3167615e-16  -5.4870435e-16  9.5838688e-17  2.3154615e-16  -2.2818681e-16  -1.9523971e-16  4.5269475e-16  4.6803274e-16  -4.3969261e-16  5.2525257e-16  1.1390942e-16  -5.5639258e-16  3.7941001e-16  4.0822220e-16  1.0000000   
1.0000000   1.9709987e-17  8.1353140e-16  -5.1160593e-17  3.3649712e-16  -8.0611734e-16  3.3691197e-17  2.5534518e-16  1.2187594e-16  -3.7452545e-16  -1.8021178e-16  -1.9339624e-16  3.5884821e-16  -3.7273855e-16  1.3966828e-15  -2.9772830e-16  1.3136406e-18  2.1739700e-16  -3.6055480e-16  -2.0104872e-16  -4.5310849e-16  -9.3618101e-16  -3.6983833e-16  7.1367937e-16  4.1988382e-16  -4.3465215e-16  5.4612449e-17  -2.9369095e-16  2.9235360e-16  -5.8116638e-17  3.5241975e-16  1.0000000   1.9709987e-17  8.1353140e-16  -5.1160593e-17  3.3649712e-16  -8.0611734e-16  3.3691197e-17  2.5534518e-16  1.2187594e-16  -3.7452545e-16  -1.8021178e-16  -1.9339624e-16  3.5884821e-16  -3.7273855e-16  1.3966828e-15  -2.9772830e-16  1.3136406e-18  2.1739700e-16  -3.6055480e-16  -2.0104872e-16  -4.5310849e-16  -9.3618101e-16  -3.6983833e-16  7.1367937e-16  4.1988382e-16  -4.3465215e-16  5.4612449e-17  -2.9369095e-16  2.9235360e-16  -5.8116638e-17  3.5241975e-16  
1.9709987e-17  1.0000000   9.3043340e-17  5.1235911e-16  2.7224725e-16  -2.0963593e-16  -2.4922673e-16  -9.4913103e-16  -5.2407375e-17  2.8580791e-16  -6.5502396e-16  -1.8250743e-16  -2.6065008e-16  -2.0975266e-16  -1.4439762e-16  -7.9046931e-17  -8.9347790e-16  -3.3792367e-17  -4.6529395e-16  1.5947774e-16  3.5842723e-16  -7.3064286e-16  -1.5218713e-16  -4.2967253e-16  2.3812471e-16  -5.2130370e-16  -7.6222873e-17  2.9963548e-16  -4.5075762e-17  5.3053498e-16  -4.7584479e-16  1.9709987e-17  1.0000000   9.3043340e-17  5.1235911e-16  2.7224725e-16  -2.0963593e-16  -2.4922673e-16  -9.4913103e-16  -5.2407375e-17  2.8580791e-16  -6.5502396e-16  -1.8250743e-16  -2.6065008e-16  -2.0975266e-16  -1.4439762e-16  -7.9046931e-17  -8.9347790e-16  -3.3792367e-17  -4.6529395e-16  1.5947774e-16  3.5842723e-16  -7.3064286e-16  -1.5218713e-16  -4.2967253e-16  2.3812471e-16  -5.2130370e-16  -7.6222873e-17  2.9963548e-16  -4.5075762e-17  5.3053498e-16  -4.7584479e-16  
8.1353140e-16  9.3043340e-17  1.0000000   2.8268453e-17  4.2248767e-16  -2.3644068e-16  -3.9160115e-16  -3.3915994e-16  4.8200662e-16  -4.6469394e-16  5.5589646e-16  1.0070887e-16  -2.5875757e-16  -6.7308799e-16  -2.4701013e-17  2.7967334e-17  2.7848529e-16  1.6972497e-16  -2.8267480e-16  9.6169995e-18  5.5837786e-16  -6.9058855e-17  -1.0525899e-15  -3.2898265e-16  -3.5783309e-16  -2.1856779e-16  3.8328467e-16  -1.9560539e-16  -6.8256656e-16  -1.4798729e-18  1.3862613e-16  8.1353140e-16  9.3043340e-17  1.0000000   2.8268453e-17  4.2248767e-16  -2.3644068e-16  -3.9160115e-16  -3.3915994e-16  4.8200662e-16  -4.6469394e-16  5.5589646e-16  1.0070887e-16  -2.5875757e-16  -6.7308799e-16  -2.4701013e-17  2.7967334e-17  2.7848529e-16  1.6972497e-16  -2.8267480e-16  9.6169995e-18  5.5837786e-16  -6.9058855e-17  -1.0525899e-15  -3.2898265e-16  -3.5783309e-16  -2.1856779e-16  3.8328467e-16  -1.9560539e-16  -6.8256656e-16  -1.4798729e-18  1.3862613e-16  
-5.1160593e-17  5.1235911e-16  2.8268453e-17  1.0000000   -7.3946330e-17  6.6066130e-17  -2.1075723e-16  6.7080995e-16  3.5293500e-16  -5.1664991e-16  -5.2361251e-16  -6.4544579e-17  3.5304071e-16  -1.0866852e-15  7.1752038e-16  -4.6350032e-16  -3.7104627e-16  -1.7687576e-17  -2.5593385e-16  3.1349811e-16  5.0860398e-16  -3.6506714e-16  9.1820985e-17  -1.4787343e-16  -4.6559201e-18  1.7863554e-16  -2.6271507e-16  1.1740129e-16  -7.0839690e-16  -3.8310020e-16  -4.7930840e-16  -5.1160593e-17  5.1235911e-16  2.8268453e-17  1.0000000   -7.3946330e-17  6.6066130e-17  -2.1075723e-16  6.7080995e-16  3.5293500e-16  -5.1664991e-16  -5.2361251e-16  -6.4544579e-17  3.5304071e-16  -1.0866852e-15  7.1752038e-16  -4.6350032e-16  -3.7104627e-16  -1.7687576e-17  -2.5593385e-16  3.1349811e-16  5.0860398e-16  -3.6506714e-16  9.1820985e-17  -1.4787343e-16  -4.6559201e-18  1.7863554e-16  -2.6271507e-16  1.1740129e-16  -7.0839690e-16  -3.8310020e-16  -4.7930840e-16  
3.3649712e-16  2.7224725e-16  4.2248767e-16  -7.3946330e-17  1.0000000   -6.5574405e-16  -1.5366862e-16  6.2300762e-18  1.9176585e-16  1.1265637e-18  -6.6793567e-16  2.2174065e-16  1.1377254e-16  3.5160607e-16  -2.8257033e-16  -3.6009708e-16  -4.6710661e-17  -2.2397254e-16  6.8563019e-17  -4.7243914e-16  -1.8742839e-16  -2.1956760e-16  -3.4226153e-18  1.3990102e-16  9.4267389e-18  -8.9931017e-16  9.1843273e-17  8.4248637e-17  5.5238220e-16  -5.3293553e-17  6.9465239e-17  3.3649712e-16  2.7224725e-16  4.2248767e-16  -7.3946330e-17  1.0000000   -6.5574405e-16  -1.5366862e-16  6.2300762e-18  1.9176585e-16  1.1265637e-18  -6.6793567e-16  2.2174065e-16  1.1377254e-16  3.5160607e-16  -2.8257033e-16  -3.6009708e-16  -4.6710661e-17  -2.2397254e-16  6.8563019e-17  -4.7243914e-16  -1.8742839e-16  -2.1956760e-16  -3.4226153e-18  1.3990102e-16  9.4267389e-18  -8.9931017e-16  9.1843273e-17  8.4248637e-17  5.5238220e-16  -5.3293553e-17  6.9465239e-17  
-8.0611734e-16  -2.0963593e-16  -2.3644068e-16  6.6066130e-17  -6.5574405e-16  1.0000000   -2.1031904e-16  -3.3983899e-16  3.6777003e-16  5.8083013e-17  -5.1036812e-16  6.8920556e-18  2.4714748e-16  -6.6688239e-16  5.4958594e-16  7.1566152e-17  2.1472755e-16  -2.6591859e-16  3.1913865e-16  5.6714712e-17  3.1359726e-16  -6.3084356e-16  7.8799925e-17  2.8256721e-16  5.1041365e-16  -1.1830410e-16  -2.1162589e-17  -7.3514608e-16  -4.1404906e-16  -1.1274251e-16  -6.8377960e-17  -8.0611734e-16  -2.0963593e-16  -2.3644068e-16  6.6066130e-17  -6.5574405e-16  1.0000000   -2.1031904e-16  -3.3983899e-16  3.6777003e-16  5.8083013e-17  -5.1036812e-16  6.8920556e-18  2.4714748e-16  -6.6688239e-16  5.4958594e-16  7.1566152e-17  2.1472755e-16  -2.6591859e-16  3.1913865e-16  5.6714712e-17  3.1359726e-16  -6.3084356e-16  7.8799925e-17  2.8256721e-16  5.1041365e-16  -1.1830410e-16  -2.1162589e-17  -7.3514608e-16  -4.1404906e-16  -1.1274251e-16  -6.8377960e-17  
3.3691197e-17  -2.4922673e-16  -3.9160115e-16  -2.1075723e-16  -1.5366862e-16  -2.1031904e-16  1.0000000   7.4834745e-17  -1.4555676e-16  2.9356012e-16  -6.4796584e-16  -4.1337166e-16  -6.4698877e-16  -2.9111805e-16  1.0167630e-16  2.6853443e-16  -2.2110556e-17  -4.1552635e-16  -6.2888565e-16  5.1846084e-17  -2.9764874e-16  6.3991549e-17  1.2538432e-16  -5.5377309e-16  4.0806572e-17  2.8656682e-16  2.2313220e-17  2.9375648e-16  -1.9725559e-16  -2.6287628e-16  4.5840090e-16  3.3691197e-17  -2.4922673e-16  -3.9160115e-16  -2.1075723e-16  -1.5366862e-16  -2.1031904e-16  1.0000000   7.4834745e-17  -1.4555676e-16  2.9356012e-16  -6.4796584e-16  -4.1337166e-16  -6.4698877e-16  -2.9111805e-16  1.0167630e-16  2.6853443e-16  -2.2110556e-17  -4.1552635e-16  -6.2888565e-16  5.1846084e-17  -2.9764874e-16  6.3991549e-17  1.2538432e-16  -5.5377309e-16  4.0806572e-17  2.8656682e-16  2.2313220e-17  2.9375648e-16  -1.9725559e-16  -2.6287628e-16  4.5840090e-16  
2.5534518e-16  -9.4913103e-16  -3.3915994e-16  6.7080995e-16  6.2300762e-18  -3.3983899e-16  7.4834745e-17  1.0000000   4.6390484e-16  -1.9181447e-16  4.0596361e-16  -2.9618854e-16  2.3418866e-16  -2.3536798e-16  1.4383535e-16  -5.6495218e-16  2.7927685e-17  -8.8110200e-17  -5.5859085e-16  1.9224042e-16  -2.6842333e-16  5.4652210e-17  -3.3117959e-16  7.9418153e-17  -1.0881888e-15  1.0410474e-15  -4.0286016e-16  7.2063510e-17  4.0571561e-17  9.2669727e-16  4.5712481e-16  2.5534518e-16  -9.4913103e-16  -3.3915994e-16  6.7080995e-16  6.2300762e-18  -3.3983899e-16  7.4834745e-17  1.0000000   4.6390484e-16  -1.9181447e-16  4.0596361e-16  -2.9618854e-16  2.3418866e-16  -2.3536798e-16  1.4383535e-16  -5.6495218e-16  2.7927685e-17  -8.8110200e-17  -5.5859085e-16  1.9224042e-16  -2.6842333e-16  5.4652210e-17  -3.3117959e-16  7.9418153e-17  -1.0881888e-15  1.0410474e-15  -4.0286016e-16  7.2063510e-17  4.0571561e-17  9.2669727e-16  4.5712481e-16  
1.2187594e-16  -5.2407375e-17  4.8200662e-16  3.5293500e-16  1.9176585e-16  3.6777003e-16  -1.4555676e-16  4.6390484e-16  1.0000000   4.8030769e-16  5.1562000e-16  -8.4066659e-16  4.3785522e-17  -2.5088223e-16  5.9870014e-16  4.3389832e-16  -1.8509745e-16  4.1235636e-16  7.6773436e-16  1.8065866e-16  -2.2447381e-16  1.0437056e-16  -2.6832885e-17  2.2377694e-16  -5.6317432e-16  5.6554458e-17  1.6582787e-16  1.9741785e-16  2.9868328e-16  5.2170365e-16  -5.9916090e-17  1.2187594e-16  -5.2407375e-17  4.8200662e-16  3.5293500e-16  1.9176585e-16  3.6777003e-16  -1.4555676e-16  4.6390484e-16  1.0000000   4.8030769e-16  5.1562000e-16  -8.4066659e-16  4.3785522e-17  -2.5088223e-16  5.9870014e-16  4.3389832e-16  -1.8509745e-16  4.1235636e-16  7.6773436e-16  1.8065866e-16  -2.2447381e-16  1.0437056e-16  -2.6832885e-17  2.2377694e-16  -5.6317432e-16  5.6554458e-17  1.6582787e-16  1.9741785e-16  2.9868328e-16  5.2170365e-16  -5.9916090e-17  
-3.7452545e-16  2.8580791e-16  -4.6469394e-16  -5.1664991e-16  1.1265637e-18  5.8083013e-17  2.9356012e-16  -1.9181447e-16  4.8030769e-16  1.0000000   3.9518674e-16  4.2936010e-16  -4.9836492e-16  -2.9415205e-16  2.2203801e-17  3.4907379e-16  1.5035960e-15  -4.5776463e-16  2.1755071e-16  -2.6911664e-16  5.7808939e-16  9.7868458e-17  -1.0859671e-16  -4.3311229e-16  1.2455161e-16  1.1924932e-16  2.0985642e-16  6.8738377e-16  -4.3482009e-16  4.7380990e-16  -1.9530973e-16  -3.7452545e-16  2.8580791e-16  -4.6469394e-16  -5.1664991e-16  1.1265637e-18  5.8083013e-17  2.9356012e-16  -1.9181447e-16  4.8030769e-16  1.0000000   3.9518674e-16  4.2936010e-16  -4.9836492e-16  -2.9415205e-16  2.2203801e-17  3.4907379e-16  1.5035960e-15  -4.5776463e-16  2.1755071e-16  -2.6911664e-16  5.7808939e-16  9.7868458e-17  -1.0859671e-16  -4.3311229e-16  1.2455161e-16  1.1924932e-16  2.0985642e-16  6.8738377e-16  -4.3482009e-16  4.7380990e-16  -1.9530973e-16  
