1.0000000   1.5034120e-16  3.8448488e-16  -8.5262343e-16  -3.8565823e-16  2.1188365e-17  -5.9873812e-16  -3.5831101e-16  2.1014181e-16  -2.7147417e-16  -3.7597576e-16  -2.1200460e-16  -6.5365860e-17  -3.5871994e-16  -1.1527172e-17  4.1798575e-17  5.7353130e-16  7.3801603e-17  -3.3871678e-16  -3.8961296e-16  -8.7838762e-16  3.4177283e-16  -4.3262142e-17  1.3278881e-16  1.3203642e-16  2.1768942e-16  9.8375889e-17  3.2209499e-16  4.1285946e-16  -3.6581514e-16  2.6709390e-16  1.0000000   1.5034120e-16  3.8448488e-16  -8.5262343e-16  -3.8565823e-16  2.1188365e-17  -5.9873812e-16  -3.5831101e-16  2.1014181e-16  -2.7147417e-16  -3.7597576e-16  -2.1200460e-16  -6.5365860e-17  -3.5871994e-16  -1.1527172e-17  4.1798575e-17  5.7353130e-16  7.3801603e-17  -3.3871678e-16  -3.8961296e-16  -8.7838762e-16  3.4177283e-16  -4.3262142e-17  1.3278881e-16  1.3203642e-16  2.1768942e-16  9.8375889e-17  3.2209499e-16  4.1285946e-16  -3.6581514e-16  2.6709390e-16  
1.5034120e-16  1.0000000   -3.9520106e-16  4.3313094e-16  3.1000195e-16  6.2945607e-16  7.4603146e-16  -1.0742264e-16  -1.5876092e-16  -1.2443130e-16  -3.3504611e-16  -1.5603056e-16  6.0956617e-17  1.7555109e-16  2.1765551e-16  -5.8254024e-16  2.8659484e-16  -6.4752770e-17  -9.4819585e-17  -7.7216798e-17  -2.2779777e-16  -6.2193021e-16  -2.4417880e-16  -1.9402477e-16  -1.3854113e-16  1.0630066e-16  -1.9455013e-16  3.5140817e-16  -1.7111641e-16  -1.1363873e-16  5.4357954e-16  1.5034120e-16  1.0000000   -3.9520106e-16  4.3313094e-16  3.1000195e-16  6.2945607e-16  7.4603146e-16  -1.0742264e-16  -1.5876092e-16  -1.2443130e-16  -3.3504611e-16  -1.5603056e-16  6.0956617e-17  1.7555109e-16  2.1765551e-16  -5.8254024e-16  2.8659484e-16  -6.4752770e-17  -9.4819585e-17  -7.7216798e-17  -2.2779777e-16  -6.2193021e-16  -2.4417880e-16  -1.9402477e-16  -1.3854113e-16  1.0630066e-16  -1.9455013e-16  3.5140817e-16  -1.7111641e-16  -1.1363873e-16  5.4357954e-16  
3.8448488e-16  -3.9520106e-16  1.0000000   5.3496990e-16  -1.5925047e-18  5.5466139e-16  -2.7079373e-16  -8.8521595e-16  1.6810792e-16  -5.7713596e-16  4.6227184e-16  1.6965385e-16  -5.9386603e-16  1.6712278e-16  -2.2293420e-16  5.5636907e-16  -2.4424999e-16  8.0115782e-16  -2.1694128e-16  -2.5713410e-16  6.0051625e-16  5.2014106e-16  1.6322420e-16  9.1059172e-17  -4.5604734e-16  -3.0641750e-16  6.7347405e-16  1.0644795e-16  -7.4694027e-16  3.7316267e-16  5.2097932e-16  3.8448488e-16  -3.9520106e-16  1.0000000   5.3496990e-16  -1.5925047e-18  5.5466139e-16  -2.7079373e-16  -8.8521595e-16  1.6810792e-16  -5.7713596e-16  4.6227184e-16  1.6965385e-16  -5.9386603e-16  1.6712278e-16  -2.2293420e-16  5.5636907e-16  -2.4424999e-16  8.0115782e-16  -2.1694128e-16  -2.5713410e-16  6.0051625e-16  5.2014106e-16  1.6322420e-16  9.1059172e-17  -4.5604734e-16  -3.0641750e-16  6.7347405e-16  1.0644795e-16  -7.4694027e-16  3.7316267e-16  5.2097932e-16  
-8.5262343e-16  4.3313094e-16  5.3496990e-16  1.0000000   2.6700957e-16  4.7676944e-16  -2.7817110e-16  -2.1464816e-16  -3.7346229e-16  -1.6110220e-16  -1.4591684e-16  8.8784390e-17  -2.0954370e-16  -2.2519435e-16  1.1951109e-16  -1.0889051e-17  5.7268492e-16  4.4063979e-16  -1.7831125e-16  6.4940296e-16  -4.3353724e-16  2.7692977e-16  -1.4459799e-16  -1.0500208e-16  -3.6921722e-16  -1.3410580e-16  8.3263511e-17  -2.1433790e-16  4.9758942e-16  2.5186509e-16  4.7839041e-16  -8.5262343e-16  4.3313094e-16  5.3496990e-16  1.0000000   2.6700957e-16  4.7676944e-16  -2.7817110e-16  -2.1464816e-16  -3.7346229e-16  -1.6110220e-16  -1.4591684e-16  8.8784390e-17  -2.0954370e-16  -2.2519435e-16  1.1951109e-16  -1.0889051e-17  5.7268492e-16  4.4063979e-16  -1.7831125e-16  6.4940296e-16  -4.3353724e-16  2.7692977e-16  -1.4459799e-16  -1.0500208e-16  -3.6921722e-16  -1.3410580e-16  8.3263511e-17  -2.1433790e-16  4.9758942e-16  2.5186509e-16  4.7839041e-16  
-3.8565823e-16  3.1000195e-16  -1.5925047e-18  2.6700957e-16  1.0000000   5.3024714e-16  -2.5413170e-17  -5.9273330e-17  -6.0267695e-17  8.3143225e-16  -1.0375683e-15  -3.5871766e-16  4.5760949e-16  3.0875458e-16  2.3772780e-16  -1.6507407e-16  -6.6811432e-16  6.0225267e-16  -4.6143270e-16  -1.5006192e-16  -6.4673959e-16  2.5968588e-16  -2.6401819e-16  2.0780150e-18  2.6868371e-16  1.9139992e-16  9.8660188e-17  -5.9751676e-16  -3.0425136e-16  -1.2416468e-16  -3.4541268e-16  -3.8565823e-16  3.1000195e-16  -1.5925047e-18  2.6700957e-16  1.0000000   5.3024714e-16  -2.5413170e-17  -5.9273330e-17  -6.0267695e-17  8.3143225e-16  -1.0375683e-15  -3.5871766e-16  4.5760949e-16  3.0875458e-16  2.3772780e-16  -1.6507407e-16  -6.6811432e-16  6.0225267e-16  -4.6143270e-16  -1.5006192e-16  -6.4673959e-16  2.5968588e-16  -2.6401819e-16  2.0780150e-18  2.6868371e-16  1.9139992e-16  9.8660188e-17  -5.9751676e-16  -3.0425136e-16  -1.2416468e-16  -3.4541268e-16  
2.1188365e-17  6.2945607e-16  5.5466139e-16  4.7676944e-16  5.3024714e-16  1.0000000   -2.9049905e-16  -4.5755943e-16  -6.6827555e-16  -4.7156468e-16  -5.0033413e-16  -3.1481058e-16  -4.2956689e-16  1.8138632e-17  3.5244937e-16  -1.3830347e-16  -1.3742801e-16  5.0495127e-16  -9.0218439e-17  -1.3209803e-16  -5.5491092e-16  -1.4639947e-16  3.2289410e-16  -9.8093289e-16  3.1691208e-17  -4.2421021e-16  -2.7224383e-16  6.8431107e-16  7.1086687e-16  2.7632537e-16  -4.3992955e-16  2.1188365e-17  6.2945607e-16  5.5466139e-16  4.7676944e-16  5.3024714e-16  1.0000000   -2.9049905e-16  -4.5755943e-16  -6.6827555e-16  -4.7156468e-16  -5.0033413e-16  -3.1481058e-16  -4.2956689e-16  1.8138632e-17  3.5244937e-16  -1.3830347e-16  -1.3742801e-16  5.0495127e-16  -9.0218439e-17  -1.3209803e-16  -5.5491092e-16  -1.4639947e-16  3.2289410e-16  -9.8093289e-16  3.1691208e-17  -4.2421021e-16  -2.7224383e-16  6.8431107e-16  7.1086687e-16  2.7632537e-16  -4.3992955e-16  
-5.9873812e-16  7.4603146e-16  -2.7079373e-16  -2.7817110e-16  -2.5413170e-17  -2.9049905e-16  1.0000000   -1.9754287e-16  1.0523057e-16  1.6972502e-16  -2.9845130e-16  -1.3335475e-18  -3.1218938e-16  2.5208679e-17  -6.3703523e-16  2.3710120e-16  -2.8695369e-16  4.6078371e-17  -2.3489934e-16  -7.3010343e-16  -2.7533073e-16  -2.7097873e-16  -8.6172488e-17  2.1323506e-16  -2.3025710e-16  1.1710101e-16  1.0169100e-16  -3.8307704e-16  -1.1486569e-15  3.0069496e-16  -6.7994733e-16  -5.9873812e-16  7.4603146e-16  -2.7079373e-16  -2.7817110e-16  -2.5413170e-17  -2.9049905e-16  1.0000000   -1.9754287e-16  1.0523057e-16  1.6972502e-16  -2.9845130e-16  -1.3335475e-18  -3.1218938e-16  2.5208679e-17  -6.3703523e-16  2.3710120e-16  -2.8695369e-16  4.6078371e-17  -2.3489934e-16  -7.3010343e-16  -2.7533073e-16  -2.7097873e-16  -8.6172488e-17  2.1323506e-16  -2.3025710e-16  1.1710101e-16  1.0169100e-16  -3.8307704e-16  -1.1486569e-15  3.0069496e-16  -6.7994733e-16  
-3.5831101e-16  -1.0742264e-16  -8.8521595e-16  -2.1464816e-16  -5.9273330e-17  -4.5755943e-16  -1.9754287e-16  1.0000000   5.4603749e-16  9.1811132e-17  4.1583752e-16  1.0814596e-16  -6.2770479e-17  -4.0479609e-17  -1.6646929e-16  -2.2348527e-16  -1.4416419e-16  6.0467316e-17  -1.8494377e-16  9.1019652e-16  -2.2142815e-16  -3.1010026e-16  2.1121722e-16  1.0487115e-16  6.8576742e-17  -9.5064951e-17  -2.6792715e-16  -4.1761808e-16  -6.8816689e-16  -2.8614766e-16  3.5764676e-16  -3.5831101e-16  -1.0742264e-16  -8.8521595e-16  -2.1464816e-16  -5.9273330e-17  -4.5755943e-16  -1.9754287e-16  1.0000000   5.4603749e-16  9.1811132e-17  4.1583752e-16  1.0814596e-16  -6.2770479e-17  -4.0479609e-17  -1.6646929e-16  -2.2348527e-16  -1.4416419e-16  6.0467316e-17  -1.8494377e-16  9.1019652e-16  -2.2142815e-16  -3.1010026e-16  2.1121722e-16  1.0487115e-16  6.8576742e-17  -9.5064951e-17  -2.6792715e-16  -4.1761808e-16  -6.8816689e-16  -2.8614766e-16  3.5764676e-16  
2.1014181e-16  -1.5876092e-16  1.6810792e-16  -3.7346229e-16  -6.0267695e-17  -6.6827555e-16  1.0523057e-16  5.4603749e-16  1.0000000   -2.4463659e-16  -6.2266598e-16  -1.2890740e-15  2.6944346e-16  3.1436396e-16  -1.7404841e-16  1.2532846e-15  1.5431745e-16  4.5541843e-16  3.6854530e-16  4.0127822e-16  -2.2332410e-16  -2.5057921e-16  3.5141435e-16  -4.9691607e-16  1.9844645e-16  -2.8125357e-16  -7.2259051e-17  -9.3059581e-17  -2.1631290e-16  2.0974084e-16  -5.2573591e-16  2.1014181e-16  -1.5876092e-16  1.6810792e-16  -3.7346229e-16  -6.0267695e-17  -6.6827555e-16  1.0523057e-16  5.4603749e-16  1.0000000   -2.4463659e-16  -6.2266598e-16  -1.2890740e-15  2.6944346e-16  3.1436396e-16  -1.7404841e-16  1.2532846e-15  1.5431745e-16  4.5541843e-16  3.6854530e-16  4.0127822e-16  -2.2332410e-16  -2.5057921e-16  3.5141435e-16  -4.9691607e-16  1.9844645e-16  -2.8125357e-16  -7.2259051e-17  -9.3059581e-17  -2.1631290e-16  2.0974084e-16  -5.2573591e-16  
-2.7147417e-16  -1.2443130e-16  -5.7713596e-16  -1.6110220e-16  8.3143225e-16  -4.7156468e-16  1.6972502e-16  9.1811132e-17  -2.4463659e-16  1.0000000   -9.6820676e-16  -1.0335940e-16  3.2565072e-16  5.4283148e-16  -6.0087330e-16  -1.1995732e-17  -1.2436059e-16  -5.7794033e-16  8.4628688e-16  -5.4853536e-16  9.5657682e-16  5.0067687e-16  -5.9065300e-16  -1.0895489e-15  1.5554953e-16  6.9395547e-16  -3.4979144e-17  -4.3727320e-16  -2.6304476e-16  -4.9173411e-16  2.2827587e-16  -2.7147417e-16  -1.2443130e-16  -5.7713596e-16  -1.6110220e-16  8.3143225e-16  -4.7156468e-16  1.6972502e-16  9.1811132e-17  -2.4463659e-16  1.0000000   -9.6820676e-16  -1.0335940e-16  3.2565072e-16  5.4283148e-16  -6.0087330e-16  -1.1995732e-17  -1.2436059e-16  -5.7794033e-16  8.4628688e-16  -5.4853536e-16  9.5657682e-16  5.0067687e-16  -5.9065300e-16  -1.0895489e-15  1.5554953e-16  6.9395547e-16  -3.4979144e-17  -4.3727320e-16  -2.6304476e-16  -4.9173411e-16  2.2827587e-16  
-3.7597576e-16  -3.3504611e-16  4.6227184e-16  -1.4591684e-16  -1.0375683e-15  -5.0033413e-16  -2.9845130e-16  4.1583752e-16  -6.2266598e-16  -9.6820676e-16  1.0000000   -1.0199651e-16  1.5279490e-16  2.2976330e-16  2.1803556e-16  -3.1796740e-18  4.6912206e-16  1.2522906e-17  -1.2072684e-16  -2.1682396e-16  1.0596926e-15  -1.2298689e-16  2.1213404e-16  4.8668142e-17  3.7626981e-16  -2.5630288e-16  -1.8081558e-16  3.6448251e-16  -3.1017099e-16  1.1363730e-16  3.9097760e-17  -3.7597576e-16  -3.3504611e-16  4.6227184e-16  -1.4591684e-16  -1.0375683e-15  -5.0033413e-16  -2.9845130e-16  4.1583752e-16  -6.2266598e-16  -9.6820676e-16  1.0000000   -1.0199651e-16  1.5279490e-16  2.2976330e-16  2.1803556e-16  -3.1796740e-18  4.6912206e-16  1.2522906e-17  -1.2072684e-16  -2.1682396e-16  1.0596926e-15  -1.2298689e-16  2.1213404e-16  4.8668142e-17  3.7626981e-16  -2.5630288e-16  -1.8081558e-16  3.6448251e-16  -3.1017099e-16  1.1363730e-16  3.9097760e-17  
-2.1200460e-16  -1.5603056e-16  1.6965385e-16  8.8784390e-17  -3.5871766e-16  -3.1481058e-16  -1.3335475e-18  1.0814596e-16  -1.2890740e-15  -1.0335940e-16  -1.0199651e-16  1.0000000   6.6104187e-16  2.9044390e-16  3.5808474e-16  -6.4417054e-17  4.6941765e-16  -2.6221596e-16  8.1751345e-17  2.9910865e-16  6.8347748e-16  6.3771999e-17  3.8865821e-16  -2.7092076e-16  -5.2847246e-17  1.1201731e-16  4.2955575e-17  -1.2257749e-16  -8.2344540e-17  4.1711895e-16  1.5407855e-16  -2.1200460e-16  -1.5603056e-16  1.6965385e-16  8.8784390e-17  -3.5871766e-16  -3.1481058e-16  -1.3335475e-18  1.0814596e-16  -1.2890740e-15  -1.0335940e-16  -1.0199651e-16  1.0000000   6.6104187e-16  2.9044390e-16  3.5808474e-16  -6.4417054e-17  4.6941765e-16  -2.6221596e-16  8.1751345e-17  2.9910865e-16  6.8347748e-16  6.3771999e-17  3.8865821e-16  -2.7092076e-16  -5.2847246e-17  1.1201731e-16  4.2955575e-17  -1.2257749e-16  -8.2344540e-17  4.1711895e-16  1.5407855e-16  
-6.5365860e-17  6.0956617e-17  -5.9386603e-16  -2.0954370e-16  4.5760949e-16  -4.2956689e-16  -3.1218938e-16  -6.2770479e-17  2.6944346e-16  3.2565072e-16  1.5279490e-16  6.6104187e-16  1.0000000   4.5534998e-16  -1.3652893e-16  -3.9893692e-16  5.1580847e-16  -4.2811213e-16  5.8703740e-16  -2.4794029e-16  3.1069754e-17  1.0654968e-17  2.1349499e-18  -3.4242971e-16  -4.9880740e-16  1.8107456e-16  2.7221009e-16  3.0465410e-16  -2.8470977e-16  6.3117095e-16  -7.5881987e-16  -6.5365860e-17  6.0956617e-17  -5.9386603e-16  -2.0954370e-16  4.5760949e-16  -4.2956689e-16  -3.1218938e-16  -6.2770479e-17  2.6944346e-16  3.2565072e-16  1.5279490e-16  6.6104187e-16  1.0000000   4.5534998e-16  -1.3652893e-16  -3.9893692e-16  5.1580847e-16  -4.2811213e-16  5.8703740e-16  -2.4794029e-16  3.1069754e-17  1.0654968e-17  2.1349499e-18  -3.4242971e-16  -4.9880740e-16  1.8107456e-16  2.7221009e-16  3.0465410e-16  -2.8470977e-16  6.3117095e-16  -7.5881987e-16  
-3.5871994e-16  1.7555109e-16  1.6712278e-16  -2.2519435e-16  3.0875458e-16  1.8138632e-17  2.5208679e-17  -4.0479609e-17  3.1436396e-16  5.4283148e-16  2.2976330e-16  2.9044390e-16  4.5534998e-16  1.0000000   1.0213628e-16  8.6579692e-16  -3.9363545e-16  -3.2805542e-16  -3.0149687e-16  -6.4539398e-16  4.8686614e-16  -5.4269428e-16  -1.7196746e-16  2.2127326e-16  -4.2538403e-16  -3.6852311e-18  -2.1522270e-16  -4.0824400e-16  -3.2636017e-16  -4.8410803e-16  1.0321755e-16  -3.5871994e-16  1.7555109e-16  1.6712278e-16  -2.2519435e-16  3.0875458e-16  1.8138632e-17  2.5208679e-17  -4.0479609e-17  3.1436396e-16  5.4283148e-16  2.2976330e-16  2.9044390e-16  4.5534998e-16  1.0000000   1.0213628e-16  8.6579692e-16  -3.9363545e-16  -3.2805542e-16  -3.0149687e-16  -6.4539398e-16  4.8686614e-16  -5.4269428e-16  -1.7196746e-16  2.2127326e-16  -4.2538403e-16  -3.6852311e-18  -2.1522270e-16  -4.0824400e-16  -3.2636017e-16  -4.8410803e-16  1.0321755e-16  
-1.1527172e-17  2.1765551e-16  -2.2293420e-16  1.1951109e-16  2.3772780e-16  3.5244937e-16  -6.3703523e-16  -1.6646929e-16  -1.7404841e-16  -6.0087330e-16  2.1803556e-16  3.5808474e-16  -1.3652893e-16  1.0213628e-16  1.0000000   -3.8841218e-16  3.8278541e-16  2.0521047e-17  -5.8759126e-16  -3.0215848e-16  8.1722442e-16  7.5348470e-16  6.3602646e-16  2.7316672e-16  2.2369501e-16  -1.0734354e-15  -2.0945434e-16  7.9285733e-16  -6.4292875e-16  6.7094974e-16  -5.0781917e-16  -1.1527172e-17  2.1765551e-16  -2.2293420e-16  1.1951109e-16  2.3772780e-16  3.5244937e-16  -6.3703523e-16  -1.6646929e-16  -1.7404841e-16  -6.0087330e-16  2.1803556e-16  3.5808474e-16  -1.3652893e-16  1.0213628e-16  1.0000000   -3.8841218e-16  3.8278541e-16  2.0521047e-17  -5.8759126e-16  -3.0215848e-16  8.1722442e-16  7.5348470e-16  6.3602646e-16  2.7316672e-16  2.2369501e-16  -1.0734354e-15  -2.0945434e-16  7.9285733e-16  -6.4292875e-16  6.7094974e-16  -5.0781917e-16  
4.1798575e-17  -5.8254024e-16  5.5636907e-16  -1.0889051e-17  -1.6507407e-16  -1.3830347e-16  2.3710120e-16  -2.2348527e-16  1.2532846e-15  -1.1995732e-17  -3.1796740e-18  -6.4417054e-17  -3.9893692e-16  8.6579692e-16  -3.8841218e-16  1.0000000   -5.9805214e-16  -1.1317190e-16  4.7797974e-16  -3.5400461e-17  -1.3831178e-16  -2.2414334e-16  7.1207546e-16  6.3733900e-16  -4.5527590e-16  -4.6762056e-16  -6.2901406e-16  8.6766195e-17  -1.4173926e-16  4.0405275e-16  -7.1345951e-16  4.1798575e-17  -5.8254024e-16  5.5636907e-16  -1.0889051e-17  -1.6507407e-16  -1.3830347e-16  2.3710120e-16  -2.2348527e-16  1.2532846e-15  -1.1995732e-17  -3.1796740e-18  -6.4417054e-17  -3.9893692e-16  8.6579692e-16  -3.8841218e-16  1.0000000   -5.9805214e-16  -1.1317190e-16  4.7797974e-16  -3.5400461e-17  -1.3831178e-16  -2.2414334e-16  7.1207546e-16  6.3733900e-16  -4.5527590e-16  -4.6762056e-16  -6.2901406e-16  8.6766195e-17  -1.4173926e-16  4.0405275e-16  -7.1345951e-16  
5.7353130e-16  2.8659484e-16  -2.4424999e-16  5.7268492e-16  -6.6811432e-16  -1.3742801e-16  -2.8695369e-16  -1.4416419e-16  1.5431745e-16  -1.2436059e-16  4.6912206e-16  4.6941765e-16  5.1580847e-16  -3.9363545e-16  3.8278541e-16  -5.9805214e-16  1.0000000   -1.2498049e-16  -2.4082686e-16  -3.3448888e-16  1.7299391e-17  -9.0942751e-18  1.0206623e-15  4.2422390e-16  2.4514973e-17  -6.9594877e-16  -1.1883090e-16  -3.1864737e-16  -2.3079816e-16  2.0640307e-16  -6.0188523e-16  5.7353130e-16  2.8659484e-16  -2.4424999e-16  5.7268492e-16  -6.6811432e-16  -1.3742801e-16  -2.8695369e-16  -1.4416419e-16  1.5431745e-16  -1.2436059e-16  4.6912206e-16  4.6941765e-16  5.1580847e-16  -3.9363545e-16  3.8278541e-16  -5.9805214e-16  1.0000000   -1.2498049e-16  -2.4082686e-16  -3.3448888e-16  1.7299391e-17  -9.0942751e-18  1.0206623e-15  4.2422390e-16  2.4514973e-17  -6.9594877e-16  -1.1883090e-16  -3.1864737e-16  -2.3079816e-16  2.0640307e-16  -6.0188523e-16  
7.3801603e-17  -6.4752770e-17  8.0115782e-16  4.4063979e-16  6.0225267e-16  5.0495127e-16  4.6078371e-17  6.0467316e-17  4.5541843e-16  -5.7794033e-16  1.2522906e-17  -2.6221596e-16  -4.2811213e-16  -3.2805542e-16  2.0521047e-17  -1.1317190e-16  -1.2498049e-16  1.0000000   -4.1928763e-16  4.2132563e-16  -3.6421441e-16  4.6510444e-16  4.6870405e-16  3.2468297e-16  4.2868475e-16  -2.4756451e-16  -5.0587916e-16  3.1071507e-16  5.3124208e-16  4.4203749e-16  -1.8091022e-17  7.3801603e-17  -6.4752770e-17  8.0115782e-16  4.4063979e-16  6.0225267e-16  5.0495127e-16  4.6078371e-17  6.0467316e-17  4.5541843e-16  -5.7794033e-16  1.2522906e-17  -2.6221596e-16  -4.2811213e-16  -3.2805542e-16  2.0521047e-17  -1.1317190e-16  -1.2498049e-16  1.0000000   -4.1928763e-16  4.2132563e-16  -3.6421441e-16  4.6510444e-16  4.6870405e-16  3.2468297e-16  4.2868475e-16  -2.4756451e-16  -5.0587916e-16  3.1071507e-16  5.3124208e-16  4.4203749e-16  -1.8091022e-17  
-3.3871678e-16  -9.4819585e-17  -2.1694128e-16  -1.7831125e-16  -4.6143270e-16  -9.0218439e-17  -2.3489934e-16  -1.8494377e-16  3.6854530e-16  8.4628688e-16  -1.2072684e-16  8.1751345e-17  5.8703740e-16  -3.0149687e-16  -5.8759126e-16  4.7797974e-16  -2.4082686e-16  -4.1928763e-16  1.0000000   -1.8547480e-16  1.3220158e-16  1.7570336e-16  -1.4544909e-16  -2.5301025e-16  2.0647375e-16  -1.2390420e-16  5.4766358e-16  3.5703991e-16  2.7391868e-16  -5.2703308e-17  4.7657702e-16  -3.3871678e-16  -9.4819585e-17  -2.1694128e-16  -1.7831125e-16  -4.6143270e-16  -9.0218439e-17  -2.3489934e-16  -1.8494377e-16  3.6854530e-16  8.4628688e-16  -1.2072684e-16  8.1751345e-17  5.8703740e-16  -3.0149687e-16  -5.8759126e-16  4.7797974e-16  -2.4082686e-16  -4.1928763e-16  1.0000000   -1.8547480e-16  1.3220158e-16  1.7570336e-16  -1.4544909e-16  -2.5301025e-16  2.0647375e-16  -1.2390420e-16  5.4766358e-16  3.5703991e-16  2.7391868e-16  -5.2703308e-17  4.7657702e-16  
-3.8961296e-16  -7.7216798e-17  -2.5713410e-16  6.4940296e-16  -1.5006192e-16  -1.3209803e-16  -7.3010343e-16  9.1019652e-16  4.0127822e-16  -5.4853536e-16  -2.1682396e-16  2.9910865e-16  -2.4794029e-16  -6.4539398e-16  -3.0215848e-16  -3.5400461e-17  -3.3448888e-16  4.2132563e-16  -1.8547480e-16  1.0000000   2.2190588e-16  -3.7396151e-16  -1.4972124e-16  5.6159708e-16  9.5257065e-17  -1.9902368e-17  -1.5826797e-17  -3.6100384e-16  -4.8968531e-16  -3.1663389e-17  2.5697815e-16  -3.8961296e-16  -7.7216798e-17  -2.5713410e-16  6.4940296e-16  -1.5006192e-16  -1.3209803e-16  -7.3010343e-16  9.1019652e-16  4.0127822e-16  -5.4853536e-16  -2.1682396e-16  2.9910865e-16  -2.4794029e-16  -6.4539398e-16  -3.0215848e-16  -3.5400461e-17  -3.3448888e-16  4.2132563e-16  -1.8547480e-16  1.0000000   2.2190588e-16  -3.7396151e-16  -1.4972124e-16  5.6159708e-16  9.5257065e-17  -1.9902368e-17  -1.5826797e-17  -3.6100384e-16  -4.8968531e-16  -3.1663389e-17  2.5697815e-16  
-8.7838762e-16  -2.2779777e-16  6.0051625e-16  -4.3353724e-16  -6.4673959e-16  -5.5491092e-16  -2.7533073e-16  -2.2142815e-16  -2.2332410e-16  9.5657682e-16  1.0596926e-15  6.8347748e-16  3.1069754e-17  4.8686614e-16  8.1722442e-16  -1.3831178e-16  1.7299391e-17  -3.6421441e-16  1.3220158e-16  2.2190588e-16  1.0000000   3.9994619e-17  1.1802345e-18  -8.0924834e-16  1.1420445e-16  -2.2859968e-16  1.5534199e-16  -2.4567185e-17  -7.7442037e-16  -4.6191863e-16  -6.7726807e-17  -8.7838762e-16  -2.2779777e-16  6.0051625e-16  -4.3353724e-16  -6.4673959e-16  -5.5491092e-16  -2.7533073e-16  -2.2142815e-16  -2.2332410e-16  9.5657682e-16  1.0596926e-15  6.8347748e-16  3.1069754e-17  4.8686614e-16  8.1722442e-16  -1.3831178e-16  1.7299391e-17  -3.6421441e-16  1.3220158e-16  2.2190588e-16  1.0000000   3.9994619e-17  1.1802345e-18  -8.0924834e-16  1.1420445e-16  -2.2859968e-16  1.5534199e-16  -2.4567185e-17  -7.7442037e-16  -4.6191863e-16  -6.7726807e-17  
3.4177283e-16  -6.2193021e-16  5.2014106e-16  2.7692977e-16  2.5968588e-16  -1.4639947e-16  -2.7097873e-16  -3.1010026e-16  -2.5057921e-16  5.0067687e-16  -1.2298689e-16  6.3771999e-17  1.0654968e-17  -5.4269428e-16  7.5348470e-16  -2.2414334e-16  -9.0942751e-18  4.6510444e-16  1.7570336e-16  -3.7396151e-16  3.9994619e-17  1.0000000   3.5945028e-16  -3.7846835e-17  1.2159098e-16  5.5587753e-16  1.4914866e-16  4.3426544e-16  -5.0022386e-16  5.5480774e-17  2.0129271e-16  3.4177283e-16  -6.2193021e-16  5.2014106e-16  2.7692977e-16  2.5968588e-16  -1.4639947e-16  -2.7097873e-16  -3.1010026e-16  -2.5057921e-16  5.0067687e-16  -1.2298689e-16  6.3771999e-17  1.0654968e-17  -5.4269428e-16  7.5348470e-16  -2.2414334e-16  -9.0942751e-18  4.6510444e-16  1.7570336e-16  -3.7396151e-16  3.9994619e-17  1.0000000   3.5945028e-16  -3.7846835e-17  1.2159098e-16  5.5587753e-16  1.4914866e-16  4.3426544e-16  -5.0022386e-16  5.5480774e-17  2.0129271e-16  
-4.3262142e-17  -2.4417880e-16  1.6322420e-16  -1.4459799e-16  -2.6401819e-16  3.2289410e-16  -8.6172488e-17  2.1121722e-16  3.5141435e-16  -5.9065300e-16  2.1213404e-16  3.8865821e-16  2.1349499e-18  -1.7196746e-16  6.3602646e-16  7.1207546e-16  1.0206623e-15  4.6870405e-16  -1.4544909e-16  -1.4972124e-16  1.1802345e-18  3.5945028e-16  1.0000000   -4.8171861e-16  -1.5978768e-16  -2.3183408e-16  2.0914270e-16  -2.8826557e-16  1.4105880e-16  -7.5763323e-16  -7.6146067e-16  -4.3262142e-17  -2.4417880e-16  1.6322420e-16  -1.4459799e-16  -2.6401819e-16  3.2289410e-16  -8.6172488e-17  2.1121722e-16  3.5141435e-16  -5.9065300e-16  2.1213404e-16  3.8865821e-16  2.1349499e-18  -1.7196746e-16  6.3602646e-16  7.1207546e-16  1.0206623e-15  4.6870405e-16  -1.4544909e-16  -1.4972124e-16  1.1802345e-18  3.5945028e-16  1.0000000   -4.8171861e-16  -1.5978768e-16  -2.3183408e-16  2.0914270e-16  -2.8826557e-16  1.4105880e-16  -7.5763323e-16  -7.6146067e-16  
1.3278881e-16  -1.9402477e-16  9.1059172e-17  -1.0500208e-16  2.0780150e-18  -9.8093289e-16  2.1323506e-16  1.0487115e-16  -4.9691607e-16  -1.0895489e-15  4.8668142e-17  -2.7092076e-16  -3.4242971e-16  2.2127326e-16  2.7316672e-16  6.3733900e-16  4.2422390e-16  3.2468297e-16  -2.5301025e-16  5.6159708e-16  -8.0924834e-16  -3.7846835e-17  -4.8171861e-16  1.0000000   1.8844035e-16  -2.9326803e-16  -1.4924853e-16  -5.1232982e-16  2.4465483e-16  2.3412387e-16  -4.0395930e-16  1.3278881e-16  -1.9402477e-16  9.1059172e-17  -1.0500208e-16  2.0780150e-18  -9.8093289e-16  2.1323506e-16  1.0487115e-16  -4.9691607e-16  -1.0895489e-15  4.8668142e-17  -2.7092076e-16  -3.4242971e-16  2.2127326e-16  2.7316672e-16  6.3733900e-16  4.2422390e-16  3.2468297e-16  -2.5301025e-16  5.6159708e-16  -8.0924834e-16  -3.7846835e-17  -4.8171861e-16  1.0000000   1.8844035e-16  -2.9326803e-16  -1.4924853e-16  -5.1232982e-16  2.4465483e-16  2.3412387e-16  -4.0395930e-16  
1.3203642e-16  -1.3854113e-16  -4.5604734e-16  -3.6921722e-16  2.6868371e-16  3.1691208e-17  -2.3025710e-16  6.8576742e-17  1.9844645e-16  1.5554953e-16  3.7626981e-16  -5.2847246e-17  -4.9880740e-16  -4.2538403e-16  2.2369501e-16  -4.5527590e-16  2.4514973e-17  4.2868475e-16  2.0647375e-16  9.5257065e-17  1.1420445e-16  1.2159098e-16  -1.5978768e-16  1.8844035e-16  1.0000000   5.0687845e-16  -5.4999109e-16  4.7262197e-16  1.2377070e-16  1.3344664e-17  2.6686094e-16  1.3203642e-16  -1.3854113e-16  -4.5604734e-16  -3.6921722e-16  2.6868371e-16  3.1691208e-17  -2.3025710e-16  6.8576742e-17  1.9844645e-16  1.5554953e-16  3.7626981e-16  -5.2847246e-17  -4.9880740e-16  -4.2538403e-16  2.2369501e-16  -4.5527590e-16  2.4514973e-17  4.2868475e-16  2.0647375e-16  9.5257065e-17  1.1420445e-16  1.2159098e-16  -1.5978768e-16  1.8844035e-16  1.0000000   5.0687845e-16  -5.4999109e-16  4.7262197e-16  1.2377070e-16  1.3344664e-17  2.6686094e-16  
2.1768942e-16  1.0630066e-16  -3.0641750e-16  -1.3410580e-16  1.9139992e-16  -4.2421021e-16  1.1710101e-16  -9.5064951e-17  -2.8125357e-16  6.9395547e-16  -2.5630288e-16  1.1201731e-16  1.8107456e-16  -3.6852311e-18  -1.0734354e-15  -4.6762056e-16  -6.9594877e-16  -2.4756451e-16  -1.2390420e-16  -1.9902368e-17  -2.2859968e-16  5.5587753e-16  -2.3183408e-16  -2.9326803e-16  5.0687845e-16  1.0000000   -2.6289270e-16  -1.3998579e-16  -6.9882242e-16  -6.6608987e-16  4.2955303e-16  2.1768942e-16  1.0630066e-16  -3.0641750e-16  -1.3410580e-16  1.9139992e-16  -4.2421021e-16  1.1710101e-16  -9.5064951e-17  -2.8125357e-16  6.9395547e-16  -2.5630288e-16  1.1201731e-16  1.8107456e-16  -3.6852311e-18  -1.0734354e-15  -4.6762056e-16  -6.9594877e-16  -2.4756451e-16  -1.2390420e-16  -1.9902368e-17  -2.2859968e-16  5.5587753e-16  -2.3183408e-16  -2.9326803e-16  5.0687845e-16  1.0000000   -2.6289270e-16  -1.3998579e-16  -6.9882242e-16  -6.6608987e-16  4.2955303e-16  
9.8375889e-17  -1.9455013e-16  6.7347405e-16  8.3263511e-17  9.8660188e-17  -2.7224383e-16  1.0169100e-16  -2.6792715e-16  -7.2259051e-17  -3.4979144e-17  -1.8081558e-16  4.2955575e-17  2.7221009e-16  -2.1522270e-16  -2.0945434e-16  -6.2901406e-16  -1.1883090e-16  -5.0587916e-16  5.4766358e-16  -1.5826797e-17  1.5534199e-16  1.4914866e-16  2.0914270e-16  -1.4924853e-16  -5.4999109e-16  -2.6289270e-16  1.0000000   5.8299856e-16  -3.3086725e-17  -5.4744944e-16  3.5340403e-16  9.8375889e-17  -1.9455013e-16  6.7347405e-16  8.3263511e-17  9.8660188e-17  -2.7224383e-16  1.0169100e-16  -2.6792715e-16  -7.2259051e-17  -3.4979144e-17  -1.8081558e-16  4.2955575e-17  2.7221009e-16  -2.1522270e-16  -2.0945434e-16  -6.2901406e-16  -1.1883090e-16  -5.0587916e-16  5.4766358e-16  -1.5826797e-17  1.5534199e-16  1.4914866e-16  2.0914270e-16  -1.4924853e-16  -5.4999109e-16  -2.6289270e-16  1.0000000   5.8299856e-16  -3.3086725e-17  -5.4744944e-16  3.5340403e-16  
3.2209499e-16  3.5140817e-16  1.0644795e-16  -2.1433790e-16  -5.9751676e-16  6.8431107e-16  -3.8307704e-16  -4.1761808e-16  -9.3059581e-17  -4.3727320e-16  3.6448251e-16  -1.2257749e-16  3.0465410e-16  -4.0824400e-16  7.9285733e-16  8.6766195e-17  -3.1864737e-16  3.1071507e-16  3.5703991e-16  -3.6100384e-16  -2.4567185e-17  4.3426544e-16  -2.8826557e-16  -5.1232982e-16  4.7262197e-16  -1.3998579e-16  5.8299856e-16  1.0000000   -3.5334111e-16  1.5045012e-16  1.2844235e-16  3.2209499e-16  3.5140817e-16  1.0644795e-16  -2.1433790e-16  -5.9751676e-16  6.8431107e-16  -3.8307704e-16  -4.1761808e-16  -9.3059581e-17  -4.3727320e-16  3.6448251e-16  -1.2257749e-16  3.0465410e-16  -4.0824400e-16  7.9285733e-16  8.6766195e-17  -3.1864737e-16  3.1071507e-16  3.5703991e-16  -3.6100384e-16  -2.4567185e-17  4.3426544e-16  -2.8826557e-16  -5.1232982e-16  4.7262197e-16  -1.3998579e-16  5.8299856e-16  1.0000000   -3.5334111e-16  1.5045012e-16  1.2844235e-16  
4.1285946e-16  -1.7111641e-16  -7.4694027e-16  4.9758942e-16  -3.0425136e-16  7.1086687e-16  -1.1486569e-15  -6.8816689e-16  -2.1631290e-16  -2.6304476e-16  -3.1017099e-16  -8.2344540e-17  -2.8470977e-16  -3.2636017e-16  -6.4292875e-16  -1.4173926e-16  -2.3079816e-16  5.3124208e-16  2.7391868e-16  -4.8968531e-16  -7.7442037e-16  -5.0022386e-16  1.4105880e-16  2.4465483e-16  1.2377070e-16  -6.9882242e-16  -3.3086725e-17  -3.5334111e-16  1.0000000   1.4558229e-15  8.3541252e-16  4.1285946e-16  -1.7111641e-16  -7.4694027e-16  4.9758942e-16  -3.0425136e-16  7.1086687e-16  -1.1486569e-15  -6.8816689e-16  -2.1631290e-16  -2.6304476e-16  -3.1017099e-16  -8.2344540e-17  -2.8470977e-16  -3.2636017e-16  -6.4292875e-16  -1.4173926e-16  -2.3079816e-16  5.3124208e-16  2.7391868e-16  -4.8968531e-16  -7.7442037e-16  -5.0022386e-16  1.4105880e-16  2.4465483e-16  1.2377070e-16  -6.9882242e-16  -3.3086725e-17  -3.5334111e-16  1.0000000   1.4558229e-15  8.3541252e-16  
-3.6581514e-16  -1.1363873e-16  3.7316267e-16  2.5186509e-16  -1.2416468e-16  2.7632537e-16  3.0069496e-16  -2.8614766e-16  2.0974084e-16  -4.9173411e-16  1.1363730e-16  4.1711895e-16  6.3117095e-16  -4.8410803e-16  6.7094974e-16  4.0405275e-16  2.0640307e-16  4.4203749e-16  -5.2703308e-17  -3.1663389e-17  -4.6191863e-16  5.5480774e-17  -7.5763323e-16  2.3412387e-16  1.3344664e-17  -6.6608987e-16  -5.4744944e-16  1.5045012e-16  1.4558229e-15  1.0000000   -8.9095280e-17  -3.6581514e-16  -1.1363873e-16  3.7316267e-16  2.5186509e-16  -1.2416468e-16  2.7632537e-16  3.0069496e-16  -2.8614766e-16  2.0974084e-16  -4.9173411e-16  1.1363730e-16  4.1711895e-16  6.3117095e-16  -4.8410803e-16  6.7094974e-16  4.0405275e-16  2.0640307e-16  4.4203749e-16  -5.2703308e-17  -3.1663389e-17  -4.6191863e-16  5.5480774e-17  -7.5763323e-16  2.3412387e-16  1.3344664e-17  -6.6608987e-16  -5.4744944e-16  1.5045012e-16  1.4558229e-15  1.0000000   -8.9095280e-17  
2.6709390e-16  5.4357954e-16  5.2097932e-16  4.7839041e-16  -3.4541268e-16  -4.3992955e-16  -6.7994733e-16  3.5764676e-16  -5.2573591e-16  2.2827587e-16  3.9097760e-17  1.5407855e-16  -7.5881987e-16  1.0321755e-16  -5.0781917e-16  -7.1345951e-16  -6.0188523e-16  -1.8091022e-17  4.7657702e-16  2.5697815e-16  -6.7726807e-17  2.0129271e-16  -7.6146067e-16  -4.0395930e-16  2.6686094e-16  4.2955303e-16  3.5340403e-16  1.2844235e-16  8.3541252e-16  -8.9095280e-17  1.0000000   2.6709390e-16  5.4357954e-16  5.2097932e-16  4.7839041e-16  -3.4541268e-16  -4.3992955e-16  -6.7994733e-16  3.5764676e-16  -5.2573591e-16  2.2827587e-16  3.9097760e-17  1.5407855e-16  -7.5881987e-16  1.0321755e-16  -5.0781917e-16  -7.1345951e-16  -6.0188523e-16  -1.8091022e-17  4.7657702e-16  2.5697815e-16  -6.7726807e-17  2.0129271e-16  -7.6146067e-16  -4.0395930e-16  2.6686094e-16  4.2955303e-16  3.5340403e-16  1.2844235e-16  8.3541252e-16  -8.9095280e-17  1.0000000   
1.0000000   1.5034120e-16  3.8448488e-16  -8.5262343e-16  -3.8565823e-16  2.1188365e-17  -5.9873812e-16  -3.5831101e-16  2.1014181e-16  -2.7147417e-16  -3.7597576e-16  -2.1200460e-16  -6.5365860e-17  -3.5871994e-16  -1.1527172e-17  4.1798575e-17  5.7353130e-16  7.3801603e-17  -3.3871678e-16  -3.8961296e-16  -8.7838762e-16  3.4177283e-16  -4.3262142e-17  1.3278881e-16  1.3203642e-16  2.1768942e-16  9.8375889e-17  3.2209499e-16  4.1285946e-16  -3.6581514e-16  2.6709390e-16  1.0000000   1.5034120e-16  3.8448488e-16  -8.5262343e-16  -3.8565823e-16  2.1188365e-17  -5.9873812e-16  -3.5831101e-16  2.1014181e-16  -2.7147417e-16  -3.7597576e-16  -2.1200460e-16  -6.5365860e-17  -3.5871994e-16  -1.1527172e-17  4.1798575e-17  5.7353130e-16  7.3801603e-17  -3.3871678e-16  -3.8961296e-16  -8.7838762e-16  3.4177283e-16  -4.3262142e-17  1.3278881e-16  1.3203642e-16  2.1768942e-16  9.8375889e-17  3.2209499e-16  4.1285946e-16  -3.6581514e-16  2.6709390e-16  
1.5034120e-16  1.0000000   -3.9520106e-16  4.3313094e-16  3.1000195e-16  6.2945607e-16  7.4603146e-16  -1.0742264e-16  -1.5876092e-16  -1.2443130e-16  -3.3504611e-16  -1.5603056e-16  6.0956617e-17  1.7555109e-16  2.1765551e-16  -5.8254024e-16  2.8659484e-16  -6.4752770e-17  -9.4819585e-17  -7.7216798e-17  -2.2779777e-16  -6.2193021e-16  -2.4417880e-16  -1.9402477e-16  -1.3854113e-16  1.0630066e-16  -1.9455013e-16  3.5140817e-16  -1.7111641e-16  -1.1363873e-16  5.4357954e-16  1.5034120e-16  1.0000000   -3.9520106e-16  4.3313094e-16  3.1000195e-16  6.2945607e-16  7.4603146e-16  -1.0742264e-16  -1.5876092e-16  -1.2443130e-16  -3.3504611e-16  -1.5603056e-16  6.0956617e-17  1.7555109e-16  2.1765551e-16  -5.8254024e-16  2.8659484e-16  -6.4752770e-17  -9.4819585e-17  -7.7216798e-17  -2.2779777e-16  -6.2193021e-16  -2.4417880e-16  -1.9402477e-16  -1.3854113e-16  1.0630066e-16  -1.9455013e-16  3.5140817e-16  -1.7111641e-16  -1.1363873e-16  5.4357954e-16  
3.8448488e-16  -3.9520106e-16  1.0000000   5.3496990e-16  -1.5925047e-18  5.5466139e-16  -2.7079373e-16  -8.8521595e-16  1.6810792e-16  -5.7713596e-16  4.6227184e-16  1.6965385e-16  -5.9386603e-16  1.6712278e-16  -2.2293420e-16  5.5636907e-16  -2.4424999e-16  8.0115782e-16  -2.1694128e-16  -2.5713410e-16  6.0051625e-16  5.2014106e-16  1.6322420e-16  9.1059172e-17  -4.5604734e-16  -3.0641750e-16  6.7347405e-16  1.0644795e-16  -7.4694027e-16  3.7316267e-16  5.2097932e-16  3.8448488e-16  -3.9520106e-16  1.0000000   5.3496990e-16  -1.5925047e-18  5.5466139e-16  -2.7079373e-16  -8.8521595e-16  1.6810792e-16  -5.7713596e-16  4.6227184e-16  1.6965385e-16  -5.9386603e-16  1.6712278e-16  -2.2293420e-16  5.5636907e-16  -2.4424999e-16  8.0115782e-16  -2.1694128e-16  -2.5713410e-16  6.0051625e-16  5.2014106e-16  1.6322420e-16  9.1059172e-17  -4.5604734e-16  -3.0641750e-16  6.7347405e-16  1.0644795e-16  -7.4694027e-16  3.7316267e-16  5.2097932e-16  
-8.5262343e-16  4.3313094e-16  5.3496990e-16  1.0000000   2.6700957e-16  4.7676944e-16  -2.7817110e-16  -2.1464816e-16  -3.7346229e-16  -1.6110220e-16  -1.4591684e-16  8.8784390e-17  -2.0954370e-16  -2.2519435e-16  1.1951109e-16  -1.0889051e-17  5.7268492e-16  4.4063979e-16  -1.7831125e-16  6.4940296e-16  -4.3353724e-16  2.7692977e-16  -1.4459799e-16  -1.0500208e-16  -3.6921722e-16  -1.3410580e-16  8.3263511e-17  -2.1433790e-16  4.9758942e-16  2.5186509e-16  4.7839041e-16  -8.5262343e-16  4.3313094e-16  5.3496990e-16  1.0000000   2.6700957e-16  4.7676944e-16  -2.7817110e-16  -2.1464816e-16  -3.7346229e-16  -1.6110220e-16  -1.4591684e-16  8.8784390e-17  -2.0954370e-16  -2.2519435e-16  1.1951109e-16  -1.0889051e-17  5.7268492e-16  4.4063979e-16  -1.7831125e-16  6.4940296e-16  -4.3353724e-16  2.7692977e-16  -1.4459799e-16  -1.0500208e-16  -3.6921722e-16  -1.3410580e-16  8.3263511e-17  -2.1433790e-16  4.9758942e-16  2.5186509e-16  4.7839041e-16  
-3.8565823e-16  3.1000195e-16  -1.5925047e-18  2.6700957e-16  1.0000000   5.3024714e-16  -2.5413170e-17  -5.9273330e-17  -6.0267695e-17  8.3143225e-16  -1.0375683e-15  -3.5871766e-16  4.5760949e-16  3.0875458e-16  2.3772780e-16  -1.6507407e-16  -6.6811432e-16  6.0225267e-16  -4.6143270e-16  -1.5006192e-16  -6.4673959e-16  2.5968588e-16  -2.6401819e-16  2.0780150e-18  2.6868371e-16  1.9139992e-16  9.8660188e-17  -5.9751676e-16  -3.0425136e-16  -1.2416468e-16  -3.4541268e-16  -3.8565823e-16  3.1000195e-16  -1.5925047e-18  2.6700957e-16  1.0000000   5.3024714e-16  -2.5413170e-17  -5.9273330e-17  -6.0267695e-17  8.3143225e-16  -1.0375683e-15  -3.5871766e-16  4.5760949e-16  3.0875458e-16  2.3772780e-16  -1.6507407e-16  -6.6811432e-16  6.0225267e-16  -4.6143270e-16  -1.5006192e-16  -6.4673959e-16  2.5968588e-16  -2.6401819e-16  2.0780150e-18  2.6868371e-16  1.9139992e-16  9.8660188e-17  -5.9751676e-16  -3.0425136e-16  -1.2416468e-16  -3.4541268e-16  
2.1188365e-17  6.2945607e-16  5.5466139e-16  4.7676944e-16  5.3024714e-16  1.0000000   -2.9049905e-16  -4.5755943e-16  -6.6827555e-16  -4.7156468e-16  -5.0033413e-16  -3.1481058e-16  -4.2956689e-16  1.8138632e-17  3.5244937e-16  -1.3830347e-16  -1.3742801e-16  5.0495127e-16  -9.0218439e-17  -1.3209803e-16  -5.5491092e-16  -1.4639947e-16  3.2289410e-16  -9.8093289e-16  3.1691208e-17  -4.2421021e-16  -2.7224383e-16  6.8431107e-16  7.1086687e-16  2.7632537e-16  -4.3992955e-16  2.1188365e-17  6.2945607e-16  5.5466139e-16  4.7676944e-16  5.3024714e-16  1.0000000   -2.9049905e-16  -4.5755943e-16  -6.6827555e-16  -4.7156468e-16  -5.0033413e-16  -3.1481058e-16  -4.2956689e-16  1.8138632e-17  3.5244937e-16  -1.3830347e-16  -1.3742801e-16  5.0495127e-16  -9.0218439e-17  -1.3209803e-16  -5.5491092e-16  -1.4639947e-16  3.2289410e-16  -9.8093289e-16  3.1691208e-17  -4.2421021e-16  -2.7224383e-16  6.8431107e-16  7.1086687e-16  2.7632537e-16  -4.3992955e-16  
-5.9873812e-16  7.4603146e-16  -2.7079373e-16  -2.7817110e-16  -2.5413170e-17  -2.9049905e-16  1.0000000   -1.9754287e-16  1.0523057e-16  1.6972502e-16  -2.9845130e-16  -1.3335475e-18  -3.1218938e-16  2.5208679e-17  -6.3703523e-16  2.3710120e-16  -2.8695369e-16  4.6078371e-17  -2.3489934e-16  -7.3010343e-16  -2.7533073e-16  -2.7097873e-16  -8.6172488e-17  2.1323506e-16  -2.3025710e-16  1.1710101e-16  1.0169100e-16  -3.8307704e-16  -1.1486569e-15  3.0069496e-16  -6.7994733e-16  -5.9873812e-16  7.4603146e-16  -2.7079373e-16  -2.7817110e-16  -2.5413170e-17  -2.9049905e-16  1.0000000   -1.9754287e-16  1.0523057e-16  1.6972502e-16  -2.9845130e-16  -1.3335475e-18  -3.1218938e-16  2.5208679e-17  -6.3703523e-16  2.3710120e-16  -2.8695369e-16  4.6078371e-17  -2.3489934e-16  -7.3010343e-16  -2.7533073e-16  -2.7097873e-16  -8.6172488e-17  2.1323506e-16  -2.3025710e-16  1.1710101e-16  1.0169100e-16  -3.8307704e-16  -1.1486569e-15  3.0069496e-16  -6.7994733e-16  
-3.5831101e-16  -1.0742264e-16  -8.8521595e-16  -2.1464816e-16  -5.9273330e-17  -4.5755943e-16  -1.9754287e-16  1.0000000   5.4603749e-16  9.1811132e-17  4.1583752e-16  1.0814596e-16  -6.2770479e-17  -4.0479609e-17  -1.6646929e-16  -2.2348527e-16  -1.4416419e-16  6.0467316e-17  -1.8494377e-16  9.1019652e-16  -2.2142815e-16  -3.1010026e-16  2.1121722e-16  1.0487115e-16  6.8576742e-17  -9.5064951e-17  -2.6792715e-16  -4.1761808e-16  -6.8816689e-16  -2.8614766e-16  3.5764676e-16  -3.5831101e-16  -1.0742264e-16  -8.8521595e-16  -2.1464816e-16  -5.9273330e-17  -4.5755943e-16  -1.9754287e-16  1.0000000   5.4603749e-16  9.1811132e-17  4.1583752e-16  1.0814596e-16  -6.2770479e-17  -4.0479609e-17  -1.6646929e-16  -2.2348527e-16  -1.4416419e-16  6.0467316e-17  -1.8494377e-16  9.1019652e-16  -2.2142815e-16  -3.1010026e-16  2.1121722e-16  1.0487115e-16  6.8576742e-17  -9.5064951e-17  -2.6792715e-16  -4.1761808e-16  -6.8816689e-16  -2.8614766e-16  3.5764676e-16  
2.1014181e-16  -1.5876092e-16  1.6810792e-16  -3.7346229e-16  -6.0267695e-17  -6.6827555e-16  1.0523057e-16  5.4603749e-16  1.0000000   -2.4463659e-16  -6.2266598e-16  -1.2890740e-15  2.6944346e-16  3.1436396e-16  -1.7404841e-16  1.2532846e-15  1.5431745e-16  4.5541843e-16  3.6854530e-16  4.0127822e-16  -2.2332410e-16  -2.5057921e-16  3.5141435e-16  -4.9691607e-16  1.9844645e-16  -2.8125357e-16  -7.2259051e-17  -9.3059581e-17  -2.1631290e-16  2.0974084e-16  -5.2573591e-16  2.1014181e-16  -1.5876092e-16  1.6810792e-16  -3.7346229e-16  -6.0267695e-17  -6.6827555e-16  1.0523057e-16  5.4603749e-16  1.0000000   -2.4463659e-16  -6.2266598e-16  -1.2890740e-15  2.6944346e-16  3.1436396e-16  -1.7404841e-16  1.2532846e-15  1.5431745e-16  4.5541843e-16  3.6854530e-16  4.0127822e-16  -2.2332410e-16  -2.5057921e-16  3.5141435e-16  -4.9691607e-16  1.9844645e-16  -2.8125357e-16  -7.2259051e-17  -9.3059581e-17  -2.1631290e-16  2.0974084e-16  -5.2573591e-16  
-2.7147417e-16  -1.2443130e-16  -5.7713596e-16  -1.6110220e-16  8.3143225e-16  -4.7156468e-16  1.6972502e-16  9.1811132e-17  -2.4463659e-16  1.0000000   -9.6820676e-16  -1.0335940e-16  3.2565072e-16  5.4283148e-16  -6.0087330e-16  -1.1995732e-17  -1.2436059e-16  -5.7794033e-16  8.4628688e-16  -5.4853536e-16  9.5657682e-16  5.0067687e-16  -5.9065300e-16  -1.0895489e-15  1.5554953e-16  6.9395547e-16  -3.4979144e-17  -4.3727320e-16  -2.6304476e-16  -4.9173411e-16  2.2827587e-16  -2.7147417e-16  -1.2443130e-16  -5.7713596e-16  -1.6110220e-16  8.3143225e-16  -4.7156468e-16  1.6972502e-16  9.1811132e-17  -2.4463659e-16  1.0000000   -9.6820676e-16  -1.0335940e-16  3.2565072e-16  5.4283148e-16  -6.0087330e-16  -1.1995732e-17  -1.2436059e-16  -5.7794033e-16  8.4628688e-16  -5.4853536e-16  9.5657682e-16  5.0067687e-16  -5.9065300e-16  -1.0895489e-15  1.5554953e-16  6.9395547e-16  -3.4979144e-17  -4.3727320e-16  -2.6304476e-16  -4.9173411e-16  2.2827587e-16  
