1.0000000   1.7530574e-16  2.2220403e-16  2.1951600e-16  6.2992872e-17  4.6065932e-16  7.1650653e-16  -1.1537583e-16  5.2599588e-19  -1.1387194e-16  5.8019921e-16  -2.9811734e-16  1.5102683e-16  1.9921657e-16  -8.0656564e-17  -7.2726899e-16  -8.7252502e-17  -3.5321884e-16  4.5787209e-16  -2.9971989e-16  9.6004526e-17  1.2020312e-16  9.0974115e-17  -3.4129088e-16  1.2204506e-16  -1.1154123e-16  1.0793680e-16  2.1569291e-16  -1.5725550e-16  -6.4317299e-16  5.0144508e-16  1.0000000   1.7530574e-16  2.2220403e-16  2.1951600e-16  6.2992872e-17  4.6065932e-16  7.1650653e-16  -1.1537583e-16  5.2599588e-19  -1.1387194e-16  5.8019921e-16  -2.9811734e-16  1.5102683e-16  1.9921657e-16  -8.0656564e-17  -7.2726899e-16  -8.7252502e-17  -3.5321884e-16  4.5787209e-16  -2.9971989e-16  9.6004526e-17  1.2020312e-16  9.0974115e-17  -3.4129088e-16  1.2204506e-16  -1.1154123e-16  1.0793680e-16  2.1569291e-16  -1.5725550e-16  -6.4317299e-16  5.0144508e-16  
1.7530574e-16  1.0000000   -2.8927996e-16  -1.6425763e-16  2.4743245e-16  -3.5222600e-16  -1.3483500e-16  -9.3511725e-16  6.2555911e-17  1.8702199e-17  1.0649167e-15  -3.8576567e-16  3.8194363e-16  3.7577728e-16  6.1678779e-16  7.6185816e-17  9.3251316e-17  -3.4778452e-17  2.1912653e-16  5.6383786e-16  3.8497383e-16  1.1013658e-16  6.7914139e-16  -6.0281953e-18  -3.1785130e-16  -7.3662923e-16  -7.7702397e-16  -2.4182417e-16  4.1189788e-16  4.7366003e-16  8.2016653e-16  1.7530574e-16  1.0000000   -2.8927996e-16  -1.6425763e-16  2.4743245e-16  -3.5222600e-16  -1.3483500e-16  -9.3511725e-16  6.2555911e-17  1.8702199e-17  1.0649167e-15  -3.8576567e-16  3.8194363e-16  3.7577728e-16  6.1678779e-16  7.6185816e-17  9.3251316e-17  -3.4778452e-17  2.1912653e-16  5.6383786e-16  3.8497383e-16  1.1013658e-16  6.7914139e-16  -6.0281953e-18  -3.1785130e-16  -7.3662923e-16  -7.7702397e-16  -2.4182417e-16  4.1189788e-16  4.7366003e-16  8.2016653e-16  
2.2220403e-16  -2.8927996e-16  1.0000000   -4.2466729e-16  -4.5396491e-16  1.5418798e-16  -1.4022109e-16  3.2551144e-16  -1.7384125e-16  3.9419060e-16  -2.7378964e-16  -7.9208087e-16  -1.1514642e-16  1.0960388e-16  2.8286186e-19  -3.3820955e-17  -5.1094380e-16  -7.5852240e-17  -5.1670783e-17  1.3817091e-16  3.9007684e-16  -1.4912056e-16  5.7728147e-16  -1.2722290e-16  -2.0781633e-16  7.9890545e-17  4.9684014e-16  -5.2781809e-16  -3.8399498e-17  2.8762812e-17  -7.3982188e-16  2.2220403e-16  -2.8927996e-16  1.0000000   -4.2466729e-16  -4.5396491e-16  1.5418798e-16  -1.4022109e-16  3.2551144e-16  -1.7384125e-16  3.9419060e-16  -2.7378964e-16  -7.9208087e-16  -1.1514642e-16  1.0960388e-16  2.8286186e-19  -3.3820955e-17  -5.1094380e-16  -7.5852240e-17  -5.1670783e-17  1.3817091e-16  3.9007684e-16  -1.4912056e-16  5.7728147e-16  -1.2722290e-16  -2.0781633e-16  7.9890545e-17  4.9684014e-16  -5.2781809e-16  -3.8399498e-17  2.8762812e-17  -7.3982188e-16  
2.1951600e-16  -1.6425763e-16  -4.2466729e-16  1.0000000   -5.4232436e-16  1.8624623e-16  -7.9684073e-16  -1.2820762e-16  3.0186388e-16  -8.3263327e-16  1.2297938e-16  -6.0413672e-16  -1.5396108e-16  -2.7055986e-16  3.2023296e-16  3.8095355e-16  1.0789930e-16  -6.0801910e-16  1.9800269e-16  5.6707919e-16  -2.8601777e-16  -2.2184196e-17  5.8757429e-16  -1.9477077e-16  -2.5146336e-16  -9.5210811e-17  -3.2642297e-16  5.1188076e-16  -4.8792864e-16  -1.9386061e-16  -4.5494719e-17  2.1951600e-16  -1.6425763e-16  -4.2466729e-16  1.0000000   -5.4232436e-16  1.8624623e-16  -7.9684073e-16  -1.2820762e-16  3.0186388e-16  -8.3263327e-16  1.2297938e-16  -6.0413672e-16  -1.5396108e-16  -2.7055986e-16  3.2023296e-16  3.8095355e-16  1.0789930e-16  -6.0801910e-16  1.9800269e-16  5.6707919e-16  -2.8601777e-16  -2.2184196e-17  5.8757429e-16  -1.9477077e-16  -2.5146336e-16  -9.5210811e-17  -3.2642297e-16  5.1188076e-16  -4.8792864e-16  -1.9386061e-16  -4.5494719e-17  
6.2992872e-17  2.4743245e-16  -4.5396491e-16  -5.4232436e-16  1.0000000   -1.4894200e-16  2.1989517e-16  6.4159905e-16  -6.5355166e-16  -4.6699242e-18  -1.7591647e-16  -3.8143647e-17  1.0214265e-16  4.5734754e-16  9.7878555e-17  2.8691996e-16  -2.5512346e-16  -1.8294303e-16  -1.7916134e-16  -5.0777432e-16  1.6742736e-16  -4.0409795e-16  3.1243885e-16  4.4785974e-17  -2.2412503e-16  -2.6239473e-17  1.1691017e-15  -4.6232654e-16  4.6259877e-17  8.4732984e-16  4.7274382e-16  6.2992872e-17  2.4743245e-16  -4.5396491e-16  -5.4232436e-16  1.0000000   -1.4894200e-16  2.1989517e-16  6.4159905e-16  -6.5355166e-16  -4.6699242e-18  -1.7591647e-16  -3.8143647e-17  1.0214265e-16  4.5734754e-16  9.7878555e-17  2.8691996e-16  -2.5512346e-16  -1.8294303e-16  -1.7916134e-16  -5.0777432e-16  1.6742736e-16  -4.0409795e-16  3.1243885e-16  4.4785974e-17  -2.2412503e-16  -2.6239473e-17  1.1691017e-15  -4.6232654e-16  4.6259877e-17  8.4732984e-16  4.7274382e-16  
4.6065932e-16  -3.5222600e-16  1.5418798e-16  1.8624623e-16  -1.4894200e-16  1.0000000   1.4349508e-16  -4.8630616e-16  -1.9006101e-16  -4.3984603e-16  9.0730205e-17  1.3490666e-16  4.7745586e-16  3.4928903e-16  5.3159841e-17  -5.7113003e-16  -8.3969210e-17  -4.1295516e-16  5.2769285e-16  7.3698719e-16  -1.0939690e-16  1.6153685e-16  7.0553977e-16  -3.5875453e-17  2.6410539e-16  3.5390738e-16  -3.8988289e-16  -1.0865956e-15  -5.7183498e-16  -8.8080071e-16  -2.9877006e-16  4.6065932e-16  -3.5222600e-16  1.5418798e-16  1.8624623e-16  -1.4894200e-16  1.0000000   1.4349508e-16  -4.8630616e-16  -1.9006101e-16  -4.3984603e-16  9.0730205e-17  1.3490666e-16  4.7745586e-16  3.4928903e-16  5.3159841e-17  -5.7113003e-16  -8.3969210e-17  -4.1295516e-16  5.2769285e-16  7.3698719e-16  -1.0939690e-16  1.6153685e-16  7.0553977e-16  -3.5875453e-17  2.6410539e-16  3.5390738e-16  -3.8988289e-16  -1.0865956e-15  -5.7183498e-16  -8.8080071e-16  -2.9877006e-16  
7.1650653e-16  -1.3483500e-16  -1.4022109e-16  -7.9684073e-16  2.1989517e-16  1.4349508e-16  1.0000000   2.4900701e-17  -3.3419968e-16  -1.7094897e-16  1.6496149e-16  3.9492152e-16  -1.0281112e-16  -3.4005684e-16  1.5215937e-16  6.4086703e-16  -1.1131668e-16  -3.3901940e-16  2.5944993e-16  -1.1079049e-16  3.3570199e-16  -3.1542085e-16  -9.6473612e-17  1.8047911e-17  3.4422363e-16  -2.9071324e-16  4.7332744e-16  2.6251211e-16  -5.1238925e-18  1.2237444e-16  -6.2426280e-16  7.1650653e-16  -1.3483500e-16  -1.4022109e-16  -7.9684073e-16  2.1989517e-16  1.4349508e-16  1.0000000   2.4900701e-17  -3.3419968e-16  -1.7094897e-16  1.6496149e-16  3.9492152e-16  -1.0281112e-16  -3.4005684e-16  1.5215937e-16  6.4086703e-16  -1.1131668e-16  -3.3901940e-16  2.5944993e-16  -1.1079049e-16  3.3570199e-16  -3.1542085e-16  -9.6473612e-17  1.8047911e-17  3.4422363e-16  -2.9071324e-16  4.7332744e-16  2.6251211e-16  -5.1238925e-18  1.2237444e-16  -6.2426280e-16  
-1.1537583e-16  -9.3511725e-16  3.2551144e-16  -1.2820762e-16  6.4159905e-16  -4.8630616e-16  2.4900701e-17  1.0000000   9.3832307e-16  -7.6626196e-16  7.5532203e-16  5.8750917e-16  3.0271604e-16  -1.5675744e-16  3.1444066e-16  -2.9782471e-16  -3.5224749e-16  -8.7252619e-17  5.7657441e-16  7.0932341e-16  8.6861035e-17  -2.2629233e-16  -2.9603316e-16  1.8788813e-16  1.3233813e-16  -4.0864266e-16  1.6088648e-16  1.0656716e-16  -2.5040122e-16  3.1176901e-18  2.7502059e-16  -1.1537583e-16  -9.3511725e-16  3.2551144e-16  -1.2820762e-16  6.4159905e-16  -4.8630616e-16  2.4900701e-17  1.0000000   9.3832307e-16  -7.6626196e-16  7.5532203e-16  5.8750917e-16  3.0271604e-16  -1.5675744e-16  3.1444066e-16  -2.9782471e-16  -3.5224749e-16  -8.7252619e-17  5.7657441e-16  7.0932341e-16  8.6861035e-17  -2.2629233e-16  -2.9603316e-16  1.8788813e-16  1.3233813e-16  -4.0864266e-16  1.6088648e-16  1.0656716e-16  -2.5040122e-16  3.1176901e-18  2.7502059e-16  
5.2599588e-19  6.2555911e-17  -1.7384125e-16  3.0186388e-16  -6.5355166e-16  -1.9006101e-16  -3.3419968e-16  9.3832307e-16  1.0000000   4.1215567e-16  6.0531890e-16  4.9445897e-16  -3.5770044e-16  -5.2579159e-16  3.2577711e-17  6.4052036e-17  1.8139726e-16  -5.9317852e-16  2.4853291e-16  -4.0284805e-16  -3.2587111e-16  2.9972457e-16  -1.9229004e-17  -3.7509510e-16  2.2265725e-16  -3.4342299e-16  1.1012896e-17  3.8777357e-16  2.9877438e-16  -2.0798740e-16  5.7920736e-16  5.2599588e-19  6.2555911e-17  -1.7384125e-16  3.0186388e-16  -6.5355166e-16  -1.9006101e-16  -3.3419968e-16  9.3832307e-16  1.0000000   4.1215567e-16  6.0531890e-16  4.9445897e-16  -3.5770044e-16  -5.2579159e-16  3.2577711e-17  6.4052036e-17  1.8139726e-16  -5.9317852e-16  2.4853291e-16  -4.0284805e-16  -3.2587111e-16  2.9972457e-16  -1.9229004e-17  -3.7509510e-16  2.2265725e-16  -3.4342299e-16  1.1012896e-17  3.8777357e-16  2.9877438e-16  -2.0798740e-16  5.7920736e-16  
-1.1387194e-16  1.8702199e-17  3.9419060e-16  -8.3263327e-16  -4.6699242e-18  -4.3984603e-16  -1.7094897e-16  -7.6626196e-16  4.1215567e-16  1.0000000   1.0245642e-16  4.7411955e-16  4.3696564e-17  9.5671745e-16  1.5494260e-16  -1.1515678e-16  -1.1299823e-16  3.0036891e-16  6.8466335e-16  2.2559923e-16  6.5573756e-16  -1.1187258e-16  8.4121912e-17  1.8702788e-16  -3.5674502e-17  -9.0557040e-17  2.6075573e-16  2.1100443e-16  3.9175919e-16  3.7303749e-16  3.9772859e-16  -1.1387194e-16  1.8702199e-17  3.9419060e-16  -8.3263327e-16  -4.6699242e-18  -4.3984603e-16  -1.7094897e-16  -7.6626196e-16  4.1215567e-16  1.0000000   1.0245642e-16  4.7411955e-16  4.3696564e-17  9.5671745e-16  1.5494260e-16  -1.1515678e-16  -1.1299823e-16  3.0036891e-16  6.8466335e-16  2.2559923e-16  6.5573756e-16  -1.1187258e-16  8.4121912e-17  1.8702788e-16  -3.5674502e-17  -9.0557040e-17  2.6075573e-16  2.1100443e-16  3.9175919e-16  3.7303749e-16  3.9772859e-16  
5.8019921e-16  1.0649167e-15  -2.7378964e-16  1.2297938e-16  -1.7591647e-16  9.0730205e-17  1.6496149e-16  7.5532203e-16  6.0531890e-16  1.0245642e-16  1.0000000   1.8005882e-16  -5.8791656e-16  6.4589111e-16  -2.7550529e-16  -1.4680736e-16  1.9186097e-16  1.4205407e-16  3.5663213e-16  -3.3533077e-16  -1.8977858e-16  1.8447950e-16  3.6248339e-16  7.3716306e-17  1.0594041e-18  -8.3399691e-17  1.8222304e-16  9.0839056e-17  2.0983152e-16  -9.6992045e-16  1.1928468e-16  5.8019921e-16  1.0649167e-15  -2.7378964e-16  1.2297938e-16  -1.7591647e-16  9.0730205e-17  1.6496149e-16  7.5532203e-16  6.0531890e-16  1.0245642e-16  1.0000000   1.8005882e-16  -5.8791656e-16  6.4589111e-16  -2.7550529e-16  -1.4680736e-16  1.9186097e-16  1.4205407e-16  3.5663213e-16  -3.3533077e-16  -1.8977858e-16  1.8447950e-16  3.6248339e-16  7.3716306e-17  1.0594041e-18  -8.3399691e-17  1.8222304e-16  9.0839056e-17  2.0983152e-16  -9.6992045e-16  1.1928468e-16  
-2.9811734e-16  -3.8576567e-16  -7.9208087e-16  -6.0413672e-16  -3.8143647e-17  1.3490666e-16  3.9492152e-16  5.8750917e-16  4.9445897e-16  4.7411955e-16  1.8005882e-16  1.0000000   -1.2781713e-16  1.1670809e-16  8.8995763e-17  -2.1827277e-16  -6.0994340e-16  8.8935716e-16  6.1962586e-16  3.9239919e-16  -3.3541060e-16  -1.7114612e-16  1.2981888e-16  6.1743859e-16  2.8164416e-16  2.2342691e-16  -5.6571202e-16  -3.7509195e-16  -4.0354390e-17  -3.0130123e-16  -5.5590263e-16  -2.9811734e-16  -3.8576567e-16  -7.9208087e-16  -6.0413672e-16  -3.8143647e-17  1.3490666e-16  3.9492152e-16  5.8750917e-16  4.9445897e-16  4.7411955e-16  1.8005882e-16  1.0000000   -1.2781713e-16  1.1670809e-16  8.8995763e-17  -2.1827277e-16  -6.0994340e-16  8.8935716e-16  6.1962586e-16  3.9239919e-16  -3.3541060e-16  -1.7114612e-16  1.2981888e-16  6.1743859e-16  2.8164416e-16  2.2342691e-16  -5.6571202e-16  -3.7509195e-16  -4.0354390e-17  -3.0130123e-16  -5.5590263e-16  
1.5102683e-16  3.8194363e-16  -1.1514642e-16  -1.5396108e-16  1.0214265e-16  4.7745586e-16  -1.0281112e-16  3.0271604e-16  -3.5770044e-16  4.3696564e-17  -5.8791656e-16  -1.2781713e-16  1.0000000   -8.6777354e-16  -6.1288534e-16  -5.6347733e-16  -5.1388557e-16  1.9058300e-16  -2.6602405e-16  6.7735892e-16  3.0412206e-16  1.1679961e-16  -3.1916222e-16  -5.3965416e-16  5.8263947e-16  -1.1088782e-16  -2.9606279e-16  -5.6583669e-16  4.4878226e-16  -1.3142210e-16  -3.6298302e-17  1.5102683e-16  3.8194363e-16  -1.1514642e-16  -1.5396108e-16  1.0214265e-16  4.7745586e-16  -1.0281112e-16  3.0271604e-16  -3.5770044e-16  4.3696564e-17  -5.8791656e-16  -1.2781713e-16  1.0000000   -8.6777354e-16  -6.1288534e-16  -5.6347733e-16  -5.1388557e-16  1.9058300e-16  -2.6602405e-16  6.7735892e-16  3.0412206e-16  1.1679961e-16  -3.1916222e-16  -5.3965416e-16  5.8263947e-16  -1.1088782e-16  -2.9606279e-16  -5.6583669e-16  4.4878226e-16  -1.3142210e-16  -3.6298302e-17  
1.9921657e-16  3.7577728e-16  1.0960388e-16  -2.7055986e-16  4.5734754e-16  3.4928903e-16  -3.4005684e-16  -1.5675744e-16  -5.2579159e-16  9.5671745e-16  6.4589111e-16  1.1670809e-16  -8.6777354e-16  1.0000000   -1.6374632e-16  1.1369693e-16  -8.3850792e-17  2.8477092e-16  4.3027184e-16  -3.5514763e-17  2.7447199e-16  1.5702083e-16  -4.8512762e-16  3.7725238e-16  5.0557882e-16  -1.1582436e-16  -2.1765798e-16  -8.4282641e-16  -1.1978772e-16  6.7967423e-16  3.4482093e-17  1.9921657e-16  3.7577728e-16  1.0960388e-16  -2.7055986e-16  4.5734754e-16  3.4928903e-16  -3.4005684e-16  -1.5675744e-16  -5.2579159e-16  9.5671745e-16  6.4589111e-16  1.1670809e-16  -8.6777354e-16  1.0000000   -1.6374632e-16  1.1369693e-16  -8.3850792e-17  2.8477092e-16  4.3027184e-16  -3.5514763e-17  2.7447199e-16  1.5702083e-16  -4.8512762e-16  3.7725238e-16  5.0557882e-16  -1.1582436e-16  -2.1765798e-16  -8.4282641e-16  -1.1978772e-16  6.7967423e-16  3.4482093e-17  
-8.0656564e-17  6.1678779e-16  2.8286186e-19  3.2023296e-16  9.7878555e-17  5.3159841e-17  1.5215937e-16  3.1444066e-16  3.2577711e-17  1.5494260e-16  -2.7550529e-16  8.8995763e-17  -6.1288534e-16  -1.6374632e-16  1.0000000   -4.7141903e-17  1.5065778e-17  -4.6315158e-16  -1.4514057e-16  2.6104807e-17  1.1102846e-16  1.9828511e-16  -6.5155171e-17  2.3103455e-16  1.7042750e-17  -4.4210764e-16  5.2069287e-17  2.6335624e-16  -3.2747578e-17  -1.6039070e-16  2.8925135e-16  -8.0656564e-17  6.1678779e-16  2.8286186e-19  3.2023296e-16  9.7878555e-17  5.3159841e-17  1.5215937e-16  3.1444066e-16  3.2577711e-17  1.5494260e-16  -2.7550529e-16  8.8995763e-17  -6.1288534e-16  -1.6374632e-16  1.0000000   -4.7141903e-17  1.5065778e-17  -4.6315158e-16  -1.4514057e-16  2.6104807e-17  1.1102846e-16  1.9828511e-16  -6.5155171e-17  2.3103455e-16  1.7042750e-17  -4.4210764e-16  5.2069287e-17  2.6335624e-16  -3.2747578e-17  -1.6039070e-16  2.8925135e-16  
-7.2726899e-16  7.6185816e-17  -3.3820955e-17  3.8095355e-16  2.8691996e-16  -5.7113003e-16  6.4086703e-16  -2.9782471e-16  6.4052036e-17  -1.1515678e-16  -1.4680736e-16  -2.1827277e-16  -5.6347733e-16  1.1369693e-16  -4.7141903e-17  1.0000000   -3.7708655e-16  2.9527569e-18  -3.2111385e-16  8.9892974e-16  1.2327661e-16  1.1109548e-17  6.9169048e-17  -3.3095207e-16  -2.0744441e-16  -1.8264610e-16  9.5601139e-16  1.2362703e-16  2.7050917e-16  2.7738375e-16  1.1240998e-16  -7.2726899e-16  7.6185816e-17  -3.3820955e-17  3.8095355e-16  2.8691996e-16  -5.7113003e-16  6.4086703e-16  -2.9782471e-16  6.4052036e-17  -1.1515678e-16  -1.4680736e-16  -2.1827277e-16  -5.6347733e-16  1.1369693e-16  -4.7141903e-17  1.0000000   -3.7708655e-16  2.9527569e-18  -3.2111385e-16  8.9892974e-16  1.2327661e-16  1.1109548e-17  6.9169048e-17  -3.3095207e-16  -2.0744441e-16  -1.8264610e-16  9.5601139e-16  1.2362703e-16  2.7050917e-16  2.7738375e-16  1.1240998e-16  
-8.7252502e-17  9.3251316e-17  -5.1094380e-16  1.0789930e-16  -2.5512346e-16  -8.3969210e-17  -1.1131668e-16  -3.5224749e-16  1.8139726e-16  -1.1299823e-16  1.9186097e-16  -6.0994340e-16  -5.1388557e-16  -8.3850792e-17  1.5065778e-17  -3.7708655e-16  1.0000000   -2.6776007e-16  6.0969439e-16  -7.3099506e-17  -4.8089819e-17  4.2612567e-17  -1.7355704e-16  2.2665285e-16  4.9445922e-16  5.0078002e-16  -1.0385780e-15  -5.3928564e-16  -1.5011586e-16  -1.8890959e-17  -1.1674822e-15  -8.7252502e-17  9.3251316e-17  -5.1094380e-16  1.0789930e-16  -2.5512346e-16  -8.3969210e-17  -1.1131668e-16  -3.5224749e-16  1.8139726e-16  -1.1299823e-16  1.9186097e-16  -6.0994340e-16  -5.1388557e-16  -8.3850792e-17  1.5065778e-17  -3.7708655e-16  1.0000000   -2.6776007e-16  6.0969439e-16  -7.3099506e-17  -4.8089819e-17  4.2612567e-17  -1.7355704e-16  2.2665285e-16  4.9445922e-16  5.0078002e-16  -1.0385780e-15  -5.3928564e-16  -1.5011586e-16  -1.8890959e-17  -1.1674822e-15  
-3.5321884e-16  -3.4778452e-17  -7.5852240e-17  -6.0801910e-16  -1.8294303e-16  -4.1295516e-16  -3.3901940e-16  -8.7252619e-17  -5.9317852e-16  3.0036891e-16  1.4205407e-16  8.8935716e-16  1.9058300e-16  2.8477092e-16  -4.6315158e-16  2.9527569e-18  -2.6776007e-16  1.0000000   -5.4002523e-17  1.8216914e-16  -7.8219940e-16  -4.0198426e-16  -1.1035800e-16  2.4750631e-16  -7.4589169e-17  3.1270793e-16  3.6901165e-16  2.2742241e-16  1.2609402e-16  1.0307829e-15  7.7191526e-16  -3.5321884e-16  -3.4778452e-17  -7.5852240e-17  -6.0801910e-16  -1.8294303e-16  -4.1295516e-16  -3.3901940e-16  -8.7252619e-17  -5.9317852e-16  3.0036891e-16  1.4205407e-16  8.8935716e-16  1.9058300e-16  2.8477092e-16  -4.6315158e-16  2.9527569e-18  -2.6776007e-16  1.0000000   -5.4002523e-17  1.8216914e-16  -7.8219940e-16  -4.0198426e-16  -1.1035800e-16  2.4750631e-16  -7.4589169e-17  3.1270793e-16  3.6901165e-16  2.2742241e-16  1.2609402e-16  1.0307829e-15  7.7191526e-16  
4.5787209e-16  2.1912653e-16  -5.1670783e-17  1.9800269e-16  -1.7916134e-16  5.2769285e-16  2.5944993e-16  5.7657441e-16  2.4853291e-16  6.8466335e-16  3.5663213e-16  6.1962586e-16  -2.6602405e-16  4.3027184e-16  -1.4514057e-16  -3.2111385e-16  6.0969439e-16  -5.4002523e-17  1.0000000   -4.7232916e-16  4.5775994e-16  2.4211541e-16  -4.4517500e-16  -1.0329866e-16  6.5062209e-17  2.7171378e-17  -4.0428768e-16  1.2919270e-16  -3.5021680e-16  -3.8396688e-16  -1.0294870e-15  4.5787209e-16  2.1912653e-16  -5.1670783e-17  1.9800269e-16  -1.7916134e-16  5.2769285e-16  2.5944993e-16  5.7657441e-16  2.4853291e-16  6.8466335e-16  3.5663213e-16  6.1962586e-16  -2.6602405e-16  4.3027184e-16  -1.4514057e-16  -3.2111385e-16  6.0969439e-16  -5.4002523e-17  1.0000000   -4.7232916e-16  4.5775994e-16  2.4211541e-16  -4.4517500e-16  -1.0329866e-16  6.5062209e-17  2.7171378e-17  -4.0428768e-16  1.2919270e-16  -3.5021680e-16  -3.8396688e-16  -1.0294870e-15  
-2.9971989e-16  5.6383786e-16  1.3817091e-16  5.6707919e-16  -5.0777432e-16  7.3698719e-16  -1.1079049e-16  7.0932341e-16  -4.0284805e-16  2.2559923e-16  -3.3533077e-16  3.9239919e-16  6.7735892e-16  -3.5514763e-17  2.6104807e-17  8.9892974e-16  -7.3099506e-17  1.8216914e-16  -4.7232916e-16  1.0000000   -5.3997501e-16  5.0164338e-16  1.1815894e-16  -2.3279612e-17  -3.1994592e-16  -2.3638169e-16  7.0576631e-16  7.3570595e-16  -9.7387504e-17  1.0562863e-15  1.2644432e-15  -2.9971989e-16  5.6383786e-16  1.3817091e-16  5.6707919e-16  -5.0777432e-16  7.3698719e-16  -1.1079049e-16  7.0932341e-16  -4.0284805e-16  2.2559923e-16  -3.3533077e-16  3.9239919e-16  6.7735892e-16  -3.5514763e-17  2.6104807e-17  8.9892974e-16  -7.3099506e-17  1.8216914e-16  -4.7232916e-16  1.0000000   -5.3997501e-16  5.0164338e-16  1.1815894e-16  -2.3279612e-17  -3.1994592e-16  -2.3638169e-16  7.0576631e-16  7.3570595e-16  -9.7387504e-17  1.0562863e-15  1.2644432e-15  
9.6004526e-17  3.8497383e-16  3.9007684e-16  -2.8601777e-16  1.6742736e-16  -1.0939690e-16  3.3570199e-16  8.6861035e-17  -3.2587111e-16  6.5573756e-16  -1.8977858e-16  -3.3541060e-16  3.0412206e-16  2.7447199e-16  1.1102846e-16  1.2327661e-16  -4.8089819e-17  -7.8219940e-16  4.5775994e-16  -5.3997501e-16  1.0000000   -1.9484337e-16  -3.1262047e-16  1.5306114e-16  -2.0881046e-16  9.6560194e-16  -1.7931770e-17  3.7245336e-16  -1.3019031e-16  -1.2647766e-16  -2.7871486e-16  9.6004526e-17  3.8497383e-16  3.9007684e-16  -2.8601777e-16  1.6742736e-16  -1.0939690e-16  3.3570199e-16  8.6861035e-17  -3.2587111e-16  6.5573756e-16  -1.8977858e-16  -3.3541060e-16  3.0412206e-16  2.7447199e-16  1.1102846e-16  1.2327661e-16  -4.8089819e-17  -7.8219940e-16  4.5775994e-16  -5.3997501e-16  1.0000000   -1.9484337e-16  -3.1262047e-16  1.5306114e-16  -2.0881046e-16  9.6560194e-16  -1.7931770e-17  3.7245336e-16  -1.3019031e-16  -1.2647766e-16  -2.7871486e-16  
1.2020312e-16  1.1013658e-16  -1.4912056e-16  -2.2184196e-17  -4.0409795e-16  1.6153685e-16  -3.1542085e-16  -2.2629233e-16  2.9972457e-16  -1.1187258e-16  1.8447950e-16  -1.7114612e-16  1.1679961e-16  1.5702083e-16  1.9828511e-16  1.1109548e-17  4.2612567e-17  -4.0198426e-16  2.4211541e-16  5.0164338e-16  -1.9484337e-16  1.0000000   1.7188505e-16  9.6637711e-18  -3.3586212e-17  6.8735514e-16  -3.6576479e-17  1.6218102e-16  -4.4035109e-16  5.6223187e-16  -5.6131029e-16  1.2020312e-16  1.1013658e-16  -1.4912056e-16  -2.2184196e-17  -4.0409795e-16  1.6153685e-16  -3.1542085e-16  -2.2629233e-16  2.9972457e-16  -1.1187258e-16  1.8447950e-16  -1.7114612e-16  1.1679961e-16  1.5702083e-16  1.9828511e-16  1.1109548e-17  4.2612567e-17  -4.0198426e-16  2.4211541e-16  5.0164338e-16  -1.9484337e-16  1.0000000   1.7188505e-16  9.6637711e-18  -3.3586212e-17  6.8735514e-16  -3.6576479e-17  1.6218102e-16  -4.4035109e-16  5.6223187e-16  -5.6131029e-16  
9.0974115e-17  6.7914139e-16  5.7728147e-16  5.8757429e-16  3.1243885e-16  7.0553977e-16  -9.6473612e-17  -2.9603316e-16  -1.9229004e-17  8.4121912e-17  3.6248339e-16  1.2981888e-16  -3.1916222e-16  -4.8512762e-16  -6.5155171e-17  6.9169048e-17  -1.7355704e-16  -1.1035800e-16  -4.4517500e-16  1.1815894e-16  -3.1262047e-16  1.7188505e-16  1.0000000   -1.6549148e-16  2.1122241e-16  -1.8576762e-16  5.3315725e-17  4.6007225e-16  2.6181425e-16  -4.6026288e-17  5.2013886e-16  9.0974115e-17  6.7914139e-16  5.7728147e-16  5.8757429e-16  3.1243885e-16  7.0553977e-16  -9.6473612e-17  -2.9603316e-16  -1.9229004e-17  8.4121912e-17  3.6248339e-16  1.2981888e-16  -3.1916222e-16  -4.8512762e-16  -6.5155171e-17  6.9169048e-17  -1.7355704e-16  -1.1035800e-16  -4.4517500e-16  1.1815894e-16  -3.1262047e-16  1.7188505e-16  1.0000000   -1.6549148e-16  2.1122241e-16  -1.8576762e-16  5.3315725e-17  4.6007225e-16  2.6181425e-16  -4.6026288e-17  5.2013886e-16  
-3.4129088e-16  -6.0281953e-18  -1.2722290e-16  -1.9477077e-16  4.4785974e-17  -3.5875453e-17  1.8047911e-17  1.8788813e-16  -3.7509510e-16  1.8702788e-16  7.3716306e-17  6.1743859e-16  -5.3965416e-16  3.7725238e-16  2.3103455e-16  -3.3095207e-16  2.2665285e-16  2.4750631e-16  -1.0329866e-16  -2.3279612e-17  1.5306114e-16  9.6637711e-18  -1.6549148e-16  1.0000000   7.9254390e-16  -5.4246873e-17  -5.8430421e-16  -2.2493477e-16  -1.3739487e-16  -3.5529344e-16  2.9465387e-16  -3.4129088e-16  -6.0281953e-18  -1.2722290e-16  -1.9477077e-16  4.4785974e-17  -3.5875453e-17  1.8047911e-17  1.8788813e-16  -3.7509510e-16  1.8702788e-16  7.3716306e-17  6.1743859e-16  -5.3965416e-16  3.7725238e-16  2.3103455e-16  -3.3095207e-16  2.2665285e-16  2.4750631e-16  -1.0329866e-16  -2.3279612e-17  1.5306114e-16  9.6637711e-18  -1.6549148e-16  1.0000000   7.9254390e-16  -5.4246873e-17  -5.8430421e-16  -2.2493477e-16  -1.3739487e-16  -3.5529344e-16  2.9465387e-16  
1.2204506e-16  -3.1785130e-16  -2.0781633e-16  -2.5146336e-16  -2.2412503e-16  2.6410539e-16  3.4422363e-16  1.3233813e-16  2.2265725e-16  -3.5674502e-17  1.0594041e-18  2.8164416e-16  5.8263947e-16  5.0557882e-16  1.7042750e-17  -2.0744441e-16  4.9445922e-16  -7.4589169e-17  6.5062209e-17  -3.1994592e-16  -2.0881046e-16  -3.3586212e-17  2.1122241e-16  7.9254390e-16  1.0000000   8.8974918e-17  1.3990153e-16  -7.5739289e-17  -9.2064499e-16  4.1305938e-16  8.6974105e-16  1.2204506e-16  -3.1785130e-16  -2.0781633e-16  -2.5146336e-16  -2.2412503e-16  2.6410539e-16  3.4422363e-16  1.3233813e-16  2.2265725e-16  -3.5674502e-17  1.0594041e-18  2.8164416e-16  5.8263947e-16  5.0557882e-16  1.7042750e-17  -2.0744441e-16  4.9445922e-16  -7.4589169e-17  6.5062209e-17  -3.1994592e-16  -2.0881046e-16  -3.3586212e-17  2.1122241e-16  7.9254390e-16  1.0000000   8.8974918e-17  1.3990153e-16  -7.5739289e-17  -9.2064499e-16  4.1305938e-16  8.6974105e-16  
-1.1154123e-16  -7.3662923e-16  7.9890545e-17  -9.5210811e-17  -2.6239473e-17  3.5390738e-16  -2.9071324e-16  -4.0864266e-16  -3.4342299e-16  -9.0557040e-17  -8.3399691e-17  2.2342691e-16  -1.1088782e-16  -1.1582436e-16  -4.4210764e-16  -1.8264610e-16  5.0078002e-16  3.1270793e-16  2.7171378e-17  -2.3638169e-16  9.6560194e-16  6.8735514e-16  -1.8576762e-16  -5.4246873e-17  8.8974918e-17  1.0000000   -2.0422807e-16  -3.3281313e-16  -1.3926781e-16  -7.8771503e-17  1.7520748e-16  -1.1154123e-16  -7.3662923e-16  7.9890545e-17  -9.5210811e-17  -2.6239473e-17  3.5390738e-16  -2.9071324e-16  -4.0864266e-16  -3.4342299e-16  -9.0557040e-17  -8.3399691e-17  2.2342691e-16  -1.1088782e-16  -1.1582436e-16  -4.4210764e-16  -1.8264610e-16  5.0078002e-16  3.1270793e-16  2.7171378e-17  -2.3638169e-16  9.6560194e-16  6.8735514e-16  -1.8576762e-16  -5.4246873e-17  8.8974918e-17  1.0000000   -2.0422807e-16  -3.3281313e-16  -1.3926781e-16  -7.8771503e-17  1.7520748e-16  
1.0793680e-16  -7.7702397e-16  4.9684014e-16  -3.2642297e-16  1.1691017e-15  -3.8988289e-16  4.7332744e-16  1.6088648e-16  1.1012896e-17  2.6075573e-16  1.8222304e-16  -5.6571202e-16  -2.9606279e-16  -2.1765798e-16  5.2069287e-17  9.5601139e-16  -1.0385780e-15  3.6901165e-16  -4.0428768e-16  7.0576631e-16  -1.7931770e-17  -3.6576479e-17  5.3315725e-17  -5.8430421e-16  1.3990153e-16  -2.0422807e-16  1.0000000   -8.2234227e-16  6.0675347e-16  -3.7802210e-16  -3.7547925e-16  1.0793680e-16  -7.7702397e-16  4.9684014e-16  -3.2642297e-16  1.1691017e-15  -3.8988289e-16  4.7332744e-16  1.6088648e-16  1.1012896e-17  2.6075573e-16  1.8222304e-16  -5.6571202e-16  -2.9606279e-16  -2.1765798e-16  5.2069287e-17  9.5601139e-16  -1.0385780e-15  3.6901165e-16  -4.0428768e-16  7.0576631e-16  -1.7931770e-17  -3.6576479e-17  5.3315725e-17  -5.8430421e-16  1.3990153e-16  -2.0422807e-16  1.0000000   -8.2234227e-16  6.0675347e-16  -3.7802210e-16  -3.7547925e-16  
2.1569291e-16  -2.4182417e-16  -5.2781809e-16  5.1188076e-16  -4.6232654e-16  -1.0865956e-15  2.6251211e-16  1.0656716e-16  3.8777357e-16  2.1100443e-16  9.0839056e-17  -3.7509195e-16  -5.6583669e-16  -8.4282641e-16  2.6335624e-16  1.2362703e-16  -5.3928564e-16  2.2742241e-16  1.2919270e-16  7.3570595e-16  3.7245336e-16  1.6218102e-16  4.6007225e-16  -2.2493477e-16  -7.5739289e-17  -3.3281313e-16  -8.2234227e-16  1.0000000   7.6474630e-16  6.7018150e-16  5.9313648e-16  2.1569291e-16  -2.4182417e-16  -5.2781809e-16  5.1188076e-16  -4.6232654e-16  -1.0865956e-15  2.6251211e-16  1.0656716e-16  3.8777357e-16  2.1100443e-16  9.0839056e-17  -3.7509195e-16  -5.6583669e-16  -8.4282641e-16  2.6335624e-16  1.2362703e-16  -5.3928564e-16  2.2742241e-16  1.2919270e-16  7.3570595e-16  3.7245336e-16  1.6218102e-16  4.6007225e-16  -2.2493477e-16  -7.5739289e-17  -3.3281313e-16  -8.2234227e-16  1.0000000   7.6474630e-16  6.7018150e-16  5.9313648e-16  
-1.5725550e-16  4.1189788e-16  -3.8399498e-17  -4.8792864e-16  4.6259877e-17  -5.7183498e-16  -5.1238925e-18  -2.5040122e-16  2.9877438e-16  3.9175919e-16  2.0983152e-16  -4.0354390e-17  4.4878226e-16  -1.1978772e-16  -3.2747578e-17  2.7050917e-16  -1.5011586e-16  1.2609402e-16  -3.5021680e-16  -9.7387504e-17  -1.3019031e-16  -4.4035109e-16  2.6181425e-16  -1.3739487e-16  -9.2064499e-16  -1.3926781e-16  6.0675347e-16  7.6474630e-16  1.0000000   9.2591120e-16  -3.0999333e-16  -1.5725550e-16  4.1189788e-16  -3.8399498e-17  -4.8792864e-16  4.6259877e-17  -5.7183498e-16  -5.1238925e-18  -2.5040122e-16  2.9877438e-16  3.9175919e-16  2.0983152e-16  -4.0354390e-17  4.4878226e-16  -1.1978772e-16  -3.2747578e-17  2.7050917e-16  -1.5011586e-16  1.2609402e-16  -3.5021680e-16  -9.7387504e-17  -1.3019031e-16  -4.4035109e-16  2.6181425e-16  -1.3739487e-16  -9.2064499e-16  -1.3926781e-16  6.0675347e-16  7.6474630e-16  1.0000000   9.2591120e-16  -3.0999333e-16  
-6.4317299e-16  4.7366003e-16  2.8762812e-17  -1.9386061e-16  8.4732984e-16  -8.8080071e-16  1.2237444e-16  3.1176901e-18  -2.0798740e-16  3.7303749e-16  -9.6992045e-16  -3.0130123e-16  -1.3142210e-16  6.7967423e-16  -1.6039070e-16  2.7738375e-16  -1.8890959e-17  1.0307829e-15  -3.8396688e-16  1.0562863e-15  -1.2647766e-16  5.6223187e-16  -4.6026288e-17  -3.5529344e-16  4.1305938e-16  -7.8771503e-17  -3.7802210e-16  6.7018150e-16  9.2591120e-16  1.0000000   1.2034279e-17  -6.4317299e-16  4.7366003e-16  2.8762812e-17  -1.9386061e-16  8.4732984e-16  -8.8080071e-16  1.2237444e-16  3.1176901e-18  -2.0798740e-16  3.7303749e-16  -9.6992045e-16  -3.0130123e-16  -1.3142210e-16  6.7967423e-16  -1.6039070e-16  2.7738375e-16  -1.8890959e-17  1.0307829e-15  -3.8396688e-16  1.0562863e-15  -1.2647766e-16  5.6223187e-16  -4.6026288e-17  -3.5529344e-16  4.1305938e-16  -7.8771503e-17  -3.7802210e-16  6.7018150e-16  9.2591120e-16  1.0000000   1.2034279e-17  
5.0144508e-16  8.2016653e-16  -7.3982188e-16  -4.5494719e-17  4.7274382e-16  -2.9877006e-16  -6.2426280e-16  2.7502059e-16  5.7920736e-16  3.9772859e-16  1.1928468e-16  -5.5590263e-16  -3.6298302e-17  3.4482093e-17  2.8925135e-16  1.1240998e-16  -1.1674822e-15  7.7191526e-16  -1.0294870e-15  1.2644432e-15  -2.7871486e-16  -5.6131029e-16  5.2013886e-16  2.9465387e-16  8.6974105e-16  1.7520748e-16  -3.7547925e-16  5.9313648e-16  -3.0999333e-16  1.2034279e-17  1.0000000   5.0144508e-16  8.2016653e-16  -7.3982188e-16  -4.5494719e-17  4.7274382e-16  -2.9877006e-16  -6.2426280e-16  2.7502059e-16  5.7920736e-16  3.9772859e-16  1.1928468e-16  -5.5590263e-16  -3.6298302e-17  3.4482093e-17  2.8925135e-16  1.1240998e-16  -1.1674822e-15  7.7191526e-16  -1.0294870e-15  1.2644432e-15  -2.7871486e-16  -5.6131029e-16  5.2013886e-16  2.9465387e-16  8.6974105e-16  1.7520748e-16  -3.7547925e-16  5.9313648e-16  -3.0999333e-16  1.2034279e-17  1.0000000   
1.0000000   1.7530574e-16  2.2220403e-16  2.1951600e-16  6.2992872e-17  4.6065932e-16  7.1650653e-16  -1.1537583e-16  5.2599588e-19  -1.1387194e-16  5.8019921e-16  -2.9811734e-16  1.5102683e-16  1.9921657e-16  -8.0656564e-17  -7.2726899e-16  -8.7252502e-17  -3.5321884e-16  4.5787209e-16  -2.9971989e-16  9.6004526e-17  1.2020312e-16  9.0974115e-17  -3.4129088e-16  1.2204506e-16  -1.1154123e-16  1.0793680e-16  2.1569291e-16  -1.5725550e-16  -6.4317299e-16  5.0144508e-16  1.0000000   1.7530574e-16  2.2220403e-16  2.1951600e-16  6.2992872e-17  4.6065932e-16  7.1650653e-16  -1.1537583e-16  5.2599588e-19  -1.1387194e-16  5.8019921e-16  -2.9811734e-16  1.5102683e-16  1.9921657e-16  -8.0656564e-17  -7.2726899e-16  -8.7252502e-17  -3.5321884e-16  4.5787209e-16  -2.9971989e-16  9.6004526e-17  1.2020312e-16  9.0974115e-17  -3.4129088e-16  1.2204506e-16  -1.1154123e-16  1.0793680e-16  2.1569291e-16  -1.5725550e-16  -6.4317299e-16  5.0144508e-16  
1.7530574e-16  1.0000000   -2.8927996e-16  -1.6425763e-16  2.4743245e-16  -3.5222600e-16  -1.3483500e-16  -9.3511725e-16  6.2555911e-17  1.8702199e-17  1.0649167e-15  -3.8576567e-16  3.8194363e-16  3.7577728e-16  6.1678779e-16  7.6185816e-17  9.3251316e-17  -3.4778452e-17  2.1912653e-16  5.6383786e-16  3.8497383e-16  1.1013658e-16  6.7914139e-16  -6.0281953e-18  -3.1785130e-16  -7.3662923e-16  -7.7702397e-16  -2.4182417e-16  4.1189788e-16  4.7366003e-16  8.2016653e-16  1.7530574e-16  1.0000000   -2.8927996e-16  -1.6425763e-16  2.4743245e-16  -3.5222600e-16  -1.3483500e-16  -9.3511725e-16  6.2555911e-17  1.8702199e-17  1.0649167e-15  -3.8576567e-16  3.8194363e-16  3.7577728e-16  6.1678779e-16  7.6185816e-17  9.3251316e-17  -3.4778452e-17  2.1912653e-16  5.6383786e-16  3.8497383e-16  1.1013658e-16  6.7914139e-16  -6.0281953e-18  -3.1785130e-16  -7.3662923e-16  -7.7702397e-16  -2.4182417e-16  4.1189788e-16  4.7366003e-16  8.2016653e-16  
2.2220403e-16  -2.8927996e-16  1.0000000   -4.2466729e-16  -4.5396491e-16  1.5418798e-16  -1.4022109e-16  3.2551144e-16  -1.7384125e-16  3.9419060e-16  -2.7378964e-16  -7.9208087e-16  -1.1514642e-16  1.0960388e-16  2.8286186e-19  -3.3820955e-17  -5.1094380e-16  -7.5852240e-17  -5.1670783e-17  1.3817091e-16  3.9007684e-16  -1.4912056e-16  5.7728147e-16  -1.2722290e-16  -2.0781633e-16  7.9890545e-17  4.9684014e-16  -5.2781809e-16  -3.8399498e-17  2.8762812e-17  -7.3982188e-16  2.2220403e-16  -2.8927996e-16  1.0000000   -4.2466729e-16  -4.5396491e-16  1.5418798e-16  -1.4022109e-16  3.2551144e-16  -1.7384125e-16  3.9419060e-16  -2.7378964e-16  -7.9208087e-16  -1.1514642e-16  1.0960388e-16  2.8286186e-19  -3.3820955e-17  -5.1094380e-16  -7.5852240e-17  -5.1670783e-17  1.3817091e-16  3.9007684e-16  -1.4912056e-16  5.7728147e-16  -1.2722290e-16  -2.0781633e-16  7.9890545e-17  4.9684014e-16  -5.2781809e-16  -3.8399498e-17  2.8762812e-17  -7.3982188e-16  
2.1951600e-16  -1.6425763e-16  -4.2466729e-16  1.0000000   -5.4232436e-16  1.8624623e-16  -7.9684073e-16  -1.2820762e-16  3.0186388e-16  -8.3263327e-16  1.2297938e-16  -6.0413672e-16  -1.5396108e-16  -2.7055986e-16  3.2023296e-16  3.8095355e-16  1.0789930e-16  -6.0801910e-16  1.9800269e-16  5.6707919e-16  -2.8601777e-16  -2.2184196e-17  5.8757429e-16  -1.9477077e-16  -2.5146336e-16  -9.5210811e-17  -3.2642297e-16  5.1188076e-16  -4.8792864e-16  -1.9386061e-16  -4.5494719e-17  2.1951600e-16  -1.6425763e-16  -4.2466729e-16  1.0000000   -5.4232436e-16  1.8624623e-16  -7.9684073e-16  -1.2820762e-16  3.0186388e-16  -8.3263327e-16  1.2297938e-16  -6.0413672e-16  -1.5396108e-16  -2.7055986e-16  3.2023296e-16  3.8095355e-16  1.0789930e-16  -6.0801910e-16  1.9800269e-16  5.6707919e-16  -2.8601777e-16  -2.2184196e-17  5.8757429e-16  -1.9477077e-16  -2.5146336e-16  -9.5210811e-17  -3.2642297e-16  5.1188076e-16  -4.8792864e-16  -1.9386061e-16  -4.5494719e-17  
6.2992872e-17  2.4743245e-16  -4.5396491e-16  -5.4232436e-16  1.0000000   -1.4894200e-16  2.1989517e-16  6.4159905e-16  -6.5355166e-16  -4.6699242e-18  -1.7591647e-16  -3.8143647e-17  1.0214265e-16  4.5734754e-16  9.7878555e-17  2.8691996e-16  -2.5512346e-16  -1.8294303e-16  -1.7916134e-16  -5.0777432e-16  1.6742736e-16  -4.0409795e-16  3.1243885e-16  4.4785974e-17  -2.2412503e-16  -2.6239473e-17  1.1691017e-15  -4.6232654e-16  4.6259877e-17  8.4732984e-16  4.7274382e-16  6.2992872e-17  2.4743245e-16  -4.5396491e-16  -5.4232436e-16  1.0000000   -1.4894200e-16  2.1989517e-16  6.4159905e-16  -6.5355166e-16  -4.6699242e-18  -1.7591647e-16  -3.8143647e-17  1.0214265e-16  4.5734754e-16  9.7878555e-17  2.8691996e-16  -2.5512346e-16  -1.8294303e-16  -1.7916134e-16  -5.0777432e-16  1.6742736e-16  -4.0409795e-16  3.1243885e-16  4.4785974e-17  -2.2412503e-16  -2.6239473e-17  1.1691017e-15  -4.6232654e-16  4.6259877e-17  8.4732984e-16  4.7274382e-16  
4.6065932e-16  -3.5222600e-16  1.5418798e-16  1.8624623e-16  -1.4894200e-16  1.0000000   1.4349508e-16  -4.8630616e-16  -1.9006101e-16  -4.3984603e-16  9.0730205e-17  1.3490666e-16  4.7745586e-16  3.4928903e-16  5.3159841e-17  -5.7113003e-16  -8.3969210e-17  -4.1295516e-16  5.2769285e-16  7.3698719e-16  -1.0939690e-16  1.6153685e-16  7.0553977e-16  -3.5875453e-17  2.6410539e-16  3.5390738e-16  -3.8988289e-16  -1.0865956e-15  -5.7183498e-16  -8.8080071e-16  -2.9877006e-16  4.6065932e-16  -3.5222600e-16  1.5418798e-16  1.8624623e-16  -1.4894200e-16  1.0000000   1.4349508e-16  -4.8630616e-16  -1.9006101e-16  -4.3984603e-16  9.0730205e-17  1.3490666e-16  4.7745586e-16  3.4928903e-16  5.3159841e-17  -5.7113003e-16  -8.3969210e-17  -4.1295516e-16  5.2769285e-16  7.3698719e-16  -1.0939690e-16  1.6153685e-16  7.0553977e-16  -3.5875453e-17  2.6410539e-16  3.5390738e-16  -3.8988289e-16  -1.0865956e-15  -5.7183498e-16  -8.8080071e-16  -2.9877006e-16  
7.1650653e-16  -1.3483500e-16  -1.4022109e-16  -7.9684073e-16  2.1989517e-16  1.4349508e-16  1.0000000   2.4900701e-17  -3.3419968e-16  -1.7094897e-16  1.6496149e-16  3.9492152e-16  -1.0281112e-16  -3.4005684e-16  1.5215937e-16  6.4086703e-16  -1.1131668e-16  -3.3901940e-16  2.5944993e-16  -1.1079049e-16  3.3570199e-16  -3.1542085e-16  -9.6473612e-17  1.8047911e-17  3.4422363e-16  -2.9071324e-16  4.7332744e-16  2.6251211e-16  -5.1238925e-18  1.2237444e-16  -6.2426280e-16  7.1650653e-16  -1.3483500e-16  -1.4022109e-16  -7.9684073e-16  2.1989517e-16  1.4349508e-16  1.0000000   2.4900701e-17  -3.3419968e-16  -1.7094897e-16  1.6496149e-16  3.9492152e-16  -1.0281112e-16  -3.4005684e-16  1.5215937e-16  6.4086703e-16  -1.1131668e-16  -3.3901940e-16  2.5944993e-16  -1.1079049e-16  3.3570199e-16  -3.1542085e-16  -9.6473612e-17  1.8047911e-17  3.4422363e-16  -2.9071324e-16  4.7332744e-16  2.6251211e-16  -5.1238925e-18  1.2237444e-16  -6.2426280e-16  
-1.1537583e-16  -9.3511725e-16  3.2551144e-16  -1.2820762e-16  6.4159905e-16  -4.8630616e-16  2.4900701e-17  1.0000000   9.3832307e-16  -7.6626196e-16  7.5532203e-16  5.8750917e-16  3.0271604e-16  -1.5675744e-16  3.1444066e-16  -2.9782471e-16  -3.5224749e-16  -8.7252619e-17  5.7657441e-16  7.0932341e-16  8.6861035e-17  -2.2629233e-16  -2.9603316e-16  1.8788813e-16  1.3233813e-16  -4.0864266e-16  1.6088648e-16  1.0656716e-16  -2.5040122e-16  3.1176901e-18  2.7502059e-16  -1.1537583e-16  -9.3511725e-16  3.2551144e-16  -1.2820762e-16  6.4159905e-16  -4.8630616e-16  2.4900701e-17  1.0000000   9.3832307e-16  -7.6626196e-16  7.5532203e-16  5.8750917e-16  3.0271604e-16  -1.5675744e-16  3.1444066e-16  -2.9782471e-16  -3.5224749e-16  -8.7252619e-17  5.7657441e-16  7.0932341e-16  8.6861035e-17  -2.2629233e-16  -2.9603316e-16  1.8788813e-16  1.3233813e-16  -4.0864266e-16  1.6088648e-16  1.0656716e-16  -2.5040122e-16  3.1176901e-18  2.7502059e-16  
5.2599588e-19  6.2555911e-17  -1.7384125e-16  3.0186388e-16  -6.5355166e-16  -1.9006101e-16  -3.3419968e-16  9.3832307e-16  1.0000000   4.1215567e-16  6.0531890e-16  4.9445897e-16  -3.5770044e-16  -5.2579159e-16  3.2577711e-17  6.4052036e-17  1.8139726e-16  -5.9317852e-16  2.4853291e-16  -4.0284805e-16  -3.2587111e-16  2.9972457e-16  -1.9229004e-17  -3.7509510e-16  2.2265725e-16  -3.4342299e-16  1.1012896e-17  3.8777357e-16  2.9877438e-16  -2.0798740e-16  5.7920736e-16  5.2599588e-19  6.2555911e-17  -1.7384125e-16  3.0186388e-16  -6.5355166e-16  -1.9006101e-16  -3.3419968e-16  9.3832307e-16  1.0000000   4.1215567e-16  6.0531890e-16  4.9445897e-16  -3.5770044e-16  -5.2579159e-16  3.2577711e-17  6.4052036e-17  1.8139726e-16  -5.9317852e-16  2.4853291e-16  -4.0284805e-16  -3.2587111e-16  2.9972457e-16  -1.9229004e-17  -3.7509510e-16  2.2265725e-16  -3.4342299e-16  1.1012896e-17  3.8777357e-16  2.9877438e-16  -2.0798740e-16  5.7920736e-16  
-1.1387194e-16  1.8702199e-17  3.9419060e-16  -8.3263327e-16  -4.6699242e-18  -4.3984603e-16  -1.7094897e-16  -7.6626196e-16  4.1215567e-16  1.0000000   1.0245642e-16  4.7411955e-16  4.3696564e-17  9.5671745e-16  1.5494260e-16  -1.1515678e-16  -1.1299823e-16  3.0036891e-16  6.8466335e-16  2.2559923e-16  6.5573756e-16  -1.1187258e-16  8.4121912e-17  1.8702788e-16  -3.5674502e-17  -9.0557040e-17  2.6075573e-16  2.1100443e-16  3.9175919e-16  3.7303749e-16  3.9772859e-16  -1.1387194e-16  1.8702199e-17  3.9419060e-16  -8.3263327e-16  -4.6699242e-18  -4.3984603e-16  -1.7094897e-16  -7.6626196e-16  4.1215567e-16  1.0000000   1.0245642e-16  4.7411955e-16  4.3696564e-17  9.5671745e-16  1.5494260e-16  -1.1515678e-16  -1.1299823e-16  3.0036891e-16  6.8466335e-16  2.2559923e-16  6.5573756e-16  -1.1187258e-16  8.4121912e-17  1.8702788e-16  -3.5674502e-17  -9.0557040e-17  2.6075573e-16  2.1100443e-16  3.9175919e-16  3.7303749e-16  3.9772859e-16  
