1.0000000   -6.7343692e-16  1.2376316e-17  -2.3174631e-18  3.6326078e-17  -1.9092710e-16  4.9947760e-16  4.1165638e-16  3.2003978e-16  -1.9818660e-16  -6.2603862e-16  2.8457043e-16  -9.1029082e-17  6.6225234e-16  -4.7083594e-17  9.8772773e-17  2.9536723e-16  2.5407956e-16  4.2679089e-16  -1.8485549e-16  2.6569121e-16  6.8228776e-16  3.9567502e-16  5.8048685e-16  -1.8964974e-16  3.5055274e-16  -6.0696700e-16  2.4195889e-16  8.6356249e-16  -5.9172781e-16  -1.8363275e-16  1.0000000   -6.7343692e-16  1.2376316e-17  -2.3174631e-18  3.6326078e-17  -1.9092710e-16  4.9947760e-16  4.1165638e-16  3.2003978e-16  -1.9818660e-16  -6.2603862e-16  2.8457043e-16  -9.1029082e-17  6.6225234e-16  -4.7083594e-17  9.8772773e-17  2.9536723e-16  2.5407956e-16  4.2679089e-16  -1.8485549e-16  2.6569121e-16  6.8228776e-16  3.9567502e-16  5.8048685e-16  -1.8964974e-16  3.5055274e-16  -6.0696700e-16  2.4195889e-16  8.6356249e-16  -5.9172781e-16  -1.8363275e-16  
-6.7343692e-16  1.0000000   -5.8310265e-16  6.1843496e-16  5.5977249e-16  -2.5615545e-16  1.5429828e-16  -7.7162058e-16  2.8465267e-16  -1.0140346e-15  4.6841013e-16  -6.8552193e-16  1.7692007e-16  5.7698187e-16  1.4825698e-16  -3.6783372e-16  -1.2246975e-15  -9.5625807e-16  -5.7722584e-16  3.1478780e-16  2.7368929e-16  -4.7343252e-16  3.6123358e-16  -6.7331670e-16  3.5984515e-16  5.1386652e-16  9.1950074e-16  -3.6366384e-16  2.1226571e-16  1.4358468e-16  -5.2525770e-16  -6.7343692e-16  1.0000000   -5.8310265e-16  6.1843496e-16  5.5977249e-16  -2.5615545e-16  1.5429828e-16  -7.7162058e-16  2.8465267e-16  -1.0140346e-15  4.6841013e-16  -6.8552193e-16  1.7692007e-16  5.7698187e-16  1.4825698e-16  -3.6783372e-16  -1.2246975e-15  -9.5625807e-16  -5.7722584e-16  3.1478780e-16  2.7368929e-16  -4.7343252e-16  3.6123358e-16  -6.7331670e-16  3.5984515e-16  5.1386652e-16  9.1950074e-16  -3.6366384e-16  2.1226571e-16  1.4358468e-16  -5.2525770e-16  
1.2376316e-17  -5.8310265e-16  1.0000000   4.0799250e-17  -1.5186863e-16  -2.9149618e-16  1.3302611e-16  1.5012121e-16  1.7132088e-17  2.3004374e-16  1.5333090e-16  2.1862591e-16  4.0578996e-16  5.4336352e-16  4.7649108e-16  3.1823593e-16  5.4928332e-16  1.1372633e-15  -4.9188772e-16  1.7862915e-16  2.7322980e-16  4.0669985e-16  -5.3169555e-17  -3.4061318e-16  -6.1250637e-16  5.2123115e-18  4.8441797e-16  4.5828703e-16  -1.7291766e-16  -9.7820996e-17  -9.2864510e-17  1.2376316e-17  -5.8310265e-16  1.0000000   4.0799250e-17  -1.5186863e-16  -2.9149618e-16  1.3302611e-16  1.5012121e-16  1.7132088e-17  2.3004374e-16  1.5333090e-16  2.1862591e-16  4.0578996e-16  5.4336352e-16  4.7649108e-16  3.1823593e-16  5.4928332e-16  1.1372633e-15  -4.9188772e-16  1.7862915e-16  2.7322980e-16  4.0669985e-16  -5.3169555e-17  -3.4061318e-16  -6.1250637e-16  5.2123115e-18  4.8441797e-16  4.5828703e-16  -1.7291766e-16  -9.7820996e-17  -9.2864510e-17  
-2.3174631e-18  6.1843496e-16  4.0799250e-17  1.0000000   2.1332147e-16  5.8502581e-16  6.2776600e-16  3.7602331e-16  -4.7394425e-17  1.3779131e-16  -5.3825641e-16  3.2046225e-16  2.3870819e-16  -4.6828344e-16  2.7048264e-16  -1.3419480e-16  3.7342549e-16  9.5978020e-17  4.3784266e-16  2.7051817e-16  8.7217814e-16  8.0675441e-16  -6.9555053e-16  9.2336173e-17  3.9888765e-16  1.6064601e-16  -8.2896659e-16  3.6338326e-17  2.2591474e-16  3.6851291e-16  -4.1182711e-16  -2.3174631e-18  6.1843496e-16  4.0799250e-17  1.0000000   2.1332147e-16  5.8502581e-16  6.2776600e-16  3.7602331e-16  -4.7394425e-17  1.3779131e-16  -5.3825641e-16  3.2046225e-16  2.3870819e-16  -4.6828344e-16  2.7048264e-16  -1.3419480e-16  3.7342549e-16  9.5978020e-17  4.3784266e-16  2.7051817e-16  8.7217814e-16  8.0675441e-16  -6.9555053e-16  9.2336173e-17  3.9888765e-16  1.6064601e-16  -8.2896659e-16  3.6338326e-17  2.2591474e-16  3.6851291e-16  -4.1182711e-16  
3.6326078e-17  5.5977249e-16  -1.5186863e-16  2.1332147e-16  1.0000000   -4.9312356e-16  1.4217971e-17  6.4004059e-16  -4.8964231e-16  1.1147371e-16  -2.8037579e-16  1.4977352e-16  -2.8270760e-16  -1.8232212e-16  -2.5426325e-16  5.9785642e-16  -2.8685411e-16  1.6903517e-16  5.1884739e-16  -5.7409755e-16  -3.9283440e-16  -2.6293520e-16  3.9599735e-16  1.8436620e-16  1.2877511e-17  9.5373984e-17  4.3547477e-16  5.8532981e-17  1.7946843e-16  -4.9960529e-16  9.4141116e-16  3.6326078e-17  5.5977249e-16  -1.5186863e-16  2.1332147e-16  1.0000000   -4.9312356e-16  1.4217971e-17  6.4004059e-16  -4.8964231e-16  1.1147371e-16  -2.8037579e-16  1.4977352e-16  -2.8270760e-16  -1.8232212e-16  -2.5426325e-16  5.9785642e-16  -2.8685411e-16  1.6903517e-16  5.1884739e-16  -5.7409755e-16  -3.9283440e-16  -2.6293520e-16  3.9599735e-16  1.8436620e-16  1.2877511e-17  9.5373984e-17  4.3547477e-16  5.8532981e-17  1.7946843e-16  -4.9960529e-16  9.4141116e-16  
-1.9092710e-16  -2.5615545e-16  -2.9149618e-16  5.8502581e-16  -4.9312356e-16  1.0000000   4.0688819e-16  -2.4469618e-16  3.9812133e-16  -1.1368744e-16  -7.4016300e-17  3.2890763e-16  2.7245000e-17  7.9510975e-16  1.6937558e-16  1.9441019e-16  9.0714179e-17  5.5587619e-17  -4.2545745e-16  -2.5066375e-16  2.6770147e-16  1.0171476e-16  -6.9656069e-17  -2.5135085e-16  5.3325869e-16  7.0988305e-16  -1.7393213e-17  -2.2643913e-16  -3.1367807e-16  -2.9160663e-16  7.8637649e-16  -1.9092710e-16  -2.5615545e-16  -2.9149618e-16  5.8502581e-16  -4.9312356e-16  1.0000000   4.0688819e-16  -2.4469618e-16  3.9812133e-16  -1.1368744e-16  -7.4016300e-17  3.2890763e-16  2.7245000e-17  7.9510975e-16  1.6937558e-16  1.9441019e-16  9.0714179e-17  5.5587619e-17  -4.2545745e-16  -2.5066375e-16  2.6770147e-16  1.0171476e-16  -6.9656069e-17  -2.5135085e-16  5.3325869e-16  7.0988305e-16  -1.7393213e-17  -2.2643913e-16  -3.1367807e-16  -2.9160663e-16  7.8637649e-16  
4.9947760e-16  1.5429828e-16  1.3302611e-16  6.2776600e-16  1.4217971e-17  4.0688819e-16  1.0000000   2.8700457e-16  -4.6508170e-17  -6.6809336e-16  6.9771207e-16  5.5426538e-16  3.6895465e-18  -2.1878944e-17  -5.4848153e-16  1.8133155e-16  2.4699364e-16  -1.1083038e-15  5.6078075e-16  -1.6600499e-16  5.4589073e-16  6.2307351e-16  3.5145165e-16  -2.7720511e-16  -7.1608075e-17  -5.4212574e-16  -2.8243424e-16  -2.3937321e-17  1.9535217e-16  -3.3650199e-16  -1.3480596e-16  4.9947760e-16  1.5429828e-16  1.3302611e-16  6.2776600e-16  1.4217971e-17  4.0688819e-16  1.0000000   2.8700457e-16  -4.6508170e-17  -6.6809336e-16  6.9771207e-16  5.5426538e-16  3.6895465e-18  -2.1878944e-17  -5.4848153e-16  1.8133155e-16  2.4699364e-16  -1.1083038e-15  5.6078075e-16  -1.6600499e-16  5.4589073e-16  6.2307351e-16  3.5145165e-16  -2.7720511e-16  -7.1608075e-17  -5.4212574e-16  -2.8243424e-16  -2.3937321e-17  1.9535217e-16  -3.3650199e-16  -1.3480596e-16  
4.1165638e-16  -7.7162058e-16  1.5012121e-16  3.7602331e-16  6.4004059e-16  -2.4469618e-16  2.8700457e-16  1.0000000   -4.7411657e-17  1.5216881e-16  -8.6463166e-17  5.0473910e-16  -2.9946369e-16  -2.8561223e-16  -8.1898464e-17  -3.0874487e-16  9.3531347e-16  2.3827838e-16  2.6268830e-16  9.7460008e-17  -5.9448177e-16  6.2888326e-16  -8.2147386e-17  1.1732495e-16  6.7392680e-16  6.7789650e-16  1.7947113e-16  7.7575881e-16  6.4454703e-16  -9.4374876e-17  1.2685748e-16  4.1165638e-16  -7.7162058e-16  1.5012121e-16  3.7602331e-16  6.4004059e-16  -2.4469618e-16  2.8700457e-16  1.0000000   -4.7411657e-17  1.5216881e-16  -8.6463166e-17  5.0473910e-16  -2.9946369e-16  -2.8561223e-16  -8.1898464e-17  -3.0874487e-16  9.3531347e-16  2.3827838e-16  2.6268830e-16  9.7460008e-17  -5.9448177e-16  6.2888326e-16  -8.2147386e-17  1.1732495e-16  6.7392680e-16  6.7789650e-16  1.7947113e-16  7.7575881e-16  6.4454703e-16  -9.4374876e-17  1.2685748e-16  
3.2003978e-16  2.8465267e-16  1.7132088e-17  -4.7394425e-17  -4.8964231e-16  3.9812133e-16  -4.6508170e-17  -4.7411657e-17  1.0000000   9.4302109e-16  1.1066277e-16  7.0368021e-17  4.6973817e-17  5.5069452e-16  -5.6694830e-16  4.5921234e-16  1.3238357e-17  5.1875352e-16  -2.2857069e-16  2.4406884e-17  5.4229858e-16  -2.7311593e-16  8.8102086e-17  6.8727357e-16  -2.3207469e-16  -2.7876919e-16  1.5201305e-16  5.9265344e-17  1.8919642e-16  8.1532236e-17  4.5078003e-16  3.2003978e-16  2.8465267e-16  1.7132088e-17  -4.7394425e-17  -4.8964231e-16  3.9812133e-16  -4.6508170e-17  -4.7411657e-17  1.0000000   9.4302109e-16  1.1066277e-16  7.0368021e-17  4.6973817e-17  5.5069452e-16  -5.6694830e-16  4.5921234e-16  1.3238357e-17  5.1875352e-16  -2.2857069e-16  2.4406884e-17  5.4229858e-16  -2.7311593e-16  8.8102086e-17  6.8727357e-16  -2.3207469e-16  -2.7876919e-16  1.5201305e-16  5.9265344e-17  1.8919642e-16  8.1532236e-17  4.5078003e-16  
-1.9818660e-16  -1.0140346e-15  2.3004374e-16  1.3779131e-16  1.1147371e-16  -1.1368744e-16  -6.6809336e-16  1.5216881e-16  9.4302109e-16  1.0000000   -4.0116602e-16  1.3649990e-16  3.2217713e-16  4.4990541e-16  -2.7466478e-16  -4.5640365e-16  -1.0029892e-16  1.3452414e-16  -1.3492932e-16  -4.1225773e-16  9.2180931e-17  -1.7375464e-16  3.3115216e-16  -6.4005750e-16  -3.1500349e-17  1.4380568e-17  1.6213167e-16  6.5651343e-17  4.5882678e-17  -8.9523754e-16  -1.0693336e-16  -1.9818660e-16  -1.0140346e-15  2.3004374e-16  1.3779131e-16  1.1147371e-16  -1.1368744e-16  -6.6809336e-16  1.5216881e-16  9.4302109e-16  1.0000000   -4.0116602e-16  1.3649990e-16  3.2217713e-16  4.4990541e-16  -2.7466478e-16  -4.5640365e-16  -1.0029892e-16  1.3452414e-16  -1.3492932e-16  -4.1225773e-16  9.2180931e-17  -1.7375464e-16  3.3115216e-16  -6.4005750e-16  -3.1500349e-17  1.4380568e-17  1.6213167e-16  6.5651343e-17  4.5882678e-17  -8.9523754e-16  -1.0693336e-16  
-6.2603862e-16  4.6841013e-16  1.5333090e-16  -5.3825641e-16  -2.8037579e-16  -7.4016300e-17  6.9771207e-16  -8.6463166e-17  1.1066277e-16  -4.0116602e-16  1.0000000   1.9012049e-16  -5.9085276e-16  1.3097211e-16  2.6440589e-16  -1.3944764e-16  3.9717367e-16  1.8919272e-16  -9.1925940e-16  9.3187782e-17  2.9583392e-16  -6.1544223e-19  -3.7764091e-16  -4.3010946e-16  -5.3079649e-16  6.6680846e-16  -1.5701478e-16  -1.0053176e-15  2.5005752e-16  3.3179068e-16  2.0382352e-16  -6.2603862e-16  4.6841013e-16  1.5333090e-16  -5.3825641e-16  -2.8037579e-16  -7.4016300e-17  6.9771207e-16  -8.6463166e-17  1.1066277e-16  -4.0116602e-16  1.0000000   1.9012049e-16  -5.9085276e-16  1.3097211e-16  2.6440589e-16  -1.3944764e-16  3.9717367e-16  1.8919272e-16  -9.1925940e-16  9.3187782e-17  2.9583392e-16  -6.1544223e-19  -3.7764091e-16  -4.3010946e-16  -5.3079649e-16  6.6680846e-16  -1.5701478e-16  -1.0053176e-15  2.5005752e-16  3.3179068e-16  2.0382352e-16  
2.8457043e-16  -6.8552193e-16  2.1862591e-16  3.2046225e-16  1.4977352e-16  3.2890763e-16  5.5426538e-16  5.0473910e-16  7.0368021e-17  1.3649990e-16  1.9012049e-16  1.0000000   2.0524046e-16  -5.9664255e-17  6.8072071e-16  -2.5594760e-16  3.0856233e-16  -3.9941106e-17  5.6381512e-16  9.3568679e-17  -2.1789839e-16  8.3490872e-16  -3.7808022e-16  -2.2002935e-16  2.4198819e-16  -3.9284270e-16  1.1855338e-15  8.5510187e-16  9.0709595e-16  6.3514789e-16  1.4573070e-16  2.8457043e-16  -6.8552193e-16  2.1862591e-16  3.2046225e-16  1.4977352e-16  3.2890763e-16  5.5426538e-16  5.0473910e-16  7.0368021e-17  1.3649990e-16  1.9012049e-16  1.0000000   2.0524046e-16  -5.9664255e-17  6.8072071e-16  -2.5594760e-16  3.0856233e-16  -3.9941106e-17  5.6381512e-16  9.3568679e-17  -2.1789839e-16  8.3490872e-16  -3.7808022e-16  -2.2002935e-16  2.4198819e-16  -3.9284270e-16  1.1855338e-15  8.5510187e-16  9.0709595e-16  6.3514789e-16  1.4573070e-16  
-9.1029082e-17  1.7692007e-16  4.0578996e-16  2.3870819e-16  -2.8270760e-16  2.7245000e-17  3.6895465e-18  -2.9946369e-16  4.6973817e-17  3.2217713e-16  -5.9085276e-16  2.0524046e-16  1.0000000   6.5061580e-16  1.5875938e-15  -2.4662170e-16  3.8073276e-16  -6.3844515e-16  -6.1237493e-16  7.2893915e-17  8.9400834e-17  -2.9300097e-16  -1.2671848e-16  -1.1520908e-16  -3.2906572e-16  -1.4572666e-16  -6.3933503e-16  4.2838774e-18  -8.2571879e-17  4.0139187e-16  -4.9396541e-16  -9.1029082e-17  1.7692007e-16  4.0578996e-16  2.3870819e-16  -2.8270760e-16  2.7245000e-17  3.6895465e-18  -2.9946369e-16  4.6973817e-17  3.2217713e-16  -5.9085276e-16  2.0524046e-16  1.0000000   6.5061580e-16  1.5875938e-15  -2.4662170e-16  3.8073276e-16  -6.3844515e-16  -6.1237493e-16  7.2893915e-17  8.9400834e-17  -2.9300097e-16  -1.2671848e-16  -1.1520908e-16  -3.2906572e-16  -1.4572666e-16  -6.3933503e-16  4.2838774e-18  -8.2571879e-17  4.0139187e-16  -4.9396541e-16  
6.6225234e-16  5.7698187e-16  5.4336352e-16  -4.6828344e-16  -1.8232212e-16  7.9510975e-16  -2.1878944e-17  -2.8561223e-16  5.5069452e-16  4.4990541e-16  1.3097211e-16  -5.9664255e-17  6.5061580e-16  1.0000000   2.6328668e-17  1.9326829e-16  -2.0795701e-16  -3.6240149e-17  8.0408251e-16  -6.9496595e-16  -1.6313420e-16  3.3337268e-16  3.8279748e-16  -3.5615478e-16  -4.4650976e-17  -4.5203263e-16  -6.1540828e-17  4.6590080e-16  -4.9709912e-17  -6.6435092e-16  7.7387806e-16  6.6225234e-16  5.7698187e-16  5.4336352e-16  -4.6828344e-16  -1.8232212e-16  7.9510975e-16  -2.1878944e-17  -2.8561223e-16  5.5069452e-16  4.4990541e-16  1.3097211e-16  -5.9664255e-17  6.5061580e-16  1.0000000   2.6328668e-17  1.9326829e-16  -2.0795701e-16  -3.6240149e-17  8.0408251e-16  -6.9496595e-16  -1.6313420e-16  3.3337268e-16  3.8279748e-16  -3.5615478e-16  -4.4650976e-17  -4.5203263e-16  -6.1540828e-17  4.6590080e-16  -4.9709912e-17  -6.6435092e-16  7.7387806e-16  
-4.7083594e-17  1.4825698e-16  4.7649108e-16  2.7048264e-16  -2.5426325e-16  1.6937558e-16  -5.4848153e-16  -8.1898464e-17  -5.6694830e-16  -2.7466478e-16  2.6440589e-16  6.8072071e-16  1.5875938e-15  2.6328668e-17  1.0000000   -6.8683536e-16  6.3982146e-17  -1.8004891e-16  4.8817330e-16  6.4811512e-16  6.2994585e-16  2.8234701e-16  -4.1146666e-16  4.9662787e-16  4.7253727e-16  -2.4151781e-16  7.7556664e-16  3.2291874e-16  -5.1318244e-16  8.3560727e-17  9.1626695e-16  -4.7083594e-17  1.4825698e-16  4.7649108e-16  2.7048264e-16  -2.5426325e-16  1.6937558e-16  -5.4848153e-16  -8.1898464e-17  -5.6694830e-16  -2.7466478e-16  2.6440589e-16  6.8072071e-16  1.5875938e-15  2.6328668e-17  1.0000000   -6.8683536e-16  6.3982146e-17  -1.8004891e-16  4.8817330e-16  6.4811512e-16  6.2994585e-16  2.8234701e-16  -4.1146666e-16  4.9662787e-16  4.7253727e-16  -2.4151781e-16  7.7556664e-16  3.2291874e-16  -5.1318244e-16  8.3560727e-17  9.1626695e-16  
9.8772773e-17  -3.6783372e-16  3.1823593e-16  -1.3419480e-16  5.9785642e-16  1.9441019e-16  1.8133155e-16  -3.0874487e-16  4.5921234e-16  -4.5640365e-16  -1.3944764e-16  -2.5594760e-16  -2.4662170e-16  1.9326829e-16  -6.8683536e-16  1.0000000   -3.6717677e-16  -7.8154459e-17  -1.6354819e-16  2.8215551e-16  -3.3371518e-16  -1.3275119e-16  1.6980682e-16  -1.3350013e-16  -2.0444578e-16  4.7592516e-17  2.1197543e-16  4.7539079e-17  -2.9296763e-16  -4.1197014e-16  1.1614858e-15  9.8772773e-17  -3.6783372e-16  3.1823593e-16  -1.3419480e-16  5.9785642e-16  1.9441019e-16  1.8133155e-16  -3.0874487e-16  4.5921234e-16  -4.5640365e-16  -1.3944764e-16  -2.5594760e-16  -2.4662170e-16  1.9326829e-16  -6.8683536e-16  1.0000000   -3.6717677e-16  -7.8154459e-17  -1.6354819e-16  2.8215551e-16  -3.3371518e-16  -1.3275119e-16  1.6980682e-16  -1.3350013e-16  -2.0444578e-16  4.7592516e-17  2.1197543e-16  4.7539079e-17  -2.9296763e-16  -4.1197014e-16  1.1614858e-15  
2.9536723e-16  -1.2246975e-15  5.4928332e-16  3.7342549e-16  -2.8685411e-16  9.0714179e-17  2.4699364e-16  9.3531347e-16  1.3238357e-17  -1.0029892e-16  3.9717367e-16  3.0856233e-16  3.8073276e-16  -2.0795701e-16  6.3982146e-17  -3.6717677e-16  1.0000000   5.6168675e-16  8.3325046e-17  6.7498765e-17  7.2693205e-16  1.1402601e-16  -2.4087210e-16  -1.8841409e-17  1.4038751e-16  -6.8009942e-16  1.0636370e-16  1.3032903e-16  1.2882465e-17  1.9638650e-16  7.4202149e-17  2.9536723e-16  -1.2246975e-15  5.4928332e-16  3.7342549e-16  -2.8685411e-16  9.0714179e-17  2.4699364e-16  9.3531347e-16  1.3238357e-17  -1.0029892e-16  3.9717367e-16  3.0856233e-16  3.8073276e-16  -2.0795701e-16  6.3982146e-17  -3.6717677e-16  1.0000000   5.6168675e-16  8.3325046e-17  6.7498765e-17  7.2693205e-16  1.1402601e-16  -2.4087210e-16  -1.8841409e-17  1.4038751e-16  -6.8009942e-16  1.0636370e-16  1.3032903e-16  1.2882465e-17  1.9638650e-16  7.4202149e-17  
2.5407956e-16  -9.5625807e-16  1.1372633e-15  9.5978020e-17  1.6903517e-16  5.5587619e-17  -1.1083038e-15  2.3827838e-16  5.1875352e-16  1.3452414e-16  1.8919272e-16  -3.9941106e-17  -6.3844515e-16  -3.6240149e-17  -1.8004891e-16  -7.8154459e-17  5.6168675e-16  1.0000000   2.1468771e-16  6.9236636e-16  -5.6616870e-17  -2.3360026e-17  1.5979639e-16  4.6959777e-16  2.9673834e-17  6.2319472e-17  -3.9147639e-17  1.1554023e-16  -3.5649281e-17  1.7107463e-16  4.4509008e-16  2.5407956e-16  -9.5625807e-16  1.1372633e-15  9.5978020e-17  1.6903517e-16  5.5587619e-17  -1.1083038e-15  2.3827838e-16  5.1875352e-16  1.3452414e-16  1.8919272e-16  -3.9941106e-17  -6.3844515e-16  -3.6240149e-17  -1.8004891e-16  -7.8154459e-17  5.6168675e-16  1.0000000   2.1468771e-16  6.9236636e-16  -5.6616870e-17  -2.3360026e-17  1.5979639e-16  4.6959777e-16  2.9673834e-17  6.2319472e-17  -3.9147639e-17  1.1554023e-16  -3.5649281e-17  1.7107463e-16  4.4509008e-16  
4.2679089e-16  -5.7722584e-16  -4.9188772e-16  4.3784266e-16  5.1884739e-16  -4.2545745e-16  5.6078075e-16  2.6268830e-16  -2.2857069e-16  -1.3492932e-16  -9.1925940e-16  5.6381512e-16  -6.1237493e-16  8.0408251e-16  4.8817330e-16  -1.6354819e-16  8.3325046e-17  2.1468771e-16  1.0000000   -1.0785419e-16  -7.6086995e-17  4.2886807e-17  3.5644634e-16  7.6663010e-16  -8.6451648e-17  4.8742118e-16  1.0684215e-16  8.2195560e-16  -5.9585326e-16  -6.0979191e-16  3.2765277e-16  4.2679089e-16  -5.7722584e-16  -4.9188772e-16  4.3784266e-16  5.1884739e-16  -4.2545745e-16  5.6078075e-16  2.6268830e-16  -2.2857069e-16  -1.3492932e-16  -9.1925940e-16  5.6381512e-16  -6.1237493e-16  8.0408251e-16  4.8817330e-16  -1.6354819e-16  8.3325046e-17  2.1468771e-16  1.0000000   -1.0785419e-16  -7.6086995e-17  4.2886807e-17  3.5644634e-16  7.6663010e-16  -8.6451648e-17  4.8742118e-16  1.0684215e-16  8.2195560e-16  -5.9585326e-16  -6.0979191e-16  3.2765277e-16  
-1.8485549e-16  3.1478780e-16  1.7862915e-16  2.7051817e-16  -5.7409755e-16  -2.5066375e-16  -1.6600499e-16  9.7460008e-17  2.4406884e-17  -4.1225773e-16  9.3187782e-17  9.3568679e-17  7.2893915e-17  -6.9496595e-16  6.4811512e-16  2.8215551e-16  6.7498765e-17  6.9236636e-16  -1.0785419e-16  1.0000000   -1.0744445e-16  -3.0334142e-17  -3.9342022e-16  -3.4548365e-16  1.1706557e-16  -3.6183039e-16  4.1878263e-17  3.8107942e-16  -2.1995498e-16  3.8291451e-16  -9.0397308e-17  -1.8485549e-16  3.1478780e-16  1.7862915e-16  2.7051817e-16  -5.7409755e-16  -2.5066375e-16  -1.6600499e-16  9.7460008e-17  2.4406884e-17  -4.1225773e-16  9.3187782e-17  9.3568679e-17  7.2893915e-17  -6.9496595e-16  6.4811512e-16  2.8215551e-16  6.7498765e-17  6.9236636e-16  -1.0785419e-16  1.0000000   -1.0744445e-16  -3.0334142e-17  -3.9342022e-16  -3.4548365e-16  1.1706557e-16  -3.6183039e-16  4.1878263e-17  3.8107942e-16  -2.1995498e-16  3.8291451e-16  -9.0397308e-17  
2.6569121e-16  2.7368929e-16  2.7322980e-16  8.7217814e-16  -3.9283440e-16  2.6770147e-16  5.4589073e-16  -5.9448177e-16  5.4229858e-16  9.2180931e-17  2.9583392e-16  -2.1789839e-16  8.9400834e-17  -1.6313420e-16  6.2994585e-16  -3.3371518e-16  7.2693205e-16  -5.6616870e-17  -7.6086995e-17  -1.0744445e-16  1.0000000   -1.0694098e-16  2.4814715e-16  -5.2279072e-17  -6.1727432e-16  -2.4421310e-16  -8.2743960e-16  -5.2242184e-16  4.8703938e-16  1.8901622e-16  -8.7693948e-16  2.6569121e-16  2.7368929e-16  2.7322980e-16  8.7217814e-16  -3.9283440e-16  2.6770147e-16  5.4589073e-16  -5.9448177e-16  5.4229858e-16  9.2180931e-17  2.9583392e-16  -2.1789839e-16  8.9400834e-17  -1.6313420e-16  6.2994585e-16  -3.3371518e-16  7.2693205e-16  -5.6616870e-17  -7.6086995e-17  -1.0744445e-16  1.0000000   -1.0694098e-16  2.4814715e-16  -5.2279072e-17  -6.1727432e-16  -2.4421310e-16  -8.2743960e-16  -5.2242184e-16  4.8703938e-16  1.8901622e-16  -8.7693948e-16  
6.8228776e-16  -4.7343252e-16  4.0669985e-16  8.0675441e-16  -2.6293520e-16  1.0171476e-16  6.2307351e-16  6.2888326e-16  -2.7311593e-16  -1.7375464e-16  -6.1544223e-19  8.3490872e-16  -2.9300097e-16  3.3337268e-16  2.8234701e-16  -1.3275119e-16  1.1402601e-16  -2.3360026e-17  4.2886807e-17  -3.0334142e-17  -1.0694098e-16  1.0000000   -7.2667268e-17  2.8114389e-16  -6.7318502e-16  -1.8909415e-17  -1.1400966e-16  4.4723592e-16  2.0216576e-16  -7.1423745e-17  -4.7353150e-16  6.8228776e-16  -4.7343252e-16  4.0669985e-16  8.0675441e-16  -2.6293520e-16  1.0171476e-16  6.2307351e-16  6.2888326e-16  -2.7311593e-16  -1.7375464e-16  -6.1544223e-19  8.3490872e-16  -2.9300097e-16  3.3337268e-16  2.8234701e-16  -1.3275119e-16  1.1402601e-16  -2.3360026e-17  4.2886807e-17  -3.0334142e-17  -1.0694098e-16  1.0000000   -7.2667268e-17  2.8114389e-16  -6.7318502e-16  -1.8909415e-17  -1.1400966e-16  4.4723592e-16  2.0216576e-16  -7.1423745e-17  -4.7353150e-16  
3.9567502e-16  3.6123358e-16  -5.3169555e-17  -6.9555053e-16  3.9599735e-16  -6.9656069e-17  3.5145165e-16  -8.2147386e-17  8.8102086e-17  3.3115216e-16  -3.7764091e-16  -3.7808022e-16  -1.2671848e-16  3.8279748e-16  -4.1146666e-16  1.6980682e-16  -2.4087210e-16  1.5979639e-16  3.5644634e-16  -3.9342022e-16  2.4814715e-16  -7.2667268e-17  1.0000000   -2.9304286e-16  -3.4841808e-16  -1.6934247e-16  4.2534190e-17  -2.8130759e-16  4.8735563e-17  3.9290959e-16  4.9317111e-16  3.9567502e-16  3.6123358e-16  -5.3169555e-17  -6.9555053e-16  3.9599735e-16  -6.9656069e-17  3.5145165e-16  -8.2147386e-17  8.8102086e-17  3.3115216e-16  -3.7764091e-16  -3.7808022e-16  -1.2671848e-16  3.8279748e-16  -4.1146666e-16  1.6980682e-16  -2.4087210e-16  1.5979639e-16  3.5644634e-16  -3.9342022e-16  2.4814715e-16  -7.2667268e-17  1.0000000   -2.9304286e-16  -3.4841808e-16  -1.6934247e-16  4.2534190e-17  -2.8130759e-16  4.8735563e-17  3.9290959e-16  4.9317111e-16  
5.8048685e-16  -6.7331670e-16  -3.4061318e-16  9.2336173e-17  1.8436620e-16  -2.5135085e-16  -2.7720511e-16  1.1732495e-16  6.8727357e-16  -6.4005750e-16  -4.3010946e-16  -2.2002935e-16  -1.1520908e-16  -3.5615478e-16  4.9662787e-16  -1.3350013e-16  -1.8841409e-17  4.6959777e-16  7.6663010e-16  -3.4548365e-16  -5.2279072e-17  2.8114389e-16  -2.9304286e-16  1.0000000   4.0694549e-16  1.9637234e-16  2.8014584e-16  1.6850950e-16  -1.3305758e-16  -2.9554746e-16  1.0078731e-16  5.8048685e-16  -6.7331670e-16  -3.4061318e-16  9.2336173e-17  1.8436620e-16  -2.5135085e-16  -2.7720511e-16  1.1732495e-16  6.8727357e-16  -6.4005750e-16  -4.3010946e-16  -2.2002935e-16  -1.1520908e-16  -3.5615478e-16  4.9662787e-16  -1.3350013e-16  -1.8841409e-17  4.6959777e-16  7.6663010e-16  -3.4548365e-16  -5.2279072e-17  2.8114389e-16  -2.9304286e-16  1.0000000   4.0694549e-16  1.9637234e-16  2.8014584e-16  1.6850950e-16  -1.3305758e-16  -2.9554746e-16  1.0078731e-16  
-1.8964974e-16  3.5984515e-16  -6.1250637e-16  3.9888765e-16  1.2877511e-17  5.3325869e-16  -7.1608075e-17  6.7392680e-16  -2.3207469e-16  -3.1500349e-17  -5.3079649e-16  2.4198819e-16  -3.2906572e-16  -4.4650976e-17  4.7253727e-16  -2.0444578e-16  1.4038751e-16  2.9673834e-17  -8.6451648e-17  1.1706557e-16  -6.1727432e-16  -6.7318502e-16  -3.4841808e-16  4.0694549e-16  1.0000000   -1.0463397e-15  -6.2564151e-16  -2.8307669e-17  1.7008027e-16  -1.2470735e-17  -8.3321836e-16  -1.8964974e-16  3.5984515e-16  -6.1250637e-16  3.9888765e-16  1.2877511e-17  5.3325869e-16  -7.1608075e-17  6.7392680e-16  -2.3207469e-16  -3.1500349e-17  -5.3079649e-16  2.4198819e-16  -3.2906572e-16  -4.4650976e-17  4.7253727e-16  -2.0444578e-16  1.4038751e-16  2.9673834e-17  -8.6451648e-17  1.1706557e-16  -6.1727432e-16  -6.7318502e-16  -3.4841808e-16  4.0694549e-16  1.0000000   -1.0463397e-15  -6.2564151e-16  -2.8307669e-17  1.7008027e-16  -1.2470735e-17  -8.3321836e-16  
3.5055274e-16  5.1386652e-16  5.2123115e-18  1.6064601e-16  9.5373984e-17  7.0988305e-16  -5.4212574e-16  6.7789650e-16  -2.7876919e-16  1.4380568e-17  6.6680846e-16  -3.9284270e-16  -1.4572666e-16  -4.5203263e-16  -2.4151781e-16  4.7592516e-17  -6.8009942e-16  6.2319472e-17  4.8742118e-16  -3.6183039e-16  -2.4421310e-16  -1.8909415e-17  -1.6934247e-16  1.9637234e-16  -1.0463397e-15  1.0000000   -7.6165160e-16  3.5301872e-17  -6.7442506e-16  4.4101032e-16  1.1993979e-16  3.5055274e-16  5.1386652e-16  5.2123115e-18  1.6064601e-16  9.5373984e-17  7.0988305e-16  -5.4212574e-16  6.7789650e-16  -2.7876919e-16  1.4380568e-17  6.6680846e-16  -3.9284270e-16  -1.4572666e-16  -4.5203263e-16  -2.4151781e-16  4.7592516e-17  -6.8009942e-16  6.2319472e-17  4.8742118e-16  -3.6183039e-16  -2.4421310e-16  -1.8909415e-17  -1.6934247e-16  1.9637234e-16  -1.0463397e-15  1.0000000   -7.6165160e-16  3.5301872e-17  -6.7442506e-16  4.4101032e-16  1.1993979e-16  
-6.0696700e-16  9.1950074e-16  4.8441797e-16  -8.2896659e-16  4.3547477e-16  -1.7393213e-17  -2.8243424e-16  1.7947113e-16  1.5201305e-16  1.6213167e-16  -1.5701478e-16  1.1855338e-15  -6.3933503e-16  -6.1540828e-17  7.7556664e-16  2.1197543e-16  1.0636370e-16  -3.9147639e-17  1.0684215e-16  4.1878263e-17  -8.2743960e-16  -1.1400966e-16  4.2534190e-17  2.8014584e-16  -6.2564151e-16  -7.6165160e-16  1.0000000   5.4136150e-16  1.5258451e-16  8.0985747e-17  -2.3980260e-16  -6.0696700e-16  9.1950074e-16  4.8441797e-16  -8.2896659e-16  4.3547477e-16  -1.7393213e-17  -2.8243424e-16  1.7947113e-16  1.5201305e-16  1.6213167e-16  -1.5701478e-16  1.1855338e-15  -6.3933503e-16  -6.1540828e-17  7.7556664e-16  2.1197543e-16  1.0636370e-16  -3.9147639e-17  1.0684215e-16  4.1878263e-17  -8.2743960e-16  -1.1400966e-16  4.2534190e-17  2.8014584e-16  -6.2564151e-16  -7.6165160e-16  1.0000000   5.4136150e-16  1.5258451e-16  8.0985747e-17  -2.3980260e-16  
2.4195889e-16  -3.6366384e-16  4.5828703e-16  3.6338326e-17  5.8532981e-17  -2.2643913e-16  -2.3937321e-17  7.7575881e-16  5.9265344e-17  6.5651343e-17  -1.0053176e-15  8.5510187e-16  4.2838774e-18  4.6590080e-16  3.2291874e-16  4.7539079e-17  1.3032903e-16  1.1554023e-16  8.2195560e-16  3.8107942e-16  -5.2242184e-16  4.4723592e-16  -2.8130759e-16  1.6850950e-16  -2.8307669e-17  3.5301872e-17  5.4136150e-16  1.0000000   6.9050909e-16  4.2796798e-17  2.3642070e-16  2.4195889e-16  -3.6366384e-16  4.5828703e-16  3.6338326e-17  5.8532981e-17  -2.2643913e-16  -2.3937321e-17  7.7575881e-16  5.9265344e-17  6.5651343e-17  -1.0053176e-15  8.5510187e-16  4.2838774e-18  4.6590080e-16  3.2291874e-16  4.7539079e-17  1.3032903e-16  1.1554023e-16  8.2195560e-16  3.8107942e-16  -5.2242184e-16  4.4723592e-16  -2.8130759e-16  1.6850950e-16  -2.8307669e-17  3.5301872e-17  5.4136150e-16  1.0000000   6.9050909e-16  4.2796798e-17  2.3642070e-16  
8.6356249e-16  2.1226571e-16  -1.7291766e-16  2.2591474e-16  1.7946843e-16  -3.1367807e-16  1.9535217e-16  6.4454703e-16  1.8919642e-16  4.5882678e-17  2.5005752e-16  9.0709595e-16  -8.2571879e-17  -4.9709912e-17  -5.1318244e-16  -2.9296763e-16  1.2882465e-17  -3.5649281e-17  -5.9585326e-16  -2.1995498e-16  4.8703938e-16  2.0216576e-16  4.8735563e-17  -1.3305758e-16  1.7008027e-16  -6.7442506e-16  1.5258451e-16  6.9050909e-16  1.0000000   4.3195451e-17  4.0619362e-16  8.6356249e-16  2.1226571e-16  -1.7291766e-16  2.2591474e-16  1.7946843e-16  -3.1367807e-16  1.9535217e-16  6.4454703e-16  1.8919642e-16  4.5882678e-17  2.5005752e-16  9.0709595e-16  -8.2571879e-17  -4.9709912e-17  -5.1318244e-16  -2.9296763e-16  1.2882465e-17  -3.5649281e-17  -5.9585326e-16  -2.1995498e-16  4.8703938e-16  2.0216576e-16  4.8735563e-17  -1.3305758e-16  1.7008027e-16  -6.7442506e-16  1.5258451e-16  6.9050909e-16  1.0000000   4.3195451e-17  4.0619362e-16  
-5.9172781e-16  1.4358468e-16  -9.7820996e-17  3.6851291e-16  -4.9960529e-16  -2.9160663e-16  -3.3650199e-16  -9.4374876e-17  8.1532236e-17  -8.9523754e-16  3.3179068e-16  6.3514789e-16  4.0139187e-16  -6.6435092e-16  8.3560727e-17  -4.1197014e-16  1.9638650e-16  1.7107463e-16  -6.0979191e-16  3.8291451e-16  1.8901622e-16  -7.1423745e-17  3.9290959e-16  -2.9554746e-16  -1.2470735e-17  4.4101032e-16  8.0985747e-17  4.2796798e-17  4.3195451e-17  1.0000000   -6.0274252e-16  -5.9172781e-16  1.4358468e-16  -9.7820996e-17  3.6851291e-16  -4.9960529e-16  -2.9160663e-16  -3.3650199e-16  -9.4374876e-17  8.1532236e-17  -8.9523754e-16  3.3179068e-16  6.3514789e-16  4.0139187e-16  -6.6435092e-16  8.3560727e-17  -4.1197014e-16  1.9638650e-16  1.7107463e-16  -6.0979191e-16  3.8291451e-16  1.8901622e-16  -7.1423745e-17  3.9290959e-16  -2.9554746e-16  -1.2470735e-17  4.4101032e-16  8.0985747e-17  4.2796798e-17  4.3195451e-17  1.0000000   -6.0274252e-16  
-1.8363275e-16  -5.2525770e-16  -9.2864510e-17  -4.1182711e-16  9.4141116e-16  7.8637649e-16  -1.3480596e-16  1.2685748e-16  4.5078003e-16  -1.0693336e-16  2.0382352e-16  1.4573070e-16  -4.9396541e-16  7.7387806e-16  9.1626695e-16  1.1614858e-15  7.4202149e-17  4.4509008e-16  3.2765277e-16  -9.0397308e-17  -8.7693948e-16  -4.7353150e-16  4.9317111e-16  1.0078731e-16  -8.3321836e-16  1.1993979e-16  -2.3980260e-16  2.3642070e-16  4.0619362e-16  -6.0274252e-16  1.0000000   -1.8363275e-16  -5.2525770e-16  -9.2864510e-17  -4.1182711e-16  9.4141116e-16  7.8637649e-16  -1.3480596e-16  1.2685748e-16  4.5078003e-16  -1.0693336e-16  2.0382352e-16  1.4573070e-16  -4.9396541e-16  7.7387806e-16  9.1626695e-16  1.1614858e-15  7.4202149e-17  4.4509008e-16  3.2765277e-16  -9.0397308e-17  -8.7693948e-16  -4.7353150e-16  4.9317111e-16  1.0078731e-16  -8.3321836e-16  1.1993979e-16  -2.3980260e-16  2.3642070e-16  4.0619362e-16  -6.0274252e-16  1.0000000   
1.0000000   -6.7343692e-16  1.2376316e-17  -2.3174631e-18  3.6326078e-17  -1.9092710e-16  4.9947760e-16  4.1165638e-16  3.2003978e-16  -1.9818660e-16  -6.2603862e-16  2.8457043e-16  -9.1029082e-17  6.6225234e-16  -4.7083594e-17  9.8772773e-17  2.9536723e-16  2.5407956e-16  4.2679089e-16  -1.8485549e-16  2.6569121e-16  6.8228776e-16  3.9567502e-16  5.8048685e-16  -1.8964974e-16  3.5055274e-16  -6.0696700e-16  2.4195889e-16  8.6356249e-16  -5.9172781e-16  -1.8363275e-16  1.0000000   -6.7343692e-16  1.2376316e-17  -2.3174631e-18  3.6326078e-17  -1.9092710e-16  4.9947760e-16  4.1165638e-16  3.2003978e-16  -1.9818660e-16  -6.2603862e-16  2.8457043e-16  -9.1029082e-17  6.6225234e-16  -4.7083594e-17  9.8772773e-17  2.9536723e-16  2.5407956e-16  4.2679089e-16  -1.8485549e-16  2.6569121e-16  6.8228776e-16  3.9567502e-16  5.8048685e-16  -1.8964974e-16  3.5055274e-16  -6.0696700e-16  2.4195889e-16  8.6356249e-16  -5.9172781e-16  -1.8363275e-16  
-6.7343692e-16  1.0000000   -5.8310265e-16  6.1843496e-16  5.5977249e-16  -2.5615545e-16  1.5429828e-16  -7.7162058e-16  2.8465267e-16  -1.0140346e-15  4.6841013e-16  -6.8552193e-16  1.7692007e-16  5.7698187e-16  1.4825698e-16  -3.6783372e-16  -1.2246975e-15  -9.5625807e-16  -5.7722584e-16  3.1478780e-16  2.7368929e-16  -4.7343252e-16  3.6123358e-16  -6.7331670e-16  3.5984515e-16  5.1386652e-16  9.1950074e-16  -3.6366384e-16  2.1226571e-16  1.4358468e-16  -5.2525770e-16  -6.7343692e-16  1.0000000   -5.8310265e-16  6.1843496e-16  5.5977249e-16  -2.5615545e-16  1.5429828e-16  -7.7162058e-16  2.8465267e-16  -1.0140346e-15  4.6841013e-16  -6.8552193e-16  1.7692007e-16  5.7698187e-16  1.4825698e-16  -3.6783372e-16  -1.2246975e-15  -9.5625807e-16  -5.7722584e-16  3.1478780e-16  2.7368929e-16  -4.7343252e-16  3.6123358e-16  -6.7331670e-16  3.5984515e-16  5.1386652e-16  9.1950074e-16  -3.6366384e-16  2.1226571e-16  1.4358468e-16  -5.2525770e-16  
1.2376316e-17  -5.8310265e-16  1.0000000   4.0799250e-17  -1.5186863e-16  -2.9149618e-16  1.3302611e-16  1.5012121e-16  1.7132088e-17  2.3004374e-16  1.5333090e-16  2.1862591e-16  4.0578996e-16  5.4336352e-16  4.7649108e-16  3.1823593e-16  5.4928332e-16  1.1372633e-15  -4.9188772e-16  1.7862915e-16  2.7322980e-16  4.0669985e-16  -5.3169555e-17  -3.4061318e-16  -6.1250637e-16  5.2123115e-18  4.8441797e-16  4.5828703e-16  -1.7291766e-16  -9.7820996e-17  -9.2864510e-17  1.2376316e-17  -5.8310265e-16  1.0000000   4.0799250e-17  -1.5186863e-16  -2.9149618e-16  1.3302611e-16  1.5012121e-16  1.7132088e-17  2.3004374e-16  1.5333090e-16  2.1862591e-16  4.0578996e-16  5.4336352e-16  4.7649108e-16  3.1823593e-16  5.4928332e-16  1.1372633e-15  -4.9188772e-16  1.7862915e-16  2.7322980e-16  4.0669985e-16  -5.3169555e-17  -3.4061318e-16  -6.1250637e-16  5.2123115e-18  4.8441797e-16  4.5828703e-16  -1.7291766e-16  -9.7820996e-17  -9.2864510e-17  
-2.3174631e-18  6.1843496e-16  4.0799250e-17  1.0000000   2.1332147e-16  5.8502581e-16  6.2776600e-16  3.7602331e-16  -4.7394425e-17  1.3779131e-16  -5.3825641e-16  3.2046225e-16  2.3870819e-16  -4.6828344e-16  2.7048264e-16  -1.3419480e-16  3.7342549e-16  9.5978020e-17  4.3784266e-16  2.7051817e-16  8.7217814e-16  8.0675441e-16  -6.9555053e-16  9.2336173e-17  3.9888765e-16  1.6064601e-16  -8.2896659e-16  3.6338326e-17  2.2591474e-16  3.6851291e-16  -4.1182711e-16  -2.3174631e-18  6.1843496e-16  4.0799250e-17  1.0000000   2.1332147e-16  5.8502581e-16  6.2776600e-16  3.7602331e-16  -4.7394425e-17  1.3779131e-16  -5.3825641e-16  3.2046225e-16  2.3870819e-16  -4.6828344e-16  2.7048264e-16  -1.3419480e-16  3.7342549e-16  9.5978020e-17  4.3784266e-16  2.7051817e-16  8.7217814e-16  8.0675441e-16  -6.9555053e-16  9.2336173e-17  3.9888765e-16  1.6064601e-16  -8.2896659e-16  3.6338326e-17  2.2591474e-16  3.6851291e-16  -4.1182711e-16  
3.6326078e-17  5.5977249e-16  -1.5186863e-16  2.1332147e-16  1.0000000   -4.9312356e-16  1.4217971e-17  6.4004059e-16  -4.8964231e-16  1.1147371e-16  -2.8037579e-16  1.4977352e-16  -2.8270760e-16  -1.8232212e-16  -2.5426325e-16  5.9785642e-16  -2.8685411e-16  1.6903517e-16  5.1884739e-16  -5.7409755e-16  -3.9283440e-16  -2.6293520e-16  3.9599735e-16  1.8436620e-16  1.2877511e-17  9.5373984e-17  4.3547477e-16  5.8532981e-17  1.7946843e-16  -4.9960529e-16  9.4141116e-16  3.6326078e-17  5.5977249e-16  -1.5186863e-16  2.1332147e-16  1.0000000   -4.9312356e-16  1.4217971e-17  6.4004059e-16  -4.8964231e-16  1.1147371e-16  -2.8037579e-16  1.4977352e-16  -2.8270760e-16  -1.8232212e-16  -2.5426325e-16  5.9785642e-16  -2.8685411e-16  1.6903517e-16  5.1884739e-16  -5.7409755e-16  -3.9283440e-16  -2.6293520e-16  3.9599735e-16  1.8436620e-16  1.2877511e-17  9.5373984e-17  4.3547477e-16  5.8532981e-17  1.7946843e-16  -4.9960529e-16  9.4141116e-16  
-1.9092710e-16  -2.5615545e-16  -2.9149618e-16  5.8502581e-16  -4.9312356e-16  1.0000000   4.0688819e-16  -2.4469618e-16  3.9812133e-16  -1.1368744e-16  -7.4016300e-17  3.2890763e-16  2.7245000e-17  7.9510975e-16  1.6937558e-16  1.9441019e-16  9.0714179e-17  5.5587619e-17  -4.2545745e-16  -2.5066375e-16  2.6770147e-16  1.0171476e-16  -6.9656069e-17  -2.5135085e-16  5.3325869e-16  7.0988305e-16  -1.7393213e-17  -2.2643913e-16  -3.1367807e-16  -2.9160663e-16  7.8637649e-16  -1.9092710e-16  -2.5615545e-16  -2.9149618e-16  5.8502581e-16  -4.9312356e-16  1.0000000   4.0688819e-16  -2.4469618e-16  3.9812133e-16  -1.1368744e-16  -7.4016300e-17  3.2890763e-16  2.7245000e-17  7.9510975e-16  1.6937558e-16  1.9441019e-16  9.0714179e-17  5.5587619e-17  -4.2545745e-16  -2.5066375e-16  2.6770147e-16  1.0171476e-16  -6.9656069e-17  -2.5135085e-16  5.3325869e-16  7.0988305e-16  -1.7393213e-17  -2.2643913e-16  -3.1367807e-16  -2.9160663e-16  7.8637649e-16  
4.9947760e-16  1.5429828e-16  1.3302611e-16  6.2776600e-16  1.4217971e-17  4.0688819e-16  1.0000000   2.8700457e-16  -4.6508170e-17  -6.6809336e-16  6.9771207e-16  5.5426538e-16  3.6895465e-18  -2.1878944e-17  -5.4848153e-16  1.8133155e-16  2.4699364e-16  -1.1083038e-15  5.6078075e-16  -1.6600499e-16  5.4589073e-16  6.2307351e-16  3.5145165e-16  -2.7720511e-16  -7.1608075e-17  -5.4212574e-16  -2.8243424e-16  -2.3937321e-17  1.9535217e-16  -3.3650199e-16  -1.3480596e-16  4.9947760e-16  1.5429828e-16  1.3302611e-16  6.2776600e-16  1.4217971e-17  4.0688819e-16  1.0000000   2.8700457e-16  -4.6508170e-17  -6.6809336e-16  6.9771207e-16  5.5426538e-16  3.6895465e-18  -2.1878944e-17  -5.4848153e-16  1.8133155e-16  2.4699364e-16  -1.1083038e-15  5.6078075e-16  -1.6600499e-16  5.4589073e-16  6.2307351e-16  3.5145165e-16  -2.7720511e-16  -7.1608075e-17  -5.4212574e-16  -2.8243424e-16  -2.3937321e-17  1.9535217e-16  -3.3650199e-16  -1.3480596e-16  
4.1165638e-16  -7.7162058e-16  1.5012121e-16  3.7602331e-16  6.4004059e-16  -2.4469618e-16  2.8700457e-16  1.0000000   -4.7411657e-17  1.5216881e-16  -8.6463166e-17  5.0473910e-16  -2.9946369e-16  -2.8561223e-16  -8.1898464e-17  -3.0874487e-16  9.3531347e-16  2.3827838e-16  2.6268830e-16  9.7460008e-17  -5.9448177e-16  6.2888326e-16  -8.2147386e-17  1.1732495e-16  6.7392680e-16  6.7789650e-16  1.7947113e-16  7.7575881e-16  6.4454703e-16  -9.4374876e-17  1.2685748e-16  4.1165638e-16  -7.7162058e-16  1.5012121e-16  3.7602331e-16  6.4004059e-16  -2.4469618e-16  2.8700457e-16  1.0000000   -4.7411657e-17  1.5216881e-16  -8.6463166e-17  5.0473910e-16  -2.9946369e-16  -2.8561223e-16  -8.1898464e-17  -3.0874487e-16  9.3531347e-16  2.3827838e-16  2.6268830e-16  9.7460008e-17  -5.9448177e-16  6.2888326e-16  -8.2147386e-17  1.1732495e-16  6.7392680e-16  6.7789650e-16  1.7947113e-16  7.7575881e-16  6.4454703e-16  -9.4374876e-17  1.2685748e-16  
3.2003978e-16  2.8465267e-16  1.7132088e-17  -4.7394425e-17  -4.8964231e-16  3.9812133e-16  -4.6508170e-17  -4.7411657e-17  1.0000000   9.4302109e-16  1.1066277e-16  7.0368021e-17  4.6973817e-17  5.5069452e-16  -5.6694830e-16  4.5921234e-16  1.3238357e-17  5.1875352e-16  -2.2857069e-16  2.4406884e-17  5.4229858e-16  -2.7311593e-16  8.8102086e-17  6.8727357e-16  -2.3207469e-16  -2.7876919e-16  1.5201305e-16  5.9265344e-17  1.8919642e-16  8.1532236e-17  4.5078003e-16  3.2003978e-16  2.8465267e-16  1.7132088e-17  -4.7394425e-17  -4.8964231e-16  3.9812133e-16  -4.6508170e-17  -4.7411657e-17  1.0000000   9.4302109e-16  1.1066277e-16  7.0368021e-17  4.6973817e-17  5.5069452e-16  -5.6694830e-16  4.5921234e-16  1.3238357e-17  5.1875352e-16  -2.2857069e-16  2.4406884e-17  5.4229858e-16  -2.7311593e-16  8.8102086e-17  6.8727357e-16  -2.3207469e-16  -2.7876919e-16  1.5201305e-16  5.9265344e-17  1.8919642e-16  8.1532236e-17  4.5078003e-16  
-1.9818660e-16  -1.0140346e-15  2.3004374e-16  1.3779131e-16  1.1147371e-16  -1.1368744e-16  -6.6809336e-16  1.5216881e-16  9.4302109e-16  1.0000000   -4.0116602e-16  1.3649990e-16  3.2217713e-16  4.4990541e-16  -2.7466478e-16  -4.5640365e-16  -1.0029892e-16  1.3452414e-16  -1.3492932e-16  -4.1225773e-16  9.2180931e-17  -1.7375464e-16  3.3115216e-16  -6.4005750e-16  -3.1500349e-17  1.4380568e-17  1.6213167e-16  6.5651343e-17  4.5882678e-17  -8.9523754e-16  -1.0693336e-16  -1.9818660e-16  -1.0140346e-15  2.3004374e-16  1.3779131e-16  1.1147371e-16  -1.1368744e-16  -6.6809336e-16  1.5216881e-16  9.4302109e-16  1.0000000   -4.0116602e-16  1.3649990e-16  3.2217713e-16  4.4990541e-16  -2.7466478e-16  -4.5640365e-16  -1.0029892e-16  1.3452414e-16  -1.3492932e-16  -4.1225773e-16  9.2180931e-17  -1.7375464e-16  3.3115216e-16  -6.4005750e-16  -3.1500349e-17  1.4380568e-17  1.6213167e-16  6.5651343e-17  4.5882678e-17  -8.9523754e-16  -1.0693336e-16  
-6.2603862e-16  4.6841013e-16  1.5333090e-16  -5.3825641e-16  -2.8037579e-16  -7.4016300e-17  6.9771207e-16  -8.6463166e-17  1.1066277e-16  -4.0116602e-16  1.0000000   1.9012049e-16  -5.9085276e-16  1.3097211e-16  2.6440589e-16  -1.3944764e-16  3.9717367e-16  1.8919272e-16  -9.1925940e-16  9.3187782e-17  2.9583392e-16  -6.1544223e-19  -3.7764091e-16  -4.3010946e-16  -5.3079649e-16  6.6680846e-16  -1.5701478e-16  -1.0053176e-15  2.5005752e-16  3.3179068e-16  2.0382352e-16  -6.2603862e-16  4.6841013e-16  1.5333090e-16  -5.3825641e-16  -2.8037579e-16  -7.4016300e-17  6.9771207e-16  -8.6463166e-17  1.1066277e-16  -4.0116602e-16  1.0000000   1.9012049e-16  -5.9085276e-16  1.3097211e-16  2.6440589e-16  -1.3944764e-16  3.9717367e-16  1.8919272e-16  -9.1925940e-16  9.3187782e-17  2.9583392e-16  -6.1544223e-19  -3.7764091e-16  -4.3010946e-16  -5.3079649e-16  6.6680846e-16  -1.5701478e-16  -1.0053176e-15  2.5005752e-16  3.3179068e-16  2.0382352e-16  
