1.0000000   -5.0209636e-16  8.2299758e-16  -1.6775426e-16  -3.4253149e-16  -4.5481952e-16  4.6528016e-16  -2.4695016e-16  -3.2392381e-16  -2.9979811e-16  -4.1532659e-16  -1.2098644e-15  2.0458870e-16  1.3959570e-16  -9.8067654e-16  6.2917839e-16  -1.6503179e-16  -3.1638918e-16  -4.3987400e-16  -4.8227568e-17  -4.3873724e-16  9.5442217e-18  -2.7274775e-16  -2.1106254e-17  4.7494061e-16  7.3111851e-16  -7.7882897e-16  3.9687133e-18  -5.9824355e-17  4.5687617e-17  -3.8695013e-17  1.0000000   -5.0209636e-16  8.2299758e-16  -1.6775426e-16  -3.4253149e-16  -4.5481952e-16  4.6528016e-16  -2.4695016e-16  -3.2392381e-16  -2.9979811e-16  -4.1532659e-16  -1.2098644e-15  2.0458870e-16  1.3959570e-16  -9.8067654e-16  6.2917839e-16  -1.6503179e-16  -3.1638918e-16  -4.3987400e-16  -4.8227568e-17  -4.3873724e-16  9.5442217e-18  -2.7274775e-16  -2.1106254e-17  4.7494061e-16  7.3111851e-16  -7.7882897e-16  3.9687133e-18  -5.9824355e-17  4.5687617e-17  -3.8695013e-17  
-5.0209636e-16  1.0000000   -4.5201552e-16  9.3950781e-17  1.8531730e-16  4.0773540e-16  -3.4331117e-16  3.8279091e-16  -1.0322151e-16  2.7199632e-16  -8.1664851e-16  -2.0372351e-16  -3.4408647e-16  -2.3579975e-16  2.1546847e-18  6.7764584e-16  -2.2402714e-16  6.2271056e-16  -1.5039234e-16  1.6027212e-16  -9.5905230e-16  -6.3662996e-18  -8.2976814e-16  -6.2364786e-17  -6.8972703e-16  4.0908340e-16  -1.1058811e-17  2.1283633e-16  -8.0997698e-17  -3.6228152e-16  2.0611030e-16  -5.0209636e-16  1.0000000   -4.5201552e-16  9.3950781e-17  1.8531730e-16  4.0773540e-16  -3.4331117e-16  3.8279091e-16  -1.0322151e-16  2.7199632e-16  -8.1664851e-16  -2.0372351e-16  -3.4408647e-16  -2.3579975e-16  2.1546847e-18  6.7764584e-16  -2.2402714e-16  6.2271056e-16  -1.5039234e-16  1.6027212e-16  -9.5905230e-16  -6.3662996e-18  -8.2976814e-16  -6.2364786e-17  -6.8972703e-16  4.0908340e-16  -1.1058811e-17  2.1283633e-16  -8.0997698e-17  -3.6228152e-16  2.0611030e-16  
8.2299758e-16  -4.5201552e-16  1.0000000   -5.4374044e-17  -5.0585783e-16  -2.5932167e-16  -1.7331807e-17  -4.7984500e-16  2.3872417e-16  -2.4495719e-16  5.3394924e-17  3.5919024e-16  1.3369649e-16  -1.6343140e-17  -1.2599218e-16  -3.0012754e-16  -1.1915394e-16  1.7361167e-16  -6.0662019e-17  -5.0139311e-16  2.5311366e-16  -1.6726117e-16  7.9460223e-16  -1.5105597e-16  3.6488909e-16  2.3472171e-16  -9.3035498e-17  4.2399549e-16  -1.7351816e-16  2.8855332e-16  2.8086981e-17  8.2299758e-16  -4.5201552e-16  1.0000000   -5.4374044e-17  -5.0585783e-16  -2.5932167e-16  -1.7331807e-17  -4.7984500e-16  2.3872417e-16  -2.4495719e-16  5.3394924e-17  3.5919024e-16  1.3369649e-16  -1.6343140e-17  -1.2599218e-16  -3.0012754e-16  -1.1915394e-16  1.7361167e-16  -6.0662019e-17  -5.0139311e-16  2.5311366e-16  -1.6726117e-16  7.9460223e-16  -1.5105597e-16  3.6488909e-16  2.3472171e-16  -9.3035498e-17  4.2399549e-16  -1.7351816e-16  2.8855332e-16  2.8086981e-17  
-1.6775426e-16  9.3950781e-17  -5.4374044e-17  1.0000000   9.3808932e-17  1.7529844e-16  -6.8043040e-16  -3.2879448e-16  -8.0960995e-17  7.0923476e-16  -2.2896940e-16  -2.8713464e-16  -2.6170664e-16  5.9695490e-16  -2.3767299e-16  2.6513896e-16  2.6463999e-16  -5.9368941e-17  4.4728544e-16  4.9089662e-18  5.3217449e-16  -7.1654070e-16  -1.2893151e-16  8.0380336e-17  -1.6932527e-16  2.2409604e-16  -9.4092599e-16  2.1634049e-16  5.8311125e-17  -3.8774287e-16  -6.1059455e-16  -1.6775426e-16  9.3950781e-17  -5.4374044e-17  1.0000000   9.3808932e-17  1.7529844e-16  -6.8043040e-16  -3.2879448e-16  -8.0960995e-17  7.0923476e-16  -2.2896940e-16  -2.8713464e-16  -2.6170664e-16  5.9695490e-16  -2.3767299e-16  2.6513896e-16  2.6463999e-16  -5.9368941e-17  4.4728544e-16  4.9089662e-18  5.3217449e-16  -7.1654070e-16  -1.2893151e-16  8.0380336e-17  -1.6932527e-16  2.2409604e-16  -9.4092599e-16  2.1634049e-16  5.8311125e-17  -3.8774287e-16  -6.1059455e-16  
-3.4253149e-16  1.8531730e-16  -5.0585783e-16  9.3808932e-17  1.0000000   2.9309780e-17  1.1400161e-16  -1.9612103e-16  2.2293074e-16  -5.8030296e-16  1.2672660e-15  -4.1241367e-16  2.6877533e-17  -3.9632152e-16  6.3229286e-16  2.3240249e-16  2.8224210e-16  1.7461241e-16  -4.4163772e-16  9.3368786e-17  -2.5685704e-16  -4.5046998e-16  -2.3254510e-16  -1.3775797e-16  -2.6932279e-16  -1.3954803e-16  3.8006160e-16  -5.2953934e-16  -1.0037484e-15  3.4721553e-16  5.5307668e-16  -3.4253149e-16  1.8531730e-16  -5.0585783e-16  9.3808932e-17  1.0000000   2.9309780e-17  1.1400161e-16  -1.9612103e-16  2.2293074e-16  -5.8030296e-16  1.2672660e-15  -4.1241367e-16  2.6877533e-17  -3.9632152e-16  6.3229286e-16  2.3240249e-16  2.8224210e-16  1.7461241e-16  -4.4163772e-16  9.3368786e-17  -2.5685704e-16  -4.5046998e-16  -2.3254510e-16  -1.3775797e-16  -2.6932279e-16  -1.3954803e-16  3.8006160e-16  -5.2953934e-16  -1.0037484e-15  3.4721553e-16  5.5307668e-16  
-4.5481952e-16  4.0773540e-16  -2.5932167e-16  1.7529844e-16  2.9309780e-17  1.0000000   5.9102206e-16  5.2673296e-16  3.6043114e-16  -8.5327030e-17  -9.5109155e-16  3.5246517e-17  -6.7785923e-16  2.6141723e-16  7.8251929e-16  6.7238367e-16  1.3523366e-16  -1.1043969e-16  9.1711247e-16  -1.3043244e-16  6.7842424e-17  -1.2183207e-16  -2.2586352e-16  -5.4452523e-16  2.8084217e-16  -3.1811986e-16  -4.0523408e-16  2.5169871e-16  -4.5543950e-16  4.4951038e-16  3.6829382e-16  -4.5481952e-16  4.0773540e-16  -2.5932167e-16  1.7529844e-16  2.9309780e-17  1.0000000   5.9102206e-16  5.2673296e-16  3.6043114e-16  -8.5327030e-17  -9.5109155e-16  3.5246517e-17  -6.7785923e-16  2.6141723e-16  7.8251929e-16  6.7238367e-16  1.3523366e-16  -1.1043969e-16  9.1711247e-16  -1.3043244e-16  6.7842424e-17  -1.2183207e-16  -2.2586352e-16  -5.4452523e-16  2.8084217e-16  -3.1811986e-16  -4.0523408e-16  2.5169871e-16  -4.5543950e-16  4.4951038e-16  3.6829382e-16  
4.6528016e-16  -3.4331117e-16  -1.7331807e-17  -6.8043040e-16  1.1400161e-16  5.9102206e-16  1.0000000   9.0629673e-16  4.5016197e-16  -1.7276620e-16  3.6872625e-17  -6.3253880e-16  6.0441577e-16  -3.7911520e-16  -3.9742528e-16  2.3333189e-16  6.9429989e-17  9.2013957e-17  -1.5524948e-16  -4.6827662e-16  -8.2590111e-16  -7.1198048e-16  -5.5280108e-17  4.4588060e-16  2.0478932e-16  -4.3215835e-16  -3.8312322e-16  2.5901680e-16  2.5526455e-16  9.0496228e-16  9.6715188e-17  4.6528016e-16  -3.4331117e-16  -1.7331807e-17  -6.8043040e-16  1.1400161e-16  5.9102206e-16  1.0000000   9.0629673e-16  4.5016197e-16  -1.7276620e-16  3.6872625e-17  -6.3253880e-16  6.0441577e-16  -3.7911520e-16  -3.9742528e-16  2.3333189e-16  6.9429989e-17  9.2013957e-17  -1.5524948e-16  -4.6827662e-16  -8.2590111e-16  -7.1198048e-16  -5.5280108e-17  4.4588060e-16  2.0478932e-16  -4.3215835e-16  -3.8312322e-16  2.5901680e-16  2.5526455e-16  9.0496228e-16  9.6715188e-17  
-2.4695016e-16  3.8279091e-16  -4.7984500e-16  -3.2879448e-16  -1.9612103e-16  5.2673296e-16  9.0629673e-16  1.0000000   -3.2048240e-16  -3.7260531e-16  1.9394518e-17  -6.7746847e-17  6.0480007e-17  -4.8914852e-16  6.7307890e-17  -1.1351447e-16  -2.9599094e-16  -7.8337857e-16  -4.1928012e-16  -2.4692256e-16  -1.2306315e-15  -1.0854483e-16  2.2708636e-16  3.4185289e-16  3.5458285e-16  -6.9843642e-17  -3.6832512e-16  -2.4472136e-16  2.0629242e-16  -1.4091555e-16  -3.8589137e-16  -2.4695016e-16  3.8279091e-16  -4.7984500e-16  -3.2879448e-16  -1.9612103e-16  5.2673296e-16  9.0629673e-16  1.0000000   -3.2048240e-16  -3.7260531e-16  1.9394518e-17  -6.7746847e-17  6.0480007e-17  -4.8914852e-16  6.7307890e-17  -1.1351447e-16  -2.9599094e-16  -7.8337857e-16  -4.1928012e-16  -2.4692256e-16  -1.2306315e-15  -1.0854483e-16  2.2708636e-16  3.4185289e-16  3.5458285e-16  -6.9843642e-17  -3.6832512e-16  -2.4472136e-16  2.0629242e-16  -1.4091555e-16  -3.8589137e-16  
-3.2392381e-16  -1.0322151e-16  2.3872417e-16  -8.0960995e-17  2.2293074e-16  3.6043114e-16  4.5016197e-16  -3.2048240e-16  1.0000000   -5.6624238e-16  4.4576217e-18  -4.6195156e-16  1.9013271e-16  -2.0859846e-16  -1.8303522e-16  2.4990063e-16  3.6440092e-16  6.5598968e-17  3.7475212e-16  -1.9485695e-16  1.4064675e-16  -1.7256250e-16  -7.3467083e-17  4.7929277e-16  -6.5713542e-17  -3.1510655e-16  1.0662825e-16  3.6829993e-16  -2.1027061e-16  2.9741914e-17  2.8379429e-16  -3.2392381e-16  -1.0322151e-16  2.3872417e-16  -8.0960995e-17  2.2293074e-16  3.6043114e-16  4.5016197e-16  -3.2048240e-16  1.0000000   -5.6624238e-16  4.4576217e-18  -4.6195156e-16  1.9013271e-16  -2.0859846e-16  -1.8303522e-16  2.4990063e-16  3.6440092e-16  6.5598968e-17  3.7475212e-16  -1.9485695e-16  1.4064675e-16  -1.7256250e-16  -7.3467083e-17  4.7929277e-16  -6.5713542e-17  -3.1510655e-16  1.0662825e-16  3.6829993e-16  -2.1027061e-16  2.9741914e-17  2.8379429e-16  
-2.9979811e-16  2.7199632e-16  -2.4495719e-16  7.0923476e-16  -5.8030296e-16  -8.5327030e-17  -1.7276620e-16  -3.7260531e-16  -5.6624238e-16  1.0000000   1.1318158e-15  -3.1270105e-16  -8.6350096e-17  4.6311813e-16  3.7799780e-16  -2.6684074e-16  -5.5190105e-16  -1.5457319e-16  8.8708545e-18  1.2168366e-16  -5.4646987e-16  -1.9687873e-16  3.9159553e-16  2.0872417e-16  4.2834480e-16  -9.5094166e-17  -3.8290672e-16  5.4781973e-16  -3.0583969e-16  -5.9909961e-16  1.5965906e-16  -2.9979811e-16  2.7199632e-16  -2.4495719e-16  7.0923476e-16  -5.8030296e-16  -8.5327030e-17  -1.7276620e-16  -3.7260531e-16  -5.6624238e-16  1.0000000   1.1318158e-15  -3.1270105e-16  -8.6350096e-17  4.6311813e-16  3.7799780e-16  -2.6684074e-16  -5.5190105e-16  -1.5457319e-16  8.8708545e-18  1.2168366e-16  -5.4646987e-16  -1.9687873e-16  3.9159553e-16  2.0872417e-16  4.2834480e-16  -9.5094166e-17  -3.8290672e-16  5.4781973e-16  -3.0583969e-16  -5.9909961e-16  1.5965906e-16  
-4.1532659e-16  -8.1664851e-16  5.3394924e-17  -2.2896940e-16  1.2672660e-15  -9.5109155e-16  3.6872625e-17  1.9394518e-17  4.4576217e-18  1.1318158e-15  1.0000000   -1.1835645e-16  1.8373382e-16  2.6809075e-16  2.0940192e-16  2.7155008e-16  -1.0763264e-16  -2.4771999e-16  2.0373605e-16  -7.3649440e-18  6.5070600e-16  -4.0048223e-16  6.9329907e-16  -2.6596247e-17  6.7401872e-16  -8.0793049e-16  1.9370047e-16  -1.8026608e-16  -4.9994617e-16  5.3591186e-16  8.3114678e-16  -4.1532659e-16  -8.1664851e-16  5.3394924e-17  -2.2896940e-16  1.2672660e-15  -9.5109155e-16  3.6872625e-17  1.9394518e-17  4.4576217e-18  1.1318158e-15  1.0000000   -1.1835645e-16  1.8373382e-16  2.6809075e-16  2.0940192e-16  2.7155008e-16  -1.0763264e-16  -2.4771999e-16  2.0373605e-16  -7.3649440e-18  6.5070600e-16  -4.0048223e-16  6.9329907e-16  -2.6596247e-17  6.7401872e-16  -8.0793049e-16  1.9370047e-16  -1.8026608e-16  -4.9994617e-16  5.3591186e-16  8.3114678e-16  
-1.2098644e-15  -2.0372351e-16  3.5919024e-16  -2.8713464e-16  -4.1241367e-16  3.5246517e-17  -6.3253880e-16  -6.7746847e-17  -4.6195156e-16  -3.1270105e-16  -1.1835645e-16  1.0000000   7.2506698e-16  4.7200166e-16  -5.8782432e-18  3.3020101e-16  1.8023854e-16  3.4898406e-17  1.8880697e-17  4.9127049e-16  2.6362274e-16  -5.2820710e-17  -2.2000148e-16  -6.5045572e-17  8.8683026e-17  -1.7429367e-16  -1.1964547e-16  4.2933042e-16  -2.1120727e-16  3.4652646e-16  4.9636957e-16  -1.2098644e-15  -2.0372351e-16  3.5919024e-16  -2.8713464e-16  -4.1241367e-16  3.5246517e-17  -6.3253880e-16  -6.7746847e-17  -4.6195156e-16  -3.1270105e-16  -1.1835645e-16  1.0000000   7.2506698e-16  4.7200166e-16  -5.8782432e-18  3.3020101e-16  1.8023854e-16  3.4898406e-17  1.8880697e-17  4.9127049e-16  2.6362274e-16  -5.2820710e-17  -2.2000148e-16  -6.5045572e-17  8.8683026e-17  -1.7429367e-16  -1.1964547e-16  4.2933042e-16  -2.1120727e-16  3.4652646e-16  4.9636957e-16  
2.0458870e-16  -3.4408647e-16  1.3369649e-16  -2.6170664e-16  2.6877533e-17  -6.7785923e-16  6.0441577e-16  6.0480007e-17  1.9013271e-16  -8.6350096e-17  1.8373382e-16  7.2506698e-16  1.0000000   3.3202676e-16  -3.3512306e-16  8.2282063e-16  -5.3673767e-16  -2.7163220e-16  3.0571163e-16  7.5029507e-16  -4.8808420e-16  -4.4628179e-16  -6.0820364e-16  1.2686337e-16  4.0450482e-17  -3.8999824e-16  2.1604676e-16  2.4624180e-16  -7.8440905e-16  -3.2227290e-16  1.9263958e-16  2.0458870e-16  -3.4408647e-16  1.3369649e-16  -2.6170664e-16  2.6877533e-17  -6.7785923e-16  6.0441577e-16  6.0480007e-17  1.9013271e-16  -8.6350096e-17  1.8373382e-16  7.2506698e-16  1.0000000   3.3202676e-16  -3.3512306e-16  8.2282063e-16  -5.3673767e-16  -2.7163220e-16  3.0571163e-16  7.5029507e-16  -4.8808420e-16  -4.4628179e-16  -6.0820364e-16  1.2686337e-16  4.0450482e-17  -3.8999824e-16  2.1604676e-16  2.4624180e-16  -7.8440905e-16  -3.2227290e-16  1.9263958e-16  
1.3959570e-16  -2.3579975e-16  -1.6343140e-17  5.9695490e-16  -3.9632152e-16  2.6141723e-16  -3.7911520e-16  -4.8914852e-16  -2.0859846e-16  4.6311813e-16  2.6809075e-16  4.7200166e-16  3.3202676e-16  1.0000000   1.3076074e-16  1.0438018e-16  -1.8448220e-16  -6.3311039e-17  5.9431474e-16  1.5912603e-16  -3.7854905e-16  3.0499607e-16  3.1278891e-16  -2.1383124e-16  -3.6000919e-17  4.2864147e-16  6.5758463e-16  1.6561324e-16  5.3436791e-16  -2.1325225e-16  -3.0473802e-16  1.3959570e-16  -2.3579975e-16  -1.6343140e-17  5.9695490e-16  -3.9632152e-16  2.6141723e-16  -3.7911520e-16  -4.8914852e-16  -2.0859846e-16  4.6311813e-16  2.6809075e-16  4.7200166e-16  3.3202676e-16  1.0000000   1.3076074e-16  1.0438018e-16  -1.8448220e-16  -6.3311039e-17  5.9431474e-16  1.5912603e-16  -3.7854905e-16  3.0499607e-16  3.1278891e-16  -2.1383124e-16  -3.6000919e-17  4.2864147e-16  6.5758463e-16  1.6561324e-16  5.3436791e-16  -2.1325225e-16  -3.0473802e-16  
-9.8067654e-16  2.1546847e-18  -1.2599218e-16  -2.3767299e-16  6.3229286e-16  7.8251929e-16  -3.9742528e-16  6.7307890e-17  -1.8303522e-16  3.7799780e-16  2.0940192e-16  -5.8782432e-18  -3.3512306e-16  1.3076074e-16  1.0000000   8.9854234e-17  -9.6283120e-18  -3.0872410e-16  -2.6012886e-16  8.3939470e-17  6.8072232e-16  -3.1227061e-16  -8.8336159e-17  4.9778713e-16  -2.4156429e-16  3.9194085e-16  2.4578143e-16  9.9248028e-17  -1.5414149e-16  -4.1778606e-16  -5.8597039e-16  -9.8067654e-16  2.1546847e-18  -1.2599218e-16  -2.3767299e-16  6.3229286e-16  7.8251929e-16  -3.9742528e-16  6.7307890e-17  -1.8303522e-16  3.7799780e-16  2.0940192e-16  -5.8782432e-18  -3.3512306e-16  1.3076074e-16  1.0000000   8.9854234e-17  -9.6283120e-18  -3.0872410e-16  -2.6012886e-16  8.3939470e-17  6.8072232e-16  -3.1227061e-16  -8.8336159e-17  4.9778713e-16  -2.4156429e-16  3.9194085e-16  2.4578143e-16  9.9248028e-17  -1.5414149e-16  -4.1778606e-16  -5.8597039e-16  
6.2917839e-16  6.7764584e-16  -3.0012754e-16  2.6513896e-16  2.3240249e-16  6.7238367e-16  2.3333189e-16  -1.1351447e-16  2.4990063e-16  -2.6684074e-16  2.7155008e-16  3.3020101e-16  8.2282063e-16  1.0438018e-16  8.9854234e-17  1.0000000   -3.1983270e-16  -3.8134491e-16  1.2582258e-16  7.0079450e-17  -8.2083862e-17  4.0134050e-16  -2.7486074e-16  -5.5248668e-16  -3.5927712e-16  -8.6130065e-16  9.4799749e-17  -1.4745707e-16  2.6319173e-16  -4.3691149e-16  -3.6086812e-16  6.2917839e-16  6.7764584e-16  -3.0012754e-16  2.6513896e-16  2.3240249e-16  6.7238367e-16  2.3333189e-16  -1.1351447e-16  2.4990063e-16  -2.6684074e-16  2.7155008e-16  3.3020101e-16  8.2282063e-16  1.0438018e-16  8.9854234e-17  1.0000000   -3.1983270e-16  -3.8134491e-16  1.2582258e-16  7.0079450e-17  -8.2083862e-17  4.0134050e-16  -2.7486074e-16  -5.5248668e-16  -3.5927712e-16  -8.6130065e-16  9.4799749e-17  -1.4745707e-16  2.6319173e-16  -4.3691149e-16  -3.6086812e-16  
-1.6503179e-16  -2.2402714e-16  -1.1915394e-16  2.6463999e-16  2.8224210e-16  1.3523366e-16  6.9429989e-17  -2.9599094e-16  3.6440092e-16  -5.5190105e-16  -1.0763264e-16  1.8023854e-16  -5.3673767e-16  -1.8448220e-16  -9.6283120e-18  -3.1983270e-16  1.0000000   -1.2013419e-16  1.8575858e-16  2.3135064e-17  3.7251711e-16  5.8865147e-17  -4.1203609e-16  -3.5705168e-17  -1.4216293e-16  3.3749470e-16  4.6881181e-16  -2.1469128e-16  -2.4968856e-16  6.1301978e-16  -7.8978680e-17  -1.6503179e-16  -2.2402714e-16  -1.1915394e-16  2.6463999e-16  2.8224210e-16  1.3523366e-16  6.9429989e-17  -2.9599094e-16  3.6440092e-16  -5.5190105e-16  -1.0763264e-16  1.8023854e-16  -5.3673767e-16  -1.8448220e-16  -9.6283120e-18  -3.1983270e-16  1.0000000   -1.2013419e-16  1.8575858e-16  2.3135064e-17  3.7251711e-16  5.8865147e-17  -4.1203609e-16  -3.5705168e-17  -1.4216293e-16  3.3749470e-16  4.6881181e-16  -2.1469128e-16  -2.4968856e-16  6.1301978e-16  -7.8978680e-17  
-3.1638918e-16  6.2271056e-16  1.7361167e-16  -5.9368941e-17  1.7461241e-16  -1.1043969e-16  9.2013957e-17  -7.8337857e-16  6.5598968e-17  -1.5457319e-16  -2.4771999e-16  3.4898406e-17  -2.7163220e-16  -6.3311039e-17  -3.0872410e-16  -3.8134491e-16  -1.2013419e-16  1.0000000   3.7553363e-16  6.4557611e-16  -2.7458593e-16  2.5355094e-16  -1.2356781e-16  2.4867599e-16  1.8199184e-17  2.8354646e-16  2.9644050e-16  -2.0721687e-16  -6.9184702e-16  -2.7280508e-16  -6.5218183e-16  -3.1638918e-16  6.2271056e-16  1.7361167e-16  -5.9368941e-17  1.7461241e-16  -1.1043969e-16  9.2013957e-17  -7.8337857e-16  6.5598968e-17  -1.5457319e-16  -2.4771999e-16  3.4898406e-17  -2.7163220e-16  -6.3311039e-17  -3.0872410e-16  -3.8134491e-16  -1.2013419e-16  1.0000000   3.7553363e-16  6.4557611e-16  -2.7458593e-16  2.5355094e-16  -1.2356781e-16  2.4867599e-16  1.8199184e-17  2.8354646e-16  2.9644050e-16  -2.0721687e-16  -6.9184702e-16  -2.7280508e-16  -6.5218183e-16  
-4.3987400e-16  -1.5039234e-16  -6.0662019e-17  4.4728544e-16  -4.4163772e-16  9.1711247e-16  -1.5524948e-16  -4.1928012e-16  3.7475212e-16  8.8708545e-18  2.0373605e-16  1.8880697e-17  3.0571163e-16  5.9431474e-16  -2.6012886e-16  1.2582258e-16  1.8575858e-16  3.7553363e-16  1.0000000   -4.3013140e-16  -3.8277570e-16  7.2559418e-16  -7.1278131e-16  2.1142905e-16  2.4845960e-16  -8.1561414e-17  9.1290938e-16  -3.3755089e-16  -1.4836114e-16  -2.5581591e-16  5.4082322e-16  -4.3987400e-16  -1.5039234e-16  -6.0662019e-17  4.4728544e-16  -4.4163772e-16  9.1711247e-16  -1.5524948e-16  -4.1928012e-16  3.7475212e-16  8.8708545e-18  2.0373605e-16  1.8880697e-17  3.0571163e-16  5.9431474e-16  -2.6012886e-16  1.2582258e-16  1.8575858e-16  3.7553363e-16  1.0000000   -4.3013140e-16  -3.8277570e-16  7.2559418e-16  -7.1278131e-16  2.1142905e-16  2.4845960e-16  -8.1561414e-17  9.1290938e-16  -3.3755089e-16  -1.4836114e-16  -2.5581591e-16  5.4082322e-16  
-4.8227568e-17  1.6027212e-16  -5.0139311e-16  4.9089662e-18  9.3368786e-17  -1.3043244e-16  -4.6827662e-16  -2.4692256e-16  -1.9485695e-16  1.2168366e-16  -7.3649440e-18  4.9127049e-16  7.5029507e-16  1.5912603e-16  8.3939470e-17  7.0079450e-17  2.3135064e-17  6.4557611e-16  -4.3013140e-16  1.0000000   2.6609639e-16  4.2849420e-16  -1.3360062e-16  3.2381203e-16  3.6887869e-16  -3.8296475e-16  1.5556581e-16  6.2376328e-16  -5.8541223e-16  -3.7719556e-16  3.3893110e-17  -4.8227568e-17  1.6027212e-16  -5.0139311e-16  4.9089662e-18  9.3368786e-17  -1.3043244e-16  -4.6827662e-16  -2.4692256e-16  -1.9485695e-16  1.2168366e-16  -7.3649440e-18  4.9127049e-16  7.5029507e-16  1.5912603e-16  8.3939470e-17  7.0079450e-17  2.3135064e-17  6.4557611e-16  -4.3013140e-16  1.0000000   2.6609639e-16  4.2849420e-16  -1.3360062e-16  3.2381203e-16  3.6887869e-16  -3.8296475e-16  1.5556581e-16  6.2376328e-16  -5.8541223e-16  -3.7719556e-16  3.3893110e-17  
-4.3873724e-16  -9.5905230e-16  2.5311366e-16  5.3217449e-16  -2.5685704e-16  6.7842424e-17  -8.2590111e-16  -1.2306315e-15  1.4064675e-16  -5.4646987e-16  6.5070600e-16  2.6362274e-16  -4.8808420e-16  -3.7854905e-16  6.8072232e-16  -8.2083862e-17  3.7251711e-16  -2.7458593e-16  -3.8277570e-16  2.6609639e-16  1.0000000   -1.8881200e-16  -6.8072035e-17  2.0479259e-16  -2.3748852e-18  3.3937089e-16  3.9233368e-16  9.7007886e-17  6.9651114e-16  -2.4290323e-16  5.9513898e-17  -4.3873724e-16  -9.5905230e-16  2.5311366e-16  5.3217449e-16  -2.5685704e-16  6.7842424e-17  -8.2590111e-16  -1.2306315e-15  1.4064675e-16  -5.4646987e-16  6.5070600e-16  2.6362274e-16  -4.8808420e-16  -3.7854905e-16  6.8072232e-16  -8.2083862e-17  3.7251711e-16  -2.7458593e-16  -3.8277570e-16  2.6609639e-16  1.0000000   -1.8881200e-16  -6.8072035e-17  2.0479259e-16  -2.3748852e-18  3.3937089e-16  3.9233368e-16  9.7007886e-17  6.9651114e-16  -2.4290323e-16  5.9513898e-17  
9.5442217e-18  -6.3662996e-18  -1.6726117e-16  -7.1654070e-16  -4.5046998e-16  -1.2183207e-16  -7.1198048e-16  -1.0854483e-16  -1.7256250e-16  -1.9687873e-16  -4.0048223e-16  -5.2820710e-17  -4.4628179e-16  3.0499607e-16  -3.1227061e-16  4.0134050e-16  5.8865147e-17  2.5355094e-16  7.2559418e-16  4.2849420e-16  -1.8881200e-16  1.0000000   -2.2479174e-16  -1.5080065e-18  -3.6190670e-16  5.0355500e-16  -5.7451322e-16  -1.9386265e-16  8.2097105e-16  3.1490800e-16  -8.9659840e-17  9.5442217e-18  -6.3662996e-18  -1.6726117e-16  -7.1654070e-16  -4.5046998e-16  -1.2183207e-16  -7.1198048e-16  -1.0854483e-16  -1.7256250e-16  -1.9687873e-16  -4.0048223e-16  -5.2820710e-17  -4.4628179e-16  3.0499607e-16  -3.1227061e-16  4.0134050e-16  5.8865147e-17  2.5355094e-16  7.2559418e-16  4.2849420e-16  -1.8881200e-16  1.0000000   -2.2479174e-16  -1.5080065e-18  -3.6190670e-16  5.0355500e-16  -5.7451322e-16  -1.9386265e-16  8.2097105e-16  3.1490800e-16  -8.9659840e-17  
-2.7274775e-16  -8.2976814e-16  7.9460223e-16  -1.2893151e-16  -2.3254510e-16  -2.2586352e-16  -5.5280108e-17  2.2708636e-16  -7.3467083e-17  3.9159553e-16  6.9329907e-16  -2.2000148e-16  -6.0820364e-16  3.1278891e-16  -8.8336159e-17  -2.7486074e-16  -4.1203609e-16  -1.2356781e-16  -7.1278131e-16  -1.3360062e-16  -6.8072035e-17  -2.2479174e-16  1.0000000   1.6096030e-16  -6.8424238e-16  -3.8556581e-16  4.7572919e-16  -1.3415912e-15  2.7654454e-16  -6.3533300e-17  6.4993635e-16  -2.7274775e-16  -8.2976814e-16  7.9460223e-16  -1.2893151e-16  -2.3254510e-16  -2.2586352e-16  -5.5280108e-17  2.2708636e-16  -7.3467083e-17  3.9159553e-16  6.9329907e-16  -2.2000148e-16  -6.0820364e-16  3.1278891e-16  -8.8336159e-17  -2.7486074e-16  -4.1203609e-16  -1.2356781e-16  -7.1278131e-16  -1.3360062e-16  -6.8072035e-17  -2.2479174e-16  1.0000000   1.6096030e-16  -6.8424238e-16  -3.8556581e-16  4.7572919e-16  -1.3415912e-15  2.7654454e-16  -6.3533300e-17  6.4993635e-16  
-2.1106254e-17  -6.2364786e-17  -1.5105597e-16  8.0380336e-17  -1.3775797e-16  -5.4452523e-16  4.4588060e-16  3.4185289e-16  4.7929277e-16  2.0872417e-16  -2.6596247e-17  -6.5045572e-17  1.2686337e-16  -2.1383124e-16  4.9778713e-16  -5.5248668e-16  -3.5705168e-17  2.4867599e-16  2.1142905e-16  3.2381203e-16  2.0479259e-16  -1.5080065e-18  1.6096030e-16  1.0000000   3.1424098e-16  2.7069492e-16  2.9798565e-16  2.5109452e-16  -3.1319565e-16  -1.7230858e-16  3.1927154e-16  -2.1106254e-17  -6.2364786e-17  -1.5105597e-16  8.0380336e-17  -1.3775797e-16  -5.4452523e-16  4.4588060e-16  3.4185289e-16  4.7929277e-16  2.0872417e-16  -2.6596247e-17  -6.5045572e-17  1.2686337e-16  -2.1383124e-16  4.9778713e-16  -5.5248668e-16  -3.5705168e-17  2.4867599e-16  2.1142905e-16  3.2381203e-16  2.0479259e-16  -1.5080065e-18  1.6096030e-16  1.0000000   3.1424098e-16  2.7069492e-16  2.9798565e-16  2.5109452e-16  -3.1319565e-16  -1.7230858e-16  3.1927154e-16  
4.7494061e-16  -6.8972703e-16  3.6488909e-16  -1.6932527e-16  -2.6932279e-16  2.8084217e-16  2.0478932e-16  3.5458285e-16  -6.5713542e-17  4.2834480e-16  6.7401872e-16  8.8683026e-17  4.0450482e-17  -3.6000919e-17  -2.4156429e-16  -3.5927712e-16  -1.4216293e-16  1.8199184e-17  2.4845960e-16  3.6887869e-16  -2.3748852e-18  -3.6190670e-16  -6.8424238e-16  3.1424098e-16  1.0000000   -1.3985718e-16  -9.2983796e-17  5.9668544e-16  1.9440562e-16  -4.9922188e-16  -2.2021401e-17  4.7494061e-16  -6.8972703e-16  3.6488909e-16  -1.6932527e-16  -2.6932279e-16  2.8084217e-16  2.0478932e-16  3.5458285e-16  -6.5713542e-17  4.2834480e-16  6.7401872e-16  8.8683026e-17  4.0450482e-17  -3.6000919e-17  -2.4156429e-16  -3.5927712e-16  -1.4216293e-16  1.8199184e-17  2.4845960e-16  3.6887869e-16  -2.3748852e-18  -3.6190670e-16  -6.8424238e-16  3.1424098e-16  1.0000000   -1.3985718e-16  -9.2983796e-17  5.9668544e-16  1.9440562e-16  -4.9922188e-16  -2.2021401e-17  
7.3111851e-16  4.0908340e-16  2.3472171e-16  2.2409604e-16  -1.3954803e-16  -3.1811986e-16  -4.3215835e-16  -6.9843642e-17  -3.1510655e-16  -9.5094166e-17  -8.0793049e-16  -1.7429367e-16  -3.8999824e-16  4.2864147e-16  3.9194085e-16  -8.6130065e-16  3.3749470e-16  2.8354646e-16  -8.1561414e-17  -3.8296475e-16  3.3937089e-16  5.0355500e-16  -3.8556581e-16  2.7069492e-16  -1.3985718e-16  1.0000000   2.1236520e-16  -3.1497807e-16  -2.0949462e-16  -2.0706676e-16  1.6631644e-16  7.3111851e-16  4.0908340e-16  2.3472171e-16  2.2409604e-16  -1.3954803e-16  -3.1811986e-16  -4.3215835e-16  -6.9843642e-17  -3.1510655e-16  -9.5094166e-17  -8.0793049e-16  -1.7429367e-16  -3.8999824e-16  4.2864147e-16  3.9194085e-16  -8.6130065e-16  3.3749470e-16  2.8354646e-16  -8.1561414e-17  -3.8296475e-16  3.3937089e-16  5.0355500e-16  -3.8556581e-16  2.7069492e-16  -1.3985718e-16  1.0000000   2.1236520e-16  -3.1497807e-16  -2.0949462e-16  -2.0706676e-16  1.6631644e-16  
-7.7882897e-16  -1.1058811e-17  -9.3035498e-17  -9.4092599e-16  3.8006160e-16  -4.0523408e-16  -3.8312322e-16  -3.6832512e-16  1.0662825e-16  -3.8290672e-16  1.9370047e-16  -1.1964547e-16  2.1604676e-16  6.5758463e-16  2.4578143e-16  9.4799749e-17  4.6881181e-16  2.9644050e-16  9.1290938e-16  1.5556581e-16  3.9233368e-16  -5.7451322e-16  4.7572919e-16  2.9798565e-16  -9.2983796e-17  2.1236520e-16  1.0000000   6.1955607e-16  -8.8663151e-16  1.8154784e-16  -6.5005230e-16  -7.7882897e-16  -1.1058811e-17  -9.3035498e-17  -9.4092599e-16  3.8006160e-16  -4.0523408e-16  -3.8312322e-16  -3.6832512e-16  1.0662825e-16  -3.8290672e-16  1.9370047e-16  -1.1964547e-16  2.1604676e-16  6.5758463e-16  2.4578143e-16  9.4799749e-17  4.6881181e-16  2.9644050e-16  9.1290938e-16  1.5556581e-16  3.9233368e-16  -5.7451322e-16  4.7572919e-16  2.9798565e-16  -9.2983796e-17  2.1236520e-16  1.0000000   6.1955607e-16  -8.8663151e-16  1.8154784e-16  -6.5005230e-16  
3.9687133e-18  2.1283633e-16  4.2399549e-16  2.1634049e-16  -5.2953934e-16  2.5169871e-16  2.5901680e-16  -2.4472136e-16  3.6829993e-16  5.4781973e-16  -1.8026608e-16  4.2933042e-16  2.4624180e-16  1.6561324e-16  9.9248028e-17  -1.4745707e-16  -2.1469128e-16  -2.0721687e-16  -3.3755089e-16  6.2376328e-16  9.7007886e-17  -1.9386265e-16  -1.3415912e-15  2.5109452e-16  5.9668544e-16  -3.1497807e-16  6.1955607e-16  1.0000000   2.0747447e-16  -2.5428849e-16  2.7879696e-16  3.9687133e-18  2.1283633e-16  4.2399549e-16  2.1634049e-16  -5.2953934e-16  2.5169871e-16  2.5901680e-16  -2.4472136e-16  3.6829993e-16  5.4781973e-16  -1.8026608e-16  4.2933042e-16  2.4624180e-16  1.6561324e-16  9.9248028e-17  -1.4745707e-16  -2.1469128e-16  -2.0721687e-16  -3.3755089e-16  6.2376328e-16  9.7007886e-17  -1.9386265e-16  -1.3415912e-15  2.5109452e-16  5.9668544e-16  -3.1497807e-16  6.1955607e-16  1.0000000   2.0747447e-16  -2.5428849e-16  2.7879696e-16  
-5.9824355e-17  -8.0997698e-17  -1.7351816e-16  5.8311125e-17  -1.0037484e-15  -4.5543950e-16  2.5526455e-16  2.0629242e-16  -2.1027061e-16  -3.0583969e-16  -4.9994617e-16  -2.1120727e-16  -7.8440905e-16  5.3436791e-16  -1.5414149e-16  2.6319173e-16  -2.4968856e-16  -6.9184702e-16  -1.4836114e-16  -5.8541223e-16  6.9651114e-16  8.2097105e-16  2.7654454e-16  -3.1319565e-16  1.9440562e-16  -2.0949462e-16  -8.8663151e-16  2.0747447e-16  1.0000000   -4.7527805e-16  2.3781319e-16  -5.9824355e-17  -8.0997698e-17  -1.7351816e-16  5.8311125e-17  -1.0037484e-15  -4.5543950e-16  2.5526455e-16  2.0629242e-16  -2.1027061e-16  -3.0583969e-16  -4.9994617e-16  -2.1120727e-16  -7.8440905e-16  5.3436791e-16  -1.5414149e-16  2.6319173e-16  -2.4968856e-16  -6.9184702e-16  -1.4836114e-16  -5.8541223e-16  6.9651114e-16  8.2097105e-16  2.7654454e-16  -3.1319565e-16  1.9440562e-16  -2.0949462e-16  -8.8663151e-16  2.0747447e-16  1.0000000   -4.7527805e-16  2.3781319e-16  
4.5687617e-17  -3.6228152e-16  2.8855332e-16  -3.8774287e-16  3.4721553e-16  4.4951038e-16  9.0496228e-16  -1.4091555e-16  2.9741914e-17  -5.9909961e-16  5.3591186e-16  3.4652646e-16  -3.2227290e-16  -2.1325225e-16  -4.1778606e-16  -4.3691149e-16  6.1301978e-16  -2.7280508e-16  -2.5581591e-16  -3.7719556e-16  -2.4290323e-16  3.1490800e-16  -6.3533300e-17  -1.7230858e-16  -4.9922188e-16  -2.0706676e-16  1.8154784e-16  -2.5428849e-16  -4.7527805e-16  1.0000000   -1.1299387e-16  4.5687617e-17  -3.6228152e-16  2.8855332e-16  -3.8774287e-16  3.4721553e-16  4.4951038e-16  9.0496228e-16  -1.4091555e-16  2.9741914e-17  -5.9909961e-16  5.3591186e-16  3.4652646e-16  -3.2227290e-16  -2.1325225e-16  -4.1778606e-16  -4.3691149e-16  6.1301978e-16  -2.7280508e-16  -2.5581591e-16  -3.7719556e-16  -2.4290323e-16  3.1490800e-16  -6.3533300e-17  -1.7230858e-16  -4.9922188e-16  -2.0706676e-16  1.8154784e-16  -2.5428849e-16  -4.7527805e-16  1.0000000   -1.1299387e-16  
-3.8695013e-17  2.0611030e-16  2.8086981e-17  -6.1059455e-16  5.5307668e-16  3.6829382e-16  9.6715188e-17  -3.8589137e-16  2.8379429e-16  1.5965906e-16  8.3114678e-16  4.9636957e-16  1.9263958e-16  -3.0473802e-16  -5.8597039e-16  -3.6086812e-16  -7.8978680e-17  -6.5218183e-16  5.4082322e-16  3.3893110e-17  5.9513898e-17  -8.9659840e-17  6.4993635e-16  3.1927154e-16  -2.2021401e-17  1.6631644e-16  -6.5005230e-16  2.7879696e-16  2.3781319e-16  -1.1299387e-16  1.0000000   -3.8695013e-17  2.0611030e-16  2.8086981e-17  -6.1059455e-16  5.5307668e-16  3.6829382e-16  9.6715188e-17  -3.8589137e-16  2.8379429e-16  1.5965906e-16  8.3114678e-16  4.9636957e-16  1.9263958e-16  -3.0473802e-16  -5.8597039e-16  -3.6086812e-16  -7.8978680e-17  -6.5218183e-16  5.4082322e-16  3.3893110e-17  5.9513898e-17  -8.9659840e-17  6.4993635e-16  3.1927154e-16  -2.2021401e-17  1.6631644e-16  -6.5005230e-16  2.7879696e-16  2.3781319e-16  -1.1299387e-16  1.0000000   
1.0000000   -5.0209636e-16  8.2299758e-16  -1.6775426e-16  -3.4253149e-16  -4.5481952e-16  4.6528016e-16  -2.4695016e-16  -3.2392381e-16  -2.9979811e-16  -4.1532659e-16  -1.2098644e-15  2.0458870e-16  1.3959570e-16  -9.8067654e-16  6.2917839e-16  -1.6503179e-16  -3.1638918e-16  -4.3987400e-16  -4.8227568e-17  -4.3873724e-16  9.5442217e-18  -2.7274775e-16  -2.1106254e-17  4.7494061e-16  7.3111851e-16  -7.7882897e-16  3.9687133e-18  -5.9824355e-17  4.5687617e-17  -3.8695013e-17  1.0000000   -5.0209636e-16  8.2299758e-16  -1.6775426e-16  -3.4253149e-16  -4.5481952e-16  4.6528016e-16  -2.4695016e-16  -3.2392381e-16  -2.9979811e-16  -4.1532659e-16  -1.2098644e-15  2.0458870e-16  1.3959570e-16  -9.8067654e-16  6.2917839e-16  -1.6503179e-16  -3.1638918e-16  -4.3987400e-16  -4.8227568e-17  -4.3873724e-16  9.5442217e-18  -2.7274775e-16  -2.1106254e-17  4.7494061e-16  7.3111851e-16  -7.7882897e-16  3.9687133e-18  -5.9824355e-17  4.5687617e-17  -3.8695013e-17  
-5.0209636e-16  1.0000000   -4.5201552e-16  9.3950781e-17  1.8531730e-16  4.0773540e-16  -3.4331117e-16  3.8279091e-16  -1.0322151e-16  2.7199632e-16  -8.1664851e-16  -2.0372351e-16  -3.4408647e-16  -2.3579975e-16  2.1546847e-18  6.7764584e-16  -2.2402714e-16  6.2271056e-16  -1.5039234e-16  1.6027212e-16  -9.5905230e-16  -6.3662996e-18  -8.2976814e-16  -6.2364786e-17  -6.8972703e-16  4.0908340e-16  -1.1058811e-17  2.1283633e-16  -8.0997698e-17  -3.6228152e-16  2.0611030e-16  -5.0209636e-16  1.0000000   -4.5201552e-16  9.3950781e-17  1.8531730e-16  4.0773540e-16  -3.4331117e-16  3.8279091e-16  -1.0322151e-16  2.7199632e-16  -8.1664851e-16  -2.0372351e-16  -3.4408647e-16  -2.3579975e-16  2.1546847e-18  6.7764584e-16  -2.2402714e-16  6.2271056e-16  -1.5039234e-16  1.6027212e-16  -9.5905230e-16  -6.3662996e-18  -8.2976814e-16  -6.2364786e-17  -6.8972703e-16  4.0908340e-16  -1.1058811e-17  2.1283633e-16  -8.0997698e-17  -3.6228152e-16  2.0611030e-16  
8.2299758e-16  -4.5201552e-16  1.0000000   -5.4374044e-17  -5.0585783e-16  -2.5932167e-16  -1.7331807e-17  -4.7984500e-16  2.3872417e-16  -2.4495719e-16  5.3394924e-17  3.5919024e-16  1.3369649e-16  -1.6343140e-17  -1.2599218e-16  -3.0012754e-16  -1.1915394e-16  1.7361167e-16  -6.0662019e-17  -5.0139311e-16  2.5311366e-16  -1.6726117e-16  7.9460223e-16  -1.5105597e-16  3.6488909e-16  2.3472171e-16  -9.3035498e-17  4.2399549e-16  -1.7351816e-16  2.8855332e-16  2.8086981e-17  8.2299758e-16  -4.5201552e-16  1.0000000   -5.4374044e-17  -5.0585783e-16  -2.5932167e-16  -1.7331807e-17  -4.7984500e-16  2.3872417e-16  -2.4495719e-16  5.3394924e-17  3.5919024e-16  1.3369649e-16  -1.6343140e-17  -1.2599218e-16  -3.0012754e-16  -1.1915394e-16  1.7361167e-16  -6.0662019e-17  -5.0139311e-16  2.5311366e-16  -1.6726117e-16  7.9460223e-16  -1.5105597e-16  3.6488909e-16  2.3472171e-16  -9.3035498e-17  4.2399549e-16  -1.7351816e-16  2.8855332e-16  2.8086981e-17  
-1.6775426e-16  9.3950781e-17  -5.4374044e-17  1.0000000   9.3808932e-17  1.7529844e-16  -6.8043040e-16  -3.2879448e-16  -8.0960995e-17  7.0923476e-16  -2.2896940e-16  -2.8713464e-16  -2.6170664e-16  5.9695490e-16  -2.3767299e-16  2.6513896e-16  2.6463999e-16  -5.9368941e-17  4.4728544e-16  4.9089662e-18  5.3217449e-16  -7.1654070e-16  -1.2893151e-16  8.0380336e-17  -1.6932527e-16  2.2409604e-16  -9.4092599e-16  2.1634049e-16  5.8311125e-17  -3.8774287e-16  -6.1059455e-16  -1.6775426e-16  9.3950781e-17  -5.4374044e-17  1.0000000   9.3808932e-17  1.7529844e-16  -6.8043040e-16  -3.2879448e-16  -8.0960995e-17  7.0923476e-16  -2.2896940e-16  -2.8713464e-16  -2.6170664e-16  5.9695490e-16  -2.3767299e-16  2.6513896e-16  2.6463999e-16  -5.9368941e-17  4.4728544e-16  4.9089662e-18  5.3217449e-16  -7.1654070e-16  -1.2893151e-16  8.0380336e-17  -1.6932527e-16  2.2409604e-16  -9.4092599e-16  2.1634049e-16  5.8311125e-17  -3.8774287e-16  -6.1059455e-16  
-3.4253149e-16  1.8531730e-16  -5.0585783e-16  9.3808932e-17  1.0000000   2.9309780e-17  1.1400161e-16  -1.9612103e-16  2.2293074e-16  -5.8030296e-16  1.2672660e-15  -4.1241367e-16  2.6877533e-17  -3.9632152e-16  6.3229286e-16  2.3240249e-16  2.8224210e-16  1.7461241e-16  -4.4163772e-16  9.3368786e-17  -2.5685704e-16  -4.5046998e-16  -2.3254510e-16  -1.3775797e-16  -2.6932279e-16  -1.3954803e-16  3.8006160e-16  -5.2953934e-16  -1.0037484e-15  3.4721553e-16  5.5307668e-16  -3.4253149e-16  1.8531730e-16  -5.0585783e-16  9.3808932e-17  1.0000000   2.9309780e-17  1.1400161e-16  -1.9612103e-16  2.2293074e-16  -5.8030296e-16  1.2672660e-15  -4.1241367e-16  2.6877533e-17  -3.9632152e-16  6.3229286e-16  2.3240249e-16  2.8224210e-16  1.7461241e-16  -4.4163772e-16  9.3368786e-17  -2.5685704e-16  -4.5046998e-16  -2.3254510e-16  -1.3775797e-16  -2.6932279e-16  -1.3954803e-16  3.8006160e-16  -5.2953934e-16  -1.0037484e-15  3.4721553e-16  5.5307668e-16  
-4.5481952e-16  4.0773540e-16  -2.5932167e-16  1.7529844e-16  2.9309780e-17  1.0000000   5.9102206e-16  5.2673296e-16  3.6043114e-16  -8.5327030e-17  -9.5109155e-16  3.5246517e-17  -6.7785923e-16  2.6141723e-16  7.8251929e-16  6.7238367e-16  1.3523366e-16  -1.1043969e-16  9.1711247e-16  -1.3043244e-16  6.7842424e-17  -1.2183207e-16  -2.2586352e-16  -5.4452523e-16  2.8084217e-16  -3.1811986e-16  -4.0523408e-16  2.5169871e-16  -4.5543950e-16  4.4951038e-16  3.6829382e-16  -4.5481952e-16  4.0773540e-16  -2.5932167e-16  1.7529844e-16  2.9309780e-17  1.0000000   5.9102206e-16  5.2673296e-16  3.6043114e-16  -8.5327030e-17  -9.5109155e-16  3.5246517e-17  -6.7785923e-16  2.6141723e-16  7.8251929e-16  6.7238367e-16  1.3523366e-16  -1.1043969e-16  9.1711247e-16  -1.3043244e-16  6.7842424e-17  -1.2183207e-16  -2.2586352e-16  -5.4452523e-16  2.8084217e-16  -3.1811986e-16  -4.0523408e-16  2.5169871e-16  -4.5543950e-16  4.4951038e-16  3.6829382e-16  
4.6528016e-16  -3.4331117e-16  -1.7331807e-17  -6.8043040e-16  1.1400161e-16  5.9102206e-16  1.0000000   9.0629673e-16  4.5016197e-16  -1.7276620e-16  3.6872625e-17  -6.3253880e-16  6.0441577e-16  -3.7911520e-16  -3.9742528e-16  2.3333189e-16  6.9429989e-17  9.2013957e-17  -1.5524948e-16  -4.6827662e-16  -8.2590111e-16  -7.1198048e-16  -5.5280108e-17  4.4588060e-16  2.0478932e-16  -4.3215835e-16  -3.8312322e-16  2.5901680e-16  2.5526455e-16  9.0496228e-16  9.6715188e-17  4.6528016e-16  -3.4331117e-16  -1.7331807e-17  -6.8043040e-16  1.1400161e-16  5.9102206e-16  1.0000000   9.0629673e-16  4.5016197e-16  -1.7276620e-16  3.6872625e-17  -6.3253880e-16  6.0441577e-16  -3.7911520e-16  -3.9742528e-16  2.3333189e-16  6.9429989e-17  9.2013957e-17  -1.5524948e-16  -4.6827662e-16  -8.2590111e-16  -7.1198048e-16  -5.5280108e-17  4.4588060e-16  2.0478932e-16  -4.3215835e-16  -3.8312322e-16  2.5901680e-16  2.5526455e-16  9.0496228e-16  9.6715188e-17  
-2.4695016e-16  3.8279091e-16  -4.7984500e-16  -3.2879448e-16  -1.9612103e-16  5.2673296e-16  9.0629673e-16  1.0000000   -3.2048240e-16  -3.7260531e-16  1.9394518e-17  -6.7746847e-17  6.0480007e-17  -4.8914852e-16  6.7307890e-17  -1.1351447e-16  -2.9599094e-16  -7.8337857e-16  -4.1928012e-16  -2.4692256e-16  -1.2306315e-15  -1.0854483e-16  2.2708636e-16  3.4185289e-16  3.5458285e-16  -6.9843642e-17  -3.6832512e-16  -2.4472136e-16  2.0629242e-16  -1.4091555e-16  -3.8589137e-16  -2.4695016e-16  3.8279091e-16  -4.7984500e-16  -3.2879448e-16  -1.9612103e-16  5.2673296e-16  9.0629673e-16  1.0000000   -3.2048240e-16  -3.7260531e-16  1.9394518e-17  -6.7746847e-17  6.0480007e-17  -4.8914852e-16  6.7307890e-17  -1.1351447e-16  -2.9599094e-16  -7.8337857e-16  -4.1928012e-16  -2.4692256e-16  -1.2306315e-15  -1.0854483e-16  2.2708636e-16  3.4185289e-16  3.5458285e-16  -6.9843642e-17  -3.6832512e-16  -2.4472136e-16  2.0629242e-16  -1.4091555e-16  -3.8589137e-16  
-3.2392381e-16  -1.0322151e-16  2.3872417e-16  -8.0960995e-17  2.2293074e-16  3.6043114e-16  4.5016197e-16  -3.2048240e-16  1.0000000   -5.6624238e-16  4.4576217e-18  -4.6195156e-16  1.9013271e-16  -2.0859846e-16  -1.8303522e-16  2.4990063e-16  3.6440092e-16  6.5598968e-17  3.7475212e-16  -1.9485695e-16  1.4064675e-16  -1.7256250e-16  -7.3467083e-17  4.7929277e-16  -6.5713542e-17  -3.1510655e-16  1.0662825e-16  3.6829993e-16  -2.1027061e-16  2.9741914e-17  2.8379429e-16  -3.2392381e-16  -1.0322151e-16  2.3872417e-16  -8.0960995e-17  2.2293074e-16  3.6043114e-16  4.5016197e-16  -3.2048240e-16  1.0000000   -5.6624238e-16  4.4576217e-18  -4.6195156e-16  1.9013271e-16  -2.0859846e-16  -1.8303522e-16  2.4990063e-16  3.6440092e-16  6.5598968e-17  3.7475212e-16  -1.9485695e-16  1.4064675e-16  -1.7256250e-16  -7.3467083e-17  4.7929277e-16  -6.5713542e-17  -3.1510655e-16  1.0662825e-16  3.6829993e-16  -2.1027061e-16  2.9741914e-17  2.8379429e-16  
-2.9979811e-16  2.7199632e-16  -2.4495719e-16  7.0923476e-16  -5.8030296e-16  -8.5327030e-17  -1.7276620e-16  -3.7260531e-16  -5.6624238e-16  1.0000000   1.1318158e-15  -3.1270105e-16  -8.6350096e-17  4.6311813e-16  3.7799780e-16  -2.6684074e-16  -5.5190105e-16  -1.5457319e-16  8.8708545e-18  1.2168366e-16  -5.4646987e-16  -1.9687873e-16  3.9159553e-16  2.0872417e-16  4.2834480e-16  -9.5094166e-17  -3.8290672e-16  5.4781973e-16  -3.0583969e-16  -5.9909961e-16  1.5965906e-16  -2.9979811e-16  2.7199632e-16  -2.4495719e-16  7.0923476e-16  -5.8030296e-16  -8.5327030e-17  -1.7276620e-16  -3.7260531e-16  -5.6624238e-16  1.0000000   1.1318158e-15  -3.1270105e-16  -8.6350096e-17  4.6311813e-16  3.7799780e-16  -2.6684074e-16  -5.5190105e-16  -1.5457319e-16  8.8708545e-18  1.2168366e-16  -5.4646987e-16  -1.9687873e-16  3.9159553e-16  2.0872417e-16  4.2834480e-16  -9.5094166e-17  -3.8290672e-16  5.4781973e-16  -3.0583969e-16  -5.9909961e-16  1.5965906e-16  
