1.0000000   -1.6822176e-16  4.2080863e-16  -7.3537537e-16  4.3105171e-16  2.6895587e-17  -3.7001575e-16  -5.6825977e-16  5.3414069e-16  -2.8332835e-16  5.8708103e-16  -1.3016723e-17  8.4037739e-17  -2.2898897e-16  -2.4144026e-16  3.3948480e-16  -6.8707879e-16  -9.0355743e-16  -3.6090724e-17  -3.0624554e-16  -1.9786437e-16  -2.1092007e-17  -3.8027535e-16  -5.3802660e-16  -6.2290130e-17  8.7122342e-16  1.7020743e-16  1.6292687e-16  5.7674930e-17  -3.4151171e-16  -4.2954162e-16  1.0000000   -1.6822176e-16  4.2080863e-16  -7.3537537e-16  4.3105171e-16  2.6895587e-17  -3.7001575e-16  -5.6825977e-16  5.3414069e-16  -2.8332835e-16  5.8708103e-16  -1.3016723e-17  8.4037739e-17  -2.2898897e-16  -2.4144026e-16  3.3948480e-16  -6.8707879e-16  -9.0355743e-16  -3.6090724e-17  -3.0624554e-16  -1.9786437e-16  -2.1092007e-17  -3.8027535e-16  -5.3802660e-16  -6.2290130e-17  8.7122342e-16  1.7020743e-16  1.6292687e-16  5.7674930e-17  -3.4151171e-16  -4.2954162e-16  
-1.6822176e-16  1.0000000   -9.9057069e-17  -5.1642707e-16  -7.0682856e-17  -3.4625072e-17  4.5219728e-16  6.0764166e-16  -5.8359744e-16  -2.9902893e-16  -5.7198400e-16  4.8990966e-16  2.1758154e-16  -4.7513536e-16  -2.0454903e-16  -3.6719689e-16  2.9165409e-16  7.7870420e-17  -5.4588024e-17  -9.7467601e-17  3.9689123e-17  1.1016309e-16  -5.3739196e-17  -2.6706591e-16  -7.3325964e-16  2.5796733e-16  2.9864956e-16  -4.5070052e-16  7.4514344e-16  2.6174551e-16  -4.8324965e-16  -1.6822176e-16  1.0000000   -9.9057069e-17  -5.1642707e-16  -7.0682856e-17  -3.4625072e-17  4.5219728e-16  6.0764166e-16  -5.8359744e-16  -2.9902893e-16  -5.7198400e-16  4.8990966e-16  2.1758154e-16  -4.7513536e-16  -2.0454903e-16  -3.6719689e-16  2.9165409e-16  7.7870420e-17  -5.4588024e-17  -9.7467601e-17  3.9689123e-17  1.1016309e-16  -5.3739196e-17  -2.6706591e-16  -7.3325964e-16  2.5796733e-16  2.9864956e-16  -4.5070052e-16  7.4514344e-16  2.6174551e-16  -4.8324965e-16  
4.2080863e-16  -9.9057069e-17  1.0000000   6.6386256e-16  4.9334974e-17  5.9953085e-16  -1.5197023e-16  -5.9614588e-16  -1.0409149e-15  1.0630548e-16  4.8281927e-16  -2.1121515e-16  7.2161415e-16  2.2972222e-16  1.4974527e-16  -7.3950712e-16  2.2753280e-17  3.5946938e-16  -7.8482788e-17  5.3230830e-16  5.3222889e-16  4.1060976e-16  8.1281631e-17  -7.0972895e-16  -3.6041552e-16  2.5910083e-17  1.6996508e-16  5.9267507e-16  -8.3920988e-16  2.7892267e-16  -4.3724938e-16  4.2080863e-16  -9.9057069e-17  1.0000000   6.6386256e-16  4.9334974e-17  5.9953085e-16  -1.5197023e-16  -5.9614588e-16  -1.0409149e-15  1.0630548e-16  4.8281927e-16  -2.1121515e-16  7.2161415e-16  2.2972222e-16  1.4974527e-16  -7.3950712e-16  2.2753280e-17  3.5946938e-16  -7.8482788e-17  5.3230830e-16  5.3222889e-16  4.1060976e-16  8.1281631e-17  -7.0972895e-16  -3.6041552e-16  2.5910083e-17  1.6996508e-16  5.9267507e-16  -8.3920988e-16  2.7892267e-16  -4.3724938e-16  
-7.3537537e-16  -5.1642707e-16  6.6386256e-16  1.0000000   1.0132091e-15  -8.3279449e-17  -3.2137270e-17  -3.0816239e-16  2.3391875e-16  2.0618892e-16  -4.6261340e-17  -5.2274534e-16  2.0369973e-16  6.2883846e-16  -5.8116577e-16  -1.0140905e-15  5.0356418e-16  2.5597529e-16  3.6928366e-16  -4.5602736e-16  1.4222364e-16  -4.3417225e-16  -3.2300136e-16  -1.4880190e-16  -4.9479906e-16  -3.0142065e-16  -4.3459103e-16  -1.4306651e-18  -6.9655370e-16  3.6159789e-16  6.6521410e-16  -7.3537537e-16  -5.1642707e-16  6.6386256e-16  1.0000000   1.0132091e-15  -8.3279449e-17  -3.2137270e-17  -3.0816239e-16  2.3391875e-16  2.0618892e-16  -4.6261340e-17  -5.2274534e-16  2.0369973e-16  6.2883846e-16  -5.8116577e-16  -1.0140905e-15  5.0356418e-16  2.5597529e-16  3.6928366e-16  -4.5602736e-16  1.4222364e-16  -4.3417225e-16  -3.2300136e-16  -1.4880190e-16  -4.9479906e-16  -3.0142065e-16  -4.3459103e-16  -1.4306651e-18  -6.9655370e-16  3.6159789e-16  6.6521410e-16  
4.3105171e-16  -7.0682856e-17  4.9334974e-17  1.0132091e-15  1.0000000   -4.0128561e-17  3.0573016e-16  7.6690049e-16  -3.0159815e-17  -1.3596013e-16  -4.7821363e-16  -1.3950529e-16  4.7625765e-16  3.0319298e-16  -7.0230463e-16  3.7403206e-16  1.4128987e-16  3.1123159e-16  -4.4688415e-16  -3.5374336e-16  -2.2252152e-16  -2.0892412e-16  -2.3021186e-16  -2.5549445e-16  -1.2737436e-16  3.6874532e-16  -3.0782755e-16  5.2736837e-16  6.2554527e-16  -9.2789761e-17  3.0076143e-16  4.3105171e-16  -7.0682856e-17  4.9334974e-17  1.0132091e-15  1.0000000   -4.0128561e-17  3.0573016e-16  7.6690049e-16  -3.0159815e-17  -1.3596013e-16  -4.7821363e-16  -1.3950529e-16  4.7625765e-16  3.0319298e-16  -7.0230463e-16  3.7403206e-16  1.4128987e-16  3.1123159e-16  -4.4688415e-16  -3.5374336e-16  -2.2252152e-16  -2.0892412e-16  -2.3021186e-16  -2.5549445e-16  -1.2737436e-16  3.6874532e-16  -3.0782755e-16  5.2736837e-16  6.2554527e-16  -9.2789761e-17  3.0076143e-16  
2.6895587e-17  -3.4625072e-17  5.9953085e-16  -8.3279449e-17  -4.0128561e-17  1.0000000   5.4635294e-16  -6.6186183e-17  -2.9609470e-16  -4.1945647e-16  1.3071609e-15  -4.4566684e-16  -7.7824718e-16  -1.7589919e-16  -1.2765087e-16  -1.1335037e-16  -2.7929461e-16  4.4121092e-16  -8.4309101e-16  -2.1784925e-17  -8.3108857e-16  4.4324291e-17  -1.7943038e-16  1.7523349e-16  -7.1677016e-16  4.8832035e-17  -3.6809018e-16  3.9206390e-17  5.7100602e-16  -7.8225755e-16  3.3548264e-16  2.6895587e-17  -3.4625072e-17  5.9953085e-16  -8.3279449e-17  -4.0128561e-17  1.0000000   5.4635294e-16  -6.6186183e-17  -2.9609470e-16  -4.1945647e-16  1.3071609e-15  -4.4566684e-16  -7.7824718e-16  -1.7589919e-16  -1.2765087e-16  -1.1335037e-16  -2.7929461e-16  4.4121092e-16  -8.4309101e-16  -2.1784925e-17  -8.3108857e-16  4.4324291e-17  -1.7943038e-16  1.7523349e-16  -7.1677016e-16  4.8832035e-17  -3.6809018e-16  3.9206390e-17  5.7100602e-16  -7.8225755e-16  3.3548264e-16  
-3.7001575e-16  4.5219728e-16  -1.5197023e-16  -3.2137270e-17  3.0573016e-16  5.4635294e-16  1.0000000   -3.0112089e-16  2.9748531e-16  5.3785600e-16  -3.5132672e-16  -3.0765485e-16  -1.4789126e-16  1.0896706e-16  1.6937923e-17  5.8731369e-16  -2.3950954e-16  9.0394235e-16  -2.9700534e-16  -8.6053699e-16  -6.2142480e-16  1.7703697e-16  -7.4556714e-17  1.2625398e-16  6.5856611e-17  -7.9883651e-17  2.3278027e-17  -7.2986232e-16  4.7276012e-16  -9.1024587e-17  -4.2762898e-17  -3.7001575e-16  4.5219728e-16  -1.5197023e-16  -3.2137270e-17  3.0573016e-16  5.4635294e-16  1.0000000   -3.0112089e-16  2.9748531e-16  5.3785600e-16  -3.5132672e-16  -3.0765485e-16  -1.4789126e-16  1.0896706e-16  1.6937923e-17  5.8731369e-16  -2.3950954e-16  9.0394235e-16  -2.9700534e-16  -8.6053699e-16  -6.2142480e-16  1.7703697e-16  -7.4556714e-17  1.2625398e-16  6.5856611e-17  -7.9883651e-17  2.3278027e-17  -7.2986232e-16  4.7276012e-16  -9.1024587e-17  -4.2762898e-17  
-5.6825977e-16  6.0764166e-16  -5.9614588e-16  -3.0816239e-16  7.6690049e-16  -6.6186183e-17  -3.0112089e-16  1.0000000   2.1157700e-16  5.1162466e-17  -1.1666111e-15  3.2718574e-16  -1.3826394e-16  -2.1356537e-16  2.1709109e-17  -3.4248833e-16  -3.3039204e-16  -2.2288755e-16  5.3065340e-18  -3.9849325e-16  9.0846806e-16  -7.5652562e-16  -1.8178943e-16  5.0297822e-16  9.7441719e-17  -1.9669011e-16  1.2316943e-16  5.3308702e-16  -4.9563142e-16  6.5029129e-16  5.0409550e-16  -5.6825977e-16  6.0764166e-16  -5.9614588e-16  -3.0816239e-16  7.6690049e-16  -6.6186183e-17  -3.0112089e-16  1.0000000   2.1157700e-16  5.1162466e-17  -1.1666111e-15  3.2718574e-16  -1.3826394e-16  -2.1356537e-16  2.1709109e-17  -3.4248833e-16  -3.3039204e-16  -2.2288755e-16  5.3065340e-18  -3.9849325e-16  9.0846806e-16  -7.5652562e-16  -1.8178943e-16  5.0297822e-16  9.7441719e-17  -1.9669011e-16  1.2316943e-16  5.3308702e-16  -4.9563142e-16  6.5029129e-16  5.0409550e-16  
5.3414069e-16  -5.8359744e-16  -1.0409149e-15  2.3391875e-16  -3.0159815e-17  -2.9609470e-16  2.9748531e-16  2.1157700e-16  1.0000000   5.8207860e-16  -9.0759436e-16  7.4567441e-16  -8.2528246e-17  -5.5791547e-16  5.4519488e-16  -1.7434239e-16  -1.3473551e-15  -5.5565758e-18  6.6551553e-16  -7.9769170e-16  -3.7267541e-17  -3.3358757e-16  5.8385178e-16  2.4215331e-16  -5.2750513e-16  -5.9743806e-16  2.4773942e-16  -7.3567736e-16  2.8230514e-16  1.8320206e-17  -1.0779147e-16  5.3414069e-16  -5.8359744e-16  -1.0409149e-15  2.3391875e-16  -3.0159815e-17  -2.9609470e-16  2.9748531e-16  2.1157700e-16  1.0000000   5.8207860e-16  -9.0759436e-16  7.4567441e-16  -8.2528246e-17  -5.5791547e-16  5.4519488e-16  -1.7434239e-16  -1.3473551e-15  -5.5565758e-18  6.6551553e-16  -7.9769170e-16  -3.7267541e-17  -3.3358757e-16  5.8385178e-16  2.4215331e-16  -5.2750513e-16  -5.9743806e-16  2.4773942e-16  -7.3567736e-16  2.8230514e-16  1.8320206e-17  -1.0779147e-16  
-2.8332835e-16  -2.9902893e-16  1.0630548e-16  2.0618892e-16  -1.3596013e-16  -4.1945647e-16  5.3785600e-16  5.1162466e-17  5.8207860e-16  1.0000000   -1.0768048e-15  3.1327957e-17  5.5305932e-16  -3.5244464e-17  5.2351268e-18  -6.7797856e-16  -8.9058063e-17  -2.4965819e-16  7.5640931e-16  1.5062579e-16  2.8904833e-16  3.1497036e-17  -2.1419242e-16  2.5284818e-16  -1.0168794e-15  -5.6664667e-16  -1.5313337e-16  -3.4836281e-16  4.0767270e-16  -5.8861914e-16  4.2854026e-16  -2.8332835e-16  -2.9902893e-16  1.0630548e-16  2.0618892e-16  -1.3596013e-16  -4.1945647e-16  5.3785600e-16  5.1162466e-17  5.8207860e-16  1.0000000   -1.0768048e-15  3.1327957e-17  5.5305932e-16  -3.5244464e-17  5.2351268e-18  -6.7797856e-16  -8.9058063e-17  -2.4965819e-16  7.5640931e-16  1.5062579e-16  2.8904833e-16  3.1497036e-17  -2.1419242e-16  2.5284818e-16  -1.0168794e-15  -5.6664667e-16  -1.5313337e-16  -3.4836281e-16  4.0767270e-16  -5.8861914e-16  4.2854026e-16  
5.8708103e-16  -5.7198400e-16  4.8281927e-16  -4.6261340e-17  -4.7821363e-16  1.3071609e-15  -3.5132672e-16  -1.1666111e-15  -9.0759436e-16  -1.0768048e-15  1.0000000   -4.2749711e-16  -2.9012688e-16  4.1599954e-16  -1.5857569e-17  -5.4963043e-16  8.2725954e-16  6.5549018e-16  -5.5653280e-16  4.0692700e-16  -3.5957520e-16  1.3806999e-15  8.1706262e-16  1.0781981e-16  -1.9205204e-16  8.7080520e-16  3.6952277e-16  8.1030292e-16  4.6379405e-16  -1.1936338e-16  -6.0959015e-16  5.8708103e-16  -5.7198400e-16  4.8281927e-16  -4.6261340e-17  -4.7821363e-16  1.3071609e-15  -3.5132672e-16  -1.1666111e-15  -9.0759436e-16  -1.0768048e-15  1.0000000   -4.2749711e-16  -2.9012688e-16  4.1599954e-16  -1.5857569e-17  -5.4963043e-16  8.2725954e-16  6.5549018e-16  -5.5653280e-16  4.0692700e-16  -3.5957520e-16  1.3806999e-15  8.1706262e-16  1.0781981e-16  -1.9205204e-16  8.7080520e-16  3.6952277e-16  8.1030292e-16  4.6379405e-16  -1.1936338e-16  -6.0959015e-16  
-1.3016723e-17  4.8990966e-16  -2.1121515e-16  -5.2274534e-16  -1.3950529e-16  -4.4566684e-16  -3.0765485e-16  3.2718574e-16  7.4567441e-16  3.1327957e-17  -4.2749711e-16  1.0000000   -4.6223487e-16  -8.0499318e-17  1.7933408e-16  1.0365012e-15  1.8565056e-16  3.4493370e-16  -7.3168741e-18  -2.8905815e-16  -1.5746097e-16  -7.4363889e-16  -4.3860884e-16  -2.2417819e-16  2.6814796e-16  1.3056986e-17  9.2052666e-16  -1.0938050e-15  2.7944335e-17  3.0670674e-16  1.2384392e-17  -1.3016723e-17  4.8990966e-16  -2.1121515e-16  -5.2274534e-16  -1.3950529e-16  -4.4566684e-16  -3.0765485e-16  3.2718574e-16  7.4567441e-16  3.1327957e-17  -4.2749711e-16  1.0000000   -4.6223487e-16  -8.0499318e-17  1.7933408e-16  1.0365012e-15  1.8565056e-16  3.4493370e-16  -7.3168741e-18  -2.8905815e-16  -1.5746097e-16  -7.4363889e-16  -4.3860884e-16  -2.2417819e-16  2.6814796e-16  1.3056986e-17  9.2052666e-16  -1.0938050e-15  2.7944335e-17  3.0670674e-16  1.2384392e-17  
8.4037739e-17  2.1758154e-16  7.2161415e-16  2.0369973e-16  4.7625765e-16  -7.7824718e-16  -1.4789126e-16  -1.3826394e-16  -8.2528246e-17  5.5305932e-16  -2.9012688e-16  -4.6223487e-16  1.0000000   1.0926525e-16  -4.7511340e-16  1.7598705e-16  2.5303740e-18  1.7453705e-16  4.8327264e-16  -2.5452365e-16  9.2847715e-18  6.4334633e-16  1.0338470e-16  8.2771111e-16  -4.1591805e-16  -7.6072161e-17  2.5108820e-16  -2.1111855e-16  5.6150805e-16  2.2364234e-16  8.4245096e-16  8.4037739e-17  2.1758154e-16  7.2161415e-16  2.0369973e-16  4.7625765e-16  -7.7824718e-16  -1.4789126e-16  -1.3826394e-16  -8.2528246e-17  5.5305932e-16  -2.9012688e-16  -4.6223487e-16  1.0000000   1.0926525e-16  -4.7511340e-16  1.7598705e-16  2.5303740e-18  1.7453705e-16  4.8327264e-16  -2.5452365e-16  9.2847715e-18  6.4334633e-16  1.0338470e-16  8.2771111e-16  -4.1591805e-16  -7.6072161e-17  2.5108820e-16  -2.1111855e-16  5.6150805e-16  2.2364234e-16  8.4245096e-16  
-2.2898897e-16  -4.7513536e-16  2.2972222e-16  6.2883846e-16  3.0319298e-16  -1.7589919e-16  1.0896706e-16  -2.1356537e-16  -5.5791547e-16  -3.5244464e-17  4.1599954e-16  -8.0499318e-17  1.0926525e-16  1.0000000   -1.0047529e-16  -2.4303678e-16  -5.1787755e-16  1.2273879e-16  -1.1420218e-16  -5.1669587e-16  2.1107578e-16  -2.0329645e-16  -1.3940379e-16  1.3671608e-16  4.4593566e-16  3.9284413e-16  -1.0440675e-16  -2.2777043e-16  1.9531649e-16  -4.4966384e-16  1.1101774e-16  -2.2898897e-16  -4.7513536e-16  2.2972222e-16  6.2883846e-16  3.0319298e-16  -1.7589919e-16  1.0896706e-16  -2.1356537e-16  -5.5791547e-16  -3.5244464e-17  4.1599954e-16  -8.0499318e-17  1.0926525e-16  1.0000000   -1.0047529e-16  -2.4303678e-16  -5.1787755e-16  1.2273879e-16  -1.1420218e-16  -5.1669587e-16  2.1107578e-16  -2.0329645e-16  -1.3940379e-16  1.3671608e-16  4.4593566e-16  3.9284413e-16  -1.0440675e-16  -2.2777043e-16  1.9531649e-16  -4.4966384e-16  1.1101774e-16  
-2.4144026e-16  -2.0454903e-16  1.4974527e-16  -5.8116577e-16  -7.0230463e-16  -1.2765087e-16  1.6937923e-17  2.1709109e-17  5.4519488e-16  5.2351268e-18  -1.5857569e-17  1.7933408e-16  -4.7511340e-16  -1.0047529e-16  1.0000000   -3.8716619e-16  -7.3575260e-17  4.4929609e-16  2.8650837e-16  3.8914842e-16  1.3775990e-16  1.1811002e-15  5.9070930e-16  -1.8518108e-16  6.7237246e-16  2.5138868e-16  7.6354025e-16  1.0218645e-15  4.4345136e-16  -3.2020294e-16  -7.6633184e-16  -2.4144026e-16  -2.0454903e-16  1.4974527e-16  -5.8116577e-16  -7.0230463e-16  -1.2765087e-16  1.6937923e-17  2.1709109e-17  5.4519488e-16  5.2351268e-18  -1.5857569e-17  1.7933408e-16  -4.7511340e-16  -1.0047529e-16  1.0000000   -3.8716619e-16  -7.3575260e-17  4.4929609e-16  2.8650837e-16  3.8914842e-16  1.3775990e-16  1.1811002e-15  5.9070930e-16  -1.8518108e-16  6.7237246e-16  2.5138868e-16  7.6354025e-16  1.0218645e-15  4.4345136e-16  -3.2020294e-16  -7.6633184e-16  
3.3948480e-16  -3.6719689e-16  -7.3950712e-16  -1.0140905e-15  3.7403206e-16  -1.1335037e-16  5.8731369e-16  -3.4248833e-16  -1.7434239e-16  -6.7797856e-16  -5.4963043e-16  1.0365012e-15  1.7598705e-16  -2.4303678e-16  -3.8716619e-16  1.0000000   5.5197776e-17  -3.9279457e-16  2.0230161e-16  6.0741118e-16  3.0551253e-16  -1.0353688e-16  -7.0518037e-16  7.9654928e-16  -1.7607057e-16  -1.5919951e-16  7.1880040e-17  4.3428100e-16  -9.0843883e-16  -5.5439504e-16  -1.2426747e-16  3.3948480e-16  -3.6719689e-16  -7.3950712e-16  -1.0140905e-15  3.7403206e-16  -1.1335037e-16  5.8731369e-16  -3.4248833e-16  -1.7434239e-16  -6.7797856e-16  -5.4963043e-16  1.0365012e-15  1.7598705e-16  -2.4303678e-16  -3.8716619e-16  1.0000000   5.5197776e-17  -3.9279457e-16  2.0230161e-16  6.0741118e-16  3.0551253e-16  -1.0353688e-16  -7.0518037e-16  7.9654928e-16  -1.7607057e-16  -1.5919951e-16  7.1880040e-17  4.3428100e-16  -9.0843883e-16  -5.5439504e-16  -1.2426747e-16  
-6.8707879e-16  2.9165409e-16  2.2753280e-17  5.0356418e-16  1.4128987e-16  -2.7929461e-16  -2.3950954e-16  -3.3039204e-16  -1.3473551e-15  -8.9058063e-17  8.2725954e-16  1.8565056e-16  2.5303740e-18  -5.1787755e-16  -7.3575260e-17  5.5197776e-17  1.0000000   4.9908992e-16  -8.3376615e-16  3.0422737e-17  -1.9961763e-16  6.3262644e-16  5.2052200e-17  -2.8377062e-16  -4.1939523e-16  1.7037376e-16  2.9503019e-16  8.6236023e-16  4.9010628e-17  -5.2196948e-17  -1.9630860e-16  -6.8707879e-16  2.9165409e-16  2.2753280e-17  5.0356418e-16  1.4128987e-16  -2.7929461e-16  -2.3950954e-16  -3.3039204e-16  -1.3473551e-15  -8.9058063e-17  8.2725954e-16  1.8565056e-16  2.5303740e-18  -5.1787755e-16  -7.3575260e-17  5.5197776e-17  1.0000000   4.9908992e-16  -8.3376615e-16  3.0422737e-17  -1.9961763e-16  6.3262644e-16  5.2052200e-17  -2.8377062e-16  -4.1939523e-16  1.7037376e-16  2.9503019e-16  8.6236023e-16  4.9010628e-17  -5.2196948e-17  -1.9630860e-16  
-9.0355743e-16  7.7870420e-17  3.5946938e-16  2.5597529e-16  3.1123159e-16  4.4121092e-16  9.0394235e-16  -2.2288755e-16  -5.5565758e-18  -2.4965819e-16  6.5549018e-16  3.4493370e-16  1.7453705e-16  1.2273879e-16  4.4929609e-16  -3.9279457e-16  4.9908992e-16  1.0000000   2.1175139e-16  2.2430102e-16  -3.3132991e-17  4.8188037e-16  1.0577081e-15  -3.0006449e-16  3.3975209e-16  8.2085935e-16  -3.8409056e-16  4.0818174e-16  -6.4746182e-16  -2.1164770e-16  -6.8421944e-16  -9.0355743e-16  7.7870420e-17  3.5946938e-16  2.5597529e-16  3.1123159e-16  4.4121092e-16  9.0394235e-16  -2.2288755e-16  -5.5565758e-18  -2.4965819e-16  6.5549018e-16  3.4493370e-16  1.7453705e-16  1.2273879e-16  4.4929609e-16  -3.9279457e-16  4.9908992e-16  1.0000000   2.1175139e-16  2.2430102e-16  -3.3132991e-17  4.8188037e-16  1.0577081e-15  -3.0006449e-16  3.3975209e-16  8.2085935e-16  -3.8409056e-16  4.0818174e-16  -6.4746182e-16  -2.1164770e-16  -6.8421944e-16  
-3.6090724e-17  -5.4588024e-17  -7.8482788e-17  3.6928366e-16  -4.4688415e-16  -8.4309101e-16  -2.9700534e-16  5.3065340e-18  6.6551553e-16  7.5640931e-16  -5.5653280e-16  -7.3168741e-18  4.8327264e-16  -1.1420218e-16  2.8650837e-16  2.0230161e-16  -8.3376615e-16  2.1175139e-16  1.0000000   9.5064591e-17  9.6067795e-16  -1.5327453e-16  3.2779390e-16  -1.6632167e-17  -2.2328043e-16  -2.1387428e-16  -2.0579583e-16  -6.8332366e-17  -1.5425990e-16  -3.3400625e-16  4.5613788e-16  -3.6090724e-17  -5.4588024e-17  -7.8482788e-17  3.6928366e-16  -4.4688415e-16  -8.4309101e-16  -2.9700534e-16  5.3065340e-18  6.6551553e-16  7.5640931e-16  -5.5653280e-16  -7.3168741e-18  4.8327264e-16  -1.1420218e-16  2.8650837e-16  2.0230161e-16  -8.3376615e-16  2.1175139e-16  1.0000000   9.5064591e-17  9.6067795e-16  -1.5327453e-16  3.2779390e-16  -1.6632167e-17  -2.2328043e-16  -2.1387428e-16  -2.0579583e-16  -6.8332366e-17  -1.5425990e-16  -3.3400625e-16  4.5613788e-16  
-3.0624554e-16  -9.7467601e-17  5.3230830e-16  -4.5602736e-16  -3.5374336e-16  -2.1784925e-17  -8.6053699e-16  -3.9849325e-16  -7.9769170e-16  1.5062579e-16  4.0692700e-16  -2.8905815e-16  -2.5452365e-16  -5.1669587e-16  3.8914842e-16  6.0741118e-16  3.0422737e-17  2.2430102e-16  9.5064591e-17  1.0000000   -3.5148809e-16  -2.0686493e-16  -1.8102246e-16  9.2893336e-17  -7.4267255e-16  -1.0641839e-15  -2.1508294e-17  -9.9139365e-16  1.1946177e-15  4.3162790e-16  5.8369960e-16  -3.0624554e-16  -9.7467601e-17  5.3230830e-16  -4.5602736e-16  -3.5374336e-16  -2.1784925e-17  -8.6053699e-16  -3.9849325e-16  -7.9769170e-16  1.5062579e-16  4.0692700e-16  -2.8905815e-16  -2.5452365e-16  -5.1669587e-16  3.8914842e-16  6.0741118e-16  3.0422737e-17  2.2430102e-16  9.5064591e-17  1.0000000   -3.5148809e-16  -2.0686493e-16  -1.8102246e-16  9.2893336e-17  -7.4267255e-16  -1.0641839e-15  -2.1508294e-17  -9.9139365e-16  1.1946177e-15  4.3162790e-16  5.8369960e-16  
-1.9786437e-16  3.9689123e-17  5.3222889e-16  1.4222364e-16  -2.2252152e-16  -8.3108857e-16  -6.2142480e-16  9.0846806e-16  -3.7267541e-17  2.8904833e-16  -3.5957520e-16  -1.5746097e-16  9.2847715e-18  2.1107578e-16  1.3775990e-16  3.0551253e-16  -1.9961763e-16  -3.3132991e-17  9.6067795e-16  -3.5148809e-16  1.0000000   5.8861405e-16  -3.6060702e-16  -5.8283674e-16  5.9767902e-17  5.3801135e-16  4.3101033e-16  -4.7404175e-16  6.3549979e-16  -2.2234003e-18  -1.6907885e-16  -1.9786437e-16  3.9689123e-17  5.3222889e-16  1.4222364e-16  -2.2252152e-16  -8.3108857e-16  -6.2142480e-16  9.0846806e-16  -3.7267541e-17  2.8904833e-16  -3.5957520e-16  -1.5746097e-16  9.2847715e-18  2.1107578e-16  1.3775990e-16  3.0551253e-16  -1.9961763e-16  -3.3132991e-17  9.6067795e-16  -3.5148809e-16  1.0000000   5.8861405e-16  -3.6060702e-16  -5.8283674e-16  5.9767902e-17  5.3801135e-16  4.3101033e-16  -4.7404175e-16  6.3549979e-16  -2.2234003e-18  -1.6907885e-16  
-2.1092007e-17  1.1016309e-16  4.1060976e-16  -4.3417225e-16  -2.0892412e-16  4.4324291e-17  1.7703697e-16  -7.5652562e-16  -3.3358757e-16  3.1497036e-17  1.3806999e-15  -7.4363889e-16  6.4334633e-16  -2.0329645e-16  1.1811002e-15  -1.0353688e-16  6.3262644e-16  4.8188037e-16  -1.5327453e-16  -2.0686493e-16  5.8861405e-16  1.0000000   -2.1154852e-16  2.4129382e-16  1.2981575e-16  5.7673929e-16  -2.2674189e-16  -2.7855944e-16  -2.9439379e-16  2.9708715e-16  2.1079369e-16  -2.1092007e-17  1.1016309e-16  4.1060976e-16  -4.3417225e-16  -2.0892412e-16  4.4324291e-17  1.7703697e-16  -7.5652562e-16  -3.3358757e-16  3.1497036e-17  1.3806999e-15  -7.4363889e-16  6.4334633e-16  -2.0329645e-16  1.1811002e-15  -1.0353688e-16  6.3262644e-16  4.8188037e-16  -1.5327453e-16  -2.0686493e-16  5.8861405e-16  1.0000000   -2.1154852e-16  2.4129382e-16  1.2981575e-16  5.7673929e-16  -2.2674189e-16  -2.7855944e-16  -2.9439379e-16  2.9708715e-16  2.1079369e-16  
-3.8027535e-16  -5.3739196e-17  8.1281631e-17  -3.2300136e-16  -2.3021186e-16  -1.7943038e-16  -7.4556714e-17  -1.8178943e-16  5.8385178e-16  -2.1419242e-16  8.1706262e-16  -4.3860884e-16  1.0338470e-16  -1.3940379e-16  5.9070930e-16  -7.0518037e-16  5.2052200e-17  1.0577081e-15  3.2779390e-16  -1.8102246e-16  -3.6060702e-16  -2.1154852e-16  1.0000000   2.1536383e-17  1.6966638e-16  7.8569525e-16  6.4665781e-16  -1.7148467e-16  -3.6513930e-16  -3.8313922e-16  -1.3923170e-16  -3.8027535e-16  -5.3739196e-17  8.1281631e-17  -3.2300136e-16  -2.3021186e-16  -1.7943038e-16  -7.4556714e-17  -1.8178943e-16  5.8385178e-16  -2.1419242e-16  8.1706262e-16  -4.3860884e-16  1.0338470e-16  -1.3940379e-16  5.9070930e-16  -7.0518037e-16  5.2052200e-17  1.0577081e-15  3.2779390e-16  -1.8102246e-16  -3.6060702e-16  -2.1154852e-16  1.0000000   2.1536383e-17  1.6966638e-16  7.8569525e-16  6.4665781e-16  -1.7148467e-16  -3.6513930e-16  -3.8313922e-16  -1.3923170e-16  
-5.3802660e-16  -2.6706591e-16  -7.0972895e-16  -1.4880190e-16  -2.5549445e-16  1.7523349e-16  1.2625398e-16  5.0297822e-16  2.4215331e-16  2.5284818e-16  1.0781981e-16  -2.2417819e-16  8.2771111e-16  1.3671608e-16  -1.8518108e-16  7.9654928e-16  -2.8377062e-16  -3.0006449e-16  -1.6632167e-17  9.2893336e-17  -5.8283674e-16  2.4129382e-16  2.1536383e-17  1.0000000   -1.7565387e-16  -6.0415213e-16  -4.7800923e-16  -6.0127539e-16  6.0114977e-17  4.0775239e-16  -4.2888391e-16  -5.3802660e-16  -2.6706591e-16  -7.0972895e-16  -1.4880190e-16  -2.5549445e-16  1.7523349e-16  1.2625398e-16  5.0297822e-16  2.4215331e-16  2.5284818e-16  1.0781981e-16  -2.2417819e-16  8.2771111e-16  1.3671608e-16  -1.8518108e-16  7.9654928e-16  -2.8377062e-16  -3.0006449e-16  -1.6632167e-17  9.2893336e-17  -5.8283674e-16  2.4129382e-16  2.1536383e-17  1.0000000   -1.7565387e-16  -6.0415213e-16  -4.7800923e-16  -6.0127539e-16  6.0114977e-17  4.0775239e-16  -4.2888391e-16  
-6.2290130e-17  -7.3325964e-16  -3.6041552e-16  -4.9479906e-16  -1.2737436e-16  -7.1677016e-16  6.5856611e-17  9.7441719e-17  -5.2750513e-16  -1.0168794e-15  -1.9205204e-16  2.6814796e-16  -4.1591805e-16  4.4593566e-16  6.7237246e-16  -1.7607057e-16  -4.1939523e-16  3.3975209e-16  -2.2328043e-16  -7.4267255e-16  5.9767902e-17  1.2981575e-16  1.6966638e-16  -1.7565387e-16  1.0000000   7.5950293e-17  2.5431306e-17  -2.7785340e-17  1.1674726e-16  -1.9643202e-16  -5.0066418e-16  -6.2290130e-17  -7.3325964e-16  -3.6041552e-16  -4.9479906e-16  -1.2737436e-16  -7.1677016e-16  6.5856611e-17  9.7441719e-17  -5.2750513e-16  -1.0168794e-15  -1.9205204e-16  2.6814796e-16  -4.1591805e-16  4.4593566e-16  6.7237246e-16  -1.7607057e-16  -4.1939523e-16  3.3975209e-16  -2.2328043e-16  -7.4267255e-16  5.9767902e-17  1.2981575e-16  1.6966638e-16  -1.7565387e-16  1.0000000   7.5950293e-17  2.5431306e-17  -2.7785340e-17  1.1674726e-16  -1.9643202e-16  -5.0066418e-16  
8.7122342e-16  2.5796733e-16  2.5910083e-17  -3.0142065e-16  3.6874532e-16  4.8832035e-17  -7.9883651e-17  -1.9669011e-16  -5.9743806e-16  -5.6664667e-16  8.7080520e-16  1.3056986e-17  -7.6072161e-17  3.9284413e-16  2.5138868e-16  -1.5919951e-16  1.7037376e-16  8.2085935e-16  -2.1387428e-16  -1.0641839e-15  5.3801135e-16  5.7673929e-16  7.8569525e-16  -6.0415213e-16  7.5950293e-17  1.0000000   3.8440044e-16  -4.0710025e-16  6.6897767e-16  5.5825187e-16  3.2763250e-16  8.7122342e-16  2.5796733e-16  2.5910083e-17  -3.0142065e-16  3.6874532e-16  4.8832035e-17  -7.9883651e-17  -1.9669011e-16  -5.9743806e-16  -5.6664667e-16  8.7080520e-16  1.3056986e-17  -7.6072161e-17  3.9284413e-16  2.5138868e-16  -1.5919951e-16  1.7037376e-16  8.2085935e-16  -2.1387428e-16  -1.0641839e-15  5.3801135e-16  5.7673929e-16  7.8569525e-16  -6.0415213e-16  7.5950293e-17  1.0000000   3.8440044e-16  -4.0710025e-16  6.6897767e-16  5.5825187e-16  3.2763250e-16  
1.7020743e-16  2.9864956e-16  1.6996508e-16  -4.3459103e-16  -3.0782755e-16  -3.6809018e-16  2.3278027e-17  1.2316943e-16  2.4773942e-16  -1.5313337e-16  3.6952277e-16  9.2052666e-16  2.5108820e-16  -1.0440675e-16  7.6354025e-16  7.1880040e-17  2.9503019e-16  -3.8409056e-16  -2.0579583e-16  -2.1508294e-17  4.3101033e-16  -2.2674189e-16  6.4665781e-16  -4.7800923e-16  2.5431306e-17  3.8440044e-16  1.0000000   -6.5869542e-16  3.8895225e-16  4.3521941e-16  2.0922087e-16  1.7020743e-16  2.9864956e-16  1.6996508e-16  -4.3459103e-16  -3.0782755e-16  -3.6809018e-16  2.3278027e-17  1.2316943e-16  2.4773942e-16  -1.5313337e-16  3.6952277e-16  9.2052666e-16  2.5108820e-16  -1.0440675e-16  7.6354025e-16  7.1880040e-17  2.9503019e-16  -3.8409056e-16  -2.0579583e-16  -2.1508294e-17  4.3101033e-16  -2.2674189e-16  6.4665781e-16  -4.7800923e-16  2.5431306e-17  3.8440044e-16  1.0000000   -6.5869542e-16  3.8895225e-16  4.3521941e-16  2.0922087e-16  
1.6292687e-16  -4.5070052e-16  5.9267507e-16  -1.4306651e-18  5.2736837e-16  3.9206390e-17  -7.2986232e-16  5.3308702e-16  -7.3567736e-16  -3.4836281e-16  8.1030292e-16  -1.0938050e-15  -2.1111855e-16  -2.2777043e-16  1.0218645e-15  4.3428100e-16  8.6236023e-16  4.0818174e-16  -6.8332366e-17  -9.9139365e-16  -4.7404175e-16  -2.7855944e-16  -1.7148467e-16  -6.0127539e-16  -2.7785340e-17  -4.0710025e-16  -6.5869542e-16  1.0000000   -2.7302272e-16  3.8632250e-16  -3.7818842e-17  1.6292687e-16  -4.5070052e-16  5.9267507e-16  -1.4306651e-18  5.2736837e-16  3.9206390e-17  -7.2986232e-16  5.3308702e-16  -7.3567736e-16  -3.4836281e-16  8.1030292e-16  -1.0938050e-15  -2.1111855e-16  -2.2777043e-16  1.0218645e-15  4.3428100e-16  8.6236023e-16  4.0818174e-16  -6.8332366e-17  -9.9139365e-16  -4.7404175e-16  -2.7855944e-16  -1.7148467e-16  -6.0127539e-16  -2.7785340e-17  -4.0710025e-16  -6.5869542e-16  1.0000000   -2.7302272e-16  3.8632250e-16  -3.7818842e-17  
5.7674930e-17  7.4514344e-16  -8.3920988e-16  -6.9655370e-16  6.2554527e-16  5.7100602e-16  4.7276012e-16  -4.9563142e-16  2.8230514e-16  4.0767270e-16  4.6379405e-16  2.7944335e-17  5.6150805e-16  1.9531649e-16  4.4345136e-16  -9.0843883e-16  4.9010628e-17  -6.4746182e-16  -1.5425990e-16  1.1946177e-15  6.3549979e-16  -2.9439379e-16  -3.6513930e-16  6.0114977e-17  1.1674726e-16  6.6897767e-16  3.8895225e-16  -2.7302272e-16  1.0000000   -1.7261715e-16  -3.9248322e-16  5.7674930e-17  7.4514344e-16  -8.3920988e-16  -6.9655370e-16  6.2554527e-16  5.7100602e-16  4.7276012e-16  -4.9563142e-16  2.8230514e-16  4.0767270e-16  4.6379405e-16  2.7944335e-17  5.6150805e-16  1.9531649e-16  4.4345136e-16  -9.0843883e-16  4.9010628e-17  -6.4746182e-16  -1.5425990e-16  1.1946177e-15  6.3549979e-16  -2.9439379e-16  -3.6513930e-16  6.0114977e-17  1.1674726e-16  6.6897767e-16  3.8895225e-16  -2.7302272e-16  1.0000000   -1.7261715e-16  -3.9248322e-16  
-3.4151171e-16  2.6174551e-16  2.7892267e-16  3.6159789e-16  -9.2789761e-17  -7.8225755e-16  -9.1024587e-17  6.5029129e-16  1.8320206e-17  -5.8861914e-16  -1.1936338e-16  3.0670674e-16  2.2364234e-16  -4.4966384e-16  -3.2020294e-16  -5.5439504e-16  -5.2196948e-17  -2.1164770e-16  -3.3400625e-16  4.3162790e-16  -2.2234003e-18  2.9708715e-16  -3.8313922e-16  4.0775239e-16  -1.9643202e-16  5.5825187e-16  4.3521941e-16  3.8632250e-16  -1.7261715e-16  1.0000000   1.1203308e-16  -3.4151171e-16  2.6174551e-16  2.7892267e-16  3.6159789e-16  -9.2789761e-17  -7.8225755e-16  -9.1024587e-17  6.5029129e-16  1.8320206e-17  -5.8861914e-16  -1.1936338e-16  3.0670674e-16  2.2364234e-16  -4.4966384e-16  -3.2020294e-16  -5.5439504e-16  -5.2196948e-17  -2.1164770e-16  -3.3400625e-16  4.3162790e-16  -2.2234003e-18  2.9708715e-16  -3.8313922e-16  4.0775239e-16  -1.9643202e-16  5.5825187e-16  4.3521941e-16  3.8632250e-16  -1.7261715e-16  1.0000000   1.1203308e-16  
-4.2954162e-16  -4.8324965e-16  -4.3724938e-16  6.6521410e-16  3.0076143e-16  3.3548264e-16  -4.2762898e-17  5.0409550e-16  -1.0779147e-16  4.2854026e-16  -6.0959015e-16  1.2384392e-17  8.4245096e-16  1.1101774e-16  -7.6633184e-16  -1.2426747e-16  -1.9630860e-16  -6.8421944e-16  4.5613788e-16  5.8369960e-16  -1.6907885e-16  2.1079369e-16  -1.3923170e-16  -4.2888391e-16  -5.0066418e-16  3.2763250e-16  2.0922087e-16  -3.7818842e-17  -3.9248322e-16  1.1203308e-16  1.0000000   -4.2954162e-16  -4.8324965e-16  -4.3724938e-16  6.6521410e-16  3.0076143e-16  3.3548264e-16  -4.2762898e-17  5.0409550e-16  -1.0779147e-16  4.2854026e-16  -6.0959015e-16  1.2384392e-17  8.4245096e-16  1.1101774e-16  -7.6633184e-16  -1.2426747e-16  -1.9630860e-16  -6.8421944e-16  4.5613788e-16  5.8369960e-16  -1.6907885e-16  2.1079369e-16  -1.3923170e-16  -4.2888391e-16  -5.0066418e-16  3.2763250e-16  2.0922087e-16  -3.7818842e-17  -3.9248322e-16  1.1203308e-16  1.0000000   
1.0000000   -1.6822176e-16  4.2080863e-16  -7.3537537e-16  4.3105171e-16  2.6895587e-17  -3.7001575e-16  -5.6825977e-16  5.3414069e-16  -2.8332835e-16  5.8708103e-16  -1.3016723e-17  8.4037739e-17  -2.2898897e-16  -2.4144026e-16  3.3948480e-16  -6.8707879e-16  -9.0355743e-16  -3.6090724e-17  -3.0624554e-16  -1.9786437e-16  -2.1092007e-17  -3.8027535e-16  -5.3802660e-16  -6.2290130e-17  8.7122342e-16  1.7020743e-16  1.6292687e-16  5.7674930e-17  -3.4151171e-16  -4.2954162e-16  1.0000000   -1.6822176e-16  4.2080863e-16  -7.3537537e-16  4.3105171e-16  2.6895587e-17  -3.7001575e-16  -5.6825977e-16  5.3414069e-16  -2.8332835e-16  5.8708103e-16  -1.3016723e-17  8.4037739e-17  -2.2898897e-16  -2.4144026e-16  3.3948480e-16  -6.8707879e-16  -9.0355743e-16  -3.6090724e-17  -3.0624554e-16  -1.9786437e-16  -2.1092007e-17  -3.8027535e-16  -5.3802660e-16  -6.2290130e-17  8.7122342e-16  1.7020743e-16  1.6292687e-16  5.7674930e-17  -3.4151171e-16  -4.2954162e-16  
-1.6822176e-16  1.0000000   -9.9057069e-17  -5.1642707e-16  -7.0682856e-17  -3.4625072e-17  4.5219728e-16  6.0764166e-16  -5.8359744e-16  -2.9902893e-16  -5.7198400e-16  4.8990966e-16  2.1758154e-16  -4.7513536e-16  -2.0454903e-16  -3.6719689e-16  2.9165409e-16  7.7870420e-17  -5.4588024e-17  -9.7467601e-17  3.9689123e-17  1.1016309e-16  -5.3739196e-17  -2.6706591e-16  -7.3325964e-16  2.5796733e-16  2.9864956e-16  -4.5070052e-16  7.4514344e-16  2.6174551e-16  -4.8324965e-16  -1.6822176e-16  1.0000000   -9.9057069e-17  -5.1642707e-16  -7.0682856e-17  -3.4625072e-17  4.5219728e-16  6.0764166e-16  -5.8359744e-16  -2.9902893e-16  -5.7198400e-16  4.8990966e-16  2.1758154e-16  -4.7513536e-16  -2.0454903e-16  -3.6719689e-16  2.9165409e-16  7.7870420e-17  -5.4588024e-17  -9.7467601e-17  3.9689123e-17  1.1016309e-16  -5.3739196e-17  -2.6706591e-16  -7.3325964e-16  2.5796733e-16  2.9864956e-16  -4.5070052e-16  7.4514344e-16  2.6174551e-16  -4.8324965e-16  
4.2080863e-16  -9.9057069e-17  1.0000000   6.6386256e-16  4.9334974e-17  5.9953085e-16  -1.5197023e-16  -5.9614588e-16  -1.0409149e-15  1.0630548e-16  4.8281927e-16  -2.1121515e-16  7.2161415e-16  2.2972222e-16  1.4974527e-16  -7.3950712e-16  2.2753280e-17  3.5946938e-16  -7.8482788e-17  5.3230830e-16  5.3222889e-16  4.1060976e-16  8.1281631e-17  -7.0972895e-16  -3.6041552e-16  2.5910083e-17  1.6996508e-16  5.9267507e-16  -8.3920988e-16  2.7892267e-16  -4.3724938e-16  4.2080863e-16  -9.9057069e-17  1.0000000   6.6386256e-16  4.9334974e-17  5.9953085e-16  -1.5197023e-16  -5.9614588e-16  -1.0409149e-15  1.0630548e-16  4.8281927e-16  -2.1121515e-16  7.2161415e-16  2.2972222e-16  1.4974527e-16  -7.3950712e-16  2.2753280e-17  3.5946938e-16  -7.8482788e-17  5.3230830e-16  5.3222889e-16  4.1060976e-16  8.1281631e-17  -7.0972895e-16  -3.6041552e-16  2.5910083e-17  1.6996508e-16  5.9267507e-16  -8.3920988e-16  2.7892267e-16  -4.3724938e-16  
-7.3537537e-16  -5.1642707e-16  6.6386256e-16  1.0000000   1.0132091e-15  -8.3279449e-17  -3.2137270e-17  -3.0816239e-16  2.3391875e-16  2.0618892e-16  -4.6261340e-17  -5.2274534e-16  2.0369973e-16  6.2883846e-16  -5.8116577e-16  -1.0140905e-15  5.0356418e-16  2.5597529e-16  3.6928366e-16  -4.5602736e-16  1.4222364e-16  -4.3417225e-16  -3.2300136e-16  -1.4880190e-16  -4.9479906e-16  -3.0142065e-16  -4.3459103e-16  -1.4306651e-18  -6.9655370e-16  3.6159789e-16  6.6521410e-16  -7.3537537e-16  -5.1642707e-16  6.6386256e-16  1.0000000   1.0132091e-15  -8.3279449e-17  -3.2137270e-17  -3.0816239e-16  2.3391875e-16  2.0618892e-16  -4.6261340e-17  -5.2274534e-16  2.0369973e-16  6.2883846e-16  -5.8116577e-16  -1.0140905e-15  5.0356418e-16  2.5597529e-16  3.6928366e-16  -4.5602736e-16  1.4222364e-16  -4.3417225e-16  -3.2300136e-16  -1.4880190e-16  -4.9479906e-16  -3.0142065e-16  -4.3459103e-16  -1.4306651e-18  -6.9655370e-16  3.6159789e-16  6.6521410e-16  
4.3105171e-16  -7.0682856e-17  4.9334974e-17  1.0132091e-15  1.0000000   -4.0128561e-17  3.0573016e-16  7.6690049e-16  -3.0159815e-17  -1.3596013e-16  -4.7821363e-16  -1.3950529e-16  4.7625765e-16  3.0319298e-16  -7.0230463e-16  3.7403206e-16  1.4128987e-16  3.1123159e-16  -4.4688415e-16  -3.5374336e-16  -2.2252152e-16  -2.0892412e-16  -2.3021186e-16  -2.5549445e-16  -1.2737436e-16  3.6874532e-16  -3.0782755e-16  5.2736837e-16  6.2554527e-16  -9.2789761e-17  3.0076143e-16  4.3105171e-16  -7.0682856e-17  4.9334974e-17  1.0132091e-15  1.0000000   -4.0128561e-17  3.0573016e-16  7.6690049e-16  -3.0159815e-17  -1.3596013e-16  -4.7821363e-16  -1.3950529e-16  4.7625765e-16  3.0319298e-16  -7.0230463e-16  3.7403206e-16  1.4128987e-16  3.1123159e-16  -4.4688415e-16  -3.5374336e-16  -2.2252152e-16  -2.0892412e-16  -2.3021186e-16  -2.5549445e-16  -1.2737436e-16  3.6874532e-16  -3.0782755e-16  5.2736837e-16  6.2554527e-16  -9.2789761e-17  3.0076143e-16  
2.6895587e-17  -3.4625072e-17  5.9953085e-16  -8.3279449e-17  -4.0128561e-17  1.0000000   5.4635294e-16  -6.6186183e-17  -2.9609470e-16  -4.1945647e-16  1.3071609e-15  -4.4566684e-16  -7.7824718e-16  -1.7589919e-16  -1.2765087e-16  -1.1335037e-16  -2.7929461e-16  4.4121092e-16  -8.4309101e-16  -2.1784925e-17  -8.3108857e-16  4.4324291e-17  -1.7943038e-16  1.7523349e-16  -7.1677016e-16  4.8832035e-17  -3.6809018e-16  3.9206390e-17  5.7100602e-16  -7.8225755e-16  3.3548264e-16  2.6895587e-17  -3.4625072e-17  5.9953085e-16  -8.3279449e-17  -4.0128561e-17  1.0000000   5.4635294e-16  -6.6186183e-17  -2.9609470e-16  -4.1945647e-16  1.3071609e-15  -4.4566684e-16  -7.7824718e-16  -1.7589919e-16  -1.2765087e-16  -1.1335037e-16  -2.7929461e-16  4.4121092e-16  -8.4309101e-16  -2.1784925e-17  -8.3108857e-16  4.4324291e-17  -1.7943038e-16  1.7523349e-16  -7.1677016e-16  4.8832035e-17  -3.6809018e-16  3.9206390e-17  5.7100602e-16  -7.8225755e-16  3.3548264e-16  
-3.7001575e-16  4.5219728e-16  -1.5197023e-16  -3.2137270e-17  3.0573016e-16  5.4635294e-16  1.0000000   -3.0112089e-16  2.9748531e-16  5.3785600e-16  -3.5132672e-16  -3.0765485e-16  -1.4789126e-16  1.0896706e-16  1.6937923e-17  5.8731369e-16  -2.3950954e-16  9.0394235e-16  -2.9700534e-16  -8.6053699e-16  -6.2142480e-16  1.7703697e-16  -7.4556714e-17  1.2625398e-16  6.5856611e-17  -7.9883651e-17  2.3278027e-17  -7.2986232e-16  4.7276012e-16  -9.1024587e-17  -4.2762898e-17  -3.7001575e-16  4.5219728e-16  -1.5197023e-16  -3.2137270e-17  3.0573016e-16  5.4635294e-16  1.0000000   -3.0112089e-16  2.9748531e-16  5.3785600e-16  -3.5132672e-16  -3.0765485e-16  -1.4789126e-16  1.0896706e-16  1.6937923e-17  5.8731369e-16  -2.3950954e-16  9.0394235e-16  -2.9700534e-16  -8.6053699e-16  -6.2142480e-16  1.7703697e-16  -7.4556714e-17  1.2625398e-16  6.5856611e-17  -7.9883651e-17  2.3278027e-17  -7.2986232e-16  4.7276012e-16  -9.1024587e-17  -4.2762898e-17  
-5.6825977e-16  6.0764166e-16  -5.9614588e-16  -3.0816239e-16  7.6690049e-16  -6.6186183e-17  -3.0112089e-16  1.0000000   2.1157700e-16  5.1162466e-17  -1.1666111e-15  3.2718574e-16  -1.3826394e-16  -2.1356537e-16  2.1709109e-17  -3.4248833e-16  -3.3039204e-16  -2.2288755e-16  5.3065340e-18  -3.9849325e-16  9.0846806e-16  -7.5652562e-16  -1.8178943e-16  5.0297822e-16  9.7441719e-17  -1.9669011e-16  1.2316943e-16  5.3308702e-16  -4.9563142e-16  6.5029129e-16  5.0409550e-16  -5.6825977e-16  6.0764166e-16  -5.9614588e-16  -3.0816239e-16  7.6690049e-16  -6.6186183e-17  -3.0112089e-16  1.0000000   2.1157700e-16  5.1162466e-17  -1.1666111e-15  3.2718574e-16  -1.3826394e-16  -2.1356537e-16  2.1709109e-17  -3.4248833e-16  -3.3039204e-16  -2.2288755e-16  5.3065340e-18  -3.9849325e-16  9.0846806e-16  -7.5652562e-16  -1.8178943e-16  5.0297822e-16  9.7441719e-17  -1.9669011e-16  1.2316943e-16  5.3308702e-16  -4.9563142e-16  6.5029129e-16  5.0409550e-16  
5.3414069e-16  -5.8359744e-16  -1.0409149e-15  2.3391875e-16  -3.0159815e-17  -2.9609470e-16  2.9748531e-16  2.1157700e-16  1.0000000   5.8207860e-16  -9.0759436e-16  7.4567441e-16  -8.2528246e-17  -5.5791547e-16  5.4519488e-16  -1.7434239e-16  -1.3473551e-15  -5.5565758e-18  6.6551553e-16  -7.9769170e-16  -3.7267541e-17  -3.3358757e-16  5.8385178e-16  2.4215331e-16  -5.2750513e-16  -5.9743806e-16  2.4773942e-16  -7.3567736e-16  2.8230514e-16  1.8320206e-17  -1.0779147e-16  5.3414069e-16  -5.8359744e-16  -1.0409149e-15  2.3391875e-16  -3.0159815e-17  -2.9609470e-16  2.9748531e-16  2.1157700e-16  1.0000000   5.8207860e-16  -9.0759436e-16  7.4567441e-16  -8.2528246e-17  -5.5791547e-16  5.4519488e-16  -1.7434239e-16  -1.3473551e-15  -5.5565758e-18  6.6551553e-16  -7.9769170e-16  -3.7267541e-17  -3.3358757e-16  5.8385178e-16  2.4215331e-16  -5.2750513e-16  -5.9743806e-16  2.4773942e-16  -7.3567736e-16  2.8230514e-16  1.8320206e-17  -1.0779147e-16  
-2.8332835e-16  -2.9902893e-16  1.0630548e-16  2.0618892e-16  -1.3596013e-16  -4.1945647e-16  5.3785600e-16  5.1162466e-17  5.8207860e-16  1.0000000   -1.0768048e-15  3.1327957e-17  5.5305932e-16  -3.5244464e-17  5.2351268e-18  -6.7797856e-16  -8.9058063e-17  -2.4965819e-16  7.5640931e-16  1.5062579e-16  2.8904833e-16  3.1497036e-17  -2.1419242e-16  2.5284818e-16  -1.0168794e-15  -5.6664667e-16  -1.5313337e-16  -3.4836281e-16  4.0767270e-16  -5.8861914e-16  4.2854026e-16  -2.8332835e-16  -2.9902893e-16  1.0630548e-16  2.0618892e-16  -1.3596013e-16  -4.1945647e-16  5.3785600e-16  5.1162466e-17  5.8207860e-16  1.0000000   -1.0768048e-15  3.1327957e-17  5.5305932e-16  -3.5244464e-17  5.2351268e-18  -6.7797856e-16  -8.9058063e-17  -2.4965819e-16  7.5640931e-16  1.5062579e-16  2.8904833e-16  3.1497036e-17  -2.1419242e-16  2.5284818e-16  -1.0168794e-15  -5.6664667e-16  -1.5313337e-16  -3.4836281e-16  4.0767270e-16  -5.8861914e-16  4.2854026e-16  
