1.0000000   2.5616404e-17  2.5020868e-16  -1.2182505e-15  -3.6139627e-16  2.6936510e-16  4.3994746e-17  -4.3679272e-16  3.4029797e-16  5.7453416e-16  -3.2768412e-16  5.3037666e-17  -7.4399685e-16  1.4719164e-16  -4.0176230e-16  -3.7369366e-16  6.4923134e-16  3.7836623e-16  -4.6872392e-16  -4.1126620e-17  -9.3140831e-16  -4.8858673e-16  8.0139797e-16  4.2177345e-16  -7.3554194e-16  -8.1407836e-16  -2.3389375e-16  -2.7528000e-16  -4.4309560e-16  -2.0462399e-16  -6.8647705e-16  1.0000000   2.5616404e-17  2.5020868e-16  -1.2182505e-15  -3.6139627e-16  2.6936510e-16  4.3994746e-17  -4.3679272e-16  3.4029797e-16  5.7453416e-16  -3.2768412e-16  5.3037666e-17  -7.4399685e-16  1.4719164e-16  -4.0176230e-16  -3.7369366e-16  6.4923134e-16  3.7836623e-16  -4.6872392e-16  -4.1126620e-17  -9.3140831e-16  -4.8858673e-16  8.0139797e-16  4.2177345e-16  -7.3554194e-16  -8.1407836e-16  -2.3389375e-16  -2.7528000e-16  -4.4309560e-16  -2.0462399e-16  -6.8647705e-16  
2.5616404e-17  1.0000000   -5.1268343e-17  -1.8168673e-16  4.9894363e-16  1.1164113e-15  -3.9613004e-16  -1.0482247e-16  -5.4851528e-17  -6.1338118e-17  -5.1482405e-16  1.1953042e-16  8.9669320e-16  -7.4268674e-16  4.7362503e-16  -5.1060909e-16  1.3868125e-16  2.8967488e-17  4.5757337e-16  -1.3449234e-15  -1.7423093e-16  3.4005895e-16  7.4447122e-16  -6.1824558e-16  3.7741000e-17  -9.1916734e-16  5.1770639e-17  -1.7158764e-16  2.3348797e-17  2.1052526e-16  7.2617481e-17  2.5616404e-17  1.0000000   -5.1268343e-17  -1.8168673e-16  4.9894363e-16  1.1164113e-15  -3.9613004e-16  -1.0482247e-16  -5.4851528e-17  -6.1338118e-17  -5.1482405e-16  1.1953042e-16  8.9669320e-16  -7.4268674e-16  4.7362503e-16  -5.1060909e-16  1.3868125e-16  2.8967488e-17  4.5757337e-16  -1.3449234e-15  -1.7423093e-16  3.4005895e-16  7.4447122e-16  -6.1824558e-16  3.7741000e-17  -9.1916734e-16  5.1770639e-17  -1.7158764e-16  2.3348797e-17  2.1052526e-16  7.2617481e-17  
2.5020868e-16  -5.1268343e-17  1.0000000   5.5443617e-16  2.0486169e-16  -1.8065520e-16  7.6434969e-17  1.6590105e-16  -1.2497161e-16  -2.0903593e-16  -9.7382253e-18  4.7846617e-16  -3.0039218e-16  3.3578089e-16  5.6352765e-16  -7.6998865e-17  -3.0495322e-16  4.2780030e-16  -8.1715313e-17  -6.7063968e-16  -9.4613249e-16  -7.0419162e-16  -2.7730460e-16  2.0868323e-16  1.1774050e-16  3.1386765e-16  1.0603283e-16  6.3892847e-16  4.5384007e-16  -2.5572484e-16  2.6977080e-16  2.5020868e-16  -5.1268343e-17  1.0000000   5.5443617e-16  2.0486169e-16  -1.8065520e-16  7.6434969e-17  1.6590105e-16  -1.2497161e-16  -2.0903593e-16  -9.7382253e-18  4.7846617e-16  -3.0039218e-16  3.3578089e-16  5.6352765e-16  -7.6998865e-17  -3.0495322e-16  4.2780030e-16  -8.1715313e-17  -6.7063968e-16  -9.4613249e-16  -7.0419162e-16  -2.7730460e-16  2.0868323e-16  1.1774050e-16  3.1386765e-16  1.0603283e-16  6.3892847e-16  4.5384007e-16  -2.5572484e-16  2.6977080e-16  
-1.2182505e-15  -1.8168673e-16  5.5443617e-16  1.0000000   5.9489472e-16  7.2351562e-16  -6.8205538e-16  -2.8188780e-16  -6.6784294e-17  -5.4026719e-18  1.5742168e-16  2.8522205e-16  2.5917836e-16  3.7853489e-16  5.9892672e-17  4.9677162e-16  7.0400444e-16  5.7024076e-16  1.1772152e-15  -5.4379369e-16  3.3907989e-16  -8.3732280e-16  5.5663757e-17  8.3154056e-16  2.9283981e-16  -4.8812241e-16  1.1413461e-15  5.3164718e-18  -4.8357644e-17  -2.7782072e-16  -3.2034924e-16  -1.2182505e-15  -1.8168673e-16  5.5443617e-16  1.0000000   5.9489472e-16  7.2351562e-16  -6.8205538e-16  -2.8188780e-16  -6.6784294e-17  -5.4026719e-18  1.5742168e-16  2.8522205e-16  2.5917836e-16  3.7853489e-16  5.9892672e-17  4.9677162e-16  7.0400444e-16  5.7024076e-16  1.1772152e-15  -5.4379369e-16  3.3907989e-16  -8.3732280e-16  5.5663757e-17  8.3154056e-16  2.9283981e-16  -4.8812241e-16  1.1413461e-15  5.3164718e-18  -4.8357644e-17  -2.7782072e-16  -3.2034924e-16  
-3.6139627e-16  4.9894363e-16  2.0486169e-16  5.9489472e-16  1.0000000   1.0668684e-15  -8.8527220e-16  -4.7286283e-17  1.2361364e-15  -2.0568796e-16  1.3347333e-16  2.2463215e-16  7.9150053e-17  -2.3834741e-16  1.4086178e-15  2.9038225e-16  -7.2843978e-16  -7.3533655e-17  2.0082129e-16  7.6926551e-16  6.0416994e-17  -1.0879827e-17  9.6014028e-17  4.4176508e-16  7.6559735e-18  3.7970647e-16  -8.8885529e-16  -1.5680697e-16  -1.2716544e-16  -2.6756266e-16  -1.4327854e-16  -3.6139627e-16  4.9894363e-16  2.0486169e-16  5.9489472e-16  1.0000000   1.0668684e-15  -8.8527220e-16  -4.7286283e-17  1.2361364e-15  -2.0568796e-16  1.3347333e-16  2.2463215e-16  7.9150053e-17  -2.3834741e-16  1.4086178e-15  2.9038225e-16  -7.2843978e-16  -7.3533655e-17  2.0082129e-16  7.6926551e-16  6.0416994e-17  -1.0879827e-17  9.6014028e-17  4.4176508e-16  7.6559735e-18  3.7970647e-16  -8.8885529e-16  -1.5680697e-16  -1.2716544e-16  -2.6756266e-16  -1.4327854e-16  
2.6936510e-16  1.1164113e-15  -1.8065520e-16  7.2351562e-16  1.0668684e-15  1.0000000   6.1130189e-17  3.1343680e-17  8.0543814e-17  -1.0938195e-15  -5.3123048e-17  1.2861270e-16  -1.0864595e-16  5.6437431e-16  2.0178853e-16  -1.3404620e-16  5.8781604e-16  2.5829443e-16  -5.0754975e-19  -3.4957708e-16  -9.4772928e-17  -2.9629979e-16  2.8946988e-16  -2.6521191e-16  1.4452676e-16  -4.6824312e-16  1.2876212e-16  -2.4513720e-16  1.0480518e-16  6.4704324e-17  3.1246244e-16  2.6936510e-16  1.1164113e-15  -1.8065520e-16  7.2351562e-16  1.0668684e-15  1.0000000   6.1130189e-17  3.1343680e-17  8.0543814e-17  -1.0938195e-15  -5.3123048e-17  1.2861270e-16  -1.0864595e-16  5.6437431e-16  2.0178853e-16  -1.3404620e-16  5.8781604e-16  2.5829443e-16  -5.0754975e-19  -3.4957708e-16  -9.4772928e-17  -2.9629979e-16  2.8946988e-16  -2.6521191e-16  1.4452676e-16  -4.6824312e-16  1.2876212e-16  -2.4513720e-16  1.0480518e-16  6.4704324e-17  3.1246244e-16  
4.3994746e-17  -3.9613004e-16  7.6434969e-17  -6.8205538e-16  -8.8527220e-16  6.1130189e-17  1.0000000   -2.4838467e-16  1.4700159e-16  1.4064647e-15  -3.3923375e-16  -4.0238293e-16  1.8072996e-17  7.5580635e-16  7.3269749e-16  6.1654718e-16  5.9346408e-16  2.2641297e-16  -6.6494885e-16  -1.1580353e-16  6.6115337e-16  -7.7966163e-16  4.3312751e-16  -6.4642005e-16  1.9181963e-17  2.5244773e-16  2.8572864e-16  -4.1697265e-16  -2.0042775e-16  -4.2856223e-16  3.6407372e-17  4.3994746e-17  -3.9613004e-16  7.6434969e-17  -6.8205538e-16  -8.8527220e-16  6.1130189e-17  1.0000000   -2.4838467e-16  1.4700159e-16  1.4064647e-15  -3.3923375e-16  -4.0238293e-16  1.8072996e-17  7.5580635e-16  7.3269749e-16  6.1654718e-16  5.9346408e-16  2.2641297e-16  -6.6494885e-16  -1.1580353e-16  6.6115337e-16  -7.7966163e-16  4.3312751e-16  -6.4642005e-16  1.9181963e-17  2.5244773e-16  2.8572864e-16  -4.1697265e-16  -2.0042775e-16  -4.2856223e-16  3.6407372e-17  
-4.3679272e-16  -1.0482247e-16  1.6590105e-16  -2.8188780e-16  -4.7286283e-17  3.1343680e-17  -2.4838467e-16  1.0000000   -2.2737769e-16  8.6244668e-16  7.0322445e-17  5.4685602e-16  1.3635840e-16  -2.1370785e-16  -2.9733262e-16  3.8718852e-16  -3.4859307e-16  4.2581072e-16  -3.6181984e-16  -3.9450846e-16  1.9241210e-16  4.6182827e-16  -5.8010997e-17  5.2249558e-17  7.2072545e-17  4.0095455e-16  4.1133059e-16  -6.8884904e-16  1.9678281e-16  1.0366578e-17  -1.5362409e-16  -4.3679272e-16  -1.0482247e-16  1.6590105e-16  -2.8188780e-16  -4.7286283e-17  3.1343680e-17  -2.4838467e-16  1.0000000   -2.2737769e-16  8.6244668e-16  7.0322445e-17  5.4685602e-16  1.3635840e-16  -2.1370785e-16  -2.9733262e-16  3.8718852e-16  -3.4859307e-16  4.2581072e-16  -3.6181984e-16  -3.9450846e-16  1.9241210e-16  4.6182827e-16  -5.8010997e-17  5.2249558e-17  7.2072545e-17  4.0095455e-16  4.1133059e-16  -6.8884904e-16  1.9678281e-16  1.0366578e-17  -1.5362409e-16  
3.4029797e-16  -5.4851528e-17  -1.2497161e-16  -6.6784294e-17  1.2361364e-15  8.0543814e-17  1.4700159e-16  -2.2737769e-16  1.0000000   -2.3171149e-17  -3.7246275e-16  9.6806770e-17  6.7485077e-16  -2.6729809e-17  -2.1043278e-16  1.2807790e-16  -3.7974140e-17  5.0478695e-16  1.7590504e-16  -4.7102202e-16  1.9746796e-16  7.4693826e-16  3.0801241e-16  -2.3592223e-16  -2.9890023e-16  -1.7013478e-16  -4.8404409e-16  -6.4493745e-16  1.4543698e-17  9.5525337e-16  -8.8352827e-17  3.4029797e-16  -5.4851528e-17  -1.2497161e-16  -6.6784294e-17  1.2361364e-15  8.0543814e-17  1.4700159e-16  -2.2737769e-16  1.0000000   -2.3171149e-17  -3.7246275e-16  9.6806770e-17  6.7485077e-16  -2.6729809e-17  -2.1043278e-16  1.2807790e-16  -3.7974140e-17  5.0478695e-16  1.7590504e-16  -4.7102202e-16  1.9746796e-16  7.4693826e-16  3.0801241e-16  -2.3592223e-16  -2.9890023e-16  -1.7013478e-16  -4.8404409e-16  -6.4493745e-16  1.4543698e-17  9.5525337e-16  -8.8352827e-17  
5.7453416e-16  -6.1338118e-17  -2.0903593e-16  -5.4026719e-18  -2.0568796e-16  -1.0938195e-15  1.4064647e-15  8.6244668e-16  -2.3171149e-17  1.0000000   -5.1968250e-16  2.8657399e-16  -5.2411592e-16  -2.6484767e-16  -2.7713781e-16  -3.4888952e-16  2.9375178e-16  -2.8169856e-16  8.7975866e-16  6.5555933e-16  -1.5801493e-16  1.2726129e-16  1.1854009e-16  -2.7921967e-16  1.9808078e-16  9.8842874e-17  -3.0942106e-17  -7.6252647e-16  3.7845547e-16  1.0520046e-16  -1.6204741e-16  5.7453416e-16  -6.1338118e-17  -2.0903593e-16  -5.4026719e-18  -2.0568796e-16  -1.0938195e-15  1.4064647e-15  8.6244668e-16  -2.3171149e-17  1.0000000   -5.1968250e-16  2.8657399e-16  -5.2411592e-16  -2.6484767e-16  -2.7713781e-16  -3.4888952e-16  2.9375178e-16  -2.8169856e-16  8.7975866e-16  6.5555933e-16  -1.5801493e-16  1.2726129e-16  1.1854009e-16  -2.7921967e-16  1.9808078e-16  9.8842874e-17  -3.0942106e-17  -7.6252647e-16  3.7845547e-16  1.0520046e-16  -1.6204741e-16  
-3.2768412e-16  -5.1482405e-16  -9.7382253e-18  1.5742168e-16  1.3347333e-16  -5.3123048e-17  -3.3923375e-16  7.0322445e-17  -3.7246275e-16  -5.1968250e-16  1.0000000   -2.3880239e-16  2.3492326e-17  2.0153756e-16  -7.6231552e-17  5.6733178e-17  -8.5330437e-17  1.4563634e-16  8.6310282e-17  1.9684264e-16  -3.3479792e-16  1.0628014e-16  -6.7727325e-17  -3.4730143e-16  5.1390027e-16  -9.2232716e-17  5.1750134e-16  8.7378919e-17  2.8740136e-16  4.8092286e-17  -4.1343475e-16  -3.2768412e-16  -5.1482405e-16  -9.7382253e-18  1.5742168e-16  1.3347333e-16  -5.3123048e-17  -3.3923375e-16  7.0322445e-17  -3.7246275e-16  -5.1968250e-16  1.0000000   -2.3880239e-16  2.3492326e-17  2.0153756e-16  -7.6231552e-17  5.6733178e-17  -8.5330437e-17  1.4563634e-16  8.6310282e-17  1.9684264e-16  -3.3479792e-16  1.0628014e-16  -6.7727325e-17  -3.4730143e-16  5.1390027e-16  -9.2232716e-17  5.1750134e-16  8.7378919e-17  2.8740136e-16  4.8092286e-17  -4.1343475e-16  
5.3037666e-17  1.1953042e-16  4.7846617e-16  2.8522205e-16  2.2463215e-16  1.2861270e-16  -4.0238293e-16  5.4685602e-16  9.6806770e-17  2.8657399e-16  -2.3880239e-16  1.0000000   3.6936474e-16  -4.5966139e-16  -6.1721883e-17  -2.6573272e-16  1.6465107e-16  2.2330967e-16  -4.0681603e-16  -1.4614362e-16  4.3448030e-16  5.0540312e-16  8.3266459e-16  2.7402112e-16  6.0986486e-16  -3.0415620e-16  1.9412084e-16  -4.4626458e-16  -5.2156254e-16  9.3126231e-16  4.1368069e-16  5.3037666e-17  1.1953042e-16  4.7846617e-16  2.8522205e-16  2.2463215e-16  1.2861270e-16  -4.0238293e-16  5.4685602e-16  9.6806770e-17  2.8657399e-16  -2.3880239e-16  1.0000000   3.6936474e-16  -4.5966139e-16  -6.1721883e-17  -2.6573272e-16  1.6465107e-16  2.2330967e-16  -4.0681603e-16  -1.4614362e-16  4.3448030e-16  5.0540312e-16  8.3266459e-16  2.7402112e-16  6.0986486e-16  -3.0415620e-16  1.9412084e-16  -4.4626458e-16  -5.2156254e-16  9.3126231e-16  4.1368069e-16  
-7.4399685e-16  8.9669320e-16  -3.0039218e-16  2.5917836e-16  7.9150053e-17  -1.0864595e-16  1.8072996e-17  1.3635840e-16  6.7485077e-16  -5.2411592e-16  2.3492326e-17  3.6936474e-16  1.0000000   -2.8192782e-16  3.7289127e-17  2.4567346e-16  -7.4506873e-16  1.2849342e-16  2.0001442e-16  -3.8133078e-16  -4.6818010e-16  -6.9149499e-16  1.3473339e-16  3.6420622e-17  -1.8786129e-16  4.5813100e-18  -6.1316898e-16  8.9336204e-17  1.9477913e-17  4.7722040e-16  3.5856929e-16  -7.4399685e-16  8.9669320e-16  -3.0039218e-16  2.5917836e-16  7.9150053e-17  -1.0864595e-16  1.8072996e-17  1.3635840e-16  6.7485077e-16  -5.2411592e-16  2.3492326e-17  3.6936474e-16  1.0000000   -2.8192782e-16  3.7289127e-17  2.4567346e-16  -7.4506873e-16  1.2849342e-16  2.0001442e-16  -3.8133078e-16  -4.6818010e-16  -6.9149499e-16  1.3473339e-16  3.6420622e-17  -1.8786129e-16  4.5813100e-18  -6.1316898e-16  8.9336204e-17  1.9477913e-17  4.7722040e-16  3.5856929e-16  
1.4719164e-16  -7.4268674e-16  3.3578089e-16  3.7853489e-16  -2.3834741e-16  5.6437431e-16  7.5580635e-16  -2.1370785e-16  -2.6729809e-17  -2.6484767e-16  2.0153756e-16  -4.5966139e-16  -2.8192782e-16  1.0000000   5.6873902e-17  1.4393999e-16  1.9191123e-16  2.1599744e-16  -4.3985622e-16  -2.3258309e-16  -4.1160472e-16  -8.1132868e-16  -7.5788079e-16  -2.3637238e-16  2.5346568e-16  -2.8615870e-16  4.9913260e-16  -1.0613817e-16  -4.3594480e-17  8.5028873e-17  -8.7934322e-17  1.4719164e-16  -7.4268674e-16  3.3578089e-16  3.7853489e-16  -2.3834741e-16  5.6437431e-16  7.5580635e-16  -2.1370785e-16  -2.6729809e-17  -2.6484767e-16  2.0153756e-16  -4.5966139e-16  -2.8192782e-16  1.0000000   5.6873902e-17  1.4393999e-16  1.9191123e-16  2.1599744e-16  -4.3985622e-16  -2.3258309e-16  -4.1160472e-16  -8.1132868e-16  -7.5788079e-16  -2.3637238e-16  2.5346568e-16  -2.8615870e-16  4.9913260e-16  -1.0613817e-16  -4.3594480e-17  8.5028873e-17  -8.7934322e-17  
-4.0176230e-16  4.7362503e-16  5.6352765e-16  5.9892672e-17  1.4086178e-15  2.0178853e-16  7.3269749e-16  -2.9733262e-16  -2.1043278e-16  -2.7713781e-16  -7.6231552e-17  -6.1721883e-17  3.7289127e-17  5.6873902e-17  1.0000000   -1.3138156e-16  6.5742316e-16  -3.4757792e-16  -4.2684185e-16  -1.6206152e-16  -5.7011673e-17  2.4221460e-16  -4.9801835e-16  -6.1966966e-17  -1.8723740e-16  -1.9934539e-16  -1.7068808e-16  3.5300719e-16  2.9671055e-16  7.8673634e-16  -2.6954945e-16  -4.0176230e-16  4.7362503e-16  5.6352765e-16  5.9892672e-17  1.4086178e-15  2.0178853e-16  7.3269749e-16  -2.9733262e-16  -2.1043278e-16  -2.7713781e-16  -7.6231552e-17  -6.1721883e-17  3.7289127e-17  5.6873902e-17  1.0000000   -1.3138156e-16  6.5742316e-16  -3.4757792e-16  -4.2684185e-16  -1.6206152e-16  -5.7011673e-17  2.4221460e-16  -4.9801835e-16  -6.1966966e-17  -1.8723740e-16  -1.9934539e-16  -1.7068808e-16  3.5300719e-16  2.9671055e-16  7.8673634e-16  -2.6954945e-16  
-3.7369366e-16  -5.1060909e-16  -7.6998865e-17  4.9677162e-16  2.9038225e-16  -1.3404620e-16  6.1654718e-16  3.8718852e-16  1.2807790e-16  -3.4888952e-16  5.6733178e-17  -2.6573272e-16  2.4567346e-16  1.4393999e-16  -1.3138156e-16  1.0000000   8.5052573e-17  8.6005793e-17  -1.6427064e-16  -5.2192442e-16  6.1600329e-16  1.1834246e-16  1.5650855e-16  6.1942878e-16  4.2906583e-16  4.2517533e-17  -2.9889322e-16  1.3515237e-16  -7.8611440e-17  -1.6709578e-16  -3.8721356e-16  -3.7369366e-16  -5.1060909e-16  -7.6998865e-17  4.9677162e-16  2.9038225e-16  -1.3404620e-16  6.1654718e-16  3.8718852e-16  1.2807790e-16  -3.4888952e-16  5.6733178e-17  -2.6573272e-16  2.4567346e-16  1.4393999e-16  -1.3138156e-16  1.0000000   8.5052573e-17  8.6005793e-17  -1.6427064e-16  -5.2192442e-16  6.1600329e-16  1.1834246e-16  1.5650855e-16  6.1942878e-16  4.2906583e-16  4.2517533e-17  -2.9889322e-16  1.3515237e-16  -7.8611440e-17  -1.6709578e-16  -3.8721356e-16  
6.4923134e-16  1.3868125e-16  -3.0495322e-16  7.0400444e-16  -7.2843978e-16  5.8781604e-16  5.9346408e-16  -3.4859307e-16  -3.7974140e-17  2.9375178e-16  -8.5330437e-17  1.6465107e-16  -7.4506873e-16  1.9191123e-16  6.5742316e-16  8.5052573e-17  1.0000000   -5.8780282e-18  2.4504990e-17  -4.5654031e-16  3.1393662e-16  2.4755181e-16  4.4256494e-16  -1.6040546e-17  2.0646729e-16  -1.6240489e-16  8.5835706e-16  2.7381490e-16  4.4583719e-16  1.9983979e-16  8.8730306e-16  6.4923134e-16  1.3868125e-16  -3.0495322e-16  7.0400444e-16  -7.2843978e-16  5.8781604e-16  5.9346408e-16  -3.4859307e-16  -3.7974140e-17  2.9375178e-16  -8.5330437e-17  1.6465107e-16  -7.4506873e-16  1.9191123e-16  6.5742316e-16  8.5052573e-17  1.0000000   -5.8780282e-18  2.4504990e-17  -4.5654031e-16  3.1393662e-16  2.4755181e-16  4.4256494e-16  -1.6040546e-17  2.0646729e-16  -1.6240489e-16  8.5835706e-16  2.7381490e-16  4.4583719e-16  1.9983979e-16  8.8730306e-16  
3.7836623e-16  2.8967488e-17  4.2780030e-16  5.7024076e-16  -7.3533655e-17  2.5829443e-16  2.2641297e-16  4.2581072e-16  5.0478695e-16  -2.8169856e-16  1.4563634e-16  2.2330967e-16  1.2849342e-16  2.1599744e-16  -3.4757792e-16  8.6005793e-17  -5.8780282e-18  1.0000000   1.6014269e-16  2.8286440e-16  6.2665016e-17  5.9575454e-17  -5.0684536e-16  -2.3320273e-16  4.1211511e-18  7.7993536e-17  -4.4196113e-16  -2.8614613e-17  -4.5897192e-16  2.3965606e-16  -3.6237696e-16  3.7836623e-16  2.8967488e-17  4.2780030e-16  5.7024076e-16  -7.3533655e-17  2.5829443e-16  2.2641297e-16  4.2581072e-16  5.0478695e-16  -2.8169856e-16  1.4563634e-16  2.2330967e-16  1.2849342e-16  2.1599744e-16  -3.4757792e-16  8.6005793e-17  -5.8780282e-18  1.0000000   1.6014269e-16  2.8286440e-16  6.2665016e-17  5.9575454e-17  -5.0684536e-16  -2.3320273e-16  4.1211511e-18  7.7993536e-17  -4.4196113e-16  -2.8614613e-17  -4.5897192e-16  2.3965606e-16  -3.6237696e-16  
-4.6872392e-16  4.5757337e-16  -8.1715313e-17  1.1772152e-15  2.0082129e-16  -5.0754975e-19  -6.6494885e-16  -3.6181984e-16  1.7590504e-16  8.7975866e-16  8.6310282e-17  -4.0681603e-16  2.0001442e-16  -4.3985622e-16  -4.2684185e-16  -1.6427064e-16  2.4504990e-17  1.6014269e-16  1.0000000   -4.9944918e-16  3.7185019e-17  1.5984944e-16  4.3764292e-16  1.5343222e-16  1.1090552e-16  4.5686006e-17  -1.2776754e-16  -9.0362952e-17  -2.4069821e-17  2.3995919e-16  4.6382457e-16  -4.6872392e-16  4.5757337e-16  -8.1715313e-17  1.1772152e-15  2.0082129e-16  -5.0754975e-19  -6.6494885e-16  -3.6181984e-16  1.7590504e-16  8.7975866e-16  8.6310282e-17  -4.0681603e-16  2.0001442e-16  -4.3985622e-16  -4.2684185e-16  -1.6427064e-16  2.4504990e-17  1.6014269e-16  1.0000000   -4.9944918e-16  3.7185019e-17  1.5984944e-16  4.3764292e-16  1.5343222e-16  1.1090552e-16  4.5686006e-17  -1.2776754e-16  -9.0362952e-17  -2.4069821e-17  2.3995919e-16  4.6382457e-16  
-4.1126620e-17  -1.3449234e-15  -6.7063968e-16  -5.4379369e-16  7.6926551e-16  -3.4957708e-16  -1.1580353e-16  -3.9450846e-16  -4.7102202e-16  6.5555933e-16  1.9684264e-16  -1.4614362e-16  -3.8133078e-16  -2.3258309e-16  -1.6206152e-16  -5.2192442e-16  -4.5654031e-16  2.8286440e-16  -4.9944918e-16  1.0000000   2.2417368e-16  -1.3406164e-16  -6.0715483e-17  -5.1931847e-16  -4.9628132e-16  -4.3067481e-16  3.7428822e-16  -9.3953676e-16  -3.6778270e-16  -4.7301791e-17  -1.1261361e-16  -4.1126620e-17  -1.3449234e-15  -6.7063968e-16  -5.4379369e-16  7.6926551e-16  -3.4957708e-16  -1.1580353e-16  -3.9450846e-16  -4.7102202e-16  6.5555933e-16  1.9684264e-16  -1.4614362e-16  -3.8133078e-16  -2.3258309e-16  -1.6206152e-16  -5.2192442e-16  -4.5654031e-16  2.8286440e-16  -4.9944918e-16  1.0000000   2.2417368e-16  -1.3406164e-16  -6.0715483e-17  -5.1931847e-16  -4.9628132e-16  -4.3067481e-16  3.7428822e-16  -9.3953676e-16  -3.6778270e-16  -4.7301791e-17  -1.1261361e-16  
-9.3140831e-16  -1.7423093e-16  -9.4613249e-16  3.3907989e-16  6.0416994e-17  -9.4772928e-17  6.6115337e-16  1.9241210e-16  1.9746796e-16  -1.5801493e-16  -3.3479792e-16  4.3448030e-16  -4.6818010e-16  -4.1160472e-16  -5.7011673e-17  6.1600329e-16  3.1393662e-16  6.2665016e-17  3.7185019e-17  2.2417368e-16  1.0000000   2.4358604e-16  3.3807897e-16  -1.4947897e-16  -4.1205367e-17  2.1436243e-16  -6.5375923e-16  -1.3204382e-16  1.5855270e-16  8.0712469e-17  -1.1814268e-16  -9.3140831e-16  -1.7423093e-16  -9.4613249e-16  3.3907989e-16  6.0416994e-17  -9.4772928e-17  6.6115337e-16  1.9241210e-16  1.9746796e-16  -1.5801493e-16  -3.3479792e-16  4.3448030e-16  -4.6818010e-16  -4.1160472e-16  -5.7011673e-17  6.1600329e-16  3.1393662e-16  6.2665016e-17  3.7185019e-17  2.2417368e-16  1.0000000   2.4358604e-16  3.3807897e-16  -1.4947897e-16  -4.1205367e-17  2.1436243e-16  -6.5375923e-16  -1.3204382e-16  1.5855270e-16  8.0712469e-17  -1.1814268e-16  
-4.8858673e-16  3.4005895e-16  -7.0419162e-16  -8.3732280e-16  -1.0879827e-17  -2.9629979e-16  -7.7966163e-16  4.6182827e-16  7.4693826e-16  1.2726129e-16  1.0628014e-16  5.0540312e-16  -6.9149499e-16  -8.1132868e-16  2.4221460e-16  1.1834246e-16  2.4755181e-16  5.9575454e-17  1.5984944e-16  -1.3406164e-16  2.4358604e-16  1.0000000   -1.8224685e-17  2.9348062e-16  -2.2937257e-16  2.3612597e-16  5.0452463e-16  4.7959614e-16  2.5689174e-16  -9.8302111e-17  1.9575917e-16  -4.8858673e-16  3.4005895e-16  -7.0419162e-16  -8.3732280e-16  -1.0879827e-17  -2.9629979e-16  -7.7966163e-16  4.6182827e-16  7.4693826e-16  1.2726129e-16  1.0628014e-16  5.0540312e-16  -6.9149499e-16  -8.1132868e-16  2.4221460e-16  1.1834246e-16  2.4755181e-16  5.9575454e-17  1.5984944e-16  -1.3406164e-16  2.4358604e-16  1.0000000   -1.8224685e-17  2.9348062e-16  -2.2937257e-16  2.3612597e-16  5.0452463e-16  4.7959614e-16  2.5689174e-16  -9.8302111e-17  1.9575917e-16  
8.0139797e-16  7.4447122e-16  -2.7730460e-16  5.5663757e-17  9.6014028e-17  2.8946988e-16  4.3312751e-16  -5.8010997e-17  3.0801241e-16  1.1854009e-16  -6.7727325e-17  8.3266459e-16  1.3473339e-16  -7.5788079e-16  -4.9801835e-16  1.5650855e-16  4.4256494e-16  -5.0684536e-16  4.3764292e-16  -6.0715483e-17  3.3807897e-16  -1.8224685e-17  1.0000000   -3.3640344e-16  -6.1789074e-16  -7.2273937e-16  -4.5384078e-17  -3.2039066e-16  -6.4822870e-16  -2.0358462e-16  5.7151616e-17  8.0139797e-16  7.4447122e-16  -2.7730460e-16  5.5663757e-17  9.6014028e-17  2.8946988e-16  4.3312751e-16  -5.8010997e-17  3.0801241e-16  1.1854009e-16  -6.7727325e-17  8.3266459e-16  1.3473339e-16  -7.5788079e-16  -4.9801835e-16  1.5650855e-16  4.4256494e-16  -5.0684536e-16  4.3764292e-16  -6.0715483e-17  3.3807897e-16  -1.8224685e-17  1.0000000   -3.3640344e-16  -6.1789074e-16  -7.2273937e-16  -4.5384078e-17  -3.2039066e-16  -6.4822870e-16  -2.0358462e-16  5.7151616e-17  
4.2177345e-16  -6.1824558e-16  2.0868323e-16  8.3154056e-16  4.4176508e-16  -2.6521191e-16  -6.4642005e-16  5.2249558e-17  -2.3592223e-16  -2.7921967e-16  -3.4730143e-16  2.7402112e-16  3.6420622e-17  -2.3637238e-16  -6.1966966e-17  6.1942878e-16  -1.6040546e-17  -2.3320273e-16  1.5343222e-16  -5.1931847e-16  -1.4947897e-16  2.9348062e-16  -3.3640344e-16  1.0000000   -4.1358397e-16  -1.6666952e-16  -9.0146085e-17  6.5529584e-16  -5.8319482e-16  -3.0827151e-16  2.2609142e-17  4.2177345e-16  -6.1824558e-16  2.0868323e-16  8.3154056e-16  4.4176508e-16  -2.6521191e-16  -6.4642005e-16  5.2249558e-17  -2.3592223e-16  -2.7921967e-16  -3.4730143e-16  2.7402112e-16  3.6420622e-17  -2.3637238e-16  -6.1966966e-17  6.1942878e-16  -1.6040546e-17  -2.3320273e-16  1.5343222e-16  -5.1931847e-16  -1.4947897e-16  2.9348062e-16  -3.3640344e-16  1.0000000   -4.1358397e-16  -1.6666952e-16  -9.0146085e-17  6.5529584e-16  -5.8319482e-16  -3.0827151e-16  2.2609142e-17  
-7.3554194e-16  3.7741000e-17  1.1774050e-16  2.9283981e-16  7.6559735e-18  1.4452676e-16  1.9181963e-17  7.2072545e-17  -2.9890023e-16  1.9808078e-16  5.1390027e-16  6.0986486e-16  -1.8786129e-16  2.5346568e-16  -1.8723740e-16  4.2906583e-16  2.0646729e-16  4.1211511e-18  1.1090552e-16  -4.9628132e-16  -4.1205367e-17  -2.2937257e-16  -6.1789074e-16  -4.1358397e-16  1.0000000   -3.8942794e-16  -4.2091223e-16  -1.1936346e-16  1.5982609e-16  1.0818238e-16  -8.9471131e-17  -7.3554194e-16  3.7741000e-17  1.1774050e-16  2.9283981e-16  7.6559735e-18  1.4452676e-16  1.9181963e-17  7.2072545e-17  -2.9890023e-16  1.9808078e-16  5.1390027e-16  6.0986486e-16  -1.8786129e-16  2.5346568e-16  -1.8723740e-16  4.2906583e-16  2.0646729e-16  4.1211511e-18  1.1090552e-16  -4.9628132e-16  -4.1205367e-17  -2.2937257e-16  -6.1789074e-16  -4.1358397e-16  1.0000000   -3.8942794e-16  -4.2091223e-16  -1.1936346e-16  1.5982609e-16  1.0818238e-16  -8.9471131e-17  
-8.1407836e-16  -9.1916734e-16  3.1386765e-16  -4.8812241e-16  3.7970647e-16  -4.6824312e-16  2.5244773e-16  4.0095455e-16  -1.7013478e-16  9.8842874e-17  -9.2232716e-17  -3.0415620e-16  4.5813100e-18  -2.8615870e-16  -1.9934539e-16  4.2517533e-17  -1.6240489e-16  7.7993536e-17  4.5686006e-17  -4.3067481e-16  2.1436243e-16  2.3612597e-16  -7.2273937e-16  -1.6666952e-16  -3.8942794e-16  1.0000000   6.8433605e-16  -5.0667719e-16  8.4887756e-17  -3.0417940e-16  -1.7384164e-16  -8.1407836e-16  -9.1916734e-16  3.1386765e-16  -4.8812241e-16  3.7970647e-16  -4.6824312e-16  2.5244773e-16  4.0095455e-16  -1.7013478e-16  9.8842874e-17  -9.2232716e-17  -3.0415620e-16  4.5813100e-18  -2.8615870e-16  -1.9934539e-16  4.2517533e-17  -1.6240489e-16  7.7993536e-17  4.5686006e-17  -4.3067481e-16  2.1436243e-16  2.3612597e-16  -7.2273937e-16  -1.6666952e-16  -3.8942794e-16  1.0000000   6.8433605e-16  -5.0667719e-16  8.4887756e-17  -3.0417940e-16  -1.7384164e-16  
-2.3389375e-16  5.1770639e-17  1.0603283e-16  1.1413461e-15  -8.8885529e-16  1.2876212e-16  2.8572864e-16  4.1133059e-16  -4.8404409e-16  -3.0942106e-17  5.1750134e-16  1.9412084e-16  -6.1316898e-16  4.9913260e-16  -1.7068808e-16  -2.9889322e-16  8.5835706e-16  -4.4196113e-16  -1.2776754e-16  3.7428822e-16  -6.5375923e-16  5.0452463e-16  -4.5384078e-17  -9.0146085e-17  -4.2091223e-16  6.8433605e-16  1.0000000   -5.5882961e-16  -9.0295869e-17  -5.4454675e-16  -5.7921528e-16  -2.3389375e-16  5.1770639e-17  1.0603283e-16  1.1413461e-15  -8.8885529e-16  1.2876212e-16  2.8572864e-16  4.1133059e-16  -4.8404409e-16  -3.0942106e-17  5.1750134e-16  1.9412084e-16  -6.1316898e-16  4.9913260e-16  -1.7068808e-16  -2.9889322e-16  8.5835706e-16  -4.4196113e-16  -1.2776754e-16  3.7428822e-16  -6.5375923e-16  5.0452463e-16  -4.5384078e-17  -9.0146085e-17  -4.2091223e-16  6.8433605e-16  1.0000000   -5.5882961e-16  -9.0295869e-17  -5.4454675e-16  -5.7921528e-16  
-2.7528000e-16  -1.7158764e-16  6.3892847e-16  5.3164718e-18  -1.5680697e-16  -2.4513720e-16  -4.1697265e-16  -6.8884904e-16  -6.4493745e-16  -7.6252647e-16  8.7378919e-17  -4.4626458e-16  8.9336204e-17  -1.0613817e-16  3.5300719e-16  1.3515237e-16  2.7381490e-16  -2.8614613e-17  -9.0362952e-17  -9.3953676e-16  -1.3204382e-16  4.7959614e-16  -3.2039066e-16  6.5529584e-16  -1.1936346e-16  -5.0667719e-16  -5.5882961e-16  1.0000000   6.0173200e-17  1.0603459e-16  9.3027112e-16  -2.7528000e-16  -1.7158764e-16  6.3892847e-16  5.3164718e-18  -1.5680697e-16  -2.4513720e-16  -4.1697265e-16  -6.8884904e-16  -6.4493745e-16  -7.6252647e-16  8.7378919e-17  -4.4626458e-16  8.9336204e-17  -1.0613817e-16  3.5300719e-16  1.3515237e-16  2.7381490e-16  -2.8614613e-17  -9.0362952e-17  -9.3953676e-16  -1.3204382e-16  4.7959614e-16  -3.2039066e-16  6.5529584e-16  -1.1936346e-16  -5.0667719e-16  -5.5882961e-16  1.0000000   6.0173200e-17  1.0603459e-16  9.3027112e-16  
-4.4309560e-16  2.3348797e-17  4.5384007e-16  -4.8357644e-17  -1.2716544e-16  1.0480518e-16  -2.0042775e-16  1.9678281e-16  1.4543698e-17  3.7845547e-16  2.8740136e-16  -5.2156254e-16  1.9477913e-17  -4.3594480e-17  2.9671055e-16  -7.8611440e-17  4.4583719e-16  -4.5897192e-16  -2.4069821e-17  -3.6778270e-16  1.5855270e-16  2.5689174e-16  -6.4822870e-16  -5.8319482e-16  1.5982609e-16  8.4887756e-17  -9.0295869e-17  6.0173200e-17  1.0000000   2.8782544e-16  3.5103446e-16  -4.4309560e-16  2.3348797e-17  4.5384007e-16  -4.8357644e-17  -1.2716544e-16  1.0480518e-16  -2.0042775e-16  1.9678281e-16  1.4543698e-17  3.7845547e-16  2.8740136e-16  -5.2156254e-16  1.9477913e-17  -4.3594480e-17  2.9671055e-16  -7.8611440e-17  4.4583719e-16  -4.5897192e-16  -2.4069821e-17  -3.6778270e-16  1.5855270e-16  2.5689174e-16  -6.4822870e-16  -5.8319482e-16  1.5982609e-16  8.4887756e-17  -9.0295869e-17  6.0173200e-17  1.0000000   2.8782544e-16  3.5103446e-16  
-2.0462399e-16  2.1052526e-16  -2.5572484e-16  -2.7782072e-16  -2.6756266e-16  6.4704324e-17  -4.2856223e-16  1.0366578e-17  9.5525337e-16  1.0520046e-16  4.8092286e-17  9.3126231e-16  4.7722040e-16  8.5028873e-17  7.8673634e-16  -1.6709578e-16  1.9983979e-16  2.3965606e-16  2.3995919e-16  -4.7301791e-17  8.0712469e-17  -9.8302111e-17  -2.0358462e-16  -3.0827151e-16  1.0818238e-16  -3.0417940e-16  -5.4454675e-16  1.0603459e-16  2.8782544e-16  1.0000000   6.7343654e-17  -2.0462399e-16  2.1052526e-16  -2.5572484e-16  -2.7782072e-16  -2.6756266e-16  6.4704324e-17  -4.2856223e-16  1.0366578e-17  9.5525337e-16  1.0520046e-16  4.8092286e-17  9.3126231e-16  4.7722040e-16  8.5028873e-17  7.8673634e-16  -1.6709578e-16  1.9983979e-16  2.3965606e-16  2.3995919e-16  -4.7301791e-17  8.0712469e-17  -9.8302111e-17  -2.0358462e-16  -3.0827151e-16  1.0818238e-16  -3.0417940e-16  -5.4454675e-16  1.0603459e-16  2.8782544e-16  1.0000000   6.7343654e-17  
-6.8647705e-16  7.2617481e-17  2.6977080e-16  -3.2034924e-16  -1.4327854e-16  3.1246244e-16  3.6407372e-17  -1.5362409e-16  -8.8352827e-17  -1.6204741e-16  -4.1343475e-16  4.1368069e-16  3.5856929e-16  -8.7934322e-17  -2.6954945e-16  -3.8721356e-16  8.8730306e-16  -3.6237696e-16  4.6382457e-16  -1.1261361e-16  -1.1814268e-16  1.9575917e-16  5.7151616e-17  2.2609142e-17  -8.9471131e-17  -1.7384164e-16  -5.7921528e-16  9.3027112e-16  3.5103446e-16  6.7343654e-17  1.0000000   -6.8647705e-16  7.2617481e-17  2.6977080e-16  -3.2034924e-16  -1.4327854e-16  3.1246244e-16  3.6407372e-17  -1.5362409e-16  -8.8352827e-17  -1.6204741e-16  -4.1343475e-16  4.1368069e-16  3.5856929e-16  -8.7934322e-17  -2.6954945e-16  -3.8721356e-16  8.8730306e-16  -3.6237696e-16  4.6382457e-16  -1.1261361e-16  -1.1814268e-16  1.9575917e-16  5.7151616e-17  2.2609142e-17  -8.9471131e-17  -1.7384164e-16  -5.7921528e-16  9.3027112e-16  3.5103446e-16  6.7343654e-17  1.0000000   
1.0000000   2.5616404e-17  2.5020868e-16  -1.2182505e-15  -3.6139627e-16  2.6936510e-16  4.3994746e-17  -4.3679272e-16  3.4029797e-16  5.7453416e-16  -3.2768412e-16  5.3037666e-17  -7.4399685e-16  1.4719164e-16  -4.0176230e-16  -3.7369366e-16  6.4923134e-16  3.7836623e-16  -4.6872392e-16  -4.1126620e-17  -9.3140831e-16  -4.8858673e-16  8.0139797e-16  4.2177345e-16  -7.3554194e-16  -8.1407836e-16  -2.3389375e-16  -2.7528000e-16  -4.4309560e-16  -2.0462399e-16  -6.8647705e-16  1.0000000   2.5616404e-17  2.5020868e-16  -1.2182505e-15  -3.6139627e-16  2.6936510e-16  4.3994746e-17  -4.3679272e-16  3.4029797e-16  5.7453416e-16  -3.2768412e-16  5.3037666e-17  -7.4399685e-16  1.4719164e-16  -4.0176230e-16  -3.7369366e-16  6.4923134e-16  3.7836623e-16  -4.6872392e-16  -4.1126620e-17  -9.3140831e-16  -4.8858673e-16  8.0139797e-16  4.2177345e-16  -7.3554194e-16  -8.1407836e-16  -2.3389375e-16  -2.7528000e-16  -4.4309560e-16  -2.0462399e-16  -6.8647705e-16  
2.5616404e-17  1.0000000   -5.1268343e-17  -1.8168673e-16  4.9894363e-16  1.1164113e-15  -3.9613004e-16  -1.0482247e-16  -5.4851528e-17  -6.1338118e-17  -5.1482405e-16  1.1953042e-16  8.9669320e-16  -7.4268674e-16  4.7362503e-16  -5.1060909e-16  1.3868125e-16  2.8967488e-17  4.5757337e-16  -1.3449234e-15  -1.7423093e-16  3.4005895e-16  7.4447122e-16  -6.1824558e-16  3.7741000e-17  -9.1916734e-16  5.1770639e-17  -1.7158764e-16  2.3348797e-17  2.1052526e-16  7.2617481e-17  2.5616404e-17  1.0000000   -5.1268343e-17  -1.8168673e-16  4.9894363e-16  1.1164113e-15  -3.9613004e-16  -1.0482247e-16  -5.4851528e-17  -6.1338118e-17  -5.1482405e-16  1.1953042e-16  8.9669320e-16  -7.4268674e-16  4.7362503e-16  -5.1060909e-16  1.3868125e-16  2.8967488e-17  4.5757337e-16  -1.3449234e-15  -1.7423093e-16  3.4005895e-16  7.4447122e-16  -6.1824558e-16  3.7741000e-17  -9.1916734e-16  5.1770639e-17  -1.7158764e-16  2.3348797e-17  2.1052526e-16  7.2617481e-17  
2.5020868e-16  -5.1268343e-17  1.0000000   5.5443617e-16  2.0486169e-16  -1.8065520e-16  7.6434969e-17  1.6590105e-16  -1.2497161e-16  -2.0903593e-16  -9.7382253e-18  4.7846617e-16  -3.0039218e-16  3.3578089e-16  5.6352765e-16  -7.6998865e-17  -3.0495322e-16  4.2780030e-16  -8.1715313e-17  -6.7063968e-16  -9.4613249e-16  -7.0419162e-16  -2.7730460e-16  2.0868323e-16  1.1774050e-16  3.1386765e-16  1.0603283e-16  6.3892847e-16  4.5384007e-16  -2.5572484e-16  2.6977080e-16  2.5020868e-16  -5.1268343e-17  1.0000000   5.5443617e-16  2.0486169e-16  -1.8065520e-16  7.6434969e-17  1.6590105e-16  -1.2497161e-16  -2.0903593e-16  -9.7382253e-18  4.7846617e-16  -3.0039218e-16  3.3578089e-16  5.6352765e-16  -7.6998865e-17  -3.0495322e-16  4.2780030e-16  -8.1715313e-17  -6.7063968e-16  -9.4613249e-16  -7.0419162e-16  -2.7730460e-16  2.0868323e-16  1.1774050e-16  3.1386765e-16  1.0603283e-16  6.3892847e-16  4.5384007e-16  -2.5572484e-16  2.6977080e-16  
-1.2182505e-15  -1.8168673e-16  5.5443617e-16  1.0000000   5.9489472e-16  7.2351562e-16  -6.8205538e-16  -2.8188780e-16  -6.6784294e-17  -5.4026719e-18  1.5742168e-16  2.8522205e-16  2.5917836e-16  3.7853489e-16  5.9892672e-17  4.9677162e-16  7.0400444e-16  5.7024076e-16  1.1772152e-15  -5.4379369e-16  3.3907989e-16  -8.3732280e-16  5.5663757e-17  8.3154056e-16  2.9283981e-16  -4.8812241e-16  1.1413461e-15  5.3164718e-18  -4.8357644e-17  -2.7782072e-16  -3.2034924e-16  -1.2182505e-15  -1.8168673e-16  5.5443617e-16  1.0000000   5.9489472e-16  7.2351562e-16  -6.8205538e-16  -2.8188780e-16  -6.6784294e-17  -5.4026719e-18  1.5742168e-16  2.8522205e-16  2.5917836e-16  3.7853489e-16  5.9892672e-17  4.9677162e-16  7.0400444e-16  5.7024076e-16  1.1772152e-15  -5.4379369e-16  3.3907989e-16  -8.3732280e-16  5.5663757e-17  8.3154056e-16  2.9283981e-16  -4.8812241e-16  1.1413461e-15  5.3164718e-18  -4.8357644e-17  -2.7782072e-16  -3.2034924e-16  
-3.6139627e-16  4.9894363e-16  2.0486169e-16  5.9489472e-16  1.0000000   1.0668684e-15  -8.8527220e-16  -4.7286283e-17  1.2361364e-15  -2.0568796e-16  1.3347333e-16  2.2463215e-16  7.9150053e-17  -2.3834741e-16  1.4086178e-15  2.9038225e-16  -7.2843978e-16  -7.3533655e-17  2.0082129e-16  7.6926551e-16  6.0416994e-17  -1.0879827e-17  9.6014028e-17  4.4176508e-16  7.6559735e-18  3.7970647e-16  -8.8885529e-16  -1.5680697e-16  -1.2716544e-16  -2.6756266e-16  -1.4327854e-16  -3.6139627e-16  4.9894363e-16  2.0486169e-16  5.9489472e-16  1.0000000   1.0668684e-15  -8.8527220e-16  -4.7286283e-17  1.2361364e-15  -2.0568796e-16  1.3347333e-16  2.2463215e-16  7.9150053e-17  -2.3834741e-16  1.4086178e-15  2.9038225e-16  -7.2843978e-16  -7.3533655e-17  2.0082129e-16  7.6926551e-16  6.0416994e-17  -1.0879827e-17  9.6014028e-17  4.4176508e-16  7.6559735e-18  3.7970647e-16  -8.8885529e-16  -1.5680697e-16  -1.2716544e-16  -2.6756266e-16  -1.4327854e-16  
2.6936510e-16  1.1164113e-15  -1.8065520e-16  7.2351562e-16  1.0668684e-15  1.0000000   6.1130189e-17  3.1343680e-17  8.0543814e-17  -1.0938195e-15  -5.3123048e-17  1.2861270e-16  -1.0864595e-16  5.6437431e-16  2.0178853e-16  -1.3404620e-16  5.8781604e-16  2.5829443e-16  -5.0754975e-19  -3.4957708e-16  -9.4772928e-17  -2.9629979e-16  2.8946988e-16  -2.6521191e-16  1.4452676e-16  -4.6824312e-16  1.2876212e-16  -2.4513720e-16  1.0480518e-16  6.4704324e-17  3.1246244e-16  2.6936510e-16  1.1164113e-15  -1.8065520e-16  7.2351562e-16  1.0668684e-15  1.0000000   6.1130189e-17  3.1343680e-17  8.0543814e-17  -1.0938195e-15  -5.3123048e-17  1.2861270e-16  -1.0864595e-16  5.6437431e-16  2.0178853e-16  -1.3404620e-16  5.8781604e-16  2.5829443e-16  -5.0754975e-19  -3.4957708e-16  -9.4772928e-17  -2.9629979e-16  2.8946988e-16  -2.6521191e-16  1.4452676e-16  -4.6824312e-16  1.2876212e-16  -2.4513720e-16  1.0480518e-16  6.4704324e-17  3.1246244e-16  
4.3994746e-17  -3.9613004e-16  7.6434969e-17  -6.8205538e-16  -8.8527220e-16  6.1130189e-17  1.0000000   -2.4838467e-16  1.4700159e-16  1.4064647e-15  -3.3923375e-16  -4.0238293e-16  1.8072996e-17  7.5580635e-16  7.3269749e-16  6.1654718e-16  5.9346408e-16  2.2641297e-16  -6.6494885e-16  -1.1580353e-16  6.6115337e-16  -7.7966163e-16  4.3312751e-16  -6.4642005e-16  1.9181963e-17  2.5244773e-16  2.8572864e-16  -4.1697265e-16  -2.0042775e-16  -4.2856223e-16  3.6407372e-17  4.3994746e-17  -3.9613004e-16  7.6434969e-17  -6.8205538e-16  -8.8527220e-16  6.1130189e-17  1.0000000   -2.4838467e-16  1.4700159e-16  1.4064647e-15  -3.3923375e-16  -4.0238293e-16  1.8072996e-17  7.5580635e-16  7.3269749e-16  6.1654718e-16  5.9346408e-16  2.2641297e-16  -6.6494885e-16  -1.1580353e-16  6.6115337e-16  -7.7966163e-16  4.3312751e-16  -6.4642005e-16  1.9181963e-17  2.5244773e-16  2.8572864e-16  -4.1697265e-16  -2.0042775e-16  -4.2856223e-16  3.6407372e-17  
-4.3679272e-16  -1.0482247e-16  1.6590105e-16  -2.8188780e-16  -4.7286283e-17  3.1343680e-17  -2.4838467e-16  1.0000000   -2.2737769e-16  8.6244668e-16  7.0322445e-17  5.4685602e-16  1.3635840e-16  -2.1370785e-16  -2.9733262e-16  3.8718852e-16  -3.4859307e-16  4.2581072e-16  -3.6181984e-16  -3.9450846e-16  1.9241210e-16  4.6182827e-16  -5.8010997e-17  5.2249558e-17  7.2072545e-17  4.0095455e-16  4.1133059e-16  -6.8884904e-16  1.9678281e-16  1.0366578e-17  -1.5362409e-16  -4.3679272e-16  -1.0482247e-16  1.6590105e-16  -2.8188780e-16  -4.7286283e-17  3.1343680e-17  -2.4838467e-16  1.0000000   -2.2737769e-16  8.6244668e-16  7.0322445e-17  5.4685602e-16  1.3635840e-16  -2.1370785e-16  -2.9733262e-16  3.8718852e-16  -3.4859307e-16  4.2581072e-16  -3.6181984e-16  -3.9450846e-16  1.9241210e-16  4.6182827e-16  -5.8010997e-17  5.2249558e-17  7.2072545e-17  4.0095455e-16  4.1133059e-16  -6.8884904e-16  1.9678281e-16  1.0366578e-17  -1.5362409e-16  
3.4029797e-16  -5.4851528e-17  -1.2497161e-16  -6.6784294e-17  1.2361364e-15  8.0543814e-17  1.4700159e-16  -2.2737769e-16  1.0000000   -2.3171149e-17  -3.7246275e-16  9.6806770e-17  6.7485077e-16  -2.6729809e-17  -2.1043278e-16  1.2807790e-16  -3.7974140e-17  5.0478695e-16  1.7590504e-16  -4.7102202e-16  1.9746796e-16  7.4693826e-16  3.0801241e-16  -2.3592223e-16  -2.9890023e-16  -1.7013478e-16  -4.8404409e-16  -6.4493745e-16  1.4543698e-17  9.5525337e-16  -8.8352827e-17  3.4029797e-16  -5.4851528e-17  -1.2497161e-16  -6.6784294e-17  1.2361364e-15  8.0543814e-17  1.4700159e-16  -2.2737769e-16  1.0000000   -2.3171149e-17  -3.7246275e-16  9.6806770e-17  6.7485077e-16  -2.6729809e-17  -2.1043278e-16  1.2807790e-16  -3.7974140e-17  5.0478695e-16  1.7590504e-16  -4.7102202e-16  1.9746796e-16  7.4693826e-16  3.0801241e-16  -2.3592223e-16  -2.9890023e-16  -1.7013478e-16  -4.8404409e-16  -6.4493745e-16  1.4543698e-17  9.5525337e-16  -8.8352827e-17  
5.7453416e-16  -6.1338118e-17  -2.0903593e-16  -5.4026719e-18  -2.0568796e-16  -1.0938195e-15  1.4064647e-15  8.6244668e-16  -2.3171149e-17  1.0000000   -5.1968250e-16  2.8657399e-16  -5.2411592e-16  -2.6484767e-16  -2.7713781e-16  -3.4888952e-16  2.9375178e-16  -2.8169856e-16  8.7975866e-16  6.5555933e-16  -1.5801493e-16  1.2726129e-16  1.1854009e-16  -2.7921967e-16  1.9808078e-16  9.8842874e-17  -3.0942106e-17  -7.6252647e-16  3.7845547e-16  1.0520046e-16  -1.6204741e-16  5.7453416e-16  -6.1338118e-17  -2.0903593e-16  -5.4026719e-18  -2.0568796e-16  -1.0938195e-15  1.4064647e-15  8.6244668e-16  -2.3171149e-17  1.0000000   -5.1968250e-16  2.8657399e-16  -5.2411592e-16  -2.6484767e-16  -2.7713781e-16  -3.4888952e-16  2.9375178e-16  -2.8169856e-16  8.7975866e-16  6.5555933e-16  -1.5801493e-16  1.2726129e-16  1.1854009e-16  -2.7921967e-16  1.9808078e-16  9.8842874e-17  -3.0942106e-17  -7.6252647e-16  3.7845547e-16  1.0520046e-16  -1.6204741e-16  
