1.0000000   7.7981188e-16  3.1698561e-16  -2.7919308e-16  -7.7482633e-16  -3.8401877e-16  -2.6118823e-17  -3.6743145e-16  -1.9883519e-17  -3.9176794e-16  -2.9079938e-16  1.2166397e-15  -2.9246512e-16  -8.0021939e-16  -2.2556067e-16  7.0484285e-17  -1.9769827e-16  4.2465464e-16  5.8166717e-16  -4.6184125e-16  -2.1534511e-16  4.5176479e-17  9.6416299e-16  -1.4137399e-16  2.2689447e-16  -3.0749282e-16  4.3703368e-16  -2.5821500e-16  9.8088043e-17  -6.9794551e-16  6.2448397e-17  1.0000000   7.7981188e-16  3.1698561e-16  -2.7919308e-16  -7.7482633e-16  -3.8401877e-16  -2.6118823e-17  -3.6743145e-16  -1.9883519e-17  -3.9176794e-16  -2.9079938e-16  1.2166397e-15  -2.9246512e-16  -8.0021939e-16  -2.2556067e-16  7.0484285e-17  -1.9769827e-16  4.2465464e-16  5.8166717e-16  -4.6184125e-16  -2.1534511e-16  4.5176479e-17  9.6416299e-16  -1.4137399e-16  2.2689447e-16  -3.0749282e-16  4.3703368e-16  -2.5821500e-16  9.8088043e-17  -6.9794551e-16  6.2448397e-17  
7.7981188e-16  1.0000000   8.8207070e-17  3.2332144e-16  -5.5102848e-17  9.2653324e-16  -1.5933952e-16  -4.4007360e-16  -8.8454634e-16  2.2267811e-16  2.6230736e-17  -5.0029433e-16  4.9270525e-16  9.8494759e-16  -8.1978531e-16  7.5679457e-16  6.9303137e-16  -3.6176910e-18  6.2645814e-16  7.0538452e-16  2.7699927e-16  -3.2918715e-16  3.4777080e-16  -1.3985374e-18  1.7174153e-16  5.8134908e-16  2.6825400e-16  4.7628634e-16  2.8777276e-17  -8.0967207e-16  -2.2141035e-16  7.7981188e-16  1.0000000   8.8207070e-17  3.2332144e-16  -5.5102848e-17  9.2653324e-16  -1.5933952e-16  -4.4007360e-16  -8.8454634e-16  2.2267811e-16  2.6230736e-17  -5.0029433e-16  4.9270525e-16  9.8494759e-16  -8.1978531e-16  7.5679457e-16  6.9303137e-16  -3.6176910e-18  6.2645814e-16  7.0538452e-16  2.7699927e-16  -3.2918715e-16  3.4777080e-16  -1.3985374e-18  1.7174153e-16  5.8134908e-16  2.6825400e-16  4.7628634e-16  2.8777276e-17  -8.0967207e-16  -2.2141035e-16  
3.1698561e-16  8.8207070e-17  1.0000000   2.5071759e-16  6.4875057e-17  -7.7761524e-17  -6.7527493e-16  -1.2454184e-16  -7.5850148e-16  -1.4769906e-16  -6.3571532e-16  -6.1715310e-16  -1.9227665e-16  -7.7889279e-18  2.0469707e-16  6.2832415e-16  5.2179345e-17  -1.4193312e-16  -2.3872268e-16  2.9294806e-16  -1.7296641e-16  7.9937297e-16  3.9354898e-16  -1.3878033e-16  9.1996652e-17  6.8867006e-16  3.3149082e-16  6.8184328e-16  2.0208255e-17  2.6994464e-16  1.3260232e-17  3.1698561e-16  8.8207070e-17  1.0000000   2.5071759e-16  6.4875057e-17  -7.7761524e-17  -6.7527493e-16  -1.2454184e-16  -7.5850148e-16  -1.4769906e-16  -6.3571532e-16  -6.1715310e-16  -1.9227665e-16  -7.7889279e-18  2.0469707e-16  6.2832415e-16  5.2179345e-17  -1.4193312e-16  -2.3872268e-16  2.9294806e-16  -1.7296641e-16  7.9937297e-16  3.9354898e-16  -1.3878033e-16  9.1996652e-17  6.8867006e-16  3.3149082e-16  6.8184328e-16  2.0208255e-17  2.6994464e-16  1.3260232e-17  
-2.7919308e-16  3.2332144e-16  2.5071759e-16  1.0000000   5.0260109e-17  -3.1416607e-16  5.9786629e-19  1.6926515e-16  -2.4261868e-17  7.3911463e-16  1.8604736e-16  2.5731275e-16  -3.7913778e-16  -6.6804937e-16  5.7527354e-17  -1.8620722e-16  -2.6220222e-16  5.1523291e-16  -3.5232878e-16  1.0903873e-16  -1.5217267e-15  2.4780462e-17  -3.0355878e-16  1.2155916e-16  4.0141061e-16  -7.3094697e-16  6.7639623e-16  -4.1704362e-18  -6.2960003e-16  -3.6635969e-16  5.0254498e-17  -2.7919308e-16  3.2332144e-16  2.5071759e-16  1.0000000   5.0260109e-17  -3.1416607e-16  5.9786629e-19  1.6926515e-16  -2.4261868e-17  7.3911463e-16  1.8604736e-16  2.5731275e-16  -3.7913778e-16  -6.6804937e-16  5.7527354e-17  -1.8620722e-16  -2.6220222e-16  5.1523291e-16  -3.5232878e-16  1.0903873e-16  -1.5217267e-15  2.4780462e-17  -3.0355878e-16  1.2155916e-16  4.0141061e-16  -7.3094697e-16  6.7639623e-16  -4.1704362e-18  -6.2960003e-16  -3.6635969e-16  5.0254498e-17  
-7.7482633e-16  -5.5102848e-17  6.4875057e-17  5.0260109e-17  1.0000000   -4.6691144e-16  -3.2173445e-16  4.2237760e-16  -3.4288414e-16  1.2438797e-15  2.6280644e-16  -3.8282303e-16  -2.4661781e-17  8.2147311e-16  -5.3399285e-16  1.9618458e-16  -1.8404870e-16  1.3471437e-16  4.2620895e-16  -4.0989289e-16  -4.0606465e-17  4.3921505e-16  -1.2505933e-15  -2.7923070e-17  5.9402751e-17  -6.0698708e-16  -4.8991984e-16  4.3013977e-16  -5.0942017e-17  2.9866521e-17  -5.4140468e-16  -7.7482633e-16  -5.5102848e-17  6.4875057e-17  5.0260109e-17  1.0000000   -4.6691144e-16  -3.2173445e-16  4.2237760e-16  -3.4288414e-16  1.2438797e-15  2.6280644e-16  -3.8282303e-16  -2.4661781e-17  8.2147311e-16  -5.3399285e-16  1.9618458e-16  -1.8404870e-16  1.3471437e-16  4.2620895e-16  -4.0989289e-16  -4.0606465e-17  4.3921505e-16  -1.2505933e-15  -2.7923070e-17  5.9402751e-17  -6.0698708e-16  -4.8991984e-16  4.3013977e-16  -5.0942017e-17  2.9866521e-17  -5.4140468e-16  
-3.8401877e-16  9.2653324e-16  -7.7761524e-17  -3.1416607e-16  -4.6691144e-16  1.0000000   -4.5582695e-16  2.5505591e-16  7.6387562e-16  -1.2169549e-16  4.0042029e-16  2.6579604e-16  2.3019850e-16  3.4757304e-16  -9.4351730e-16  -1.4911688e-18  6.7964823e-16  -5.3607591e-16  1.9382196e-16  -5.6818533e-16  2.9472853e-16  -1.8449812e-16  3.0805943e-18  4.0611110e-16  -7.6133425e-17  5.2676002e-16  -2.0220589e-16  1.9252831e-17  2.4641794e-16  -1.0427296e-16  -3.4317630e-17  -3.8401877e-16  9.2653324e-16  -7.7761524e-17  -3.1416607e-16  -4.6691144e-16  1.0000000   -4.5582695e-16  2.5505591e-16  7.6387562e-16  -1.2169549e-16  4.0042029e-16  2.6579604e-16  2.3019850e-16  3.4757304e-16  -9.4351730e-16  -1.4911688e-18  6.7964823e-16  -5.3607591e-16  1.9382196e-16  -5.6818533e-16  2.9472853e-16  -1.8449812e-16  3.0805943e-18  4.0611110e-16  -7.6133425e-17  5.2676002e-16  -2.0220589e-16  1.9252831e-17  2.4641794e-16  -1.0427296e-16  -3.4317630e-17  
-2.6118823e-17  -1.5933952e-16  -6.7527493e-16  5.9786629e-19  -3.2173445e-16  -4.5582695e-16  1.0000000   2.1278120e-16  6.9061682e-16  2.2515414e-16  1.4928900e-16  -2.5296202e-16  1.2054687e-16  -3.4489963e-16  4.0428904e-16  2.7764579e-16  5.4952202e-16  -5.9853435e-16  1.1073297e-16  1.2926231e-16  1.2921316e-16  -1.0878322e-16  8.9080771e-17  8.9134733e-17  -9.8212689e-17  6.2449586e-16  2.6540121e-16  4.2242840e-16  1.7076572e-16  1.9256001e-16  6.1168255e-16  -2.6118823e-17  -1.5933952e-16  -6.7527493e-16  5.9786629e-19  -3.2173445e-16  -4.5582695e-16  1.0000000   2.1278120e-16  6.9061682e-16  2.2515414e-16  1.4928900e-16  -2.5296202e-16  1.2054687e-16  -3.4489963e-16  4.0428904e-16  2.7764579e-16  5.4952202e-16  -5.9853435e-16  1.1073297e-16  1.2926231e-16  1.2921316e-16  -1.0878322e-16  8.9080771e-17  8.9134733e-17  -9.8212689e-17  6.2449586e-16  2.6540121e-16  4.2242840e-16  1.7076572e-16  1.9256001e-16  6.1168255e-16  
-3.6743145e-16  -4.4007360e-16  -1.2454184e-16  1.6926515e-16  4.2237760e-16  2.5505591e-16  2.1278120e-16  1.0000000   -7.4385789e-17  -4.3402943e-16  7.7036749e-16  -5.3482838e-16  -6.8207473e-16  -3.4071855e-16  7.3291170e-16  -5.1588049e-16  -1.0708292e-15  1.9549142e-16  -1.3911857e-16  2.7880139e-16  1.0194278e-16  5.5110360e-16  -9.4586591e-16  7.3017901e-17  -1.4395232e-17  1.1940178e-15  1.2204797e-17  -2.6233676e-16  -4.5023591e-17  7.7601181e-16  -5.4712711e-16  -3.6743145e-16  -4.4007360e-16  -1.2454184e-16  1.6926515e-16  4.2237760e-16  2.5505591e-16  2.1278120e-16  1.0000000   -7.4385789e-17  -4.3402943e-16  7.7036749e-16  -5.3482838e-16  -6.8207473e-16  -3.4071855e-16  7.3291170e-16  -5.1588049e-16  -1.0708292e-15  1.9549142e-16  -1.3911857e-16  2.7880139e-16  1.0194278e-16  5.5110360e-16  -9.4586591e-16  7.3017901e-17  -1.4395232e-17  1.1940178e-15  1.2204797e-17  -2.6233676e-16  -4.5023591e-17  7.7601181e-16  -5.4712711e-16  
-1.9883519e-17  -8.8454634e-16  -7.5850148e-16  -2.4261868e-17  -3.4288414e-16  7.6387562e-16  6.9061682e-16  -7.4385789e-17  1.0000000   4.3787049e-16  -1.4936427e-17  -5.9244386e-17  -4.6276671e-16  7.8358292e-16  6.8281450e-17  1.7001426e-16  2.4553145e-16  -3.3231829e-16  3.1529207e-16  4.6616462e-16  2.3600250e-16  1.3997973e-16  -6.3474937e-18  -3.2319197e-17  -8.1859252e-16  -1.3849539e-16  -2.9113312e-16  -3.2360137e-16  1.0518593e-15  5.8767085e-16  2.2792999e-16  -1.9883519e-17  -8.8454634e-16  -7.5850148e-16  -2.4261868e-17  -3.4288414e-16  7.6387562e-16  6.9061682e-16  -7.4385789e-17  1.0000000   4.3787049e-16  -1.4936427e-17  -5.9244386e-17  -4.6276671e-16  7.8358292e-16  6.8281450e-17  1.7001426e-16  2.4553145e-16  -3.3231829e-16  3.1529207e-16  4.6616462e-16  2.3600250e-16  1.3997973e-16  -6.3474937e-18  -3.2319197e-17  -8.1859252e-16  -1.3849539e-16  -2.9113312e-16  -3.2360137e-16  1.0518593e-15  5.8767085e-16  2.2792999e-16  
-3.9176794e-16  2.2267811e-16  -1.4769906e-16  7.3911463e-16  1.2438797e-15  -1.2169549e-16  2.2515414e-16  -4.3402943e-16  4.3787049e-16  1.0000000   1.2917123e-16  6.1544208e-16  3.9742539e-16  5.6316177e-18  3.2392279e-16  -5.0535345e-16  2.1570946e-16  -5.1082853e-16  2.4579394e-17  1.2192534e-15  6.0912058e-17  -2.2078771e-16  -9.0586666e-18  3.3283783e-16  -6.2580114e-17  4.4375096e-16  1.5086332e-15  -7.9160420e-17  -6.0546328e-16  -2.5145720e-16  4.6014739e-16  -3.9176794e-16  2.2267811e-16  -1.4769906e-16  7.3911463e-16  1.2438797e-15  -1.2169549e-16  2.2515414e-16  -4.3402943e-16  4.3787049e-16  1.0000000   1.2917123e-16  6.1544208e-16  3.9742539e-16  5.6316177e-18  3.2392279e-16  -5.0535345e-16  2.1570946e-16  -5.1082853e-16  2.4579394e-17  1.2192534e-15  6.0912058e-17  -2.2078771e-16  -9.0586666e-18  3.3283783e-16  -6.2580114e-17  4.4375096e-16  1.5086332e-15  -7.9160420e-17  -6.0546328e-16  -2.5145720e-16  4.6014739e-16  
-2.9079938e-16  2.6230736e-17  -6.3571532e-16  1.8604736e-16  2.6280644e-16  4.0042029e-16  1.4928900e-16  7.7036749e-16  -1.4936427e-17  1.2917123e-16  1.0000000   5.7901534e-16  -7.7023440e-16  6.8492164e-16  7.3170734e-17  -2.1513288e-16  5.8898909e-16  2.2953688e-16  2.2078895e-16  -5.4185030e-16  9.2741282e-16  4.7174222e-16  -1.0014292e-16  3.9265133e-17  1.4099808e-16  2.0277897e-16  -2.5257960e-16  -3.8551214e-16  -3.9596108e-16  4.9601011e-16  -6.1513646e-16  -2.9079938e-16  2.6230736e-17  -6.3571532e-16  1.8604736e-16  2.6280644e-16  4.0042029e-16  1.4928900e-16  7.7036749e-16  -1.4936427e-17  1.2917123e-16  1.0000000   5.7901534e-16  -7.7023440e-16  6.8492164e-16  7.3170734e-17  -2.1513288e-16  5.8898909e-16  2.2953688e-16  2.2078895e-16  -5.4185030e-16  9.2741282e-16  4.7174222e-16  -1.0014292e-16  3.9265133e-17  1.4099808e-16  2.0277897e-16  -2.5257960e-16  -3.8551214e-16  -3.9596108e-16  4.9601011e-16  -6.1513646e-16  
1.2166397e-15  -5.0029433e-16  -6.1715310e-16  2.5731275e-16  -3.8282303e-16  2.6579604e-16  -2.5296202e-16  -5.3482838e-16  -5.9244386e-17  6.1544208e-16  5.7901534e-16  1.0000000   -4.8062671e-16  -1.2968152e-16  1.3024510e-16  -1.9397681e-16  6.2691663e-16  -1.3001853e-16  2.2083684e-16  3.4344866e-16  2.4136625e-16  -4.2016833e-16  7.5363450e-17  -2.7417200e-16  8.6238878e-16  -2.4014634e-16  -4.0307844e-16  3.3024813e-16  3.2201146e-16  7.3727038e-17  3.6138468e-16  1.2166397e-15  -5.0029433e-16  -6.1715310e-16  2.5731275e-16  -3.8282303e-16  2.6579604e-16  -2.5296202e-16  -5.3482838e-16  -5.9244386e-17  6.1544208e-16  5.7901534e-16  1.0000000   -4.8062671e-16  -1.2968152e-16  1.3024510e-16  -1.9397681e-16  6.2691663e-16  -1.3001853e-16  2.2083684e-16  3.4344866e-16  2.4136625e-16  -4.2016833e-16  7.5363450e-17  -2.7417200e-16  8.6238878e-16  -2.4014634e-16  -4.0307844e-16  3.3024813e-16  3.2201146e-16  7.3727038e-17  3.6138468e-16  
-2.9246512e-16  4.9270525e-16  -1.9227665e-16  -3.7913778e-16  -2.4661781e-17  2.3019850e-16  1.2054687e-16  -6.8207473e-16  -4.6276671e-16  3.9742539e-16  -7.7023440e-16  -4.8062671e-16  1.0000000   -1.8170314e-16  -4.6086030e-16  4.6199056e-17  3.5588141e-16  -6.0157272e-16  -3.5121513e-17  -1.1937812e-16  -2.8649950e-16  2.4389869e-16  5.7298024e-16  1.3843046e-16  7.2986419e-16  -3.4127394e-16  1.3842561e-16  3.4926837e-16  3.6576740e-16  -6.0620349e-16  2.4506740e-16  -2.9246512e-16  4.9270525e-16  -1.9227665e-16  -3.7913778e-16  -2.4661781e-17  2.3019850e-16  1.2054687e-16  -6.8207473e-16  -4.6276671e-16  3.9742539e-16  -7.7023440e-16  -4.8062671e-16  1.0000000   -1.8170314e-16  -4.6086030e-16  4.6199056e-17  3.5588141e-16  -6.0157272e-16  -3.5121513e-17  -1.1937812e-16  -2.8649950e-16  2.4389869e-16  5.7298024e-16  1.3843046e-16  7.2986419e-16  -3.4127394e-16  1.3842561e-16  3.4926837e-16  3.6576740e-16  -6.0620349e-16  2.4506740e-16  
-8.0021939e-16  9.8494759e-16  -7.7889279e-18  -6.6804937e-16  8.2147311e-16  3.4757304e-16  -3.4489963e-16  -3.4071855e-16  7.8358292e-16  5.6316177e-18  6.8492164e-16  -1.2968152e-16  -1.8170314e-16  1.0000000   3.2928659e-16  -3.6721081e-16  -2.5215759e-16  -3.0104074e-16  -5.1762058e-16  -4.3645039e-16  8.8610618e-17  5.7161268e-16  -5.3021127e-16  -1.7282660e-16  1.7255728e-16  -4.7856737e-16  2.2719397e-16  -6.3987729e-16  -3.7070133e-16  -4.8536660e-16  -9.9526748e-17  -8.0021939e-16  9.8494759e-16  -7.7889279e-18  -6.6804937e-16  8.2147311e-16  3.4757304e-16  -3.4489963e-16  -3.4071855e-16  7.8358292e-16  5.6316177e-18  6.8492164e-16  -1.2968152e-16  -1.8170314e-16  1.0000000   3.2928659e-16  -3.6721081e-16  -2.5215759e-16  -3.0104074e-16  -5.1762058e-16  -4.3645039e-16  8.8610618e-17  5.7161268e-16  -5.3021127e-16  -1.7282660e-16  1.7255728e-16  -4.7856737e-16  2.2719397e-16  -6.3987729e-16  -3.7070133e-16  -4.8536660e-16  -9.9526748e-17  
-2.2556067e-16  -8.1978531e-16  2.0469707e-16  5.7527354e-17  -5.3399285e-16  -9.4351730e-16  4.0428904e-16  7.3291170e-16  6.8281450e-17  3.2392279e-16  7.3170734e-17  1.3024510e-16  -4.6086030e-16  3.2928659e-16  1.0000000   5.2268008e-16  1.9926238e-16  1.8723054e-17  -3.9107160e-16  -2.6337425e-16  1.4704014e-16  6.8697903e-16  -8.8686425e-16  4.5438915e-16  -7.8867039e-17  6.0552726e-16  9.7406858e-16  -2.6138586e-16  -4.6184048e-16  4.2098244e-16  -4.2297753e-16  -2.2556067e-16  -8.1978531e-16  2.0469707e-16  5.7527354e-17  -5.3399285e-16  -9.4351730e-16  4.0428904e-16  7.3291170e-16  6.8281450e-17  3.2392279e-16  7.3170734e-17  1.3024510e-16  -4.6086030e-16  3.2928659e-16  1.0000000   5.2268008e-16  1.9926238e-16  1.8723054e-17  -3.9107160e-16  -2.6337425e-16  1.4704014e-16  6.8697903e-16  -8.8686425e-16  4.5438915e-16  -7.8867039e-17  6.0552726e-16  9.7406858e-16  -2.6138586e-16  -4.6184048e-16  4.2098244e-16  -4.2297753e-16  
7.0484285e-17  7.5679457e-16  6.2832415e-16  -1.8620722e-16  1.9618458e-16  -1.4911688e-18  2.7764579e-16  -5.1588049e-16  1.7001426e-16  -5.0535345e-16  -2.1513288e-16  -1.9397681e-16  4.6199056e-17  -3.6721081e-16  5.2268008e-16  1.0000000   2.3924000e-16  -1.0642060e-16  2.2353286e-17  -4.5978197e-16  -1.6070198e-16  -8.6458387e-16  4.5172525e-16  -4.8835320e-16  1.9229396e-16  -1.6644921e-16  3.9413166e-16  3.0049575e-16  -6.5857431e-16  -5.0929464e-16  -4.4811123e-16  7.0484285e-17  7.5679457e-16  6.2832415e-16  -1.8620722e-16  1.9618458e-16  -1.4911688e-18  2.7764579e-16  -5.1588049e-16  1.7001426e-16  -5.0535345e-16  -2.1513288e-16  -1.9397681e-16  4.6199056e-17  -3.6721081e-16  5.2268008e-16  1.0000000   2.3924000e-16  -1.0642060e-16  2.2353286e-17  -4.5978197e-16  -1.6070198e-16  -8.6458387e-16  4.5172525e-16  -4.8835320e-16  1.9229396e-16  -1.6644921e-16  3.9413166e-16  3.0049575e-16  -6.5857431e-16  -5.0929464e-16  -4.4811123e-16  
-1.9769827e-16  6.9303137e-16  5.2179345e-17  -2.6220222e-16  -1.8404870e-16  6.7964823e-16  5.4952202e-16  -1.0708292e-15  2.4553145e-16  2.1570946e-16  5.8898909e-16  6.2691663e-16  3.5588141e-16  -2.5215759e-16  1.9926238e-16  2.3924000e-16  1.0000000   -4.3639137e-16  8.1836340e-17  2.4086566e-16  1.6690490e-16  2.3193132e-16  7.5461759e-16  -7.4244584e-17  -5.4542832e-16  2.0609240e-16  -1.1406953e-16  -5.9066712e-17  -2.7522430e-16  8.4878558e-17  1.0189925e-16  -1.9769827e-16  6.9303137e-16  5.2179345e-17  -2.6220222e-16  -1.8404870e-16  6.7964823e-16  5.4952202e-16  -1.0708292e-15  2.4553145e-16  2.1570946e-16  5.8898909e-16  6.2691663e-16  3.5588141e-16  -2.5215759e-16  1.9926238e-16  2.3924000e-16  1.0000000   -4.3639137e-16  8.1836340e-17  2.4086566e-16  1.6690490e-16  2.3193132e-16  7.5461759e-16  -7.4244584e-17  -5.4542832e-16  2.0609240e-16  -1.1406953e-16  -5.9066712e-17  -2.7522430e-16  8.4878558e-17  1.0189925e-16  
4.2465464e-16  -3.6176910e-18  -1.4193312e-16  5.1523291e-16  1.3471437e-16  -5.3607591e-16  -5.9853435e-16  1.9549142e-16  -3.3231829e-16  -5.1082853e-16  2.2953688e-16  -1.3001853e-16  -6.0157272e-16  -3.0104074e-16  1.8723054e-17  -1.0642060e-16  -4.3639137e-16  1.0000000   -7.5730628e-17  2.1496825e-16  2.9001004e-16  3.0722626e-16  3.5421766e-17  -8.5761830e-16  -8.7269414e-17  2.4353865e-16  9.7891594e-16  -3.0718373e-16  6.2411214e-17  -7.4243639e-17  -4.8392944e-16  4.2465464e-16  -3.6176910e-18  -1.4193312e-16  5.1523291e-16  1.3471437e-16  -5.3607591e-16  -5.9853435e-16  1.9549142e-16  -3.3231829e-16  -5.1082853e-16  2.2953688e-16  -1.3001853e-16  -6.0157272e-16  -3.0104074e-16  1.8723054e-17  -1.0642060e-16  -4.3639137e-16  1.0000000   -7.5730628e-17  2.1496825e-16  2.9001004e-16  3.0722626e-16  3.5421766e-17  -8.5761830e-16  -8.7269414e-17  2.4353865e-16  9.7891594e-16  -3.0718373e-16  6.2411214e-17  -7.4243639e-17  -4.8392944e-16  
5.8166717e-16  6.2645814e-16  -2.3872268e-16  -3.5232878e-16  4.2620895e-16  1.9382196e-16  1.1073297e-16  -1.3911857e-16  3.1529207e-16  2.4579394e-17  2.2078895e-16  2.2083684e-16  -3.5121513e-17  -5.1762058e-16  -3.9107160e-16  2.2353286e-17  8.1836340e-17  -7.5730628e-17  1.0000000   -3.8858526e-16  4.6668267e-16  -1.5062209e-16  5.8786229e-16  -3.4765295e-16  -1.0424323e-15  -2.0045224e-16  2.3868839e-16  -1.7388497e-16  -3.6663080e-16  -3.9561700e-16  -1.5435058e-16  5.8166717e-16  6.2645814e-16  -2.3872268e-16  -3.5232878e-16  4.2620895e-16  1.9382196e-16  1.1073297e-16  -1.3911857e-16  3.1529207e-16  2.4579394e-17  2.2078895e-16  2.2083684e-16  -3.5121513e-17  -5.1762058e-16  -3.9107160e-16  2.2353286e-17  8.1836340e-17  -7.5730628e-17  1.0000000   -3.8858526e-16  4.6668267e-16  -1.5062209e-16  5.8786229e-16  -3.4765295e-16  -1.0424323e-15  -2.0045224e-16  2.3868839e-16  -1.7388497e-16  -3.6663080e-16  -3.9561700e-16  -1.5435058e-16  
-4.6184125e-16  7.0538452e-16  2.9294806e-16  1.0903873e-16  -4.0989289e-16  -5.6818533e-16  1.2926231e-16  2.7880139e-16  4.6616462e-16  1.2192534e-15  -5.4185030e-16  3.4344866e-16  -1.1937812e-16  -4.3645039e-16  -2.6337425e-16  -4.5978197e-16  2.4086566e-16  2.1496825e-16  -3.8858526e-16  1.0000000   3.6503560e-16  7.1113915e-16  -2.4823043e-16  4.9287830e-17  -3.9549815e-16  1.0146082e-16  3.1436247e-16  -2.1554868e-16  -1.7039415e-16  7.3352398e-17  -5.2551258e-16  -4.6184125e-16  7.0538452e-16  2.9294806e-16  1.0903873e-16  -4.0989289e-16  -5.6818533e-16  1.2926231e-16  2.7880139e-16  4.6616462e-16  1.2192534e-15  -5.4185030e-16  3.4344866e-16  -1.1937812e-16  -4.3645039e-16  -2.6337425e-16  -4.5978197e-16  2.4086566e-16  2.1496825e-16  -3.8858526e-16  1.0000000   3.6503560e-16  7.1113915e-16  -2.4823043e-16  4.9287830e-17  -3.9549815e-16  1.0146082e-16  3.1436247e-16  -2.1554868e-16  -1.7039415e-16  7.3352398e-17  -5.2551258e-16  
-2.1534511e-16  2.7699927e-16  -1.7296641e-16  -1.5217267e-15  -4.0606465e-17  2.9472853e-16  1.2921316e-16  1.0194278e-16  2.3600250e-16  6.0912058e-17  9.2741282e-16  2.4136625e-16  -2.8649950e-16  8.8610618e-17  1.4704014e-16  -1.6070198e-16  1.6690490e-16  2.9001004e-16  4.6668267e-16  3.6503560e-16  1.0000000   7.2823492e-16  -2.0815249e-16  1.8224431e-16  -5.4213327e-16  -3.2503256e-17  2.1169810e-16  1.3848345e-16  1.0035764e-16  -3.4962967e-17  -6.5525868e-16  -2.1534511e-16  2.7699927e-16  -1.7296641e-16  -1.5217267e-15  -4.0606465e-17  2.9472853e-16  1.2921316e-16  1.0194278e-16  2.3600250e-16  6.0912058e-17  9.2741282e-16  2.4136625e-16  -2.8649950e-16  8.8610618e-17  1.4704014e-16  -1.6070198e-16  1.6690490e-16  2.9001004e-16  4.6668267e-16  3.6503560e-16  1.0000000   7.2823492e-16  -2.0815249e-16  1.8224431e-16  -5.4213327e-16  -3.2503256e-17  2.1169810e-16  1.3848345e-16  1.0035764e-16  -3.4962967e-17  -6.5525868e-16  
4.5176479e-17  -3.2918715e-16  7.9937297e-16  2.4780462e-17  4.3921505e-16  -1.8449812e-16  -1.0878322e-16  5.5110360e-16  1.3997973e-16  -2.2078771e-16  4.7174222e-16  -4.2016833e-16  2.4389869e-16  5.7161268e-16  6.8697903e-16  -8.6458387e-16  2.3193132e-16  3.0722626e-16  -1.5062209e-16  7.1113915e-16  7.2823492e-16  1.0000000   -9.0357884e-16  3.7467793e-16  -5.0520546e-16  6.9669098e-16  6.5773074e-16  -5.3671345e-16  -2.3891550e-17  -5.5622063e-17  -1.5726696e-16  4.5176479e-17  -3.2918715e-16  7.9937297e-16  2.4780462e-17  4.3921505e-16  -1.8449812e-16  -1.0878322e-16  5.5110360e-16  1.3997973e-16  -2.2078771e-16  4.7174222e-16  -4.2016833e-16  2.4389869e-16  5.7161268e-16  6.8697903e-16  -8.6458387e-16  2.3193132e-16  3.0722626e-16  -1.5062209e-16  7.1113915e-16  7.2823492e-16  1.0000000   -9.0357884e-16  3.7467793e-16  -5.0520546e-16  6.9669098e-16  6.5773074e-16  -5.3671345e-16  -2.3891550e-17  -5.5622063e-17  -1.5726696e-16  
9.6416299e-16  3.4777080e-16  3.9354898e-16  -3.0355878e-16  -1.2505933e-15  3.0805943e-18  8.9080771e-17  -9.4586591e-16  -6.3474937e-18  -9.0586666e-18  -1.0014292e-16  7.5363450e-17  5.7298024e-16  -5.3021127e-16  -8.8686425e-16  4.5172525e-16  7.5461759e-16  3.5421766e-17  5.8786229e-16  -2.4823043e-16  -2.0815249e-16  -9.0357884e-16  1.0000000   -9.9865866e-17  3.3860025e-16  -1.3086869e-16  -5.7452611e-16  2.7104355e-16  5.0723727e-16  -1.1089695e-15  1.1237547e-16  9.6416299e-16  3.4777080e-16  3.9354898e-16  -3.0355878e-16  -1.2505933e-15  3.0805943e-18  8.9080771e-17  -9.4586591e-16  -6.3474937e-18  -9.0586666e-18  -1.0014292e-16  7.5363450e-17  5.7298024e-16  -5.3021127e-16  -8.8686425e-16  4.5172525e-16  7.5461759e-16  3.5421766e-17  5.8786229e-16  -2.4823043e-16  -2.0815249e-16  -9.0357884e-16  1.0000000   -9.9865866e-17  3.3860025e-16  -1.3086869e-16  -5.7452611e-16  2.7104355e-16  5.0723727e-16  -1.1089695e-15  1.1237547e-16  
-1.4137399e-16  -1.3985374e-18  -1.3878033e-16  1.2155916e-16  -2.7923070e-17  4.0611110e-16  8.9134733e-17  7.3017901e-17  -3.2319197e-17  3.3283783e-16  3.9265133e-17  -2.7417200e-16  1.3843046e-16  -1.7282660e-16  4.5438915e-16  -4.8835320e-16  -7.4244584e-17  -8.5761830e-16  -3.4765295e-16  4.9287830e-17  1.8224431e-16  3.7467793e-16  -9.9865866e-17  1.0000000   2.5161095e-16  -8.0246141e-17  4.4552045e-16  -2.6563068e-16  6.1340042e-17  8.7428597e-17  -8.5993888e-16  -1.4137399e-16  -1.3985374e-18  -1.3878033e-16  1.2155916e-16  -2.7923070e-17  4.0611110e-16  8.9134733e-17  7.3017901e-17  -3.2319197e-17  3.3283783e-16  3.9265133e-17  -2.7417200e-16  1.3843046e-16  -1.7282660e-16  4.5438915e-16  -4.8835320e-16  -7.4244584e-17  -8.5761830e-16  -3.4765295e-16  4.9287830e-17  1.8224431e-16  3.7467793e-16  -9.9865866e-17  1.0000000   2.5161095e-16  -8.0246141e-17  4.4552045e-16  -2.6563068e-16  6.1340042e-17  8.7428597e-17  -8.5993888e-16  
2.2689447e-16  1.7174153e-16  9.1996652e-17  4.0141061e-16  5.9402751e-17  -7.6133425e-17  -9.8212689e-17  -1.4395232e-17  -8.1859252e-16  -6.2580114e-17  1.4099808e-16  8.6238878e-16  7.2986419e-16  1.7255728e-16  -7.8867039e-17  1.9229396e-16  -5.4542832e-16  -8.7269414e-17  -1.0424323e-15  -3.9549815e-16  -5.4213327e-16  -5.0520546e-16  3.3860025e-16  2.5161095e-16  1.0000000   3.1607885e-16  2.1499450e-17  2.4389890e-16  1.2111706e-15  -1.3087607e-16  3.9774185e-16  2.2689447e-16  1.7174153e-16  9.1996652e-17  4.0141061e-16  5.9402751e-17  -7.6133425e-17  -9.8212689e-17  -1.4395232e-17  -8.1859252e-16  -6.2580114e-17  1.4099808e-16  8.6238878e-16  7.2986419e-16  1.7255728e-16  -7.8867039e-17  1.9229396e-16  -5.4542832e-16  -8.7269414e-17  -1.0424323e-15  -3.9549815e-16  -5.4213327e-16  -5.0520546e-16  3.3860025e-16  2.5161095e-16  1.0000000   3.1607885e-16  2.1499450e-17  2.4389890e-16  1.2111706e-15  -1.3087607e-16  3.9774185e-16  
-3.0749282e-16  5.8134908e-16  6.8867006e-16  -7.3094697e-16  -6.0698708e-16  5.2676002e-16  6.2449586e-16  1.1940178e-15  -1.3849539e-16  4.4375096e-16  2.0277897e-16  -2.4014634e-16  -3.4127394e-16  -4.7856737e-16  6.0552726e-16  -1.6644921e-16  2.0609240e-16  2.4353865e-16  -2.0045224e-16  1.0146082e-16  -3.2503256e-17  6.9669098e-16  -1.3086869e-16  -8.0246141e-17  3.1607885e-16  1.0000000   -5.2080676e-16  -4.7799439e-16  -6.0878952e-16  5.5785878e-16  -2.3292138e-16  -3.0749282e-16  5.8134908e-16  6.8867006e-16  -7.3094697e-16  -6.0698708e-16  5.2676002e-16  6.2449586e-16  1.1940178e-15  -1.3849539e-16  4.4375096e-16  2.0277897e-16  -2.4014634e-16  -3.4127394e-16  -4.7856737e-16  6.0552726e-16  -1.6644921e-16  2.0609240e-16  2.4353865e-16  -2.0045224e-16  1.0146082e-16  -3.2503256e-17  6.9669098e-16  -1.3086869e-16  -8.0246141e-17  3.1607885e-16  1.0000000   -5.2080676e-16  -4.7799439e-16  -6.0878952e-16  5.5785878e-16  -2.3292138e-16  
4.3703368e-16  2.6825400e-16  3.3149082e-16  6.7639623e-16  -4.8991984e-16  -2.0220589e-16  2.6540121e-16  1.2204797e-17  -2.9113312e-16  1.5086332e-15  -2.5257960e-16  -4.0307844e-16  1.3842561e-16  2.2719397e-16  9.7406858e-16  3.9413166e-16  -1.1406953e-16  9.7891594e-16  2.3868839e-16  3.1436247e-16  2.1169810e-16  6.5773074e-16  -5.7452611e-16  4.4552045e-16  2.1499450e-17  -5.2080676e-16  1.0000000   1.0425297e-16  -7.7188218e-16  -1.1277076e-16  -6.0870349e-17  4.3703368e-16  2.6825400e-16  3.3149082e-16  6.7639623e-16  -4.8991984e-16  -2.0220589e-16  2.6540121e-16  1.2204797e-17  -2.9113312e-16  1.5086332e-15  -2.5257960e-16  -4.0307844e-16  1.3842561e-16  2.2719397e-16  9.7406858e-16  3.9413166e-16  -1.1406953e-16  9.7891594e-16  2.3868839e-16  3.1436247e-16  2.1169810e-16  6.5773074e-16  -5.7452611e-16  4.4552045e-16  2.1499450e-17  -5.2080676e-16  1.0000000   1.0425297e-16  -7.7188218e-16  -1.1277076e-16  -6.0870349e-17  
-2.5821500e-16  4.7628634e-16  6.8184328e-16  -4.1704362e-18  4.3013977e-16  1.9252831e-17  4.2242840e-16  -2.6233676e-16  -3.2360137e-16  -7.9160420e-17  -3.8551214e-16  3.3024813e-16  3.4926837e-16  -6.3987729e-16  -2.6138586e-16  3.0049575e-16  -5.9066712e-17  -3.0718373e-16  -1.7388497e-16  -2.1554868e-16  1.3848345e-16  -5.3671345e-16  2.7104355e-16  -2.6563068e-16  2.4389890e-16  -4.7799439e-16  1.0425297e-16  1.0000000   -1.3983463e-16  -5.3289589e-16  2.2010593e-16  -2.5821500e-16  4.7628634e-16  6.8184328e-16  -4.1704362e-18  4.3013977e-16  1.9252831e-17  4.2242840e-16  -2.6233676e-16  -3.2360137e-16  -7.9160420e-17  -3.8551214e-16  3.3024813e-16  3.4926837e-16  -6.3987729e-16  -2.6138586e-16  3.0049575e-16  -5.9066712e-17  -3.0718373e-16  -1.7388497e-16  -2.1554868e-16  1.3848345e-16  -5.3671345e-16  2.7104355e-16  -2.6563068e-16  2.4389890e-16  -4.7799439e-16  1.0425297e-16  1.0000000   -1.3983463e-16  -5.3289589e-16  2.2010593e-16  
9.8088043e-17  2.8777276e-17  2.0208255e-17  -6.2960003e-16  -5.0942017e-17  2.4641794e-16  1.7076572e-16  -4.5023591e-17  1.0518593e-15  -6.0546328e-16  -3.9596108e-16  3.2201146e-16  3.6576740e-16  -3.7070133e-16  -4.6184048e-16  -6.5857431e-16  -2.7522430e-16  6.2411214e-17  -3.6663080e-16  -1.7039415e-16  1.0035764e-16  -2.3891550e-17  5.0723727e-16  6.1340042e-17  1.2111706e-15  -6.0878952e-16  -7.7188218e-16  -1.3983463e-16  1.0000000   -6.3616055e-17  -2.4554714e-16  9.8088043e-17  2.8777276e-17  2.0208255e-17  -6.2960003e-16  -5.0942017e-17  2.4641794e-16  1.7076572e-16  -4.5023591e-17  1.0518593e-15  -6.0546328e-16  -3.9596108e-16  3.2201146e-16  3.6576740e-16  -3.7070133e-16  -4.6184048e-16  -6.5857431e-16  -2.7522430e-16  6.2411214e-17  -3.6663080e-16  -1.7039415e-16  1.0035764e-16  -2.3891550e-17  5.0723727e-16  6.1340042e-17  1.2111706e-15  -6.0878952e-16  -7.7188218e-16  -1.3983463e-16  1.0000000   -6.3616055e-17  -2.4554714e-16  
-6.9794551e-16  -8.0967207e-16  2.6994464e-16  -3.6635969e-16  2.9866521e-17  -1.0427296e-16  1.9256001e-16  7.7601181e-16  5.8767085e-16  -2.5145720e-16  4.9601011e-16  7.3727038e-17  -6.0620349e-16  -4.8536660e-16  4.2098244e-16  -5.0929464e-16  8.4878558e-17  -7.4243639e-17  -3.9561700e-16  7.3352398e-17  -3.4962967e-17  -5.5622063e-17  -1.1089695e-15  8.7428597e-17  -1.3087607e-16  5.5785878e-16  -1.1277076e-16  -5.3289589e-16  -6.3616055e-17  1.0000000   2.5640435e-16  -6.9794551e-16  -8.0967207e-16  2.6994464e-16  -3.6635969e-16  2.9866521e-17  -1.0427296e-16  1.9256001e-16  7.7601181e-16  5.8767085e-16  -2.5145720e-16  4.9601011e-16  7.3727038e-17  -6.0620349e-16  -4.8536660e-16  4.2098244e-16  -5.0929464e-16  8.4878558e-17  -7.4243639e-17  -3.9561700e-16  7.3352398e-17  -3.4962967e-17  -5.5622063e-17  -1.1089695e-15  8.7428597e-17  -1.3087607e-16  5.5785878e-16  -1.1277076e-16  -5.3289589e-16  -6.3616055e-17  1.0000000   2.5640435e-16  
6.2448397e-17  -2.2141035e-16  1.3260232e-17  5.0254498e-17  -5.4140468e-16  -3.4317630e-17  6.1168255e-16  -5.4712711e-16  2.2792999e-16  4.6014739e-16  -6.1513646e-16  3.6138468e-16  2.4506740e-16  -9.9526748e-17  -4.2297753e-16  -4.4811123e-16  1.0189925e-16  -4.8392944e-16  -1.5435058e-16  -5.2551258e-16  -6.5525868e-16  -1.5726696e-16  1.1237547e-16  -8.5993888e-16  3.9774185e-16  -2.3292138e-16  -6.0870349e-17  2.2010593e-16  -2.4554714e-16  2.5640435e-16  1.0000000   6.2448397e-17  -2.2141035e-16  1.3260232e-17  5.0254498e-17  -5.4140468e-16  -3.4317630e-17  6.1168255e-16  -5.4712711e-16  2.2792999e-16  4.6014739e-16  -6.1513646e-16  3.6138468e-16  2.4506740e-16  -9.9526748e-17  -4.2297753e-16  -4.4811123e-16  1.0189925e-16  -4.8392944e-16  -1.5435058e-16  -5.2551258e-16  -6.5525868e-16  -1.5726696e-16  1.1237547e-16  -8.5993888e-16  3.9774185e-16  -2.3292138e-16  -6.0870349e-17  2.2010593e-16  -2.4554714e-16  2.5640435e-16  1.0000000   
1.0000000   7.7981188e-16  3.1698561e-16  -2.7919308e-16  -7.7482633e-16  -3.8401877e-16  -2.6118823e-17  -3.6743145e-16  -1.9883519e-17  -3.9176794e-16  -2.9079938e-16  1.2166397e-15  -2.9246512e-16  -8.0021939e-16  -2.2556067e-16  7.0484285e-17  -1.9769827e-16  4.2465464e-16  5.8166717e-16  -4.6184125e-16  -2.1534511e-16  4.5176479e-17  9.6416299e-16  -1.4137399e-16  2.2689447e-16  -3.0749282e-16  4.3703368e-16  -2.5821500e-16  9.8088043e-17  -6.9794551e-16  6.2448397e-17  1.0000000   7.7981188e-16  3.1698561e-16  -2.7919308e-16  -7.7482633e-16  -3.8401877e-16  -2.6118823e-17  -3.6743145e-16  -1.9883519e-17  -3.9176794e-16  -2.9079938e-16  1.2166397e-15  -2.9246512e-16  -8.0021939e-16  -2.2556067e-16  7.0484285e-17  -1.9769827e-16  4.2465464e-16  5.8166717e-16  -4.6184125e-16  -2.1534511e-16  4.5176479e-17  9.6416299e-16  -1.4137399e-16  2.2689447e-16  -3.0749282e-16  4.3703368e-16  -2.5821500e-16  9.8088043e-17  -6.9794551e-16  6.2448397e-17  
7.7981188e-16  1.0000000   8.8207070e-17  3.2332144e-16  -5.5102848e-17  9.2653324e-16  -1.5933952e-16  -4.4007360e-16  -8.8454634e-16  2.2267811e-16  2.6230736e-17  -5.0029433e-16  4.9270525e-16  9.8494759e-16  -8.1978531e-16  7.5679457e-16  6.9303137e-16  -3.6176910e-18  6.2645814e-16  7.0538452e-16  2.7699927e-16  -3.2918715e-16  3.4777080e-16  -1.3985374e-18  1.7174153e-16  5.8134908e-16  2.6825400e-16  4.7628634e-16  2.8777276e-17  -8.0967207e-16  -2.2141035e-16  7.7981188e-16  1.0000000   8.8207070e-17  3.2332144e-16  -5.5102848e-17  9.2653324e-16  -1.5933952e-16  -4.4007360e-16  -8.8454634e-16  2.2267811e-16  2.6230736e-17  -5.0029433e-16  4.9270525e-16  9.8494759e-16  -8.1978531e-16  7.5679457e-16  6.9303137e-16  -3.6176910e-18  6.2645814e-16  7.0538452e-16  2.7699927e-16  -3.2918715e-16  3.4777080e-16  -1.3985374e-18  1.7174153e-16  5.8134908e-16  2.6825400e-16  4.7628634e-16  2.8777276e-17  -8.0967207e-16  -2.2141035e-16  
3.1698561e-16  8.8207070e-17  1.0000000   2.5071759e-16  6.4875057e-17  -7.7761524e-17  -6.7527493e-16  -1.2454184e-16  -7.5850148e-16  -1.4769906e-16  -6.3571532e-16  -6.1715310e-16  -1.9227665e-16  -7.7889279e-18  2.0469707e-16  6.2832415e-16  5.2179345e-17  -1.4193312e-16  -2.3872268e-16  2.9294806e-16  -1.7296641e-16  7.9937297e-16  3.9354898e-16  -1.3878033e-16  9.1996652e-17  6.8867006e-16  3.3149082e-16  6.8184328e-16  2.0208255e-17  2.6994464e-16  1.3260232e-17  3.1698561e-16  8.8207070e-17  1.0000000   2.5071759e-16  6.4875057e-17  -7.7761524e-17  -6.7527493e-16  -1.2454184e-16  -7.5850148e-16  -1.4769906e-16  -6.3571532e-16  -6.1715310e-16  -1.9227665e-16  -7.7889279e-18  2.0469707e-16  6.2832415e-16  5.2179345e-17  -1.4193312e-16  -2.3872268e-16  2.9294806e-16  -1.7296641e-16  7.9937297e-16  3.9354898e-16  -1.3878033e-16  9.1996652e-17  6.8867006e-16  3.3149082e-16  6.8184328e-16  2.0208255e-17  2.6994464e-16  1.3260232e-17  
-2.7919308e-16  3.2332144e-16  2.5071759e-16  1.0000000   5.0260109e-17  -3.1416607e-16  5.9786629e-19  1.6926515e-16  -2.4261868e-17  7.3911463e-16  1.8604736e-16  2.5731275e-16  -3.7913778e-16  -6.6804937e-16  5.7527354e-17  -1.8620722e-16  -2.6220222e-16  5.1523291e-16  -3.5232878e-16  1.0903873e-16  -1.5217267e-15  2.4780462e-17  -3.0355878e-16  1.2155916e-16  4.0141061e-16  -7.3094697e-16  6.7639623e-16  -4.1704362e-18  -6.2960003e-16  -3.6635969e-16  5.0254498e-17  -2.7919308e-16  3.2332144e-16  2.5071759e-16  1.0000000   5.0260109e-17  -3.1416607e-16  5.9786629e-19  1.6926515e-16  -2.4261868e-17  7.3911463e-16  1.8604736e-16  2.5731275e-16  -3.7913778e-16  -6.6804937e-16  5.7527354e-17  -1.8620722e-16  -2.6220222e-16  5.1523291e-16  -3.5232878e-16  1.0903873e-16  -1.5217267e-15  2.4780462e-17  -3.0355878e-16  1.2155916e-16  4.0141061e-16  -7.3094697e-16  6.7639623e-16  -4.1704362e-18  -6.2960003e-16  -3.6635969e-16  5.0254498e-17  
-7.7482633e-16  -5.5102848e-17  6.4875057e-17  5.0260109e-17  1.0000000   -4.6691144e-16  -3.2173445e-16  4.2237760e-16  -3.4288414e-16  1.2438797e-15  2.6280644e-16  -3.8282303e-16  -2.4661781e-17  8.2147311e-16  -5.3399285e-16  1.9618458e-16  -1.8404870e-16  1.3471437e-16  4.2620895e-16  -4.0989289e-16  -4.0606465e-17  4.3921505e-16  -1.2505933e-15  -2.7923070e-17  5.9402751e-17  -6.0698708e-16  -4.8991984e-16  4.3013977e-16  -5.0942017e-17  2.9866521e-17  -5.4140468e-16  -7.7482633e-16  -5.5102848e-17  6.4875057e-17  5.0260109e-17  1.0000000   -4.6691144e-16  -3.2173445e-16  4.2237760e-16  -3.4288414e-16  1.2438797e-15  2.6280644e-16  -3.8282303e-16  -2.4661781e-17  8.2147311e-16  -5.3399285e-16  1.9618458e-16  -1.8404870e-16  1.3471437e-16  4.2620895e-16  -4.0989289e-16  -4.0606465e-17  4.3921505e-16  -1.2505933e-15  -2.7923070e-17  5.9402751e-17  -6.0698708e-16  -4.8991984e-16  4.3013977e-16  -5.0942017e-17  2.9866521e-17  -5.4140468e-16  
-3.8401877e-16  9.2653324e-16  -7.7761524e-17  -3.1416607e-16  -4.6691144e-16  1.0000000   -4.5582695e-16  2.5505591e-16  7.6387562e-16  -1.2169549e-16  4.0042029e-16  2.6579604e-16  2.3019850e-16  3.4757304e-16  -9.4351730e-16  -1.4911688e-18  6.7964823e-16  -5.3607591e-16  1.9382196e-16  -5.6818533e-16  2.9472853e-16  -1.8449812e-16  3.0805943e-18  4.0611110e-16  -7.6133425e-17  5.2676002e-16  -2.0220589e-16  1.9252831e-17  2.4641794e-16  -1.0427296e-16  -3.4317630e-17  -3.8401877e-16  9.2653324e-16  -7.7761524e-17  -3.1416607e-16  -4.6691144e-16  1.0000000   -4.5582695e-16  2.5505591e-16  7.6387562e-16  -1.2169549e-16  4.0042029e-16  2.6579604e-16  2.3019850e-16  3.4757304e-16  -9.4351730e-16  -1.4911688e-18  6.7964823e-16  -5.3607591e-16  1.9382196e-16  -5.6818533e-16  2.9472853e-16  -1.8449812e-16  3.0805943e-18  4.0611110e-16  -7.6133425e-17  5.2676002e-16  -2.0220589e-16  1.9252831e-17  2.4641794e-16  -1.0427296e-16  -3.4317630e-17  
-2.6118823e-17  -1.5933952e-16  -6.7527493e-16  5.9786629e-19  -3.2173445e-16  -4.5582695e-16  1.0000000   2.1278120e-16  6.9061682e-16  2.2515414e-16  1.4928900e-16  -2.5296202e-16  1.2054687e-16  -3.4489963e-16  4.0428904e-16  2.7764579e-16  5.4952202e-16  -5.9853435e-16  1.1073297e-16  1.2926231e-16  1.2921316e-16  -1.0878322e-16  8.9080771e-17  8.9134733e-17  -9.8212689e-17  6.2449586e-16  2.6540121e-16  4.2242840e-16  1.7076572e-16  1.9256001e-16  6.1168255e-16  -2.6118823e-17  -1.5933952e-16  -6.7527493e-16  5.9786629e-19  -3.2173445e-16  -4.5582695e-16  1.0000000   2.1278120e-16  6.9061682e-16  2.2515414e-16  1.4928900e-16  -2.5296202e-16  1.2054687e-16  -3.4489963e-16  4.0428904e-16  2.7764579e-16  5.4952202e-16  -5.9853435e-16  1.1073297e-16  1.2926231e-16  1.2921316e-16  -1.0878322e-16  8.9080771e-17  8.9134733e-17  -9.8212689e-17  6.2449586e-16  2.6540121e-16  4.2242840e-16  1.7076572e-16  1.9256001e-16  6.1168255e-16  
-3.6743145e-16  -4.4007360e-16  -1.2454184e-16  1.6926515e-16  4.2237760e-16  2.5505591e-16  2.1278120e-16  1.0000000   -7.4385789e-17  -4.3402943e-16  7.7036749e-16  -5.3482838e-16  -6.8207473e-16  -3.4071855e-16  7.3291170e-16  -5.1588049e-16  -1.0708292e-15  1.9549142e-16  -1.3911857e-16  2.7880139e-16  1.0194278e-16  5.5110360e-16  -9.4586591e-16  7.3017901e-17  -1.4395232e-17  1.1940178e-15  1.2204797e-17  -2.6233676e-16  -4.5023591e-17  7.7601181e-16  -5.4712711e-16  -3.6743145e-16  -4.4007360e-16  -1.2454184e-16  1.6926515e-16  4.2237760e-16  2.5505591e-16  2.1278120e-16  1.0000000   -7.4385789e-17  -4.3402943e-16  7.7036749e-16  -5.3482838e-16  -6.8207473e-16  -3.4071855e-16  7.3291170e-16  -5.1588049e-16  -1.0708292e-15  1.9549142e-16  -1.3911857e-16  2.7880139e-16  1.0194278e-16  5.5110360e-16  -9.4586591e-16  7.3017901e-17  -1.4395232e-17  1.1940178e-15  1.2204797e-17  -2.6233676e-16  -4.5023591e-17  7.7601181e-16  -5.4712711e-16  
-1.9883519e-17  -8.8454634e-16  -7.5850148e-16  -2.4261868e-17  -3.4288414e-16  7.6387562e-16  6.9061682e-16  -7.4385789e-17  1.0000000   4.3787049e-16  -1.4936427e-17  -5.9244386e-17  -4.6276671e-16  7.8358292e-16  6.8281450e-17  1.7001426e-16  2.4553145e-16  -3.3231829e-16  3.1529207e-16  4.6616462e-16  2.3600250e-16  1.3997973e-16  -6.3474937e-18  -3.2319197e-17  -8.1859252e-16  -1.3849539e-16  -2.9113312e-16  -3.2360137e-16  1.0518593e-15  5.8767085e-16  2.2792999e-16  -1.9883519e-17  -8.8454634e-16  -7.5850148e-16  -2.4261868e-17  -3.4288414e-16  7.6387562e-16  6.9061682e-16  -7.4385789e-17  1.0000000   4.3787049e-16  -1.4936427e-17  -5.9244386e-17  -4.6276671e-16  7.8358292e-16  6.8281450e-17  1.7001426e-16  2.4553145e-16  -3.3231829e-16  3.1529207e-16  4.6616462e-16  2.3600250e-16  1.3997973e-16  -6.3474937e-18  -3.2319197e-17  -8.1859252e-16  -1.3849539e-16  -2.9113312e-16  -3.2360137e-16  1.0518593e-15  5.8767085e-16  2.2792999e-16  
-3.9176794e-16  2.2267811e-16  -1.4769906e-16  7.3911463e-16  1.2438797e-15  -1.2169549e-16  2.2515414e-16  -4.3402943e-16  4.3787049e-16  1.0000000   1.2917123e-16  6.1544208e-16  3.9742539e-16  5.6316177e-18  3.2392279e-16  -5.0535345e-16  2.1570946e-16  -5.1082853e-16  2.4579394e-17  1.2192534e-15  6.0912058e-17  -2.2078771e-16  -9.0586666e-18  3.3283783e-16  -6.2580114e-17  4.4375096e-16  1.5086332e-15  -7.9160420e-17  -6.0546328e-16  -2.5145720e-16  4.6014739e-16  -3.9176794e-16  2.2267811e-16  -1.4769906e-16  7.3911463e-16  1.2438797e-15  -1.2169549e-16  2.2515414e-16  -4.3402943e-16  4.3787049e-16  1.0000000   1.2917123e-16  6.1544208e-16  3.9742539e-16  5.6316177e-18  3.2392279e-16  -5.0535345e-16  2.1570946e-16  -5.1082853e-16  2.4579394e-17  1.2192534e-15  6.0912058e-17  -2.2078771e-16  -9.0586666e-18  3.3283783e-16  -6.2580114e-17  4.4375096e-16  1.5086332e-15  -7.9160420e-17  -6.0546328e-16  -2.5145720e-16  4.6014739e-16  
