1.0000000   7.0120887e-16  1.9743938e-16  2.3217033e-16  3.3549385e-16  1.5436717e-16  -1.3537774e-16  3.4960047e-17  2.0223671e-16  -3.3512428e-17  2.7559423e-16  -1.9173585e-16  -5.0967764e-16  4.1432299e-17  -3.7105096e-16  5.5268272e-16  2.0584542e-17  -1.3904926e-16  -3.6926759e-17  3.7067561e-16  -2.8318250e-16  -2.1881814e-16  1.6558466e-16  -3.3270255e-16  -3.0250005e-16  -9.0177447e-17  3.0262767e-17  -2.5175098e-16  -6.3919600e-16  2.8891534e-16  -7.5802510e-16  1.0000000   7.0120887e-16  1.9743938e-16  2.3217033e-16  3.3549385e-16  1.5436717e-16  -1.3537774e-16  3.4960047e-17  2.0223671e-16  -3.3512428e-17  2.7559423e-16  -1.9173585e-16  -5.0967764e-16  4.1432299e-17  -3.7105096e-16  5.5268272e-16  2.0584542e-17  -1.3904926e-16  -3.6926759e-17  3.7067561e-16  -2.8318250e-16  -2.1881814e-16  1.6558466e-16  -3.3270255e-16  -3.0250005e-16  -9.0177447e-17  3.0262767e-17  -2.5175098e-16  -6.3919600e-16  2.8891534e-16  -7.5802510e-16  
7.0120887e-16  1.0000000   -3.3439455e-16  7.1574490e-16  -1.1876275e-16  -4.3916896e-17  2.5765672e-16  6.6574328e-17  2.4057768e-16  2.4403865e-16  -2.9303779e-16  4.0399383e-16  1.8690271e-16  -3.6771725e-16  6.5066100e-16  -2.5616520e-17  3.2705329e-16  -4.5448868e-16  1.2861313e-16  -9.1486737e-17  -2.4398056e-16  1.3178165e-17  -6.0631484e-16  -2.6297443e-17  2.5570385e-16  3.9063644e-16  -6.8954858e-17  4.3445667e-16  -4.9950837e-16  -9.7779829e-18  4.3843420e-16  7.0120887e-16  1.0000000   -3.3439455e-16  7.1574490e-16  -1.1876275e-16  -4.3916896e-17  2.5765672e-16  6.6574328e-17  2.4057768e-16  2.4403865e-16  -2.9303779e-16  4.0399383e-16  1.8690271e-16  -3.6771725e-16  6.5066100e-16  -2.5616520e-17  3.2705329e-16  -4.5448868e-16  1.2861313e-16  -9.1486737e-17  -2.4398056e-16  1.3178165e-17  -6.0631484e-16  -2.6297443e-17  2.5570385e-16  3.9063644e-16  -6.8954858e-17  4.3445667e-16  -4.9950837e-16  -9.7779829e-18  4.3843420e-16  
1.9743938e-16  -3.3439455e-16  1.0000000   3.8242402e-16  -2.8094017e-16  -4.7068672e-16  -5.6826921e-16  -7.1260007e-16  -2.9039976e-16  -3.6617698e-16  9.1584100e-16  1.0238411e-15  1.0941856e-16  2.6280467e-16  -9.3143743e-16  4.0935773e-17  4.2646411e-16  -2.3042157e-16  -1.9005831e-17  -2.7850629e-16  2.4259340e-16  -5.2054535e-16  -4.7517725e-16  -2.1155140e-16  9.3268008e-17  -3.2765102e-17  -6.7635413e-16  -3.7756344e-16  3.7351093e-16  -3.4888531e-16  4.4598325e-16  1.9743938e-16  -3.3439455e-16  1.0000000   3.8242402e-16  -2.8094017e-16  -4.7068672e-16  -5.6826921e-16  -7.1260007e-16  -2.9039976e-16  -3.6617698e-16  9.1584100e-16  1.0238411e-15  1.0941856e-16  2.6280467e-16  -9.3143743e-16  4.0935773e-17  4.2646411e-16  -2.3042157e-16  -1.9005831e-17  -2.7850629e-16  2.4259340e-16  -5.2054535e-16  -4.7517725e-16  -2.1155140e-16  9.3268008e-17  -3.2765102e-17  -6.7635413e-16  -3.7756344e-16  3.7351093e-16  -3.4888531e-16  4.4598325e-16  
2.3217033e-16  7.1574490e-16  3.8242402e-16  1.0000000   -3.1412671e-16  5.0912708e-16  -2.4700772e-16  3.5451537e-16  -3.5917652e-16  -5.2713481e-16  6.3118858e-16  2.5256417e-16  -3.2524250e-16  3.0225232e-16  5.8567743e-16  -5.9726230e-16  5.2557921e-16  -9.0640049e-16  1.6042309e-17  -7.3948488e-17  -4.5280032e-16  -1.0320656e-16  -1.1927970e-16  5.2677366e-17  3.1456115e-16  -4.4703787e-17  9.5125803e-16  -3.5328993e-16  2.8557860e-16  5.3726797e-17  9.8584115e-16  2.3217033e-16  7.1574490e-16  3.8242402e-16  1.0000000   -3.1412671e-16  5.0912708e-16  -2.4700772e-16  3.5451537e-16  -3.5917652e-16  -5.2713481e-16  6.3118858e-16  2.5256417e-16  -3.2524250e-16  3.0225232e-16  5.8567743e-16  -5.9726230e-16  5.2557921e-16  -9.0640049e-16  1.6042309e-17  -7.3948488e-17  -4.5280032e-16  -1.0320656e-16  -1.1927970e-16  5.2677366e-17  3.1456115e-16  -4.4703787e-17  9.5125803e-16  -3.5328993e-16  2.8557860e-16  5.3726797e-17  9.8584115e-16  
3.3549385e-16  -1.1876275e-16  -2.8094017e-16  -3.1412671e-16  1.0000000   -2.1188715e-16  5.8235693e-16  -6.2918615e-16  3.3934270e-17  5.5195556e-16  4.7816135e-16  -5.5074984e-16  -1.9225103e-17  7.7586678e-16  3.1749517e-16  -9.0711898e-17  7.9247106e-17  -5.4880948e-16  -4.6917405e-16  2.7706753e-16  -6.8142416e-17  3.8665993e-16  6.2157174e-16  8.2318887e-17  2.3539897e-16  6.4982072e-16  -4.9855611e-16  3.7373542e-16  -1.1195573e-15  8.1873038e-17  1.9884123e-17  3.3549385e-16  -1.1876275e-16  -2.8094017e-16  -3.1412671e-16  1.0000000   -2.1188715e-16  5.8235693e-16  -6.2918615e-16  3.3934270e-17  5.5195556e-16  4.7816135e-16  -5.5074984e-16  -1.9225103e-17  7.7586678e-16  3.1749517e-16  -9.0711898e-17  7.9247106e-17  -5.4880948e-16  -4.6917405e-16  2.7706753e-16  -6.8142416e-17  3.8665993e-16  6.2157174e-16  8.2318887e-17  2.3539897e-16  6.4982072e-16  -4.9855611e-16  3.7373542e-16  -1.1195573e-15  8.1873038e-17  1.9884123e-17  
1.5436717e-16  -4.3916896e-17  -4.7068672e-16  5.0912708e-16  -2.1188715e-16  1.0000000   -4.8433991e-16  -6.9467586e-17  -1.2478738e-15  4.2324590e-17  1.1470505e-15  -1.1127303e-16  1.1148992e-16  -2.7370250e-16  -6.3622669e-16  3.3171467e-17  4.5368855e-17  -5.0885309e-16  -6.5267189e-16  7.9879855e-17  -9.3063495e-16  -4.9104111e-16  2.0489903e-16  3.2654006e-16  5.5275170e-16  7.6828310e-17  3.4933126e-16  -3.7599590e-16  5.1736944e-16  -1.8227464e-16  4.7203568e-16  1.5436717e-16  -4.3916896e-17  -4.7068672e-16  5.0912708e-16  -2.1188715e-16  1.0000000   -4.8433991e-16  -6.9467586e-17  -1.2478738e-15  4.2324590e-17  1.1470505e-15  -1.1127303e-16  1.1148992e-16  -2.7370250e-16  -6.3622669e-16  3.3171467e-17  4.5368855e-17  -5.0885309e-16  -6.5267189e-16  7.9879855e-17  -9.3063495e-16  -4.9104111e-16  2.0489903e-16  3.2654006e-16  5.5275170e-16  7.6828310e-17  3.4933126e-16  -3.7599590e-16  5.1736944e-16  -1.8227464e-16  4.7203568e-16  
-1.3537774e-16  2.5765672e-16  -5.6826921e-16  -2.4700772e-16  5.8235693e-16  -4.8433991e-16  1.0000000   -5.0496714e-16  1.1051824e-16  1.5956507e-16  2.9494686e-16  -5.7160140e-16  -2.9475759e-16  -5.0354143e-16  -2.5962552e-19  3.8175788e-16  2.8194323e-16  4.6484802e-16  -1.0136018e-16  1.8784367e-17  8.7097133e-16  -2.7241805e-16  2.1092050e-16  1.2977965e-15  5.0158584e-16  -9.3352833e-16  1.0693649e-16  -3.3801235e-16  2.0811592e-16  -1.1871660e-16  1.1399758e-17  -1.3537774e-16  2.5765672e-16  -5.6826921e-16  -2.4700772e-16  5.8235693e-16  -4.8433991e-16  1.0000000   -5.0496714e-16  1.1051824e-16  1.5956507e-16  2.9494686e-16  -5.7160140e-16  -2.9475759e-16  -5.0354143e-16  -2.5962552e-19  3.8175788e-16  2.8194323e-16  4.6484802e-16  -1.0136018e-16  1.8784367e-17  8.7097133e-16  -2.7241805e-16  2.1092050e-16  1.2977965e-15  5.0158584e-16  -9.3352833e-16  1.0693649e-16  -3.3801235e-16  2.0811592e-16  -1.1871660e-16  1.1399758e-17  
3.4960047e-17  6.6574328e-17  -7.1260007e-16  3.5451537e-16  -6.2918615e-16  -6.9467586e-17  -5.0496714e-16  1.0000000   4.1618734e-16  -5.7140942e-17  -7.8464963e-16  -7.3409616e-17  -3.8263350e-16  7.4890964e-17  -9.8499523e-17  2.4954475e-16  4.6837261e-16  -1.6947056e-16  -3.3587046e-16  -2.2394224e-16  2.2778622e-16  4.1997763e-17  4.5149888e-16  4.3073749e-16  4.4135328e-16  5.9730246e-17  -3.1166713e-16  -9.1671732e-17  -3.9017541e-16  -9.2619558e-16  -7.3285213e-16  3.4960047e-17  6.6574328e-17  -7.1260007e-16  3.5451537e-16  -6.2918615e-16  -6.9467586e-17  -5.0496714e-16  1.0000000   4.1618734e-16  -5.7140942e-17  -7.8464963e-16  -7.3409616e-17  -3.8263350e-16  7.4890964e-17  -9.8499523e-17  2.4954475e-16  4.6837261e-16  -1.6947056e-16  -3.3587046e-16  -2.2394224e-16  2.2778622e-16  4.1997763e-17  4.5149888e-16  4.3073749e-16  4.4135328e-16  5.9730246e-17  -3.1166713e-16  -9.1671732e-17  -3.9017541e-16  -9.2619558e-16  -7.3285213e-16  
2.0223671e-16  2.4057768e-16  -2.9039976e-16  -3.5917652e-16  3.3934270e-17  -1.2478738e-15  1.1051824e-16  4.1618734e-16  1.0000000   -1.8975344e-16  1.5689990e-16  -4.5769185e-16  -1.9804399e-16  -5.8592402e-16  2.4143590e-16  1.2955208e-16  5.2382124e-17  -3.6135207e-16  -6.9696645e-16  -1.6145713e-16  -9.5923458e-16  -4.9561975e-17  -2.6128172e-16  5.3604305e-16  2.3210811e-16  -7.2079791e-16  2.0333583e-16  -1.7572884e-17  3.0041602e-16  -3.6931663e-16  -6.7986010e-16  2.0223671e-16  2.4057768e-16  -2.9039976e-16  -3.5917652e-16  3.3934270e-17  -1.2478738e-15  1.1051824e-16  4.1618734e-16  1.0000000   -1.8975344e-16  1.5689990e-16  -4.5769185e-16  -1.9804399e-16  -5.8592402e-16  2.4143590e-16  1.2955208e-16  5.2382124e-17  -3.6135207e-16  -6.9696645e-16  -1.6145713e-16  -9.5923458e-16  -4.9561975e-17  -2.6128172e-16  5.3604305e-16  2.3210811e-16  -7.2079791e-16  2.0333583e-16  -1.7572884e-17  3.0041602e-16  -3.6931663e-16  -6.7986010e-16  
-3.3512428e-17  2.4403865e-16  -3.6617698e-16  -5.2713481e-16  5.5195556e-16  4.2324590e-17  1.5956507e-16  -5.7140942e-17  -1.8975344e-16  1.0000000   3.1327392e-16  -7.4888731e-18  2.4058516e-16  -6.6014054e-16  4.3869236e-16  -5.7117897e-16  4.6280360e-16  -2.8591254e-16  2.2871955e-16  -7.7291314e-16  -7.3546552e-16  -7.1854599e-18  5.2650722e-16  1.3901174e-16  -5.6899757e-16  3.8731363e-16  -2.7277376e-17  8.3481470e-17  5.0346851e-16  -1.0789898e-16  -5.5811525e-16  -3.3512428e-17  2.4403865e-16  -3.6617698e-16  -5.2713481e-16  5.5195556e-16  4.2324590e-17  1.5956507e-16  -5.7140942e-17  -1.8975344e-16  1.0000000   3.1327392e-16  -7.4888731e-18  2.4058516e-16  -6.6014054e-16  4.3869236e-16  -5.7117897e-16  4.6280360e-16  -2.8591254e-16  2.2871955e-16  -7.7291314e-16  -7.3546552e-16  -7.1854599e-18  5.2650722e-16  1.3901174e-16  -5.6899757e-16  3.8731363e-16  -2.7277376e-17  8.3481470e-17  5.0346851e-16  -1.0789898e-16  -5.5811525e-16  
2.7559423e-16  -2.9303779e-16  9.1584100e-16  6.3118858e-16  4.7816135e-16  1.1470505e-15  2.9494686e-16  -7.8464963e-16  1.5689990e-16  3.1327392e-16  1.0000000   -9.2335885e-17  -5.5491303e-16  9.1287358e-16  5.4314912e-16  1.7949210e-16  3.5699238e-16  -2.9050951e-16  -4.9851936e-17  2.0248045e-16  -5.6038555e-16  4.5147558e-17  -6.0930950e-16  3.5472378e-17  9.6712807e-17  1.4540886e-16  1.4305818e-16  -4.2545796e-16  -2.5177288e-16  2.6420992e-16  -7.0604128e-16  2.7559423e-16  -2.9303779e-16  9.1584100e-16  6.3118858e-16  4.7816135e-16  1.1470505e-15  2.9494686e-16  -7.8464963e-16  1.5689990e-16  3.1327392e-16  1.0000000   -9.2335885e-17  -5.5491303e-16  9.1287358e-16  5.4314912e-16  1.7949210e-16  3.5699238e-16  -2.9050951e-16  -4.9851936e-17  2.0248045e-16  -5.6038555e-16  4.5147558e-17  -6.0930950e-16  3.5472378e-17  9.6712807e-17  1.4540886e-16  1.4305818e-16  -4.2545796e-16  -2.5177288e-16  2.6420992e-16  -7.0604128e-16  
-1.9173585e-16  4.0399383e-16  1.0238411e-15  2.5256417e-16  -5.5074984e-16  -1.1127303e-16  -5.7160140e-16  -7.3409616e-17  -4.5769185e-16  -7.4888731e-18  -9.2335885e-17  1.0000000   -5.2591461e-16  2.8627099e-16  -5.6886960e-16  -3.6439929e-16  -6.6449655e-17  3.7933468e-16  -1.2477462e-16  8.6353610e-16  8.3144623e-16  2.9410505e-16  1.4027983e-16  2.3291656e-16  7.2393174e-16  1.9738681e-16  -3.3708968e-16  2.9417512e-16  1.0497525e-16  -4.7084661e-16  1.4859386e-16  -1.9173585e-16  4.0399383e-16  1.0238411e-15  2.5256417e-16  -5.5074984e-16  -1.1127303e-16  -5.7160140e-16  -7.3409616e-17  -4.5769185e-16  -7.4888731e-18  -9.2335885e-17  1.0000000   -5.2591461e-16  2.8627099e-16  -5.6886960e-16  -3.6439929e-16  -6.6449655e-17  3.7933468e-16  -1.2477462e-16  8.6353610e-16  8.3144623e-16  2.9410505e-16  1.4027983e-16  2.3291656e-16  7.2393174e-16  1.9738681e-16  -3.3708968e-16  2.9417512e-16  1.0497525e-16  -4.7084661e-16  1.4859386e-16  
-5.0967764e-16  1.8690271e-16  1.0941856e-16  -3.2524250e-16  -1.9225103e-17  1.1148992e-16  -2.9475759e-16  -3.8263350e-16  -1.9804399e-16  2.4058516e-16  -5.5491303e-16  -5.2591461e-16  1.0000000   4.0302676e-16  2.8650152e-16  2.1590790e-16  9.7253676e-18  3.8888951e-16  2.6706869e-16  1.8262535e-16  3.8198871e-16  -6.0781208e-16  -1.9999298e-17  -1.2808011e-16  4.1548643e-16  6.9736326e-16  -5.0263373e-16  1.8606986e-16  2.2915528e-16  -4.9717602e-16  4.3361371e-16  -5.0967764e-16  1.8690271e-16  1.0941856e-16  -3.2524250e-16  -1.9225103e-17  1.1148992e-16  -2.9475759e-16  -3.8263350e-16  -1.9804399e-16  2.4058516e-16  -5.5491303e-16  -5.2591461e-16  1.0000000   4.0302676e-16  2.8650152e-16  2.1590790e-16  9.7253676e-18  3.8888951e-16  2.6706869e-16  1.8262535e-16  3.8198871e-16  -6.0781208e-16  -1.9999298e-17  -1.2808011e-16  4.1548643e-16  6.9736326e-16  -5.0263373e-16  1.8606986e-16  2.2915528e-16  -4.9717602e-16  4.3361371e-16  
4.1432299e-17  -3.6771725e-16  2.6280467e-16  3.0225232e-16  7.7586678e-16  -2.7370250e-16  -5.0354143e-16  7.4890964e-17  -5.8592402e-16  -6.6014054e-16  9.1287358e-16  2.8627099e-16  4.0302676e-16  1.0000000   -5.9735563e-17  4.1572344e-18  5.7686272e-17  -5.6267237e-16  -3.7620889e-16  1.0233948e-15  9.9825676e-16  -2.3190842e-16  -6.3029350e-16  -7.2623868e-16  2.1680438e-16  -1.1303089e-16  1.7363667e-16  -2.6420969e-17  3.1996144e-16  -2.5267465e-16  5.8690611e-16  4.1432299e-17  -3.6771725e-16  2.6280467e-16  3.0225232e-16  7.7586678e-16  -2.7370250e-16  -5.0354143e-16  7.4890964e-17  -5.8592402e-16  -6.6014054e-16  9.1287358e-16  2.8627099e-16  4.0302676e-16  1.0000000   -5.9735563e-17  4.1572344e-18  5.7686272e-17  -5.6267237e-16  -3.7620889e-16  1.0233948e-15  9.9825676e-16  -2.3190842e-16  -6.3029350e-16  -7.2623868e-16  2.1680438e-16  -1.1303089e-16  1.7363667e-16  -2.6420969e-17  3.1996144e-16  -2.5267465e-16  5.8690611e-16  
-3.7105096e-16  6.5066100e-16  -9.3143743e-16  5.8567743e-16  3.1749517e-16  -6.3622669e-16  -2.5962552e-19  -9.8499523e-17  2.4143590e-16  4.3869236e-16  5.4314912e-16  -5.6886960e-16  2.8650152e-16  -5.9735563e-17  1.0000000   2.7355371e-16  -1.0072035e-15  8.1059660e-17  -5.8769202e-16  3.1054086e-16  -2.8553785e-17  2.4695479e-16  -2.7069454e-16  6.5982779e-16  1.5386337e-16  -7.3673400e-16  3.2617105e-16  -6.2833645e-17  3.6644188e-16  -3.0625303e-16  -5.1384764e-16  -3.7105096e-16  6.5066100e-16  -9.3143743e-16  5.8567743e-16  3.1749517e-16  -6.3622669e-16  -2.5962552e-19  -9.8499523e-17  2.4143590e-16  4.3869236e-16  5.4314912e-16  -5.6886960e-16  2.8650152e-16  -5.9735563e-17  1.0000000   2.7355371e-16  -1.0072035e-15  8.1059660e-17  -5.8769202e-16  3.1054086e-16  -2.8553785e-17  2.4695479e-16  -2.7069454e-16  6.5982779e-16  1.5386337e-16  -7.3673400e-16  3.2617105e-16  -6.2833645e-17  3.6644188e-16  -3.0625303e-16  -5.1384764e-16  
5.5268272e-16  -2.5616520e-17  4.0935773e-17  -5.9726230e-16  -9.0711898e-17  3.3171467e-17  3.8175788e-16  2.4954475e-16  1.2955208e-16  -5.7117897e-16  1.7949210e-16  -3.6439929e-16  2.1590790e-16  4.1572344e-18  2.7355371e-16  1.0000000   5.8127451e-16  -8.9816970e-17  -1.6623012e-16  6.0052030e-16  -1.8719579e-16  -7.4216550e-16  2.0389556e-16  -6.7340014e-16  -1.7210874e-16  -7.5149668e-16  8.3689912e-16  -1.8811034e-16  -3.9585535e-16  3.8071557e-16  2.9090526e-17  5.5268272e-16  -2.5616520e-17  4.0935773e-17  -5.9726230e-16  -9.0711898e-17  3.3171467e-17  3.8175788e-16  2.4954475e-16  1.2955208e-16  -5.7117897e-16  1.7949210e-16  -3.6439929e-16  2.1590790e-16  4.1572344e-18  2.7355371e-16  1.0000000   5.8127451e-16  -8.9816970e-17  -1.6623012e-16  6.0052030e-16  -1.8719579e-16  -7.4216550e-16  2.0389556e-16  -6.7340014e-16  -1.7210874e-16  -7.5149668e-16  8.3689912e-16  -1.8811034e-16  -3.9585535e-16  3.8071557e-16  2.9090526e-17  
2.0584542e-17  3.2705329e-16  4.2646411e-16  5.2557921e-16  7.9247106e-17  4.5368855e-17  2.8194323e-16  4.6837261e-16  5.2382124e-17  4.6280360e-16  3.5699238e-16  -6.6449655e-17  9.7253676e-18  5.7686272e-17  -1.0072035e-15  5.8127451e-16  1.0000000   3.0435242e-18  2.9130662e-16  -4.8216589e-16  5.4722542e-16  -5.8478043e-17  -9.7566321e-16  3.3752036e-16  4.0541189e-16  -1.6482822e-16  3.4220407e-16  -5.3393660e-16  8.8218331e-16  -2.0993412e-16  8.7601100e-17  2.0584542e-17  3.2705329e-16  4.2646411e-16  5.2557921e-16  7.9247106e-17  4.5368855e-17  2.8194323e-16  4.6837261e-16  5.2382124e-17  4.6280360e-16  3.5699238e-16  -6.6449655e-17  9.7253676e-18  5.7686272e-17  -1.0072035e-15  5.8127451e-16  1.0000000   3.0435242e-18  2.9130662e-16  -4.8216589e-16  5.4722542e-16  -5.8478043e-17  -9.7566321e-16  3.3752036e-16  4.0541189e-16  -1.6482822e-16  3.4220407e-16  -5.3393660e-16  8.8218331e-16  -2.0993412e-16  8.7601100e-17  
-1.3904926e-16  -4.5448868e-16  -2.3042157e-16  -9.0640049e-16  -5.4880948e-16  -5.0885309e-16  4.6484802e-16  -1.6947056e-16  -3.6135207e-16  -2.8591254e-16  -2.9050951e-16  3.7933468e-16  3.8888951e-16  -5.6267237e-16  8.1059660e-17  -8.9816970e-17  3.0435242e-18  1.0000000   5.0398768e-16  1.0777047e-16  3.9009485e-16  -1.7836727e-16  8.6593659e-17  -2.5892648e-16  -4.0139922e-16  -9.2965975e-17  -2.7355784e-16  6.0869634e-16  8.5210666e-16  -2.3150150e-17  6.9470365e-16  -1.3904926e-16  -4.5448868e-16  -2.3042157e-16  -9.0640049e-16  -5.4880948e-16  -5.0885309e-16  4.6484802e-16  -1.6947056e-16  -3.6135207e-16  -2.8591254e-16  -2.9050951e-16  3.7933468e-16  3.8888951e-16  -5.6267237e-16  8.1059660e-17  -8.9816970e-17  3.0435242e-18  1.0000000   5.0398768e-16  1.0777047e-16  3.9009485e-16  -1.7836727e-16  8.6593659e-17  -2.5892648e-16  -4.0139922e-16  -9.2965975e-17  -2.7355784e-16  6.0869634e-16  8.5210666e-16  -2.3150150e-17  6.9470365e-16  
-3.6926759e-17  1.2861313e-16  -1.9005831e-17  1.6042309e-17  -4.6917405e-16  -6.5267189e-16  -1.0136018e-16  -3.3587046e-16  -6.9696645e-16  2.2871955e-16  -4.9851936e-17  -1.2477462e-16  2.6706869e-16  -3.7620889e-16  -5.8769202e-16  -1.6623012e-16  2.9130662e-16  5.0398768e-16  1.0000000   1.0335704e-19  -1.0386389e-16  -2.7240856e-16  -5.2388340e-16  1.7776909e-17  -4.5204008e-16  3.1009688e-16  -1.9335626e-16  -5.0037378e-16  -3.2376201e-16  3.3560294e-17  4.2718395e-16  -3.6926759e-17  1.2861313e-16  -1.9005831e-17  1.6042309e-17  -4.6917405e-16  -6.5267189e-16  -1.0136018e-16  -3.3587046e-16  -6.9696645e-16  2.2871955e-16  -4.9851936e-17  -1.2477462e-16  2.6706869e-16  -3.7620889e-16  -5.8769202e-16  -1.6623012e-16  2.9130662e-16  5.0398768e-16  1.0000000   1.0335704e-19  -1.0386389e-16  -2.7240856e-16  -5.2388340e-16  1.7776909e-17  -4.5204008e-16  3.1009688e-16  -1.9335626e-16  -5.0037378e-16  -3.2376201e-16  3.3560294e-17  4.2718395e-16  
3.7067561e-16  -9.1486737e-17  -2.7850629e-16  -7.3948488e-17  2.7706753e-16  7.9879855e-17  1.8784367e-17  -2.2394224e-16  -1.6145713e-16  -7.7291314e-16  2.0248045e-16  8.6353610e-16  1.8262535e-16  1.0233948e-15  3.1054086e-16  6.0052030e-16  -4.8216589e-16  1.0777047e-16  1.0335704e-19  1.0000000   8.4392682e-16  -2.3124828e-16  -2.8184131e-16  7.0265173e-16  6.0630582e-16  4.8805140e-16  5.9007889e-17  -4.7503190e-16  -2.5983132e-16  -1.4277096e-17  4.4174804e-16  3.7067561e-16  -9.1486737e-17  -2.7850629e-16  -7.3948488e-17  2.7706753e-16  7.9879855e-17  1.8784367e-17  -2.2394224e-16  -1.6145713e-16  -7.7291314e-16  2.0248045e-16  8.6353610e-16  1.8262535e-16  1.0233948e-15  3.1054086e-16  6.0052030e-16  -4.8216589e-16  1.0777047e-16  1.0335704e-19  1.0000000   8.4392682e-16  -2.3124828e-16  -2.8184131e-16  7.0265173e-16  6.0630582e-16  4.8805140e-16  5.9007889e-17  -4.7503190e-16  -2.5983132e-16  -1.4277096e-17  4.4174804e-16  
-2.8318250e-16  -2.4398056e-16  2.4259340e-16  -4.5280032e-16  -6.8142416e-17  -9.3063495e-16  8.7097133e-16  2.2778622e-16  -9.5923458e-16  -7.3546552e-16  -5.6038555e-16  8.3144623e-16  3.8198871e-16  9.9825676e-16  -2.8553785e-17  -1.8719579e-16  5.4722542e-16  3.9009485e-16  -1.0386389e-16  8.4392682e-16  1.0000000   1.7451056e-17  2.1168479e-16  -2.9645433e-16  -1.5422829e-17  -1.8981184e-16  -1.9973110e-17  3.2148499e-16  -4.5496995e-16  -1.7300745e-16  6.5518541e-17  -2.8318250e-16  -2.4398056e-16  2.4259340e-16  -4.5280032e-16  -6.8142416e-17  -9.3063495e-16  8.7097133e-16  2.2778622e-16  -9.5923458e-16  -7.3546552e-16  -5.6038555e-16  8.3144623e-16  3.8198871e-16  9.9825676e-16  -2.8553785e-17  -1.8719579e-16  5.4722542e-16  3.9009485e-16  -1.0386389e-16  8.4392682e-16  1.0000000   1.7451056e-17  2.1168479e-16  -2.9645433e-16  -1.5422829e-17  -1.8981184e-16  -1.9973110e-17  3.2148499e-16  -4.5496995e-16  -1.7300745e-16  6.5518541e-17  
-2.1881814e-16  1.3178165e-17  -5.2054535e-16  -1.0320656e-16  3.8665993e-16  -4.9104111e-16  -2.7241805e-16  4.1997763e-17  -4.9561975e-17  -7.1854599e-18  4.5147558e-17  2.9410505e-16  -6.0781208e-16  -2.3190842e-16  2.4695479e-16  -7.4216550e-16  -5.8478043e-17  -1.7836727e-16  -2.7240856e-16  -2.3124828e-16  1.7451056e-17  1.0000000   -6.8910054e-17  -9.3210887e-17  -8.1265058e-16  -4.9758261e-17  5.0146025e-17  -1.9088208e-16  6.0585781e-16  -6.4619283e-16  1.9671476e-16  -2.1881814e-16  1.3178165e-17  -5.2054535e-16  -1.0320656e-16  3.8665993e-16  -4.9104111e-16  -2.7241805e-16  4.1997763e-17  -4.9561975e-17  -7.1854599e-18  4.5147558e-17  2.9410505e-16  -6.0781208e-16  -2.3190842e-16  2.4695479e-16  -7.4216550e-16  -5.8478043e-17  -1.7836727e-16  -2.7240856e-16  -2.3124828e-16  1.7451056e-17  1.0000000   -6.8910054e-17  -9.3210887e-17  -8.1265058e-16  -4.9758261e-17  5.0146025e-17  -1.9088208e-16  6.0585781e-16  -6.4619283e-16  1.9671476e-16  
1.6558466e-16  -6.0631484e-16  -4.7517725e-16  -1.1927970e-16  6.2157174e-16  2.0489903e-16  2.1092050e-16  4.5149888e-16  -2.6128172e-16  5.2650722e-16  -6.0930950e-16  1.4027983e-16  -1.9999298e-17  -6.3029350e-16  -2.7069454e-16  2.0389556e-16  -9.7566321e-16  8.6593659e-17  -5.2388340e-16  -2.8184131e-16  2.1168479e-16  -6.8910054e-17  1.0000000   -3.0150265e-16  6.7085866e-16  5.2933512e-16  -3.3136800e-16  -1.0003864e-16  3.1239148e-16  2.7155152e-16  -2.4671138e-16  1.6558466e-16  -6.0631484e-16  -4.7517725e-16  -1.1927970e-16  6.2157174e-16  2.0489903e-16  2.1092050e-16  4.5149888e-16  -2.6128172e-16  5.2650722e-16  -6.0930950e-16  1.4027983e-16  -1.9999298e-17  -6.3029350e-16  -2.7069454e-16  2.0389556e-16  -9.7566321e-16  8.6593659e-17  -5.2388340e-16  -2.8184131e-16  2.1168479e-16  -6.8910054e-17  1.0000000   -3.0150265e-16  6.7085866e-16  5.2933512e-16  -3.3136800e-16  -1.0003864e-16  3.1239148e-16  2.7155152e-16  -2.4671138e-16  
-3.3270255e-16  -2.6297443e-17  -2.1155140e-16  5.2677366e-17  8.2318887e-17  3.2654006e-16  1.2977965e-15  4.3073749e-16  5.3604305e-16  1.3901174e-16  3.5472378e-17  2.3291656e-16  -1.2808011e-16  -7.2623868e-16  6.5982779e-16  -6.7340014e-16  3.3752036e-16  -2.5892648e-16  1.7776909e-17  7.0265173e-16  -2.9645433e-16  -9.3210887e-17  -3.0150265e-16  1.0000000   -3.3599235e-16  -1.4992159e-16  -7.3105614e-17  -8.0060826e-17  -7.5843818e-16  -1.0045929e-16  -2.1241519e-16  -3.3270255e-16  -2.6297443e-17  -2.1155140e-16  5.2677366e-17  8.2318887e-17  3.2654006e-16  1.2977965e-15  4.3073749e-16  5.3604305e-16  1.3901174e-16  3.5472378e-17  2.3291656e-16  -1.2808011e-16  -7.2623868e-16  6.5982779e-16  -6.7340014e-16  3.3752036e-16  -2.5892648e-16  1.7776909e-17  7.0265173e-16  -2.9645433e-16  -9.3210887e-17  -3.0150265e-16  1.0000000   -3.3599235e-16  -1.4992159e-16  -7.3105614e-17  -8.0060826e-17  -7.5843818e-16  -1.0045929e-16  -2.1241519e-16  
-3.0250005e-16  2.5570385e-16  9.3268008e-17  3.1456115e-16  2.3539897e-16  5.5275170e-16  5.0158584e-16  4.4135328e-16  2.3210811e-16  -5.6899757e-16  9.6712807e-17  7.2393174e-16  4.1548643e-16  2.1680438e-16  1.5386337e-16  -1.7210874e-16  4.0541189e-16  -4.0139922e-16  -4.5204008e-16  6.0630582e-16  -1.5422829e-17  -8.1265058e-16  6.7085866e-16  -3.3599235e-16  1.0000000   -5.2361084e-16  -4.2018082e-17  5.8380776e-16  -1.3977077e-16  -5.1787293e-16  4.9057919e-16  -3.0250005e-16  2.5570385e-16  9.3268008e-17  3.1456115e-16  2.3539897e-16  5.5275170e-16  5.0158584e-16  4.4135328e-16  2.3210811e-16  -5.6899757e-16  9.6712807e-17  7.2393174e-16  4.1548643e-16  2.1680438e-16  1.5386337e-16  -1.7210874e-16  4.0541189e-16  -4.0139922e-16  -4.5204008e-16  6.0630582e-16  -1.5422829e-17  -8.1265058e-16  6.7085866e-16  -3.3599235e-16  1.0000000   -5.2361084e-16  -4.2018082e-17  5.8380776e-16  -1.3977077e-16  -5.1787293e-16  4.9057919e-16  
-9.0177447e-17  3.9063644e-16  -3.2765102e-17  -4.4703787e-17  6.4982072e-16  7.6828310e-17  -9.3352833e-16  5.9730246e-17  -7.2079791e-16  3.8731363e-16  1.4540886e-16  1.9738681e-16  6.9736326e-16  -1.1303089e-16  -7.3673400e-16  -7.5149668e-16  -1.6482822e-16  -9.2965975e-17  3.1009688e-16  4.8805140e-16  -1.8981184e-16  -4.9758261e-17  5.2933512e-16  -1.4992159e-16  -5.2361084e-16  1.0000000   -1.6336119e-16  -5.4948489e-16  4.3642537e-17  9.8169861e-18  -3.9168591e-16  -9.0177447e-17  3.9063644e-16  -3.2765102e-17  -4.4703787e-17  6.4982072e-16  7.6828310e-17  -9.3352833e-16  5.9730246e-17  -7.2079791e-16  3.8731363e-16  1.4540886e-16  1.9738681e-16  6.9736326e-16  -1.1303089e-16  -7.3673400e-16  -7.5149668e-16  -1.6482822e-16  -9.2965975e-17  3.1009688e-16  4.8805140e-16  -1.8981184e-16  -4.9758261e-17  5.2933512e-16  -1.4992159e-16  -5.2361084e-16  1.0000000   -1.6336119e-16  -5.4948489e-16  4.3642537e-17  9.8169861e-18  -3.9168591e-16  
3.0262767e-17  -6.8954858e-17  -6.7635413e-16  9.5125803e-16  -4.9855611e-16  3.4933126e-16  1.0693649e-16  -3.1166713e-16  2.0333583e-16  -2.7277376e-17  1.4305818e-16  -3.3708968e-16  -5.0263373e-16  1.7363667e-16  3.2617105e-16  8.3689912e-16  3.4220407e-16  -2.7355784e-16  -1.9335626e-16  5.9007889e-17  -1.9973110e-17  5.0146025e-17  -3.3136800e-16  -7.3105614e-17  -4.2018082e-17  -1.6336119e-16  1.0000000   -6.0338669e-16  1.4634308e-16  -3.4472474e-16  1.0919926e-16  3.0262767e-17  -6.8954858e-17  -6.7635413e-16  9.5125803e-16  -4.9855611e-16  3.4933126e-16  1.0693649e-16  -3.1166713e-16  2.0333583e-16  -2.7277376e-17  1.4305818e-16  -3.3708968e-16  -5.0263373e-16  1.7363667e-16  3.2617105e-16  8.3689912e-16  3.4220407e-16  -2.7355784e-16  -1.9335626e-16  5.9007889e-17  -1.9973110e-17  5.0146025e-17  -3.3136800e-16  -7.3105614e-17  -4.2018082e-17  -1.6336119e-16  1.0000000   -6.0338669e-16  1.4634308e-16  -3.4472474e-16  1.0919926e-16  
-2.5175098e-16  4.3445667e-16  -3.7756344e-16  -3.5328993e-16  3.7373542e-16  -3.7599590e-16  -3.3801235e-16  -9.1671732e-17  -1.7572884e-17  8.3481470e-17  -4.2545796e-16  2.9417512e-16  1.8606986e-16  -2.6420969e-17  -6.2833645e-17  -1.8811034e-16  -5.3393660e-16  6.0869634e-16  -5.0037378e-16  -4.7503190e-16  3.2148499e-16  -1.9088208e-16  -1.0003864e-16  -8.0060826e-17  5.8380776e-16  -5.4948489e-16  -6.0338669e-16  1.0000000   -1.2607166e-16  -4.7354667e-18  5.3116281e-16  -2.5175098e-16  4.3445667e-16  -3.7756344e-16  -3.5328993e-16  3.7373542e-16  -3.7599590e-16  -3.3801235e-16  -9.1671732e-17  -1.7572884e-17  8.3481470e-17  -4.2545796e-16  2.9417512e-16  1.8606986e-16  -2.6420969e-17  -6.2833645e-17  -1.8811034e-16  -5.3393660e-16  6.0869634e-16  -5.0037378e-16  -4.7503190e-16  3.2148499e-16  -1.9088208e-16  -1.0003864e-16  -8.0060826e-17  5.8380776e-16  -5.4948489e-16  -6.0338669e-16  1.0000000   -1.2607166e-16  -4.7354667e-18  5.3116281e-16  
-6.3919600e-16  -4.9950837e-16  3.7351093e-16  2.8557860e-16  -1.1195573e-15  5.1736944e-16  2.0811592e-16  -3.9017541e-16  3.0041602e-16  5.0346851e-16  -2.5177288e-16  1.0497525e-16  2.2915528e-16  3.1996144e-16  3.6644188e-16  -3.9585535e-16  8.8218331e-16  8.5210666e-16  -3.2376201e-16  -2.5983132e-16  -4.5496995e-16  6.0585781e-16  3.1239148e-16  -7.5843818e-16  -1.3977077e-16  4.3642537e-17  1.4634308e-16  -1.2607166e-16  1.0000000   3.1545983e-16  -5.3755006e-16  -6.3919600e-16  -4.9950837e-16  3.7351093e-16  2.8557860e-16  -1.1195573e-15  5.1736944e-16  2.0811592e-16  -3.9017541e-16  3.0041602e-16  5.0346851e-16  -2.5177288e-16  1.0497525e-16  2.2915528e-16  3.1996144e-16  3.6644188e-16  -3.9585535e-16  8.8218331e-16  8.5210666e-16  -3.2376201e-16  -2.5983132e-16  -4.5496995e-16  6.0585781e-16  3.1239148e-16  -7.5843818e-16  -1.3977077e-16  4.3642537e-17  1.4634308e-16  -1.2607166e-16  1.0000000   3.1545983e-16  -5.3755006e-16  
2.8891534e-16  -9.7779829e-18  -3.4888531e-16  5.3726797e-17  8.1873038e-17  -1.8227464e-16  -1.1871660e-16  -9.2619558e-16  -3.6931663e-16  -1.0789898e-16  2.6420992e-16  -4.7084661e-16  -4.9717602e-16  -2.5267465e-16  -3.0625303e-16  3.8071557e-16  -2.0993412e-16  -2.3150150e-17  3.3560294e-17  -1.4277096e-17  -1.7300745e-16  -6.4619283e-16  2.7155152e-16  -1.0045929e-16  -5.1787293e-16  9.8169861e-18  -3.4472474e-16  -4.7354667e-18  3.1545983e-16  1.0000000   -4.1139417e-17  2.8891534e-16  -9.7779829e-18  -3.4888531e-16  5.3726797e-17  8.1873038e-17  -1.8227464e-16  -1.1871660e-16  -9.2619558e-16  -3.6931663e-16  -1.0789898e-16  2.6420992e-16  -4.7084661e-16  -4.9717602e-16  -2.5267465e-16  -3.0625303e-16  3.8071557e-16  -2.0993412e-16  -2.3150150e-17  3.3560294e-17  -1.4277096e-17  -1.7300745e-16  -6.4619283e-16  2.7155152e-16  -1.0045929e-16  -5.1787293e-16  9.8169861e-18  -3.4472474e-16  -4.7354667e-18  3.1545983e-16  1.0000000   -4.1139417e-17  
-7.5802510e-16  4.3843420e-16  4.4598325e-16  9.8584115e-16  1.9884123e-17  4.7203568e-16  1.1399758e-17  -7.3285213e-16  -6.7986010e-16  -5.5811525e-16  -7.0604128e-16  1.4859386e-16  4.3361371e-16  5.8690611e-16  -5.1384764e-16  2.9090526e-17  8.7601100e-17  6.9470365e-16  4.2718395e-16  4.4174804e-16  6.5518541e-17  1.9671476e-16  -2.4671138e-16  -2.1241519e-16  4.9057919e-16  -3.9168591e-16  1.0919926e-16  5.3116281e-16  -5.3755006e-16  -4.1139417e-17  1.0000000   -7.5802510e-16  4.3843420e-16  4.4598325e-16  9.8584115e-16  1.9884123e-17  4.7203568e-16  1.1399758e-17  -7.3285213e-16  -6.7986010e-16  -5.5811525e-16  -7.0604128e-16  1.4859386e-16  4.3361371e-16  5.8690611e-16  -5.1384764e-16  2.9090526e-17  8.7601100e-17  6.9470365e-16  4.2718395e-16  4.4174804e-16  6.5518541e-17  1.9671476e-16  -2.4671138e-16  -2.1241519e-16  4.9057919e-16  -3.9168591e-16  1.0919926e-16  5.3116281e-16  -5.3755006e-16  -4.1139417e-17  1.0000000   
1.0000000   7.0120887e-16  1.9743938e-16  2.3217033e-16  3.3549385e-16  1.5436717e-16  -1.3537774e-16  3.4960047e-17  2.0223671e-16  -3.3512428e-17  2.7559423e-16  -1.9173585e-16  -5.0967764e-16  4.1432299e-17  -3.7105096e-16  5.5268272e-16  2.0584542e-17  -1.3904926e-16  -3.6926759e-17  3.7067561e-16  -2.8318250e-16  -2.1881814e-16  1.6558466e-16  -3.3270255e-16  -3.0250005e-16  -9.0177447e-17  3.0262767e-17  -2.5175098e-16  -6.3919600e-16  2.8891534e-16  -7.5802510e-16  1.0000000   7.0120887e-16  1.9743938e-16  2.3217033e-16  3.3549385e-16  1.5436717e-16  -1.3537774e-16  3.4960047e-17  2.0223671e-16  -3.3512428e-17  2.7559423e-16  -1.9173585e-16  -5.0967764e-16  4.1432299e-17  -3.7105096e-16  5.5268272e-16  2.0584542e-17  -1.3904926e-16  -3.6926759e-17  3.7067561e-16  -2.8318250e-16  -2.1881814e-16  1.6558466e-16  -3.3270255e-16  -3.0250005e-16  -9.0177447e-17  3.0262767e-17  -2.5175098e-16  -6.3919600e-16  2.8891534e-16  -7.5802510e-16  
7.0120887e-16  1.0000000   -3.3439455e-16  7.1574490e-16  -1.1876275e-16  -4.3916896e-17  2.5765672e-16  6.6574328e-17  2.4057768e-16  2.4403865e-16  -2.9303779e-16  4.0399383e-16  1.8690271e-16  -3.6771725e-16  6.5066100e-16  -2.5616520e-17  3.2705329e-16  -4.5448868e-16  1.2861313e-16  -9.1486737e-17  -2.4398056e-16  1.3178165e-17  -6.0631484e-16  -2.6297443e-17  2.5570385e-16  3.9063644e-16  -6.8954858e-17  4.3445667e-16  -4.9950837e-16  -9.7779829e-18  4.3843420e-16  7.0120887e-16  1.0000000   -3.3439455e-16  7.1574490e-16  -1.1876275e-16  -4.3916896e-17  2.5765672e-16  6.6574328e-17  2.4057768e-16  2.4403865e-16  -2.9303779e-16  4.0399383e-16  1.8690271e-16  -3.6771725e-16  6.5066100e-16  -2.5616520e-17  3.2705329e-16  -4.5448868e-16  1.2861313e-16  -9.1486737e-17  -2.4398056e-16  1.3178165e-17  -6.0631484e-16  -2.6297443e-17  2.5570385e-16  3.9063644e-16  -6.8954858e-17  4.3445667e-16  -4.9950837e-16  -9.7779829e-18  4.3843420e-16  
1.9743938e-16  -3.3439455e-16  1.0000000   3.8242402e-16  -2.8094017e-16  -4.7068672e-16  -5.6826921e-16  -7.1260007e-16  -2.9039976e-16  -3.6617698e-16  9.1584100e-16  1.0238411e-15  1.0941856e-16  2.6280467e-16  -9.3143743e-16  4.0935773e-17  4.2646411e-16  -2.3042157e-16  -1.9005831e-17  -2.7850629e-16  2.4259340e-16  -5.2054535e-16  -4.7517725e-16  -2.1155140e-16  9.3268008e-17  -3.2765102e-17  -6.7635413e-16  -3.7756344e-16  3.7351093e-16  -3.4888531e-16  4.4598325e-16  1.9743938e-16  -3.3439455e-16  1.0000000   3.8242402e-16  -2.8094017e-16  -4.7068672e-16  -5.6826921e-16  -7.1260007e-16  -2.9039976e-16  -3.6617698e-16  9.1584100e-16  1.0238411e-15  1.0941856e-16  2.6280467e-16  -9.3143743e-16  4.0935773e-17  4.2646411e-16  -2.3042157e-16  -1.9005831e-17  -2.7850629e-16  2.4259340e-16  -5.2054535e-16  -4.7517725e-16  -2.1155140e-16  9.3268008e-17  -3.2765102e-17  -6.7635413e-16  -3.7756344e-16  3.7351093e-16  -3.4888531e-16  4.4598325e-16  
2.3217033e-16  7.1574490e-16  3.8242402e-16  1.0000000   -3.1412671e-16  5.0912708e-16  -2.4700772e-16  3.5451537e-16  -3.5917652e-16  -5.2713481e-16  6.3118858e-16  2.5256417e-16  -3.2524250e-16  3.0225232e-16  5.8567743e-16  -5.9726230e-16  5.2557921e-16  -9.0640049e-16  1.6042309e-17  -7.3948488e-17  -4.5280032e-16  -1.0320656e-16  -1.1927970e-16  5.2677366e-17  3.1456115e-16  -4.4703787e-17  9.5125803e-16  -3.5328993e-16  2.8557860e-16  5.3726797e-17  9.8584115e-16  2.3217033e-16  7.1574490e-16  3.8242402e-16  1.0000000   -3.1412671e-16  5.0912708e-16  -2.4700772e-16  3.5451537e-16  -3.5917652e-16  -5.2713481e-16  6.3118858e-16  2.5256417e-16  -3.2524250e-16  3.0225232e-16  5.8567743e-16  -5.9726230e-16  5.2557921e-16  -9.0640049e-16  1.6042309e-17  -7.3948488e-17  -4.5280032e-16  -1.0320656e-16  -1.1927970e-16  5.2677366e-17  3.1456115e-16  -4.4703787e-17  9.5125803e-16  -3.5328993e-16  2.8557860e-16  5.3726797e-17  9.8584115e-16  
3.3549385e-16  -1.1876275e-16  -2.8094017e-16  -3.1412671e-16  1.0000000   -2.1188715e-16  5.8235693e-16  -6.2918615e-16  3.3934270e-17  5.5195556e-16  4.7816135e-16  -5.5074984e-16  -1.9225103e-17  7.7586678e-16  3.1749517e-16  -9.0711898e-17  7.9247106e-17  -5.4880948e-16  -4.6917405e-16  2.7706753e-16  -6.8142416e-17  3.8665993e-16  6.2157174e-16  8.2318887e-17  2.3539897e-16  6.4982072e-16  -4.9855611e-16  3.7373542e-16  -1.1195573e-15  8.1873038e-17  1.9884123e-17  3.3549385e-16  -1.1876275e-16  -2.8094017e-16  -3.1412671e-16  1.0000000   -2.1188715e-16  5.8235693e-16  -6.2918615e-16  3.3934270e-17  5.5195556e-16  4.7816135e-16  -5.5074984e-16  -1.9225103e-17  7.7586678e-16  3.1749517e-16  -9.0711898e-17  7.9247106e-17  -5.4880948e-16  -4.6917405e-16  2.7706753e-16  -6.8142416e-17  3.8665993e-16  6.2157174e-16  8.2318887e-17  2.3539897e-16  6.4982072e-16  -4.9855611e-16  3.7373542e-16  -1.1195573e-15  8.1873038e-17  1.9884123e-17  
1.5436717e-16  -4.3916896e-17  -4.7068672e-16  5.0912708e-16  -2.1188715e-16  1.0000000   -4.8433991e-16  -6.9467586e-17  -1.2478738e-15  4.2324590e-17  1.1470505e-15  -1.1127303e-16  1.1148992e-16  -2.7370250e-16  -6.3622669e-16  3.3171467e-17  4.5368855e-17  -5.0885309e-16  -6.5267189e-16  7.9879855e-17  -9.3063495e-16  -4.9104111e-16  2.0489903e-16  3.2654006e-16  5.5275170e-16  7.6828310e-17  3.4933126e-16  -3.7599590e-16  5.1736944e-16  -1.8227464e-16  4.7203568e-16  1.5436717e-16  -4.3916896e-17  -4.7068672e-16  5.0912708e-16  -2.1188715e-16  1.0000000   -4.8433991e-16  -6.9467586e-17  -1.2478738e-15  4.2324590e-17  1.1470505e-15  -1.1127303e-16  1.1148992e-16  -2.7370250e-16  -6.3622669e-16  3.3171467e-17  4.5368855e-17  -5.0885309e-16  -6.5267189e-16  7.9879855e-17  -9.3063495e-16  -4.9104111e-16  2.0489903e-16  3.2654006e-16  5.5275170e-16  7.6828310e-17  3.4933126e-16  -3.7599590e-16  5.1736944e-16  -1.8227464e-16  4.7203568e-16  
-1.3537774e-16  2.5765672e-16  -5.6826921e-16  -2.4700772e-16  5.8235693e-16  -4.8433991e-16  1.0000000   -5.0496714e-16  1.1051824e-16  1.5956507e-16  2.9494686e-16  -5.7160140e-16  -2.9475759e-16  -5.0354143e-16  -2.5962552e-19  3.8175788e-16  2.8194323e-16  4.6484802e-16  -1.0136018e-16  1.8784367e-17  8.7097133e-16  -2.7241805e-16  2.1092050e-16  1.2977965e-15  5.0158584e-16  -9.3352833e-16  1.0693649e-16  -3.3801235e-16  2.0811592e-16  -1.1871660e-16  1.1399758e-17  -1.3537774e-16  2.5765672e-16  -5.6826921e-16  -2.4700772e-16  5.8235693e-16  -4.8433991e-16  1.0000000   -5.0496714e-16  1.1051824e-16  1.5956507e-16  2.9494686e-16  -5.7160140e-16  -2.9475759e-16  -5.0354143e-16  -2.5962552e-19  3.8175788e-16  2.8194323e-16  4.6484802e-16  -1.0136018e-16  1.8784367e-17  8.7097133e-16  -2.7241805e-16  2.1092050e-16  1.2977965e-15  5.0158584e-16  -9.3352833e-16  1.0693649e-16  -3.3801235e-16  2.0811592e-16  -1.1871660e-16  1.1399758e-17  
3.4960047e-17  6.6574328e-17  -7.1260007e-16  3.5451537e-16  -6.2918615e-16  -6.9467586e-17  -5.0496714e-16  1.0000000   4.1618734e-16  -5.7140942e-17  -7.8464963e-16  -7.3409616e-17  -3.8263350e-16  7.4890964e-17  -9.8499523e-17  2.4954475e-16  4.6837261e-16  -1.6947056e-16  -3.3587046e-16  -2.2394224e-16  2.2778622e-16  4.1997763e-17  4.5149888e-16  4.3073749e-16  4.4135328e-16  5.9730246e-17  -3.1166713e-16  -9.1671732e-17  -3.9017541e-16  -9.2619558e-16  -7.3285213e-16  3.4960047e-17  6.6574328e-17  -7.1260007e-16  3.5451537e-16  -6.2918615e-16  -6.9467586e-17  -5.0496714e-16  1.0000000   4.1618734e-16  -5.7140942e-17  -7.8464963e-16  -7.3409616e-17  -3.8263350e-16  7.4890964e-17  -9.8499523e-17  2.4954475e-16  4.6837261e-16  -1.6947056e-16  -3.3587046e-16  -2.2394224e-16  2.2778622e-16  4.1997763e-17  4.5149888e-16  4.3073749e-16  4.4135328e-16  5.9730246e-17  -3.1166713e-16  -9.1671732e-17  -3.9017541e-16  -9.2619558e-16  -7.3285213e-16  
2.0223671e-16  2.4057768e-16  -2.9039976e-16  -3.5917652e-16  3.3934270e-17  -1.2478738e-15  1.1051824e-16  4.1618734e-16  1.0000000   -1.8975344e-16  1.5689990e-16  -4.5769185e-16  -1.9804399e-16  -5.8592402e-16  2.4143590e-16  1.2955208e-16  5.2382124e-17  -3.6135207e-16  -6.9696645e-16  -1.6145713e-16  -9.5923458e-16  -4.9561975e-17  -2.6128172e-16  5.3604305e-16  2.3210811e-16  -7.2079791e-16  2.0333583e-16  -1.7572884e-17  3.0041602e-16  -3.6931663e-16  -6.7986010e-16  2.0223671e-16  2.4057768e-16  -2.9039976e-16  -3.5917652e-16  3.3934270e-17  -1.2478738e-15  1.1051824e-16  4.1618734e-16  1.0000000   -1.8975344e-16  1.5689990e-16  -4.5769185e-16  -1.9804399e-16  -5.8592402e-16  2.4143590e-16  1.2955208e-16  5.2382124e-17  -3.6135207e-16  -6.9696645e-16  -1.6145713e-16  -9.5923458e-16  -4.9561975e-17  -2.6128172e-16  5.3604305e-16  2.3210811e-16  -7.2079791e-16  2.0333583e-16  -1.7572884e-17  3.0041602e-16  -3.6931663e-16  -6.7986010e-16  
-3.3512428e-17  2.4403865e-16  -3.6617698e-16  -5.2713481e-16  5.5195556e-16  4.2324590e-17  1.5956507e-16  -5.7140942e-17  -1.8975344e-16  1.0000000   3.1327392e-16  -7.4888731e-18  2.4058516e-16  -6.6014054e-16  4.3869236e-16  -5.7117897e-16  4.6280360e-16  -2.8591254e-16  2.2871955e-16  -7.7291314e-16  -7.3546552e-16  -7.1854599e-18  5.2650722e-16  1.3901174e-16  -5.6899757e-16  3.8731363e-16  -2.7277376e-17  8.3481470e-17  5.0346851e-16  -1.0789898e-16  -5.5811525e-16  -3.3512428e-17  2.4403865e-16  -3.6617698e-16  -5.2713481e-16  5.5195556e-16  4.2324590e-17  1.5956507e-16  -5.7140942e-17  -1.8975344e-16  1.0000000   3.1327392e-16  -7.4888731e-18  2.4058516e-16  -6.6014054e-16  4.3869236e-16  -5.7117897e-16  4.6280360e-16  -2.8591254e-16  2.2871955e-16  -7.7291314e-16  -7.3546552e-16  -7.1854599e-18  5.2650722e-16  1.3901174e-16  -5.6899757e-16  3.8731363e-16  -2.7277376e-17  8.3481470e-17  5.0346851e-16  -1.0789898e-16  -5.5811525e-16  
