1.0000000   7.4088163e-16  1.7447503e-16  -2.8775318e-16  1.5834864e-16  1.7267275e-16  2.0860622e-16  5.1525293e-16  2.8312875e-16  -1.8724358e-16  7.1451962e-17  4.4220596e-17  1.5810376e-16  6.2709354e-16  3.3911080e-16  7.2382167e-16  -3.2490463e-18  -1.4908778e-16  -2.9849375e-16  -2.0177611e-18  2.4316463e-16  -7.0944355e-16  1.7600706e-16  9.1096246e-17  5.3124012e-17  3.5405124e-17  -7.4280515e-17  -2.0042961e-16  6.1394053e-16  1.6290104e-16  -5.6132351e-16  1.0000000   7.4088163e-16  1.7447503e-16  -2.8775318e-16  1.5834864e-16  1.7267275e-16  2.0860622e-16  5.1525293e-16  2.8312875e-16  -1.8724358e-16  7.1451962e-17  4.4220596e-17  1.5810376e-16  6.2709354e-16  3.3911080e-16  7.2382167e-16  -3.2490463e-18  -1.4908778e-16  -2.9849375e-16  -2.0177611e-18  2.4316463e-16  -7.0944355e-16  1.7600706e-16  9.1096246e-17  5.3124012e-17  3.5405124e-17  -7.4280515e-17  -2.0042961e-16  6.1394053e-16  1.6290104e-16  -5.6132351e-16  
7.4088163e-16  1.0000000   1.4809480e-16  -3.3475111e-16  -1.7378081e-16  -2.4102144e-16  2.7783389e-16  2.2515638e-16  -5.1279879e-16  -6.8904279e-16  6.5541772e-16  7.2491336e-16  2.5415312e-16  2.4608138e-16  -6.5415492e-16  1.0853019e-16  -2.5699195e-16  1.2064508e-16  2.0527501e-16  4.5864530e-17  1.4370428e-16  5.2974733e-16  -6.2498661e-16  3.9019664e-16  4.3878053e-16  -1.4149809e-16  5.3010834e-17  5.3679232e-16  2.4776471e-16  2.2827271e-16  -5.3485266e-16  7.4088163e-16  1.0000000   1.4809480e-16  -3.3475111e-16  -1.7378081e-16  -2.4102144e-16  2.7783389e-16  2.2515638e-16  -5.1279879e-16  -6.8904279e-16  6.5541772e-16  7.2491336e-16  2.5415312e-16  2.4608138e-16  -6.5415492e-16  1.0853019e-16  -2.5699195e-16  1.2064508e-16  2.0527501e-16  4.5864530e-17  1.4370428e-16  5.2974733e-16  -6.2498661e-16  3.9019664e-16  4.3878053e-16  -1.4149809e-16  5.3010834e-17  5.3679232e-16  2.4776471e-16  2.2827271e-16  -5.3485266e-16  
1.7447503e-16  1.4809480e-16  1.0000000   -7.8915633e-16  7.0628185e-16  1.0090349e-16  2.1994068e-16  6.9280085e-16  7.8428016e-16  3.9411357e-16  -9.3814213e-16  -2.2537610e-16  1.6392259e-16  -6.6643603e-16  8.6284990e-16  -3.3937587e-16  1.5118105e-16  4.1442881e-16  1.1793611e-15  -5.7564856e-16  3.9338558e-17  1.6951229e-15  -1.0613843e-16  8.0332771e-16  -1.0605645e-16  -3.0033847e-16  -2.5826879e-16  1.9023286e-16  4.8066402e-16  -2.5287078e-16  -2.2149322e-16  1.7447503e-16  1.4809480e-16  1.0000000   -7.8915633e-16  7.0628185e-16  1.0090349e-16  2.1994068e-16  6.9280085e-16  7.8428016e-16  3.9411357e-16  -9.3814213e-16  -2.2537610e-16  1.6392259e-16  -6.6643603e-16  8.6284990e-16  -3.3937587e-16  1.5118105e-16  4.1442881e-16  1.1793611e-15  -5.7564856e-16  3.9338558e-17  1.6951229e-15  -1.0613843e-16  8.0332771e-16  -1.0605645e-16  -3.0033847e-16  -2.5826879e-16  1.9023286e-16  4.8066402e-16  -2.5287078e-16  -2.2149322e-16  
-2.8775318e-16  -3.3475111e-16  -7.8915633e-16  1.0000000   -7.7384932e-16  2.6849146e-16  -9.1570472e-16  -4.3509663e-16  -1.7883534e-16  -1.9770390e-16  9.0613228e-16  -3.3402354e-17  2.6151967e-16  -3.3736107e-16  -1.1153904e-16  1.9732956e-17  3.3254890e-16  5.6010700e-16  -4.9105309e-16  -2.6701982e-16  2.7469205e-16  -1.5010441e-16  -6.6119175e-17  3.3991214e-16  5.2234207e-16  1.2304077e-16  -4.0768735e-16  -1.6845059e-16  -1.4395645e-16  1.0759452e-15  1.7948032e-16  -2.8775318e-16  -3.3475111e-16  -7.8915633e-16  1.0000000   -7.7384932e-16  2.6849146e-16  -9.1570472e-16  -4.3509663e-16  -1.7883534e-16  -1.9770390e-16  9.0613228e-16  -3.3402354e-17  2.6151967e-16  -3.3736107e-16  -1.1153904e-16  1.9732956e-17  3.3254890e-16  5.6010700e-16  -4.9105309e-16  -2.6701982e-16  2.7469205e-16  -1.5010441e-16  -6.6119175e-17  3.3991214e-16  5.2234207e-16  1.2304077e-16  -4.0768735e-16  -1.6845059e-16  -1.4395645e-16  1.0759452e-15  1.7948032e-16  
1.5834864e-16  -1.7378081e-16  7.0628185e-16  -7.7384932e-16  1.0000000   5.6623176e-17  -9.6805692e-16  -5.0571409e-16  8.8133581e-16  7.0504855e-18  -3.0294108e-16  -1.2105009e-15  -1.0953752e-15  -6.7305272e-16  8.0187109e-16  9.3721848e-17  2.4820770e-16  -5.4143170e-17  6.2330626e-16  1.2856174e-17  -4.2387052e-16  -6.9291643e-16  -1.8899960e-16  -2.3233060e-16  3.1326022e-17  3.5378907e-16  -7.7643027e-17  -5.1749020e-16  1.9284704e-16  7.6160577e-16  8.6884128e-16  1.5834864e-16  -1.7378081e-16  7.0628185e-16  -7.7384932e-16  1.0000000   5.6623176e-17  -9.6805692e-16  -5.0571409e-16  8.8133581e-16  7.0504855e-18  -3.0294108e-16  -1.2105009e-15  -1.0953752e-15  -6.7305272e-16  8.0187109e-16  9.3721848e-17  2.4820770e-16  -5.4143170e-17  6.2330626e-16  1.2856174e-17  -4.2387052e-16  -6.9291643e-16  -1.8899960e-16  -2.3233060e-16  3.1326022e-17  3.5378907e-16  -7.7643027e-17  -5.1749020e-16  1.9284704e-16  7.6160577e-16  8.6884128e-16  
1.7267275e-16  -2.4102144e-16  1.0090349e-16  2.6849146e-16  5.6623176e-17  1.0000000   -4.8988062e-16  -3.7636303e-16  -7.3671250e-16  -5.3106935e-16  6.7626992e-16  7.5173753e-16  9.0026017e-17  3.8965910e-16  7.8423920e-16  4.1926285e-17  3.6615490e-16  -7.8066254e-16  -1.9357539e-16  7.1830404e-16  3.8657651e-16  4.7339129e-16  7.4270048e-16  -6.7725524e-16  7.0099616e-16  -4.2659090e-16  -3.6202235e-16  1.0790898e-16  -3.4244431e-16  2.1605868e-16  5.8890376e-16  1.7267275e-16  -2.4102144e-16  1.0090349e-16  2.6849146e-16  5.6623176e-17  1.0000000   -4.8988062e-16  -3.7636303e-16  -7.3671250e-16  -5.3106935e-16  6.7626992e-16  7.5173753e-16  9.0026017e-17  3.8965910e-16  7.8423920e-16  4.1926285e-17  3.6615490e-16  -7.8066254e-16  -1.9357539e-16  7.1830404e-16  3.8657651e-16  4.7339129e-16  7.4270048e-16  -6.7725524e-16  7.0099616e-16  -4.2659090e-16  -3.6202235e-16  1.0790898e-16  -3.4244431e-16  2.1605868e-16  5.8890376e-16  
2.0860622e-16  2.7783389e-16  2.1994068e-16  -9.1570472e-16  -9.6805692e-16  -4.8988062e-16  1.0000000   6.8749138e-16  5.8431722e-16  -1.8573192e-16  -1.0063261e-15  -1.7806514e-16  7.6241305e-16  -5.5441898e-16  6.0008163e-17  7.3933924e-16  -2.1653390e-16  -1.9907360e-16  1.8901441e-16  6.6490166e-16  1.9899968e-16  1.3395143e-16  5.0086778e-16  -2.0158636e-16  -6.4898095e-16  8.5126034e-17  3.6005159e-16  -6.5723938e-16  -1.2455692e-16  -6.6428519e-16  1.3046059e-16  2.0860622e-16  2.7783389e-16  2.1994068e-16  -9.1570472e-16  -9.6805692e-16  -4.8988062e-16  1.0000000   6.8749138e-16  5.8431722e-16  -1.8573192e-16  -1.0063261e-15  -1.7806514e-16  7.6241305e-16  -5.5441898e-16  6.0008163e-17  7.3933924e-16  -2.1653390e-16  -1.9907360e-16  1.8901441e-16  6.6490166e-16  1.9899968e-16  1.3395143e-16  5.0086778e-16  -2.0158636e-16  -6.4898095e-16  8.5126034e-17  3.6005159e-16  -6.5723938e-16  -1.2455692e-16  -6.6428519e-16  1.3046059e-16  
5.1525293e-16  2.2515638e-16  6.9280085e-16  -4.3509663e-16  -5.0571409e-16  -3.7636303e-16  6.8749138e-16  1.0000000   -1.0759311e-15  6.0849050e-16  1.1363133e-15  -1.5134588e-15  3.1070363e-16  3.1595256e-16  5.0028633e-16  8.4952855e-18  2.8424408e-16  -4.8106341e-16  -6.4108111e-16  -8.6329101e-17  -2.5442145e-16  3.8336914e-16  -4.2488233e-16  2.4340628e-17  1.6269376e-16  -9.3006325e-16  -2.2779747e-16  -5.3970455e-16  1.3646444e-16  3.8757792e-16  8.4085071e-17  5.1525293e-16  2.2515638e-16  6.9280085e-16  -4.3509663e-16  -5.0571409e-16  -3.7636303e-16  6.8749138e-16  1.0000000   -1.0759311e-15  6.0849050e-16  1.1363133e-15  -1.5134588e-15  3.1070363e-16  3.1595256e-16  5.0028633e-16  8.4952855e-18  2.8424408e-16  -4.8106341e-16  -6.4108111e-16  -8.6329101e-17  -2.5442145e-16  3.8336914e-16  -4.2488233e-16  2.4340628e-17  1.6269376e-16  -9.3006325e-16  -2.2779747e-16  -5.3970455e-16  1.3646444e-16  3.8757792e-16  8.4085071e-17  
2.8312875e-16  -5.1279879e-16  7.8428016e-16  -1.7883534e-16  8.8133581e-16  -7.3671250e-16  5.8431722e-16  -1.0759311e-15  1.0000000   4.8510638e-16  -6.6361523e-16  -3.4565976e-16  -8.5306666e-16  -1.9111646e-16  7.2831388e-16  3.1881305e-16  2.6091094e-16  -3.5081280e-16  3.3021628e-16  -2.2740041e-16  4.1412100e-16  5.7798289e-16  -4.9480560e-16  -1.6897704e-16  -5.1968750e-16  9.5934702e-16  4.0191645e-16  5.8423573e-17  1.4787498e-17  -4.2289844e-16  -9.8925714e-16  2.8312875e-16  -5.1279879e-16  7.8428016e-16  -1.7883534e-16  8.8133581e-16  -7.3671250e-16  5.8431722e-16  -1.0759311e-15  1.0000000   4.8510638e-16  -6.6361523e-16  -3.4565976e-16  -8.5306666e-16  -1.9111646e-16  7.2831388e-16  3.1881305e-16  2.6091094e-16  -3.5081280e-16  3.3021628e-16  -2.2740041e-16  4.1412100e-16  5.7798289e-16  -4.9480560e-16  -1.6897704e-16  -5.1968750e-16  9.5934702e-16  4.0191645e-16  5.8423573e-17  1.4787498e-17  -4.2289844e-16  -9.8925714e-16  
-1.8724358e-16  -6.8904279e-16  3.9411357e-16  -1.9770390e-16  7.0504855e-18  -5.3106935e-16  -1.8573192e-16  6.0849050e-16  4.8510638e-16  1.0000000   1.9939487e-16  -7.6914200e-16  5.6422957e-16  -2.7217736e-16  -8.2945191e-16  -3.4716778e-16  -1.6285736e-16  1.3247368e-15  -3.2962134e-16  -2.0646096e-16  -6.8038269e-18  -6.8683379e-16  -1.3910042e-15  -7.8871749e-16  -3.9326652e-16  -3.5919666e-16  5.3547453e-16  2.8388256e-17  -6.4572306e-16  1.8822495e-16  -2.3620707e-16  -1.8724358e-16  -6.8904279e-16  3.9411357e-16  -1.9770390e-16  7.0504855e-18  -5.3106935e-16  -1.8573192e-16  6.0849050e-16  4.8510638e-16  1.0000000   1.9939487e-16  -7.6914200e-16  5.6422957e-16  -2.7217736e-16  -8.2945191e-16  -3.4716778e-16  -1.6285736e-16  1.3247368e-15  -3.2962134e-16  -2.0646096e-16  -6.8038269e-18  -6.8683379e-16  -1.3910042e-15  -7.8871749e-16  -3.9326652e-16  -3.5919666e-16  5.3547453e-16  2.8388256e-17  -6.4572306e-16  1.8822495e-16  -2.3620707e-16  
7.1451962e-17  6.5541772e-16  -9.3814213e-16  9.0613228e-16  -3.0294108e-16  6.7626992e-16  -1.0063261e-15  1.1363133e-15  -6.6361523e-16  1.9939487e-16  1.0000000   1.1375441e-15  -1.8280250e-16  7.8475493e-16  -2.6518372e-16  5.4675017e-17  5.1872146e-16  -6.0682320e-16  -3.9954154e-16  -2.2473896e-16  5.8213675e-16  3.2290201e-16  -2.4958888e-16  -3.2275545e-16  -2.1503099e-16  -7.4005608e-16  -3.6775968e-16  -2.8627881e-17  8.4026418e-16  -7.4564406e-17  -6.0009095e-16  7.1451962e-17  6.5541772e-16  -9.3814213e-16  9.0613228e-16  -3.0294108e-16  6.7626992e-16  -1.0063261e-15  1.1363133e-15  -6.6361523e-16  1.9939487e-16  1.0000000   1.1375441e-15  -1.8280250e-16  7.8475493e-16  -2.6518372e-16  5.4675017e-17  5.1872146e-16  -6.0682320e-16  -3.9954154e-16  -2.2473896e-16  5.8213675e-16  3.2290201e-16  -2.4958888e-16  -3.2275545e-16  -2.1503099e-16  -7.4005608e-16  -3.6775968e-16  -2.8627881e-17  8.4026418e-16  -7.4564406e-17  -6.0009095e-16  
4.4220596e-17  7.2491336e-16  -2.2537610e-16  -3.3402354e-17  -1.2105009e-15  7.5173753e-16  -1.7806514e-16  -1.5134588e-15  -3.4565976e-16  -7.6914200e-16  1.1375441e-15  1.0000000   -2.0363055e-16  2.2282364e-16  -6.1997066e-16  1.2448036e-16  6.7437063e-16  2.9388245e-17  -2.0906985e-16  3.7019851e-16  7.5535637e-16  1.1329166e-15  6.9873221e-16  -7.9351776e-16  -1.4261885e-16  3.6878425e-16  9.7256968e-16  1.7715339e-16  6.0919295e-16  -7.6485308e-16  -1.8522227e-16  4.4220596e-17  7.2491336e-16  -2.2537610e-16  -3.3402354e-17  -1.2105009e-15  7.5173753e-16  -1.7806514e-16  -1.5134588e-15  -3.4565976e-16  -7.6914200e-16  1.1375441e-15  1.0000000   -2.0363055e-16  2.2282364e-16  -6.1997066e-16  1.2448036e-16  6.7437063e-16  2.9388245e-17  -2.0906985e-16  3.7019851e-16  7.5535637e-16  1.1329166e-15  6.9873221e-16  -7.9351776e-16  -1.4261885e-16  3.6878425e-16  9.7256968e-16  1.7715339e-16  6.0919295e-16  -7.6485308e-16  -1.8522227e-16  
1.5810376e-16  2.5415312e-16  1.6392259e-16  2.6151967e-16  -1.0953752e-15  9.0026017e-17  7.6241305e-16  3.1070363e-16  -8.5306666e-16  5.6422957e-16  -1.8280250e-16  -2.0363055e-16  1.0000000   6.0091667e-17  -7.6355167e-16  -1.2920594e-16  2.7680797e-16  -7.7896421e-16  -1.9491619e-16  2.8284328e-16  3.6167902e-16  1.7201562e-16  -3.2115934e-16  9.9279029e-16  1.2884481e-16  -4.0583976e-17  -2.7186789e-16  3.0651029e-16  5.1214174e-16  -3.3545277e-16  4.2131842e-16  1.5810376e-16  2.5415312e-16  1.6392259e-16  2.6151967e-16  -1.0953752e-15  9.0026017e-17  7.6241305e-16  3.1070363e-16  -8.5306666e-16  5.6422957e-16  -1.8280250e-16  -2.0363055e-16  1.0000000   6.0091667e-17  -7.6355167e-16  -1.2920594e-16  2.7680797e-16  -7.7896421e-16  -1.9491619e-16  2.8284328e-16  3.6167902e-16  1.7201562e-16  -3.2115934e-16  9.9279029e-16  1.2884481e-16  -4.0583976e-17  -2.7186789e-16  3.0651029e-16  5.1214174e-16  -3.3545277e-16  4.2131842e-16  
6.2709354e-16  2.4608138e-16  -6.6643603e-16  -3.3736107e-16  -6.7305272e-16  3.8965910e-16  -5.5441898e-16  3.1595256e-16  -1.9111646e-16  -2.7217736e-16  7.8475493e-16  2.2282364e-16  6.0091667e-17  1.0000000   -2.6824041e-16  9.7929919e-17  -1.8918885e-16  4.1439514e-16  -3.5534130e-16  -3.0732723e-16  1.4010589e-16  -1.0457485e-16  -1.0521392e-16  1.8765238e-16  2.1476774e-16  -8.9514978e-16  -4.6400319e-16  -2.7496565e-16  3.5624436e-17  2.0970452e-16  -2.4602131e-16  6.2709354e-16  2.4608138e-16  -6.6643603e-16  -3.3736107e-16  -6.7305272e-16  3.8965910e-16  -5.5441898e-16  3.1595256e-16  -1.9111646e-16  -2.7217736e-16  7.8475493e-16  2.2282364e-16  6.0091667e-17  1.0000000   -2.6824041e-16  9.7929919e-17  -1.8918885e-16  4.1439514e-16  -3.5534130e-16  -3.0732723e-16  1.4010589e-16  -1.0457485e-16  -1.0521392e-16  1.8765238e-16  2.1476774e-16  -8.9514978e-16  -4.6400319e-16  -2.7496565e-16  3.5624436e-17  2.0970452e-16  -2.4602131e-16  
3.3911080e-16  -6.5415492e-16  8.6284990e-16  -1.1153904e-16  8.0187109e-16  7.8423920e-16  6.0008163e-17  5.0028633e-16  7.2831388e-16  -8.2945191e-16  -2.6518372e-16  -6.1997066e-16  -7.6355167e-16  -2.6824041e-16  1.0000000   4.3607173e-16  -6.7801808e-17  1.7689595e-17  1.7925213e-16  8.6407327e-16  -9.3601674e-17  2.9718899e-16  -1.2477162e-17  3.8304103e-16  8.5680139e-17  6.9510819e-17  -8.5077284e-17  -6.7048465e-17  -9.5619183e-17  -1.0734106e-15  4.8294273e-16  3.3911080e-16  -6.5415492e-16  8.6284990e-16  -1.1153904e-16  8.0187109e-16  7.8423920e-16  6.0008163e-17  5.0028633e-16  7.2831388e-16  -8.2945191e-16  -2.6518372e-16  -6.1997066e-16  -7.6355167e-16  -2.6824041e-16  1.0000000   4.3607173e-16  -6.7801808e-17  1.7689595e-17  1.7925213e-16  8.6407327e-16  -9.3601674e-17  2.9718899e-16  -1.2477162e-17  3.8304103e-16  8.5680139e-17  6.9510819e-17  -8.5077284e-17  -6.7048465e-17  -9.5619183e-17  -1.0734106e-15  4.8294273e-16  
7.2382167e-16  1.0853019e-16  -3.3937587e-16  1.9732956e-17  9.3721848e-17  4.1926285e-17  7.3933924e-16  8.4952855e-18  3.1881305e-16  -3.4716778e-16  5.4675017e-17  1.2448036e-16  -1.2920594e-16  9.7929919e-17  4.3607173e-16  1.0000000   -2.4034742e-16  1.9449207e-16  8.2071224e-16  -2.9783951e-16  4.5018743e-16  -6.7438130e-16  -2.8391444e-16  -5.3506826e-16  4.6199601e-16  2.5134894e-16  -1.0903684e-16  2.4964351e-17  -4.4839556e-16  -8.4638358e-17  -1.8277436e-16  7.2382167e-16  1.0853019e-16  -3.3937587e-16  1.9732956e-17  9.3721848e-17  4.1926285e-17  7.3933924e-16  8.4952855e-18  3.1881305e-16  -3.4716778e-16  5.4675017e-17  1.2448036e-16  -1.2920594e-16  9.7929919e-17  4.3607173e-16  1.0000000   -2.4034742e-16  1.9449207e-16  8.2071224e-16  -2.9783951e-16  4.5018743e-16  -6.7438130e-16  -2.8391444e-16  -5.3506826e-16  4.6199601e-16  2.5134894e-16  -1.0903684e-16  2.4964351e-17  -4.4839556e-16  -8.4638358e-17  -1.8277436e-16  
-3.2490463e-18  -2.5699195e-16  1.5118105e-16  3.3254890e-16  2.4820770e-16  3.6615490e-16  -2.1653390e-16  2.8424408e-16  2.6091094e-16  -1.6285736e-16  5.1872146e-16  6.7437063e-16  2.7680797e-16  -1.8918885e-16  -6.7801808e-17  -2.4034742e-16  1.0000000   -3.6693055e-16  -3.7790675e-16  1.7767057e-16  -1.6341449e-16  -4.9455324e-16  -8.1614664e-16  -4.6408546e-16  4.5145694e-16  1.0938047e-16  7.1614353e-17  -1.4017556e-16  -4.0654466e-16  1.8074198e-16  -3.3750027e-16  -3.2490463e-18  -2.5699195e-16  1.5118105e-16  3.3254890e-16  2.4820770e-16  3.6615490e-16  -2.1653390e-16  2.8424408e-16  2.6091094e-16  -1.6285736e-16  5.1872146e-16  6.7437063e-16  2.7680797e-16  -1.8918885e-16  -6.7801808e-17  -2.4034742e-16  1.0000000   -3.6693055e-16  -3.7790675e-16  1.7767057e-16  -1.6341449e-16  -4.9455324e-16  -8.1614664e-16  -4.6408546e-16  4.5145694e-16  1.0938047e-16  7.1614353e-17  -1.4017556e-16  -4.0654466e-16  1.8074198e-16  -3.3750027e-16  
-1.4908778e-16  1.2064508e-16  4.1442881e-16  5.6010700e-16  -5.4143170e-17  -7.8066254e-16  -1.9907360e-16  -4.8106341e-16  -3.5081280e-16  1.3247368e-15  -6.0682320e-16  2.9388245e-17  -7.7896421e-16  4.1439514e-16  1.7689595e-17  1.9449207e-16  -3.6693055e-16  1.0000000   2.1245164e-16  6.5004176e-16  -3.6245715e-16  4.4421940e-16  -3.0658409e-16  3.0803448e-16  9.1724840e-16  5.5876153e-17  -2.7950663e-16  -8.6344442e-17  -4.0674863e-16  -2.7917793e-16  1.7317381e-16  -1.4908778e-16  1.2064508e-16  4.1442881e-16  5.6010700e-16  -5.4143170e-17  -7.8066254e-16  -1.9907360e-16  -4.8106341e-16  -3.5081280e-16  1.3247368e-15  -6.0682320e-16  2.9388245e-17  -7.7896421e-16  4.1439514e-16  1.7689595e-17  1.9449207e-16  -3.6693055e-16  1.0000000   2.1245164e-16  6.5004176e-16  -3.6245715e-16  4.4421940e-16  -3.0658409e-16  3.0803448e-16  9.1724840e-16  5.5876153e-17  -2.7950663e-16  -8.6344442e-17  -4.0674863e-16  -2.7917793e-16  1.7317381e-16  
-2.9849375e-16  2.0527501e-16  1.1793611e-15  -4.9105309e-16  6.2330626e-16  -1.9357539e-16  1.8901441e-16  -6.4108111e-16  3.3021628e-16  -3.2962134e-16  -3.9954154e-16  -2.0906985e-16  -1.9491619e-16  -3.5534130e-16  1.7925213e-16  8.2071224e-16  -3.7790675e-16  2.1245164e-16  1.0000000   -8.9284156e-16  7.4047347e-16  -1.5028151e-16  9.9143153e-17  -6.6111517e-17  3.7124991e-16  -2.5755016e-17  -1.1426793e-16  -5.2768993e-16  2.6746830e-17  -3.3073902e-16  -7.1957348e-16  -2.9849375e-16  2.0527501e-16  1.1793611e-15  -4.9105309e-16  6.2330626e-16  -1.9357539e-16  1.8901441e-16  -6.4108111e-16  3.3021628e-16  -3.2962134e-16  -3.9954154e-16  -2.0906985e-16  -1.9491619e-16  -3.5534130e-16  1.7925213e-16  8.2071224e-16  -3.7790675e-16  2.1245164e-16  1.0000000   -8.9284156e-16  7.4047347e-16  -1.5028151e-16  9.9143153e-17  -6.6111517e-17  3.7124991e-16  -2.5755016e-17  -1.1426793e-16  -5.2768993e-16  2.6746830e-17  -3.3073902e-16  -7.1957348e-16  
-2.0177611e-18  4.5864530e-17  -5.7564856e-16  -2.6701982e-16  1.2856174e-17  7.1830404e-16  6.6490166e-16  -8.6329101e-17  -2.2740041e-16  -2.0646096e-16  -2.2473896e-16  3.7019851e-16  2.8284328e-16  -3.0732723e-16  8.6407327e-16  -2.9783951e-16  1.7767057e-16  6.5004176e-16  -8.9284156e-16  1.0000000   -4.2110155e-16  -6.1772416e-16  -2.7667885e-16  -7.9671874e-17  1.9569480e-16  -7.6622663e-17  4.8381221e-16  1.0885855e-15  -6.1730665e-16  -1.1901850e-15  2.4592210e-16  -2.0177611e-18  4.5864530e-17  -5.7564856e-16  -2.6701982e-16  1.2856174e-17  7.1830404e-16  6.6490166e-16  -8.6329101e-17  -2.2740041e-16  -2.0646096e-16  -2.2473896e-16  3.7019851e-16  2.8284328e-16  -3.0732723e-16  8.6407327e-16  -2.9783951e-16  1.7767057e-16  6.5004176e-16  -8.9284156e-16  1.0000000   -4.2110155e-16  -6.1772416e-16  -2.7667885e-16  -7.9671874e-17  1.9569480e-16  -7.6622663e-17  4.8381221e-16  1.0885855e-15  -6.1730665e-16  -1.1901850e-15  2.4592210e-16  
2.4316463e-16  1.4370428e-16  3.9338558e-17  2.7469205e-16  -4.2387052e-16  3.8657651e-16  1.9899968e-16  -2.5442145e-16  4.1412100e-16  -6.8038269e-18  5.8213675e-16  7.5535637e-16  3.6167902e-16  1.4010589e-16  -9.3601674e-17  4.5018743e-16  -1.6341449e-16  -3.6245715e-16  7.4047347e-16  -4.2110155e-16  1.0000000   9.2066051e-17  3.8886336e-16  1.3980817e-16  -2.2116308e-16  2.3616664e-16  -6.3507172e-16  -1.2766249e-16  1.6804340e-16  -1.3302358e-16  -6.7547641e-17  2.4316463e-16  1.4370428e-16  3.9338558e-17  2.7469205e-16  -4.2387052e-16  3.8657651e-16  1.9899968e-16  -2.5442145e-16  4.1412100e-16  -6.8038269e-18  5.8213675e-16  7.5535637e-16  3.6167902e-16  1.4010589e-16  -9.3601674e-17  4.5018743e-16  -1.6341449e-16  -3.6245715e-16  7.4047347e-16  -4.2110155e-16  1.0000000   9.2066051e-17  3.8886336e-16  1.3980817e-16  -2.2116308e-16  2.3616664e-16  -6.3507172e-16  -1.2766249e-16  1.6804340e-16  -1.3302358e-16  -6.7547641e-17  
-7.0944355e-16  5.2974733e-16  1.6951229e-15  -1.5010441e-16  -6.9291643e-16  4.7339129e-16  1.3395143e-16  3.8336914e-16  5.7798289e-16  -6.8683379e-16  3.2290201e-16  1.1329166e-15  1.7201562e-16  -1.0457485e-16  2.9718899e-16  -6.7438130e-16  -4.9455324e-16  4.4421940e-16  -1.5028151e-16  -6.1772416e-16  9.2066051e-17  1.0000000   6.9173376e-17  -5.6799773e-17  -5.4757646e-16  -1.1947222e-16  1.2785243e-16  8.0885052e-16  4.4083744e-16  -1.6155488e-16  4.5597548e-16  -7.0944355e-16  5.2974733e-16  1.6951229e-15  -1.5010441e-16  -6.9291643e-16  4.7339129e-16  1.3395143e-16  3.8336914e-16  5.7798289e-16  -6.8683379e-16  3.2290201e-16  1.1329166e-15  1.7201562e-16  -1.0457485e-16  2.9718899e-16  -6.7438130e-16  -4.9455324e-16  4.4421940e-16  -1.5028151e-16  -6.1772416e-16  9.2066051e-17  1.0000000   6.9173376e-17  -5.6799773e-17  -5.4757646e-16  -1.1947222e-16  1.2785243e-16  8.0885052e-16  4.4083744e-16  -1.6155488e-16  4.5597548e-16  
1.7600706e-16  -6.2498661e-16  -1.0613843e-16  -6.6119175e-17  -1.8899960e-16  7.4270048e-16  5.0086778e-16  -4.2488233e-16  -4.9480560e-16  -1.3910042e-15  -2.4958888e-16  6.9873221e-16  -3.2115934e-16  -1.0521392e-16  -1.2477162e-17  -2.8391444e-16  -8.1614664e-16  -3.0658409e-16  9.9143153e-17  -2.7667885e-16  3.8886336e-16  6.9173376e-17  1.0000000   -8.9284126e-17  -2.9972109e-16  3.6101779e-16  2.8573146e-17  7.2541605e-17  1.6981312e-17  -2.9700014e-16  -1.9377529e-17  1.7600706e-16  -6.2498661e-16  -1.0613843e-16  -6.6119175e-17  -1.8899960e-16  7.4270048e-16  5.0086778e-16  -4.2488233e-16  -4.9480560e-16  -1.3910042e-15  -2.4958888e-16  6.9873221e-16  -3.2115934e-16  -1.0521392e-16  -1.2477162e-17  -2.8391444e-16  -8.1614664e-16  -3.0658409e-16  9.9143153e-17  -2.7667885e-16  3.8886336e-16  6.9173376e-17  1.0000000   -8.9284126e-17  -2.9972109e-16  3.6101779e-16  2.8573146e-17  7.2541605e-17  1.6981312e-17  -2.9700014e-16  -1.9377529e-17  
9.1096246e-17  3.9019664e-16  8.0332771e-16  3.3991214e-16  -2.3233060e-16  -6.7725524e-16  -2.0158636e-16  2.4340628e-17  -1.6897704e-16  -7.8871749e-16  -3.2275545e-16  -7.9351776e-16  9.9279029e-16  1.8765238e-16  3.8304103e-16  -5.3506826e-16  -4.6408546e-16  3.0803448e-16  -6.6111517e-17  -7.9671874e-17  1.3980817e-16  -5.6799773e-17  -8.9284126e-17  1.0000000   -3.2356042e-16  -4.9585878e-16  -1.1668544e-16  -2.0919734e-16  -5.8062114e-16  8.0059198e-16  -1.0841605e-17  9.1096246e-17  3.9019664e-16  8.0332771e-16  3.3991214e-16  -2.3233060e-16  -6.7725524e-16  -2.0158636e-16  2.4340628e-17  -1.6897704e-16  -7.8871749e-16  -3.2275545e-16  -7.9351776e-16  9.9279029e-16  1.8765238e-16  3.8304103e-16  -5.3506826e-16  -4.6408546e-16  3.0803448e-16  -6.6111517e-17  -7.9671874e-17  1.3980817e-16  -5.6799773e-17  -8.9284126e-17  1.0000000   -3.2356042e-16  -4.9585878e-16  -1.1668544e-16  -2.0919734e-16  -5.8062114e-16  8.0059198e-16  -1.0841605e-17  
5.3124012e-17  4.3878053e-16  -1.0605645e-16  5.2234207e-16  3.1326022e-17  7.0099616e-16  -6.4898095e-16  1.6269376e-16  -5.1968750e-16  -3.9326652e-16  -2.1503099e-16  -1.4261885e-16  1.2884481e-16  2.1476774e-16  8.5680139e-17  4.6199601e-16  4.5145694e-16  9.1724840e-16  3.7124991e-16  1.9569480e-16  -2.2116308e-16  -5.4757646e-16  -2.9972109e-16  -3.2356042e-16  1.0000000   -3.8793158e-16  8.0463147e-17  1.9289238e-16  1.7309184e-16  9.6667718e-17  -2.2792899e-16  5.3124012e-17  4.3878053e-16  -1.0605645e-16  5.2234207e-16  3.1326022e-17  7.0099616e-16  -6.4898095e-16  1.6269376e-16  -5.1968750e-16  -3.9326652e-16  -2.1503099e-16  -1.4261885e-16  1.2884481e-16  2.1476774e-16  8.5680139e-17  4.6199601e-16  4.5145694e-16  9.1724840e-16  3.7124991e-16  1.9569480e-16  -2.2116308e-16  -5.4757646e-16  -2.9972109e-16  -3.2356042e-16  1.0000000   -3.8793158e-16  8.0463147e-17  1.9289238e-16  1.7309184e-16  9.6667718e-17  -2.2792899e-16  
3.5405124e-17  -1.4149809e-16  -3.0033847e-16  1.2304077e-16  3.5378907e-16  -4.2659090e-16  8.5126034e-17  -9.3006325e-16  9.5934702e-16  -3.5919666e-16  -7.4005608e-16  3.6878425e-16  -4.0583976e-17  -8.9514978e-16  6.9510819e-17  2.5134894e-16  1.0938047e-16  5.5876153e-17  -2.5755016e-17  -7.6622663e-17  2.3616664e-16  -1.1947222e-16  3.6101779e-16  -4.9585878e-16  -3.8793158e-16  1.0000000   5.4430553e-16  1.2010590e-16  5.2669291e-16  2.0853885e-18  1.6777567e-16  3.5405124e-17  -1.4149809e-16  -3.0033847e-16  1.2304077e-16  3.5378907e-16  -4.2659090e-16  8.5126034e-17  -9.3006325e-16  9.5934702e-16  -3.5919666e-16  -7.4005608e-16  3.6878425e-16  -4.0583976e-17  -8.9514978e-16  6.9510819e-17  2.5134894e-16  1.0938047e-16  5.5876153e-17  -2.5755016e-17  -7.6622663e-17  2.3616664e-16  -1.1947222e-16  3.6101779e-16  -4.9585878e-16  -3.8793158e-16  1.0000000   5.4430553e-16  1.2010590e-16  5.2669291e-16  2.0853885e-18  1.6777567e-16  
-7.4280515e-17  5.3010834e-17  -2.5826879e-16  -4.0768735e-16  -7.7643027e-17  -3.6202235e-16  3.6005159e-16  -2.2779747e-16  4.0191645e-16  5.3547453e-16  -3.6775968e-16  9.7256968e-16  -2.7186789e-16  -4.6400319e-16  -8.5077284e-17  -1.0903684e-16  7.1614353e-17  -2.7950663e-16  -1.1426793e-16  4.8381221e-16  -6.3507172e-16  1.2785243e-16  2.8573146e-17  -1.1668544e-16  8.0463147e-17  5.4430553e-16  1.0000000   -3.7348260e-16  1.6142490e-16  -1.8258180e-16  -1.4063121e-16  -7.4280515e-17  5.3010834e-17  -2.5826879e-16  -4.0768735e-16  -7.7643027e-17  -3.6202235e-16  3.6005159e-16  -2.2779747e-16  4.0191645e-16  5.3547453e-16  -3.6775968e-16  9.7256968e-16  -2.7186789e-16  -4.6400319e-16  -8.5077284e-17  -1.0903684e-16  7.1614353e-17  -2.7950663e-16  -1.1426793e-16  4.8381221e-16  -6.3507172e-16  1.2785243e-16  2.8573146e-17  -1.1668544e-16  8.0463147e-17  5.4430553e-16  1.0000000   -3.7348260e-16  1.6142490e-16  -1.8258180e-16  -1.4063121e-16  
-2.0042961e-16  5.3679232e-16  1.9023286e-16  -1.6845059e-16  -5.1749020e-16  1.0790898e-16  -6.5723938e-16  -5.3970455e-16  5.8423573e-17  2.8388256e-17  -2.8627881e-17  1.7715339e-16  3.0651029e-16  -2.7496565e-16  -6.7048465e-17  2.4964351e-17  -1.4017556e-16  -8.6344442e-17  -5.2768993e-16  1.0885855e-15  -1.2766249e-16  8.0885052e-16  7.2541605e-17  -2.0919734e-16  1.9289238e-16  1.2010590e-16  -3.7348260e-16  1.0000000   -2.1116936e-16  -7.6799233e-17  -4.5255103e-16  -2.0042961e-16  5.3679232e-16  1.9023286e-16  -1.6845059e-16  -5.1749020e-16  1.0790898e-16  -6.5723938e-16  -5.3970455e-16  5.8423573e-17  2.8388256e-17  -2.8627881e-17  1.7715339e-16  3.0651029e-16  -2.7496565e-16  -6.7048465e-17  2.4964351e-17  -1.4017556e-16  -8.6344442e-17  -5.2768993e-16  1.0885855e-15  -1.2766249e-16  8.0885052e-16  7.2541605e-17  -2.0919734e-16  1.9289238e-16  1.2010590e-16  -3.7348260e-16  1.0000000   -2.1116936e-16  -7.6799233e-17  -4.5255103e-16  
6.1394053e-16  2.4776471e-16  4.8066402e-16  -1.4395645e-16  1.9284704e-16  -3.4244431e-16  -1.2455692e-16  1.3646444e-16  1.4787498e-17  -6.4572306e-16  8.4026418e-16  6.0919295e-16  5.1214174e-16  3.5624436e-17  -9.5619183e-17  -4.4839556e-16  -4.0654466e-16  -4.0674863e-16  2.6746830e-17  -6.1730665e-16  1.6804340e-16  4.4083744e-16  1.6981312e-17  -5.8062114e-16  1.7309184e-16  5.2669291e-16  1.6142490e-16  -2.1116936e-16  1.0000000   1.2095773e-15  2.1718569e-16  6.1394053e-16  2.4776471e-16  4.8066402e-16  -1.4395645e-16  1.9284704e-16  -3.4244431e-16  -1.2455692e-16  1.3646444e-16  1.4787498e-17  -6.4572306e-16  8.4026418e-16  6.0919295e-16  5.1214174e-16  3.5624436e-17  -9.5619183e-17  -4.4839556e-16  -4.0654466e-16  -4.0674863e-16  2.6746830e-17  -6.1730665e-16  1.6804340e-16  4.4083744e-16  1.6981312e-17  -5.8062114e-16  1.7309184e-16  5.2669291e-16  1.6142490e-16  -2.1116936e-16  1.0000000   1.2095773e-15  2.1718569e-16  
1.6290104e-16  2.2827271e-16  -2.5287078e-16  1.0759452e-15  7.6160577e-16  2.1605868e-16  -6.6428519e-16  3.8757792e-16  -4.2289844e-16  1.8822495e-16  -7.4564406e-17  -7.6485308e-16  -3.3545277e-16  2.0970452e-16  -1.0734106e-15  -8.4638358e-17  1.8074198e-16  -2.7917793e-16  -3.3073902e-16  -1.1901850e-15  -1.3302358e-16  -1.6155488e-16  -2.9700014e-16  8.0059198e-16  9.6667718e-17  2.0853885e-18  -1.8258180e-16  -7.6799233e-17  1.2095773e-15  1.0000000   -1.8941616e-16  1.6290104e-16  2.2827271e-16  -2.5287078e-16  1.0759452e-15  7.6160577e-16  2.1605868e-16  -6.6428519e-16  3.8757792e-16  -4.2289844e-16  1.8822495e-16  -7.4564406e-17  -7.6485308e-16  -3.3545277e-16  2.0970452e-16  -1.0734106e-15  -8.4638358e-17  1.8074198e-16  -2.7917793e-16  -3.3073902e-16  -1.1901850e-15  -1.3302358e-16  -1.6155488e-16  -2.9700014e-16  8.0059198e-16  9.6667718e-17  2.0853885e-18  -1.8258180e-16  -7.6799233e-17  1.2095773e-15  1.0000000   -1.8941616e-16  
-5.6132351e-16  -5.3485266e-16  -2.2149322e-16  1.7948032e-16  8.6884128e-16  5.8890376e-16  1.3046059e-16  8.4085071e-17  -9.8925714e-16  -2.3620707e-16  -6.0009095e-16  -1.8522227e-16  4.2131842e-16  -2.4602131e-16  4.8294273e-16  -1.8277436e-16  -3.3750027e-16  1.7317381e-16  -7.1957348e-16  2.4592210e-16  -6.7547641e-17  4.5597548e-16  -1.9377529e-17  -1.0841605e-17  -2.2792899e-16  1.6777567e-16  -1.4063121e-16  -4.5255103e-16  2.1718569e-16  -1.8941616e-16  1.0000000   -5.6132351e-16  -5.3485266e-16  -2.2149322e-16  1.7948032e-16  8.6884128e-16  5.8890376e-16  1.3046059e-16  8.4085071e-17  -9.8925714e-16  -2.3620707e-16  -6.0009095e-16  -1.8522227e-16  4.2131842e-16  -2.4602131e-16  4.8294273e-16  -1.8277436e-16  -3.3750027e-16  1.7317381e-16  -7.1957348e-16  2.4592210e-16  -6.7547641e-17  4.5597548e-16  -1.9377529e-17  -1.0841605e-17  -2.2792899e-16  1.6777567e-16  -1.4063121e-16  -4.5255103e-16  2.1718569e-16  -1.8941616e-16  1.0000000   
1.0000000   7.4088163e-16  1.7447503e-16  -2.8775318e-16  1.5834864e-16  1.7267275e-16  2.0860622e-16  5.1525293e-16  2.8312875e-16  -1.8724358e-16  7.1451962e-17  4.4220596e-17  1.5810376e-16  6.2709354e-16  3.3911080e-16  7.2382167e-16  -3.2490463e-18  -1.4908778e-16  -2.9849375e-16  -2.0177611e-18  2.4316463e-16  -7.0944355e-16  1.7600706e-16  9.1096246e-17  5.3124012e-17  3.5405124e-17  -7.4280515e-17  -2.0042961e-16  6.1394053e-16  1.6290104e-16  -5.6132351e-16  1.0000000   7.4088163e-16  1.7447503e-16  -2.8775318e-16  1.5834864e-16  1.7267275e-16  2.0860622e-16  5.1525293e-16  2.8312875e-16  -1.8724358e-16  7.1451962e-17  4.4220596e-17  1.5810376e-16  6.2709354e-16  3.3911080e-16  7.2382167e-16  -3.2490463e-18  -1.4908778e-16  -2.9849375e-16  -2.0177611e-18  2.4316463e-16  -7.0944355e-16  1.7600706e-16  9.1096246e-17  5.3124012e-17  3.5405124e-17  -7.4280515e-17  -2.0042961e-16  6.1394053e-16  1.6290104e-16  -5.6132351e-16  
7.4088163e-16  1.0000000   1.4809480e-16  -3.3475111e-16  -1.7378081e-16  -2.4102144e-16  2.7783389e-16  2.2515638e-16  -5.1279879e-16  -6.8904279e-16  6.5541772e-16  7.2491336e-16  2.5415312e-16  2.4608138e-16  -6.5415492e-16  1.0853019e-16  -2.5699195e-16  1.2064508e-16  2.0527501e-16  4.5864530e-17  1.4370428e-16  5.2974733e-16  -6.2498661e-16  3.9019664e-16  4.3878053e-16  -1.4149809e-16  5.3010834e-17  5.3679232e-16  2.4776471e-16  2.2827271e-16  -5.3485266e-16  7.4088163e-16  1.0000000   1.4809480e-16  -3.3475111e-16  -1.7378081e-16  -2.4102144e-16  2.7783389e-16  2.2515638e-16  -5.1279879e-16  -6.8904279e-16  6.5541772e-16  7.2491336e-16  2.5415312e-16  2.4608138e-16  -6.5415492e-16  1.0853019e-16  -2.5699195e-16  1.2064508e-16  2.0527501e-16  4.5864530e-17  1.4370428e-16  5.2974733e-16  -6.2498661e-16  3.9019664e-16  4.3878053e-16  -1.4149809e-16  5.3010834e-17  5.3679232e-16  2.4776471e-16  2.2827271e-16  -5.3485266e-16  
1.7447503e-16  1.4809480e-16  1.0000000   -7.8915633e-16  7.0628185e-16  1.0090349e-16  2.1994068e-16  6.9280085e-16  7.8428016e-16  3.9411357e-16  -9.3814213e-16  -2.2537610e-16  1.6392259e-16  -6.6643603e-16  8.6284990e-16  -3.3937587e-16  1.5118105e-16  4.1442881e-16  1.1793611e-15  -5.7564856e-16  3.9338558e-17  1.6951229e-15  -1.0613843e-16  8.0332771e-16  -1.0605645e-16  -3.0033847e-16  -2.5826879e-16  1.9023286e-16  4.8066402e-16  -2.5287078e-16  -2.2149322e-16  1.7447503e-16  1.4809480e-16  1.0000000   -7.8915633e-16  7.0628185e-16  1.0090349e-16  2.1994068e-16  6.9280085e-16  7.8428016e-16  3.9411357e-16  -9.3814213e-16  -2.2537610e-16  1.6392259e-16  -6.6643603e-16  8.6284990e-16  -3.3937587e-16  1.5118105e-16  4.1442881e-16  1.1793611e-15  -5.7564856e-16  3.9338558e-17  1.6951229e-15  -1.0613843e-16  8.0332771e-16  -1.0605645e-16  -3.0033847e-16  -2.5826879e-16  1.9023286e-16  4.8066402e-16  -2.5287078e-16  -2.2149322e-16  
-2.8775318e-16  -3.3475111e-16  -7.8915633e-16  1.0000000   -7.7384932e-16  2.6849146e-16  -9.1570472e-16  -4.3509663e-16  -1.7883534e-16  -1.9770390e-16  9.0613228e-16  -3.3402354e-17  2.6151967e-16  -3.3736107e-16  -1.1153904e-16  1.9732956e-17  3.3254890e-16  5.6010700e-16  -4.9105309e-16  -2.6701982e-16  2.7469205e-16  -1.5010441e-16  -6.6119175e-17  3.3991214e-16  5.2234207e-16  1.2304077e-16  -4.0768735e-16  -1.6845059e-16  -1.4395645e-16  1.0759452e-15  1.7948032e-16  -2.8775318e-16  -3.3475111e-16  -7.8915633e-16  1.0000000   -7.7384932e-16  2.6849146e-16  -9.1570472e-16  -4.3509663e-16  -1.7883534e-16  -1.9770390e-16  9.0613228e-16  -3.3402354e-17  2.6151967e-16  -3.3736107e-16  -1.1153904e-16  1.9732956e-17  3.3254890e-16  5.6010700e-16  -4.9105309e-16  -2.6701982e-16  2.7469205e-16  -1.5010441e-16  -6.6119175e-17  3.3991214e-16  5.2234207e-16  1.2304077e-16  -4.0768735e-16  -1.6845059e-16  -1.4395645e-16  1.0759452e-15  1.7948032e-16  
1.5834864e-16  -1.7378081e-16  7.0628185e-16  -7.7384932e-16  1.0000000   5.6623176e-17  -9.6805692e-16  -5.0571409e-16  8.8133581e-16  7.0504855e-18  -3.0294108e-16  -1.2105009e-15  -1.0953752e-15  -6.7305272e-16  8.0187109e-16  9.3721848e-17  2.4820770e-16  -5.4143170e-17  6.2330626e-16  1.2856174e-17  -4.2387052e-16  -6.9291643e-16  -1.8899960e-16  -2.3233060e-16  3.1326022e-17  3.5378907e-16  -7.7643027e-17  -5.1749020e-16  1.9284704e-16  7.6160577e-16  8.6884128e-16  1.5834864e-16  -1.7378081e-16  7.0628185e-16  -7.7384932e-16  1.0000000   5.6623176e-17  -9.6805692e-16  -5.0571409e-16  8.8133581e-16  7.0504855e-18  -3.0294108e-16  -1.2105009e-15  -1.0953752e-15  -6.7305272e-16  8.0187109e-16  9.3721848e-17  2.4820770e-16  -5.4143170e-17  6.2330626e-16  1.2856174e-17  -4.2387052e-16  -6.9291643e-16  -1.8899960e-16  -2.3233060e-16  3.1326022e-17  3.5378907e-16  -7.7643027e-17  -5.1749020e-16  1.9284704e-16  7.6160577e-16  8.6884128e-16  
1.7267275e-16  -2.4102144e-16  1.0090349e-16  2.6849146e-16  5.6623176e-17  1.0000000   -4.8988062e-16  -3.7636303e-16  -7.3671250e-16  -5.3106935e-16  6.7626992e-16  7.5173753e-16  9.0026017e-17  3.8965910e-16  7.8423920e-16  4.1926285e-17  3.6615490e-16  -7.8066254e-16  -1.9357539e-16  7.1830404e-16  3.8657651e-16  4.7339129e-16  7.4270048e-16  -6.7725524e-16  7.0099616e-16  -4.2659090e-16  -3.6202235e-16  1.0790898e-16  -3.4244431e-16  2.1605868e-16  5.8890376e-16  1.7267275e-16  -2.4102144e-16  1.0090349e-16  2.6849146e-16  5.6623176e-17  1.0000000   -4.8988062e-16  -3.7636303e-16  -7.3671250e-16  -5.3106935e-16  6.7626992e-16  7.5173753e-16  9.0026017e-17  3.8965910e-16  7.8423920e-16  4.1926285e-17  3.6615490e-16  -7.8066254e-16  -1.9357539e-16  7.1830404e-16  3.8657651e-16  4.7339129e-16  7.4270048e-16  -6.7725524e-16  7.0099616e-16  -4.2659090e-16  -3.6202235e-16  1.0790898e-16  -3.4244431e-16  2.1605868e-16  5.8890376e-16  
2.0860622e-16  2.7783389e-16  2.1994068e-16  -9.1570472e-16  -9.6805692e-16  -4.8988062e-16  1.0000000   6.8749138e-16  5.8431722e-16  -1.8573192e-16  -1.0063261e-15  -1.7806514e-16  7.6241305e-16  -5.5441898e-16  6.0008163e-17  7.3933924e-16  -2.1653390e-16  -1.9907360e-16  1.8901441e-16  6.6490166e-16  1.9899968e-16  1.3395143e-16  5.0086778e-16  -2.0158636e-16  -6.4898095e-16  8.5126034e-17  3.6005159e-16  -6.5723938e-16  -1.2455692e-16  -6.6428519e-16  1.3046059e-16  2.0860622e-16  2.7783389e-16  2.1994068e-16  -9.1570472e-16  -9.6805692e-16  -4.8988062e-16  1.0000000   6.8749138e-16  5.8431722e-16  -1.8573192e-16  -1.0063261e-15  -1.7806514e-16  7.6241305e-16  -5.5441898e-16  6.0008163e-17  7.3933924e-16  -2.1653390e-16  -1.9907360e-16  1.8901441e-16  6.6490166e-16  1.9899968e-16  1.3395143e-16  5.0086778e-16  -2.0158636e-16  -6.4898095e-16  8.5126034e-17  3.6005159e-16  -6.5723938e-16  -1.2455692e-16  -6.6428519e-16  1.3046059e-16  
5.1525293e-16  2.2515638e-16  6.9280085e-16  -4.3509663e-16  -5.0571409e-16  -3.7636303e-16  6.8749138e-16  1.0000000   -1.0759311e-15  6.0849050e-16  1.1363133e-15  -1.5134588e-15  3.1070363e-16  3.1595256e-16  5.0028633e-16  8.4952855e-18  2.8424408e-16  -4.8106341e-16  -6.4108111e-16  -8.6329101e-17  -2.5442145e-16  3.8336914e-16  -4.2488233e-16  2.4340628e-17  1.6269376e-16  -9.3006325e-16  -2.2779747e-16  -5.3970455e-16  1.3646444e-16  3.8757792e-16  8.4085071e-17  5.1525293e-16  2.2515638e-16  6.9280085e-16  -4.3509663e-16  -5.0571409e-16  -3.7636303e-16  6.8749138e-16  1.0000000   -1.0759311e-15  6.0849050e-16  1.1363133e-15  -1.5134588e-15  3.1070363e-16  3.1595256e-16  5.0028633e-16  8.4952855e-18  2.8424408e-16  -4.8106341e-16  -6.4108111e-16  -8.6329101e-17  -2.5442145e-16  3.8336914e-16  -4.2488233e-16  2.4340628e-17  1.6269376e-16  -9.3006325e-16  -2.2779747e-16  -5.3970455e-16  1.3646444e-16  3.8757792e-16  8.4085071e-17  
2.8312875e-16  -5.1279879e-16  7.8428016e-16  -1.7883534e-16  8.8133581e-16  -7.3671250e-16  5.8431722e-16  -1.0759311e-15  1.0000000   4.8510638e-16  -6.6361523e-16  -3.4565976e-16  -8.5306666e-16  -1.9111646e-16  7.2831388e-16  3.1881305e-16  2.6091094e-16  -3.5081280e-16  3.3021628e-16  -2.2740041e-16  4.1412100e-16  5.7798289e-16  -4.9480560e-16  -1.6897704e-16  -5.1968750e-16  9.5934702e-16  4.0191645e-16  5.8423573e-17  1.4787498e-17  -4.2289844e-16  -9.8925714e-16  2.8312875e-16  -5.1279879e-16  7.8428016e-16  -1.7883534e-16  8.8133581e-16  -7.3671250e-16  5.8431722e-16  -1.0759311e-15  1.0000000   4.8510638e-16  -6.6361523e-16  -3.4565976e-16  -8.5306666e-16  -1.9111646e-16  7.2831388e-16  3.1881305e-16  2.6091094e-16  -3.5081280e-16  3.3021628e-16  -2.2740041e-16  4.1412100e-16  5.7798289e-16  -4.9480560e-16  -1.6897704e-16  -5.1968750e-16  9.5934702e-16  4.0191645e-16  5.8423573e-17  1.4787498e-17  -4.2289844e-16  -9.8925714e-16  
-1.8724358e-16  -6.8904279e-16  3.9411357e-16  -1.9770390e-16  7.0504855e-18  -5.3106935e-16  -1.8573192e-16  6.0849050e-16  4.8510638e-16  1.0000000   1.9939487e-16  -7.6914200e-16  5.6422957e-16  -2.7217736e-16  -8.2945191e-16  -3.4716778e-16  -1.6285736e-16  1.3247368e-15  -3.2962134e-16  -2.0646096e-16  -6.8038269e-18  -6.8683379e-16  -1.3910042e-15  -7.8871749e-16  -3.9326652e-16  -3.5919666e-16  5.3547453e-16  2.8388256e-17  -6.4572306e-16  1.8822495e-16  -2.3620707e-16  -1.8724358e-16  -6.8904279e-16  3.9411357e-16  -1.9770390e-16  7.0504855e-18  -5.3106935e-16  -1.8573192e-16  6.0849050e-16  4.8510638e-16  1.0000000   1.9939487e-16  -7.6914200e-16  5.6422957e-16  -2.7217736e-16  -8.2945191e-16  -3.4716778e-16  -1.6285736e-16  1.3247368e-15  -3.2962134e-16  -2.0646096e-16  -6.8038269e-18  -6.8683379e-16  -1.3910042e-15  -7.8871749e-16  -3.9326652e-16  -3.5919666e-16  5.3547453e-16  2.8388256e-17  -6.4572306e-16  1.8822495e-16  -2.3620707e-16  
