1.0000000   5.4513755e-16  -4.8658490e-16  2.4190291e-16  -5.3038808e-16  5.8406156e-17  2.9483788e-16  3.3868568e-16  -3.0449713e-16  -1.5170812e-16  -3.1335438e-16  1.2790091e-16  -5.2333423e-16  5.1400438e-16  -2.5541303e-16  -3.9626356e-16  1.0659202e-16  2.8541504e-16  5.1595361e-16  -4.9053001e-16  1.0937347e-16  7.3123458e-17  -4.5871308e-16  -1.2219358e-16  2.9176004e-16  -4.2847185e-17  7.8078157e-18  -2.2438681e-16  -5.8541444e-16  -3.3169693e-16  7.7133154e-16  1.0000000   5.4513755e-16  -4.8658490e-16  2.4190291e-16  -5.3038808e-16  5.8406156e-17  2.9483788e-16  3.3868568e-16  -3.0449713e-16  -1.5170812e-16  -3.1335438e-16  1.2790091e-16  -5.2333423e-16  5.1400438e-16  -2.5541303e-16  -3.9626356e-16  1.0659202e-16  2.8541504e-16  5.1595361e-16  -4.9053001e-16  1.0937347e-16  7.3123458e-17  -4.5871308e-16  -1.2219358e-16  2.9176004e-16  -4.2847185e-17  7.8078157e-18  -2.2438681e-16  -5.8541444e-16  -3.3169693e-16  7.7133154e-16  
5.4513755e-16  1.0000000   1.6510932e-16  -5.3820019e-17  -5.6705274e-16  -4.9761012e-16  4.6080931e-16  2.9618712e-16  -9.4117497e-16  9.8979108e-16  2.6026558e-16  2.0607557e-16  1.1504463e-16  7.0587077e-18  -1.8407882e-16  -2.4423906e-17  2.8334755e-16  8.0555891e-17  1.0433420e-16  3.0349740e-16  -5.2436575e-16  2.1891753e-16  1.4228766e-16  -1.0391493e-16  -2.9918544e-16  -8.6688263e-17  -5.7734859e-16  -7.6331463e-16  -3.8943664e-16  4.9050545e-16  2.4325420e-16  5.4513755e-16  1.0000000   1.6510932e-16  -5.3820019e-17  -5.6705274e-16  -4.9761012e-16  4.6080931e-16  2.9618712e-16  -9.4117497e-16  9.8979108e-16  2.6026558e-16  2.0607557e-16  1.1504463e-16  7.0587077e-18  -1.8407882e-16  -2.4423906e-17  2.8334755e-16  8.0555891e-17  1.0433420e-16  3.0349740e-16  -5.2436575e-16  2.1891753e-16  1.4228766e-16  -1.0391493e-16  -2.9918544e-16  -8.6688263e-17  -5.7734859e-16  -7.6331463e-16  -3.8943664e-16  4.9050545e-16  2.4325420e-16  
-4.8658490e-16  1.6510932e-16  1.0000000   -3.5708716e-16  7.0357826e-17  -6.8556269e-16  3.2449304e-16  -4.2502409e-16  2.4667647e-16  5.6673993e-16  1.3333510e-16  -4.8255030e-17  -4.4609328e-16  -3.6575904e-17  7.1970504e-16  7.5910137e-16  -1.1745387e-16  4.3676477e-16  -1.4551166e-15  8.3638461e-16  -2.8805719e-16  4.6548616e-16  8.1956237e-16  -6.1351831e-17  -1.9526565e-17  -6.8905846e-16  -1.3475450e-18  1.9442139e-17  7.9083631e-16  3.5744617e-16  -4.0896768e-16  -4.8658490e-16  1.6510932e-16  1.0000000   -3.5708716e-16  7.0357826e-17  -6.8556269e-16  3.2449304e-16  -4.2502409e-16  2.4667647e-16  5.6673993e-16  1.3333510e-16  -4.8255030e-17  -4.4609328e-16  -3.6575904e-17  7.1970504e-16  7.5910137e-16  -1.1745387e-16  4.3676477e-16  -1.4551166e-15  8.3638461e-16  -2.8805719e-16  4.6548616e-16  8.1956237e-16  -6.1351831e-17  -1.9526565e-17  -6.8905846e-16  -1.3475450e-18  1.9442139e-17  7.9083631e-16  3.5744617e-16  -4.0896768e-16  
2.4190291e-16  -5.3820019e-17  -3.5708716e-16  1.0000000   -8.3793988e-17  -6.0397860e-16  -1.2194816e-16  4.4779550e-16  5.5286033e-16  2.3917565e-16  1.1161967e-16  -8.4507253e-18  -2.6315512e-16  -5.0134704e-16  2.5051424e-16  1.5890947e-16  -7.1504419e-16  3.7557011e-17  -1.3337851e-16  2.1963720e-16  1.7632090e-16  -1.3045788e-15  -2.1598413e-16  4.1646629e-17  4.4255218e-16  6.4295711e-16  -5.6197329e-16  4.6355550e-16  7.9832223e-17  -2.0064578e-16  -2.3653207e-16  2.4190291e-16  -5.3820019e-17  -3.5708716e-16  1.0000000   -8.3793988e-17  -6.0397860e-16  -1.2194816e-16  4.4779550e-16  5.5286033e-16  2.3917565e-16  1.1161967e-16  -8.4507253e-18  -2.6315512e-16  -5.0134704e-16  2.5051424e-16  1.5890947e-16  -7.1504419e-16  3.7557011e-17  -1.3337851e-16  2.1963720e-16  1.7632090e-16  -1.3045788e-15  -2.1598413e-16  4.1646629e-17  4.4255218e-16  6.4295711e-16  -5.6197329e-16  4.6355550e-16  7.9832223e-17  -2.0064578e-16  -2.3653207e-16  
-5.3038808e-16  -5.6705274e-16  7.0357826e-17  -8.3793988e-17  1.0000000   -6.1401133e-16  6.2266683e-16  5.4453015e-17  -5.0822731e-16  -5.0462424e-16  -1.5635469e-16  4.0947022e-16  3.8694227e-16  6.4953724e-17  1.6236809e-16  4.7348713e-16  -6.4487037e-16  4.7535509e-16  -6.9078139e-16  3.5701650e-16  5.6966787e-17  -1.2500099e-17  7.5660524e-16  -1.7025774e-16  -2.1354741e-16  2.7939699e-17  1.7807601e-16  2.4339360e-16  1.5129314e-16  -4.9880743e-16  -3.0805097e-16  -5.3038808e-16  -5.6705274e-16  7.0357826e-17  -8.3793988e-17  1.0000000   -6.1401133e-16  6.2266683e-16  5.4453015e-17  -5.0822731e-16  -5.0462424e-16  -1.5635469e-16  4.0947022e-16  3.8694227e-16  6.4953724e-17  1.6236809e-16  4.7348713e-16  -6.4487037e-16  4.7535509e-16  -6.9078139e-16  3.5701650e-16  5.6966787e-17  -1.2500099e-17  7.5660524e-16  -1.7025774e-16  -2.1354741e-16  2.7939699e-17  1.7807601e-16  2.4339360e-16  1.5129314e-16  -4.9880743e-16  -3.0805097e-16  
5.8406156e-17  -4.9761012e-16  -6.8556269e-16  -6.0397860e-16  -6.1401133e-16  1.0000000   6.4763735e-17  1.6584973e-16  7.8730611e-17  3.4912944e-16  -2.9288450e-16  4.5051565e-17  4.0928684e-16  1.2506116e-17  7.8049255e-18  -4.2104134e-16  7.8185834e-16  3.6835686e-16  5.4338815e-16  3.1921934e-16  4.3581557e-16  1.0478747e-16  -4.1253408e-16  -7.1261931e-17  2.7399198e-16  -2.2835672e-16  -6.8212241e-16  8.7412315e-16  -3.0579475e-16  -5.3078673e-16  3.7863883e-17  5.8406156e-17  -4.9761012e-16  -6.8556269e-16  -6.0397860e-16  -6.1401133e-16  1.0000000   6.4763735e-17  1.6584973e-16  7.8730611e-17  3.4912944e-16  -2.9288450e-16  4.5051565e-17  4.0928684e-16  1.2506116e-17  7.8049255e-18  -4.2104134e-16  7.8185834e-16  3.6835686e-16  5.4338815e-16  3.1921934e-16  4.3581557e-16  1.0478747e-16  -4.1253408e-16  -7.1261931e-17  2.7399198e-16  -2.2835672e-16  -6.8212241e-16  8.7412315e-16  -3.0579475e-16  -5.3078673e-16  3.7863883e-17  
2.9483788e-16  4.6080931e-16  3.2449304e-16  -1.2194816e-16  6.2266683e-16  6.4763735e-17  1.0000000   -1.6231232e-16  -3.3876903e-16  4.1997726e-16  -2.8868570e-17  8.9581013e-19  -1.1279011e-16  5.0808657e-16  6.2109670e-17  4.5076141e-16  3.1159681e-16  6.0483463e-16  3.4948500e-16  5.6822986e-16  2.0462235e-16  -5.3714271e-16  -4.3974966e-16  2.5743484e-16  2.7019084e-16  -5.7052694e-16  5.1904375e-16  -1.7804748e-18  4.7158334e-16  1.6239127e-16  2.3469031e-16  2.9483788e-16  4.6080931e-16  3.2449304e-16  -1.2194816e-16  6.2266683e-16  6.4763735e-17  1.0000000   -1.6231232e-16  -3.3876903e-16  4.1997726e-16  -2.8868570e-17  8.9581013e-19  -1.1279011e-16  5.0808657e-16  6.2109670e-17  4.5076141e-16  3.1159681e-16  6.0483463e-16  3.4948500e-16  5.6822986e-16  2.0462235e-16  -5.3714271e-16  -4.3974966e-16  2.5743484e-16  2.7019084e-16  -5.7052694e-16  5.1904375e-16  -1.7804748e-18  4.7158334e-16  1.6239127e-16  2.3469031e-16  
3.3868568e-16  2.9618712e-16  -4.2502409e-16  4.4779550e-16  5.4453015e-17  1.6584973e-16  -1.6231232e-16  1.0000000   -4.1079769e-17  -3.2106190e-16  -2.9170021e-16  1.4539532e-17  7.3967372e-16  7.8566754e-16  -6.4774403e-16  2.2816217e-16  -2.5282017e-16  1.8746301e-16  1.4807224e-15  4.4720963e-16  -1.8266600e-16  -2.1697041e-16  -1.6613789e-16  1.4499815e-17  -4.0164679e-17  -3.2371219e-16  -9.0445405e-16  2.9596309e-17  -1.9149176e-16  -6.4265102e-16  1.0035679e-15  3.3868568e-16  2.9618712e-16  -4.2502409e-16  4.4779550e-16  5.4453015e-17  1.6584973e-16  -1.6231232e-16  1.0000000   -4.1079769e-17  -3.2106190e-16  -2.9170021e-16  1.4539532e-17  7.3967372e-16  7.8566754e-16  -6.4774403e-16  2.2816217e-16  -2.5282017e-16  1.8746301e-16  1.4807224e-15  4.4720963e-16  -1.8266600e-16  -2.1697041e-16  -1.6613789e-16  1.4499815e-17  -4.0164679e-17  -3.2371219e-16  -9.0445405e-16  2.9596309e-17  -1.9149176e-16  -6.4265102e-16  1.0035679e-15  
-3.0449713e-16  -9.4117497e-16  2.4667647e-16  5.5286033e-16  -5.0822731e-16  7.8730611e-17  -3.3876903e-16  -4.1079769e-17  1.0000000   1.2197192e-15  -2.7421817e-16  -1.4763268e-17  1.2051335e-16  -3.4767899e-16  -3.5001837e-17  3.3642576e-16  -3.3307215e-16  -3.9827132e-16  -4.3634676e-16  9.2816865e-17  -4.8207641e-16  2.7050511e-16  8.9198795e-16  -6.2163634e-17  2.6312371e-17  2.0657741e-16  -9.3094021e-16  7.0565435e-16  5.8889236e-16  -8.5486129e-17  5.0254572e-16  -3.0449713e-16  -9.4117497e-16  2.4667647e-16  5.5286033e-16  -5.0822731e-16  7.8730611e-17  -3.3876903e-16  -4.1079769e-17  1.0000000   1.2197192e-15  -2.7421817e-16  -1.4763268e-17  1.2051335e-16  -3.4767899e-16  -3.5001837e-17  3.3642576e-16  -3.3307215e-16  -3.9827132e-16  -4.3634676e-16  9.2816865e-17  -4.8207641e-16  2.7050511e-16  8.9198795e-16  -6.2163634e-17  2.6312371e-17  2.0657741e-16  -9.3094021e-16  7.0565435e-16  5.8889236e-16  -8.5486129e-17  5.0254572e-16  
-1.5170812e-16  9.8979108e-16  5.6673993e-16  2.3917565e-16  -5.0462424e-16  3.4912944e-16  4.1997726e-16  -3.2106190e-16  1.2197192e-15  1.0000000   -3.9109617e-16  8.4778191e-17  9.3682522e-17  6.3159018e-16  -1.9815279e-16  -3.2927110e-16  -1.9231400e-16  -6.2366336e-16  1.0073645e-15  3.8277894e-16  7.0209051e-16  -3.4714036e-16  6.6178813e-16  -1.0381571e-15  -5.3432698e-16  -3.6547725e-16  -6.1023755e-16  2.3584213e-16  1.5363626e-16  3.5483090e-16  7.9018640e-16  -1.5170812e-16  9.8979108e-16  5.6673993e-16  2.3917565e-16  -5.0462424e-16  3.4912944e-16  4.1997726e-16  -3.2106190e-16  1.2197192e-15  1.0000000   -3.9109617e-16  8.4778191e-17  9.3682522e-17  6.3159018e-16  -1.9815279e-16  -3.2927110e-16  -1.9231400e-16  -6.2366336e-16  1.0073645e-15  3.8277894e-16  7.0209051e-16  -3.4714036e-16  6.6178813e-16  -1.0381571e-15  -5.3432698e-16  -3.6547725e-16  -6.1023755e-16  2.3584213e-16  1.5363626e-16  3.5483090e-16  7.9018640e-16  
-3.1335438e-16  2.6026558e-16  1.3333510e-16  1.1161967e-16  -1.5635469e-16  -2.9288450e-16  -2.8868570e-17  -2.9170021e-16  -2.7421817e-16  -3.9109617e-16  1.0000000   -4.3463368e-16  -1.9706812e-16  -5.3239787e-16  -3.9351658e-16  -1.9659236e-16  2.8856347e-16  1.9852427e-16  1.5657405e-16  2.9608862e-17  2.5679157e-17  4.9075441e-16  7.3302708e-17  -2.6715979e-16  2.6628017e-16  -5.2642476e-17  4.5315085e-17  -1.3089574e-16  1.3447673e-16  7.2328988e-16  -1.4061828e-16  -3.1335438e-16  2.6026558e-16  1.3333510e-16  1.1161967e-16  -1.5635469e-16  -2.9288450e-16  -2.8868570e-17  -2.9170021e-16  -2.7421817e-16  -3.9109617e-16  1.0000000   -4.3463368e-16  -1.9706812e-16  -5.3239787e-16  -3.9351658e-16  -1.9659236e-16  2.8856347e-16  1.9852427e-16  1.5657405e-16  2.9608862e-17  2.5679157e-17  4.9075441e-16  7.3302708e-17  -2.6715979e-16  2.6628017e-16  -5.2642476e-17  4.5315085e-17  -1.3089574e-16  1.3447673e-16  7.2328988e-16  -1.4061828e-16  
1.2790091e-16  2.0607557e-16  -4.8255030e-17  -8.4507253e-18  4.0947022e-16  4.5051565e-17  8.9581013e-19  1.4539532e-17  -1.4763268e-17  8.4778191e-17  -4.3463368e-16  1.0000000   -6.8766046e-17  2.5667145e-17  2.9288096e-17  3.2827622e-18  -6.0582541e-16  -6.0557725e-16  -4.6855337e-16  -6.0440330e-17  2.0942178e-16  -2.3899931e-16  6.1271158e-16  9.6199584e-16  -2.6297801e-16  -2.7024846e-16  2.6525367e-16  1.0590847e-16  -3.9930887e-18  6.0487946e-18  -4.0597598e-17  1.2790091e-16  2.0607557e-16  -4.8255030e-17  -8.4507253e-18  4.0947022e-16  4.5051565e-17  8.9581013e-19  1.4539532e-17  -1.4763268e-17  8.4778191e-17  -4.3463368e-16  1.0000000   -6.8766046e-17  2.5667145e-17  2.9288096e-17  3.2827622e-18  -6.0582541e-16  -6.0557725e-16  -4.6855337e-16  -6.0440330e-17  2.0942178e-16  -2.3899931e-16  6.1271158e-16  9.6199584e-16  -2.6297801e-16  -2.7024846e-16  2.6525367e-16  1.0590847e-16  -3.9930887e-18  6.0487946e-18  -4.0597598e-17  
-5.2333423e-16  1.1504463e-16  -4.4609328e-16  -2.6315512e-16  3.8694227e-16  4.0928684e-16  -1.1279011e-16  7.3967372e-16  1.2051335e-16  9.3682522e-17  -1.9706812e-16  -6.8766046e-17  1.0000000   -1.2716916e-17  -3.1364935e-17  3.2286285e-16  -1.5824576e-16  -2.2317056e-16  -9.8312809e-16  3.8339334e-16  4.0426537e-17  3.8311009e-17  2.0744433e-16  -2.7010623e-17  -2.8760368e-16  1.1951188e-16  1.7237173e-17  3.7704929e-16  2.1061812e-16  -5.2691119e-16  2.8099820e-16  -5.2333423e-16  1.1504463e-16  -4.4609328e-16  -2.6315512e-16  3.8694227e-16  4.0928684e-16  -1.1279011e-16  7.3967372e-16  1.2051335e-16  9.3682522e-17  -1.9706812e-16  -6.8766046e-17  1.0000000   -1.2716916e-17  -3.1364935e-17  3.2286285e-16  -1.5824576e-16  -2.2317056e-16  -9.8312809e-16  3.8339334e-16  4.0426537e-17  3.8311009e-17  2.0744433e-16  -2.7010623e-17  -2.8760368e-16  1.1951188e-16  1.7237173e-17  3.7704929e-16  2.1061812e-16  -5.2691119e-16  2.8099820e-16  
5.1400438e-16  7.0587077e-18  -3.6575904e-17  -5.0134704e-16  6.4953724e-17  1.2506116e-17  5.0808657e-16  7.8566754e-16  -3.4767899e-16  6.3159018e-16  -5.3239787e-16  2.5667145e-17  -1.2716916e-17  1.0000000   -6.3804950e-17  5.6641431e-16  -1.2155895e-16  1.7369958e-16  -1.2416478e-16  -2.1812159e-17  3.0470012e-16  -4.0457986e-16  -4.8651489e-16  1.7409270e-16  -1.6515472e-16  2.4550151e-16  2.1882854e-16  3.4982740e-17  -6.8548737e-16  4.4723993e-16  2.2099565e-16  5.1400438e-16  7.0587077e-18  -3.6575904e-17  -5.0134704e-16  6.4953724e-17  1.2506116e-17  5.0808657e-16  7.8566754e-16  -3.4767899e-16  6.3159018e-16  -5.3239787e-16  2.5667145e-17  -1.2716916e-17  1.0000000   -6.3804950e-17  5.6641431e-16  -1.2155895e-16  1.7369958e-16  -1.2416478e-16  -2.1812159e-17  3.0470012e-16  -4.0457986e-16  -4.8651489e-16  1.7409270e-16  -1.6515472e-16  2.4550151e-16  2.1882854e-16  3.4982740e-17  -6.8548737e-16  4.4723993e-16  2.2099565e-16  
-2.5541303e-16  -1.8407882e-16  7.1970504e-16  2.5051424e-16  1.6236809e-16  7.8049255e-18  6.2109670e-17  -6.4774403e-16  -3.5001837e-17  -1.9815279e-16  -3.9351658e-16  2.9288096e-17  -3.1364935e-17  -6.3804950e-17  1.0000000   1.5904870e-16  -3.6556873e-16  -1.1730948e-16  -5.3731484e-16  4.6658598e-16  1.2402850e-16  -1.3705994e-16  2.2406647e-16  2.5922150e-16  4.9912692e-16  3.8063493e-16  2.7739806e-16  2.1515201e-16  2.7783269e-17  -6.5656381e-16  -9.7221543e-16  -2.5541303e-16  -1.8407882e-16  7.1970504e-16  2.5051424e-16  1.6236809e-16  7.8049255e-18  6.2109670e-17  -6.4774403e-16  -3.5001837e-17  -1.9815279e-16  -3.9351658e-16  2.9288096e-17  -3.1364935e-17  -6.3804950e-17  1.0000000   1.5904870e-16  -3.6556873e-16  -1.1730948e-16  -5.3731484e-16  4.6658598e-16  1.2402850e-16  -1.3705994e-16  2.2406647e-16  2.5922150e-16  4.9912692e-16  3.8063493e-16  2.7739806e-16  2.1515201e-16  2.7783269e-17  -6.5656381e-16  -9.7221543e-16  
-3.9626356e-16  -2.4423906e-17  7.5910137e-16  1.5890947e-16  4.7348713e-16  -4.2104134e-16  4.5076141e-16  2.2816217e-16  3.3642576e-16  -3.2927110e-16  -1.9659236e-16  3.2827622e-18  3.2286285e-16  5.6641431e-16  1.5904870e-16  1.0000000   -9.1730579e-16  -6.3959566e-16  -6.5318896e-16  3.7107523e-16  1.6612725e-16  -5.2952373e-16  5.9608413e-17  -2.7333279e-16  -4.9690785e-16  4.0266762e-17  9.7830036e-17  1.2474278e-17  3.1741917e-16  -8.7498163e-17  -4.3637924e-17  -3.9626356e-16  -2.4423906e-17  7.5910137e-16  1.5890947e-16  4.7348713e-16  -4.2104134e-16  4.5076141e-16  2.2816217e-16  3.3642576e-16  -3.2927110e-16  -1.9659236e-16  3.2827622e-18  3.2286285e-16  5.6641431e-16  1.5904870e-16  1.0000000   -9.1730579e-16  -6.3959566e-16  -6.5318896e-16  3.7107523e-16  1.6612725e-16  -5.2952373e-16  5.9608413e-17  -2.7333279e-16  -4.9690785e-16  4.0266762e-17  9.7830036e-17  1.2474278e-17  3.1741917e-16  -8.7498163e-17  -4.3637924e-17  
1.0659202e-16  2.8334755e-16  -1.1745387e-16  -7.1504419e-16  -6.4487037e-16  7.8185834e-16  3.1159681e-16  -2.5282017e-16  -3.3307215e-16  -1.9231400e-16  2.8856347e-16  -6.0582541e-16  -1.5824576e-16  -1.2155895e-16  -3.6556873e-16  -9.1730579e-16  1.0000000   -3.7488380e-16  -5.6183776e-16  -3.2196861e-16  8.2516332e-17  4.2101706e-16  9.7348669e-16  -1.7541650e-16  -2.9214187e-16  -3.7430406e-16  7.8978552e-16  4.6848973e-17  5.9608722e-16  3.3932841e-16  5.9259297e-16  1.0659202e-16  2.8334755e-16  -1.1745387e-16  -7.1504419e-16  -6.4487037e-16  7.8185834e-16  3.1159681e-16  -2.5282017e-16  -3.3307215e-16  -1.9231400e-16  2.8856347e-16  -6.0582541e-16  -1.5824576e-16  -1.2155895e-16  -3.6556873e-16  -9.1730579e-16  1.0000000   -3.7488380e-16  -5.6183776e-16  -3.2196861e-16  8.2516332e-17  4.2101706e-16  9.7348669e-16  -1.7541650e-16  -2.9214187e-16  -3.7430406e-16  7.8978552e-16  4.6848973e-17  5.9608722e-16  3.3932841e-16  5.9259297e-16  
2.8541504e-16  8.0555891e-17  4.3676477e-16  3.7557011e-17  4.7535509e-16  3.6835686e-16  6.0483463e-16  1.8746301e-16  -3.9827132e-16  -6.2366336e-16  1.9852427e-16  -6.0557725e-16  -2.2317056e-16  1.7369958e-16  -1.1730948e-16  -6.3959566e-16  -3.7488380e-16  1.0000000   -1.0464482e-15  6.6183401e-16  -8.2919200e-16  -3.2751946e-16  3.9101562e-17  8.2349565e-16  -3.5330119e-16  -1.5407618e-16  -2.0419294e-16  -6.6682053e-16  3.5623700e-16  -1.9736320e-16  -3.8385824e-17  2.8541504e-16  8.0555891e-17  4.3676477e-16  3.7557011e-17  4.7535509e-16  3.6835686e-16  6.0483463e-16  1.8746301e-16  -3.9827132e-16  -6.2366336e-16  1.9852427e-16  -6.0557725e-16  -2.2317056e-16  1.7369958e-16  -1.1730948e-16  -6.3959566e-16  -3.7488380e-16  1.0000000   -1.0464482e-15  6.6183401e-16  -8.2919200e-16  -3.2751946e-16  3.9101562e-17  8.2349565e-16  -3.5330119e-16  -1.5407618e-16  -2.0419294e-16  -6.6682053e-16  3.5623700e-16  -1.9736320e-16  -3.8385824e-17  
5.1595361e-16  1.0433420e-16  -1.4551166e-15  -1.3337851e-16  -6.9078139e-16  5.4338815e-16  3.4948500e-16  1.4807224e-15  -4.3634676e-16  1.0073645e-15  1.5657405e-16  -4.6855337e-16  -9.8312809e-16  -1.2416478e-16  -5.3731484e-16  -6.5318896e-16  -5.6183776e-16  -1.0464482e-15  1.0000000   -3.8884744e-16  8.7587944e-16  -2.7588913e-16  -1.1526812e-15  9.1486082e-16  -6.1417313e-17  -3.9936216e-16  9.0707729e-16  -7.9843636e-16  -1.5115927e-16  -4.9717532e-16  -5.5816768e-16  5.1595361e-16  1.0433420e-16  -1.4551166e-15  -1.3337851e-16  -6.9078139e-16  5.4338815e-16  3.4948500e-16  1.4807224e-15  -4.3634676e-16  1.0073645e-15  1.5657405e-16  -4.6855337e-16  -9.8312809e-16  -1.2416478e-16  -5.3731484e-16  -6.5318896e-16  -5.6183776e-16  -1.0464482e-15  1.0000000   -3.8884744e-16  8.7587944e-16  -2.7588913e-16  -1.1526812e-15  9.1486082e-16  -6.1417313e-17  -3.9936216e-16  9.0707729e-16  -7.9843636e-16  -1.5115927e-16  -4.9717532e-16  -5.5816768e-16  
-4.9053001e-16  3.0349740e-16  8.3638461e-16  2.1963720e-16  3.5701650e-16  3.1921934e-16  5.6822986e-16  4.4720963e-16  9.2816865e-17  3.8277894e-16  2.9608862e-17  -6.0440330e-17  3.8339334e-16  -2.1812159e-17  4.6658598e-16  3.7107523e-16  -3.2196861e-16  6.6183401e-16  -3.8884744e-16  1.0000000   -6.9637296e-16  -2.0076518e-16  1.2025110e-16  -2.7118494e-16  4.2830854e-17  -6.2513477e-16  -1.9359119e-16  -5.5398057e-17  1.4597036e-16  -6.6276342e-16  -1.2994053e-16  -4.9053001e-16  3.0349740e-16  8.3638461e-16  2.1963720e-16  3.5701650e-16  3.1921934e-16  5.6822986e-16  4.4720963e-16  9.2816865e-17  3.8277894e-16  2.9608862e-17  -6.0440330e-17  3.8339334e-16  -2.1812159e-17  4.6658598e-16  3.7107523e-16  -3.2196861e-16  6.6183401e-16  -3.8884744e-16  1.0000000   -6.9637296e-16  -2.0076518e-16  1.2025110e-16  -2.7118494e-16  4.2830854e-17  -6.2513477e-16  -1.9359119e-16  -5.5398057e-17  1.4597036e-16  -6.6276342e-16  -1.2994053e-16  
1.0937347e-16  -5.2436575e-16  -2.8805719e-16  1.7632090e-16  5.6966787e-17  4.3581557e-16  2.0462235e-16  -1.8266600e-16  -4.8207641e-16  7.0209051e-16  2.5679157e-17  2.0942178e-16  4.0426537e-17  3.0470012e-16  1.2402850e-16  1.6612725e-16  8.2516332e-17  -8.2919200e-16  8.7587944e-16  -6.9637296e-16  1.0000000   -1.1070613e-15  -5.8720437e-16  -4.4041913e-16  -3.3421862e-16  8.3352992e-17  -6.1119455e-16  -5.2431807e-16  6.0882197e-16  1.8627798e-16  8.6600529e-17  1.0937347e-16  -5.2436575e-16  -2.8805719e-16  1.7632090e-16  5.6966787e-17  4.3581557e-16  2.0462235e-16  -1.8266600e-16  -4.8207641e-16  7.0209051e-16  2.5679157e-17  2.0942178e-16  4.0426537e-17  3.0470012e-16  1.2402850e-16  1.6612725e-16  8.2516332e-17  -8.2919200e-16  8.7587944e-16  -6.9637296e-16  1.0000000   -1.1070613e-15  -5.8720437e-16  -4.4041913e-16  -3.3421862e-16  8.3352992e-17  -6.1119455e-16  -5.2431807e-16  6.0882197e-16  1.8627798e-16  8.6600529e-17  
7.3123458e-17  2.1891753e-16  4.6548616e-16  -1.3045788e-15  -1.2500099e-17  1.0478747e-16  -5.3714271e-16  -2.1697041e-16  2.7050511e-16  -3.4714036e-16  4.9075441e-16  -2.3899931e-16  3.8311009e-17  -4.0457986e-16  -1.3705994e-16  -5.2952373e-16  4.2101706e-16  -3.2751946e-16  -2.7588913e-16  -2.0076518e-16  -1.1070613e-15  1.0000000   5.9374249e-16  4.4178346e-16  2.0263128e-16  4.2100461e-16  -1.8248106e-16  3.2407005e-16  -2.1571315e-18  9.5021959e-18  -4.1971353e-17  7.3123458e-17  2.1891753e-16  4.6548616e-16  -1.3045788e-15  -1.2500099e-17  1.0478747e-16  -5.3714271e-16  -2.1697041e-16  2.7050511e-16  -3.4714036e-16  4.9075441e-16  -2.3899931e-16  3.8311009e-17  -4.0457986e-16  -1.3705994e-16  -5.2952373e-16  4.2101706e-16  -3.2751946e-16  -2.7588913e-16  -2.0076518e-16  -1.1070613e-15  1.0000000   5.9374249e-16  4.4178346e-16  2.0263128e-16  4.2100461e-16  -1.8248106e-16  3.2407005e-16  -2.1571315e-18  9.5021959e-18  -4.1971353e-17  
-4.5871308e-16  1.4228766e-16  8.1956237e-16  -2.1598413e-16  7.5660524e-16  -4.1253408e-16  -4.3974966e-16  -1.6613789e-16  8.9198795e-16  6.6178813e-16  7.3302708e-17  6.1271158e-16  2.0744433e-16  -4.8651489e-16  2.2406647e-16  5.9608413e-17  9.7348669e-16  3.9101562e-17  -1.1526812e-15  1.2025110e-16  -5.8720437e-16  5.9374249e-16  1.0000000   -6.8435892e-16  -6.7779167e-16  1.2475609e-16  -3.8536216e-16  3.1613016e-16  3.3987413e-16  -1.9841886e-16  -3.9280248e-16  -4.5871308e-16  1.4228766e-16  8.1956237e-16  -2.1598413e-16  7.5660524e-16  -4.1253408e-16  -4.3974966e-16  -1.6613789e-16  8.9198795e-16  6.6178813e-16  7.3302708e-17  6.1271158e-16  2.0744433e-16  -4.8651489e-16  2.2406647e-16  5.9608413e-17  9.7348669e-16  3.9101562e-17  -1.1526812e-15  1.2025110e-16  -5.8720437e-16  5.9374249e-16  1.0000000   -6.8435892e-16  -6.7779167e-16  1.2475609e-16  -3.8536216e-16  3.1613016e-16  3.3987413e-16  -1.9841886e-16  -3.9280248e-16  
-1.2219358e-16  -1.0391493e-16  -6.1351831e-17  4.1646629e-17  -1.7025774e-16  -7.1261931e-17  2.5743484e-16  1.4499815e-17  -6.2163634e-17  -1.0381571e-15  -2.6715979e-16  9.6199584e-16  -2.7010623e-17  1.7409270e-16  2.5922150e-16  -2.7333279e-16  -1.7541650e-16  8.2349565e-16  9.1486082e-16  -2.7118494e-16  -4.4041913e-16  4.4178346e-16  -6.8435892e-16  1.0000000   -2.8060126e-16  -2.1612582e-16  -7.5856080e-16  2.8140589e-16  -9.0996884e-17  -4.4732324e-16  -3.4725908e-16  -1.2219358e-16  -1.0391493e-16  -6.1351831e-17  4.1646629e-17  -1.7025774e-16  -7.1261931e-17  2.5743484e-16  1.4499815e-17  -6.2163634e-17  -1.0381571e-15  -2.6715979e-16  9.6199584e-16  -2.7010623e-17  1.7409270e-16  2.5922150e-16  -2.7333279e-16  -1.7541650e-16  8.2349565e-16  9.1486082e-16  -2.7118494e-16  -4.4041913e-16  4.4178346e-16  -6.8435892e-16  1.0000000   -2.8060126e-16  -2.1612582e-16  -7.5856080e-16  2.8140589e-16  -9.0996884e-17  -4.4732324e-16  -3.4725908e-16  
2.9176004e-16  -2.9918544e-16  -1.9526565e-17  4.4255218e-16  -2.1354741e-16  2.7399198e-16  2.7019084e-16  -4.0164679e-17  2.6312371e-17  -5.3432698e-16  2.6628017e-16  -2.6297801e-16  -2.8760368e-16  -1.6515472e-16  4.9912692e-16  -4.9690785e-16  -2.9214187e-16  -3.5330119e-16  -6.1417313e-17  4.2830854e-17  -3.3421862e-16  2.0263128e-16  -6.7779167e-16  -2.8060126e-16  1.0000000   5.1477743e-16  -4.3098416e-16  1.3792980e-16  5.0838209e-17  1.3187667e-16  5.9633516e-16  2.9176004e-16  -2.9918544e-16  -1.9526565e-17  4.4255218e-16  -2.1354741e-16  2.7399198e-16  2.7019084e-16  -4.0164679e-17  2.6312371e-17  -5.3432698e-16  2.6628017e-16  -2.6297801e-16  -2.8760368e-16  -1.6515472e-16  4.9912692e-16  -4.9690785e-16  -2.9214187e-16  -3.5330119e-16  -6.1417313e-17  4.2830854e-17  -3.3421862e-16  2.0263128e-16  -6.7779167e-16  -2.8060126e-16  1.0000000   5.1477743e-16  -4.3098416e-16  1.3792980e-16  5.0838209e-17  1.3187667e-16  5.9633516e-16  
-4.2847185e-17  -8.6688263e-17  -6.8905846e-16  6.4295711e-16  2.7939699e-17  -2.2835672e-16  -5.7052694e-16  -3.2371219e-16  2.0657741e-16  -3.6547725e-16  -5.2642476e-17  -2.7024846e-16  1.1951188e-16  2.4550151e-16  3.8063493e-16  4.0266762e-17  -3.7430406e-16  -1.5407618e-16  -3.9936216e-16  -6.2513477e-16  8.3352992e-17  4.2100461e-16  1.2475609e-16  -2.1612582e-16  5.1477743e-16  1.0000000   1.8931827e-16  1.7070281e-16  -3.6488755e-16  -2.4225132e-16  -9.4225727e-16  -4.2847185e-17  -8.6688263e-17  -6.8905846e-16  6.4295711e-16  2.7939699e-17  -2.2835672e-16  -5.7052694e-16  -3.2371219e-16  2.0657741e-16  -3.6547725e-16  -5.2642476e-17  -2.7024846e-16  1.1951188e-16  2.4550151e-16  3.8063493e-16  4.0266762e-17  -3.7430406e-16  -1.5407618e-16  -3.9936216e-16  -6.2513477e-16  8.3352992e-17  4.2100461e-16  1.2475609e-16  -2.1612582e-16  5.1477743e-16  1.0000000   1.8931827e-16  1.7070281e-16  -3.6488755e-16  -2.4225132e-16  -9.4225727e-16  
7.8078157e-18  -5.7734859e-16  -1.3475450e-18  -5.6197329e-16  1.7807601e-16  -6.8212241e-16  5.1904375e-16  -9.0445405e-16  -9.3094021e-16  -6.1023755e-16  4.5315085e-17  2.6525367e-16  1.7237173e-17  2.1882854e-16  2.7739806e-16  9.7830036e-17  7.8978552e-16  -2.0419294e-16  9.0707729e-16  -1.9359119e-16  -6.1119455e-16  -1.8248106e-16  -3.8536216e-16  -7.5856080e-16  -4.3098416e-16  1.8931827e-16  1.0000000   2.9202799e-16  -1.0976266e-16  -6.5873046e-17  1.0430586e-16  7.8078157e-18  -5.7734859e-16  -1.3475450e-18  -5.6197329e-16  1.7807601e-16  -6.8212241e-16  5.1904375e-16  -9.0445405e-16  -9.3094021e-16  -6.1023755e-16  4.5315085e-17  2.6525367e-16  1.7237173e-17  2.1882854e-16  2.7739806e-16  9.7830036e-17  7.8978552e-16  -2.0419294e-16  9.0707729e-16  -1.9359119e-16  -6.1119455e-16  -1.8248106e-16  -3.8536216e-16  -7.5856080e-16  -4.3098416e-16  1.8931827e-16  1.0000000   2.9202799e-16  -1.0976266e-16  -6.5873046e-17  1.0430586e-16  
-2.2438681e-16  -7.6331463e-16  1.9442139e-17  4.6355550e-16  2.4339360e-16  8.7412315e-16  -1.7804748e-18  2.9596309e-17  7.0565435e-16  2.3584213e-16  -1.3089574e-16  1.0590847e-16  3.7704929e-16  3.4982740e-17  2.1515201e-16  1.2474278e-17  4.6848973e-17  -6.6682053e-16  -7.9843636e-16  -5.5398057e-17  -5.2431807e-16  3.2407005e-16  3.1613016e-16  2.8140589e-16  1.3792980e-16  1.7070281e-16  2.9202799e-16  1.0000000   6.2706472e-16  3.9913166e-16  -4.5947306e-16  -2.2438681e-16  -7.6331463e-16  1.9442139e-17  4.6355550e-16  2.4339360e-16  8.7412315e-16  -1.7804748e-18  2.9596309e-17  7.0565435e-16  2.3584213e-16  -1.3089574e-16  1.0590847e-16  3.7704929e-16  3.4982740e-17  2.1515201e-16  1.2474278e-17  4.6848973e-17  -6.6682053e-16  -7.9843636e-16  -5.5398057e-17  -5.2431807e-16  3.2407005e-16  3.1613016e-16  2.8140589e-16  1.3792980e-16  1.7070281e-16  2.9202799e-16  1.0000000   6.2706472e-16  3.9913166e-16  -4.5947306e-16  
-5.8541444e-16  -3.8943664e-16  7.9083631e-16  7.9832223e-17  1.5129314e-16  -3.0579475e-16  4.7158334e-16  -1.9149176e-16  5.8889236e-16  1.5363626e-16  1.3447673e-16  -3.9930887e-18  2.1061812e-16  -6.8548737e-16  2.7783269e-17  3.1741917e-16  5.9608722e-16  3.5623700e-16  -1.5115927e-16  1.4597036e-16  6.0882197e-16  -2.1571315e-18  3.3987413e-16  -9.0996884e-17  5.0838209e-17  -3.6488755e-16  -1.0976266e-16  6.2706472e-16  1.0000000   -1.7713236e-16  4.3832973e-17  -5.8541444e-16  -3.8943664e-16  7.9083631e-16  7.9832223e-17  1.5129314e-16  -3.0579475e-16  4.7158334e-16  -1.9149176e-16  5.8889236e-16  1.5363626e-16  1.3447673e-16  -3.9930887e-18  2.1061812e-16  -6.8548737e-16  2.7783269e-17  3.1741917e-16  5.9608722e-16  3.5623700e-16  -1.5115927e-16  1.4597036e-16  6.0882197e-16  -2.1571315e-18  3.3987413e-16  -9.0996884e-17  5.0838209e-17  -3.6488755e-16  -1.0976266e-16  6.2706472e-16  1.0000000   -1.7713236e-16  4.3832973e-17  
-3.3169693e-16  4.9050545e-16  3.5744617e-16  -2.0064578e-16  -4.9880743e-16  -5.3078673e-16  1.6239127e-16  -6.4265102e-16  -8.5486129e-17  3.5483090e-16  7.2328988e-16  6.0487946e-18  -5.2691119e-16  4.4723993e-16  -6.5656381e-16  -8.7498163e-17  3.3932841e-16  -1.9736320e-16  -4.9717532e-16  -6.6276342e-16  1.8627798e-16  9.5021959e-18  -1.9841886e-16  -4.4732324e-16  1.3187667e-16  -2.4225132e-16  -6.5873046e-17  3.9913166e-16  -1.7713236e-16  1.0000000   8.9331651e-18  -3.3169693e-16  4.9050545e-16  3.5744617e-16  -2.0064578e-16  -4.9880743e-16  -5.3078673e-16  1.6239127e-16  -6.4265102e-16  -8.5486129e-17  3.5483090e-16  7.2328988e-16  6.0487946e-18  -5.2691119e-16  4.4723993e-16  -6.5656381e-16  -8.7498163e-17  3.3932841e-16  -1.9736320e-16  -4.9717532e-16  -6.6276342e-16  1.8627798e-16  9.5021959e-18  -1.9841886e-16  -4.4732324e-16  1.3187667e-16  -2.4225132e-16  -6.5873046e-17  3.9913166e-16  -1.7713236e-16  1.0000000   8.9331651e-18  
7.7133154e-16  2.4325420e-16  -4.0896768e-16  -2.3653207e-16  -3.0805097e-16  3.7863883e-17  2.3469031e-16  1.0035679e-15  5.0254572e-16  7.9018640e-16  -1.4061828e-16  -4.0597598e-17  2.8099820e-16  2.2099565e-16  -9.7221543e-16  -4.3637924e-17  5.9259297e-16  -3.8385824e-17  -5.5816768e-16  -1.2994053e-16  8.6600529e-17  -4.1971353e-17  -3.9280248e-16  -3.4725908e-16  5.9633516e-16  -9.4225727e-16  1.0430586e-16  -4.5947306e-16  4.3832973e-17  8.9331651e-18  1.0000000   7.7133154e-16  2.4325420e-16  -4.0896768e-16  -2.3653207e-16  -3.0805097e-16  3.7863883e-17  2.3469031e-16  1.0035679e-15  5.0254572e-16  7.9018640e-16  -1.4061828e-16  -4.0597598e-17  2.8099820e-16  2.2099565e-16  -9.7221543e-16  -4.3637924e-17  5.9259297e-16  -3.8385824e-17  -5.5816768e-16  -1.2994053e-16  8.6600529e-17  -4.1971353e-17  -3.9280248e-16  -3.4725908e-16  5.9633516e-16  -9.4225727e-16  1.0430586e-16  -4.5947306e-16  4.3832973e-17  8.9331651e-18  1.0000000   
1.0000000   5.4513755e-16  -4.8658490e-16  2.4190291e-16  -5.3038808e-16  5.8406156e-17  2.9483788e-16  3.3868568e-16  -3.0449713e-16  -1.5170812e-16  -3.1335438e-16  1.2790091e-16  -5.2333423e-16  5.1400438e-16  -2.5541303e-16  -3.9626356e-16  1.0659202e-16  2.8541504e-16  5.1595361e-16  -4.9053001e-16  1.0937347e-16  7.3123458e-17  -4.5871308e-16  -1.2219358e-16  2.9176004e-16  -4.2847185e-17  7.8078157e-18  -2.2438681e-16  -5.8541444e-16  -3.3169693e-16  7.7133154e-16  1.0000000   5.4513755e-16  -4.8658490e-16  2.4190291e-16  -5.3038808e-16  5.8406156e-17  2.9483788e-16  3.3868568e-16  -3.0449713e-16  -1.5170812e-16  -3.1335438e-16  1.2790091e-16  -5.2333423e-16  5.1400438e-16  -2.5541303e-16  -3.9626356e-16  1.0659202e-16  2.8541504e-16  5.1595361e-16  -4.9053001e-16  1.0937347e-16  7.3123458e-17  -4.5871308e-16  -1.2219358e-16  2.9176004e-16  -4.2847185e-17  7.8078157e-18  -2.2438681e-16  -5.8541444e-16  -3.3169693e-16  7.7133154e-16  
5.4513755e-16  1.0000000   1.6510932e-16  -5.3820019e-17  -5.6705274e-16  -4.9761012e-16  4.6080931e-16  2.9618712e-16  -9.4117497e-16  9.8979108e-16  2.6026558e-16  2.0607557e-16  1.1504463e-16  7.0587077e-18  -1.8407882e-16  -2.4423906e-17  2.8334755e-16  8.0555891e-17  1.0433420e-16  3.0349740e-16  -5.2436575e-16  2.1891753e-16  1.4228766e-16  -1.0391493e-16  -2.9918544e-16  -8.6688263e-17  -5.7734859e-16  -7.6331463e-16  -3.8943664e-16  4.9050545e-16  2.4325420e-16  5.4513755e-16  1.0000000   1.6510932e-16  -5.3820019e-17  -5.6705274e-16  -4.9761012e-16  4.6080931e-16  2.9618712e-16  -9.4117497e-16  9.8979108e-16  2.6026558e-16  2.0607557e-16  1.1504463e-16  7.0587077e-18  -1.8407882e-16  -2.4423906e-17  2.8334755e-16  8.0555891e-17  1.0433420e-16  3.0349740e-16  -5.2436575e-16  2.1891753e-16  1.4228766e-16  -1.0391493e-16  -2.9918544e-16  -8.6688263e-17  -5.7734859e-16  -7.6331463e-16  -3.8943664e-16  4.9050545e-16  2.4325420e-16  
-4.8658490e-16  1.6510932e-16  1.0000000   -3.5708716e-16  7.0357826e-17  -6.8556269e-16  3.2449304e-16  -4.2502409e-16  2.4667647e-16  5.6673993e-16  1.3333510e-16  -4.8255030e-17  -4.4609328e-16  -3.6575904e-17  7.1970504e-16  7.5910137e-16  -1.1745387e-16  4.3676477e-16  -1.4551166e-15  8.3638461e-16  -2.8805719e-16  4.6548616e-16  8.1956237e-16  -6.1351831e-17  -1.9526565e-17  -6.8905846e-16  -1.3475450e-18  1.9442139e-17  7.9083631e-16  3.5744617e-16  -4.0896768e-16  -4.8658490e-16  1.6510932e-16  1.0000000   -3.5708716e-16  7.0357826e-17  -6.8556269e-16  3.2449304e-16  -4.2502409e-16  2.4667647e-16  5.6673993e-16  1.3333510e-16  -4.8255030e-17  -4.4609328e-16  -3.6575904e-17  7.1970504e-16  7.5910137e-16  -1.1745387e-16  4.3676477e-16  -1.4551166e-15  8.3638461e-16  -2.8805719e-16  4.6548616e-16  8.1956237e-16  -6.1351831e-17  -1.9526565e-17  -6.8905846e-16  -1.3475450e-18  1.9442139e-17  7.9083631e-16  3.5744617e-16  -4.0896768e-16  
2.4190291e-16  -5.3820019e-17  -3.5708716e-16  1.0000000   -8.3793988e-17  -6.0397860e-16  -1.2194816e-16  4.4779550e-16  5.5286033e-16  2.3917565e-16  1.1161967e-16  -8.4507253e-18  -2.6315512e-16  -5.0134704e-16  2.5051424e-16  1.5890947e-16  -7.1504419e-16  3.7557011e-17  -1.3337851e-16  2.1963720e-16  1.7632090e-16  -1.3045788e-15  -2.1598413e-16  4.1646629e-17  4.4255218e-16  6.4295711e-16  -5.6197329e-16  4.6355550e-16  7.9832223e-17  -2.0064578e-16  -2.3653207e-16  2.4190291e-16  -5.3820019e-17  -3.5708716e-16  1.0000000   -8.3793988e-17  -6.0397860e-16  -1.2194816e-16  4.4779550e-16  5.5286033e-16  2.3917565e-16  1.1161967e-16  -8.4507253e-18  -2.6315512e-16  -5.0134704e-16  2.5051424e-16  1.5890947e-16  -7.1504419e-16  3.7557011e-17  -1.3337851e-16  2.1963720e-16  1.7632090e-16  -1.3045788e-15  -2.1598413e-16  4.1646629e-17  4.4255218e-16  6.4295711e-16  -5.6197329e-16  4.6355550e-16  7.9832223e-17  -2.0064578e-16  -2.3653207e-16  
-5.3038808e-16  -5.6705274e-16  7.0357826e-17  -8.3793988e-17  1.0000000   -6.1401133e-16  6.2266683e-16  5.4453015e-17  -5.0822731e-16  -5.0462424e-16  -1.5635469e-16  4.0947022e-16  3.8694227e-16  6.4953724e-17  1.6236809e-16  4.7348713e-16  -6.4487037e-16  4.7535509e-16  -6.9078139e-16  3.5701650e-16  5.6966787e-17  -1.2500099e-17  7.5660524e-16  -1.7025774e-16  -2.1354741e-16  2.7939699e-17  1.7807601e-16  2.4339360e-16  1.5129314e-16  -4.9880743e-16  -3.0805097e-16  -5.3038808e-16  -5.6705274e-16  7.0357826e-17  -8.3793988e-17  1.0000000   -6.1401133e-16  6.2266683e-16  5.4453015e-17  -5.0822731e-16  -5.0462424e-16  -1.5635469e-16  4.0947022e-16  3.8694227e-16  6.4953724e-17  1.6236809e-16  4.7348713e-16  -6.4487037e-16  4.7535509e-16  -6.9078139e-16  3.5701650e-16  5.6966787e-17  -1.2500099e-17  7.5660524e-16  -1.7025774e-16  -2.1354741e-16  2.7939699e-17  1.7807601e-16  2.4339360e-16  1.5129314e-16  -4.9880743e-16  -3.0805097e-16  
5.8406156e-17  -4.9761012e-16  -6.8556269e-16  -6.0397860e-16  -6.1401133e-16  1.0000000   6.4763735e-17  1.6584973e-16  7.8730611e-17  3.4912944e-16  -2.9288450e-16  4.5051565e-17  4.0928684e-16  1.2506116e-17  7.8049255e-18  -4.2104134e-16  7.8185834e-16  3.6835686e-16  5.4338815e-16  3.1921934e-16  4.3581557e-16  1.0478747e-16  -4.1253408e-16  -7.1261931e-17  2.7399198e-16  -2.2835672e-16  -6.8212241e-16  8.7412315e-16  -3.0579475e-16  -5.3078673e-16  3.7863883e-17  5.8406156e-17  -4.9761012e-16  -6.8556269e-16  -6.0397860e-16  -6.1401133e-16  1.0000000   6.4763735e-17  1.6584973e-16  7.8730611e-17  3.4912944e-16  -2.9288450e-16  4.5051565e-17  4.0928684e-16  1.2506116e-17  7.8049255e-18  -4.2104134e-16  7.8185834e-16  3.6835686e-16  5.4338815e-16  3.1921934e-16  4.3581557e-16  1.0478747e-16  -4.1253408e-16  -7.1261931e-17  2.7399198e-16  -2.2835672e-16  -6.8212241e-16  8.7412315e-16  -3.0579475e-16  -5.3078673e-16  3.7863883e-17  
2.9483788e-16  4.6080931e-16  3.2449304e-16  -1.2194816e-16  6.2266683e-16  6.4763735e-17  1.0000000   -1.6231232e-16  -3.3876903e-16  4.1997726e-16  -2.8868570e-17  8.9581013e-19  -1.1279011e-16  5.0808657e-16  6.2109670e-17  4.5076141e-16  3.1159681e-16  6.0483463e-16  3.4948500e-16  5.6822986e-16  2.0462235e-16  -5.3714271e-16  -4.3974966e-16  2.5743484e-16  2.7019084e-16  -5.7052694e-16  5.1904375e-16  -1.7804748e-18  4.7158334e-16  1.6239127e-16  2.3469031e-16  2.9483788e-16  4.6080931e-16  3.2449304e-16  -1.2194816e-16  6.2266683e-16  6.4763735e-17  1.0000000   -1.6231232e-16  -3.3876903e-16  4.1997726e-16  -2.8868570e-17  8.9581013e-19  -1.1279011e-16  5.0808657e-16  6.2109670e-17  4.5076141e-16  3.1159681e-16  6.0483463e-16  3.4948500e-16  5.6822986e-16  2.0462235e-16  -5.3714271e-16  -4.3974966e-16  2.5743484e-16  2.7019084e-16  -5.7052694e-16  5.1904375e-16  -1.7804748e-18  4.7158334e-16  1.6239127e-16  2.3469031e-16  
3.3868568e-16  2.9618712e-16  -4.2502409e-16  4.4779550e-16  5.4453015e-17  1.6584973e-16  -1.6231232e-16  1.0000000   -4.1079769e-17  -3.2106190e-16  -2.9170021e-16  1.4539532e-17  7.3967372e-16  7.8566754e-16  -6.4774403e-16  2.2816217e-16  -2.5282017e-16  1.8746301e-16  1.4807224e-15  4.4720963e-16  -1.8266600e-16  -2.1697041e-16  -1.6613789e-16  1.4499815e-17  -4.0164679e-17  -3.2371219e-16  -9.0445405e-16  2.9596309e-17  -1.9149176e-16  -6.4265102e-16  1.0035679e-15  3.3868568e-16  2.9618712e-16  -4.2502409e-16  4.4779550e-16  5.4453015e-17  1.6584973e-16  -1.6231232e-16  1.0000000   -4.1079769e-17  -3.2106190e-16  -2.9170021e-16  1.4539532e-17  7.3967372e-16  7.8566754e-16  -6.4774403e-16  2.2816217e-16  -2.5282017e-16  1.8746301e-16  1.4807224e-15  4.4720963e-16  -1.8266600e-16  -2.1697041e-16  -1.6613789e-16  1.4499815e-17  -4.0164679e-17  -3.2371219e-16  -9.0445405e-16  2.9596309e-17  -1.9149176e-16  -6.4265102e-16  1.0035679e-15  
-3.0449713e-16  -9.4117497e-16  2.4667647e-16  5.5286033e-16  -5.0822731e-16  7.8730611e-17  -3.3876903e-16  -4.1079769e-17  1.0000000   1.2197192e-15  -2.7421817e-16  -1.4763268e-17  1.2051335e-16  -3.4767899e-16  -3.5001837e-17  3.3642576e-16  -3.3307215e-16  -3.9827132e-16  -4.3634676e-16  9.2816865e-17  -4.8207641e-16  2.7050511e-16  8.9198795e-16  -6.2163634e-17  2.6312371e-17  2.0657741e-16  -9.3094021e-16  7.0565435e-16  5.8889236e-16  -8.5486129e-17  5.0254572e-16  -3.0449713e-16  -9.4117497e-16  2.4667647e-16  5.5286033e-16  -5.0822731e-16  7.8730611e-17  -3.3876903e-16  -4.1079769e-17  1.0000000   1.2197192e-15  -2.7421817e-16  -1.4763268e-17  1.2051335e-16  -3.4767899e-16  -3.5001837e-17  3.3642576e-16  -3.3307215e-16  -3.9827132e-16  -4.3634676e-16  9.2816865e-17  -4.8207641e-16  2.7050511e-16  8.9198795e-16  -6.2163634e-17  2.6312371e-17  2.0657741e-16  -9.3094021e-16  7.0565435e-16  5.8889236e-16  -8.5486129e-17  5.0254572e-16  
-1.5170812e-16  9.8979108e-16  5.6673993e-16  2.3917565e-16  -5.0462424e-16  3.4912944e-16  4.1997726e-16  -3.2106190e-16  1.2197192e-15  1.0000000   -3.9109617e-16  8.4778191e-17  9.3682522e-17  6.3159018e-16  -1.9815279e-16  -3.2927110e-16  -1.9231400e-16  -6.2366336e-16  1.0073645e-15  3.8277894e-16  7.0209051e-16  -3.4714036e-16  6.6178813e-16  -1.0381571e-15  -5.3432698e-16  -3.6547725e-16  -6.1023755e-16  2.3584213e-16  1.5363626e-16  3.5483090e-16  7.9018640e-16  -1.5170812e-16  9.8979108e-16  5.6673993e-16  2.3917565e-16  -5.0462424e-16  3.4912944e-16  4.1997726e-16  -3.2106190e-16  1.2197192e-15  1.0000000   -3.9109617e-16  8.4778191e-17  9.3682522e-17  6.3159018e-16  -1.9815279e-16  -3.2927110e-16  -1.9231400e-16  -6.2366336e-16  1.0073645e-15  3.8277894e-16  7.0209051e-16  -3.4714036e-16  6.6178813e-16  -1.0381571e-15  -5.3432698e-16  -3.6547725e-16  -6.1023755e-16  2.3584213e-16  1.5363626e-16  3.5483090e-16  7.9018640e-16  
