1.0000000   -2.0752262e-16  -6.9248911e-16  3.7411219e-17  -5.2281330e-16  5.1246442e-16  1.9351922e-16  7.0618091e-16  1.3206178e-16  -4.9449370e-17  2.9042566e-16  4.4109311e-16  -3.8133569e-17  8.9187997e-17  2.9414842e-16  5.0535058e-16  -5.1012274e-16  -7.8268646e-16  8.9559573e-18  -1.0806251e-16  5.0708371e-16  5.7024350e-16  2.6966762e-16  -4.1392225e-16  1.8131338e-16  -1.3700407e-16  -2.9451053e-16  3.9803617e-16  5.8529661e-16  1.7538785e-16  8.3521483e-16  1.0000000   -2.0752262e-16  -6.9248911e-16  3.7411219e-17  -5.2281330e-16  5.1246442e-16  1.9351922e-16  7.0618091e-16  1.3206178e-16  -4.9449370e-17  2.9042566e-16  4.4109311e-16  -3.8133569e-17  8.9187997e-17  2.9414842e-16  5.0535058e-16  -5.1012274e-16  -7.8268646e-16  8.9559573e-18  -1.0806251e-16  5.0708371e-16  5.7024350e-16  2.6966762e-16  -4.1392225e-16  1.8131338e-16  -1.3700407e-16  -2.9451053e-16  3.9803617e-16  5.8529661e-16  1.7538785e-16  8.3521483e-16  
-2.0752262e-16  1.0000000   1.4691907e-16  5.3752304e-16  -3.3346663e-17  -5.1433562e-16  2.3660783e-16  -1.8971301e-16  -2.2238213e-16  -6.0790428e-16  3.6116870e-16  -6.9644081e-17  -2.6233775e-17  -4.0304188e-16  3.2998989e-16  -5.4416240e-18  8.3345009e-16  -6.5855208e-16  2.8739353e-16  1.4190747e-18  -7.3825175e-16  8.0097119e-16  2.0260914e-16  -5.1105239e-16  -7.7351530e-16  7.0488627e-16  -2.1805164e-16  -7.1621185e-16  -1.4690357e-17  2.6187078e-16  -1.1556521e-15  -2.0752262e-16  1.0000000   1.4691907e-16  5.3752304e-16  -3.3346663e-17  -5.1433562e-16  2.3660783e-16  -1.8971301e-16  -2.2238213e-16  -6.0790428e-16  3.6116870e-16  -6.9644081e-17  -2.6233775e-17  -4.0304188e-16  3.2998989e-16  -5.4416240e-18  8.3345009e-16  -6.5855208e-16  2.8739353e-16  1.4190747e-18  -7.3825175e-16  8.0097119e-16  2.0260914e-16  -5.1105239e-16  -7.7351530e-16  7.0488627e-16  -2.1805164e-16  -7.1621185e-16  -1.4690357e-17  2.6187078e-16  -1.1556521e-15  
-6.9248911e-16  1.4691907e-16  1.0000000   -5.4816798e-17  -2.5925577e-16  -5.7664286e-16  -4.2065523e-16  -2.5214646e-16  -1.2661939e-16  -1.0917601e-15  -2.4908287e-16  -4.6929558e-16  9.2947721e-17  1.9684931e-16  -1.6687493e-16  3.8591774e-16  1.9264138e-17  4.9786538e-16  -5.5944402e-16  -4.3038254e-16  1.3778479e-16  -9.1708934e-16  4.8323673e-17  -6.2292874e-17  5.1168217e-16  -2.3208111e-16  -1.6110909e-16  2.5043865e-16  2.8978225e-16  -8.6370974e-17  -3.1101863e-16  -6.9248911e-16  1.4691907e-16  1.0000000   -5.4816798e-17  -2.5925577e-16  -5.7664286e-16  -4.2065523e-16  -2.5214646e-16  -1.2661939e-16  -1.0917601e-15  -2.4908287e-16  -4.6929558e-16  9.2947721e-17  1.9684931e-16  -1.6687493e-16  3.8591774e-16  1.9264138e-17  4.9786538e-16  -5.5944402e-16  -4.3038254e-16  1.3778479e-16  -9.1708934e-16  4.8323673e-17  -6.2292874e-17  5.1168217e-16  -2.3208111e-16  -1.6110909e-16  2.5043865e-16  2.8978225e-16  -8.6370974e-17  -3.1101863e-16  
3.7411219e-17  5.3752304e-16  -5.4816798e-17  1.0000000   8.6880222e-16  1.4720376e-16  5.6471616e-16  -7.5095795e-17  -2.3748185e-16  6.0927315e-16  -2.4165835e-16  6.0070889e-16  1.1749984e-16  -3.5232392e-16  1.4353125e-15  -2.6423673e-16  -3.4385235e-16  2.1144816e-16  -4.1303659e-16  -4.4224746e-17  1.7068721e-17  -5.1773462e-16  -3.2323292e-16  -4.6004900e-16  4.9026686e-16  3.6759691e-17  2.1514113e-16  3.2433468e-16  1.3601116e-16  2.5456059e-18  1.0725424e-16  3.7411219e-17  5.3752304e-16  -5.4816798e-17  1.0000000   8.6880222e-16  1.4720376e-16  5.6471616e-16  -7.5095795e-17  -2.3748185e-16  6.0927315e-16  -2.4165835e-16  6.0070889e-16  1.1749984e-16  -3.5232392e-16  1.4353125e-15  -2.6423673e-16  -3.4385235e-16  2.1144816e-16  -4.1303659e-16  -4.4224746e-17  1.7068721e-17  -5.1773462e-16  -3.2323292e-16  -4.6004900e-16  4.9026686e-16  3.6759691e-17  2.1514113e-16  3.2433468e-16  1.3601116e-16  2.5456059e-18  1.0725424e-16  
-5.2281330e-16  -3.3346663e-17  -2.5925577e-16  8.6880222e-16  1.0000000   3.9847394e-16  -3.4347538e-16  -6.2334855e-16  4.5009656e-16  -1.6516388e-16  -4.8345889e-16  5.8728692e-16  5.8299317e-17  2.0591645e-16  -2.7358697e-16  3.0734138e-16  1.6479604e-16  5.0645554e-16  -1.9056340e-16  1.5912372e-17  1.9228271e-16  8.5259470e-16  -2.9859895e-16  -5.7750768e-17  7.5020748e-16  2.0267861e-17  -3.4746331e-16  7.3534526e-16  -1.9417739e-16  5.6093788e-17  2.8437636e-16  -5.2281330e-16  -3.3346663e-17  -2.5925577e-16  8.6880222e-16  1.0000000   3.9847394e-16  -3.4347538e-16  -6.2334855e-16  4.5009656e-16  -1.6516388e-16  -4.8345889e-16  5.8728692e-16  5.8299317e-17  2.0591645e-16  -2.7358697e-16  3.0734138e-16  1.6479604e-16  5.0645554e-16  -1.9056340e-16  1.5912372e-17  1.9228271e-16  8.5259470e-16  -2.9859895e-16  -5.7750768e-17  7.5020748e-16  2.0267861e-17  -3.4746331e-16  7.3534526e-16  -1.9417739e-16  5.6093788e-17  2.8437636e-16  
5.1246442e-16  -5.1433562e-16  -5.7664286e-16  1.4720376e-16  3.9847394e-16  1.0000000   -4.4416915e-16  1.1072654e-15  -3.6156075e-16  -5.2954415e-17  4.1223467e-16  4.3879704e-16  2.5342244e-16  -3.4417553e-16  3.5108535e-16  7.3679683e-16  3.4094277e-17  -3.7450622e-17  5.6968692e-16  2.8720316e-17  3.1130285e-16  -3.0066246e-16  1.8141497e-16  -3.7560156e-16  1.2042810e-16  3.6009879e-17  -2.8925298e-17  7.7876324e-16  -1.6101597e-16  -3.1157175e-16  -1.6042081e-16  5.1246442e-16  -5.1433562e-16  -5.7664286e-16  1.4720376e-16  3.9847394e-16  1.0000000   -4.4416915e-16  1.1072654e-15  -3.6156075e-16  -5.2954415e-17  4.1223467e-16  4.3879704e-16  2.5342244e-16  -3.4417553e-16  3.5108535e-16  7.3679683e-16  3.4094277e-17  -3.7450622e-17  5.6968692e-16  2.8720316e-17  3.1130285e-16  -3.0066246e-16  1.8141497e-16  -3.7560156e-16  1.2042810e-16  3.6009879e-17  -2.8925298e-17  7.7876324e-16  -1.6101597e-16  -3.1157175e-16  -1.6042081e-16  
1.9351922e-16  2.3660783e-16  -4.2065523e-16  5.6471616e-16  -3.4347538e-16  -4.4416915e-16  1.0000000   1.3762722e-17  3.4229533e-16  9.5279737e-16  -1.4236920e-16  7.9086132e-16  3.1805350e-16  3.9965833e-17  2.8657909e-16  -2.7225194e-16  -4.3060565e-16  2.8874301e-16  -5.5505055e-16  4.3004552e-16  -3.9116345e-17  -6.3356621e-16  -5.7203200e-16  -4.6184835e-16  2.7200948e-16  4.2461584e-16  -3.6253330e-16  2.8453595e-16  -2.4027445e-16  5.4102874e-16  8.9745144e-16  1.9351922e-16  2.3660783e-16  -4.2065523e-16  5.6471616e-16  -3.4347538e-16  -4.4416915e-16  1.0000000   1.3762722e-17  3.4229533e-16  9.5279737e-16  -1.4236920e-16  7.9086132e-16  3.1805350e-16  3.9965833e-17  2.8657909e-16  -2.7225194e-16  -4.3060565e-16  2.8874301e-16  -5.5505055e-16  4.3004552e-16  -3.9116345e-17  -6.3356621e-16  -5.7203200e-16  -4.6184835e-16  2.7200948e-16  4.2461584e-16  -3.6253330e-16  2.8453595e-16  -2.4027445e-16  5.4102874e-16  8.9745144e-16  
7.0618091e-16  -1.8971301e-16  -2.5214646e-16  -7.5095795e-17  -6.2334855e-16  1.1072654e-15  1.3762722e-17  1.0000000   -1.7426980e-17  2.5175617e-16  -5.4785347e-17  -1.3627192e-17  -5.5648026e-17  -1.7895406e-16  3.5572543e-16  -1.0839554e-16  3.4635927e-16  2.3614069e-16  6.4878570e-16  -3.6747569e-16  1.9083395e-16  -2.9823573e-16  -1.1286815e-16  1.6689217e-16  -9.8960806e-17  -3.3650591e-17  4.8439960e-16  3.1200450e-16  2.1272190e-16  -1.7711897e-16  -4.6837844e-16  7.0618091e-16  -1.8971301e-16  -2.5214646e-16  -7.5095795e-17  -6.2334855e-16  1.1072654e-15  1.3762722e-17  1.0000000   -1.7426980e-17  2.5175617e-16  -5.4785347e-17  -1.3627192e-17  -5.5648026e-17  -1.7895406e-16  3.5572543e-16  -1.0839554e-16  3.4635927e-16  2.3614069e-16  6.4878570e-16  -3.6747569e-16  1.9083395e-16  -2.9823573e-16  -1.1286815e-16  1.6689217e-16  -9.8960806e-17  -3.3650591e-17  4.8439960e-16  3.1200450e-16  2.1272190e-16  -1.7711897e-16  -4.6837844e-16  
1.3206178e-16  -2.2238213e-16  -1.2661939e-16  -2.3748185e-16  4.5009656e-16  -3.6156075e-16  3.4229533e-16  -1.7426980e-17  1.0000000   -3.1327856e-16  -8.5849192e-16  2.0436196e-16  5.7012124e-16  -5.9730296e-16  -3.9260136e-16  3.4741039e-16  1.4430701e-17  3.0215416e-16  -7.9955301e-17  -2.0643377e-16  -5.0149175e-17  8.6840697e-16  2.3607601e-16  -1.8903087e-16  5.8158884e-16  3.4232179e-16  -1.6291473e-16  2.9010134e-17  6.6369573e-17  1.3622240e-16  -1.2526310e-16  1.3206178e-16  -2.2238213e-16  -1.2661939e-16  -2.3748185e-16  4.5009656e-16  -3.6156075e-16  3.4229533e-16  -1.7426980e-17  1.0000000   -3.1327856e-16  -8.5849192e-16  2.0436196e-16  5.7012124e-16  -5.9730296e-16  -3.9260136e-16  3.4741039e-16  1.4430701e-17  3.0215416e-16  -7.9955301e-17  -2.0643377e-16  -5.0149175e-17  8.6840697e-16  2.3607601e-16  -1.8903087e-16  5.8158884e-16  3.4232179e-16  -1.6291473e-16  2.9010134e-17  6.6369573e-17  1.3622240e-16  -1.2526310e-16  
-4.9449370e-17  -6.0790428e-16  -1.0917601e-15  6.0927315e-16  -1.6516388e-16  -5.2954415e-17  9.5279737e-16  2.5175617e-16  -3.1327856e-16  1.0000000   9.4550596e-16  3.2361510e-16  -3.8017075e-16  4.5098264e-16  1.5663805e-16  6.8592916e-17  4.8205597e-16  -1.2471176e-15  3.1121588e-16  -2.1308298e-16  2.2768487e-16  9.9711191e-16  1.3535019e-17  -2.4965218e-16  -3.6653179e-16  1.4372772e-16  -2.9230760e-16  2.1654336e-16  1.4284542e-16  -2.4692925e-16  4.4685081e-17  -4.9449370e-17  -6.0790428e-16  -1.0917601e-15  6.0927315e-16  -1.6516388e-16  -5.2954415e-17  9.5279737e-16  2.5175617e-16  -3.1327856e-16  1.0000000   9.4550596e-16  3.2361510e-16  -3.8017075e-16  4.5098264e-16  1.5663805e-16  6.8592916e-17  4.8205597e-16  -1.2471176e-15  3.1121588e-16  -2.1308298e-16  2.2768487e-16  9.9711191e-16  1.3535019e-17  -2.4965218e-16  -3.6653179e-16  1.4372772e-16  -2.9230760e-16  2.1654336e-16  1.4284542e-16  -2.4692925e-16  4.4685081e-17  
2.9042566e-16  3.6116870e-16  -2.4908287e-16  -2.4165835e-16  -4.8345889e-16  4.1223467e-16  -1.4236920e-16  -5.4785347e-17  -8.5849192e-16  9.4550596e-16  1.0000000   -1.3022622e-16  3.6421829e-16  -5.1949488e-16  6.1117877e-16  1.4165956e-15  9.2775085e-17  -5.3677856e-16  -6.5547860e-17  5.2050605e-16  3.5435629e-16  1.8544240e-16  -1.5430039e-16  4.5133486e-17  -4.1852949e-16  -1.2000616e-17  -3.1900630e-16  6.0226092e-17  -6.8835582e-17  2.0270286e-16  -2.2809195e-16  2.9042566e-16  3.6116870e-16  -2.4908287e-16  -2.4165835e-16  -4.8345889e-16  4.1223467e-16  -1.4236920e-16  -5.4785347e-17  -8.5849192e-16  9.4550596e-16  1.0000000   -1.3022622e-16  3.6421829e-16  -5.1949488e-16  6.1117877e-16  1.4165956e-15  9.2775085e-17  -5.3677856e-16  -6.5547860e-17  5.2050605e-16  3.5435629e-16  1.8544240e-16  -1.5430039e-16  4.5133486e-17  -4.1852949e-16  -1.2000616e-17  -3.1900630e-16  6.0226092e-17  -6.8835582e-17  2.0270286e-16  -2.2809195e-16  
4.4109311e-16  -6.9644081e-17  -4.6929558e-16  6.0070889e-16  5.8728692e-16  4.3879704e-16  7.9086132e-16  -1.3627192e-17  2.0436196e-16  3.2361510e-16  -1.3022622e-16  1.0000000   -4.4621795e-16  7.5071001e-17  -2.6438905e-16  -6.6844376e-17  -3.1310057e-16  -8.3232815e-16  -2.4890025e-16  -3.6394842e-16  -8.2289105e-16  2.2502833e-17  -5.6354213e-16  5.0410612e-16  -2.1227261e-17  1.2110712e-16  -5.1021381e-16  -6.5634154e-17  -2.5403500e-16  -5.4551894e-16  -7.3678170e-16  4.4109311e-16  -6.9644081e-17  -4.6929558e-16  6.0070889e-16  5.8728692e-16  4.3879704e-16  7.9086132e-16  -1.3627192e-17  2.0436196e-16  3.2361510e-16  -1.3022622e-16  1.0000000   -4.4621795e-16  7.5071001e-17  -2.6438905e-16  -6.6844376e-17  -3.1310057e-16  -8.3232815e-16  -2.4890025e-16  -3.6394842e-16  -8.2289105e-16  2.2502833e-17  -5.6354213e-16  5.0410612e-16  -2.1227261e-17  1.2110712e-16  -5.1021381e-16  -6.5634154e-17  -2.5403500e-16  -5.4551894e-16  -7.3678170e-16  
-3.8133569e-17  -2.6233775e-17  9.2947721e-17  1.1749984e-16  5.8299317e-17  2.5342244e-16  3.1805350e-16  -5.5648026e-17  5.7012124e-16  -3.8017075e-16  3.6421829e-16  -4.4621795e-16  1.0000000   4.6099686e-16  -2.1210334e-16  -1.3221774e-16  -5.1140921e-18  -7.6012657e-17  8.1710613e-16  -1.4759689e-16  -3.0114055e-16  7.8184319e-16  -1.3779772e-16  -6.7907644e-17  6.7289224e-17  -1.6390326e-16  -4.1487486e-16  4.5144312e-17  2.6635330e-16  3.3996132e-16  -9.4082325e-17  -3.8133569e-17  -2.6233775e-17  9.2947721e-17  1.1749984e-16  5.8299317e-17  2.5342244e-16  3.1805350e-16  -5.5648026e-17  5.7012124e-16  -3.8017075e-16  3.6421829e-16  -4.4621795e-16  1.0000000   4.6099686e-16  -2.1210334e-16  -1.3221774e-16  -5.1140921e-18  -7.6012657e-17  8.1710613e-16  -1.4759689e-16  -3.0114055e-16  7.8184319e-16  -1.3779772e-16  -6.7907644e-17  6.7289224e-17  -1.6390326e-16  -4.1487486e-16  4.5144312e-17  2.6635330e-16  3.3996132e-16  -9.4082325e-17  
8.9187997e-17  -4.0304188e-16  1.9684931e-16  -3.5232392e-16  2.0591645e-16  -3.4417553e-16  3.9965833e-17  -1.7895406e-16  -5.9730296e-16  4.5098264e-16  -5.1949488e-16  7.5071001e-17  4.6099686e-16  1.0000000   1.9812651e-16  1.9725905e-16  -1.2671209e-17  -7.1489469e-16  9.3812730e-17  -1.8416317e-16  8.6947436e-18  1.1868036e-16  1.6359790e-16  -1.4495764e-16  -3.0734069e-17  -2.7117661e-16  5.9467106e-16  3.1340043e-16  5.0184621e-16  4.7770175e-16  6.1722537e-17  8.9187997e-17  -4.0304188e-16  1.9684931e-16  -3.5232392e-16  2.0591645e-16  -3.4417553e-16  3.9965833e-17  -1.7895406e-16  -5.9730296e-16  4.5098264e-16  -5.1949488e-16  7.5071001e-17  4.6099686e-16  1.0000000   1.9812651e-16  1.9725905e-16  -1.2671209e-17  -7.1489469e-16  9.3812730e-17  -1.8416317e-16  8.6947436e-18  1.1868036e-16  1.6359790e-16  -1.4495764e-16  -3.0734069e-17  -2.7117661e-16  5.9467106e-16  3.1340043e-16  5.0184621e-16  4.7770175e-16  6.1722537e-17  
2.9414842e-16  3.2998989e-16  -1.6687493e-16  1.4353125e-15  -2.7358697e-16  3.5108535e-16  2.8657909e-16  3.5572543e-16  -3.9260136e-16  1.5663805e-16  6.1117877e-16  -2.6438905e-16  -2.1210334e-16  1.9812651e-16  1.0000000   -2.4797947e-16  2.1357191e-16  -1.6950254e-16  -3.4085435e-16  2.2005827e-16  -4.3593407e-16  -2.2493986e-16  -7.3833573e-16  1.3148936e-16  -6.3265570e-16  2.0174018e-16  -6.1159285e-16  -1.1299794e-16  -4.9536377e-16  -9.6309798e-17  2.3416221e-17  2.9414842e-16  3.2998989e-16  -1.6687493e-16  1.4353125e-15  -2.7358697e-16  3.5108535e-16  2.8657909e-16  3.5572543e-16  -3.9260136e-16  1.5663805e-16  6.1117877e-16  -2.6438905e-16  -2.1210334e-16  1.9812651e-16  1.0000000   -2.4797947e-16  2.1357191e-16  -1.6950254e-16  -3.4085435e-16  2.2005827e-16  -4.3593407e-16  -2.2493986e-16  -7.3833573e-16  1.3148936e-16  -6.3265570e-16  2.0174018e-16  -6.1159285e-16  -1.1299794e-16  -4.9536377e-16  -9.6309798e-17  2.3416221e-17  
5.0535058e-16  -5.4416240e-18  3.8591774e-16  -2.6423673e-16  3.0734138e-16  7.3679683e-16  -2.7225194e-16  -1.0839554e-16  3.4741039e-16  6.8592916e-17  1.4165956e-15  -6.6844376e-17  -1.3221774e-16  1.9725905e-16  -2.4797947e-16  1.0000000   -1.1277714e-15  7.2494383e-16  -7.9206217e-16  -3.1284910e-16  1.4292460e-16  4.5754483e-17  4.4206328e-16  -1.2954854e-16  1.4236938e-16  3.2027804e-16  4.2931603e-16  -7.1201280e-16  4.3686200e-16  3.6790021e-16  7.0480890e-16  5.0535058e-16  -5.4416240e-18  3.8591774e-16  -2.6423673e-16  3.0734138e-16  7.3679683e-16  -2.7225194e-16  -1.0839554e-16  3.4741039e-16  6.8592916e-17  1.4165956e-15  -6.6844376e-17  -1.3221774e-16  1.9725905e-16  -2.4797947e-16  1.0000000   -1.1277714e-15  7.2494383e-16  -7.9206217e-16  -3.1284910e-16  1.4292460e-16  4.5754483e-17  4.4206328e-16  -1.2954854e-16  1.4236938e-16  3.2027804e-16  4.2931603e-16  -7.1201280e-16  4.3686200e-16  3.6790021e-16  7.0480890e-16  
-5.1012274e-16  8.3345009e-16  1.9264138e-17  -3.4385235e-16  1.6479604e-16  3.4094277e-17  -4.3060565e-16  3.4635927e-16  1.4430701e-17  4.8205597e-16  9.2775085e-17  -3.1310057e-16  -5.1140921e-18  -1.2671209e-17  2.1357191e-16  -1.1277714e-15  1.0000000   1.0909853e-15  -3.3888440e-16  -1.4797819e-17  -4.6276533e-17  -1.5289645e-16  -1.4589090e-16  2.3335862e-16  3.2166936e-16  -2.4556905e-16  3.2445189e-16  -3.5093523e-17  -2.3773067e-16  -4.0151322e-16  8.4278686e-18  -5.1012274e-16  8.3345009e-16  1.9264138e-17  -3.4385235e-16  1.6479604e-16  3.4094277e-17  -4.3060565e-16  3.4635927e-16  1.4430701e-17  4.8205597e-16  9.2775085e-17  -3.1310057e-16  -5.1140921e-18  -1.2671209e-17  2.1357191e-16  -1.1277714e-15  1.0000000   1.0909853e-15  -3.3888440e-16  -1.4797819e-17  -4.6276533e-17  -1.5289645e-16  -1.4589090e-16  2.3335862e-16  3.2166936e-16  -2.4556905e-16  3.2445189e-16  -3.5093523e-17  -2.3773067e-16  -4.0151322e-16  8.4278686e-18  
-7.8268646e-16  -6.5855208e-16  4.9786538e-16  2.1144816e-16  5.0645554e-16  -3.7450622e-17  2.8874301e-16  2.3614069e-16  3.0215416e-16  -1.2471176e-15  -5.3677856e-16  -8.3232815e-16  -7.6012657e-17  -7.1489469e-16  -1.6950254e-16  7.2494383e-16  1.0909853e-15  1.0000000   1.9488992e-16  -6.0067286e-16  -1.0891969e-16  7.2202610e-16  -1.2671158e-16  -8.2703694e-16  -5.3978716e-17  -3.1373611e-17  1.4567592e-16  -5.0302049e-16  -6.0763894e-17  4.3961999e-16  -6.1157944e-16  -7.8268646e-16  -6.5855208e-16  4.9786538e-16  2.1144816e-16  5.0645554e-16  -3.7450622e-17  2.8874301e-16  2.3614069e-16  3.0215416e-16  -1.2471176e-15  -5.3677856e-16  -8.3232815e-16  -7.6012657e-17  -7.1489469e-16  -1.6950254e-16  7.2494383e-16  1.0909853e-15  1.0000000   1.9488992e-16  -6.0067286e-16  -1.0891969e-16  7.2202610e-16  -1.2671158e-16  -8.2703694e-16  -5.3978716e-17  -3.1373611e-17  1.4567592e-16  -5.0302049e-16  -6.0763894e-17  4.3961999e-16  -6.1157944e-16  
8.9559573e-18  2.8739353e-16  -5.5944402e-16  -4.1303659e-16  -1.9056340e-16  5.6968692e-16  -5.5505055e-16  6.4878570e-16  -7.9955301e-17  3.1121588e-16  -6.5547860e-17  -2.4890025e-16  8.1710613e-16  9.3812730e-17  -3.4085435e-16  -7.9206217e-16  -3.3888440e-16  1.9488992e-16  1.0000000   -4.3383272e-16  2.6086583e-17  -1.8994378e-16  -2.9091469e-16  5.2285905e-17  2.2602969e-16  -1.6321278e-16  5.3600362e-16  3.4758249e-16  -1.6577511e-16  3.6416122e-16  5.8790633e-16  8.9559573e-18  2.8739353e-16  -5.5944402e-16  -4.1303659e-16  -1.9056340e-16  5.6968692e-16  -5.5505055e-16  6.4878570e-16  -7.9955301e-17  3.1121588e-16  -6.5547860e-17  -2.4890025e-16  8.1710613e-16  9.3812730e-17  -3.4085435e-16  -7.9206217e-16  -3.3888440e-16  1.9488992e-16  1.0000000   -4.3383272e-16  2.6086583e-17  -1.8994378e-16  -2.9091469e-16  5.2285905e-17  2.2602969e-16  -1.6321278e-16  5.3600362e-16  3.4758249e-16  -1.6577511e-16  3.6416122e-16  5.8790633e-16  
-1.0806251e-16  1.4190747e-18  -4.3038254e-16  -4.4224746e-17  1.5912372e-17  2.8720316e-17  4.3004552e-16  -3.6747569e-16  -2.0643377e-16  -2.1308298e-16  5.2050605e-16  -3.6394842e-16  -1.4759689e-16  -1.8416317e-16  2.2005827e-16  -3.1284910e-16  -1.4797819e-17  -6.0067286e-16  -4.3383272e-16  1.0000000   1.3466027e-16  -3.3998243e-16  1.7628925e-16  2.6805391e-16  4.6644798e-16  -4.6040492e-16  -1.9875525e-16  2.9308087e-16  -2.8496160e-16  1.1602695e-17  -1.4117022e-16  -1.0806251e-16  1.4190747e-18  -4.3038254e-16  -4.4224746e-17  1.5912372e-17  2.8720316e-17  4.3004552e-16  -3.6747569e-16  -2.0643377e-16  -2.1308298e-16  5.2050605e-16  -3.6394842e-16  -1.4759689e-16  -1.8416317e-16  2.2005827e-16  -3.1284910e-16  -1.4797819e-17  -6.0067286e-16  -4.3383272e-16  1.0000000   1.3466027e-16  -3.3998243e-16  1.7628925e-16  2.6805391e-16  4.6644798e-16  -4.6040492e-16  -1.9875525e-16  2.9308087e-16  -2.8496160e-16  1.1602695e-17  -1.4117022e-16  
5.0708371e-16  -7.3825175e-16  1.3778479e-16  1.7068721e-17  1.9228271e-16  3.1130285e-16  -3.9116345e-17  1.9083395e-16  -5.0149175e-17  2.2768487e-16  3.5435629e-16  -8.2289105e-16  -3.0114055e-16  8.6947436e-18  -4.3593407e-16  1.4292460e-16  -4.6276533e-17  -1.0891969e-16  2.6086583e-17  1.3466027e-16  1.0000000   9.6564641e-17  -4.3144865e-16  1.3116402e-16  7.6598050e-17  -1.3568792e-16  7.2914614e-17  -1.7135868e-16  2.1564164e-16  1.1764018e-16  -3.3451362e-16  5.0708371e-16  -7.3825175e-16  1.3778479e-16  1.7068721e-17  1.9228271e-16  3.1130285e-16  -3.9116345e-17  1.9083395e-16  -5.0149175e-17  2.2768487e-16  3.5435629e-16  -8.2289105e-16  -3.0114055e-16  8.6947436e-18  -4.3593407e-16  1.4292460e-16  -4.6276533e-17  -1.0891969e-16  2.6086583e-17  1.3466027e-16  1.0000000   9.6564641e-17  -4.3144865e-16  1.3116402e-16  7.6598050e-17  -1.3568792e-16  7.2914614e-17  -1.7135868e-16  2.1564164e-16  1.1764018e-16  -3.3451362e-16  
5.7024350e-16  8.0097119e-16  -9.1708934e-16  -5.1773462e-16  8.5259470e-16  -3.0066246e-16  -6.3356621e-16  -2.9823573e-16  8.6840697e-16  9.9711191e-16  1.8544240e-16  2.2502833e-17  7.8184319e-16  1.1868036e-16  -2.2493986e-16  4.5754483e-17  -1.5289645e-16  7.2202610e-16  -1.8994378e-16  -3.3998243e-16  9.6564641e-17  1.0000000   -2.9654454e-16  -9.2749525e-17  3.0494996e-16  -1.6438396e-16  1.1619716e-16  -1.5034947e-17  2.2811722e-16  -2.2734226e-16  5.8957563e-16  5.7024350e-16  8.0097119e-16  -9.1708934e-16  -5.1773462e-16  8.5259470e-16  -3.0066246e-16  -6.3356621e-16  -2.9823573e-16  8.6840697e-16  9.9711191e-16  1.8544240e-16  2.2502833e-17  7.8184319e-16  1.1868036e-16  -2.2493986e-16  4.5754483e-17  -1.5289645e-16  7.2202610e-16  -1.8994378e-16  -3.3998243e-16  9.6564641e-17  1.0000000   -2.9654454e-16  -9.2749525e-17  3.0494996e-16  -1.6438396e-16  1.1619716e-16  -1.5034947e-17  2.2811722e-16  -2.2734226e-16  5.8957563e-16  
2.6966762e-16  2.0260914e-16  4.8323673e-17  -3.2323292e-16  -2.9859895e-16  1.8141497e-16  -5.7203200e-16  -1.1286815e-16  2.3607601e-16  1.3535019e-17  -1.5430039e-16  -5.6354213e-16  -1.3779772e-16  1.6359790e-16  -7.3833573e-16  4.4206328e-16  -1.4589090e-16  -1.2671158e-16  -2.9091469e-16  1.7628925e-16  -4.3144865e-16  -2.9654454e-16  1.0000000   2.2254141e-16  -3.5100948e-17  -3.4405587e-16  3.8206547e-16  -3.3103376e-17  -5.8732075e-16  -8.3280823e-17  -8.4881751e-16  2.6966762e-16  2.0260914e-16  4.8323673e-17  -3.2323292e-16  -2.9859895e-16  1.8141497e-16  -5.7203200e-16  -1.1286815e-16  2.3607601e-16  1.3535019e-17  -1.5430039e-16  -5.6354213e-16  -1.3779772e-16  1.6359790e-16  -7.3833573e-16  4.4206328e-16  -1.4589090e-16  -1.2671158e-16  -2.9091469e-16  1.7628925e-16  -4.3144865e-16  -2.9654454e-16  1.0000000   2.2254141e-16  -3.5100948e-17  -3.4405587e-16  3.8206547e-16  -3.3103376e-17  -5.8732075e-16  -8.3280823e-17  -8.4881751e-16  
-4.1392225e-16  -5.1105239e-16  -6.2292874e-17  -4.6004900e-16  -5.7750768e-17  -3.7560156e-16  -4.6184835e-16  1.6689217e-16  -1.8903087e-16  -2.4965218e-16  4.5133486e-17  5.0410612e-16  -6.7907644e-17  -1.4495764e-16  1.3148936e-16  -1.2954854e-16  2.3335862e-16  -8.2703694e-16  5.2285905e-17  2.6805391e-16  1.3116402e-16  -9.2749525e-17  2.2254141e-16  1.0000000   -1.1220840e-16  -1.0219769e-16  3.2168712e-16  -3.5744148e-16  -3.1426391e-16  1.0738998e-16  -2.3803520e-16  -4.1392225e-16  -5.1105239e-16  -6.2292874e-17  -4.6004900e-16  -5.7750768e-17  -3.7560156e-16  -4.6184835e-16  1.6689217e-16  -1.8903087e-16  -2.4965218e-16  4.5133486e-17  5.0410612e-16  -6.7907644e-17  -1.4495764e-16  1.3148936e-16  -1.2954854e-16  2.3335862e-16  -8.2703694e-16  5.2285905e-17  2.6805391e-16  1.3116402e-16  -9.2749525e-17  2.2254141e-16  1.0000000   -1.1220840e-16  -1.0219769e-16  3.2168712e-16  -3.5744148e-16  -3.1426391e-16  1.0738998e-16  -2.3803520e-16  
1.8131338e-16  -7.7351530e-16  5.1168217e-16  4.9026686e-16  7.5020748e-16  1.2042810e-16  2.7200948e-16  -9.8960806e-17  5.8158884e-16  -3.6653179e-16  -4.1852949e-16  -2.1227261e-17  6.7289224e-17  -3.0734069e-17  -6.3265570e-16  1.4236938e-16  3.2166936e-16  -5.3978716e-17  2.2602969e-16  4.6644798e-16  7.6598050e-17  3.0494996e-16  -3.5100948e-17  -1.1220840e-16  1.0000000   -5.3523064e-16  2.7409960e-17  1.4285180e-16  -8.5759912e-16  2.4076479e-16  8.7275117e-17  1.8131338e-16  -7.7351530e-16  5.1168217e-16  4.9026686e-16  7.5020748e-16  1.2042810e-16  2.7200948e-16  -9.8960806e-17  5.8158884e-16  -3.6653179e-16  -4.1852949e-16  -2.1227261e-17  6.7289224e-17  -3.0734069e-17  -6.3265570e-16  1.4236938e-16  3.2166936e-16  -5.3978716e-17  2.2602969e-16  4.6644798e-16  7.6598050e-17  3.0494996e-16  -3.5100948e-17  -1.1220840e-16  1.0000000   -5.3523064e-16  2.7409960e-17  1.4285180e-16  -8.5759912e-16  2.4076479e-16  8.7275117e-17  
-1.3700407e-16  7.0488627e-16  -2.3208111e-16  3.6759691e-17  2.0267861e-17  3.6009879e-17  4.2461584e-16  -3.3650591e-17  3.4232179e-16  1.4372772e-16  -1.2000616e-17  1.2110712e-16  -1.6390326e-16  -2.7117661e-16  2.0174018e-16  3.2027804e-16  -2.4556905e-16  -3.1373611e-17  -1.6321278e-16  -4.6040492e-16  -1.3568792e-16  -1.6438396e-16  -3.4405587e-16  -1.0219769e-16  -5.3523064e-16  1.0000000   1.3101211e-16  -3.4818292e-16  3.8471755e-16  -8.4619349e-17  -3.1552565e-16  -1.3700407e-16  7.0488627e-16  -2.3208111e-16  3.6759691e-17  2.0267861e-17  3.6009879e-17  4.2461584e-16  -3.3650591e-17  3.4232179e-16  1.4372772e-16  -1.2000616e-17  1.2110712e-16  -1.6390326e-16  -2.7117661e-16  2.0174018e-16  3.2027804e-16  -2.4556905e-16  -3.1373611e-17  -1.6321278e-16  -4.6040492e-16  -1.3568792e-16  -1.6438396e-16  -3.4405587e-16  -1.0219769e-16  -5.3523064e-16  1.0000000   1.3101211e-16  -3.4818292e-16  3.8471755e-16  -8.4619349e-17  -3.1552565e-16  
-2.9451053e-16  -2.1805164e-16  -1.6110909e-16  2.1514113e-16  -3.4746331e-16  -2.8925298e-17  -3.6253330e-16  4.8439960e-16  -1.6291473e-16  -2.9230760e-16  -3.1900630e-16  -5.1021381e-16  -4.1487486e-16  5.9467106e-16  -6.1159285e-16  4.2931603e-16  3.2445189e-16  1.4567592e-16  5.3600362e-16  -1.9875525e-16  7.2914614e-17  1.1619716e-16  3.8206547e-16  3.2168712e-16  2.7409960e-17  1.3101211e-16  1.0000000   -1.4839313e-16  -3.6162643e-16  5.8850729e-16  1.7751936e-16  -2.9451053e-16  -2.1805164e-16  -1.6110909e-16  2.1514113e-16  -3.4746331e-16  -2.8925298e-17  -3.6253330e-16  4.8439960e-16  -1.6291473e-16  -2.9230760e-16  -3.1900630e-16  -5.1021381e-16  -4.1487486e-16  5.9467106e-16  -6.1159285e-16  4.2931603e-16  3.2445189e-16  1.4567592e-16  5.3600362e-16  -1.9875525e-16  7.2914614e-17  1.1619716e-16  3.8206547e-16  3.2168712e-16  2.7409960e-17  1.3101211e-16  1.0000000   -1.4839313e-16  -3.6162643e-16  5.8850729e-16  1.7751936e-16  
3.9803617e-16  -7.1621185e-16  2.5043865e-16  3.2433468e-16  7.3534526e-16  7.7876324e-16  2.8453595e-16  3.1200450e-16  2.9010134e-17  2.1654336e-16  6.0226092e-17  -6.5634154e-17  4.5144312e-17  3.1340043e-16  -1.1299794e-16  -7.1201280e-16  -3.5093523e-17  -5.0302049e-16  3.4758249e-16  2.9308087e-16  -1.7135868e-16  -1.5034947e-17  -3.3103376e-17  -3.5744148e-16  1.4285180e-16  -3.4818292e-16  -1.4839313e-16  1.0000000   -4.0423359e-16  3.9140471e-16  -1.3293520e-16  3.9803617e-16  -7.1621185e-16  2.5043865e-16  3.2433468e-16  7.3534526e-16  7.7876324e-16  2.8453595e-16  3.1200450e-16  2.9010134e-17  2.1654336e-16  6.0226092e-17  -6.5634154e-17  4.5144312e-17  3.1340043e-16  -1.1299794e-16  -7.1201280e-16  -3.5093523e-17  -5.0302049e-16  3.4758249e-16  2.9308087e-16  -1.7135868e-16  -1.5034947e-17  -3.3103376e-17  -3.5744148e-16  1.4285180e-16  -3.4818292e-16  -1.4839313e-16  1.0000000   -4.0423359e-16  3.9140471e-16  -1.3293520e-16  
5.8529661e-16  -1.4690357e-17  2.8978225e-16  1.3601116e-16  -1.9417739e-16  -1.6101597e-16  -2.4027445e-16  2.1272190e-16  6.6369573e-17  1.4284542e-16  -6.8835582e-17  -2.5403500e-16  2.6635330e-16  5.0184621e-16  -4.9536377e-16  4.3686200e-16  -2.3773067e-16  -6.0763894e-17  -1.6577511e-16  -2.8496160e-16  2.1564164e-16  2.2811722e-16  -5.8732075e-16  -3.1426391e-16  -8.5759912e-16  3.8471755e-16  -3.6162643e-16  -4.0423359e-16  1.0000000   3.5744600e-16  -2.5284434e-16  5.8529661e-16  -1.4690357e-17  2.8978225e-16  1.3601116e-16  -1.9417739e-16  -1.6101597e-16  -2.4027445e-16  2.1272190e-16  6.6369573e-17  1.4284542e-16  -6.8835582e-17  -2.5403500e-16  2.6635330e-16  5.0184621e-16  -4.9536377e-16  4.3686200e-16  -2.3773067e-16  -6.0763894e-17  -1.6577511e-16  -2.8496160e-16  2.1564164e-16  2.2811722e-16  -5.8732075e-16  -3.1426391e-16  -8.5759912e-16  3.8471755e-16  -3.6162643e-16  -4.0423359e-16  1.0000000   3.5744600e-16  -2.5284434e-16  
1.7538785e-16  2.6187078e-16  -8.6370974e-17  2.5456059e-18  5.6093788e-17  -3.1157175e-16  5.4102874e-16  -1.7711897e-16  1.3622240e-16  -2.4692925e-16  2.0270286e-16  -5.4551894e-16  3.3996132e-16  4.7770175e-16  -9.6309798e-17  3.6790021e-16  -4.0151322e-16  4.3961999e-16  3.6416122e-16  1.1602695e-17  1.1764018e-16  -2.2734226e-16  -8.3280823e-17  1.0738998e-16  2.4076479e-16  -8.4619349e-17  5.8850729e-16  3.9140471e-16  3.5744600e-16  1.0000000   2.3290157e-16  1.7538785e-16  2.6187078e-16  -8.6370974e-17  2.5456059e-18  5.6093788e-17  -3.1157175e-16  5.4102874e-16  -1.7711897e-16  1.3622240e-16  -2.4692925e-16  2.0270286e-16  -5.4551894e-16  3.3996132e-16  4.7770175e-16  -9.6309798e-17  3.6790021e-16  -4.0151322e-16  4.3961999e-16  3.6416122e-16  1.1602695e-17  1.1764018e-16  -2.2734226e-16  -8.3280823e-17  1.0738998e-16  2.4076479e-16  -8.4619349e-17  5.8850729e-16  3.9140471e-16  3.5744600e-16  1.0000000   2.3290157e-16  
8.3521483e-16  -1.1556521e-15  -3.1101863e-16  1.0725424e-16  2.8437636e-16  -1.6042081e-16  8.9745144e-16  -4.6837844e-16  -1.2526310e-16  4.4685081e-17  -2.2809195e-16  -7.3678170e-16  -9.4082325e-17  6.1722537e-17  2.3416221e-17  7.0480890e-16  8.4278686e-18  -6.1157944e-16  5.8790633e-16  -1.4117022e-16  -3.3451362e-16  5.8957563e-16  -8.4881751e-16  -2.3803520e-16  8.7275117e-17  -3.1552565e-16  1.7751936e-16  -1.3293520e-16  -2.5284434e-16  2.3290157e-16  1.0000000   8.3521483e-16  -1.1556521e-15  -3.1101863e-16  1.0725424e-16  2.8437636e-16  -1.6042081e-16  8.9745144e-16  -4.6837844e-16  -1.2526310e-16  4.4685081e-17  -2.2809195e-16  -7.3678170e-16  -9.4082325e-17  6.1722537e-17  2.3416221e-17  7.0480890e-16  8.4278686e-18  -6.1157944e-16  5.8790633e-16  -1.4117022e-16  -3.3451362e-16  5.8957563e-16  -8.4881751e-16  -2.3803520e-16  8.7275117e-17  -3.1552565e-16  1.7751936e-16  -1.3293520e-16  -2.5284434e-16  2.3290157e-16  1.0000000   
1.0000000   -2.0752262e-16  -6.9248911e-16  3.7411219e-17  -5.2281330e-16  5.1246442e-16  1.9351922e-16  7.0618091e-16  1.3206178e-16  -4.9449370e-17  2.9042566e-16  4.4109311e-16  -3.8133569e-17  8.9187997e-17  2.9414842e-16  5.0535058e-16  -5.1012274e-16  -7.8268646e-16  8.9559573e-18  -1.0806251e-16  5.0708371e-16  5.7024350e-16  2.6966762e-16  -4.1392225e-16  1.8131338e-16  -1.3700407e-16  -2.9451053e-16  3.9803617e-16  5.8529661e-16  1.7538785e-16  8.3521483e-16  1.0000000   -2.0752262e-16  -6.9248911e-16  3.7411219e-17  -5.2281330e-16  5.1246442e-16  1.9351922e-16  7.0618091e-16  1.3206178e-16  -4.9449370e-17  2.9042566e-16  4.4109311e-16  -3.8133569e-17  8.9187997e-17  2.9414842e-16  5.0535058e-16  -5.1012274e-16  -7.8268646e-16  8.9559573e-18  -1.0806251e-16  5.0708371e-16  5.7024350e-16  2.6966762e-16  -4.1392225e-16  1.8131338e-16  -1.3700407e-16  -2.9451053e-16  3.9803617e-16  5.8529661e-16  1.7538785e-16  8.3521483e-16  
-2.0752262e-16  1.0000000   1.4691907e-16  5.3752304e-16  -3.3346663e-17  -5.1433562e-16  2.3660783e-16  -1.8971301e-16  -2.2238213e-16  -6.0790428e-16  3.6116870e-16  -6.9644081e-17  -2.6233775e-17  -4.0304188e-16  3.2998989e-16  -5.4416240e-18  8.3345009e-16  -6.5855208e-16  2.8739353e-16  1.4190747e-18  -7.3825175e-16  8.0097119e-16  2.0260914e-16  -5.1105239e-16  -7.7351530e-16  7.0488627e-16  -2.1805164e-16  -7.1621185e-16  -1.4690357e-17  2.6187078e-16  -1.1556521e-15  -2.0752262e-16  1.0000000   1.4691907e-16  5.3752304e-16  -3.3346663e-17  -5.1433562e-16  2.3660783e-16  -1.8971301e-16  -2.2238213e-16  -6.0790428e-16  3.6116870e-16  -6.9644081e-17  -2.6233775e-17  -4.0304188e-16  3.2998989e-16  -5.4416240e-18  8.3345009e-16  -6.5855208e-16  2.8739353e-16  1.4190747e-18  -7.3825175e-16  8.0097119e-16  2.0260914e-16  -5.1105239e-16  -7.7351530e-16  7.0488627e-16  -2.1805164e-16  -7.1621185e-16  -1.4690357e-17  2.6187078e-16  -1.1556521e-15  
-6.9248911e-16  1.4691907e-16  1.0000000   -5.4816798e-17  -2.5925577e-16  -5.7664286e-16  -4.2065523e-16  -2.5214646e-16  -1.2661939e-16  -1.0917601e-15  -2.4908287e-16  -4.6929558e-16  9.2947721e-17  1.9684931e-16  -1.6687493e-16  3.8591774e-16  1.9264138e-17  4.9786538e-16  -5.5944402e-16  -4.3038254e-16  1.3778479e-16  -9.1708934e-16  4.8323673e-17  -6.2292874e-17  5.1168217e-16  -2.3208111e-16  -1.6110909e-16  2.5043865e-16  2.8978225e-16  -8.6370974e-17  -3.1101863e-16  -6.9248911e-16  1.4691907e-16  1.0000000   -5.4816798e-17  -2.5925577e-16  -5.7664286e-16  -4.2065523e-16  -2.5214646e-16  -1.2661939e-16  -1.0917601e-15  -2.4908287e-16  -4.6929558e-16  9.2947721e-17  1.9684931e-16  -1.6687493e-16  3.8591774e-16  1.9264138e-17  4.9786538e-16  -5.5944402e-16  -4.3038254e-16  1.3778479e-16  -9.1708934e-16  4.8323673e-17  -6.2292874e-17  5.1168217e-16  -2.3208111e-16  -1.6110909e-16  2.5043865e-16  2.8978225e-16  -8.6370974e-17  -3.1101863e-16  
3.7411219e-17  5.3752304e-16  -5.4816798e-17  1.0000000   8.6880222e-16  1.4720376e-16  5.6471616e-16  -7.5095795e-17  -2.3748185e-16  6.0927315e-16  -2.4165835e-16  6.0070889e-16  1.1749984e-16  -3.5232392e-16  1.4353125e-15  -2.6423673e-16  -3.4385235e-16  2.1144816e-16  -4.1303659e-16  -4.4224746e-17  1.7068721e-17  -5.1773462e-16  -3.2323292e-16  -4.6004900e-16  4.9026686e-16  3.6759691e-17  2.1514113e-16  3.2433468e-16  1.3601116e-16  2.5456059e-18  1.0725424e-16  3.7411219e-17  5.3752304e-16  -5.4816798e-17  1.0000000   8.6880222e-16  1.4720376e-16  5.6471616e-16  -7.5095795e-17  -2.3748185e-16  6.0927315e-16  -2.4165835e-16  6.0070889e-16  1.1749984e-16  -3.5232392e-16  1.4353125e-15  -2.6423673e-16  -3.4385235e-16  2.1144816e-16  -4.1303659e-16  -4.4224746e-17  1.7068721e-17  -5.1773462e-16  -3.2323292e-16  -4.6004900e-16  4.9026686e-16  3.6759691e-17  2.1514113e-16  3.2433468e-16  1.3601116e-16  2.5456059e-18  1.0725424e-16  
-5.2281330e-16  -3.3346663e-17  -2.5925577e-16  8.6880222e-16  1.0000000   3.9847394e-16  -3.4347538e-16  -6.2334855e-16  4.5009656e-16  -1.6516388e-16  -4.8345889e-16  5.8728692e-16  5.8299317e-17  2.0591645e-16  -2.7358697e-16  3.0734138e-16  1.6479604e-16  5.0645554e-16  -1.9056340e-16  1.5912372e-17  1.9228271e-16  8.5259470e-16  -2.9859895e-16  -5.7750768e-17  7.5020748e-16  2.0267861e-17  -3.4746331e-16  7.3534526e-16  -1.9417739e-16  5.6093788e-17  2.8437636e-16  -5.2281330e-16  -3.3346663e-17  -2.5925577e-16  8.6880222e-16  1.0000000   3.9847394e-16  -3.4347538e-16  -6.2334855e-16  4.5009656e-16  -1.6516388e-16  -4.8345889e-16  5.8728692e-16  5.8299317e-17  2.0591645e-16  -2.7358697e-16  3.0734138e-16  1.6479604e-16  5.0645554e-16  -1.9056340e-16  1.5912372e-17  1.9228271e-16  8.5259470e-16  -2.9859895e-16  -5.7750768e-17  7.5020748e-16  2.0267861e-17  -3.4746331e-16  7.3534526e-16  -1.9417739e-16  5.6093788e-17  2.8437636e-16  
5.1246442e-16  -5.1433562e-16  -5.7664286e-16  1.4720376e-16  3.9847394e-16  1.0000000   -4.4416915e-16  1.1072654e-15  -3.6156075e-16  -5.2954415e-17  4.1223467e-16  4.3879704e-16  2.5342244e-16  -3.4417553e-16  3.5108535e-16  7.3679683e-16  3.4094277e-17  -3.7450622e-17  5.6968692e-16  2.8720316e-17  3.1130285e-16  -3.0066246e-16  1.8141497e-16  -3.7560156e-16  1.2042810e-16  3.6009879e-17  -2.8925298e-17  7.7876324e-16  -1.6101597e-16  -3.1157175e-16  -1.6042081e-16  5.1246442e-16  -5.1433562e-16  -5.7664286e-16  1.4720376e-16  3.9847394e-16  1.0000000   -4.4416915e-16  1.1072654e-15  -3.6156075e-16  -5.2954415e-17  4.1223467e-16  4.3879704e-16  2.5342244e-16  -3.4417553e-16  3.5108535e-16  7.3679683e-16  3.4094277e-17  -3.7450622e-17  5.6968692e-16  2.8720316e-17  3.1130285e-16  -3.0066246e-16  1.8141497e-16  -3.7560156e-16  1.2042810e-16  3.6009879e-17  -2.8925298e-17  7.7876324e-16  -1.6101597e-16  -3.1157175e-16  -1.6042081e-16  
1.9351922e-16  2.3660783e-16  -4.2065523e-16  5.6471616e-16  -3.4347538e-16  -4.4416915e-16  1.0000000   1.3762722e-17  3.4229533e-16  9.5279737e-16  -1.4236920e-16  7.9086132e-16  3.1805350e-16  3.9965833e-17  2.8657909e-16  -2.7225194e-16  -4.3060565e-16  2.8874301e-16  -5.5505055e-16  4.3004552e-16  -3.9116345e-17  -6.3356621e-16  -5.7203200e-16  -4.6184835e-16  2.7200948e-16  4.2461584e-16  -3.6253330e-16  2.8453595e-16  -2.4027445e-16  5.4102874e-16  8.9745144e-16  1.9351922e-16  2.3660783e-16  -4.2065523e-16  5.6471616e-16  -3.4347538e-16  -4.4416915e-16  1.0000000   1.3762722e-17  3.4229533e-16  9.5279737e-16  -1.4236920e-16  7.9086132e-16  3.1805350e-16  3.9965833e-17  2.8657909e-16  -2.7225194e-16  -4.3060565e-16  2.8874301e-16  -5.5505055e-16  4.3004552e-16  -3.9116345e-17  -6.3356621e-16  -5.7203200e-16  -4.6184835e-16  2.7200948e-16  4.2461584e-16  -3.6253330e-16  2.8453595e-16  -2.4027445e-16  5.4102874e-16  8.9745144e-16  
7.0618091e-16  -1.8971301e-16  -2.5214646e-16  -7.5095795e-17  -6.2334855e-16  1.1072654e-15  1.3762722e-17  1.0000000   -1.7426980e-17  2.5175617e-16  -5.4785347e-17  -1.3627192e-17  -5.5648026e-17  -1.7895406e-16  3.5572543e-16  -1.0839554e-16  3.4635927e-16  2.3614069e-16  6.4878570e-16  -3.6747569e-16  1.9083395e-16  -2.9823573e-16  -1.1286815e-16  1.6689217e-16  -9.8960806e-17  -3.3650591e-17  4.8439960e-16  3.1200450e-16  2.1272190e-16  -1.7711897e-16  -4.6837844e-16  7.0618091e-16  -1.8971301e-16  -2.5214646e-16  -7.5095795e-17  -6.2334855e-16  1.1072654e-15  1.3762722e-17  1.0000000   -1.7426980e-17  2.5175617e-16  -5.4785347e-17  -1.3627192e-17  -5.5648026e-17  -1.7895406e-16  3.5572543e-16  -1.0839554e-16  3.4635927e-16  2.3614069e-16  6.4878570e-16  -3.6747569e-16  1.9083395e-16  -2.9823573e-16  -1.1286815e-16  1.6689217e-16  -9.8960806e-17  -3.3650591e-17  4.8439960e-16  3.1200450e-16  2.1272190e-16  -1.7711897e-16  -4.6837844e-16  
1.3206178e-16  -2.2238213e-16  -1.2661939e-16  -2.3748185e-16  4.5009656e-16  -3.6156075e-16  3.4229533e-16  -1.7426980e-17  1.0000000   -3.1327856e-16  -8.5849192e-16  2.0436196e-16  5.7012124e-16  -5.9730296e-16  -3.9260136e-16  3.4741039e-16  1.4430701e-17  3.0215416e-16  -7.9955301e-17  -2.0643377e-16  -5.0149175e-17  8.6840697e-16  2.3607601e-16  -1.8903087e-16  5.8158884e-16  3.4232179e-16  -1.6291473e-16  2.9010134e-17  6.6369573e-17  1.3622240e-16  -1.2526310e-16  1.3206178e-16  -2.2238213e-16  -1.2661939e-16  -2.3748185e-16  4.5009656e-16  -3.6156075e-16  3.4229533e-16  -1.7426980e-17  1.0000000   -3.1327856e-16  -8.5849192e-16  2.0436196e-16  5.7012124e-16  -5.9730296e-16  -3.9260136e-16  3.4741039e-16  1.4430701e-17  3.0215416e-16  -7.9955301e-17  -2.0643377e-16  -5.0149175e-17  8.6840697e-16  2.3607601e-16  -1.8903087e-16  5.8158884e-16  3.4232179e-16  -1.6291473e-16  2.9010134e-17  6.6369573e-17  1.3622240e-16  -1.2526310e-16  
-4.9449370e-17  -6.0790428e-16  -1.0917601e-15  6.0927315e-16  -1.6516388e-16  -5.2954415e-17  9.5279737e-16  2.5175617e-16  -3.1327856e-16  1.0000000   9.4550596e-16  3.2361510e-16  -3.8017075e-16  4.5098264e-16  1.5663805e-16  6.8592916e-17  4.8205597e-16  -1.2471176e-15  3.1121588e-16  -2.1308298e-16  2.2768487e-16  9.9711191e-16  1.3535019e-17  -2.4965218e-16  -3.6653179e-16  1.4372772e-16  -2.9230760e-16  2.1654336e-16  1.4284542e-16  -2.4692925e-16  4.4685081e-17  -4.9449370e-17  -6.0790428e-16  -1.0917601e-15  6.0927315e-16  -1.6516388e-16  -5.2954415e-17  9.5279737e-16  2.5175617e-16  -3.1327856e-16  1.0000000   9.4550596e-16  3.2361510e-16  -3.8017075e-16  4.5098264e-16  1.5663805e-16  6.8592916e-17  4.8205597e-16  -1.2471176e-15  3.1121588e-16  -2.1308298e-16  2.2768487e-16  9.9711191e-16  1.3535019e-17  -2.4965218e-16  -3.6653179e-16  1.4372772e-16  -2.9230760e-16  2.1654336e-16  1.4284542e-16  -2.4692925e-16  4.4685081e-17  
