1.0000000   3.8718937e-16  4.9776891e-16  -5.4657453e-16  -3.1488839e-16  -6.1861708e-17  1.3184812e-16  -4.2701075e-16  -4.3467445e-16  -1.5196553e-16  -4.7772204e-16  -4.5130577e-18  1.4506037e-16  6.2855409e-16  -2.9881712e-16  -8.2047681e-18  -7.2514773e-16  3.9247469e-16  -7.6840579e-17  -1.0388396e-16  -2.4598805e-16  6.4713465e-16  -9.9494318e-17  5.8941208e-16  -3.8679642e-16  -2.2808108e-16  3.6252771e-16  -9.8559285e-17  2.7252182e-16  2.7090694e-16  4.4350141e-16  1.0000000   3.8718937e-16  4.9776891e-16  -5.4657453e-16  -3.1488839e-16  -6.1861708e-17  1.3184812e-16  -4.2701075e-16  -4.3467445e-16  -1.5196553e-16  -4.7772204e-16  -4.5130577e-18  1.4506037e-16  6.2855409e-16  -2.9881712e-16  -8.2047681e-18  -7.2514773e-16  3.9247469e-16  -7.6840579e-17  -1.0388396e-16  -2.4598805e-16  6.4713465e-16  -9.9494318e-17  5.8941208e-16  -3.8679642e-16  -2.2808108e-16  3.6252771e-16  -9.8559285e-17  2.7252182e-16  2.7090694e-16  4.4350141e-16  
3.8718937e-16  1.0000000   8.2498192e-16  -2.9398322e-16  -2.7025488e-16  -4.2904442e-16  5.4449316e-16  -9.6018505e-16  6.0375068e-16  8.5573532e-16  1.0709756e-16  5.5209210e-17  -1.1582815e-17  1.5511351e-16  -4.2131990e-16  -1.2520048e-16  -5.4243421e-17  -6.9302140e-16  2.1631118e-16  -8.9225076e-17  5.2719689e-16  -3.9045824e-16  6.7222417e-16  7.9392659e-16  2.4118721e-17  -3.6282737e-16  -4.4031132e-16  9.1613970e-16  4.2384329e-16  5.7258791e-16  -8.4196927e-16  3.8718937e-16  1.0000000   8.2498192e-16  -2.9398322e-16  -2.7025488e-16  -4.2904442e-16  5.4449316e-16  -9.6018505e-16  6.0375068e-16  8.5573532e-16  1.0709756e-16  5.5209210e-17  -1.1582815e-17  1.5511351e-16  -4.2131990e-16  -1.2520048e-16  -5.4243421e-17  -6.9302140e-16  2.1631118e-16  -8.9225076e-17  5.2719689e-16  -3.9045824e-16  6.7222417e-16  7.9392659e-16  2.4118721e-17  -3.6282737e-16  -4.4031132e-16  9.1613970e-16  4.2384329e-16  5.7258791e-16  -8.4196927e-16  
4.9776891e-16  8.2498192e-16  1.0000000   5.3932228e-16  3.3672817e-16  -5.4972377e-16  2.7297153e-16  4.4858936e-16  7.2393524e-16  1.7564612e-15  2.6180331e-16  -5.7105419e-16  5.0252731e-17  -9.0997350e-16  2.3937559e-16  -3.3342266e-16  -2.9243164e-16  5.6905689e-16  -3.4656071e-16  -6.9848914e-16  -5.1591216e-16  -3.3279712e-16  -2.4519524e-16  -1.1873330e-15  7.0150203e-16  -6.6965193e-16  -4.6745464e-16  -1.1344158e-16  -5.4342802e-16  5.8120557e-16  -3.3800506e-16  4.9776891e-16  8.2498192e-16  1.0000000   5.3932228e-16  3.3672817e-16  -5.4972377e-16  2.7297153e-16  4.4858936e-16  7.2393524e-16  1.7564612e-15  2.6180331e-16  -5.7105419e-16  5.0252731e-17  -9.0997350e-16  2.3937559e-16  -3.3342266e-16  -2.9243164e-16  5.6905689e-16  -3.4656071e-16  -6.9848914e-16  -5.1591216e-16  -3.3279712e-16  -2.4519524e-16  -1.1873330e-15  7.0150203e-16  -6.6965193e-16  -4.6745464e-16  -1.1344158e-16  -5.4342802e-16  5.8120557e-16  -3.3800506e-16  
-5.4657453e-16  -2.9398322e-16  5.3932228e-16  1.0000000   1.8025863e-16  -8.3485681e-16  -4.9809165e-16  6.6776823e-16  1.7451225e-16  -1.6837054e-16  5.5529829e-16  -2.2603565e-16  1.4910063e-16  5.8331056e-16  -6.5379730e-16  1.3702957e-16  1.7411237e-16  3.8554925e-17  8.3682038e-17  2.0093387e-16  -4.2185398e-16  -2.0183203e-16  -1.0602101e-16  4.8030346e-18  -1.3602854e-16  5.3681289e-17  1.7990579e-16  -2.9511412e-17  -5.7770819e-17  1.8307866e-16  7.0410090e-16  -5.4657453e-16  -2.9398322e-16  5.3932228e-16  1.0000000   1.8025863e-16  -8.3485681e-16  -4.9809165e-16  6.6776823e-16  1.7451225e-16  -1.6837054e-16  5.5529829e-16  -2.2603565e-16  1.4910063e-16  5.8331056e-16  -6.5379730e-16  1.3702957e-16  1.7411237e-16  3.8554925e-17  8.3682038e-17  2.0093387e-16  -4.2185398e-16  -2.0183203e-16  -1.0602101e-16  4.8030346e-18  -1.3602854e-16  5.3681289e-17  1.7990579e-16  -2.9511412e-17  -5.7770819e-17  1.8307866e-16  7.0410090e-16  
-3.1488839e-16  -2.7025488e-16  3.3672817e-16  1.8025863e-16  1.0000000   7.8831540e-16  -4.3985329e-16  2.7723404e-16  2.4623161e-16  -3.4229467e-16  7.1299078e-16  -6.2331871e-17  4.7076386e-16  -1.8062354e-16  4.5487694e-17  4.4870532e-16  1.3466498e-16  1.2465983e-16  -3.9137102e-16  3.5123187e-16  -3.0837312e-16  -7.7017784e-17  4.2232128e-16  -2.3775726e-17  9.6750723e-16  -1.1815050e-15  -2.1438405e-16  -9.2989736e-16  1.4575221e-16  2.9204858e-16  2.7792873e-16  -3.1488839e-16  -2.7025488e-16  3.3672817e-16  1.8025863e-16  1.0000000   7.8831540e-16  -4.3985329e-16  2.7723404e-16  2.4623161e-16  -3.4229467e-16  7.1299078e-16  -6.2331871e-17  4.7076386e-16  -1.8062354e-16  4.5487694e-17  4.4870532e-16  1.3466498e-16  1.2465983e-16  -3.9137102e-16  3.5123187e-16  -3.0837312e-16  -7.7017784e-17  4.2232128e-16  -2.3775726e-17  9.6750723e-16  -1.1815050e-15  -2.1438405e-16  -9.2989736e-16  1.4575221e-16  2.9204858e-16  2.7792873e-16  
-6.1861708e-17  -4.2904442e-16  -5.4972377e-16  -8.3485681e-16  7.8831540e-16  1.0000000   2.1440606e-16  -8.2963471e-16  -3.9178114e-16  3.3922592e-16  4.9535240e-16  3.9938265e-19  -4.7866389e-16  1.5324997e-16  -4.3299717e-16  -5.5353600e-16  -4.0351981e-16  4.3927324e-16  3.2072725e-16  6.9175253e-17  7.5356106e-17  -6.0691947e-16  3.8053291e-17  2.1829503e-16  -1.0850651e-16  -1.3798320e-16  -4.6632248e-16  3.4353165e-16  -4.9763753e-16  -3.6481974e-16  4.2338260e-16  -6.1861708e-17  -4.2904442e-16  -5.4972377e-16  -8.3485681e-16  7.8831540e-16  1.0000000   2.1440606e-16  -8.2963471e-16  -3.9178114e-16  3.3922592e-16  4.9535240e-16  3.9938265e-19  -4.7866389e-16  1.5324997e-16  -4.3299717e-16  -5.5353600e-16  -4.0351981e-16  4.3927324e-16  3.2072725e-16  6.9175253e-17  7.5356106e-17  -6.0691947e-16  3.8053291e-17  2.1829503e-16  -1.0850651e-16  -1.3798320e-16  -4.6632248e-16  3.4353165e-16  -4.9763753e-16  -3.6481974e-16  4.2338260e-16  
1.3184812e-16  5.4449316e-16  2.7297153e-16  -4.9809165e-16  -4.3985329e-16  2.1440606e-16  1.0000000   -2.0979772e-16  -2.9024743e-16  -2.7225045e-16  8.9533720e-17  1.3215394e-16  1.5946219e-16  6.0014740e-16  -6.7821326e-16  -2.4759735e-16  -2.8718293e-16  8.6405447e-16  -4.1650695e-18  -1.4720350e-16  1.1484041e-16  -4.6431412e-16  6.3224757e-17  4.8015386e-16  -5.6414599e-17  2.4391957e-16  1.1296624e-16  5.5173581e-16  -7.4481281e-17  -4.3193051e-18  -4.9800724e-16  1.3184812e-16  5.4449316e-16  2.7297153e-16  -4.9809165e-16  -4.3985329e-16  2.1440606e-16  1.0000000   -2.0979772e-16  -2.9024743e-16  -2.7225045e-16  8.9533720e-17  1.3215394e-16  1.5946219e-16  6.0014740e-16  -6.7821326e-16  -2.4759735e-16  -2.8718293e-16  8.6405447e-16  -4.1650695e-18  -1.4720350e-16  1.1484041e-16  -4.6431412e-16  6.3224757e-17  4.8015386e-16  -5.6414599e-17  2.4391957e-16  1.1296624e-16  5.5173581e-16  -7.4481281e-17  -4.3193051e-18  -4.9800724e-16  
-4.2701075e-16  -9.6018505e-16  4.4858936e-16  6.6776823e-16  2.7723404e-16  -8.2963471e-16  -2.0979772e-16  1.0000000   3.1659547e-16  5.3796669e-17  3.7019781e-16  -1.0619244e-16  1.2526723e-16  -2.1720607e-16  1.8335963e-15  8.7145810e-18  3.6076874e-16  -5.6172183e-16  -3.9339457e-16  -1.4003494e-16  -9.2842688e-16  2.2199767e-16  3.3639431e-16  -6.3912818e-16  5.4928640e-16  -6.7097694e-16  4.4645381e-16  -4.4598458e-16  3.0371053e-16  -1.5705139e-17  2.4923840e-16  -4.2701075e-16  -9.6018505e-16  4.4858936e-16  6.6776823e-16  2.7723404e-16  -8.2963471e-16  -2.0979772e-16  1.0000000   3.1659547e-16  5.3796669e-17  3.7019781e-16  -1.0619244e-16  1.2526723e-16  -2.1720607e-16  1.8335963e-15  8.7145810e-18  3.6076874e-16  -5.6172183e-16  -3.9339457e-16  -1.4003494e-16  -9.2842688e-16  2.2199767e-16  3.3639431e-16  -6.3912818e-16  5.4928640e-16  -6.7097694e-16  4.4645381e-16  -4.4598458e-16  3.0371053e-16  -1.5705139e-17  2.4923840e-16  
-4.3467445e-16  6.0375068e-16  7.2393524e-16  1.7451225e-16  2.4623161e-16  -3.9178114e-16  -2.9024743e-16  3.1659547e-16  1.0000000   1.1623873e-15  6.9119746e-16  -2.6985463e-16  5.0594266e-17  -8.9901662e-18  -2.1721767e-16  -5.6039010e-16  1.5441018e-16  1.4259949e-18  1.1401500e-17  -1.3117611e-16  1.4690683e-16  -4.1744083e-16  2.8244699e-16  -1.3367203e-16  2.4710758e-16  -1.5007933e-17  -2.8478727e-16  5.3540217e-16  -2.5246949e-16  1.6595065e-16  7.2529645e-18  -4.3467445e-16  6.0375068e-16  7.2393524e-16  1.7451225e-16  2.4623161e-16  -3.9178114e-16  -2.9024743e-16  3.1659547e-16  1.0000000   1.1623873e-15  6.9119746e-16  -2.6985463e-16  5.0594266e-17  -8.9901662e-18  -2.1721767e-16  -5.6039010e-16  1.5441018e-16  1.4259949e-18  1.1401500e-17  -1.3117611e-16  1.4690683e-16  -4.1744083e-16  2.8244699e-16  -1.3367203e-16  2.4710758e-16  -1.5007933e-17  -2.8478727e-16  5.3540217e-16  -2.5246949e-16  1.6595065e-16  7.2529645e-18  
-1.5196553e-16  8.5573532e-16  1.7564612e-15  -1.6837054e-16  -3.4229467e-16  3.3922592e-16  -2.7225045e-16  5.3796669e-17  1.1623873e-15  1.0000000   1.3352628e-15  -6.2789282e-16  3.4115890e-16  2.2467164e-16  3.6198463e-16  -6.4562044e-16  1.0929151e-16  1.0940387e-17  3.1500183e-16  -3.7565323e-17  -8.8541144e-16  5.4531084e-16  2.3200823e-16  2.1245427e-16  7.3386792e-16  -2.5184185e-16  -1.3143655e-16  1.0970579e-15  3.5674749e-16  8.7114935e-16  -1.9483965e-16  -1.5196553e-16  8.5573532e-16  1.7564612e-15  -1.6837054e-16  -3.4229467e-16  3.3922592e-16  -2.7225045e-16  5.3796669e-17  1.1623873e-15  1.0000000   1.3352628e-15  -6.2789282e-16  3.4115890e-16  2.2467164e-16  3.6198463e-16  -6.4562044e-16  1.0929151e-16  1.0940387e-17  3.1500183e-16  -3.7565323e-17  -8.8541144e-16  5.4531084e-16  2.3200823e-16  2.1245427e-16  7.3386792e-16  -2.5184185e-16  -1.3143655e-16  1.0970579e-15  3.5674749e-16  8.7114935e-16  -1.9483965e-16  
-4.7772204e-16  1.0709756e-16  2.6180331e-16  5.5529829e-16  7.1299078e-16  4.9535240e-16  8.9533720e-17  3.7019781e-16  6.9119746e-16  1.3352628e-15  1.0000000   -6.6484576e-17  -7.0481923e-17  -1.3936612e-16  3.3080744e-16  3.0185771e-17  -2.5748615e-16  -5.3750935e-16  -6.9975786e-16  -5.4269248e-16  1.9771911e-16  -1.4657413e-16  1.7733543e-16  2.1827804e-16  -2.8008950e-17  -9.5151583e-17  1.2333916e-16  6.7975047e-16  3.7880452e-16  2.6349326e-16  -3.1291792e-16  -4.7772204e-16  1.0709756e-16  2.6180331e-16  5.5529829e-16  7.1299078e-16  4.9535240e-16  8.9533720e-17  3.7019781e-16  6.9119746e-16  1.3352628e-15  1.0000000   -6.6484576e-17  -7.0481923e-17  -1.3936612e-16  3.3080744e-16  3.0185771e-17  -2.5748615e-16  -5.3750935e-16  -6.9975786e-16  -5.4269248e-16  1.9771911e-16  -1.4657413e-16  1.7733543e-16  2.1827804e-16  -2.8008950e-17  -9.5151583e-17  1.2333916e-16  6.7975047e-16  3.7880452e-16  2.6349326e-16  -3.1291792e-16  
-4.5130577e-18  5.5209210e-17  -5.7105419e-16  -2.2603565e-16  -6.2331871e-17  3.9938265e-19  1.3215394e-16  -1.0619244e-16  -2.6985463e-16  -6.2789282e-16  -6.6484576e-17  1.0000000   -2.6014790e-16  -2.3504290e-16  3.7163015e-17  1.4442151e-16  -1.9185472e-16  -6.9316917e-16  4.1266400e-16  9.6126018e-17  -1.0950685e-15  2.7608199e-16  6.7086075e-17  -2.6836799e-16  5.2311480e-16  3.2968355e-17  -2.5241854e-16  -5.0647170e-17  3.1515770e-16  -8.3299770e-17  -4.6994033e-16  -4.5130577e-18  5.5209210e-17  -5.7105419e-16  -2.2603565e-16  -6.2331871e-17  3.9938265e-19  1.3215394e-16  -1.0619244e-16  -2.6985463e-16  -6.2789282e-16  -6.6484576e-17  1.0000000   -2.6014790e-16  -2.3504290e-16  3.7163015e-17  1.4442151e-16  -1.9185472e-16  -6.9316917e-16  4.1266400e-16  9.6126018e-17  -1.0950685e-15  2.7608199e-16  6.7086075e-17  -2.6836799e-16  5.2311480e-16  3.2968355e-17  -2.5241854e-16  -5.0647170e-17  3.1515770e-16  -8.3299770e-17  -4.6994033e-16  
1.4506037e-16  -1.1582815e-17  5.0252731e-17  1.4910063e-16  4.7076386e-16  -4.7866389e-16  1.5946219e-16  1.2526723e-16  5.0594266e-17  3.4115890e-16  -7.0481923e-17  -2.6014790e-16  1.0000000   -3.6217228e-17  -5.5125657e-16  -3.6777976e-16  3.4157071e-16  -7.3551278e-16  6.7886375e-16  3.9571226e-16  -2.3969149e-16  8.5191837e-16  -2.7971210e-17  -1.1633774e-16  8.2772376e-16  -5.7250150e-16  -2.0534926e-16  7.6938373e-16  -4.3178744e-16  1.7194208e-16  -6.9673066e-17  1.4506037e-16  -1.1582815e-17  5.0252731e-17  1.4910063e-16  4.7076386e-16  -4.7866389e-16  1.5946219e-16  1.2526723e-16  5.0594266e-17  3.4115890e-16  -7.0481923e-17  -2.6014790e-16  1.0000000   -3.6217228e-17  -5.5125657e-16  -3.6777976e-16  3.4157071e-16  -7.3551278e-16  6.7886375e-16  3.9571226e-16  -2.3969149e-16  8.5191837e-16  -2.7971210e-17  -1.1633774e-16  8.2772376e-16  -5.7250150e-16  -2.0534926e-16  7.6938373e-16  -4.3178744e-16  1.7194208e-16  -6.9673066e-17  
6.2855409e-16  1.5511351e-16  -9.0997350e-16  5.8331056e-16  -1.8062354e-16  1.5324997e-16  6.0014740e-16  -2.1720607e-16  -8.9901662e-18  2.2467164e-16  -1.3936612e-16  -2.3504290e-16  -3.6217228e-17  1.0000000   6.3546161e-16  -3.7041884e-16  -3.8886796e-16  -7.6374401e-16  3.2316532e-16  -5.3281965e-16  3.0770551e-17  -1.3893585e-16  -3.0040348e-16  -4.8754548e-16  -1.0374064e-16  -2.3207788e-16  3.0138249e-16  6.8262168e-16  -8.5873039e-16  -1.8166831e-16  -4.6016356e-16  6.2855409e-16  1.5511351e-16  -9.0997350e-16  5.8331056e-16  -1.8062354e-16  1.5324997e-16  6.0014740e-16  -2.1720607e-16  -8.9901662e-18  2.2467164e-16  -1.3936612e-16  -2.3504290e-16  -3.6217228e-17  1.0000000   6.3546161e-16  -3.7041884e-16  -3.8886796e-16  -7.6374401e-16  3.2316532e-16  -5.3281965e-16  3.0770551e-17  -1.3893585e-16  -3.0040348e-16  -4.8754548e-16  -1.0374064e-16  -2.3207788e-16  3.0138249e-16  6.8262168e-16  -8.5873039e-16  -1.8166831e-16  -4.6016356e-16  
-2.9881712e-16  -4.2131990e-16  2.3937559e-16  -6.5379730e-16  4.5487694e-17  -4.3299717e-16  -6.7821326e-16  1.8335963e-15  -2.1721767e-16  3.6198463e-16  3.3080744e-16  3.7163015e-17  -5.5125657e-16  6.3546161e-16  1.0000000   4.5052471e-17  -1.7802306e-16  -2.6830076e-16  4.5427892e-16  -5.5128848e-16  -3.4376867e-16  3.4226038e-16  -2.7971989e-17  -1.1786845e-17  2.8345145e-16  5.5453443e-16  -1.5859061e-16  2.9228894e-16  2.4693098e-16  -1.1768931e-16  -2.9819933e-16  -2.9881712e-16  -4.2131990e-16  2.3937559e-16  -6.5379730e-16  4.5487694e-17  -4.3299717e-16  -6.7821326e-16  1.8335963e-15  -2.1721767e-16  3.6198463e-16  3.3080744e-16  3.7163015e-17  -5.5125657e-16  6.3546161e-16  1.0000000   4.5052471e-17  -1.7802306e-16  -2.6830076e-16  4.5427892e-16  -5.5128848e-16  -3.4376867e-16  3.4226038e-16  -2.7971989e-17  -1.1786845e-17  2.8345145e-16  5.5453443e-16  -1.5859061e-16  2.9228894e-16  2.4693098e-16  -1.1768931e-16  -2.9819933e-16  
-8.2047681e-18  -1.2520048e-16  -3.3342266e-16  1.3702957e-16  4.4870532e-16  -5.5353600e-16  -2.4759735e-16  8.7145810e-18  -5.6039010e-16  -6.4562044e-16  3.0185771e-17  1.4442151e-16  -3.6777976e-16  -3.7041884e-16  4.5052471e-17  1.0000000   3.9357501e-16  -2.6615185e-17  1.4968038e-16  3.3700339e-16  1.9284593e-16  3.2543111e-16  9.3755511e-17  -4.9798861e-16  -4.1731257e-16  -8.9854327e-17  -1.3026014e-16  -7.5573006e-16  -5.9047156e-16  -3.7418743e-16  4.4116458e-16  -8.2047681e-18  -1.2520048e-16  -3.3342266e-16  1.3702957e-16  4.4870532e-16  -5.5353600e-16  -2.4759735e-16  8.7145810e-18  -5.6039010e-16  -6.4562044e-16  3.0185771e-17  1.4442151e-16  -3.6777976e-16  -3.7041884e-16  4.5052471e-17  1.0000000   3.9357501e-16  -2.6615185e-17  1.4968038e-16  3.3700339e-16  1.9284593e-16  3.2543111e-16  9.3755511e-17  -4.9798861e-16  -4.1731257e-16  -8.9854327e-17  -1.3026014e-16  -7.5573006e-16  -5.9047156e-16  -3.7418743e-16  4.4116458e-16  
-7.2514773e-16  -5.4243421e-17  -2.9243164e-16  1.7411237e-16  1.3466498e-16  -4.0351981e-16  -2.8718293e-16  3.6076874e-16  1.5441018e-16  1.0929151e-16  -2.5748615e-16  -1.9185472e-16  3.4157071e-16  -3.8886796e-16  -1.7802306e-16  3.9357501e-16  1.0000000   -2.2017174e-16  2.5120925e-16  -1.2137848e-16  3.5854286e-16  -1.0186394e-16  2.0804872e-16  1.5687191e-16  -4.3713204e-16  -9.4366816e-18  3.7772927e-16  3.7681571e-17  -3.2932069e-17  -6.1460591e-17  5.7567522e-16  -7.2514773e-16  -5.4243421e-17  -2.9243164e-16  1.7411237e-16  1.3466498e-16  -4.0351981e-16  -2.8718293e-16  3.6076874e-16  1.5441018e-16  1.0929151e-16  -2.5748615e-16  -1.9185472e-16  3.4157071e-16  -3.8886796e-16  -1.7802306e-16  3.9357501e-16  1.0000000   -2.2017174e-16  2.5120925e-16  -1.2137848e-16  3.5854286e-16  -1.0186394e-16  2.0804872e-16  1.5687191e-16  -4.3713204e-16  -9.4366816e-18  3.7772927e-16  3.7681571e-17  -3.2932069e-17  -6.1460591e-17  5.7567522e-16  
3.9247469e-16  -6.9302140e-16  5.6905689e-16  3.8554925e-17  1.2465983e-16  4.3927324e-16  8.6405447e-16  -5.6172183e-16  1.4259949e-18  1.0940387e-17  -5.3750935e-16  -6.9316917e-16  -7.3551278e-16  -7.6374401e-16  -2.6830076e-16  -2.6615185e-17  -2.2017174e-16  1.0000000   -8.8470005e-16  2.8010691e-16  5.8520476e-16  3.5449774e-16  1.7246893e-16  -5.0348436e-16  -3.9037416e-17  7.3965786e-16  -3.7543747e-16  -5.6658983e-16  2.3991824e-16  4.8326576e-17  3.2582202e-16  3.9247469e-16  -6.9302140e-16  5.6905689e-16  3.8554925e-17  1.2465983e-16  4.3927324e-16  8.6405447e-16  -5.6172183e-16  1.4259949e-18  1.0940387e-17  -5.3750935e-16  -6.9316917e-16  -7.3551278e-16  -7.6374401e-16  -2.6830076e-16  -2.6615185e-17  -2.2017174e-16  1.0000000   -8.8470005e-16  2.8010691e-16  5.8520476e-16  3.5449774e-16  1.7246893e-16  -5.0348436e-16  -3.9037416e-17  7.3965786e-16  -3.7543747e-16  -5.6658983e-16  2.3991824e-16  4.8326576e-17  3.2582202e-16  
-7.6840579e-17  2.1631118e-16  -3.4656071e-16  8.3682038e-17  -3.9137102e-16  3.2072725e-16  -4.1650695e-18  -3.9339457e-16  1.1401500e-17  3.1500183e-16  -6.9975786e-16  4.1266400e-16  6.7886375e-16  3.2316532e-16  4.5427892e-16  1.4968038e-16  2.5120925e-16  -8.8470005e-16  1.0000000   -2.6678796e-16  1.7307550e-16  2.2833156e-16  -5.7194136e-17  2.2465695e-16  -3.9248301e-16  -3.5241381e-16  7.6135448e-16  9.2620684e-17  -4.4018207e-16  2.8750351e-16  5.6966974e-16  -7.6840579e-17  2.1631118e-16  -3.4656071e-16  8.3682038e-17  -3.9137102e-16  3.2072725e-16  -4.1650695e-18  -3.9339457e-16  1.1401500e-17  3.1500183e-16  -6.9975786e-16  4.1266400e-16  6.7886375e-16  3.2316532e-16  4.5427892e-16  1.4968038e-16  2.5120925e-16  -8.8470005e-16  1.0000000   -2.6678796e-16  1.7307550e-16  2.2833156e-16  -5.7194136e-17  2.2465695e-16  -3.9248301e-16  -3.5241381e-16  7.6135448e-16  9.2620684e-17  -4.4018207e-16  2.8750351e-16  5.6966974e-16  
-1.0388396e-16  -8.9225076e-17  -6.9848914e-16  2.0093387e-16  3.5123187e-16  6.9175253e-17  -1.4720350e-16  -1.4003494e-16  -1.3117611e-16  -3.7565323e-17  -5.4269248e-16  9.6126018e-17  3.9571226e-16  -5.3281965e-16  -5.5128848e-16  3.3700339e-16  -1.2137848e-16  2.8010691e-16  -2.6678796e-16  1.0000000   4.9553988e-16  -1.6729337e-17  4.6181011e-16  3.4926205e-16  5.1658215e-18  -2.6948063e-16  -7.6849157e-17  -3.1448704e-17  2.6731870e-16  -6.1177830e-16  9.3338481e-17  -1.0388396e-16  -8.9225076e-17  -6.9848914e-16  2.0093387e-16  3.5123187e-16  6.9175253e-17  -1.4720350e-16  -1.4003494e-16  -1.3117611e-16  -3.7565323e-17  -5.4269248e-16  9.6126018e-17  3.9571226e-16  -5.3281965e-16  -5.5128848e-16  3.3700339e-16  -1.2137848e-16  2.8010691e-16  -2.6678796e-16  1.0000000   4.9553988e-16  -1.6729337e-17  4.6181011e-16  3.4926205e-16  5.1658215e-18  -2.6948063e-16  -7.6849157e-17  -3.1448704e-17  2.6731870e-16  -6.1177830e-16  9.3338481e-17  
-2.4598805e-16  5.2719689e-16  -5.1591216e-16  -4.2185398e-16  -3.0837312e-16  7.5356106e-17  1.1484041e-16  -9.2842688e-16  1.4690683e-16  -8.8541144e-16  1.9771911e-16  -1.0950685e-15  -2.3969149e-16  3.0770551e-17  -3.4376867e-16  1.9284593e-16  3.5854286e-16  5.8520476e-16  1.7307550e-16  4.9553988e-16  1.0000000   -2.6035429e-17  -2.9696184e-17  -2.8585379e-16  6.6882370e-17  -5.1250165e-16  -7.3626113e-16  5.8398824e-17  -4.4878195e-16  -2.8314524e-16  4.5199691e-16  -2.4598805e-16  5.2719689e-16  -5.1591216e-16  -4.2185398e-16  -3.0837312e-16  7.5356106e-17  1.1484041e-16  -9.2842688e-16  1.4690683e-16  -8.8541144e-16  1.9771911e-16  -1.0950685e-15  -2.3969149e-16  3.0770551e-17  -3.4376867e-16  1.9284593e-16  3.5854286e-16  5.8520476e-16  1.7307550e-16  4.9553988e-16  1.0000000   -2.6035429e-17  -2.9696184e-17  -2.8585379e-16  6.6882370e-17  -5.1250165e-16  -7.3626113e-16  5.8398824e-17  -4.4878195e-16  -2.8314524e-16  4.5199691e-16  
6.4713465e-16  -3.9045824e-16  -3.3279712e-16  -2.0183203e-16  -7.7017784e-17  -6.0691947e-16  -4.6431412e-16  2.2199767e-16  -4.1744083e-16  5.4531084e-16  -1.4657413e-16  2.7608199e-16  8.5191837e-16  -1.3893585e-16  3.4226038e-16  3.2543111e-16  -1.0186394e-16  3.5449774e-16  2.2833156e-16  -1.6729337e-17  -2.6035429e-17  1.0000000   -1.1591547e-18  2.3048588e-16  -6.0523773e-17  -3.0308807e-16  2.2476304e-16  -1.5146327e-16  2.2628151e-16  1.0445009e-16  8.6785345e-16  6.4713465e-16  -3.9045824e-16  -3.3279712e-16  -2.0183203e-16  -7.7017784e-17  -6.0691947e-16  -4.6431412e-16  2.2199767e-16  -4.1744083e-16  5.4531084e-16  -1.4657413e-16  2.7608199e-16  8.5191837e-16  -1.3893585e-16  3.4226038e-16  3.2543111e-16  -1.0186394e-16  3.5449774e-16  2.2833156e-16  -1.6729337e-17  -2.6035429e-17  1.0000000   -1.1591547e-18  2.3048588e-16  -6.0523773e-17  -3.0308807e-16  2.2476304e-16  -1.5146327e-16  2.2628151e-16  1.0445009e-16  8.6785345e-16  
-9.9494318e-17  6.7222417e-16  -2.4519524e-16  -1.0602101e-16  4.2232128e-16  3.8053291e-17  6.3224757e-17  3.3639431e-16  2.8244699e-16  2.3200823e-16  1.7733543e-16  6.7086075e-17  -2.7971210e-17  -3.0040348e-16  -2.7971989e-17  9.3755511e-17  2.0804872e-16  1.7246893e-16  -5.7194136e-17  4.6181011e-16  -2.9696184e-17  -1.1591547e-18  1.0000000   -5.7451248e-17  2.9607280e-16  -1.2288076e-16  1.0243880e-16  3.2884906e-17  -1.5630155e-16  -3.1563142e-16  1.6241119e-16  -9.9494318e-17  6.7222417e-16  -2.4519524e-16  -1.0602101e-16  4.2232128e-16  3.8053291e-17  6.3224757e-17  3.3639431e-16  2.8244699e-16  2.3200823e-16  1.7733543e-16  6.7086075e-17  -2.7971210e-17  -3.0040348e-16  -2.7971989e-17  9.3755511e-17  2.0804872e-16  1.7246893e-16  -5.7194136e-17  4.6181011e-16  -2.9696184e-17  -1.1591547e-18  1.0000000   -5.7451248e-17  2.9607280e-16  -1.2288076e-16  1.0243880e-16  3.2884906e-17  -1.5630155e-16  -3.1563142e-16  1.6241119e-16  
5.8941208e-16  7.9392659e-16  -1.1873330e-15  4.8030346e-18  -2.3775726e-17  2.1829503e-16  4.8015386e-16  -6.3912818e-16  -1.3367203e-16  2.1245427e-16  2.1827804e-16  -2.6836799e-16  -1.1633774e-16  -4.8754548e-16  -1.1786845e-17  -4.9798861e-16  1.5687191e-16  -5.0348436e-16  2.2465695e-16  3.4926205e-16  -2.8585379e-16  2.3048588e-16  -5.7451248e-17  1.0000000   -5.2413472e-17  2.4899445e-16  6.6629631e-16  1.4268312e-16  -2.1395621e-16  -2.3639801e-17  -6.7786795e-16  5.8941208e-16  7.9392659e-16  -1.1873330e-15  4.8030346e-18  -2.3775726e-17  2.1829503e-16  4.8015386e-16  -6.3912818e-16  -1.3367203e-16  2.1245427e-16  2.1827804e-16  -2.6836799e-16  -1.1633774e-16  -4.8754548e-16  -1.1786845e-17  -4.9798861e-16  1.5687191e-16  -5.0348436e-16  2.2465695e-16  3.4926205e-16  -2.8585379e-16  2.3048588e-16  -5.7451248e-17  1.0000000   -5.2413472e-17  2.4899445e-16  6.6629631e-16  1.4268312e-16  -2.1395621e-16  -2.3639801e-17  -6.7786795e-16  
-3.8679642e-16  2.4118721e-17  7.0150203e-16  -1.3602854e-16  9.6750723e-16  -1.0850651e-16  -5.6414599e-17  5.4928640e-16  2.4710758e-16  7.3386792e-16  -2.8008950e-17  5.2311480e-16  8.2772376e-16  -1.0374064e-16  2.8345145e-16  -4.1731257e-16  -4.3713204e-16  -3.9037416e-17  -3.9248301e-16  5.1658215e-18  6.6882370e-17  -6.0523773e-17  2.9607280e-16  -5.2413472e-17  1.0000000   -1.1848832e-16  2.4767362e-16  -4.0380314e-16  5.3160788e-16  1.2095537e-16  3.0957765e-16  -3.8679642e-16  2.4118721e-17  7.0150203e-16  -1.3602854e-16  9.6750723e-16  -1.0850651e-16  -5.6414599e-17  5.4928640e-16  2.4710758e-16  7.3386792e-16  -2.8008950e-17  5.2311480e-16  8.2772376e-16  -1.0374064e-16  2.8345145e-16  -4.1731257e-16  -4.3713204e-16  -3.9037416e-17  -3.9248301e-16  5.1658215e-18  6.6882370e-17  -6.0523773e-17  2.9607280e-16  -5.2413472e-17  1.0000000   -1.1848832e-16  2.4767362e-16  -4.0380314e-16  5.3160788e-16  1.2095537e-16  3.0957765e-16  
-2.2808108e-16  -3.6282737e-16  -6.6965193e-16  5.3681289e-17  -1.1815050e-15  -1.3798320e-16  2.4391957e-16  -6.7097694e-16  -1.5007933e-17  -2.5184185e-16  -9.5151583e-17  3.2968355e-17  -5.7250150e-16  -2.3207788e-16  5.5453443e-16  -8.9854327e-17  -9.4366816e-18  7.3965786e-16  -3.5241381e-16  -2.6948063e-16  -5.1250165e-16  -3.0308807e-16  -1.2288076e-16  2.4899445e-16  -1.1848832e-16  1.0000000   3.1027717e-17  -6.2547589e-16  -6.7294293e-17  1.0780658e-16  -5.7571461e-16  -2.2808108e-16  -3.6282737e-16  -6.6965193e-16  5.3681289e-17  -1.1815050e-15  -1.3798320e-16  2.4391957e-16  -6.7097694e-16  -1.5007933e-17  -2.5184185e-16  -9.5151583e-17  3.2968355e-17  -5.7250150e-16  -2.3207788e-16  5.5453443e-16  -8.9854327e-17  -9.4366816e-18  7.3965786e-16  -3.5241381e-16  -2.6948063e-16  -5.1250165e-16  -3.0308807e-16  -1.2288076e-16  2.4899445e-16  -1.1848832e-16  1.0000000   3.1027717e-17  -6.2547589e-16  -6.7294293e-17  1.0780658e-16  -5.7571461e-16  
3.6252771e-16  -4.4031132e-16  -4.6745464e-16  1.7990579e-16  -2.1438405e-16  -4.6632248e-16  1.1296624e-16  4.4645381e-16  -2.8478727e-16  -1.3143655e-16  1.2333916e-16  -2.5241854e-16  -2.0534926e-16  3.0138249e-16  -1.5859061e-16  -1.3026014e-16  3.7772927e-16  -3.7543747e-16  7.6135448e-16  -7.6849157e-17  -7.3626113e-16  2.2476304e-16  1.0243880e-16  6.6629631e-16  2.4767362e-16  3.1027717e-17  1.0000000   1.7835069e-16  -9.1035372e-16  5.8405034e-17  -1.2760111e-16  3.6252771e-16  -4.4031132e-16  -4.6745464e-16  1.7990579e-16  -2.1438405e-16  -4.6632248e-16  1.1296624e-16  4.4645381e-16  -2.8478727e-16  -1.3143655e-16  1.2333916e-16  -2.5241854e-16  -2.0534926e-16  3.0138249e-16  -1.5859061e-16  -1.3026014e-16  3.7772927e-16  -3.7543747e-16  7.6135448e-16  -7.6849157e-17  -7.3626113e-16  2.2476304e-16  1.0243880e-16  6.6629631e-16  2.4767362e-16  3.1027717e-17  1.0000000   1.7835069e-16  -9.1035372e-16  5.8405034e-17  -1.2760111e-16  
-9.8559285e-17  9.1613970e-16  -1.1344158e-16  -2.9511412e-17  -9.2989736e-16  3.4353165e-16  5.5173581e-16  -4.4598458e-16  5.3540217e-16  1.0970579e-15  6.7975047e-16  -5.0647170e-17  7.6938373e-16  6.8262168e-16  2.9228894e-16  -7.5573006e-16  3.7681571e-17  -5.6658983e-16  9.2620684e-17  -3.1448704e-17  5.8398824e-17  -1.5146327e-16  3.2884906e-17  1.4268312e-16  -4.0380314e-16  -6.2547589e-16  1.7835069e-16  1.0000000   2.3065130e-16  -5.4503272e-16  -8.6127237e-16  -9.8559285e-17  9.1613970e-16  -1.1344158e-16  -2.9511412e-17  -9.2989736e-16  3.4353165e-16  5.5173581e-16  -4.4598458e-16  5.3540217e-16  1.0970579e-15  6.7975047e-16  -5.0647170e-17  7.6938373e-16  6.8262168e-16  2.9228894e-16  -7.5573006e-16  3.7681571e-17  -5.6658983e-16  9.2620684e-17  -3.1448704e-17  5.8398824e-17  -1.5146327e-16  3.2884906e-17  1.4268312e-16  -4.0380314e-16  -6.2547589e-16  1.7835069e-16  1.0000000   2.3065130e-16  -5.4503272e-16  -8.6127237e-16  
2.7252182e-16  4.2384329e-16  -5.4342802e-16  -5.7770819e-17  1.4575221e-16  -4.9763753e-16  -7.4481281e-17  3.0371053e-16  -2.5246949e-16  3.5674749e-16  3.7880452e-16  3.1515770e-16  -4.3178744e-16  -8.5873039e-16  2.4693098e-16  -5.9047156e-16  -3.2932069e-17  2.3991824e-16  -4.4018207e-16  2.6731870e-16  -4.4878195e-16  2.2628151e-16  -1.5630155e-16  -2.1395621e-16  5.3160788e-16  -6.7294293e-17  -9.1035372e-16  2.3065130e-16  1.0000000   1.1576049e-16  -2.1513155e-17  2.7252182e-16  4.2384329e-16  -5.4342802e-16  -5.7770819e-17  1.4575221e-16  -4.9763753e-16  -7.4481281e-17  3.0371053e-16  -2.5246949e-16  3.5674749e-16  3.7880452e-16  3.1515770e-16  -4.3178744e-16  -8.5873039e-16  2.4693098e-16  -5.9047156e-16  -3.2932069e-17  2.3991824e-16  -4.4018207e-16  2.6731870e-16  -4.4878195e-16  2.2628151e-16  -1.5630155e-16  -2.1395621e-16  5.3160788e-16  -6.7294293e-17  -9.1035372e-16  2.3065130e-16  1.0000000   1.1576049e-16  -2.1513155e-17  
2.7090694e-16  5.7258791e-16  5.8120557e-16  1.8307866e-16  2.9204858e-16  -3.6481974e-16  -4.3193051e-18  -1.5705139e-17  1.6595065e-16  8.7114935e-16  2.6349326e-16  -8.3299770e-17  1.7194208e-16  -1.8166831e-16  -1.1768931e-16  -3.7418743e-16  -6.1460591e-17  4.8326576e-17  2.8750351e-16  -6.1177830e-16  -2.8314524e-16  1.0445009e-16  -3.1563142e-16  -2.3639801e-17  1.2095537e-16  1.0780658e-16  5.8405034e-17  -5.4503272e-16  1.1576049e-16  1.0000000   3.0305862e-16  2.7090694e-16  5.7258791e-16  5.8120557e-16  1.8307866e-16  2.9204858e-16  -3.6481974e-16  -4.3193051e-18  -1.5705139e-17  1.6595065e-16  8.7114935e-16  2.6349326e-16  -8.3299770e-17  1.7194208e-16  -1.8166831e-16  -1.1768931e-16  -3.7418743e-16  -6.1460591e-17  4.8326576e-17  2.8750351e-16  -6.1177830e-16  -2.8314524e-16  1.0445009e-16  -3.1563142e-16  -2.3639801e-17  1.2095537e-16  1.0780658e-16  5.8405034e-17  -5.4503272e-16  1.1576049e-16  1.0000000   3.0305862e-16  
4.4350141e-16  -8.4196927e-16  -3.3800506e-16  7.0410090e-16  2.7792873e-16  4.2338260e-16  -4.9800724e-16  2.4923840e-16  7.2529645e-18  -1.9483965e-16  -3.1291792e-16  -4.6994033e-16  -6.9673066e-17  -4.6016356e-16  -2.9819933e-16  4.4116458e-16  5.7567522e-16  3.2582202e-16  5.6966974e-16  9.3338481e-17  4.5199691e-16  8.6785345e-16  1.6241119e-16  -6.7786795e-16  3.0957765e-16  -5.7571461e-16  -1.2760111e-16  -8.6127237e-16  -2.1513155e-17  3.0305862e-16  1.0000000   4.4350141e-16  -8.4196927e-16  -3.3800506e-16  7.0410090e-16  2.7792873e-16  4.2338260e-16  -4.9800724e-16  2.4923840e-16  7.2529645e-18  -1.9483965e-16  -3.1291792e-16  -4.6994033e-16  -6.9673066e-17  -4.6016356e-16  -2.9819933e-16  4.4116458e-16  5.7567522e-16  3.2582202e-16  5.6966974e-16  9.3338481e-17  4.5199691e-16  8.6785345e-16  1.6241119e-16  -6.7786795e-16  3.0957765e-16  -5.7571461e-16  -1.2760111e-16  -8.6127237e-16  -2.1513155e-17  3.0305862e-16  1.0000000   
1.0000000   3.8718937e-16  4.9776891e-16  -5.4657453e-16  -3.1488839e-16  -6.1861708e-17  1.3184812e-16  -4.2701075e-16  -4.3467445e-16  -1.5196553e-16  -4.7772204e-16  -4.5130577e-18  1.4506037e-16  6.2855409e-16  -2.9881712e-16  -8.2047681e-18  -7.2514773e-16  3.9247469e-16  -7.6840579e-17  -1.0388396e-16  -2.4598805e-16  6.4713465e-16  -9.9494318e-17  5.8941208e-16  -3.8679642e-16  -2.2808108e-16  3.6252771e-16  -9.8559285e-17  2.7252182e-16  2.7090694e-16  4.4350141e-16  1.0000000   3.8718937e-16  4.9776891e-16  -5.4657453e-16  -3.1488839e-16  -6.1861708e-17  1.3184812e-16  -4.2701075e-16  -4.3467445e-16  -1.5196553e-16  -4.7772204e-16  -4.5130577e-18  1.4506037e-16  6.2855409e-16  -2.9881712e-16  -8.2047681e-18  -7.2514773e-16  3.9247469e-16  -7.6840579e-17  -1.0388396e-16  -2.4598805e-16  6.4713465e-16  -9.9494318e-17  5.8941208e-16  -3.8679642e-16  -2.2808108e-16  3.6252771e-16  -9.8559285e-17  2.7252182e-16  2.7090694e-16  4.4350141e-16  
3.8718937e-16  1.0000000   8.2498192e-16  -2.9398322e-16  -2.7025488e-16  -4.2904442e-16  5.4449316e-16  -9.6018505e-16  6.0375068e-16  8.5573532e-16  1.0709756e-16  5.5209210e-17  -1.1582815e-17  1.5511351e-16  -4.2131990e-16  -1.2520048e-16  -5.4243421e-17  -6.9302140e-16  2.1631118e-16  -8.9225076e-17  5.2719689e-16  -3.9045824e-16  6.7222417e-16  7.9392659e-16  2.4118721e-17  -3.6282737e-16  -4.4031132e-16  9.1613970e-16  4.2384329e-16  5.7258791e-16  -8.4196927e-16  3.8718937e-16  1.0000000   8.2498192e-16  -2.9398322e-16  -2.7025488e-16  -4.2904442e-16  5.4449316e-16  -9.6018505e-16  6.0375068e-16  8.5573532e-16  1.0709756e-16  5.5209210e-17  -1.1582815e-17  1.5511351e-16  -4.2131990e-16  -1.2520048e-16  -5.4243421e-17  -6.9302140e-16  2.1631118e-16  -8.9225076e-17  5.2719689e-16  -3.9045824e-16  6.7222417e-16  7.9392659e-16  2.4118721e-17  -3.6282737e-16  -4.4031132e-16  9.1613970e-16  4.2384329e-16  5.7258791e-16  -8.4196927e-16  
4.9776891e-16  8.2498192e-16  1.0000000   5.3932228e-16  3.3672817e-16  -5.4972377e-16  2.7297153e-16  4.4858936e-16  7.2393524e-16  1.7564612e-15  2.6180331e-16  -5.7105419e-16  5.0252731e-17  -9.0997350e-16  2.3937559e-16  -3.3342266e-16  -2.9243164e-16  5.6905689e-16  -3.4656071e-16  -6.9848914e-16  -5.1591216e-16  -3.3279712e-16  -2.4519524e-16  -1.1873330e-15  7.0150203e-16  -6.6965193e-16  -4.6745464e-16  -1.1344158e-16  -5.4342802e-16  5.8120557e-16  -3.3800506e-16  4.9776891e-16  8.2498192e-16  1.0000000   5.3932228e-16  3.3672817e-16  -5.4972377e-16  2.7297153e-16  4.4858936e-16  7.2393524e-16  1.7564612e-15  2.6180331e-16  -5.7105419e-16  5.0252731e-17  -9.0997350e-16  2.3937559e-16  -3.3342266e-16  -2.9243164e-16  5.6905689e-16  -3.4656071e-16  -6.9848914e-16  -5.1591216e-16  -3.3279712e-16  -2.4519524e-16  -1.1873330e-15  7.0150203e-16  -6.6965193e-16  -4.6745464e-16  -1.1344158e-16  -5.4342802e-16  5.8120557e-16  -3.3800506e-16  
-5.4657453e-16  -2.9398322e-16  5.3932228e-16  1.0000000   1.8025863e-16  -8.3485681e-16  -4.9809165e-16  6.6776823e-16  1.7451225e-16  -1.6837054e-16  5.5529829e-16  -2.2603565e-16  1.4910063e-16  5.8331056e-16  -6.5379730e-16  1.3702957e-16  1.7411237e-16  3.8554925e-17  8.3682038e-17  2.0093387e-16  -4.2185398e-16  -2.0183203e-16  -1.0602101e-16  4.8030346e-18  -1.3602854e-16  5.3681289e-17  1.7990579e-16  -2.9511412e-17  -5.7770819e-17  1.8307866e-16  7.0410090e-16  -5.4657453e-16  -2.9398322e-16  5.3932228e-16  1.0000000   1.8025863e-16  -8.3485681e-16  -4.9809165e-16  6.6776823e-16  1.7451225e-16  -1.6837054e-16  5.5529829e-16  -2.2603565e-16  1.4910063e-16  5.8331056e-16  -6.5379730e-16  1.3702957e-16  1.7411237e-16  3.8554925e-17  8.3682038e-17  2.0093387e-16  -4.2185398e-16  -2.0183203e-16  -1.0602101e-16  4.8030346e-18  -1.3602854e-16  5.3681289e-17  1.7990579e-16  -2.9511412e-17  -5.7770819e-17  1.8307866e-16  7.0410090e-16  
-3.1488839e-16  -2.7025488e-16  3.3672817e-16  1.8025863e-16  1.0000000   7.8831540e-16  -4.3985329e-16  2.7723404e-16  2.4623161e-16  -3.4229467e-16  7.1299078e-16  -6.2331871e-17  4.7076386e-16  -1.8062354e-16  4.5487694e-17  4.4870532e-16  1.3466498e-16  1.2465983e-16  -3.9137102e-16  3.5123187e-16  -3.0837312e-16  -7.7017784e-17  4.2232128e-16  -2.3775726e-17  9.6750723e-16  -1.1815050e-15  -2.1438405e-16  -9.2989736e-16  1.4575221e-16  2.9204858e-16  2.7792873e-16  -3.1488839e-16  -2.7025488e-16  3.3672817e-16  1.8025863e-16  1.0000000   7.8831540e-16  -4.3985329e-16  2.7723404e-16  2.4623161e-16  -3.4229467e-16  7.1299078e-16  -6.2331871e-17  4.7076386e-16  -1.8062354e-16  4.5487694e-17  4.4870532e-16  1.3466498e-16  1.2465983e-16  -3.9137102e-16  3.5123187e-16  -3.0837312e-16  -7.7017784e-17  4.2232128e-16  -2.3775726e-17  9.6750723e-16  -1.1815050e-15  -2.1438405e-16  -9.2989736e-16  1.4575221e-16  2.9204858e-16  2.7792873e-16  
-6.1861708e-17  -4.2904442e-16  -5.4972377e-16  -8.3485681e-16  7.8831540e-16  1.0000000   2.1440606e-16  -8.2963471e-16  -3.9178114e-16  3.3922592e-16  4.9535240e-16  3.9938265e-19  -4.7866389e-16  1.5324997e-16  -4.3299717e-16  -5.5353600e-16  -4.0351981e-16  4.3927324e-16  3.2072725e-16  6.9175253e-17  7.5356106e-17  -6.0691947e-16  3.8053291e-17  2.1829503e-16  -1.0850651e-16  -1.3798320e-16  -4.6632248e-16  3.4353165e-16  -4.9763753e-16  -3.6481974e-16  4.2338260e-16  -6.1861708e-17  -4.2904442e-16  -5.4972377e-16  -8.3485681e-16  7.8831540e-16  1.0000000   2.1440606e-16  -8.2963471e-16  -3.9178114e-16  3.3922592e-16  4.9535240e-16  3.9938265e-19  -4.7866389e-16  1.5324997e-16  -4.3299717e-16  -5.5353600e-16  -4.0351981e-16  4.3927324e-16  3.2072725e-16  6.9175253e-17  7.5356106e-17  -6.0691947e-16  3.8053291e-17  2.1829503e-16  -1.0850651e-16  -1.3798320e-16  -4.6632248e-16  3.4353165e-16  -4.9763753e-16  -3.6481974e-16  4.2338260e-16  
1.3184812e-16  5.4449316e-16  2.7297153e-16  -4.9809165e-16  -4.3985329e-16  2.1440606e-16  1.0000000   -2.0979772e-16  -2.9024743e-16  -2.7225045e-16  8.9533720e-17  1.3215394e-16  1.5946219e-16  6.0014740e-16  -6.7821326e-16  -2.4759735e-16  -2.8718293e-16  8.6405447e-16  -4.1650695e-18  -1.4720350e-16  1.1484041e-16  -4.6431412e-16  6.3224757e-17  4.8015386e-16  -5.6414599e-17  2.4391957e-16  1.1296624e-16  5.5173581e-16  -7.4481281e-17  -4.3193051e-18  -4.9800724e-16  1.3184812e-16  5.4449316e-16  2.7297153e-16  -4.9809165e-16  -4.3985329e-16  2.1440606e-16  1.0000000   -2.0979772e-16  -2.9024743e-16  -2.7225045e-16  8.9533720e-17  1.3215394e-16  1.5946219e-16  6.0014740e-16  -6.7821326e-16  -2.4759735e-16  -2.8718293e-16  8.6405447e-16  -4.1650695e-18  -1.4720350e-16  1.1484041e-16  -4.6431412e-16  6.3224757e-17  4.8015386e-16  -5.6414599e-17  2.4391957e-16  1.1296624e-16  5.5173581e-16  -7.4481281e-17  -4.3193051e-18  -4.9800724e-16  
-4.2701075e-16  -9.6018505e-16  4.4858936e-16  6.6776823e-16  2.7723404e-16  -8.2963471e-16  -2.0979772e-16  1.0000000   3.1659547e-16  5.3796669e-17  3.7019781e-16  -1.0619244e-16  1.2526723e-16  -2.1720607e-16  1.8335963e-15  8.7145810e-18  3.6076874e-16  -5.6172183e-16  -3.9339457e-16  -1.4003494e-16  -9.2842688e-16  2.2199767e-16  3.3639431e-16  -6.3912818e-16  5.4928640e-16  -6.7097694e-16  4.4645381e-16  -4.4598458e-16  3.0371053e-16  -1.5705139e-17  2.4923840e-16  -4.2701075e-16  -9.6018505e-16  4.4858936e-16  6.6776823e-16  2.7723404e-16  -8.2963471e-16  -2.0979772e-16  1.0000000   3.1659547e-16  5.3796669e-17  3.7019781e-16  -1.0619244e-16  1.2526723e-16  -2.1720607e-16  1.8335963e-15  8.7145810e-18  3.6076874e-16  -5.6172183e-16  -3.9339457e-16  -1.4003494e-16  -9.2842688e-16  2.2199767e-16  3.3639431e-16  -6.3912818e-16  5.4928640e-16  -6.7097694e-16  4.4645381e-16  -4.4598458e-16  3.0371053e-16  -1.5705139e-17  2.4923840e-16  
-4.3467445e-16  6.0375068e-16  7.2393524e-16  1.7451225e-16  2.4623161e-16  -3.9178114e-16  -2.9024743e-16  3.1659547e-16  1.0000000   1.1623873e-15  6.9119746e-16  -2.6985463e-16  5.0594266e-17  -8.9901662e-18  -2.1721767e-16  -5.6039010e-16  1.5441018e-16  1.4259949e-18  1.1401500e-17  -1.3117611e-16  1.4690683e-16  -4.1744083e-16  2.8244699e-16  -1.3367203e-16  2.4710758e-16  -1.5007933e-17  -2.8478727e-16  5.3540217e-16  -2.5246949e-16  1.6595065e-16  7.2529645e-18  -4.3467445e-16  6.0375068e-16  7.2393524e-16  1.7451225e-16  2.4623161e-16  -3.9178114e-16  -2.9024743e-16  3.1659547e-16  1.0000000   1.1623873e-15  6.9119746e-16  -2.6985463e-16  5.0594266e-17  -8.9901662e-18  -2.1721767e-16  -5.6039010e-16  1.5441018e-16  1.4259949e-18  1.1401500e-17  -1.3117611e-16  1.4690683e-16  -4.1744083e-16  2.8244699e-16  -1.3367203e-16  2.4710758e-16  -1.5007933e-17  -2.8478727e-16  5.3540217e-16  -2.5246949e-16  1.6595065e-16  7.2529645e-18  
-1.5196553e-16  8.5573532e-16  1.7564612e-15  -1.6837054e-16  -3.4229467e-16  3.3922592e-16  -2.7225045e-16  5.3796669e-17  1.1623873e-15  1.0000000   1.3352628e-15  -6.2789282e-16  3.4115890e-16  2.2467164e-16  3.6198463e-16  -6.4562044e-16  1.0929151e-16  1.0940387e-17  3.1500183e-16  -3.7565323e-17  -8.8541144e-16  5.4531084e-16  2.3200823e-16  2.1245427e-16  7.3386792e-16  -2.5184185e-16  -1.3143655e-16  1.0970579e-15  3.5674749e-16  8.7114935e-16  -1.9483965e-16  -1.5196553e-16  8.5573532e-16  1.7564612e-15  -1.6837054e-16  -3.4229467e-16  3.3922592e-16  -2.7225045e-16  5.3796669e-17  1.1623873e-15  1.0000000   1.3352628e-15  -6.2789282e-16  3.4115890e-16  2.2467164e-16  3.6198463e-16  -6.4562044e-16  1.0929151e-16  1.0940387e-17  3.1500183e-16  -3.7565323e-17  -8.8541144e-16  5.4531084e-16  2.3200823e-16  2.1245427e-16  7.3386792e-16  -2.5184185e-16  -1.3143655e-16  1.0970579e-15  3.5674749e-16  8.7114935e-16  -1.9483965e-16  
