1.0000000   7.4131968e-16  -9.6089889e-17  6.7726062e-16  -2.9294541e-16  -5.2259360e-16  2.3332671e-16  1.0002781e-17  2.2389917e-16  -3.7492509e-16  -2.6599300e-16  -8.6805298e-16  -2.5805363e-16  -3.0045255e-16  9.8314067e-16  9.3633484e-17  2.4150459e-16  -5.9695891e-17  2.4679449e-16  -2.3832544e-16  -8.9179584e-16  -3.8919486e-16  5.6648339e-17  -5.5780610e-16  -7.2812614e-16  4.8134273e-16  -3.3508656e-16  4.0185656e-16  -2.4759214e-16  6.4414570e-16  5.1723495e-16  1.0000000   7.4131968e-16  -9.6089889e-17  6.7726062e-16  -2.9294541e-16  -5.2259360e-16  2.3332671e-16  1.0002781e-17  2.2389917e-16  -3.7492509e-16  -2.6599300e-16  -8.6805298e-16  -2.5805363e-16  -3.0045255e-16  9.8314067e-16  9.3633484e-17  2.4150459e-16  -5.9695891e-17  2.4679449e-16  -2.3832544e-16  -8.9179584e-16  -3.8919486e-16  5.6648339e-17  -5.5780610e-16  -7.2812614e-16  4.8134273e-16  -3.3508656e-16  4.0185656e-16  -2.4759214e-16  6.4414570e-16  5.1723495e-16  
7.4131968e-16  1.0000000   2.3837538e-16  -1.5699700e-16  9.8914896e-17  2.8903900e-16  -1.0568493e-16  -1.0600727e-16  -5.0174648e-16  6.8294958e-16  -1.4151990e-16  -1.8263597e-16  -5.1908428e-16  -1.0039164e-16  1.8226876e-16  9.6330059e-17  1.1088081e-15  5.0564106e-16  5.8765361e-17  -4.8100726e-16  -5.9856462e-16  6.5078089e-16  5.7018207e-16  3.6203204e-17  5.2947444e-16  -9.6937012e-16  -2.1378201e-16  3.3616617e-17  -1.7490341e-16  -5.8217130e-17  -5.6354677e-17  7.4131968e-16  1.0000000   2.3837538e-16  -1.5699700e-16  9.8914896e-17  2.8903900e-16  -1.0568493e-16  -1.0600727e-16  -5.0174648e-16  6.8294958e-16  -1.4151990e-16  -1.8263597e-16  -5.1908428e-16  -1.0039164e-16  1.8226876e-16  9.6330059e-17  1.1088081e-15  5.0564106e-16  5.8765361e-17  -4.8100726e-16  -5.9856462e-16  6.5078089e-16  5.7018207e-16  3.6203204e-17  5.2947444e-16  -9.6937012e-16  -2.1378201e-16  3.3616617e-17  -1.7490341e-16  -5.8217130e-17  -5.6354677e-17  
-9.6089889e-17  2.3837538e-16  1.0000000   1.7685306e-16  -2.6619120e-16  -5.4252892e-17  4.1074765e-16  -2.4480462e-16  -4.2362244e-16  3.2675517e-16  4.4396714e-16  -4.4063478e-16  -1.7679075e-16  3.9444418e-16  -7.6810456e-16  1.4925107e-16  -5.1946205e-16  9.8395199e-16  -3.7145021e-16  1.0249111e-15  -3.3559293e-16  5.4362012e-18  -8.0265348e-17  3.1213101e-16  1.6203438e-16  -2.6277938e-16  -4.3135436e-17  -1.9084173e-16  -9.8576854e-17  1.7757844e-16  -9.2055713e-17  -9.6089889e-17  2.3837538e-16  1.0000000   1.7685306e-16  -2.6619120e-16  -5.4252892e-17  4.1074765e-16  -2.4480462e-16  -4.2362244e-16  3.2675517e-16  4.4396714e-16  -4.4063478e-16  -1.7679075e-16  3.9444418e-16  -7.6810456e-16  1.4925107e-16  -5.1946205e-16  9.8395199e-16  -3.7145021e-16  1.0249111e-15  -3.3559293e-16  5.4362012e-18  -8.0265348e-17  3.1213101e-16  1.6203438e-16  -2.6277938e-16  -4.3135436e-17  -1.9084173e-16  -9.8576854e-17  1.7757844e-16  -9.2055713e-17  
6.7726062e-16  -1.5699700e-16  1.7685306e-16  1.0000000   3.6972998e-16  -4.2910021e-16  1.0559545e-16  -7.0671363e-16  -4.6524145e-16  4.8684093e-17  -4.9706543e-16  4.9881172e-16  2.1603442e-16  1.4026699e-17  -7.0463831e-16  2.9599357e-16  -2.9467446e-16  -1.4933779e-16  4.1840903e-16  -2.7301952e-17  2.6623085e-16  2.8369232e-16  -1.1713023e-16  -6.1322016e-16  -9.3234441e-16  3.8995081e-17  -2.1851686e-16  -2.0044902e-16  7.0164617e-17  1.5383278e-16  2.0566579e-16  6.7726062e-16  -1.5699700e-16  1.7685306e-16  1.0000000   3.6972998e-16  -4.2910021e-16  1.0559545e-16  -7.0671363e-16  -4.6524145e-16  4.8684093e-17  -4.9706543e-16  4.9881172e-16  2.1603442e-16  1.4026699e-17  -7.0463831e-16  2.9599357e-16  -2.9467446e-16  -1.4933779e-16  4.1840903e-16  -2.7301952e-17  2.6623085e-16  2.8369232e-16  -1.1713023e-16  -6.1322016e-16  -9.3234441e-16  3.8995081e-17  -2.1851686e-16  -2.0044902e-16  7.0164617e-17  1.5383278e-16  2.0566579e-16  
-2.9294541e-16  9.8914896e-17  -2.6619120e-16  3.6972998e-16  1.0000000   2.8082693e-16  -5.5486587e-16  -6.1565864e-16  1.9952056e-16  2.4880322e-16  -9.8313935e-16  6.7446261e-17  5.3943239e-16  3.1311581e-16  2.5425322e-17  -3.1725661e-16  1.1263945e-16  9.6429190e-16  -5.7927655e-16  4.6712134e-17  2.5316275e-16  3.1940446e-16  2.9780086e-16  9.1636642e-16  -7.9636044e-17  -3.3802317e-16  1.5694724e-17  -3.1315720e-17  5.4088498e-16  -1.2331366e-15  2.8766103e-16  -2.9294541e-16  9.8914896e-17  -2.6619120e-16  3.6972998e-16  1.0000000   2.8082693e-16  -5.5486587e-16  -6.1565864e-16  1.9952056e-16  2.4880322e-16  -9.8313935e-16  6.7446261e-17  5.3943239e-16  3.1311581e-16  2.5425322e-17  -3.1725661e-16  1.1263945e-16  9.6429190e-16  -5.7927655e-16  4.6712134e-17  2.5316275e-16  3.1940446e-16  2.9780086e-16  9.1636642e-16  -7.9636044e-17  -3.3802317e-16  1.5694724e-17  -3.1315720e-17  5.4088498e-16  -1.2331366e-15  2.8766103e-16  
-5.2259360e-16  2.8903900e-16  -5.4252892e-17  -4.2910021e-16  2.8082693e-16  1.0000000   -1.7391321e-16  1.6484715e-16  -6.8352277e-17  -8.7463181e-17  -1.9368965e-16  4.9512365e-17  -7.9825378e-18  1.1774241e-16  5.3069076e-17  4.2222587e-16  1.7074242e-16  4.0848881e-16  6.1914589e-16  -9.4590037e-16  -2.2974324e-16  -3.2569615e-16  -4.1823483e-17  -8.5063067e-16  -5.5069702e-16  -7.3499861e-17  1.0046226e-15  -8.0929413e-16  5.2540120e-17  1.0248857e-15  -4.2130070e-16  -5.2259360e-16  2.8903900e-16  -5.4252892e-17  -4.2910021e-16  2.8082693e-16  1.0000000   -1.7391321e-16  1.6484715e-16  -6.8352277e-17  -8.7463181e-17  -1.9368965e-16  4.9512365e-17  -7.9825378e-18  1.1774241e-16  5.3069076e-17  4.2222587e-16  1.7074242e-16  4.0848881e-16  6.1914589e-16  -9.4590037e-16  -2.2974324e-16  -3.2569615e-16  -4.1823483e-17  -8.5063067e-16  -5.5069702e-16  -7.3499861e-17  1.0046226e-15  -8.0929413e-16  5.2540120e-17  1.0248857e-15  -4.2130070e-16  
2.3332671e-16  -1.0568493e-16  4.1074765e-16  1.0559545e-16  -5.5486587e-16  -1.7391321e-16  1.0000000   -1.8021413e-16  -2.0104870e-16  -1.1240823e-15  1.4013723e-15  1.9474246e-16  -3.7835251e-16  -9.0557980e-18  5.6512165e-16  -4.2675860e-16  9.4963696e-17  8.5459892e-16  -7.0552704e-16  8.1452092e-16  2.5603711e-16  -4.9867989e-16  -1.2284264e-16  -1.3039578e-16  -8.8320317e-17  1.0445492e-16  -4.9182336e-17  2.6752845e-16  -1.2024006e-16  2.7167636e-16  -5.1848386e-17  2.3332671e-16  -1.0568493e-16  4.1074765e-16  1.0559545e-16  -5.5486587e-16  -1.7391321e-16  1.0000000   -1.8021413e-16  -2.0104870e-16  -1.1240823e-15  1.4013723e-15  1.9474246e-16  -3.7835251e-16  -9.0557980e-18  5.6512165e-16  -4.2675860e-16  9.4963696e-17  8.5459892e-16  -7.0552704e-16  8.1452092e-16  2.5603711e-16  -4.9867989e-16  -1.2284264e-16  -1.3039578e-16  -8.8320317e-17  1.0445492e-16  -4.9182336e-17  2.6752845e-16  -1.2024006e-16  2.7167636e-16  -5.1848386e-17  
1.0002781e-17  -1.0600727e-16  -2.4480462e-16  -7.0671363e-16  -6.1565864e-16  1.6484715e-16  -1.8021413e-16  1.0000000   9.1813384e-17  -5.4091797e-16  -2.7963872e-16  2.9491573e-16  6.6041930e-16  -2.1736933e-16  6.6455748e-16  3.9704324e-16  6.4476047e-16  4.9699787e-16  4.9871715e-16  8.0663899e-17  1.1622149e-16  -8.1111849e-17  -3.4267791e-16  8.4476129e-16  -1.5824661e-16  -4.6083612e-16  3.1058011e-16  -5.7989315e-16  4.4786452e-17  2.4091619e-17  -1.8360286e-16  1.0002781e-17  -1.0600727e-16  -2.4480462e-16  -7.0671363e-16  -6.1565864e-16  1.6484715e-16  -1.8021413e-16  1.0000000   9.1813384e-17  -5.4091797e-16  -2.7963872e-16  2.9491573e-16  6.6041930e-16  -2.1736933e-16  6.6455748e-16  3.9704324e-16  6.4476047e-16  4.9699787e-16  4.9871715e-16  8.0663899e-17  1.1622149e-16  -8.1111849e-17  -3.4267791e-16  8.4476129e-16  -1.5824661e-16  -4.6083612e-16  3.1058011e-16  -5.7989315e-16  4.4786452e-17  2.4091619e-17  -1.8360286e-16  
2.2389917e-16  -5.0174648e-16  -4.2362244e-16  -4.6524145e-16  1.9952056e-16  -6.8352277e-17  -2.0104870e-16  9.1813384e-17  1.0000000   8.4899112e-17  2.5538871e-16  4.4981885e-17  3.2772978e-16  1.5597165e-16  -2.4694274e-16  3.2978675e-16  -2.5270345e-16  2.3012680e-16  -1.8254427e-16  -7.6475538e-16  3.0592056e-16  4.7146418e-16  -1.8260513e-16  -2.4164877e-16  -4.7257252e-17  -4.8806394e-16  2.5064300e-16  -1.2401596e-16  3.5371096e-16  -3.6365394e-16  -1.1437446e-16  2.2389917e-16  -5.0174648e-16  -4.2362244e-16  -4.6524145e-16  1.9952056e-16  -6.8352277e-17  -2.0104870e-16  9.1813384e-17  1.0000000   8.4899112e-17  2.5538871e-16  4.4981885e-17  3.2772978e-16  1.5597165e-16  -2.4694274e-16  3.2978675e-16  -2.5270345e-16  2.3012680e-16  -1.8254427e-16  -7.6475538e-16  3.0592056e-16  4.7146418e-16  -1.8260513e-16  -2.4164877e-16  -4.7257252e-17  -4.8806394e-16  2.5064300e-16  -1.2401596e-16  3.5371096e-16  -3.6365394e-16  -1.1437446e-16  
-3.7492509e-16  6.8294958e-16  3.2675517e-16  4.8684093e-17  2.4880322e-16  -8.7463181e-17  -1.1240823e-15  -5.4091797e-16  8.4899112e-17  1.0000000   -8.2764414e-16  -3.2304961e-16  -1.2393558e-16  -3.9603950e-16  -3.7901033e-16  5.8055862e-16  1.6510067e-16  -1.9615976e-16  -6.0299620e-16  -3.3428366e-16  -5.4675766e-16  5.4325201e-16  1.6660105e-16  -2.1170941e-16  2.6541925e-17  5.7748723e-17  -1.8699774e-16  2.8841521e-16  4.8514118e-16  1.2871252e-16  3.5470114e-16  -3.7492509e-16  6.8294958e-16  3.2675517e-16  4.8684093e-17  2.4880322e-16  -8.7463181e-17  -1.1240823e-15  -5.4091797e-16  8.4899112e-17  1.0000000   -8.2764414e-16  -3.2304961e-16  -1.2393558e-16  -3.9603950e-16  -3.7901033e-16  5.8055862e-16  1.6510067e-16  -1.9615976e-16  -6.0299620e-16  -3.3428366e-16  -5.4675766e-16  5.4325201e-16  1.6660105e-16  -2.1170941e-16  2.6541925e-17  5.7748723e-17  -1.8699774e-16  2.8841521e-16  4.8514118e-16  1.2871252e-16  3.5470114e-16  
-2.6599300e-16  -1.4151990e-16  4.4396714e-16  -4.9706543e-16  -9.8313935e-16  -1.9368965e-16  1.4013723e-15  -2.7963872e-16  2.5538871e-16  -8.2764414e-16  1.0000000   6.4998102e-16  -7.2798374e-16  3.1225177e-16  -1.5860353e-15  4.0225528e-16  2.3282098e-16  -1.4548022e-16  7.1126197e-16  -4.1334687e-16  -6.2760935e-16  6.2111244e-16  1.1540121e-15  -2.6268004e-16  -5.3834709e-16  6.6999986e-16  2.0148973e-17  5.9893066e-16  -6.7410365e-16  -6.3959683e-17  -1.5982452e-16  -2.6599300e-16  -1.4151990e-16  4.4396714e-16  -4.9706543e-16  -9.8313935e-16  -1.9368965e-16  1.4013723e-15  -2.7963872e-16  2.5538871e-16  -8.2764414e-16  1.0000000   6.4998102e-16  -7.2798374e-16  3.1225177e-16  -1.5860353e-15  4.0225528e-16  2.3282098e-16  -1.4548022e-16  7.1126197e-16  -4.1334687e-16  -6.2760935e-16  6.2111244e-16  1.1540121e-15  -2.6268004e-16  -5.3834709e-16  6.6999986e-16  2.0148973e-17  5.9893066e-16  -6.7410365e-16  -6.3959683e-17  -1.5982452e-16  
-8.6805298e-16  -1.8263597e-16  -4.4063478e-16  4.9881172e-16  6.7446261e-17  4.9512365e-17  1.9474246e-16  2.9491573e-16  4.4981885e-17  -3.2304961e-16  6.4998102e-16  1.0000000   -1.5161674e-16  -4.1441774e-17  -1.6872984e-16  3.2963663e-16  1.8503539e-16  1.2183790e-16  -3.5932478e-16  -8.6748387e-16  4.9459924e-16  -4.2743103e-16  -2.5868262e-16  -4.7664737e-16  -2.3045553e-16  2.7619103e-16  4.5004038e-16  -1.0560957e-16  -1.6480356e-16  2.9553597e-16  -3.1940570e-16  -8.6805298e-16  -1.8263597e-16  -4.4063478e-16  4.9881172e-16  6.7446261e-17  4.9512365e-17  1.9474246e-16  2.9491573e-16  4.4981885e-17  -3.2304961e-16  6.4998102e-16  1.0000000   -1.5161674e-16  -4.1441774e-17  -1.6872984e-16  3.2963663e-16  1.8503539e-16  1.2183790e-16  -3.5932478e-16  -8.6748387e-16  4.9459924e-16  -4.2743103e-16  -2.5868262e-16  -4.7664737e-16  -2.3045553e-16  2.7619103e-16  4.5004038e-16  -1.0560957e-16  -1.6480356e-16  2.9553597e-16  -3.1940570e-16  
-2.5805363e-16  -5.1908428e-16  -1.7679075e-16  2.1603442e-16  5.3943239e-16  -7.9825378e-18  -3.7835251e-16  6.6041930e-16  3.2772978e-16  -1.2393558e-16  -7.2798374e-16  -1.5161674e-16  1.0000000   -9.6525360e-20  8.3707261e-16  -7.6002182e-18  -1.1948355e-15  -2.6783775e-16  -3.0711145e-17  -2.6269820e-16  -1.3149713e-16  -6.1193308e-16  5.1338407e-16  -5.3653184e-18  -9.5330175e-16  -8.2406347e-17  -3.1087557e-16  -2.6381531e-16  -6.6035013e-17  4.0980836e-16  -7.3154611e-16  -2.5805363e-16  -5.1908428e-16  -1.7679075e-16  2.1603442e-16  5.3943239e-16  -7.9825378e-18  -3.7835251e-16  6.6041930e-16  3.2772978e-16  -1.2393558e-16  -7.2798374e-16  -1.5161674e-16  1.0000000   -9.6525360e-20  8.3707261e-16  -7.6002182e-18  -1.1948355e-15  -2.6783775e-16  -3.0711145e-17  -2.6269820e-16  -1.3149713e-16  -6.1193308e-16  5.1338407e-16  -5.3653184e-18  -9.5330175e-16  -8.2406347e-17  -3.1087557e-16  -2.6381531e-16  -6.6035013e-17  4.0980836e-16  -7.3154611e-16  
-3.0045255e-16  -1.0039164e-16  3.9444418e-16  1.4026699e-17  3.1311581e-16  1.1774241e-16  -9.0557980e-18  -2.1736933e-16  1.5597165e-16  -3.9603950e-16  3.1225177e-16  -4.1441774e-17  -9.6525360e-20  1.0000000   -1.0706729e-16  -2.0656100e-16  3.6770345e-16  5.3648040e-16  4.2354407e-17  -2.8738715e-16  5.5095354e-17  1.8068913e-17  -2.3171635e-16  8.2500532e-16  7.7548040e-17  4.5044859e-16  -2.3340429e-16  -1.9317021e-16  1.7267901e-16  1.3514959e-16  -3.0883216e-16  -3.0045255e-16  -1.0039164e-16  3.9444418e-16  1.4026699e-17  3.1311581e-16  1.1774241e-16  -9.0557980e-18  -2.1736933e-16  1.5597165e-16  -3.9603950e-16  3.1225177e-16  -4.1441774e-17  -9.6525360e-20  1.0000000   -1.0706729e-16  -2.0656100e-16  3.6770345e-16  5.3648040e-16  4.2354407e-17  -2.8738715e-16  5.5095354e-17  1.8068913e-17  -2.3171635e-16  8.2500532e-16  7.7548040e-17  4.5044859e-16  -2.3340429e-16  -1.9317021e-16  1.7267901e-16  1.3514959e-16  -3.0883216e-16  
9.8314067e-16  1.8226876e-16  -7.6810456e-16  -7.0463831e-16  2.5425322e-17  5.3069076e-17  5.6512165e-16  6.6455748e-16  -2.4694274e-16  -3.7901033e-16  -1.5860353e-15  -1.6872984e-16  8.3707261e-16  -1.0706729e-16  1.0000000   -3.0358990e-16  -9.8648210e-17  -5.6065170e-17  8.1898888e-18  -3.6881883e-16  6.9806169e-16  1.5143569e-16  5.2552163e-16  -3.9709612e-16  -9.6998587e-17  -2.0521182e-16  2.7222202e-16  -6.2441892e-17  1.9912550e-16  7.8877868e-16  2.0690253e-16  9.8314067e-16  1.8226876e-16  -7.6810456e-16  -7.0463831e-16  2.5425322e-17  5.3069076e-17  5.6512165e-16  6.6455748e-16  -2.4694274e-16  -3.7901033e-16  -1.5860353e-15  -1.6872984e-16  8.3707261e-16  -1.0706729e-16  1.0000000   -3.0358990e-16  -9.8648210e-17  -5.6065170e-17  8.1898888e-18  -3.6881883e-16  6.9806169e-16  1.5143569e-16  5.2552163e-16  -3.9709612e-16  -9.6998587e-17  -2.0521182e-16  2.7222202e-16  -6.2441892e-17  1.9912550e-16  7.8877868e-16  2.0690253e-16  
9.3633484e-17  9.6330059e-17  1.4925107e-16  2.9599357e-16  -3.1725661e-16  4.2222587e-16  -4.2675860e-16  3.9704324e-16  3.2978675e-16  5.8055862e-16  4.0225528e-16  3.2963663e-16  -7.6002182e-18  -2.0656100e-16  -3.0358990e-16  1.0000000   1.5905292e-16  -7.7896233e-16  1.5360311e-17  -5.4977594e-16  -1.2705623e-16  -3.5718473e-16  -4.0512586e-16  8.0177523e-16  3.0738908e-16  -5.3837303e-16  3.2509141e-16  3.0535876e-16  -1.2255705e-16  1.4525575e-16  -4.6595715e-16  9.3633484e-17  9.6330059e-17  1.4925107e-16  2.9599357e-16  -3.1725661e-16  4.2222587e-16  -4.2675860e-16  3.9704324e-16  3.2978675e-16  5.8055862e-16  4.0225528e-16  3.2963663e-16  -7.6002182e-18  -2.0656100e-16  -3.0358990e-16  1.0000000   1.5905292e-16  -7.7896233e-16  1.5360311e-17  -5.4977594e-16  -1.2705623e-16  -3.5718473e-16  -4.0512586e-16  8.0177523e-16  3.0738908e-16  -5.3837303e-16  3.2509141e-16  3.0535876e-16  -1.2255705e-16  1.4525575e-16  -4.6595715e-16  
2.4150459e-16  1.1088081e-15  -5.1946205e-16  -2.9467446e-16  1.1263945e-16  1.7074242e-16  9.4963696e-17  6.4476047e-16  -2.5270345e-16  1.6510067e-16  2.3282098e-16  1.8503539e-16  -1.1948355e-15  3.6770345e-16  -9.8648210e-17  1.5905292e-16  1.0000000   -2.0161356e-16  -4.3975073e-16  1.4630950e-17  -2.4014307e-16  6.1591320e-16  -2.0004644e-16  8.1536112e-16  7.7514161e-16  1.9209035e-16  -1.1468084e-16  -3.3384424e-16  6.4892580e-16  4.3748544e-16  -5.6376098e-17  2.4150459e-16  1.1088081e-15  -5.1946205e-16  -2.9467446e-16  1.1263945e-16  1.7074242e-16  9.4963696e-17  6.4476047e-16  -2.5270345e-16  1.6510067e-16  2.3282098e-16  1.8503539e-16  -1.1948355e-15  3.6770345e-16  -9.8648210e-17  1.5905292e-16  1.0000000   -2.0161356e-16  -4.3975073e-16  1.4630950e-17  -2.4014307e-16  6.1591320e-16  -2.0004644e-16  8.1536112e-16  7.7514161e-16  1.9209035e-16  -1.1468084e-16  -3.3384424e-16  6.4892580e-16  4.3748544e-16  -5.6376098e-17  
-5.9695891e-17  5.0564106e-16  9.8395199e-16  -1.4933779e-16  9.6429190e-16  4.0848881e-16  8.5459892e-16  4.9699787e-16  2.3012680e-16  -1.9615976e-16  -1.4548022e-16  1.2183790e-16  -2.6783775e-16  5.3648040e-16  -5.6065170e-17  -7.7896233e-16  -2.0161356e-16  1.0000000   6.5742067e-16  -4.1262169e-16  -3.6617542e-16  -5.1602849e-17  2.1796954e-16  8.3999199e-18  -4.4031643e-16  6.0428138e-17  -2.8858487e-16  -2.5675405e-16  6.1830151e-17  3.4062198e-16  2.6318288e-16  -5.9695891e-17  5.0564106e-16  9.8395199e-16  -1.4933779e-16  9.6429190e-16  4.0848881e-16  8.5459892e-16  4.9699787e-16  2.3012680e-16  -1.9615976e-16  -1.4548022e-16  1.2183790e-16  -2.6783775e-16  5.3648040e-16  -5.6065170e-17  -7.7896233e-16  -2.0161356e-16  1.0000000   6.5742067e-16  -4.1262169e-16  -3.6617542e-16  -5.1602849e-17  2.1796954e-16  8.3999199e-18  -4.4031643e-16  6.0428138e-17  -2.8858487e-16  -2.5675405e-16  6.1830151e-17  3.4062198e-16  2.6318288e-16  
2.4679449e-16  5.8765361e-17  -3.7145021e-16  4.1840903e-16  -5.7927655e-16  6.1914589e-16  -7.0552704e-16  4.9871715e-16  -1.8254427e-16  -6.0299620e-16  7.1126197e-16  -3.5932478e-16  -3.0711145e-17  4.2354407e-17  8.1898888e-18  1.5360311e-17  -4.3975073e-16  6.5742067e-16  1.0000000   3.3799452e-16  5.2139867e-17  -1.3496221e-16  2.6465799e-16  -4.7097828e-17  1.1153789e-16  2.4513391e-16  -1.4930994e-16  2.1033582e-18  -1.2501483e-16  8.9816401e-17  1.6786910e-16  2.4679449e-16  5.8765361e-17  -3.7145021e-16  4.1840903e-16  -5.7927655e-16  6.1914589e-16  -7.0552704e-16  4.9871715e-16  -1.8254427e-16  -6.0299620e-16  7.1126197e-16  -3.5932478e-16  -3.0711145e-17  4.2354407e-17  8.1898888e-18  1.5360311e-17  -4.3975073e-16  6.5742067e-16  1.0000000   3.3799452e-16  5.2139867e-17  -1.3496221e-16  2.6465799e-16  -4.7097828e-17  1.1153789e-16  2.4513391e-16  -1.4930994e-16  2.1033582e-18  -1.2501483e-16  8.9816401e-17  1.6786910e-16  
-2.3832544e-16  -4.8100726e-16  1.0249111e-15  -2.7301952e-17  4.6712134e-17  -9.4590037e-16  8.1452092e-16  8.0663899e-17  -7.6475538e-16  -3.3428366e-16  -4.1334687e-16  -8.6748387e-16  -2.6269820e-16  -2.8738715e-16  -3.6881883e-16  -5.4977594e-16  1.4630950e-17  -4.1262169e-16  3.3799452e-16  1.0000000   1.1243901e-15  -1.4900946e-16  -6.2265499e-16  1.2873578e-16  -2.8250980e-16  1.8183490e-16  5.8625903e-16  -1.3330391e-16  2.8338609e-16  1.2769063e-16  7.6732543e-16  -2.3832544e-16  -4.8100726e-16  1.0249111e-15  -2.7301952e-17  4.6712134e-17  -9.4590037e-16  8.1452092e-16  8.0663899e-17  -7.6475538e-16  -3.3428366e-16  -4.1334687e-16  -8.6748387e-16  -2.6269820e-16  -2.8738715e-16  -3.6881883e-16  -5.4977594e-16  1.4630950e-17  -4.1262169e-16  3.3799452e-16  1.0000000   1.1243901e-15  -1.4900946e-16  -6.2265499e-16  1.2873578e-16  -2.8250980e-16  1.8183490e-16  5.8625903e-16  -1.3330391e-16  2.8338609e-16  1.2769063e-16  7.6732543e-16  
-8.9179584e-16  -5.9856462e-16  -3.3559293e-16  2.6623085e-16  2.5316275e-16  -2.2974324e-16  2.5603711e-16  1.1622149e-16  3.0592056e-16  -5.4675766e-16  -6.2760935e-16  4.9459924e-16  -1.3149713e-16  5.5095354e-17  6.9806169e-16  -1.2705623e-16  -2.4014307e-16  -3.6617542e-16  5.2139867e-17  1.1243901e-15  1.0000000   1.8915917e-16  2.5840414e-16  7.9567407e-17  4.4568061e-16  -8.7267587e-16  -7.5611401e-17  2.7728921e-16  -2.6001861e-16  4.7022490e-16  1.6001341e-16  -8.9179584e-16  -5.9856462e-16  -3.3559293e-16  2.6623085e-16  2.5316275e-16  -2.2974324e-16  2.5603711e-16  1.1622149e-16  3.0592056e-16  -5.4675766e-16  -6.2760935e-16  4.9459924e-16  -1.3149713e-16  5.5095354e-17  6.9806169e-16  -1.2705623e-16  -2.4014307e-16  -3.6617542e-16  5.2139867e-17  1.1243901e-15  1.0000000   1.8915917e-16  2.5840414e-16  7.9567407e-17  4.4568061e-16  -8.7267587e-16  -7.5611401e-17  2.7728921e-16  -2.6001861e-16  4.7022490e-16  1.6001341e-16  
-3.8919486e-16  6.5078089e-16  5.4362012e-18  2.8369232e-16  3.1940446e-16  -3.2569615e-16  -4.9867989e-16  -8.1111849e-17  4.7146418e-16  5.4325201e-16  6.2111244e-16  -4.2743103e-16  -6.1193308e-16  1.8068913e-17  1.5143569e-16  -3.5718473e-16  6.1591320e-16  -5.1602849e-17  -1.3496221e-16  -1.4900946e-16  1.8915917e-16  1.0000000   1.3924911e-16  -5.5916667e-16  -3.1933559e-17  3.6745365e-16  9.4905979e-17  1.1477503e-16  5.0227541e-16  1.6612185e-16  6.6156364e-17  -3.8919486e-16  6.5078089e-16  5.4362012e-18  2.8369232e-16  3.1940446e-16  -3.2569615e-16  -4.9867989e-16  -8.1111849e-17  4.7146418e-16  5.4325201e-16  6.2111244e-16  -4.2743103e-16  -6.1193308e-16  1.8068913e-17  1.5143569e-16  -3.5718473e-16  6.1591320e-16  -5.1602849e-17  -1.3496221e-16  -1.4900946e-16  1.8915917e-16  1.0000000   1.3924911e-16  -5.5916667e-16  -3.1933559e-17  3.6745365e-16  9.4905979e-17  1.1477503e-16  5.0227541e-16  1.6612185e-16  6.6156364e-17  
5.6648339e-17  5.7018207e-16  -8.0265348e-17  -1.1713023e-16  2.9780086e-16  -4.1823483e-17  -1.2284264e-16  -3.4267791e-16  -1.8260513e-16  1.6660105e-16  1.1540121e-15  -2.5868262e-16  5.1338407e-16  -2.3171635e-16  5.2552163e-16  -4.0512586e-16  -2.0004644e-16  2.1796954e-16  2.6465799e-16  -6.2265499e-16  2.5840414e-16  1.3924911e-16  1.0000000   9.7248466e-17  2.6315533e-16  6.2955064e-16  -1.1066688e-16  2.0189908e-16  -7.5305696e-16  3.1649069e-16  1.2253569e-15  5.6648339e-17  5.7018207e-16  -8.0265348e-17  -1.1713023e-16  2.9780086e-16  -4.1823483e-17  -1.2284264e-16  -3.4267791e-16  -1.8260513e-16  1.6660105e-16  1.1540121e-15  -2.5868262e-16  5.1338407e-16  -2.3171635e-16  5.2552163e-16  -4.0512586e-16  -2.0004644e-16  2.1796954e-16  2.6465799e-16  -6.2265499e-16  2.5840414e-16  1.3924911e-16  1.0000000   9.7248466e-17  2.6315533e-16  6.2955064e-16  -1.1066688e-16  2.0189908e-16  -7.5305696e-16  3.1649069e-16  1.2253569e-15  
-5.5780610e-16  3.6203204e-17  3.1213101e-16  -6.1322016e-16  9.1636642e-16  -8.5063067e-16  -1.3039578e-16  8.4476129e-16  -2.4164877e-16  -2.1170941e-16  -2.6268004e-16  -4.7664737e-16  -5.3653184e-18  8.2500532e-16  -3.9709612e-16  8.0177523e-16  8.1536112e-16  8.3999199e-18  -4.7097828e-17  1.2873578e-16  7.9567407e-17  -5.5916667e-16  9.7248466e-17  1.0000000   -3.0844238e-16  -6.8383643e-17  -3.6507576e-16  -4.7463232e-16  5.0004189e-16  6.5088583e-17  1.2284030e-16  -5.5780610e-16  3.6203204e-17  3.1213101e-16  -6.1322016e-16  9.1636642e-16  -8.5063067e-16  -1.3039578e-16  8.4476129e-16  -2.4164877e-16  -2.1170941e-16  -2.6268004e-16  -4.7664737e-16  -5.3653184e-18  8.2500532e-16  -3.9709612e-16  8.0177523e-16  8.1536112e-16  8.3999199e-18  -4.7097828e-17  1.2873578e-16  7.9567407e-17  -5.5916667e-16  9.7248466e-17  1.0000000   -3.0844238e-16  -6.8383643e-17  -3.6507576e-16  -4.7463232e-16  5.0004189e-16  6.5088583e-17  1.2284030e-16  
-7.2812614e-16  5.2947444e-16  1.6203438e-16  -9.3234441e-16  -7.9636044e-17  -5.5069702e-16  -8.8320317e-17  -1.5824661e-16  -4.7257252e-17  2.6541925e-17  -5.3834709e-16  -2.3045553e-16  -9.5330175e-16  7.7548040e-17  -9.6998587e-17  3.0738908e-16  7.7514161e-16  -4.4031643e-16  1.1153789e-16  -2.8250980e-16  4.4568061e-16  -3.1933559e-17  2.6315533e-16  -3.0844238e-16  1.0000000   -2.5296143e-17  9.3801520e-16  8.3265214e-16  -5.5098707e-16  3.4015198e-16  2.1381121e-16  -7.2812614e-16  5.2947444e-16  1.6203438e-16  -9.3234441e-16  -7.9636044e-17  -5.5069702e-16  -8.8320317e-17  -1.5824661e-16  -4.7257252e-17  2.6541925e-17  -5.3834709e-16  -2.3045553e-16  -9.5330175e-16  7.7548040e-17  -9.6998587e-17  3.0738908e-16  7.7514161e-16  -4.4031643e-16  1.1153789e-16  -2.8250980e-16  4.4568061e-16  -3.1933559e-17  2.6315533e-16  -3.0844238e-16  1.0000000   -2.5296143e-17  9.3801520e-16  8.3265214e-16  -5.5098707e-16  3.4015198e-16  2.1381121e-16  
4.8134273e-16  -9.6937012e-16  -2.6277938e-16  3.8995081e-17  -3.3802317e-16  -7.3499861e-17  1.0445492e-16  -4.6083612e-16  -4.8806394e-16  5.7748723e-17  6.6999986e-16  2.7619103e-16  -8.2406347e-17  4.5044859e-16  -2.0521182e-16  -5.3837303e-16  1.9209035e-16  6.0428138e-17  2.4513391e-16  1.8183490e-16  -8.7267587e-16  3.6745365e-16  6.2955064e-16  -6.8383643e-17  -2.5296143e-17  1.0000000   -1.7674773e-16  6.9957787e-18  1.9231283e-18  -1.7742622e-16  -2.0476522e-17  4.8134273e-16  -9.6937012e-16  -2.6277938e-16  3.8995081e-17  -3.3802317e-16  -7.3499861e-17  1.0445492e-16  -4.6083612e-16  -4.8806394e-16  5.7748723e-17  6.6999986e-16  2.7619103e-16  -8.2406347e-17  4.5044859e-16  -2.0521182e-16  -5.3837303e-16  1.9209035e-16  6.0428138e-17  2.4513391e-16  1.8183490e-16  -8.7267587e-16  3.6745365e-16  6.2955064e-16  -6.8383643e-17  -2.5296143e-17  1.0000000   -1.7674773e-16  6.9957787e-18  1.9231283e-18  -1.7742622e-16  -2.0476522e-17  
-3.3508656e-16  -2.1378201e-16  -4.3135436e-17  -2.1851686e-16  1.5694724e-17  1.0046226e-15  -4.9182336e-17  3.1058011e-16  2.5064300e-16  -1.8699774e-16  2.0148973e-17  4.5004038e-16  -3.1087557e-16  -2.3340429e-16  2.7222202e-16  3.2509141e-16  -1.1468084e-16  -2.8858487e-16  -1.4930994e-16  5.8625903e-16  -7.5611401e-17  9.4905979e-17  -1.1066688e-16  -3.6507576e-16  9.3801520e-16  -1.7674773e-16  1.0000000   3.7684246e-17  -2.3691999e-16  7.6833388e-16  -3.8236150e-16  -3.3508656e-16  -2.1378201e-16  -4.3135436e-17  -2.1851686e-16  1.5694724e-17  1.0046226e-15  -4.9182336e-17  3.1058011e-16  2.5064300e-16  -1.8699774e-16  2.0148973e-17  4.5004038e-16  -3.1087557e-16  -2.3340429e-16  2.7222202e-16  3.2509141e-16  -1.1468084e-16  -2.8858487e-16  -1.4930994e-16  5.8625903e-16  -7.5611401e-17  9.4905979e-17  -1.1066688e-16  -3.6507576e-16  9.3801520e-16  -1.7674773e-16  1.0000000   3.7684246e-17  -2.3691999e-16  7.6833388e-16  -3.8236150e-16  
4.0185656e-16  3.3616617e-17  -1.9084173e-16  -2.0044902e-16  -3.1315720e-17  -8.0929413e-16  2.6752845e-16  -5.7989315e-16  -1.2401596e-16  2.8841521e-16  5.9893066e-16  -1.0560957e-16  -2.6381531e-16  -1.9317021e-16  -6.2441892e-17  3.0535876e-16  -3.3384424e-16  -2.5675405e-16  2.1033582e-18  -1.3330391e-16  2.7728921e-16  1.1477503e-16  2.0189908e-16  -4.7463232e-16  8.3265214e-16  6.9957787e-18  3.7684246e-17  1.0000000   -7.4913679e-16  -4.7731936e-16  7.8837906e-18  4.0185656e-16  3.3616617e-17  -1.9084173e-16  -2.0044902e-16  -3.1315720e-17  -8.0929413e-16  2.6752845e-16  -5.7989315e-16  -1.2401596e-16  2.8841521e-16  5.9893066e-16  -1.0560957e-16  -2.6381531e-16  -1.9317021e-16  -6.2441892e-17  3.0535876e-16  -3.3384424e-16  -2.5675405e-16  2.1033582e-18  -1.3330391e-16  2.7728921e-16  1.1477503e-16  2.0189908e-16  -4.7463232e-16  8.3265214e-16  6.9957787e-18  3.7684246e-17  1.0000000   -7.4913679e-16  -4.7731936e-16  7.8837906e-18  
-2.4759214e-16  -1.7490341e-16  -9.8576854e-17  7.0164617e-17  5.4088498e-16  5.2540120e-17  -1.2024006e-16  4.4786452e-17  3.5371096e-16  4.8514118e-16  -6.7410365e-16  -1.6480356e-16  -6.6035013e-17  1.7267901e-16  1.9912550e-16  -1.2255705e-16  6.4892580e-16  6.1830151e-17  -1.2501483e-16  2.8338609e-16  -2.6001861e-16  5.0227541e-16  -7.5305696e-16  5.0004189e-16  -5.5098707e-16  1.9231283e-18  -2.3691999e-16  -7.4913679e-16  1.0000000   1.3199896e-15  4.8617904e-18  -2.4759214e-16  -1.7490341e-16  -9.8576854e-17  7.0164617e-17  5.4088498e-16  5.2540120e-17  -1.2024006e-16  4.4786452e-17  3.5371096e-16  4.8514118e-16  -6.7410365e-16  -1.6480356e-16  -6.6035013e-17  1.7267901e-16  1.9912550e-16  -1.2255705e-16  6.4892580e-16  6.1830151e-17  -1.2501483e-16  2.8338609e-16  -2.6001861e-16  5.0227541e-16  -7.5305696e-16  5.0004189e-16  -5.5098707e-16  1.9231283e-18  -2.3691999e-16  -7.4913679e-16  1.0000000   1.3199896e-15  4.8617904e-18  
6.4414570e-16  -5.8217130e-17  1.7757844e-16  1.5383278e-16  -1.2331366e-15  1.0248857e-15  2.7167636e-16  2.4091619e-17  -3.6365394e-16  1.2871252e-16  -6.3959683e-17  2.9553597e-16  4.0980836e-16  1.3514959e-16  7.8877868e-16  1.4525575e-16  4.3748544e-16  3.4062198e-16  8.9816401e-17  1.2769063e-16  4.7022490e-16  1.6612185e-16  3.1649069e-16  6.5088583e-17  3.4015198e-16  -1.7742622e-16  7.6833388e-16  -4.7731936e-16  1.3199896e-15  1.0000000   -8.0916938e-17  6.4414570e-16  -5.8217130e-17  1.7757844e-16  1.5383278e-16  -1.2331366e-15  1.0248857e-15  2.7167636e-16  2.4091619e-17  -3.6365394e-16  1.2871252e-16  -6.3959683e-17  2.9553597e-16  4.0980836e-16  1.3514959e-16  7.8877868e-16  1.4525575e-16  4.3748544e-16  3.4062198e-16  8.9816401e-17  1.2769063e-16  4.7022490e-16  1.6612185e-16  3.1649069e-16  6.5088583e-17  3.4015198e-16  -1.7742622e-16  7.6833388e-16  -4.7731936e-16  1.3199896e-15  1.0000000   -8.0916938e-17  
5.1723495e-16  -5.6354677e-17  -9.2055713e-17  2.0566579e-16  2.8766103e-16  -4.2130070e-16  -5.1848386e-17  -1.8360286e-16  -1.1437446e-16  3.5470114e-16  -1.5982452e-16  -3.1940570e-16  -7.3154611e-16  -3.0883216e-16  2.0690253e-16  -4.6595715e-16  -5.6376098e-17  2.6318288e-16  1.6786910e-16  7.6732543e-16  1.6001341e-16  6.6156364e-17  1.2253569e-15  1.2284030e-16  2.1381121e-16  -2.0476522e-17  -3.8236150e-16  7.8837906e-18  4.8617904e-18  -8.0916938e-17  1.0000000   5.1723495e-16  -5.6354677e-17  -9.2055713e-17  2.0566579e-16  2.8766103e-16  -4.2130070e-16  -5.1848386e-17  -1.8360286e-16  -1.1437446e-16  3.5470114e-16  -1.5982452e-16  -3.1940570e-16  -7.3154611e-16  -3.0883216e-16  2.0690253e-16  -4.6595715e-16  -5.6376098e-17  2.6318288e-16  1.6786910e-16  7.6732543e-16  1.6001341e-16  6.6156364e-17  1.2253569e-15  1.2284030e-16  2.1381121e-16  -2.0476522e-17  -3.8236150e-16  7.8837906e-18  4.8617904e-18  -8.0916938e-17  1.0000000   
1.0000000   7.4131968e-16  -9.6089889e-17  6.7726062e-16  -2.9294541e-16  -5.2259360e-16  2.3332671e-16  1.0002781e-17  2.2389917e-16  -3.7492509e-16  -2.6599300e-16  -8.6805298e-16  -2.5805363e-16  -3.0045255e-16  9.8314067e-16  9.3633484e-17  2.4150459e-16  -5.9695891e-17  2.4679449e-16  -2.3832544e-16  -8.9179584e-16  -3.8919486e-16  5.6648339e-17  -5.5780610e-16  -7.2812614e-16  4.8134273e-16  -3.3508656e-16  4.0185656e-16  -2.4759214e-16  6.4414570e-16  5.1723495e-16  1.0000000   7.4131968e-16  -9.6089889e-17  6.7726062e-16  -2.9294541e-16  -5.2259360e-16  2.3332671e-16  1.0002781e-17  2.2389917e-16  -3.7492509e-16  -2.6599300e-16  -8.6805298e-16  -2.5805363e-16  -3.0045255e-16  9.8314067e-16  9.3633484e-17  2.4150459e-16  -5.9695891e-17  2.4679449e-16  -2.3832544e-16  -8.9179584e-16  -3.8919486e-16  5.6648339e-17  -5.5780610e-16  -7.2812614e-16  4.8134273e-16  -3.3508656e-16  4.0185656e-16  -2.4759214e-16  6.4414570e-16  5.1723495e-16  
7.4131968e-16  1.0000000   2.3837538e-16  -1.5699700e-16  9.8914896e-17  2.8903900e-16  -1.0568493e-16  -1.0600727e-16  -5.0174648e-16  6.8294958e-16  -1.4151990e-16  -1.8263597e-16  -5.1908428e-16  -1.0039164e-16  1.8226876e-16  9.6330059e-17  1.1088081e-15  5.0564106e-16  5.8765361e-17  -4.8100726e-16  -5.9856462e-16  6.5078089e-16  5.7018207e-16  3.6203204e-17  5.2947444e-16  -9.6937012e-16  -2.1378201e-16  3.3616617e-17  -1.7490341e-16  -5.8217130e-17  -5.6354677e-17  7.4131968e-16  1.0000000   2.3837538e-16  -1.5699700e-16  9.8914896e-17  2.8903900e-16  -1.0568493e-16  -1.0600727e-16  -5.0174648e-16  6.8294958e-16  -1.4151990e-16  -1.8263597e-16  -5.1908428e-16  -1.0039164e-16  1.8226876e-16  9.6330059e-17  1.1088081e-15  5.0564106e-16  5.8765361e-17  -4.8100726e-16  -5.9856462e-16  6.5078089e-16  5.7018207e-16  3.6203204e-17  5.2947444e-16  -9.6937012e-16  -2.1378201e-16  3.3616617e-17  -1.7490341e-16  -5.8217130e-17  -5.6354677e-17  
-9.6089889e-17  2.3837538e-16  1.0000000   1.7685306e-16  -2.6619120e-16  -5.4252892e-17  4.1074765e-16  -2.4480462e-16  -4.2362244e-16  3.2675517e-16  4.4396714e-16  -4.4063478e-16  -1.7679075e-16  3.9444418e-16  -7.6810456e-16  1.4925107e-16  -5.1946205e-16  9.8395199e-16  -3.7145021e-16  1.0249111e-15  -3.3559293e-16  5.4362012e-18  -8.0265348e-17  3.1213101e-16  1.6203438e-16  -2.6277938e-16  -4.3135436e-17  -1.9084173e-16  -9.8576854e-17  1.7757844e-16  -9.2055713e-17  -9.6089889e-17  2.3837538e-16  1.0000000   1.7685306e-16  -2.6619120e-16  -5.4252892e-17  4.1074765e-16  -2.4480462e-16  -4.2362244e-16  3.2675517e-16  4.4396714e-16  -4.4063478e-16  -1.7679075e-16  3.9444418e-16  -7.6810456e-16  1.4925107e-16  -5.1946205e-16  9.8395199e-16  -3.7145021e-16  1.0249111e-15  -3.3559293e-16  5.4362012e-18  -8.0265348e-17  3.1213101e-16  1.6203438e-16  -2.6277938e-16  -4.3135436e-17  -1.9084173e-16  -9.8576854e-17  1.7757844e-16  -9.2055713e-17  
6.7726062e-16  -1.5699700e-16  1.7685306e-16  1.0000000   3.6972998e-16  -4.2910021e-16  1.0559545e-16  -7.0671363e-16  -4.6524145e-16  4.8684093e-17  -4.9706543e-16  4.9881172e-16  2.1603442e-16  1.4026699e-17  -7.0463831e-16  2.9599357e-16  -2.9467446e-16  -1.4933779e-16  4.1840903e-16  -2.7301952e-17  2.6623085e-16  2.8369232e-16  -1.1713023e-16  -6.1322016e-16  -9.3234441e-16  3.8995081e-17  -2.1851686e-16  -2.0044902e-16  7.0164617e-17  1.5383278e-16  2.0566579e-16  6.7726062e-16  -1.5699700e-16  1.7685306e-16  1.0000000   3.6972998e-16  -4.2910021e-16  1.0559545e-16  -7.0671363e-16  -4.6524145e-16  4.8684093e-17  -4.9706543e-16  4.9881172e-16  2.1603442e-16  1.4026699e-17  -7.0463831e-16  2.9599357e-16  -2.9467446e-16  -1.4933779e-16  4.1840903e-16  -2.7301952e-17  2.6623085e-16  2.8369232e-16  -1.1713023e-16  -6.1322016e-16  -9.3234441e-16  3.8995081e-17  -2.1851686e-16  -2.0044902e-16  7.0164617e-17  1.5383278e-16  2.0566579e-16  
-2.9294541e-16  9.8914896e-17  -2.6619120e-16  3.6972998e-16  1.0000000   2.8082693e-16  -5.5486587e-16  -6.1565864e-16  1.9952056e-16  2.4880322e-16  -9.8313935e-16  6.7446261e-17  5.3943239e-16  3.1311581e-16  2.5425322e-17  -3.1725661e-16  1.1263945e-16  9.6429190e-16  -5.7927655e-16  4.6712134e-17  2.5316275e-16  3.1940446e-16  2.9780086e-16  9.1636642e-16  -7.9636044e-17  -3.3802317e-16  1.5694724e-17  -3.1315720e-17  5.4088498e-16  -1.2331366e-15  2.8766103e-16  -2.9294541e-16  9.8914896e-17  -2.6619120e-16  3.6972998e-16  1.0000000   2.8082693e-16  -5.5486587e-16  -6.1565864e-16  1.9952056e-16  2.4880322e-16  -9.8313935e-16  6.7446261e-17  5.3943239e-16  3.1311581e-16  2.5425322e-17  -3.1725661e-16  1.1263945e-16  9.6429190e-16  -5.7927655e-16  4.6712134e-17  2.5316275e-16  3.1940446e-16  2.9780086e-16  9.1636642e-16  -7.9636044e-17  -3.3802317e-16  1.5694724e-17  -3.1315720e-17  5.4088498e-16  -1.2331366e-15  2.8766103e-16  
-5.2259360e-16  2.8903900e-16  -5.4252892e-17  -4.2910021e-16  2.8082693e-16  1.0000000   -1.7391321e-16  1.6484715e-16  -6.8352277e-17  -8.7463181e-17  -1.9368965e-16  4.9512365e-17  -7.9825378e-18  1.1774241e-16  5.3069076e-17  4.2222587e-16  1.7074242e-16  4.0848881e-16  6.1914589e-16  -9.4590037e-16  -2.2974324e-16  -3.2569615e-16  -4.1823483e-17  -8.5063067e-16  -5.5069702e-16  -7.3499861e-17  1.0046226e-15  -8.0929413e-16  5.2540120e-17  1.0248857e-15  -4.2130070e-16  -5.2259360e-16  2.8903900e-16  -5.4252892e-17  -4.2910021e-16  2.8082693e-16  1.0000000   -1.7391321e-16  1.6484715e-16  -6.8352277e-17  -8.7463181e-17  -1.9368965e-16  4.9512365e-17  -7.9825378e-18  1.1774241e-16  5.3069076e-17  4.2222587e-16  1.7074242e-16  4.0848881e-16  6.1914589e-16  -9.4590037e-16  -2.2974324e-16  -3.2569615e-16  -4.1823483e-17  -8.5063067e-16  -5.5069702e-16  -7.3499861e-17  1.0046226e-15  -8.0929413e-16  5.2540120e-17  1.0248857e-15  -4.2130070e-16  
2.3332671e-16  -1.0568493e-16  4.1074765e-16  1.0559545e-16  -5.5486587e-16  -1.7391321e-16  1.0000000   -1.8021413e-16  -2.0104870e-16  -1.1240823e-15  1.4013723e-15  1.9474246e-16  -3.7835251e-16  -9.0557980e-18  5.6512165e-16  -4.2675860e-16  9.4963696e-17  8.5459892e-16  -7.0552704e-16  8.1452092e-16  2.5603711e-16  -4.9867989e-16  -1.2284264e-16  -1.3039578e-16  -8.8320317e-17  1.0445492e-16  -4.9182336e-17  2.6752845e-16  -1.2024006e-16  2.7167636e-16  -5.1848386e-17  2.3332671e-16  -1.0568493e-16  4.1074765e-16  1.0559545e-16  -5.5486587e-16  -1.7391321e-16  1.0000000   -1.8021413e-16  -2.0104870e-16  -1.1240823e-15  1.4013723e-15  1.9474246e-16  -3.7835251e-16  -9.0557980e-18  5.6512165e-16  -4.2675860e-16  9.4963696e-17  8.5459892e-16  -7.0552704e-16  8.1452092e-16  2.5603711e-16  -4.9867989e-16  -1.2284264e-16  -1.3039578e-16  -8.8320317e-17  1.0445492e-16  -4.9182336e-17  2.6752845e-16  -1.2024006e-16  2.7167636e-16  -5.1848386e-17  
1.0002781e-17  -1.0600727e-16  -2.4480462e-16  -7.0671363e-16  -6.1565864e-16  1.6484715e-16  -1.8021413e-16  1.0000000   9.1813384e-17  -5.4091797e-16  -2.7963872e-16  2.9491573e-16  6.6041930e-16  -2.1736933e-16  6.6455748e-16  3.9704324e-16  6.4476047e-16  4.9699787e-16  4.9871715e-16  8.0663899e-17  1.1622149e-16  -8.1111849e-17  -3.4267791e-16  8.4476129e-16  -1.5824661e-16  -4.6083612e-16  3.1058011e-16  -5.7989315e-16  4.4786452e-17  2.4091619e-17  -1.8360286e-16  1.0002781e-17  -1.0600727e-16  -2.4480462e-16  -7.0671363e-16  -6.1565864e-16  1.6484715e-16  -1.8021413e-16  1.0000000   9.1813384e-17  -5.4091797e-16  -2.7963872e-16  2.9491573e-16  6.6041930e-16  -2.1736933e-16  6.6455748e-16  3.9704324e-16  6.4476047e-16  4.9699787e-16  4.9871715e-16  8.0663899e-17  1.1622149e-16  -8.1111849e-17  -3.4267791e-16  8.4476129e-16  -1.5824661e-16  -4.6083612e-16  3.1058011e-16  -5.7989315e-16  4.4786452e-17  2.4091619e-17  -1.8360286e-16  
2.2389917e-16  -5.0174648e-16  -4.2362244e-16  -4.6524145e-16  1.9952056e-16  -6.8352277e-17  -2.0104870e-16  9.1813384e-17  1.0000000   8.4899112e-17  2.5538871e-16  4.4981885e-17  3.2772978e-16  1.5597165e-16  -2.4694274e-16  3.2978675e-16  -2.5270345e-16  2.3012680e-16  -1.8254427e-16  -7.6475538e-16  3.0592056e-16  4.7146418e-16  -1.8260513e-16  -2.4164877e-16  -4.7257252e-17  -4.8806394e-16  2.5064300e-16  -1.2401596e-16  3.5371096e-16  -3.6365394e-16  -1.1437446e-16  2.2389917e-16  -5.0174648e-16  -4.2362244e-16  -4.6524145e-16  1.9952056e-16  -6.8352277e-17  -2.0104870e-16  9.1813384e-17  1.0000000   8.4899112e-17  2.5538871e-16  4.4981885e-17  3.2772978e-16  1.5597165e-16  -2.4694274e-16  3.2978675e-16  -2.5270345e-16  2.3012680e-16  -1.8254427e-16  -7.6475538e-16  3.0592056e-16  4.7146418e-16  -1.8260513e-16  -2.4164877e-16  -4.7257252e-17  -4.8806394e-16  2.5064300e-16  -1.2401596e-16  3.5371096e-16  -3.6365394e-16  -1.1437446e-16  
-3.7492509e-16  6.8294958e-16  3.2675517e-16  4.8684093e-17  2.4880322e-16  -8.7463181e-17  -1.1240823e-15  -5.4091797e-16  8.4899112e-17  1.0000000   -8.2764414e-16  -3.2304961e-16  -1.2393558e-16  -3.9603950e-16  -3.7901033e-16  5.8055862e-16  1.6510067e-16  -1.9615976e-16  -6.0299620e-16  -3.3428366e-16  -5.4675766e-16  5.4325201e-16  1.6660105e-16  -2.1170941e-16  2.6541925e-17  5.7748723e-17  -1.8699774e-16  2.8841521e-16  4.8514118e-16  1.2871252e-16  3.5470114e-16  -3.7492509e-16  6.8294958e-16  3.2675517e-16  4.8684093e-17  2.4880322e-16  -8.7463181e-17  -1.1240823e-15  -5.4091797e-16  8.4899112e-17  1.0000000   -8.2764414e-16  -3.2304961e-16  -1.2393558e-16  -3.9603950e-16  -3.7901033e-16  5.8055862e-16  1.6510067e-16  -1.9615976e-16  -6.0299620e-16  -3.3428366e-16  -5.4675766e-16  5.4325201e-16  1.6660105e-16  -2.1170941e-16  2.6541925e-17  5.7748723e-17  -1.8699774e-16  2.8841521e-16  4.8514118e-16  1.2871252e-16  3.5470114e-16  
