1.0000000   -1.1128510e-15  2.0925746e-16  -2.4061069e-16  -9.8754844e-16  3.0056192e-16  -1.4611068e-16  3.5950388e-16  4.1352535e-16  -3.5613997e-16  5.9901627e-16  1.2946939e-16  -2.5410934e-16  2.9836761e-16  -2.7640721e-16  3.9904460e-16  1.2475056e-16  -6.6965075e-17  1.6867682e-16  -3.4199193e-16  2.2081671e-16  -1.4391151e-16  4.3555328e-18  -9.1991318e-17  -1.5372165e-16  5.4106297e-16  -7.2690490e-16  -5.0979234e-16  -2.4305668e-16  8.4013429e-17  1.3781394e-16  1.0000000   -1.1128510e-15  2.0925746e-16  -2.4061069e-16  -9.8754844e-16  3.0056192e-16  -1.4611068e-16  3.5950388e-16  4.1352535e-16  -3.5613997e-16  5.9901627e-16  1.2946939e-16  -2.5410934e-16  2.9836761e-16  -2.7640721e-16  3.9904460e-16  1.2475056e-16  -6.6965075e-17  1.6867682e-16  -3.4199193e-16  2.2081671e-16  -1.4391151e-16  4.3555328e-18  -9.1991318e-17  -1.5372165e-16  5.4106297e-16  -7.2690490e-16  -5.0979234e-16  -2.4305668e-16  8.4013429e-17  1.3781394e-16  
-1.1128510e-15  1.0000000   8.4754673e-16  -6.7584772e-16  -5.5647475e-16  2.0435278e-16  4.2078105e-16  4.8546162e-16  2.1714585e-16  -3.3031655e-16  1.2807362e-16  -2.5826444e-16  -1.5259974e-16  3.0472248e-16  5.8417872e-16  -2.9663803e-16  -6.1384994e-16  -2.3951659e-16  -1.9598133e-16  -3.1781126e-16  3.9125734e-17  -6.6848418e-16  -8.4596780e-17  -4.3168775e-16  3.1986797e-16  1.3219032e-16  -1.9188862e-16  -9.4030798e-17  3.0771008e-16  -1.4676062e-16  -9.2607534e-16  -1.1128510e-15  1.0000000   8.4754673e-16  -6.7584772e-16  -5.5647475e-16  2.0435278e-16  4.2078105e-16  4.8546162e-16  2.1714585e-16  -3.3031655e-16  1.2807362e-16  -2.5826444e-16  -1.5259974e-16  3.0472248e-16  5.8417872e-16  -2.9663803e-16  -6.1384994e-16  -2.3951659e-16  -1.9598133e-16  -3.1781126e-16  3.9125734e-17  -6.6848418e-16  -8.4596780e-17  -4.3168775e-16  3.1986797e-16  1.3219032e-16  -1.9188862e-16  -9.4030798e-17  3.0771008e-16  -1.4676062e-16  -9.2607534e-16  
2.0925746e-16  8.4754673e-16  1.0000000   -3.5802184e-16  3.9745812e-16  1.1793878e-16  3.0378282e-16  -2.7893887e-16  -8.3335785e-16  -1.7460941e-17  7.9430942e-16  -3.3728763e-16  -1.7337695e-16  -1.0764068e-15  -5.1938976e-16  -2.9893505e-16  7.8174418e-17  1.7723665e-16  -1.0330016e-16  3.9365850e-16  -2.7092995e-16  -7.9236197e-16  6.4280558e-16  -1.3472932e-16  2.9428691e-16  1.2963948e-16  1.5589259e-16  5.6505846e-16  3.4377939e-16  -2.3943185e-16  -1.1630407e-16  2.0925746e-16  8.4754673e-16  1.0000000   -3.5802184e-16  3.9745812e-16  1.1793878e-16  3.0378282e-16  -2.7893887e-16  -8.3335785e-16  -1.7460941e-17  7.9430942e-16  -3.3728763e-16  -1.7337695e-16  -1.0764068e-15  -5.1938976e-16  -2.9893505e-16  7.8174418e-17  1.7723665e-16  -1.0330016e-16  3.9365850e-16  -2.7092995e-16  -7.9236197e-16  6.4280558e-16  -1.3472932e-16  2.9428691e-16  1.2963948e-16  1.5589259e-16  5.6505846e-16  3.4377939e-16  -2.3943185e-16  -1.1630407e-16  
-2.4061069e-16  -6.7584772e-16  -3.5802184e-16  1.0000000   7.9740784e-16  6.4680978e-16  -4.5425328e-16  -3.5193558e-16  4.1063193e-16  -4.1192402e-16  1.5364284e-16  3.4844539e-17  3.5818834e-16  2.7610210e-16  4.9271679e-16  -3.9846886e-16  -4.0326673e-17  -7.5587590e-16  5.8758640e-16  -2.9268371e-16  1.3020601e-16  1.0687366e-16  2.3896465e-16  -3.5776789e-16  -4.5034186e-17  -3.5776149e-16  -6.9322485e-16  -8.4651322e-16  1.0212213e-16  -1.7320728e-16  7.8631193e-17  -2.4061069e-16  -6.7584772e-16  -3.5802184e-16  1.0000000   7.9740784e-16  6.4680978e-16  -4.5425328e-16  -3.5193558e-16  4.1063193e-16  -4.1192402e-16  1.5364284e-16  3.4844539e-17  3.5818834e-16  2.7610210e-16  4.9271679e-16  -3.9846886e-16  -4.0326673e-17  -7.5587590e-16  5.8758640e-16  -2.9268371e-16  1.3020601e-16  1.0687366e-16  2.3896465e-16  -3.5776789e-16  -4.5034186e-17  -3.5776149e-16  -6.9322485e-16  -8.4651322e-16  1.0212213e-16  -1.7320728e-16  7.8631193e-17  
-9.8754844e-16  -5.5647475e-16  3.9745812e-16  7.9740784e-16  1.0000000   -4.6872190e-17  7.0988721e-16  7.4789278e-16  4.2499211e-16  -7.6238447e-16  1.8060930e-16  -4.9639650e-16  3.7315882e-16  3.9804339e-16  -1.0610091e-16  1.8287419e-16  3.0078618e-16  -5.0874164e-16  6.7313477e-16  -2.2081823e-17  -2.0445273e-16  7.1397730e-16  1.8363751e-17  8.4204723e-17  -1.5740419e-16  2.9815009e-17  -3.0536957e-16  -5.7370220e-16  1.4131260e-16  6.4608466e-16  3.3329141e-17  -9.8754844e-16  -5.5647475e-16  3.9745812e-16  7.9740784e-16  1.0000000   -4.6872190e-17  7.0988721e-16  7.4789278e-16  4.2499211e-16  -7.6238447e-16  1.8060930e-16  -4.9639650e-16  3.7315882e-16  3.9804339e-16  -1.0610091e-16  1.8287419e-16  3.0078618e-16  -5.0874164e-16  6.7313477e-16  -2.2081823e-17  -2.0445273e-16  7.1397730e-16  1.8363751e-17  8.4204723e-17  -1.5740419e-16  2.9815009e-17  -3.0536957e-16  -5.7370220e-16  1.4131260e-16  6.4608466e-16  3.3329141e-17  
3.0056192e-16  2.0435278e-16  1.1793878e-16  6.4680978e-16  -4.6872190e-17  1.0000000   -8.2649875e-17  6.0657780e-17  -6.3736031e-16  1.7252264e-16  -4.2336450e-16  3.2193207e-16  -5.6191244e-16  3.9436334e-16  3.9568533e-17  9.1204362e-17  7.6008234e-17  2.1334575e-16  -2.5772754e-16  4.7312158e-16  2.0050408e-17  7.5254283e-16  2.2496274e-16  -1.4479352e-16  -2.6593007e-16  -3.0425238e-16  -1.6569010e-17  3.1533671e-16  -1.0081544e-16  -1.4488905e-16  -2.8231027e-16  3.0056192e-16  2.0435278e-16  1.1793878e-16  6.4680978e-16  -4.6872190e-17  1.0000000   -8.2649875e-17  6.0657780e-17  -6.3736031e-16  1.7252264e-16  -4.2336450e-16  3.2193207e-16  -5.6191244e-16  3.9436334e-16  3.9568533e-17  9.1204362e-17  7.6008234e-17  2.1334575e-16  -2.5772754e-16  4.7312158e-16  2.0050408e-17  7.5254283e-16  2.2496274e-16  -1.4479352e-16  -2.6593007e-16  -3.0425238e-16  -1.6569010e-17  3.1533671e-16  -1.0081544e-16  -1.4488905e-16  -2.8231027e-16  
-1.4611068e-16  4.2078105e-16  3.0378282e-16  -4.5425328e-16  7.0988721e-16  -8.2649875e-17  1.0000000   -1.5180319e-16  -1.1842183e-16  9.1416253e-16  2.6596255e-16  -4.8780015e-17  -1.7458125e-16  -2.6117102e-16  8.4314530e-17  -4.8148742e-16  1.8215351e-16  -5.3999704e-17  1.3595805e-16  8.8753209e-16  5.2867821e-16  -1.9034010e-17  7.0888575e-16  -4.0929386e-16  3.4084297e-16  2.9453031e-16  -2.1610610e-17  1.3011608e-16  3.1301084e-16  1.7091025e-16  -4.9366623e-16  -1.4611068e-16  4.2078105e-16  3.0378282e-16  -4.5425328e-16  7.0988721e-16  -8.2649875e-17  1.0000000   -1.5180319e-16  -1.1842183e-16  9.1416253e-16  2.6596255e-16  -4.8780015e-17  -1.7458125e-16  -2.6117102e-16  8.4314530e-17  -4.8148742e-16  1.8215351e-16  -5.3999704e-17  1.3595805e-16  8.8753209e-16  5.2867821e-16  -1.9034010e-17  7.0888575e-16  -4.0929386e-16  3.4084297e-16  2.9453031e-16  -2.1610610e-17  1.3011608e-16  3.1301084e-16  1.7091025e-16  -4.9366623e-16  
3.5950388e-16  4.8546162e-16  -2.7893887e-16  -3.5193558e-16  7.4789278e-16  6.0657780e-17  -1.5180319e-16  1.0000000   -2.7350423e-16  -1.2853691e-16  -6.7008426e-17  2.8707997e-16  -1.3886423e-16  -6.4348323e-16  -1.8420713e-16  -4.4303856e-16  4.9058180e-17  6.8074840e-17  4.8827210e-16  -8.1147720e-17  -7.1825004e-17  4.6245077e-17  5.7745652e-16  5.5306619e-17  -4.0654917e-16  4.2289113e-19  -1.3620152e-16  7.4555563e-16  -5.3765977e-16  2.3589341e-16  4.4142588e-16  3.5950388e-16  4.8546162e-16  -2.7893887e-16  -3.5193558e-16  7.4789278e-16  6.0657780e-17  -1.5180319e-16  1.0000000   -2.7350423e-16  -1.2853691e-16  -6.7008426e-17  2.8707997e-16  -1.3886423e-16  -6.4348323e-16  -1.8420713e-16  -4.4303856e-16  4.9058180e-17  6.8074840e-17  4.8827210e-16  -8.1147720e-17  -7.1825004e-17  4.6245077e-17  5.7745652e-16  5.5306619e-17  -4.0654917e-16  4.2289113e-19  -1.3620152e-16  7.4555563e-16  -5.3765977e-16  2.3589341e-16  4.4142588e-16  
4.1352535e-16  2.1714585e-16  -8.3335785e-16  4.1063193e-16  4.2499211e-16  -6.3736031e-16  -1.1842183e-16  -2.7350423e-16  1.0000000   3.1121347e-17  -1.4123257e-16  9.2536268e-16  -6.5379694e-17  2.9754968e-16  -1.4372988e-16  1.1325236e-16  8.0086270e-18  -2.2799240e-16  -1.4506920e-16  -1.0062665e-17  -4.1555348e-16  3.0089818e-16  4.4096601e-16  6.4730238e-17  2.5428901e-16  -2.1997982e-16  -2.7516055e-16  2.0615945e-16  4.0024835e-17  6.7103641e-17  3.5134093e-16  4.1352535e-16  2.1714585e-16  -8.3335785e-16  4.1063193e-16  4.2499211e-16  -6.3736031e-16  -1.1842183e-16  -2.7350423e-16  1.0000000   3.1121347e-17  -1.4123257e-16  9.2536268e-16  -6.5379694e-17  2.9754968e-16  -1.4372988e-16  1.1325236e-16  8.0086270e-18  -2.2799240e-16  -1.4506920e-16  -1.0062665e-17  -4.1555348e-16  3.0089818e-16  4.4096601e-16  6.4730238e-17  2.5428901e-16  -2.1997982e-16  -2.7516055e-16  2.0615945e-16  4.0024835e-17  6.7103641e-17  3.5134093e-16  
-3.5613997e-16  -3.3031655e-16  -1.7460941e-17  -4.1192402e-16  -7.6238447e-16  1.7252264e-16  9.1416253e-16  -1.2853691e-16  3.1121347e-17  1.0000000   -1.8254786e-16  2.1287397e-16  5.5216093e-17  -4.4810433e-16  -3.3500378e-16  5.2847976e-16  -1.7386770e-16  -4.3833825e-16  5.2163376e-16  1.7718033e-16  -3.5238273e-17  1.1359692e-15  -1.0213971e-15  -4.0029540e-16  -3.8638716e-16  6.5170897e-17  -4.4729166e-16  4.1215681e-16  2.9950230e-16  5.4815694e-16  -1.2483210e-16  -3.5613997e-16  -3.3031655e-16  -1.7460941e-17  -4.1192402e-16  -7.6238447e-16  1.7252264e-16  9.1416253e-16  -1.2853691e-16  3.1121347e-17  1.0000000   -1.8254786e-16  2.1287397e-16  5.5216093e-17  -4.4810433e-16  -3.3500378e-16  5.2847976e-16  -1.7386770e-16  -4.3833825e-16  5.2163376e-16  1.7718033e-16  -3.5238273e-17  1.1359692e-15  -1.0213971e-15  -4.0029540e-16  -3.8638716e-16  6.5170897e-17  -4.4729166e-16  4.1215681e-16  2.9950230e-16  5.4815694e-16  -1.2483210e-16  
5.9901627e-16  1.2807362e-16  7.9430942e-16  1.5364284e-16  1.8060930e-16  -4.2336450e-16  2.6596255e-16  -6.7008426e-17  -1.4123257e-16  -1.8254786e-16  1.0000000   4.1197205e-16  1.1964622e-16  -4.3509125e-16  5.8130432e-16  1.2192276e-15  3.1306834e-16  -5.2189346e-16  1.2488555e-16  2.8289038e-16  3.4458083e-16  -3.7842524e-16  2.3789681e-17  1.0569270e-16  8.3772983e-16  1.4913600e-17  -1.1718060e-16  -8.2081463e-19  -2.0949465e-16  -3.3163872e-16  -9.4810813e-17  5.9901627e-16  1.2807362e-16  7.9430942e-16  1.5364284e-16  1.8060930e-16  -4.2336450e-16  2.6596255e-16  -6.7008426e-17  -1.4123257e-16  -1.8254786e-16  1.0000000   4.1197205e-16  1.1964622e-16  -4.3509125e-16  5.8130432e-16  1.2192276e-15  3.1306834e-16  -5.2189346e-16  1.2488555e-16  2.8289038e-16  3.4458083e-16  -3.7842524e-16  2.3789681e-17  1.0569270e-16  8.3772983e-16  1.4913600e-17  -1.1718060e-16  -8.2081463e-19  -2.0949465e-16  -3.3163872e-16  -9.4810813e-17  
1.2946939e-16  -2.5826444e-16  -3.3728763e-16  3.4844539e-17  -4.9639650e-16  3.2193207e-16  -4.8780015e-17  2.8707997e-16  9.2536268e-16  2.1287397e-16  4.1197205e-16  1.0000000   2.3545635e-16  8.6819239e-16  4.1440603e-16  -2.9366507e-16  -7.0218596e-16  2.2853764e-16  1.9541176e-16  -6.5817713e-16  5.6302230e-16  -2.7047186e-16  2.2894314e-16  3.5211117e-16  -1.7178649e-16  2.9179065e-16  3.1835763e-16  2.0847453e-17  2.1948459e-16  2.5277938e-16  2.7230466e-16  1.2946939e-16  -2.5826444e-16  -3.3728763e-16  3.4844539e-17  -4.9639650e-16  3.2193207e-16  -4.8780015e-17  2.8707997e-16  9.2536268e-16  2.1287397e-16  4.1197205e-16  1.0000000   2.3545635e-16  8.6819239e-16  4.1440603e-16  -2.9366507e-16  -7.0218596e-16  2.2853764e-16  1.9541176e-16  -6.5817713e-16  5.6302230e-16  -2.7047186e-16  2.2894314e-16  3.5211117e-16  -1.7178649e-16  2.9179065e-16  3.1835763e-16  2.0847453e-17  2.1948459e-16  2.5277938e-16  2.7230466e-16  
-2.5410934e-16  -1.5259974e-16  -1.7337695e-16  3.5818834e-16  3.7315882e-16  -5.6191244e-16  -1.7458125e-16  -1.3886423e-16  -6.5379694e-17  5.5216093e-17  1.1964622e-16  2.3545635e-16  1.0000000   3.7846750e-16  5.1910206e-17  -4.8857870e-16  1.5781607e-16  3.1800041e-16  1.2468893e-16  -3.7666816e-16  -2.0660793e-16  -3.2346150e-17  1.9375799e-16  -3.5366915e-16  -5.9741402e-16  4.8642257e-16  7.1575218e-16  3.7480250e-16  1.8266464e-17  -5.6922665e-18  9.7868437e-17  -2.5410934e-16  -1.5259974e-16  -1.7337695e-16  3.5818834e-16  3.7315882e-16  -5.6191244e-16  -1.7458125e-16  -1.3886423e-16  -6.5379694e-17  5.5216093e-17  1.1964622e-16  2.3545635e-16  1.0000000   3.7846750e-16  5.1910206e-17  -4.8857870e-16  1.5781607e-16  3.1800041e-16  1.2468893e-16  -3.7666816e-16  -2.0660793e-16  -3.2346150e-17  1.9375799e-16  -3.5366915e-16  -5.9741402e-16  4.8642257e-16  7.1575218e-16  3.7480250e-16  1.8266464e-17  -5.6922665e-18  9.7868437e-17  
2.9836761e-16  3.0472248e-16  -1.0764068e-15  2.7610210e-16  3.9804339e-16  3.9436334e-16  -2.6117102e-16  -6.4348323e-16  2.9754968e-16  -4.4810433e-16  -4.3509125e-16  8.6819239e-16  3.7846750e-16  1.0000000   7.2252149e-16  1.0023845e-16  2.8413936e-16  4.4723569e-16  -1.8188128e-16  -7.1692688e-16  5.1960764e-16  5.7880213e-16  2.8093054e-16  -1.8343939e-16  8.8841914e-17  -2.7903740e-16  5.7475333e-16  -4.6120719e-16  -8.1347215e-17  4.4776920e-16  7.3264161e-17  2.9836761e-16  3.0472248e-16  -1.0764068e-15  2.7610210e-16  3.9804339e-16  3.9436334e-16  -2.6117102e-16  -6.4348323e-16  2.9754968e-16  -4.4810433e-16  -4.3509125e-16  8.6819239e-16  3.7846750e-16  1.0000000   7.2252149e-16  1.0023845e-16  2.8413936e-16  4.4723569e-16  -1.8188128e-16  -7.1692688e-16  5.1960764e-16  5.7880213e-16  2.8093054e-16  -1.8343939e-16  8.8841914e-17  -2.7903740e-16  5.7475333e-16  -4.6120719e-16  -8.1347215e-17  4.4776920e-16  7.3264161e-17  
-2.7640721e-16  5.8417872e-16  -5.1938976e-16  4.9271679e-16  -1.0610091e-16  3.9568533e-17  8.4314530e-17  -1.8420713e-16  -1.4372988e-16  -3.3500378e-16  5.8130432e-16  4.1440603e-16  5.1910206e-17  7.2252149e-16  1.0000000   2.3163031e-17  2.7951269e-16  -6.3703263e-18  -3.3885161e-16  4.6864915e-16  4.3677583e-16  1.5048350e-16  -4.1805332e-16  1.2719091e-16  -3.2938800e-16  9.9365532e-17  2.8696448e-16  5.7967160e-16  6.8569261e-16  -1.3520859e-16  3.3988292e-16  -2.7640721e-16  5.8417872e-16  -5.1938976e-16  4.9271679e-16  -1.0610091e-16  3.9568533e-17  8.4314530e-17  -1.8420713e-16  -1.4372988e-16  -3.3500378e-16  5.8130432e-16  4.1440603e-16  5.1910206e-17  7.2252149e-16  1.0000000   2.3163031e-17  2.7951269e-16  -6.3703263e-18  -3.3885161e-16  4.6864915e-16  4.3677583e-16  1.5048350e-16  -4.1805332e-16  1.2719091e-16  -3.2938800e-16  9.9365532e-17  2.8696448e-16  5.7967160e-16  6.8569261e-16  -1.3520859e-16  3.3988292e-16  
3.9904460e-16  -2.9663803e-16  -2.9893505e-16  -3.9846886e-16  1.8287419e-16  9.1204362e-17  -4.8148742e-16  -4.4303856e-16  1.1325236e-16  5.2847976e-16  1.2192276e-15  -2.9366507e-16  -4.8857870e-16  1.0023845e-16  2.3163031e-17  1.0000000   -4.4720571e-16  -8.2732051e-16  6.1481274e-16  1.5272381e-16  4.2267546e-16  4.2066206e-16  4.9665819e-16  4.9849977e-17  1.2057746e-16  6.5412628e-16  5.3703245e-16  9.4519586e-17  -2.2978775e-16  2.3928455e-16  7.1013300e-16  3.9904460e-16  -2.9663803e-16  -2.9893505e-16  -3.9846886e-16  1.8287419e-16  9.1204362e-17  -4.8148742e-16  -4.4303856e-16  1.1325236e-16  5.2847976e-16  1.2192276e-15  -2.9366507e-16  -4.8857870e-16  1.0023845e-16  2.3163031e-17  1.0000000   -4.4720571e-16  -8.2732051e-16  6.1481274e-16  1.5272381e-16  4.2267546e-16  4.2066206e-16  4.9665819e-16  4.9849977e-17  1.2057746e-16  6.5412628e-16  5.3703245e-16  9.4519586e-17  -2.2978775e-16  2.3928455e-16  7.1013300e-16  
1.2475056e-16  -6.1384994e-16  7.8174418e-17  -4.0326673e-17  3.0078618e-16  7.6008234e-17  1.8215351e-16  4.9058180e-17  8.0086270e-18  -1.7386770e-16  3.1306834e-16  -7.0218596e-16  1.5781607e-16  2.8413936e-16  2.7951269e-16  -4.4720571e-16  1.0000000   1.3605612e-16  -1.7123700e-16  -1.7469169e-16  -1.0427407e-16  -1.6245594e-16  2.0468978e-16  8.1714569e-17  3.3571292e-17  -4.1599217e-16  4.6541472e-16  2.8171322e-16  2.3578615e-16  7.7875679e-16  -7.7613642e-16  1.2475056e-16  -6.1384994e-16  7.8174418e-17  -4.0326673e-17  3.0078618e-16  7.6008234e-17  1.8215351e-16  4.9058180e-17  8.0086270e-18  -1.7386770e-16  3.1306834e-16  -7.0218596e-16  1.5781607e-16  2.8413936e-16  2.7951269e-16  -4.4720571e-16  1.0000000   1.3605612e-16  -1.7123700e-16  -1.7469169e-16  -1.0427407e-16  -1.6245594e-16  2.0468978e-16  8.1714569e-17  3.3571292e-17  -4.1599217e-16  4.6541472e-16  2.8171322e-16  2.3578615e-16  7.7875679e-16  -7.7613642e-16  
-6.6965075e-17  -2.3951659e-16  1.7723665e-16  -7.5587590e-16  -5.0874164e-16  2.1334575e-16  -5.3999704e-17  6.8074840e-17  -2.2799240e-16  -4.3833825e-16  -5.2189346e-16  2.2853764e-16  3.1800041e-16  4.4723569e-16  -6.3703263e-18  -8.2732051e-16  1.3605612e-16  1.0000000   3.4158655e-17  2.4986629e-16  5.0041894e-17  2.6821662e-17  -1.5040608e-16  -6.0614356e-16  -2.7041257e-16  9.3290915e-17  4.2357481e-16  -1.1602492e-16  -1.7027672e-17  4.0052077e-18  -8.9891374e-17  -6.6965075e-17  -2.3951659e-16  1.7723665e-16  -7.5587590e-16  -5.0874164e-16  2.1334575e-16  -5.3999704e-17  6.8074840e-17  -2.2799240e-16  -4.3833825e-16  -5.2189346e-16  2.2853764e-16  3.1800041e-16  4.4723569e-16  -6.3703263e-18  -8.2732051e-16  1.3605612e-16  1.0000000   3.4158655e-17  2.4986629e-16  5.0041894e-17  2.6821662e-17  -1.5040608e-16  -6.0614356e-16  -2.7041257e-16  9.3290915e-17  4.2357481e-16  -1.1602492e-16  -1.7027672e-17  4.0052077e-18  -8.9891374e-17  
1.6867682e-16  -1.9598133e-16  -1.0330016e-16  5.8758640e-16  6.7313477e-16  -2.5772754e-16  1.3595805e-16  4.8827210e-16  -1.4506920e-16  5.2163376e-16  1.2488555e-16  1.9541176e-16  1.2468893e-16  -1.8188128e-16  -3.3885161e-16  6.1481274e-16  -1.7123700e-16  3.4158655e-17  1.0000000   3.1323089e-16  -7.3116076e-17  9.7606068e-17  1.4637542e-16  -3.4499116e-17  -7.6673924e-17  2.0272316e-16  -8.7792978e-17  1.2028787e-15  3.6377681e-16  4.3740378e-17  4.8239536e-18  1.6867682e-16  -1.9598133e-16  -1.0330016e-16  5.8758640e-16  6.7313477e-16  -2.5772754e-16  1.3595805e-16  4.8827210e-16  -1.4506920e-16  5.2163376e-16  1.2488555e-16  1.9541176e-16  1.2468893e-16  -1.8188128e-16  -3.3885161e-16  6.1481274e-16  -1.7123700e-16  3.4158655e-17  1.0000000   3.1323089e-16  -7.3116076e-17  9.7606068e-17  1.4637542e-16  -3.4499116e-17  -7.6673924e-17  2.0272316e-16  -8.7792978e-17  1.2028787e-15  3.6377681e-16  4.3740378e-17  4.8239536e-18  
-3.4199193e-16  -3.1781126e-16  3.9365850e-16  -2.9268371e-16  -2.2081823e-17  4.7312158e-16  8.8753209e-16  -8.1147720e-17  -1.0062665e-17  1.7718033e-16  2.8289038e-16  -6.5817713e-16  -3.7666816e-16  -7.1692688e-16  4.6864915e-16  1.5272381e-16  -1.7469169e-16  2.4986629e-16  3.1323089e-16  1.0000000   4.2022775e-16  -5.4284918e-16  -8.7915826e-16  -4.7576908e-17  3.8682791e-16  7.2229427e-17  2.9983550e-16  -8.2887832e-17  -3.2979689e-17  4.1814849e-16  -4.1693129e-16  -3.4199193e-16  -3.1781126e-16  3.9365850e-16  -2.9268371e-16  -2.2081823e-17  4.7312158e-16  8.8753209e-16  -8.1147720e-17  -1.0062665e-17  1.7718033e-16  2.8289038e-16  -6.5817713e-16  -3.7666816e-16  -7.1692688e-16  4.6864915e-16  1.5272381e-16  -1.7469169e-16  2.4986629e-16  3.1323089e-16  1.0000000   4.2022775e-16  -5.4284918e-16  -8.7915826e-16  -4.7576908e-17  3.8682791e-16  7.2229427e-17  2.9983550e-16  -8.2887832e-17  -3.2979689e-17  4.1814849e-16  -4.1693129e-16  
2.2081671e-16  3.9125734e-17  -2.7092995e-16  1.3020601e-16  -2.0445273e-16  2.0050408e-17  5.2867821e-16  -7.1825004e-17  -4.1555348e-16  -3.5238273e-17  3.4458083e-16  5.6302230e-16  -2.0660793e-16  5.1960764e-16  4.3677583e-16  4.2267546e-16  -1.0427407e-16  5.0041894e-17  -7.3116076e-17  4.2022775e-16  1.0000000   -8.4525648e-17  9.1230762e-17  4.1977260e-16  8.8207996e-17  2.4999375e-16  3.2549586e-18  -6.9042104e-16  2.1077319e-16  -1.5243394e-16  3.3472556e-16  2.2081671e-16  3.9125734e-17  -2.7092995e-16  1.3020601e-16  -2.0445273e-16  2.0050408e-17  5.2867821e-16  -7.1825004e-17  -4.1555348e-16  -3.5238273e-17  3.4458083e-16  5.6302230e-16  -2.0660793e-16  5.1960764e-16  4.3677583e-16  4.2267546e-16  -1.0427407e-16  5.0041894e-17  -7.3116076e-17  4.2022775e-16  1.0000000   -8.4525648e-17  9.1230762e-17  4.1977260e-16  8.8207996e-17  2.4999375e-16  3.2549586e-18  -6.9042104e-16  2.1077319e-16  -1.5243394e-16  3.3472556e-16  
-1.4391151e-16  -6.6848418e-16  -7.9236197e-16  1.0687366e-16  7.1397730e-16  7.5254283e-16  -1.9034010e-17  4.6245077e-17  3.0089818e-16  1.1359692e-15  -3.7842524e-16  -2.7047186e-16  -3.2346150e-17  5.7880213e-16  1.5048350e-16  4.2066206e-16  -1.6245594e-16  2.6821662e-17  9.7606068e-17  -5.4284918e-16  -8.4525648e-17  1.0000000   -1.1346612e-16  -1.5834384e-17  6.7881923e-17  -1.9370359e-16  7.9033585e-16  -1.7122042e-16  -4.6712806e-16  -5.0029060e-16  -1.3172174e-16  -1.4391151e-16  -6.6848418e-16  -7.9236197e-16  1.0687366e-16  7.1397730e-16  7.5254283e-16  -1.9034010e-17  4.6245077e-17  3.0089818e-16  1.1359692e-15  -3.7842524e-16  -2.7047186e-16  -3.2346150e-17  5.7880213e-16  1.5048350e-16  4.2066206e-16  -1.6245594e-16  2.6821662e-17  9.7606068e-17  -5.4284918e-16  -8.4525648e-17  1.0000000   -1.1346612e-16  -1.5834384e-17  6.7881923e-17  -1.9370359e-16  7.9033585e-16  -1.7122042e-16  -4.6712806e-16  -5.0029060e-16  -1.3172174e-16  
4.3555328e-18  -8.4596780e-17  6.4280558e-16  2.3896465e-16  1.8363751e-17  2.2496274e-16  7.0888575e-16  5.7745652e-16  4.4096601e-16  -1.0213971e-15  2.3789681e-17  2.2894314e-16  1.9375799e-16  2.8093054e-16  -4.1805332e-16  4.9665819e-16  2.0468978e-16  -1.5040608e-16  1.4637542e-16  -8.7915826e-16  9.1230762e-17  -1.1346612e-16  1.0000000   -5.4306177e-16  -1.8156246e-17  -6.0303816e-17  5.2994160e-17  -2.0221003e-16  4.1734070e-16  -3.9436072e-16  3.9594437e-16  4.3555328e-18  -8.4596780e-17  6.4280558e-16  2.3896465e-16  1.8363751e-17  2.2496274e-16  7.0888575e-16  5.7745652e-16  4.4096601e-16  -1.0213971e-15  2.3789681e-17  2.2894314e-16  1.9375799e-16  2.8093054e-16  -4.1805332e-16  4.9665819e-16  2.0468978e-16  -1.5040608e-16  1.4637542e-16  -8.7915826e-16  9.1230762e-17  -1.1346612e-16  1.0000000   -5.4306177e-16  -1.8156246e-17  -6.0303816e-17  5.2994160e-17  -2.0221003e-16  4.1734070e-16  -3.9436072e-16  3.9594437e-16  
-9.1991318e-17  -4.3168775e-16  -1.3472932e-16  -3.5776789e-16  8.4204723e-17  -1.4479352e-16  -4.0929386e-16  5.5306619e-17  6.4730238e-17  -4.0029540e-16  1.0569270e-16  3.5211117e-16  -3.5366915e-16  -1.8343939e-16  1.2719091e-16  4.9849977e-17  8.1714569e-17  -6.0614356e-16  -3.4499116e-17  -4.7576908e-17  4.1977260e-16  -1.5834384e-17  -5.4306177e-16  1.0000000   3.1139936e-16  -4.9733000e-16  -2.6966480e-16  4.5302766e-16  1.4735783e-16  6.9911340e-17  -1.2743765e-16  -9.1991318e-17  -4.3168775e-16  -1.3472932e-16  -3.5776789e-16  8.4204723e-17  -1.4479352e-16  -4.0929386e-16  5.5306619e-17  6.4730238e-17  -4.0029540e-16  1.0569270e-16  3.5211117e-16  -3.5366915e-16  -1.8343939e-16  1.2719091e-16  4.9849977e-17  8.1714569e-17  -6.0614356e-16  -3.4499116e-17  -4.7576908e-17  4.1977260e-16  -1.5834384e-17  -5.4306177e-16  1.0000000   3.1139936e-16  -4.9733000e-16  -2.6966480e-16  4.5302766e-16  1.4735783e-16  6.9911340e-17  -1.2743765e-16  
-1.5372165e-16  3.1986797e-16  2.9428691e-16  -4.5034186e-17  -1.5740419e-16  -2.6593007e-16  3.4084297e-16  -4.0654917e-16  2.5428901e-16  -3.8638716e-16  8.3772983e-16  -1.7178649e-16  -5.9741402e-16  8.8841914e-17  -3.2938800e-16  1.2057746e-16  3.3571292e-17  -2.7041257e-16  -7.6673924e-17  3.8682791e-16  8.8207996e-17  6.7881923e-17  -1.8156246e-17  3.1139936e-16  1.0000000   -7.9153639e-17  -2.0285315e-16  -3.8816678e-17  -3.4786422e-16  -5.9928663e-16  1.2929080e-16  -1.5372165e-16  3.1986797e-16  2.9428691e-16  -4.5034186e-17  -1.5740419e-16  -2.6593007e-16  3.4084297e-16  -4.0654917e-16  2.5428901e-16  -3.8638716e-16  8.3772983e-16  -1.7178649e-16  -5.9741402e-16  8.8841914e-17  -3.2938800e-16  1.2057746e-16  3.3571292e-17  -2.7041257e-16  -7.6673924e-17  3.8682791e-16  8.8207996e-17  6.7881923e-17  -1.8156246e-17  3.1139936e-16  1.0000000   -7.9153639e-17  -2.0285315e-16  -3.8816678e-17  -3.4786422e-16  -5.9928663e-16  1.2929080e-16  
5.4106297e-16  1.3219032e-16  1.2963948e-16  -3.5776149e-16  2.9815009e-17  -3.0425238e-16  2.9453031e-16  4.2289113e-19  -2.1997982e-16  6.5170897e-17  1.4913600e-17  2.9179065e-16  4.8642257e-16  -2.7903740e-16  9.9365532e-17  6.5412628e-16  -4.1599217e-16  9.3290915e-17  2.0272316e-16  7.2229427e-17  2.4999375e-16  -1.9370359e-16  -6.0303816e-17  -4.9733000e-16  -7.9153639e-17  1.0000000   -2.1283827e-16  -1.1441936e-17  2.9870959e-16  5.4553799e-17  1.6588460e-16  5.4106297e-16  1.3219032e-16  1.2963948e-16  -3.5776149e-16  2.9815009e-17  -3.0425238e-16  2.9453031e-16  4.2289113e-19  -2.1997982e-16  6.5170897e-17  1.4913600e-17  2.9179065e-16  4.8642257e-16  -2.7903740e-16  9.9365532e-17  6.5412628e-16  -4.1599217e-16  9.3290915e-17  2.0272316e-16  7.2229427e-17  2.4999375e-16  -1.9370359e-16  -6.0303816e-17  -4.9733000e-16  -7.9153639e-17  1.0000000   -2.1283827e-16  -1.1441936e-17  2.9870959e-16  5.4553799e-17  1.6588460e-16  
-7.2690490e-16  -1.9188862e-16  1.5589259e-16  -6.9322485e-16  -3.0536957e-16  -1.6569010e-17  -2.1610610e-17  -1.3620152e-16  -2.7516055e-16  -4.4729166e-16  -1.1718060e-16  3.1835763e-16  7.1575218e-16  5.7475333e-16  2.8696448e-16  5.3703245e-16  4.6541472e-16  4.2357481e-16  -8.7792978e-17  2.9983550e-16  3.2549586e-18  7.9033585e-16  5.2994160e-17  -2.6966480e-16  -2.0285315e-16  -2.1283827e-16  1.0000000   6.4444531e-16  3.0168975e-16  2.7791420e-16  9.9982409e-17  -7.2690490e-16  -1.9188862e-16  1.5589259e-16  -6.9322485e-16  -3.0536957e-16  -1.6569010e-17  -2.1610610e-17  -1.3620152e-16  -2.7516055e-16  -4.4729166e-16  -1.1718060e-16  3.1835763e-16  7.1575218e-16  5.7475333e-16  2.8696448e-16  5.3703245e-16  4.6541472e-16  4.2357481e-16  -8.7792978e-17  2.9983550e-16  3.2549586e-18  7.9033585e-16  5.2994160e-17  -2.6966480e-16  -2.0285315e-16  -2.1283827e-16  1.0000000   6.4444531e-16  3.0168975e-16  2.7791420e-16  9.9982409e-17  
-5.0979234e-16  -9.4030798e-17  5.6505846e-16  -8.4651322e-16  -5.7370220e-16  3.1533671e-16  1.3011608e-16  7.4555563e-16  2.0615945e-16  4.1215681e-16  -8.2081463e-19  2.0847453e-17  3.7480250e-16  -4.6120719e-16  5.7967160e-16  9.4519586e-17  2.8171322e-16  -1.1602492e-16  1.2028787e-15  -8.2887832e-17  -6.9042104e-16  -1.7122042e-16  -2.0221003e-16  4.5302766e-16  -3.8816678e-17  -1.1441936e-17  6.4444531e-16  1.0000000   1.9920105e-16  -2.8023905e-16  8.0906415e-16  -5.0979234e-16  -9.4030798e-17  5.6505846e-16  -8.4651322e-16  -5.7370220e-16  3.1533671e-16  1.3011608e-16  7.4555563e-16  2.0615945e-16  4.1215681e-16  -8.2081463e-19  2.0847453e-17  3.7480250e-16  -4.6120719e-16  5.7967160e-16  9.4519586e-17  2.8171322e-16  -1.1602492e-16  1.2028787e-15  -8.2887832e-17  -6.9042104e-16  -1.7122042e-16  -2.0221003e-16  4.5302766e-16  -3.8816678e-17  -1.1441936e-17  6.4444531e-16  1.0000000   1.9920105e-16  -2.8023905e-16  8.0906415e-16  
-2.4305668e-16  3.0771008e-16  3.4377939e-16  1.0212213e-16  1.4131260e-16  -1.0081544e-16  3.1301084e-16  -5.3765977e-16  4.0024835e-17  2.9950230e-16  -2.0949465e-16  2.1948459e-16  1.8266464e-17  -8.1347215e-17  6.8569261e-16  -2.2978775e-16  2.3578615e-16  -1.7027672e-17  3.6377681e-16  -3.2979689e-17  2.1077319e-16  -4.6712806e-16  4.1734070e-16  1.4735783e-16  -3.4786422e-16  2.9870959e-16  3.0168975e-16  1.9920105e-16  1.0000000   8.0335171e-16  3.5398074e-17  -2.4305668e-16  3.0771008e-16  3.4377939e-16  1.0212213e-16  1.4131260e-16  -1.0081544e-16  3.1301084e-16  -5.3765977e-16  4.0024835e-17  2.9950230e-16  -2.0949465e-16  2.1948459e-16  1.8266464e-17  -8.1347215e-17  6.8569261e-16  -2.2978775e-16  2.3578615e-16  -1.7027672e-17  3.6377681e-16  -3.2979689e-17  2.1077319e-16  -4.6712806e-16  4.1734070e-16  1.4735783e-16  -3.4786422e-16  2.9870959e-16  3.0168975e-16  1.9920105e-16  1.0000000   8.0335171e-16  3.5398074e-17  
8.4013429e-17  -1.4676062e-16  -2.3943185e-16  -1.7320728e-16  6.4608466e-16  -1.4488905e-16  1.7091025e-16  2.3589341e-16  6.7103641e-17  5.4815694e-16  -3.3163872e-16  2.5277938e-16  -5.6922665e-18  4.4776920e-16  -1.3520859e-16  2.3928455e-16  7.7875679e-16  4.0052077e-18  4.3740378e-17  4.1814849e-16  -1.5243394e-16  -5.0029060e-16  -3.9436072e-16  6.9911340e-17  -5.9928663e-16  5.4553799e-17  2.7791420e-16  -2.8023905e-16  8.0335171e-16  1.0000000   4.9891411e-16  8.4013429e-17  -1.4676062e-16  -2.3943185e-16  -1.7320728e-16  6.4608466e-16  -1.4488905e-16  1.7091025e-16  2.3589341e-16  6.7103641e-17  5.4815694e-16  -3.3163872e-16  2.5277938e-16  -5.6922665e-18  4.4776920e-16  -1.3520859e-16  2.3928455e-16  7.7875679e-16  4.0052077e-18  4.3740378e-17  4.1814849e-16  -1.5243394e-16  -5.0029060e-16  -3.9436072e-16  6.9911340e-17  -5.9928663e-16  5.4553799e-17  2.7791420e-16  -2.8023905e-16  8.0335171e-16  1.0000000   4.9891411e-16  
1.3781394e-16  -9.2607534e-16  -1.1630407e-16  7.8631193e-17  3.3329141e-17  -2.8231027e-16  -4.9366623e-16  4.4142588e-16  3.5134093e-16  -1.2483210e-16  -9.4810813e-17  2.7230466e-16  9.7868437e-17  7.3264161e-17  3.3988292e-16  7.1013300e-16  -7.7613642e-16  -8.9891374e-17  4.8239536e-18  -4.1693129e-16  3.3472556e-16  -1.3172174e-16  3.9594437e-16  -1.2743765e-16  1.2929080e-16  1.6588460e-16  9.9982409e-17  8.0906415e-16  3.5398074e-17  4.9891411e-16  1.0000000   1.3781394e-16  -9.2607534e-16  -1.1630407e-16  7.8631193e-17  3.3329141e-17  -2.8231027e-16  -4.9366623e-16  4.4142588e-16  3.5134093e-16  -1.2483210e-16  -9.4810813e-17  2.7230466e-16  9.7868437e-17  7.3264161e-17  3.3988292e-16  7.1013300e-16  -7.7613642e-16  -8.9891374e-17  4.8239536e-18  -4.1693129e-16  3.3472556e-16  -1.3172174e-16  3.9594437e-16  -1.2743765e-16  1.2929080e-16  1.6588460e-16  9.9982409e-17  8.0906415e-16  3.5398074e-17  4.9891411e-16  1.0000000   
1.0000000   -1.1128510e-15  2.0925746e-16  -2.4061069e-16  -9.8754844e-16  3.0056192e-16  -1.4611068e-16  3.5950388e-16  4.1352535e-16  -3.5613997e-16  5.9901627e-16  1.2946939e-16  -2.5410934e-16  2.9836761e-16  -2.7640721e-16  3.9904460e-16  1.2475056e-16  -6.6965075e-17  1.6867682e-16  -3.4199193e-16  2.2081671e-16  -1.4391151e-16  4.3555328e-18  -9.1991318e-17  -1.5372165e-16  5.4106297e-16  -7.2690490e-16  -5.0979234e-16  -2.4305668e-16  8.4013429e-17  1.3781394e-16  1.0000000   -1.1128510e-15  2.0925746e-16  -2.4061069e-16  -9.8754844e-16  3.0056192e-16  -1.4611068e-16  3.5950388e-16  4.1352535e-16  -3.5613997e-16  5.9901627e-16  1.2946939e-16  -2.5410934e-16  2.9836761e-16  -2.7640721e-16  3.9904460e-16  1.2475056e-16  -6.6965075e-17  1.6867682e-16  -3.4199193e-16  2.2081671e-16  -1.4391151e-16  4.3555328e-18  -9.1991318e-17  -1.5372165e-16  5.4106297e-16  -7.2690490e-16  -5.0979234e-16  -2.4305668e-16  8.4013429e-17  1.3781394e-16  
-1.1128510e-15  1.0000000   8.4754673e-16  -6.7584772e-16  -5.5647475e-16  2.0435278e-16  4.2078105e-16  4.8546162e-16  2.1714585e-16  -3.3031655e-16  1.2807362e-16  -2.5826444e-16  -1.5259974e-16  3.0472248e-16  5.8417872e-16  -2.9663803e-16  -6.1384994e-16  -2.3951659e-16  -1.9598133e-16  -3.1781126e-16  3.9125734e-17  -6.6848418e-16  -8.4596780e-17  -4.3168775e-16  3.1986797e-16  1.3219032e-16  -1.9188862e-16  -9.4030798e-17  3.0771008e-16  -1.4676062e-16  -9.2607534e-16  -1.1128510e-15  1.0000000   8.4754673e-16  -6.7584772e-16  -5.5647475e-16  2.0435278e-16  4.2078105e-16  4.8546162e-16  2.1714585e-16  -3.3031655e-16  1.2807362e-16  -2.5826444e-16  -1.5259974e-16  3.0472248e-16  5.8417872e-16  -2.9663803e-16  -6.1384994e-16  -2.3951659e-16  -1.9598133e-16  -3.1781126e-16  3.9125734e-17  -6.6848418e-16  -8.4596780e-17  -4.3168775e-16  3.1986797e-16  1.3219032e-16  -1.9188862e-16  -9.4030798e-17  3.0771008e-16  -1.4676062e-16  -9.2607534e-16  
2.0925746e-16  8.4754673e-16  1.0000000   -3.5802184e-16  3.9745812e-16  1.1793878e-16  3.0378282e-16  -2.7893887e-16  -8.3335785e-16  -1.7460941e-17  7.9430942e-16  -3.3728763e-16  -1.7337695e-16  -1.0764068e-15  -5.1938976e-16  -2.9893505e-16  7.8174418e-17  1.7723665e-16  -1.0330016e-16  3.9365850e-16  -2.7092995e-16  -7.9236197e-16  6.4280558e-16  -1.3472932e-16  2.9428691e-16  1.2963948e-16  1.5589259e-16  5.6505846e-16  3.4377939e-16  -2.3943185e-16  -1.1630407e-16  2.0925746e-16  8.4754673e-16  1.0000000   -3.5802184e-16  3.9745812e-16  1.1793878e-16  3.0378282e-16  -2.7893887e-16  -8.3335785e-16  -1.7460941e-17  7.9430942e-16  -3.3728763e-16  -1.7337695e-16  -1.0764068e-15  -5.1938976e-16  -2.9893505e-16  7.8174418e-17  1.7723665e-16  -1.0330016e-16  3.9365850e-16  -2.7092995e-16  -7.9236197e-16  6.4280558e-16  -1.3472932e-16  2.9428691e-16  1.2963948e-16  1.5589259e-16  5.6505846e-16  3.4377939e-16  -2.3943185e-16  -1.1630407e-16  
-2.4061069e-16  -6.7584772e-16  -3.5802184e-16  1.0000000   7.9740784e-16  6.4680978e-16  -4.5425328e-16  -3.5193558e-16  4.1063193e-16  -4.1192402e-16  1.5364284e-16  3.4844539e-17  3.5818834e-16  2.7610210e-16  4.9271679e-16  -3.9846886e-16  -4.0326673e-17  -7.5587590e-16  5.8758640e-16  -2.9268371e-16  1.3020601e-16  1.0687366e-16  2.3896465e-16  -3.5776789e-16  -4.5034186e-17  -3.5776149e-16  -6.9322485e-16  -8.4651322e-16  1.0212213e-16  -1.7320728e-16  7.8631193e-17  -2.4061069e-16  -6.7584772e-16  -3.5802184e-16  1.0000000   7.9740784e-16  6.4680978e-16  -4.5425328e-16  -3.5193558e-16  4.1063193e-16  -4.1192402e-16  1.5364284e-16  3.4844539e-17  3.5818834e-16  2.7610210e-16  4.9271679e-16  -3.9846886e-16  -4.0326673e-17  -7.5587590e-16  5.8758640e-16  -2.9268371e-16  1.3020601e-16  1.0687366e-16  2.3896465e-16  -3.5776789e-16  -4.5034186e-17  -3.5776149e-16  -6.9322485e-16  -8.4651322e-16  1.0212213e-16  -1.7320728e-16  7.8631193e-17  
-9.8754844e-16  -5.5647475e-16  3.9745812e-16  7.9740784e-16  1.0000000   -4.6872190e-17  7.0988721e-16  7.4789278e-16  4.2499211e-16  -7.6238447e-16  1.8060930e-16  -4.9639650e-16  3.7315882e-16  3.9804339e-16  -1.0610091e-16  1.8287419e-16  3.0078618e-16  -5.0874164e-16  6.7313477e-16  -2.2081823e-17  -2.0445273e-16  7.1397730e-16  1.8363751e-17  8.4204723e-17  -1.5740419e-16  2.9815009e-17  -3.0536957e-16  -5.7370220e-16  1.4131260e-16  6.4608466e-16  3.3329141e-17  -9.8754844e-16  -5.5647475e-16  3.9745812e-16  7.9740784e-16  1.0000000   -4.6872190e-17  7.0988721e-16  7.4789278e-16  4.2499211e-16  -7.6238447e-16  1.8060930e-16  -4.9639650e-16  3.7315882e-16  3.9804339e-16  -1.0610091e-16  1.8287419e-16  3.0078618e-16  -5.0874164e-16  6.7313477e-16  -2.2081823e-17  -2.0445273e-16  7.1397730e-16  1.8363751e-17  8.4204723e-17  -1.5740419e-16  2.9815009e-17  -3.0536957e-16  -5.7370220e-16  1.4131260e-16  6.4608466e-16  3.3329141e-17  
3.0056192e-16  2.0435278e-16  1.1793878e-16  6.4680978e-16  -4.6872190e-17  1.0000000   -8.2649875e-17  6.0657780e-17  -6.3736031e-16  1.7252264e-16  -4.2336450e-16  3.2193207e-16  -5.6191244e-16  3.9436334e-16  3.9568533e-17  9.1204362e-17  7.6008234e-17  2.1334575e-16  -2.5772754e-16  4.7312158e-16  2.0050408e-17  7.5254283e-16  2.2496274e-16  -1.4479352e-16  -2.6593007e-16  -3.0425238e-16  -1.6569010e-17  3.1533671e-16  -1.0081544e-16  -1.4488905e-16  -2.8231027e-16  3.0056192e-16  2.0435278e-16  1.1793878e-16  6.4680978e-16  -4.6872190e-17  1.0000000   -8.2649875e-17  6.0657780e-17  -6.3736031e-16  1.7252264e-16  -4.2336450e-16  3.2193207e-16  -5.6191244e-16  3.9436334e-16  3.9568533e-17  9.1204362e-17  7.6008234e-17  2.1334575e-16  -2.5772754e-16  4.7312158e-16  2.0050408e-17  7.5254283e-16  2.2496274e-16  -1.4479352e-16  -2.6593007e-16  -3.0425238e-16  -1.6569010e-17  3.1533671e-16  -1.0081544e-16  -1.4488905e-16  -2.8231027e-16  
-1.4611068e-16  4.2078105e-16  3.0378282e-16  -4.5425328e-16  7.0988721e-16  -8.2649875e-17  1.0000000   -1.5180319e-16  -1.1842183e-16  9.1416253e-16  2.6596255e-16  -4.8780015e-17  -1.7458125e-16  -2.6117102e-16  8.4314530e-17  -4.8148742e-16  1.8215351e-16  -5.3999704e-17  1.3595805e-16  8.8753209e-16  5.2867821e-16  -1.9034010e-17  7.0888575e-16  -4.0929386e-16  3.4084297e-16  2.9453031e-16  -2.1610610e-17  1.3011608e-16  3.1301084e-16  1.7091025e-16  -4.9366623e-16  -1.4611068e-16  4.2078105e-16  3.0378282e-16  -4.5425328e-16  7.0988721e-16  -8.2649875e-17  1.0000000   -1.5180319e-16  -1.1842183e-16  9.1416253e-16  2.6596255e-16  -4.8780015e-17  -1.7458125e-16  -2.6117102e-16  8.4314530e-17  -4.8148742e-16  1.8215351e-16  -5.3999704e-17  1.3595805e-16  8.8753209e-16  5.2867821e-16  -1.9034010e-17  7.0888575e-16  -4.0929386e-16  3.4084297e-16  2.9453031e-16  -2.1610610e-17  1.3011608e-16  3.1301084e-16  1.7091025e-16  -4.9366623e-16  
3.5950388e-16  4.8546162e-16  -2.7893887e-16  -3.5193558e-16  7.4789278e-16  6.0657780e-17  -1.5180319e-16  1.0000000   -2.7350423e-16  -1.2853691e-16  -6.7008426e-17  2.8707997e-16  -1.3886423e-16  -6.4348323e-16  -1.8420713e-16  -4.4303856e-16  4.9058180e-17  6.8074840e-17  4.8827210e-16  -8.1147720e-17  -7.1825004e-17  4.6245077e-17  5.7745652e-16  5.5306619e-17  -4.0654917e-16  4.2289113e-19  -1.3620152e-16  7.4555563e-16  -5.3765977e-16  2.3589341e-16  4.4142588e-16  3.5950388e-16  4.8546162e-16  -2.7893887e-16  -3.5193558e-16  7.4789278e-16  6.0657780e-17  -1.5180319e-16  1.0000000   -2.7350423e-16  -1.2853691e-16  -6.7008426e-17  2.8707997e-16  -1.3886423e-16  -6.4348323e-16  -1.8420713e-16  -4.4303856e-16  4.9058180e-17  6.8074840e-17  4.8827210e-16  -8.1147720e-17  -7.1825004e-17  4.6245077e-17  5.7745652e-16  5.5306619e-17  -4.0654917e-16  4.2289113e-19  -1.3620152e-16  7.4555563e-16  -5.3765977e-16  2.3589341e-16  4.4142588e-16  
4.1352535e-16  2.1714585e-16  -8.3335785e-16  4.1063193e-16  4.2499211e-16  -6.3736031e-16  -1.1842183e-16  -2.7350423e-16  1.0000000   3.1121347e-17  -1.4123257e-16  9.2536268e-16  -6.5379694e-17  2.9754968e-16  -1.4372988e-16  1.1325236e-16  8.0086270e-18  -2.2799240e-16  -1.4506920e-16  -1.0062665e-17  -4.1555348e-16  3.0089818e-16  4.4096601e-16  6.4730238e-17  2.5428901e-16  -2.1997982e-16  -2.7516055e-16  2.0615945e-16  4.0024835e-17  6.7103641e-17  3.5134093e-16  4.1352535e-16  2.1714585e-16  -8.3335785e-16  4.1063193e-16  4.2499211e-16  -6.3736031e-16  -1.1842183e-16  -2.7350423e-16  1.0000000   3.1121347e-17  -1.4123257e-16  9.2536268e-16  -6.5379694e-17  2.9754968e-16  -1.4372988e-16  1.1325236e-16  8.0086270e-18  -2.2799240e-16  -1.4506920e-16  -1.0062665e-17  -4.1555348e-16  3.0089818e-16  4.4096601e-16  6.4730238e-17  2.5428901e-16  -2.1997982e-16  -2.7516055e-16  2.0615945e-16  4.0024835e-17  6.7103641e-17  3.5134093e-16  
-3.5613997e-16  -3.3031655e-16  -1.7460941e-17  -4.1192402e-16  -7.6238447e-16  1.7252264e-16  9.1416253e-16  -1.2853691e-16  3.1121347e-17  1.0000000   -1.8254786e-16  2.1287397e-16  5.5216093e-17  -4.4810433e-16  -3.3500378e-16  5.2847976e-16  -1.7386770e-16  -4.3833825e-16  5.2163376e-16  1.7718033e-16  -3.5238273e-17  1.1359692e-15  -1.0213971e-15  -4.0029540e-16  -3.8638716e-16  6.5170897e-17  -4.4729166e-16  4.1215681e-16  2.9950230e-16  5.4815694e-16  -1.2483210e-16  -3.5613997e-16  -3.3031655e-16  -1.7460941e-17  -4.1192402e-16  -7.6238447e-16  1.7252264e-16  9.1416253e-16  -1.2853691e-16  3.1121347e-17  1.0000000   -1.8254786e-16  2.1287397e-16  5.5216093e-17  -4.4810433e-16  -3.3500378e-16  5.2847976e-16  -1.7386770e-16  -4.3833825e-16  5.2163376e-16  1.7718033e-16  -3.5238273e-17  1.1359692e-15  -1.0213971e-15  -4.0029540e-16  -3.8638716e-16  6.5170897e-17  -4.4729166e-16  4.1215681e-16  2.9950230e-16  5.4815694e-16  -1.2483210e-16  
5.9901627e-16  1.2807362e-16  7.9430942e-16  1.5364284e-16  1.8060930e-16  -4.2336450e-16  2.6596255e-16  -6.7008426e-17  -1.4123257e-16  -1.8254786e-16  1.0000000   4.1197205e-16  1.1964622e-16  -4.3509125e-16  5.8130432e-16  1.2192276e-15  3.1306834e-16  -5.2189346e-16  1.2488555e-16  2.8289038e-16  3.4458083e-16  -3.7842524e-16  2.3789681e-17  1.0569270e-16  8.3772983e-16  1.4913600e-17  -1.1718060e-16  -8.2081463e-19  -2.0949465e-16  -3.3163872e-16  -9.4810813e-17  5.9901627e-16  1.2807362e-16  7.9430942e-16  1.5364284e-16  1.8060930e-16  -4.2336450e-16  2.6596255e-16  -6.7008426e-17  -1.4123257e-16  -1.8254786e-16  1.0000000   4.1197205e-16  1.1964622e-16  -4.3509125e-16  5.8130432e-16  1.2192276e-15  3.1306834e-16  -5.2189346e-16  1.2488555e-16  2.8289038e-16  3.4458083e-16  -3.7842524e-16  2.3789681e-17  1.0569270e-16  8.3772983e-16  1.4913600e-17  -1.1718060e-16  -8.2081463e-19  -2.0949465e-16  -3.3163872e-16  -9.4810813e-17  
