1.0000000   -4.3917874e-16  2.3668949e-16  -8.3876776e-16  -3.7119737e-17  -3.9148925e-16  -2.1757696e-16  1.0394696e-15  -2.1083437e-16  9.8669770e-17  -3.8340943e-16  2.3516868e-16  2.3978975e-16  -3.6435275e-16  -1.4518205e-16  -8.0936269e-16  -1.3093998e-16  -7.2784933e-16  3.3784020e-16  -1.8706759e-16  -2.3122931e-16  -7.0566405e-16  4.7596179e-16  -3.8858347e-16  -3.3006804e-16  9.7801055e-18  2.0560985e-16  -5.9841182e-17  -7.2952186e-16  6.2715370e-16  4.0279945e-16  1.0000000   -4.3917874e-16  2.3668949e-16  -8.3876776e-16  -3.7119737e-17  -3.9148925e-16  -2.1757696e-16  1.0394696e-15  -2.1083437e-16  9.8669770e-17  -3.8340943e-16  2.3516868e-16  2.3978975e-16  -3.6435275e-16  -1.4518205e-16  -8.0936269e-16  -1.3093998e-16  -7.2784933e-16  3.3784020e-16  -1.8706759e-16  -2.3122931e-16  -7.0566405e-16  4.7596179e-16  -3.8858347e-16  -3.3006804e-16  9.7801055e-18  2.0560985e-16  -5.9841182e-17  -7.2952186e-16  6.2715370e-16  4.0279945e-16  
-4.3917874e-16  1.0000000   2.5214461e-16  7.6529233e-16  -4.1699381e-16  -2.8913892e-18  -1.1440719e-16  -5.9668445e-16  2.2039127e-16  -1.7161152e-16  1.2128000e-15  -6.7929876e-16  -4.1817273e-16  1.1894832e-16  2.0514817e-17  -3.1002845e-16  -1.0534335e-17  2.0254644e-16  -9.9557341e-17  8.7664121e-16  -1.9144799e-17  5.6163977e-17  1.4897115e-16  -5.1140888e-17  -5.5965582e-16  3.4562277e-16  -7.1295342e-16  2.7920103e-16  2.4615566e-16  -1.8417203e-16  -2.4754451e-16  -4.3917874e-16  1.0000000   2.5214461e-16  7.6529233e-16  -4.1699381e-16  -2.8913892e-18  -1.1440719e-16  -5.9668445e-16  2.2039127e-16  -1.7161152e-16  1.2128000e-15  -6.7929876e-16  -4.1817273e-16  1.1894832e-16  2.0514817e-17  -3.1002845e-16  -1.0534335e-17  2.0254644e-16  -9.9557341e-17  8.7664121e-16  -1.9144799e-17  5.6163977e-17  1.4897115e-16  -5.1140888e-17  -5.5965582e-16  3.4562277e-16  -7.1295342e-16  2.7920103e-16  2.4615566e-16  -1.8417203e-16  -2.4754451e-16  
2.3668949e-16  2.5214461e-16  1.0000000   4.1405811e-16  8.7217443e-16  4.4576675e-16  8.0117931e-16  -2.9383413e-16  6.2406650e-16  -7.1073058e-16  -1.5123785e-16  1.6954193e-16  4.2719871e-16  1.6184568e-16  -3.8912158e-16  -4.8019831e-16  5.7308003e-17  -9.3228021e-16  1.2325071e-16  4.2711691e-16  8.1519712e-16  8.8068452e-17  -5.9343790e-17  -6.5422557e-16  -7.5698597e-16  -6.8500423e-16  4.4656173e-16  -2.4701090e-16  1.9728741e-16  -3.4016019e-16  8.0889535e-17  2.3668949e-16  2.5214461e-16  1.0000000   4.1405811e-16  8.7217443e-16  4.4576675e-16  8.0117931e-16  -2.9383413e-16  6.2406650e-16  -7.1073058e-16  -1.5123785e-16  1.6954193e-16  4.2719871e-16  1.6184568e-16  -3.8912158e-16  -4.8019831e-16  5.7308003e-17  -9.3228021e-16  1.2325071e-16  4.2711691e-16  8.1519712e-16  8.8068452e-17  -5.9343790e-17  -6.5422557e-16  -7.5698597e-16  -6.8500423e-16  4.4656173e-16  -2.4701090e-16  1.9728741e-16  -3.4016019e-16  8.0889535e-17  
-8.3876776e-16  7.6529233e-16  4.1405811e-16  1.0000000   1.2796638e-16  -6.0905985e-16  3.9558950e-16  -6.1259630e-17  -2.8433851e-16  2.8025749e-16  -3.7701929e-17  7.6971933e-16  3.7027032e-16  -3.8067856e-16  6.5700574e-16  5.1046026e-16  -7.3457531e-16  9.3019199e-17  -6.6578194e-16  -4.6393041e-16  3.7075214e-16  3.7230974e-16  5.4396412e-16  4.9893903e-16  1.1325435e-15  4.3758045e-16  -3.6031846e-16  1.4259482e-16  2.2643428e-16  1.9362572e-16  -4.0300273e-16  -8.3876776e-16  7.6529233e-16  4.1405811e-16  1.0000000   1.2796638e-16  -6.0905985e-16  3.9558950e-16  -6.1259630e-17  -2.8433851e-16  2.8025749e-16  -3.7701929e-17  7.6971933e-16  3.7027032e-16  -3.8067856e-16  6.5700574e-16  5.1046026e-16  -7.3457531e-16  9.3019199e-17  -6.6578194e-16  -4.6393041e-16  3.7075214e-16  3.7230974e-16  5.4396412e-16  4.9893903e-16  1.1325435e-15  4.3758045e-16  -3.6031846e-16  1.4259482e-16  2.2643428e-16  1.9362572e-16  -4.0300273e-16  
-3.7119737e-17  -4.1699381e-16  8.7217443e-16  1.2796638e-16  1.0000000   -1.9143516e-16  -1.3869215e-16  1.4022353e-15  -5.9913727e-16  -9.4781007e-16  -3.8366496e-16  5.5413866e-16  7.0757440e-16  -1.1121612e-15  1.9951140e-16  3.2000089e-16  -2.1945307e-16  5.7859829e-16  -2.0127783e-16  -6.0890671e-16  -3.7323307e-16  5.4877116e-16  -8.8256116e-16  -8.3033768e-16  1.7773447e-16  -4.7309926e-16  1.8034625e-16  -5.0430629e-16  4.8563755e-16  -2.8240426e-16  3.6954676e-16  -3.7119737e-17  -4.1699381e-16  8.7217443e-16  1.2796638e-16  1.0000000   -1.9143516e-16  -1.3869215e-16  1.4022353e-15  -5.9913727e-16  -9.4781007e-16  -3.8366496e-16  5.5413866e-16  7.0757440e-16  -1.1121612e-15  1.9951140e-16  3.2000089e-16  -2.1945307e-16  5.7859829e-16  -2.0127783e-16  -6.0890671e-16  -3.7323307e-16  5.4877116e-16  -8.8256116e-16  -8.3033768e-16  1.7773447e-16  -4.7309926e-16  1.8034625e-16  -5.0430629e-16  4.8563755e-16  -2.8240426e-16  3.6954676e-16  
-3.9148925e-16  -2.8913892e-18  4.4576675e-16  -6.0905985e-16  -1.9143516e-16  1.0000000   -2.7020505e-16  -7.5339083e-17  1.5744059e-15  7.9960116e-16  -5.9833239e-16  -1.1232212e-15  -7.2721445e-16  -4.8716748e-16  -2.0848669e-16  -9.8513472e-18  -3.6125902e-16  2.1490502e-16  3.1312099e-16  1.3067951e-16  6.8033814e-16  -1.6706182e-16  1.5770167e-16  1.7051630e-17  1.9026263e-18  5.5511388e-17  -6.1979915e-17  1.9888671e-16  -2.3383591e-16  -6.4730794e-17  8.0243443e-16  -3.9148925e-16  -2.8913892e-18  4.4576675e-16  -6.0905985e-16  -1.9143516e-16  1.0000000   -2.7020505e-16  -7.5339083e-17  1.5744059e-15  7.9960116e-16  -5.9833239e-16  -1.1232212e-15  -7.2721445e-16  -4.8716748e-16  -2.0848669e-16  -9.8513472e-18  -3.6125902e-16  2.1490502e-16  3.1312099e-16  1.3067951e-16  6.8033814e-16  -1.6706182e-16  1.5770167e-16  1.7051630e-17  1.9026263e-18  5.5511388e-17  -6.1979915e-17  1.9888671e-16  -2.3383591e-16  -6.4730794e-17  8.0243443e-16  
-2.1757696e-16  -1.1440719e-16  8.0117931e-16  3.9558950e-16  -1.3869215e-16  -2.7020505e-16  1.0000000   -1.4177359e-16  -3.8879314e-16  -6.1141467e-16  7.2474977e-16  -7.3656561e-16  -2.5968326e-17  5.3895119e-16  -3.1352300e-16  -4.8285930e-16  -5.5571353e-16  -6.6919413e-16  -2.9055906e-16  -2.1913534e-16  2.4604621e-17  -2.0320165e-16  1.6735190e-16  1.6663976e-16  -3.6992358e-16  4.3936981e-16  6.7690907e-17  1.3694546e-16  -3.0935139e-16  4.7308329e-18  3.1289807e-16  -2.1757696e-16  -1.1440719e-16  8.0117931e-16  3.9558950e-16  -1.3869215e-16  -2.7020505e-16  1.0000000   -1.4177359e-16  -3.8879314e-16  -6.1141467e-16  7.2474977e-16  -7.3656561e-16  -2.5968326e-17  5.3895119e-16  -3.1352300e-16  -4.8285930e-16  -5.5571353e-16  -6.6919413e-16  -2.9055906e-16  -2.1913534e-16  2.4604621e-17  -2.0320165e-16  1.6735190e-16  1.6663976e-16  -3.6992358e-16  4.3936981e-16  6.7690907e-17  1.3694546e-16  -3.0935139e-16  4.7308329e-18  3.1289807e-16  
1.0394696e-15  -5.9668445e-16  -2.9383413e-16  -6.1259630e-17  1.4022353e-15  -7.5339083e-17  -1.4177359e-16  1.0000000   2.9471713e-16  5.7738272e-16  -8.1849773e-16  -1.0469083e-15  -3.5297750e-16  -8.1675996e-17  -2.2675146e-16  1.1336412e-15  6.5337514e-17  5.9878628e-17  1.0101338e-16  -9.1791529e-18  -4.9632664e-16  -6.3928472e-16  2.0203314e-17  -2.3061490e-17  3.0388852e-16  1.0486049e-16  -4.9366372e-16  -2.0197867e-16  2.7352496e-16  5.4261479e-16  -7.5126208e-17  1.0394696e-15  -5.9668445e-16  -2.9383413e-16  -6.1259630e-17  1.4022353e-15  -7.5339083e-17  -1.4177359e-16  1.0000000   2.9471713e-16  5.7738272e-16  -8.1849773e-16  -1.0469083e-15  -3.5297750e-16  -8.1675996e-17  -2.2675146e-16  1.1336412e-15  6.5337514e-17  5.9878628e-17  1.0101338e-16  -9.1791529e-18  -4.9632664e-16  -6.3928472e-16  2.0203314e-17  -2.3061490e-17  3.0388852e-16  1.0486049e-16  -4.9366372e-16  -2.0197867e-16  2.7352496e-16  5.4261479e-16  -7.5126208e-17  
-2.1083437e-16  2.2039127e-16  6.2406650e-16  -2.8433851e-16  -5.9913727e-16  1.5744059e-15  -3.8879314e-16  2.9471713e-16  1.0000000   -1.8754425e-16  -3.7218311e-16  -4.8264412e-16  -6.7460903e-17  -1.9541545e-16  -1.1867021e-15  7.0281094e-16  4.2592949e-16  -1.2046933e-16  -4.6391563e-16  3.5545346e-16  -8.6470999e-17  -4.3783548e-16  -2.7632023e-16  3.7385113e-16  2.1743739e-17  -5.8897527e-16  -2.7065090e-16  -4.9334702e-16  4.8381276e-16  1.0529329e-16  1.0688041e-16  -2.1083437e-16  2.2039127e-16  6.2406650e-16  -2.8433851e-16  -5.9913727e-16  1.5744059e-15  -3.8879314e-16  2.9471713e-16  1.0000000   -1.8754425e-16  -3.7218311e-16  -4.8264412e-16  -6.7460903e-17  -1.9541545e-16  -1.1867021e-15  7.0281094e-16  4.2592949e-16  -1.2046933e-16  -4.6391563e-16  3.5545346e-16  -8.6470999e-17  -4.3783548e-16  -2.7632023e-16  3.7385113e-16  2.1743739e-17  -5.8897527e-16  -2.7065090e-16  -4.9334702e-16  4.8381276e-16  1.0529329e-16  1.0688041e-16  
9.8669770e-17  -1.7161152e-16  -7.1073058e-16  2.8025749e-16  -9.4781007e-16  7.9960116e-16  -6.1141467e-16  5.7738272e-16  -1.8754425e-16  1.0000000   -3.1977562e-16  2.3420586e-17  -1.2413505e-16  -2.4984292e-16  -2.2577536e-16  1.7873838e-16  -9.6511154e-16  1.0033777e-17  4.7413478e-16  -6.2519990e-16  2.0128187e-16  4.3609065e-17  -5.9505164e-16  -1.4387362e-16  1.3498171e-17  -4.4167223e-16  -6.9280578e-17  -6.3515735e-16  1.7029091e-16  9.6277504e-17  -8.9010992e-16  9.8669770e-17  -1.7161152e-16  -7.1073058e-16  2.8025749e-16  -9.4781007e-16  7.9960116e-16  -6.1141467e-16  5.7738272e-16  -1.8754425e-16  1.0000000   -3.1977562e-16  2.3420586e-17  -1.2413505e-16  -2.4984292e-16  -2.2577536e-16  1.7873838e-16  -9.6511154e-16  1.0033777e-17  4.7413478e-16  -6.2519990e-16  2.0128187e-16  4.3609065e-17  -5.9505164e-16  -1.4387362e-16  1.3498171e-17  -4.4167223e-16  -6.9280578e-17  -6.3515735e-16  1.7029091e-16  9.6277504e-17  -8.9010992e-16  
-3.8340943e-16  1.2128000e-15  -1.5123785e-16  -3.7701929e-17  -3.8366496e-16  -5.9833239e-16  7.2474977e-16  -8.1849773e-16  -3.7218311e-16  -3.1977562e-16  1.0000000   1.7698469e-16  -1.2101683e-15  4.4340503e-16  -2.8178318e-16  1.8377165e-16  2.3971224e-16  -4.6367989e-16  -7.2363154e-16  -1.3182403e-16  -2.8243540e-16  5.1943244e-16  1.6724515e-16  -4.0704670e-16  -3.2756287e-16  1.6145827e-16  1.4182005e-16  -2.1504911e-16  5.5918644e-16  -9.2112923e-16  6.1334360e-16  -3.8340943e-16  1.2128000e-15  -1.5123785e-16  -3.7701929e-17  -3.8366496e-16  -5.9833239e-16  7.2474977e-16  -8.1849773e-16  -3.7218311e-16  -3.1977562e-16  1.0000000   1.7698469e-16  -1.2101683e-15  4.4340503e-16  -2.8178318e-16  1.8377165e-16  2.3971224e-16  -4.6367989e-16  -7.2363154e-16  -1.3182403e-16  -2.8243540e-16  5.1943244e-16  1.6724515e-16  -4.0704670e-16  -3.2756287e-16  1.6145827e-16  1.4182005e-16  -2.1504911e-16  5.5918644e-16  -9.2112923e-16  6.1334360e-16  
2.3516868e-16  -6.7929876e-16  1.6954193e-16  7.6971933e-16  5.5413866e-16  -1.1232212e-15  -7.3656561e-16  -1.0469083e-15  -4.8264412e-16  2.3420586e-17  1.7698469e-16  1.0000000   1.1240309e-15  -1.0608950e-15  4.8053800e-16  -8.0210414e-17  1.9266851e-16  9.9827397e-16  -3.0984542e-16  -6.4204641e-16  5.8698683e-17  -2.8876282e-16  1.8909062e-16  8.2491639e-16  5.1035787e-16  5.6523916e-16  -2.9247664e-17  6.4738694e-16  -7.3106341e-17  -1.3362440e-15  4.5045904e-17  2.3516868e-16  -6.7929876e-16  1.6954193e-16  7.6971933e-16  5.5413866e-16  -1.1232212e-15  -7.3656561e-16  -1.0469083e-15  -4.8264412e-16  2.3420586e-17  1.7698469e-16  1.0000000   1.1240309e-15  -1.0608950e-15  4.8053800e-16  -8.0210414e-17  1.9266851e-16  9.9827397e-16  -3.0984542e-16  -6.4204641e-16  5.8698683e-17  -2.8876282e-16  1.8909062e-16  8.2491639e-16  5.1035787e-16  5.6523916e-16  -2.9247664e-17  6.4738694e-16  -7.3106341e-17  -1.3362440e-15  4.5045904e-17  
2.3978975e-16  -4.1817273e-16  4.2719871e-16  3.7027032e-16  7.0757440e-16  -7.2721445e-16  -2.5968326e-17  -3.5297750e-16  -6.7460903e-17  -1.2413505e-16  -1.2101683e-15  1.1240309e-15  1.0000000   -1.3124742e-16  3.2141529e-16  -5.0746965e-16  3.7929738e-16  1.1839734e-16  8.7691468e-18  1.5897910e-16  2.9183155e-18  1.5955407e-17  -1.4165968e-16  -1.0698119e-17  3.4878781e-16  -3.4241137e-16  5.5481278e-16  -1.2256885e-15  1.0364782e-17  -1.4923813e-16  -2.3328410e-16  2.3978975e-16  -4.1817273e-16  4.2719871e-16  3.7027032e-16  7.0757440e-16  -7.2721445e-16  -2.5968326e-17  -3.5297750e-16  -6.7460903e-17  -1.2413505e-16  -1.2101683e-15  1.1240309e-15  1.0000000   -1.3124742e-16  3.2141529e-16  -5.0746965e-16  3.7929738e-16  1.1839734e-16  8.7691468e-18  1.5897910e-16  2.9183155e-18  1.5955407e-17  -1.4165968e-16  -1.0698119e-17  3.4878781e-16  -3.4241137e-16  5.5481278e-16  -1.2256885e-15  1.0364782e-17  -1.4923813e-16  -2.3328410e-16  
-3.6435275e-16  1.1894832e-16  1.6184568e-16  -3.8067856e-16  -1.1121612e-15  -4.8716748e-16  5.3895119e-16  -8.1675996e-17  -1.9541545e-16  -2.4984292e-16  4.4340503e-16  -1.0608950e-15  -1.3124742e-16  1.0000000   5.5224763e-17  -8.8431793e-17  1.7980332e-17  -4.8728385e-16  1.3997042e-16  -8.4605846e-17  1.2335817e-16  9.6238687e-17  7.4292903e-16  -1.9937025e-16  -2.4171662e-16  4.6573770e-16  -2.2315602e-16  2.3175558e-16  -9.7354205e-17  -6.3858237e-17  -2.5568975e-16  -3.6435275e-16  1.1894832e-16  1.6184568e-16  -3.8067856e-16  -1.1121612e-15  -4.8716748e-16  5.3895119e-16  -8.1675996e-17  -1.9541545e-16  -2.4984292e-16  4.4340503e-16  -1.0608950e-15  -1.3124742e-16  1.0000000   5.5224763e-17  -8.8431793e-17  1.7980332e-17  -4.8728385e-16  1.3997042e-16  -8.4605846e-17  1.2335817e-16  9.6238687e-17  7.4292903e-16  -1.9937025e-16  -2.4171662e-16  4.6573770e-16  -2.2315602e-16  2.3175558e-16  -9.7354205e-17  -6.3858237e-17  -2.5568975e-16  
-1.4518205e-16  2.0514817e-17  -3.8912158e-16  6.5700574e-16  1.9951140e-16  -2.0848669e-16  -3.1352300e-16  -2.2675146e-16  -1.1867021e-15  -2.2577536e-16  -2.8178318e-16  4.8053800e-16  3.2141529e-16  5.5224763e-17  1.0000000   -6.0549228e-16  5.8429258e-17  -4.8206847e-16  5.5603803e-16  -2.3627329e-16  -3.7619436e-16  6.6376819e-18  7.2333402e-16  -9.5530457e-17  2.4723141e-16  2.5044259e-16  6.3648675e-16  3.9019257e-16  -3.0614828e-16  -5.1952280e-16  1.7953287e-16  -1.4518205e-16  2.0514817e-17  -3.8912158e-16  6.5700574e-16  1.9951140e-16  -2.0848669e-16  -3.1352300e-16  -2.2675146e-16  -1.1867021e-15  -2.2577536e-16  -2.8178318e-16  4.8053800e-16  3.2141529e-16  5.5224763e-17  1.0000000   -6.0549228e-16  5.8429258e-17  -4.8206847e-16  5.5603803e-16  -2.3627329e-16  -3.7619436e-16  6.6376819e-18  7.2333402e-16  -9.5530457e-17  2.4723141e-16  2.5044259e-16  6.3648675e-16  3.9019257e-16  -3.0614828e-16  -5.1952280e-16  1.7953287e-16  
-8.0936269e-16  -3.1002845e-16  -4.8019831e-16  5.1046026e-16  3.2000089e-16  -9.8513472e-18  -4.8285930e-16  1.1336412e-15  7.0281094e-16  1.7873838e-16  1.8377165e-16  -8.0210414e-17  -5.0746965e-16  -8.8431793e-17  -6.0549228e-16  1.0000000   -7.5752010e-16  5.1810688e-16  6.0165015e-17  5.0472631e-16  -5.6081219e-17  -2.2971676e-16  -9.5430921e-17  2.7773881e-16  7.5663398e-16  -3.9541062e-16  5.1177116e-16  -1.8518423e-16  -3.8996217e-16  -3.2112204e-16  5.6756172e-16  -8.0936269e-16  -3.1002845e-16  -4.8019831e-16  5.1046026e-16  3.2000089e-16  -9.8513472e-18  -4.8285930e-16  1.1336412e-15  7.0281094e-16  1.7873838e-16  1.8377165e-16  -8.0210414e-17  -5.0746965e-16  -8.8431793e-17  -6.0549228e-16  1.0000000   -7.5752010e-16  5.1810688e-16  6.0165015e-17  5.0472631e-16  -5.6081219e-17  -2.2971676e-16  -9.5430921e-17  2.7773881e-16  7.5663398e-16  -3.9541062e-16  5.1177116e-16  -1.8518423e-16  -3.8996217e-16  -3.2112204e-16  5.6756172e-16  
-1.3093998e-16  -1.0534335e-17  5.7308003e-17  -7.3457531e-16  -2.1945307e-16  -3.6125902e-16  -5.5571353e-16  6.5337514e-17  4.2592949e-16  -9.6511154e-16  2.3971224e-16  1.9266851e-16  3.7929738e-16  1.7980332e-17  5.8429258e-17  -7.5752010e-16  1.0000000   1.7117131e-16  2.1597962e-16  5.1468690e-16  5.9961586e-16  -4.4147336e-16  -1.1276904e-18  -4.8970654e-16  3.5704422e-17  -4.8106113e-17  -2.2765098e-16  -5.1555979e-16  4.1282765e-16  -2.0784100e-16  -7.8037570e-17  -1.3093998e-16  -1.0534335e-17  5.7308003e-17  -7.3457531e-16  -2.1945307e-16  -3.6125902e-16  -5.5571353e-16  6.5337514e-17  4.2592949e-16  -9.6511154e-16  2.3971224e-16  1.9266851e-16  3.7929738e-16  1.7980332e-17  5.8429258e-17  -7.5752010e-16  1.0000000   1.7117131e-16  2.1597962e-16  5.1468690e-16  5.9961586e-16  -4.4147336e-16  -1.1276904e-18  -4.8970654e-16  3.5704422e-17  -4.8106113e-17  -2.2765098e-16  -5.1555979e-16  4.1282765e-16  -2.0784100e-16  -7.8037570e-17  
-7.2784933e-16  2.0254644e-16  -9.3228021e-16  9.3019199e-17  5.7859829e-16  2.1490502e-16  -6.6919413e-16  5.9878628e-17  -1.2046933e-16  1.0033777e-17  -4.6367989e-16  9.9827397e-16  1.1839734e-16  -4.8728385e-16  -4.8206847e-16  5.1810688e-16  1.7117131e-16  1.0000000   -2.6844265e-16  5.0996153e-16  2.5766224e-16  -3.9352435e-16  -4.5232653e-16  3.5804759e-16  3.5387808e-16  -5.2092318e-16  4.0163381e-16  -9.8700718e-16  -3.8812760e-16  3.5074012e-16  1.9274537e-16  -7.2784933e-16  2.0254644e-16  -9.3228021e-16  9.3019199e-17  5.7859829e-16  2.1490502e-16  -6.6919413e-16  5.9878628e-17  -1.2046933e-16  1.0033777e-17  -4.6367989e-16  9.9827397e-16  1.1839734e-16  -4.8728385e-16  -4.8206847e-16  5.1810688e-16  1.7117131e-16  1.0000000   -2.6844265e-16  5.0996153e-16  2.5766224e-16  -3.9352435e-16  -4.5232653e-16  3.5804759e-16  3.5387808e-16  -5.2092318e-16  4.0163381e-16  -9.8700718e-16  -3.8812760e-16  3.5074012e-16  1.9274537e-16  
3.3784020e-16  -9.9557341e-17  1.2325071e-16  -6.6578194e-16  -2.0127783e-16  3.1312099e-16  -2.9055906e-16  1.0101338e-16  -4.6391563e-16  4.7413478e-16  -7.2363154e-16  -3.0984542e-16  8.7691468e-18  1.3997042e-16  5.5603803e-16  6.0165015e-17  2.1597962e-16  -2.6844265e-16  1.0000000   -4.6648477e-16  2.0597229e-16  1.5508489e-16  -6.0099707e-17  -8.6615048e-17  -3.4460949e-16  -1.0860378e-16  -4.0910741e-16  -2.9549306e-16  6.0877707e-17  -6.9420356e-16  -6.4101113e-16  3.3784020e-16  -9.9557341e-17  1.2325071e-16  -6.6578194e-16  -2.0127783e-16  3.1312099e-16  -2.9055906e-16  1.0101338e-16  -4.6391563e-16  4.7413478e-16  -7.2363154e-16  -3.0984542e-16  8.7691468e-18  1.3997042e-16  5.5603803e-16  6.0165015e-17  2.1597962e-16  -2.6844265e-16  1.0000000   -4.6648477e-16  2.0597229e-16  1.5508489e-16  -6.0099707e-17  -8.6615048e-17  -3.4460949e-16  -1.0860378e-16  -4.0910741e-16  -2.9549306e-16  6.0877707e-17  -6.9420356e-16  -6.4101113e-16  
-1.8706759e-16  8.7664121e-16  4.2711691e-16  -4.6393041e-16  -6.0890671e-16  1.3067951e-16  -2.1913534e-16  -9.1791529e-18  3.5545346e-16  -6.2519990e-16  -1.3182403e-16  -6.4204641e-16  1.5897910e-16  -8.4605846e-17  -2.3627329e-16  5.0472631e-16  5.1468690e-16  5.0996153e-16  -4.6648477e-16  1.0000000   5.8340377e-16  3.8956490e-16  -1.6239971e-16  -2.1881947e-16  2.6589352e-16  -6.4888859e-17  -2.9621940e-16  3.0859899e-16  2.6761441e-16  1.3346173e-16  -3.5330307e-16  -1.8706759e-16  8.7664121e-16  4.2711691e-16  -4.6393041e-16  -6.0890671e-16  1.3067951e-16  -2.1913534e-16  -9.1791529e-18  3.5545346e-16  -6.2519990e-16  -1.3182403e-16  -6.4204641e-16  1.5897910e-16  -8.4605846e-17  -2.3627329e-16  5.0472631e-16  5.1468690e-16  5.0996153e-16  -4.6648477e-16  1.0000000   5.8340377e-16  3.8956490e-16  -1.6239971e-16  -2.1881947e-16  2.6589352e-16  -6.4888859e-17  -2.9621940e-16  3.0859899e-16  2.6761441e-16  1.3346173e-16  -3.5330307e-16  
-2.3122931e-16  -1.9144799e-17  8.1519712e-16  3.7075214e-16  -3.7323307e-16  6.8033814e-16  2.4604621e-17  -4.9632664e-16  -8.6470999e-17  2.0128187e-16  -2.8243540e-16  5.8698683e-17  2.9183155e-18  1.2335817e-16  -3.7619436e-16  -5.6081219e-17  5.9961586e-16  2.5766224e-16  2.0597229e-16  5.8340377e-16  1.0000000   5.7848355e-16  3.6522646e-17  -2.3667930e-17  9.1710140e-17  2.8640326e-16  3.3932703e-16  -9.5106747e-17  1.0062899e-16  -1.4361176e-16  -8.4644482e-17  -2.3122931e-16  -1.9144799e-17  8.1519712e-16  3.7075214e-16  -3.7323307e-16  6.8033814e-16  2.4604621e-17  -4.9632664e-16  -8.6470999e-17  2.0128187e-16  -2.8243540e-16  5.8698683e-17  2.9183155e-18  1.2335817e-16  -3.7619436e-16  -5.6081219e-17  5.9961586e-16  2.5766224e-16  2.0597229e-16  5.8340377e-16  1.0000000   5.7848355e-16  3.6522646e-17  -2.3667930e-17  9.1710140e-17  2.8640326e-16  3.3932703e-16  -9.5106747e-17  1.0062899e-16  -1.4361176e-16  -8.4644482e-17  
-7.0566405e-16  5.6163977e-17  8.8068452e-17  3.7230974e-16  5.4877116e-16  -1.6706182e-16  -2.0320165e-16  -6.3928472e-16  -4.3783548e-16  4.3609065e-17  5.1943244e-16  -2.8876282e-16  1.5955407e-17  9.6238687e-17  6.6376819e-18  -2.2971676e-16  -4.4147336e-16  -3.9352435e-16  1.5508489e-16  3.8956490e-16  5.7848355e-16  1.0000000   2.8174955e-16  1.4874689e-16  -3.6410338e-16  -1.4032358e-16  -1.2268042e-16  2.9223678e-16  4.4197917e-16  2.4105287e-16  -9.2773001e-17  -7.0566405e-16  5.6163977e-17  8.8068452e-17  3.7230974e-16  5.4877116e-16  -1.6706182e-16  -2.0320165e-16  -6.3928472e-16  -4.3783548e-16  4.3609065e-17  5.1943244e-16  -2.8876282e-16  1.5955407e-17  9.6238687e-17  6.6376819e-18  -2.2971676e-16  -4.4147336e-16  -3.9352435e-16  1.5508489e-16  3.8956490e-16  5.7848355e-16  1.0000000   2.8174955e-16  1.4874689e-16  -3.6410338e-16  -1.4032358e-16  -1.2268042e-16  2.9223678e-16  4.4197917e-16  2.4105287e-16  -9.2773001e-17  
4.7596179e-16  1.4897115e-16  -5.9343790e-17  5.4396412e-16  -8.8256116e-16  1.5770167e-16  1.6735190e-16  2.0203314e-17  -2.7632023e-16  -5.9505164e-16  1.6724515e-16  1.8909062e-16  -1.4165968e-16  7.4292903e-16  7.2333402e-16  -9.5430921e-17  -1.1276904e-18  -4.5232653e-16  -6.0099707e-17  -1.6239971e-16  3.6522646e-17  2.8174955e-16  1.0000000   -1.6505078e-16  2.2930521e-16  -2.7916291e-16  4.7447432e-16  5.3071410e-16  2.2537127e-16  3.9449607e-16  3.4369653e-16  4.7596179e-16  1.4897115e-16  -5.9343790e-17  5.4396412e-16  -8.8256116e-16  1.5770167e-16  1.6735190e-16  2.0203314e-17  -2.7632023e-16  -5.9505164e-16  1.6724515e-16  1.8909062e-16  -1.4165968e-16  7.4292903e-16  7.2333402e-16  -9.5430921e-17  -1.1276904e-18  -4.5232653e-16  -6.0099707e-17  -1.6239971e-16  3.6522646e-17  2.8174955e-16  1.0000000   -1.6505078e-16  2.2930521e-16  -2.7916291e-16  4.7447432e-16  5.3071410e-16  2.2537127e-16  3.9449607e-16  3.4369653e-16  
-3.8858347e-16  -5.1140888e-17  -6.5422557e-16  4.9893903e-16  -8.3033768e-16  1.7051630e-17  1.6663976e-16  -2.3061490e-17  3.7385113e-16  -1.4387362e-16  -4.0704670e-16  8.2491639e-16  -1.0698119e-17  -1.9937025e-16  -9.5530457e-17  2.7773881e-16  -4.8970654e-16  3.5804759e-16  -8.6615048e-17  -2.1881947e-16  -2.3667930e-17  1.4874689e-16  -1.6505078e-16  1.0000000   -4.0438451e-16  3.5781793e-16  -4.8448096e-16  1.7390576e-16  6.7675295e-16  5.6610796e-16  -7.2279086e-16  -3.8858347e-16  -5.1140888e-17  -6.5422557e-16  4.9893903e-16  -8.3033768e-16  1.7051630e-17  1.6663976e-16  -2.3061490e-17  3.7385113e-16  -1.4387362e-16  -4.0704670e-16  8.2491639e-16  -1.0698119e-17  -1.9937025e-16  -9.5530457e-17  2.7773881e-16  -4.8970654e-16  3.5804759e-16  -8.6615048e-17  -2.1881947e-16  -2.3667930e-17  1.4874689e-16  -1.6505078e-16  1.0000000   -4.0438451e-16  3.5781793e-16  -4.8448096e-16  1.7390576e-16  6.7675295e-16  5.6610796e-16  -7.2279086e-16  
-3.3006804e-16  -5.5965582e-16  -7.5698597e-16  1.1325435e-15  1.7773447e-16  1.9026263e-18  -3.6992358e-16  3.0388852e-16  2.1743739e-17  1.3498171e-17  -3.2756287e-16  5.1035787e-16  3.4878781e-16  -2.4171662e-16  2.4723141e-16  7.5663398e-16  3.5704422e-17  3.5387808e-16  -3.4460949e-16  2.6589352e-16  9.1710140e-17  -3.6410338e-16  2.2930521e-16  -4.0438451e-16  1.0000000   3.3551789e-17  3.9622109e-16  2.4702876e-16  -2.2818401e-16  -3.8022515e-18  7.7635228e-17  -3.3006804e-16  -5.5965582e-16  -7.5698597e-16  1.1325435e-15  1.7773447e-16  1.9026263e-18  -3.6992358e-16  3.0388852e-16  2.1743739e-17  1.3498171e-17  -3.2756287e-16  5.1035787e-16  3.4878781e-16  -2.4171662e-16  2.4723141e-16  7.5663398e-16  3.5704422e-17  3.5387808e-16  -3.4460949e-16  2.6589352e-16  9.1710140e-17  -3.6410338e-16  2.2930521e-16  -4.0438451e-16  1.0000000   3.3551789e-17  3.9622109e-16  2.4702876e-16  -2.2818401e-16  -3.8022515e-18  7.7635228e-17  
9.7801055e-18  3.4562277e-16  -6.8500423e-16  4.3758045e-16  -4.7309926e-16  5.5511388e-17  4.3936981e-16  1.0486049e-16  -5.8897527e-16  -4.4167223e-16  1.6145827e-16  5.6523916e-16  -3.4241137e-16  4.6573770e-16  2.5044259e-16  -3.9541062e-16  -4.8106113e-17  -5.2092318e-16  -1.0860378e-16  -6.4888859e-17  2.8640326e-16  -1.4032358e-16  -2.7916291e-16  3.5781793e-16  3.3551789e-17  1.0000000   -6.6824624e-16  3.3892006e-16  5.2441168e-16  1.6575640e-16  -4.4832959e-16  9.7801055e-18  3.4562277e-16  -6.8500423e-16  4.3758045e-16  -4.7309926e-16  5.5511388e-17  4.3936981e-16  1.0486049e-16  -5.8897527e-16  -4.4167223e-16  1.6145827e-16  5.6523916e-16  -3.4241137e-16  4.6573770e-16  2.5044259e-16  -3.9541062e-16  -4.8106113e-17  -5.2092318e-16  -1.0860378e-16  -6.4888859e-17  2.8640326e-16  -1.4032358e-16  -2.7916291e-16  3.5781793e-16  3.3551789e-17  1.0000000   -6.6824624e-16  3.3892006e-16  5.2441168e-16  1.6575640e-16  -4.4832959e-16  
2.0560985e-16  -7.1295342e-16  4.4656173e-16  -3.6031846e-16  1.8034625e-16  -6.1979915e-17  6.7690907e-17  -4.9366372e-16  -2.7065090e-16  -6.9280578e-17  1.4182005e-16  -2.9247664e-17  5.5481278e-16  -2.2315602e-16  6.3648675e-16  5.1177116e-16  -2.2765098e-16  4.0163381e-16  -4.0910741e-16  -2.9621940e-16  3.3932703e-16  -1.2268042e-16  4.7447432e-16  -4.8448096e-16  3.9622109e-16  -6.6824624e-16  1.0000000   -6.7478483e-16  -1.5699939e-16  1.6156931e-16  8.2232816e-16  2.0560985e-16  -7.1295342e-16  4.4656173e-16  -3.6031846e-16  1.8034625e-16  -6.1979915e-17  6.7690907e-17  -4.9366372e-16  -2.7065090e-16  -6.9280578e-17  1.4182005e-16  -2.9247664e-17  5.5481278e-16  -2.2315602e-16  6.3648675e-16  5.1177116e-16  -2.2765098e-16  4.0163381e-16  -4.0910741e-16  -2.9621940e-16  3.3932703e-16  -1.2268042e-16  4.7447432e-16  -4.8448096e-16  3.9622109e-16  -6.6824624e-16  1.0000000   -6.7478483e-16  -1.5699939e-16  1.6156931e-16  8.2232816e-16  
-5.9841182e-17  2.7920103e-16  -2.4701090e-16  1.4259482e-16  -5.0430629e-16  1.9888671e-16  1.3694546e-16  -2.0197867e-16  -4.9334702e-16  -6.3515735e-16  -2.1504911e-16  6.4738694e-16  -1.2256885e-15  2.3175558e-16  3.9019257e-16  -1.8518423e-16  -5.1555979e-16  -9.8700718e-16  -2.9549306e-16  3.0859899e-16  -9.5106747e-17  2.9223678e-16  5.3071410e-16  1.7390576e-16  2.4702876e-16  3.3892006e-16  -6.7478483e-16  1.0000000   1.6049516e-16  1.3131179e-16  -1.6177477e-16  -5.9841182e-17  2.7920103e-16  -2.4701090e-16  1.4259482e-16  -5.0430629e-16  1.9888671e-16  1.3694546e-16  -2.0197867e-16  -4.9334702e-16  -6.3515735e-16  -2.1504911e-16  6.4738694e-16  -1.2256885e-15  2.3175558e-16  3.9019257e-16  -1.8518423e-16  -5.1555979e-16  -9.8700718e-16  -2.9549306e-16  3.0859899e-16  -9.5106747e-17  2.9223678e-16  5.3071410e-16  1.7390576e-16  2.4702876e-16  3.3892006e-16  -6.7478483e-16  1.0000000   1.6049516e-16  1.3131179e-16  -1.6177477e-16  
-7.2952186e-16  2.4615566e-16  1.9728741e-16  2.2643428e-16  4.8563755e-16  -2.3383591e-16  -3.0935139e-16  2.7352496e-16  4.8381276e-16  1.7029091e-16  5.5918644e-16  -7.3106341e-17  1.0364782e-17  -9.7354205e-17  -3.0614828e-16  -3.8996217e-16  4.1282765e-16  -3.8812760e-16  6.0877707e-17  2.6761441e-16  1.0062899e-16  4.4197917e-16  2.2537127e-16  6.7675295e-16  -2.2818401e-16  5.2441168e-16  -1.5699939e-16  1.6049516e-16  1.0000000   7.2251675e-16  -3.3534619e-16  -7.2952186e-16  2.4615566e-16  1.9728741e-16  2.2643428e-16  4.8563755e-16  -2.3383591e-16  -3.0935139e-16  2.7352496e-16  4.8381276e-16  1.7029091e-16  5.5918644e-16  -7.3106341e-17  1.0364782e-17  -9.7354205e-17  -3.0614828e-16  -3.8996217e-16  4.1282765e-16  -3.8812760e-16  6.0877707e-17  2.6761441e-16  1.0062899e-16  4.4197917e-16  2.2537127e-16  6.7675295e-16  -2.2818401e-16  5.2441168e-16  -1.5699939e-16  1.6049516e-16  1.0000000   7.2251675e-16  -3.3534619e-16  
6.2715370e-16  -1.8417203e-16  -3.4016019e-16  1.9362572e-16  -2.8240426e-16  -6.4730794e-17  4.7308329e-18  5.4261479e-16  1.0529329e-16  9.6277504e-17  -9.2112923e-16  -1.3362440e-15  -1.4923813e-16  -6.3858237e-17  -5.1952280e-16  -3.2112204e-16  -2.0784100e-16  3.5074012e-16  -6.9420356e-16  1.3346173e-16  -1.4361176e-16  2.4105287e-16  3.9449607e-16  5.6610796e-16  -3.8022515e-18  1.6575640e-16  1.6156931e-16  1.3131179e-16  7.2251675e-16  1.0000000   -5.5552721e-16  6.2715370e-16  -1.8417203e-16  -3.4016019e-16  1.9362572e-16  -2.8240426e-16  -6.4730794e-17  4.7308329e-18  5.4261479e-16  1.0529329e-16  9.6277504e-17  -9.2112923e-16  -1.3362440e-15  -1.4923813e-16  -6.3858237e-17  -5.1952280e-16  -3.2112204e-16  -2.0784100e-16  3.5074012e-16  -6.9420356e-16  1.3346173e-16  -1.4361176e-16  2.4105287e-16  3.9449607e-16  5.6610796e-16  -3.8022515e-18  1.6575640e-16  1.6156931e-16  1.3131179e-16  7.2251675e-16  1.0000000   -5.5552721e-16  
4.0279945e-16  -2.4754451e-16  8.0889535e-17  -4.0300273e-16  3.6954676e-16  8.0243443e-16  3.1289807e-16  -7.5126208e-17  1.0688041e-16  -8.9010992e-16  6.1334360e-16  4.5045904e-17  -2.3328410e-16  -2.5568975e-16  1.7953287e-16  5.6756172e-16  -7.8037570e-17  1.9274537e-16  -6.4101113e-16  -3.5330307e-16  -8.4644482e-17  -9.2773001e-17  3.4369653e-16  -7.2279086e-16  7.7635228e-17  -4.4832959e-16  8.2232816e-16  -1.6177477e-16  -3.3534619e-16  -5.5552721e-16  1.0000000   4.0279945e-16  -2.4754451e-16  8.0889535e-17  -4.0300273e-16  3.6954676e-16  8.0243443e-16  3.1289807e-16  -7.5126208e-17  1.0688041e-16  -8.9010992e-16  6.1334360e-16  4.5045904e-17  -2.3328410e-16  -2.5568975e-16  1.7953287e-16  5.6756172e-16  -7.8037570e-17  1.9274537e-16  -6.4101113e-16  -3.5330307e-16  -8.4644482e-17  -9.2773001e-17  3.4369653e-16  -7.2279086e-16  7.7635228e-17  -4.4832959e-16  8.2232816e-16  -1.6177477e-16  -3.3534619e-16  -5.5552721e-16  1.0000000   
1.0000000   -4.3917874e-16  2.3668949e-16  -8.3876776e-16  -3.7119737e-17  -3.9148925e-16  -2.1757696e-16  1.0394696e-15  -2.1083437e-16  9.8669770e-17  -3.8340943e-16  2.3516868e-16  2.3978975e-16  -3.6435275e-16  -1.4518205e-16  -8.0936269e-16  -1.3093998e-16  -7.2784933e-16  3.3784020e-16  -1.8706759e-16  -2.3122931e-16  -7.0566405e-16  4.7596179e-16  -3.8858347e-16  -3.3006804e-16  9.7801055e-18  2.0560985e-16  -5.9841182e-17  -7.2952186e-16  6.2715370e-16  4.0279945e-16  1.0000000   -4.3917874e-16  2.3668949e-16  -8.3876776e-16  -3.7119737e-17  -3.9148925e-16  -2.1757696e-16  1.0394696e-15  -2.1083437e-16  9.8669770e-17  -3.8340943e-16  2.3516868e-16  2.3978975e-16  -3.6435275e-16  -1.4518205e-16  -8.0936269e-16  -1.3093998e-16  -7.2784933e-16  3.3784020e-16  -1.8706759e-16  -2.3122931e-16  -7.0566405e-16  4.7596179e-16  -3.8858347e-16  -3.3006804e-16  9.7801055e-18  2.0560985e-16  -5.9841182e-17  -7.2952186e-16  6.2715370e-16  4.0279945e-16  
-4.3917874e-16  1.0000000   2.5214461e-16  7.6529233e-16  -4.1699381e-16  -2.8913892e-18  -1.1440719e-16  -5.9668445e-16  2.2039127e-16  -1.7161152e-16  1.2128000e-15  -6.7929876e-16  -4.1817273e-16  1.1894832e-16  2.0514817e-17  -3.1002845e-16  -1.0534335e-17  2.0254644e-16  -9.9557341e-17  8.7664121e-16  -1.9144799e-17  5.6163977e-17  1.4897115e-16  -5.1140888e-17  -5.5965582e-16  3.4562277e-16  -7.1295342e-16  2.7920103e-16  2.4615566e-16  -1.8417203e-16  -2.4754451e-16  -4.3917874e-16  1.0000000   2.5214461e-16  7.6529233e-16  -4.1699381e-16  -2.8913892e-18  -1.1440719e-16  -5.9668445e-16  2.2039127e-16  -1.7161152e-16  1.2128000e-15  -6.7929876e-16  -4.1817273e-16  1.1894832e-16  2.0514817e-17  -3.1002845e-16  -1.0534335e-17  2.0254644e-16  -9.9557341e-17  8.7664121e-16  -1.9144799e-17  5.6163977e-17  1.4897115e-16  -5.1140888e-17  -5.5965582e-16  3.4562277e-16  -7.1295342e-16  2.7920103e-16  2.4615566e-16  -1.8417203e-16  -2.4754451e-16  
2.3668949e-16  2.5214461e-16  1.0000000   4.1405811e-16  8.7217443e-16  4.4576675e-16  8.0117931e-16  -2.9383413e-16  6.2406650e-16  -7.1073058e-16  -1.5123785e-16  1.6954193e-16  4.2719871e-16  1.6184568e-16  -3.8912158e-16  -4.8019831e-16  5.7308003e-17  -9.3228021e-16  1.2325071e-16  4.2711691e-16  8.1519712e-16  8.8068452e-17  -5.9343790e-17  -6.5422557e-16  -7.5698597e-16  -6.8500423e-16  4.4656173e-16  -2.4701090e-16  1.9728741e-16  -3.4016019e-16  8.0889535e-17  2.3668949e-16  2.5214461e-16  1.0000000   4.1405811e-16  8.7217443e-16  4.4576675e-16  8.0117931e-16  -2.9383413e-16  6.2406650e-16  -7.1073058e-16  -1.5123785e-16  1.6954193e-16  4.2719871e-16  1.6184568e-16  -3.8912158e-16  -4.8019831e-16  5.7308003e-17  -9.3228021e-16  1.2325071e-16  4.2711691e-16  8.1519712e-16  8.8068452e-17  -5.9343790e-17  -6.5422557e-16  -7.5698597e-16  -6.8500423e-16  4.4656173e-16  -2.4701090e-16  1.9728741e-16  -3.4016019e-16  8.0889535e-17  
-8.3876776e-16  7.6529233e-16  4.1405811e-16  1.0000000   1.2796638e-16  -6.0905985e-16  3.9558950e-16  -6.1259630e-17  -2.8433851e-16  2.8025749e-16  -3.7701929e-17  7.6971933e-16  3.7027032e-16  -3.8067856e-16  6.5700574e-16  5.1046026e-16  -7.3457531e-16  9.3019199e-17  -6.6578194e-16  -4.6393041e-16  3.7075214e-16  3.7230974e-16  5.4396412e-16  4.9893903e-16  1.1325435e-15  4.3758045e-16  -3.6031846e-16  1.4259482e-16  2.2643428e-16  1.9362572e-16  -4.0300273e-16  -8.3876776e-16  7.6529233e-16  4.1405811e-16  1.0000000   1.2796638e-16  -6.0905985e-16  3.9558950e-16  -6.1259630e-17  -2.8433851e-16  2.8025749e-16  -3.7701929e-17  7.6971933e-16  3.7027032e-16  -3.8067856e-16  6.5700574e-16  5.1046026e-16  -7.3457531e-16  9.3019199e-17  -6.6578194e-16  -4.6393041e-16  3.7075214e-16  3.7230974e-16  5.4396412e-16  4.9893903e-16  1.1325435e-15  4.3758045e-16  -3.6031846e-16  1.4259482e-16  2.2643428e-16  1.9362572e-16  -4.0300273e-16  
-3.7119737e-17  -4.1699381e-16  8.7217443e-16  1.2796638e-16  1.0000000   -1.9143516e-16  -1.3869215e-16  1.4022353e-15  -5.9913727e-16  -9.4781007e-16  -3.8366496e-16  5.5413866e-16  7.0757440e-16  -1.1121612e-15  1.9951140e-16  3.2000089e-16  -2.1945307e-16  5.7859829e-16  -2.0127783e-16  -6.0890671e-16  -3.7323307e-16  5.4877116e-16  -8.8256116e-16  -8.3033768e-16  1.7773447e-16  -4.7309926e-16  1.8034625e-16  -5.0430629e-16  4.8563755e-16  -2.8240426e-16  3.6954676e-16  -3.7119737e-17  -4.1699381e-16  8.7217443e-16  1.2796638e-16  1.0000000   -1.9143516e-16  -1.3869215e-16  1.4022353e-15  -5.9913727e-16  -9.4781007e-16  -3.8366496e-16  5.5413866e-16  7.0757440e-16  -1.1121612e-15  1.9951140e-16  3.2000089e-16  -2.1945307e-16  5.7859829e-16  -2.0127783e-16  -6.0890671e-16  -3.7323307e-16  5.4877116e-16  -8.8256116e-16  -8.3033768e-16  1.7773447e-16  -4.7309926e-16  1.8034625e-16  -5.0430629e-16  4.8563755e-16  -2.8240426e-16  3.6954676e-16  
-3.9148925e-16  -2.8913892e-18  4.4576675e-16  -6.0905985e-16  -1.9143516e-16  1.0000000   -2.7020505e-16  -7.5339083e-17  1.5744059e-15  7.9960116e-16  -5.9833239e-16  -1.1232212e-15  -7.2721445e-16  -4.8716748e-16  -2.0848669e-16  -9.8513472e-18  -3.6125902e-16  2.1490502e-16  3.1312099e-16  1.3067951e-16  6.8033814e-16  -1.6706182e-16  1.5770167e-16  1.7051630e-17  1.9026263e-18  5.5511388e-17  -6.1979915e-17  1.9888671e-16  -2.3383591e-16  -6.4730794e-17  8.0243443e-16  -3.9148925e-16  -2.8913892e-18  4.4576675e-16  -6.0905985e-16  -1.9143516e-16  1.0000000   -2.7020505e-16  -7.5339083e-17  1.5744059e-15  7.9960116e-16  -5.9833239e-16  -1.1232212e-15  -7.2721445e-16  -4.8716748e-16  -2.0848669e-16  -9.8513472e-18  -3.6125902e-16  2.1490502e-16  3.1312099e-16  1.3067951e-16  6.8033814e-16  -1.6706182e-16  1.5770167e-16  1.7051630e-17  1.9026263e-18  5.5511388e-17  -6.1979915e-17  1.9888671e-16  -2.3383591e-16  -6.4730794e-17  8.0243443e-16  
-2.1757696e-16  -1.1440719e-16  8.0117931e-16  3.9558950e-16  -1.3869215e-16  -2.7020505e-16  1.0000000   -1.4177359e-16  -3.8879314e-16  -6.1141467e-16  7.2474977e-16  -7.3656561e-16  -2.5968326e-17  5.3895119e-16  -3.1352300e-16  -4.8285930e-16  -5.5571353e-16  -6.6919413e-16  -2.9055906e-16  -2.1913534e-16  2.4604621e-17  -2.0320165e-16  1.6735190e-16  1.6663976e-16  -3.6992358e-16  4.3936981e-16  6.7690907e-17  1.3694546e-16  -3.0935139e-16  4.7308329e-18  3.1289807e-16  -2.1757696e-16  -1.1440719e-16  8.0117931e-16  3.9558950e-16  -1.3869215e-16  -2.7020505e-16  1.0000000   -1.4177359e-16  -3.8879314e-16  -6.1141467e-16  7.2474977e-16  -7.3656561e-16  -2.5968326e-17  5.3895119e-16  -3.1352300e-16  -4.8285930e-16  -5.5571353e-16  -6.6919413e-16  -2.9055906e-16  -2.1913534e-16  2.4604621e-17  -2.0320165e-16  1.6735190e-16  1.6663976e-16  -3.6992358e-16  4.3936981e-16  6.7690907e-17  1.3694546e-16  -3.0935139e-16  4.7308329e-18  3.1289807e-16  
1.0394696e-15  -5.9668445e-16  -2.9383413e-16  -6.1259630e-17  1.4022353e-15  -7.5339083e-17  -1.4177359e-16  1.0000000   2.9471713e-16  5.7738272e-16  -8.1849773e-16  -1.0469083e-15  -3.5297750e-16  -8.1675996e-17  -2.2675146e-16  1.1336412e-15  6.5337514e-17  5.9878628e-17  1.0101338e-16  -9.1791529e-18  -4.9632664e-16  -6.3928472e-16  2.0203314e-17  -2.3061490e-17  3.0388852e-16  1.0486049e-16  -4.9366372e-16  -2.0197867e-16  2.7352496e-16  5.4261479e-16  -7.5126208e-17  1.0394696e-15  -5.9668445e-16  -2.9383413e-16  -6.1259630e-17  1.4022353e-15  -7.5339083e-17  -1.4177359e-16  1.0000000   2.9471713e-16  5.7738272e-16  -8.1849773e-16  -1.0469083e-15  -3.5297750e-16  -8.1675996e-17  -2.2675146e-16  1.1336412e-15  6.5337514e-17  5.9878628e-17  1.0101338e-16  -9.1791529e-18  -4.9632664e-16  -6.3928472e-16  2.0203314e-17  -2.3061490e-17  3.0388852e-16  1.0486049e-16  -4.9366372e-16  -2.0197867e-16  2.7352496e-16  5.4261479e-16  -7.5126208e-17  
-2.1083437e-16  2.2039127e-16  6.2406650e-16  -2.8433851e-16  -5.9913727e-16  1.5744059e-15  -3.8879314e-16  2.9471713e-16  1.0000000   -1.8754425e-16  -3.7218311e-16  -4.8264412e-16  -6.7460903e-17  -1.9541545e-16  -1.1867021e-15  7.0281094e-16  4.2592949e-16  -1.2046933e-16  -4.6391563e-16  3.5545346e-16  -8.6470999e-17  -4.3783548e-16  -2.7632023e-16  3.7385113e-16  2.1743739e-17  -5.8897527e-16  -2.7065090e-16  -4.9334702e-16  4.8381276e-16  1.0529329e-16  1.0688041e-16  -2.1083437e-16  2.2039127e-16  6.2406650e-16  -2.8433851e-16  -5.9913727e-16  1.5744059e-15  -3.8879314e-16  2.9471713e-16  1.0000000   -1.8754425e-16  -3.7218311e-16  -4.8264412e-16  -6.7460903e-17  -1.9541545e-16  -1.1867021e-15  7.0281094e-16  4.2592949e-16  -1.2046933e-16  -4.6391563e-16  3.5545346e-16  -8.6470999e-17  -4.3783548e-16  -2.7632023e-16  3.7385113e-16  2.1743739e-17  -5.8897527e-16  -2.7065090e-16  -4.9334702e-16  4.8381276e-16  1.0529329e-16  1.0688041e-16  
9.8669770e-17  -1.7161152e-16  -7.1073058e-16  2.8025749e-16  -9.4781007e-16  7.9960116e-16  -6.1141467e-16  5.7738272e-16  -1.8754425e-16  1.0000000   -3.1977562e-16  2.3420586e-17  -1.2413505e-16  -2.4984292e-16  -2.2577536e-16  1.7873838e-16  -9.6511154e-16  1.0033777e-17  4.7413478e-16  -6.2519990e-16  2.0128187e-16  4.3609065e-17  -5.9505164e-16  -1.4387362e-16  1.3498171e-17  -4.4167223e-16  -6.9280578e-17  -6.3515735e-16  1.7029091e-16  9.6277504e-17  -8.9010992e-16  9.8669770e-17  -1.7161152e-16  -7.1073058e-16  2.8025749e-16  -9.4781007e-16  7.9960116e-16  -6.1141467e-16  5.7738272e-16  -1.8754425e-16  1.0000000   -3.1977562e-16  2.3420586e-17  -1.2413505e-16  -2.4984292e-16  -2.2577536e-16  1.7873838e-16  -9.6511154e-16  1.0033777e-17  4.7413478e-16  -6.2519990e-16  2.0128187e-16  4.3609065e-17  -5.9505164e-16  -1.4387362e-16  1.3498171e-17  -4.4167223e-16  -6.9280578e-17  -6.3515735e-16  1.7029091e-16  9.6277504e-17  -8.9010992e-16  
