1.0000000   -5.4821428e-17  1.7829915e-16  -1.0856908e-16  -1.7351567e-16  5.5947423e-16  2.3039618e-16  3.5008208e-16  -3.7690554e-16  2.7169063e-16  -6.2895349e-16  1.4378242e-16  6.8027968e-16  -5.1946893e-18  1.3570819e-16  -3.5310061e-16  -7.1073623e-17  2.6943042e-16  5.1684256e-16  -1.6279552e-16  -2.3659655e-16  -3.7442724e-17  -5.1106027e-16  2.0222901e-16  2.3100544e-16  -1.2484223e-18  1.9929582e-16  -5.8466403e-16  4.3631128e-16  -5.5583235e-16  -4.7163781e-16  1.0000000   -5.4821428e-17  1.7829915e-16  -1.0856908e-16  -1.7351567e-16  5.5947423e-16  2.3039618e-16  3.5008208e-16  -3.7690554e-16  2.7169063e-16  -6.2895349e-16  1.4378242e-16  6.8027968e-16  -5.1946893e-18  1.3570819e-16  -3.5310061e-16  -7.1073623e-17  2.6943042e-16  5.1684256e-16  -1.6279552e-16  -2.3659655e-16  -3.7442724e-17  -5.1106027e-16  2.0222901e-16  2.3100544e-16  -1.2484223e-18  1.9929582e-16  -5.8466403e-16  4.3631128e-16  -5.5583235e-16  -4.7163781e-16  
-5.4821428e-17  1.0000000   3.9651900e-16  -4.7820543e-16  4.5523177e-16  5.0302380e-16  4.0358377e-16  -8.6575715e-16  3.3318807e-16  2.2004758e-17  -1.5187409e-16  2.3805848e-17  -6.3711734e-17  5.7749491e-16  1.5477904e-16  -3.0438274e-16  -1.4326025e-16  4.5060793e-16  -7.2842726e-17  -1.6696522e-16  -8.9854587e-16  1.0714770e-15  -8.0286246e-16  -4.9192275e-16  -2.8538540e-17  1.0235740e-15  1.2366103e-15  8.4901112e-16  3.9359564e-16  -3.8052690e-18  6.1327524e-16  -5.4821428e-17  1.0000000   3.9651900e-16  -4.7820543e-16  4.5523177e-16  5.0302380e-16  4.0358377e-16  -8.6575715e-16  3.3318807e-16  2.2004758e-17  -1.5187409e-16  2.3805848e-17  -6.3711734e-17  5.7749491e-16  1.5477904e-16  -3.0438274e-16  -1.4326025e-16  4.5060793e-16  -7.2842726e-17  -1.6696522e-16  -8.9854587e-16  1.0714770e-15  -8.0286246e-16  -4.9192275e-16  -2.8538540e-17  1.0235740e-15  1.2366103e-15  8.4901112e-16  3.9359564e-16  -3.8052690e-18  6.1327524e-16  
1.7829915e-16  3.9651900e-16  1.0000000   -3.5910953e-16  2.6402507e-16  -3.6842773e-18  5.9777388e-16  -7.3102599e-18  2.7130139e-16  -2.6201523e-16  3.2506781e-16  8.2593772e-16  -7.2330693e-16  8.0032312e-17  -5.9813228e-17  4.2378428e-16  9.9644894e-16  -1.5237815e-17  -3.0843255e-16  4.2495234e-16  -3.9454926e-16  -2.2334673e-16  1.5658665e-17  -3.9893032e-16  7.7245288e-17  1.2891192e-15  -4.4803204e-16  -3.9891255e-16  1.1591698e-16  2.2025907e-17  1.3259670e-16  1.7829915e-16  3.9651900e-16  1.0000000   -3.5910953e-16  2.6402507e-16  -3.6842773e-18  5.9777388e-16  -7.3102599e-18  2.7130139e-16  -2.6201523e-16  3.2506781e-16  8.2593772e-16  -7.2330693e-16  8.0032312e-17  -5.9813228e-17  4.2378428e-16  9.9644894e-16  -1.5237815e-17  -3.0843255e-16  4.2495234e-16  -3.9454926e-16  -2.2334673e-16  1.5658665e-17  -3.9893032e-16  7.7245288e-17  1.2891192e-15  -4.4803204e-16  -3.9891255e-16  1.1591698e-16  2.2025907e-17  1.3259670e-16  
-1.0856908e-16  -4.7820543e-16  -3.5910953e-16  1.0000000   1.4340687e-17  -7.4027797e-16  9.5762982e-17  7.8741130e-17  -1.7780458e-16  1.0535552e-15  -4.6459825e-16  4.1024124e-16  -2.1429867e-16  2.1449128e-16  -7.5730916e-18  -5.9207050e-16  4.0917622e-16  7.8695677e-16  -1.6535213e-16  -5.6187894e-17  -1.0671104e-17  -6.7322093e-17  -6.3210025e-16  5.5631129e-16  2.7474895e-17  -3.4002544e-16  1.5022618e-16  3.6115351e-17  4.7971625e-16  -1.2101653e-16  6.6638446e-16  -1.0856908e-16  -4.7820543e-16  -3.5910953e-16  1.0000000   1.4340687e-17  -7.4027797e-16  9.5762982e-17  7.8741130e-17  -1.7780458e-16  1.0535552e-15  -4.6459825e-16  4.1024124e-16  -2.1429867e-16  2.1449128e-16  -7.5730916e-18  -5.9207050e-16  4.0917622e-16  7.8695677e-16  -1.6535213e-16  -5.6187894e-17  -1.0671104e-17  -6.7322093e-17  -6.3210025e-16  5.5631129e-16  2.7474895e-17  -3.4002544e-16  1.5022618e-16  3.6115351e-17  4.7971625e-16  -1.2101653e-16  6.6638446e-16  
-1.7351567e-16  4.5523177e-16  2.6402507e-16  1.4340687e-17  1.0000000   -2.1989182e-16  -1.0168027e-15  -2.9422576e-16  -3.8901570e-16  1.9182855e-17  3.1705724e-16  1.1066406e-15  3.6466118e-16  1.0866199e-16  -8.0681426e-16  4.4506294e-16  3.5194047e-16  2.3862055e-16  2.1562545e-16  4.2614998e-17  -3.6322862e-16  5.6975124e-16  -8.9092818e-17  -4.1265203e-16  -7.5078293e-17  -4.7503475e-17  -1.9807680e-16  -1.6717968e-16  -5.4128309e-16  5.3512604e-16  -1.2781938e-16  -1.7351567e-16  4.5523177e-16  2.6402507e-16  1.4340687e-17  1.0000000   -2.1989182e-16  -1.0168027e-15  -2.9422576e-16  -3.8901570e-16  1.9182855e-17  3.1705724e-16  1.1066406e-15  3.6466118e-16  1.0866199e-16  -8.0681426e-16  4.4506294e-16  3.5194047e-16  2.3862055e-16  2.1562545e-16  4.2614998e-17  -3.6322862e-16  5.6975124e-16  -8.9092818e-17  -4.1265203e-16  -7.5078293e-17  -4.7503475e-17  -1.9807680e-16  -1.6717968e-16  -5.4128309e-16  5.3512604e-16  -1.2781938e-16  
5.5947423e-16  5.0302380e-16  -3.6842773e-18  -7.4027797e-16  -2.1989182e-16  1.0000000   2.1753798e-16  -3.7330022e-16  -3.9518403e-16  1.4743672e-16  1.3069222e-15  -4.1061814e-16  2.5069207e-16  6.1813794e-16  -3.1803311e-16  -1.1947873e-16  -5.3224258e-16  -4.4747477e-16  3.4605876e-16  -3.2968335e-16  5.9809804e-17  -1.8147537e-16  -3.0850389e-16  1.3486606e-16  -4.1685221e-18  6.1426993e-16  1.2136890e-18  -2.4159065e-16  -7.4884945e-16  -1.1703252e-16  -1.6990758e-16  5.5947423e-16  5.0302380e-16  -3.6842773e-18  -7.4027797e-16  -2.1989182e-16  1.0000000   2.1753798e-16  -3.7330022e-16  -3.9518403e-16  1.4743672e-16  1.3069222e-15  -4.1061814e-16  2.5069207e-16  6.1813794e-16  -3.1803311e-16  -1.1947873e-16  -5.3224258e-16  -4.4747477e-16  3.4605876e-16  -3.2968335e-16  5.9809804e-17  -1.8147537e-16  -3.0850389e-16  1.3486606e-16  -4.1685221e-18  6.1426993e-16  1.2136890e-18  -2.4159065e-16  -7.4884945e-16  -1.1703252e-16  -1.6990758e-16  
2.3039618e-16  4.0358377e-16  5.9777388e-16  9.5762982e-17  -1.0168027e-15  2.1753798e-16  1.0000000   -2.7860372e-17  -1.2607355e-16  1.2091751e-16  1.1625217e-15  2.2643931e-16  -5.0936452e-17  -1.9181176e-16  -5.2914605e-17  -7.2401306e-16  1.1333158e-16  1.3176686e-16  -1.4114457e-16  -4.6646560e-16  1.6377868e-16  1.0000569e-15  -1.2270774e-17  2.6220742e-16  4.0427902e-16  1.0184893e-15  -1.1168418e-16  4.2725377e-16  -3.5186729e-16  2.1273646e-16  2.6617357e-16  2.3039618e-16  4.0358377e-16  5.9777388e-16  9.5762982e-17  -1.0168027e-15  2.1753798e-16  1.0000000   -2.7860372e-17  -1.2607355e-16  1.2091751e-16  1.1625217e-15  2.2643931e-16  -5.0936452e-17  -1.9181176e-16  -5.2914605e-17  -7.2401306e-16  1.1333158e-16  1.3176686e-16  -1.4114457e-16  -4.6646560e-16  1.6377868e-16  1.0000569e-15  -1.2270774e-17  2.6220742e-16  4.0427902e-16  1.0184893e-15  -1.1168418e-16  4.2725377e-16  -3.5186729e-16  2.1273646e-16  2.6617357e-16  
3.5008208e-16  -8.6575715e-16  -7.3102599e-18  7.8741130e-17  -2.9422576e-16  -3.7330022e-16  -2.7860372e-17  1.0000000   6.6484441e-17  6.2687848e-16  -7.3547587e-16  -5.8928902e-16  -1.3040383e-16  -9.3883869e-16  8.2717213e-16  -9.2244835e-16  -4.6453797e-16  2.4061955e-16  2.7804665e-16  -8.7065405e-16  2.6419004e-16  -5.0751910e-16  5.1940701e-17  -4.2760530e-16  -4.7139346e-16  2.5666409e-16  -5.5065152e-16  -4.2924114e-17  -2.1301636e-16  3.6191814e-16  -4.8107882e-16  3.5008208e-16  -8.6575715e-16  -7.3102599e-18  7.8741130e-17  -2.9422576e-16  -3.7330022e-16  -2.7860372e-17  1.0000000   6.6484441e-17  6.2687848e-16  -7.3547587e-16  -5.8928902e-16  -1.3040383e-16  -9.3883869e-16  8.2717213e-16  -9.2244835e-16  -4.6453797e-16  2.4061955e-16  2.7804665e-16  -8.7065405e-16  2.6419004e-16  -5.0751910e-16  5.1940701e-17  -4.2760530e-16  -4.7139346e-16  2.5666409e-16  -5.5065152e-16  -4.2924114e-17  -2.1301636e-16  3.6191814e-16  -4.8107882e-16  
-3.7690554e-16  3.3318807e-16  2.7130139e-16  -1.7780458e-16  -3.8901570e-16  -3.9518403e-16  -1.2607355e-16  6.6484441e-17  1.0000000   2.1856818e-16  2.3402097e-16  -3.0517482e-17  7.2894516e-17  -5.6201854e-17  6.5534026e-16  -6.1397287e-16  -1.4813199e-17  5.8582622e-16  -2.7717824e-16  -3.9267593e-16  3.8836718e-16  -1.1319477e-16  4.0163532e-16  5.7545746e-16  -2.6886798e-16  -7.6381168e-17  -2.7350900e-16  3.3717559e-16  5.1200794e-16  1.6472499e-16  -7.4445180e-19  -3.7690554e-16  3.3318807e-16  2.7130139e-16  -1.7780458e-16  -3.8901570e-16  -3.9518403e-16  -1.2607355e-16  6.6484441e-17  1.0000000   2.1856818e-16  2.3402097e-16  -3.0517482e-17  7.2894516e-17  -5.6201854e-17  6.5534026e-16  -6.1397287e-16  -1.4813199e-17  5.8582622e-16  -2.7717824e-16  -3.9267593e-16  3.8836718e-16  -1.1319477e-16  4.0163532e-16  5.7545746e-16  -2.6886798e-16  -7.6381168e-17  -2.7350900e-16  3.3717559e-16  5.1200794e-16  1.6472499e-16  -7.4445180e-19  
2.7169063e-16  2.2004758e-17  -2.6201523e-16  1.0535552e-15  1.9182855e-17  1.4743672e-16  1.2091751e-16  6.2687848e-16  2.1856818e-16  1.0000000   3.9648238e-16  4.6602566e-16  5.1808252e-16  6.8773174e-16  4.4287124e-16  -1.8445477e-16  3.2297274e-16  -2.5802966e-16  4.5863481e-16  2.2545422e-16  5.8522932e-16  -5.5030043e-17  1.4184304e-16  3.4899665e-16  6.2422211e-16  -1.9778917e-16  2.2675802e-16  -3.2075078e-16  -2.4260329e-16  -2.6190324e-16  6.8741450e-16  2.7169063e-16  2.2004758e-17  -2.6201523e-16  1.0535552e-15  1.9182855e-17  1.4743672e-16  1.2091751e-16  6.2687848e-16  2.1856818e-16  1.0000000   3.9648238e-16  4.6602566e-16  5.1808252e-16  6.8773174e-16  4.4287124e-16  -1.8445477e-16  3.2297274e-16  -2.5802966e-16  4.5863481e-16  2.2545422e-16  5.8522932e-16  -5.5030043e-17  1.4184304e-16  3.4899665e-16  6.2422211e-16  -1.9778917e-16  2.2675802e-16  -3.2075078e-16  -2.4260329e-16  -2.6190324e-16  6.8741450e-16  
-6.2895349e-16  -1.5187409e-16  3.2506781e-16  -4.6459825e-16  3.1705724e-16  1.3069222e-15  1.1625217e-15  -7.3547587e-16  2.3402097e-16  3.9648238e-16  1.0000000   -1.8505883e-17  -3.5929279e-16  8.3037941e-16  7.7358065e-16  -5.1909745e-16  9.5319481e-16  -6.2032819e-16  -3.4442009e-16  -2.0656834e-16  -1.8800441e-16  6.4864363e-16  -2.1218716e-16  3.7987172e-16  1.1597231e-15  7.0550228e-16  -7.5527248e-17  2.2392005e-16  -3.5915350e-16  -3.5304017e-16  -7.1448246e-16  -6.2895349e-16  -1.5187409e-16  3.2506781e-16  -4.6459825e-16  3.1705724e-16  1.3069222e-15  1.1625217e-15  -7.3547587e-16  2.3402097e-16  3.9648238e-16  1.0000000   -1.8505883e-17  -3.5929279e-16  8.3037941e-16  7.7358065e-16  -5.1909745e-16  9.5319481e-16  -6.2032819e-16  -3.4442009e-16  -2.0656834e-16  -1.8800441e-16  6.4864363e-16  -2.1218716e-16  3.7987172e-16  1.1597231e-15  7.0550228e-16  -7.5527248e-17  2.2392005e-16  -3.5915350e-16  -3.5304017e-16  -7.1448246e-16  
1.4378242e-16  2.3805848e-17  8.2593772e-16  4.1024124e-16  1.1066406e-15  -4.1061814e-16  2.2643931e-16  -5.8928902e-16  -3.0517482e-17  4.6602566e-16  -1.8505883e-17  1.0000000   1.1379486e-16  5.4321005e-16  -7.2326605e-16  2.1849485e-16  6.7101273e-16  -6.9409308e-17  -4.9843024e-16  -2.5518081e-16  -7.3678006e-17  -2.1217891e-16  -5.9098568e-16  -1.3912322e-16  -5.9692292e-16  -5.6870365e-16  -3.0423072e-16  6.4482281e-16  -2.5230465e-16  4.6496874e-16  -6.5504027e-17  1.4378242e-16  2.3805848e-17  8.2593772e-16  4.1024124e-16  1.1066406e-15  -4.1061814e-16  2.2643931e-16  -5.8928902e-16  -3.0517482e-17  4.6602566e-16  -1.8505883e-17  1.0000000   1.1379486e-16  5.4321005e-16  -7.2326605e-16  2.1849485e-16  6.7101273e-16  -6.9409308e-17  -4.9843024e-16  -2.5518081e-16  -7.3678006e-17  -2.1217891e-16  -5.9098568e-16  -1.3912322e-16  -5.9692292e-16  -5.6870365e-16  -3.0423072e-16  6.4482281e-16  -2.5230465e-16  4.6496874e-16  -6.5504027e-17  
6.8027968e-16  -6.3711734e-17  -7.2330693e-16  -2.1429867e-16  3.6466118e-16  2.5069207e-16  -5.0936452e-17  -1.3040383e-16  7.2894516e-17  5.1808252e-16  -3.5929279e-16  1.1379486e-16  1.0000000   3.1807122e-16  -6.2404532e-16  -1.2372538e-16  -5.0714963e-17  -1.2203316e-16  -4.8808532e-17  2.8903025e-16  4.0894737e-16  -2.7309709e-16  -7.0928923e-17  3.3527993e-16  1.8834115e-16  -1.0772193e-15  -1.5614173e-16  9.1437303e-17  9.6740698e-17  3.5873733e-16  6.6432778e-17  6.8027968e-16  -6.3711734e-17  -7.2330693e-16  -2.1429867e-16  3.6466118e-16  2.5069207e-16  -5.0936452e-17  -1.3040383e-16  7.2894516e-17  5.1808252e-16  -3.5929279e-16  1.1379486e-16  1.0000000   3.1807122e-16  -6.2404532e-16  -1.2372538e-16  -5.0714963e-17  -1.2203316e-16  -4.8808532e-17  2.8903025e-16  4.0894737e-16  -2.7309709e-16  -7.0928923e-17  3.3527993e-16  1.8834115e-16  -1.0772193e-15  -1.5614173e-16  9.1437303e-17  9.6740698e-17  3.5873733e-16  6.6432778e-17  
-5.1946893e-18  5.7749491e-16  8.0032312e-17  2.1449128e-16  1.0866199e-16  6.1813794e-16  -1.9181176e-16  -9.3883869e-16  -5.6201854e-17  6.8773174e-16  8.3037941e-16  5.4321005e-16  3.1807122e-16  1.0000000   -5.7401646e-16  6.6636281e-16  4.0084096e-16  5.6412519e-17  -4.9780987e-16  -1.0280155e-16  -9.2050110e-17  6.9032930e-16  3.7357696e-16  -7.6484992e-16  -5.0772321e-16  -5.8026524e-17  3.1633633e-16  3.9346227e-16  -1.2711170e-16  4.5265707e-16  3.0334726e-16  -5.1946893e-18  5.7749491e-16  8.0032312e-17  2.1449128e-16  1.0866199e-16  6.1813794e-16  -1.9181176e-16  -9.3883869e-16  -5.6201854e-17  6.8773174e-16  8.3037941e-16  5.4321005e-16  3.1807122e-16  1.0000000   -5.7401646e-16  6.6636281e-16  4.0084096e-16  5.6412519e-17  -4.9780987e-16  -1.0280155e-16  -9.2050110e-17  6.9032930e-16  3.7357696e-16  -7.6484992e-16  -5.0772321e-16  -5.8026524e-17  3.1633633e-16  3.9346227e-16  -1.2711170e-16  4.5265707e-16  3.0334726e-16  
1.3570819e-16  1.5477904e-16  -5.9813228e-17  -7.5730916e-18  -8.0681426e-16  -3.1803311e-16  -5.2914605e-17  8.2717213e-16  6.5534026e-16  4.4287124e-16  7.7358065e-16  -7.2326605e-16  -6.2404532e-16  -5.7401646e-16  1.0000000   -1.6027527e-16  5.0227303e-16  4.6648050e-16  -3.7799760e-16  3.6770266e-17  1.7630523e-16  -7.0598618e-16  -3.2025662e-16  6.3704064e-17  -6.1835165e-16  5.8892045e-16  4.8569941e-16  3.0208316e-16  1.3515328e-16  4.0692281e-16  -6.2046282e-16  1.3570819e-16  1.5477904e-16  -5.9813228e-17  -7.5730916e-18  -8.0681426e-16  -3.1803311e-16  -5.2914605e-17  8.2717213e-16  6.5534026e-16  4.4287124e-16  7.7358065e-16  -7.2326605e-16  -6.2404532e-16  -5.7401646e-16  1.0000000   -1.6027527e-16  5.0227303e-16  4.6648050e-16  -3.7799760e-16  3.6770266e-17  1.7630523e-16  -7.0598618e-16  -3.2025662e-16  6.3704064e-17  -6.1835165e-16  5.8892045e-16  4.8569941e-16  3.0208316e-16  1.3515328e-16  4.0692281e-16  -6.2046282e-16  
-3.5310061e-16  -3.0438274e-16  4.2378428e-16  -5.9207050e-16  4.4506294e-16  -1.1947873e-16  -7.2401306e-16  -9.2244835e-16  -6.1397287e-16  -1.8445477e-16  -5.1909745e-16  2.1849485e-16  -1.2372538e-16  6.6636281e-16  -1.6027527e-16  1.0000000   -6.7277528e-16  2.6192022e-16  9.4233251e-16  -3.2047234e-16  -1.3701604e-16  2.4064533e-16  6.1423939e-16  -1.8939899e-16  -3.5880855e-16  -3.3073996e-17  -7.3478969e-16  -1.3110005e-17  -7.4892235e-16  1.9175113e-16  -1.0604849e-16  -3.5310061e-16  -3.0438274e-16  4.2378428e-16  -5.9207050e-16  4.4506294e-16  -1.1947873e-16  -7.2401306e-16  -9.2244835e-16  -6.1397287e-16  -1.8445477e-16  -5.1909745e-16  2.1849485e-16  -1.2372538e-16  6.6636281e-16  -1.6027527e-16  1.0000000   -6.7277528e-16  2.6192022e-16  9.4233251e-16  -3.2047234e-16  -1.3701604e-16  2.4064533e-16  6.1423939e-16  -1.8939899e-16  -3.5880855e-16  -3.3073996e-17  -7.3478969e-16  -1.3110005e-17  -7.4892235e-16  1.9175113e-16  -1.0604849e-16  
-7.1073623e-17  -1.4326025e-16  9.9644894e-16  4.0917622e-16  3.5194047e-16  -5.3224258e-16  1.1333158e-16  -4.6453797e-16  -1.4813199e-17  3.2297274e-16  9.5319481e-16  6.7101273e-16  -5.0714963e-17  4.0084096e-16  5.0227303e-16  -6.7277528e-16  1.0000000   -1.7225061e-16  -1.0844105e-16  -2.0471787e-17  4.5615377e-16  -5.0885958e-16  -1.6469816e-16  5.2905673e-16  1.3015573e-16  1.2779553e-15  3.6014578e-16  -1.6848736e-16  6.8145116e-17  -3.3490028e-16  1.3089761e-17  -7.1073623e-17  -1.4326025e-16  9.9644894e-16  4.0917622e-16  3.5194047e-16  -5.3224258e-16  1.1333158e-16  -4.6453797e-16  -1.4813199e-17  3.2297274e-16  9.5319481e-16  6.7101273e-16  -5.0714963e-17  4.0084096e-16  5.0227303e-16  -6.7277528e-16  1.0000000   -1.7225061e-16  -1.0844105e-16  -2.0471787e-17  4.5615377e-16  -5.0885958e-16  -1.6469816e-16  5.2905673e-16  1.3015573e-16  1.2779553e-15  3.6014578e-16  -1.6848736e-16  6.8145116e-17  -3.3490028e-16  1.3089761e-17  
2.6943042e-16  4.5060793e-16  -1.5237815e-17  7.8695677e-16  2.3862055e-16  -4.4747477e-16  1.3176686e-16  2.4061955e-16  5.8582622e-16  -2.5802966e-16  -6.2032819e-16  -6.9409308e-17  -1.2203316e-16  5.6412519e-17  4.6648050e-16  2.6192022e-16  -1.7225061e-16  1.0000000   -5.0122952e-16  -1.3054306e-17  -1.7784601e-16  2.1748022e-16  5.6453477e-16  2.3693799e-16  2.0908478e-16  -4.0763484e-16  5.6418459e-16  -6.9753930e-16  -1.1498098e-16  -2.6462470e-16  -2.2645213e-16  2.6943042e-16  4.5060793e-16  -1.5237815e-17  7.8695677e-16  2.3862055e-16  -4.4747477e-16  1.3176686e-16  2.4061955e-16  5.8582622e-16  -2.5802966e-16  -6.2032819e-16  -6.9409308e-17  -1.2203316e-16  5.6412519e-17  4.6648050e-16  2.6192022e-16  -1.7225061e-16  1.0000000   -5.0122952e-16  -1.3054306e-17  -1.7784601e-16  2.1748022e-16  5.6453477e-16  2.3693799e-16  2.0908478e-16  -4.0763484e-16  5.6418459e-16  -6.9753930e-16  -1.1498098e-16  -2.6462470e-16  -2.2645213e-16  
5.1684256e-16  -7.2842726e-17  -3.0843255e-16  -1.6535213e-16  2.1562545e-16  3.4605876e-16  -1.4114457e-16  2.7804665e-16  -2.7717824e-16  4.5863481e-16  -3.4442009e-16  -4.9843024e-16  -4.8808532e-17  -4.9780987e-16  -3.7799760e-16  9.4233251e-16  -1.0844105e-16  -5.0122952e-16  1.0000000   -4.2734344e-16  4.1662181e-16  4.8552101e-17  -5.1519699e-16  -3.1684681e-16  -4.6431122e-16  -6.5225339e-16  -4.8889422e-17  -2.9854320e-16  2.9752026e-16  2.0720266e-16  -6.0706781e-17  5.1684256e-16  -7.2842726e-17  -3.0843255e-16  -1.6535213e-16  2.1562545e-16  3.4605876e-16  -1.4114457e-16  2.7804665e-16  -2.7717824e-16  4.5863481e-16  -3.4442009e-16  -4.9843024e-16  -4.8808532e-17  -4.9780987e-16  -3.7799760e-16  9.4233251e-16  -1.0844105e-16  -5.0122952e-16  1.0000000   -4.2734344e-16  4.1662181e-16  4.8552101e-17  -5.1519699e-16  -3.1684681e-16  -4.6431122e-16  -6.5225339e-16  -4.8889422e-17  -2.9854320e-16  2.9752026e-16  2.0720266e-16  -6.0706781e-17  
-1.6279552e-16  -1.6696522e-16  4.2495234e-16  -5.6187894e-17  4.2614998e-17  -3.2968335e-16  -4.6646560e-16  -8.7065405e-16  -3.9267593e-16  2.2545422e-16  -2.0656834e-16  -2.5518081e-16  2.8903025e-16  -1.0280155e-16  3.6770266e-17  -3.2047234e-16  -2.0471787e-17  -1.3054306e-17  -4.2734344e-16  1.0000000   4.6685187e-16  1.6449132e-16  -2.7049928e-16  1.3063002e-17  2.1779040e-17  4.4673316e-16  -4.6801915e-16  1.6728867e-15  -5.5122062e-16  7.4859769e-16  -4.4309086e-16  -1.6279552e-16  -1.6696522e-16  4.2495234e-16  -5.6187894e-17  4.2614998e-17  -3.2968335e-16  -4.6646560e-16  -8.7065405e-16  -3.9267593e-16  2.2545422e-16  -2.0656834e-16  -2.5518081e-16  2.8903025e-16  -1.0280155e-16  3.6770266e-17  -3.2047234e-16  -2.0471787e-17  -1.3054306e-17  -4.2734344e-16  1.0000000   4.6685187e-16  1.6449132e-16  -2.7049928e-16  1.3063002e-17  2.1779040e-17  4.4673316e-16  -4.6801915e-16  1.6728867e-15  -5.5122062e-16  7.4859769e-16  -4.4309086e-16  
-2.3659655e-16  -8.9854587e-16  -3.9454926e-16  -1.0671104e-17  -3.6322862e-16  5.9809804e-17  1.6377868e-16  2.6419004e-16  3.8836718e-16  5.8522932e-16  -1.8800441e-16  -7.3678006e-17  4.0894737e-16  -9.2050110e-17  1.7630523e-16  -1.3701604e-16  4.5615377e-16  -1.7784601e-16  4.1662181e-16  4.6685187e-16  1.0000000   5.0824548e-17  -1.8405514e-16  -5.7614842e-16  -5.9092133e-16  -6.7114308e-16  1.3925303e-17  1.2451028e-16  9.0794994e-17  3.1270773e-17  -8.1844475e-17  -2.3659655e-16  -8.9854587e-16  -3.9454926e-16  -1.0671104e-17  -3.6322862e-16  5.9809804e-17  1.6377868e-16  2.6419004e-16  3.8836718e-16  5.8522932e-16  -1.8800441e-16  -7.3678006e-17  4.0894737e-16  -9.2050110e-17  1.7630523e-16  -1.3701604e-16  4.5615377e-16  -1.7784601e-16  4.1662181e-16  4.6685187e-16  1.0000000   5.0824548e-17  -1.8405514e-16  -5.7614842e-16  -5.9092133e-16  -6.7114308e-16  1.3925303e-17  1.2451028e-16  9.0794994e-17  3.1270773e-17  -8.1844475e-17  
-3.7442724e-17  1.0714770e-15  -2.2334673e-16  -6.7322093e-17  5.6975124e-16  -1.8147537e-16  1.0000569e-15  -5.0751910e-16  -1.1319477e-16  -5.5030043e-17  6.4864363e-16  -2.1217891e-16  -2.7309709e-16  6.9032930e-16  -7.0598618e-16  2.4064533e-16  -5.0885958e-16  2.1748022e-16  4.8552101e-17  1.6449132e-16  5.0824548e-17  1.0000000   -3.8036445e-16  -1.8058572e-16  2.8716436e-16  1.9163977e-16  -5.0497615e-16  -3.8185570e-16  -1.2148098e-16  -2.3539347e-16  5.5230660e-16  -3.7442724e-17  1.0714770e-15  -2.2334673e-16  -6.7322093e-17  5.6975124e-16  -1.8147537e-16  1.0000569e-15  -5.0751910e-16  -1.1319477e-16  -5.5030043e-17  6.4864363e-16  -2.1217891e-16  -2.7309709e-16  6.9032930e-16  -7.0598618e-16  2.4064533e-16  -5.0885958e-16  2.1748022e-16  4.8552101e-17  1.6449132e-16  5.0824548e-17  1.0000000   -3.8036445e-16  -1.8058572e-16  2.8716436e-16  1.9163977e-16  -5.0497615e-16  -3.8185570e-16  -1.2148098e-16  -2.3539347e-16  5.5230660e-16  
-5.1106027e-16  -8.0286246e-16  1.5658665e-17  -6.3210025e-16  -8.9092818e-17  -3.0850389e-16  -1.2270774e-17  5.1940701e-17  4.0163532e-16  1.4184304e-16  -2.1218716e-16  -5.9098568e-16  -7.0928923e-17  3.7357696e-16  -3.2025662e-16  6.1423939e-16  -1.6469816e-16  5.6453477e-16  -5.1519699e-16  -2.7049928e-16  -1.8405514e-16  -3.8036445e-16  1.0000000   -1.1729004e-15  -1.8226165e-16  -8.5032845e-16  -2.6657155e-16  -8.2690996e-18  -4.0680298e-16  3.3316240e-16  1.2466199e-16  -5.1106027e-16  -8.0286246e-16  1.5658665e-17  -6.3210025e-16  -8.9092818e-17  -3.0850389e-16  -1.2270774e-17  5.1940701e-17  4.0163532e-16  1.4184304e-16  -2.1218716e-16  -5.9098568e-16  -7.0928923e-17  3.7357696e-16  -3.2025662e-16  6.1423939e-16  -1.6469816e-16  5.6453477e-16  -5.1519699e-16  -2.7049928e-16  -1.8405514e-16  -3.8036445e-16  1.0000000   -1.1729004e-15  -1.8226165e-16  -8.5032845e-16  -2.6657155e-16  -8.2690996e-18  -4.0680298e-16  3.3316240e-16  1.2466199e-16  
2.0222901e-16  -4.9192275e-16  -3.9893032e-16  5.5631129e-16  -4.1265203e-16  1.3486606e-16  2.6220742e-16  -4.2760530e-16  5.7545746e-16  3.4899665e-16  3.7987172e-16  -1.3912322e-16  3.3527993e-16  -7.6484992e-16  6.3704064e-17  -1.8939899e-16  5.2905673e-16  2.3693799e-16  -3.1684681e-16  1.3063002e-17  -5.7614842e-16  -1.8058572e-16  -1.1729004e-15  1.0000000   -2.0042687e-16  -8.1796760e-16  1.7941872e-16  -6.4333537e-16  -3.1402427e-16  6.5084003e-16  -2.4705459e-16  2.0222901e-16  -4.9192275e-16  -3.9893032e-16  5.5631129e-16  -4.1265203e-16  1.3486606e-16  2.6220742e-16  -4.2760530e-16  5.7545746e-16  3.4899665e-16  3.7987172e-16  -1.3912322e-16  3.3527993e-16  -7.6484992e-16  6.3704064e-17  -1.8939899e-16  5.2905673e-16  2.3693799e-16  -3.1684681e-16  1.3063002e-17  -5.7614842e-16  -1.8058572e-16  -1.1729004e-15  1.0000000   -2.0042687e-16  -8.1796760e-16  1.7941872e-16  -6.4333537e-16  -3.1402427e-16  6.5084003e-16  -2.4705459e-16  
2.3100544e-16  -2.8538540e-17  7.7245288e-17  2.7474895e-17  -7.5078293e-17  -4.1685221e-18  4.0427902e-16  -4.7139346e-16  -2.6886798e-16  6.2422211e-16  1.1597231e-15  -5.9692292e-16  1.8834115e-16  -5.0772321e-16  -6.1835165e-16  -3.5880855e-16  1.3015573e-16  2.0908478e-16  -4.6431122e-16  2.1779040e-17  -5.9092133e-16  2.8716436e-16  -1.8226165e-16  -2.0042687e-16  1.0000000   -2.1139528e-16  2.8787761e-16  3.2063079e-16  -7.5988626e-16  1.9321635e-16  -7.3048283e-18  2.3100544e-16  -2.8538540e-17  7.7245288e-17  2.7474895e-17  -7.5078293e-17  -4.1685221e-18  4.0427902e-16  -4.7139346e-16  -2.6886798e-16  6.2422211e-16  1.1597231e-15  -5.9692292e-16  1.8834115e-16  -5.0772321e-16  -6.1835165e-16  -3.5880855e-16  1.3015573e-16  2.0908478e-16  -4.6431122e-16  2.1779040e-17  -5.9092133e-16  2.8716436e-16  -1.8226165e-16  -2.0042687e-16  1.0000000   -2.1139528e-16  2.8787761e-16  3.2063079e-16  -7.5988626e-16  1.9321635e-16  -7.3048283e-18  
-1.2484223e-18  1.0235740e-15  1.2891192e-15  -3.4002544e-16  -4.7503475e-17  6.1426993e-16  1.0184893e-15  2.5666409e-16  -7.6381168e-17  -1.9778917e-16  7.0550228e-16  -5.6870365e-16  -1.0772193e-15  -5.8026524e-17  5.8892045e-16  -3.3073996e-17  1.2779553e-15  -4.0763484e-16  -6.5225339e-16  4.4673316e-16  -6.7114308e-16  1.9163977e-16  -8.5032845e-16  -8.1796760e-16  -2.1139528e-16  1.0000000   8.1693654e-17  6.2520389e-17  9.4664869e-17  -9.1251108e-18  1.2323266e-15  -1.2484223e-18  1.0235740e-15  1.2891192e-15  -3.4002544e-16  -4.7503475e-17  6.1426993e-16  1.0184893e-15  2.5666409e-16  -7.6381168e-17  -1.9778917e-16  7.0550228e-16  -5.6870365e-16  -1.0772193e-15  -5.8026524e-17  5.8892045e-16  -3.3073996e-17  1.2779553e-15  -4.0763484e-16  -6.5225339e-16  4.4673316e-16  -6.7114308e-16  1.9163977e-16  -8.5032845e-16  -8.1796760e-16  -2.1139528e-16  1.0000000   8.1693654e-17  6.2520389e-17  9.4664869e-17  -9.1251108e-18  1.2323266e-15  
1.9929582e-16  1.2366103e-15  -4.4803204e-16  1.5022618e-16  -1.9807680e-16  1.2136890e-18  -1.1168418e-16  -5.5065152e-16  -2.7350900e-16  2.2675802e-16  -7.5527248e-17  -3.0423072e-16  -1.5614173e-16  3.1633633e-16  4.8569941e-16  -7.3478969e-16  3.6014578e-16  5.6418459e-16  -4.8889422e-17  -4.6801915e-16  1.3925303e-17  -5.0497615e-16  -2.6657155e-16  1.7941872e-16  2.8787761e-16  8.1693654e-17  1.0000000   6.4973376e-17  -3.5001502e-16  -2.5641439e-16  -5.1639195e-16  1.9929582e-16  1.2366103e-15  -4.4803204e-16  1.5022618e-16  -1.9807680e-16  1.2136890e-18  -1.1168418e-16  -5.5065152e-16  -2.7350900e-16  2.2675802e-16  -7.5527248e-17  -3.0423072e-16  -1.5614173e-16  3.1633633e-16  4.8569941e-16  -7.3478969e-16  3.6014578e-16  5.6418459e-16  -4.8889422e-17  -4.6801915e-16  1.3925303e-17  -5.0497615e-16  -2.6657155e-16  1.7941872e-16  2.8787761e-16  8.1693654e-17  1.0000000   6.4973376e-17  -3.5001502e-16  -2.5641439e-16  -5.1639195e-16  
-5.8466403e-16  8.4901112e-16  -3.9891255e-16  3.6115351e-17  -1.6717968e-16  -2.4159065e-16  4.2725377e-16  -4.2924114e-17  3.3717559e-16  -3.2075078e-16  2.2392005e-16  6.4482281e-16  9.1437303e-17  3.9346227e-16  3.0208316e-16  -1.3110005e-17  -1.6848736e-16  -6.9753930e-16  -2.9854320e-16  1.6728867e-15  1.2451028e-16  -3.8185570e-16  -8.2690996e-18  -6.4333537e-16  3.2063079e-16  6.2520389e-17  6.4973376e-17  1.0000000   8.8388949e-16  -4.7408794e-16  1.0162111e-17  -5.8466403e-16  8.4901112e-16  -3.9891255e-16  3.6115351e-17  -1.6717968e-16  -2.4159065e-16  4.2725377e-16  -4.2924114e-17  3.3717559e-16  -3.2075078e-16  2.2392005e-16  6.4482281e-16  9.1437303e-17  3.9346227e-16  3.0208316e-16  -1.3110005e-17  -1.6848736e-16  -6.9753930e-16  -2.9854320e-16  1.6728867e-15  1.2451028e-16  -3.8185570e-16  -8.2690996e-18  -6.4333537e-16  3.2063079e-16  6.2520389e-17  6.4973376e-17  1.0000000   8.8388949e-16  -4.7408794e-16  1.0162111e-17  
4.3631128e-16  3.9359564e-16  1.1591698e-16  4.7971625e-16  -5.4128309e-16  -7.4884945e-16  -3.5186729e-16  -2.1301636e-16  5.1200794e-16  -2.4260329e-16  -3.5915350e-16  -2.5230465e-16  9.6740698e-17  -1.2711170e-16  1.3515328e-16  -7.4892235e-16  6.8145116e-17  -1.1498098e-16  2.9752026e-16  -5.5122062e-16  9.0794994e-17  -1.2148098e-16  -4.0680298e-16  -3.1402427e-16  -7.5988626e-16  9.4664869e-17  -3.5001502e-16  8.8388949e-16  1.0000000   4.1514518e-16  3.9976393e-17  4.3631128e-16  3.9359564e-16  1.1591698e-16  4.7971625e-16  -5.4128309e-16  -7.4884945e-16  -3.5186729e-16  -2.1301636e-16  5.1200794e-16  -2.4260329e-16  -3.5915350e-16  -2.5230465e-16  9.6740698e-17  -1.2711170e-16  1.3515328e-16  -7.4892235e-16  6.8145116e-17  -1.1498098e-16  2.9752026e-16  -5.5122062e-16  9.0794994e-17  -1.2148098e-16  -4.0680298e-16  -3.1402427e-16  -7.5988626e-16  9.4664869e-17  -3.5001502e-16  8.8388949e-16  1.0000000   4.1514518e-16  3.9976393e-17  
-5.5583235e-16  -3.8052690e-18  2.2025907e-17  -1.2101653e-16  5.3512604e-16  -1.1703252e-16  2.1273646e-16  3.6191814e-16  1.6472499e-16  -2.6190324e-16  -3.5304017e-16  4.6496874e-16  3.5873733e-16  4.5265707e-16  4.0692281e-16  1.9175113e-16  -3.3490028e-16  -2.6462470e-16  2.0720266e-16  7.4859769e-16  3.1270773e-17  -2.3539347e-16  3.3316240e-16  6.5084003e-16  1.9321635e-16  -9.1251108e-18  -2.5641439e-16  -4.7408794e-16  4.1514518e-16  1.0000000   -3.4384149e-16  -5.5583235e-16  -3.8052690e-18  2.2025907e-17  -1.2101653e-16  5.3512604e-16  -1.1703252e-16  2.1273646e-16  3.6191814e-16  1.6472499e-16  -2.6190324e-16  -3.5304017e-16  4.6496874e-16  3.5873733e-16  4.5265707e-16  4.0692281e-16  1.9175113e-16  -3.3490028e-16  -2.6462470e-16  2.0720266e-16  7.4859769e-16  3.1270773e-17  -2.3539347e-16  3.3316240e-16  6.5084003e-16  1.9321635e-16  -9.1251108e-18  -2.5641439e-16  -4.7408794e-16  4.1514518e-16  1.0000000   -3.4384149e-16  
-4.7163781e-16  6.1327524e-16  1.3259670e-16  6.6638446e-16  -1.2781938e-16  -1.6990758e-16  2.6617357e-16  -4.8107882e-16  -7.4445180e-19  6.8741450e-16  -7.1448246e-16  -6.5504027e-17  6.6432778e-17  3.0334726e-16  -6.2046282e-16  -1.0604849e-16  1.3089761e-17  -2.2645213e-16  -6.0706781e-17  -4.4309086e-16  -8.1844475e-17  5.5230660e-16  1.2466199e-16  -2.4705459e-16  -7.3048283e-18  1.2323266e-15  -5.1639195e-16  1.0162111e-17  3.9976393e-17  -3.4384149e-16  1.0000000   -4.7163781e-16  6.1327524e-16  1.3259670e-16  6.6638446e-16  -1.2781938e-16  -1.6990758e-16  2.6617357e-16  -4.8107882e-16  -7.4445180e-19  6.8741450e-16  -7.1448246e-16  -6.5504027e-17  6.6432778e-17  3.0334726e-16  -6.2046282e-16  -1.0604849e-16  1.3089761e-17  -2.2645213e-16  -6.0706781e-17  -4.4309086e-16  -8.1844475e-17  5.5230660e-16  1.2466199e-16  -2.4705459e-16  -7.3048283e-18  1.2323266e-15  -5.1639195e-16  1.0162111e-17  3.9976393e-17  -3.4384149e-16  1.0000000   
1.0000000   -5.4821428e-17  1.7829915e-16  -1.0856908e-16  -1.7351567e-16  5.5947423e-16  2.3039618e-16  3.5008208e-16  -3.7690554e-16  2.7169063e-16  -6.2895349e-16  1.4378242e-16  6.8027968e-16  -5.1946893e-18  1.3570819e-16  -3.5310061e-16  -7.1073623e-17  2.6943042e-16  5.1684256e-16  -1.6279552e-16  -2.3659655e-16  -3.7442724e-17  -5.1106027e-16  2.0222901e-16  2.3100544e-16  -1.2484223e-18  1.9929582e-16  -5.8466403e-16  4.3631128e-16  -5.5583235e-16  -4.7163781e-16  1.0000000   -5.4821428e-17  1.7829915e-16  -1.0856908e-16  -1.7351567e-16  5.5947423e-16  2.3039618e-16  3.5008208e-16  -3.7690554e-16  2.7169063e-16  -6.2895349e-16  1.4378242e-16  6.8027968e-16  -5.1946893e-18  1.3570819e-16  -3.5310061e-16  -7.1073623e-17  2.6943042e-16  5.1684256e-16  -1.6279552e-16  -2.3659655e-16  -3.7442724e-17  -5.1106027e-16  2.0222901e-16  2.3100544e-16  -1.2484223e-18  1.9929582e-16  -5.8466403e-16  4.3631128e-16  -5.5583235e-16  -4.7163781e-16  
-5.4821428e-17  1.0000000   3.9651900e-16  -4.7820543e-16  4.5523177e-16  5.0302380e-16  4.0358377e-16  -8.6575715e-16  3.3318807e-16  2.2004758e-17  -1.5187409e-16  2.3805848e-17  -6.3711734e-17  5.7749491e-16  1.5477904e-16  -3.0438274e-16  -1.4326025e-16  4.5060793e-16  -7.2842726e-17  -1.6696522e-16  -8.9854587e-16  1.0714770e-15  -8.0286246e-16  -4.9192275e-16  -2.8538540e-17  1.0235740e-15  1.2366103e-15  8.4901112e-16  3.9359564e-16  -3.8052690e-18  6.1327524e-16  -5.4821428e-17  1.0000000   3.9651900e-16  -4.7820543e-16  4.5523177e-16  5.0302380e-16  4.0358377e-16  -8.6575715e-16  3.3318807e-16  2.2004758e-17  -1.5187409e-16  2.3805848e-17  -6.3711734e-17  5.7749491e-16  1.5477904e-16  -3.0438274e-16  -1.4326025e-16  4.5060793e-16  -7.2842726e-17  -1.6696522e-16  -8.9854587e-16  1.0714770e-15  -8.0286246e-16  -4.9192275e-16  -2.8538540e-17  1.0235740e-15  1.2366103e-15  8.4901112e-16  3.9359564e-16  -3.8052690e-18  6.1327524e-16  
1.7829915e-16  3.9651900e-16  1.0000000   -3.5910953e-16  2.6402507e-16  -3.6842773e-18  5.9777388e-16  -7.3102599e-18  2.7130139e-16  -2.6201523e-16  3.2506781e-16  8.2593772e-16  -7.2330693e-16  8.0032312e-17  -5.9813228e-17  4.2378428e-16  9.9644894e-16  -1.5237815e-17  -3.0843255e-16  4.2495234e-16  -3.9454926e-16  -2.2334673e-16  1.5658665e-17  -3.9893032e-16  7.7245288e-17  1.2891192e-15  -4.4803204e-16  -3.9891255e-16  1.1591698e-16  2.2025907e-17  1.3259670e-16  1.7829915e-16  3.9651900e-16  1.0000000   -3.5910953e-16  2.6402507e-16  -3.6842773e-18  5.9777388e-16  -7.3102599e-18  2.7130139e-16  -2.6201523e-16  3.2506781e-16  8.2593772e-16  -7.2330693e-16  8.0032312e-17  -5.9813228e-17  4.2378428e-16  9.9644894e-16  -1.5237815e-17  -3.0843255e-16  4.2495234e-16  -3.9454926e-16  -2.2334673e-16  1.5658665e-17  -3.9893032e-16  7.7245288e-17  1.2891192e-15  -4.4803204e-16  -3.9891255e-16  1.1591698e-16  2.2025907e-17  1.3259670e-16  
-1.0856908e-16  -4.7820543e-16  -3.5910953e-16  1.0000000   1.4340687e-17  -7.4027797e-16  9.5762982e-17  7.8741130e-17  -1.7780458e-16  1.0535552e-15  -4.6459825e-16  4.1024124e-16  -2.1429867e-16  2.1449128e-16  -7.5730916e-18  -5.9207050e-16  4.0917622e-16  7.8695677e-16  -1.6535213e-16  -5.6187894e-17  -1.0671104e-17  -6.7322093e-17  -6.3210025e-16  5.5631129e-16  2.7474895e-17  -3.4002544e-16  1.5022618e-16  3.6115351e-17  4.7971625e-16  -1.2101653e-16  6.6638446e-16  -1.0856908e-16  -4.7820543e-16  -3.5910953e-16  1.0000000   1.4340687e-17  -7.4027797e-16  9.5762982e-17  7.8741130e-17  -1.7780458e-16  1.0535552e-15  -4.6459825e-16  4.1024124e-16  -2.1429867e-16  2.1449128e-16  -7.5730916e-18  -5.9207050e-16  4.0917622e-16  7.8695677e-16  -1.6535213e-16  -5.6187894e-17  -1.0671104e-17  -6.7322093e-17  -6.3210025e-16  5.5631129e-16  2.7474895e-17  -3.4002544e-16  1.5022618e-16  3.6115351e-17  4.7971625e-16  -1.2101653e-16  6.6638446e-16  
-1.7351567e-16  4.5523177e-16  2.6402507e-16  1.4340687e-17  1.0000000   -2.1989182e-16  -1.0168027e-15  -2.9422576e-16  -3.8901570e-16  1.9182855e-17  3.1705724e-16  1.1066406e-15  3.6466118e-16  1.0866199e-16  -8.0681426e-16  4.4506294e-16  3.5194047e-16  2.3862055e-16  2.1562545e-16  4.2614998e-17  -3.6322862e-16  5.6975124e-16  -8.9092818e-17  -4.1265203e-16  -7.5078293e-17  -4.7503475e-17  -1.9807680e-16  -1.6717968e-16  -5.4128309e-16  5.3512604e-16  -1.2781938e-16  -1.7351567e-16  4.5523177e-16  2.6402507e-16  1.4340687e-17  1.0000000   -2.1989182e-16  -1.0168027e-15  -2.9422576e-16  -3.8901570e-16  1.9182855e-17  3.1705724e-16  1.1066406e-15  3.6466118e-16  1.0866199e-16  -8.0681426e-16  4.4506294e-16  3.5194047e-16  2.3862055e-16  2.1562545e-16  4.2614998e-17  -3.6322862e-16  5.6975124e-16  -8.9092818e-17  -4.1265203e-16  -7.5078293e-17  -4.7503475e-17  -1.9807680e-16  -1.6717968e-16  -5.4128309e-16  5.3512604e-16  -1.2781938e-16  
5.5947423e-16  5.0302380e-16  -3.6842773e-18  -7.4027797e-16  -2.1989182e-16  1.0000000   2.1753798e-16  -3.7330022e-16  -3.9518403e-16  1.4743672e-16  1.3069222e-15  -4.1061814e-16  2.5069207e-16  6.1813794e-16  -3.1803311e-16  -1.1947873e-16  -5.3224258e-16  -4.4747477e-16  3.4605876e-16  -3.2968335e-16  5.9809804e-17  -1.8147537e-16  -3.0850389e-16  1.3486606e-16  -4.1685221e-18  6.1426993e-16  1.2136890e-18  -2.4159065e-16  -7.4884945e-16  -1.1703252e-16  -1.6990758e-16  5.5947423e-16  5.0302380e-16  -3.6842773e-18  -7.4027797e-16  -2.1989182e-16  1.0000000   2.1753798e-16  -3.7330022e-16  -3.9518403e-16  1.4743672e-16  1.3069222e-15  -4.1061814e-16  2.5069207e-16  6.1813794e-16  -3.1803311e-16  -1.1947873e-16  -5.3224258e-16  -4.4747477e-16  3.4605876e-16  -3.2968335e-16  5.9809804e-17  -1.8147537e-16  -3.0850389e-16  1.3486606e-16  -4.1685221e-18  6.1426993e-16  1.2136890e-18  -2.4159065e-16  -7.4884945e-16  -1.1703252e-16  -1.6990758e-16  
2.3039618e-16  4.0358377e-16  5.9777388e-16  9.5762982e-17  -1.0168027e-15  2.1753798e-16  1.0000000   -2.7860372e-17  -1.2607355e-16  1.2091751e-16  1.1625217e-15  2.2643931e-16  -5.0936452e-17  -1.9181176e-16  -5.2914605e-17  -7.2401306e-16  1.1333158e-16  1.3176686e-16  -1.4114457e-16  -4.6646560e-16  1.6377868e-16  1.0000569e-15  -1.2270774e-17  2.6220742e-16  4.0427902e-16  1.0184893e-15  -1.1168418e-16  4.2725377e-16  -3.5186729e-16  2.1273646e-16  2.6617357e-16  2.3039618e-16  4.0358377e-16  5.9777388e-16  9.5762982e-17  -1.0168027e-15  2.1753798e-16  1.0000000   -2.7860372e-17  -1.2607355e-16  1.2091751e-16  1.1625217e-15  2.2643931e-16  -5.0936452e-17  -1.9181176e-16  -5.2914605e-17  -7.2401306e-16  1.1333158e-16  1.3176686e-16  -1.4114457e-16  -4.6646560e-16  1.6377868e-16  1.0000569e-15  -1.2270774e-17  2.6220742e-16  4.0427902e-16  1.0184893e-15  -1.1168418e-16  4.2725377e-16  -3.5186729e-16  2.1273646e-16  2.6617357e-16  
3.5008208e-16  -8.6575715e-16  -7.3102599e-18  7.8741130e-17  -2.9422576e-16  -3.7330022e-16  -2.7860372e-17  1.0000000   6.6484441e-17  6.2687848e-16  -7.3547587e-16  -5.8928902e-16  -1.3040383e-16  -9.3883869e-16  8.2717213e-16  -9.2244835e-16  -4.6453797e-16  2.4061955e-16  2.7804665e-16  -8.7065405e-16  2.6419004e-16  -5.0751910e-16  5.1940701e-17  -4.2760530e-16  -4.7139346e-16  2.5666409e-16  -5.5065152e-16  -4.2924114e-17  -2.1301636e-16  3.6191814e-16  -4.8107882e-16  3.5008208e-16  -8.6575715e-16  -7.3102599e-18  7.8741130e-17  -2.9422576e-16  -3.7330022e-16  -2.7860372e-17  1.0000000   6.6484441e-17  6.2687848e-16  -7.3547587e-16  -5.8928902e-16  -1.3040383e-16  -9.3883869e-16  8.2717213e-16  -9.2244835e-16  -4.6453797e-16  2.4061955e-16  2.7804665e-16  -8.7065405e-16  2.6419004e-16  -5.0751910e-16  5.1940701e-17  -4.2760530e-16  -4.7139346e-16  2.5666409e-16  -5.5065152e-16  -4.2924114e-17  -2.1301636e-16  3.6191814e-16  -4.8107882e-16  
-3.7690554e-16  3.3318807e-16  2.7130139e-16  -1.7780458e-16  -3.8901570e-16  -3.9518403e-16  -1.2607355e-16  6.6484441e-17  1.0000000   2.1856818e-16  2.3402097e-16  -3.0517482e-17  7.2894516e-17  -5.6201854e-17  6.5534026e-16  -6.1397287e-16  -1.4813199e-17  5.8582622e-16  -2.7717824e-16  -3.9267593e-16  3.8836718e-16  -1.1319477e-16  4.0163532e-16  5.7545746e-16  -2.6886798e-16  -7.6381168e-17  -2.7350900e-16  3.3717559e-16  5.1200794e-16  1.6472499e-16  -7.4445180e-19  -3.7690554e-16  3.3318807e-16  2.7130139e-16  -1.7780458e-16  -3.8901570e-16  -3.9518403e-16  -1.2607355e-16  6.6484441e-17  1.0000000   2.1856818e-16  2.3402097e-16  -3.0517482e-17  7.2894516e-17  -5.6201854e-17  6.5534026e-16  -6.1397287e-16  -1.4813199e-17  5.8582622e-16  -2.7717824e-16  -3.9267593e-16  3.8836718e-16  -1.1319477e-16  4.0163532e-16  5.7545746e-16  -2.6886798e-16  -7.6381168e-17  -2.7350900e-16  3.3717559e-16  5.1200794e-16  1.6472499e-16  -7.4445180e-19  
2.7169063e-16  2.2004758e-17  -2.6201523e-16  1.0535552e-15  1.9182855e-17  1.4743672e-16  1.2091751e-16  6.2687848e-16  2.1856818e-16  1.0000000   3.9648238e-16  4.6602566e-16  5.1808252e-16  6.8773174e-16  4.4287124e-16  -1.8445477e-16  3.2297274e-16  -2.5802966e-16  4.5863481e-16  2.2545422e-16  5.8522932e-16  -5.5030043e-17  1.4184304e-16  3.4899665e-16  6.2422211e-16  -1.9778917e-16  2.2675802e-16  -3.2075078e-16  -2.4260329e-16  -2.6190324e-16  6.8741450e-16  2.7169063e-16  2.2004758e-17  -2.6201523e-16  1.0535552e-15  1.9182855e-17  1.4743672e-16  1.2091751e-16  6.2687848e-16  2.1856818e-16  1.0000000   3.9648238e-16  4.6602566e-16  5.1808252e-16  6.8773174e-16  4.4287124e-16  -1.8445477e-16  3.2297274e-16  -2.5802966e-16  4.5863481e-16  2.2545422e-16  5.8522932e-16  -5.5030043e-17  1.4184304e-16  3.4899665e-16  6.2422211e-16  -1.9778917e-16  2.2675802e-16  -3.2075078e-16  -2.4260329e-16  -2.6190324e-16  6.8741450e-16  
