1.0000000   2.3266961e-16  5.4710884e-17  -7.0875447e-16  -4.6919939e-16  -2.9949821e-17  -5.0913227e-16  1.3023847e-16  -5.8759677e-16  -2.3626319e-16  8.2358982e-17  2.9904996e-16  2.9425044e-16  -1.6857809e-18  2.6834037e-16  7.6398726e-17  -5.9314145e-16  3.9455709e-16  2.6151544e-16  6.2203281e-17  1.6320674e-16  -1.3888666e-16  -4.7699819e-16  6.5609665e-17  3.0192266e-16  2.2725685e-16  4.3668846e-16  4.3530808e-16  -3.0132938e-16  -4.2046198e-16  1.3443559e-16  1.0000000   2.3266961e-16  5.4710884e-17  -7.0875447e-16  -4.6919939e-16  -2.9949821e-17  -5.0913227e-16  1.3023847e-16  -5.8759677e-16  -2.3626319e-16  8.2358982e-17  2.9904996e-16  2.9425044e-16  -1.6857809e-18  2.6834037e-16  7.6398726e-17  -5.9314145e-16  3.9455709e-16  2.6151544e-16  6.2203281e-17  1.6320674e-16  -1.3888666e-16  -4.7699819e-16  6.5609665e-17  3.0192266e-16  2.2725685e-16  4.3668846e-16  4.3530808e-16  -3.0132938e-16  -4.2046198e-16  1.3443559e-16  
2.3266961e-16  1.0000000   -5.0358783e-16  -5.7845147e-16  -3.9329462e-17  3.4951048e-16  -1.5806667e-16  -4.9343607e-16  -1.2346522e-16  4.1451875e-16  -6.0053301e-17  -5.5185809e-16  3.2920226e-16  -8.9450917e-16  4.6469386e-17  -8.1078761e-17  8.8858196e-17  7.6323755e-16  8.0966645e-16  4.1204026e-16  -6.3366112e-16  -2.6699281e-16  2.2493304e-17  -2.7520874e-16  3.4514807e-16  -6.9956736e-16  1.4166788e-16  3.8054081e-16  5.6075075e-16  -4.4944706e-17  -7.8446116e-16  2.3266961e-16  1.0000000   -5.0358783e-16  -5.7845147e-16  -3.9329462e-17  3.4951048e-16  -1.5806667e-16  -4.9343607e-16  -1.2346522e-16  4.1451875e-16  -6.0053301e-17  -5.5185809e-16  3.2920226e-16  -8.9450917e-16  4.6469386e-17  -8.1078761e-17  8.8858196e-17  7.6323755e-16  8.0966645e-16  4.1204026e-16  -6.3366112e-16  -2.6699281e-16  2.2493304e-17  -2.7520874e-16  3.4514807e-16  -6.9956736e-16  1.4166788e-16  3.8054081e-16  5.6075075e-16  -4.4944706e-17  -7.8446116e-16  
5.4710884e-17  -5.0358783e-16  1.0000000   2.0566308e-16  -9.3646103e-17  -5.9665438e-16  2.9554959e-16  -2.3926291e-16  4.9942516e-16  8.8181331e-17  1.2710388e-16  8.2963429e-17  -7.8127030e-17  1.2998051e-17  8.9616356e-17  3.8298747e-16  -3.1296052e-16  2.2302192e-16  6.2440805e-16  -2.6732036e-16  -7.6974673e-16  3.1459567e-16  -8.6217653e-16  2.5677513e-16  -3.0710103e-16  -2.7582813e-16  7.9364568e-17  9.4890294e-16  1.1494720e-17  -1.2661368e-16  -3.7618993e-16  5.4710884e-17  -5.0358783e-16  1.0000000   2.0566308e-16  -9.3646103e-17  -5.9665438e-16  2.9554959e-16  -2.3926291e-16  4.9942516e-16  8.8181331e-17  1.2710388e-16  8.2963429e-17  -7.8127030e-17  1.2998051e-17  8.9616356e-17  3.8298747e-16  -3.1296052e-16  2.2302192e-16  6.2440805e-16  -2.6732036e-16  -7.6974673e-16  3.1459567e-16  -8.6217653e-16  2.5677513e-16  -3.0710103e-16  -2.7582813e-16  7.9364568e-17  9.4890294e-16  1.1494720e-17  -1.2661368e-16  -3.7618993e-16  
-7.0875447e-16  -5.7845147e-16  2.0566308e-16  1.0000000   -1.6744989e-16  -6.0217733e-16  2.9938897e-16  -5.1431000e-16  1.4884793e-16  6.7397415e-16  -1.7289563e-16  2.0733838e-16  -7.6958598e-17  -2.8384668e-16  -2.4194673e-18  -2.5571031e-16  3.3401261e-16  -4.7916465e-16  -2.7311417e-16  -2.3186325e-16  1.3013125e-16  -1.8760602e-16  -3.9615968e-16  -3.0302489e-16  4.4619303e-16  -2.5374191e-16  8.8901547e-17  6.9976742e-16  -1.1791944e-16  -2.3823605e-16  5.5876092e-16  -7.0875447e-16  -5.7845147e-16  2.0566308e-16  1.0000000   -1.6744989e-16  -6.0217733e-16  2.9938897e-16  -5.1431000e-16  1.4884793e-16  6.7397415e-16  -1.7289563e-16  2.0733838e-16  -7.6958598e-17  -2.8384668e-16  -2.4194673e-18  -2.5571031e-16  3.3401261e-16  -4.7916465e-16  -2.7311417e-16  -2.3186325e-16  1.3013125e-16  -1.8760602e-16  -3.9615968e-16  -3.0302489e-16  4.4619303e-16  -2.5374191e-16  8.8901547e-17  6.9976742e-16  -1.1791944e-16  -2.3823605e-16  5.5876092e-16  
-4.6919939e-16  -3.9329462e-17  -9.3646103e-17  -1.6744989e-16  1.0000000   4.2071487e-16  5.4186593e-16  -1.5334623e-16  2.4005434e-16  -9.9106912e-16  2.4755488e-16  -7.9461183e-17  -1.7190202e-16  -5.2818341e-16  -6.5551582e-17  -5.7010704e-17  -4.3966927e-17  -3.5581938e-16  1.5098244e-16  -1.2602494e-16  -6.7226035e-16  -3.9850915e-17  -2.2641925e-16  -2.2745840e-16  5.9061560e-17  4.3433557e-16  -3.4966197e-16  -2.4620492e-16  -2.4806214e-16  -5.8121882e-16  8.7151915e-18  -4.6919939e-16  -3.9329462e-17  -9.3646103e-17  -1.6744989e-16  1.0000000   4.2071487e-16  5.4186593e-16  -1.5334623e-16  2.4005434e-16  -9.9106912e-16  2.4755488e-16  -7.9461183e-17  -1.7190202e-16  -5.2818341e-16  -6.5551582e-17  -5.7010704e-17  -4.3966927e-17  -3.5581938e-16  1.5098244e-16  -1.2602494e-16  -6.7226035e-16  -3.9850915e-17  -2.2641925e-16  -2.2745840e-16  5.9061560e-17  4.3433557e-16  -3.4966197e-16  -2.4620492e-16  -2.4806214e-16  -5.8121882e-16  8.7151915e-18  
-2.9949821e-17  3.4951048e-16  -5.9665438e-16  -6.0217733e-16  4.2071487e-16  1.0000000   -5.2483057e-16  -3.4789057e-16  -1.0020697e-15  -1.4805128e-16  4.1367673e-17  -4.7551084e-16  3.6730795e-16  2.0433293e-16  3.3891526e-16  1.8464377e-16  6.1707286e-16  -1.7873729e-16  4.3892194e-16  -4.0661294e-16  -3.6730309e-17  5.6344022e-16  -1.5319888e-16  7.6889216e-16  -7.1135882e-17  7.3040959e-16  8.1245052e-17  5.7282189e-16  -1.3616023e-16  2.5601476e-16  1.2768216e-16  -2.9949821e-17  3.4951048e-16  -5.9665438e-16  -6.0217733e-16  4.2071487e-16  1.0000000   -5.2483057e-16  -3.4789057e-16  -1.0020697e-15  -1.4805128e-16  4.1367673e-17  -4.7551084e-16  3.6730795e-16  2.0433293e-16  3.3891526e-16  1.8464377e-16  6.1707286e-16  -1.7873729e-16  4.3892194e-16  -4.0661294e-16  -3.6730309e-17  5.6344022e-16  -1.5319888e-16  7.6889216e-16  -7.1135882e-17  7.3040959e-16  8.1245052e-17  5.7282189e-16  -1.3616023e-16  2.5601476e-16  1.2768216e-16  
-5.0913227e-16  -1.5806667e-16  2.9554959e-16  2.9938897e-16  5.4186593e-16  -5.2483057e-16  1.0000000   -5.5609015e-17  6.3151476e-16  -4.2474815e-16  -4.5176137e-16  7.5950046e-16  1.5284894e-16  2.8756840e-16  1.3550082e-17  2.2421538e-16  -4.9614783e-16  -2.9293103e-16  -5.2534584e-16  -2.3475634e-16  1.8873074e-16  2.4784346e-16  2.8155142e-16  -3.9376950e-16  -1.0590832e-16  -6.1428842e-16  -4.9876978e-16  4.7796654e-16  -3.7459813e-16  -4.1402008e-16  4.0249281e-16  -5.0913227e-16  -1.5806667e-16  2.9554959e-16  2.9938897e-16  5.4186593e-16  -5.2483057e-16  1.0000000   -5.5609015e-17  6.3151476e-16  -4.2474815e-16  -4.5176137e-16  7.5950046e-16  1.5284894e-16  2.8756840e-16  1.3550082e-17  2.2421538e-16  -4.9614783e-16  -2.9293103e-16  -5.2534584e-16  -2.3475634e-16  1.8873074e-16  2.4784346e-16  2.8155142e-16  -3.9376950e-16  -1.0590832e-16  -6.1428842e-16  -4.9876978e-16  4.7796654e-16  -3.7459813e-16  -4.1402008e-16  4.0249281e-16  
1.3023847e-16  -4.9343607e-16  -2.3926291e-16  -5.1431000e-16  -1.5334623e-16  -3.4789057e-16  -5.5609015e-17  1.0000000   3.1983272e-16  4.0284266e-16  9.8527518e-17  -3.5866025e-16  -3.9887543e-16  8.2428739e-16  -1.3784108e-16  -2.2347697e-16  -2.5934845e-16  -2.0829166e-16  -4.4825410e-16  2.9095837e-16  -1.0507971e-16  -3.2142133e-16  -1.7248238e-16  -9.9212742e-16  9.8110030e-16  -1.8040677e-16  1.4720164e-16  1.4451599e-16  1.0133758e-15  3.8967138e-16  -6.8782277e-17  1.3023847e-16  -4.9343607e-16  -2.3926291e-16  -5.1431000e-16  -1.5334623e-16  -3.4789057e-16  -5.5609015e-17  1.0000000   3.1983272e-16  4.0284266e-16  9.8527518e-17  -3.5866025e-16  -3.9887543e-16  8.2428739e-16  -1.3784108e-16  -2.2347697e-16  -2.5934845e-16  -2.0829166e-16  -4.4825410e-16  2.9095837e-16  -1.0507971e-16  -3.2142133e-16  -1.7248238e-16  -9.9212742e-16  9.8110030e-16  -1.8040677e-16  1.4720164e-16  1.4451599e-16  1.0133758e-15  3.8967138e-16  -6.8782277e-17  
-5.8759677e-16  -1.2346522e-16  4.9942516e-16  1.4884793e-16  2.4005434e-16  -1.0020697e-15  6.3151476e-16  3.1983272e-16  1.0000000   -2.8553368e-17  1.4550756e-16  5.8988716e-16  2.1951264e-16  4.4871749e-16  -3.3298157e-16  7.5945420e-16  1.1200507e-16  1.3490881e-16  -3.2892280e-16  -6.8076394e-17  7.4164346e-16  -2.8941243e-16  8.1454700e-17  -4.7997797e-16  -4.3380817e-16  1.2653406e-15  -3.7195813e-16  -2.4432943e-16  -1.2957910e-15  -2.9803959e-16  7.3400693e-16  -5.8759677e-16  -1.2346522e-16  4.9942516e-16  1.4884793e-16  2.4005434e-16  -1.0020697e-15  6.3151476e-16  3.1983272e-16  1.0000000   -2.8553368e-17  1.4550756e-16  5.8988716e-16  2.1951264e-16  4.4871749e-16  -3.3298157e-16  7.5945420e-16  1.1200507e-16  1.3490881e-16  -3.2892280e-16  -6.8076394e-17  7.4164346e-16  -2.8941243e-16  8.1454700e-17  -4.7997797e-16  -4.3380817e-16  1.2653406e-15  -3.7195813e-16  -2.4432943e-16  -1.2957910e-15  -2.9803959e-16  7.3400693e-16  
-2.3626319e-16  4.1451875e-16  8.8181331e-17  6.7397415e-16  -9.9106912e-16  -1.4805128e-16  -4.2474815e-16  4.0284266e-16  -2.8553368e-17  1.0000000   -8.8655934e-17  -3.8778884e-16  -1.2787394e-17  -4.0363489e-16  6.9627635e-16  1.5075565e-16  3.0656120e-16  3.5682739e-16  1.4759659e-16  -1.2157791e-17  -4.8777262e-16  3.2105801e-16  -3.4815163e-16  1.4317884e-16  3.1337841e-16  -3.6285264e-17  5.4771282e-17  -3.0625456e-16  3.9069885e-16  4.0229767e-17  9.4735540e-18  -2.3626319e-16  4.1451875e-16  8.8181331e-17  6.7397415e-16  -9.9106912e-16  -1.4805128e-16  -4.2474815e-16  4.0284266e-16  -2.8553368e-17  1.0000000   -8.8655934e-17  -3.8778884e-16  -1.2787394e-17  -4.0363489e-16  6.9627635e-16  1.5075565e-16  3.0656120e-16  3.5682739e-16  1.4759659e-16  -1.2157791e-17  -4.8777262e-16  3.2105801e-16  -3.4815163e-16  1.4317884e-16  3.1337841e-16  -3.6285264e-17  5.4771282e-17  -3.0625456e-16  3.9069885e-16  4.0229767e-17  9.4735540e-18  
8.2358982e-17  -6.0053301e-17  1.2710388e-16  -1.7289563e-16  2.4755488e-16  4.1367673e-17  -4.5176137e-16  9.8527518e-17  1.4550756e-16  -8.8655934e-17  1.0000000   2.3989672e-16  1.1664006e-16  -4.3008129e-17  1.5489745e-16  2.1226620e-16  5.9599592e-16  -3.7762689e-16  -1.7842200e-16  -3.4422559e-17  -2.5353700e-16  3.5386711e-16  1.6455301e-16  2.1036516e-16  1.4391491e-16  -3.5485691e-17  2.6346238e-16  -3.1855833e-16  6.1672932e-16  4.3303517e-16  -3.2263172e-16  8.2358982e-17  -6.0053301e-17  1.2710388e-16  -1.7289563e-16  2.4755488e-16  4.1367673e-17  -4.5176137e-16  9.8527518e-17  1.4550756e-16  -8.8655934e-17  1.0000000   2.3989672e-16  1.1664006e-16  -4.3008129e-17  1.5489745e-16  2.1226620e-16  5.9599592e-16  -3.7762689e-16  -1.7842200e-16  -3.4422559e-17  -2.5353700e-16  3.5386711e-16  1.6455301e-16  2.1036516e-16  1.4391491e-16  -3.5485691e-17  2.6346238e-16  -3.1855833e-16  6.1672932e-16  4.3303517e-16  -3.2263172e-16  
2.9904996e-16  -5.5185809e-16  8.2963429e-17  2.0733838e-16  -7.9461183e-17  -4.7551084e-16  7.5950046e-16  -3.5866025e-16  5.8988716e-16  -3.8778884e-16  2.3989672e-16  1.0000000   3.2027351e-16  -9.0317720e-17  -8.0631087e-17  -6.4771490e-16  2.7674627e-16  -4.4718324e-16  -1.0935746e-16  -5.9122133e-16  -2.6615470e-16  -8.5134907e-16  -1.5363919e-16  4.5146803e-16  -3.5402336e-16  4.7644036e-16  -2.4777216e-16  1.2082720e-16  1.2282825e-16  -4.2790389e-16  -3.4258985e-16  2.9904996e-16  -5.5185809e-16  8.2963429e-17  2.0733838e-16  -7.9461183e-17  -4.7551084e-16  7.5950046e-16  -3.5866025e-16  5.8988716e-16  -3.8778884e-16  2.3989672e-16  1.0000000   3.2027351e-16  -9.0317720e-17  -8.0631087e-17  -6.4771490e-16  2.7674627e-16  -4.4718324e-16  -1.0935746e-16  -5.9122133e-16  -2.6615470e-16  -8.5134907e-16  -1.5363919e-16  4.5146803e-16  -3.5402336e-16  4.7644036e-16  -2.4777216e-16  1.2082720e-16  1.2282825e-16  -4.2790389e-16  -3.4258985e-16  
2.9425044e-16  3.2920226e-16  -7.8127030e-17  -7.6958598e-17  -1.7190202e-16  3.6730795e-16  1.5284894e-16  -3.9887543e-16  2.1951264e-16  -1.2787394e-17  1.1664006e-16  3.2027351e-16  1.0000000   4.6959194e-16  -3.3530390e-16  -9.5120285e-17  3.0142153e-16  6.3104846e-16  4.8945085e-16  9.7982535e-17  4.8682618e-16  -1.8188654e-16  3.8668740e-16  4.5639201e-17  -3.0724719e-16  -1.2344771e-16  3.5545280e-16  -6.6416359e-16  -7.4977541e-16  4.5026273e-17  -8.1359930e-17  2.9425044e-16  3.2920226e-16  -7.8127030e-17  -7.6958598e-17  -1.7190202e-16  3.6730795e-16  1.5284894e-16  -3.9887543e-16  2.1951264e-16  -1.2787394e-17  1.1664006e-16  3.2027351e-16  1.0000000   4.6959194e-16  -3.3530390e-16  -9.5120285e-17  3.0142153e-16  6.3104846e-16  4.8945085e-16  9.7982535e-17  4.8682618e-16  -1.8188654e-16  3.8668740e-16  4.5639201e-17  -3.0724719e-16  -1.2344771e-16  3.5545280e-16  -6.6416359e-16  -7.4977541e-16  4.5026273e-17  -8.1359930e-17  
-1.6857809e-18  -8.9450917e-16  1.2998051e-17  -2.8384668e-16  -5.2818341e-16  2.0433293e-16  2.8756840e-16  8.2428739e-16  4.4871749e-16  -4.0363489e-16  -4.3008129e-17  -9.0317720e-17  4.6959194e-16  1.0000000   6.5563027e-16  1.0547888e-16  3.1524373e-16  3.7943378e-16  -4.2742619e-17  2.2551213e-16  1.0851338e-16  2.4193534e-16  -2.7464773e-16  -3.6642167e-16  4.3308977e-16  -6.5781635e-16  2.2246092e-16  5.4604881e-16  -1.7820748e-16  4.1892794e-16  9.0344329e-16  -1.6857809e-18  -8.9450917e-16  1.2998051e-17  -2.8384668e-16  -5.2818341e-16  2.0433293e-16  2.8756840e-16  8.2428739e-16  4.4871749e-16  -4.0363489e-16  -4.3008129e-17  -9.0317720e-17  4.6959194e-16  1.0000000   6.5563027e-16  1.0547888e-16  3.1524373e-16  3.7943378e-16  -4.2742619e-17  2.2551213e-16  1.0851338e-16  2.4193534e-16  -2.7464773e-16  -3.6642167e-16  4.3308977e-16  -6.5781635e-16  2.2246092e-16  5.4604881e-16  -1.7820748e-16  4.1892794e-16  9.0344329e-16  
2.6834037e-16  4.6469386e-17  8.9616356e-17  -2.4194673e-18  -6.5551582e-17  3.3891526e-16  1.3550082e-17  -1.3784108e-16  -3.3298157e-16  6.9627635e-16  1.5489745e-16  -8.0631087e-17  -3.3530390e-16  6.5563027e-16  1.0000000   2.4045635e-16  -1.0780976e-19  8.9625468e-16  1.6392442e-16  -6.7600839e-16  -3.2344186e-16  -4.6351099e-16  1.1434702e-16  -6.8192934e-16  -3.1033361e-16  -8.5334655e-16  -2.9065925e-16  -1.4097905e-16  -7.8507279e-16  1.9469245e-16  -6.1413888e-16  2.6834037e-16  4.6469386e-17  8.9616356e-17  -2.4194673e-18  -6.5551582e-17  3.3891526e-16  1.3550082e-17  -1.3784108e-16  -3.3298157e-16  6.9627635e-16  1.5489745e-16  -8.0631087e-17  -3.3530390e-16  6.5563027e-16  1.0000000   2.4045635e-16  -1.0780976e-19  8.9625468e-16  1.6392442e-16  -6.7600839e-16  -3.2344186e-16  -4.6351099e-16  1.1434702e-16  -6.8192934e-16  -3.1033361e-16  -8.5334655e-16  -2.9065925e-16  -1.4097905e-16  -7.8507279e-16  1.9469245e-16  -6.1413888e-16  
7.6398726e-17  -8.1078761e-17  3.8298747e-16  -2.5571031e-16  -5.7010704e-17  1.8464377e-16  2.2421538e-16  -2.2347697e-16  7.5945420e-16  1.5075565e-16  2.1226620e-16  -6.4771490e-16  -9.5120285e-17  1.0547888e-16  2.4045635e-16  1.0000000   -1.0013969e-16  -2.2502510e-16  -1.0434519e-18  3.9957925e-16  2.8788187e-16  2.5779143e-16  3.3862587e-16  -1.5297854e-16  -3.9574806e-16  -3.7742887e-16  3.7955577e-16  4.1727659e-16  -4.1154461e-16  1.6159616e-16  1.6962418e-16  7.6398726e-17  -8.1078761e-17  3.8298747e-16  -2.5571031e-16  -5.7010704e-17  1.8464377e-16  2.2421538e-16  -2.2347697e-16  7.5945420e-16  1.5075565e-16  2.1226620e-16  -6.4771490e-16  -9.5120285e-17  1.0547888e-16  2.4045635e-16  1.0000000   -1.0013969e-16  -2.2502510e-16  -1.0434519e-18  3.9957925e-16  2.8788187e-16  2.5779143e-16  3.3862587e-16  -1.5297854e-16  -3.9574806e-16  -3.7742887e-16  3.7955577e-16  4.1727659e-16  -4.1154461e-16  1.6159616e-16  1.6962418e-16  
-5.9314145e-16  8.8858196e-17  -3.1296052e-16  3.3401261e-16  -4.3966927e-17  6.1707286e-16  -4.9614783e-16  -2.5934845e-16  1.1200507e-16  3.0656120e-16  5.9599592e-16  2.7674627e-16  3.0142153e-16  3.1524373e-16  -1.0780976e-19  -1.0013969e-16  1.0000000   6.0875812e-16  6.4323256e-16  2.2908734e-16  2.5334416e-16  -2.5448637e-16  1.5653482e-16  1.5450068e-16  3.0175493e-16  -3.1604309e-16  3.1908201e-16  -3.5859120e-16  4.2066009e-16  1.3011694e-16  8.1135291e-17  -5.9314145e-16  8.8858196e-17  -3.1296052e-16  3.3401261e-16  -4.3966927e-17  6.1707286e-16  -4.9614783e-16  -2.5934845e-16  1.1200507e-16  3.0656120e-16  5.9599592e-16  2.7674627e-16  3.0142153e-16  3.1524373e-16  -1.0780976e-19  -1.0013969e-16  1.0000000   6.0875812e-16  6.4323256e-16  2.2908734e-16  2.5334416e-16  -2.5448637e-16  1.5653482e-16  1.5450068e-16  3.0175493e-16  -3.1604309e-16  3.1908201e-16  -3.5859120e-16  4.2066009e-16  1.3011694e-16  8.1135291e-17  
3.9455709e-16  7.6323755e-16  2.2302192e-16  -4.7916465e-16  -3.5581938e-16  -1.7873729e-16  -2.9293103e-16  -2.0829166e-16  1.3490881e-16  3.5682739e-16  -3.7762689e-16  -4.4718324e-16  6.3104846e-16  3.7943378e-16  8.9625468e-16  -2.2502510e-16  6.0875812e-16  1.0000000   1.9082594e-16  -2.7167892e-16  3.5392804e-16  3.1185443e-16  -6.0797633e-17  2.8847770e-16  -2.3434295e-16  -2.5004705e-16  -2.7794051e-17  2.9377051e-16  -5.2685507e-16  1.2484174e-16  -4.9579304e-16  3.9455709e-16  7.6323755e-16  2.2302192e-16  -4.7916465e-16  -3.5581938e-16  -1.7873729e-16  -2.9293103e-16  -2.0829166e-16  1.3490881e-16  3.5682739e-16  -3.7762689e-16  -4.4718324e-16  6.3104846e-16  3.7943378e-16  8.9625468e-16  -2.2502510e-16  6.0875812e-16  1.0000000   1.9082594e-16  -2.7167892e-16  3.5392804e-16  3.1185443e-16  -6.0797633e-17  2.8847770e-16  -2.3434295e-16  -2.5004705e-16  -2.7794051e-17  2.9377051e-16  -5.2685507e-16  1.2484174e-16  -4.9579304e-16  
2.6151544e-16  8.0966645e-16  6.2440805e-16  -2.7311417e-16  1.5098244e-16  4.3892194e-16  -5.2534584e-16  -4.4825410e-16  -3.2892280e-16  1.4759659e-16  -1.7842200e-16  -1.0935746e-16  4.8945085e-16  -4.2742619e-17  1.6392442e-16  -1.0434519e-18  6.4323256e-16  1.9082594e-16  1.0000000   3.2648245e-16  4.5433924e-17  -1.3633568e-16  6.8525856e-16  -2.1123053e-16  2.2691769e-16  5.3601464e-16  4.2902582e-16  -4.9808552e-16  2.0104455e-16  -1.9222254e-16  -3.1473655e-16  2.6151544e-16  8.0966645e-16  6.2440805e-16  -2.7311417e-16  1.5098244e-16  4.3892194e-16  -5.2534584e-16  -4.4825410e-16  -3.2892280e-16  1.4759659e-16  -1.7842200e-16  -1.0935746e-16  4.8945085e-16  -4.2742619e-17  1.6392442e-16  -1.0434519e-18  6.4323256e-16  1.9082594e-16  1.0000000   3.2648245e-16  4.5433924e-17  -1.3633568e-16  6.8525856e-16  -2.1123053e-16  2.2691769e-16  5.3601464e-16  4.2902582e-16  -4.9808552e-16  2.0104455e-16  -1.9222254e-16  -3.1473655e-16  
6.2203281e-17  4.1204026e-16  -2.6732036e-16  -2.3186325e-16  -1.2602494e-16  -4.0661294e-16  -2.3475634e-16  2.9095837e-16  -6.8076394e-17  -1.2157791e-17  -3.4422559e-17  -5.9122133e-16  9.7982535e-17  2.2551213e-16  -6.7600839e-16  3.9957925e-16  2.2908734e-16  -2.7167892e-16  3.2648245e-16  1.0000000   6.1032919e-17  -3.1828237e-16  -4.2619836e-16  -3.9477410e-16  1.9842904e-16  4.6379421e-18  5.9144373e-16  1.5430992e-16  3.5650265e-16  2.6019495e-16  3.6579117e-16  6.2203281e-17  4.1204026e-16  -2.6732036e-16  -2.3186325e-16  -1.2602494e-16  -4.0661294e-16  -2.3475634e-16  2.9095837e-16  -6.8076394e-17  -1.2157791e-17  -3.4422559e-17  -5.9122133e-16  9.7982535e-17  2.2551213e-16  -6.7600839e-16  3.9957925e-16  2.2908734e-16  -2.7167892e-16  3.2648245e-16  1.0000000   6.1032919e-17  -3.1828237e-16  -4.2619836e-16  -3.9477410e-16  1.9842904e-16  4.6379421e-18  5.9144373e-16  1.5430992e-16  3.5650265e-16  2.6019495e-16  3.6579117e-16  
1.6320674e-16  -6.3366112e-16  -7.6974673e-16  1.3013125e-16  -6.7226035e-16  -3.6730309e-17  1.8873074e-16  -1.0507971e-16  7.4164346e-16  -4.8777262e-16  -2.5353700e-16  -2.6615470e-16  4.8682618e-16  1.0851338e-16  -3.2344186e-16  2.8788187e-16  2.5334416e-16  3.5392804e-16  4.5433924e-17  6.1032919e-17  1.0000000   5.7487606e-17  2.8580477e-16  2.3603142e-16  -1.0599678e-16  -1.3887494e-16  -4.8206978e-17  -2.0538953e-16  1.3533743e-16  4.0029352e-16  -2.9818500e-16  1.6320674e-16  -6.3366112e-16  -7.6974673e-16  1.3013125e-16  -6.7226035e-16  -3.6730309e-17  1.8873074e-16  -1.0507971e-16  7.4164346e-16  -4.8777262e-16  -2.5353700e-16  -2.6615470e-16  4.8682618e-16  1.0851338e-16  -3.2344186e-16  2.8788187e-16  2.5334416e-16  3.5392804e-16  4.5433924e-17  6.1032919e-17  1.0000000   5.7487606e-17  2.8580477e-16  2.3603142e-16  -1.0599678e-16  -1.3887494e-16  -4.8206978e-17  -2.0538953e-16  1.3533743e-16  4.0029352e-16  -2.9818500e-16  
-1.3888666e-16  -2.6699281e-16  3.1459567e-16  -1.8760602e-16  -3.9850915e-17  5.6344022e-16  2.4784346e-16  -3.2142133e-16  -2.8941243e-16  3.2105801e-16  3.5386711e-16  -8.5134907e-16  -1.8188654e-16  2.4193534e-16  -4.6351099e-16  2.5779143e-16  -2.5448637e-16  3.1185443e-16  -1.3633568e-16  -3.1828237e-16  5.7487606e-17  1.0000000   -2.3286864e-16  -3.1149367e-16  2.1241527e-16  9.8693000e-17  3.9767258e-16  -1.2212699e-16  4.1688685e-16  -3.4282245e-16  -2.5903846e-17  -1.3888666e-16  -2.6699281e-16  3.1459567e-16  -1.8760602e-16  -3.9850915e-17  5.6344022e-16  2.4784346e-16  -3.2142133e-16  -2.8941243e-16  3.2105801e-16  3.5386711e-16  -8.5134907e-16  -1.8188654e-16  2.4193534e-16  -4.6351099e-16  2.5779143e-16  -2.5448637e-16  3.1185443e-16  -1.3633568e-16  -3.1828237e-16  5.7487606e-17  1.0000000   -2.3286864e-16  -3.1149367e-16  2.1241527e-16  9.8693000e-17  3.9767258e-16  -1.2212699e-16  4.1688685e-16  -3.4282245e-16  -2.5903846e-17  
-4.7699819e-16  2.2493304e-17  -8.6217653e-16  -3.9615968e-16  -2.2641925e-16  -1.5319888e-16  2.8155142e-16  -1.7248238e-16  8.1454700e-17  -3.4815163e-16  1.6455301e-16  -1.5363919e-16  3.8668740e-16  -2.7464773e-16  1.1434702e-16  3.3862587e-16  1.5653482e-16  -6.0797633e-17  6.8525856e-16  -4.2619836e-16  2.8580477e-16  -2.3286864e-16  1.0000000   -2.0351570e-16  6.5043643e-17  1.7346754e-16  5.1010534e-16  2.8111834e-16  9.8712844e-17  -3.2124591e-17  -4.1030722e-16  -4.7699819e-16  2.2493304e-17  -8.6217653e-16  -3.9615968e-16  -2.2641925e-16  -1.5319888e-16  2.8155142e-16  -1.7248238e-16  8.1454700e-17  -3.4815163e-16  1.6455301e-16  -1.5363919e-16  3.8668740e-16  -2.7464773e-16  1.1434702e-16  3.3862587e-16  1.5653482e-16  -6.0797633e-17  6.8525856e-16  -4.2619836e-16  2.8580477e-16  -2.3286864e-16  1.0000000   -2.0351570e-16  6.5043643e-17  1.7346754e-16  5.1010534e-16  2.8111834e-16  9.8712844e-17  -3.2124591e-17  -4.1030722e-16  
6.5609665e-17  -2.7520874e-16  2.5677513e-16  -3.0302489e-16  -2.2745840e-16  7.6889216e-16  -3.9376950e-16  -9.9212742e-16  -4.7997797e-16  1.4317884e-16  2.1036516e-16  4.5146803e-16  4.5639201e-17  -3.6642167e-16  -6.8192934e-16  -1.5297854e-16  1.5450068e-16  2.8847770e-16  -2.1123053e-16  -3.9477410e-16  2.3603142e-16  -3.1149367e-16  -2.0351570e-16  1.0000000   -3.6753625e-16  1.2311786e-17  1.3875009e-16  -3.9663444e-16  -7.2856618e-16  7.2342705e-16  8.1009853e-16  6.5609665e-17  -2.7520874e-16  2.5677513e-16  -3.0302489e-16  -2.2745840e-16  7.6889216e-16  -3.9376950e-16  -9.9212742e-16  -4.7997797e-16  1.4317884e-16  2.1036516e-16  4.5146803e-16  4.5639201e-17  -3.6642167e-16  -6.8192934e-16  -1.5297854e-16  1.5450068e-16  2.8847770e-16  -2.1123053e-16  -3.9477410e-16  2.3603142e-16  -3.1149367e-16  -2.0351570e-16  1.0000000   -3.6753625e-16  1.2311786e-17  1.3875009e-16  -3.9663444e-16  -7.2856618e-16  7.2342705e-16  8.1009853e-16  
3.0192266e-16  3.4514807e-16  -3.0710103e-16  4.4619303e-16  5.9061560e-17  -7.1135882e-17  -1.0590832e-16  9.8110030e-16  -4.3380817e-16  3.1337841e-16  1.4391491e-16  -3.5402336e-16  -3.0724719e-16  4.3308977e-16  -3.1033361e-16  -3.9574806e-16  3.0175493e-16  -2.3434295e-16  2.2691769e-16  1.9842904e-16  -1.0599678e-16  2.1241527e-16  6.5043643e-17  -3.6753625e-16  1.0000000   -4.3649509e-16  2.4389617e-16  6.3248169e-16  -5.5690753e-16  3.7726384e-16  3.5590578e-16  3.0192266e-16  3.4514807e-16  -3.0710103e-16  4.4619303e-16  5.9061560e-17  -7.1135882e-17  -1.0590832e-16  9.8110030e-16  -4.3380817e-16  3.1337841e-16  1.4391491e-16  -3.5402336e-16  -3.0724719e-16  4.3308977e-16  -3.1033361e-16  -3.9574806e-16  3.0175493e-16  -2.3434295e-16  2.2691769e-16  1.9842904e-16  -1.0599678e-16  2.1241527e-16  6.5043643e-17  -3.6753625e-16  1.0000000   -4.3649509e-16  2.4389617e-16  6.3248169e-16  -5.5690753e-16  3.7726384e-16  3.5590578e-16  
2.2725685e-16  -6.9956736e-16  -2.7582813e-16  -2.5374191e-16  4.3433557e-16  7.3040959e-16  -6.1428842e-16  -1.8040677e-16  1.2653406e-15  -3.6285264e-17  -3.5485691e-17  4.7644036e-16  -1.2344771e-16  -6.5781635e-16  -8.5334655e-16  -3.7742887e-16  -3.1604309e-16  -2.5004705e-16  5.3601464e-16  4.6379421e-18  -1.3887494e-16  9.8693000e-17  1.7346754e-16  1.2311786e-17  -4.3649509e-16  1.0000000   -3.8761131e-16  -4.9398534e-16  -4.0681046e-16  5.0156401e-17  -1.1115239e-16  2.2725685e-16  -6.9956736e-16  -2.7582813e-16  -2.5374191e-16  4.3433557e-16  7.3040959e-16  -6.1428842e-16  -1.8040677e-16  1.2653406e-15  -3.6285264e-17  -3.5485691e-17  4.7644036e-16  -1.2344771e-16  -6.5781635e-16  -8.5334655e-16  -3.7742887e-16  -3.1604309e-16  -2.5004705e-16  5.3601464e-16  4.6379421e-18  -1.3887494e-16  9.8693000e-17  1.7346754e-16  1.2311786e-17  -4.3649509e-16  1.0000000   -3.8761131e-16  -4.9398534e-16  -4.0681046e-16  5.0156401e-17  -1.1115239e-16  
4.3668846e-16  1.4166788e-16  7.9364568e-17  8.8901547e-17  -3.4966197e-16  8.1245052e-17  -4.9876978e-16  1.4720164e-16  -3.7195813e-16  5.4771282e-17  2.6346238e-16  -2.4777216e-16  3.5545280e-16  2.2246092e-16  -2.9065925e-16  3.7955577e-16  3.1908201e-16  -2.7794051e-17  4.2902582e-16  5.9144373e-16  -4.8206978e-17  3.9767258e-16  5.1010534e-16  1.3875009e-16  2.4389617e-16  -3.8761131e-16  1.0000000   -9.1278704e-16  7.4755675e-16  -4.2318318e-16  -3.1241056e-16  4.3668846e-16  1.4166788e-16  7.9364568e-17  8.8901547e-17  -3.4966197e-16  8.1245052e-17  -4.9876978e-16  1.4720164e-16  -3.7195813e-16  5.4771282e-17  2.6346238e-16  -2.4777216e-16  3.5545280e-16  2.2246092e-16  -2.9065925e-16  3.7955577e-16  3.1908201e-16  -2.7794051e-17  4.2902582e-16  5.9144373e-16  -4.8206978e-17  3.9767258e-16  5.1010534e-16  1.3875009e-16  2.4389617e-16  -3.8761131e-16  1.0000000   -9.1278704e-16  7.4755675e-16  -4.2318318e-16  -3.1241056e-16  
4.3530808e-16  3.8054081e-16  9.4890294e-16  6.9976742e-16  -2.4620492e-16  5.7282189e-16  4.7796654e-16  1.4451599e-16  -2.4432943e-16  -3.0625456e-16  -3.1855833e-16  1.2082720e-16  -6.6416359e-16  5.4604881e-16  -1.4097905e-16  4.1727659e-16  -3.5859120e-16  2.9377051e-16  -4.9808552e-16  1.5430992e-16  -2.0538953e-16  -1.2212699e-16  2.8111834e-16  -3.9663444e-16  6.3248169e-16  -4.9398534e-16  -9.1278704e-16  1.0000000   -1.0446601e-15  -1.0137067e-16  -3.0914929e-16  4.3530808e-16  3.8054081e-16  9.4890294e-16  6.9976742e-16  -2.4620492e-16  5.7282189e-16  4.7796654e-16  1.4451599e-16  -2.4432943e-16  -3.0625456e-16  -3.1855833e-16  1.2082720e-16  -6.6416359e-16  5.4604881e-16  -1.4097905e-16  4.1727659e-16  -3.5859120e-16  2.9377051e-16  -4.9808552e-16  1.5430992e-16  -2.0538953e-16  -1.2212699e-16  2.8111834e-16  -3.9663444e-16  6.3248169e-16  -4.9398534e-16  -9.1278704e-16  1.0000000   -1.0446601e-15  -1.0137067e-16  -3.0914929e-16  
-3.0132938e-16  5.6075075e-16  1.1494720e-17  -1.1791944e-16  -2.4806214e-16  -1.3616023e-16  -3.7459813e-16  1.0133758e-15  -1.2957910e-15  3.9069885e-16  6.1672932e-16  1.2282825e-16  -7.4977541e-16  -1.7820748e-16  -7.8507279e-16  -4.1154461e-16  4.2066009e-16  -5.2685507e-16  2.0104455e-16  3.5650265e-16  1.3533743e-16  4.1688685e-16  9.8712844e-17  -7.2856618e-16  -5.5690753e-16  -4.0681046e-16  7.4755675e-16  -1.0446601e-15  1.0000000   -4.4011284e-16  -1.6991476e-16  -3.0132938e-16  5.6075075e-16  1.1494720e-17  -1.1791944e-16  -2.4806214e-16  -1.3616023e-16  -3.7459813e-16  1.0133758e-15  -1.2957910e-15  3.9069885e-16  6.1672932e-16  1.2282825e-16  -7.4977541e-16  -1.7820748e-16  -7.8507279e-16  -4.1154461e-16  4.2066009e-16  -5.2685507e-16  2.0104455e-16  3.5650265e-16  1.3533743e-16  4.1688685e-16  9.8712844e-17  -7.2856618e-16  -5.5690753e-16  -4.0681046e-16  7.4755675e-16  -1.0446601e-15  1.0000000   -4.4011284e-16  -1.6991476e-16  
-4.2046198e-16  -4.4944706e-17  -1.2661368e-16  -2.3823605e-16  -5.8121882e-16  2.5601476e-16  -4.1402008e-16  3.8967138e-16  -2.9803959e-16  4.0229767e-17  4.3303517e-16  -4.2790389e-16  4.5026273e-17  4.1892794e-16  1.9469245e-16  1.6159616e-16  1.3011694e-16  1.2484174e-16  -1.9222254e-16  2.6019495e-16  4.0029352e-16  -3.4282245e-16  -3.2124591e-17  7.2342705e-16  3.7726384e-16  5.0156401e-17  -4.2318318e-16  -1.0137067e-16  -4.4011284e-16  1.0000000   -2.0646276e-16  -4.2046198e-16  -4.4944706e-17  -1.2661368e-16  -2.3823605e-16  -5.8121882e-16  2.5601476e-16  -4.1402008e-16  3.8967138e-16  -2.9803959e-16  4.0229767e-17  4.3303517e-16  -4.2790389e-16  4.5026273e-17  4.1892794e-16  1.9469245e-16  1.6159616e-16  1.3011694e-16  1.2484174e-16  -1.9222254e-16  2.6019495e-16  4.0029352e-16  -3.4282245e-16  -3.2124591e-17  7.2342705e-16  3.7726384e-16  5.0156401e-17  -4.2318318e-16  -1.0137067e-16  -4.4011284e-16  1.0000000   -2.0646276e-16  
1.3443559e-16  -7.8446116e-16  -3.7618993e-16  5.5876092e-16  8.7151915e-18  1.2768216e-16  4.0249281e-16  -6.8782277e-17  7.3400693e-16  9.4735540e-18  -3.2263172e-16  -3.4258985e-16  -8.1359930e-17  9.0344329e-16  -6.1413888e-16  1.6962418e-16  8.1135291e-17  -4.9579304e-16  -3.1473655e-16  3.6579117e-16  -2.9818500e-16  -2.5903846e-17  -4.1030722e-16  8.1009853e-16  3.5590578e-16  -1.1115239e-16  -3.1241056e-16  -3.0914929e-16  -1.6991476e-16  -2.0646276e-16  1.0000000   1.3443559e-16  -7.8446116e-16  -3.7618993e-16  5.5876092e-16  8.7151915e-18  1.2768216e-16  4.0249281e-16  -6.8782277e-17  7.3400693e-16  9.4735540e-18  -3.2263172e-16  -3.4258985e-16  -8.1359930e-17  9.0344329e-16  -6.1413888e-16  1.6962418e-16  8.1135291e-17  -4.9579304e-16  -3.1473655e-16  3.6579117e-16  -2.9818500e-16  -2.5903846e-17  -4.1030722e-16  8.1009853e-16  3.5590578e-16  -1.1115239e-16  -3.1241056e-16  -3.0914929e-16  -1.6991476e-16  -2.0646276e-16  1.0000000   
1.0000000   2.3266961e-16  5.4710884e-17  -7.0875447e-16  -4.6919939e-16  -2.9949821e-17  -5.0913227e-16  1.3023847e-16  -5.8759677e-16  -2.3626319e-16  8.2358982e-17  2.9904996e-16  2.9425044e-16  -1.6857809e-18  2.6834037e-16  7.6398726e-17  -5.9314145e-16  3.9455709e-16  2.6151544e-16  6.2203281e-17  1.6320674e-16  -1.3888666e-16  -4.7699819e-16  6.5609665e-17  3.0192266e-16  2.2725685e-16  4.3668846e-16  4.3530808e-16  -3.0132938e-16  -4.2046198e-16  1.3443559e-16  1.0000000   2.3266961e-16  5.4710884e-17  -7.0875447e-16  -4.6919939e-16  -2.9949821e-17  -5.0913227e-16  1.3023847e-16  -5.8759677e-16  -2.3626319e-16  8.2358982e-17  2.9904996e-16  2.9425044e-16  -1.6857809e-18  2.6834037e-16  7.6398726e-17  -5.9314145e-16  3.9455709e-16  2.6151544e-16  6.2203281e-17  1.6320674e-16  -1.3888666e-16  -4.7699819e-16  6.5609665e-17  3.0192266e-16  2.2725685e-16  4.3668846e-16  4.3530808e-16  -3.0132938e-16  -4.2046198e-16  1.3443559e-16  
2.3266961e-16  1.0000000   -5.0358783e-16  -5.7845147e-16  -3.9329462e-17  3.4951048e-16  -1.5806667e-16  -4.9343607e-16  -1.2346522e-16  4.1451875e-16  -6.0053301e-17  -5.5185809e-16  3.2920226e-16  -8.9450917e-16  4.6469386e-17  -8.1078761e-17  8.8858196e-17  7.6323755e-16  8.0966645e-16  4.1204026e-16  -6.3366112e-16  -2.6699281e-16  2.2493304e-17  -2.7520874e-16  3.4514807e-16  -6.9956736e-16  1.4166788e-16  3.8054081e-16  5.6075075e-16  -4.4944706e-17  -7.8446116e-16  2.3266961e-16  1.0000000   -5.0358783e-16  -5.7845147e-16  -3.9329462e-17  3.4951048e-16  -1.5806667e-16  -4.9343607e-16  -1.2346522e-16  4.1451875e-16  -6.0053301e-17  -5.5185809e-16  3.2920226e-16  -8.9450917e-16  4.6469386e-17  -8.1078761e-17  8.8858196e-17  7.6323755e-16  8.0966645e-16  4.1204026e-16  -6.3366112e-16  -2.6699281e-16  2.2493304e-17  -2.7520874e-16  3.4514807e-16  -6.9956736e-16  1.4166788e-16  3.8054081e-16  5.6075075e-16  -4.4944706e-17  -7.8446116e-16  
5.4710884e-17  -5.0358783e-16  1.0000000   2.0566308e-16  -9.3646103e-17  -5.9665438e-16  2.9554959e-16  -2.3926291e-16  4.9942516e-16  8.8181331e-17  1.2710388e-16  8.2963429e-17  -7.8127030e-17  1.2998051e-17  8.9616356e-17  3.8298747e-16  -3.1296052e-16  2.2302192e-16  6.2440805e-16  -2.6732036e-16  -7.6974673e-16  3.1459567e-16  -8.6217653e-16  2.5677513e-16  -3.0710103e-16  -2.7582813e-16  7.9364568e-17  9.4890294e-16  1.1494720e-17  -1.2661368e-16  -3.7618993e-16  5.4710884e-17  -5.0358783e-16  1.0000000   2.0566308e-16  -9.3646103e-17  -5.9665438e-16  2.9554959e-16  -2.3926291e-16  4.9942516e-16  8.8181331e-17  1.2710388e-16  8.2963429e-17  -7.8127030e-17  1.2998051e-17  8.9616356e-17  3.8298747e-16  -3.1296052e-16  2.2302192e-16  6.2440805e-16  -2.6732036e-16  -7.6974673e-16  3.1459567e-16  -8.6217653e-16  2.5677513e-16  -3.0710103e-16  -2.7582813e-16  7.9364568e-17  9.4890294e-16  1.1494720e-17  -1.2661368e-16  -3.7618993e-16  
-7.0875447e-16  -5.7845147e-16  2.0566308e-16  1.0000000   -1.6744989e-16  -6.0217733e-16  2.9938897e-16  -5.1431000e-16  1.4884793e-16  6.7397415e-16  -1.7289563e-16  2.0733838e-16  -7.6958598e-17  -2.8384668e-16  -2.4194673e-18  -2.5571031e-16  3.3401261e-16  -4.7916465e-16  -2.7311417e-16  -2.3186325e-16  1.3013125e-16  -1.8760602e-16  -3.9615968e-16  -3.0302489e-16  4.4619303e-16  -2.5374191e-16  8.8901547e-17  6.9976742e-16  -1.1791944e-16  -2.3823605e-16  5.5876092e-16  -7.0875447e-16  -5.7845147e-16  2.0566308e-16  1.0000000   -1.6744989e-16  -6.0217733e-16  2.9938897e-16  -5.1431000e-16  1.4884793e-16  6.7397415e-16  -1.7289563e-16  2.0733838e-16  -7.6958598e-17  -2.8384668e-16  -2.4194673e-18  -2.5571031e-16  3.3401261e-16  -4.7916465e-16  -2.7311417e-16  -2.3186325e-16  1.3013125e-16  -1.8760602e-16  -3.9615968e-16  -3.0302489e-16  4.4619303e-16  -2.5374191e-16  8.8901547e-17  6.9976742e-16  -1.1791944e-16  -2.3823605e-16  5.5876092e-16  
-4.6919939e-16  -3.9329462e-17  -9.3646103e-17  -1.6744989e-16  1.0000000   4.2071487e-16  5.4186593e-16  -1.5334623e-16  2.4005434e-16  -9.9106912e-16  2.4755488e-16  -7.9461183e-17  -1.7190202e-16  -5.2818341e-16  -6.5551582e-17  -5.7010704e-17  -4.3966927e-17  -3.5581938e-16  1.5098244e-16  -1.2602494e-16  -6.7226035e-16  -3.9850915e-17  -2.2641925e-16  -2.2745840e-16  5.9061560e-17  4.3433557e-16  -3.4966197e-16  -2.4620492e-16  -2.4806214e-16  -5.8121882e-16  8.7151915e-18  -4.6919939e-16  -3.9329462e-17  -9.3646103e-17  -1.6744989e-16  1.0000000   4.2071487e-16  5.4186593e-16  -1.5334623e-16  2.4005434e-16  -9.9106912e-16  2.4755488e-16  -7.9461183e-17  -1.7190202e-16  -5.2818341e-16  -6.5551582e-17  -5.7010704e-17  -4.3966927e-17  -3.5581938e-16  1.5098244e-16  -1.2602494e-16  -6.7226035e-16  -3.9850915e-17  -2.2641925e-16  -2.2745840e-16  5.9061560e-17  4.3433557e-16  -3.4966197e-16  -2.4620492e-16  -2.4806214e-16  -5.8121882e-16  8.7151915e-18  
-2.9949821e-17  3.4951048e-16  -5.9665438e-16  -6.0217733e-16  4.2071487e-16  1.0000000   -5.2483057e-16  -3.4789057e-16  -1.0020697e-15  -1.4805128e-16  4.1367673e-17  -4.7551084e-16  3.6730795e-16  2.0433293e-16  3.3891526e-16  1.8464377e-16  6.1707286e-16  -1.7873729e-16  4.3892194e-16  -4.0661294e-16  -3.6730309e-17  5.6344022e-16  -1.5319888e-16  7.6889216e-16  -7.1135882e-17  7.3040959e-16  8.1245052e-17  5.7282189e-16  -1.3616023e-16  2.5601476e-16  1.2768216e-16  -2.9949821e-17  3.4951048e-16  -5.9665438e-16  -6.0217733e-16  4.2071487e-16  1.0000000   -5.2483057e-16  -3.4789057e-16  -1.0020697e-15  -1.4805128e-16  4.1367673e-17  -4.7551084e-16  3.6730795e-16  2.0433293e-16  3.3891526e-16  1.8464377e-16  6.1707286e-16  -1.7873729e-16  4.3892194e-16  -4.0661294e-16  -3.6730309e-17  5.6344022e-16  -1.5319888e-16  7.6889216e-16  -7.1135882e-17  7.3040959e-16  8.1245052e-17  5.7282189e-16  -1.3616023e-16  2.5601476e-16  1.2768216e-16  
-5.0913227e-16  -1.5806667e-16  2.9554959e-16  2.9938897e-16  5.4186593e-16  -5.2483057e-16  1.0000000   -5.5609015e-17  6.3151476e-16  -4.2474815e-16  -4.5176137e-16  7.5950046e-16  1.5284894e-16  2.8756840e-16  1.3550082e-17  2.2421538e-16  -4.9614783e-16  -2.9293103e-16  -5.2534584e-16  -2.3475634e-16  1.8873074e-16  2.4784346e-16  2.8155142e-16  -3.9376950e-16  -1.0590832e-16  -6.1428842e-16  -4.9876978e-16  4.7796654e-16  -3.7459813e-16  -4.1402008e-16  4.0249281e-16  -5.0913227e-16  -1.5806667e-16  2.9554959e-16  2.9938897e-16  5.4186593e-16  -5.2483057e-16  1.0000000   -5.5609015e-17  6.3151476e-16  -4.2474815e-16  -4.5176137e-16  7.5950046e-16  1.5284894e-16  2.8756840e-16  1.3550082e-17  2.2421538e-16  -4.9614783e-16  -2.9293103e-16  -5.2534584e-16  -2.3475634e-16  1.8873074e-16  2.4784346e-16  2.8155142e-16  -3.9376950e-16  -1.0590832e-16  -6.1428842e-16  -4.9876978e-16  4.7796654e-16  -3.7459813e-16  -4.1402008e-16  4.0249281e-16  
1.3023847e-16  -4.9343607e-16  -2.3926291e-16  -5.1431000e-16  -1.5334623e-16  -3.4789057e-16  -5.5609015e-17  1.0000000   3.1983272e-16  4.0284266e-16  9.8527518e-17  -3.5866025e-16  -3.9887543e-16  8.2428739e-16  -1.3784108e-16  -2.2347697e-16  -2.5934845e-16  -2.0829166e-16  -4.4825410e-16  2.9095837e-16  -1.0507971e-16  -3.2142133e-16  -1.7248238e-16  -9.9212742e-16  9.8110030e-16  -1.8040677e-16  1.4720164e-16  1.4451599e-16  1.0133758e-15  3.8967138e-16  -6.8782277e-17  1.3023847e-16  -4.9343607e-16  -2.3926291e-16  -5.1431000e-16  -1.5334623e-16  -3.4789057e-16  -5.5609015e-17  1.0000000   3.1983272e-16  4.0284266e-16  9.8527518e-17  -3.5866025e-16  -3.9887543e-16  8.2428739e-16  -1.3784108e-16  -2.2347697e-16  -2.5934845e-16  -2.0829166e-16  -4.4825410e-16  2.9095837e-16  -1.0507971e-16  -3.2142133e-16  -1.7248238e-16  -9.9212742e-16  9.8110030e-16  -1.8040677e-16  1.4720164e-16  1.4451599e-16  1.0133758e-15  3.8967138e-16  -6.8782277e-17  
-5.8759677e-16  -1.2346522e-16  4.9942516e-16  1.4884793e-16  2.4005434e-16  -1.0020697e-15  6.3151476e-16  3.1983272e-16  1.0000000   -2.8553368e-17  1.4550756e-16  5.8988716e-16  2.1951264e-16  4.4871749e-16  -3.3298157e-16  7.5945420e-16  1.1200507e-16  1.3490881e-16  -3.2892280e-16  -6.8076394e-17  7.4164346e-16  -2.8941243e-16  8.1454700e-17  -4.7997797e-16  -4.3380817e-16  1.2653406e-15  -3.7195813e-16  -2.4432943e-16  -1.2957910e-15  -2.9803959e-16  7.3400693e-16  -5.8759677e-16  -1.2346522e-16  4.9942516e-16  1.4884793e-16  2.4005434e-16  -1.0020697e-15  6.3151476e-16  3.1983272e-16  1.0000000   -2.8553368e-17  1.4550756e-16  5.8988716e-16  2.1951264e-16  4.4871749e-16  -3.3298157e-16  7.5945420e-16  1.1200507e-16  1.3490881e-16  -3.2892280e-16  -6.8076394e-17  7.4164346e-16  -2.8941243e-16  8.1454700e-17  -4.7997797e-16  -4.3380817e-16  1.2653406e-15  -3.7195813e-16  -2.4432943e-16  -1.2957910e-15  -2.9803959e-16  7.3400693e-16  
-2.3626319e-16  4.1451875e-16  8.8181331e-17  6.7397415e-16  -9.9106912e-16  -1.4805128e-16  -4.2474815e-16  4.0284266e-16  -2.8553368e-17  1.0000000   -8.8655934e-17  -3.8778884e-16  -1.2787394e-17  -4.0363489e-16  6.9627635e-16  1.5075565e-16  3.0656120e-16  3.5682739e-16  1.4759659e-16  -1.2157791e-17  -4.8777262e-16  3.2105801e-16  -3.4815163e-16  1.4317884e-16  3.1337841e-16  -3.6285264e-17  5.4771282e-17  -3.0625456e-16  3.9069885e-16  4.0229767e-17  9.4735540e-18  -2.3626319e-16  4.1451875e-16  8.8181331e-17  6.7397415e-16  -9.9106912e-16  -1.4805128e-16  -4.2474815e-16  4.0284266e-16  -2.8553368e-17  1.0000000   -8.8655934e-17  -3.8778884e-16  -1.2787394e-17  -4.0363489e-16  6.9627635e-16  1.5075565e-16  3.0656120e-16  3.5682739e-16  1.4759659e-16  -1.2157791e-17  -4.8777262e-16  3.2105801e-16  -3.4815163e-16  1.4317884e-16  3.1337841e-16  -3.6285264e-17  5.4771282e-17  -3.0625456e-16  3.9069885e-16  4.0229767e-17  9.4735540e-18  
