1.0000000   1.4070688e-16  2.7419964e-16  4.2713652e-16  8.8714886e-17  -4.0325597e-16  -2.9785768e-16  3.6574572e-16  3.5814414e-16  -8.3852664e-16  1.8956005e-16  1.4856858e-16  -1.3802507e-16  -1.0404407e-15  -2.0680503e-16  2.6138626e-16  4.8363482e-16  3.9504353e-17  -3.9773842e-16  5.2588485e-16  -1.2333287e-16  -7.2907650e-17  -9.6957998e-16  3.8583047e-16  -3.1272475e-16  3.8222107e-17  -7.6025082e-16  4.6062667e-16  6.9887487e-17  1.2600365e-15  6.5574292e-16  1.0000000   1.4070688e-16  2.7419964e-16  4.2713652e-16  8.8714886e-17  -4.0325597e-16  -2.9785768e-16  3.6574572e-16  3.5814414e-16  -8.3852664e-16  1.8956005e-16  1.4856858e-16  -1.3802507e-16  -1.0404407e-15  -2.0680503e-16  2.6138626e-16  4.8363482e-16  3.9504353e-17  -3.9773842e-16  5.2588485e-16  -1.2333287e-16  -7.2907650e-17  -9.6957998e-16  3.8583047e-16  -3.1272475e-16  3.8222107e-17  -7.6025082e-16  4.6062667e-16  6.9887487e-17  1.2600365e-15  6.5574292e-16  
1.4070688e-16  1.0000000   6.3850758e-16  8.8833509e-16  -7.1359807e-16  4.9346024e-16  -6.7883950e-16  -6.2112936e-17  -1.6874120e-16  -9.0178271e-18  -2.4644397e-16  -4.4697627e-16  6.8605740e-16  1.5951215e-15  -1.4508913e-15  -1.5504033e-16  4.1707502e-16  -5.1826284e-16  4.5465400e-17  2.4707829e-16  -3.0971180e-16  -1.8903082e-16  -5.6400841e-16  8.9484938e-17  3.4495805e-16  4.6039042e-17  -1.7514800e-16  4.1110423e-17  -1.9639058e-16  1.2590723e-15  5.1762389e-16  1.4070688e-16  1.0000000   6.3850758e-16  8.8833509e-16  -7.1359807e-16  4.9346024e-16  -6.7883950e-16  -6.2112936e-17  -1.6874120e-16  -9.0178271e-18  -2.4644397e-16  -4.4697627e-16  6.8605740e-16  1.5951215e-15  -1.4508913e-15  -1.5504033e-16  4.1707502e-16  -5.1826284e-16  4.5465400e-17  2.4707829e-16  -3.0971180e-16  -1.8903082e-16  -5.6400841e-16  8.9484938e-17  3.4495805e-16  4.6039042e-17  -1.7514800e-16  4.1110423e-17  -1.9639058e-16  1.2590723e-15  5.1762389e-16  
2.7419964e-16  6.3850758e-16  1.0000000   -4.0199158e-16  1.6533451e-16  3.9481272e-16  -1.1214651e-15  -8.1601771e-16  2.0814696e-16  -5.2607508e-16  9.9644555e-16  -8.3695210e-17  1.0199168e-16  4.3186360e-16  4.6639847e-16  4.2776161e-16  1.3386609e-16  2.3811777e-16  5.5416281e-16  5.6646215e-16  -4.6746916e-16  1.9844934e-16  -1.6058243e-16  -4.7154637e-16  1.5990387e-17  2.7764689e-16  -9.5026304e-16  -3.1988152e-16  -9.4051847e-17  -2.1143778e-16  6.3942945e-16  2.7419964e-16  6.3850758e-16  1.0000000   -4.0199158e-16  1.6533451e-16  3.9481272e-16  -1.1214651e-15  -8.1601771e-16  2.0814696e-16  -5.2607508e-16  9.9644555e-16  -8.3695210e-17  1.0199168e-16  4.3186360e-16  4.6639847e-16  4.2776161e-16  1.3386609e-16  2.3811777e-16  5.5416281e-16  5.6646215e-16  -4.6746916e-16  1.9844934e-16  -1.6058243e-16  -4.7154637e-16  1.5990387e-17  2.7764689e-16  -9.5026304e-16  -3.1988152e-16  -9.4051847e-17  -2.1143778e-16  6.3942945e-16  
4.2713652e-16  8.8833509e-16  -4.0199158e-16  1.0000000   -5.1185687e-16  -8.3416072e-16  2.2699672e-16  1.7429746e-16  -8.7875663e-17  -4.4054380e-16  4.5765803e-16  2.8727839e-16  3.0428434e-16  -4.8256638e-17  -1.1610237e-15  -7.4209175e-17  1.4999652e-15  -3.8810348e-17  1.2854431e-15  7.0555664e-17  -1.2965989e-15  -6.4220847e-18  -1.0738682e-15  4.4369678e-16  7.3654922e-16  9.5482934e-17  -6.7591761e-16  2.4710102e-16  -1.0988398e-16  7.5098272e-18  8.0529420e-16  4.2713652e-16  8.8833509e-16  -4.0199158e-16  1.0000000   -5.1185687e-16  -8.3416072e-16  2.2699672e-16  1.7429746e-16  -8.7875663e-17  -4.4054380e-16  4.5765803e-16  2.8727839e-16  3.0428434e-16  -4.8256638e-17  -1.1610237e-15  -7.4209175e-17  1.4999652e-15  -3.8810348e-17  1.2854431e-15  7.0555664e-17  -1.2965989e-15  -6.4220847e-18  -1.0738682e-15  4.4369678e-16  7.3654922e-16  9.5482934e-17  -6.7591761e-16  2.4710102e-16  -1.0988398e-16  7.5098272e-18  8.0529420e-16  
8.8714886e-17  -7.1359807e-16  1.6533451e-16  -5.1185687e-16  1.0000000   -1.1033043e-15  2.9630382e-16  9.3495771e-16  -5.9589236e-16  6.1859595e-16  -5.1543265e-16  7.4627083e-17  -9.4755789e-17  -1.5458645e-15  5.1563589e-16  1.9382212e-16  1.5032261e-16  2.0577170e-16  1.1656676e-16  -2.3808771e-17  4.7542249e-17  4.9357413e-16  1.5267992e-16  4.7087434e-16  -1.8130060e-16  8.8954826e-16  1.5268911e-16  -2.9051194e-16  9.3158165e-16  -3.0565774e-16  -7.5034182e-16  8.8714886e-17  -7.1359807e-16  1.6533451e-16  -5.1185687e-16  1.0000000   -1.1033043e-15  2.9630382e-16  9.3495771e-16  -5.9589236e-16  6.1859595e-16  -5.1543265e-16  7.4627083e-17  -9.4755789e-17  -1.5458645e-15  5.1563589e-16  1.9382212e-16  1.5032261e-16  2.0577170e-16  1.1656676e-16  -2.3808771e-17  4.7542249e-17  4.9357413e-16  1.5267992e-16  4.7087434e-16  -1.8130060e-16  8.8954826e-16  1.5268911e-16  -2.9051194e-16  9.3158165e-16  -3.0565774e-16  -7.5034182e-16  
-4.0325597e-16  4.9346024e-16  3.9481272e-16  -8.3416072e-16  -1.1033043e-15  1.0000000   -7.7513022e-16  -5.6541090e-17  3.1015613e-16  1.5522511e-16  -1.8329106e-16  -1.0862253e-15  -5.8062390e-16  1.9152671e-16  9.4917756e-16  2.2032772e-16  -1.0154885e-15  -1.2638399e-15  2.2705398e-16  -3.9543221e-16  9.5652284e-16  2.6123426e-16  2.2976651e-16  6.9870949e-17  -2.3650697e-16  8.6250125e-16  2.7945967e-16  -1.0566876e-16  -5.5874313e-17  5.7102858e-17  3.9935846e-16  -4.0325597e-16  4.9346024e-16  3.9481272e-16  -8.3416072e-16  -1.1033043e-15  1.0000000   -7.7513022e-16  -5.6541090e-17  3.1015613e-16  1.5522511e-16  -1.8329106e-16  -1.0862253e-15  -5.8062390e-16  1.9152671e-16  9.4917756e-16  2.2032772e-16  -1.0154885e-15  -1.2638399e-15  2.2705398e-16  -3.9543221e-16  9.5652284e-16  2.6123426e-16  2.2976651e-16  6.9870949e-17  -2.3650697e-16  8.6250125e-16  2.7945967e-16  -1.0566876e-16  -5.5874313e-17  5.7102858e-17  3.9935846e-16  
-2.9785768e-16  -6.7883950e-16  -1.1214651e-15  2.2699672e-16  2.9630382e-16  -7.7513022e-16  1.0000000   1.4473398e-16  -7.9827367e-16  -3.2720415e-16  9.1153940e-16  -1.5331574e-16  6.8616233e-16  5.1051910e-17  2.3273643e-15  -4.3775094e-16  3.4649762e-16  2.8935424e-16  -3.5727537e-16  -5.0331234e-16  9.2313700e-16  -4.1459875e-16  3.1585961e-16  -4.9981403e-17  6.5489316e-16  5.6635700e-16  -3.2258765e-16  8.1670611e-16  4.6119283e-16  -1.7601112e-15  -8.7488232e-16  -2.9785768e-16  -6.7883950e-16  -1.1214651e-15  2.2699672e-16  2.9630382e-16  -7.7513022e-16  1.0000000   1.4473398e-16  -7.9827367e-16  -3.2720415e-16  9.1153940e-16  -1.5331574e-16  6.8616233e-16  5.1051910e-17  2.3273643e-15  -4.3775094e-16  3.4649762e-16  2.8935424e-16  -3.5727537e-16  -5.0331234e-16  9.2313700e-16  -4.1459875e-16  3.1585961e-16  -4.9981403e-17  6.5489316e-16  5.6635700e-16  -3.2258765e-16  8.1670611e-16  4.6119283e-16  -1.7601112e-15  -8.7488232e-16  
3.6574572e-16  -6.2112936e-17  -8.1601771e-16  1.7429746e-16  9.3495771e-16  -5.6541090e-17  1.4473398e-16  1.0000000   -6.3104411e-16  1.6050972e-17  -1.0346829e-16  4.3239621e-16  -8.0776131e-16  -7.8779553e-16  -5.6704043e-16  -4.4938553e-16  -4.7401168e-16  6.7751254e-16  2.3327986e-16  -1.6642784e-16  4.8677367e-16  5.7289549e-16  2.9494843e-16  8.9924636e-17  4.0227887e-16  -2.1657991e-16  -6.0898083e-16  -4.4986168e-16  2.4330725e-16  -9.2918174e-16  -4.7121061e-16  3.6574572e-16  -6.2112936e-17  -8.1601771e-16  1.7429746e-16  9.3495771e-16  -5.6541090e-17  1.4473398e-16  1.0000000   -6.3104411e-16  1.6050972e-17  -1.0346829e-16  4.3239621e-16  -8.0776131e-16  -7.8779553e-16  -5.6704043e-16  -4.4938553e-16  -4.7401168e-16  6.7751254e-16  2.3327986e-16  -1.6642784e-16  4.8677367e-16  5.7289549e-16  2.9494843e-16  8.9924636e-17  4.0227887e-16  -2.1657991e-16  -6.0898083e-16  -4.4986168e-16  2.4330725e-16  -9.2918174e-16  -4.7121061e-16  
3.5814414e-16  -1.6874120e-16  2.0814696e-16  -8.7875663e-17  -5.9589236e-16  3.1015613e-16  -7.9827367e-16  -6.3104411e-16  1.0000000   -4.1002424e-16  -9.1670424e-16  4.1325812e-16  -1.0324960e-16  2.0369281e-18  -5.3299173e-16  -5.3413452e-16  -1.3677403e-15  -1.1028352e-16  -5.2584778e-16  -9.4038478e-17  3.1832622e-16  -5.2595065e-17  2.0438933e-16  -8.2160518e-16  -1.6611323e-16  -1.1423718e-16  9.0365160e-16  2.1555751e-17  -2.7400347e-16  8.5907182e-16  9.5847001e-17  3.5814414e-16  -1.6874120e-16  2.0814696e-16  -8.7875663e-17  -5.9589236e-16  3.1015613e-16  -7.9827367e-16  -6.3104411e-16  1.0000000   -4.1002424e-16  -9.1670424e-16  4.1325812e-16  -1.0324960e-16  2.0369281e-18  -5.3299173e-16  -5.3413452e-16  -1.3677403e-15  -1.1028352e-16  -5.2584778e-16  -9.4038478e-17  3.1832622e-16  -5.2595065e-17  2.0438933e-16  -8.2160518e-16  -1.6611323e-16  -1.1423718e-16  9.0365160e-16  2.1555751e-17  -2.7400347e-16  8.5907182e-16  9.5847001e-17  
-8.3852664e-16  -9.0178271e-18  -5.2607508e-16  -4.4054380e-16  6.1859595e-16  1.5522511e-16  -3.2720415e-16  1.6050972e-17  -4.1002424e-16  1.0000000   2.1559748e-17  -1.3775632e-16  4.3954109e-16  1.5897617e-16  4.6478036e-16  5.4051289e-16  5.2702860e-17  -1.9485145e-16  5.5821820e-17  2.0592078e-16  -1.0279799e-15  -7.2556280e-16  -3.8215282e-16  1.1664698e-16  -1.1027323e-17  -2.3123687e-16  -6.0488034e-16  -1.5352180e-16  -6.0115404e-16  -2.9493554e-16  1.4230493e-16  -8.3852664e-16  -9.0178271e-18  -5.2607508e-16  -4.4054380e-16  6.1859595e-16  1.5522511e-16  -3.2720415e-16  1.6050972e-17  -4.1002424e-16  1.0000000   2.1559748e-17  -1.3775632e-16  4.3954109e-16  1.5897617e-16  4.6478036e-16  5.4051289e-16  5.2702860e-17  -1.9485145e-16  5.5821820e-17  2.0592078e-16  -1.0279799e-15  -7.2556280e-16  -3.8215282e-16  1.1664698e-16  -1.1027323e-17  -2.3123687e-16  -6.0488034e-16  -1.5352180e-16  -6.0115404e-16  -2.9493554e-16  1.4230493e-16  
1.8956005e-16  -2.4644397e-16  9.9644555e-16  4.5765803e-16  -5.1543265e-16  -1.8329106e-16  9.1153940e-16  -1.0346829e-16  -9.1670424e-16  2.1559748e-17  1.0000000   -1.6732953e-16  3.3974450e-16  4.4799446e-16  -9.3750293e-16  -1.0754000e-16  2.6226885e-16  -5.7737309e-17  -1.3251843e-16  -2.0504495e-16  -8.1817101e-16  -4.9856134e-16  3.2338277e-16  7.9153678e-17  1.8166399e-16  -6.0046747e-16  3.2247811e-16  2.1604250e-16  -8.2167105e-16  6.0775018e-17  -1.3470657e-16  1.8956005e-16  -2.4644397e-16  9.9644555e-16  4.5765803e-16  -5.1543265e-16  -1.8329106e-16  9.1153940e-16  -1.0346829e-16  -9.1670424e-16  2.1559748e-17  1.0000000   -1.6732953e-16  3.3974450e-16  4.4799446e-16  -9.3750293e-16  -1.0754000e-16  2.6226885e-16  -5.7737309e-17  -1.3251843e-16  -2.0504495e-16  -8.1817101e-16  -4.9856134e-16  3.2338277e-16  7.9153678e-17  1.8166399e-16  -6.0046747e-16  3.2247811e-16  2.1604250e-16  -8.2167105e-16  6.0775018e-17  -1.3470657e-16  
1.4856858e-16  -4.4697627e-16  -8.3695210e-17  2.8727839e-16  7.4627083e-17  -1.0862253e-15  -1.5331574e-16  4.3239621e-16  4.1325812e-16  -1.3775632e-16  -1.6732953e-16  1.0000000   -2.3667641e-16  -1.1737706e-15  -3.9106867e-16  9.3013021e-17  1.2521583e-16  1.0841207e-15  5.8634190e-16  2.4820455e-16  -2.3629525e-16  8.2048781e-16  -2.3731639e-16  -1.5493467e-16  5.6390147e-16  -1.1032881e-16  3.5844935e-16  1.2164854e-16  8.4625668e-16  -4.7565536e-16  9.9502570e-17  1.4856858e-16  -4.4697627e-16  -8.3695210e-17  2.8727839e-16  7.4627083e-17  -1.0862253e-15  -1.5331574e-16  4.3239621e-16  4.1325812e-16  -1.3775632e-16  -1.6732953e-16  1.0000000   -2.3667641e-16  -1.1737706e-15  -3.9106867e-16  9.3013021e-17  1.2521583e-16  1.0841207e-15  5.8634190e-16  2.4820455e-16  -2.3629525e-16  8.2048781e-16  -2.3731639e-16  -1.5493467e-16  5.6390147e-16  -1.1032881e-16  3.5844935e-16  1.2164854e-16  8.4625668e-16  -4.7565536e-16  9.9502570e-17  
-1.3802507e-16  6.8605740e-16  1.0199168e-16  3.0428434e-16  -9.4755789e-17  -5.8062390e-16  6.8616233e-16  -8.0776131e-16  -1.0324960e-16  4.3954109e-16  3.3974450e-16  -2.3667641e-16  1.0000000   7.0478481e-16  6.1642412e-16  5.4928668e-16  -3.8221807e-16  4.2658354e-16  7.4520768e-18  -2.2826405e-16  -5.8791306e-16  -5.5512524e-16  4.3775762e-16  -2.3067493e-16  4.4227210e-17  -2.4928596e-16  3.9718967e-16  7.1084299e-16  -4.1608720e-17  -1.8671563e-16  -1.4694195e-16  -1.3802507e-16  6.8605740e-16  1.0199168e-16  3.0428434e-16  -9.4755789e-17  -5.8062390e-16  6.8616233e-16  -8.0776131e-16  -1.0324960e-16  4.3954109e-16  3.3974450e-16  -2.3667641e-16  1.0000000   7.0478481e-16  6.1642412e-16  5.4928668e-16  -3.8221807e-16  4.2658354e-16  7.4520768e-18  -2.2826405e-16  -5.8791306e-16  -5.5512524e-16  4.3775762e-16  -2.3067493e-16  4.4227210e-17  -2.4928596e-16  3.9718967e-16  7.1084299e-16  -4.1608720e-17  -1.8671563e-16  -1.4694195e-16  
-1.0404407e-15  1.5951215e-15  4.3186360e-16  -4.8256638e-17  -1.5458645e-15  1.9152671e-16  5.1051910e-17  -7.8779553e-16  2.0369281e-18  1.5897617e-16  4.4799446e-16  -1.1737706e-15  7.0478481e-16  1.0000000   1.1969554e-16  -9.3104465e-17  3.4853643e-16  2.3918893e-16  5.4859915e-17  -3.3756699e-16  -3.0141740e-16  2.8439727e-17  4.9643680e-16  7.0140012e-16  -1.7300493e-16  -8.3755813e-16  1.5843727e-16  1.4782151e-16  -9.4700234e-16  5.7934886e-16  1.0307706e-15  -1.0404407e-15  1.5951215e-15  4.3186360e-16  -4.8256638e-17  -1.5458645e-15  1.9152671e-16  5.1051910e-17  -7.8779553e-16  2.0369281e-18  1.5897617e-16  4.4799446e-16  -1.1737706e-15  7.0478481e-16  1.0000000   1.1969554e-16  -9.3104465e-17  3.4853643e-16  2.3918893e-16  5.4859915e-17  -3.3756699e-16  -3.0141740e-16  2.8439727e-17  4.9643680e-16  7.0140012e-16  -1.7300493e-16  -8.3755813e-16  1.5843727e-16  1.4782151e-16  -9.4700234e-16  5.7934886e-16  1.0307706e-15  
-2.0680503e-16  -1.4508913e-15  4.6639847e-16  -1.1610237e-15  5.1563589e-16  9.4917756e-16  2.3273643e-15  -5.6704043e-16  -5.3299173e-16  4.6478036e-16  -9.3750293e-16  -3.9106867e-16  6.1642412e-16  1.1969554e-16  1.0000000   -4.2003328e-16  -7.7037729e-16  1.2330571e-16  -2.5194661e-16  -7.7986032e-16  -5.5393020e-16  -6.5703554e-16  2.3726460e-16  2.9822398e-16  -6.9910153e-16  2.2151506e-16  -2.9338609e-16  7.6139035e-16  -1.1239044e-15  -1.6288482e-15  -6.0843401e-17  -2.0680503e-16  -1.4508913e-15  4.6639847e-16  -1.1610237e-15  5.1563589e-16  9.4917756e-16  2.3273643e-15  -5.6704043e-16  -5.3299173e-16  4.6478036e-16  -9.3750293e-16  -3.9106867e-16  6.1642412e-16  1.1969554e-16  1.0000000   -4.2003328e-16  -7.7037729e-16  1.2330571e-16  -2.5194661e-16  -7.7986032e-16  -5.5393020e-16  -6.5703554e-16  2.3726460e-16  2.9822398e-16  -6.9910153e-16  2.2151506e-16  -2.9338609e-16  7.6139035e-16  -1.1239044e-15  -1.6288482e-15  -6.0843401e-17  
2.6138626e-16  -1.5504033e-16  4.2776161e-16  -7.4209175e-17  1.9382212e-16  2.2032772e-16  -4.3775094e-16  -4.4938553e-16  -5.3413452e-16  5.4051289e-16  -1.0754000e-16  9.3013021e-17  5.4928668e-16  -9.3104465e-17  -4.2003328e-16  1.0000000   -1.5365575e-17  -1.9208660e-16  2.7450243e-16  6.7985634e-16  2.4497414e-17  5.5887660e-16  -9.1163569e-17  -1.6201659e-16  2.8169341e-17  2.1098892e-16  -2.8201142e-16  -1.4829330e-17  7.1814609e-16  8.6465020e-16  5.1410673e-16  2.6138626e-16  -1.5504033e-16  4.2776161e-16  -7.4209175e-17  1.9382212e-16  2.2032772e-16  -4.3775094e-16  -4.4938553e-16  -5.3413452e-16  5.4051289e-16  -1.0754000e-16  9.3013021e-17  5.4928668e-16  -9.3104465e-17  -4.2003328e-16  1.0000000   -1.5365575e-17  -1.9208660e-16  2.7450243e-16  6.7985634e-16  2.4497414e-17  5.5887660e-16  -9.1163569e-17  -1.6201659e-16  2.8169341e-17  2.1098892e-16  -2.8201142e-16  -1.4829330e-17  7.1814609e-16  8.6465020e-16  5.1410673e-16  
4.8363482e-16  4.1707502e-16  1.3386609e-16  1.4999652e-15  1.5032261e-16  -1.0154885e-15  3.4649762e-16  -4.7401168e-16  -1.3677403e-15  5.2702860e-17  2.6226885e-16  1.2521583e-16  -3.8221807e-16  3.4853643e-16  -7.7037729e-16  -1.5365575e-17  1.0000000   4.3250401e-16  -1.9465237e-16  3.9895877e-16  -1.0164601e-17  -2.6254438e-16  4.9189867e-16  -7.0561532e-16  6.4907487e-16  -3.1092699e-16  -8.8804730e-16  9.0660121e-16  -1.0313602e-16  4.0860134e-16  -4.0154359e-16  4.8363482e-16  4.1707502e-16  1.3386609e-16  1.4999652e-15  1.5032261e-16  -1.0154885e-15  3.4649762e-16  -4.7401168e-16  -1.3677403e-15  5.2702860e-17  2.6226885e-16  1.2521583e-16  -3.8221807e-16  3.4853643e-16  -7.7037729e-16  -1.5365575e-17  1.0000000   4.3250401e-16  -1.9465237e-16  3.9895877e-16  -1.0164601e-17  -2.6254438e-16  4.9189867e-16  -7.0561532e-16  6.4907487e-16  -3.1092699e-16  -8.8804730e-16  9.0660121e-16  -1.0313602e-16  4.0860134e-16  -4.0154359e-16  
3.9504353e-17  -5.1826284e-16  2.3811777e-16  -3.8810348e-17  2.0577170e-16  -1.2638399e-15  2.8935424e-16  6.7751254e-16  -1.1028352e-16  -1.9485145e-16  -5.7737309e-17  1.0841207e-15  4.2658354e-16  2.3918893e-16  1.2330571e-16  -1.9208660e-16  4.3250401e-16  1.0000000   -1.2064009e-17  1.7697161e-16  -5.2194957e-16  -8.1630507e-17  -2.4409019e-16  3.7128928e-16  3.6445550e-16  -5.4616317e-17  -1.1493177e-15  6.8915888e-17  1.1477897e-15  -2.2784523e-16  3.0571253e-16  3.9504353e-17  -5.1826284e-16  2.3811777e-16  -3.8810348e-17  2.0577170e-16  -1.2638399e-15  2.8935424e-16  6.7751254e-16  -1.1028352e-16  -1.9485145e-16  -5.7737309e-17  1.0841207e-15  4.2658354e-16  2.3918893e-16  1.2330571e-16  -1.9208660e-16  4.3250401e-16  1.0000000   -1.2064009e-17  1.7697161e-16  -5.2194957e-16  -8.1630507e-17  -2.4409019e-16  3.7128928e-16  3.6445550e-16  -5.4616317e-17  -1.1493177e-15  6.8915888e-17  1.1477897e-15  -2.2784523e-16  3.0571253e-16  
-3.9773842e-16  4.5465400e-17  5.5416281e-16  1.2854431e-15  1.1656676e-16  2.2705398e-16  -3.5727537e-16  2.3327986e-16  -5.2584778e-16  5.5821820e-17  -1.3251843e-16  5.8634190e-16  7.4520768e-18  5.4859915e-17  -2.5194661e-16  2.7450243e-16  -1.9465237e-16  -1.2064009e-17  1.0000000   6.1524490e-16  4.8007339e-16  -3.2479491e-16  -4.7799389e-16  -3.0052147e-16  -9.6354674e-16  -1.7208209e-17  4.6386687e-17  -3.8200970e-16  -2.7996635e-16  4.6191669e-16  -2.8000961e-16  -3.9773842e-16  4.5465400e-17  5.5416281e-16  1.2854431e-15  1.1656676e-16  2.2705398e-16  -3.5727537e-16  2.3327986e-16  -5.2584778e-16  5.5821820e-17  -1.3251843e-16  5.8634190e-16  7.4520768e-18  5.4859915e-17  -2.5194661e-16  2.7450243e-16  -1.9465237e-16  -1.2064009e-17  1.0000000   6.1524490e-16  4.8007339e-16  -3.2479491e-16  -4.7799389e-16  -3.0052147e-16  -9.6354674e-16  -1.7208209e-17  4.6386687e-17  -3.8200970e-16  -2.7996635e-16  4.6191669e-16  -2.8000961e-16  
5.2588485e-16  2.4707829e-16  5.6646215e-16  7.0555664e-17  -2.3808771e-17  -3.9543221e-16  -5.0331234e-16  -1.6642784e-16  -9.4038478e-17  2.0592078e-16  -2.0504495e-16  2.4820455e-16  -2.2826405e-16  -3.3756699e-16  -7.7986032e-16  6.7985634e-16  3.9895877e-16  1.7697161e-16  6.1524490e-16  1.0000000   -1.7803454e-16  4.0882726e-16  -5.3787296e-16  3.2052357e-16  4.1091719e-17  -6.8541324e-17  6.0568554e-16  1.0698097e-16  -2.2462567e-16  5.5963476e-16  5.7734376e-16  5.2588485e-16  2.4707829e-16  5.6646215e-16  7.0555664e-17  -2.3808771e-17  -3.9543221e-16  -5.0331234e-16  -1.6642784e-16  -9.4038478e-17  2.0592078e-16  -2.0504495e-16  2.4820455e-16  -2.2826405e-16  -3.3756699e-16  -7.7986032e-16  6.7985634e-16  3.9895877e-16  1.7697161e-16  6.1524490e-16  1.0000000   -1.7803454e-16  4.0882726e-16  -5.3787296e-16  3.2052357e-16  4.1091719e-17  -6.8541324e-17  6.0568554e-16  1.0698097e-16  -2.2462567e-16  5.5963476e-16  5.7734376e-16  
-1.2333287e-16  -3.0971180e-16  -4.6746916e-16  -1.2965989e-15  4.7542249e-17  9.5652284e-16  9.2313700e-16  4.8677367e-16  3.1832622e-16  -1.0279799e-15  -8.1817101e-16  -2.3629525e-16  -5.8791306e-16  -3.0141740e-16  -5.5393020e-16  2.4497414e-17  -1.0164601e-17  -5.2194957e-16  4.8007339e-16  -1.7803454e-16  1.0000000   4.6759143e-16  -2.6815367e-16  5.3427063e-16  -1.8373909e-16  6.7486323e-16  5.4443266e-16  -6.5193341e-16  2.1684435e-16  -3.7030810e-16  -1.0025645e-16  -1.2333287e-16  -3.0971180e-16  -4.6746916e-16  -1.2965989e-15  4.7542249e-17  9.5652284e-16  9.2313700e-16  4.8677367e-16  3.1832622e-16  -1.0279799e-15  -8.1817101e-16  -2.3629525e-16  -5.8791306e-16  -3.0141740e-16  -5.5393020e-16  2.4497414e-17  -1.0164601e-17  -5.2194957e-16  4.8007339e-16  -1.7803454e-16  1.0000000   4.6759143e-16  -2.6815367e-16  5.3427063e-16  -1.8373909e-16  6.7486323e-16  5.4443266e-16  -6.5193341e-16  2.1684435e-16  -3.7030810e-16  -1.0025645e-16  
-7.2907650e-17  -1.8903082e-16  1.9844934e-16  -6.4220847e-18  4.9357413e-16  2.6123426e-16  -4.1459875e-16  5.7289549e-16  -5.2595065e-17  -7.2556280e-16  -4.9856134e-16  8.2048781e-16  -5.5512524e-16  2.8439727e-17  -6.5703554e-16  5.5887660e-16  -2.6254438e-16  -8.1630507e-17  -3.2479491e-16  4.0882726e-16  4.6759143e-16  1.0000000   -6.5200296e-16  -2.6846490e-16  -6.3360232e-16  3.8472751e-16  6.0074710e-17  1.6443586e-17  6.6561349e-16  7.1101056e-16  -6.5030599e-18  -7.2907650e-17  -1.8903082e-16  1.9844934e-16  -6.4220847e-18  4.9357413e-16  2.6123426e-16  -4.1459875e-16  5.7289549e-16  -5.2595065e-17  -7.2556280e-16  -4.9856134e-16  8.2048781e-16  -5.5512524e-16  2.8439727e-17  -6.5703554e-16  5.5887660e-16  -2.6254438e-16  -8.1630507e-17  -3.2479491e-16  4.0882726e-16  4.6759143e-16  1.0000000   -6.5200296e-16  -2.6846490e-16  -6.3360232e-16  3.8472751e-16  6.0074710e-17  1.6443586e-17  6.6561349e-16  7.1101056e-16  -6.5030599e-18  
-9.6957998e-16  -5.6400841e-16  -1.6058243e-16  -1.0738682e-15  1.5267992e-16  2.2976651e-16  3.1585961e-16  2.9494843e-16  2.0438933e-16  -3.8215282e-16  3.2338277e-16  -2.3731639e-16  4.3775762e-16  4.9643680e-16  2.3726460e-16  -9.1163569e-17  4.9189867e-16  -2.4409019e-16  -4.7799389e-16  -5.3787296e-16  -2.6815367e-16  -6.5200296e-16  1.0000000   4.9025027e-16  1.0216333e-16  1.7327940e-16  4.2035897e-16  5.7890991e-16  -1.1891449e-15  -4.5527151e-16  2.6070395e-16  -9.6957998e-16  -5.6400841e-16  -1.6058243e-16  -1.0738682e-15  1.5267992e-16  2.2976651e-16  3.1585961e-16  2.9494843e-16  2.0438933e-16  -3.8215282e-16  3.2338277e-16  -2.3731639e-16  4.3775762e-16  4.9643680e-16  2.3726460e-16  -9.1163569e-17  4.9189867e-16  -2.4409019e-16  -4.7799389e-16  -5.3787296e-16  -2.6815367e-16  -6.5200296e-16  1.0000000   4.9025027e-16  1.0216333e-16  1.7327940e-16  4.2035897e-16  5.7890991e-16  -1.1891449e-15  -4.5527151e-16  2.6070395e-16  
3.8583047e-16  8.9484938e-17  -4.7154637e-16  4.4369678e-16  4.7087434e-16  6.9870949e-17  -4.9981403e-17  8.9924636e-17  -8.2160518e-16  1.1664698e-16  7.9153678e-17  -1.5493467e-16  -2.3067493e-16  7.0140012e-16  2.9822398e-16  -1.6201659e-16  -7.0561532e-16  3.7128928e-16  -3.0052147e-16  3.2052357e-16  5.3427063e-16  -2.6846490e-16  4.9025027e-16  1.0000000   -2.8162357e-16  -2.3706567e-16  -2.0287501e-16  6.5973580e-16  3.5419318e-17  -1.2889915e-16  -7.9319258e-17  3.8583047e-16  8.9484938e-17  -4.7154637e-16  4.4369678e-16  4.7087434e-16  6.9870949e-17  -4.9981403e-17  8.9924636e-17  -8.2160518e-16  1.1664698e-16  7.9153678e-17  -1.5493467e-16  -2.3067493e-16  7.0140012e-16  2.9822398e-16  -1.6201659e-16  -7.0561532e-16  3.7128928e-16  -3.0052147e-16  3.2052357e-16  5.3427063e-16  -2.6846490e-16  4.9025027e-16  1.0000000   -2.8162357e-16  -2.3706567e-16  -2.0287501e-16  6.5973580e-16  3.5419318e-17  -1.2889915e-16  -7.9319258e-17  
-3.1272475e-16  3.4495805e-16  1.5990387e-17  7.3654922e-16  -1.8130060e-16  -2.3650697e-16  6.5489316e-16  4.0227887e-16  -1.6611323e-16  -1.1027323e-17  1.8166399e-16  5.6390147e-16  4.4227210e-17  -1.7300493e-16  -6.9910153e-16  2.8169341e-17  6.4907487e-16  3.6445550e-16  -9.6354674e-16  4.1091719e-17  -1.8373909e-16  -6.3360232e-16  1.0216333e-16  -2.8162357e-16  1.0000000   -2.9731338e-16  -4.6248151e-17  -5.2841065e-17  -6.1903422e-16  -3.6152948e-17  1.7930916e-16  -3.1272475e-16  3.4495805e-16  1.5990387e-17  7.3654922e-16  -1.8130060e-16  -2.3650697e-16  6.5489316e-16  4.0227887e-16  -1.6611323e-16  -1.1027323e-17  1.8166399e-16  5.6390147e-16  4.4227210e-17  -1.7300493e-16  -6.9910153e-16  2.8169341e-17  6.4907487e-16  3.6445550e-16  -9.6354674e-16  4.1091719e-17  -1.8373909e-16  -6.3360232e-16  1.0216333e-16  -2.8162357e-16  1.0000000   -2.9731338e-16  -4.6248151e-17  -5.2841065e-17  -6.1903422e-16  -3.6152948e-17  1.7930916e-16  
3.8222107e-17  4.6039042e-17  2.7764689e-16  9.5482934e-17  8.8954826e-16  8.6250125e-16  5.6635700e-16  -2.1657991e-16  -1.1423718e-16  -2.3123687e-16  -6.0046747e-16  -1.1032881e-16  -2.4928596e-16  -8.3755813e-16  2.2151506e-16  2.1098892e-16  -3.1092699e-16  -5.4616317e-17  -1.7208209e-17  -6.8541324e-17  6.7486323e-16  3.8472751e-16  1.7327940e-16  -2.3706567e-16  -2.9731338e-16  1.0000000   1.5786941e-18  -2.7630669e-16  5.3660689e-16  -6.5164438e-16  -1.0763902e-16  3.8222107e-17  4.6039042e-17  2.7764689e-16  9.5482934e-17  8.8954826e-16  8.6250125e-16  5.6635700e-16  -2.1657991e-16  -1.1423718e-16  -2.3123687e-16  -6.0046747e-16  -1.1032881e-16  -2.4928596e-16  -8.3755813e-16  2.2151506e-16  2.1098892e-16  -3.1092699e-16  -5.4616317e-17  -1.7208209e-17  -6.8541324e-17  6.7486323e-16  3.8472751e-16  1.7327940e-16  -2.3706567e-16  -2.9731338e-16  1.0000000   1.5786941e-18  -2.7630669e-16  5.3660689e-16  -6.5164438e-16  -1.0763902e-16  
-7.6025082e-16  -1.7514800e-16  -9.5026304e-16  -6.7591761e-16  1.5268911e-16  2.7945967e-16  -3.2258765e-16  -6.0898083e-16  9.0365160e-16  -6.0488034e-16  3.2247811e-16  3.5844935e-16  3.9718967e-16  1.5843727e-16  -2.9338609e-16  -2.8201142e-16  -8.8804730e-16  -1.1493177e-15  4.6386687e-17  6.0568554e-16  5.4443266e-16  6.0074710e-17  4.2035897e-16  -2.0287501e-16  -4.6248151e-17  1.5786941e-18  1.0000000   1.8354193e-16  -1.4306057e-15  -5.2531672e-16  -3.5214128e-17  -7.6025082e-16  -1.7514800e-16  -9.5026304e-16  -6.7591761e-16  1.5268911e-16  2.7945967e-16  -3.2258765e-16  -6.0898083e-16  9.0365160e-16  -6.0488034e-16  3.2247811e-16  3.5844935e-16  3.9718967e-16  1.5843727e-16  -2.9338609e-16  -2.8201142e-16  -8.8804730e-16  -1.1493177e-15  4.6386687e-17  6.0568554e-16  5.4443266e-16  6.0074710e-17  4.2035897e-16  -2.0287501e-16  -4.6248151e-17  1.5786941e-18  1.0000000   1.8354193e-16  -1.4306057e-15  -5.2531672e-16  -3.5214128e-17  
4.6062667e-16  4.1110423e-17  -3.1988152e-16  2.4710102e-16  -2.9051194e-16  -1.0566876e-16  8.1670611e-16  -4.4986168e-16  2.1555751e-17  -1.5352180e-16  2.1604250e-16  1.2164854e-16  7.1084299e-16  1.4782151e-16  7.6139035e-16  -1.4829330e-17  9.0660121e-16  6.8915888e-17  -3.8200970e-16  1.0698097e-16  -6.5193341e-16  1.6443586e-17  5.7890991e-16  6.5973580e-16  -5.2841065e-17  -2.7630669e-16  1.8354193e-16  1.0000000   -3.2218775e-16  2.3933134e-16  9.0203064e-16  4.6062667e-16  4.1110423e-17  -3.1988152e-16  2.4710102e-16  -2.9051194e-16  -1.0566876e-16  8.1670611e-16  -4.4986168e-16  2.1555751e-17  -1.5352180e-16  2.1604250e-16  1.2164854e-16  7.1084299e-16  1.4782151e-16  7.6139035e-16  -1.4829330e-17  9.0660121e-16  6.8915888e-17  -3.8200970e-16  1.0698097e-16  -6.5193341e-16  1.6443586e-17  5.7890991e-16  6.5973580e-16  -5.2841065e-17  -2.7630669e-16  1.8354193e-16  1.0000000   -3.2218775e-16  2.3933134e-16  9.0203064e-16  
6.9887487e-17  -1.9639058e-16  -9.4051847e-17  -1.0988398e-16  9.3158165e-16  -5.5874313e-17  4.6119283e-16  2.4330725e-16  -2.7400347e-16  -6.0115404e-16  -8.2167105e-16  8.4625668e-16  -4.1608720e-17  -9.4700234e-16  -1.1239044e-15  7.1814609e-16  -1.0313602e-16  1.1477897e-15  -2.7996635e-16  -2.2462567e-16  2.1684435e-16  6.6561349e-16  -1.1891449e-15  3.5419318e-17  -6.1903422e-16  5.3660689e-16  -1.4306057e-15  -3.2218775e-16  1.0000000   -2.6663986e-16  -4.4191064e-16  6.9887487e-17  -1.9639058e-16  -9.4051847e-17  -1.0988398e-16  9.3158165e-16  -5.5874313e-17  4.6119283e-16  2.4330725e-16  -2.7400347e-16  -6.0115404e-16  -8.2167105e-16  8.4625668e-16  -4.1608720e-17  -9.4700234e-16  -1.1239044e-15  7.1814609e-16  -1.0313602e-16  1.1477897e-15  -2.7996635e-16  -2.2462567e-16  2.1684435e-16  6.6561349e-16  -1.1891449e-15  3.5419318e-17  -6.1903422e-16  5.3660689e-16  -1.4306057e-15  -3.2218775e-16  1.0000000   -2.6663986e-16  -4.4191064e-16  
1.2600365e-15  1.2590723e-15  -2.1143778e-16  7.5098272e-18  -3.0565774e-16  5.7102858e-17  -1.7601112e-15  -9.2918174e-16  8.5907182e-16  -2.9493554e-16  6.0775018e-17  -4.7565536e-16  -1.8671563e-16  5.7934886e-16  -1.6288482e-15  8.6465020e-16  4.0860134e-16  -2.2784523e-16  4.6191669e-16  5.5963476e-16  -3.7030810e-16  7.1101056e-16  -4.5527151e-16  -1.2889915e-16  -3.6152948e-17  -6.5164438e-16  -5.2531672e-16  2.3933134e-16  -2.6663986e-16  1.0000000   9.4982625e-16  1.2600365e-15  1.2590723e-15  -2.1143778e-16  7.5098272e-18  -3.0565774e-16  5.7102858e-17  -1.7601112e-15  -9.2918174e-16  8.5907182e-16  -2.9493554e-16  6.0775018e-17  -4.7565536e-16  -1.8671563e-16  5.7934886e-16  -1.6288482e-15  8.6465020e-16  4.0860134e-16  -2.2784523e-16  4.6191669e-16  5.5963476e-16  -3.7030810e-16  7.1101056e-16  -4.5527151e-16  -1.2889915e-16  -3.6152948e-17  -6.5164438e-16  -5.2531672e-16  2.3933134e-16  -2.6663986e-16  1.0000000   9.4982625e-16  
6.5574292e-16  5.1762389e-16  6.3942945e-16  8.0529420e-16  -7.5034182e-16  3.9935846e-16  -8.7488232e-16  -4.7121061e-16  9.5847001e-17  1.4230493e-16  -1.3470657e-16  9.9502570e-17  -1.4694195e-16  1.0307706e-15  -6.0843401e-17  5.1410673e-16  -4.0154359e-16  3.0571253e-16  -2.8000961e-16  5.7734376e-16  -1.0025645e-16  -6.5030599e-18  2.6070395e-16  -7.9319258e-17  1.7930916e-16  -1.0763902e-16  -3.5214128e-17  9.0203064e-16  -4.4191064e-16  9.4982625e-16  1.0000000   6.5574292e-16  5.1762389e-16  6.3942945e-16  8.0529420e-16  -7.5034182e-16  3.9935846e-16  -8.7488232e-16  -4.7121061e-16  9.5847001e-17  1.4230493e-16  -1.3470657e-16  9.9502570e-17  -1.4694195e-16  1.0307706e-15  -6.0843401e-17  5.1410673e-16  -4.0154359e-16  3.0571253e-16  -2.8000961e-16  5.7734376e-16  -1.0025645e-16  -6.5030599e-18  2.6070395e-16  -7.9319258e-17  1.7930916e-16  -1.0763902e-16  -3.5214128e-17  9.0203064e-16  -4.4191064e-16  9.4982625e-16  1.0000000   
1.0000000   1.4070688e-16  2.7419964e-16  4.2713652e-16  8.8714886e-17  -4.0325597e-16  -2.9785768e-16  3.6574572e-16  3.5814414e-16  -8.3852664e-16  1.8956005e-16  1.4856858e-16  -1.3802507e-16  -1.0404407e-15  -2.0680503e-16  2.6138626e-16  4.8363482e-16  3.9504353e-17  -3.9773842e-16  5.2588485e-16  -1.2333287e-16  -7.2907650e-17  -9.6957998e-16  3.8583047e-16  -3.1272475e-16  3.8222107e-17  -7.6025082e-16  4.6062667e-16  6.9887487e-17  1.2600365e-15  6.5574292e-16  1.0000000   1.4070688e-16  2.7419964e-16  4.2713652e-16  8.8714886e-17  -4.0325597e-16  -2.9785768e-16  3.6574572e-16  3.5814414e-16  -8.3852664e-16  1.8956005e-16  1.4856858e-16  -1.3802507e-16  -1.0404407e-15  -2.0680503e-16  2.6138626e-16  4.8363482e-16  3.9504353e-17  -3.9773842e-16  5.2588485e-16  -1.2333287e-16  -7.2907650e-17  -9.6957998e-16  3.8583047e-16  -3.1272475e-16  3.8222107e-17  -7.6025082e-16  4.6062667e-16  6.9887487e-17  1.2600365e-15  6.5574292e-16  
1.4070688e-16  1.0000000   6.3850758e-16  8.8833509e-16  -7.1359807e-16  4.9346024e-16  -6.7883950e-16  -6.2112936e-17  -1.6874120e-16  -9.0178271e-18  -2.4644397e-16  -4.4697627e-16  6.8605740e-16  1.5951215e-15  -1.4508913e-15  -1.5504033e-16  4.1707502e-16  -5.1826284e-16  4.5465400e-17  2.4707829e-16  -3.0971180e-16  -1.8903082e-16  -5.6400841e-16  8.9484938e-17  3.4495805e-16  4.6039042e-17  -1.7514800e-16  4.1110423e-17  -1.9639058e-16  1.2590723e-15  5.1762389e-16  1.4070688e-16  1.0000000   6.3850758e-16  8.8833509e-16  -7.1359807e-16  4.9346024e-16  -6.7883950e-16  -6.2112936e-17  -1.6874120e-16  -9.0178271e-18  -2.4644397e-16  -4.4697627e-16  6.8605740e-16  1.5951215e-15  -1.4508913e-15  -1.5504033e-16  4.1707502e-16  -5.1826284e-16  4.5465400e-17  2.4707829e-16  -3.0971180e-16  -1.8903082e-16  -5.6400841e-16  8.9484938e-17  3.4495805e-16  4.6039042e-17  -1.7514800e-16  4.1110423e-17  -1.9639058e-16  1.2590723e-15  5.1762389e-16  
2.7419964e-16  6.3850758e-16  1.0000000   -4.0199158e-16  1.6533451e-16  3.9481272e-16  -1.1214651e-15  -8.1601771e-16  2.0814696e-16  -5.2607508e-16  9.9644555e-16  -8.3695210e-17  1.0199168e-16  4.3186360e-16  4.6639847e-16  4.2776161e-16  1.3386609e-16  2.3811777e-16  5.5416281e-16  5.6646215e-16  -4.6746916e-16  1.9844934e-16  -1.6058243e-16  -4.7154637e-16  1.5990387e-17  2.7764689e-16  -9.5026304e-16  -3.1988152e-16  -9.4051847e-17  -2.1143778e-16  6.3942945e-16  2.7419964e-16  6.3850758e-16  1.0000000   -4.0199158e-16  1.6533451e-16  3.9481272e-16  -1.1214651e-15  -8.1601771e-16  2.0814696e-16  -5.2607508e-16  9.9644555e-16  -8.3695210e-17  1.0199168e-16  4.3186360e-16  4.6639847e-16  4.2776161e-16  1.3386609e-16  2.3811777e-16  5.5416281e-16  5.6646215e-16  -4.6746916e-16  1.9844934e-16  -1.6058243e-16  -4.7154637e-16  1.5990387e-17  2.7764689e-16  -9.5026304e-16  -3.1988152e-16  -9.4051847e-17  -2.1143778e-16  6.3942945e-16  
4.2713652e-16  8.8833509e-16  -4.0199158e-16  1.0000000   -5.1185687e-16  -8.3416072e-16  2.2699672e-16  1.7429746e-16  -8.7875663e-17  -4.4054380e-16  4.5765803e-16  2.8727839e-16  3.0428434e-16  -4.8256638e-17  -1.1610237e-15  -7.4209175e-17  1.4999652e-15  -3.8810348e-17  1.2854431e-15  7.0555664e-17  -1.2965989e-15  -6.4220847e-18  -1.0738682e-15  4.4369678e-16  7.3654922e-16  9.5482934e-17  -6.7591761e-16  2.4710102e-16  -1.0988398e-16  7.5098272e-18  8.0529420e-16  4.2713652e-16  8.8833509e-16  -4.0199158e-16  1.0000000   -5.1185687e-16  -8.3416072e-16  2.2699672e-16  1.7429746e-16  -8.7875663e-17  -4.4054380e-16  4.5765803e-16  2.8727839e-16  3.0428434e-16  -4.8256638e-17  -1.1610237e-15  -7.4209175e-17  1.4999652e-15  -3.8810348e-17  1.2854431e-15  7.0555664e-17  -1.2965989e-15  -6.4220847e-18  -1.0738682e-15  4.4369678e-16  7.3654922e-16  9.5482934e-17  -6.7591761e-16  2.4710102e-16  -1.0988398e-16  7.5098272e-18  8.0529420e-16  
8.8714886e-17  -7.1359807e-16  1.6533451e-16  -5.1185687e-16  1.0000000   -1.1033043e-15  2.9630382e-16  9.3495771e-16  -5.9589236e-16  6.1859595e-16  -5.1543265e-16  7.4627083e-17  -9.4755789e-17  -1.5458645e-15  5.1563589e-16  1.9382212e-16  1.5032261e-16  2.0577170e-16  1.1656676e-16  -2.3808771e-17  4.7542249e-17  4.9357413e-16  1.5267992e-16  4.7087434e-16  -1.8130060e-16  8.8954826e-16  1.5268911e-16  -2.9051194e-16  9.3158165e-16  -3.0565774e-16  -7.5034182e-16  8.8714886e-17  -7.1359807e-16  1.6533451e-16  -5.1185687e-16  1.0000000   -1.1033043e-15  2.9630382e-16  9.3495771e-16  -5.9589236e-16  6.1859595e-16  -5.1543265e-16  7.4627083e-17  -9.4755789e-17  -1.5458645e-15  5.1563589e-16  1.9382212e-16  1.5032261e-16  2.0577170e-16  1.1656676e-16  -2.3808771e-17  4.7542249e-17  4.9357413e-16  1.5267992e-16  4.7087434e-16  -1.8130060e-16  8.8954826e-16  1.5268911e-16  -2.9051194e-16  9.3158165e-16  -3.0565774e-16  -7.5034182e-16  
-4.0325597e-16  4.9346024e-16  3.9481272e-16  -8.3416072e-16  -1.1033043e-15  1.0000000   -7.7513022e-16  -5.6541090e-17  3.1015613e-16  1.5522511e-16  -1.8329106e-16  -1.0862253e-15  -5.8062390e-16  1.9152671e-16  9.4917756e-16  2.2032772e-16  -1.0154885e-15  -1.2638399e-15  2.2705398e-16  -3.9543221e-16  9.5652284e-16  2.6123426e-16  2.2976651e-16  6.9870949e-17  -2.3650697e-16  8.6250125e-16  2.7945967e-16  -1.0566876e-16  -5.5874313e-17  5.7102858e-17  3.9935846e-16  -4.0325597e-16  4.9346024e-16  3.9481272e-16  -8.3416072e-16  -1.1033043e-15  1.0000000   -7.7513022e-16  -5.6541090e-17  3.1015613e-16  1.5522511e-16  -1.8329106e-16  -1.0862253e-15  -5.8062390e-16  1.9152671e-16  9.4917756e-16  2.2032772e-16  -1.0154885e-15  -1.2638399e-15  2.2705398e-16  -3.9543221e-16  9.5652284e-16  2.6123426e-16  2.2976651e-16  6.9870949e-17  -2.3650697e-16  8.6250125e-16  2.7945967e-16  -1.0566876e-16  -5.5874313e-17  5.7102858e-17  3.9935846e-16  
-2.9785768e-16  -6.7883950e-16  -1.1214651e-15  2.2699672e-16  2.9630382e-16  -7.7513022e-16  1.0000000   1.4473398e-16  -7.9827367e-16  -3.2720415e-16  9.1153940e-16  -1.5331574e-16  6.8616233e-16  5.1051910e-17  2.3273643e-15  -4.3775094e-16  3.4649762e-16  2.8935424e-16  -3.5727537e-16  -5.0331234e-16  9.2313700e-16  -4.1459875e-16  3.1585961e-16  -4.9981403e-17  6.5489316e-16  5.6635700e-16  -3.2258765e-16  8.1670611e-16  4.6119283e-16  -1.7601112e-15  -8.7488232e-16  -2.9785768e-16  -6.7883950e-16  -1.1214651e-15  2.2699672e-16  2.9630382e-16  -7.7513022e-16  1.0000000   1.4473398e-16  -7.9827367e-16  -3.2720415e-16  9.1153940e-16  -1.5331574e-16  6.8616233e-16  5.1051910e-17  2.3273643e-15  -4.3775094e-16  3.4649762e-16  2.8935424e-16  -3.5727537e-16  -5.0331234e-16  9.2313700e-16  -4.1459875e-16  3.1585961e-16  -4.9981403e-17  6.5489316e-16  5.6635700e-16  -3.2258765e-16  8.1670611e-16  4.6119283e-16  -1.7601112e-15  -8.7488232e-16  
3.6574572e-16  -6.2112936e-17  -8.1601771e-16  1.7429746e-16  9.3495771e-16  -5.6541090e-17  1.4473398e-16  1.0000000   -6.3104411e-16  1.6050972e-17  -1.0346829e-16  4.3239621e-16  -8.0776131e-16  -7.8779553e-16  -5.6704043e-16  -4.4938553e-16  -4.7401168e-16  6.7751254e-16  2.3327986e-16  -1.6642784e-16  4.8677367e-16  5.7289549e-16  2.9494843e-16  8.9924636e-17  4.0227887e-16  -2.1657991e-16  -6.0898083e-16  -4.4986168e-16  2.4330725e-16  -9.2918174e-16  -4.7121061e-16  3.6574572e-16  -6.2112936e-17  -8.1601771e-16  1.7429746e-16  9.3495771e-16  -5.6541090e-17  1.4473398e-16  1.0000000   -6.3104411e-16  1.6050972e-17  -1.0346829e-16  4.3239621e-16  -8.0776131e-16  -7.8779553e-16  -5.6704043e-16  -4.4938553e-16  -4.7401168e-16  6.7751254e-16  2.3327986e-16  -1.6642784e-16  4.8677367e-16  5.7289549e-16  2.9494843e-16  8.9924636e-17  4.0227887e-16  -2.1657991e-16  -6.0898083e-16  -4.4986168e-16  2.4330725e-16  -9.2918174e-16  -4.7121061e-16  
3.5814414e-16  -1.6874120e-16  2.0814696e-16  -8.7875663e-17  -5.9589236e-16  3.1015613e-16  -7.9827367e-16  -6.3104411e-16  1.0000000   -4.1002424e-16  -9.1670424e-16  4.1325812e-16  -1.0324960e-16  2.0369281e-18  -5.3299173e-16  -5.3413452e-16  -1.3677403e-15  -1.1028352e-16  -5.2584778e-16  -9.4038478e-17  3.1832622e-16  -5.2595065e-17  2.0438933e-16  -8.2160518e-16  -1.6611323e-16  -1.1423718e-16  9.0365160e-16  2.1555751e-17  -2.7400347e-16  8.5907182e-16  9.5847001e-17  3.5814414e-16  -1.6874120e-16  2.0814696e-16  -8.7875663e-17  -5.9589236e-16  3.1015613e-16  -7.9827367e-16  -6.3104411e-16  1.0000000   -4.1002424e-16  -9.1670424e-16  4.1325812e-16  -1.0324960e-16  2.0369281e-18  -5.3299173e-16  -5.3413452e-16  -1.3677403e-15  -1.1028352e-16  -5.2584778e-16  -9.4038478e-17  3.1832622e-16  -5.2595065e-17  2.0438933e-16  -8.2160518e-16  -1.6611323e-16  -1.1423718e-16  9.0365160e-16  2.1555751e-17  -2.7400347e-16  8.5907182e-16  9.5847001e-17  
-8.3852664e-16  -9.0178271e-18  -5.2607508e-16  -4.4054380e-16  6.1859595e-16  1.5522511e-16  -3.2720415e-16  1.6050972e-17  -4.1002424e-16  1.0000000   2.1559748e-17  -1.3775632e-16  4.3954109e-16  1.5897617e-16  4.6478036e-16  5.4051289e-16  5.2702860e-17  -1.9485145e-16  5.5821820e-17  2.0592078e-16  -1.0279799e-15  -7.2556280e-16  -3.8215282e-16  1.1664698e-16  -1.1027323e-17  -2.3123687e-16  -6.0488034e-16  -1.5352180e-16  -6.0115404e-16  -2.9493554e-16  1.4230493e-16  -8.3852664e-16  -9.0178271e-18  -5.2607508e-16  -4.4054380e-16  6.1859595e-16  1.5522511e-16  -3.2720415e-16  1.6050972e-17  -4.1002424e-16  1.0000000   2.1559748e-17  -1.3775632e-16  4.3954109e-16  1.5897617e-16  4.6478036e-16  5.4051289e-16  5.2702860e-17  -1.9485145e-16  5.5821820e-17  2.0592078e-16  -1.0279799e-15  -7.2556280e-16  -3.8215282e-16  1.1664698e-16  -1.1027323e-17  -2.3123687e-16  -6.0488034e-16  -1.5352180e-16  -6.0115404e-16  -2.9493554e-16  1.4230493e-16  
