1.0000000   -3.4476743e-16  -6.1989967e-16  7.9130872e-17  2.2420925e-16  -1.7156319e-16  -5.0285007e-17  -2.1980798e-16  -7.6982593e-17  1.5843276e-16  -1.1606961e-16  1.6654691e-16  -6.5509095e-16  -3.9852390e-16  -5.1928941e-16  6.7801824e-16  5.6515915e-16  3.6899076e-16  -8.6544807e-17  6.7753902e-16  -2.4903841e-16  2.3930798e-18  7.8417506e-17  -8.9725401e-16  -6.7162085e-16  -1.8451525e-16  -9.8576394e-17  -1.0164810e-15  9.1693113e-16  -7.1143950e-16  5.6357588e-16  1.0000000   -3.4476743e-16  -6.1989967e-16  7.9130872e-17  2.2420925e-16  -1.7156319e-16  -5.0285007e-17  -2.1980798e-16  -7.6982593e-17  1.5843276e-16  -1.1606961e-16  1.6654691e-16  -6.5509095e-16  -3.9852390e-16  -5.1928941e-16  6.7801824e-16  5.6515915e-16  3.6899076e-16  -8.6544807e-17  6.7753902e-16  -2.4903841e-16  2.3930798e-18  7.8417506e-17  -8.9725401e-16  -6.7162085e-16  -1.8451525e-16  -9.8576394e-17  -1.0164810e-15  9.1693113e-16  -7.1143950e-16  5.6357588e-16  
-3.4476743e-16  1.0000000   7.9493140e-16  -8.2313385e-16  -1.0021729e-15  -3.7955814e-16  9.4190880e-16  1.0607020e-15  1.6631002e-16  -3.3865959e-16  2.9730195e-16  6.7771139e-17  -3.3176699e-16  4.8065561e-16  -2.0050870e-16  -6.2678848e-16  1.8974743e-16  7.0692928e-16  -1.5838149e-16  3.2346379e-16  1.8498635e-16  3.5244808e-16  -1.6421070e-16  -7.3066557e-16  3.0620655e-16  3.6294685e-16  8.5918081e-17  -2.9759685e-16  9.2270370e-16  6.9353573e-16  5.8541870e-16  -3.4476743e-16  1.0000000   7.9493140e-16  -8.2313385e-16  -1.0021729e-15  -3.7955814e-16  9.4190880e-16  1.0607020e-15  1.6631002e-16  -3.3865959e-16  2.9730195e-16  6.7771139e-17  -3.3176699e-16  4.8065561e-16  -2.0050870e-16  -6.2678848e-16  1.8974743e-16  7.0692928e-16  -1.5838149e-16  3.2346379e-16  1.8498635e-16  3.5244808e-16  -1.6421070e-16  -7.3066557e-16  3.0620655e-16  3.6294685e-16  8.5918081e-17  -2.9759685e-16  9.2270370e-16  6.9353573e-16  5.8541870e-16  
-6.1989967e-16  7.9493140e-16  1.0000000   -8.7013524e-16  -1.1822189e-16  -2.3956595e-16  -1.2779249e-15  4.2813073e-16  5.6926892e-16  -3.7149886e-16  3.4063053e-16  -5.7502060e-16  1.8064099e-16  2.0091733e-16  -3.2340861e-16  3.8182659e-16  -2.3104126e-17  8.5602705e-17  -2.4474303e-16  3.1163932e-16  2.5461615e-16  -1.0197679e-15  5.6289096e-16  3.3157241e-16  1.0648776e-15  -5.5204955e-17  7.5161924e-16  4.9572405e-17  -1.4356235e-16  -1.0026505e-16  6.3872312e-16  -6.1989967e-16  7.9493140e-16  1.0000000   -8.7013524e-16  -1.1822189e-16  -2.3956595e-16  -1.2779249e-15  4.2813073e-16  5.6926892e-16  -3.7149886e-16  3.4063053e-16  -5.7502060e-16  1.8064099e-16  2.0091733e-16  -3.2340861e-16  3.8182659e-16  -2.3104126e-17  8.5602705e-17  -2.4474303e-16  3.1163932e-16  2.5461615e-16  -1.0197679e-15  5.6289096e-16  3.3157241e-16  1.0648776e-15  -5.5204955e-17  7.5161924e-16  4.9572405e-17  -1.4356235e-16  -1.0026505e-16  6.3872312e-16  
7.9130872e-17  -8.2313385e-16  -8.7013524e-16  1.0000000   1.2642215e-17  -3.3683581e-16  3.5451913e-16  -4.2963054e-16  2.4660206e-18  -6.0763044e-16  3.1682599e-17  -1.6091011e-16  2.5064462e-16  2.5744877e-16  2.2021347e-16  3.8983587e-16  -5.9998408e-16  4.0217188e-16  -3.4233167e-17  -6.2352345e-16  -3.3988607e-16  3.1343581e-17  4.5912812e-16  5.7664762e-16  -4.2557424e-16  -5.9897354e-16  3.8996886e-16  3.2859291e-16  6.9214587e-16  7.5419369e-16  6.8054477e-16  7.9130872e-17  -8.2313385e-16  -8.7013524e-16  1.0000000   1.2642215e-17  -3.3683581e-16  3.5451913e-16  -4.2963054e-16  2.4660206e-18  -6.0763044e-16  3.1682599e-17  -1.6091011e-16  2.5064462e-16  2.5744877e-16  2.2021347e-16  3.8983587e-16  -5.9998408e-16  4.0217188e-16  -3.4233167e-17  -6.2352345e-16  -3.3988607e-16  3.1343581e-17  4.5912812e-16  5.7664762e-16  -4.2557424e-16  -5.9897354e-16  3.8996886e-16  3.2859291e-16  6.9214587e-16  7.5419369e-16  6.8054477e-16  
2.2420925e-16  -1.0021729e-15  -1.1822189e-16  1.2642215e-17  1.0000000   -2.3434371e-16  -2.5590591e-17  2.0453416e-16  -4.4010061e-16  -6.6256901e-16  -8.0047336e-16  -2.4978693e-16  1.1054493e-16  2.5996028e-16  3.4524967e-16  -6.5628434e-16  9.5956323e-16  -5.4956598e-16  -1.0609953e-15  6.4726618e-17  8.0013978e-17  -3.0411130e-18  -3.6796253e-16  -3.6347670e-16  7.5957654e-16  -2.5428713e-16  -4.8156911e-16  -3.8141960e-16  7.9804866e-17  -1.2378557e-15  1.2524739e-16  2.2420925e-16  -1.0021729e-15  -1.1822189e-16  1.2642215e-17  1.0000000   -2.3434371e-16  -2.5590591e-17  2.0453416e-16  -4.4010061e-16  -6.6256901e-16  -8.0047336e-16  -2.4978693e-16  1.1054493e-16  2.5996028e-16  3.4524967e-16  -6.5628434e-16  9.5956323e-16  -5.4956598e-16  -1.0609953e-15  6.4726618e-17  8.0013978e-17  -3.0411130e-18  -3.6796253e-16  -3.6347670e-16  7.5957654e-16  -2.5428713e-16  -4.8156911e-16  -3.8141960e-16  7.9804866e-17  -1.2378557e-15  1.2524739e-16  
-1.7156319e-16  -3.7955814e-16  -2.3956595e-16  -3.3683581e-16  -2.3434371e-16  1.0000000   -1.7068673e-16  -4.7565468e-17  -7.6597384e-16  1.7020620e-16  1.3956634e-16  -1.4195260e-16  -5.8191145e-17  -6.9309108e-17  -2.9717044e-16  -4.3226111e-16  -6.9661592e-16  -1.5004288e-16  7.4960614e-16  2.9099428e-16  3.6428223e-16  1.0398490e-16  -3.9540388e-17  4.2594433e-16  2.8047205e-16  7.9949462e-16  3.2362901e-16  6.9912030e-16  -1.3478430e-16  3.3174471e-16  9.0860062e-17  -1.7156319e-16  -3.7955814e-16  -2.3956595e-16  -3.3683581e-16  -2.3434371e-16  1.0000000   -1.7068673e-16  -4.7565468e-17  -7.6597384e-16  1.7020620e-16  1.3956634e-16  -1.4195260e-16  -5.8191145e-17  -6.9309108e-17  -2.9717044e-16  -4.3226111e-16  -6.9661592e-16  -1.5004288e-16  7.4960614e-16  2.9099428e-16  3.6428223e-16  1.0398490e-16  -3.9540388e-17  4.2594433e-16  2.8047205e-16  7.9949462e-16  3.2362901e-16  6.9912030e-16  -1.3478430e-16  3.3174471e-16  9.0860062e-17  
-5.0285007e-17  9.4190880e-16  -1.2779249e-15  3.5451913e-16  -2.5590591e-17  -1.7068673e-16  1.0000000   -2.6424406e-16  -2.9778680e-16  2.6597405e-16  -3.3978182e-16  1.2012189e-17  -2.5783233e-16  -2.2970685e-16  -3.5706391e-16  -6.6265339e-16  1.4183347e-16  -4.4955309e-16  -2.9777811e-17  9.9501007e-16  1.5713010e-16  1.4844420e-16  -5.3424678e-16  2.7166898e-16  -3.7898136e-16  4.4602823e-17  4.2846824e-16  2.1369539e-17  8.4299985e-16  8.5874296e-17  -5.6686665e-16  -5.0285007e-17  9.4190880e-16  -1.2779249e-15  3.5451913e-16  -2.5590591e-17  -1.7068673e-16  1.0000000   -2.6424406e-16  -2.9778680e-16  2.6597405e-16  -3.3978182e-16  1.2012189e-17  -2.5783233e-16  -2.2970685e-16  -3.5706391e-16  -6.6265339e-16  1.4183347e-16  -4.4955309e-16  -2.9777811e-17  9.9501007e-16  1.5713010e-16  1.4844420e-16  -5.3424678e-16  2.7166898e-16  -3.7898136e-16  4.4602823e-17  4.2846824e-16  2.1369539e-17  8.4299985e-16  8.5874296e-17  -5.6686665e-16  
-2.1980798e-16  1.0607020e-15  4.2813073e-16  -4.2963054e-16  2.0453416e-16  -4.7565468e-17  -2.6424406e-16  1.0000000   -1.2470232e-16  -6.2546713e-16  -3.4251039e-16  2.3064651e-16  -8.7627557e-17  -7.1733128e-16  -4.9104703e-16  2.5867729e-16  -6.9781911e-16  -1.2052444e-16  4.1210376e-16  -3.8771270e-16  -4.8163424e-16  -1.4747194e-16  -3.8565904e-16  -8.2840744e-17  6.9891253e-16  2.3417890e-16  -3.8138377e-16  2.9183307e-16  -4.7287819e-16  1.3128682e-17  3.5450411e-16  -2.1980798e-16  1.0607020e-15  4.2813073e-16  -4.2963054e-16  2.0453416e-16  -4.7565468e-17  -2.6424406e-16  1.0000000   -1.2470232e-16  -6.2546713e-16  -3.4251039e-16  2.3064651e-16  -8.7627557e-17  -7.1733128e-16  -4.9104703e-16  2.5867729e-16  -6.9781911e-16  -1.2052444e-16  4.1210376e-16  -3.8771270e-16  -4.8163424e-16  -1.4747194e-16  -3.8565904e-16  -8.2840744e-17  6.9891253e-16  2.3417890e-16  -3.8138377e-16  2.9183307e-16  -4.7287819e-16  1.3128682e-17  3.5450411e-16  
-7.6982593e-17  1.6631002e-16  5.6926892e-16  2.4660206e-18  -4.4010061e-16  -7.6597384e-16  -2.9778680e-16  -1.2470232e-16  1.0000000   -2.6140211e-16  -1.6995438e-16  -3.0958958e-16  -3.7675924e-16  3.9393668e-16  -3.2795532e-16  -2.0499778e-16  -1.2299178e-16  1.1519368e-16  -3.5648011e-16  -4.7444166e-16  4.3980653e-16  -2.0102441e-16  1.1393733e-15  -1.4835757e-16  4.5826197e-16  7.6240810e-16  2.8830175e-16  -2.6572717e-16  2.7365888e-16  -1.3956061e-16  -2.6415077e-16  -7.6982593e-17  1.6631002e-16  5.6926892e-16  2.4660206e-18  -4.4010061e-16  -7.6597384e-16  -2.9778680e-16  -1.2470232e-16  1.0000000   -2.6140211e-16  -1.6995438e-16  -3.0958958e-16  -3.7675924e-16  3.9393668e-16  -3.2795532e-16  -2.0499778e-16  -1.2299178e-16  1.1519368e-16  -3.5648011e-16  -4.7444166e-16  4.3980653e-16  -2.0102441e-16  1.1393733e-15  -1.4835757e-16  4.5826197e-16  7.6240810e-16  2.8830175e-16  -2.6572717e-16  2.7365888e-16  -1.3956061e-16  -2.6415077e-16  
1.5843276e-16  -3.3865959e-16  -3.7149886e-16  -6.0763044e-16  -6.6256901e-16  1.7020620e-16  2.6597405e-16  -6.2546713e-16  -2.6140211e-16  1.0000000   4.2413044e-17  2.1611626e-16  -2.6056368e-17  -2.3638615e-17  4.2898480e-16  -8.3814937e-17  -3.0367331e-16  3.3049248e-16  4.8589113e-16  1.0801297e-15  1.0450777e-16  -3.3395165e-16  9.3533941e-16  -7.0186183e-16  4.0227902e-16  3.7872103e-16  6.0183281e-16  9.0942366e-16  3.2124455e-16  -3.7054685e-17  4.2319499e-16  1.5843276e-16  -3.3865959e-16  -3.7149886e-16  -6.0763044e-16  -6.6256901e-16  1.7020620e-16  2.6597405e-16  -6.2546713e-16  -2.6140211e-16  1.0000000   4.2413044e-17  2.1611626e-16  -2.6056368e-17  -2.3638615e-17  4.2898480e-16  -8.3814937e-17  -3.0367331e-16  3.3049248e-16  4.8589113e-16  1.0801297e-15  1.0450777e-16  -3.3395165e-16  9.3533941e-16  -7.0186183e-16  4.0227902e-16  3.7872103e-16  6.0183281e-16  9.0942366e-16  3.2124455e-16  -3.7054685e-17  4.2319499e-16  
-1.1606961e-16  2.9730195e-16  3.4063053e-16  3.1682599e-17  -8.0047336e-16  1.3956634e-16  -3.3978182e-16  -3.4251039e-16  -1.6995438e-16  4.2413044e-17  1.0000000   5.5158815e-16  -3.0718809e-16  6.1993663e-17  -6.6074910e-16  -1.6784262e-17  -4.8705069e-17  1.8653985e-16  9.2604736e-17  -3.9765436e-16  9.6215276e-17  -4.0743356e-16  -5.8024331e-16  -6.0858472e-16  -6.6735014e-16  -8.4880645e-16  2.8031894e-17  -2.4237481e-16  2.4198487e-16  3.7881065e-16  -1.1967445e-16  -1.1606961e-16  2.9730195e-16  3.4063053e-16  3.1682599e-17  -8.0047336e-16  1.3956634e-16  -3.3978182e-16  -3.4251039e-16  -1.6995438e-16  4.2413044e-17  1.0000000   5.5158815e-16  -3.0718809e-16  6.1993663e-17  -6.6074910e-16  -1.6784262e-17  -4.8705069e-17  1.8653985e-16  9.2604736e-17  -3.9765436e-16  9.6215276e-17  -4.0743356e-16  -5.8024331e-16  -6.0858472e-16  -6.6735014e-16  -8.4880645e-16  2.8031894e-17  -2.4237481e-16  2.4198487e-16  3.7881065e-16  -1.1967445e-16  
1.6654691e-16  6.7771139e-17  -5.7502060e-16  -1.6091011e-16  -2.4978693e-16  -1.4195260e-16  1.2012189e-17  2.3064651e-16  -3.0958958e-16  2.1611626e-16  5.5158815e-16  1.0000000   -2.9939139e-16  1.1260086e-16  2.7273766e-16  -1.4270051e-16  3.7661332e-16  9.5934396e-17  5.5450352e-16  1.5722580e-16  -6.1225914e-16  -6.5081959e-16  -9.3054663e-16  -8.9587851e-16  -6.2179227e-16  -7.4122342e-16  -1.8242681e-17  -4.4272819e-16  3.1425651e-16  -3.8917352e-16  -8.8983286e-17  1.6654691e-16  6.7771139e-17  -5.7502060e-16  -1.6091011e-16  -2.4978693e-16  -1.4195260e-16  1.2012189e-17  2.3064651e-16  -3.0958958e-16  2.1611626e-16  5.5158815e-16  1.0000000   -2.9939139e-16  1.1260086e-16  2.7273766e-16  -1.4270051e-16  3.7661332e-16  9.5934396e-17  5.5450352e-16  1.5722580e-16  -6.1225914e-16  -6.5081959e-16  -9.3054663e-16  -8.9587851e-16  -6.2179227e-16  -7.4122342e-16  -1.8242681e-17  -4.4272819e-16  3.1425651e-16  -3.8917352e-16  -8.8983286e-17  
-6.5509095e-16  -3.3176699e-16  1.8064099e-16  2.5064462e-16  1.1054493e-16  -5.8191145e-17  -2.5783233e-16  -8.7627557e-17  -3.7675924e-16  -2.6056368e-17  -3.0718809e-16  -2.9939139e-16  1.0000000   -2.5947205e-16  9.7371550e-16  5.0621063e-17  -2.7328115e-16  -4.1443020e-16  1.6140049e-16  2.0432440e-16  4.7045602e-16  2.8785074e-16  3.4080353e-16  6.5309883e-16  7.7499928e-16  -3.0669345e-16  3.8412191e-16  -9.4636933e-16  8.2947167e-17  3.7969988e-16  4.8594784e-16  -6.5509095e-16  -3.3176699e-16  1.8064099e-16  2.5064462e-16  1.1054493e-16  -5.8191145e-17  -2.5783233e-16  -8.7627557e-17  -3.7675924e-16  -2.6056368e-17  -3.0718809e-16  -2.9939139e-16  1.0000000   -2.5947205e-16  9.7371550e-16  5.0621063e-17  -2.7328115e-16  -4.1443020e-16  1.6140049e-16  2.0432440e-16  4.7045602e-16  2.8785074e-16  3.4080353e-16  6.5309883e-16  7.7499928e-16  -3.0669345e-16  3.8412191e-16  -9.4636933e-16  8.2947167e-17  3.7969988e-16  4.8594784e-16  
-3.9852390e-16  4.8065561e-16  2.0091733e-16  2.5744877e-16  2.5996028e-16  -6.9309108e-17  -2.2970685e-16  -7.1733128e-16  3.9393668e-16  -2.3638615e-17  6.1993663e-17  1.1260086e-16  -2.5947205e-16  1.0000000   4.0139774e-16  8.3180691e-16  1.1556517e-16  2.2455729e-16  -2.9049035e-17  1.5081282e-16  -3.2847689e-17  -2.4270573e-16  1.0555558e-15  -3.0206225e-16  -2.8560152e-16  4.3539777e-16  2.8603168e-17  9.5563733e-17  -2.8805229e-16  2.0939727e-17  -2.0868011e-16  -3.9852390e-16  4.8065561e-16  2.0091733e-16  2.5744877e-16  2.5996028e-16  -6.9309108e-17  -2.2970685e-16  -7.1733128e-16  3.9393668e-16  -2.3638615e-17  6.1993663e-17  1.1260086e-16  -2.5947205e-16  1.0000000   4.0139774e-16  8.3180691e-16  1.1556517e-16  2.2455729e-16  -2.9049035e-17  1.5081282e-16  -3.2847689e-17  -2.4270573e-16  1.0555558e-15  -3.0206225e-16  -2.8560152e-16  4.3539777e-16  2.8603168e-17  9.5563733e-17  -2.8805229e-16  2.0939727e-17  -2.0868011e-16  
-5.1928941e-16  -2.0050870e-16  -3.2340861e-16  2.2021347e-16  3.4524967e-16  -2.9717044e-16  -3.5706391e-16  -4.9104703e-16  -3.2795532e-16  4.2898480e-16  -6.6074910e-16  2.7273766e-16  9.7371550e-16  4.0139774e-16  1.0000000   2.0643265e-16  1.7894529e-16  -7.5722089e-16  -1.1710074e-16  -1.1841284e-15  -2.0619365e-16  -2.5164319e-16  6.7784025e-16  3.0351855e-16  -4.5793359e-16  -3.9599595e-16  3.2554752e-16  5.9364430e-16  -7.3543140e-16  -1.3331117e-16  4.2973531e-16  -5.1928941e-16  -2.0050870e-16  -3.2340861e-16  2.2021347e-16  3.4524967e-16  -2.9717044e-16  -3.5706391e-16  -4.9104703e-16  -3.2795532e-16  4.2898480e-16  -6.6074910e-16  2.7273766e-16  9.7371550e-16  4.0139774e-16  1.0000000   2.0643265e-16  1.7894529e-16  -7.5722089e-16  -1.1710074e-16  -1.1841284e-15  -2.0619365e-16  -2.5164319e-16  6.7784025e-16  3.0351855e-16  -4.5793359e-16  -3.9599595e-16  3.2554752e-16  5.9364430e-16  -7.3543140e-16  -1.3331117e-16  4.2973531e-16  
6.7801824e-16  -6.2678848e-16  3.8182659e-16  3.8983587e-16  -6.5628434e-16  -4.3226111e-16  -6.6265339e-16  2.5867729e-16  -2.0499778e-16  -8.3814937e-17  -1.6784262e-17  -1.4270051e-16  5.0621063e-17  8.3180691e-16  2.0643265e-16  1.0000000   -2.7790214e-16  -9.5773362e-17  7.7582805e-17  -8.5819002e-16  -7.5976720e-16  -4.8301353e-16  -2.0870845e-16  5.7980397e-16  -4.0306709e-16  -2.6224593e-16  -4.7983993e-16  5.8512553e-16  7.8065862e-17  -5.3816692e-17  -4.5030950e-16  6.7801824e-16  -6.2678848e-16  3.8182659e-16  3.8983587e-16  -6.5628434e-16  -4.3226111e-16  -6.6265339e-16  2.5867729e-16  -2.0499778e-16  -8.3814937e-17  -1.6784262e-17  -1.4270051e-16  5.0621063e-17  8.3180691e-16  2.0643265e-16  1.0000000   -2.7790214e-16  -9.5773362e-17  7.7582805e-17  -8.5819002e-16  -7.5976720e-16  -4.8301353e-16  -2.0870845e-16  5.7980397e-16  -4.0306709e-16  -2.6224593e-16  -4.7983993e-16  5.8512553e-16  7.8065862e-17  -5.3816692e-17  -4.5030950e-16  
5.6515915e-16  1.8974743e-16  -2.3104126e-17  -5.9998408e-16  9.5956323e-16  -6.9661592e-16  1.4183347e-16  -6.9781911e-16  -1.2299178e-16  -3.0367331e-16  -4.8705069e-17  3.7661332e-16  -2.7328115e-16  1.1556517e-16  1.7894529e-16  -2.7790214e-16  1.0000000   -2.6862939e-17  -3.9950986e-17  1.5155113e-16  -9.1175952e-18  -3.3831392e-16  5.1099880e-16  4.6641432e-16  -1.3267781e-17  -5.0960241e-16  6.5932686e-16  -1.1062008e-16  8.2505353e-16  -4.5682186e-16  1.2214561e-16  5.6515915e-16  1.8974743e-16  -2.3104126e-17  -5.9998408e-16  9.5956323e-16  -6.9661592e-16  1.4183347e-16  -6.9781911e-16  -1.2299178e-16  -3.0367331e-16  -4.8705069e-17  3.7661332e-16  -2.7328115e-16  1.1556517e-16  1.7894529e-16  -2.7790214e-16  1.0000000   -2.6862939e-17  -3.9950986e-17  1.5155113e-16  -9.1175952e-18  -3.3831392e-16  5.1099880e-16  4.6641432e-16  -1.3267781e-17  -5.0960241e-16  6.5932686e-16  -1.1062008e-16  8.2505353e-16  -4.5682186e-16  1.2214561e-16  
3.6899076e-16  7.0692928e-16  8.5602705e-17  4.0217188e-16  -5.4956598e-16  -1.5004288e-16  -4.4955309e-16  -1.2052444e-16  1.1519368e-16  3.3049248e-16  1.8653985e-16  9.5934396e-17  -4.1443020e-16  2.2455729e-16  -7.5722089e-16  -9.5773362e-17  -2.6862939e-17  1.0000000   -1.2188930e-17  -1.1330461e-16  7.3628565e-16  -3.4939841e-16  -3.6955068e-16  -4.2571975e-18  -3.2076993e-16  1.6015890e-16  -6.7190568e-16  -4.5231544e-16  -4.0408178e-17  8.9777106e-17  -3.9478990e-16  3.6899076e-16  7.0692928e-16  8.5602705e-17  4.0217188e-16  -5.4956598e-16  -1.5004288e-16  -4.4955309e-16  -1.2052444e-16  1.1519368e-16  3.3049248e-16  1.8653985e-16  9.5934396e-17  -4.1443020e-16  2.2455729e-16  -7.5722089e-16  -9.5773362e-17  -2.6862939e-17  1.0000000   -1.2188930e-17  -1.1330461e-16  7.3628565e-16  -3.4939841e-16  -3.6955068e-16  -4.2571975e-18  -3.2076993e-16  1.6015890e-16  -6.7190568e-16  -4.5231544e-16  -4.0408178e-17  8.9777106e-17  -3.9478990e-16  
-8.6544807e-17  -1.5838149e-16  -2.4474303e-16  -3.4233167e-17  -1.0609953e-15  7.4960614e-16  -2.9777811e-17  4.1210376e-16  -3.5648011e-16  4.8589113e-16  9.2604736e-17  5.5450352e-16  1.6140049e-16  -2.9049035e-17  -1.1710074e-16  7.7582805e-17  -3.9950986e-17  -1.2188930e-17  1.0000000   -2.2042398e-17  1.0079604e-16  -3.3630865e-16  -5.2896409e-16  1.5703803e-16  -3.1115833e-16  4.3667463e-16  6.7639981e-17  -5.3730291e-16  1.0896804e-16  3.6522624e-16  -8.2953961e-16  -8.6544807e-17  -1.5838149e-16  -2.4474303e-16  -3.4233167e-17  -1.0609953e-15  7.4960614e-16  -2.9777811e-17  4.1210376e-16  -3.5648011e-16  4.8589113e-16  9.2604736e-17  5.5450352e-16  1.6140049e-16  -2.9049035e-17  -1.1710074e-16  7.7582805e-17  -3.9950986e-17  -1.2188930e-17  1.0000000   -2.2042398e-17  1.0079604e-16  -3.3630865e-16  -5.2896409e-16  1.5703803e-16  -3.1115833e-16  4.3667463e-16  6.7639981e-17  -5.3730291e-16  1.0896804e-16  3.6522624e-16  -8.2953961e-16  
6.7753902e-16  3.2346379e-16  3.1163932e-16  -6.2352345e-16  6.4726618e-17  2.9099428e-16  9.9501007e-16  -3.8771270e-16  -4.7444166e-16  1.0801297e-15  -3.9765436e-16  1.5722580e-16  2.0432440e-16  1.5081282e-16  -1.1841284e-15  -8.5819002e-16  1.5155113e-16  -1.1330461e-16  -2.2042398e-17  1.0000000   2.7560835e-16  -1.1089919e-16  -3.8202878e-16  -5.1718145e-16  9.9001699e-16  4.4624246e-16  -7.8950463e-16  -3.3997123e-19  -1.7746314e-16  -3.2041740e-16  -3.5909281e-16  6.7753902e-16  3.2346379e-16  3.1163932e-16  -6.2352345e-16  6.4726618e-17  2.9099428e-16  9.9501007e-16  -3.8771270e-16  -4.7444166e-16  1.0801297e-15  -3.9765436e-16  1.5722580e-16  2.0432440e-16  1.5081282e-16  -1.1841284e-15  -8.5819002e-16  1.5155113e-16  -1.1330461e-16  -2.2042398e-17  1.0000000   2.7560835e-16  -1.1089919e-16  -3.8202878e-16  -5.1718145e-16  9.9001699e-16  4.4624246e-16  -7.8950463e-16  -3.3997123e-19  -1.7746314e-16  -3.2041740e-16  -3.5909281e-16  
-2.4903841e-16  1.8498635e-16  2.5461615e-16  -3.3988607e-16  8.0013978e-17  3.6428223e-16  1.5713010e-16  -4.8163424e-16  4.3980653e-16  1.0450777e-16  9.6215276e-17  -6.1225914e-16  4.7045602e-16  -3.2847689e-17  -2.0619365e-16  -7.5976720e-16  -9.1175952e-18  7.3628565e-16  1.0079604e-16  2.7560835e-16  1.0000000   3.9637234e-17  -2.8475517e-16  -3.6646054e-17  2.6160848e-16  4.1250499e-16  2.7223233e-16  5.2627469e-16  -1.4979820e-16  -4.2882466e-16  1.0992973e-15  -2.4903841e-16  1.8498635e-16  2.5461615e-16  -3.3988607e-16  8.0013978e-17  3.6428223e-16  1.5713010e-16  -4.8163424e-16  4.3980653e-16  1.0450777e-16  9.6215276e-17  -6.1225914e-16  4.7045602e-16  -3.2847689e-17  -2.0619365e-16  -7.5976720e-16  -9.1175952e-18  7.3628565e-16  1.0079604e-16  2.7560835e-16  1.0000000   3.9637234e-17  -2.8475517e-16  -3.6646054e-17  2.6160848e-16  4.1250499e-16  2.7223233e-16  5.2627469e-16  -1.4979820e-16  -4.2882466e-16  1.0992973e-15  
2.3930798e-18  3.5244808e-16  -1.0197679e-15  3.1343581e-17  -3.0411130e-18  1.0398490e-16  1.4844420e-16  -1.4747194e-16  -2.0102441e-16  -3.3395165e-16  -4.0743356e-16  -6.5081959e-16  2.8785074e-16  -2.4270573e-16  -2.5164319e-16  -4.8301353e-16  -3.3831392e-16  -3.4939841e-16  -3.3630865e-16  -1.1089919e-16  3.9637234e-17  1.0000000   5.4236216e-16  7.4728516e-17  3.1368028e-16  2.4274160e-16  3.7273009e-16  -2.2592914e-16  -5.3370337e-16  -3.4202681e-17  -7.8795338e-17  2.3930798e-18  3.5244808e-16  -1.0197679e-15  3.1343581e-17  -3.0411130e-18  1.0398490e-16  1.4844420e-16  -1.4747194e-16  -2.0102441e-16  -3.3395165e-16  -4.0743356e-16  -6.5081959e-16  2.8785074e-16  -2.4270573e-16  -2.5164319e-16  -4.8301353e-16  -3.3831392e-16  -3.4939841e-16  -3.3630865e-16  -1.1089919e-16  3.9637234e-17  1.0000000   5.4236216e-16  7.4728516e-17  3.1368028e-16  2.4274160e-16  3.7273009e-16  -2.2592914e-16  -5.3370337e-16  -3.4202681e-17  -7.8795338e-17  
7.8417506e-17  -1.6421070e-16  5.6289096e-16  4.5912812e-16  -3.6796253e-16  -3.9540388e-17  -5.3424678e-16  -3.8565904e-16  1.1393733e-15  9.3533941e-16  -5.8024331e-16  -9.3054663e-16  3.4080353e-16  1.0555558e-15  6.7784025e-16  -2.0870845e-16  5.1099880e-16  -3.6955068e-16  -5.2896409e-16  -3.8202878e-16  -2.8475517e-16  5.4236216e-16  1.0000000   -2.0651345e-16  -6.6815915e-16  1.8598593e-16  -8.6778602e-16  -4.5946984e-16  -9.2049762e-16  -5.7071089e-16  3.0998155e-16  7.8417506e-17  -1.6421070e-16  5.6289096e-16  4.5912812e-16  -3.6796253e-16  -3.9540388e-17  -5.3424678e-16  -3.8565904e-16  1.1393733e-15  9.3533941e-16  -5.8024331e-16  -9.3054663e-16  3.4080353e-16  1.0555558e-15  6.7784025e-16  -2.0870845e-16  5.1099880e-16  -3.6955068e-16  -5.2896409e-16  -3.8202878e-16  -2.8475517e-16  5.4236216e-16  1.0000000   -2.0651345e-16  -6.6815915e-16  1.8598593e-16  -8.6778602e-16  -4.5946984e-16  -9.2049762e-16  -5.7071089e-16  3.0998155e-16  
-8.9725401e-16  -7.3066557e-16  3.3157241e-16  5.7664762e-16  -3.6347670e-16  4.2594433e-16  2.7166898e-16  -8.2840744e-17  -1.4835757e-16  -7.0186183e-16  -6.0858472e-16  -8.9587851e-16  6.5309883e-16  -3.0206225e-16  3.0351855e-16  5.7980397e-16  4.6641432e-16  -4.2571975e-18  1.5703803e-16  -5.1718145e-16  -3.6646054e-17  7.4728516e-17  -2.0651345e-16  1.0000000   3.3109223e-17  3.2241606e-16  -1.0543581e-15  1.9998326e-16  -6.3748262e-18  9.9890073e-17  3.4188263e-17  -8.9725401e-16  -7.3066557e-16  3.3157241e-16  5.7664762e-16  -3.6347670e-16  4.2594433e-16  2.7166898e-16  -8.2840744e-17  -1.4835757e-16  -7.0186183e-16  -6.0858472e-16  -8.9587851e-16  6.5309883e-16  -3.0206225e-16  3.0351855e-16  5.7980397e-16  4.6641432e-16  -4.2571975e-18  1.5703803e-16  -5.1718145e-16  -3.6646054e-17  7.4728516e-17  -2.0651345e-16  1.0000000   3.3109223e-17  3.2241606e-16  -1.0543581e-15  1.9998326e-16  -6.3748262e-18  9.9890073e-17  3.4188263e-17  
-6.7162085e-16  3.0620655e-16  1.0648776e-15  -4.2557424e-16  7.5957654e-16  2.8047205e-16  -3.7898136e-16  6.9891253e-16  4.5826197e-16  4.0227902e-16  -6.6735014e-16  -6.2179227e-16  7.7499928e-16  -2.8560152e-16  -4.5793359e-16  -4.0306709e-16  -1.3267781e-17  -3.2076993e-16  -3.1115833e-16  9.9001699e-16  2.6160848e-16  3.1368028e-16  -6.6815915e-16  3.3109223e-17  1.0000000   1.9939459e-16  2.1461057e-16  5.9274667e-16  -1.9665676e-17  -3.4016313e-16  -5.4770966e-16  -6.7162085e-16  3.0620655e-16  1.0648776e-15  -4.2557424e-16  7.5957654e-16  2.8047205e-16  -3.7898136e-16  6.9891253e-16  4.5826197e-16  4.0227902e-16  -6.6735014e-16  -6.2179227e-16  7.7499928e-16  -2.8560152e-16  -4.5793359e-16  -4.0306709e-16  -1.3267781e-17  -3.2076993e-16  -3.1115833e-16  9.9001699e-16  2.6160848e-16  3.1368028e-16  -6.6815915e-16  3.3109223e-17  1.0000000   1.9939459e-16  2.1461057e-16  5.9274667e-16  -1.9665676e-17  -3.4016313e-16  -5.4770966e-16  
-1.8451525e-16  3.6294685e-16  -5.5204955e-17  -5.9897354e-16  -2.5428713e-16  7.9949462e-16  4.4602823e-17  2.3417890e-16  7.6240810e-16  3.7872103e-16  -8.4880645e-16  -7.4122342e-16  -3.0669345e-16  4.3539777e-16  -3.9599595e-16  -2.6224593e-16  -5.0960241e-16  1.6015890e-16  4.3667463e-16  4.4624246e-16  4.1250499e-16  2.4274160e-16  1.8598593e-16  3.2241606e-16  1.9939459e-16  1.0000000   -3.3594063e-16  -2.2400890e-16  -7.3082970e-16  2.8619410e-16  -2.9124976e-17  -1.8451525e-16  3.6294685e-16  -5.5204955e-17  -5.9897354e-16  -2.5428713e-16  7.9949462e-16  4.4602823e-17  2.3417890e-16  7.6240810e-16  3.7872103e-16  -8.4880645e-16  -7.4122342e-16  -3.0669345e-16  4.3539777e-16  -3.9599595e-16  -2.6224593e-16  -5.0960241e-16  1.6015890e-16  4.3667463e-16  4.4624246e-16  4.1250499e-16  2.4274160e-16  1.8598593e-16  3.2241606e-16  1.9939459e-16  1.0000000   -3.3594063e-16  -2.2400890e-16  -7.3082970e-16  2.8619410e-16  -2.9124976e-17  
-9.8576394e-17  8.5918081e-17  7.5161924e-16  3.8996886e-16  -4.8156911e-16  3.2362901e-16  4.2846824e-16  -3.8138377e-16  2.8830175e-16  6.0183281e-16  2.8031894e-17  -1.8242681e-17  3.8412191e-16  2.8603168e-17  3.2554752e-16  -4.7983993e-16  6.5932686e-16  -6.7190568e-16  6.7639981e-17  -7.8950463e-16  2.7223233e-16  3.7273009e-16  -8.6778602e-16  -1.0543581e-15  2.1461057e-16  -3.3594063e-16  1.0000000   6.0802890e-16  -6.5296945e-16  1.7743701e-16  3.5124053e-16  -9.8576394e-17  8.5918081e-17  7.5161924e-16  3.8996886e-16  -4.8156911e-16  3.2362901e-16  4.2846824e-16  -3.8138377e-16  2.8830175e-16  6.0183281e-16  2.8031894e-17  -1.8242681e-17  3.8412191e-16  2.8603168e-17  3.2554752e-16  -4.7983993e-16  6.5932686e-16  -6.7190568e-16  6.7639981e-17  -7.8950463e-16  2.7223233e-16  3.7273009e-16  -8.6778602e-16  -1.0543581e-15  2.1461057e-16  -3.3594063e-16  1.0000000   6.0802890e-16  -6.5296945e-16  1.7743701e-16  3.5124053e-16  
-1.0164810e-15  -2.9759685e-16  4.9572405e-17  3.2859291e-16  -3.8141960e-16  6.9912030e-16  2.1369539e-17  2.9183307e-16  -2.6572717e-16  9.0942366e-16  -2.4237481e-16  -4.4272819e-16  -9.4636933e-16  9.5563733e-17  5.9364430e-16  5.8512553e-16  -1.1062008e-16  -4.5231544e-16  -5.3730291e-16  -3.3997123e-19  5.2627469e-16  -2.2592914e-16  -4.5946984e-16  1.9998326e-16  5.9274667e-16  -2.2400890e-16  6.0802890e-16  1.0000000   -3.2598634e-16  2.1394809e-16  5.6836467e-16  -1.0164810e-15  -2.9759685e-16  4.9572405e-17  3.2859291e-16  -3.8141960e-16  6.9912030e-16  2.1369539e-17  2.9183307e-16  -2.6572717e-16  9.0942366e-16  -2.4237481e-16  -4.4272819e-16  -9.4636933e-16  9.5563733e-17  5.9364430e-16  5.8512553e-16  -1.1062008e-16  -4.5231544e-16  -5.3730291e-16  -3.3997123e-19  5.2627469e-16  -2.2592914e-16  -4.5946984e-16  1.9998326e-16  5.9274667e-16  -2.2400890e-16  6.0802890e-16  1.0000000   -3.2598634e-16  2.1394809e-16  5.6836467e-16  
9.1693113e-16  9.2270370e-16  -1.4356235e-16  6.9214587e-16  7.9804866e-17  -1.3478430e-16  8.4299985e-16  -4.7287819e-16  2.7365888e-16  3.2124455e-16  2.4198487e-16  3.1425651e-16  8.2947167e-17  -2.8805229e-16  -7.3543140e-16  7.8065862e-17  8.2505353e-16  -4.0408178e-17  1.0896804e-16  -1.7746314e-16  -1.4979820e-16  -5.3370337e-16  -9.2049762e-16  -6.3748262e-18  -1.9665676e-17  -7.3082970e-16  -6.5296945e-16  -3.2598634e-16  1.0000000   2.2817859e-16  -1.6465698e-16  9.1693113e-16  9.2270370e-16  -1.4356235e-16  6.9214587e-16  7.9804866e-17  -1.3478430e-16  8.4299985e-16  -4.7287819e-16  2.7365888e-16  3.2124455e-16  2.4198487e-16  3.1425651e-16  8.2947167e-17  -2.8805229e-16  -7.3543140e-16  7.8065862e-17  8.2505353e-16  -4.0408178e-17  1.0896804e-16  -1.7746314e-16  -1.4979820e-16  -5.3370337e-16  -9.2049762e-16  -6.3748262e-18  -1.9665676e-17  -7.3082970e-16  -6.5296945e-16  -3.2598634e-16  1.0000000   2.2817859e-16  -1.6465698e-16  
-7.1143950e-16  6.9353573e-16  -1.0026505e-16  7.5419369e-16  -1.2378557e-15  3.3174471e-16  8.5874296e-17  1.3128682e-17  -1.3956061e-16  -3.7054685e-17  3.7881065e-16  -3.8917352e-16  3.7969988e-16  2.0939727e-17  -1.3331117e-16  -5.3816692e-17  -4.5682186e-16  8.9777106e-17  3.6522624e-16  -3.2041740e-16  -4.2882466e-16  -3.4202681e-17  -5.7071089e-16  9.9890073e-17  -3.4016313e-16  2.8619410e-16  1.7743701e-16  2.1394809e-16  2.2817859e-16  1.0000000   4.3465428e-16  -7.1143950e-16  6.9353573e-16  -1.0026505e-16  7.5419369e-16  -1.2378557e-15  3.3174471e-16  8.5874296e-17  1.3128682e-17  -1.3956061e-16  -3.7054685e-17  3.7881065e-16  -3.8917352e-16  3.7969988e-16  2.0939727e-17  -1.3331117e-16  -5.3816692e-17  -4.5682186e-16  8.9777106e-17  3.6522624e-16  -3.2041740e-16  -4.2882466e-16  -3.4202681e-17  -5.7071089e-16  9.9890073e-17  -3.4016313e-16  2.8619410e-16  1.7743701e-16  2.1394809e-16  2.2817859e-16  1.0000000   4.3465428e-16  
5.6357588e-16  5.8541870e-16  6.3872312e-16  6.8054477e-16  1.2524739e-16  9.0860062e-17  -5.6686665e-16  3.5450411e-16  -2.6415077e-16  4.2319499e-16  -1.1967445e-16  -8.8983286e-17  4.8594784e-16  -2.0868011e-16  4.2973531e-16  -4.5030950e-16  1.2214561e-16  -3.9478990e-16  -8.2953961e-16  -3.5909281e-16  1.0992973e-15  -7.8795338e-17  3.0998155e-16  3.4188263e-17  -5.4770966e-16  -2.9124976e-17  3.5124053e-16  5.6836467e-16  -1.6465698e-16  4.3465428e-16  1.0000000   5.6357588e-16  5.8541870e-16  6.3872312e-16  6.8054477e-16  1.2524739e-16  9.0860062e-17  -5.6686665e-16  3.5450411e-16  -2.6415077e-16  4.2319499e-16  -1.1967445e-16  -8.8983286e-17  4.8594784e-16  -2.0868011e-16  4.2973531e-16  -4.5030950e-16  1.2214561e-16  -3.9478990e-16  -8.2953961e-16  -3.5909281e-16  1.0992973e-15  -7.8795338e-17  3.0998155e-16  3.4188263e-17  -5.4770966e-16  -2.9124976e-17  3.5124053e-16  5.6836467e-16  -1.6465698e-16  4.3465428e-16  1.0000000   
1.0000000   -3.4476743e-16  -6.1989967e-16  7.9130872e-17  2.2420925e-16  -1.7156319e-16  -5.0285007e-17  -2.1980798e-16  -7.6982593e-17  1.5843276e-16  -1.1606961e-16  1.6654691e-16  -6.5509095e-16  -3.9852390e-16  -5.1928941e-16  6.7801824e-16  5.6515915e-16  3.6899076e-16  -8.6544807e-17  6.7753902e-16  -2.4903841e-16  2.3930798e-18  7.8417506e-17  -8.9725401e-16  -6.7162085e-16  -1.8451525e-16  -9.8576394e-17  -1.0164810e-15  9.1693113e-16  -7.1143950e-16  5.6357588e-16  1.0000000   -3.4476743e-16  -6.1989967e-16  7.9130872e-17  2.2420925e-16  -1.7156319e-16  -5.0285007e-17  -2.1980798e-16  -7.6982593e-17  1.5843276e-16  -1.1606961e-16  1.6654691e-16  -6.5509095e-16  -3.9852390e-16  -5.1928941e-16  6.7801824e-16  5.6515915e-16  3.6899076e-16  -8.6544807e-17  6.7753902e-16  -2.4903841e-16  2.3930798e-18  7.8417506e-17  -8.9725401e-16  -6.7162085e-16  -1.8451525e-16  -9.8576394e-17  -1.0164810e-15  9.1693113e-16  -7.1143950e-16  5.6357588e-16  
-3.4476743e-16  1.0000000   7.9493140e-16  -8.2313385e-16  -1.0021729e-15  -3.7955814e-16  9.4190880e-16  1.0607020e-15  1.6631002e-16  -3.3865959e-16  2.9730195e-16  6.7771139e-17  -3.3176699e-16  4.8065561e-16  -2.0050870e-16  -6.2678848e-16  1.8974743e-16  7.0692928e-16  -1.5838149e-16  3.2346379e-16  1.8498635e-16  3.5244808e-16  -1.6421070e-16  -7.3066557e-16  3.0620655e-16  3.6294685e-16  8.5918081e-17  -2.9759685e-16  9.2270370e-16  6.9353573e-16  5.8541870e-16  -3.4476743e-16  1.0000000   7.9493140e-16  -8.2313385e-16  -1.0021729e-15  -3.7955814e-16  9.4190880e-16  1.0607020e-15  1.6631002e-16  -3.3865959e-16  2.9730195e-16  6.7771139e-17  -3.3176699e-16  4.8065561e-16  -2.0050870e-16  -6.2678848e-16  1.8974743e-16  7.0692928e-16  -1.5838149e-16  3.2346379e-16  1.8498635e-16  3.5244808e-16  -1.6421070e-16  -7.3066557e-16  3.0620655e-16  3.6294685e-16  8.5918081e-17  -2.9759685e-16  9.2270370e-16  6.9353573e-16  5.8541870e-16  
-6.1989967e-16  7.9493140e-16  1.0000000   -8.7013524e-16  -1.1822189e-16  -2.3956595e-16  -1.2779249e-15  4.2813073e-16  5.6926892e-16  -3.7149886e-16  3.4063053e-16  -5.7502060e-16  1.8064099e-16  2.0091733e-16  -3.2340861e-16  3.8182659e-16  -2.3104126e-17  8.5602705e-17  -2.4474303e-16  3.1163932e-16  2.5461615e-16  -1.0197679e-15  5.6289096e-16  3.3157241e-16  1.0648776e-15  -5.5204955e-17  7.5161924e-16  4.9572405e-17  -1.4356235e-16  -1.0026505e-16  6.3872312e-16  -6.1989967e-16  7.9493140e-16  1.0000000   -8.7013524e-16  -1.1822189e-16  -2.3956595e-16  -1.2779249e-15  4.2813073e-16  5.6926892e-16  -3.7149886e-16  3.4063053e-16  -5.7502060e-16  1.8064099e-16  2.0091733e-16  -3.2340861e-16  3.8182659e-16  -2.3104126e-17  8.5602705e-17  -2.4474303e-16  3.1163932e-16  2.5461615e-16  -1.0197679e-15  5.6289096e-16  3.3157241e-16  1.0648776e-15  -5.5204955e-17  7.5161924e-16  4.9572405e-17  -1.4356235e-16  -1.0026505e-16  6.3872312e-16  
7.9130872e-17  -8.2313385e-16  -8.7013524e-16  1.0000000   1.2642215e-17  -3.3683581e-16  3.5451913e-16  -4.2963054e-16  2.4660206e-18  -6.0763044e-16  3.1682599e-17  -1.6091011e-16  2.5064462e-16  2.5744877e-16  2.2021347e-16  3.8983587e-16  -5.9998408e-16  4.0217188e-16  -3.4233167e-17  -6.2352345e-16  -3.3988607e-16  3.1343581e-17  4.5912812e-16  5.7664762e-16  -4.2557424e-16  -5.9897354e-16  3.8996886e-16  3.2859291e-16  6.9214587e-16  7.5419369e-16  6.8054477e-16  7.9130872e-17  -8.2313385e-16  -8.7013524e-16  1.0000000   1.2642215e-17  -3.3683581e-16  3.5451913e-16  -4.2963054e-16  2.4660206e-18  -6.0763044e-16  3.1682599e-17  -1.6091011e-16  2.5064462e-16  2.5744877e-16  2.2021347e-16  3.8983587e-16  -5.9998408e-16  4.0217188e-16  -3.4233167e-17  -6.2352345e-16  -3.3988607e-16  3.1343581e-17  4.5912812e-16  5.7664762e-16  -4.2557424e-16  -5.9897354e-16  3.8996886e-16  3.2859291e-16  6.9214587e-16  7.5419369e-16  6.8054477e-16  
2.2420925e-16  -1.0021729e-15  -1.1822189e-16  1.2642215e-17  1.0000000   -2.3434371e-16  -2.5590591e-17  2.0453416e-16  -4.4010061e-16  -6.6256901e-16  -8.0047336e-16  -2.4978693e-16  1.1054493e-16  2.5996028e-16  3.4524967e-16  -6.5628434e-16  9.5956323e-16  -5.4956598e-16  -1.0609953e-15  6.4726618e-17  8.0013978e-17  -3.0411130e-18  -3.6796253e-16  -3.6347670e-16  7.5957654e-16  -2.5428713e-16  -4.8156911e-16  -3.8141960e-16  7.9804866e-17  -1.2378557e-15  1.2524739e-16  2.2420925e-16  -1.0021729e-15  -1.1822189e-16  1.2642215e-17  1.0000000   -2.3434371e-16  -2.5590591e-17  2.0453416e-16  -4.4010061e-16  -6.6256901e-16  -8.0047336e-16  -2.4978693e-16  1.1054493e-16  2.5996028e-16  3.4524967e-16  -6.5628434e-16  9.5956323e-16  -5.4956598e-16  -1.0609953e-15  6.4726618e-17  8.0013978e-17  -3.0411130e-18  -3.6796253e-16  -3.6347670e-16  7.5957654e-16  -2.5428713e-16  -4.8156911e-16  -3.8141960e-16  7.9804866e-17  -1.2378557e-15  1.2524739e-16  
-1.7156319e-16  -3.7955814e-16  -2.3956595e-16  -3.3683581e-16  -2.3434371e-16  1.0000000   -1.7068673e-16  -4.7565468e-17  -7.6597384e-16  1.7020620e-16  1.3956634e-16  -1.4195260e-16  -5.8191145e-17  -6.9309108e-17  -2.9717044e-16  -4.3226111e-16  -6.9661592e-16  -1.5004288e-16  7.4960614e-16  2.9099428e-16  3.6428223e-16  1.0398490e-16  -3.9540388e-17  4.2594433e-16  2.8047205e-16  7.9949462e-16  3.2362901e-16  6.9912030e-16  -1.3478430e-16  3.3174471e-16  9.0860062e-17  -1.7156319e-16  -3.7955814e-16  -2.3956595e-16  -3.3683581e-16  -2.3434371e-16  1.0000000   -1.7068673e-16  -4.7565468e-17  -7.6597384e-16  1.7020620e-16  1.3956634e-16  -1.4195260e-16  -5.8191145e-17  -6.9309108e-17  -2.9717044e-16  -4.3226111e-16  -6.9661592e-16  -1.5004288e-16  7.4960614e-16  2.9099428e-16  3.6428223e-16  1.0398490e-16  -3.9540388e-17  4.2594433e-16  2.8047205e-16  7.9949462e-16  3.2362901e-16  6.9912030e-16  -1.3478430e-16  3.3174471e-16  9.0860062e-17  
-5.0285007e-17  9.4190880e-16  -1.2779249e-15  3.5451913e-16  -2.5590591e-17  -1.7068673e-16  1.0000000   -2.6424406e-16  -2.9778680e-16  2.6597405e-16  -3.3978182e-16  1.2012189e-17  -2.5783233e-16  -2.2970685e-16  -3.5706391e-16  -6.6265339e-16  1.4183347e-16  -4.4955309e-16  -2.9777811e-17  9.9501007e-16  1.5713010e-16  1.4844420e-16  -5.3424678e-16  2.7166898e-16  -3.7898136e-16  4.4602823e-17  4.2846824e-16  2.1369539e-17  8.4299985e-16  8.5874296e-17  -5.6686665e-16  -5.0285007e-17  9.4190880e-16  -1.2779249e-15  3.5451913e-16  -2.5590591e-17  -1.7068673e-16  1.0000000   -2.6424406e-16  -2.9778680e-16  2.6597405e-16  -3.3978182e-16  1.2012189e-17  -2.5783233e-16  -2.2970685e-16  -3.5706391e-16  -6.6265339e-16  1.4183347e-16  -4.4955309e-16  -2.9777811e-17  9.9501007e-16  1.5713010e-16  1.4844420e-16  -5.3424678e-16  2.7166898e-16  -3.7898136e-16  4.4602823e-17  4.2846824e-16  2.1369539e-17  8.4299985e-16  8.5874296e-17  -5.6686665e-16  
-2.1980798e-16  1.0607020e-15  4.2813073e-16  -4.2963054e-16  2.0453416e-16  -4.7565468e-17  -2.6424406e-16  1.0000000   -1.2470232e-16  -6.2546713e-16  -3.4251039e-16  2.3064651e-16  -8.7627557e-17  -7.1733128e-16  -4.9104703e-16  2.5867729e-16  -6.9781911e-16  -1.2052444e-16  4.1210376e-16  -3.8771270e-16  -4.8163424e-16  -1.4747194e-16  -3.8565904e-16  -8.2840744e-17  6.9891253e-16  2.3417890e-16  -3.8138377e-16  2.9183307e-16  -4.7287819e-16  1.3128682e-17  3.5450411e-16  -2.1980798e-16  1.0607020e-15  4.2813073e-16  -4.2963054e-16  2.0453416e-16  -4.7565468e-17  -2.6424406e-16  1.0000000   -1.2470232e-16  -6.2546713e-16  -3.4251039e-16  2.3064651e-16  -8.7627557e-17  -7.1733128e-16  -4.9104703e-16  2.5867729e-16  -6.9781911e-16  -1.2052444e-16  4.1210376e-16  -3.8771270e-16  -4.8163424e-16  -1.4747194e-16  -3.8565904e-16  -8.2840744e-17  6.9891253e-16  2.3417890e-16  -3.8138377e-16  2.9183307e-16  -4.7287819e-16  1.3128682e-17  3.5450411e-16  
-7.6982593e-17  1.6631002e-16  5.6926892e-16  2.4660206e-18  -4.4010061e-16  -7.6597384e-16  -2.9778680e-16  -1.2470232e-16  1.0000000   -2.6140211e-16  -1.6995438e-16  -3.0958958e-16  -3.7675924e-16  3.9393668e-16  -3.2795532e-16  -2.0499778e-16  -1.2299178e-16  1.1519368e-16  -3.5648011e-16  -4.7444166e-16  4.3980653e-16  -2.0102441e-16  1.1393733e-15  -1.4835757e-16  4.5826197e-16  7.6240810e-16  2.8830175e-16  -2.6572717e-16  2.7365888e-16  -1.3956061e-16  -2.6415077e-16  -7.6982593e-17  1.6631002e-16  5.6926892e-16  2.4660206e-18  -4.4010061e-16  -7.6597384e-16  -2.9778680e-16  -1.2470232e-16  1.0000000   -2.6140211e-16  -1.6995438e-16  -3.0958958e-16  -3.7675924e-16  3.9393668e-16  -3.2795532e-16  -2.0499778e-16  -1.2299178e-16  1.1519368e-16  -3.5648011e-16  -4.7444166e-16  4.3980653e-16  -2.0102441e-16  1.1393733e-15  -1.4835757e-16  4.5826197e-16  7.6240810e-16  2.8830175e-16  -2.6572717e-16  2.7365888e-16  -1.3956061e-16  -2.6415077e-16  
1.5843276e-16  -3.3865959e-16  -3.7149886e-16  -6.0763044e-16  -6.6256901e-16  1.7020620e-16  2.6597405e-16  -6.2546713e-16  -2.6140211e-16  1.0000000   4.2413044e-17  2.1611626e-16  -2.6056368e-17  -2.3638615e-17  4.2898480e-16  -8.3814937e-17  -3.0367331e-16  3.3049248e-16  4.8589113e-16  1.0801297e-15  1.0450777e-16  -3.3395165e-16  9.3533941e-16  -7.0186183e-16  4.0227902e-16  3.7872103e-16  6.0183281e-16  9.0942366e-16  3.2124455e-16  -3.7054685e-17  4.2319499e-16  1.5843276e-16  -3.3865959e-16  -3.7149886e-16  -6.0763044e-16  -6.6256901e-16  1.7020620e-16  2.6597405e-16  -6.2546713e-16  -2.6140211e-16  1.0000000   4.2413044e-17  2.1611626e-16  -2.6056368e-17  -2.3638615e-17  4.2898480e-16  -8.3814937e-17  -3.0367331e-16  3.3049248e-16  4.8589113e-16  1.0801297e-15  1.0450777e-16  -3.3395165e-16  9.3533941e-16  -7.0186183e-16  4.0227902e-16  3.7872103e-16  6.0183281e-16  9.0942366e-16  3.2124455e-16  -3.7054685e-17  4.2319499e-16  
