1.0000000   -7.4511619e-16  2.4974025e-16  5.9312320e-16  -5.5546431e-16  -7.7246516e-17  4.7067988e-16  -1.1551522e-16  3.4411460e-16  5.3225846e-16  3.9182830e-16  2.1778763e-16  -2.4112414e-16  -7.4104817e-16  4.1230397e-17  3.0114006e-16  -2.4242671e-16  -2.2918534e-16  6.2148752e-17  5.4432700e-16  -5.1781154e-16  6.5159971e-16  -2.4682612e-16  -5.4923627e-16  5.8151419e-17  9.5230926e-16  -7.5833281e-16  4.0520935e-17  6.3135827e-16  -1.3628760e-17  -4.6047871e-16  1.0000000   -7.4511619e-16  2.4974025e-16  5.9312320e-16  -5.5546431e-16  -7.7246516e-17  4.7067988e-16  -1.1551522e-16  3.4411460e-16  5.3225846e-16  3.9182830e-16  2.1778763e-16  -2.4112414e-16  -7.4104817e-16  4.1230397e-17  3.0114006e-16  -2.4242671e-16  -2.2918534e-16  6.2148752e-17  5.4432700e-16  -5.1781154e-16  6.5159971e-16  -2.4682612e-16  -5.4923627e-16  5.8151419e-17  9.5230926e-16  -7.5833281e-16  4.0520935e-17  6.3135827e-16  -1.3628760e-17  -4.6047871e-16  
-7.4511619e-16  1.0000000   1.4523858e-16  -5.9183757e-16  -1.7086480e-16  -3.8150235e-16  4.7436699e-16  6.0745620e-17  8.9201654e-16  -7.4686153e-16  1.3121843e-16  -3.2716333e-16  -1.7787570e-16  -6.1179687e-16  1.7531428e-16  -3.1517208e-16  9.7754914e-18  -2.2627055e-16  4.5316901e-16  -2.8381920e-16  4.5876996e-16  1.9593115e-16  2.6636426e-16  6.4067980e-16  -4.5802162e-16  5.5742337e-16  -8.4658060e-16  -8.0997930e-16  -2.0182359e-16  2.0946529e-16  -8.9909268e-17  -7.4511619e-16  1.0000000   1.4523858e-16  -5.9183757e-16  -1.7086480e-16  -3.8150235e-16  4.7436699e-16  6.0745620e-17  8.9201654e-16  -7.4686153e-16  1.3121843e-16  -3.2716333e-16  -1.7787570e-16  -6.1179687e-16  1.7531428e-16  -3.1517208e-16  9.7754914e-18  -2.2627055e-16  4.5316901e-16  -2.8381920e-16  4.5876996e-16  1.9593115e-16  2.6636426e-16  6.4067980e-16  -4.5802162e-16  5.5742337e-16  -8.4658060e-16  -8.0997930e-16  -2.0182359e-16  2.0946529e-16  -8.9909268e-17  
2.4974025e-16  1.4523858e-16  1.0000000   -7.9765745e-16  -7.3318260e-16  1.9012904e-16  3.6413122e-16  3.2141779e-16  -1.6792990e-16  -8.0972131e-16  -2.5517931e-16  -1.0577009e-16  -2.6129335e-16  -2.2848163e-16  8.5613453e-16  -4.9102880e-16  -9.4466210e-17  -7.3428510e-16  9.1064611e-16  -3.3210632e-16  2.5526833e-16  -4.6886516e-16  -3.9659030e-16  1.5065597e-16  -1.0152624e-16  -2.7186344e-16  6.1105701e-17  2.0684253e-17  -1.9454845e-16  -1.0277712e-16  2.7306570e-16  2.4974025e-16  1.4523858e-16  1.0000000   -7.9765745e-16  -7.3318260e-16  1.9012904e-16  3.6413122e-16  3.2141779e-16  -1.6792990e-16  -8.0972131e-16  -2.5517931e-16  -1.0577009e-16  -2.6129335e-16  -2.2848163e-16  8.5613453e-16  -4.9102880e-16  -9.4466210e-17  -7.3428510e-16  9.1064611e-16  -3.3210632e-16  2.5526833e-16  -4.6886516e-16  -3.9659030e-16  1.5065597e-16  -1.0152624e-16  -2.7186344e-16  6.1105701e-17  2.0684253e-17  -1.9454845e-16  -1.0277712e-16  2.7306570e-16  
5.9312320e-16  -5.9183757e-16  -7.9765745e-16  1.0000000   -7.7450896e-16  -1.0014230e-16  -8.8510068e-16  4.0193926e-16  2.7237093e-16  -2.9018747e-16  1.9509514e-16  -2.2463114e-16  -4.5542174e-16  -1.6572155e-16  2.4589543e-16  8.8877628e-16  1.0797166e-16  6.9820536e-16  6.8641212e-16  1.1219600e-17  1.8225330e-16  2.0244383e-16  1.5058869e-16  4.3411414e-16  7.3286955e-17  1.2231298e-17  -5.1971834e-16  -1.5655847e-16  1.3541101e-16  6.6952535e-16  5.5800854e-16  5.9312320e-16  -5.9183757e-16  -7.9765745e-16  1.0000000   -7.7450896e-16  -1.0014230e-16  -8.8510068e-16  4.0193926e-16  2.7237093e-16  -2.9018747e-16  1.9509514e-16  -2.2463114e-16  -4.5542174e-16  -1.6572155e-16  2.4589543e-16  8.8877628e-16  1.0797166e-16  6.9820536e-16  6.8641212e-16  1.1219600e-17  1.8225330e-16  2.0244383e-16  1.5058869e-16  4.3411414e-16  7.3286955e-17  1.2231298e-17  -5.1971834e-16  -1.5655847e-16  1.3541101e-16  6.6952535e-16  5.5800854e-16  
-5.5546431e-16  -1.7086480e-16  -7.3318260e-16  -7.7450896e-16  1.0000000   4.9362147e-16  7.6122688e-16  -1.9782411e-16  -1.1031286e-16  -1.8156588e-16  -1.7026260e-16  6.0121002e-16  -9.3336873e-17  1.7364309e-16  -3.8054895e-16  -8.2525759e-16  3.8329129e-16  -1.7616194e-16  2.4911448e-16  2.2322536e-16  -6.1568852e-16  1.3048864e-16  1.9279453e-16  -1.1670850e-16  4.8753911e-16  2.3132237e-16  -1.1933865e-16  -4.6735927e-16  7.6282972e-17  -4.3133544e-16  -3.1372969e-17  -5.5546431e-16  -1.7086480e-16  -7.3318260e-16  -7.7450896e-16  1.0000000   4.9362147e-16  7.6122688e-16  -1.9782411e-16  -1.1031286e-16  -1.8156588e-16  -1.7026260e-16  6.0121002e-16  -9.3336873e-17  1.7364309e-16  -3.8054895e-16  -8.2525759e-16  3.8329129e-16  -1.7616194e-16  2.4911448e-16  2.2322536e-16  -6.1568852e-16  1.3048864e-16  1.9279453e-16  -1.1670850e-16  4.8753911e-16  2.3132237e-16  -1.1933865e-16  -4.6735927e-16  7.6282972e-17  -4.3133544e-16  -3.1372969e-17  
-7.7246516e-17  -3.8150235e-16  1.9012904e-16  -1.0014230e-16  4.9362147e-16  1.0000000   7.7902779e-16  7.0739645e-16  7.2012060e-16  1.3149889e-16  -5.4060502e-17  -1.6453578e-16  -1.5145733e-17  -2.5724383e-16  -1.9375508e-16  6.0079475e-16  -4.8719084e-16  5.0625465e-16  1.1811383e-16  -8.2968206e-16  -7.6899260e-16  2.9292825e-16  5.1001755e-16  -5.8991067e-16  -3.5916193e-16  4.2319135e-16  -3.8974662e-16  5.1537156e-16  8.0382153e-18  -4.8059318e-17  -3.7585351e-16  -7.7246516e-17  -3.8150235e-16  1.9012904e-16  -1.0014230e-16  4.9362147e-16  1.0000000   7.7902779e-16  7.0739645e-16  7.2012060e-16  1.3149889e-16  -5.4060502e-17  -1.6453578e-16  -1.5145733e-17  -2.5724383e-16  -1.9375508e-16  6.0079475e-16  -4.8719084e-16  5.0625465e-16  1.1811383e-16  -8.2968206e-16  -7.6899260e-16  2.9292825e-16  5.1001755e-16  -5.8991067e-16  -3.5916193e-16  4.2319135e-16  -3.8974662e-16  5.1537156e-16  8.0382153e-18  -4.8059318e-17  -3.7585351e-16  
4.7067988e-16  4.7436699e-16  3.6413122e-16  -8.8510068e-16  7.6122688e-16  7.7902779e-16  1.0000000   -5.9129078e-16  3.3466076e-16  -8.1588767e-16  4.7494810e-16  -2.3950015e-16  5.0459128e-16  4.5292884e-17  4.4966874e-17  -7.1165468e-16  -2.0409693e-17  4.1603964e-16  -3.6936376e-16  -6.2403199e-16  -1.5097525e-16  -8.8847408e-17  -1.6165943e-16  5.1339219e-16  -4.9461723e-17  -3.2902552e-16  -4.8583100e-17  -3.1940935e-17  -1.6683347e-16  -4.0418977e-16  7.1912484e-16  4.7067988e-16  4.7436699e-16  3.6413122e-16  -8.8510068e-16  7.6122688e-16  7.7902779e-16  1.0000000   -5.9129078e-16  3.3466076e-16  -8.1588767e-16  4.7494810e-16  -2.3950015e-16  5.0459128e-16  4.5292884e-17  4.4966874e-17  -7.1165468e-16  -2.0409693e-17  4.1603964e-16  -3.6936376e-16  -6.2403199e-16  -1.5097525e-16  -8.8847408e-17  -1.6165943e-16  5.1339219e-16  -4.9461723e-17  -3.2902552e-16  -4.8583100e-17  -3.1940935e-17  -1.6683347e-16  -4.0418977e-16  7.1912484e-16  
-1.1551522e-16  6.0745620e-17  3.2141779e-16  4.0193926e-16  -1.9782411e-16  7.0739645e-16  -5.9129078e-16  1.0000000   7.2913163e-16  -2.9090000e-16  5.7814209e-16  7.2330727e-17  -3.3821377e-17  1.1865698e-16  -7.4240124e-16  3.2169272e-16  -3.3264522e-16  2.7463457e-16  -1.8667265e-17  3.3217533e-16  -3.9283475e-16  -2.0966387e-16  3.7022272e-16  -9.2783099e-17  -7.9333271e-17  2.7934730e-17  2.0897526e-16  4.3524282e-16  4.6471833e-16  4.4417375e-16  -1.9015712e-16  -1.1551522e-16  6.0745620e-17  3.2141779e-16  4.0193926e-16  -1.9782411e-16  7.0739645e-16  -5.9129078e-16  1.0000000   7.2913163e-16  -2.9090000e-16  5.7814209e-16  7.2330727e-17  -3.3821377e-17  1.1865698e-16  -7.4240124e-16  3.2169272e-16  -3.3264522e-16  2.7463457e-16  -1.8667265e-17  3.3217533e-16  -3.9283475e-16  -2.0966387e-16  3.7022272e-16  -9.2783099e-17  -7.9333271e-17  2.7934730e-17  2.0897526e-16  4.3524282e-16  4.6471833e-16  4.4417375e-16  -1.9015712e-16  
3.4411460e-16  8.9201654e-16  -1.6792990e-16  2.7237093e-16  -1.1031286e-16  7.2012060e-16  3.3466076e-16  7.2913163e-16  1.0000000   -3.3150875e-16  -1.3595773e-16  9.4146500e-17  4.4731985e-17  6.6368717e-16  6.5062561e-17  2.4149993e-16  -3.7802736e-17  5.7760766e-16  1.8326562e-17  3.2101157e-16  1.6123102e-16  -3.4835828e-16  7.8167294e-18  -2.2313005e-17  -3.3915160e-16  8.9180385e-18  -4.2622839e-16  -6.2885551e-16  4.1229617e-17  3.3214514e-17  5.3517463e-16  3.4411460e-16  8.9201654e-16  -1.6792990e-16  2.7237093e-16  -1.1031286e-16  7.2012060e-16  3.3466076e-16  7.2913163e-16  1.0000000   -3.3150875e-16  -1.3595773e-16  9.4146500e-17  4.4731985e-17  6.6368717e-16  6.5062561e-17  2.4149993e-16  -3.7802736e-17  5.7760766e-16  1.8326562e-17  3.2101157e-16  1.6123102e-16  -3.4835828e-16  7.8167294e-18  -2.2313005e-17  -3.3915160e-16  8.9180385e-18  -4.2622839e-16  -6.2885551e-16  4.1229617e-17  3.3214514e-17  5.3517463e-16  
5.3225846e-16  -7.4686153e-16  -8.0972131e-16  -2.9018747e-16  -1.8156588e-16  1.3149889e-16  -8.1588767e-16  -2.9090000e-16  -3.3150875e-16  1.0000000   -6.5846416e-16  -2.4098440e-16  -3.7979547e-16  4.5669687e-16  6.8171644e-16  3.7097206e-17  -1.7800408e-16  -8.3185827e-17  2.1376722e-16  -5.1468163e-16  1.3138131e-16  -4.1123504e-16  6.3706185e-16  -3.5271187e-16  -4.5106425e-16  -7.0663228e-16  6.1145975e-16  2.7882414e-18  1.0745108e-16  2.5686201e-16  -2.4584284e-17  5.3225846e-16  -7.4686153e-16  -8.0972131e-16  -2.9018747e-16  -1.8156588e-16  1.3149889e-16  -8.1588767e-16  -2.9090000e-16  -3.3150875e-16  1.0000000   -6.5846416e-16  -2.4098440e-16  -3.7979547e-16  4.5669687e-16  6.8171644e-16  3.7097206e-17  -1.7800408e-16  -8.3185827e-17  2.1376722e-16  -5.1468163e-16  1.3138131e-16  -4.1123504e-16  6.3706185e-16  -3.5271187e-16  -4.5106425e-16  -7.0663228e-16  6.1145975e-16  2.7882414e-18  1.0745108e-16  2.5686201e-16  -2.4584284e-17  
3.9182830e-16  1.3121843e-16  -2.5517931e-16  1.9509514e-16  -1.7026260e-16  -5.4060502e-17  4.7494810e-16  5.7814209e-16  -1.3595773e-16  -6.5846416e-16  1.0000000   2.9503922e-16  -6.7088582e-16  -4.0828061e-16  3.7468311e-16  1.4043028e-16  -1.8857032e-16  -7.0408249e-16  -4.8334787e-16  -8.2696818e-16  1.3516498e-16  1.1739805e-16  3.9467088e-16  6.3053837e-16  1.6894449e-17  -1.9746707e-17  3.2613257e-16  -1.4595185e-16  1.0450911e-17  4.2765999e-18  7.2260797e-16  3.9182830e-16  1.3121843e-16  -2.5517931e-16  1.9509514e-16  -1.7026260e-16  -5.4060502e-17  4.7494810e-16  5.7814209e-16  -1.3595773e-16  -6.5846416e-16  1.0000000   2.9503922e-16  -6.7088582e-16  -4.0828061e-16  3.7468311e-16  1.4043028e-16  -1.8857032e-16  -7.0408249e-16  -4.8334787e-16  -8.2696818e-16  1.3516498e-16  1.1739805e-16  3.9467088e-16  6.3053837e-16  1.6894449e-17  -1.9746707e-17  3.2613257e-16  -1.4595185e-16  1.0450911e-17  4.2765999e-18  7.2260797e-16  
2.1778763e-16  -3.2716333e-16  -1.0577009e-16  -2.2463114e-16  6.0121002e-16  -1.6453578e-16  -2.3950015e-16  7.2330727e-17  9.4146500e-17  -2.4098440e-16  2.9503922e-16  1.0000000   -7.9694836e-16  6.8074190e-16  9.1872340e-17  6.0535653e-16  1.1755581e-15  8.2968121e-17  -4.4831455e-16  -1.0706945e-16  6.5635634e-16  -2.7036838e-16  -3.8628038e-17  -1.7857898e-16  -6.3243278e-16  -7.1045961e-16  -4.1398901e-17  3.3421826e-16  3.4333940e-16  -8.7192441e-16  2.7177491e-16  2.1778763e-16  -3.2716333e-16  -1.0577009e-16  -2.2463114e-16  6.0121002e-16  -1.6453578e-16  -2.3950015e-16  7.2330727e-17  9.4146500e-17  -2.4098440e-16  2.9503922e-16  1.0000000   -7.9694836e-16  6.8074190e-16  9.1872340e-17  6.0535653e-16  1.1755581e-15  8.2968121e-17  -4.4831455e-16  -1.0706945e-16  6.5635634e-16  -2.7036838e-16  -3.8628038e-17  -1.7857898e-16  -6.3243278e-16  -7.1045961e-16  -4.1398901e-17  3.3421826e-16  3.4333940e-16  -8.7192441e-16  2.7177491e-16  
-2.4112414e-16  -1.7787570e-16  -2.6129335e-16  -4.5542174e-16  -9.3336873e-17  -1.5145733e-17  5.0459128e-16  -3.3821377e-17  4.4731985e-17  -3.7979547e-16  -6.7088582e-16  -7.9694836e-16  1.0000000   -4.6618562e-16  1.2211170e-16  3.8232650e-16  -9.1367208e-16  2.8684306e-16  4.8964706e-16  4.9239226e-16  -2.4302756e-16  -2.2654884e-16  -5.1399085e-16  -3.0809267e-16  4.0860718e-16  -4.4650110e-16  3.6489161e-16  8.1200006e-17  -4.6771134e-17  -1.2582708e-16  2.7772826e-16  -2.4112414e-16  -1.7787570e-16  -2.6129335e-16  -4.5542174e-16  -9.3336873e-17  -1.5145733e-17  5.0459128e-16  -3.3821377e-17  4.4731985e-17  -3.7979547e-16  -6.7088582e-16  -7.9694836e-16  1.0000000   -4.6618562e-16  1.2211170e-16  3.8232650e-16  -9.1367208e-16  2.8684306e-16  4.8964706e-16  4.9239226e-16  -2.4302756e-16  -2.2654884e-16  -5.1399085e-16  -3.0809267e-16  4.0860718e-16  -4.4650110e-16  3.6489161e-16  8.1200006e-17  -4.6771134e-17  -1.2582708e-16  2.7772826e-16  
-7.4104817e-16  -6.1179687e-16  -2.2848163e-16  -1.6572155e-16  1.7364309e-16  -2.5724383e-16  4.5292884e-17  1.1865698e-16  6.6368717e-16  4.5669687e-16  -4.0828061e-16  6.8074190e-16  -4.6618562e-16  1.0000000   5.7916782e-16  1.6328579e-16  -4.1714532e-16  -1.0875059e-16  -3.0843433e-16  -8.5993727e-16  -4.1048714e-16  1.1420534e-16  2.7006725e-16  4.4406771e-16  -2.4447978e-16  1.3449026e-16  -1.9844136e-16  5.7112105e-16  -6.3633238e-17  4.5967956e-16  3.2551532e-16  -7.4104817e-16  -6.1179687e-16  -2.2848163e-16  -1.6572155e-16  1.7364309e-16  -2.5724383e-16  4.5292884e-17  1.1865698e-16  6.6368717e-16  4.5669687e-16  -4.0828061e-16  6.8074190e-16  -4.6618562e-16  1.0000000   5.7916782e-16  1.6328579e-16  -4.1714532e-16  -1.0875059e-16  -3.0843433e-16  -8.5993727e-16  -4.1048714e-16  1.1420534e-16  2.7006725e-16  4.4406771e-16  -2.4447978e-16  1.3449026e-16  -1.9844136e-16  5.7112105e-16  -6.3633238e-17  4.5967956e-16  3.2551532e-16  
4.1230397e-17  1.7531428e-16  8.5613453e-16  2.4589543e-16  -3.8054895e-16  -1.9375508e-16  4.4966874e-17  -7.4240124e-16  6.5062561e-17  6.8171644e-16  3.7468311e-16  9.1872340e-17  1.2211170e-16  5.7916782e-16  1.0000000   -4.1429261e-16  2.5438250e-17  1.2836441e-16  2.4397351e-16  3.6384568e-17  -4.5162903e-19  -4.3968380e-16  -1.2549606e-16  -7.8196399e-16  -2.8872174e-16  2.5891739e-16  -2.3071561e-16  4.0652767e-16  5.3192826e-16  4.9823973e-16  9.1126804e-17  4.1230397e-17  1.7531428e-16  8.5613453e-16  2.4589543e-16  -3.8054895e-16  -1.9375508e-16  4.4966874e-17  -7.4240124e-16  6.5062561e-17  6.8171644e-16  3.7468311e-16  9.1872340e-17  1.2211170e-16  5.7916782e-16  1.0000000   -4.1429261e-16  2.5438250e-17  1.2836441e-16  2.4397351e-16  3.6384568e-17  -4.5162903e-19  -4.3968380e-16  -1.2549606e-16  -7.8196399e-16  -2.8872174e-16  2.5891739e-16  -2.3071561e-16  4.0652767e-16  5.3192826e-16  4.9823973e-16  9.1126804e-17  
3.0114006e-16  -3.1517208e-16  -4.9102880e-16  8.8877628e-16  -8.2525759e-16  6.0079475e-16  -7.1165468e-16  3.2169272e-16  2.4149993e-16  3.7097206e-17  1.4043028e-16  6.0535653e-16  3.8232650e-16  1.6328579e-16  -4.1429261e-16  1.0000000   2.8735998e-16  4.1260509e-16  -1.6082020e-16  -3.3905239e-16  7.4347381e-16  8.2648771e-17  3.3851180e-16  2.6827250e-16  3.2675709e-17  -2.7012910e-16  2.3302945e-16  5.2696643e-17  1.5596825e-16  6.1158981e-16  3.2171191e-16  3.0114006e-16  -3.1517208e-16  -4.9102880e-16  8.8877628e-16  -8.2525759e-16  6.0079475e-16  -7.1165468e-16  3.2169272e-16  2.4149993e-16  3.7097206e-17  1.4043028e-16  6.0535653e-16  3.8232650e-16  1.6328579e-16  -4.1429261e-16  1.0000000   2.8735998e-16  4.1260509e-16  -1.6082020e-16  -3.3905239e-16  7.4347381e-16  8.2648771e-17  3.3851180e-16  2.6827250e-16  3.2675709e-17  -2.7012910e-16  2.3302945e-16  5.2696643e-17  1.5596825e-16  6.1158981e-16  3.2171191e-16  
-2.4242671e-16  9.7754914e-18  -9.4466210e-17  1.0797166e-16  3.8329129e-16  -4.8719084e-16  -2.0409693e-17  -3.3264522e-16  -3.7802736e-17  -1.7800408e-16  -1.8857032e-16  1.1755581e-15  -9.1367208e-16  -4.1714532e-16  2.5438250e-17  2.8735998e-16  1.0000000   -6.9017290e-16  1.2694976e-16  2.0313199e-16  2.5533283e-16  2.7914862e-16  -3.6825216e-17  -6.8309636e-16  2.2817056e-16  -4.3509003e-16  -2.8108669e-16  5.1598011e-16  -1.4361024e-15  6.3127921e-17  4.7498358e-16  -2.4242671e-16  9.7754914e-18  -9.4466210e-17  1.0797166e-16  3.8329129e-16  -4.8719084e-16  -2.0409693e-17  -3.3264522e-16  -3.7802736e-17  -1.7800408e-16  -1.8857032e-16  1.1755581e-15  -9.1367208e-16  -4.1714532e-16  2.5438250e-17  2.8735998e-16  1.0000000   -6.9017290e-16  1.2694976e-16  2.0313199e-16  2.5533283e-16  2.7914862e-16  -3.6825216e-17  -6.8309636e-16  2.2817056e-16  -4.3509003e-16  -2.8108669e-16  5.1598011e-16  -1.4361024e-15  6.3127921e-17  4.7498358e-16  
-2.2918534e-16  -2.2627055e-16  -7.3428510e-16  6.9820536e-16  -1.7616194e-16  5.0625465e-16  4.1603964e-16  2.7463457e-16  5.7760766e-16  -8.3185827e-17  -7.0408249e-16  8.2968121e-17  2.8684306e-16  -1.0875059e-16  1.2836441e-16  4.1260509e-16  -6.9017290e-16  1.0000000   -4.4985245e-16  -2.0603331e-16  2.2853341e-16  -2.1400876e-17  4.8125130e-16  6.1793954e-16  -1.2557001e-16  -5.4695367e-16  1.2703468e-17  -1.6062848e-16  -8.0701376e-16  -5.0956584e-16  6.3954134e-16  -2.2918534e-16  -2.2627055e-16  -7.3428510e-16  6.9820536e-16  -1.7616194e-16  5.0625465e-16  4.1603964e-16  2.7463457e-16  5.7760766e-16  -8.3185827e-17  -7.0408249e-16  8.2968121e-17  2.8684306e-16  -1.0875059e-16  1.2836441e-16  4.1260509e-16  -6.9017290e-16  1.0000000   -4.4985245e-16  -2.0603331e-16  2.2853341e-16  -2.1400876e-17  4.8125130e-16  6.1793954e-16  -1.2557001e-16  -5.4695367e-16  1.2703468e-17  -1.6062848e-16  -8.0701376e-16  -5.0956584e-16  6.3954134e-16  
6.2148752e-17  4.5316901e-16  9.1064611e-16  6.8641212e-16  2.4911448e-16  1.1811383e-16  -3.6936376e-16  -1.8667265e-17  1.8326562e-17  2.1376722e-16  -4.8334787e-16  -4.4831455e-16  4.8964706e-16  -3.0843433e-16  2.4397351e-16  -1.6082020e-16  1.2694976e-16  -4.4985245e-16  1.0000000   -1.9398510e-16  3.9019411e-16  3.1488310e-16  -1.9892283e-16  -2.7417924e-16  1.8747650e-16  -2.6494282e-16  -3.5100498e-16  5.7546018e-16  -5.2858724e-16  -3.1708650e-16  4.3179203e-16  6.2148752e-17  4.5316901e-16  9.1064611e-16  6.8641212e-16  2.4911448e-16  1.1811383e-16  -3.6936376e-16  -1.8667265e-17  1.8326562e-17  2.1376722e-16  -4.8334787e-16  -4.4831455e-16  4.8964706e-16  -3.0843433e-16  2.4397351e-16  -1.6082020e-16  1.2694976e-16  -4.4985245e-16  1.0000000   -1.9398510e-16  3.9019411e-16  3.1488310e-16  -1.9892283e-16  -2.7417924e-16  1.8747650e-16  -2.6494282e-16  -3.5100498e-16  5.7546018e-16  -5.2858724e-16  -3.1708650e-16  4.3179203e-16  
5.4432700e-16  -2.8381920e-16  -3.3210632e-16  1.1219600e-17  2.2322536e-16  -8.2968206e-16  -6.2403199e-16  3.3217533e-16  3.2101157e-16  -5.1468163e-16  -8.2696818e-16  -1.0706945e-16  4.9239226e-16  -8.5993727e-16  3.6384568e-17  -3.3905239e-16  2.0313199e-16  -2.0603331e-16  -1.9398510e-16  1.0000000   -2.2729834e-16  -6.1723286e-16  1.0271567e-16  -2.1437636e-16  2.0258518e-16  -6.7615411e-17  5.2840854e-16  1.1482901e-16  -3.2579417e-16  -1.7319011e-17  8.3702112e-16  5.4432700e-16  -2.8381920e-16  -3.3210632e-16  1.1219600e-17  2.2322536e-16  -8.2968206e-16  -6.2403199e-16  3.3217533e-16  3.2101157e-16  -5.1468163e-16  -8.2696818e-16  -1.0706945e-16  4.9239226e-16  -8.5993727e-16  3.6384568e-17  -3.3905239e-16  2.0313199e-16  -2.0603331e-16  -1.9398510e-16  1.0000000   -2.2729834e-16  -6.1723286e-16  1.0271567e-16  -2.1437636e-16  2.0258518e-16  -6.7615411e-17  5.2840854e-16  1.1482901e-16  -3.2579417e-16  -1.7319011e-17  8.3702112e-16  
-5.1781154e-16  4.5876996e-16  2.5526833e-16  1.8225330e-16  -6.1568852e-16  -7.6899260e-16  -1.5097525e-16  -3.9283475e-16  1.6123102e-16  1.3138131e-16  1.3516498e-16  6.5635634e-16  -2.4302756e-16  -4.1048714e-16  -4.5162903e-19  7.4347381e-16  2.5533283e-16  2.2853341e-16  3.9019411e-16  -2.2729834e-16  1.0000000   -4.1992884e-16  4.1782914e-16  -4.2943339e-16  -1.7627991e-16  1.3104139e-16  -1.7989172e-16  -4.4285604e-18  -1.6857342e-16  -6.3678182e-17  3.8728981e-16  -5.1781154e-16  4.5876996e-16  2.5526833e-16  1.8225330e-16  -6.1568852e-16  -7.6899260e-16  -1.5097525e-16  -3.9283475e-16  1.6123102e-16  1.3138131e-16  1.3516498e-16  6.5635634e-16  -2.4302756e-16  -4.1048714e-16  -4.5162903e-19  7.4347381e-16  2.5533283e-16  2.2853341e-16  3.9019411e-16  -2.2729834e-16  1.0000000   -4.1992884e-16  4.1782914e-16  -4.2943339e-16  -1.7627991e-16  1.3104139e-16  -1.7989172e-16  -4.4285604e-18  -1.6857342e-16  -6.3678182e-17  3.8728981e-16  
6.5159971e-16  1.9593115e-16  -4.6886516e-16  2.0244383e-16  1.3048864e-16  2.9292825e-16  -8.8847408e-17  -2.0966387e-16  -3.4835828e-16  -4.1123504e-16  1.1739805e-16  -2.7036838e-16  -2.2654884e-16  1.1420534e-16  -4.3968380e-16  8.2648771e-17  2.7914862e-16  -2.1400876e-17  3.1488310e-16  -6.1723286e-16  -4.1992884e-16  1.0000000   -1.2318353e-16  -3.2930710e-16  4.1084247e-16  -1.8899087e-16  -4.4871745e-16  -7.3220933e-16  -1.4739134e-16  1.5637409e-16  2.3626532e-16  6.5159971e-16  1.9593115e-16  -4.6886516e-16  2.0244383e-16  1.3048864e-16  2.9292825e-16  -8.8847408e-17  -2.0966387e-16  -3.4835828e-16  -4.1123504e-16  1.1739805e-16  -2.7036838e-16  -2.2654884e-16  1.1420534e-16  -4.3968380e-16  8.2648771e-17  2.7914862e-16  -2.1400876e-17  3.1488310e-16  -6.1723286e-16  -4.1992884e-16  1.0000000   -1.2318353e-16  -3.2930710e-16  4.1084247e-16  -1.8899087e-16  -4.4871745e-16  -7.3220933e-16  -1.4739134e-16  1.5637409e-16  2.3626532e-16  
-2.4682612e-16  2.6636426e-16  -3.9659030e-16  1.5058869e-16  1.9279453e-16  5.1001755e-16  -1.6165943e-16  3.7022272e-16  7.8167294e-18  6.3706185e-16  3.9467088e-16  -3.8628038e-17  -5.1399085e-16  2.7006725e-16  -1.2549606e-16  3.3851180e-16  -3.6825216e-17  4.8125130e-16  -1.9892283e-16  1.0271567e-16  4.1782914e-16  -1.2318353e-16  1.0000000   7.8509194e-16  1.0319893e-16  -7.3709287e-16  -1.4453537e-17  -4.4485920e-16  -2.6696644e-16  5.8030211e-16  3.8967397e-16  -2.4682612e-16  2.6636426e-16  -3.9659030e-16  1.5058869e-16  1.9279453e-16  5.1001755e-16  -1.6165943e-16  3.7022272e-16  7.8167294e-18  6.3706185e-16  3.9467088e-16  -3.8628038e-17  -5.1399085e-16  2.7006725e-16  -1.2549606e-16  3.3851180e-16  -3.6825216e-17  4.8125130e-16  -1.9892283e-16  1.0271567e-16  4.1782914e-16  -1.2318353e-16  1.0000000   7.8509194e-16  1.0319893e-16  -7.3709287e-16  -1.4453537e-17  -4.4485920e-16  -2.6696644e-16  5.8030211e-16  3.8967397e-16  
-5.4923627e-16  6.4067980e-16  1.5065597e-16  4.3411414e-16  -1.1670850e-16  -5.8991067e-16  5.1339219e-16  -9.2783099e-17  -2.2313005e-17  -3.5271187e-16  6.3053837e-16  -1.7857898e-16  -3.0809267e-16  4.4406771e-16  -7.8196399e-16  2.6827250e-16  -6.8309636e-16  6.1793954e-16  -2.7417924e-16  -2.1437636e-16  -4.2943339e-16  -3.2930710e-16  7.8509194e-16  1.0000000   -2.3589814e-16  -1.3164769e-16  4.3759627e-16  -3.4692243e-16  3.3855177e-16  -5.3897967e-16  1.6014336e-17  -5.4923627e-16  6.4067980e-16  1.5065597e-16  4.3411414e-16  -1.1670850e-16  -5.8991067e-16  5.1339219e-16  -9.2783099e-17  -2.2313005e-17  -3.5271187e-16  6.3053837e-16  -1.7857898e-16  -3.0809267e-16  4.4406771e-16  -7.8196399e-16  2.6827250e-16  -6.8309636e-16  6.1793954e-16  -2.7417924e-16  -2.1437636e-16  -4.2943339e-16  -3.2930710e-16  7.8509194e-16  1.0000000   -2.3589814e-16  -1.3164769e-16  4.3759627e-16  -3.4692243e-16  3.3855177e-16  -5.3897967e-16  1.6014336e-17  
5.8151419e-17  -4.5802162e-16  -1.0152624e-16  7.3286955e-17  4.8753911e-16  -3.5916193e-16  -4.9461723e-17  -7.9333271e-17  -3.3915160e-16  -4.5106425e-16  1.6894449e-17  -6.3243278e-16  4.0860718e-16  -2.4447978e-16  -2.8872174e-16  3.2675709e-17  2.2817056e-16  -1.2557001e-16  1.8747650e-16  2.0258518e-16  -1.7627991e-16  4.1084247e-16  1.0319893e-16  -2.3589814e-16  1.0000000   3.5521028e-16  2.7683323e-16  7.3447555e-17  -1.3382966e-16  -2.8360683e-16  -1.8953580e-16  5.8151419e-17  -4.5802162e-16  -1.0152624e-16  7.3286955e-17  4.8753911e-16  -3.5916193e-16  -4.9461723e-17  -7.9333271e-17  -3.3915160e-16  -4.5106425e-16  1.6894449e-17  -6.3243278e-16  4.0860718e-16  -2.4447978e-16  -2.8872174e-16  3.2675709e-17  2.2817056e-16  -1.2557001e-16  1.8747650e-16  2.0258518e-16  -1.7627991e-16  4.1084247e-16  1.0319893e-16  -2.3589814e-16  1.0000000   3.5521028e-16  2.7683323e-16  7.3447555e-17  -1.3382966e-16  -2.8360683e-16  -1.8953580e-16  
9.5230926e-16  5.5742337e-16  -2.7186344e-16  1.2231298e-17  2.3132237e-16  4.2319135e-16  -3.2902552e-16  2.7934730e-17  8.9180385e-18  -7.0663228e-16  -1.9746707e-17  -7.1045961e-16  -4.4650110e-16  1.3449026e-16  2.5891739e-16  -2.7012910e-16  -4.3509003e-16  -5.4695367e-16  -2.6494282e-16  -6.7615411e-17  1.3104139e-16  -1.8899087e-16  -7.3709287e-16  -1.3164769e-16  3.5521028e-16  1.0000000   -6.3280839e-17  2.9220058e-16  -7.5017310e-16  1.9877763e-16  6.0894620e-16  9.5230926e-16  5.5742337e-16  -2.7186344e-16  1.2231298e-17  2.3132237e-16  4.2319135e-16  -3.2902552e-16  2.7934730e-17  8.9180385e-18  -7.0663228e-16  -1.9746707e-17  -7.1045961e-16  -4.4650110e-16  1.3449026e-16  2.5891739e-16  -2.7012910e-16  -4.3509003e-16  -5.4695367e-16  -2.6494282e-16  -6.7615411e-17  1.3104139e-16  -1.8899087e-16  -7.3709287e-16  -1.3164769e-16  3.5521028e-16  1.0000000   -6.3280839e-17  2.9220058e-16  -7.5017310e-16  1.9877763e-16  6.0894620e-16  
-7.5833281e-16  -8.4658060e-16  6.1105701e-17  -5.1971834e-16  -1.1933865e-16  -3.8974662e-16  -4.8583100e-17  2.0897526e-16  -4.2622839e-16  6.1145975e-16  3.2613257e-16  -4.1398901e-17  3.6489161e-16  -1.9844136e-16  -2.3071561e-16  2.3302945e-16  -2.8108669e-16  1.2703468e-17  -3.5100498e-16  5.2840854e-16  -1.7989172e-16  -4.4871745e-16  -1.4453537e-17  4.3759627e-16  2.7683323e-16  -6.3280839e-17  1.0000000   3.3673969e-16  -5.3338128e-16  -5.2895755e-16  1.3319760e-16  -7.5833281e-16  -8.4658060e-16  6.1105701e-17  -5.1971834e-16  -1.1933865e-16  -3.8974662e-16  -4.8583100e-17  2.0897526e-16  -4.2622839e-16  6.1145975e-16  3.2613257e-16  -4.1398901e-17  3.6489161e-16  -1.9844136e-16  -2.3071561e-16  2.3302945e-16  -2.8108669e-16  1.2703468e-17  -3.5100498e-16  5.2840854e-16  -1.7989172e-16  -4.4871745e-16  -1.4453537e-17  4.3759627e-16  2.7683323e-16  -6.3280839e-17  1.0000000   3.3673969e-16  -5.3338128e-16  -5.2895755e-16  1.3319760e-16  
4.0520935e-17  -8.0997930e-16  2.0684253e-17  -1.5655847e-16  -4.6735927e-16  5.1537156e-16  -3.1940935e-17  4.3524282e-16  -6.2885551e-16  2.7882414e-18  -1.4595185e-16  3.3421826e-16  8.1200006e-17  5.7112105e-16  4.0652767e-16  5.2696643e-17  5.1598011e-16  -1.6062848e-16  5.7546018e-16  1.1482901e-16  -4.4285604e-18  -7.3220933e-16  -4.4485920e-16  -3.4692243e-16  7.3447555e-17  2.9220058e-16  3.3673969e-16  1.0000000   9.0558838e-16  8.9363612e-17  2.4497052e-16  4.0520935e-17  -8.0997930e-16  2.0684253e-17  -1.5655847e-16  -4.6735927e-16  5.1537156e-16  -3.1940935e-17  4.3524282e-16  -6.2885551e-16  2.7882414e-18  -1.4595185e-16  3.3421826e-16  8.1200006e-17  5.7112105e-16  4.0652767e-16  5.2696643e-17  5.1598011e-16  -1.6062848e-16  5.7546018e-16  1.1482901e-16  -4.4285604e-18  -7.3220933e-16  -4.4485920e-16  -3.4692243e-16  7.3447555e-17  2.9220058e-16  3.3673969e-16  1.0000000   9.0558838e-16  8.9363612e-17  2.4497052e-16  
6.3135827e-16  -2.0182359e-16  -1.9454845e-16  1.3541101e-16  7.6282972e-17  8.0382153e-18  -1.6683347e-16  4.6471833e-16  4.1229617e-17  1.0745108e-16  1.0450911e-17  3.4333940e-16  -4.6771134e-17  -6.3633238e-17  5.3192826e-16  1.5596825e-16  -1.4361024e-15  -8.0701376e-16  -5.2858724e-16  -3.2579417e-16  -1.6857342e-16  -1.4739134e-16  -2.6696644e-16  3.3855177e-16  -1.3382966e-16  -7.5017310e-16  -5.3338128e-16  9.0558838e-16  1.0000000   -4.4223594e-16  -3.9922919e-17  6.3135827e-16  -2.0182359e-16  -1.9454845e-16  1.3541101e-16  7.6282972e-17  8.0382153e-18  -1.6683347e-16  4.6471833e-16  4.1229617e-17  1.0745108e-16  1.0450911e-17  3.4333940e-16  -4.6771134e-17  -6.3633238e-17  5.3192826e-16  1.5596825e-16  -1.4361024e-15  -8.0701376e-16  -5.2858724e-16  -3.2579417e-16  -1.6857342e-16  -1.4739134e-16  -2.6696644e-16  3.3855177e-16  -1.3382966e-16  -7.5017310e-16  -5.3338128e-16  9.0558838e-16  1.0000000   -4.4223594e-16  -3.9922919e-17  
-1.3628760e-17  2.0946529e-16  -1.0277712e-16  6.6952535e-16  -4.3133544e-16  -4.8059318e-17  -4.0418977e-16  4.4417375e-16  3.3214514e-17  2.5686201e-16  4.2765999e-18  -8.7192441e-16  -1.2582708e-16  4.5967956e-16  4.9823973e-16  6.1158981e-16  6.3127921e-17  -5.0956584e-16  -3.1708650e-16  -1.7319011e-17  -6.3678182e-17  1.5637409e-16  5.8030211e-16  -5.3897967e-16  -2.8360683e-16  1.9877763e-16  -5.2895755e-16  8.9363612e-17  -4.4223594e-16  1.0000000   3.1101387e-16  -1.3628760e-17  2.0946529e-16  -1.0277712e-16  6.6952535e-16  -4.3133544e-16  -4.8059318e-17  -4.0418977e-16  4.4417375e-16  3.3214514e-17  2.5686201e-16  4.2765999e-18  -8.7192441e-16  -1.2582708e-16  4.5967956e-16  4.9823973e-16  6.1158981e-16  6.3127921e-17  -5.0956584e-16  -3.1708650e-16  -1.7319011e-17  -6.3678182e-17  1.5637409e-16  5.8030211e-16  -5.3897967e-16  -2.8360683e-16  1.9877763e-16  -5.2895755e-16  8.9363612e-17  -4.4223594e-16  1.0000000   3.1101387e-16  
-4.6047871e-16  -8.9909268e-17  2.7306570e-16  5.5800854e-16  -3.1372969e-17  -3.7585351e-16  7.1912484e-16  -1.9015712e-16  5.3517463e-16  -2.4584284e-17  7.2260797e-16  2.7177491e-16  2.7772826e-16  3.2551532e-16  9.1126804e-17  3.2171191e-16  4.7498358e-16  6.3954134e-16  4.3179203e-16  8.3702112e-16  3.8728981e-16  2.3626532e-16  3.8967397e-16  1.6014336e-17  -1.8953580e-16  6.0894620e-16  1.3319760e-16  2.4497052e-16  -3.9922919e-17  3.1101387e-16  1.0000000   -4.6047871e-16  -8.9909268e-17  2.7306570e-16  5.5800854e-16  -3.1372969e-17  -3.7585351e-16  7.1912484e-16  -1.9015712e-16  5.3517463e-16  -2.4584284e-17  7.2260797e-16  2.7177491e-16  2.7772826e-16  3.2551532e-16  9.1126804e-17  3.2171191e-16  4.7498358e-16  6.3954134e-16  4.3179203e-16  8.3702112e-16  3.8728981e-16  2.3626532e-16  3.8967397e-16  1.6014336e-17  -1.8953580e-16  6.0894620e-16  1.3319760e-16  2.4497052e-16  -3.9922919e-17  3.1101387e-16  1.0000000   
1.0000000   -7.4511619e-16  2.4974025e-16  5.9312320e-16  -5.5546431e-16  -7.7246516e-17  4.7067988e-16  -1.1551522e-16  3.4411460e-16  5.3225846e-16  3.9182830e-16  2.1778763e-16  -2.4112414e-16  -7.4104817e-16  4.1230397e-17  3.0114006e-16  -2.4242671e-16  -2.2918534e-16  6.2148752e-17  5.4432700e-16  -5.1781154e-16  6.5159971e-16  -2.4682612e-16  -5.4923627e-16  5.8151419e-17  9.5230926e-16  -7.5833281e-16  4.0520935e-17  6.3135827e-16  -1.3628760e-17  -4.6047871e-16  1.0000000   -7.4511619e-16  2.4974025e-16  5.9312320e-16  -5.5546431e-16  -7.7246516e-17  4.7067988e-16  -1.1551522e-16  3.4411460e-16  5.3225846e-16  3.9182830e-16  2.1778763e-16  -2.4112414e-16  -7.4104817e-16  4.1230397e-17  3.0114006e-16  -2.4242671e-16  -2.2918534e-16  6.2148752e-17  5.4432700e-16  -5.1781154e-16  6.5159971e-16  -2.4682612e-16  -5.4923627e-16  5.8151419e-17  9.5230926e-16  -7.5833281e-16  4.0520935e-17  6.3135827e-16  -1.3628760e-17  -4.6047871e-16  
-7.4511619e-16  1.0000000   1.4523858e-16  -5.9183757e-16  -1.7086480e-16  -3.8150235e-16  4.7436699e-16  6.0745620e-17  8.9201654e-16  -7.4686153e-16  1.3121843e-16  -3.2716333e-16  -1.7787570e-16  -6.1179687e-16  1.7531428e-16  -3.1517208e-16  9.7754914e-18  -2.2627055e-16  4.5316901e-16  -2.8381920e-16  4.5876996e-16  1.9593115e-16  2.6636426e-16  6.4067980e-16  -4.5802162e-16  5.5742337e-16  -8.4658060e-16  -8.0997930e-16  -2.0182359e-16  2.0946529e-16  -8.9909268e-17  -7.4511619e-16  1.0000000   1.4523858e-16  -5.9183757e-16  -1.7086480e-16  -3.8150235e-16  4.7436699e-16  6.0745620e-17  8.9201654e-16  -7.4686153e-16  1.3121843e-16  -3.2716333e-16  -1.7787570e-16  -6.1179687e-16  1.7531428e-16  -3.1517208e-16  9.7754914e-18  -2.2627055e-16  4.5316901e-16  -2.8381920e-16  4.5876996e-16  1.9593115e-16  2.6636426e-16  6.4067980e-16  -4.5802162e-16  5.5742337e-16  -8.4658060e-16  -8.0997930e-16  -2.0182359e-16  2.0946529e-16  -8.9909268e-17  
2.4974025e-16  1.4523858e-16  1.0000000   -7.9765745e-16  -7.3318260e-16  1.9012904e-16  3.6413122e-16  3.2141779e-16  -1.6792990e-16  -8.0972131e-16  -2.5517931e-16  -1.0577009e-16  -2.6129335e-16  -2.2848163e-16  8.5613453e-16  -4.9102880e-16  -9.4466210e-17  -7.3428510e-16  9.1064611e-16  -3.3210632e-16  2.5526833e-16  -4.6886516e-16  -3.9659030e-16  1.5065597e-16  -1.0152624e-16  -2.7186344e-16  6.1105701e-17  2.0684253e-17  -1.9454845e-16  -1.0277712e-16  2.7306570e-16  2.4974025e-16  1.4523858e-16  1.0000000   -7.9765745e-16  -7.3318260e-16  1.9012904e-16  3.6413122e-16  3.2141779e-16  -1.6792990e-16  -8.0972131e-16  -2.5517931e-16  -1.0577009e-16  -2.6129335e-16  -2.2848163e-16  8.5613453e-16  -4.9102880e-16  -9.4466210e-17  -7.3428510e-16  9.1064611e-16  -3.3210632e-16  2.5526833e-16  -4.6886516e-16  -3.9659030e-16  1.5065597e-16  -1.0152624e-16  -2.7186344e-16  6.1105701e-17  2.0684253e-17  -1.9454845e-16  -1.0277712e-16  2.7306570e-16  
5.9312320e-16  -5.9183757e-16  -7.9765745e-16  1.0000000   -7.7450896e-16  -1.0014230e-16  -8.8510068e-16  4.0193926e-16  2.7237093e-16  -2.9018747e-16  1.9509514e-16  -2.2463114e-16  -4.5542174e-16  -1.6572155e-16  2.4589543e-16  8.8877628e-16  1.0797166e-16  6.9820536e-16  6.8641212e-16  1.1219600e-17  1.8225330e-16  2.0244383e-16  1.5058869e-16  4.3411414e-16  7.3286955e-17  1.2231298e-17  -5.1971834e-16  -1.5655847e-16  1.3541101e-16  6.6952535e-16  5.5800854e-16  5.9312320e-16  -5.9183757e-16  -7.9765745e-16  1.0000000   -7.7450896e-16  -1.0014230e-16  -8.8510068e-16  4.0193926e-16  2.7237093e-16  -2.9018747e-16  1.9509514e-16  -2.2463114e-16  -4.5542174e-16  -1.6572155e-16  2.4589543e-16  8.8877628e-16  1.0797166e-16  6.9820536e-16  6.8641212e-16  1.1219600e-17  1.8225330e-16  2.0244383e-16  1.5058869e-16  4.3411414e-16  7.3286955e-17  1.2231298e-17  -5.1971834e-16  -1.5655847e-16  1.3541101e-16  6.6952535e-16  5.5800854e-16  
-5.5546431e-16  -1.7086480e-16  -7.3318260e-16  -7.7450896e-16  1.0000000   4.9362147e-16  7.6122688e-16  -1.9782411e-16  -1.1031286e-16  -1.8156588e-16  -1.7026260e-16  6.0121002e-16  -9.3336873e-17  1.7364309e-16  -3.8054895e-16  -8.2525759e-16  3.8329129e-16  -1.7616194e-16  2.4911448e-16  2.2322536e-16  -6.1568852e-16  1.3048864e-16  1.9279453e-16  -1.1670850e-16  4.8753911e-16  2.3132237e-16  -1.1933865e-16  -4.6735927e-16  7.6282972e-17  -4.3133544e-16  -3.1372969e-17  -5.5546431e-16  -1.7086480e-16  -7.3318260e-16  -7.7450896e-16  1.0000000   4.9362147e-16  7.6122688e-16  -1.9782411e-16  -1.1031286e-16  -1.8156588e-16  -1.7026260e-16  6.0121002e-16  -9.3336873e-17  1.7364309e-16  -3.8054895e-16  -8.2525759e-16  3.8329129e-16  -1.7616194e-16  2.4911448e-16  2.2322536e-16  -6.1568852e-16  1.3048864e-16  1.9279453e-16  -1.1670850e-16  4.8753911e-16  2.3132237e-16  -1.1933865e-16  -4.6735927e-16  7.6282972e-17  -4.3133544e-16  -3.1372969e-17  
-7.7246516e-17  -3.8150235e-16  1.9012904e-16  -1.0014230e-16  4.9362147e-16  1.0000000   7.7902779e-16  7.0739645e-16  7.2012060e-16  1.3149889e-16  -5.4060502e-17  -1.6453578e-16  -1.5145733e-17  -2.5724383e-16  -1.9375508e-16  6.0079475e-16  -4.8719084e-16  5.0625465e-16  1.1811383e-16  -8.2968206e-16  -7.6899260e-16  2.9292825e-16  5.1001755e-16  -5.8991067e-16  -3.5916193e-16  4.2319135e-16  -3.8974662e-16  5.1537156e-16  8.0382153e-18  -4.8059318e-17  -3.7585351e-16  -7.7246516e-17  -3.8150235e-16  1.9012904e-16  -1.0014230e-16  4.9362147e-16  1.0000000   7.7902779e-16  7.0739645e-16  7.2012060e-16  1.3149889e-16  -5.4060502e-17  -1.6453578e-16  -1.5145733e-17  -2.5724383e-16  -1.9375508e-16  6.0079475e-16  -4.8719084e-16  5.0625465e-16  1.1811383e-16  -8.2968206e-16  -7.6899260e-16  2.9292825e-16  5.1001755e-16  -5.8991067e-16  -3.5916193e-16  4.2319135e-16  -3.8974662e-16  5.1537156e-16  8.0382153e-18  -4.8059318e-17  -3.7585351e-16  
4.7067988e-16  4.7436699e-16  3.6413122e-16  -8.8510068e-16  7.6122688e-16  7.7902779e-16  1.0000000   -5.9129078e-16  3.3466076e-16  -8.1588767e-16  4.7494810e-16  -2.3950015e-16  5.0459128e-16  4.5292884e-17  4.4966874e-17  -7.1165468e-16  -2.0409693e-17  4.1603964e-16  -3.6936376e-16  -6.2403199e-16  -1.5097525e-16  -8.8847408e-17  -1.6165943e-16  5.1339219e-16  -4.9461723e-17  -3.2902552e-16  -4.8583100e-17  -3.1940935e-17  -1.6683347e-16  -4.0418977e-16  7.1912484e-16  4.7067988e-16  4.7436699e-16  3.6413122e-16  -8.8510068e-16  7.6122688e-16  7.7902779e-16  1.0000000   -5.9129078e-16  3.3466076e-16  -8.1588767e-16  4.7494810e-16  -2.3950015e-16  5.0459128e-16  4.5292884e-17  4.4966874e-17  -7.1165468e-16  -2.0409693e-17  4.1603964e-16  -3.6936376e-16  -6.2403199e-16  -1.5097525e-16  -8.8847408e-17  -1.6165943e-16  5.1339219e-16  -4.9461723e-17  -3.2902552e-16  -4.8583100e-17  -3.1940935e-17  -1.6683347e-16  -4.0418977e-16  7.1912484e-16  
-1.1551522e-16  6.0745620e-17  3.2141779e-16  4.0193926e-16  -1.9782411e-16  7.0739645e-16  -5.9129078e-16  1.0000000   7.2913163e-16  -2.9090000e-16  5.7814209e-16  7.2330727e-17  -3.3821377e-17  1.1865698e-16  -7.4240124e-16  3.2169272e-16  -3.3264522e-16  2.7463457e-16  -1.8667265e-17  3.3217533e-16  -3.9283475e-16  -2.0966387e-16  3.7022272e-16  -9.2783099e-17  -7.9333271e-17  2.7934730e-17  2.0897526e-16  4.3524282e-16  4.6471833e-16  4.4417375e-16  -1.9015712e-16  -1.1551522e-16  6.0745620e-17  3.2141779e-16  4.0193926e-16  -1.9782411e-16  7.0739645e-16  -5.9129078e-16  1.0000000   7.2913163e-16  -2.9090000e-16  5.7814209e-16  7.2330727e-17  -3.3821377e-17  1.1865698e-16  -7.4240124e-16  3.2169272e-16  -3.3264522e-16  2.7463457e-16  -1.8667265e-17  3.3217533e-16  -3.9283475e-16  -2.0966387e-16  3.7022272e-16  -9.2783099e-17  -7.9333271e-17  2.7934730e-17  2.0897526e-16  4.3524282e-16  4.6471833e-16  4.4417375e-16  -1.9015712e-16  
3.4411460e-16  8.9201654e-16  -1.6792990e-16  2.7237093e-16  -1.1031286e-16  7.2012060e-16  3.3466076e-16  7.2913163e-16  1.0000000   -3.3150875e-16  -1.3595773e-16  9.4146500e-17  4.4731985e-17  6.6368717e-16  6.5062561e-17  2.4149993e-16  -3.7802736e-17  5.7760766e-16  1.8326562e-17  3.2101157e-16  1.6123102e-16  -3.4835828e-16  7.8167294e-18  -2.2313005e-17  -3.3915160e-16  8.9180385e-18  -4.2622839e-16  -6.2885551e-16  4.1229617e-17  3.3214514e-17  5.3517463e-16  3.4411460e-16  8.9201654e-16  -1.6792990e-16  2.7237093e-16  -1.1031286e-16  7.2012060e-16  3.3466076e-16  7.2913163e-16  1.0000000   -3.3150875e-16  -1.3595773e-16  9.4146500e-17  4.4731985e-17  6.6368717e-16  6.5062561e-17  2.4149993e-16  -3.7802736e-17  5.7760766e-16  1.8326562e-17  3.2101157e-16  1.6123102e-16  -3.4835828e-16  7.8167294e-18  -2.2313005e-17  -3.3915160e-16  8.9180385e-18  -4.2622839e-16  -6.2885551e-16  4.1229617e-17  3.3214514e-17  5.3517463e-16  
5.3225846e-16  -7.4686153e-16  -8.0972131e-16  -2.9018747e-16  -1.8156588e-16  1.3149889e-16  -8.1588767e-16  -2.9090000e-16  -3.3150875e-16  1.0000000   -6.5846416e-16  -2.4098440e-16  -3.7979547e-16  4.5669687e-16  6.8171644e-16  3.7097206e-17  -1.7800408e-16  -8.3185827e-17  2.1376722e-16  -5.1468163e-16  1.3138131e-16  -4.1123504e-16  6.3706185e-16  -3.5271187e-16  -4.5106425e-16  -7.0663228e-16  6.1145975e-16  2.7882414e-18  1.0745108e-16  2.5686201e-16  -2.4584284e-17  5.3225846e-16  -7.4686153e-16  -8.0972131e-16  -2.9018747e-16  -1.8156588e-16  1.3149889e-16  -8.1588767e-16  -2.9090000e-16  -3.3150875e-16  1.0000000   -6.5846416e-16  -2.4098440e-16  -3.7979547e-16  4.5669687e-16  6.8171644e-16  3.7097206e-17  -1.7800408e-16  -8.3185827e-17  2.1376722e-16  -5.1468163e-16  1.3138131e-16  -4.1123504e-16  6.3706185e-16  -3.5271187e-16  -4.5106425e-16  -7.0663228e-16  6.1145975e-16  2.7882414e-18  1.0745108e-16  2.5686201e-16  -2.4584284e-17  
