1.0000000   3.4776667e-16  2.2857509e-16  2.4125407e-17  4.7358429e-17  1.5144078e-16  -6.3923300e-16  2.1787967e-17  -8.3876950e-17  -9.0241914e-17  6.6855306e-16  1.7697340e-16  -2.2185487e-17  2.5107884e-16  -3.2028135e-16  5.3074195e-16  2.0380531e-16  1.2353769e-16  3.3923644e-16  9.2753344e-17  -1.2650704e-16  1.2754279e-16  1.0195811e-16  -5.0467318e-17  -2.0405355e-16  -2.4226524e-16  5.7516447e-16  1.4360822e-16  2.9350852e-16  6.8097952e-17  1.7597194e-16  1.0000000   3.4776667e-16  2.2857509e-16  2.4125407e-17  4.7358429e-17  1.5144078e-16  -6.3923300e-16  2.1787967e-17  -8.3876950e-17  -9.0241914e-17  6.6855306e-16  1.7697340e-16  -2.2185487e-17  2.5107884e-16  -3.2028135e-16  5.3074195e-16  2.0380531e-16  1.2353769e-16  3.3923644e-16  9.2753344e-17  -1.2650704e-16  1.2754279e-16  1.0195811e-16  -5.0467318e-17  -2.0405355e-16  -2.4226524e-16  5.7516447e-16  1.4360822e-16  2.9350852e-16  6.8097952e-17  1.7597194e-16  
3.4776667e-16  1.0000000   2.7428027e-17  3.6978174e-16  3.6134028e-18  3.9509808e-16  -3.6449985e-16  -3.4550147e-17  7.5315823e-16  -2.5172095e-16  1.8254977e-16  -7.8848014e-18  -5.7163560e-16  -3.1685683e-18  -2.7233896e-16  -3.0764937e-16  3.8306071e-16  -3.5829697e-16  -1.1511909e-16  3.4040775e-16  1.8825170e-16  -2.5220126e-16  -9.5569766e-17  -6.3794177e-16  -8.2169682e-16  -5.6321762e-16  -9.7777161e-17  -1.7183392e-16  3.7000461e-16  -6.2436312e-16  -2.8927552e-16  3.4776667e-16  1.0000000   2.7428027e-17  3.6978174e-16  3.6134028e-18  3.9509808e-16  -3.6449985e-16  -3.4550147e-17  7.5315823e-16  -2.5172095e-16  1.8254977e-16  -7.8848014e-18  -5.7163560e-16  -3.1685683e-18  -2.7233896e-16  -3.0764937e-16  3.8306071e-16  -3.5829697e-16  -1.1511909e-16  3.4040775e-16  1.8825170e-16  -2.5220126e-16  -9.5569766e-17  -6.3794177e-16  -8.2169682e-16  -5.6321762e-16  -9.7777161e-17  -1.7183392e-16  3.7000461e-16  -6.2436312e-16  -2.8927552e-16  
2.2857509e-16  2.7428027e-17  1.0000000   3.2193295e-16  3.4770350e-16  2.5436424e-16  7.9044635e-18  4.0734296e-16  -3.1411155e-16  2.8940874e-16  -6.2392711e-17  -6.7422431e-16  4.1156350e-16  -6.2478527e-17  -2.0131019e-16  4.0644445e-16  4.7165603e-16  3.6197667e-16  1.4048831e-16  -1.8251655e-16  4.1911682e-16  4.1480966e-17  -4.1491092e-17  1.1336497e-16  3.9678018e-17  3.4303167e-16  -1.4581177e-16  -4.6200864e-16  -7.3427116e-16  -4.8475472e-16  3.2492644e-16  2.2857509e-16  2.7428027e-17  1.0000000   3.2193295e-16  3.4770350e-16  2.5436424e-16  7.9044635e-18  4.0734296e-16  -3.1411155e-16  2.8940874e-16  -6.2392711e-17  -6.7422431e-16  4.1156350e-16  -6.2478527e-17  -2.0131019e-16  4.0644445e-16  4.7165603e-16  3.6197667e-16  1.4048831e-16  -1.8251655e-16  4.1911682e-16  4.1480966e-17  -4.1491092e-17  1.1336497e-16  3.9678018e-17  3.4303167e-16  -1.4581177e-16  -4.6200864e-16  -7.3427116e-16  -4.8475472e-16  3.2492644e-16  
2.4125407e-17  3.6978174e-16  3.2193295e-16  1.0000000   -5.6020267e-16  2.9060616e-16  -1.0774958e-16  -4.9071646e-16  4.3393283e-18  3.7129547e-16  1.8461919e-16  3.4683964e-16  -1.0416259e-16  -4.1616875e-16  7.4078120e-16  1.0291799e-15  -2.3646374e-16  9.8293402e-16  -7.2119148e-16  -3.1661179e-16  3.0229489e-16  -1.0246824e-16  1.2100600e-16  5.5336209e-17  3.4172370e-16  -3.9881533e-16  2.7468822e-17  5.3316987e-16  -9.0967428e-17  4.5827389e-16  2.7313891e-17  2.4125407e-17  3.6978174e-16  3.2193295e-16  1.0000000   -5.6020267e-16  2.9060616e-16  -1.0774958e-16  -4.9071646e-16  4.3393283e-18  3.7129547e-16  1.8461919e-16  3.4683964e-16  -1.0416259e-16  -4.1616875e-16  7.4078120e-16  1.0291799e-15  -2.3646374e-16  9.8293402e-16  -7.2119148e-16  -3.1661179e-16  3.0229489e-16  -1.0246824e-16  1.2100600e-16  5.5336209e-17  3.4172370e-16  -3.9881533e-16  2.7468822e-17  5.3316987e-16  -9.0967428e-17  4.5827389e-16  2.7313891e-17  
4.7358429e-17  3.6134028e-18  3.4770350e-16  -5.6020267e-16  1.0000000   4.3764543e-16  -1.9332804e-16  -1.5109146e-16  -9.9495538e-16  5.9745462e-17  6.2254220e-17  -5.7364941e-17  -3.2221496e-16  -1.8896568e-16  -2.6109046e-16  1.6479603e-17  2.9856541e-16  -5.4168959e-16  -3.8928530e-16  -2.9294365e-16  -5.1441911e-18  5.2269664e-16  -9.3877656e-16  -3.4132971e-16  9.3730323e-17  5.9452033e-16  -9.6113887e-18  -9.4674031e-17  -1.8792203e-17  -3.0574921e-16  1.4010069e-16  4.7358429e-17  3.6134028e-18  3.4770350e-16  -5.6020267e-16  1.0000000   4.3764543e-16  -1.9332804e-16  -1.5109146e-16  -9.9495538e-16  5.9745462e-17  6.2254220e-17  -5.7364941e-17  -3.2221496e-16  -1.8896568e-16  -2.6109046e-16  1.6479603e-17  2.9856541e-16  -5.4168959e-16  -3.8928530e-16  -2.9294365e-16  -5.1441911e-18  5.2269664e-16  -9.3877656e-16  -3.4132971e-16  9.3730323e-17  5.9452033e-16  -9.6113887e-18  -9.4674031e-17  -1.8792203e-17  -3.0574921e-16  1.4010069e-16  
1.5144078e-16  3.9509808e-16  2.5436424e-16  2.9060616e-16  4.3764543e-16  1.0000000   1.1100596e-16  -9.3977564e-17  -4.5112714e-16  -5.6683988e-16  4.9900723e-16  -1.3549101e-16  9.6036529e-16  1.5880270e-16  -9.3068179e-17  2.5061601e-17  -1.8340843e-16  -5.8200651e-17  6.3031781e-16  -4.4750753e-16  -6.6959074e-16  -8.1683986e-17  1.3554906e-16  -1.0847379e-16  -2.6975950e-17  4.2148325e-16  -3.5501582e-16  9.4497492e-17  5.1017141e-16  1.0278275e-15  -3.3452213e-16  1.5144078e-16  3.9509808e-16  2.5436424e-16  2.9060616e-16  4.3764543e-16  1.0000000   1.1100596e-16  -9.3977564e-17  -4.5112714e-16  -5.6683988e-16  4.9900723e-16  -1.3549101e-16  9.6036529e-16  1.5880270e-16  -9.3068179e-17  2.5061601e-17  -1.8340843e-16  -5.8200651e-17  6.3031781e-16  -4.4750753e-16  -6.6959074e-16  -8.1683986e-17  1.3554906e-16  -1.0847379e-16  -2.6975950e-17  4.2148325e-16  -3.5501582e-16  9.4497492e-17  5.1017141e-16  1.0278275e-15  -3.3452213e-16  
-6.3923300e-16  -3.6449985e-16  7.9044635e-18  -1.0774958e-16  -1.9332804e-16  1.1100596e-16  1.0000000   7.6406923e-17  1.5613448e-18  3.6980243e-17  -3.8086005e-16  -3.5141341e-16  1.2175410e-15  2.4555694e-16  -4.1077485e-17  -1.0801447e-16  -1.0100418e-16  -5.1925420e-16  7.1552215e-17  -5.9362037e-16  -1.2898394e-16  1.3269194e-16  -8.3939600e-16  2.8871069e-16  -3.1547792e-16  1.5259968e-16  -2.7946327e-16  4.3159648e-16  2.6520783e-16  1.0919498e-16  7.7371180e-16  -6.3923300e-16  -3.6449985e-16  7.9044635e-18  -1.0774958e-16  -1.9332804e-16  1.1100596e-16  1.0000000   7.6406923e-17  1.5613448e-18  3.6980243e-17  -3.8086005e-16  -3.5141341e-16  1.2175410e-15  2.4555694e-16  -4.1077485e-17  -1.0801447e-16  -1.0100418e-16  -5.1925420e-16  7.1552215e-17  -5.9362037e-16  -1.2898394e-16  1.3269194e-16  -8.3939600e-16  2.8871069e-16  -3.1547792e-16  1.5259968e-16  -2.7946327e-16  4.3159648e-16  2.6520783e-16  1.0919498e-16  7.7371180e-16  
2.1787967e-17  -3.4550147e-17  4.0734296e-16  -4.9071646e-16  -1.5109146e-16  -9.3977564e-17  7.6406923e-17  1.0000000   4.9058022e-17  8.1829096e-16  -7.9241383e-17  8.0704562e-16  1.4198157e-17  -4.4464002e-17  7.9700377e-16  4.4453030e-16  -2.1961310e-16  2.8509396e-16  -3.1272425e-16  -4.2207919e-16  -2.5072886e-16  1.7752548e-16  2.7159721e-17  5.5756929e-16  -6.9062292e-17  8.2676517e-17  -5.2793269e-16  1.0010665e-15  1.5044979e-16  -7.0603240e-16  4.3603084e-16  2.1787967e-17  -3.4550147e-17  4.0734296e-16  -4.9071646e-16  -1.5109146e-16  -9.3977564e-17  7.6406923e-17  1.0000000   4.9058022e-17  8.1829096e-16  -7.9241383e-17  8.0704562e-16  1.4198157e-17  -4.4464002e-17  7.9700377e-16  4.4453030e-16  -2.1961310e-16  2.8509396e-16  -3.1272425e-16  -4.2207919e-16  -2.5072886e-16  1.7752548e-16  2.7159721e-17  5.5756929e-16  -6.9062292e-17  8.2676517e-17  -5.2793269e-16  1.0010665e-15  1.5044979e-16  -7.0603240e-16  4.3603084e-16  
-8.3876950e-17  7.5315823e-16  -3.1411155e-16  4.3393283e-18  -9.9495538e-16  -4.5112714e-16  1.5613448e-18  4.9058022e-17  1.0000000   4.6155767e-16  -4.1578093e-16  -7.5776023e-16  -3.2232370e-16  -4.1355901e-16  -6.2073092e-17  2.6219248e-16  -2.6258669e-16  2.4939904e-16  -5.0803369e-17  -2.6774323e-16  1.2102816e-16  -4.1482831e-16  1.5689677e-16  2.2529917e-16  2.6762127e-17  -1.0858118e-16  1.0771820e-16  -4.2687751e-16  -8.0865913e-16  -4.0133530e-17  -5.6971046e-16  -8.3876950e-17  7.5315823e-16  -3.1411155e-16  4.3393283e-18  -9.9495538e-16  -4.5112714e-16  1.5613448e-18  4.9058022e-17  1.0000000   4.6155767e-16  -4.1578093e-16  -7.5776023e-16  -3.2232370e-16  -4.1355901e-16  -6.2073092e-17  2.6219248e-16  -2.6258669e-16  2.4939904e-16  -5.0803369e-17  -2.6774323e-16  1.2102816e-16  -4.1482831e-16  1.5689677e-16  2.2529917e-16  2.6762127e-17  -1.0858118e-16  1.0771820e-16  -4.2687751e-16  -8.0865913e-16  -4.0133530e-17  -5.6971046e-16  
-9.0241914e-17  -2.5172095e-16  2.8940874e-16  3.7129547e-16  5.9745462e-17  -5.6683988e-16  3.6980243e-17  8.1829096e-16  4.6155767e-16  1.0000000   -3.7390976e-16  1.1747368e-16  -2.3101315e-16  -3.2510912e-16  8.1967551e-16  2.9516757e-16  6.6890330e-16  -1.3103749e-16  1.8547238e-16  -1.0282967e-16  -2.7987893e-16  7.2777580e-16  -1.4363307e-16  -2.7376923e-16  -2.5269072e-16  2.0858305e-16  9.1936531e-17  -3.1078824e-16  -2.7245485e-16  -3.4296793e-16  4.8529519e-16  -9.0241914e-17  -2.5172095e-16  2.8940874e-16  3.7129547e-16  5.9745462e-17  -5.6683988e-16  3.6980243e-17  8.1829096e-16  4.6155767e-16  1.0000000   -3.7390976e-16  1.1747368e-16  -2.3101315e-16  -3.2510912e-16  8.1967551e-16  2.9516757e-16  6.6890330e-16  -1.3103749e-16  1.8547238e-16  -1.0282967e-16  -2.7987893e-16  7.2777580e-16  -1.4363307e-16  -2.7376923e-16  -2.5269072e-16  2.0858305e-16  9.1936531e-17  -3.1078824e-16  -2.7245485e-16  -3.4296793e-16  4.8529519e-16  
6.6855306e-16  1.8254977e-16  -6.2392711e-17  1.8461919e-16  6.2254220e-17  4.9900723e-16  -3.8086005e-16  -7.9241383e-17  -4.1578093e-16  -3.7390976e-16  1.0000000   -3.6711467e-16  -2.5365938e-16  -4.2815734e-16  5.1142278e-17  1.0775946e-16  -4.0783179e-16  -3.3366241e-16  4.4561627e-16  3.8500770e-16  -7.0165802e-17  6.5593229e-16  1.4765331e-16  -1.8101185e-16  -5.5201391e-16  -1.1687600e-15  3.3277500e-16  -3.6697077e-16  3.2167631e-17  -4.0261024e-16  -3.0964045e-16  6.6855306e-16  1.8254977e-16  -6.2392711e-17  1.8461919e-16  6.2254220e-17  4.9900723e-16  -3.8086005e-16  -7.9241383e-17  -4.1578093e-16  -3.7390976e-16  1.0000000   -3.6711467e-16  -2.5365938e-16  -4.2815734e-16  5.1142278e-17  1.0775946e-16  -4.0783179e-16  -3.3366241e-16  4.4561627e-16  3.8500770e-16  -7.0165802e-17  6.5593229e-16  1.4765331e-16  -1.8101185e-16  -5.5201391e-16  -1.1687600e-15  3.3277500e-16  -3.6697077e-16  3.2167631e-17  -4.0261024e-16  -3.0964045e-16  
1.7697340e-16  -7.8848014e-18  -6.7422431e-16  3.4683964e-16  -5.7364941e-17  -1.3549101e-16  -3.5141341e-16  8.0704562e-16  -7.5776023e-16  1.1747368e-16  -3.6711467e-16  1.0000000   -7.6305281e-17  7.5794326e-17  -3.6510685e-16  3.0774391e-16  -2.9851779e-16  -5.8964270e-16  -1.0869918e-16  -7.4583406e-16  -4.2270075e-16  -5.7631046e-17  -2.2453586e-18  -2.7912628e-16  1.7099013e-16  6.3612452e-16  -1.3241667e-16  -4.5857742e-16  4.2466340e-16  2.5094276e-16  1.9847280e-16  1.7697340e-16  -7.8848014e-18  -6.7422431e-16  3.4683964e-16  -5.7364941e-17  -1.3549101e-16  -3.5141341e-16  8.0704562e-16  -7.5776023e-16  1.1747368e-16  -3.6711467e-16  1.0000000   -7.6305281e-17  7.5794326e-17  -3.6510685e-16  3.0774391e-16  -2.9851779e-16  -5.8964270e-16  -1.0869918e-16  -7.4583406e-16  -4.2270075e-16  -5.7631046e-17  -2.2453586e-18  -2.7912628e-16  1.7099013e-16  6.3612452e-16  -1.3241667e-16  -4.5857742e-16  4.2466340e-16  2.5094276e-16  1.9847280e-16  
-2.2185487e-17  -5.7163560e-16  4.1156350e-16  -1.0416259e-16  -3.2221496e-16  9.6036529e-16  1.2175410e-15  1.4198157e-17  -3.2232370e-16  -2.3101315e-16  -2.5365938e-16  -7.6305281e-17  1.0000000   -3.1159639e-16  -5.4606090e-17  4.4442058e-16  3.9011901e-16  1.6144758e-16  2.8774901e-16  1.2782186e-16  2.0856139e-16  1.7420958e-16  4.0296019e-16  6.3965691e-16  -5.5118869e-16  -6.6699719e-16  3.7351482e-16  3.1218281e-16  -1.3509275e-16  4.3754454e-16  4.2823151e-16  -2.2185487e-17  -5.7163560e-16  4.1156350e-16  -1.0416259e-16  -3.2221496e-16  9.6036529e-16  1.2175410e-15  1.4198157e-17  -3.2232370e-16  -2.3101315e-16  -2.5365938e-16  -7.6305281e-17  1.0000000   -3.1159639e-16  -5.4606090e-17  4.4442058e-16  3.9011901e-16  1.6144758e-16  2.8774901e-16  1.2782186e-16  2.0856139e-16  1.7420958e-16  4.0296019e-16  6.3965691e-16  -5.5118869e-16  -6.6699719e-16  3.7351482e-16  3.1218281e-16  -1.3509275e-16  4.3754454e-16  4.2823151e-16  
2.5107884e-16  -3.1685683e-18  -6.2478527e-17  -4.1616875e-16  -1.8896568e-16  1.5880270e-16  2.4555694e-16  -4.4464002e-17  -4.1355901e-16  -3.2510912e-16  -4.2815734e-16  7.5794326e-17  -3.1159639e-16  1.0000000   3.0466604e-16  4.1706050e-16  1.6656035e-16  2.9293081e-17  2.9144710e-16  -1.9777209e-16  -6.9568219e-17  -3.4243597e-16  2.3184755e-16  2.2399586e-16  -2.0896800e-16  -2.2282391e-16  -2.2270567e-17  -2.1399018e-16  -1.8422217e-17  -3.7348366e-16  -1.5957347e-16  2.5107884e-16  -3.1685683e-18  -6.2478527e-17  -4.1616875e-16  -1.8896568e-16  1.5880270e-16  2.4555694e-16  -4.4464002e-17  -4.1355901e-16  -3.2510912e-16  -4.2815734e-16  7.5794326e-17  -3.1159639e-16  1.0000000   3.0466604e-16  4.1706050e-16  1.6656035e-16  2.9293081e-17  2.9144710e-16  -1.9777209e-16  -6.9568219e-17  -3.4243597e-16  2.3184755e-16  2.2399586e-16  -2.0896800e-16  -2.2282391e-16  -2.2270567e-17  -2.1399018e-16  -1.8422217e-17  -3.7348366e-16  -1.5957347e-16  
-3.2028135e-16  -2.7233896e-16  -2.0131019e-16  7.4078120e-16  -2.6109046e-16  -9.3068179e-17  -4.1077485e-17  7.9700377e-16  -6.2073092e-17  8.1967551e-16  5.1142278e-17  -3.6510685e-16  -5.4606090e-17  3.0466604e-16  1.0000000   -1.8335908e-16  4.6362262e-16  8.0766538e-16  6.0421864e-17  3.9216764e-16  1.2356222e-16  2.5894558e-16  4.1507132e-16  2.6552922e-16  -1.5272449e-16  -4.7075431e-17  1.6585820e-16  4.2829741e-16  -3.0088852e-17  -1.3739360e-16  -4.3374288e-16  -3.2028135e-16  -2.7233896e-16  -2.0131019e-16  7.4078120e-16  -2.6109046e-16  -9.3068179e-17  -4.1077485e-17  7.9700377e-16  -6.2073092e-17  8.1967551e-16  5.1142278e-17  -3.6510685e-16  -5.4606090e-17  3.0466604e-16  1.0000000   -1.8335908e-16  4.6362262e-16  8.0766538e-16  6.0421864e-17  3.9216764e-16  1.2356222e-16  2.5894558e-16  4.1507132e-16  2.6552922e-16  -1.5272449e-16  -4.7075431e-17  1.6585820e-16  4.2829741e-16  -3.0088852e-17  -1.3739360e-16  -4.3374288e-16  
5.3074195e-16  -3.0764937e-16  4.0644445e-16  1.0291799e-15  1.6479603e-17  2.5061601e-17  -1.0801447e-16  4.4453030e-16  2.6219248e-16  2.9516757e-16  1.0775946e-16  3.0774391e-16  4.4442058e-16  4.1706050e-16  -1.8335908e-16  1.0000000   -2.1868941e-17  2.6927098e-16  6.0137020e-16  -1.6927068e-16  -7.9740440e-16  9.9576616e-17  -3.3077828e-17  1.7189315e-16  5.2059629e-18  7.4117137e-16  4.2319658e-16  6.8395894e-16  1.2400210e-16  -1.0977117e-16  -9.6386152e-17  5.3074195e-16  -3.0764937e-16  4.0644445e-16  1.0291799e-15  1.6479603e-17  2.5061601e-17  -1.0801447e-16  4.4453030e-16  2.6219248e-16  2.9516757e-16  1.0775946e-16  3.0774391e-16  4.4442058e-16  4.1706050e-16  -1.8335908e-16  1.0000000   -2.1868941e-17  2.6927098e-16  6.0137020e-16  -1.6927068e-16  -7.9740440e-16  9.9576616e-17  -3.3077828e-17  1.7189315e-16  5.2059629e-18  7.4117137e-16  4.2319658e-16  6.8395894e-16  1.2400210e-16  -1.0977117e-16  -9.6386152e-17  
2.0380531e-16  3.8306071e-16  4.7165603e-16  -2.3646374e-16  2.9856541e-16  -1.8340843e-16  -1.0100418e-16  -2.1961310e-16  -2.6258669e-16  6.6890330e-16  -4.0783179e-16  -2.9851779e-16  3.9011901e-16  1.6656035e-16  4.6362262e-16  -2.1868941e-17  1.0000000   -3.8536853e-16  -2.1703236e-16  -7.3445256e-16  3.7130607e-16  -1.0958652e-16  -8.7227577e-16  4.6980948e-16  -2.7137757e-16  3.4519655e-16  -1.2577575e-16  2.2667376e-17  6.5216073e-16  1.7728077e-17  1.4045188e-16  2.0380531e-16  3.8306071e-16  4.7165603e-16  -2.3646374e-16  2.9856541e-16  -1.8340843e-16  -1.0100418e-16  -2.1961310e-16  -2.6258669e-16  6.6890330e-16  -4.0783179e-16  -2.9851779e-16  3.9011901e-16  1.6656035e-16  4.6362262e-16  -2.1868941e-17  1.0000000   -3.8536853e-16  -2.1703236e-16  -7.3445256e-16  3.7130607e-16  -1.0958652e-16  -8.7227577e-16  4.6980948e-16  -2.7137757e-16  3.4519655e-16  -1.2577575e-16  2.2667376e-17  6.5216073e-16  1.7728077e-17  1.4045188e-16  
1.2353769e-16  -3.5829697e-16  3.6197667e-16  9.8293402e-16  -5.4168959e-16  -5.8200651e-17  -5.1925420e-16  2.8509396e-16  2.4939904e-16  -1.3103749e-16  -3.3366241e-16  -5.8964270e-16  1.6144758e-16  2.9293081e-17  8.0766538e-16  2.6927098e-16  -3.8536853e-16  1.0000000   -8.1373948e-16  3.0180567e-16  9.8345975e-17  2.1994934e-16  -2.4980325e-16  9.9961865e-17  -7.7079754e-16  -3.5663285e-16  -8.9087948e-18  -6.3866291e-16  -7.2232482e-17  -1.2742256e-16  -7.1207325e-16  1.2353769e-16  -3.5829697e-16  3.6197667e-16  9.8293402e-16  -5.4168959e-16  -5.8200651e-17  -5.1925420e-16  2.8509396e-16  2.4939904e-16  -1.3103749e-16  -3.3366241e-16  -5.8964270e-16  1.6144758e-16  2.9293081e-17  8.0766538e-16  2.6927098e-16  -3.8536853e-16  1.0000000   -8.1373948e-16  3.0180567e-16  9.8345975e-17  2.1994934e-16  -2.4980325e-16  9.9961865e-17  -7.7079754e-16  -3.5663285e-16  -8.9087948e-18  -6.3866291e-16  -7.2232482e-17  -1.2742256e-16  -7.1207325e-16  
3.3923644e-16  -1.1511909e-16  1.4048831e-16  -7.2119148e-16  -3.8928530e-16  6.3031781e-16  7.1552215e-17  -3.1272425e-16  -5.0803369e-17  1.8547238e-16  4.4561627e-16  -1.0869918e-16  2.8774901e-16  2.9144710e-16  6.0421864e-17  6.0137020e-16  -2.1703236e-16  -8.1373948e-16  1.0000000   3.6703855e-16  -3.3417469e-16  4.3768535e-17  6.2314479e-16  2.5562743e-16  1.1093649e-16  3.4410848e-16  7.3111942e-17  2.6613876e-16  -2.7312319e-16  1.8493792e-16  2.7361037e-17  3.3923644e-16  -1.1511909e-16  1.4048831e-16  -7.2119148e-16  -3.8928530e-16  6.3031781e-16  7.1552215e-17  -3.1272425e-16  -5.0803369e-17  1.8547238e-16  4.4561627e-16  -1.0869918e-16  2.8774901e-16  2.9144710e-16  6.0421864e-17  6.0137020e-16  -2.1703236e-16  -8.1373948e-16  1.0000000   3.6703855e-16  -3.3417469e-16  4.3768535e-17  6.2314479e-16  2.5562743e-16  1.1093649e-16  3.4410848e-16  7.3111942e-17  2.6613876e-16  -2.7312319e-16  1.8493792e-16  2.7361037e-17  
9.2753344e-17  3.4040775e-16  -1.8251655e-16  -3.1661179e-16  -2.9294365e-16  -4.4750753e-16  -5.9362037e-16  -4.2207919e-16  -2.6774323e-16  -1.0282967e-16  3.8500770e-16  -7.4583406e-16  1.2782186e-16  -1.9777209e-16  3.9216764e-16  -1.6927068e-16  -7.3445256e-16  3.0180567e-16  3.6703855e-16  1.0000000   -5.8317530e-16  -3.1485566e-16  -2.2757991e-16  6.1914818e-17  1.5997850e-16  -3.0249677e-16  -5.5100379e-16  2.5708799e-16  -1.3783527e-16  7.5771013e-16  1.8517095e-16  9.2753344e-17  3.4040775e-16  -1.8251655e-16  -3.1661179e-16  -2.9294365e-16  -4.4750753e-16  -5.9362037e-16  -4.2207919e-16  -2.6774323e-16  -1.0282967e-16  3.8500770e-16  -7.4583406e-16  1.2782186e-16  -1.9777209e-16  3.9216764e-16  -1.6927068e-16  -7.3445256e-16  3.0180567e-16  3.6703855e-16  1.0000000   -5.8317530e-16  -3.1485566e-16  -2.2757991e-16  6.1914818e-17  1.5997850e-16  -3.0249677e-16  -5.5100379e-16  2.5708799e-16  -1.3783527e-16  7.5771013e-16  1.8517095e-16  
-1.2650704e-16  1.8825170e-16  4.1911682e-16  3.0229489e-16  -5.1441911e-18  -6.6959074e-16  -1.2898394e-16  -2.5072886e-16  1.2102816e-16  -2.7987893e-16  -7.0165802e-17  -4.2270075e-16  2.0856139e-16  -6.9568219e-17  1.2356222e-16  -7.9740440e-16  3.7130607e-16  9.8345975e-17  -3.3417469e-16  -5.8317530e-16  1.0000000   -3.2744594e-16  2.3644525e-16  -1.9169060e-16  -2.8085484e-16  -1.8104783e-16  1.6899404e-16  -5.9776974e-16  -1.1356282e-16  3.4209318e-17  5.6645036e-16  -1.2650704e-16  1.8825170e-16  4.1911682e-16  3.0229489e-16  -5.1441911e-18  -6.6959074e-16  -1.2898394e-16  -2.5072886e-16  1.2102816e-16  -2.7987893e-16  -7.0165802e-17  -4.2270075e-16  2.0856139e-16  -6.9568219e-17  1.2356222e-16  -7.9740440e-16  3.7130607e-16  9.8345975e-17  -3.3417469e-16  -5.8317530e-16  1.0000000   -3.2744594e-16  2.3644525e-16  -1.9169060e-16  -2.8085484e-16  -1.8104783e-16  1.6899404e-16  -5.9776974e-16  -1.1356282e-16  3.4209318e-17  5.6645036e-16  
1.2754279e-16  -2.5220126e-16  4.1480966e-17  -1.0246824e-16  5.2269664e-16  -8.1683986e-17  1.3269194e-16  1.7752548e-16  -4.1482831e-16  7.2777580e-16  6.5593229e-16  -5.7631046e-17  1.7420958e-16  -3.4243597e-16  2.5894558e-16  9.9576616e-17  -1.0958652e-16  2.1994934e-16  4.3768535e-17  -3.1485566e-16  -3.2744594e-16  1.0000000   -5.4941809e-16  -1.4251637e-16  -2.7566112e-16  4.8057207e-16  -2.2806764e-16  -1.2036351e-16  -2.4166540e-16  -7.1151620e-16  2.2193951e-16  1.2754279e-16  -2.5220126e-16  4.1480966e-17  -1.0246824e-16  5.2269664e-16  -8.1683986e-17  1.3269194e-16  1.7752548e-16  -4.1482831e-16  7.2777580e-16  6.5593229e-16  -5.7631046e-17  1.7420958e-16  -3.4243597e-16  2.5894558e-16  9.9576616e-17  -1.0958652e-16  2.1994934e-16  4.3768535e-17  -3.1485566e-16  -3.2744594e-16  1.0000000   -5.4941809e-16  -1.4251637e-16  -2.7566112e-16  4.8057207e-16  -2.2806764e-16  -1.2036351e-16  -2.4166540e-16  -7.1151620e-16  2.2193951e-16  
1.0195811e-16  -9.5569766e-17  -4.1491092e-17  1.2100600e-16  -9.3877656e-16  1.3554906e-16  -8.3939600e-16  2.7159721e-17  1.5689677e-16  -1.4363307e-16  1.4765331e-16  -2.2453586e-18  4.0296019e-16  2.3184755e-16  4.1507132e-16  -3.3077828e-17  -8.7227577e-16  -2.4980325e-16  6.2314479e-16  -2.2757991e-16  2.3644525e-16  -5.4941809e-16  1.0000000   -4.9769990e-17  -4.8216812e-16  -4.7339308e-16  3.4615148e-16  -2.7884908e-16  1.9686260e-17  -3.6870691e-16  -3.7974444e-16  1.0195811e-16  -9.5569766e-17  -4.1491092e-17  1.2100600e-16  -9.3877656e-16  1.3554906e-16  -8.3939600e-16  2.7159721e-17  1.5689677e-16  -1.4363307e-16  1.4765331e-16  -2.2453586e-18  4.0296019e-16  2.3184755e-16  4.1507132e-16  -3.3077828e-17  -8.7227577e-16  -2.4980325e-16  6.2314479e-16  -2.2757991e-16  2.3644525e-16  -5.4941809e-16  1.0000000   -4.9769990e-17  -4.8216812e-16  -4.7339308e-16  3.4615148e-16  -2.7884908e-16  1.9686260e-17  -3.6870691e-16  -3.7974444e-16  
-5.0467318e-17  -6.3794177e-16  1.1336497e-16  5.5336209e-17  -3.4132971e-16  -1.0847379e-16  2.8871069e-16  5.5756929e-16  2.2529917e-16  -2.7376923e-16  -1.8101185e-16  -2.7912628e-16  6.3965691e-16  2.2399586e-16  2.6552922e-16  1.7189315e-16  4.6980948e-16  9.9961865e-17  2.5562743e-16  6.1914818e-17  -1.9169060e-16  -1.4251637e-16  -4.9769990e-17  1.0000000   1.6500356e-16  -4.1499694e-16  1.1763992e-16  -3.8612639e-17  -8.0818812e-17  2.4351665e-17  -5.7101750e-17  -5.0467318e-17  -6.3794177e-16  1.1336497e-16  5.5336209e-17  -3.4132971e-16  -1.0847379e-16  2.8871069e-16  5.5756929e-16  2.2529917e-16  -2.7376923e-16  -1.8101185e-16  -2.7912628e-16  6.3965691e-16  2.2399586e-16  2.6552922e-16  1.7189315e-16  4.6980948e-16  9.9961865e-17  2.5562743e-16  6.1914818e-17  -1.9169060e-16  -1.4251637e-16  -4.9769990e-17  1.0000000   1.6500356e-16  -4.1499694e-16  1.1763992e-16  -3.8612639e-17  -8.0818812e-17  2.4351665e-17  -5.7101750e-17  
-2.0405355e-16  -8.2169682e-16  3.9678018e-17  3.4172370e-16  9.3730323e-17  -2.6975950e-17  -3.1547792e-16  -6.9062292e-17  2.6762127e-17  -2.5269072e-16  -5.5201391e-16  1.7099013e-16  -5.5118869e-16  -2.0896800e-16  -1.5272449e-16  5.2059629e-18  -2.7137757e-16  -7.7079754e-16  1.1093649e-16  1.5997850e-16  -2.8085484e-16  -2.7566112e-16  -4.8216812e-16  1.6500356e-16  1.0000000   -3.7257609e-16  6.0749259e-17  -2.8366891e-16  1.5382882e-16  -1.6424002e-16  -7.8374316e-16  -2.0405355e-16  -8.2169682e-16  3.9678018e-17  3.4172370e-16  9.3730323e-17  -2.6975950e-17  -3.1547792e-16  -6.9062292e-17  2.6762127e-17  -2.5269072e-16  -5.5201391e-16  1.7099013e-16  -5.5118869e-16  -2.0896800e-16  -1.5272449e-16  5.2059629e-18  -2.7137757e-16  -7.7079754e-16  1.1093649e-16  1.5997850e-16  -2.8085484e-16  -2.7566112e-16  -4.8216812e-16  1.6500356e-16  1.0000000   -3.7257609e-16  6.0749259e-17  -2.8366891e-16  1.5382882e-16  -1.6424002e-16  -7.8374316e-16  
-2.4226524e-16  -5.6321762e-16  3.4303167e-16  -3.9881533e-16  5.9452033e-16  4.2148325e-16  1.5259968e-16  8.2676517e-17  -1.0858118e-16  2.0858305e-16  -1.1687600e-15  6.3612452e-16  -6.6699719e-16  -2.2282391e-16  -4.7075431e-17  7.4117137e-16  3.4519655e-16  -3.5663285e-16  3.4410848e-16  -3.0249677e-16  -1.8104783e-16  4.8057207e-16  -4.7339308e-16  -4.1499694e-16  -3.7257609e-16  1.0000000   1.4884398e-16  1.4516800e-16  -1.7557848e-16  2.6008279e-17  -1.3323006e-16  -2.4226524e-16  -5.6321762e-16  3.4303167e-16  -3.9881533e-16  5.9452033e-16  4.2148325e-16  1.5259968e-16  8.2676517e-17  -1.0858118e-16  2.0858305e-16  -1.1687600e-15  6.3612452e-16  -6.6699719e-16  -2.2282391e-16  -4.7075431e-17  7.4117137e-16  3.4519655e-16  -3.5663285e-16  3.4410848e-16  -3.0249677e-16  -1.8104783e-16  4.8057207e-16  -4.7339308e-16  -4.1499694e-16  -3.7257609e-16  1.0000000   1.4884398e-16  1.4516800e-16  -1.7557848e-16  2.6008279e-17  -1.3323006e-16  
5.7516447e-16  -9.7777161e-17  -1.4581177e-16  2.7468822e-17  -9.6113887e-18  -3.5501582e-16  -2.7946327e-16  -5.2793269e-16  1.0771820e-16  9.1936531e-17  3.3277500e-16  -1.3241667e-16  3.7351482e-16  -2.2270567e-17  1.6585820e-16  4.2319658e-16  -1.2577575e-16  -8.9087948e-18  7.3111942e-17  -5.5100379e-16  1.6899404e-16  -2.2806764e-16  3.4615148e-16  1.1763992e-16  6.0749259e-17  1.4884398e-16  1.0000000   1.8903458e-16  1.2648150e-16  3.8915791e-17  1.7098062e-16  5.7516447e-16  -9.7777161e-17  -1.4581177e-16  2.7468822e-17  -9.6113887e-18  -3.5501582e-16  -2.7946327e-16  -5.2793269e-16  1.0771820e-16  9.1936531e-17  3.3277500e-16  -1.3241667e-16  3.7351482e-16  -2.2270567e-17  1.6585820e-16  4.2319658e-16  -1.2577575e-16  -8.9087948e-18  7.3111942e-17  -5.5100379e-16  1.6899404e-16  -2.2806764e-16  3.4615148e-16  1.1763992e-16  6.0749259e-17  1.4884398e-16  1.0000000   1.8903458e-16  1.2648150e-16  3.8915791e-17  1.7098062e-16  
1.4360822e-16  -1.7183392e-16  -4.6200864e-16  5.3316987e-16  -9.4674031e-17  9.4497492e-17  4.3159648e-16  1.0010665e-15  -4.2687751e-16  -3.1078824e-16  -3.6697077e-16  -4.5857742e-16  3.1218281e-16  -2.1399018e-16  4.2829741e-16  6.8395894e-16  2.2667376e-17  -6.3866291e-16  2.6613876e-16  2.5708799e-16  -5.9776974e-16  -1.2036351e-16  -2.7884908e-16  -3.8612639e-17  -2.8366891e-16  1.4516800e-16  1.8903458e-16  1.0000000   4.3101809e-16  3.7003587e-17  1.5825722e-16  1.4360822e-16  -1.7183392e-16  -4.6200864e-16  5.3316987e-16  -9.4674031e-17  9.4497492e-17  4.3159648e-16  1.0010665e-15  -4.2687751e-16  -3.1078824e-16  -3.6697077e-16  -4.5857742e-16  3.1218281e-16  -2.1399018e-16  4.2829741e-16  6.8395894e-16  2.2667376e-17  -6.3866291e-16  2.6613876e-16  2.5708799e-16  -5.9776974e-16  -1.2036351e-16  -2.7884908e-16  -3.8612639e-17  -2.8366891e-16  1.4516800e-16  1.8903458e-16  1.0000000   4.3101809e-16  3.7003587e-17  1.5825722e-16  
2.9350852e-16  3.7000461e-16  -7.3427116e-16  -9.0967428e-17  -1.8792203e-17  5.1017141e-16  2.6520783e-16  1.5044979e-16  -8.0865913e-16  -2.7245485e-16  3.2167631e-17  4.2466340e-16  -1.3509275e-16  -1.8422217e-17  -3.0088852e-17  1.2400210e-16  6.5216073e-16  -7.2232482e-17  -2.7312319e-16  -1.3783527e-16  -1.1356282e-16  -2.4166540e-16  1.9686260e-17  -8.0818812e-17  1.5382882e-16  -1.7557848e-16  1.2648150e-16  4.3101809e-16  1.0000000   2.9647022e-17  -5.0832010e-16  2.9350852e-16  3.7000461e-16  -7.3427116e-16  -9.0967428e-17  -1.8792203e-17  5.1017141e-16  2.6520783e-16  1.5044979e-16  -8.0865913e-16  -2.7245485e-16  3.2167631e-17  4.2466340e-16  -1.3509275e-16  -1.8422217e-17  -3.0088852e-17  1.2400210e-16  6.5216073e-16  -7.2232482e-17  -2.7312319e-16  -1.3783527e-16  -1.1356282e-16  -2.4166540e-16  1.9686260e-17  -8.0818812e-17  1.5382882e-16  -1.7557848e-16  1.2648150e-16  4.3101809e-16  1.0000000   2.9647022e-17  -5.0832010e-16  
6.8097952e-17  -6.2436312e-16  -4.8475472e-16  4.5827389e-16  -3.0574921e-16  1.0278275e-15  1.0919498e-16  -7.0603240e-16  -4.0133530e-17  -3.4296793e-16  -4.0261024e-16  2.5094276e-16  4.3754454e-16  -3.7348366e-16  -1.3739360e-16  -1.0977117e-16  1.7728077e-17  -1.2742256e-16  1.8493792e-16  7.5771013e-16  3.4209318e-17  -7.1151620e-16  -3.6870691e-16  2.4351665e-17  -1.6424002e-16  2.6008279e-17  3.8915791e-17  3.7003587e-17  2.9647022e-17  1.0000000   3.8186243e-17  6.8097952e-17  -6.2436312e-16  -4.8475472e-16  4.5827389e-16  -3.0574921e-16  1.0278275e-15  1.0919498e-16  -7.0603240e-16  -4.0133530e-17  -3.4296793e-16  -4.0261024e-16  2.5094276e-16  4.3754454e-16  -3.7348366e-16  -1.3739360e-16  -1.0977117e-16  1.7728077e-17  -1.2742256e-16  1.8493792e-16  7.5771013e-16  3.4209318e-17  -7.1151620e-16  -3.6870691e-16  2.4351665e-17  -1.6424002e-16  2.6008279e-17  3.8915791e-17  3.7003587e-17  2.9647022e-17  1.0000000   3.8186243e-17  
1.7597194e-16  -2.8927552e-16  3.2492644e-16  2.7313891e-17  1.4010069e-16  -3.3452213e-16  7.7371180e-16  4.3603084e-16  -5.6971046e-16  4.8529519e-16  -3.0964045e-16  1.9847280e-16  4.2823151e-16  -1.5957347e-16  -4.3374288e-16  -9.6386152e-17  1.4045188e-16  -7.1207325e-16  2.7361037e-17  1.8517095e-16  5.6645036e-16  2.2193951e-16  -3.7974444e-16  -5.7101750e-17  -7.8374316e-16  -1.3323006e-16  1.7098062e-16  1.5825722e-16  -5.0832010e-16  3.8186243e-17  1.0000000   1.7597194e-16  -2.8927552e-16  3.2492644e-16  2.7313891e-17  1.4010069e-16  -3.3452213e-16  7.7371180e-16  4.3603084e-16  -5.6971046e-16  4.8529519e-16  -3.0964045e-16  1.9847280e-16  4.2823151e-16  -1.5957347e-16  -4.3374288e-16  -9.6386152e-17  1.4045188e-16  -7.1207325e-16  2.7361037e-17  1.8517095e-16  5.6645036e-16  2.2193951e-16  -3.7974444e-16  -5.7101750e-17  -7.8374316e-16  -1.3323006e-16  1.7098062e-16  1.5825722e-16  -5.0832010e-16  3.8186243e-17  1.0000000   
1.0000000   3.4776667e-16  2.2857509e-16  2.4125407e-17  4.7358429e-17  1.5144078e-16  -6.3923300e-16  2.1787967e-17  -8.3876950e-17  -9.0241914e-17  6.6855306e-16  1.7697340e-16  -2.2185487e-17  2.5107884e-16  -3.2028135e-16  5.3074195e-16  2.0380531e-16  1.2353769e-16  3.3923644e-16  9.2753344e-17  -1.2650704e-16  1.2754279e-16  1.0195811e-16  -5.0467318e-17  -2.0405355e-16  -2.4226524e-16  5.7516447e-16  1.4360822e-16  2.9350852e-16  6.8097952e-17  1.7597194e-16  1.0000000   3.4776667e-16  2.2857509e-16  2.4125407e-17  4.7358429e-17  1.5144078e-16  -6.3923300e-16  2.1787967e-17  -8.3876950e-17  -9.0241914e-17  6.6855306e-16  1.7697340e-16  -2.2185487e-17  2.5107884e-16  -3.2028135e-16  5.3074195e-16  2.0380531e-16  1.2353769e-16  3.3923644e-16  9.2753344e-17  -1.2650704e-16  1.2754279e-16  1.0195811e-16  -5.0467318e-17  -2.0405355e-16  -2.4226524e-16  5.7516447e-16  1.4360822e-16  2.9350852e-16  6.8097952e-17  1.7597194e-16  
3.4776667e-16  1.0000000   2.7428027e-17  3.6978174e-16  3.6134028e-18  3.9509808e-16  -3.6449985e-16  -3.4550147e-17  7.5315823e-16  -2.5172095e-16  1.8254977e-16  -7.8848014e-18  -5.7163560e-16  -3.1685683e-18  -2.7233896e-16  -3.0764937e-16  3.8306071e-16  -3.5829697e-16  -1.1511909e-16  3.4040775e-16  1.8825170e-16  -2.5220126e-16  -9.5569766e-17  -6.3794177e-16  -8.2169682e-16  -5.6321762e-16  -9.7777161e-17  -1.7183392e-16  3.7000461e-16  -6.2436312e-16  -2.8927552e-16  3.4776667e-16  1.0000000   2.7428027e-17  3.6978174e-16  3.6134028e-18  3.9509808e-16  -3.6449985e-16  -3.4550147e-17  7.5315823e-16  -2.5172095e-16  1.8254977e-16  -7.8848014e-18  -5.7163560e-16  -3.1685683e-18  -2.7233896e-16  -3.0764937e-16  3.8306071e-16  -3.5829697e-16  -1.1511909e-16  3.4040775e-16  1.8825170e-16  -2.5220126e-16  -9.5569766e-17  -6.3794177e-16  -8.2169682e-16  -5.6321762e-16  -9.7777161e-17  -1.7183392e-16  3.7000461e-16  -6.2436312e-16  -2.8927552e-16  
2.2857509e-16  2.7428027e-17  1.0000000   3.2193295e-16  3.4770350e-16  2.5436424e-16  7.9044635e-18  4.0734296e-16  -3.1411155e-16  2.8940874e-16  -6.2392711e-17  -6.7422431e-16  4.1156350e-16  -6.2478527e-17  -2.0131019e-16  4.0644445e-16  4.7165603e-16  3.6197667e-16  1.4048831e-16  -1.8251655e-16  4.1911682e-16  4.1480966e-17  -4.1491092e-17  1.1336497e-16  3.9678018e-17  3.4303167e-16  -1.4581177e-16  -4.6200864e-16  -7.3427116e-16  -4.8475472e-16  3.2492644e-16  2.2857509e-16  2.7428027e-17  1.0000000   3.2193295e-16  3.4770350e-16  2.5436424e-16  7.9044635e-18  4.0734296e-16  -3.1411155e-16  2.8940874e-16  -6.2392711e-17  -6.7422431e-16  4.1156350e-16  -6.2478527e-17  -2.0131019e-16  4.0644445e-16  4.7165603e-16  3.6197667e-16  1.4048831e-16  -1.8251655e-16  4.1911682e-16  4.1480966e-17  -4.1491092e-17  1.1336497e-16  3.9678018e-17  3.4303167e-16  -1.4581177e-16  -4.6200864e-16  -7.3427116e-16  -4.8475472e-16  3.2492644e-16  
2.4125407e-17  3.6978174e-16  3.2193295e-16  1.0000000   -5.6020267e-16  2.9060616e-16  -1.0774958e-16  -4.9071646e-16  4.3393283e-18  3.7129547e-16  1.8461919e-16  3.4683964e-16  -1.0416259e-16  -4.1616875e-16  7.4078120e-16  1.0291799e-15  -2.3646374e-16  9.8293402e-16  -7.2119148e-16  -3.1661179e-16  3.0229489e-16  -1.0246824e-16  1.2100600e-16  5.5336209e-17  3.4172370e-16  -3.9881533e-16  2.7468822e-17  5.3316987e-16  -9.0967428e-17  4.5827389e-16  2.7313891e-17  2.4125407e-17  3.6978174e-16  3.2193295e-16  1.0000000   -5.6020267e-16  2.9060616e-16  -1.0774958e-16  -4.9071646e-16  4.3393283e-18  3.7129547e-16  1.8461919e-16  3.4683964e-16  -1.0416259e-16  -4.1616875e-16  7.4078120e-16  1.0291799e-15  -2.3646374e-16  9.8293402e-16  -7.2119148e-16  -3.1661179e-16  3.0229489e-16  -1.0246824e-16  1.2100600e-16  5.5336209e-17  3.4172370e-16  -3.9881533e-16  2.7468822e-17  5.3316987e-16  -9.0967428e-17  4.5827389e-16  2.7313891e-17  
4.7358429e-17  3.6134028e-18  3.4770350e-16  -5.6020267e-16  1.0000000   4.3764543e-16  -1.9332804e-16  -1.5109146e-16  -9.9495538e-16  5.9745462e-17  6.2254220e-17  -5.7364941e-17  -3.2221496e-16  -1.8896568e-16  -2.6109046e-16  1.6479603e-17  2.9856541e-16  -5.4168959e-16  -3.8928530e-16  -2.9294365e-16  -5.1441911e-18  5.2269664e-16  -9.3877656e-16  -3.4132971e-16  9.3730323e-17  5.9452033e-16  -9.6113887e-18  -9.4674031e-17  -1.8792203e-17  -3.0574921e-16  1.4010069e-16  4.7358429e-17  3.6134028e-18  3.4770350e-16  -5.6020267e-16  1.0000000   4.3764543e-16  -1.9332804e-16  -1.5109146e-16  -9.9495538e-16  5.9745462e-17  6.2254220e-17  -5.7364941e-17  -3.2221496e-16  -1.8896568e-16  -2.6109046e-16  1.6479603e-17  2.9856541e-16  -5.4168959e-16  -3.8928530e-16  -2.9294365e-16  -5.1441911e-18  5.2269664e-16  -9.3877656e-16  -3.4132971e-16  9.3730323e-17  5.9452033e-16  -9.6113887e-18  -9.4674031e-17  -1.8792203e-17  -3.0574921e-16  1.4010069e-16  
1.5144078e-16  3.9509808e-16  2.5436424e-16  2.9060616e-16  4.3764543e-16  1.0000000   1.1100596e-16  -9.3977564e-17  -4.5112714e-16  -5.6683988e-16  4.9900723e-16  -1.3549101e-16  9.6036529e-16  1.5880270e-16  -9.3068179e-17  2.5061601e-17  -1.8340843e-16  -5.8200651e-17  6.3031781e-16  -4.4750753e-16  -6.6959074e-16  -8.1683986e-17  1.3554906e-16  -1.0847379e-16  -2.6975950e-17  4.2148325e-16  -3.5501582e-16  9.4497492e-17  5.1017141e-16  1.0278275e-15  -3.3452213e-16  1.5144078e-16  3.9509808e-16  2.5436424e-16  2.9060616e-16  4.3764543e-16  1.0000000   1.1100596e-16  -9.3977564e-17  -4.5112714e-16  -5.6683988e-16  4.9900723e-16  -1.3549101e-16  9.6036529e-16  1.5880270e-16  -9.3068179e-17  2.5061601e-17  -1.8340843e-16  -5.8200651e-17  6.3031781e-16  -4.4750753e-16  -6.6959074e-16  -8.1683986e-17  1.3554906e-16  -1.0847379e-16  -2.6975950e-17  4.2148325e-16  -3.5501582e-16  9.4497492e-17  5.1017141e-16  1.0278275e-15  -3.3452213e-16  
-6.3923300e-16  -3.6449985e-16  7.9044635e-18  -1.0774958e-16  -1.9332804e-16  1.1100596e-16  1.0000000   7.6406923e-17  1.5613448e-18  3.6980243e-17  -3.8086005e-16  -3.5141341e-16  1.2175410e-15  2.4555694e-16  -4.1077485e-17  -1.0801447e-16  -1.0100418e-16  -5.1925420e-16  7.1552215e-17  -5.9362037e-16  -1.2898394e-16  1.3269194e-16  -8.3939600e-16  2.8871069e-16  -3.1547792e-16  1.5259968e-16  -2.7946327e-16  4.3159648e-16  2.6520783e-16  1.0919498e-16  7.7371180e-16  -6.3923300e-16  -3.6449985e-16  7.9044635e-18  -1.0774958e-16  -1.9332804e-16  1.1100596e-16  1.0000000   7.6406923e-17  1.5613448e-18  3.6980243e-17  -3.8086005e-16  -3.5141341e-16  1.2175410e-15  2.4555694e-16  -4.1077485e-17  -1.0801447e-16  -1.0100418e-16  -5.1925420e-16  7.1552215e-17  -5.9362037e-16  -1.2898394e-16  1.3269194e-16  -8.3939600e-16  2.8871069e-16  -3.1547792e-16  1.5259968e-16  -2.7946327e-16  4.3159648e-16  2.6520783e-16  1.0919498e-16  7.7371180e-16  
2.1787967e-17  -3.4550147e-17  4.0734296e-16  -4.9071646e-16  -1.5109146e-16  -9.3977564e-17  7.6406923e-17  1.0000000   4.9058022e-17  8.1829096e-16  -7.9241383e-17  8.0704562e-16  1.4198157e-17  -4.4464002e-17  7.9700377e-16  4.4453030e-16  -2.1961310e-16  2.8509396e-16  -3.1272425e-16  -4.2207919e-16  -2.5072886e-16  1.7752548e-16  2.7159721e-17  5.5756929e-16  -6.9062292e-17  8.2676517e-17  -5.2793269e-16  1.0010665e-15  1.5044979e-16  -7.0603240e-16  4.3603084e-16  2.1787967e-17  -3.4550147e-17  4.0734296e-16  -4.9071646e-16  -1.5109146e-16  -9.3977564e-17  7.6406923e-17  1.0000000   4.9058022e-17  8.1829096e-16  -7.9241383e-17  8.0704562e-16  1.4198157e-17  -4.4464002e-17  7.9700377e-16  4.4453030e-16  -2.1961310e-16  2.8509396e-16  -3.1272425e-16  -4.2207919e-16  -2.5072886e-16  1.7752548e-16  2.7159721e-17  5.5756929e-16  -6.9062292e-17  8.2676517e-17  -5.2793269e-16  1.0010665e-15  1.5044979e-16  -7.0603240e-16  4.3603084e-16  
-8.3876950e-17  7.5315823e-16  -3.1411155e-16  4.3393283e-18  -9.9495538e-16  -4.5112714e-16  1.5613448e-18  4.9058022e-17  1.0000000   4.6155767e-16  -4.1578093e-16  -7.5776023e-16  -3.2232370e-16  -4.1355901e-16  -6.2073092e-17  2.6219248e-16  -2.6258669e-16  2.4939904e-16  -5.0803369e-17  -2.6774323e-16  1.2102816e-16  -4.1482831e-16  1.5689677e-16  2.2529917e-16  2.6762127e-17  -1.0858118e-16  1.0771820e-16  -4.2687751e-16  -8.0865913e-16  -4.0133530e-17  -5.6971046e-16  -8.3876950e-17  7.5315823e-16  -3.1411155e-16  4.3393283e-18  -9.9495538e-16  -4.5112714e-16  1.5613448e-18  4.9058022e-17  1.0000000   4.6155767e-16  -4.1578093e-16  -7.5776023e-16  -3.2232370e-16  -4.1355901e-16  -6.2073092e-17  2.6219248e-16  -2.6258669e-16  2.4939904e-16  -5.0803369e-17  -2.6774323e-16  1.2102816e-16  -4.1482831e-16  1.5689677e-16  2.2529917e-16  2.6762127e-17  -1.0858118e-16  1.0771820e-16  -4.2687751e-16  -8.0865913e-16  -4.0133530e-17  -5.6971046e-16  
-9.0241914e-17  -2.5172095e-16  2.8940874e-16  3.7129547e-16  5.9745462e-17  -5.6683988e-16  3.6980243e-17  8.1829096e-16  4.6155767e-16  1.0000000   -3.7390976e-16  1.1747368e-16  -2.3101315e-16  -3.2510912e-16  8.1967551e-16  2.9516757e-16  6.6890330e-16  -1.3103749e-16  1.8547238e-16  -1.0282967e-16  -2.7987893e-16  7.2777580e-16  -1.4363307e-16  -2.7376923e-16  -2.5269072e-16  2.0858305e-16  9.1936531e-17  -3.1078824e-16  -2.7245485e-16  -3.4296793e-16  4.8529519e-16  -9.0241914e-17  -2.5172095e-16  2.8940874e-16  3.7129547e-16  5.9745462e-17  -5.6683988e-16  3.6980243e-17  8.1829096e-16  4.6155767e-16  1.0000000   -3.7390976e-16  1.1747368e-16  -2.3101315e-16  -3.2510912e-16  8.1967551e-16  2.9516757e-16  6.6890330e-16  -1.3103749e-16  1.8547238e-16  -1.0282967e-16  -2.7987893e-16  7.2777580e-16  -1.4363307e-16  -2.7376923e-16  -2.5269072e-16  2.0858305e-16  9.1936531e-17  -3.1078824e-16  -2.7245485e-16  -3.4296793e-16  4.8529519e-16  
