1.0000000   1.8964937e-16  1.2047112e-15  6.4700138e-16  2.5874856e-16  -3.6991576e-16  2.0813087e-16  -1.9348948e-16  -5.4435903e-16  -5.9339445e-16  -6.3457068e-17  5.5704580e-16  -2.3402630e-16  3.9859878e-16  -6.9705267e-16  1.5762972e-16  -1.5057738e-17  -2.9570567e-16  5.1941324e-16  -4.4280014e-16  -1.3365228e-16  4.4148356e-16  6.7964812e-17  5.4744505e-16  -1.0957335e-16  1.5057772e-17  -1.3282555e-16  9.4894894e-17  7.4958803e-16  -1.5732439e-17  -7.5572690e-16  1.0000000   1.8964937e-16  1.2047112e-15  6.4700138e-16  2.5874856e-16  -3.6991576e-16  2.0813087e-16  -1.9348948e-16  -5.4435903e-16  -5.9339445e-16  -6.3457068e-17  5.5704580e-16  -2.3402630e-16  3.9859878e-16  -6.9705267e-16  1.5762972e-16  -1.5057738e-17  -2.9570567e-16  5.1941324e-16  -4.4280014e-16  -1.3365228e-16  4.4148356e-16  6.7964812e-17  5.4744505e-16  -1.0957335e-16  1.5057772e-17  -1.3282555e-16  9.4894894e-17  7.4958803e-16  -1.5732439e-17  -7.5572690e-16  
1.8964937e-16  1.0000000   -1.6154390e-16  -1.7042656e-16  2.4060208e-16  1.4498027e-16  3.2359079e-16  1.9340792e-16  -6.4043345e-16  -2.9249049e-16  -5.6177494e-16  -2.9456794e-16  -7.9683369e-16  -2.9102453e-16  8.4704864e-16  -5.1820768e-16  2.7059713e-16  7.3287257e-16  1.1932818e-16  -4.5849209e-16  4.7962979e-16  -2.9851069e-17  -5.5349801e-16  5.9064412e-16  -2.4728174e-16  -1.2659851e-16  7.0171220e-19  8.6688522e-17  9.1405521e-16  4.2494358e-16  -4.0454219e-16  1.8964937e-16  1.0000000   -1.6154390e-16  -1.7042656e-16  2.4060208e-16  1.4498027e-16  3.2359079e-16  1.9340792e-16  -6.4043345e-16  -2.9249049e-16  -5.6177494e-16  -2.9456794e-16  -7.9683369e-16  -2.9102453e-16  8.4704864e-16  -5.1820768e-16  2.7059713e-16  7.3287257e-16  1.1932818e-16  -4.5849209e-16  4.7962979e-16  -2.9851069e-17  -5.5349801e-16  5.9064412e-16  -2.4728174e-16  -1.2659851e-16  7.0171220e-19  8.6688522e-17  9.1405521e-16  4.2494358e-16  -4.0454219e-16  
1.2047112e-15  -1.6154390e-16  1.0000000   -3.5983718e-16  -1.3067534e-16  -8.4945429e-16  1.3297869e-15  1.5389847e-16  -4.1776433e-17  1.6544079e-16  7.3901512e-17  -1.1437439e-16  5.8887378e-16  -2.6121364e-16  7.9600342e-16  -5.2616127e-16  1.1776851e-16  1.3382633e-16  -2.1359210e-16  -1.5029431e-16  -2.9413401e-16  2.7551914e-16  -5.9845080e-16  4.1221793e-16  4.1834635e-16  -2.7674291e-16  -1.5399247e-16  5.1289128e-16  -7.7455148e-16  6.2194775e-16  2.5162484e-16  1.2047112e-15  -1.6154390e-16  1.0000000   -3.5983718e-16  -1.3067534e-16  -8.4945429e-16  1.3297869e-15  1.5389847e-16  -4.1776433e-17  1.6544079e-16  7.3901512e-17  -1.1437439e-16  5.8887378e-16  -2.6121364e-16  7.9600342e-16  -5.2616127e-16  1.1776851e-16  1.3382633e-16  -2.1359210e-16  -1.5029431e-16  -2.9413401e-16  2.7551914e-16  -5.9845080e-16  4.1221793e-16  4.1834635e-16  -2.7674291e-16  -1.5399247e-16  5.1289128e-16  -7.7455148e-16  6.2194775e-16  2.5162484e-16  
6.4700138e-16  -1.7042656e-16  -3.5983718e-16  1.0000000   4.3675663e-16  -1.9908245e-16  -1.0378496e-15  2.0415253e-16  6.2773753e-16  1.1381476e-16  6.2799234e-16  -3.4753457e-16  3.0984390e-16  2.4994609e-16  2.4364606e-16  3.3934327e-16  1.6787995e-16  -3.2070389e-16  3.0784746e-16  -5.8622978e-16  -4.1037711e-16  3.9225872e-16  1.0587980e-16  -2.2862675e-16  -2.3209441e-17  1.9734159e-16  -3.5373012e-17  -3.3451118e-16  -4.1577214e-17  -2.1986989e-16  -9.3404285e-16  6.4700138e-16  -1.7042656e-16  -3.5983718e-16  1.0000000   4.3675663e-16  -1.9908245e-16  -1.0378496e-15  2.0415253e-16  6.2773753e-16  1.1381476e-16  6.2799234e-16  -3.4753457e-16  3.0984390e-16  2.4994609e-16  2.4364606e-16  3.3934327e-16  1.6787995e-16  -3.2070389e-16  3.0784746e-16  -5.8622978e-16  -4.1037711e-16  3.9225872e-16  1.0587980e-16  -2.2862675e-16  -2.3209441e-17  1.9734159e-16  -3.5373012e-17  -3.3451118e-16  -4.1577214e-17  -2.1986989e-16  -9.3404285e-16  
2.5874856e-16  2.4060208e-16  -1.3067534e-16  4.3675663e-16  1.0000000   -6.3682855e-16  8.0692505e-16  1.1459302e-16  -6.4427543e-18  -2.8892781e-16  -9.8498566e-17  -5.0550015e-17  -3.1530053e-16  2.4469575e-16  3.9247285e-16  -2.5379203e-16  -6.2108843e-16  3.8414208e-17  3.6483175e-16  3.3825182e-16  -6.1487672e-16  -2.4151312e-16  1.5521188e-16  4.7261010e-16  2.4126751e-16  -7.7282471e-17  -3.7921660e-16  1.2970156e-15  5.9537278e-16  -2.7019920e-16  5.4995011e-16  2.5874856e-16  2.4060208e-16  -1.3067534e-16  4.3675663e-16  1.0000000   -6.3682855e-16  8.0692505e-16  1.1459302e-16  -6.4427543e-18  -2.8892781e-16  -9.8498566e-17  -5.0550015e-17  -3.1530053e-16  2.4469575e-16  3.9247285e-16  -2.5379203e-16  -6.2108843e-16  3.8414208e-17  3.6483175e-16  3.3825182e-16  -6.1487672e-16  -2.4151312e-16  1.5521188e-16  4.7261010e-16  2.4126751e-16  -7.7282471e-17  -3.7921660e-16  1.2970156e-15  5.9537278e-16  -2.7019920e-16  5.4995011e-16  
-3.6991576e-16  1.4498027e-16  -8.4945429e-16  -1.9908245e-16  -6.3682855e-16  1.0000000   2.5766547e-16  1.0716303e-16  3.9962542e-16  -3.1787401e-16  -5.9841650e-17  6.9468997e-17  -2.0457518e-16  4.8560227e-17  -3.5931058e-16  3.8924797e-16  1.5860320e-17  4.9858368e-16  2.7587753e-16  -3.2963941e-16  1.9142484e-16  9.9127493e-17  3.0232520e-16  4.2649376e-17  3.2018093e-16  7.3861134e-16  1.8148480e-16  4.1033372e-16  -5.0766878e-16  -4.4904306e-16  -3.0706247e-16  -3.6991576e-16  1.4498027e-16  -8.4945429e-16  -1.9908245e-16  -6.3682855e-16  1.0000000   2.5766547e-16  1.0716303e-16  3.9962542e-16  -3.1787401e-16  -5.9841650e-17  6.9468997e-17  -2.0457518e-16  4.8560227e-17  -3.5931058e-16  3.8924797e-16  1.5860320e-17  4.9858368e-16  2.7587753e-16  -3.2963941e-16  1.9142484e-16  9.9127493e-17  3.0232520e-16  4.2649376e-17  3.2018093e-16  7.3861134e-16  1.8148480e-16  4.1033372e-16  -5.0766878e-16  -4.4904306e-16  -3.0706247e-16  
2.0813087e-16  3.2359079e-16  1.3297869e-15  -1.0378496e-15  8.0692505e-16  2.5766547e-16  1.0000000   -1.9255206e-17  -9.9636056e-16  -4.7771502e-16  -1.2617469e-16  1.0187671e-15  5.2781832e-17  -9.0591677e-16  4.8907261e-16  -3.8227832e-16  -2.2414012e-16  2.3402979e-16  8.5208113e-16  -6.4759803e-16  1.0939809e-15  7.6100148e-16  1.2121480e-16  7.0662367e-16  5.0166683e-16  -4.2861346e-16  -1.5632536e-16  -6.4004877e-17  -1.0329953e-16  -3.1392052e-16  -1.6004685e-16  2.0813087e-16  3.2359079e-16  1.3297869e-15  -1.0378496e-15  8.0692505e-16  2.5766547e-16  1.0000000   -1.9255206e-17  -9.9636056e-16  -4.7771502e-16  -1.2617469e-16  1.0187671e-15  5.2781832e-17  -9.0591677e-16  4.8907261e-16  -3.8227832e-16  -2.2414012e-16  2.3402979e-16  8.5208113e-16  -6.4759803e-16  1.0939809e-15  7.6100148e-16  1.2121480e-16  7.0662367e-16  5.0166683e-16  -4.2861346e-16  -1.5632536e-16  -6.4004877e-17  -1.0329953e-16  -3.1392052e-16  -1.6004685e-16  
-1.9348948e-16  1.9340792e-16  1.5389847e-16  2.0415253e-16  1.1459302e-16  1.0716303e-16  -1.9255206e-17  1.0000000   -1.5603143e-16  -2.0419355e-17  -2.0624889e-16  -4.2168968e-16  -3.7065064e-16  4.2979686e-16  1.3346156e-17  2.3711276e-16  -4.4711036e-16  -8.6065860e-18  7.9496981e-16  -8.9926522e-17  3.4522232e-16  6.8285707e-16  6.6275369e-16  -9.4392753e-17  9.7165697e-17  2.6717495e-16  5.4668491e-16  -5.9921019e-16  -4.5776933e-16  -2.4714790e-16  7.0154910e-16  -1.9348948e-16  1.9340792e-16  1.5389847e-16  2.0415253e-16  1.1459302e-16  1.0716303e-16  -1.9255206e-17  1.0000000   -1.5603143e-16  -2.0419355e-17  -2.0624889e-16  -4.2168968e-16  -3.7065064e-16  4.2979686e-16  1.3346156e-17  2.3711276e-16  -4.4711036e-16  -8.6065860e-18  7.9496981e-16  -8.9926522e-17  3.4522232e-16  6.8285707e-16  6.6275369e-16  -9.4392753e-17  9.7165697e-17  2.6717495e-16  5.4668491e-16  -5.9921019e-16  -4.5776933e-16  -2.4714790e-16  7.0154910e-16  
-5.4435903e-16  -6.4043345e-16  -4.1776433e-17  6.2773753e-16  -6.4427543e-18  3.9962542e-16  -9.9636056e-16  -1.5603143e-16  1.0000000   1.3730207e-16  -3.0043722e-16  4.3337373e-16  2.2180358e-16  3.2133646e-16  -1.2311640e-16  7.0626311e-16  -7.2292875e-16  4.0140026e-16  2.1655689e-17  -5.5096383e-17  4.5480925e-17  1.2847483e-16  1.8421529e-16  3.7275673e-17  -3.3791942e-16  -1.0313372e-16  4.4008075e-16  7.6430764e-16  8.5125157e-19  -5.9039294e-16  7.2668922e-17  -5.4435903e-16  -6.4043345e-16  -4.1776433e-17  6.2773753e-16  -6.4427543e-18  3.9962542e-16  -9.9636056e-16  -1.5603143e-16  1.0000000   1.3730207e-16  -3.0043722e-16  4.3337373e-16  2.2180358e-16  3.2133646e-16  -1.2311640e-16  7.0626311e-16  -7.2292875e-16  4.0140026e-16  2.1655689e-17  -5.5096383e-17  4.5480925e-17  1.2847483e-16  1.8421529e-16  3.7275673e-17  -3.3791942e-16  -1.0313372e-16  4.4008075e-16  7.6430764e-16  8.5125157e-19  -5.9039294e-16  7.2668922e-17  
-5.9339445e-16  -2.9249049e-16  1.6544079e-16  1.1381476e-16  -2.8892781e-16  -3.1787401e-16  -4.7771502e-16  -2.0419355e-17  1.3730207e-16  1.0000000   -3.8014073e-16  -6.3248606e-16  2.3608884e-16  -3.3697846e-16  1.4411720e-16  -1.7821820e-17  6.9798435e-16  6.7015270e-17  -1.9664574e-16  3.9467056e-16  6.0675435e-16  -3.7045867e-16  -1.5883709e-16  1.1668814e-15  6.7956572e-17  5.7960146e-16  8.8714352e-16  -2.6133326e-16  -2.4815239e-16  6.9066240e-16  -2.8465025e-16  -5.9339445e-16  -2.9249049e-16  1.6544079e-16  1.1381476e-16  -2.8892781e-16  -3.1787401e-16  -4.7771502e-16  -2.0419355e-17  1.3730207e-16  1.0000000   -3.8014073e-16  -6.3248606e-16  2.3608884e-16  -3.3697846e-16  1.4411720e-16  -1.7821820e-17  6.9798435e-16  6.7015270e-17  -1.9664574e-16  3.9467056e-16  6.0675435e-16  -3.7045867e-16  -1.5883709e-16  1.1668814e-15  6.7956572e-17  5.7960146e-16  8.8714352e-16  -2.6133326e-16  -2.4815239e-16  6.9066240e-16  -2.8465025e-16  
-6.3457068e-17  -5.6177494e-16  7.3901512e-17  6.2799234e-16  -9.8498566e-17  -5.9841650e-17  -1.2617469e-16  -2.0624889e-16  -3.0043722e-16  -3.8014073e-16  1.0000000   -9.4891392e-17  -2.6477307e-16  -6.0577962e-17  4.4907774e-17  -2.3971300e-17  4.3469784e-16  2.6573119e-17  -5.5735039e-16  1.0824374e-16  4.4178527e-16  5.9467351e-16  -4.7340466e-16  -5.1397079e-17  6.0869465e-16  -4.4147668e-16  -4.4245983e-16  5.4322521e-17  2.5800132e-16  -4.3113042e-16  -9.9098101e-16  -6.3457068e-17  -5.6177494e-16  7.3901512e-17  6.2799234e-16  -9.8498566e-17  -5.9841650e-17  -1.2617469e-16  -2.0624889e-16  -3.0043722e-16  -3.8014073e-16  1.0000000   -9.4891392e-17  -2.6477307e-16  -6.0577962e-17  4.4907774e-17  -2.3971300e-17  4.3469784e-16  2.6573119e-17  -5.5735039e-16  1.0824374e-16  4.4178527e-16  5.9467351e-16  -4.7340466e-16  -5.1397079e-17  6.0869465e-16  -4.4147668e-16  -4.4245983e-16  5.4322521e-17  2.5800132e-16  -4.3113042e-16  -9.9098101e-16  
5.5704580e-16  -2.9456794e-16  -1.1437439e-16  -3.4753457e-16  -5.0550015e-17  6.9468997e-17  1.0187671e-15  -4.2168968e-16  4.3337373e-16  -6.3248606e-16  -9.4891392e-17  1.0000000   -3.9419810e-16  4.6370058e-16  -1.2880135e-16  -6.3231284e-17  -7.2136530e-16  -2.7884964e-16  1.5194891e-16  3.5451853e-16  -4.0094223e-16  2.7605174e-16  -8.3399274e-17  -2.7035989e-16  7.8793510e-17  -5.6647679e-16  1.7331523e-16  6.1363381e-17  -1.5417847e-16  2.7764552e-16  2.0769572e-17  5.5704580e-16  -2.9456794e-16  -1.1437439e-16  -3.4753457e-16  -5.0550015e-17  6.9468997e-17  1.0187671e-15  -4.2168968e-16  4.3337373e-16  -6.3248606e-16  -9.4891392e-17  1.0000000   -3.9419810e-16  4.6370058e-16  -1.2880135e-16  -6.3231284e-17  -7.2136530e-16  -2.7884964e-16  1.5194891e-16  3.5451853e-16  -4.0094223e-16  2.7605174e-16  -8.3399274e-17  -2.7035989e-16  7.8793510e-17  -5.6647679e-16  1.7331523e-16  6.1363381e-17  -1.5417847e-16  2.7764552e-16  2.0769572e-17  
-2.3402630e-16  -7.9683369e-16  5.8887378e-16  3.0984390e-16  -3.1530053e-16  -2.0457518e-16  5.2781832e-17  -3.7065064e-16  2.2180358e-16  2.3608884e-16  -2.6477307e-16  -3.9419810e-16  1.0000000   1.2158865e-16  3.2198168e-16  5.2883753e-16  1.9944394e-16  -1.5594402e-16  9.3716680e-17  -8.8153106e-17  1.1738859e-15  -3.4281368e-16  1.8294302e-16  2.7094343e-16  -1.2608590e-16  5.7854504e-16  -2.1465831e-16  4.0950741e-16  -5.1287957e-16  1.8705713e-16  4.1832798e-16  -2.3402630e-16  -7.9683369e-16  5.8887378e-16  3.0984390e-16  -3.1530053e-16  -2.0457518e-16  5.2781832e-17  -3.7065064e-16  2.2180358e-16  2.3608884e-16  -2.6477307e-16  -3.9419810e-16  1.0000000   1.2158865e-16  3.2198168e-16  5.2883753e-16  1.9944394e-16  -1.5594402e-16  9.3716680e-17  -8.8153106e-17  1.1738859e-15  -3.4281368e-16  1.8294302e-16  2.7094343e-16  -1.2608590e-16  5.7854504e-16  -2.1465831e-16  4.0950741e-16  -5.1287957e-16  1.8705713e-16  4.1832798e-16  
3.9859878e-16  -2.9102453e-16  -2.6121364e-16  2.4994609e-16  2.4469575e-16  4.8560227e-17  -9.0591677e-16  4.2979686e-16  3.2133646e-16  -3.3697846e-16  -6.0577962e-17  4.6370058e-16  1.2158865e-16  1.0000000   3.1307735e-16  3.6229338e-17  -2.6910358e-16  -4.0903974e-16  -2.3069664e-16  5.1504502e-16  1.3316775e-17  9.5262301e-17  1.0509395e-15  -3.9120816e-17  7.8084105e-16  1.0566649e-16  3.4693255e-16  -6.3404946e-16  -3.7607171e-16  -2.7835247e-16  5.0943197e-16  3.9859878e-16  -2.9102453e-16  -2.6121364e-16  2.4994609e-16  2.4469575e-16  4.8560227e-17  -9.0591677e-16  4.2979686e-16  3.2133646e-16  -3.3697846e-16  -6.0577962e-17  4.6370058e-16  1.2158865e-16  1.0000000   3.1307735e-16  3.6229338e-17  -2.6910358e-16  -4.0903974e-16  -2.3069664e-16  5.1504502e-16  1.3316775e-17  9.5262301e-17  1.0509395e-15  -3.9120816e-17  7.8084105e-16  1.0566649e-16  3.4693255e-16  -6.3404946e-16  -3.7607171e-16  -2.7835247e-16  5.0943197e-16  
-6.9705267e-16  8.4704864e-16  7.9600342e-16  2.4364606e-16  3.9247285e-16  -3.5931058e-16  4.8907261e-16  1.3346156e-17  -1.2311640e-16  1.4411720e-16  4.4907774e-17  -1.2880135e-16  3.2198168e-16  3.1307735e-16  1.0000000   -1.6371502e-16  4.7097478e-16  -3.1415565e-16  -5.3898281e-16  -5.4520208e-16  -2.9458750e-16  8.6907306e-16  7.6148601e-16  -4.4213848e-17  1.3244390e-16  -5.4641030e-17  -7.1706402e-16  -1.5641857e-16  2.5800076e-16  2.2915001e-16  -4.0429575e-16  -6.9705267e-16  8.4704864e-16  7.9600342e-16  2.4364606e-16  3.9247285e-16  -3.5931058e-16  4.8907261e-16  1.3346156e-17  -1.2311640e-16  1.4411720e-16  4.4907774e-17  -1.2880135e-16  3.2198168e-16  3.1307735e-16  1.0000000   -1.6371502e-16  4.7097478e-16  -3.1415565e-16  -5.3898281e-16  -5.4520208e-16  -2.9458750e-16  8.6907306e-16  7.6148601e-16  -4.4213848e-17  1.3244390e-16  -5.4641030e-17  -7.1706402e-16  -1.5641857e-16  2.5800076e-16  2.2915001e-16  -4.0429575e-16  
1.5762972e-16  -5.1820768e-16  -5.2616127e-16  3.3934327e-16  -2.5379203e-16  3.8924797e-16  -3.8227832e-16  2.3711276e-16  7.0626311e-16  -1.7821820e-17  -2.3971300e-17  -6.3231284e-17  5.2883753e-16  3.6229338e-17  -1.6371502e-16  1.0000000   -3.8717544e-16  -7.6991662e-17  3.2844028e-16  3.5556482e-16  -2.8417625e-16  -4.1993501e-16  -7.4364269e-16  -1.2721342e-16  -4.8004040e-16  7.4595304e-16  4.8684500e-16  -6.1490590e-16  -3.9324317e-16  -9.1061713e-17  5.1543533e-17  1.5762972e-16  -5.1820768e-16  -5.2616127e-16  3.3934327e-16  -2.5379203e-16  3.8924797e-16  -3.8227832e-16  2.3711276e-16  7.0626311e-16  -1.7821820e-17  -2.3971300e-17  -6.3231284e-17  5.2883753e-16  3.6229338e-17  -1.6371502e-16  1.0000000   -3.8717544e-16  -7.6991662e-17  3.2844028e-16  3.5556482e-16  -2.8417625e-16  -4.1993501e-16  -7.4364269e-16  -1.2721342e-16  -4.8004040e-16  7.4595304e-16  4.8684500e-16  -6.1490590e-16  -3.9324317e-16  -9.1061713e-17  5.1543533e-17  
-1.5057738e-17  2.7059713e-16  1.1776851e-16  1.6787995e-16  -6.2108843e-16  1.5860320e-17  -2.2414012e-16  -4.4711036e-16  -7.2292875e-16  6.9798435e-16  4.3469784e-16  -7.2136530e-16  1.9944394e-16  -2.6910358e-16  4.7097478e-16  -3.8717544e-16  1.0000000   -7.0284953e-16  -1.8637087e-16  -2.3081039e-16  4.6822689e-17  2.9416573e-16  7.3030536e-16  2.2895943e-16  2.4980567e-16  -2.7128875e-16  7.8126679e-18  -2.9118459e-16  6.0835729e-16  -4.5071036e-16  5.5081481e-16  -1.5057738e-17  2.7059713e-16  1.1776851e-16  1.6787995e-16  -6.2108843e-16  1.5860320e-17  -2.2414012e-16  -4.4711036e-16  -7.2292875e-16  6.9798435e-16  4.3469784e-16  -7.2136530e-16  1.9944394e-16  -2.6910358e-16  4.7097478e-16  -3.8717544e-16  1.0000000   -7.0284953e-16  -1.8637087e-16  -2.3081039e-16  4.6822689e-17  2.9416573e-16  7.3030536e-16  2.2895943e-16  2.4980567e-16  -2.7128875e-16  7.8126679e-18  -2.9118459e-16  6.0835729e-16  -4.5071036e-16  5.5081481e-16  
-2.9570567e-16  7.3287257e-16  1.3382633e-16  -3.2070389e-16  3.8414208e-17  4.9858368e-16  2.3402979e-16  -8.6065860e-18  4.0140026e-16  6.7015270e-17  2.6573119e-17  -2.7884964e-16  -1.5594402e-16  -4.0903974e-16  -3.1415565e-16  -7.6991662e-17  -7.0284953e-16  1.0000000   3.7801205e-16  7.7950512e-16  -1.1554027e-15  2.2580996e-16  -5.3582466e-16  2.3436981e-16  -1.9730783e-16  -2.7378701e-16  1.8105442e-17  -1.7608177e-16  1.0008652e-15  3.2116120e-16  4.5426212e-17  -2.9570567e-16  7.3287257e-16  1.3382633e-16  -3.2070389e-16  3.8414208e-17  4.9858368e-16  2.3402979e-16  -8.6065860e-18  4.0140026e-16  6.7015270e-17  2.6573119e-17  -2.7884964e-16  -1.5594402e-16  -4.0903974e-16  -3.1415565e-16  -7.6991662e-17  -7.0284953e-16  1.0000000   3.7801205e-16  7.7950512e-16  -1.1554027e-15  2.2580996e-16  -5.3582466e-16  2.3436981e-16  -1.9730783e-16  -2.7378701e-16  1.8105442e-17  -1.7608177e-16  1.0008652e-15  3.2116120e-16  4.5426212e-17  
5.1941324e-16  1.1932818e-16  -2.1359210e-16  3.0784746e-16  3.6483175e-16  2.7587753e-16  8.5208113e-16  7.9496981e-16  2.1655689e-17  -1.9664574e-16  -5.5735039e-16  1.5194891e-16  9.3716680e-17  -2.3069664e-16  -5.3898281e-16  3.2844028e-16  -1.8637087e-16  3.7801205e-16  1.0000000   3.5315212e-16  -3.8138695e-16  7.1240720e-16  -5.8357272e-16  -1.0418151e-16  -7.8678880e-16  3.4166613e-16  5.9644694e-17  7.2298373e-16  6.6029948e-16  -4.8339404e-16  -1.7219615e-16  5.1941324e-16  1.1932818e-16  -2.1359210e-16  3.0784746e-16  3.6483175e-16  2.7587753e-16  8.5208113e-16  7.9496981e-16  2.1655689e-17  -1.9664574e-16  -5.5735039e-16  1.5194891e-16  9.3716680e-17  -2.3069664e-16  -5.3898281e-16  3.2844028e-16  -1.8637087e-16  3.7801205e-16  1.0000000   3.5315212e-16  -3.8138695e-16  7.1240720e-16  -5.8357272e-16  -1.0418151e-16  -7.8678880e-16  3.4166613e-16  5.9644694e-17  7.2298373e-16  6.6029948e-16  -4.8339404e-16  -1.7219615e-16  
-4.4280014e-16  -4.5849209e-16  -1.5029431e-16  -5.8622978e-16  3.3825182e-16  -3.2963941e-16  -6.4759803e-16  -8.9926522e-17  -5.5096383e-17  3.9467056e-16  1.0824374e-16  3.5451853e-16  -8.8153106e-17  5.1504502e-16  -5.4520208e-16  3.5556482e-16  -2.3081039e-16  7.7950512e-16  3.5315212e-16  1.0000000   -5.1688456e-18  -1.8738619e-16  -7.8779610e-17  1.2486718e-16  -6.1549966e-16  1.4544717e-16  1.1161388e-15  4.7551006e-16  -2.6269601e-16  5.0906734e-16  -1.3253564e-17  -4.4280014e-16  -4.5849209e-16  -1.5029431e-16  -5.8622978e-16  3.3825182e-16  -3.2963941e-16  -6.4759803e-16  -8.9926522e-17  -5.5096383e-17  3.9467056e-16  1.0824374e-16  3.5451853e-16  -8.8153106e-17  5.1504502e-16  -5.4520208e-16  3.5556482e-16  -2.3081039e-16  7.7950512e-16  3.5315212e-16  1.0000000   -5.1688456e-18  -1.8738619e-16  -7.8779610e-17  1.2486718e-16  -6.1549966e-16  1.4544717e-16  1.1161388e-15  4.7551006e-16  -2.6269601e-16  5.0906734e-16  -1.3253564e-17  
-1.3365228e-16  4.7962979e-16  -2.9413401e-16  -4.1037711e-16  -6.1487672e-16  1.9142484e-16  1.0939809e-15  3.4522232e-16  4.5480925e-17  6.0675435e-16  4.4178527e-16  -4.0094223e-16  1.1738859e-15  1.3316775e-17  -2.9458750e-16  -2.8417625e-16  4.6822689e-17  -1.1554027e-15  -3.8138695e-16  -5.1688456e-18  1.0000000   -4.4706457e-16  -4.4070880e-16  4.8339065e-16  -5.1770279e-16  -2.4124351e-17  -4.2283399e-16  -5.7572313e-16  -1.5609582e-16  -8.2182928e-16  -1.7609372e-16  -1.3365228e-16  4.7962979e-16  -2.9413401e-16  -4.1037711e-16  -6.1487672e-16  1.9142484e-16  1.0939809e-15  3.4522232e-16  4.5480925e-17  6.0675435e-16  4.4178527e-16  -4.0094223e-16  1.1738859e-15  1.3316775e-17  -2.9458750e-16  -2.8417625e-16  4.6822689e-17  -1.1554027e-15  -3.8138695e-16  -5.1688456e-18  1.0000000   -4.4706457e-16  -4.4070880e-16  4.8339065e-16  -5.1770279e-16  -2.4124351e-17  -4.2283399e-16  -5.7572313e-16  -1.5609582e-16  -8.2182928e-16  -1.7609372e-16  
4.4148356e-16  -2.9851069e-17  2.7551914e-16  3.9225872e-16  -2.4151312e-16  9.9127493e-17  7.6100148e-16  6.8285707e-16  1.2847483e-16  -3.7045867e-16  5.9467351e-16  2.7605174e-16  -3.4281368e-16  9.5262301e-17  8.6907306e-16  -4.1993501e-16  2.9416573e-16  2.2580996e-16  7.1240720e-16  -1.8738619e-16  -4.4706457e-16  1.0000000   2.8192824e-16  1.5857320e-16  -1.1843165e-16  -3.0731208e-17  3.0047331e-16  -8.3027580e-16  5.3226344e-16  6.7865759e-17  3.8441857e-16  4.4148356e-16  -2.9851069e-17  2.7551914e-16  3.9225872e-16  -2.4151312e-16  9.9127493e-17  7.6100148e-16  6.8285707e-16  1.2847483e-16  -3.7045867e-16  5.9467351e-16  2.7605174e-16  -3.4281368e-16  9.5262301e-17  8.6907306e-16  -4.1993501e-16  2.9416573e-16  2.2580996e-16  7.1240720e-16  -1.8738619e-16  -4.4706457e-16  1.0000000   2.8192824e-16  1.5857320e-16  -1.1843165e-16  -3.0731208e-17  3.0047331e-16  -8.3027580e-16  5.3226344e-16  6.7865759e-17  3.8441857e-16  
6.7964812e-17  -5.5349801e-16  -5.9845080e-16  1.0587980e-16  1.5521188e-16  3.0232520e-16  1.2121480e-16  6.6275369e-16  1.8421529e-16  -1.5883709e-16  -4.7340466e-16  -8.3399274e-17  1.8294302e-16  1.0509395e-15  7.6148601e-16  -7.4364269e-16  7.3030536e-16  -5.3582466e-16  -5.8357272e-16  -7.8779610e-17  -4.4070880e-16  2.8192824e-16  1.0000000   -3.2668353e-17  1.9204548e-16  -8.4427606e-16  9.0610787e-18  -5.6652709e-16  3.6619287e-16  -4.2701659e-16  1.6053175e-15  6.7964812e-17  -5.5349801e-16  -5.9845080e-16  1.0587980e-16  1.5521188e-16  3.0232520e-16  1.2121480e-16  6.6275369e-16  1.8421529e-16  -1.5883709e-16  -4.7340466e-16  -8.3399274e-17  1.8294302e-16  1.0509395e-15  7.6148601e-16  -7.4364269e-16  7.3030536e-16  -5.3582466e-16  -5.8357272e-16  -7.8779610e-17  -4.4070880e-16  2.8192824e-16  1.0000000   -3.2668353e-17  1.9204548e-16  -8.4427606e-16  9.0610787e-18  -5.6652709e-16  3.6619287e-16  -4.2701659e-16  1.6053175e-15  
5.4744505e-16  5.9064412e-16  4.1221793e-16  -2.2862675e-16  4.7261010e-16  4.2649376e-17  7.0662367e-16  -9.4392753e-17  3.7275673e-17  1.1668814e-15  -5.1397079e-17  -2.7035989e-16  2.7094343e-16  -3.9120816e-17  -4.4213848e-17  -1.2721342e-16  2.2895943e-16  2.3436981e-16  -1.0418151e-16  1.2486718e-16  4.8339065e-16  1.5857320e-16  -3.2668353e-17  1.0000000   -2.6438994e-16  -2.8086704e-16  -3.2305604e-16  9.0262618e-17  4.2071258e-16  -5.0986557e-16  -5.5019676e-16  5.4744505e-16  5.9064412e-16  4.1221793e-16  -2.2862675e-16  4.7261010e-16  4.2649376e-17  7.0662367e-16  -9.4392753e-17  3.7275673e-17  1.1668814e-15  -5.1397079e-17  -2.7035989e-16  2.7094343e-16  -3.9120816e-17  -4.4213848e-17  -1.2721342e-16  2.2895943e-16  2.3436981e-16  -1.0418151e-16  1.2486718e-16  4.8339065e-16  1.5857320e-16  -3.2668353e-17  1.0000000   -2.6438994e-16  -2.8086704e-16  -3.2305604e-16  9.0262618e-17  4.2071258e-16  -5.0986557e-16  -5.5019676e-16  
-1.0957335e-16  -2.4728174e-16  4.1834635e-16  -2.3209441e-17  2.4126751e-16  3.2018093e-16  5.0166683e-16  9.7165697e-17  -3.3791942e-16  6.7956572e-17  6.0869465e-16  7.8793510e-17  -1.2608590e-16  7.8084105e-16  1.3244390e-16  -4.8004040e-16  2.4980567e-16  -1.9730783e-16  -7.8678880e-16  -6.1549966e-16  -5.1770279e-16  -1.1843165e-16  1.9204548e-16  -2.6438994e-16  1.0000000   5.8120691e-17  2.6828429e-16  -1.2677161e-16  -6.9516118e-16  -8.0763204e-17  8.4694819e-17  -1.0957335e-16  -2.4728174e-16  4.1834635e-16  -2.3209441e-17  2.4126751e-16  3.2018093e-16  5.0166683e-16  9.7165697e-17  -3.3791942e-16  6.7956572e-17  6.0869465e-16  7.8793510e-17  -1.2608590e-16  7.8084105e-16  1.3244390e-16  -4.8004040e-16  2.4980567e-16  -1.9730783e-16  -7.8678880e-16  -6.1549966e-16  -5.1770279e-16  -1.1843165e-16  1.9204548e-16  -2.6438994e-16  1.0000000   5.8120691e-17  2.6828429e-16  -1.2677161e-16  -6.9516118e-16  -8.0763204e-17  8.4694819e-17  
1.5057772e-17  -1.2659851e-16  -2.7674291e-16  1.9734159e-16  -7.7282471e-17  7.3861134e-16  -4.2861346e-16  2.6717495e-16  -1.0313372e-16  5.7960146e-16  -4.4147668e-16  -5.6647679e-16  5.7854504e-16  1.0566649e-16  -5.4641030e-17  7.4595304e-16  -2.7128875e-16  -2.7378701e-16  3.4166613e-16  1.4544717e-16  -2.4124351e-17  -3.0731208e-17  -8.4427606e-16  -2.8086704e-16  5.8120691e-17  1.0000000   -1.6445608e-16  -2.4051686e-16  -4.5980373e-16  6.5464076e-17  1.8885611e-16  1.5057772e-17  -1.2659851e-16  -2.7674291e-16  1.9734159e-16  -7.7282471e-17  7.3861134e-16  -4.2861346e-16  2.6717495e-16  -1.0313372e-16  5.7960146e-16  -4.4147668e-16  -5.6647679e-16  5.7854504e-16  1.0566649e-16  -5.4641030e-17  7.4595304e-16  -2.7128875e-16  -2.7378701e-16  3.4166613e-16  1.4544717e-16  -2.4124351e-17  -3.0731208e-17  -8.4427606e-16  -2.8086704e-16  5.8120691e-17  1.0000000   -1.6445608e-16  -2.4051686e-16  -4.5980373e-16  6.5464076e-17  1.8885611e-16  
-1.3282555e-16  7.0171220e-19  -1.5399247e-16  -3.5373012e-17  -3.7921660e-16  1.8148480e-16  -1.5632536e-16  5.4668491e-16  4.4008075e-16  8.8714352e-16  -4.4245983e-16  1.7331523e-16  -2.1465831e-16  3.4693255e-16  -7.1706402e-16  4.8684500e-16  7.8126679e-18  1.8105442e-17  5.9644694e-17  1.1161388e-15  -4.2283399e-16  3.0047331e-16  9.0610787e-18  -3.2305604e-16  2.6828429e-16  -1.6445608e-16  1.0000000   2.5117639e-16  2.9905491e-17  9.5135210e-17  -2.6818161e-16  -1.3282555e-16  7.0171220e-19  -1.5399247e-16  -3.5373012e-17  -3.7921660e-16  1.8148480e-16  -1.5632536e-16  5.4668491e-16  4.4008075e-16  8.8714352e-16  -4.4245983e-16  1.7331523e-16  -2.1465831e-16  3.4693255e-16  -7.1706402e-16  4.8684500e-16  7.8126679e-18  1.8105442e-17  5.9644694e-17  1.1161388e-15  -4.2283399e-16  3.0047331e-16  9.0610787e-18  -3.2305604e-16  2.6828429e-16  -1.6445608e-16  1.0000000   2.5117639e-16  2.9905491e-17  9.5135210e-17  -2.6818161e-16  
9.4894894e-17  8.6688522e-17  5.1289128e-16  -3.3451118e-16  1.2970156e-15  4.1033372e-16  -6.4004877e-17  -5.9921019e-16  7.6430764e-16  -2.6133326e-16  5.4322521e-17  6.1363381e-17  4.0950741e-16  -6.3404946e-16  -1.5641857e-16  -6.1490590e-16  -2.9118459e-16  -1.7608177e-16  7.2298373e-16  4.7551006e-16  -5.7572313e-16  -8.3027580e-16  -5.6652709e-16  9.0262618e-17  -1.2677161e-16  -2.4051686e-16  2.5117639e-16  1.0000000   -2.6534964e-16  3.9216054e-16  -3.8846033e-17  9.4894894e-17  8.6688522e-17  5.1289128e-16  -3.3451118e-16  1.2970156e-15  4.1033372e-16  -6.4004877e-17  -5.9921019e-16  7.6430764e-16  -2.6133326e-16  5.4322521e-17  6.1363381e-17  4.0950741e-16  -6.3404946e-16  -1.5641857e-16  -6.1490590e-16  -2.9118459e-16  -1.7608177e-16  7.2298373e-16  4.7551006e-16  -5.7572313e-16  -8.3027580e-16  -5.6652709e-16  9.0262618e-17  -1.2677161e-16  -2.4051686e-16  2.5117639e-16  1.0000000   -2.6534964e-16  3.9216054e-16  -3.8846033e-17  
7.4958803e-16  9.1405521e-16  -7.7455148e-16  -4.1577214e-17  5.9537278e-16  -5.0766878e-16  -1.0329953e-16  -4.5776933e-16  8.5125157e-19  -2.4815239e-16  2.5800132e-16  -1.5417847e-16  -5.1287957e-16  -3.7607171e-16  2.5800076e-16  -3.9324317e-16  6.0835729e-16  1.0008652e-15  6.6029948e-16  -2.6269601e-16  -1.5609582e-16  5.3226344e-16  3.6619287e-16  4.2071258e-16  -6.9516118e-16  -4.5980373e-16  2.9905491e-17  -2.6534964e-16  1.0000000   -3.2990846e-16  -2.2557320e-16  7.4958803e-16  9.1405521e-16  -7.7455148e-16  -4.1577214e-17  5.9537278e-16  -5.0766878e-16  -1.0329953e-16  -4.5776933e-16  8.5125157e-19  -2.4815239e-16  2.5800132e-16  -1.5417847e-16  -5.1287957e-16  -3.7607171e-16  2.5800076e-16  -3.9324317e-16  6.0835729e-16  1.0008652e-15  6.6029948e-16  -2.6269601e-16  -1.5609582e-16  5.3226344e-16  3.6619287e-16  4.2071258e-16  -6.9516118e-16  -4.5980373e-16  2.9905491e-17  -2.6534964e-16  1.0000000   -3.2990846e-16  -2.2557320e-16  
-1.5732439e-17  4.2494358e-16  6.2194775e-16  -2.1986989e-16  -2.7019920e-16  -4.4904306e-16  -3.1392052e-16  -2.4714790e-16  -5.9039294e-16  6.9066240e-16  -4.3113042e-16  2.7764552e-16  1.8705713e-16  -2.7835247e-16  2.2915001e-16  -9.1061713e-17  -4.5071036e-16  3.2116120e-16  -4.8339404e-16  5.0906734e-16  -8.2182928e-16  6.7865759e-17  -4.2701659e-16  -5.0986557e-16  -8.0763204e-17  6.5464076e-17  9.5135210e-17  3.9216054e-16  -3.2990846e-16  1.0000000   3.2311272e-16  -1.5732439e-17  4.2494358e-16  6.2194775e-16  -2.1986989e-16  -2.7019920e-16  -4.4904306e-16  -3.1392052e-16  -2.4714790e-16  -5.9039294e-16  6.9066240e-16  -4.3113042e-16  2.7764552e-16  1.8705713e-16  -2.7835247e-16  2.2915001e-16  -9.1061713e-17  -4.5071036e-16  3.2116120e-16  -4.8339404e-16  5.0906734e-16  -8.2182928e-16  6.7865759e-17  -4.2701659e-16  -5.0986557e-16  -8.0763204e-17  6.5464076e-17  9.5135210e-17  3.9216054e-16  -3.2990846e-16  1.0000000   3.2311272e-16  
-7.5572690e-16  -4.0454219e-16  2.5162484e-16  -9.3404285e-16  5.4995011e-16  -3.0706247e-16  -1.6004685e-16  7.0154910e-16  7.2668922e-17  -2.8465025e-16  -9.9098101e-16  2.0769572e-17  4.1832798e-16  5.0943197e-16  -4.0429575e-16  5.1543533e-17  5.5081481e-16  4.5426212e-17  -1.7219615e-16  -1.3253564e-17  -1.7609372e-16  3.8441857e-16  1.6053175e-15  -5.5019676e-16  8.4694819e-17  1.8885611e-16  -2.6818161e-16  -3.8846033e-17  -2.2557320e-16  3.2311272e-16  1.0000000   -7.5572690e-16  -4.0454219e-16  2.5162484e-16  -9.3404285e-16  5.4995011e-16  -3.0706247e-16  -1.6004685e-16  7.0154910e-16  7.2668922e-17  -2.8465025e-16  -9.9098101e-16  2.0769572e-17  4.1832798e-16  5.0943197e-16  -4.0429575e-16  5.1543533e-17  5.5081481e-16  4.5426212e-17  -1.7219615e-16  -1.3253564e-17  -1.7609372e-16  3.8441857e-16  1.6053175e-15  -5.5019676e-16  8.4694819e-17  1.8885611e-16  -2.6818161e-16  -3.8846033e-17  -2.2557320e-16  3.2311272e-16  1.0000000   
1.0000000   1.8964937e-16  1.2047112e-15  6.4700138e-16  2.5874856e-16  -3.6991576e-16  2.0813087e-16  -1.9348948e-16  -5.4435903e-16  -5.9339445e-16  -6.3457068e-17  5.5704580e-16  -2.3402630e-16  3.9859878e-16  -6.9705267e-16  1.5762972e-16  -1.5057738e-17  -2.9570567e-16  5.1941324e-16  -4.4280014e-16  -1.3365228e-16  4.4148356e-16  6.7964812e-17  5.4744505e-16  -1.0957335e-16  1.5057772e-17  -1.3282555e-16  9.4894894e-17  7.4958803e-16  -1.5732439e-17  -7.5572690e-16  1.0000000   1.8964937e-16  1.2047112e-15  6.4700138e-16  2.5874856e-16  -3.6991576e-16  2.0813087e-16  -1.9348948e-16  -5.4435903e-16  -5.9339445e-16  -6.3457068e-17  5.5704580e-16  -2.3402630e-16  3.9859878e-16  -6.9705267e-16  1.5762972e-16  -1.5057738e-17  -2.9570567e-16  5.1941324e-16  -4.4280014e-16  -1.3365228e-16  4.4148356e-16  6.7964812e-17  5.4744505e-16  -1.0957335e-16  1.5057772e-17  -1.3282555e-16  9.4894894e-17  7.4958803e-16  -1.5732439e-17  -7.5572690e-16  
1.8964937e-16  1.0000000   -1.6154390e-16  -1.7042656e-16  2.4060208e-16  1.4498027e-16  3.2359079e-16  1.9340792e-16  -6.4043345e-16  -2.9249049e-16  -5.6177494e-16  -2.9456794e-16  -7.9683369e-16  -2.9102453e-16  8.4704864e-16  -5.1820768e-16  2.7059713e-16  7.3287257e-16  1.1932818e-16  -4.5849209e-16  4.7962979e-16  -2.9851069e-17  -5.5349801e-16  5.9064412e-16  -2.4728174e-16  -1.2659851e-16  7.0171220e-19  8.6688522e-17  9.1405521e-16  4.2494358e-16  -4.0454219e-16  1.8964937e-16  1.0000000   -1.6154390e-16  -1.7042656e-16  2.4060208e-16  1.4498027e-16  3.2359079e-16  1.9340792e-16  -6.4043345e-16  -2.9249049e-16  -5.6177494e-16  -2.9456794e-16  -7.9683369e-16  -2.9102453e-16  8.4704864e-16  -5.1820768e-16  2.7059713e-16  7.3287257e-16  1.1932818e-16  -4.5849209e-16  4.7962979e-16  -2.9851069e-17  -5.5349801e-16  5.9064412e-16  -2.4728174e-16  -1.2659851e-16  7.0171220e-19  8.6688522e-17  9.1405521e-16  4.2494358e-16  -4.0454219e-16  
1.2047112e-15  -1.6154390e-16  1.0000000   -3.5983718e-16  -1.3067534e-16  -8.4945429e-16  1.3297869e-15  1.5389847e-16  -4.1776433e-17  1.6544079e-16  7.3901512e-17  -1.1437439e-16  5.8887378e-16  -2.6121364e-16  7.9600342e-16  -5.2616127e-16  1.1776851e-16  1.3382633e-16  -2.1359210e-16  -1.5029431e-16  -2.9413401e-16  2.7551914e-16  -5.9845080e-16  4.1221793e-16  4.1834635e-16  -2.7674291e-16  -1.5399247e-16  5.1289128e-16  -7.7455148e-16  6.2194775e-16  2.5162484e-16  1.2047112e-15  -1.6154390e-16  1.0000000   -3.5983718e-16  -1.3067534e-16  -8.4945429e-16  1.3297869e-15  1.5389847e-16  -4.1776433e-17  1.6544079e-16  7.3901512e-17  -1.1437439e-16  5.8887378e-16  -2.6121364e-16  7.9600342e-16  -5.2616127e-16  1.1776851e-16  1.3382633e-16  -2.1359210e-16  -1.5029431e-16  -2.9413401e-16  2.7551914e-16  -5.9845080e-16  4.1221793e-16  4.1834635e-16  -2.7674291e-16  -1.5399247e-16  5.1289128e-16  -7.7455148e-16  6.2194775e-16  2.5162484e-16  
6.4700138e-16  -1.7042656e-16  -3.5983718e-16  1.0000000   4.3675663e-16  -1.9908245e-16  -1.0378496e-15  2.0415253e-16  6.2773753e-16  1.1381476e-16  6.2799234e-16  -3.4753457e-16  3.0984390e-16  2.4994609e-16  2.4364606e-16  3.3934327e-16  1.6787995e-16  -3.2070389e-16  3.0784746e-16  -5.8622978e-16  -4.1037711e-16  3.9225872e-16  1.0587980e-16  -2.2862675e-16  -2.3209441e-17  1.9734159e-16  -3.5373012e-17  -3.3451118e-16  -4.1577214e-17  -2.1986989e-16  -9.3404285e-16  6.4700138e-16  -1.7042656e-16  -3.5983718e-16  1.0000000   4.3675663e-16  -1.9908245e-16  -1.0378496e-15  2.0415253e-16  6.2773753e-16  1.1381476e-16  6.2799234e-16  -3.4753457e-16  3.0984390e-16  2.4994609e-16  2.4364606e-16  3.3934327e-16  1.6787995e-16  -3.2070389e-16  3.0784746e-16  -5.8622978e-16  -4.1037711e-16  3.9225872e-16  1.0587980e-16  -2.2862675e-16  -2.3209441e-17  1.9734159e-16  -3.5373012e-17  -3.3451118e-16  -4.1577214e-17  -2.1986989e-16  -9.3404285e-16  
2.5874856e-16  2.4060208e-16  -1.3067534e-16  4.3675663e-16  1.0000000   -6.3682855e-16  8.0692505e-16  1.1459302e-16  -6.4427543e-18  -2.8892781e-16  -9.8498566e-17  -5.0550015e-17  -3.1530053e-16  2.4469575e-16  3.9247285e-16  -2.5379203e-16  -6.2108843e-16  3.8414208e-17  3.6483175e-16  3.3825182e-16  -6.1487672e-16  -2.4151312e-16  1.5521188e-16  4.7261010e-16  2.4126751e-16  -7.7282471e-17  -3.7921660e-16  1.2970156e-15  5.9537278e-16  -2.7019920e-16  5.4995011e-16  2.5874856e-16  2.4060208e-16  -1.3067534e-16  4.3675663e-16  1.0000000   -6.3682855e-16  8.0692505e-16  1.1459302e-16  -6.4427543e-18  -2.8892781e-16  -9.8498566e-17  -5.0550015e-17  -3.1530053e-16  2.4469575e-16  3.9247285e-16  -2.5379203e-16  -6.2108843e-16  3.8414208e-17  3.6483175e-16  3.3825182e-16  -6.1487672e-16  -2.4151312e-16  1.5521188e-16  4.7261010e-16  2.4126751e-16  -7.7282471e-17  -3.7921660e-16  1.2970156e-15  5.9537278e-16  -2.7019920e-16  5.4995011e-16  
-3.6991576e-16  1.4498027e-16  -8.4945429e-16  -1.9908245e-16  -6.3682855e-16  1.0000000   2.5766547e-16  1.0716303e-16  3.9962542e-16  -3.1787401e-16  -5.9841650e-17  6.9468997e-17  -2.0457518e-16  4.8560227e-17  -3.5931058e-16  3.8924797e-16  1.5860320e-17  4.9858368e-16  2.7587753e-16  -3.2963941e-16  1.9142484e-16  9.9127493e-17  3.0232520e-16  4.2649376e-17  3.2018093e-16  7.3861134e-16  1.8148480e-16  4.1033372e-16  -5.0766878e-16  -4.4904306e-16  -3.0706247e-16  -3.6991576e-16  1.4498027e-16  -8.4945429e-16  -1.9908245e-16  -6.3682855e-16  1.0000000   2.5766547e-16  1.0716303e-16  3.9962542e-16  -3.1787401e-16  -5.9841650e-17  6.9468997e-17  -2.0457518e-16  4.8560227e-17  -3.5931058e-16  3.8924797e-16  1.5860320e-17  4.9858368e-16  2.7587753e-16  -3.2963941e-16  1.9142484e-16  9.9127493e-17  3.0232520e-16  4.2649376e-17  3.2018093e-16  7.3861134e-16  1.8148480e-16  4.1033372e-16  -5.0766878e-16  -4.4904306e-16  -3.0706247e-16  
2.0813087e-16  3.2359079e-16  1.3297869e-15  -1.0378496e-15  8.0692505e-16  2.5766547e-16  1.0000000   -1.9255206e-17  -9.9636056e-16  -4.7771502e-16  -1.2617469e-16  1.0187671e-15  5.2781832e-17  -9.0591677e-16  4.8907261e-16  -3.8227832e-16  -2.2414012e-16  2.3402979e-16  8.5208113e-16  -6.4759803e-16  1.0939809e-15  7.6100148e-16  1.2121480e-16  7.0662367e-16  5.0166683e-16  -4.2861346e-16  -1.5632536e-16  -6.4004877e-17  -1.0329953e-16  -3.1392052e-16  -1.6004685e-16  2.0813087e-16  3.2359079e-16  1.3297869e-15  -1.0378496e-15  8.0692505e-16  2.5766547e-16  1.0000000   -1.9255206e-17  -9.9636056e-16  -4.7771502e-16  -1.2617469e-16  1.0187671e-15  5.2781832e-17  -9.0591677e-16  4.8907261e-16  -3.8227832e-16  -2.2414012e-16  2.3402979e-16  8.5208113e-16  -6.4759803e-16  1.0939809e-15  7.6100148e-16  1.2121480e-16  7.0662367e-16  5.0166683e-16  -4.2861346e-16  -1.5632536e-16  -6.4004877e-17  -1.0329953e-16  -3.1392052e-16  -1.6004685e-16  
-1.9348948e-16  1.9340792e-16  1.5389847e-16  2.0415253e-16  1.1459302e-16  1.0716303e-16  -1.9255206e-17  1.0000000   -1.5603143e-16  -2.0419355e-17  -2.0624889e-16  -4.2168968e-16  -3.7065064e-16  4.2979686e-16  1.3346156e-17  2.3711276e-16  -4.4711036e-16  -8.6065860e-18  7.9496981e-16  -8.9926522e-17  3.4522232e-16  6.8285707e-16  6.6275369e-16  -9.4392753e-17  9.7165697e-17  2.6717495e-16  5.4668491e-16  -5.9921019e-16  -4.5776933e-16  -2.4714790e-16  7.0154910e-16  -1.9348948e-16  1.9340792e-16  1.5389847e-16  2.0415253e-16  1.1459302e-16  1.0716303e-16  -1.9255206e-17  1.0000000   -1.5603143e-16  -2.0419355e-17  -2.0624889e-16  -4.2168968e-16  -3.7065064e-16  4.2979686e-16  1.3346156e-17  2.3711276e-16  -4.4711036e-16  -8.6065860e-18  7.9496981e-16  -8.9926522e-17  3.4522232e-16  6.8285707e-16  6.6275369e-16  -9.4392753e-17  9.7165697e-17  2.6717495e-16  5.4668491e-16  -5.9921019e-16  -4.5776933e-16  -2.4714790e-16  7.0154910e-16  
-5.4435903e-16  -6.4043345e-16  -4.1776433e-17  6.2773753e-16  -6.4427543e-18  3.9962542e-16  -9.9636056e-16  -1.5603143e-16  1.0000000   1.3730207e-16  -3.0043722e-16  4.3337373e-16  2.2180358e-16  3.2133646e-16  -1.2311640e-16  7.0626311e-16  -7.2292875e-16  4.0140026e-16  2.1655689e-17  -5.5096383e-17  4.5480925e-17  1.2847483e-16  1.8421529e-16  3.7275673e-17  -3.3791942e-16  -1.0313372e-16  4.4008075e-16  7.6430764e-16  8.5125157e-19  -5.9039294e-16  7.2668922e-17  -5.4435903e-16  -6.4043345e-16  -4.1776433e-17  6.2773753e-16  -6.4427543e-18  3.9962542e-16  -9.9636056e-16  -1.5603143e-16  1.0000000   1.3730207e-16  -3.0043722e-16  4.3337373e-16  2.2180358e-16  3.2133646e-16  -1.2311640e-16  7.0626311e-16  -7.2292875e-16  4.0140026e-16  2.1655689e-17  -5.5096383e-17  4.5480925e-17  1.2847483e-16  1.8421529e-16  3.7275673e-17  -3.3791942e-16  -1.0313372e-16  4.4008075e-16  7.6430764e-16  8.5125157e-19  -5.9039294e-16  7.2668922e-17  
-5.9339445e-16  -2.9249049e-16  1.6544079e-16  1.1381476e-16  -2.8892781e-16  -3.1787401e-16  -4.7771502e-16  -2.0419355e-17  1.3730207e-16  1.0000000   -3.8014073e-16  -6.3248606e-16  2.3608884e-16  -3.3697846e-16  1.4411720e-16  -1.7821820e-17  6.9798435e-16  6.7015270e-17  -1.9664574e-16  3.9467056e-16  6.0675435e-16  -3.7045867e-16  -1.5883709e-16  1.1668814e-15  6.7956572e-17  5.7960146e-16  8.8714352e-16  -2.6133326e-16  -2.4815239e-16  6.9066240e-16  -2.8465025e-16  -5.9339445e-16  -2.9249049e-16  1.6544079e-16  1.1381476e-16  -2.8892781e-16  -3.1787401e-16  -4.7771502e-16  -2.0419355e-17  1.3730207e-16  1.0000000   -3.8014073e-16  -6.3248606e-16  2.3608884e-16  -3.3697846e-16  1.4411720e-16  -1.7821820e-17  6.9798435e-16  6.7015270e-17  -1.9664574e-16  3.9467056e-16  6.0675435e-16  -3.7045867e-16  -1.5883709e-16  1.1668814e-15  6.7956572e-17  5.7960146e-16  8.8714352e-16  -2.6133326e-16  -2.4815239e-16  6.9066240e-16  -2.8465025e-16  
