1.0000000   -3.3664624e-16  -7.7025199e-16  1.9558763e-16  -8.8338304e-17  5.1435723e-17  -2.2966582e-17  4.2937352e-16  -1.2542726e-16  -2.2969935e-16  -1.2152901e-16  -8.5519561e-16  3.8325652e-17  2.7319233e-16  -1.0366943e-16  1.8195652e-16  1.5409961e-16  3.0241276e-16  3.6662475e-16  -3.9931244e-16  -1.8808228e-16  2.6699992e-16  5.3364320e-16  -2.8392954e-16  -1.0394710e-16  7.0342559e-16  -3.7960338e-16  5.3647798e-17  -5.9701413e-16  -2.2192434e-16  -2.4253416e-16  1.0000000   -3.3664624e-16  -7.7025199e-16  1.9558763e-16  -8.8338304e-17  5.1435723e-17  -2.2966582e-17  4.2937352e-16  -1.2542726e-16  -2.2969935e-16  -1.2152901e-16  -8.5519561e-16  3.8325652e-17  2.7319233e-16  -1.0366943e-16  1.8195652e-16  1.5409961e-16  3.0241276e-16  3.6662475e-16  -3.9931244e-16  -1.8808228e-16  2.6699992e-16  5.3364320e-16  -2.8392954e-16  -1.0394710e-16  7.0342559e-16  -3.7960338e-16  5.3647798e-17  -5.9701413e-16  -2.2192434e-16  -2.4253416e-16  
-3.3664624e-16  1.0000000   3.5113635e-17  -3.2730664e-16  -4.6767067e-16  -6.6720256e-16  3.9595133e-16  5.4808111e-18  2.8315629e-16  2.6852506e-16  1.7245789e-16  4.3818408e-18  -5.8128923e-16  2.6918826e-16  3.2293809e-16  -5.7325116e-16  -7.1575883e-16  3.1634572e-16  1.1615013e-16  2.3631054e-16  8.1108737e-17  1.1136877e-16  -7.3487626e-16  -4.7056281e-16  -7.3606511e-16  6.0715888e-16  -3.1370781e-16  -3.4871066e-16  -2.1730906e-16  8.3275280e-16  -5.4084985e-16  -3.3664624e-16  1.0000000   3.5113635e-17  -3.2730664e-16  -4.6767067e-16  -6.6720256e-16  3.9595133e-16  5.4808111e-18  2.8315629e-16  2.6852506e-16  1.7245789e-16  4.3818408e-18  -5.8128923e-16  2.6918826e-16  3.2293809e-16  -5.7325116e-16  -7.1575883e-16  3.1634572e-16  1.1615013e-16  2.3631054e-16  8.1108737e-17  1.1136877e-16  -7.3487626e-16  -4.7056281e-16  -7.3606511e-16  6.0715888e-16  -3.1370781e-16  -3.4871066e-16  -2.1730906e-16  8.3275280e-16  -5.4084985e-16  
-7.7025199e-16  3.5113635e-17  1.0000000   4.0202495e-17  9.2171008e-16  1.0320032e-15  -4.3240320e-16  1.1358278e-16  2.5109805e-16  -3.6984201e-16  -9.3043982e-16  -4.4244921e-16  2.9784283e-16  4.4637343e-16  -4.0507052e-16  2.5057041e-16  3.3469725e-16  -3.7371013e-16  3.7803772e-16  2.9871428e-16  6.5298043e-17  3.5368622e-16  -6.4577920e-17  3.6292464e-16  -5.3975275e-16  -5.5096625e-16  3.1953351e-16  -9.3778904e-17  4.2931070e-16  -5.6601438e-16  5.6248576e-17  -7.7025199e-16  3.5113635e-17  1.0000000   4.0202495e-17  9.2171008e-16  1.0320032e-15  -4.3240320e-16  1.1358278e-16  2.5109805e-16  -3.6984201e-16  -9.3043982e-16  -4.4244921e-16  2.9784283e-16  4.4637343e-16  -4.0507052e-16  2.5057041e-16  3.3469725e-16  -3.7371013e-16  3.7803772e-16  2.9871428e-16  6.5298043e-17  3.5368622e-16  -6.4577920e-17  3.6292464e-16  -5.3975275e-16  -5.5096625e-16  3.1953351e-16  -9.3778904e-17  4.2931070e-16  -5.6601438e-16  5.6248576e-17  
1.9558763e-16  -3.2730664e-16  4.0202495e-17  1.0000000   4.6628354e-16  -1.9096781e-16  5.8617793e-16  6.6210893e-17  1.5093380e-16  -1.6590075e-16  3.3316834e-16  8.1578730e-16  -1.5207556e-16  5.7923768e-16  1.2504755e-16  -8.6043016e-17  7.0164469e-16  7.1979897e-17  -7.3182436e-17  -5.9898103e-16  -3.8412548e-16  -3.2106751e-16  -8.3762797e-16  4.2513447e-16  1.4321840e-16  -1.0490453e-16  3.9462184e-16  -1.2513723e-16  -4.9884401e-16  3.2120891e-16  -4.0404820e-16  1.9558763e-16  -3.2730664e-16  4.0202495e-17  1.0000000   4.6628354e-16  -1.9096781e-16  5.8617793e-16  6.6210893e-17  1.5093380e-16  -1.6590075e-16  3.3316834e-16  8.1578730e-16  -1.5207556e-16  5.7923768e-16  1.2504755e-16  -8.6043016e-17  7.0164469e-16  7.1979897e-17  -7.3182436e-17  -5.9898103e-16  -3.8412548e-16  -3.2106751e-16  -8.3762797e-16  4.2513447e-16  1.4321840e-16  -1.0490453e-16  3.9462184e-16  -1.2513723e-16  -4.9884401e-16  3.2120891e-16  -4.0404820e-16  
-8.8338304e-17  -4.6767067e-16  9.2171008e-16  4.6628354e-16  1.0000000   7.5631325e-16  3.2056914e-16  5.9759463e-17  -2.0090654e-16  -2.9019354e-16  -8.2357990e-18  -3.4052991e-16  6.8660976e-16  3.2365093e-16  -3.9177741e-17  7.5165998e-17  7.2952212e-17  -1.9328414e-16  2.6639884e-16  -9.6127880e-17  1.1101905e-16  -1.0695882e-15  3.8591199e-16  7.7684394e-16  2.0382782e-16  -9.7994581e-16  -5.4456483e-16  5.7618233e-17  1.0552055e-15  3.6115292e-16  2.7591424e-16  -8.8338304e-17  -4.6767067e-16  9.2171008e-16  4.6628354e-16  1.0000000   7.5631325e-16  3.2056914e-16  5.9759463e-17  -2.0090654e-16  -2.9019354e-16  -8.2357990e-18  -3.4052991e-16  6.8660976e-16  3.2365093e-16  -3.9177741e-17  7.5165998e-17  7.2952212e-17  -1.9328414e-16  2.6639884e-16  -9.6127880e-17  1.1101905e-16  -1.0695882e-15  3.8591199e-16  7.7684394e-16  2.0382782e-16  -9.7994581e-16  -5.4456483e-16  5.7618233e-17  1.0552055e-15  3.6115292e-16  2.7591424e-16  
5.1435723e-17  -6.6720256e-16  1.0320032e-15  -1.9096781e-16  7.5631325e-16  1.0000000   -3.2279595e-17  9.5783657e-16  2.0400274e-16  3.6361197e-16  -2.8024360e-16  3.9638223e-16  2.5636985e-16  7.2648996e-16  -3.6375042e-16  4.3292325e-18  3.8899471e-16  -6.0721644e-16  -1.4071760e-16  -5.0294408e-16  1.0180770e-16  2.5074641e-16  7.0194452e-16  1.0707799e-16  8.5599882e-16  -1.5896014e-16  4.8503853e-16  3.8144551e-17  2.2931335e-16  1.7907633e-16  -4.6147745e-17  5.1435723e-17  -6.6720256e-16  1.0320032e-15  -1.9096781e-16  7.5631325e-16  1.0000000   -3.2279595e-17  9.5783657e-16  2.0400274e-16  3.6361197e-16  -2.8024360e-16  3.9638223e-16  2.5636985e-16  7.2648996e-16  -3.6375042e-16  4.3292325e-18  3.8899471e-16  -6.0721644e-16  -1.4071760e-16  -5.0294408e-16  1.0180770e-16  2.5074641e-16  7.0194452e-16  1.0707799e-16  8.5599882e-16  -1.5896014e-16  4.8503853e-16  3.8144551e-17  2.2931335e-16  1.7907633e-16  -4.6147745e-17  
-2.2966582e-17  3.9595133e-16  -4.3240320e-16  5.8617793e-16  3.2056914e-16  -3.2279595e-17  1.0000000   -3.2712970e-17  -2.2626165e-16  -4.6654695e-16  9.3194632e-16  1.1706937e-15  -1.8007100e-17  6.3593325e-16  8.3490862e-17  -7.6770156e-17  2.0811748e-16  1.4312084e-16  -2.5637312e-17  -3.1473307e-16  -6.7405270e-16  -1.6196268e-16  3.7227988e-17  1.7995780e-16  6.6007723e-16  1.8951140e-16  4.1735464e-18  -2.2654983e-16  -5.9028078e-16  -2.5170392e-16  3.7414565e-17  -2.2966582e-17  3.9595133e-16  -4.3240320e-16  5.8617793e-16  3.2056914e-16  -3.2279595e-17  1.0000000   -3.2712970e-17  -2.2626165e-16  -4.6654695e-16  9.3194632e-16  1.1706937e-15  -1.8007100e-17  6.3593325e-16  8.3490862e-17  -7.6770156e-17  2.0811748e-16  1.4312084e-16  -2.5637312e-17  -3.1473307e-16  -6.7405270e-16  -1.6196268e-16  3.7227988e-17  1.7995780e-16  6.6007723e-16  1.8951140e-16  4.1735464e-18  -2.2654983e-16  -5.9028078e-16  -2.5170392e-16  3.7414565e-17  
4.2937352e-16  5.4808111e-18  1.1358278e-16  6.6210893e-17  5.9759463e-17  9.5783657e-16  -3.2712970e-17  1.0000000   -3.4187014e-16  -1.1106916e-15  1.7156951e-16  2.9402711e-16  7.1348263e-16  5.5098773e-16  -1.7898719e-16  2.6714011e-16  -4.4628790e-16  -1.9126919e-16  -1.4616763e-16  1.5349330e-16  -2.4910445e-17  -4.2808093e-16  -9.3592604e-17  -1.9154281e-16  -3.9639047e-16  -4.2041308e-17  2.5625813e-16  -2.7212545e-16  -6.2464480e-16  -4.6065246e-16  -5.0530477e-16  4.2937352e-16  5.4808111e-18  1.1358278e-16  6.6210893e-17  5.9759463e-17  9.5783657e-16  -3.2712970e-17  1.0000000   -3.4187014e-16  -1.1106916e-15  1.7156951e-16  2.9402711e-16  7.1348263e-16  5.5098773e-16  -1.7898719e-16  2.6714011e-16  -4.4628790e-16  -1.9126919e-16  -1.4616763e-16  1.5349330e-16  -2.4910445e-17  -4.2808093e-16  -9.3592604e-17  -1.9154281e-16  -3.9639047e-16  -4.2041308e-17  2.5625813e-16  -2.7212545e-16  -6.2464480e-16  -4.6065246e-16  -5.0530477e-16  
-1.2542726e-16  2.8315629e-16  2.5109805e-16  1.5093380e-16  -2.0090654e-16  2.0400274e-16  -2.2626165e-16  -3.4187014e-16  1.0000000   6.3208876e-16  9.8494205e-17  -1.6610366e-18  1.3859789e-16  -6.7421478e-16  -3.8487418e-16  -3.4586765e-16  6.3686406e-18  3.1197368e-16  -1.1463621e-16  4.1539850e-16  9.2874033e-16  -1.5499676e-16  -5.7551502e-16  4.2949812e-16  2.5598236e-16  1.6326280e-16  -3.3217436e-17  -4.2738595e-16  1.0357903e-16  -1.3423530e-16  6.3552519e-16  -1.2542726e-16  2.8315629e-16  2.5109805e-16  1.5093380e-16  -2.0090654e-16  2.0400274e-16  -2.2626165e-16  -3.4187014e-16  1.0000000   6.3208876e-16  9.8494205e-17  -1.6610366e-18  1.3859789e-16  -6.7421478e-16  -3.8487418e-16  -3.4586765e-16  6.3686406e-18  3.1197368e-16  -1.1463621e-16  4.1539850e-16  9.2874033e-16  -1.5499676e-16  -5.7551502e-16  4.2949812e-16  2.5598236e-16  1.6326280e-16  -3.3217436e-17  -4.2738595e-16  1.0357903e-16  -1.3423530e-16  6.3552519e-16  
-2.2969935e-16  2.6852506e-16  -3.6984201e-16  -1.6590075e-16  -2.9019354e-16  3.6361197e-16  -4.6654695e-16  -1.1106916e-15  6.3208876e-16  1.0000000   -7.8537592e-16  8.5526532e-16  -2.4393551e-16  -2.1046139e-16  5.0654517e-16  1.8563728e-16  -7.1705648e-16  -6.0291977e-17  -3.8925080e-16  -4.2526285e-16  1.7055960e-16  -4.5704572e-16  -4.7704648e-16  -3.6089191e-16  -2.6165862e-16  -6.3186377e-16  -5.8933612e-16  -2.4880632e-16  4.5169128e-16  -6.4359613e-16  -4.0377325e-16  -2.2969935e-16  2.6852506e-16  -3.6984201e-16  -1.6590075e-16  -2.9019354e-16  3.6361197e-16  -4.6654695e-16  -1.1106916e-15  6.3208876e-16  1.0000000   -7.8537592e-16  8.5526532e-16  -2.4393551e-16  -2.1046139e-16  5.0654517e-16  1.8563728e-16  -7.1705648e-16  -6.0291977e-17  -3.8925080e-16  -4.2526285e-16  1.7055960e-16  -4.5704572e-16  -4.7704648e-16  -3.6089191e-16  -2.6165862e-16  -6.3186377e-16  -5.8933612e-16  -2.4880632e-16  4.5169128e-16  -6.4359613e-16  -4.0377325e-16  
-1.2152901e-16  1.7245789e-16  -9.3043982e-16  3.3316834e-16  -8.2357990e-18  -2.8024360e-16  9.3194632e-16  1.7156951e-16  9.8494205e-17  -7.8537592e-16  1.0000000   -8.2702208e-17  -1.0767459e-15  2.4882053e-16  1.3452335e-17  -9.6296595e-16  -6.2265227e-16  -1.9225118e-16  3.0729265e-16  6.2528404e-16  1.6162322e-17  1.0067261e-15  -1.0690187e-16  1.3061513e-17  2.2565975e-16  -3.9684938e-16  -5.2712533e-16  2.4403361e-16  -1.1145753e-15  -6.6188707e-16  -1.9989399e-16  -1.2152901e-16  1.7245789e-16  -9.3043982e-16  3.3316834e-16  -8.2357990e-18  -2.8024360e-16  9.3194632e-16  1.7156951e-16  9.8494205e-17  -7.8537592e-16  1.0000000   -8.2702208e-17  -1.0767459e-15  2.4882053e-16  1.3452335e-17  -9.6296595e-16  -6.2265227e-16  -1.9225118e-16  3.0729265e-16  6.2528404e-16  1.6162322e-17  1.0067261e-15  -1.0690187e-16  1.3061513e-17  2.2565975e-16  -3.9684938e-16  -5.2712533e-16  2.4403361e-16  -1.1145753e-15  -6.6188707e-16  -1.9989399e-16  
-8.5519561e-16  4.3818408e-18  -4.4244921e-16  8.1578730e-16  -3.4052991e-16  3.9638223e-16  1.1706937e-15  2.9402711e-16  -1.6610366e-18  8.5526532e-16  -8.2702208e-17  1.0000000   8.6407226e-17  9.4657379e-18  -1.2991706e-16  -3.4510218e-16  3.6383029e-16  -5.5949692e-16  3.2179270e-16  2.0220016e-16  -2.5799576e-17  -3.3897140e-16  6.5443388e-16  7.1782535e-16  -2.0803414e-16  6.8143391e-18  4.7005312e-16  9.9742835e-17  -1.9595742e-16  -4.7793105e-16  -1.0109202e-15  -8.5519561e-16  4.3818408e-18  -4.4244921e-16  8.1578730e-16  -3.4052991e-16  3.9638223e-16  1.1706937e-15  2.9402711e-16  -1.6610366e-18  8.5526532e-16  -8.2702208e-17  1.0000000   8.6407226e-17  9.4657379e-18  -1.2991706e-16  -3.4510218e-16  3.6383029e-16  -5.5949692e-16  3.2179270e-16  2.0220016e-16  -2.5799576e-17  -3.3897140e-16  6.5443388e-16  7.1782535e-16  -2.0803414e-16  6.8143391e-18  4.7005312e-16  9.9742835e-17  -1.9595742e-16  -4.7793105e-16  -1.0109202e-15  
3.8325652e-17  -5.8128923e-16  2.9784283e-16  -1.5207556e-16  6.8660976e-16  2.5636985e-16  -1.8007100e-17  7.1348263e-16  1.3859789e-16  -2.4393551e-16  -1.0767459e-15  8.6407226e-17  1.0000000   4.0750271e-16  -2.1118936e-16  -1.2879607e-16  -4.4667997e-17  -9.5532611e-17  4.3394813e-16  -2.2786326e-16  1.9769689e-16  -1.5081470e-16  7.3734969e-16  3.2210407e-16  -5.8727660e-16  1.1326324e-16  -2.2441934e-16  1.7823659e-16  -1.4079535e-16  -3.5004362e-16  3.7745751e-16  3.8325652e-17  -5.8128923e-16  2.9784283e-16  -1.5207556e-16  6.8660976e-16  2.5636985e-16  -1.8007100e-17  7.1348263e-16  1.3859789e-16  -2.4393551e-16  -1.0767459e-15  8.6407226e-17  1.0000000   4.0750271e-16  -2.1118936e-16  -1.2879607e-16  -4.4667997e-17  -9.5532611e-17  4.3394813e-16  -2.2786326e-16  1.9769689e-16  -1.5081470e-16  7.3734969e-16  3.2210407e-16  -5.8727660e-16  1.1326324e-16  -2.2441934e-16  1.7823659e-16  -1.4079535e-16  -3.5004362e-16  3.7745751e-16  
2.7319233e-16  2.6918826e-16  4.4637343e-16  5.7923768e-16  3.2365093e-16  7.2648996e-16  6.3593325e-16  5.5098773e-16  -6.7421478e-16  -2.1046139e-16  2.4882053e-16  9.4657379e-18  4.0750271e-16  1.0000000   -2.3010150e-16  5.6605776e-16  2.2381826e-16  3.8689356e-16  -6.5956073e-20  1.2271913e-16  -7.2772621e-17  1.5121735e-17  3.6248254e-16  -1.6207652e-16  5.8563004e-16  -2.6262166e-16  -5.1484160e-16  4.7465719e-16  -2.9723007e-17  -6.9759151e-17  -4.3466117e-16  2.7319233e-16  2.6918826e-16  4.4637343e-16  5.7923768e-16  3.2365093e-16  7.2648996e-16  6.3593325e-16  5.5098773e-16  -6.7421478e-16  -2.1046139e-16  2.4882053e-16  9.4657379e-18  4.0750271e-16  1.0000000   -2.3010150e-16  5.6605776e-16  2.2381826e-16  3.8689356e-16  -6.5956073e-20  1.2271913e-16  -7.2772621e-17  1.5121735e-17  3.6248254e-16  -1.6207652e-16  5.8563004e-16  -2.6262166e-16  -5.1484160e-16  4.7465719e-16  -2.9723007e-17  -6.9759151e-17  -4.3466117e-16  
-1.0366943e-16  3.2293809e-16  -4.0507052e-16  1.2504755e-16  -3.9177741e-17  -3.6375042e-16  8.3490862e-17  -1.7898719e-16  -3.8487418e-16  5.0654517e-16  1.3452335e-17  -1.2991706e-16  -2.1118936e-16  -2.3010150e-16  1.0000000   -4.6948791e-17  -2.8168869e-16  8.3954085e-16  9.2170712e-17  -5.8253959e-16  3.9001311e-16  -6.1493742e-17  -6.6486257e-16  -4.1074164e-16  -2.8024520e-16  1.7942940e-16  -1.2877764e-16  -6.9259433e-17  1.7633818e-17  1.3059555e-16  -2.8892558e-16  -1.0366943e-16  3.2293809e-16  -4.0507052e-16  1.2504755e-16  -3.9177741e-17  -3.6375042e-16  8.3490862e-17  -1.7898719e-16  -3.8487418e-16  5.0654517e-16  1.3452335e-17  -1.2991706e-16  -2.1118936e-16  -2.3010150e-16  1.0000000   -4.6948791e-17  -2.8168869e-16  8.3954085e-16  9.2170712e-17  -5.8253959e-16  3.9001311e-16  -6.1493742e-17  -6.6486257e-16  -4.1074164e-16  -2.8024520e-16  1.7942940e-16  -1.2877764e-16  -6.9259433e-17  1.7633818e-17  1.3059555e-16  -2.8892558e-16  
1.8195652e-16  -5.7325116e-16  2.5057041e-16  -8.6043016e-17  7.5165998e-17  4.3292325e-18  -7.6770156e-17  2.6714011e-16  -3.4586765e-16  1.8563728e-16  -9.6296595e-16  -3.4510218e-16  -1.2879607e-16  5.6605776e-16  -4.6948791e-17  1.0000000   -4.9856087e-16  -1.7905665e-16  1.6994913e-16  1.6988223e-16  -9.7046476e-18  -2.3348702e-16  1.8902299e-16  1.2068069e-15  -3.1620050e-16  8.7312655e-17  -5.8045675e-16  -1.3942302e-16  -1.2687023e-15  2.9273610e-16  3.3967120e-16  1.8195652e-16  -5.7325116e-16  2.5057041e-16  -8.6043016e-17  7.5165998e-17  4.3292325e-18  -7.6770156e-17  2.6714011e-16  -3.4586765e-16  1.8563728e-16  -9.6296595e-16  -3.4510218e-16  -1.2879607e-16  5.6605776e-16  -4.6948791e-17  1.0000000   -4.9856087e-16  -1.7905665e-16  1.6994913e-16  1.6988223e-16  -9.7046476e-18  -2.3348702e-16  1.8902299e-16  1.2068069e-15  -3.1620050e-16  8.7312655e-17  -5.8045675e-16  -1.3942302e-16  -1.2687023e-15  2.9273610e-16  3.3967120e-16  
1.5409961e-16  -7.1575883e-16  3.3469725e-16  7.0164469e-16  7.2952212e-17  3.8899471e-16  2.0811748e-16  -4.4628790e-16  6.3686406e-18  -7.1705648e-16  -6.2265227e-16  3.6383029e-16  -4.4667997e-17  2.2381826e-16  -2.8168869e-16  -4.9856087e-16  1.0000000   6.0139765e-16  -1.2301256e-16  -2.4700565e-16  -2.2434627e-16  -5.9759890e-16  -6.1933195e-17  3.4758930e-16  7.8037933e-16  -2.6724796e-16  9.9184812e-17  -4.0682393e-16  -6.7819407e-16  -1.0417586e-15  -2.3408786e-16  1.5409961e-16  -7.1575883e-16  3.3469725e-16  7.0164469e-16  7.2952212e-17  3.8899471e-16  2.0811748e-16  -4.4628790e-16  6.3686406e-18  -7.1705648e-16  -6.2265227e-16  3.6383029e-16  -4.4667997e-17  2.2381826e-16  -2.8168869e-16  -4.9856087e-16  1.0000000   6.0139765e-16  -1.2301256e-16  -2.4700565e-16  -2.2434627e-16  -5.9759890e-16  -6.1933195e-17  3.4758930e-16  7.8037933e-16  -2.6724796e-16  9.9184812e-17  -4.0682393e-16  -6.7819407e-16  -1.0417586e-15  -2.3408786e-16  
3.0241276e-16  3.1634572e-16  -3.7371013e-16  7.1979897e-17  -1.9328414e-16  -6.0721644e-16  1.4312084e-16  -1.9126919e-16  3.1197368e-16  -6.0291977e-17  -1.9225118e-16  -5.5949692e-16  -9.5532611e-17  3.8689356e-16  8.3954085e-16  -1.7905665e-16  6.0139765e-16  1.0000000   -4.1540927e-16  -4.8908784e-16  1.2529362e-16  2.1972116e-16  -6.7596569e-16  -3.8367058e-16  -2.4461453e-16  -3.7966892e-16  1.9300496e-16  5.7485501e-16  2.5506888e-16  2.5320239e-16  6.5967970e-16  3.0241276e-16  3.1634572e-16  -3.7371013e-16  7.1979897e-17  -1.9328414e-16  -6.0721644e-16  1.4312084e-16  -1.9126919e-16  3.1197368e-16  -6.0291977e-17  -1.9225118e-16  -5.5949692e-16  -9.5532611e-17  3.8689356e-16  8.3954085e-16  -1.7905665e-16  6.0139765e-16  1.0000000   -4.1540927e-16  -4.8908784e-16  1.2529362e-16  2.1972116e-16  -6.7596569e-16  -3.8367058e-16  -2.4461453e-16  -3.7966892e-16  1.9300496e-16  5.7485501e-16  2.5506888e-16  2.5320239e-16  6.5967970e-16  
3.6662475e-16  1.1615013e-16  3.7803772e-16  -7.3182436e-17  2.6639884e-16  -1.4071760e-16  -2.5637312e-17  -1.4616763e-16  -1.1463621e-16  -3.8925080e-16  3.0729265e-16  3.2179270e-16  4.3394813e-16  -6.5956073e-20  9.2170712e-17  1.6994913e-16  -1.2301256e-16  -4.1540927e-16  1.0000000   -1.8485565e-16  2.7112363e-16  -1.6148657e-16  -7.0438952e-17  -4.0476066e-16  3.0059182e-16  3.4254157e-16  3.9065049e-16  5.9634905e-17  2.8895720e-16  3.9240109e-16  5.3829791e-16  3.6662475e-16  1.1615013e-16  3.7803772e-16  -7.3182436e-17  2.6639884e-16  -1.4071760e-16  -2.5637312e-17  -1.4616763e-16  -1.1463621e-16  -3.8925080e-16  3.0729265e-16  3.2179270e-16  4.3394813e-16  -6.5956073e-20  9.2170712e-17  1.6994913e-16  -1.2301256e-16  -4.1540927e-16  1.0000000   -1.8485565e-16  2.7112363e-16  -1.6148657e-16  -7.0438952e-17  -4.0476066e-16  3.0059182e-16  3.4254157e-16  3.9065049e-16  5.9634905e-17  2.8895720e-16  3.9240109e-16  5.3829791e-16  
-3.9931244e-16  2.3631054e-16  2.9871428e-16  -5.9898103e-16  -9.6127880e-17  -5.0294408e-16  -3.1473307e-16  1.5349330e-16  4.1539850e-16  -4.2526285e-16  6.2528404e-16  2.0220016e-16  -2.2786326e-16  1.2271913e-16  -5.8253959e-16  1.6988223e-16  -2.4700565e-16  -4.8908784e-16  -1.8485565e-16  1.0000000   5.7931655e-16  7.2212171e-16  4.8610643e-17  -2.0904016e-16  -5.6619628e-17  -5.2595950e-16  -9.1918261e-16  -1.4178264e-16  3.0589854e-16  3.2587476e-16  1.4027835e-16  -3.9931244e-16  2.3631054e-16  2.9871428e-16  -5.9898103e-16  -9.6127880e-17  -5.0294408e-16  -3.1473307e-16  1.5349330e-16  4.1539850e-16  -4.2526285e-16  6.2528404e-16  2.0220016e-16  -2.2786326e-16  1.2271913e-16  -5.8253959e-16  1.6988223e-16  -2.4700565e-16  -4.8908784e-16  -1.8485565e-16  1.0000000   5.7931655e-16  7.2212171e-16  4.8610643e-17  -2.0904016e-16  -5.6619628e-17  -5.2595950e-16  -9.1918261e-16  -1.4178264e-16  3.0589854e-16  3.2587476e-16  1.4027835e-16  
-1.8808228e-16  8.1108737e-17  6.5298043e-17  -3.8412548e-16  1.1101905e-16  1.0180770e-16  -6.7405270e-16  -2.4910445e-17  9.2874033e-16  1.7055960e-16  1.6162322e-17  -2.5799576e-17  1.9769689e-16  -7.2772621e-17  3.9001311e-16  -9.7046476e-18  -2.2434627e-16  1.2529362e-16  2.7112363e-16  5.7931655e-16  1.0000000   6.8149425e-16  3.7314340e-16  5.0863640e-17  -1.1082434e-16  -7.0192253e-16  -6.1508573e-16  -1.8359066e-16  2.4437968e-16  -1.9264336e-16  2.8751890e-16  -1.8808228e-16  8.1108737e-17  6.5298043e-17  -3.8412548e-16  1.1101905e-16  1.0180770e-16  -6.7405270e-16  -2.4910445e-17  9.2874033e-16  1.7055960e-16  1.6162322e-17  -2.5799576e-17  1.9769689e-16  -7.2772621e-17  3.9001311e-16  -9.7046476e-18  -2.2434627e-16  1.2529362e-16  2.7112363e-16  5.7931655e-16  1.0000000   6.8149425e-16  3.7314340e-16  5.0863640e-17  -1.1082434e-16  -7.0192253e-16  -6.1508573e-16  -1.8359066e-16  2.4437968e-16  -1.9264336e-16  2.8751890e-16  
2.6699992e-16  1.1136877e-16  3.5368622e-16  -3.2106751e-16  -1.0695882e-15  2.5074641e-16  -1.6196268e-16  -4.2808093e-16  -1.5499676e-16  -4.5704572e-16  1.0067261e-15  -3.3897140e-16  -1.5081470e-16  1.5121735e-17  -6.1493742e-17  -2.3348702e-16  -5.9759890e-16  2.1972116e-16  -1.6148657e-16  7.2212171e-16  6.8149425e-16  1.0000000   4.4655540e-18  -4.5918627e-16  -4.1397036e-16  2.6172815e-16  -1.7825279e-16  2.5142533e-16  4.5557451e-16  -2.4637694e-16  1.7830979e-16  2.6699992e-16  1.1136877e-16  3.5368622e-16  -3.2106751e-16  -1.0695882e-15  2.5074641e-16  -1.6196268e-16  -4.2808093e-16  -1.5499676e-16  -4.5704572e-16  1.0067261e-15  -3.3897140e-16  -1.5081470e-16  1.5121735e-17  -6.1493742e-17  -2.3348702e-16  -5.9759890e-16  2.1972116e-16  -1.6148657e-16  7.2212171e-16  6.8149425e-16  1.0000000   4.4655540e-18  -4.5918627e-16  -4.1397036e-16  2.6172815e-16  -1.7825279e-16  2.5142533e-16  4.5557451e-16  -2.4637694e-16  1.7830979e-16  
5.3364320e-16  -7.3487626e-16  -6.4577920e-17  -8.3762797e-16  3.8591199e-16  7.0194452e-16  3.7227988e-17  -9.3592604e-17  -5.7551502e-16  -4.7704648e-16  -1.0690187e-16  6.5443388e-16  7.3734969e-16  3.6248254e-16  -6.6486257e-16  1.8902299e-16  -6.1933195e-17  -6.7596569e-16  -7.0438952e-17  4.8610643e-17  3.7314340e-16  4.4655540e-18  1.0000000   4.4632260e-17  -1.0887974e-15  1.6296295e-16  3.7051695e-16  -4.8384911e-16  6.4091927e-16  -2.4654949e-16  5.3260868e-16  5.3364320e-16  -7.3487626e-16  -6.4577920e-17  -8.3762797e-16  3.8591199e-16  7.0194452e-16  3.7227988e-17  -9.3592604e-17  -5.7551502e-16  -4.7704648e-16  -1.0690187e-16  6.5443388e-16  7.3734969e-16  3.6248254e-16  -6.6486257e-16  1.8902299e-16  -6.1933195e-17  -6.7596569e-16  -7.0438952e-17  4.8610643e-17  3.7314340e-16  4.4655540e-18  1.0000000   4.4632260e-17  -1.0887974e-15  1.6296295e-16  3.7051695e-16  -4.8384911e-16  6.4091927e-16  -2.4654949e-16  5.3260868e-16  
-2.8392954e-16  -4.7056281e-16  3.6292464e-16  4.2513447e-16  7.7684394e-16  1.0707799e-16  1.7995780e-16  -1.9154281e-16  4.2949812e-16  -3.6089191e-16  1.3061513e-17  7.1782535e-16  3.2210407e-16  -1.6207652e-16  -4.1074164e-16  1.2068069e-15  3.4758930e-16  -3.8367058e-16  -4.0476066e-16  -2.0904016e-16  5.0863640e-17  -4.5918627e-16  4.4632260e-17  1.0000000   -7.9832260e-16  -2.2306370e-16  -2.1120344e-16  -3.3966557e-16  6.9697782e-17  2.4146815e-16  -2.2827647e-16  -2.8392954e-16  -4.7056281e-16  3.6292464e-16  4.2513447e-16  7.7684394e-16  1.0707799e-16  1.7995780e-16  -1.9154281e-16  4.2949812e-16  -3.6089191e-16  1.3061513e-17  7.1782535e-16  3.2210407e-16  -1.6207652e-16  -4.1074164e-16  1.2068069e-15  3.4758930e-16  -3.8367058e-16  -4.0476066e-16  -2.0904016e-16  5.0863640e-17  -4.5918627e-16  4.4632260e-17  1.0000000   -7.9832260e-16  -2.2306370e-16  -2.1120344e-16  -3.3966557e-16  6.9697782e-17  2.4146815e-16  -2.2827647e-16  
-1.0394710e-16  -7.3606511e-16  -5.3975275e-16  1.4321840e-16  2.0382782e-16  8.5599882e-16  6.6007723e-16  -3.9639047e-16  2.5598236e-16  -2.6165862e-16  2.2565975e-16  -2.0803414e-16  -5.8727660e-16  5.8563004e-16  -2.8024520e-16  -3.1620050e-16  7.8037933e-16  -2.4461453e-16  3.0059182e-16  -5.6619628e-17  -1.1082434e-16  -4.1397036e-16  -1.0887974e-15  -7.9832260e-16  1.0000000   4.5561092e-16  4.5120923e-16  -7.3538692e-16  -4.8556364e-16  -6.0622171e-16  -4.5868231e-16  -1.0394710e-16  -7.3606511e-16  -5.3975275e-16  1.4321840e-16  2.0382782e-16  8.5599882e-16  6.6007723e-16  -3.9639047e-16  2.5598236e-16  -2.6165862e-16  2.2565975e-16  -2.0803414e-16  -5.8727660e-16  5.8563004e-16  -2.8024520e-16  -3.1620050e-16  7.8037933e-16  -2.4461453e-16  3.0059182e-16  -5.6619628e-17  -1.1082434e-16  -4.1397036e-16  -1.0887974e-15  -7.9832260e-16  1.0000000   4.5561092e-16  4.5120923e-16  -7.3538692e-16  -4.8556364e-16  -6.0622171e-16  -4.5868231e-16  
7.0342559e-16  6.0715888e-16  -5.5096625e-16  -1.0490453e-16  -9.7994581e-16  -1.5896014e-16  1.8951140e-16  -4.2041308e-17  1.6326280e-16  -6.3186377e-16  -3.9684938e-16  6.8143391e-18  1.1326324e-16  -2.6262166e-16  1.7942940e-16  8.7312655e-17  -2.6724796e-16  -3.7966892e-16  3.4254157e-16  -5.2595950e-16  -7.0192253e-16  2.6172815e-16  1.6296295e-16  -2.2306370e-16  4.5561092e-16  1.0000000   -1.6120058e-16  -2.9155466e-16  -9.1501494e-16  3.1464571e-16  -9.8769278e-17  7.0342559e-16  6.0715888e-16  -5.5096625e-16  -1.0490453e-16  -9.7994581e-16  -1.5896014e-16  1.8951140e-16  -4.2041308e-17  1.6326280e-16  -6.3186377e-16  -3.9684938e-16  6.8143391e-18  1.1326324e-16  -2.6262166e-16  1.7942940e-16  8.7312655e-17  -2.6724796e-16  -3.7966892e-16  3.4254157e-16  -5.2595950e-16  -7.0192253e-16  2.6172815e-16  1.6296295e-16  -2.2306370e-16  4.5561092e-16  1.0000000   -1.6120058e-16  -2.9155466e-16  -9.1501494e-16  3.1464571e-16  -9.8769278e-17  
-3.7960338e-16  -3.1370781e-16  3.1953351e-16  3.9462184e-16  -5.4456483e-16  4.8503853e-16  4.1735464e-18  2.5625813e-16  -3.3217436e-17  -5.8933612e-16  -5.2712533e-16  4.7005312e-16  -2.2441934e-16  -5.1484160e-16  -1.2877764e-16  -5.8045675e-16  9.9184812e-17  1.9300496e-16  3.9065049e-16  -9.1918261e-16  -6.1508573e-16  -1.7825279e-16  3.7051695e-16  -2.1120344e-16  4.5120923e-16  -1.6120058e-16  1.0000000   3.2176421e-16  -2.9710718e-16  -6.1469336e-16  5.6802992e-17  -3.7960338e-16  -3.1370781e-16  3.1953351e-16  3.9462184e-16  -5.4456483e-16  4.8503853e-16  4.1735464e-18  2.5625813e-16  -3.3217436e-17  -5.8933612e-16  -5.2712533e-16  4.7005312e-16  -2.2441934e-16  -5.1484160e-16  -1.2877764e-16  -5.8045675e-16  9.9184812e-17  1.9300496e-16  3.9065049e-16  -9.1918261e-16  -6.1508573e-16  -1.7825279e-16  3.7051695e-16  -2.1120344e-16  4.5120923e-16  -1.6120058e-16  1.0000000   3.2176421e-16  -2.9710718e-16  -6.1469336e-16  5.6802992e-17  
5.3647798e-17  -3.4871066e-16  -9.3778904e-17  -1.2513723e-16  5.7618233e-17  3.8144551e-17  -2.2654983e-16  -2.7212545e-16  -4.2738595e-16  -2.4880632e-16  2.4403361e-16  9.9742835e-17  1.7823659e-16  4.7465719e-16  -6.9259433e-17  -1.3942302e-16  -4.0682393e-16  5.7485501e-16  5.9634905e-17  -1.4178264e-16  -1.8359066e-16  2.5142533e-16  -4.8384911e-16  -3.3966557e-16  -7.3538692e-16  -2.9155466e-16  3.2176421e-16  1.0000000   1.1415256e-16  7.7541942e-17  -2.3306564e-16  5.3647798e-17  -3.4871066e-16  -9.3778904e-17  -1.2513723e-16  5.7618233e-17  3.8144551e-17  -2.2654983e-16  -2.7212545e-16  -4.2738595e-16  -2.4880632e-16  2.4403361e-16  9.9742835e-17  1.7823659e-16  4.7465719e-16  -6.9259433e-17  -1.3942302e-16  -4.0682393e-16  5.7485501e-16  5.9634905e-17  -1.4178264e-16  -1.8359066e-16  2.5142533e-16  -4.8384911e-16  -3.3966557e-16  -7.3538692e-16  -2.9155466e-16  3.2176421e-16  1.0000000   1.1415256e-16  7.7541942e-17  -2.3306564e-16  
-5.9701413e-16  -2.1730906e-16  4.2931070e-16  -4.9884401e-16  1.0552055e-15  2.2931335e-16  -5.9028078e-16  -6.2464480e-16  1.0357903e-16  4.5169128e-16  -1.1145753e-15  -1.9595742e-16  -1.4079535e-16  -2.9723007e-17  1.7633818e-17  -1.2687023e-15  -6.7819407e-16  2.5506888e-16  2.8895720e-16  3.0589854e-16  2.4437968e-16  4.5557451e-16  6.4091927e-16  6.9697782e-17  -4.8556364e-16  -9.1501494e-16  -2.9710718e-16  1.1415256e-16  1.0000000   -8.1283265e-16  3.0733363e-16  -5.9701413e-16  -2.1730906e-16  4.2931070e-16  -4.9884401e-16  1.0552055e-15  2.2931335e-16  -5.9028078e-16  -6.2464480e-16  1.0357903e-16  4.5169128e-16  -1.1145753e-15  -1.9595742e-16  -1.4079535e-16  -2.9723007e-17  1.7633818e-17  -1.2687023e-15  -6.7819407e-16  2.5506888e-16  2.8895720e-16  3.0589854e-16  2.4437968e-16  4.5557451e-16  6.4091927e-16  6.9697782e-17  -4.8556364e-16  -9.1501494e-16  -2.9710718e-16  1.1415256e-16  1.0000000   -8.1283265e-16  3.0733363e-16  
-2.2192434e-16  8.3275280e-16  -5.6601438e-16  3.2120891e-16  3.6115292e-16  1.7907633e-16  -2.5170392e-16  -4.6065246e-16  -1.3423530e-16  -6.4359613e-16  -6.6188707e-16  -4.7793105e-16  -3.5004362e-16  -6.9759151e-17  1.3059555e-16  2.9273610e-16  -1.0417586e-15  2.5320239e-16  3.9240109e-16  3.2587476e-16  -1.9264336e-16  -2.4637694e-16  -2.4654949e-16  2.4146815e-16  -6.0622171e-16  3.1464571e-16  -6.1469336e-16  7.7541942e-17  -8.1283265e-16  1.0000000   -1.5553245e-18  -2.2192434e-16  8.3275280e-16  -5.6601438e-16  3.2120891e-16  3.6115292e-16  1.7907633e-16  -2.5170392e-16  -4.6065246e-16  -1.3423530e-16  -6.4359613e-16  -6.6188707e-16  -4.7793105e-16  -3.5004362e-16  -6.9759151e-17  1.3059555e-16  2.9273610e-16  -1.0417586e-15  2.5320239e-16  3.9240109e-16  3.2587476e-16  -1.9264336e-16  -2.4637694e-16  -2.4654949e-16  2.4146815e-16  -6.0622171e-16  3.1464571e-16  -6.1469336e-16  7.7541942e-17  -8.1283265e-16  1.0000000   -1.5553245e-18  
-2.4253416e-16  -5.4084985e-16  5.6248576e-17  -4.0404820e-16  2.7591424e-16  -4.6147745e-17  3.7414565e-17  -5.0530477e-16  6.3552519e-16  -4.0377325e-16  -1.9989399e-16  -1.0109202e-15  3.7745751e-16  -4.3466117e-16  -2.8892558e-16  3.3967120e-16  -2.3408786e-16  6.5967970e-16  5.3829791e-16  1.4027835e-16  2.8751890e-16  1.7830979e-16  5.3260868e-16  -2.2827647e-16  -4.5868231e-16  -9.8769278e-17  5.6802992e-17  -2.3306564e-16  3.0733363e-16  -1.5553245e-18  1.0000000   -2.4253416e-16  -5.4084985e-16  5.6248576e-17  -4.0404820e-16  2.7591424e-16  -4.6147745e-17  3.7414565e-17  -5.0530477e-16  6.3552519e-16  -4.0377325e-16  -1.9989399e-16  -1.0109202e-15  3.7745751e-16  -4.3466117e-16  -2.8892558e-16  3.3967120e-16  -2.3408786e-16  6.5967970e-16  5.3829791e-16  1.4027835e-16  2.8751890e-16  1.7830979e-16  5.3260868e-16  -2.2827647e-16  -4.5868231e-16  -9.8769278e-17  5.6802992e-17  -2.3306564e-16  3.0733363e-16  -1.5553245e-18  1.0000000   
1.0000000   -3.3664624e-16  -7.7025199e-16  1.9558763e-16  -8.8338304e-17  5.1435723e-17  -2.2966582e-17  4.2937352e-16  -1.2542726e-16  -2.2969935e-16  -1.2152901e-16  -8.5519561e-16  3.8325652e-17  2.7319233e-16  -1.0366943e-16  1.8195652e-16  1.5409961e-16  3.0241276e-16  3.6662475e-16  -3.9931244e-16  -1.8808228e-16  2.6699992e-16  5.3364320e-16  -2.8392954e-16  -1.0394710e-16  7.0342559e-16  -3.7960338e-16  5.3647798e-17  -5.9701413e-16  -2.2192434e-16  -2.4253416e-16  1.0000000   -3.3664624e-16  -7.7025199e-16  1.9558763e-16  -8.8338304e-17  5.1435723e-17  -2.2966582e-17  4.2937352e-16  -1.2542726e-16  -2.2969935e-16  -1.2152901e-16  -8.5519561e-16  3.8325652e-17  2.7319233e-16  -1.0366943e-16  1.8195652e-16  1.5409961e-16  3.0241276e-16  3.6662475e-16  -3.9931244e-16  -1.8808228e-16  2.6699992e-16  5.3364320e-16  -2.8392954e-16  -1.0394710e-16  7.0342559e-16  -3.7960338e-16  5.3647798e-17  -5.9701413e-16  -2.2192434e-16  -2.4253416e-16  
-3.3664624e-16  1.0000000   3.5113635e-17  -3.2730664e-16  -4.6767067e-16  -6.6720256e-16  3.9595133e-16  5.4808111e-18  2.8315629e-16  2.6852506e-16  1.7245789e-16  4.3818408e-18  -5.8128923e-16  2.6918826e-16  3.2293809e-16  -5.7325116e-16  -7.1575883e-16  3.1634572e-16  1.1615013e-16  2.3631054e-16  8.1108737e-17  1.1136877e-16  -7.3487626e-16  -4.7056281e-16  -7.3606511e-16  6.0715888e-16  -3.1370781e-16  -3.4871066e-16  -2.1730906e-16  8.3275280e-16  -5.4084985e-16  -3.3664624e-16  1.0000000   3.5113635e-17  -3.2730664e-16  -4.6767067e-16  -6.6720256e-16  3.9595133e-16  5.4808111e-18  2.8315629e-16  2.6852506e-16  1.7245789e-16  4.3818408e-18  -5.8128923e-16  2.6918826e-16  3.2293809e-16  -5.7325116e-16  -7.1575883e-16  3.1634572e-16  1.1615013e-16  2.3631054e-16  8.1108737e-17  1.1136877e-16  -7.3487626e-16  -4.7056281e-16  -7.3606511e-16  6.0715888e-16  -3.1370781e-16  -3.4871066e-16  -2.1730906e-16  8.3275280e-16  -5.4084985e-16  
-7.7025199e-16  3.5113635e-17  1.0000000   4.0202495e-17  9.2171008e-16  1.0320032e-15  -4.3240320e-16  1.1358278e-16  2.5109805e-16  -3.6984201e-16  -9.3043982e-16  -4.4244921e-16  2.9784283e-16  4.4637343e-16  -4.0507052e-16  2.5057041e-16  3.3469725e-16  -3.7371013e-16  3.7803772e-16  2.9871428e-16  6.5298043e-17  3.5368622e-16  -6.4577920e-17  3.6292464e-16  -5.3975275e-16  -5.5096625e-16  3.1953351e-16  -9.3778904e-17  4.2931070e-16  -5.6601438e-16  5.6248576e-17  -7.7025199e-16  3.5113635e-17  1.0000000   4.0202495e-17  9.2171008e-16  1.0320032e-15  -4.3240320e-16  1.1358278e-16  2.5109805e-16  -3.6984201e-16  -9.3043982e-16  -4.4244921e-16  2.9784283e-16  4.4637343e-16  -4.0507052e-16  2.5057041e-16  3.3469725e-16  -3.7371013e-16  3.7803772e-16  2.9871428e-16  6.5298043e-17  3.5368622e-16  -6.4577920e-17  3.6292464e-16  -5.3975275e-16  -5.5096625e-16  3.1953351e-16  -9.3778904e-17  4.2931070e-16  -5.6601438e-16  5.6248576e-17  
1.9558763e-16  -3.2730664e-16  4.0202495e-17  1.0000000   4.6628354e-16  -1.9096781e-16  5.8617793e-16  6.6210893e-17  1.5093380e-16  -1.6590075e-16  3.3316834e-16  8.1578730e-16  -1.5207556e-16  5.7923768e-16  1.2504755e-16  -8.6043016e-17  7.0164469e-16  7.1979897e-17  -7.3182436e-17  -5.9898103e-16  -3.8412548e-16  -3.2106751e-16  -8.3762797e-16  4.2513447e-16  1.4321840e-16  -1.0490453e-16  3.9462184e-16  -1.2513723e-16  -4.9884401e-16  3.2120891e-16  -4.0404820e-16  1.9558763e-16  -3.2730664e-16  4.0202495e-17  1.0000000   4.6628354e-16  -1.9096781e-16  5.8617793e-16  6.6210893e-17  1.5093380e-16  -1.6590075e-16  3.3316834e-16  8.1578730e-16  -1.5207556e-16  5.7923768e-16  1.2504755e-16  -8.6043016e-17  7.0164469e-16  7.1979897e-17  -7.3182436e-17  -5.9898103e-16  -3.8412548e-16  -3.2106751e-16  -8.3762797e-16  4.2513447e-16  1.4321840e-16  -1.0490453e-16  3.9462184e-16  -1.2513723e-16  -4.9884401e-16  3.2120891e-16  -4.0404820e-16  
-8.8338304e-17  -4.6767067e-16  9.2171008e-16  4.6628354e-16  1.0000000   7.5631325e-16  3.2056914e-16  5.9759463e-17  -2.0090654e-16  -2.9019354e-16  -8.2357990e-18  -3.4052991e-16  6.8660976e-16  3.2365093e-16  -3.9177741e-17  7.5165998e-17  7.2952212e-17  -1.9328414e-16  2.6639884e-16  -9.6127880e-17  1.1101905e-16  -1.0695882e-15  3.8591199e-16  7.7684394e-16  2.0382782e-16  -9.7994581e-16  -5.4456483e-16  5.7618233e-17  1.0552055e-15  3.6115292e-16  2.7591424e-16  -8.8338304e-17  -4.6767067e-16  9.2171008e-16  4.6628354e-16  1.0000000   7.5631325e-16  3.2056914e-16  5.9759463e-17  -2.0090654e-16  -2.9019354e-16  -8.2357990e-18  -3.4052991e-16  6.8660976e-16  3.2365093e-16  -3.9177741e-17  7.5165998e-17  7.2952212e-17  -1.9328414e-16  2.6639884e-16  -9.6127880e-17  1.1101905e-16  -1.0695882e-15  3.8591199e-16  7.7684394e-16  2.0382782e-16  -9.7994581e-16  -5.4456483e-16  5.7618233e-17  1.0552055e-15  3.6115292e-16  2.7591424e-16  
5.1435723e-17  -6.6720256e-16  1.0320032e-15  -1.9096781e-16  7.5631325e-16  1.0000000   -3.2279595e-17  9.5783657e-16  2.0400274e-16  3.6361197e-16  -2.8024360e-16  3.9638223e-16  2.5636985e-16  7.2648996e-16  -3.6375042e-16  4.3292325e-18  3.8899471e-16  -6.0721644e-16  -1.4071760e-16  -5.0294408e-16  1.0180770e-16  2.5074641e-16  7.0194452e-16  1.0707799e-16  8.5599882e-16  -1.5896014e-16  4.8503853e-16  3.8144551e-17  2.2931335e-16  1.7907633e-16  -4.6147745e-17  5.1435723e-17  -6.6720256e-16  1.0320032e-15  -1.9096781e-16  7.5631325e-16  1.0000000   -3.2279595e-17  9.5783657e-16  2.0400274e-16  3.6361197e-16  -2.8024360e-16  3.9638223e-16  2.5636985e-16  7.2648996e-16  -3.6375042e-16  4.3292325e-18  3.8899471e-16  -6.0721644e-16  -1.4071760e-16  -5.0294408e-16  1.0180770e-16  2.5074641e-16  7.0194452e-16  1.0707799e-16  8.5599882e-16  -1.5896014e-16  4.8503853e-16  3.8144551e-17  2.2931335e-16  1.7907633e-16  -4.6147745e-17  
-2.2966582e-17  3.9595133e-16  -4.3240320e-16  5.8617793e-16  3.2056914e-16  -3.2279595e-17  1.0000000   -3.2712970e-17  -2.2626165e-16  -4.6654695e-16  9.3194632e-16  1.1706937e-15  -1.8007100e-17  6.3593325e-16  8.3490862e-17  -7.6770156e-17  2.0811748e-16  1.4312084e-16  -2.5637312e-17  -3.1473307e-16  -6.7405270e-16  -1.6196268e-16  3.7227988e-17  1.7995780e-16  6.6007723e-16  1.8951140e-16  4.1735464e-18  -2.2654983e-16  -5.9028078e-16  -2.5170392e-16  3.7414565e-17  -2.2966582e-17  3.9595133e-16  -4.3240320e-16  5.8617793e-16  3.2056914e-16  -3.2279595e-17  1.0000000   -3.2712970e-17  -2.2626165e-16  -4.6654695e-16  9.3194632e-16  1.1706937e-15  -1.8007100e-17  6.3593325e-16  8.3490862e-17  -7.6770156e-17  2.0811748e-16  1.4312084e-16  -2.5637312e-17  -3.1473307e-16  -6.7405270e-16  -1.6196268e-16  3.7227988e-17  1.7995780e-16  6.6007723e-16  1.8951140e-16  4.1735464e-18  -2.2654983e-16  -5.9028078e-16  -2.5170392e-16  3.7414565e-17  
4.2937352e-16  5.4808111e-18  1.1358278e-16  6.6210893e-17  5.9759463e-17  9.5783657e-16  -3.2712970e-17  1.0000000   -3.4187014e-16  -1.1106916e-15  1.7156951e-16  2.9402711e-16  7.1348263e-16  5.5098773e-16  -1.7898719e-16  2.6714011e-16  -4.4628790e-16  -1.9126919e-16  -1.4616763e-16  1.5349330e-16  -2.4910445e-17  -4.2808093e-16  -9.3592604e-17  -1.9154281e-16  -3.9639047e-16  -4.2041308e-17  2.5625813e-16  -2.7212545e-16  -6.2464480e-16  -4.6065246e-16  -5.0530477e-16  4.2937352e-16  5.4808111e-18  1.1358278e-16  6.6210893e-17  5.9759463e-17  9.5783657e-16  -3.2712970e-17  1.0000000   -3.4187014e-16  -1.1106916e-15  1.7156951e-16  2.9402711e-16  7.1348263e-16  5.5098773e-16  -1.7898719e-16  2.6714011e-16  -4.4628790e-16  -1.9126919e-16  -1.4616763e-16  1.5349330e-16  -2.4910445e-17  -4.2808093e-16  -9.3592604e-17  -1.9154281e-16  -3.9639047e-16  -4.2041308e-17  2.5625813e-16  -2.7212545e-16  -6.2464480e-16  -4.6065246e-16  -5.0530477e-16  
-1.2542726e-16  2.8315629e-16  2.5109805e-16  1.5093380e-16  -2.0090654e-16  2.0400274e-16  -2.2626165e-16  -3.4187014e-16  1.0000000   6.3208876e-16  9.8494205e-17  -1.6610366e-18  1.3859789e-16  -6.7421478e-16  -3.8487418e-16  -3.4586765e-16  6.3686406e-18  3.1197368e-16  -1.1463621e-16  4.1539850e-16  9.2874033e-16  -1.5499676e-16  -5.7551502e-16  4.2949812e-16  2.5598236e-16  1.6326280e-16  -3.3217436e-17  -4.2738595e-16  1.0357903e-16  -1.3423530e-16  6.3552519e-16  -1.2542726e-16  2.8315629e-16  2.5109805e-16  1.5093380e-16  -2.0090654e-16  2.0400274e-16  -2.2626165e-16  -3.4187014e-16  1.0000000   6.3208876e-16  9.8494205e-17  -1.6610366e-18  1.3859789e-16  -6.7421478e-16  -3.8487418e-16  -3.4586765e-16  6.3686406e-18  3.1197368e-16  -1.1463621e-16  4.1539850e-16  9.2874033e-16  -1.5499676e-16  -5.7551502e-16  4.2949812e-16  2.5598236e-16  1.6326280e-16  -3.3217436e-17  -4.2738595e-16  1.0357903e-16  -1.3423530e-16  6.3552519e-16  
-2.2969935e-16  2.6852506e-16  -3.6984201e-16  -1.6590075e-16  -2.9019354e-16  3.6361197e-16  -4.6654695e-16  -1.1106916e-15  6.3208876e-16  1.0000000   -7.8537592e-16  8.5526532e-16  -2.4393551e-16  -2.1046139e-16  5.0654517e-16  1.8563728e-16  -7.1705648e-16  -6.0291977e-17  -3.8925080e-16  -4.2526285e-16  1.7055960e-16  -4.5704572e-16  -4.7704648e-16  -3.6089191e-16  -2.6165862e-16  -6.3186377e-16  -5.8933612e-16  -2.4880632e-16  4.5169128e-16  -6.4359613e-16  -4.0377325e-16  -2.2969935e-16  2.6852506e-16  -3.6984201e-16  -1.6590075e-16  -2.9019354e-16  3.6361197e-16  -4.6654695e-16  -1.1106916e-15  6.3208876e-16  1.0000000   -7.8537592e-16  8.5526532e-16  -2.4393551e-16  -2.1046139e-16  5.0654517e-16  1.8563728e-16  -7.1705648e-16  -6.0291977e-17  -3.8925080e-16  -4.2526285e-16  1.7055960e-16  -4.5704572e-16  -4.7704648e-16  -3.6089191e-16  -2.6165862e-16  -6.3186377e-16  -5.8933612e-16  -2.4880632e-16  4.5169128e-16  -6.4359613e-16  -4.0377325e-16  
