1.0000000   1.1364176e-16  -9.3381217e-17  -1.9415825e-16  3.1077024e-16  6.0813932e-17  3.9202994e-16  2.1822371e-16  -9.1473464e-17  5.0258627e-17  -2.8688303e-16  -3.0044899e-16  4.5633492e-16  4.9243260e-17  1.1458170e-16  -2.6308549e-16  -6.0453019e-17  1.6367627e-16  8.3571053e-17  6.8835690e-16  8.0033072e-16  3.1817840e-17  2.5235599e-16  -4.7678766e-16  2.4056892e-16  3.9005112e-16  6.0000106e-16  -1.5455488e-16  -2.3648758e-16  5.2919320e-16  7.4371597e-17  1.0000000   1.1364176e-16  -9.3381217e-17  -1.9415825e-16  3.1077024e-16  6.0813932e-17  3.9202994e-16  2.1822371e-16  -9.1473464e-17  5.0258627e-17  -2.8688303e-16  -3.0044899e-16  4.5633492e-16  4.9243260e-17  1.1458170e-16  -2.6308549e-16  -6.0453019e-17  1.6367627e-16  8.3571053e-17  6.8835690e-16  8.0033072e-16  3.1817840e-17  2.5235599e-16  -4.7678766e-16  2.4056892e-16  3.9005112e-16  6.0000106e-16  -1.5455488e-16  -2.3648758e-16  5.2919320e-16  7.4371597e-17  
1.1364176e-16  1.0000000   3.1153306e-16  -1.9889925e-16  -1.6377033e-16  6.1334936e-17  -4.4953198e-16  4.3143138e-16  4.6198368e-16  -2.5961624e-17  -7.4893904e-17  -4.4612732e-17  -3.9226189e-16  1.9535631e-16  -6.3277927e-16  -8.9608542e-17  3.3359906e-16  -6.7047468e-18  -4.7623463e-17  8.8529151e-17  -1.9258309e-16  2.9500566e-16  1.3164937e-17  2.6197640e-16  -9.3787508e-18  -2.2444509e-16  -1.5209873e-16  -1.7201678e-16  9.0334279e-17  -3.0563560e-17  -1.9039109e-16  1.1364176e-16  1.0000000   3.1153306e-16  -1.9889925e-16  -1.6377033e-16  6.1334936e-17  -4.4953198e-16  4.3143138e-16  4.6198368e-16  -2.5961624e-17  -7.4893904e-17  -4.4612732e-17  -3.9226189e-16  1.9535631e-16  -6.3277927e-16  -8.9608542e-17  3.3359906e-16  -6.7047468e-18  -4.7623463e-17  8.8529151e-17  -1.9258309e-16  2.9500566e-16  1.3164937e-17  2.6197640e-16  -9.3787508e-18  -2.2444509e-16  -1.5209873e-16  -1.7201678e-16  9.0334279e-17  -3.0563560e-17  -1.9039109e-16  
-9.3381217e-17  3.1153306e-16  1.0000000   1.0365307e-16  -3.9865873e-16  -1.8757947e-16  -1.3071626e-16  -4.4815864e-16  3.3979295e-16  -1.0067796e-15  -3.7259979e-16  -1.5115153e-16  1.3258746e-17  9.2807086e-17  4.4380531e-16  -4.6093097e-16  -2.0562029e-16  1.8373105e-16  -8.8705213e-16  3.8000327e-17  6.2893829e-17  8.3339525e-17  -1.8020205e-16  3.3156182e-16  -5.6079412e-16  6.1888264e-17  3.4203584e-16  -1.2490938e-15  -1.6493036e-16  1.6563348e-16  3.3595108e-16  -9.3381217e-17  3.1153306e-16  1.0000000   1.0365307e-16  -3.9865873e-16  -1.8757947e-16  -1.3071626e-16  -4.4815864e-16  3.3979295e-16  -1.0067796e-15  -3.7259979e-16  -1.5115153e-16  1.3258746e-17  9.2807086e-17  4.4380531e-16  -4.6093097e-16  -2.0562029e-16  1.8373105e-16  -8.8705213e-16  3.8000327e-17  6.2893829e-17  8.3339525e-17  -1.8020205e-16  3.3156182e-16  -5.6079412e-16  6.1888264e-17  3.4203584e-16  -1.2490938e-15  -1.6493036e-16  1.6563348e-16  3.3595108e-16  
-1.9415825e-16  -1.9889925e-16  1.0365307e-16  1.0000000   -1.3737507e-16  9.3341695e-16  -1.4253913e-16  -3.2587758e-16  4.8489738e-16  3.2495018e-16  7.3943266e-16  3.2166803e-16  1.0006201e-16  3.9410599e-16  1.2851072e-16  1.1153287e-15  1.6907520e-16  2.8079184e-16  1.2860449e-15  -5.3389122e-16  4.1731934e-16  -3.1054106e-16  -3.0466749e-17  -1.9771833e-16  1.9430529e-16  1.8440425e-16  -6.3677601e-17  4.7086349e-16  8.8897039e-17  -2.6635987e-16  -1.7047300e-16  -1.9415825e-16  -1.9889925e-16  1.0365307e-16  1.0000000   -1.3737507e-16  9.3341695e-16  -1.4253913e-16  -3.2587758e-16  4.8489738e-16  3.2495018e-16  7.3943266e-16  3.2166803e-16  1.0006201e-16  3.9410599e-16  1.2851072e-16  1.1153287e-15  1.6907520e-16  2.8079184e-16  1.2860449e-15  -5.3389122e-16  4.1731934e-16  -3.1054106e-16  -3.0466749e-17  -1.9771833e-16  1.9430529e-16  1.8440425e-16  -6.3677601e-17  4.7086349e-16  8.8897039e-17  -2.6635987e-16  -1.7047300e-16  
3.1077024e-16  -1.6377033e-16  -3.9865873e-16  -1.3737507e-16  1.0000000   3.3028842e-18  7.2090104e-16  1.2603756e-16  -5.7671039e-16  -5.6359398e-17  -1.3197464e-16  1.8333753e-16  7.5118919e-16  -5.8267833e-17  -2.2718656e-16  -2.0888975e-16  4.3024816e-16  -3.1321565e-16  -4.2209893e-16  -2.9388870e-16  -1.3106800e-16  -3.6913894e-18  -1.7691462e-16  -1.6340050e-16  -7.8708631e-16  -6.9390282e-16  2.4394758e-16  -1.8821698e-16  -7.3323080e-17  -6.5103060e-16  -9.5666878e-17  3.1077024e-16  -1.6377033e-16  -3.9865873e-16  -1.3737507e-16  1.0000000   3.3028842e-18  7.2090104e-16  1.2603756e-16  -5.7671039e-16  -5.6359398e-17  -1.3197464e-16  1.8333753e-16  7.5118919e-16  -5.8267833e-17  -2.2718656e-16  -2.0888975e-16  4.3024816e-16  -3.1321565e-16  -4.2209893e-16  -2.9388870e-16  -1.3106800e-16  -3.6913894e-18  -1.7691462e-16  -1.6340050e-16  -7.8708631e-16  -6.9390282e-16  2.4394758e-16  -1.8821698e-16  -7.3323080e-17  -6.5103060e-16  -9.5666878e-17  
6.0813932e-17  6.1334936e-17  -1.8757947e-16  9.3341695e-16  3.3028842e-18  1.0000000   -7.6897433e-16  -1.7640916e-17  1.7038514e-16  -1.8398703e-16  -4.5308243e-16  5.2804534e-17  -2.2408999e-16  -5.7056313e-16  4.8314187e-16  1.5420276e-16  6.3290235e-16  1.4833863e-16  -1.6142779e-16  5.2591355e-16  -2.9177844e-16  3.9025326e-16  1.2389201e-15  -2.1733409e-16  5.1902750e-16  -8.2992482e-17  3.8650792e-18  1.5054182e-16  -9.6496382e-16  2.5258852e-16  4.0015371e-16  6.0813932e-17  6.1334936e-17  -1.8757947e-16  9.3341695e-16  3.3028842e-18  1.0000000   -7.6897433e-16  -1.7640916e-17  1.7038514e-16  -1.8398703e-16  -4.5308243e-16  5.2804534e-17  -2.2408999e-16  -5.7056313e-16  4.8314187e-16  1.5420276e-16  6.3290235e-16  1.4833863e-16  -1.6142779e-16  5.2591355e-16  -2.9177844e-16  3.9025326e-16  1.2389201e-15  -2.1733409e-16  5.1902750e-16  -8.2992482e-17  3.8650792e-18  1.5054182e-16  -9.6496382e-16  2.5258852e-16  4.0015371e-16  
3.9202994e-16  -4.4953198e-16  -1.3071626e-16  -1.4253913e-16  7.2090104e-16  -7.6897433e-16  1.0000000   9.1658100e-17  -5.5808588e-16  -7.1100991e-16  5.5748219e-16  6.9681450e-17  -4.0188145e-16  -4.8157857e-16  -2.9732552e-16  -6.2269286e-16  -3.5656682e-17  -3.4803059e-16  -4.8374979e-16  3.6082888e-16  -6.6137590e-18  2.5230498e-16  1.4309758e-16  -3.8899181e-16  1.5465205e-16  -3.1411079e-16  -6.8234129e-17  -1.3475856e-16  1.6237066e-16  8.5976023e-17  6.6262867e-16  3.9202994e-16  -4.4953198e-16  -1.3071626e-16  -1.4253913e-16  7.2090104e-16  -7.6897433e-16  1.0000000   9.1658100e-17  -5.5808588e-16  -7.1100991e-16  5.5748219e-16  6.9681450e-17  -4.0188145e-16  -4.8157857e-16  -2.9732552e-16  -6.2269286e-16  -3.5656682e-17  -3.4803059e-16  -4.8374979e-16  3.6082888e-16  -6.6137590e-18  2.5230498e-16  1.4309758e-16  -3.8899181e-16  1.5465205e-16  -3.1411079e-16  -6.8234129e-17  -1.3475856e-16  1.6237066e-16  8.5976023e-17  6.6262867e-16  
2.1822371e-16  4.3143138e-16  -4.4815864e-16  -3.2587758e-16  1.2603756e-16  -1.7640916e-17  9.1658100e-17  1.0000000   -8.9063563e-16  -8.2762576e-16  2.1691563e-17  3.6050542e-16  9.4768511e-17  2.0717720e-16  -1.2527692e-16  -1.6543922e-15  3.6738859e-16  5.6953819e-17  -4.1376231e-16  1.5511754e-17  1.3047244e-16  -3.2726531e-16  5.6289583e-16  -6.7846836e-16  9.3927733e-17  -4.2005456e-16  -4.3089448e-16  -4.3805833e-16  -6.8009111e-17  8.8271620e-18  -2.3839417e-16  2.1822371e-16  4.3143138e-16  -4.4815864e-16  -3.2587758e-16  1.2603756e-16  -1.7640916e-17  9.1658100e-17  1.0000000   -8.9063563e-16  -8.2762576e-16  2.1691563e-17  3.6050542e-16  9.4768511e-17  2.0717720e-16  -1.2527692e-16  -1.6543922e-15  3.6738859e-16  5.6953819e-17  -4.1376231e-16  1.5511754e-17  1.3047244e-16  -3.2726531e-16  5.6289583e-16  -6.7846836e-16  9.3927733e-17  -4.2005456e-16  -4.3089448e-16  -4.3805833e-16  -6.8009111e-17  8.8271620e-18  -2.3839417e-16  
-9.1473464e-17  4.6198368e-16  3.3979295e-16  4.8489738e-16  -5.7671039e-16  1.7038514e-16  -5.5808588e-16  -8.9063563e-16  1.0000000   6.2411214e-16  1.0173369e-15  -7.9966113e-16  8.2218874e-17  1.8572944e-16  -1.1248468e-16  7.6853867e-16  3.5662599e-16  -3.2551707e-16  -7.8893737e-16  -1.3346659e-16  3.8299948e-16  4.5726648e-16  2.1693196e-16  -4.9637815e-16  5.6093819e-16  5.0699961e-17  -1.1564342e-16  -1.1877827e-15  2.3153304e-16  -4.0105397e-17  -2.5958403e-16  -9.1473464e-17  4.6198368e-16  3.3979295e-16  4.8489738e-16  -5.7671039e-16  1.7038514e-16  -5.5808588e-16  -8.9063563e-16  1.0000000   6.2411214e-16  1.0173369e-15  -7.9966113e-16  8.2218874e-17  1.8572944e-16  -1.1248468e-16  7.6853867e-16  3.5662599e-16  -3.2551707e-16  -7.8893737e-16  -1.3346659e-16  3.8299948e-16  4.5726648e-16  2.1693196e-16  -4.9637815e-16  5.6093819e-16  5.0699961e-17  -1.1564342e-16  -1.1877827e-15  2.3153304e-16  -4.0105397e-17  -2.5958403e-16  
5.0258627e-17  -2.5961624e-17  -1.0067796e-15  3.2495018e-16  -5.6359398e-17  -1.8398703e-16  -7.1100991e-16  -8.2762576e-16  6.2411214e-16  1.0000000   3.1612026e-16  1.3793033e-16  4.7105333e-16  -4.5811956e-16  -4.0590897e-17  3.6773726e-16  4.7269435e-16  -3.0074445e-16  1.4890553e-16  2.9105879e-16  -7.0205002e-17  -1.3466538e-16  2.3208747e-16  -2.5292636e-16  -2.0972893e-16  7.7809558e-17  -2.6701900e-17  7.4366925e-17  -3.2588965e-16  -4.0022060e-16  8.1140495e-18  5.0258627e-17  -2.5961624e-17  -1.0067796e-15  3.2495018e-16  -5.6359398e-17  -1.8398703e-16  -7.1100991e-16  -8.2762576e-16  6.2411214e-16  1.0000000   3.1612026e-16  1.3793033e-16  4.7105333e-16  -4.5811956e-16  -4.0590897e-17  3.6773726e-16  4.7269435e-16  -3.0074445e-16  1.4890553e-16  2.9105879e-16  -7.0205002e-17  -1.3466538e-16  2.3208747e-16  -2.5292636e-16  -2.0972893e-16  7.7809558e-17  -2.6701900e-17  7.4366925e-17  -3.2588965e-16  -4.0022060e-16  8.1140495e-18  
-2.8688303e-16  -7.4893904e-17  -3.7259979e-16  7.3943266e-16  -1.3197464e-16  -4.5308243e-16  5.5748219e-16  2.1691563e-17  1.0173369e-15  3.1612026e-16  1.0000000   -2.9737427e-16  5.0883724e-16  2.8483232e-16  2.3288169e-16  -4.4703633e-16  3.4988780e-16  -3.7082189e-16  -4.3388186e-17  5.1228418e-16  6.8214518e-17  4.4757220e-16  -1.7132627e-16  1.2140717e-16  -7.8346276e-16  1.1415736e-16  4.6937694e-16  -5.7857886e-17  -2.4862034e-16  3.3796918e-17  8.2495583e-18  -2.8688303e-16  -7.4893904e-17  -3.7259979e-16  7.3943266e-16  -1.3197464e-16  -4.5308243e-16  5.5748219e-16  2.1691563e-17  1.0173369e-15  3.1612026e-16  1.0000000   -2.9737427e-16  5.0883724e-16  2.8483232e-16  2.3288169e-16  -4.4703633e-16  3.4988780e-16  -3.7082189e-16  -4.3388186e-17  5.1228418e-16  6.8214518e-17  4.4757220e-16  -1.7132627e-16  1.2140717e-16  -7.8346276e-16  1.1415736e-16  4.6937694e-16  -5.7857886e-17  -2.4862034e-16  3.3796918e-17  8.2495583e-18  
-3.0044899e-16  -4.4612732e-17  -1.5115153e-16  3.2166803e-16  1.8333753e-16  5.2804534e-17  6.9681450e-17  3.6050542e-16  -7.9966113e-16  1.3793033e-16  -2.9737427e-16  1.0000000   2.3920901e-16  -1.8258149e-16  -1.7188390e-17  7.2025845e-16  4.7155149e-16  7.9438224e-17  4.0178322e-16  -7.3660780e-16  1.1499575e-16  -2.5964773e-16  1.6920065e-16  4.6961828e-16  -1.5623285e-16  2.2141750e-16  5.4453972e-16  5.4543836e-16  6.5481367e-16  8.9915777e-17  -3.7113256e-16  -3.0044899e-16  -4.4612732e-17  -1.5115153e-16  3.2166803e-16  1.8333753e-16  5.2804534e-17  6.9681450e-17  3.6050542e-16  -7.9966113e-16  1.3793033e-16  -2.9737427e-16  1.0000000   2.3920901e-16  -1.8258149e-16  -1.7188390e-17  7.2025845e-16  4.7155149e-16  7.9438224e-17  4.0178322e-16  -7.3660780e-16  1.1499575e-16  -2.5964773e-16  1.6920065e-16  4.6961828e-16  -1.5623285e-16  2.2141750e-16  5.4453972e-16  5.4543836e-16  6.5481367e-16  8.9915777e-17  -3.7113256e-16  
4.5633492e-16  -3.9226189e-16  1.3258746e-17  1.0006201e-16  7.5118919e-16  -2.2408999e-16  -4.0188145e-16  9.4768511e-17  8.2218874e-17  4.7105333e-16  5.0883724e-16  2.3920901e-16  1.0000000   2.6745024e-16  6.7813589e-16  3.2094845e-16  -2.6046699e-16  -3.4251055e-16  5.2627605e-16  4.2478769e-16  -1.7112560e-16  6.2432991e-16  3.7630205e-16  -4.7146582e-16  -6.1906535e-16  3.1084340e-16  -8.4693705e-16  1.4755512e-16  3.8315492e-16  6.5675001e-17  -1.0873222e-16  4.5633492e-16  -3.9226189e-16  1.3258746e-17  1.0006201e-16  7.5118919e-16  -2.2408999e-16  -4.0188145e-16  9.4768511e-17  8.2218874e-17  4.7105333e-16  5.0883724e-16  2.3920901e-16  1.0000000   2.6745024e-16  6.7813589e-16  3.2094845e-16  -2.6046699e-16  -3.4251055e-16  5.2627605e-16  4.2478769e-16  -1.7112560e-16  6.2432991e-16  3.7630205e-16  -4.7146582e-16  -6.1906535e-16  3.1084340e-16  -8.4693705e-16  1.4755512e-16  3.8315492e-16  6.5675001e-17  -1.0873222e-16  
4.9243260e-17  1.9535631e-16  9.2807086e-17  3.9410599e-16  -5.8267833e-17  -5.7056313e-16  -4.8157857e-16  2.0717720e-16  1.8572944e-16  -4.5811956e-16  2.8483232e-16  -1.8258149e-16  2.6745024e-16  1.0000000   -5.7967490e-16  1.7128978e-16  -6.7396059e-16  7.4529852e-17  -6.4979584e-17  -6.1973525e-16  2.9973324e-16  4.5146394e-16  -1.2738124e-16  4.9258538e-16  4.6281824e-16  1.6323733e-16  3.9867377e-16  -1.9517333e-16  4.8578961e-16  9.0950979e-17  -1.1419866e-16  4.9243260e-17  1.9535631e-16  9.2807086e-17  3.9410599e-16  -5.8267833e-17  -5.7056313e-16  -4.8157857e-16  2.0717720e-16  1.8572944e-16  -4.5811956e-16  2.8483232e-16  -1.8258149e-16  2.6745024e-16  1.0000000   -5.7967490e-16  1.7128978e-16  -6.7396059e-16  7.4529852e-17  -6.4979584e-17  -6.1973525e-16  2.9973324e-16  4.5146394e-16  -1.2738124e-16  4.9258538e-16  4.6281824e-16  1.6323733e-16  3.9867377e-16  -1.9517333e-16  4.8578961e-16  9.0950979e-17  -1.1419866e-16  
1.1458170e-16  -6.3277927e-16  4.4380531e-16  1.2851072e-16  -2.2718656e-16  4.8314187e-16  -2.9732552e-16  -1.2527692e-16  -1.1248468e-16  -4.0590897e-17  2.3288169e-16  -1.7188390e-17  6.7813589e-16  -5.7967490e-16  1.0000000   8.7744871e-18  -4.1155064e-16  -4.7403245e-16  3.3660891e-16  -2.5339034e-16  -4.5373611e-16  8.0567196e-17  9.0489861e-16  -3.5678837e-16  4.0785950e-16  -3.7566363e-16  1.3013103e-16  2.0640291e-16  7.1314020e-17  -7.1058909e-16  -1.0155540e-16  1.1458170e-16  -6.3277927e-16  4.4380531e-16  1.2851072e-16  -2.2718656e-16  4.8314187e-16  -2.9732552e-16  -1.2527692e-16  -1.1248468e-16  -4.0590897e-17  2.3288169e-16  -1.7188390e-17  6.7813589e-16  -5.7967490e-16  1.0000000   8.7744871e-18  -4.1155064e-16  -4.7403245e-16  3.3660891e-16  -2.5339034e-16  -4.5373611e-16  8.0567196e-17  9.0489861e-16  -3.5678837e-16  4.0785950e-16  -3.7566363e-16  1.3013103e-16  2.0640291e-16  7.1314020e-17  -7.1058909e-16  -1.0155540e-16  
-2.6308549e-16  -8.9608542e-17  -4.6093097e-16  1.1153287e-15  -2.0888975e-16  1.5420276e-16  -6.2269286e-16  -1.6543922e-15  7.6853867e-16  3.6773726e-16  -4.4703633e-16  7.2025845e-16  3.2094845e-16  1.7128978e-16  8.7744871e-18  1.0000000   5.8438134e-16  3.4721138e-16  5.8303412e-16  9.8221414e-16  -1.2133862e-16  4.3732166e-16  -6.0458217e-17  1.6016235e-16  -5.7103888e-16  3.5185837e-16  -1.0647013e-16  -4.0941133e-16  -3.2428968e-16  -1.0779118e-16  7.7586344e-16  -2.6308549e-16  -8.9608542e-17  -4.6093097e-16  1.1153287e-15  -2.0888975e-16  1.5420276e-16  -6.2269286e-16  -1.6543922e-15  7.6853867e-16  3.6773726e-16  -4.4703633e-16  7.2025845e-16  3.2094845e-16  1.7128978e-16  8.7744871e-18  1.0000000   5.8438134e-16  3.4721138e-16  5.8303412e-16  9.8221414e-16  -1.2133862e-16  4.3732166e-16  -6.0458217e-17  1.6016235e-16  -5.7103888e-16  3.5185837e-16  -1.0647013e-16  -4.0941133e-16  -3.2428968e-16  -1.0779118e-16  7.7586344e-16  
-6.0453019e-17  3.3359906e-16  -2.0562029e-16  1.6907520e-16  4.3024816e-16  6.3290235e-16  -3.5656682e-17  3.6738859e-16  3.5662599e-16  4.7269435e-16  3.4988780e-16  4.7155149e-16  -2.6046699e-16  -6.7396059e-16  -4.1155064e-16  5.8438134e-16  1.0000000   1.4258208e-16  2.2705605e-16  -1.3772257e-16  -3.2899790e-16  -1.8095343e-16  -5.5513371e-16  1.8986374e-16  1.7204399e-16  5.0876486e-16  3.8910371e-17  -3.9094148e-16  1.3439700e-17  2.4242248e-16  -3.3958960e-16  -6.0453019e-17  3.3359906e-16  -2.0562029e-16  1.6907520e-16  4.3024816e-16  6.3290235e-16  -3.5656682e-17  3.6738859e-16  3.5662599e-16  4.7269435e-16  3.4988780e-16  4.7155149e-16  -2.6046699e-16  -6.7396059e-16  -4.1155064e-16  5.8438134e-16  1.0000000   1.4258208e-16  2.2705605e-16  -1.3772257e-16  -3.2899790e-16  -1.8095343e-16  -5.5513371e-16  1.8986374e-16  1.7204399e-16  5.0876486e-16  3.8910371e-17  -3.9094148e-16  1.3439700e-17  2.4242248e-16  -3.3958960e-16  
1.6367627e-16  -6.7047468e-18  1.8373105e-16  2.8079184e-16  -3.1321565e-16  1.4833863e-16  -3.4803059e-16  5.6953819e-17  -3.2551707e-16  -3.0074445e-16  -3.7082189e-16  7.9438224e-17  -3.4251055e-16  7.4529852e-17  -4.7403245e-16  3.4721138e-16  1.4258208e-16  1.0000000   7.7442469e-16  7.8663090e-17  -2.7205648e-16  -4.5818551e-16  -4.4612178e-16  4.2660590e-16  -1.0713376e-16  1.9174216e-16  3.5530120e-18  3.1634800e-16  4.8052340e-16  3.7379676e-16  -4.7749084e-18  1.6367627e-16  -6.7047468e-18  1.8373105e-16  2.8079184e-16  -3.1321565e-16  1.4833863e-16  -3.4803059e-16  5.6953819e-17  -3.2551707e-16  -3.0074445e-16  -3.7082189e-16  7.9438224e-17  -3.4251055e-16  7.4529852e-17  -4.7403245e-16  3.4721138e-16  1.4258208e-16  1.0000000   7.7442469e-16  7.8663090e-17  -2.7205648e-16  -4.5818551e-16  -4.4612178e-16  4.2660590e-16  -1.0713376e-16  1.9174216e-16  3.5530120e-18  3.1634800e-16  4.8052340e-16  3.7379676e-16  -4.7749084e-18  
8.3571053e-17  -4.7623463e-17  -8.8705213e-16  1.2860449e-15  -4.2209893e-16  -1.6142779e-16  -4.8374979e-16  -4.1376231e-16  -7.8893737e-16  1.4890553e-16  -4.3388186e-17  4.0178322e-16  5.2627605e-16  -6.4979584e-17  3.3660891e-16  5.8303412e-16  2.2705605e-16  7.7442469e-16  1.0000000   -6.0967911e-16  -7.3098282e-17  -3.6012059e-16  1.9665231e-16  -1.4882970e-16  2.0626751e-16  4.7377125e-16  1.3528544e-15  -4.0077225e-17  -3.1472053e-16  2.1891738e-16  -3.0906754e-16  8.3571053e-17  -4.7623463e-17  -8.8705213e-16  1.2860449e-15  -4.2209893e-16  -1.6142779e-16  -4.8374979e-16  -4.1376231e-16  -7.8893737e-16  1.4890553e-16  -4.3388186e-17  4.0178322e-16  5.2627605e-16  -6.4979584e-17  3.3660891e-16  5.8303412e-16  2.2705605e-16  7.7442469e-16  1.0000000   -6.0967911e-16  -7.3098282e-17  -3.6012059e-16  1.9665231e-16  -1.4882970e-16  2.0626751e-16  4.7377125e-16  1.3528544e-15  -4.0077225e-17  -3.1472053e-16  2.1891738e-16  -3.0906754e-16  
6.8835690e-16  8.8529151e-17  3.8000327e-17  -5.3389122e-16  -2.9388870e-16  5.2591355e-16  3.6082888e-16  1.5511754e-17  -1.3346659e-16  2.9105879e-16  5.1228418e-16  -7.3660780e-16  4.2478769e-16  -6.1973525e-16  -2.5339034e-16  9.8221414e-16  -1.3772257e-16  7.8663090e-17  -6.0967911e-16  1.0000000   3.8150533e-16  1.1044627e-15  -8.2488674e-17  4.3102298e-16  5.1481948e-17  2.0267364e-16  4.4828891e-16  -1.6545539e-16  1.8670779e-16  1.7839812e-16  -1.3254448e-16  6.8835690e-16  8.8529151e-17  3.8000327e-17  -5.3389122e-16  -2.9388870e-16  5.2591355e-16  3.6082888e-16  1.5511754e-17  -1.3346659e-16  2.9105879e-16  5.1228418e-16  -7.3660780e-16  4.2478769e-16  -6.1973525e-16  -2.5339034e-16  9.8221414e-16  -1.3772257e-16  7.8663090e-17  -6.0967911e-16  1.0000000   3.8150533e-16  1.1044627e-15  -8.2488674e-17  4.3102298e-16  5.1481948e-17  2.0267364e-16  4.4828891e-16  -1.6545539e-16  1.8670779e-16  1.7839812e-16  -1.3254448e-16  
8.0033072e-16  -1.9258309e-16  6.2893829e-17  4.1731934e-16  -1.3106800e-16  -2.9177844e-16  -6.6137590e-18  1.3047244e-16  3.8299948e-16  -7.0205002e-17  6.8214518e-17  1.1499575e-16  -1.7112560e-16  2.9973324e-16  -4.5373611e-16  -1.2133862e-16  -3.2899790e-16  -2.7205648e-16  -7.3098282e-17  3.8150533e-16  1.0000000   2.2570477e-16  -3.1787580e-16  -4.8130820e-16  1.9741668e-16  2.8247707e-16  8.0917713e-17  -2.8649679e-16  -8.9335763e-16  -3.4489450e-16  -2.9033697e-16  8.0033072e-16  -1.9258309e-16  6.2893829e-17  4.1731934e-16  -1.3106800e-16  -2.9177844e-16  -6.6137590e-18  1.3047244e-16  3.8299948e-16  -7.0205002e-17  6.8214518e-17  1.1499575e-16  -1.7112560e-16  2.9973324e-16  -4.5373611e-16  -1.2133862e-16  -3.2899790e-16  -2.7205648e-16  -7.3098282e-17  3.8150533e-16  1.0000000   2.2570477e-16  -3.1787580e-16  -4.8130820e-16  1.9741668e-16  2.8247707e-16  8.0917713e-17  -2.8649679e-16  -8.9335763e-16  -3.4489450e-16  -2.9033697e-16  
3.1817840e-17  2.9500566e-16  8.3339525e-17  -3.1054106e-16  -3.6913894e-18  3.9025326e-16  2.5230498e-16  -3.2726531e-16  4.5726648e-16  -1.3466538e-16  4.4757220e-16  -2.5964773e-16  6.2432991e-16  4.5146394e-16  8.0567196e-17  4.3732166e-16  -1.8095343e-16  -4.5818551e-16  -3.6012059e-16  1.1044627e-15  2.2570477e-16  1.0000000   8.2921705e-16  2.5096951e-17  5.3775011e-16  1.7453932e-16  -1.5609488e-16  -9.0513723e-16  1.1904471e-16  -5.6226874e-18  3.2371846e-16  3.1817840e-17  2.9500566e-16  8.3339525e-17  -3.1054106e-16  -3.6913894e-18  3.9025326e-16  2.5230498e-16  -3.2726531e-16  4.5726648e-16  -1.3466538e-16  4.4757220e-16  -2.5964773e-16  6.2432991e-16  4.5146394e-16  8.0567196e-17  4.3732166e-16  -1.8095343e-16  -4.5818551e-16  -3.6012059e-16  1.1044627e-15  2.2570477e-16  1.0000000   8.2921705e-16  2.5096951e-17  5.3775011e-16  1.7453932e-16  -1.5609488e-16  -9.0513723e-16  1.1904471e-16  -5.6226874e-18  3.2371846e-16  
2.5235599e-16  1.3164937e-17  -1.8020205e-16  -3.0466749e-17  -1.7691462e-16  1.2389201e-15  1.4309758e-16  5.6289583e-16  2.1693196e-16  2.3208747e-16  -1.7132627e-16  1.6920065e-16  3.7630205e-16  -1.2738124e-16  9.0489861e-16  -6.0458217e-17  -5.5513371e-16  -4.4612178e-16  1.9665231e-16  -8.2488674e-17  -3.1787580e-16  8.2921705e-16  1.0000000   3.0410285e-16  -2.4861009e-16  1.5367220e-16  1.5640714e-16  -2.4473239e-16  3.7216501e-16  6.2424939e-16  6.8391779e-17  2.5235599e-16  1.3164937e-17  -1.8020205e-16  -3.0466749e-17  -1.7691462e-16  1.2389201e-15  1.4309758e-16  5.6289583e-16  2.1693196e-16  2.3208747e-16  -1.7132627e-16  1.6920065e-16  3.7630205e-16  -1.2738124e-16  9.0489861e-16  -6.0458217e-17  -5.5513371e-16  -4.4612178e-16  1.9665231e-16  -8.2488674e-17  -3.1787580e-16  8.2921705e-16  1.0000000   3.0410285e-16  -2.4861009e-16  1.5367220e-16  1.5640714e-16  -2.4473239e-16  3.7216501e-16  6.2424939e-16  6.8391779e-17  
-4.7678766e-16  2.6197640e-16  3.3156182e-16  -1.9771833e-16  -1.6340050e-16  -2.1733409e-16  -3.8899181e-16  -6.7846836e-16  -4.9637815e-16  -2.5292636e-16  1.2140717e-16  4.6961828e-16  -4.7146582e-16  4.9258538e-16  -3.5678837e-16  1.6016235e-16  1.8986374e-16  4.2660590e-16  -1.4882970e-16  4.3102298e-16  -4.8130820e-16  2.5096951e-17  3.0410285e-16  1.0000000   -2.3464101e-16  6.2116269e-17  4.8223622e-16  -8.9639034e-16  1.0004895e-17  -3.2964455e-17  5.7907861e-16  -4.7678766e-16  2.6197640e-16  3.3156182e-16  -1.9771833e-16  -1.6340050e-16  -2.1733409e-16  -3.8899181e-16  -6.7846836e-16  -4.9637815e-16  -2.5292636e-16  1.2140717e-16  4.6961828e-16  -4.7146582e-16  4.9258538e-16  -3.5678837e-16  1.6016235e-16  1.8986374e-16  4.2660590e-16  -1.4882970e-16  4.3102298e-16  -4.8130820e-16  2.5096951e-17  3.0410285e-16  1.0000000   -2.3464101e-16  6.2116269e-17  4.8223622e-16  -8.9639034e-16  1.0004895e-17  -3.2964455e-17  5.7907861e-16  
2.4056892e-16  -9.3787508e-18  -5.6079412e-16  1.9430529e-16  -7.8708631e-16  5.1902750e-16  1.5465205e-16  9.3927733e-17  5.6093819e-16  -2.0972893e-16  -7.8346276e-16  -1.5623285e-16  -6.1906535e-16  4.6281824e-16  4.0785950e-16  -5.7103888e-16  1.7204399e-16  -1.0713376e-16  2.0626751e-16  5.1481948e-17  1.9741668e-16  5.3775011e-16  -2.4861009e-16  -2.3464101e-16  1.0000000   2.0247633e-16  -2.9601925e-16  3.3587293e-16  3.7620799e-16  3.9317561e-16  -1.3780759e-16  2.4056892e-16  -9.3787508e-18  -5.6079412e-16  1.9430529e-16  -7.8708631e-16  5.1902750e-16  1.5465205e-16  9.3927733e-17  5.6093819e-16  -2.0972893e-16  -7.8346276e-16  -1.5623285e-16  -6.1906535e-16  4.6281824e-16  4.0785950e-16  -5.7103888e-16  1.7204399e-16  -1.0713376e-16  2.0626751e-16  5.1481948e-17  1.9741668e-16  5.3775011e-16  -2.4861009e-16  -2.3464101e-16  1.0000000   2.0247633e-16  -2.9601925e-16  3.3587293e-16  3.7620799e-16  3.9317561e-16  -1.3780759e-16  
3.9005112e-16  -2.2444509e-16  6.1888264e-17  1.8440425e-16  -6.9390282e-16  -8.2992482e-17  -3.1411079e-16  -4.2005456e-16  5.0699961e-17  7.7809558e-17  1.1415736e-16  2.2141750e-16  3.1084340e-16  1.6323733e-16  -3.7566363e-16  3.5185837e-16  5.0876486e-16  1.9174216e-16  4.7377125e-16  2.0267364e-16  2.8247707e-16  1.7453932e-16  1.5367220e-16  6.2116269e-17  2.0247633e-16  1.0000000   -5.7795559e-17  2.9691164e-16  -4.4775999e-16  2.3984778e-16  -9.4638279e-16  3.9005112e-16  -2.2444509e-16  6.1888264e-17  1.8440425e-16  -6.9390282e-16  -8.2992482e-17  -3.1411079e-16  -4.2005456e-16  5.0699961e-17  7.7809558e-17  1.1415736e-16  2.2141750e-16  3.1084340e-16  1.6323733e-16  -3.7566363e-16  3.5185837e-16  5.0876486e-16  1.9174216e-16  4.7377125e-16  2.0267364e-16  2.8247707e-16  1.7453932e-16  1.5367220e-16  6.2116269e-17  2.0247633e-16  1.0000000   -5.7795559e-17  2.9691164e-16  -4.4775999e-16  2.3984778e-16  -9.4638279e-16  
6.0000106e-16  -1.5209873e-16  3.4203584e-16  -6.3677601e-17  2.4394758e-16  3.8650792e-18  -6.8234129e-17  -4.3089448e-16  -1.1564342e-16  -2.6701900e-17  4.6937694e-16  5.4453972e-16  -8.4693705e-16  3.9867377e-16  1.3013103e-16  -1.0647013e-16  3.8910371e-17  3.5530120e-18  1.3528544e-15  4.4828891e-16  8.0917713e-17  -1.5609488e-16  1.5640714e-16  4.8223622e-16  -2.9601925e-16  -5.7795559e-17  1.0000000   -1.9528906e-16  1.6909266e-16  1.7246591e-16  4.2444302e-16  6.0000106e-16  -1.5209873e-16  3.4203584e-16  -6.3677601e-17  2.4394758e-16  3.8650792e-18  -6.8234129e-17  -4.3089448e-16  -1.1564342e-16  -2.6701900e-17  4.6937694e-16  5.4453972e-16  -8.4693705e-16  3.9867377e-16  1.3013103e-16  -1.0647013e-16  3.8910371e-17  3.5530120e-18  1.3528544e-15  4.4828891e-16  8.0917713e-17  -1.5609488e-16  1.5640714e-16  4.8223622e-16  -2.9601925e-16  -5.7795559e-17  1.0000000   -1.9528906e-16  1.6909266e-16  1.7246591e-16  4.2444302e-16  
-1.5455488e-16  -1.7201678e-16  -1.2490938e-15  4.7086349e-16  -1.8821698e-16  1.5054182e-16  -1.3475856e-16  -4.3805833e-16  -1.1877827e-15  7.4366925e-17  -5.7857886e-17  5.4543836e-16  1.4755512e-16  -1.9517333e-16  2.0640291e-16  -4.0941133e-16  -3.9094148e-16  3.1634800e-16  -4.0077225e-17  -1.6545539e-16  -2.8649679e-16  -9.0513723e-16  -2.4473239e-16  -8.9639034e-16  3.3587293e-16  2.9691164e-16  -1.9528906e-16  1.0000000   -4.1887932e-16  -8.3837994e-17  -6.8643257e-17  -1.5455488e-16  -1.7201678e-16  -1.2490938e-15  4.7086349e-16  -1.8821698e-16  1.5054182e-16  -1.3475856e-16  -4.3805833e-16  -1.1877827e-15  7.4366925e-17  -5.7857886e-17  5.4543836e-16  1.4755512e-16  -1.9517333e-16  2.0640291e-16  -4.0941133e-16  -3.9094148e-16  3.1634800e-16  -4.0077225e-17  -1.6545539e-16  -2.8649679e-16  -9.0513723e-16  -2.4473239e-16  -8.9639034e-16  3.3587293e-16  2.9691164e-16  -1.9528906e-16  1.0000000   -4.1887932e-16  -8.3837994e-17  -6.8643257e-17  
-2.3648758e-16  9.0334279e-17  -1.6493036e-16  8.8897039e-17  -7.3323080e-17  -9.6496382e-16  1.6237066e-16  -6.8009111e-17  2.3153304e-16  -3.2588965e-16  -2.4862034e-16  6.5481367e-16  3.8315492e-16  4.8578961e-16  7.1314020e-17  -3.2428968e-16  1.3439700e-17  4.8052340e-16  -3.1472053e-16  1.8670779e-16  -8.9335763e-16  1.1904471e-16  3.7216501e-16  1.0004895e-17  3.7620799e-16  -4.4775999e-16  1.6909266e-16  -4.1887932e-16  1.0000000   6.7725744e-16  1.3251041e-16  -2.3648758e-16  9.0334279e-17  -1.6493036e-16  8.8897039e-17  -7.3323080e-17  -9.6496382e-16  1.6237066e-16  -6.8009111e-17  2.3153304e-16  -3.2588965e-16  -2.4862034e-16  6.5481367e-16  3.8315492e-16  4.8578961e-16  7.1314020e-17  -3.2428968e-16  1.3439700e-17  4.8052340e-16  -3.1472053e-16  1.8670779e-16  -8.9335763e-16  1.1904471e-16  3.7216501e-16  1.0004895e-17  3.7620799e-16  -4.4775999e-16  1.6909266e-16  -4.1887932e-16  1.0000000   6.7725744e-16  1.3251041e-16  
5.2919320e-16  -3.0563560e-17  1.6563348e-16  -2.6635987e-16  -6.5103060e-16  2.5258852e-16  8.5976023e-17  8.8271620e-18  -4.0105397e-17  -4.0022060e-16  3.3796918e-17  8.9915777e-17  6.5675001e-17  9.0950979e-17  -7.1058909e-16  -1.0779118e-16  2.4242248e-16  3.7379676e-16  2.1891738e-16  1.7839812e-16  -3.4489450e-16  -5.6226874e-18  6.2424939e-16  -3.2964455e-17  3.9317561e-16  2.3984778e-16  1.7246591e-16  -8.3837994e-17  6.7725744e-16  1.0000000   1.2101558e-16  5.2919320e-16  -3.0563560e-17  1.6563348e-16  -2.6635987e-16  -6.5103060e-16  2.5258852e-16  8.5976023e-17  8.8271620e-18  -4.0105397e-17  -4.0022060e-16  3.3796918e-17  8.9915777e-17  6.5675001e-17  9.0950979e-17  -7.1058909e-16  -1.0779118e-16  2.4242248e-16  3.7379676e-16  2.1891738e-16  1.7839812e-16  -3.4489450e-16  -5.6226874e-18  6.2424939e-16  -3.2964455e-17  3.9317561e-16  2.3984778e-16  1.7246591e-16  -8.3837994e-17  6.7725744e-16  1.0000000   1.2101558e-16  
7.4371597e-17  -1.9039109e-16  3.3595108e-16  -1.7047300e-16  -9.5666878e-17  4.0015371e-16  6.6262867e-16  -2.3839417e-16  -2.5958403e-16  8.1140495e-18  8.2495583e-18  -3.7113256e-16  -1.0873222e-16  -1.1419866e-16  -1.0155540e-16  7.7586344e-16  -3.3958960e-16  -4.7749084e-18  -3.0906754e-16  -1.3254448e-16  -2.9033697e-16  3.2371846e-16  6.8391779e-17  5.7907861e-16  -1.3780759e-16  -9.4638279e-16  4.2444302e-16  -6.8643257e-17  1.3251041e-16  1.2101558e-16  1.0000000   7.4371597e-17  -1.9039109e-16  3.3595108e-16  -1.7047300e-16  -9.5666878e-17  4.0015371e-16  6.6262867e-16  -2.3839417e-16  -2.5958403e-16  8.1140495e-18  8.2495583e-18  -3.7113256e-16  -1.0873222e-16  -1.1419866e-16  -1.0155540e-16  7.7586344e-16  -3.3958960e-16  -4.7749084e-18  -3.0906754e-16  -1.3254448e-16  -2.9033697e-16  3.2371846e-16  6.8391779e-17  5.7907861e-16  -1.3780759e-16  -9.4638279e-16  4.2444302e-16  -6.8643257e-17  1.3251041e-16  1.2101558e-16  1.0000000   
1.0000000   1.1364176e-16  -9.3381217e-17  -1.9415825e-16  3.1077024e-16  6.0813932e-17  3.9202994e-16  2.1822371e-16  -9.1473464e-17  5.0258627e-17  -2.8688303e-16  -3.0044899e-16  4.5633492e-16  4.9243260e-17  1.1458170e-16  -2.6308549e-16  -6.0453019e-17  1.6367627e-16  8.3571053e-17  6.8835690e-16  8.0033072e-16  3.1817840e-17  2.5235599e-16  -4.7678766e-16  2.4056892e-16  3.9005112e-16  6.0000106e-16  -1.5455488e-16  -2.3648758e-16  5.2919320e-16  7.4371597e-17  1.0000000   1.1364176e-16  -9.3381217e-17  -1.9415825e-16  3.1077024e-16  6.0813932e-17  3.9202994e-16  2.1822371e-16  -9.1473464e-17  5.0258627e-17  -2.8688303e-16  -3.0044899e-16  4.5633492e-16  4.9243260e-17  1.1458170e-16  -2.6308549e-16  -6.0453019e-17  1.6367627e-16  8.3571053e-17  6.8835690e-16  8.0033072e-16  3.1817840e-17  2.5235599e-16  -4.7678766e-16  2.4056892e-16  3.9005112e-16  6.0000106e-16  -1.5455488e-16  -2.3648758e-16  5.2919320e-16  7.4371597e-17  
1.1364176e-16  1.0000000   3.1153306e-16  -1.9889925e-16  -1.6377033e-16  6.1334936e-17  -4.4953198e-16  4.3143138e-16  4.6198368e-16  -2.5961624e-17  -7.4893904e-17  -4.4612732e-17  -3.9226189e-16  1.9535631e-16  -6.3277927e-16  -8.9608542e-17  3.3359906e-16  -6.7047468e-18  -4.7623463e-17  8.8529151e-17  -1.9258309e-16  2.9500566e-16  1.3164937e-17  2.6197640e-16  -9.3787508e-18  -2.2444509e-16  -1.5209873e-16  -1.7201678e-16  9.0334279e-17  -3.0563560e-17  -1.9039109e-16  1.1364176e-16  1.0000000   3.1153306e-16  -1.9889925e-16  -1.6377033e-16  6.1334936e-17  -4.4953198e-16  4.3143138e-16  4.6198368e-16  -2.5961624e-17  -7.4893904e-17  -4.4612732e-17  -3.9226189e-16  1.9535631e-16  -6.3277927e-16  -8.9608542e-17  3.3359906e-16  -6.7047468e-18  -4.7623463e-17  8.8529151e-17  -1.9258309e-16  2.9500566e-16  1.3164937e-17  2.6197640e-16  -9.3787508e-18  -2.2444509e-16  -1.5209873e-16  -1.7201678e-16  9.0334279e-17  -3.0563560e-17  -1.9039109e-16  
-9.3381217e-17  3.1153306e-16  1.0000000   1.0365307e-16  -3.9865873e-16  -1.8757947e-16  -1.3071626e-16  -4.4815864e-16  3.3979295e-16  -1.0067796e-15  -3.7259979e-16  -1.5115153e-16  1.3258746e-17  9.2807086e-17  4.4380531e-16  -4.6093097e-16  -2.0562029e-16  1.8373105e-16  -8.8705213e-16  3.8000327e-17  6.2893829e-17  8.3339525e-17  -1.8020205e-16  3.3156182e-16  -5.6079412e-16  6.1888264e-17  3.4203584e-16  -1.2490938e-15  -1.6493036e-16  1.6563348e-16  3.3595108e-16  -9.3381217e-17  3.1153306e-16  1.0000000   1.0365307e-16  -3.9865873e-16  -1.8757947e-16  -1.3071626e-16  -4.4815864e-16  3.3979295e-16  -1.0067796e-15  -3.7259979e-16  -1.5115153e-16  1.3258746e-17  9.2807086e-17  4.4380531e-16  -4.6093097e-16  -2.0562029e-16  1.8373105e-16  -8.8705213e-16  3.8000327e-17  6.2893829e-17  8.3339525e-17  -1.8020205e-16  3.3156182e-16  -5.6079412e-16  6.1888264e-17  3.4203584e-16  -1.2490938e-15  -1.6493036e-16  1.6563348e-16  3.3595108e-16  
-1.9415825e-16  -1.9889925e-16  1.0365307e-16  1.0000000   -1.3737507e-16  9.3341695e-16  -1.4253913e-16  -3.2587758e-16  4.8489738e-16  3.2495018e-16  7.3943266e-16  3.2166803e-16  1.0006201e-16  3.9410599e-16  1.2851072e-16  1.1153287e-15  1.6907520e-16  2.8079184e-16  1.2860449e-15  -5.3389122e-16  4.1731934e-16  -3.1054106e-16  -3.0466749e-17  -1.9771833e-16  1.9430529e-16  1.8440425e-16  -6.3677601e-17  4.7086349e-16  8.8897039e-17  -2.6635987e-16  -1.7047300e-16  -1.9415825e-16  -1.9889925e-16  1.0365307e-16  1.0000000   -1.3737507e-16  9.3341695e-16  -1.4253913e-16  -3.2587758e-16  4.8489738e-16  3.2495018e-16  7.3943266e-16  3.2166803e-16  1.0006201e-16  3.9410599e-16  1.2851072e-16  1.1153287e-15  1.6907520e-16  2.8079184e-16  1.2860449e-15  -5.3389122e-16  4.1731934e-16  -3.1054106e-16  -3.0466749e-17  -1.9771833e-16  1.9430529e-16  1.8440425e-16  -6.3677601e-17  4.7086349e-16  8.8897039e-17  -2.6635987e-16  -1.7047300e-16  
3.1077024e-16  -1.6377033e-16  -3.9865873e-16  -1.3737507e-16  1.0000000   3.3028842e-18  7.2090104e-16  1.2603756e-16  -5.7671039e-16  -5.6359398e-17  -1.3197464e-16  1.8333753e-16  7.5118919e-16  -5.8267833e-17  -2.2718656e-16  -2.0888975e-16  4.3024816e-16  -3.1321565e-16  -4.2209893e-16  -2.9388870e-16  -1.3106800e-16  -3.6913894e-18  -1.7691462e-16  -1.6340050e-16  -7.8708631e-16  -6.9390282e-16  2.4394758e-16  -1.8821698e-16  -7.3323080e-17  -6.5103060e-16  -9.5666878e-17  3.1077024e-16  -1.6377033e-16  -3.9865873e-16  -1.3737507e-16  1.0000000   3.3028842e-18  7.2090104e-16  1.2603756e-16  -5.7671039e-16  -5.6359398e-17  -1.3197464e-16  1.8333753e-16  7.5118919e-16  -5.8267833e-17  -2.2718656e-16  -2.0888975e-16  4.3024816e-16  -3.1321565e-16  -4.2209893e-16  -2.9388870e-16  -1.3106800e-16  -3.6913894e-18  -1.7691462e-16  -1.6340050e-16  -7.8708631e-16  -6.9390282e-16  2.4394758e-16  -1.8821698e-16  -7.3323080e-17  -6.5103060e-16  -9.5666878e-17  
6.0813932e-17  6.1334936e-17  -1.8757947e-16  9.3341695e-16  3.3028842e-18  1.0000000   -7.6897433e-16  -1.7640916e-17  1.7038514e-16  -1.8398703e-16  -4.5308243e-16  5.2804534e-17  -2.2408999e-16  -5.7056313e-16  4.8314187e-16  1.5420276e-16  6.3290235e-16  1.4833863e-16  -1.6142779e-16  5.2591355e-16  -2.9177844e-16  3.9025326e-16  1.2389201e-15  -2.1733409e-16  5.1902750e-16  -8.2992482e-17  3.8650792e-18  1.5054182e-16  -9.6496382e-16  2.5258852e-16  4.0015371e-16  6.0813932e-17  6.1334936e-17  -1.8757947e-16  9.3341695e-16  3.3028842e-18  1.0000000   -7.6897433e-16  -1.7640916e-17  1.7038514e-16  -1.8398703e-16  -4.5308243e-16  5.2804534e-17  -2.2408999e-16  -5.7056313e-16  4.8314187e-16  1.5420276e-16  6.3290235e-16  1.4833863e-16  -1.6142779e-16  5.2591355e-16  -2.9177844e-16  3.9025326e-16  1.2389201e-15  -2.1733409e-16  5.1902750e-16  -8.2992482e-17  3.8650792e-18  1.5054182e-16  -9.6496382e-16  2.5258852e-16  4.0015371e-16  
3.9202994e-16  -4.4953198e-16  -1.3071626e-16  -1.4253913e-16  7.2090104e-16  -7.6897433e-16  1.0000000   9.1658100e-17  -5.5808588e-16  -7.1100991e-16  5.5748219e-16  6.9681450e-17  -4.0188145e-16  -4.8157857e-16  -2.9732552e-16  -6.2269286e-16  -3.5656682e-17  -3.4803059e-16  -4.8374979e-16  3.6082888e-16  -6.6137590e-18  2.5230498e-16  1.4309758e-16  -3.8899181e-16  1.5465205e-16  -3.1411079e-16  -6.8234129e-17  -1.3475856e-16  1.6237066e-16  8.5976023e-17  6.6262867e-16  3.9202994e-16  -4.4953198e-16  -1.3071626e-16  -1.4253913e-16  7.2090104e-16  -7.6897433e-16  1.0000000   9.1658100e-17  -5.5808588e-16  -7.1100991e-16  5.5748219e-16  6.9681450e-17  -4.0188145e-16  -4.8157857e-16  -2.9732552e-16  -6.2269286e-16  -3.5656682e-17  -3.4803059e-16  -4.8374979e-16  3.6082888e-16  -6.6137590e-18  2.5230498e-16  1.4309758e-16  -3.8899181e-16  1.5465205e-16  -3.1411079e-16  -6.8234129e-17  -1.3475856e-16  1.6237066e-16  8.5976023e-17  6.6262867e-16  
2.1822371e-16  4.3143138e-16  -4.4815864e-16  -3.2587758e-16  1.2603756e-16  -1.7640916e-17  9.1658100e-17  1.0000000   -8.9063563e-16  -8.2762576e-16  2.1691563e-17  3.6050542e-16  9.4768511e-17  2.0717720e-16  -1.2527692e-16  -1.6543922e-15  3.6738859e-16  5.6953819e-17  -4.1376231e-16  1.5511754e-17  1.3047244e-16  -3.2726531e-16  5.6289583e-16  -6.7846836e-16  9.3927733e-17  -4.2005456e-16  -4.3089448e-16  -4.3805833e-16  -6.8009111e-17  8.8271620e-18  -2.3839417e-16  2.1822371e-16  4.3143138e-16  -4.4815864e-16  -3.2587758e-16  1.2603756e-16  -1.7640916e-17  9.1658100e-17  1.0000000   -8.9063563e-16  -8.2762576e-16  2.1691563e-17  3.6050542e-16  9.4768511e-17  2.0717720e-16  -1.2527692e-16  -1.6543922e-15  3.6738859e-16  5.6953819e-17  -4.1376231e-16  1.5511754e-17  1.3047244e-16  -3.2726531e-16  5.6289583e-16  -6.7846836e-16  9.3927733e-17  -4.2005456e-16  -4.3089448e-16  -4.3805833e-16  -6.8009111e-17  8.8271620e-18  -2.3839417e-16  
-9.1473464e-17  4.6198368e-16  3.3979295e-16  4.8489738e-16  -5.7671039e-16  1.7038514e-16  -5.5808588e-16  -8.9063563e-16  1.0000000   6.2411214e-16  1.0173369e-15  -7.9966113e-16  8.2218874e-17  1.8572944e-16  -1.1248468e-16  7.6853867e-16  3.5662599e-16  -3.2551707e-16  -7.8893737e-16  -1.3346659e-16  3.8299948e-16  4.5726648e-16  2.1693196e-16  -4.9637815e-16  5.6093819e-16  5.0699961e-17  -1.1564342e-16  -1.1877827e-15  2.3153304e-16  -4.0105397e-17  -2.5958403e-16  -9.1473464e-17  4.6198368e-16  3.3979295e-16  4.8489738e-16  -5.7671039e-16  1.7038514e-16  -5.5808588e-16  -8.9063563e-16  1.0000000   6.2411214e-16  1.0173369e-15  -7.9966113e-16  8.2218874e-17  1.8572944e-16  -1.1248468e-16  7.6853867e-16  3.5662599e-16  -3.2551707e-16  -7.8893737e-16  -1.3346659e-16  3.8299948e-16  4.5726648e-16  2.1693196e-16  -4.9637815e-16  5.6093819e-16  5.0699961e-17  -1.1564342e-16  -1.1877827e-15  2.3153304e-16  -4.0105397e-17  -2.5958403e-16  
5.0258627e-17  -2.5961624e-17  -1.0067796e-15  3.2495018e-16  -5.6359398e-17  -1.8398703e-16  -7.1100991e-16  -8.2762576e-16  6.2411214e-16  1.0000000   3.1612026e-16  1.3793033e-16  4.7105333e-16  -4.5811956e-16  -4.0590897e-17  3.6773726e-16  4.7269435e-16  -3.0074445e-16  1.4890553e-16  2.9105879e-16  -7.0205002e-17  -1.3466538e-16  2.3208747e-16  -2.5292636e-16  -2.0972893e-16  7.7809558e-17  -2.6701900e-17  7.4366925e-17  -3.2588965e-16  -4.0022060e-16  8.1140495e-18  5.0258627e-17  -2.5961624e-17  -1.0067796e-15  3.2495018e-16  -5.6359398e-17  -1.8398703e-16  -7.1100991e-16  -8.2762576e-16  6.2411214e-16  1.0000000   3.1612026e-16  1.3793033e-16  4.7105333e-16  -4.5811956e-16  -4.0590897e-17  3.6773726e-16  4.7269435e-16  -3.0074445e-16  1.4890553e-16  2.9105879e-16  -7.0205002e-17  -1.3466538e-16  2.3208747e-16  -2.5292636e-16  -2.0972893e-16  7.7809558e-17  -2.6701900e-17  7.4366925e-17  -3.2588965e-16  -4.0022060e-16  8.1140495e-18  
