1.0000000   2.3219481e-16  1.0416905e-16  7.2366745e-17  -4.8109830e-17  7.5929112e-17  7.1281090e-16  -2.1881559e-16  5.1999127e-16  7.0419057e-16  4.5676915e-16  4.7788702e-16  8.3195409e-16  1.6027789e-17  -5.9757411e-16  -7.0685528e-17  5.7082719e-16  -1.5859513e-16  3.2064780e-16  -1.4399390e-15  5.0032563e-16  1.6179916e-16  -1.4553916e-16  5.0133116e-16  -1.1194972e-16  -7.7429778e-16  -2.8510520e-17  1.8481653e-16  -7.5878390e-16  3.6119405e-16  8.1846832e-16  1.0000000   2.3219481e-16  1.0416905e-16  7.2366745e-17  -4.8109830e-17  7.5929112e-17  7.1281090e-16  -2.1881559e-16  5.1999127e-16  7.0419057e-16  4.5676915e-16  4.7788702e-16  8.3195409e-16  1.6027789e-17  -5.9757411e-16  -7.0685528e-17  5.7082719e-16  -1.5859513e-16  3.2064780e-16  -1.4399390e-15  5.0032563e-16  1.6179916e-16  -1.4553916e-16  5.0133116e-16  -1.1194972e-16  -7.7429778e-16  -2.8510520e-17  1.8481653e-16  -7.5878390e-16  3.6119405e-16  8.1846832e-16  
2.3219481e-16  1.0000000   1.1130427e-15  6.1716859e-16  1.4256937e-16  -1.7805639e-16  7.6139742e-16  3.0051133e-17  -1.0222802e-16  2.7007344e-16  1.1805210e-15  -5.7451664e-17  -4.9713051e-16  4.6415592e-16  1.4043092e-16  5.4124187e-16  -4.4659011e-16  -3.7628739e-16  1.7706607e-16  -7.5854133e-16  -3.6337009e-16  3.8406168e-17  3.2602090e-17  -4.7164455e-16  -1.0855078e-17  -4.1577658e-17  -5.1667232e-16  4.2667814e-16  2.4684980e-16  6.4971439e-16  5.5032998e-17  2.3219481e-16  1.0000000   1.1130427e-15  6.1716859e-16  1.4256937e-16  -1.7805639e-16  7.6139742e-16  3.0051133e-17  -1.0222802e-16  2.7007344e-16  1.1805210e-15  -5.7451664e-17  -4.9713051e-16  4.6415592e-16  1.4043092e-16  5.4124187e-16  -4.4659011e-16  -3.7628739e-16  1.7706607e-16  -7.5854133e-16  -3.6337009e-16  3.8406168e-17  3.2602090e-17  -4.7164455e-16  -1.0855078e-17  -4.1577658e-17  -5.1667232e-16  4.2667814e-16  2.4684980e-16  6.4971439e-16  5.5032998e-17  
1.0416905e-16  1.1130427e-15  1.0000000   5.3119320e-16  4.1891254e-16  6.0845904e-17  2.0470501e-16  3.7980616e-16  1.7333047e-17  8.5840256e-17  -3.4543127e-16  -7.6067595e-17  4.1771053e-17  1.8574034e-16  -2.4345105e-16  -5.5172341e-16  7.0138788e-17  -1.6359342e-16  2.5392835e-16  -1.5389598e-15  2.8587694e-16  2.5764584e-16  -2.2862778e-16  6.4787819e-16  1.5985124e-16  -1.3186703e-16  1.7649802e-16  -2.9645676e-16  5.4870099e-17  -5.4534989e-16  -2.0126797e-16  1.0416905e-16  1.1130427e-15  1.0000000   5.3119320e-16  4.1891254e-16  6.0845904e-17  2.0470501e-16  3.7980616e-16  1.7333047e-17  8.5840256e-17  -3.4543127e-16  -7.6067595e-17  4.1771053e-17  1.8574034e-16  -2.4345105e-16  -5.5172341e-16  7.0138788e-17  -1.6359342e-16  2.5392835e-16  -1.5389598e-15  2.8587694e-16  2.5764584e-16  -2.2862778e-16  6.4787819e-16  1.5985124e-16  -1.3186703e-16  1.7649802e-16  -2.9645676e-16  5.4870099e-17  -5.4534989e-16  -2.0126797e-16  
7.2366745e-17  6.1716859e-16  5.3119320e-16  1.0000000   1.3808302e-16  -2.0506994e-16  2.8072985e-17  1.3774424e-15  3.2040506e-16  -3.0967833e-16  3.1491544e-16  5.8555764e-16  1.3566300e-16  3.8419835e-16  -5.7638746e-16  5.2944225e-18  -8.8316056e-16  4.7141623e-16  -6.4559195e-16  6.2519484e-16  -6.1717112e-16  1.6321564e-16  -3.3219764e-16  -3.2530755e-16  -1.6779365e-16  4.8873253e-16  -6.5343774e-16  -9.9340984e-17  1.1199214e-15  3.8563816e-16  -6.0653958e-16  7.2366745e-17  6.1716859e-16  5.3119320e-16  1.0000000   1.3808302e-16  -2.0506994e-16  2.8072985e-17  1.3774424e-15  3.2040506e-16  -3.0967833e-16  3.1491544e-16  5.8555764e-16  1.3566300e-16  3.8419835e-16  -5.7638746e-16  5.2944225e-18  -8.8316056e-16  4.7141623e-16  -6.4559195e-16  6.2519484e-16  -6.1717112e-16  1.6321564e-16  -3.3219764e-16  -3.2530755e-16  -1.6779365e-16  4.8873253e-16  -6.5343774e-16  -9.9340984e-17  1.1199214e-15  3.8563816e-16  -6.0653958e-16  
-4.8109830e-17  1.4256937e-16  4.1891254e-16  1.3808302e-16  1.0000000   -3.4377426e-16  4.1314955e-16  7.9360615e-16  -2.8300697e-16  2.1195422e-16  2.1331543e-16  7.5857055e-16  -2.2455264e-16  -3.3413397e-16  3.5243195e-16  2.8499839e-16  4.8181704e-16  6.7774659e-16  -2.5274411e-16  6.8069586e-17  -7.8132844e-17  1.3957966e-16  -1.0888432e-16  -1.8670594e-16  -3.5833152e-16  2.3860791e-16  3.2918250e-16  6.6068593e-16  7.5607885e-17  3.8056670e-16  -5.0786680e-17  -4.8109830e-17  1.4256937e-16  4.1891254e-16  1.3808302e-16  1.0000000   -3.4377426e-16  4.1314955e-16  7.9360615e-16  -2.8300697e-16  2.1195422e-16  2.1331543e-16  7.5857055e-16  -2.2455264e-16  -3.3413397e-16  3.5243195e-16  2.8499839e-16  4.8181704e-16  6.7774659e-16  -2.5274411e-16  6.8069586e-17  -7.8132844e-17  1.3957966e-16  -1.0888432e-16  -1.8670594e-16  -3.5833152e-16  2.3860791e-16  3.2918250e-16  6.6068593e-16  7.5607885e-17  3.8056670e-16  -5.0786680e-17  
7.5929112e-17  -1.7805639e-16  6.0845904e-17  -2.0506994e-16  -3.4377426e-16  1.0000000   -5.4186940e-16  -9.4504381e-16  2.2705535e-17  -1.0121830e-15  -3.1234144e-16  2.8657668e-16  -5.7405253e-16  6.0182912e-17  2.3177585e-16  4.6915369e-16  -5.0163025e-16  -3.8911807e-16  5.7677735e-16  6.3866825e-16  -2.1870740e-16  8.6363866e-17  5.9521617e-17  1.1909569e-15  4.2035020e-16  -1.7782248e-16  3.0088332e-16  -4.6549917e-17  -8.0830363e-16  3.5963394e-16  7.8862079e-17  7.5929112e-17  -1.7805639e-16  6.0845904e-17  -2.0506994e-16  -3.4377426e-16  1.0000000   -5.4186940e-16  -9.4504381e-16  2.2705535e-17  -1.0121830e-15  -3.1234144e-16  2.8657668e-16  -5.7405253e-16  6.0182912e-17  2.3177585e-16  4.6915369e-16  -5.0163025e-16  -3.8911807e-16  5.7677735e-16  6.3866825e-16  -2.1870740e-16  8.6363866e-17  5.9521617e-17  1.1909569e-15  4.2035020e-16  -1.7782248e-16  3.0088332e-16  -4.6549917e-17  -8.0830363e-16  3.5963394e-16  7.8862079e-17  
7.1281090e-16  7.6139742e-16  2.0470501e-16  2.8072985e-17  4.1314955e-16  -5.4186940e-16  1.0000000   7.9211110e-16  -2.2417671e-16  7.0952997e-16  7.0588124e-17  3.6915177e-16  -2.7347267e-16  -4.1613453e-16  -6.9193052e-16  3.3878431e-17  -1.4284440e-16  3.4664819e-17  7.4107247e-17  -1.3018496e-16  -3.6975222e-17  2.5524010e-16  -3.5079579e-16  7.7882414e-16  4.8345665e-16  -4.2294471e-16  -4.4109912e-16  7.0128324e-16  2.9721202e-17  -3.4767814e-17  3.8708659e-16  7.1281090e-16  7.6139742e-16  2.0470501e-16  2.8072985e-17  4.1314955e-16  -5.4186940e-16  1.0000000   7.9211110e-16  -2.2417671e-16  7.0952997e-16  7.0588124e-17  3.6915177e-16  -2.7347267e-16  -4.1613453e-16  -6.9193052e-16  3.3878431e-17  -1.4284440e-16  3.4664819e-17  7.4107247e-17  -1.3018496e-16  -3.6975222e-17  2.5524010e-16  -3.5079579e-16  7.7882414e-16  4.8345665e-16  -4.2294471e-16  -4.4109912e-16  7.0128324e-16  2.9721202e-17  -3.4767814e-17  3.8708659e-16  
-2.1881559e-16  3.0051133e-17  3.7980616e-16  1.3774424e-15  7.9360615e-16  -9.4504381e-16  7.9211110e-16  1.0000000   -7.2443972e-16  2.0386306e-17  7.3190119e-16  3.3384646e-16  1.5018368e-16  -1.3124105e-16  -9.8762426e-16  7.3977092e-16  -5.0062560e-16  4.2602937e-16  1.1064011e-16  -2.4274369e-16  -9.8708673e-16  -2.8606711e-16  1.7050751e-16  -8.4102576e-16  -3.1584102e-16  -1.2589028e-16  3.0750644e-17  2.1436993e-17  7.8691526e-16  3.1805575e-16  -1.6717128e-16  -2.1881559e-16  3.0051133e-17  3.7980616e-16  1.3774424e-15  7.9360615e-16  -9.4504381e-16  7.9211110e-16  1.0000000   -7.2443972e-16  2.0386306e-17  7.3190119e-16  3.3384646e-16  1.5018368e-16  -1.3124105e-16  -9.8762426e-16  7.3977092e-16  -5.0062560e-16  4.2602937e-16  1.1064011e-16  -2.4274369e-16  -9.8708673e-16  -2.8606711e-16  1.7050751e-16  -8.4102576e-16  -3.1584102e-16  -1.2589028e-16  3.0750644e-17  2.1436993e-17  7.8691526e-16  3.1805575e-16  -1.6717128e-16  
5.1999127e-16  -1.0222802e-16  1.7333047e-17  3.2040506e-16  -2.8300697e-16  2.2705535e-17  -2.2417671e-16  -7.2443972e-16  1.0000000   2.1248591e-16  9.2483996e-17  4.7483096e-17  2.4891664e-16  3.4065567e-16  1.4502616e-16  4.7997013e-16  -3.9700080e-16  4.2392483e-16  -4.6067798e-18  1.0690212e-15  -3.6279527e-16  -3.0563857e-17  2.1717940e-16  -6.0379393e-16  4.8930058e-16  4.5525871e-16  3.5369132e-16  -9.1296105e-17  1.8813663e-16  -2.8962646e-16  2.9520706e-16  5.1999127e-16  -1.0222802e-16  1.7333047e-17  3.2040506e-16  -2.8300697e-16  2.2705535e-17  -2.2417671e-16  -7.2443972e-16  1.0000000   2.1248591e-16  9.2483996e-17  4.7483096e-17  2.4891664e-16  3.4065567e-16  1.4502616e-16  4.7997013e-16  -3.9700080e-16  4.2392483e-16  -4.6067798e-18  1.0690212e-15  -3.6279527e-16  -3.0563857e-17  2.1717940e-16  -6.0379393e-16  4.8930058e-16  4.5525871e-16  3.5369132e-16  -9.1296105e-17  1.8813663e-16  -2.8962646e-16  2.9520706e-16  
7.0419057e-16  2.7007344e-16  8.5840256e-17  -3.0967833e-16  2.1195422e-16  -1.0121830e-15  7.0952997e-16  2.0386306e-17  2.1248591e-16  1.0000000   3.1230587e-16  -6.8892831e-16  3.6657740e-16  8.0923923e-17  1.7274995e-16  -2.0428941e-16  3.5349470e-16  6.8575880e-17  3.0917380e-16  -1.0678743e-15  4.0465418e-16  1.3340827e-15  -4.2849640e-16  6.5425127e-16  2.1774380e-16  -5.0187529e-16  -6.5729065e-16  1.1654636e-16  -1.9363641e-16  -1.9412629e-17  2.1212753e-16  7.0419057e-16  2.7007344e-16  8.5840256e-17  -3.0967833e-16  2.1195422e-16  -1.0121830e-15  7.0952997e-16  2.0386306e-17  2.1248591e-16  1.0000000   3.1230587e-16  -6.8892831e-16  3.6657740e-16  8.0923923e-17  1.7274995e-16  -2.0428941e-16  3.5349470e-16  6.8575880e-17  3.0917380e-16  -1.0678743e-15  4.0465418e-16  1.3340827e-15  -4.2849640e-16  6.5425127e-16  2.1774380e-16  -5.0187529e-16  -6.5729065e-16  1.1654636e-16  -1.9363641e-16  -1.9412629e-17  2.1212753e-16  
4.5676915e-16  1.1805210e-15  -3.4543127e-16  3.1491544e-16  2.1331543e-16  -3.1234144e-16  7.0588124e-17  7.3190119e-16  9.2483996e-17  3.1230587e-16  1.0000000   -5.1662043e-16  -8.1633788e-17  6.2794045e-17  -9.8791163e-17  -8.2438056e-17  5.5959586e-16  3.6722859e-16  4.2602734e-16  4.6742926e-17  -5.4095349e-17  3.3585760e-16  5.1905891e-16  -6.5537475e-16  -7.8984868e-16  5.3864286e-17  6.1013116e-17  -1.9128902e-16  3.9065872e-16  -4.2064597e-16  -7.5426219e-16  4.5676915e-16  1.1805210e-15  -3.4543127e-16  3.1491544e-16  2.1331543e-16  -3.1234144e-16  7.0588124e-17  7.3190119e-16  9.2483996e-17  3.1230587e-16  1.0000000   -5.1662043e-16  -8.1633788e-17  6.2794045e-17  -9.8791163e-17  -8.2438056e-17  5.5959586e-16  3.6722859e-16  4.2602734e-16  4.6742926e-17  -5.4095349e-17  3.3585760e-16  5.1905891e-16  -6.5537475e-16  -7.8984868e-16  5.3864286e-17  6.1013116e-17  -1.9128902e-16  3.9065872e-16  -4.2064597e-16  -7.5426219e-16  
4.7788702e-16  -5.7451664e-17  -7.6067595e-17  5.8555764e-16  7.5857055e-16  2.8657668e-16  3.6915177e-16  3.3384646e-16  4.7483096e-17  -6.8892831e-16  -5.1662043e-16  1.0000000   3.3210742e-16  -1.6793203e-16  -4.9560804e-17  -1.5136758e-16  1.1080436e-16  2.9796282e-16  1.6968058e-16  2.5621785e-16  -1.5748978e-16  -6.5686054e-16  5.2687896e-16  1.3356533e-17  1.0593692e-16  9.9972170e-17  -1.6415027e-16  -4.8239693e-16  -7.9022952e-16  -8.8514883e-17  -3.6381869e-16  4.7788702e-16  -5.7451664e-17  -7.6067595e-17  5.8555764e-16  7.5857055e-16  2.8657668e-16  3.6915177e-16  3.3384646e-16  4.7483096e-17  -6.8892831e-16  -5.1662043e-16  1.0000000   3.3210742e-16  -1.6793203e-16  -4.9560804e-17  -1.5136758e-16  1.1080436e-16  2.9796282e-16  1.6968058e-16  2.5621785e-16  -1.5748978e-16  -6.5686054e-16  5.2687896e-16  1.3356533e-17  1.0593692e-16  9.9972170e-17  -1.6415027e-16  -4.8239693e-16  -7.9022952e-16  -8.8514883e-17  -3.6381869e-16  
8.3195409e-16  -4.9713051e-16  4.1771053e-17  1.3566300e-16  -2.2455264e-16  -5.7405253e-16  -2.7347267e-16  1.5018368e-16  2.4891664e-16  3.6657740e-16  -8.1633788e-17  3.3210742e-16  1.0000000   2.3803471e-17  1.2565490e-16  -1.8996533e-16  2.5054620e-16  1.0578277e-15  -2.8073871e-17  3.7910930e-16  1.1803355e-16  -5.6755696e-16  -2.3267271e-16  -4.6716912e-16  -1.2540663e-16  4.0920759e-16  -8.8734411e-17  -2.5742449e-16  -4.1132221e-17  2.6198663e-17  -2.1628964e-16  8.3195409e-16  -4.9713051e-16  4.1771053e-17  1.3566300e-16  -2.2455264e-16  -5.7405253e-16  -2.7347267e-16  1.5018368e-16  2.4891664e-16  3.6657740e-16  -8.1633788e-17  3.3210742e-16  1.0000000   2.3803471e-17  1.2565490e-16  -1.8996533e-16  2.5054620e-16  1.0578277e-15  -2.8073871e-17  3.7910930e-16  1.1803355e-16  -5.6755696e-16  -2.3267271e-16  -4.6716912e-16  -1.2540663e-16  4.0920759e-16  -8.8734411e-17  -2.5742449e-16  -4.1132221e-17  2.6198663e-17  -2.1628964e-16  
1.6027789e-17  4.6415592e-16  1.8574034e-16  3.8419835e-16  -3.3413397e-16  6.0182912e-17  -4.1613453e-16  -1.3124105e-16  3.4065567e-16  8.0923923e-17  6.2794045e-17  -1.6793203e-16  2.3803471e-17  1.0000000   2.9447845e-17  7.6725151e-17  1.0377398e-16  8.2750288e-18  2.7637714e-17  4.4587960e-16  2.7095734e-16  8.9287516e-17  5.9706469e-16  -3.5503797e-16  3.4547732e-16  -6.0190404e-16  5.0034231e-16  1.1623448e-16  -2.6624693e-16  -2.0600827e-16  3.2732897e-16  1.6027789e-17  4.6415592e-16  1.8574034e-16  3.8419835e-16  -3.3413397e-16  6.0182912e-17  -4.1613453e-16  -1.3124105e-16  3.4065567e-16  8.0923923e-17  6.2794045e-17  -1.6793203e-16  2.3803471e-17  1.0000000   2.9447845e-17  7.6725151e-17  1.0377398e-16  8.2750288e-18  2.7637714e-17  4.4587960e-16  2.7095734e-16  8.9287516e-17  5.9706469e-16  -3.5503797e-16  3.4547732e-16  -6.0190404e-16  5.0034231e-16  1.1623448e-16  -2.6624693e-16  -2.0600827e-16  3.2732897e-16  
-5.9757411e-16  1.4043092e-16  -2.4345105e-16  -5.7638746e-16  3.5243195e-16  2.3177585e-16  -6.9193052e-16  -9.8762426e-16  1.4502616e-16  1.7274995e-16  -9.8791163e-17  -4.9560804e-17  1.2565490e-16  2.9447845e-17  1.0000000   2.5560257e-16  -4.8306165e-16  -3.1770878e-16  2.3247203e-17  1.1230680e-15  -1.4631997e-16  3.3572588e-17  -6.2092111e-17  -5.8147036e-16  -5.6245467e-16  3.8534565e-16  3.8819977e-16  3.4430440e-16  -8.8033722e-18  1.8138649e-16  6.7539161e-16  -5.9757411e-16  1.4043092e-16  -2.4345105e-16  -5.7638746e-16  3.5243195e-16  2.3177585e-16  -6.9193052e-16  -9.8762426e-16  1.4502616e-16  1.7274995e-16  -9.8791163e-17  -4.9560804e-17  1.2565490e-16  2.9447845e-17  1.0000000   2.5560257e-16  -4.8306165e-16  -3.1770878e-16  2.3247203e-17  1.1230680e-15  -1.4631997e-16  3.3572588e-17  -6.2092111e-17  -5.8147036e-16  -5.6245467e-16  3.8534565e-16  3.8819977e-16  3.4430440e-16  -8.8033722e-18  1.8138649e-16  6.7539161e-16  
-7.0685528e-17  5.4124187e-16  -5.5172341e-16  5.2944225e-18  2.8499839e-16  4.6915369e-16  3.3878431e-17  7.3977092e-16  4.7997013e-16  -2.0428941e-16  -8.2438056e-17  -1.5136758e-16  -1.8996533e-16  7.6725151e-17  2.5560257e-16  1.0000000   -5.0592358e-17  -3.3657482e-16  -2.1973428e-16  8.0468953e-16  -2.8888395e-16  2.4030137e-16  1.1174421e-16  3.8118391e-16  -1.2498513e-16  -4.7655288e-16  -5.7600985e-17  6.6297882e-16  -1.3536582e-16  2.4988278e-16  -3.8728661e-17  -7.0685528e-17  5.4124187e-16  -5.5172341e-16  5.2944225e-18  2.8499839e-16  4.6915369e-16  3.3878431e-17  7.3977092e-16  4.7997013e-16  -2.0428941e-16  -8.2438056e-17  -1.5136758e-16  -1.8996533e-16  7.6725151e-17  2.5560257e-16  1.0000000   -5.0592358e-17  -3.3657482e-16  -2.1973428e-16  8.0468953e-16  -2.8888395e-16  2.4030137e-16  1.1174421e-16  3.8118391e-16  -1.2498513e-16  -4.7655288e-16  -5.7600985e-17  6.6297882e-16  -1.3536582e-16  2.4988278e-16  -3.8728661e-17  
5.7082719e-16  -4.4659011e-16  7.0138788e-17  -8.8316056e-16  4.8181704e-16  -5.0163025e-16  -1.4284440e-16  -5.0062560e-16  -3.9700080e-16  3.5349470e-16  5.5959586e-16  1.1080436e-16  2.5054620e-16  1.0377398e-16  -4.8306165e-16  -5.0592358e-17  1.0000000   1.6165342e-16  -1.5499665e-16  9.5931088e-16  6.1726924e-17  -1.9258033e-16  1.2146423e-16  -5.0219126e-16  -5.4144042e-16  8.9559831e-17  2.0631863e-16  5.3809996e-16  -3.3123393e-16  -7.0779754e-17  4.2749728e-16  5.7082719e-16  -4.4659011e-16  7.0138788e-17  -8.8316056e-16  4.8181704e-16  -5.0163025e-16  -1.4284440e-16  -5.0062560e-16  -3.9700080e-16  3.5349470e-16  5.5959586e-16  1.1080436e-16  2.5054620e-16  1.0377398e-16  -4.8306165e-16  -5.0592358e-17  1.0000000   1.6165342e-16  -1.5499665e-16  9.5931088e-16  6.1726924e-17  -1.9258033e-16  1.2146423e-16  -5.0219126e-16  -5.4144042e-16  8.9559831e-17  2.0631863e-16  5.3809996e-16  -3.3123393e-16  -7.0779754e-17  4.2749728e-16  
-1.5859513e-16  -3.7628739e-16  -1.6359342e-16  4.7141623e-16  6.7774659e-16  -3.8911807e-16  3.4664819e-17  4.2602937e-16  4.2392483e-16  6.8575880e-17  3.6722859e-16  2.9796282e-16  1.0578277e-15  8.2750288e-18  -3.1770878e-16  -3.3657482e-16  1.6165342e-16  1.0000000   1.5755352e-16  3.0049644e-16  -6.0481353e-16  1.3675926e-17  -1.4134826e-16  5.0118291e-16  -1.9669045e-16  3.7282218e-16  -5.3342112e-17  4.9066845e-16  8.7130844e-16  3.0962432e-16  -3.1351016e-16  -1.5859513e-16  -3.7628739e-16  -1.6359342e-16  4.7141623e-16  6.7774659e-16  -3.8911807e-16  3.4664819e-17  4.2602937e-16  4.2392483e-16  6.8575880e-17  3.6722859e-16  2.9796282e-16  1.0578277e-15  8.2750288e-18  -3.1770878e-16  -3.3657482e-16  1.6165342e-16  1.0000000   1.5755352e-16  3.0049644e-16  -6.0481353e-16  1.3675926e-17  -1.4134826e-16  5.0118291e-16  -1.9669045e-16  3.7282218e-16  -5.3342112e-17  4.9066845e-16  8.7130844e-16  3.0962432e-16  -3.1351016e-16  
3.2064780e-16  1.7706607e-16  2.5392835e-16  -6.4559195e-16  -2.5274411e-16  5.7677735e-16  7.4107247e-17  1.1064011e-16  -4.6067798e-18  3.0917380e-16  4.2602734e-16  1.6968058e-16  -2.8073871e-17  2.7637714e-17  2.3247203e-17  -2.1973428e-16  -1.5499665e-16  1.5755352e-16  1.0000000   -6.8769819e-17  -4.7937309e-16  4.3766874e-17  -6.1896904e-16  6.0895600e-16  1.1673338e-15  -5.9509794e-17  4.6738914e-17  6.5748078e-16  -2.6012015e-16  4.7745004e-16  -3.4212192e-16  3.2064780e-16  1.7706607e-16  2.5392835e-16  -6.4559195e-16  -2.5274411e-16  5.7677735e-16  7.4107247e-17  1.1064011e-16  -4.6067798e-18  3.0917380e-16  4.2602734e-16  1.6968058e-16  -2.8073871e-17  2.7637714e-17  2.3247203e-17  -2.1973428e-16  -1.5499665e-16  1.5755352e-16  1.0000000   -6.8769819e-17  -4.7937309e-16  4.3766874e-17  -6.1896904e-16  6.0895600e-16  1.1673338e-15  -5.9509794e-17  4.6738914e-17  6.5748078e-16  -2.6012015e-16  4.7745004e-16  -3.4212192e-16  
-1.4399390e-15  -7.5854133e-16  -1.5389598e-15  6.2519484e-16  6.8069586e-17  6.3866825e-16  -1.3018496e-16  -2.4274369e-16  1.0690212e-15  -1.0678743e-15  4.6742926e-17  2.5621785e-16  3.7910930e-16  4.4587960e-16  1.1230680e-15  8.0468953e-16  9.5931088e-16  3.0049644e-16  -6.8769819e-17  1.0000000   -7.4224444e-16  -1.4404520e-15  6.2150475e-16  -3.3173096e-16  -5.0852965e-16  7.4451311e-16  2.0035246e-16  1.3707421e-16  3.7085457e-16  9.7525496e-16  7.4718672e-16  -1.4399390e-15  -7.5854133e-16  -1.5389598e-15  6.2519484e-16  6.8069586e-17  6.3866825e-16  -1.3018496e-16  -2.4274369e-16  1.0690212e-15  -1.0678743e-15  4.6742926e-17  2.5621785e-16  3.7910930e-16  4.4587960e-16  1.1230680e-15  8.0468953e-16  9.5931088e-16  3.0049644e-16  -6.8769819e-17  1.0000000   -7.4224444e-16  -1.4404520e-15  6.2150475e-16  -3.3173096e-16  -5.0852965e-16  7.4451311e-16  2.0035246e-16  1.3707421e-16  3.7085457e-16  9.7525496e-16  7.4718672e-16  
5.0032563e-16  -3.6337009e-16  2.8587694e-16  -6.1717112e-16  -7.8132844e-17  -2.1870740e-16  -3.6975222e-17  -9.8708673e-16  -3.6279527e-16  4.0465418e-16  -5.4095349e-17  -1.5748978e-16  1.1803355e-16  2.7095734e-16  -1.4631997e-16  -2.8888395e-16  6.1726924e-17  -6.0481353e-16  -4.7937309e-16  -7.4224444e-16  1.0000000   4.7539150e-16  3.7624198e-17  -3.5475303e-16  7.6001575e-16  -1.3659635e-15  -3.5841963e-16  -1.0420280e-16  -2.3836724e-16  -3.4720689e-17  -7.4273011e-16  5.0032563e-16  -3.6337009e-16  2.8587694e-16  -6.1717112e-16  -7.8132844e-17  -2.1870740e-16  -3.6975222e-17  -9.8708673e-16  -3.6279527e-16  4.0465418e-16  -5.4095349e-17  -1.5748978e-16  1.1803355e-16  2.7095734e-16  -1.4631997e-16  -2.8888395e-16  6.1726924e-17  -6.0481353e-16  -4.7937309e-16  -7.4224444e-16  1.0000000   4.7539150e-16  3.7624198e-17  -3.5475303e-16  7.6001575e-16  -1.3659635e-15  -3.5841963e-16  -1.0420280e-16  -2.3836724e-16  -3.4720689e-17  -7.4273011e-16  
1.6179916e-16  3.8406168e-17  2.5764584e-16  1.6321564e-16  1.3957966e-16  8.6363866e-17  2.5524010e-16  -2.8606711e-16  -3.0563857e-17  1.3340827e-15  3.3585760e-16  -6.5686054e-16  -5.6755696e-16  8.9287516e-17  3.3572588e-17  2.4030137e-16  -1.9258033e-16  1.3675926e-17  4.3766874e-17  -1.4404520e-15  4.7539150e-16  1.0000000   3.0130165e-16  -5.0775601e-16  1.6865640e-16  -3.2857560e-16  1.5294841e-16  -4.2652940e-17  4.3952909e-16  -4.4085676e-17  2.0950942e-16  1.6179916e-16  3.8406168e-17  2.5764584e-16  1.6321564e-16  1.3957966e-16  8.6363866e-17  2.5524010e-16  -2.8606711e-16  -3.0563857e-17  1.3340827e-15  3.3585760e-16  -6.5686054e-16  -5.6755696e-16  8.9287516e-17  3.3572588e-17  2.4030137e-16  -1.9258033e-16  1.3675926e-17  4.3766874e-17  -1.4404520e-15  4.7539150e-16  1.0000000   3.0130165e-16  -5.0775601e-16  1.6865640e-16  -3.2857560e-16  1.5294841e-16  -4.2652940e-17  4.3952909e-16  -4.4085676e-17  2.0950942e-16  
-1.4553916e-16  3.2602090e-17  -2.2862778e-16  -3.3219764e-16  -1.0888432e-16  5.9521617e-17  -3.5079579e-16  1.7050751e-16  2.1717940e-16  -4.2849640e-16  5.1905891e-16  5.2687896e-16  -2.3267271e-16  5.9706469e-16  -6.2092111e-17  1.1174421e-16  1.2146423e-16  -1.4134826e-16  -6.1896904e-16  6.2150475e-16  3.7624198e-17  3.0130165e-16  1.0000000   -3.5375693e-16  3.1737799e-16  5.0330983e-16  -1.1003497e-16  -5.6831478e-16  2.1684386e-16  2.3040682e-16  3.1880357e-16  -1.4553916e-16  3.2602090e-17  -2.2862778e-16  -3.3219764e-16  -1.0888432e-16  5.9521617e-17  -3.5079579e-16  1.7050751e-16  2.1717940e-16  -4.2849640e-16  5.1905891e-16  5.2687896e-16  -2.3267271e-16  5.9706469e-16  -6.2092111e-17  1.1174421e-16  1.2146423e-16  -1.4134826e-16  -6.1896904e-16  6.2150475e-16  3.7624198e-17  3.0130165e-16  1.0000000   -3.5375693e-16  3.1737799e-16  5.0330983e-16  -1.1003497e-16  -5.6831478e-16  2.1684386e-16  2.3040682e-16  3.1880357e-16  
5.0133116e-16  -4.7164455e-16  6.4787819e-16  -3.2530755e-16  -1.8670594e-16  1.1909569e-15  7.7882414e-16  -8.4102576e-16  -6.0379393e-16  6.5425127e-16  -6.5537475e-16  1.3356533e-17  -4.6716912e-16  -3.5503797e-16  -5.8147036e-16  3.8118391e-16  -5.0219126e-16  5.0118291e-16  6.0895600e-16  -3.3173096e-16  -3.5475303e-16  -5.0775601e-16  -3.5375693e-16  1.0000000   6.1402015e-16  -5.4146998e-16  4.6624929e-16  -4.2414907e-16  -2.3293171e-16  -4.6977609e-16  -2.9776089e-16  5.0133116e-16  -4.7164455e-16  6.4787819e-16  -3.2530755e-16  -1.8670594e-16  1.1909569e-15  7.7882414e-16  -8.4102576e-16  -6.0379393e-16  6.5425127e-16  -6.5537475e-16  1.3356533e-17  -4.6716912e-16  -3.5503797e-16  -5.8147036e-16  3.8118391e-16  -5.0219126e-16  5.0118291e-16  6.0895600e-16  -3.3173096e-16  -3.5475303e-16  -5.0775601e-16  -3.5375693e-16  1.0000000   6.1402015e-16  -5.4146998e-16  4.6624929e-16  -4.2414907e-16  -2.3293171e-16  -4.6977609e-16  -2.9776089e-16  
-1.1194972e-16  -1.0855078e-17  1.5985124e-16  -1.6779365e-16  -3.5833152e-16  4.2035020e-16  4.8345665e-16  -3.1584102e-16  4.8930058e-16  2.1774380e-16  -7.8984868e-16  1.0593692e-16  -1.2540663e-16  3.4547732e-16  -5.6245467e-16  -1.2498513e-16  -5.4144042e-16  -1.9669045e-16  1.1673338e-15  -5.0852965e-16  7.6001575e-16  1.6865640e-16  3.1737799e-16  6.1402015e-16  1.0000000   -3.4244054e-16  2.2165656e-16  -6.9269044e-16  -5.0694932e-16  -2.7151086e-16  -2.3034868e-16  -1.1194972e-16  -1.0855078e-17  1.5985124e-16  -1.6779365e-16  -3.5833152e-16  4.2035020e-16  4.8345665e-16  -3.1584102e-16  4.8930058e-16  2.1774380e-16  -7.8984868e-16  1.0593692e-16  -1.2540663e-16  3.4547732e-16  -5.6245467e-16  -1.2498513e-16  -5.4144042e-16  -1.9669045e-16  1.1673338e-15  -5.0852965e-16  7.6001575e-16  1.6865640e-16  3.1737799e-16  6.1402015e-16  1.0000000   -3.4244054e-16  2.2165656e-16  -6.9269044e-16  -5.0694932e-16  -2.7151086e-16  -2.3034868e-16  
-7.7429778e-16  -4.1577658e-17  -1.3186703e-16  4.8873253e-16  2.3860791e-16  -1.7782248e-16  -4.2294471e-16  -1.2589028e-16  4.5525871e-16  -5.0187529e-16  5.3864286e-17  9.9972170e-17  4.0920759e-16  -6.0190404e-16  3.8534565e-16  -4.7655288e-16  8.9559831e-17  3.7282218e-16  -5.9509794e-17  7.4451311e-16  -1.3659635e-15  -3.2857560e-16  5.0330983e-16  -5.4146998e-16  -3.4244054e-16  1.0000000   2.2372921e-16  4.2413718e-16  8.5433326e-16  -5.2458242e-16  -1.3478870e-17  -7.7429778e-16  -4.1577658e-17  -1.3186703e-16  4.8873253e-16  2.3860791e-16  -1.7782248e-16  -4.2294471e-16  -1.2589028e-16  4.5525871e-16  -5.0187529e-16  5.3864286e-17  9.9972170e-17  4.0920759e-16  -6.0190404e-16  3.8534565e-16  -4.7655288e-16  8.9559831e-17  3.7282218e-16  -5.9509794e-17  7.4451311e-16  -1.3659635e-15  -3.2857560e-16  5.0330983e-16  -5.4146998e-16  -3.4244054e-16  1.0000000   2.2372921e-16  4.2413718e-16  8.5433326e-16  -5.2458242e-16  -1.3478870e-17  
-2.8510520e-17  -5.1667232e-16  1.7649802e-16  -6.5343774e-16  3.2918250e-16  3.0088332e-16  -4.4109912e-16  3.0750644e-17  3.5369132e-16  -6.5729065e-16  6.1013116e-17  -1.6415027e-16  -8.8734411e-17  5.0034231e-16  3.8819977e-16  -5.7600985e-17  2.0631863e-16  -5.3342112e-17  4.6738914e-17  2.0035246e-16  -3.5841963e-16  1.5294841e-16  -1.1003497e-16  4.6624929e-16  2.2165656e-16  2.2372921e-16  1.0000000   -1.4970567e-16  6.9792307e-16  -7.3804032e-17  -9.6066056e-17  -2.8510520e-17  -5.1667232e-16  1.7649802e-16  -6.5343774e-16  3.2918250e-16  3.0088332e-16  -4.4109912e-16  3.0750644e-17  3.5369132e-16  -6.5729065e-16  6.1013116e-17  -1.6415027e-16  -8.8734411e-17  5.0034231e-16  3.8819977e-16  -5.7600985e-17  2.0631863e-16  -5.3342112e-17  4.6738914e-17  2.0035246e-16  -3.5841963e-16  1.5294841e-16  -1.1003497e-16  4.6624929e-16  2.2165656e-16  2.2372921e-16  1.0000000   -1.4970567e-16  6.9792307e-16  -7.3804032e-17  -9.6066056e-17  
1.8481653e-16  4.2667814e-16  -2.9645676e-16  -9.9340984e-17  6.6068593e-16  -4.6549917e-17  7.0128324e-16  2.1436993e-17  -9.1296105e-17  1.1654636e-16  -1.9128902e-16  -4.8239693e-16  -2.5742449e-16  1.1623448e-16  3.4430440e-16  6.6297882e-16  5.3809996e-16  4.9066845e-16  6.5748078e-16  1.3707421e-16  -1.0420280e-16  -4.2652940e-17  -5.6831478e-16  -4.2414907e-16  -6.9269044e-16  4.2413718e-16  -1.4970567e-16  1.0000000   4.1325229e-17  3.0466443e-16  -7.1946165e-16  1.8481653e-16  4.2667814e-16  -2.9645676e-16  -9.9340984e-17  6.6068593e-16  -4.6549917e-17  7.0128324e-16  2.1436993e-17  -9.1296105e-17  1.1654636e-16  -1.9128902e-16  -4.8239693e-16  -2.5742449e-16  1.1623448e-16  3.4430440e-16  6.6297882e-16  5.3809996e-16  4.9066845e-16  6.5748078e-16  1.3707421e-16  -1.0420280e-16  -4.2652940e-17  -5.6831478e-16  -4.2414907e-16  -6.9269044e-16  4.2413718e-16  -1.4970567e-16  1.0000000   4.1325229e-17  3.0466443e-16  -7.1946165e-16  
-7.5878390e-16  2.4684980e-16  5.4870099e-17  1.1199214e-15  7.5607885e-17  -8.0830363e-16  2.9721202e-17  7.8691526e-16  1.8813663e-16  -1.9363641e-16  3.9065872e-16  -7.9022952e-16  -4.1132221e-17  -2.6624693e-16  -8.8033722e-18  -1.3536582e-16  -3.3123393e-16  8.7130844e-16  -2.6012015e-16  3.7085457e-16  -2.3836724e-16  4.3952909e-16  2.1684386e-16  -2.3293171e-16  -5.0694932e-16  8.5433326e-16  6.9792307e-16  4.1325229e-17  1.0000000   6.9479452e-16  -7.0067723e-17  -7.5878390e-16  2.4684980e-16  5.4870099e-17  1.1199214e-15  7.5607885e-17  -8.0830363e-16  2.9721202e-17  7.8691526e-16  1.8813663e-16  -1.9363641e-16  3.9065872e-16  -7.9022952e-16  -4.1132221e-17  -2.6624693e-16  -8.8033722e-18  -1.3536582e-16  -3.3123393e-16  8.7130844e-16  -2.6012015e-16  3.7085457e-16  -2.3836724e-16  4.3952909e-16  2.1684386e-16  -2.3293171e-16  -5.0694932e-16  8.5433326e-16  6.9792307e-16  4.1325229e-17  1.0000000   6.9479452e-16  -7.0067723e-17  
3.6119405e-16  6.4971439e-16  -5.4534989e-16  3.8563816e-16  3.8056670e-16  3.5963394e-16  -3.4767814e-17  3.1805575e-16  -2.8962646e-16  -1.9412629e-17  -4.2064597e-16  -8.8514883e-17  2.6198663e-17  -2.0600827e-16  1.8138649e-16  2.4988278e-16  -7.0779754e-17  3.0962432e-16  4.7745004e-16  9.7525496e-16  -3.4720689e-17  -4.4085676e-17  2.3040682e-16  -4.6977609e-16  -2.7151086e-16  -5.2458242e-16  -7.3804032e-17  3.0466443e-16  6.9479452e-16  1.0000000   3.0619545e-16  3.6119405e-16  6.4971439e-16  -5.4534989e-16  3.8563816e-16  3.8056670e-16  3.5963394e-16  -3.4767814e-17  3.1805575e-16  -2.8962646e-16  -1.9412629e-17  -4.2064597e-16  -8.8514883e-17  2.6198663e-17  -2.0600827e-16  1.8138649e-16  2.4988278e-16  -7.0779754e-17  3.0962432e-16  4.7745004e-16  9.7525496e-16  -3.4720689e-17  -4.4085676e-17  2.3040682e-16  -4.6977609e-16  -2.7151086e-16  -5.2458242e-16  -7.3804032e-17  3.0466443e-16  6.9479452e-16  1.0000000   3.0619545e-16  
8.1846832e-16  5.5032998e-17  -2.0126797e-16  -6.0653958e-16  -5.0786680e-17  7.8862079e-17  3.8708659e-16  -1.6717128e-16  2.9520706e-16  2.1212753e-16  -7.5426219e-16  -3.6381869e-16  -2.1628964e-16  3.2732897e-16  6.7539161e-16  -3.8728661e-17  4.2749728e-16  -3.1351016e-16  -3.4212192e-16  7.4718672e-16  -7.4273011e-16  2.0950942e-16  3.1880357e-16  -2.9776089e-16  -2.3034868e-16  -1.3478870e-17  -9.6066056e-17  -7.1946165e-16  -7.0067723e-17  3.0619545e-16  1.0000000   8.1846832e-16  5.5032998e-17  -2.0126797e-16  -6.0653958e-16  -5.0786680e-17  7.8862079e-17  3.8708659e-16  -1.6717128e-16  2.9520706e-16  2.1212753e-16  -7.5426219e-16  -3.6381869e-16  -2.1628964e-16  3.2732897e-16  6.7539161e-16  -3.8728661e-17  4.2749728e-16  -3.1351016e-16  -3.4212192e-16  7.4718672e-16  -7.4273011e-16  2.0950942e-16  3.1880357e-16  -2.9776089e-16  -2.3034868e-16  -1.3478870e-17  -9.6066056e-17  -7.1946165e-16  -7.0067723e-17  3.0619545e-16  1.0000000   
1.0000000   2.3219481e-16  1.0416905e-16  7.2366745e-17  -4.8109830e-17  7.5929112e-17  7.1281090e-16  -2.1881559e-16  5.1999127e-16  7.0419057e-16  4.5676915e-16  4.7788702e-16  8.3195409e-16  1.6027789e-17  -5.9757411e-16  -7.0685528e-17  5.7082719e-16  -1.5859513e-16  3.2064780e-16  -1.4399390e-15  5.0032563e-16  1.6179916e-16  -1.4553916e-16  5.0133116e-16  -1.1194972e-16  -7.7429778e-16  -2.8510520e-17  1.8481653e-16  -7.5878390e-16  3.6119405e-16  8.1846832e-16  1.0000000   2.3219481e-16  1.0416905e-16  7.2366745e-17  -4.8109830e-17  7.5929112e-17  7.1281090e-16  -2.1881559e-16  5.1999127e-16  7.0419057e-16  4.5676915e-16  4.7788702e-16  8.3195409e-16  1.6027789e-17  -5.9757411e-16  -7.0685528e-17  5.7082719e-16  -1.5859513e-16  3.2064780e-16  -1.4399390e-15  5.0032563e-16  1.6179916e-16  -1.4553916e-16  5.0133116e-16  -1.1194972e-16  -7.7429778e-16  -2.8510520e-17  1.8481653e-16  -7.5878390e-16  3.6119405e-16  8.1846832e-16  
2.3219481e-16  1.0000000   1.1130427e-15  6.1716859e-16  1.4256937e-16  -1.7805639e-16  7.6139742e-16  3.0051133e-17  -1.0222802e-16  2.7007344e-16  1.1805210e-15  -5.7451664e-17  -4.9713051e-16  4.6415592e-16  1.4043092e-16  5.4124187e-16  -4.4659011e-16  -3.7628739e-16  1.7706607e-16  -7.5854133e-16  -3.6337009e-16  3.8406168e-17  3.2602090e-17  -4.7164455e-16  -1.0855078e-17  -4.1577658e-17  -5.1667232e-16  4.2667814e-16  2.4684980e-16  6.4971439e-16  5.5032998e-17  2.3219481e-16  1.0000000   1.1130427e-15  6.1716859e-16  1.4256937e-16  -1.7805639e-16  7.6139742e-16  3.0051133e-17  -1.0222802e-16  2.7007344e-16  1.1805210e-15  -5.7451664e-17  -4.9713051e-16  4.6415592e-16  1.4043092e-16  5.4124187e-16  -4.4659011e-16  -3.7628739e-16  1.7706607e-16  -7.5854133e-16  -3.6337009e-16  3.8406168e-17  3.2602090e-17  -4.7164455e-16  -1.0855078e-17  -4.1577658e-17  -5.1667232e-16  4.2667814e-16  2.4684980e-16  6.4971439e-16  5.5032998e-17  
1.0416905e-16  1.1130427e-15  1.0000000   5.3119320e-16  4.1891254e-16  6.0845904e-17  2.0470501e-16  3.7980616e-16  1.7333047e-17  8.5840256e-17  -3.4543127e-16  -7.6067595e-17  4.1771053e-17  1.8574034e-16  -2.4345105e-16  -5.5172341e-16  7.0138788e-17  -1.6359342e-16  2.5392835e-16  -1.5389598e-15  2.8587694e-16  2.5764584e-16  -2.2862778e-16  6.4787819e-16  1.5985124e-16  -1.3186703e-16  1.7649802e-16  -2.9645676e-16  5.4870099e-17  -5.4534989e-16  -2.0126797e-16  1.0416905e-16  1.1130427e-15  1.0000000   5.3119320e-16  4.1891254e-16  6.0845904e-17  2.0470501e-16  3.7980616e-16  1.7333047e-17  8.5840256e-17  -3.4543127e-16  -7.6067595e-17  4.1771053e-17  1.8574034e-16  -2.4345105e-16  -5.5172341e-16  7.0138788e-17  -1.6359342e-16  2.5392835e-16  -1.5389598e-15  2.8587694e-16  2.5764584e-16  -2.2862778e-16  6.4787819e-16  1.5985124e-16  -1.3186703e-16  1.7649802e-16  -2.9645676e-16  5.4870099e-17  -5.4534989e-16  -2.0126797e-16  
7.2366745e-17  6.1716859e-16  5.3119320e-16  1.0000000   1.3808302e-16  -2.0506994e-16  2.8072985e-17  1.3774424e-15  3.2040506e-16  -3.0967833e-16  3.1491544e-16  5.8555764e-16  1.3566300e-16  3.8419835e-16  -5.7638746e-16  5.2944225e-18  -8.8316056e-16  4.7141623e-16  -6.4559195e-16  6.2519484e-16  -6.1717112e-16  1.6321564e-16  -3.3219764e-16  -3.2530755e-16  -1.6779365e-16  4.8873253e-16  -6.5343774e-16  -9.9340984e-17  1.1199214e-15  3.8563816e-16  -6.0653958e-16  7.2366745e-17  6.1716859e-16  5.3119320e-16  1.0000000   1.3808302e-16  -2.0506994e-16  2.8072985e-17  1.3774424e-15  3.2040506e-16  -3.0967833e-16  3.1491544e-16  5.8555764e-16  1.3566300e-16  3.8419835e-16  -5.7638746e-16  5.2944225e-18  -8.8316056e-16  4.7141623e-16  -6.4559195e-16  6.2519484e-16  -6.1717112e-16  1.6321564e-16  -3.3219764e-16  -3.2530755e-16  -1.6779365e-16  4.8873253e-16  -6.5343774e-16  -9.9340984e-17  1.1199214e-15  3.8563816e-16  -6.0653958e-16  
-4.8109830e-17  1.4256937e-16  4.1891254e-16  1.3808302e-16  1.0000000   -3.4377426e-16  4.1314955e-16  7.9360615e-16  -2.8300697e-16  2.1195422e-16  2.1331543e-16  7.5857055e-16  -2.2455264e-16  -3.3413397e-16  3.5243195e-16  2.8499839e-16  4.8181704e-16  6.7774659e-16  -2.5274411e-16  6.8069586e-17  -7.8132844e-17  1.3957966e-16  -1.0888432e-16  -1.8670594e-16  -3.5833152e-16  2.3860791e-16  3.2918250e-16  6.6068593e-16  7.5607885e-17  3.8056670e-16  -5.0786680e-17  -4.8109830e-17  1.4256937e-16  4.1891254e-16  1.3808302e-16  1.0000000   -3.4377426e-16  4.1314955e-16  7.9360615e-16  -2.8300697e-16  2.1195422e-16  2.1331543e-16  7.5857055e-16  -2.2455264e-16  -3.3413397e-16  3.5243195e-16  2.8499839e-16  4.8181704e-16  6.7774659e-16  -2.5274411e-16  6.8069586e-17  -7.8132844e-17  1.3957966e-16  -1.0888432e-16  -1.8670594e-16  -3.5833152e-16  2.3860791e-16  3.2918250e-16  6.6068593e-16  7.5607885e-17  3.8056670e-16  -5.0786680e-17  
7.5929112e-17  -1.7805639e-16  6.0845904e-17  -2.0506994e-16  -3.4377426e-16  1.0000000   -5.4186940e-16  -9.4504381e-16  2.2705535e-17  -1.0121830e-15  -3.1234144e-16  2.8657668e-16  -5.7405253e-16  6.0182912e-17  2.3177585e-16  4.6915369e-16  -5.0163025e-16  -3.8911807e-16  5.7677735e-16  6.3866825e-16  -2.1870740e-16  8.6363866e-17  5.9521617e-17  1.1909569e-15  4.2035020e-16  -1.7782248e-16  3.0088332e-16  -4.6549917e-17  -8.0830363e-16  3.5963394e-16  7.8862079e-17  7.5929112e-17  -1.7805639e-16  6.0845904e-17  -2.0506994e-16  -3.4377426e-16  1.0000000   -5.4186940e-16  -9.4504381e-16  2.2705535e-17  -1.0121830e-15  -3.1234144e-16  2.8657668e-16  -5.7405253e-16  6.0182912e-17  2.3177585e-16  4.6915369e-16  -5.0163025e-16  -3.8911807e-16  5.7677735e-16  6.3866825e-16  -2.1870740e-16  8.6363866e-17  5.9521617e-17  1.1909569e-15  4.2035020e-16  -1.7782248e-16  3.0088332e-16  -4.6549917e-17  -8.0830363e-16  3.5963394e-16  7.8862079e-17  
7.1281090e-16  7.6139742e-16  2.0470501e-16  2.8072985e-17  4.1314955e-16  -5.4186940e-16  1.0000000   7.9211110e-16  -2.2417671e-16  7.0952997e-16  7.0588124e-17  3.6915177e-16  -2.7347267e-16  -4.1613453e-16  -6.9193052e-16  3.3878431e-17  -1.4284440e-16  3.4664819e-17  7.4107247e-17  -1.3018496e-16  -3.6975222e-17  2.5524010e-16  -3.5079579e-16  7.7882414e-16  4.8345665e-16  -4.2294471e-16  -4.4109912e-16  7.0128324e-16  2.9721202e-17  -3.4767814e-17  3.8708659e-16  7.1281090e-16  7.6139742e-16  2.0470501e-16  2.8072985e-17  4.1314955e-16  -5.4186940e-16  1.0000000   7.9211110e-16  -2.2417671e-16  7.0952997e-16  7.0588124e-17  3.6915177e-16  -2.7347267e-16  -4.1613453e-16  -6.9193052e-16  3.3878431e-17  -1.4284440e-16  3.4664819e-17  7.4107247e-17  -1.3018496e-16  -3.6975222e-17  2.5524010e-16  -3.5079579e-16  7.7882414e-16  4.8345665e-16  -4.2294471e-16  -4.4109912e-16  7.0128324e-16  2.9721202e-17  -3.4767814e-17  3.8708659e-16  
-2.1881559e-16  3.0051133e-17  3.7980616e-16  1.3774424e-15  7.9360615e-16  -9.4504381e-16  7.9211110e-16  1.0000000   -7.2443972e-16  2.0386306e-17  7.3190119e-16  3.3384646e-16  1.5018368e-16  -1.3124105e-16  -9.8762426e-16  7.3977092e-16  -5.0062560e-16  4.2602937e-16  1.1064011e-16  -2.4274369e-16  -9.8708673e-16  -2.8606711e-16  1.7050751e-16  -8.4102576e-16  -3.1584102e-16  -1.2589028e-16  3.0750644e-17  2.1436993e-17  7.8691526e-16  3.1805575e-16  -1.6717128e-16  -2.1881559e-16  3.0051133e-17  3.7980616e-16  1.3774424e-15  7.9360615e-16  -9.4504381e-16  7.9211110e-16  1.0000000   -7.2443972e-16  2.0386306e-17  7.3190119e-16  3.3384646e-16  1.5018368e-16  -1.3124105e-16  -9.8762426e-16  7.3977092e-16  -5.0062560e-16  4.2602937e-16  1.1064011e-16  -2.4274369e-16  -9.8708673e-16  -2.8606711e-16  1.7050751e-16  -8.4102576e-16  -3.1584102e-16  -1.2589028e-16  3.0750644e-17  2.1436993e-17  7.8691526e-16  3.1805575e-16  -1.6717128e-16  
5.1999127e-16  -1.0222802e-16  1.7333047e-17  3.2040506e-16  -2.8300697e-16  2.2705535e-17  -2.2417671e-16  -7.2443972e-16  1.0000000   2.1248591e-16  9.2483996e-17  4.7483096e-17  2.4891664e-16  3.4065567e-16  1.4502616e-16  4.7997013e-16  -3.9700080e-16  4.2392483e-16  -4.6067798e-18  1.0690212e-15  -3.6279527e-16  -3.0563857e-17  2.1717940e-16  -6.0379393e-16  4.8930058e-16  4.5525871e-16  3.5369132e-16  -9.1296105e-17  1.8813663e-16  -2.8962646e-16  2.9520706e-16  5.1999127e-16  -1.0222802e-16  1.7333047e-17  3.2040506e-16  -2.8300697e-16  2.2705535e-17  -2.2417671e-16  -7.2443972e-16  1.0000000   2.1248591e-16  9.2483996e-17  4.7483096e-17  2.4891664e-16  3.4065567e-16  1.4502616e-16  4.7997013e-16  -3.9700080e-16  4.2392483e-16  -4.6067798e-18  1.0690212e-15  -3.6279527e-16  -3.0563857e-17  2.1717940e-16  -6.0379393e-16  4.8930058e-16  4.5525871e-16  3.5369132e-16  -9.1296105e-17  1.8813663e-16  -2.8962646e-16  2.9520706e-16  
7.0419057e-16  2.7007344e-16  8.5840256e-17  -3.0967833e-16  2.1195422e-16  -1.0121830e-15  7.0952997e-16  2.0386306e-17  2.1248591e-16  1.0000000   3.1230587e-16  -6.8892831e-16  3.6657740e-16  8.0923923e-17  1.7274995e-16  -2.0428941e-16  3.5349470e-16  6.8575880e-17  3.0917380e-16  -1.0678743e-15  4.0465418e-16  1.3340827e-15  -4.2849640e-16  6.5425127e-16  2.1774380e-16  -5.0187529e-16  -6.5729065e-16  1.1654636e-16  -1.9363641e-16  -1.9412629e-17  2.1212753e-16  7.0419057e-16  2.7007344e-16  8.5840256e-17  -3.0967833e-16  2.1195422e-16  -1.0121830e-15  7.0952997e-16  2.0386306e-17  2.1248591e-16  1.0000000   3.1230587e-16  -6.8892831e-16  3.6657740e-16  8.0923923e-17  1.7274995e-16  -2.0428941e-16  3.5349470e-16  6.8575880e-17  3.0917380e-16  -1.0678743e-15  4.0465418e-16  1.3340827e-15  -4.2849640e-16  6.5425127e-16  2.1774380e-16  -5.0187529e-16  -6.5729065e-16  1.1654636e-16  -1.9363641e-16  -1.9412629e-17  2.1212753e-16  
4.5676915e-16  1.1805210e-15  -3.4543127e-16  3.1491544e-16  2.1331543e-16  -3.1234144e-16  7.0588124e-17  7.3190119e-16  9.2483996e-17  3.1230587e-16  1.0000000   -5.1662043e-16  -8.1633788e-17  6.2794045e-17  -9.8791163e-17  -8.2438056e-17  5.5959586e-16  3.6722859e-16  4.2602734e-16  4.6742926e-17  -5.4095349e-17  3.3585760e-16  5.1905891e-16  -6.5537475e-16  -7.8984868e-16  5.3864286e-17  6.1013116e-17  -1.9128902e-16  3.9065872e-16  -4.2064597e-16  -7.5426219e-16  4.5676915e-16  1.1805210e-15  -3.4543127e-16  3.1491544e-16  2.1331543e-16  -3.1234144e-16  7.0588124e-17  7.3190119e-16  9.2483996e-17  3.1230587e-16  1.0000000   -5.1662043e-16  -8.1633788e-17  6.2794045e-17  -9.8791163e-17  -8.2438056e-17  5.5959586e-16  3.6722859e-16  4.2602734e-16  4.6742926e-17  -5.4095349e-17  3.3585760e-16  5.1905891e-16  -6.5537475e-16  -7.8984868e-16  5.3864286e-17  6.1013116e-17  -1.9128902e-16  3.9065872e-16  -4.2064597e-16  -7.5426219e-16  
