1.0000000   -5.3896048e-16  -3.8599443e-16  -1.0969967e-16  1.4880296e-16  -8.8602912e-17  -4.6043269e-16  5.9308425e-16  1.8731067e-16  -7.2317622e-17  -4.5810128e-16  -1.5445334e-16  -1.2402280e-15  -1.2168731e-16  2.0403282e-16  -1.7373859e-17  -1.1270196e-16  5.6766191e-16  -1.6494850e-16  2.0943406e-17  -3.6074976e-16  5.2197390e-17  -8.5171009e-17  1.0283986e-16  2.1799752e-16  -4.6867994e-16  -2.4911296e-16  1.2441393e-16  3.3376734e-16  1.5051153e-16  3.4014115e-17  1.0000000   -5.3896048e-16  -3.8599443e-16  -1.0969967e-16  1.4880296e-16  -8.8602912e-17  -4.6043269e-16  5.9308425e-16  1.8731067e-16  -7.2317622e-17  -4.5810128e-16  -1.5445334e-16  -1.2402280e-15  -1.2168731e-16  2.0403282e-16  -1.7373859e-17  -1.1270196e-16  5.6766191e-16  -1.6494850e-16  2.0943406e-17  -3.6074976e-16  5.2197390e-17  -8.5171009e-17  1.0283986e-16  2.1799752e-16  -4.6867994e-16  -2.4911296e-16  1.2441393e-16  3.3376734e-16  1.5051153e-16  3.4014115e-17  
-5.3896048e-16  1.0000000   2.2652832e-16  -2.4699597e-16  7.6255102e-16  1.6545290e-17  5.1064809e-16  3.1217339e-16  -5.6263232e-16  -2.7505060e-16  1.9819892e-16  1.9922718e-16  2.4983970e-16  8.4163940e-17  3.6260974e-16  -2.3936249e-16  -5.0590231e-17  -5.5341361e-16  -3.2289385e-16  -5.4821375e-16  -2.6009414e-17  5.1312529e-16  -2.2154653e-16  -2.1440910e-16  1.4667220e-16  -3.4974607e-16  2.1397444e-16  3.3762389e-17  -4.6341430e-16  -2.8697425e-17  -1.8484346e-16  -5.3896048e-16  1.0000000   2.2652832e-16  -2.4699597e-16  7.6255102e-16  1.6545290e-17  5.1064809e-16  3.1217339e-16  -5.6263232e-16  -2.7505060e-16  1.9819892e-16  1.9922718e-16  2.4983970e-16  8.4163940e-17  3.6260974e-16  -2.3936249e-16  -5.0590231e-17  -5.5341361e-16  -3.2289385e-16  -5.4821375e-16  -2.6009414e-17  5.1312529e-16  -2.2154653e-16  -2.1440910e-16  1.4667220e-16  -3.4974607e-16  2.1397444e-16  3.3762389e-17  -4.6341430e-16  -2.8697425e-17  -1.8484346e-16  
-3.8599443e-16  2.2652832e-16  1.0000000   -2.3294796e-16  5.5574153e-17  1.8164081e-16  -5.3650745e-16  -2.1312590e-17  5.2482192e-16  4.4017758e-17  2.1734334e-16  -5.8980658e-17  -2.6787020e-16  2.3653714e-16  2.0900954e-16  1.7493078e-16  5.9614631e-16  -3.8579633e-16  -5.2976717e-16  3.2155373e-16  -1.3797584e-16  2.7240568e-16  3.3286918e-16  -2.1302566e-16  5.7245035e-16  -1.5544482e-16  1.2262028e-17  -2.1341261e-16  2.9056949e-16  9.5554374e-16  4.6413290e-16  -3.8599443e-16  2.2652832e-16  1.0000000   -2.3294796e-16  5.5574153e-17  1.8164081e-16  -5.3650745e-16  -2.1312590e-17  5.2482192e-16  4.4017758e-17  2.1734334e-16  -5.8980658e-17  -2.6787020e-16  2.3653714e-16  2.0900954e-16  1.7493078e-16  5.9614631e-16  -3.8579633e-16  -5.2976717e-16  3.2155373e-16  -1.3797584e-16  2.7240568e-16  3.3286918e-16  -2.1302566e-16  5.7245035e-16  -1.5544482e-16  1.2262028e-17  -2.1341261e-16  2.9056949e-16  9.5554374e-16  4.6413290e-16  
-1.0969967e-16  -2.4699597e-16  -2.3294796e-16  1.0000000   -3.9562148e-16  -6.0692167e-16  -5.0646083e-16  -9.1636181e-16  -5.5972191e-17  6.6257242e-16  9.8564096e-17  -4.0297047e-16  1.7413256e-16  -4.9019385e-18  1.4609601e-17  -4.1871919e-16  8.1907257e-16  -1.4397515e-16  1.9111494e-16  5.6704862e-16  -4.4673460e-16  2.0185528e-16  3.4293395e-16  5.9867008e-17  -7.9945514e-17  9.2934128e-16  -4.5463282e-17  -2.9529030e-16  -2.4564131e-16  6.2850353e-16  -5.6788904e-16  -1.0969967e-16  -2.4699597e-16  -2.3294796e-16  1.0000000   -3.9562148e-16  -6.0692167e-16  -5.0646083e-16  -9.1636181e-16  -5.5972191e-17  6.6257242e-16  9.8564096e-17  -4.0297047e-16  1.7413256e-16  -4.9019385e-18  1.4609601e-17  -4.1871919e-16  8.1907257e-16  -1.4397515e-16  1.9111494e-16  5.6704862e-16  -4.4673460e-16  2.0185528e-16  3.4293395e-16  5.9867008e-17  -7.9945514e-17  9.2934128e-16  -4.5463282e-17  -2.9529030e-16  -2.4564131e-16  6.2850353e-16  -5.6788904e-16  
1.4880296e-16  7.6255102e-16  5.5574153e-17  -3.9562148e-16  1.0000000   5.1571522e-16  -3.0489422e-16  -7.1658034e-16  -4.4049370e-16  3.2648855e-16  -5.0898488e-16  1.0524508e-16  -2.4026508e-16  -4.2531385e-16  -4.3399198e-16  -2.9019312e-16  4.3955031e-16  2.0274795e-16  2.9781100e-16  6.0733503e-17  6.4116204e-17  1.3432205e-16  4.3314543e-16  -2.1991144e-16  -6.8599532e-17  -1.0835512e-16  1.1493456e-16  -2.0439170e-16  3.4391330e-16  -5.0157723e-16  2.3658632e-16  1.4880296e-16  7.6255102e-16  5.5574153e-17  -3.9562148e-16  1.0000000   5.1571522e-16  -3.0489422e-16  -7.1658034e-16  -4.4049370e-16  3.2648855e-16  -5.0898488e-16  1.0524508e-16  -2.4026508e-16  -4.2531385e-16  -4.3399198e-16  -2.9019312e-16  4.3955031e-16  2.0274795e-16  2.9781100e-16  6.0733503e-17  6.4116204e-17  1.3432205e-16  4.3314543e-16  -2.1991144e-16  -6.8599532e-17  -1.0835512e-16  1.1493456e-16  -2.0439170e-16  3.4391330e-16  -5.0157723e-16  2.3658632e-16  
-8.8602912e-17  1.6545290e-17  1.8164081e-16  -6.0692167e-16  5.1571522e-16  1.0000000   7.7954324e-16  9.7621013e-17  3.1959846e-17  -4.9134862e-16  -2.4281984e-16  6.6730910e-16  4.4185023e-16  -1.3617014e-16  1.5467749e-16  2.5603401e-16  -2.8138185e-16  9.2223847e-17  8.0600685e-16  -9.7059838e-17  1.7330939e-17  5.3711697e-16  -3.1747691e-16  2.3794909e-16  3.6760603e-16  7.4917737e-16  4.2702039e-16  3.3852151e-16  6.7100276e-17  3.1078754e-16  -6.3862254e-17  -8.8602912e-17  1.6545290e-17  1.8164081e-16  -6.0692167e-16  5.1571522e-16  1.0000000   7.7954324e-16  9.7621013e-17  3.1959846e-17  -4.9134862e-16  -2.4281984e-16  6.6730910e-16  4.4185023e-16  -1.3617014e-16  1.5467749e-16  2.5603401e-16  -2.8138185e-16  9.2223847e-17  8.0600685e-16  -9.7059838e-17  1.7330939e-17  5.3711697e-16  -3.1747691e-16  2.3794909e-16  3.6760603e-16  7.4917737e-16  4.2702039e-16  3.3852151e-16  6.7100276e-17  3.1078754e-16  -6.3862254e-17  
-4.6043269e-16  5.1064809e-16  -5.3650745e-16  -5.0646083e-16  -3.0489422e-16  7.7954324e-16  1.0000000   -9.4373024e-16  3.2161597e-16  1.3946924e-16  2.8832871e-16  3.0907835e-18  5.8548345e-16  -4.4826936e-16  -3.6935245e-16  -1.8480900e-16  -1.4472320e-16  -2.5883844e-16  -6.3172771e-16  4.4434697e-16  -3.4693637e-16  -2.9601271e-16  1.1216613e-15  2.7500358e-16  8.8325280e-16  3.0004968e-16  6.4485472e-16  -4.0122679e-16  1.5882957e-16  -1.2325920e-15  6.1877775e-16  -4.6043269e-16  5.1064809e-16  -5.3650745e-16  -5.0646083e-16  -3.0489422e-16  7.7954324e-16  1.0000000   -9.4373024e-16  3.2161597e-16  1.3946924e-16  2.8832871e-16  3.0907835e-18  5.8548345e-16  -4.4826936e-16  -3.6935245e-16  -1.8480900e-16  -1.4472320e-16  -2.5883844e-16  -6.3172771e-16  4.4434697e-16  -3.4693637e-16  -2.9601271e-16  1.1216613e-15  2.7500358e-16  8.8325280e-16  3.0004968e-16  6.4485472e-16  -4.0122679e-16  1.5882957e-16  -1.2325920e-15  6.1877775e-16  
5.9308425e-16  3.1217339e-16  -2.1312590e-17  -9.1636181e-16  -7.1658034e-16  9.7621013e-17  -9.4373024e-16  1.0000000   -2.7779719e-16  -4.1814104e-16  9.4831261e-18  -5.4928329e-16  9.2222454e-17  3.3198206e-16  7.6237633e-16  8.0010244e-16  -3.2276383e-16  3.0533437e-16  5.6778316e-16  -8.6887442e-17  3.9749561e-16  -6.1438454e-16  9.8462559e-16  4.4021530e-16  3.9333372e-16  1.1339269e-15  -1.2116204e-17  -1.8903183e-16  3.5112818e-16  -8.3759951e-16  -6.8171763e-16  5.9308425e-16  3.1217339e-16  -2.1312590e-17  -9.1636181e-16  -7.1658034e-16  9.7621013e-17  -9.4373024e-16  1.0000000   -2.7779719e-16  -4.1814104e-16  9.4831261e-18  -5.4928329e-16  9.2222454e-17  3.3198206e-16  7.6237633e-16  8.0010244e-16  -3.2276383e-16  3.0533437e-16  5.6778316e-16  -8.6887442e-17  3.9749561e-16  -6.1438454e-16  9.8462559e-16  4.4021530e-16  3.9333372e-16  1.1339269e-15  -1.2116204e-17  -1.8903183e-16  3.5112818e-16  -8.3759951e-16  -6.8171763e-16  
1.8731067e-16  -5.6263232e-16  5.2482192e-16  -5.5972191e-17  -4.4049370e-16  3.1959846e-17  3.2161597e-16  -2.7779719e-16  1.0000000   5.8729837e-17  -7.4385307e-17  -2.7617576e-16  -2.5041442e-16  2.2027993e-16  4.7059392e-16  2.6471975e-16  5.8573324e-16  9.0587464e-16  -2.5546327e-16  -3.8283861e-16  4.2161683e-16  -1.3653733e-16  9.5017003e-17  -9.9795690e-17  3.5503190e-16  1.3973330e-17  -5.7908208e-16  2.7062479e-16  3.1549485e-17  -4.3381701e-17  1.1653680e-16  1.8731067e-16  -5.6263232e-16  5.2482192e-16  -5.5972191e-17  -4.4049370e-16  3.1959846e-17  3.2161597e-16  -2.7779719e-16  1.0000000   5.8729837e-17  -7.4385307e-17  -2.7617576e-16  -2.5041442e-16  2.2027993e-16  4.7059392e-16  2.6471975e-16  5.8573324e-16  9.0587464e-16  -2.5546327e-16  -3.8283861e-16  4.2161683e-16  -1.3653733e-16  9.5017003e-17  -9.9795690e-17  3.5503190e-16  1.3973330e-17  -5.7908208e-16  2.7062479e-16  3.1549485e-17  -4.3381701e-17  1.1653680e-16  
-7.2317622e-17  -2.7505060e-16  4.4017758e-17  6.6257242e-16  3.2648855e-16  -4.9134862e-16  1.3946924e-16  -4.1814104e-16  5.8729837e-17  1.0000000   -5.1952316e-16  2.6649295e-16  -5.6485271e-16  2.0452103e-16  -3.8120241e-16  6.6737199e-16  7.4250090e-16  -1.6035927e-16  -6.0906976e-17  4.2952055e-17  1.7379564e-16  3.7794851e-16  2.9532338e-16  -8.4196831e-16  -3.0928423e-16  -2.4176372e-17  -3.8368221e-16  -2.9940885e-16  -7.3525775e-17  3.1119842e-16  -3.6108223e-16  -7.2317622e-17  -2.7505060e-16  4.4017758e-17  6.6257242e-16  3.2648855e-16  -4.9134862e-16  1.3946924e-16  -4.1814104e-16  5.8729837e-17  1.0000000   -5.1952316e-16  2.6649295e-16  -5.6485271e-16  2.0452103e-16  -3.8120241e-16  6.6737199e-16  7.4250090e-16  -1.6035927e-16  -6.0906976e-17  4.2952055e-17  1.7379564e-16  3.7794851e-16  2.9532338e-16  -8.4196831e-16  -3.0928423e-16  -2.4176372e-17  -3.8368221e-16  -2.9940885e-16  -7.3525775e-17  3.1119842e-16  -3.6108223e-16  
-4.5810128e-16  1.9819892e-16  2.1734334e-16  9.8564096e-17  -5.0898488e-16  -2.4281984e-16  2.8832871e-16  9.4831261e-18  -7.4385307e-17  -5.1952316e-16  1.0000000   7.7676887e-16  8.8907387e-17  2.1981941e-16  3.1401319e-16  -1.7367523e-16  -2.5856215e-16  -6.7411359e-17  -1.9056047e-16  -2.6991763e-16  6.5498155e-16  -8.2693577e-19  -1.3948918e-16  1.0706742e-16  -1.1714010e-15  2.2557162e-17  2.5105361e-16  -2.9227489e-16  2.0713573e-16  1.0812395e-15  5.4083667e-16  -4.5810128e-16  1.9819892e-16  2.1734334e-16  9.8564096e-17  -5.0898488e-16  -2.4281984e-16  2.8832871e-16  9.4831261e-18  -7.4385307e-17  -5.1952316e-16  1.0000000   7.7676887e-16  8.8907387e-17  2.1981941e-16  3.1401319e-16  -1.7367523e-16  -2.5856215e-16  -6.7411359e-17  -1.9056047e-16  -2.6991763e-16  6.5498155e-16  -8.2693577e-19  -1.3948918e-16  1.0706742e-16  -1.1714010e-15  2.2557162e-17  2.5105361e-16  -2.9227489e-16  2.0713573e-16  1.0812395e-15  5.4083667e-16  
-1.5445334e-16  1.9922718e-16  -5.8980658e-17  -4.0297047e-16  1.0524508e-16  6.6730910e-16  3.0907835e-18  -5.4928329e-16  -2.7617576e-16  2.6649295e-16  7.7676887e-16  1.0000000   4.4748387e-18  4.2953381e-16  -2.2185858e-17  2.1161112e-16  -2.0195201e-17  -6.2331893e-16  3.8825734e-16  -3.4544639e-16  -3.9542559e-16  1.7764150e-16  1.0226716e-15  6.6960623e-16  -3.1250628e-16  -7.5953160e-16  3.9120436e-16  -6.9164463e-16  -2.2007217e-16  -1.6243520e-16  1.1875765e-15  -1.5445334e-16  1.9922718e-16  -5.8980658e-17  -4.0297047e-16  1.0524508e-16  6.6730910e-16  3.0907835e-18  -5.4928329e-16  -2.7617576e-16  2.6649295e-16  7.7676887e-16  1.0000000   4.4748387e-18  4.2953381e-16  -2.2185858e-17  2.1161112e-16  -2.0195201e-17  -6.2331893e-16  3.8825734e-16  -3.4544639e-16  -3.9542559e-16  1.7764150e-16  1.0226716e-15  6.6960623e-16  -3.1250628e-16  -7.5953160e-16  3.9120436e-16  -6.9164463e-16  -2.2007217e-16  -1.6243520e-16  1.1875765e-15  
-1.2402280e-15  2.4983970e-16  -2.6787020e-16  1.7413256e-16  -2.4026508e-16  4.4185023e-16  5.8548345e-16  9.2222454e-17  -2.5041442e-16  -5.6485271e-16  8.8907387e-17  4.4748387e-18  1.0000000   2.7960552e-16  -4.1880601e-17  7.4324395e-17  -4.2885553e-16  -5.3497334e-16  -1.2352132e-16  7.4394553e-16  2.9701719e-16  5.2613796e-17  2.1712297e-16  -2.7981175e-16  1.3690249e-17  -4.6085011e-18  4.5944559e-16  -3.4864359e-16  -5.9375774e-16  6.5920786e-16  1.4835897e-16  -1.2402280e-15  2.4983970e-16  -2.6787020e-16  1.7413256e-16  -2.4026508e-16  4.4185023e-16  5.8548345e-16  9.2222454e-17  -2.5041442e-16  -5.6485271e-16  8.8907387e-17  4.4748387e-18  1.0000000   2.7960552e-16  -4.1880601e-17  7.4324395e-17  -4.2885553e-16  -5.3497334e-16  -1.2352132e-16  7.4394553e-16  2.9701719e-16  5.2613796e-17  2.1712297e-16  -2.7981175e-16  1.3690249e-17  -4.6085011e-18  4.5944559e-16  -3.4864359e-16  -5.9375774e-16  6.5920786e-16  1.4835897e-16  
-1.2168731e-16  8.4163940e-17  2.3653714e-16  -4.9019385e-18  -4.2531385e-16  -1.3617014e-16  -4.4826936e-16  3.3198206e-16  2.2027993e-16  2.0452103e-16  2.1981941e-16  4.2953381e-16  2.7960552e-16  1.0000000   5.4607746e-16  3.0942082e-17  5.9698946e-16  2.2486005e-17  -4.3014768e-16  -5.9667754e-16  -1.7962237e-16  -2.8857996e-17  -3.3487753e-16  -1.0236750e-15  -3.5736450e-16  -2.2556064e-17  3.6617322e-16  -6.6466413e-16  3.4585542e-16  4.3738528e-16  -4.7991678e-16  -1.2168731e-16  8.4163940e-17  2.3653714e-16  -4.9019385e-18  -4.2531385e-16  -1.3617014e-16  -4.4826936e-16  3.3198206e-16  2.2027993e-16  2.0452103e-16  2.1981941e-16  4.2953381e-16  2.7960552e-16  1.0000000   5.4607746e-16  3.0942082e-17  5.9698946e-16  2.2486005e-17  -4.3014768e-16  -5.9667754e-16  -1.7962237e-16  -2.8857996e-17  -3.3487753e-16  -1.0236750e-15  -3.5736450e-16  -2.2556064e-17  3.6617322e-16  -6.6466413e-16  3.4585542e-16  4.3738528e-16  -4.7991678e-16  
2.0403282e-16  3.6260974e-16  2.0900954e-16  1.4609601e-17  -4.3399198e-16  1.5467749e-16  -3.6935245e-16  7.6237633e-16  4.7059392e-16  -3.8120241e-16  3.1401319e-16  -2.2185858e-17  -4.1880601e-17  5.4607746e-16  1.0000000   -4.2827908e-16  -3.5534098e-17  2.0187019e-16  1.3504838e-16  3.4082752e-16  9.1555150e-16  -4.3779838e-17  5.0450026e-16  8.7050105e-17  2.8244493e-16  8.8811394e-16  -3.2760844e-16  1.7070391e-16  3.2272501e-16  -4.5473590e-16  -1.1113387e-15  2.0403282e-16  3.6260974e-16  2.0900954e-16  1.4609601e-17  -4.3399198e-16  1.5467749e-16  -3.6935245e-16  7.6237633e-16  4.7059392e-16  -3.8120241e-16  3.1401319e-16  -2.2185858e-17  -4.1880601e-17  5.4607746e-16  1.0000000   -4.2827908e-16  -3.5534098e-17  2.0187019e-16  1.3504838e-16  3.4082752e-16  9.1555150e-16  -4.3779838e-17  5.0450026e-16  8.7050105e-17  2.8244493e-16  8.8811394e-16  -3.2760844e-16  1.7070391e-16  3.2272501e-16  -4.5473590e-16  -1.1113387e-15  
-1.7373859e-17  -2.3936249e-16  1.7493078e-16  -4.1871919e-16  -2.9019312e-16  2.5603401e-16  -1.8480900e-16  8.0010244e-16  2.6471975e-16  6.6737199e-16  -1.7367523e-16  2.1161112e-16  7.4324395e-17  3.0942082e-17  -4.2827908e-16  1.0000000   4.1028813e-17  -4.3579558e-16  -5.4578548e-16  7.3237507e-16  -4.5207293e-17  5.1322365e-16  -1.1135175e-16  -1.7791226e-16  -2.1976636e-16  4.8574443e-16  3.1942573e-16  -1.6990294e-16  2.3078428e-16  6.6414926e-16  1.7459606e-16  -1.7373859e-17  -2.3936249e-16  1.7493078e-16  -4.1871919e-16  -2.9019312e-16  2.5603401e-16  -1.8480900e-16  8.0010244e-16  2.6471975e-16  6.6737199e-16  -1.7367523e-16  2.1161112e-16  7.4324395e-17  3.0942082e-17  -4.2827908e-16  1.0000000   4.1028813e-17  -4.3579558e-16  -5.4578548e-16  7.3237507e-16  -4.5207293e-17  5.1322365e-16  -1.1135175e-16  -1.7791226e-16  -2.1976636e-16  4.8574443e-16  3.1942573e-16  -1.6990294e-16  2.3078428e-16  6.6414926e-16  1.7459606e-16  
-1.1270196e-16  -5.0590231e-17  5.9614631e-16  8.1907257e-16  4.3955031e-16  -2.8138185e-16  -1.4472320e-16  -3.2276383e-16  5.8573324e-16  7.4250090e-16  -2.5856215e-16  -2.0195201e-17  -4.2885553e-16  5.9698946e-16  -3.5534098e-17  4.1028813e-17  1.0000000   -5.3179996e-18  5.0792463e-18  4.0086400e-16  -2.6345364e-16  -2.1944215e-16  -1.7830948e-16  -1.3176027e-16  -6.3956467e-16  1.4559025e-16  1.1082845e-16  -4.3163557e-16  -7.0707801e-17  6.7939489e-16  1.4498276e-17  -1.1270196e-16  -5.0590231e-17  5.9614631e-16  8.1907257e-16  4.3955031e-16  -2.8138185e-16  -1.4472320e-16  -3.2276383e-16  5.8573324e-16  7.4250090e-16  -2.5856215e-16  -2.0195201e-17  -4.2885553e-16  5.9698946e-16  -3.5534098e-17  4.1028813e-17  1.0000000   -5.3179996e-18  5.0792463e-18  4.0086400e-16  -2.6345364e-16  -2.1944215e-16  -1.7830948e-16  -1.3176027e-16  -6.3956467e-16  1.4559025e-16  1.1082845e-16  -4.3163557e-16  -7.0707801e-17  6.7939489e-16  1.4498276e-17  
5.6766191e-16  -5.5341361e-16  -3.8579633e-16  -1.4397515e-16  2.0274795e-16  9.2223847e-17  -2.5883844e-16  3.0533437e-16  9.0587464e-16  -1.6035927e-16  -6.7411359e-17  -6.2331893e-16  -5.3497334e-16  2.2486005e-17  2.0187019e-16  -4.3579558e-16  -5.3179996e-18  1.0000000   -5.6174328e-16  -4.7080397e-16  6.4640525e-18  3.8684885e-16  -5.8951299e-16  4.6740806e-16  2.7807155e-17  -5.7558840e-16  -4.2174665e-16  1.2128420e-15  3.1191546e-16  9.8909416e-16  -3.7384656e-16  5.6766191e-16  -5.5341361e-16  -3.8579633e-16  -1.4397515e-16  2.0274795e-16  9.2223847e-17  -2.5883844e-16  3.0533437e-16  9.0587464e-16  -1.6035927e-16  -6.7411359e-17  -6.2331893e-16  -5.3497334e-16  2.2486005e-17  2.0187019e-16  -4.3579558e-16  -5.3179996e-18  1.0000000   -5.6174328e-16  -4.7080397e-16  6.4640525e-18  3.8684885e-16  -5.8951299e-16  4.6740806e-16  2.7807155e-17  -5.7558840e-16  -4.2174665e-16  1.2128420e-15  3.1191546e-16  9.8909416e-16  -3.7384656e-16  
-1.6494850e-16  -3.2289385e-16  -5.2976717e-16  1.9111494e-16  2.9781100e-16  8.0600685e-16  -6.3172771e-16  5.6778316e-16  -2.5546327e-16  -6.0906976e-17  -1.9056047e-16  3.8825734e-16  -1.2352132e-16  -4.3014768e-16  1.3504838e-16  -5.4578548e-16  5.0792463e-18  -5.6174328e-16  1.0000000   5.5602322e-16  -6.7339566e-16  5.7801075e-16  3.9005784e-16  -2.3462049e-16  8.3301199e-16  -7.2246699e-16  2.9022557e-16  6.6258201e-16  5.4162192e-17  -3.4250351e-16  2.2412899e-16  -1.6494850e-16  -3.2289385e-16  -5.2976717e-16  1.9111494e-16  2.9781100e-16  8.0600685e-16  -6.3172771e-16  5.6778316e-16  -2.5546327e-16  -6.0906976e-17  -1.9056047e-16  3.8825734e-16  -1.2352132e-16  -4.3014768e-16  1.3504838e-16  -5.4578548e-16  5.0792463e-18  -5.6174328e-16  1.0000000   5.5602322e-16  -6.7339566e-16  5.7801075e-16  3.9005784e-16  -2.3462049e-16  8.3301199e-16  -7.2246699e-16  2.9022557e-16  6.6258201e-16  5.4162192e-17  -3.4250351e-16  2.2412899e-16  
2.0943406e-17  -5.4821375e-16  3.2155373e-16  5.6704862e-16  6.0733503e-17  -9.7059838e-17  4.4434697e-16  -8.6887442e-17  -3.8283861e-16  4.2952055e-17  -2.6991763e-16  -3.4544639e-16  7.4394553e-16  -5.9667754e-16  3.4082752e-16  7.3237507e-16  4.0086400e-16  -4.7080397e-16  5.5602322e-16  1.0000000   -4.1678477e-16  -2.6977040e-18  -3.1116019e-16  3.5945493e-16  1.1784697e-15  -1.6728557e-16  4.0234780e-17  4.4418712e-17  1.8149629e-16  5.4573671e-16  -1.4606250e-16  2.0943406e-17  -5.4821375e-16  3.2155373e-16  5.6704862e-16  6.0733503e-17  -9.7059838e-17  4.4434697e-16  -8.6887442e-17  -3.8283861e-16  4.2952055e-17  -2.6991763e-16  -3.4544639e-16  7.4394553e-16  -5.9667754e-16  3.4082752e-16  7.3237507e-16  4.0086400e-16  -4.7080397e-16  5.5602322e-16  1.0000000   -4.1678477e-16  -2.6977040e-18  -3.1116019e-16  3.5945493e-16  1.1784697e-15  -1.6728557e-16  4.0234780e-17  4.4418712e-17  1.8149629e-16  5.4573671e-16  -1.4606250e-16  
-3.6074976e-16  -2.6009414e-17  -1.3797584e-16  -4.4673460e-16  6.4116204e-17  1.7330939e-17  -3.4693637e-16  3.9749561e-16  4.2161683e-16  1.7379564e-16  6.5498155e-16  -3.9542559e-16  2.9701719e-16  -1.7962237e-16  9.1555150e-16  -4.5207293e-17  -2.6345364e-16  6.4640525e-18  -6.7339566e-16  -4.1678477e-16  1.0000000   2.1898498e-16  -1.4221038e-16  4.6367869e-16  2.3745823e-16  1.9820343e-16  -1.8234942e-17  2.8332321e-16  -3.0362093e-16  -1.5374719e-15  -2.4148272e-16  -3.6074976e-16  -2.6009414e-17  -1.3797584e-16  -4.4673460e-16  6.4116204e-17  1.7330939e-17  -3.4693637e-16  3.9749561e-16  4.2161683e-16  1.7379564e-16  6.5498155e-16  -3.9542559e-16  2.9701719e-16  -1.7962237e-16  9.1555150e-16  -4.5207293e-17  -2.6345364e-16  6.4640525e-18  -6.7339566e-16  -4.1678477e-16  1.0000000   2.1898498e-16  -1.4221038e-16  4.6367869e-16  2.3745823e-16  1.9820343e-16  -1.8234942e-17  2.8332321e-16  -3.0362093e-16  -1.5374719e-15  -2.4148272e-16  
5.2197390e-17  5.1312529e-16  2.7240568e-16  2.0185528e-16  1.3432205e-16  5.3711697e-16  -2.9601271e-16  -6.1438454e-16  -1.3653733e-16  3.7794851e-16  -8.2693577e-19  1.7764150e-16  5.2613796e-17  -2.8857996e-17  -4.3779838e-17  5.1322365e-16  -2.1944215e-16  3.8684885e-16  5.7801075e-16  -2.6977040e-18  2.1898498e-16  1.0000000   1.8042949e-16  -1.5701380e-16  5.9696491e-16  -2.8737685e-16  3.1525015e-16  -2.1965536e-16  -3.8190363e-16  -5.9661563e-16  3.4361930e-17  5.2197390e-17  5.1312529e-16  2.7240568e-16  2.0185528e-16  1.3432205e-16  5.3711697e-16  -2.9601271e-16  -6.1438454e-16  -1.3653733e-16  3.7794851e-16  -8.2693577e-19  1.7764150e-16  5.2613796e-17  -2.8857996e-17  -4.3779838e-17  5.1322365e-16  -2.1944215e-16  3.8684885e-16  5.7801075e-16  -2.6977040e-18  2.1898498e-16  1.0000000   1.8042949e-16  -1.5701380e-16  5.9696491e-16  -2.8737685e-16  3.1525015e-16  -2.1965536e-16  -3.8190363e-16  -5.9661563e-16  3.4361930e-17  
-8.5171009e-17  -2.2154653e-16  3.3286918e-16  3.4293395e-16  4.3314543e-16  -3.1747691e-16  1.1216613e-15  9.8462559e-16  9.5017003e-17  2.9532338e-16  -1.3948918e-16  1.0226716e-15  2.1712297e-16  -3.3487753e-16  5.0450026e-16  -1.1135175e-16  -1.7830948e-16  -5.8951299e-16  3.9005784e-16  -3.1116019e-16  -1.4221038e-16  1.8042949e-16  1.0000000   -4.4119301e-16  -1.3352650e-15  4.9171830e-16  3.4540725e-16  -3.4802288e-16  1.1328620e-16  4.8062777e-16  5.2692330e-16  -8.5171009e-17  -2.2154653e-16  3.3286918e-16  3.4293395e-16  4.3314543e-16  -3.1747691e-16  1.1216613e-15  9.8462559e-16  9.5017003e-17  2.9532338e-16  -1.3948918e-16  1.0226716e-15  2.1712297e-16  -3.3487753e-16  5.0450026e-16  -1.1135175e-16  -1.7830948e-16  -5.8951299e-16  3.9005784e-16  -3.1116019e-16  -1.4221038e-16  1.8042949e-16  1.0000000   -4.4119301e-16  -1.3352650e-15  4.9171830e-16  3.4540725e-16  -3.4802288e-16  1.1328620e-16  4.8062777e-16  5.2692330e-16  
1.0283986e-16  -2.1440910e-16  -2.1302566e-16  5.9867008e-17  -2.1991144e-16  2.3794909e-16  2.7500358e-16  4.4021530e-16  -9.9795690e-17  -8.4196831e-16  1.0706742e-16  6.6960623e-16  -2.7981175e-16  -1.0236750e-15  8.7050105e-17  -1.7791226e-16  -1.3176027e-16  4.6740806e-16  -2.3462049e-16  3.5945493e-16  4.6367869e-16  -1.5701380e-16  -4.4119301e-16  1.0000000   1.1956216e-16  -2.3209100e-16  2.6466251e-16  -7.2557264e-16  -2.0154809e-16  -4.1625559e-17  -5.3795089e-17  1.0283986e-16  -2.1440910e-16  -2.1302566e-16  5.9867008e-17  -2.1991144e-16  2.3794909e-16  2.7500358e-16  4.4021530e-16  -9.9795690e-17  -8.4196831e-16  1.0706742e-16  6.6960623e-16  -2.7981175e-16  -1.0236750e-15  8.7050105e-17  -1.7791226e-16  -1.3176027e-16  4.6740806e-16  -2.3462049e-16  3.5945493e-16  4.6367869e-16  -1.5701380e-16  -4.4119301e-16  1.0000000   1.1956216e-16  -2.3209100e-16  2.6466251e-16  -7.2557264e-16  -2.0154809e-16  -4.1625559e-17  -5.3795089e-17  
2.1799752e-16  1.4667220e-16  5.7245035e-16  -7.9945514e-17  -6.8599532e-17  3.6760603e-16  8.8325280e-16  3.9333372e-16  3.5503190e-16  -3.0928423e-16  -1.1714010e-15  -3.1250628e-16  1.3690249e-17  -3.5736450e-16  2.8244493e-16  -2.1976636e-16  -6.3956467e-16  2.7807155e-17  8.3301199e-16  1.1784697e-15  2.3745823e-16  5.9696491e-16  -1.3352650e-15  1.1956216e-16  1.0000000   -1.0391341e-15  -2.2464509e-16  5.0217466e-16  -2.1208576e-16  1.1747592e-15  5.4399727e-16  2.1799752e-16  1.4667220e-16  5.7245035e-16  -7.9945514e-17  -6.8599532e-17  3.6760603e-16  8.8325280e-16  3.9333372e-16  3.5503190e-16  -3.0928423e-16  -1.1714010e-15  -3.1250628e-16  1.3690249e-17  -3.5736450e-16  2.8244493e-16  -2.1976636e-16  -6.3956467e-16  2.7807155e-17  8.3301199e-16  1.1784697e-15  2.3745823e-16  5.9696491e-16  -1.3352650e-15  1.1956216e-16  1.0000000   -1.0391341e-15  -2.2464509e-16  5.0217466e-16  -2.1208576e-16  1.1747592e-15  5.4399727e-16  
-4.6867994e-16  -3.4974607e-16  -1.5544482e-16  9.2934128e-16  -1.0835512e-16  7.4917737e-16  3.0004968e-16  1.1339269e-15  1.3973330e-17  -2.4176372e-17  2.2557162e-17  -7.5953160e-16  -4.6085011e-18  -2.2556064e-17  8.8811394e-16  4.8574443e-16  1.4559025e-16  -5.7558840e-16  -7.2246699e-16  -1.6728557e-16  1.9820343e-16  -2.8737685e-16  4.9171830e-16  -2.3209100e-16  -1.0391341e-15  1.0000000   1.2408575e-16  -2.9889502e-16  -2.7299323e-17  1.3464752e-15  3.5361634e-17  -4.6867994e-16  -3.4974607e-16  -1.5544482e-16  9.2934128e-16  -1.0835512e-16  7.4917737e-16  3.0004968e-16  1.1339269e-15  1.3973330e-17  -2.4176372e-17  2.2557162e-17  -7.5953160e-16  -4.6085011e-18  -2.2556064e-17  8.8811394e-16  4.8574443e-16  1.4559025e-16  -5.7558840e-16  -7.2246699e-16  -1.6728557e-16  1.9820343e-16  -2.8737685e-16  4.9171830e-16  -2.3209100e-16  -1.0391341e-15  1.0000000   1.2408575e-16  -2.9889502e-16  -2.7299323e-17  1.3464752e-15  3.5361634e-17  
-2.4911296e-16  2.1397444e-16  1.2262028e-17  -4.5463282e-17  1.1493456e-16  4.2702039e-16  6.4485472e-16  -1.2116204e-17  -5.7908208e-16  -3.8368221e-16  2.5105361e-16  3.9120436e-16  4.5944559e-16  3.6617322e-16  -3.2760844e-16  3.1942573e-16  1.1082845e-16  -4.2174665e-16  2.9022557e-16  4.0234780e-17  -1.8234942e-17  3.1525015e-16  3.4540725e-16  2.6466251e-16  -2.2464509e-16  1.2408575e-16  1.0000000   -1.3732192e-16  -1.1051571e-18  1.2130481e-16  9.7105133e-17  -2.4911296e-16  2.1397444e-16  1.2262028e-17  -4.5463282e-17  1.1493456e-16  4.2702039e-16  6.4485472e-16  -1.2116204e-17  -5.7908208e-16  -3.8368221e-16  2.5105361e-16  3.9120436e-16  4.5944559e-16  3.6617322e-16  -3.2760844e-16  3.1942573e-16  1.1082845e-16  -4.2174665e-16  2.9022557e-16  4.0234780e-17  -1.8234942e-17  3.1525015e-16  3.4540725e-16  2.6466251e-16  -2.2464509e-16  1.2408575e-16  1.0000000   -1.3732192e-16  -1.1051571e-18  1.2130481e-16  9.7105133e-17  
1.2441393e-16  3.3762389e-17  -2.1341261e-16  -2.9529030e-16  -2.0439170e-16  3.3852151e-16  -4.0122679e-16  -1.8903183e-16  2.7062479e-16  -2.9940885e-16  -2.9227489e-16  -6.9164463e-16  -3.4864359e-16  -6.6466413e-16  1.7070391e-16  -1.6990294e-16  -4.3163557e-16  1.2128420e-15  6.6258201e-16  4.4418712e-17  2.8332321e-16  -2.1965536e-16  -3.4802288e-16  -7.2557264e-16  5.0217466e-16  -2.9889502e-16  -1.3732192e-16  1.0000000   -7.9396133e-16  -7.6146823e-16  5.5240321e-16  1.2441393e-16  3.3762389e-17  -2.1341261e-16  -2.9529030e-16  -2.0439170e-16  3.3852151e-16  -4.0122679e-16  -1.8903183e-16  2.7062479e-16  -2.9940885e-16  -2.9227489e-16  -6.9164463e-16  -3.4864359e-16  -6.6466413e-16  1.7070391e-16  -1.6990294e-16  -4.3163557e-16  1.2128420e-15  6.6258201e-16  4.4418712e-17  2.8332321e-16  -2.1965536e-16  -3.4802288e-16  -7.2557264e-16  5.0217466e-16  -2.9889502e-16  -1.3732192e-16  1.0000000   -7.9396133e-16  -7.6146823e-16  5.5240321e-16  
3.3376734e-16  -4.6341430e-16  2.9056949e-16  -2.4564131e-16  3.4391330e-16  6.7100276e-17  1.5882957e-16  3.5112818e-16  3.1549485e-17  -7.3525775e-17  2.0713573e-16  -2.2007217e-16  -5.9375774e-16  3.4585542e-16  3.2272501e-16  2.3078428e-16  -7.0707801e-17  3.1191546e-16  5.4162192e-17  1.8149629e-16  -3.0362093e-16  -3.8190363e-16  1.1328620e-16  -2.0154809e-16  -2.1208576e-16  -2.7299323e-17  -1.1051571e-18  -7.9396133e-16  1.0000000   -2.6435781e-16  -2.8558601e-16  3.3376734e-16  -4.6341430e-16  2.9056949e-16  -2.4564131e-16  3.4391330e-16  6.7100276e-17  1.5882957e-16  3.5112818e-16  3.1549485e-17  -7.3525775e-17  2.0713573e-16  -2.2007217e-16  -5.9375774e-16  3.4585542e-16  3.2272501e-16  2.3078428e-16  -7.0707801e-17  3.1191546e-16  5.4162192e-17  1.8149629e-16  -3.0362093e-16  -3.8190363e-16  1.1328620e-16  -2.0154809e-16  -2.1208576e-16  -2.7299323e-17  -1.1051571e-18  -7.9396133e-16  1.0000000   -2.6435781e-16  -2.8558601e-16  
1.5051153e-16  -2.8697425e-17  9.5554374e-16  6.2850353e-16  -5.0157723e-16  3.1078754e-16  -1.2325920e-15  -8.3759951e-16  -4.3381701e-17  3.1119842e-16  1.0812395e-15  -1.6243520e-16  6.5920786e-16  4.3738528e-16  -4.5473590e-16  6.6414926e-16  6.7939489e-16  9.8909416e-16  -3.4250351e-16  5.4573671e-16  -1.5374719e-15  -5.9661563e-16  4.8062777e-16  -4.1625559e-17  1.1747592e-15  1.3464752e-15  1.2130481e-16  -7.6146823e-16  -2.6435781e-16  1.0000000   1.4833397e-16  1.5051153e-16  -2.8697425e-17  9.5554374e-16  6.2850353e-16  -5.0157723e-16  3.1078754e-16  -1.2325920e-15  -8.3759951e-16  -4.3381701e-17  3.1119842e-16  1.0812395e-15  -1.6243520e-16  6.5920786e-16  4.3738528e-16  -4.5473590e-16  6.6414926e-16  6.7939489e-16  9.8909416e-16  -3.4250351e-16  5.4573671e-16  -1.5374719e-15  -5.9661563e-16  4.8062777e-16  -4.1625559e-17  1.1747592e-15  1.3464752e-15  1.2130481e-16  -7.6146823e-16  -2.6435781e-16  1.0000000   1.4833397e-16  
3.4014115e-17  -1.8484346e-16  4.6413290e-16  -5.6788904e-16  2.3658632e-16  -6.3862254e-17  6.1877775e-16  -6.8171763e-16  1.1653680e-16  -3.6108223e-16  5.4083667e-16  1.1875765e-15  1.4835897e-16  -4.7991678e-16  -1.1113387e-15  1.7459606e-16  1.4498276e-17  -3.7384656e-16  2.2412899e-16  -1.4606250e-16  -2.4148272e-16  3.4361930e-17  5.2692330e-16  -5.3795089e-17  5.4399727e-16  3.5361634e-17  9.7105133e-17  5.5240321e-16  -2.8558601e-16  1.4833397e-16  1.0000000   3.4014115e-17  -1.8484346e-16  4.6413290e-16  -5.6788904e-16  2.3658632e-16  -6.3862254e-17  6.1877775e-16  -6.8171763e-16  1.1653680e-16  -3.6108223e-16  5.4083667e-16  1.1875765e-15  1.4835897e-16  -4.7991678e-16  -1.1113387e-15  1.7459606e-16  1.4498276e-17  -3.7384656e-16  2.2412899e-16  -1.4606250e-16  -2.4148272e-16  3.4361930e-17  5.2692330e-16  -5.3795089e-17  5.4399727e-16  3.5361634e-17  9.7105133e-17  5.5240321e-16  -2.8558601e-16  1.4833397e-16  1.0000000   
1.0000000   -5.3896048e-16  -3.8599443e-16  -1.0969967e-16  1.4880296e-16  -8.8602912e-17  -4.6043269e-16  5.9308425e-16  1.8731067e-16  -7.2317622e-17  -4.5810128e-16  -1.5445334e-16  -1.2402280e-15  -1.2168731e-16  2.0403282e-16  -1.7373859e-17  -1.1270196e-16  5.6766191e-16  -1.6494850e-16  2.0943406e-17  -3.6074976e-16  5.2197390e-17  -8.5171009e-17  1.0283986e-16  2.1799752e-16  -4.6867994e-16  -2.4911296e-16  1.2441393e-16  3.3376734e-16  1.5051153e-16  3.4014115e-17  1.0000000   -5.3896048e-16  -3.8599443e-16  -1.0969967e-16  1.4880296e-16  -8.8602912e-17  -4.6043269e-16  5.9308425e-16  1.8731067e-16  -7.2317622e-17  -4.5810128e-16  -1.5445334e-16  -1.2402280e-15  -1.2168731e-16  2.0403282e-16  -1.7373859e-17  -1.1270196e-16  5.6766191e-16  -1.6494850e-16  2.0943406e-17  -3.6074976e-16  5.2197390e-17  -8.5171009e-17  1.0283986e-16  2.1799752e-16  -4.6867994e-16  -2.4911296e-16  1.2441393e-16  3.3376734e-16  1.5051153e-16  3.4014115e-17  
-5.3896048e-16  1.0000000   2.2652832e-16  -2.4699597e-16  7.6255102e-16  1.6545290e-17  5.1064809e-16  3.1217339e-16  -5.6263232e-16  -2.7505060e-16  1.9819892e-16  1.9922718e-16  2.4983970e-16  8.4163940e-17  3.6260974e-16  -2.3936249e-16  -5.0590231e-17  -5.5341361e-16  -3.2289385e-16  -5.4821375e-16  -2.6009414e-17  5.1312529e-16  -2.2154653e-16  -2.1440910e-16  1.4667220e-16  -3.4974607e-16  2.1397444e-16  3.3762389e-17  -4.6341430e-16  -2.8697425e-17  -1.8484346e-16  -5.3896048e-16  1.0000000   2.2652832e-16  -2.4699597e-16  7.6255102e-16  1.6545290e-17  5.1064809e-16  3.1217339e-16  -5.6263232e-16  -2.7505060e-16  1.9819892e-16  1.9922718e-16  2.4983970e-16  8.4163940e-17  3.6260974e-16  -2.3936249e-16  -5.0590231e-17  -5.5341361e-16  -3.2289385e-16  -5.4821375e-16  -2.6009414e-17  5.1312529e-16  -2.2154653e-16  -2.1440910e-16  1.4667220e-16  -3.4974607e-16  2.1397444e-16  3.3762389e-17  -4.6341430e-16  -2.8697425e-17  -1.8484346e-16  
-3.8599443e-16  2.2652832e-16  1.0000000   -2.3294796e-16  5.5574153e-17  1.8164081e-16  -5.3650745e-16  -2.1312590e-17  5.2482192e-16  4.4017758e-17  2.1734334e-16  -5.8980658e-17  -2.6787020e-16  2.3653714e-16  2.0900954e-16  1.7493078e-16  5.9614631e-16  -3.8579633e-16  -5.2976717e-16  3.2155373e-16  -1.3797584e-16  2.7240568e-16  3.3286918e-16  -2.1302566e-16  5.7245035e-16  -1.5544482e-16  1.2262028e-17  -2.1341261e-16  2.9056949e-16  9.5554374e-16  4.6413290e-16  -3.8599443e-16  2.2652832e-16  1.0000000   -2.3294796e-16  5.5574153e-17  1.8164081e-16  -5.3650745e-16  -2.1312590e-17  5.2482192e-16  4.4017758e-17  2.1734334e-16  -5.8980658e-17  -2.6787020e-16  2.3653714e-16  2.0900954e-16  1.7493078e-16  5.9614631e-16  -3.8579633e-16  -5.2976717e-16  3.2155373e-16  -1.3797584e-16  2.7240568e-16  3.3286918e-16  -2.1302566e-16  5.7245035e-16  -1.5544482e-16  1.2262028e-17  -2.1341261e-16  2.9056949e-16  9.5554374e-16  4.6413290e-16  
-1.0969967e-16  -2.4699597e-16  -2.3294796e-16  1.0000000   -3.9562148e-16  -6.0692167e-16  -5.0646083e-16  -9.1636181e-16  -5.5972191e-17  6.6257242e-16  9.8564096e-17  -4.0297047e-16  1.7413256e-16  -4.9019385e-18  1.4609601e-17  -4.1871919e-16  8.1907257e-16  -1.4397515e-16  1.9111494e-16  5.6704862e-16  -4.4673460e-16  2.0185528e-16  3.4293395e-16  5.9867008e-17  -7.9945514e-17  9.2934128e-16  -4.5463282e-17  -2.9529030e-16  -2.4564131e-16  6.2850353e-16  -5.6788904e-16  -1.0969967e-16  -2.4699597e-16  -2.3294796e-16  1.0000000   -3.9562148e-16  -6.0692167e-16  -5.0646083e-16  -9.1636181e-16  -5.5972191e-17  6.6257242e-16  9.8564096e-17  -4.0297047e-16  1.7413256e-16  -4.9019385e-18  1.4609601e-17  -4.1871919e-16  8.1907257e-16  -1.4397515e-16  1.9111494e-16  5.6704862e-16  -4.4673460e-16  2.0185528e-16  3.4293395e-16  5.9867008e-17  -7.9945514e-17  9.2934128e-16  -4.5463282e-17  -2.9529030e-16  -2.4564131e-16  6.2850353e-16  -5.6788904e-16  
1.4880296e-16  7.6255102e-16  5.5574153e-17  -3.9562148e-16  1.0000000   5.1571522e-16  -3.0489422e-16  -7.1658034e-16  -4.4049370e-16  3.2648855e-16  -5.0898488e-16  1.0524508e-16  -2.4026508e-16  -4.2531385e-16  -4.3399198e-16  -2.9019312e-16  4.3955031e-16  2.0274795e-16  2.9781100e-16  6.0733503e-17  6.4116204e-17  1.3432205e-16  4.3314543e-16  -2.1991144e-16  -6.8599532e-17  -1.0835512e-16  1.1493456e-16  -2.0439170e-16  3.4391330e-16  -5.0157723e-16  2.3658632e-16  1.4880296e-16  7.6255102e-16  5.5574153e-17  -3.9562148e-16  1.0000000   5.1571522e-16  -3.0489422e-16  -7.1658034e-16  -4.4049370e-16  3.2648855e-16  -5.0898488e-16  1.0524508e-16  -2.4026508e-16  -4.2531385e-16  -4.3399198e-16  -2.9019312e-16  4.3955031e-16  2.0274795e-16  2.9781100e-16  6.0733503e-17  6.4116204e-17  1.3432205e-16  4.3314543e-16  -2.1991144e-16  -6.8599532e-17  -1.0835512e-16  1.1493456e-16  -2.0439170e-16  3.4391330e-16  -5.0157723e-16  2.3658632e-16  
-8.8602912e-17  1.6545290e-17  1.8164081e-16  -6.0692167e-16  5.1571522e-16  1.0000000   7.7954324e-16  9.7621013e-17  3.1959846e-17  -4.9134862e-16  -2.4281984e-16  6.6730910e-16  4.4185023e-16  -1.3617014e-16  1.5467749e-16  2.5603401e-16  -2.8138185e-16  9.2223847e-17  8.0600685e-16  -9.7059838e-17  1.7330939e-17  5.3711697e-16  -3.1747691e-16  2.3794909e-16  3.6760603e-16  7.4917737e-16  4.2702039e-16  3.3852151e-16  6.7100276e-17  3.1078754e-16  -6.3862254e-17  -8.8602912e-17  1.6545290e-17  1.8164081e-16  -6.0692167e-16  5.1571522e-16  1.0000000   7.7954324e-16  9.7621013e-17  3.1959846e-17  -4.9134862e-16  -2.4281984e-16  6.6730910e-16  4.4185023e-16  -1.3617014e-16  1.5467749e-16  2.5603401e-16  -2.8138185e-16  9.2223847e-17  8.0600685e-16  -9.7059838e-17  1.7330939e-17  5.3711697e-16  -3.1747691e-16  2.3794909e-16  3.6760603e-16  7.4917737e-16  4.2702039e-16  3.3852151e-16  6.7100276e-17  3.1078754e-16  -6.3862254e-17  
-4.6043269e-16  5.1064809e-16  -5.3650745e-16  -5.0646083e-16  -3.0489422e-16  7.7954324e-16  1.0000000   -9.4373024e-16  3.2161597e-16  1.3946924e-16  2.8832871e-16  3.0907835e-18  5.8548345e-16  -4.4826936e-16  -3.6935245e-16  -1.8480900e-16  -1.4472320e-16  -2.5883844e-16  -6.3172771e-16  4.4434697e-16  -3.4693637e-16  -2.9601271e-16  1.1216613e-15  2.7500358e-16  8.8325280e-16  3.0004968e-16  6.4485472e-16  -4.0122679e-16  1.5882957e-16  -1.2325920e-15  6.1877775e-16  -4.6043269e-16  5.1064809e-16  -5.3650745e-16  -5.0646083e-16  -3.0489422e-16  7.7954324e-16  1.0000000   -9.4373024e-16  3.2161597e-16  1.3946924e-16  2.8832871e-16  3.0907835e-18  5.8548345e-16  -4.4826936e-16  -3.6935245e-16  -1.8480900e-16  -1.4472320e-16  -2.5883844e-16  -6.3172771e-16  4.4434697e-16  -3.4693637e-16  -2.9601271e-16  1.1216613e-15  2.7500358e-16  8.8325280e-16  3.0004968e-16  6.4485472e-16  -4.0122679e-16  1.5882957e-16  -1.2325920e-15  6.1877775e-16  
5.9308425e-16  3.1217339e-16  -2.1312590e-17  -9.1636181e-16  -7.1658034e-16  9.7621013e-17  -9.4373024e-16  1.0000000   -2.7779719e-16  -4.1814104e-16  9.4831261e-18  -5.4928329e-16  9.2222454e-17  3.3198206e-16  7.6237633e-16  8.0010244e-16  -3.2276383e-16  3.0533437e-16  5.6778316e-16  -8.6887442e-17  3.9749561e-16  -6.1438454e-16  9.8462559e-16  4.4021530e-16  3.9333372e-16  1.1339269e-15  -1.2116204e-17  -1.8903183e-16  3.5112818e-16  -8.3759951e-16  -6.8171763e-16  5.9308425e-16  3.1217339e-16  -2.1312590e-17  -9.1636181e-16  -7.1658034e-16  9.7621013e-17  -9.4373024e-16  1.0000000   -2.7779719e-16  -4.1814104e-16  9.4831261e-18  -5.4928329e-16  9.2222454e-17  3.3198206e-16  7.6237633e-16  8.0010244e-16  -3.2276383e-16  3.0533437e-16  5.6778316e-16  -8.6887442e-17  3.9749561e-16  -6.1438454e-16  9.8462559e-16  4.4021530e-16  3.9333372e-16  1.1339269e-15  -1.2116204e-17  -1.8903183e-16  3.5112818e-16  -8.3759951e-16  -6.8171763e-16  
1.8731067e-16  -5.6263232e-16  5.2482192e-16  -5.5972191e-17  -4.4049370e-16  3.1959846e-17  3.2161597e-16  -2.7779719e-16  1.0000000   5.8729837e-17  -7.4385307e-17  -2.7617576e-16  -2.5041442e-16  2.2027993e-16  4.7059392e-16  2.6471975e-16  5.8573324e-16  9.0587464e-16  -2.5546327e-16  -3.8283861e-16  4.2161683e-16  -1.3653733e-16  9.5017003e-17  -9.9795690e-17  3.5503190e-16  1.3973330e-17  -5.7908208e-16  2.7062479e-16  3.1549485e-17  -4.3381701e-17  1.1653680e-16  1.8731067e-16  -5.6263232e-16  5.2482192e-16  -5.5972191e-17  -4.4049370e-16  3.1959846e-17  3.2161597e-16  -2.7779719e-16  1.0000000   5.8729837e-17  -7.4385307e-17  -2.7617576e-16  -2.5041442e-16  2.2027993e-16  4.7059392e-16  2.6471975e-16  5.8573324e-16  9.0587464e-16  -2.5546327e-16  -3.8283861e-16  4.2161683e-16  -1.3653733e-16  9.5017003e-17  -9.9795690e-17  3.5503190e-16  1.3973330e-17  -5.7908208e-16  2.7062479e-16  3.1549485e-17  -4.3381701e-17  1.1653680e-16  
-7.2317622e-17  -2.7505060e-16  4.4017758e-17  6.6257242e-16  3.2648855e-16  -4.9134862e-16  1.3946924e-16  -4.1814104e-16  5.8729837e-17  1.0000000   -5.1952316e-16  2.6649295e-16  -5.6485271e-16  2.0452103e-16  -3.8120241e-16  6.6737199e-16  7.4250090e-16  -1.6035927e-16  -6.0906976e-17  4.2952055e-17  1.7379564e-16  3.7794851e-16  2.9532338e-16  -8.4196831e-16  -3.0928423e-16  -2.4176372e-17  -3.8368221e-16  -2.9940885e-16  -7.3525775e-17  3.1119842e-16  -3.6108223e-16  -7.2317622e-17  -2.7505060e-16  4.4017758e-17  6.6257242e-16  3.2648855e-16  -4.9134862e-16  1.3946924e-16  -4.1814104e-16  5.8729837e-17  1.0000000   -5.1952316e-16  2.6649295e-16  -5.6485271e-16  2.0452103e-16  -3.8120241e-16  6.6737199e-16  7.4250090e-16  -1.6035927e-16  -6.0906976e-17  4.2952055e-17  1.7379564e-16  3.7794851e-16  2.9532338e-16  -8.4196831e-16  -3.0928423e-16  -2.4176372e-17  -3.8368221e-16  -2.9940885e-16  -7.3525775e-17  3.1119842e-16  -3.6108223e-16  
