1.0000000   -2.0465176e-16  2.6032330e-16  -6.4749509e-16  -3.7109827e-16  7.2742044e-16  -1.0620400e-16  2.7463707e-16  -5.3552976e-16  7.1454380e-16  1.0328975e-15  5.5193659e-16  5.6092880e-16  -3.2660661e-16  -5.4980389e-16  1.6071679e-16  7.6406696e-16  -3.3096050e-16  2.5763963e-17  -4.7480005e-16  2.5925568e-17  6.9520673e-17  -3.9150194e-18  -1.1263652e-16  -8.1319973e-16  -4.6351975e-16  -2.9398771e-16  2.4593294e-16  9.8035822e-16  3.2398450e-16  3.0164269e-16  1.0000000   -2.0465176e-16  2.6032330e-16  -6.4749509e-16  -3.7109827e-16  7.2742044e-16  -1.0620400e-16  2.7463707e-16  -5.3552976e-16  7.1454380e-16  1.0328975e-15  5.5193659e-16  5.6092880e-16  -3.2660661e-16  -5.4980389e-16  1.6071679e-16  7.6406696e-16  -3.3096050e-16  2.5763963e-17  -4.7480005e-16  2.5925568e-17  6.9520673e-17  -3.9150194e-18  -1.1263652e-16  -8.1319973e-16  -4.6351975e-16  -2.9398771e-16  2.4593294e-16  9.8035822e-16  3.2398450e-16  3.0164269e-16  
-2.0465176e-16  1.0000000   9.9926263e-17  2.7621484e-16  1.2397887e-16  -2.8297437e-16  1.9629630e-16  2.2922920e-16  -5.2507906e-16  -8.9236334e-17  2.2480643e-16  5.5444723e-16  -1.4930018e-16  1.9958706e-16  -2.8102637e-16  3.0877098e-16  6.0230978e-16  -1.9123294e-16  4.6767482e-16  -1.7082390e-16  -7.2994651e-16  1.5209457e-16  -3.3755518e-16  8.4715019e-16  -9.8565344e-16  -4.0741471e-16  -5.7446526e-16  -9.6222314e-18  3.5687164e-16  -7.1557196e-17  1.8285110e-16  -2.0465176e-16  1.0000000   9.9926263e-17  2.7621484e-16  1.2397887e-16  -2.8297437e-16  1.9629630e-16  2.2922920e-16  -5.2507906e-16  -8.9236334e-17  2.2480643e-16  5.5444723e-16  -1.4930018e-16  1.9958706e-16  -2.8102637e-16  3.0877098e-16  6.0230978e-16  -1.9123294e-16  4.6767482e-16  -1.7082390e-16  -7.2994651e-16  1.5209457e-16  -3.3755518e-16  8.4715019e-16  -9.8565344e-16  -4.0741471e-16  -5.7446526e-16  -9.6222314e-18  3.5687164e-16  -7.1557196e-17  1.8285110e-16  
2.6032330e-16  9.9926263e-17  1.0000000   -6.9505431e-16  3.7075103e-16  2.5346982e-16  2.2803603e-16  -1.2631498e-17  5.4336373e-16  -4.5008850e-16  -9.8349353e-16  2.3802497e-16  -3.4119993e-16  4.0188618e-16  5.9021575e-16  2.3050230e-17  -1.2547238e-16  -5.2520438e-16  3.6620484e-16  2.6731298e-16  2.3055143e-16  1.1442396e-16  -4.2498947e-16  4.0660252e-16  -6.2109134e-16  3.1823230e-16  6.0405874e-16  -2.6255155e-16  -5.4116863e-16  3.9459999e-16  -4.2486070e-16  2.6032330e-16  9.9926263e-17  1.0000000   -6.9505431e-16  3.7075103e-16  2.5346982e-16  2.2803603e-16  -1.2631498e-17  5.4336373e-16  -4.5008850e-16  -9.8349353e-16  2.3802497e-16  -3.4119993e-16  4.0188618e-16  5.9021575e-16  2.3050230e-17  -1.2547238e-16  -5.2520438e-16  3.6620484e-16  2.6731298e-16  2.3055143e-16  1.1442396e-16  -4.2498947e-16  4.0660252e-16  -6.2109134e-16  3.1823230e-16  6.0405874e-16  -2.6255155e-16  -5.4116863e-16  3.9459999e-16  -4.2486070e-16  
-6.4749509e-16  2.7621484e-16  -6.9505431e-16  1.0000000   1.2752183e-16  -6.9945199e-16  5.9317832e-16  1.2894576e-17  6.8877466e-16  -5.2472018e-17  3.3040180e-16  2.7616862e-16  -1.4189794e-17  -3.7515235e-17  3.1521346e-16  3.7622717e-17  5.5850785e-16  4.7981604e-19  9.3168709e-17  3.4854174e-16  -5.6269721e-16  4.0545654e-16  1.5600852e-17  5.1665980e-16  5.5155785e-16  2.9633498e-16  2.8482819e-16  1.1628516e-16  6.4999610e-16  -2.9249199e-17  -4.9846294e-17  -6.4749509e-16  2.7621484e-16  -6.9505431e-16  1.0000000   1.2752183e-16  -6.9945199e-16  5.9317832e-16  1.2894576e-17  6.8877466e-16  -5.2472018e-17  3.3040180e-16  2.7616862e-16  -1.4189794e-17  -3.7515235e-17  3.1521346e-16  3.7622717e-17  5.5850785e-16  4.7981604e-19  9.3168709e-17  3.4854174e-16  -5.6269721e-16  4.0545654e-16  1.5600852e-17  5.1665980e-16  5.5155785e-16  2.9633498e-16  2.8482819e-16  1.1628516e-16  6.4999610e-16  -2.9249199e-17  -4.9846294e-17  
-3.7109827e-16  1.2397887e-16  3.7075103e-16  1.2752183e-16  1.0000000   1.3148102e-17  -5.5116673e-16  -3.4763176e-16  3.9221740e-16  7.1302822e-16  -4.8185985e-16  9.3143310e-17  -5.3819955e-16  -4.5854786e-16  -5.2519891e-17  6.0128326e-17  2.1158079e-16  1.7189917e-16  -2.4494221e-17  6.5140935e-16  8.7599337e-16  4.1973672e-17  -2.1777026e-16  1.5073176e-16  -3.5226466e-17  6.0804412e-17  1.2278995e-16  -9.0459525e-17  -1.2877524e-16  1.6429975e-16  -3.7895512e-16  -3.7109827e-16  1.2397887e-16  3.7075103e-16  1.2752183e-16  1.0000000   1.3148102e-17  -5.5116673e-16  -3.4763176e-16  3.9221740e-16  7.1302822e-16  -4.8185985e-16  9.3143310e-17  -5.3819955e-16  -4.5854786e-16  -5.2519891e-17  6.0128326e-17  2.1158079e-16  1.7189917e-16  -2.4494221e-17  6.5140935e-16  8.7599337e-16  4.1973672e-17  -2.1777026e-16  1.5073176e-16  -3.5226466e-17  6.0804412e-17  1.2278995e-16  -9.0459525e-17  -1.2877524e-16  1.6429975e-16  -3.7895512e-16  
7.2742044e-16  -2.8297437e-16  2.5346982e-16  -6.9945199e-16  1.3148102e-17  1.0000000   -2.9740205e-16  1.7944956e-16  1.9378401e-16  5.0250950e-16  1.1816783e-15  1.5913507e-16  4.7617904e-16  5.8244737e-16  -1.9592325e-16  4.4690482e-16  -6.2777016e-17  -4.9788928e-16  1.0117564e-15  5.5084698e-17  2.5248833e-16  6.1863165e-16  -6.8326889e-16  -3.8889945e-16  -3.9944226e-16  -4.1809010e-17  -2.1860456e-16  -3.0937885e-17  -4.6491870e-16  4.0172694e-16  -3.9168173e-17  7.2742044e-16  -2.8297437e-16  2.5346982e-16  -6.9945199e-16  1.3148102e-17  1.0000000   -2.9740205e-16  1.7944956e-16  1.9378401e-16  5.0250950e-16  1.1816783e-15  1.5913507e-16  4.7617904e-16  5.8244737e-16  -1.9592325e-16  4.4690482e-16  -6.2777016e-17  -4.9788928e-16  1.0117564e-15  5.5084698e-17  2.5248833e-16  6.1863165e-16  -6.8326889e-16  -3.8889945e-16  -3.9944226e-16  -4.1809010e-17  -2.1860456e-16  -3.0937885e-17  -4.6491870e-16  4.0172694e-16  -3.9168173e-17  
-1.0620400e-16  1.9629630e-16  2.2803603e-16  5.9317832e-16  -5.5116673e-16  -2.9740205e-16  1.0000000   -2.1933083e-16  -3.5668587e-17  3.8071010e-16  2.1933845e-16  9.0087526e-17  -7.6236114e-16  -3.4208087e-16  3.7976878e-16  -1.0647410e-16  -2.8500875e-16  9.1341320e-17  -2.6160982e-16  -6.5157263e-16  -6.5916033e-16  1.4683136e-16  -5.5418330e-16  6.0268689e-16  6.0291099e-16  -2.6187990e-16  -3.4860873e-16  -3.5630867e-16  1.3989744e-16  -4.0620661e-17  -1.7725376e-16  -1.0620400e-16  1.9629630e-16  2.2803603e-16  5.9317832e-16  -5.5116673e-16  -2.9740205e-16  1.0000000   -2.1933083e-16  -3.5668587e-17  3.8071010e-16  2.1933845e-16  9.0087526e-17  -7.6236114e-16  -3.4208087e-16  3.7976878e-16  -1.0647410e-16  -2.8500875e-16  9.1341320e-17  -2.6160982e-16  -6.5157263e-16  -6.5916033e-16  1.4683136e-16  -5.5418330e-16  6.0268689e-16  6.0291099e-16  -2.6187990e-16  -3.4860873e-16  -3.5630867e-16  1.3989744e-16  -4.0620661e-17  -1.7725376e-16  
2.7463707e-16  2.2922920e-16  -1.2631498e-17  1.2894576e-17  -3.4763176e-16  1.7944956e-16  -2.1933083e-16  1.0000000   -7.8870182e-18  -1.0946653e-16  7.9248788e-17  -3.2100485e-16  -1.7421621e-16  -6.0831283e-16  5.9655604e-19  4.6268627e-17  4.3494173e-16  2.2197047e-16  -7.3390248e-16  -2.9563443e-16  3.2494007e-16  -1.2097025e-16  4.2189143e-16  -1.7434370e-16  4.4391082e-16  -8.3581014e-16  6.9246056e-16  2.1714118e-16  1.7982123e-16  8.6627940e-16  1.7808091e-16  2.7463707e-16  2.2922920e-16  -1.2631498e-17  1.2894576e-17  -3.4763176e-16  1.7944956e-16  -2.1933083e-16  1.0000000   -7.8870182e-18  -1.0946653e-16  7.9248788e-17  -3.2100485e-16  -1.7421621e-16  -6.0831283e-16  5.9655604e-19  4.6268627e-17  4.3494173e-16  2.2197047e-16  -7.3390248e-16  -2.9563443e-16  3.2494007e-16  -1.2097025e-16  4.2189143e-16  -1.7434370e-16  4.4391082e-16  -8.3581014e-16  6.9246056e-16  2.1714118e-16  1.7982123e-16  8.6627940e-16  1.7808091e-16  
-5.3552976e-16  -5.2507906e-16  5.4336373e-16  6.8877466e-16  3.9221740e-16  1.9378401e-16  -3.5668587e-17  -7.8870182e-18  1.0000000   -2.5169701e-16  1.4317023e-16  -2.6338248e-16  1.8640233e-16  -1.9578865e-16  1.6149334e-16  1.3393171e-16  2.9577040e-16  1.9833435e-17  1.8094858e-16  -5.0335894e-16  -3.4232650e-16  5.3616107e-16  4.2527496e-16  -1.7641558e-16  4.3090985e-16  4.1836352e-16  -5.9442177e-16  -3.8707688e-16  4.2386973e-16  6.4234958e-16  -2.8309852e-16  -5.3552976e-16  -5.2507906e-16  5.4336373e-16  6.8877466e-16  3.9221740e-16  1.9378401e-16  -3.5668587e-17  -7.8870182e-18  1.0000000   -2.5169701e-16  1.4317023e-16  -2.6338248e-16  1.8640233e-16  -1.9578865e-16  1.6149334e-16  1.3393171e-16  2.9577040e-16  1.9833435e-17  1.8094858e-16  -5.0335894e-16  -3.4232650e-16  5.3616107e-16  4.2527496e-16  -1.7641558e-16  4.3090985e-16  4.1836352e-16  -5.9442177e-16  -3.8707688e-16  4.2386973e-16  6.4234958e-16  -2.8309852e-16  
7.1454380e-16  -8.9236334e-17  -4.5008850e-16  -5.2472018e-17  7.1302822e-16  5.0250950e-16  3.8071010e-16  -1.0946653e-16  -2.5169701e-16  1.0000000   2.1307115e-16  -3.7937438e-16  -5.1350361e-16  3.2208258e-16  2.1919123e-16  -4.7394815e-17  -5.4059865e-16  9.3786486e-17  -7.0516545e-17  -3.6768437e-16  6.1815049e-16  -4.5213918e-16  2.5076663e-16  -1.2200587e-16  5.6375835e-16  -3.7138412e-16  2.6725320e-16  4.6114413e-17  -1.4731410e-16  4.8538935e-16  -3.5887070e-16  7.1454380e-16  -8.9236334e-17  -4.5008850e-16  -5.2472018e-17  7.1302822e-16  5.0250950e-16  3.8071010e-16  -1.0946653e-16  -2.5169701e-16  1.0000000   2.1307115e-16  -3.7937438e-16  -5.1350361e-16  3.2208258e-16  2.1919123e-16  -4.7394815e-17  -5.4059865e-16  9.3786486e-17  -7.0516545e-17  -3.6768437e-16  6.1815049e-16  -4.5213918e-16  2.5076663e-16  -1.2200587e-16  5.6375835e-16  -3.7138412e-16  2.6725320e-16  4.6114413e-17  -1.4731410e-16  4.8538935e-16  -3.5887070e-16  
1.0328975e-15  2.2480643e-16  -9.8349353e-16  3.3040180e-16  -4.8185985e-16  1.1816783e-15  2.1933845e-16  7.9248788e-17  1.4317023e-16  2.1307115e-16  1.0000000   -7.0759391e-16  -2.6273891e-16  -3.5605057e-16  6.4339179e-16  -5.9757391e-17  -5.3754536e-16  4.0147181e-16  1.5827332e-16  -3.3167503e-16  -3.7934567e-16  -1.0921408e-16  -2.2789697e-16  -3.9026954e-16  9.2429040e-16  -1.8744680e-16  -2.7184717e-16  -3.5294316e-16  -6.9090074e-16  8.0908662e-16  -7.4860788e-18  1.0328975e-15  2.2480643e-16  -9.8349353e-16  3.3040180e-16  -4.8185985e-16  1.1816783e-15  2.1933845e-16  7.9248788e-17  1.4317023e-16  2.1307115e-16  1.0000000   -7.0759391e-16  -2.6273891e-16  -3.5605057e-16  6.4339179e-16  -5.9757391e-17  -5.3754536e-16  4.0147181e-16  1.5827332e-16  -3.3167503e-16  -3.7934567e-16  -1.0921408e-16  -2.2789697e-16  -3.9026954e-16  9.2429040e-16  -1.8744680e-16  -2.7184717e-16  -3.5294316e-16  -6.9090074e-16  8.0908662e-16  -7.4860788e-18  
5.5193659e-16  5.5444723e-16  2.3802497e-16  2.7616862e-16  9.3143310e-17  1.5913507e-16  9.0087526e-17  -3.2100485e-16  -2.6338248e-16  -3.7937438e-16  -7.0759391e-16  1.0000000   5.4316941e-17  -8.8959743e-17  -6.1520835e-16  2.3179763e-16  -2.5697927e-16  -1.7259536e-16  7.5722151e-17  4.1708129e-16  -1.7184249e-16  -7.7286005e-16  -6.8207783e-16  -3.2864480e-16  -3.5866337e-16  -3.8926001e-17  6.1596838e-17  4.7951720e-16  2.8653061e-16  -1.0959525e-15  -7.5471182e-16  5.5193659e-16  5.5444723e-16  2.3802497e-16  2.7616862e-16  9.3143310e-17  1.5913507e-16  9.0087526e-17  -3.2100485e-16  -2.6338248e-16  -3.7937438e-16  -7.0759391e-16  1.0000000   5.4316941e-17  -8.8959743e-17  -6.1520835e-16  2.3179763e-16  -2.5697927e-16  -1.7259536e-16  7.5722151e-17  4.1708129e-16  -1.7184249e-16  -7.7286005e-16  -6.8207783e-16  -3.2864480e-16  -3.5866337e-16  -3.8926001e-17  6.1596838e-17  4.7951720e-16  2.8653061e-16  -1.0959525e-15  -7.5471182e-16  
5.6092880e-16  -1.4930018e-16  -3.4119993e-16  -1.4189794e-17  -5.3819955e-16  4.7617904e-16  -7.6236114e-16  -1.7421621e-16  1.8640233e-16  -5.1350361e-16  -2.6273891e-16  5.4316941e-17  1.0000000   1.2935414e-16  -6.7585990e-17  -1.5666504e-16  -1.1333635e-16  1.4586328e-16  5.6663354e-17  -3.8730079e-16  -3.8124582e-16  4.7330813e-16  -6.4166564e-17  -3.9261594e-16  3.0863735e-16  8.0864832e-16  -2.3104973e-16  -3.6396184e-16  -5.7812229e-16  -3.1548612e-17  -1.2154432e-16  5.6092880e-16  -1.4930018e-16  -3.4119993e-16  -1.4189794e-17  -5.3819955e-16  4.7617904e-16  -7.6236114e-16  -1.7421621e-16  1.8640233e-16  -5.1350361e-16  -2.6273891e-16  5.4316941e-17  1.0000000   1.2935414e-16  -6.7585990e-17  -1.5666504e-16  -1.1333635e-16  1.4586328e-16  5.6663354e-17  -3.8730079e-16  -3.8124582e-16  4.7330813e-16  -6.4166564e-17  -3.9261594e-16  3.0863735e-16  8.0864832e-16  -2.3104973e-16  -3.6396184e-16  -5.7812229e-16  -3.1548612e-17  -1.2154432e-16  
-3.2660661e-16  1.9958706e-16  4.0188618e-16  -3.7515235e-17  -4.5854786e-16  5.8244737e-16  -3.4208087e-16  -6.0831283e-16  -1.9578865e-16  3.2208258e-16  -3.5605057e-16  -8.8959743e-17  1.2935414e-16  1.0000000   -9.4879965e-17  -1.9844916e-16  -5.3713692e-17  -9.5658571e-17  9.8322267e-17  -6.4516121e-17  -4.7830673e-16  -3.7539347e-16  3.6342356e-16  5.2468698e-16  -3.1803851e-16  -1.9797946e-16  1.8153399e-16  -4.5025515e-16  -2.9571201e-16  4.3583498e-17  2.2334969e-16  -3.2660661e-16  1.9958706e-16  4.0188618e-16  -3.7515235e-17  -4.5854786e-16  5.8244737e-16  -3.4208087e-16  -6.0831283e-16  -1.9578865e-16  3.2208258e-16  -3.5605057e-16  -8.8959743e-17  1.2935414e-16  1.0000000   -9.4879965e-17  -1.9844916e-16  -5.3713692e-17  -9.5658571e-17  9.8322267e-17  -6.4516121e-17  -4.7830673e-16  -3.7539347e-16  3.6342356e-16  5.2468698e-16  -3.1803851e-16  -1.9797946e-16  1.8153399e-16  -4.5025515e-16  -2.9571201e-16  4.3583498e-17  2.2334969e-16  
-5.4980389e-16  -2.8102637e-16  5.9021575e-16  3.1521346e-16  -5.2519891e-17  -1.9592325e-16  3.7976878e-16  5.9655604e-19  1.6149334e-16  2.1919123e-16  6.4339179e-16  -6.1520835e-16  -6.7585990e-17  -9.4879965e-17  1.0000000   -5.4669461e-16  8.1317875e-16  7.2508139e-16  5.2904676e-16  2.1121857e-16  -3.2632981e-16  1.2417767e-16  3.4901151e-16  -1.3971355e-15  1.9944123e-16  -1.1814414e-15  -2.5893543e-16  1.7827158e-17  -1.6602155e-16  1.2710169e-16  -8.8102630e-17  -5.4980389e-16  -2.8102637e-16  5.9021575e-16  3.1521346e-16  -5.2519891e-17  -1.9592325e-16  3.7976878e-16  5.9655604e-19  1.6149334e-16  2.1919123e-16  6.4339179e-16  -6.1520835e-16  -6.7585990e-17  -9.4879965e-17  1.0000000   -5.4669461e-16  8.1317875e-16  7.2508139e-16  5.2904676e-16  2.1121857e-16  -3.2632981e-16  1.2417767e-16  3.4901151e-16  -1.3971355e-15  1.9944123e-16  -1.1814414e-15  -2.5893543e-16  1.7827158e-17  -1.6602155e-16  1.2710169e-16  -8.8102630e-17  
1.6071679e-16  3.0877098e-16  2.3050230e-17  3.7622717e-17  6.0128326e-17  4.4690482e-16  -1.0647410e-16  4.6268627e-17  1.3393171e-16  -4.7394815e-17  -5.9757391e-17  2.3179763e-16  -1.5666504e-16  -1.9844916e-16  -5.4669461e-16  1.0000000   -8.5751780e-16  2.1911044e-16  -5.0658960e-16  -4.2860928e-16  -4.9583987e-16  2.5211422e-16  2.8712842e-16  2.1222474e-16  4.0197416e-16  1.7566083e-16  3.9684711e-16  3.0206940e-16  1.7965522e-16  3.6781956e-16  -2.5869789e-16  1.6071679e-16  3.0877098e-16  2.3050230e-17  3.7622717e-17  6.0128326e-17  4.4690482e-16  -1.0647410e-16  4.6268627e-17  1.3393171e-16  -4.7394815e-17  -5.9757391e-17  2.3179763e-16  -1.5666504e-16  -1.9844916e-16  -5.4669461e-16  1.0000000   -8.5751780e-16  2.1911044e-16  -5.0658960e-16  -4.2860928e-16  -4.9583987e-16  2.5211422e-16  2.8712842e-16  2.1222474e-16  4.0197416e-16  1.7566083e-16  3.9684711e-16  3.0206940e-16  1.7965522e-16  3.6781956e-16  -2.5869789e-16  
7.6406696e-16  6.0230978e-16  -1.2547238e-16  5.5850785e-16  2.1158079e-16  -6.2777016e-17  -2.8500875e-16  4.3494173e-16  2.9577040e-16  -5.4059865e-16  -5.3754536e-16  -2.5697927e-16  -1.1333635e-16  -5.3713692e-17  8.1317875e-16  -8.5751780e-16  1.0000000   3.5832802e-18  -8.1348912e-18  -3.6650022e-16  1.3236897e-16  1.6351651e-16  1.7565953e-17  5.3829302e-16  -2.2403768e-16  3.4897420e-16  -8.9567866e-16  1.2078425e-17  8.7136257e-16  1.8787435e-16  -1.9946349e-16  7.6406696e-16  6.0230978e-16  -1.2547238e-16  5.5850785e-16  2.1158079e-16  -6.2777016e-17  -2.8500875e-16  4.3494173e-16  2.9577040e-16  -5.4059865e-16  -5.3754536e-16  -2.5697927e-16  -1.1333635e-16  -5.3713692e-17  8.1317875e-16  -8.5751780e-16  1.0000000   3.5832802e-18  -8.1348912e-18  -3.6650022e-16  1.3236897e-16  1.6351651e-16  1.7565953e-17  5.3829302e-16  -2.2403768e-16  3.4897420e-16  -8.9567866e-16  1.2078425e-17  8.7136257e-16  1.8787435e-16  -1.9946349e-16  
-3.3096050e-16  -1.9123294e-16  -5.2520438e-16  4.7981604e-19  1.7189917e-16  -4.9788928e-16  9.1341320e-17  2.2197047e-16  1.9833435e-17  9.3786486e-17  4.0147181e-16  -1.7259536e-16  1.4586328e-16  -9.5658571e-17  7.2508139e-16  2.1911044e-16  3.5832802e-18  1.0000000   3.5089703e-17  2.1319061e-16  1.0341432e-15  1.4605264e-16  4.3148871e-16  5.3963245e-16  2.7042216e-16  4.7847640e-16  6.1017236e-17  -6.1614844e-17  -1.0522475e-16  -5.8758351e-16  2.0707003e-16  -3.3096050e-16  -1.9123294e-16  -5.2520438e-16  4.7981604e-19  1.7189917e-16  -4.9788928e-16  9.1341320e-17  2.2197047e-16  1.9833435e-17  9.3786486e-17  4.0147181e-16  -1.7259536e-16  1.4586328e-16  -9.5658571e-17  7.2508139e-16  2.1911044e-16  3.5832802e-18  1.0000000   3.5089703e-17  2.1319061e-16  1.0341432e-15  1.4605264e-16  4.3148871e-16  5.3963245e-16  2.7042216e-16  4.7847640e-16  6.1017236e-17  -6.1614844e-17  -1.0522475e-16  -5.8758351e-16  2.0707003e-16  
2.5763963e-17  4.6767482e-16  3.6620484e-16  9.3168709e-17  -2.4494221e-17  1.0117564e-15  -2.6160982e-16  -7.3390248e-16  1.8094858e-16  -7.0516545e-17  1.5827332e-16  7.5722151e-17  5.6663354e-17  9.8322267e-17  5.2904676e-16  -5.0658960e-16  -8.1348912e-18  3.5089703e-17  1.0000000   -1.0993575e-16  6.9273172e-16  1.5196815e-16  -1.7051035e-16  7.1800290e-16  -5.3829606e-16  6.9964591e-17  7.1020512e-16  2.2182663e-16  -5.6222188e-16  8.8292837e-16  3.5242580e-16  2.5763963e-17  4.6767482e-16  3.6620484e-16  9.3168709e-17  -2.4494221e-17  1.0117564e-15  -2.6160982e-16  -7.3390248e-16  1.8094858e-16  -7.0516545e-17  1.5827332e-16  7.5722151e-17  5.6663354e-17  9.8322267e-17  5.2904676e-16  -5.0658960e-16  -8.1348912e-18  3.5089703e-17  1.0000000   -1.0993575e-16  6.9273172e-16  1.5196815e-16  -1.7051035e-16  7.1800290e-16  -5.3829606e-16  6.9964591e-17  7.1020512e-16  2.2182663e-16  -5.6222188e-16  8.8292837e-16  3.5242580e-16  
-4.7480005e-16  -1.7082390e-16  2.6731298e-16  3.4854174e-16  6.5140935e-16  5.5084698e-17  -6.5157263e-16  -2.9563443e-16  -5.0335894e-16  -3.6768437e-16  -3.3167503e-16  4.1708129e-16  -3.8730079e-16  -6.4516121e-17  2.1121857e-16  -4.2860928e-16  -3.6650022e-16  2.1319061e-16  -1.0993575e-16  1.0000000   2.1799417e-16  1.8376999e-16  3.9352420e-16  3.3437277e-17  4.5102435e-16  -1.9432296e-17  -3.8298606e-17  -3.3738417e-16  -6.4278939e-16  3.6467336e-16  1.8815871e-16  -4.7480005e-16  -1.7082390e-16  2.6731298e-16  3.4854174e-16  6.5140935e-16  5.5084698e-17  -6.5157263e-16  -2.9563443e-16  -5.0335894e-16  -3.6768437e-16  -3.3167503e-16  4.1708129e-16  -3.8730079e-16  -6.4516121e-17  2.1121857e-16  -4.2860928e-16  -3.6650022e-16  2.1319061e-16  -1.0993575e-16  1.0000000   2.1799417e-16  1.8376999e-16  3.9352420e-16  3.3437277e-17  4.5102435e-16  -1.9432296e-17  -3.8298606e-17  -3.3738417e-16  -6.4278939e-16  3.6467336e-16  1.8815871e-16  
2.5925568e-17  -7.2994651e-16  2.3055143e-16  -5.6269721e-16  8.7599337e-16  2.5248833e-16  -6.5916033e-16  3.2494007e-16  -3.4232650e-16  6.1815049e-16  -3.7934567e-16  -1.7184249e-16  -3.8124582e-16  -4.7830673e-16  -3.2632981e-16  -4.9583987e-16  1.3236897e-16  1.0341432e-15  6.9273172e-16  2.1799417e-16  1.0000000   5.4612682e-16  1.6229975e-16  4.0370648e-16  -2.0279794e-17  -9.6023860e-17  -3.0859824e-16  -7.4322028e-17  -2.6676663e-16  -1.6557529e-16  2.8224534e-16  2.5925568e-17  -7.2994651e-16  2.3055143e-16  -5.6269721e-16  8.7599337e-16  2.5248833e-16  -6.5916033e-16  3.2494007e-16  -3.4232650e-16  6.1815049e-16  -3.7934567e-16  -1.7184249e-16  -3.8124582e-16  -4.7830673e-16  -3.2632981e-16  -4.9583987e-16  1.3236897e-16  1.0341432e-15  6.9273172e-16  2.1799417e-16  1.0000000   5.4612682e-16  1.6229975e-16  4.0370648e-16  -2.0279794e-17  -9.6023860e-17  -3.0859824e-16  -7.4322028e-17  -2.6676663e-16  -1.6557529e-16  2.8224534e-16  
6.9520673e-17  1.5209457e-16  1.1442396e-16  4.0545654e-16  4.1973672e-17  6.1863165e-16  1.4683136e-16  -1.2097025e-16  5.3616107e-16  -4.5213918e-16  -1.0921408e-16  -7.7286005e-16  4.7330813e-16  -3.7539347e-16  1.2417767e-16  2.5211422e-16  1.6351651e-16  1.4605264e-16  1.5196815e-16  1.8376999e-16  5.4612682e-16  1.0000000   4.5788191e-17  -1.8982513e-16  -6.6322283e-18  -4.2704227e-16  -5.3034070e-17  -1.8344596e-16  1.6342052e-16  4.2526282e-16  -6.3384349e-17  6.9520673e-17  1.5209457e-16  1.1442396e-16  4.0545654e-16  4.1973672e-17  6.1863165e-16  1.4683136e-16  -1.2097025e-16  5.3616107e-16  -4.5213918e-16  -1.0921408e-16  -7.7286005e-16  4.7330813e-16  -3.7539347e-16  1.2417767e-16  2.5211422e-16  1.6351651e-16  1.4605264e-16  1.5196815e-16  1.8376999e-16  5.4612682e-16  1.0000000   4.5788191e-17  -1.8982513e-16  -6.6322283e-18  -4.2704227e-16  -5.3034070e-17  -1.8344596e-16  1.6342052e-16  4.2526282e-16  -6.3384349e-17  
-3.9150194e-18  -3.3755518e-16  -4.2498947e-16  1.5600852e-17  -2.1777026e-16  -6.8326889e-16  -5.5418330e-16  4.2189143e-16  4.2527496e-16  2.5076663e-16  -2.2789697e-16  -6.8207783e-16  -6.4166564e-17  3.6342356e-16  3.4901151e-16  2.8712842e-16  1.7565953e-17  4.3148871e-16  -1.7051035e-16  3.9352420e-16  1.6229975e-16  4.5788191e-17  1.0000000   1.7636087e-16  8.3294944e-17  1.1293735e-16  -1.4797730e-16  3.1378359e-17  5.6035642e-16  -4.6277665e-16  -1.2079750e-16  -3.9150194e-18  -3.3755518e-16  -4.2498947e-16  1.5600852e-17  -2.1777026e-16  -6.8326889e-16  -5.5418330e-16  4.2189143e-16  4.2527496e-16  2.5076663e-16  -2.2789697e-16  -6.8207783e-16  -6.4166564e-17  3.6342356e-16  3.4901151e-16  2.8712842e-16  1.7565953e-17  4.3148871e-16  -1.7051035e-16  3.9352420e-16  1.6229975e-16  4.5788191e-17  1.0000000   1.7636087e-16  8.3294944e-17  1.1293735e-16  -1.4797730e-16  3.1378359e-17  5.6035642e-16  -4.6277665e-16  -1.2079750e-16  
-1.1263652e-16  8.4715019e-16  4.0660252e-16  5.1665980e-16  1.5073176e-16  -3.8889945e-16  6.0268689e-16  -1.7434370e-16  -1.7641558e-16  -1.2200587e-16  -3.9026954e-16  -3.2864480e-16  -3.9261594e-16  5.2468698e-16  -1.3971355e-15  2.1222474e-16  5.3829302e-16  5.3963245e-16  7.1800290e-16  3.3437277e-17  4.0370648e-16  -1.8982513e-16  1.7636087e-16  1.0000000   -1.8132521e-16  -2.6144730e-16  2.1918688e-16  1.4887194e-16  1.3670984e-16  8.3650724e-16  2.5278179e-16  -1.1263652e-16  8.4715019e-16  4.0660252e-16  5.1665980e-16  1.5073176e-16  -3.8889945e-16  6.0268689e-16  -1.7434370e-16  -1.7641558e-16  -1.2200587e-16  -3.9026954e-16  -3.2864480e-16  -3.9261594e-16  5.2468698e-16  -1.3971355e-15  2.1222474e-16  5.3829302e-16  5.3963245e-16  7.1800290e-16  3.3437277e-17  4.0370648e-16  -1.8982513e-16  1.7636087e-16  1.0000000   -1.8132521e-16  -2.6144730e-16  2.1918688e-16  1.4887194e-16  1.3670984e-16  8.3650724e-16  2.5278179e-16  
-8.1319973e-16  -9.8565344e-16  -6.2109134e-16  5.5155785e-16  -3.5226466e-17  -3.9944226e-16  6.0291099e-16  4.4391082e-16  4.3090985e-16  5.6375835e-16  9.2429040e-16  -3.5866337e-16  3.0863735e-16  -3.1803851e-16  1.9944123e-16  4.0197416e-16  -2.2403768e-16  2.7042216e-16  -5.3829606e-16  4.5102435e-16  -2.0279794e-17  -6.6322283e-18  8.3294944e-17  -1.8132521e-16  1.0000000   1.5322774e-16  -3.4634033e-16  -4.3969757e-16  -7.9268807e-16  6.4441138e-17  7.8780185e-17  -8.1319973e-16  -9.8565344e-16  -6.2109134e-16  5.5155785e-16  -3.5226466e-17  -3.9944226e-16  6.0291099e-16  4.4391082e-16  4.3090985e-16  5.6375835e-16  9.2429040e-16  -3.5866337e-16  3.0863735e-16  -3.1803851e-16  1.9944123e-16  4.0197416e-16  -2.2403768e-16  2.7042216e-16  -5.3829606e-16  4.5102435e-16  -2.0279794e-17  -6.6322283e-18  8.3294944e-17  -1.8132521e-16  1.0000000   1.5322774e-16  -3.4634033e-16  -4.3969757e-16  -7.9268807e-16  6.4441138e-17  7.8780185e-17  
-4.6351975e-16  -4.0741471e-16  3.1823230e-16  2.9633498e-16  6.0804412e-17  -4.1809010e-17  -2.6187990e-16  -8.3581014e-16  4.1836352e-16  -3.7138412e-16  -1.8744680e-16  -3.8926001e-17  8.0864832e-16  -1.9797946e-16  -1.1814414e-15  1.7566083e-16  3.4897420e-16  4.7847640e-16  6.9964591e-17  -1.9432296e-17  -9.6023860e-17  -4.2704227e-16  1.1293735e-16  -2.6144730e-16  1.5322774e-16  1.0000000   1.0864334e-16  6.2602706e-16  -8.6237129e-16  3.8000800e-16  -3.5746165e-16  -4.6351975e-16  -4.0741471e-16  3.1823230e-16  2.9633498e-16  6.0804412e-17  -4.1809010e-17  -2.6187990e-16  -8.3581014e-16  4.1836352e-16  -3.7138412e-16  -1.8744680e-16  -3.8926001e-17  8.0864832e-16  -1.9797946e-16  -1.1814414e-15  1.7566083e-16  3.4897420e-16  4.7847640e-16  6.9964591e-17  -1.9432296e-17  -9.6023860e-17  -4.2704227e-16  1.1293735e-16  -2.6144730e-16  1.5322774e-16  1.0000000   1.0864334e-16  6.2602706e-16  -8.6237129e-16  3.8000800e-16  -3.5746165e-16  
-2.9398771e-16  -5.7446526e-16  6.0405874e-16  2.8482819e-16  1.2278995e-16  -2.1860456e-16  -3.4860873e-16  6.9246056e-16  -5.9442177e-16  2.6725320e-16  -2.7184717e-16  6.1596838e-17  -2.3104973e-16  1.8153399e-16  -2.5893543e-16  3.9684711e-16  -8.9567866e-16  6.1017236e-17  7.1020512e-16  -3.8298606e-17  -3.0859824e-16  -5.3034070e-17  -1.4797730e-16  2.1918688e-16  -3.4634033e-16  1.0864334e-16  1.0000000   5.1233627e-17  7.1020494e-16  -4.0856308e-17  4.1845162e-16  -2.9398771e-16  -5.7446526e-16  6.0405874e-16  2.8482819e-16  1.2278995e-16  -2.1860456e-16  -3.4860873e-16  6.9246056e-16  -5.9442177e-16  2.6725320e-16  -2.7184717e-16  6.1596838e-17  -2.3104973e-16  1.8153399e-16  -2.5893543e-16  3.9684711e-16  -8.9567866e-16  6.1017236e-17  7.1020512e-16  -3.8298606e-17  -3.0859824e-16  -5.3034070e-17  -1.4797730e-16  2.1918688e-16  -3.4634033e-16  1.0864334e-16  1.0000000   5.1233627e-17  7.1020494e-16  -4.0856308e-17  4.1845162e-16  
2.4593294e-16  -9.6222314e-18  -2.6255155e-16  1.1628516e-16  -9.0459525e-17  -3.0937885e-17  -3.5630867e-16  2.1714118e-16  -3.8707688e-16  4.6114413e-17  -3.5294316e-16  4.7951720e-16  -3.6396184e-16  -4.5025515e-16  1.7827158e-17  3.0206940e-16  1.2078425e-17  -6.1614844e-17  2.2182663e-16  -3.3738417e-16  -7.4322028e-17  -1.8344596e-16  3.1378359e-17  1.4887194e-16  -4.3969757e-16  6.2602706e-16  5.1233627e-17  1.0000000   7.1528612e-16  -2.1322148e-16  -2.1703033e-16  2.4593294e-16  -9.6222314e-18  -2.6255155e-16  1.1628516e-16  -9.0459525e-17  -3.0937885e-17  -3.5630867e-16  2.1714118e-16  -3.8707688e-16  4.6114413e-17  -3.5294316e-16  4.7951720e-16  -3.6396184e-16  -4.5025515e-16  1.7827158e-17  3.0206940e-16  1.2078425e-17  -6.1614844e-17  2.2182663e-16  -3.3738417e-16  -7.4322028e-17  -1.8344596e-16  3.1378359e-17  1.4887194e-16  -4.3969757e-16  6.2602706e-16  5.1233627e-17  1.0000000   7.1528612e-16  -2.1322148e-16  -2.1703033e-16  
9.8035822e-16  3.5687164e-16  -5.4116863e-16  6.4999610e-16  -1.2877524e-16  -4.6491870e-16  1.3989744e-16  1.7982123e-16  4.2386973e-16  -1.4731410e-16  -6.9090074e-16  2.8653061e-16  -5.7812229e-16  -2.9571201e-16  -1.6602155e-16  1.7965522e-16  8.7136257e-16  -1.0522475e-16  -5.6222188e-16  -6.4278939e-16  -2.6676663e-16  1.6342052e-16  5.6035642e-16  1.3670984e-16  -7.9268807e-16  -8.6237129e-16  7.1020494e-16  7.1528612e-16  1.0000000   -6.3365613e-16  5.2805009e-16  9.8035822e-16  3.5687164e-16  -5.4116863e-16  6.4999610e-16  -1.2877524e-16  -4.6491870e-16  1.3989744e-16  1.7982123e-16  4.2386973e-16  -1.4731410e-16  -6.9090074e-16  2.8653061e-16  -5.7812229e-16  -2.9571201e-16  -1.6602155e-16  1.7965522e-16  8.7136257e-16  -1.0522475e-16  -5.6222188e-16  -6.4278939e-16  -2.6676663e-16  1.6342052e-16  5.6035642e-16  1.3670984e-16  -7.9268807e-16  -8.6237129e-16  7.1020494e-16  7.1528612e-16  1.0000000   -6.3365613e-16  5.2805009e-16  
3.2398450e-16  -7.1557196e-17  3.9459999e-16  -2.9249199e-17  1.6429975e-16  4.0172694e-16  -4.0620661e-17  8.6627940e-16  6.4234958e-16  4.8538935e-16  8.0908662e-16  -1.0959525e-15  -3.1548612e-17  4.3583498e-17  1.2710169e-16  3.6781956e-16  1.8787435e-16  -5.8758351e-16  8.8292837e-16  3.6467336e-16  -1.6557529e-16  4.2526282e-16  -4.6277665e-16  8.3650724e-16  6.4441138e-17  3.8000800e-16  -4.0856308e-17  -2.1322148e-16  -6.3365613e-16  1.0000000   1.4235887e-16  3.2398450e-16  -7.1557196e-17  3.9459999e-16  -2.9249199e-17  1.6429975e-16  4.0172694e-16  -4.0620661e-17  8.6627940e-16  6.4234958e-16  4.8538935e-16  8.0908662e-16  -1.0959525e-15  -3.1548612e-17  4.3583498e-17  1.2710169e-16  3.6781956e-16  1.8787435e-16  -5.8758351e-16  8.8292837e-16  3.6467336e-16  -1.6557529e-16  4.2526282e-16  -4.6277665e-16  8.3650724e-16  6.4441138e-17  3.8000800e-16  -4.0856308e-17  -2.1322148e-16  -6.3365613e-16  1.0000000   1.4235887e-16  
3.0164269e-16  1.8285110e-16  -4.2486070e-16  -4.9846294e-17  -3.7895512e-16  -3.9168173e-17  -1.7725376e-16  1.7808091e-16  -2.8309852e-16  -3.5887070e-16  -7.4860788e-18  -7.5471182e-16  -1.2154432e-16  2.2334969e-16  -8.8102630e-17  -2.5869789e-16  -1.9946349e-16  2.0707003e-16  3.5242580e-16  1.8815871e-16  2.8224534e-16  -6.3384349e-17  -1.2079750e-16  2.5278179e-16  7.8780185e-17  -3.5746165e-16  4.1845162e-16  -2.1703033e-16  5.2805009e-16  1.4235887e-16  1.0000000   3.0164269e-16  1.8285110e-16  -4.2486070e-16  -4.9846294e-17  -3.7895512e-16  -3.9168173e-17  -1.7725376e-16  1.7808091e-16  -2.8309852e-16  -3.5887070e-16  -7.4860788e-18  -7.5471182e-16  -1.2154432e-16  2.2334969e-16  -8.8102630e-17  -2.5869789e-16  -1.9946349e-16  2.0707003e-16  3.5242580e-16  1.8815871e-16  2.8224534e-16  -6.3384349e-17  -1.2079750e-16  2.5278179e-16  7.8780185e-17  -3.5746165e-16  4.1845162e-16  -2.1703033e-16  5.2805009e-16  1.4235887e-16  1.0000000   
1.0000000   -2.0465176e-16  2.6032330e-16  -6.4749509e-16  -3.7109827e-16  7.2742044e-16  -1.0620400e-16  2.7463707e-16  -5.3552976e-16  7.1454380e-16  1.0328975e-15  5.5193659e-16  5.6092880e-16  -3.2660661e-16  -5.4980389e-16  1.6071679e-16  7.6406696e-16  -3.3096050e-16  2.5763963e-17  -4.7480005e-16  2.5925568e-17  6.9520673e-17  -3.9150194e-18  -1.1263652e-16  -8.1319973e-16  -4.6351975e-16  -2.9398771e-16  2.4593294e-16  9.8035822e-16  3.2398450e-16  3.0164269e-16  1.0000000   -2.0465176e-16  2.6032330e-16  -6.4749509e-16  -3.7109827e-16  7.2742044e-16  -1.0620400e-16  2.7463707e-16  -5.3552976e-16  7.1454380e-16  1.0328975e-15  5.5193659e-16  5.6092880e-16  -3.2660661e-16  -5.4980389e-16  1.6071679e-16  7.6406696e-16  -3.3096050e-16  2.5763963e-17  -4.7480005e-16  2.5925568e-17  6.9520673e-17  -3.9150194e-18  -1.1263652e-16  -8.1319973e-16  -4.6351975e-16  -2.9398771e-16  2.4593294e-16  9.8035822e-16  3.2398450e-16  3.0164269e-16  
-2.0465176e-16  1.0000000   9.9926263e-17  2.7621484e-16  1.2397887e-16  -2.8297437e-16  1.9629630e-16  2.2922920e-16  -5.2507906e-16  -8.9236334e-17  2.2480643e-16  5.5444723e-16  -1.4930018e-16  1.9958706e-16  -2.8102637e-16  3.0877098e-16  6.0230978e-16  -1.9123294e-16  4.6767482e-16  -1.7082390e-16  -7.2994651e-16  1.5209457e-16  -3.3755518e-16  8.4715019e-16  -9.8565344e-16  -4.0741471e-16  -5.7446526e-16  -9.6222314e-18  3.5687164e-16  -7.1557196e-17  1.8285110e-16  -2.0465176e-16  1.0000000   9.9926263e-17  2.7621484e-16  1.2397887e-16  -2.8297437e-16  1.9629630e-16  2.2922920e-16  -5.2507906e-16  -8.9236334e-17  2.2480643e-16  5.5444723e-16  -1.4930018e-16  1.9958706e-16  -2.8102637e-16  3.0877098e-16  6.0230978e-16  -1.9123294e-16  4.6767482e-16  -1.7082390e-16  -7.2994651e-16  1.5209457e-16  -3.3755518e-16  8.4715019e-16  -9.8565344e-16  -4.0741471e-16  -5.7446526e-16  -9.6222314e-18  3.5687164e-16  -7.1557196e-17  1.8285110e-16  
2.6032330e-16  9.9926263e-17  1.0000000   -6.9505431e-16  3.7075103e-16  2.5346982e-16  2.2803603e-16  -1.2631498e-17  5.4336373e-16  -4.5008850e-16  -9.8349353e-16  2.3802497e-16  -3.4119993e-16  4.0188618e-16  5.9021575e-16  2.3050230e-17  -1.2547238e-16  -5.2520438e-16  3.6620484e-16  2.6731298e-16  2.3055143e-16  1.1442396e-16  -4.2498947e-16  4.0660252e-16  -6.2109134e-16  3.1823230e-16  6.0405874e-16  -2.6255155e-16  -5.4116863e-16  3.9459999e-16  -4.2486070e-16  2.6032330e-16  9.9926263e-17  1.0000000   -6.9505431e-16  3.7075103e-16  2.5346982e-16  2.2803603e-16  -1.2631498e-17  5.4336373e-16  -4.5008850e-16  -9.8349353e-16  2.3802497e-16  -3.4119993e-16  4.0188618e-16  5.9021575e-16  2.3050230e-17  -1.2547238e-16  -5.2520438e-16  3.6620484e-16  2.6731298e-16  2.3055143e-16  1.1442396e-16  -4.2498947e-16  4.0660252e-16  -6.2109134e-16  3.1823230e-16  6.0405874e-16  -2.6255155e-16  -5.4116863e-16  3.9459999e-16  -4.2486070e-16  
-6.4749509e-16  2.7621484e-16  -6.9505431e-16  1.0000000   1.2752183e-16  -6.9945199e-16  5.9317832e-16  1.2894576e-17  6.8877466e-16  -5.2472018e-17  3.3040180e-16  2.7616862e-16  -1.4189794e-17  -3.7515235e-17  3.1521346e-16  3.7622717e-17  5.5850785e-16  4.7981604e-19  9.3168709e-17  3.4854174e-16  -5.6269721e-16  4.0545654e-16  1.5600852e-17  5.1665980e-16  5.5155785e-16  2.9633498e-16  2.8482819e-16  1.1628516e-16  6.4999610e-16  -2.9249199e-17  -4.9846294e-17  -6.4749509e-16  2.7621484e-16  -6.9505431e-16  1.0000000   1.2752183e-16  -6.9945199e-16  5.9317832e-16  1.2894576e-17  6.8877466e-16  -5.2472018e-17  3.3040180e-16  2.7616862e-16  -1.4189794e-17  -3.7515235e-17  3.1521346e-16  3.7622717e-17  5.5850785e-16  4.7981604e-19  9.3168709e-17  3.4854174e-16  -5.6269721e-16  4.0545654e-16  1.5600852e-17  5.1665980e-16  5.5155785e-16  2.9633498e-16  2.8482819e-16  1.1628516e-16  6.4999610e-16  -2.9249199e-17  -4.9846294e-17  
-3.7109827e-16  1.2397887e-16  3.7075103e-16  1.2752183e-16  1.0000000   1.3148102e-17  -5.5116673e-16  -3.4763176e-16  3.9221740e-16  7.1302822e-16  -4.8185985e-16  9.3143310e-17  -5.3819955e-16  -4.5854786e-16  -5.2519891e-17  6.0128326e-17  2.1158079e-16  1.7189917e-16  -2.4494221e-17  6.5140935e-16  8.7599337e-16  4.1973672e-17  -2.1777026e-16  1.5073176e-16  -3.5226466e-17  6.0804412e-17  1.2278995e-16  -9.0459525e-17  -1.2877524e-16  1.6429975e-16  -3.7895512e-16  -3.7109827e-16  1.2397887e-16  3.7075103e-16  1.2752183e-16  1.0000000   1.3148102e-17  -5.5116673e-16  -3.4763176e-16  3.9221740e-16  7.1302822e-16  -4.8185985e-16  9.3143310e-17  -5.3819955e-16  -4.5854786e-16  -5.2519891e-17  6.0128326e-17  2.1158079e-16  1.7189917e-16  -2.4494221e-17  6.5140935e-16  8.7599337e-16  4.1973672e-17  -2.1777026e-16  1.5073176e-16  -3.5226466e-17  6.0804412e-17  1.2278995e-16  -9.0459525e-17  -1.2877524e-16  1.6429975e-16  -3.7895512e-16  
7.2742044e-16  -2.8297437e-16  2.5346982e-16  -6.9945199e-16  1.3148102e-17  1.0000000   -2.9740205e-16  1.7944956e-16  1.9378401e-16  5.0250950e-16  1.1816783e-15  1.5913507e-16  4.7617904e-16  5.8244737e-16  -1.9592325e-16  4.4690482e-16  -6.2777016e-17  -4.9788928e-16  1.0117564e-15  5.5084698e-17  2.5248833e-16  6.1863165e-16  -6.8326889e-16  -3.8889945e-16  -3.9944226e-16  -4.1809010e-17  -2.1860456e-16  -3.0937885e-17  -4.6491870e-16  4.0172694e-16  -3.9168173e-17  7.2742044e-16  -2.8297437e-16  2.5346982e-16  -6.9945199e-16  1.3148102e-17  1.0000000   -2.9740205e-16  1.7944956e-16  1.9378401e-16  5.0250950e-16  1.1816783e-15  1.5913507e-16  4.7617904e-16  5.8244737e-16  -1.9592325e-16  4.4690482e-16  -6.2777016e-17  -4.9788928e-16  1.0117564e-15  5.5084698e-17  2.5248833e-16  6.1863165e-16  -6.8326889e-16  -3.8889945e-16  -3.9944226e-16  -4.1809010e-17  -2.1860456e-16  -3.0937885e-17  -4.6491870e-16  4.0172694e-16  -3.9168173e-17  
-1.0620400e-16  1.9629630e-16  2.2803603e-16  5.9317832e-16  -5.5116673e-16  -2.9740205e-16  1.0000000   -2.1933083e-16  -3.5668587e-17  3.8071010e-16  2.1933845e-16  9.0087526e-17  -7.6236114e-16  -3.4208087e-16  3.7976878e-16  -1.0647410e-16  -2.8500875e-16  9.1341320e-17  -2.6160982e-16  -6.5157263e-16  -6.5916033e-16  1.4683136e-16  -5.5418330e-16  6.0268689e-16  6.0291099e-16  -2.6187990e-16  -3.4860873e-16  -3.5630867e-16  1.3989744e-16  -4.0620661e-17  -1.7725376e-16  -1.0620400e-16  1.9629630e-16  2.2803603e-16  5.9317832e-16  -5.5116673e-16  -2.9740205e-16  1.0000000   -2.1933083e-16  -3.5668587e-17  3.8071010e-16  2.1933845e-16  9.0087526e-17  -7.6236114e-16  -3.4208087e-16  3.7976878e-16  -1.0647410e-16  -2.8500875e-16  9.1341320e-17  -2.6160982e-16  -6.5157263e-16  -6.5916033e-16  1.4683136e-16  -5.5418330e-16  6.0268689e-16  6.0291099e-16  -2.6187990e-16  -3.4860873e-16  -3.5630867e-16  1.3989744e-16  -4.0620661e-17  -1.7725376e-16  
2.7463707e-16  2.2922920e-16  -1.2631498e-17  1.2894576e-17  -3.4763176e-16  1.7944956e-16  -2.1933083e-16  1.0000000   -7.8870182e-18  -1.0946653e-16  7.9248788e-17  -3.2100485e-16  -1.7421621e-16  -6.0831283e-16  5.9655604e-19  4.6268627e-17  4.3494173e-16  2.2197047e-16  -7.3390248e-16  -2.9563443e-16  3.2494007e-16  -1.2097025e-16  4.2189143e-16  -1.7434370e-16  4.4391082e-16  -8.3581014e-16  6.9246056e-16  2.1714118e-16  1.7982123e-16  8.6627940e-16  1.7808091e-16  2.7463707e-16  2.2922920e-16  -1.2631498e-17  1.2894576e-17  -3.4763176e-16  1.7944956e-16  -2.1933083e-16  1.0000000   -7.8870182e-18  -1.0946653e-16  7.9248788e-17  -3.2100485e-16  -1.7421621e-16  -6.0831283e-16  5.9655604e-19  4.6268627e-17  4.3494173e-16  2.2197047e-16  -7.3390248e-16  -2.9563443e-16  3.2494007e-16  -1.2097025e-16  4.2189143e-16  -1.7434370e-16  4.4391082e-16  -8.3581014e-16  6.9246056e-16  2.1714118e-16  1.7982123e-16  8.6627940e-16  1.7808091e-16  
-5.3552976e-16  -5.2507906e-16  5.4336373e-16  6.8877466e-16  3.9221740e-16  1.9378401e-16  -3.5668587e-17  -7.8870182e-18  1.0000000   -2.5169701e-16  1.4317023e-16  -2.6338248e-16  1.8640233e-16  -1.9578865e-16  1.6149334e-16  1.3393171e-16  2.9577040e-16  1.9833435e-17  1.8094858e-16  -5.0335894e-16  -3.4232650e-16  5.3616107e-16  4.2527496e-16  -1.7641558e-16  4.3090985e-16  4.1836352e-16  -5.9442177e-16  -3.8707688e-16  4.2386973e-16  6.4234958e-16  -2.8309852e-16  -5.3552976e-16  -5.2507906e-16  5.4336373e-16  6.8877466e-16  3.9221740e-16  1.9378401e-16  -3.5668587e-17  -7.8870182e-18  1.0000000   -2.5169701e-16  1.4317023e-16  -2.6338248e-16  1.8640233e-16  -1.9578865e-16  1.6149334e-16  1.3393171e-16  2.9577040e-16  1.9833435e-17  1.8094858e-16  -5.0335894e-16  -3.4232650e-16  5.3616107e-16  4.2527496e-16  -1.7641558e-16  4.3090985e-16  4.1836352e-16  -5.9442177e-16  -3.8707688e-16  4.2386973e-16  6.4234958e-16  -2.8309852e-16  
7.1454380e-16  -8.9236334e-17  -4.5008850e-16  -5.2472018e-17  7.1302822e-16  5.0250950e-16  3.8071010e-16  -1.0946653e-16  -2.5169701e-16  1.0000000   2.1307115e-16  -3.7937438e-16  -5.1350361e-16  3.2208258e-16  2.1919123e-16  -4.7394815e-17  -5.4059865e-16  9.3786486e-17  -7.0516545e-17  -3.6768437e-16  6.1815049e-16  -4.5213918e-16  2.5076663e-16  -1.2200587e-16  5.6375835e-16  -3.7138412e-16  2.6725320e-16  4.6114413e-17  -1.4731410e-16  4.8538935e-16  -3.5887070e-16  7.1454380e-16  -8.9236334e-17  -4.5008850e-16  -5.2472018e-17  7.1302822e-16  5.0250950e-16  3.8071010e-16  -1.0946653e-16  -2.5169701e-16  1.0000000   2.1307115e-16  -3.7937438e-16  -5.1350361e-16  3.2208258e-16  2.1919123e-16  -4.7394815e-17  -5.4059865e-16  9.3786486e-17  -7.0516545e-17  -3.6768437e-16  6.1815049e-16  -4.5213918e-16  2.5076663e-16  -1.2200587e-16  5.6375835e-16  -3.7138412e-16  2.6725320e-16  4.6114413e-17  -1.4731410e-16  4.8538935e-16  -3.5887070e-16  
