1.0000000   2.1334294e-16  -6.5611893e-16  4.2945390e-16  6.4582954e-20  -6.4554270e-17  -7.4800057e-17  3.8744103e-16  6.4494131e-17  4.6274420e-16  3.2565414e-16  -2.3078882e-17  -2.2735036e-16  -3.9687795e-17  7.3423860e-17  4.2245297e-16  9.6116675e-16  -5.4553031e-16  5.1988937e-17  -3.1073043e-17  2.2928655e-16  -6.1349551e-16  2.2998383e-16  -3.9760464e-17  5.2307156e-16  4.7154563e-16  -3.7861518e-16  -2.5517153e-16  -1.8091072e-16  3.4149814e-16  4.1844376e-17  1.0000000   2.1334294e-16  -6.5611893e-16  4.2945390e-16  6.4582954e-20  -6.4554270e-17  -7.4800057e-17  3.8744103e-16  6.4494131e-17  4.6274420e-16  3.2565414e-16  -2.3078882e-17  -2.2735036e-16  -3.9687795e-17  7.3423860e-17  4.2245297e-16  9.6116675e-16  -5.4553031e-16  5.1988937e-17  -3.1073043e-17  2.2928655e-16  -6.1349551e-16  2.2998383e-16  -3.9760464e-17  5.2307156e-16  4.7154563e-16  -3.7861518e-16  -2.5517153e-16  -1.8091072e-16  3.4149814e-16  4.1844376e-17  
2.1334294e-16  1.0000000   -3.4890089e-17  -5.0480295e-17  -8.5903561e-16  6.0707970e-17  2.2031542e-16  2.5619210e-16  4.8420752e-16  -1.4445682e-16  -4.1325798e-16  9.8048987e-17  -2.4879366e-17  -9.2852337e-16  -1.0573237e-15  8.3025612e-16  1.6238247e-17  6.2428193e-16  -2.1358957e-16  1.9186850e-16  -4.3053702e-17  -1.2635006e-16  1.0370301e-15  4.5879545e-16  5.5715873e-17  1.8848546e-16  -2.7173049e-19  5.6912324e-16  -1.9036610e-16  -4.0258105e-17  -2.1695025e-17  2.1334294e-16  1.0000000   -3.4890089e-17  -5.0480295e-17  -8.5903561e-16  6.0707970e-17  2.2031542e-16  2.5619210e-16  4.8420752e-16  -1.4445682e-16  -4.1325798e-16  9.8048987e-17  -2.4879366e-17  -9.2852337e-16  -1.0573237e-15  8.3025612e-16  1.6238247e-17  6.2428193e-16  -2.1358957e-16  1.9186850e-16  -4.3053702e-17  -1.2635006e-16  1.0370301e-15  4.5879545e-16  5.5715873e-17  1.8848546e-16  -2.7173049e-19  5.6912324e-16  -1.9036610e-16  -4.0258105e-17  -2.1695025e-17  
-6.5611893e-16  -3.4890089e-17  1.0000000   -1.8783915e-16  4.1634751e-16  -2.6921367e-16  -5.8309821e-17  3.5128536e-16  4.3854276e-16  -8.3591005e-16  7.6884909e-17  -2.5951208e-16  1.0302230e-16  -2.8844989e-17  3.0767280e-16  3.2213891e-16  -1.2115149e-16  -6.9880996e-16  -6.4706434e-16  -2.7805868e-16  -2.1192223e-16  -3.6070199e-16  -8.9599843e-16  2.0832226e-16  -2.6003337e-16  -8.5294225e-16  1.0272947e-15  -1.3352283e-16  1.3389652e-16  4.5216393e-16  4.4563820e-16  -6.5611893e-16  -3.4890089e-17  1.0000000   -1.8783915e-16  4.1634751e-16  -2.6921367e-16  -5.8309821e-17  3.5128536e-16  4.3854276e-16  -8.3591005e-16  7.6884909e-17  -2.5951208e-16  1.0302230e-16  -2.8844989e-17  3.0767280e-16  3.2213891e-16  -1.2115149e-16  -6.9880996e-16  -6.4706434e-16  -2.7805868e-16  -2.1192223e-16  -3.6070199e-16  -8.9599843e-16  2.0832226e-16  -2.6003337e-16  -8.5294225e-16  1.0272947e-15  -1.3352283e-16  1.3389652e-16  4.5216393e-16  4.4563820e-16  
4.2945390e-16  -5.0480295e-17  -1.8783915e-16  1.0000000   1.2024574e-16  1.2352754e-16  -2.6341426e-16  5.5986256e-17  1.0714599e-15  1.0053775e-15  -1.0035524e-16  -8.8247525e-17  9.0110343e-16  -1.0891605e-17  1.3474973e-16  -2.3493538e-16  -2.5106082e-16  -9.4383570e-17  -6.0695129e-16  -5.5574610e-16  5.0202654e-16  -2.1334374e-16  3.0876800e-16  2.6805519e-16  -3.4967952e-18  9.8561363e-17  -2.4833575e-16  -6.0625598e-16  -2.5103977e-16  9.0888740e-17  5.4691842e-16  4.2945390e-16  -5.0480295e-17  -1.8783915e-16  1.0000000   1.2024574e-16  1.2352754e-16  -2.6341426e-16  5.5986256e-17  1.0714599e-15  1.0053775e-15  -1.0035524e-16  -8.8247525e-17  9.0110343e-16  -1.0891605e-17  1.3474973e-16  -2.3493538e-16  -2.5106082e-16  -9.4383570e-17  -6.0695129e-16  -5.5574610e-16  5.0202654e-16  -2.1334374e-16  3.0876800e-16  2.6805519e-16  -3.4967952e-18  9.8561363e-17  -2.4833575e-16  -6.0625598e-16  -2.5103977e-16  9.0888740e-17  5.4691842e-16  
6.4582954e-20  -8.5903561e-16  4.1634751e-16  1.2024574e-16  1.0000000   3.5765707e-16  -7.2973713e-17  3.9376815e-16  3.2873619e-16  -5.2408791e-16  2.2927051e-17  -1.9844201e-16  9.9812907e-17  -3.2261508e-16  3.0806376e-16  -7.2714552e-16  -1.2118245e-16  -7.9126094e-16  2.0959913e-16  -3.9043938e-16  -5.9086002e-16  -3.6494941e-16  -7.0321565e-17  -2.2618708e-18  -3.0758458e-16  1.1389750e-16  8.8840654e-18  1.0744598e-16  5.7056521e-16  -5.3285430e-17  -6.1310224e-16  6.4582954e-20  -8.5903561e-16  4.1634751e-16  1.2024574e-16  1.0000000   3.5765707e-16  -7.2973713e-17  3.9376815e-16  3.2873619e-16  -5.2408791e-16  2.2927051e-17  -1.9844201e-16  9.9812907e-17  -3.2261508e-16  3.0806376e-16  -7.2714552e-16  -1.2118245e-16  -7.9126094e-16  2.0959913e-16  -3.9043938e-16  -5.9086002e-16  -3.6494941e-16  -7.0321565e-17  -2.2618708e-18  -3.0758458e-16  1.1389750e-16  8.8840654e-18  1.0744598e-16  5.7056521e-16  -5.3285430e-17  -6.1310224e-16  
-6.4554270e-17  6.0707970e-17  -2.6921367e-16  1.2352754e-16  3.5765707e-16  1.0000000   -1.2771853e-16  -1.0606239e-16  2.7162779e-16  2.0348853e-16  2.7986822e-16  4.3032549e-16  1.7402154e-16  -1.3272269e-16  1.9548386e-16  2.6788343e-16  -5.2878329e-16  -5.2702079e-17  2.4953957e-16  -4.5680975e-17  -5.0561048e-16  4.6196778e-16  -2.9022463e-16  1.0663393e-16  -1.8966658e-16  -4.5448478e-16  3.7658122e-16  -2.1689816e-16  1.6499852e-16  -5.0339208e-17  1.2169143e-16  -6.4554270e-17  6.0707970e-17  -2.6921367e-16  1.2352754e-16  3.5765707e-16  1.0000000   -1.2771853e-16  -1.0606239e-16  2.7162779e-16  2.0348853e-16  2.7986822e-16  4.3032549e-16  1.7402154e-16  -1.3272269e-16  1.9548386e-16  2.6788343e-16  -5.2878329e-16  -5.2702079e-17  2.4953957e-16  -4.5680975e-17  -5.0561048e-16  4.6196778e-16  -2.9022463e-16  1.0663393e-16  -1.8966658e-16  -4.5448478e-16  3.7658122e-16  -2.1689816e-16  1.6499852e-16  -5.0339208e-17  1.2169143e-16  
-7.4800057e-17  2.2031542e-16  -5.8309821e-17  -2.6341426e-16  -7.2973713e-17  -1.2771853e-16  1.0000000   -9.0117151e-17  -3.0525975e-16  -5.4245342e-16  6.5611738e-17  -1.9693696e-16  -1.9879053e-16  -1.0094389e-16  6.5057552e-16  2.8681506e-16  3.3679327e-16  5.0185401e-16  -8.4868265e-16  -2.8948594e-16  4.6781613e-17  2.6112861e-16  1.0623020e-15  3.7382091e-16  1.1204718e-16  -6.3922710e-17  4.0711786e-16  2.2167860e-16  8.6126778e-17  -4.8723217e-16  -1.9040654e-16  -7.4800057e-17  2.2031542e-16  -5.8309821e-17  -2.6341426e-16  -7.2973713e-17  -1.2771853e-16  1.0000000   -9.0117151e-17  -3.0525975e-16  -5.4245342e-16  6.5611738e-17  -1.9693696e-16  -1.9879053e-16  -1.0094389e-16  6.5057552e-16  2.8681506e-16  3.3679327e-16  5.0185401e-16  -8.4868265e-16  -2.8948594e-16  4.6781613e-17  2.6112861e-16  1.0623020e-15  3.7382091e-16  1.1204718e-16  -6.3922710e-17  4.0711786e-16  2.2167860e-16  8.6126778e-17  -4.8723217e-16  -1.9040654e-16  
3.8744103e-16  2.5619210e-16  3.5128536e-16  5.5986256e-17  3.9376815e-16  -1.0606239e-16  -9.0117151e-17  1.0000000   -4.9922702e-16  -4.4884323e-16  3.4681588e-16  -1.3358328e-16  -6.6786902e-16  -2.5464125e-16  -3.4666105e-16  -6.3123670e-16  2.5674175e-16  2.2661693e-16  3.0290557e-16  1.1594759e-16  2.0627632e-16  -7.7435643e-17  7.1892927e-16  1.7980054e-16  1.6724134e-16  -1.6240772e-16  -3.2992266e-16  1.5154254e-16  -5.4165914e-17  8.4887374e-16  1.7616728e-16  3.8744103e-16  2.5619210e-16  3.5128536e-16  5.5986256e-17  3.9376815e-16  -1.0606239e-16  -9.0117151e-17  1.0000000   -4.9922702e-16  -4.4884323e-16  3.4681588e-16  -1.3358328e-16  -6.6786902e-16  -2.5464125e-16  -3.4666105e-16  -6.3123670e-16  2.5674175e-16  2.2661693e-16  3.0290557e-16  1.1594759e-16  2.0627632e-16  -7.7435643e-17  7.1892927e-16  1.7980054e-16  1.6724134e-16  -1.6240772e-16  -3.2992266e-16  1.5154254e-16  -5.4165914e-17  8.4887374e-16  1.7616728e-16  
6.4494131e-17  4.8420752e-16  4.3854276e-16  1.0714599e-15  3.2873619e-16  2.7162779e-16  -3.0525975e-16  -4.9922702e-16  1.0000000   -2.6019715e-16  4.6855243e-16  2.4811997e-16  5.2028675e-16  -2.1999451e-16  2.0690416e-16  2.3728392e-16  -6.7394889e-17  -6.2687644e-16  -5.9061830e-16  -2.7378126e-16  -3.8297978e-16  9.4205623e-16  2.6186806e-17  6.4533577e-16  4.1623346e-16  7.8217312e-17  -8.9257652e-17  4.1920162e-16  -5.0963378e-16  -5.4696315e-17  -4.6204117e-16  6.4494131e-17  4.8420752e-16  4.3854276e-16  1.0714599e-15  3.2873619e-16  2.7162779e-16  -3.0525975e-16  -4.9922702e-16  1.0000000   -2.6019715e-16  4.6855243e-16  2.4811997e-16  5.2028675e-16  -2.1999451e-16  2.0690416e-16  2.3728392e-16  -6.7394889e-17  -6.2687644e-16  -5.9061830e-16  -2.7378126e-16  -3.8297978e-16  9.4205623e-16  2.6186806e-17  6.4533577e-16  4.1623346e-16  7.8217312e-17  -8.9257652e-17  4.1920162e-16  -5.0963378e-16  -5.4696315e-17  -4.6204117e-16  
4.6274420e-16  -1.4445682e-16  -8.3591005e-16  1.0053775e-15  -5.2408791e-16  2.0348853e-16  -5.4245342e-16  -4.4884323e-16  -2.6019715e-16  1.0000000   -2.1709771e-16  9.7861799e-17  -5.9194133e-17  -1.9937675e-16  -7.2248839e-16  3.2706490e-16  -6.6642966e-16  -7.1524776e-17  -7.2162538e-16  6.1200244e-16  1.8980110e-16  4.4129487e-16  4.4994205e-16  2.6961143e-16  -2.9496175e-17  -4.0959985e-16  3.5213232e-16  4.6058594e-17  -1.3534716e-16  -8.5864703e-17  1.7589817e-16  4.6274420e-16  -1.4445682e-16  -8.3591005e-16  1.0053775e-15  -5.2408791e-16  2.0348853e-16  -5.4245342e-16  -4.4884323e-16  -2.6019715e-16  1.0000000   -2.1709771e-16  9.7861799e-17  -5.9194133e-17  -1.9937675e-16  -7.2248839e-16  3.2706490e-16  -6.6642966e-16  -7.1524776e-17  -7.2162538e-16  6.1200244e-16  1.8980110e-16  4.4129487e-16  4.4994205e-16  2.6961143e-16  -2.9496175e-17  -4.0959985e-16  3.5213232e-16  4.6058594e-17  -1.3534716e-16  -8.5864703e-17  1.7589817e-16  
3.2565414e-16  -4.1325798e-16  7.6884909e-17  -1.0035524e-16  2.2927051e-17  2.7986822e-16  6.5611738e-17  3.4681588e-16  4.6855243e-16  -2.1709771e-16  1.0000000   -1.0887419e-16  -8.6951062e-17  2.3131410e-16  -1.0498347e-16  -3.7695001e-17  4.6926430e-16  9.1513473e-18  -1.9824859e-17  -1.6559701e-16  -1.5428179e-16  3.8177654e-17  3.9405488e-16  4.2402597e-16  -3.7992227e-16  -4.3314679e-16  -2.7195965e-16  4.2710496e-16  3.5418293e-16  5.9486096e-16  -2.7698875e-16  3.2565414e-16  -4.1325798e-16  7.6884909e-17  -1.0035524e-16  2.2927051e-17  2.7986822e-16  6.5611738e-17  3.4681588e-16  4.6855243e-16  -2.1709771e-16  1.0000000   -1.0887419e-16  -8.6951062e-17  2.3131410e-16  -1.0498347e-16  -3.7695001e-17  4.6926430e-16  9.1513473e-18  -1.9824859e-17  -1.6559701e-16  -1.5428179e-16  3.8177654e-17  3.9405488e-16  4.2402597e-16  -3.7992227e-16  -4.3314679e-16  -2.7195965e-16  4.2710496e-16  3.5418293e-16  5.9486096e-16  -2.7698875e-16  
-2.3078882e-17  9.8048987e-17  -2.5951208e-16  -8.8247525e-17  -1.9844201e-16  4.3032549e-16  -1.9693696e-16  -1.3358328e-16  2.4811997e-16  9.7861799e-17  -1.0887419e-16  1.0000000   1.0972520e-16  -4.8622263e-16  2.0334257e-16  -4.9452220e-17  -3.4185769e-16  2.9824673e-16  7.7029221e-16  2.5081481e-16  3.8022207e-16  5.5400809e-16  -2.1184975e-16  3.8222857e-16  3.5981720e-16  -4.8183995e-16  1.7825578e-16  1.0203733e-16  -1.3903765e-16  2.0891105e-16  3.7188119e-16  -2.3078882e-17  9.8048987e-17  -2.5951208e-16  -8.8247525e-17  -1.9844201e-16  4.3032549e-16  -1.9693696e-16  -1.3358328e-16  2.4811997e-16  9.7861799e-17  -1.0887419e-16  1.0000000   1.0972520e-16  -4.8622263e-16  2.0334257e-16  -4.9452220e-17  -3.4185769e-16  2.9824673e-16  7.7029221e-16  2.5081481e-16  3.8022207e-16  5.5400809e-16  -2.1184975e-16  3.8222857e-16  3.5981720e-16  -4.8183995e-16  1.7825578e-16  1.0203733e-16  -1.3903765e-16  2.0891105e-16  3.7188119e-16  
-2.2735036e-16  -2.4879366e-17  1.0302230e-16  9.0110343e-16  9.9812907e-17  1.7402154e-16  -1.9879053e-16  -6.6786902e-16  5.2028675e-16  -5.9194133e-17  -8.6951062e-17  1.0972520e-16  1.0000000   5.5761099e-16  7.0631985e-16  4.2345376e-17  4.5032057e-16  -5.9637223e-16  -4.0037595e-16  -1.8079420e-16  -6.8913615e-16  -1.3572716e-16  1.8113630e-16  5.4148945e-16  4.0825991e-16  -1.6129545e-16  1.9649305e-17  -1.4852398e-16  7.1326269e-17  4.3720446e-16  -7.0328850e-16  -2.2735036e-16  -2.4879366e-17  1.0302230e-16  9.0110343e-16  9.9812907e-17  1.7402154e-16  -1.9879053e-16  -6.6786902e-16  5.2028675e-16  -5.9194133e-17  -8.6951062e-17  1.0972520e-16  1.0000000   5.5761099e-16  7.0631985e-16  4.2345376e-17  4.5032057e-16  -5.9637223e-16  -4.0037595e-16  -1.8079420e-16  -6.8913615e-16  -1.3572716e-16  1.8113630e-16  5.4148945e-16  4.0825991e-16  -1.6129545e-16  1.9649305e-17  -1.4852398e-16  7.1326269e-17  4.3720446e-16  -7.0328850e-16  
-3.9687795e-17  -9.2852337e-16  -2.8844989e-17  -1.0891605e-17  -3.2261508e-16  -1.3272269e-16  -1.0094389e-16  -2.5464125e-16  -2.1999451e-16  -1.9937675e-16  2.3131410e-16  -4.8622263e-16  5.5761099e-16  1.0000000   5.2154636e-16  -1.3391560e-16  4.2041706e-16  -3.2500624e-17  -4.0344587e-16  -2.9637911e-16  4.1970446e-16  2.4181599e-16  2.3314509e-17  -5.1534656e-16  3.7664094e-17  3.5192122e-16  -1.1059911e-16  -1.7092277e-16  -1.9296446e-17  7.7610963e-17  2.6944859e-17  -3.9687795e-17  -9.2852337e-16  -2.8844989e-17  -1.0891605e-17  -3.2261508e-16  -1.3272269e-16  -1.0094389e-16  -2.5464125e-16  -2.1999451e-16  -1.9937675e-16  2.3131410e-16  -4.8622263e-16  5.5761099e-16  1.0000000   5.2154636e-16  -1.3391560e-16  4.2041706e-16  -3.2500624e-17  -4.0344587e-16  -2.9637911e-16  4.1970446e-16  2.4181599e-16  2.3314509e-17  -5.1534656e-16  3.7664094e-17  3.5192122e-16  -1.1059911e-16  -1.7092277e-16  -1.9296446e-17  7.7610963e-17  2.6944859e-17  
7.3423860e-17  -1.0573237e-15  3.0767280e-16  1.3474973e-16  3.0806376e-16  1.9548386e-16  6.5057552e-16  -3.4666105e-16  2.0690416e-16  -7.2248839e-16  -1.0498347e-16  2.0334257e-16  7.0631985e-16  5.2154636e-16  1.0000000   4.1046141e-16  -2.5566288e-16  -5.0045633e-16  -7.1730098e-17  -4.5272830e-16  4.0966967e-16  -1.2605180e-17  8.4784588e-16  2.8708285e-17  1.4596436e-17  3.1162480e-16  6.5617942e-17  7.6641263e-16  4.2831799e-16  -2.3759211e-16  -8.2946832e-16  7.3423860e-17  -1.0573237e-15  3.0767280e-16  1.3474973e-16  3.0806376e-16  1.9548386e-16  6.5057552e-16  -3.4666105e-16  2.0690416e-16  -7.2248839e-16  -1.0498347e-16  2.0334257e-16  7.0631985e-16  5.2154636e-16  1.0000000   4.1046141e-16  -2.5566288e-16  -5.0045633e-16  -7.1730098e-17  -4.5272830e-16  4.0966967e-16  -1.2605180e-17  8.4784588e-16  2.8708285e-17  1.4596436e-17  3.1162480e-16  6.5617942e-17  7.6641263e-16  4.2831799e-16  -2.3759211e-16  -8.2946832e-16  
4.2245297e-16  8.3025612e-16  3.2213891e-16  -2.3493538e-16  -7.2714552e-16  2.6788343e-16  2.8681506e-16  -6.3123670e-16  2.3728392e-16  3.2706490e-16  -3.7695001e-17  -4.9452220e-17  4.2345376e-17  -1.3391560e-16  4.1046141e-16  1.0000000   5.8195983e-16  8.0497012e-16  -2.6747577e-16  9.0442211e-17  -1.6893653e-16  -2.9429751e-16  -3.2842240e-16  -1.7539476e-16  2.2568768e-16  -5.1592959e-16  6.1934769e-16  -8.9117137e-16  -3.2132228e-16  3.8659756e-16  -4.7511084e-17  4.2245297e-16  8.3025612e-16  3.2213891e-16  -2.3493538e-16  -7.2714552e-16  2.6788343e-16  2.8681506e-16  -6.3123670e-16  2.3728392e-16  3.2706490e-16  -3.7695001e-17  -4.9452220e-17  4.2345376e-17  -1.3391560e-16  4.1046141e-16  1.0000000   5.8195983e-16  8.0497012e-16  -2.6747577e-16  9.0442211e-17  -1.6893653e-16  -2.9429751e-16  -3.2842240e-16  -1.7539476e-16  2.2568768e-16  -5.1592959e-16  6.1934769e-16  -8.9117137e-16  -3.2132228e-16  3.8659756e-16  -4.7511084e-17  
9.6116675e-16  1.6238247e-17  -1.2115149e-16  -2.5106082e-16  -1.2118245e-16  -5.2878329e-16  3.3679327e-16  2.5674175e-16  -6.7394889e-17  -6.6642966e-16  4.6926430e-16  -3.4185769e-16  4.5032057e-16  4.2041706e-16  -2.5566288e-16  5.8195983e-16  1.0000000   3.0815125e-16  2.2396266e-17  2.4952089e-16  5.0042831e-16  7.2518444e-16  -3.4095682e-16  -1.8847343e-18  2.4100346e-16  7.8741319e-16  1.8527610e-16  1.4558310e-16  5.5671398e-18  2.7760151e-16  -4.6690588e-16  9.6116675e-16  1.6238247e-17  -1.2115149e-16  -2.5106082e-16  -1.2118245e-16  -5.2878329e-16  3.3679327e-16  2.5674175e-16  -6.7394889e-17  -6.6642966e-16  4.6926430e-16  -3.4185769e-16  4.5032057e-16  4.2041706e-16  -2.5566288e-16  5.8195983e-16  1.0000000   3.0815125e-16  2.2396266e-17  2.4952089e-16  5.0042831e-16  7.2518444e-16  -3.4095682e-16  -1.8847343e-18  2.4100346e-16  7.8741319e-16  1.8527610e-16  1.4558310e-16  5.5671398e-18  2.7760151e-16  -4.6690588e-16  
-5.4553031e-16  6.2428193e-16  -6.9880996e-16  -9.4383570e-17  -7.9126094e-16  -5.2702079e-17  5.0185401e-16  2.2661693e-16  -6.2687644e-16  -7.1524776e-17  9.1513473e-18  2.9824673e-16  -5.9637223e-16  -3.2500624e-17  -5.0045633e-16  8.0497012e-16  3.0815125e-16  1.0000000   -7.8820002e-17  -4.2069743e-17  4.4380287e-16  3.8894746e-16  4.0051076e-16  8.4017801e-17  2.5851968e-16  8.8038940e-16  2.2646653e-16  8.2006430e-16  -7.3697057e-16  -2.8721997e-16  1.1999631e-16  -5.4553031e-16  6.2428193e-16  -6.9880996e-16  -9.4383570e-17  -7.9126094e-16  -5.2702079e-17  5.0185401e-16  2.2661693e-16  -6.2687644e-16  -7.1524776e-17  9.1513473e-18  2.9824673e-16  -5.9637223e-16  -3.2500624e-17  -5.0045633e-16  8.0497012e-16  3.0815125e-16  1.0000000   -7.8820002e-17  -4.2069743e-17  4.4380287e-16  3.8894746e-16  4.0051076e-16  8.4017801e-17  2.5851968e-16  8.8038940e-16  2.2646653e-16  8.2006430e-16  -7.3697057e-16  -2.8721997e-16  1.1999631e-16  
5.1988937e-17  -2.1358957e-16  -6.4706434e-16  -6.0695129e-16  2.0959913e-16  2.4953957e-16  -8.4868265e-16  3.0290557e-16  -5.9061830e-16  -7.2162538e-16  -1.9824859e-17  7.7029221e-16  -4.0037595e-16  -4.0344587e-16  -7.1730098e-17  -2.6747577e-16  2.2396266e-17  -7.8820002e-17  1.0000000   -3.4317473e-16  -6.2589222e-16  -3.0907722e-16  6.8318885e-17  -1.7261964e-16  6.8163600e-16  -8.3587334e-16  -4.1143589e-16  5.6002576e-16  2.6489136e-17  4.6573806e-17  6.2875270e-16  5.1988937e-17  -2.1358957e-16  -6.4706434e-16  -6.0695129e-16  2.0959913e-16  2.4953957e-16  -8.4868265e-16  3.0290557e-16  -5.9061830e-16  -7.2162538e-16  -1.9824859e-17  7.7029221e-16  -4.0037595e-16  -4.0344587e-16  -7.1730098e-17  -2.6747577e-16  2.2396266e-17  -7.8820002e-17  1.0000000   -3.4317473e-16  -6.2589222e-16  -3.0907722e-16  6.8318885e-17  -1.7261964e-16  6.8163600e-16  -8.3587334e-16  -4.1143589e-16  5.6002576e-16  2.6489136e-17  4.6573806e-17  6.2875270e-16  
-3.1073043e-17  1.9186850e-16  -2.7805868e-16  -5.5574610e-16  -3.9043938e-16  -4.5680975e-17  -2.8948594e-16  1.1594759e-16  -2.7378126e-16  6.1200244e-16  -1.6559701e-16  2.5081481e-16  -1.8079420e-16  -2.9637911e-16  -4.5272830e-16  9.0442211e-17  2.4952089e-16  -4.2069743e-17  -3.4317473e-16  1.0000000   2.3274099e-16  2.9466002e-16  -8.3404780e-17  3.2129940e-16  -3.4794244e-16  -5.7400264e-16  -1.1551796e-15  6.8975170e-17  -3.6582177e-16  7.8682914e-16  -2.5998594e-17  -3.1073043e-17  1.9186850e-16  -2.7805868e-16  -5.5574610e-16  -3.9043938e-16  -4.5680975e-17  -2.8948594e-16  1.1594759e-16  -2.7378126e-16  6.1200244e-16  -1.6559701e-16  2.5081481e-16  -1.8079420e-16  -2.9637911e-16  -4.5272830e-16  9.0442211e-17  2.4952089e-16  -4.2069743e-17  -3.4317473e-16  1.0000000   2.3274099e-16  2.9466002e-16  -8.3404780e-17  3.2129940e-16  -3.4794244e-16  -5.7400264e-16  -1.1551796e-15  6.8975170e-17  -3.6582177e-16  7.8682914e-16  -2.5998594e-17  
2.2928655e-16  -4.3053702e-17  -2.1192223e-16  5.0202654e-16  -5.9086002e-16  -5.0561048e-16  4.6781613e-17  2.0627632e-16  -3.8297978e-16  1.8980110e-16  -1.5428179e-16  3.8022207e-16  -6.8913615e-16  4.1970446e-16  4.0966967e-16  -1.6893653e-16  5.0042831e-16  4.4380287e-16  -6.2589222e-16  2.3274099e-16  1.0000000   -2.5768918e-16  -6.5884879e-16  5.1104128e-16  3.4592500e-16  4.4023157e-16  -2.7947894e-16  3.1673896e-17  -8.0799618e-17  -3.3459258e-16  8.7322364e-17  2.2928655e-16  -4.3053702e-17  -2.1192223e-16  5.0202654e-16  -5.9086002e-16  -5.0561048e-16  4.6781613e-17  2.0627632e-16  -3.8297978e-16  1.8980110e-16  -1.5428179e-16  3.8022207e-16  -6.8913615e-16  4.1970446e-16  4.0966967e-16  -1.6893653e-16  5.0042831e-16  4.4380287e-16  -6.2589222e-16  2.3274099e-16  1.0000000   -2.5768918e-16  -6.5884879e-16  5.1104128e-16  3.4592500e-16  4.4023157e-16  -2.7947894e-16  3.1673896e-17  -8.0799618e-17  -3.3459258e-16  8.7322364e-17  
-6.1349551e-16  -1.2635006e-16  -3.6070199e-16  -2.1334374e-16  -3.6494941e-16  4.6196778e-16  2.6112861e-16  -7.7435643e-17  9.4205623e-16  4.4129487e-16  3.8177654e-17  5.5400809e-16  -1.3572716e-16  2.4181599e-16  -1.2605180e-17  -2.9429751e-16  7.2518444e-16  3.8894746e-16  -3.0907722e-16  2.9466002e-16  -2.5768918e-16  1.0000000   -1.8118783e-17  1.0350805e-16  -2.3856534e-16  2.2064963e-16  -2.2713533e-17  1.7368080e-16  2.2895251e-18  3.1168950e-16  1.6632546e-17  -6.1349551e-16  -1.2635006e-16  -3.6070199e-16  -2.1334374e-16  -3.6494941e-16  4.6196778e-16  2.6112861e-16  -7.7435643e-17  9.4205623e-16  4.4129487e-16  3.8177654e-17  5.5400809e-16  -1.3572716e-16  2.4181599e-16  -1.2605180e-17  -2.9429751e-16  7.2518444e-16  3.8894746e-16  -3.0907722e-16  2.9466002e-16  -2.5768918e-16  1.0000000   -1.8118783e-17  1.0350805e-16  -2.3856534e-16  2.2064963e-16  -2.2713533e-17  1.7368080e-16  2.2895251e-18  3.1168950e-16  1.6632546e-17  
2.2998383e-16  1.0370301e-15  -8.9599843e-16  3.0876800e-16  -7.0321565e-17  -2.9022463e-16  1.0623020e-15  7.1892927e-16  2.6186806e-17  4.4994205e-16  3.9405488e-16  -2.1184975e-16  1.8113630e-16  2.3314509e-17  8.4784588e-16  -3.2842240e-16  -3.4095682e-16  4.0051076e-16  6.8318885e-17  -8.3404780e-17  -6.5884879e-16  -1.8118783e-17  1.0000000   -6.1565007e-17  -9.1635512e-16  1.0523984e-15  5.9224128e-17  5.7982808e-16  -4.7594859e-16  4.4128062e-16  -4.8480857e-16  2.2998383e-16  1.0370301e-15  -8.9599843e-16  3.0876800e-16  -7.0321565e-17  -2.9022463e-16  1.0623020e-15  7.1892927e-16  2.6186806e-17  4.4994205e-16  3.9405488e-16  -2.1184975e-16  1.8113630e-16  2.3314509e-17  8.4784588e-16  -3.2842240e-16  -3.4095682e-16  4.0051076e-16  6.8318885e-17  -8.3404780e-17  -6.5884879e-16  -1.8118783e-17  1.0000000   -6.1565007e-17  -9.1635512e-16  1.0523984e-15  5.9224128e-17  5.7982808e-16  -4.7594859e-16  4.4128062e-16  -4.8480857e-16  
-3.9760464e-17  4.5879545e-16  2.0832226e-16  2.6805519e-16  -2.2618708e-18  1.0663393e-16  3.7382091e-16  1.7980054e-16  6.4533577e-16  2.6961143e-16  4.2402597e-16  3.8222857e-16  5.4148945e-16  -5.1534656e-16  2.8708285e-17  -1.7539476e-16  -1.8847343e-18  8.4017801e-17  -1.7261964e-16  3.2129940e-16  5.1104128e-16  1.0350805e-16  -6.1565007e-17  1.0000000   -6.5087170e-16  4.7459097e-17  -9.2502411e-16  -1.1268984e-16  1.3686405e-16  3.8229386e-16  3.4852899e-16  -3.9760464e-17  4.5879545e-16  2.0832226e-16  2.6805519e-16  -2.2618708e-18  1.0663393e-16  3.7382091e-16  1.7980054e-16  6.4533577e-16  2.6961143e-16  4.2402597e-16  3.8222857e-16  5.4148945e-16  -5.1534656e-16  2.8708285e-17  -1.7539476e-16  -1.8847343e-18  8.4017801e-17  -1.7261964e-16  3.2129940e-16  5.1104128e-16  1.0350805e-16  -6.1565007e-17  1.0000000   -6.5087170e-16  4.7459097e-17  -9.2502411e-16  -1.1268984e-16  1.3686405e-16  3.8229386e-16  3.4852899e-16  
5.2307156e-16  5.5715873e-17  -2.6003337e-16  -3.4967952e-18  -3.0758458e-16  -1.8966658e-16  1.1204718e-16  1.6724134e-16  4.1623346e-16  -2.9496175e-17  -3.7992227e-16  3.5981720e-16  4.0825991e-16  3.7664094e-17  1.4596436e-17  2.2568768e-16  2.4100346e-16  2.5851968e-16  6.8163600e-16  -3.4794244e-16  3.4592500e-16  -2.3856534e-16  -9.1635512e-16  -6.5087170e-16  1.0000000   -9.8789241e-17  -2.4281793e-16  2.4837552e-16  6.2703585e-16  -2.7712082e-16  -4.3573213e-16  5.2307156e-16  5.5715873e-17  -2.6003337e-16  -3.4967952e-18  -3.0758458e-16  -1.8966658e-16  1.1204718e-16  1.6724134e-16  4.1623346e-16  -2.9496175e-17  -3.7992227e-16  3.5981720e-16  4.0825991e-16  3.7664094e-17  1.4596436e-17  2.2568768e-16  2.4100346e-16  2.5851968e-16  6.8163600e-16  -3.4794244e-16  3.4592500e-16  -2.3856534e-16  -9.1635512e-16  -6.5087170e-16  1.0000000   -9.8789241e-17  -2.4281793e-16  2.4837552e-16  6.2703585e-16  -2.7712082e-16  -4.3573213e-16  
4.7154563e-16  1.8848546e-16  -8.5294225e-16  9.8561363e-17  1.1389750e-16  -4.5448478e-16  -6.3922710e-17  -1.6240772e-16  7.8217312e-17  -4.0959985e-16  -4.3314679e-16  -4.8183995e-16  -1.6129545e-16  3.5192122e-16  3.1162480e-16  -5.1592959e-16  7.8741319e-16  8.8038940e-16  -8.3587334e-16  -5.7400264e-16  4.4023157e-16  2.2064963e-16  1.0523984e-15  4.7459097e-17  -9.8789241e-17  1.0000000   -1.7382826e-16  -9.7649596e-16  -3.2363464e-16  4.0144989e-16  -5.8137734e-17  4.7154563e-16  1.8848546e-16  -8.5294225e-16  9.8561363e-17  1.1389750e-16  -4.5448478e-16  -6.3922710e-17  -1.6240772e-16  7.8217312e-17  -4.0959985e-16  -4.3314679e-16  -4.8183995e-16  -1.6129545e-16  3.5192122e-16  3.1162480e-16  -5.1592959e-16  7.8741319e-16  8.8038940e-16  -8.3587334e-16  -5.7400264e-16  4.4023157e-16  2.2064963e-16  1.0523984e-15  4.7459097e-17  -9.8789241e-17  1.0000000   -1.7382826e-16  -9.7649596e-16  -3.2363464e-16  4.0144989e-16  -5.8137734e-17  
-3.7861518e-16  -2.7173049e-19  1.0272947e-15  -2.4833575e-16  8.8840654e-18  3.7658122e-16  4.0711786e-16  -3.2992266e-16  -8.9257652e-17  3.5213232e-16  -2.7195965e-16  1.7825578e-16  1.9649305e-17  -1.1059911e-16  6.5617942e-17  6.1934769e-16  1.8527610e-16  2.2646653e-16  -4.1143589e-16  -1.1551796e-15  -2.7947894e-16  -2.2713533e-17  5.9224128e-17  -9.2502411e-16  -2.4281793e-16  -1.7382826e-16  1.0000000   -1.5259003e-16  -3.0127440e-16  5.3245260e-16  4.9572782e-16  -3.7861518e-16  -2.7173049e-19  1.0272947e-15  -2.4833575e-16  8.8840654e-18  3.7658122e-16  4.0711786e-16  -3.2992266e-16  -8.9257652e-17  3.5213232e-16  -2.7195965e-16  1.7825578e-16  1.9649305e-17  -1.1059911e-16  6.5617942e-17  6.1934769e-16  1.8527610e-16  2.2646653e-16  -4.1143589e-16  -1.1551796e-15  -2.7947894e-16  -2.2713533e-17  5.9224128e-17  -9.2502411e-16  -2.4281793e-16  -1.7382826e-16  1.0000000   -1.5259003e-16  -3.0127440e-16  5.3245260e-16  4.9572782e-16  
-2.5517153e-16  5.6912324e-16  -1.3352283e-16  -6.0625598e-16  1.0744598e-16  -2.1689816e-16  2.2167860e-16  1.5154254e-16  4.1920162e-16  4.6058594e-17  4.2710496e-16  1.0203733e-16  -1.4852398e-16  -1.7092277e-16  7.6641263e-16  -8.9117137e-16  1.4558310e-16  8.2006430e-16  5.6002576e-16  6.8975170e-17  3.1673896e-17  1.7368080e-16  5.7982808e-16  -1.1268984e-16  2.4837552e-16  -9.7649596e-16  -1.5259003e-16  1.0000000   7.4800541e-16  5.2671030e-17  2.0469328e-16  -2.5517153e-16  5.6912324e-16  -1.3352283e-16  -6.0625598e-16  1.0744598e-16  -2.1689816e-16  2.2167860e-16  1.5154254e-16  4.1920162e-16  4.6058594e-17  4.2710496e-16  1.0203733e-16  -1.4852398e-16  -1.7092277e-16  7.6641263e-16  -8.9117137e-16  1.4558310e-16  8.2006430e-16  5.6002576e-16  6.8975170e-17  3.1673896e-17  1.7368080e-16  5.7982808e-16  -1.1268984e-16  2.4837552e-16  -9.7649596e-16  -1.5259003e-16  1.0000000   7.4800541e-16  5.2671030e-17  2.0469328e-16  
-1.8091072e-16  -1.9036610e-16  1.3389652e-16  -2.5103977e-16  5.7056521e-16  1.6499852e-16  8.6126778e-17  -5.4165914e-17  -5.0963378e-16  -1.3534716e-16  3.5418293e-16  -1.3903765e-16  7.1326269e-17  -1.9296446e-17  4.2831799e-16  -3.2132228e-16  5.5671398e-18  -7.3697057e-16  2.6489136e-17  -3.6582177e-16  -8.0799618e-17  2.2895251e-18  -4.7594859e-16  1.3686405e-16  6.2703585e-16  -3.2363464e-16  -3.0127440e-16  7.4800541e-16  1.0000000   7.6690244e-17  -3.1821210e-17  -1.8091072e-16  -1.9036610e-16  1.3389652e-16  -2.5103977e-16  5.7056521e-16  1.6499852e-16  8.6126778e-17  -5.4165914e-17  -5.0963378e-16  -1.3534716e-16  3.5418293e-16  -1.3903765e-16  7.1326269e-17  -1.9296446e-17  4.2831799e-16  -3.2132228e-16  5.5671398e-18  -7.3697057e-16  2.6489136e-17  -3.6582177e-16  -8.0799618e-17  2.2895251e-18  -4.7594859e-16  1.3686405e-16  6.2703585e-16  -3.2363464e-16  -3.0127440e-16  7.4800541e-16  1.0000000   7.6690244e-17  -3.1821210e-17  
3.4149814e-16  -4.0258105e-17  4.5216393e-16  9.0888740e-17  -5.3285430e-17  -5.0339208e-17  -4.8723217e-16  8.4887374e-16  -5.4696315e-17  -8.5864703e-17  5.9486096e-16  2.0891105e-16  4.3720446e-16  7.7610963e-17  -2.3759211e-16  3.8659756e-16  2.7760151e-16  -2.8721997e-16  4.6573806e-17  7.8682914e-16  -3.3459258e-16  3.1168950e-16  4.4128062e-16  3.8229386e-16  -2.7712082e-16  4.0144989e-16  5.3245260e-16  5.2671030e-17  7.6690244e-17  1.0000000   4.8072596e-16  3.4149814e-16  -4.0258105e-17  4.5216393e-16  9.0888740e-17  -5.3285430e-17  -5.0339208e-17  -4.8723217e-16  8.4887374e-16  -5.4696315e-17  -8.5864703e-17  5.9486096e-16  2.0891105e-16  4.3720446e-16  7.7610963e-17  -2.3759211e-16  3.8659756e-16  2.7760151e-16  -2.8721997e-16  4.6573806e-17  7.8682914e-16  -3.3459258e-16  3.1168950e-16  4.4128062e-16  3.8229386e-16  -2.7712082e-16  4.0144989e-16  5.3245260e-16  5.2671030e-17  7.6690244e-17  1.0000000   4.8072596e-16  
4.1844376e-17  -2.1695025e-17  4.4563820e-16  5.4691842e-16  -6.1310224e-16  1.2169143e-16  -1.9040654e-16  1.7616728e-16  -4.6204117e-16  1.7589817e-16  -2.7698875e-16  3.7188119e-16  -7.0328850e-16  2.6944859e-17  -8.2946832e-16  -4.7511084e-17  -4.6690588e-16  1.1999631e-16  6.2875270e-16  -2.5998594e-17  8.7322364e-17  1.6632546e-17  -4.8480857e-16  3.4852899e-16  -4.3573213e-16  -5.8137734e-17  4.9572782e-16  2.0469328e-16  -3.1821210e-17  4.8072596e-16  1.0000000   4.1844376e-17  -2.1695025e-17  4.4563820e-16  5.4691842e-16  -6.1310224e-16  1.2169143e-16  -1.9040654e-16  1.7616728e-16  -4.6204117e-16  1.7589817e-16  -2.7698875e-16  3.7188119e-16  -7.0328850e-16  2.6944859e-17  -8.2946832e-16  -4.7511084e-17  -4.6690588e-16  1.1999631e-16  6.2875270e-16  -2.5998594e-17  8.7322364e-17  1.6632546e-17  -4.8480857e-16  3.4852899e-16  -4.3573213e-16  -5.8137734e-17  4.9572782e-16  2.0469328e-16  -3.1821210e-17  4.8072596e-16  1.0000000   
1.0000000   2.1334294e-16  -6.5611893e-16  4.2945390e-16  6.4582954e-20  -6.4554270e-17  -7.4800057e-17  3.8744103e-16  6.4494131e-17  4.6274420e-16  3.2565414e-16  -2.3078882e-17  -2.2735036e-16  -3.9687795e-17  7.3423860e-17  4.2245297e-16  9.6116675e-16  -5.4553031e-16  5.1988937e-17  -3.1073043e-17  2.2928655e-16  -6.1349551e-16  2.2998383e-16  -3.9760464e-17  5.2307156e-16  4.7154563e-16  -3.7861518e-16  -2.5517153e-16  -1.8091072e-16  3.4149814e-16  4.1844376e-17  1.0000000   2.1334294e-16  -6.5611893e-16  4.2945390e-16  6.4582954e-20  -6.4554270e-17  -7.4800057e-17  3.8744103e-16  6.4494131e-17  4.6274420e-16  3.2565414e-16  -2.3078882e-17  -2.2735036e-16  -3.9687795e-17  7.3423860e-17  4.2245297e-16  9.6116675e-16  -5.4553031e-16  5.1988937e-17  -3.1073043e-17  2.2928655e-16  -6.1349551e-16  2.2998383e-16  -3.9760464e-17  5.2307156e-16  4.7154563e-16  -3.7861518e-16  -2.5517153e-16  -1.8091072e-16  3.4149814e-16  4.1844376e-17  
2.1334294e-16  1.0000000   -3.4890089e-17  -5.0480295e-17  -8.5903561e-16  6.0707970e-17  2.2031542e-16  2.5619210e-16  4.8420752e-16  -1.4445682e-16  -4.1325798e-16  9.8048987e-17  -2.4879366e-17  -9.2852337e-16  -1.0573237e-15  8.3025612e-16  1.6238247e-17  6.2428193e-16  -2.1358957e-16  1.9186850e-16  -4.3053702e-17  -1.2635006e-16  1.0370301e-15  4.5879545e-16  5.5715873e-17  1.8848546e-16  -2.7173049e-19  5.6912324e-16  -1.9036610e-16  -4.0258105e-17  -2.1695025e-17  2.1334294e-16  1.0000000   -3.4890089e-17  -5.0480295e-17  -8.5903561e-16  6.0707970e-17  2.2031542e-16  2.5619210e-16  4.8420752e-16  -1.4445682e-16  -4.1325798e-16  9.8048987e-17  -2.4879366e-17  -9.2852337e-16  -1.0573237e-15  8.3025612e-16  1.6238247e-17  6.2428193e-16  -2.1358957e-16  1.9186850e-16  -4.3053702e-17  -1.2635006e-16  1.0370301e-15  4.5879545e-16  5.5715873e-17  1.8848546e-16  -2.7173049e-19  5.6912324e-16  -1.9036610e-16  -4.0258105e-17  -2.1695025e-17  
-6.5611893e-16  -3.4890089e-17  1.0000000   -1.8783915e-16  4.1634751e-16  -2.6921367e-16  -5.8309821e-17  3.5128536e-16  4.3854276e-16  -8.3591005e-16  7.6884909e-17  -2.5951208e-16  1.0302230e-16  -2.8844989e-17  3.0767280e-16  3.2213891e-16  -1.2115149e-16  -6.9880996e-16  -6.4706434e-16  -2.7805868e-16  -2.1192223e-16  -3.6070199e-16  -8.9599843e-16  2.0832226e-16  -2.6003337e-16  -8.5294225e-16  1.0272947e-15  -1.3352283e-16  1.3389652e-16  4.5216393e-16  4.4563820e-16  -6.5611893e-16  -3.4890089e-17  1.0000000   -1.8783915e-16  4.1634751e-16  -2.6921367e-16  -5.8309821e-17  3.5128536e-16  4.3854276e-16  -8.3591005e-16  7.6884909e-17  -2.5951208e-16  1.0302230e-16  -2.8844989e-17  3.0767280e-16  3.2213891e-16  -1.2115149e-16  -6.9880996e-16  -6.4706434e-16  -2.7805868e-16  -2.1192223e-16  -3.6070199e-16  -8.9599843e-16  2.0832226e-16  -2.6003337e-16  -8.5294225e-16  1.0272947e-15  -1.3352283e-16  1.3389652e-16  4.5216393e-16  4.4563820e-16  
4.2945390e-16  -5.0480295e-17  -1.8783915e-16  1.0000000   1.2024574e-16  1.2352754e-16  -2.6341426e-16  5.5986256e-17  1.0714599e-15  1.0053775e-15  -1.0035524e-16  -8.8247525e-17  9.0110343e-16  -1.0891605e-17  1.3474973e-16  -2.3493538e-16  -2.5106082e-16  -9.4383570e-17  -6.0695129e-16  -5.5574610e-16  5.0202654e-16  -2.1334374e-16  3.0876800e-16  2.6805519e-16  -3.4967952e-18  9.8561363e-17  -2.4833575e-16  -6.0625598e-16  -2.5103977e-16  9.0888740e-17  5.4691842e-16  4.2945390e-16  -5.0480295e-17  -1.8783915e-16  1.0000000   1.2024574e-16  1.2352754e-16  -2.6341426e-16  5.5986256e-17  1.0714599e-15  1.0053775e-15  -1.0035524e-16  -8.8247525e-17  9.0110343e-16  -1.0891605e-17  1.3474973e-16  -2.3493538e-16  -2.5106082e-16  -9.4383570e-17  -6.0695129e-16  -5.5574610e-16  5.0202654e-16  -2.1334374e-16  3.0876800e-16  2.6805519e-16  -3.4967952e-18  9.8561363e-17  -2.4833575e-16  -6.0625598e-16  -2.5103977e-16  9.0888740e-17  5.4691842e-16  
6.4582954e-20  -8.5903561e-16  4.1634751e-16  1.2024574e-16  1.0000000   3.5765707e-16  -7.2973713e-17  3.9376815e-16  3.2873619e-16  -5.2408791e-16  2.2927051e-17  -1.9844201e-16  9.9812907e-17  -3.2261508e-16  3.0806376e-16  -7.2714552e-16  -1.2118245e-16  -7.9126094e-16  2.0959913e-16  -3.9043938e-16  -5.9086002e-16  -3.6494941e-16  -7.0321565e-17  -2.2618708e-18  -3.0758458e-16  1.1389750e-16  8.8840654e-18  1.0744598e-16  5.7056521e-16  -5.3285430e-17  -6.1310224e-16  6.4582954e-20  -8.5903561e-16  4.1634751e-16  1.2024574e-16  1.0000000   3.5765707e-16  -7.2973713e-17  3.9376815e-16  3.2873619e-16  -5.2408791e-16  2.2927051e-17  -1.9844201e-16  9.9812907e-17  -3.2261508e-16  3.0806376e-16  -7.2714552e-16  -1.2118245e-16  -7.9126094e-16  2.0959913e-16  -3.9043938e-16  -5.9086002e-16  -3.6494941e-16  -7.0321565e-17  -2.2618708e-18  -3.0758458e-16  1.1389750e-16  8.8840654e-18  1.0744598e-16  5.7056521e-16  -5.3285430e-17  -6.1310224e-16  
-6.4554270e-17  6.0707970e-17  -2.6921367e-16  1.2352754e-16  3.5765707e-16  1.0000000   -1.2771853e-16  -1.0606239e-16  2.7162779e-16  2.0348853e-16  2.7986822e-16  4.3032549e-16  1.7402154e-16  -1.3272269e-16  1.9548386e-16  2.6788343e-16  -5.2878329e-16  -5.2702079e-17  2.4953957e-16  -4.5680975e-17  -5.0561048e-16  4.6196778e-16  -2.9022463e-16  1.0663393e-16  -1.8966658e-16  -4.5448478e-16  3.7658122e-16  -2.1689816e-16  1.6499852e-16  -5.0339208e-17  1.2169143e-16  -6.4554270e-17  6.0707970e-17  -2.6921367e-16  1.2352754e-16  3.5765707e-16  1.0000000   -1.2771853e-16  -1.0606239e-16  2.7162779e-16  2.0348853e-16  2.7986822e-16  4.3032549e-16  1.7402154e-16  -1.3272269e-16  1.9548386e-16  2.6788343e-16  -5.2878329e-16  -5.2702079e-17  2.4953957e-16  -4.5680975e-17  -5.0561048e-16  4.6196778e-16  -2.9022463e-16  1.0663393e-16  -1.8966658e-16  -4.5448478e-16  3.7658122e-16  -2.1689816e-16  1.6499852e-16  -5.0339208e-17  1.2169143e-16  
-7.4800057e-17  2.2031542e-16  -5.8309821e-17  -2.6341426e-16  -7.2973713e-17  -1.2771853e-16  1.0000000   -9.0117151e-17  -3.0525975e-16  -5.4245342e-16  6.5611738e-17  -1.9693696e-16  -1.9879053e-16  -1.0094389e-16  6.5057552e-16  2.8681506e-16  3.3679327e-16  5.0185401e-16  -8.4868265e-16  -2.8948594e-16  4.6781613e-17  2.6112861e-16  1.0623020e-15  3.7382091e-16  1.1204718e-16  -6.3922710e-17  4.0711786e-16  2.2167860e-16  8.6126778e-17  -4.8723217e-16  -1.9040654e-16  -7.4800057e-17  2.2031542e-16  -5.8309821e-17  -2.6341426e-16  -7.2973713e-17  -1.2771853e-16  1.0000000   -9.0117151e-17  -3.0525975e-16  -5.4245342e-16  6.5611738e-17  -1.9693696e-16  -1.9879053e-16  -1.0094389e-16  6.5057552e-16  2.8681506e-16  3.3679327e-16  5.0185401e-16  -8.4868265e-16  -2.8948594e-16  4.6781613e-17  2.6112861e-16  1.0623020e-15  3.7382091e-16  1.1204718e-16  -6.3922710e-17  4.0711786e-16  2.2167860e-16  8.6126778e-17  -4.8723217e-16  -1.9040654e-16  
3.8744103e-16  2.5619210e-16  3.5128536e-16  5.5986256e-17  3.9376815e-16  -1.0606239e-16  -9.0117151e-17  1.0000000   -4.9922702e-16  -4.4884323e-16  3.4681588e-16  -1.3358328e-16  -6.6786902e-16  -2.5464125e-16  -3.4666105e-16  -6.3123670e-16  2.5674175e-16  2.2661693e-16  3.0290557e-16  1.1594759e-16  2.0627632e-16  -7.7435643e-17  7.1892927e-16  1.7980054e-16  1.6724134e-16  -1.6240772e-16  -3.2992266e-16  1.5154254e-16  -5.4165914e-17  8.4887374e-16  1.7616728e-16  3.8744103e-16  2.5619210e-16  3.5128536e-16  5.5986256e-17  3.9376815e-16  -1.0606239e-16  -9.0117151e-17  1.0000000   -4.9922702e-16  -4.4884323e-16  3.4681588e-16  -1.3358328e-16  -6.6786902e-16  -2.5464125e-16  -3.4666105e-16  -6.3123670e-16  2.5674175e-16  2.2661693e-16  3.0290557e-16  1.1594759e-16  2.0627632e-16  -7.7435643e-17  7.1892927e-16  1.7980054e-16  1.6724134e-16  -1.6240772e-16  -3.2992266e-16  1.5154254e-16  -5.4165914e-17  8.4887374e-16  1.7616728e-16  
6.4494131e-17  4.8420752e-16  4.3854276e-16  1.0714599e-15  3.2873619e-16  2.7162779e-16  -3.0525975e-16  -4.9922702e-16  1.0000000   -2.6019715e-16  4.6855243e-16  2.4811997e-16  5.2028675e-16  -2.1999451e-16  2.0690416e-16  2.3728392e-16  -6.7394889e-17  -6.2687644e-16  -5.9061830e-16  -2.7378126e-16  -3.8297978e-16  9.4205623e-16  2.6186806e-17  6.4533577e-16  4.1623346e-16  7.8217312e-17  -8.9257652e-17  4.1920162e-16  -5.0963378e-16  -5.4696315e-17  -4.6204117e-16  6.4494131e-17  4.8420752e-16  4.3854276e-16  1.0714599e-15  3.2873619e-16  2.7162779e-16  -3.0525975e-16  -4.9922702e-16  1.0000000   -2.6019715e-16  4.6855243e-16  2.4811997e-16  5.2028675e-16  -2.1999451e-16  2.0690416e-16  2.3728392e-16  -6.7394889e-17  -6.2687644e-16  -5.9061830e-16  -2.7378126e-16  -3.8297978e-16  9.4205623e-16  2.6186806e-17  6.4533577e-16  4.1623346e-16  7.8217312e-17  -8.9257652e-17  4.1920162e-16  -5.0963378e-16  -5.4696315e-17  -4.6204117e-16  
4.6274420e-16  -1.4445682e-16  -8.3591005e-16  1.0053775e-15  -5.2408791e-16  2.0348853e-16  -5.4245342e-16  -4.4884323e-16  -2.6019715e-16  1.0000000   -2.1709771e-16  9.7861799e-17  -5.9194133e-17  -1.9937675e-16  -7.2248839e-16  3.2706490e-16  -6.6642966e-16  -7.1524776e-17  -7.2162538e-16  6.1200244e-16  1.8980110e-16  4.4129487e-16  4.4994205e-16  2.6961143e-16  -2.9496175e-17  -4.0959985e-16  3.5213232e-16  4.6058594e-17  -1.3534716e-16  -8.5864703e-17  1.7589817e-16  4.6274420e-16  -1.4445682e-16  -8.3591005e-16  1.0053775e-15  -5.2408791e-16  2.0348853e-16  -5.4245342e-16  -4.4884323e-16  -2.6019715e-16  1.0000000   -2.1709771e-16  9.7861799e-17  -5.9194133e-17  -1.9937675e-16  -7.2248839e-16  3.2706490e-16  -6.6642966e-16  -7.1524776e-17  -7.2162538e-16  6.1200244e-16  1.8980110e-16  4.4129487e-16  4.4994205e-16  2.6961143e-16  -2.9496175e-17  -4.0959985e-16  3.5213232e-16  4.6058594e-17  -1.3534716e-16  -8.5864703e-17  1.7589817e-16  
