1.0000000   -7.6815016e-16  5.4213390e-16  -1.6256260e-17  -2.9481455e-16  -1.6164016e-17  9.5070929e-16  -6.8683557e-16  2.4876559e-16  -2.7492286e-16  3.9127678e-17  -1.2158298e-18  3.9913245e-16  -8.4902970e-17  -1.0105757e-16  -5.6386550e-16  1.8797052e-16  2.2438763e-18  3.6911734e-16  -3.5731214e-16  -6.5143253e-16  5.2260265e-16  -9.5250038e-16  -1.4006684e-16  7.4295867e-16  -2.3214178e-17  2.9334427e-16  -3.5048759e-16  -9.1952271e-17  1.4497773e-16  2.5742461e-16  1.0000000   -7.6815016e-16  5.4213390e-16  -1.6256260e-17  -2.9481455e-16  -1.6164016e-17  9.5070929e-16  -6.8683557e-16  2.4876559e-16  -2.7492286e-16  3.9127678e-17  -1.2158298e-18  3.9913245e-16  -8.4902970e-17  -1.0105757e-16  -5.6386550e-16  1.8797052e-16  2.2438763e-18  3.6911734e-16  -3.5731214e-16  -6.5143253e-16  5.2260265e-16  -9.5250038e-16  -1.4006684e-16  7.4295867e-16  -2.3214178e-17  2.9334427e-16  -3.5048759e-16  -9.1952271e-17  1.4497773e-16  2.5742461e-16  
-7.6815016e-16  1.0000000   3.8222465e-16  4.9357145e-16  1.0160091e-16  -3.5055748e-16  8.1147820e-16  -1.0171368e-16  -3.6556750e-16  1.9984088e-16  2.1921292e-16  -6.8859094e-16  4.8813728e-16  -2.3328673e-16  6.7408975e-17  -1.7948658e-16  2.1856455e-16  -2.1298551e-16  -7.9106078e-17  6.3228705e-16  1.1309785e-16  5.4792823e-16  -1.5342165e-16  1.4838394e-16  9.5682130e-16  2.3189042e-16  6.2639532e-17  2.4373587e-16  -1.2153564e-16  5.6698011e-16  3.1463443e-16  -7.6815016e-16  1.0000000   3.8222465e-16  4.9357145e-16  1.0160091e-16  -3.5055748e-16  8.1147820e-16  -1.0171368e-16  -3.6556750e-16  1.9984088e-16  2.1921292e-16  -6.8859094e-16  4.8813728e-16  -2.3328673e-16  6.7408975e-17  -1.7948658e-16  2.1856455e-16  -2.1298551e-16  -7.9106078e-17  6.3228705e-16  1.1309785e-16  5.4792823e-16  -1.5342165e-16  1.4838394e-16  9.5682130e-16  2.3189042e-16  6.2639532e-17  2.4373587e-16  -1.2153564e-16  5.6698011e-16  3.1463443e-16  
5.4213390e-16  3.8222465e-16  1.0000000   1.4773160e-16  2.4513759e-16  -6.7017130e-16  3.5654359e-16  -3.8833825e-17  -4.7559954e-16  7.4448430e-16  7.7403944e-16  7.8210427e-16  -5.9815018e-17  -6.1747764e-16  3.5112999e-16  -1.5344670e-17  -3.9734431e-16  -2.2195641e-16  5.4488249e-16  3.8442606e-16  4.8731982e-16  1.9438224e-16  1.7079854e-16  3.9245202e-17  -8.3963032e-17  4.6231697e-16  1.2350072e-16  -1.6941249e-16  -4.0040484e-16  5.4082661e-16  -4.2972313e-16  5.4213390e-16  3.8222465e-16  1.0000000   1.4773160e-16  2.4513759e-16  -6.7017130e-16  3.5654359e-16  -3.8833825e-17  -4.7559954e-16  7.4448430e-16  7.7403944e-16  7.8210427e-16  -5.9815018e-17  -6.1747764e-16  3.5112999e-16  -1.5344670e-17  -3.9734431e-16  -2.2195641e-16  5.4488249e-16  3.8442606e-16  4.8731982e-16  1.9438224e-16  1.7079854e-16  3.9245202e-17  -8.3963032e-17  4.6231697e-16  1.2350072e-16  -1.6941249e-16  -4.0040484e-16  5.4082661e-16  -4.2972313e-16  
-1.6256260e-17  4.9357145e-16  1.4773160e-16  1.0000000   3.3898775e-16  -2.2701945e-16  -2.1752981e-17  -8.3190123e-16  -3.3637293e-16  -2.2892696e-16  -5.5991228e-16  3.0104365e-16  5.6826474e-16  1.2846641e-17  -1.7632236e-16  -1.6290351e-16  -2.7460391e-17  7.4645022e-16  -1.8286396e-16  -1.0061430e-16  -3.6585488e-16  4.1298071e-17  -4.8386928e-17  -2.8237934e-16  3.4604482e-16  1.0295333e-16  -4.9835131e-17  -1.2844904e-16  6.5190456e-17  3.5916829e-16  -8.9488895e-17  -1.6256260e-17  4.9357145e-16  1.4773160e-16  1.0000000   3.3898775e-16  -2.2701945e-16  -2.1752981e-17  -8.3190123e-16  -3.3637293e-16  -2.2892696e-16  -5.5991228e-16  3.0104365e-16  5.6826474e-16  1.2846641e-17  -1.7632236e-16  -1.6290351e-16  -2.7460391e-17  7.4645022e-16  -1.8286396e-16  -1.0061430e-16  -3.6585488e-16  4.1298071e-17  -4.8386928e-17  -2.8237934e-16  3.4604482e-16  1.0295333e-16  -4.9835131e-17  -1.2844904e-16  6.5190456e-17  3.5916829e-16  -8.9488895e-17  
-2.9481455e-16  1.0160091e-16  2.4513759e-16  3.3898775e-16  1.0000000   4.9056768e-16  -3.8507510e-16  4.9296948e-16  4.6440840e-17  -1.1093766e-16  9.5315330e-17  5.8691195e-16  -7.4369312e-17  1.6539452e-16  5.4907254e-16  3.1329376e-16  3.6741253e-16  6.3912976e-16  -4.6550312e-16  -2.3490486e-16  2.0021506e-16  7.3691154e-16  7.0354153e-16  5.1020581e-16  1.9256394e-16  4.1647610e-18  -1.2763589e-16  -2.8963219e-17  -9.4594458e-16  -2.4260596e-16  -2.7082400e-17  -2.9481455e-16  1.0160091e-16  2.4513759e-16  3.3898775e-16  1.0000000   4.9056768e-16  -3.8507510e-16  4.9296948e-16  4.6440840e-17  -1.1093766e-16  9.5315330e-17  5.8691195e-16  -7.4369312e-17  1.6539452e-16  5.4907254e-16  3.1329376e-16  3.6741253e-16  6.3912976e-16  -4.6550312e-16  -2.3490486e-16  2.0021506e-16  7.3691154e-16  7.0354153e-16  5.1020581e-16  1.9256394e-16  4.1647610e-18  -1.2763589e-16  -2.8963219e-17  -9.4594458e-16  -2.4260596e-16  -2.7082400e-17  
-1.6164016e-17  -3.5055748e-16  -6.7017130e-16  -2.2701945e-16  4.9056768e-16  1.0000000   -8.9999705e-16  1.3918883e-16  9.4594547e-16  -4.0323361e-16  -4.0249041e-16  -1.0633676e-16  -9.3978987e-17  -8.3143554e-16  -6.8464544e-16  -1.7894874e-16  -4.3554997e-16  1.0278916e-15  1.2116601e-15  -1.6883509e-18  2.6476454e-16  -5.3501623e-16  -4.0199971e-16  -3.6550151e-16  1.9405221e-16  9.5901427e-16  -4.0464689e-16  3.9331665e-16  -7.4521322e-19  -1.0983132e-16  -4.6202703e-17  -1.6164016e-17  -3.5055748e-16  -6.7017130e-16  -2.2701945e-16  4.9056768e-16  1.0000000   -8.9999705e-16  1.3918883e-16  9.4594547e-16  -4.0323361e-16  -4.0249041e-16  -1.0633676e-16  -9.3978987e-17  -8.3143554e-16  -6.8464544e-16  -1.7894874e-16  -4.3554997e-16  1.0278916e-15  1.2116601e-15  -1.6883509e-18  2.6476454e-16  -5.3501623e-16  -4.0199971e-16  -3.6550151e-16  1.9405221e-16  9.5901427e-16  -4.0464689e-16  3.9331665e-16  -7.4521322e-19  -1.0983132e-16  -4.6202703e-17  
9.5070929e-16  8.1147820e-16  3.5654359e-16  -2.1752981e-17  -3.8507510e-16  -8.9999705e-16  1.0000000   -5.6837684e-16  2.0889824e-16  1.4395936e-16  3.6883804e-16  -1.1574828e-16  -3.2746404e-16  1.5325304e-16  -4.0353750e-16  -1.1047509e-16  4.2424050e-17  -4.0047528e-16  -2.7823992e-16  1.6121297e-17  -2.9657234e-16  -4.0937622e-16  -2.5635624e-17  2.1434611e-16  -8.0880759e-16  4.3017924e-16  9.1869818e-16  2.4351407e-16  9.7337777e-17  -1.0242625e-16  -2.6499818e-16  9.5070929e-16  8.1147820e-16  3.5654359e-16  -2.1752981e-17  -3.8507510e-16  -8.9999705e-16  1.0000000   -5.6837684e-16  2.0889824e-16  1.4395936e-16  3.6883804e-16  -1.1574828e-16  -3.2746404e-16  1.5325304e-16  -4.0353750e-16  -1.1047509e-16  4.2424050e-17  -4.0047528e-16  -2.7823992e-16  1.6121297e-17  -2.9657234e-16  -4.0937622e-16  -2.5635624e-17  2.1434611e-16  -8.0880759e-16  4.3017924e-16  9.1869818e-16  2.4351407e-16  9.7337777e-17  -1.0242625e-16  -2.6499818e-16  
-6.8683557e-16  -1.0171368e-16  -3.8833825e-17  -8.3190123e-16  4.9296948e-16  1.3918883e-16  -5.6837684e-16  1.0000000   -6.0074862e-16  5.8933628e-16  4.5693081e-16  2.1171327e-16  -7.7341468e-16  -4.1692976e-16  -2.0899119e-17  5.0028539e-16  9.9715369e-17  8.3090706e-17  -1.2121589e-15  -4.1171718e-16  -1.1358484e-15  7.6720091e-16  8.5893573e-16  7.6638979e-16  8.8278005e-17  8.2254200e-16  1.2223669e-15  3.6559858e-16  3.9972390e-16  1.0806477e-16  -5.5704067e-16  -6.8683557e-16  -1.0171368e-16  -3.8833825e-17  -8.3190123e-16  4.9296948e-16  1.3918883e-16  -5.6837684e-16  1.0000000   -6.0074862e-16  5.8933628e-16  4.5693081e-16  2.1171327e-16  -7.7341468e-16  -4.1692976e-16  -2.0899119e-17  5.0028539e-16  9.9715369e-17  8.3090706e-17  -1.2121589e-15  -4.1171718e-16  -1.1358484e-15  7.6720091e-16  8.5893573e-16  7.6638979e-16  8.8278005e-17  8.2254200e-16  1.2223669e-15  3.6559858e-16  3.9972390e-16  1.0806477e-16  -5.5704067e-16  
2.4876559e-16  -3.6556750e-16  -4.7559954e-16  -3.3637293e-16  4.6440840e-17  9.4594547e-16  2.0889824e-16  -6.0074862e-16  1.0000000   -1.3986303e-16  1.0550848e-16  3.4298444e-16  1.6815231e-16  1.8996142e-17  5.9456408e-16  -3.0413950e-16  1.1911567e-15  6.8355535e-16  1.4252470e-16  4.9046566e-16  2.7476171e-16  -3.3584738e-16  -8.4457854e-18  3.5895553e-16  -5.1710929e-16  3.8602957e-16  1.1988294e-16  4.4522063e-16  2.9562577e-16  7.7831409e-16  1.1751710e-16  2.4876559e-16  -3.6556750e-16  -4.7559954e-16  -3.3637293e-16  4.6440840e-17  9.4594547e-16  2.0889824e-16  -6.0074862e-16  1.0000000   -1.3986303e-16  1.0550848e-16  3.4298444e-16  1.6815231e-16  1.8996142e-17  5.9456408e-16  -3.0413950e-16  1.1911567e-15  6.8355535e-16  1.4252470e-16  4.9046566e-16  2.7476171e-16  -3.3584738e-16  -8.4457854e-18  3.5895553e-16  -5.1710929e-16  3.8602957e-16  1.1988294e-16  4.4522063e-16  2.9562577e-16  7.7831409e-16  1.1751710e-16  
-2.7492286e-16  1.9984088e-16  7.4448430e-16  -2.2892696e-16  -1.1093766e-16  -4.0323361e-16  1.4395936e-16  5.8933628e-16  -1.3986303e-16  1.0000000   1.5618853e-16  -2.0267399e-16  2.2549791e-17  -7.7375542e-16  -3.0451262e-16  2.5569232e-16  5.2985825e-16  -1.9121164e-16  8.4618814e-16  1.8393069e-16  -6.2022565e-16  -5.3695610e-16  2.5427862e-16  -3.3665663e-16  -3.3488508e-16  6.1928598e-16  -4.1801951e-16  7.5961847e-17  1.3664206e-16  -6.7290553e-16  4.3207264e-16  -2.7492286e-16  1.9984088e-16  7.4448430e-16  -2.2892696e-16  -1.1093766e-16  -4.0323361e-16  1.4395936e-16  5.8933628e-16  -1.3986303e-16  1.0000000   1.5618853e-16  -2.0267399e-16  2.2549791e-17  -7.7375542e-16  -3.0451262e-16  2.5569232e-16  5.2985825e-16  -1.9121164e-16  8.4618814e-16  1.8393069e-16  -6.2022565e-16  -5.3695610e-16  2.5427862e-16  -3.3665663e-16  -3.3488508e-16  6.1928598e-16  -4.1801951e-16  7.5961847e-17  1.3664206e-16  -6.7290553e-16  4.3207264e-16  
3.9127678e-17  2.1921292e-16  7.7403944e-16  -5.5991228e-16  9.5315330e-17  -4.0249041e-16  3.6883804e-16  4.5693081e-16  1.0550848e-16  1.5618853e-16  1.0000000   5.2452973e-16  1.8994502e-17  9.8211372e-16  -2.1619745e-16  4.5488796e-16  -1.1908498e-16  2.3625220e-16  -1.1150825e-16  4.2278165e-16  2.7970124e-16  7.5014233e-16  1.0702705e-17  -3.3010604e-16  5.9093511e-16  -6.3822683e-16  3.3812200e-16  7.8213786e-16  -7.3462713e-16  -7.5906740e-16  6.9691647e-17  3.9127678e-17  2.1921292e-16  7.7403944e-16  -5.5991228e-16  9.5315330e-17  -4.0249041e-16  3.6883804e-16  4.5693081e-16  1.0550848e-16  1.5618853e-16  1.0000000   5.2452973e-16  1.8994502e-17  9.8211372e-16  -2.1619745e-16  4.5488796e-16  -1.1908498e-16  2.3625220e-16  -1.1150825e-16  4.2278165e-16  2.7970124e-16  7.5014233e-16  1.0702705e-17  -3.3010604e-16  5.9093511e-16  -6.3822683e-16  3.3812200e-16  7.8213786e-16  -7.3462713e-16  -7.5906740e-16  6.9691647e-17  
-1.2158298e-18  -6.8859094e-16  7.8210427e-16  3.0104365e-16  5.8691195e-16  -1.0633676e-16  -1.1574828e-16  2.1171327e-16  3.4298444e-16  -2.0267399e-16  5.2452973e-16  1.0000000   -8.3300152e-16  3.2465030e-16  -2.3784898e-16  2.4886876e-16  -1.4018057e-16  -7.4075099e-16  6.1954471e-16  -2.8903132e-16  -6.2673988e-16  -1.6867274e-16  -9.9718328e-16  -6.7825372e-16  1.0980263e-15  -3.5059724e-16  4.7884645e-16  1.1558933e-16  -6.5973954e-16  -2.3466564e-16  -1.8087704e-16  -1.2158298e-18  -6.8859094e-16  7.8210427e-16  3.0104365e-16  5.8691195e-16  -1.0633676e-16  -1.1574828e-16  2.1171327e-16  3.4298444e-16  -2.0267399e-16  5.2452973e-16  1.0000000   -8.3300152e-16  3.2465030e-16  -2.3784898e-16  2.4886876e-16  -1.4018057e-16  -7.4075099e-16  6.1954471e-16  -2.8903132e-16  -6.2673988e-16  -1.6867274e-16  -9.9718328e-16  -6.7825372e-16  1.0980263e-15  -3.5059724e-16  4.7884645e-16  1.1558933e-16  -6.5973954e-16  -2.3466564e-16  -1.8087704e-16  
3.9913245e-16  4.8813728e-16  -5.9815018e-17  5.6826474e-16  -7.4369312e-17  -9.3978987e-17  -3.2746404e-16  -7.7341468e-16  1.6815231e-16  2.2549791e-17  1.8994502e-17  -8.3300152e-16  1.0000000   -1.7218523e-16  1.4123834e-17  1.8962778e-16  5.4417350e-17  -2.7563923e-16  8.3713954e-16  6.6809912e-16  1.7932503e-16  -1.3167009e-16  2.8809453e-16  1.9322502e-16  2.0751591e-16  3.3707029e-17  -1.0303342e-15  6.9569531e-16  -3.1362829e-16  -2.5018142e-16  -1.9721167e-16  3.9913245e-16  4.8813728e-16  -5.9815018e-17  5.6826474e-16  -7.4369312e-17  -9.3978987e-17  -3.2746404e-16  -7.7341468e-16  1.6815231e-16  2.2549791e-17  1.8994502e-17  -8.3300152e-16  1.0000000   -1.7218523e-16  1.4123834e-17  1.8962778e-16  5.4417350e-17  -2.7563923e-16  8.3713954e-16  6.6809912e-16  1.7932503e-16  -1.3167009e-16  2.8809453e-16  1.9322502e-16  2.0751591e-16  3.3707029e-17  -1.0303342e-15  6.9569531e-16  -3.1362829e-16  -2.5018142e-16  -1.9721167e-16  
-8.4902970e-17  -2.3328673e-16  -6.1747764e-16  1.2846641e-17  1.6539452e-16  -8.3143554e-16  1.5325304e-16  -4.1692976e-16  1.8996142e-17  -7.7375542e-16  9.8211372e-16  3.2465030e-16  -1.7218523e-16  1.0000000   -4.3109970e-16  3.2374818e-16  -1.0613012e-16  -4.5280004e-16  1.1257325e-16  -2.6743796e-16  -2.2444181e-18  1.6784974e-16  -2.0281725e-16  2.1991951e-16  -5.4284416e-17  -1.1056188e-16  -6.6347440e-16  -4.6467727e-16  -8.8910901e-16  4.5989189e-16  -5.6968317e-16  -8.4902970e-17  -2.3328673e-16  -6.1747764e-16  1.2846641e-17  1.6539452e-16  -8.3143554e-16  1.5325304e-16  -4.1692976e-16  1.8996142e-17  -7.7375542e-16  9.8211372e-16  3.2465030e-16  -1.7218523e-16  1.0000000   -4.3109970e-16  3.2374818e-16  -1.0613012e-16  -4.5280004e-16  1.1257325e-16  -2.6743796e-16  -2.2444181e-18  1.6784974e-16  -2.0281725e-16  2.1991951e-16  -5.4284416e-17  -1.1056188e-16  -6.6347440e-16  -4.6467727e-16  -8.8910901e-16  4.5989189e-16  -5.6968317e-16  
-1.0105757e-16  6.7408975e-17  3.5112999e-16  -1.7632236e-16  5.4907254e-16  -6.8464544e-16  -4.0353750e-16  -2.0899119e-17  5.9456408e-16  -3.0451262e-16  -2.1619745e-16  -2.3784898e-16  1.4123834e-17  -4.3109970e-16  1.0000000   -1.8616250e-16  -4.9465741e-16  1.2242711e-16  -3.0155121e-16  -3.2427391e-16  -8.0315502e-17  4.4232363e-16  4.2892857e-16  -9.3754260e-17  5.7168075e-16  3.7310347e-16  7.7666813e-17  -2.5353816e-16  -1.6213119e-16  -1.2404320e-16  -1.9521606e-16  -1.0105757e-16  6.7408975e-17  3.5112999e-16  -1.7632236e-16  5.4907254e-16  -6.8464544e-16  -4.0353750e-16  -2.0899119e-17  5.9456408e-16  -3.0451262e-16  -2.1619745e-16  -2.3784898e-16  1.4123834e-17  -4.3109970e-16  1.0000000   -1.8616250e-16  -4.9465741e-16  1.2242711e-16  -3.0155121e-16  -3.2427391e-16  -8.0315502e-17  4.4232363e-16  4.2892857e-16  -9.3754260e-17  5.7168075e-16  3.7310347e-16  7.7666813e-17  -2.5353816e-16  -1.6213119e-16  -1.2404320e-16  -1.9521606e-16  
-5.6386550e-16  -1.7948658e-16  -1.5344670e-17  -1.6290351e-16  3.1329376e-16  -1.7894874e-16  -1.1047509e-16  5.0028539e-16  -3.0413950e-16  2.5569232e-16  4.5488796e-16  2.4886876e-16  1.8962778e-16  3.2374818e-16  -1.8616250e-16  1.0000000   5.8061769e-16  3.1622794e-17  -2.6146011e-16  2.3317971e-16  -1.3861100e-17  -4.8439928e-18  3.7050891e-16  2.9180735e-17  -9.2262078e-17  -2.4292475e-16  -5.0438337e-17  3.7108489e-16  -5.3030555e-16  9.1037041e-17  -4.7390976e-16  -5.6386550e-16  -1.7948658e-16  -1.5344670e-17  -1.6290351e-16  3.1329376e-16  -1.7894874e-16  -1.1047509e-16  5.0028539e-16  -3.0413950e-16  2.5569232e-16  4.5488796e-16  2.4886876e-16  1.8962778e-16  3.2374818e-16  -1.8616250e-16  1.0000000   5.8061769e-16  3.1622794e-17  -2.6146011e-16  2.3317971e-16  -1.3861100e-17  -4.8439928e-18  3.7050891e-16  2.9180735e-17  -9.2262078e-17  -2.4292475e-16  -5.0438337e-17  3.7108489e-16  -5.3030555e-16  9.1037041e-17  -4.7390976e-16  
1.8797052e-16  2.1856455e-16  -3.9734431e-16  -2.7460391e-17  3.6741253e-16  -4.3554997e-16  4.2424050e-17  9.9715369e-17  1.1911567e-15  5.2985825e-16  -1.1908498e-16  -1.4018057e-16  5.4417350e-17  -1.0613012e-16  -4.9465741e-16  5.8061769e-16  1.0000000   -5.5967979e-16  -1.7708026e-16  3.8336484e-17  5.9524880e-17  -2.1168151e-16  1.9681595e-16  -6.1556385e-16  -2.6857408e-16  5.8244874e-17  1.9003520e-16  -3.7607962e-16  -2.4837332e-16  -5.5335824e-16  -3.2470646e-16  1.8797052e-16  2.1856455e-16  -3.9734431e-16  -2.7460391e-17  3.6741253e-16  -4.3554997e-16  4.2424050e-17  9.9715369e-17  1.1911567e-15  5.2985825e-16  -1.1908498e-16  -1.4018057e-16  5.4417350e-17  -1.0613012e-16  -4.9465741e-16  5.8061769e-16  1.0000000   -5.5967979e-16  -1.7708026e-16  3.8336484e-17  5.9524880e-17  -2.1168151e-16  1.9681595e-16  -6.1556385e-16  -2.6857408e-16  5.8244874e-17  1.9003520e-16  -3.7607962e-16  -2.4837332e-16  -5.5335824e-16  -3.2470646e-16  
2.2438763e-18  -2.1298551e-16  -2.2195641e-16  7.4645022e-16  6.3912976e-16  1.0278916e-15  -4.0047528e-16  8.3090706e-17  6.8355535e-16  -1.9121164e-16  2.3625220e-16  -7.4075099e-16  -2.7563923e-16  -4.5280004e-16  1.2242711e-16  3.1622794e-17  -5.5967979e-16  1.0000000   -4.0576489e-16  3.7759958e-16  3.0309422e-16  -3.9110284e-16  -1.7820796e-16  -5.7422188e-16  -2.8943449e-16  1.5013671e-17  1.0396009e-16  3.7226626e-16  -4.3214874e-16  -5.7603733e-18  6.0274521e-16  2.2438763e-18  -2.1298551e-16  -2.2195641e-16  7.4645022e-16  6.3912976e-16  1.0278916e-15  -4.0047528e-16  8.3090706e-17  6.8355535e-16  -1.9121164e-16  2.3625220e-16  -7.4075099e-16  -2.7563923e-16  -4.5280004e-16  1.2242711e-16  3.1622794e-17  -5.5967979e-16  1.0000000   -4.0576489e-16  3.7759958e-16  3.0309422e-16  -3.9110284e-16  -1.7820796e-16  -5.7422188e-16  -2.8943449e-16  1.5013671e-17  1.0396009e-16  3.7226626e-16  -4.3214874e-16  -5.7603733e-18  6.0274521e-16  
3.6911734e-16  -7.9106078e-17  5.4488249e-16  -1.8286396e-16  -4.6550312e-16  1.2116601e-15  -2.7823992e-16  -1.2121589e-15  1.4252470e-16  8.4618814e-16  -1.1150825e-16  6.1954471e-16  8.3713954e-16  1.1257325e-16  -3.0155121e-16  -2.6146011e-16  -1.7708026e-16  -4.0576489e-16  1.0000000   2.1037396e-16  2.9536165e-16  4.1663990e-16  2.7059022e-16  -1.6862590e-16  -2.3611486e-16  1.8777301e-16  4.7748320e-16  -1.4929927e-16  -1.0313151e-15  6.0847234e-17  -2.0547695e-16  3.6911734e-16  -7.9106078e-17  5.4488249e-16  -1.8286396e-16  -4.6550312e-16  1.2116601e-15  -2.7823992e-16  -1.2121589e-15  1.4252470e-16  8.4618814e-16  -1.1150825e-16  6.1954471e-16  8.3713954e-16  1.1257325e-16  -3.0155121e-16  -2.6146011e-16  -1.7708026e-16  -4.0576489e-16  1.0000000   2.1037396e-16  2.9536165e-16  4.1663990e-16  2.7059022e-16  -1.6862590e-16  -2.3611486e-16  1.8777301e-16  4.7748320e-16  -1.4929927e-16  -1.0313151e-15  6.0847234e-17  -2.0547695e-16  
-3.5731214e-16  6.3228705e-16  3.8442606e-16  -1.0061430e-16  -2.3490486e-16  -1.6883509e-18  1.6121297e-17  -4.1171718e-16  4.9046566e-16  1.8393069e-16  4.2278165e-16  -2.8903132e-16  6.6809912e-16  -2.6743796e-16  -3.2427391e-16  2.3317971e-16  3.8336484e-17  3.7759958e-16  2.1037396e-16  1.0000000   5.2335033e-16  4.5098688e-16  3.3529023e-16  5.0526409e-16  1.2952215e-16  -3.1116512e-17  -2.9907725e-16  2.7105155e-16  1.4812544e-16  3.3596959e-16  1.7132339e-16  -3.5731214e-16  6.3228705e-16  3.8442606e-16  -1.0061430e-16  -2.3490486e-16  -1.6883509e-18  1.6121297e-17  -4.1171718e-16  4.9046566e-16  1.8393069e-16  4.2278165e-16  -2.8903132e-16  6.6809912e-16  -2.6743796e-16  -3.2427391e-16  2.3317971e-16  3.8336484e-17  3.7759958e-16  2.1037396e-16  1.0000000   5.2335033e-16  4.5098688e-16  3.3529023e-16  5.0526409e-16  1.2952215e-16  -3.1116512e-17  -2.9907725e-16  2.7105155e-16  1.4812544e-16  3.3596959e-16  1.7132339e-16  
-6.5143253e-16  1.1309785e-16  4.8731982e-16  -3.6585488e-16  2.0021506e-16  2.6476454e-16  -2.9657234e-16  -1.1358484e-15  2.7476171e-16  -6.2022565e-16  2.7970124e-16  -6.2673988e-16  1.7932503e-16  -2.2444181e-18  -8.0315502e-17  -1.3861100e-17  5.9524880e-17  3.0309422e-16  2.9536165e-16  5.2335033e-16  1.0000000   -4.0276493e-16  -1.8447359e-16  -1.6152934e-16  -1.9749757e-16  2.1536552e-16  -2.3487104e-16  -4.5588790e-16  -1.9143150e-16  2.5987260e-16  -4.4421284e-16  -6.5143253e-16  1.1309785e-16  4.8731982e-16  -3.6585488e-16  2.0021506e-16  2.6476454e-16  -2.9657234e-16  -1.1358484e-15  2.7476171e-16  -6.2022565e-16  2.7970124e-16  -6.2673988e-16  1.7932503e-16  -2.2444181e-18  -8.0315502e-17  -1.3861100e-17  5.9524880e-17  3.0309422e-16  2.9536165e-16  5.2335033e-16  1.0000000   -4.0276493e-16  -1.8447359e-16  -1.6152934e-16  -1.9749757e-16  2.1536552e-16  -2.3487104e-16  -4.5588790e-16  -1.9143150e-16  2.5987260e-16  -4.4421284e-16  
5.2260265e-16  5.4792823e-16  1.9438224e-16  4.1298071e-17  7.3691154e-16  -5.3501623e-16  -4.0937622e-16  7.6720091e-16  -3.3584738e-16  -5.3695610e-16  7.5014233e-16  -1.6867274e-16  -1.3167009e-16  1.6784974e-16  4.4232363e-16  -4.8439928e-18  -2.1168151e-16  -3.9110284e-16  4.1663990e-16  4.5098688e-16  -4.0276493e-16  1.0000000   -1.2928874e-16  -5.4662968e-16  -4.6747020e-16  1.1754916e-16  -4.9746572e-16  5.0712705e-16  -4.7139848e-16  -1.2050281e-16  -7.6283592e-17  5.2260265e-16  5.4792823e-16  1.9438224e-16  4.1298071e-17  7.3691154e-16  -5.3501623e-16  -4.0937622e-16  7.6720091e-16  -3.3584738e-16  -5.3695610e-16  7.5014233e-16  -1.6867274e-16  -1.3167009e-16  1.6784974e-16  4.4232363e-16  -4.8439928e-18  -2.1168151e-16  -3.9110284e-16  4.1663990e-16  4.5098688e-16  -4.0276493e-16  1.0000000   -1.2928874e-16  -5.4662968e-16  -4.6747020e-16  1.1754916e-16  -4.9746572e-16  5.0712705e-16  -4.7139848e-16  -1.2050281e-16  -7.6283592e-17  
-9.5250038e-16  -1.5342165e-16  1.7079854e-16  -4.8386928e-17  7.0354153e-16  -4.0199971e-16  -2.5635624e-17  8.5893573e-16  -8.4457854e-18  2.5427862e-16  1.0702705e-17  -9.9718328e-16  2.8809453e-16  -2.0281725e-16  4.2892857e-16  3.7050891e-16  1.9681595e-16  -1.7820796e-16  2.7059022e-16  3.3529023e-16  -1.8447359e-16  -1.2928874e-16  1.0000000   3.1210675e-16  -3.3027131e-17  1.2057952e-16  -3.9347030e-17  -2.3510759e-17  4.9714468e-16  1.9846597e-16  2.3222977e-17  -9.5250038e-16  -1.5342165e-16  1.7079854e-16  -4.8386928e-17  7.0354153e-16  -4.0199971e-16  -2.5635624e-17  8.5893573e-16  -8.4457854e-18  2.5427862e-16  1.0702705e-17  -9.9718328e-16  2.8809453e-16  -2.0281725e-16  4.2892857e-16  3.7050891e-16  1.9681595e-16  -1.7820796e-16  2.7059022e-16  3.3529023e-16  -1.8447359e-16  -1.2928874e-16  1.0000000   3.1210675e-16  -3.3027131e-17  1.2057952e-16  -3.9347030e-17  -2.3510759e-17  4.9714468e-16  1.9846597e-16  2.3222977e-17  
-1.4006684e-16  1.4838394e-16  3.9245202e-17  -2.8237934e-16  5.1020581e-16  -3.6550151e-16  2.1434611e-16  7.6638979e-16  3.5895553e-16  -3.3665663e-16  -3.3010604e-16  -6.7825372e-16  1.9322502e-16  2.1991951e-16  -9.3754260e-17  2.9180735e-17  -6.1556385e-16  -5.7422188e-16  -1.6862590e-16  5.0526409e-16  -1.6152934e-16  -5.4662968e-16  3.1210675e-16  1.0000000   -4.5306363e-17  2.0812414e-16  -2.5801596e-17  1.9579950e-16  1.2408102e-16  1.5416534e-16  3.7897450e-16  -1.4006684e-16  1.4838394e-16  3.9245202e-17  -2.8237934e-16  5.1020581e-16  -3.6550151e-16  2.1434611e-16  7.6638979e-16  3.5895553e-16  -3.3665663e-16  -3.3010604e-16  -6.7825372e-16  1.9322502e-16  2.1991951e-16  -9.3754260e-17  2.9180735e-17  -6.1556385e-16  -5.7422188e-16  -1.6862590e-16  5.0526409e-16  -1.6152934e-16  -5.4662968e-16  3.1210675e-16  1.0000000   -4.5306363e-17  2.0812414e-16  -2.5801596e-17  1.9579950e-16  1.2408102e-16  1.5416534e-16  3.7897450e-16  
7.4295867e-16  9.5682130e-16  -8.3963032e-17  3.4604482e-16  1.9256394e-16  1.9405221e-16  -8.0880759e-16  8.8278005e-17  -5.1710929e-16  -3.3488508e-16  5.9093511e-16  1.0980263e-15  2.0751591e-16  -5.4284416e-17  5.7168075e-16  -9.2262078e-17  -2.6857408e-16  -2.8943449e-16  -2.3611486e-16  1.2952215e-16  -1.9749757e-16  -4.6747020e-16  -3.3027131e-17  -4.5306363e-17  1.0000000   2.4320868e-16  1.4096673e-16  4.1043065e-16  -2.6395640e-16  -3.9093774e-16  -4.6954028e-16  7.4295867e-16  9.5682130e-16  -8.3963032e-17  3.4604482e-16  1.9256394e-16  1.9405221e-16  -8.0880759e-16  8.8278005e-17  -5.1710929e-16  -3.3488508e-16  5.9093511e-16  1.0980263e-15  2.0751591e-16  -5.4284416e-17  5.7168075e-16  -9.2262078e-17  -2.6857408e-16  -2.8943449e-16  -2.3611486e-16  1.2952215e-16  -1.9749757e-16  -4.6747020e-16  -3.3027131e-17  -4.5306363e-17  1.0000000   2.4320868e-16  1.4096673e-16  4.1043065e-16  -2.6395640e-16  -3.9093774e-16  -4.6954028e-16  
-2.3214178e-17  2.3189042e-16  4.6231697e-16  1.0295333e-16  4.1647610e-18  9.5901427e-16  4.3017924e-16  8.2254200e-16  3.8602957e-16  6.1928598e-16  -6.3822683e-16  -3.5059724e-16  3.3707029e-17  -1.1056188e-16  3.7310347e-16  -2.4292475e-16  5.8244874e-17  1.5013671e-17  1.8777301e-16  -3.1116512e-17  2.1536552e-16  1.1754916e-16  1.2057952e-16  2.0812414e-16  2.4320868e-16  1.0000000   5.0355253e-16  -5.4767662e-17  2.3831408e-17  5.6793867e-16  -2.8593402e-16  -2.3214178e-17  2.3189042e-16  4.6231697e-16  1.0295333e-16  4.1647610e-18  9.5901427e-16  4.3017924e-16  8.2254200e-16  3.8602957e-16  6.1928598e-16  -6.3822683e-16  -3.5059724e-16  3.3707029e-17  -1.1056188e-16  3.7310347e-16  -2.4292475e-16  5.8244874e-17  1.5013671e-17  1.8777301e-16  -3.1116512e-17  2.1536552e-16  1.1754916e-16  1.2057952e-16  2.0812414e-16  2.4320868e-16  1.0000000   5.0355253e-16  -5.4767662e-17  2.3831408e-17  5.6793867e-16  -2.8593402e-16  
2.9334427e-16  6.2639532e-17  1.2350072e-16  -4.9835131e-17  -1.2763589e-16  -4.0464689e-16  9.1869818e-16  1.2223669e-15  1.1988294e-16  -4.1801951e-16  3.3812200e-16  4.7884645e-16  -1.0303342e-15  -6.6347440e-16  7.7666813e-17  -5.0438337e-17  1.9003520e-16  1.0396009e-16  4.7748320e-16  -2.9907725e-16  -2.3487104e-16  -4.9746572e-16  -3.9347030e-17  -2.5801596e-17  1.4096673e-16  5.0355253e-16  1.0000000   -5.4327545e-16  1.5447725e-15  3.4751980e-16  5.4084417e-17  2.9334427e-16  6.2639532e-17  1.2350072e-16  -4.9835131e-17  -1.2763589e-16  -4.0464689e-16  9.1869818e-16  1.2223669e-15  1.1988294e-16  -4.1801951e-16  3.3812200e-16  4.7884645e-16  -1.0303342e-15  -6.6347440e-16  7.7666813e-17  -5.0438337e-17  1.9003520e-16  1.0396009e-16  4.7748320e-16  -2.9907725e-16  -2.3487104e-16  -4.9746572e-16  -3.9347030e-17  -2.5801596e-17  1.4096673e-16  5.0355253e-16  1.0000000   -5.4327545e-16  1.5447725e-15  3.4751980e-16  5.4084417e-17  
-3.5048759e-16  2.4373587e-16  -1.6941249e-16  -1.2844904e-16  -2.8963219e-17  3.9331665e-16  2.4351407e-16  3.6559858e-16  4.4522063e-16  7.5961847e-17  7.8213786e-16  1.1558933e-16  6.9569531e-16  -4.6467727e-16  -2.5353816e-16  3.7108489e-16  -3.7607962e-16  3.7226626e-16  -1.4929927e-16  2.7105155e-16  -4.5588790e-16  5.0712705e-16  -2.3510759e-17  1.9579950e-16  4.1043065e-16  -5.4767662e-17  -5.4327545e-16  1.0000000   -2.3670418e-16  -3.7960819e-16  -1.3832538e-16  -3.5048759e-16  2.4373587e-16  -1.6941249e-16  -1.2844904e-16  -2.8963219e-17  3.9331665e-16  2.4351407e-16  3.6559858e-16  4.4522063e-16  7.5961847e-17  7.8213786e-16  1.1558933e-16  6.9569531e-16  -4.6467727e-16  -2.5353816e-16  3.7108489e-16  -3.7607962e-16  3.7226626e-16  -1.4929927e-16  2.7105155e-16  -4.5588790e-16  5.0712705e-16  -2.3510759e-17  1.9579950e-16  4.1043065e-16  -5.4767662e-17  -5.4327545e-16  1.0000000   -2.3670418e-16  -3.7960819e-16  -1.3832538e-16  
-9.1952271e-17  -1.2153564e-16  -4.0040484e-16  6.5190456e-17  -9.4594458e-16  -7.4521322e-19  9.7337777e-17  3.9972390e-16  2.9562577e-16  1.3664206e-16  -7.3462713e-16  -6.5973954e-16  -3.1362829e-16  -8.8910901e-16  -1.6213119e-16  -5.3030555e-16  -2.4837332e-16  -4.3214874e-16  -1.0313151e-15  1.4812544e-16  -1.9143150e-16  -4.7139848e-16  4.9714468e-16  1.2408102e-16  -2.6395640e-16  2.3831408e-17  1.5447725e-15  -2.3670418e-16  1.0000000   -1.2248655e-17  1.6773227e-16  -9.1952271e-17  -1.2153564e-16  -4.0040484e-16  6.5190456e-17  -9.4594458e-16  -7.4521322e-19  9.7337777e-17  3.9972390e-16  2.9562577e-16  1.3664206e-16  -7.3462713e-16  -6.5973954e-16  -3.1362829e-16  -8.8910901e-16  -1.6213119e-16  -5.3030555e-16  -2.4837332e-16  -4.3214874e-16  -1.0313151e-15  1.4812544e-16  -1.9143150e-16  -4.7139848e-16  4.9714468e-16  1.2408102e-16  -2.6395640e-16  2.3831408e-17  1.5447725e-15  -2.3670418e-16  1.0000000   -1.2248655e-17  1.6773227e-16  
1.4497773e-16  5.6698011e-16  5.4082661e-16  3.5916829e-16  -2.4260596e-16  -1.0983132e-16  -1.0242625e-16  1.0806477e-16  7.7831409e-16  -6.7290553e-16  -7.5906740e-16  -2.3466564e-16  -2.5018142e-16  4.5989189e-16  -1.2404320e-16  9.1037041e-17  -5.5335824e-16  -5.7603733e-18  6.0847234e-17  3.3596959e-16  2.5987260e-16  -1.2050281e-16  1.9846597e-16  1.5416534e-16  -3.9093774e-16  5.6793867e-16  3.4751980e-16  -3.7960819e-16  -1.2248655e-17  1.0000000   1.4404694e-16  1.4497773e-16  5.6698011e-16  5.4082661e-16  3.5916829e-16  -2.4260596e-16  -1.0983132e-16  -1.0242625e-16  1.0806477e-16  7.7831409e-16  -6.7290553e-16  -7.5906740e-16  -2.3466564e-16  -2.5018142e-16  4.5989189e-16  -1.2404320e-16  9.1037041e-17  -5.5335824e-16  -5.7603733e-18  6.0847234e-17  3.3596959e-16  2.5987260e-16  -1.2050281e-16  1.9846597e-16  1.5416534e-16  -3.9093774e-16  5.6793867e-16  3.4751980e-16  -3.7960819e-16  -1.2248655e-17  1.0000000   1.4404694e-16  
2.5742461e-16  3.1463443e-16  -4.2972313e-16  -8.9488895e-17  -2.7082400e-17  -4.6202703e-17  -2.6499818e-16  -5.5704067e-16  1.1751710e-16  4.3207264e-16  6.9691647e-17  -1.8087704e-16  -1.9721167e-16  -5.6968317e-16  -1.9521606e-16  -4.7390976e-16  -3.2470646e-16  6.0274521e-16  -2.0547695e-16  1.7132339e-16  -4.4421284e-16  -7.6283592e-17  2.3222977e-17  3.7897450e-16  -4.6954028e-16  -2.8593402e-16  5.4084417e-17  -1.3832538e-16  1.6773227e-16  1.4404694e-16  1.0000000   2.5742461e-16  3.1463443e-16  -4.2972313e-16  -8.9488895e-17  -2.7082400e-17  -4.6202703e-17  -2.6499818e-16  -5.5704067e-16  1.1751710e-16  4.3207264e-16  6.9691647e-17  -1.8087704e-16  -1.9721167e-16  -5.6968317e-16  -1.9521606e-16  -4.7390976e-16  -3.2470646e-16  6.0274521e-16  -2.0547695e-16  1.7132339e-16  -4.4421284e-16  -7.6283592e-17  2.3222977e-17  3.7897450e-16  -4.6954028e-16  -2.8593402e-16  5.4084417e-17  -1.3832538e-16  1.6773227e-16  1.4404694e-16  1.0000000   
1.0000000   -7.6815016e-16  5.4213390e-16  -1.6256260e-17  -2.9481455e-16  -1.6164016e-17  9.5070929e-16  -6.8683557e-16  2.4876559e-16  -2.7492286e-16  3.9127678e-17  -1.2158298e-18  3.9913245e-16  -8.4902970e-17  -1.0105757e-16  -5.6386550e-16  1.8797052e-16  2.2438763e-18  3.6911734e-16  -3.5731214e-16  -6.5143253e-16  5.2260265e-16  -9.5250038e-16  -1.4006684e-16  7.4295867e-16  -2.3214178e-17  2.9334427e-16  -3.5048759e-16  -9.1952271e-17  1.4497773e-16  2.5742461e-16  1.0000000   -7.6815016e-16  5.4213390e-16  -1.6256260e-17  -2.9481455e-16  -1.6164016e-17  9.5070929e-16  -6.8683557e-16  2.4876559e-16  -2.7492286e-16  3.9127678e-17  -1.2158298e-18  3.9913245e-16  -8.4902970e-17  -1.0105757e-16  -5.6386550e-16  1.8797052e-16  2.2438763e-18  3.6911734e-16  -3.5731214e-16  -6.5143253e-16  5.2260265e-16  -9.5250038e-16  -1.4006684e-16  7.4295867e-16  -2.3214178e-17  2.9334427e-16  -3.5048759e-16  -9.1952271e-17  1.4497773e-16  2.5742461e-16  
-7.6815016e-16  1.0000000   3.8222465e-16  4.9357145e-16  1.0160091e-16  -3.5055748e-16  8.1147820e-16  -1.0171368e-16  -3.6556750e-16  1.9984088e-16  2.1921292e-16  -6.8859094e-16  4.8813728e-16  -2.3328673e-16  6.7408975e-17  -1.7948658e-16  2.1856455e-16  -2.1298551e-16  -7.9106078e-17  6.3228705e-16  1.1309785e-16  5.4792823e-16  -1.5342165e-16  1.4838394e-16  9.5682130e-16  2.3189042e-16  6.2639532e-17  2.4373587e-16  -1.2153564e-16  5.6698011e-16  3.1463443e-16  -7.6815016e-16  1.0000000   3.8222465e-16  4.9357145e-16  1.0160091e-16  -3.5055748e-16  8.1147820e-16  -1.0171368e-16  -3.6556750e-16  1.9984088e-16  2.1921292e-16  -6.8859094e-16  4.8813728e-16  -2.3328673e-16  6.7408975e-17  -1.7948658e-16  2.1856455e-16  -2.1298551e-16  -7.9106078e-17  6.3228705e-16  1.1309785e-16  5.4792823e-16  -1.5342165e-16  1.4838394e-16  9.5682130e-16  2.3189042e-16  6.2639532e-17  2.4373587e-16  -1.2153564e-16  5.6698011e-16  3.1463443e-16  
5.4213390e-16  3.8222465e-16  1.0000000   1.4773160e-16  2.4513759e-16  -6.7017130e-16  3.5654359e-16  -3.8833825e-17  -4.7559954e-16  7.4448430e-16  7.7403944e-16  7.8210427e-16  -5.9815018e-17  -6.1747764e-16  3.5112999e-16  -1.5344670e-17  -3.9734431e-16  -2.2195641e-16  5.4488249e-16  3.8442606e-16  4.8731982e-16  1.9438224e-16  1.7079854e-16  3.9245202e-17  -8.3963032e-17  4.6231697e-16  1.2350072e-16  -1.6941249e-16  -4.0040484e-16  5.4082661e-16  -4.2972313e-16  5.4213390e-16  3.8222465e-16  1.0000000   1.4773160e-16  2.4513759e-16  -6.7017130e-16  3.5654359e-16  -3.8833825e-17  -4.7559954e-16  7.4448430e-16  7.7403944e-16  7.8210427e-16  -5.9815018e-17  -6.1747764e-16  3.5112999e-16  -1.5344670e-17  -3.9734431e-16  -2.2195641e-16  5.4488249e-16  3.8442606e-16  4.8731982e-16  1.9438224e-16  1.7079854e-16  3.9245202e-17  -8.3963032e-17  4.6231697e-16  1.2350072e-16  -1.6941249e-16  -4.0040484e-16  5.4082661e-16  -4.2972313e-16  
-1.6256260e-17  4.9357145e-16  1.4773160e-16  1.0000000   3.3898775e-16  -2.2701945e-16  -2.1752981e-17  -8.3190123e-16  -3.3637293e-16  -2.2892696e-16  -5.5991228e-16  3.0104365e-16  5.6826474e-16  1.2846641e-17  -1.7632236e-16  -1.6290351e-16  -2.7460391e-17  7.4645022e-16  -1.8286396e-16  -1.0061430e-16  -3.6585488e-16  4.1298071e-17  -4.8386928e-17  -2.8237934e-16  3.4604482e-16  1.0295333e-16  -4.9835131e-17  -1.2844904e-16  6.5190456e-17  3.5916829e-16  -8.9488895e-17  -1.6256260e-17  4.9357145e-16  1.4773160e-16  1.0000000   3.3898775e-16  -2.2701945e-16  -2.1752981e-17  -8.3190123e-16  -3.3637293e-16  -2.2892696e-16  -5.5991228e-16  3.0104365e-16  5.6826474e-16  1.2846641e-17  -1.7632236e-16  -1.6290351e-16  -2.7460391e-17  7.4645022e-16  -1.8286396e-16  -1.0061430e-16  -3.6585488e-16  4.1298071e-17  -4.8386928e-17  -2.8237934e-16  3.4604482e-16  1.0295333e-16  -4.9835131e-17  -1.2844904e-16  6.5190456e-17  3.5916829e-16  -8.9488895e-17  
-2.9481455e-16  1.0160091e-16  2.4513759e-16  3.3898775e-16  1.0000000   4.9056768e-16  -3.8507510e-16  4.9296948e-16  4.6440840e-17  -1.1093766e-16  9.5315330e-17  5.8691195e-16  -7.4369312e-17  1.6539452e-16  5.4907254e-16  3.1329376e-16  3.6741253e-16  6.3912976e-16  -4.6550312e-16  -2.3490486e-16  2.0021506e-16  7.3691154e-16  7.0354153e-16  5.1020581e-16  1.9256394e-16  4.1647610e-18  -1.2763589e-16  -2.8963219e-17  -9.4594458e-16  -2.4260596e-16  -2.7082400e-17  -2.9481455e-16  1.0160091e-16  2.4513759e-16  3.3898775e-16  1.0000000   4.9056768e-16  -3.8507510e-16  4.9296948e-16  4.6440840e-17  -1.1093766e-16  9.5315330e-17  5.8691195e-16  -7.4369312e-17  1.6539452e-16  5.4907254e-16  3.1329376e-16  3.6741253e-16  6.3912976e-16  -4.6550312e-16  -2.3490486e-16  2.0021506e-16  7.3691154e-16  7.0354153e-16  5.1020581e-16  1.9256394e-16  4.1647610e-18  -1.2763589e-16  -2.8963219e-17  -9.4594458e-16  -2.4260596e-16  -2.7082400e-17  
-1.6164016e-17  -3.5055748e-16  -6.7017130e-16  -2.2701945e-16  4.9056768e-16  1.0000000   -8.9999705e-16  1.3918883e-16  9.4594547e-16  -4.0323361e-16  -4.0249041e-16  -1.0633676e-16  -9.3978987e-17  -8.3143554e-16  -6.8464544e-16  -1.7894874e-16  -4.3554997e-16  1.0278916e-15  1.2116601e-15  -1.6883509e-18  2.6476454e-16  -5.3501623e-16  -4.0199971e-16  -3.6550151e-16  1.9405221e-16  9.5901427e-16  -4.0464689e-16  3.9331665e-16  -7.4521322e-19  -1.0983132e-16  -4.6202703e-17  -1.6164016e-17  -3.5055748e-16  -6.7017130e-16  -2.2701945e-16  4.9056768e-16  1.0000000   -8.9999705e-16  1.3918883e-16  9.4594547e-16  -4.0323361e-16  -4.0249041e-16  -1.0633676e-16  -9.3978987e-17  -8.3143554e-16  -6.8464544e-16  -1.7894874e-16  -4.3554997e-16  1.0278916e-15  1.2116601e-15  -1.6883509e-18  2.6476454e-16  -5.3501623e-16  -4.0199971e-16  -3.6550151e-16  1.9405221e-16  9.5901427e-16  -4.0464689e-16  3.9331665e-16  -7.4521322e-19  -1.0983132e-16  -4.6202703e-17  
9.5070929e-16  8.1147820e-16  3.5654359e-16  -2.1752981e-17  -3.8507510e-16  -8.9999705e-16  1.0000000   -5.6837684e-16  2.0889824e-16  1.4395936e-16  3.6883804e-16  -1.1574828e-16  -3.2746404e-16  1.5325304e-16  -4.0353750e-16  -1.1047509e-16  4.2424050e-17  -4.0047528e-16  -2.7823992e-16  1.6121297e-17  -2.9657234e-16  -4.0937622e-16  -2.5635624e-17  2.1434611e-16  -8.0880759e-16  4.3017924e-16  9.1869818e-16  2.4351407e-16  9.7337777e-17  -1.0242625e-16  -2.6499818e-16  9.5070929e-16  8.1147820e-16  3.5654359e-16  -2.1752981e-17  -3.8507510e-16  -8.9999705e-16  1.0000000   -5.6837684e-16  2.0889824e-16  1.4395936e-16  3.6883804e-16  -1.1574828e-16  -3.2746404e-16  1.5325304e-16  -4.0353750e-16  -1.1047509e-16  4.2424050e-17  -4.0047528e-16  -2.7823992e-16  1.6121297e-17  -2.9657234e-16  -4.0937622e-16  -2.5635624e-17  2.1434611e-16  -8.0880759e-16  4.3017924e-16  9.1869818e-16  2.4351407e-16  9.7337777e-17  -1.0242625e-16  -2.6499818e-16  
-6.8683557e-16  -1.0171368e-16  -3.8833825e-17  -8.3190123e-16  4.9296948e-16  1.3918883e-16  -5.6837684e-16  1.0000000   -6.0074862e-16  5.8933628e-16  4.5693081e-16  2.1171327e-16  -7.7341468e-16  -4.1692976e-16  -2.0899119e-17  5.0028539e-16  9.9715369e-17  8.3090706e-17  -1.2121589e-15  -4.1171718e-16  -1.1358484e-15  7.6720091e-16  8.5893573e-16  7.6638979e-16  8.8278005e-17  8.2254200e-16  1.2223669e-15  3.6559858e-16  3.9972390e-16  1.0806477e-16  -5.5704067e-16  -6.8683557e-16  -1.0171368e-16  -3.8833825e-17  -8.3190123e-16  4.9296948e-16  1.3918883e-16  -5.6837684e-16  1.0000000   -6.0074862e-16  5.8933628e-16  4.5693081e-16  2.1171327e-16  -7.7341468e-16  -4.1692976e-16  -2.0899119e-17  5.0028539e-16  9.9715369e-17  8.3090706e-17  -1.2121589e-15  -4.1171718e-16  -1.1358484e-15  7.6720091e-16  8.5893573e-16  7.6638979e-16  8.8278005e-17  8.2254200e-16  1.2223669e-15  3.6559858e-16  3.9972390e-16  1.0806477e-16  -5.5704067e-16  
2.4876559e-16  -3.6556750e-16  -4.7559954e-16  -3.3637293e-16  4.6440840e-17  9.4594547e-16  2.0889824e-16  -6.0074862e-16  1.0000000   -1.3986303e-16  1.0550848e-16  3.4298444e-16  1.6815231e-16  1.8996142e-17  5.9456408e-16  -3.0413950e-16  1.1911567e-15  6.8355535e-16  1.4252470e-16  4.9046566e-16  2.7476171e-16  -3.3584738e-16  -8.4457854e-18  3.5895553e-16  -5.1710929e-16  3.8602957e-16  1.1988294e-16  4.4522063e-16  2.9562577e-16  7.7831409e-16  1.1751710e-16  2.4876559e-16  -3.6556750e-16  -4.7559954e-16  -3.3637293e-16  4.6440840e-17  9.4594547e-16  2.0889824e-16  -6.0074862e-16  1.0000000   -1.3986303e-16  1.0550848e-16  3.4298444e-16  1.6815231e-16  1.8996142e-17  5.9456408e-16  -3.0413950e-16  1.1911567e-15  6.8355535e-16  1.4252470e-16  4.9046566e-16  2.7476171e-16  -3.3584738e-16  -8.4457854e-18  3.5895553e-16  -5.1710929e-16  3.8602957e-16  1.1988294e-16  4.4522063e-16  2.9562577e-16  7.7831409e-16  1.1751710e-16  
-2.7492286e-16  1.9984088e-16  7.4448430e-16  -2.2892696e-16  -1.1093766e-16  -4.0323361e-16  1.4395936e-16  5.8933628e-16  -1.3986303e-16  1.0000000   1.5618853e-16  -2.0267399e-16  2.2549791e-17  -7.7375542e-16  -3.0451262e-16  2.5569232e-16  5.2985825e-16  -1.9121164e-16  8.4618814e-16  1.8393069e-16  -6.2022565e-16  -5.3695610e-16  2.5427862e-16  -3.3665663e-16  -3.3488508e-16  6.1928598e-16  -4.1801951e-16  7.5961847e-17  1.3664206e-16  -6.7290553e-16  4.3207264e-16  -2.7492286e-16  1.9984088e-16  7.4448430e-16  -2.2892696e-16  -1.1093766e-16  -4.0323361e-16  1.4395936e-16  5.8933628e-16  -1.3986303e-16  1.0000000   1.5618853e-16  -2.0267399e-16  2.2549791e-17  -7.7375542e-16  -3.0451262e-16  2.5569232e-16  5.2985825e-16  -1.9121164e-16  8.4618814e-16  1.8393069e-16  -6.2022565e-16  -5.3695610e-16  2.5427862e-16  -3.3665663e-16  -3.3488508e-16  6.1928598e-16  -4.1801951e-16  7.5961847e-17  1.3664206e-16  -6.7290553e-16  4.3207264e-16  
