1.0000000   -3.5885573e-17  1.6883932e-16  -1.4087765e-16  -1.3768249e-17  -3.8750715e-17  3.7705719e-16  -1.9856391e-16  -5.7941123e-16  3.0382432e-16  -7.3839807e-16  3.7642398e-16  -4.4387248e-16  3.4754536e-16  9.6412011e-16  -4.5437396e-16  1.3870908e-16  -2.7146411e-16  -4.0769709e-16  -4.5155105e-17  -3.0247971e-16  5.3976993e-16  -8.7938508e-16  6.3616729e-16  6.3192562e-17  -2.7065896e-16  3.5090646e-16  -3.3483678e-16  -1.0149677e-15  9.9734440e-17  -1.8510780e-17  1.0000000   -3.5885573e-17  1.6883932e-16  -1.4087765e-16  -1.3768249e-17  -3.8750715e-17  3.7705719e-16  -1.9856391e-16  -5.7941123e-16  3.0382432e-16  -7.3839807e-16  3.7642398e-16  -4.4387248e-16  3.4754536e-16  9.6412011e-16  -4.5437396e-16  1.3870908e-16  -2.7146411e-16  -4.0769709e-16  -4.5155105e-17  -3.0247971e-16  5.3976993e-16  -8.7938508e-16  6.3616729e-16  6.3192562e-17  -2.7065896e-16  3.5090646e-16  -3.3483678e-16  -1.0149677e-15  9.9734440e-17  -1.8510780e-17  
-3.5885573e-17  1.0000000   1.0713941e-17  -3.1051708e-17  4.0679444e-16  4.4207230e-16  -8.5334312e-16  4.2132695e-16  -4.5351018e-16  -2.0488588e-17  1.2427126e-16  -3.5781195e-16  1.4549784e-16  -2.0177883e-16  4.9924438e-16  1.5182602e-17  -5.9089210e-16  2.0470608e-16  -1.4872256e-16  -3.9932197e-16  -6.0608894e-16  5.6454263e-17  -8.7531976e-16  -2.6259530e-17  -2.9748260e-16  -2.3586542e-16  8.2207248e-17  -4.7303471e-16  -5.4056063e-16  2.3200232e-16  6.9021248e-16  -3.5885573e-17  1.0000000   1.0713941e-17  -3.1051708e-17  4.0679444e-16  4.4207230e-16  -8.5334312e-16  4.2132695e-16  -4.5351018e-16  -2.0488588e-17  1.2427126e-16  -3.5781195e-16  1.4549784e-16  -2.0177883e-16  4.9924438e-16  1.5182602e-17  -5.9089210e-16  2.0470608e-16  -1.4872256e-16  -3.9932197e-16  -6.0608894e-16  5.6454263e-17  -8.7531976e-16  -2.6259530e-17  -2.9748260e-16  -2.3586542e-16  8.2207248e-17  -4.7303471e-16  -5.4056063e-16  2.3200232e-16  6.9021248e-16  
1.6883932e-16  1.0713941e-17  1.0000000   2.5888085e-16  -8.7775397e-16  -5.8478787e-16  4.8840474e-17  5.1587118e-16  5.1194769e-16  -2.2294850e-16  -6.7245758e-16  -3.8228349e-16  -8.8732424e-16  2.9560188e-16  5.3296867e-16  -3.4768060e-16  -4.3626658e-16  5.7551505e-17  -2.2096671e-16  3.4173147e-16  -3.7021025e-16  7.5799947e-17  -4.9314099e-16  -3.7195678e-16  -9.4787706e-16  -4.9129301e-16  4.6632727e-16  5.8656038e-17  4.6280709e-17  -1.4682149e-16  -6.3958300e-17  1.6883932e-16  1.0713941e-17  1.0000000   2.5888085e-16  -8.7775397e-16  -5.8478787e-16  4.8840474e-17  5.1587118e-16  5.1194769e-16  -2.2294850e-16  -6.7245758e-16  -3.8228349e-16  -8.8732424e-16  2.9560188e-16  5.3296867e-16  -3.4768060e-16  -4.3626658e-16  5.7551505e-17  -2.2096671e-16  3.4173147e-16  -3.7021025e-16  7.5799947e-17  -4.9314099e-16  -3.7195678e-16  -9.4787706e-16  -4.9129301e-16  4.6632727e-16  5.8656038e-17  4.6280709e-17  -1.4682149e-16  -6.3958300e-17  
-1.4087765e-16  -3.1051708e-17  2.5888085e-16  1.0000000   -4.8960649e-16  5.3477967e-16  -5.0051090e-16  -4.7415679e-16  8.7001414e-17  -1.1009905e-16  1.7166329e-15  -2.1497837e-16  3.8109332e-16  -5.6987792e-16  5.0613648e-16  -2.0574538e-16  -5.3979166e-16  -5.6483361e-16  -6.8973949e-16  -4.3724581e-16  -5.7072454e-16  6.3375761e-16  1.7955457e-17  -1.0535607e-15  -7.4193524e-16  1.0949318e-15  -6.8863352e-16  2.8528311e-16  -2.4417155e-16  -2.9636156e-16  -2.4186157e-16  -1.4087765e-16  -3.1051708e-17  2.5888085e-16  1.0000000   -4.8960649e-16  5.3477967e-16  -5.0051090e-16  -4.7415679e-16  8.7001414e-17  -1.1009905e-16  1.7166329e-15  -2.1497837e-16  3.8109332e-16  -5.6987792e-16  5.0613648e-16  -2.0574538e-16  -5.3979166e-16  -5.6483361e-16  -6.8973949e-16  -4.3724581e-16  -5.7072454e-16  6.3375761e-16  1.7955457e-17  -1.0535607e-15  -7.4193524e-16  1.0949318e-15  -6.8863352e-16  2.8528311e-16  -2.4417155e-16  -2.9636156e-16  -2.4186157e-16  
-1.3768249e-17  4.0679444e-16  -8.7775397e-16  -4.8960649e-16  1.0000000   -5.7279335e-16  6.2847335e-16  5.0807739e-17  -3.2071839e-16  2.1699933e-16  4.8143516e-16  1.4640311e-16  -6.3610783e-16  1.3429283e-16  -2.0802804e-16  3.9995308e-18  2.9163906e-16  -1.7917555e-16  3.4584164e-16  5.2417053e-16  -3.9609188e-16  -2.7759534e-16  -1.6173491e-16  3.1389442e-16  -5.3920125e-16  -3.8356576e-16  -1.9454934e-16  2.0393042e-16  3.3165373e-16  1.6464030e-16  -3.4145868e-16  -1.3768249e-17  4.0679444e-16  -8.7775397e-16  -4.8960649e-16  1.0000000   -5.7279335e-16  6.2847335e-16  5.0807739e-17  -3.2071839e-16  2.1699933e-16  4.8143516e-16  1.4640311e-16  -6.3610783e-16  1.3429283e-16  -2.0802804e-16  3.9995308e-18  2.9163906e-16  -1.7917555e-16  3.4584164e-16  5.2417053e-16  -3.9609188e-16  -2.7759534e-16  -1.6173491e-16  3.1389442e-16  -5.3920125e-16  -3.8356576e-16  -1.9454934e-16  2.0393042e-16  3.3165373e-16  1.6464030e-16  -3.4145868e-16  
-3.8750715e-17  4.4207230e-16  -5.8478787e-16  5.3477967e-16  -5.7279335e-16  1.0000000   -7.9015892e-17  -1.6639469e-16  -4.1731295e-18  -1.0569991e-15  7.8761220e-17  -2.1551025e-16  -2.3806262e-16  -2.0375342e-16  -7.3001290e-17  -8.0696824e-16  -2.7547389e-16  7.0635181e-16  3.1795639e-16  -3.1114106e-16  -7.8690807e-16  1.4749550e-16  2.3828902e-16  -6.5319783e-16  -3.6255799e-16  3.2385728e-16  2.0565957e-17  -3.3024356e-16  -3.8625892e-16  -5.0052077e-16  4.6969926e-16  -3.8750715e-17  4.4207230e-16  -5.8478787e-16  5.3477967e-16  -5.7279335e-16  1.0000000   -7.9015892e-17  -1.6639469e-16  -4.1731295e-18  -1.0569991e-15  7.8761220e-17  -2.1551025e-16  -2.3806262e-16  -2.0375342e-16  -7.3001290e-17  -8.0696824e-16  -2.7547389e-16  7.0635181e-16  3.1795639e-16  -3.1114106e-16  -7.8690807e-16  1.4749550e-16  2.3828902e-16  -6.5319783e-16  -3.6255799e-16  3.2385728e-16  2.0565957e-17  -3.3024356e-16  -3.8625892e-16  -5.0052077e-16  4.6969926e-16  
3.7705719e-16  -8.5334312e-16  4.8840474e-17  -5.0051090e-16  6.2847335e-16  -7.9015892e-17  1.0000000   1.6683921e-16  3.3411417e-16  2.0251043e-16  -6.6762722e-16  6.9140717e-16  -7.1206688e-16  8.4613606e-16  2.2516760e-17  -4.4849503e-16  1.3396726e-16  6.3738214e-16  6.6167597e-16  -5.2939480e-16  -1.3178612e-16  -3.4313190e-16  6.0690134e-16  2.0169812e-16  -2.3176846e-17  3.4014257e-17  -2.5950229e-16  -1.5805966e-16  2.9640796e-17  2.7614614e-17  -7.3646345e-16  3.7705719e-16  -8.5334312e-16  4.8840474e-17  -5.0051090e-16  6.2847335e-16  -7.9015892e-17  1.0000000   1.6683921e-16  3.3411417e-16  2.0251043e-16  -6.6762722e-16  6.9140717e-16  -7.1206688e-16  8.4613606e-16  2.2516760e-17  -4.4849503e-16  1.3396726e-16  6.3738214e-16  6.6167597e-16  -5.2939480e-16  -1.3178612e-16  -3.4313190e-16  6.0690134e-16  2.0169812e-16  -2.3176846e-17  3.4014257e-17  -2.5950229e-16  -1.5805966e-16  2.9640796e-17  2.7614614e-17  -7.3646345e-16  
-1.9856391e-16  4.2132695e-16  5.1587118e-16  -4.7415679e-16  5.0807739e-17  -1.6639469e-16  1.6683921e-16  1.0000000   -2.0372995e-17  -3.5782832e-16  -8.7702757e-16  2.9625922e-16  2.3634794e-16  3.7523084e-16  1.4334948e-16  4.6146441e-17  4.2443877e-16  -3.0044934e-16  3.1154496e-16  6.4887541e-16  -6.3192440e-16  8.7040136e-17  1.3327336e-17  -8.8503626e-16  8.5607734e-19  -1.2741183e-16  -1.7002985e-16  5.0243384e-16  3.4422310e-16  7.2278145e-17  -1.6335727e-16  -1.9856391e-16  4.2132695e-16  5.1587118e-16  -4.7415679e-16  5.0807739e-17  -1.6639469e-16  1.6683921e-16  1.0000000   -2.0372995e-17  -3.5782832e-16  -8.7702757e-16  2.9625922e-16  2.3634794e-16  3.7523084e-16  1.4334948e-16  4.6146441e-17  4.2443877e-16  -3.0044934e-16  3.1154496e-16  6.4887541e-16  -6.3192440e-16  8.7040136e-17  1.3327336e-17  -8.8503626e-16  8.5607734e-19  -1.2741183e-16  -1.7002985e-16  5.0243384e-16  3.4422310e-16  7.2278145e-17  -1.6335727e-16  
-5.7941123e-16  -4.5351018e-16  5.1194769e-16  8.7001414e-17  -3.2071839e-16  -4.1731295e-18  3.3411417e-16  -2.0372995e-17  1.0000000   3.5308432e-19  5.0036617e-16  1.0311140e-15  1.7975084e-16  2.4721151e-16  -3.3924695e-17  -3.9160688e-16  -2.4213463e-16  -6.5459034e-16  -1.1229889e-16  1.6488313e-16  3.4352394e-17  1.3256689e-16  3.1843090e-16  1.9624671e-16  -3.2833812e-16  4.4657618e-17  3.4422202e-16  -2.5631088e-16  -1.9618321e-16  4.5442284e-16  9.4089082e-18  -5.7941123e-16  -4.5351018e-16  5.1194769e-16  8.7001414e-17  -3.2071839e-16  -4.1731295e-18  3.3411417e-16  -2.0372995e-17  1.0000000   3.5308432e-19  5.0036617e-16  1.0311140e-15  1.7975084e-16  2.4721151e-16  -3.3924695e-17  -3.9160688e-16  -2.4213463e-16  -6.5459034e-16  -1.1229889e-16  1.6488313e-16  3.4352394e-17  1.3256689e-16  3.1843090e-16  1.9624671e-16  -3.2833812e-16  4.4657618e-17  3.4422202e-16  -2.5631088e-16  -1.9618321e-16  4.5442284e-16  9.4089082e-18  
3.0382432e-16  -2.0488588e-17  -2.2294850e-16  -1.1009905e-16  2.1699933e-16  -1.0569991e-15  2.0251043e-16  -3.5782832e-16  3.5308432e-19  1.0000000   -1.3168371e-15  1.9405431e-17  3.5483066e-16  -3.0438233e-16  4.5882732e-16  2.2285838e-16  2.5631529e-16  -1.1027445e-16  2.2016405e-16  -9.9758494e-17  6.8021234e-16  3.5998141e-16  -2.2250732e-16  -3.6109060e-16  -7.0837961e-16  -1.9181078e-16  -8.7143790e-17  2.2868992e-16  -1.6319554e-16  -6.0303841e-17  -6.2258645e-16  3.0382432e-16  -2.0488588e-17  -2.2294850e-16  -1.1009905e-16  2.1699933e-16  -1.0569991e-15  2.0251043e-16  -3.5782832e-16  3.5308432e-19  1.0000000   -1.3168371e-15  1.9405431e-17  3.5483066e-16  -3.0438233e-16  4.5882732e-16  2.2285838e-16  2.5631529e-16  -1.1027445e-16  2.2016405e-16  -9.9758494e-17  6.8021234e-16  3.5998141e-16  -2.2250732e-16  -3.6109060e-16  -7.0837961e-16  -1.9181078e-16  -8.7143790e-17  2.2868992e-16  -1.6319554e-16  -6.0303841e-17  -6.2258645e-16  
-7.3839807e-16  1.2427126e-16  -6.7245758e-16  1.7166329e-15  4.8143516e-16  7.8761220e-17  -6.6762722e-16  -8.7702757e-16  5.0036617e-16  -1.3168371e-15  1.0000000   5.4829981e-17  8.2134687e-16  6.3985794e-16  4.7498200e-16  -7.8447113e-16  -1.2995898e-15  3.6689836e-16  -2.7659972e-16  -6.3521621e-16  -5.0548450e-16  9.3225143e-16  9.6597239e-16  -6.7120421e-16  -3.8991261e-16  9.7751147e-16  7.7348413e-17  -8.5338465e-16  -2.3424999e-16  -1.6242728e-15  1.1553624e-15  -7.3839807e-16  1.2427126e-16  -6.7245758e-16  1.7166329e-15  4.8143516e-16  7.8761220e-17  -6.6762722e-16  -8.7702757e-16  5.0036617e-16  -1.3168371e-15  1.0000000   5.4829981e-17  8.2134687e-16  6.3985794e-16  4.7498200e-16  -7.8447113e-16  -1.2995898e-15  3.6689836e-16  -2.7659972e-16  -6.3521621e-16  -5.0548450e-16  9.3225143e-16  9.6597239e-16  -6.7120421e-16  -3.8991261e-16  9.7751147e-16  7.7348413e-17  -8.5338465e-16  -2.3424999e-16  -1.6242728e-15  1.1553624e-15  
3.7642398e-16  -3.5781195e-16  -3.8228349e-16  -2.1497837e-16  1.4640311e-16  -2.1551025e-16  6.9140717e-16  2.9625922e-16  1.0311140e-15  1.9405431e-17  5.4829981e-17  1.0000000   4.2488923e-17  -2.7769290e-16  6.6044048e-16  -1.7496872e-16  -3.7256567e-16  -2.9870604e-16  1.7967034e-16  6.3985326e-16  -3.4617179e-17  -8.5759680e-17  6.3941780e-16  -2.6868737e-16  -2.5605368e-17  2.2611121e-16  2.6676542e-16  4.2889578e-16  6.6146666e-16  1.8152033e-16  -7.4491693e-16  3.7642398e-16  -3.5781195e-16  -3.8228349e-16  -2.1497837e-16  1.4640311e-16  -2.1551025e-16  6.9140717e-16  2.9625922e-16  1.0311140e-15  1.9405431e-17  5.4829981e-17  1.0000000   4.2488923e-17  -2.7769290e-16  6.6044048e-16  -1.7496872e-16  -3.7256567e-16  -2.9870604e-16  1.7967034e-16  6.3985326e-16  -3.4617179e-17  -8.5759680e-17  6.3941780e-16  -2.6868737e-16  -2.5605368e-17  2.2611121e-16  2.6676542e-16  4.2889578e-16  6.6146666e-16  1.8152033e-16  -7.4491693e-16  
-4.4387248e-16  1.4549784e-16  -8.8732424e-16  3.8109332e-16  -6.3610783e-16  -2.3806262e-16  -7.1206688e-16  2.3634794e-16  1.7975084e-16  3.5483066e-16  8.2134687e-16  4.2488923e-17  1.0000000   -8.6252785e-16  -3.8087342e-16  -4.4439172e-16  7.5039034e-16  2.7366357e-16  -4.1043050e-16  -4.9360450e-16  -4.3016567e-16  -4.5603752e-16  -1.7727862e-17  1.4857389e-16  -6.3552381e-16  -4.2978679e-16  2.2747815e-16  7.0690562e-16  -6.0195122e-16  -5.2541786e-16  -1.6481810e-16  -4.4387248e-16  1.4549784e-16  -8.8732424e-16  3.8109332e-16  -6.3610783e-16  -2.3806262e-16  -7.1206688e-16  2.3634794e-16  1.7975084e-16  3.5483066e-16  8.2134687e-16  4.2488923e-17  1.0000000   -8.6252785e-16  -3.8087342e-16  -4.4439172e-16  7.5039034e-16  2.7366357e-16  -4.1043050e-16  -4.9360450e-16  -4.3016567e-16  -4.5603752e-16  -1.7727862e-17  1.4857389e-16  -6.3552381e-16  -4.2978679e-16  2.2747815e-16  7.0690562e-16  -6.0195122e-16  -5.2541786e-16  -1.6481810e-16  
3.4754536e-16  -2.0177883e-16  2.9560188e-16  -5.6987792e-16  1.3429283e-16  -2.0375342e-16  8.4613606e-16  3.7523084e-16  2.4721151e-16  -3.0438233e-16  6.3985794e-16  -2.7769290e-16  -8.6252785e-16  1.0000000   -2.4373820e-16  -1.2257326e-16  3.4676859e-17  4.4808497e-16  4.2059358e-16  -3.1219506e-16  1.7970614e-16  3.9509334e-16  3.0846591e-18  -3.1342572e-16  8.0628798e-17  2.5671975e-16  -2.6879945e-17  -3.3866549e-16  -2.1131458e-16  -2.2357259e-16  -2.0536603e-16  3.4754536e-16  -2.0177883e-16  2.9560188e-16  -5.6987792e-16  1.3429283e-16  -2.0375342e-16  8.4613606e-16  3.7523084e-16  2.4721151e-16  -3.0438233e-16  6.3985794e-16  -2.7769290e-16  -8.6252785e-16  1.0000000   -2.4373820e-16  -1.2257326e-16  3.4676859e-17  4.4808497e-16  4.2059358e-16  -3.1219506e-16  1.7970614e-16  3.9509334e-16  3.0846591e-18  -3.1342572e-16  8.0628798e-17  2.5671975e-16  -2.6879945e-17  -3.3866549e-16  -2.1131458e-16  -2.2357259e-16  -2.0536603e-16  
9.6412011e-16  4.9924438e-16  5.3296867e-16  5.0613648e-16  -2.0802804e-16  -7.3001290e-17  2.2516760e-17  1.4334948e-16  -3.3924695e-17  4.5882732e-16  4.7498200e-16  6.6044048e-16  -3.8087342e-16  -2.4373820e-16  1.0000000   -1.0097843e-15  2.2304457e-16  -1.5514565e-16  -4.4232810e-16  -4.7458856e-16  1.4108468e-16  -7.0643030e-16  4.2305140e-16  -2.8748512e-16  5.5899265e-16  6.8421959e-16  -2.4810534e-16  1.3644731e-16  -9.3107490e-16  7.5976936e-17  -1.8490990e-16  9.6412011e-16  4.9924438e-16  5.3296867e-16  5.0613648e-16  -2.0802804e-16  -7.3001290e-17  2.2516760e-17  1.4334948e-16  -3.3924695e-17  4.5882732e-16  4.7498200e-16  6.6044048e-16  -3.8087342e-16  -2.4373820e-16  1.0000000   -1.0097843e-15  2.2304457e-16  -1.5514565e-16  -4.4232810e-16  -4.7458856e-16  1.4108468e-16  -7.0643030e-16  4.2305140e-16  -2.8748512e-16  5.5899265e-16  6.8421959e-16  -2.4810534e-16  1.3644731e-16  -9.3107490e-16  7.5976936e-17  -1.8490990e-16  
-4.5437396e-16  1.5182602e-17  -3.4768060e-16  -2.0574538e-16  3.9995308e-18  -8.0696824e-16  -4.4849503e-16  4.6146441e-17  -3.9160688e-16  2.2285838e-16  -7.8447113e-16  -1.7496872e-16  -4.4439172e-16  -1.2257326e-16  -1.0097843e-15  1.0000000   2.2722857e-16  -5.2251884e-16  -2.5657385e-17  5.0875287e-17  3.1407902e-16  -2.8346664e-16  -1.4285992e-17  1.5720966e-16  -4.0226702e-16  -3.0637324e-16  1.2696816e-16  7.2067827e-16  -2.6546605e-16  4.2564262e-16  -2.6342873e-16  -4.5437396e-16  1.5182602e-17  -3.4768060e-16  -2.0574538e-16  3.9995308e-18  -8.0696824e-16  -4.4849503e-16  4.6146441e-17  -3.9160688e-16  2.2285838e-16  -7.8447113e-16  -1.7496872e-16  -4.4439172e-16  -1.2257326e-16  -1.0097843e-15  1.0000000   2.2722857e-16  -5.2251884e-16  -2.5657385e-17  5.0875287e-17  3.1407902e-16  -2.8346664e-16  -1.4285992e-17  1.5720966e-16  -4.0226702e-16  -3.0637324e-16  1.2696816e-16  7.2067827e-16  -2.6546605e-16  4.2564262e-16  -2.6342873e-16  
1.3870908e-16  -5.9089210e-16  -4.3626658e-16  -5.3979166e-16  2.9163906e-16  -2.7547389e-16  1.3396726e-16  4.2443877e-16  -2.4213463e-16  2.5631529e-16  -1.2995898e-15  -3.7256567e-16  7.5039034e-16  3.4676859e-17  2.2304457e-16  2.2722857e-16  1.0000000   -2.8809011e-16  6.7776508e-16  7.9874827e-16  6.7032291e-17  6.4008848e-16  -4.3320719e-16  4.4375714e-17  -4.5219578e-16  -2.0606574e-16  -4.1926089e-16  2.6249769e-17  2.8309732e-16  -2.0036199e-16  4.7580136e-16  1.3870908e-16  -5.9089210e-16  -4.3626658e-16  -5.3979166e-16  2.9163906e-16  -2.7547389e-16  1.3396726e-16  4.2443877e-16  -2.4213463e-16  2.5631529e-16  -1.2995898e-15  -3.7256567e-16  7.5039034e-16  3.4676859e-17  2.2304457e-16  2.2722857e-16  1.0000000   -2.8809011e-16  6.7776508e-16  7.9874827e-16  6.7032291e-17  6.4008848e-16  -4.3320719e-16  4.4375714e-17  -4.5219578e-16  -2.0606574e-16  -4.1926089e-16  2.6249769e-17  2.8309732e-16  -2.0036199e-16  4.7580136e-16  
-2.7146411e-16  2.0470608e-16  5.7551505e-17  -5.6483361e-16  -1.7917555e-16  7.0635181e-16  6.3738214e-16  -3.0044934e-16  -6.5459034e-16  -1.1027445e-16  3.6689836e-16  -2.9870604e-16  2.7366357e-16  4.4808497e-16  -1.5514565e-16  -5.2251884e-16  -2.8809011e-16  1.0000000   -5.3831664e-17  -3.6181915e-16  -1.3365397e-16  -4.0355453e-16  3.7446973e-16  3.4621552e-17  2.5347718e-16  -2.4904778e-16  2.7195037e-16  -6.0162179e-16  -2.3284985e-16  1.3756221e-16  3.9574913e-16  -2.7146411e-16  2.0470608e-16  5.7551505e-17  -5.6483361e-16  -1.7917555e-16  7.0635181e-16  6.3738214e-16  -3.0044934e-16  -6.5459034e-16  -1.1027445e-16  3.6689836e-16  -2.9870604e-16  2.7366357e-16  4.4808497e-16  -1.5514565e-16  -5.2251884e-16  -2.8809011e-16  1.0000000   -5.3831664e-17  -3.6181915e-16  -1.3365397e-16  -4.0355453e-16  3.7446973e-16  3.4621552e-17  2.5347718e-16  -2.4904778e-16  2.7195037e-16  -6.0162179e-16  -2.3284985e-16  1.3756221e-16  3.9574913e-16  
-4.0769709e-16  -1.4872256e-16  -2.2096671e-16  -6.8973949e-16  3.4584164e-16  3.1795639e-16  6.6167597e-16  3.1154496e-16  -1.1229889e-16  2.2016405e-16  -2.7659972e-16  1.7967034e-16  -4.1043050e-16  4.2059358e-16  -4.4232810e-16  -2.5657385e-17  6.7776508e-16  -5.3831664e-17  1.0000000   2.0622515e-16  2.4678721e-16  -2.6952413e-16  -2.8509128e-16  -4.8545160e-16  -4.7380404e-16  2.1633233e-16  9.1638271e-17  2.2316508e-16  3.3613791e-16  4.4066471e-17  -3.1954899e-16  -4.0769709e-16  -1.4872256e-16  -2.2096671e-16  -6.8973949e-16  3.4584164e-16  3.1795639e-16  6.6167597e-16  3.1154496e-16  -1.1229889e-16  2.2016405e-16  -2.7659972e-16  1.7967034e-16  -4.1043050e-16  4.2059358e-16  -4.4232810e-16  -2.5657385e-17  6.7776508e-16  -5.3831664e-17  1.0000000   2.0622515e-16  2.4678721e-16  -2.6952413e-16  -2.8509128e-16  -4.8545160e-16  -4.7380404e-16  2.1633233e-16  9.1638271e-17  2.2316508e-16  3.3613791e-16  4.4066471e-17  -3.1954899e-16  
-4.5155105e-17  -3.9932197e-16  3.4173147e-16  -4.3724581e-16  5.2417053e-16  -3.1114106e-16  -5.2939480e-16  6.4887541e-16  1.6488313e-16  -9.9758494e-17  -6.3521621e-16  6.3985326e-16  -4.9360450e-16  -3.1219506e-16  -4.7458856e-16  5.0875287e-17  7.9874827e-16  -3.6181915e-16  2.0622515e-16  1.0000000   -2.5158737e-16  -2.1443156e-16  -8.0052258e-16  6.5941391e-16  8.7376086e-16  -7.4717727e-16  1.9612227e-16  4.4469587e-16  4.7570826e-16  9.0014183e-16  -5.9938445e-16  -4.5155105e-17  -3.9932197e-16  3.4173147e-16  -4.3724581e-16  5.2417053e-16  -3.1114106e-16  -5.2939480e-16  6.4887541e-16  1.6488313e-16  -9.9758494e-17  -6.3521621e-16  6.3985326e-16  -4.9360450e-16  -3.1219506e-16  -4.7458856e-16  5.0875287e-17  7.9874827e-16  -3.6181915e-16  2.0622515e-16  1.0000000   -2.5158737e-16  -2.1443156e-16  -8.0052258e-16  6.5941391e-16  8.7376086e-16  -7.4717727e-16  1.9612227e-16  4.4469587e-16  4.7570826e-16  9.0014183e-16  -5.9938445e-16  
-3.0247971e-16  -6.0608894e-16  -3.7021025e-16  -5.7072454e-16  -3.9609188e-16  -7.8690807e-16  -1.3178612e-16  -6.3192440e-16  3.4352394e-17  6.8021234e-16  -5.0548450e-16  -3.4617179e-17  -4.3016567e-16  1.7970614e-16  1.4108468e-16  3.1407902e-16  6.7032291e-17  -1.3365397e-16  2.4678721e-16  -2.5158737e-16  1.0000000   -5.0274861e-16  -2.1310470e-16  -2.7627436e-16  6.6671625e-16  -1.0070559e-15  3.1537800e-16  -9.8515842e-17  9.4812460e-16  3.2798744e-16  -2.7425546e-16  -3.0247971e-16  -6.0608894e-16  -3.7021025e-16  -5.7072454e-16  -3.9609188e-16  -7.8690807e-16  -1.3178612e-16  -6.3192440e-16  3.4352394e-17  6.8021234e-16  -5.0548450e-16  -3.4617179e-17  -4.3016567e-16  1.7970614e-16  1.4108468e-16  3.1407902e-16  6.7032291e-17  -1.3365397e-16  2.4678721e-16  -2.5158737e-16  1.0000000   -5.0274861e-16  -2.1310470e-16  -2.7627436e-16  6.6671625e-16  -1.0070559e-15  3.1537800e-16  -9.8515842e-17  9.4812460e-16  3.2798744e-16  -2.7425546e-16  
5.3976993e-16  5.6454263e-17  7.5799947e-17  6.3375761e-16  -2.7759534e-16  1.4749550e-16  -3.4313190e-16  8.7040136e-17  1.3256689e-16  3.5998141e-16  9.3225143e-16  -8.5759680e-17  -4.5603752e-16  3.9509334e-16  -7.0643030e-16  -2.8346664e-16  6.4008848e-16  -4.0355453e-16  -2.6952413e-16  -2.1443156e-16  -5.0274861e-16  1.0000000   9.5436254e-17  6.8984470e-16  1.0083368e-17  1.3004997e-16  -5.8174549e-16  -4.7792332e-16  -8.5561921e-16  3.1533124e-16  1.7270859e-16  5.3976993e-16  5.6454263e-17  7.5799947e-17  6.3375761e-16  -2.7759534e-16  1.4749550e-16  -3.4313190e-16  8.7040136e-17  1.3256689e-16  3.5998141e-16  9.3225143e-16  -8.5759680e-17  -4.5603752e-16  3.9509334e-16  -7.0643030e-16  -2.8346664e-16  6.4008848e-16  -4.0355453e-16  -2.6952413e-16  -2.1443156e-16  -5.0274861e-16  1.0000000   9.5436254e-17  6.8984470e-16  1.0083368e-17  1.3004997e-16  -5.8174549e-16  -4.7792332e-16  -8.5561921e-16  3.1533124e-16  1.7270859e-16  
-8.7938508e-16  -8.7531976e-16  -4.9314099e-16  1.7955457e-17  -1.6173491e-16  2.3828902e-16  6.0690134e-16  1.3327336e-17  3.1843090e-16  -2.2250732e-16  9.6597239e-16  6.3941780e-16  -1.7727862e-17  3.0846591e-18  4.2305140e-16  -1.4285992e-17  -4.3320719e-16  3.7446973e-16  -2.8509128e-16  -8.0052258e-16  -2.1310470e-16  9.5436254e-17  1.0000000   -8.0418174e-16  2.7265905e-16  4.4898549e-16  4.3823182e-17  -5.8911082e-17  -2.4107595e-16  9.3711341e-17  3.7802506e-16  -8.7938508e-16  -8.7531976e-16  -4.9314099e-16  1.7955457e-17  -1.6173491e-16  2.3828902e-16  6.0690134e-16  1.3327336e-17  3.1843090e-16  -2.2250732e-16  9.6597239e-16  6.3941780e-16  -1.7727862e-17  3.0846591e-18  4.2305140e-16  -1.4285992e-17  -4.3320719e-16  3.7446973e-16  -2.8509128e-16  -8.0052258e-16  -2.1310470e-16  9.5436254e-17  1.0000000   -8.0418174e-16  2.7265905e-16  4.4898549e-16  4.3823182e-17  -5.8911082e-17  -2.4107595e-16  9.3711341e-17  3.7802506e-16  
6.3616729e-16  -2.6259530e-17  -3.7195678e-16  -1.0535607e-15  3.1389442e-16  -6.5319783e-16  2.0169812e-16  -8.8503626e-16  1.9624671e-16  -3.6109060e-16  -6.7120421e-16  -2.6868737e-16  1.4857389e-16  -3.1342572e-16  -2.8748512e-16  1.5720966e-16  4.4375714e-17  3.4621552e-17  -4.8545160e-16  6.5941391e-16  -2.7627436e-16  6.8984470e-16  -8.0418174e-16  1.0000000   -1.1737748e-16  -1.6700586e-16  4.3849477e-16  -3.2073921e-16  6.0970386e-16  1.1071431e-16  5.1509620e-16  6.3616729e-16  -2.6259530e-17  -3.7195678e-16  -1.0535607e-15  3.1389442e-16  -6.5319783e-16  2.0169812e-16  -8.8503626e-16  1.9624671e-16  -3.6109060e-16  -6.7120421e-16  -2.6868737e-16  1.4857389e-16  -3.1342572e-16  -2.8748512e-16  1.5720966e-16  4.4375714e-17  3.4621552e-17  -4.8545160e-16  6.5941391e-16  -2.7627436e-16  6.8984470e-16  -8.0418174e-16  1.0000000   -1.1737748e-16  -1.6700586e-16  4.3849477e-16  -3.2073921e-16  6.0970386e-16  1.1071431e-16  5.1509620e-16  
6.3192562e-17  -2.9748260e-16  -9.4787706e-16  -7.4193524e-16  -5.3920125e-16  -3.6255799e-16  -2.3176846e-17  8.5607734e-19  -3.2833812e-16  -7.0837961e-16  -3.8991261e-16  -2.5605368e-17  -6.3552381e-16  8.0628798e-17  5.5899265e-16  -4.0226702e-16  -4.5219578e-16  2.5347718e-16  -4.7380404e-16  8.7376086e-16  6.6671625e-16  1.0083368e-17  2.7265905e-16  -1.1737748e-16  1.0000000   -8.8665841e-16  2.8391009e-17  1.4219481e-16  -5.1962747e-16  1.0690196e-16  -2.6135442e-16  6.3192562e-17  -2.9748260e-16  -9.4787706e-16  -7.4193524e-16  -5.3920125e-16  -3.6255799e-16  -2.3176846e-17  8.5607734e-19  -3.2833812e-16  -7.0837961e-16  -3.8991261e-16  -2.5605368e-17  -6.3552381e-16  8.0628798e-17  5.5899265e-16  -4.0226702e-16  -4.5219578e-16  2.5347718e-16  -4.7380404e-16  8.7376086e-16  6.6671625e-16  1.0083368e-17  2.7265905e-16  -1.1737748e-16  1.0000000   -8.8665841e-16  2.8391009e-17  1.4219481e-16  -5.1962747e-16  1.0690196e-16  -2.6135442e-16  
-2.7065896e-16  -2.3586542e-16  -4.9129301e-16  1.0949318e-15  -3.8356576e-16  3.2385728e-16  3.4014257e-17  -1.2741183e-16  4.4657618e-17  -1.9181078e-16  9.7751147e-16  2.2611121e-16  -4.2978679e-16  2.5671975e-16  6.8421959e-16  -3.0637324e-16  -2.0606574e-16  -2.4904778e-16  2.1633233e-16  -7.4717727e-16  -1.0070559e-15  1.3004997e-16  4.4898549e-16  -1.6700586e-16  -8.8665841e-16  1.0000000   -1.8816044e-16  -8.1476826e-17  5.6699414e-16  -8.3862558e-17  7.9033782e-17  -2.7065896e-16  -2.3586542e-16  -4.9129301e-16  1.0949318e-15  -3.8356576e-16  3.2385728e-16  3.4014257e-17  -1.2741183e-16  4.4657618e-17  -1.9181078e-16  9.7751147e-16  2.2611121e-16  -4.2978679e-16  2.5671975e-16  6.8421959e-16  -3.0637324e-16  -2.0606574e-16  -2.4904778e-16  2.1633233e-16  -7.4717727e-16  -1.0070559e-15  1.3004997e-16  4.4898549e-16  -1.6700586e-16  -8.8665841e-16  1.0000000   -1.8816044e-16  -8.1476826e-17  5.6699414e-16  -8.3862558e-17  7.9033782e-17  
3.5090646e-16  8.2207248e-17  4.6632727e-16  -6.8863352e-16  -1.9454934e-16  2.0565957e-17  -2.5950229e-16  -1.7002985e-16  3.4422202e-16  -8.7143790e-17  7.7348413e-17  2.6676542e-16  2.2747815e-16  -2.6879945e-17  -2.4810534e-16  1.2696816e-16  -4.1926089e-16  2.7195037e-16  9.1638271e-17  1.9612227e-16  3.1537800e-16  -5.8174549e-16  4.3823182e-17  4.3849477e-16  2.8391009e-17  -1.8816044e-16  1.0000000   4.0458840e-16  8.7376718e-16  -7.3304266e-17  -2.6331875e-16  3.5090646e-16  8.2207248e-17  4.6632727e-16  -6.8863352e-16  -1.9454934e-16  2.0565957e-17  -2.5950229e-16  -1.7002985e-16  3.4422202e-16  -8.7143790e-17  7.7348413e-17  2.6676542e-16  2.2747815e-16  -2.6879945e-17  -2.4810534e-16  1.2696816e-16  -4.1926089e-16  2.7195037e-16  9.1638271e-17  1.9612227e-16  3.1537800e-16  -5.8174549e-16  4.3823182e-17  4.3849477e-16  2.8391009e-17  -1.8816044e-16  1.0000000   4.0458840e-16  8.7376718e-16  -7.3304266e-17  -2.6331875e-16  
-3.3483678e-16  -4.7303471e-16  5.8656038e-17  2.8528311e-16  2.0393042e-16  -3.3024356e-16  -1.5805966e-16  5.0243384e-16  -2.5631088e-16  2.2868992e-16  -8.5338465e-16  4.2889578e-16  7.0690562e-16  -3.3866549e-16  1.3644731e-16  7.2067827e-16  2.6249769e-17  -6.0162179e-16  2.2316508e-16  4.4469587e-16  -9.8515842e-17  -4.7792332e-16  -5.8911082e-17  -3.2073921e-16  1.4219481e-16  -8.1476826e-17  4.0458840e-16  1.0000000   3.0710238e-17  -4.3373757e-16  -6.9582786e-16  -3.3483678e-16  -4.7303471e-16  5.8656038e-17  2.8528311e-16  2.0393042e-16  -3.3024356e-16  -1.5805966e-16  5.0243384e-16  -2.5631088e-16  2.2868992e-16  -8.5338465e-16  4.2889578e-16  7.0690562e-16  -3.3866549e-16  1.3644731e-16  7.2067827e-16  2.6249769e-17  -6.0162179e-16  2.2316508e-16  4.4469587e-16  -9.8515842e-17  -4.7792332e-16  -5.8911082e-17  -3.2073921e-16  1.4219481e-16  -8.1476826e-17  4.0458840e-16  1.0000000   3.0710238e-17  -4.3373757e-16  -6.9582786e-16  
-1.0149677e-15  -5.4056063e-16  4.6280709e-17  -2.4417155e-16  3.3165373e-16  -3.8625892e-16  2.9640796e-17  3.4422310e-16  -1.9618321e-16  -1.6319554e-16  -2.3424999e-16  6.6146666e-16  -6.0195122e-16  -2.1131458e-16  -9.3107490e-16  -2.6546605e-16  2.8309732e-16  -2.3284985e-16  3.3613791e-16  4.7570826e-16  9.4812460e-16  -8.5561921e-16  -2.4107595e-16  6.0970386e-16  -5.1962747e-16  5.6699414e-16  8.7376718e-16  3.0710238e-17  1.0000000   2.1607657e-16  1.6162257e-16  -1.0149677e-15  -5.4056063e-16  4.6280709e-17  -2.4417155e-16  3.3165373e-16  -3.8625892e-16  2.9640796e-17  3.4422310e-16  -1.9618321e-16  -1.6319554e-16  -2.3424999e-16  6.6146666e-16  -6.0195122e-16  -2.1131458e-16  -9.3107490e-16  -2.6546605e-16  2.8309732e-16  -2.3284985e-16  3.3613791e-16  4.7570826e-16  9.4812460e-16  -8.5561921e-16  -2.4107595e-16  6.0970386e-16  -5.1962747e-16  5.6699414e-16  8.7376718e-16  3.0710238e-17  1.0000000   2.1607657e-16  1.6162257e-16  
9.9734440e-17  2.3200232e-16  -1.4682149e-16  -2.9636156e-16  1.6464030e-16  -5.0052077e-16  2.7614614e-17  7.2278145e-17  4.5442284e-16  -6.0303841e-17  -1.6242728e-15  1.8152033e-16  -5.2541786e-16  -2.2357259e-16  7.5976936e-17  4.2564262e-16  -2.0036199e-16  1.3756221e-16  4.4066471e-17  9.0014183e-16  3.2798744e-16  3.1533124e-16  9.3711341e-17  1.1071431e-16  1.0690196e-16  -8.3862558e-17  -7.3304266e-17  -4.3373757e-16  2.1607657e-16  1.0000000   -2.4988236e-16  9.9734440e-17  2.3200232e-16  -1.4682149e-16  -2.9636156e-16  1.6464030e-16  -5.0052077e-16  2.7614614e-17  7.2278145e-17  4.5442284e-16  -6.0303841e-17  -1.6242728e-15  1.8152033e-16  -5.2541786e-16  -2.2357259e-16  7.5976936e-17  4.2564262e-16  -2.0036199e-16  1.3756221e-16  4.4066471e-17  9.0014183e-16  3.2798744e-16  3.1533124e-16  9.3711341e-17  1.1071431e-16  1.0690196e-16  -8.3862558e-17  -7.3304266e-17  -4.3373757e-16  2.1607657e-16  1.0000000   -2.4988236e-16  
-1.8510780e-17  6.9021248e-16  -6.3958300e-17  -2.4186157e-16  -3.4145868e-16  4.6969926e-16  -7.3646345e-16  -1.6335727e-16  9.4089082e-18  -6.2258645e-16  1.1553624e-15  -7.4491693e-16  -1.6481810e-16  -2.0536603e-16  -1.8490990e-16  -2.6342873e-16  4.7580136e-16  3.9574913e-16  -3.1954899e-16  -5.9938445e-16  -2.7425546e-16  1.7270859e-16  3.7802506e-16  5.1509620e-16  -2.6135442e-16  7.9033782e-17  -2.6331875e-16  -6.9582786e-16  1.6162257e-16  -2.4988236e-16  1.0000000   -1.8510780e-17  6.9021248e-16  -6.3958300e-17  -2.4186157e-16  -3.4145868e-16  4.6969926e-16  -7.3646345e-16  -1.6335727e-16  9.4089082e-18  -6.2258645e-16  1.1553624e-15  -7.4491693e-16  -1.6481810e-16  -2.0536603e-16  -1.8490990e-16  -2.6342873e-16  4.7580136e-16  3.9574913e-16  -3.1954899e-16  -5.9938445e-16  -2.7425546e-16  1.7270859e-16  3.7802506e-16  5.1509620e-16  -2.6135442e-16  7.9033782e-17  -2.6331875e-16  -6.9582786e-16  1.6162257e-16  -2.4988236e-16  1.0000000   
1.0000000   -3.5885573e-17  1.6883932e-16  -1.4087765e-16  -1.3768249e-17  -3.8750715e-17  3.7705719e-16  -1.9856391e-16  -5.7941123e-16  3.0382432e-16  -7.3839807e-16  3.7642398e-16  -4.4387248e-16  3.4754536e-16  9.6412011e-16  -4.5437396e-16  1.3870908e-16  -2.7146411e-16  -4.0769709e-16  -4.5155105e-17  -3.0247971e-16  5.3976993e-16  -8.7938508e-16  6.3616729e-16  6.3192562e-17  -2.7065896e-16  3.5090646e-16  -3.3483678e-16  -1.0149677e-15  9.9734440e-17  -1.8510780e-17  1.0000000   -3.5885573e-17  1.6883932e-16  -1.4087765e-16  -1.3768249e-17  -3.8750715e-17  3.7705719e-16  -1.9856391e-16  -5.7941123e-16  3.0382432e-16  -7.3839807e-16  3.7642398e-16  -4.4387248e-16  3.4754536e-16  9.6412011e-16  -4.5437396e-16  1.3870908e-16  -2.7146411e-16  -4.0769709e-16  -4.5155105e-17  -3.0247971e-16  5.3976993e-16  -8.7938508e-16  6.3616729e-16  6.3192562e-17  -2.7065896e-16  3.5090646e-16  -3.3483678e-16  -1.0149677e-15  9.9734440e-17  -1.8510780e-17  
-3.5885573e-17  1.0000000   1.0713941e-17  -3.1051708e-17  4.0679444e-16  4.4207230e-16  -8.5334312e-16  4.2132695e-16  -4.5351018e-16  -2.0488588e-17  1.2427126e-16  -3.5781195e-16  1.4549784e-16  -2.0177883e-16  4.9924438e-16  1.5182602e-17  -5.9089210e-16  2.0470608e-16  -1.4872256e-16  -3.9932197e-16  -6.0608894e-16  5.6454263e-17  -8.7531976e-16  -2.6259530e-17  -2.9748260e-16  -2.3586542e-16  8.2207248e-17  -4.7303471e-16  -5.4056063e-16  2.3200232e-16  6.9021248e-16  -3.5885573e-17  1.0000000   1.0713941e-17  -3.1051708e-17  4.0679444e-16  4.4207230e-16  -8.5334312e-16  4.2132695e-16  -4.5351018e-16  -2.0488588e-17  1.2427126e-16  -3.5781195e-16  1.4549784e-16  -2.0177883e-16  4.9924438e-16  1.5182602e-17  -5.9089210e-16  2.0470608e-16  -1.4872256e-16  -3.9932197e-16  -6.0608894e-16  5.6454263e-17  -8.7531976e-16  -2.6259530e-17  -2.9748260e-16  -2.3586542e-16  8.2207248e-17  -4.7303471e-16  -5.4056063e-16  2.3200232e-16  6.9021248e-16  
1.6883932e-16  1.0713941e-17  1.0000000   2.5888085e-16  -8.7775397e-16  -5.8478787e-16  4.8840474e-17  5.1587118e-16  5.1194769e-16  -2.2294850e-16  -6.7245758e-16  -3.8228349e-16  -8.8732424e-16  2.9560188e-16  5.3296867e-16  -3.4768060e-16  -4.3626658e-16  5.7551505e-17  -2.2096671e-16  3.4173147e-16  -3.7021025e-16  7.5799947e-17  -4.9314099e-16  -3.7195678e-16  -9.4787706e-16  -4.9129301e-16  4.6632727e-16  5.8656038e-17  4.6280709e-17  -1.4682149e-16  -6.3958300e-17  1.6883932e-16  1.0713941e-17  1.0000000   2.5888085e-16  -8.7775397e-16  -5.8478787e-16  4.8840474e-17  5.1587118e-16  5.1194769e-16  -2.2294850e-16  -6.7245758e-16  -3.8228349e-16  -8.8732424e-16  2.9560188e-16  5.3296867e-16  -3.4768060e-16  -4.3626658e-16  5.7551505e-17  -2.2096671e-16  3.4173147e-16  -3.7021025e-16  7.5799947e-17  -4.9314099e-16  -3.7195678e-16  -9.4787706e-16  -4.9129301e-16  4.6632727e-16  5.8656038e-17  4.6280709e-17  -1.4682149e-16  -6.3958300e-17  
-1.4087765e-16  -3.1051708e-17  2.5888085e-16  1.0000000   -4.8960649e-16  5.3477967e-16  -5.0051090e-16  -4.7415679e-16  8.7001414e-17  -1.1009905e-16  1.7166329e-15  -2.1497837e-16  3.8109332e-16  -5.6987792e-16  5.0613648e-16  -2.0574538e-16  -5.3979166e-16  -5.6483361e-16  -6.8973949e-16  -4.3724581e-16  -5.7072454e-16  6.3375761e-16  1.7955457e-17  -1.0535607e-15  -7.4193524e-16  1.0949318e-15  -6.8863352e-16  2.8528311e-16  -2.4417155e-16  -2.9636156e-16  -2.4186157e-16  -1.4087765e-16  -3.1051708e-17  2.5888085e-16  1.0000000   -4.8960649e-16  5.3477967e-16  -5.0051090e-16  -4.7415679e-16  8.7001414e-17  -1.1009905e-16  1.7166329e-15  -2.1497837e-16  3.8109332e-16  -5.6987792e-16  5.0613648e-16  -2.0574538e-16  -5.3979166e-16  -5.6483361e-16  -6.8973949e-16  -4.3724581e-16  -5.7072454e-16  6.3375761e-16  1.7955457e-17  -1.0535607e-15  -7.4193524e-16  1.0949318e-15  -6.8863352e-16  2.8528311e-16  -2.4417155e-16  -2.9636156e-16  -2.4186157e-16  
-1.3768249e-17  4.0679444e-16  -8.7775397e-16  -4.8960649e-16  1.0000000   -5.7279335e-16  6.2847335e-16  5.0807739e-17  -3.2071839e-16  2.1699933e-16  4.8143516e-16  1.4640311e-16  -6.3610783e-16  1.3429283e-16  -2.0802804e-16  3.9995308e-18  2.9163906e-16  -1.7917555e-16  3.4584164e-16  5.2417053e-16  -3.9609188e-16  -2.7759534e-16  -1.6173491e-16  3.1389442e-16  -5.3920125e-16  -3.8356576e-16  -1.9454934e-16  2.0393042e-16  3.3165373e-16  1.6464030e-16  -3.4145868e-16  -1.3768249e-17  4.0679444e-16  -8.7775397e-16  -4.8960649e-16  1.0000000   -5.7279335e-16  6.2847335e-16  5.0807739e-17  -3.2071839e-16  2.1699933e-16  4.8143516e-16  1.4640311e-16  -6.3610783e-16  1.3429283e-16  -2.0802804e-16  3.9995308e-18  2.9163906e-16  -1.7917555e-16  3.4584164e-16  5.2417053e-16  -3.9609188e-16  -2.7759534e-16  -1.6173491e-16  3.1389442e-16  -5.3920125e-16  -3.8356576e-16  -1.9454934e-16  2.0393042e-16  3.3165373e-16  1.6464030e-16  -3.4145868e-16  
-3.8750715e-17  4.4207230e-16  -5.8478787e-16  5.3477967e-16  -5.7279335e-16  1.0000000   -7.9015892e-17  -1.6639469e-16  -4.1731295e-18  -1.0569991e-15  7.8761220e-17  -2.1551025e-16  -2.3806262e-16  -2.0375342e-16  -7.3001290e-17  -8.0696824e-16  -2.7547389e-16  7.0635181e-16  3.1795639e-16  -3.1114106e-16  -7.8690807e-16  1.4749550e-16  2.3828902e-16  -6.5319783e-16  -3.6255799e-16  3.2385728e-16  2.0565957e-17  -3.3024356e-16  -3.8625892e-16  -5.0052077e-16  4.6969926e-16  -3.8750715e-17  4.4207230e-16  -5.8478787e-16  5.3477967e-16  -5.7279335e-16  1.0000000   -7.9015892e-17  -1.6639469e-16  -4.1731295e-18  -1.0569991e-15  7.8761220e-17  -2.1551025e-16  -2.3806262e-16  -2.0375342e-16  -7.3001290e-17  -8.0696824e-16  -2.7547389e-16  7.0635181e-16  3.1795639e-16  -3.1114106e-16  -7.8690807e-16  1.4749550e-16  2.3828902e-16  -6.5319783e-16  -3.6255799e-16  3.2385728e-16  2.0565957e-17  -3.3024356e-16  -3.8625892e-16  -5.0052077e-16  4.6969926e-16  
3.7705719e-16  -8.5334312e-16  4.8840474e-17  -5.0051090e-16  6.2847335e-16  -7.9015892e-17  1.0000000   1.6683921e-16  3.3411417e-16  2.0251043e-16  -6.6762722e-16  6.9140717e-16  -7.1206688e-16  8.4613606e-16  2.2516760e-17  -4.4849503e-16  1.3396726e-16  6.3738214e-16  6.6167597e-16  -5.2939480e-16  -1.3178612e-16  -3.4313190e-16  6.0690134e-16  2.0169812e-16  -2.3176846e-17  3.4014257e-17  -2.5950229e-16  -1.5805966e-16  2.9640796e-17  2.7614614e-17  -7.3646345e-16  3.7705719e-16  -8.5334312e-16  4.8840474e-17  -5.0051090e-16  6.2847335e-16  -7.9015892e-17  1.0000000   1.6683921e-16  3.3411417e-16  2.0251043e-16  -6.6762722e-16  6.9140717e-16  -7.1206688e-16  8.4613606e-16  2.2516760e-17  -4.4849503e-16  1.3396726e-16  6.3738214e-16  6.6167597e-16  -5.2939480e-16  -1.3178612e-16  -3.4313190e-16  6.0690134e-16  2.0169812e-16  -2.3176846e-17  3.4014257e-17  -2.5950229e-16  -1.5805966e-16  2.9640796e-17  2.7614614e-17  -7.3646345e-16  
-1.9856391e-16  4.2132695e-16  5.1587118e-16  -4.7415679e-16  5.0807739e-17  -1.6639469e-16  1.6683921e-16  1.0000000   -2.0372995e-17  -3.5782832e-16  -8.7702757e-16  2.9625922e-16  2.3634794e-16  3.7523084e-16  1.4334948e-16  4.6146441e-17  4.2443877e-16  -3.0044934e-16  3.1154496e-16  6.4887541e-16  -6.3192440e-16  8.7040136e-17  1.3327336e-17  -8.8503626e-16  8.5607734e-19  -1.2741183e-16  -1.7002985e-16  5.0243384e-16  3.4422310e-16  7.2278145e-17  -1.6335727e-16  -1.9856391e-16  4.2132695e-16  5.1587118e-16  -4.7415679e-16  5.0807739e-17  -1.6639469e-16  1.6683921e-16  1.0000000   -2.0372995e-17  -3.5782832e-16  -8.7702757e-16  2.9625922e-16  2.3634794e-16  3.7523084e-16  1.4334948e-16  4.6146441e-17  4.2443877e-16  -3.0044934e-16  3.1154496e-16  6.4887541e-16  -6.3192440e-16  8.7040136e-17  1.3327336e-17  -8.8503626e-16  8.5607734e-19  -1.2741183e-16  -1.7002985e-16  5.0243384e-16  3.4422310e-16  7.2278145e-17  -1.6335727e-16  
-5.7941123e-16  -4.5351018e-16  5.1194769e-16  8.7001414e-17  -3.2071839e-16  -4.1731295e-18  3.3411417e-16  -2.0372995e-17  1.0000000   3.5308432e-19  5.0036617e-16  1.0311140e-15  1.7975084e-16  2.4721151e-16  -3.3924695e-17  -3.9160688e-16  -2.4213463e-16  -6.5459034e-16  -1.1229889e-16  1.6488313e-16  3.4352394e-17  1.3256689e-16  3.1843090e-16  1.9624671e-16  -3.2833812e-16  4.4657618e-17  3.4422202e-16  -2.5631088e-16  -1.9618321e-16  4.5442284e-16  9.4089082e-18  -5.7941123e-16  -4.5351018e-16  5.1194769e-16  8.7001414e-17  -3.2071839e-16  -4.1731295e-18  3.3411417e-16  -2.0372995e-17  1.0000000   3.5308432e-19  5.0036617e-16  1.0311140e-15  1.7975084e-16  2.4721151e-16  -3.3924695e-17  -3.9160688e-16  -2.4213463e-16  -6.5459034e-16  -1.1229889e-16  1.6488313e-16  3.4352394e-17  1.3256689e-16  3.1843090e-16  1.9624671e-16  -3.2833812e-16  4.4657618e-17  3.4422202e-16  -2.5631088e-16  -1.9618321e-16  4.5442284e-16  9.4089082e-18  
3.0382432e-16  -2.0488588e-17  -2.2294850e-16  -1.1009905e-16  2.1699933e-16  -1.0569991e-15  2.0251043e-16  -3.5782832e-16  3.5308432e-19  1.0000000   -1.3168371e-15  1.9405431e-17  3.5483066e-16  -3.0438233e-16  4.5882732e-16  2.2285838e-16  2.5631529e-16  -1.1027445e-16  2.2016405e-16  -9.9758494e-17  6.8021234e-16  3.5998141e-16  -2.2250732e-16  -3.6109060e-16  -7.0837961e-16  -1.9181078e-16  -8.7143790e-17  2.2868992e-16  -1.6319554e-16  -6.0303841e-17  -6.2258645e-16  3.0382432e-16  -2.0488588e-17  -2.2294850e-16  -1.1009905e-16  2.1699933e-16  -1.0569991e-15  2.0251043e-16  -3.5782832e-16  3.5308432e-19  1.0000000   -1.3168371e-15  1.9405431e-17  3.5483066e-16  -3.0438233e-16  4.5882732e-16  2.2285838e-16  2.5631529e-16  -1.1027445e-16  2.2016405e-16  -9.9758494e-17  6.8021234e-16  3.5998141e-16  -2.2250732e-16  -3.6109060e-16  -7.0837961e-16  -1.9181078e-16  -8.7143790e-17  2.2868992e-16  -1.6319554e-16  -6.0303841e-17  -6.2258645e-16  
