1.0000000   2.0842627e-17  9.6527306e-17  6.5506346e-16  2.6988270e-17  -4.9012965e-16  -3.4723646e-17  6.4091511e-17  -1.0631514e-15  5.3413538e-16  4.1354000e-16  2.3511983e-16  -6.1015237e-16  -4.9852548e-17  2.9668308e-16  5.3223705e-16  6.2557424e-16  8.7539899e-17  -1.1242292e-16  -1.3686955e-15  -5.7173174e-16  -1.4349966e-16  5.2952946e-17  2.2820961e-16  -1.4269887e-16  -2.0443834e-16  1.7199095e-16  1.8947294e-16  1.0471471e-15  2.7641377e-16  4.8615761e-16  1.0000000   2.0842627e-17  9.6527306e-17  6.5506346e-16  2.6988270e-17  -4.9012965e-16  -3.4723646e-17  6.4091511e-17  -1.0631514e-15  5.3413538e-16  4.1354000e-16  2.3511983e-16  -6.1015237e-16  -4.9852548e-17  2.9668308e-16  5.3223705e-16  6.2557424e-16  8.7539899e-17  -1.1242292e-16  -1.3686955e-15  -5.7173174e-16  -1.4349966e-16  5.2952946e-17  2.2820961e-16  -1.4269887e-16  -2.0443834e-16  1.7199095e-16  1.8947294e-16  1.0471471e-15  2.7641377e-16  4.8615761e-16  
2.0842627e-17  1.0000000   -1.5433067e-17  2.6353010e-16  1.8465378e-16  -8.4217793e-16  -2.7742996e-16  1.4765372e-18  -6.4293128e-16  -4.4769785e-16  2.9423036e-16  1.8717565e-16  9.6713944e-17  -3.5446002e-16  2.4227803e-17  1.7425980e-16  6.0103487e-17  -6.5862784e-16  7.3765315e-16  -2.5435542e-16  4.5750968e-17  -5.6544398e-16  -4.9832101e-16  5.2858357e-16  -1.2951684e-16  5.0718658e-16  2.2312560e-16  -5.7694515e-16  2.1279885e-17  -3.5594112e-16  5.7728368e-16  2.0842627e-17  1.0000000   -1.5433067e-17  2.6353010e-16  1.8465378e-16  -8.4217793e-16  -2.7742996e-16  1.4765372e-18  -6.4293128e-16  -4.4769785e-16  2.9423036e-16  1.8717565e-16  9.6713944e-17  -3.5446002e-16  2.4227803e-17  1.7425980e-16  6.0103487e-17  -6.5862784e-16  7.3765315e-16  -2.5435542e-16  4.5750968e-17  -5.6544398e-16  -4.9832101e-16  5.2858357e-16  -1.2951684e-16  5.0718658e-16  2.2312560e-16  -5.7694515e-16  2.1279885e-17  -3.5594112e-16  5.7728368e-16  
9.6527306e-17  -1.5433067e-17  1.0000000   -4.2582409e-17  -2.2623264e-16  5.7951165e-16  -6.0973547e-16  -5.8488275e-16  5.3643885e-16  5.7529201e-17  -1.1238665e-16  -7.5724940e-16  -1.3772675e-16  -1.4689131e-17  -3.1791846e-16  -1.4754043e-16  7.4478049e-17  9.4323977e-17  6.9915486e-16  1.0046572e-16  2.9212096e-16  1.8438103e-16  -8.0215397e-17  -1.0446735e-16  -5.0895417e-17  -5.5271212e-16  -3.1911984e-16  2.5091027e-16  -1.9387270e-16  -2.5931029e-16  3.8259296e-16  9.6527306e-17  -1.5433067e-17  1.0000000   -4.2582409e-17  -2.2623264e-16  5.7951165e-16  -6.0973547e-16  -5.8488275e-16  5.3643885e-16  5.7529201e-17  -1.1238665e-16  -7.5724940e-16  -1.3772675e-16  -1.4689131e-17  -3.1791846e-16  -1.4754043e-16  7.4478049e-17  9.4323977e-17  6.9915486e-16  1.0046572e-16  2.9212096e-16  1.8438103e-16  -8.0215397e-17  -1.0446735e-16  -5.0895417e-17  -5.5271212e-16  -3.1911984e-16  2.5091027e-16  -1.9387270e-16  -2.5931029e-16  3.8259296e-16  
6.5506346e-16  2.6353010e-16  -4.2582409e-17  1.0000000   -1.1462823e-16  8.1771872e-16  -4.5457613e-16  -1.4114635e-16  2.6466635e-16  2.5340764e-17  3.1104340e-16  -3.4583257e-16  -7.5508150e-17  4.5014654e-16  1.3769837e-16  -7.1751407e-17  1.1316452e-15  2.7805836e-16  1.0380994e-17  3.3464308e-16  -3.9290462e-16  -3.4801464e-16  -2.8111347e-16  -4.0994751e-16  -2.4208298e-17  6.4547233e-17  -1.0768487e-15  -3.9126910e-16  1.2340064e-16  2.4795466e-16  -1.0141275e-15  6.5506346e-16  2.6353010e-16  -4.2582409e-17  1.0000000   -1.1462823e-16  8.1771872e-16  -4.5457613e-16  -1.4114635e-16  2.6466635e-16  2.5340764e-17  3.1104340e-16  -3.4583257e-16  -7.5508150e-17  4.5014654e-16  1.3769837e-16  -7.1751407e-17  1.1316452e-15  2.7805836e-16  1.0380994e-17  3.3464308e-16  -3.9290462e-16  -3.4801464e-16  -2.8111347e-16  -4.0994751e-16  -2.4208298e-17  6.4547233e-17  -1.0768487e-15  -3.9126910e-16  1.2340064e-16  2.4795466e-16  -1.0141275e-15  
2.6988270e-17  1.8465378e-16  -2.2623264e-16  -1.1462823e-16  1.0000000   -2.8987848e-16  1.3124252e-16  4.6505471e-16  -2.0321515e-16  7.3950129e-16  1.0339857e-15  -1.7222191e-16  -2.4641753e-16  -1.0441374e-15  -6.3205433e-16  4.8999086e-16  4.3489497e-16  4.1757266e-16  -2.4950547e-18  -3.3089733e-16  1.1738812e-15  1.7103035e-16  3.8519388e-16  3.1441949e-16  -5.3253997e-17  -1.8288379e-16  1.8910207e-16  2.1429669e-17  -6.8802588e-16  -4.4957379e-17  5.7437800e-16  2.6988270e-17  1.8465378e-16  -2.2623264e-16  -1.1462823e-16  1.0000000   -2.8987848e-16  1.3124252e-16  4.6505471e-16  -2.0321515e-16  7.3950129e-16  1.0339857e-15  -1.7222191e-16  -2.4641753e-16  -1.0441374e-15  -6.3205433e-16  4.8999086e-16  4.3489497e-16  4.1757266e-16  -2.4950547e-18  -3.3089733e-16  1.1738812e-15  1.7103035e-16  3.8519388e-16  3.1441949e-16  -5.3253997e-17  -1.8288379e-16  1.8910207e-16  2.1429669e-17  -6.8802588e-16  -4.4957379e-17  5.7437800e-16  
-4.9012965e-16  -8.4217793e-16  5.7951165e-16  8.1771872e-16  -2.8987848e-16  1.0000000   -6.5769292e-17  4.8024932e-18  -1.4857717e-16  -2.5936184e-16  -1.0254505e-17  -1.0671621e-17  -1.8433581e-16  -2.4354345e-16  2.4329149e-16  -2.3107261e-16  -1.4624649e-16  2.8360953e-16  -5.2079278e-16  1.2761190e-16  -2.6009219e-16  1.5379033e-16  6.3765808e-17  -2.5606891e-16  -7.2332116e-16  -6.2503488e-17  3.7040392e-16  -3.2261956e-17  3.5219135e-16  -1.0085554e-15  1.1691483e-17  -4.9012965e-16  -8.4217793e-16  5.7951165e-16  8.1771872e-16  -2.8987848e-16  1.0000000   -6.5769292e-17  4.8024932e-18  -1.4857717e-16  -2.5936184e-16  -1.0254505e-17  -1.0671621e-17  -1.8433581e-16  -2.4354345e-16  2.4329149e-16  -2.3107261e-16  -1.4624649e-16  2.8360953e-16  -5.2079278e-16  1.2761190e-16  -2.6009219e-16  1.5379033e-16  6.3765808e-17  -2.5606891e-16  -7.2332116e-16  -6.2503488e-17  3.7040392e-16  -3.2261956e-17  3.5219135e-16  -1.0085554e-15  1.1691483e-17  
-3.4723646e-17  -2.7742996e-16  -6.0973547e-16  -4.5457613e-16  1.3124252e-16  -6.5769292e-17  1.0000000   -3.5343596e-16  -4.1520557e-16  -6.6597983e-16  3.4524160e-16  -2.1627504e-16  -5.1053139e-16  5.6526041e-16  -2.7177025e-16  1.6808102e-16  5.2246058e-17  -4.8144832e-16  -4.6085749e-16  1.4823232e-17  6.6050832e-16  -8.4169324e-16  -6.8944812e-16  -7.1439686e-17  -4.9965537e-17  8.3652696e-17  2.9027940e-16  -1.0979025e-16  -1.6385191e-17  9.1997995e-16  2.5697518e-16  -3.4723646e-17  -2.7742996e-16  -6.0973547e-16  -4.5457613e-16  1.3124252e-16  -6.5769292e-17  1.0000000   -3.5343596e-16  -4.1520557e-16  -6.6597983e-16  3.4524160e-16  -2.1627504e-16  -5.1053139e-16  5.6526041e-16  -2.7177025e-16  1.6808102e-16  5.2246058e-17  -4.8144832e-16  -4.6085749e-16  1.4823232e-17  6.6050832e-16  -8.4169324e-16  -6.8944812e-16  -7.1439686e-17  -4.9965537e-17  8.3652696e-17  2.9027940e-16  -1.0979025e-16  -1.6385191e-17  9.1997995e-16  2.5697518e-16  
6.4091511e-17  1.4765372e-18  -5.8488275e-16  -1.4114635e-16  4.6505471e-16  4.8024932e-18  -3.5343596e-16  1.0000000   -4.2862634e-16  -4.1089281e-16  -1.5856349e-16  4.0826267e-17  -5.4747710e-18  -1.2290632e-16  1.5238884e-16  -1.4221183e-16  3.0990237e-16  5.3422388e-17  4.5819996e-17  -1.9285776e-16  2.6772299e-16  -2.8851046e-16  -1.4884793e-16  -1.2582535e-16  -1.4892589e-16  -3.0953222e-16  -2.7007491e-17  1.7093430e-16  1.8430283e-16  -5.9721429e-17  7.2571994e-16  6.4091511e-17  1.4765372e-18  -5.8488275e-16  -1.4114635e-16  4.6505471e-16  4.8024932e-18  -3.5343596e-16  1.0000000   -4.2862634e-16  -4.1089281e-16  -1.5856349e-16  4.0826267e-17  -5.4747710e-18  -1.2290632e-16  1.5238884e-16  -1.4221183e-16  3.0990237e-16  5.3422388e-17  4.5819996e-17  -1.9285776e-16  2.6772299e-16  -2.8851046e-16  -1.4884793e-16  -1.2582535e-16  -1.4892589e-16  -3.0953222e-16  -2.7007491e-17  1.7093430e-16  1.8430283e-16  -5.9721429e-17  7.2571994e-16  
-1.0631514e-15  -6.4293128e-16  5.3643885e-16  2.6466635e-16  -2.0321515e-16  -1.4857717e-16  -4.1520557e-16  -4.2862634e-16  1.0000000   7.8003820e-17  -2.4694173e-16  5.4753896e-17  3.0627132e-16  -8.4791538e-17  -4.7304039e-16  -2.8712032e-16  6.2323604e-16  -2.3738915e-16  -4.0987906e-16  -7.7223453e-16  4.6611369e-16  1.8068429e-16  2.1613614e-16  9.4988380e-16  -1.7341599e-16  -4.5218930e-16  1.4530846e-16  2.0292313e-16  -9.3585269e-17  -1.5447522e-16  1.0787378e-15  -1.0631514e-15  -6.4293128e-16  5.3643885e-16  2.6466635e-16  -2.0321515e-16  -1.4857717e-16  -4.1520557e-16  -4.2862634e-16  1.0000000   7.8003820e-17  -2.4694173e-16  5.4753896e-17  3.0627132e-16  -8.4791538e-17  -4.7304039e-16  -2.8712032e-16  6.2323604e-16  -2.3738915e-16  -4.0987906e-16  -7.7223453e-16  4.6611369e-16  1.8068429e-16  2.1613614e-16  9.4988380e-16  -1.7341599e-16  -4.5218930e-16  1.4530846e-16  2.0292313e-16  -9.3585269e-17  -1.5447522e-16  1.0787378e-15  
5.3413538e-16  -4.4769785e-16  5.7529201e-17  2.5340764e-17  7.3950129e-16  -2.5936184e-16  -6.6597983e-16  -4.1089281e-16  7.8003820e-17  1.0000000   3.1544618e-16  -2.2264645e-16  4.6785664e-16  3.9200964e-16  -4.5159705e-16  -3.9185072e-16  -6.3810201e-17  -2.2474152e-16  4.5904685e-16  4.8793232e-16  -5.6029289e-16  1.1136719e-16  -5.1004133e-16  -2.6859691e-17  1.2103319e-16  -1.5433417e-16  -2.3652832e-16  -8.6736910e-16  5.1421686e-17  -3.2372831e-16  -5.5886434e-16  5.3413538e-16  -4.4769785e-16  5.7529201e-17  2.5340764e-17  7.3950129e-16  -2.5936184e-16  -6.6597983e-16  -4.1089281e-16  7.8003820e-17  1.0000000   3.1544618e-16  -2.2264645e-16  4.6785664e-16  3.9200964e-16  -4.5159705e-16  -3.9185072e-16  -6.3810201e-17  -2.2474152e-16  4.5904685e-16  4.8793232e-16  -5.6029289e-16  1.1136719e-16  -5.1004133e-16  -2.6859691e-17  1.2103319e-16  -1.5433417e-16  -2.3652832e-16  -8.6736910e-16  5.1421686e-17  -3.2372831e-16  -5.5886434e-16  
4.1354000e-16  2.9423036e-16  -1.1238665e-16  3.1104340e-16  1.0339857e-15  -1.0254505e-17  3.4524160e-16  -1.5856349e-16  -2.4694173e-16  3.1544618e-16  1.0000000   -1.3542992e-16  -1.5254480e-15  1.6901081e-16  1.3076217e-15  6.0671518e-17  5.9259196e-17  -8.1185246e-18  1.4930034e-17  7.8606893e-17  -1.2423291e-16  -6.4964515e-18  -6.2678253e-16  4.1701848e-16  3.0586271e-16  -1.4456227e-16  1.2745105e-17  -1.6894026e-17  3.5553560e-16  9.2468659e-17  -3.0325824e-16  4.1354000e-16  2.9423036e-16  -1.1238665e-16  3.1104340e-16  1.0339857e-15  -1.0254505e-17  3.4524160e-16  -1.5856349e-16  -2.4694173e-16  3.1544618e-16  1.0000000   -1.3542992e-16  -1.5254480e-15  1.6901081e-16  1.3076217e-15  6.0671518e-17  5.9259196e-17  -8.1185246e-18  1.4930034e-17  7.8606893e-17  -1.2423291e-16  -6.4964515e-18  -6.2678253e-16  4.1701848e-16  3.0586271e-16  -1.4456227e-16  1.2745105e-17  -1.6894026e-17  3.5553560e-16  9.2468659e-17  -3.0325824e-16  
2.3511983e-16  1.8717565e-16  -7.5724940e-16  -3.4583257e-16  -1.7222191e-16  -1.0671621e-17  -2.1627504e-16  4.0826267e-17  5.4753896e-17  -2.2264645e-16  -1.3542992e-16  1.0000000   1.0498198e-16  -7.1793739e-16  -3.5397325e-16  -4.0122843e-16  3.0042584e-16  4.3889371e-16  -5.0384714e-16  2.1841313e-16  -4.4386902e-16  2.3644147e-16  4.7555395e-16  1.8734063e-16  4.1555317e-16  5.1363541e-16  3.7463049e-16  5.3449751e-17  -5.1127081e-16  -4.2909808e-16  -8.0040081e-16  2.3511983e-16  1.8717565e-16  -7.5724940e-16  -3.4583257e-16  -1.7222191e-16  -1.0671621e-17  -2.1627504e-16  4.0826267e-17  5.4753896e-17  -2.2264645e-16  -1.3542992e-16  1.0000000   1.0498198e-16  -7.1793739e-16  -3.5397325e-16  -4.0122843e-16  3.0042584e-16  4.3889371e-16  -5.0384714e-16  2.1841313e-16  -4.4386902e-16  2.3644147e-16  4.7555395e-16  1.8734063e-16  4.1555317e-16  5.1363541e-16  3.7463049e-16  5.3449751e-17  -5.1127081e-16  -4.2909808e-16  -8.0040081e-16  
-6.1015237e-16  9.6713944e-17  -1.3772675e-16  -7.5508150e-17  -2.4641753e-16  -1.8433581e-16  -5.1053139e-16  -5.4747710e-18  3.0627132e-16  4.6785664e-16  -1.5254480e-15  1.0498198e-16  1.0000000   8.3037638e-16  -4.3231407e-16  2.4226266e-16  4.9112069e-17  7.1617158e-17  1.2474106e-16  -2.5980970e-16  -5.6361763e-17  2.9462036e-17  -3.4570012e-17  7.7098951e-17  -6.2353861e-17  -1.8651553e-17  2.0586769e-16  2.3645478e-16  -4.2173211e-17  1.4798586e-16  5.1618266e-16  -6.1015237e-16  9.6713944e-17  -1.3772675e-16  -7.5508150e-17  -2.4641753e-16  -1.8433581e-16  -5.1053139e-16  -5.4747710e-18  3.0627132e-16  4.6785664e-16  -1.5254480e-15  1.0498198e-16  1.0000000   8.3037638e-16  -4.3231407e-16  2.4226266e-16  4.9112069e-17  7.1617158e-17  1.2474106e-16  -2.5980970e-16  -5.6361763e-17  2.9462036e-17  -3.4570012e-17  7.7098951e-17  -6.2353861e-17  -1.8651553e-17  2.0586769e-16  2.3645478e-16  -4.2173211e-17  1.4798586e-16  5.1618266e-16  
-4.9852548e-17  -3.5446002e-16  -1.4689131e-17  4.5014654e-16  -1.0441374e-15  -2.4354345e-16  5.6526041e-16  -1.2290632e-16  -8.4791538e-17  3.9200964e-16  1.6901081e-16  -7.1793739e-16  8.3037638e-16  1.0000000   1.1518172e-16  -6.0712875e-17  6.2919654e-16  1.8101898e-16  -5.6386097e-17  -2.4583668e-16  4.4366500e-17  1.6112982e-16  8.0569436e-16  -4.1345786e-17  -4.7141733e-16  -7.9430813e-16  3.7437070e-17  4.7716965e-16  2.1229926e-16  2.8594292e-16  6.5614835e-17  -4.9852548e-17  -3.5446002e-16  -1.4689131e-17  4.5014654e-16  -1.0441374e-15  -2.4354345e-16  5.6526041e-16  -1.2290632e-16  -8.4791538e-17  3.9200964e-16  1.6901081e-16  -7.1793739e-16  8.3037638e-16  1.0000000   1.1518172e-16  -6.0712875e-17  6.2919654e-16  1.8101898e-16  -5.6386097e-17  -2.4583668e-16  4.4366500e-17  1.6112982e-16  8.0569436e-16  -4.1345786e-17  -4.7141733e-16  -7.9430813e-16  3.7437070e-17  4.7716965e-16  2.1229926e-16  2.8594292e-16  6.5614835e-17  
2.9668308e-16  2.4227803e-17  -3.1791846e-16  1.3769837e-16  -6.3205433e-16  2.4329149e-16  -2.7177025e-16  1.5238884e-16  -4.7304039e-16  -4.5159705e-16  1.3076217e-15  -3.5397325e-16  -4.3231407e-16  1.1518172e-16  1.0000000   -4.7305719e-16  -7.9880678e-16  -2.5521247e-16  -3.6136559e-16  -1.8250894e-16  1.2999141e-16  2.9253042e-16  -1.3897873e-16  2.6324956e-16  3.8827794e-16  -2.2543497e-16  -1.1751978e-16  4.5449439e-16  1.1421444e-16  1.3230315e-16  -5.2229931e-16  2.9668308e-16  2.4227803e-17  -3.1791846e-16  1.3769837e-16  -6.3205433e-16  2.4329149e-16  -2.7177025e-16  1.5238884e-16  -4.7304039e-16  -4.5159705e-16  1.3076217e-15  -3.5397325e-16  -4.3231407e-16  1.1518172e-16  1.0000000   -4.7305719e-16  -7.9880678e-16  -2.5521247e-16  -3.6136559e-16  -1.8250894e-16  1.2999141e-16  2.9253042e-16  -1.3897873e-16  2.6324956e-16  3.8827794e-16  -2.2543497e-16  -1.1751978e-16  4.5449439e-16  1.1421444e-16  1.3230315e-16  -5.2229931e-16  
5.3223705e-16  1.7425980e-16  -1.4754043e-16  -7.1751407e-17  4.8999086e-16  -2.3107261e-16  1.6808102e-16  -1.4221183e-16  -2.8712032e-16  -3.9185072e-16  6.0671518e-17  -4.0122843e-16  2.4226266e-16  -6.0712875e-17  -4.7305719e-16  1.0000000   4.2027091e-16  6.9511889e-17  -4.4879538e-16  3.5386436e-16  5.0037675e-16  6.1188699e-16  2.2494583e-16  -3.5983609e-16  1.1329666e-16  -1.1800239e-16  -3.5892257e-16  7.0077858e-16  -3.5174809e-16  8.5451934e-16  -1.0561784e-15  5.3223705e-16  1.7425980e-16  -1.4754043e-16  -7.1751407e-17  4.8999086e-16  -2.3107261e-16  1.6808102e-16  -1.4221183e-16  -2.8712032e-16  -3.9185072e-16  6.0671518e-17  -4.0122843e-16  2.4226266e-16  -6.0712875e-17  -4.7305719e-16  1.0000000   4.2027091e-16  6.9511889e-17  -4.4879538e-16  3.5386436e-16  5.0037675e-16  6.1188699e-16  2.2494583e-16  -3.5983609e-16  1.1329666e-16  -1.1800239e-16  -3.5892257e-16  7.0077858e-16  -3.5174809e-16  8.5451934e-16  -1.0561784e-15  
6.2557424e-16  6.0103487e-17  7.4478049e-17  1.1316452e-15  4.3489497e-16  -1.4624649e-16  5.2246058e-17  3.0990237e-16  6.2323604e-16  -6.3810201e-17  5.9259196e-17  3.0042584e-16  4.9112069e-17  6.2919654e-16  -7.9880678e-16  4.2027091e-16  1.0000000   3.4478680e-16  -9.1609260e-16  1.3379114e-16  1.0347426e-16  -2.8927331e-16  -2.7377636e-16  -2.1958297e-16  4.9948464e-16  -1.4986285e-16  -9.8660295e-16  -1.4630038e-15  3.1794530e-17  1.0167176e-17  -4.4901405e-16  6.2557424e-16  6.0103487e-17  7.4478049e-17  1.1316452e-15  4.3489497e-16  -1.4624649e-16  5.2246058e-17  3.0990237e-16  6.2323604e-16  -6.3810201e-17  5.9259196e-17  3.0042584e-16  4.9112069e-17  6.2919654e-16  -7.9880678e-16  4.2027091e-16  1.0000000   3.4478680e-16  -9.1609260e-16  1.3379114e-16  1.0347426e-16  -2.8927331e-16  -2.7377636e-16  -2.1958297e-16  4.9948464e-16  -1.4986285e-16  -9.8660295e-16  -1.4630038e-15  3.1794530e-17  1.0167176e-17  -4.4901405e-16  
8.7539899e-17  -6.5862784e-16  9.4323977e-17  2.7805836e-16  4.1757266e-16  2.8360953e-16  -4.8144832e-16  5.3422388e-17  -2.3738915e-16  -2.2474152e-16  -8.1185246e-18  4.3889371e-16  7.1617158e-17  1.8101898e-16  -2.5521247e-16  6.9511889e-17  3.4478680e-16  1.0000000   -3.2713383e-16  -3.3261392e-16  8.0020268e-17  3.8399168e-16  -2.0448742e-16  -4.6433943e-16  -1.5235572e-16  2.0905967e-16  -6.8020481e-17  2.3639965e-16  5.5488438e-17  -7.5234445e-16  -8.5570686e-16  8.7539899e-17  -6.5862784e-16  9.4323977e-17  2.7805836e-16  4.1757266e-16  2.8360953e-16  -4.8144832e-16  5.3422388e-17  -2.3738915e-16  -2.2474152e-16  -8.1185246e-18  4.3889371e-16  7.1617158e-17  1.8101898e-16  -2.5521247e-16  6.9511889e-17  3.4478680e-16  1.0000000   -3.2713383e-16  -3.3261392e-16  8.0020268e-17  3.8399168e-16  -2.0448742e-16  -4.6433943e-16  -1.5235572e-16  2.0905967e-16  -6.8020481e-17  2.3639965e-16  5.5488438e-17  -7.5234445e-16  -8.5570686e-16  
-1.1242292e-16  7.3765315e-16  6.9915486e-16  1.0380994e-17  -2.4950547e-18  -5.2079278e-16  -4.6085749e-16  4.5819996e-17  -4.0987906e-16  4.5904685e-16  1.4930034e-17  -5.0384714e-16  1.2474106e-16  -5.6386097e-17  -3.6136559e-16  -4.4879538e-16  -9.1609260e-16  -3.2713383e-16  1.0000000   1.0654825e-16  2.1604942e-16  -1.2876911e-16  -2.8613993e-16  9.9136409e-17  1.1033831e-16  -8.2846969e-17  4.7391891e-16  8.0504916e-16  5.9422215e-16  2.4903828e-16  6.2284817e-16  -1.1242292e-16  7.3765315e-16  6.9915486e-16  1.0380994e-17  -2.4950547e-18  -5.2079278e-16  -4.6085749e-16  4.5819996e-17  -4.0987906e-16  4.5904685e-16  1.4930034e-17  -5.0384714e-16  1.2474106e-16  -5.6386097e-17  -3.6136559e-16  -4.4879538e-16  -9.1609260e-16  -3.2713383e-16  1.0000000   1.0654825e-16  2.1604942e-16  -1.2876911e-16  -2.8613993e-16  9.9136409e-17  1.1033831e-16  -8.2846969e-17  4.7391891e-16  8.0504916e-16  5.9422215e-16  2.4903828e-16  6.2284817e-16  
-1.3686955e-15  -2.5435542e-16  1.0046572e-16  3.3464308e-16  -3.3089733e-16  1.2761190e-16  1.4823232e-17  -1.9285776e-16  -7.7223453e-16  4.8793232e-16  7.8606893e-17  2.1841313e-16  -2.5980970e-16  -2.4583668e-16  -1.8250894e-16  3.5386436e-16  1.3379114e-16  -3.3261392e-16  1.0654825e-16  1.0000000   -4.5133230e-16  -1.5233983e-16  -1.1561438e-16  -6.1584661e-16  -3.4791999e-16  -4.0272254e-16  -5.0231969e-16  7.3353565e-16  9.2282022e-16  -1.2652657e-16  2.5029313e-17  -1.3686955e-15  -2.5435542e-16  1.0046572e-16  3.3464308e-16  -3.3089733e-16  1.2761190e-16  1.4823232e-17  -1.9285776e-16  -7.7223453e-16  4.8793232e-16  7.8606893e-17  2.1841313e-16  -2.5980970e-16  -2.4583668e-16  -1.8250894e-16  3.5386436e-16  1.3379114e-16  -3.3261392e-16  1.0654825e-16  1.0000000   -4.5133230e-16  -1.5233983e-16  -1.1561438e-16  -6.1584661e-16  -3.4791999e-16  -4.0272254e-16  -5.0231969e-16  7.3353565e-16  9.2282022e-16  -1.2652657e-16  2.5029313e-17  
-5.7173174e-16  4.5750968e-17  2.9212096e-16  -3.9290462e-16  1.1738812e-15  -2.6009219e-16  6.6050832e-16  2.6772299e-16  4.6611369e-16  -5.6029289e-16  -1.2423291e-16  -4.4386902e-16  -5.6361763e-17  4.4366500e-17  1.2999141e-16  5.0037675e-16  1.0347426e-16  8.0020268e-17  2.1604942e-16  -4.5133230e-16  1.0000000   5.3905780e-16  -7.2570582e-16  4.1828930e-17  -3.1705832e-16  -7.4226291e-17  -2.8411342e-16  -2.9547922e-16  5.1851259e-16  -1.0095996e-18  3.9431869e-16  -5.7173174e-16  4.5750968e-17  2.9212096e-16  -3.9290462e-16  1.1738812e-15  -2.6009219e-16  6.6050832e-16  2.6772299e-16  4.6611369e-16  -5.6029289e-16  -1.2423291e-16  -4.4386902e-16  -5.6361763e-17  4.4366500e-17  1.2999141e-16  5.0037675e-16  1.0347426e-16  8.0020268e-17  2.1604942e-16  -4.5133230e-16  1.0000000   5.3905780e-16  -7.2570582e-16  4.1828930e-17  -3.1705832e-16  -7.4226291e-17  -2.8411342e-16  -2.9547922e-16  5.1851259e-16  -1.0095996e-18  3.9431869e-16  
-1.4349966e-16  -5.6544398e-16  1.8438103e-16  -3.4801464e-16  1.7103035e-16  1.5379033e-16  -8.4169324e-16  -2.8851046e-16  1.8068429e-16  1.1136719e-16  -6.4964515e-18  2.3644147e-16  2.9462036e-17  1.6112982e-16  2.9253042e-16  6.1188699e-16  -2.8927331e-16  3.8399168e-16  -1.2876911e-16  -1.5233983e-16  5.3905780e-16  1.0000000   -6.2113459e-16  -5.6500055e-16  -2.6051443e-16  -1.8094146e-18  -9.9821754e-17  1.3376148e-16  1.4539731e-16  4.4276404e-16  -2.5980610e-16  -1.4349966e-16  -5.6544398e-16  1.8438103e-16  -3.4801464e-16  1.7103035e-16  1.5379033e-16  -8.4169324e-16  -2.8851046e-16  1.8068429e-16  1.1136719e-16  -6.4964515e-18  2.3644147e-16  2.9462036e-17  1.6112982e-16  2.9253042e-16  6.1188699e-16  -2.8927331e-16  3.8399168e-16  -1.2876911e-16  -1.5233983e-16  5.3905780e-16  1.0000000   -6.2113459e-16  -5.6500055e-16  -2.6051443e-16  -1.8094146e-18  -9.9821754e-17  1.3376148e-16  1.4539731e-16  4.4276404e-16  -2.5980610e-16  
5.2952946e-17  -4.9832101e-16  -8.0215397e-17  -2.8111347e-16  3.8519388e-16  6.3765808e-17  -6.8944812e-16  -1.4884793e-16  2.1613614e-16  -5.1004133e-16  -6.2678253e-16  4.7555395e-16  -3.4570012e-17  8.0569436e-16  -1.3897873e-16  2.2494583e-16  -2.7377636e-16  -2.0448742e-16  -2.8613993e-16  -1.1561438e-16  -7.2570582e-16  -6.2113459e-16  1.0000000   -2.4649306e-16  -5.9001410e-16  7.6914297e-17  3.7088153e-16  4.6852395e-16  2.0404388e-16  4.4071198e-16  -2.8872028e-16  5.2952946e-17  -4.9832101e-16  -8.0215397e-17  -2.8111347e-16  3.8519388e-16  6.3765808e-17  -6.8944812e-16  -1.4884793e-16  2.1613614e-16  -5.1004133e-16  -6.2678253e-16  4.7555395e-16  -3.4570012e-17  8.0569436e-16  -1.3897873e-16  2.2494583e-16  -2.7377636e-16  -2.0448742e-16  -2.8613993e-16  -1.1561438e-16  -7.2570582e-16  -6.2113459e-16  1.0000000   -2.4649306e-16  -5.9001410e-16  7.6914297e-17  3.7088153e-16  4.6852395e-16  2.0404388e-16  4.4071198e-16  -2.8872028e-16  
2.2820961e-16  5.2858357e-16  -1.0446735e-16  -4.0994751e-16  3.1441949e-16  -2.5606891e-16  -7.1439686e-17  -1.2582535e-16  9.4988380e-16  -2.6859691e-17  4.1701848e-16  1.8734063e-16  7.7098951e-17  -4.1345786e-17  2.6324956e-16  -3.5983609e-16  -2.1958297e-16  -4.6433943e-16  9.9136409e-17  -6.1584661e-16  4.1828930e-17  -5.6500055e-16  -2.4649306e-16  1.0000000   1.3422277e-16  -1.4748587e-16  2.6224059e-17  -5.7200226e-16  -8.5082322e-16  -1.3899511e-16  -4.4885823e-16  2.2820961e-16  5.2858357e-16  -1.0446735e-16  -4.0994751e-16  3.1441949e-16  -2.5606891e-16  -7.1439686e-17  -1.2582535e-16  9.4988380e-16  -2.6859691e-17  4.1701848e-16  1.8734063e-16  7.7098951e-17  -4.1345786e-17  2.6324956e-16  -3.5983609e-16  -2.1958297e-16  -4.6433943e-16  9.9136409e-17  -6.1584661e-16  4.1828930e-17  -5.6500055e-16  -2.4649306e-16  1.0000000   1.3422277e-16  -1.4748587e-16  2.6224059e-17  -5.7200226e-16  -8.5082322e-16  -1.3899511e-16  -4.4885823e-16  
-1.4269887e-16  -1.2951684e-16  -5.0895417e-17  -2.4208298e-17  -5.3253997e-17  -7.2332116e-16  -4.9965537e-17  -1.4892589e-16  -1.7341599e-16  1.2103319e-16  3.0586271e-16  4.1555317e-16  -6.2353861e-17  -4.7141733e-16  3.8827794e-16  1.1329666e-16  4.9948464e-16  -1.5235572e-16  1.1033831e-16  -3.4791999e-16  -3.1705832e-16  -2.6051443e-16  -5.9001410e-16  1.3422277e-16  1.0000000   -2.1986393e-16  2.1837176e-17  8.1068184e-16  1.1139822e-15  2.6970390e-16  4.9836715e-16  -1.4269887e-16  -1.2951684e-16  -5.0895417e-17  -2.4208298e-17  -5.3253997e-17  -7.2332116e-16  -4.9965537e-17  -1.4892589e-16  -1.7341599e-16  1.2103319e-16  3.0586271e-16  4.1555317e-16  -6.2353861e-17  -4.7141733e-16  3.8827794e-16  1.1329666e-16  4.9948464e-16  -1.5235572e-16  1.1033831e-16  -3.4791999e-16  -3.1705832e-16  -2.6051443e-16  -5.9001410e-16  1.3422277e-16  1.0000000   -2.1986393e-16  2.1837176e-17  8.1068184e-16  1.1139822e-15  2.6970390e-16  4.9836715e-16  
-2.0443834e-16  5.0718658e-16  -5.5271212e-16  6.4547233e-17  -1.8288379e-16  -6.2503488e-17  8.3652696e-17  -3.0953222e-16  -4.5218930e-16  -1.5433417e-16  -1.4456227e-16  5.1363541e-16  -1.8651553e-17  -7.9430813e-16  -2.2543497e-16  -1.1800239e-16  -1.4986285e-16  2.0905967e-16  -8.2846969e-17  -4.0272254e-16  -7.4226291e-17  -1.8094146e-18  7.6914297e-17  -1.4748587e-16  -2.1986393e-16  1.0000000   -1.9422991e-16  9.0538280e-17  6.7812347e-16  -2.1659219e-16  -1.8497099e-16  -2.0443834e-16  5.0718658e-16  -5.5271212e-16  6.4547233e-17  -1.8288379e-16  -6.2503488e-17  8.3652696e-17  -3.0953222e-16  -4.5218930e-16  -1.5433417e-16  -1.4456227e-16  5.1363541e-16  -1.8651553e-17  -7.9430813e-16  -2.2543497e-16  -1.1800239e-16  -1.4986285e-16  2.0905967e-16  -8.2846969e-17  -4.0272254e-16  -7.4226291e-17  -1.8094146e-18  7.6914297e-17  -1.4748587e-16  -2.1986393e-16  1.0000000   -1.9422991e-16  9.0538280e-17  6.7812347e-16  -2.1659219e-16  -1.8497099e-16  
1.7199095e-16  2.2312560e-16  -3.1911984e-16  -1.0768487e-15  1.8910207e-16  3.7040392e-16  2.9027940e-16  -2.7007491e-17  1.4530846e-16  -2.3652832e-16  1.2745105e-17  3.7463049e-16  2.0586769e-16  3.7437070e-17  -1.1751978e-16  -3.5892257e-16  -9.8660295e-16  -6.8020481e-17  4.7391891e-16  -5.0231969e-16  -2.8411342e-16  -9.9821754e-17  3.7088153e-16  2.6224059e-17  2.1837176e-17  -1.9422991e-16  1.0000000   7.9879158e-17  4.2065946e-16  9.4173914e-17  -5.3944092e-16  1.7199095e-16  2.2312560e-16  -3.1911984e-16  -1.0768487e-15  1.8910207e-16  3.7040392e-16  2.9027940e-16  -2.7007491e-17  1.4530846e-16  -2.3652832e-16  1.2745105e-17  3.7463049e-16  2.0586769e-16  3.7437070e-17  -1.1751978e-16  -3.5892257e-16  -9.8660295e-16  -6.8020481e-17  4.7391891e-16  -5.0231969e-16  -2.8411342e-16  -9.9821754e-17  3.7088153e-16  2.6224059e-17  2.1837176e-17  -1.9422991e-16  1.0000000   7.9879158e-17  4.2065946e-16  9.4173914e-17  -5.3944092e-16  
1.8947294e-16  -5.7694515e-16  2.5091027e-16  -3.9126910e-16  2.1429669e-17  -3.2261956e-17  -1.0979025e-16  1.7093430e-16  2.0292313e-16  -8.6736910e-16  -1.6894026e-17  5.3449751e-17  2.3645478e-16  4.7716965e-16  4.5449439e-16  7.0077858e-16  -1.4630038e-15  2.3639965e-16  8.0504916e-16  7.3353565e-16  -2.9547922e-16  1.3376148e-16  4.6852395e-16  -5.7200226e-16  8.1068184e-16  9.0538280e-17  7.9879158e-17  1.0000000   3.0047539e-16  -9.8656624e-18  -4.1657701e-16  1.8947294e-16  -5.7694515e-16  2.5091027e-16  -3.9126910e-16  2.1429669e-17  -3.2261956e-17  -1.0979025e-16  1.7093430e-16  2.0292313e-16  -8.6736910e-16  -1.6894026e-17  5.3449751e-17  2.3645478e-16  4.7716965e-16  4.5449439e-16  7.0077858e-16  -1.4630038e-15  2.3639965e-16  8.0504916e-16  7.3353565e-16  -2.9547922e-16  1.3376148e-16  4.6852395e-16  -5.7200226e-16  8.1068184e-16  9.0538280e-17  7.9879158e-17  1.0000000   3.0047539e-16  -9.8656624e-18  -4.1657701e-16  
1.0471471e-15  2.1279885e-17  -1.9387270e-16  1.2340064e-16  -6.8802588e-16  3.5219135e-16  -1.6385191e-17  1.8430283e-16  -9.3585269e-17  5.1421686e-17  3.5553560e-16  -5.1127081e-16  -4.2173211e-17  2.1229926e-16  1.1421444e-16  -3.5174809e-16  3.1794530e-17  5.5488438e-17  5.9422215e-16  9.2282022e-16  5.1851259e-16  1.4539731e-16  2.0404388e-16  -8.5082322e-16  1.1139822e-15  6.7812347e-16  4.2065946e-16  3.0047539e-16  1.0000000   -3.4462913e-16  -4.5732080e-16  1.0471471e-15  2.1279885e-17  -1.9387270e-16  1.2340064e-16  -6.8802588e-16  3.5219135e-16  -1.6385191e-17  1.8430283e-16  -9.3585269e-17  5.1421686e-17  3.5553560e-16  -5.1127081e-16  -4.2173211e-17  2.1229926e-16  1.1421444e-16  -3.5174809e-16  3.1794530e-17  5.5488438e-17  5.9422215e-16  9.2282022e-16  5.1851259e-16  1.4539731e-16  2.0404388e-16  -8.5082322e-16  1.1139822e-15  6.7812347e-16  4.2065946e-16  3.0047539e-16  1.0000000   -3.4462913e-16  -4.5732080e-16  
2.7641377e-16  -3.5594112e-16  -2.5931029e-16  2.4795466e-16  -4.4957379e-17  -1.0085554e-15  9.1997995e-16  -5.9721429e-17  -1.5447522e-16  -3.2372831e-16  9.2468659e-17  -4.2909808e-16  1.4798586e-16  2.8594292e-16  1.3230315e-16  8.5451934e-16  1.0167176e-17  -7.5234445e-16  2.4903828e-16  -1.2652657e-16  -1.0095996e-18  4.4276404e-16  4.4071198e-16  -1.3899511e-16  2.6970390e-16  -2.1659219e-16  9.4173914e-17  -9.8656624e-18  -3.4462913e-16  1.0000000   6.3815085e-16  2.7641377e-16  -3.5594112e-16  -2.5931029e-16  2.4795466e-16  -4.4957379e-17  -1.0085554e-15  9.1997995e-16  -5.9721429e-17  -1.5447522e-16  -3.2372831e-16  9.2468659e-17  -4.2909808e-16  1.4798586e-16  2.8594292e-16  1.3230315e-16  8.5451934e-16  1.0167176e-17  -7.5234445e-16  2.4903828e-16  -1.2652657e-16  -1.0095996e-18  4.4276404e-16  4.4071198e-16  -1.3899511e-16  2.6970390e-16  -2.1659219e-16  9.4173914e-17  -9.8656624e-18  -3.4462913e-16  1.0000000   6.3815085e-16  
4.8615761e-16  5.7728368e-16  3.8259296e-16  -1.0141275e-15  5.7437800e-16  1.1691483e-17  2.5697518e-16  7.2571994e-16  1.0787378e-15  -5.5886434e-16  -3.0325824e-16  -8.0040081e-16  5.1618266e-16  6.5614835e-17  -5.2229931e-16  -1.0561784e-15  -4.4901405e-16  -8.5570686e-16  6.2284817e-16  2.5029313e-17  3.9431869e-16  -2.5980610e-16  -2.8872028e-16  -4.4885823e-16  4.9836715e-16  -1.8497099e-16  -5.3944092e-16  -4.1657701e-16  -4.5732080e-16  6.3815085e-16  1.0000000   4.8615761e-16  5.7728368e-16  3.8259296e-16  -1.0141275e-15  5.7437800e-16  1.1691483e-17  2.5697518e-16  7.2571994e-16  1.0787378e-15  -5.5886434e-16  -3.0325824e-16  -8.0040081e-16  5.1618266e-16  6.5614835e-17  -5.2229931e-16  -1.0561784e-15  -4.4901405e-16  -8.5570686e-16  6.2284817e-16  2.5029313e-17  3.9431869e-16  -2.5980610e-16  -2.8872028e-16  -4.4885823e-16  4.9836715e-16  -1.8497099e-16  -5.3944092e-16  -4.1657701e-16  -4.5732080e-16  6.3815085e-16  1.0000000   
1.0000000   2.0842627e-17  9.6527306e-17  6.5506346e-16  2.6988270e-17  -4.9012965e-16  -3.4723646e-17  6.4091511e-17  -1.0631514e-15  5.3413538e-16  4.1354000e-16  2.3511983e-16  -6.1015237e-16  -4.9852548e-17  2.9668308e-16  5.3223705e-16  6.2557424e-16  8.7539899e-17  -1.1242292e-16  -1.3686955e-15  -5.7173174e-16  -1.4349966e-16  5.2952946e-17  2.2820961e-16  -1.4269887e-16  -2.0443834e-16  1.7199095e-16  1.8947294e-16  1.0471471e-15  2.7641377e-16  4.8615761e-16  1.0000000   2.0842627e-17  9.6527306e-17  6.5506346e-16  2.6988270e-17  -4.9012965e-16  -3.4723646e-17  6.4091511e-17  -1.0631514e-15  5.3413538e-16  4.1354000e-16  2.3511983e-16  -6.1015237e-16  -4.9852548e-17  2.9668308e-16  5.3223705e-16  6.2557424e-16  8.7539899e-17  -1.1242292e-16  -1.3686955e-15  -5.7173174e-16  -1.4349966e-16  5.2952946e-17  2.2820961e-16  -1.4269887e-16  -2.0443834e-16  1.7199095e-16  1.8947294e-16  1.0471471e-15  2.7641377e-16  4.8615761e-16  
2.0842627e-17  1.0000000   -1.5433067e-17  2.6353010e-16  1.8465378e-16  -8.4217793e-16  -2.7742996e-16  1.4765372e-18  -6.4293128e-16  -4.4769785e-16  2.9423036e-16  1.8717565e-16  9.6713944e-17  -3.5446002e-16  2.4227803e-17  1.7425980e-16  6.0103487e-17  -6.5862784e-16  7.3765315e-16  -2.5435542e-16  4.5750968e-17  -5.6544398e-16  -4.9832101e-16  5.2858357e-16  -1.2951684e-16  5.0718658e-16  2.2312560e-16  -5.7694515e-16  2.1279885e-17  -3.5594112e-16  5.7728368e-16  2.0842627e-17  1.0000000   -1.5433067e-17  2.6353010e-16  1.8465378e-16  -8.4217793e-16  -2.7742996e-16  1.4765372e-18  -6.4293128e-16  -4.4769785e-16  2.9423036e-16  1.8717565e-16  9.6713944e-17  -3.5446002e-16  2.4227803e-17  1.7425980e-16  6.0103487e-17  -6.5862784e-16  7.3765315e-16  -2.5435542e-16  4.5750968e-17  -5.6544398e-16  -4.9832101e-16  5.2858357e-16  -1.2951684e-16  5.0718658e-16  2.2312560e-16  -5.7694515e-16  2.1279885e-17  -3.5594112e-16  5.7728368e-16  
9.6527306e-17  -1.5433067e-17  1.0000000   -4.2582409e-17  -2.2623264e-16  5.7951165e-16  -6.0973547e-16  -5.8488275e-16  5.3643885e-16  5.7529201e-17  -1.1238665e-16  -7.5724940e-16  -1.3772675e-16  -1.4689131e-17  -3.1791846e-16  -1.4754043e-16  7.4478049e-17  9.4323977e-17  6.9915486e-16  1.0046572e-16  2.9212096e-16  1.8438103e-16  -8.0215397e-17  -1.0446735e-16  -5.0895417e-17  -5.5271212e-16  -3.1911984e-16  2.5091027e-16  -1.9387270e-16  -2.5931029e-16  3.8259296e-16  9.6527306e-17  -1.5433067e-17  1.0000000   -4.2582409e-17  -2.2623264e-16  5.7951165e-16  -6.0973547e-16  -5.8488275e-16  5.3643885e-16  5.7529201e-17  -1.1238665e-16  -7.5724940e-16  -1.3772675e-16  -1.4689131e-17  -3.1791846e-16  -1.4754043e-16  7.4478049e-17  9.4323977e-17  6.9915486e-16  1.0046572e-16  2.9212096e-16  1.8438103e-16  -8.0215397e-17  -1.0446735e-16  -5.0895417e-17  -5.5271212e-16  -3.1911984e-16  2.5091027e-16  -1.9387270e-16  -2.5931029e-16  3.8259296e-16  
6.5506346e-16  2.6353010e-16  -4.2582409e-17  1.0000000   -1.1462823e-16  8.1771872e-16  -4.5457613e-16  -1.4114635e-16  2.6466635e-16  2.5340764e-17  3.1104340e-16  -3.4583257e-16  -7.5508150e-17  4.5014654e-16  1.3769837e-16  -7.1751407e-17  1.1316452e-15  2.7805836e-16  1.0380994e-17  3.3464308e-16  -3.9290462e-16  -3.4801464e-16  -2.8111347e-16  -4.0994751e-16  -2.4208298e-17  6.4547233e-17  -1.0768487e-15  -3.9126910e-16  1.2340064e-16  2.4795466e-16  -1.0141275e-15  6.5506346e-16  2.6353010e-16  -4.2582409e-17  1.0000000   -1.1462823e-16  8.1771872e-16  -4.5457613e-16  -1.4114635e-16  2.6466635e-16  2.5340764e-17  3.1104340e-16  -3.4583257e-16  -7.5508150e-17  4.5014654e-16  1.3769837e-16  -7.1751407e-17  1.1316452e-15  2.7805836e-16  1.0380994e-17  3.3464308e-16  -3.9290462e-16  -3.4801464e-16  -2.8111347e-16  -4.0994751e-16  -2.4208298e-17  6.4547233e-17  -1.0768487e-15  -3.9126910e-16  1.2340064e-16  2.4795466e-16  -1.0141275e-15  
2.6988270e-17  1.8465378e-16  -2.2623264e-16  -1.1462823e-16  1.0000000   -2.8987848e-16  1.3124252e-16  4.6505471e-16  -2.0321515e-16  7.3950129e-16  1.0339857e-15  -1.7222191e-16  -2.4641753e-16  -1.0441374e-15  -6.3205433e-16  4.8999086e-16  4.3489497e-16  4.1757266e-16  -2.4950547e-18  -3.3089733e-16  1.1738812e-15  1.7103035e-16  3.8519388e-16  3.1441949e-16  -5.3253997e-17  -1.8288379e-16  1.8910207e-16  2.1429669e-17  -6.8802588e-16  -4.4957379e-17  5.7437800e-16  2.6988270e-17  1.8465378e-16  -2.2623264e-16  -1.1462823e-16  1.0000000   -2.8987848e-16  1.3124252e-16  4.6505471e-16  -2.0321515e-16  7.3950129e-16  1.0339857e-15  -1.7222191e-16  -2.4641753e-16  -1.0441374e-15  -6.3205433e-16  4.8999086e-16  4.3489497e-16  4.1757266e-16  -2.4950547e-18  -3.3089733e-16  1.1738812e-15  1.7103035e-16  3.8519388e-16  3.1441949e-16  -5.3253997e-17  -1.8288379e-16  1.8910207e-16  2.1429669e-17  -6.8802588e-16  -4.4957379e-17  5.7437800e-16  
-4.9012965e-16  -8.4217793e-16  5.7951165e-16  8.1771872e-16  -2.8987848e-16  1.0000000   -6.5769292e-17  4.8024932e-18  -1.4857717e-16  -2.5936184e-16  -1.0254505e-17  -1.0671621e-17  -1.8433581e-16  -2.4354345e-16  2.4329149e-16  -2.3107261e-16  -1.4624649e-16  2.8360953e-16  -5.2079278e-16  1.2761190e-16  -2.6009219e-16  1.5379033e-16  6.3765808e-17  -2.5606891e-16  -7.2332116e-16  -6.2503488e-17  3.7040392e-16  -3.2261956e-17  3.5219135e-16  -1.0085554e-15  1.1691483e-17  -4.9012965e-16  -8.4217793e-16  5.7951165e-16  8.1771872e-16  -2.8987848e-16  1.0000000   -6.5769292e-17  4.8024932e-18  -1.4857717e-16  -2.5936184e-16  -1.0254505e-17  -1.0671621e-17  -1.8433581e-16  -2.4354345e-16  2.4329149e-16  -2.3107261e-16  -1.4624649e-16  2.8360953e-16  -5.2079278e-16  1.2761190e-16  -2.6009219e-16  1.5379033e-16  6.3765808e-17  -2.5606891e-16  -7.2332116e-16  -6.2503488e-17  3.7040392e-16  -3.2261956e-17  3.5219135e-16  -1.0085554e-15  1.1691483e-17  
-3.4723646e-17  -2.7742996e-16  -6.0973547e-16  -4.5457613e-16  1.3124252e-16  -6.5769292e-17  1.0000000   -3.5343596e-16  -4.1520557e-16  -6.6597983e-16  3.4524160e-16  -2.1627504e-16  -5.1053139e-16  5.6526041e-16  -2.7177025e-16  1.6808102e-16  5.2246058e-17  -4.8144832e-16  -4.6085749e-16  1.4823232e-17  6.6050832e-16  -8.4169324e-16  -6.8944812e-16  -7.1439686e-17  -4.9965537e-17  8.3652696e-17  2.9027940e-16  -1.0979025e-16  -1.6385191e-17  9.1997995e-16  2.5697518e-16  -3.4723646e-17  -2.7742996e-16  -6.0973547e-16  -4.5457613e-16  1.3124252e-16  -6.5769292e-17  1.0000000   -3.5343596e-16  -4.1520557e-16  -6.6597983e-16  3.4524160e-16  -2.1627504e-16  -5.1053139e-16  5.6526041e-16  -2.7177025e-16  1.6808102e-16  5.2246058e-17  -4.8144832e-16  -4.6085749e-16  1.4823232e-17  6.6050832e-16  -8.4169324e-16  -6.8944812e-16  -7.1439686e-17  -4.9965537e-17  8.3652696e-17  2.9027940e-16  -1.0979025e-16  -1.6385191e-17  9.1997995e-16  2.5697518e-16  
6.4091511e-17  1.4765372e-18  -5.8488275e-16  -1.4114635e-16  4.6505471e-16  4.8024932e-18  -3.5343596e-16  1.0000000   -4.2862634e-16  -4.1089281e-16  -1.5856349e-16  4.0826267e-17  -5.4747710e-18  -1.2290632e-16  1.5238884e-16  -1.4221183e-16  3.0990237e-16  5.3422388e-17  4.5819996e-17  -1.9285776e-16  2.6772299e-16  -2.8851046e-16  -1.4884793e-16  -1.2582535e-16  -1.4892589e-16  -3.0953222e-16  -2.7007491e-17  1.7093430e-16  1.8430283e-16  -5.9721429e-17  7.2571994e-16  6.4091511e-17  1.4765372e-18  -5.8488275e-16  -1.4114635e-16  4.6505471e-16  4.8024932e-18  -3.5343596e-16  1.0000000   -4.2862634e-16  -4.1089281e-16  -1.5856349e-16  4.0826267e-17  -5.4747710e-18  -1.2290632e-16  1.5238884e-16  -1.4221183e-16  3.0990237e-16  5.3422388e-17  4.5819996e-17  -1.9285776e-16  2.6772299e-16  -2.8851046e-16  -1.4884793e-16  -1.2582535e-16  -1.4892589e-16  -3.0953222e-16  -2.7007491e-17  1.7093430e-16  1.8430283e-16  -5.9721429e-17  7.2571994e-16  
-1.0631514e-15  -6.4293128e-16  5.3643885e-16  2.6466635e-16  -2.0321515e-16  -1.4857717e-16  -4.1520557e-16  -4.2862634e-16  1.0000000   7.8003820e-17  -2.4694173e-16  5.4753896e-17  3.0627132e-16  -8.4791538e-17  -4.7304039e-16  -2.8712032e-16  6.2323604e-16  -2.3738915e-16  -4.0987906e-16  -7.7223453e-16  4.6611369e-16  1.8068429e-16  2.1613614e-16  9.4988380e-16  -1.7341599e-16  -4.5218930e-16  1.4530846e-16  2.0292313e-16  -9.3585269e-17  -1.5447522e-16  1.0787378e-15  -1.0631514e-15  -6.4293128e-16  5.3643885e-16  2.6466635e-16  -2.0321515e-16  -1.4857717e-16  -4.1520557e-16  -4.2862634e-16  1.0000000   7.8003820e-17  -2.4694173e-16  5.4753896e-17  3.0627132e-16  -8.4791538e-17  -4.7304039e-16  -2.8712032e-16  6.2323604e-16  -2.3738915e-16  -4.0987906e-16  -7.7223453e-16  4.6611369e-16  1.8068429e-16  2.1613614e-16  9.4988380e-16  -1.7341599e-16  -4.5218930e-16  1.4530846e-16  2.0292313e-16  -9.3585269e-17  -1.5447522e-16  1.0787378e-15  
5.3413538e-16  -4.4769785e-16  5.7529201e-17  2.5340764e-17  7.3950129e-16  -2.5936184e-16  -6.6597983e-16  -4.1089281e-16  7.8003820e-17  1.0000000   3.1544618e-16  -2.2264645e-16  4.6785664e-16  3.9200964e-16  -4.5159705e-16  -3.9185072e-16  -6.3810201e-17  -2.2474152e-16  4.5904685e-16  4.8793232e-16  -5.6029289e-16  1.1136719e-16  -5.1004133e-16  -2.6859691e-17  1.2103319e-16  -1.5433417e-16  -2.3652832e-16  -8.6736910e-16  5.1421686e-17  -3.2372831e-16  -5.5886434e-16  5.3413538e-16  -4.4769785e-16  5.7529201e-17  2.5340764e-17  7.3950129e-16  -2.5936184e-16  -6.6597983e-16  -4.1089281e-16  7.8003820e-17  1.0000000   3.1544618e-16  -2.2264645e-16  4.6785664e-16  3.9200964e-16  -4.5159705e-16  -3.9185072e-16  -6.3810201e-17  -2.2474152e-16  4.5904685e-16  4.8793232e-16  -5.6029289e-16  1.1136719e-16  -5.1004133e-16  -2.6859691e-17  1.2103319e-16  -1.5433417e-16  -2.3652832e-16  -8.6736910e-16  5.1421686e-17  -3.2372831e-16  -5.5886434e-16  
