1.0000000   -3.0521893e-16  -9.4220987e-16  9.5076050e-17  -9.8401105e-16  -1.0731427e-16  -4.7321668e-16  -4.2422178e-16  -7.8012695e-17  1.0023974e-16  3.5470787e-16  -2.8962846e-16  -3.6258183e-17  -2.8797771e-16  -3.4700176e-16  -1.7814499e-16  -4.7711880e-16  -9.5097332e-16  -8.4024080e-17  -6.7841396e-18  -6.0717050e-16  -7.9830238e-17  3.2990973e-16  -9.3529403e-16  3.6521564e-16  -2.4787020e-16  -3.9375198e-16  1.5604916e-16  -6.3188369e-16  -3.7791805e-16  -2.5118378e-17  1.0000000   -3.0521893e-16  -9.4220987e-16  9.5076050e-17  -9.8401105e-16  -1.0731427e-16  -4.7321668e-16  -4.2422178e-16  -7.8012695e-17  1.0023974e-16  3.5470787e-16  -2.8962846e-16  -3.6258183e-17  -2.8797771e-16  -3.4700176e-16  -1.7814499e-16  -4.7711880e-16  -9.5097332e-16  -8.4024080e-17  -6.7841396e-18  -6.0717050e-16  -7.9830238e-17  3.2990973e-16  -9.3529403e-16  3.6521564e-16  -2.4787020e-16  -3.9375198e-16  1.5604916e-16  -6.3188369e-16  -3.7791805e-16  -2.5118378e-17  
-3.0521893e-16  1.0000000   -1.6250886e-16  -4.4333919e-16  -3.3451436e-16  -4.4188415e-17  6.9593816e-16  1.5713896e-15  -1.0150493e-17  -2.8181457e-16  -7.3753891e-16  4.0970201e-16  -2.8087436e-16  -1.6896255e-16  -1.0444803e-15  -4.1594529e-16  1.2888747e-16  1.6737532e-15  -4.2586546e-16  7.6824026e-16  -2.8883368e-16  -1.1632766e-15  -2.3778479e-16  -2.9601064e-16  -1.4243039e-15  -1.4774356e-16  -8.6560841e-16  -2.6094389e-16  -1.7754284e-17  3.4203053e-16  -7.3379488e-16  -3.0521893e-16  1.0000000   -1.6250886e-16  -4.4333919e-16  -3.3451436e-16  -4.4188415e-17  6.9593816e-16  1.5713896e-15  -1.0150493e-17  -2.8181457e-16  -7.3753891e-16  4.0970201e-16  -2.8087436e-16  -1.6896255e-16  -1.0444803e-15  -4.1594529e-16  1.2888747e-16  1.6737532e-15  -4.2586546e-16  7.6824026e-16  -2.8883368e-16  -1.1632766e-15  -2.3778479e-16  -2.9601064e-16  -1.4243039e-15  -1.4774356e-16  -8.6560841e-16  -2.6094389e-16  -1.7754284e-17  3.4203053e-16  -7.3379488e-16  
-9.4220987e-16  -1.6250886e-16  1.0000000   4.5954580e-16  -1.5646269e-16  4.9140955e-16  1.0397496e-16  4.5460219e-16  -2.8062961e-16  -3.8872971e-16  4.0001750e-17  4.7830728e-16  3.1007786e-16  2.4853532e-16  4.2754090e-16  9.7632621e-17  4.2564749e-16  3.6593792e-16  -3.4854384e-16  -3.1958438e-16  -2.0618580e-16  -1.8959145e-16  2.9601681e-16  -1.5962133e-16  -1.6213700e-16  3.2710858e-16  -4.9234292e-16  2.1209425e-16  1.1331798e-15  -4.2984386e-16  5.6544627e-16  -9.4220987e-16  -1.6250886e-16  1.0000000   4.5954580e-16  -1.5646269e-16  4.9140955e-16  1.0397496e-16  4.5460219e-16  -2.8062961e-16  -3.8872971e-16  4.0001750e-17  4.7830728e-16  3.1007786e-16  2.4853532e-16  4.2754090e-16  9.7632621e-17  4.2564749e-16  3.6593792e-16  -3.4854384e-16  -3.1958438e-16  -2.0618580e-16  -1.8959145e-16  2.9601681e-16  -1.5962133e-16  -1.6213700e-16  3.2710858e-16  -4.9234292e-16  2.1209425e-16  1.1331798e-15  -4.2984386e-16  5.6544627e-16  
9.5076050e-17  -4.4333919e-16  4.5954580e-16  1.0000000   6.9566397e-16  -4.1595942e-16  -2.9236711e-16  8.8284918e-16  7.8892498e-16  1.1301058e-16  2.2326624e-17  -1.2090740e-16  9.5399081e-17  -9.0603354e-16  -1.1225308e-15  -5.0583349e-16  -3.2181289e-16  6.2197116e-18  3.0771147e-16  2.1323431e-16  8.4084071e-17  -6.1641379e-16  9.6499984e-17  1.2917950e-16  -4.0664407e-16  1.0725859e-16  -7.5184193e-16  7.5504500e-17  -1.6852652e-16  -9.2069798e-16  -3.9433572e-16  9.5076050e-17  -4.4333919e-16  4.5954580e-16  1.0000000   6.9566397e-16  -4.1595942e-16  -2.9236711e-16  8.8284918e-16  7.8892498e-16  1.1301058e-16  2.2326624e-17  -1.2090740e-16  9.5399081e-17  -9.0603354e-16  -1.1225308e-15  -5.0583349e-16  -3.2181289e-16  6.2197116e-18  3.0771147e-16  2.1323431e-16  8.4084071e-17  -6.1641379e-16  9.6499984e-17  1.2917950e-16  -4.0664407e-16  1.0725859e-16  -7.5184193e-16  7.5504500e-17  -1.6852652e-16  -9.2069798e-16  -3.9433572e-16  
-9.8401105e-16  -3.3451436e-16  -1.5646269e-16  6.9566397e-16  1.0000000   -4.4126841e-16  -1.1029481e-15  -5.1216056e-16  6.7921194e-16  6.9515130e-17  5.5110120e-16  -1.6508779e-15  -2.8439624e-16  -2.6344730e-16  -2.2672879e-16  6.0806266e-16  2.1714315e-16  4.0539388e-16  -5.8601542e-16  -1.8409307e-16  4.8814600e-16  -8.6544049e-16  -3.5603921e-16  3.4683375e-16  9.7186509e-18  3.5048797e-16  -7.7588537e-16  -4.2659407e-16  8.9211141e-17  -7.0846682e-16  2.6393277e-16  -9.8401105e-16  -3.3451436e-16  -1.5646269e-16  6.9566397e-16  1.0000000   -4.4126841e-16  -1.1029481e-15  -5.1216056e-16  6.7921194e-16  6.9515130e-17  5.5110120e-16  -1.6508779e-15  -2.8439624e-16  -2.6344730e-16  -2.2672879e-16  6.0806266e-16  2.1714315e-16  4.0539388e-16  -5.8601542e-16  -1.8409307e-16  4.8814600e-16  -8.6544049e-16  -3.5603921e-16  3.4683375e-16  9.7186509e-18  3.5048797e-16  -7.7588537e-16  -4.2659407e-16  8.9211141e-17  -7.0846682e-16  2.6393277e-16  
-1.0731427e-16  -4.4188415e-17  4.9140955e-16  -4.1595942e-16  -4.4126841e-16  1.0000000   -1.8092187e-16  2.0676875e-16  -4.8432339e-16  7.2181444e-17  -4.4836777e-16  -2.6295337e-16  9.9224384e-17  4.8873468e-16  5.1027292e-16  -2.1026307e-16  5.5059795e-17  1.9630020e-16  -3.2717738e-16  -7.8299391e-17  -5.8235549e-16  1.3535193e-16  3.6434770e-17  -8.0783862e-17  3.6509082e-16  7.0983701e-16  5.7284986e-16  -4.5350458e-16  3.3009202e-16  -2.4385781e-16  4.7855593e-16  -1.0731427e-16  -4.4188415e-17  4.9140955e-16  -4.1595942e-16  -4.4126841e-16  1.0000000   -1.8092187e-16  2.0676875e-16  -4.8432339e-16  7.2181444e-17  -4.4836777e-16  -2.6295337e-16  9.9224384e-17  4.8873468e-16  5.1027292e-16  -2.1026307e-16  5.5059795e-17  1.9630020e-16  -3.2717738e-16  -7.8299391e-17  -5.8235549e-16  1.3535193e-16  3.6434770e-17  -8.0783862e-17  3.6509082e-16  7.0983701e-16  5.7284986e-16  -4.5350458e-16  3.3009202e-16  -2.4385781e-16  4.7855593e-16  
-4.7321668e-16  6.9593816e-16  1.0397496e-16  -2.9236711e-16  -1.1029481e-15  -1.8092187e-16  1.0000000   -2.5993772e-16  -5.3367793e-16  -1.8259207e-16  5.8666127e-17  4.8057144e-16  -9.8199868e-16  5.0331256e-16  3.3860140e-16  -9.2774837e-16  -4.7881704e-16  -4.0146637e-17  2.3249844e-16  -2.6338557e-16  -5.4716638e-16  6.9420677e-16  -2.5303057e-16  -1.6364258e-16  -8.3183300e-16  -6.9451056e-16  3.7302905e-16  -2.3340997e-16  4.5526233e-16  1.2155270e-15  2.7253122e-16  -4.7321668e-16  6.9593816e-16  1.0397496e-16  -2.9236711e-16  -1.1029481e-15  -1.8092187e-16  1.0000000   -2.5993772e-16  -5.3367793e-16  -1.8259207e-16  5.8666127e-17  4.8057144e-16  -9.8199868e-16  5.0331256e-16  3.3860140e-16  -9.2774837e-16  -4.7881704e-16  -4.0146637e-17  2.3249844e-16  -2.6338557e-16  -5.4716638e-16  6.9420677e-16  -2.5303057e-16  -1.6364258e-16  -8.3183300e-16  -6.9451056e-16  3.7302905e-16  -2.3340997e-16  4.5526233e-16  1.2155270e-15  2.7253122e-16  
-4.2422178e-16  1.5713896e-15  4.5460219e-16  8.8284918e-16  -5.1216056e-16  2.0676875e-16  -2.5993772e-16  1.0000000   2.6715539e-16  -7.6672951e-16  -4.3717400e-16  2.8947326e-16  -5.6891233e-17  -6.4286480e-16  -5.8563585e-16  -2.6806997e-16  6.2740562e-16  1.4363613e-15  -1.4002407e-16  -9.0973035e-17  6.0565917e-16  -1.5145754e-15  -9.9202483e-17  -6.7635895e-18  -5.3905816e-16  6.7630008e-16  -5.3408451e-16  1.1998127e-16  -7.9567092e-16  3.2492262e-17  -1.8834230e-16  -4.2422178e-16  1.5713896e-15  4.5460219e-16  8.8284918e-16  -5.1216056e-16  2.0676875e-16  -2.5993772e-16  1.0000000   2.6715539e-16  -7.6672951e-16  -4.3717400e-16  2.8947326e-16  -5.6891233e-17  -6.4286480e-16  -5.8563585e-16  -2.6806997e-16  6.2740562e-16  1.4363613e-15  -1.4002407e-16  -9.0973035e-17  6.0565917e-16  -1.5145754e-15  -9.9202483e-17  -6.7635895e-18  -5.3905816e-16  6.7630008e-16  -5.3408451e-16  1.1998127e-16  -7.9567092e-16  3.2492262e-17  -1.8834230e-16  
-7.8012695e-17  -1.0150493e-17  -2.8062961e-16  7.8892498e-16  6.7921194e-16  -4.8432339e-16  -5.3367793e-16  2.6715539e-16  1.0000000   -1.0077556e-16  2.9632081e-16  3.3189739e-16  -5.8519438e-16  -7.0575386e-16  -3.1556225e-16  -1.1925882e-16  -3.6294966e-16  -4.6355522e-16  2.8948636e-16  9.0003746e-17  1.4175895e-16  1.1955968e-15  4.5628609e-17  -5.2022863e-16  -1.3782810e-16  7.5477822e-17  -1.3141661e-16  7.8932818e-17  2.2499183e-16  -1.3317591e-15  5.3800906e-16  -7.8012695e-17  -1.0150493e-17  -2.8062961e-16  7.8892498e-16  6.7921194e-16  -4.8432339e-16  -5.3367793e-16  2.6715539e-16  1.0000000   -1.0077556e-16  2.9632081e-16  3.3189739e-16  -5.8519438e-16  -7.0575386e-16  -3.1556225e-16  -1.1925882e-16  -3.6294966e-16  -4.6355522e-16  2.8948636e-16  9.0003746e-17  1.4175895e-16  1.1955968e-15  4.5628609e-17  -5.2022863e-16  -1.3782810e-16  7.5477822e-17  -1.3141661e-16  7.8932818e-17  2.2499183e-16  -1.3317591e-15  5.3800906e-16  
1.0023974e-16  -2.8181457e-16  -3.8872971e-16  1.1301058e-16  6.9515130e-17  7.2181444e-17  -1.8259207e-16  -7.6672951e-16  -1.0077556e-16  1.0000000   -4.8494090e-17  1.4419065e-16  1.2115821e-16  -1.5000907e-16  8.4047721e-17  -2.5109848e-17  -4.8812292e-16  5.3745176e-16  -5.1549344e-16  -3.9444710e-16  -2.5745081e-16  -1.3756662e-16  3.3748686e-16  7.8396057e-17  -3.4110505e-16  -2.4894848e-16  -6.3349085e-17  -3.8596814e-16  4.0032966e-16  4.6897735e-16  -2.0078405e-16  1.0023974e-16  -2.8181457e-16  -3.8872971e-16  1.1301058e-16  6.9515130e-17  7.2181444e-17  -1.8259207e-16  -7.6672951e-16  -1.0077556e-16  1.0000000   -4.8494090e-17  1.4419065e-16  1.2115821e-16  -1.5000907e-16  8.4047721e-17  -2.5109848e-17  -4.8812292e-16  5.3745176e-16  -5.1549344e-16  -3.9444710e-16  -2.5745081e-16  -1.3756662e-16  3.3748686e-16  7.8396057e-17  -3.4110505e-16  -2.4894848e-16  -6.3349085e-17  -3.8596814e-16  4.0032966e-16  4.6897735e-16  -2.0078405e-16  
3.5470787e-16  -7.3753891e-16  4.0001750e-17  2.2326624e-17  5.5110120e-16  -4.4836777e-16  5.8666127e-17  -4.3717400e-16  2.9632081e-16  -4.8494090e-17  1.0000000   7.3615029e-16  -2.7683841e-16  -2.7741109e-16  -1.5425308e-16  -2.0247683e-16  -6.6220852e-16  -8.9583463e-16  5.0080943e-16  -2.3002217e-16  -3.7389709e-17  4.8890679e-16  9.2914181e-17  2.9212115e-16  1.6091242e-16  1.2739119e-15  1.9325177e-16  -7.4944600e-16  4.9998481e-16  -4.9350960e-16  1.2736948e-15  3.5470787e-16  -7.3753891e-16  4.0001750e-17  2.2326624e-17  5.5110120e-16  -4.4836777e-16  5.8666127e-17  -4.3717400e-16  2.9632081e-16  -4.8494090e-17  1.0000000   7.3615029e-16  -2.7683841e-16  -2.7741109e-16  -1.5425308e-16  -2.0247683e-16  -6.6220852e-16  -8.9583463e-16  5.0080943e-16  -2.3002217e-16  -3.7389709e-17  4.8890679e-16  9.2914181e-17  2.9212115e-16  1.6091242e-16  1.2739119e-15  1.9325177e-16  -7.4944600e-16  4.9998481e-16  -4.9350960e-16  1.2736948e-15  
-2.8962846e-16  4.0970201e-16  4.7830728e-16  -1.2090740e-16  -1.6508779e-15  -2.6295337e-16  4.8057144e-16  2.8947326e-16  3.3189739e-16  1.4419065e-16  7.3615029e-16  1.0000000   -1.6250889e-16  4.1785486e-16  -6.7123475e-17  6.8535629e-16  2.6581627e-16  -1.3482275e-16  -3.6855418e-16  2.2416240e-16  -7.1227791e-17  5.8387686e-16  -5.9779615e-16  3.0904724e-16  2.8395186e-16  -2.7032666e-16  4.8861967e-16  -3.9402758e-16  -3.0366674e-16  4.7132539e-16  -3.3032135e-16  -2.8962846e-16  4.0970201e-16  4.7830728e-16  -1.2090740e-16  -1.6508779e-15  -2.6295337e-16  4.8057144e-16  2.8947326e-16  3.3189739e-16  1.4419065e-16  7.3615029e-16  1.0000000   -1.6250889e-16  4.1785486e-16  -6.7123475e-17  6.8535629e-16  2.6581627e-16  -1.3482275e-16  -3.6855418e-16  2.2416240e-16  -7.1227791e-17  5.8387686e-16  -5.9779615e-16  3.0904724e-16  2.8395186e-16  -2.7032666e-16  4.8861967e-16  -3.9402758e-16  -3.0366674e-16  4.7132539e-16  -3.3032135e-16  
-3.6258183e-17  -2.8087436e-16  3.1007786e-16  9.5399081e-17  -2.8439624e-16  9.9224384e-17  -9.8199868e-16  -5.6891233e-17  -5.8519438e-16  1.2115821e-16  -2.7683841e-16  -1.6250889e-16  1.0000000   -6.2280759e-16  5.6845747e-16  -5.5223222e-16  -1.3237067e-16  3.2465473e-17  2.5339005e-16  3.1482196e-17  5.6391532e-16  2.5753367e-17  -1.1022112e-16  -4.7281617e-17  -4.6443141e-17  -4.1649720e-16  -2.2276643e-16  -2.1107505e-17  -1.0761462e-15  5.0786527e-17  -5.8675977e-16  -3.6258183e-17  -2.8087436e-16  3.1007786e-16  9.5399081e-17  -2.8439624e-16  9.9224384e-17  -9.8199868e-16  -5.6891233e-17  -5.8519438e-16  1.2115821e-16  -2.7683841e-16  -1.6250889e-16  1.0000000   -6.2280759e-16  5.6845747e-16  -5.5223222e-16  -1.3237067e-16  3.2465473e-17  2.5339005e-16  3.1482196e-17  5.6391532e-16  2.5753367e-17  -1.1022112e-16  -4.7281617e-17  -4.6443141e-17  -4.1649720e-16  -2.2276643e-16  -2.1107505e-17  -1.0761462e-15  5.0786527e-17  -5.8675977e-16  
-2.8797771e-16  -1.6896255e-16  2.4853532e-16  -9.0603354e-16  -2.6344730e-16  4.8873468e-16  5.0331256e-16  -6.4286480e-16  -7.0575386e-16  -1.5000907e-16  -2.7741109e-16  4.1785486e-16  -6.2280759e-16  1.0000000   1.4813564e-16  2.6906558e-16  1.0763766e-16  -1.3515497e-15  -8.4091593e-17  -8.2301641e-16  -4.8998027e-16  4.0193735e-16  -4.0591557e-17  -1.3323481e-15  4.6148312e-16  -3.2862078e-16  7.1554769e-16  2.8070723e-16  1.5118150e-16  6.4108869e-16  1.6500554e-16  -2.8797771e-16  -1.6896255e-16  2.4853532e-16  -9.0603354e-16  -2.6344730e-16  4.8873468e-16  5.0331256e-16  -6.4286480e-16  -7.0575386e-16  -1.5000907e-16  -2.7741109e-16  4.1785486e-16  -6.2280759e-16  1.0000000   1.4813564e-16  2.6906558e-16  1.0763766e-16  -1.3515497e-15  -8.4091593e-17  -8.2301641e-16  -4.8998027e-16  4.0193735e-16  -4.0591557e-17  -1.3323481e-15  4.6148312e-16  -3.2862078e-16  7.1554769e-16  2.8070723e-16  1.5118150e-16  6.4108869e-16  1.6500554e-16  
-3.4700176e-16  -1.0444803e-15  4.2754090e-16  -1.1225308e-15  -2.2672879e-16  5.1027292e-16  3.3860140e-16  -5.8563585e-16  -3.1556225e-16  8.4047721e-17  -1.5425308e-16  -6.7123475e-17  5.6845747e-16  1.4813564e-16  1.0000000   -2.5752942e-16  7.5955054e-16  -6.5122860e-16  6.4499822e-18  -4.6324292e-16  1.4904366e-16  1.4473146e-16  3.7160287e-16  4.7793458e-16  7.1274589e-16  -7.4614885e-16  1.1129150e-16  3.8466677e-16  -2.0287249e-16  4.6626123e-16  6.9688335e-16  -3.4700176e-16  -1.0444803e-15  4.2754090e-16  -1.1225308e-15  -2.2672879e-16  5.1027292e-16  3.3860140e-16  -5.8563585e-16  -3.1556225e-16  8.4047721e-17  -1.5425308e-16  -6.7123475e-17  5.6845747e-16  1.4813564e-16  1.0000000   -2.5752942e-16  7.5955054e-16  -6.5122860e-16  6.4499822e-18  -4.6324292e-16  1.4904366e-16  1.4473146e-16  3.7160287e-16  4.7793458e-16  7.1274589e-16  -7.4614885e-16  1.1129150e-16  3.8466677e-16  -2.0287249e-16  4.6626123e-16  6.9688335e-16  
-1.7814499e-16  -4.1594529e-16  9.7632621e-17  -5.0583349e-16  6.0806266e-16  -2.1026307e-16  -9.2774837e-16  -2.6806997e-16  -1.1925882e-16  -2.5109848e-17  -2.0247683e-16  6.8535629e-16  -5.5223222e-16  2.6906558e-16  -2.5752942e-16  1.0000000   -8.5242147e-17  4.7433573e-16  4.7986714e-16  -4.6338975e-16  -2.1133512e-16  7.2872801e-17  2.1763919e-16  1.2444015e-16  -2.0279113e-16  -3.1644608e-16  4.2941321e-17  5.8154816e-16  3.2365339e-16  5.9638886e-16  -7.7158807e-16  -1.7814499e-16  -4.1594529e-16  9.7632621e-17  -5.0583349e-16  6.0806266e-16  -2.1026307e-16  -9.2774837e-16  -2.6806997e-16  -1.1925882e-16  -2.5109848e-17  -2.0247683e-16  6.8535629e-16  -5.5223222e-16  2.6906558e-16  -2.5752942e-16  1.0000000   -8.5242147e-17  4.7433573e-16  4.7986714e-16  -4.6338975e-16  -2.1133512e-16  7.2872801e-17  2.1763919e-16  1.2444015e-16  -2.0279113e-16  -3.1644608e-16  4.2941321e-17  5.8154816e-16  3.2365339e-16  5.9638886e-16  -7.7158807e-16  
-4.7711880e-16  1.2888747e-16  4.2564749e-16  -3.2181289e-16  2.1714315e-16  5.5059795e-17  -4.7881704e-16  6.2740562e-16  -3.6294966e-16  -4.8812292e-16  -6.6220852e-16  2.6581627e-16  -1.3237067e-16  1.0763766e-16  7.5955054e-16  -8.5242147e-17  1.0000000   7.8087703e-16  -1.6046134e-16  -3.0658865e-16  5.1784631e-17  -7.2996746e-16  -3.3140268e-16  -1.8912591e-17  -2.7755315e-16  -3.8293228e-16  -7.4795483e-16  4.7238542e-16  4.8711611e-16  3.7838531e-16  -1.3135183e-16  -4.7711880e-16  1.2888747e-16  4.2564749e-16  -3.2181289e-16  2.1714315e-16  5.5059795e-17  -4.7881704e-16  6.2740562e-16  -3.6294966e-16  -4.8812292e-16  -6.6220852e-16  2.6581627e-16  -1.3237067e-16  1.0763766e-16  7.5955054e-16  -8.5242147e-17  1.0000000   7.8087703e-16  -1.6046134e-16  -3.0658865e-16  5.1784631e-17  -7.2996746e-16  -3.3140268e-16  -1.8912591e-17  -2.7755315e-16  -3.8293228e-16  -7.4795483e-16  4.7238542e-16  4.8711611e-16  3.7838531e-16  -1.3135183e-16  
-9.5097332e-16  1.6737532e-15  3.6593792e-16  6.2197116e-18  4.0539388e-16  1.9630020e-16  -4.0146637e-17  1.4363613e-15  -4.6355522e-16  5.3745176e-16  -8.9583463e-16  -1.3482275e-16  3.2465473e-17  -1.3515497e-15  -6.5122860e-16  4.7433573e-16  7.8087703e-16  1.0000000   -1.5092799e-16  4.1797259e-16  -4.8273316e-17  -9.2905963e-16  -9.9406744e-17  -3.8706864e-16  -6.0650487e-16  -1.0739142e-16  -2.2119452e-16  3.8303269e-17  1.9102432e-16  -2.3643246e-16  -7.0688169e-16  -9.5097332e-16  1.6737532e-15  3.6593792e-16  6.2197116e-18  4.0539388e-16  1.9630020e-16  -4.0146637e-17  1.4363613e-15  -4.6355522e-16  5.3745176e-16  -8.9583463e-16  -1.3482275e-16  3.2465473e-17  -1.3515497e-15  -6.5122860e-16  4.7433573e-16  7.8087703e-16  1.0000000   -1.5092799e-16  4.1797259e-16  -4.8273316e-17  -9.2905963e-16  -9.9406744e-17  -3.8706864e-16  -6.0650487e-16  -1.0739142e-16  -2.2119452e-16  3.8303269e-17  1.9102432e-16  -2.3643246e-16  -7.0688169e-16  
-8.4024080e-17  -4.2586546e-16  -3.4854384e-16  3.0771147e-16  -5.8601542e-16  -3.2717738e-16  2.3249844e-16  -1.4002407e-16  2.8948636e-16  -5.1549344e-16  5.0080943e-16  -3.6855418e-16  2.5339005e-16  -8.4091593e-17  6.4499822e-18  4.7986714e-16  -1.6046134e-16  -1.5092799e-16  1.0000000   -3.5866618e-16  -3.7475061e-16  -6.5009167e-17  -4.9364208e-16  3.6489978e-16  -2.2409395e-17  -3.6324299e-17  2.9156099e-16  1.0074565e-16  -3.0814142e-16  -1.0223421e-15  6.2485724e-16  -8.4024080e-17  -4.2586546e-16  -3.4854384e-16  3.0771147e-16  -5.8601542e-16  -3.2717738e-16  2.3249844e-16  -1.4002407e-16  2.8948636e-16  -5.1549344e-16  5.0080943e-16  -3.6855418e-16  2.5339005e-16  -8.4091593e-17  6.4499822e-18  4.7986714e-16  -1.6046134e-16  -1.5092799e-16  1.0000000   -3.5866618e-16  -3.7475061e-16  -6.5009167e-17  -4.9364208e-16  3.6489978e-16  -2.2409395e-17  -3.6324299e-17  2.9156099e-16  1.0074565e-16  -3.0814142e-16  -1.0223421e-15  6.2485724e-16  
-6.7841396e-18  7.6824026e-16  -3.1958438e-16  2.1323431e-16  -1.8409307e-16  -7.8299391e-17  -2.6338557e-16  -9.0973035e-17  9.0003746e-17  -3.9444710e-16  -2.3002217e-16  2.2416240e-16  3.1482196e-17  -8.2301641e-16  -4.6324292e-16  -4.6338975e-16  -3.0658865e-16  4.1797259e-16  -3.5866618e-16  1.0000000   2.8033786e-16  -6.2622498e-16  -1.6412029e-16  -3.1575988e-16  -5.9350976e-16  -1.9144693e-16  -3.9249621e-16  1.7948724e-16  -7.8646904e-16  -2.5355329e-16  -1.6263752e-16  -6.7841396e-18  7.6824026e-16  -3.1958438e-16  2.1323431e-16  -1.8409307e-16  -7.8299391e-17  -2.6338557e-16  -9.0973035e-17  9.0003746e-17  -3.9444710e-16  -2.3002217e-16  2.2416240e-16  3.1482196e-17  -8.2301641e-16  -4.6324292e-16  -4.6338975e-16  -3.0658865e-16  4.1797259e-16  -3.5866618e-16  1.0000000   2.8033786e-16  -6.2622498e-16  -1.6412029e-16  -3.1575988e-16  -5.9350976e-16  -1.9144693e-16  -3.9249621e-16  1.7948724e-16  -7.8646904e-16  -2.5355329e-16  -1.6263752e-16  
-6.0717050e-16  -2.8883368e-16  -2.0618580e-16  8.4084071e-17  4.8814600e-16  -5.8235549e-16  -5.4716638e-16  6.0565917e-16  1.4175895e-16  -2.5745081e-16  -3.7389709e-17  -7.1227791e-17  5.6391532e-16  -4.8998027e-16  1.4904366e-16  -2.1133512e-16  5.1784631e-17  -4.8273316e-17  -3.7475061e-16  2.8033786e-16  1.0000000   -6.1536492e-16  -4.3697702e-16  -4.4400231e-16  2.3490773e-16  -2.5002655e-16  3.5257373e-16  -2.0458763e-16  -4.8509996e-16  -2.2764505e-16  -1.8574824e-16  -6.0717050e-16  -2.8883368e-16  -2.0618580e-16  8.4084071e-17  4.8814600e-16  -5.8235549e-16  -5.4716638e-16  6.0565917e-16  1.4175895e-16  -2.5745081e-16  -3.7389709e-17  -7.1227791e-17  5.6391532e-16  -4.8998027e-16  1.4904366e-16  -2.1133512e-16  5.1784631e-17  -4.8273316e-17  -3.7475061e-16  2.8033786e-16  1.0000000   -6.1536492e-16  -4.3697702e-16  -4.4400231e-16  2.3490773e-16  -2.5002655e-16  3.5257373e-16  -2.0458763e-16  -4.8509996e-16  -2.2764505e-16  -1.8574824e-16  
-7.9830238e-17  -1.1632766e-15  -1.8959145e-16  -6.1641379e-16  -8.6544049e-16  1.3535193e-16  6.9420677e-16  -1.5145754e-15  1.1955968e-15  -1.3756662e-16  4.8890679e-16  5.8387686e-16  2.5753367e-17  4.0193735e-16  1.4473146e-16  7.2872801e-17  -7.2996746e-16  -9.2905963e-16  -6.5009167e-17  -6.2622498e-16  -6.1536492e-16  1.0000000   3.4928914e-16  -1.3928539e-16  8.3848108e-16  -7.7736807e-16  9.2569953e-16  6.9359761e-17  9.8135596e-16  8.4195152e-16  5.4426302e-16  -7.9830238e-17  -1.1632766e-15  -1.8959145e-16  -6.1641379e-16  -8.6544049e-16  1.3535193e-16  6.9420677e-16  -1.5145754e-15  1.1955968e-15  -1.3756662e-16  4.8890679e-16  5.8387686e-16  2.5753367e-17  4.0193735e-16  1.4473146e-16  7.2872801e-17  -7.2996746e-16  -9.2905963e-16  -6.5009167e-17  -6.2622498e-16  -6.1536492e-16  1.0000000   3.4928914e-16  -1.3928539e-16  8.3848108e-16  -7.7736807e-16  9.2569953e-16  6.9359761e-17  9.8135596e-16  8.4195152e-16  5.4426302e-16  
3.2990973e-16  -2.3778479e-16  2.9601681e-16  9.6499984e-17  -3.5603921e-16  3.6434770e-17  -2.5303057e-16  -9.9202483e-17  4.5628609e-17  3.3748686e-16  9.2914181e-17  -5.9779615e-16  -1.1022112e-16  -4.0591557e-17  3.7160287e-16  2.1763919e-16  -3.3140268e-16  -9.9406744e-17  -4.9364208e-16  -1.6412029e-16  -4.3697702e-16  3.4928914e-16  1.0000000   8.8104160e-17  -4.2798775e-16  -3.1947363e-16  -8.0391225e-17  -2.3463622e-16  3.8747297e-16  -3.4640779e-17  4.1801255e-16  3.2990973e-16  -2.3778479e-16  2.9601681e-16  9.6499984e-17  -3.5603921e-16  3.6434770e-17  -2.5303057e-16  -9.9202483e-17  4.5628609e-17  3.3748686e-16  9.2914181e-17  -5.9779615e-16  -1.1022112e-16  -4.0591557e-17  3.7160287e-16  2.1763919e-16  -3.3140268e-16  -9.9406744e-17  -4.9364208e-16  -1.6412029e-16  -4.3697702e-16  3.4928914e-16  1.0000000   8.8104160e-17  -4.2798775e-16  -3.1947363e-16  -8.0391225e-17  -2.3463622e-16  3.8747297e-16  -3.4640779e-17  4.1801255e-16  
-9.3529403e-16  -2.9601064e-16  -1.5962133e-16  1.2917950e-16  3.4683375e-16  -8.0783862e-17  -1.6364258e-16  -6.7635895e-18  -5.2022863e-16  7.8396057e-17  2.9212115e-16  3.0904724e-16  -4.7281617e-17  -1.3323481e-15  4.7793458e-16  1.2444015e-16  -1.8912591e-17  -3.8706864e-16  3.6489978e-16  -3.1575988e-16  -4.4400231e-16  -1.3928539e-16  8.8104160e-17  1.0000000   2.6129140e-16  7.6106063e-17  -6.6009172e-17  1.6430807e-16  -5.5205824e-16  -2.8277896e-16  5.5213986e-16  -9.3529403e-16  -2.9601064e-16  -1.5962133e-16  1.2917950e-16  3.4683375e-16  -8.0783862e-17  -1.6364258e-16  -6.7635895e-18  -5.2022863e-16  7.8396057e-17  2.9212115e-16  3.0904724e-16  -4.7281617e-17  -1.3323481e-15  4.7793458e-16  1.2444015e-16  -1.8912591e-17  -3.8706864e-16  3.6489978e-16  -3.1575988e-16  -4.4400231e-16  -1.3928539e-16  8.8104160e-17  1.0000000   2.6129140e-16  7.6106063e-17  -6.6009172e-17  1.6430807e-16  -5.5205824e-16  -2.8277896e-16  5.5213986e-16  
3.6521564e-16  -1.4243039e-15  -1.6213700e-16  -4.0664407e-16  9.7186509e-18  3.6509082e-16  -8.3183300e-16  -5.3905816e-16  -1.3782810e-16  -3.4110505e-16  1.6091242e-16  2.8395186e-16  -4.6443141e-17  4.6148312e-16  7.1274589e-16  -2.0279113e-16  -2.7755315e-16  -6.0650487e-16  -2.2409395e-17  -5.9350976e-16  2.3490773e-16  8.3848108e-16  -4.2798775e-16  2.6129140e-16  1.0000000   8.2360041e-17  4.5052059e-16  3.7435002e-16  1.9247134e-16  3.0877627e-17  3.9998792e-16  3.6521564e-16  -1.4243039e-15  -1.6213700e-16  -4.0664407e-16  9.7186509e-18  3.6509082e-16  -8.3183300e-16  -5.3905816e-16  -1.3782810e-16  -3.4110505e-16  1.6091242e-16  2.8395186e-16  -4.6443141e-17  4.6148312e-16  7.1274589e-16  -2.0279113e-16  -2.7755315e-16  -6.0650487e-16  -2.2409395e-17  -5.9350976e-16  2.3490773e-16  8.3848108e-16  -4.2798775e-16  2.6129140e-16  1.0000000   8.2360041e-17  4.5052059e-16  3.7435002e-16  1.9247134e-16  3.0877627e-17  3.9998792e-16  
-2.4787020e-16  -1.4774356e-16  3.2710858e-16  1.0725859e-16  3.5048797e-16  7.0983701e-16  -6.9451056e-16  6.7630008e-16  7.5477822e-17  -2.4894848e-16  1.2739119e-15  -2.7032666e-16  -4.1649720e-16  -3.2862078e-16  -7.4614885e-16  -3.1644608e-16  -3.8293228e-16  -1.0739142e-16  -3.6324299e-17  -1.9144693e-16  -2.5002655e-16  -7.7736807e-16  -3.1947363e-16  7.6106063e-17  8.2360041e-17  1.0000000   5.5044377e-17  2.2312481e-16  -2.7004278e-16  -9.7599678e-16  -6.9844157e-16  -2.4787020e-16  -1.4774356e-16  3.2710858e-16  1.0725859e-16  3.5048797e-16  7.0983701e-16  -6.9451056e-16  6.7630008e-16  7.5477822e-17  -2.4894848e-16  1.2739119e-15  -2.7032666e-16  -4.1649720e-16  -3.2862078e-16  -7.4614885e-16  -3.1644608e-16  -3.8293228e-16  -1.0739142e-16  -3.6324299e-17  -1.9144693e-16  -2.5002655e-16  -7.7736807e-16  -3.1947363e-16  7.6106063e-17  8.2360041e-17  1.0000000   5.5044377e-17  2.2312481e-16  -2.7004278e-16  -9.7599678e-16  -6.9844157e-16  
-3.9375198e-16  -8.6560841e-16  -4.9234292e-16  -7.5184193e-16  -7.7588537e-16  5.7284986e-16  3.7302905e-16  -5.3408451e-16  -1.3141661e-16  -6.3349085e-17  1.9325177e-16  4.8861967e-16  -2.2276643e-16  7.1554769e-16  1.1129150e-16  4.2941321e-17  -7.4795483e-16  -2.2119452e-16  2.9156099e-16  -3.9249621e-16  3.5257373e-16  9.2569953e-16  -8.0391225e-17  -6.6009172e-17  4.5052059e-16  5.5044377e-17  1.0000000   -8.2169938e-17  -1.2199518e-17  6.7807611e-16  -2.0395147e-16  -3.9375198e-16  -8.6560841e-16  -4.9234292e-16  -7.5184193e-16  -7.7588537e-16  5.7284986e-16  3.7302905e-16  -5.3408451e-16  -1.3141661e-16  -6.3349085e-17  1.9325177e-16  4.8861967e-16  -2.2276643e-16  7.1554769e-16  1.1129150e-16  4.2941321e-17  -7.4795483e-16  -2.2119452e-16  2.9156099e-16  -3.9249621e-16  3.5257373e-16  9.2569953e-16  -8.0391225e-17  -6.6009172e-17  4.5052059e-16  5.5044377e-17  1.0000000   -8.2169938e-17  -1.2199518e-17  6.7807611e-16  -2.0395147e-16  
1.5604916e-16  -2.6094389e-16  2.1209425e-16  7.5504500e-17  -4.2659407e-16  -4.5350458e-16  -2.3340997e-16  1.1998127e-16  7.8932818e-17  -3.8596814e-16  -7.4944600e-16  -3.9402758e-16  -2.1107505e-17  2.8070723e-16  3.8466677e-16  5.8154816e-16  4.7238542e-16  3.8303269e-17  1.0074565e-16  1.7948724e-16  -2.0458763e-16  6.9359761e-17  -2.3463622e-16  1.6430807e-16  3.7435002e-16  2.2312481e-16  -8.2169938e-17  1.0000000   7.0373085e-16  2.8446510e-18  3.2964972e-16  1.5604916e-16  -2.6094389e-16  2.1209425e-16  7.5504500e-17  -4.2659407e-16  -4.5350458e-16  -2.3340997e-16  1.1998127e-16  7.8932818e-17  -3.8596814e-16  -7.4944600e-16  -3.9402758e-16  -2.1107505e-17  2.8070723e-16  3.8466677e-16  5.8154816e-16  4.7238542e-16  3.8303269e-17  1.0074565e-16  1.7948724e-16  -2.0458763e-16  6.9359761e-17  -2.3463622e-16  1.6430807e-16  3.7435002e-16  2.2312481e-16  -8.2169938e-17  1.0000000   7.0373085e-16  2.8446510e-18  3.2964972e-16  
-6.3188369e-16  -1.7754284e-17  1.1331798e-15  -1.6852652e-16  8.9211141e-17  3.3009202e-16  4.5526233e-16  -7.9567092e-16  2.2499183e-16  4.0032966e-16  4.9998481e-16  -3.0366674e-16  -1.0761462e-15  1.5118150e-16  -2.0287249e-16  3.2365339e-16  4.8711611e-16  1.9102432e-16  -3.0814142e-16  -7.8646904e-16  -4.8509996e-16  9.8135596e-16  3.8747297e-16  -5.5205824e-16  1.9247134e-16  -2.7004278e-16  -1.2199518e-17  7.0373085e-16  1.0000000   9.3404934e-17  1.1562629e-15  -6.3188369e-16  -1.7754284e-17  1.1331798e-15  -1.6852652e-16  8.9211141e-17  3.3009202e-16  4.5526233e-16  -7.9567092e-16  2.2499183e-16  4.0032966e-16  4.9998481e-16  -3.0366674e-16  -1.0761462e-15  1.5118150e-16  -2.0287249e-16  3.2365339e-16  4.8711611e-16  1.9102432e-16  -3.0814142e-16  -7.8646904e-16  -4.8509996e-16  9.8135596e-16  3.8747297e-16  -5.5205824e-16  1.9247134e-16  -2.7004278e-16  -1.2199518e-17  7.0373085e-16  1.0000000   9.3404934e-17  1.1562629e-15  
-3.7791805e-16  3.4203053e-16  -4.2984386e-16  -9.2069798e-16  -7.0846682e-16  -2.4385781e-16  1.2155270e-15  3.2492262e-17  -1.3317591e-15  4.6897735e-16  -4.9350960e-16  4.7132539e-16  5.0786527e-17  6.4108869e-16  4.6626123e-16  5.9638886e-16  3.7838531e-16  -2.3643246e-16  -1.0223421e-15  -2.5355329e-16  -2.2764505e-16  8.4195152e-16  -3.4640779e-17  -2.8277896e-16  3.0877627e-17  -9.7599678e-16  6.7807611e-16  2.8446510e-18  9.3404934e-17  1.0000000   -6.2018054e-16  -3.7791805e-16  3.4203053e-16  -4.2984386e-16  -9.2069798e-16  -7.0846682e-16  -2.4385781e-16  1.2155270e-15  3.2492262e-17  -1.3317591e-15  4.6897735e-16  -4.9350960e-16  4.7132539e-16  5.0786527e-17  6.4108869e-16  4.6626123e-16  5.9638886e-16  3.7838531e-16  -2.3643246e-16  -1.0223421e-15  -2.5355329e-16  -2.2764505e-16  8.4195152e-16  -3.4640779e-17  -2.8277896e-16  3.0877627e-17  -9.7599678e-16  6.7807611e-16  2.8446510e-18  9.3404934e-17  1.0000000   -6.2018054e-16  
-2.5118378e-17  -7.3379488e-16  5.6544627e-16  -3.9433572e-16  2.6393277e-16  4.7855593e-16  2.7253122e-16  -1.8834230e-16  5.3800906e-16  -2.0078405e-16  1.2736948e-15  -3.3032135e-16  -5.8675977e-16  1.6500554e-16  6.9688335e-16  -7.7158807e-16  -1.3135183e-16  -7.0688169e-16  6.2485724e-16  -1.6263752e-16  -1.8574824e-16  5.4426302e-16  4.1801255e-16  5.5213986e-16  3.9998792e-16  -6.9844157e-16  -2.0395147e-16  3.2964972e-16  1.1562629e-15  -6.2018054e-16  1.0000000   -2.5118378e-17  -7.3379488e-16  5.6544627e-16  -3.9433572e-16  2.6393277e-16  4.7855593e-16  2.7253122e-16  -1.8834230e-16  5.3800906e-16  -2.0078405e-16  1.2736948e-15  -3.3032135e-16  -5.8675977e-16  1.6500554e-16  6.9688335e-16  -7.7158807e-16  -1.3135183e-16  -7.0688169e-16  6.2485724e-16  -1.6263752e-16  -1.8574824e-16  5.4426302e-16  4.1801255e-16  5.5213986e-16  3.9998792e-16  -6.9844157e-16  -2.0395147e-16  3.2964972e-16  1.1562629e-15  -6.2018054e-16  1.0000000   
1.0000000   -3.0521893e-16  -9.4220987e-16  9.5076050e-17  -9.8401105e-16  -1.0731427e-16  -4.7321668e-16  -4.2422178e-16  -7.8012695e-17  1.0023974e-16  3.5470787e-16  -2.8962846e-16  -3.6258183e-17  -2.8797771e-16  -3.4700176e-16  -1.7814499e-16  -4.7711880e-16  -9.5097332e-16  -8.4024080e-17  -6.7841396e-18  -6.0717050e-16  -7.9830238e-17  3.2990973e-16  -9.3529403e-16  3.6521564e-16  -2.4787020e-16  -3.9375198e-16  1.5604916e-16  -6.3188369e-16  -3.7791805e-16  -2.5118378e-17  1.0000000   -3.0521893e-16  -9.4220987e-16  9.5076050e-17  -9.8401105e-16  -1.0731427e-16  -4.7321668e-16  -4.2422178e-16  -7.8012695e-17  1.0023974e-16  3.5470787e-16  -2.8962846e-16  -3.6258183e-17  -2.8797771e-16  -3.4700176e-16  -1.7814499e-16  -4.7711880e-16  -9.5097332e-16  -8.4024080e-17  -6.7841396e-18  -6.0717050e-16  -7.9830238e-17  3.2990973e-16  -9.3529403e-16  3.6521564e-16  -2.4787020e-16  -3.9375198e-16  1.5604916e-16  -6.3188369e-16  -3.7791805e-16  -2.5118378e-17  
-3.0521893e-16  1.0000000   -1.6250886e-16  -4.4333919e-16  -3.3451436e-16  -4.4188415e-17  6.9593816e-16  1.5713896e-15  -1.0150493e-17  -2.8181457e-16  -7.3753891e-16  4.0970201e-16  -2.8087436e-16  -1.6896255e-16  -1.0444803e-15  -4.1594529e-16  1.2888747e-16  1.6737532e-15  -4.2586546e-16  7.6824026e-16  -2.8883368e-16  -1.1632766e-15  -2.3778479e-16  -2.9601064e-16  -1.4243039e-15  -1.4774356e-16  -8.6560841e-16  -2.6094389e-16  -1.7754284e-17  3.4203053e-16  -7.3379488e-16  -3.0521893e-16  1.0000000   -1.6250886e-16  -4.4333919e-16  -3.3451436e-16  -4.4188415e-17  6.9593816e-16  1.5713896e-15  -1.0150493e-17  -2.8181457e-16  -7.3753891e-16  4.0970201e-16  -2.8087436e-16  -1.6896255e-16  -1.0444803e-15  -4.1594529e-16  1.2888747e-16  1.6737532e-15  -4.2586546e-16  7.6824026e-16  -2.8883368e-16  -1.1632766e-15  -2.3778479e-16  -2.9601064e-16  -1.4243039e-15  -1.4774356e-16  -8.6560841e-16  -2.6094389e-16  -1.7754284e-17  3.4203053e-16  -7.3379488e-16  
-9.4220987e-16  -1.6250886e-16  1.0000000   4.5954580e-16  -1.5646269e-16  4.9140955e-16  1.0397496e-16  4.5460219e-16  -2.8062961e-16  -3.8872971e-16  4.0001750e-17  4.7830728e-16  3.1007786e-16  2.4853532e-16  4.2754090e-16  9.7632621e-17  4.2564749e-16  3.6593792e-16  -3.4854384e-16  -3.1958438e-16  -2.0618580e-16  -1.8959145e-16  2.9601681e-16  -1.5962133e-16  -1.6213700e-16  3.2710858e-16  -4.9234292e-16  2.1209425e-16  1.1331798e-15  -4.2984386e-16  5.6544627e-16  -9.4220987e-16  -1.6250886e-16  1.0000000   4.5954580e-16  -1.5646269e-16  4.9140955e-16  1.0397496e-16  4.5460219e-16  -2.8062961e-16  -3.8872971e-16  4.0001750e-17  4.7830728e-16  3.1007786e-16  2.4853532e-16  4.2754090e-16  9.7632621e-17  4.2564749e-16  3.6593792e-16  -3.4854384e-16  -3.1958438e-16  -2.0618580e-16  -1.8959145e-16  2.9601681e-16  -1.5962133e-16  -1.6213700e-16  3.2710858e-16  -4.9234292e-16  2.1209425e-16  1.1331798e-15  -4.2984386e-16  5.6544627e-16  
9.5076050e-17  -4.4333919e-16  4.5954580e-16  1.0000000   6.9566397e-16  -4.1595942e-16  -2.9236711e-16  8.8284918e-16  7.8892498e-16  1.1301058e-16  2.2326624e-17  -1.2090740e-16  9.5399081e-17  -9.0603354e-16  -1.1225308e-15  -5.0583349e-16  -3.2181289e-16  6.2197116e-18  3.0771147e-16  2.1323431e-16  8.4084071e-17  -6.1641379e-16  9.6499984e-17  1.2917950e-16  -4.0664407e-16  1.0725859e-16  -7.5184193e-16  7.5504500e-17  -1.6852652e-16  -9.2069798e-16  -3.9433572e-16  9.5076050e-17  -4.4333919e-16  4.5954580e-16  1.0000000   6.9566397e-16  -4.1595942e-16  -2.9236711e-16  8.8284918e-16  7.8892498e-16  1.1301058e-16  2.2326624e-17  -1.2090740e-16  9.5399081e-17  -9.0603354e-16  -1.1225308e-15  -5.0583349e-16  -3.2181289e-16  6.2197116e-18  3.0771147e-16  2.1323431e-16  8.4084071e-17  -6.1641379e-16  9.6499984e-17  1.2917950e-16  -4.0664407e-16  1.0725859e-16  -7.5184193e-16  7.5504500e-17  -1.6852652e-16  -9.2069798e-16  -3.9433572e-16  
-9.8401105e-16  -3.3451436e-16  -1.5646269e-16  6.9566397e-16  1.0000000   -4.4126841e-16  -1.1029481e-15  -5.1216056e-16  6.7921194e-16  6.9515130e-17  5.5110120e-16  -1.6508779e-15  -2.8439624e-16  -2.6344730e-16  -2.2672879e-16  6.0806266e-16  2.1714315e-16  4.0539388e-16  -5.8601542e-16  -1.8409307e-16  4.8814600e-16  -8.6544049e-16  -3.5603921e-16  3.4683375e-16  9.7186509e-18  3.5048797e-16  -7.7588537e-16  -4.2659407e-16  8.9211141e-17  -7.0846682e-16  2.6393277e-16  -9.8401105e-16  -3.3451436e-16  -1.5646269e-16  6.9566397e-16  1.0000000   -4.4126841e-16  -1.1029481e-15  -5.1216056e-16  6.7921194e-16  6.9515130e-17  5.5110120e-16  -1.6508779e-15  -2.8439624e-16  -2.6344730e-16  -2.2672879e-16  6.0806266e-16  2.1714315e-16  4.0539388e-16  -5.8601542e-16  -1.8409307e-16  4.8814600e-16  -8.6544049e-16  -3.5603921e-16  3.4683375e-16  9.7186509e-18  3.5048797e-16  -7.7588537e-16  -4.2659407e-16  8.9211141e-17  -7.0846682e-16  2.6393277e-16  
-1.0731427e-16  -4.4188415e-17  4.9140955e-16  -4.1595942e-16  -4.4126841e-16  1.0000000   -1.8092187e-16  2.0676875e-16  -4.8432339e-16  7.2181444e-17  -4.4836777e-16  -2.6295337e-16  9.9224384e-17  4.8873468e-16  5.1027292e-16  -2.1026307e-16  5.5059795e-17  1.9630020e-16  -3.2717738e-16  -7.8299391e-17  -5.8235549e-16  1.3535193e-16  3.6434770e-17  -8.0783862e-17  3.6509082e-16  7.0983701e-16  5.7284986e-16  -4.5350458e-16  3.3009202e-16  -2.4385781e-16  4.7855593e-16  -1.0731427e-16  -4.4188415e-17  4.9140955e-16  -4.1595942e-16  -4.4126841e-16  1.0000000   -1.8092187e-16  2.0676875e-16  -4.8432339e-16  7.2181444e-17  -4.4836777e-16  -2.6295337e-16  9.9224384e-17  4.8873468e-16  5.1027292e-16  -2.1026307e-16  5.5059795e-17  1.9630020e-16  -3.2717738e-16  -7.8299391e-17  -5.8235549e-16  1.3535193e-16  3.6434770e-17  -8.0783862e-17  3.6509082e-16  7.0983701e-16  5.7284986e-16  -4.5350458e-16  3.3009202e-16  -2.4385781e-16  4.7855593e-16  
-4.7321668e-16  6.9593816e-16  1.0397496e-16  -2.9236711e-16  -1.1029481e-15  -1.8092187e-16  1.0000000   -2.5993772e-16  -5.3367793e-16  -1.8259207e-16  5.8666127e-17  4.8057144e-16  -9.8199868e-16  5.0331256e-16  3.3860140e-16  -9.2774837e-16  -4.7881704e-16  -4.0146637e-17  2.3249844e-16  -2.6338557e-16  -5.4716638e-16  6.9420677e-16  -2.5303057e-16  -1.6364258e-16  -8.3183300e-16  -6.9451056e-16  3.7302905e-16  -2.3340997e-16  4.5526233e-16  1.2155270e-15  2.7253122e-16  -4.7321668e-16  6.9593816e-16  1.0397496e-16  -2.9236711e-16  -1.1029481e-15  -1.8092187e-16  1.0000000   -2.5993772e-16  -5.3367793e-16  -1.8259207e-16  5.8666127e-17  4.8057144e-16  -9.8199868e-16  5.0331256e-16  3.3860140e-16  -9.2774837e-16  -4.7881704e-16  -4.0146637e-17  2.3249844e-16  -2.6338557e-16  -5.4716638e-16  6.9420677e-16  -2.5303057e-16  -1.6364258e-16  -8.3183300e-16  -6.9451056e-16  3.7302905e-16  -2.3340997e-16  4.5526233e-16  1.2155270e-15  2.7253122e-16  
-4.2422178e-16  1.5713896e-15  4.5460219e-16  8.8284918e-16  -5.1216056e-16  2.0676875e-16  -2.5993772e-16  1.0000000   2.6715539e-16  -7.6672951e-16  -4.3717400e-16  2.8947326e-16  -5.6891233e-17  -6.4286480e-16  -5.8563585e-16  -2.6806997e-16  6.2740562e-16  1.4363613e-15  -1.4002407e-16  -9.0973035e-17  6.0565917e-16  -1.5145754e-15  -9.9202483e-17  -6.7635895e-18  -5.3905816e-16  6.7630008e-16  -5.3408451e-16  1.1998127e-16  -7.9567092e-16  3.2492262e-17  -1.8834230e-16  -4.2422178e-16  1.5713896e-15  4.5460219e-16  8.8284918e-16  -5.1216056e-16  2.0676875e-16  -2.5993772e-16  1.0000000   2.6715539e-16  -7.6672951e-16  -4.3717400e-16  2.8947326e-16  -5.6891233e-17  -6.4286480e-16  -5.8563585e-16  -2.6806997e-16  6.2740562e-16  1.4363613e-15  -1.4002407e-16  -9.0973035e-17  6.0565917e-16  -1.5145754e-15  -9.9202483e-17  -6.7635895e-18  -5.3905816e-16  6.7630008e-16  -5.3408451e-16  1.1998127e-16  -7.9567092e-16  3.2492262e-17  -1.8834230e-16  
-7.8012695e-17  -1.0150493e-17  -2.8062961e-16  7.8892498e-16  6.7921194e-16  -4.8432339e-16  -5.3367793e-16  2.6715539e-16  1.0000000   -1.0077556e-16  2.9632081e-16  3.3189739e-16  -5.8519438e-16  -7.0575386e-16  -3.1556225e-16  -1.1925882e-16  -3.6294966e-16  -4.6355522e-16  2.8948636e-16  9.0003746e-17  1.4175895e-16  1.1955968e-15  4.5628609e-17  -5.2022863e-16  -1.3782810e-16  7.5477822e-17  -1.3141661e-16  7.8932818e-17  2.2499183e-16  -1.3317591e-15  5.3800906e-16  -7.8012695e-17  -1.0150493e-17  -2.8062961e-16  7.8892498e-16  6.7921194e-16  -4.8432339e-16  -5.3367793e-16  2.6715539e-16  1.0000000   -1.0077556e-16  2.9632081e-16  3.3189739e-16  -5.8519438e-16  -7.0575386e-16  -3.1556225e-16  -1.1925882e-16  -3.6294966e-16  -4.6355522e-16  2.8948636e-16  9.0003746e-17  1.4175895e-16  1.1955968e-15  4.5628609e-17  -5.2022863e-16  -1.3782810e-16  7.5477822e-17  -1.3141661e-16  7.8932818e-17  2.2499183e-16  -1.3317591e-15  5.3800906e-16  
1.0023974e-16  -2.8181457e-16  -3.8872971e-16  1.1301058e-16  6.9515130e-17  7.2181444e-17  -1.8259207e-16  -7.6672951e-16  -1.0077556e-16  1.0000000   -4.8494090e-17  1.4419065e-16  1.2115821e-16  -1.5000907e-16  8.4047721e-17  -2.5109848e-17  -4.8812292e-16  5.3745176e-16  -5.1549344e-16  -3.9444710e-16  -2.5745081e-16  -1.3756662e-16  3.3748686e-16  7.8396057e-17  -3.4110505e-16  -2.4894848e-16  -6.3349085e-17  -3.8596814e-16  4.0032966e-16  4.6897735e-16  -2.0078405e-16  1.0023974e-16  -2.8181457e-16  -3.8872971e-16  1.1301058e-16  6.9515130e-17  7.2181444e-17  -1.8259207e-16  -7.6672951e-16  -1.0077556e-16  1.0000000   -4.8494090e-17  1.4419065e-16  1.2115821e-16  -1.5000907e-16  8.4047721e-17  -2.5109848e-17  -4.8812292e-16  5.3745176e-16  -5.1549344e-16  -3.9444710e-16  -2.5745081e-16  -1.3756662e-16  3.3748686e-16  7.8396057e-17  -3.4110505e-16  -2.4894848e-16  -6.3349085e-17  -3.8596814e-16  4.0032966e-16  4.6897735e-16  -2.0078405e-16  
