1.0000000   9.6649520e-19  -2.9193299e-16  1.5713569e-16  -1.9589417e-16  -3.9086009e-16  -3.3462387e-16  4.8402753e-16  -2.6908018e-17  -3.9830784e-16  -4.0375517e-16  -9.5436254e-17  9.4478004e-16  1.3256989e-16  -8.4134733e-16  -5.3766104e-16  -2.6604046e-17  -9.6065262e-17  4.8946605e-16  -3.8807564e-16  -6.7788740e-16  5.9910603e-16  4.5054189e-16  6.1980643e-20  -1.2187595e-16  -4.8083014e-16  7.3566289e-16  -1.7560758e-16  1.0181189e-16  5.0164294e-16  1.8456180e-16  1.0000000   9.6649520e-19  -2.9193299e-16  1.5713569e-16  -1.9589417e-16  -3.9086009e-16  -3.3462387e-16  4.8402753e-16  -2.6908018e-17  -3.9830784e-16  -4.0375517e-16  -9.5436254e-17  9.4478004e-16  1.3256989e-16  -8.4134733e-16  -5.3766104e-16  -2.6604046e-17  -9.6065262e-17  4.8946605e-16  -3.8807564e-16  -6.7788740e-16  5.9910603e-16  4.5054189e-16  6.1980643e-20  -1.2187595e-16  -4.8083014e-16  7.3566289e-16  -1.7560758e-16  1.0181189e-16  5.0164294e-16  1.8456180e-16  
9.6649520e-19  1.0000000   3.6068542e-17  5.3084612e-16  -7.0648481e-16  -2.3649788e-16  -6.1266608e-17  -7.5282241e-16  -4.2854414e-16  -3.7536387e-16  -1.4444657e-16  -2.0601389e-16  2.0318683e-17  1.0891372e-16  -5.1479006e-16  6.8217820e-16  -2.2094978e-16  3.2050416e-16  1.0418604e-16  7.2213506e-17  -4.1999684e-17  1.0947811e-16  7.5429526e-16  2.4278376e-16  -3.3930408e-16  3.4846568e-16  -2.3917673e-16  -4.0278139e-16  -3.5809434e-16  -5.8636595e-16  -6.1107745e-16  9.6649520e-19  1.0000000   3.6068542e-17  5.3084612e-16  -7.0648481e-16  -2.3649788e-16  -6.1266608e-17  -7.5282241e-16  -4.2854414e-16  -3.7536387e-16  -1.4444657e-16  -2.0601389e-16  2.0318683e-17  1.0891372e-16  -5.1479006e-16  6.8217820e-16  -2.2094978e-16  3.2050416e-16  1.0418604e-16  7.2213506e-17  -4.1999684e-17  1.0947811e-16  7.5429526e-16  2.4278376e-16  -3.3930408e-16  3.4846568e-16  -2.3917673e-16  -4.0278139e-16  -3.5809434e-16  -5.8636595e-16  -6.1107745e-16  
-2.9193299e-16  3.6068542e-17  1.0000000   -4.3743736e-16  -5.0618289e-16  -1.1491981e-16  -7.8738522e-17  -6.9147618e-16  1.9288726e-16  -5.0036395e-16  -4.5920085e-16  3.2312653e-17  2.1422450e-16  -5.2801473e-17  -5.3550927e-16  -4.1259463e-17  4.9529136e-16  -5.6110162e-16  5.5893165e-16  -8.8892719e-16  -1.0749849e-16  -8.1273134e-16  7.5954146e-16  -2.7114014e-16  3.1662485e-17  -9.1746746e-16  3.7757969e-17  1.2919926e-16  -1.4849073e-16  -6.4456801e-16  -9.3992589e-17  -2.9193299e-16  3.6068542e-17  1.0000000   -4.3743736e-16  -5.0618289e-16  -1.1491981e-16  -7.8738522e-17  -6.9147618e-16  1.9288726e-16  -5.0036395e-16  -4.5920085e-16  3.2312653e-17  2.1422450e-16  -5.2801473e-17  -5.3550927e-16  -4.1259463e-17  4.9529136e-16  -5.6110162e-16  5.5893165e-16  -8.8892719e-16  -1.0749849e-16  -8.1273134e-16  7.5954146e-16  -2.7114014e-16  3.1662485e-17  -9.1746746e-16  3.7757969e-17  1.2919926e-16  -1.4849073e-16  -6.4456801e-16  -9.3992589e-17  
1.5713569e-16  5.3084612e-16  -4.3743736e-16  1.0000000   -7.6042104e-16  -4.1917512e-16  1.0847119e-15  -3.5510265e-16  2.7504172e-16  1.2340032e-16  -6.1214551e-16  3.9116579e-16  3.6806505e-16  -1.7716473e-16  3.3741538e-16  -1.8484458e-16  -1.7589727e-16  -2.3838940e-16  7.0786728e-16  3.6841811e-17  -1.9119451e-16  -2.1043096e-16  1.9268135e-16  -1.1897933e-16  -9.7205737e-16  -3.5965520e-16  1.4761670e-17  2.1839231e-16  -8.7028106e-16  -2.6193981e-16  6.2706905e-16  1.5713569e-16  5.3084612e-16  -4.3743736e-16  1.0000000   -7.6042104e-16  -4.1917512e-16  1.0847119e-15  -3.5510265e-16  2.7504172e-16  1.2340032e-16  -6.1214551e-16  3.9116579e-16  3.6806505e-16  -1.7716473e-16  3.3741538e-16  -1.8484458e-16  -1.7589727e-16  -2.3838940e-16  7.0786728e-16  3.6841811e-17  -1.9119451e-16  -2.1043096e-16  1.9268135e-16  -1.1897933e-16  -9.7205737e-16  -3.5965520e-16  1.4761670e-17  2.1839231e-16  -8.7028106e-16  -2.6193981e-16  6.2706905e-16  
-1.9589417e-16  -7.0648481e-16  -5.0618289e-16  -7.6042104e-16  1.0000000   -3.9418832e-17  -3.7353697e-16  -8.7668698e-17  1.0443944e-15  5.7234725e-16  3.2467622e-16  8.6007501e-16  -2.3270686e-16  1.2023524e-15  -1.0830079e-15  1.7861774e-18  -1.3117149e-16  -5.9691207e-16  4.4655035e-16  -4.9349718e-16  2.2035153e-16  -1.2681403e-16  2.2668960e-16  -3.3500884e-16  5.8861728e-16  7.9154881e-16  9.8308990e-17  -9.8044392e-17  5.9714553e-16  8.9321926e-16  3.1249503e-16  -1.9589417e-16  -7.0648481e-16  -5.0618289e-16  -7.6042104e-16  1.0000000   -3.9418832e-17  -3.7353697e-16  -8.7668698e-17  1.0443944e-15  5.7234725e-16  3.2467622e-16  8.6007501e-16  -2.3270686e-16  1.2023524e-15  -1.0830079e-15  1.7861774e-18  -1.3117149e-16  -5.9691207e-16  4.4655035e-16  -4.9349718e-16  2.2035153e-16  -1.2681403e-16  2.2668960e-16  -3.3500884e-16  5.8861728e-16  7.9154881e-16  9.8308990e-17  -9.8044392e-17  5.9714553e-16  8.9321926e-16  3.1249503e-16  
-3.9086009e-16  -2.3649788e-16  -1.1491981e-16  -4.1917512e-16  -3.9418832e-17  1.0000000   -1.6281672e-16  -2.1459458e-16  5.4084924e-16  8.2436952e-16  -3.6314800e-16  -1.1413425e-16  4.9723531e-16  -7.0615264e-16  -5.6569550e-17  -8.6223176e-16  1.8755701e-16  -1.1557856e-16  1.7949238e-16  1.1433216e-16  8.8479732e-16  -2.7486704e-16  -2.6531722e-16  -1.4947485e-16  4.5172470e-17  1.5657352e-16  1.7683254e-16  -2.4673496e-16  2.6039455e-16  -6.1078040e-17  1.4571524e-16  -3.9086009e-16  -2.3649788e-16  -1.1491981e-16  -4.1917512e-16  -3.9418832e-17  1.0000000   -1.6281672e-16  -2.1459458e-16  5.4084924e-16  8.2436952e-16  -3.6314800e-16  -1.1413425e-16  4.9723531e-16  -7.0615264e-16  -5.6569550e-17  -8.6223176e-16  1.8755701e-16  -1.1557856e-16  1.7949238e-16  1.1433216e-16  8.8479732e-16  -2.7486704e-16  -2.6531722e-16  -1.4947485e-16  4.5172470e-17  1.5657352e-16  1.7683254e-16  -2.4673496e-16  2.6039455e-16  -6.1078040e-17  1.4571524e-16  
-3.3462387e-16  -6.1266608e-17  -7.8738522e-17  1.0847119e-15  -3.7353697e-16  -1.6281672e-16  1.0000000   5.8683210e-17  2.9427880e-17  -1.0990838e-15  -3.1714376e-17  -7.2932620e-17  -7.5385674e-17  -3.6559317e-16  6.9893456e-16  1.5330950e-16  -5.4409637e-16  -2.7254787e-16  -3.3358846e-16  -4.2530026e-17  7.8454195e-16  5.2578721e-16  -2.1872091e-17  2.1341039e-16  1.1734900e-16  -3.1216528e-16  -4.7403788e-16  1.4025138e-16  -4.0612784e-16  1.4235510e-16  -6.6250020e-17  -3.3462387e-16  -6.1266608e-17  -7.8738522e-17  1.0847119e-15  -3.7353697e-16  -1.6281672e-16  1.0000000   5.8683210e-17  2.9427880e-17  -1.0990838e-15  -3.1714376e-17  -7.2932620e-17  -7.5385674e-17  -3.6559317e-16  6.9893456e-16  1.5330950e-16  -5.4409637e-16  -2.7254787e-16  -3.3358846e-16  -4.2530026e-17  7.8454195e-16  5.2578721e-16  -2.1872091e-17  2.1341039e-16  1.1734900e-16  -3.1216528e-16  -4.7403788e-16  1.4025138e-16  -4.0612784e-16  1.4235510e-16  -6.6250020e-17  
4.8402753e-16  -7.5282241e-16  -6.9147618e-16  -3.5510265e-16  -8.7668698e-17  -2.1459458e-16  5.8683210e-17  1.0000000   3.7862765e-16  9.0259755e-17  -6.0899161e-16  8.5112660e-16  -5.8502943e-16  5.8094440e-16  -7.8020103e-16  6.0257529e-16  2.8319034e-16  1.6386997e-16  -3.1437710e-16  4.0937453e-16  -7.7178110e-16  -2.8644425e-16  4.3980098e-16  3.1498637e-17  -1.3394424e-16  6.7768712e-17  -3.2888039e-16  -1.9998604e-16  -1.4883189e-16  -3.6047464e-16  4.1250762e-16  4.8402753e-16  -7.5282241e-16  -6.9147618e-16  -3.5510265e-16  -8.7668698e-17  -2.1459458e-16  5.8683210e-17  1.0000000   3.7862765e-16  9.0259755e-17  -6.0899161e-16  8.5112660e-16  -5.8502943e-16  5.8094440e-16  -7.8020103e-16  6.0257529e-16  2.8319034e-16  1.6386997e-16  -3.1437710e-16  4.0937453e-16  -7.7178110e-16  -2.8644425e-16  4.3980098e-16  3.1498637e-17  -1.3394424e-16  6.7768712e-17  -3.2888039e-16  -1.9998604e-16  -1.4883189e-16  -3.6047464e-16  4.1250762e-16  
-2.6908018e-17  -4.2854414e-16  1.9288726e-16  2.7504172e-16  1.0443944e-15  5.4084924e-16  2.9427880e-17  3.7862765e-16  1.0000000   -2.0368161e-16  -6.9507346e-16  -2.4637525e-16  -2.6381682e-16  8.5091390e-17  -1.7834195e-16  6.3367857e-17  -2.7393151e-16  1.9690484e-16  -5.1848563e-16  -1.1842712e-16  -8.0222586e-17  -7.8967086e-16  -2.4898517e-16  -2.1670629e-16  1.5208791e-16  2.8225977e-17  1.0080219e-16  3.7001985e-17  -2.2579666e-16  -1.1419971e-16  5.0098167e-16  -2.6908018e-17  -4.2854414e-16  1.9288726e-16  2.7504172e-16  1.0443944e-15  5.4084924e-16  2.9427880e-17  3.7862765e-16  1.0000000   -2.0368161e-16  -6.9507346e-16  -2.4637525e-16  -2.6381682e-16  8.5091390e-17  -1.7834195e-16  6.3367857e-17  -2.7393151e-16  1.9690484e-16  -5.1848563e-16  -1.1842712e-16  -8.0222586e-17  -7.8967086e-16  -2.4898517e-16  -2.1670629e-16  1.5208791e-16  2.8225977e-17  1.0080219e-16  3.7001985e-17  -2.2579666e-16  -1.1419971e-16  5.0098167e-16  
-3.9830784e-16  -3.7536387e-16  -5.0036395e-16  1.2340032e-16  5.7234725e-16  8.2436952e-16  -1.0990838e-15  9.0259755e-17  -2.0368161e-16  1.0000000   9.6558753e-17  -1.1225682e-15  -3.1177527e-16  -2.2801809e-16  -2.4202905e-16  2.4489284e-17  5.9925156e-16  -5.0307571e-16  -9.9132392e-17  8.2697008e-16  1.6731739e-16  -6.2576865e-17  3.8942418e-16  1.5036224e-16  2.8153916e-16  3.4413664e-16  1.4294420e-16  2.7390692e-16  -3.7999035e-16  -2.3528490e-16  -4.5438763e-16  -3.9830784e-16  -3.7536387e-16  -5.0036395e-16  1.2340032e-16  5.7234725e-16  8.2436952e-16  -1.0990838e-15  9.0259755e-17  -2.0368161e-16  1.0000000   9.6558753e-17  -1.1225682e-15  -3.1177527e-16  -2.2801809e-16  -2.4202905e-16  2.4489284e-17  5.9925156e-16  -5.0307571e-16  -9.9132392e-17  8.2697008e-16  1.6731739e-16  -6.2576865e-17  3.8942418e-16  1.5036224e-16  2.8153916e-16  3.4413664e-16  1.4294420e-16  2.7390692e-16  -3.7999035e-16  -2.3528490e-16  -4.5438763e-16  
-4.0375517e-16  -1.4444657e-16  -4.5920085e-16  -6.1214551e-16  3.2467622e-16  -3.6314800e-16  -3.1714376e-17  -6.0899161e-16  -6.9507346e-16  9.6558753e-17  1.0000000   3.2291340e-16  -9.9891849e-16  6.0971314e-16  -3.3317102e-16  3.1310137e-16  2.2339130e-16  -5.5426038e-17  6.2345339e-16  -6.1225548e-16  2.9326433e-16  9.2967613e-17  -1.9398692e-16  3.3409048e-16  -4.1479696e-17  -4.7191800e-16  -6.0203693e-16  1.9531790e-16  6.6114760e-18  -4.5021141e-16  -5.2832383e-17  -4.0375517e-16  -1.4444657e-16  -4.5920085e-16  -6.1214551e-16  3.2467622e-16  -3.6314800e-16  -3.1714376e-17  -6.0899161e-16  -6.9507346e-16  9.6558753e-17  1.0000000   3.2291340e-16  -9.9891849e-16  6.0971314e-16  -3.3317102e-16  3.1310137e-16  2.2339130e-16  -5.5426038e-17  6.2345339e-16  -6.1225548e-16  2.9326433e-16  9.2967613e-17  -1.9398692e-16  3.3409048e-16  -4.1479696e-17  -4.7191800e-16  -6.0203693e-16  1.9531790e-16  6.6114760e-18  -4.5021141e-16  -5.2832383e-17  
-9.5436254e-17  -2.0601389e-16  3.2312653e-17  3.9116579e-16  8.6007501e-16  -1.1413425e-16  -7.2932620e-17  8.5112660e-16  -2.4637525e-16  -1.1225682e-15  3.2291340e-16  1.0000000   5.6637645e-17  3.1108080e-16  3.4235626e-16  6.1296603e-17  1.3090146e-16  -1.7401498e-16  -9.8725479e-16  -2.9018520e-16  5.1018839e-16  -4.8382223e-16  3.7281829e-16  1.9498046e-16  -9.7782059e-16  -5.8872241e-16  -1.3574463e-15  9.4054527e-16  -6.5984872e-16  -5.0385158e-16  -4.5104475e-16  -9.5436254e-17  -2.0601389e-16  3.2312653e-17  3.9116579e-16  8.6007501e-16  -1.1413425e-16  -7.2932620e-17  8.5112660e-16  -2.4637525e-16  -1.1225682e-15  3.2291340e-16  1.0000000   5.6637645e-17  3.1108080e-16  3.4235626e-16  6.1296603e-17  1.3090146e-16  -1.7401498e-16  -9.8725479e-16  -2.9018520e-16  5.1018839e-16  -4.8382223e-16  3.7281829e-16  1.9498046e-16  -9.7782059e-16  -5.8872241e-16  -1.3574463e-15  9.4054527e-16  -6.5984872e-16  -5.0385158e-16  -4.5104475e-16  
9.4478004e-16  2.0318683e-17  2.1422450e-16  3.6806505e-16  -2.3270686e-16  4.9723531e-16  -7.5385674e-17  -5.8502943e-16  -2.6381682e-16  -3.1177527e-16  -9.9891849e-16  5.6637645e-17  1.0000000   7.5440539e-17  4.3757032e-16  -5.1107933e-16  1.2225187e-17  -9.0810193e-16  -3.3937639e-17  5.0235043e-16  5.1139433e-16  -4.1060347e-16  5.0026927e-16  4.0722652e-17  1.8235326e-17  -2.3658238e-16  -1.7005453e-16  -5.3785360e-17  -3.7811297e-16  -6.7627230e-17  -3.2076996e-16  9.4478004e-16  2.0318683e-17  2.1422450e-16  3.6806505e-16  -2.3270686e-16  4.9723531e-16  -7.5385674e-17  -5.8502943e-16  -2.6381682e-16  -3.1177527e-16  -9.9891849e-16  5.6637645e-17  1.0000000   7.5440539e-17  4.3757032e-16  -5.1107933e-16  1.2225187e-17  -9.0810193e-16  -3.3937639e-17  5.0235043e-16  5.1139433e-16  -4.1060347e-16  5.0026927e-16  4.0722652e-17  1.8235326e-17  -2.3658238e-16  -1.7005453e-16  -5.3785360e-17  -3.7811297e-16  -6.7627230e-17  -3.2076996e-16  
1.3256989e-16  1.0891372e-16  -5.2801473e-17  -1.7716473e-16  1.2023524e-15  -7.0615264e-16  -3.6559317e-16  5.8094440e-16  8.5091390e-17  -2.2801809e-16  6.0971314e-16  3.1108080e-16  7.5440539e-17  1.0000000   7.6732277e-16  2.4671807e-16  8.7211993e-16  -2.5057895e-17  5.6953850e-16  2.1766367e-16  -8.6432311e-16  -1.6289209e-16  1.8428307e-16  2.4812440e-16  -2.4750514e-17  -3.6116294e-17  1.1987961e-16  4.7872210e-17  3.5969140e-17  -2.5057822e-17  -5.7024508e-18  1.3256989e-16  1.0891372e-16  -5.2801473e-17  -1.7716473e-16  1.2023524e-15  -7.0615264e-16  -3.6559317e-16  5.8094440e-16  8.5091390e-17  -2.2801809e-16  6.0971314e-16  3.1108080e-16  7.5440539e-17  1.0000000   7.6732277e-16  2.4671807e-16  8.7211993e-16  -2.5057895e-17  5.6953850e-16  2.1766367e-16  -8.6432311e-16  -1.6289209e-16  1.8428307e-16  2.4812440e-16  -2.4750514e-17  -3.6116294e-17  1.1987961e-16  4.7872210e-17  3.5969140e-17  -2.5057822e-17  -5.7024508e-18  
-8.4134733e-16  -5.1479006e-16  -5.3550927e-16  3.3741538e-16  -1.0830079e-15  -5.6569550e-17  6.9893456e-16  -7.8020103e-16  -1.7834195e-16  -2.4202905e-16  -3.3317102e-16  3.4235626e-16  4.3757032e-16  7.6732277e-16  1.0000000   -1.7736126e-16  -8.3195494e-16  4.7060215e-16  1.1866750e-15  4.0729660e-16  -5.6658305e-16  2.9351060e-16  -1.0456694e-16  5.7401114e-16  -1.0502005e-16  -1.2553891e-16  1.0118299e-16  1.2341404e-16  -4.8888837e-16  1.0915806e-17  2.5430796e-16  -8.4134733e-16  -5.1479006e-16  -5.3550927e-16  3.3741538e-16  -1.0830079e-15  -5.6569550e-17  6.9893456e-16  -7.8020103e-16  -1.7834195e-16  -2.4202905e-16  -3.3317102e-16  3.4235626e-16  4.3757032e-16  7.6732277e-16  1.0000000   -1.7736126e-16  -8.3195494e-16  4.7060215e-16  1.1866750e-15  4.0729660e-16  -5.6658305e-16  2.9351060e-16  -1.0456694e-16  5.7401114e-16  -1.0502005e-16  -1.2553891e-16  1.0118299e-16  1.2341404e-16  -4.8888837e-16  1.0915806e-17  2.5430796e-16  
-5.3766104e-16  6.8217820e-16  -4.1259463e-17  -1.8484458e-16  1.7861774e-18  -8.6223176e-16  1.5330950e-16  6.0257529e-16  6.3367857e-17  2.4489284e-17  3.1310137e-16  6.1296603e-17  -5.1107933e-16  2.4671807e-16  -1.7736126e-16  1.0000000   2.6179340e-16  -3.2843711e-16  -2.0829351e-16  6.7869316e-17  1.3282803e-16  -4.2736983e-16  6.1819056e-16  -3.2260022e-16  3.7684547e-17  -9.2988078e-16  -4.0588636e-16  6.3608554e-17  -1.2280305e-16  -5.4469910e-18  -9.8082353e-16  -5.3766104e-16  6.8217820e-16  -4.1259463e-17  -1.8484458e-16  1.7861774e-18  -8.6223176e-16  1.5330950e-16  6.0257529e-16  6.3367857e-17  2.4489284e-17  3.1310137e-16  6.1296603e-17  -5.1107933e-16  2.4671807e-16  -1.7736126e-16  1.0000000   2.6179340e-16  -3.2843711e-16  -2.0829351e-16  6.7869316e-17  1.3282803e-16  -4.2736983e-16  6.1819056e-16  -3.2260022e-16  3.7684547e-17  -9.2988078e-16  -4.0588636e-16  6.3608554e-17  -1.2280305e-16  -5.4469910e-18  -9.8082353e-16  
-2.6604046e-17  -2.2094978e-16  4.9529136e-16  -1.7589727e-16  -1.3117149e-16  1.8755701e-16  -5.4409637e-16  2.8319034e-16  -2.7393151e-16  5.9925156e-16  2.2339130e-16  1.3090146e-16  1.2225187e-17  8.7211993e-16  -8.3195494e-16  2.6179340e-16  1.0000000   2.1076562e-17  5.7682283e-16  4.4125245e-16  -2.8837955e-16  1.3591305e-16  -6.3684150e-16  1.5489393e-16  -1.3768290e-16  -7.9372989e-17  5.8941824e-16  4.6971931e-16  8.0009491e-17  1.8810468e-16  -8.9039641e-16  -2.6604046e-17  -2.2094978e-16  4.9529136e-16  -1.7589727e-16  -1.3117149e-16  1.8755701e-16  -5.4409637e-16  2.8319034e-16  -2.7393151e-16  5.9925156e-16  2.2339130e-16  1.3090146e-16  1.2225187e-17  8.7211993e-16  -8.3195494e-16  2.6179340e-16  1.0000000   2.1076562e-17  5.7682283e-16  4.4125245e-16  -2.8837955e-16  1.3591305e-16  -6.3684150e-16  1.5489393e-16  -1.3768290e-16  -7.9372989e-17  5.8941824e-16  4.6971931e-16  8.0009491e-17  1.8810468e-16  -8.9039641e-16  
-9.6065262e-17  3.2050416e-16  -5.6110162e-16  -2.3838940e-16  -5.9691207e-16  -1.1557856e-16  -2.7254787e-16  1.6386997e-16  1.9690484e-16  -5.0307571e-16  -5.5426038e-17  -1.7401498e-16  -9.0810193e-16  -2.5057895e-17  4.7060215e-16  -3.2843711e-16  2.1076562e-17  1.0000000   1.1190199e-16  5.3469694e-16  4.3044077e-16  6.5269147e-16  -1.8823849e-16  1.0944157e-15  -6.4826530e-16  -3.5278992e-16  -3.3544511e-16  2.0481481e-16  -5.1996471e-16  5.6976839e-16  1.3899025e-16  -9.6065262e-17  3.2050416e-16  -5.6110162e-16  -2.3838940e-16  -5.9691207e-16  -1.1557856e-16  -2.7254787e-16  1.6386997e-16  1.9690484e-16  -5.0307571e-16  -5.5426038e-17  -1.7401498e-16  -9.0810193e-16  -2.5057895e-17  4.7060215e-16  -3.2843711e-16  2.1076562e-17  1.0000000   1.1190199e-16  5.3469694e-16  4.3044077e-16  6.5269147e-16  -1.8823849e-16  1.0944157e-15  -6.4826530e-16  -3.5278992e-16  -3.3544511e-16  2.0481481e-16  -5.1996471e-16  5.6976839e-16  1.3899025e-16  
4.8946605e-16  1.0418604e-16  5.5893165e-16  7.0786728e-16  4.4655035e-16  1.7949238e-16  -3.3358846e-16  -3.1437710e-16  -5.1848563e-16  -9.9132392e-17  6.2345339e-16  -9.8725479e-16  -3.3937639e-17  5.6953850e-16  1.1866750e-15  -2.0829351e-16  5.7682283e-16  1.1190199e-16  1.0000000   -2.2250613e-16  4.9583226e-16  -3.6527713e-16  -4.2081761e-16  -4.5792916e-17  -4.9795476e-16  7.8154459e-17  -5.9592976e-16  1.9802332e-16  -1.5047843e-16  -1.5114355e-16  1.4284353e-16  4.8946605e-16  1.0418604e-16  5.5893165e-16  7.0786728e-16  4.4655035e-16  1.7949238e-16  -3.3358846e-16  -3.1437710e-16  -5.1848563e-16  -9.9132392e-17  6.2345339e-16  -9.8725479e-16  -3.3937639e-17  5.6953850e-16  1.1866750e-15  -2.0829351e-16  5.7682283e-16  1.1190199e-16  1.0000000   -2.2250613e-16  4.9583226e-16  -3.6527713e-16  -4.2081761e-16  -4.5792916e-17  -4.9795476e-16  7.8154459e-17  -5.9592976e-16  1.9802332e-16  -1.5047843e-16  -1.5114355e-16  1.4284353e-16  
-3.8807564e-16  7.2213506e-17  -8.8892719e-16  3.6841811e-17  -4.9349718e-16  1.1433216e-16  -4.2530026e-17  4.0937453e-16  -1.1842712e-16  8.2697008e-16  -6.1225548e-16  -2.9018520e-16  5.0235043e-16  2.1766367e-16  4.0729660e-16  6.7869316e-17  4.4125245e-16  5.3469694e-16  -2.2250613e-16  1.0000000   -1.6386577e-16  6.8563902e-16  8.5090029e-16  -1.5149312e-16  -4.0230150e-16  -3.8495450e-17  -2.5969555e-16  4.0062492e-16  -9.8447419e-17  -6.1894226e-17  3.6580068e-16  -3.8807564e-16  7.2213506e-17  -8.8892719e-16  3.6841811e-17  -4.9349718e-16  1.1433216e-16  -4.2530026e-17  4.0937453e-16  -1.1842712e-16  8.2697008e-16  -6.1225548e-16  -2.9018520e-16  5.0235043e-16  2.1766367e-16  4.0729660e-16  6.7869316e-17  4.4125245e-16  5.3469694e-16  -2.2250613e-16  1.0000000   -1.6386577e-16  6.8563902e-16  8.5090029e-16  -1.5149312e-16  -4.0230150e-16  -3.8495450e-17  -2.5969555e-16  4.0062492e-16  -9.8447419e-17  -6.1894226e-17  3.6580068e-16  
-6.7788740e-16  -4.1999684e-17  -1.0749849e-16  -1.9119451e-16  2.2035153e-16  8.8479732e-16  7.8454195e-16  -7.7178110e-16  -8.0222586e-17  1.6731739e-16  2.9326433e-16  5.1018839e-16  5.1139433e-16  -8.6432311e-16  -5.6658305e-16  1.3282803e-16  -2.8837955e-16  4.3044077e-16  4.9583226e-16  -1.6386577e-16  1.0000000   4.1922969e-17  -7.1059710e-16  -3.9535470e-16  -2.0232666e-17  8.5326019e-17  4.8383927e-16  -5.2228650e-16  6.2510275e-16  3.2489633e-16  3.0716855e-16  -6.7788740e-16  -4.1999684e-17  -1.0749849e-16  -1.9119451e-16  2.2035153e-16  8.8479732e-16  7.8454195e-16  -7.7178110e-16  -8.0222586e-17  1.6731739e-16  2.9326433e-16  5.1018839e-16  5.1139433e-16  -8.6432311e-16  -5.6658305e-16  1.3282803e-16  -2.8837955e-16  4.3044077e-16  4.9583226e-16  -1.6386577e-16  1.0000000   4.1922969e-17  -7.1059710e-16  -3.9535470e-16  -2.0232666e-17  8.5326019e-17  4.8383927e-16  -5.2228650e-16  6.2510275e-16  3.2489633e-16  3.0716855e-16  
5.9910603e-16  1.0947811e-16  -8.1273134e-16  -2.1043096e-16  -1.2681403e-16  -2.7486704e-16  5.2578721e-16  -2.8644425e-16  -7.8967086e-16  -6.2576865e-17  9.2967613e-17  -4.8382223e-16  -4.1060347e-16  -1.6289209e-16  2.9351060e-16  -4.2736983e-16  1.3591305e-16  6.5269147e-16  -3.6527713e-16  6.8563902e-16  4.1922969e-17  1.0000000   2.8320236e-16  -4.9102487e-17  3.6343338e-19  -2.5473469e-16  -6.6532872e-16  -4.2410168e-16  -4.1789384e-16  -1.4116226e-16  6.5186302e-16  5.9910603e-16  1.0947811e-16  -8.1273134e-16  -2.1043096e-16  -1.2681403e-16  -2.7486704e-16  5.2578721e-16  -2.8644425e-16  -7.8967086e-16  -6.2576865e-17  9.2967613e-17  -4.8382223e-16  -4.1060347e-16  -1.6289209e-16  2.9351060e-16  -4.2736983e-16  1.3591305e-16  6.5269147e-16  -3.6527713e-16  6.8563902e-16  4.1922969e-17  1.0000000   2.8320236e-16  -4.9102487e-17  3.6343338e-19  -2.5473469e-16  -6.6532872e-16  -4.2410168e-16  -4.1789384e-16  -1.4116226e-16  6.5186302e-16  
4.5054189e-16  7.5429526e-16  7.5954146e-16  1.9268135e-16  2.2668960e-16  -2.6531722e-16  -2.1872091e-17  4.3980098e-16  -2.4898517e-16  3.8942418e-16  -1.9398692e-16  3.7281829e-16  5.0026927e-16  1.8428307e-16  -1.0456694e-16  6.1819056e-16  -6.3684150e-16  -1.8823849e-16  -4.2081761e-16  8.5090029e-16  -7.1059710e-16  2.8320236e-16  1.0000000   1.9980474e-16  -4.7863119e-16  -5.4082318e-16  -4.6594532e-16  4.5434550e-16  -5.2036355e-16  -8.7090451e-16  -7.0371567e-16  4.5054189e-16  7.5429526e-16  7.5954146e-16  1.9268135e-16  2.2668960e-16  -2.6531722e-16  -2.1872091e-17  4.3980098e-16  -2.4898517e-16  3.8942418e-16  -1.9398692e-16  3.7281829e-16  5.0026927e-16  1.8428307e-16  -1.0456694e-16  6.1819056e-16  -6.3684150e-16  -1.8823849e-16  -4.2081761e-16  8.5090029e-16  -7.1059710e-16  2.8320236e-16  1.0000000   1.9980474e-16  -4.7863119e-16  -5.4082318e-16  -4.6594532e-16  4.5434550e-16  -5.2036355e-16  -8.7090451e-16  -7.0371567e-16  
6.1980643e-20  2.4278376e-16  -2.7114014e-16  -1.1897933e-16  -3.3500884e-16  -1.4947485e-16  2.1341039e-16  3.1498637e-17  -2.1670629e-16  1.5036224e-16  3.3409048e-16  1.9498046e-16  4.0722652e-17  2.4812440e-16  5.7401114e-16  -3.2260022e-16  1.5489393e-16  1.0944157e-15  -4.5792916e-17  -1.5149312e-16  -3.9535470e-16  -4.9102487e-17  1.9980474e-16  1.0000000   -6.8735771e-16  -2.0524189e-16  -1.2982705e-16  -7.8259706e-16  -8.4100115e-17  4.4117499e-16  8.2341787e-17  6.1980643e-20  2.4278376e-16  -2.7114014e-16  -1.1897933e-16  -3.3500884e-16  -1.4947485e-16  2.1341039e-16  3.1498637e-17  -2.1670629e-16  1.5036224e-16  3.3409048e-16  1.9498046e-16  4.0722652e-17  2.4812440e-16  5.7401114e-16  -3.2260022e-16  1.5489393e-16  1.0944157e-15  -4.5792916e-17  -1.5149312e-16  -3.9535470e-16  -4.9102487e-17  1.9980474e-16  1.0000000   -6.8735771e-16  -2.0524189e-16  -1.2982705e-16  -7.8259706e-16  -8.4100115e-17  4.4117499e-16  8.2341787e-17  
-1.2187595e-16  -3.3930408e-16  3.1662485e-17  -9.7205737e-16  5.8861728e-16  4.5172470e-17  1.1734900e-16  -1.3394424e-16  1.5208791e-16  2.8153916e-16  -4.1479696e-17  -9.7782059e-16  1.8235326e-17  -2.4750514e-17  -1.0502005e-16  3.7684547e-17  -1.3768290e-16  -6.4826530e-16  -4.9795476e-16  -4.0230150e-16  -2.0232666e-17  3.6343338e-19  -4.7863119e-16  -6.8735771e-16  1.0000000   5.8811908e-16  8.3430027e-17  1.6316969e-16  4.3986554e-17  2.6207023e-16  2.7415288e-16  -1.2187595e-16  -3.3930408e-16  3.1662485e-17  -9.7205737e-16  5.8861728e-16  4.5172470e-17  1.1734900e-16  -1.3394424e-16  1.5208791e-16  2.8153916e-16  -4.1479696e-17  -9.7782059e-16  1.8235326e-17  -2.4750514e-17  -1.0502005e-16  3.7684547e-17  -1.3768290e-16  -6.4826530e-16  -4.9795476e-16  -4.0230150e-16  -2.0232666e-17  3.6343338e-19  -4.7863119e-16  -6.8735771e-16  1.0000000   5.8811908e-16  8.3430027e-17  1.6316969e-16  4.3986554e-17  2.6207023e-16  2.7415288e-16  
-4.8083014e-16  3.4846568e-16  -9.1746746e-16  -3.5965520e-16  7.9154881e-16  1.5657352e-16  -3.1216528e-16  6.7768712e-17  2.8225977e-17  3.4413664e-16  -4.7191800e-16  -5.8872241e-16  -2.3658238e-16  -3.6116294e-17  -1.2553891e-16  -9.2988078e-16  -7.9372989e-17  -3.5278992e-16  7.8154459e-17  -3.8495450e-17  8.5326019e-17  -2.5473469e-16  -5.4082318e-16  -2.0524189e-16  5.8811908e-16  1.0000000   3.3466971e-16  -6.6660644e-16  1.5162673e-16  3.5850180e-17  3.1412836e-16  -4.8083014e-16  3.4846568e-16  -9.1746746e-16  -3.5965520e-16  7.9154881e-16  1.5657352e-16  -3.1216528e-16  6.7768712e-17  2.8225977e-17  3.4413664e-16  -4.7191800e-16  -5.8872241e-16  -2.3658238e-16  -3.6116294e-17  -1.2553891e-16  -9.2988078e-16  -7.9372989e-17  -3.5278992e-16  7.8154459e-17  -3.8495450e-17  8.5326019e-17  -2.5473469e-16  -5.4082318e-16  -2.0524189e-16  5.8811908e-16  1.0000000   3.3466971e-16  -6.6660644e-16  1.5162673e-16  3.5850180e-17  3.1412836e-16  
7.3566289e-16  -2.3917673e-16  3.7757969e-17  1.4761670e-17  9.8308990e-17  1.7683254e-16  -4.7403788e-16  -3.2888039e-16  1.0080219e-16  1.4294420e-16  -6.0203693e-16  -1.3574463e-15  -1.7005453e-16  1.1987961e-16  1.0118299e-16  -4.0588636e-16  5.8941824e-16  -3.3544511e-16  -5.9592976e-16  -2.5969555e-16  4.8383927e-16  -6.6532872e-16  -4.6594532e-16  -1.2982705e-16  8.3430027e-17  3.3466971e-16  1.0000000   -5.8248887e-16  7.8032646e-16  1.1370491e-15  3.1935086e-16  7.3566289e-16  -2.3917673e-16  3.7757969e-17  1.4761670e-17  9.8308990e-17  1.7683254e-16  -4.7403788e-16  -3.2888039e-16  1.0080219e-16  1.4294420e-16  -6.0203693e-16  -1.3574463e-15  -1.7005453e-16  1.1987961e-16  1.0118299e-16  -4.0588636e-16  5.8941824e-16  -3.3544511e-16  -5.9592976e-16  -2.5969555e-16  4.8383927e-16  -6.6532872e-16  -4.6594532e-16  -1.2982705e-16  8.3430027e-17  3.3466971e-16  1.0000000   -5.8248887e-16  7.8032646e-16  1.1370491e-15  3.1935086e-16  
-1.7560758e-16  -4.0278139e-16  1.2919926e-16  2.1839231e-16  -9.8044392e-17  -2.4673496e-16  1.4025138e-16  -1.9998604e-16  3.7001985e-17  2.7390692e-16  1.9531790e-16  9.4054527e-16  -5.3785360e-17  4.7872210e-17  1.2341404e-16  6.3608554e-17  4.6971931e-16  2.0481481e-16  1.9802332e-16  4.0062492e-16  -5.2228650e-16  -4.2410168e-16  4.5434550e-16  -7.8259706e-16  1.6316969e-16  -6.6660644e-16  -5.8248887e-16  1.0000000   -2.1298321e-16  -4.5595323e-17  3.6157469e-16  -1.7560758e-16  -4.0278139e-16  1.2919926e-16  2.1839231e-16  -9.8044392e-17  -2.4673496e-16  1.4025138e-16  -1.9998604e-16  3.7001985e-17  2.7390692e-16  1.9531790e-16  9.4054527e-16  -5.3785360e-17  4.7872210e-17  1.2341404e-16  6.3608554e-17  4.6971931e-16  2.0481481e-16  1.9802332e-16  4.0062492e-16  -5.2228650e-16  -4.2410168e-16  4.5434550e-16  -7.8259706e-16  1.6316969e-16  -6.6660644e-16  -5.8248887e-16  1.0000000   -2.1298321e-16  -4.5595323e-17  3.6157469e-16  
1.0181189e-16  -3.5809434e-16  -1.4849073e-16  -8.7028106e-16  5.9714553e-16  2.6039455e-16  -4.0612784e-16  -1.4883189e-16  -2.2579666e-16  -3.7999035e-16  6.6114760e-18  -6.5984872e-16  -3.7811297e-16  3.5969140e-17  -4.8888837e-16  -1.2280305e-16  8.0009491e-17  -5.1996471e-16  -1.5047843e-16  -9.8447419e-17  6.2510275e-16  -4.1789384e-16  -5.2036355e-16  -8.4100115e-17  4.3986554e-17  1.5162673e-16  7.8032646e-16  -2.1298321e-16  1.0000000   5.4791067e-16  -5.3155195e-17  1.0181189e-16  -3.5809434e-16  -1.4849073e-16  -8.7028106e-16  5.9714553e-16  2.6039455e-16  -4.0612784e-16  -1.4883189e-16  -2.2579666e-16  -3.7999035e-16  6.6114760e-18  -6.5984872e-16  -3.7811297e-16  3.5969140e-17  -4.8888837e-16  -1.2280305e-16  8.0009491e-17  -5.1996471e-16  -1.5047843e-16  -9.8447419e-17  6.2510275e-16  -4.1789384e-16  -5.2036355e-16  -8.4100115e-17  4.3986554e-17  1.5162673e-16  7.8032646e-16  -2.1298321e-16  1.0000000   5.4791067e-16  -5.3155195e-17  
5.0164294e-16  -5.8636595e-16  -6.4456801e-16  -2.6193981e-16  8.9321926e-16  -6.1078040e-17  1.4235510e-16  -3.6047464e-16  -1.1419971e-16  -2.3528490e-16  -4.5021141e-16  -5.0385158e-16  -6.7627230e-17  -2.5057822e-17  1.0915806e-17  -5.4469910e-18  1.8810468e-16  5.6976839e-16  -1.5114355e-16  -6.1894226e-17  3.2489633e-16  -1.4116226e-16  -8.7090451e-16  4.4117499e-16  2.6207023e-16  3.5850180e-17  1.1370491e-15  -4.5595323e-17  5.4791067e-16  1.0000000   -8.9260247e-16  5.0164294e-16  -5.8636595e-16  -6.4456801e-16  -2.6193981e-16  8.9321926e-16  -6.1078040e-17  1.4235510e-16  -3.6047464e-16  -1.1419971e-16  -2.3528490e-16  -4.5021141e-16  -5.0385158e-16  -6.7627230e-17  -2.5057822e-17  1.0915806e-17  -5.4469910e-18  1.8810468e-16  5.6976839e-16  -1.5114355e-16  -6.1894226e-17  3.2489633e-16  -1.4116226e-16  -8.7090451e-16  4.4117499e-16  2.6207023e-16  3.5850180e-17  1.1370491e-15  -4.5595323e-17  5.4791067e-16  1.0000000   -8.9260247e-16  
1.8456180e-16  -6.1107745e-16  -9.3992589e-17  6.2706905e-16  3.1249503e-16  1.4571524e-16  -6.6250020e-17  4.1250762e-16  5.0098167e-16  -4.5438763e-16  -5.2832383e-17  -4.5104475e-16  -3.2076996e-16  -5.7024508e-18  2.5430796e-16  -9.8082353e-16  -8.9039641e-16  1.3899025e-16  1.4284353e-16  3.6580068e-16  3.0716855e-16  6.5186302e-16  -7.0371567e-16  8.2341787e-17  2.7415288e-16  3.1412836e-16  3.1935086e-16  3.6157469e-16  -5.3155195e-17  -8.9260247e-16  1.0000000   1.8456180e-16  -6.1107745e-16  -9.3992589e-17  6.2706905e-16  3.1249503e-16  1.4571524e-16  -6.6250020e-17  4.1250762e-16  5.0098167e-16  -4.5438763e-16  -5.2832383e-17  -4.5104475e-16  -3.2076996e-16  -5.7024508e-18  2.5430796e-16  -9.8082353e-16  -8.9039641e-16  1.3899025e-16  1.4284353e-16  3.6580068e-16  3.0716855e-16  6.5186302e-16  -7.0371567e-16  8.2341787e-17  2.7415288e-16  3.1412836e-16  3.1935086e-16  3.6157469e-16  -5.3155195e-17  -8.9260247e-16  1.0000000   
1.0000000   9.6649520e-19  -2.9193299e-16  1.5713569e-16  -1.9589417e-16  -3.9086009e-16  -3.3462387e-16  4.8402753e-16  -2.6908018e-17  -3.9830784e-16  -4.0375517e-16  -9.5436254e-17  9.4478004e-16  1.3256989e-16  -8.4134733e-16  -5.3766104e-16  -2.6604046e-17  -9.6065262e-17  4.8946605e-16  -3.8807564e-16  -6.7788740e-16  5.9910603e-16  4.5054189e-16  6.1980643e-20  -1.2187595e-16  -4.8083014e-16  7.3566289e-16  -1.7560758e-16  1.0181189e-16  5.0164294e-16  1.8456180e-16  1.0000000   9.6649520e-19  -2.9193299e-16  1.5713569e-16  -1.9589417e-16  -3.9086009e-16  -3.3462387e-16  4.8402753e-16  -2.6908018e-17  -3.9830784e-16  -4.0375517e-16  -9.5436254e-17  9.4478004e-16  1.3256989e-16  -8.4134733e-16  -5.3766104e-16  -2.6604046e-17  -9.6065262e-17  4.8946605e-16  -3.8807564e-16  -6.7788740e-16  5.9910603e-16  4.5054189e-16  6.1980643e-20  -1.2187595e-16  -4.8083014e-16  7.3566289e-16  -1.7560758e-16  1.0181189e-16  5.0164294e-16  1.8456180e-16  
9.6649520e-19  1.0000000   3.6068542e-17  5.3084612e-16  -7.0648481e-16  -2.3649788e-16  -6.1266608e-17  -7.5282241e-16  -4.2854414e-16  -3.7536387e-16  -1.4444657e-16  -2.0601389e-16  2.0318683e-17  1.0891372e-16  -5.1479006e-16  6.8217820e-16  -2.2094978e-16  3.2050416e-16  1.0418604e-16  7.2213506e-17  -4.1999684e-17  1.0947811e-16  7.5429526e-16  2.4278376e-16  -3.3930408e-16  3.4846568e-16  -2.3917673e-16  -4.0278139e-16  -3.5809434e-16  -5.8636595e-16  -6.1107745e-16  9.6649520e-19  1.0000000   3.6068542e-17  5.3084612e-16  -7.0648481e-16  -2.3649788e-16  -6.1266608e-17  -7.5282241e-16  -4.2854414e-16  -3.7536387e-16  -1.4444657e-16  -2.0601389e-16  2.0318683e-17  1.0891372e-16  -5.1479006e-16  6.8217820e-16  -2.2094978e-16  3.2050416e-16  1.0418604e-16  7.2213506e-17  -4.1999684e-17  1.0947811e-16  7.5429526e-16  2.4278376e-16  -3.3930408e-16  3.4846568e-16  -2.3917673e-16  -4.0278139e-16  -3.5809434e-16  -5.8636595e-16  -6.1107745e-16  
-2.9193299e-16  3.6068542e-17  1.0000000   -4.3743736e-16  -5.0618289e-16  -1.1491981e-16  -7.8738522e-17  -6.9147618e-16  1.9288726e-16  -5.0036395e-16  -4.5920085e-16  3.2312653e-17  2.1422450e-16  -5.2801473e-17  -5.3550927e-16  -4.1259463e-17  4.9529136e-16  -5.6110162e-16  5.5893165e-16  -8.8892719e-16  -1.0749849e-16  -8.1273134e-16  7.5954146e-16  -2.7114014e-16  3.1662485e-17  -9.1746746e-16  3.7757969e-17  1.2919926e-16  -1.4849073e-16  -6.4456801e-16  -9.3992589e-17  -2.9193299e-16  3.6068542e-17  1.0000000   -4.3743736e-16  -5.0618289e-16  -1.1491981e-16  -7.8738522e-17  -6.9147618e-16  1.9288726e-16  -5.0036395e-16  -4.5920085e-16  3.2312653e-17  2.1422450e-16  -5.2801473e-17  -5.3550927e-16  -4.1259463e-17  4.9529136e-16  -5.6110162e-16  5.5893165e-16  -8.8892719e-16  -1.0749849e-16  -8.1273134e-16  7.5954146e-16  -2.7114014e-16  3.1662485e-17  -9.1746746e-16  3.7757969e-17  1.2919926e-16  -1.4849073e-16  -6.4456801e-16  -9.3992589e-17  
1.5713569e-16  5.3084612e-16  -4.3743736e-16  1.0000000   -7.6042104e-16  -4.1917512e-16  1.0847119e-15  -3.5510265e-16  2.7504172e-16  1.2340032e-16  -6.1214551e-16  3.9116579e-16  3.6806505e-16  -1.7716473e-16  3.3741538e-16  -1.8484458e-16  -1.7589727e-16  -2.3838940e-16  7.0786728e-16  3.6841811e-17  -1.9119451e-16  -2.1043096e-16  1.9268135e-16  -1.1897933e-16  -9.7205737e-16  -3.5965520e-16  1.4761670e-17  2.1839231e-16  -8.7028106e-16  -2.6193981e-16  6.2706905e-16  1.5713569e-16  5.3084612e-16  -4.3743736e-16  1.0000000   -7.6042104e-16  -4.1917512e-16  1.0847119e-15  -3.5510265e-16  2.7504172e-16  1.2340032e-16  -6.1214551e-16  3.9116579e-16  3.6806505e-16  -1.7716473e-16  3.3741538e-16  -1.8484458e-16  -1.7589727e-16  -2.3838940e-16  7.0786728e-16  3.6841811e-17  -1.9119451e-16  -2.1043096e-16  1.9268135e-16  -1.1897933e-16  -9.7205737e-16  -3.5965520e-16  1.4761670e-17  2.1839231e-16  -8.7028106e-16  -2.6193981e-16  6.2706905e-16  
-1.9589417e-16  -7.0648481e-16  -5.0618289e-16  -7.6042104e-16  1.0000000   -3.9418832e-17  -3.7353697e-16  -8.7668698e-17  1.0443944e-15  5.7234725e-16  3.2467622e-16  8.6007501e-16  -2.3270686e-16  1.2023524e-15  -1.0830079e-15  1.7861774e-18  -1.3117149e-16  -5.9691207e-16  4.4655035e-16  -4.9349718e-16  2.2035153e-16  -1.2681403e-16  2.2668960e-16  -3.3500884e-16  5.8861728e-16  7.9154881e-16  9.8308990e-17  -9.8044392e-17  5.9714553e-16  8.9321926e-16  3.1249503e-16  -1.9589417e-16  -7.0648481e-16  -5.0618289e-16  -7.6042104e-16  1.0000000   -3.9418832e-17  -3.7353697e-16  -8.7668698e-17  1.0443944e-15  5.7234725e-16  3.2467622e-16  8.6007501e-16  -2.3270686e-16  1.2023524e-15  -1.0830079e-15  1.7861774e-18  -1.3117149e-16  -5.9691207e-16  4.4655035e-16  -4.9349718e-16  2.2035153e-16  -1.2681403e-16  2.2668960e-16  -3.3500884e-16  5.8861728e-16  7.9154881e-16  9.8308990e-17  -9.8044392e-17  5.9714553e-16  8.9321926e-16  3.1249503e-16  
-3.9086009e-16  -2.3649788e-16  -1.1491981e-16  -4.1917512e-16  -3.9418832e-17  1.0000000   -1.6281672e-16  -2.1459458e-16  5.4084924e-16  8.2436952e-16  -3.6314800e-16  -1.1413425e-16  4.9723531e-16  -7.0615264e-16  -5.6569550e-17  -8.6223176e-16  1.8755701e-16  -1.1557856e-16  1.7949238e-16  1.1433216e-16  8.8479732e-16  -2.7486704e-16  -2.6531722e-16  -1.4947485e-16  4.5172470e-17  1.5657352e-16  1.7683254e-16  -2.4673496e-16  2.6039455e-16  -6.1078040e-17  1.4571524e-16  -3.9086009e-16  -2.3649788e-16  -1.1491981e-16  -4.1917512e-16  -3.9418832e-17  1.0000000   -1.6281672e-16  -2.1459458e-16  5.4084924e-16  8.2436952e-16  -3.6314800e-16  -1.1413425e-16  4.9723531e-16  -7.0615264e-16  -5.6569550e-17  -8.6223176e-16  1.8755701e-16  -1.1557856e-16  1.7949238e-16  1.1433216e-16  8.8479732e-16  -2.7486704e-16  -2.6531722e-16  -1.4947485e-16  4.5172470e-17  1.5657352e-16  1.7683254e-16  -2.4673496e-16  2.6039455e-16  -6.1078040e-17  1.4571524e-16  
-3.3462387e-16  -6.1266608e-17  -7.8738522e-17  1.0847119e-15  -3.7353697e-16  -1.6281672e-16  1.0000000   5.8683210e-17  2.9427880e-17  -1.0990838e-15  -3.1714376e-17  -7.2932620e-17  -7.5385674e-17  -3.6559317e-16  6.9893456e-16  1.5330950e-16  -5.4409637e-16  -2.7254787e-16  -3.3358846e-16  -4.2530026e-17  7.8454195e-16  5.2578721e-16  -2.1872091e-17  2.1341039e-16  1.1734900e-16  -3.1216528e-16  -4.7403788e-16  1.4025138e-16  -4.0612784e-16  1.4235510e-16  -6.6250020e-17  -3.3462387e-16  -6.1266608e-17  -7.8738522e-17  1.0847119e-15  -3.7353697e-16  -1.6281672e-16  1.0000000   5.8683210e-17  2.9427880e-17  -1.0990838e-15  -3.1714376e-17  -7.2932620e-17  -7.5385674e-17  -3.6559317e-16  6.9893456e-16  1.5330950e-16  -5.4409637e-16  -2.7254787e-16  -3.3358846e-16  -4.2530026e-17  7.8454195e-16  5.2578721e-16  -2.1872091e-17  2.1341039e-16  1.1734900e-16  -3.1216528e-16  -4.7403788e-16  1.4025138e-16  -4.0612784e-16  1.4235510e-16  -6.6250020e-17  
4.8402753e-16  -7.5282241e-16  -6.9147618e-16  -3.5510265e-16  -8.7668698e-17  -2.1459458e-16  5.8683210e-17  1.0000000   3.7862765e-16  9.0259755e-17  -6.0899161e-16  8.5112660e-16  -5.8502943e-16  5.8094440e-16  -7.8020103e-16  6.0257529e-16  2.8319034e-16  1.6386997e-16  -3.1437710e-16  4.0937453e-16  -7.7178110e-16  -2.8644425e-16  4.3980098e-16  3.1498637e-17  -1.3394424e-16  6.7768712e-17  -3.2888039e-16  -1.9998604e-16  -1.4883189e-16  -3.6047464e-16  4.1250762e-16  4.8402753e-16  -7.5282241e-16  -6.9147618e-16  -3.5510265e-16  -8.7668698e-17  -2.1459458e-16  5.8683210e-17  1.0000000   3.7862765e-16  9.0259755e-17  -6.0899161e-16  8.5112660e-16  -5.8502943e-16  5.8094440e-16  -7.8020103e-16  6.0257529e-16  2.8319034e-16  1.6386997e-16  -3.1437710e-16  4.0937453e-16  -7.7178110e-16  -2.8644425e-16  4.3980098e-16  3.1498637e-17  -1.3394424e-16  6.7768712e-17  -3.2888039e-16  -1.9998604e-16  -1.4883189e-16  -3.6047464e-16  4.1250762e-16  
-2.6908018e-17  -4.2854414e-16  1.9288726e-16  2.7504172e-16  1.0443944e-15  5.4084924e-16  2.9427880e-17  3.7862765e-16  1.0000000   -2.0368161e-16  -6.9507346e-16  -2.4637525e-16  -2.6381682e-16  8.5091390e-17  -1.7834195e-16  6.3367857e-17  -2.7393151e-16  1.9690484e-16  -5.1848563e-16  -1.1842712e-16  -8.0222586e-17  -7.8967086e-16  -2.4898517e-16  -2.1670629e-16  1.5208791e-16  2.8225977e-17  1.0080219e-16  3.7001985e-17  -2.2579666e-16  -1.1419971e-16  5.0098167e-16  -2.6908018e-17  -4.2854414e-16  1.9288726e-16  2.7504172e-16  1.0443944e-15  5.4084924e-16  2.9427880e-17  3.7862765e-16  1.0000000   -2.0368161e-16  -6.9507346e-16  -2.4637525e-16  -2.6381682e-16  8.5091390e-17  -1.7834195e-16  6.3367857e-17  -2.7393151e-16  1.9690484e-16  -5.1848563e-16  -1.1842712e-16  -8.0222586e-17  -7.8967086e-16  -2.4898517e-16  -2.1670629e-16  1.5208791e-16  2.8225977e-17  1.0080219e-16  3.7001985e-17  -2.2579666e-16  -1.1419971e-16  5.0098167e-16  
-3.9830784e-16  -3.7536387e-16  -5.0036395e-16  1.2340032e-16  5.7234725e-16  8.2436952e-16  -1.0990838e-15  9.0259755e-17  -2.0368161e-16  1.0000000   9.6558753e-17  -1.1225682e-15  -3.1177527e-16  -2.2801809e-16  -2.4202905e-16  2.4489284e-17  5.9925156e-16  -5.0307571e-16  -9.9132392e-17  8.2697008e-16  1.6731739e-16  -6.2576865e-17  3.8942418e-16  1.5036224e-16  2.8153916e-16  3.4413664e-16  1.4294420e-16  2.7390692e-16  -3.7999035e-16  -2.3528490e-16  -4.5438763e-16  -3.9830784e-16  -3.7536387e-16  -5.0036395e-16  1.2340032e-16  5.7234725e-16  8.2436952e-16  -1.0990838e-15  9.0259755e-17  -2.0368161e-16  1.0000000   9.6558753e-17  -1.1225682e-15  -3.1177527e-16  -2.2801809e-16  -2.4202905e-16  2.4489284e-17  5.9925156e-16  -5.0307571e-16  -9.9132392e-17  8.2697008e-16  1.6731739e-16  -6.2576865e-17  3.8942418e-16  1.5036224e-16  2.8153916e-16  3.4413664e-16  1.4294420e-16  2.7390692e-16  -3.7999035e-16  -2.3528490e-16  -4.5438763e-16  
