1.0000000   -1.9795047e-16  -4.1653178e-16  -1.3089505e-18  2.6735146e-16  -6.5807887e-16  3.5116512e-16  1.8583882e-16  -1.3974497e-16  3.8464176e-16  -3.9955016e-16  1.5337755e-16  6.5301035e-16  8.7185508e-16  7.0670356e-16  -6.2262390e-16  2.3017420e-16  9.5786229e-16  -2.2606354e-16  4.7122112e-16  2.2435413e-16  6.1688417e-18  1.8156049e-16  3.0935727e-16  2.1511659e-18  -1.8530743e-16  1.0733145e-17  8.0181557e-16  -2.5809881e-16  -4.5618984e-16  3.2714633e-17  1.0000000   -1.9795047e-16  -4.1653178e-16  -1.3089505e-18  2.6735146e-16  -6.5807887e-16  3.5116512e-16  1.8583882e-16  -1.3974497e-16  3.8464176e-16  -3.9955016e-16  1.5337755e-16  6.5301035e-16  8.7185508e-16  7.0670356e-16  -6.2262390e-16  2.3017420e-16  9.5786229e-16  -2.2606354e-16  4.7122112e-16  2.2435413e-16  6.1688417e-18  1.8156049e-16  3.0935727e-16  2.1511659e-18  -1.8530743e-16  1.0733145e-17  8.0181557e-16  -2.5809881e-16  -4.5618984e-16  3.2714633e-17  
-1.9795047e-16  1.0000000   3.4310790e-18  1.1350075e-15  -8.6575048e-16  9.2579063e-16  -6.2335227e-16  -6.6917852e-16  -6.4755456e-16  -1.6092064e-16  1.7202863e-16  -3.9917239e-16  -1.9064057e-16  -7.7663655e-16  1.1589934e-15  9.0854314e-16  6.6596996e-17  -1.1141854e-16  -1.5859792e-17  -2.2549807e-16  -4.3986812e-16  9.6863422e-17  -4.0929080e-16  2.3038757e-16  6.5953690e-16  4.9410516e-16  -3.0911167e-16  2.0695289e-16  4.9308174e-16  -6.3536680e-16  -7.4072780e-17  -1.9795047e-16  1.0000000   3.4310790e-18  1.1350075e-15  -8.6575048e-16  9.2579063e-16  -6.2335227e-16  -6.6917852e-16  -6.4755456e-16  -1.6092064e-16  1.7202863e-16  -3.9917239e-16  -1.9064057e-16  -7.7663655e-16  1.1589934e-15  9.0854314e-16  6.6596996e-17  -1.1141854e-16  -1.5859792e-17  -2.2549807e-16  -4.3986812e-16  9.6863422e-17  -4.0929080e-16  2.3038757e-16  6.5953690e-16  4.9410516e-16  -3.0911167e-16  2.0695289e-16  4.9308174e-16  -6.3536680e-16  -7.4072780e-17  
-4.1653178e-16  3.4310790e-18  1.0000000   9.3339462e-17  -1.2837998e-16  -5.6920645e-16  9.2109191e-16  -7.4186667e-16  1.1615734e-16  -5.7829675e-16  7.1548153e-16  -3.5435167e-16  3.1502960e-16  1.0545505e-16  6.0275949e-16  3.2292166e-16  -6.1584679e-17  -1.3065032e-16  8.8996294e-17  -7.5438380e-17  -1.1930026e-17  -4.1632422e-17  2.8185290e-16  -5.9718262e-16  1.4743655e-16  9.3659383e-17  1.3142586e-16  -5.1908519e-16  7.2820711e-16  3.0197012e-16  3.8119519e-16  -4.1653178e-16  3.4310790e-18  1.0000000   9.3339462e-17  -1.2837998e-16  -5.6920645e-16  9.2109191e-16  -7.4186667e-16  1.1615734e-16  -5.7829675e-16  7.1548153e-16  -3.5435167e-16  3.1502960e-16  1.0545505e-16  6.0275949e-16  3.2292166e-16  -6.1584679e-17  -1.3065032e-16  8.8996294e-17  -7.5438380e-17  -1.1930026e-17  -4.1632422e-17  2.8185290e-16  -5.9718262e-16  1.4743655e-16  9.3659383e-17  1.3142586e-16  -5.1908519e-16  7.2820711e-16  3.0197012e-16  3.8119519e-16  
-1.3089505e-18  1.1350075e-15  9.3339462e-17  1.0000000   -1.1819730e-16  1.8188723e-16  -8.4185840e-17  -4.6029596e-16  2.8583728e-17  7.7564886e-16  7.9074556e-17  -1.4673553e-15  2.4719709e-16  5.7080108e-17  -1.7798815e-16  5.2468629e-17  -1.6480437e-16  -3.1490573e-16  3.5659348e-16  9.2170115e-16  -2.7044759e-16  1.0599904e-16  5.1133270e-16  5.5318117e-16  -3.0453216e-16  3.9390566e-16  2.0968741e-16  2.6365833e-16  -1.1622095e-16  -3.8085485e-16  -2.0110907e-16  -1.3089505e-18  1.1350075e-15  9.3339462e-17  1.0000000   -1.1819730e-16  1.8188723e-16  -8.4185840e-17  -4.6029596e-16  2.8583728e-17  7.7564886e-16  7.9074556e-17  -1.4673553e-15  2.4719709e-16  5.7080108e-17  -1.7798815e-16  5.2468629e-17  -1.6480437e-16  -3.1490573e-16  3.5659348e-16  9.2170115e-16  -2.7044759e-16  1.0599904e-16  5.1133270e-16  5.5318117e-16  -3.0453216e-16  3.9390566e-16  2.0968741e-16  2.6365833e-16  -1.1622095e-16  -3.8085485e-16  -2.0110907e-16  
2.6735146e-16  -8.6575048e-16  -1.2837998e-16  -1.1819730e-16  1.0000000   -5.1194400e-16  5.8038446e-17  3.4902375e-16  -2.5454928e-16  3.1038447e-16  -6.2050897e-16  4.0981814e-16  -8.8072736e-17  8.6741266e-16  5.3788903e-16  -5.4545716e-16  2.9111365e-16  -2.0620737e-16  2.1800930e-16  1.2517960e-16  4.3418515e-16  5.2515587e-16  -1.0177041e-16  -1.9814939e-16  -2.3184278e-17  -3.4505728e-16  -8.7493533e-16  2.1455470e-16  4.4803897e-17  2.9556761e-16  2.9999504e-16  2.6735146e-16  -8.6575048e-16  -1.2837998e-16  -1.1819730e-16  1.0000000   -5.1194400e-16  5.8038446e-17  3.4902375e-16  -2.5454928e-16  3.1038447e-16  -6.2050897e-16  4.0981814e-16  -8.8072736e-17  8.6741266e-16  5.3788903e-16  -5.4545716e-16  2.9111365e-16  -2.0620737e-16  2.1800930e-16  1.2517960e-16  4.3418515e-16  5.2515587e-16  -1.0177041e-16  -1.9814939e-16  -2.3184278e-17  -3.4505728e-16  -8.7493533e-16  2.1455470e-16  4.4803897e-17  2.9556761e-16  2.9999504e-16  
-6.5807887e-16  9.2579063e-16  -5.6920645e-16  1.8188723e-16  -5.1194400e-16  1.0000000   2.9115840e-17  -7.9979893e-17  2.8291515e-16  -1.1873892e-16  2.3950001e-16  -6.0108979e-16  -9.9199252e-17  -5.6807614e-16  6.9687059e-16  7.9746846e-16  7.7106726e-16  1.5480678e-17  -3.9457452e-16  2.5435444e-16  -1.0665455e-16  3.5551836e-17  -2.0486650e-16  -5.8628991e-16  1.4440104e-16  7.1514458e-16  -5.5846590e-16  -8.9242015e-16  -7.0159082e-16  -6.7100896e-16  -1.0597603e-15  -6.5807887e-16  9.2579063e-16  -5.6920645e-16  1.8188723e-16  -5.1194400e-16  1.0000000   2.9115840e-17  -7.9979893e-17  2.8291515e-16  -1.1873892e-16  2.3950001e-16  -6.0108979e-16  -9.9199252e-17  -5.6807614e-16  6.9687059e-16  7.9746846e-16  7.7106726e-16  1.5480678e-17  -3.9457452e-16  2.5435444e-16  -1.0665455e-16  3.5551836e-17  -2.0486650e-16  -5.8628991e-16  1.4440104e-16  7.1514458e-16  -5.5846590e-16  -8.9242015e-16  -7.0159082e-16  -6.7100896e-16  -1.0597603e-15  
3.5116512e-16  -6.2335227e-16  9.2109191e-16  -8.4185840e-17  5.8038446e-17  2.9115840e-17  1.0000000   -3.6571002e-16  -2.1176284e-16  -1.3354551e-15  4.6635199e-16  -3.6994942e-16  8.9635164e-17  3.1432101e-16  9.0949216e-16  -1.4966995e-16  -7.2398787e-16  2.0906326e-16  1.4110645e-16  2.1153438e-17  9.9392666e-17  -7.0666988e-16  2.2901562e-16  -1.8138360e-16  -5.8186498e-16  2.7274709e-17  -3.7124737e-16  -4.3723649e-17  3.7486370e-18  4.6610904e-16  1.0025425e-16  3.5116512e-16  -6.2335227e-16  9.2109191e-16  -8.4185840e-17  5.8038446e-17  2.9115840e-17  1.0000000   -3.6571002e-16  -2.1176284e-16  -1.3354551e-15  4.6635199e-16  -3.6994942e-16  8.9635164e-17  3.1432101e-16  9.0949216e-16  -1.4966995e-16  -7.2398787e-16  2.0906326e-16  1.4110645e-16  2.1153438e-17  9.9392666e-17  -7.0666988e-16  2.2901562e-16  -1.8138360e-16  -5.8186498e-16  2.7274709e-17  -3.7124737e-16  -4.3723649e-17  3.7486370e-18  4.6610904e-16  1.0025425e-16  
1.8583882e-16  -6.6917852e-16  -7.4186667e-16  -4.6029596e-16  3.4902375e-16  -7.9979893e-17  -3.6571002e-16  1.0000000   4.3656877e-16  -6.6035734e-16  -2.9904683e-16  -1.2904830e-16  3.8122432e-16  2.2521891e-16  -1.7063825e-16  -4.0163198e-16  -1.2180644e-16  -5.9003564e-16  2.8193974e-16  -3.0081317e-16  -6.6670335e-16  -3.3732176e-16  4.6557085e-17  2.5436638e-16  -8.6286011e-17  -3.7330513e-16  1.5309200e-16  -2.1647136e-16  4.6299791e-16  5.1669257e-16  1.7085221e-16  1.8583882e-16  -6.6917852e-16  -7.4186667e-16  -4.6029596e-16  3.4902375e-16  -7.9979893e-17  -3.6571002e-16  1.0000000   4.3656877e-16  -6.6035734e-16  -2.9904683e-16  -1.2904830e-16  3.8122432e-16  2.2521891e-16  -1.7063825e-16  -4.0163198e-16  -1.2180644e-16  -5.9003564e-16  2.8193974e-16  -3.0081317e-16  -6.6670335e-16  -3.3732176e-16  4.6557085e-17  2.5436638e-16  -8.6286011e-17  -3.7330513e-16  1.5309200e-16  -2.1647136e-16  4.6299791e-16  5.1669257e-16  1.7085221e-16  
-1.3974497e-16  -6.4755456e-16  1.1615734e-16  2.8583728e-17  -2.5454928e-16  2.8291515e-16  -2.1176284e-16  4.3656877e-16  1.0000000   -8.3950645e-16  -1.3817176e-16  1.5846665e-16  -6.9563051e-17  -6.6781470e-17  -1.8535872e-16  -3.9224566e-16  1.0175166e-16  1.5863785e-16  -2.4581907e-17  -6.5197755e-16  8.1636638e-17  -2.8097425e-17  -3.5873158e-16  -4.7503911e-16  -7.5994512e-17  -2.3409655e-16  1.1068129e-15  1.2760604e-17  7.9915729e-17  -1.6597151e-16  8.2008955e-16  -1.3974497e-16  -6.4755456e-16  1.1615734e-16  2.8583728e-17  -2.5454928e-16  2.8291515e-16  -2.1176284e-16  4.3656877e-16  1.0000000   -8.3950645e-16  -1.3817176e-16  1.5846665e-16  -6.9563051e-17  -6.6781470e-17  -1.8535872e-16  -3.9224566e-16  1.0175166e-16  1.5863785e-16  -2.4581907e-17  -6.5197755e-16  8.1636638e-17  -2.8097425e-17  -3.5873158e-16  -4.7503911e-16  -7.5994512e-17  -2.3409655e-16  1.1068129e-15  1.2760604e-17  7.9915729e-17  -1.6597151e-16  8.2008955e-16  
3.8464176e-16  -1.6092064e-16  -5.7829675e-16  7.7564886e-16  3.1038447e-16  -1.1873892e-16  -1.3354551e-15  -6.6035734e-16  -8.3950645e-16  1.0000000   -5.8728644e-17  -4.2570636e-16  1.2920238e-16  -3.0339856e-16  -1.0113809e-16  -1.4092460e-16  8.0835049e-16  -2.3928127e-16  1.0416598e-16  9.6178134e-16  -2.3902542e-17  -2.8445593e-16  5.5020160e-16  9.2148968e-16  -4.1851774e-16  -1.6319032e-16  -7.1817167e-16  8.1403555e-16  -8.2497231e-17  2.5584929e-16  5.0649373e-16  3.8464176e-16  -1.6092064e-16  -5.7829675e-16  7.7564886e-16  3.1038447e-16  -1.1873892e-16  -1.3354551e-15  -6.6035734e-16  -8.3950645e-16  1.0000000   -5.8728644e-17  -4.2570636e-16  1.2920238e-16  -3.0339856e-16  -1.0113809e-16  -1.4092460e-16  8.0835049e-16  -2.3928127e-16  1.0416598e-16  9.6178134e-16  -2.3902542e-17  -2.8445593e-16  5.5020160e-16  9.2148968e-16  -4.1851774e-16  -1.6319032e-16  -7.1817167e-16  8.1403555e-16  -8.2497231e-17  2.5584929e-16  5.0649373e-16  
-3.9955016e-16  1.7202863e-16  7.1548153e-16  7.9074556e-17  -6.2050897e-16  2.3950001e-16  4.6635199e-16  -2.9904683e-16  -1.3817176e-16  -5.8728644e-17  1.0000000   -8.0578921e-16  -5.6759827e-16  3.9427633e-16  -4.2476987e-16  3.4513464e-17  5.5038460e-16  -1.2271134e-16  -3.9252039e-17  -3.9122438e-16  1.3796777e-17  -4.4090457e-16  -3.7581218e-16  -5.2657928e-16  9.2678481e-17  -2.0477803e-16  -2.6582626e-16  -6.1431909e-16  9.2811974e-17  3.4301544e-16  -1.4135765e-16  -3.9955016e-16  1.7202863e-16  7.1548153e-16  7.9074556e-17  -6.2050897e-16  2.3950001e-16  4.6635199e-16  -2.9904683e-16  -1.3817176e-16  -5.8728644e-17  1.0000000   -8.0578921e-16  -5.6759827e-16  3.9427633e-16  -4.2476987e-16  3.4513464e-17  5.5038460e-16  -1.2271134e-16  -3.9252039e-17  -3.9122438e-16  1.3796777e-17  -4.4090457e-16  -3.7581218e-16  -5.2657928e-16  9.2678481e-17  -2.0477803e-16  -2.6582626e-16  -6.1431909e-16  9.2811974e-17  3.4301544e-16  -1.4135765e-16  
1.5337755e-16  -3.9917239e-16  -3.5435167e-16  -1.4673553e-15  4.0981814e-16  -6.0108979e-16  -3.6994942e-16  -1.2904830e-16  1.5846665e-16  -4.2570636e-16  -8.0578921e-16  1.0000000   7.6444280e-16  6.7219903e-17  6.9423657e-16  4.6578524e-16  -1.3710543e-17  3.6283169e-16  -1.8015006e-16  -1.5422450e-16  3.1147164e-16  8.5182393e-16  8.7523665e-17  2.0294188e-17  2.6812188e-16  -8.9200051e-16  -1.0584507e-16  -1.5740601e-16  3.0936432e-16  8.5013444e-16  8.0265149e-16  1.5337755e-16  -3.9917239e-16  -3.5435167e-16  -1.4673553e-15  4.0981814e-16  -6.0108979e-16  -3.6994942e-16  -1.2904830e-16  1.5846665e-16  -4.2570636e-16  -8.0578921e-16  1.0000000   7.6444280e-16  6.7219903e-17  6.9423657e-16  4.6578524e-16  -1.3710543e-17  3.6283169e-16  -1.8015006e-16  -1.5422450e-16  3.1147164e-16  8.5182393e-16  8.7523665e-17  2.0294188e-17  2.6812188e-16  -8.9200051e-16  -1.0584507e-16  -1.5740601e-16  3.0936432e-16  8.5013444e-16  8.0265149e-16  
6.5301035e-16  -1.9064057e-16  3.1502960e-16  2.4719709e-16  -8.8072736e-17  -9.9199252e-17  8.9635164e-17  3.8122432e-16  -6.9563051e-17  1.2920238e-16  -5.6759827e-16  7.6444280e-16  1.0000000   5.6936100e-16  6.4725569e-16  5.3597442e-16  1.9721387e-16  5.5994728e-17  -2.1806365e-16  1.2494028e-17  8.0515921e-17  -2.3848393e-16  -1.0612111e-16  -4.2486379e-16  -2.8970280e-17  -3.7864527e-16  -7.5060334e-16  6.2426937e-17  -6.0507036e-16  -1.1654033e-16  -5.7423013e-16  6.5301035e-16  -1.9064057e-16  3.1502960e-16  2.4719709e-16  -8.8072736e-17  -9.9199252e-17  8.9635164e-17  3.8122432e-16  -6.9563051e-17  1.2920238e-16  -5.6759827e-16  7.6444280e-16  1.0000000   5.6936100e-16  6.4725569e-16  5.3597442e-16  1.9721387e-16  5.5994728e-17  -2.1806365e-16  1.2494028e-17  8.0515921e-17  -2.3848393e-16  -1.0612111e-16  -4.2486379e-16  -2.8970280e-17  -3.7864527e-16  -7.5060334e-16  6.2426937e-17  -6.0507036e-16  -1.1654033e-16  -5.7423013e-16  
8.7185508e-16  -7.7663655e-16  1.0545505e-16  5.7080108e-17  8.6741266e-16  -5.6807614e-16  3.1432101e-16  2.2521891e-16  -6.6781470e-17  -3.0339856e-16  3.9427633e-16  6.7219903e-17  5.6936100e-16  1.0000000   2.6601161e-16  -8.7401208e-16  -1.9956638e-16  3.4764092e-16  5.9566610e-16  3.8786848e-16  1.1260955e-15  4.2166592e-16  2.5967650e-16  3.9051056e-16  -1.0681629e-15  -3.9758194e-16  3.6004999e-16  6.1463006e-16  -6.2882594e-16  7.8482038e-16  5.2623008e-16  8.7185508e-16  -7.7663655e-16  1.0545505e-16  5.7080108e-17  8.6741266e-16  -5.6807614e-16  3.1432101e-16  2.2521891e-16  -6.6781470e-17  -3.0339856e-16  3.9427633e-16  6.7219903e-17  5.6936100e-16  1.0000000   2.6601161e-16  -8.7401208e-16  -1.9956638e-16  3.4764092e-16  5.9566610e-16  3.8786848e-16  1.1260955e-15  4.2166592e-16  2.5967650e-16  3.9051056e-16  -1.0681629e-15  -3.9758194e-16  3.6004999e-16  6.1463006e-16  -6.2882594e-16  7.8482038e-16  5.2623008e-16  
7.0670356e-16  1.1589934e-15  6.0275949e-16  -1.7798815e-16  5.3788903e-16  6.9687059e-16  9.0949216e-16  -1.7063825e-16  -1.8535872e-16  -1.0113809e-16  -4.2476987e-16  6.9423657e-16  6.4725569e-16  2.6601161e-16  1.0000000   2.0728440e-16  1.6233661e-17  -6.6770451e-16  -7.2680617e-16  -6.5746681e-17  1.2027357e-15  -1.9438061e-16  2.9642945e-16  5.9784438e-16  1.8199936e-16  2.4363434e-16  -9.0444968e-16  4.8353018e-16  -8.4256353e-16  -2.7595401e-16  2.8293973e-16  7.0670356e-16  1.1589934e-15  6.0275949e-16  -1.7798815e-16  5.3788903e-16  6.9687059e-16  9.0949216e-16  -1.7063825e-16  -1.8535872e-16  -1.0113809e-16  -4.2476987e-16  6.9423657e-16  6.4725569e-16  2.6601161e-16  1.0000000   2.0728440e-16  1.6233661e-17  -6.6770451e-16  -7.2680617e-16  -6.5746681e-17  1.2027357e-15  -1.9438061e-16  2.9642945e-16  5.9784438e-16  1.8199936e-16  2.4363434e-16  -9.0444968e-16  4.8353018e-16  -8.4256353e-16  -2.7595401e-16  2.8293973e-16  
-6.2262390e-16  9.0854314e-16  3.2292166e-16  5.2468629e-17  -5.4545716e-16  7.9746846e-16  -1.4966995e-16  -4.0163198e-16  -3.9224566e-16  -1.4092460e-16  3.4513464e-17  4.6578524e-16  5.3597442e-16  -8.7401208e-16  2.0728440e-16  1.0000000   -9.0045803e-17  -2.1123559e-16  2.7079475e-16  5.6416286e-16  -7.4667650e-16  -3.1160866e-17  1.5031711e-16  2.6550654e-16  -2.8080638e-17  -2.7801047e-16  1.3357297e-16  2.1525406e-16  2.4165963e-16  -1.9782824e-16  -5.6936876e-16  -6.2262390e-16  9.0854314e-16  3.2292166e-16  5.2468629e-17  -5.4545716e-16  7.9746846e-16  -1.4966995e-16  -4.0163198e-16  -3.9224566e-16  -1.4092460e-16  3.4513464e-17  4.6578524e-16  5.3597442e-16  -8.7401208e-16  2.0728440e-16  1.0000000   -9.0045803e-17  -2.1123559e-16  2.7079475e-16  5.6416286e-16  -7.4667650e-16  -3.1160866e-17  1.5031711e-16  2.6550654e-16  -2.8080638e-17  -2.7801047e-16  1.3357297e-16  2.1525406e-16  2.4165963e-16  -1.9782824e-16  -5.6936876e-16  
2.3017420e-16  6.6596996e-17  -6.1584679e-17  -1.6480437e-16  2.9111365e-16  7.7106726e-16  -7.2398787e-16  -1.2180644e-16  1.0175166e-16  8.0835049e-16  5.5038460e-16  -1.3710543e-17  1.9721387e-16  -1.9956638e-16  1.6233661e-17  -9.0045803e-17  1.0000000   3.7030636e-17  2.4234579e-16  -3.9135360e-16  1.6558262e-16  -3.0958535e-16  -4.7639282e-16  -4.1594820e-16  3.3768401e-16  5.1766012e-16  5.4543831e-17  -1.0322664e-16  2.6426107e-16  4.7165362e-16  3.0935587e-16  2.3017420e-16  6.6596996e-17  -6.1584679e-17  -1.6480437e-16  2.9111365e-16  7.7106726e-16  -7.2398787e-16  -1.2180644e-16  1.0175166e-16  8.0835049e-16  5.5038460e-16  -1.3710543e-17  1.9721387e-16  -1.9956638e-16  1.6233661e-17  -9.0045803e-17  1.0000000   3.7030636e-17  2.4234579e-16  -3.9135360e-16  1.6558262e-16  -3.0958535e-16  -4.7639282e-16  -4.1594820e-16  3.3768401e-16  5.1766012e-16  5.4543831e-17  -1.0322664e-16  2.6426107e-16  4.7165362e-16  3.0935587e-16  
9.5786229e-16  -1.1141854e-16  -1.3065032e-16  -3.1490573e-16  -2.0620737e-16  1.5480678e-17  2.0906326e-16  -5.9003564e-16  1.5863785e-16  -2.3928127e-16  -1.2271134e-16  3.6283169e-16  5.5994728e-17  3.4764092e-16  -6.6770451e-16  -2.1123559e-16  3.7030636e-17  1.0000000   -6.1028856e-18  3.7976637e-16  -5.3571552e-16  3.4837309e-16  7.0417237e-16  -4.5359016e-17  -4.2622145e-17  7.1696900e-17  3.9651808e-16  7.5782946e-16  -3.2790253e-16  1.3980141e-16  -1.6887507e-16  9.5786229e-16  -1.1141854e-16  -1.3065032e-16  -3.1490573e-16  -2.0620737e-16  1.5480678e-17  2.0906326e-16  -5.9003564e-16  1.5863785e-16  -2.3928127e-16  -1.2271134e-16  3.6283169e-16  5.5994728e-17  3.4764092e-16  -6.6770451e-16  -2.1123559e-16  3.7030636e-17  1.0000000   -6.1028856e-18  3.7976637e-16  -5.3571552e-16  3.4837309e-16  7.0417237e-16  -4.5359016e-17  -4.2622145e-17  7.1696900e-17  3.9651808e-16  7.5782946e-16  -3.2790253e-16  1.3980141e-16  -1.6887507e-16  
-2.2606354e-16  -1.5859792e-17  8.8996294e-17  3.5659348e-16  2.1800930e-16  -3.9457452e-16  1.4110645e-16  2.8193974e-16  -2.4581907e-17  1.0416598e-16  -3.9252039e-17  -1.8015006e-16  -2.1806365e-16  5.9566610e-16  -7.2680617e-16  2.7079475e-16  2.4234579e-16  -6.1028856e-18  1.0000000   -4.9436690e-16  -1.3535973e-16  3.5881662e-16  1.9965379e-16  -1.0339141e-15  -1.6417516e-16  9.2952149e-16  2.2660827e-16  -2.3712630e-16  -5.1249702e-17  5.5398083e-16  -2.0096594e-16  -2.2606354e-16  -1.5859792e-17  8.8996294e-17  3.5659348e-16  2.1800930e-16  -3.9457452e-16  1.4110645e-16  2.8193974e-16  -2.4581907e-17  1.0416598e-16  -3.9252039e-17  -1.8015006e-16  -2.1806365e-16  5.9566610e-16  -7.2680617e-16  2.7079475e-16  2.4234579e-16  -6.1028856e-18  1.0000000   -4.9436690e-16  -1.3535973e-16  3.5881662e-16  1.9965379e-16  -1.0339141e-15  -1.6417516e-16  9.2952149e-16  2.2660827e-16  -2.3712630e-16  -5.1249702e-17  5.5398083e-16  -2.0096594e-16  
4.7122112e-16  -2.2549807e-16  -7.5438380e-17  9.2170115e-16  1.2517960e-16  2.5435444e-16  2.1153438e-17  -3.0081317e-16  -6.5197755e-16  9.6178134e-16  -3.9122438e-16  -1.5422450e-16  1.2494028e-17  3.8786848e-16  -6.5746681e-17  5.6416286e-16  -3.9135360e-16  3.7976637e-16  -4.9436690e-16  1.0000000   3.7893413e-16  4.9890800e-16  -1.8894499e-16  -5.0830323e-16  -1.6990088e-16  4.0090888e-16  7.0898993e-16  3.6025256e-16  -1.5599903e-16  -2.4235334e-16  8.8528693e-17  4.7122112e-16  -2.2549807e-16  -7.5438380e-17  9.2170115e-16  1.2517960e-16  2.5435444e-16  2.1153438e-17  -3.0081317e-16  -6.5197755e-16  9.6178134e-16  -3.9122438e-16  -1.5422450e-16  1.2494028e-17  3.8786848e-16  -6.5746681e-17  5.6416286e-16  -3.9135360e-16  3.7976637e-16  -4.9436690e-16  1.0000000   3.7893413e-16  4.9890800e-16  -1.8894499e-16  -5.0830323e-16  -1.6990088e-16  4.0090888e-16  7.0898993e-16  3.6025256e-16  -1.5599903e-16  -2.4235334e-16  8.8528693e-17  
2.2435413e-16  -4.3986812e-16  -1.1930026e-17  -2.7044759e-16  4.3418515e-16  -1.0665455e-16  9.9392666e-17  -6.6670335e-16  8.1636638e-17  -2.3902542e-17  1.3796777e-17  3.1147164e-16  8.0515921e-17  1.1260955e-15  1.2027357e-15  -7.4667650e-16  1.6558262e-16  -5.3571552e-16  -1.3535973e-16  3.7893413e-16  1.0000000   8.2939153e-16  -2.3404322e-16  1.0934115e-17  -5.6396092e-16  -3.7744641e-16  1.3392059e-16  3.5933828e-16  -1.0940157e-15  -3.5806591e-17  1.5126941e-16  2.2435413e-16  -4.3986812e-16  -1.1930026e-17  -2.7044759e-16  4.3418515e-16  -1.0665455e-16  9.9392666e-17  -6.6670335e-16  8.1636638e-17  -2.3902542e-17  1.3796777e-17  3.1147164e-16  8.0515921e-17  1.1260955e-15  1.2027357e-15  -7.4667650e-16  1.6558262e-16  -5.3571552e-16  -1.3535973e-16  3.7893413e-16  1.0000000   8.2939153e-16  -2.3404322e-16  1.0934115e-17  -5.6396092e-16  -3.7744641e-16  1.3392059e-16  3.5933828e-16  -1.0940157e-15  -3.5806591e-17  1.5126941e-16  
6.1688417e-18  9.6863422e-17  -4.1632422e-17  1.0599904e-16  5.2515587e-16  3.5551836e-17  -7.0666988e-16  -3.3732176e-16  -2.8097425e-17  -2.8445593e-16  -4.4090457e-16  8.5182393e-16  -2.3848393e-16  4.2166592e-16  -1.9438061e-16  -3.1160866e-17  -3.0958535e-16  3.4837309e-16  3.5881662e-16  4.9890800e-16  8.2939153e-16  1.0000000   2.1229470e-16  2.3351054e-16  4.0206298e-17  -4.2664024e-16  -1.2554616e-18  7.8196666e-16  1.0462607e-16  -2.3442457e-16  5.8204527e-16  6.1688417e-18  9.6863422e-17  -4.1632422e-17  1.0599904e-16  5.2515587e-16  3.5551836e-17  -7.0666988e-16  -3.3732176e-16  -2.8097425e-17  -2.8445593e-16  -4.4090457e-16  8.5182393e-16  -2.3848393e-16  4.2166592e-16  -1.9438061e-16  -3.1160866e-17  -3.0958535e-16  3.4837309e-16  3.5881662e-16  4.9890800e-16  8.2939153e-16  1.0000000   2.1229470e-16  2.3351054e-16  4.0206298e-17  -4.2664024e-16  -1.2554616e-18  7.8196666e-16  1.0462607e-16  -2.3442457e-16  5.8204527e-16  
1.8156049e-16  -4.0929080e-16  2.8185290e-16  5.1133270e-16  -1.0177041e-16  -2.0486650e-16  2.2901562e-16  4.6557085e-17  -3.5873158e-16  5.5020160e-16  -3.7581218e-16  8.7523665e-17  -1.0612111e-16  2.5967650e-16  2.9642945e-16  1.5031711e-16  -4.7639282e-16  7.0417237e-16  1.9965379e-16  -1.8894499e-16  -2.3404322e-16  2.1229470e-16  1.0000000   8.1285821e-17  4.3918983e-17  8.8760419e-17  -4.6240109e-16  5.9465990e-16  -1.5868409e-16  -4.7660093e-16  2.9242506e-16  1.8156049e-16  -4.0929080e-16  2.8185290e-16  5.1133270e-16  -1.0177041e-16  -2.0486650e-16  2.2901562e-16  4.6557085e-17  -3.5873158e-16  5.5020160e-16  -3.7581218e-16  8.7523665e-17  -1.0612111e-16  2.5967650e-16  2.9642945e-16  1.5031711e-16  -4.7639282e-16  7.0417237e-16  1.9965379e-16  -1.8894499e-16  -2.3404322e-16  2.1229470e-16  1.0000000   8.1285821e-17  4.3918983e-17  8.8760419e-17  -4.6240109e-16  5.9465990e-16  -1.5868409e-16  -4.7660093e-16  2.9242506e-16  
3.0935727e-16  2.3038757e-16  -5.9718262e-16  5.5318117e-16  -1.9814939e-16  -5.8628991e-16  -1.8138360e-16  2.5436638e-16  -4.7503911e-16  9.2148968e-16  -5.2657928e-16  2.0294188e-17  -4.2486379e-16  3.9051056e-16  5.9784438e-16  2.6550654e-16  -4.1594820e-16  -4.5359016e-17  -1.0339141e-15  -5.0830323e-16  1.0934115e-17  2.3351054e-16  8.1285821e-17  1.0000000   -3.5799812e-16  2.8501519e-16  -1.8864328e-16  1.5762212e-16  3.6366860e-16  1.4527367e-16  3.7455670e-16  3.0935727e-16  2.3038757e-16  -5.9718262e-16  5.5318117e-16  -1.9814939e-16  -5.8628991e-16  -1.8138360e-16  2.5436638e-16  -4.7503911e-16  9.2148968e-16  -5.2657928e-16  2.0294188e-17  -4.2486379e-16  3.9051056e-16  5.9784438e-16  2.6550654e-16  -4.1594820e-16  -4.5359016e-17  -1.0339141e-15  -5.0830323e-16  1.0934115e-17  2.3351054e-16  8.1285821e-17  1.0000000   -3.5799812e-16  2.8501519e-16  -1.8864328e-16  1.5762212e-16  3.6366860e-16  1.4527367e-16  3.7455670e-16  
2.1511659e-18  6.5953690e-16  1.4743655e-16  -3.0453216e-16  -2.3184278e-17  1.4440104e-16  -5.8186498e-16  -8.6286011e-17  -7.5994512e-17  -4.1851774e-16  9.2678481e-17  2.6812188e-16  -2.8970280e-17  -1.0681629e-15  1.8199936e-16  -2.8080638e-17  3.3768401e-16  -4.2622145e-17  -1.6417516e-16  -1.6990088e-16  -5.6396092e-16  4.0206298e-17  4.3918983e-17  -3.5799812e-16  1.0000000   -1.1118012e-16  -9.8813911e-17  -5.5620668e-16  1.4968743e-16  -2.7548168e-16  -5.5411463e-16  2.1511659e-18  6.5953690e-16  1.4743655e-16  -3.0453216e-16  -2.3184278e-17  1.4440104e-16  -5.8186498e-16  -8.6286011e-17  -7.5994512e-17  -4.1851774e-16  9.2678481e-17  2.6812188e-16  -2.8970280e-17  -1.0681629e-15  1.8199936e-16  -2.8080638e-17  3.3768401e-16  -4.2622145e-17  -1.6417516e-16  -1.6990088e-16  -5.6396092e-16  4.0206298e-17  4.3918983e-17  -3.5799812e-16  1.0000000   -1.1118012e-16  -9.8813911e-17  -5.5620668e-16  1.4968743e-16  -2.7548168e-16  -5.5411463e-16  
-1.8530743e-16  4.9410516e-16  9.3659383e-17  3.9390566e-16  -3.4505728e-16  7.1514458e-16  2.7274709e-17  -3.7330513e-16  -2.3409655e-16  -1.6319032e-16  -2.0477803e-16  -8.9200051e-16  -3.7864527e-16  -3.9758194e-16  2.4363434e-16  -2.7801047e-16  5.1766012e-16  7.1696900e-17  9.2952149e-16  4.0090888e-16  -3.7744641e-16  -4.2664024e-16  8.8760419e-17  2.8501519e-16  -1.1118012e-16  1.0000000   9.3516663e-17  -9.3261557e-17  7.2746115e-16  -5.3800627e-16  -3.1040802e-16  -1.8530743e-16  4.9410516e-16  9.3659383e-17  3.9390566e-16  -3.4505728e-16  7.1514458e-16  2.7274709e-17  -3.7330513e-16  -2.3409655e-16  -1.6319032e-16  -2.0477803e-16  -8.9200051e-16  -3.7864527e-16  -3.9758194e-16  2.4363434e-16  -2.7801047e-16  5.1766012e-16  7.1696900e-17  9.2952149e-16  4.0090888e-16  -3.7744641e-16  -4.2664024e-16  8.8760419e-17  2.8501519e-16  -1.1118012e-16  1.0000000   9.3516663e-17  -9.3261557e-17  7.2746115e-16  -5.3800627e-16  -3.1040802e-16  
1.0733145e-17  -3.0911167e-16  1.3142586e-16  2.0968741e-16  -8.7493533e-16  -5.5846590e-16  -3.7124737e-16  1.5309200e-16  1.1068129e-15  -7.1817167e-16  -2.6582626e-16  -1.0584507e-16  -7.5060334e-16  3.6004999e-16  -9.0444968e-16  1.3357297e-16  5.4543831e-17  3.9651808e-16  2.2660827e-16  7.0898993e-16  1.3392059e-16  -1.2554616e-18  -4.6240109e-16  -1.8864328e-16  -9.8813911e-17  9.3516663e-17  1.0000000   -1.3138791e-16  3.4850662e-16  9.9453549e-16  5.1425636e-16  1.0733145e-17  -3.0911167e-16  1.3142586e-16  2.0968741e-16  -8.7493533e-16  -5.5846590e-16  -3.7124737e-16  1.5309200e-16  1.1068129e-15  -7.1817167e-16  -2.6582626e-16  -1.0584507e-16  -7.5060334e-16  3.6004999e-16  -9.0444968e-16  1.3357297e-16  5.4543831e-17  3.9651808e-16  2.2660827e-16  7.0898993e-16  1.3392059e-16  -1.2554616e-18  -4.6240109e-16  -1.8864328e-16  -9.8813911e-17  9.3516663e-17  1.0000000   -1.3138791e-16  3.4850662e-16  9.9453549e-16  5.1425636e-16  
8.0181557e-16  2.0695289e-16  -5.1908519e-16  2.6365833e-16  2.1455470e-16  -8.9242015e-16  -4.3723649e-17  -2.1647136e-16  1.2760604e-17  8.1403555e-16  -6.1431909e-16  -1.5740601e-16  6.2426937e-17  6.1463006e-16  4.8353018e-16  2.1525406e-16  -1.0322664e-16  7.5782946e-16  -2.3712630e-16  3.6025256e-16  3.5933828e-16  7.8196666e-16  5.9465990e-16  1.5762212e-16  -5.5620668e-16  -9.3261557e-17  -1.3138791e-16  1.0000000   1.8259944e-16  -2.4034449e-16  3.3241249e-16  8.0181557e-16  2.0695289e-16  -5.1908519e-16  2.6365833e-16  2.1455470e-16  -8.9242015e-16  -4.3723649e-17  -2.1647136e-16  1.2760604e-17  8.1403555e-16  -6.1431909e-16  -1.5740601e-16  6.2426937e-17  6.1463006e-16  4.8353018e-16  2.1525406e-16  -1.0322664e-16  7.5782946e-16  -2.3712630e-16  3.6025256e-16  3.5933828e-16  7.8196666e-16  5.9465990e-16  1.5762212e-16  -5.5620668e-16  -9.3261557e-17  -1.3138791e-16  1.0000000   1.8259944e-16  -2.4034449e-16  3.3241249e-16  
-2.5809881e-16  4.9308174e-16  7.2820711e-16  -1.1622095e-16  4.4803897e-17  -7.0159082e-16  3.7486370e-18  4.6299791e-16  7.9915729e-17  -8.2497231e-17  9.2811974e-17  3.0936432e-16  -6.0507036e-16  -6.2882594e-16  -8.4256353e-16  2.4165963e-16  2.6426107e-16  -3.2790253e-16  -5.1249702e-17  -1.5599903e-16  -1.0940157e-15  1.0462607e-16  -1.5868409e-16  3.6366860e-16  1.4968743e-16  7.2746115e-16  3.4850662e-16  1.8259944e-16  1.0000000   5.3927779e-16  1.6468916e-16  -2.5809881e-16  4.9308174e-16  7.2820711e-16  -1.1622095e-16  4.4803897e-17  -7.0159082e-16  3.7486370e-18  4.6299791e-16  7.9915729e-17  -8.2497231e-17  9.2811974e-17  3.0936432e-16  -6.0507036e-16  -6.2882594e-16  -8.4256353e-16  2.4165963e-16  2.6426107e-16  -3.2790253e-16  -5.1249702e-17  -1.5599903e-16  -1.0940157e-15  1.0462607e-16  -1.5868409e-16  3.6366860e-16  1.4968743e-16  7.2746115e-16  3.4850662e-16  1.8259944e-16  1.0000000   5.3927779e-16  1.6468916e-16  
-4.5618984e-16  -6.3536680e-16  3.0197012e-16  -3.8085485e-16  2.9556761e-16  -6.7100896e-16  4.6610904e-16  5.1669257e-16  -1.6597151e-16  2.5584929e-16  3.4301544e-16  8.5013444e-16  -1.1654033e-16  7.8482038e-16  -2.7595401e-16  -1.9782824e-16  4.7165362e-16  1.3980141e-16  5.5398083e-16  -2.4235334e-16  -3.5806591e-17  -2.3442457e-16  -4.7660093e-16  1.4527367e-16  -2.7548168e-16  -5.3800627e-16  9.9453549e-16  -2.4034449e-16  5.3927779e-16  1.0000000   2.2999312e-16  -4.5618984e-16  -6.3536680e-16  3.0197012e-16  -3.8085485e-16  2.9556761e-16  -6.7100896e-16  4.6610904e-16  5.1669257e-16  -1.6597151e-16  2.5584929e-16  3.4301544e-16  8.5013444e-16  -1.1654033e-16  7.8482038e-16  -2.7595401e-16  -1.9782824e-16  4.7165362e-16  1.3980141e-16  5.5398083e-16  -2.4235334e-16  -3.5806591e-17  -2.3442457e-16  -4.7660093e-16  1.4527367e-16  -2.7548168e-16  -5.3800627e-16  9.9453549e-16  -2.4034449e-16  5.3927779e-16  1.0000000   2.2999312e-16  
3.2714633e-17  -7.4072780e-17  3.8119519e-16  -2.0110907e-16  2.9999504e-16  -1.0597603e-15  1.0025425e-16  1.7085221e-16  8.2008955e-16  5.0649373e-16  -1.4135765e-16  8.0265149e-16  -5.7423013e-16  5.2623008e-16  2.8293973e-16  -5.6936876e-16  3.0935587e-16  -1.6887507e-16  -2.0096594e-16  8.8528693e-17  1.5126941e-16  5.8204527e-16  2.9242506e-16  3.7455670e-16  -5.5411463e-16  -3.1040802e-16  5.1425636e-16  3.3241249e-16  1.6468916e-16  2.2999312e-16  1.0000000   3.2714633e-17  -7.4072780e-17  3.8119519e-16  -2.0110907e-16  2.9999504e-16  -1.0597603e-15  1.0025425e-16  1.7085221e-16  8.2008955e-16  5.0649373e-16  -1.4135765e-16  8.0265149e-16  -5.7423013e-16  5.2623008e-16  2.8293973e-16  -5.6936876e-16  3.0935587e-16  -1.6887507e-16  -2.0096594e-16  8.8528693e-17  1.5126941e-16  5.8204527e-16  2.9242506e-16  3.7455670e-16  -5.5411463e-16  -3.1040802e-16  5.1425636e-16  3.3241249e-16  1.6468916e-16  2.2999312e-16  1.0000000   
1.0000000   -1.9795047e-16  -4.1653178e-16  -1.3089505e-18  2.6735146e-16  -6.5807887e-16  3.5116512e-16  1.8583882e-16  -1.3974497e-16  3.8464176e-16  -3.9955016e-16  1.5337755e-16  6.5301035e-16  8.7185508e-16  7.0670356e-16  -6.2262390e-16  2.3017420e-16  9.5786229e-16  -2.2606354e-16  4.7122112e-16  2.2435413e-16  6.1688417e-18  1.8156049e-16  3.0935727e-16  2.1511659e-18  -1.8530743e-16  1.0733145e-17  8.0181557e-16  -2.5809881e-16  -4.5618984e-16  3.2714633e-17  1.0000000   -1.9795047e-16  -4.1653178e-16  -1.3089505e-18  2.6735146e-16  -6.5807887e-16  3.5116512e-16  1.8583882e-16  -1.3974497e-16  3.8464176e-16  -3.9955016e-16  1.5337755e-16  6.5301035e-16  8.7185508e-16  7.0670356e-16  -6.2262390e-16  2.3017420e-16  9.5786229e-16  -2.2606354e-16  4.7122112e-16  2.2435413e-16  6.1688417e-18  1.8156049e-16  3.0935727e-16  2.1511659e-18  -1.8530743e-16  1.0733145e-17  8.0181557e-16  -2.5809881e-16  -4.5618984e-16  3.2714633e-17  
-1.9795047e-16  1.0000000   3.4310790e-18  1.1350075e-15  -8.6575048e-16  9.2579063e-16  -6.2335227e-16  -6.6917852e-16  -6.4755456e-16  -1.6092064e-16  1.7202863e-16  -3.9917239e-16  -1.9064057e-16  -7.7663655e-16  1.1589934e-15  9.0854314e-16  6.6596996e-17  -1.1141854e-16  -1.5859792e-17  -2.2549807e-16  -4.3986812e-16  9.6863422e-17  -4.0929080e-16  2.3038757e-16  6.5953690e-16  4.9410516e-16  -3.0911167e-16  2.0695289e-16  4.9308174e-16  -6.3536680e-16  -7.4072780e-17  -1.9795047e-16  1.0000000   3.4310790e-18  1.1350075e-15  -8.6575048e-16  9.2579063e-16  -6.2335227e-16  -6.6917852e-16  -6.4755456e-16  -1.6092064e-16  1.7202863e-16  -3.9917239e-16  -1.9064057e-16  -7.7663655e-16  1.1589934e-15  9.0854314e-16  6.6596996e-17  -1.1141854e-16  -1.5859792e-17  -2.2549807e-16  -4.3986812e-16  9.6863422e-17  -4.0929080e-16  2.3038757e-16  6.5953690e-16  4.9410516e-16  -3.0911167e-16  2.0695289e-16  4.9308174e-16  -6.3536680e-16  -7.4072780e-17  
-4.1653178e-16  3.4310790e-18  1.0000000   9.3339462e-17  -1.2837998e-16  -5.6920645e-16  9.2109191e-16  -7.4186667e-16  1.1615734e-16  -5.7829675e-16  7.1548153e-16  -3.5435167e-16  3.1502960e-16  1.0545505e-16  6.0275949e-16  3.2292166e-16  -6.1584679e-17  -1.3065032e-16  8.8996294e-17  -7.5438380e-17  -1.1930026e-17  -4.1632422e-17  2.8185290e-16  -5.9718262e-16  1.4743655e-16  9.3659383e-17  1.3142586e-16  -5.1908519e-16  7.2820711e-16  3.0197012e-16  3.8119519e-16  -4.1653178e-16  3.4310790e-18  1.0000000   9.3339462e-17  -1.2837998e-16  -5.6920645e-16  9.2109191e-16  -7.4186667e-16  1.1615734e-16  -5.7829675e-16  7.1548153e-16  -3.5435167e-16  3.1502960e-16  1.0545505e-16  6.0275949e-16  3.2292166e-16  -6.1584679e-17  -1.3065032e-16  8.8996294e-17  -7.5438380e-17  -1.1930026e-17  -4.1632422e-17  2.8185290e-16  -5.9718262e-16  1.4743655e-16  9.3659383e-17  1.3142586e-16  -5.1908519e-16  7.2820711e-16  3.0197012e-16  3.8119519e-16  
-1.3089505e-18  1.1350075e-15  9.3339462e-17  1.0000000   -1.1819730e-16  1.8188723e-16  -8.4185840e-17  -4.6029596e-16  2.8583728e-17  7.7564886e-16  7.9074556e-17  -1.4673553e-15  2.4719709e-16  5.7080108e-17  -1.7798815e-16  5.2468629e-17  -1.6480437e-16  -3.1490573e-16  3.5659348e-16  9.2170115e-16  -2.7044759e-16  1.0599904e-16  5.1133270e-16  5.5318117e-16  -3.0453216e-16  3.9390566e-16  2.0968741e-16  2.6365833e-16  -1.1622095e-16  -3.8085485e-16  -2.0110907e-16  -1.3089505e-18  1.1350075e-15  9.3339462e-17  1.0000000   -1.1819730e-16  1.8188723e-16  -8.4185840e-17  -4.6029596e-16  2.8583728e-17  7.7564886e-16  7.9074556e-17  -1.4673553e-15  2.4719709e-16  5.7080108e-17  -1.7798815e-16  5.2468629e-17  -1.6480437e-16  -3.1490573e-16  3.5659348e-16  9.2170115e-16  -2.7044759e-16  1.0599904e-16  5.1133270e-16  5.5318117e-16  -3.0453216e-16  3.9390566e-16  2.0968741e-16  2.6365833e-16  -1.1622095e-16  -3.8085485e-16  -2.0110907e-16  
2.6735146e-16  -8.6575048e-16  -1.2837998e-16  -1.1819730e-16  1.0000000   -5.1194400e-16  5.8038446e-17  3.4902375e-16  -2.5454928e-16  3.1038447e-16  -6.2050897e-16  4.0981814e-16  -8.8072736e-17  8.6741266e-16  5.3788903e-16  -5.4545716e-16  2.9111365e-16  -2.0620737e-16  2.1800930e-16  1.2517960e-16  4.3418515e-16  5.2515587e-16  -1.0177041e-16  -1.9814939e-16  -2.3184278e-17  -3.4505728e-16  -8.7493533e-16  2.1455470e-16  4.4803897e-17  2.9556761e-16  2.9999504e-16  2.6735146e-16  -8.6575048e-16  -1.2837998e-16  -1.1819730e-16  1.0000000   -5.1194400e-16  5.8038446e-17  3.4902375e-16  -2.5454928e-16  3.1038447e-16  -6.2050897e-16  4.0981814e-16  -8.8072736e-17  8.6741266e-16  5.3788903e-16  -5.4545716e-16  2.9111365e-16  -2.0620737e-16  2.1800930e-16  1.2517960e-16  4.3418515e-16  5.2515587e-16  -1.0177041e-16  -1.9814939e-16  -2.3184278e-17  -3.4505728e-16  -8.7493533e-16  2.1455470e-16  4.4803897e-17  2.9556761e-16  2.9999504e-16  
-6.5807887e-16  9.2579063e-16  -5.6920645e-16  1.8188723e-16  -5.1194400e-16  1.0000000   2.9115840e-17  -7.9979893e-17  2.8291515e-16  -1.1873892e-16  2.3950001e-16  -6.0108979e-16  -9.9199252e-17  -5.6807614e-16  6.9687059e-16  7.9746846e-16  7.7106726e-16  1.5480678e-17  -3.9457452e-16  2.5435444e-16  -1.0665455e-16  3.5551836e-17  -2.0486650e-16  -5.8628991e-16  1.4440104e-16  7.1514458e-16  -5.5846590e-16  -8.9242015e-16  -7.0159082e-16  -6.7100896e-16  -1.0597603e-15  -6.5807887e-16  9.2579063e-16  -5.6920645e-16  1.8188723e-16  -5.1194400e-16  1.0000000   2.9115840e-17  -7.9979893e-17  2.8291515e-16  -1.1873892e-16  2.3950001e-16  -6.0108979e-16  -9.9199252e-17  -5.6807614e-16  6.9687059e-16  7.9746846e-16  7.7106726e-16  1.5480678e-17  -3.9457452e-16  2.5435444e-16  -1.0665455e-16  3.5551836e-17  -2.0486650e-16  -5.8628991e-16  1.4440104e-16  7.1514458e-16  -5.5846590e-16  -8.9242015e-16  -7.0159082e-16  -6.7100896e-16  -1.0597603e-15  
3.5116512e-16  -6.2335227e-16  9.2109191e-16  -8.4185840e-17  5.8038446e-17  2.9115840e-17  1.0000000   -3.6571002e-16  -2.1176284e-16  -1.3354551e-15  4.6635199e-16  -3.6994942e-16  8.9635164e-17  3.1432101e-16  9.0949216e-16  -1.4966995e-16  -7.2398787e-16  2.0906326e-16  1.4110645e-16  2.1153438e-17  9.9392666e-17  -7.0666988e-16  2.2901562e-16  -1.8138360e-16  -5.8186498e-16  2.7274709e-17  -3.7124737e-16  -4.3723649e-17  3.7486370e-18  4.6610904e-16  1.0025425e-16  3.5116512e-16  -6.2335227e-16  9.2109191e-16  -8.4185840e-17  5.8038446e-17  2.9115840e-17  1.0000000   -3.6571002e-16  -2.1176284e-16  -1.3354551e-15  4.6635199e-16  -3.6994942e-16  8.9635164e-17  3.1432101e-16  9.0949216e-16  -1.4966995e-16  -7.2398787e-16  2.0906326e-16  1.4110645e-16  2.1153438e-17  9.9392666e-17  -7.0666988e-16  2.2901562e-16  -1.8138360e-16  -5.8186498e-16  2.7274709e-17  -3.7124737e-16  -4.3723649e-17  3.7486370e-18  4.6610904e-16  1.0025425e-16  
1.8583882e-16  -6.6917852e-16  -7.4186667e-16  -4.6029596e-16  3.4902375e-16  -7.9979893e-17  -3.6571002e-16  1.0000000   4.3656877e-16  -6.6035734e-16  -2.9904683e-16  -1.2904830e-16  3.8122432e-16  2.2521891e-16  -1.7063825e-16  -4.0163198e-16  -1.2180644e-16  -5.9003564e-16  2.8193974e-16  -3.0081317e-16  -6.6670335e-16  -3.3732176e-16  4.6557085e-17  2.5436638e-16  -8.6286011e-17  -3.7330513e-16  1.5309200e-16  -2.1647136e-16  4.6299791e-16  5.1669257e-16  1.7085221e-16  1.8583882e-16  -6.6917852e-16  -7.4186667e-16  -4.6029596e-16  3.4902375e-16  -7.9979893e-17  -3.6571002e-16  1.0000000   4.3656877e-16  -6.6035734e-16  -2.9904683e-16  -1.2904830e-16  3.8122432e-16  2.2521891e-16  -1.7063825e-16  -4.0163198e-16  -1.2180644e-16  -5.9003564e-16  2.8193974e-16  -3.0081317e-16  -6.6670335e-16  -3.3732176e-16  4.6557085e-17  2.5436638e-16  -8.6286011e-17  -3.7330513e-16  1.5309200e-16  -2.1647136e-16  4.6299791e-16  5.1669257e-16  1.7085221e-16  
-1.3974497e-16  -6.4755456e-16  1.1615734e-16  2.8583728e-17  -2.5454928e-16  2.8291515e-16  -2.1176284e-16  4.3656877e-16  1.0000000   -8.3950645e-16  -1.3817176e-16  1.5846665e-16  -6.9563051e-17  -6.6781470e-17  -1.8535872e-16  -3.9224566e-16  1.0175166e-16  1.5863785e-16  -2.4581907e-17  -6.5197755e-16  8.1636638e-17  -2.8097425e-17  -3.5873158e-16  -4.7503911e-16  -7.5994512e-17  -2.3409655e-16  1.1068129e-15  1.2760604e-17  7.9915729e-17  -1.6597151e-16  8.2008955e-16  -1.3974497e-16  -6.4755456e-16  1.1615734e-16  2.8583728e-17  -2.5454928e-16  2.8291515e-16  -2.1176284e-16  4.3656877e-16  1.0000000   -8.3950645e-16  -1.3817176e-16  1.5846665e-16  -6.9563051e-17  -6.6781470e-17  -1.8535872e-16  -3.9224566e-16  1.0175166e-16  1.5863785e-16  -2.4581907e-17  -6.5197755e-16  8.1636638e-17  -2.8097425e-17  -3.5873158e-16  -4.7503911e-16  -7.5994512e-17  -2.3409655e-16  1.1068129e-15  1.2760604e-17  7.9915729e-17  -1.6597151e-16  8.2008955e-16  
3.8464176e-16  -1.6092064e-16  -5.7829675e-16  7.7564886e-16  3.1038447e-16  -1.1873892e-16  -1.3354551e-15  -6.6035734e-16  -8.3950645e-16  1.0000000   -5.8728644e-17  -4.2570636e-16  1.2920238e-16  -3.0339856e-16  -1.0113809e-16  -1.4092460e-16  8.0835049e-16  -2.3928127e-16  1.0416598e-16  9.6178134e-16  -2.3902542e-17  -2.8445593e-16  5.5020160e-16  9.2148968e-16  -4.1851774e-16  -1.6319032e-16  -7.1817167e-16  8.1403555e-16  -8.2497231e-17  2.5584929e-16  5.0649373e-16  3.8464176e-16  -1.6092064e-16  -5.7829675e-16  7.7564886e-16  3.1038447e-16  -1.1873892e-16  -1.3354551e-15  -6.6035734e-16  -8.3950645e-16  1.0000000   -5.8728644e-17  -4.2570636e-16  1.2920238e-16  -3.0339856e-16  -1.0113809e-16  -1.4092460e-16  8.0835049e-16  -2.3928127e-16  1.0416598e-16  9.6178134e-16  -2.3902542e-17  -2.8445593e-16  5.5020160e-16  9.2148968e-16  -4.1851774e-16  -1.6319032e-16  -7.1817167e-16  8.1403555e-16  -8.2497231e-17  2.5584929e-16  5.0649373e-16  
