1.0000000   -2.3317544e-16  1.8247448e-16  -1.2733260e-16  -1.2581218e-16  -1.1980859e-16  3.5723051e-16  6.2621427e-16  4.4591296e-16  5.1780237e-16  3.3398517e-16  2.4069486e-16  -1.1146818e-15  3.8110136e-16  6.9521602e-17  8.1781376e-16  2.4135829e-16  2.9694042e-16  -2.4744290e-16  1.0594703e-16  -9.2793808e-16  -3.1793624e-16  1.5109658e-17  2.0504769e-16  3.4174594e-16  1.5667750e-16  -3.3306683e-16  6.6066318e-17  4.3415721e-16  -7.6541199e-17  -6.6220546e-17  1.0000000   -2.3317544e-16  1.8247448e-16  -1.2733260e-16  -1.2581218e-16  -1.1980859e-16  3.5723051e-16  6.2621427e-16  4.4591296e-16  5.1780237e-16  3.3398517e-16  2.4069486e-16  -1.1146818e-15  3.8110136e-16  6.9521602e-17  8.1781376e-16  2.4135829e-16  2.9694042e-16  -2.4744290e-16  1.0594703e-16  -9.2793808e-16  -3.1793624e-16  1.5109658e-17  2.0504769e-16  3.4174594e-16  1.5667750e-16  -3.3306683e-16  6.6066318e-17  4.3415721e-16  -7.6541199e-17  -6.6220546e-17  
-2.3317544e-16  1.0000000   7.3518494e-16  1.6588494e-16  -8.8016398e-17  -1.8454150e-16  -4.9417511e-16  -4.8993747e-16  -1.1815605e-16  9.5350501e-16  -8.1220205e-16  -4.0879760e-16  5.5279152e-16  -1.2320328e-16  4.7540709e-16  4.7071555e-16  5.1380451e-16  4.8431845e-16  -2.8073032e-16  2.0864468e-16  2.9707631e-16  6.7908355e-16  -5.8749244e-16  -1.1450689e-16  4.7232873e-18  5.3557919e-16  2.7423597e-16  -3.0115667e-16  -4.8743470e-16  -3.8136515e-16  -7.7261158e-16  -2.3317544e-16  1.0000000   7.3518494e-16  1.6588494e-16  -8.8016398e-17  -1.8454150e-16  -4.9417511e-16  -4.8993747e-16  -1.1815605e-16  9.5350501e-16  -8.1220205e-16  -4.0879760e-16  5.5279152e-16  -1.2320328e-16  4.7540709e-16  4.7071555e-16  5.1380451e-16  4.8431845e-16  -2.8073032e-16  2.0864468e-16  2.9707631e-16  6.7908355e-16  -5.8749244e-16  -1.1450689e-16  4.7232873e-18  5.3557919e-16  2.7423597e-16  -3.0115667e-16  -4.8743470e-16  -3.8136515e-16  -7.7261158e-16  
1.8247448e-16  7.3518494e-16  1.0000000   3.7779622e-17  -2.4230602e-16  -3.8102637e-16  -2.6233864e-16  1.3354456e-16  -7.8926012e-16  5.9174048e-16  4.6307170e-16  -4.1887740e-16  -2.9073763e-16  9.9742598e-17  2.5359583e-16  7.8798645e-17  1.4070695e-16  5.3489867e-16  1.9236924e-16  3.4449173e-16  7.6253217e-17  4.0483572e-17  7.6075636e-17  -3.9813815e-16  -8.7205814e-18  -2.4450071e-17  -3.0729957e-16  8.9814919e-17  -5.5438810e-16  -5.0019446e-17  5.6667966e-16  1.8247448e-16  7.3518494e-16  1.0000000   3.7779622e-17  -2.4230602e-16  -3.8102637e-16  -2.6233864e-16  1.3354456e-16  -7.8926012e-16  5.9174048e-16  4.6307170e-16  -4.1887740e-16  -2.9073763e-16  9.9742598e-17  2.5359583e-16  7.8798645e-17  1.4070695e-16  5.3489867e-16  1.9236924e-16  3.4449173e-16  7.6253217e-17  4.0483572e-17  7.6075636e-17  -3.9813815e-16  -8.7205814e-18  -2.4450071e-17  -3.0729957e-16  8.9814919e-17  -5.5438810e-16  -5.0019446e-17  5.6667966e-16  
-1.2733260e-16  1.6588494e-16  3.7779622e-17  1.0000000   -1.0106919e-16  2.5351834e-16  6.5741489e-16  1.7188771e-16  2.0546934e-16  4.6323486e-17  -8.0518967e-17  -4.9871562e-16  1.1123429e-17  3.4327878e-16  -5.8701763e-16  3.9132441e-16  -5.7772713e-16  1.3467856e-16  -5.9631448e-16  3.8525188e-16  6.6757276e-17  -1.1511313e-16  -3.1827167e-16  -1.8776203e-16  -7.7677017e-16  -3.2615360e-17  -1.3046108e-15  -1.5035356e-16  3.5444094e-16  3.1296913e-16  3.6740861e-16  -1.2733260e-16  1.6588494e-16  3.7779622e-17  1.0000000   -1.0106919e-16  2.5351834e-16  6.5741489e-16  1.7188771e-16  2.0546934e-16  4.6323486e-17  -8.0518967e-17  -4.9871562e-16  1.1123429e-17  3.4327878e-16  -5.8701763e-16  3.9132441e-16  -5.7772713e-16  1.3467856e-16  -5.9631448e-16  3.8525188e-16  6.6757276e-17  -1.1511313e-16  -3.1827167e-16  -1.8776203e-16  -7.7677017e-16  -3.2615360e-17  -1.3046108e-15  -1.5035356e-16  3.5444094e-16  3.1296913e-16  3.6740861e-16  
-1.2581218e-16  -8.8016398e-17  -2.4230602e-16  -1.0106919e-16  1.0000000   -2.1271282e-16  -4.0879677e-17  -1.6519326e-16  -1.7115535e-17  -2.7007895e-16  1.1112223e-15  3.3808777e-16  1.0146229e-16  -3.8849484e-16  8.9098315e-16  3.3003370e-16  -1.8648727e-16  -7.0788860e-16  -1.8665822e-16  -2.7795240e-16  -2.4886774e-16  -2.9247151e-16  -1.8982741e-17  -1.3245084e-16  9.6934685e-17  6.3730038e-17  1.4315103e-16  2.6485183e-16  -6.9300470e-17  8.7029487e-17  3.0065475e-16  -1.2581218e-16  -8.8016398e-17  -2.4230602e-16  -1.0106919e-16  1.0000000   -2.1271282e-16  -4.0879677e-17  -1.6519326e-16  -1.7115535e-17  -2.7007895e-16  1.1112223e-15  3.3808777e-16  1.0146229e-16  -3.8849484e-16  8.9098315e-16  3.3003370e-16  -1.8648727e-16  -7.0788860e-16  -1.8665822e-16  -2.7795240e-16  -2.4886774e-16  -2.9247151e-16  -1.8982741e-17  -1.3245084e-16  9.6934685e-17  6.3730038e-17  1.4315103e-16  2.6485183e-16  -6.9300470e-17  8.7029487e-17  3.0065475e-16  
-1.1980859e-16  -1.8454150e-16  -3.8102637e-16  2.5351834e-16  -2.1271282e-16  1.0000000   3.0249881e-16  4.5834684e-16  -2.4312995e-16  4.3961669e-17  2.1831182e-17  3.9332874e-16  -8.2346603e-17  6.3619342e-16  -2.9638797e-16  -1.5597165e-17  -4.6814882e-16  -2.1586928e-16  -5.5608550e-16  7.6710733e-17  3.5277496e-16  -9.6662636e-16  -3.9829388e-16  6.0966857e-16  1.6723938e-18  7.1622059e-16  1.4156678e-16  -1.2966392e-16  3.1880256e-16  1.5711387e-16  3.0078114e-16  -1.1980859e-16  -1.8454150e-16  -3.8102637e-16  2.5351834e-16  -2.1271282e-16  1.0000000   3.0249881e-16  4.5834684e-16  -2.4312995e-16  4.3961669e-17  2.1831182e-17  3.9332874e-16  -8.2346603e-17  6.3619342e-16  -2.9638797e-16  -1.5597165e-17  -4.6814882e-16  -2.1586928e-16  -5.5608550e-16  7.6710733e-17  3.5277496e-16  -9.6662636e-16  -3.9829388e-16  6.0966857e-16  1.6723938e-18  7.1622059e-16  1.4156678e-16  -1.2966392e-16  3.1880256e-16  1.5711387e-16  3.0078114e-16  
3.5723051e-16  -4.9417511e-16  -2.6233864e-16  6.5741489e-16  -4.0879677e-17  3.0249881e-16  1.0000000   2.7291920e-16  4.7605426e-16  5.9832631e-16  -7.2607134e-16  1.7195423e-16  -9.4252333e-16  -1.8755132e-16  -7.6049426e-16  -4.3729376e-17  7.6668731e-16  6.0834386e-18  -8.1474789e-17  -8.9829118e-17  4.7435748e-19  -4.9201581e-16  3.2954177e-16  2.2651579e-16  1.6759803e-16  9.8452711e-16  6.3173884e-17  -4.3454510e-16  4.0404926e-16  -6.8426774e-16  -1.8725345e-16  3.5723051e-16  -4.9417511e-16  -2.6233864e-16  6.5741489e-16  -4.0879677e-17  3.0249881e-16  1.0000000   2.7291920e-16  4.7605426e-16  5.9832631e-16  -7.2607134e-16  1.7195423e-16  -9.4252333e-16  -1.8755132e-16  -7.6049426e-16  -4.3729376e-17  7.6668731e-16  6.0834386e-18  -8.1474789e-17  -8.9829118e-17  4.7435748e-19  -4.9201581e-16  3.2954177e-16  2.2651579e-16  1.6759803e-16  9.8452711e-16  6.3173884e-17  -4.3454510e-16  4.0404926e-16  -6.8426774e-16  -1.8725345e-16  
6.2621427e-16  -4.8993747e-16  1.3354456e-16  1.7188771e-16  -1.6519326e-16  4.5834684e-16  2.7291920e-16  1.0000000   8.8569938e-17  -9.0474075e-17  2.6739189e-16  -7.0786737e-16  4.0853032e-16  3.8219046e-17  1.1874064e-16  1.4013475e-16  -2.5471828e-16  -2.9805968e-16  -2.2617356e-16  5.3362227e-16  1.5370187e-16  -6.8975382e-18  5.0452181e-16  1.4430153e-16  3.8258141e-16  6.7814285e-16  3.0367652e-16  -6.4684707e-17  4.1201946e-16  -1.5100755e-16  1.0102591e-16  6.2621427e-16  -4.8993747e-16  1.3354456e-16  1.7188771e-16  -1.6519326e-16  4.5834684e-16  2.7291920e-16  1.0000000   8.8569938e-17  -9.0474075e-17  2.6739189e-16  -7.0786737e-16  4.0853032e-16  3.8219046e-17  1.1874064e-16  1.4013475e-16  -2.5471828e-16  -2.9805968e-16  -2.2617356e-16  5.3362227e-16  1.5370187e-16  -6.8975382e-18  5.0452181e-16  1.4430153e-16  3.8258141e-16  6.7814285e-16  3.0367652e-16  -6.4684707e-17  4.1201946e-16  -1.5100755e-16  1.0102591e-16  
4.4591296e-16  -1.1815605e-16  -7.8926012e-16  2.0546934e-16  -1.7115535e-17  -2.4312995e-16  4.7605426e-16  8.8569938e-17  1.0000000   5.8542213e-16  -8.9248562e-16  -1.0117168e-16  -7.0184885e-17  1.4918227e-16  4.2110618e-17  -1.2266968e-16  -5.1354177e-16  4.4977506e-16  1.2526676e-16  3.4241541e-16  -9.6441673e-16  -1.2353014e-17  -3.5018585e-16  5.5062273e-16  2.4875817e-16  1.5859676e-16  -2.8949305e-17  -1.4427521e-16  -1.3842741e-16  -4.3904059e-16  3.9665706e-17  4.4591296e-16  -1.1815605e-16  -7.8926012e-16  2.0546934e-16  -1.7115535e-17  -2.4312995e-16  4.7605426e-16  8.8569938e-17  1.0000000   5.8542213e-16  -8.9248562e-16  -1.0117168e-16  -7.0184885e-17  1.4918227e-16  4.2110618e-17  -1.2266968e-16  -5.1354177e-16  4.4977506e-16  1.2526676e-16  3.4241541e-16  -9.6441673e-16  -1.2353014e-17  -3.5018585e-16  5.5062273e-16  2.4875817e-16  1.5859676e-16  -2.8949305e-17  -1.4427521e-16  -1.3842741e-16  -4.3904059e-16  3.9665706e-17  
5.1780237e-16  9.5350501e-16  5.9174048e-16  4.6323486e-17  -2.7007895e-16  4.3961669e-17  5.9832631e-16  -9.0474075e-17  5.8542213e-16  1.0000000   -4.8919594e-18  9.5720924e-16  4.7874716e-16  4.4555278e-17  -4.8022028e-17  6.0868539e-16  -2.2887815e-16  -3.6649264e-16  3.3100111e-16  1.1951481e-15  -5.3481742e-16  -7.0665416e-17  1.2394877e-16  -9.0397505e-17  -1.4952147e-16  7.0558179e-16  -1.8879607e-17  -7.3058440e-18  7.6207837e-17  -8.0502613e-17  -1.1728735e-17  5.1780237e-16  9.5350501e-16  5.9174048e-16  4.6323486e-17  -2.7007895e-16  4.3961669e-17  5.9832631e-16  -9.0474075e-17  5.8542213e-16  1.0000000   -4.8919594e-18  9.5720924e-16  4.7874716e-16  4.4555278e-17  -4.8022028e-17  6.0868539e-16  -2.2887815e-16  -3.6649264e-16  3.3100111e-16  1.1951481e-15  -5.3481742e-16  -7.0665416e-17  1.2394877e-16  -9.0397505e-17  -1.4952147e-16  7.0558179e-16  -1.8879607e-17  -7.3058440e-18  7.6207837e-17  -8.0502613e-17  -1.1728735e-17  
3.3398517e-16  -8.1220205e-16  4.6307170e-16  -8.0518967e-17  1.1112223e-15  2.1831182e-17  -7.2607134e-16  2.6739189e-16  -8.9248562e-16  -4.8919594e-18  1.0000000   -8.5108012e-17  -7.5865082e-16  5.6486149e-17  3.7850156e-16  -2.2909583e-16  2.9272233e-16  -8.1727484e-17  -9.0917539e-17  -3.0259298e-16  4.6431613e-16  3.5492229e-16  6.2014446e-16  -1.0301628e-17  -1.3272627e-15  1.6467190e-16  2.3290763e-16  -4.9638781e-17  -5.2047058e-17  4.8498830e-17  5.0064802e-16  3.3398517e-16  -8.1220205e-16  4.6307170e-16  -8.0518967e-17  1.1112223e-15  2.1831182e-17  -7.2607134e-16  2.6739189e-16  -8.9248562e-16  -4.8919594e-18  1.0000000   -8.5108012e-17  -7.5865082e-16  5.6486149e-17  3.7850156e-16  -2.2909583e-16  2.9272233e-16  -8.1727484e-17  -9.0917539e-17  -3.0259298e-16  4.6431613e-16  3.5492229e-16  6.2014446e-16  -1.0301628e-17  -1.3272627e-15  1.6467190e-16  2.3290763e-16  -4.9638781e-17  -5.2047058e-17  4.8498830e-17  5.0064802e-16  
2.4069486e-16  -4.0879760e-16  -4.1887740e-16  -4.9871562e-16  3.3808777e-16  3.9332874e-16  1.7195423e-16  -7.0786737e-16  -1.0117168e-16  9.5720924e-16  -8.5108012e-17  1.0000000   -5.3731010e-16  3.3000245e-16  -3.1431161e-16  2.5027813e-16  2.1194947e-16  -2.3814245e-17  1.5002986e-16  -4.1571732e-16  3.6660237e-17  -2.1183033e-16  1.2680637e-15  -6.9280805e-16  -9.3676737e-16  5.3363862e-16  -2.2736756e-17  1.4169022e-16  -1.0992070e-16  4.6479345e-18  1.1718071e-16  2.4069486e-16  -4.0879760e-16  -4.1887740e-16  -4.9871562e-16  3.3808777e-16  3.9332874e-16  1.7195423e-16  -7.0786737e-16  -1.0117168e-16  9.5720924e-16  -8.5108012e-17  1.0000000   -5.3731010e-16  3.3000245e-16  -3.1431161e-16  2.5027813e-16  2.1194947e-16  -2.3814245e-17  1.5002986e-16  -4.1571732e-16  3.6660237e-17  -2.1183033e-16  1.2680637e-15  -6.9280805e-16  -9.3676737e-16  5.3363862e-16  -2.2736756e-17  1.4169022e-16  -1.0992070e-16  4.6479345e-18  1.1718071e-16  
-1.1146818e-15  5.5279152e-16  -2.9073763e-16  1.1123429e-17  1.0146229e-16  -8.2346603e-17  -9.4252333e-16  4.0853032e-16  -7.0184885e-17  4.7874716e-16  -7.5865082e-16  -5.3731010e-16  1.0000000   1.8452935e-16  1.9613225e-16  -7.3522367e-16  -3.3108636e-16  -4.2608122e-16  -4.0551788e-16  3.9133134e-16  -5.6125219e-16  6.9030782e-16  1.5078489e-16  4.4392770e-16  -1.6634961e-16  -4.5536094e-16  3.6172690e-16  5.5581189e-16  -4.8930633e-16  3.5420242e-16  9.7885325e-17  -1.1146818e-15  5.5279152e-16  -2.9073763e-16  1.1123429e-17  1.0146229e-16  -8.2346603e-17  -9.4252333e-16  4.0853032e-16  -7.0184885e-17  4.7874716e-16  -7.5865082e-16  -5.3731010e-16  1.0000000   1.8452935e-16  1.9613225e-16  -7.3522367e-16  -3.3108636e-16  -4.2608122e-16  -4.0551788e-16  3.9133134e-16  -5.6125219e-16  6.9030782e-16  1.5078489e-16  4.4392770e-16  -1.6634961e-16  -4.5536094e-16  3.6172690e-16  5.5581189e-16  -4.8930633e-16  3.5420242e-16  9.7885325e-17  
3.8110136e-16  -1.2320328e-16  9.9742598e-17  3.4327878e-16  -3.8849484e-16  6.3619342e-16  -1.8755132e-16  3.8219046e-17  1.4918227e-16  4.4555278e-17  5.6486149e-17  3.3000245e-16  1.8452935e-16  1.0000000   -2.7660794e-16  3.7388661e-17  -2.0054251e-16  -7.2443346e-16  5.6193367e-17  5.0782535e-16  4.1445510e-16  5.1528553e-16  2.4668299e-17  2.4224360e-16  -4.2304991e-17  -7.1691753e-16  1.8966742e-16  -2.6490244e-16  -1.3588167e-16  -8.1441092e-16  6.9043443e-16  3.8110136e-16  -1.2320328e-16  9.9742598e-17  3.4327878e-16  -3.8849484e-16  6.3619342e-16  -1.8755132e-16  3.8219046e-17  1.4918227e-16  4.4555278e-17  5.6486149e-17  3.3000245e-16  1.8452935e-16  1.0000000   -2.7660794e-16  3.7388661e-17  -2.0054251e-16  -7.2443346e-16  5.6193367e-17  5.0782535e-16  4.1445510e-16  5.1528553e-16  2.4668299e-17  2.4224360e-16  -4.2304991e-17  -7.1691753e-16  1.8966742e-16  -2.6490244e-16  -1.3588167e-16  -8.1441092e-16  6.9043443e-16  
6.9521602e-17  4.7540709e-16  2.5359583e-16  -5.8701763e-16  8.9098315e-16  -2.9638797e-16  -7.6049426e-16  1.1874064e-16  4.2110618e-17  -4.8022028e-17  3.7850156e-16  -3.1431161e-16  1.9613225e-16  -2.7660794e-16  1.0000000   9.5498173e-17  3.3876955e-16  3.2823550e-16  -7.9790785e-17  -5.7048401e-16  5.9436202e-16  -4.0658014e-16  6.4826268e-16  1.0227175e-17  -3.6017808e-17  -1.9126136e-16  1.0405060e-16  -2.5323584e-16  -4.5888528e-17  -1.6132831e-16  2.9965015e-18  6.9521602e-17  4.7540709e-16  2.5359583e-16  -5.8701763e-16  8.9098315e-16  -2.9638797e-16  -7.6049426e-16  1.1874064e-16  4.2110618e-17  -4.8022028e-17  3.7850156e-16  -3.1431161e-16  1.9613225e-16  -2.7660794e-16  1.0000000   9.5498173e-17  3.3876955e-16  3.2823550e-16  -7.9790785e-17  -5.7048401e-16  5.9436202e-16  -4.0658014e-16  6.4826268e-16  1.0227175e-17  -3.6017808e-17  -1.9126136e-16  1.0405060e-16  -2.5323584e-16  -4.5888528e-17  -1.6132831e-16  2.9965015e-18  
8.1781376e-16  4.7071555e-16  7.8798645e-17  3.9132441e-16  3.3003370e-16  -1.5597165e-17  -4.3729376e-17  1.4013475e-16  -1.2266968e-16  6.0868539e-16  -2.2909583e-16  2.5027813e-16  -7.3522367e-16  3.7388661e-17  9.5498173e-17  1.0000000   4.5358368e-16  -9.4743630e-18  5.5807658e-16  -7.3362815e-16  2.2956257e-16  2.1519271e-16  1.0488339e-16  4.5930926e-16  1.9009513e-16  3.1765571e-16  -7.2843425e-16  6.2370623e-17  -4.1229652e-16  -6.9480415e-16  -9.2827988e-17  8.1781376e-16  4.7071555e-16  7.8798645e-17  3.9132441e-16  3.3003370e-16  -1.5597165e-17  -4.3729376e-17  1.4013475e-16  -1.2266968e-16  6.0868539e-16  -2.2909583e-16  2.5027813e-16  -7.3522367e-16  3.7388661e-17  9.5498173e-17  1.0000000   4.5358368e-16  -9.4743630e-18  5.5807658e-16  -7.3362815e-16  2.2956257e-16  2.1519271e-16  1.0488339e-16  4.5930926e-16  1.9009513e-16  3.1765571e-16  -7.2843425e-16  6.2370623e-17  -4.1229652e-16  -6.9480415e-16  -9.2827988e-17  
2.4135829e-16  5.1380451e-16  1.4070695e-16  -5.7772713e-16  -1.8648727e-16  -4.6814882e-16  7.6668731e-16  -2.5471828e-16  -5.1354177e-16  -2.2887815e-16  2.9272233e-16  2.1194947e-16  -3.3108636e-16  -2.0054251e-16  3.3876955e-16  4.5358368e-16  1.0000000   1.7614333e-16  5.6785737e-16  4.2054757e-16  7.2613181e-16  1.0843290e-16  3.2017878e-16  -2.1670034e-16  -1.2557213e-16  6.3981375e-16  -4.3939942e-16  3.2024369e-17  -1.4289814e-15  -6.3172955e-17  3.6568807e-16  2.4135829e-16  5.1380451e-16  1.4070695e-16  -5.7772713e-16  -1.8648727e-16  -4.6814882e-16  7.6668731e-16  -2.5471828e-16  -5.1354177e-16  -2.2887815e-16  2.9272233e-16  2.1194947e-16  -3.3108636e-16  -2.0054251e-16  3.3876955e-16  4.5358368e-16  1.0000000   1.7614333e-16  5.6785737e-16  4.2054757e-16  7.2613181e-16  1.0843290e-16  3.2017878e-16  -2.1670034e-16  -1.2557213e-16  6.3981375e-16  -4.3939942e-16  3.2024369e-17  -1.4289814e-15  -6.3172955e-17  3.6568807e-16  
2.9694042e-16  4.8431845e-16  5.3489867e-16  1.3467856e-16  -7.0788860e-16  -2.1586928e-16  6.0834386e-18  -2.9805968e-16  4.4977506e-16  -3.6649264e-16  -8.1727484e-17  -2.3814245e-17  -4.2608122e-16  -7.2443346e-16  3.2823550e-16  -9.4743630e-18  1.7614333e-16  1.0000000   -4.1864555e-16  1.4642790e-16  -4.0807497e-16  2.1953267e-16  -6.0343483e-16  3.2382982e-17  4.5287615e-17  -8.7131467e-17  8.3269193e-17  -8.9198525e-17  2.6665880e-16  3.3088223e-16  2.9304881e-16  2.9694042e-16  4.8431845e-16  5.3489867e-16  1.3467856e-16  -7.0788860e-16  -2.1586928e-16  6.0834386e-18  -2.9805968e-16  4.4977506e-16  -3.6649264e-16  -8.1727484e-17  -2.3814245e-17  -4.2608122e-16  -7.2443346e-16  3.2823550e-16  -9.4743630e-18  1.7614333e-16  1.0000000   -4.1864555e-16  1.4642790e-16  -4.0807497e-16  2.1953267e-16  -6.0343483e-16  3.2382982e-17  4.5287615e-17  -8.7131467e-17  8.3269193e-17  -8.9198525e-17  2.6665880e-16  3.3088223e-16  2.9304881e-16  
-2.4744290e-16  -2.8073032e-16  1.9236924e-16  -5.9631448e-16  -1.8665822e-16  -5.5608550e-16  -8.1474789e-17  -2.2617356e-16  1.2526676e-16  3.3100111e-16  -9.0917539e-17  1.5002986e-16  -4.0551788e-16  5.6193367e-17  -7.9790785e-17  5.5807658e-16  5.6785737e-16  -4.1864555e-16  1.0000000   5.7619480e-16  8.4055786e-17  2.0989521e-16  4.6002668e-16  -4.4561100e-16  -1.4118124e-16  4.4651009e-16  6.7205895e-16  2.6216113e-16  -5.3446185e-16  5.9549831e-17  2.9799108e-16  -2.4744290e-16  -2.8073032e-16  1.9236924e-16  -5.9631448e-16  -1.8665822e-16  -5.5608550e-16  -8.1474789e-17  -2.2617356e-16  1.2526676e-16  3.3100111e-16  -9.0917539e-17  1.5002986e-16  -4.0551788e-16  5.6193367e-17  -7.9790785e-17  5.5807658e-16  5.6785737e-16  -4.1864555e-16  1.0000000   5.7619480e-16  8.4055786e-17  2.0989521e-16  4.6002668e-16  -4.4561100e-16  -1.4118124e-16  4.4651009e-16  6.7205895e-16  2.6216113e-16  -5.3446185e-16  5.9549831e-17  2.9799108e-16  
1.0594703e-16  2.0864468e-16  3.4449173e-16  3.8525188e-16  -2.7795240e-16  7.6710733e-17  -8.9829118e-17  5.3362227e-16  3.4241541e-16  1.1951481e-15  -3.0259298e-16  -4.1571732e-16  3.9133134e-16  5.0782535e-16  -5.7048401e-16  -7.3362815e-16  4.2054757e-16  1.4642790e-16  5.7619480e-16  1.0000000   -1.0295171e-15  -2.6224995e-16  1.8695431e-16  -9.2001528e-16  9.5218071e-16  3.4721550e-16  2.4327372e-16  6.9162208e-16  -4.5590284e-16  4.2777195e-17  2.5957421e-16  1.0594703e-16  2.0864468e-16  3.4449173e-16  3.8525188e-16  -2.7795240e-16  7.6710733e-17  -8.9829118e-17  5.3362227e-16  3.4241541e-16  1.1951481e-15  -3.0259298e-16  -4.1571732e-16  3.9133134e-16  5.0782535e-16  -5.7048401e-16  -7.3362815e-16  4.2054757e-16  1.4642790e-16  5.7619480e-16  1.0000000   -1.0295171e-15  -2.6224995e-16  1.8695431e-16  -9.2001528e-16  9.5218071e-16  3.4721550e-16  2.4327372e-16  6.9162208e-16  -4.5590284e-16  4.2777195e-17  2.5957421e-16  
-9.2793808e-16  2.9707631e-16  7.6253217e-17  6.6757276e-17  -2.4886774e-16  3.5277496e-16  4.7435748e-19  1.5370187e-16  -9.6441673e-16  -5.3481742e-16  4.6431613e-16  3.6660237e-17  -5.6125219e-16  4.1445510e-16  5.9436202e-16  2.2956257e-16  7.2613181e-16  -4.0807497e-16  8.4055786e-17  -1.0295171e-15  1.0000000   1.7185335e-16  -8.9812569e-17  2.1442249e-16  -7.6840170e-17  -1.0168268e-15  7.2335048e-16  -4.3249522e-16  -5.8718540e-16  -1.9606611e-16  -1.3851048e-16  -9.2793808e-16  2.9707631e-16  7.6253217e-17  6.6757276e-17  -2.4886774e-16  3.5277496e-16  4.7435748e-19  1.5370187e-16  -9.6441673e-16  -5.3481742e-16  4.6431613e-16  3.6660237e-17  -5.6125219e-16  4.1445510e-16  5.9436202e-16  2.2956257e-16  7.2613181e-16  -4.0807497e-16  8.4055786e-17  -1.0295171e-15  1.0000000   1.7185335e-16  -8.9812569e-17  2.1442249e-16  -7.6840170e-17  -1.0168268e-15  7.2335048e-16  -4.3249522e-16  -5.8718540e-16  -1.9606611e-16  -1.3851048e-16  
-3.1793624e-16  6.7908355e-16  4.0483572e-17  -1.1511313e-16  -2.9247151e-16  -9.6662636e-16  -4.9201581e-16  -6.8975382e-18  -1.2353014e-17  -7.0665416e-17  3.5492229e-16  -2.1183033e-16  6.9030782e-16  5.1528553e-16  -4.0658014e-16  2.1519271e-16  1.0843290e-16  2.1953267e-16  2.0989521e-16  -2.6224995e-16  1.7185335e-16  1.0000000   9.4462468e-17  -2.1915240e-16  8.4297996e-17  2.8955163e-17  -3.9874140e-16  -5.6807315e-18  -7.1312491e-16  -3.6182775e-16  -8.6742362e-16  -3.1793624e-16  6.7908355e-16  4.0483572e-17  -1.1511313e-16  -2.9247151e-16  -9.6662636e-16  -4.9201581e-16  -6.8975382e-18  -1.2353014e-17  -7.0665416e-17  3.5492229e-16  -2.1183033e-16  6.9030782e-16  5.1528553e-16  -4.0658014e-16  2.1519271e-16  1.0843290e-16  2.1953267e-16  2.0989521e-16  -2.6224995e-16  1.7185335e-16  1.0000000   9.4462468e-17  -2.1915240e-16  8.4297996e-17  2.8955163e-17  -3.9874140e-16  -5.6807315e-18  -7.1312491e-16  -3.6182775e-16  -8.6742362e-16  
1.5109658e-17  -5.8749244e-16  7.6075636e-17  -3.1827167e-16  -1.8982741e-17  -3.9829388e-16  3.2954177e-16  5.0452181e-16  -3.5018585e-16  1.2394877e-16  6.2014446e-16  1.2680637e-15  1.5078489e-16  2.4668299e-17  6.4826268e-16  1.0488339e-16  3.2017878e-16  -6.0343483e-16  4.6002668e-16  1.8695431e-16  -8.9812569e-17  9.4462468e-17  1.0000000   5.0454405e-17  2.1334208e-16  3.6023049e-16  5.6919843e-16  -4.7791802e-16  2.0312842e-16  -2.3126144e-16  -4.4951762e-17  1.5109658e-17  -5.8749244e-16  7.6075636e-17  -3.1827167e-16  -1.8982741e-17  -3.9829388e-16  3.2954177e-16  5.0452181e-16  -3.5018585e-16  1.2394877e-16  6.2014446e-16  1.2680637e-15  1.5078489e-16  2.4668299e-17  6.4826268e-16  1.0488339e-16  3.2017878e-16  -6.0343483e-16  4.6002668e-16  1.8695431e-16  -8.9812569e-17  9.4462468e-17  1.0000000   5.0454405e-17  2.1334208e-16  3.6023049e-16  5.6919843e-16  -4.7791802e-16  2.0312842e-16  -2.3126144e-16  -4.4951762e-17  
2.0504769e-16  -1.1450689e-16  -3.9813815e-16  -1.8776203e-16  -1.3245084e-16  6.0966857e-16  2.2651579e-16  1.4430153e-16  5.5062273e-16  -9.0397505e-17  -1.0301628e-17  -6.9280805e-16  4.4392770e-16  2.4224360e-16  1.0227175e-17  4.5930926e-16  -2.1670034e-16  3.2382982e-17  -4.4561100e-16  -9.2001528e-16  2.1442249e-16  -2.1915240e-16  5.0454405e-17  1.0000000   -4.2784021e-17  3.4948311e-17  4.9952529e-16  -1.7143118e-16  -3.5794821e-16  -1.5150937e-16  5.4591946e-16  2.0504769e-16  -1.1450689e-16  -3.9813815e-16  -1.8776203e-16  -1.3245084e-16  6.0966857e-16  2.2651579e-16  1.4430153e-16  5.5062273e-16  -9.0397505e-17  -1.0301628e-17  -6.9280805e-16  4.4392770e-16  2.4224360e-16  1.0227175e-17  4.5930926e-16  -2.1670034e-16  3.2382982e-17  -4.4561100e-16  -9.2001528e-16  2.1442249e-16  -2.1915240e-16  5.0454405e-17  1.0000000   -4.2784021e-17  3.4948311e-17  4.9952529e-16  -1.7143118e-16  -3.5794821e-16  -1.5150937e-16  5.4591946e-16  
3.4174594e-16  4.7232873e-18  -8.7205814e-18  -7.7677017e-16  9.6934685e-17  1.6723938e-18  1.6759803e-16  3.8258141e-16  2.4875817e-16  -1.4952147e-16  -1.3272627e-15  -9.3676737e-16  -1.6634961e-16  -4.2304991e-17  -3.6017808e-17  1.9009513e-16  -1.2557213e-16  4.5287615e-17  -1.4118124e-16  9.5218071e-16  -7.6840170e-17  8.4297996e-17  2.1334208e-16  -4.2784021e-17  1.0000000   -7.6880329e-16  -3.1926930e-16  4.1425865e-16  5.4695823e-16  -1.9939083e-16  -1.8117394e-16  3.4174594e-16  4.7232873e-18  -8.7205814e-18  -7.7677017e-16  9.6934685e-17  1.6723938e-18  1.6759803e-16  3.8258141e-16  2.4875817e-16  -1.4952147e-16  -1.3272627e-15  -9.3676737e-16  -1.6634961e-16  -4.2304991e-17  -3.6017808e-17  1.9009513e-16  -1.2557213e-16  4.5287615e-17  -1.4118124e-16  9.5218071e-16  -7.6840170e-17  8.4297996e-17  2.1334208e-16  -4.2784021e-17  1.0000000   -7.6880329e-16  -3.1926930e-16  4.1425865e-16  5.4695823e-16  -1.9939083e-16  -1.8117394e-16  
1.5667750e-16  5.3557919e-16  -2.4450071e-17  -3.2615360e-17  6.3730038e-17  7.1622059e-16  9.8452711e-16  6.7814285e-16  1.5859676e-16  7.0558179e-16  1.6467190e-16  5.3363862e-16  -4.5536094e-16  -7.1691753e-16  -1.9126136e-16  3.1765571e-16  6.3981375e-16  -8.7131467e-17  4.4651009e-16  3.4721550e-16  -1.0168268e-15  2.8955163e-17  3.6023049e-16  3.4948311e-17  -7.6880329e-16  1.0000000   -3.1182198e-16  2.7647583e-16  -6.3140410e-17  -1.2222156e-15  -5.3488844e-16  1.5667750e-16  5.3557919e-16  -2.4450071e-17  -3.2615360e-17  6.3730038e-17  7.1622059e-16  9.8452711e-16  6.7814285e-16  1.5859676e-16  7.0558179e-16  1.6467190e-16  5.3363862e-16  -4.5536094e-16  -7.1691753e-16  -1.9126136e-16  3.1765571e-16  6.3981375e-16  -8.7131467e-17  4.4651009e-16  3.4721550e-16  -1.0168268e-15  2.8955163e-17  3.6023049e-16  3.4948311e-17  -7.6880329e-16  1.0000000   -3.1182198e-16  2.7647583e-16  -6.3140410e-17  -1.2222156e-15  -5.3488844e-16  
-3.3306683e-16  2.7423597e-16  -3.0729957e-16  -1.3046108e-15  1.4315103e-16  1.4156678e-16  6.3173884e-17  3.0367652e-16  -2.8949305e-17  -1.8879607e-17  2.3290763e-16  -2.2736756e-17  3.6172690e-16  1.8966742e-16  1.0405060e-16  -7.2843425e-16  -4.3939942e-16  8.3269193e-17  6.7205895e-16  2.4327372e-16  7.2335048e-16  -3.9874140e-16  5.6919843e-16  4.9952529e-16  -3.1926930e-16  -3.1182198e-16  1.0000000   -4.2581954e-16  -3.3476211e-16  3.7951056e-16  1.0854946e-16  -3.3306683e-16  2.7423597e-16  -3.0729957e-16  -1.3046108e-15  1.4315103e-16  1.4156678e-16  6.3173884e-17  3.0367652e-16  -2.8949305e-17  -1.8879607e-17  2.3290763e-16  -2.2736756e-17  3.6172690e-16  1.8966742e-16  1.0405060e-16  -7.2843425e-16  -4.3939942e-16  8.3269193e-17  6.7205895e-16  2.4327372e-16  7.2335048e-16  -3.9874140e-16  5.6919843e-16  4.9952529e-16  -3.1926930e-16  -3.1182198e-16  1.0000000   -4.2581954e-16  -3.3476211e-16  3.7951056e-16  1.0854946e-16  
6.6066318e-17  -3.0115667e-16  8.9814919e-17  -1.5035356e-16  2.6485183e-16  -1.2966392e-16  -4.3454510e-16  -6.4684707e-17  -1.4427521e-16  -7.3058440e-18  -4.9638781e-17  1.4169022e-16  5.5581189e-16  -2.6490244e-16  -2.5323584e-16  6.2370623e-17  3.2024369e-17  -8.9198525e-17  2.6216113e-16  6.9162208e-16  -4.3249522e-16  -5.6807315e-18  -4.7791802e-16  -1.7143118e-16  4.1425865e-16  2.7647583e-16  -4.2581954e-16  1.0000000   2.4269254e-16  -3.6250019e-16  3.8467486e-16  6.6066318e-17  -3.0115667e-16  8.9814919e-17  -1.5035356e-16  2.6485183e-16  -1.2966392e-16  -4.3454510e-16  -6.4684707e-17  -1.4427521e-16  -7.3058440e-18  -4.9638781e-17  1.4169022e-16  5.5581189e-16  -2.6490244e-16  -2.5323584e-16  6.2370623e-17  3.2024369e-17  -8.9198525e-17  2.6216113e-16  6.9162208e-16  -4.3249522e-16  -5.6807315e-18  -4.7791802e-16  -1.7143118e-16  4.1425865e-16  2.7647583e-16  -4.2581954e-16  1.0000000   2.4269254e-16  -3.6250019e-16  3.8467486e-16  
4.3415721e-16  -4.8743470e-16  -5.5438810e-16  3.5444094e-16  -6.9300470e-17  3.1880256e-16  4.0404926e-16  4.1201946e-16  -1.3842741e-16  7.6207837e-17  -5.2047058e-17  -1.0992070e-16  -4.8930633e-16  -1.3588167e-16  -4.5888528e-17  -4.1229652e-16  -1.4289814e-15  2.6665880e-16  -5.3446185e-16  -4.5590284e-16  -5.8718540e-16  -7.1312491e-16  2.0312842e-16  -3.5794821e-16  5.4695823e-16  -6.3140410e-17  -3.3476211e-16  2.4269254e-16  1.0000000   -1.8458579e-16  2.4667757e-16  4.3415721e-16  -4.8743470e-16  -5.5438810e-16  3.5444094e-16  -6.9300470e-17  3.1880256e-16  4.0404926e-16  4.1201946e-16  -1.3842741e-16  7.6207837e-17  -5.2047058e-17  -1.0992070e-16  -4.8930633e-16  -1.3588167e-16  -4.5888528e-17  -4.1229652e-16  -1.4289814e-15  2.6665880e-16  -5.3446185e-16  -4.5590284e-16  -5.8718540e-16  -7.1312491e-16  2.0312842e-16  -3.5794821e-16  5.4695823e-16  -6.3140410e-17  -3.3476211e-16  2.4269254e-16  1.0000000   -1.8458579e-16  2.4667757e-16  
-7.6541199e-17  -3.8136515e-16  -5.0019446e-17  3.1296913e-16  8.7029487e-17  1.5711387e-16  -6.8426774e-16  -1.5100755e-16  -4.3904059e-16  -8.0502613e-17  4.8498830e-17  4.6479345e-18  3.5420242e-16  -8.1441092e-16  -1.6132831e-16  -6.9480415e-16  -6.3172955e-17  3.3088223e-16  5.9549831e-17  4.2777195e-17  -1.9606611e-16  -3.6182775e-16  -2.3126144e-16  -1.5150937e-16  -1.9939083e-16  -1.2222156e-15  3.7951056e-16  -3.6250019e-16  -1.8458579e-16  1.0000000   2.4005720e-16  -7.6541199e-17  -3.8136515e-16  -5.0019446e-17  3.1296913e-16  8.7029487e-17  1.5711387e-16  -6.8426774e-16  -1.5100755e-16  -4.3904059e-16  -8.0502613e-17  4.8498830e-17  4.6479345e-18  3.5420242e-16  -8.1441092e-16  -1.6132831e-16  -6.9480415e-16  -6.3172955e-17  3.3088223e-16  5.9549831e-17  4.2777195e-17  -1.9606611e-16  -3.6182775e-16  -2.3126144e-16  -1.5150937e-16  -1.9939083e-16  -1.2222156e-15  3.7951056e-16  -3.6250019e-16  -1.8458579e-16  1.0000000   2.4005720e-16  
-6.6220546e-17  -7.7261158e-16  5.6667966e-16  3.6740861e-16  3.0065475e-16  3.0078114e-16  -1.8725345e-16  1.0102591e-16  3.9665706e-17  -1.1728735e-17  5.0064802e-16  1.1718071e-16  9.7885325e-17  6.9043443e-16  2.9965015e-18  -9.2827988e-17  3.6568807e-16  2.9304881e-16  2.9799108e-16  2.5957421e-16  -1.3851048e-16  -8.6742362e-16  -4.4951762e-17  5.4591946e-16  -1.8117394e-16  -5.3488844e-16  1.0854946e-16  3.8467486e-16  2.4667757e-16  2.4005720e-16  1.0000000   -6.6220546e-17  -7.7261158e-16  5.6667966e-16  3.6740861e-16  3.0065475e-16  3.0078114e-16  -1.8725345e-16  1.0102591e-16  3.9665706e-17  -1.1728735e-17  5.0064802e-16  1.1718071e-16  9.7885325e-17  6.9043443e-16  2.9965015e-18  -9.2827988e-17  3.6568807e-16  2.9304881e-16  2.9799108e-16  2.5957421e-16  -1.3851048e-16  -8.6742362e-16  -4.4951762e-17  5.4591946e-16  -1.8117394e-16  -5.3488844e-16  1.0854946e-16  3.8467486e-16  2.4667757e-16  2.4005720e-16  1.0000000   
1.0000000   -2.3317544e-16  1.8247448e-16  -1.2733260e-16  -1.2581218e-16  -1.1980859e-16  3.5723051e-16  6.2621427e-16  4.4591296e-16  5.1780237e-16  3.3398517e-16  2.4069486e-16  -1.1146818e-15  3.8110136e-16  6.9521602e-17  8.1781376e-16  2.4135829e-16  2.9694042e-16  -2.4744290e-16  1.0594703e-16  -9.2793808e-16  -3.1793624e-16  1.5109658e-17  2.0504769e-16  3.4174594e-16  1.5667750e-16  -3.3306683e-16  6.6066318e-17  4.3415721e-16  -7.6541199e-17  -6.6220546e-17  1.0000000   -2.3317544e-16  1.8247448e-16  -1.2733260e-16  -1.2581218e-16  -1.1980859e-16  3.5723051e-16  6.2621427e-16  4.4591296e-16  5.1780237e-16  3.3398517e-16  2.4069486e-16  -1.1146818e-15  3.8110136e-16  6.9521602e-17  8.1781376e-16  2.4135829e-16  2.9694042e-16  -2.4744290e-16  1.0594703e-16  -9.2793808e-16  -3.1793624e-16  1.5109658e-17  2.0504769e-16  3.4174594e-16  1.5667750e-16  -3.3306683e-16  6.6066318e-17  4.3415721e-16  -7.6541199e-17  -6.6220546e-17  
-2.3317544e-16  1.0000000   7.3518494e-16  1.6588494e-16  -8.8016398e-17  -1.8454150e-16  -4.9417511e-16  -4.8993747e-16  -1.1815605e-16  9.5350501e-16  -8.1220205e-16  -4.0879760e-16  5.5279152e-16  -1.2320328e-16  4.7540709e-16  4.7071555e-16  5.1380451e-16  4.8431845e-16  -2.8073032e-16  2.0864468e-16  2.9707631e-16  6.7908355e-16  -5.8749244e-16  -1.1450689e-16  4.7232873e-18  5.3557919e-16  2.7423597e-16  -3.0115667e-16  -4.8743470e-16  -3.8136515e-16  -7.7261158e-16  -2.3317544e-16  1.0000000   7.3518494e-16  1.6588494e-16  -8.8016398e-17  -1.8454150e-16  -4.9417511e-16  -4.8993747e-16  -1.1815605e-16  9.5350501e-16  -8.1220205e-16  -4.0879760e-16  5.5279152e-16  -1.2320328e-16  4.7540709e-16  4.7071555e-16  5.1380451e-16  4.8431845e-16  -2.8073032e-16  2.0864468e-16  2.9707631e-16  6.7908355e-16  -5.8749244e-16  -1.1450689e-16  4.7232873e-18  5.3557919e-16  2.7423597e-16  -3.0115667e-16  -4.8743470e-16  -3.8136515e-16  -7.7261158e-16  
1.8247448e-16  7.3518494e-16  1.0000000   3.7779622e-17  -2.4230602e-16  -3.8102637e-16  -2.6233864e-16  1.3354456e-16  -7.8926012e-16  5.9174048e-16  4.6307170e-16  -4.1887740e-16  -2.9073763e-16  9.9742598e-17  2.5359583e-16  7.8798645e-17  1.4070695e-16  5.3489867e-16  1.9236924e-16  3.4449173e-16  7.6253217e-17  4.0483572e-17  7.6075636e-17  -3.9813815e-16  -8.7205814e-18  -2.4450071e-17  -3.0729957e-16  8.9814919e-17  -5.5438810e-16  -5.0019446e-17  5.6667966e-16  1.8247448e-16  7.3518494e-16  1.0000000   3.7779622e-17  -2.4230602e-16  -3.8102637e-16  -2.6233864e-16  1.3354456e-16  -7.8926012e-16  5.9174048e-16  4.6307170e-16  -4.1887740e-16  -2.9073763e-16  9.9742598e-17  2.5359583e-16  7.8798645e-17  1.4070695e-16  5.3489867e-16  1.9236924e-16  3.4449173e-16  7.6253217e-17  4.0483572e-17  7.6075636e-17  -3.9813815e-16  -8.7205814e-18  -2.4450071e-17  -3.0729957e-16  8.9814919e-17  -5.5438810e-16  -5.0019446e-17  5.6667966e-16  
-1.2733260e-16  1.6588494e-16  3.7779622e-17  1.0000000   -1.0106919e-16  2.5351834e-16  6.5741489e-16  1.7188771e-16  2.0546934e-16  4.6323486e-17  -8.0518967e-17  -4.9871562e-16  1.1123429e-17  3.4327878e-16  -5.8701763e-16  3.9132441e-16  -5.7772713e-16  1.3467856e-16  -5.9631448e-16  3.8525188e-16  6.6757276e-17  -1.1511313e-16  -3.1827167e-16  -1.8776203e-16  -7.7677017e-16  -3.2615360e-17  -1.3046108e-15  -1.5035356e-16  3.5444094e-16  3.1296913e-16  3.6740861e-16  -1.2733260e-16  1.6588494e-16  3.7779622e-17  1.0000000   -1.0106919e-16  2.5351834e-16  6.5741489e-16  1.7188771e-16  2.0546934e-16  4.6323486e-17  -8.0518967e-17  -4.9871562e-16  1.1123429e-17  3.4327878e-16  -5.8701763e-16  3.9132441e-16  -5.7772713e-16  1.3467856e-16  -5.9631448e-16  3.8525188e-16  6.6757276e-17  -1.1511313e-16  -3.1827167e-16  -1.8776203e-16  -7.7677017e-16  -3.2615360e-17  -1.3046108e-15  -1.5035356e-16  3.5444094e-16  3.1296913e-16  3.6740861e-16  
-1.2581218e-16  -8.8016398e-17  -2.4230602e-16  -1.0106919e-16  1.0000000   -2.1271282e-16  -4.0879677e-17  -1.6519326e-16  -1.7115535e-17  -2.7007895e-16  1.1112223e-15  3.3808777e-16  1.0146229e-16  -3.8849484e-16  8.9098315e-16  3.3003370e-16  -1.8648727e-16  -7.0788860e-16  -1.8665822e-16  -2.7795240e-16  -2.4886774e-16  -2.9247151e-16  -1.8982741e-17  -1.3245084e-16  9.6934685e-17  6.3730038e-17  1.4315103e-16  2.6485183e-16  -6.9300470e-17  8.7029487e-17  3.0065475e-16  -1.2581218e-16  -8.8016398e-17  -2.4230602e-16  -1.0106919e-16  1.0000000   -2.1271282e-16  -4.0879677e-17  -1.6519326e-16  -1.7115535e-17  -2.7007895e-16  1.1112223e-15  3.3808777e-16  1.0146229e-16  -3.8849484e-16  8.9098315e-16  3.3003370e-16  -1.8648727e-16  -7.0788860e-16  -1.8665822e-16  -2.7795240e-16  -2.4886774e-16  -2.9247151e-16  -1.8982741e-17  -1.3245084e-16  9.6934685e-17  6.3730038e-17  1.4315103e-16  2.6485183e-16  -6.9300470e-17  8.7029487e-17  3.0065475e-16  
-1.1980859e-16  -1.8454150e-16  -3.8102637e-16  2.5351834e-16  -2.1271282e-16  1.0000000   3.0249881e-16  4.5834684e-16  -2.4312995e-16  4.3961669e-17  2.1831182e-17  3.9332874e-16  -8.2346603e-17  6.3619342e-16  -2.9638797e-16  -1.5597165e-17  -4.6814882e-16  -2.1586928e-16  -5.5608550e-16  7.6710733e-17  3.5277496e-16  -9.6662636e-16  -3.9829388e-16  6.0966857e-16  1.6723938e-18  7.1622059e-16  1.4156678e-16  -1.2966392e-16  3.1880256e-16  1.5711387e-16  3.0078114e-16  -1.1980859e-16  -1.8454150e-16  -3.8102637e-16  2.5351834e-16  -2.1271282e-16  1.0000000   3.0249881e-16  4.5834684e-16  -2.4312995e-16  4.3961669e-17  2.1831182e-17  3.9332874e-16  -8.2346603e-17  6.3619342e-16  -2.9638797e-16  -1.5597165e-17  -4.6814882e-16  -2.1586928e-16  -5.5608550e-16  7.6710733e-17  3.5277496e-16  -9.6662636e-16  -3.9829388e-16  6.0966857e-16  1.6723938e-18  7.1622059e-16  1.4156678e-16  -1.2966392e-16  3.1880256e-16  1.5711387e-16  3.0078114e-16  
3.5723051e-16  -4.9417511e-16  -2.6233864e-16  6.5741489e-16  -4.0879677e-17  3.0249881e-16  1.0000000   2.7291920e-16  4.7605426e-16  5.9832631e-16  -7.2607134e-16  1.7195423e-16  -9.4252333e-16  -1.8755132e-16  -7.6049426e-16  -4.3729376e-17  7.6668731e-16  6.0834386e-18  -8.1474789e-17  -8.9829118e-17  4.7435748e-19  -4.9201581e-16  3.2954177e-16  2.2651579e-16  1.6759803e-16  9.8452711e-16  6.3173884e-17  -4.3454510e-16  4.0404926e-16  -6.8426774e-16  -1.8725345e-16  3.5723051e-16  -4.9417511e-16  -2.6233864e-16  6.5741489e-16  -4.0879677e-17  3.0249881e-16  1.0000000   2.7291920e-16  4.7605426e-16  5.9832631e-16  -7.2607134e-16  1.7195423e-16  -9.4252333e-16  -1.8755132e-16  -7.6049426e-16  -4.3729376e-17  7.6668731e-16  6.0834386e-18  -8.1474789e-17  -8.9829118e-17  4.7435748e-19  -4.9201581e-16  3.2954177e-16  2.2651579e-16  1.6759803e-16  9.8452711e-16  6.3173884e-17  -4.3454510e-16  4.0404926e-16  -6.8426774e-16  -1.8725345e-16  
6.2621427e-16  -4.8993747e-16  1.3354456e-16  1.7188771e-16  -1.6519326e-16  4.5834684e-16  2.7291920e-16  1.0000000   8.8569938e-17  -9.0474075e-17  2.6739189e-16  -7.0786737e-16  4.0853032e-16  3.8219046e-17  1.1874064e-16  1.4013475e-16  -2.5471828e-16  -2.9805968e-16  -2.2617356e-16  5.3362227e-16  1.5370187e-16  -6.8975382e-18  5.0452181e-16  1.4430153e-16  3.8258141e-16  6.7814285e-16  3.0367652e-16  -6.4684707e-17  4.1201946e-16  -1.5100755e-16  1.0102591e-16  6.2621427e-16  -4.8993747e-16  1.3354456e-16  1.7188771e-16  -1.6519326e-16  4.5834684e-16  2.7291920e-16  1.0000000   8.8569938e-17  -9.0474075e-17  2.6739189e-16  -7.0786737e-16  4.0853032e-16  3.8219046e-17  1.1874064e-16  1.4013475e-16  -2.5471828e-16  -2.9805968e-16  -2.2617356e-16  5.3362227e-16  1.5370187e-16  -6.8975382e-18  5.0452181e-16  1.4430153e-16  3.8258141e-16  6.7814285e-16  3.0367652e-16  -6.4684707e-17  4.1201946e-16  -1.5100755e-16  1.0102591e-16  
4.4591296e-16  -1.1815605e-16  -7.8926012e-16  2.0546934e-16  -1.7115535e-17  -2.4312995e-16  4.7605426e-16  8.8569938e-17  1.0000000   5.8542213e-16  -8.9248562e-16  -1.0117168e-16  -7.0184885e-17  1.4918227e-16  4.2110618e-17  -1.2266968e-16  -5.1354177e-16  4.4977506e-16  1.2526676e-16  3.4241541e-16  -9.6441673e-16  -1.2353014e-17  -3.5018585e-16  5.5062273e-16  2.4875817e-16  1.5859676e-16  -2.8949305e-17  -1.4427521e-16  -1.3842741e-16  -4.3904059e-16  3.9665706e-17  4.4591296e-16  -1.1815605e-16  -7.8926012e-16  2.0546934e-16  -1.7115535e-17  -2.4312995e-16  4.7605426e-16  8.8569938e-17  1.0000000   5.8542213e-16  -8.9248562e-16  -1.0117168e-16  -7.0184885e-17  1.4918227e-16  4.2110618e-17  -1.2266968e-16  -5.1354177e-16  4.4977506e-16  1.2526676e-16  3.4241541e-16  -9.6441673e-16  -1.2353014e-17  -3.5018585e-16  5.5062273e-16  2.4875817e-16  1.5859676e-16  -2.8949305e-17  -1.4427521e-16  -1.3842741e-16  -4.3904059e-16  3.9665706e-17  
5.1780237e-16  9.5350501e-16  5.9174048e-16  4.6323486e-17  -2.7007895e-16  4.3961669e-17  5.9832631e-16  -9.0474075e-17  5.8542213e-16  1.0000000   -4.8919594e-18  9.5720924e-16  4.7874716e-16  4.4555278e-17  -4.8022028e-17  6.0868539e-16  -2.2887815e-16  -3.6649264e-16  3.3100111e-16  1.1951481e-15  -5.3481742e-16  -7.0665416e-17  1.2394877e-16  -9.0397505e-17  -1.4952147e-16  7.0558179e-16  -1.8879607e-17  -7.3058440e-18  7.6207837e-17  -8.0502613e-17  -1.1728735e-17  5.1780237e-16  9.5350501e-16  5.9174048e-16  4.6323486e-17  -2.7007895e-16  4.3961669e-17  5.9832631e-16  -9.0474075e-17  5.8542213e-16  1.0000000   -4.8919594e-18  9.5720924e-16  4.7874716e-16  4.4555278e-17  -4.8022028e-17  6.0868539e-16  -2.2887815e-16  -3.6649264e-16  3.3100111e-16  1.1951481e-15  -5.3481742e-16  -7.0665416e-17  1.2394877e-16  -9.0397505e-17  -1.4952147e-16  7.0558179e-16  -1.8879607e-17  -7.3058440e-18  7.6207837e-17  -8.0502613e-17  -1.1728735e-17  
