1.0000000   -3.2828502e-16  5.5324662e-16  5.1863684e-16  8.9814479e-16  -1.3931061e-16  1.6421919e-16  -4.6618822e-16  -1.6898657e-16  1.7373594e-16  -2.3828723e-17  5.5998414e-16  1.6425826e-16  5.6687898e-16  -1.1578054e-15  -3.1665847e-18  -4.0077953e-16  3.6556944e-16  -8.4472917e-17  -9.4392864e-16  -1.9089023e-16  -4.6119455e-17  -6.8853051e-16  -4.0292065e-16  -1.6796089e-16  3.4802647e-16  8.4103258e-16  -9.1175868e-16  7.9494047e-16  -3.7976568e-17  -7.8985062e-16  1.0000000   -3.2828502e-16  5.5324662e-16  5.1863684e-16  8.9814479e-16  -1.3931061e-16  1.6421919e-16  -4.6618822e-16  -1.6898657e-16  1.7373594e-16  -2.3828723e-17  5.5998414e-16  1.6425826e-16  5.6687898e-16  -1.1578054e-15  -3.1665847e-18  -4.0077953e-16  3.6556944e-16  -8.4472917e-17  -9.4392864e-16  -1.9089023e-16  -4.6119455e-17  -6.8853051e-16  -4.0292065e-16  -1.6796089e-16  3.4802647e-16  8.4103258e-16  -9.1175868e-16  7.9494047e-16  -3.7976568e-17  -7.8985062e-16  
-3.2828502e-16  1.0000000   -4.7763237e-16  -1.7369257e-16  -3.1997421e-16  -3.7901970e-16  -4.0051579e-17  3.8038545e-16  3.3198761e-16  -4.9578751e-16  -5.2518461e-17  6.7592145e-16  -3.4642253e-16  -3.5727789e-16  6.0254966e-16  -2.9767687e-16  -8.7804198e-16  -9.2385158e-16  -1.7208090e-17  1.7615196e-16  1.1613809e-16  -2.8140654e-16  7.1798496e-16  -5.0659617e-16  1.6090320e-16  -1.3291436e-17  -1.2656262e-15  4.7519493e-17  -9.6531973e-17  -4.1225084e-17  6.8249130e-16  -3.2828502e-16  1.0000000   -4.7763237e-16  -1.7369257e-16  -3.1997421e-16  -3.7901970e-16  -4.0051579e-17  3.8038545e-16  3.3198761e-16  -4.9578751e-16  -5.2518461e-17  6.7592145e-16  -3.4642253e-16  -3.5727789e-16  6.0254966e-16  -2.9767687e-16  -8.7804198e-16  -9.2385158e-16  -1.7208090e-17  1.7615196e-16  1.1613809e-16  -2.8140654e-16  7.1798496e-16  -5.0659617e-16  1.6090320e-16  -1.3291436e-17  -1.2656262e-15  4.7519493e-17  -9.6531973e-17  -4.1225084e-17  6.8249130e-16  
5.5324662e-16  -4.7763237e-16  1.0000000   -2.2533557e-16  -9.1991002e-16  1.1622759e-15  4.0423176e-16  8.9531174e-17  7.7889823e-16  1.1969879e-15  -8.1267140e-16  -3.3502535e-18  3.7371292e-16  3.3659696e-16  -3.3681605e-17  5.9738686e-17  4.0177437e-16  -6.1520287e-16  3.2615645e-16  3.1126435e-16  1.2128164e-15  2.7812758e-16  1.0144810e-16  -2.3173380e-16  1.8164106e-16  1.0120268e-15  9.4265501e-16  6.5342404e-16  -3.8353713e-16  -4.2033031e-16  -3.1147046e-17  5.5324662e-16  -4.7763237e-16  1.0000000   -2.2533557e-16  -9.1991002e-16  1.1622759e-15  4.0423176e-16  8.9531174e-17  7.7889823e-16  1.1969879e-15  -8.1267140e-16  -3.3502535e-18  3.7371292e-16  3.3659696e-16  -3.3681605e-17  5.9738686e-17  4.0177437e-16  -6.1520287e-16  3.2615645e-16  3.1126435e-16  1.2128164e-15  2.7812758e-16  1.0144810e-16  -2.3173380e-16  1.8164106e-16  1.0120268e-15  9.4265501e-16  6.5342404e-16  -3.8353713e-16  -4.2033031e-16  -3.1147046e-17  
5.1863684e-16  -1.7369257e-16  -2.2533557e-16  1.0000000   5.1206307e-17  3.3402732e-16  9.7993643e-16  -2.3300122e-16  1.3359762e-15  -2.2950698e-16  -4.3657924e-16  -3.8822676e-16  -6.2279934e-16  8.0100829e-17  2.5220318e-16  1.7254437e-16  -8.7320157e-17  -6.3785486e-16  6.1071053e-16  -3.4646624e-16  1.7543145e-16  1.5620990e-16  4.9291195e-17  -2.8574263e-16  2.0515408e-16  3.3993183e-16  5.0280404e-16  2.2858999e-16  1.5864630e-17  7.7128061e-17  5.6585275e-17  5.1863684e-16  -1.7369257e-16  -2.2533557e-16  1.0000000   5.1206307e-17  3.3402732e-16  9.7993643e-16  -2.3300122e-16  1.3359762e-15  -2.2950698e-16  -4.3657924e-16  -3.8822676e-16  -6.2279934e-16  8.0100829e-17  2.5220318e-16  1.7254437e-16  -8.7320157e-17  -6.3785486e-16  6.1071053e-16  -3.4646624e-16  1.7543145e-16  1.5620990e-16  4.9291195e-17  -2.8574263e-16  2.0515408e-16  3.3993183e-16  5.0280404e-16  2.2858999e-16  1.5864630e-17  7.7128061e-17  5.6585275e-17  
8.9814479e-16  -3.1997421e-16  -9.1991002e-16  5.1206307e-17  1.0000000   5.6013799e-16  5.9234598e-16  -6.2936926e-16  -1.2847666e-15  1.6204098e-17  2.1544372e-16  7.0944949e-16  2.1007750e-16  -1.8210461e-16  -2.3703554e-16  5.4736662e-16  -7.1224319e-16  -4.2478207e-16  -3.4583296e-17  -2.5026838e-16  -7.6043173e-16  -5.3082423e-17  1.3055929e-15  2.8917776e-16  -5.6596024e-16  -1.6562950e-16  3.6029388e-16  -1.0708162e-15  -1.2845099e-17  -3.6248449e-16  -2.5950072e-17  8.9814479e-16  -3.1997421e-16  -9.1991002e-16  5.1206307e-17  1.0000000   5.6013799e-16  5.9234598e-16  -6.2936926e-16  -1.2847666e-15  1.6204098e-17  2.1544372e-16  7.0944949e-16  2.1007750e-16  -1.8210461e-16  -2.3703554e-16  5.4736662e-16  -7.1224319e-16  -4.2478207e-16  -3.4583296e-17  -2.5026838e-16  -7.6043173e-16  -5.3082423e-17  1.3055929e-15  2.8917776e-16  -5.6596024e-16  -1.6562950e-16  3.6029388e-16  -1.0708162e-15  -1.2845099e-17  -3.6248449e-16  -2.5950072e-17  
-1.3931061e-16  -3.7901970e-16  1.1622759e-15  3.3402732e-16  5.6013799e-16  1.0000000   -6.7750679e-16  3.0978043e-16  -2.7794024e-16  7.8366308e-16  2.3517967e-16  8.8899370e-17  -2.1606929e-16  -2.5151154e-17  -1.6301115e-16  8.3418938e-16  -7.1252847e-16  1.2319062e-16  4.7943946e-17  -1.9607546e-16  6.2501454e-17  -4.1174265e-16  1.4267262e-16  -3.6888609e-16  -3.4766876e-17  -6.9260130e-18  3.1668365e-17  -6.9472534e-16  -6.1507209e-16  -1.2775403e-16  3.1716715e-17  -1.3931061e-16  -3.7901970e-16  1.1622759e-15  3.3402732e-16  5.6013799e-16  1.0000000   -6.7750679e-16  3.0978043e-16  -2.7794024e-16  7.8366308e-16  2.3517967e-16  8.8899370e-17  -2.1606929e-16  -2.5151154e-17  -1.6301115e-16  8.3418938e-16  -7.1252847e-16  1.2319062e-16  4.7943946e-17  -1.9607546e-16  6.2501454e-17  -4.1174265e-16  1.4267262e-16  -3.6888609e-16  -3.4766876e-17  -6.9260130e-18  3.1668365e-17  -6.9472534e-16  -6.1507209e-16  -1.2775403e-16  3.1716715e-17  
1.6421919e-16  -4.0051579e-17  4.0423176e-16  9.7993643e-16  5.9234598e-16  -6.7750679e-16  1.0000000   9.4442741e-17  -1.1267170e-15  -3.2042885e-16  -3.9733469e-17  1.8374662e-16  -2.6382691e-16  -5.0572665e-16  -7.7940034e-18  7.8026551e-16  -1.7561419e-16  2.4054829e-17  5.7539960e-16  -6.3252189e-16  -5.3074367e-16  -4.1579322e-16  -1.7306630e-16  9.6788276e-16  2.1665875e-17  4.0093711e-16  6.9588144e-16  -4.7010037e-16  1.2094927e-15  -8.6914123e-16  -2.0735716e-16  1.6421919e-16  -4.0051579e-17  4.0423176e-16  9.7993643e-16  5.9234598e-16  -6.7750679e-16  1.0000000   9.4442741e-17  -1.1267170e-15  -3.2042885e-16  -3.9733469e-17  1.8374662e-16  -2.6382691e-16  -5.0572665e-16  -7.7940034e-18  7.8026551e-16  -1.7561419e-16  2.4054829e-17  5.7539960e-16  -6.3252189e-16  -5.3074367e-16  -4.1579322e-16  -1.7306630e-16  9.6788276e-16  2.1665875e-17  4.0093711e-16  6.9588144e-16  -4.7010037e-16  1.2094927e-15  -8.6914123e-16  -2.0735716e-16  
-4.6618822e-16  3.8038545e-16  8.9531174e-17  -2.3300122e-16  -6.2936926e-16  3.0978043e-16  9.4442741e-17  1.0000000   -7.0200512e-16  7.6149743e-16  5.4805387e-16  -1.0534189e-15  -1.9489007e-16  -6.4126926e-17  2.3603963e-16  1.0472891e-15  -1.1727310e-16  9.1647330e-16  3.4828646e-16  6.8900972e-16  4.6705513e-16  -1.2694355e-16  -1.7258400e-16  -7.1908272e-16  5.6184089e-16  2.4028704e-16  1.5468690e-15  -3.6286267e-16  2.9602056e-16  -5.4048958e-16  -6.8183447e-17  -4.6618822e-16  3.8038545e-16  8.9531174e-17  -2.3300122e-16  -6.2936926e-16  3.0978043e-16  9.4442741e-17  1.0000000   -7.0200512e-16  7.6149743e-16  5.4805387e-16  -1.0534189e-15  -1.9489007e-16  -6.4126926e-17  2.3603963e-16  1.0472891e-15  -1.1727310e-16  9.1647330e-16  3.4828646e-16  6.8900972e-16  4.6705513e-16  -1.2694355e-16  -1.7258400e-16  -7.1908272e-16  5.6184089e-16  2.4028704e-16  1.5468690e-15  -3.6286267e-16  2.9602056e-16  -5.4048958e-16  -6.8183447e-17  
-1.6898657e-16  3.3198761e-16  7.7889823e-16  1.3359762e-15  -1.2847666e-15  -2.7794024e-16  -1.1267170e-15  -7.0200512e-16  1.0000000   9.2295642e-16  5.4341634e-17  -2.4403214e-16  3.2474189e-16  1.8152888e-16  -1.5815962e-16  -3.3131311e-16  -4.4269349e-16  5.7598415e-16  -5.6484516e-16  1.5844152e-16  2.5453598e-16  -5.0215343e-16  7.0270549e-16  -5.0521806e-16  7.8118397e-16  1.2612016e-15  6.9306610e-16  -3.8923316e-16  1.2617476e-16  -7.5001432e-16  2.2605519e-16  -1.6898657e-16  3.3198761e-16  7.7889823e-16  1.3359762e-15  -1.2847666e-15  -2.7794024e-16  -1.1267170e-15  -7.0200512e-16  1.0000000   9.2295642e-16  5.4341634e-17  -2.4403214e-16  3.2474189e-16  1.8152888e-16  -1.5815962e-16  -3.3131311e-16  -4.4269349e-16  5.7598415e-16  -5.6484516e-16  1.5844152e-16  2.5453598e-16  -5.0215343e-16  7.0270549e-16  -5.0521806e-16  7.8118397e-16  1.2612016e-15  6.9306610e-16  -3.8923316e-16  1.2617476e-16  -7.5001432e-16  2.2605519e-16  
1.7373594e-16  -4.9578751e-16  1.1969879e-15  -2.2950698e-16  1.6204098e-17  7.8366308e-16  -3.2042885e-16  7.6149743e-16  9.2295642e-16  1.0000000   4.1664097e-16  -2.8721486e-16  -8.2255351e-17  -3.3585259e-16  -5.8649808e-16  4.4769522e-16  3.7393378e-16  3.1956519e-16  -3.8133276e-16  7.9350949e-16  1.2875002e-15  -8.8201149e-16  5.9189587e-16  -5.1924551e-16  -1.0561101e-15  5.4377468e-16  1.5682355e-16  5.1199088e-16  -8.0005329e-16  -3.5481248e-17  5.4299474e-16  1.7373594e-16  -4.9578751e-16  1.1969879e-15  -2.2950698e-16  1.6204098e-17  7.8366308e-16  -3.2042885e-16  7.6149743e-16  9.2295642e-16  1.0000000   4.1664097e-16  -2.8721486e-16  -8.2255351e-17  -3.3585259e-16  -5.8649808e-16  4.4769522e-16  3.7393378e-16  3.1956519e-16  -3.8133276e-16  7.9350949e-16  1.2875002e-15  -8.8201149e-16  5.9189587e-16  -5.1924551e-16  -1.0561101e-15  5.4377468e-16  1.5682355e-16  5.1199088e-16  -8.0005329e-16  -3.5481248e-17  5.4299474e-16  
-2.3828723e-17  -5.2518461e-17  -8.1267140e-16  -4.3657924e-16  2.1544372e-16  2.3517967e-16  -3.9733469e-17  5.4805387e-16  5.4341634e-17  4.1664097e-16  1.0000000   -1.1088885e-15  2.5934226e-16  3.5793841e-16  -3.5992008e-16  -3.9781946e-17  -1.0661808e-15  -7.1193688e-17  6.4182591e-17  -2.7982319e-16  -1.6526277e-16  -7.4848432e-17  2.1551621e-16  -1.7165043e-16  4.9118343e-16  2.2115337e-16  3.4768265e-16  -2.7323985e-16  1.6309128e-16  2.2363123e-16  -9.8434933e-17  -2.3828723e-17  -5.2518461e-17  -8.1267140e-16  -4.3657924e-16  2.1544372e-16  2.3517967e-16  -3.9733469e-17  5.4805387e-16  5.4341634e-17  4.1664097e-16  1.0000000   -1.1088885e-15  2.5934226e-16  3.5793841e-16  -3.5992008e-16  -3.9781946e-17  -1.0661808e-15  -7.1193688e-17  6.4182591e-17  -2.7982319e-16  -1.6526277e-16  -7.4848432e-17  2.1551621e-16  -1.7165043e-16  4.9118343e-16  2.2115337e-16  3.4768265e-16  -2.7323985e-16  1.6309128e-16  2.2363123e-16  -9.8434933e-17  
5.5998414e-16  6.7592145e-16  -3.3502535e-18  -3.8822676e-16  7.0944949e-16  8.8899370e-17  1.8374662e-16  -1.0534189e-15  -2.4403214e-16  -2.8721486e-16  -1.1088885e-15  1.0000000   6.9163864e-16  -3.8581176e-16  4.3140003e-16  -3.7490644e-16  -2.0602451e-16  2.3649438e-16  -4.3293998e-17  -2.9339450e-16  -6.7730035e-17  3.2922813e-16  2.2029872e-16  2.1386632e-16  -2.9371280e-16  -9.5474665e-16  -1.5678964e-16  9.7580538e-16  8.9450650e-19  -4.6478686e-16  -2.3289612e-16  5.5998414e-16  6.7592145e-16  -3.3502535e-18  -3.8822676e-16  7.0944949e-16  8.8899370e-17  1.8374662e-16  -1.0534189e-15  -2.4403214e-16  -2.8721486e-16  -1.1088885e-15  1.0000000   6.9163864e-16  -3.8581176e-16  4.3140003e-16  -3.7490644e-16  -2.0602451e-16  2.3649438e-16  -4.3293998e-17  -2.9339450e-16  -6.7730035e-17  3.2922813e-16  2.2029872e-16  2.1386632e-16  -2.9371280e-16  -9.5474665e-16  -1.5678964e-16  9.7580538e-16  8.9450650e-19  -4.6478686e-16  -2.3289612e-16  
1.6425826e-16  -3.4642253e-16  3.7371292e-16  -6.2279934e-16  2.1007750e-16  -2.1606929e-16  -2.6382691e-16  -1.9489007e-16  3.2474189e-16  -8.2255351e-17  2.5934226e-16  6.9163864e-16  1.0000000   1.0397679e-16  4.5066194e-16  -1.5628692e-16  5.7168202e-16  -1.3171856e-15  -7.3214715e-16  3.4365223e-16  3.5744839e-16  1.1266212e-16  -1.4932069e-16  -2.8965686e-16  1.0016927e-15  -8.6482452e-16  -1.0868650e-15  8.2579492e-16  -1.7435937e-16  3.2811874e-16  -3.5699536e-16  1.6425826e-16  -3.4642253e-16  3.7371292e-16  -6.2279934e-16  2.1007750e-16  -2.1606929e-16  -2.6382691e-16  -1.9489007e-16  3.2474189e-16  -8.2255351e-17  2.5934226e-16  6.9163864e-16  1.0000000   1.0397679e-16  4.5066194e-16  -1.5628692e-16  5.7168202e-16  -1.3171856e-15  -7.3214715e-16  3.4365223e-16  3.5744839e-16  1.1266212e-16  -1.4932069e-16  -2.8965686e-16  1.0016927e-15  -8.6482452e-16  -1.0868650e-15  8.2579492e-16  -1.7435937e-16  3.2811874e-16  -3.5699536e-16  
5.6687898e-16  -3.5727789e-16  3.3659696e-16  8.0100829e-17  -1.8210461e-16  -2.5151154e-17  -5.0572665e-16  -6.4126926e-17  1.8152888e-16  -3.3585259e-16  3.5793841e-16  -3.8581176e-16  1.0397679e-16  1.0000000   -2.8035568e-16  1.9965771e-16  -6.5845217e-16  -9.5077625e-16  1.3397063e-16  -4.9517728e-16  5.6968043e-16  1.5289912e-16  2.3859513e-16  4.2880222e-17  -4.4673585e-16  -4.4437091e-16  -4.9255773e-16  -4.7818995e-16  1.3757306e-16  -2.9815805e-17  -2.8809594e-16  5.6687898e-16  -3.5727789e-16  3.3659696e-16  8.0100829e-17  -1.8210461e-16  -2.5151154e-17  -5.0572665e-16  -6.4126926e-17  1.8152888e-16  -3.3585259e-16  3.5793841e-16  -3.8581176e-16  1.0397679e-16  1.0000000   -2.8035568e-16  1.9965771e-16  -6.5845217e-16  -9.5077625e-16  1.3397063e-16  -4.9517728e-16  5.6968043e-16  1.5289912e-16  2.3859513e-16  4.2880222e-17  -4.4673585e-16  -4.4437091e-16  -4.9255773e-16  -4.7818995e-16  1.3757306e-16  -2.9815805e-17  -2.8809594e-16  
-1.1578054e-15  6.0254966e-16  -3.3681605e-17  2.5220318e-16  -2.3703554e-16  -1.6301115e-16  -7.7940034e-18  2.3603963e-16  -1.5815962e-16  -5.8649808e-16  -3.5992008e-16  4.3140003e-16  4.5066194e-16  -2.8035568e-16  1.0000000   3.2828802e-16  3.0331629e-16  2.3122345e-16  9.0628007e-16  -2.3270844e-16  5.8410410e-16  7.9485530e-16  9.2957524e-17  3.1267101e-16  -7.0768065e-16  1.4358719e-16  -8.6072119e-16  1.1021975e-16  -1.0987834e-16  5.4017588e-16  -2.4163913e-16  -1.1578054e-15  6.0254966e-16  -3.3681605e-17  2.5220318e-16  -2.3703554e-16  -1.6301115e-16  -7.7940034e-18  2.3603963e-16  -1.5815962e-16  -5.8649808e-16  -3.5992008e-16  4.3140003e-16  4.5066194e-16  -2.8035568e-16  1.0000000   3.2828802e-16  3.0331629e-16  2.3122345e-16  9.0628007e-16  -2.3270844e-16  5.8410410e-16  7.9485530e-16  9.2957524e-17  3.1267101e-16  -7.0768065e-16  1.4358719e-16  -8.6072119e-16  1.1021975e-16  -1.0987834e-16  5.4017588e-16  -2.4163913e-16  
-3.1665847e-18  -2.9767687e-16  5.9738686e-17  1.7254437e-16  5.4736662e-16  8.3418938e-16  7.8026551e-16  1.0472891e-15  -3.3131311e-16  4.4769522e-16  -3.9781946e-17  -3.7490644e-16  -1.5628692e-16  1.9965771e-16  3.2828802e-16  1.0000000   1.3260856e-16  -6.3339053e-16  1.8451378e-16  5.1931360e-16  1.3255029e-16  -8.3948656e-16  1.3283867e-16  3.3274080e-17  5.5714354e-16  -1.0316763e-16  1.1119520e-16  -6.9157807e-16  -1.7462714e-16  2.4300199e-16  -6.7781201e-16  -3.1665847e-18  -2.9767687e-16  5.9738686e-17  1.7254437e-16  5.4736662e-16  8.3418938e-16  7.8026551e-16  1.0472891e-15  -3.3131311e-16  4.4769522e-16  -3.9781946e-17  -3.7490644e-16  -1.5628692e-16  1.9965771e-16  3.2828802e-16  1.0000000   1.3260856e-16  -6.3339053e-16  1.8451378e-16  5.1931360e-16  1.3255029e-16  -8.3948656e-16  1.3283867e-16  3.3274080e-17  5.5714354e-16  -1.0316763e-16  1.1119520e-16  -6.9157807e-16  -1.7462714e-16  2.4300199e-16  -6.7781201e-16  
-4.0077953e-16  -8.7804198e-16  4.0177437e-16  -8.7320157e-17  -7.1224319e-16  -7.1252847e-16  -1.7561419e-16  -1.1727310e-16  -4.4269349e-16  3.7393378e-16  -1.0661808e-15  -2.0602451e-16  5.7168202e-16  -6.5845217e-16  3.0331629e-16  1.3260856e-16  1.0000000   -3.1425417e-16  -5.7023267e-16  -1.3744382e-16  -1.2695764e-16  -2.7947963e-16  -1.2188696e-16  -6.1201325e-16  -5.7169027e-16  1.5393761e-16  -1.5151348e-16  -1.9722404e-16  1.1445442e-16  -2.7442671e-16  4.8385963e-17  -4.0077953e-16  -8.7804198e-16  4.0177437e-16  -8.7320157e-17  -7.1224319e-16  -7.1252847e-16  -1.7561419e-16  -1.1727310e-16  -4.4269349e-16  3.7393378e-16  -1.0661808e-15  -2.0602451e-16  5.7168202e-16  -6.5845217e-16  3.0331629e-16  1.3260856e-16  1.0000000   -3.1425417e-16  -5.7023267e-16  -1.3744382e-16  -1.2695764e-16  -2.7947963e-16  -1.2188696e-16  -6.1201325e-16  -5.7169027e-16  1.5393761e-16  -1.5151348e-16  -1.9722404e-16  1.1445442e-16  -2.7442671e-16  4.8385963e-17  
3.6556944e-16  -9.2385158e-16  -6.1520287e-16  -6.3785486e-16  -4.2478207e-16  1.2319062e-16  2.4054829e-17  9.1647330e-16  5.7598415e-16  3.1956519e-16  -7.1193688e-17  2.3649438e-16  -1.3171856e-15  -9.5077625e-16  2.3122345e-16  -6.3339053e-16  -3.1425417e-16  1.0000000   2.4887044e-16  -5.9514780e-16  4.4346685e-16  -3.7584972e-16  -3.7856417e-17  -8.4773131e-16  3.1286541e-16  -8.2614273e-16  -8.1212750e-16  -5.7236058e-16  1.8083647e-16  1.1153604e-16  3.9765803e-16  3.6556944e-16  -9.2385158e-16  -6.1520287e-16  -6.3785486e-16  -4.2478207e-16  1.2319062e-16  2.4054829e-17  9.1647330e-16  5.7598415e-16  3.1956519e-16  -7.1193688e-17  2.3649438e-16  -1.3171856e-15  -9.5077625e-16  2.3122345e-16  -6.3339053e-16  -3.1425417e-16  1.0000000   2.4887044e-16  -5.9514780e-16  4.4346685e-16  -3.7584972e-16  -3.7856417e-17  -8.4773131e-16  3.1286541e-16  -8.2614273e-16  -8.1212750e-16  -5.7236058e-16  1.8083647e-16  1.1153604e-16  3.9765803e-16  
-8.4472917e-17  -1.7208090e-17  3.2615645e-16  6.1071053e-16  -3.4583296e-17  4.7943946e-17  5.7539960e-16  3.4828646e-16  -5.6484516e-16  -3.8133276e-16  6.4182591e-17  -4.3293998e-17  -7.3214715e-16  1.3397063e-16  9.0628007e-16  1.8451378e-16  -5.7023267e-16  2.4887044e-16  1.0000000   -1.1217133e-16  3.5389944e-16  -1.7409451e-16  3.3485913e-16  -1.1116047e-16  1.2755429e-16  -4.7337063e-16  -2.7410395e-16  4.0939948e-18  2.3664889e-16  -8.4499959e-17  -1.9853103e-16  -8.4472917e-17  -1.7208090e-17  3.2615645e-16  6.1071053e-16  -3.4583296e-17  4.7943946e-17  5.7539960e-16  3.4828646e-16  -5.6484516e-16  -3.8133276e-16  6.4182591e-17  -4.3293998e-17  -7.3214715e-16  1.3397063e-16  9.0628007e-16  1.8451378e-16  -5.7023267e-16  2.4887044e-16  1.0000000   -1.1217133e-16  3.5389944e-16  -1.7409451e-16  3.3485913e-16  -1.1116047e-16  1.2755429e-16  -4.7337063e-16  -2.7410395e-16  4.0939948e-18  2.3664889e-16  -8.4499959e-17  -1.9853103e-16  
-9.4392864e-16  1.7615196e-16  3.1126435e-16  -3.4646624e-16  -2.5026838e-16  -1.9607546e-16  -6.3252189e-16  6.8900972e-16  1.5844152e-16  7.9350949e-16  -2.7982319e-16  -2.9339450e-16  3.4365223e-16  -4.9517728e-16  -2.3270844e-16  5.1931360e-16  -1.3744382e-16  -5.9514780e-16  -1.1217133e-16  1.0000000   2.8066918e-16  3.5691799e-16  -2.0983667e-16  -4.4288862e-16  8.5431535e-16  1.5108271e-16  8.4512059e-16  -1.1931849e-17  1.2305239e-16  3.0907621e-16  -2.1245197e-16  -9.4392864e-16  1.7615196e-16  3.1126435e-16  -3.4646624e-16  -2.5026838e-16  -1.9607546e-16  -6.3252189e-16  6.8900972e-16  1.5844152e-16  7.9350949e-16  -2.7982319e-16  -2.9339450e-16  3.4365223e-16  -4.9517728e-16  -2.3270844e-16  5.1931360e-16  -1.3744382e-16  -5.9514780e-16  -1.1217133e-16  1.0000000   2.8066918e-16  3.5691799e-16  -2.0983667e-16  -4.4288862e-16  8.5431535e-16  1.5108271e-16  8.4512059e-16  -1.1931849e-17  1.2305239e-16  3.0907621e-16  -2.1245197e-16  
-1.9089023e-16  1.1613809e-16  1.2128164e-15  1.7543145e-16  -7.6043173e-16  6.2501454e-17  -5.3074367e-16  4.6705513e-16  2.5453598e-16  1.2875002e-15  -1.6526277e-16  -6.7730035e-17  3.5744839e-16  5.6968043e-16  5.8410410e-16  1.3255029e-16  -1.2695764e-16  4.4346685e-16  3.5389944e-16  2.8066918e-16  1.0000000   -6.2434813e-16  6.8356944e-16  -2.8240948e-16  -5.3566988e-16  5.7705813e-16  1.6611776e-16  6.3605806e-16  -4.3974996e-16  -1.0472759e-15  -1.0448705e-16  -1.9089023e-16  1.1613809e-16  1.2128164e-15  1.7543145e-16  -7.6043173e-16  6.2501454e-17  -5.3074367e-16  4.6705513e-16  2.5453598e-16  1.2875002e-15  -1.6526277e-16  -6.7730035e-17  3.5744839e-16  5.6968043e-16  5.8410410e-16  1.3255029e-16  -1.2695764e-16  4.4346685e-16  3.5389944e-16  2.8066918e-16  1.0000000   -6.2434813e-16  6.8356944e-16  -2.8240948e-16  -5.3566988e-16  5.7705813e-16  1.6611776e-16  6.3605806e-16  -4.3974996e-16  -1.0472759e-15  -1.0448705e-16  
-4.6119455e-17  -2.8140654e-16  2.7812758e-16  1.5620990e-16  -5.3082423e-17  -4.1174265e-16  -4.1579322e-16  -1.2694355e-16  -5.0215343e-16  -8.8201149e-16  -7.4848432e-17  3.2922813e-16  1.1266212e-16  1.5289912e-16  7.9485530e-16  -8.3948656e-16  -2.7947963e-16  -3.7584972e-16  -1.7409451e-16  3.5691799e-16  -6.2434813e-16  1.0000000   4.5119262e-16  3.6232374e-16  -3.1636331e-16  -7.5449571e-16  -1.5013138e-15  1.6115379e-16  2.6725096e-16  3.5723025e-16  -6.1549193e-16  -4.6119455e-17  -2.8140654e-16  2.7812758e-16  1.5620990e-16  -5.3082423e-17  -4.1174265e-16  -4.1579322e-16  -1.2694355e-16  -5.0215343e-16  -8.8201149e-16  -7.4848432e-17  3.2922813e-16  1.1266212e-16  1.5289912e-16  7.9485530e-16  -8.3948656e-16  -2.7947963e-16  -3.7584972e-16  -1.7409451e-16  3.5691799e-16  -6.2434813e-16  1.0000000   4.5119262e-16  3.6232374e-16  -3.1636331e-16  -7.5449571e-16  -1.5013138e-15  1.6115379e-16  2.6725096e-16  3.5723025e-16  -6.1549193e-16  
-6.8853051e-16  7.1798496e-16  1.0144810e-16  4.9291195e-17  1.3055929e-15  1.4267262e-16  -1.7306630e-16  -1.7258400e-16  7.0270549e-16  5.9189587e-16  2.1551621e-16  2.2029872e-16  -1.4932069e-16  2.3859513e-16  9.2957524e-17  1.3283867e-16  -1.2188696e-16  -3.7856417e-17  3.3485913e-16  -2.0983667e-16  6.8356944e-16  4.5119262e-16  1.0000000   6.1027673e-16  -3.7157467e-16  -2.7635224e-16  1.4644998e-16  2.0427316e-16  -2.4134124e-16  3.5110419e-16  -1.8248151e-16  -6.8853051e-16  7.1798496e-16  1.0144810e-16  4.9291195e-17  1.3055929e-15  1.4267262e-16  -1.7306630e-16  -1.7258400e-16  7.0270549e-16  5.9189587e-16  2.1551621e-16  2.2029872e-16  -1.4932069e-16  2.3859513e-16  9.2957524e-17  1.3283867e-16  -1.2188696e-16  -3.7856417e-17  3.3485913e-16  -2.0983667e-16  6.8356944e-16  4.5119262e-16  1.0000000   6.1027673e-16  -3.7157467e-16  -2.7635224e-16  1.4644998e-16  2.0427316e-16  -2.4134124e-16  3.5110419e-16  -1.8248151e-16  
-4.0292065e-16  -5.0659617e-16  -2.3173380e-16  -2.8574263e-16  2.8917776e-16  -3.6888609e-16  9.6788276e-16  -7.1908272e-16  -5.0521806e-16  -5.1924551e-16  -1.7165043e-16  2.1386632e-16  -2.8965686e-16  4.2880222e-17  3.1267101e-16  3.3274080e-17  -6.1201325e-16  -8.4773131e-16  -1.1116047e-16  -4.4288862e-16  -2.8240948e-16  3.6232374e-16  6.1027673e-16  1.0000000   -7.8854491e-16  -1.8888467e-16  -7.2862476e-17  -6.2359476e-16  -3.5193980e-16  -1.4100024e-16  5.9116977e-18  -4.0292065e-16  -5.0659617e-16  -2.3173380e-16  -2.8574263e-16  2.8917776e-16  -3.6888609e-16  9.6788276e-16  -7.1908272e-16  -5.0521806e-16  -5.1924551e-16  -1.7165043e-16  2.1386632e-16  -2.8965686e-16  4.2880222e-17  3.1267101e-16  3.3274080e-17  -6.1201325e-16  -8.4773131e-16  -1.1116047e-16  -4.4288862e-16  -2.8240948e-16  3.6232374e-16  6.1027673e-16  1.0000000   -7.8854491e-16  -1.8888467e-16  -7.2862476e-17  -6.2359476e-16  -3.5193980e-16  -1.4100024e-16  5.9116977e-18  
-1.6796089e-16  1.6090320e-16  1.8164106e-16  2.0515408e-16  -5.6596024e-16  -3.4766876e-17  2.1665875e-17  5.6184089e-16  7.8118397e-16  -1.0561101e-15  4.9118343e-16  -2.9371280e-16  1.0016927e-15  -4.4673585e-16  -7.0768065e-16  5.5714354e-16  -5.7169027e-16  3.1286541e-16  1.2755429e-16  8.5431535e-16  -5.3566988e-16  -3.1636331e-16  -3.7157467e-16  -7.8854491e-16  1.0000000   2.5884921e-16  4.2611298e-16  1.8712829e-16  1.6727155e-16  7.7503133e-17  -5.0420863e-16  -1.6796089e-16  1.6090320e-16  1.8164106e-16  2.0515408e-16  -5.6596024e-16  -3.4766876e-17  2.1665875e-17  5.6184089e-16  7.8118397e-16  -1.0561101e-15  4.9118343e-16  -2.9371280e-16  1.0016927e-15  -4.4673585e-16  -7.0768065e-16  5.5714354e-16  -5.7169027e-16  3.1286541e-16  1.2755429e-16  8.5431535e-16  -5.3566988e-16  -3.1636331e-16  -3.7157467e-16  -7.8854491e-16  1.0000000   2.5884921e-16  4.2611298e-16  1.8712829e-16  1.6727155e-16  7.7503133e-17  -5.0420863e-16  
3.4802647e-16  -1.3291436e-17  1.0120268e-15  3.3993183e-16  -1.6562950e-16  -6.9260130e-18  4.0093711e-16  2.4028704e-16  1.2612016e-15  5.4377468e-16  2.2115337e-16  -9.5474665e-16  -8.6482452e-16  -4.4437091e-16  1.4358719e-16  -1.0316763e-16  1.5393761e-16  -8.2614273e-16  -4.7337063e-16  1.5108271e-16  5.7705813e-16  -7.5449571e-16  -2.7635224e-16  -1.8888467e-16  2.5884921e-16  1.0000000   5.9499933e-16  -6.0827695e-16  1.1383306e-16  1.2142143e-16  -3.0383211e-16  3.4802647e-16  -1.3291436e-17  1.0120268e-15  3.3993183e-16  -1.6562950e-16  -6.9260130e-18  4.0093711e-16  2.4028704e-16  1.2612016e-15  5.4377468e-16  2.2115337e-16  -9.5474665e-16  -8.6482452e-16  -4.4437091e-16  1.4358719e-16  -1.0316763e-16  1.5393761e-16  -8.2614273e-16  -4.7337063e-16  1.5108271e-16  5.7705813e-16  -7.5449571e-16  -2.7635224e-16  -1.8888467e-16  2.5884921e-16  1.0000000   5.9499933e-16  -6.0827695e-16  1.1383306e-16  1.2142143e-16  -3.0383211e-16  
8.4103258e-16  -1.2656262e-15  9.4265501e-16  5.0280404e-16  3.6029388e-16  3.1668365e-17  6.9588144e-16  1.5468690e-15  6.9306610e-16  1.5682355e-16  3.4768265e-16  -1.5678964e-16  -1.0868650e-15  -4.9255773e-16  -8.6072119e-16  1.1119520e-16  -1.5151348e-16  -8.1212750e-16  -2.7410395e-16  8.4512059e-16  1.6611776e-16  -1.5013138e-15  1.4644998e-16  -7.2862476e-17  4.2611298e-16  5.9499933e-16  1.0000000   -1.5772331e-17  1.0138632e-15  3.3795741e-16  4.2601148e-16  8.4103258e-16  -1.2656262e-15  9.4265501e-16  5.0280404e-16  3.6029388e-16  3.1668365e-17  6.9588144e-16  1.5468690e-15  6.9306610e-16  1.5682355e-16  3.4768265e-16  -1.5678964e-16  -1.0868650e-15  -4.9255773e-16  -8.6072119e-16  1.1119520e-16  -1.5151348e-16  -8.1212750e-16  -2.7410395e-16  8.4512059e-16  1.6611776e-16  -1.5013138e-15  1.4644998e-16  -7.2862476e-17  4.2611298e-16  5.9499933e-16  1.0000000   -1.5772331e-17  1.0138632e-15  3.3795741e-16  4.2601148e-16  
-9.1175868e-16  4.7519493e-17  6.5342404e-16  2.2858999e-16  -1.0708162e-15  -6.9472534e-16  -4.7010037e-16  -3.6286267e-16  -3.8923316e-16  5.1199088e-16  -2.7323985e-16  9.7580538e-16  8.2579492e-16  -4.7818995e-16  1.1021975e-16  -6.9157807e-16  -1.9722404e-16  -5.7236058e-16  4.0939948e-18  -1.1931849e-17  6.3605806e-16  1.6115379e-16  2.0427316e-16  -6.2359476e-16  1.8712829e-16  -6.0827695e-16  -1.5772331e-17  1.0000000   -4.8910771e-16  6.6167766e-16  4.6390217e-16  -9.1175868e-16  4.7519493e-17  6.5342404e-16  2.2858999e-16  -1.0708162e-15  -6.9472534e-16  -4.7010037e-16  -3.6286267e-16  -3.8923316e-16  5.1199088e-16  -2.7323985e-16  9.7580538e-16  8.2579492e-16  -4.7818995e-16  1.1021975e-16  -6.9157807e-16  -1.9722404e-16  -5.7236058e-16  4.0939948e-18  -1.1931849e-17  6.3605806e-16  1.6115379e-16  2.0427316e-16  -6.2359476e-16  1.8712829e-16  -6.0827695e-16  -1.5772331e-17  1.0000000   -4.8910771e-16  6.6167766e-16  4.6390217e-16  
7.9494047e-16  -9.6531973e-17  -3.8353713e-16  1.5864630e-17  -1.2845099e-17  -6.1507209e-16  1.2094927e-15  2.9602056e-16  1.2617476e-16  -8.0005329e-16  1.6309128e-16  8.9450650e-19  -1.7435937e-16  1.3757306e-16  -1.0987834e-16  -1.7462714e-16  1.1445442e-16  1.8083647e-16  2.3664889e-16  1.2305239e-16  -4.3974996e-16  2.6725096e-16  -2.4134124e-16  -3.5193980e-16  1.6727155e-16  1.1383306e-16  1.0138632e-15  -4.8910771e-16  1.0000000   -9.0737345e-17  -5.2540605e-16  7.9494047e-16  -9.6531973e-17  -3.8353713e-16  1.5864630e-17  -1.2845099e-17  -6.1507209e-16  1.2094927e-15  2.9602056e-16  1.2617476e-16  -8.0005329e-16  1.6309128e-16  8.9450650e-19  -1.7435937e-16  1.3757306e-16  -1.0987834e-16  -1.7462714e-16  1.1445442e-16  1.8083647e-16  2.3664889e-16  1.2305239e-16  -4.3974996e-16  2.6725096e-16  -2.4134124e-16  -3.5193980e-16  1.6727155e-16  1.1383306e-16  1.0138632e-15  -4.8910771e-16  1.0000000   -9.0737345e-17  -5.2540605e-16  
-3.7976568e-17  -4.1225084e-17  -4.2033031e-16  7.7128061e-17  -3.6248449e-16  -1.2775403e-16  -8.6914123e-16  -5.4048958e-16  -7.5001432e-16  -3.5481248e-17  2.2363123e-16  -4.6478686e-16  3.2811874e-16  -2.9815805e-17  5.4017588e-16  2.4300199e-16  -2.7442671e-16  1.1153604e-16  -8.4499959e-17  3.0907621e-16  -1.0472759e-15  3.5723025e-16  3.5110419e-16  -1.4100024e-16  7.7503133e-17  1.2142143e-16  3.3795741e-16  6.6167766e-16  -9.0737345e-17  1.0000000   -6.8284620e-17  -3.7976568e-17  -4.1225084e-17  -4.2033031e-16  7.7128061e-17  -3.6248449e-16  -1.2775403e-16  -8.6914123e-16  -5.4048958e-16  -7.5001432e-16  -3.5481248e-17  2.2363123e-16  -4.6478686e-16  3.2811874e-16  -2.9815805e-17  5.4017588e-16  2.4300199e-16  -2.7442671e-16  1.1153604e-16  -8.4499959e-17  3.0907621e-16  -1.0472759e-15  3.5723025e-16  3.5110419e-16  -1.4100024e-16  7.7503133e-17  1.2142143e-16  3.3795741e-16  6.6167766e-16  -9.0737345e-17  1.0000000   -6.8284620e-17  
-7.8985062e-16  6.8249130e-16  -3.1147046e-17  5.6585275e-17  -2.5950072e-17  3.1716715e-17  -2.0735716e-16  -6.8183447e-17  2.2605519e-16  5.4299474e-16  -9.8434933e-17  -2.3289612e-16  -3.5699536e-16  -2.8809594e-16  -2.4163913e-16  -6.7781201e-16  4.8385963e-17  3.9765803e-16  -1.9853103e-16  -2.1245197e-16  -1.0448705e-16  -6.1549193e-16  -1.8248151e-16  5.9116977e-18  -5.0420863e-16  -3.0383211e-16  4.2601148e-16  4.6390217e-16  -5.2540605e-16  -6.8284620e-17  1.0000000   -7.8985062e-16  6.8249130e-16  -3.1147046e-17  5.6585275e-17  -2.5950072e-17  3.1716715e-17  -2.0735716e-16  -6.8183447e-17  2.2605519e-16  5.4299474e-16  -9.8434933e-17  -2.3289612e-16  -3.5699536e-16  -2.8809594e-16  -2.4163913e-16  -6.7781201e-16  4.8385963e-17  3.9765803e-16  -1.9853103e-16  -2.1245197e-16  -1.0448705e-16  -6.1549193e-16  -1.8248151e-16  5.9116977e-18  -5.0420863e-16  -3.0383211e-16  4.2601148e-16  4.6390217e-16  -5.2540605e-16  -6.8284620e-17  1.0000000   
1.0000000   -3.2828502e-16  5.5324662e-16  5.1863684e-16  8.9814479e-16  -1.3931061e-16  1.6421919e-16  -4.6618822e-16  -1.6898657e-16  1.7373594e-16  -2.3828723e-17  5.5998414e-16  1.6425826e-16  5.6687898e-16  -1.1578054e-15  -3.1665847e-18  -4.0077953e-16  3.6556944e-16  -8.4472917e-17  -9.4392864e-16  -1.9089023e-16  -4.6119455e-17  -6.8853051e-16  -4.0292065e-16  -1.6796089e-16  3.4802647e-16  8.4103258e-16  -9.1175868e-16  7.9494047e-16  -3.7976568e-17  -7.8985062e-16  1.0000000   -3.2828502e-16  5.5324662e-16  5.1863684e-16  8.9814479e-16  -1.3931061e-16  1.6421919e-16  -4.6618822e-16  -1.6898657e-16  1.7373594e-16  -2.3828723e-17  5.5998414e-16  1.6425826e-16  5.6687898e-16  -1.1578054e-15  -3.1665847e-18  -4.0077953e-16  3.6556944e-16  -8.4472917e-17  -9.4392864e-16  -1.9089023e-16  -4.6119455e-17  -6.8853051e-16  -4.0292065e-16  -1.6796089e-16  3.4802647e-16  8.4103258e-16  -9.1175868e-16  7.9494047e-16  -3.7976568e-17  -7.8985062e-16  
-3.2828502e-16  1.0000000   -4.7763237e-16  -1.7369257e-16  -3.1997421e-16  -3.7901970e-16  -4.0051579e-17  3.8038545e-16  3.3198761e-16  -4.9578751e-16  -5.2518461e-17  6.7592145e-16  -3.4642253e-16  -3.5727789e-16  6.0254966e-16  -2.9767687e-16  -8.7804198e-16  -9.2385158e-16  -1.7208090e-17  1.7615196e-16  1.1613809e-16  -2.8140654e-16  7.1798496e-16  -5.0659617e-16  1.6090320e-16  -1.3291436e-17  -1.2656262e-15  4.7519493e-17  -9.6531973e-17  -4.1225084e-17  6.8249130e-16  -3.2828502e-16  1.0000000   -4.7763237e-16  -1.7369257e-16  -3.1997421e-16  -3.7901970e-16  -4.0051579e-17  3.8038545e-16  3.3198761e-16  -4.9578751e-16  -5.2518461e-17  6.7592145e-16  -3.4642253e-16  -3.5727789e-16  6.0254966e-16  -2.9767687e-16  -8.7804198e-16  -9.2385158e-16  -1.7208090e-17  1.7615196e-16  1.1613809e-16  -2.8140654e-16  7.1798496e-16  -5.0659617e-16  1.6090320e-16  -1.3291436e-17  -1.2656262e-15  4.7519493e-17  -9.6531973e-17  -4.1225084e-17  6.8249130e-16  
5.5324662e-16  -4.7763237e-16  1.0000000   -2.2533557e-16  -9.1991002e-16  1.1622759e-15  4.0423176e-16  8.9531174e-17  7.7889823e-16  1.1969879e-15  -8.1267140e-16  -3.3502535e-18  3.7371292e-16  3.3659696e-16  -3.3681605e-17  5.9738686e-17  4.0177437e-16  -6.1520287e-16  3.2615645e-16  3.1126435e-16  1.2128164e-15  2.7812758e-16  1.0144810e-16  -2.3173380e-16  1.8164106e-16  1.0120268e-15  9.4265501e-16  6.5342404e-16  -3.8353713e-16  -4.2033031e-16  -3.1147046e-17  5.5324662e-16  -4.7763237e-16  1.0000000   -2.2533557e-16  -9.1991002e-16  1.1622759e-15  4.0423176e-16  8.9531174e-17  7.7889823e-16  1.1969879e-15  -8.1267140e-16  -3.3502535e-18  3.7371292e-16  3.3659696e-16  -3.3681605e-17  5.9738686e-17  4.0177437e-16  -6.1520287e-16  3.2615645e-16  3.1126435e-16  1.2128164e-15  2.7812758e-16  1.0144810e-16  -2.3173380e-16  1.8164106e-16  1.0120268e-15  9.4265501e-16  6.5342404e-16  -3.8353713e-16  -4.2033031e-16  -3.1147046e-17  
5.1863684e-16  -1.7369257e-16  -2.2533557e-16  1.0000000   5.1206307e-17  3.3402732e-16  9.7993643e-16  -2.3300122e-16  1.3359762e-15  -2.2950698e-16  -4.3657924e-16  -3.8822676e-16  -6.2279934e-16  8.0100829e-17  2.5220318e-16  1.7254437e-16  -8.7320157e-17  -6.3785486e-16  6.1071053e-16  -3.4646624e-16  1.7543145e-16  1.5620990e-16  4.9291195e-17  -2.8574263e-16  2.0515408e-16  3.3993183e-16  5.0280404e-16  2.2858999e-16  1.5864630e-17  7.7128061e-17  5.6585275e-17  5.1863684e-16  -1.7369257e-16  -2.2533557e-16  1.0000000   5.1206307e-17  3.3402732e-16  9.7993643e-16  -2.3300122e-16  1.3359762e-15  -2.2950698e-16  -4.3657924e-16  -3.8822676e-16  -6.2279934e-16  8.0100829e-17  2.5220318e-16  1.7254437e-16  -8.7320157e-17  -6.3785486e-16  6.1071053e-16  -3.4646624e-16  1.7543145e-16  1.5620990e-16  4.9291195e-17  -2.8574263e-16  2.0515408e-16  3.3993183e-16  5.0280404e-16  2.2858999e-16  1.5864630e-17  7.7128061e-17  5.6585275e-17  
8.9814479e-16  -3.1997421e-16  -9.1991002e-16  5.1206307e-17  1.0000000   5.6013799e-16  5.9234598e-16  -6.2936926e-16  -1.2847666e-15  1.6204098e-17  2.1544372e-16  7.0944949e-16  2.1007750e-16  -1.8210461e-16  -2.3703554e-16  5.4736662e-16  -7.1224319e-16  -4.2478207e-16  -3.4583296e-17  -2.5026838e-16  -7.6043173e-16  -5.3082423e-17  1.3055929e-15  2.8917776e-16  -5.6596024e-16  -1.6562950e-16  3.6029388e-16  -1.0708162e-15  -1.2845099e-17  -3.6248449e-16  -2.5950072e-17  8.9814479e-16  -3.1997421e-16  -9.1991002e-16  5.1206307e-17  1.0000000   5.6013799e-16  5.9234598e-16  -6.2936926e-16  -1.2847666e-15  1.6204098e-17  2.1544372e-16  7.0944949e-16  2.1007750e-16  -1.8210461e-16  -2.3703554e-16  5.4736662e-16  -7.1224319e-16  -4.2478207e-16  -3.4583296e-17  -2.5026838e-16  -7.6043173e-16  -5.3082423e-17  1.3055929e-15  2.8917776e-16  -5.6596024e-16  -1.6562950e-16  3.6029388e-16  -1.0708162e-15  -1.2845099e-17  -3.6248449e-16  -2.5950072e-17  
-1.3931061e-16  -3.7901970e-16  1.1622759e-15  3.3402732e-16  5.6013799e-16  1.0000000   -6.7750679e-16  3.0978043e-16  -2.7794024e-16  7.8366308e-16  2.3517967e-16  8.8899370e-17  -2.1606929e-16  -2.5151154e-17  -1.6301115e-16  8.3418938e-16  -7.1252847e-16  1.2319062e-16  4.7943946e-17  -1.9607546e-16  6.2501454e-17  -4.1174265e-16  1.4267262e-16  -3.6888609e-16  -3.4766876e-17  -6.9260130e-18  3.1668365e-17  -6.9472534e-16  -6.1507209e-16  -1.2775403e-16  3.1716715e-17  -1.3931061e-16  -3.7901970e-16  1.1622759e-15  3.3402732e-16  5.6013799e-16  1.0000000   -6.7750679e-16  3.0978043e-16  -2.7794024e-16  7.8366308e-16  2.3517967e-16  8.8899370e-17  -2.1606929e-16  -2.5151154e-17  -1.6301115e-16  8.3418938e-16  -7.1252847e-16  1.2319062e-16  4.7943946e-17  -1.9607546e-16  6.2501454e-17  -4.1174265e-16  1.4267262e-16  -3.6888609e-16  -3.4766876e-17  -6.9260130e-18  3.1668365e-17  -6.9472534e-16  -6.1507209e-16  -1.2775403e-16  3.1716715e-17  
1.6421919e-16  -4.0051579e-17  4.0423176e-16  9.7993643e-16  5.9234598e-16  -6.7750679e-16  1.0000000   9.4442741e-17  -1.1267170e-15  -3.2042885e-16  -3.9733469e-17  1.8374662e-16  -2.6382691e-16  -5.0572665e-16  -7.7940034e-18  7.8026551e-16  -1.7561419e-16  2.4054829e-17  5.7539960e-16  -6.3252189e-16  -5.3074367e-16  -4.1579322e-16  -1.7306630e-16  9.6788276e-16  2.1665875e-17  4.0093711e-16  6.9588144e-16  -4.7010037e-16  1.2094927e-15  -8.6914123e-16  -2.0735716e-16  1.6421919e-16  -4.0051579e-17  4.0423176e-16  9.7993643e-16  5.9234598e-16  -6.7750679e-16  1.0000000   9.4442741e-17  -1.1267170e-15  -3.2042885e-16  -3.9733469e-17  1.8374662e-16  -2.6382691e-16  -5.0572665e-16  -7.7940034e-18  7.8026551e-16  -1.7561419e-16  2.4054829e-17  5.7539960e-16  -6.3252189e-16  -5.3074367e-16  -4.1579322e-16  -1.7306630e-16  9.6788276e-16  2.1665875e-17  4.0093711e-16  6.9588144e-16  -4.7010037e-16  1.2094927e-15  -8.6914123e-16  -2.0735716e-16  
-4.6618822e-16  3.8038545e-16  8.9531174e-17  -2.3300122e-16  -6.2936926e-16  3.0978043e-16  9.4442741e-17  1.0000000   -7.0200512e-16  7.6149743e-16  5.4805387e-16  -1.0534189e-15  -1.9489007e-16  -6.4126926e-17  2.3603963e-16  1.0472891e-15  -1.1727310e-16  9.1647330e-16  3.4828646e-16  6.8900972e-16  4.6705513e-16  -1.2694355e-16  -1.7258400e-16  -7.1908272e-16  5.6184089e-16  2.4028704e-16  1.5468690e-15  -3.6286267e-16  2.9602056e-16  -5.4048958e-16  -6.8183447e-17  -4.6618822e-16  3.8038545e-16  8.9531174e-17  -2.3300122e-16  -6.2936926e-16  3.0978043e-16  9.4442741e-17  1.0000000   -7.0200512e-16  7.6149743e-16  5.4805387e-16  -1.0534189e-15  -1.9489007e-16  -6.4126926e-17  2.3603963e-16  1.0472891e-15  -1.1727310e-16  9.1647330e-16  3.4828646e-16  6.8900972e-16  4.6705513e-16  -1.2694355e-16  -1.7258400e-16  -7.1908272e-16  5.6184089e-16  2.4028704e-16  1.5468690e-15  -3.6286267e-16  2.9602056e-16  -5.4048958e-16  -6.8183447e-17  
-1.6898657e-16  3.3198761e-16  7.7889823e-16  1.3359762e-15  -1.2847666e-15  -2.7794024e-16  -1.1267170e-15  -7.0200512e-16  1.0000000   9.2295642e-16  5.4341634e-17  -2.4403214e-16  3.2474189e-16  1.8152888e-16  -1.5815962e-16  -3.3131311e-16  -4.4269349e-16  5.7598415e-16  -5.6484516e-16  1.5844152e-16  2.5453598e-16  -5.0215343e-16  7.0270549e-16  -5.0521806e-16  7.8118397e-16  1.2612016e-15  6.9306610e-16  -3.8923316e-16  1.2617476e-16  -7.5001432e-16  2.2605519e-16  -1.6898657e-16  3.3198761e-16  7.7889823e-16  1.3359762e-15  -1.2847666e-15  -2.7794024e-16  -1.1267170e-15  -7.0200512e-16  1.0000000   9.2295642e-16  5.4341634e-17  -2.4403214e-16  3.2474189e-16  1.8152888e-16  -1.5815962e-16  -3.3131311e-16  -4.4269349e-16  5.7598415e-16  -5.6484516e-16  1.5844152e-16  2.5453598e-16  -5.0215343e-16  7.0270549e-16  -5.0521806e-16  7.8118397e-16  1.2612016e-15  6.9306610e-16  -3.8923316e-16  1.2617476e-16  -7.5001432e-16  2.2605519e-16  
1.7373594e-16  -4.9578751e-16  1.1969879e-15  -2.2950698e-16  1.6204098e-17  7.8366308e-16  -3.2042885e-16  7.6149743e-16  9.2295642e-16  1.0000000   4.1664097e-16  -2.8721486e-16  -8.2255351e-17  -3.3585259e-16  -5.8649808e-16  4.4769522e-16  3.7393378e-16  3.1956519e-16  -3.8133276e-16  7.9350949e-16  1.2875002e-15  -8.8201149e-16  5.9189587e-16  -5.1924551e-16  -1.0561101e-15  5.4377468e-16  1.5682355e-16  5.1199088e-16  -8.0005329e-16  -3.5481248e-17  5.4299474e-16  1.7373594e-16  -4.9578751e-16  1.1969879e-15  -2.2950698e-16  1.6204098e-17  7.8366308e-16  -3.2042885e-16  7.6149743e-16  9.2295642e-16  1.0000000   4.1664097e-16  -2.8721486e-16  -8.2255351e-17  -3.3585259e-16  -5.8649808e-16  4.4769522e-16  3.7393378e-16  3.1956519e-16  -3.8133276e-16  7.9350949e-16  1.2875002e-15  -8.8201149e-16  5.9189587e-16  -5.1924551e-16  -1.0561101e-15  5.4377468e-16  1.5682355e-16  5.1199088e-16  -8.0005329e-16  -3.5481248e-17  5.4299474e-16  
