1.0000000   6.3073338e-16  -1.8066298e-17  1.8237551e-16  -5.9139319e-16  4.0398507e-16  3.2759954e-16  -4.5940900e-16  -6.3741168e-17  7.9712593e-16  8.9066414e-17  3.0152821e-16  -7.0363500e-16  1.0876574e-16  7.8820472e-17  -4.1700263e-16  -1.5619979e-17  -2.1761406e-16  -2.5549637e-17  1.5015163e-16  -1.7104987e-16  6.2883422e-17  -3.0494602e-17  -7.8042932e-17  -2.3194763e-17  3.6735708e-16  3.7636487e-16  4.3943712e-16  6.5570994e-17  -2.7794129e-17  6.8409544e-16  1.0000000   6.3073338e-16  -1.8066298e-17  1.8237551e-16  -5.9139319e-16  4.0398507e-16  3.2759954e-16  -4.5940900e-16  -6.3741168e-17  7.9712593e-16  8.9066414e-17  3.0152821e-16  -7.0363500e-16  1.0876574e-16  7.8820472e-17  -4.1700263e-16  -1.5619979e-17  -2.1761406e-16  -2.5549637e-17  1.5015163e-16  -1.7104987e-16  6.2883422e-17  -3.0494602e-17  -7.8042932e-17  -2.3194763e-17  3.6735708e-16  3.7636487e-16  4.3943712e-16  6.5570994e-17  -2.7794129e-17  6.8409544e-16  
6.3073338e-16  1.0000000   -9.8136416e-17  3.2396892e-16  6.1780388e-16  -6.9937112e-17  2.2559205e-16  -8.3616518e-17  5.1312553e-16  -7.1025815e-17  4.7303742e-16  -2.8882180e-16  1.7823565e-16  -1.7443679e-16  -6.3091201e-16  -1.3218062e-16  3.4980712e-16  -9.0898778e-18  1.7256638e-16  -5.6171384e-16  -5.8587242e-16  3.1984499e-16  2.1231777e-17  -6.1400308e-16  7.7021190e-17  -6.1141882e-17  6.5473901e-16  1.5613333e-16  2.4841594e-16  -1.2112247e-16  5.2536499e-16  6.3073338e-16  1.0000000   -9.8136416e-17  3.2396892e-16  6.1780388e-16  -6.9937112e-17  2.2559205e-16  -8.3616518e-17  5.1312553e-16  -7.1025815e-17  4.7303742e-16  -2.8882180e-16  1.7823565e-16  -1.7443679e-16  -6.3091201e-16  -1.3218062e-16  3.4980712e-16  -9.0898778e-18  1.7256638e-16  -5.6171384e-16  -5.8587242e-16  3.1984499e-16  2.1231777e-17  -6.1400308e-16  7.7021190e-17  -6.1141882e-17  6.5473901e-16  1.5613333e-16  2.4841594e-16  -1.2112247e-16  5.2536499e-16  
-1.8066298e-17  -9.8136416e-17  1.0000000   1.5122318e-16  -5.7447267e-16  1.0415488e-16  2.9131239e-16  -5.8898273e-16  1.3508443e-15  -4.8380980e-16  3.1515624e-17  -7.8380436e-17  -3.7012382e-16  -1.5588309e-16  3.0142518e-17  -1.8693197e-16  -2.7328899e-16  -1.1720617e-16  1.6956984e-17  1.9777644e-16  -5.4341858e-16  5.7643733e-16  1.6220479e-17  -6.4414609e-17  2.1298059e-16  -5.3133988e-16  8.4660150e-16  3.7500274e-17  5.1492745e-16  3.7003640e-16  3.6880885e-16  -1.8066298e-17  -9.8136416e-17  1.0000000   1.5122318e-16  -5.7447267e-16  1.0415488e-16  2.9131239e-16  -5.8898273e-16  1.3508443e-15  -4.8380980e-16  3.1515624e-17  -7.8380436e-17  -3.7012382e-16  -1.5588309e-16  3.0142518e-17  -1.8693197e-16  -2.7328899e-16  -1.1720617e-16  1.6956984e-17  1.9777644e-16  -5.4341858e-16  5.7643733e-16  1.6220479e-17  -6.4414609e-17  2.1298059e-16  -5.3133988e-16  8.4660150e-16  3.7500274e-17  5.1492745e-16  3.7003640e-16  3.6880885e-16  
1.8237551e-16  3.2396892e-16  1.5122318e-16  1.0000000   -3.7390983e-16  8.2228641e-16  -3.3216555e-16  -5.3299297e-17  -3.2706424e-16  -1.1931203e-16  -6.4782075e-16  1.1646362e-16  -7.9482996e-16  1.5022630e-16  -3.8401773e-16  -3.2928786e-17  -9.6306039e-17  2.7090776e-16  2.7759127e-16  2.8845900e-16  -1.1077164e-15  -7.2502286e-16  -1.2809991e-16  3.2172738e-16  3.6360402e-16  2.8568560e-16  6.0039677e-16  -1.1990325e-16  -1.5208379e-17  1.0303389e-16  3.0228767e-16  1.8237551e-16  3.2396892e-16  1.5122318e-16  1.0000000   -3.7390983e-16  8.2228641e-16  -3.3216555e-16  -5.3299297e-17  -3.2706424e-16  -1.1931203e-16  -6.4782075e-16  1.1646362e-16  -7.9482996e-16  1.5022630e-16  -3.8401773e-16  -3.2928786e-17  -9.6306039e-17  2.7090776e-16  2.7759127e-16  2.8845900e-16  -1.1077164e-15  -7.2502286e-16  -1.2809991e-16  3.2172738e-16  3.6360402e-16  2.8568560e-16  6.0039677e-16  -1.1990325e-16  -1.5208379e-17  1.0303389e-16  3.0228767e-16  
-5.9139319e-16  6.1780388e-16  -5.7447267e-16  -3.7390983e-16  1.0000000   5.9614268e-16  -6.4474087e-17  8.1968716e-16  1.0005048e-15  -1.4914299e-16  1.2586258e-16  2.4882749e-16  5.6838295e-16  -6.5159075e-17  -9.7293109e-17  -7.5925017e-17  2.6462354e-16  1.2933677e-16  -1.6942694e-16  8.1796198e-16  -3.4524322e-16  -5.3434159e-17  2.9873367e-16  1.1555463e-16  -1.8004057e-16  -4.1503903e-16  -3.7157737e-16  -2.1708540e-16  -9.1988446e-17  1.5133207e-16  -1.0840014e-16  -5.9139319e-16  6.1780388e-16  -5.7447267e-16  -3.7390983e-16  1.0000000   5.9614268e-16  -6.4474087e-17  8.1968716e-16  1.0005048e-15  -1.4914299e-16  1.2586258e-16  2.4882749e-16  5.6838295e-16  -6.5159075e-17  -9.7293109e-17  -7.5925017e-17  2.6462354e-16  1.2933677e-16  -1.6942694e-16  8.1796198e-16  -3.4524322e-16  -5.3434159e-17  2.9873367e-16  1.1555463e-16  -1.8004057e-16  -4.1503903e-16  -3.7157737e-16  -2.1708540e-16  -9.1988446e-17  1.5133207e-16  -1.0840014e-16  
4.0398507e-16  -6.9937112e-17  1.0415488e-16  8.2228641e-16  5.9614268e-16  1.0000000   -3.8462955e-16  2.6129999e-16  4.6703013e-16  -2.6062536e-16  -2.7983619e-16  -5.4078865e-16  -1.3910357e-17  -4.1700611e-16  5.0701656e-16  -4.7410923e-16  -1.1884311e-16  5.3303014e-16  -9.3371526e-17  1.1439956e-16  -6.7062301e-16  -1.5069807e-15  1.3155531e-15  -3.5206797e-16  5.5188753e-16  7.7339196e-16  1.6332480e-16  -7.5063720e-16  2.2182309e-16  -4.9623201e-16  -6.2772204e-16  4.0398507e-16  -6.9937112e-17  1.0415488e-16  8.2228641e-16  5.9614268e-16  1.0000000   -3.8462955e-16  2.6129999e-16  4.6703013e-16  -2.6062536e-16  -2.7983619e-16  -5.4078865e-16  -1.3910357e-17  -4.1700611e-16  5.0701656e-16  -4.7410923e-16  -1.1884311e-16  5.3303014e-16  -9.3371526e-17  1.1439956e-16  -6.7062301e-16  -1.5069807e-15  1.3155531e-15  -3.5206797e-16  5.5188753e-16  7.7339196e-16  1.6332480e-16  -7.5063720e-16  2.2182309e-16  -4.9623201e-16  -6.2772204e-16  
3.2759954e-16  2.2559205e-16  2.9131239e-16  -3.3216555e-16  -6.4474087e-17  -3.8462955e-16  1.0000000   4.4479078e-16  -1.1219298e-16  -3.1519677e-16  -3.3054653e-16  -2.7152181e-16  4.5606702e-16  1.3354712e-16  -2.0089552e-16  3.9648441e-17  -4.2452550e-17  5.8111419e-16  -5.4434369e-16  1.4675406e-16  2.0403953e-17  6.6462489e-16  -4.7734286e-16  3.6245362e-17  5.7321954e-16  2.9259505e-16  3.7900163e-16  -5.9723526e-16  -7.6005272e-17  -6.2146397e-17  7.2119336e-16  3.2759954e-16  2.2559205e-16  2.9131239e-16  -3.3216555e-16  -6.4474087e-17  -3.8462955e-16  1.0000000   4.4479078e-16  -1.1219298e-16  -3.1519677e-16  -3.3054653e-16  -2.7152181e-16  4.5606702e-16  1.3354712e-16  -2.0089552e-16  3.9648441e-17  -4.2452550e-17  5.8111419e-16  -5.4434369e-16  1.4675406e-16  2.0403953e-17  6.6462489e-16  -4.7734286e-16  3.6245362e-17  5.7321954e-16  2.9259505e-16  3.7900163e-16  -5.9723526e-16  -7.6005272e-17  -6.2146397e-17  7.2119336e-16  
-4.5940900e-16  -8.3616518e-17  -5.8898273e-16  -5.3299297e-17  8.1968716e-16  2.6129999e-16  4.4479078e-16  1.0000000   2.5814676e-16  3.5888566e-16  -5.9815204e-16  3.6070431e-16  6.0244819e-16  -3.8656797e-17  3.5136163e-16  -1.1964997e-15  5.1231264e-17  1.0398307e-15  3.6731431e-16  8.4062528e-17  -3.4685584e-17  -8.3911466e-16  5.0756436e-16  -4.5183202e-16  5.8521540e-16  -4.2303431e-16  -3.4285198e-16  -9.5782836e-17  -3.9521626e-16  2.9603978e-16  7.1374606e-17  -4.5940900e-16  -8.3616518e-17  -5.8898273e-16  -5.3299297e-17  8.1968716e-16  2.6129999e-16  4.4479078e-16  1.0000000   2.5814676e-16  3.5888566e-16  -5.9815204e-16  3.6070431e-16  6.0244819e-16  -3.8656797e-17  3.5136163e-16  -1.1964997e-15  5.1231264e-17  1.0398307e-15  3.6731431e-16  8.4062528e-17  -3.4685584e-17  -8.3911466e-16  5.0756436e-16  -4.5183202e-16  5.8521540e-16  -4.2303431e-16  -3.4285198e-16  -9.5782836e-17  -3.9521626e-16  2.9603978e-16  7.1374606e-17  
-6.3741168e-17  5.1312553e-16  1.3508443e-15  -3.2706424e-16  1.0005048e-15  4.6703013e-16  -1.1219298e-16  2.5814676e-16  1.0000000   1.6216463e-16  1.3909572e-16  -3.7234451e-16  9.2311614e-17  3.0276911e-17  3.3010543e-16  -9.6720424e-16  2.3670940e-16  -1.7526553e-16  3.4096997e-16  -1.0825542e-15  3.7231483e-16  -1.6655389e-16  9.7509611e-16  8.6305922e-17  1.4159944e-16  -4.9193876e-16  -1.0736875e-16  2.7850303e-16  -1.4419887e-16  4.4490763e-17  -4.4561695e-16  -6.3741168e-17  5.1312553e-16  1.3508443e-15  -3.2706424e-16  1.0005048e-15  4.6703013e-16  -1.1219298e-16  2.5814676e-16  1.0000000   1.6216463e-16  1.3909572e-16  -3.7234451e-16  9.2311614e-17  3.0276911e-17  3.3010543e-16  -9.6720424e-16  2.3670940e-16  -1.7526553e-16  3.4096997e-16  -1.0825542e-15  3.7231483e-16  -1.6655389e-16  9.7509611e-16  8.6305922e-17  1.4159944e-16  -4.9193876e-16  -1.0736875e-16  2.7850303e-16  -1.4419887e-16  4.4490763e-17  -4.4561695e-16  
7.9712593e-16  -7.1025815e-17  -4.8380980e-16  -1.1931203e-16  -1.4914299e-16  -2.6062536e-16  -3.1519677e-16  3.5888566e-16  1.6216463e-16  1.0000000   -1.5828439e-16  2.3223815e-16  1.5160921e-16  5.3078229e-16  -2.1797944e-16  1.4358052e-17  3.9339162e-16  5.0715701e-18  1.0009405e-16  7.3823535e-16  -2.4316475e-16  -1.3452144e-17  9.0462196e-16  7.9537194e-17  -1.3012326e-16  -3.0574247e-16  5.0731158e-16  2.1927799e-16  -2.4994254e-16  3.9423266e-16  4.2865507e-17  7.9712593e-16  -7.1025815e-17  -4.8380980e-16  -1.1931203e-16  -1.4914299e-16  -2.6062536e-16  -3.1519677e-16  3.5888566e-16  1.6216463e-16  1.0000000   -1.5828439e-16  2.3223815e-16  1.5160921e-16  5.3078229e-16  -2.1797944e-16  1.4358052e-17  3.9339162e-16  5.0715701e-18  1.0009405e-16  7.3823535e-16  -2.4316475e-16  -1.3452144e-17  9.0462196e-16  7.9537194e-17  -1.3012326e-16  -3.0574247e-16  5.0731158e-16  2.1927799e-16  -2.4994254e-16  3.9423266e-16  4.2865507e-17  
8.9066414e-17  4.7303742e-16  3.1515624e-17  -6.4782075e-16  1.2586258e-16  -2.7983619e-16  -3.3054653e-16  -5.9815204e-16  1.3909572e-16  -1.5828439e-16  1.0000000   -6.1003670e-17  4.2495251e-17  -2.5607810e-16  2.1708596e-16  -6.8346499e-16  4.2820026e-16  2.9974222e-16  -4.5977611e-16  5.7546081e-16  -3.4388212e-16  -1.0533644e-16  -8.4351617e-17  -9.0319294e-17  1.3443126e-16  -3.6675653e-17  4.1454209e-17  -7.2685458e-16  4.7490927e-16  -4.2440390e-16  -8.1598483e-16  8.9066414e-17  4.7303742e-16  3.1515624e-17  -6.4782075e-16  1.2586258e-16  -2.7983619e-16  -3.3054653e-16  -5.9815204e-16  1.3909572e-16  -1.5828439e-16  1.0000000   -6.1003670e-17  4.2495251e-17  -2.5607810e-16  2.1708596e-16  -6.8346499e-16  4.2820026e-16  2.9974222e-16  -4.5977611e-16  5.7546081e-16  -3.4388212e-16  -1.0533644e-16  -8.4351617e-17  -9.0319294e-17  1.3443126e-16  -3.6675653e-17  4.1454209e-17  -7.2685458e-16  4.7490927e-16  -4.2440390e-16  -8.1598483e-16  
3.0152821e-16  -2.8882180e-16  -7.8380436e-17  1.1646362e-16  2.4882749e-16  -5.4078865e-16  -2.7152181e-16  3.6070431e-16  -3.7234451e-16  2.3223815e-16  -6.1003670e-17  1.0000000   -2.6391408e-16  9.4895053e-16  -4.3808397e-16  2.5668067e-16  -2.6070292e-16  -1.8790984e-16  -3.3162566e-16  -1.7023941e-16  5.9776670e-16  -6.0090712e-16  -2.9041771e-16  -3.4117136e-16  -5.6897961e-17  7.4024708e-16  -4.3875494e-17  -4.6145944e-16  3.0786271e-16  1.3640969e-17  -1.5637452e-16  3.0152821e-16  -2.8882180e-16  -7.8380436e-17  1.1646362e-16  2.4882749e-16  -5.4078865e-16  -2.7152181e-16  3.6070431e-16  -3.7234451e-16  2.3223815e-16  -6.1003670e-17  1.0000000   -2.6391408e-16  9.4895053e-16  -4.3808397e-16  2.5668067e-16  -2.6070292e-16  -1.8790984e-16  -3.3162566e-16  -1.7023941e-16  5.9776670e-16  -6.0090712e-16  -2.9041771e-16  -3.4117136e-16  -5.6897961e-17  7.4024708e-16  -4.3875494e-17  -4.6145944e-16  3.0786271e-16  1.3640969e-17  -1.5637452e-16  
-7.0363500e-16  1.7823565e-16  -3.7012382e-16  -7.9482996e-16  5.6838295e-16  -1.3910357e-17  4.5606702e-16  6.0244819e-16  9.2311614e-17  1.5160921e-16  4.2495251e-17  -2.6391408e-16  1.0000000   8.2431456e-16  -3.6645434e-16  -5.9545079e-17  -3.7013224e-17  7.3262497e-17  -2.1434271e-16  -1.5215089e-16  6.1745598e-16  -1.5851148e-15  8.3590543e-16  -8.9454405e-16  8.4152414e-16  -2.3543710e-16  1.4393442e-16  -1.8906605e-16  5.1658208e-17  -1.7632003e-16  -1.5624405e-16  -7.0363500e-16  1.7823565e-16  -3.7012382e-16  -7.9482996e-16  5.6838295e-16  -1.3910357e-17  4.5606702e-16  6.0244819e-16  9.2311614e-17  1.5160921e-16  4.2495251e-17  -2.6391408e-16  1.0000000   8.2431456e-16  -3.6645434e-16  -5.9545079e-17  -3.7013224e-17  7.3262497e-17  -2.1434271e-16  -1.5215089e-16  6.1745598e-16  -1.5851148e-15  8.3590543e-16  -8.9454405e-16  8.4152414e-16  -2.3543710e-16  1.4393442e-16  -1.8906605e-16  5.1658208e-17  -1.7632003e-16  -1.5624405e-16  
1.0876574e-16  -1.7443679e-16  -1.5588309e-16  1.5022630e-16  -6.5159075e-17  -4.1700611e-16  1.3354712e-16  -3.8656797e-17  3.0276911e-17  5.3078229e-16  -2.5607810e-16  9.4895053e-16  8.2431456e-16  1.0000000   -6.1244780e-17  -1.2196716e-16  3.7708272e-16  3.2182467e-16  6.1668419e-17  1.2297446e-16  -4.8288438e-16  -3.0993470e-16  -6.5113254e-16  5.9204663e-17  2.0388045e-16  -5.5748679e-16  3.9270848e-16  -3.8899405e-16  -4.0227985e-16  -1.3092033e-16  3.5269107e-16  1.0876574e-16  -1.7443679e-16  -1.5588309e-16  1.5022630e-16  -6.5159075e-17  -4.1700611e-16  1.3354712e-16  -3.8656797e-17  3.0276911e-17  5.3078229e-16  -2.5607810e-16  9.4895053e-16  8.2431456e-16  1.0000000   -6.1244780e-17  -1.2196716e-16  3.7708272e-16  3.2182467e-16  6.1668419e-17  1.2297446e-16  -4.8288438e-16  -3.0993470e-16  -6.5113254e-16  5.9204663e-17  2.0388045e-16  -5.5748679e-16  3.9270848e-16  -3.8899405e-16  -4.0227985e-16  -1.3092033e-16  3.5269107e-16  
7.8820472e-17  -6.3091201e-16  3.0142518e-17  -3.8401773e-16  -9.7293109e-17  5.0701656e-16  -2.0089552e-16  3.5136163e-16  3.3010543e-16  -2.1797944e-16  2.1708596e-16  -4.3808397e-16  -3.6645434e-16  -6.1244780e-17  1.0000000   -1.1601758e-16  -3.8046474e-16  2.3680357e-16  -4.5187043e-16  -4.0012797e-16  -2.9293328e-16  -9.4428835e-16  3.4235318e-16  -5.5943098e-16  -4.6423767e-17  -2.8173011e-16  2.4610266e-16  2.0938077e-16  -2.8305676e-16  -2.7530466e-16  -2.5864605e-16  7.8820472e-17  -6.3091201e-16  3.0142518e-17  -3.8401773e-16  -9.7293109e-17  5.0701656e-16  -2.0089552e-16  3.5136163e-16  3.3010543e-16  -2.1797944e-16  2.1708596e-16  -4.3808397e-16  -3.6645434e-16  -6.1244780e-17  1.0000000   -1.1601758e-16  -3.8046474e-16  2.3680357e-16  -4.5187043e-16  -4.0012797e-16  -2.9293328e-16  -9.4428835e-16  3.4235318e-16  -5.5943098e-16  -4.6423767e-17  -2.8173011e-16  2.4610266e-16  2.0938077e-16  -2.8305676e-16  -2.7530466e-16  -2.5864605e-16  
-4.1700263e-16  -1.3218062e-16  -1.8693197e-16  -3.2928786e-17  -7.5925017e-17  -4.7410923e-16  3.9648441e-17  -1.1964997e-15  -9.6720424e-16  1.4358052e-17  -6.8346499e-16  2.5668067e-16  -5.9545079e-17  -1.2196716e-16  -1.1601758e-16  1.0000000   1.3399269e-16  -5.1582239e-16  3.6315214e-19  -5.5265458e-16  1.9540550e-16  4.8508520e-16  1.7043637e-17  -5.6188310e-16  1.6895266e-16  -2.8170597e-16  1.0485834e-16  -3.1602618e-16  -6.3156027e-16  2.8140146e-16  -6.6293744e-16  -4.1700263e-16  -1.3218062e-16  -1.8693197e-16  -3.2928786e-17  -7.5925017e-17  -4.7410923e-16  3.9648441e-17  -1.1964997e-15  -9.6720424e-16  1.4358052e-17  -6.8346499e-16  2.5668067e-16  -5.9545079e-17  -1.2196716e-16  -1.1601758e-16  1.0000000   1.3399269e-16  -5.1582239e-16  3.6315214e-19  -5.5265458e-16  1.9540550e-16  4.8508520e-16  1.7043637e-17  -5.6188310e-16  1.6895266e-16  -2.8170597e-16  1.0485834e-16  -3.1602618e-16  -6.3156027e-16  2.8140146e-16  -6.6293744e-16  
-1.5619979e-17  3.4980712e-16  -2.7328899e-16  -9.6306039e-17  2.6462354e-16  -1.1884311e-16  -4.2452550e-17  5.1231264e-17  2.3670940e-16  3.9339162e-16  4.2820026e-16  -2.6070292e-16  -3.7013224e-17  3.7708272e-16  -3.8046474e-16  1.3399269e-16  1.0000000   3.9879964e-16  9.1850632e-17  -4.2761738e-16  5.9009680e-16  8.2091651e-16  -2.6497532e-16  7.3530494e-17  -5.5166843e-16  -1.6361196e-17  -6.1228763e-17  2.4512187e-16  -9.3380088e-16  -2.1298796e-17  5.5320199e-16  -1.5619979e-17  3.4980712e-16  -2.7328899e-16  -9.6306039e-17  2.6462354e-16  -1.1884311e-16  -4.2452550e-17  5.1231264e-17  2.3670940e-16  3.9339162e-16  4.2820026e-16  -2.6070292e-16  -3.7013224e-17  3.7708272e-16  -3.8046474e-16  1.3399269e-16  1.0000000   3.9879964e-16  9.1850632e-17  -4.2761738e-16  5.9009680e-16  8.2091651e-16  -2.6497532e-16  7.3530494e-17  -5.5166843e-16  -1.6361196e-17  -6.1228763e-17  2.4512187e-16  -9.3380088e-16  -2.1298796e-17  5.5320199e-16  
-2.1761406e-16  -9.0898778e-18  -1.1720617e-16  2.7090776e-16  1.2933677e-16  5.3303014e-16  5.8111419e-16  1.0398307e-15  -1.7526553e-16  5.0715701e-18  2.9974222e-16  -1.8790984e-16  7.3262497e-17  3.2182467e-16  2.3680357e-16  -5.1582239e-16  3.9879964e-16  1.0000000   8.0421544e-16  -9.5855785e-16  -8.5429210e-17  -7.9079151e-16  3.7004706e-17  -1.3839224e-16  5.5510134e-16  -3.3255461e-17  -4.0807682e-17  -1.4073549e-16  6.8466368e-16  8.9368746e-17  2.2376170e-16  -2.1761406e-16  -9.0898778e-18  -1.1720617e-16  2.7090776e-16  1.2933677e-16  5.3303014e-16  5.8111419e-16  1.0398307e-15  -1.7526553e-16  5.0715701e-18  2.9974222e-16  -1.8790984e-16  7.3262497e-17  3.2182467e-16  2.3680357e-16  -5.1582239e-16  3.9879964e-16  1.0000000   8.0421544e-16  -9.5855785e-16  -8.5429210e-17  -7.9079151e-16  3.7004706e-17  -1.3839224e-16  5.5510134e-16  -3.3255461e-17  -4.0807682e-17  -1.4073549e-16  6.8466368e-16  8.9368746e-17  2.2376170e-16  
-2.5549637e-17  1.7256638e-16  1.6956984e-17  2.7759127e-16  -1.6942694e-16  -9.3371526e-17  -5.4434369e-16  3.6731431e-16  3.4096997e-16  1.0009405e-16  -4.5977611e-16  -3.3162566e-16  -2.1434271e-16  6.1668419e-17  -4.5187043e-16  3.6315214e-19  9.1850632e-17  8.0421544e-16  1.0000000   -6.9126685e-16  -1.6405865e-16  -1.5557246e-16  4.3450667e-16  -2.7791304e-16  3.9766193e-16  -6.7530303e-16  -7.3256703e-17  -2.6867290e-16  2.5251502e-16  -1.0466032e-17  2.1208451e-17  -2.5549637e-17  1.7256638e-16  1.6956984e-17  2.7759127e-16  -1.6942694e-16  -9.3371526e-17  -5.4434369e-16  3.6731431e-16  3.4096997e-16  1.0009405e-16  -4.5977611e-16  -3.3162566e-16  -2.1434271e-16  6.1668419e-17  -4.5187043e-16  3.6315214e-19  9.1850632e-17  8.0421544e-16  1.0000000   -6.9126685e-16  -1.6405865e-16  -1.5557246e-16  4.3450667e-16  -2.7791304e-16  3.9766193e-16  -6.7530303e-16  -7.3256703e-17  -2.6867290e-16  2.5251502e-16  -1.0466032e-17  2.1208451e-17  
1.5015163e-16  -5.6171384e-16  1.9777644e-16  2.8845900e-16  8.1796198e-16  1.1439956e-16  1.4675406e-16  8.4062528e-17  -1.0825542e-15  7.3823535e-16  5.7546081e-16  -1.7023941e-16  -1.5215089e-16  1.2297446e-16  -4.0012797e-16  -5.5265458e-16  -4.2761738e-16  -9.5855785e-16  -6.9126685e-16  1.0000000   6.2595240e-17  2.1112315e-17  -6.5289344e-17  4.6661593e-16  -9.0171983e-17  5.3350046e-16  4.9371242e-16  5.3550392e-16  -8.7622278e-17  -8.1789382e-17  4.6501618e-16  1.5015163e-16  -5.6171384e-16  1.9777644e-16  2.8845900e-16  8.1796198e-16  1.1439956e-16  1.4675406e-16  8.4062528e-17  -1.0825542e-15  7.3823535e-16  5.7546081e-16  -1.7023941e-16  -1.5215089e-16  1.2297446e-16  -4.0012797e-16  -5.5265458e-16  -4.2761738e-16  -9.5855785e-16  -6.9126685e-16  1.0000000   6.2595240e-17  2.1112315e-17  -6.5289344e-17  4.6661593e-16  -9.0171983e-17  5.3350046e-16  4.9371242e-16  5.3550392e-16  -8.7622278e-17  -8.1789382e-17  4.6501618e-16  
-1.7104987e-16  -5.8587242e-16  -5.4341858e-16  -1.1077164e-15  -3.4524322e-16  -6.7062301e-16  2.0403953e-17  -3.4685584e-17  3.7231483e-16  -2.4316475e-16  -3.4388212e-16  5.9776670e-16  6.1745598e-16  -4.8288438e-16  -2.9293328e-16  1.9540550e-16  5.9009680e-16  -8.5429210e-17  -1.6405865e-16  6.2595240e-17  1.0000000   -3.7026712e-16  -2.2765122e-16  8.3845434e-17  6.4579147e-17  -6.0624084e-16  -4.8164491e-16  -3.7140984e-16  -1.4545261e-16  -8.9437134e-17  -9.5904668e-17  -1.7104987e-16  -5.8587242e-16  -5.4341858e-16  -1.1077164e-15  -3.4524322e-16  -6.7062301e-16  2.0403953e-17  -3.4685584e-17  3.7231483e-16  -2.4316475e-16  -3.4388212e-16  5.9776670e-16  6.1745598e-16  -4.8288438e-16  -2.9293328e-16  1.9540550e-16  5.9009680e-16  -8.5429210e-17  -1.6405865e-16  6.2595240e-17  1.0000000   -3.7026712e-16  -2.2765122e-16  8.3845434e-17  6.4579147e-17  -6.0624084e-16  -4.8164491e-16  -3.7140984e-16  -1.4545261e-16  -8.9437134e-17  -9.5904668e-17  
6.2883422e-17  3.1984499e-16  5.7643733e-16  -7.2502286e-16  -5.3434159e-17  -1.5069807e-15  6.6462489e-16  -8.3911466e-16  -1.6655389e-16  -1.3452144e-17  -1.0533644e-16  -6.0090712e-16  -1.5851148e-15  -3.0993470e-16  -9.4428835e-16  4.8508520e-16  8.2091651e-16  -7.9079151e-16  -1.5557246e-16  2.1112315e-17  -3.7026712e-16  1.0000000   -2.5189658e-16  2.6480979e-16  -3.6597067e-16  4.0352452e-16  -5.7465905e-17  1.8588787e-16  -1.8734863e-16  1.5366465e-16  3.0112589e-16  6.2883422e-17  3.1984499e-16  5.7643733e-16  -7.2502286e-16  -5.3434159e-17  -1.5069807e-15  6.6462489e-16  -8.3911466e-16  -1.6655389e-16  -1.3452144e-17  -1.0533644e-16  -6.0090712e-16  -1.5851148e-15  -3.0993470e-16  -9.4428835e-16  4.8508520e-16  8.2091651e-16  -7.9079151e-16  -1.5557246e-16  2.1112315e-17  -3.7026712e-16  1.0000000   -2.5189658e-16  2.6480979e-16  -3.6597067e-16  4.0352452e-16  -5.7465905e-17  1.8588787e-16  -1.8734863e-16  1.5366465e-16  3.0112589e-16  
-3.0494602e-17  2.1231777e-17  1.6220479e-17  -1.2809991e-16  2.9873367e-16  1.3155531e-15  -4.7734286e-16  5.0756436e-16  9.7509611e-16  9.0462196e-16  -8.4351617e-17  -2.9041771e-16  8.3590543e-16  -6.5113254e-16  3.4235318e-16  1.7043637e-17  -2.6497532e-16  3.7004706e-17  4.3450667e-16  -6.5289344e-17  -2.2765122e-16  -2.5189658e-16  1.0000000   -3.7852168e-16  5.2025564e-16  7.9201624e-17  4.6820866e-16  -1.5760423e-16  4.6207282e-16  -6.3520262e-16  1.7417127e-16  -3.0494602e-17  2.1231777e-17  1.6220479e-17  -1.2809991e-16  2.9873367e-16  1.3155531e-15  -4.7734286e-16  5.0756436e-16  9.7509611e-16  9.0462196e-16  -8.4351617e-17  -2.9041771e-16  8.3590543e-16  -6.5113254e-16  3.4235318e-16  1.7043637e-17  -2.6497532e-16  3.7004706e-17  4.3450667e-16  -6.5289344e-17  -2.2765122e-16  -2.5189658e-16  1.0000000   -3.7852168e-16  5.2025564e-16  7.9201624e-17  4.6820866e-16  -1.5760423e-16  4.6207282e-16  -6.3520262e-16  1.7417127e-16  
-7.8042932e-17  -6.1400308e-16  -6.4414609e-17  3.2172738e-16  1.1555463e-16  -3.5206797e-16  3.6245362e-17  -4.5183202e-16  8.6305922e-17  7.9537194e-17  -9.0319294e-17  -3.4117136e-16  -8.9454405e-16  5.9204663e-17  -5.5943098e-16  -5.6188310e-16  7.3530494e-17  -1.3839224e-16  -2.7791304e-16  4.6661593e-16  8.3845434e-17  2.6480979e-16  -3.7852168e-16  1.0000000   3.0425691e-16  3.4687391e-16  -1.5358700e-16  -1.6399064e-16  -7.4498255e-16  -2.6940658e-16  -4.0090978e-16  -7.8042932e-17  -6.1400308e-16  -6.4414609e-17  3.2172738e-16  1.1555463e-16  -3.5206797e-16  3.6245362e-17  -4.5183202e-16  8.6305922e-17  7.9537194e-17  -9.0319294e-17  -3.4117136e-16  -8.9454405e-16  5.9204663e-17  -5.5943098e-16  -5.6188310e-16  7.3530494e-17  -1.3839224e-16  -2.7791304e-16  4.6661593e-16  8.3845434e-17  2.6480979e-16  -3.7852168e-16  1.0000000   3.0425691e-16  3.4687391e-16  -1.5358700e-16  -1.6399064e-16  -7.4498255e-16  -2.6940658e-16  -4.0090978e-16  
-2.3194763e-17  7.7021190e-17  2.1298059e-16  3.6360402e-16  -1.8004057e-16  5.5188753e-16  5.7321954e-16  5.8521540e-16  1.4159944e-16  -1.3012326e-16  1.3443126e-16  -5.6897961e-17  8.4152414e-16  2.0388045e-16  -4.6423767e-17  1.6895266e-16  -5.5166843e-16  5.5510134e-16  3.9766193e-16  -9.0171983e-17  6.4579147e-17  -3.6597067e-16  5.2025564e-16  3.0425691e-16  1.0000000   1.5905508e-16  1.4438115e-16  7.2319487e-16  -3.0715407e-16  -3.3393795e-16  -1.0564499e-16  -2.3194763e-17  7.7021190e-17  2.1298059e-16  3.6360402e-16  -1.8004057e-16  5.5188753e-16  5.7321954e-16  5.8521540e-16  1.4159944e-16  -1.3012326e-16  1.3443126e-16  -5.6897961e-17  8.4152414e-16  2.0388045e-16  -4.6423767e-17  1.6895266e-16  -5.5166843e-16  5.5510134e-16  3.9766193e-16  -9.0171983e-17  6.4579147e-17  -3.6597067e-16  5.2025564e-16  3.0425691e-16  1.0000000   1.5905508e-16  1.4438115e-16  7.2319487e-16  -3.0715407e-16  -3.3393795e-16  -1.0564499e-16  
3.6735708e-16  -6.1141882e-17  -5.3133988e-16  2.8568560e-16  -4.1503903e-16  7.7339196e-16  2.9259505e-16  -4.2303431e-16  -4.9193876e-16  -3.0574247e-16  -3.6675653e-17  7.4024708e-16  -2.3543710e-16  -5.5748679e-16  -2.8173011e-16  -2.8170597e-16  -1.6361196e-17  -3.3255461e-17  -6.7530303e-16  5.3350046e-16  -6.0624084e-16  4.0352452e-16  7.9201624e-17  3.4687391e-16  1.5905508e-16  1.0000000   -1.3196221e-16  1.8886906e-16  1.9380251e-16  1.2355754e-16  -2.9389731e-16  3.6735708e-16  -6.1141882e-17  -5.3133988e-16  2.8568560e-16  -4.1503903e-16  7.7339196e-16  2.9259505e-16  -4.2303431e-16  -4.9193876e-16  -3.0574247e-16  -3.6675653e-17  7.4024708e-16  -2.3543710e-16  -5.5748679e-16  -2.8173011e-16  -2.8170597e-16  -1.6361196e-17  -3.3255461e-17  -6.7530303e-16  5.3350046e-16  -6.0624084e-16  4.0352452e-16  7.9201624e-17  3.4687391e-16  1.5905508e-16  1.0000000   -1.3196221e-16  1.8886906e-16  1.9380251e-16  1.2355754e-16  -2.9389731e-16  
3.7636487e-16  6.5473901e-16  8.4660150e-16  6.0039677e-16  -3.7157737e-16  1.6332480e-16  3.7900163e-16  -3.4285198e-16  -1.0736875e-16  5.0731158e-16  4.1454209e-17  -4.3875494e-17  1.4393442e-16  3.9270848e-16  2.4610266e-16  1.0485834e-16  -6.1228763e-17  -4.0807682e-17  -7.3256703e-17  4.9371242e-16  -4.8164491e-16  -5.7465905e-17  4.6820866e-16  -1.5358700e-16  1.4438115e-16  -1.3196221e-16  1.0000000   5.5578291e-16  2.2072675e-16  -2.6166321e-16  1.3146667e-16  3.7636487e-16  6.5473901e-16  8.4660150e-16  6.0039677e-16  -3.7157737e-16  1.6332480e-16  3.7900163e-16  -3.4285198e-16  -1.0736875e-16  5.0731158e-16  4.1454209e-17  -4.3875494e-17  1.4393442e-16  3.9270848e-16  2.4610266e-16  1.0485834e-16  -6.1228763e-17  -4.0807682e-17  -7.3256703e-17  4.9371242e-16  -4.8164491e-16  -5.7465905e-17  4.6820866e-16  -1.5358700e-16  1.4438115e-16  -1.3196221e-16  1.0000000   5.5578291e-16  2.2072675e-16  -2.6166321e-16  1.3146667e-16  
4.3943712e-16  1.5613333e-16  3.7500274e-17  -1.1990325e-16  -2.1708540e-16  -7.5063720e-16  -5.9723526e-16  -9.5782836e-17  2.7850303e-16  2.1927799e-16  -7.2685458e-16  -4.6145944e-16  -1.8906605e-16  -3.8899405e-16  2.0938077e-16  -3.1602618e-16  2.4512187e-16  -1.4073549e-16  -2.6867290e-16  5.3550392e-16  -3.7140984e-16  1.8588787e-16  -1.5760423e-16  -1.6399064e-16  7.2319487e-16  1.8886906e-16  5.5578291e-16  1.0000000   4.9112692e-17  -7.5801488e-16  -4.6033134e-16  4.3943712e-16  1.5613333e-16  3.7500274e-17  -1.1990325e-16  -2.1708540e-16  -7.5063720e-16  -5.9723526e-16  -9.5782836e-17  2.7850303e-16  2.1927799e-16  -7.2685458e-16  -4.6145944e-16  -1.8906605e-16  -3.8899405e-16  2.0938077e-16  -3.1602618e-16  2.4512187e-16  -1.4073549e-16  -2.6867290e-16  5.3550392e-16  -3.7140984e-16  1.8588787e-16  -1.5760423e-16  -1.6399064e-16  7.2319487e-16  1.8886906e-16  5.5578291e-16  1.0000000   4.9112692e-17  -7.5801488e-16  -4.6033134e-16  
6.5570994e-17  2.4841594e-16  5.1492745e-16  -1.5208379e-17  -9.1988446e-17  2.2182309e-16  -7.6005272e-17  -3.9521626e-16  -1.4419887e-16  -2.4994254e-16  4.7490927e-16  3.0786271e-16  5.1658208e-17  -4.0227985e-16  -2.8305676e-16  -6.3156027e-16  -9.3380088e-16  6.8466368e-16  2.5251502e-16  -8.7622278e-17  -1.4545261e-16  -1.8734863e-16  4.6207282e-16  -7.4498255e-16  -3.0715407e-16  1.9380251e-16  2.2072675e-16  4.9112692e-17  1.0000000   4.1261463e-17  -8.9956828e-17  6.5570994e-17  2.4841594e-16  5.1492745e-16  -1.5208379e-17  -9.1988446e-17  2.2182309e-16  -7.6005272e-17  -3.9521626e-16  -1.4419887e-16  -2.4994254e-16  4.7490927e-16  3.0786271e-16  5.1658208e-17  -4.0227985e-16  -2.8305676e-16  -6.3156027e-16  -9.3380088e-16  6.8466368e-16  2.5251502e-16  -8.7622278e-17  -1.4545261e-16  -1.8734863e-16  4.6207282e-16  -7.4498255e-16  -3.0715407e-16  1.9380251e-16  2.2072675e-16  4.9112692e-17  1.0000000   4.1261463e-17  -8.9956828e-17  
-2.7794129e-17  -1.2112247e-16  3.7003640e-16  1.0303389e-16  1.5133207e-16  -4.9623201e-16  -6.2146397e-17  2.9603978e-16  4.4490763e-17  3.9423266e-16  -4.2440390e-16  1.3640969e-17  -1.7632003e-16  -1.3092033e-16  -2.7530466e-16  2.8140146e-16  -2.1298796e-17  8.9368746e-17  -1.0466032e-17  -8.1789382e-17  -8.9437134e-17  1.5366465e-16  -6.3520262e-16  -2.6940658e-16  -3.3393795e-16  1.2355754e-16  -2.6166321e-16  -7.5801488e-16  4.1261463e-17  1.0000000   -1.3756895e-16  -2.7794129e-17  -1.2112247e-16  3.7003640e-16  1.0303389e-16  1.5133207e-16  -4.9623201e-16  -6.2146397e-17  2.9603978e-16  4.4490763e-17  3.9423266e-16  -4.2440390e-16  1.3640969e-17  -1.7632003e-16  -1.3092033e-16  -2.7530466e-16  2.8140146e-16  -2.1298796e-17  8.9368746e-17  -1.0466032e-17  -8.1789382e-17  -8.9437134e-17  1.5366465e-16  -6.3520262e-16  -2.6940658e-16  -3.3393795e-16  1.2355754e-16  -2.6166321e-16  -7.5801488e-16  4.1261463e-17  1.0000000   -1.3756895e-16  
6.8409544e-16  5.2536499e-16  3.6880885e-16  3.0228767e-16  -1.0840014e-16  -6.2772204e-16  7.2119336e-16  7.1374606e-17  -4.4561695e-16  4.2865507e-17  -8.1598483e-16  -1.5637452e-16  -1.5624405e-16  3.5269107e-16  -2.5864605e-16  -6.6293744e-16  5.5320199e-16  2.2376170e-16  2.1208451e-17  4.6501618e-16  -9.5904668e-17  3.0112589e-16  1.7417127e-16  -4.0090978e-16  -1.0564499e-16  -2.9389731e-16  1.3146667e-16  -4.6033134e-16  -8.9956828e-17  -1.3756895e-16  1.0000000   6.8409544e-16  5.2536499e-16  3.6880885e-16  3.0228767e-16  -1.0840014e-16  -6.2772204e-16  7.2119336e-16  7.1374606e-17  -4.4561695e-16  4.2865507e-17  -8.1598483e-16  -1.5637452e-16  -1.5624405e-16  3.5269107e-16  -2.5864605e-16  -6.6293744e-16  5.5320199e-16  2.2376170e-16  2.1208451e-17  4.6501618e-16  -9.5904668e-17  3.0112589e-16  1.7417127e-16  -4.0090978e-16  -1.0564499e-16  -2.9389731e-16  1.3146667e-16  -4.6033134e-16  -8.9956828e-17  -1.3756895e-16  1.0000000   
1.0000000   6.3073338e-16  -1.8066298e-17  1.8237551e-16  -5.9139319e-16  4.0398507e-16  3.2759954e-16  -4.5940900e-16  -6.3741168e-17  7.9712593e-16  8.9066414e-17  3.0152821e-16  -7.0363500e-16  1.0876574e-16  7.8820472e-17  -4.1700263e-16  -1.5619979e-17  -2.1761406e-16  -2.5549637e-17  1.5015163e-16  -1.7104987e-16  6.2883422e-17  -3.0494602e-17  -7.8042932e-17  -2.3194763e-17  3.6735708e-16  3.7636487e-16  4.3943712e-16  6.5570994e-17  -2.7794129e-17  6.8409544e-16  1.0000000   6.3073338e-16  -1.8066298e-17  1.8237551e-16  -5.9139319e-16  4.0398507e-16  3.2759954e-16  -4.5940900e-16  -6.3741168e-17  7.9712593e-16  8.9066414e-17  3.0152821e-16  -7.0363500e-16  1.0876574e-16  7.8820472e-17  -4.1700263e-16  -1.5619979e-17  -2.1761406e-16  -2.5549637e-17  1.5015163e-16  -1.7104987e-16  6.2883422e-17  -3.0494602e-17  -7.8042932e-17  -2.3194763e-17  3.6735708e-16  3.7636487e-16  4.3943712e-16  6.5570994e-17  -2.7794129e-17  6.8409544e-16  
6.3073338e-16  1.0000000   -9.8136416e-17  3.2396892e-16  6.1780388e-16  -6.9937112e-17  2.2559205e-16  -8.3616518e-17  5.1312553e-16  -7.1025815e-17  4.7303742e-16  -2.8882180e-16  1.7823565e-16  -1.7443679e-16  -6.3091201e-16  -1.3218062e-16  3.4980712e-16  -9.0898778e-18  1.7256638e-16  -5.6171384e-16  -5.8587242e-16  3.1984499e-16  2.1231777e-17  -6.1400308e-16  7.7021190e-17  -6.1141882e-17  6.5473901e-16  1.5613333e-16  2.4841594e-16  -1.2112247e-16  5.2536499e-16  6.3073338e-16  1.0000000   -9.8136416e-17  3.2396892e-16  6.1780388e-16  -6.9937112e-17  2.2559205e-16  -8.3616518e-17  5.1312553e-16  -7.1025815e-17  4.7303742e-16  -2.8882180e-16  1.7823565e-16  -1.7443679e-16  -6.3091201e-16  -1.3218062e-16  3.4980712e-16  -9.0898778e-18  1.7256638e-16  -5.6171384e-16  -5.8587242e-16  3.1984499e-16  2.1231777e-17  -6.1400308e-16  7.7021190e-17  -6.1141882e-17  6.5473901e-16  1.5613333e-16  2.4841594e-16  -1.2112247e-16  5.2536499e-16  
-1.8066298e-17  -9.8136416e-17  1.0000000   1.5122318e-16  -5.7447267e-16  1.0415488e-16  2.9131239e-16  -5.8898273e-16  1.3508443e-15  -4.8380980e-16  3.1515624e-17  -7.8380436e-17  -3.7012382e-16  -1.5588309e-16  3.0142518e-17  -1.8693197e-16  -2.7328899e-16  -1.1720617e-16  1.6956984e-17  1.9777644e-16  -5.4341858e-16  5.7643733e-16  1.6220479e-17  -6.4414609e-17  2.1298059e-16  -5.3133988e-16  8.4660150e-16  3.7500274e-17  5.1492745e-16  3.7003640e-16  3.6880885e-16  -1.8066298e-17  -9.8136416e-17  1.0000000   1.5122318e-16  -5.7447267e-16  1.0415488e-16  2.9131239e-16  -5.8898273e-16  1.3508443e-15  -4.8380980e-16  3.1515624e-17  -7.8380436e-17  -3.7012382e-16  -1.5588309e-16  3.0142518e-17  -1.8693197e-16  -2.7328899e-16  -1.1720617e-16  1.6956984e-17  1.9777644e-16  -5.4341858e-16  5.7643733e-16  1.6220479e-17  -6.4414609e-17  2.1298059e-16  -5.3133988e-16  8.4660150e-16  3.7500274e-17  5.1492745e-16  3.7003640e-16  3.6880885e-16  
1.8237551e-16  3.2396892e-16  1.5122318e-16  1.0000000   -3.7390983e-16  8.2228641e-16  -3.3216555e-16  -5.3299297e-17  -3.2706424e-16  -1.1931203e-16  -6.4782075e-16  1.1646362e-16  -7.9482996e-16  1.5022630e-16  -3.8401773e-16  -3.2928786e-17  -9.6306039e-17  2.7090776e-16  2.7759127e-16  2.8845900e-16  -1.1077164e-15  -7.2502286e-16  -1.2809991e-16  3.2172738e-16  3.6360402e-16  2.8568560e-16  6.0039677e-16  -1.1990325e-16  -1.5208379e-17  1.0303389e-16  3.0228767e-16  1.8237551e-16  3.2396892e-16  1.5122318e-16  1.0000000   -3.7390983e-16  8.2228641e-16  -3.3216555e-16  -5.3299297e-17  -3.2706424e-16  -1.1931203e-16  -6.4782075e-16  1.1646362e-16  -7.9482996e-16  1.5022630e-16  -3.8401773e-16  -3.2928786e-17  -9.6306039e-17  2.7090776e-16  2.7759127e-16  2.8845900e-16  -1.1077164e-15  -7.2502286e-16  -1.2809991e-16  3.2172738e-16  3.6360402e-16  2.8568560e-16  6.0039677e-16  -1.1990325e-16  -1.5208379e-17  1.0303389e-16  3.0228767e-16  
-5.9139319e-16  6.1780388e-16  -5.7447267e-16  -3.7390983e-16  1.0000000   5.9614268e-16  -6.4474087e-17  8.1968716e-16  1.0005048e-15  -1.4914299e-16  1.2586258e-16  2.4882749e-16  5.6838295e-16  -6.5159075e-17  -9.7293109e-17  -7.5925017e-17  2.6462354e-16  1.2933677e-16  -1.6942694e-16  8.1796198e-16  -3.4524322e-16  -5.3434159e-17  2.9873367e-16  1.1555463e-16  -1.8004057e-16  -4.1503903e-16  -3.7157737e-16  -2.1708540e-16  -9.1988446e-17  1.5133207e-16  -1.0840014e-16  -5.9139319e-16  6.1780388e-16  -5.7447267e-16  -3.7390983e-16  1.0000000   5.9614268e-16  -6.4474087e-17  8.1968716e-16  1.0005048e-15  -1.4914299e-16  1.2586258e-16  2.4882749e-16  5.6838295e-16  -6.5159075e-17  -9.7293109e-17  -7.5925017e-17  2.6462354e-16  1.2933677e-16  -1.6942694e-16  8.1796198e-16  -3.4524322e-16  -5.3434159e-17  2.9873367e-16  1.1555463e-16  -1.8004057e-16  -4.1503903e-16  -3.7157737e-16  -2.1708540e-16  -9.1988446e-17  1.5133207e-16  -1.0840014e-16  
4.0398507e-16  -6.9937112e-17  1.0415488e-16  8.2228641e-16  5.9614268e-16  1.0000000   -3.8462955e-16  2.6129999e-16  4.6703013e-16  -2.6062536e-16  -2.7983619e-16  -5.4078865e-16  -1.3910357e-17  -4.1700611e-16  5.0701656e-16  -4.7410923e-16  -1.1884311e-16  5.3303014e-16  -9.3371526e-17  1.1439956e-16  -6.7062301e-16  -1.5069807e-15  1.3155531e-15  -3.5206797e-16  5.5188753e-16  7.7339196e-16  1.6332480e-16  -7.5063720e-16  2.2182309e-16  -4.9623201e-16  -6.2772204e-16  4.0398507e-16  -6.9937112e-17  1.0415488e-16  8.2228641e-16  5.9614268e-16  1.0000000   -3.8462955e-16  2.6129999e-16  4.6703013e-16  -2.6062536e-16  -2.7983619e-16  -5.4078865e-16  -1.3910357e-17  -4.1700611e-16  5.0701656e-16  -4.7410923e-16  -1.1884311e-16  5.3303014e-16  -9.3371526e-17  1.1439956e-16  -6.7062301e-16  -1.5069807e-15  1.3155531e-15  -3.5206797e-16  5.5188753e-16  7.7339196e-16  1.6332480e-16  -7.5063720e-16  2.2182309e-16  -4.9623201e-16  -6.2772204e-16  
3.2759954e-16  2.2559205e-16  2.9131239e-16  -3.3216555e-16  -6.4474087e-17  -3.8462955e-16  1.0000000   4.4479078e-16  -1.1219298e-16  -3.1519677e-16  -3.3054653e-16  -2.7152181e-16  4.5606702e-16  1.3354712e-16  -2.0089552e-16  3.9648441e-17  -4.2452550e-17  5.8111419e-16  -5.4434369e-16  1.4675406e-16  2.0403953e-17  6.6462489e-16  -4.7734286e-16  3.6245362e-17  5.7321954e-16  2.9259505e-16  3.7900163e-16  -5.9723526e-16  -7.6005272e-17  -6.2146397e-17  7.2119336e-16  3.2759954e-16  2.2559205e-16  2.9131239e-16  -3.3216555e-16  -6.4474087e-17  -3.8462955e-16  1.0000000   4.4479078e-16  -1.1219298e-16  -3.1519677e-16  -3.3054653e-16  -2.7152181e-16  4.5606702e-16  1.3354712e-16  -2.0089552e-16  3.9648441e-17  -4.2452550e-17  5.8111419e-16  -5.4434369e-16  1.4675406e-16  2.0403953e-17  6.6462489e-16  -4.7734286e-16  3.6245362e-17  5.7321954e-16  2.9259505e-16  3.7900163e-16  -5.9723526e-16  -7.6005272e-17  -6.2146397e-17  7.2119336e-16  
-4.5940900e-16  -8.3616518e-17  -5.8898273e-16  -5.3299297e-17  8.1968716e-16  2.6129999e-16  4.4479078e-16  1.0000000   2.5814676e-16  3.5888566e-16  -5.9815204e-16  3.6070431e-16  6.0244819e-16  -3.8656797e-17  3.5136163e-16  -1.1964997e-15  5.1231264e-17  1.0398307e-15  3.6731431e-16  8.4062528e-17  -3.4685584e-17  -8.3911466e-16  5.0756436e-16  -4.5183202e-16  5.8521540e-16  -4.2303431e-16  -3.4285198e-16  -9.5782836e-17  -3.9521626e-16  2.9603978e-16  7.1374606e-17  -4.5940900e-16  -8.3616518e-17  -5.8898273e-16  -5.3299297e-17  8.1968716e-16  2.6129999e-16  4.4479078e-16  1.0000000   2.5814676e-16  3.5888566e-16  -5.9815204e-16  3.6070431e-16  6.0244819e-16  -3.8656797e-17  3.5136163e-16  -1.1964997e-15  5.1231264e-17  1.0398307e-15  3.6731431e-16  8.4062528e-17  -3.4685584e-17  -8.3911466e-16  5.0756436e-16  -4.5183202e-16  5.8521540e-16  -4.2303431e-16  -3.4285198e-16  -9.5782836e-17  -3.9521626e-16  2.9603978e-16  7.1374606e-17  
-6.3741168e-17  5.1312553e-16  1.3508443e-15  -3.2706424e-16  1.0005048e-15  4.6703013e-16  -1.1219298e-16  2.5814676e-16  1.0000000   1.6216463e-16  1.3909572e-16  -3.7234451e-16  9.2311614e-17  3.0276911e-17  3.3010543e-16  -9.6720424e-16  2.3670940e-16  -1.7526553e-16  3.4096997e-16  -1.0825542e-15  3.7231483e-16  -1.6655389e-16  9.7509611e-16  8.6305922e-17  1.4159944e-16  -4.9193876e-16  -1.0736875e-16  2.7850303e-16  -1.4419887e-16  4.4490763e-17  -4.4561695e-16  -6.3741168e-17  5.1312553e-16  1.3508443e-15  -3.2706424e-16  1.0005048e-15  4.6703013e-16  -1.1219298e-16  2.5814676e-16  1.0000000   1.6216463e-16  1.3909572e-16  -3.7234451e-16  9.2311614e-17  3.0276911e-17  3.3010543e-16  -9.6720424e-16  2.3670940e-16  -1.7526553e-16  3.4096997e-16  -1.0825542e-15  3.7231483e-16  -1.6655389e-16  9.7509611e-16  8.6305922e-17  1.4159944e-16  -4.9193876e-16  -1.0736875e-16  2.7850303e-16  -1.4419887e-16  4.4490763e-17  -4.4561695e-16  
7.9712593e-16  -7.1025815e-17  -4.8380980e-16  -1.1931203e-16  -1.4914299e-16  -2.6062536e-16  -3.1519677e-16  3.5888566e-16  1.6216463e-16  1.0000000   -1.5828439e-16  2.3223815e-16  1.5160921e-16  5.3078229e-16  -2.1797944e-16  1.4358052e-17  3.9339162e-16  5.0715701e-18  1.0009405e-16  7.3823535e-16  -2.4316475e-16  -1.3452144e-17  9.0462196e-16  7.9537194e-17  -1.3012326e-16  -3.0574247e-16  5.0731158e-16  2.1927799e-16  -2.4994254e-16  3.9423266e-16  4.2865507e-17  7.9712593e-16  -7.1025815e-17  -4.8380980e-16  -1.1931203e-16  -1.4914299e-16  -2.6062536e-16  -3.1519677e-16  3.5888566e-16  1.6216463e-16  1.0000000   -1.5828439e-16  2.3223815e-16  1.5160921e-16  5.3078229e-16  -2.1797944e-16  1.4358052e-17  3.9339162e-16  5.0715701e-18  1.0009405e-16  7.3823535e-16  -2.4316475e-16  -1.3452144e-17  9.0462196e-16  7.9537194e-17  -1.3012326e-16  -3.0574247e-16  5.0731158e-16  2.1927799e-16  -2.4994254e-16  3.9423266e-16  4.2865507e-17  
