1.0000000   3.6832364e-16  6.2063386e-16  -7.9591084e-17  2.5999161e-16  4.1116023e-16  1.0091370e-16  -1.9031619e-17  -8.9587035e-18  6.2245985e-17  3.5154027e-16  2.1309754e-16  -5.0329398e-16  5.4318003e-16  3.2786235e-16  6.4685120e-16  4.6459738e-17  7.7543970e-16  -1.7669175e-16  -3.7397941e-16  1.3414150e-16  1.2398854e-16  -1.2967568e-16  -3.3993738e-16  -2.7873510e-16  8.9601478e-18  -8.3991416e-17  -6.8372500e-17  -1.0072426e-16  -1.7162689e-16  2.9061742e-16  1.0000000   3.6832364e-16  6.2063386e-16  -7.9591084e-17  2.5999161e-16  4.1116023e-16  1.0091370e-16  -1.9031619e-17  -8.9587035e-18  6.2245985e-17  3.5154027e-16  2.1309754e-16  -5.0329398e-16  5.4318003e-16  3.2786235e-16  6.4685120e-16  4.6459738e-17  7.7543970e-16  -1.7669175e-16  -3.7397941e-16  1.3414150e-16  1.2398854e-16  -1.2967568e-16  -3.3993738e-16  -2.7873510e-16  8.9601478e-18  -8.3991416e-17  -6.8372500e-17  -1.0072426e-16  -1.7162689e-16  2.9061742e-16  
3.6832364e-16  1.0000000   -7.0600263e-16  4.7122838e-16  -9.5024491e-16  -1.0110433e-16  -1.9365954e-16  1.0593229e-16  -1.0717544e-15  4.7541039e-16  6.8246553e-16  -5.4872740e-16  5.3374922e-16  -4.1053013e-16  -4.2245948e-16  6.0293017e-16  1.3962169e-16  -4.7530033e-16  2.7034984e-16  5.2223687e-16  -1.2898049e-17  -2.8892670e-16  -5.3140820e-16  1.2171190e-15  6.7205773e-16  -2.4945643e-17  -2.9233548e-16  -7.5567884e-16  4.8561420e-16  9.6229861e-16  1.4798958e-16  3.6832364e-16  1.0000000   -7.0600263e-16  4.7122838e-16  -9.5024491e-16  -1.0110433e-16  -1.9365954e-16  1.0593229e-16  -1.0717544e-15  4.7541039e-16  6.8246553e-16  -5.4872740e-16  5.3374922e-16  -4.1053013e-16  -4.2245948e-16  6.0293017e-16  1.3962169e-16  -4.7530033e-16  2.7034984e-16  5.2223687e-16  -1.2898049e-17  -2.8892670e-16  -5.3140820e-16  1.2171190e-15  6.7205773e-16  -2.4945643e-17  -2.9233548e-16  -7.5567884e-16  4.8561420e-16  9.6229861e-16  1.4798958e-16  
6.2063386e-16  -7.0600263e-16  1.0000000   -5.1708512e-16  -5.3142585e-16  1.8817431e-16  -3.0042131e-16  -2.3972960e-18  7.2755791e-16  4.0239015e-16  2.5156611e-16  1.0721389e-16  5.8971537e-16  -5.1948203e-16  -6.5639879e-17  7.5337410e-16  6.0099367e-16  -4.1581292e-16  4.0539030e-17  6.5837191e-17  -6.1150630e-16  -5.8213647e-16  -1.4356625e-16  -3.2186493e-16  -3.8429141e-16  -6.4134006e-17  1.0521366e-16  6.3309526e-16  -4.1762217e-16  5.2551269e-16  2.8818792e-16  6.2063386e-16  -7.0600263e-16  1.0000000   -5.1708512e-16  -5.3142585e-16  1.8817431e-16  -3.0042131e-16  -2.3972960e-18  7.2755791e-16  4.0239015e-16  2.5156611e-16  1.0721389e-16  5.8971537e-16  -5.1948203e-16  -6.5639879e-17  7.5337410e-16  6.0099367e-16  -4.1581292e-16  4.0539030e-17  6.5837191e-17  -6.1150630e-16  -5.8213647e-16  -1.4356625e-16  -3.2186493e-16  -3.8429141e-16  -6.4134006e-17  1.0521366e-16  6.3309526e-16  -4.1762217e-16  5.2551269e-16  2.8818792e-16  
-7.9591084e-17  4.7122838e-16  -5.1708512e-16  1.0000000   -9.8031967e-16  -2.8305183e-16  -9.7455096e-17  -8.0481659e-16  -7.0774821e-17  2.4315621e-16  -1.4071322e-16  1.5079420e-16  3.5695300e-16  -1.9773315e-16  -1.2563901e-16  2.8995697e-16  1.4064679e-16  2.5738560e-16  4.5372087e-16  -5.5933400e-16  -2.8499760e-16  -2.3043644e-16  2.9924717e-16  2.2151013e-17  2.8412380e-16  -7.0460925e-16  1.5285621e-16  1.2708274e-16  3.3900786e-16  -6.3157909e-16  3.3629954e-18  -7.9591084e-17  4.7122838e-16  -5.1708512e-16  1.0000000   -9.8031967e-16  -2.8305183e-16  -9.7455096e-17  -8.0481659e-16  -7.0774821e-17  2.4315621e-16  -1.4071322e-16  1.5079420e-16  3.5695300e-16  -1.9773315e-16  -1.2563901e-16  2.8995697e-16  1.4064679e-16  2.5738560e-16  4.5372087e-16  -5.5933400e-16  -2.8499760e-16  -2.3043644e-16  2.9924717e-16  2.2151013e-17  2.8412380e-16  -7.0460925e-16  1.5285621e-16  1.2708274e-16  3.3900786e-16  -6.3157909e-16  3.3629954e-18  
2.5999161e-16  -9.5024491e-16  -5.3142585e-16  -9.8031967e-16  1.0000000   -5.0245506e-16  -6.8267919e-18  -1.0239437e-15  3.5216153e-16  -5.1512689e-18  7.9734506e-16  3.0552392e-17  3.2937990e-16  4.2359841e-16  -2.3900770e-16  -4.6313869e-16  3.6422424e-16  -5.7769311e-16  4.2057827e-16  2.4258050e-16  2.8666788e-16  -3.0694012e-16  -6.5646028e-16  1.4688847e-16  1.3644162e-15  4.7801393e-17  -8.1124863e-16  3.4798868e-16  3.7209500e-16  -2.5164469e-16  -3.4755528e-16  2.5999161e-16  -9.5024491e-16  -5.3142585e-16  -9.8031967e-16  1.0000000   -5.0245506e-16  -6.8267919e-18  -1.0239437e-15  3.5216153e-16  -5.1512689e-18  7.9734506e-16  3.0552392e-17  3.2937990e-16  4.2359841e-16  -2.3900770e-16  -4.6313869e-16  3.6422424e-16  -5.7769311e-16  4.2057827e-16  2.4258050e-16  2.8666788e-16  -3.0694012e-16  -6.5646028e-16  1.4688847e-16  1.3644162e-15  4.7801393e-17  -8.1124863e-16  3.4798868e-16  3.7209500e-16  -2.5164469e-16  -3.4755528e-16  
4.1116023e-16  -1.0110433e-16  1.8817431e-16  -2.8305183e-16  -5.0245506e-16  1.0000000   -6.0212865e-16  -1.2173288e-16  -4.4279010e-16  -4.1403465e-16  -3.0438163e-16  3.7321652e-16  1.9127946e-16  -5.6507381e-17  1.2796464e-17  -2.0872533e-16  -6.9342526e-16  -8.1447231e-17  -8.5791070e-17  2.6018160e-16  -1.3222136e-16  2.3243707e-16  2.8352901e-16  4.1102401e-16  1.1943378e-15  9.9367129e-16  -6.0386501e-19  -2.9100718e-16  5.2905390e-16  9.0857406e-17  6.3856300e-16  4.1116023e-16  -1.0110433e-16  1.8817431e-16  -2.8305183e-16  -5.0245506e-16  1.0000000   -6.0212865e-16  -1.2173288e-16  -4.4279010e-16  -4.1403465e-16  -3.0438163e-16  3.7321652e-16  1.9127946e-16  -5.6507381e-17  1.2796464e-17  -2.0872533e-16  -6.9342526e-16  -8.1447231e-17  -8.5791070e-17  2.6018160e-16  -1.3222136e-16  2.3243707e-16  2.8352901e-16  4.1102401e-16  1.1943378e-15  9.9367129e-16  -6.0386501e-19  -2.9100718e-16  5.2905390e-16  9.0857406e-17  6.3856300e-16  
1.0091370e-16  -1.9365954e-16  -3.0042131e-16  -9.7455096e-17  -6.8267919e-18  -6.0212865e-16  1.0000000   -4.8704504e-16  4.4668572e-16  1.8292821e-16  2.6500447e-17  -1.3600414e-15  5.1789349e-16  3.5091087e-16  -3.6405016e-16  -1.9878404e-16  -9.8917843e-16  3.0298311e-16  2.8474152e-16  6.7564815e-16  4.6661849e-16  4.8128175e-17  5.4848037e-16  4.2815444e-17  3.4586021e-16  4.5758808e-16  -3.0043120e-16  -2.5671757e-16  -1.7824126e-17  -3.3908851e-16  1.0189572e-15  1.0091370e-16  -1.9365954e-16  -3.0042131e-16  -9.7455096e-17  -6.8267919e-18  -6.0212865e-16  1.0000000   -4.8704504e-16  4.4668572e-16  1.8292821e-16  2.6500447e-17  -1.3600414e-15  5.1789349e-16  3.5091087e-16  -3.6405016e-16  -1.9878404e-16  -9.8917843e-16  3.0298311e-16  2.8474152e-16  6.7564815e-16  4.6661849e-16  4.8128175e-17  5.4848037e-16  4.2815444e-17  3.4586021e-16  4.5758808e-16  -3.0043120e-16  -2.5671757e-16  -1.7824126e-17  -3.3908851e-16  1.0189572e-15  
-1.9031619e-17  1.0593229e-16  -2.3972960e-18  -8.0481659e-16  -1.0239437e-15  -1.2173288e-16  -4.8704504e-16  1.0000000   -5.3593096e-16  -5.5968438e-16  3.7504606e-16  -3.6210791e-18  5.1939779e-16  6.1306121e-17  -2.8937591e-16  -5.3888493e-17  -3.6961600e-16  -1.7427951e-16  3.6379508e-16  -7.0748633e-16  4.2091060e-16  4.3016251e-17  7.7070362e-16  -4.1878655e-16  2.5326523e-16  -6.0324967e-18  8.5460330e-18  -9.5506876e-17  -3.2165961e-16  -1.9809214e-16  -4.8490144e-16  -1.9031619e-17  1.0593229e-16  -2.3972960e-18  -8.0481659e-16  -1.0239437e-15  -1.2173288e-16  -4.8704504e-16  1.0000000   -5.3593096e-16  -5.5968438e-16  3.7504606e-16  -3.6210791e-18  5.1939779e-16  6.1306121e-17  -2.8937591e-16  -5.3888493e-17  -3.6961600e-16  -1.7427951e-16  3.6379508e-16  -7.0748633e-16  4.2091060e-16  4.3016251e-17  7.7070362e-16  -4.1878655e-16  2.5326523e-16  -6.0324967e-18  8.5460330e-18  -9.5506876e-17  -3.2165961e-16  -1.9809214e-16  -4.8490144e-16  
-8.9587035e-18  -1.0717544e-15  7.2755791e-16  -7.0774821e-17  3.5216153e-16  -4.4279010e-16  4.4668572e-16  -5.3593096e-16  1.0000000   2.7125642e-16  -1.7561091e-16  -4.8562933e-17  -6.7673691e-16  -4.4284068e-16  -2.3532362e-18  -1.0404854e-16  -5.4010120e-16  1.6685704e-16  1.3536387e-16  2.8270183e-16  -2.4928841e-17  1.5188129e-16  -4.0072748e-16  -2.3450616e-16  -4.5795420e-16  -2.4173534e-16  6.6692738e-16  -6.8962345e-18  3.3477139e-16  1.3143331e-15  9.7167148e-16  -8.9587035e-18  -1.0717544e-15  7.2755791e-16  -7.0774821e-17  3.5216153e-16  -4.4279010e-16  4.4668572e-16  -5.3593096e-16  1.0000000   2.7125642e-16  -1.7561091e-16  -4.8562933e-17  -6.7673691e-16  -4.4284068e-16  -2.3532362e-18  -1.0404854e-16  -5.4010120e-16  1.6685704e-16  1.3536387e-16  2.8270183e-16  -2.4928841e-17  1.5188129e-16  -4.0072748e-16  -2.3450616e-16  -4.5795420e-16  -2.4173534e-16  6.6692738e-16  -6.8962345e-18  3.3477139e-16  1.3143331e-15  9.7167148e-16  
6.2245985e-17  4.7541039e-16  4.0239015e-16  2.4315621e-16  -5.1512689e-18  -4.1403465e-16  1.8292821e-16  -5.5968438e-16  2.7125642e-16  1.0000000   1.9164480e-16  -8.8970178e-16  -8.6367819e-16  8.1298070e-17  -1.4993678e-16  9.4835765e-17  7.0026795e-16  1.9718604e-16  1.9611984e-16  2.8098209e-16  7.2415724e-16  8.1443271e-16  -7.6488535e-16  6.1970751e-16  2.2541672e-16  -1.6857429e-16  -9.7187247e-17  4.0080061e-16  9.1655070e-16  4.2027279e-16  2.8314605e-16  6.2245985e-17  4.7541039e-16  4.0239015e-16  2.4315621e-16  -5.1512689e-18  -4.1403465e-16  1.8292821e-16  -5.5968438e-16  2.7125642e-16  1.0000000   1.9164480e-16  -8.8970178e-16  -8.6367819e-16  8.1298070e-17  -1.4993678e-16  9.4835765e-17  7.0026795e-16  1.9718604e-16  1.9611984e-16  2.8098209e-16  7.2415724e-16  8.1443271e-16  -7.6488535e-16  6.1970751e-16  2.2541672e-16  -1.6857429e-16  -9.7187247e-17  4.0080061e-16  9.1655070e-16  4.2027279e-16  2.8314605e-16  
3.5154027e-16  6.8246553e-16  2.5156611e-16  -1.4071322e-16  7.9734506e-16  -3.0438163e-16  2.6500447e-17  3.7504606e-16  -1.7561091e-16  1.9164480e-16  1.0000000   1.0812704e-16  -2.1338679e-16  -4.4714282e-17  -6.2757316e-16  -5.8440529e-17  -4.5386817e-16  -2.7460872e-16  -3.3486217e-17  -1.8745283e-16  2.6934859e-17  3.3279760e-17  -4.7211071e-16  -2.7778815e-16  -6.7621286e-16  2.9733722e-16  8.3835175e-16  -1.6249345e-16  -5.6095753e-16  -2.8546956e-17  -3.5952325e-16  3.5154027e-16  6.8246553e-16  2.5156611e-16  -1.4071322e-16  7.9734506e-16  -3.0438163e-16  2.6500447e-17  3.7504606e-16  -1.7561091e-16  1.9164480e-16  1.0000000   1.0812704e-16  -2.1338679e-16  -4.4714282e-17  -6.2757316e-16  -5.8440529e-17  -4.5386817e-16  -2.7460872e-16  -3.3486217e-17  -1.8745283e-16  2.6934859e-17  3.3279760e-17  -4.7211071e-16  -2.7778815e-16  -6.7621286e-16  2.9733722e-16  8.3835175e-16  -1.6249345e-16  -5.6095753e-16  -2.8546956e-17  -3.5952325e-16  
2.1309754e-16  -5.4872740e-16  1.0721389e-16  1.5079420e-16  3.0552392e-17  3.7321652e-16  -1.3600414e-15  -3.6210791e-18  -4.8562933e-17  -8.8970178e-16  1.0812704e-16  1.0000000   4.3867499e-16  -4.4493450e-16  -2.2724134e-16  4.4466499e-16  -2.2124749e-16  -5.7483645e-16  1.2226387e-16  -3.6728880e-16  1.7028955e-16  -2.9612413e-16  -3.8643085e-16  6.2032801e-16  3.5611834e-16  4.3802572e-16  -2.9008774e-16  -4.3394733e-16  -2.3284994e-16  -1.6772012e-16  -6.4242222e-16  2.1309754e-16  -5.4872740e-16  1.0721389e-16  1.5079420e-16  3.0552392e-17  3.7321652e-16  -1.3600414e-15  -3.6210791e-18  -4.8562933e-17  -8.8970178e-16  1.0812704e-16  1.0000000   4.3867499e-16  -4.4493450e-16  -2.2724134e-16  4.4466499e-16  -2.2124749e-16  -5.7483645e-16  1.2226387e-16  -3.6728880e-16  1.7028955e-16  -2.9612413e-16  -3.8643085e-16  6.2032801e-16  3.5611834e-16  4.3802572e-16  -2.9008774e-16  -4.3394733e-16  -2.3284994e-16  -1.6772012e-16  -6.4242222e-16  
-5.0329398e-16  5.3374922e-16  5.8971537e-16  3.5695300e-16  3.2937990e-16  1.9127946e-16  5.1789349e-16  5.1939779e-16  -6.7673691e-16  -8.6367819e-16  -2.1338679e-16  4.3867499e-16  1.0000000   6.6700792e-16  -2.5029435e-16  -7.0747499e-16  -8.5316123e-16  -1.1276085e-16  1.3439224e-16  -2.9014584e-16  -7.0386876e-17  4.4471126e-16  6.5446512e-16  1.5154101e-16  3.7395624e-16  2.7489707e-16  -4.2328605e-17  1.7757473e-17  2.9954676e-16  1.9974086e-16  -6.3076530e-16  -5.0329398e-16  5.3374922e-16  5.8971537e-16  3.5695300e-16  3.2937990e-16  1.9127946e-16  5.1789349e-16  5.1939779e-16  -6.7673691e-16  -8.6367819e-16  -2.1338679e-16  4.3867499e-16  1.0000000   6.6700792e-16  -2.5029435e-16  -7.0747499e-16  -8.5316123e-16  -1.1276085e-16  1.3439224e-16  -2.9014584e-16  -7.0386876e-17  4.4471126e-16  6.5446512e-16  1.5154101e-16  3.7395624e-16  2.7489707e-16  -4.2328605e-17  1.7757473e-17  2.9954676e-16  1.9974086e-16  -6.3076530e-16  
5.4318003e-16  -4.1053013e-16  -5.1948203e-16  -1.9773315e-16  4.2359841e-16  -5.6507381e-17  3.5091087e-16  6.1306121e-17  -4.4284068e-16  8.1298070e-17  -4.4714282e-17  -4.4493450e-16  6.6700792e-16  1.0000000   -6.5414154e-16  -2.1559720e-16  -4.1552485e-16  8.6906635e-16  1.0111147e-15  4.2912710e-16  2.1715636e-16  -1.3283964e-16  4.4679195e-16  -3.7551354e-16  1.3862186e-16  6.1526577e-16  -2.3803145e-16  -3.0173355e-16  7.2663853e-16  -3.2364699e-16  -3.4380157e-16  5.4318003e-16  -4.1053013e-16  -5.1948203e-16  -1.9773315e-16  4.2359841e-16  -5.6507381e-17  3.5091087e-16  6.1306121e-17  -4.4284068e-16  8.1298070e-17  -4.4714282e-17  -4.4493450e-16  6.6700792e-16  1.0000000   -6.5414154e-16  -2.1559720e-16  -4.1552485e-16  8.6906635e-16  1.0111147e-15  4.2912710e-16  2.1715636e-16  -1.3283964e-16  4.4679195e-16  -3.7551354e-16  1.3862186e-16  6.1526577e-16  -2.3803145e-16  -3.0173355e-16  7.2663853e-16  -3.2364699e-16  -3.4380157e-16  
3.2786235e-16  -4.2245948e-16  -6.5639879e-17  -1.2563901e-16  -2.3900770e-16  1.2796464e-17  -3.6405016e-16  -2.8937591e-16  -2.3532362e-18  -1.4993678e-16  -6.2757316e-16  -2.2724134e-16  -2.5029435e-16  -6.5414154e-16  1.0000000   -5.1478229e-17  4.2824149e-16  -8.7073762e-16  -1.1475052e-16  -2.2338821e-16  -5.4903372e-16  2.9329843e-16  4.2010369e-16  2.0201415e-16  -2.1232563e-16  8.7199918e-17  9.7360717e-16  -7.5464227e-17  5.3438814e-16  2.0623175e-16  5.4304829e-16  3.2786235e-16  -4.2245948e-16  -6.5639879e-17  -1.2563901e-16  -2.3900770e-16  1.2796464e-17  -3.6405016e-16  -2.8937591e-16  -2.3532362e-18  -1.4993678e-16  -6.2757316e-16  -2.2724134e-16  -2.5029435e-16  -6.5414154e-16  1.0000000   -5.1478229e-17  4.2824149e-16  -8.7073762e-16  -1.1475052e-16  -2.2338821e-16  -5.4903372e-16  2.9329843e-16  4.2010369e-16  2.0201415e-16  -2.1232563e-16  8.7199918e-17  9.7360717e-16  -7.5464227e-17  5.3438814e-16  2.0623175e-16  5.4304829e-16  
6.4685120e-16  6.0293017e-16  7.5337410e-16  2.8995697e-16  -4.6313869e-16  -2.0872533e-16  -1.9878404e-16  -5.3888493e-17  -1.0404854e-16  9.4835765e-17  -5.8440529e-17  4.4466499e-16  -7.0747499e-16  -2.1559720e-16  -5.1478229e-17  1.0000000   -5.1601291e-16  2.0189392e-16  -2.4289096e-16  -2.0598906e-16  -2.0000548e-16  7.2630561e-18  1.0878575e-16  -1.1819270e-16  1.2414646e-15  -3.9232271e-16  3.0609662e-16  -4.7700245e-17  -1.8288211e-16  2.2137437e-16  1.8540175e-17  6.4685120e-16  6.0293017e-16  7.5337410e-16  2.8995697e-16  -4.6313869e-16  -2.0872533e-16  -1.9878404e-16  -5.3888493e-17  -1.0404854e-16  9.4835765e-17  -5.8440529e-17  4.4466499e-16  -7.0747499e-16  -2.1559720e-16  -5.1478229e-17  1.0000000   -5.1601291e-16  2.0189392e-16  -2.4289096e-16  -2.0598906e-16  -2.0000548e-16  7.2630561e-18  1.0878575e-16  -1.1819270e-16  1.2414646e-15  -3.9232271e-16  3.0609662e-16  -4.7700245e-17  -1.8288211e-16  2.2137437e-16  1.8540175e-17  
4.6459738e-17  1.3962169e-16  6.0099367e-16  1.4064679e-16  3.6422424e-16  -6.9342526e-16  -9.8917843e-16  -3.6961600e-16  -5.4010120e-16  7.0026795e-16  -4.5386817e-16  -2.2124749e-16  -8.5316123e-16  -4.1552485e-16  4.2824149e-16  -5.1601291e-16  1.0000000   3.5014122e-16  -4.9315389e-16  -4.1755289e-16  8.6233800e-16  -8.3416174e-16  4.5572931e-16  -2.7899710e-17  -4.1604866e-16  -7.2355808e-16  3.3554353e-16  1.0790836e-16  3.2754646e-16  4.8498583e-16  4.5131817e-16  4.6459738e-17  1.3962169e-16  6.0099367e-16  1.4064679e-16  3.6422424e-16  -6.9342526e-16  -9.8917843e-16  -3.6961600e-16  -5.4010120e-16  7.0026795e-16  -4.5386817e-16  -2.2124749e-16  -8.5316123e-16  -4.1552485e-16  4.2824149e-16  -5.1601291e-16  1.0000000   3.5014122e-16  -4.9315389e-16  -4.1755289e-16  8.6233800e-16  -8.3416174e-16  4.5572931e-16  -2.7899710e-17  -4.1604866e-16  -7.2355808e-16  3.3554353e-16  1.0790836e-16  3.2754646e-16  4.8498583e-16  4.5131817e-16  
7.7543970e-16  -4.7530033e-16  -4.1581292e-16  2.5738560e-16  -5.7769311e-16  -8.1447231e-17  3.0298311e-16  -1.7427951e-16  1.6685704e-16  1.9718604e-16  -2.7460872e-16  -5.7483645e-16  -1.1276085e-16  8.6906635e-16  -8.7073762e-16  2.0189392e-16  3.5014122e-16  1.0000000   -3.7944550e-16  4.1098649e-16  6.7728983e-17  -3.9850767e-16  9.4838088e-16  5.4734919e-16  1.0679119e-15  5.3113155e-17  5.5960804e-16  6.0105854e-16  -5.6410713e-17  6.0237117e-16  1.1208653e-15  7.7543970e-16  -4.7530033e-16  -4.1581292e-16  2.5738560e-16  -5.7769311e-16  -8.1447231e-17  3.0298311e-16  -1.7427951e-16  1.6685704e-16  1.9718604e-16  -2.7460872e-16  -5.7483645e-16  -1.1276085e-16  8.6906635e-16  -8.7073762e-16  2.0189392e-16  3.5014122e-16  1.0000000   -3.7944550e-16  4.1098649e-16  6.7728983e-17  -3.9850767e-16  9.4838088e-16  5.4734919e-16  1.0679119e-15  5.3113155e-17  5.5960804e-16  6.0105854e-16  -5.6410713e-17  6.0237117e-16  1.1208653e-15  
-1.7669175e-16  2.7034984e-16  4.0539030e-17  4.5372087e-16  4.2057827e-16  -8.5791070e-17  2.8474152e-16  3.6379508e-16  1.3536387e-16  1.9611984e-16  -3.3486217e-17  1.2226387e-16  1.3439224e-16  1.0111147e-15  -1.1475052e-16  -2.4289096e-16  -4.9315389e-16  -3.7944550e-16  1.0000000   1.6018917e-16  -5.7282135e-17  4.6416585e-17  4.5470268e-16  -7.6613186e-16  6.6498850e-16  -8.9675107e-17  -8.4879147e-17  4.7364166e-16  8.1462302e-17  -4.8158315e-16  1.8216322e-16  -1.7669175e-16  2.7034984e-16  4.0539030e-17  4.5372087e-16  4.2057827e-16  -8.5791070e-17  2.8474152e-16  3.6379508e-16  1.3536387e-16  1.9611984e-16  -3.3486217e-17  1.2226387e-16  1.3439224e-16  1.0111147e-15  -1.1475052e-16  -2.4289096e-16  -4.9315389e-16  -3.7944550e-16  1.0000000   1.6018917e-16  -5.7282135e-17  4.6416585e-17  4.5470268e-16  -7.6613186e-16  6.6498850e-16  -8.9675107e-17  -8.4879147e-17  4.7364166e-16  8.1462302e-17  -4.8158315e-16  1.8216322e-16  
-3.7397941e-16  5.2223687e-16  6.5837191e-17  -5.5933400e-16  2.4258050e-16  2.6018160e-16  6.7564815e-16  -7.0748633e-16  2.8270183e-16  2.8098209e-16  -1.8745283e-16  -3.6728880e-16  -2.9014584e-16  4.2912710e-16  -2.2338821e-16  -2.0598906e-16  -4.1755289e-16  4.1098649e-16  1.6018917e-16  1.0000000   2.0648272e-16  2.0217352e-16  -3.1394485e-16  -2.9067086e-16  -3.5764178e-16  -3.3672551e-16  3.0291202e-17  2.3172948e-16  -1.1583446e-16  3.6028043e-16  2.1425167e-16  -3.7397941e-16  5.2223687e-16  6.5837191e-17  -5.5933400e-16  2.4258050e-16  2.6018160e-16  6.7564815e-16  -7.0748633e-16  2.8270183e-16  2.8098209e-16  -1.8745283e-16  -3.6728880e-16  -2.9014584e-16  4.2912710e-16  -2.2338821e-16  -2.0598906e-16  -4.1755289e-16  4.1098649e-16  1.6018917e-16  1.0000000   2.0648272e-16  2.0217352e-16  -3.1394485e-16  -2.9067086e-16  -3.5764178e-16  -3.3672551e-16  3.0291202e-17  2.3172948e-16  -1.1583446e-16  3.6028043e-16  2.1425167e-16  
1.3414150e-16  -1.2898049e-17  -6.1150630e-16  -2.8499760e-16  2.8666788e-16  -1.3222136e-16  4.6661849e-16  4.2091060e-16  -2.4928841e-17  7.2415724e-16  2.6934859e-17  1.7028955e-16  -7.0386876e-17  2.1715636e-16  -5.4903372e-16  -2.0000548e-16  8.6233800e-16  6.7728983e-17  -5.7282135e-17  2.0648272e-16  1.0000000   5.8070760e-16  -4.3174481e-16  1.5460974e-16  2.9047875e-16  1.9728947e-16  -7.3301734e-16  1.3483213e-16  2.2855723e-16  7.3991605e-17  -1.6265880e-16  1.3414150e-16  -1.2898049e-17  -6.1150630e-16  -2.8499760e-16  2.8666788e-16  -1.3222136e-16  4.6661849e-16  4.2091060e-16  -2.4928841e-17  7.2415724e-16  2.6934859e-17  1.7028955e-16  -7.0386876e-17  2.1715636e-16  -5.4903372e-16  -2.0000548e-16  8.6233800e-16  6.7728983e-17  -5.7282135e-17  2.0648272e-16  1.0000000   5.8070760e-16  -4.3174481e-16  1.5460974e-16  2.9047875e-16  1.9728947e-16  -7.3301734e-16  1.3483213e-16  2.2855723e-16  7.3991605e-17  -1.6265880e-16  
1.2398854e-16  -2.8892670e-16  -5.8213647e-16  -2.3043644e-16  -3.0694012e-16  2.3243707e-16  4.8128175e-17  4.3016251e-17  1.5188129e-16  8.1443271e-16  3.3279760e-17  -2.9612413e-16  4.4471126e-16  -1.3283964e-16  2.9329843e-16  7.2630561e-18  -8.3416174e-16  -3.9850767e-16  4.6416585e-17  2.0217352e-16  5.8070760e-16  1.0000000   3.1734685e-18  2.4415582e-16  2.2040214e-17  -3.8030202e-16  -2.6972360e-16  5.5598243e-16  8.1870086e-16  -3.2696924e-17  3.1696771e-17  1.2398854e-16  -2.8892670e-16  -5.8213647e-16  -2.3043644e-16  -3.0694012e-16  2.3243707e-16  4.8128175e-17  4.3016251e-17  1.5188129e-16  8.1443271e-16  3.3279760e-17  -2.9612413e-16  4.4471126e-16  -1.3283964e-16  2.9329843e-16  7.2630561e-18  -8.3416174e-16  -3.9850767e-16  4.6416585e-17  2.0217352e-16  5.8070760e-16  1.0000000   3.1734685e-18  2.4415582e-16  2.2040214e-17  -3.8030202e-16  -2.6972360e-16  5.5598243e-16  8.1870086e-16  -3.2696924e-17  3.1696771e-17  
-1.2967568e-16  -5.3140820e-16  -1.4356625e-16  2.9924717e-16  -6.5646028e-16  2.8352901e-16  5.4848037e-16  7.7070362e-16  -4.0072748e-16  -7.6488535e-16  -4.7211071e-16  -3.8643085e-16  6.5446512e-16  4.4679195e-16  4.2010369e-16  1.0878575e-16  4.5572931e-16  9.4838088e-16  4.5470268e-16  -3.1394485e-16  -4.3174481e-16  3.1734685e-18  1.0000000   4.6048692e-16  -5.3727796e-16  1.7460262e-16  1.0493731e-16  -1.2148653e-16  -6.1939037e-16  1.8923454e-16  -2.6930329e-16  -1.2967568e-16  -5.3140820e-16  -1.4356625e-16  2.9924717e-16  -6.5646028e-16  2.8352901e-16  5.4848037e-16  7.7070362e-16  -4.0072748e-16  -7.6488535e-16  -4.7211071e-16  -3.8643085e-16  6.5446512e-16  4.4679195e-16  4.2010369e-16  1.0878575e-16  4.5572931e-16  9.4838088e-16  4.5470268e-16  -3.1394485e-16  -4.3174481e-16  3.1734685e-18  1.0000000   4.6048692e-16  -5.3727796e-16  1.7460262e-16  1.0493731e-16  -1.2148653e-16  -6.1939037e-16  1.8923454e-16  -2.6930329e-16  
-3.3993738e-16  1.2171190e-15  -3.2186493e-16  2.2151013e-17  1.4688847e-16  4.1102401e-16  4.2815444e-17  -4.1878655e-16  -2.3450616e-16  6.1970751e-16  -2.7778815e-16  6.2032801e-16  1.5154101e-16  -3.7551354e-16  2.0201415e-16  -1.1819270e-16  -2.7899710e-17  5.4734919e-16  -7.6613186e-16  -2.9067086e-16  1.5460974e-16  2.4415582e-16  4.6048692e-16  1.0000000   -7.4577913e-16  -4.9563227e-16  -3.7632888e-16  4.7480309e-16  6.1804660e-16  8.0841561e-16  5.1371097e-16  -3.3993738e-16  1.2171190e-15  -3.2186493e-16  2.2151013e-17  1.4688847e-16  4.1102401e-16  4.2815444e-17  -4.1878655e-16  -2.3450616e-16  6.1970751e-16  -2.7778815e-16  6.2032801e-16  1.5154101e-16  -3.7551354e-16  2.0201415e-16  -1.1819270e-16  -2.7899710e-17  5.4734919e-16  -7.6613186e-16  -2.9067086e-16  1.5460974e-16  2.4415582e-16  4.6048692e-16  1.0000000   -7.4577913e-16  -4.9563227e-16  -3.7632888e-16  4.7480309e-16  6.1804660e-16  8.0841561e-16  5.1371097e-16  
-2.7873510e-16  6.7205773e-16  -3.8429141e-16  2.8412380e-16  1.3644162e-15  1.1943378e-15  3.4586021e-16  2.5326523e-16  -4.5795420e-16  2.2541672e-16  -6.7621286e-16  3.5611834e-16  3.7395624e-16  1.3862186e-16  -2.1232563e-16  1.2414646e-15  -4.1604866e-16  1.0679119e-15  6.6498850e-16  -3.5764178e-16  2.9047875e-16  2.2040214e-17  -5.3727796e-16  -7.4577913e-16  1.0000000   -1.0079632e-16  2.7405368e-16  4.0380377e-16  8.6961878e-16  8.6147896e-17  3.3798488e-16  -2.7873510e-16  6.7205773e-16  -3.8429141e-16  2.8412380e-16  1.3644162e-15  1.1943378e-15  3.4586021e-16  2.5326523e-16  -4.5795420e-16  2.2541672e-16  -6.7621286e-16  3.5611834e-16  3.7395624e-16  1.3862186e-16  -2.1232563e-16  1.2414646e-15  -4.1604866e-16  1.0679119e-15  6.6498850e-16  -3.5764178e-16  2.9047875e-16  2.2040214e-17  -5.3727796e-16  -7.4577913e-16  1.0000000   -1.0079632e-16  2.7405368e-16  4.0380377e-16  8.6961878e-16  8.6147896e-17  3.3798488e-16  
8.9601478e-18  -2.4945643e-17  -6.4134006e-17  -7.0460925e-16  4.7801393e-17  9.9367129e-16  4.5758808e-16  -6.0324967e-18  -2.4173534e-16  -1.6857429e-16  2.9733722e-16  4.3802572e-16  2.7489707e-16  6.1526577e-16  8.7199918e-17  -3.9232271e-16  -7.2355808e-16  5.3113155e-17  -8.9675107e-17  -3.3672551e-16  1.9728947e-16  -3.8030202e-16  1.7460262e-16  -4.9563227e-16  -1.0079632e-16  1.0000000   -1.9583860e-16  5.0020160e-16  3.3338469e-16  -1.0405356e-15  -4.3238488e-16  8.9601478e-18  -2.4945643e-17  -6.4134006e-17  -7.0460925e-16  4.7801393e-17  9.9367129e-16  4.5758808e-16  -6.0324967e-18  -2.4173534e-16  -1.6857429e-16  2.9733722e-16  4.3802572e-16  2.7489707e-16  6.1526577e-16  8.7199918e-17  -3.9232271e-16  -7.2355808e-16  5.3113155e-17  -8.9675107e-17  -3.3672551e-16  1.9728947e-16  -3.8030202e-16  1.7460262e-16  -4.9563227e-16  -1.0079632e-16  1.0000000   -1.9583860e-16  5.0020160e-16  3.3338469e-16  -1.0405356e-15  -4.3238488e-16  
-8.3991416e-17  -2.9233548e-16  1.0521366e-16  1.5285621e-16  -8.1124863e-16  -6.0386501e-19  -3.0043120e-16  8.5460330e-18  6.6692738e-16  -9.7187247e-17  8.3835175e-16  -2.9008774e-16  -4.2328605e-17  -2.3803145e-16  9.7360717e-16  3.0609662e-16  3.3554353e-16  5.5960804e-16  -8.4879147e-17  3.0291202e-17  -7.3301734e-16  -2.6972360e-16  1.0493731e-16  -3.7632888e-16  2.7405368e-16  -1.9583860e-16  1.0000000   -9.3252974e-17  -8.9201405e-16  -4.1930364e-16  -2.2668820e-16  -8.3991416e-17  -2.9233548e-16  1.0521366e-16  1.5285621e-16  -8.1124863e-16  -6.0386501e-19  -3.0043120e-16  8.5460330e-18  6.6692738e-16  -9.7187247e-17  8.3835175e-16  -2.9008774e-16  -4.2328605e-17  -2.3803145e-16  9.7360717e-16  3.0609662e-16  3.3554353e-16  5.5960804e-16  -8.4879147e-17  3.0291202e-17  -7.3301734e-16  -2.6972360e-16  1.0493731e-16  -3.7632888e-16  2.7405368e-16  -1.9583860e-16  1.0000000   -9.3252974e-17  -8.9201405e-16  -4.1930364e-16  -2.2668820e-16  
-6.8372500e-17  -7.5567884e-16  6.3309526e-16  1.2708274e-16  3.4798868e-16  -2.9100718e-16  -2.5671757e-16  -9.5506876e-17  -6.8962345e-18  4.0080061e-16  -1.6249345e-16  -4.3394733e-16  1.7757473e-17  -3.0173355e-16  -7.5464227e-17  -4.7700245e-17  1.0790836e-16  6.0105854e-16  4.7364166e-16  2.3172948e-16  1.3483213e-16  5.5598243e-16  -1.2148653e-16  4.7480309e-16  4.0380377e-16  5.0020160e-16  -9.3252974e-17  1.0000000   -7.2498106e-17  2.1749690e-16  -4.6591582e-16  -6.8372500e-17  -7.5567884e-16  6.3309526e-16  1.2708274e-16  3.4798868e-16  -2.9100718e-16  -2.5671757e-16  -9.5506876e-17  -6.8962345e-18  4.0080061e-16  -1.6249345e-16  -4.3394733e-16  1.7757473e-17  -3.0173355e-16  -7.5464227e-17  -4.7700245e-17  1.0790836e-16  6.0105854e-16  4.7364166e-16  2.3172948e-16  1.3483213e-16  5.5598243e-16  -1.2148653e-16  4.7480309e-16  4.0380377e-16  5.0020160e-16  -9.3252974e-17  1.0000000   -7.2498106e-17  2.1749690e-16  -4.6591582e-16  
-1.0072426e-16  4.8561420e-16  -4.1762217e-16  3.3900786e-16  3.7209500e-16  5.2905390e-16  -1.7824126e-17  -3.2165961e-16  3.3477139e-16  9.1655070e-16  -5.6095753e-16  -2.3284994e-16  2.9954676e-16  7.2663853e-16  5.3438814e-16  -1.8288211e-16  3.2754646e-16  -5.6410713e-17  8.1462302e-17  -1.1583446e-16  2.2855723e-16  8.1870086e-16  -6.1939037e-16  6.1804660e-16  8.6961878e-16  3.3338469e-16  -8.9201405e-16  -7.2498106e-17  1.0000000   9.2803908e-18  8.8175407e-16  -1.0072426e-16  4.8561420e-16  -4.1762217e-16  3.3900786e-16  3.7209500e-16  5.2905390e-16  -1.7824126e-17  -3.2165961e-16  3.3477139e-16  9.1655070e-16  -5.6095753e-16  -2.3284994e-16  2.9954676e-16  7.2663853e-16  5.3438814e-16  -1.8288211e-16  3.2754646e-16  -5.6410713e-17  8.1462302e-17  -1.1583446e-16  2.2855723e-16  8.1870086e-16  -6.1939037e-16  6.1804660e-16  8.6961878e-16  3.3338469e-16  -8.9201405e-16  -7.2498106e-17  1.0000000   9.2803908e-18  8.8175407e-16  
-1.7162689e-16  9.6229861e-16  5.2551269e-16  -6.3157909e-16  -2.5164469e-16  9.0857406e-17  -3.3908851e-16  -1.9809214e-16  1.3143331e-15  4.2027279e-16  -2.8546956e-17  -1.6772012e-16  1.9974086e-16  -3.2364699e-16  2.0623175e-16  2.2137437e-16  4.8498583e-16  6.0237117e-16  -4.8158315e-16  3.6028043e-16  7.3991605e-17  -3.2696924e-17  1.8923454e-16  8.0841561e-16  8.6147896e-17  -1.0405356e-15  -4.1930364e-16  2.1749690e-16  9.2803908e-18  1.0000000   1.7573586e-16  -1.7162689e-16  9.6229861e-16  5.2551269e-16  -6.3157909e-16  -2.5164469e-16  9.0857406e-17  -3.3908851e-16  -1.9809214e-16  1.3143331e-15  4.2027279e-16  -2.8546956e-17  -1.6772012e-16  1.9974086e-16  -3.2364699e-16  2.0623175e-16  2.2137437e-16  4.8498583e-16  6.0237117e-16  -4.8158315e-16  3.6028043e-16  7.3991605e-17  -3.2696924e-17  1.8923454e-16  8.0841561e-16  8.6147896e-17  -1.0405356e-15  -4.1930364e-16  2.1749690e-16  9.2803908e-18  1.0000000   1.7573586e-16  
2.9061742e-16  1.4798958e-16  2.8818792e-16  3.3629954e-18  -3.4755528e-16  6.3856300e-16  1.0189572e-15  -4.8490144e-16  9.7167148e-16  2.8314605e-16  -3.5952325e-16  -6.4242222e-16  -6.3076530e-16  -3.4380157e-16  5.4304829e-16  1.8540175e-17  4.5131817e-16  1.1208653e-15  1.8216322e-16  2.1425167e-16  -1.6265880e-16  3.1696771e-17  -2.6930329e-16  5.1371097e-16  3.3798488e-16  -4.3238488e-16  -2.2668820e-16  -4.6591582e-16  8.8175407e-16  1.7573586e-16  1.0000000   2.9061742e-16  1.4798958e-16  2.8818792e-16  3.3629954e-18  -3.4755528e-16  6.3856300e-16  1.0189572e-15  -4.8490144e-16  9.7167148e-16  2.8314605e-16  -3.5952325e-16  -6.4242222e-16  -6.3076530e-16  -3.4380157e-16  5.4304829e-16  1.8540175e-17  4.5131817e-16  1.1208653e-15  1.8216322e-16  2.1425167e-16  -1.6265880e-16  3.1696771e-17  -2.6930329e-16  5.1371097e-16  3.3798488e-16  -4.3238488e-16  -2.2668820e-16  -4.6591582e-16  8.8175407e-16  1.7573586e-16  1.0000000   
1.0000000   3.6832364e-16  6.2063386e-16  -7.9591084e-17  2.5999161e-16  4.1116023e-16  1.0091370e-16  -1.9031619e-17  -8.9587035e-18  6.2245985e-17  3.5154027e-16  2.1309754e-16  -5.0329398e-16  5.4318003e-16  3.2786235e-16  6.4685120e-16  4.6459738e-17  7.7543970e-16  -1.7669175e-16  -3.7397941e-16  1.3414150e-16  1.2398854e-16  -1.2967568e-16  -3.3993738e-16  -2.7873510e-16  8.9601478e-18  -8.3991416e-17  -6.8372500e-17  -1.0072426e-16  -1.7162689e-16  2.9061742e-16  1.0000000   3.6832364e-16  6.2063386e-16  -7.9591084e-17  2.5999161e-16  4.1116023e-16  1.0091370e-16  -1.9031619e-17  -8.9587035e-18  6.2245985e-17  3.5154027e-16  2.1309754e-16  -5.0329398e-16  5.4318003e-16  3.2786235e-16  6.4685120e-16  4.6459738e-17  7.7543970e-16  -1.7669175e-16  -3.7397941e-16  1.3414150e-16  1.2398854e-16  -1.2967568e-16  -3.3993738e-16  -2.7873510e-16  8.9601478e-18  -8.3991416e-17  -6.8372500e-17  -1.0072426e-16  -1.7162689e-16  2.9061742e-16  
3.6832364e-16  1.0000000   -7.0600263e-16  4.7122838e-16  -9.5024491e-16  -1.0110433e-16  -1.9365954e-16  1.0593229e-16  -1.0717544e-15  4.7541039e-16  6.8246553e-16  -5.4872740e-16  5.3374922e-16  -4.1053013e-16  -4.2245948e-16  6.0293017e-16  1.3962169e-16  -4.7530033e-16  2.7034984e-16  5.2223687e-16  -1.2898049e-17  -2.8892670e-16  -5.3140820e-16  1.2171190e-15  6.7205773e-16  -2.4945643e-17  -2.9233548e-16  -7.5567884e-16  4.8561420e-16  9.6229861e-16  1.4798958e-16  3.6832364e-16  1.0000000   -7.0600263e-16  4.7122838e-16  -9.5024491e-16  -1.0110433e-16  -1.9365954e-16  1.0593229e-16  -1.0717544e-15  4.7541039e-16  6.8246553e-16  -5.4872740e-16  5.3374922e-16  -4.1053013e-16  -4.2245948e-16  6.0293017e-16  1.3962169e-16  -4.7530033e-16  2.7034984e-16  5.2223687e-16  -1.2898049e-17  -2.8892670e-16  -5.3140820e-16  1.2171190e-15  6.7205773e-16  -2.4945643e-17  -2.9233548e-16  -7.5567884e-16  4.8561420e-16  9.6229861e-16  1.4798958e-16  
6.2063386e-16  -7.0600263e-16  1.0000000   -5.1708512e-16  -5.3142585e-16  1.8817431e-16  -3.0042131e-16  -2.3972960e-18  7.2755791e-16  4.0239015e-16  2.5156611e-16  1.0721389e-16  5.8971537e-16  -5.1948203e-16  -6.5639879e-17  7.5337410e-16  6.0099367e-16  -4.1581292e-16  4.0539030e-17  6.5837191e-17  -6.1150630e-16  -5.8213647e-16  -1.4356625e-16  -3.2186493e-16  -3.8429141e-16  -6.4134006e-17  1.0521366e-16  6.3309526e-16  -4.1762217e-16  5.2551269e-16  2.8818792e-16  6.2063386e-16  -7.0600263e-16  1.0000000   -5.1708512e-16  -5.3142585e-16  1.8817431e-16  -3.0042131e-16  -2.3972960e-18  7.2755791e-16  4.0239015e-16  2.5156611e-16  1.0721389e-16  5.8971537e-16  -5.1948203e-16  -6.5639879e-17  7.5337410e-16  6.0099367e-16  -4.1581292e-16  4.0539030e-17  6.5837191e-17  -6.1150630e-16  -5.8213647e-16  -1.4356625e-16  -3.2186493e-16  -3.8429141e-16  -6.4134006e-17  1.0521366e-16  6.3309526e-16  -4.1762217e-16  5.2551269e-16  2.8818792e-16  
-7.9591084e-17  4.7122838e-16  -5.1708512e-16  1.0000000   -9.8031967e-16  -2.8305183e-16  -9.7455096e-17  -8.0481659e-16  -7.0774821e-17  2.4315621e-16  -1.4071322e-16  1.5079420e-16  3.5695300e-16  -1.9773315e-16  -1.2563901e-16  2.8995697e-16  1.4064679e-16  2.5738560e-16  4.5372087e-16  -5.5933400e-16  -2.8499760e-16  -2.3043644e-16  2.9924717e-16  2.2151013e-17  2.8412380e-16  -7.0460925e-16  1.5285621e-16  1.2708274e-16  3.3900786e-16  -6.3157909e-16  3.3629954e-18  -7.9591084e-17  4.7122838e-16  -5.1708512e-16  1.0000000   -9.8031967e-16  -2.8305183e-16  -9.7455096e-17  -8.0481659e-16  -7.0774821e-17  2.4315621e-16  -1.4071322e-16  1.5079420e-16  3.5695300e-16  -1.9773315e-16  -1.2563901e-16  2.8995697e-16  1.4064679e-16  2.5738560e-16  4.5372087e-16  -5.5933400e-16  -2.8499760e-16  -2.3043644e-16  2.9924717e-16  2.2151013e-17  2.8412380e-16  -7.0460925e-16  1.5285621e-16  1.2708274e-16  3.3900786e-16  -6.3157909e-16  3.3629954e-18  
2.5999161e-16  -9.5024491e-16  -5.3142585e-16  -9.8031967e-16  1.0000000   -5.0245506e-16  -6.8267919e-18  -1.0239437e-15  3.5216153e-16  -5.1512689e-18  7.9734506e-16  3.0552392e-17  3.2937990e-16  4.2359841e-16  -2.3900770e-16  -4.6313869e-16  3.6422424e-16  -5.7769311e-16  4.2057827e-16  2.4258050e-16  2.8666788e-16  -3.0694012e-16  -6.5646028e-16  1.4688847e-16  1.3644162e-15  4.7801393e-17  -8.1124863e-16  3.4798868e-16  3.7209500e-16  -2.5164469e-16  -3.4755528e-16  2.5999161e-16  -9.5024491e-16  -5.3142585e-16  -9.8031967e-16  1.0000000   -5.0245506e-16  -6.8267919e-18  -1.0239437e-15  3.5216153e-16  -5.1512689e-18  7.9734506e-16  3.0552392e-17  3.2937990e-16  4.2359841e-16  -2.3900770e-16  -4.6313869e-16  3.6422424e-16  -5.7769311e-16  4.2057827e-16  2.4258050e-16  2.8666788e-16  -3.0694012e-16  -6.5646028e-16  1.4688847e-16  1.3644162e-15  4.7801393e-17  -8.1124863e-16  3.4798868e-16  3.7209500e-16  -2.5164469e-16  -3.4755528e-16  
4.1116023e-16  -1.0110433e-16  1.8817431e-16  -2.8305183e-16  -5.0245506e-16  1.0000000   -6.0212865e-16  -1.2173288e-16  -4.4279010e-16  -4.1403465e-16  -3.0438163e-16  3.7321652e-16  1.9127946e-16  -5.6507381e-17  1.2796464e-17  -2.0872533e-16  -6.9342526e-16  -8.1447231e-17  -8.5791070e-17  2.6018160e-16  -1.3222136e-16  2.3243707e-16  2.8352901e-16  4.1102401e-16  1.1943378e-15  9.9367129e-16  -6.0386501e-19  -2.9100718e-16  5.2905390e-16  9.0857406e-17  6.3856300e-16  4.1116023e-16  -1.0110433e-16  1.8817431e-16  -2.8305183e-16  -5.0245506e-16  1.0000000   -6.0212865e-16  -1.2173288e-16  -4.4279010e-16  -4.1403465e-16  -3.0438163e-16  3.7321652e-16  1.9127946e-16  -5.6507381e-17  1.2796464e-17  -2.0872533e-16  -6.9342526e-16  -8.1447231e-17  -8.5791070e-17  2.6018160e-16  -1.3222136e-16  2.3243707e-16  2.8352901e-16  4.1102401e-16  1.1943378e-15  9.9367129e-16  -6.0386501e-19  -2.9100718e-16  5.2905390e-16  9.0857406e-17  6.3856300e-16  
1.0091370e-16  -1.9365954e-16  -3.0042131e-16  -9.7455096e-17  -6.8267919e-18  -6.0212865e-16  1.0000000   -4.8704504e-16  4.4668572e-16  1.8292821e-16  2.6500447e-17  -1.3600414e-15  5.1789349e-16  3.5091087e-16  -3.6405016e-16  -1.9878404e-16  -9.8917843e-16  3.0298311e-16  2.8474152e-16  6.7564815e-16  4.6661849e-16  4.8128175e-17  5.4848037e-16  4.2815444e-17  3.4586021e-16  4.5758808e-16  -3.0043120e-16  -2.5671757e-16  -1.7824126e-17  -3.3908851e-16  1.0189572e-15  1.0091370e-16  -1.9365954e-16  -3.0042131e-16  -9.7455096e-17  -6.8267919e-18  -6.0212865e-16  1.0000000   -4.8704504e-16  4.4668572e-16  1.8292821e-16  2.6500447e-17  -1.3600414e-15  5.1789349e-16  3.5091087e-16  -3.6405016e-16  -1.9878404e-16  -9.8917843e-16  3.0298311e-16  2.8474152e-16  6.7564815e-16  4.6661849e-16  4.8128175e-17  5.4848037e-16  4.2815444e-17  3.4586021e-16  4.5758808e-16  -3.0043120e-16  -2.5671757e-16  -1.7824126e-17  -3.3908851e-16  1.0189572e-15  
-1.9031619e-17  1.0593229e-16  -2.3972960e-18  -8.0481659e-16  -1.0239437e-15  -1.2173288e-16  -4.8704504e-16  1.0000000   -5.3593096e-16  -5.5968438e-16  3.7504606e-16  -3.6210791e-18  5.1939779e-16  6.1306121e-17  -2.8937591e-16  -5.3888493e-17  -3.6961600e-16  -1.7427951e-16  3.6379508e-16  -7.0748633e-16  4.2091060e-16  4.3016251e-17  7.7070362e-16  -4.1878655e-16  2.5326523e-16  -6.0324967e-18  8.5460330e-18  -9.5506876e-17  -3.2165961e-16  -1.9809214e-16  -4.8490144e-16  -1.9031619e-17  1.0593229e-16  -2.3972960e-18  -8.0481659e-16  -1.0239437e-15  -1.2173288e-16  -4.8704504e-16  1.0000000   -5.3593096e-16  -5.5968438e-16  3.7504606e-16  -3.6210791e-18  5.1939779e-16  6.1306121e-17  -2.8937591e-16  -5.3888493e-17  -3.6961600e-16  -1.7427951e-16  3.6379508e-16  -7.0748633e-16  4.2091060e-16  4.3016251e-17  7.7070362e-16  -4.1878655e-16  2.5326523e-16  -6.0324967e-18  8.5460330e-18  -9.5506876e-17  -3.2165961e-16  -1.9809214e-16  -4.8490144e-16  
-8.9587035e-18  -1.0717544e-15  7.2755791e-16  -7.0774821e-17  3.5216153e-16  -4.4279010e-16  4.4668572e-16  -5.3593096e-16  1.0000000   2.7125642e-16  -1.7561091e-16  -4.8562933e-17  -6.7673691e-16  -4.4284068e-16  -2.3532362e-18  -1.0404854e-16  -5.4010120e-16  1.6685704e-16  1.3536387e-16  2.8270183e-16  -2.4928841e-17  1.5188129e-16  -4.0072748e-16  -2.3450616e-16  -4.5795420e-16  -2.4173534e-16  6.6692738e-16  -6.8962345e-18  3.3477139e-16  1.3143331e-15  9.7167148e-16  -8.9587035e-18  -1.0717544e-15  7.2755791e-16  -7.0774821e-17  3.5216153e-16  -4.4279010e-16  4.4668572e-16  -5.3593096e-16  1.0000000   2.7125642e-16  -1.7561091e-16  -4.8562933e-17  -6.7673691e-16  -4.4284068e-16  -2.3532362e-18  -1.0404854e-16  -5.4010120e-16  1.6685704e-16  1.3536387e-16  2.8270183e-16  -2.4928841e-17  1.5188129e-16  -4.0072748e-16  -2.3450616e-16  -4.5795420e-16  -2.4173534e-16  6.6692738e-16  -6.8962345e-18  3.3477139e-16  1.3143331e-15  9.7167148e-16  
6.2245985e-17  4.7541039e-16  4.0239015e-16  2.4315621e-16  -5.1512689e-18  -4.1403465e-16  1.8292821e-16  -5.5968438e-16  2.7125642e-16  1.0000000   1.9164480e-16  -8.8970178e-16  -8.6367819e-16  8.1298070e-17  -1.4993678e-16  9.4835765e-17  7.0026795e-16  1.9718604e-16  1.9611984e-16  2.8098209e-16  7.2415724e-16  8.1443271e-16  -7.6488535e-16  6.1970751e-16  2.2541672e-16  -1.6857429e-16  -9.7187247e-17  4.0080061e-16  9.1655070e-16  4.2027279e-16  2.8314605e-16  6.2245985e-17  4.7541039e-16  4.0239015e-16  2.4315621e-16  -5.1512689e-18  -4.1403465e-16  1.8292821e-16  -5.5968438e-16  2.7125642e-16  1.0000000   1.9164480e-16  -8.8970178e-16  -8.6367819e-16  8.1298070e-17  -1.4993678e-16  9.4835765e-17  7.0026795e-16  1.9718604e-16  1.9611984e-16  2.8098209e-16  7.2415724e-16  8.1443271e-16  -7.6488535e-16  6.1970751e-16  2.2541672e-16  -1.6857429e-16  -9.7187247e-17  4.0080061e-16  9.1655070e-16  4.2027279e-16  2.8314605e-16  
