1.0000000   -3.6146575e-17  -3.5142234e-16  -1.1284800e-16  3.6169670e-17  1.0197517e-15  -2.0185328e-16  -1.5524830e-16  3.0605065e-16  5.0103645e-16  8.3771603e-16  -2.5643443e-17  5.8052696e-16  1.9168246e-17  -1.6228539e-16  -1.6605206e-16  -3.2776547e-16  8.7047467e-16  -6.5234191e-16  -2.1785741e-16  -1.4735165e-15  -5.3385035e-17  -6.3186038e-16  -4.0031343e-16  8.7589947e-16  9.8097684e-16  -1.0230152e-16  4.2158066e-16  -3.7287822e-16  2.6971863e-16  6.5020720e-16  1.0000000   -3.6146575e-17  -3.5142234e-16  -1.1284800e-16  3.6169670e-17  1.0197517e-15  -2.0185328e-16  -1.5524830e-16  3.0605065e-16  5.0103645e-16  8.3771603e-16  -2.5643443e-17  5.8052696e-16  1.9168246e-17  -1.6228539e-16  -1.6605206e-16  -3.2776547e-16  8.7047467e-16  -6.5234191e-16  -2.1785741e-16  -1.4735165e-15  -5.3385035e-17  -6.3186038e-16  -4.0031343e-16  8.7589947e-16  9.8097684e-16  -1.0230152e-16  4.2158066e-16  -3.7287822e-16  2.6971863e-16  6.5020720e-16  
-3.6146575e-17  1.0000000   5.6538154e-16  9.9662677e-17  2.4245725e-16  -4.6509109e-16  1.0351299e-16  9.5168983e-16  -6.2261009e-16  3.8548701e-17  -7.5300335e-16  2.2685222e-16  -7.6572956e-17  3.1124821e-19  -4.3634656e-16  1.7956655e-17  -1.3803074e-16  -1.3467886e-15  -1.2370756e-16  -5.2986636e-17  -2.5420912e-16  8.2793387e-16  6.0700131e-16  -1.1775235e-16  -2.1746768e-16  -1.1395863e-16  7.6112998e-16  3.3270734e-17  -1.7007882e-16  -6.7442992e-16  -3.3870306e-16  -3.6146575e-17  1.0000000   5.6538154e-16  9.9662677e-17  2.4245725e-16  -4.6509109e-16  1.0351299e-16  9.5168983e-16  -6.2261009e-16  3.8548701e-17  -7.5300335e-16  2.2685222e-16  -7.6572956e-17  3.1124821e-19  -4.3634656e-16  1.7956655e-17  -1.3803074e-16  -1.3467886e-15  -1.2370756e-16  -5.2986636e-17  -2.5420912e-16  8.2793387e-16  6.0700131e-16  -1.1775235e-16  -2.1746768e-16  -1.1395863e-16  7.6112998e-16  3.3270734e-17  -1.7007882e-16  -6.7442992e-16  -3.3870306e-16  
-3.5142234e-16  5.6538154e-16  1.0000000   -1.9379607e-16  -9.0174466e-17  -1.7771425e-17  -1.6397773e-16  7.3092346e-17  2.9779849e-16  -8.5897744e-19  3.7115853e-16  3.6253338e-16  8.2018783e-17  1.5160661e-16  2.9264096e-16  1.6615482e-16  3.0209298e-16  1.2277361e-16  -4.6770446e-16  -9.6385934e-16  -2.4971897e-16  1.3665401e-16  -3.0494805e-16  6.4869767e-17  -2.5210623e-16  1.2188138e-16  -2.2310698e-16  3.9178430e-16  4.1840462e-16  2.0447921e-16  -5.9566752e-16  -3.5142234e-16  5.6538154e-16  1.0000000   -1.9379607e-16  -9.0174466e-17  -1.7771425e-17  -1.6397773e-16  7.3092346e-17  2.9779849e-16  -8.5897744e-19  3.7115853e-16  3.6253338e-16  8.2018783e-17  1.5160661e-16  2.9264096e-16  1.6615482e-16  3.0209298e-16  1.2277361e-16  -4.6770446e-16  -9.6385934e-16  -2.4971897e-16  1.3665401e-16  -3.0494805e-16  6.4869767e-17  -2.5210623e-16  1.2188138e-16  -2.2310698e-16  3.9178430e-16  4.1840462e-16  2.0447921e-16  -5.9566752e-16  
-1.1284800e-16  9.9662677e-17  -1.9379607e-16  1.0000000   5.5771087e-16  9.2952181e-16  -3.9570261e-17  1.5260438e-16  6.5141376e-16  -3.0327078e-16  3.5179412e-17  -9.7367380e-17  -6.3805719e-16  -8.0861822e-17  -2.7740538e-16  1.6231738e-16  -5.1341473e-16  -8.5882408e-17  3.0420259e-16  3.0790779e-16  3.7012376e-16  -2.3651050e-16  5.2548280e-17  2.3468954e-16  3.2559874e-16  2.7743265e-16  -2.9163360e-16  -4.6720644e-16  2.4647924e-16  2.7683569e-16  -3.1272323e-16  -1.1284800e-16  9.9662677e-17  -1.9379607e-16  1.0000000   5.5771087e-16  9.2952181e-16  -3.9570261e-17  1.5260438e-16  6.5141376e-16  -3.0327078e-16  3.5179412e-17  -9.7367380e-17  -6.3805719e-16  -8.0861822e-17  -2.7740538e-16  1.6231738e-16  -5.1341473e-16  -8.5882408e-17  3.0420259e-16  3.0790779e-16  3.7012376e-16  -2.3651050e-16  5.2548280e-17  2.3468954e-16  3.2559874e-16  2.7743265e-16  -2.9163360e-16  -4.6720644e-16  2.4647924e-16  2.7683569e-16  -3.1272323e-16  
3.6169670e-17  2.4245725e-16  -9.0174466e-17  5.5771087e-16  1.0000000   9.1029415e-16  1.3768622e-15  -5.5878653e-16  6.3470271e-16  2.6379248e-16  2.5076140e-16  1.1663913e-16  -2.5538010e-16  9.7552606e-16  -1.5021870e-16  -3.2345998e-16  -4.0691304e-16  -5.3980204e-16  2.4850761e-16  -2.9689216e-17  -6.3811931e-16  5.6796934e-16  -3.7701957e-16  9.7780695e-16  2.6190846e-16  2.0712701e-16  -1.5513123e-16  -1.4271268e-16  4.1933870e-16  1.1517064e-16  2.6896843e-17  3.6169670e-17  2.4245725e-16  -9.0174466e-17  5.5771087e-16  1.0000000   9.1029415e-16  1.3768622e-15  -5.5878653e-16  6.3470271e-16  2.6379248e-16  2.5076140e-16  1.1663913e-16  -2.5538010e-16  9.7552606e-16  -1.5021870e-16  -3.2345998e-16  -4.0691304e-16  -5.3980204e-16  2.4850761e-16  -2.9689216e-17  -6.3811931e-16  5.6796934e-16  -3.7701957e-16  9.7780695e-16  2.6190846e-16  2.0712701e-16  -1.5513123e-16  -1.4271268e-16  4.1933870e-16  1.1517064e-16  2.6896843e-17  
1.0197517e-15  -4.6509109e-16  -1.7771425e-17  9.2952181e-16  9.1029415e-16  1.0000000   4.6504652e-17  -2.2675000e-16  4.1912768e-16  -2.2639715e-16  3.2219401e-16  6.5690006e-17  -4.1146503e-17  6.4510961e-16  5.3511572e-17  2.1889360e-17  2.0812098e-17  -1.1450569e-15  -5.4085277e-16  7.0511809e-16  -9.0519824e-17  7.9982939e-18  -3.4720826e-16  8.2534624e-16  6.2047516e-16  -5.3239198e-16  1.2596941e-15  -4.7309541e-16  7.0682456e-16  -3.9940152e-16  7.7151128e-16  1.0197517e-15  -4.6509109e-16  -1.7771425e-17  9.2952181e-16  9.1029415e-16  1.0000000   4.6504652e-17  -2.2675000e-16  4.1912768e-16  -2.2639715e-16  3.2219401e-16  6.5690006e-17  -4.1146503e-17  6.4510961e-16  5.3511572e-17  2.1889360e-17  2.0812098e-17  -1.1450569e-15  -5.4085277e-16  7.0511809e-16  -9.0519824e-17  7.9982939e-18  -3.4720826e-16  8.2534624e-16  6.2047516e-16  -5.3239198e-16  1.2596941e-15  -4.7309541e-16  7.0682456e-16  -3.9940152e-16  7.7151128e-16  
-2.0185328e-16  1.0351299e-16  -1.6397773e-16  -3.9570261e-17  1.3768622e-15  4.6504652e-17  1.0000000   -2.8926340e-16  6.8269219e-16  8.0932224e-16  5.9402166e-16  1.9825621e-16  2.1663749e-16  1.0572337e-15  7.8890761e-17  -8.0246366e-16  2.4673329e-16  -2.2089383e-16  -3.6457234e-16  -1.8118032e-16  5.5764919e-16  -2.5708216e-16  -2.8787722e-17  5.9102033e-17  3.7683034e-16  1.0077617e-15  -6.3643318e-16  3.5644503e-18  -4.9388812e-17  6.6538795e-16  -4.1129825e-17  -2.0185328e-16  1.0351299e-16  -1.6397773e-16  -3.9570261e-17  1.3768622e-15  4.6504652e-17  1.0000000   -2.8926340e-16  6.8269219e-16  8.0932224e-16  5.9402166e-16  1.9825621e-16  2.1663749e-16  1.0572337e-15  7.8890761e-17  -8.0246366e-16  2.4673329e-16  -2.2089383e-16  -3.6457234e-16  -1.8118032e-16  5.5764919e-16  -2.5708216e-16  -2.8787722e-17  5.9102033e-17  3.7683034e-16  1.0077617e-15  -6.3643318e-16  3.5644503e-18  -4.9388812e-17  6.6538795e-16  -4.1129825e-17  
-1.5524830e-16  9.5168983e-16  7.3092346e-17  1.5260438e-16  -5.5878653e-16  -2.2675000e-16  -2.8926340e-16  1.0000000   -5.0633138e-16  -5.5248158e-16  -1.1974451e-15  -4.4008383e-16  1.4759319e-17  8.8094255e-18  9.4537376e-17  4.9490020e-16  -1.3848419e-16  -1.0691112e-15  -2.0376098e-16  -4.0081111e-16  -8.4213671e-17  4.7520738e-16  -3.0802666e-16  3.0184044e-16  3.2515303e-16  -9.8524682e-17  1.8438680e-16  -6.4463802e-17  4.7756637e-16  -3.5790988e-16  -6.4267490e-16  -1.5524830e-16  9.5168983e-16  7.3092346e-17  1.5260438e-16  -5.5878653e-16  -2.2675000e-16  -2.8926340e-16  1.0000000   -5.0633138e-16  -5.5248158e-16  -1.1974451e-15  -4.4008383e-16  1.4759319e-17  8.8094255e-18  9.4537376e-17  4.9490020e-16  -1.3848419e-16  -1.0691112e-15  -2.0376098e-16  -4.0081111e-16  -8.4213671e-17  4.7520738e-16  -3.0802666e-16  3.0184044e-16  3.2515303e-16  -9.8524682e-17  1.8438680e-16  -6.4463802e-17  4.7756637e-16  -3.5790988e-16  -6.4267490e-16  
3.0605065e-16  -6.2261009e-16  2.9779849e-16  6.5141376e-16  6.3470271e-16  4.1912768e-16  6.8269219e-16  -5.0633138e-16  1.0000000   4.0534136e-16  1.2253544e-16  -7.0685658e-16  1.2093095e-15  9.3701476e-16  5.7484173e-16  1.1522970e-16  2.3256236e-16  -4.1525534e-18  -1.1135608e-16  1.9557047e-16  -2.7251059e-16  -2.0808558e-16  5.4717725e-16  -5.4942302e-17  2.3078213e-16  -4.2989331e-16  2.6205497e-16  -4.1076797e-19  5.3163698e-16  -3.8669170e-16  -3.3484257e-16  3.0605065e-16  -6.2261009e-16  2.9779849e-16  6.5141376e-16  6.3470271e-16  4.1912768e-16  6.8269219e-16  -5.0633138e-16  1.0000000   4.0534136e-16  1.2253544e-16  -7.0685658e-16  1.2093095e-15  9.3701476e-16  5.7484173e-16  1.1522970e-16  2.3256236e-16  -4.1525534e-18  -1.1135608e-16  1.9557047e-16  -2.7251059e-16  -2.0808558e-16  5.4717725e-16  -5.4942302e-17  2.3078213e-16  -4.2989331e-16  2.6205497e-16  -4.1076797e-19  5.3163698e-16  -3.8669170e-16  -3.3484257e-16  
5.0103645e-16  3.8548701e-17  -8.5897744e-19  -3.0327078e-16  2.6379248e-16  -2.2639715e-16  8.0932224e-16  -5.5248158e-16  4.0534136e-16  1.0000000   4.3467111e-16  4.0413760e-16  4.0551808e-17  6.4612437e-16  -2.5373349e-16  -1.1347784e-16  1.7495238e-17  -6.8726458e-16  -4.2681070e-16  -1.5698828e-16  2.0758767e-16  3.2473060e-16  -5.6378665e-16  -9.7251362e-17  -5.3630552e-16  9.8532547e-18  -1.3434336e-16  -2.4343154e-16  3.6267799e-16  1.6749622e-16  6.9433322e-17  5.0103645e-16  3.8548701e-17  -8.5897744e-19  -3.0327078e-16  2.6379248e-16  -2.2639715e-16  8.0932224e-16  -5.5248158e-16  4.0534136e-16  1.0000000   4.3467111e-16  4.0413760e-16  4.0551808e-17  6.4612437e-16  -2.5373349e-16  -1.1347784e-16  1.7495238e-17  -6.8726458e-16  -4.2681070e-16  -1.5698828e-16  2.0758767e-16  3.2473060e-16  -5.6378665e-16  -9.7251362e-17  -5.3630552e-16  9.8532547e-18  -1.3434336e-16  -2.4343154e-16  3.6267799e-16  1.6749622e-16  6.9433322e-17  
8.3771603e-16  -7.5300335e-16  3.7115853e-16  3.5179412e-17  2.5076140e-16  3.2219401e-16  5.9402166e-16  -1.1974451e-15  1.2253544e-16  4.3467111e-16  1.0000000   1.0494845e-16  4.6755284e-16  3.0318865e-16  -2.6928587e-16  -4.2517446e-16  8.9924920e-17  1.1791048e-15  -1.4767808e-16  -6.5861391e-17  -3.7487895e-17  2.9497798e-16  7.9832376e-18  -6.4875554e-16  8.9707944e-16  1.7564170e-16  2.3674422e-16  7.7716420e-16  2.5229576e-16  1.1225495e-16  1.1435766e-16  8.3771603e-16  -7.5300335e-16  3.7115853e-16  3.5179412e-17  2.5076140e-16  3.2219401e-16  5.9402166e-16  -1.1974451e-15  1.2253544e-16  4.3467111e-16  1.0000000   1.0494845e-16  4.6755284e-16  3.0318865e-16  -2.6928587e-16  -4.2517446e-16  8.9924920e-17  1.1791048e-15  -1.4767808e-16  -6.5861391e-17  -3.7487895e-17  2.9497798e-16  7.9832376e-18  -6.4875554e-16  8.9707944e-16  1.7564170e-16  2.3674422e-16  7.7716420e-16  2.5229576e-16  1.1225495e-16  1.1435766e-16  
-2.5643443e-17  2.2685222e-16  3.6253338e-16  -9.7367380e-17  1.1663913e-16  6.5690006e-17  1.9825621e-16  -4.4008383e-16  -7.0685658e-16  4.0413760e-16  1.0494845e-16  1.0000000   -4.3791455e-16  5.7540741e-16  -1.3882218e-16  -3.9323920e-16  1.8596229e-16  6.6344568e-16  -1.3516393e-17  5.6111383e-16  6.4604113e-17  3.1211024e-16  4.9186542e-16  5.0122615e-16  -8.2759656e-16  -8.6921875e-17  2.9906870e-16  -1.1847245e-16  -1.2536578e-16  -2.9855613e-16  -2.6769105e-16  -2.5643443e-17  2.2685222e-16  3.6253338e-16  -9.7367380e-17  1.1663913e-16  6.5690006e-17  1.9825621e-16  -4.4008383e-16  -7.0685658e-16  4.0413760e-16  1.0494845e-16  1.0000000   -4.3791455e-16  5.7540741e-16  -1.3882218e-16  -3.9323920e-16  1.8596229e-16  6.6344568e-16  -1.3516393e-17  5.6111383e-16  6.4604113e-17  3.1211024e-16  4.9186542e-16  5.0122615e-16  -8.2759656e-16  -8.6921875e-17  2.9906870e-16  -1.1847245e-16  -1.2536578e-16  -2.9855613e-16  -2.6769105e-16  
5.8052696e-16  -7.6572956e-17  8.2018783e-17  -6.3805719e-16  -2.5538010e-16  -4.1146503e-17  2.1663749e-16  1.4759319e-17  1.2093095e-15  4.0551808e-17  4.6755284e-16  -4.3791455e-16  1.0000000   -5.6046534e-16  4.8242732e-16  5.1518336e-16  -1.0014723e-15  3.1408230e-18  -1.5717832e-16  2.7499437e-16  1.4508262e-16  -1.4804864e-16  -7.8494171e-16  1.9316710e-16  3.0561785e-16  -8.9266191e-16  1.0696823e-15  2.2138599e-16  4.0741850e-16  -7.4516704e-16  3.6139559e-16  5.8052696e-16  -7.6572956e-17  8.2018783e-17  -6.3805719e-16  -2.5538010e-16  -4.1146503e-17  2.1663749e-16  1.4759319e-17  1.2093095e-15  4.0551808e-17  4.6755284e-16  -4.3791455e-16  1.0000000   -5.6046534e-16  4.8242732e-16  5.1518336e-16  -1.0014723e-15  3.1408230e-18  -1.5717832e-16  2.7499437e-16  1.4508262e-16  -1.4804864e-16  -7.8494171e-16  1.9316710e-16  3.0561785e-16  -8.9266191e-16  1.0696823e-15  2.2138599e-16  4.0741850e-16  -7.4516704e-16  3.6139559e-16  
1.9168246e-17  3.1124821e-19  1.5160661e-16  -8.0861822e-17  9.7552606e-16  6.4510961e-16  1.0572337e-15  8.8094255e-18  9.3701476e-16  6.4612437e-16  3.0318865e-16  5.7540741e-16  -5.6046534e-16  1.0000000   -1.5137073e-16  -3.2395388e-16  2.7400224e-16  -5.5033468e-16  -4.9012826e-16  -3.1913687e-18  -3.0773975e-16  5.1658867e-16  -5.8899169e-16  4.2259957e-16  -1.1143804e-16  9.3678034e-16  -5.5067867e-16  5.7083308e-16  5.7121924e-16  -5.7808629e-17  2.8277831e-16  1.9168246e-17  3.1124821e-19  1.5160661e-16  -8.0861822e-17  9.7552606e-16  6.4510961e-16  1.0572337e-15  8.8094255e-18  9.3701476e-16  6.4612437e-16  3.0318865e-16  5.7540741e-16  -5.6046534e-16  1.0000000   -1.5137073e-16  -3.2395388e-16  2.7400224e-16  -5.5033468e-16  -4.9012826e-16  -3.1913687e-18  -3.0773975e-16  5.1658867e-16  -5.8899169e-16  4.2259957e-16  -1.1143804e-16  9.3678034e-16  -5.5067867e-16  5.7083308e-16  5.7121924e-16  -5.7808629e-17  2.8277831e-16  
-1.6228539e-16  -4.3634656e-16  2.9264096e-16  -2.7740538e-16  -1.5021870e-16  5.3511572e-17  7.8890761e-17  9.4537376e-17  5.7484173e-16  -2.5373349e-16  -2.6928587e-16  -1.3882218e-16  4.8242732e-16  -1.5137073e-16  1.0000000   -1.6113368e-16  -9.7862328e-17  -1.1322952e-16  3.0035703e-16  2.6348591e-16  -1.9999964e-16  5.0697203e-16  1.2623851e-16  -9.6757546e-17  -6.9794297e-17  8.6141600e-17  -1.2953350e-16  1.6112561e-16  5.5525192e-17  -2.1028687e-16  -2.9930144e-16  -1.6228539e-16  -4.3634656e-16  2.9264096e-16  -2.7740538e-16  -1.5021870e-16  5.3511572e-17  7.8890761e-17  9.4537376e-17  5.7484173e-16  -2.5373349e-16  -2.6928587e-16  -1.3882218e-16  4.8242732e-16  -1.5137073e-16  1.0000000   -1.6113368e-16  -9.7862328e-17  -1.1322952e-16  3.0035703e-16  2.6348591e-16  -1.9999964e-16  5.0697203e-16  1.2623851e-16  -9.6757546e-17  -6.9794297e-17  8.6141600e-17  -1.2953350e-16  1.6112561e-16  5.5525192e-17  -2.1028687e-16  -2.9930144e-16  
-1.6605206e-16  1.7956655e-17  1.6615482e-16  1.6231738e-16  -3.2345998e-16  2.1889360e-17  -8.0246366e-16  4.9490020e-16  1.1522970e-16  -1.1347784e-16  -4.2517446e-16  -3.9323920e-16  5.1518336e-16  -3.2395388e-16  -1.6113368e-16  1.0000000   -2.2432779e-16  -2.3133309e-16  2.0232802e-16  5.3572424e-16  2.1740320e-17  3.8759685e-16  -7.7866627e-16  1.5503398e-16  -2.1992412e-16  1.9065215e-16  3.9905618e-17  6.5984188e-17  -2.0296775e-16  -4.9594491e-16  4.0959732e-17  -1.6605206e-16  1.7956655e-17  1.6615482e-16  1.6231738e-16  -3.2345998e-16  2.1889360e-17  -8.0246366e-16  4.9490020e-16  1.1522970e-16  -1.1347784e-16  -4.2517446e-16  -3.9323920e-16  5.1518336e-16  -3.2395388e-16  -1.6113368e-16  1.0000000   -2.2432779e-16  -2.3133309e-16  2.0232802e-16  5.3572424e-16  2.1740320e-17  3.8759685e-16  -7.7866627e-16  1.5503398e-16  -2.1992412e-16  1.9065215e-16  3.9905618e-17  6.5984188e-17  -2.0296775e-16  -4.9594491e-16  4.0959732e-17  
-3.2776547e-16  -1.3803074e-16  3.0209298e-16  -5.1341473e-16  -4.0691304e-16  2.0812098e-17  2.4673329e-16  -1.3848419e-16  2.3256236e-16  1.7495238e-17  8.9924920e-17  1.8596229e-16  -1.0014723e-15  2.7400224e-16  -9.7862328e-17  -2.2432779e-16  1.0000000   8.8768208e-16  -3.6009979e-16  2.2899687e-16  -5.8299235e-17  -2.9217063e-16  3.1614401e-16  -1.0396725e-16  1.4188459e-16  4.3282005e-17  1.7492938e-17  -1.4519987e-16  -4.5613868e-16  -4.0468739e-16  4.6178819e-16  -3.2776547e-16  -1.3803074e-16  3.0209298e-16  -5.1341473e-16  -4.0691304e-16  2.0812098e-17  2.4673329e-16  -1.3848419e-16  2.3256236e-16  1.7495238e-17  8.9924920e-17  1.8596229e-16  -1.0014723e-15  2.7400224e-16  -9.7862328e-17  -2.2432779e-16  1.0000000   8.8768208e-16  -3.6009979e-16  2.2899687e-16  -5.8299235e-17  -2.9217063e-16  3.1614401e-16  -1.0396725e-16  1.4188459e-16  4.3282005e-17  1.7492938e-17  -1.4519987e-16  -4.5613868e-16  -4.0468739e-16  4.6178819e-16  
8.7047467e-16  -1.3467886e-15  1.2277361e-16  -8.5882408e-17  -5.3980204e-16  -1.1450569e-15  -2.2089383e-16  -1.0691112e-15  -4.1525534e-18  -6.8726458e-16  1.1791048e-15  6.6344568e-16  3.1408230e-18  -5.5033468e-16  -1.1322952e-16  -2.3133309e-16  8.8768208e-16  1.0000000   3.5057130e-16  -3.7608707e-16  1.8674705e-16  1.0074999e-16  -1.2741748e-15  -3.4295166e-16  -4.5403752e-16  6.2921690e-16  3.5417753e-17  2.7538138e-16  1.9127594e-16  -2.3400744e-17  6.9762776e-16  8.7047467e-16  -1.3467886e-15  1.2277361e-16  -8.5882408e-17  -5.3980204e-16  -1.1450569e-15  -2.2089383e-16  -1.0691112e-15  -4.1525534e-18  -6.8726458e-16  1.1791048e-15  6.6344568e-16  3.1408230e-18  -5.5033468e-16  -1.1322952e-16  -2.3133309e-16  8.8768208e-16  1.0000000   3.5057130e-16  -3.7608707e-16  1.8674705e-16  1.0074999e-16  -1.2741748e-15  -3.4295166e-16  -4.5403752e-16  6.2921690e-16  3.5417753e-17  2.7538138e-16  1.9127594e-16  -2.3400744e-17  6.9762776e-16  
-6.5234191e-16  -1.2370756e-16  -4.6770446e-16  3.0420259e-16  2.4850761e-16  -5.4085277e-16  -3.6457234e-16  -2.0376098e-16  -1.1135608e-16  -4.2681070e-16  -1.4767808e-16  -1.3516393e-17  -1.5717832e-16  -4.9012826e-16  3.0035703e-16  2.0232802e-16  -3.6009979e-16  3.5057130e-16  1.0000000   -6.1738207e-17  -1.2464351e-16  3.2642156e-16  1.0444804e-16  -3.9014958e-17  8.5546971e-16  1.6095607e-16  -8.4611608e-16  1.7396595e-16  3.2228648e-16  3.4180043e-16  1.9012228e-16  -6.5234191e-16  -1.2370756e-16  -4.6770446e-16  3.0420259e-16  2.4850761e-16  -5.4085277e-16  -3.6457234e-16  -2.0376098e-16  -1.1135608e-16  -4.2681070e-16  -1.4767808e-16  -1.3516393e-17  -1.5717832e-16  -4.9012826e-16  3.0035703e-16  2.0232802e-16  -3.6009979e-16  3.5057130e-16  1.0000000   -6.1738207e-17  -1.2464351e-16  3.2642156e-16  1.0444804e-16  -3.9014958e-17  8.5546971e-16  1.6095607e-16  -8.4611608e-16  1.7396595e-16  3.2228648e-16  3.4180043e-16  1.9012228e-16  
-2.1785741e-16  -5.2986636e-17  -9.6385934e-16  3.0790779e-16  -2.9689216e-17  7.0511809e-16  -1.8118032e-16  -4.0081111e-16  1.9557047e-16  -1.5698828e-16  -6.5861391e-17  5.6111383e-16  2.7499437e-16  -3.1913687e-18  2.6348591e-16  5.3572424e-16  2.2899687e-16  -3.7608707e-16  -6.1738207e-17  1.0000000   -1.1339991e-16  6.9031232e-16  -8.4121302e-16  9.9286574e-16  1.8724005e-16  7.4159383e-16  -4.8781649e-16  4.8096524e-16  -9.4944224e-17  5.3224263e-16  -1.4470111e-16  -2.1785741e-16  -5.2986636e-17  -9.6385934e-16  3.0790779e-16  -2.9689216e-17  7.0511809e-16  -1.8118032e-16  -4.0081111e-16  1.9557047e-16  -1.5698828e-16  -6.5861391e-17  5.6111383e-16  2.7499437e-16  -3.1913687e-18  2.6348591e-16  5.3572424e-16  2.2899687e-16  -3.7608707e-16  -6.1738207e-17  1.0000000   -1.1339991e-16  6.9031232e-16  -8.4121302e-16  9.9286574e-16  1.8724005e-16  7.4159383e-16  -4.8781649e-16  4.8096524e-16  -9.4944224e-17  5.3224263e-16  -1.4470111e-16  
-1.4735165e-15  -2.5420912e-16  -2.4971897e-16  3.7012376e-16  -6.3811931e-16  -9.0519824e-17  5.5764919e-16  -8.4213671e-17  -2.7251059e-16  2.0758767e-16  -3.7487895e-17  6.4604113e-17  1.4508262e-16  -3.0773975e-16  -1.9999964e-16  2.1740320e-17  -5.8299235e-17  1.8674705e-16  -1.2464351e-16  -1.1339991e-16  1.0000000   1.4782577e-16  8.6284324e-16  -2.8433516e-17  -5.3532599e-16  1.5369107e-16  -9.9392365e-17  -6.6340466e-16  -2.5618819e-16  -1.5772320e-16  3.8098496e-16  -1.4735165e-15  -2.5420912e-16  -2.4971897e-16  3.7012376e-16  -6.3811931e-16  -9.0519824e-17  5.5764919e-16  -8.4213671e-17  -2.7251059e-16  2.0758767e-16  -3.7487895e-17  6.4604113e-17  1.4508262e-16  -3.0773975e-16  -1.9999964e-16  2.1740320e-17  -5.8299235e-17  1.8674705e-16  -1.2464351e-16  -1.1339991e-16  1.0000000   1.4782577e-16  8.6284324e-16  -2.8433516e-17  -5.3532599e-16  1.5369107e-16  -9.9392365e-17  -6.6340466e-16  -2.5618819e-16  -1.5772320e-16  3.8098496e-16  
-5.3385035e-17  8.2793387e-16  1.3665401e-16  -2.3651050e-16  5.6796934e-16  7.9982939e-18  -2.5708216e-16  4.7520738e-16  -2.0808558e-16  3.2473060e-16  2.9497798e-16  3.1211024e-16  -1.4804864e-16  5.1658867e-16  5.0697203e-16  3.8759685e-16  -2.9217063e-16  1.0074999e-16  3.2642156e-16  6.9031232e-16  1.4782577e-16  1.0000000   -1.7515717e-17  5.5981791e-16  -2.1435971e-16  3.4729939e-16  -1.3136071e-15  1.3407146e-15  1.9001666e-16  -1.9846187e-17  -9.7832065e-16  -5.3385035e-17  8.2793387e-16  1.3665401e-16  -2.3651050e-16  5.6796934e-16  7.9982939e-18  -2.5708216e-16  4.7520738e-16  -2.0808558e-16  3.2473060e-16  2.9497798e-16  3.1211024e-16  -1.4804864e-16  5.1658867e-16  5.0697203e-16  3.8759685e-16  -2.9217063e-16  1.0074999e-16  3.2642156e-16  6.9031232e-16  1.4782577e-16  1.0000000   -1.7515717e-17  5.5981791e-16  -2.1435971e-16  3.4729939e-16  -1.3136071e-15  1.3407146e-15  1.9001666e-16  -1.9846187e-17  -9.7832065e-16  
-6.3186038e-16  6.0700131e-16  -3.0494805e-16  5.2548280e-17  -3.7701957e-16  -3.4720826e-16  -2.8787722e-17  -3.0802666e-16  5.4717725e-16  -5.6378665e-16  7.9832376e-18  4.9186542e-16  -7.8494171e-16  -5.8899169e-16  1.2623851e-16  -7.7866627e-16  3.1614401e-16  -1.2741748e-15  1.0444804e-16  -8.4121302e-16  8.6284324e-16  -1.7515717e-17  1.0000000   5.1140084e-16  -1.5847371e-15  -5.8871494e-17  -7.8334868e-17  1.1126115e-16  -7.3643144e-16  6.3374782e-16  6.5667723e-16  -6.3186038e-16  6.0700131e-16  -3.0494805e-16  5.2548280e-17  -3.7701957e-16  -3.4720826e-16  -2.8787722e-17  -3.0802666e-16  5.4717725e-16  -5.6378665e-16  7.9832376e-18  4.9186542e-16  -7.8494171e-16  -5.8899169e-16  1.2623851e-16  -7.7866627e-16  3.1614401e-16  -1.2741748e-15  1.0444804e-16  -8.4121302e-16  8.6284324e-16  -1.7515717e-17  1.0000000   5.1140084e-16  -1.5847371e-15  -5.8871494e-17  -7.8334868e-17  1.1126115e-16  -7.3643144e-16  6.3374782e-16  6.5667723e-16  
-4.0031343e-16  -1.1775235e-16  6.4869767e-17  2.3468954e-16  9.7780695e-16  8.2534624e-16  5.9102033e-17  3.0184044e-16  -5.4942302e-17  -9.7251362e-17  -6.4875554e-16  5.0122615e-16  1.9316710e-16  4.2259957e-16  -9.6757546e-17  1.5503398e-16  -1.0396725e-16  -3.4295166e-16  -3.9014958e-17  9.9286574e-16  -2.8433516e-17  5.5981791e-16  5.1140084e-16  1.0000000   -6.6160552e-17  1.8602528e-16  -2.4907017e-16  -6.5902305e-16  2.5320535e-16  -2.7176519e-16  5.6086704e-17  -4.0031343e-16  -1.1775235e-16  6.4869767e-17  2.3468954e-16  9.7780695e-16  8.2534624e-16  5.9102033e-17  3.0184044e-16  -5.4942302e-17  -9.7251362e-17  -6.4875554e-16  5.0122615e-16  1.9316710e-16  4.2259957e-16  -9.6757546e-17  1.5503398e-16  -1.0396725e-16  -3.4295166e-16  -3.9014958e-17  9.9286574e-16  -2.8433516e-17  5.5981791e-16  5.1140084e-16  1.0000000   -6.6160552e-17  1.8602528e-16  -2.4907017e-16  -6.5902305e-16  2.5320535e-16  -2.7176519e-16  5.6086704e-17  
8.7589947e-16  -2.1746768e-16  -2.5210623e-16  3.2559874e-16  2.6190846e-16  6.2047516e-16  3.7683034e-16  3.2515303e-16  2.3078213e-16  -5.3630552e-16  8.9707944e-16  -8.2759656e-16  3.0561785e-16  -1.1143804e-16  -6.9794297e-17  -2.1992412e-16  1.4188459e-16  -4.5403752e-16  8.5546971e-16  1.8724005e-16  -5.3532599e-16  -2.1435971e-16  -1.5847371e-15  -6.6160552e-17  1.0000000   -6.2131522e-16  -3.9174751e-16  8.8758696e-17  5.5163946e-16  5.5212652e-18  8.8822511e-16  8.7589947e-16  -2.1746768e-16  -2.5210623e-16  3.2559874e-16  2.6190846e-16  6.2047516e-16  3.7683034e-16  3.2515303e-16  2.3078213e-16  -5.3630552e-16  8.9707944e-16  -8.2759656e-16  3.0561785e-16  -1.1143804e-16  -6.9794297e-17  -2.1992412e-16  1.4188459e-16  -4.5403752e-16  8.5546971e-16  1.8724005e-16  -5.3532599e-16  -2.1435971e-16  -1.5847371e-15  -6.6160552e-17  1.0000000   -6.2131522e-16  -3.9174751e-16  8.8758696e-17  5.5163946e-16  5.5212652e-18  8.8822511e-16  
9.8097684e-16  -1.1395863e-16  1.2188138e-16  2.7743265e-16  2.0712701e-16  -5.3239198e-16  1.0077617e-15  -9.8524682e-17  -4.2989331e-16  9.8532547e-18  1.7564170e-16  -8.6921875e-17  -8.9266191e-16  9.3678034e-16  8.6141600e-17  1.9065215e-16  4.3282005e-17  6.2921690e-16  1.6095607e-16  7.4159383e-16  1.5369107e-16  3.4729939e-16  -5.8871494e-17  1.8602528e-16  -6.2131522e-16  1.0000000   9.6060190e-17  1.1499067e-16  9.4823369e-16  8.9476583e-17  -7.9841398e-17  9.8097684e-16  -1.1395863e-16  1.2188138e-16  2.7743265e-16  2.0712701e-16  -5.3239198e-16  1.0077617e-15  -9.8524682e-17  -4.2989331e-16  9.8532547e-18  1.7564170e-16  -8.6921875e-17  -8.9266191e-16  9.3678034e-16  8.6141600e-17  1.9065215e-16  4.3282005e-17  6.2921690e-16  1.6095607e-16  7.4159383e-16  1.5369107e-16  3.4729939e-16  -5.8871494e-17  1.8602528e-16  -6.2131522e-16  1.0000000   9.6060190e-17  1.1499067e-16  9.4823369e-16  8.9476583e-17  -7.9841398e-17  
-1.0230152e-16  7.6112998e-16  -2.2310698e-16  -2.9163360e-16  -1.5513123e-16  1.2596941e-15  -6.3643318e-16  1.8438680e-16  2.6205497e-16  -1.3434336e-16  2.3674422e-16  2.9906870e-16  1.0696823e-15  -5.5067867e-16  -1.2953350e-16  3.9905618e-17  1.7492938e-17  3.5417753e-17  -8.4611608e-16  -4.8781649e-16  -9.9392365e-17  -1.3136071e-15  -7.8334868e-17  -2.4907017e-16  -3.9174751e-16  9.6060190e-17  1.0000000   -1.2798499e-16  -2.5345631e-16  -3.7016295e-16  8.7474350e-17  -1.0230152e-16  7.6112998e-16  -2.2310698e-16  -2.9163360e-16  -1.5513123e-16  1.2596941e-15  -6.3643318e-16  1.8438680e-16  2.6205497e-16  -1.3434336e-16  2.3674422e-16  2.9906870e-16  1.0696823e-15  -5.5067867e-16  -1.2953350e-16  3.9905618e-17  1.7492938e-17  3.5417753e-17  -8.4611608e-16  -4.8781649e-16  -9.9392365e-17  -1.3136071e-15  -7.8334868e-17  -2.4907017e-16  -3.9174751e-16  9.6060190e-17  1.0000000   -1.2798499e-16  -2.5345631e-16  -3.7016295e-16  8.7474350e-17  
4.2158066e-16  3.3270734e-17  3.9178430e-16  -4.6720644e-16  -1.4271268e-16  -4.7309541e-16  3.5644503e-18  -6.4463802e-17  -4.1076797e-19  -2.4343154e-16  7.7716420e-16  -1.1847245e-16  2.2138599e-16  5.7083308e-16  1.6112561e-16  6.5984188e-17  -1.4519987e-16  2.7538138e-16  1.7396595e-16  4.8096524e-16  -6.6340466e-16  1.3407146e-15  1.1126115e-16  -6.5902305e-16  8.8758696e-17  1.1499067e-16  -1.2798499e-16  1.0000000   2.2989159e-16  -2.8845627e-17  -5.8525369e-16  4.2158066e-16  3.3270734e-17  3.9178430e-16  -4.6720644e-16  -1.4271268e-16  -4.7309541e-16  3.5644503e-18  -6.4463802e-17  -4.1076797e-19  -2.4343154e-16  7.7716420e-16  -1.1847245e-16  2.2138599e-16  5.7083308e-16  1.6112561e-16  6.5984188e-17  -1.4519987e-16  2.7538138e-16  1.7396595e-16  4.8096524e-16  -6.6340466e-16  1.3407146e-15  1.1126115e-16  -6.5902305e-16  8.8758696e-17  1.1499067e-16  -1.2798499e-16  1.0000000   2.2989159e-16  -2.8845627e-17  -5.8525369e-16  
-3.7287822e-16  -1.7007882e-16  4.1840462e-16  2.4647924e-16  4.1933870e-16  7.0682456e-16  -4.9388812e-17  4.7756637e-16  5.3163698e-16  3.6267799e-16  2.5229576e-16  -1.2536578e-16  4.0741850e-16  5.7121924e-16  5.5525192e-17  -2.0296775e-16  -4.5613868e-16  1.9127594e-16  3.2228648e-16  -9.4944224e-17  -2.5618819e-16  1.9001666e-16  -7.3643144e-16  2.5320535e-16  5.5163946e-16  9.4823369e-16  -2.5345631e-16  2.2989159e-16  1.0000000   1.3334167e-16  -8.3156692e-17  -3.7287822e-16  -1.7007882e-16  4.1840462e-16  2.4647924e-16  4.1933870e-16  7.0682456e-16  -4.9388812e-17  4.7756637e-16  5.3163698e-16  3.6267799e-16  2.5229576e-16  -1.2536578e-16  4.0741850e-16  5.7121924e-16  5.5525192e-17  -2.0296775e-16  -4.5613868e-16  1.9127594e-16  3.2228648e-16  -9.4944224e-17  -2.5618819e-16  1.9001666e-16  -7.3643144e-16  2.5320535e-16  5.5163946e-16  9.4823369e-16  -2.5345631e-16  2.2989159e-16  1.0000000   1.3334167e-16  -8.3156692e-17  
2.6971863e-16  -6.7442992e-16  2.0447921e-16  2.7683569e-16  1.1517064e-16  -3.9940152e-16  6.6538795e-16  -3.5790988e-16  -3.8669170e-16  1.6749622e-16  1.1225495e-16  -2.9855613e-16  -7.4516704e-16  -5.7808629e-17  -2.1028687e-16  -4.9594491e-16  -4.0468739e-16  -2.3400744e-17  3.4180043e-16  5.3224263e-16  -1.5772320e-16  -1.9846187e-17  6.3374782e-16  -2.7176519e-16  5.5212652e-18  8.9476583e-17  -3.7016295e-16  -2.8845627e-17  1.3334167e-16  1.0000000   1.4433589e-16  2.6971863e-16  -6.7442992e-16  2.0447921e-16  2.7683569e-16  1.1517064e-16  -3.9940152e-16  6.6538795e-16  -3.5790988e-16  -3.8669170e-16  1.6749622e-16  1.1225495e-16  -2.9855613e-16  -7.4516704e-16  -5.7808629e-17  -2.1028687e-16  -4.9594491e-16  -4.0468739e-16  -2.3400744e-17  3.4180043e-16  5.3224263e-16  -1.5772320e-16  -1.9846187e-17  6.3374782e-16  -2.7176519e-16  5.5212652e-18  8.9476583e-17  -3.7016295e-16  -2.8845627e-17  1.3334167e-16  1.0000000   1.4433589e-16  
6.5020720e-16  -3.3870306e-16  -5.9566752e-16  -3.1272323e-16  2.6896843e-17  7.7151128e-16  -4.1129825e-17  -6.4267490e-16  -3.3484257e-16  6.9433322e-17  1.1435766e-16  -2.6769105e-16  3.6139559e-16  2.8277831e-16  -2.9930144e-16  4.0959732e-17  4.6178819e-16  6.9762776e-16  1.9012228e-16  -1.4470111e-16  3.8098496e-16  -9.7832065e-16  6.5667723e-16  5.6086704e-17  8.8822511e-16  -7.9841398e-17  8.7474350e-17  -5.8525369e-16  -8.3156692e-17  1.4433589e-16  1.0000000   6.5020720e-16  -3.3870306e-16  -5.9566752e-16  -3.1272323e-16  2.6896843e-17  7.7151128e-16  -4.1129825e-17  -6.4267490e-16  -3.3484257e-16  6.9433322e-17  1.1435766e-16  -2.6769105e-16  3.6139559e-16  2.8277831e-16  -2.9930144e-16  4.0959732e-17  4.6178819e-16  6.9762776e-16  1.9012228e-16  -1.4470111e-16  3.8098496e-16  -9.7832065e-16  6.5667723e-16  5.6086704e-17  8.8822511e-16  -7.9841398e-17  8.7474350e-17  -5.8525369e-16  -8.3156692e-17  1.4433589e-16  1.0000000   
1.0000000   -3.6146575e-17  -3.5142234e-16  -1.1284800e-16  3.6169670e-17  1.0197517e-15  -2.0185328e-16  -1.5524830e-16  3.0605065e-16  5.0103645e-16  8.3771603e-16  -2.5643443e-17  5.8052696e-16  1.9168246e-17  -1.6228539e-16  -1.6605206e-16  -3.2776547e-16  8.7047467e-16  -6.5234191e-16  -2.1785741e-16  -1.4735165e-15  -5.3385035e-17  -6.3186038e-16  -4.0031343e-16  8.7589947e-16  9.8097684e-16  -1.0230152e-16  4.2158066e-16  -3.7287822e-16  2.6971863e-16  6.5020720e-16  1.0000000   -3.6146575e-17  -3.5142234e-16  -1.1284800e-16  3.6169670e-17  1.0197517e-15  -2.0185328e-16  -1.5524830e-16  3.0605065e-16  5.0103645e-16  8.3771603e-16  -2.5643443e-17  5.8052696e-16  1.9168246e-17  -1.6228539e-16  -1.6605206e-16  -3.2776547e-16  8.7047467e-16  -6.5234191e-16  -2.1785741e-16  -1.4735165e-15  -5.3385035e-17  -6.3186038e-16  -4.0031343e-16  8.7589947e-16  9.8097684e-16  -1.0230152e-16  4.2158066e-16  -3.7287822e-16  2.6971863e-16  6.5020720e-16  
-3.6146575e-17  1.0000000   5.6538154e-16  9.9662677e-17  2.4245725e-16  -4.6509109e-16  1.0351299e-16  9.5168983e-16  -6.2261009e-16  3.8548701e-17  -7.5300335e-16  2.2685222e-16  -7.6572956e-17  3.1124821e-19  -4.3634656e-16  1.7956655e-17  -1.3803074e-16  -1.3467886e-15  -1.2370756e-16  -5.2986636e-17  -2.5420912e-16  8.2793387e-16  6.0700131e-16  -1.1775235e-16  -2.1746768e-16  -1.1395863e-16  7.6112998e-16  3.3270734e-17  -1.7007882e-16  -6.7442992e-16  -3.3870306e-16  -3.6146575e-17  1.0000000   5.6538154e-16  9.9662677e-17  2.4245725e-16  -4.6509109e-16  1.0351299e-16  9.5168983e-16  -6.2261009e-16  3.8548701e-17  -7.5300335e-16  2.2685222e-16  -7.6572956e-17  3.1124821e-19  -4.3634656e-16  1.7956655e-17  -1.3803074e-16  -1.3467886e-15  -1.2370756e-16  -5.2986636e-17  -2.5420912e-16  8.2793387e-16  6.0700131e-16  -1.1775235e-16  -2.1746768e-16  -1.1395863e-16  7.6112998e-16  3.3270734e-17  -1.7007882e-16  -6.7442992e-16  -3.3870306e-16  
-3.5142234e-16  5.6538154e-16  1.0000000   -1.9379607e-16  -9.0174466e-17  -1.7771425e-17  -1.6397773e-16  7.3092346e-17  2.9779849e-16  -8.5897744e-19  3.7115853e-16  3.6253338e-16  8.2018783e-17  1.5160661e-16  2.9264096e-16  1.6615482e-16  3.0209298e-16  1.2277361e-16  -4.6770446e-16  -9.6385934e-16  -2.4971897e-16  1.3665401e-16  -3.0494805e-16  6.4869767e-17  -2.5210623e-16  1.2188138e-16  -2.2310698e-16  3.9178430e-16  4.1840462e-16  2.0447921e-16  -5.9566752e-16  -3.5142234e-16  5.6538154e-16  1.0000000   -1.9379607e-16  -9.0174466e-17  -1.7771425e-17  -1.6397773e-16  7.3092346e-17  2.9779849e-16  -8.5897744e-19  3.7115853e-16  3.6253338e-16  8.2018783e-17  1.5160661e-16  2.9264096e-16  1.6615482e-16  3.0209298e-16  1.2277361e-16  -4.6770446e-16  -9.6385934e-16  -2.4971897e-16  1.3665401e-16  -3.0494805e-16  6.4869767e-17  -2.5210623e-16  1.2188138e-16  -2.2310698e-16  3.9178430e-16  4.1840462e-16  2.0447921e-16  -5.9566752e-16  
-1.1284800e-16  9.9662677e-17  -1.9379607e-16  1.0000000   5.5771087e-16  9.2952181e-16  -3.9570261e-17  1.5260438e-16  6.5141376e-16  -3.0327078e-16  3.5179412e-17  -9.7367380e-17  -6.3805719e-16  -8.0861822e-17  -2.7740538e-16  1.6231738e-16  -5.1341473e-16  -8.5882408e-17  3.0420259e-16  3.0790779e-16  3.7012376e-16  -2.3651050e-16  5.2548280e-17  2.3468954e-16  3.2559874e-16  2.7743265e-16  -2.9163360e-16  -4.6720644e-16  2.4647924e-16  2.7683569e-16  -3.1272323e-16  -1.1284800e-16  9.9662677e-17  -1.9379607e-16  1.0000000   5.5771087e-16  9.2952181e-16  -3.9570261e-17  1.5260438e-16  6.5141376e-16  -3.0327078e-16  3.5179412e-17  -9.7367380e-17  -6.3805719e-16  -8.0861822e-17  -2.7740538e-16  1.6231738e-16  -5.1341473e-16  -8.5882408e-17  3.0420259e-16  3.0790779e-16  3.7012376e-16  -2.3651050e-16  5.2548280e-17  2.3468954e-16  3.2559874e-16  2.7743265e-16  -2.9163360e-16  -4.6720644e-16  2.4647924e-16  2.7683569e-16  -3.1272323e-16  
3.6169670e-17  2.4245725e-16  -9.0174466e-17  5.5771087e-16  1.0000000   9.1029415e-16  1.3768622e-15  -5.5878653e-16  6.3470271e-16  2.6379248e-16  2.5076140e-16  1.1663913e-16  -2.5538010e-16  9.7552606e-16  -1.5021870e-16  -3.2345998e-16  -4.0691304e-16  -5.3980204e-16  2.4850761e-16  -2.9689216e-17  -6.3811931e-16  5.6796934e-16  -3.7701957e-16  9.7780695e-16  2.6190846e-16  2.0712701e-16  -1.5513123e-16  -1.4271268e-16  4.1933870e-16  1.1517064e-16  2.6896843e-17  3.6169670e-17  2.4245725e-16  -9.0174466e-17  5.5771087e-16  1.0000000   9.1029415e-16  1.3768622e-15  -5.5878653e-16  6.3470271e-16  2.6379248e-16  2.5076140e-16  1.1663913e-16  -2.5538010e-16  9.7552606e-16  -1.5021870e-16  -3.2345998e-16  -4.0691304e-16  -5.3980204e-16  2.4850761e-16  -2.9689216e-17  -6.3811931e-16  5.6796934e-16  -3.7701957e-16  9.7780695e-16  2.6190846e-16  2.0712701e-16  -1.5513123e-16  -1.4271268e-16  4.1933870e-16  1.1517064e-16  2.6896843e-17  
1.0197517e-15  -4.6509109e-16  -1.7771425e-17  9.2952181e-16  9.1029415e-16  1.0000000   4.6504652e-17  -2.2675000e-16  4.1912768e-16  -2.2639715e-16  3.2219401e-16  6.5690006e-17  -4.1146503e-17  6.4510961e-16  5.3511572e-17  2.1889360e-17  2.0812098e-17  -1.1450569e-15  -5.4085277e-16  7.0511809e-16  -9.0519824e-17  7.9982939e-18  -3.4720826e-16  8.2534624e-16  6.2047516e-16  -5.3239198e-16  1.2596941e-15  -4.7309541e-16  7.0682456e-16  -3.9940152e-16  7.7151128e-16  1.0197517e-15  -4.6509109e-16  -1.7771425e-17  9.2952181e-16  9.1029415e-16  1.0000000   4.6504652e-17  -2.2675000e-16  4.1912768e-16  -2.2639715e-16  3.2219401e-16  6.5690006e-17  -4.1146503e-17  6.4510961e-16  5.3511572e-17  2.1889360e-17  2.0812098e-17  -1.1450569e-15  -5.4085277e-16  7.0511809e-16  -9.0519824e-17  7.9982939e-18  -3.4720826e-16  8.2534624e-16  6.2047516e-16  -5.3239198e-16  1.2596941e-15  -4.7309541e-16  7.0682456e-16  -3.9940152e-16  7.7151128e-16  
-2.0185328e-16  1.0351299e-16  -1.6397773e-16  -3.9570261e-17  1.3768622e-15  4.6504652e-17  1.0000000   -2.8926340e-16  6.8269219e-16  8.0932224e-16  5.9402166e-16  1.9825621e-16  2.1663749e-16  1.0572337e-15  7.8890761e-17  -8.0246366e-16  2.4673329e-16  -2.2089383e-16  -3.6457234e-16  -1.8118032e-16  5.5764919e-16  -2.5708216e-16  -2.8787722e-17  5.9102033e-17  3.7683034e-16  1.0077617e-15  -6.3643318e-16  3.5644503e-18  -4.9388812e-17  6.6538795e-16  -4.1129825e-17  -2.0185328e-16  1.0351299e-16  -1.6397773e-16  -3.9570261e-17  1.3768622e-15  4.6504652e-17  1.0000000   -2.8926340e-16  6.8269219e-16  8.0932224e-16  5.9402166e-16  1.9825621e-16  2.1663749e-16  1.0572337e-15  7.8890761e-17  -8.0246366e-16  2.4673329e-16  -2.2089383e-16  -3.6457234e-16  -1.8118032e-16  5.5764919e-16  -2.5708216e-16  -2.8787722e-17  5.9102033e-17  3.7683034e-16  1.0077617e-15  -6.3643318e-16  3.5644503e-18  -4.9388812e-17  6.6538795e-16  -4.1129825e-17  
-1.5524830e-16  9.5168983e-16  7.3092346e-17  1.5260438e-16  -5.5878653e-16  -2.2675000e-16  -2.8926340e-16  1.0000000   -5.0633138e-16  -5.5248158e-16  -1.1974451e-15  -4.4008383e-16  1.4759319e-17  8.8094255e-18  9.4537376e-17  4.9490020e-16  -1.3848419e-16  -1.0691112e-15  -2.0376098e-16  -4.0081111e-16  -8.4213671e-17  4.7520738e-16  -3.0802666e-16  3.0184044e-16  3.2515303e-16  -9.8524682e-17  1.8438680e-16  -6.4463802e-17  4.7756637e-16  -3.5790988e-16  -6.4267490e-16  -1.5524830e-16  9.5168983e-16  7.3092346e-17  1.5260438e-16  -5.5878653e-16  -2.2675000e-16  -2.8926340e-16  1.0000000   -5.0633138e-16  -5.5248158e-16  -1.1974451e-15  -4.4008383e-16  1.4759319e-17  8.8094255e-18  9.4537376e-17  4.9490020e-16  -1.3848419e-16  -1.0691112e-15  -2.0376098e-16  -4.0081111e-16  -8.4213671e-17  4.7520738e-16  -3.0802666e-16  3.0184044e-16  3.2515303e-16  -9.8524682e-17  1.8438680e-16  -6.4463802e-17  4.7756637e-16  -3.5790988e-16  -6.4267490e-16  
3.0605065e-16  -6.2261009e-16  2.9779849e-16  6.5141376e-16  6.3470271e-16  4.1912768e-16  6.8269219e-16  -5.0633138e-16  1.0000000   4.0534136e-16  1.2253544e-16  -7.0685658e-16  1.2093095e-15  9.3701476e-16  5.7484173e-16  1.1522970e-16  2.3256236e-16  -4.1525534e-18  -1.1135608e-16  1.9557047e-16  -2.7251059e-16  -2.0808558e-16  5.4717725e-16  -5.4942302e-17  2.3078213e-16  -4.2989331e-16  2.6205497e-16  -4.1076797e-19  5.3163698e-16  -3.8669170e-16  -3.3484257e-16  3.0605065e-16  -6.2261009e-16  2.9779849e-16  6.5141376e-16  6.3470271e-16  4.1912768e-16  6.8269219e-16  -5.0633138e-16  1.0000000   4.0534136e-16  1.2253544e-16  -7.0685658e-16  1.2093095e-15  9.3701476e-16  5.7484173e-16  1.1522970e-16  2.3256236e-16  -4.1525534e-18  -1.1135608e-16  1.9557047e-16  -2.7251059e-16  -2.0808558e-16  5.4717725e-16  -5.4942302e-17  2.3078213e-16  -4.2989331e-16  2.6205497e-16  -4.1076797e-19  5.3163698e-16  -3.8669170e-16  -3.3484257e-16  
5.0103645e-16  3.8548701e-17  -8.5897744e-19  -3.0327078e-16  2.6379248e-16  -2.2639715e-16  8.0932224e-16  -5.5248158e-16  4.0534136e-16  1.0000000   4.3467111e-16  4.0413760e-16  4.0551808e-17  6.4612437e-16  -2.5373349e-16  -1.1347784e-16  1.7495238e-17  -6.8726458e-16  -4.2681070e-16  -1.5698828e-16  2.0758767e-16  3.2473060e-16  -5.6378665e-16  -9.7251362e-17  -5.3630552e-16  9.8532547e-18  -1.3434336e-16  -2.4343154e-16  3.6267799e-16  1.6749622e-16  6.9433322e-17  5.0103645e-16  3.8548701e-17  -8.5897744e-19  -3.0327078e-16  2.6379248e-16  -2.2639715e-16  8.0932224e-16  -5.5248158e-16  4.0534136e-16  1.0000000   4.3467111e-16  4.0413760e-16  4.0551808e-17  6.4612437e-16  -2.5373349e-16  -1.1347784e-16  1.7495238e-17  -6.8726458e-16  -4.2681070e-16  -1.5698828e-16  2.0758767e-16  3.2473060e-16  -5.6378665e-16  -9.7251362e-17  -5.3630552e-16  9.8532547e-18  -1.3434336e-16  -2.4343154e-16  3.6267799e-16  1.6749622e-16  6.9433322e-17  
