1.0000000   1.7870681e-16  2.2744781e-17  -2.6144893e-16  1.7129124e-17  -2.5554561e-16  -3.8819761e-16  4.8607119e-16  -6.5749684e-16  -4.3127177e-16  1.4436140e-16  -3.3723136e-16  -4.4799794e-16  -4.8253761e-16  -9.4973505e-17  8.5863906e-16  -4.2030286e-16  -3.1414087e-16  -2.9087530e-16  -5.1533358e-16  -7.6050791e-16  -5.6890846e-16  5.1641611e-16  -1.1206770e-16  1.1399580e-16  5.4845275e-16  2.4386144e-16  -3.3840244e-16  -2.4651520e-16  -6.9854631e-16  4.6328922e-16  1.0000000   1.7870681e-16  2.2744781e-17  -2.6144893e-16  1.7129124e-17  -2.5554561e-16  -3.8819761e-16  4.8607119e-16  -6.5749684e-16  -4.3127177e-16  1.4436140e-16  -3.3723136e-16  -4.4799794e-16  -4.8253761e-16  -9.4973505e-17  8.5863906e-16  -4.2030286e-16  -3.1414087e-16  -2.9087530e-16  -5.1533358e-16  -7.6050791e-16  -5.6890846e-16  5.1641611e-16  -1.1206770e-16  1.1399580e-16  5.4845275e-16  2.4386144e-16  -3.3840244e-16  -2.4651520e-16  -6.9854631e-16  4.6328922e-16  
1.7870681e-16  1.0000000   -8.0086132e-16  -1.1291182e-16  -3.6627770e-16  1.0645392e-16  -1.1092775e-15  8.3337026e-16  9.5659459e-17  6.0983021e-16  7.4732757e-16  -1.0934684e-15  3.7292064e-16  -3.8098372e-16  -2.5754442e-16  -3.1178338e-16  6.1478202e-17  3.2022871e-17  3.5544427e-16  5.2760527e-16  -9.3337947e-17  -6.4094483e-16  -1.2045048e-16  5.0118915e-18  -6.5090803e-16  -2.0336365e-16  -6.1658804e-16  5.6565006e-16  -6.9781466e-16  -1.9976159e-16  -6.4768489e-16  1.7870681e-16  1.0000000   -8.0086132e-16  -1.1291182e-16  -3.6627770e-16  1.0645392e-16  -1.1092775e-15  8.3337026e-16  9.5659459e-17  6.0983021e-16  7.4732757e-16  -1.0934684e-15  3.7292064e-16  -3.8098372e-16  -2.5754442e-16  -3.1178338e-16  6.1478202e-17  3.2022871e-17  3.5544427e-16  5.2760527e-16  -9.3337947e-17  -6.4094483e-16  -1.2045048e-16  5.0118915e-18  -6.5090803e-16  -2.0336365e-16  -6.1658804e-16  5.6565006e-16  -6.9781466e-16  -1.9976159e-16  -6.4768489e-16  
2.2744781e-17  -8.0086132e-16  1.0000000   1.7384115e-16  -3.3977866e-16  9.8678522e-16  1.0974521e-16  3.3694696e-16  1.0619814e-16  -3.8497699e-17  -4.0715634e-16  -4.0740738e-16  -5.8321477e-16  -2.6205357e-16  -2.2615353e-16  1.0325973e-15  2.3843367e-16  -5.3833479e-16  -9.0406612e-17  1.0917054e-15  4.9077618e-17  6.5499255e-16  -1.5976413e-16  -3.8308231e-16  -5.2370252e-16  -7.3501431e-16  3.7941954e-17  -2.0235335e-16  9.0838768e-17  -2.2727966e-16  -2.3100053e-16  2.2744781e-17  -8.0086132e-16  1.0000000   1.7384115e-16  -3.3977866e-16  9.8678522e-16  1.0974521e-16  3.3694696e-16  1.0619814e-16  -3.8497699e-17  -4.0715634e-16  -4.0740738e-16  -5.8321477e-16  -2.6205357e-16  -2.2615353e-16  1.0325973e-15  2.3843367e-16  -5.3833479e-16  -9.0406612e-17  1.0917054e-15  4.9077618e-17  6.5499255e-16  -1.5976413e-16  -3.8308231e-16  -5.2370252e-16  -7.3501431e-16  3.7941954e-17  -2.0235335e-16  9.0838768e-17  -2.2727966e-16  -2.3100053e-16  
-2.6144893e-16  -1.1291182e-16  1.7384115e-16  1.0000000   2.9485748e-16  1.0288601e-17  -7.4008730e-16  2.0789162e-16  -1.6674761e-16  -8.9659958e-16  3.6929674e-16  -1.6638954e-15  -3.7079784e-16  7.4284525e-18  7.2761677e-17  -6.6827975e-16  -5.0174896e-16  2.9184946e-16  -4.8375030e-16  -5.5499433e-16  1.0448365e-15  1.1857072e-15  -2.1395663e-16  -1.6902111e-16  -7.0649834e-16  1.6071730e-16  1.7498492e-16  -1.9409870e-16  -4.2213246e-16  7.9272240e-16  1.3008154e-15  -2.6144893e-16  -1.1291182e-16  1.7384115e-16  1.0000000   2.9485748e-16  1.0288601e-17  -7.4008730e-16  2.0789162e-16  -1.6674761e-16  -8.9659958e-16  3.6929674e-16  -1.6638954e-15  -3.7079784e-16  7.4284525e-18  7.2761677e-17  -6.6827975e-16  -5.0174896e-16  2.9184946e-16  -4.8375030e-16  -5.5499433e-16  1.0448365e-15  1.1857072e-15  -2.1395663e-16  -1.6902111e-16  -7.0649834e-16  1.6071730e-16  1.7498492e-16  -1.9409870e-16  -4.2213246e-16  7.9272240e-16  1.3008154e-15  
1.7129124e-17  -3.6627770e-16  -3.3977866e-16  2.9485748e-16  1.0000000   -4.2204063e-16  -2.2943951e-16  1.1096880e-16  4.6210850e-16  2.6246267e-16  6.7119983e-16  5.7211051e-16  -5.4811530e-17  1.4189148e-16  1.8773346e-16  2.5642192e-16  5.2527362e-16  -6.2049870e-16  1.0254794e-16  3.7308017e-16  4.9193655e-16  -6.4545509e-16  -6.6717935e-16  -3.6708253e-16  -1.5183188e-16  -2.7985870e-17  3.6570973e-16  6.6046179e-16  5.9457207e-16  -1.8394111e-16  -2.7440991e-16  1.7129124e-17  -3.6627770e-16  -3.3977866e-16  2.9485748e-16  1.0000000   -4.2204063e-16  -2.2943951e-16  1.1096880e-16  4.6210850e-16  2.6246267e-16  6.7119983e-16  5.7211051e-16  -5.4811530e-17  1.4189148e-16  1.8773346e-16  2.5642192e-16  5.2527362e-16  -6.2049870e-16  1.0254794e-16  3.7308017e-16  4.9193655e-16  -6.4545509e-16  -6.6717935e-16  -3.6708253e-16  -1.5183188e-16  -2.7985870e-17  3.6570973e-16  6.6046179e-16  5.9457207e-16  -1.8394111e-16  -2.7440991e-16  
-2.5554561e-16  1.0645392e-16  9.8678522e-16  1.0288601e-17  -4.2204063e-16  1.0000000   -5.8762834e-16  2.7337214e-17  -3.7444939e-17  5.5761440e-16  -6.9378566e-17  1.8070733e-16  9.4267033e-16  -7.2221119e-16  1.6186872e-16  3.8340592e-16  3.3201606e-17  -1.0682322e-16  7.2024636e-16  -2.2699897e-16  -5.1964636e-16  -3.3399491e-16  -7.1436240e-16  1.0366478e-16  -6.6314006e-17  2.8736792e-16  5.0139219e-17  5.3452997e-16  1.9353904e-16  6.5302407e-17  -8.3599975e-17  -2.5554561e-16  1.0645392e-16  9.8678522e-16  1.0288601e-17  -4.2204063e-16  1.0000000   -5.8762834e-16  2.7337214e-17  -3.7444939e-17  5.5761440e-16  -6.9378566e-17  1.8070733e-16  9.4267033e-16  -7.2221119e-16  1.6186872e-16  3.8340592e-16  3.3201606e-17  -1.0682322e-16  7.2024636e-16  -2.2699897e-16  -5.1964636e-16  -3.3399491e-16  -7.1436240e-16  1.0366478e-16  -6.6314006e-17  2.8736792e-16  5.0139219e-17  5.3452997e-16  1.9353904e-16  6.5302407e-17  -8.3599975e-17  
-3.8819761e-16  -1.1092775e-15  1.0974521e-16  -7.4008730e-16  -2.2943951e-16  -5.8762834e-16  1.0000000   -2.9952823e-16  -1.8708677e-16  -4.1266519e-16  3.8008948e-16  2.2265904e-16  1.2785356e-16  -5.7543092e-16  -7.0966465e-17  -1.4397233e-16  -4.2140703e-16  3.4465405e-16  -1.8386477e-16  -4.7126212e-16  9.4280942e-16  4.6266190e-16  -3.6286549e-16  5.8344166e-16  1.5371120e-16  -6.2872560e-16  -5.3680938e-16  5.4369437e-16  2.3907754e-16  7.0268362e-16  1.0156090e-15  -3.8819761e-16  -1.1092775e-15  1.0974521e-16  -7.4008730e-16  -2.2943951e-16  -5.8762834e-16  1.0000000   -2.9952823e-16  -1.8708677e-16  -4.1266519e-16  3.8008948e-16  2.2265904e-16  1.2785356e-16  -5.7543092e-16  -7.0966465e-17  -1.4397233e-16  -4.2140703e-16  3.4465405e-16  -1.8386477e-16  -4.7126212e-16  9.4280942e-16  4.6266190e-16  -3.6286549e-16  5.8344166e-16  1.5371120e-16  -6.2872560e-16  -5.3680938e-16  5.4369437e-16  2.3907754e-16  7.0268362e-16  1.0156090e-15  
4.8607119e-16  8.3337026e-16  3.3694696e-16  2.0789162e-16  1.1096880e-16  2.7337214e-17  -2.9952823e-16  1.0000000   -6.8745442e-16  -2.3613148e-16  2.2943188e-16  -4.7825287e-17  -2.2468544e-16  8.7091795e-17  2.7582023e-16  5.6660839e-16  -3.1488191e-16  -2.1468327e-16  -4.3174639e-16  -8.7740040e-18  -3.8865204e-16  5.5670385e-16  -1.9945650e-16  5.0298669e-17  1.4376707e-17  5.5922491e-16  2.6625025e-18  3.3280650e-16  2.1439637e-16  2.5604238e-17  2.9284014e-16  4.8607119e-16  8.3337026e-16  3.3694696e-16  2.0789162e-16  1.1096880e-16  2.7337214e-17  -2.9952823e-16  1.0000000   -6.8745442e-16  -2.3613148e-16  2.2943188e-16  -4.7825287e-17  -2.2468544e-16  8.7091795e-17  2.7582023e-16  5.6660839e-16  -3.1488191e-16  -2.1468327e-16  -4.3174639e-16  -8.7740040e-18  -3.8865204e-16  5.5670385e-16  -1.9945650e-16  5.0298669e-17  1.4376707e-17  5.5922491e-16  2.6625025e-18  3.3280650e-16  2.1439637e-16  2.5604238e-17  2.9284014e-16  
-6.5749684e-16  9.5659459e-17  1.0619814e-16  -1.6674761e-16  4.6210850e-16  -3.7444939e-17  -1.8708677e-16  -6.8745442e-16  1.0000000   -6.3364770e-16  1.6721513e-16  -5.9535877e-16  7.4910686e-16  -1.0491365e-15  -9.2827085e-17  -1.5192885e-16  -9.1374667e-16  1.7891839e-16  5.2511272e-17  3.2660197e-16  -8.6265878e-16  -3.1085198e-16  -1.7128287e-16  -3.9710324e-16  2.4307395e-16  -5.2603746e-16  -3.4403386e-16  -4.5318672e-16  6.9649802e-16  -3.4666703e-17  -6.5645862e-16  -6.5749684e-16  9.5659459e-17  1.0619814e-16  -1.6674761e-16  4.6210850e-16  -3.7444939e-17  -1.8708677e-16  -6.8745442e-16  1.0000000   -6.3364770e-16  1.6721513e-16  -5.9535877e-16  7.4910686e-16  -1.0491365e-15  -9.2827085e-17  -1.5192885e-16  -9.1374667e-16  1.7891839e-16  5.2511272e-17  3.2660197e-16  -8.6265878e-16  -3.1085198e-16  -1.7128287e-16  -3.9710324e-16  2.4307395e-16  -5.2603746e-16  -3.4403386e-16  -4.5318672e-16  6.9649802e-16  -3.4666703e-17  -6.5645862e-16  
-4.3127177e-16  6.0983021e-16  -3.8497699e-17  -8.9659958e-16  2.6246267e-16  5.5761440e-16  -4.1266519e-16  -2.3613148e-16  -6.3364770e-16  1.0000000   5.8963855e-16  3.0119856e-16  2.0238853e-16  6.3150187e-16  2.3347799e-17  -1.0621218e-16  -6.1073962e-16  5.3792644e-16  -6.1045678e-16  3.1904924e-16  -4.5845022e-16  4.1205473e-16  6.4598713e-16  -1.4347833e-16  -5.7828369e-16  -2.5737571e-16  1.4227837e-16  -2.1299706e-16  -2.1028990e-17  -9.6162583e-17  -2.5534700e-16  -4.3127177e-16  6.0983021e-16  -3.8497699e-17  -8.9659958e-16  2.6246267e-16  5.5761440e-16  -4.1266519e-16  -2.3613148e-16  -6.3364770e-16  1.0000000   5.8963855e-16  3.0119856e-16  2.0238853e-16  6.3150187e-16  2.3347799e-17  -1.0621218e-16  -6.1073962e-16  5.3792644e-16  -6.1045678e-16  3.1904924e-16  -4.5845022e-16  4.1205473e-16  6.4598713e-16  -1.4347833e-16  -5.7828369e-16  -2.5737571e-16  1.4227837e-16  -2.1299706e-16  -2.1028990e-17  -9.6162583e-17  -2.5534700e-16  
1.4436140e-16  7.4732757e-16  -4.0715634e-16  3.6929674e-16  6.7119983e-16  -6.9378566e-17  3.8008948e-16  2.2943188e-16  1.6721513e-16  5.8963855e-16  1.0000000   3.5259400e-16  -3.6909321e-16  4.8056775e-16  1.3836462e-16  -2.3317030e-16  -6.0187525e-16  2.2663469e-16  -6.1182401e-17  -2.1201888e-17  5.8321864e-16  3.8907532e-16  -6.5779982e-16  4.6888417e-17  2.6727648e-16  -4.9503485e-16  4.2414010e-17  -2.3364843e-16  7.8150899e-18  7.1488085e-17  2.2191333e-16  1.4436140e-16  7.4732757e-16  -4.0715634e-16  3.6929674e-16  6.7119983e-16  -6.9378566e-17  3.8008948e-16  2.2943188e-16  1.6721513e-16  5.8963855e-16  1.0000000   3.5259400e-16  -3.6909321e-16  4.8056775e-16  1.3836462e-16  -2.3317030e-16  -6.0187525e-16  2.2663469e-16  -6.1182401e-17  -2.1201888e-17  5.8321864e-16  3.8907532e-16  -6.5779982e-16  4.6888417e-17  2.6727648e-16  -4.9503485e-16  4.2414010e-17  -2.3364843e-16  7.8150899e-18  7.1488085e-17  2.2191333e-16  
-3.3723136e-16  -1.0934684e-15  -4.0740738e-16  -1.6638954e-15  5.7211051e-16  1.8070733e-16  2.2265904e-16  -4.7825287e-17  -5.9535877e-16  3.0119856e-16  3.5259400e-16  1.0000000   2.1086809e-16  -3.1221500e-16  -2.9558029e-16  -7.7416172e-16  2.1165344e-16  8.4614545e-17  4.8779148e-16  1.3848242e-16  1.6700469e-16  1.0210286e-16  -3.1979293e-16  -1.4323914e-16  3.4611437e-17  -5.4545175e-16  2.8128550e-16  3.4941547e-16  -1.1243214e-17  3.6612091e-16  3.5456654e-17  -3.3723136e-16  -1.0934684e-15  -4.0740738e-16  -1.6638954e-15  5.7211051e-16  1.8070733e-16  2.2265904e-16  -4.7825287e-17  -5.9535877e-16  3.0119856e-16  3.5259400e-16  1.0000000   2.1086809e-16  -3.1221500e-16  -2.9558029e-16  -7.7416172e-16  2.1165344e-16  8.4614545e-17  4.8779148e-16  1.3848242e-16  1.6700469e-16  1.0210286e-16  -3.1979293e-16  -1.4323914e-16  3.4611437e-17  -5.4545175e-16  2.8128550e-16  3.4941547e-16  -1.1243214e-17  3.6612091e-16  3.5456654e-17  
-4.4799794e-16  3.7292064e-16  -5.8321477e-16  -3.7079784e-16  -5.4811530e-17  9.4267033e-16  1.2785356e-16  -2.2468544e-16  7.4910686e-16  2.0238853e-16  -3.6909321e-16  2.1086809e-16  1.0000000   5.4161702e-16  -7.3439331e-16  7.0249497e-16  1.9274516e-16  -2.1564178e-16  -1.8132180e-16  -1.0700364e-16  3.8247690e-16  1.6446827e-16  -1.5426814e-16  5.0582767e-16  3.2429807e-16  1.0395902e-16  1.2750431e-15  -4.2858777e-16  8.4500315e-17  1.4147567e-16  2.0841023e-16  -4.4799794e-16  3.7292064e-16  -5.8321477e-16  -3.7079784e-16  -5.4811530e-17  9.4267033e-16  1.2785356e-16  -2.2468544e-16  7.4910686e-16  2.0238853e-16  -3.6909321e-16  2.1086809e-16  1.0000000   5.4161702e-16  -7.3439331e-16  7.0249497e-16  1.9274516e-16  -2.1564178e-16  -1.8132180e-16  -1.0700364e-16  3.8247690e-16  1.6446827e-16  -1.5426814e-16  5.0582767e-16  3.2429807e-16  1.0395902e-16  1.2750431e-15  -4.2858777e-16  8.4500315e-17  1.4147567e-16  2.0841023e-16  
-4.8253761e-16  -3.8098372e-16  -2.6205357e-16  7.4284525e-18  1.4189148e-16  -7.2221119e-16  -5.7543092e-16  8.7091795e-17  -1.0491365e-15  6.3150187e-16  4.8056775e-16  -3.1221500e-16  5.4161702e-16  1.0000000   -1.4027714e-16  1.3548187e-16  1.0318000e-16  -3.0473118e-16  -3.1410105e-16  -3.5638244e-16  9.4585367e-16  2.9024570e-16  4.8913406e-16  2.7758003e-16  2.4161283e-16  -2.2572923e-16  5.9060214e-16  -8.8584775e-16  -1.5224607e-16  -4.2911444e-16  -3.7123777e-16  -4.8253761e-16  -3.8098372e-16  -2.6205357e-16  7.4284525e-18  1.4189148e-16  -7.2221119e-16  -5.7543092e-16  8.7091795e-17  -1.0491365e-15  6.3150187e-16  4.8056775e-16  -3.1221500e-16  5.4161702e-16  1.0000000   -1.4027714e-16  1.3548187e-16  1.0318000e-16  -3.0473118e-16  -3.1410105e-16  -3.5638244e-16  9.4585367e-16  2.9024570e-16  4.8913406e-16  2.7758003e-16  2.4161283e-16  -2.2572923e-16  5.9060214e-16  -8.8584775e-16  -1.5224607e-16  -4.2911444e-16  -3.7123777e-16  
-9.4973505e-17  -2.5754442e-16  -2.2615353e-16  7.2761677e-17  1.8773346e-16  1.6186872e-16  -7.0966465e-17  2.7582023e-16  -9.2827085e-17  2.3347799e-17  1.3836462e-16  -2.9558029e-16  -7.3439331e-16  -1.4027714e-16  1.0000000   2.4951668e-17  -8.3443393e-16  1.4184016e-16  2.2461109e-16  4.5806285e-16  -1.0769189e-16  2.9122111e-16  -1.5397196e-16  -2.1094881e-16  7.7805722e-17  -6.4712702e-17  1.6539357e-16  -4.9522973e-16  1.8747041e-16  3.7214065e-17  -9.3248302e-16  -9.4973505e-17  -2.5754442e-16  -2.2615353e-16  7.2761677e-17  1.8773346e-16  1.6186872e-16  -7.0966465e-17  2.7582023e-16  -9.2827085e-17  2.3347799e-17  1.3836462e-16  -2.9558029e-16  -7.3439331e-16  -1.4027714e-16  1.0000000   2.4951668e-17  -8.3443393e-16  1.4184016e-16  2.2461109e-16  4.5806285e-16  -1.0769189e-16  2.9122111e-16  -1.5397196e-16  -2.1094881e-16  7.7805722e-17  -6.4712702e-17  1.6539357e-16  -4.9522973e-16  1.8747041e-16  3.7214065e-17  -9.3248302e-16  
8.5863906e-16  -3.1178338e-16  1.0325973e-15  -6.6827975e-16  2.5642192e-16  3.8340592e-16  -1.4397233e-16  5.6660839e-16  -1.5192885e-16  -1.0621218e-16  -2.3317030e-16  -7.7416172e-16  7.0249497e-16  1.3548187e-16  2.4951668e-17  1.0000000   -4.3856386e-16  -5.2190479e-16  -5.0968140e-16  -4.1970478e-16  -6.7178942e-17  -4.8030851e-16  4.1636974e-16  9.3848653e-18  -3.7751104e-16  -5.1684606e-16  2.4589132e-16  -3.1398587e-16  -2.1295439e-16  -1.6305142e-16  -3.1853977e-16  8.5863906e-16  -3.1178338e-16  1.0325973e-15  -6.6827975e-16  2.5642192e-16  3.8340592e-16  -1.4397233e-16  5.6660839e-16  -1.5192885e-16  -1.0621218e-16  -2.3317030e-16  -7.7416172e-16  7.0249497e-16  1.3548187e-16  2.4951668e-17  1.0000000   -4.3856386e-16  -5.2190479e-16  -5.0968140e-16  -4.1970478e-16  -6.7178942e-17  -4.8030851e-16  4.1636974e-16  9.3848653e-18  -3.7751104e-16  -5.1684606e-16  2.4589132e-16  -3.1398587e-16  -2.1295439e-16  -1.6305142e-16  -3.1853977e-16  
-4.2030286e-16  6.1478202e-17  2.3843367e-16  -5.0174896e-16  5.2527362e-16  3.3201606e-17  -4.2140703e-16  -3.1488191e-16  -9.1374667e-16  -6.1073962e-16  -6.0187525e-16  2.1165344e-16  1.9274516e-16  1.0318000e-16  -8.3443393e-16  -4.3856386e-16  1.0000000   3.4481560e-16  -1.6413757e-16  -3.3791282e-16  7.3208795e-16  7.4422429e-16  3.4761506e-16  3.8013432e-16  4.1242745e-16  8.7945185e-16  3.9366450e-17  2.5093850e-16  1.7350585e-16  8.2929369e-17  3.7293268e-16  -4.2030286e-16  6.1478202e-17  2.3843367e-16  -5.0174896e-16  5.2527362e-16  3.3201606e-17  -4.2140703e-16  -3.1488191e-16  -9.1374667e-16  -6.1073962e-16  -6.0187525e-16  2.1165344e-16  1.9274516e-16  1.0318000e-16  -8.3443393e-16  -4.3856386e-16  1.0000000   3.4481560e-16  -1.6413757e-16  -3.3791282e-16  7.3208795e-16  7.4422429e-16  3.4761506e-16  3.8013432e-16  4.1242745e-16  8.7945185e-16  3.9366450e-17  2.5093850e-16  1.7350585e-16  8.2929369e-17  3.7293268e-16  
-3.1414087e-16  3.2022871e-17  -5.3833479e-16  2.9184946e-16  -6.2049870e-16  -1.0682322e-16  3.4465405e-16  -2.1468327e-16  1.7891839e-16  5.3792644e-16  2.2663469e-16  8.4614545e-17  -2.1564178e-16  -3.0473118e-16  1.4184016e-16  -5.2190479e-16  3.4481560e-16  1.0000000   2.4466549e-16  -5.9764466e-16  -1.0722299e-15  6.1350580e-16  -7.1037409e-16  2.8542044e-16  -1.8624825e-16  4.0235303e-16  -7.2242335e-17  3.8320913e-16  -5.2955912e-16  9.8919757e-17  5.2110966e-16  -3.1414087e-16  3.2022871e-17  -5.3833479e-16  2.9184946e-16  -6.2049870e-16  -1.0682322e-16  3.4465405e-16  -2.1468327e-16  1.7891839e-16  5.3792644e-16  2.2663469e-16  8.4614545e-17  -2.1564178e-16  -3.0473118e-16  1.4184016e-16  -5.2190479e-16  3.4481560e-16  1.0000000   2.4466549e-16  -5.9764466e-16  -1.0722299e-15  6.1350580e-16  -7.1037409e-16  2.8542044e-16  -1.8624825e-16  4.0235303e-16  -7.2242335e-17  3.8320913e-16  -5.2955912e-16  9.8919757e-17  5.2110966e-16  
-2.9087530e-16  3.5544427e-16  -9.0406612e-17  -4.8375030e-16  1.0254794e-16  7.2024636e-16  -1.8386477e-16  -4.3174639e-16  5.2511272e-17  -6.1045678e-16  -6.1182401e-17  4.8779148e-16  -1.8132180e-16  -3.1410105e-16  2.2461109e-16  -5.0968140e-16  -1.6413757e-16  2.4466549e-16  1.0000000   2.8895896e-16  -1.7843869e-16  -1.3119431e-16  1.7490686e-16  -5.0113438e-16  -8.0208522e-17  -3.6462652e-16  7.5370646e-16  -3.2291589e-16  3.1603002e-16  -2.6285587e-16  2.1486363e-16  -2.9087530e-16  3.5544427e-16  -9.0406612e-17  -4.8375030e-16  1.0254794e-16  7.2024636e-16  -1.8386477e-16  -4.3174639e-16  5.2511272e-17  -6.1045678e-16  -6.1182401e-17  4.8779148e-16  -1.8132180e-16  -3.1410105e-16  2.2461109e-16  -5.0968140e-16  -1.6413757e-16  2.4466549e-16  1.0000000   2.8895896e-16  -1.7843869e-16  -1.3119431e-16  1.7490686e-16  -5.0113438e-16  -8.0208522e-17  -3.6462652e-16  7.5370646e-16  -3.2291589e-16  3.1603002e-16  -2.6285587e-16  2.1486363e-16  
-5.1533358e-16  5.2760527e-16  1.0917054e-15  -5.5499433e-16  3.7308017e-16  -2.2699897e-16  -4.7126212e-16  -8.7740040e-18  3.2660197e-16  3.1904924e-16  -2.1201888e-17  1.3848242e-16  -1.0700364e-16  -3.5638244e-16  4.5806285e-16  -4.1970478e-16  -3.3791282e-16  -5.9764466e-16  2.8895896e-16  1.0000000   1.4347690e-16  -1.3273490e-16  4.4226218e-16  2.9536649e-16  -5.0927265e-16  -4.4714989e-16  -2.0876378e-16  1.1103970e-15  -7.5753611e-16  -2.2074814e-16  1.2682136e-16  -5.1533358e-16  5.2760527e-16  1.0917054e-15  -5.5499433e-16  3.7308017e-16  -2.2699897e-16  -4.7126212e-16  -8.7740040e-18  3.2660197e-16  3.1904924e-16  -2.1201888e-17  1.3848242e-16  -1.0700364e-16  -3.5638244e-16  4.5806285e-16  -4.1970478e-16  -3.3791282e-16  -5.9764466e-16  2.8895896e-16  1.0000000   1.4347690e-16  -1.3273490e-16  4.4226218e-16  2.9536649e-16  -5.0927265e-16  -4.4714989e-16  -2.0876378e-16  1.1103970e-15  -7.5753611e-16  -2.2074814e-16  1.2682136e-16  
-7.6050791e-16  -9.3337947e-17  4.9077618e-17  1.0448365e-15  4.9193655e-16  -5.1964636e-16  9.4280942e-16  -3.8865204e-16  -8.6265878e-16  -4.5845022e-16  5.8321864e-16  1.6700469e-16  3.8247690e-16  9.4585367e-16  -1.0769189e-16  -6.7178942e-17  7.3208795e-16  -1.0722299e-15  -1.7843869e-16  1.4347690e-16  1.0000000   9.3443130e-16  5.6418155e-16  1.0410202e-16  6.1235194e-16  1.4963292e-16  2.7674275e-16  -3.4835157e-16  -7.2578464e-16  -1.9363869e-16  -5.8961064e-17  -7.6050791e-16  -9.3337947e-17  4.9077618e-17  1.0448365e-15  4.9193655e-16  -5.1964636e-16  9.4280942e-16  -3.8865204e-16  -8.6265878e-16  -4.5845022e-16  5.8321864e-16  1.6700469e-16  3.8247690e-16  9.4585367e-16  -1.0769189e-16  -6.7178942e-17  7.3208795e-16  -1.0722299e-15  -1.7843869e-16  1.4347690e-16  1.0000000   9.3443130e-16  5.6418155e-16  1.0410202e-16  6.1235194e-16  1.4963292e-16  2.7674275e-16  -3.4835157e-16  -7.2578464e-16  -1.9363869e-16  -5.8961064e-17  
-5.6890846e-16  -6.4094483e-16  6.5499255e-16  1.1857072e-15  -6.4545509e-16  -3.3399491e-16  4.6266190e-16  5.5670385e-16  -3.1085198e-16  4.1205473e-16  3.8907532e-16  1.0210286e-16  1.6446827e-16  2.9024570e-16  2.9122111e-16  -4.8030851e-16  7.4422429e-16  6.1350580e-16  -1.3119431e-16  -1.3273490e-16  9.3443130e-16  1.0000000   3.9503023e-16  5.7035996e-16  -4.3645105e-16  2.2586812e-16  -2.6417339e-16  1.1059439e-16  -5.0086154e-16  -3.1873601e-16  -6.2387400e-16  -5.6890846e-16  -6.4094483e-16  6.5499255e-16  1.1857072e-15  -6.4545509e-16  -3.3399491e-16  4.6266190e-16  5.5670385e-16  -3.1085198e-16  4.1205473e-16  3.8907532e-16  1.0210286e-16  1.6446827e-16  2.9024570e-16  2.9122111e-16  -4.8030851e-16  7.4422429e-16  6.1350580e-16  -1.3119431e-16  -1.3273490e-16  9.3443130e-16  1.0000000   3.9503023e-16  5.7035996e-16  -4.3645105e-16  2.2586812e-16  -2.6417339e-16  1.1059439e-16  -5.0086154e-16  -3.1873601e-16  -6.2387400e-16  
5.1641611e-16  -1.2045048e-16  -1.5976413e-16  -2.1395663e-16  -6.6717935e-16  -7.1436240e-16  -3.6286549e-16  -1.9945650e-16  -1.7128287e-16  6.4598713e-16  -6.5779982e-16  -3.1979293e-16  -1.5426814e-16  4.8913406e-16  -1.5397196e-16  4.1636974e-16  3.4761506e-16  -7.1037409e-16  1.7490686e-16  4.4226218e-16  5.6418155e-16  3.9503023e-16  1.0000000   3.4785208e-16  8.8235281e-17  2.4926280e-17  6.0398726e-16  7.5740519e-16  -4.2846664e-16  -3.5810060e-16  2.0135706e-16  5.1641611e-16  -1.2045048e-16  -1.5976413e-16  -2.1395663e-16  -6.6717935e-16  -7.1436240e-16  -3.6286549e-16  -1.9945650e-16  -1.7128287e-16  6.4598713e-16  -6.5779982e-16  -3.1979293e-16  -1.5426814e-16  4.8913406e-16  -1.5397196e-16  4.1636974e-16  3.4761506e-16  -7.1037409e-16  1.7490686e-16  4.4226218e-16  5.6418155e-16  3.9503023e-16  1.0000000   3.4785208e-16  8.8235281e-17  2.4926280e-17  6.0398726e-16  7.5740519e-16  -4.2846664e-16  -3.5810060e-16  2.0135706e-16  
-1.1206770e-16  5.0118915e-18  -3.8308231e-16  -1.6902111e-16  -3.6708253e-16  1.0366478e-16  5.8344166e-16  5.0298669e-17  -3.9710324e-16  -1.4347833e-16  4.6888417e-17  -1.4323914e-16  5.0582767e-16  2.7758003e-16  -2.1094881e-16  9.3848653e-18  3.8013432e-16  2.8542044e-16  -5.0113438e-16  2.9536649e-16  1.0410202e-16  5.7035996e-16  3.4785208e-16  1.0000000   -2.7682960e-16  6.1717491e-16  -3.0257098e-16  -4.0143638e-16  3.1526987e-16  -5.4460137e-16  2.1918855e-16  -1.1206770e-16  5.0118915e-18  -3.8308231e-16  -1.6902111e-16  -3.6708253e-16  1.0366478e-16  5.8344166e-16  5.0298669e-17  -3.9710324e-16  -1.4347833e-16  4.6888417e-17  -1.4323914e-16  5.0582767e-16  2.7758003e-16  -2.1094881e-16  9.3848653e-18  3.8013432e-16  2.8542044e-16  -5.0113438e-16  2.9536649e-16  1.0410202e-16  5.7035996e-16  3.4785208e-16  1.0000000   -2.7682960e-16  6.1717491e-16  -3.0257098e-16  -4.0143638e-16  3.1526987e-16  -5.4460137e-16  2.1918855e-16  
1.1399580e-16  -6.5090803e-16  -5.2370252e-16  -7.0649834e-16  -1.5183188e-16  -6.6314006e-17  1.5371120e-16  1.4376707e-17  2.4307395e-16  -5.7828369e-16  2.6727648e-16  3.4611437e-17  3.2429807e-16  2.4161283e-16  7.7805722e-17  -3.7751104e-16  4.1242745e-16  -1.8624825e-16  -8.0208522e-17  -5.0927265e-16  6.1235194e-16  -4.3645105e-16  8.8235281e-17  -2.7682960e-16  1.0000000   7.6221233e-16  -2.5981341e-16  -4.7051612e-16  5.0291373e-16  3.1611202e-16  3.8604222e-16  1.1399580e-16  -6.5090803e-16  -5.2370252e-16  -7.0649834e-16  -1.5183188e-16  -6.6314006e-17  1.5371120e-16  1.4376707e-17  2.4307395e-16  -5.7828369e-16  2.6727648e-16  3.4611437e-17  3.2429807e-16  2.4161283e-16  7.7805722e-17  -3.7751104e-16  4.1242745e-16  -1.8624825e-16  -8.0208522e-17  -5.0927265e-16  6.1235194e-16  -4.3645105e-16  8.8235281e-17  -2.7682960e-16  1.0000000   7.6221233e-16  -2.5981341e-16  -4.7051612e-16  5.0291373e-16  3.1611202e-16  3.8604222e-16  
5.4845275e-16  -2.0336365e-16  -7.3501431e-16  1.6071730e-16  -2.7985870e-17  2.8736792e-16  -6.2872560e-16  5.5922491e-16  -5.2603746e-16  -2.5737571e-16  -4.9503485e-16  -5.4545175e-16  1.0395902e-16  -2.2572923e-16  -6.4712702e-17  -5.1684606e-16  8.7945185e-16  4.0235303e-16  -3.6462652e-16  -4.4714989e-16  1.4963292e-16  2.2586812e-16  2.4926280e-17  6.1717491e-16  7.6221233e-16  1.0000000   4.6874050e-16  -5.9135668e-16  2.4872583e-16  -4.2274045e-16  -4.0525256e-16  5.4845275e-16  -2.0336365e-16  -7.3501431e-16  1.6071730e-16  -2.7985870e-17  2.8736792e-16  -6.2872560e-16  5.5922491e-16  -5.2603746e-16  -2.5737571e-16  -4.9503485e-16  -5.4545175e-16  1.0395902e-16  -2.2572923e-16  -6.4712702e-17  -5.1684606e-16  8.7945185e-16  4.0235303e-16  -3.6462652e-16  -4.4714989e-16  1.4963292e-16  2.2586812e-16  2.4926280e-17  6.1717491e-16  7.6221233e-16  1.0000000   4.6874050e-16  -5.9135668e-16  2.4872583e-16  -4.2274045e-16  -4.0525256e-16  
2.4386144e-16  -6.1658804e-16  3.7941954e-17  1.7498492e-16  3.6570973e-16  5.0139219e-17  -5.3680938e-16  2.6625025e-18  -3.4403386e-16  1.4227837e-16  4.2414010e-17  2.8128550e-16  1.2750431e-15  5.9060214e-16  1.6539357e-16  2.4589132e-16  3.9366450e-17  -7.2242335e-17  7.5370646e-16  -2.0876378e-16  2.7674275e-16  -2.6417339e-16  6.0398726e-16  -3.0257098e-16  -2.5981341e-16  4.6874050e-16  1.0000000   9.6158654e-18  1.3574451e-16  -1.2442232e-16  -1.4072665e-16  2.4386144e-16  -6.1658804e-16  3.7941954e-17  1.7498492e-16  3.6570973e-16  5.0139219e-17  -5.3680938e-16  2.6625025e-18  -3.4403386e-16  1.4227837e-16  4.2414010e-17  2.8128550e-16  1.2750431e-15  5.9060214e-16  1.6539357e-16  2.4589132e-16  3.9366450e-17  -7.2242335e-17  7.5370646e-16  -2.0876378e-16  2.7674275e-16  -2.6417339e-16  6.0398726e-16  -3.0257098e-16  -2.5981341e-16  4.6874050e-16  1.0000000   9.6158654e-18  1.3574451e-16  -1.2442232e-16  -1.4072665e-16  
-3.3840244e-16  5.6565006e-16  -2.0235335e-16  -1.9409870e-16  6.6046179e-16  5.3452997e-16  5.4369437e-16  3.3280650e-16  -4.5318672e-16  -2.1299706e-16  -2.3364843e-16  3.4941547e-16  -4.2858777e-16  -8.8584775e-16  -4.9522973e-16  -3.1398587e-16  2.5093850e-16  3.8320913e-16  -3.2291589e-16  1.1103970e-15  -3.4835157e-16  1.1059439e-16  7.5740519e-16  -4.0143638e-16  -4.7051612e-16  -5.9135668e-16  9.6158654e-18  1.0000000   8.4522487e-16  2.4954212e-16  -3.1229231e-16  -3.3840244e-16  5.6565006e-16  -2.0235335e-16  -1.9409870e-16  6.6046179e-16  5.3452997e-16  5.4369437e-16  3.3280650e-16  -4.5318672e-16  -2.1299706e-16  -2.3364843e-16  3.4941547e-16  -4.2858777e-16  -8.8584775e-16  -4.9522973e-16  -3.1398587e-16  2.5093850e-16  3.8320913e-16  -3.2291589e-16  1.1103970e-15  -3.4835157e-16  1.1059439e-16  7.5740519e-16  -4.0143638e-16  -4.7051612e-16  -5.9135668e-16  9.6158654e-18  1.0000000   8.4522487e-16  2.4954212e-16  -3.1229231e-16  
-2.4651520e-16  -6.9781466e-16  9.0838768e-17  -4.2213246e-16  5.9457207e-16  1.9353904e-16  2.3907754e-16  2.1439637e-16  6.9649802e-16  -2.1028990e-17  7.8150899e-18  -1.1243214e-17  8.4500315e-17  -1.5224607e-16  1.8747041e-16  -2.1295439e-16  1.7350585e-16  -5.2955912e-16  3.1603002e-16  -7.5753611e-16  -7.2578464e-16  -5.0086154e-16  -4.2846664e-16  3.1526987e-16  5.0291373e-16  2.4872583e-16  1.3574451e-16  8.4522487e-16  1.0000000   -2.0011038e-16  9.1179762e-17  -2.4651520e-16  -6.9781466e-16  9.0838768e-17  -4.2213246e-16  5.9457207e-16  1.9353904e-16  2.3907754e-16  2.1439637e-16  6.9649802e-16  -2.1028990e-17  7.8150899e-18  -1.1243214e-17  8.4500315e-17  -1.5224607e-16  1.8747041e-16  -2.1295439e-16  1.7350585e-16  -5.2955912e-16  3.1603002e-16  -7.5753611e-16  -7.2578464e-16  -5.0086154e-16  -4.2846664e-16  3.1526987e-16  5.0291373e-16  2.4872583e-16  1.3574451e-16  8.4522487e-16  1.0000000   -2.0011038e-16  9.1179762e-17  
-6.9854631e-16  -1.9976159e-16  -2.2727966e-16  7.9272240e-16  -1.8394111e-16  6.5302407e-17  7.0268362e-16  2.5604238e-17  -3.4666703e-17  -9.6162583e-17  7.1488085e-17  3.6612091e-16  1.4147567e-16  -4.2911444e-16  3.7214065e-17  -1.6305142e-16  8.2929369e-17  9.8919757e-17  -2.6285587e-16  -2.2074814e-16  -1.9363869e-16  -3.1873601e-16  -3.5810060e-16  -5.4460137e-16  3.1611202e-16  -4.2274045e-16  -1.2442232e-16  2.4954212e-16  -2.0011038e-16  1.0000000   -3.6514569e-16  -6.9854631e-16  -1.9976159e-16  -2.2727966e-16  7.9272240e-16  -1.8394111e-16  6.5302407e-17  7.0268362e-16  2.5604238e-17  -3.4666703e-17  -9.6162583e-17  7.1488085e-17  3.6612091e-16  1.4147567e-16  -4.2911444e-16  3.7214065e-17  -1.6305142e-16  8.2929369e-17  9.8919757e-17  -2.6285587e-16  -2.2074814e-16  -1.9363869e-16  -3.1873601e-16  -3.5810060e-16  -5.4460137e-16  3.1611202e-16  -4.2274045e-16  -1.2442232e-16  2.4954212e-16  -2.0011038e-16  1.0000000   -3.6514569e-16  
4.6328922e-16  -6.4768489e-16  -2.3100053e-16  1.3008154e-15  -2.7440991e-16  -8.3599975e-17  1.0156090e-15  2.9284014e-16  -6.5645862e-16  -2.5534700e-16  2.2191333e-16  3.5456654e-17  2.0841023e-16  -3.7123777e-16  -9.3248302e-16  -3.1853977e-16  3.7293268e-16  5.2110966e-16  2.1486363e-16  1.2682136e-16  -5.8961064e-17  -6.2387400e-16  2.0135706e-16  2.1918855e-16  3.8604222e-16  -4.0525256e-16  -1.4072665e-16  -3.1229231e-16  9.1179762e-17  -3.6514569e-16  1.0000000   4.6328922e-16  -6.4768489e-16  -2.3100053e-16  1.3008154e-15  -2.7440991e-16  -8.3599975e-17  1.0156090e-15  2.9284014e-16  -6.5645862e-16  -2.5534700e-16  2.2191333e-16  3.5456654e-17  2.0841023e-16  -3.7123777e-16  -9.3248302e-16  -3.1853977e-16  3.7293268e-16  5.2110966e-16  2.1486363e-16  1.2682136e-16  -5.8961064e-17  -6.2387400e-16  2.0135706e-16  2.1918855e-16  3.8604222e-16  -4.0525256e-16  -1.4072665e-16  -3.1229231e-16  9.1179762e-17  -3.6514569e-16  1.0000000   
1.0000000   1.7870681e-16  2.2744781e-17  -2.6144893e-16  1.7129124e-17  -2.5554561e-16  -3.8819761e-16  4.8607119e-16  -6.5749684e-16  -4.3127177e-16  1.4436140e-16  -3.3723136e-16  -4.4799794e-16  -4.8253761e-16  -9.4973505e-17  8.5863906e-16  -4.2030286e-16  -3.1414087e-16  -2.9087530e-16  -5.1533358e-16  -7.6050791e-16  -5.6890846e-16  5.1641611e-16  -1.1206770e-16  1.1399580e-16  5.4845275e-16  2.4386144e-16  -3.3840244e-16  -2.4651520e-16  -6.9854631e-16  4.6328922e-16  1.0000000   1.7870681e-16  2.2744781e-17  -2.6144893e-16  1.7129124e-17  -2.5554561e-16  -3.8819761e-16  4.8607119e-16  -6.5749684e-16  -4.3127177e-16  1.4436140e-16  -3.3723136e-16  -4.4799794e-16  -4.8253761e-16  -9.4973505e-17  8.5863906e-16  -4.2030286e-16  -3.1414087e-16  -2.9087530e-16  -5.1533358e-16  -7.6050791e-16  -5.6890846e-16  5.1641611e-16  -1.1206770e-16  1.1399580e-16  5.4845275e-16  2.4386144e-16  -3.3840244e-16  -2.4651520e-16  -6.9854631e-16  4.6328922e-16  
1.7870681e-16  1.0000000   -8.0086132e-16  -1.1291182e-16  -3.6627770e-16  1.0645392e-16  -1.1092775e-15  8.3337026e-16  9.5659459e-17  6.0983021e-16  7.4732757e-16  -1.0934684e-15  3.7292064e-16  -3.8098372e-16  -2.5754442e-16  -3.1178338e-16  6.1478202e-17  3.2022871e-17  3.5544427e-16  5.2760527e-16  -9.3337947e-17  -6.4094483e-16  -1.2045048e-16  5.0118915e-18  -6.5090803e-16  -2.0336365e-16  -6.1658804e-16  5.6565006e-16  -6.9781466e-16  -1.9976159e-16  -6.4768489e-16  1.7870681e-16  1.0000000   -8.0086132e-16  -1.1291182e-16  -3.6627770e-16  1.0645392e-16  -1.1092775e-15  8.3337026e-16  9.5659459e-17  6.0983021e-16  7.4732757e-16  -1.0934684e-15  3.7292064e-16  -3.8098372e-16  -2.5754442e-16  -3.1178338e-16  6.1478202e-17  3.2022871e-17  3.5544427e-16  5.2760527e-16  -9.3337947e-17  -6.4094483e-16  -1.2045048e-16  5.0118915e-18  -6.5090803e-16  -2.0336365e-16  -6.1658804e-16  5.6565006e-16  -6.9781466e-16  -1.9976159e-16  -6.4768489e-16  
2.2744781e-17  -8.0086132e-16  1.0000000   1.7384115e-16  -3.3977866e-16  9.8678522e-16  1.0974521e-16  3.3694696e-16  1.0619814e-16  -3.8497699e-17  -4.0715634e-16  -4.0740738e-16  -5.8321477e-16  -2.6205357e-16  -2.2615353e-16  1.0325973e-15  2.3843367e-16  -5.3833479e-16  -9.0406612e-17  1.0917054e-15  4.9077618e-17  6.5499255e-16  -1.5976413e-16  -3.8308231e-16  -5.2370252e-16  -7.3501431e-16  3.7941954e-17  -2.0235335e-16  9.0838768e-17  -2.2727966e-16  -2.3100053e-16  2.2744781e-17  -8.0086132e-16  1.0000000   1.7384115e-16  -3.3977866e-16  9.8678522e-16  1.0974521e-16  3.3694696e-16  1.0619814e-16  -3.8497699e-17  -4.0715634e-16  -4.0740738e-16  -5.8321477e-16  -2.6205357e-16  -2.2615353e-16  1.0325973e-15  2.3843367e-16  -5.3833479e-16  -9.0406612e-17  1.0917054e-15  4.9077618e-17  6.5499255e-16  -1.5976413e-16  -3.8308231e-16  -5.2370252e-16  -7.3501431e-16  3.7941954e-17  -2.0235335e-16  9.0838768e-17  -2.2727966e-16  -2.3100053e-16  
-2.6144893e-16  -1.1291182e-16  1.7384115e-16  1.0000000   2.9485748e-16  1.0288601e-17  -7.4008730e-16  2.0789162e-16  -1.6674761e-16  -8.9659958e-16  3.6929674e-16  -1.6638954e-15  -3.7079784e-16  7.4284525e-18  7.2761677e-17  -6.6827975e-16  -5.0174896e-16  2.9184946e-16  -4.8375030e-16  -5.5499433e-16  1.0448365e-15  1.1857072e-15  -2.1395663e-16  -1.6902111e-16  -7.0649834e-16  1.6071730e-16  1.7498492e-16  -1.9409870e-16  -4.2213246e-16  7.9272240e-16  1.3008154e-15  -2.6144893e-16  -1.1291182e-16  1.7384115e-16  1.0000000   2.9485748e-16  1.0288601e-17  -7.4008730e-16  2.0789162e-16  -1.6674761e-16  -8.9659958e-16  3.6929674e-16  -1.6638954e-15  -3.7079784e-16  7.4284525e-18  7.2761677e-17  -6.6827975e-16  -5.0174896e-16  2.9184946e-16  -4.8375030e-16  -5.5499433e-16  1.0448365e-15  1.1857072e-15  -2.1395663e-16  -1.6902111e-16  -7.0649834e-16  1.6071730e-16  1.7498492e-16  -1.9409870e-16  -4.2213246e-16  7.9272240e-16  1.3008154e-15  
1.7129124e-17  -3.6627770e-16  -3.3977866e-16  2.9485748e-16  1.0000000   -4.2204063e-16  -2.2943951e-16  1.1096880e-16  4.6210850e-16  2.6246267e-16  6.7119983e-16  5.7211051e-16  -5.4811530e-17  1.4189148e-16  1.8773346e-16  2.5642192e-16  5.2527362e-16  -6.2049870e-16  1.0254794e-16  3.7308017e-16  4.9193655e-16  -6.4545509e-16  -6.6717935e-16  -3.6708253e-16  -1.5183188e-16  -2.7985870e-17  3.6570973e-16  6.6046179e-16  5.9457207e-16  -1.8394111e-16  -2.7440991e-16  1.7129124e-17  -3.6627770e-16  -3.3977866e-16  2.9485748e-16  1.0000000   -4.2204063e-16  -2.2943951e-16  1.1096880e-16  4.6210850e-16  2.6246267e-16  6.7119983e-16  5.7211051e-16  -5.4811530e-17  1.4189148e-16  1.8773346e-16  2.5642192e-16  5.2527362e-16  -6.2049870e-16  1.0254794e-16  3.7308017e-16  4.9193655e-16  -6.4545509e-16  -6.6717935e-16  -3.6708253e-16  -1.5183188e-16  -2.7985870e-17  3.6570973e-16  6.6046179e-16  5.9457207e-16  -1.8394111e-16  -2.7440991e-16  
-2.5554561e-16  1.0645392e-16  9.8678522e-16  1.0288601e-17  -4.2204063e-16  1.0000000   -5.8762834e-16  2.7337214e-17  -3.7444939e-17  5.5761440e-16  -6.9378566e-17  1.8070733e-16  9.4267033e-16  -7.2221119e-16  1.6186872e-16  3.8340592e-16  3.3201606e-17  -1.0682322e-16  7.2024636e-16  -2.2699897e-16  -5.1964636e-16  -3.3399491e-16  -7.1436240e-16  1.0366478e-16  -6.6314006e-17  2.8736792e-16  5.0139219e-17  5.3452997e-16  1.9353904e-16  6.5302407e-17  -8.3599975e-17  -2.5554561e-16  1.0645392e-16  9.8678522e-16  1.0288601e-17  -4.2204063e-16  1.0000000   -5.8762834e-16  2.7337214e-17  -3.7444939e-17  5.5761440e-16  -6.9378566e-17  1.8070733e-16  9.4267033e-16  -7.2221119e-16  1.6186872e-16  3.8340592e-16  3.3201606e-17  -1.0682322e-16  7.2024636e-16  -2.2699897e-16  -5.1964636e-16  -3.3399491e-16  -7.1436240e-16  1.0366478e-16  -6.6314006e-17  2.8736792e-16  5.0139219e-17  5.3452997e-16  1.9353904e-16  6.5302407e-17  -8.3599975e-17  
-3.8819761e-16  -1.1092775e-15  1.0974521e-16  -7.4008730e-16  -2.2943951e-16  -5.8762834e-16  1.0000000   -2.9952823e-16  -1.8708677e-16  -4.1266519e-16  3.8008948e-16  2.2265904e-16  1.2785356e-16  -5.7543092e-16  -7.0966465e-17  -1.4397233e-16  -4.2140703e-16  3.4465405e-16  -1.8386477e-16  -4.7126212e-16  9.4280942e-16  4.6266190e-16  -3.6286549e-16  5.8344166e-16  1.5371120e-16  -6.2872560e-16  -5.3680938e-16  5.4369437e-16  2.3907754e-16  7.0268362e-16  1.0156090e-15  -3.8819761e-16  -1.1092775e-15  1.0974521e-16  -7.4008730e-16  -2.2943951e-16  -5.8762834e-16  1.0000000   -2.9952823e-16  -1.8708677e-16  -4.1266519e-16  3.8008948e-16  2.2265904e-16  1.2785356e-16  -5.7543092e-16  -7.0966465e-17  -1.4397233e-16  -4.2140703e-16  3.4465405e-16  -1.8386477e-16  -4.7126212e-16  9.4280942e-16  4.6266190e-16  -3.6286549e-16  5.8344166e-16  1.5371120e-16  -6.2872560e-16  -5.3680938e-16  5.4369437e-16  2.3907754e-16  7.0268362e-16  1.0156090e-15  
4.8607119e-16  8.3337026e-16  3.3694696e-16  2.0789162e-16  1.1096880e-16  2.7337214e-17  -2.9952823e-16  1.0000000   -6.8745442e-16  -2.3613148e-16  2.2943188e-16  -4.7825287e-17  -2.2468544e-16  8.7091795e-17  2.7582023e-16  5.6660839e-16  -3.1488191e-16  -2.1468327e-16  -4.3174639e-16  -8.7740040e-18  -3.8865204e-16  5.5670385e-16  -1.9945650e-16  5.0298669e-17  1.4376707e-17  5.5922491e-16  2.6625025e-18  3.3280650e-16  2.1439637e-16  2.5604238e-17  2.9284014e-16  4.8607119e-16  8.3337026e-16  3.3694696e-16  2.0789162e-16  1.1096880e-16  2.7337214e-17  -2.9952823e-16  1.0000000   -6.8745442e-16  -2.3613148e-16  2.2943188e-16  -4.7825287e-17  -2.2468544e-16  8.7091795e-17  2.7582023e-16  5.6660839e-16  -3.1488191e-16  -2.1468327e-16  -4.3174639e-16  -8.7740040e-18  -3.8865204e-16  5.5670385e-16  -1.9945650e-16  5.0298669e-17  1.4376707e-17  5.5922491e-16  2.6625025e-18  3.3280650e-16  2.1439637e-16  2.5604238e-17  2.9284014e-16  
-6.5749684e-16  9.5659459e-17  1.0619814e-16  -1.6674761e-16  4.6210850e-16  -3.7444939e-17  -1.8708677e-16  -6.8745442e-16  1.0000000   -6.3364770e-16  1.6721513e-16  -5.9535877e-16  7.4910686e-16  -1.0491365e-15  -9.2827085e-17  -1.5192885e-16  -9.1374667e-16  1.7891839e-16  5.2511272e-17  3.2660197e-16  -8.6265878e-16  -3.1085198e-16  -1.7128287e-16  -3.9710324e-16  2.4307395e-16  -5.2603746e-16  -3.4403386e-16  -4.5318672e-16  6.9649802e-16  -3.4666703e-17  -6.5645862e-16  -6.5749684e-16  9.5659459e-17  1.0619814e-16  -1.6674761e-16  4.6210850e-16  -3.7444939e-17  -1.8708677e-16  -6.8745442e-16  1.0000000   -6.3364770e-16  1.6721513e-16  -5.9535877e-16  7.4910686e-16  -1.0491365e-15  -9.2827085e-17  -1.5192885e-16  -9.1374667e-16  1.7891839e-16  5.2511272e-17  3.2660197e-16  -8.6265878e-16  -3.1085198e-16  -1.7128287e-16  -3.9710324e-16  2.4307395e-16  -5.2603746e-16  -3.4403386e-16  -4.5318672e-16  6.9649802e-16  -3.4666703e-17  -6.5645862e-16  
-4.3127177e-16  6.0983021e-16  -3.8497699e-17  -8.9659958e-16  2.6246267e-16  5.5761440e-16  -4.1266519e-16  -2.3613148e-16  -6.3364770e-16  1.0000000   5.8963855e-16  3.0119856e-16  2.0238853e-16  6.3150187e-16  2.3347799e-17  -1.0621218e-16  -6.1073962e-16  5.3792644e-16  -6.1045678e-16  3.1904924e-16  -4.5845022e-16  4.1205473e-16  6.4598713e-16  -1.4347833e-16  -5.7828369e-16  -2.5737571e-16  1.4227837e-16  -2.1299706e-16  -2.1028990e-17  -9.6162583e-17  -2.5534700e-16  -4.3127177e-16  6.0983021e-16  -3.8497699e-17  -8.9659958e-16  2.6246267e-16  5.5761440e-16  -4.1266519e-16  -2.3613148e-16  -6.3364770e-16  1.0000000   5.8963855e-16  3.0119856e-16  2.0238853e-16  6.3150187e-16  2.3347799e-17  -1.0621218e-16  -6.1073962e-16  5.3792644e-16  -6.1045678e-16  3.1904924e-16  -4.5845022e-16  4.1205473e-16  6.4598713e-16  -1.4347833e-16  -5.7828369e-16  -2.5737571e-16  1.4227837e-16  -2.1299706e-16  -2.1028990e-17  -9.6162583e-17  -2.5534700e-16  
