1.0000000   2.2931413e-16  1.9846051e-17  6.0104979e-16  3.8815748e-16  -2.4174532e-16  4.5865145e-16  -6.9787314e-17  1.4186144e-17  3.0092319e-16  7.6192729e-16  -2.2374561e-16  2.4886062e-16  -3.5429449e-16  -4.5973475e-16  4.4820130e-16  -8.9290653e-17  3.1049295e-16  -4.4747291e-16  5.3470411e-16  3.0236058e-16  3.8881777e-17  -4.1311241e-16  3.0031605e-16  -3.3550809e-16  1.4596156e-16  -6.1063294e-16  9.8436544e-18  -2.5005217e-16  2.9135661e-16  -7.3938922e-16  1.0000000   2.2931413e-16  1.9846051e-17  6.0104979e-16  3.8815748e-16  -2.4174532e-16  4.5865145e-16  -6.9787314e-17  1.4186144e-17  3.0092319e-16  7.6192729e-16  -2.2374561e-16  2.4886062e-16  -3.5429449e-16  -4.5973475e-16  4.4820130e-16  -8.9290653e-17  3.1049295e-16  -4.4747291e-16  5.3470411e-16  3.0236058e-16  3.8881777e-17  -4.1311241e-16  3.0031605e-16  -3.3550809e-16  1.4596156e-16  -6.1063294e-16  9.8436544e-18  -2.5005217e-16  2.9135661e-16  -7.3938922e-16  
2.2931413e-16  1.0000000   1.0269185e-15  1.9673308e-17  4.3084931e-17  2.8043318e-16  2.5015313e-16  3.0110462e-16  4.9983269e-17  5.3153081e-17  -4.5726091e-16  4.8421018e-16  8.9616671e-17  -3.2700929e-16  -2.0487503e-16  -2.1808988e-16  -3.2712255e-16  -8.7103106e-16  -3.1586514e-17  -9.9470901e-17  -2.2316380e-16  -2.6444714e-16  -5.1417680e-16  -7.8087283e-16  3.2245453e-16  -2.1196436e-16  2.4593576e-16  9.1585831e-17  -4.4793483e-16  1.2438501e-16  -7.0845445e-17  2.2931413e-16  1.0000000   1.0269185e-15  1.9673308e-17  4.3084931e-17  2.8043318e-16  2.5015313e-16  3.0110462e-16  4.9983269e-17  5.3153081e-17  -4.5726091e-16  4.8421018e-16  8.9616671e-17  -3.2700929e-16  -2.0487503e-16  -2.1808988e-16  -3.2712255e-16  -8.7103106e-16  -3.1586514e-17  -9.9470901e-17  -2.2316380e-16  -2.6444714e-16  -5.1417680e-16  -7.8087283e-16  3.2245453e-16  -2.1196436e-16  2.4593576e-16  9.1585831e-17  -4.4793483e-16  1.2438501e-16  -7.0845445e-17  
1.9846051e-17  1.0269185e-15  1.0000000   -3.5192637e-16  1.2134723e-16  -2.6894665e-16  -1.9381041e-16  1.0798004e-16  1.8440363e-16  1.5067204e-16  4.4886395e-16  -3.4395071e-16  5.0062712e-16  -7.9674861e-16  -1.8500687e-16  3.5585066e-16  1.4648668e-16  -7.3898405e-16  -2.3017547e-16  2.0758301e-16  1.1533971e-15  8.3204860e-17  1.6606696e-16  2.7554866e-16  8.4836544e-16  4.9058200e-16  -1.7362537e-16  -2.4145697e-16  -1.3489182e-15  -1.2434036e-16  -3.6721290e-16  1.9846051e-17  1.0269185e-15  1.0000000   -3.5192637e-16  1.2134723e-16  -2.6894665e-16  -1.9381041e-16  1.0798004e-16  1.8440363e-16  1.5067204e-16  4.4886395e-16  -3.4395071e-16  5.0062712e-16  -7.9674861e-16  -1.8500687e-16  3.5585066e-16  1.4648668e-16  -7.3898405e-16  -2.3017547e-16  2.0758301e-16  1.1533971e-15  8.3204860e-17  1.6606696e-16  2.7554866e-16  8.4836544e-16  4.9058200e-16  -1.7362537e-16  -2.4145697e-16  -1.3489182e-15  -1.2434036e-16  -3.6721290e-16  
6.0104979e-16  1.9673308e-17  -3.5192637e-16  1.0000000   -1.2243908e-16  -4.7219063e-17  -2.7089517e-17  -4.8504012e-16  -5.9114897e-16  -7.7791480e-16  4.8320885e-17  4.5935084e-16  -2.8129567e-17  -3.5519970e-16  2.5095100e-16  -2.8735289e-17  -7.7358281e-16  -5.4486354e-18  1.6233694e-16  8.5070312e-16  8.0096422e-16  -1.3363222e-16  6.7196272e-16  3.0236659e-16  7.7488151e-16  3.5395487e-17  1.6835126e-16  -3.0227725e-16  4.9685392e-16  5.9968065e-16  -7.9506770e-16  6.0104979e-16  1.9673308e-17  -3.5192637e-16  1.0000000   -1.2243908e-16  -4.7219063e-17  -2.7089517e-17  -4.8504012e-16  -5.9114897e-16  -7.7791480e-16  4.8320885e-17  4.5935084e-16  -2.8129567e-17  -3.5519970e-16  2.5095100e-16  -2.8735289e-17  -7.7358281e-16  -5.4486354e-18  1.6233694e-16  8.5070312e-16  8.0096422e-16  -1.3363222e-16  6.7196272e-16  3.0236659e-16  7.7488151e-16  3.5395487e-17  1.6835126e-16  -3.0227725e-16  4.9685392e-16  5.9968065e-16  -7.9506770e-16  
3.8815748e-16  4.3084931e-17  1.2134723e-16  -1.2243908e-16  1.0000000   -2.8241087e-16  -5.3343962e-16  -6.9701278e-16  4.1361919e-16  2.5617321e-16  -2.1865206e-16  4.0009937e-16  -3.3693532e-16  7.4946007e-16  1.6493987e-16  3.6522108e-16  4.0524797e-16  6.7578092e-17  -1.6757584e-17  -2.3010651e-16  2.2270503e-16  4.3612136e-16  1.6206465e-16  2.7122442e-16  3.5581272e-16  -3.8399419e-16  -8.2081095e-16  3.6842914e-18  7.8978044e-16  -6.4515101e-16  -8.1556786e-16  3.8815748e-16  4.3084931e-17  1.2134723e-16  -1.2243908e-16  1.0000000   -2.8241087e-16  -5.3343962e-16  -6.9701278e-16  4.1361919e-16  2.5617321e-16  -2.1865206e-16  4.0009937e-16  -3.3693532e-16  7.4946007e-16  1.6493987e-16  3.6522108e-16  4.0524797e-16  6.7578092e-17  -1.6757584e-17  -2.3010651e-16  2.2270503e-16  4.3612136e-16  1.6206465e-16  2.7122442e-16  3.5581272e-16  -3.8399419e-16  -8.2081095e-16  3.6842914e-18  7.8978044e-16  -6.4515101e-16  -8.1556786e-16  
-2.4174532e-16  2.8043318e-16  -2.6894665e-16  -4.7219063e-17  -2.8241087e-16  1.0000000   -1.1685035e-15  -2.7591766e-16  -1.0208475e-15  3.2069549e-16  -3.7173623e-16  -7.9740219e-16  -5.1561309e-16  -1.7113414e-17  1.3012877e-16  -6.1434824e-16  -1.0020619e-16  3.5686138e-16  3.9780319e-16  -2.1166368e-16  3.1433797e-16  1.7692962e-16  1.9773624e-16  4.4270949e-16  -2.8169209e-16  -1.8279449e-16  -5.4934391e-16  -2.5901438e-16  2.7459970e-16  4.2363759e-16  -3.1296111e-16  -2.4174532e-16  2.8043318e-16  -2.6894665e-16  -4.7219063e-17  -2.8241087e-16  1.0000000   -1.1685035e-15  -2.7591766e-16  -1.0208475e-15  3.2069549e-16  -3.7173623e-16  -7.9740219e-16  -5.1561309e-16  -1.7113414e-17  1.3012877e-16  -6.1434824e-16  -1.0020619e-16  3.5686138e-16  3.9780319e-16  -2.1166368e-16  3.1433797e-16  1.7692962e-16  1.9773624e-16  4.4270949e-16  -2.8169209e-16  -1.8279449e-16  -5.4934391e-16  -2.5901438e-16  2.7459970e-16  4.2363759e-16  -3.1296111e-16  
4.5865145e-16  2.5015313e-16  -1.9381041e-16  -2.7089517e-17  -5.3343962e-16  -1.1685035e-15  1.0000000   2.3339668e-16  5.1677456e-16  2.6057599e-16  -8.1202203e-18  -1.7919282e-16  4.5451925e-16  -3.7983823e-17  -2.5562352e-16  7.3785090e-16  3.5485954e-16  -3.3346152e-16  -1.6703257e-16  -3.8042921e-16  -5.5482448e-16  5.9726716e-16  5.9162420e-16  1.2817544e-15  -6.3919270e-17  1.1649050e-16  -6.0591434e-16  7.1827984e-16  -1.3625109e-15  -2.0224403e-16  5.6263967e-16  4.5865145e-16  2.5015313e-16  -1.9381041e-16  -2.7089517e-17  -5.3343962e-16  -1.1685035e-15  1.0000000   2.3339668e-16  5.1677456e-16  2.6057599e-16  -8.1202203e-18  -1.7919282e-16  4.5451925e-16  -3.7983823e-17  -2.5562352e-16  7.3785090e-16  3.5485954e-16  -3.3346152e-16  -1.6703257e-16  -3.8042921e-16  -5.5482448e-16  5.9726716e-16  5.9162420e-16  1.2817544e-15  -6.3919270e-17  1.1649050e-16  -6.0591434e-16  7.1827984e-16  -1.3625109e-15  -2.0224403e-16  5.6263967e-16  
-6.9787314e-17  3.0110462e-16  1.0798004e-16  -4.8504012e-16  -6.9701278e-16  -2.7591766e-16  2.3339668e-16  1.0000000   4.5029723e-16  5.9473613e-16  1.0840345e-15  -1.7235401e-16  -1.2726296e-16  -1.1915955e-15  7.6192269e-16  1.2854540e-17  6.3482955e-16  -1.6145288e-16  -2.4512534e-16  -2.2852643e-16  -5.7064379e-16  6.4459177e-16  -5.6035404e-17  -7.6746850e-17  1.0989734e-16  -9.7158047e-17  -3.4149223e-16  1.0988796e-15  1.1242723e-16  -2.3206196e-17  -2.8047293e-16  -6.9787314e-17  3.0110462e-16  1.0798004e-16  -4.8504012e-16  -6.9701278e-16  -2.7591766e-16  2.3339668e-16  1.0000000   4.5029723e-16  5.9473613e-16  1.0840345e-15  -1.7235401e-16  -1.2726296e-16  -1.1915955e-15  7.6192269e-16  1.2854540e-17  6.3482955e-16  -1.6145288e-16  -2.4512534e-16  -2.2852643e-16  -5.7064379e-16  6.4459177e-16  -5.6035404e-17  -7.6746850e-17  1.0989734e-16  -9.7158047e-17  -3.4149223e-16  1.0988796e-15  1.1242723e-16  -2.3206196e-17  -2.8047293e-16  
1.4186144e-17  4.9983269e-17  1.8440363e-16  -5.9114897e-16  4.1361919e-16  -1.0208475e-15  5.1677456e-16  4.5029723e-16  1.0000000   3.3694904e-16  8.6452185e-16  -2.1404131e-16  -5.1724136e-16  -8.8333095e-16  -8.5893285e-18  -5.7622675e-16  -6.1914668e-16  2.3847814e-16  -1.3242657e-16  -1.1540823e-16  5.9477798e-16  7.1060286e-16  3.8287621e-16  -4.1199868e-16  -6.0123306e-16  1.1045363e-17  3.6175075e-16  5.7360150e-16  -8.4874219e-16  4.9878337e-16  2.1605249e-16  1.4186144e-17  4.9983269e-17  1.8440363e-16  -5.9114897e-16  4.1361919e-16  -1.0208475e-15  5.1677456e-16  4.5029723e-16  1.0000000   3.3694904e-16  8.6452185e-16  -2.1404131e-16  -5.1724136e-16  -8.8333095e-16  -8.5893285e-18  -5.7622675e-16  -6.1914668e-16  2.3847814e-16  -1.3242657e-16  -1.1540823e-16  5.9477798e-16  7.1060286e-16  3.8287621e-16  -4.1199868e-16  -6.0123306e-16  1.1045363e-17  3.6175075e-16  5.7360150e-16  -8.4874219e-16  4.9878337e-16  2.1605249e-16  
3.0092319e-16  5.3153081e-17  1.5067204e-16  -7.7791480e-16  2.5617321e-16  3.2069549e-16  2.6057599e-16  5.9473613e-16  3.3694904e-16  1.0000000   1.7456383e-16  6.6613152e-16  2.5085519e-16  3.7689593e-17  -1.5165601e-16  7.2144175e-16  -8.6459664e-17  -5.3227570e-16  6.2660384e-17  -5.7047257e-16  -1.7186095e-16  1.8794404e-18  -4.5783244e-16  -2.1592885e-16  -3.7005897e-16  2.6538479e-17  -1.8581394e-16  5.2481530e-16  -4.2874598e-16  -7.2380776e-17  7.6537711e-16  3.0092319e-16  5.3153081e-17  1.5067204e-16  -7.7791480e-16  2.5617321e-16  3.2069549e-16  2.6057599e-16  5.9473613e-16  3.3694904e-16  1.0000000   1.7456383e-16  6.6613152e-16  2.5085519e-16  3.7689593e-17  -1.5165601e-16  7.2144175e-16  -8.6459664e-17  -5.3227570e-16  6.2660384e-17  -5.7047257e-16  -1.7186095e-16  1.8794404e-18  -4.5783244e-16  -2.1592885e-16  -3.7005897e-16  2.6538479e-17  -1.8581394e-16  5.2481530e-16  -4.2874598e-16  -7.2380776e-17  7.6537711e-16  
7.6192729e-16  -4.5726091e-16  4.4886395e-16  4.8320885e-17  -2.1865206e-16  -3.7173623e-16  -8.1202203e-18  1.0840345e-15  8.6452185e-16  1.7456383e-16  1.0000000   6.0886909e-17  3.5115669e-16  -2.1911394e-16  5.9005337e-16  6.2452220e-16  -7.7318074e-17  1.8872001e-16  -5.8134263e-16  -3.8442248e-16  -5.1831045e-16  -3.9002496e-16  5.8346867e-16  2.9077838e-16  -5.2969996e-16  -5.6749938e-16  3.4638746e-16  7.0045862e-16  -4.6831172e-16  3.9943590e-16  -5.0198680e-18  7.6192729e-16  -4.5726091e-16  4.4886395e-16  4.8320885e-17  -2.1865206e-16  -3.7173623e-16  -8.1202203e-18  1.0840345e-15  8.6452185e-16  1.7456383e-16  1.0000000   6.0886909e-17  3.5115669e-16  -2.1911394e-16  5.9005337e-16  6.2452220e-16  -7.7318074e-17  1.8872001e-16  -5.8134263e-16  -3.8442248e-16  -5.1831045e-16  -3.9002496e-16  5.8346867e-16  2.9077838e-16  -5.2969996e-16  -5.6749938e-16  3.4638746e-16  7.0045862e-16  -4.6831172e-16  3.9943590e-16  -5.0198680e-18  
-2.2374561e-16  4.8421018e-16  -3.4395071e-16  4.5935084e-16  4.0009937e-16  -7.9740219e-16  -1.7919282e-16  -1.7235401e-16  -2.1404131e-16  6.6613152e-16  6.0886909e-17  1.0000000   2.1118021e-16  1.9341246e-16  -4.2435293e-16  4.7141737e-16  4.1247445e-16  -4.5728017e-16  -2.4890782e-16  -2.0684555e-16  -1.8355998e-16  -4.2995772e-16  9.6564003e-17  -2.5332782e-16  2.6776073e-16  -1.5406780e-16  5.0000381e-17  -1.1416285e-16  -6.4420175e-16  -3.7079821e-16  -1.8341154e-16  -2.2374561e-16  4.8421018e-16  -3.4395071e-16  4.5935084e-16  4.0009937e-16  -7.9740219e-16  -1.7919282e-16  -1.7235401e-16  -2.1404131e-16  6.6613152e-16  6.0886909e-17  1.0000000   2.1118021e-16  1.9341246e-16  -4.2435293e-16  4.7141737e-16  4.1247445e-16  -4.5728017e-16  -2.4890782e-16  -2.0684555e-16  -1.8355998e-16  -4.2995772e-16  9.6564003e-17  -2.5332782e-16  2.6776073e-16  -1.5406780e-16  5.0000381e-17  -1.1416285e-16  -6.4420175e-16  -3.7079821e-16  -1.8341154e-16  
2.4886062e-16  8.9616671e-17  5.0062712e-16  -2.8129567e-17  -3.3693532e-16  -5.1561309e-16  4.5451925e-16  -1.2726296e-16  -5.1724136e-16  2.5085519e-16  3.5115669e-16  2.1118021e-16  1.0000000   1.2330657e-16  -4.7482566e-17  5.6921574e-17  9.9957203e-17  5.2724168e-17  -2.4448951e-16  1.6248033e-16  -2.8671441e-16  3.6955302e-16  2.2185080e-17  -3.1635403e-16  3.2385728e-16  -4.2228515e-16  2.0026779e-16  -4.2315152e-16  -1.3874863e-18  1.0847489e-15  -4.3834142e-16  2.4886062e-16  8.9616671e-17  5.0062712e-16  -2.8129567e-17  -3.3693532e-16  -5.1561309e-16  4.5451925e-16  -1.2726296e-16  -5.1724136e-16  2.5085519e-16  3.5115669e-16  2.1118021e-16  1.0000000   1.2330657e-16  -4.7482566e-17  5.6921574e-17  9.9957203e-17  5.2724168e-17  -2.4448951e-16  1.6248033e-16  -2.8671441e-16  3.6955302e-16  2.2185080e-17  -3.1635403e-16  3.2385728e-16  -4.2228515e-16  2.0026779e-16  -4.2315152e-16  -1.3874863e-18  1.0847489e-15  -4.3834142e-16  
-3.5429449e-16  -3.2700929e-16  -7.9674861e-16  -3.5519970e-16  7.4946007e-16  -1.7113414e-17  -3.7983823e-17  -1.1915955e-15  -8.8333095e-16  3.7689593e-17  -2.1911394e-16  1.9341246e-16  1.2330657e-16  1.0000000   1.1757990e-16  -4.9410896e-16  -3.9821109e-16  4.7472028e-17  1.0349714e-16  4.2223821e-16  4.7191850e-16  -9.7958157e-16  -4.2352359e-16  1.5920711e-16  3.3018701e-16  -6.6482795e-16  -4.8666781e-17  1.6529919e-16  2.4932316e-16  -1.3981589e-16  4.0103342e-16  -3.5429449e-16  -3.2700929e-16  -7.9674861e-16  -3.5519970e-16  7.4946007e-16  -1.7113414e-17  -3.7983823e-17  -1.1915955e-15  -8.8333095e-16  3.7689593e-17  -2.1911394e-16  1.9341246e-16  1.2330657e-16  1.0000000   1.1757990e-16  -4.9410896e-16  -3.9821109e-16  4.7472028e-17  1.0349714e-16  4.2223821e-16  4.7191850e-16  -9.7958157e-16  -4.2352359e-16  1.5920711e-16  3.3018701e-16  -6.6482795e-16  -4.8666781e-17  1.6529919e-16  2.4932316e-16  -1.3981589e-16  4.0103342e-16  
-4.5973475e-16  -2.0487503e-16  -1.8500687e-16  2.5095100e-16  1.6493987e-16  1.3012877e-16  -2.5562352e-16  7.6192269e-16  -8.5893285e-18  -1.5165601e-16  5.9005337e-16  -4.2435293e-16  -4.7482566e-17  1.1757990e-16  1.0000000   -9.9939397e-17  2.8088020e-16  5.9903316e-16  2.2166316e-16  -3.2415660e-16  1.3425917e-15  -3.8242734e-16  3.4089407e-16  -6.0559325e-17  2.1309788e-16  8.8404445e-17  8.4994919e-16  3.4754064e-16  -1.9631304e-16  -7.6227335e-16  4.0102872e-16  -4.5973475e-16  -2.0487503e-16  -1.8500687e-16  2.5095100e-16  1.6493987e-16  1.3012877e-16  -2.5562352e-16  7.6192269e-16  -8.5893285e-18  -1.5165601e-16  5.9005337e-16  -4.2435293e-16  -4.7482566e-17  1.1757990e-16  1.0000000   -9.9939397e-17  2.8088020e-16  5.9903316e-16  2.2166316e-16  -3.2415660e-16  1.3425917e-15  -3.8242734e-16  3.4089407e-16  -6.0559325e-17  2.1309788e-16  8.8404445e-17  8.4994919e-16  3.4754064e-16  -1.9631304e-16  -7.6227335e-16  4.0102872e-16  
4.4820130e-16  -2.1808988e-16  3.5585066e-16  -2.8735289e-17  3.6522108e-16  -6.1434824e-16  7.3785090e-16  1.2854540e-17  -5.7622675e-16  7.2144175e-16  6.2452220e-16  4.7141737e-16  5.6921574e-17  -4.9410896e-16  -9.9939397e-17  1.0000000   6.5599528e-16  -1.4622624e-16  7.6978900e-18  -6.2873936e-16  5.6852128e-16  5.4764525e-16  2.0635924e-16  9.9584770e-18  3.9642158e-16  7.3124253e-16  1.6024347e-16  3.1557046e-16  -5.7862522e-16  -4.8879080e-16  4.7956679e-16  4.4820130e-16  -2.1808988e-16  3.5585066e-16  -2.8735289e-17  3.6522108e-16  -6.1434824e-16  7.3785090e-16  1.2854540e-17  -5.7622675e-16  7.2144175e-16  6.2452220e-16  4.7141737e-16  5.6921574e-17  -4.9410896e-16  -9.9939397e-17  1.0000000   6.5599528e-16  -1.4622624e-16  7.6978900e-18  -6.2873936e-16  5.6852128e-16  5.4764525e-16  2.0635924e-16  9.9584770e-18  3.9642158e-16  7.3124253e-16  1.6024347e-16  3.1557046e-16  -5.7862522e-16  -4.8879080e-16  4.7956679e-16  
-8.9290653e-17  -3.2712255e-16  1.4648668e-16  -7.7358281e-16  4.0524797e-16  -1.0020619e-16  3.5485954e-16  6.3482955e-16  -6.1914668e-16  -8.6459664e-17  -7.7318074e-17  4.1247445e-16  9.9957203e-17  -3.9821109e-16  2.8088020e-16  6.5599528e-16  1.0000000   -5.3481147e-16  -2.3613889e-16  -8.4875783e-16  -1.7275248e-16  9.1893135e-17  5.7476032e-16  -5.6206974e-16  2.3501710e-17  2.8293117e-17  4.0756837e-17  -2.3115375e-16  -5.1273243e-16  -2.6593420e-17  3.8190987e-16  -8.9290653e-17  -3.2712255e-16  1.4648668e-16  -7.7358281e-16  4.0524797e-16  -1.0020619e-16  3.5485954e-16  6.3482955e-16  -6.1914668e-16  -8.6459664e-17  -7.7318074e-17  4.1247445e-16  9.9957203e-17  -3.9821109e-16  2.8088020e-16  6.5599528e-16  1.0000000   -5.3481147e-16  -2.3613889e-16  -8.4875783e-16  -1.7275248e-16  9.1893135e-17  5.7476032e-16  -5.6206974e-16  2.3501710e-17  2.8293117e-17  4.0756837e-17  -2.3115375e-16  -5.1273243e-16  -2.6593420e-17  3.8190987e-16  
3.1049295e-16  -8.7103106e-16  -7.3898405e-16  -5.4486354e-18  6.7578092e-17  3.5686138e-16  -3.3346152e-16  -1.6145288e-16  2.3847814e-16  -5.3227570e-16  1.8872001e-16  -4.5728017e-16  5.2724168e-17  4.7472028e-17  5.9903316e-16  -1.4622624e-16  -5.3481147e-16  1.0000000   -2.0722338e-16  -3.7972113e-17  -9.6085485e-17  4.0278873e-16  4.9393096e-16  5.8161266e-17  -1.6063919e-15  -1.0911747e-15  -6.9548244e-17  -9.4931568e-16  3.6520632e-16  3.3626424e-16  -3.9840003e-17  3.1049295e-16  -8.7103106e-16  -7.3898405e-16  -5.4486354e-18  6.7578092e-17  3.5686138e-16  -3.3346152e-16  -1.6145288e-16  2.3847814e-16  -5.3227570e-16  1.8872001e-16  -4.5728017e-16  5.2724168e-17  4.7472028e-17  5.9903316e-16  -1.4622624e-16  -5.3481147e-16  1.0000000   -2.0722338e-16  -3.7972113e-17  -9.6085485e-17  4.0278873e-16  4.9393096e-16  5.8161266e-17  -1.6063919e-15  -1.0911747e-15  -6.9548244e-17  -9.4931568e-16  3.6520632e-16  3.3626424e-16  -3.9840003e-17  
-4.4747291e-16  -3.1586514e-17  -2.3017547e-16  1.6233694e-16  -1.6757584e-17  3.9780319e-16  -1.6703257e-16  -2.4512534e-16  -1.3242657e-16  6.2660384e-17  -5.8134263e-16  -2.4890782e-16  -2.4448951e-16  1.0349714e-16  2.2166316e-16  7.6978900e-18  -2.3613889e-16  -2.0722338e-16  1.0000000   2.8782564e-18  -3.3554578e-16  3.2304526e-16  2.5637868e-16  2.0669619e-16  -2.2959278e-17  1.9154535e-16  3.8281532e-16  3.3703033e-16  5.5666786e-16  -1.9606904e-16  -2.9456704e-17  -4.4747291e-16  -3.1586514e-17  -2.3017547e-16  1.6233694e-16  -1.6757584e-17  3.9780319e-16  -1.6703257e-16  -2.4512534e-16  -1.3242657e-16  6.2660384e-17  -5.8134263e-16  -2.4890782e-16  -2.4448951e-16  1.0349714e-16  2.2166316e-16  7.6978900e-18  -2.3613889e-16  -2.0722338e-16  1.0000000   2.8782564e-18  -3.3554578e-16  3.2304526e-16  2.5637868e-16  2.0669619e-16  -2.2959278e-17  1.9154535e-16  3.8281532e-16  3.3703033e-16  5.5666786e-16  -1.9606904e-16  -2.9456704e-17  
5.3470411e-16  -9.9470901e-17  2.0758301e-16  8.5070312e-16  -2.3010651e-16  -2.1166368e-16  -3.8042921e-16  -2.2852643e-16  -1.1540823e-16  -5.7047257e-16  -3.8442248e-16  -2.0684555e-16  1.6248033e-16  4.2223821e-16  -3.2415660e-16  -6.2873936e-16  -8.4875783e-16  -3.7972113e-17  2.8782564e-18  1.0000000   7.9419183e-16  -8.5080309e-16  -3.4220885e-16  -3.5427382e-16  -6.8456192e-16  -2.8320348e-19  -5.5093823e-16  2.1132912e-16  4.4325065e-16  4.0732936e-16  -8.6853559e-17  5.3470411e-16  -9.9470901e-17  2.0758301e-16  8.5070312e-16  -2.3010651e-16  -2.1166368e-16  -3.8042921e-16  -2.2852643e-16  -1.1540823e-16  -5.7047257e-16  -3.8442248e-16  -2.0684555e-16  1.6248033e-16  4.2223821e-16  -3.2415660e-16  -6.2873936e-16  -8.4875783e-16  -3.7972113e-17  2.8782564e-18  1.0000000   7.9419183e-16  -8.5080309e-16  -3.4220885e-16  -3.5427382e-16  -6.8456192e-16  -2.8320348e-19  -5.5093823e-16  2.1132912e-16  4.4325065e-16  4.0732936e-16  -8.6853559e-17  
3.0236058e-16  -2.2316380e-16  1.1533971e-15  8.0096422e-16  2.2270503e-16  3.1433797e-16  -5.5482448e-16  -5.7064379e-16  5.9477798e-16  -1.7186095e-16  -5.1831045e-16  -1.8355998e-16  -2.8671441e-16  4.7191850e-16  1.3425917e-15  5.6852128e-16  -1.7275248e-16  -9.6085485e-17  -3.3554578e-16  7.9419183e-16  1.0000000   -1.6857251e-16  -3.9573257e-16  -3.9240775e-16  2.3201248e-16  -4.9568587e-16  2.8857176e-16  -4.7145702e-16  7.0789920e-16  -5.8395947e-16  -2.4247487e-16  3.0236058e-16  -2.2316380e-16  1.1533971e-15  8.0096422e-16  2.2270503e-16  3.1433797e-16  -5.5482448e-16  -5.7064379e-16  5.9477798e-16  -1.7186095e-16  -5.1831045e-16  -1.8355998e-16  -2.8671441e-16  4.7191850e-16  1.3425917e-15  5.6852128e-16  -1.7275248e-16  -9.6085485e-17  -3.3554578e-16  7.9419183e-16  1.0000000   -1.6857251e-16  -3.9573257e-16  -3.9240775e-16  2.3201248e-16  -4.9568587e-16  2.8857176e-16  -4.7145702e-16  7.0789920e-16  -5.8395947e-16  -2.4247487e-16  
3.8881777e-17  -2.6444714e-16  8.3204860e-17  -1.3363222e-16  4.3612136e-16  1.7692962e-16  5.9726716e-16  6.4459177e-16  7.1060286e-16  1.8794404e-18  -3.9002496e-16  -4.2995772e-16  3.6955302e-16  -9.7958157e-16  -3.8242734e-16  5.4764525e-16  9.1893135e-17  4.0278873e-16  3.2304526e-16  -8.5080309e-16  -1.6857251e-16  1.0000000   3.6554116e-16  1.5193036e-16  -5.7780852e-17  -1.1237033e-16  3.3997286e-16  -1.3524289e-16  -5.0036641e-16  6.2336334e-16  1.1344753e-15  3.8881777e-17  -2.6444714e-16  8.3204860e-17  -1.3363222e-16  4.3612136e-16  1.7692962e-16  5.9726716e-16  6.4459177e-16  7.1060286e-16  1.8794404e-18  -3.9002496e-16  -4.2995772e-16  3.6955302e-16  -9.7958157e-16  -3.8242734e-16  5.4764525e-16  9.1893135e-17  4.0278873e-16  3.2304526e-16  -8.5080309e-16  -1.6857251e-16  1.0000000   3.6554116e-16  1.5193036e-16  -5.7780852e-17  -1.1237033e-16  3.3997286e-16  -1.3524289e-16  -5.0036641e-16  6.2336334e-16  1.1344753e-15  
-4.1311241e-16  -5.1417680e-16  1.6606696e-16  6.7196272e-16  1.6206465e-16  1.9773624e-16  5.9162420e-16  -5.6035404e-17  3.8287621e-16  -4.5783244e-16  5.8346867e-16  9.6564003e-17  2.2185080e-17  -4.2352359e-16  3.4089407e-16  2.0635924e-16  5.7476032e-16  4.9393096e-16  2.5637868e-16  -3.4220885e-16  -3.9573257e-16  3.6554116e-16  1.0000000   1.5471672e-16  -9.0649232e-16  3.5154445e-16  1.8299357e-16  2.4520935e-16  1.0171476e-15  1.8676841e-16  4.1619985e-16  -4.1311241e-16  -5.1417680e-16  1.6606696e-16  6.7196272e-16  1.6206465e-16  1.9773624e-16  5.9162420e-16  -5.6035404e-17  3.8287621e-16  -4.5783244e-16  5.8346867e-16  9.6564003e-17  2.2185080e-17  -4.2352359e-16  3.4089407e-16  2.0635924e-16  5.7476032e-16  4.9393096e-16  2.5637868e-16  -3.4220885e-16  -3.9573257e-16  3.6554116e-16  1.0000000   1.5471672e-16  -9.0649232e-16  3.5154445e-16  1.8299357e-16  2.4520935e-16  1.0171476e-15  1.8676841e-16  4.1619985e-16  
3.0031605e-16  -7.8087283e-16  2.7554866e-16  3.0236659e-16  2.7122442e-16  4.4270949e-16  1.2817544e-15  -7.6746850e-17  -4.1199868e-16  -2.1592885e-16  2.9077838e-16  -2.5332782e-16  -3.1635403e-16  1.5920711e-16  -6.0559325e-17  9.9584770e-18  -5.6206974e-16  5.8161266e-17  2.0669619e-16  -3.5427382e-16  -3.9240775e-16  1.5193036e-16  1.5471672e-16  1.0000000   -4.9221197e-16  8.7381152e-16  2.5880489e-16  -3.3960377e-16  -4.5069811e-16  -4.1710953e-17  1.0849622e-16  3.0031605e-16  -7.8087283e-16  2.7554866e-16  3.0236659e-16  2.7122442e-16  4.4270949e-16  1.2817544e-15  -7.6746850e-17  -4.1199868e-16  -2.1592885e-16  2.9077838e-16  -2.5332782e-16  -3.1635403e-16  1.5920711e-16  -6.0559325e-17  9.9584770e-18  -5.6206974e-16  5.8161266e-17  2.0669619e-16  -3.5427382e-16  -3.9240775e-16  1.5193036e-16  1.5471672e-16  1.0000000   -4.9221197e-16  8.7381152e-16  2.5880489e-16  -3.3960377e-16  -4.5069811e-16  -4.1710953e-17  1.0849622e-16  
-3.3550809e-16  3.2245453e-16  8.4836544e-16  7.7488151e-16  3.5581272e-16  -2.8169209e-16  -6.3919270e-17  1.0989734e-16  -6.0123306e-16  -3.7005897e-16  -5.2969996e-16  2.6776073e-16  3.2385728e-16  3.3018701e-16  2.1309788e-16  3.9642158e-16  2.3501710e-17  -1.6063919e-15  -2.2959278e-17  -6.8456192e-16  2.3201248e-16  -5.7780852e-17  -9.0649232e-16  -4.9221197e-16  1.0000000   2.1921839e-16  5.5207975e-16  -4.8523338e-16  -2.4136861e-16  -1.2595167e-15  1.5314963e-16  -3.3550809e-16  3.2245453e-16  8.4836544e-16  7.7488151e-16  3.5581272e-16  -2.8169209e-16  -6.3919270e-17  1.0989734e-16  -6.0123306e-16  -3.7005897e-16  -5.2969996e-16  2.6776073e-16  3.2385728e-16  3.3018701e-16  2.1309788e-16  3.9642158e-16  2.3501710e-17  -1.6063919e-15  -2.2959278e-17  -6.8456192e-16  2.3201248e-16  -5.7780852e-17  -9.0649232e-16  -4.9221197e-16  1.0000000   2.1921839e-16  5.5207975e-16  -4.8523338e-16  -2.4136861e-16  -1.2595167e-15  1.5314963e-16  
1.4596156e-16  -2.1196436e-16  4.9058200e-16  3.5395487e-17  -3.8399419e-16  -1.8279449e-16  1.1649050e-16  -9.7158047e-17  1.1045363e-17  2.6538479e-17  -5.6749938e-16  -1.5406780e-16  -4.2228515e-16  -6.6482795e-16  8.8404445e-17  7.3124253e-16  2.8293117e-17  -1.0911747e-15  1.9154535e-16  -2.8320348e-19  -4.9568587e-16  -1.1237033e-16  3.5154445e-16  8.7381152e-16  2.1921839e-16  1.0000000   4.9668201e-16  -3.3220555e-16  -7.7993665e-16  -1.4334949e-16  4.5449369e-16  1.4596156e-16  -2.1196436e-16  4.9058200e-16  3.5395487e-17  -3.8399419e-16  -1.8279449e-16  1.1649050e-16  -9.7158047e-17  1.1045363e-17  2.6538479e-17  -5.6749938e-16  -1.5406780e-16  -4.2228515e-16  -6.6482795e-16  8.8404445e-17  7.3124253e-16  2.8293117e-17  -1.0911747e-15  1.9154535e-16  -2.8320348e-19  -4.9568587e-16  -1.1237033e-16  3.5154445e-16  8.7381152e-16  2.1921839e-16  1.0000000   4.9668201e-16  -3.3220555e-16  -7.7993665e-16  -1.4334949e-16  4.5449369e-16  
-6.1063294e-16  2.4593576e-16  -1.7362537e-16  1.6835126e-16  -8.2081095e-16  -5.4934391e-16  -6.0591434e-16  -3.4149223e-16  3.6175075e-16  -1.8581394e-16  3.4638746e-16  5.0000381e-17  2.0026779e-16  -4.8666781e-17  8.4994919e-16  1.6024347e-16  4.0756837e-17  -6.9548244e-17  3.8281532e-16  -5.5093823e-16  2.8857176e-16  3.3997286e-16  1.8299357e-16  2.5880489e-16  5.5207975e-16  4.9668201e-16  1.0000000   2.3426607e-16  3.0739856e-16  2.2683550e-16  -9.0025143e-17  -6.1063294e-16  2.4593576e-16  -1.7362537e-16  1.6835126e-16  -8.2081095e-16  -5.4934391e-16  -6.0591434e-16  -3.4149223e-16  3.6175075e-16  -1.8581394e-16  3.4638746e-16  5.0000381e-17  2.0026779e-16  -4.8666781e-17  8.4994919e-16  1.6024347e-16  4.0756837e-17  -6.9548244e-17  3.8281532e-16  -5.5093823e-16  2.8857176e-16  3.3997286e-16  1.8299357e-16  2.5880489e-16  5.5207975e-16  4.9668201e-16  1.0000000   2.3426607e-16  3.0739856e-16  2.2683550e-16  -9.0025143e-17  
9.8436544e-18  9.1585831e-17  -2.4145697e-16  -3.0227725e-16  3.6842914e-18  -2.5901438e-16  7.1827984e-16  1.0988796e-15  5.7360150e-16  5.2481530e-16  7.0045862e-16  -1.1416285e-16  -4.2315152e-16  1.6529919e-16  3.4754064e-16  3.1557046e-16  -2.3115375e-16  -9.4931568e-16  3.3703033e-16  2.1132912e-16  -4.7145702e-16  -1.3524289e-16  2.4520935e-16  -3.3960377e-16  -4.8523338e-16  -3.3220555e-16  2.3426607e-16  1.0000000   -5.8140166e-16  -5.5822279e-17  1.7799332e-16  9.8436544e-18  9.1585831e-17  -2.4145697e-16  -3.0227725e-16  3.6842914e-18  -2.5901438e-16  7.1827984e-16  1.0988796e-15  5.7360150e-16  5.2481530e-16  7.0045862e-16  -1.1416285e-16  -4.2315152e-16  1.6529919e-16  3.4754064e-16  3.1557046e-16  -2.3115375e-16  -9.4931568e-16  3.3703033e-16  2.1132912e-16  -4.7145702e-16  -1.3524289e-16  2.4520935e-16  -3.3960377e-16  -4.8523338e-16  -3.3220555e-16  2.3426607e-16  1.0000000   -5.8140166e-16  -5.5822279e-17  1.7799332e-16  
-2.5005217e-16  -4.4793483e-16  -1.3489182e-15  4.9685392e-16  7.8978044e-16  2.7459970e-16  -1.3625109e-15  1.1242723e-16  -8.4874219e-16  -4.2874598e-16  -4.6831172e-16  -6.4420175e-16  -1.3874863e-18  2.4932316e-16  -1.9631304e-16  -5.7862522e-16  -5.1273243e-16  3.6520632e-16  5.5666786e-16  4.4325065e-16  7.0789920e-16  -5.0036641e-16  1.0171476e-15  -4.5069811e-16  -2.4136861e-16  -7.7993665e-16  3.0739856e-16  -5.8140166e-16  1.0000000   3.1430493e-16  -2.0131159e-16  -2.5005217e-16  -4.4793483e-16  -1.3489182e-15  4.9685392e-16  7.8978044e-16  2.7459970e-16  -1.3625109e-15  1.1242723e-16  -8.4874219e-16  -4.2874598e-16  -4.6831172e-16  -6.4420175e-16  -1.3874863e-18  2.4932316e-16  -1.9631304e-16  -5.7862522e-16  -5.1273243e-16  3.6520632e-16  5.5666786e-16  4.4325065e-16  7.0789920e-16  -5.0036641e-16  1.0171476e-15  -4.5069811e-16  -2.4136861e-16  -7.7993665e-16  3.0739856e-16  -5.8140166e-16  1.0000000   3.1430493e-16  -2.0131159e-16  
2.9135661e-16  1.2438501e-16  -1.2434036e-16  5.9968065e-16  -6.4515101e-16  4.2363759e-16  -2.0224403e-16  -2.3206196e-17  4.9878337e-16  -7.2380776e-17  3.9943590e-16  -3.7079821e-16  1.0847489e-15  -1.3981589e-16  -7.6227335e-16  -4.8879080e-16  -2.6593420e-17  3.3626424e-16  -1.9606904e-16  4.0732936e-16  -5.8395947e-16  6.2336334e-16  1.8676841e-16  -4.1710953e-17  -1.2595167e-15  -1.4334949e-16  2.2683550e-16  -5.5822279e-17  3.1430493e-16  1.0000000   -2.0062080e-16  2.9135661e-16  1.2438501e-16  -1.2434036e-16  5.9968065e-16  -6.4515101e-16  4.2363759e-16  -2.0224403e-16  -2.3206196e-17  4.9878337e-16  -7.2380776e-17  3.9943590e-16  -3.7079821e-16  1.0847489e-15  -1.3981589e-16  -7.6227335e-16  -4.8879080e-16  -2.6593420e-17  3.3626424e-16  -1.9606904e-16  4.0732936e-16  -5.8395947e-16  6.2336334e-16  1.8676841e-16  -4.1710953e-17  -1.2595167e-15  -1.4334949e-16  2.2683550e-16  -5.5822279e-17  3.1430493e-16  1.0000000   -2.0062080e-16  
-7.3938922e-16  -7.0845445e-17  -3.6721290e-16  -7.9506770e-16  -8.1556786e-16  -3.1296111e-16  5.6263967e-16  -2.8047293e-16  2.1605249e-16  7.6537711e-16  -5.0198680e-18  -1.8341154e-16  -4.3834142e-16  4.0103342e-16  4.0102872e-16  4.7956679e-16  3.8190987e-16  -3.9840003e-17  -2.9456704e-17  -8.6853559e-17  -2.4247487e-16  1.1344753e-15  4.1619985e-16  1.0849622e-16  1.5314963e-16  4.5449369e-16  -9.0025143e-17  1.7799332e-16  -2.0131159e-16  -2.0062080e-16  1.0000000   -7.3938922e-16  -7.0845445e-17  -3.6721290e-16  -7.9506770e-16  -8.1556786e-16  -3.1296111e-16  5.6263967e-16  -2.8047293e-16  2.1605249e-16  7.6537711e-16  -5.0198680e-18  -1.8341154e-16  -4.3834142e-16  4.0103342e-16  4.0102872e-16  4.7956679e-16  3.8190987e-16  -3.9840003e-17  -2.9456704e-17  -8.6853559e-17  -2.4247487e-16  1.1344753e-15  4.1619985e-16  1.0849622e-16  1.5314963e-16  4.5449369e-16  -9.0025143e-17  1.7799332e-16  -2.0131159e-16  -2.0062080e-16  1.0000000   
1.0000000   2.2931413e-16  1.9846051e-17  6.0104979e-16  3.8815748e-16  -2.4174532e-16  4.5865145e-16  -6.9787314e-17  1.4186144e-17  3.0092319e-16  7.6192729e-16  -2.2374561e-16  2.4886062e-16  -3.5429449e-16  -4.5973475e-16  4.4820130e-16  -8.9290653e-17  3.1049295e-16  -4.4747291e-16  5.3470411e-16  3.0236058e-16  3.8881777e-17  -4.1311241e-16  3.0031605e-16  -3.3550809e-16  1.4596156e-16  -6.1063294e-16  9.8436544e-18  -2.5005217e-16  2.9135661e-16  -7.3938922e-16  1.0000000   2.2931413e-16  1.9846051e-17  6.0104979e-16  3.8815748e-16  -2.4174532e-16  4.5865145e-16  -6.9787314e-17  1.4186144e-17  3.0092319e-16  7.6192729e-16  -2.2374561e-16  2.4886062e-16  -3.5429449e-16  -4.5973475e-16  4.4820130e-16  -8.9290653e-17  3.1049295e-16  -4.4747291e-16  5.3470411e-16  3.0236058e-16  3.8881777e-17  -4.1311241e-16  3.0031605e-16  -3.3550809e-16  1.4596156e-16  -6.1063294e-16  9.8436544e-18  -2.5005217e-16  2.9135661e-16  -7.3938922e-16  
2.2931413e-16  1.0000000   1.0269185e-15  1.9673308e-17  4.3084931e-17  2.8043318e-16  2.5015313e-16  3.0110462e-16  4.9983269e-17  5.3153081e-17  -4.5726091e-16  4.8421018e-16  8.9616671e-17  -3.2700929e-16  -2.0487503e-16  -2.1808988e-16  -3.2712255e-16  -8.7103106e-16  -3.1586514e-17  -9.9470901e-17  -2.2316380e-16  -2.6444714e-16  -5.1417680e-16  -7.8087283e-16  3.2245453e-16  -2.1196436e-16  2.4593576e-16  9.1585831e-17  -4.4793483e-16  1.2438501e-16  -7.0845445e-17  2.2931413e-16  1.0000000   1.0269185e-15  1.9673308e-17  4.3084931e-17  2.8043318e-16  2.5015313e-16  3.0110462e-16  4.9983269e-17  5.3153081e-17  -4.5726091e-16  4.8421018e-16  8.9616671e-17  -3.2700929e-16  -2.0487503e-16  -2.1808988e-16  -3.2712255e-16  -8.7103106e-16  -3.1586514e-17  -9.9470901e-17  -2.2316380e-16  -2.6444714e-16  -5.1417680e-16  -7.8087283e-16  3.2245453e-16  -2.1196436e-16  2.4593576e-16  9.1585831e-17  -4.4793483e-16  1.2438501e-16  -7.0845445e-17  
1.9846051e-17  1.0269185e-15  1.0000000   -3.5192637e-16  1.2134723e-16  -2.6894665e-16  -1.9381041e-16  1.0798004e-16  1.8440363e-16  1.5067204e-16  4.4886395e-16  -3.4395071e-16  5.0062712e-16  -7.9674861e-16  -1.8500687e-16  3.5585066e-16  1.4648668e-16  -7.3898405e-16  -2.3017547e-16  2.0758301e-16  1.1533971e-15  8.3204860e-17  1.6606696e-16  2.7554866e-16  8.4836544e-16  4.9058200e-16  -1.7362537e-16  -2.4145697e-16  -1.3489182e-15  -1.2434036e-16  -3.6721290e-16  1.9846051e-17  1.0269185e-15  1.0000000   -3.5192637e-16  1.2134723e-16  -2.6894665e-16  -1.9381041e-16  1.0798004e-16  1.8440363e-16  1.5067204e-16  4.4886395e-16  -3.4395071e-16  5.0062712e-16  -7.9674861e-16  -1.8500687e-16  3.5585066e-16  1.4648668e-16  -7.3898405e-16  -2.3017547e-16  2.0758301e-16  1.1533971e-15  8.3204860e-17  1.6606696e-16  2.7554866e-16  8.4836544e-16  4.9058200e-16  -1.7362537e-16  -2.4145697e-16  -1.3489182e-15  -1.2434036e-16  -3.6721290e-16  
6.0104979e-16  1.9673308e-17  -3.5192637e-16  1.0000000   -1.2243908e-16  -4.7219063e-17  -2.7089517e-17  -4.8504012e-16  -5.9114897e-16  -7.7791480e-16  4.8320885e-17  4.5935084e-16  -2.8129567e-17  -3.5519970e-16  2.5095100e-16  -2.8735289e-17  -7.7358281e-16  -5.4486354e-18  1.6233694e-16  8.5070312e-16  8.0096422e-16  -1.3363222e-16  6.7196272e-16  3.0236659e-16  7.7488151e-16  3.5395487e-17  1.6835126e-16  -3.0227725e-16  4.9685392e-16  5.9968065e-16  -7.9506770e-16  6.0104979e-16  1.9673308e-17  -3.5192637e-16  1.0000000   -1.2243908e-16  -4.7219063e-17  -2.7089517e-17  -4.8504012e-16  -5.9114897e-16  -7.7791480e-16  4.8320885e-17  4.5935084e-16  -2.8129567e-17  -3.5519970e-16  2.5095100e-16  -2.8735289e-17  -7.7358281e-16  -5.4486354e-18  1.6233694e-16  8.5070312e-16  8.0096422e-16  -1.3363222e-16  6.7196272e-16  3.0236659e-16  7.7488151e-16  3.5395487e-17  1.6835126e-16  -3.0227725e-16  4.9685392e-16  5.9968065e-16  -7.9506770e-16  
3.8815748e-16  4.3084931e-17  1.2134723e-16  -1.2243908e-16  1.0000000   -2.8241087e-16  -5.3343962e-16  -6.9701278e-16  4.1361919e-16  2.5617321e-16  -2.1865206e-16  4.0009937e-16  -3.3693532e-16  7.4946007e-16  1.6493987e-16  3.6522108e-16  4.0524797e-16  6.7578092e-17  -1.6757584e-17  -2.3010651e-16  2.2270503e-16  4.3612136e-16  1.6206465e-16  2.7122442e-16  3.5581272e-16  -3.8399419e-16  -8.2081095e-16  3.6842914e-18  7.8978044e-16  -6.4515101e-16  -8.1556786e-16  3.8815748e-16  4.3084931e-17  1.2134723e-16  -1.2243908e-16  1.0000000   -2.8241087e-16  -5.3343962e-16  -6.9701278e-16  4.1361919e-16  2.5617321e-16  -2.1865206e-16  4.0009937e-16  -3.3693532e-16  7.4946007e-16  1.6493987e-16  3.6522108e-16  4.0524797e-16  6.7578092e-17  -1.6757584e-17  -2.3010651e-16  2.2270503e-16  4.3612136e-16  1.6206465e-16  2.7122442e-16  3.5581272e-16  -3.8399419e-16  -8.2081095e-16  3.6842914e-18  7.8978044e-16  -6.4515101e-16  -8.1556786e-16  
-2.4174532e-16  2.8043318e-16  -2.6894665e-16  -4.7219063e-17  -2.8241087e-16  1.0000000   -1.1685035e-15  -2.7591766e-16  -1.0208475e-15  3.2069549e-16  -3.7173623e-16  -7.9740219e-16  -5.1561309e-16  -1.7113414e-17  1.3012877e-16  -6.1434824e-16  -1.0020619e-16  3.5686138e-16  3.9780319e-16  -2.1166368e-16  3.1433797e-16  1.7692962e-16  1.9773624e-16  4.4270949e-16  -2.8169209e-16  -1.8279449e-16  -5.4934391e-16  -2.5901438e-16  2.7459970e-16  4.2363759e-16  -3.1296111e-16  -2.4174532e-16  2.8043318e-16  -2.6894665e-16  -4.7219063e-17  -2.8241087e-16  1.0000000   -1.1685035e-15  -2.7591766e-16  -1.0208475e-15  3.2069549e-16  -3.7173623e-16  -7.9740219e-16  -5.1561309e-16  -1.7113414e-17  1.3012877e-16  -6.1434824e-16  -1.0020619e-16  3.5686138e-16  3.9780319e-16  -2.1166368e-16  3.1433797e-16  1.7692962e-16  1.9773624e-16  4.4270949e-16  -2.8169209e-16  -1.8279449e-16  -5.4934391e-16  -2.5901438e-16  2.7459970e-16  4.2363759e-16  -3.1296111e-16  
4.5865145e-16  2.5015313e-16  -1.9381041e-16  -2.7089517e-17  -5.3343962e-16  -1.1685035e-15  1.0000000   2.3339668e-16  5.1677456e-16  2.6057599e-16  -8.1202203e-18  -1.7919282e-16  4.5451925e-16  -3.7983823e-17  -2.5562352e-16  7.3785090e-16  3.5485954e-16  -3.3346152e-16  -1.6703257e-16  -3.8042921e-16  -5.5482448e-16  5.9726716e-16  5.9162420e-16  1.2817544e-15  -6.3919270e-17  1.1649050e-16  -6.0591434e-16  7.1827984e-16  -1.3625109e-15  -2.0224403e-16  5.6263967e-16  4.5865145e-16  2.5015313e-16  -1.9381041e-16  -2.7089517e-17  -5.3343962e-16  -1.1685035e-15  1.0000000   2.3339668e-16  5.1677456e-16  2.6057599e-16  -8.1202203e-18  -1.7919282e-16  4.5451925e-16  -3.7983823e-17  -2.5562352e-16  7.3785090e-16  3.5485954e-16  -3.3346152e-16  -1.6703257e-16  -3.8042921e-16  -5.5482448e-16  5.9726716e-16  5.9162420e-16  1.2817544e-15  -6.3919270e-17  1.1649050e-16  -6.0591434e-16  7.1827984e-16  -1.3625109e-15  -2.0224403e-16  5.6263967e-16  
-6.9787314e-17  3.0110462e-16  1.0798004e-16  -4.8504012e-16  -6.9701278e-16  -2.7591766e-16  2.3339668e-16  1.0000000   4.5029723e-16  5.9473613e-16  1.0840345e-15  -1.7235401e-16  -1.2726296e-16  -1.1915955e-15  7.6192269e-16  1.2854540e-17  6.3482955e-16  -1.6145288e-16  -2.4512534e-16  -2.2852643e-16  -5.7064379e-16  6.4459177e-16  -5.6035404e-17  -7.6746850e-17  1.0989734e-16  -9.7158047e-17  -3.4149223e-16  1.0988796e-15  1.1242723e-16  -2.3206196e-17  -2.8047293e-16  -6.9787314e-17  3.0110462e-16  1.0798004e-16  -4.8504012e-16  -6.9701278e-16  -2.7591766e-16  2.3339668e-16  1.0000000   4.5029723e-16  5.9473613e-16  1.0840345e-15  -1.7235401e-16  -1.2726296e-16  -1.1915955e-15  7.6192269e-16  1.2854540e-17  6.3482955e-16  -1.6145288e-16  -2.4512534e-16  -2.2852643e-16  -5.7064379e-16  6.4459177e-16  -5.6035404e-17  -7.6746850e-17  1.0989734e-16  -9.7158047e-17  -3.4149223e-16  1.0988796e-15  1.1242723e-16  -2.3206196e-17  -2.8047293e-16  
1.4186144e-17  4.9983269e-17  1.8440363e-16  -5.9114897e-16  4.1361919e-16  -1.0208475e-15  5.1677456e-16  4.5029723e-16  1.0000000   3.3694904e-16  8.6452185e-16  -2.1404131e-16  -5.1724136e-16  -8.8333095e-16  -8.5893285e-18  -5.7622675e-16  -6.1914668e-16  2.3847814e-16  -1.3242657e-16  -1.1540823e-16  5.9477798e-16  7.1060286e-16  3.8287621e-16  -4.1199868e-16  -6.0123306e-16  1.1045363e-17  3.6175075e-16  5.7360150e-16  -8.4874219e-16  4.9878337e-16  2.1605249e-16  1.4186144e-17  4.9983269e-17  1.8440363e-16  -5.9114897e-16  4.1361919e-16  -1.0208475e-15  5.1677456e-16  4.5029723e-16  1.0000000   3.3694904e-16  8.6452185e-16  -2.1404131e-16  -5.1724136e-16  -8.8333095e-16  -8.5893285e-18  -5.7622675e-16  -6.1914668e-16  2.3847814e-16  -1.3242657e-16  -1.1540823e-16  5.9477798e-16  7.1060286e-16  3.8287621e-16  -4.1199868e-16  -6.0123306e-16  1.1045363e-17  3.6175075e-16  5.7360150e-16  -8.4874219e-16  4.9878337e-16  2.1605249e-16  
3.0092319e-16  5.3153081e-17  1.5067204e-16  -7.7791480e-16  2.5617321e-16  3.2069549e-16  2.6057599e-16  5.9473613e-16  3.3694904e-16  1.0000000   1.7456383e-16  6.6613152e-16  2.5085519e-16  3.7689593e-17  -1.5165601e-16  7.2144175e-16  -8.6459664e-17  -5.3227570e-16  6.2660384e-17  -5.7047257e-16  -1.7186095e-16  1.8794404e-18  -4.5783244e-16  -2.1592885e-16  -3.7005897e-16  2.6538479e-17  -1.8581394e-16  5.2481530e-16  -4.2874598e-16  -7.2380776e-17  7.6537711e-16  3.0092319e-16  5.3153081e-17  1.5067204e-16  -7.7791480e-16  2.5617321e-16  3.2069549e-16  2.6057599e-16  5.9473613e-16  3.3694904e-16  1.0000000   1.7456383e-16  6.6613152e-16  2.5085519e-16  3.7689593e-17  -1.5165601e-16  7.2144175e-16  -8.6459664e-17  -5.3227570e-16  6.2660384e-17  -5.7047257e-16  -1.7186095e-16  1.8794404e-18  -4.5783244e-16  -2.1592885e-16  -3.7005897e-16  2.6538479e-17  -1.8581394e-16  5.2481530e-16  -4.2874598e-16  -7.2380776e-17  7.6537711e-16  
