1.0000000   5.4488477e-16  5.1031465e-16  -1.0305180e-16  -6.2893959e-16  1.6868339e-17  -2.2368857e-16  4.8350715e-17  5.8276816e-16  6.1023677e-16  -3.5135844e-16  -6.5463838e-17  6.1480470e-16  -2.1919197e-16  -3.0963023e-16  -6.9920029e-17  -1.4725926e-16  4.4692003e-16  -7.4610202e-19  3.8898777e-16  -8.3439116e-17  4.4955120e-16  4.2141017e-16  -6.7012119e-16  -1.1701369e-16  -3.6748041e-16  -3.2438199e-16  -3.1434752e-16  -1.4455412e-16  2.5690838e-17  -4.3503976e-16  1.0000000   5.4488477e-16  5.1031465e-16  -1.0305180e-16  -6.2893959e-16  1.6868339e-17  -2.2368857e-16  4.8350715e-17  5.8276816e-16  6.1023677e-16  -3.5135844e-16  -6.5463838e-17  6.1480470e-16  -2.1919197e-16  -3.0963023e-16  -6.9920029e-17  -1.4725926e-16  4.4692003e-16  -7.4610202e-19  3.8898777e-16  -8.3439116e-17  4.4955120e-16  4.2141017e-16  -6.7012119e-16  -1.1701369e-16  -3.6748041e-16  -3.2438199e-16  -3.1434752e-16  -1.4455412e-16  2.5690838e-17  -4.3503976e-16  
5.4488477e-16  1.0000000   6.9908448e-16  -5.7190704e-16  -5.0684339e-17  -6.8453307e-16  -2.6629163e-16  -2.1934100e-16  -4.8197833e-16  4.4960646e-16  -3.7855180e-16  -2.7613178e-16  4.8028664e-17  -1.3039509e-16  8.5575743e-16  3.2657899e-16  8.2204405e-16  -5.7608657e-16  1.9980312e-16  2.6118088e-16  8.6230354e-16  1.9712181e-16  -7.7013454e-16  4.2153957e-16  1.5967898e-16  3.6306408e-17  -3.5762437e-16  1.2477920e-16  4.0699474e-16  4.1860267e-16  1.5449087e-16  5.4488477e-16  1.0000000   6.9908448e-16  -5.7190704e-16  -5.0684339e-17  -6.8453307e-16  -2.6629163e-16  -2.1934100e-16  -4.8197833e-16  4.4960646e-16  -3.7855180e-16  -2.7613178e-16  4.8028664e-17  -1.3039509e-16  8.5575743e-16  3.2657899e-16  8.2204405e-16  -5.7608657e-16  1.9980312e-16  2.6118088e-16  8.6230354e-16  1.9712181e-16  -7.7013454e-16  4.2153957e-16  1.5967898e-16  3.6306408e-17  -3.5762437e-16  1.2477920e-16  4.0699474e-16  4.1860267e-16  1.5449087e-16  
5.1031465e-16  6.9908448e-16  1.0000000   1.1157173e-15  4.8255246e-16  6.2450763e-17  -3.5411488e-16  -3.3110417e-16  1.8258876e-16  1.7755760e-16  5.1594757e-16  -2.2041704e-16  2.1539841e-16  3.7297381e-16  6.4971603e-17  -4.8457334e-16  3.7454080e-17  -2.6079871e-16  4.7720198e-16  1.6720276e-16  -1.2472086e-16  4.3728696e-17  1.6006919e-16  -1.9929618e-16  1.7516915e-16  6.7760236e-16  1.6865984e-16  -3.4766135e-16  3.4772535e-16  1.2044959e-16  1.7390416e-16  5.1031465e-16  6.9908448e-16  1.0000000   1.1157173e-15  4.8255246e-16  6.2450763e-17  -3.5411488e-16  -3.3110417e-16  1.8258876e-16  1.7755760e-16  5.1594757e-16  -2.2041704e-16  2.1539841e-16  3.7297381e-16  6.4971603e-17  -4.8457334e-16  3.7454080e-17  -2.6079871e-16  4.7720198e-16  1.6720276e-16  -1.2472086e-16  4.3728696e-17  1.6006919e-16  -1.9929618e-16  1.7516915e-16  6.7760236e-16  1.6865984e-16  -3.4766135e-16  3.4772535e-16  1.2044959e-16  1.7390416e-16  
-1.0305180e-16  -5.7190704e-16  1.1157173e-15  1.0000000   6.7678009e-17  5.4844924e-16  -1.0243477e-15  6.3200125e-16  -3.0293981e-16  1.6150168e-16  -5.8186971e-16  -7.9659098e-17  3.4979366e-16  2.4305458e-16  -6.3815986e-16  4.2665385e-16  -9.6223277e-16  1.4113770e-16  2.1866535e-16  5.4995128e-17  -1.6167268e-16  -2.9869020e-16  -6.0400441e-16  4.4588349e-16  -1.7945780e-16  -4.3806199e-16  -4.8428672e-16  5.9907983e-17  4.1276000e-17  4.2640295e-17  -5.6109013e-16  -1.0305180e-16  -5.7190704e-16  1.1157173e-15  1.0000000   6.7678009e-17  5.4844924e-16  -1.0243477e-15  6.3200125e-16  -3.0293981e-16  1.6150168e-16  -5.8186971e-16  -7.9659098e-17  3.4979366e-16  2.4305458e-16  -6.3815986e-16  4.2665385e-16  -9.6223277e-16  1.4113770e-16  2.1866535e-16  5.4995128e-17  -1.6167268e-16  -2.9869020e-16  -6.0400441e-16  4.4588349e-16  -1.7945780e-16  -4.3806199e-16  -4.8428672e-16  5.9907983e-17  4.1276000e-17  4.2640295e-17  -5.6109013e-16  
-6.2893959e-16  -5.0684339e-17  4.8255246e-16  6.7678009e-17  1.0000000   -7.5400902e-16  2.8040052e-16  1.0804481e-15  -1.0026982e-16  9.5850241e-16  -5.2951736e-16  3.6178228e-16  3.0427759e-16  -5.8591883e-18  3.1465773e-16  7.8367507e-16  5.0893879e-17  -8.0775572e-16  1.7620089e-17  -5.4236756e-16  5.5408008e-16  1.5131738e-15  -5.7137116e-16  -3.2002469e-16  9.2622242e-17  -4.8896639e-16  4.5994988e-16  -2.6249771e-16  3.4641771e-17  -2.6848170e-16  2.8046431e-16  -6.2893959e-16  -5.0684339e-17  4.8255246e-16  6.7678009e-17  1.0000000   -7.5400902e-16  2.8040052e-16  1.0804481e-15  -1.0026982e-16  9.5850241e-16  -5.2951736e-16  3.6178228e-16  3.0427759e-16  -5.8591883e-18  3.1465773e-16  7.8367507e-16  5.0893879e-17  -8.0775572e-16  1.7620089e-17  -5.4236756e-16  5.5408008e-16  1.5131738e-15  -5.7137116e-16  -3.2002469e-16  9.2622242e-17  -4.8896639e-16  4.5994988e-16  -2.6249771e-16  3.4641771e-17  -2.6848170e-16  2.8046431e-16  
1.6868339e-17  -6.8453307e-16  6.2450763e-17  5.4844924e-16  -7.5400902e-16  1.0000000   9.1269706e-17  -1.6990153e-16  2.2032191e-16  1.0960331e-16  7.1733866e-16  1.6794347e-16  -9.8299828e-18  1.9925221e-16  1.3351285e-16  4.9880897e-16  3.7840586e-16  5.3409765e-17  -1.0518412e-16  -2.7330854e-16  1.6151620e-16  1.4189847e-16  1.8598446e-16  4.9115743e-16  1.6599311e-16  -1.5679739e-16  1.6414003e-16  2.9448195e-16  -5.3471986e-17  -3.8012051e-16  -3.5484887e-16  1.6868339e-17  -6.8453307e-16  6.2450763e-17  5.4844924e-16  -7.5400902e-16  1.0000000   9.1269706e-17  -1.6990153e-16  2.2032191e-16  1.0960331e-16  7.1733866e-16  1.6794347e-16  -9.8299828e-18  1.9925221e-16  1.3351285e-16  4.9880897e-16  3.7840586e-16  5.3409765e-17  -1.0518412e-16  -2.7330854e-16  1.6151620e-16  1.4189847e-16  1.8598446e-16  4.9115743e-16  1.6599311e-16  -1.5679739e-16  1.6414003e-16  2.9448195e-16  -5.3471986e-17  -3.8012051e-16  -3.5484887e-16  
-2.2368857e-16  -2.6629163e-16  -3.5411488e-16  -1.0243477e-15  2.8040052e-16  9.1269706e-17  1.0000000   -4.3818401e-16  4.7659030e-16  -6.5231934e-17  7.0039812e-16  -5.3930210e-16  4.2081268e-16  2.2600743e-16  1.5182886e-16  1.9753396e-17  -1.3601779e-16  -1.7167762e-16  4.8702711e-17  -1.3045506e-16  4.9942105e-16  -3.6424190e-16  1.5243612e-17  3.8212653e-16  2.2825801e-16  8.7432003e-17  -9.3114789e-16  -1.1928131e-17  -1.9412281e-16  2.5075001e-16  -1.9667063e-16  -2.2368857e-16  -2.6629163e-16  -3.5411488e-16  -1.0243477e-15  2.8040052e-16  9.1269706e-17  1.0000000   -4.3818401e-16  4.7659030e-16  -6.5231934e-17  7.0039812e-16  -5.3930210e-16  4.2081268e-16  2.2600743e-16  1.5182886e-16  1.9753396e-17  -1.3601779e-16  -1.7167762e-16  4.8702711e-17  -1.3045506e-16  4.9942105e-16  -3.6424190e-16  1.5243612e-17  3.8212653e-16  2.2825801e-16  8.7432003e-17  -9.3114789e-16  -1.1928131e-17  -1.9412281e-16  2.5075001e-16  -1.9667063e-16  
4.8350715e-17  -2.1934100e-16  -3.3110417e-16  6.3200125e-16  1.0804481e-15  -1.6990153e-16  -4.3818401e-16  1.0000000   4.5986845e-17  -1.6695249e-16  -2.8836531e-16  9.0218440e-16  5.3660544e-16  3.1524611e-16  -2.6296114e-16  2.6341465e-16  1.8543657e-16  2.9756319e-16  2.2475636e-17  8.9116907e-17  -3.3908813e-16  -2.7623888e-16  -5.8691471e-16  -1.7270889e-16  -6.4514397e-18  4.1533714e-16  -2.9767967e-17  3.7942379e-16  1.3742406e-16  1.6412595e-16  -7.9837083e-16  4.8350715e-17  -2.1934100e-16  -3.3110417e-16  6.3200125e-16  1.0804481e-15  -1.6990153e-16  -4.3818401e-16  1.0000000   4.5986845e-17  -1.6695249e-16  -2.8836531e-16  9.0218440e-16  5.3660544e-16  3.1524611e-16  -2.6296114e-16  2.6341465e-16  1.8543657e-16  2.9756319e-16  2.2475636e-17  8.9116907e-17  -3.3908813e-16  -2.7623888e-16  -5.8691471e-16  -1.7270889e-16  -6.4514397e-18  4.1533714e-16  -2.9767967e-17  3.7942379e-16  1.3742406e-16  1.6412595e-16  -7.9837083e-16  
5.8276816e-16  -4.8197833e-16  1.8258876e-16  -3.0293981e-16  -1.0026982e-16  2.2032191e-16  4.7659030e-16  4.5986845e-17  1.0000000   5.1934840e-17  -4.1587961e-16  -1.6237536e-16  2.5571925e-16  -3.6551863e-16  -6.6243720e-16  4.7301375e-16  1.6567206e-16  1.4143153e-16  1.1601461e-16  -8.8283356e-17  -2.8725604e-16  1.0359707e-16  -4.6885976e-16  1.4087496e-17  -3.0763911e-16  1.8323083e-16  2.4749848e-16  -3.0405600e-16  -5.0860631e-16  3.0781426e-16  -4.2158746e-16  5.8276816e-16  -4.8197833e-16  1.8258876e-16  -3.0293981e-16  -1.0026982e-16  2.2032191e-16  4.7659030e-16  4.5986845e-17  1.0000000   5.1934840e-17  -4.1587961e-16  -1.6237536e-16  2.5571925e-16  -3.6551863e-16  -6.6243720e-16  4.7301375e-16  1.6567206e-16  1.4143153e-16  1.1601461e-16  -8.8283356e-17  -2.8725604e-16  1.0359707e-16  -4.6885976e-16  1.4087496e-17  -3.0763911e-16  1.8323083e-16  2.4749848e-16  -3.0405600e-16  -5.0860631e-16  3.0781426e-16  -4.2158746e-16  
6.1023677e-16  4.4960646e-16  1.7755760e-16  1.6150168e-16  9.5850241e-16  1.0960331e-16  -6.5231934e-17  -1.6695249e-16  5.1934840e-17  1.0000000   2.3742928e-16  1.4405561e-16  -4.7619271e-16  -4.5953941e-16  -3.0428000e-16  1.0925773e-15  3.6644619e-16  2.0489788e-16  5.2356179e-16  -4.1159713e-16  8.8819447e-17  -1.5728193e-17  -2.1949785e-16  -2.4004556e-16  2.2303383e-16  6.1559319e-17  -3.6019682e-16  3.3811741e-16  -1.5829123e-16  4.2720953e-16  -3.5342596e-16  6.1023677e-16  4.4960646e-16  1.7755760e-16  1.6150168e-16  9.5850241e-16  1.0960331e-16  -6.5231934e-17  -1.6695249e-16  5.1934840e-17  1.0000000   2.3742928e-16  1.4405561e-16  -4.7619271e-16  -4.5953941e-16  -3.0428000e-16  1.0925773e-15  3.6644619e-16  2.0489788e-16  5.2356179e-16  -4.1159713e-16  8.8819447e-17  -1.5728193e-17  -2.1949785e-16  -2.4004556e-16  2.2303383e-16  6.1559319e-17  -3.6019682e-16  3.3811741e-16  -1.5829123e-16  4.2720953e-16  -3.5342596e-16  
-3.5135844e-16  -3.7855180e-16  5.1594757e-16  -5.8186971e-16  -5.2951736e-16  7.1733866e-16  7.0039812e-16  -2.8836531e-16  -4.1587961e-16  2.3742928e-16  1.0000000   -6.0316618e-16  6.3085436e-16  4.4135587e-16  -2.6944812e-16  -4.9580441e-16  3.1460053e-16  -3.1358492e-16  1.9509012e-16  5.0978525e-16  -1.5799221e-16  -9.0656708e-16  1.1545427e-15  -7.6193580e-16  1.3741788e-16  2.6056737e-16  7.6236621e-18  2.5620051e-16  3.0462382e-17  1.1587518e-15  2.1008264e-16  -3.5135844e-16  -3.7855180e-16  5.1594757e-16  -5.8186971e-16  -5.2951736e-16  7.1733866e-16  7.0039812e-16  -2.8836531e-16  -4.1587961e-16  2.3742928e-16  1.0000000   -6.0316618e-16  6.3085436e-16  4.4135587e-16  -2.6944812e-16  -4.9580441e-16  3.1460053e-16  -3.1358492e-16  1.9509012e-16  5.0978525e-16  -1.5799221e-16  -9.0656708e-16  1.1545427e-15  -7.6193580e-16  1.3741788e-16  2.6056737e-16  7.6236621e-18  2.5620051e-16  3.0462382e-17  1.1587518e-15  2.1008264e-16  
-6.5463838e-17  -2.7613178e-16  -2.2041704e-16  -7.9659098e-17  3.6178228e-16  1.6794347e-16  -5.3930210e-16  9.0218440e-16  -1.6237536e-16  1.4405561e-16  -6.0316618e-16  1.0000000   -1.4962953e-17  -2.7341012e-16  1.2798012e-16  4.5422996e-16  1.7912925e-16  2.6178963e-16  4.2612181e-17  -3.3185420e-16  4.5944690e-17  -3.3822991e-16  -3.4250705e-16  -2.3694474e-16  -2.3231749e-16  -2.7371371e-16  3.5010953e-16  -2.9844147e-17  3.0149241e-17  -2.2608753e-16  -1.5523873e-16  -6.5463838e-17  -2.7613178e-16  -2.2041704e-16  -7.9659098e-17  3.6178228e-16  1.6794347e-16  -5.3930210e-16  9.0218440e-16  -1.6237536e-16  1.4405561e-16  -6.0316618e-16  1.0000000   -1.4962953e-17  -2.7341012e-16  1.2798012e-16  4.5422996e-16  1.7912925e-16  2.6178963e-16  4.2612181e-17  -3.3185420e-16  4.5944690e-17  -3.3822991e-16  -3.4250705e-16  -2.3694474e-16  -2.3231749e-16  -2.7371371e-16  3.5010953e-16  -2.9844147e-17  3.0149241e-17  -2.2608753e-16  -1.5523873e-16  
6.1480470e-16  4.8028664e-17  2.1539841e-16  3.4979366e-16  3.0427759e-16  -9.8299828e-18  4.2081268e-16  5.3660544e-16  2.5571925e-16  -4.7619271e-16  6.3085436e-16  -1.4962953e-17  1.0000000   -7.7624501e-17  2.0182290e-16  -6.6450039e-17  7.1372330e-17  -6.1842802e-18  1.6605321e-16  2.0443226e-16  -6.6216228e-16  1.6101132e-16  2.0223049e-16  -2.4699167e-16  -2.9757271e-16  3.1889358e-16  7.1330950e-16  2.4714266e-16  -5.4794503e-16  -5.4871893e-16  1.3540798e-16  6.1480470e-16  4.8028664e-17  2.1539841e-16  3.4979366e-16  3.0427759e-16  -9.8299828e-18  4.2081268e-16  5.3660544e-16  2.5571925e-16  -4.7619271e-16  6.3085436e-16  -1.4962953e-17  1.0000000   -7.7624501e-17  2.0182290e-16  -6.6450039e-17  7.1372330e-17  -6.1842802e-18  1.6605321e-16  2.0443226e-16  -6.6216228e-16  1.6101132e-16  2.0223049e-16  -2.4699167e-16  -2.9757271e-16  3.1889358e-16  7.1330950e-16  2.4714266e-16  -5.4794503e-16  -5.4871893e-16  1.3540798e-16  
-2.1919197e-16  -1.3039509e-16  3.7297381e-16  2.4305458e-16  -5.8591883e-18  1.9925221e-16  2.2600743e-16  3.1524611e-16  -3.6551863e-16  -4.5953941e-16  4.4135587e-16  -2.7341012e-16  -7.7624501e-17  1.0000000   -2.6867040e-16  4.6271970e-16  -6.5466712e-16  -2.3058897e-16  4.1582134e-16  3.0836479e-16  -5.6727588e-16  5.2483032e-16  -3.6087124e-16  -4.4459967e-16  -7.3503693e-16  4.4191247e-16  -4.1114282e-16  4.1588938e-16  -4.3816142e-16  -3.2319323e-17  -1.9742304e-16  -2.1919197e-16  -1.3039509e-16  3.7297381e-16  2.4305458e-16  -5.8591883e-18  1.9925221e-16  2.2600743e-16  3.1524611e-16  -3.6551863e-16  -4.5953941e-16  4.4135587e-16  -2.7341012e-16  -7.7624501e-17  1.0000000   -2.6867040e-16  4.6271970e-16  -6.5466712e-16  -2.3058897e-16  4.1582134e-16  3.0836479e-16  -5.6727588e-16  5.2483032e-16  -3.6087124e-16  -4.4459967e-16  -7.3503693e-16  4.4191247e-16  -4.1114282e-16  4.1588938e-16  -4.3816142e-16  -3.2319323e-17  -1.9742304e-16  
-3.0963023e-16  8.5575743e-16  6.4971603e-17  -6.3815986e-16  3.1465773e-16  1.3351285e-16  1.5182886e-16  -2.6296114e-16  -6.6243720e-16  -3.0428000e-16  -2.6944812e-16  1.2798012e-16  2.0182290e-16  -2.6867040e-16  1.0000000   3.6672827e-16  -1.1241942e-16  -2.3797165e-16  -1.3218142e-16  1.8036509e-16  -2.4685769e-16  -3.7791563e-16  7.1749046e-16  5.6754001e-16  9.1554933e-16  -5.0054904e-16  1.6824332e-16  1.8006276e-16  9.8387956e-17  2.3859533e-16  6.9972038e-16  -3.0963023e-16  8.5575743e-16  6.4971603e-17  -6.3815986e-16  3.1465773e-16  1.3351285e-16  1.5182886e-16  -2.6296114e-16  -6.6243720e-16  -3.0428000e-16  -2.6944812e-16  1.2798012e-16  2.0182290e-16  -2.6867040e-16  1.0000000   3.6672827e-16  -1.1241942e-16  -2.3797165e-16  -1.3218142e-16  1.8036509e-16  -2.4685769e-16  -3.7791563e-16  7.1749046e-16  5.6754001e-16  9.1554933e-16  -5.0054904e-16  1.6824332e-16  1.8006276e-16  9.8387956e-17  2.3859533e-16  6.9972038e-16  
-6.9920029e-17  3.2657899e-16  -4.8457334e-16  4.2665385e-16  7.8367507e-16  4.9880897e-16  1.9753396e-17  2.6341465e-16  4.7301375e-16  1.0925773e-15  -4.9580441e-16  4.5422996e-16  -6.6450039e-17  4.6271970e-16  3.6672827e-16  1.0000000   -2.4319395e-16  9.1721783e-17  -3.7295604e-16  5.3764281e-16  -4.5520667e-16  -2.0578961e-16  -9.0399724e-16  1.6874830e-16  -5.6432159e-17  8.6459398e-17  3.1636176e-16  -1.1598237e-17  6.2974645e-16  -1.9828791e-16  1.4751651e-16  -6.9920029e-17  3.2657899e-16  -4.8457334e-16  4.2665385e-16  7.8367507e-16  4.9880897e-16  1.9753396e-17  2.6341465e-16  4.7301375e-16  1.0925773e-15  -4.9580441e-16  4.5422996e-16  -6.6450039e-17  4.6271970e-16  3.6672827e-16  1.0000000   -2.4319395e-16  9.1721783e-17  -3.7295604e-16  5.3764281e-16  -4.5520667e-16  -2.0578961e-16  -9.0399724e-16  1.6874830e-16  -5.6432159e-17  8.6459398e-17  3.1636176e-16  -1.1598237e-17  6.2974645e-16  -1.9828791e-16  1.4751651e-16  
-1.4725926e-16  8.2204405e-16  3.7454080e-17  -9.6223277e-16  5.0893879e-17  3.7840586e-16  -1.3601779e-16  1.8543657e-16  1.6567206e-16  3.6644619e-16  3.1460053e-16  1.7912925e-16  7.1372330e-17  -6.5466712e-16  -1.1241942e-16  -2.4319395e-16  1.0000000   -2.4522128e-17  -2.5105683e-16  -4.6125340e-16  4.8040891e-16  2.8842226e-17  4.4029403e-16  3.5344419e-16  4.6476359e-16  -4.1041040e-16  3.7944528e-17  3.3495087e-16  5.5599685e-16  -6.8259026e-16  -2.7402214e-17  -1.4725926e-16  8.2204405e-16  3.7454080e-17  -9.6223277e-16  5.0893879e-17  3.7840586e-16  -1.3601779e-16  1.8543657e-16  1.6567206e-16  3.6644619e-16  3.1460053e-16  1.7912925e-16  7.1372330e-17  -6.5466712e-16  -1.1241942e-16  -2.4319395e-16  1.0000000   -2.4522128e-17  -2.5105683e-16  -4.6125340e-16  4.8040891e-16  2.8842226e-17  4.4029403e-16  3.5344419e-16  4.6476359e-16  -4.1041040e-16  3.7944528e-17  3.3495087e-16  5.5599685e-16  -6.8259026e-16  -2.7402214e-17  
4.4692003e-16  -5.7608657e-16  -2.6079871e-16  1.4113770e-16  -8.0775572e-16  5.3409765e-17  -1.7167762e-16  2.9756319e-16  1.4143153e-16  2.0489788e-16  -3.1358492e-16  2.6178963e-16  -6.1842802e-18  -2.3058897e-16  -2.3797165e-16  9.1721783e-17  -2.4522128e-17  1.0000000   -5.8439660e-16  -1.4109639e-16  -9.4471599e-17  -5.1512583e-17  3.2775834e-16  1.5806491e-16  -2.1951763e-16  5.8669014e-16  -2.3964856e-17  -4.0812346e-16  -2.2895889e-16  -1.5699858e-16  9.7576707e-17  4.4692003e-16  -5.7608657e-16  -2.6079871e-16  1.4113770e-16  -8.0775572e-16  5.3409765e-17  -1.7167762e-16  2.9756319e-16  1.4143153e-16  2.0489788e-16  -3.1358492e-16  2.6178963e-16  -6.1842802e-18  -2.3058897e-16  -2.3797165e-16  9.1721783e-17  -2.4522128e-17  1.0000000   -5.8439660e-16  -1.4109639e-16  -9.4471599e-17  -5.1512583e-17  3.2775834e-16  1.5806491e-16  -2.1951763e-16  5.8669014e-16  -2.3964856e-17  -4.0812346e-16  -2.2895889e-16  -1.5699858e-16  9.7576707e-17  
-7.4610202e-19  1.9980312e-16  4.7720198e-16  2.1866535e-16  1.7620089e-17  -1.0518412e-16  4.8702711e-17  2.2475636e-17  1.1601461e-16  5.2356179e-16  1.9509012e-16  4.2612181e-17  1.6605321e-16  4.1582134e-16  -1.3218142e-16  -3.7295604e-16  -2.5105683e-16  -5.8439660e-16  1.0000000   7.1887823e-17  1.7766012e-17  2.4652339e-16  -6.9098020e-16  -8.1210247e-17  -2.0081446e-16  -1.0243861e-16  3.7009362e-16  -1.2934240e-17  -1.6921875e-17  2.9503732e-16  -2.4093232e-17  -7.4610202e-19  1.9980312e-16  4.7720198e-16  2.1866535e-16  1.7620089e-17  -1.0518412e-16  4.8702711e-17  2.2475636e-17  1.1601461e-16  5.2356179e-16  1.9509012e-16  4.2612181e-17  1.6605321e-16  4.1582134e-16  -1.3218142e-16  -3.7295604e-16  -2.5105683e-16  -5.8439660e-16  1.0000000   7.1887823e-17  1.7766012e-17  2.4652339e-16  -6.9098020e-16  -8.1210247e-17  -2.0081446e-16  -1.0243861e-16  3.7009362e-16  -1.2934240e-17  -1.6921875e-17  2.9503732e-16  -2.4093232e-17  
3.8898777e-16  2.6118088e-16  1.6720276e-16  5.4995128e-17  -5.4236756e-16  -2.7330854e-16  -1.3045506e-16  8.9116907e-17  -8.8283356e-17  -4.1159713e-16  5.0978525e-16  -3.3185420e-16  2.0443226e-16  3.0836479e-16  1.8036509e-16  5.3764281e-16  -4.6125340e-16  -1.4109639e-16  7.1887823e-17  1.0000000   1.7787355e-16  -1.5507956e-16  3.3786279e-16  8.2787900e-16  -2.6702525e-16  -1.1304443e-16  -2.5452446e-16  3.9558160e-16  -2.0528046e-16  -1.6757574e-16  -1.4777125e-16  3.8898777e-16  2.6118088e-16  1.6720276e-16  5.4995128e-17  -5.4236756e-16  -2.7330854e-16  -1.3045506e-16  8.9116907e-17  -8.8283356e-17  -4.1159713e-16  5.0978525e-16  -3.3185420e-16  2.0443226e-16  3.0836479e-16  1.8036509e-16  5.3764281e-16  -4.6125340e-16  -1.4109639e-16  7.1887823e-17  1.0000000   1.7787355e-16  -1.5507956e-16  3.3786279e-16  8.2787900e-16  -2.6702525e-16  -1.1304443e-16  -2.5452446e-16  3.9558160e-16  -2.0528046e-16  -1.6757574e-16  -1.4777125e-16  
-8.3439116e-17  8.6230354e-16  -1.2472086e-16  -1.6167268e-16  5.5408008e-16  1.6151620e-16  4.9942105e-16  -3.3908813e-16  -2.8725604e-16  8.8819447e-17  -1.5799221e-16  4.5944690e-17  -6.6216228e-16  -5.6727588e-16  -2.4685769e-16  -4.5520667e-16  4.8040891e-16  -9.4471599e-17  1.7766012e-17  1.7787355e-16  1.0000000   -3.8542968e-16  3.4656525e-16  7.0996006e-16  -2.2316469e-17  -2.0981145e-16  -2.2236454e-16  -9.8327742e-17  2.8766570e-16  -1.4366031e-16  1.3111219e-16  -8.3439116e-17  8.6230354e-16  -1.2472086e-16  -1.6167268e-16  5.5408008e-16  1.6151620e-16  4.9942105e-16  -3.3908813e-16  -2.8725604e-16  8.8819447e-17  -1.5799221e-16  4.5944690e-17  -6.6216228e-16  -5.6727588e-16  -2.4685769e-16  -4.5520667e-16  4.8040891e-16  -9.4471599e-17  1.7766012e-17  1.7787355e-16  1.0000000   -3.8542968e-16  3.4656525e-16  7.0996006e-16  -2.2316469e-17  -2.0981145e-16  -2.2236454e-16  -9.8327742e-17  2.8766570e-16  -1.4366031e-16  1.3111219e-16  
4.4955120e-16  1.9712181e-16  4.3728696e-17  -2.9869020e-16  1.5131738e-15  1.4189847e-16  -3.6424190e-16  -2.7623888e-16  1.0359707e-16  -1.5728193e-17  -9.0656708e-16  -3.3822991e-16  1.6101132e-16  5.2483032e-16  -3.7791563e-16  -2.0578961e-16  2.8842226e-17  -5.1512583e-17  2.4652339e-16  -1.5507956e-16  -3.8542968e-16  1.0000000   1.9391777e-16  -2.7301920e-17  -1.3570205e-16  -7.2124088e-17  -6.4327048e-16  -1.5468140e-16  2.0606142e-16  9.2774316e-16  -9.1051782e-17  4.4955120e-16  1.9712181e-16  4.3728696e-17  -2.9869020e-16  1.5131738e-15  1.4189847e-16  -3.6424190e-16  -2.7623888e-16  1.0359707e-16  -1.5728193e-17  -9.0656708e-16  -3.3822991e-16  1.6101132e-16  5.2483032e-16  -3.7791563e-16  -2.0578961e-16  2.8842226e-17  -5.1512583e-17  2.4652339e-16  -1.5507956e-16  -3.8542968e-16  1.0000000   1.9391777e-16  -2.7301920e-17  -1.3570205e-16  -7.2124088e-17  -6.4327048e-16  -1.5468140e-16  2.0606142e-16  9.2774316e-16  -9.1051782e-17  
4.2141017e-16  -7.7013454e-16  1.6006919e-16  -6.0400441e-16  -5.7137116e-16  1.8598446e-16  1.5243612e-17  -5.8691471e-16  -4.6885976e-16  -2.1949785e-16  1.1545427e-15  -3.4250705e-16  2.0223049e-16  -3.6087124e-16  7.1749046e-16  -9.0399724e-16  4.4029403e-16  3.2775834e-16  -6.9098020e-16  3.3786279e-16  3.4656525e-16  1.9391777e-16  1.0000000   6.7292062e-16  4.4012005e-16  7.2279928e-16  4.1690712e-16  2.8283247e-16  2.6669290e-16  -1.2547460e-16  1.6375634e-16  4.2141017e-16  -7.7013454e-16  1.6006919e-16  -6.0400441e-16  -5.7137116e-16  1.8598446e-16  1.5243612e-17  -5.8691471e-16  -4.6885976e-16  -2.1949785e-16  1.1545427e-15  -3.4250705e-16  2.0223049e-16  -3.6087124e-16  7.1749046e-16  -9.0399724e-16  4.4029403e-16  3.2775834e-16  -6.9098020e-16  3.3786279e-16  3.4656525e-16  1.9391777e-16  1.0000000   6.7292062e-16  4.4012005e-16  7.2279928e-16  4.1690712e-16  2.8283247e-16  2.6669290e-16  -1.2547460e-16  1.6375634e-16  
-6.7012119e-16  4.2153957e-16  -1.9929618e-16  4.4588349e-16  -3.2002469e-16  4.9115743e-16  3.8212653e-16  -1.7270889e-16  1.4087496e-17  -2.4004556e-16  -7.6193580e-16  -2.3694474e-16  -2.4699167e-16  -4.4459967e-16  5.6754001e-16  1.6874830e-16  3.5344419e-16  1.5806491e-16  -8.1210247e-17  8.2787900e-16  7.0996006e-16  -2.7301920e-17  6.7292062e-16  1.0000000   2.1782948e-16  -3.8722774e-16  -3.3680159e-16  6.3394505e-16  9.0028521e-17  -1.2838743e-16  4.3007999e-16  -6.7012119e-16  4.2153957e-16  -1.9929618e-16  4.4588349e-16  -3.2002469e-16  4.9115743e-16  3.8212653e-16  -1.7270889e-16  1.4087496e-17  -2.4004556e-16  -7.6193580e-16  -2.3694474e-16  -2.4699167e-16  -4.4459967e-16  5.6754001e-16  1.6874830e-16  3.5344419e-16  1.5806491e-16  -8.1210247e-17  8.2787900e-16  7.0996006e-16  -2.7301920e-17  6.7292062e-16  1.0000000   2.1782948e-16  -3.8722774e-16  -3.3680159e-16  6.3394505e-16  9.0028521e-17  -1.2838743e-16  4.3007999e-16  
-1.1701369e-16  1.5967898e-16  1.7516915e-16  -1.7945780e-16  9.2622242e-17  1.6599311e-16  2.2825801e-16  -6.4514397e-18  -3.0763911e-16  2.2303383e-16  1.3741788e-16  -2.3231749e-16  -2.9757271e-16  -7.3503693e-16  9.1554933e-16  -5.6432159e-17  4.6476359e-16  -2.1951763e-16  -2.0081446e-16  -2.6702525e-16  -2.2316469e-17  -1.3570205e-16  4.4012005e-16  2.1782948e-16  1.0000000   1.1197439e-16  2.0011375e-16  2.8662733e-16  6.4723503e-16  1.6908041e-16  -2.5009205e-16  -1.1701369e-16  1.5967898e-16  1.7516915e-16  -1.7945780e-16  9.2622242e-17  1.6599311e-16  2.2825801e-16  -6.4514397e-18  -3.0763911e-16  2.2303383e-16  1.3741788e-16  -2.3231749e-16  -2.9757271e-16  -7.3503693e-16  9.1554933e-16  -5.6432159e-17  4.6476359e-16  -2.1951763e-16  -2.0081446e-16  -2.6702525e-16  -2.2316469e-17  -1.3570205e-16  4.4012005e-16  2.1782948e-16  1.0000000   1.1197439e-16  2.0011375e-16  2.8662733e-16  6.4723503e-16  1.6908041e-16  -2.5009205e-16  
-3.6748041e-16  3.6306408e-17  6.7760236e-16  -4.3806199e-16  -4.8896639e-16  -1.5679739e-16  8.7432003e-17  4.1533714e-16  1.8323083e-16  6.1559319e-17  2.6056737e-16  -2.7371371e-16  3.1889358e-16  4.4191247e-16  -5.0054904e-16  8.6459398e-17  -4.1041040e-16  5.8669014e-16  -1.0243861e-16  -1.1304443e-16  -2.0981145e-16  -7.2124088e-17  7.2279928e-16  -3.8722774e-16  1.1197439e-16  1.0000000   -1.6259115e-17  4.6522195e-16  2.4632520e-16  -3.2109500e-16  6.1632192e-16  -3.6748041e-16  3.6306408e-17  6.7760236e-16  -4.3806199e-16  -4.8896639e-16  -1.5679739e-16  8.7432003e-17  4.1533714e-16  1.8323083e-16  6.1559319e-17  2.6056737e-16  -2.7371371e-16  3.1889358e-16  4.4191247e-16  -5.0054904e-16  8.6459398e-17  -4.1041040e-16  5.8669014e-16  -1.0243861e-16  -1.1304443e-16  -2.0981145e-16  -7.2124088e-17  7.2279928e-16  -3.8722774e-16  1.1197439e-16  1.0000000   -1.6259115e-17  4.6522195e-16  2.4632520e-16  -3.2109500e-16  6.1632192e-16  
-3.2438199e-16  -3.5762437e-16  1.6865984e-16  -4.8428672e-16  4.5994988e-16  1.6414003e-16  -9.3114789e-16  -2.9767967e-17  2.4749848e-16  -3.6019682e-16  7.6236621e-18  3.5010953e-16  7.1330950e-16  -4.1114282e-16  1.6824332e-16  3.1636176e-16  3.7944528e-17  -2.3964856e-17  3.7009362e-16  -2.5452446e-16  -2.2236454e-16  -6.4327048e-16  4.1690712e-16  -3.3680159e-16  2.0011375e-16  -1.6259115e-17  1.0000000   1.1183486e-16  -3.0080923e-16  4.5598828e-19  -4.3223459e-17  -3.2438199e-16  -3.5762437e-16  1.6865984e-16  -4.8428672e-16  4.5994988e-16  1.6414003e-16  -9.3114789e-16  -2.9767967e-17  2.4749848e-16  -3.6019682e-16  7.6236621e-18  3.5010953e-16  7.1330950e-16  -4.1114282e-16  1.6824332e-16  3.1636176e-16  3.7944528e-17  -2.3964856e-17  3.7009362e-16  -2.5452446e-16  -2.2236454e-16  -6.4327048e-16  4.1690712e-16  -3.3680159e-16  2.0011375e-16  -1.6259115e-17  1.0000000   1.1183486e-16  -3.0080923e-16  4.5598828e-19  -4.3223459e-17  
-3.1434752e-16  1.2477920e-16  -3.4766135e-16  5.9907983e-17  -2.6249771e-16  2.9448195e-16  -1.1928131e-17  3.7942379e-16  -3.0405600e-16  3.3811741e-16  2.5620051e-16  -2.9844147e-17  2.4714266e-16  4.1588938e-16  1.8006276e-16  -1.1598237e-17  3.3495087e-16  -4.0812346e-16  -1.2934240e-17  3.9558160e-16  -9.8327742e-17  -1.5468140e-16  2.8283247e-16  6.3394505e-16  2.8662733e-16  4.6522195e-16  1.1183486e-16  1.0000000   2.1930316e-16  -7.1603592e-16  5.8917111e-16  -3.1434752e-16  1.2477920e-16  -3.4766135e-16  5.9907983e-17  -2.6249771e-16  2.9448195e-16  -1.1928131e-17  3.7942379e-16  -3.0405600e-16  3.3811741e-16  2.5620051e-16  -2.9844147e-17  2.4714266e-16  4.1588938e-16  1.8006276e-16  -1.1598237e-17  3.3495087e-16  -4.0812346e-16  -1.2934240e-17  3.9558160e-16  -9.8327742e-17  -1.5468140e-16  2.8283247e-16  6.3394505e-16  2.8662733e-16  4.6522195e-16  1.1183486e-16  1.0000000   2.1930316e-16  -7.1603592e-16  5.8917111e-16  
-1.4455412e-16  4.0699474e-16  3.4772535e-16  4.1276000e-17  3.4641771e-17  -5.3471986e-17  -1.9412281e-16  1.3742406e-16  -5.0860631e-16  -1.5829123e-16  3.0462382e-17  3.0149241e-17  -5.4794503e-16  -4.3816142e-16  9.8387956e-17  6.2974645e-16  5.5599685e-16  -2.2895889e-16  -1.6921875e-17  -2.0528046e-16  2.8766570e-16  2.0606142e-16  2.6669290e-16  9.0028521e-17  6.4723503e-16  2.4632520e-16  -3.0080923e-16  2.1930316e-16  1.0000000   -4.7484219e-16  3.8516606e-16  -1.4455412e-16  4.0699474e-16  3.4772535e-16  4.1276000e-17  3.4641771e-17  -5.3471986e-17  -1.9412281e-16  1.3742406e-16  -5.0860631e-16  -1.5829123e-16  3.0462382e-17  3.0149241e-17  -5.4794503e-16  -4.3816142e-16  9.8387956e-17  6.2974645e-16  5.5599685e-16  -2.2895889e-16  -1.6921875e-17  -2.0528046e-16  2.8766570e-16  2.0606142e-16  2.6669290e-16  9.0028521e-17  6.4723503e-16  2.4632520e-16  -3.0080923e-16  2.1930316e-16  1.0000000   -4.7484219e-16  3.8516606e-16  
2.5690838e-17  4.1860267e-16  1.2044959e-16  4.2640295e-17  -2.6848170e-16  -3.8012051e-16  2.5075001e-16  1.6412595e-16  3.0781426e-16  4.2720953e-16  1.1587518e-15  -2.2608753e-16  -5.4871893e-16  -3.2319323e-17  2.3859533e-16  -1.9828791e-16  -6.8259026e-16  -1.5699858e-16  2.9503732e-16  -1.6757574e-16  -1.4366031e-16  9.2774316e-16  -1.2547460e-16  -1.2838743e-16  1.6908041e-16  -3.2109500e-16  4.5598828e-19  -7.1603592e-16  -4.7484219e-16  1.0000000   -1.5233570e-17  2.5690838e-17  4.1860267e-16  1.2044959e-16  4.2640295e-17  -2.6848170e-16  -3.8012051e-16  2.5075001e-16  1.6412595e-16  3.0781426e-16  4.2720953e-16  1.1587518e-15  -2.2608753e-16  -5.4871893e-16  -3.2319323e-17  2.3859533e-16  -1.9828791e-16  -6.8259026e-16  -1.5699858e-16  2.9503732e-16  -1.6757574e-16  -1.4366031e-16  9.2774316e-16  -1.2547460e-16  -1.2838743e-16  1.6908041e-16  -3.2109500e-16  4.5598828e-19  -7.1603592e-16  -4.7484219e-16  1.0000000   -1.5233570e-17  
-4.3503976e-16  1.5449087e-16  1.7390416e-16  -5.6109013e-16  2.8046431e-16  -3.5484887e-16  -1.9667063e-16  -7.9837083e-16  -4.2158746e-16  -3.5342596e-16  2.1008264e-16  -1.5523873e-16  1.3540798e-16  -1.9742304e-16  6.9972038e-16  1.4751651e-16  -2.7402214e-17  9.7576707e-17  -2.4093232e-17  -1.4777125e-16  1.3111219e-16  -9.1051782e-17  1.6375634e-16  4.3007999e-16  -2.5009205e-16  6.1632192e-16  -4.3223459e-17  5.8917111e-16  3.8516606e-16  -1.5233570e-17  1.0000000   -4.3503976e-16  1.5449087e-16  1.7390416e-16  -5.6109013e-16  2.8046431e-16  -3.5484887e-16  -1.9667063e-16  -7.9837083e-16  -4.2158746e-16  -3.5342596e-16  2.1008264e-16  -1.5523873e-16  1.3540798e-16  -1.9742304e-16  6.9972038e-16  1.4751651e-16  -2.7402214e-17  9.7576707e-17  -2.4093232e-17  -1.4777125e-16  1.3111219e-16  -9.1051782e-17  1.6375634e-16  4.3007999e-16  -2.5009205e-16  6.1632192e-16  -4.3223459e-17  5.8917111e-16  3.8516606e-16  -1.5233570e-17  1.0000000   
1.0000000   5.4488477e-16  5.1031465e-16  -1.0305180e-16  -6.2893959e-16  1.6868339e-17  -2.2368857e-16  4.8350715e-17  5.8276816e-16  6.1023677e-16  -3.5135844e-16  -6.5463838e-17  6.1480470e-16  -2.1919197e-16  -3.0963023e-16  -6.9920029e-17  -1.4725926e-16  4.4692003e-16  -7.4610202e-19  3.8898777e-16  -8.3439116e-17  4.4955120e-16  4.2141017e-16  -6.7012119e-16  -1.1701369e-16  -3.6748041e-16  -3.2438199e-16  -3.1434752e-16  -1.4455412e-16  2.5690838e-17  -4.3503976e-16  1.0000000   5.4488477e-16  5.1031465e-16  -1.0305180e-16  -6.2893959e-16  1.6868339e-17  -2.2368857e-16  4.8350715e-17  5.8276816e-16  6.1023677e-16  -3.5135844e-16  -6.5463838e-17  6.1480470e-16  -2.1919197e-16  -3.0963023e-16  -6.9920029e-17  -1.4725926e-16  4.4692003e-16  -7.4610202e-19  3.8898777e-16  -8.3439116e-17  4.4955120e-16  4.2141017e-16  -6.7012119e-16  -1.1701369e-16  -3.6748041e-16  -3.2438199e-16  -3.1434752e-16  -1.4455412e-16  2.5690838e-17  -4.3503976e-16  
5.4488477e-16  1.0000000   6.9908448e-16  -5.7190704e-16  -5.0684339e-17  -6.8453307e-16  -2.6629163e-16  -2.1934100e-16  -4.8197833e-16  4.4960646e-16  -3.7855180e-16  -2.7613178e-16  4.8028664e-17  -1.3039509e-16  8.5575743e-16  3.2657899e-16  8.2204405e-16  -5.7608657e-16  1.9980312e-16  2.6118088e-16  8.6230354e-16  1.9712181e-16  -7.7013454e-16  4.2153957e-16  1.5967898e-16  3.6306408e-17  -3.5762437e-16  1.2477920e-16  4.0699474e-16  4.1860267e-16  1.5449087e-16  5.4488477e-16  1.0000000   6.9908448e-16  -5.7190704e-16  -5.0684339e-17  -6.8453307e-16  -2.6629163e-16  -2.1934100e-16  -4.8197833e-16  4.4960646e-16  -3.7855180e-16  -2.7613178e-16  4.8028664e-17  -1.3039509e-16  8.5575743e-16  3.2657899e-16  8.2204405e-16  -5.7608657e-16  1.9980312e-16  2.6118088e-16  8.6230354e-16  1.9712181e-16  -7.7013454e-16  4.2153957e-16  1.5967898e-16  3.6306408e-17  -3.5762437e-16  1.2477920e-16  4.0699474e-16  4.1860267e-16  1.5449087e-16  
5.1031465e-16  6.9908448e-16  1.0000000   1.1157173e-15  4.8255246e-16  6.2450763e-17  -3.5411488e-16  -3.3110417e-16  1.8258876e-16  1.7755760e-16  5.1594757e-16  -2.2041704e-16  2.1539841e-16  3.7297381e-16  6.4971603e-17  -4.8457334e-16  3.7454080e-17  -2.6079871e-16  4.7720198e-16  1.6720276e-16  -1.2472086e-16  4.3728696e-17  1.6006919e-16  -1.9929618e-16  1.7516915e-16  6.7760236e-16  1.6865984e-16  -3.4766135e-16  3.4772535e-16  1.2044959e-16  1.7390416e-16  5.1031465e-16  6.9908448e-16  1.0000000   1.1157173e-15  4.8255246e-16  6.2450763e-17  -3.5411488e-16  -3.3110417e-16  1.8258876e-16  1.7755760e-16  5.1594757e-16  -2.2041704e-16  2.1539841e-16  3.7297381e-16  6.4971603e-17  -4.8457334e-16  3.7454080e-17  -2.6079871e-16  4.7720198e-16  1.6720276e-16  -1.2472086e-16  4.3728696e-17  1.6006919e-16  -1.9929618e-16  1.7516915e-16  6.7760236e-16  1.6865984e-16  -3.4766135e-16  3.4772535e-16  1.2044959e-16  1.7390416e-16  
-1.0305180e-16  -5.7190704e-16  1.1157173e-15  1.0000000   6.7678009e-17  5.4844924e-16  -1.0243477e-15  6.3200125e-16  -3.0293981e-16  1.6150168e-16  -5.8186971e-16  -7.9659098e-17  3.4979366e-16  2.4305458e-16  -6.3815986e-16  4.2665385e-16  -9.6223277e-16  1.4113770e-16  2.1866535e-16  5.4995128e-17  -1.6167268e-16  -2.9869020e-16  -6.0400441e-16  4.4588349e-16  -1.7945780e-16  -4.3806199e-16  -4.8428672e-16  5.9907983e-17  4.1276000e-17  4.2640295e-17  -5.6109013e-16  -1.0305180e-16  -5.7190704e-16  1.1157173e-15  1.0000000   6.7678009e-17  5.4844924e-16  -1.0243477e-15  6.3200125e-16  -3.0293981e-16  1.6150168e-16  -5.8186971e-16  -7.9659098e-17  3.4979366e-16  2.4305458e-16  -6.3815986e-16  4.2665385e-16  -9.6223277e-16  1.4113770e-16  2.1866535e-16  5.4995128e-17  -1.6167268e-16  -2.9869020e-16  -6.0400441e-16  4.4588349e-16  -1.7945780e-16  -4.3806199e-16  -4.8428672e-16  5.9907983e-17  4.1276000e-17  4.2640295e-17  -5.6109013e-16  
-6.2893959e-16  -5.0684339e-17  4.8255246e-16  6.7678009e-17  1.0000000   -7.5400902e-16  2.8040052e-16  1.0804481e-15  -1.0026982e-16  9.5850241e-16  -5.2951736e-16  3.6178228e-16  3.0427759e-16  -5.8591883e-18  3.1465773e-16  7.8367507e-16  5.0893879e-17  -8.0775572e-16  1.7620089e-17  -5.4236756e-16  5.5408008e-16  1.5131738e-15  -5.7137116e-16  -3.2002469e-16  9.2622242e-17  -4.8896639e-16  4.5994988e-16  -2.6249771e-16  3.4641771e-17  -2.6848170e-16  2.8046431e-16  -6.2893959e-16  -5.0684339e-17  4.8255246e-16  6.7678009e-17  1.0000000   -7.5400902e-16  2.8040052e-16  1.0804481e-15  -1.0026982e-16  9.5850241e-16  -5.2951736e-16  3.6178228e-16  3.0427759e-16  -5.8591883e-18  3.1465773e-16  7.8367507e-16  5.0893879e-17  -8.0775572e-16  1.7620089e-17  -5.4236756e-16  5.5408008e-16  1.5131738e-15  -5.7137116e-16  -3.2002469e-16  9.2622242e-17  -4.8896639e-16  4.5994988e-16  -2.6249771e-16  3.4641771e-17  -2.6848170e-16  2.8046431e-16  
1.6868339e-17  -6.8453307e-16  6.2450763e-17  5.4844924e-16  -7.5400902e-16  1.0000000   9.1269706e-17  -1.6990153e-16  2.2032191e-16  1.0960331e-16  7.1733866e-16  1.6794347e-16  -9.8299828e-18  1.9925221e-16  1.3351285e-16  4.9880897e-16  3.7840586e-16  5.3409765e-17  -1.0518412e-16  -2.7330854e-16  1.6151620e-16  1.4189847e-16  1.8598446e-16  4.9115743e-16  1.6599311e-16  -1.5679739e-16  1.6414003e-16  2.9448195e-16  -5.3471986e-17  -3.8012051e-16  -3.5484887e-16  1.6868339e-17  -6.8453307e-16  6.2450763e-17  5.4844924e-16  -7.5400902e-16  1.0000000   9.1269706e-17  -1.6990153e-16  2.2032191e-16  1.0960331e-16  7.1733866e-16  1.6794347e-16  -9.8299828e-18  1.9925221e-16  1.3351285e-16  4.9880897e-16  3.7840586e-16  5.3409765e-17  -1.0518412e-16  -2.7330854e-16  1.6151620e-16  1.4189847e-16  1.8598446e-16  4.9115743e-16  1.6599311e-16  -1.5679739e-16  1.6414003e-16  2.9448195e-16  -5.3471986e-17  -3.8012051e-16  -3.5484887e-16  
-2.2368857e-16  -2.6629163e-16  -3.5411488e-16  -1.0243477e-15  2.8040052e-16  9.1269706e-17  1.0000000   -4.3818401e-16  4.7659030e-16  -6.5231934e-17  7.0039812e-16  -5.3930210e-16  4.2081268e-16  2.2600743e-16  1.5182886e-16  1.9753396e-17  -1.3601779e-16  -1.7167762e-16  4.8702711e-17  -1.3045506e-16  4.9942105e-16  -3.6424190e-16  1.5243612e-17  3.8212653e-16  2.2825801e-16  8.7432003e-17  -9.3114789e-16  -1.1928131e-17  -1.9412281e-16  2.5075001e-16  -1.9667063e-16  -2.2368857e-16  -2.6629163e-16  -3.5411488e-16  -1.0243477e-15  2.8040052e-16  9.1269706e-17  1.0000000   -4.3818401e-16  4.7659030e-16  -6.5231934e-17  7.0039812e-16  -5.3930210e-16  4.2081268e-16  2.2600743e-16  1.5182886e-16  1.9753396e-17  -1.3601779e-16  -1.7167762e-16  4.8702711e-17  -1.3045506e-16  4.9942105e-16  -3.6424190e-16  1.5243612e-17  3.8212653e-16  2.2825801e-16  8.7432003e-17  -9.3114789e-16  -1.1928131e-17  -1.9412281e-16  2.5075001e-16  -1.9667063e-16  
4.8350715e-17  -2.1934100e-16  -3.3110417e-16  6.3200125e-16  1.0804481e-15  -1.6990153e-16  -4.3818401e-16  1.0000000   4.5986845e-17  -1.6695249e-16  -2.8836531e-16  9.0218440e-16  5.3660544e-16  3.1524611e-16  -2.6296114e-16  2.6341465e-16  1.8543657e-16  2.9756319e-16  2.2475636e-17  8.9116907e-17  -3.3908813e-16  -2.7623888e-16  -5.8691471e-16  -1.7270889e-16  -6.4514397e-18  4.1533714e-16  -2.9767967e-17  3.7942379e-16  1.3742406e-16  1.6412595e-16  -7.9837083e-16  4.8350715e-17  -2.1934100e-16  -3.3110417e-16  6.3200125e-16  1.0804481e-15  -1.6990153e-16  -4.3818401e-16  1.0000000   4.5986845e-17  -1.6695249e-16  -2.8836531e-16  9.0218440e-16  5.3660544e-16  3.1524611e-16  -2.6296114e-16  2.6341465e-16  1.8543657e-16  2.9756319e-16  2.2475636e-17  8.9116907e-17  -3.3908813e-16  -2.7623888e-16  -5.8691471e-16  -1.7270889e-16  -6.4514397e-18  4.1533714e-16  -2.9767967e-17  3.7942379e-16  1.3742406e-16  1.6412595e-16  -7.9837083e-16  
5.8276816e-16  -4.8197833e-16  1.8258876e-16  -3.0293981e-16  -1.0026982e-16  2.2032191e-16  4.7659030e-16  4.5986845e-17  1.0000000   5.1934840e-17  -4.1587961e-16  -1.6237536e-16  2.5571925e-16  -3.6551863e-16  -6.6243720e-16  4.7301375e-16  1.6567206e-16  1.4143153e-16  1.1601461e-16  -8.8283356e-17  -2.8725604e-16  1.0359707e-16  -4.6885976e-16  1.4087496e-17  -3.0763911e-16  1.8323083e-16  2.4749848e-16  -3.0405600e-16  -5.0860631e-16  3.0781426e-16  -4.2158746e-16  5.8276816e-16  -4.8197833e-16  1.8258876e-16  -3.0293981e-16  -1.0026982e-16  2.2032191e-16  4.7659030e-16  4.5986845e-17  1.0000000   5.1934840e-17  -4.1587961e-16  -1.6237536e-16  2.5571925e-16  -3.6551863e-16  -6.6243720e-16  4.7301375e-16  1.6567206e-16  1.4143153e-16  1.1601461e-16  -8.8283356e-17  -2.8725604e-16  1.0359707e-16  -4.6885976e-16  1.4087496e-17  -3.0763911e-16  1.8323083e-16  2.4749848e-16  -3.0405600e-16  -5.0860631e-16  3.0781426e-16  -4.2158746e-16  
6.1023677e-16  4.4960646e-16  1.7755760e-16  1.6150168e-16  9.5850241e-16  1.0960331e-16  -6.5231934e-17  -1.6695249e-16  5.1934840e-17  1.0000000   2.3742928e-16  1.4405561e-16  -4.7619271e-16  -4.5953941e-16  -3.0428000e-16  1.0925773e-15  3.6644619e-16  2.0489788e-16  5.2356179e-16  -4.1159713e-16  8.8819447e-17  -1.5728193e-17  -2.1949785e-16  -2.4004556e-16  2.2303383e-16  6.1559319e-17  -3.6019682e-16  3.3811741e-16  -1.5829123e-16  4.2720953e-16  -3.5342596e-16  6.1023677e-16  4.4960646e-16  1.7755760e-16  1.6150168e-16  9.5850241e-16  1.0960331e-16  -6.5231934e-17  -1.6695249e-16  5.1934840e-17  1.0000000   2.3742928e-16  1.4405561e-16  -4.7619271e-16  -4.5953941e-16  -3.0428000e-16  1.0925773e-15  3.6644619e-16  2.0489788e-16  5.2356179e-16  -4.1159713e-16  8.8819447e-17  -1.5728193e-17  -2.1949785e-16  -2.4004556e-16  2.2303383e-16  6.1559319e-17  -3.6019682e-16  3.3811741e-16  -1.5829123e-16  4.2720953e-16  -3.5342596e-16  
