1.0000000   -3.9483448e-16  -2.2968282e-16  5.2955972e-16  3.2951859e-16  -5.9024756e-16  2.7032936e-16  -9.9059550e-17  5.8135664e-16  -2.2984222e-16  -1.1383666e-17  2.0107298e-16  1.3349345e-16  -9.1242689e-16  -4.4433654e-16  -1.8558280e-16  -1.1166162e-15  4.7377899e-16  -5.7231986e-16  1.5882516e-16  -8.8783819e-17  2.6040138e-16  3.5535360e-16  -4.5565174e-16  -2.3208448e-16  -1.5746241e-16  1.7008433e-16  6.6251311e-17  -2.5619373e-16  -4.1492313e-16  -6.2259863e-16  1.0000000   -3.9483448e-16  -2.2968282e-16  5.2955972e-16  3.2951859e-16  -5.9024756e-16  2.7032936e-16  -9.9059550e-17  5.8135664e-16  -2.2984222e-16  -1.1383666e-17  2.0107298e-16  1.3349345e-16  -9.1242689e-16  -4.4433654e-16  -1.8558280e-16  -1.1166162e-15  4.7377899e-16  -5.7231986e-16  1.5882516e-16  -8.8783819e-17  2.6040138e-16  3.5535360e-16  -4.5565174e-16  -2.3208448e-16  -1.5746241e-16  1.7008433e-16  6.6251311e-17  -2.5619373e-16  -4.1492313e-16  -6.2259863e-16  
-3.9483448e-16  1.0000000   2.6292313e-17  -4.7494765e-17  -2.7390672e-16  7.7301785e-16  -2.5244724e-16  7.2217202e-16  -5.1095640e-16  -1.6044113e-16  1.8590702e-16  -7.7126069e-17  -2.9507831e-16  4.4558900e-16  8.4766842e-17  1.1395865e-16  3.9610011e-16  3.4677511e-16  5.3225701e-16  3.0675030e-16  -1.1366806e-19  -9.5165813e-16  -8.6930015e-16  1.6739214e-16  5.5302376e-17  2.5598034e-17  5.6022905e-16  5.6437136e-16  -5.7404123e-17  -1.0551378e-16  2.1779521e-16  -3.9483448e-16  1.0000000   2.6292313e-17  -4.7494765e-17  -2.7390672e-16  7.7301785e-16  -2.5244724e-16  7.2217202e-16  -5.1095640e-16  -1.6044113e-16  1.8590702e-16  -7.7126069e-17  -2.9507831e-16  4.4558900e-16  8.4766842e-17  1.1395865e-16  3.9610011e-16  3.4677511e-16  5.3225701e-16  3.0675030e-16  -1.1366806e-19  -9.5165813e-16  -8.6930015e-16  1.6739214e-16  5.5302376e-17  2.5598034e-17  5.6022905e-16  5.6437136e-16  -5.7404123e-17  -1.0551378e-16  2.1779521e-16  
-2.2968282e-16  2.6292313e-17  1.0000000   -1.0694671e-15  -1.6713957e-17  -1.0069434e-15  4.5255382e-16  -2.4697668e-17  6.6931882e-16  6.1056668e-16  -4.0487117e-16  5.6510996e-16  1.4048213e-16  4.6768208e-16  -5.8034264e-18  -3.4568007e-16  2.1346617e-17  9.6448697e-17  -3.9096538e-16  1.4527890e-16  1.2844700e-16  4.8450926e-16  2.7556629e-18  -5.1970617e-16  -2.6627182e-16  1.0437510e-15  -2.2524161e-16  6.1334413e-16  -1.8089922e-16  -4.7240426e-16  2.0932324e-16  -2.2968282e-16  2.6292313e-17  1.0000000   -1.0694671e-15  -1.6713957e-17  -1.0069434e-15  4.5255382e-16  -2.4697668e-17  6.6931882e-16  6.1056668e-16  -4.0487117e-16  5.6510996e-16  1.4048213e-16  4.6768208e-16  -5.8034264e-18  -3.4568007e-16  2.1346617e-17  9.6448697e-17  -3.9096538e-16  1.4527890e-16  1.2844700e-16  4.8450926e-16  2.7556629e-18  -5.1970617e-16  -2.6627182e-16  1.0437510e-15  -2.2524161e-16  6.1334413e-16  -1.8089922e-16  -4.7240426e-16  2.0932324e-16  
5.2955972e-16  -4.7494765e-17  -1.0694671e-15  1.0000000   6.7497568e-16  -4.5386424e-16  3.8046685e-16  -2.0449599e-17  -9.6968047e-17  -9.9469309e-17  6.0158350e-16  3.3012329e-16  -7.5638004e-16  -8.0056364e-17  3.4093365e-16  4.5710802e-16  1.3436898e-15  1.3073749e-16  6.5282029e-16  -1.7598464e-16  8.2289160e-17  -1.1450223e-15  -8.6559444e-16  4.3745740e-16  -3.1731797e-16  -6.4456462e-16  5.4640954e-16  -2.1575329e-16  7.2913757e-16  -2.8789753e-16  -1.4603710e-15  5.2955972e-16  -4.7494765e-17  -1.0694671e-15  1.0000000   6.7497568e-16  -4.5386424e-16  3.8046685e-16  -2.0449599e-17  -9.6968047e-17  -9.9469309e-17  6.0158350e-16  3.3012329e-16  -7.5638004e-16  -8.0056364e-17  3.4093365e-16  4.5710802e-16  1.3436898e-15  1.3073749e-16  6.5282029e-16  -1.7598464e-16  8.2289160e-17  -1.1450223e-15  -8.6559444e-16  4.3745740e-16  -3.1731797e-16  -6.4456462e-16  5.4640954e-16  -2.1575329e-16  7.2913757e-16  -2.8789753e-16  -1.4603710e-15  
3.2951859e-16  -2.7390672e-16  -1.6713957e-17  6.7497568e-16  1.0000000   -6.9145499e-16  4.2875345e-17  -8.3454366e-16  -1.9338520e-16  6.1589567e-16  4.5647092e-16  -1.6937548e-16  -1.5825236e-17  -2.1455836e-16  -1.5701919e-16  4.9669167e-16  5.0266704e-17  9.3652064e-16  -1.4783067e-16  -5.4223835e-17  9.7099420e-17  8.4454619e-17  6.2681133e-16  1.0483286e-15  9.0984221e-16  -4.0311368e-16  -1.3935557e-16  -1.8819424e-16  -2.5474341e-16  -4.2902178e-16  -6.5432749e-18  3.2951859e-16  -2.7390672e-16  -1.6713957e-17  6.7497568e-16  1.0000000   -6.9145499e-16  4.2875345e-17  -8.3454366e-16  -1.9338520e-16  6.1589567e-16  4.5647092e-16  -1.6937548e-16  -1.5825236e-17  -2.1455836e-16  -1.5701919e-16  4.9669167e-16  5.0266704e-17  9.3652064e-16  -1.4783067e-16  -5.4223835e-17  9.7099420e-17  8.4454619e-17  6.2681133e-16  1.0483286e-15  9.0984221e-16  -4.0311368e-16  -1.3935557e-16  -1.8819424e-16  -2.5474341e-16  -4.2902178e-16  -6.5432749e-18  
-5.9024756e-16  7.7301785e-16  -1.0069434e-15  -4.5386424e-16  -6.9145499e-16  1.0000000   -4.2761463e-17  1.1630903e-16  -1.6371846e-16  -2.8844731e-16  1.9544245e-16  3.0636900e-17  -4.7997644e-16  4.9408670e-16  -7.2395005e-17  -1.1438894e-16  -3.7903713e-16  6.3012268e-16  1.3137475e-16  9.1418985e-16  3.3503419e-16  7.2227618e-16  2.4549371e-17  1.3936828e-15  -1.4103636e-19  3.0207804e-16  -3.2721941e-16  -1.2142714e-15  -8.1054626e-16  8.2139448e-19  -1.2426659e-17  -5.9024756e-16  7.7301785e-16  -1.0069434e-15  -4.5386424e-16  -6.9145499e-16  1.0000000   -4.2761463e-17  1.1630903e-16  -1.6371846e-16  -2.8844731e-16  1.9544245e-16  3.0636900e-17  -4.7997644e-16  4.9408670e-16  -7.2395005e-17  -1.1438894e-16  -3.7903713e-16  6.3012268e-16  1.3137475e-16  9.1418985e-16  3.3503419e-16  7.2227618e-16  2.4549371e-17  1.3936828e-15  -1.4103636e-19  3.0207804e-16  -3.2721941e-16  -1.2142714e-15  -8.1054626e-16  8.2139448e-19  -1.2426659e-17  
2.7032936e-16  -2.5244724e-16  4.5255382e-16  3.8046685e-16  4.2875345e-17  -4.2761463e-17  1.0000000   -3.7204219e-16  -7.2281179e-17  -1.6319361e-16  2.6357368e-16  -1.2562962e-15  4.8821006e-16  4.8907841e-16  -1.5583423e-16  -1.1438739e-16  5.7787299e-16  -4.9484712e-16  3.1574184e-16  -2.6789905e-16  -2.6133990e-16  -1.6262839e-16  2.4339835e-16  4.7411400e-16  1.5780937e-16  -7.3106870e-16  -3.7406054e-17  5.3336801e-16  -2.9810836e-16  -8.5566492e-17  3.4674716e-16  2.7032936e-16  -2.5244724e-16  4.5255382e-16  3.8046685e-16  4.2875345e-17  -4.2761463e-17  1.0000000   -3.7204219e-16  -7.2281179e-17  -1.6319361e-16  2.6357368e-16  -1.2562962e-15  4.8821006e-16  4.8907841e-16  -1.5583423e-16  -1.1438739e-16  5.7787299e-16  -4.9484712e-16  3.1574184e-16  -2.6789905e-16  -2.6133990e-16  -1.6262839e-16  2.4339835e-16  4.7411400e-16  1.5780937e-16  -7.3106870e-16  -3.7406054e-17  5.3336801e-16  -2.9810836e-16  -8.5566492e-17  3.4674716e-16  
-9.9059550e-17  7.2217202e-16  -2.4697668e-17  -2.0449599e-17  -8.3454366e-16  1.1630903e-16  -3.7204219e-16  1.0000000   -1.6133030e-16  1.8850288e-16  3.0341035e-16  4.3024664e-16  -5.8230376e-16  7.1336644e-16  -3.7921461e-16  -2.9418379e-16  7.8936598e-16  -4.3721003e-16  9.9789004e-17  -4.2161574e-16  1.4021381e-16  -2.6495799e-16  1.5223110e-16  6.7755640e-16  3.4663953e-16  6.2281350e-17  1.6052909e-17  6.9413931e-16  -4.5682326e-17  -1.0896807e-16  4.1719018e-16  -9.9059550e-17  7.2217202e-16  -2.4697668e-17  -2.0449599e-17  -8.3454366e-16  1.1630903e-16  -3.7204219e-16  1.0000000   -1.6133030e-16  1.8850288e-16  3.0341035e-16  4.3024664e-16  -5.8230376e-16  7.1336644e-16  -3.7921461e-16  -2.9418379e-16  7.8936598e-16  -4.3721003e-16  9.9789004e-17  -4.2161574e-16  1.4021381e-16  -2.6495799e-16  1.5223110e-16  6.7755640e-16  3.4663953e-16  6.2281350e-17  1.6052909e-17  6.9413931e-16  -4.5682326e-17  -1.0896807e-16  4.1719018e-16  
5.8135664e-16  -5.1095640e-16  6.6931882e-16  -9.6968047e-17  -1.9338520e-16  -1.6371846e-16  -7.2281179e-17  -1.6133030e-16  1.0000000   -3.9882624e-16  -3.3817624e-16  -1.5173916e-16  -7.2038776e-17  -1.0539985e-15  -1.8495591e-17  2.8219962e-16  -3.9862415e-16  -7.3607337e-17  6.1574218e-17  -3.7141565e-16  -6.6650277e-16  -3.8867196e-16  -7.2047142e-16  -5.1704605e-16  7.9911080e-16  -2.9748527e-16  7.9354459e-16  1.3154854e-16  4.3547126e-16  -6.6588862e-17  -3.8566096e-16  5.8135664e-16  -5.1095640e-16  6.6931882e-16  -9.6968047e-17  -1.9338520e-16  -1.6371846e-16  -7.2281179e-17  -1.6133030e-16  1.0000000   -3.9882624e-16  -3.3817624e-16  -1.5173916e-16  -7.2038776e-17  -1.0539985e-15  -1.8495591e-17  2.8219962e-16  -3.9862415e-16  -7.3607337e-17  6.1574218e-17  -3.7141565e-16  -6.6650277e-16  -3.8867196e-16  -7.2047142e-16  -5.1704605e-16  7.9911080e-16  -2.9748527e-16  7.9354459e-16  1.3154854e-16  4.3547126e-16  -6.6588862e-17  -3.8566096e-16  
-2.2984222e-16  -1.6044113e-16  6.1056668e-16  -9.9469309e-17  6.1589567e-16  -2.8844731e-16  -1.6319361e-16  1.8850288e-16  -3.9882624e-16  1.0000000   -5.8721840e-16  4.9973066e-16  5.7902836e-16  -5.3021274e-16  -7.2715342e-17  6.4521687e-16  2.8166810e-16  -1.4532609e-17  -3.0835912e-16  1.6558096e-17  -1.8774908e-16  -2.0116704e-17  -6.6813850e-16  -7.3819327e-16  -1.2437047e-16  8.3947868e-17  -3.9431668e-16  -2.6151917e-16  1.5943662e-16  -1.2031840e-16  -1.2495520e-16  -2.2984222e-16  -1.6044113e-16  6.1056668e-16  -9.9469309e-17  6.1589567e-16  -2.8844731e-16  -1.6319361e-16  1.8850288e-16  -3.9882624e-16  1.0000000   -5.8721840e-16  4.9973066e-16  5.7902836e-16  -5.3021274e-16  -7.2715342e-17  6.4521687e-16  2.8166810e-16  -1.4532609e-17  -3.0835912e-16  1.6558096e-17  -1.8774908e-16  -2.0116704e-17  -6.6813850e-16  -7.3819327e-16  -1.2437047e-16  8.3947868e-17  -3.9431668e-16  -2.6151917e-16  1.5943662e-16  -1.2031840e-16  -1.2495520e-16  
-1.1383666e-17  1.8590702e-16  -4.0487117e-16  6.0158350e-16  4.5647092e-16  1.9544245e-16  2.6357368e-16  3.0341035e-16  -3.3817624e-16  -5.8721840e-16  1.0000000   2.4868392e-16  -3.9561078e-16  6.1089620e-16  3.9522458e-17  -2.4332321e-16  -2.6664289e-16  2.5184889e-16  4.1179114e-16  1.7680569e-16  2.1636801e-17  -3.3480114e-16  -9.0231813e-17  3.1776032e-16  -5.9507477e-18  4.6308331e-16  1.7492150e-17  1.6063076e-16  -2.2961097e-17  4.0441941e-16  1.7950364e-16  -1.1383666e-17  1.8590702e-16  -4.0487117e-16  6.0158350e-16  4.5647092e-16  1.9544245e-16  2.6357368e-16  3.0341035e-16  -3.3817624e-16  -5.8721840e-16  1.0000000   2.4868392e-16  -3.9561078e-16  6.1089620e-16  3.9522458e-17  -2.4332321e-16  -2.6664289e-16  2.5184889e-16  4.1179114e-16  1.7680569e-16  2.1636801e-17  -3.3480114e-16  -9.0231813e-17  3.1776032e-16  -5.9507477e-18  4.6308331e-16  1.7492150e-17  1.6063076e-16  -2.2961097e-17  4.0441941e-16  1.7950364e-16  
2.0107298e-16  -7.7126069e-17  5.6510996e-16  3.3012329e-16  -1.6937548e-16  3.0636900e-17  -1.2562962e-15  4.3024664e-16  -1.5173916e-16  4.9973066e-16  2.4868392e-16  1.0000000   -3.3317189e-16  1.3541537e-15  5.4321776e-16  -1.6840196e-16  -1.2409850e-15  2.3590981e-17  1.5514759e-16  -2.0682218e-16  -1.0753922e-16  8.0361664e-16  5.3874348e-16  -6.2357853e-16  5.8423600e-16  5.6989995e-16  -4.1862984e-16  -7.4176985e-16  -6.0205822e-16  -3.3564749e-16  3.9906464e-16  2.0107298e-16  -7.7126069e-17  5.6510996e-16  3.3012329e-16  -1.6937548e-16  3.0636900e-17  -1.2562962e-15  4.3024664e-16  -1.5173916e-16  4.9973066e-16  2.4868392e-16  1.0000000   -3.3317189e-16  1.3541537e-15  5.4321776e-16  -1.6840196e-16  -1.2409850e-15  2.3590981e-17  1.5514759e-16  -2.0682218e-16  -1.0753922e-16  8.0361664e-16  5.3874348e-16  -6.2357853e-16  5.8423600e-16  5.6989995e-16  -4.1862984e-16  -7.4176985e-16  -6.0205822e-16  -3.3564749e-16  3.9906464e-16  
1.3349345e-16  -2.9507831e-16  1.4048213e-16  -7.5638004e-16  -1.5825236e-17  -4.7997644e-16  4.8821006e-16  -5.8230376e-16  -7.2038776e-17  5.7902836e-16  -3.9561078e-16  -3.3317189e-16  1.0000000   1.4166489e-16  4.7597071e-16  -7.3024279e-16  3.6798628e-16  5.6291574e-16  7.1338253e-17  -6.5167674e-16  -3.1792875e-16  -1.0519930e-16  -1.8053753e-17  -1.7085824e-16  -1.4489472e-16  9.9539553e-17  5.7485511e-16  1.9311371e-16  2.1882946e-16  2.5421886e-16  -1.7773023e-16  1.3349345e-16  -2.9507831e-16  1.4048213e-16  -7.5638004e-16  -1.5825236e-17  -4.7997644e-16  4.8821006e-16  -5.8230376e-16  -7.2038776e-17  5.7902836e-16  -3.9561078e-16  -3.3317189e-16  1.0000000   1.4166489e-16  4.7597071e-16  -7.3024279e-16  3.6798628e-16  5.6291574e-16  7.1338253e-17  -6.5167674e-16  -3.1792875e-16  -1.0519930e-16  -1.8053753e-17  -1.7085824e-16  -1.4489472e-16  9.9539553e-17  5.7485511e-16  1.9311371e-16  2.1882946e-16  2.5421886e-16  -1.7773023e-16  
-9.1242689e-16  4.4558900e-16  4.6768208e-16  -8.0056364e-17  -2.1455836e-16  4.9408670e-16  4.8907841e-16  7.1336644e-16  -1.0539985e-15  -5.3021274e-16  6.1089620e-16  1.3541537e-15  1.4166489e-16  1.0000000   -1.6909776e-16  -1.1001928e-16  -2.7222304e-16  -6.8508977e-16  3.2961705e-16  -1.0625066e-16  8.7192509e-16  1.0573715e-16  7.2169196e-16  9.3198419e-16  4.3143263e-17  -3.1409400e-16  4.2292988e-16  1.0756168e-16  -8.0604783e-16  -3.3315971e-16  6.2901815e-16  -9.1242689e-16  4.4558900e-16  4.6768208e-16  -8.0056364e-17  -2.1455836e-16  4.9408670e-16  4.8907841e-16  7.1336644e-16  -1.0539985e-15  -5.3021274e-16  6.1089620e-16  1.3541537e-15  1.4166489e-16  1.0000000   -1.6909776e-16  -1.1001928e-16  -2.7222304e-16  -6.8508977e-16  3.2961705e-16  -1.0625066e-16  8.7192509e-16  1.0573715e-16  7.2169196e-16  9.3198419e-16  4.3143263e-17  -3.1409400e-16  4.2292988e-16  1.0756168e-16  -8.0604783e-16  -3.3315971e-16  6.2901815e-16  
-4.4433654e-16  8.4766842e-17  -5.8034264e-18  3.4093365e-16  -1.5701919e-16  -7.2395005e-17  -1.5583423e-16  -3.7921461e-16  -1.8495591e-17  -7.2715342e-17  3.9522458e-17  5.4321776e-16  4.7597071e-16  -1.6909776e-16  1.0000000   -6.2654988e-16  2.3734213e-16  -9.2937280e-17  3.8797022e-16  -2.9535972e-16  4.3677203e-16  -2.8591965e-16  -9.1849472e-17  -2.2283107e-16  -4.4581271e-16  -7.8629442e-16  -3.8189850e-16  5.5045843e-16  -9.3798698e-17  8.1631574e-16  -2.2880845e-16  -4.4433654e-16  8.4766842e-17  -5.8034264e-18  3.4093365e-16  -1.5701919e-16  -7.2395005e-17  -1.5583423e-16  -3.7921461e-16  -1.8495591e-17  -7.2715342e-17  3.9522458e-17  5.4321776e-16  4.7597071e-16  -1.6909776e-16  1.0000000   -6.2654988e-16  2.3734213e-16  -9.2937280e-17  3.8797022e-16  -2.9535972e-16  4.3677203e-16  -2.8591965e-16  -9.1849472e-17  -2.2283107e-16  -4.4581271e-16  -7.8629442e-16  -3.8189850e-16  5.5045843e-16  -9.3798698e-17  8.1631574e-16  -2.2880845e-16  
-1.8558280e-16  1.1395865e-16  -3.4568007e-16  4.5710802e-16  4.9669167e-16  -1.1438894e-16  -1.1438739e-16  -2.9418379e-16  2.8219962e-16  6.4521687e-16  -2.4332321e-16  -1.6840196e-16  -7.3024279e-16  -1.1001928e-16  -6.2654988e-16  1.0000000   -3.2590086e-16  6.8817900e-16  -9.1564808e-18  7.3703041e-16  -1.6965065e-16  -4.6518505e-16  2.0642141e-16  2.2575025e-16  3.0915103e-16  3.0936366e-16  -2.3749920e-16  -5.5732748e-17  -1.9678730e-16  -1.2354617e-16  -2.9001109e-16  -1.8558280e-16  1.1395865e-16  -3.4568007e-16  4.5710802e-16  4.9669167e-16  -1.1438894e-16  -1.1438739e-16  -2.9418379e-16  2.8219962e-16  6.4521687e-16  -2.4332321e-16  -1.6840196e-16  -7.3024279e-16  -1.1001928e-16  -6.2654988e-16  1.0000000   -3.2590086e-16  6.8817900e-16  -9.1564808e-18  7.3703041e-16  -1.6965065e-16  -4.6518505e-16  2.0642141e-16  2.2575025e-16  3.0915103e-16  3.0936366e-16  -2.3749920e-16  -5.5732748e-17  -1.9678730e-16  -1.2354617e-16  -2.9001109e-16  
-1.1166162e-15  3.9610011e-16  2.1346617e-17  1.3436898e-15  5.0266704e-17  -3.7903713e-16  5.7787299e-16  7.8936598e-16  -3.9862415e-16  2.8166810e-16  -2.6664289e-16  -1.2409850e-15  3.6798628e-16  -2.7222304e-16  2.3734213e-16  -3.2590086e-16  1.0000000   3.7339608e-17  4.6083390e-16  -6.9671851e-17  -2.5735788e-16  -1.1233369e-15  -7.4615244e-16  -9.6211194e-17  -8.3234368e-17  -1.1542335e-15  -8.1988068e-17  -1.2502576e-16  3.0560651e-16  9.2038229e-17  7.0656606e-16  -1.1166162e-15  3.9610011e-16  2.1346617e-17  1.3436898e-15  5.0266704e-17  -3.7903713e-16  5.7787299e-16  7.8936598e-16  -3.9862415e-16  2.8166810e-16  -2.6664289e-16  -1.2409850e-15  3.6798628e-16  -2.7222304e-16  2.3734213e-16  -3.2590086e-16  1.0000000   3.7339608e-17  4.6083390e-16  -6.9671851e-17  -2.5735788e-16  -1.1233369e-15  -7.4615244e-16  -9.6211194e-17  -8.3234368e-17  -1.1542335e-15  -8.1988068e-17  -1.2502576e-16  3.0560651e-16  9.2038229e-17  7.0656606e-16  
4.7377899e-16  3.4677511e-16  9.6448697e-17  1.3073749e-16  9.3652064e-16  6.3012268e-16  -4.9484712e-16  -4.3721003e-16  -7.3607337e-17  -1.4532609e-17  2.5184889e-16  2.3590981e-17  5.6291574e-16  -6.8508977e-16  -9.2937280e-17  6.8817900e-16  3.7339608e-17  1.0000000   -1.1516322e-16  -5.1368982e-16  -1.3123492e-16  -6.8473042e-16  1.3708134e-16  -4.4168503e-17  -1.9609498e-16  -3.1968320e-17  2.8770517e-16  8.2799780e-17  2.3429247e-16  -3.1799666e-16  -5.5278772e-16  4.7377899e-16  3.4677511e-16  9.6448697e-17  1.3073749e-16  9.3652064e-16  6.3012268e-16  -4.9484712e-16  -4.3721003e-16  -7.3607337e-17  -1.4532609e-17  2.5184889e-16  2.3590981e-17  5.6291574e-16  -6.8508977e-16  -9.2937280e-17  6.8817900e-16  3.7339608e-17  1.0000000   -1.1516322e-16  -5.1368982e-16  -1.3123492e-16  -6.8473042e-16  1.3708134e-16  -4.4168503e-17  -1.9609498e-16  -3.1968320e-17  2.8770517e-16  8.2799780e-17  2.3429247e-16  -3.1799666e-16  -5.5278772e-16  
-5.7231986e-16  5.3225701e-16  -3.9096538e-16  6.5282029e-16  -1.4783067e-16  1.3137475e-16  3.1574184e-16  9.9789004e-17  6.1574218e-17  -3.0835912e-16  4.1179114e-16  1.5514759e-16  7.1338253e-17  3.2961705e-16  3.8797022e-16  -9.1564808e-18  4.6083390e-16  -1.1516322e-16  1.0000000   -2.2162804e-16  -2.8379662e-16  -2.4457643e-16  4.4301469e-16  7.6447615e-17  -5.1247552e-16  5.5867580e-18  -1.1111921e-16  -8.2846915e-16  3.1920907e-16  -6.9068615e-17  1.3278887e-16  -5.7231986e-16  5.3225701e-16  -3.9096538e-16  6.5282029e-16  -1.4783067e-16  1.3137475e-16  3.1574184e-16  9.9789004e-17  6.1574218e-17  -3.0835912e-16  4.1179114e-16  1.5514759e-16  7.1338253e-17  3.2961705e-16  3.8797022e-16  -9.1564808e-18  4.6083390e-16  -1.1516322e-16  1.0000000   -2.2162804e-16  -2.8379662e-16  -2.4457643e-16  4.4301469e-16  7.6447615e-17  -5.1247552e-16  5.5867580e-18  -1.1111921e-16  -8.2846915e-16  3.1920907e-16  -6.9068615e-17  1.3278887e-16  
1.5882516e-16  3.0675030e-16  1.4527890e-16  -1.7598464e-16  -5.4223835e-17  9.1418985e-16  -2.6789905e-16  -4.2161574e-16  -3.7141565e-16  1.6558096e-17  1.7680569e-16  -2.0682218e-16  -6.5167674e-16  -1.0625066e-16  -2.9535972e-16  7.3703041e-16  -6.9671851e-17  -5.1368982e-16  -2.2162804e-16  1.0000000   3.6157702e-17  2.6333640e-16  2.7829300e-16  1.0442669e-16  2.9024883e-16  1.2744431e-15  6.0051759e-16  2.4686305e-16  -2.8691657e-16  -5.0627003e-16  -3.1265778e-16  1.5882516e-16  3.0675030e-16  1.4527890e-16  -1.7598464e-16  -5.4223835e-17  9.1418985e-16  -2.6789905e-16  -4.2161574e-16  -3.7141565e-16  1.6558096e-17  1.7680569e-16  -2.0682218e-16  -6.5167674e-16  -1.0625066e-16  -2.9535972e-16  7.3703041e-16  -6.9671851e-17  -5.1368982e-16  -2.2162804e-16  1.0000000   3.6157702e-17  2.6333640e-16  2.7829300e-16  1.0442669e-16  2.9024883e-16  1.2744431e-15  6.0051759e-16  2.4686305e-16  -2.8691657e-16  -5.0627003e-16  -3.1265778e-16  
-8.8783819e-17  -1.1366806e-19  1.2844700e-16  8.2289160e-17  9.7099420e-17  3.3503419e-16  -2.6133990e-16  1.4021381e-16  -6.6650277e-16  -1.8774908e-16  2.1636801e-17  -1.0753922e-16  -3.1792875e-16  8.7192509e-16  4.3677203e-16  -1.6965065e-16  -2.5735788e-16  -1.3123492e-16  -2.8379662e-16  3.6157702e-17  1.0000000   -5.3989649e-16  -5.7484403e-16  3.3841862e-16  -9.5852653e-17  -1.8083669e-16  2.2174940e-16  -1.6282073e-16  6.3000904e-16  -3.6252992e-16  4.6755058e-16  -8.8783819e-17  -1.1366806e-19  1.2844700e-16  8.2289160e-17  9.7099420e-17  3.3503419e-16  -2.6133990e-16  1.4021381e-16  -6.6650277e-16  -1.8774908e-16  2.1636801e-17  -1.0753922e-16  -3.1792875e-16  8.7192509e-16  4.3677203e-16  -1.6965065e-16  -2.5735788e-16  -1.3123492e-16  -2.8379662e-16  3.6157702e-17  1.0000000   -5.3989649e-16  -5.7484403e-16  3.3841862e-16  -9.5852653e-17  -1.8083669e-16  2.2174940e-16  -1.6282073e-16  6.3000904e-16  -3.6252992e-16  4.6755058e-16  
2.6040138e-16  -9.5165813e-16  4.8450926e-16  -1.1450223e-15  8.4454619e-17  7.2227618e-16  -1.6262839e-16  -2.6495799e-16  -3.8867196e-16  -2.0116704e-17  -3.3480114e-16  8.0361664e-16  -1.0519930e-16  1.0573715e-16  -2.8591965e-16  -4.6518505e-16  -1.1233369e-15  -6.8473042e-16  -2.4457643e-16  2.6333640e-16  -5.3989649e-16  1.0000000   -1.1157860e-16  2.0482530e-16  7.1614173e-16  4.6500627e-16  -5.1149773e-16  5.0673592e-16  -2.9082518e-16  6.8048294e-16  1.3910543e-16  2.6040138e-16  -9.5165813e-16  4.8450926e-16  -1.1450223e-15  8.4454619e-17  7.2227618e-16  -1.6262839e-16  -2.6495799e-16  -3.8867196e-16  -2.0116704e-17  -3.3480114e-16  8.0361664e-16  -1.0519930e-16  1.0573715e-16  -2.8591965e-16  -4.6518505e-16  -1.1233369e-15  -6.8473042e-16  -2.4457643e-16  2.6333640e-16  -5.3989649e-16  1.0000000   -1.1157860e-16  2.0482530e-16  7.1614173e-16  4.6500627e-16  -5.1149773e-16  5.0673592e-16  -2.9082518e-16  6.8048294e-16  1.3910543e-16  
3.5535360e-16  -8.6930015e-16  2.7556629e-18  -8.6559444e-16  6.2681133e-16  2.4549371e-17  2.4339835e-16  1.5223110e-16  -7.2047142e-16  -6.6813850e-16  -9.0231813e-17  5.3874348e-16  -1.8053753e-17  7.2169196e-16  -9.1849472e-17  2.0642141e-16  -7.4615244e-16  1.3708134e-16  4.4301469e-16  2.7829300e-16  -5.7484403e-16  -1.1157860e-16  1.0000000   2.6506449e-16  2.8101352e-16  -3.5576362e-16  -6.2136572e-16  -2.3909468e-16  -3.0505245e-16  -2.7194145e-17  -5.6183079e-16  3.5535360e-16  -8.6930015e-16  2.7556629e-18  -8.6559444e-16  6.2681133e-16  2.4549371e-17  2.4339835e-16  1.5223110e-16  -7.2047142e-16  -6.6813850e-16  -9.0231813e-17  5.3874348e-16  -1.8053753e-17  7.2169196e-16  -9.1849472e-17  2.0642141e-16  -7.4615244e-16  1.3708134e-16  4.4301469e-16  2.7829300e-16  -5.7484403e-16  -1.1157860e-16  1.0000000   2.6506449e-16  2.8101352e-16  -3.5576362e-16  -6.2136572e-16  -2.3909468e-16  -3.0505245e-16  -2.7194145e-17  -5.6183079e-16  
-4.5565174e-16  1.6739214e-16  -5.1970617e-16  4.3745740e-16  1.0483286e-15  1.3936828e-15  4.7411400e-16  6.7755640e-16  -5.1704605e-16  -7.3819327e-16  3.1776032e-16  -6.2357853e-16  -1.7085824e-16  9.3198419e-16  -2.2283107e-16  2.2575025e-16  -9.6211194e-17  -4.4168503e-17  7.6447615e-17  1.0442669e-16  3.3841862e-16  2.0482530e-16  2.6506449e-16  1.0000000   -1.1680703e-16  -3.8039315e-16  -3.1636879e-16  -1.0464854e-16  6.1110957e-17  -1.5595935e-16  -8.5553567e-17  -4.5565174e-16  1.6739214e-16  -5.1970617e-16  4.3745740e-16  1.0483286e-15  1.3936828e-15  4.7411400e-16  6.7755640e-16  -5.1704605e-16  -7.3819327e-16  3.1776032e-16  -6.2357853e-16  -1.7085824e-16  9.3198419e-16  -2.2283107e-16  2.2575025e-16  -9.6211194e-17  -4.4168503e-17  7.6447615e-17  1.0442669e-16  3.3841862e-16  2.0482530e-16  2.6506449e-16  1.0000000   -1.1680703e-16  -3.8039315e-16  -3.1636879e-16  -1.0464854e-16  6.1110957e-17  -1.5595935e-16  -8.5553567e-17  
-2.3208448e-16  5.5302376e-17  -2.6627182e-16  -3.1731797e-16  9.0984221e-16  -1.4103636e-19  1.5780937e-16  3.4663953e-16  7.9911080e-16  -1.2437047e-16  -5.9507477e-18  5.8423600e-16  -1.4489472e-16  4.3143263e-17  -4.4581271e-16  3.0915103e-16  -8.3234368e-17  -1.9609498e-16  -5.1247552e-16  2.9024883e-16  -9.5852653e-17  7.1614173e-16  2.8101352e-16  -1.1680703e-16  1.0000000   -3.6192094e-16  3.7180852e-17  1.0299857e-16  2.2795086e-16  -7.2309911e-16  3.7298464e-17  -2.3208448e-16  5.5302376e-17  -2.6627182e-16  -3.1731797e-16  9.0984221e-16  -1.4103636e-19  1.5780937e-16  3.4663953e-16  7.9911080e-16  -1.2437047e-16  -5.9507477e-18  5.8423600e-16  -1.4489472e-16  4.3143263e-17  -4.4581271e-16  3.0915103e-16  -8.3234368e-17  -1.9609498e-16  -5.1247552e-16  2.9024883e-16  -9.5852653e-17  7.1614173e-16  2.8101352e-16  -1.1680703e-16  1.0000000   -3.6192094e-16  3.7180852e-17  1.0299857e-16  2.2795086e-16  -7.2309911e-16  3.7298464e-17  
-1.5746241e-16  2.5598034e-17  1.0437510e-15  -6.4456462e-16  -4.0311368e-16  3.0207804e-16  -7.3106870e-16  6.2281350e-17  -2.9748527e-16  8.3947868e-17  4.6308331e-16  5.6989995e-16  9.9539553e-17  -3.1409400e-16  -7.8629442e-16  3.0936366e-16  -1.1542335e-15  -3.1968320e-17  5.5867580e-18  1.2744431e-15  -1.8083669e-16  4.6500627e-16  -3.5576362e-16  -3.8039315e-16  -3.6192094e-16  1.0000000   -1.1958682e-16  -3.1007141e-16  -1.2481599e-15  -5.7725606e-17  -3.8923696e-16  -1.5746241e-16  2.5598034e-17  1.0437510e-15  -6.4456462e-16  -4.0311368e-16  3.0207804e-16  -7.3106870e-16  6.2281350e-17  -2.9748527e-16  8.3947868e-17  4.6308331e-16  5.6989995e-16  9.9539553e-17  -3.1409400e-16  -7.8629442e-16  3.0936366e-16  -1.1542335e-15  -3.1968320e-17  5.5867580e-18  1.2744431e-15  -1.8083669e-16  4.6500627e-16  -3.5576362e-16  -3.8039315e-16  -3.6192094e-16  1.0000000   -1.1958682e-16  -3.1007141e-16  -1.2481599e-15  -5.7725606e-17  -3.8923696e-16  
1.7008433e-16  5.6022905e-16  -2.2524161e-16  5.4640954e-16  -1.3935557e-16  -3.2721941e-16  -3.7406054e-17  1.6052909e-17  7.9354459e-16  -3.9431668e-16  1.7492150e-17  -4.1862984e-16  5.7485511e-16  4.2292988e-16  -3.8189850e-16  -2.3749920e-16  -8.1988068e-17  2.8770517e-16  -1.1111921e-16  6.0051759e-16  2.2174940e-16  -5.1149773e-16  -6.2136572e-16  -3.1636879e-16  3.7180852e-17  -1.1958682e-16  1.0000000   -2.4563104e-16  -1.7723038e-16  -1.6149587e-16  -5.3392360e-16  1.7008433e-16  5.6022905e-16  -2.2524161e-16  5.4640954e-16  -1.3935557e-16  -3.2721941e-16  -3.7406054e-17  1.6052909e-17  7.9354459e-16  -3.9431668e-16  1.7492150e-17  -4.1862984e-16  5.7485511e-16  4.2292988e-16  -3.8189850e-16  -2.3749920e-16  -8.1988068e-17  2.8770517e-16  -1.1111921e-16  6.0051759e-16  2.2174940e-16  -5.1149773e-16  -6.2136572e-16  -3.1636879e-16  3.7180852e-17  -1.1958682e-16  1.0000000   -2.4563104e-16  -1.7723038e-16  -1.6149587e-16  -5.3392360e-16  
6.6251311e-17  5.6437136e-16  6.1334413e-16  -2.1575329e-16  -1.8819424e-16  -1.2142714e-15  5.3336801e-16  6.9413931e-16  1.3154854e-16  -2.6151917e-16  1.6063076e-16  -7.4176985e-16  1.9311371e-16  1.0756168e-16  5.5045843e-16  -5.5732748e-17  -1.2502576e-16  8.2799780e-17  -8.2846915e-16  2.4686305e-16  -1.6282073e-16  5.0673592e-16  -2.3909468e-16  -1.0464854e-16  1.0299857e-16  -3.1007141e-16  -2.4563104e-16  1.0000000   -2.5937368e-16  -2.2294797e-16  -5.0584707e-16  6.6251311e-17  5.6437136e-16  6.1334413e-16  -2.1575329e-16  -1.8819424e-16  -1.2142714e-15  5.3336801e-16  6.9413931e-16  1.3154854e-16  -2.6151917e-16  1.6063076e-16  -7.4176985e-16  1.9311371e-16  1.0756168e-16  5.5045843e-16  -5.5732748e-17  -1.2502576e-16  8.2799780e-17  -8.2846915e-16  2.4686305e-16  -1.6282073e-16  5.0673592e-16  -2.3909468e-16  -1.0464854e-16  1.0299857e-16  -3.1007141e-16  -2.4563104e-16  1.0000000   -2.5937368e-16  -2.2294797e-16  -5.0584707e-16  
-2.5619373e-16  -5.7404123e-17  -1.8089922e-16  7.2913757e-16  -2.5474341e-16  -8.1054626e-16  -2.9810836e-16  -4.5682326e-17  4.3547126e-16  1.5943662e-16  -2.2961097e-17  -6.0205822e-16  2.1882946e-16  -8.0604783e-16  -9.3798698e-17  -1.9678730e-16  3.0560651e-16  2.3429247e-16  3.1920907e-16  -2.8691657e-16  6.3000904e-16  -2.9082518e-16  -3.0505245e-16  6.1110957e-17  2.2795086e-16  -1.2481599e-15  -1.7723038e-16  -2.5937368e-16  1.0000000   1.6424266e-16  2.7585783e-16  -2.5619373e-16  -5.7404123e-17  -1.8089922e-16  7.2913757e-16  -2.5474341e-16  -8.1054626e-16  -2.9810836e-16  -4.5682326e-17  4.3547126e-16  1.5943662e-16  -2.2961097e-17  -6.0205822e-16  2.1882946e-16  -8.0604783e-16  -9.3798698e-17  -1.9678730e-16  3.0560651e-16  2.3429247e-16  3.1920907e-16  -2.8691657e-16  6.3000904e-16  -2.9082518e-16  -3.0505245e-16  6.1110957e-17  2.2795086e-16  -1.2481599e-15  -1.7723038e-16  -2.5937368e-16  1.0000000   1.6424266e-16  2.7585783e-16  
-4.1492313e-16  -1.0551378e-16  -4.7240426e-16  -2.8789753e-16  -4.2902178e-16  8.2139448e-19  -8.5566492e-17  -1.0896807e-16  -6.6588862e-17  -1.2031840e-16  4.0441941e-16  -3.3564749e-16  2.5421886e-16  -3.3315971e-16  8.1631574e-16  -1.2354617e-16  9.2038229e-17  -3.1799666e-16  -6.9068615e-17  -5.0627003e-16  -3.6252992e-16  6.8048294e-16  -2.7194145e-17  -1.5595935e-16  -7.2309911e-16  -5.7725606e-17  -1.6149587e-16  -2.2294797e-16  1.6424266e-16  1.0000000   3.0999221e-16  -4.1492313e-16  -1.0551378e-16  -4.7240426e-16  -2.8789753e-16  -4.2902178e-16  8.2139448e-19  -8.5566492e-17  -1.0896807e-16  -6.6588862e-17  -1.2031840e-16  4.0441941e-16  -3.3564749e-16  2.5421886e-16  -3.3315971e-16  8.1631574e-16  -1.2354617e-16  9.2038229e-17  -3.1799666e-16  -6.9068615e-17  -5.0627003e-16  -3.6252992e-16  6.8048294e-16  -2.7194145e-17  -1.5595935e-16  -7.2309911e-16  -5.7725606e-17  -1.6149587e-16  -2.2294797e-16  1.6424266e-16  1.0000000   3.0999221e-16  
-6.2259863e-16  2.1779521e-16  2.0932324e-16  -1.4603710e-15  -6.5432749e-18  -1.2426659e-17  3.4674716e-16  4.1719018e-16  -3.8566096e-16  -1.2495520e-16  1.7950364e-16  3.9906464e-16  -1.7773023e-16  6.2901815e-16  -2.2880845e-16  -2.9001109e-16  7.0656606e-16  -5.5278772e-16  1.3278887e-16  -3.1265778e-16  4.6755058e-16  1.3910543e-16  -5.6183079e-16  -8.5553567e-17  3.7298464e-17  -3.8923696e-16  -5.3392360e-16  -5.0584707e-16  2.7585783e-16  3.0999221e-16  1.0000000   -6.2259863e-16  2.1779521e-16  2.0932324e-16  -1.4603710e-15  -6.5432749e-18  -1.2426659e-17  3.4674716e-16  4.1719018e-16  -3.8566096e-16  -1.2495520e-16  1.7950364e-16  3.9906464e-16  -1.7773023e-16  6.2901815e-16  -2.2880845e-16  -2.9001109e-16  7.0656606e-16  -5.5278772e-16  1.3278887e-16  -3.1265778e-16  4.6755058e-16  1.3910543e-16  -5.6183079e-16  -8.5553567e-17  3.7298464e-17  -3.8923696e-16  -5.3392360e-16  -5.0584707e-16  2.7585783e-16  3.0999221e-16  1.0000000   
1.0000000   -3.9483448e-16  -2.2968282e-16  5.2955972e-16  3.2951859e-16  -5.9024756e-16  2.7032936e-16  -9.9059550e-17  5.8135664e-16  -2.2984222e-16  -1.1383666e-17  2.0107298e-16  1.3349345e-16  -9.1242689e-16  -4.4433654e-16  -1.8558280e-16  -1.1166162e-15  4.7377899e-16  -5.7231986e-16  1.5882516e-16  -8.8783819e-17  2.6040138e-16  3.5535360e-16  -4.5565174e-16  -2.3208448e-16  -1.5746241e-16  1.7008433e-16  6.6251311e-17  -2.5619373e-16  -4.1492313e-16  -6.2259863e-16  1.0000000   -3.9483448e-16  -2.2968282e-16  5.2955972e-16  3.2951859e-16  -5.9024756e-16  2.7032936e-16  -9.9059550e-17  5.8135664e-16  -2.2984222e-16  -1.1383666e-17  2.0107298e-16  1.3349345e-16  -9.1242689e-16  -4.4433654e-16  -1.8558280e-16  -1.1166162e-15  4.7377899e-16  -5.7231986e-16  1.5882516e-16  -8.8783819e-17  2.6040138e-16  3.5535360e-16  -4.5565174e-16  -2.3208448e-16  -1.5746241e-16  1.7008433e-16  6.6251311e-17  -2.5619373e-16  -4.1492313e-16  -6.2259863e-16  
-3.9483448e-16  1.0000000   2.6292313e-17  -4.7494765e-17  -2.7390672e-16  7.7301785e-16  -2.5244724e-16  7.2217202e-16  -5.1095640e-16  -1.6044113e-16  1.8590702e-16  -7.7126069e-17  -2.9507831e-16  4.4558900e-16  8.4766842e-17  1.1395865e-16  3.9610011e-16  3.4677511e-16  5.3225701e-16  3.0675030e-16  -1.1366806e-19  -9.5165813e-16  -8.6930015e-16  1.6739214e-16  5.5302376e-17  2.5598034e-17  5.6022905e-16  5.6437136e-16  -5.7404123e-17  -1.0551378e-16  2.1779521e-16  -3.9483448e-16  1.0000000   2.6292313e-17  -4.7494765e-17  -2.7390672e-16  7.7301785e-16  -2.5244724e-16  7.2217202e-16  -5.1095640e-16  -1.6044113e-16  1.8590702e-16  -7.7126069e-17  -2.9507831e-16  4.4558900e-16  8.4766842e-17  1.1395865e-16  3.9610011e-16  3.4677511e-16  5.3225701e-16  3.0675030e-16  -1.1366806e-19  -9.5165813e-16  -8.6930015e-16  1.6739214e-16  5.5302376e-17  2.5598034e-17  5.6022905e-16  5.6437136e-16  -5.7404123e-17  -1.0551378e-16  2.1779521e-16  
-2.2968282e-16  2.6292313e-17  1.0000000   -1.0694671e-15  -1.6713957e-17  -1.0069434e-15  4.5255382e-16  -2.4697668e-17  6.6931882e-16  6.1056668e-16  -4.0487117e-16  5.6510996e-16  1.4048213e-16  4.6768208e-16  -5.8034264e-18  -3.4568007e-16  2.1346617e-17  9.6448697e-17  -3.9096538e-16  1.4527890e-16  1.2844700e-16  4.8450926e-16  2.7556629e-18  -5.1970617e-16  -2.6627182e-16  1.0437510e-15  -2.2524161e-16  6.1334413e-16  -1.8089922e-16  -4.7240426e-16  2.0932324e-16  -2.2968282e-16  2.6292313e-17  1.0000000   -1.0694671e-15  -1.6713957e-17  -1.0069434e-15  4.5255382e-16  -2.4697668e-17  6.6931882e-16  6.1056668e-16  -4.0487117e-16  5.6510996e-16  1.4048213e-16  4.6768208e-16  -5.8034264e-18  -3.4568007e-16  2.1346617e-17  9.6448697e-17  -3.9096538e-16  1.4527890e-16  1.2844700e-16  4.8450926e-16  2.7556629e-18  -5.1970617e-16  -2.6627182e-16  1.0437510e-15  -2.2524161e-16  6.1334413e-16  -1.8089922e-16  -4.7240426e-16  2.0932324e-16  
5.2955972e-16  -4.7494765e-17  -1.0694671e-15  1.0000000   6.7497568e-16  -4.5386424e-16  3.8046685e-16  -2.0449599e-17  -9.6968047e-17  -9.9469309e-17  6.0158350e-16  3.3012329e-16  -7.5638004e-16  -8.0056364e-17  3.4093365e-16  4.5710802e-16  1.3436898e-15  1.3073749e-16  6.5282029e-16  -1.7598464e-16  8.2289160e-17  -1.1450223e-15  -8.6559444e-16  4.3745740e-16  -3.1731797e-16  -6.4456462e-16  5.4640954e-16  -2.1575329e-16  7.2913757e-16  -2.8789753e-16  -1.4603710e-15  5.2955972e-16  -4.7494765e-17  -1.0694671e-15  1.0000000   6.7497568e-16  -4.5386424e-16  3.8046685e-16  -2.0449599e-17  -9.6968047e-17  -9.9469309e-17  6.0158350e-16  3.3012329e-16  -7.5638004e-16  -8.0056364e-17  3.4093365e-16  4.5710802e-16  1.3436898e-15  1.3073749e-16  6.5282029e-16  -1.7598464e-16  8.2289160e-17  -1.1450223e-15  -8.6559444e-16  4.3745740e-16  -3.1731797e-16  -6.4456462e-16  5.4640954e-16  -2.1575329e-16  7.2913757e-16  -2.8789753e-16  -1.4603710e-15  
3.2951859e-16  -2.7390672e-16  -1.6713957e-17  6.7497568e-16  1.0000000   -6.9145499e-16  4.2875345e-17  -8.3454366e-16  -1.9338520e-16  6.1589567e-16  4.5647092e-16  -1.6937548e-16  -1.5825236e-17  -2.1455836e-16  -1.5701919e-16  4.9669167e-16  5.0266704e-17  9.3652064e-16  -1.4783067e-16  -5.4223835e-17  9.7099420e-17  8.4454619e-17  6.2681133e-16  1.0483286e-15  9.0984221e-16  -4.0311368e-16  -1.3935557e-16  -1.8819424e-16  -2.5474341e-16  -4.2902178e-16  -6.5432749e-18  3.2951859e-16  -2.7390672e-16  -1.6713957e-17  6.7497568e-16  1.0000000   -6.9145499e-16  4.2875345e-17  -8.3454366e-16  -1.9338520e-16  6.1589567e-16  4.5647092e-16  -1.6937548e-16  -1.5825236e-17  -2.1455836e-16  -1.5701919e-16  4.9669167e-16  5.0266704e-17  9.3652064e-16  -1.4783067e-16  -5.4223835e-17  9.7099420e-17  8.4454619e-17  6.2681133e-16  1.0483286e-15  9.0984221e-16  -4.0311368e-16  -1.3935557e-16  -1.8819424e-16  -2.5474341e-16  -4.2902178e-16  -6.5432749e-18  
-5.9024756e-16  7.7301785e-16  -1.0069434e-15  -4.5386424e-16  -6.9145499e-16  1.0000000   -4.2761463e-17  1.1630903e-16  -1.6371846e-16  -2.8844731e-16  1.9544245e-16  3.0636900e-17  -4.7997644e-16  4.9408670e-16  -7.2395005e-17  -1.1438894e-16  -3.7903713e-16  6.3012268e-16  1.3137475e-16  9.1418985e-16  3.3503419e-16  7.2227618e-16  2.4549371e-17  1.3936828e-15  -1.4103636e-19  3.0207804e-16  -3.2721941e-16  -1.2142714e-15  -8.1054626e-16  8.2139448e-19  -1.2426659e-17  -5.9024756e-16  7.7301785e-16  -1.0069434e-15  -4.5386424e-16  -6.9145499e-16  1.0000000   -4.2761463e-17  1.1630903e-16  -1.6371846e-16  -2.8844731e-16  1.9544245e-16  3.0636900e-17  -4.7997644e-16  4.9408670e-16  -7.2395005e-17  -1.1438894e-16  -3.7903713e-16  6.3012268e-16  1.3137475e-16  9.1418985e-16  3.3503419e-16  7.2227618e-16  2.4549371e-17  1.3936828e-15  -1.4103636e-19  3.0207804e-16  -3.2721941e-16  -1.2142714e-15  -8.1054626e-16  8.2139448e-19  -1.2426659e-17  
2.7032936e-16  -2.5244724e-16  4.5255382e-16  3.8046685e-16  4.2875345e-17  -4.2761463e-17  1.0000000   -3.7204219e-16  -7.2281179e-17  -1.6319361e-16  2.6357368e-16  -1.2562962e-15  4.8821006e-16  4.8907841e-16  -1.5583423e-16  -1.1438739e-16  5.7787299e-16  -4.9484712e-16  3.1574184e-16  -2.6789905e-16  -2.6133990e-16  -1.6262839e-16  2.4339835e-16  4.7411400e-16  1.5780937e-16  -7.3106870e-16  -3.7406054e-17  5.3336801e-16  -2.9810836e-16  -8.5566492e-17  3.4674716e-16  2.7032936e-16  -2.5244724e-16  4.5255382e-16  3.8046685e-16  4.2875345e-17  -4.2761463e-17  1.0000000   -3.7204219e-16  -7.2281179e-17  -1.6319361e-16  2.6357368e-16  -1.2562962e-15  4.8821006e-16  4.8907841e-16  -1.5583423e-16  -1.1438739e-16  5.7787299e-16  -4.9484712e-16  3.1574184e-16  -2.6789905e-16  -2.6133990e-16  -1.6262839e-16  2.4339835e-16  4.7411400e-16  1.5780937e-16  -7.3106870e-16  -3.7406054e-17  5.3336801e-16  -2.9810836e-16  -8.5566492e-17  3.4674716e-16  
-9.9059550e-17  7.2217202e-16  -2.4697668e-17  -2.0449599e-17  -8.3454366e-16  1.1630903e-16  -3.7204219e-16  1.0000000   -1.6133030e-16  1.8850288e-16  3.0341035e-16  4.3024664e-16  -5.8230376e-16  7.1336644e-16  -3.7921461e-16  -2.9418379e-16  7.8936598e-16  -4.3721003e-16  9.9789004e-17  -4.2161574e-16  1.4021381e-16  -2.6495799e-16  1.5223110e-16  6.7755640e-16  3.4663953e-16  6.2281350e-17  1.6052909e-17  6.9413931e-16  -4.5682326e-17  -1.0896807e-16  4.1719018e-16  -9.9059550e-17  7.2217202e-16  -2.4697668e-17  -2.0449599e-17  -8.3454366e-16  1.1630903e-16  -3.7204219e-16  1.0000000   -1.6133030e-16  1.8850288e-16  3.0341035e-16  4.3024664e-16  -5.8230376e-16  7.1336644e-16  -3.7921461e-16  -2.9418379e-16  7.8936598e-16  -4.3721003e-16  9.9789004e-17  -4.2161574e-16  1.4021381e-16  -2.6495799e-16  1.5223110e-16  6.7755640e-16  3.4663953e-16  6.2281350e-17  1.6052909e-17  6.9413931e-16  -4.5682326e-17  -1.0896807e-16  4.1719018e-16  
5.8135664e-16  -5.1095640e-16  6.6931882e-16  -9.6968047e-17  -1.9338520e-16  -1.6371846e-16  -7.2281179e-17  -1.6133030e-16  1.0000000   -3.9882624e-16  -3.3817624e-16  -1.5173916e-16  -7.2038776e-17  -1.0539985e-15  -1.8495591e-17  2.8219962e-16  -3.9862415e-16  -7.3607337e-17  6.1574218e-17  -3.7141565e-16  -6.6650277e-16  -3.8867196e-16  -7.2047142e-16  -5.1704605e-16  7.9911080e-16  -2.9748527e-16  7.9354459e-16  1.3154854e-16  4.3547126e-16  -6.6588862e-17  -3.8566096e-16  5.8135664e-16  -5.1095640e-16  6.6931882e-16  -9.6968047e-17  -1.9338520e-16  -1.6371846e-16  -7.2281179e-17  -1.6133030e-16  1.0000000   -3.9882624e-16  -3.3817624e-16  -1.5173916e-16  -7.2038776e-17  -1.0539985e-15  -1.8495591e-17  2.8219962e-16  -3.9862415e-16  -7.3607337e-17  6.1574218e-17  -3.7141565e-16  -6.6650277e-16  -3.8867196e-16  -7.2047142e-16  -5.1704605e-16  7.9911080e-16  -2.9748527e-16  7.9354459e-16  1.3154854e-16  4.3547126e-16  -6.6588862e-17  -3.8566096e-16  
-2.2984222e-16  -1.6044113e-16  6.1056668e-16  -9.9469309e-17  6.1589567e-16  -2.8844731e-16  -1.6319361e-16  1.8850288e-16  -3.9882624e-16  1.0000000   -5.8721840e-16  4.9973066e-16  5.7902836e-16  -5.3021274e-16  -7.2715342e-17  6.4521687e-16  2.8166810e-16  -1.4532609e-17  -3.0835912e-16  1.6558096e-17  -1.8774908e-16  -2.0116704e-17  -6.6813850e-16  -7.3819327e-16  -1.2437047e-16  8.3947868e-17  -3.9431668e-16  -2.6151917e-16  1.5943662e-16  -1.2031840e-16  -1.2495520e-16  -2.2984222e-16  -1.6044113e-16  6.1056668e-16  -9.9469309e-17  6.1589567e-16  -2.8844731e-16  -1.6319361e-16  1.8850288e-16  -3.9882624e-16  1.0000000   -5.8721840e-16  4.9973066e-16  5.7902836e-16  -5.3021274e-16  -7.2715342e-17  6.4521687e-16  2.8166810e-16  -1.4532609e-17  -3.0835912e-16  1.6558096e-17  -1.8774908e-16  -2.0116704e-17  -6.6813850e-16  -7.3819327e-16  -1.2437047e-16  8.3947868e-17  -3.9431668e-16  -2.6151917e-16  1.5943662e-16  -1.2031840e-16  -1.2495520e-16  
