1.0000000   -5.9335032e-16  1.9016743e-16  8.8704763e-17  4.8315164e-16  -4.0131528e-18  -8.4148118e-16  -1.8551367e-16  1.0684339e-16  1.9852335e-16  4.9462234e-16  7.0476318e-16  -1.3332693e-16  2.5268879e-16  -6.4312343e-17  2.6046772e-16  -7.2710665e-18  -2.5886142e-16  8.1975507e-16  1.2634785e-16  1.6254668e-17  -4.3342477e-17  9.4570336e-16  -1.7753109e-16  -1.0360492e-16  -2.1466105e-16  -1.2285259e-16  8.6253277e-16  -4.9332237e-16  -7.0099653e-18  2.0419739e-17  1.0000000   -5.9335032e-16  1.9016743e-16  8.8704763e-17  4.8315164e-16  -4.0131528e-18  -8.4148118e-16  -1.8551367e-16  1.0684339e-16  1.9852335e-16  4.9462234e-16  7.0476318e-16  -1.3332693e-16  2.5268879e-16  -6.4312343e-17  2.6046772e-16  -7.2710665e-18  -2.5886142e-16  8.1975507e-16  1.2634785e-16  1.6254668e-17  -4.3342477e-17  9.4570336e-16  -1.7753109e-16  -1.0360492e-16  -2.1466105e-16  -1.2285259e-16  8.6253277e-16  -4.9332237e-16  -7.0099653e-18  2.0419739e-17  
-5.9335032e-16  1.0000000   2.9773909e-16  6.0795882e-16  -5.8497966e-17  7.3602853e-16  8.1242155e-16  -2.2886789e-16  2.1255986e-16  -3.0562905e-16  -9.9389688e-18  -6.2259926e-17  4.2086742e-16  -5.4775813e-16  1.8791395e-16  9.9777742e-17  1.7204383e-16  9.3597391e-16  1.7687365e-16  -6.9009955e-16  5.1204632e-16  -5.5088187e-16  2.2600850e-16  -8.6662921e-17  -4.2640612e-16  -2.6390789e-16  4.8121254e-16  -4.1617006e-17  1.0206719e-16  4.7026597e-16  -3.8679347e-16  -5.9335032e-16  1.0000000   2.9773909e-16  6.0795882e-16  -5.8497966e-17  7.3602853e-16  8.1242155e-16  -2.2886789e-16  2.1255986e-16  -3.0562905e-16  -9.9389688e-18  -6.2259926e-17  4.2086742e-16  -5.4775813e-16  1.8791395e-16  9.9777742e-17  1.7204383e-16  9.3597391e-16  1.7687365e-16  -6.9009955e-16  5.1204632e-16  -5.5088187e-16  2.2600850e-16  -8.6662921e-17  -4.2640612e-16  -2.6390789e-16  4.8121254e-16  -4.1617006e-17  1.0206719e-16  4.7026597e-16  -3.8679347e-16  
1.9016743e-16  2.9773909e-16  1.0000000   -1.4925546e-16  2.9446214e-16  6.7744131e-16  4.0433879e-16  4.7939272e-16  7.6880423e-16  -5.3378596e-16  1.3728809e-16  -3.2662742e-16  1.5496811e-16  -4.8558987e-16  3.6305588e-16  1.0090496e-16  6.6422137e-17  -2.9114254e-16  5.3485612e-16  3.2593948e-16  4.1705357e-16  5.8280075e-16  2.8697152e-16  -2.1482600e-17  4.6384409e-17  -1.4429647e-16  -1.7100641e-16  8.3543938e-16  2.7788073e-16  -2.6827079e-16  -2.6595798e-16  1.9016743e-16  2.9773909e-16  1.0000000   -1.4925546e-16  2.9446214e-16  6.7744131e-16  4.0433879e-16  4.7939272e-16  7.6880423e-16  -5.3378596e-16  1.3728809e-16  -3.2662742e-16  1.5496811e-16  -4.8558987e-16  3.6305588e-16  1.0090496e-16  6.6422137e-17  -2.9114254e-16  5.3485612e-16  3.2593948e-16  4.1705357e-16  5.8280075e-16  2.8697152e-16  -2.1482600e-17  4.6384409e-17  -1.4429647e-16  -1.7100641e-16  8.3543938e-16  2.7788073e-16  -2.6827079e-16  -2.6595798e-16  
8.8704763e-17  6.0795882e-16  -1.4925546e-16  1.0000000   -8.8389937e-16  -8.2726721e-16  1.3236025e-16  -9.6099119e-16  -1.0481072e-15  -5.4970065e-16  2.8456300e-16  -6.9361583e-16  2.2045400e-16  -6.2605280e-16  -6.0767086e-16  2.3853682e-16  -1.0370348e-16  3.5981050e-16  7.7043326e-17  2.9121263e-16  -7.6956672e-17  -4.4704727e-16  -2.3754080e-16  -7.9730213e-17  3.9764060e-16  -9.8036793e-16  -3.6251328e-16  -1.7803918e-16  1.0657631e-16  -1.6880833e-16  7.3065176e-16  8.8704763e-17  6.0795882e-16  -1.4925546e-16  1.0000000   -8.8389937e-16  -8.2726721e-16  1.3236025e-16  -9.6099119e-16  -1.0481072e-15  -5.4970065e-16  2.8456300e-16  -6.9361583e-16  2.2045400e-16  -6.2605280e-16  -6.0767086e-16  2.3853682e-16  -1.0370348e-16  3.5981050e-16  7.7043326e-17  2.9121263e-16  -7.6956672e-17  -4.4704727e-16  -2.3754080e-16  -7.9730213e-17  3.9764060e-16  -9.8036793e-16  -3.6251328e-16  -1.7803918e-16  1.0657631e-16  -1.6880833e-16  7.3065176e-16  
4.8315164e-16  -5.8497966e-17  2.9446214e-16  -8.8389937e-16  1.0000000   4.7836315e-16  -6.9122084e-17  2.6234551e-16  1.2452907e-15  1.0283236e-16  -4.5624167e-16  3.1854408e-16  -1.5835428e-16  -5.9175245e-16  -6.4062537e-16  1.1074994e-17  2.8174549e-16  -3.5455546e-16  2.0664725e-18  1.5219615e-18  1.4850393e-16  3.5254099e-16  2.9296156e-18  -8.6770546e-17  -1.1302093e-16  2.3335435e-16  7.1990802e-16  1.8541017e-16  -1.6683288e-16  1.9335972e-16  -2.2875171e-16  4.8315164e-16  -5.8497966e-17  2.9446214e-16  -8.8389937e-16  1.0000000   4.7836315e-16  -6.9122084e-17  2.6234551e-16  1.2452907e-15  1.0283236e-16  -4.5624167e-16  3.1854408e-16  -1.5835428e-16  -5.9175245e-16  -6.4062537e-16  1.1074994e-17  2.8174549e-16  -3.5455546e-16  2.0664725e-18  1.5219615e-18  1.4850393e-16  3.5254099e-16  2.9296156e-18  -8.6770546e-17  -1.1302093e-16  2.3335435e-16  7.1990802e-16  1.8541017e-16  -1.6683288e-16  1.9335972e-16  -2.2875171e-16  
-4.0131528e-18  7.3602853e-16  6.7744131e-16  -8.2726721e-16  4.7836315e-16  1.0000000   5.8340280e-16  -3.5256230e-16  -7.0041401e-17  -6.5864772e-17  4.1412436e-16  2.4840323e-16  2.0545606e-16  -7.6569876e-16  -2.9516565e-17  3.4220141e-16  -1.5725753e-16  1.7471331e-16  5.7739851e-16  1.0893097e-15  -8.6129189e-17  1.5602934e-16  2.4421545e-16  -6.2882208e-16  3.0919264e-17  3.1614187e-16  2.3896386e-16  -3.8758477e-16  -6.0694674e-16  3.6354125e-17  1.5207674e-16  -4.0131528e-18  7.3602853e-16  6.7744131e-16  -8.2726721e-16  4.7836315e-16  1.0000000   5.8340280e-16  -3.5256230e-16  -7.0041401e-17  -6.5864772e-17  4.1412436e-16  2.4840323e-16  2.0545606e-16  -7.6569876e-16  -2.9516565e-17  3.4220141e-16  -1.5725753e-16  1.7471331e-16  5.7739851e-16  1.0893097e-15  -8.6129189e-17  1.5602934e-16  2.4421545e-16  -6.2882208e-16  3.0919264e-17  3.1614187e-16  2.3896386e-16  -3.8758477e-16  -6.0694674e-16  3.6354125e-17  1.5207674e-16  
-8.4148118e-16  8.1242155e-16  4.0433879e-16  1.3236025e-16  -6.9122084e-17  5.8340280e-16  1.0000000   -1.6450961e-15  -4.4286815e-16  -3.2909819e-16  -2.6275330e-16  -9.5893266e-16  9.2873171e-16  -1.2683051e-15  7.2444508e-16  -1.2899402e-16  -5.6134458e-16  5.8865553e-16  -3.2499394e-16  1.3958257e-16  -8.4792682e-16  2.9484145e-17  -9.5440378e-16  3.4322586e-16  -2.8051633e-16  9.3162136e-17  9.9660938e-16  -5.1291371e-16  -4.4447871e-16  7.1351800e-16  8.8103253e-16  -8.4148118e-16  8.1242155e-16  4.0433879e-16  1.3236025e-16  -6.9122084e-17  5.8340280e-16  1.0000000   -1.6450961e-15  -4.4286815e-16  -3.2909819e-16  -2.6275330e-16  -9.5893266e-16  9.2873171e-16  -1.2683051e-15  7.2444508e-16  -1.2899402e-16  -5.6134458e-16  5.8865553e-16  -3.2499394e-16  1.3958257e-16  -8.4792682e-16  2.9484145e-17  -9.5440378e-16  3.4322586e-16  -2.8051633e-16  9.3162136e-17  9.9660938e-16  -5.1291371e-16  -4.4447871e-16  7.1351800e-16  8.8103253e-16  
-1.8551367e-16  -2.2886789e-16  4.7939272e-16  -9.6099119e-16  2.6234551e-16  -3.5256230e-16  -1.6450961e-15  1.0000000   -4.8467566e-16  3.3170859e-16  8.2929751e-16  1.2561274e-15  -5.1471016e-16  2.4254681e-16  -9.9933407e-17  -1.0791170e-16  -4.3814414e-16  -4.7147524e-16  4.0716889e-16  -5.7573075e-16  2.0280087e-16  -5.2306124e-16  2.3950929e-16  5.7536727e-16  8.2582610e-16  -8.8205745e-16  -7.6049485e-16  1.5608790e-16  -2.0850208e-16  -2.9768903e-16  7.0300237e-16  -1.8551367e-16  -2.2886789e-16  4.7939272e-16  -9.6099119e-16  2.6234551e-16  -3.5256230e-16  -1.6450961e-15  1.0000000   -4.8467566e-16  3.3170859e-16  8.2929751e-16  1.2561274e-15  -5.1471016e-16  2.4254681e-16  -9.9933407e-17  -1.0791170e-16  -4.3814414e-16  -4.7147524e-16  4.0716889e-16  -5.7573075e-16  2.0280087e-16  -5.2306124e-16  2.3950929e-16  5.7536727e-16  8.2582610e-16  -8.8205745e-16  -7.6049485e-16  1.5608790e-16  -2.0850208e-16  -2.9768903e-16  7.0300237e-16  
1.0684339e-16  2.1255986e-16  7.6880423e-16  -1.0481072e-15  1.2452907e-15  -7.0041401e-17  -4.4286815e-16  -4.8467566e-16  1.0000000   -1.0441993e-16  -1.6428957e-16  7.7021753e-17  1.1060244e-16  -3.8295062e-16  -8.5417808e-16  8.3703436e-17  8.9009166e-16  -4.3404767e-16  7.4431647e-16  8.0307118e-16  -1.4529801e-15  5.1182065e-16  4.2837849e-16  -3.7572475e-16  -4.4415463e-16  2.2329921e-15  1.3734536e-15  3.9070788e-16  -1.5474595e-15  -3.1372580e-16  1.2500631e-15  1.0684339e-16  2.1255986e-16  7.6880423e-16  -1.0481072e-15  1.2452907e-15  -7.0041401e-17  -4.4286815e-16  -4.8467566e-16  1.0000000   -1.0441993e-16  -1.6428957e-16  7.7021753e-17  1.1060244e-16  -3.8295062e-16  -8.5417808e-16  8.3703436e-17  8.9009166e-16  -4.3404767e-16  7.4431647e-16  8.0307118e-16  -1.4529801e-15  5.1182065e-16  4.2837849e-16  -3.7572475e-16  -4.4415463e-16  2.2329921e-15  1.3734536e-15  3.9070788e-16  -1.5474595e-15  -3.1372580e-16  1.2500631e-15  
1.9852335e-16  -3.0562905e-16  -5.3378596e-16  -5.4970065e-16  1.0283236e-16  -6.5864772e-17  -3.2909819e-16  3.3170859e-16  -1.0441993e-16  1.0000000   -5.3300873e-16  1.0301355e-15  -3.6084883e-16  -4.5963600e-16  9.6599879e-17  -5.2825019e-16  1.9138486e-16  -4.3549902e-16  3.0572813e-16  -5.6865084e-16  5.6912061e-17  4.4296803e-16  -3.6714637e-16  5.2483593e-16  2.2866866e-16  9.2709588e-16  -3.2149154e-16  -2.8643659e-16  4.5347918e-16  -3.4103815e-16  2.1521232e-16  1.9852335e-16  -3.0562905e-16  -5.3378596e-16  -5.4970065e-16  1.0283236e-16  -6.5864772e-17  -3.2909819e-16  3.3170859e-16  -1.0441993e-16  1.0000000   -5.3300873e-16  1.0301355e-15  -3.6084883e-16  -4.5963600e-16  9.6599879e-17  -5.2825019e-16  1.9138486e-16  -4.3549902e-16  3.0572813e-16  -5.6865084e-16  5.6912061e-17  4.4296803e-16  -3.6714637e-16  5.2483593e-16  2.2866866e-16  9.2709588e-16  -3.2149154e-16  -2.8643659e-16  4.5347918e-16  -3.4103815e-16  2.1521232e-16  
4.9462234e-16  -9.9389688e-18  1.3728809e-16  2.8456300e-16  -4.5624167e-16  4.1412436e-16  -2.6275330e-16  8.2929751e-16  -1.6428957e-16  -5.3300873e-16  1.0000000   -5.8867212e-16  -2.5157377e-16  5.2463057e-16  -6.0899432e-16  7.6839357e-16  -6.6671401e-16  6.8741316e-17  -3.7808351e-16  4.1195916e-16  5.2931352e-16  2.2429385e-16  -8.9453647e-17  4.3041632e-17  -5.9578956e-16  -4.3436237e-16  -6.2064874e-16  3.3527506e-16  2.3212083e-17  7.4886970e-17  -2.7593291e-16  4.9462234e-16  -9.9389688e-18  1.3728809e-16  2.8456300e-16  -4.5624167e-16  4.1412436e-16  -2.6275330e-16  8.2929751e-16  -1.6428957e-16  -5.3300873e-16  1.0000000   -5.8867212e-16  -2.5157377e-16  5.2463057e-16  -6.0899432e-16  7.6839357e-16  -6.6671401e-16  6.8741316e-17  -3.7808351e-16  4.1195916e-16  5.2931352e-16  2.2429385e-16  -8.9453647e-17  4.3041632e-17  -5.9578956e-16  -4.3436237e-16  -6.2064874e-16  3.3527506e-16  2.3212083e-17  7.4886970e-17  -2.7593291e-16  
7.0476318e-16  -6.2259926e-17  -3.2662742e-16  -6.9361583e-16  3.1854408e-16  2.4840323e-16  -9.5893266e-16  1.2561274e-15  7.7021753e-17  1.0301355e-15  -5.8867212e-16  1.0000000   -5.1475523e-16  -1.5568668e-16  6.9097066e-16  -1.0816892e-16  3.8077871e-16  2.0858013e-16  1.2218869e-16  -5.5195369e-16  8.4072917e-17  2.5659674e-16  4.7190372e-16  -6.7780337e-17  5.9931891e-16  -1.0214456e-17  -3.2199257e-16  5.2920100e-16  1.8308406e-16  -9.8008813e-17  -2.9861912e-16  7.0476318e-16  -6.2259926e-17  -3.2662742e-16  -6.9361583e-16  3.1854408e-16  2.4840323e-16  -9.5893266e-16  1.2561274e-15  7.7021753e-17  1.0301355e-15  -5.8867212e-16  1.0000000   -5.1475523e-16  -1.5568668e-16  6.9097066e-16  -1.0816892e-16  3.8077871e-16  2.0858013e-16  1.2218869e-16  -5.5195369e-16  8.4072917e-17  2.5659674e-16  4.7190372e-16  -6.7780337e-17  5.9931891e-16  -1.0214456e-17  -3.2199257e-16  5.2920100e-16  1.8308406e-16  -9.8008813e-17  -2.9861912e-16  
-1.3332693e-16  4.2086742e-16  1.5496811e-16  2.2045400e-16  -1.5835428e-16  2.0545606e-16  9.2873171e-16  -5.1471016e-16  1.1060244e-16  -3.6084883e-16  -2.5157377e-16  -5.1475523e-16  1.0000000   6.8554181e-16  -2.5701766e-16  2.6221827e-16  -6.7675066e-16  -1.1253523e-16  -5.7036840e-17  -4.1715711e-19  -9.2146160e-17  -2.3122327e-16  -4.0765227e-16  7.7623108e-18  -4.5668334e-16  6.4859695e-17  -5.4238980e-16  -4.3749128e-17  -4.1401008e-16  6.7060938e-16  2.8948542e-16  -1.3332693e-16  4.2086742e-16  1.5496811e-16  2.2045400e-16  -1.5835428e-16  2.0545606e-16  9.2873171e-16  -5.1471016e-16  1.1060244e-16  -3.6084883e-16  -2.5157377e-16  -5.1475523e-16  1.0000000   6.8554181e-16  -2.5701766e-16  2.6221827e-16  -6.7675066e-16  -1.1253523e-16  -5.7036840e-17  -4.1715711e-19  -9.2146160e-17  -2.3122327e-16  -4.0765227e-16  7.7623108e-18  -4.5668334e-16  6.4859695e-17  -5.4238980e-16  -4.3749128e-17  -4.1401008e-16  6.7060938e-16  2.8948542e-16  
2.5268879e-16  -5.4775813e-16  -4.8558987e-16  -6.2605280e-16  -5.9175245e-16  -7.6569876e-16  -1.2683051e-15  2.4254681e-16  -3.8295062e-16  -4.5963600e-16  5.2463057e-16  -1.5568668e-16  6.8554181e-16  1.0000000   -5.8134658e-16  4.2582595e-16  2.2871467e-16  -7.8070322e-16  -4.6499409e-17  -3.3720661e-16  -1.1402713e-16  -2.9947512e-17  9.4780679e-16  -8.4834466e-17  2.7703615e-16  8.0074379e-16  -7.0592668e-16  1.7654822e-16  -5.2581664e-16  -3.9301636e-16  -8.4295884e-16  2.5268879e-16  -5.4775813e-16  -4.8558987e-16  -6.2605280e-16  -5.9175245e-16  -7.6569876e-16  -1.2683051e-15  2.4254681e-16  -3.8295062e-16  -4.5963600e-16  5.2463057e-16  -1.5568668e-16  6.8554181e-16  1.0000000   -5.8134658e-16  4.2582595e-16  2.2871467e-16  -7.8070322e-16  -4.6499409e-17  -3.3720661e-16  -1.1402713e-16  -2.9947512e-17  9.4780679e-16  -8.4834466e-17  2.7703615e-16  8.0074379e-16  -7.0592668e-16  1.7654822e-16  -5.2581664e-16  -3.9301636e-16  -8.4295884e-16  
-6.4312343e-17  1.8791395e-16  3.6305588e-16  -6.0767086e-16  -6.4062537e-16  -2.9516565e-17  7.2444508e-16  -9.9933407e-17  -8.5417808e-16  9.6599879e-17  -6.0899432e-16  6.9097066e-16  -2.5701766e-16  -5.8134658e-16  1.0000000   -2.3562457e-16  -2.2369734e-16  5.1377379e-16  2.0502029e-16  2.4495557e-16  1.4589216e-16  -1.3914933e-16  1.9566460e-16  5.2131939e-17  -1.0653872e-16  -6.9376990e-16  -1.0038158e-15  -9.0752101e-17  9.0176054e-16  6.5804763e-16  -1.0890970e-15  -6.4312343e-17  1.8791395e-16  3.6305588e-16  -6.0767086e-16  -6.4062537e-16  -2.9516565e-17  7.2444508e-16  -9.9933407e-17  -8.5417808e-16  9.6599879e-17  -6.0899432e-16  6.9097066e-16  -2.5701766e-16  -5.8134658e-16  1.0000000   -2.3562457e-16  -2.2369734e-16  5.1377379e-16  2.0502029e-16  2.4495557e-16  1.4589216e-16  -1.3914933e-16  1.9566460e-16  5.2131939e-17  -1.0653872e-16  -6.9376990e-16  -1.0038158e-15  -9.0752101e-17  9.0176054e-16  6.5804763e-16  -1.0890970e-15  
2.6046772e-16  9.9777742e-17  1.0090496e-16  2.3853682e-16  1.1074994e-17  3.4220141e-16  -1.2899402e-16  -1.0791170e-16  8.3703436e-17  -5.2825019e-16  7.6839357e-16  -1.0816892e-16  2.6221827e-16  4.2582595e-16  -2.3562457e-16  1.0000000   5.1842339e-17  -1.8313649e-16  -5.1026045e-16  -6.2979507e-17  -3.3469946e-16  3.6322060e-16  -1.4320076e-16  1.9683781e-17  -7.6221025e-16  4.9424107e-16  6.4788365e-17  -4.7001354e-16  -1.2420205e-16  -2.0347995e-16  -1.2976496e-15  2.6046772e-16  9.9777742e-17  1.0090496e-16  2.3853682e-16  1.1074994e-17  3.4220141e-16  -1.2899402e-16  -1.0791170e-16  8.3703436e-17  -5.2825019e-16  7.6839357e-16  -1.0816892e-16  2.6221827e-16  4.2582595e-16  -2.3562457e-16  1.0000000   5.1842339e-17  -1.8313649e-16  -5.1026045e-16  -6.2979507e-17  -3.3469946e-16  3.6322060e-16  -1.4320076e-16  1.9683781e-17  -7.6221025e-16  4.9424107e-16  6.4788365e-17  -4.7001354e-16  -1.2420205e-16  -2.0347995e-16  -1.2976496e-15  
-7.2710665e-18  1.7204383e-16  6.6422137e-17  -1.0370348e-16  2.8174549e-16  -1.5725753e-16  -5.6134458e-16  -4.3814414e-16  8.9009166e-16  1.9138486e-16  -6.6671401e-16  3.8077871e-16  -6.7675066e-16  2.2871467e-16  -2.2369734e-16  5.1842339e-17  1.0000000   2.5399699e-16  -1.8247617e-16  2.9104220e-16  -3.9238152e-16  4.4048129e-17  -4.2411363e-17  5.0601162e-16  -4.5750953e-16  9.2766592e-16  1.2097648e-16  5.6849904e-16  -6.4684211e-16  1.7905905e-16  7.2122851e-16  -7.2710665e-18  1.7204383e-16  6.6422137e-17  -1.0370348e-16  2.8174549e-16  -1.5725753e-16  -5.6134458e-16  -4.3814414e-16  8.9009166e-16  1.9138486e-16  -6.6671401e-16  3.8077871e-16  -6.7675066e-16  2.2871467e-16  -2.2369734e-16  5.1842339e-17  1.0000000   2.5399699e-16  -1.8247617e-16  2.9104220e-16  -3.9238152e-16  4.4048129e-17  -4.2411363e-17  5.0601162e-16  -4.5750953e-16  9.2766592e-16  1.2097648e-16  5.6849904e-16  -6.4684211e-16  1.7905905e-16  7.2122851e-16  
-2.5886142e-16  9.3597391e-16  -2.9114254e-16  3.5981050e-16  -3.5455546e-16  1.7471331e-16  5.8865553e-16  -4.7147524e-16  -4.3404767e-16  -4.3549902e-16  6.8741316e-17  2.0858013e-16  -1.1253523e-16  -7.8070322e-16  5.1377379e-16  -1.8313649e-16  2.5399699e-16  1.0000000   -2.8747877e-16  1.8328186e-16  4.5349788e-16  -1.5037074e-16  -2.5448140e-16  5.3152126e-17  3.7660115e-16  -1.0456437e-15  -9.4991827e-16  4.3593009e-16  -4.7029984e-16  -1.6240362e-16  7.8541802e-16  -2.5886142e-16  9.3597391e-16  -2.9114254e-16  3.5981050e-16  -3.5455546e-16  1.7471331e-16  5.8865553e-16  -4.7147524e-16  -4.3404767e-16  -4.3549902e-16  6.8741316e-17  2.0858013e-16  -1.1253523e-16  -7.8070322e-16  5.1377379e-16  -1.8313649e-16  2.5399699e-16  1.0000000   -2.8747877e-16  1.8328186e-16  4.5349788e-16  -1.5037074e-16  -2.5448140e-16  5.3152126e-17  3.7660115e-16  -1.0456437e-15  -9.4991827e-16  4.3593009e-16  -4.7029984e-16  -1.6240362e-16  7.8541802e-16  
8.1975507e-16  1.7687365e-16  5.3485612e-16  7.7043326e-17  2.0664725e-18  5.7739851e-16  -3.2499394e-16  4.0716889e-16  7.4431647e-16  3.0572813e-16  -3.7808351e-16  1.2218869e-16  -5.7036840e-17  -4.6499409e-17  2.0502029e-16  -5.1026045e-16  -1.8247617e-16  -2.8747877e-16  1.0000000   3.9556304e-16  3.4908504e-16  -1.0437117e-16  3.2192448e-16  -2.2097010e-16  -2.1942489e-16  4.6148248e-16  -2.0835531e-16  4.6905619e-16  1.2615048e-16  -2.8028910e-16  7.6005172e-17  8.1975507e-16  1.7687365e-16  5.3485612e-16  7.7043326e-17  2.0664725e-18  5.7739851e-16  -3.2499394e-16  4.0716889e-16  7.4431647e-16  3.0572813e-16  -3.7808351e-16  1.2218869e-16  -5.7036840e-17  -4.6499409e-17  2.0502029e-16  -5.1026045e-16  -1.8247617e-16  -2.8747877e-16  1.0000000   3.9556304e-16  3.4908504e-16  -1.0437117e-16  3.2192448e-16  -2.2097010e-16  -2.1942489e-16  4.6148248e-16  -2.0835531e-16  4.6905619e-16  1.2615048e-16  -2.8028910e-16  7.6005172e-17  
1.2634785e-16  -6.9009955e-16  3.2593948e-16  2.9121263e-16  1.5219615e-18  1.0893097e-15  1.3958257e-16  -5.7573075e-16  8.0307118e-16  -5.6865084e-16  4.1195916e-16  -5.5195369e-16  -4.1715711e-19  -3.3720661e-16  2.4495557e-16  -6.2979507e-17  2.9104220e-16  1.8328186e-16  3.9556304e-16  1.0000000   7.1643906e-17  -3.2586054e-16  -8.1142348e-17  -5.3727597e-16  -1.9334073e-16  1.6902806e-16  1.9292377e-16  5.3992038e-16  -7.6012692e-16  4.8197870e-16  -3.3456731e-16  1.2634785e-16  -6.9009955e-16  3.2593948e-16  2.9121263e-16  1.5219615e-18  1.0893097e-15  1.3958257e-16  -5.7573075e-16  8.0307118e-16  -5.6865084e-16  4.1195916e-16  -5.5195369e-16  -4.1715711e-19  -3.3720661e-16  2.4495557e-16  -6.2979507e-17  2.9104220e-16  1.8328186e-16  3.9556304e-16  1.0000000   7.1643906e-17  -3.2586054e-16  -8.1142348e-17  -5.3727597e-16  -1.9334073e-16  1.6902806e-16  1.9292377e-16  5.3992038e-16  -7.6012692e-16  4.8197870e-16  -3.3456731e-16  
1.6254668e-17  5.1204632e-16  4.1705357e-16  -7.6956672e-17  1.4850393e-16  -8.6129189e-17  -8.4792682e-16  2.0280087e-16  -1.4529801e-15  5.6912061e-17  5.2931352e-16  8.4072917e-17  -9.2146160e-17  -1.1402713e-16  1.4589216e-16  -3.3469946e-16  -3.9238152e-16  4.5349788e-16  3.4908504e-16  7.1643906e-17  1.0000000   -2.7266294e-16  -1.6048766e-17  -4.1175368e-16  4.6796852e-16  -1.0726596e-15  4.3061112e-17  3.1158847e-17  4.6225810e-16  -4.0497719e-16  -1.0299189e-16  1.6254668e-17  5.1204632e-16  4.1705357e-16  -7.6956672e-17  1.4850393e-16  -8.6129189e-17  -8.4792682e-16  2.0280087e-16  -1.4529801e-15  5.6912061e-17  5.2931352e-16  8.4072917e-17  -9.2146160e-17  -1.1402713e-16  1.4589216e-16  -3.3469946e-16  -3.9238152e-16  4.5349788e-16  3.4908504e-16  7.1643906e-17  1.0000000   -2.7266294e-16  -1.6048766e-17  -4.1175368e-16  4.6796852e-16  -1.0726596e-15  4.3061112e-17  3.1158847e-17  4.6225810e-16  -4.0497719e-16  -1.0299189e-16  
-4.3342477e-17  -5.5088187e-16  5.8280075e-16  -4.4704727e-16  3.5254099e-16  1.5602934e-16  2.9484145e-17  -5.2306124e-16  5.1182065e-16  4.4296803e-16  2.2429385e-16  2.5659674e-16  -2.3122327e-16  -2.9947512e-17  -1.3914933e-16  3.6322060e-16  4.4048129e-17  -1.5037074e-16  -1.0437117e-16  -3.2586054e-16  -2.7266294e-16  1.0000000   -2.6673716e-16  1.0364656e-17  3.8015663e-16  -8.0427625e-16  2.9810480e-16  -2.4319616e-16  -7.6406489e-16  3.3659584e-16  -7.1474774e-18  -4.3342477e-17  -5.5088187e-16  5.8280075e-16  -4.4704727e-16  3.5254099e-16  1.5602934e-16  2.9484145e-17  -5.2306124e-16  5.1182065e-16  4.4296803e-16  2.2429385e-16  2.5659674e-16  -2.3122327e-16  -2.9947512e-17  -1.3914933e-16  3.6322060e-16  4.4048129e-17  -1.5037074e-16  -1.0437117e-16  -3.2586054e-16  -2.7266294e-16  1.0000000   -2.6673716e-16  1.0364656e-17  3.8015663e-16  -8.0427625e-16  2.9810480e-16  -2.4319616e-16  -7.6406489e-16  3.3659584e-16  -7.1474774e-18  
9.4570336e-16  2.2600850e-16  2.8697152e-16  -2.3754080e-16  2.9296156e-18  2.4421545e-16  -9.5440378e-16  2.3950929e-16  4.2837849e-16  -3.6714637e-16  -8.9453647e-17  4.7190372e-16  -4.0765227e-16  9.4780679e-16  1.9566460e-16  -1.4320076e-16  -4.2411363e-17  -2.5448140e-16  3.2192448e-16  -8.1142348e-17  -1.6048766e-17  -2.6673716e-16  1.0000000   -5.5694550e-16  -6.1669579e-17  3.7215319e-17  3.1165561e-16  1.8717424e-16  1.8889196e-16  -4.1250322e-16  3.1152184e-16  9.4570336e-16  2.2600850e-16  2.8697152e-16  -2.3754080e-16  2.9296156e-18  2.4421545e-16  -9.5440378e-16  2.3950929e-16  4.2837849e-16  -3.6714637e-16  -8.9453647e-17  4.7190372e-16  -4.0765227e-16  9.4780679e-16  1.9566460e-16  -1.4320076e-16  -4.2411363e-17  -2.5448140e-16  3.2192448e-16  -8.1142348e-17  -1.6048766e-17  -2.6673716e-16  1.0000000   -5.5694550e-16  -6.1669579e-17  3.7215319e-17  3.1165561e-16  1.8717424e-16  1.8889196e-16  -4.1250322e-16  3.1152184e-16  
-1.7753109e-16  -8.6662921e-17  -2.1482600e-17  -7.9730213e-17  -8.6770546e-17  -6.2882208e-16  3.4322586e-16  5.7536727e-16  -3.7572475e-16  5.2483593e-16  4.3041632e-17  -6.7780337e-17  7.7623108e-18  -8.4834466e-17  5.2131939e-17  1.9683781e-17  5.0601162e-16  5.3152126e-17  -2.2097010e-16  -5.3727597e-16  -4.1175368e-16  1.0364656e-17  -5.5694550e-16  1.0000000   7.4016152e-16  -3.7359595e-16  8.6508987e-17  -3.6006334e-16  -2.6017182e-16  2.5066306e-16  7.3965415e-17  -1.7753109e-16  -8.6662921e-17  -2.1482600e-17  -7.9730213e-17  -8.6770546e-17  -6.2882208e-16  3.4322586e-16  5.7536727e-16  -3.7572475e-16  5.2483593e-16  4.3041632e-17  -6.7780337e-17  7.7623108e-18  -8.4834466e-17  5.2131939e-17  1.9683781e-17  5.0601162e-16  5.3152126e-17  -2.2097010e-16  -5.3727597e-16  -4.1175368e-16  1.0364656e-17  -5.5694550e-16  1.0000000   7.4016152e-16  -3.7359595e-16  8.6508987e-17  -3.6006334e-16  -2.6017182e-16  2.5066306e-16  7.3965415e-17  
-1.0360492e-16  -4.2640612e-16  4.6384409e-17  3.9764060e-16  -1.1302093e-16  3.0919264e-17  -2.8051633e-16  8.2582610e-16  -4.4415463e-16  2.2866866e-16  -5.9578956e-16  5.9931891e-16  -4.5668334e-16  2.7703615e-16  -1.0653872e-16  -7.6221025e-16  -4.5750953e-16  3.7660115e-16  -2.1942489e-16  -1.9334073e-16  4.6796852e-16  3.8015663e-16  -6.1669579e-17  7.4016152e-16  1.0000000   -2.7703821e-16  9.7939388e-17  -4.4804608e-16  9.4340174e-18  2.4357020e-16  4.7774102e-17  -1.0360492e-16  -4.2640612e-16  4.6384409e-17  3.9764060e-16  -1.1302093e-16  3.0919264e-17  -2.8051633e-16  8.2582610e-16  -4.4415463e-16  2.2866866e-16  -5.9578956e-16  5.9931891e-16  -4.5668334e-16  2.7703615e-16  -1.0653872e-16  -7.6221025e-16  -4.5750953e-16  3.7660115e-16  -2.1942489e-16  -1.9334073e-16  4.6796852e-16  3.8015663e-16  -6.1669579e-17  7.4016152e-16  1.0000000   -2.7703821e-16  9.7939388e-17  -4.4804608e-16  9.4340174e-18  2.4357020e-16  4.7774102e-17  
-2.1466105e-16  -2.6390789e-16  -1.4429647e-16  -9.8036793e-16  2.3335435e-16  3.1614187e-16  9.3162136e-17  -8.8205745e-16  2.2329921e-15  9.2709588e-16  -4.3436237e-16  -1.0214456e-17  6.4859695e-17  8.0074379e-16  -6.9376990e-16  4.9424107e-16  9.2766592e-16  -1.0456437e-15  4.6148248e-16  1.6902806e-16  -1.0726596e-15  -8.0427625e-16  3.7215319e-17  -3.7359595e-16  -2.7703821e-16  1.0000000   9.4346694e-16  2.5356421e-17  -1.1865621e-15  -5.2842915e-16  2.4601527e-16  -2.1466105e-16  -2.6390789e-16  -1.4429647e-16  -9.8036793e-16  2.3335435e-16  3.1614187e-16  9.3162136e-17  -8.8205745e-16  2.2329921e-15  9.2709588e-16  -4.3436237e-16  -1.0214456e-17  6.4859695e-17  8.0074379e-16  -6.9376990e-16  4.9424107e-16  9.2766592e-16  -1.0456437e-15  4.6148248e-16  1.6902806e-16  -1.0726596e-15  -8.0427625e-16  3.7215319e-17  -3.7359595e-16  -2.7703821e-16  1.0000000   9.4346694e-16  2.5356421e-17  -1.1865621e-15  -5.2842915e-16  2.4601527e-16  
-1.2285259e-16  4.8121254e-16  -1.7100641e-16  -3.6251328e-16  7.1990802e-16  2.3896386e-16  9.9660938e-16  -7.6049485e-16  1.3734536e-15  -3.2149154e-16  -6.2064874e-16  -3.2199257e-16  -5.4238980e-16  -7.0592668e-16  -1.0038158e-15  6.4788365e-17  1.2097648e-16  -9.4991827e-16  -2.0835531e-16  1.9292377e-16  4.3061112e-17  2.9810480e-16  3.1165561e-16  8.6508987e-17  9.7939388e-17  9.4346694e-16  1.0000000   -3.2380808e-16  -6.3914911e-16  5.4311139e-16  3.7796686e-16  -1.2285259e-16  4.8121254e-16  -1.7100641e-16  -3.6251328e-16  7.1990802e-16  2.3896386e-16  9.9660938e-16  -7.6049485e-16  1.3734536e-15  -3.2149154e-16  -6.2064874e-16  -3.2199257e-16  -5.4238980e-16  -7.0592668e-16  -1.0038158e-15  6.4788365e-17  1.2097648e-16  -9.4991827e-16  -2.0835531e-16  1.9292377e-16  4.3061112e-17  2.9810480e-16  3.1165561e-16  8.6508987e-17  9.7939388e-17  9.4346694e-16  1.0000000   -3.2380808e-16  -6.3914911e-16  5.4311139e-16  3.7796686e-16  
8.6253277e-16  -4.1617006e-17  8.3543938e-16  -1.7803918e-16  1.8541017e-16  -3.8758477e-16  -5.1291371e-16  1.5608790e-16  3.9070788e-16  -2.8643659e-16  3.3527506e-16  5.2920100e-16  -4.3749128e-17  1.7654822e-16  -9.0752101e-17  -4.7001354e-16  5.6849904e-16  4.3593009e-16  4.6905619e-16  5.3992038e-16  3.1158847e-17  -2.4319616e-16  1.8717424e-16  -3.6006334e-16  -4.4804608e-16  2.5356421e-17  -3.2380808e-16  1.0000000   -2.5774239e-16  -4.9369182e-16  -7.4943507e-17  8.6253277e-16  -4.1617006e-17  8.3543938e-16  -1.7803918e-16  1.8541017e-16  -3.8758477e-16  -5.1291371e-16  1.5608790e-16  3.9070788e-16  -2.8643659e-16  3.3527506e-16  5.2920100e-16  -4.3749128e-17  1.7654822e-16  -9.0752101e-17  -4.7001354e-16  5.6849904e-16  4.3593009e-16  4.6905619e-16  5.3992038e-16  3.1158847e-17  -2.4319616e-16  1.8717424e-16  -3.6006334e-16  -4.4804608e-16  2.5356421e-17  -3.2380808e-16  1.0000000   -2.5774239e-16  -4.9369182e-16  -7.4943507e-17  
-4.9332237e-16  1.0206719e-16  2.7788073e-16  1.0657631e-16  -1.6683288e-16  -6.0694674e-16  -4.4447871e-16  -2.0850208e-16  -1.5474595e-15  4.5347918e-16  2.3212083e-17  1.8308406e-16  -4.1401008e-16  -5.2581664e-16  9.0176054e-16  -1.2420205e-16  -6.4684211e-16  -4.7029984e-16  1.2615048e-16  -7.6012692e-16  4.6225810e-16  -7.6406489e-16  1.8889196e-16  -2.6017182e-16  9.4340174e-18  -1.1865621e-15  -6.3914911e-16  -2.5774239e-16  1.0000000   3.3605396e-16  2.7791168e-16  -4.9332237e-16  1.0206719e-16  2.7788073e-16  1.0657631e-16  -1.6683288e-16  -6.0694674e-16  -4.4447871e-16  -2.0850208e-16  -1.5474595e-15  4.5347918e-16  2.3212083e-17  1.8308406e-16  -4.1401008e-16  -5.2581664e-16  9.0176054e-16  -1.2420205e-16  -6.4684211e-16  -4.7029984e-16  1.2615048e-16  -7.6012692e-16  4.6225810e-16  -7.6406489e-16  1.8889196e-16  -2.6017182e-16  9.4340174e-18  -1.1865621e-15  -6.3914911e-16  -2.5774239e-16  1.0000000   3.3605396e-16  2.7791168e-16  
-7.0099653e-18  4.7026597e-16  -2.6827079e-16  -1.6880833e-16  1.9335972e-16  3.6354125e-17  7.1351800e-16  -2.9768903e-16  -3.1372580e-16  -3.4103815e-16  7.4886970e-17  -9.8008813e-17  6.7060938e-16  -3.9301636e-16  6.5804763e-16  -2.0347995e-16  1.7905905e-16  -1.6240362e-16  -2.8028910e-16  4.8197870e-16  -4.0497719e-16  3.3659584e-16  -4.1250322e-16  2.5066306e-16  2.4357020e-16  -5.2842915e-16  5.4311139e-16  -4.9369182e-16  3.3605396e-16  1.0000000   5.3809912e-16  -7.0099653e-18  4.7026597e-16  -2.6827079e-16  -1.6880833e-16  1.9335972e-16  3.6354125e-17  7.1351800e-16  -2.9768903e-16  -3.1372580e-16  -3.4103815e-16  7.4886970e-17  -9.8008813e-17  6.7060938e-16  -3.9301636e-16  6.5804763e-16  -2.0347995e-16  1.7905905e-16  -1.6240362e-16  -2.8028910e-16  4.8197870e-16  -4.0497719e-16  3.3659584e-16  -4.1250322e-16  2.5066306e-16  2.4357020e-16  -5.2842915e-16  5.4311139e-16  -4.9369182e-16  3.3605396e-16  1.0000000   5.3809912e-16  
2.0419739e-17  -3.8679347e-16  -2.6595798e-16  7.3065176e-16  -2.2875171e-16  1.5207674e-16  8.8103253e-16  7.0300237e-16  1.2500631e-15  2.1521232e-16  -2.7593291e-16  -2.9861912e-16  2.8948542e-16  -8.4295884e-16  -1.0890970e-15  -1.2976496e-15  7.2122851e-16  7.8541802e-16  7.6005172e-17  -3.3456731e-16  -1.0299189e-16  -7.1474774e-18  3.1152184e-16  7.3965415e-17  4.7774102e-17  2.4601527e-16  3.7796686e-16  -7.4943507e-17  2.7791168e-16  5.3809912e-16  1.0000000   2.0419739e-17  -3.8679347e-16  -2.6595798e-16  7.3065176e-16  -2.2875171e-16  1.5207674e-16  8.8103253e-16  7.0300237e-16  1.2500631e-15  2.1521232e-16  -2.7593291e-16  -2.9861912e-16  2.8948542e-16  -8.4295884e-16  -1.0890970e-15  -1.2976496e-15  7.2122851e-16  7.8541802e-16  7.6005172e-17  -3.3456731e-16  -1.0299189e-16  -7.1474774e-18  3.1152184e-16  7.3965415e-17  4.7774102e-17  2.4601527e-16  3.7796686e-16  -7.4943507e-17  2.7791168e-16  5.3809912e-16  1.0000000   
1.0000000   -5.9335032e-16  1.9016743e-16  8.8704763e-17  4.8315164e-16  -4.0131528e-18  -8.4148118e-16  -1.8551367e-16  1.0684339e-16  1.9852335e-16  4.9462234e-16  7.0476318e-16  -1.3332693e-16  2.5268879e-16  -6.4312343e-17  2.6046772e-16  -7.2710665e-18  -2.5886142e-16  8.1975507e-16  1.2634785e-16  1.6254668e-17  -4.3342477e-17  9.4570336e-16  -1.7753109e-16  -1.0360492e-16  -2.1466105e-16  -1.2285259e-16  8.6253277e-16  -4.9332237e-16  -7.0099653e-18  2.0419739e-17  1.0000000   -5.9335032e-16  1.9016743e-16  8.8704763e-17  4.8315164e-16  -4.0131528e-18  -8.4148118e-16  -1.8551367e-16  1.0684339e-16  1.9852335e-16  4.9462234e-16  7.0476318e-16  -1.3332693e-16  2.5268879e-16  -6.4312343e-17  2.6046772e-16  -7.2710665e-18  -2.5886142e-16  8.1975507e-16  1.2634785e-16  1.6254668e-17  -4.3342477e-17  9.4570336e-16  -1.7753109e-16  -1.0360492e-16  -2.1466105e-16  -1.2285259e-16  8.6253277e-16  -4.9332237e-16  -7.0099653e-18  2.0419739e-17  
-5.9335032e-16  1.0000000   2.9773909e-16  6.0795882e-16  -5.8497966e-17  7.3602853e-16  8.1242155e-16  -2.2886789e-16  2.1255986e-16  -3.0562905e-16  -9.9389688e-18  -6.2259926e-17  4.2086742e-16  -5.4775813e-16  1.8791395e-16  9.9777742e-17  1.7204383e-16  9.3597391e-16  1.7687365e-16  -6.9009955e-16  5.1204632e-16  -5.5088187e-16  2.2600850e-16  -8.6662921e-17  -4.2640612e-16  -2.6390789e-16  4.8121254e-16  -4.1617006e-17  1.0206719e-16  4.7026597e-16  -3.8679347e-16  -5.9335032e-16  1.0000000   2.9773909e-16  6.0795882e-16  -5.8497966e-17  7.3602853e-16  8.1242155e-16  -2.2886789e-16  2.1255986e-16  -3.0562905e-16  -9.9389688e-18  -6.2259926e-17  4.2086742e-16  -5.4775813e-16  1.8791395e-16  9.9777742e-17  1.7204383e-16  9.3597391e-16  1.7687365e-16  -6.9009955e-16  5.1204632e-16  -5.5088187e-16  2.2600850e-16  -8.6662921e-17  -4.2640612e-16  -2.6390789e-16  4.8121254e-16  -4.1617006e-17  1.0206719e-16  4.7026597e-16  -3.8679347e-16  
1.9016743e-16  2.9773909e-16  1.0000000   -1.4925546e-16  2.9446214e-16  6.7744131e-16  4.0433879e-16  4.7939272e-16  7.6880423e-16  -5.3378596e-16  1.3728809e-16  -3.2662742e-16  1.5496811e-16  -4.8558987e-16  3.6305588e-16  1.0090496e-16  6.6422137e-17  -2.9114254e-16  5.3485612e-16  3.2593948e-16  4.1705357e-16  5.8280075e-16  2.8697152e-16  -2.1482600e-17  4.6384409e-17  -1.4429647e-16  -1.7100641e-16  8.3543938e-16  2.7788073e-16  -2.6827079e-16  -2.6595798e-16  1.9016743e-16  2.9773909e-16  1.0000000   -1.4925546e-16  2.9446214e-16  6.7744131e-16  4.0433879e-16  4.7939272e-16  7.6880423e-16  -5.3378596e-16  1.3728809e-16  -3.2662742e-16  1.5496811e-16  -4.8558987e-16  3.6305588e-16  1.0090496e-16  6.6422137e-17  -2.9114254e-16  5.3485612e-16  3.2593948e-16  4.1705357e-16  5.8280075e-16  2.8697152e-16  -2.1482600e-17  4.6384409e-17  -1.4429647e-16  -1.7100641e-16  8.3543938e-16  2.7788073e-16  -2.6827079e-16  -2.6595798e-16  
8.8704763e-17  6.0795882e-16  -1.4925546e-16  1.0000000   -8.8389937e-16  -8.2726721e-16  1.3236025e-16  -9.6099119e-16  -1.0481072e-15  -5.4970065e-16  2.8456300e-16  -6.9361583e-16  2.2045400e-16  -6.2605280e-16  -6.0767086e-16  2.3853682e-16  -1.0370348e-16  3.5981050e-16  7.7043326e-17  2.9121263e-16  -7.6956672e-17  -4.4704727e-16  -2.3754080e-16  -7.9730213e-17  3.9764060e-16  -9.8036793e-16  -3.6251328e-16  -1.7803918e-16  1.0657631e-16  -1.6880833e-16  7.3065176e-16  8.8704763e-17  6.0795882e-16  -1.4925546e-16  1.0000000   -8.8389937e-16  -8.2726721e-16  1.3236025e-16  -9.6099119e-16  -1.0481072e-15  -5.4970065e-16  2.8456300e-16  -6.9361583e-16  2.2045400e-16  -6.2605280e-16  -6.0767086e-16  2.3853682e-16  -1.0370348e-16  3.5981050e-16  7.7043326e-17  2.9121263e-16  -7.6956672e-17  -4.4704727e-16  -2.3754080e-16  -7.9730213e-17  3.9764060e-16  -9.8036793e-16  -3.6251328e-16  -1.7803918e-16  1.0657631e-16  -1.6880833e-16  7.3065176e-16  
4.8315164e-16  -5.8497966e-17  2.9446214e-16  -8.8389937e-16  1.0000000   4.7836315e-16  -6.9122084e-17  2.6234551e-16  1.2452907e-15  1.0283236e-16  -4.5624167e-16  3.1854408e-16  -1.5835428e-16  -5.9175245e-16  -6.4062537e-16  1.1074994e-17  2.8174549e-16  -3.5455546e-16  2.0664725e-18  1.5219615e-18  1.4850393e-16  3.5254099e-16  2.9296156e-18  -8.6770546e-17  -1.1302093e-16  2.3335435e-16  7.1990802e-16  1.8541017e-16  -1.6683288e-16  1.9335972e-16  -2.2875171e-16  4.8315164e-16  -5.8497966e-17  2.9446214e-16  -8.8389937e-16  1.0000000   4.7836315e-16  -6.9122084e-17  2.6234551e-16  1.2452907e-15  1.0283236e-16  -4.5624167e-16  3.1854408e-16  -1.5835428e-16  -5.9175245e-16  -6.4062537e-16  1.1074994e-17  2.8174549e-16  -3.5455546e-16  2.0664725e-18  1.5219615e-18  1.4850393e-16  3.5254099e-16  2.9296156e-18  -8.6770546e-17  -1.1302093e-16  2.3335435e-16  7.1990802e-16  1.8541017e-16  -1.6683288e-16  1.9335972e-16  -2.2875171e-16  
-4.0131528e-18  7.3602853e-16  6.7744131e-16  -8.2726721e-16  4.7836315e-16  1.0000000   5.8340280e-16  -3.5256230e-16  -7.0041401e-17  -6.5864772e-17  4.1412436e-16  2.4840323e-16  2.0545606e-16  -7.6569876e-16  -2.9516565e-17  3.4220141e-16  -1.5725753e-16  1.7471331e-16  5.7739851e-16  1.0893097e-15  -8.6129189e-17  1.5602934e-16  2.4421545e-16  -6.2882208e-16  3.0919264e-17  3.1614187e-16  2.3896386e-16  -3.8758477e-16  -6.0694674e-16  3.6354125e-17  1.5207674e-16  -4.0131528e-18  7.3602853e-16  6.7744131e-16  -8.2726721e-16  4.7836315e-16  1.0000000   5.8340280e-16  -3.5256230e-16  -7.0041401e-17  -6.5864772e-17  4.1412436e-16  2.4840323e-16  2.0545606e-16  -7.6569876e-16  -2.9516565e-17  3.4220141e-16  -1.5725753e-16  1.7471331e-16  5.7739851e-16  1.0893097e-15  -8.6129189e-17  1.5602934e-16  2.4421545e-16  -6.2882208e-16  3.0919264e-17  3.1614187e-16  2.3896386e-16  -3.8758477e-16  -6.0694674e-16  3.6354125e-17  1.5207674e-16  
-8.4148118e-16  8.1242155e-16  4.0433879e-16  1.3236025e-16  -6.9122084e-17  5.8340280e-16  1.0000000   -1.6450961e-15  -4.4286815e-16  -3.2909819e-16  -2.6275330e-16  -9.5893266e-16  9.2873171e-16  -1.2683051e-15  7.2444508e-16  -1.2899402e-16  -5.6134458e-16  5.8865553e-16  -3.2499394e-16  1.3958257e-16  -8.4792682e-16  2.9484145e-17  -9.5440378e-16  3.4322586e-16  -2.8051633e-16  9.3162136e-17  9.9660938e-16  -5.1291371e-16  -4.4447871e-16  7.1351800e-16  8.8103253e-16  -8.4148118e-16  8.1242155e-16  4.0433879e-16  1.3236025e-16  -6.9122084e-17  5.8340280e-16  1.0000000   -1.6450961e-15  -4.4286815e-16  -3.2909819e-16  -2.6275330e-16  -9.5893266e-16  9.2873171e-16  -1.2683051e-15  7.2444508e-16  -1.2899402e-16  -5.6134458e-16  5.8865553e-16  -3.2499394e-16  1.3958257e-16  -8.4792682e-16  2.9484145e-17  -9.5440378e-16  3.4322586e-16  -2.8051633e-16  9.3162136e-17  9.9660938e-16  -5.1291371e-16  -4.4447871e-16  7.1351800e-16  8.8103253e-16  
-1.8551367e-16  -2.2886789e-16  4.7939272e-16  -9.6099119e-16  2.6234551e-16  -3.5256230e-16  -1.6450961e-15  1.0000000   -4.8467566e-16  3.3170859e-16  8.2929751e-16  1.2561274e-15  -5.1471016e-16  2.4254681e-16  -9.9933407e-17  -1.0791170e-16  -4.3814414e-16  -4.7147524e-16  4.0716889e-16  -5.7573075e-16  2.0280087e-16  -5.2306124e-16  2.3950929e-16  5.7536727e-16  8.2582610e-16  -8.8205745e-16  -7.6049485e-16  1.5608790e-16  -2.0850208e-16  -2.9768903e-16  7.0300237e-16  -1.8551367e-16  -2.2886789e-16  4.7939272e-16  -9.6099119e-16  2.6234551e-16  -3.5256230e-16  -1.6450961e-15  1.0000000   -4.8467566e-16  3.3170859e-16  8.2929751e-16  1.2561274e-15  -5.1471016e-16  2.4254681e-16  -9.9933407e-17  -1.0791170e-16  -4.3814414e-16  -4.7147524e-16  4.0716889e-16  -5.7573075e-16  2.0280087e-16  -5.2306124e-16  2.3950929e-16  5.7536727e-16  8.2582610e-16  -8.8205745e-16  -7.6049485e-16  1.5608790e-16  -2.0850208e-16  -2.9768903e-16  7.0300237e-16  
1.0684339e-16  2.1255986e-16  7.6880423e-16  -1.0481072e-15  1.2452907e-15  -7.0041401e-17  -4.4286815e-16  -4.8467566e-16  1.0000000   -1.0441993e-16  -1.6428957e-16  7.7021753e-17  1.1060244e-16  -3.8295062e-16  -8.5417808e-16  8.3703436e-17  8.9009166e-16  -4.3404767e-16  7.4431647e-16  8.0307118e-16  -1.4529801e-15  5.1182065e-16  4.2837849e-16  -3.7572475e-16  -4.4415463e-16  2.2329921e-15  1.3734536e-15  3.9070788e-16  -1.5474595e-15  -3.1372580e-16  1.2500631e-15  1.0684339e-16  2.1255986e-16  7.6880423e-16  -1.0481072e-15  1.2452907e-15  -7.0041401e-17  -4.4286815e-16  -4.8467566e-16  1.0000000   -1.0441993e-16  -1.6428957e-16  7.7021753e-17  1.1060244e-16  -3.8295062e-16  -8.5417808e-16  8.3703436e-17  8.9009166e-16  -4.3404767e-16  7.4431647e-16  8.0307118e-16  -1.4529801e-15  5.1182065e-16  4.2837849e-16  -3.7572475e-16  -4.4415463e-16  2.2329921e-15  1.3734536e-15  3.9070788e-16  -1.5474595e-15  -3.1372580e-16  1.2500631e-15  
1.9852335e-16  -3.0562905e-16  -5.3378596e-16  -5.4970065e-16  1.0283236e-16  -6.5864772e-17  -3.2909819e-16  3.3170859e-16  -1.0441993e-16  1.0000000   -5.3300873e-16  1.0301355e-15  -3.6084883e-16  -4.5963600e-16  9.6599879e-17  -5.2825019e-16  1.9138486e-16  -4.3549902e-16  3.0572813e-16  -5.6865084e-16  5.6912061e-17  4.4296803e-16  -3.6714637e-16  5.2483593e-16  2.2866866e-16  9.2709588e-16  -3.2149154e-16  -2.8643659e-16  4.5347918e-16  -3.4103815e-16  2.1521232e-16  1.9852335e-16  -3.0562905e-16  -5.3378596e-16  -5.4970065e-16  1.0283236e-16  -6.5864772e-17  -3.2909819e-16  3.3170859e-16  -1.0441993e-16  1.0000000   -5.3300873e-16  1.0301355e-15  -3.6084883e-16  -4.5963600e-16  9.6599879e-17  -5.2825019e-16  1.9138486e-16  -4.3549902e-16  3.0572813e-16  -5.6865084e-16  5.6912061e-17  4.4296803e-16  -3.6714637e-16  5.2483593e-16  2.2866866e-16  9.2709588e-16  -3.2149154e-16  -2.8643659e-16  4.5347918e-16  -3.4103815e-16  2.1521232e-16  
