1.0000000   1.0551869e-16  -5.3142468e-16  -9.5329750e-17  -4.6980716e-17  -8.5149711e-16  2.5515048e-17  -1.5821870e-16  1.3062677e-16  5.1348825e-17  4.5760045e-16  6.4015651e-16  -3.0096562e-16  -6.3591752e-16  -2.9075885e-16  8.3805982e-16  4.7319439e-16  5.2009036e-16  -1.7953256e-16  2.3959784e-16  4.6205810e-16  -1.5860101e-16  6.6039682e-16  1.3824442e-16  -7.8314053e-16  2.3555992e-16  3.3463582e-16  1.2741872e-15  -1.7051185e-15  -1.7531216e-16  1.0355970e-17  1.0000000   1.0551869e-16  -5.3142468e-16  -9.5329750e-17  -4.6980716e-17  -8.5149711e-16  2.5515048e-17  -1.5821870e-16  1.3062677e-16  5.1348825e-17  4.5760045e-16  6.4015651e-16  -3.0096562e-16  -6.3591752e-16  -2.9075885e-16  8.3805982e-16  4.7319439e-16  5.2009036e-16  -1.7953256e-16  2.3959784e-16  4.6205810e-16  -1.5860101e-16  6.6039682e-16  1.3824442e-16  -7.8314053e-16  2.3555992e-16  3.3463582e-16  1.2741872e-15  -1.7051185e-15  -1.7531216e-16  1.0355970e-17  
1.0551869e-16  1.0000000   3.7204318e-16  5.8930657e-16  -1.4728309e-16  4.7081115e-16  7.1662963e-16  2.8267594e-16  5.7627066e-17  3.6689178e-16  -6.8342889e-16  -3.8527509e-16  2.3162433e-16  -3.8674956e-16  -2.0006352e-16  -5.9161719e-16  4.8265671e-16  1.0642879e-15  -5.0500345e-16  -3.8701884e-16  3.2145340e-16  6.9159509e-17  1.5159498e-16  -4.6468109e-16  -1.8780395e-16  -4.0805494e-16  6.9017060e-16  -2.6378491e-16  1.4632276e-16  -1.6876342e-17  1.0890347e-16  1.0551869e-16  1.0000000   3.7204318e-16  5.8930657e-16  -1.4728309e-16  4.7081115e-16  7.1662963e-16  2.8267594e-16  5.7627066e-17  3.6689178e-16  -6.8342889e-16  -3.8527509e-16  2.3162433e-16  -3.8674956e-16  -2.0006352e-16  -5.9161719e-16  4.8265671e-16  1.0642879e-15  -5.0500345e-16  -3.8701884e-16  3.2145340e-16  6.9159509e-17  1.5159498e-16  -4.6468109e-16  -1.8780395e-16  -4.0805494e-16  6.9017060e-16  -2.6378491e-16  1.4632276e-16  -1.6876342e-17  1.0890347e-16  
-5.3142468e-16  3.7204318e-16  1.0000000   1.9370388e-16  -5.7388112e-16  -3.8642522e-17  -4.7372947e-16  -9.0665480e-18  4.7202410e-16  -6.9347098e-16  1.1689063e-16  1.3171549e-16  8.8391154e-16  9.1946711e-16  -5.2969937e-16  7.9871140e-16  -2.7008496e-17  -9.3684831e-17  -7.3784553e-16  1.0834175e-16  3.9586247e-17  -5.2494510e-16  2.2901328e-16  1.3197837e-16  2.7078279e-16  -3.5500170e-16  -6.8971084e-16  2.2206350e-16  1.1547013e-16  4.9728014e-18  -1.3374206e-16  -5.3142468e-16  3.7204318e-16  1.0000000   1.9370388e-16  -5.7388112e-16  -3.8642522e-17  -4.7372947e-16  -9.0665480e-18  4.7202410e-16  -6.9347098e-16  1.1689063e-16  1.3171549e-16  8.8391154e-16  9.1946711e-16  -5.2969937e-16  7.9871140e-16  -2.7008496e-17  -9.3684831e-17  -7.3784553e-16  1.0834175e-16  3.9586247e-17  -5.2494510e-16  2.2901328e-16  1.3197837e-16  2.7078279e-16  -3.5500170e-16  -6.8971084e-16  2.2206350e-16  1.1547013e-16  4.9728014e-18  -1.3374206e-16  
-9.5329750e-17  5.8930657e-16  1.9370388e-16  1.0000000   -3.7175178e-17  4.3409391e-16  -2.1917996e-16  5.0702368e-16  -8.5620296e-16  1.2065172e-16  9.9428049e-17  -6.5546920e-17  -3.8293702e-16  4.1814689e-16  3.5589463e-16  3.4193636e-17  3.9554553e-16  -1.7113619e-16  -3.3158698e-16  1.4123842e-16  -5.9375874e-16  -2.0220848e-16  1.7290215e-16  1.0057635e-16  1.8057001e-16  -9.3640676e-16  5.9386314e-17  5.1076057e-17  -7.8262056e-16  4.5494993e-17  -4.0653504e-16  -9.5329750e-17  5.8930657e-16  1.9370388e-16  1.0000000   -3.7175178e-17  4.3409391e-16  -2.1917996e-16  5.0702368e-16  -8.5620296e-16  1.2065172e-16  9.9428049e-17  -6.5546920e-17  -3.8293702e-16  4.1814689e-16  3.5589463e-16  3.4193636e-17  3.9554553e-16  -1.7113619e-16  -3.3158698e-16  1.4123842e-16  -5.9375874e-16  -2.0220848e-16  1.7290215e-16  1.0057635e-16  1.8057001e-16  -9.3640676e-16  5.9386314e-17  5.1076057e-17  -7.8262056e-16  4.5494993e-17  -4.0653504e-16  
-4.6980716e-17  -1.4728309e-16  -5.7388112e-16  -3.7175178e-17  1.0000000   -1.1142577e-15  -5.6669102e-16  6.3558090e-16  5.5054873e-16  3.5773391e-16  2.0090002e-15  1.8360019e-16  -3.7879205e-16  -6.3987450e-17  -6.5760505e-16  1.8940852e-16  -3.1081875e-16  -7.5936478e-16  2.6048852e-16  1.0109885e-16  -3.0586828e-17  2.0935431e-16  2.8544217e-16  5.9808911e-16  -3.8027428e-18  1.1501948e-16  -3.3931126e-16  -4.1047380e-16  4.6218283e-16  -5.7183654e-16  -7.1097250e-16  -4.6980716e-17  -1.4728309e-16  -5.7388112e-16  -3.7175178e-17  1.0000000   -1.1142577e-15  -5.6669102e-16  6.3558090e-16  5.5054873e-16  3.5773391e-16  2.0090002e-15  1.8360019e-16  -3.7879205e-16  -6.3987450e-17  -6.5760505e-16  1.8940852e-16  -3.1081875e-16  -7.5936478e-16  2.6048852e-16  1.0109885e-16  -3.0586828e-17  2.0935431e-16  2.8544217e-16  5.9808911e-16  -3.8027428e-18  1.1501948e-16  -3.3931126e-16  -4.1047380e-16  4.6218283e-16  -5.7183654e-16  -7.1097250e-16  
-8.5149711e-16  4.7081115e-16  -3.8642522e-17  4.3409391e-16  -1.1142577e-15  1.0000000   3.3318700e-16  -1.0823808e-15  -4.0698510e-18  -3.5179221e-16  -1.4577768e-18  -7.7844533e-16  4.6215130e-16  -3.6695647e-16  -1.6605436e-16  1.9474169e-16  1.7833524e-16  -2.3371160e-16  -4.8735894e-18  4.7247831e-16  1.4172572e-15  4.6779290e-16  -2.9988680e-16  4.0254625e-16  -7.1770622e-16  6.8066486e-16  1.8557103e-16  -2.1567140e-16  1.1554066e-15  1.2330599e-16  1.9576387e-16  -8.5149711e-16  4.7081115e-16  -3.8642522e-17  4.3409391e-16  -1.1142577e-15  1.0000000   3.3318700e-16  -1.0823808e-15  -4.0698510e-18  -3.5179221e-16  -1.4577768e-18  -7.7844533e-16  4.6215130e-16  -3.6695647e-16  -1.6605436e-16  1.9474169e-16  1.7833524e-16  -2.3371160e-16  -4.8735894e-18  4.7247831e-16  1.4172572e-15  4.6779290e-16  -2.9988680e-16  4.0254625e-16  -7.1770622e-16  6.8066486e-16  1.8557103e-16  -2.1567140e-16  1.1554066e-15  1.2330599e-16  1.9576387e-16  
2.5515048e-17  7.1662963e-16  -4.7372947e-16  -2.1917996e-16  -5.6669102e-16  3.3318700e-16  1.0000000   -9.2187623e-17  2.6287481e-16  3.6750971e-16  -2.8205859e-16  -1.2096131e-16  1.6211996e-17  5.6976743e-16  -5.8471811e-16  -3.8180068e-17  1.5638385e-17  -2.8718385e-17  5.3473135e-16  3.0591182e-16  3.8127156e-16  -3.2603836e-16  4.0465962e-16  9.3454892e-17  1.6107289e-16  8.1936238e-17  6.5388368e-16  -1.8699270e-16  -7.9851091e-16  -2.8415610e-16  7.1480764e-16  2.5515048e-17  7.1662963e-16  -4.7372947e-16  -2.1917996e-16  -5.6669102e-16  3.3318700e-16  1.0000000   -9.2187623e-17  2.6287481e-16  3.6750971e-16  -2.8205859e-16  -1.2096131e-16  1.6211996e-17  5.6976743e-16  -5.8471811e-16  -3.8180068e-17  1.5638385e-17  -2.8718385e-17  5.3473135e-16  3.0591182e-16  3.8127156e-16  -3.2603836e-16  4.0465962e-16  9.3454892e-17  1.6107289e-16  8.1936238e-17  6.5388368e-16  -1.8699270e-16  -7.9851091e-16  -2.8415610e-16  7.1480764e-16  
-1.5821870e-16  2.8267594e-16  -9.0665480e-18  5.0702368e-16  6.3558090e-16  -1.0823808e-15  -9.2187623e-17  1.0000000   1.1935337e-16  5.6632838e-16  2.0161136e-16  1.8671713e-16  -1.3101477e-16  2.0389711e-16  -8.3765760e-16  -3.0085027e-16  3.7593106e-16  6.5395181e-16  8.5744599e-17  -1.8098249e-16  -4.8396061e-16  2.3723454e-17  1.2498188e-15  -2.0925639e-16  1.2095106e-15  2.5057321e-16  -7.1153636e-16  -7.9088709e-17  -1.8009431e-15  3.2904611e-17  -3.3412970e-16  -1.5821870e-16  2.8267594e-16  -9.0665480e-18  5.0702368e-16  6.3558090e-16  -1.0823808e-15  -9.2187623e-17  1.0000000   1.1935337e-16  5.6632838e-16  2.0161136e-16  1.8671713e-16  -1.3101477e-16  2.0389711e-16  -8.3765760e-16  -3.0085027e-16  3.7593106e-16  6.5395181e-16  8.5744599e-17  -1.8098249e-16  -4.8396061e-16  2.3723454e-17  1.2498188e-15  -2.0925639e-16  1.2095106e-15  2.5057321e-16  -7.1153636e-16  -7.9088709e-17  -1.8009431e-15  3.2904611e-17  -3.3412970e-16  
1.3062677e-16  5.7627066e-17  4.7202410e-16  -8.5620296e-16  5.5054873e-16  -4.0698510e-18  2.6287481e-16  1.1935337e-16  1.0000000   2.9099079e-17  -2.3516296e-16  3.5983113e-16  4.2733758e-16  7.5746011e-17  -6.5450567e-17  -7.6926983e-16  4.4968021e-16  -1.6166902e-16  5.3832917e-16  3.3551794e-16  4.0499217e-16  2.4339532e-16  2.9016176e-16  3.4434620e-16  5.2453849e-16  3.5141973e-16  -2.3685312e-16  4.4911366e-16  2.9755139e-16  -3.7089868e-16  3.8149983e-17  1.3062677e-16  5.7627066e-17  4.7202410e-16  -8.5620296e-16  5.5054873e-16  -4.0698510e-18  2.6287481e-16  1.1935337e-16  1.0000000   2.9099079e-17  -2.3516296e-16  3.5983113e-16  4.2733758e-16  7.5746011e-17  -6.5450567e-17  -7.6926983e-16  4.4968021e-16  -1.6166902e-16  5.3832917e-16  3.3551794e-16  4.0499217e-16  2.4339532e-16  2.9016176e-16  3.4434620e-16  5.2453849e-16  3.5141973e-16  -2.3685312e-16  4.4911366e-16  2.9755139e-16  -3.7089868e-16  3.8149983e-17  
5.1348825e-17  3.6689178e-16  -6.9347098e-16  1.2065172e-16  3.5773391e-16  -3.5179221e-16  3.6750971e-16  5.6632838e-16  2.9099079e-17  1.0000000   -3.1183187e-16  4.1832110e-16  2.6525596e-16  -9.7063245e-16  -9.4569331e-16  2.3726462e-16  8.0834528e-16  2.5622390e-17  1.1427477e-16  4.2433240e-18  -3.5044247e-16  4.3576354e-16  6.5952040e-16  -1.5634405e-17  -1.9595160e-16  -8.2757578e-16  3.5372624e-16  -2.6811984e-17  -2.2601972e-16  2.3672419e-17  -5.4705309e-16  5.1348825e-17  3.6689178e-16  -6.9347098e-16  1.2065172e-16  3.5773391e-16  -3.5179221e-16  3.6750971e-16  5.6632838e-16  2.9099079e-17  1.0000000   -3.1183187e-16  4.1832110e-16  2.6525596e-16  -9.7063245e-16  -9.4569331e-16  2.3726462e-16  8.0834528e-16  2.5622390e-17  1.1427477e-16  4.2433240e-18  -3.5044247e-16  4.3576354e-16  6.5952040e-16  -1.5634405e-17  -1.9595160e-16  -8.2757578e-16  3.5372624e-16  -2.6811984e-17  -2.2601972e-16  2.3672419e-17  -5.4705309e-16  
4.5760045e-16  -6.8342889e-16  1.1689063e-16  9.9428049e-17  2.0090002e-15  -1.4577768e-18  -2.8205859e-16  2.0161136e-16  -2.3516296e-16  -3.1183187e-16  1.0000000   6.4699574e-16  -3.4865780e-16  -2.7731501e-16  -1.8242494e-16  -8.0605222e-17  5.5493021e-16  3.4095631e-17  1.3237729e-16  -2.4901440e-16  -1.8701499e-16  -7.4593914e-16  6.7414553e-16  -1.1297692e-15  6.2753130e-16  -1.4157741e-16  -1.4430288e-15  5.9106829e-16  -6.0166345e-16  -5.2634846e-16  -1.6830895e-16  4.5760045e-16  -6.8342889e-16  1.1689063e-16  9.9428049e-17  2.0090002e-15  -1.4577768e-18  -2.8205859e-16  2.0161136e-16  -2.3516296e-16  -3.1183187e-16  1.0000000   6.4699574e-16  -3.4865780e-16  -2.7731501e-16  -1.8242494e-16  -8.0605222e-17  5.5493021e-16  3.4095631e-17  1.3237729e-16  -2.4901440e-16  -1.8701499e-16  -7.4593914e-16  6.7414553e-16  -1.1297692e-15  6.2753130e-16  -1.4157741e-16  -1.4430288e-15  5.9106829e-16  -6.0166345e-16  -5.2634846e-16  -1.6830895e-16  
6.4015651e-16  -3.8527509e-16  1.3171549e-16  -6.5546920e-17  1.8360019e-16  -7.7844533e-16  -1.2096131e-16  1.8671713e-16  3.5983113e-16  4.1832110e-16  6.4699574e-16  1.0000000   8.9661124e-17  4.5921493e-16  -7.2190271e-16  -2.7673002e-16  2.4505228e-16  2.6788621e-18  -2.9738752e-16  -6.5602356e-17  5.8344782e-16  -2.5743782e-16  6.3668974e-16  -2.2559885e-16  1.2294776e-16  -5.8495821e-16  1.6653736e-16  4.6811322e-16  -1.7913386e-16  -2.5658966e-17  3.2117704e-17  6.4015651e-16  -3.8527509e-16  1.3171549e-16  -6.5546920e-17  1.8360019e-16  -7.7844533e-16  -1.2096131e-16  1.8671713e-16  3.5983113e-16  4.1832110e-16  6.4699574e-16  1.0000000   8.9661124e-17  4.5921493e-16  -7.2190271e-16  -2.7673002e-16  2.4505228e-16  2.6788621e-18  -2.9738752e-16  -6.5602356e-17  5.8344782e-16  -2.5743782e-16  6.3668974e-16  -2.2559885e-16  1.2294776e-16  -5.8495821e-16  1.6653736e-16  4.6811322e-16  -1.7913386e-16  -2.5658966e-17  3.2117704e-17  
-3.0096562e-16  2.3162433e-16  8.8391154e-16  -3.8293702e-16  -3.7879205e-16  4.6215130e-16  1.6211996e-17  -1.3101477e-16  4.2733758e-16  2.6525596e-16  -3.4865780e-16  8.9661124e-17  1.0000000   -7.6884923e-16  1.7684146e-16  2.0081924e-16  3.9424451e-16  -2.3095209e-17  1.4031898e-16  3.8628205e-16  8.1758446e-16  -8.3896900e-16  1.2471954e-16  -2.1012188e-16  -5.1612985e-16  9.9460194e-17  -1.3598729e-15  -6.0767197e-16  -9.8738717e-17  -8.0068409e-16  5.5215679e-17  -3.0096562e-16  2.3162433e-16  8.8391154e-16  -3.8293702e-16  -3.7879205e-16  4.6215130e-16  1.6211996e-17  -1.3101477e-16  4.2733758e-16  2.6525596e-16  -3.4865780e-16  8.9661124e-17  1.0000000   -7.6884923e-16  1.7684146e-16  2.0081924e-16  3.9424451e-16  -2.3095209e-17  1.4031898e-16  3.8628205e-16  8.1758446e-16  -8.3896900e-16  1.2471954e-16  -2.1012188e-16  -5.1612985e-16  9.9460194e-17  -1.3598729e-15  -6.0767197e-16  -9.8738717e-17  -8.0068409e-16  5.5215679e-17  
-6.3591752e-16  -3.8674956e-16  9.1946711e-16  4.1814689e-16  -6.3987450e-17  -3.6695647e-16  5.6976743e-16  2.0389711e-16  7.5746011e-17  -9.7063245e-16  -2.7731501e-16  4.5921493e-16  -7.6884923e-16  1.0000000   3.6741701e-16  -6.5786663e-17  -3.8777172e-16  2.0615240e-16  1.0784792e-15  -1.4918147e-16  2.0297674e-16  6.9052145e-16  2.1817764e-16  7.7723181e-18  2.2880876e-16  -1.3197280e-15  -1.2826589e-16  -3.6427324e-16  3.3417766e-17  8.4142340e-16  4.1525384e-16  -6.3591752e-16  -3.8674956e-16  9.1946711e-16  4.1814689e-16  -6.3987450e-17  -3.6695647e-16  5.6976743e-16  2.0389711e-16  7.5746011e-17  -9.7063245e-16  -2.7731501e-16  4.5921493e-16  -7.6884923e-16  1.0000000   3.6741701e-16  -6.5786663e-17  -3.8777172e-16  2.0615240e-16  1.0784792e-15  -1.4918147e-16  2.0297674e-16  6.9052145e-16  2.1817764e-16  7.7723181e-18  2.2880876e-16  -1.3197280e-15  -1.2826589e-16  -3.6427324e-16  3.3417766e-17  8.4142340e-16  4.1525384e-16  
-2.9075885e-16  -2.0006352e-16  -5.2969937e-16  3.5589463e-16  -6.5760505e-16  -1.6605436e-16  -5.8471811e-16  -8.3765760e-16  -6.5450567e-17  -9.4569331e-16  -1.8242494e-16  -7.2190271e-16  1.7684146e-16  3.6741701e-16  1.0000000   4.4067659e-16  3.9818961e-16  1.3348549e-16  7.1412990e-16  -2.6378036e-16  1.9661471e-16  3.2449715e-16  -4.7565231e-16  7.7257910e-16  -5.6938587e-17  -2.1971313e-17  -4.1300431e-16  -2.8691723e-16  -3.6911177e-16  2.0862335e-16  5.9279681e-16  -2.9075885e-16  -2.0006352e-16  -5.2969937e-16  3.5589463e-16  -6.5760505e-16  -1.6605436e-16  -5.8471811e-16  -8.3765760e-16  -6.5450567e-17  -9.4569331e-16  -1.8242494e-16  -7.2190271e-16  1.7684146e-16  3.6741701e-16  1.0000000   4.4067659e-16  3.9818961e-16  1.3348549e-16  7.1412990e-16  -2.6378036e-16  1.9661471e-16  3.2449715e-16  -4.7565231e-16  7.7257910e-16  -5.6938587e-17  -2.1971313e-17  -4.1300431e-16  -2.8691723e-16  -3.6911177e-16  2.0862335e-16  5.9279681e-16  
8.3805982e-16  -5.9161719e-16  7.9871140e-16  3.4193636e-17  1.8940852e-16  1.9474169e-16  -3.8180068e-17  -3.0085027e-16  -7.6926983e-16  2.3726462e-16  -8.0605222e-17  -2.7673002e-16  2.0081924e-16  -6.5786663e-17  4.4067659e-16  1.0000000   1.2278845e-16  -2.6622413e-16  -1.6714290e-16  4.9040943e-16  6.5757610e-16  -4.2577504e-16  -2.1789447e-18  -6.2594540e-17  -1.7280612e-16  6.0682795e-16  -8.3644504e-20  2.2558253e-17  5.7024317e-17  -4.4734655e-17  -9.6748636e-17  8.3805982e-16  -5.9161719e-16  7.9871140e-16  3.4193636e-17  1.8940852e-16  1.9474169e-16  -3.8180068e-17  -3.0085027e-16  -7.6926983e-16  2.3726462e-16  -8.0605222e-17  -2.7673002e-16  2.0081924e-16  -6.5786663e-17  4.4067659e-16  1.0000000   1.2278845e-16  -2.6622413e-16  -1.6714290e-16  4.9040943e-16  6.5757610e-16  -4.2577504e-16  -2.1789447e-18  -6.2594540e-17  -1.7280612e-16  6.0682795e-16  -8.3644504e-20  2.2558253e-17  5.7024317e-17  -4.4734655e-17  -9.6748636e-17  
4.7319439e-16  4.8265671e-16  -2.7008496e-17  3.9554553e-16  -3.1081875e-16  1.7833524e-16  1.5638385e-17  3.7593106e-16  4.4968021e-16  8.0834528e-16  5.5493021e-16  2.4505228e-16  3.9424451e-16  -3.8777172e-16  3.9818961e-16  1.2278845e-16  1.0000000   -2.2203303e-17  1.2908361e-16  4.6275602e-16  -2.2942155e-16  1.2319962e-16  6.8475235e-16  -3.0325080e-16  6.7938098e-16  5.8305826e-16  2.2601037e-16  5.8981032e-17  -6.7146863e-17  -5.5150873e-16  -9.9401485e-17  4.7319439e-16  4.8265671e-16  -2.7008496e-17  3.9554553e-16  -3.1081875e-16  1.7833524e-16  1.5638385e-17  3.7593106e-16  4.4968021e-16  8.0834528e-16  5.5493021e-16  2.4505228e-16  3.9424451e-16  -3.8777172e-16  3.9818961e-16  1.2278845e-16  1.0000000   -2.2203303e-17  1.2908361e-16  4.6275602e-16  -2.2942155e-16  1.2319962e-16  6.8475235e-16  -3.0325080e-16  6.7938098e-16  5.8305826e-16  2.2601037e-16  5.8981032e-17  -6.7146863e-17  -5.5150873e-16  -9.9401485e-17  
5.2009036e-16  1.0642879e-15  -9.3684831e-17  -1.7113619e-16  -7.5936478e-16  -2.3371160e-16  -2.8718385e-17  6.5395181e-16  -1.6166902e-16  2.5622390e-17  3.4095631e-17  2.6788621e-18  -2.3095209e-17  2.0615240e-16  1.3348549e-16  -2.6622413e-16  -2.2203303e-17  1.0000000   -1.5884086e-16  1.6332489e-16  4.5798137e-16  2.2793446e-17  9.6272613e-16  -5.5623261e-16  -3.5544215e-16  -5.4289796e-16  -9.5742518e-16  -2.6422922e-16  2.2637194e-16  9.8418537e-18  -5.2826944e-16  5.2009036e-16  1.0642879e-15  -9.3684831e-17  -1.7113619e-16  -7.5936478e-16  -2.3371160e-16  -2.8718385e-17  6.5395181e-16  -1.6166902e-16  2.5622390e-17  3.4095631e-17  2.6788621e-18  -2.3095209e-17  2.0615240e-16  1.3348549e-16  -2.6622413e-16  -2.2203303e-17  1.0000000   -1.5884086e-16  1.6332489e-16  4.5798137e-16  2.2793446e-17  9.6272613e-16  -5.5623261e-16  -3.5544215e-16  -5.4289796e-16  -9.5742518e-16  -2.6422922e-16  2.2637194e-16  9.8418537e-18  -5.2826944e-16  
-1.7953256e-16  -5.0500345e-16  -7.3784553e-16  -3.3158698e-16  2.6048852e-16  -4.8735894e-18  5.3473135e-16  8.5744599e-17  5.3832917e-16  1.1427477e-16  1.3237729e-16  -2.9738752e-16  1.4031898e-16  1.0784792e-15  7.1412990e-16  -1.6714290e-16  1.2908361e-16  -1.5884086e-16  1.0000000   3.7745909e-17  -1.8571213e-16  8.9760833e-16  -1.0739392e-16  2.8798179e-16  3.5995661e-16  -3.2882189e-16  -4.4149320e-16  1.1447374e-17  8.5616515e-16  3.9043208e-16  -7.5407071e-16  -1.7953256e-16  -5.0500345e-16  -7.3784553e-16  -3.3158698e-16  2.6048852e-16  -4.8735894e-18  5.3473135e-16  8.5744599e-17  5.3832917e-16  1.1427477e-16  1.3237729e-16  -2.9738752e-16  1.4031898e-16  1.0784792e-15  7.1412990e-16  -1.6714290e-16  1.2908361e-16  -1.5884086e-16  1.0000000   3.7745909e-17  -1.8571213e-16  8.9760833e-16  -1.0739392e-16  2.8798179e-16  3.5995661e-16  -3.2882189e-16  -4.4149320e-16  1.1447374e-17  8.5616515e-16  3.9043208e-16  -7.5407071e-16  
2.3959784e-16  -3.8701884e-16  1.0834175e-16  1.4123842e-16  1.0109885e-16  4.7247831e-16  3.0591182e-16  -1.8098249e-16  3.3551794e-16  4.2433240e-18  -2.4901440e-16  -6.5602356e-17  3.8628205e-16  -1.4918147e-16  -2.6378036e-16  4.9040943e-16  4.6275602e-16  1.6332489e-16  3.7745909e-17  1.0000000   2.3617992e-16  1.5245324e-16  -1.8705080e-16  -5.2330821e-16  3.2256171e-16  -3.8220427e-16  -3.0887296e-16  1.1443481e-16  -6.8024033e-16  2.1079904e-17  -3.4800864e-16  2.3959784e-16  -3.8701884e-16  1.0834175e-16  1.4123842e-16  1.0109885e-16  4.7247831e-16  3.0591182e-16  -1.8098249e-16  3.3551794e-16  4.2433240e-18  -2.4901440e-16  -6.5602356e-17  3.8628205e-16  -1.4918147e-16  -2.6378036e-16  4.9040943e-16  4.6275602e-16  1.6332489e-16  3.7745909e-17  1.0000000   2.3617992e-16  1.5245324e-16  -1.8705080e-16  -5.2330821e-16  3.2256171e-16  -3.8220427e-16  -3.0887296e-16  1.1443481e-16  -6.8024033e-16  2.1079904e-17  -3.4800864e-16  
4.6205810e-16  3.2145340e-16  3.9586247e-17  -5.9375874e-16  -3.0586828e-17  1.4172572e-15  3.8127156e-16  -4.8396061e-16  4.0499217e-16  -3.5044247e-16  -1.8701499e-16  5.8344782e-16  8.1758446e-16  2.0297674e-16  1.9661471e-16  6.5757610e-16  -2.2942155e-16  4.5798137e-16  -1.8571213e-16  2.3617992e-16  1.0000000   1.9637152e-17  7.1220168e-17  -7.3485912e-17  -3.7313409e-16  6.1157893e-17  2.0434448e-16  -1.4662586e-16  -4.8503713e-16  1.2335987e-16  6.1912943e-16  4.6205810e-16  3.2145340e-16  3.9586247e-17  -5.9375874e-16  -3.0586828e-17  1.4172572e-15  3.8127156e-16  -4.8396061e-16  4.0499217e-16  -3.5044247e-16  -1.8701499e-16  5.8344782e-16  8.1758446e-16  2.0297674e-16  1.9661471e-16  6.5757610e-16  -2.2942155e-16  4.5798137e-16  -1.8571213e-16  2.3617992e-16  1.0000000   1.9637152e-17  7.1220168e-17  -7.3485912e-17  -3.7313409e-16  6.1157893e-17  2.0434448e-16  -1.4662586e-16  -4.8503713e-16  1.2335987e-16  6.1912943e-16  
-1.5860101e-16  6.9159509e-17  -5.2494510e-16  -2.0220848e-16  2.0935431e-16  4.6779290e-16  -3.2603836e-16  2.3723454e-17  2.4339532e-16  4.3576354e-16  -7.4593914e-16  -2.5743782e-16  -8.3896900e-16  6.9052145e-16  3.2449715e-16  -4.2577504e-16  1.2319962e-16  2.2793446e-17  8.9760833e-16  1.5245324e-16  1.9637152e-17  1.0000000   -9.2621299e-17  -4.4651292e-16  6.0439258e-16  1.7951832e-16  7.4617305e-16  -8.0781449e-16  9.1374807e-16  4.8775088e-16  4.8265775e-16  -1.5860101e-16  6.9159509e-17  -5.2494510e-16  -2.0220848e-16  2.0935431e-16  4.6779290e-16  -3.2603836e-16  2.3723454e-17  2.4339532e-16  4.3576354e-16  -7.4593914e-16  -2.5743782e-16  -8.3896900e-16  6.9052145e-16  3.2449715e-16  -4.2577504e-16  1.2319962e-16  2.2793446e-17  8.9760833e-16  1.5245324e-16  1.9637152e-17  1.0000000   -9.2621299e-17  -4.4651292e-16  6.0439258e-16  1.7951832e-16  7.4617305e-16  -8.0781449e-16  9.1374807e-16  4.8775088e-16  4.8265775e-16  
6.6039682e-16  1.5159498e-16  2.2901328e-16  1.7290215e-16  2.8544217e-16  -2.9988680e-16  4.0465962e-16  1.2498188e-15  2.9016176e-16  6.5952040e-16  6.7414553e-16  6.3668974e-16  1.2471954e-16  2.1817764e-16  -4.7565231e-16  -2.1789447e-18  6.8475235e-16  9.6272613e-16  -1.0739392e-16  -1.8705080e-16  7.1220168e-17  -9.2621299e-17  1.0000000   -1.5352591e-17  3.9628283e-16  4.4844068e-17  6.8050779e-17  1.1128072e-16  1.6232164e-16  -1.9674033e-16  3.5071816e-16  6.6039682e-16  1.5159498e-16  2.2901328e-16  1.7290215e-16  2.8544217e-16  -2.9988680e-16  4.0465962e-16  1.2498188e-15  2.9016176e-16  6.5952040e-16  6.7414553e-16  6.3668974e-16  1.2471954e-16  2.1817764e-16  -4.7565231e-16  -2.1789447e-18  6.8475235e-16  9.6272613e-16  -1.0739392e-16  -1.8705080e-16  7.1220168e-17  -9.2621299e-17  1.0000000   -1.5352591e-17  3.9628283e-16  4.4844068e-17  6.8050779e-17  1.1128072e-16  1.6232164e-16  -1.9674033e-16  3.5071816e-16  
1.3824442e-16  -4.6468109e-16  1.3197837e-16  1.0057635e-16  5.9808911e-16  4.0254625e-16  9.3454892e-17  -2.0925639e-16  3.4434620e-16  -1.5634405e-17  -1.1297692e-15  -2.2559885e-16  -2.1012188e-16  7.7723181e-18  7.7257910e-16  -6.2594540e-17  -3.0325080e-16  -5.5623261e-16  2.8798179e-16  -5.2330821e-16  -7.3485912e-17  -4.4651292e-16  -1.5352591e-17  1.0000000   -5.2453064e-16  3.3071443e-16  -1.2483275e-16  3.4391532e-16  3.0912358e-16  3.2131371e-16  6.0231040e-16  1.3824442e-16  -4.6468109e-16  1.3197837e-16  1.0057635e-16  5.9808911e-16  4.0254625e-16  9.3454892e-17  -2.0925639e-16  3.4434620e-16  -1.5634405e-17  -1.1297692e-15  -2.2559885e-16  -2.1012188e-16  7.7723181e-18  7.7257910e-16  -6.2594540e-17  -3.0325080e-16  -5.5623261e-16  2.8798179e-16  -5.2330821e-16  -7.3485912e-17  -4.4651292e-16  -1.5352591e-17  1.0000000   -5.2453064e-16  3.3071443e-16  -1.2483275e-16  3.4391532e-16  3.0912358e-16  3.2131371e-16  6.0231040e-16  
-7.8314053e-16  -1.8780395e-16  2.7078279e-16  1.8057001e-16  -3.8027428e-18  -7.1770622e-16  1.6107289e-16  1.2095106e-15  5.2453849e-16  -1.9595160e-16  6.2753130e-16  1.2294776e-16  -5.1612985e-16  2.2880876e-16  -5.6938587e-17  -1.7280612e-16  6.7938098e-16  -3.5544215e-16  3.5995661e-16  3.2256171e-16  -3.7313409e-16  6.0439258e-16  3.9628283e-16  -5.2453064e-16  1.0000000   -9.9885964e-16  -3.0366096e-16  -3.7860239e-16  -2.0943059e-16  -5.3250317e-16  -3.5125344e-16  -7.8314053e-16  -1.8780395e-16  2.7078279e-16  1.8057001e-16  -3.8027428e-18  -7.1770622e-16  1.6107289e-16  1.2095106e-15  5.2453849e-16  -1.9595160e-16  6.2753130e-16  1.2294776e-16  -5.1612985e-16  2.2880876e-16  -5.6938587e-17  -1.7280612e-16  6.7938098e-16  -3.5544215e-16  3.5995661e-16  3.2256171e-16  -3.7313409e-16  6.0439258e-16  3.9628283e-16  -5.2453064e-16  1.0000000   -9.9885964e-16  -3.0366096e-16  -3.7860239e-16  -2.0943059e-16  -5.3250317e-16  -3.5125344e-16  
2.3555992e-16  -4.0805494e-16  -3.5500170e-16  -9.3640676e-16  1.1501948e-16  6.8066486e-16  8.1936238e-17  2.5057321e-16  3.5141973e-16  -8.2757578e-16  -1.4157741e-16  -5.8495821e-16  9.9460194e-17  -1.3197280e-15  -2.1971313e-17  6.0682795e-16  5.8305826e-16  -5.4289796e-16  -3.2882189e-16  -3.8220427e-16  6.1157893e-17  1.7951832e-16  4.4844068e-17  3.3071443e-16  -9.9885964e-16  1.0000000   1.7347609e-16  9.8605342e-17  1.0604426e-15  4.4231372e-17  9.2594095e-17  2.3555992e-16  -4.0805494e-16  -3.5500170e-16  -9.3640676e-16  1.1501948e-16  6.8066486e-16  8.1936238e-17  2.5057321e-16  3.5141973e-16  -8.2757578e-16  -1.4157741e-16  -5.8495821e-16  9.9460194e-17  -1.3197280e-15  -2.1971313e-17  6.0682795e-16  5.8305826e-16  -5.4289796e-16  -3.2882189e-16  -3.8220427e-16  6.1157893e-17  1.7951832e-16  4.4844068e-17  3.3071443e-16  -9.9885964e-16  1.0000000   1.7347609e-16  9.8605342e-17  1.0604426e-15  4.4231372e-17  9.2594095e-17  
3.3463582e-16  6.9017060e-16  -6.8971084e-16  5.9386314e-17  -3.3931126e-16  1.8557103e-16  6.5388368e-16  -7.1153636e-16  -2.3685312e-16  3.5372624e-16  -1.4430288e-15  1.6653736e-16  -1.3598729e-15  -1.2826589e-16  -4.1300431e-16  -8.3644504e-20  2.2601037e-16  -9.5742518e-16  -4.4149320e-16  -3.0887296e-16  2.0434448e-16  7.4617305e-16  6.8050779e-17  -1.2483275e-16  -3.0366096e-16  1.7347609e-16  1.0000000   -2.2234072e-16  2.6548051e-16  -7.4070899e-16  7.7455135e-16  3.3463582e-16  6.9017060e-16  -6.8971084e-16  5.9386314e-17  -3.3931126e-16  1.8557103e-16  6.5388368e-16  -7.1153636e-16  -2.3685312e-16  3.5372624e-16  -1.4430288e-15  1.6653736e-16  -1.3598729e-15  -1.2826589e-16  -4.1300431e-16  -8.3644504e-20  2.2601037e-16  -9.5742518e-16  -4.4149320e-16  -3.0887296e-16  2.0434448e-16  7.4617305e-16  6.8050779e-17  -1.2483275e-16  -3.0366096e-16  1.7347609e-16  1.0000000   -2.2234072e-16  2.6548051e-16  -7.4070899e-16  7.7455135e-16  
1.2741872e-15  -2.6378491e-16  2.2206350e-16  5.1076057e-17  -4.1047380e-16  -2.1567140e-16  -1.8699270e-16  -7.9088709e-17  4.4911366e-16  -2.6811984e-17  5.9106829e-16  4.6811322e-16  -6.0767197e-16  -3.6427324e-16  -2.8691723e-16  2.2558253e-17  5.8981032e-17  -2.6422922e-16  1.1447374e-17  1.1443481e-16  -1.4662586e-16  -8.0781449e-16  1.1128072e-16  3.4391532e-16  -3.7860239e-16  9.8605342e-17  -2.2234072e-16  1.0000000   -4.4956974e-16  -1.9078299e-17  2.0546242e-16  1.2741872e-15  -2.6378491e-16  2.2206350e-16  5.1076057e-17  -4.1047380e-16  -2.1567140e-16  -1.8699270e-16  -7.9088709e-17  4.4911366e-16  -2.6811984e-17  5.9106829e-16  4.6811322e-16  -6.0767197e-16  -3.6427324e-16  -2.8691723e-16  2.2558253e-17  5.8981032e-17  -2.6422922e-16  1.1447374e-17  1.1443481e-16  -1.4662586e-16  -8.0781449e-16  1.1128072e-16  3.4391532e-16  -3.7860239e-16  9.8605342e-17  -2.2234072e-16  1.0000000   -4.4956974e-16  -1.9078299e-17  2.0546242e-16  
-1.7051185e-15  1.4632276e-16  1.1547013e-16  -7.8262056e-16  4.6218283e-16  1.1554066e-15  -7.9851091e-16  -1.8009431e-15  2.9755139e-16  -2.2601972e-16  -6.0166345e-16  -1.7913386e-16  -9.8738717e-17  3.3417766e-17  -3.6911177e-16  5.7024317e-17  -6.7146863e-17  2.2637194e-16  8.5616515e-16  -6.8024033e-16  -4.8503713e-16  9.1374807e-16  1.6232164e-16  3.0912358e-16  -2.0943059e-16  1.0604426e-15  2.6548051e-16  -4.4956974e-16  1.0000000   -4.1161752e-16  4.9079787e-16  -1.7051185e-15  1.4632276e-16  1.1547013e-16  -7.8262056e-16  4.6218283e-16  1.1554066e-15  -7.9851091e-16  -1.8009431e-15  2.9755139e-16  -2.2601972e-16  -6.0166345e-16  -1.7913386e-16  -9.8738717e-17  3.3417766e-17  -3.6911177e-16  5.7024317e-17  -6.7146863e-17  2.2637194e-16  8.5616515e-16  -6.8024033e-16  -4.8503713e-16  9.1374807e-16  1.6232164e-16  3.0912358e-16  -2.0943059e-16  1.0604426e-15  2.6548051e-16  -4.4956974e-16  1.0000000   -4.1161752e-16  4.9079787e-16  
-1.7531216e-16  -1.6876342e-17  4.9728014e-18  4.5494993e-17  -5.7183654e-16  1.2330599e-16  -2.8415610e-16  3.2904611e-17  -3.7089868e-16  2.3672419e-17  -5.2634846e-16  -2.5658966e-17  -8.0068409e-16  8.4142340e-16  2.0862335e-16  -4.4734655e-17  -5.5150873e-16  9.8418537e-18  3.9043208e-16  2.1079904e-17  1.2335987e-16  4.8775088e-16  -1.9674033e-16  3.2131371e-16  -5.3250317e-16  4.4231372e-17  -7.4070899e-16  -1.9078299e-17  -4.1161752e-16  1.0000000   6.3776717e-17  -1.7531216e-16  -1.6876342e-17  4.9728014e-18  4.5494993e-17  -5.7183654e-16  1.2330599e-16  -2.8415610e-16  3.2904611e-17  -3.7089868e-16  2.3672419e-17  -5.2634846e-16  -2.5658966e-17  -8.0068409e-16  8.4142340e-16  2.0862335e-16  -4.4734655e-17  -5.5150873e-16  9.8418537e-18  3.9043208e-16  2.1079904e-17  1.2335987e-16  4.8775088e-16  -1.9674033e-16  3.2131371e-16  -5.3250317e-16  4.4231372e-17  -7.4070899e-16  -1.9078299e-17  -4.1161752e-16  1.0000000   6.3776717e-17  
1.0355970e-17  1.0890347e-16  -1.3374206e-16  -4.0653504e-16  -7.1097250e-16  1.9576387e-16  7.1480764e-16  -3.3412970e-16  3.8149983e-17  -5.4705309e-16  -1.6830895e-16  3.2117704e-17  5.5215679e-17  4.1525384e-16  5.9279681e-16  -9.6748636e-17  -9.9401485e-17  -5.2826944e-16  -7.5407071e-16  -3.4800864e-16  6.1912943e-16  4.8265775e-16  3.5071816e-16  6.0231040e-16  -3.5125344e-16  9.2594095e-17  7.7455135e-16  2.0546242e-16  4.9079787e-16  6.3776717e-17  1.0000000   1.0355970e-17  1.0890347e-16  -1.3374206e-16  -4.0653504e-16  -7.1097250e-16  1.9576387e-16  7.1480764e-16  -3.3412970e-16  3.8149983e-17  -5.4705309e-16  -1.6830895e-16  3.2117704e-17  5.5215679e-17  4.1525384e-16  5.9279681e-16  -9.6748636e-17  -9.9401485e-17  -5.2826944e-16  -7.5407071e-16  -3.4800864e-16  6.1912943e-16  4.8265775e-16  3.5071816e-16  6.0231040e-16  -3.5125344e-16  9.2594095e-17  7.7455135e-16  2.0546242e-16  4.9079787e-16  6.3776717e-17  1.0000000   
1.0000000   1.0551869e-16  -5.3142468e-16  -9.5329750e-17  -4.6980716e-17  -8.5149711e-16  2.5515048e-17  -1.5821870e-16  1.3062677e-16  5.1348825e-17  4.5760045e-16  6.4015651e-16  -3.0096562e-16  -6.3591752e-16  -2.9075885e-16  8.3805982e-16  4.7319439e-16  5.2009036e-16  -1.7953256e-16  2.3959784e-16  4.6205810e-16  -1.5860101e-16  6.6039682e-16  1.3824442e-16  -7.8314053e-16  2.3555992e-16  3.3463582e-16  1.2741872e-15  -1.7051185e-15  -1.7531216e-16  1.0355970e-17  1.0000000   1.0551869e-16  -5.3142468e-16  -9.5329750e-17  -4.6980716e-17  -8.5149711e-16  2.5515048e-17  -1.5821870e-16  1.3062677e-16  5.1348825e-17  4.5760045e-16  6.4015651e-16  -3.0096562e-16  -6.3591752e-16  -2.9075885e-16  8.3805982e-16  4.7319439e-16  5.2009036e-16  -1.7953256e-16  2.3959784e-16  4.6205810e-16  -1.5860101e-16  6.6039682e-16  1.3824442e-16  -7.8314053e-16  2.3555992e-16  3.3463582e-16  1.2741872e-15  -1.7051185e-15  -1.7531216e-16  1.0355970e-17  
1.0551869e-16  1.0000000   3.7204318e-16  5.8930657e-16  -1.4728309e-16  4.7081115e-16  7.1662963e-16  2.8267594e-16  5.7627066e-17  3.6689178e-16  -6.8342889e-16  -3.8527509e-16  2.3162433e-16  -3.8674956e-16  -2.0006352e-16  -5.9161719e-16  4.8265671e-16  1.0642879e-15  -5.0500345e-16  -3.8701884e-16  3.2145340e-16  6.9159509e-17  1.5159498e-16  -4.6468109e-16  -1.8780395e-16  -4.0805494e-16  6.9017060e-16  -2.6378491e-16  1.4632276e-16  -1.6876342e-17  1.0890347e-16  1.0551869e-16  1.0000000   3.7204318e-16  5.8930657e-16  -1.4728309e-16  4.7081115e-16  7.1662963e-16  2.8267594e-16  5.7627066e-17  3.6689178e-16  -6.8342889e-16  -3.8527509e-16  2.3162433e-16  -3.8674956e-16  -2.0006352e-16  -5.9161719e-16  4.8265671e-16  1.0642879e-15  -5.0500345e-16  -3.8701884e-16  3.2145340e-16  6.9159509e-17  1.5159498e-16  -4.6468109e-16  -1.8780395e-16  -4.0805494e-16  6.9017060e-16  -2.6378491e-16  1.4632276e-16  -1.6876342e-17  1.0890347e-16  
-5.3142468e-16  3.7204318e-16  1.0000000   1.9370388e-16  -5.7388112e-16  -3.8642522e-17  -4.7372947e-16  -9.0665480e-18  4.7202410e-16  -6.9347098e-16  1.1689063e-16  1.3171549e-16  8.8391154e-16  9.1946711e-16  -5.2969937e-16  7.9871140e-16  -2.7008496e-17  -9.3684831e-17  -7.3784553e-16  1.0834175e-16  3.9586247e-17  -5.2494510e-16  2.2901328e-16  1.3197837e-16  2.7078279e-16  -3.5500170e-16  -6.8971084e-16  2.2206350e-16  1.1547013e-16  4.9728014e-18  -1.3374206e-16  -5.3142468e-16  3.7204318e-16  1.0000000   1.9370388e-16  -5.7388112e-16  -3.8642522e-17  -4.7372947e-16  -9.0665480e-18  4.7202410e-16  -6.9347098e-16  1.1689063e-16  1.3171549e-16  8.8391154e-16  9.1946711e-16  -5.2969937e-16  7.9871140e-16  -2.7008496e-17  -9.3684831e-17  -7.3784553e-16  1.0834175e-16  3.9586247e-17  -5.2494510e-16  2.2901328e-16  1.3197837e-16  2.7078279e-16  -3.5500170e-16  -6.8971084e-16  2.2206350e-16  1.1547013e-16  4.9728014e-18  -1.3374206e-16  
-9.5329750e-17  5.8930657e-16  1.9370388e-16  1.0000000   -3.7175178e-17  4.3409391e-16  -2.1917996e-16  5.0702368e-16  -8.5620296e-16  1.2065172e-16  9.9428049e-17  -6.5546920e-17  -3.8293702e-16  4.1814689e-16  3.5589463e-16  3.4193636e-17  3.9554553e-16  -1.7113619e-16  -3.3158698e-16  1.4123842e-16  -5.9375874e-16  -2.0220848e-16  1.7290215e-16  1.0057635e-16  1.8057001e-16  -9.3640676e-16  5.9386314e-17  5.1076057e-17  -7.8262056e-16  4.5494993e-17  -4.0653504e-16  -9.5329750e-17  5.8930657e-16  1.9370388e-16  1.0000000   -3.7175178e-17  4.3409391e-16  -2.1917996e-16  5.0702368e-16  -8.5620296e-16  1.2065172e-16  9.9428049e-17  -6.5546920e-17  -3.8293702e-16  4.1814689e-16  3.5589463e-16  3.4193636e-17  3.9554553e-16  -1.7113619e-16  -3.3158698e-16  1.4123842e-16  -5.9375874e-16  -2.0220848e-16  1.7290215e-16  1.0057635e-16  1.8057001e-16  -9.3640676e-16  5.9386314e-17  5.1076057e-17  -7.8262056e-16  4.5494993e-17  -4.0653504e-16  
-4.6980716e-17  -1.4728309e-16  -5.7388112e-16  -3.7175178e-17  1.0000000   -1.1142577e-15  -5.6669102e-16  6.3558090e-16  5.5054873e-16  3.5773391e-16  2.0090002e-15  1.8360019e-16  -3.7879205e-16  -6.3987450e-17  -6.5760505e-16  1.8940852e-16  -3.1081875e-16  -7.5936478e-16  2.6048852e-16  1.0109885e-16  -3.0586828e-17  2.0935431e-16  2.8544217e-16  5.9808911e-16  -3.8027428e-18  1.1501948e-16  -3.3931126e-16  -4.1047380e-16  4.6218283e-16  -5.7183654e-16  -7.1097250e-16  -4.6980716e-17  -1.4728309e-16  -5.7388112e-16  -3.7175178e-17  1.0000000   -1.1142577e-15  -5.6669102e-16  6.3558090e-16  5.5054873e-16  3.5773391e-16  2.0090002e-15  1.8360019e-16  -3.7879205e-16  -6.3987450e-17  -6.5760505e-16  1.8940852e-16  -3.1081875e-16  -7.5936478e-16  2.6048852e-16  1.0109885e-16  -3.0586828e-17  2.0935431e-16  2.8544217e-16  5.9808911e-16  -3.8027428e-18  1.1501948e-16  -3.3931126e-16  -4.1047380e-16  4.6218283e-16  -5.7183654e-16  -7.1097250e-16  
-8.5149711e-16  4.7081115e-16  -3.8642522e-17  4.3409391e-16  -1.1142577e-15  1.0000000   3.3318700e-16  -1.0823808e-15  -4.0698510e-18  -3.5179221e-16  -1.4577768e-18  -7.7844533e-16  4.6215130e-16  -3.6695647e-16  -1.6605436e-16  1.9474169e-16  1.7833524e-16  -2.3371160e-16  -4.8735894e-18  4.7247831e-16  1.4172572e-15  4.6779290e-16  -2.9988680e-16  4.0254625e-16  -7.1770622e-16  6.8066486e-16  1.8557103e-16  -2.1567140e-16  1.1554066e-15  1.2330599e-16  1.9576387e-16  -8.5149711e-16  4.7081115e-16  -3.8642522e-17  4.3409391e-16  -1.1142577e-15  1.0000000   3.3318700e-16  -1.0823808e-15  -4.0698510e-18  -3.5179221e-16  -1.4577768e-18  -7.7844533e-16  4.6215130e-16  -3.6695647e-16  -1.6605436e-16  1.9474169e-16  1.7833524e-16  -2.3371160e-16  -4.8735894e-18  4.7247831e-16  1.4172572e-15  4.6779290e-16  -2.9988680e-16  4.0254625e-16  -7.1770622e-16  6.8066486e-16  1.8557103e-16  -2.1567140e-16  1.1554066e-15  1.2330599e-16  1.9576387e-16  
2.5515048e-17  7.1662963e-16  -4.7372947e-16  -2.1917996e-16  -5.6669102e-16  3.3318700e-16  1.0000000   -9.2187623e-17  2.6287481e-16  3.6750971e-16  -2.8205859e-16  -1.2096131e-16  1.6211996e-17  5.6976743e-16  -5.8471811e-16  -3.8180068e-17  1.5638385e-17  -2.8718385e-17  5.3473135e-16  3.0591182e-16  3.8127156e-16  -3.2603836e-16  4.0465962e-16  9.3454892e-17  1.6107289e-16  8.1936238e-17  6.5388368e-16  -1.8699270e-16  -7.9851091e-16  -2.8415610e-16  7.1480764e-16  2.5515048e-17  7.1662963e-16  -4.7372947e-16  -2.1917996e-16  -5.6669102e-16  3.3318700e-16  1.0000000   -9.2187623e-17  2.6287481e-16  3.6750971e-16  -2.8205859e-16  -1.2096131e-16  1.6211996e-17  5.6976743e-16  -5.8471811e-16  -3.8180068e-17  1.5638385e-17  -2.8718385e-17  5.3473135e-16  3.0591182e-16  3.8127156e-16  -3.2603836e-16  4.0465962e-16  9.3454892e-17  1.6107289e-16  8.1936238e-17  6.5388368e-16  -1.8699270e-16  -7.9851091e-16  -2.8415610e-16  7.1480764e-16  
-1.5821870e-16  2.8267594e-16  -9.0665480e-18  5.0702368e-16  6.3558090e-16  -1.0823808e-15  -9.2187623e-17  1.0000000   1.1935337e-16  5.6632838e-16  2.0161136e-16  1.8671713e-16  -1.3101477e-16  2.0389711e-16  -8.3765760e-16  -3.0085027e-16  3.7593106e-16  6.5395181e-16  8.5744599e-17  -1.8098249e-16  -4.8396061e-16  2.3723454e-17  1.2498188e-15  -2.0925639e-16  1.2095106e-15  2.5057321e-16  -7.1153636e-16  -7.9088709e-17  -1.8009431e-15  3.2904611e-17  -3.3412970e-16  -1.5821870e-16  2.8267594e-16  -9.0665480e-18  5.0702368e-16  6.3558090e-16  -1.0823808e-15  -9.2187623e-17  1.0000000   1.1935337e-16  5.6632838e-16  2.0161136e-16  1.8671713e-16  -1.3101477e-16  2.0389711e-16  -8.3765760e-16  -3.0085027e-16  3.7593106e-16  6.5395181e-16  8.5744599e-17  -1.8098249e-16  -4.8396061e-16  2.3723454e-17  1.2498188e-15  -2.0925639e-16  1.2095106e-15  2.5057321e-16  -7.1153636e-16  -7.9088709e-17  -1.8009431e-15  3.2904611e-17  -3.3412970e-16  
1.3062677e-16  5.7627066e-17  4.7202410e-16  -8.5620296e-16  5.5054873e-16  -4.0698510e-18  2.6287481e-16  1.1935337e-16  1.0000000   2.9099079e-17  -2.3516296e-16  3.5983113e-16  4.2733758e-16  7.5746011e-17  -6.5450567e-17  -7.6926983e-16  4.4968021e-16  -1.6166902e-16  5.3832917e-16  3.3551794e-16  4.0499217e-16  2.4339532e-16  2.9016176e-16  3.4434620e-16  5.2453849e-16  3.5141973e-16  -2.3685312e-16  4.4911366e-16  2.9755139e-16  -3.7089868e-16  3.8149983e-17  1.3062677e-16  5.7627066e-17  4.7202410e-16  -8.5620296e-16  5.5054873e-16  -4.0698510e-18  2.6287481e-16  1.1935337e-16  1.0000000   2.9099079e-17  -2.3516296e-16  3.5983113e-16  4.2733758e-16  7.5746011e-17  -6.5450567e-17  -7.6926983e-16  4.4968021e-16  -1.6166902e-16  5.3832917e-16  3.3551794e-16  4.0499217e-16  2.4339532e-16  2.9016176e-16  3.4434620e-16  5.2453849e-16  3.5141973e-16  -2.3685312e-16  4.4911366e-16  2.9755139e-16  -3.7089868e-16  3.8149983e-17  
5.1348825e-17  3.6689178e-16  -6.9347098e-16  1.2065172e-16  3.5773391e-16  -3.5179221e-16  3.6750971e-16  5.6632838e-16  2.9099079e-17  1.0000000   -3.1183187e-16  4.1832110e-16  2.6525596e-16  -9.7063245e-16  -9.4569331e-16  2.3726462e-16  8.0834528e-16  2.5622390e-17  1.1427477e-16  4.2433240e-18  -3.5044247e-16  4.3576354e-16  6.5952040e-16  -1.5634405e-17  -1.9595160e-16  -8.2757578e-16  3.5372624e-16  -2.6811984e-17  -2.2601972e-16  2.3672419e-17  -5.4705309e-16  5.1348825e-17  3.6689178e-16  -6.9347098e-16  1.2065172e-16  3.5773391e-16  -3.5179221e-16  3.6750971e-16  5.6632838e-16  2.9099079e-17  1.0000000   -3.1183187e-16  4.1832110e-16  2.6525596e-16  -9.7063245e-16  -9.4569331e-16  2.3726462e-16  8.0834528e-16  2.5622390e-17  1.1427477e-16  4.2433240e-18  -3.5044247e-16  4.3576354e-16  6.5952040e-16  -1.5634405e-17  -1.9595160e-16  -8.2757578e-16  3.5372624e-16  -2.6811984e-17  -2.2601972e-16  2.3672419e-17  -5.4705309e-16  
4.5760045e-16  -6.8342889e-16  1.1689063e-16  9.9428049e-17  2.0090002e-15  -1.4577768e-18  -2.8205859e-16  2.0161136e-16  -2.3516296e-16  -3.1183187e-16  1.0000000   6.4699574e-16  -3.4865780e-16  -2.7731501e-16  -1.8242494e-16  -8.0605222e-17  5.5493021e-16  3.4095631e-17  1.3237729e-16  -2.4901440e-16  -1.8701499e-16  -7.4593914e-16  6.7414553e-16  -1.1297692e-15  6.2753130e-16  -1.4157741e-16  -1.4430288e-15  5.9106829e-16  -6.0166345e-16  -5.2634846e-16  -1.6830895e-16  4.5760045e-16  -6.8342889e-16  1.1689063e-16  9.9428049e-17  2.0090002e-15  -1.4577768e-18  -2.8205859e-16  2.0161136e-16  -2.3516296e-16  -3.1183187e-16  1.0000000   6.4699574e-16  -3.4865780e-16  -2.7731501e-16  -1.8242494e-16  -8.0605222e-17  5.5493021e-16  3.4095631e-17  1.3237729e-16  -2.4901440e-16  -1.8701499e-16  -7.4593914e-16  6.7414553e-16  -1.1297692e-15  6.2753130e-16  -1.4157741e-16  -1.4430288e-15  5.9106829e-16  -6.0166345e-16  -5.2634846e-16  -1.6830895e-16  
