1.0000000   -1.2362222e-16  1.8959324e-17  3.0909341e-16  6.4476363e-17  -1.4504429e-16  7.8326854e-16  -7.5243880e-16  -1.2807096e-16  -1.6236673e-16  5.0874168e-16  4.6497690e-16  7.4497168e-17  6.4475351e-17  5.0072408e-16  -3.1780200e-16  -3.0538973e-16  4.3842687e-16  3.0830959e-16  -1.7835296e-17  -1.2543492e-16  3.9081656e-16  3.5082556e-17  4.7598826e-17  -1.3069193e-16  8.1695090e-17  3.0562258e-16  1.7553904e-16  9.4920821e-17  1.2256598e-16  -1.8955301e-16  1.0000000   -1.2362222e-16  1.8959324e-17  3.0909341e-16  6.4476363e-17  -1.4504429e-16  7.8326854e-16  -7.5243880e-16  -1.2807096e-16  -1.6236673e-16  5.0874168e-16  4.6497690e-16  7.4497168e-17  6.4475351e-17  5.0072408e-16  -3.1780200e-16  -3.0538973e-16  4.3842687e-16  3.0830959e-16  -1.7835296e-17  -1.2543492e-16  3.9081656e-16  3.5082556e-17  4.7598826e-17  -1.3069193e-16  8.1695090e-17  3.0562258e-16  1.7553904e-16  9.4920821e-17  1.2256598e-16  -1.8955301e-16  
-1.2362222e-16  1.0000000   1.0862495e-15  8.4301535e-17  2.5293631e-17  -1.5887622e-16  -3.1855869e-17  -4.0735414e-16  -5.5924309e-16  -7.6051510e-16  -6.0606336e-17  -4.9518768e-16  1.5024153e-16  4.4701785e-16  4.1875180e-16  4.4241503e-17  -1.1006344e-16  2.7393111e-16  -3.9650417e-16  6.4598013e-16  -7.4627434e-16  -1.3831180e-16  -8.6084933e-16  4.8108893e-16  3.7849444e-16  -7.4463478e-16  5.0218320e-16  2.4664475e-16  -9.1023276e-17  9.2801004e-16  2.4167127e-16  -1.2362222e-16  1.0000000   1.0862495e-15  8.4301535e-17  2.5293631e-17  -1.5887622e-16  -3.1855869e-17  -4.0735414e-16  -5.5924309e-16  -7.6051510e-16  -6.0606336e-17  -4.9518768e-16  1.5024153e-16  4.4701785e-16  4.1875180e-16  4.4241503e-17  -1.1006344e-16  2.7393111e-16  -3.9650417e-16  6.4598013e-16  -7.4627434e-16  -1.3831180e-16  -8.6084933e-16  4.8108893e-16  3.7849444e-16  -7.4463478e-16  5.0218320e-16  2.4664475e-16  -9.1023276e-17  9.2801004e-16  2.4167127e-16  
1.8959324e-17  1.0862495e-15  1.0000000   3.0739402e-16  5.2862873e-17  5.4705136e-16  -7.4483711e-16  -6.4298568e-16  9.5794266e-16  2.4992671e-16  2.2986778e-16  1.4347167e-16  -2.3750438e-16  5.2858116e-16  -1.5279277e-16  2.9560214e-16  -8.7661403e-16  -5.7546540e-16  4.9386564e-16  -2.8918088e-16  -4.5733631e-16  -3.0029267e-16  -5.8464175e-16  7.2128164e-16  3.0693764e-16  3.8554467e-16  -2.3366027e-16  -2.4667118e-16  -7.9013272e-17  -5.3353145e-16  1.3799427e-17  1.8959324e-17  1.0862495e-15  1.0000000   3.0739402e-16  5.2862873e-17  5.4705136e-16  -7.4483711e-16  -6.4298568e-16  9.5794266e-16  2.4992671e-16  2.2986778e-16  1.4347167e-16  -2.3750438e-16  5.2858116e-16  -1.5279277e-16  2.9560214e-16  -8.7661403e-16  -5.7546540e-16  4.9386564e-16  -2.8918088e-16  -4.5733631e-16  -3.0029267e-16  -5.8464175e-16  7.2128164e-16  3.0693764e-16  3.8554467e-16  -2.3366027e-16  -2.4667118e-16  -7.9013272e-17  -5.3353145e-16  1.3799427e-17  
3.0909341e-16  8.4301535e-17  3.0739402e-16  1.0000000   3.3149563e-16  6.1929980e-16  -3.7956674e-16  5.4314500e-16  -3.8588389e-16  6.2287850e-16  5.9784121e-17  2.3626471e-16  8.1455729e-16  1.3580397e-16  -3.4943607e-16  -9.5650139e-16  -8.1681631e-16  4.4566679e-16  -7.3915858e-16  6.1391249e-16  -8.2809580e-17  6.0662834e-16  7.3595999e-16  -1.9377463e-16  -1.8352693e-16  -4.0307834e-16  -3.5084267e-17  -5.3890967e-16  2.8703377e-16  2.6514659e-16  -4.1650167e-16  3.0909341e-16  8.4301535e-17  3.0739402e-16  1.0000000   3.3149563e-16  6.1929980e-16  -3.7956674e-16  5.4314500e-16  -3.8588389e-16  6.2287850e-16  5.9784121e-17  2.3626471e-16  8.1455729e-16  1.3580397e-16  -3.4943607e-16  -9.5650139e-16  -8.1681631e-16  4.4566679e-16  -7.3915858e-16  6.1391249e-16  -8.2809580e-17  6.0662834e-16  7.3595999e-16  -1.9377463e-16  -1.8352693e-16  -4.0307834e-16  -3.5084267e-17  -5.3890967e-16  2.8703377e-16  2.6514659e-16  -4.1650167e-16  
6.4476363e-17  2.5293631e-17  5.2862873e-17  3.3149563e-16  1.0000000   2.1906238e-16  1.0337780e-15  -7.3295755e-16  1.0219317e-16  6.2466351e-16  7.5453685e-16  -7.3436842e-16  -9.1019581e-16  -1.0167433e-15  2.4050298e-16  -6.5934427e-16  6.2848729e-16  1.8712162e-16  3.4462730e-16  -5.6142442e-17  -4.1880234e-16  -5.5061991e-16  2.3307528e-17  -7.4655508e-16  -4.5093556e-17  -2.8998023e-16  -1.0841754e-16  -8.2464084e-17  4.0437230e-16  -3.8484692e-16  6.6869113e-16  6.4476363e-17  2.5293631e-17  5.2862873e-17  3.3149563e-16  1.0000000   2.1906238e-16  1.0337780e-15  -7.3295755e-16  1.0219317e-16  6.2466351e-16  7.5453685e-16  -7.3436842e-16  -9.1019581e-16  -1.0167433e-15  2.4050298e-16  -6.5934427e-16  6.2848729e-16  1.8712162e-16  3.4462730e-16  -5.6142442e-17  -4.1880234e-16  -5.5061991e-16  2.3307528e-17  -7.4655508e-16  -4.5093556e-17  -2.8998023e-16  -1.0841754e-16  -8.2464084e-17  4.0437230e-16  -3.8484692e-16  6.6869113e-16  
-1.4504429e-16  -1.5887622e-16  5.4705136e-16  6.1929980e-16  2.1906238e-16  1.0000000   -6.8359676e-16  -1.0266565e-16  1.7882675e-15  3.5362632e-16  5.9554836e-16  -8.1722056e-17  8.7742359e-16  -3.1241008e-16  7.4491049e-16  -6.6457355e-16  -2.2431665e-17  -2.2132968e-17  -9.6930204e-16  6.2321747e-16  -5.4910788e-17  1.3091205e-16  2.7692970e-16  -3.9400847e-16  1.5954494e-16  1.9895934e-16  -2.9939212e-16  5.8922575e-16  -9.1116111e-17  -1.8814517e-16  3.0394104e-16  -1.4504429e-16  -1.5887622e-16  5.4705136e-16  6.1929980e-16  2.1906238e-16  1.0000000   -6.8359676e-16  -1.0266565e-16  1.7882675e-15  3.5362632e-16  5.9554836e-16  -8.1722056e-17  8.7742359e-16  -3.1241008e-16  7.4491049e-16  -6.6457355e-16  -2.2431665e-17  -2.2132968e-17  -9.6930204e-16  6.2321747e-16  -5.4910788e-17  1.3091205e-16  2.7692970e-16  -3.9400847e-16  1.5954494e-16  1.9895934e-16  -2.9939212e-16  5.8922575e-16  -9.1116111e-17  -1.8814517e-16  3.0394104e-16  
7.8326854e-16  -3.1855869e-17  -7.4483711e-16  -3.7956674e-16  1.0337780e-15  -6.8359676e-16  1.0000000   -2.7137817e-16  3.2724356e-16  -2.1348084e-16  -1.6386804e-16  -1.3779780e-15  -9.6637517e-17  2.9064370e-16  -7.5534851e-16  2.0859998e-16  2.5772104e-16  -2.1670009e-16  8.8567186e-16  2.1628564e-16  -9.4510451e-17  8.5962141e-17  2.9132872e-16  1.2922804e-16  -8.0440331e-16  -3.6296089e-16  -7.0169234e-16  -3.9677938e-17  1.3272448e-15  5.4311777e-17  1.5624448e-16  7.8326854e-16  -3.1855869e-17  -7.4483711e-16  -3.7956674e-16  1.0337780e-15  -6.8359676e-16  1.0000000   -2.7137817e-16  3.2724356e-16  -2.1348084e-16  -1.6386804e-16  -1.3779780e-15  -9.6637517e-17  2.9064370e-16  -7.5534851e-16  2.0859998e-16  2.5772104e-16  -2.1670009e-16  8.8567186e-16  2.1628564e-16  -9.4510451e-17  8.5962141e-17  2.9132872e-16  1.2922804e-16  -8.0440331e-16  -3.6296089e-16  -7.0169234e-16  -3.9677938e-17  1.3272448e-15  5.4311777e-17  1.5624448e-16  
-7.5243880e-16  -4.0735414e-16  -6.4298568e-16  5.4314500e-16  -7.3295755e-16  -1.0266565e-16  -2.7137817e-16  1.0000000   -2.4833190e-16  2.4987895e-17  2.2688099e-16  1.1517759e-16  -1.6094584e-16  3.8225418e-16  -3.5467067e-16  -1.0198262e-15  1.0140692e-15  -1.1303566e-16  -4.5389989e-16  -4.8641709e-16  5.1199076e-16  4.1405758e-16  7.3472014e-16  -5.1145922e-16  -4.4686166e-16  1.7859838e-16  -9.3275625e-17  1.0086869e-16  -2.0823739e-17  3.7926287e-16  1.4009627e-17  -7.5243880e-16  -4.0735414e-16  -6.4298568e-16  5.4314500e-16  -7.3295755e-16  -1.0266565e-16  -2.7137817e-16  1.0000000   -2.4833190e-16  2.4987895e-17  2.2688099e-16  1.1517759e-16  -1.6094584e-16  3.8225418e-16  -3.5467067e-16  -1.0198262e-15  1.0140692e-15  -1.1303566e-16  -4.5389989e-16  -4.8641709e-16  5.1199076e-16  4.1405758e-16  7.3472014e-16  -5.1145922e-16  -4.4686166e-16  1.7859838e-16  -9.3275625e-17  1.0086869e-16  -2.0823739e-17  3.7926287e-16  1.4009627e-17  
-1.2807096e-16  -5.5924309e-16  9.5794266e-16  -3.8588389e-16  1.0219317e-16  1.7882675e-15  3.2724356e-16  -2.4833190e-16  1.0000000   7.1669162e-17  1.1198496e-16  1.7390736e-16  -3.6894331e-16  -9.3658431e-17  1.0043540e-16  3.4285940e-16  5.3042531e-16  9.1286920e-16  -2.7719824e-16  -5.0910843e-16  7.0880207e-16  -2.7159081e-16  1.3641134e-16  -7.4684197e-16  -3.5620344e-16  6.7059399e-16  -4.8337039e-16  -4.6307870e-16  6.0829856e-16  8.5028765e-16  1.5767480e-16  -1.2807096e-16  -5.5924309e-16  9.5794266e-16  -3.8588389e-16  1.0219317e-16  1.7882675e-15  3.2724356e-16  -2.4833190e-16  1.0000000   7.1669162e-17  1.1198496e-16  1.7390736e-16  -3.6894331e-16  -9.3658431e-17  1.0043540e-16  3.4285940e-16  5.3042531e-16  9.1286920e-16  -2.7719824e-16  -5.0910843e-16  7.0880207e-16  -2.7159081e-16  1.3641134e-16  -7.4684197e-16  -3.5620344e-16  6.7059399e-16  -4.8337039e-16  -4.6307870e-16  6.0829856e-16  8.5028765e-16  1.5767480e-16  
-1.6236673e-16  -7.6051510e-16  2.4992671e-16  6.2287850e-16  6.2466351e-16  3.5362632e-16  -2.1348084e-16  2.4987895e-17  7.1669162e-17  1.0000000   -8.9268799e-16  7.4525327e-17  -5.6676271e-16  -2.6055473e-16  5.9788580e-16  -3.0735806e-16  6.2167084e-17  4.4077335e-16  -4.8785470e-16  -2.7967586e-16  3.5351880e-16  -3.0434855e-16  8.7120648e-16  -6.1195556e-16  5.0018437e-17  -8.2863658e-17  2.5946166e-16  2.6423809e-16  1.7015528e-16  -1.6511456e-16  -5.6111280e-16  -1.6236673e-16  -7.6051510e-16  2.4992671e-16  6.2287850e-16  6.2466351e-16  3.5362632e-16  -2.1348084e-16  2.4987895e-17  7.1669162e-17  1.0000000   -8.9268799e-16  7.4525327e-17  -5.6676271e-16  -2.6055473e-16  5.9788580e-16  -3.0735806e-16  6.2167084e-17  4.4077335e-16  -4.8785470e-16  -2.7967586e-16  3.5351880e-16  -3.0434855e-16  8.7120648e-16  -6.1195556e-16  5.0018437e-17  -8.2863658e-17  2.5946166e-16  2.6423809e-16  1.7015528e-16  -1.6511456e-16  -5.6111280e-16  
5.0874168e-16  -6.0606336e-17  2.2986778e-16  5.9784121e-17  7.5453685e-16  5.9554836e-16  -1.6386804e-16  2.2688099e-16  1.1198496e-16  -8.9268799e-16  1.0000000   5.0881620e-17  -4.5996586e-16  5.1005495e-16  -1.9444667e-18  4.5739952e-16  3.7877223e-16  -8.7169431e-16  5.9638534e-16  -8.4087598e-16  7.2840522e-16  -2.3789274e-16  1.3289927e-17  -3.8167768e-18  -4.4285222e-16  -4.2859923e-16  1.3634468e-16  3.6437757e-16  5.8949136e-16  4.4146693e-16  -4.7935308e-17  5.0874168e-16  -6.0606336e-17  2.2986778e-16  5.9784121e-17  7.5453685e-16  5.9554836e-16  -1.6386804e-16  2.2688099e-16  1.1198496e-16  -8.9268799e-16  1.0000000   5.0881620e-17  -4.5996586e-16  5.1005495e-16  -1.9444667e-18  4.5739952e-16  3.7877223e-16  -8.7169431e-16  5.9638534e-16  -8.4087598e-16  7.2840522e-16  -2.3789274e-16  1.3289927e-17  -3.8167768e-18  -4.4285222e-16  -4.2859923e-16  1.3634468e-16  3.6437757e-16  5.8949136e-16  4.4146693e-16  -4.7935308e-17  
4.6497690e-16  -4.9518768e-16  1.4347167e-16  2.3626471e-16  -7.3436842e-16  -8.1722056e-17  -1.3779780e-15  1.1517759e-16  1.7390736e-16  7.4525327e-17  5.0881620e-17  1.0000000   -1.1513365e-16  -4.3628788e-16  5.8860527e-16  -1.0858027e-16  5.2873103e-16  -3.5567584e-16  -1.9715641e-17  -1.6360715e-16  4.6597012e-17  8.6606340e-17  -2.6548852e-16  1.7198481e-16  1.6582308e-16  -2.2933675e-16  -1.4380932e-16  -1.6547859e-16  -1.1172618e-16  2.6523086e-16  5.7975262e-16  4.6497690e-16  -4.9518768e-16  1.4347167e-16  2.3626471e-16  -7.3436842e-16  -8.1722056e-17  -1.3779780e-15  1.1517759e-16  1.7390736e-16  7.4525327e-17  5.0881620e-17  1.0000000   -1.1513365e-16  -4.3628788e-16  5.8860527e-16  -1.0858027e-16  5.2873103e-16  -3.5567584e-16  -1.9715641e-17  -1.6360715e-16  4.6597012e-17  8.6606340e-17  -2.6548852e-16  1.7198481e-16  1.6582308e-16  -2.2933675e-16  -1.4380932e-16  -1.6547859e-16  -1.1172618e-16  2.6523086e-16  5.7975262e-16  
7.4497168e-17  1.5024153e-16  -2.3750438e-16  8.1455729e-16  -9.1019581e-16  8.7742359e-16  -9.6637517e-17  -1.6094584e-16  -3.6894331e-16  -5.6676271e-16  -4.5996586e-16  -1.1513365e-16  1.0000000   -5.7970051e-16  -2.0601921e-16  -3.9995205e-16  3.5749565e-17  1.3189071e-16  2.3598617e-16  6.3857377e-17  -5.2419220e-16  -9.1141754e-17  1.0170781e-15  5.8586626e-16  2.0104364e-16  -2.8939122e-16  4.3065421e-16  -1.1332250e-16  -4.7774505e-16  2.0409606e-16  3.3740664e-16  7.4497168e-17  1.5024153e-16  -2.3750438e-16  8.1455729e-16  -9.1019581e-16  8.7742359e-16  -9.6637517e-17  -1.6094584e-16  -3.6894331e-16  -5.6676271e-16  -4.5996586e-16  -1.1513365e-16  1.0000000   -5.7970051e-16  -2.0601921e-16  -3.9995205e-16  3.5749565e-17  1.3189071e-16  2.3598617e-16  6.3857377e-17  -5.2419220e-16  -9.1141754e-17  1.0170781e-15  5.8586626e-16  2.0104364e-16  -2.8939122e-16  4.3065421e-16  -1.1332250e-16  -4.7774505e-16  2.0409606e-16  3.3740664e-16  
6.4475351e-17  4.4701785e-16  5.2858116e-16  1.3580397e-16  -1.0167433e-15  -3.1241008e-16  2.9064370e-16  3.8225418e-16  -9.3658431e-17  -2.6055473e-16  5.1005495e-16  -4.3628788e-16  -5.7970051e-16  1.0000000   1.2576342e-16  -6.4669909e-16  -1.4042676e-17  -5.0295182e-17  2.7348521e-16  1.1537394e-16  -2.7223220e-16  1.4530459e-16  2.0448890e-16  -3.3883749e-16  -1.6811524e-16  8.4884394e-16  4.3655217e-16  -4.4597472e-16  1.3660835e-16  -5.7681163e-17  4.4234407e-16  6.4475351e-17  4.4701785e-16  5.2858116e-16  1.3580397e-16  -1.0167433e-15  -3.1241008e-16  2.9064370e-16  3.8225418e-16  -9.3658431e-17  -2.6055473e-16  5.1005495e-16  -4.3628788e-16  -5.7970051e-16  1.0000000   1.2576342e-16  -6.4669909e-16  -1.4042676e-17  -5.0295182e-17  2.7348521e-16  1.1537394e-16  -2.7223220e-16  1.4530459e-16  2.0448890e-16  -3.3883749e-16  -1.6811524e-16  8.4884394e-16  4.3655217e-16  -4.4597472e-16  1.3660835e-16  -5.7681163e-17  4.4234407e-16  
5.0072408e-16  4.1875180e-16  -1.5279277e-16  -3.4943607e-16  2.4050298e-16  7.4491049e-16  -7.5534851e-16  -3.5467067e-16  1.0043540e-16  5.9788580e-16  -1.9444667e-18  5.8860527e-16  -2.0601921e-16  1.2576342e-16  1.0000000   7.3561406e-16  -1.8358333e-16  3.6342316e-16  7.2734370e-16  -2.1379875e-16  -2.7250248e-16  -6.2723314e-16  1.7270793e-16  2.1956265e-16  -2.6274509e-16  -1.2496978e-16  4.2060414e-18  -3.4544894e-16  1.7185231e-16  1.3434177e-17  1.1588153e-16  5.0072408e-16  4.1875180e-16  -1.5279277e-16  -3.4943607e-16  2.4050298e-16  7.4491049e-16  -7.5534851e-16  -3.5467067e-16  1.0043540e-16  5.9788580e-16  -1.9444667e-18  5.8860527e-16  -2.0601921e-16  1.2576342e-16  1.0000000   7.3561406e-16  -1.8358333e-16  3.6342316e-16  7.2734370e-16  -2.1379875e-16  -2.7250248e-16  -6.2723314e-16  1.7270793e-16  2.1956265e-16  -2.6274509e-16  -1.2496978e-16  4.2060414e-18  -3.4544894e-16  1.7185231e-16  1.3434177e-17  1.1588153e-16  
-3.1780200e-16  4.4241503e-17  2.9560214e-16  -9.5650139e-16  -6.5934427e-16  -6.6457355e-16  2.0859998e-16  -1.0198262e-15  3.4285940e-16  -3.0735806e-16  4.5739952e-16  -1.0858027e-16  -3.9995205e-16  -6.4669909e-16  7.3561406e-16  1.0000000   1.8423700e-16  3.0595215e-16  3.6214643e-16  6.2919619e-16  2.3781903e-16  2.9978808e-16  -6.5808207e-16  7.2524406e-16  -5.4393912e-17  1.2951393e-17  -1.1041392e-16  4.0316106e-16  -2.3050703e-16  5.3617693e-16  4.5116428e-16  -3.1780200e-16  4.4241503e-17  2.9560214e-16  -9.5650139e-16  -6.5934427e-16  -6.6457355e-16  2.0859998e-16  -1.0198262e-15  3.4285940e-16  -3.0735806e-16  4.5739952e-16  -1.0858027e-16  -3.9995205e-16  -6.4669909e-16  7.3561406e-16  1.0000000   1.8423700e-16  3.0595215e-16  3.6214643e-16  6.2919619e-16  2.3781903e-16  2.9978808e-16  -6.5808207e-16  7.2524406e-16  -5.4393912e-17  1.2951393e-17  -1.1041392e-16  4.0316106e-16  -2.3050703e-16  5.3617693e-16  4.5116428e-16  
-3.0538973e-16  -1.1006344e-16  -8.7661403e-16  -8.1681631e-16  6.2848729e-16  -2.2431665e-17  2.5772104e-16  1.0140692e-15  5.3042531e-16  6.2167084e-17  3.7877223e-16  5.2873103e-16  3.5749565e-17  -1.4042676e-17  -1.8358333e-16  1.8423700e-16  1.0000000   -1.7302133e-16  -2.3016845e-16  1.8485490e-16  -2.5559887e-17  -2.1778739e-18  -5.0786323e-16  -5.4367556e-16  5.3249226e-16  -3.5997005e-16  2.2569637e-17  -2.4554953e-16  4.9148846e-17  -1.8241257e-17  2.7149244e-16  -3.0538973e-16  -1.1006344e-16  -8.7661403e-16  -8.1681631e-16  6.2848729e-16  -2.2431665e-17  2.5772104e-16  1.0140692e-15  5.3042531e-16  6.2167084e-17  3.7877223e-16  5.2873103e-16  3.5749565e-17  -1.4042676e-17  -1.8358333e-16  1.8423700e-16  1.0000000   -1.7302133e-16  -2.3016845e-16  1.8485490e-16  -2.5559887e-17  -2.1778739e-18  -5.0786323e-16  -5.4367556e-16  5.3249226e-16  -3.5997005e-16  2.2569637e-17  -2.4554953e-16  4.9148846e-17  -1.8241257e-17  2.7149244e-16  
4.3842687e-16  2.7393111e-16  -5.7546540e-16  4.4566679e-16  1.8712162e-16  -2.2132968e-17  -2.1670009e-16  -1.1303566e-16  9.1286920e-16  4.4077335e-16  -8.7169431e-16  -3.5567584e-16  1.3189071e-16  -5.0295182e-17  3.6342316e-16  3.0595215e-16  -1.7302133e-16  1.0000000   5.1173123e-16  1.9083193e-16  5.5764651e-16  -4.4319639e-17  1.7991352e-16  -4.5677503e-16  -1.7784160e-16  3.7901482e-17  3.6159876e-16  6.4722482e-17  7.2406671e-16  3.1023923e-16  6.3728840e-18  4.3842687e-16  2.7393111e-16  -5.7546540e-16  4.4566679e-16  1.8712162e-16  -2.2132968e-17  -2.1670009e-16  -1.1303566e-16  9.1286920e-16  4.4077335e-16  -8.7169431e-16  -3.5567584e-16  1.3189071e-16  -5.0295182e-17  3.6342316e-16  3.0595215e-16  -1.7302133e-16  1.0000000   5.1173123e-16  1.9083193e-16  5.5764651e-16  -4.4319639e-17  1.7991352e-16  -4.5677503e-16  -1.7784160e-16  3.7901482e-17  3.6159876e-16  6.4722482e-17  7.2406671e-16  3.1023923e-16  6.3728840e-18  
3.0830959e-16  -3.9650417e-16  4.9386564e-16  -7.3915858e-16  3.4462730e-16  -9.6930204e-16  8.8567186e-16  -4.5389989e-16  -2.7719824e-16  -4.8785470e-16  5.9638534e-16  -1.9715641e-17  2.3598617e-16  2.7348521e-16  7.2734370e-16  3.6214643e-16  -2.3016845e-16  5.1173123e-16  1.0000000   -2.8266178e-16  1.6522838e-16  3.3460152e-16  3.4305535e-16  -2.0730753e-16  6.2265397e-16  7.0396299e-17  1.8962402e-16  3.9908387e-16  -5.8922206e-17  4.0071922e-16  1.9783959e-16  3.0830959e-16  -3.9650417e-16  4.9386564e-16  -7.3915858e-16  3.4462730e-16  -9.6930204e-16  8.8567186e-16  -4.5389989e-16  -2.7719824e-16  -4.8785470e-16  5.9638534e-16  -1.9715641e-17  2.3598617e-16  2.7348521e-16  7.2734370e-16  3.6214643e-16  -2.3016845e-16  5.1173123e-16  1.0000000   -2.8266178e-16  1.6522838e-16  3.3460152e-16  3.4305535e-16  -2.0730753e-16  6.2265397e-16  7.0396299e-17  1.8962402e-16  3.9908387e-16  -5.8922206e-17  4.0071922e-16  1.9783959e-16  
-1.7835296e-17  6.4598013e-16  -2.8918088e-16  6.1391249e-16  -5.6142442e-17  6.2321747e-16  2.1628564e-16  -4.8641709e-16  -5.0910843e-16  -2.7967586e-16  -8.4087598e-16  -1.6360715e-16  6.3857377e-17  1.1537394e-16  -2.1379875e-16  6.2919619e-16  1.8485490e-16  1.9083193e-16  -2.8266178e-16  1.0000000   3.6331833e-16  -5.4386571e-16  -3.8601247e-16  4.6796462e-16  -3.2063274e-16  -4.6987493e-16  1.5731726e-16  3.3878575e-17  8.0090386e-16  -8.8674946e-17  2.2112887e-16  -1.7835296e-17  6.4598013e-16  -2.8918088e-16  6.1391249e-16  -5.6142442e-17  6.2321747e-16  2.1628564e-16  -4.8641709e-16  -5.0910843e-16  -2.7967586e-16  -8.4087598e-16  -1.6360715e-16  6.3857377e-17  1.1537394e-16  -2.1379875e-16  6.2919619e-16  1.8485490e-16  1.9083193e-16  -2.8266178e-16  1.0000000   3.6331833e-16  -5.4386571e-16  -3.8601247e-16  4.6796462e-16  -3.2063274e-16  -4.6987493e-16  1.5731726e-16  3.3878575e-17  8.0090386e-16  -8.8674946e-17  2.2112887e-16  
-1.2543492e-16  -7.4627434e-16  -4.5733631e-16  -8.2809580e-17  -4.1880234e-16  -5.4910788e-17  -9.4510451e-17  5.1199076e-16  7.0880207e-16  3.5351880e-16  7.2840522e-16  4.6597012e-17  -5.2419220e-16  -2.7223220e-16  -2.7250248e-16  2.3781903e-16  -2.5559887e-17  5.5764651e-16  1.6522838e-16  3.6331833e-16  1.0000000   -9.8874068e-16  -2.9517568e-16  -8.7226824e-16  -4.7974677e-16  4.2340422e-16  -4.9996035e-16  -5.6558479e-18  -5.3804914e-19  -3.9590328e-16  2.5150714e-16  -1.2543492e-16  -7.4627434e-16  -4.5733631e-16  -8.2809580e-17  -4.1880234e-16  -5.4910788e-17  -9.4510451e-17  5.1199076e-16  7.0880207e-16  3.5351880e-16  7.2840522e-16  4.6597012e-17  -5.2419220e-16  -2.7223220e-16  -2.7250248e-16  2.3781903e-16  -2.5559887e-17  5.5764651e-16  1.6522838e-16  3.6331833e-16  1.0000000   -9.8874068e-16  -2.9517568e-16  -8.7226824e-16  -4.7974677e-16  4.2340422e-16  -4.9996035e-16  -5.6558479e-18  -5.3804914e-19  -3.9590328e-16  2.5150714e-16  
3.9081656e-16  -1.3831180e-16  -3.0029267e-16  6.0662834e-16  -5.5061991e-16  1.3091205e-16  8.5962141e-17  4.1405758e-16  -2.7159081e-16  -3.0434855e-16  -2.3789274e-16  8.6606340e-17  -9.1141754e-17  1.4530459e-16  -6.2723314e-16  2.9978808e-16  -2.1778739e-18  -4.4319639e-17  3.3460152e-16  -5.4386571e-16  -9.8874068e-16  1.0000000   -7.5444933e-17  1.7673888e-18  4.1111196e-16  -1.4666582e-16  6.8351928e-16  -2.1811269e-16  6.3763521e-16  3.7519485e-16  -2.7952251e-16  3.9081656e-16  -1.3831180e-16  -3.0029267e-16  6.0662834e-16  -5.5061991e-16  1.3091205e-16  8.5962141e-17  4.1405758e-16  -2.7159081e-16  -3.0434855e-16  -2.3789274e-16  8.6606340e-17  -9.1141754e-17  1.4530459e-16  -6.2723314e-16  2.9978808e-16  -2.1778739e-18  -4.4319639e-17  3.3460152e-16  -5.4386571e-16  -9.8874068e-16  1.0000000   -7.5444933e-17  1.7673888e-18  4.1111196e-16  -1.4666582e-16  6.8351928e-16  -2.1811269e-16  6.3763521e-16  3.7519485e-16  -2.7952251e-16  
3.5082556e-17  -8.6084933e-16  -5.8464175e-16  7.3595999e-16  2.3307528e-17  2.7692970e-16  2.9132872e-16  7.3472014e-16  1.3641134e-16  8.7120648e-16  1.3289927e-17  -2.6548852e-16  1.0170781e-15  2.0448890e-16  1.7270793e-16  -6.5808207e-16  -5.0786323e-16  1.7991352e-16  3.4305535e-16  -3.8601247e-16  -2.9517568e-16  -7.5444933e-17  1.0000000   -1.8020306e-16  -5.5794762e-17  3.4798395e-16  6.7904522e-17  -3.0714430e-16  -3.7367646e-16  -3.4688895e-16  -8.1271651e-17  3.5082556e-17  -8.6084933e-16  -5.8464175e-16  7.3595999e-16  2.3307528e-17  2.7692970e-16  2.9132872e-16  7.3472014e-16  1.3641134e-16  8.7120648e-16  1.3289927e-17  -2.6548852e-16  1.0170781e-15  2.0448890e-16  1.7270793e-16  -6.5808207e-16  -5.0786323e-16  1.7991352e-16  3.4305535e-16  -3.8601247e-16  -2.9517568e-16  -7.5444933e-17  1.0000000   -1.8020306e-16  -5.5794762e-17  3.4798395e-16  6.7904522e-17  -3.0714430e-16  -3.7367646e-16  -3.4688895e-16  -8.1271651e-17  
4.7598826e-17  4.8108893e-16  7.2128164e-16  -1.9377463e-16  -7.4655508e-16  -3.9400847e-16  1.2922804e-16  -5.1145922e-16  -7.4684197e-16  -6.1195556e-16  -3.8167768e-18  1.7198481e-16  5.8586626e-16  -3.3883749e-16  2.1956265e-16  7.2524406e-16  -5.4367556e-16  -4.5677503e-16  -2.0730753e-16  4.6796462e-16  -8.7226824e-16  1.7673888e-18  -1.8020306e-16  1.0000000   -4.7270387e-16  3.4970516e-18  6.7957038e-16  -2.3734540e-16  1.7556934e-16  -3.8796501e-16  -1.4289877e-16  4.7598826e-17  4.8108893e-16  7.2128164e-16  -1.9377463e-16  -7.4655508e-16  -3.9400847e-16  1.2922804e-16  -5.1145922e-16  -7.4684197e-16  -6.1195556e-16  -3.8167768e-18  1.7198481e-16  5.8586626e-16  -3.3883749e-16  2.1956265e-16  7.2524406e-16  -5.4367556e-16  -4.5677503e-16  -2.0730753e-16  4.6796462e-16  -8.7226824e-16  1.7673888e-18  -1.8020306e-16  1.0000000   -4.7270387e-16  3.4970516e-18  6.7957038e-16  -2.3734540e-16  1.7556934e-16  -3.8796501e-16  -1.4289877e-16  
-1.3069193e-16  3.7849444e-16  3.0693764e-16  -1.8352693e-16  -4.5093556e-17  1.5954494e-16  -8.0440331e-16  -4.4686166e-16  -3.5620344e-16  5.0018437e-17  -4.4285222e-16  1.6582308e-16  2.0104364e-16  -1.6811524e-16  -2.6274509e-16  -5.4393912e-17  5.3249226e-16  -1.7784160e-16  6.2265397e-16  -3.2063274e-16  -4.7974677e-16  4.1111196e-16  -5.5794762e-17  -4.7270387e-16  1.0000000   -7.5032349e-17  5.8246909e-16  1.9555438e-16  3.5396536e-16  4.5179185e-16  3.8894731e-17  -1.3069193e-16  3.7849444e-16  3.0693764e-16  -1.8352693e-16  -4.5093556e-17  1.5954494e-16  -8.0440331e-16  -4.4686166e-16  -3.5620344e-16  5.0018437e-17  -4.4285222e-16  1.6582308e-16  2.0104364e-16  -1.6811524e-16  -2.6274509e-16  -5.4393912e-17  5.3249226e-16  -1.7784160e-16  6.2265397e-16  -3.2063274e-16  -4.7974677e-16  4.1111196e-16  -5.5794762e-17  -4.7270387e-16  1.0000000   -7.5032349e-17  5.8246909e-16  1.9555438e-16  3.5396536e-16  4.5179185e-16  3.8894731e-17  
8.1695090e-17  -7.4463478e-16  3.8554467e-16  -4.0307834e-16  -2.8998023e-16  1.9895934e-16  -3.6296089e-16  1.7859838e-16  6.7059399e-16  -8.2863658e-17  -4.2859923e-16  -2.2933675e-16  -2.8939122e-16  8.4884394e-16  -1.2496978e-16  1.2951393e-17  -3.5997005e-16  3.7901482e-17  7.0396299e-17  -4.6987493e-16  4.2340422e-16  -1.4666582e-16  3.4798395e-16  3.4970516e-18  -7.5032349e-17  1.0000000   -1.6585393e-16  3.5198481e-16  6.6863987e-18  -1.0281754e-16  -1.2435817e-16  8.1695090e-17  -7.4463478e-16  3.8554467e-16  -4.0307834e-16  -2.8998023e-16  1.9895934e-16  -3.6296089e-16  1.7859838e-16  6.7059399e-16  -8.2863658e-17  -4.2859923e-16  -2.2933675e-16  -2.8939122e-16  8.4884394e-16  -1.2496978e-16  1.2951393e-17  -3.5997005e-16  3.7901482e-17  7.0396299e-17  -4.6987493e-16  4.2340422e-16  -1.4666582e-16  3.4798395e-16  3.4970516e-18  -7.5032349e-17  1.0000000   -1.6585393e-16  3.5198481e-16  6.6863987e-18  -1.0281754e-16  -1.2435817e-16  
3.0562258e-16  5.0218320e-16  -2.3366027e-16  -3.5084267e-17  -1.0841754e-16  -2.9939212e-16  -7.0169234e-16  -9.3275625e-17  -4.8337039e-16  2.5946166e-16  1.3634468e-16  -1.4380932e-16  4.3065421e-16  4.3655217e-16  4.2060414e-18  -1.1041392e-16  2.2569637e-17  3.6159876e-16  1.8962402e-16  1.5731726e-16  -4.9996035e-16  6.8351928e-16  6.7904522e-17  6.7957038e-16  5.8246909e-16  -1.6585393e-16  1.0000000   3.1525524e-16  1.3493509e-17  9.1831020e-16  4.9577467e-18  3.0562258e-16  5.0218320e-16  -2.3366027e-16  -3.5084267e-17  -1.0841754e-16  -2.9939212e-16  -7.0169234e-16  -9.3275625e-17  -4.8337039e-16  2.5946166e-16  1.3634468e-16  -1.4380932e-16  4.3065421e-16  4.3655217e-16  4.2060414e-18  -1.1041392e-16  2.2569637e-17  3.6159876e-16  1.8962402e-16  1.5731726e-16  -4.9996035e-16  6.8351928e-16  6.7904522e-17  6.7957038e-16  5.8246909e-16  -1.6585393e-16  1.0000000   3.1525524e-16  1.3493509e-17  9.1831020e-16  4.9577467e-18  
1.7553904e-16  2.4664475e-16  -2.4667118e-16  -5.3890967e-16  -8.2464084e-17  5.8922575e-16  -3.9677938e-17  1.0086869e-16  -4.6307870e-16  2.6423809e-16  3.6437757e-16  -1.6547859e-16  -1.1332250e-16  -4.4597472e-16  -3.4544894e-16  4.0316106e-16  -2.4554953e-16  6.4722482e-17  3.9908387e-16  3.3878575e-17  -5.6558479e-18  -2.1811269e-16  -3.0714430e-16  -2.3734540e-16  1.9555438e-16  3.5198481e-16  3.1525524e-16  1.0000000   2.9152150e-16  9.7123865e-17  3.6475364e-16  1.7553904e-16  2.4664475e-16  -2.4667118e-16  -5.3890967e-16  -8.2464084e-17  5.8922575e-16  -3.9677938e-17  1.0086869e-16  -4.6307870e-16  2.6423809e-16  3.6437757e-16  -1.6547859e-16  -1.1332250e-16  -4.4597472e-16  -3.4544894e-16  4.0316106e-16  -2.4554953e-16  6.4722482e-17  3.9908387e-16  3.3878575e-17  -5.6558479e-18  -2.1811269e-16  -3.0714430e-16  -2.3734540e-16  1.9555438e-16  3.5198481e-16  3.1525524e-16  1.0000000   2.9152150e-16  9.7123865e-17  3.6475364e-16  
9.4920821e-17  -9.1023276e-17  -7.9013272e-17  2.8703377e-16  4.0437230e-16  -9.1116111e-17  1.3272448e-15  -2.0823739e-17  6.0829856e-16  1.7015528e-16  5.8949136e-16  -1.1172618e-16  -4.7774505e-16  1.3660835e-16  1.7185231e-16  -2.3050703e-16  4.9148846e-17  7.2406671e-16  -5.8922206e-17  8.0090386e-16  -5.3804914e-19  6.3763521e-16  -3.7367646e-16  1.7556934e-16  3.5396536e-16  6.6863987e-18  1.3493509e-17  2.9152150e-16  1.0000000   -3.2753558e-16  6.3103829e-16  9.4920821e-17  -9.1023276e-17  -7.9013272e-17  2.8703377e-16  4.0437230e-16  -9.1116111e-17  1.3272448e-15  -2.0823739e-17  6.0829856e-16  1.7015528e-16  5.8949136e-16  -1.1172618e-16  -4.7774505e-16  1.3660835e-16  1.7185231e-16  -2.3050703e-16  4.9148846e-17  7.2406671e-16  -5.8922206e-17  8.0090386e-16  -5.3804914e-19  6.3763521e-16  -3.7367646e-16  1.7556934e-16  3.5396536e-16  6.6863987e-18  1.3493509e-17  2.9152150e-16  1.0000000   -3.2753558e-16  6.3103829e-16  
1.2256598e-16  9.2801004e-16  -5.3353145e-16  2.6514659e-16  -3.8484692e-16  -1.8814517e-16  5.4311777e-17  3.7926287e-16  8.5028765e-16  -1.6511456e-16  4.4146693e-16  2.6523086e-16  2.0409606e-16  -5.7681163e-17  1.3434177e-17  5.3617693e-16  -1.8241257e-17  3.1023923e-16  4.0071922e-16  -8.8674946e-17  -3.9590328e-16  3.7519485e-16  -3.4688895e-16  -3.8796501e-16  4.5179185e-16  -1.0281754e-16  9.1831020e-16  9.7123865e-17  -3.2753558e-16  1.0000000   -3.3782311e-16  1.2256598e-16  9.2801004e-16  -5.3353145e-16  2.6514659e-16  -3.8484692e-16  -1.8814517e-16  5.4311777e-17  3.7926287e-16  8.5028765e-16  -1.6511456e-16  4.4146693e-16  2.6523086e-16  2.0409606e-16  -5.7681163e-17  1.3434177e-17  5.3617693e-16  -1.8241257e-17  3.1023923e-16  4.0071922e-16  -8.8674946e-17  -3.9590328e-16  3.7519485e-16  -3.4688895e-16  -3.8796501e-16  4.5179185e-16  -1.0281754e-16  9.1831020e-16  9.7123865e-17  -3.2753558e-16  1.0000000   -3.3782311e-16  
-1.8955301e-16  2.4167127e-16  1.3799427e-17  -4.1650167e-16  6.6869113e-16  3.0394104e-16  1.5624448e-16  1.4009627e-17  1.5767480e-16  -5.6111280e-16  -4.7935308e-17  5.7975262e-16  3.3740664e-16  4.4234407e-16  1.1588153e-16  4.5116428e-16  2.7149244e-16  6.3728840e-18  1.9783959e-16  2.2112887e-16  2.5150714e-16  -2.7952251e-16  -8.1271651e-17  -1.4289877e-16  3.8894731e-17  -1.2435817e-16  4.9577467e-18  3.6475364e-16  6.3103829e-16  -3.3782311e-16  1.0000000   -1.8955301e-16  2.4167127e-16  1.3799427e-17  -4.1650167e-16  6.6869113e-16  3.0394104e-16  1.5624448e-16  1.4009627e-17  1.5767480e-16  -5.6111280e-16  -4.7935308e-17  5.7975262e-16  3.3740664e-16  4.4234407e-16  1.1588153e-16  4.5116428e-16  2.7149244e-16  6.3728840e-18  1.9783959e-16  2.2112887e-16  2.5150714e-16  -2.7952251e-16  -8.1271651e-17  -1.4289877e-16  3.8894731e-17  -1.2435817e-16  4.9577467e-18  3.6475364e-16  6.3103829e-16  -3.3782311e-16  1.0000000   
1.0000000   -1.2362222e-16  1.8959324e-17  3.0909341e-16  6.4476363e-17  -1.4504429e-16  7.8326854e-16  -7.5243880e-16  -1.2807096e-16  -1.6236673e-16  5.0874168e-16  4.6497690e-16  7.4497168e-17  6.4475351e-17  5.0072408e-16  -3.1780200e-16  -3.0538973e-16  4.3842687e-16  3.0830959e-16  -1.7835296e-17  -1.2543492e-16  3.9081656e-16  3.5082556e-17  4.7598826e-17  -1.3069193e-16  8.1695090e-17  3.0562258e-16  1.7553904e-16  9.4920821e-17  1.2256598e-16  -1.8955301e-16  1.0000000   -1.2362222e-16  1.8959324e-17  3.0909341e-16  6.4476363e-17  -1.4504429e-16  7.8326854e-16  -7.5243880e-16  -1.2807096e-16  -1.6236673e-16  5.0874168e-16  4.6497690e-16  7.4497168e-17  6.4475351e-17  5.0072408e-16  -3.1780200e-16  -3.0538973e-16  4.3842687e-16  3.0830959e-16  -1.7835296e-17  -1.2543492e-16  3.9081656e-16  3.5082556e-17  4.7598826e-17  -1.3069193e-16  8.1695090e-17  3.0562258e-16  1.7553904e-16  9.4920821e-17  1.2256598e-16  -1.8955301e-16  
-1.2362222e-16  1.0000000   1.0862495e-15  8.4301535e-17  2.5293631e-17  -1.5887622e-16  -3.1855869e-17  -4.0735414e-16  -5.5924309e-16  -7.6051510e-16  -6.0606336e-17  -4.9518768e-16  1.5024153e-16  4.4701785e-16  4.1875180e-16  4.4241503e-17  -1.1006344e-16  2.7393111e-16  -3.9650417e-16  6.4598013e-16  -7.4627434e-16  -1.3831180e-16  -8.6084933e-16  4.8108893e-16  3.7849444e-16  -7.4463478e-16  5.0218320e-16  2.4664475e-16  -9.1023276e-17  9.2801004e-16  2.4167127e-16  -1.2362222e-16  1.0000000   1.0862495e-15  8.4301535e-17  2.5293631e-17  -1.5887622e-16  -3.1855869e-17  -4.0735414e-16  -5.5924309e-16  -7.6051510e-16  -6.0606336e-17  -4.9518768e-16  1.5024153e-16  4.4701785e-16  4.1875180e-16  4.4241503e-17  -1.1006344e-16  2.7393111e-16  -3.9650417e-16  6.4598013e-16  -7.4627434e-16  -1.3831180e-16  -8.6084933e-16  4.8108893e-16  3.7849444e-16  -7.4463478e-16  5.0218320e-16  2.4664475e-16  -9.1023276e-17  9.2801004e-16  2.4167127e-16  
1.8959324e-17  1.0862495e-15  1.0000000   3.0739402e-16  5.2862873e-17  5.4705136e-16  -7.4483711e-16  -6.4298568e-16  9.5794266e-16  2.4992671e-16  2.2986778e-16  1.4347167e-16  -2.3750438e-16  5.2858116e-16  -1.5279277e-16  2.9560214e-16  -8.7661403e-16  -5.7546540e-16  4.9386564e-16  -2.8918088e-16  -4.5733631e-16  -3.0029267e-16  -5.8464175e-16  7.2128164e-16  3.0693764e-16  3.8554467e-16  -2.3366027e-16  -2.4667118e-16  -7.9013272e-17  -5.3353145e-16  1.3799427e-17  1.8959324e-17  1.0862495e-15  1.0000000   3.0739402e-16  5.2862873e-17  5.4705136e-16  -7.4483711e-16  -6.4298568e-16  9.5794266e-16  2.4992671e-16  2.2986778e-16  1.4347167e-16  -2.3750438e-16  5.2858116e-16  -1.5279277e-16  2.9560214e-16  -8.7661403e-16  -5.7546540e-16  4.9386564e-16  -2.8918088e-16  -4.5733631e-16  -3.0029267e-16  -5.8464175e-16  7.2128164e-16  3.0693764e-16  3.8554467e-16  -2.3366027e-16  -2.4667118e-16  -7.9013272e-17  -5.3353145e-16  1.3799427e-17  
3.0909341e-16  8.4301535e-17  3.0739402e-16  1.0000000   3.3149563e-16  6.1929980e-16  -3.7956674e-16  5.4314500e-16  -3.8588389e-16  6.2287850e-16  5.9784121e-17  2.3626471e-16  8.1455729e-16  1.3580397e-16  -3.4943607e-16  -9.5650139e-16  -8.1681631e-16  4.4566679e-16  -7.3915858e-16  6.1391249e-16  -8.2809580e-17  6.0662834e-16  7.3595999e-16  -1.9377463e-16  -1.8352693e-16  -4.0307834e-16  -3.5084267e-17  -5.3890967e-16  2.8703377e-16  2.6514659e-16  -4.1650167e-16  3.0909341e-16  8.4301535e-17  3.0739402e-16  1.0000000   3.3149563e-16  6.1929980e-16  -3.7956674e-16  5.4314500e-16  -3.8588389e-16  6.2287850e-16  5.9784121e-17  2.3626471e-16  8.1455729e-16  1.3580397e-16  -3.4943607e-16  -9.5650139e-16  -8.1681631e-16  4.4566679e-16  -7.3915858e-16  6.1391249e-16  -8.2809580e-17  6.0662834e-16  7.3595999e-16  -1.9377463e-16  -1.8352693e-16  -4.0307834e-16  -3.5084267e-17  -5.3890967e-16  2.8703377e-16  2.6514659e-16  -4.1650167e-16  
6.4476363e-17  2.5293631e-17  5.2862873e-17  3.3149563e-16  1.0000000   2.1906238e-16  1.0337780e-15  -7.3295755e-16  1.0219317e-16  6.2466351e-16  7.5453685e-16  -7.3436842e-16  -9.1019581e-16  -1.0167433e-15  2.4050298e-16  -6.5934427e-16  6.2848729e-16  1.8712162e-16  3.4462730e-16  -5.6142442e-17  -4.1880234e-16  -5.5061991e-16  2.3307528e-17  -7.4655508e-16  -4.5093556e-17  -2.8998023e-16  -1.0841754e-16  -8.2464084e-17  4.0437230e-16  -3.8484692e-16  6.6869113e-16  6.4476363e-17  2.5293631e-17  5.2862873e-17  3.3149563e-16  1.0000000   2.1906238e-16  1.0337780e-15  -7.3295755e-16  1.0219317e-16  6.2466351e-16  7.5453685e-16  -7.3436842e-16  -9.1019581e-16  -1.0167433e-15  2.4050298e-16  -6.5934427e-16  6.2848729e-16  1.8712162e-16  3.4462730e-16  -5.6142442e-17  -4.1880234e-16  -5.5061991e-16  2.3307528e-17  -7.4655508e-16  -4.5093556e-17  -2.8998023e-16  -1.0841754e-16  -8.2464084e-17  4.0437230e-16  -3.8484692e-16  6.6869113e-16  
-1.4504429e-16  -1.5887622e-16  5.4705136e-16  6.1929980e-16  2.1906238e-16  1.0000000   -6.8359676e-16  -1.0266565e-16  1.7882675e-15  3.5362632e-16  5.9554836e-16  -8.1722056e-17  8.7742359e-16  -3.1241008e-16  7.4491049e-16  -6.6457355e-16  -2.2431665e-17  -2.2132968e-17  -9.6930204e-16  6.2321747e-16  -5.4910788e-17  1.3091205e-16  2.7692970e-16  -3.9400847e-16  1.5954494e-16  1.9895934e-16  -2.9939212e-16  5.8922575e-16  -9.1116111e-17  -1.8814517e-16  3.0394104e-16  -1.4504429e-16  -1.5887622e-16  5.4705136e-16  6.1929980e-16  2.1906238e-16  1.0000000   -6.8359676e-16  -1.0266565e-16  1.7882675e-15  3.5362632e-16  5.9554836e-16  -8.1722056e-17  8.7742359e-16  -3.1241008e-16  7.4491049e-16  -6.6457355e-16  -2.2431665e-17  -2.2132968e-17  -9.6930204e-16  6.2321747e-16  -5.4910788e-17  1.3091205e-16  2.7692970e-16  -3.9400847e-16  1.5954494e-16  1.9895934e-16  -2.9939212e-16  5.8922575e-16  -9.1116111e-17  -1.8814517e-16  3.0394104e-16  
7.8326854e-16  -3.1855869e-17  -7.4483711e-16  -3.7956674e-16  1.0337780e-15  -6.8359676e-16  1.0000000   -2.7137817e-16  3.2724356e-16  -2.1348084e-16  -1.6386804e-16  -1.3779780e-15  -9.6637517e-17  2.9064370e-16  -7.5534851e-16  2.0859998e-16  2.5772104e-16  -2.1670009e-16  8.8567186e-16  2.1628564e-16  -9.4510451e-17  8.5962141e-17  2.9132872e-16  1.2922804e-16  -8.0440331e-16  -3.6296089e-16  -7.0169234e-16  -3.9677938e-17  1.3272448e-15  5.4311777e-17  1.5624448e-16  7.8326854e-16  -3.1855869e-17  -7.4483711e-16  -3.7956674e-16  1.0337780e-15  -6.8359676e-16  1.0000000   -2.7137817e-16  3.2724356e-16  -2.1348084e-16  -1.6386804e-16  -1.3779780e-15  -9.6637517e-17  2.9064370e-16  -7.5534851e-16  2.0859998e-16  2.5772104e-16  -2.1670009e-16  8.8567186e-16  2.1628564e-16  -9.4510451e-17  8.5962141e-17  2.9132872e-16  1.2922804e-16  -8.0440331e-16  -3.6296089e-16  -7.0169234e-16  -3.9677938e-17  1.3272448e-15  5.4311777e-17  1.5624448e-16  
-7.5243880e-16  -4.0735414e-16  -6.4298568e-16  5.4314500e-16  -7.3295755e-16  -1.0266565e-16  -2.7137817e-16  1.0000000   -2.4833190e-16  2.4987895e-17  2.2688099e-16  1.1517759e-16  -1.6094584e-16  3.8225418e-16  -3.5467067e-16  -1.0198262e-15  1.0140692e-15  -1.1303566e-16  -4.5389989e-16  -4.8641709e-16  5.1199076e-16  4.1405758e-16  7.3472014e-16  -5.1145922e-16  -4.4686166e-16  1.7859838e-16  -9.3275625e-17  1.0086869e-16  -2.0823739e-17  3.7926287e-16  1.4009627e-17  -7.5243880e-16  -4.0735414e-16  -6.4298568e-16  5.4314500e-16  -7.3295755e-16  -1.0266565e-16  -2.7137817e-16  1.0000000   -2.4833190e-16  2.4987895e-17  2.2688099e-16  1.1517759e-16  -1.6094584e-16  3.8225418e-16  -3.5467067e-16  -1.0198262e-15  1.0140692e-15  -1.1303566e-16  -4.5389989e-16  -4.8641709e-16  5.1199076e-16  4.1405758e-16  7.3472014e-16  -5.1145922e-16  -4.4686166e-16  1.7859838e-16  -9.3275625e-17  1.0086869e-16  -2.0823739e-17  3.7926287e-16  1.4009627e-17  
-1.2807096e-16  -5.5924309e-16  9.5794266e-16  -3.8588389e-16  1.0219317e-16  1.7882675e-15  3.2724356e-16  -2.4833190e-16  1.0000000   7.1669162e-17  1.1198496e-16  1.7390736e-16  -3.6894331e-16  -9.3658431e-17  1.0043540e-16  3.4285940e-16  5.3042531e-16  9.1286920e-16  -2.7719824e-16  -5.0910843e-16  7.0880207e-16  -2.7159081e-16  1.3641134e-16  -7.4684197e-16  -3.5620344e-16  6.7059399e-16  -4.8337039e-16  -4.6307870e-16  6.0829856e-16  8.5028765e-16  1.5767480e-16  -1.2807096e-16  -5.5924309e-16  9.5794266e-16  -3.8588389e-16  1.0219317e-16  1.7882675e-15  3.2724356e-16  -2.4833190e-16  1.0000000   7.1669162e-17  1.1198496e-16  1.7390736e-16  -3.6894331e-16  -9.3658431e-17  1.0043540e-16  3.4285940e-16  5.3042531e-16  9.1286920e-16  -2.7719824e-16  -5.0910843e-16  7.0880207e-16  -2.7159081e-16  1.3641134e-16  -7.4684197e-16  -3.5620344e-16  6.7059399e-16  -4.8337039e-16  -4.6307870e-16  6.0829856e-16  8.5028765e-16  1.5767480e-16  
-1.6236673e-16  -7.6051510e-16  2.4992671e-16  6.2287850e-16  6.2466351e-16  3.5362632e-16  -2.1348084e-16  2.4987895e-17  7.1669162e-17  1.0000000   -8.9268799e-16  7.4525327e-17  -5.6676271e-16  -2.6055473e-16  5.9788580e-16  -3.0735806e-16  6.2167084e-17  4.4077335e-16  -4.8785470e-16  -2.7967586e-16  3.5351880e-16  -3.0434855e-16  8.7120648e-16  -6.1195556e-16  5.0018437e-17  -8.2863658e-17  2.5946166e-16  2.6423809e-16  1.7015528e-16  -1.6511456e-16  -5.6111280e-16  -1.6236673e-16  -7.6051510e-16  2.4992671e-16  6.2287850e-16  6.2466351e-16  3.5362632e-16  -2.1348084e-16  2.4987895e-17  7.1669162e-17  1.0000000   -8.9268799e-16  7.4525327e-17  -5.6676271e-16  -2.6055473e-16  5.9788580e-16  -3.0735806e-16  6.2167084e-17  4.4077335e-16  -4.8785470e-16  -2.7967586e-16  3.5351880e-16  -3.0434855e-16  8.7120648e-16  -6.1195556e-16  5.0018437e-17  -8.2863658e-17  2.5946166e-16  2.6423809e-16  1.7015528e-16  -1.6511456e-16  -5.6111280e-16  
