0.0000000   -1.5947579e-05  0.00094971381  -0.00031939980  -8.0702025e-07  -5.5209859e-06  -5.3664962e-05  8.2750638e-05  -7.2628751e-06  -6.3043597e-06  -4.6500616e-05  0.0000000   -1.5947579e-05  0.00094971381  -0.00031939980  -8.0702025e-07  -5.5209859e-06  -5.3664962e-05  8.2750638e-05  -7.2628751e-06  -6.3043597e-06  -4.6500616e-05  
1.5947579e-05  0.0000000   4.5386095e-05  -2.5692886e-05  3.4953822e-05  4.3061732e-05  2.6790379e-07  3.1822788e-06  3.5977556e-05  0.00011507754  -4.4905471e-06  1.5947579e-05  0.0000000   4.5386095e-05  -2.5692886e-05  3.4953822e-05  4.3061732e-05  2.6790379e-07  3.1822788e-06  3.5977556e-05  0.00011507754  -4.4905471e-06  
-0.00094971381  -4.5386095e-05  0.0000000   0.00051051496  -4.7811599e-06  1.1784416e-06  -9.9064016e-05  2.2023195e-05  1.9097978e-06  -5.6634902e-07  -5.2009429e-05  -0.00094971381  -4.5386095e-05  0.0000000   0.00051051496  -4.7811599e-06  1.1784416e-06  -9.9064016e-05  2.2023195e-05  1.9097978e-06  -5.6634902e-07  -5.2009429e-05  
0.00031939980  2.5692886e-05  -0.00051051496  0.0000000   -1.4885183e-07  2.7269636e-06  -4.8387903e-05  -1.3413476e-05  6.9674677e-07  3.7594188e-06  -5.6151923e-05  0.00031939980  2.5692886e-05  -0.00051051496  0.0000000   -1.4885183e-07  2.7269636e-06  -4.8387903e-05  -1.3413476e-05  6.9674677e-07  3.7594188e-06  -5.6151923e-05  
8.0702025e-07  -3.4953822e-05  4.7811599e-06  1.4885183e-07  0.0000000   0.00010641474  8.0733376e-07  -4.5581735e-06  -6.5340330e-05  5.2743941e-05  -9.0674609e-06  8.0702025e-07  -3.4953822e-05  4.7811599e-06  1.4885183e-07  0.0000000   0.00010641474  8.0733376e-07  -4.5581735e-06  -6.5340330e-05  5.2743941e-05  -9.0674609e-06  
5.5209859e-06  -4.3061732e-05  -1.1784416e-06  -2.7269636e-06  -0.00010641474  0.0000000   -1.1861643e-06  1.2752406e-07  -4.3938447e-05  -0.00044790170  3.4613116e-06  5.5209859e-06  -4.3061732e-05  -1.1784416e-06  -2.7269636e-06  -0.00010641474  0.0000000   -1.1861643e-06  1.2752406e-07  -4.3938447e-05  -0.00044790170  3.4613116e-06  
5.3664962e-05  -2.6790379e-07  9.9064016e-05  4.8387903e-05  -8.0733376e-07  1.1861643e-06  0.0000000   -5.9928206e-05  1.2438926e-06  -1.5106882e-06  2.6336605e-05  5.3664962e-05  -2.6790379e-07  9.9064016e-05  4.8387903e-05  -8.0733376e-07  1.1861643e-06  0.0000000   -5.9928206e-05  1.2438926e-06  -1.5106882e-06  2.6336605e-05  
-8.2750638e-05  -3.1822788e-06  -2.2023195e-05  1.3413476e-05  4.5581735e-06  -1.2752406e-07  5.9928206e-05  0.0000000   5.0710264e-06  -6.8081747e-06  0.00022041417  -8.2750638e-05  -3.1822788e-06  -2.2023195e-05  1.3413476e-05  4.5581735e-06  -1.2752406e-07  5.9928206e-05  0.0000000   5.0710264e-06  -6.8081747e-06  0.00022041417  
7.2628751e-06  -3.5977556e-05  -1.9097978e-06  -6.9674677e-07  6.5340330e-05  4.3938447e-05  -1.2438926e-06  -5.0710264e-06  0.0000000   -0.00021628560  -1.6947665e-05  7.2628751e-06  -3.5977556e-05  -1.9097978e-06  -6.9674677e-07  6.5340330e-05  4.3938447e-05  -1.2438926e-06  -5.0710264e-06  0.0000000   -0.00021628560  -1.6947665e-05  
6.3043597e-06  -0.00011507754  5.6634902e-07  -3.7594188e-06  -5.2743941e-05  0.00044790170  1.5106882e-06  6.8081747e-06  0.00021628560  0.0000000   2.1644621e-06  6.3043597e-06  -0.00011507754  5.6634902e-07  -3.7594188e-06  -5.2743941e-05  0.00044790170  1.5106882e-06  6.8081747e-06  0.00021628560  0.0000000   2.1644621e-06  
4.6500616e-05  4.4905471e-06  5.2009429e-05  5.6151923e-05  9.0674609e-06  -3.4613116e-06  -2.6336605e-05  -0.00022041417  1.6947665e-05  -2.1644621e-06  0.0000000   4.6500616e-05  4.4905471e-06  5.2009429e-05  5.6151923e-05  9.0674609e-06  -3.4613116e-06  -2.6336605e-05  -0.00022041417  1.6947665e-05  -2.1644621e-06  0.0000000   
0.0000000   -1.5947579e-05  0.00094971381  -0.00031939980  -8.0702025e-07  -5.5209859e-06  -5.3664962e-05  8.2750638e-05  -7.2628751e-06  -6.3043597e-06  -4.6500616e-05  0.0000000   -1.5947579e-05  0.00094971381  -0.00031939980  -8.0702025e-07  -5.5209859e-06  -5.3664962e-05  8.2750638e-05  -7.2628751e-06  -6.3043597e-06  -4.6500616e-05  
1.5947579e-05  0.0000000   4.5386095e-05  -2.5692886e-05  3.4953822e-05  4.3061732e-05  2.6790379e-07  3.1822788e-06  3.5977556e-05  0.00011507754  -4.4905471e-06  1.5947579e-05  0.0000000   4.5386095e-05  -2.5692886e-05  3.4953822e-05  4.3061732e-05  2.6790379e-07  3.1822788e-06  3.5977556e-05  0.00011507754  -4.4905471e-06  
-0.00094971381  -4.5386095e-05  0.0000000   0.00051051496  -4.7811599e-06  1.1784416e-06  -9.9064016e-05  2.2023195e-05  1.9097978e-06  -5.6634902e-07  -5.2009429e-05  -0.00094971381  -4.5386095e-05  0.0000000   0.00051051496  -4.7811599e-06  1.1784416e-06  -9.9064016e-05  2.2023195e-05  1.9097978e-06  -5.6634902e-07  -5.2009429e-05  
0.00031939980  2.5692886e-05  -0.00051051496  0.0000000   -1.4885183e-07  2.7269636e-06  -4.8387903e-05  -1.3413476e-05  6.9674677e-07  3.7594188e-06  -5.6151923e-05  0.00031939980  2.5692886e-05  -0.00051051496  0.0000000   -1.4885183e-07  2.7269636e-06  -4.8387903e-05  -1.3413476e-05  6.9674677e-07  3.7594188e-06  -5.6151923e-05  
8.0702025e-07  -3.4953822e-05  4.7811599e-06  1.4885183e-07  0.0000000   0.00010641474  8.0733376e-07  -4.5581735e-06  -6.5340330e-05  5.2743941e-05  -9.0674609e-06  8.0702025e-07  -3.4953822e-05  4.7811599e-06  1.4885183e-07  0.0000000   0.00010641474  8.0733376e-07  -4.5581735e-06  -6.5340330e-05  5.2743941e-05  -9.0674609e-06  
5.5209859e-06  -4.3061732e-05  -1.1784416e-06  -2.7269636e-06  -0.00010641474  0.0000000   -1.1861643e-06  1.2752406e-07  -4.3938447e-05  -0.00044790170  3.4613116e-06  5.5209859e-06  -4.3061732e-05  -1.1784416e-06  -2.7269636e-06  -0.00010641474  0.0000000   -1.1861643e-06  1.2752406e-07  -4.3938447e-05  -0.00044790170  3.4613116e-06  
5.3664962e-05  -2.6790379e-07  9.9064016e-05  4.8387903e-05  -8.0733376e-07  1.1861643e-06  0.0000000   -5.9928206e-05  1.2438926e-06  -1.5106882e-06  2.6336605e-05  5.3664962e-05  -2.6790379e-07  9.9064016e-05  4.8387903e-05  -8.0733376e-07  1.1861643e-06  0.0000000   -5.9928206e-05  1.2438926e-06  -1.5106882e-06  2.6336605e-05  
-8.2750638e-05  -3.1822788e-06  -2.2023195e-05  1.3413476e-05  4.5581735e-06  -1.2752406e-07  5.9928206e-05  0.0000000   5.0710264e-06  -6.8081747e-06  0.00022041417  -8.2750638e-05  -3.1822788e-06  -2.2023195e-05  1.3413476e-05  4.5581735e-06  -1.2752406e-07  5.9928206e-05  0.0000000   5.0710264e-06  -6.8081747e-06  0.00022041417  
7.2628751e-06  -3.5977556e-05  -1.9097978e-06  -6.9674677e-07  6.5340330e-05  4.3938447e-05  -1.2438926e-06  -5.0710264e-06  0.0000000   -0.00021628560  -1.6947665e-05  7.2628751e-06  -3.5977556e-05  -1.9097978e-06  -6.9674677e-07  6.5340330e-05  4.3938447e-05  -1.2438926e-06  -5.0710264e-06  0.0000000   -0.00021628560  -1.6947665e-05  
6.3043597e-06  -0.00011507754  5.6634902e-07  -3.7594188e-06  -5.2743941e-05  0.00044790170  1.5106882e-06  6.8081747e-06  0.00021628560  0.0000000   2.1644621e-06  6.3043597e-06  -0.00011507754  5.6634902e-07  -3.7594188e-06  -5.2743941e-05  0.00044790170  1.5106882e-06  6.8081747e-06  0.00021628560  0.0000000   2.1644621e-06  
4.6500616e-05  4.4905471e-06  5.2009429e-05  5.6151923e-05  9.0674609e-06  -3.4613116e-06  -2.6336605e-05  -0.00022041417  1.6947665e-05  -2.1644621e-06  0.0000000   4.6500616e-05  4.4905471e-06  5.2009429e-05  5.6151923e-05  9.0674609e-06  -3.4613116e-06  -2.6336605e-05  -0.00022041417  1.6947665e-05  -2.1644621e-06  0.0000000   
