0.0000000   0.00078123297  -9.0430518e-06  -0.00015934219  4.1061058e-05  -6.1141369e-08  -2.0429948e-06  2.3225699e-07  1.7989821e-06  -9.3709542e-07  2.0285189e-05  0.0000000   0.00078123297  -9.0430518e-06  -0.00015934219  4.1061058e-05  -6.1141369e-08  -2.0429948e-06  2.3225699e-07  1.7989821e-06  -9.3709542e-07  2.0285189e-05  
-0.00078123297  0.0000000   -0.00033343591  -0.00031053071  -6.3244594e-05  7.0021115e-07  4.4043081e-07  3.2645813e-06  -2.8277425e-06  -8.6209676e-08  3.6041391e-05  -0.00078123297  0.0000000   -0.00033343591  -0.00031053071  -6.3244594e-05  7.0021115e-07  4.4043081e-07  3.2645813e-06  -2.8277425e-06  -8.6209676e-08  3.6041391e-05  
9.0430518e-06  0.00033343591  0.0000000   -0.00027906539  1.5518400e-05  4.1204211e-07  -2.9694710e-06  1.6672756e-06  -1.4739925e-06  -6.5469151e-07  -9.1185880e-05  9.0430518e-06  0.00033343591  0.0000000   -0.00027906539  1.5518400e-05  4.1204211e-07  -2.9694710e-06  1.6672756e-06  -1.4739925e-06  -6.5469151e-07  -9.1185880e-05  
0.00015934219  0.00031053071  0.00027906539  0.0000000   -0.00014357224  -1.1823337e-06  -1.3569992e-06  2.5929644e-06  -1.0868978e-06  -1.6965238e-07  1.2705252e-05  0.00015934219  0.00031053071  0.00027906539  0.0000000   -0.00014357224  -1.1823337e-06  -1.3569992e-06  2.5929644e-06  -1.0868978e-06  -1.6965238e-07  1.2705252e-05  
-4.1061058e-05  6.3244594e-05  -1.5518400e-05  0.00014357224  0.0000000   -1.9184046e-07  3.9503568e-07  1.0683035e-06  -1.3147856e-07  -2.8793703e-07  -9.1897793e-06  -4.1061058e-05  6.3244594e-05  -1.5518400e-05  0.00014357224  0.0000000   -1.9184046e-07  3.9503568e-07  1.0683035e-06  -1.3147856e-07  -2.8793703e-07  -9.1897793e-06  
6.1141369e-08  -7.0021115e-07  -4.1204211e-07  1.1823337e-06  1.9184046e-07  0.0000000   -9.7867652e-05  0.00028705948  0.00013615445  -0.00026222952  2.1123511e-06  6.1141369e-08  -7.0021115e-07  -4.1204211e-07  1.1823337e-06  1.9184046e-07  0.0000000   -9.7867652e-05  0.00028705948  0.00013615445  -0.00026222952  2.1123511e-06  
2.0429948e-06  -4.4043081e-07  2.9694710e-06  1.3569992e-06  -3.9503568e-07  9.7867652e-05  0.0000000   -0.00015841819  -6.4695606e-05  -5.5912000e-05  2.5767889e-07  2.0429948e-06  -4.4043081e-07  2.9694710e-06  1.3569992e-06  -3.9503568e-07  9.7867652e-05  0.0000000   -0.00015841819  -6.4695606e-05  -5.5912000e-05  2.5767889e-07  
-2.3225699e-07  -3.2645813e-06  -1.6672756e-06  -2.5929644e-06  -1.0683035e-06  -0.00028705948  0.00015841819  0.0000000   0.00070467927  -2.6697307e-05  4.0092204e-07  -2.3225699e-07  -3.2645813e-06  -1.6672756e-06  -2.5929644e-06  -1.0683035e-06  -0.00028705948  0.00015841819  0.0000000   0.00070467927  -2.6697307e-05  4.0092204e-07  
-1.7989821e-06  2.8277425e-06  1.4739925e-06  1.0868978e-06  1.3147856e-07  -0.00013615445  6.4695606e-05  -0.00070467927  0.0000000   5.0597001e-06  -2.2815052e-06  -1.7989821e-06  2.8277425e-06  1.4739925e-06  1.0868978e-06  1.3147856e-07  -0.00013615445  6.4695606e-05  -0.00070467927  0.0000000   5.0597001e-06  -2.2815052e-06  
9.3709542e-07  8.6209676e-08  6.5469151e-07  1.6965238e-07  2.8793703e-07  0.00026222952  5.5912000e-05  2.6697307e-05  -5.0597001e-06  0.0000000   -7.3507113e-07  9.3709542e-07  8.6209676e-08  6.5469151e-07  1.6965238e-07  2.8793703e-07  0.00026222952  5.5912000e-05  2.6697307e-05  -5.0597001e-06  0.0000000   -7.3507113e-07  
-2.0285189e-05  -3.6041391e-05  9.1185880e-05  -1.2705252e-05  9.1897793e-06  -2.1123511e-06  -2.5767889e-07  -4.0092204e-07  2.2815052e-06  7.3507113e-07  0.0000000   -2.0285189e-05  -3.6041391e-05  9.1185880e-05  -1.2705252e-05  9.1897793e-06  -2.1123511e-06  -2.5767889e-07  -4.0092204e-07  2.2815052e-06  7.3507113e-07  0.0000000   
0.0000000   0.00078123297  -9.0430518e-06  -0.00015934219  4.1061058e-05  -6.1141369e-08  -2.0429948e-06  2.3225699e-07  1.7989821e-06  -9.3709542e-07  2.0285189e-05  0.0000000   0.00078123297  -9.0430518e-06  -0.00015934219  4.1061058e-05  -6.1141369e-08  -2.0429948e-06  2.3225699e-07  1.7989821e-06  -9.3709542e-07  2.0285189e-05  
-0.00078123297  0.0000000   -0.00033343591  -0.00031053071  -6.3244594e-05  7.0021115e-07  4.4043081e-07  3.2645813e-06  -2.8277425e-06  -8.6209676e-08  3.6041391e-05  -0.00078123297  0.0000000   -0.00033343591  -0.00031053071  -6.3244594e-05  7.0021115e-07  4.4043081e-07  3.2645813e-06  -2.8277425e-06  -8.6209676e-08  3.6041391e-05  
9.0430518e-06  0.00033343591  0.0000000   -0.00027906539  1.5518400e-05  4.1204211e-07  -2.9694710e-06  1.6672756e-06  -1.4739925e-06  -6.5469151e-07  -9.1185880e-05  9.0430518e-06  0.00033343591  0.0000000   -0.00027906539  1.5518400e-05  4.1204211e-07  -2.9694710e-06  1.6672756e-06  -1.4739925e-06  -6.5469151e-07  -9.1185880e-05  
0.00015934219  0.00031053071  0.00027906539  0.0000000   -0.00014357224  -1.1823337e-06  -1.3569992e-06  2.5929644e-06  -1.0868978e-06  -1.6965238e-07  1.2705252e-05  0.00015934219  0.00031053071  0.00027906539  0.0000000   -0.00014357224  -1.1823337e-06  -1.3569992e-06  2.5929644e-06  -1.0868978e-06  -1.6965238e-07  1.2705252e-05  
-4.1061058e-05  6.3244594e-05  -1.5518400e-05  0.00014357224  0.0000000   -1.9184046e-07  3.9503568e-07  1.0683035e-06  -1.3147856e-07  -2.8793703e-07  -9.1897793e-06  -4.1061058e-05  6.3244594e-05  -1.5518400e-05  0.00014357224  0.0000000   -1.9184046e-07  3.9503568e-07  1.0683035e-06  -1.3147856e-07  -2.8793703e-07  -9.1897793e-06  
6.1141369e-08  -7.0021115e-07  -4.1204211e-07  1.1823337e-06  1.9184046e-07  0.0000000   -9.7867652e-05  0.00028705948  0.00013615445  -0.00026222952  2.1123511e-06  6.1141369e-08  -7.0021115e-07  -4.1204211e-07  1.1823337e-06  1.9184046e-07  0.0000000   -9.7867652e-05  0.00028705948  0.00013615445  -0.00026222952  2.1123511e-06  
2.0429948e-06  -4.4043081e-07  2.9694710e-06  1.3569992e-06  -3.9503568e-07  9.7867652e-05  0.0000000   -0.00015841819  -6.4695606e-05  -5.5912000e-05  2.5767889e-07  2.0429948e-06  -4.4043081e-07  2.9694710e-06  1.3569992e-06  -3.9503568e-07  9.7867652e-05  0.0000000   -0.00015841819  -6.4695606e-05  -5.5912000e-05  2.5767889e-07  
-2.3225699e-07  -3.2645813e-06  -1.6672756e-06  -2.5929644e-06  -1.0683035e-06  -0.00028705948  0.00015841819  0.0000000   0.00070467927  -2.6697307e-05  4.0092204e-07  -2.3225699e-07  -3.2645813e-06  -1.6672756e-06  -2.5929644e-06  -1.0683035e-06  -0.00028705948  0.00015841819  0.0000000   0.00070467927  -2.6697307e-05  4.0092204e-07  
-1.7989821e-06  2.8277425e-06  1.4739925e-06  1.0868978e-06  1.3147856e-07  -0.00013615445  6.4695606e-05  -0.00070467927  0.0000000   5.0597001e-06  -2.2815052e-06  -1.7989821e-06  2.8277425e-06  1.4739925e-06  1.0868978e-06  1.3147856e-07  -0.00013615445  6.4695606e-05  -0.00070467927  0.0000000   5.0597001e-06  -2.2815052e-06  
9.3709542e-07  8.6209676e-08  6.5469151e-07  1.6965238e-07  2.8793703e-07  0.00026222952  5.5912000e-05  2.6697307e-05  -5.0597001e-06  0.0000000   -7.3507113e-07  9.3709542e-07  8.6209676e-08  6.5469151e-07  1.6965238e-07  2.8793703e-07  0.00026222952  5.5912000e-05  2.6697307e-05  -5.0597001e-06  0.0000000   -7.3507113e-07  
-2.0285189e-05  -3.6041391e-05  9.1185880e-05  -1.2705252e-05  9.1897793e-06  -2.1123511e-06  -2.5767889e-07  -4.0092204e-07  2.2815052e-06  7.3507113e-07  0.0000000   -2.0285189e-05  -3.6041391e-05  9.1185880e-05  -1.2705252e-05  9.1897793e-06  -2.1123511e-06  -2.5767889e-07  -4.0092204e-07  2.2815052e-06  7.3507113e-07  0.0000000   
