0.0000000   -0.00085604943  -4.4618780e-05  -0.00036867602  6.3944061e-05  7.7798541e-06  5.5558315e-06  -0.00012064052  -6.7528288e-05  -3.6576597e-05  -1.8523035e-05  0.0000000   -0.00085604943  -4.4618780e-05  -0.00036867602  6.3944061e-05  7.7798541e-06  5.5558315e-06  -0.00012064052  -6.7528288e-05  -3.6576597e-05  -1.8523035e-05  
0.00085604943  0.0000000   -1.5098929e-06  -0.00048864496  9.6605742e-06  1.0255561e-05  -9.2086109e-06  1.3772211e-05  -4.5574510e-05  -3.4629698e-06  -1.2829059e-05  0.00085604943  0.0000000   -1.5098929e-06  -0.00048864496  9.6605742e-06  1.0255561e-05  -9.2086109e-06  1.3772211e-05  -4.5574510e-05  -3.4629698e-06  -1.2829059e-05  
4.4618780e-05  1.5098929e-06  0.0000000   -2.0566263e-05  6.3676941e-06  -0.00018919354  0.00021858318  3.3145489e-06  -4.7727724e-07  1.0195336e-08  9.9389751e-07  4.4618780e-05  1.5098929e-06  0.0000000   -2.0566263e-05  6.3676941e-06  -0.00018919354  0.00021858318  3.3145489e-06  -4.7727724e-07  1.0195336e-08  9.9389751e-07  
0.00036867602  0.00048864496  2.0566263e-05  0.0000000   -0.00071371365  5.1062007e-06  -4.9499041e-06  3.8417489e-05  3.4411475e-05  0.00010633962  -4.1616527e-06  0.00036867602  0.00048864496  2.0566263e-05  0.0000000   -0.00071371365  5.1062007e-06  -4.9499041e-06  3.8417489e-05  3.4411475e-05  0.00010633962  -4.1616527e-06  
-6.3944061e-05  -9.6605742e-06  -6.3676941e-06  0.00071371365  0.0000000   1.1787497e-08  -4.3744468e-06  -0.00018117215  2.4161935e-06  -1.5452652e-05  9.2602108e-06  -6.3944061e-05  -9.6605742e-06  -6.3676941e-06  0.00071371365  0.0000000   1.1787497e-08  -4.3744468e-06  -0.00018117215  2.4161935e-06  -1.5452652e-05  9.2602108e-06  
-7.7798541e-06  -1.0255561e-05  0.00018919354  -5.1062007e-06  -1.1787497e-08  0.0000000   0.0021600407  8.5266950e-06  -1.7258100e-06  2.3521109e-06  1.1381902e-05  -7.7798541e-06  -1.0255561e-05  0.00018919354  -5.1062007e-06  -1.1787497e-08  0.0000000   0.0021600407  8.5266950e-06  -1.7258100e-06  2.3521109e-06  1.1381902e-05  
-5.5558315e-06  9.2086109e-06  -0.00021858318  4.9499041e-06  4.3744468e-06  -0.0021600407  0.0000000   2.5067524e-05  1.0655947e-05  -7.9833961e-06  9.2527600e-06  -5.5558315e-06  9.2086109e-06  -0.00021858318  4.9499041e-06  4.3744468e-06  -0.0021600407  0.0000000   2.5067524e-05  1.0655947e-05  -7.9833961e-06  9.2527600e-06  
0.00012064052  -1.3772211e-05  -3.3145489e-06  -3.8417489e-05  0.00018117215  -8.5266950e-06  -2.5067524e-05  0.0000000   0.00021227940  -0.00031195624  -0.00020481043  0.00012064052  -1.3772211e-05  -3.3145489e-06  -3.8417489e-05  0.00018117215  -8.5266950e-06  -2.5067524e-05  0.0000000   0.00021227940  -0.00031195624  -0.00020481043  
6.7528288e-05  4.5574510e-05  4.7727724e-07  -3.4411475e-05  -2.4161935e-06  1.7258100e-06  -1.0655947e-05  -0.00021227940  0.0000000   -0.00039565987  0.00029544637  6.7528288e-05  4.5574510e-05  4.7727724e-07  -3.4411475e-05  -2.4161935e-06  1.7258100e-06  -1.0655947e-05  -0.00021227940  0.0000000   -0.00039565987  0.00029544637  
3.6576597e-05  3.4629698e-06  -1.0195336e-08  -0.00010633962  1.5452652e-05  -2.3521109e-06  7.9833961e-06  0.00031195624  0.00039565987  0.0000000   -0.0016791750  3.6576597e-05  3.4629698e-06  -1.0195336e-08  -0.00010633962  1.5452652e-05  -2.3521109e-06  7.9833961e-06  0.00031195624  0.00039565987  0.0000000   -0.0016791750  
1.8523035e-05  1.2829059e-05  -9.9389751e-07  4.1616527e-06  -9.2602108e-06  -1.1381902e-05  -9.2527600e-06  0.00020481043  -0.00029544637  0.0016791750  0.0000000   1.8523035e-05  1.2829059e-05  -9.9389751e-07  4.1616527e-06  -9.2602108e-06  -1.1381902e-05  -9.2527600e-06  0.00020481043  -0.00029544637  0.0016791750  0.0000000   
0.0000000   -0.00085604943  -4.4618780e-05  -0.00036867602  6.3944061e-05  7.7798541e-06  5.5558315e-06  -0.00012064052  -6.7528288e-05  -3.6576597e-05  -1.8523035e-05  0.0000000   -0.00085604943  -4.4618780e-05  -0.00036867602  6.3944061e-05  7.7798541e-06  5.5558315e-06  -0.00012064052  -6.7528288e-05  -3.6576597e-05  -1.8523035e-05  
0.00085604943  0.0000000   -1.5098929e-06  -0.00048864496  9.6605742e-06  1.0255561e-05  -9.2086109e-06  1.3772211e-05  -4.5574510e-05  -3.4629698e-06  -1.2829059e-05  0.00085604943  0.0000000   -1.5098929e-06  -0.00048864496  9.6605742e-06  1.0255561e-05  -9.2086109e-06  1.3772211e-05  -4.5574510e-05  -3.4629698e-06  -1.2829059e-05  
4.4618780e-05  1.5098929e-06  0.0000000   -2.0566263e-05  6.3676941e-06  -0.00018919354  0.00021858318  3.3145489e-06  -4.7727724e-07  1.0195336e-08  9.9389751e-07  4.4618780e-05  1.5098929e-06  0.0000000   -2.0566263e-05  6.3676941e-06  -0.00018919354  0.00021858318  3.3145489e-06  -4.7727724e-07  1.0195336e-08  9.9389751e-07  
0.00036867602  0.00048864496  2.0566263e-05  0.0000000   -0.00071371365  5.1062007e-06  -4.9499041e-06  3.8417489e-05  3.4411475e-05  0.00010633962  -4.1616527e-06  0.00036867602  0.00048864496  2.0566263e-05  0.0000000   -0.00071371365  5.1062007e-06  -4.9499041e-06  3.8417489e-05  3.4411475e-05  0.00010633962  -4.1616527e-06  
-6.3944061e-05  -9.6605742e-06  -6.3676941e-06  0.00071371365  0.0000000   1.1787497e-08  -4.3744468e-06  -0.00018117215  2.4161935e-06  -1.5452652e-05  9.2602108e-06  -6.3944061e-05  -9.6605742e-06  -6.3676941e-06  0.00071371365  0.0000000   1.1787497e-08  -4.3744468e-06  -0.00018117215  2.4161935e-06  -1.5452652e-05  9.2602108e-06  
-7.7798541e-06  -1.0255561e-05  0.00018919354  -5.1062007e-06  -1.1787497e-08  0.0000000   0.0021600407  8.5266950e-06  -1.7258100e-06  2.3521109e-06  1.1381902e-05  -7.7798541e-06  -1.0255561e-05  0.00018919354  -5.1062007e-06  -1.1787497e-08  0.0000000   0.0021600407  8.5266950e-06  -1.7258100e-06  2.3521109e-06  1.1381902e-05  
-5.5558315e-06  9.2086109e-06  -0.00021858318  4.9499041e-06  4.3744468e-06  -0.0021600407  0.0000000   2.5067524e-05  1.0655947e-05  -7.9833961e-06  9.2527600e-06  -5.5558315e-06  9.2086109e-06  -0.00021858318  4.9499041e-06  4.3744468e-06  -0.0021600407  0.0000000   2.5067524e-05  1.0655947e-05  -7.9833961e-06  9.2527600e-06  
0.00012064052  -1.3772211e-05  -3.3145489e-06  -3.8417489e-05  0.00018117215  -8.5266950e-06  -2.5067524e-05  0.0000000   0.00021227940  -0.00031195624  -0.00020481043  0.00012064052  -1.3772211e-05  -3.3145489e-06  -3.8417489e-05  0.00018117215  -8.5266950e-06  -2.5067524e-05  0.0000000   0.00021227940  -0.00031195624  -0.00020481043  
6.7528288e-05  4.5574510e-05  4.7727724e-07  -3.4411475e-05  -2.4161935e-06  1.7258100e-06  -1.0655947e-05  -0.00021227940  0.0000000   -0.00039565987  0.00029544637  6.7528288e-05  4.5574510e-05  4.7727724e-07  -3.4411475e-05  -2.4161935e-06  1.7258100e-06  -1.0655947e-05  -0.00021227940  0.0000000   -0.00039565987  0.00029544637  
3.6576597e-05  3.4629698e-06  -1.0195336e-08  -0.00010633962  1.5452652e-05  -2.3521109e-06  7.9833961e-06  0.00031195624  0.00039565987  0.0000000   -0.0016791750  3.6576597e-05  3.4629698e-06  -1.0195336e-08  -0.00010633962  1.5452652e-05  -2.3521109e-06  7.9833961e-06  0.00031195624  0.00039565987  0.0000000   -0.0016791750  
1.8523035e-05  1.2829059e-05  -9.9389751e-07  4.1616527e-06  -9.2602108e-06  -1.1381902e-05  -9.2527600e-06  0.00020481043  -0.00029544637  0.0016791750  0.0000000   1.8523035e-05  1.2829059e-05  -9.9389751e-07  4.1616527e-06  -9.2602108e-06  -1.1381902e-05  -9.2527600e-06  0.00020481043  -0.00029544637  0.0016791750  0.0000000   
