0.0000000   5.5529383e-07  4.5375979e-06  -2.1579838e-06  7.5064143e-05  0.00014938036  0.00018740908  0.00019531697  1.0135615e-07  -1.8663174e-05  -1.2846931e-05  0.0000000   5.5529383e-07  4.5375979e-06  -2.1579838e-06  7.5064143e-05  0.00014938036  0.00018740908  0.00019531697  1.0135615e-07  -1.8663174e-05  -1.2846931e-05  
-5.5529383e-07  0.0000000   -0.00036446276  9.1428453e-05  1.2853257e-05  3.3993811e-07  1.3183938e-06  -5.8807554e-07  -6.7191563e-05  -1.2908935e-06  1.7822326e-06  -5.5529383e-07  0.0000000   -0.00036446276  9.1428453e-05  1.2853257e-05  3.3993811e-07  1.3183938e-06  -5.8807554e-07  -6.7191563e-05  -1.2908935e-06  1.7822326e-06  
-4.5375979e-06  0.00036446276  0.0000000   0.0012801133  4.9512695e-05  1.2084634e-05  1.8368494e-06  3.4056914e-06  -0.00016088056  5.1823339e-06  3.8364651e-07  -4.5375979e-06  0.00036446276  0.0000000   0.0012801133  4.9512695e-05  1.2084634e-05  1.8368494e-06  3.4056914e-06  -0.00016088056  5.1823339e-06  3.8364651e-07  
2.1579838e-06  -9.1428453e-05  -0.0012801133  0.0000000   4.3803139e-05  -4.5225031e-06  7.2122689e-06  -1.5116877e-06  -5.0260020e-05  -8.7546118e-06  2.8220714e-06  2.1579838e-06  -9.1428453e-05  -0.0012801133  0.0000000   4.3803139e-05  -4.5225031e-06  7.2122689e-06  -1.5116877e-06  -5.0260020e-05  -8.7546118e-06  2.8220714e-06  
-7.5064143e-05  -1.2853257e-05  -4.9512695e-05  -4.3803139e-05  0.0000000   3.6513434e-05  -2.2752324e-05  0.00013050793  4.4906044e-06  0.00021486174  -5.6355253e-05  -7.5064143e-05  -1.2853257e-05  -4.9512695e-05  -4.3803139e-05  0.0000000   3.6513434e-05  -2.2752324e-05  0.00013050793  4.4906044e-06  0.00021486174  -5.6355253e-05  
-0.00014938036  -3.3993811e-07  -1.2084634e-05  4.5225031e-06  -3.6513434e-05  0.0000000   -0.00037639408  -0.00037767600  -3.8136825e-06  -0.00024263961  3.3464076e-05  -0.00014938036  -3.3993811e-07  -1.2084634e-05  4.5225031e-06  -3.6513434e-05  0.0000000   -0.00037639408  -0.00037767600  -3.8136825e-06  -0.00024263961  3.3464076e-05  
-0.00018740908  -1.3183938e-06  -1.8368494e-06  -7.2122689e-06  2.2752324e-05  0.00037639408  0.0000000   -0.00037130068  1.5675414e-06  7.8015642e-05  -2.6824437e-05  -0.00018740908  -1.3183938e-06  -1.8368494e-06  -7.2122689e-06  2.2752324e-05  0.00037639408  0.0000000   -0.00037130068  1.5675414e-06  7.8015642e-05  -2.6824437e-05  
-0.00019531697  5.8807554e-07  -3.4056914e-06  1.5116877e-06  -0.00013050793  0.00037767600  0.00037130068  0.0000000   1.8979379e-06  -4.3476296e-05  3.9000222e-05  -0.00019531697  5.8807554e-07  -3.4056914e-06  1.5116877e-06  -0.00013050793  0.00037767600  0.00037130068  0.0000000   1.8979379e-06  -4.3476296e-05  3.9000222e-05  
-1.0135615e-07  6.7191563e-05  0.00016088056  5.0260020e-05  -4.4906044e-06  3.8136825e-06  -1.5675414e-06  -1.8979379e-06  0.0000000   -6.2793158e-07  -2.1827754e-06  -1.0135615e-07  6.7191563e-05  0.00016088056  5.0260020e-05  -4.4906044e-06  3.8136825e-06  -1.5675414e-06  -1.8979379e-06  0.0000000   -6.2793158e-07  -2.1827754e-06  
1.8663174e-05  1.2908935e-06  -5.1823339e-06  8.7546118e-06  -0.00021486174  0.00024263961  -7.8015642e-05  4.3476296e-05  6.2793158e-07  0.0000000   -0.00030564394  1.8663174e-05  1.2908935e-06  -5.1823339e-06  8.7546118e-06  -0.00021486174  0.00024263961  -7.8015642e-05  4.3476296e-05  6.2793158e-07  0.0000000   -0.00030564394  
1.2846931e-05  -1.7822326e-06  -3.8364651e-07  -2.8220714e-06  5.6355253e-05  -3.3464076e-05  2.6824437e-05  -3.9000222e-05  2.1827754e-06  0.00030564394  0.0000000   1.2846931e-05  -1.7822326e-06  -3.8364651e-07  -2.8220714e-06  5.6355253e-05  -3.3464076e-05  2.6824437e-05  -3.9000222e-05  2.1827754e-06  0.00030564394  0.0000000   
0.0000000   5.5529383e-07  4.5375979e-06  -2.1579838e-06  7.5064143e-05  0.00014938036  0.00018740908  0.00019531697  1.0135615e-07  -1.8663174e-05  -1.2846931e-05  0.0000000   5.5529383e-07  4.5375979e-06  -2.1579838e-06  7.5064143e-05  0.00014938036  0.00018740908  0.00019531697  1.0135615e-07  -1.8663174e-05  -1.2846931e-05  
-5.5529383e-07  0.0000000   -0.00036446276  9.1428453e-05  1.2853257e-05  3.3993811e-07  1.3183938e-06  -5.8807554e-07  -6.7191563e-05  -1.2908935e-06  1.7822326e-06  -5.5529383e-07  0.0000000   -0.00036446276  9.1428453e-05  1.2853257e-05  3.3993811e-07  1.3183938e-06  -5.8807554e-07  -6.7191563e-05  -1.2908935e-06  1.7822326e-06  
-4.5375979e-06  0.00036446276  0.0000000   0.0012801133  4.9512695e-05  1.2084634e-05  1.8368494e-06  3.4056914e-06  -0.00016088056  5.1823339e-06  3.8364651e-07  -4.5375979e-06  0.00036446276  0.0000000   0.0012801133  4.9512695e-05  1.2084634e-05  1.8368494e-06  3.4056914e-06  -0.00016088056  5.1823339e-06  3.8364651e-07  
2.1579838e-06  -9.1428453e-05  -0.0012801133  0.0000000   4.3803139e-05  -4.5225031e-06  7.2122689e-06  -1.5116877e-06  -5.0260020e-05  -8.7546118e-06  2.8220714e-06  2.1579838e-06  -9.1428453e-05  -0.0012801133  0.0000000   4.3803139e-05  -4.5225031e-06  7.2122689e-06  -1.5116877e-06  -5.0260020e-05  -8.7546118e-06  2.8220714e-06  
-7.5064143e-05  -1.2853257e-05  -4.9512695e-05  -4.3803139e-05  0.0000000   3.6513434e-05  -2.2752324e-05  0.00013050793  4.4906044e-06  0.00021486174  -5.6355253e-05  -7.5064143e-05  -1.2853257e-05  -4.9512695e-05  -4.3803139e-05  0.0000000   3.6513434e-05  -2.2752324e-05  0.00013050793  4.4906044e-06  0.00021486174  -5.6355253e-05  
-0.00014938036  -3.3993811e-07  -1.2084634e-05  4.5225031e-06  -3.6513434e-05  0.0000000   -0.00037639408  -0.00037767600  -3.8136825e-06  -0.00024263961  3.3464076e-05  -0.00014938036  -3.3993811e-07  -1.2084634e-05  4.5225031e-06  -3.6513434e-05  0.0000000   -0.00037639408  -0.00037767600  -3.8136825e-06  -0.00024263961  3.3464076e-05  
-0.00018740908  -1.3183938e-06  -1.8368494e-06  -7.2122689e-06  2.2752324e-05  0.00037639408  0.0000000   -0.00037130068  1.5675414e-06  7.8015642e-05  -2.6824437e-05  -0.00018740908  -1.3183938e-06  -1.8368494e-06  -7.2122689e-06  2.2752324e-05  0.00037639408  0.0000000   -0.00037130068  1.5675414e-06  7.8015642e-05  -2.6824437e-05  
-0.00019531697  5.8807554e-07  -3.4056914e-06  1.5116877e-06  -0.00013050793  0.00037767600  0.00037130068  0.0000000   1.8979379e-06  -4.3476296e-05  3.9000222e-05  -0.00019531697  5.8807554e-07  -3.4056914e-06  1.5116877e-06  -0.00013050793  0.00037767600  0.00037130068  0.0000000   1.8979379e-06  -4.3476296e-05  3.9000222e-05  
-1.0135615e-07  6.7191563e-05  0.00016088056  5.0260020e-05  -4.4906044e-06  3.8136825e-06  -1.5675414e-06  -1.8979379e-06  0.0000000   -6.2793158e-07  -2.1827754e-06  -1.0135615e-07  6.7191563e-05  0.00016088056  5.0260020e-05  -4.4906044e-06  3.8136825e-06  -1.5675414e-06  -1.8979379e-06  0.0000000   -6.2793158e-07  -2.1827754e-06  
1.8663174e-05  1.2908935e-06  -5.1823339e-06  8.7546118e-06  -0.00021486174  0.00024263961  -7.8015642e-05  4.3476296e-05  6.2793158e-07  0.0000000   -0.00030564394  1.8663174e-05  1.2908935e-06  -5.1823339e-06  8.7546118e-06  -0.00021486174  0.00024263961  -7.8015642e-05  4.3476296e-05  6.2793158e-07  0.0000000   -0.00030564394  
1.2846931e-05  -1.7822326e-06  -3.8364651e-07  -2.8220714e-06  5.6355253e-05  -3.3464076e-05  2.6824437e-05  -3.9000222e-05  2.1827754e-06  0.00030564394  0.0000000   1.2846931e-05  -1.7822326e-06  -3.8364651e-07  -2.8220714e-06  5.6355253e-05  -3.3464076e-05  2.6824437e-05  -3.9000222e-05  2.1827754e-06  0.00030564394  0.0000000   
