0.0000000   1.9867902e-06  -0.00025814754  4.0918507e-06  -4.0451191e-05  -1.2709189e-07  1.9378420e-06  -6.5970865e-05  1.9914133e-05  2.2351337e-07  -1.9010006e-07  0.0000000   1.9867902e-06  -0.00025814754  4.0918507e-06  -4.0451191e-05  -1.2709189e-07  1.9378420e-06  -6.5970865e-05  1.9914133e-05  2.2351337e-07  -1.9010006e-07  
-1.9867902e-06  0.0000000   1.7361474e-06  5.8406672e-05  -1.8900023e-06  2.8952631e-06  9.5075892e-05  -1.2640486e-06  -2.5585506e-06  3.6931033e-05  -5.5211602e-05  -1.9867902e-06  0.0000000   1.7361474e-06  5.8406672e-05  -1.8900023e-06  2.8952631e-06  9.5075892e-05  -1.2640486e-06  -2.5585506e-06  3.6931033e-05  -5.5211602e-05  
0.00025814754  -1.7361474e-06  0.0000000   2.1029676e-06  0.00016373577  -1.5496269e-06  -4.1499853e-07  5.5400618e-05  4.1270612e-05  -4.3342613e-07  7.6522951e-07  0.00025814754  -1.7361474e-06  0.0000000   2.1029676e-06  0.00016373577  -1.5496269e-06  -4.1499853e-07  5.5400618e-05  4.1270612e-05  -4.3342613e-07  7.6522951e-07  
-4.0918507e-06  -5.8406672e-05  -2.1029676e-06  0.0000000   -1.5530114e-06  -3.7490278e-05  -8.9323476e-05  -1.9006200e-07  7.9111926e-07  -9.0134139e-05  1.5088290e-05  -4.0918507e-06  -5.8406672e-05  -2.1029676e-06  0.0000000   -1.5530114e-06  -3.7490278e-05  -8.9323476e-05  -1.9006200e-07  7.9111926e-07  -9.0134139e-05  1.5088290e-05  
4.0451191e-05  1.8900023e-06  -0.00016373577  1.5530114e-06  0.0000000   2.2837768e-07  1.4750685e-06  8.2610889e-06  4.8154053e-05  7.5466171e-07  1.9839570e-07  4.0451191e-05  1.8900023e-06  -0.00016373577  1.5530114e-06  0.0000000   2.2837768e-07  1.4750685e-06  8.2610889e-06  4.8154053e-05  7.5466171e-07  1.9839570e-07  
1.2709189e-07  -2.8952631e-06  1.5496269e-06  3.7490278e-05  -2.2837768e-07  0.0000000   0.00020984548  3.5449492e-06  -2.0075817e-06  0.00015022604  -1.0888137e-05  1.2709189e-07  -2.8952631e-06  1.5496269e-06  3.7490278e-05  -2.2837768e-07  0.0000000   0.00020984548  3.5449492e-06  -2.0075817e-06  0.00015022604  -1.0888137e-05  
-1.9378420e-06  -9.5075892e-05  4.1499853e-07  8.9323476e-05  -1.4750685e-06  -0.00020984548  0.0000000   -1.9901466e-08  -1.6403714e-06  -3.7220637e-05  0.00030864580  -1.9378420e-06  -9.5075892e-05  4.1499853e-07  8.9323476e-05  -1.4750685e-06  -0.00020984548  0.0000000   -1.9901466e-08  -1.6403714e-06  -3.7220637e-05  0.00030864580  
6.5970865e-05  1.2640486e-06  -5.5400618e-05  1.9006200e-07  -8.2610889e-06  -3.5449492e-06  1.9901466e-08  0.0000000   0.00041635245  9.7043445e-06  2.5821167e-06  6.5970865e-05  1.2640486e-06  -5.5400618e-05  1.9006200e-07  -8.2610889e-06  -3.5449492e-06  1.9901466e-08  0.0000000   0.00041635245  9.7043445e-06  2.5821167e-06  
-1.9914133e-05  2.5585506e-06  -4.1270612e-05  -7.9111926e-07  -4.8154053e-05  2.0075817e-06  1.6403714e-06  -0.00041635245  0.0000000   -8.6611152e-07  1.6483748e-05  -1.9914133e-05  2.5585506e-06  -4.1270612e-05  -7.9111926e-07  -4.8154053e-05  2.0075817e-06  1.6403714e-06  -0.00041635245  0.0000000   -8.6611152e-07  1.6483748e-05  
-2.2351337e-07  -3.6931033e-05  4.3342613e-07  9.0134139e-05  -7.5466171e-07  -0.00015022604  3.7220637e-05  -9.7043445e-06  8.6611152e-07  0.0000000   -0.00090459542  -2.2351337e-07  -3.6931033e-05  4.3342613e-07  9.0134139e-05  -7.5466171e-07  -0.00015022604  3.7220637e-05  -9.7043445e-06  8.6611152e-07  0.0000000   -0.00090459542  
1.9010006e-07  5.5211602e-05  -7.6522951e-07  -1.5088290e-05  -1.9839570e-07  1.0888137e-05  -0.00030864580  -2.5821167e-06  -1.6483748e-05  0.00090459542  0.0000000   1.9010006e-07  5.5211602e-05  -7.6522951e-07  -1.5088290e-05  -1.9839570e-07  1.0888137e-05  -0.00030864580  -2.5821167e-06  -1.6483748e-05  0.00090459542  0.0000000   
0.0000000   1.9867902e-06  -0.00025814754  4.0918507e-06  -4.0451191e-05  -1.2709189e-07  1.9378420e-06  -6.5970865e-05  1.9914133e-05  2.2351337e-07  -1.9010006e-07  0.0000000   1.9867902e-06  -0.00025814754  4.0918507e-06  -4.0451191e-05  -1.2709189e-07  1.9378420e-06  -6.5970865e-05  1.9914133e-05  2.2351337e-07  -1.9010006e-07  
-1.9867902e-06  0.0000000   1.7361474e-06  5.8406672e-05  -1.8900023e-06  2.8952631e-06  9.5075892e-05  -1.2640486e-06  -2.5585506e-06  3.6931033e-05  -5.5211602e-05  -1.9867902e-06  0.0000000   1.7361474e-06  5.8406672e-05  -1.8900023e-06  2.8952631e-06  9.5075892e-05  -1.2640486e-06  -2.5585506e-06  3.6931033e-05  -5.5211602e-05  
0.00025814754  -1.7361474e-06  0.0000000   2.1029676e-06  0.00016373577  -1.5496269e-06  -4.1499853e-07  5.5400618e-05  4.1270612e-05  -4.3342613e-07  7.6522951e-07  0.00025814754  -1.7361474e-06  0.0000000   2.1029676e-06  0.00016373577  -1.5496269e-06  -4.1499853e-07  5.5400618e-05  4.1270612e-05  -4.3342613e-07  7.6522951e-07  
-4.0918507e-06  -5.8406672e-05  -2.1029676e-06  0.0000000   -1.5530114e-06  -3.7490278e-05  -8.9323476e-05  -1.9006200e-07  7.9111926e-07  -9.0134139e-05  1.5088290e-05  -4.0918507e-06  -5.8406672e-05  -2.1029676e-06  0.0000000   -1.5530114e-06  -3.7490278e-05  -8.9323476e-05  -1.9006200e-07  7.9111926e-07  -9.0134139e-05  1.5088290e-05  
4.0451191e-05  1.8900023e-06  -0.00016373577  1.5530114e-06  0.0000000   2.2837768e-07  1.4750685e-06  8.2610889e-06  4.8154053e-05  7.5466171e-07  1.9839570e-07  4.0451191e-05  1.8900023e-06  -0.00016373577  1.5530114e-06  0.0000000   2.2837768e-07  1.4750685e-06  8.2610889e-06  4.8154053e-05  7.5466171e-07  1.9839570e-07  
1.2709189e-07  -2.8952631e-06  1.5496269e-06  3.7490278e-05  -2.2837768e-07  0.0000000   0.00020984548  3.5449492e-06  -2.0075817e-06  0.00015022604  -1.0888137e-05  1.2709189e-07  -2.8952631e-06  1.5496269e-06  3.7490278e-05  -2.2837768e-07  0.0000000   0.00020984548  3.5449492e-06  -2.0075817e-06  0.00015022604  -1.0888137e-05  
-1.9378420e-06  -9.5075892e-05  4.1499853e-07  8.9323476e-05  -1.4750685e-06  -0.00020984548  0.0000000   -1.9901466e-08  -1.6403714e-06  -3.7220637e-05  0.00030864580  -1.9378420e-06  -9.5075892e-05  4.1499853e-07  8.9323476e-05  -1.4750685e-06  -0.00020984548  0.0000000   -1.9901466e-08  -1.6403714e-06  -3.7220637e-05  0.00030864580  
6.5970865e-05  1.2640486e-06  -5.5400618e-05  1.9006200e-07  -8.2610889e-06  -3.5449492e-06  1.9901466e-08  0.0000000   0.00041635245  9.7043445e-06  2.5821167e-06  6.5970865e-05  1.2640486e-06  -5.5400618e-05  1.9006200e-07  -8.2610889e-06  -3.5449492e-06  1.9901466e-08  0.0000000   0.00041635245  9.7043445e-06  2.5821167e-06  
-1.9914133e-05  2.5585506e-06  -4.1270612e-05  -7.9111926e-07  -4.8154053e-05  2.0075817e-06  1.6403714e-06  -0.00041635245  0.0000000   -8.6611152e-07  1.6483748e-05  -1.9914133e-05  2.5585506e-06  -4.1270612e-05  -7.9111926e-07  -4.8154053e-05  2.0075817e-06  1.6403714e-06  -0.00041635245  0.0000000   -8.6611152e-07  1.6483748e-05  
-2.2351337e-07  -3.6931033e-05  4.3342613e-07  9.0134139e-05  -7.5466171e-07  -0.00015022604  3.7220637e-05  -9.7043445e-06  8.6611152e-07  0.0000000   -0.00090459542  -2.2351337e-07  -3.6931033e-05  4.3342613e-07  9.0134139e-05  -7.5466171e-07  -0.00015022604  3.7220637e-05  -9.7043445e-06  8.6611152e-07  0.0000000   -0.00090459542  
1.9010006e-07  5.5211602e-05  -7.6522951e-07  -1.5088290e-05  -1.9839570e-07  1.0888137e-05  -0.00030864580  -2.5821167e-06  -1.6483748e-05  0.00090459542  0.0000000   1.9010006e-07  5.5211602e-05  -7.6522951e-07  -1.5088290e-05  -1.9839570e-07  1.0888137e-05  -0.00030864580  -2.5821167e-06  -1.6483748e-05  0.00090459542  0.0000000   
