0.0000000   3.5674299e-05  1.1438385e-06  -2.3325509e-07  6.1718895e-06  6.9003447e-07  -1.9686904e-05  -7.2057307e-05  6.3145657e-06  -1.9218249e-05  1.5167229e-07  0.0000000   3.5674299e-05  1.1438385e-06  -2.3325509e-07  6.1718895e-06  6.9003447e-07  -1.9686904e-05  -7.2057307e-05  6.3145657e-06  -1.9218249e-05  1.5167229e-07  
-3.5674299e-05  0.0000000   2.8856048e-06  -4.3491741e-06  1.2399216e-05  1.7896412e-06  -2.5998594e-05  -0.00012840824  1.1048421e-05  8.1746274e-05  3.8662324e-07  -3.5674299e-05  0.0000000   2.8856048e-06  -4.3491741e-06  1.2399216e-05  1.7896412e-06  -2.5998594e-05  -0.00012840824  1.1048421e-05  8.1746274e-05  3.8662324e-07  
-1.1438385e-06  -2.8856048e-06  0.0000000   -0.0017673012  8.8820796e-06  0.00010118710  -5.2783108e-06  -1.6419898e-05  -1.1567481e-05  -8.7348697e-06  2.1903071e-05  -1.1438385e-06  -2.8856048e-06  0.0000000   -0.0017673012  8.8820796e-06  0.00010118710  -5.2783108e-06  -1.6419898e-05  -1.1567481e-05  -8.7348697e-06  2.1903071e-05  
2.3325509e-07  4.3491741e-06  0.0017673012  0.0000000   5.3532344e-05  0.00017298463  3.7821494e-06  4.5304530e-06  0.00010071565  1.7777632e-05  -9.6531230e-05  2.3325509e-07  4.3491741e-06  0.0017673012  0.0000000   5.3532344e-05  0.00017298463  3.7821494e-06  4.5304530e-06  0.00010071565  1.7777632e-05  -9.6531230e-05  
-6.1718895e-06  -1.2399216e-05  -8.8820796e-06  -5.3532344e-05  0.0000000   1.8516001e-06  0.00024269234  -1.4564141e-06  -1.1856682e-05  -9.9355540e-05  1.0831507e-06  -6.1718895e-06  -1.2399216e-05  -8.8820796e-06  -5.3532344e-05  0.0000000   1.8516001e-06  0.00024269234  -1.4564141e-06  -1.1856682e-05  -9.9355540e-05  1.0831507e-06  
-6.9003447e-07  -1.7896412e-06  -0.00010118710  -0.00017298463  -1.8516001e-06  0.0000000   -1.6344744e-06  1.7485332e-06  5.5580791e-05  -3.3416781e-05  -2.6174048e-05  -6.9003447e-07  -1.7896412e-06  -0.00010118710  -0.00017298463  -1.8516001e-06  0.0000000   -1.6344744e-06  1.7485332e-06  5.5580791e-05  -3.3416781e-05  -2.6174048e-05  
1.9686904e-05  2.5998594e-05  5.2783108e-06  -3.7821494e-06  -0.00024269234  1.6344744e-06  0.0000000   -0.0010936694  6.5057573e-05  -0.00032783897  3.6045889e-06  1.9686904e-05  2.5998594e-05  5.2783108e-06  -3.7821494e-06  -0.00024269234  1.6344744e-06  0.0000000   -0.0010936694  6.5057573e-05  -0.00032783897  3.6045889e-06  
7.2057307e-05  0.00012840824  1.6419898e-05  -4.5304530e-06  1.4564141e-06  -1.7485332e-06  0.0010936694  0.0000000   3.1798031e-05  0.0065796977  1.2843258e-06  7.2057307e-05  0.00012840824  1.6419898e-05  -4.5304530e-06  1.4564141e-06  -1.7485332e-06  0.0010936694  0.0000000   3.1798031e-05  0.0065796977  1.2843258e-06  
-6.3145657e-06  -1.1048421e-05  1.1567481e-05  -0.00010071565  1.1856682e-05  -5.5580791e-05  -6.5057573e-05  -3.1798031e-05  0.0000000   -0.00039782952  4.8000041e-06  -6.3145657e-06  -1.1048421e-05  1.1567481e-05  -0.00010071565  1.1856682e-05  -5.5580791e-05  -6.5057573e-05  -3.1798031e-05  0.0000000   -0.00039782952  4.8000041e-06  
1.9218249e-05  -8.1746274e-05  8.7348697e-06  -1.7777632e-05  9.9355540e-05  3.3416781e-05  0.00032783897  -0.0065796977  0.00039782952  0.0000000   6.3708471e-07  1.9218249e-05  -8.1746274e-05  8.7348697e-06  -1.7777632e-05  9.9355540e-05  3.3416781e-05  0.00032783897  -0.0065796977  0.00039782952  0.0000000   6.3708471e-07  
-1.5167229e-07  -3.8662324e-07  -2.1903071e-05  9.6531230e-05  -1.0831507e-06  2.6174048e-05  -3.6045889e-06  -1.2843258e-06  -4.8000041e-06  -6.3708471e-07  0.0000000   -1.5167229e-07  -3.8662324e-07  -2.1903071e-05  9.6531230e-05  -1.0831507e-06  2.6174048e-05  -3.6045889e-06  -1.2843258e-06  -4.8000041e-06  -6.3708471e-07  0.0000000   
0.0000000   3.5674299e-05  1.1438385e-06  -2.3325509e-07  6.1718895e-06  6.9003447e-07  -1.9686904e-05  -7.2057307e-05  6.3145657e-06  -1.9218249e-05  1.5167229e-07  0.0000000   3.5674299e-05  1.1438385e-06  -2.3325509e-07  6.1718895e-06  6.9003447e-07  -1.9686904e-05  -7.2057307e-05  6.3145657e-06  -1.9218249e-05  1.5167229e-07  
-3.5674299e-05  0.0000000   2.8856048e-06  -4.3491741e-06  1.2399216e-05  1.7896412e-06  -2.5998594e-05  -0.00012840824  1.1048421e-05  8.1746274e-05  3.8662324e-07  -3.5674299e-05  0.0000000   2.8856048e-06  -4.3491741e-06  1.2399216e-05  1.7896412e-06  -2.5998594e-05  -0.00012840824  1.1048421e-05  8.1746274e-05  3.8662324e-07  
-1.1438385e-06  -2.8856048e-06  0.0000000   -0.0017673012  8.8820796e-06  0.00010118710  -5.2783108e-06  -1.6419898e-05  -1.1567481e-05  -8.7348697e-06  2.1903071e-05  -1.1438385e-06  -2.8856048e-06  0.0000000   -0.0017673012  8.8820796e-06  0.00010118710  -5.2783108e-06  -1.6419898e-05  -1.1567481e-05  -8.7348697e-06  2.1903071e-05  
2.3325509e-07  4.3491741e-06  0.0017673012  0.0000000   5.3532344e-05  0.00017298463  3.7821494e-06  4.5304530e-06  0.00010071565  1.7777632e-05  -9.6531230e-05  2.3325509e-07  4.3491741e-06  0.0017673012  0.0000000   5.3532344e-05  0.00017298463  3.7821494e-06  4.5304530e-06  0.00010071565  1.7777632e-05  -9.6531230e-05  
-6.1718895e-06  -1.2399216e-05  -8.8820796e-06  -5.3532344e-05  0.0000000   1.8516001e-06  0.00024269234  -1.4564141e-06  -1.1856682e-05  -9.9355540e-05  1.0831507e-06  -6.1718895e-06  -1.2399216e-05  -8.8820796e-06  -5.3532344e-05  0.0000000   1.8516001e-06  0.00024269234  -1.4564141e-06  -1.1856682e-05  -9.9355540e-05  1.0831507e-06  
-6.9003447e-07  -1.7896412e-06  -0.00010118710  -0.00017298463  -1.8516001e-06  0.0000000   -1.6344744e-06  1.7485332e-06  5.5580791e-05  -3.3416781e-05  -2.6174048e-05  -6.9003447e-07  -1.7896412e-06  -0.00010118710  -0.00017298463  -1.8516001e-06  0.0000000   -1.6344744e-06  1.7485332e-06  5.5580791e-05  -3.3416781e-05  -2.6174048e-05  
1.9686904e-05  2.5998594e-05  5.2783108e-06  -3.7821494e-06  -0.00024269234  1.6344744e-06  0.0000000   -0.0010936694  6.5057573e-05  -0.00032783897  3.6045889e-06  1.9686904e-05  2.5998594e-05  5.2783108e-06  -3.7821494e-06  -0.00024269234  1.6344744e-06  0.0000000   -0.0010936694  6.5057573e-05  -0.00032783897  3.6045889e-06  
7.2057307e-05  0.00012840824  1.6419898e-05  -4.5304530e-06  1.4564141e-06  -1.7485332e-06  0.0010936694  0.0000000   3.1798031e-05  0.0065796977  1.2843258e-06  7.2057307e-05  0.00012840824  1.6419898e-05  -4.5304530e-06  1.4564141e-06  -1.7485332e-06  0.0010936694  0.0000000   3.1798031e-05  0.0065796977  1.2843258e-06  
-6.3145657e-06  -1.1048421e-05  1.1567481e-05  -0.00010071565  1.1856682e-05  -5.5580791e-05  -6.5057573e-05  -3.1798031e-05  0.0000000   -0.00039782952  4.8000041e-06  -6.3145657e-06  -1.1048421e-05  1.1567481e-05  -0.00010071565  1.1856682e-05  -5.5580791e-05  -6.5057573e-05  -3.1798031e-05  0.0000000   -0.00039782952  4.8000041e-06  
1.9218249e-05  -8.1746274e-05  8.7348697e-06  -1.7777632e-05  9.9355540e-05  3.3416781e-05  0.00032783897  -0.0065796977  0.00039782952  0.0000000   6.3708471e-07  1.9218249e-05  -8.1746274e-05  8.7348697e-06  -1.7777632e-05  9.9355540e-05  3.3416781e-05  0.00032783897  -0.0065796977  0.00039782952  0.0000000   6.3708471e-07  
-1.5167229e-07  -3.8662324e-07  -2.1903071e-05  9.6531230e-05  -1.0831507e-06  2.6174048e-05  -3.6045889e-06  -1.2843258e-06  -4.8000041e-06  -6.3708471e-07  0.0000000   -1.5167229e-07  -3.8662324e-07  -2.1903071e-05  9.6531230e-05  -1.0831507e-06  2.6174048e-05  -3.6045889e-06  -1.2843258e-06  -4.8000041e-06  -6.3708471e-07  0.0000000   
