0.0000000   1.4056832e-06  -3.4527195e-06  0.00013432157  -2.5795144e-05  -6.2521451e-05  -1.5298770e-06  5.6829567e-05  -4.2201119e-05  1.0803151e-05  8.2324345e-07  0.0000000   1.4056832e-06  -3.4527195e-06  0.00013432157  -2.5795144e-05  -6.2521451e-05  -1.5298770e-06  5.6829567e-05  -4.2201119e-05  1.0803151e-05  8.2324345e-07  
-1.4056832e-06  0.0000000   1.0168256e-06  1.2964523e-05  8.0904492e-06  6.1999700e-06  0.00014664665  -1.2240730e-06  9.5663568e-07  -1.2253631e-06  -2.3474360e-05  -1.4056832e-06  0.0000000   1.0168256e-06  1.2964523e-05  8.0904492e-06  6.1999700e-06  0.00014664665  -1.2240730e-06  9.5663568e-07  -1.2253631e-06  -2.3474360e-05  
3.4527195e-06  -1.0168256e-06  0.0000000   -0.00025702484  -0.00027615262  -0.00015713629  8.1518773e-06  1.5244978e-05  -5.2682427e-05  -9.2060299e-06  -9.7236913e-07  3.4527195e-06  -1.0168256e-06  0.0000000   -0.00025702484  -0.00027615262  -0.00015713629  8.1518773e-06  1.5244978e-05  -5.2682427e-05  -9.2060299e-06  -9.7236913e-07  
-0.00013432157  -1.2964523e-05  0.00025702484  0.0000000   -0.00027297036  -9.1134534e-05  -2.6901585e-07  -3.9497833e-06  -1.3418855e-05  4.6642988e-05  1.0144301e-09  -0.00013432157  -1.2964523e-05  0.00025702484  0.0000000   -0.00027297036  -9.1134534e-05  -2.6901585e-07  -3.9497833e-06  -1.3418855e-05  4.6642988e-05  1.0144301e-09  
2.5795144e-05  -8.0904492e-06  0.00027615262  0.00027297036  0.0000000   -7.9710471e-05  4.9583035e-07  -0.00012234077  -3.1723649e-05  1.1262116e-05  4.1514095e-07  2.5795144e-05  -8.0904492e-06  0.00027615262  0.00027297036  0.0000000   -7.9710471e-05  4.9583035e-07  -0.00012234077  -3.1723649e-05  1.1262116e-05  4.1514095e-07  
6.2521451e-05  -6.1999700e-06  0.00015713629  9.1134534e-05  7.9710471e-05  0.0000000   2.7020620e-06  0.00042092000  -0.00019689179  0.00018570436  -3.9056756e-06  6.2521451e-05  -6.1999700e-06  0.00015713629  9.1134534e-05  7.9710471e-05  0.0000000   2.7020620e-06  0.00042092000  -0.00019689179  0.00018570436  -3.9056756e-06  
1.5298770e-06  -0.00014664665  -8.1518773e-06  2.6901585e-07  -4.9583035e-07  -2.7020620e-06  0.0000000   -5.0200559e-06  -1.3831980e-06  1.1766884e-06  -1.5993286e-05  1.5298770e-06  -0.00014664665  -8.1518773e-06  2.6901585e-07  -4.9583035e-07  -2.7020620e-06  0.0000000   -5.0200559e-06  -1.3831980e-06  1.1766884e-06  -1.5993286e-05  
-5.6829567e-05  1.2240730e-06  -1.5244978e-05  3.9497833e-06  0.00012234077  -0.00042092000  5.0200559e-06  0.0000000   -0.00017412226  0.00027434256  -3.0274776e-06  -5.6829567e-05  1.2240730e-06  -1.5244978e-05  3.9497833e-06  0.00012234077  -0.00042092000  5.0200559e-06  0.0000000   -0.00017412226  0.00027434256  -3.0274776e-06  
4.2201119e-05  -9.5663568e-07  5.2682427e-05  1.3418855e-05  3.1723649e-05  0.00019689179  1.3831980e-06  0.00017412226  0.0000000   0.0010825455  -2.2624376e-05  4.2201119e-05  -9.5663568e-07  5.2682427e-05  1.3418855e-05  3.1723649e-05  0.00019689179  1.3831980e-06  0.00017412226  0.0000000   0.0010825455  -2.2624376e-05  
-1.0803151e-05  1.2253631e-06  9.2060299e-06  -4.6642988e-05  -1.1262116e-05  -0.00018570436  -1.1766884e-06  -0.00027434256  -0.0010825455  0.0000000   1.1941103e-05  -1.0803151e-05  1.2253631e-06  9.2060299e-06  -4.6642988e-05  -1.1262116e-05  -0.00018570436  -1.1766884e-06  -0.00027434256  -0.0010825455  0.0000000   1.1941103e-05  
-8.2324345e-07  2.3474360e-05  9.7236913e-07  -1.0144301e-09  -4.1514095e-07  3.9056756e-06  1.5993286e-05  3.0274776e-06  2.2624376e-05  -1.1941103e-05  0.0000000   -8.2324345e-07  2.3474360e-05  9.7236913e-07  -1.0144301e-09  -4.1514095e-07  3.9056756e-06  1.5993286e-05  3.0274776e-06  2.2624376e-05  -1.1941103e-05  0.0000000   
0.0000000   1.4056832e-06  -3.4527195e-06  0.00013432157  -2.5795144e-05  -6.2521451e-05  -1.5298770e-06  5.6829567e-05  -4.2201119e-05  1.0803151e-05  8.2324345e-07  0.0000000   1.4056832e-06  -3.4527195e-06  0.00013432157  -2.5795144e-05  -6.2521451e-05  -1.5298770e-06  5.6829567e-05  -4.2201119e-05  1.0803151e-05  8.2324345e-07  
-1.4056832e-06  0.0000000   1.0168256e-06  1.2964523e-05  8.0904492e-06  6.1999700e-06  0.00014664665  -1.2240730e-06  9.5663568e-07  -1.2253631e-06  -2.3474360e-05  -1.4056832e-06  0.0000000   1.0168256e-06  1.2964523e-05  8.0904492e-06  6.1999700e-06  0.00014664665  -1.2240730e-06  9.5663568e-07  -1.2253631e-06  -2.3474360e-05  
3.4527195e-06  -1.0168256e-06  0.0000000   -0.00025702484  -0.00027615262  -0.00015713629  8.1518773e-06  1.5244978e-05  -5.2682427e-05  -9.2060299e-06  -9.7236913e-07  3.4527195e-06  -1.0168256e-06  0.0000000   -0.00025702484  -0.00027615262  -0.00015713629  8.1518773e-06  1.5244978e-05  -5.2682427e-05  -9.2060299e-06  -9.7236913e-07  
-0.00013432157  -1.2964523e-05  0.00025702484  0.0000000   -0.00027297036  -9.1134534e-05  -2.6901585e-07  -3.9497833e-06  -1.3418855e-05  4.6642988e-05  1.0144301e-09  -0.00013432157  -1.2964523e-05  0.00025702484  0.0000000   -0.00027297036  -9.1134534e-05  -2.6901585e-07  -3.9497833e-06  -1.3418855e-05  4.6642988e-05  1.0144301e-09  
2.5795144e-05  -8.0904492e-06  0.00027615262  0.00027297036  0.0000000   -7.9710471e-05  4.9583035e-07  -0.00012234077  -3.1723649e-05  1.1262116e-05  4.1514095e-07  2.5795144e-05  -8.0904492e-06  0.00027615262  0.00027297036  0.0000000   -7.9710471e-05  4.9583035e-07  -0.00012234077  -3.1723649e-05  1.1262116e-05  4.1514095e-07  
6.2521451e-05  -6.1999700e-06  0.00015713629  9.1134534e-05  7.9710471e-05  0.0000000   2.7020620e-06  0.00042092000  -0.00019689179  0.00018570436  -3.9056756e-06  6.2521451e-05  -6.1999700e-06  0.00015713629  9.1134534e-05  7.9710471e-05  0.0000000   2.7020620e-06  0.00042092000  -0.00019689179  0.00018570436  -3.9056756e-06  
1.5298770e-06  -0.00014664665  -8.1518773e-06  2.6901585e-07  -4.9583035e-07  -2.7020620e-06  0.0000000   -5.0200559e-06  -1.3831980e-06  1.1766884e-06  -1.5993286e-05  1.5298770e-06  -0.00014664665  -8.1518773e-06  2.6901585e-07  -4.9583035e-07  -2.7020620e-06  0.0000000   -5.0200559e-06  -1.3831980e-06  1.1766884e-06  -1.5993286e-05  
-5.6829567e-05  1.2240730e-06  -1.5244978e-05  3.9497833e-06  0.00012234077  -0.00042092000  5.0200559e-06  0.0000000   -0.00017412226  0.00027434256  -3.0274776e-06  -5.6829567e-05  1.2240730e-06  -1.5244978e-05  3.9497833e-06  0.00012234077  -0.00042092000  5.0200559e-06  0.0000000   -0.00017412226  0.00027434256  -3.0274776e-06  
4.2201119e-05  -9.5663568e-07  5.2682427e-05  1.3418855e-05  3.1723649e-05  0.00019689179  1.3831980e-06  0.00017412226  0.0000000   0.0010825455  -2.2624376e-05  4.2201119e-05  -9.5663568e-07  5.2682427e-05  1.3418855e-05  3.1723649e-05  0.00019689179  1.3831980e-06  0.00017412226  0.0000000   0.0010825455  -2.2624376e-05  
-1.0803151e-05  1.2253631e-06  9.2060299e-06  -4.6642988e-05  -1.1262116e-05  -0.00018570436  -1.1766884e-06  -0.00027434256  -0.0010825455  0.0000000   1.1941103e-05  -1.0803151e-05  1.2253631e-06  9.2060299e-06  -4.6642988e-05  -1.1262116e-05  -0.00018570436  -1.1766884e-06  -0.00027434256  -0.0010825455  0.0000000   1.1941103e-05  
-8.2324345e-07  2.3474360e-05  9.7236913e-07  -1.0144301e-09  -4.1514095e-07  3.9056756e-06  1.5993286e-05  3.0274776e-06  2.2624376e-05  -1.1941103e-05  0.0000000   -8.2324345e-07  2.3474360e-05  9.7236913e-07  -1.0144301e-09  -4.1514095e-07  3.9056756e-06  1.5993286e-05  3.0274776e-06  2.2624376e-05  -1.1941103e-05  0.0000000   
