0.0000000   4.9740178e-06  -3.6370952e-05  -0.00023753922  6.0605254e-05  -0.00013103367  -0.00021849883  7.9399964e-05  -7.6493250e-06  9.4683676e-07  -1.3745938e-06  0.0000000   4.9740178e-06  -3.6370952e-05  -0.00023753922  6.0605254e-05  -0.00013103367  -0.00021849883  7.9399964e-05  -7.6493250e-06  9.4683676e-07  -1.3745938e-06  
-4.9740178e-06  0.0000000   0.00065287746  -1.4780873e-05  8.7637737e-06  -3.6640488e-06  -1.2971895e-05  2.8829502e-06  -1.4920456e-06  1.2281665e-05  7.8299039e-07  -4.9740178e-06  0.0000000   0.00065287746  -1.4780873e-05  8.7637737e-06  -3.6640488e-06  -1.2971895e-05  2.8829502e-06  -1.4920456e-06  1.2281665e-05  7.8299039e-07  
3.6370952e-05  -0.00065287746  0.0000000   -4.2669994e-06  -4.5178995e-06  -7.9073610e-06  3.5046539e-06  6.4923219e-06  2.3763785e-06  3.7665403e-05  4.5217210e-05  3.6370952e-05  -0.00065287746  0.0000000   -4.2669994e-06  -4.5178995e-06  -7.9073610e-06  3.5046539e-06  6.4923219e-06  2.3763785e-06  3.7665403e-05  4.5217210e-05  
0.00023753922  1.4780873e-05  4.2669994e-06  0.0000000   -0.00015516310  1.3001100e-05  -0.00019441996  2.5122362e-05  -1.9908457e-05  -2.3314243e-07  -2.9222003e-06  0.00023753922  1.4780873e-05  4.2669994e-06  0.0000000   -0.00015516310  1.3001100e-05  -0.00019441996  2.5122362e-05  -1.9908457e-05  -2.3314243e-07  -2.9222003e-06  
-6.0605254e-05  -8.7637737e-06  4.5178995e-06  0.00015516310  0.0000000   0.00023036248  -6.7183871e-05  0.00017756427  5.0539325e-05  -1.6498071e-06  4.1837209e-07  -6.0605254e-05  -8.7637737e-06  4.5178995e-06  0.00015516310  0.0000000   0.00023036248  -6.7183871e-05  0.00017756427  5.0539325e-05  -1.6498071e-06  4.1837209e-07  
0.00013103367  3.6640488e-06  7.9073610e-06  -1.3001100e-05  -0.00023036248  0.0000000   0.0018156796  0.00039028344  -0.00038746426  5.7742342e-06  6.3719624e-06  0.00013103367  3.6640488e-06  7.9073610e-06  -1.3001100e-05  -0.00023036248  0.0000000   0.0018156796  0.00039028344  -0.00038746426  5.7742342e-06  6.3719624e-06  
0.00021849883  1.2971895e-05  -3.5046539e-06  0.00019441996  6.7183871e-05  -0.0018156796  0.0000000   -7.5342879e-05  0.00024597327  1.2605322e-05  1.1404006e-06  0.00021849883  1.2971895e-05  -3.5046539e-06  0.00019441996  6.7183871e-05  -0.0018156796  0.0000000   -7.5342879e-05  0.00024597327  1.2605322e-05  1.1404006e-06  
-7.9399964e-05  -2.8829502e-06  -6.4923219e-06  -2.5122362e-05  -0.00017756427  -0.00039028344  7.5342879e-05  0.0000000   -0.0048261537  -5.9949981e-05  2.3155176e-05  -7.9399964e-05  -2.8829502e-06  -6.4923219e-06  -2.5122362e-05  -0.00017756427  -0.00039028344  7.5342879e-05  0.0000000   -0.0048261537  -5.9949981e-05  2.3155176e-05  
7.6493250e-06  1.4920456e-06  -2.3763785e-06  1.9908457e-05  -5.0539325e-05  0.00038746426  -0.00024597327  0.0048261537  0.0000000   2.7049873e-05  5.6296769e-05  7.6493250e-06  1.4920456e-06  -2.3763785e-06  1.9908457e-05  -5.0539325e-05  0.00038746426  -0.00024597327  0.0048261537  0.0000000   2.7049873e-05  5.6296769e-05  
-9.4683676e-07  -1.2281665e-05  -3.7665403e-05  2.3314243e-07  1.6498071e-06  -5.7742342e-06  -1.2605322e-05  5.9949981e-05  -2.7049873e-05  0.0000000   -0.0048199403  -9.4683676e-07  -1.2281665e-05  -3.7665403e-05  2.3314243e-07  1.6498071e-06  -5.7742342e-06  -1.2605322e-05  5.9949981e-05  -2.7049873e-05  0.0000000   -0.0048199403  
1.3745938e-06  -7.8299039e-07  -4.5217210e-05  2.9222003e-06  -4.1837209e-07  -6.3719624e-06  -1.1404006e-06  -2.3155176e-05  -5.6296769e-05  0.0048199403  0.0000000   1.3745938e-06  -7.8299039e-07  -4.5217210e-05  2.9222003e-06  -4.1837209e-07  -6.3719624e-06  -1.1404006e-06  -2.3155176e-05  -5.6296769e-05  0.0048199403  0.0000000   
0.0000000   4.9740178e-06  -3.6370952e-05  -0.00023753922  6.0605254e-05  -0.00013103367  -0.00021849883  7.9399964e-05  -7.6493250e-06  9.4683676e-07  -1.3745938e-06  0.0000000   4.9740178e-06  -3.6370952e-05  -0.00023753922  6.0605254e-05  -0.00013103367  -0.00021849883  7.9399964e-05  -7.6493250e-06  9.4683676e-07  -1.3745938e-06  
-4.9740178e-06  0.0000000   0.00065287746  -1.4780873e-05  8.7637737e-06  -3.6640488e-06  -1.2971895e-05  2.8829502e-06  -1.4920456e-06  1.2281665e-05  7.8299039e-07  -4.9740178e-06  0.0000000   0.00065287746  -1.4780873e-05  8.7637737e-06  -3.6640488e-06  -1.2971895e-05  2.8829502e-06  -1.4920456e-06  1.2281665e-05  7.8299039e-07  
3.6370952e-05  -0.00065287746  0.0000000   -4.2669994e-06  -4.5178995e-06  -7.9073610e-06  3.5046539e-06  6.4923219e-06  2.3763785e-06  3.7665403e-05  4.5217210e-05  3.6370952e-05  -0.00065287746  0.0000000   -4.2669994e-06  -4.5178995e-06  -7.9073610e-06  3.5046539e-06  6.4923219e-06  2.3763785e-06  3.7665403e-05  4.5217210e-05  
0.00023753922  1.4780873e-05  4.2669994e-06  0.0000000   -0.00015516310  1.3001100e-05  -0.00019441996  2.5122362e-05  -1.9908457e-05  -2.3314243e-07  -2.9222003e-06  0.00023753922  1.4780873e-05  4.2669994e-06  0.0000000   -0.00015516310  1.3001100e-05  -0.00019441996  2.5122362e-05  -1.9908457e-05  -2.3314243e-07  -2.9222003e-06  
-6.0605254e-05  -8.7637737e-06  4.5178995e-06  0.00015516310  0.0000000   0.00023036248  -6.7183871e-05  0.00017756427  5.0539325e-05  -1.6498071e-06  4.1837209e-07  -6.0605254e-05  -8.7637737e-06  4.5178995e-06  0.00015516310  0.0000000   0.00023036248  -6.7183871e-05  0.00017756427  5.0539325e-05  -1.6498071e-06  4.1837209e-07  
0.00013103367  3.6640488e-06  7.9073610e-06  -1.3001100e-05  -0.00023036248  0.0000000   0.0018156796  0.00039028344  -0.00038746426  5.7742342e-06  6.3719624e-06  0.00013103367  3.6640488e-06  7.9073610e-06  -1.3001100e-05  -0.00023036248  0.0000000   0.0018156796  0.00039028344  -0.00038746426  5.7742342e-06  6.3719624e-06  
0.00021849883  1.2971895e-05  -3.5046539e-06  0.00019441996  6.7183871e-05  -0.0018156796  0.0000000   -7.5342879e-05  0.00024597327  1.2605322e-05  1.1404006e-06  0.00021849883  1.2971895e-05  -3.5046539e-06  0.00019441996  6.7183871e-05  -0.0018156796  0.0000000   -7.5342879e-05  0.00024597327  1.2605322e-05  1.1404006e-06  
-7.9399964e-05  -2.8829502e-06  -6.4923219e-06  -2.5122362e-05  -0.00017756427  -0.00039028344  7.5342879e-05  0.0000000   -0.0048261537  -5.9949981e-05  2.3155176e-05  -7.9399964e-05  -2.8829502e-06  -6.4923219e-06  -2.5122362e-05  -0.00017756427  -0.00039028344  7.5342879e-05  0.0000000   -0.0048261537  -5.9949981e-05  2.3155176e-05  
7.6493250e-06  1.4920456e-06  -2.3763785e-06  1.9908457e-05  -5.0539325e-05  0.00038746426  -0.00024597327  0.0048261537  0.0000000   2.7049873e-05  5.6296769e-05  7.6493250e-06  1.4920456e-06  -2.3763785e-06  1.9908457e-05  -5.0539325e-05  0.00038746426  -0.00024597327  0.0048261537  0.0000000   2.7049873e-05  5.6296769e-05  
-9.4683676e-07  -1.2281665e-05  -3.7665403e-05  2.3314243e-07  1.6498071e-06  -5.7742342e-06  -1.2605322e-05  5.9949981e-05  -2.7049873e-05  0.0000000   -0.0048199403  -9.4683676e-07  -1.2281665e-05  -3.7665403e-05  2.3314243e-07  1.6498071e-06  -5.7742342e-06  -1.2605322e-05  5.9949981e-05  -2.7049873e-05  0.0000000   -0.0048199403  
1.3745938e-06  -7.8299039e-07  -4.5217210e-05  2.9222003e-06  -4.1837209e-07  -6.3719624e-06  -1.1404006e-06  -2.3155176e-05  -5.6296769e-05  0.0048199403  0.0000000   1.3745938e-06  -7.8299039e-07  -4.5217210e-05  2.9222003e-06  -4.1837209e-07  -6.3719624e-06  -1.1404006e-06  -2.3155176e-05  -5.6296769e-05  0.0048199403  0.0000000   
