0.0000000   0.00010464721  5.0036815e-06  -3.7320621e-06  -6.8492293e-05  9.7380329e-07  1.3005546e-06  0.00019973474  7.0616666e-05  3.3284453e-06  -7.3610607e-06  0.0000000   0.00010464721  5.0036815e-06  -3.7320621e-06  -6.8492293e-05  9.7380329e-07  1.3005546e-06  0.00019973474  7.0616666e-05  3.3284453e-06  -7.3610607e-06  
-0.00010464721  0.0000000   -1.7392596e-06  1.6457153e-05  0.00011516139  -8.0348630e-08  1.3040760e-06  5.5239590e-05  6.9391699e-05  0.00013187017  -0.00014666937  -0.00010464721  0.0000000   -1.7392596e-06  1.6457153e-05  0.00011516139  -8.0348630e-08  1.3040760e-06  5.5239590e-05  6.9391699e-05  0.00013187017  -0.00014666937  
-5.0036815e-06  1.7392596e-06  0.0000000   0.0016521159  -8.7441979e-05  -0.00019243408  0.00010262904  2.6804067e-06  6.9958692e-06  -2.0621415e-06  1.6811703e-06  -5.0036815e-06  1.7392596e-06  0.0000000   0.0016521159  -8.7441979e-05  -0.00019243408  0.00010262904  2.6804067e-06  6.9958692e-06  -2.0621415e-06  1.6811703e-06  
3.7320621e-06  -1.6457153e-05  -0.0016521159  0.0000000   -6.1325341e-05  -0.00042384245  -0.00010984915  -3.3032166e-06  -4.1848317e-06  1.3211048e-05  3.3058380e-06  3.7320621e-06  -1.6457153e-05  -0.0016521159  0.0000000   -6.1325341e-05  -0.00042384245  -0.00010984915  -3.3032166e-06  -4.1848317e-06  1.3211048e-05  3.3058380e-06  
6.8492293e-05  -0.00011516139  8.7441979e-05  6.1325341e-05  0.0000000   1.2957130e-05  8.5436810e-06  -0.00010480297  -0.00017729365  0.00019905187  2.7864662e-05  6.8492293e-05  -0.00011516139  8.7441979e-05  6.1325341e-05  0.0000000   1.2957130e-05  8.5436810e-06  -0.00010480297  -0.00017729365  0.00019905187  2.7864662e-05  
-9.7380329e-07  8.0348630e-08  0.00019243408  0.00042384245  -1.2957130e-05  0.0000000   0.00015542628  -4.9208025e-07  -3.6608468e-06  4.1504724e-07  -1.0465268e-07  -9.7380329e-07  8.0348630e-08  0.00019243408  0.00042384245  -1.2957130e-05  0.0000000   0.00015542628  -4.9208025e-07  -3.6608468e-06  4.1504724e-07  -1.0465268e-07  
-1.3005546e-06  -1.3040760e-06  -0.00010262904  0.00010984915  -8.5436810e-06  -0.00015542628  0.0000000   2.1857378e-06  5.6732565e-07  -3.1731351e-06  -4.5936857e-08  -1.3005546e-06  -1.3040760e-06  -0.00010262904  0.00010984915  -8.5436810e-06  -0.00015542628  0.0000000   2.1857378e-06  5.6732565e-07  -3.1731351e-06  -4.5936857e-08  
-0.00019973474  -5.5239590e-05  -2.6804067e-06  3.3032166e-06  0.00010480297  4.9208025e-07  -2.1857378e-06  0.0000000   -0.00012249799  -3.1042311e-05  4.7155103e-05  -0.00019973474  -5.5239590e-05  -2.6804067e-06  3.3032166e-06  0.00010480297  4.9208025e-07  -2.1857378e-06  0.0000000   -0.00012249799  -3.1042311e-05  4.7155103e-05  
-7.0616666e-05  -6.9391699e-05  -6.9958692e-06  4.1848317e-06  0.00017729365  3.6608468e-06  -5.6732565e-07  0.00012249799  0.0000000   -0.00043671108  -0.00011244694  -7.0616666e-05  -6.9391699e-05  -6.9958692e-06  4.1848317e-06  0.00017729365  3.6608468e-06  -5.6732565e-07  0.00012249799  0.0000000   -0.00043671108  -0.00011244694  
-3.3284453e-06  -0.00013187017  2.0621415e-06  -1.3211048e-05  -0.00019905187  -4.1504724e-07  3.1731351e-06  3.1042311e-05  0.00043671108  0.0000000   0.00017930860  -3.3284453e-06  -0.00013187017  2.0621415e-06  -1.3211048e-05  -0.00019905187  -4.1504724e-07  3.1731351e-06  3.1042311e-05  0.00043671108  0.0000000   0.00017930860  
7.3610607e-06  0.00014666937  -1.6811703e-06  -3.3058380e-06  -2.7864662e-05  1.0465268e-07  4.5936857e-08  -4.7155103e-05  0.00011244694  -0.00017930860  0.0000000   7.3610607e-06  0.00014666937  -1.6811703e-06  -3.3058380e-06  -2.7864662e-05  1.0465268e-07  4.5936857e-08  -4.7155103e-05  0.00011244694  -0.00017930860  0.0000000   
0.0000000   0.00010464721  5.0036815e-06  -3.7320621e-06  -6.8492293e-05  9.7380329e-07  1.3005546e-06  0.00019973474  7.0616666e-05  3.3284453e-06  -7.3610607e-06  0.0000000   0.00010464721  5.0036815e-06  -3.7320621e-06  -6.8492293e-05  9.7380329e-07  1.3005546e-06  0.00019973474  7.0616666e-05  3.3284453e-06  -7.3610607e-06  
-0.00010464721  0.0000000   -1.7392596e-06  1.6457153e-05  0.00011516139  -8.0348630e-08  1.3040760e-06  5.5239590e-05  6.9391699e-05  0.00013187017  -0.00014666937  -0.00010464721  0.0000000   -1.7392596e-06  1.6457153e-05  0.00011516139  -8.0348630e-08  1.3040760e-06  5.5239590e-05  6.9391699e-05  0.00013187017  -0.00014666937  
-5.0036815e-06  1.7392596e-06  0.0000000   0.0016521159  -8.7441979e-05  -0.00019243408  0.00010262904  2.6804067e-06  6.9958692e-06  -2.0621415e-06  1.6811703e-06  -5.0036815e-06  1.7392596e-06  0.0000000   0.0016521159  -8.7441979e-05  -0.00019243408  0.00010262904  2.6804067e-06  6.9958692e-06  -2.0621415e-06  1.6811703e-06  
3.7320621e-06  -1.6457153e-05  -0.0016521159  0.0000000   -6.1325341e-05  -0.00042384245  -0.00010984915  -3.3032166e-06  -4.1848317e-06  1.3211048e-05  3.3058380e-06  3.7320621e-06  -1.6457153e-05  -0.0016521159  0.0000000   -6.1325341e-05  -0.00042384245  -0.00010984915  -3.3032166e-06  -4.1848317e-06  1.3211048e-05  3.3058380e-06  
6.8492293e-05  -0.00011516139  8.7441979e-05  6.1325341e-05  0.0000000   1.2957130e-05  8.5436810e-06  -0.00010480297  -0.00017729365  0.00019905187  2.7864662e-05  6.8492293e-05  -0.00011516139  8.7441979e-05  6.1325341e-05  0.0000000   1.2957130e-05  8.5436810e-06  -0.00010480297  -0.00017729365  0.00019905187  2.7864662e-05  
-9.7380329e-07  8.0348630e-08  0.00019243408  0.00042384245  -1.2957130e-05  0.0000000   0.00015542628  -4.9208025e-07  -3.6608468e-06  4.1504724e-07  -1.0465268e-07  -9.7380329e-07  8.0348630e-08  0.00019243408  0.00042384245  -1.2957130e-05  0.0000000   0.00015542628  -4.9208025e-07  -3.6608468e-06  4.1504724e-07  -1.0465268e-07  
-1.3005546e-06  -1.3040760e-06  -0.00010262904  0.00010984915  -8.5436810e-06  -0.00015542628  0.0000000   2.1857378e-06  5.6732565e-07  -3.1731351e-06  -4.5936857e-08  -1.3005546e-06  -1.3040760e-06  -0.00010262904  0.00010984915  -8.5436810e-06  -0.00015542628  0.0000000   2.1857378e-06  5.6732565e-07  -3.1731351e-06  -4.5936857e-08  
-0.00019973474  -5.5239590e-05  -2.6804067e-06  3.3032166e-06  0.00010480297  4.9208025e-07  -2.1857378e-06  0.0000000   -0.00012249799  -3.1042311e-05  4.7155103e-05  -0.00019973474  -5.5239590e-05  -2.6804067e-06  3.3032166e-06  0.00010480297  4.9208025e-07  -2.1857378e-06  0.0000000   -0.00012249799  -3.1042311e-05  4.7155103e-05  
-7.0616666e-05  -6.9391699e-05  -6.9958692e-06  4.1848317e-06  0.00017729365  3.6608468e-06  -5.6732565e-07  0.00012249799  0.0000000   -0.00043671108  -0.00011244694  -7.0616666e-05  -6.9391699e-05  -6.9958692e-06  4.1848317e-06  0.00017729365  3.6608468e-06  -5.6732565e-07  0.00012249799  0.0000000   -0.00043671108  -0.00011244694  
-3.3284453e-06  -0.00013187017  2.0621415e-06  -1.3211048e-05  -0.00019905187  -4.1504724e-07  3.1731351e-06  3.1042311e-05  0.00043671108  0.0000000   0.00017930860  -3.3284453e-06  -0.00013187017  2.0621415e-06  -1.3211048e-05  -0.00019905187  -4.1504724e-07  3.1731351e-06  3.1042311e-05  0.00043671108  0.0000000   0.00017930860  
7.3610607e-06  0.00014666937  -1.6811703e-06  -3.3058380e-06  -2.7864662e-05  1.0465268e-07  4.5936857e-08  -4.7155103e-05  0.00011244694  -0.00017930860  0.0000000   7.3610607e-06  0.00014666937  -1.6811703e-06  -3.3058380e-06  -2.7864662e-05  1.0465268e-07  4.5936857e-08  -4.7155103e-05  0.00011244694  -0.00017930860  0.0000000   
