0.0000000   -4.1813734e-07  2.5096735e-05  -9.8184171e-07  2.0827559e-06  -1.1733812e-07  9.6761636e-07  8.9456652e-07  -1.7894317e-05  -4.4568071e-09  7.2047738e-07  0.0000000   -4.1813734e-07  2.5096735e-05  -9.8184171e-07  2.0827559e-06  -1.1733812e-07  9.6761636e-07  8.9456652e-07  -1.7894317e-05  -4.4568071e-09  7.2047738e-07  
4.1813734e-07  0.0000000   -1.7179100e-06  -5.5777886e-05  0.00012870942  -9.0641873e-05  0.00018406823  0.00024641731  1.3634216e-06  2.2395890e-05  -6.0488158e-05  4.1813734e-07  0.0000000   -1.7179100e-06  -5.5777886e-05  0.00012870942  -9.0641873e-05  0.00018406823  0.00024641731  1.3634216e-06  2.2395890e-05  -6.0488158e-05  
-2.5096735e-05  1.7179100e-06  0.0000000   6.5159347e-05  -8.4347330e-05  9.2911166e-07  -4.1572451e-06  -1.9831868e-06  8.1570305e-05  -3.1259926e-06  -2.9891219e-07  -2.5096735e-05  1.7179100e-06  0.0000000   6.5159347e-05  -8.4347330e-05  9.2911166e-07  -4.1572451e-06  -1.9831868e-06  8.1570305e-05  -3.1259926e-06  -2.9891219e-07  
9.8184171e-07  5.5777886e-05  -6.5159347e-05  0.0000000   0.0040407671  0.00021259629  0.00011431043  -1.3606604e-05  -2.5203034e-06  -5.3841536e-05  -5.6745440e-06  9.8184171e-07  5.5777886e-05  -6.5159347e-05  0.0000000   0.0040407671  0.00021259629  0.00011431043  -1.3606604e-05  -2.5203034e-06  -5.3841536e-05  -5.6745440e-06  
-2.0827559e-06  -0.00012870942  8.4347330e-05  -0.0040407671  0.0000000   -0.00017335449  8.6143904e-05  1.2353388e-05  1.6469131e-05  0.00020102779  0.00011787344  -2.0827559e-06  -0.00012870942  8.4347330e-05  -0.0040407671  0.0000000   -0.00017335449  8.6143904e-05  1.2353388e-05  1.6469131e-05  0.00020102779  0.00011787344  
1.1733812e-07  9.0641873e-05  -9.2911166e-07  -0.00021259629  0.00017335449  0.0000000   -0.00022655016  0.00017550880  2.0560658e-06  0.00010922265  -0.00023838987  1.1733812e-07  9.0641873e-05  -9.2911166e-07  -0.00021259629  0.00017335449  0.0000000   -0.00022655016  0.00017550880  2.0560658e-06  0.00010922265  -0.00023838987  
-9.6761636e-07  -0.00018406823  4.1572451e-06  -0.00011431043  -8.6143904e-05  0.00022655016  0.0000000   -7.7673631e-05  -5.1458353e-07  -0.00019318986  0.00011843910  -9.6761636e-07  -0.00018406823  4.1572451e-06  -0.00011431043  -8.6143904e-05  0.00022655016  0.0000000   -7.7673631e-05  -5.1458353e-07  -0.00019318986  0.00011843910  
-8.9456652e-07  -0.00024641731  1.9831868e-06  1.3606604e-05  -1.2353388e-05  -0.00017550880  7.7673631e-05  0.0000000   -1.6165649e-06  -0.00028774122  3.5174075e-05  -8.9456652e-07  -0.00024641731  1.9831868e-06  1.3606604e-05  -1.2353388e-05  -0.00017550880  7.7673631e-05  0.0000000   -1.6165649e-06  -0.00028774122  3.5174075e-05  
1.7894317e-05  -1.3634216e-06  -8.1570305e-05  2.5203034e-06  -1.6469131e-05  -2.0560658e-06  5.1458353e-07  1.6165649e-06  0.0000000   -3.2705150e-06  -8.5574108e-08  1.7894317e-05  -1.3634216e-06  -8.1570305e-05  2.5203034e-06  -1.6469131e-05  -2.0560658e-06  5.1458353e-07  1.6165649e-06  0.0000000   -3.2705150e-06  -8.5574108e-08  
4.4568071e-09  -2.2395890e-05  3.1259926e-06  5.3841536e-05  -0.00020102779  -0.00010922265  0.00019318986  0.00028774122  3.2705150e-06  0.0000000   0.00039567560  4.4568071e-09  -2.2395890e-05  3.1259926e-06  5.3841536e-05  -0.00020102779  -0.00010922265  0.00019318986  0.00028774122  3.2705150e-06  0.0000000   0.00039567560  
-7.2047738e-07  6.0488158e-05  2.9891219e-07  5.6745440e-06  -0.00011787344  0.00023838987  -0.00011843910  -3.5174075e-05  8.5574108e-08  -0.00039567560  0.0000000   -7.2047738e-07  6.0488158e-05  2.9891219e-07  5.6745440e-06  -0.00011787344  0.00023838987  -0.00011843910  -3.5174075e-05  8.5574108e-08  -0.00039567560  0.0000000   
0.0000000   -4.1813734e-07  2.5096735e-05  -9.8184171e-07  2.0827559e-06  -1.1733812e-07  9.6761636e-07  8.9456652e-07  -1.7894317e-05  -4.4568071e-09  7.2047738e-07  0.0000000   -4.1813734e-07  2.5096735e-05  -9.8184171e-07  2.0827559e-06  -1.1733812e-07  9.6761636e-07  8.9456652e-07  -1.7894317e-05  -4.4568071e-09  7.2047738e-07  
4.1813734e-07  0.0000000   -1.7179100e-06  -5.5777886e-05  0.00012870942  -9.0641873e-05  0.00018406823  0.00024641731  1.3634216e-06  2.2395890e-05  -6.0488158e-05  4.1813734e-07  0.0000000   -1.7179100e-06  -5.5777886e-05  0.00012870942  -9.0641873e-05  0.00018406823  0.00024641731  1.3634216e-06  2.2395890e-05  -6.0488158e-05  
-2.5096735e-05  1.7179100e-06  0.0000000   6.5159347e-05  -8.4347330e-05  9.2911166e-07  -4.1572451e-06  -1.9831868e-06  8.1570305e-05  -3.1259926e-06  -2.9891219e-07  -2.5096735e-05  1.7179100e-06  0.0000000   6.5159347e-05  -8.4347330e-05  9.2911166e-07  -4.1572451e-06  -1.9831868e-06  8.1570305e-05  -3.1259926e-06  -2.9891219e-07  
9.8184171e-07  5.5777886e-05  -6.5159347e-05  0.0000000   0.0040407671  0.00021259629  0.00011431043  -1.3606604e-05  -2.5203034e-06  -5.3841536e-05  -5.6745440e-06  9.8184171e-07  5.5777886e-05  -6.5159347e-05  0.0000000   0.0040407671  0.00021259629  0.00011431043  -1.3606604e-05  -2.5203034e-06  -5.3841536e-05  -5.6745440e-06  
-2.0827559e-06  -0.00012870942  8.4347330e-05  -0.0040407671  0.0000000   -0.00017335449  8.6143904e-05  1.2353388e-05  1.6469131e-05  0.00020102779  0.00011787344  -2.0827559e-06  -0.00012870942  8.4347330e-05  -0.0040407671  0.0000000   -0.00017335449  8.6143904e-05  1.2353388e-05  1.6469131e-05  0.00020102779  0.00011787344  
1.1733812e-07  9.0641873e-05  -9.2911166e-07  -0.00021259629  0.00017335449  0.0000000   -0.00022655016  0.00017550880  2.0560658e-06  0.00010922265  -0.00023838987  1.1733812e-07  9.0641873e-05  -9.2911166e-07  -0.00021259629  0.00017335449  0.0000000   -0.00022655016  0.00017550880  2.0560658e-06  0.00010922265  -0.00023838987  
-9.6761636e-07  -0.00018406823  4.1572451e-06  -0.00011431043  -8.6143904e-05  0.00022655016  0.0000000   -7.7673631e-05  -5.1458353e-07  -0.00019318986  0.00011843910  -9.6761636e-07  -0.00018406823  4.1572451e-06  -0.00011431043  -8.6143904e-05  0.00022655016  0.0000000   -7.7673631e-05  -5.1458353e-07  -0.00019318986  0.00011843910  
-8.9456652e-07  -0.00024641731  1.9831868e-06  1.3606604e-05  -1.2353388e-05  -0.00017550880  7.7673631e-05  0.0000000   -1.6165649e-06  -0.00028774122  3.5174075e-05  -8.9456652e-07  -0.00024641731  1.9831868e-06  1.3606604e-05  -1.2353388e-05  -0.00017550880  7.7673631e-05  0.0000000   -1.6165649e-06  -0.00028774122  3.5174075e-05  
1.7894317e-05  -1.3634216e-06  -8.1570305e-05  2.5203034e-06  -1.6469131e-05  -2.0560658e-06  5.1458353e-07  1.6165649e-06  0.0000000   -3.2705150e-06  -8.5574108e-08  1.7894317e-05  -1.3634216e-06  -8.1570305e-05  2.5203034e-06  -1.6469131e-05  -2.0560658e-06  5.1458353e-07  1.6165649e-06  0.0000000   -3.2705150e-06  -8.5574108e-08  
4.4568071e-09  -2.2395890e-05  3.1259926e-06  5.3841536e-05  -0.00020102779  -0.00010922265  0.00019318986  0.00028774122  3.2705150e-06  0.0000000   0.00039567560  4.4568071e-09  -2.2395890e-05  3.1259926e-06  5.3841536e-05  -0.00020102779  -0.00010922265  0.00019318986  0.00028774122  3.2705150e-06  0.0000000   0.00039567560  
-7.2047738e-07  6.0488158e-05  2.9891219e-07  5.6745440e-06  -0.00011787344  0.00023838987  -0.00011843910  -3.5174075e-05  8.5574108e-08  -0.00039567560  0.0000000   -7.2047738e-07  6.0488158e-05  2.9891219e-07  5.6745440e-06  -0.00011787344  0.00023838987  -0.00011843910  -3.5174075e-05  8.5574108e-08  -0.00039567560  0.0000000   
