0.0000000   0.0023097329  -7.0401294e-05  0.00033467140  -9.8847545e-05  0.00016291617  0.00017844908  -0.00013281400  2.2511984e-05  -1.2440025e-06  -1.1118725e-05  0.0000000   0.0023097329  -7.0401294e-05  0.00033467140  -9.8847545e-05  0.00016291617  0.00017844908  -0.00013281400  2.2511984e-05  -1.2440025e-06  -1.1118725e-05  
-0.0023097329  0.0000000   1.2513251e-05  0.00038660161  0.00017661678  8.5160846e-05  0.00018628647  -1.0950532e-05  4.1866356e-06  -9.9449331e-06  -2.6781159e-05  -0.0023097329  0.0000000   1.2513251e-05  0.00038660161  0.00017661678  8.5160846e-05  0.00018628647  -1.0950532e-05  4.1866356e-06  -9.9449331e-06  -2.6781159e-05  
7.0401294e-05  -1.2513251e-05  0.0000000   -1.0483724e-05  -6.8880444e-06  -8.7927542e-06  -1.5317988e-06  1.0163720e-05  5.0009166e-05  1.8556446e-06  -1.0887553e-06  7.0401294e-05  -1.2513251e-05  0.0000000   -1.0483724e-05  -6.8880444e-06  -8.7927542e-06  -1.5317988e-06  1.0163720e-05  5.0009166e-05  1.8556446e-06  -1.0887553e-06  
-0.00033467140  -0.00038660161  1.0483724e-05  0.0000000   3.6562536e-05  6.3159062e-05  0.00021245594  -6.8601807e-05  1.2414711e-05  2.0397306e-06  2.2254093e-05  -0.00033467140  -0.00038660161  1.0483724e-05  0.0000000   3.6562536e-05  6.3159062e-05  0.00021245594  -6.8601807e-05  1.2414711e-05  2.0397306e-06  2.2254093e-05  
9.8847545e-05  -0.00017661678  6.8880444e-06  -3.6562536e-05  0.0000000   -0.00022564297  5.9125184e-05  -0.00015303787  2.7987186e-05  -1.9633706e-05  3.3936756e-05  9.8847545e-05  -0.00017661678  6.8880444e-06  -3.6562536e-05  0.0000000   -0.00022564297  5.9125184e-05  -0.00015303787  2.7987186e-05  -1.9633706e-05  3.3936756e-05  
-0.00016291617  -8.5160846e-05  8.7927542e-06  -6.3159062e-05  0.00022564297  0.0000000   -0.0011691462  -0.00043544401  7.3149231e-05  6.2120299e-05  -0.00011197739  -0.00016291617  -8.5160846e-05  8.7927542e-06  -6.3159062e-05  0.00022564297  0.0000000   -0.0011691462  -0.00043544401  7.3149231e-05  6.2120299e-05  -0.00011197739  
-0.00017844908  -0.00018628647  1.5317988e-06  -0.00021245594  -5.9125184e-05  0.0011691462  0.0000000   0.00013137875  -3.0781476e-05  -2.1197273e-05  -9.6766467e-05  -0.00017844908  -0.00018628647  1.5317988e-06  -0.00021245594  -5.9125184e-05  0.0011691462  0.0000000   0.00013137875  -3.0781476e-05  -2.1197273e-05  -9.6766467e-05  
0.00013281400  1.0950532e-05  -1.0163720e-05  6.8601807e-05  0.00015303787  0.00043544401  -0.00013137875  0.0000000   -4.4324839e-06  0.00040538515  6.9924408e-05  0.00013281400  1.0950532e-05  -1.0163720e-05  6.8601807e-05  0.00015303787  0.00043544401  -0.00013137875  0.0000000   -4.4324839e-06  0.00040538515  6.9924408e-05  
-2.2511984e-05  -4.1866356e-06  -5.0009166e-05  -1.2414711e-05  -2.7987186e-05  -7.3149231e-05  3.0781476e-05  4.4324839e-06  0.0000000   -8.0441387e-05  -5.6539029e-05  -2.2511984e-05  -4.1866356e-06  -5.0009166e-05  -1.2414711e-05  -2.7987186e-05  -7.3149231e-05  3.0781476e-05  4.4324839e-06  0.0000000   -8.0441387e-05  -5.6539029e-05  
1.2440025e-06  9.9449331e-06  -1.8556446e-06  -2.0397306e-06  1.9633706e-05  -6.2120299e-05  2.1197273e-05  -0.00040538515  8.0441387e-05  0.0000000   -0.0059354204  1.2440025e-06  9.9449331e-06  -1.8556446e-06  -2.0397306e-06  1.9633706e-05  -6.2120299e-05  2.1197273e-05  -0.00040538515  8.0441387e-05  0.0000000   -0.0059354204  
1.1118725e-05  2.6781159e-05  1.0887553e-06  -2.2254093e-05  -3.3936756e-05  0.00011197739  9.6766467e-05  -6.9924408e-05  5.6539029e-05  0.0059354204  0.0000000   1.1118725e-05  2.6781159e-05  1.0887553e-06  -2.2254093e-05  -3.3936756e-05  0.00011197739  9.6766467e-05  -6.9924408e-05  5.6539029e-05  0.0059354204  0.0000000   
0.0000000   0.0023097329  -7.0401294e-05  0.00033467140  -9.8847545e-05  0.00016291617  0.00017844908  -0.00013281400  2.2511984e-05  -1.2440025e-06  -1.1118725e-05  0.0000000   0.0023097329  -7.0401294e-05  0.00033467140  -9.8847545e-05  0.00016291617  0.00017844908  -0.00013281400  2.2511984e-05  -1.2440025e-06  -1.1118725e-05  
-0.0023097329  0.0000000   1.2513251e-05  0.00038660161  0.00017661678  8.5160846e-05  0.00018628647  -1.0950532e-05  4.1866356e-06  -9.9449331e-06  -2.6781159e-05  -0.0023097329  0.0000000   1.2513251e-05  0.00038660161  0.00017661678  8.5160846e-05  0.00018628647  -1.0950532e-05  4.1866356e-06  -9.9449331e-06  -2.6781159e-05  
7.0401294e-05  -1.2513251e-05  0.0000000   -1.0483724e-05  -6.8880444e-06  -8.7927542e-06  -1.5317988e-06  1.0163720e-05  5.0009166e-05  1.8556446e-06  -1.0887553e-06  7.0401294e-05  -1.2513251e-05  0.0000000   -1.0483724e-05  -6.8880444e-06  -8.7927542e-06  -1.5317988e-06  1.0163720e-05  5.0009166e-05  1.8556446e-06  -1.0887553e-06  
-0.00033467140  -0.00038660161  1.0483724e-05  0.0000000   3.6562536e-05  6.3159062e-05  0.00021245594  -6.8601807e-05  1.2414711e-05  2.0397306e-06  2.2254093e-05  -0.00033467140  -0.00038660161  1.0483724e-05  0.0000000   3.6562536e-05  6.3159062e-05  0.00021245594  -6.8601807e-05  1.2414711e-05  2.0397306e-06  2.2254093e-05  
9.8847545e-05  -0.00017661678  6.8880444e-06  -3.6562536e-05  0.0000000   -0.00022564297  5.9125184e-05  -0.00015303787  2.7987186e-05  -1.9633706e-05  3.3936756e-05  9.8847545e-05  -0.00017661678  6.8880444e-06  -3.6562536e-05  0.0000000   -0.00022564297  5.9125184e-05  -0.00015303787  2.7987186e-05  -1.9633706e-05  3.3936756e-05  
-0.00016291617  -8.5160846e-05  8.7927542e-06  -6.3159062e-05  0.00022564297  0.0000000   -0.0011691462  -0.00043544401  7.3149231e-05  6.2120299e-05  -0.00011197739  -0.00016291617  -8.5160846e-05  8.7927542e-06  -6.3159062e-05  0.00022564297  0.0000000   -0.0011691462  -0.00043544401  7.3149231e-05  6.2120299e-05  -0.00011197739  
-0.00017844908  -0.00018628647  1.5317988e-06  -0.00021245594  -5.9125184e-05  0.0011691462  0.0000000   0.00013137875  -3.0781476e-05  -2.1197273e-05  -9.6766467e-05  -0.00017844908  -0.00018628647  1.5317988e-06  -0.00021245594  -5.9125184e-05  0.0011691462  0.0000000   0.00013137875  -3.0781476e-05  -2.1197273e-05  -9.6766467e-05  
0.00013281400  1.0950532e-05  -1.0163720e-05  6.8601807e-05  0.00015303787  0.00043544401  -0.00013137875  0.0000000   -4.4324839e-06  0.00040538515  6.9924408e-05  0.00013281400  1.0950532e-05  -1.0163720e-05  6.8601807e-05  0.00015303787  0.00043544401  -0.00013137875  0.0000000   -4.4324839e-06  0.00040538515  6.9924408e-05  
-2.2511984e-05  -4.1866356e-06  -5.0009166e-05  -1.2414711e-05  -2.7987186e-05  -7.3149231e-05  3.0781476e-05  4.4324839e-06  0.0000000   -8.0441387e-05  -5.6539029e-05  -2.2511984e-05  -4.1866356e-06  -5.0009166e-05  -1.2414711e-05  -2.7987186e-05  -7.3149231e-05  3.0781476e-05  4.4324839e-06  0.0000000   -8.0441387e-05  -5.6539029e-05  
1.2440025e-06  9.9449331e-06  -1.8556446e-06  -2.0397306e-06  1.9633706e-05  -6.2120299e-05  2.1197273e-05  -0.00040538515  8.0441387e-05  0.0000000   -0.0059354204  1.2440025e-06  9.9449331e-06  -1.8556446e-06  -2.0397306e-06  1.9633706e-05  -6.2120299e-05  2.1197273e-05  -0.00040538515  8.0441387e-05  0.0000000   -0.0059354204  
1.1118725e-05  2.6781159e-05  1.0887553e-06  -2.2254093e-05  -3.3936756e-05  0.00011197739  9.6766467e-05  -6.9924408e-05  5.6539029e-05  0.0059354204  0.0000000   1.1118725e-05  2.6781159e-05  1.0887553e-06  -2.2254093e-05  -3.3936756e-05  0.00011197739  9.6766467e-05  -6.9924408e-05  5.6539029e-05  0.0059354204  0.0000000   
