0.0000000   -1.3630582e-06  -1.5969558e-05  -1.4912283e-05  -2.2898419e-05  -6.1845602e-05  0.00014441782  1.7304506e-05  -4.8308037e-06  -6.4325020e-06  1.9553342e-05  0.0000000   -1.3630582e-06  -1.5969558e-05  -1.4912283e-05  -2.2898419e-05  -6.1845602e-05  0.00014441782  1.7304506e-05  -4.8308037e-06  -6.4325020e-06  1.9553342e-05  
1.3630582e-06  0.0000000   0.00066763073  0.00029195680  -9.9333923e-06  7.5300419e-05  3.6161288e-05  3.0277791e-06  0.00049425478  0.00013328839  -2.9818884e-06  1.3630582e-06  0.0000000   0.00066763073  0.00029195680  -9.9333923e-06  7.5300419e-05  3.6161288e-05  3.0277791e-06  0.00049425478  0.00013328839  -2.9818884e-06  
1.5969558e-05  -0.00066763073  0.0000000   0.0051295404  7.8208635e-05  -0.00014950919  -2.5864449e-05  -3.8572943e-05  -0.00018120911  0.00019355687  3.3596281e-05  1.5969558e-05  -0.00066763073  0.0000000   0.0051295404  7.8208635e-05  -0.00014950919  -2.5864449e-05  -3.8572943e-05  -0.00018120911  0.00019355687  3.3596281e-05  
1.4912283e-05  -0.00029195680  -0.0051295404  0.0000000   0.00010317581  -0.00018694745  -7.3292492e-05  2.5453161e-05  0.00022088770  -0.00023179522  1.3292245e-05  1.4912283e-05  -0.00029195680  -0.0051295404  0.0000000   0.00010317581  -0.00018694745  -7.3292492e-05  2.5453161e-05  0.00022088770  -0.00023179522  1.3292245e-05  
2.2898419e-05  9.9333923e-06  -7.8208635e-05  -0.00010317581  0.0000000   2.8506125e-05  -9.7461076e-05  -0.00067041896  2.9504215e-05  -3.7516795e-06  -2.0730937e-06  2.2898419e-05  9.9333923e-06  -7.8208635e-05  -0.00010317581  0.0000000   2.8506125e-05  -9.7461076e-05  -0.00067041896  2.9504215e-05  -3.7516795e-06  -2.0730937e-06  
6.1845602e-05  -7.5300419e-05  0.00014950919  0.00018694745  -2.8506125e-05  0.0000000   1.3567341e-05  0.00025466129  -6.0169610e-05  -3.8319268e-05  -0.00012972054  6.1845602e-05  -7.5300419e-05  0.00014950919  0.00018694745  -2.8506125e-05  0.0000000   1.3567341e-05  0.00025466129  -6.0169610e-05  -3.8319268e-05  -0.00012972054  
-0.00014441782  -3.6161288e-05  2.5864449e-05  7.3292492e-05  9.7461076e-05  -1.3567341e-05  0.0000000   -0.00061133851  -3.0499514e-06  -3.2589944e-05  0.00031020263  -0.00014441782  -3.6161288e-05  2.5864449e-05  7.3292492e-05  9.7461076e-05  -1.3567341e-05  0.0000000   -0.00061133851  -3.0499514e-06  -3.2589944e-05  0.00031020263  
-1.7304506e-05  -3.0277791e-06  3.8572943e-05  -2.5453161e-05  0.00067041896  -0.00025466129  0.00061133851  0.0000000   -1.3198326e-05  -4.8101288e-05  -5.1597679e-06  -1.7304506e-05  -3.0277791e-06  3.8572943e-05  -2.5453161e-05  0.00067041896  -0.00025466129  0.00061133851  0.0000000   -1.3198326e-05  -4.8101288e-05  -5.1597679e-06  
4.8308037e-06  -0.00049425478  0.00018120911  -0.00022088770  -2.9504215e-05  6.0169610e-05  3.0499514e-06  1.3198326e-05  0.0000000   -0.0032686094  -3.1300448e-05  4.8308037e-06  -0.00049425478  0.00018120911  -0.00022088770  -2.9504215e-05  6.0169610e-05  3.0499514e-06  1.3198326e-05  0.0000000   -0.0032686094  -3.1300448e-05  
6.4325020e-06  -0.00013328839  -0.00019355687  0.00023179522  3.7516795e-06  3.8319268e-05  3.2589944e-05  4.8101288e-05  0.0032686094  0.0000000   -2.6093921e-07  6.4325020e-06  -0.00013328839  -0.00019355687  0.00023179522  3.7516795e-06  3.8319268e-05  3.2589944e-05  4.8101288e-05  0.0032686094  0.0000000   -2.6093921e-07  
-1.9553342e-05  2.9818884e-06  -3.3596281e-05  -1.3292245e-05  2.0730937e-06  0.00012972054  -0.00031020263  5.1597679e-06  3.1300448e-05  2.6093921e-07  0.0000000   -1.9553342e-05  2.9818884e-06  -3.3596281e-05  -1.3292245e-05  2.0730937e-06  0.00012972054  -0.00031020263  5.1597679e-06  3.1300448e-05  2.6093921e-07  0.0000000   
0.0000000   -1.3630582e-06  -1.5969558e-05  -1.4912283e-05  -2.2898419e-05  -6.1845602e-05  0.00014441782  1.7304506e-05  -4.8308037e-06  -6.4325020e-06  1.9553342e-05  0.0000000   -1.3630582e-06  -1.5969558e-05  -1.4912283e-05  -2.2898419e-05  -6.1845602e-05  0.00014441782  1.7304506e-05  -4.8308037e-06  -6.4325020e-06  1.9553342e-05  
1.3630582e-06  0.0000000   0.00066763073  0.00029195680  -9.9333923e-06  7.5300419e-05  3.6161288e-05  3.0277791e-06  0.00049425478  0.00013328839  -2.9818884e-06  1.3630582e-06  0.0000000   0.00066763073  0.00029195680  -9.9333923e-06  7.5300419e-05  3.6161288e-05  3.0277791e-06  0.00049425478  0.00013328839  -2.9818884e-06  
1.5969558e-05  -0.00066763073  0.0000000   0.0051295404  7.8208635e-05  -0.00014950919  -2.5864449e-05  -3.8572943e-05  -0.00018120911  0.00019355687  3.3596281e-05  1.5969558e-05  -0.00066763073  0.0000000   0.0051295404  7.8208635e-05  -0.00014950919  -2.5864449e-05  -3.8572943e-05  -0.00018120911  0.00019355687  3.3596281e-05  
1.4912283e-05  -0.00029195680  -0.0051295404  0.0000000   0.00010317581  -0.00018694745  -7.3292492e-05  2.5453161e-05  0.00022088770  -0.00023179522  1.3292245e-05  1.4912283e-05  -0.00029195680  -0.0051295404  0.0000000   0.00010317581  -0.00018694745  -7.3292492e-05  2.5453161e-05  0.00022088770  -0.00023179522  1.3292245e-05  
2.2898419e-05  9.9333923e-06  -7.8208635e-05  -0.00010317581  0.0000000   2.8506125e-05  -9.7461076e-05  -0.00067041896  2.9504215e-05  -3.7516795e-06  -2.0730937e-06  2.2898419e-05  9.9333923e-06  -7.8208635e-05  -0.00010317581  0.0000000   2.8506125e-05  -9.7461076e-05  -0.00067041896  2.9504215e-05  -3.7516795e-06  -2.0730937e-06  
6.1845602e-05  -7.5300419e-05  0.00014950919  0.00018694745  -2.8506125e-05  0.0000000   1.3567341e-05  0.00025466129  -6.0169610e-05  -3.8319268e-05  -0.00012972054  6.1845602e-05  -7.5300419e-05  0.00014950919  0.00018694745  -2.8506125e-05  0.0000000   1.3567341e-05  0.00025466129  -6.0169610e-05  -3.8319268e-05  -0.00012972054  
-0.00014441782  -3.6161288e-05  2.5864449e-05  7.3292492e-05  9.7461076e-05  -1.3567341e-05  0.0000000   -0.00061133851  -3.0499514e-06  -3.2589944e-05  0.00031020263  -0.00014441782  -3.6161288e-05  2.5864449e-05  7.3292492e-05  9.7461076e-05  -1.3567341e-05  0.0000000   -0.00061133851  -3.0499514e-06  -3.2589944e-05  0.00031020263  
-1.7304506e-05  -3.0277791e-06  3.8572943e-05  -2.5453161e-05  0.00067041896  -0.00025466129  0.00061133851  0.0000000   -1.3198326e-05  -4.8101288e-05  -5.1597679e-06  -1.7304506e-05  -3.0277791e-06  3.8572943e-05  -2.5453161e-05  0.00067041896  -0.00025466129  0.00061133851  0.0000000   -1.3198326e-05  -4.8101288e-05  -5.1597679e-06  
4.8308037e-06  -0.00049425478  0.00018120911  -0.00022088770  -2.9504215e-05  6.0169610e-05  3.0499514e-06  1.3198326e-05  0.0000000   -0.0032686094  -3.1300448e-05  4.8308037e-06  -0.00049425478  0.00018120911  -0.00022088770  -2.9504215e-05  6.0169610e-05  3.0499514e-06  1.3198326e-05  0.0000000   -0.0032686094  -3.1300448e-05  
6.4325020e-06  -0.00013328839  -0.00019355687  0.00023179522  3.7516795e-06  3.8319268e-05  3.2589944e-05  4.8101288e-05  0.0032686094  0.0000000   -2.6093921e-07  6.4325020e-06  -0.00013328839  -0.00019355687  0.00023179522  3.7516795e-06  3.8319268e-05  3.2589944e-05  4.8101288e-05  0.0032686094  0.0000000   -2.6093921e-07  
-1.9553342e-05  2.9818884e-06  -3.3596281e-05  -1.3292245e-05  2.0730937e-06  0.00012972054  -0.00031020263  5.1597679e-06  3.1300448e-05  2.6093921e-07  0.0000000   -1.9553342e-05  2.9818884e-06  -3.3596281e-05  -1.3292245e-05  2.0730937e-06  0.00012972054  -0.00031020263  5.1597679e-06  3.1300448e-05  2.6093921e-07  0.0000000   
