0.0000000   1.2206050e-06  2.0516034e-05  -0.00013057876  2.7922402e-05  1.2473940e-06  -0.00019460707  -5.5551118e-05  7.1515717e-08  -4.4608835e-06  3.6876071e-05  0.0000000   1.2206050e-06  2.0516034e-05  -0.00013057876  2.7922402e-05  1.2473940e-06  -0.00019460707  -5.5551118e-05  7.1515717e-08  -4.4608835e-06  3.6876071e-05  
-1.2206050e-06  0.0000000   0.0018394263  1.2319568e-05  6.6283592e-06  -7.3722942e-06  -4.3271545e-06  -5.2974244e-07  6.4364769e-05  -1.6816507e-06  -5.0213802e-07  -1.2206050e-06  0.0000000   0.0018394263  1.2319568e-05  6.6283592e-06  -7.3722942e-06  -4.3271545e-06  -5.2974244e-07  6.4364769e-05  -1.6816507e-06  -5.0213802e-07  
-2.0516034e-05  -0.0018394263  0.0000000   -1.5858352e-05  -1.2911635e-06  -0.00015333701  -6.8503870e-06  9.7395553e-07  -3.8062154e-05  2.5816696e-06  1.0089287e-06  -2.0516034e-05  -0.0018394263  0.0000000   -1.5858352e-05  -1.2911635e-06  -0.00015333701  -6.8503870e-06  9.7395553e-07  -3.8062154e-05  2.5816696e-06  1.0089287e-06  
0.00013057876  -1.2319568e-05  1.5858352e-05  0.0000000   0.00022445253  -2.2290761e-06  0.00011370265  5.3469205e-06  -7.8547913e-07  -4.0880812e-05  2.9665206e-05  0.00013057876  -1.2319568e-05  1.5858352e-05  0.0000000   0.00022445253  -2.2290761e-06  0.00011370265  5.3469205e-06  -7.8547913e-07  -4.0880812e-05  2.9665206e-05  
-2.7922402e-05  -6.6283592e-06  1.2911635e-06  -0.00022445253  0.0000000   -2.5105592e-07  -3.4769429e-05  9.4955707e-05  -6.4841019e-07  -1.4897328e-06  -1.8342420e-05  -2.7922402e-05  -6.6283592e-06  1.2911635e-06  -0.00022445253  0.0000000   -2.5105592e-07  -3.4769429e-05  9.4955707e-05  -6.4841019e-07  -1.4897328e-06  -1.8342420e-05  
-1.2473940e-06  7.3722942e-06  0.00015333701  2.2290761e-06  2.5105592e-07  0.0000000   -2.9019809e-06  -1.4351664e-06  -0.00014965346  6.3447948e-07  3.5216644e-06  -1.2473940e-06  7.3722942e-06  0.00015333701  2.2290761e-06  2.5105592e-07  0.0000000   -2.9019809e-06  -1.4351664e-06  -0.00014965346  6.3447948e-07  3.5216644e-06  
0.00019460707  4.3271545e-06  6.8503870e-06  -0.00011370265  3.4769429e-05  2.9019809e-06  0.0000000   0.00029794526  2.0445288e-06  8.2900820e-05  -2.1527490e-05  0.00019460707  4.3271545e-06  6.8503870e-06  -0.00011370265  3.4769429e-05  2.9019809e-06  0.0000000   0.00029794526  2.0445288e-06  8.2900820e-05  -2.1527490e-05  
5.5551118e-05  5.2974244e-07  -9.7395553e-07  -5.3469205e-06  -9.4955707e-05  1.4351664e-06  -0.00029794526  0.0000000   -8.8827033e-06  -0.00028809771  0.00017832136  5.5551118e-05  5.2974244e-07  -9.7395553e-07  -5.3469205e-06  -9.4955707e-05  1.4351664e-06  -0.00029794526  0.0000000   -8.8827033e-06  -0.00028809771  0.00017832136  
-7.1515717e-08  -6.4364769e-05  3.8062154e-05  7.8547913e-07  6.4841019e-07  0.00014965346  -2.0445288e-06  8.8827033e-06  0.0000000   7.1163879e-06  2.1776262e-05  -7.1515717e-08  -6.4364769e-05  3.8062154e-05  7.8547913e-07  6.4841019e-07  0.00014965346  -2.0445288e-06  8.8827033e-06  0.0000000   7.1163879e-06  2.1776262e-05  
4.4608835e-06  1.6816507e-06  -2.5816696e-06  4.0880812e-05  1.4897328e-06  -6.3447948e-07  -8.2900820e-05  0.00028809771  -7.1163879e-06  0.0000000   0.00077930040  4.4608835e-06  1.6816507e-06  -2.5816696e-06  4.0880812e-05  1.4897328e-06  -6.3447948e-07  -8.2900820e-05  0.00028809771  -7.1163879e-06  0.0000000   0.00077930040  
-3.6876071e-05  5.0213802e-07  -1.0089287e-06  -2.9665206e-05  1.8342420e-05  -3.5216644e-06  2.1527490e-05  -0.00017832136  -2.1776262e-05  -0.00077930040  0.0000000   -3.6876071e-05  5.0213802e-07  -1.0089287e-06  -2.9665206e-05  1.8342420e-05  -3.5216644e-06  2.1527490e-05  -0.00017832136  -2.1776262e-05  -0.00077930040  0.0000000   
0.0000000   1.2206050e-06  2.0516034e-05  -0.00013057876  2.7922402e-05  1.2473940e-06  -0.00019460707  -5.5551118e-05  7.1515717e-08  -4.4608835e-06  3.6876071e-05  0.0000000   1.2206050e-06  2.0516034e-05  -0.00013057876  2.7922402e-05  1.2473940e-06  -0.00019460707  -5.5551118e-05  7.1515717e-08  -4.4608835e-06  3.6876071e-05  
-1.2206050e-06  0.0000000   0.0018394263  1.2319568e-05  6.6283592e-06  -7.3722942e-06  -4.3271545e-06  -5.2974244e-07  6.4364769e-05  -1.6816507e-06  -5.0213802e-07  -1.2206050e-06  0.0000000   0.0018394263  1.2319568e-05  6.6283592e-06  -7.3722942e-06  -4.3271545e-06  -5.2974244e-07  6.4364769e-05  -1.6816507e-06  -5.0213802e-07  
-2.0516034e-05  -0.0018394263  0.0000000   -1.5858352e-05  -1.2911635e-06  -0.00015333701  -6.8503870e-06  9.7395553e-07  -3.8062154e-05  2.5816696e-06  1.0089287e-06  -2.0516034e-05  -0.0018394263  0.0000000   -1.5858352e-05  -1.2911635e-06  -0.00015333701  -6.8503870e-06  9.7395553e-07  -3.8062154e-05  2.5816696e-06  1.0089287e-06  
0.00013057876  -1.2319568e-05  1.5858352e-05  0.0000000   0.00022445253  -2.2290761e-06  0.00011370265  5.3469205e-06  -7.8547913e-07  -4.0880812e-05  2.9665206e-05  0.00013057876  -1.2319568e-05  1.5858352e-05  0.0000000   0.00022445253  -2.2290761e-06  0.00011370265  5.3469205e-06  -7.8547913e-07  -4.0880812e-05  2.9665206e-05  
-2.7922402e-05  -6.6283592e-06  1.2911635e-06  -0.00022445253  0.0000000   -2.5105592e-07  -3.4769429e-05  9.4955707e-05  -6.4841019e-07  -1.4897328e-06  -1.8342420e-05  -2.7922402e-05  -6.6283592e-06  1.2911635e-06  -0.00022445253  0.0000000   -2.5105592e-07  -3.4769429e-05  9.4955707e-05  -6.4841019e-07  -1.4897328e-06  -1.8342420e-05  
-1.2473940e-06  7.3722942e-06  0.00015333701  2.2290761e-06  2.5105592e-07  0.0000000   -2.9019809e-06  -1.4351664e-06  -0.00014965346  6.3447948e-07  3.5216644e-06  -1.2473940e-06  7.3722942e-06  0.00015333701  2.2290761e-06  2.5105592e-07  0.0000000   -2.9019809e-06  -1.4351664e-06  -0.00014965346  6.3447948e-07  3.5216644e-06  
0.00019460707  4.3271545e-06  6.8503870e-06  -0.00011370265  3.4769429e-05  2.9019809e-06  0.0000000   0.00029794526  2.0445288e-06  8.2900820e-05  -2.1527490e-05  0.00019460707  4.3271545e-06  6.8503870e-06  -0.00011370265  3.4769429e-05  2.9019809e-06  0.0000000   0.00029794526  2.0445288e-06  8.2900820e-05  -2.1527490e-05  
5.5551118e-05  5.2974244e-07  -9.7395553e-07  -5.3469205e-06  -9.4955707e-05  1.4351664e-06  -0.00029794526  0.0000000   -8.8827033e-06  -0.00028809771  0.00017832136  5.5551118e-05  5.2974244e-07  -9.7395553e-07  -5.3469205e-06  -9.4955707e-05  1.4351664e-06  -0.00029794526  0.0000000   -8.8827033e-06  -0.00028809771  0.00017832136  
-7.1515717e-08  -6.4364769e-05  3.8062154e-05  7.8547913e-07  6.4841019e-07  0.00014965346  -2.0445288e-06  8.8827033e-06  0.0000000   7.1163879e-06  2.1776262e-05  -7.1515717e-08  -6.4364769e-05  3.8062154e-05  7.8547913e-07  6.4841019e-07  0.00014965346  -2.0445288e-06  8.8827033e-06  0.0000000   7.1163879e-06  2.1776262e-05  
4.4608835e-06  1.6816507e-06  -2.5816696e-06  4.0880812e-05  1.4897328e-06  -6.3447948e-07  -8.2900820e-05  0.00028809771  -7.1163879e-06  0.0000000   0.00077930040  4.4608835e-06  1.6816507e-06  -2.5816696e-06  4.0880812e-05  1.4897328e-06  -6.3447948e-07  -8.2900820e-05  0.00028809771  -7.1163879e-06  0.0000000   0.00077930040  
-3.6876071e-05  5.0213802e-07  -1.0089287e-06  -2.9665206e-05  1.8342420e-05  -3.5216644e-06  2.1527490e-05  -0.00017832136  -2.1776262e-05  -0.00077930040  0.0000000   -3.6876071e-05  5.0213802e-07  -1.0089287e-06  -2.9665206e-05  1.8342420e-05  -3.5216644e-06  2.1527490e-05  -0.00017832136  -2.1776262e-05  -0.00077930040  0.0000000   
