0.0000000   -3.7091888e-07  -9.4092562e-05  -1.0940196e-05  2.6139032e-06  0.00013558781  5.3315950e-06  2.1001486e-05  3.2168974e-05  3.0708368e-05  -1.7437276e-05  0.0000000   -3.7091888e-07  -9.4092562e-05  -1.0940196e-05  2.6139032e-06  0.00013558781  5.3315950e-06  2.1001486e-05  3.2168974e-05  3.0708368e-05  -1.7437276e-05  
3.7091888e-07  0.0000000   -5.1028071e-06  9.9573931e-06  -0.00012787107  -1.0038933e-06  -6.4349598e-07  2.9709860e-05  6.7343795e-05  2.7014997e-06  2.2334457e-06  3.7091888e-07  0.0000000   -5.1028071e-06  9.9573931e-06  -0.00012787107  -1.0038933e-06  -6.4349598e-07  2.9709860e-05  6.7343795e-05  2.7014997e-06  2.2334457e-06  
9.4092562e-05  5.1028071e-06  0.0000000   0.00058071654  1.1068274e-05  -3.4414962e-05  -4.3663188e-05  2.6709166e-05  7.6724821e-05  -0.00019286941  0.00014510532  9.4092562e-05  5.1028071e-06  0.0000000   0.00058071654  1.1068274e-05  -3.4414962e-05  -4.3663188e-05  2.6709166e-05  7.6724821e-05  -0.00019286941  0.00014510532  
1.0940196e-05  -9.9573931e-06  -0.00058071654  0.0000000   2.0397747e-05  0.00032600932  3.4649937e-05  9.0754376e-05  -0.00016792519  0.00012943979  -0.00014822985  1.0940196e-05  -9.9573931e-06  -0.00058071654  0.0000000   2.0397747e-05  0.00032600932  3.4649937e-05  9.0754376e-05  -0.00016792519  0.00012943979  -0.00014822985  
-2.6139032e-06  0.00012787107  -1.1068274e-05  -2.0397747e-05  0.0000000   1.0521845e-05  2.5221360e-06  7.1943048e-05  -5.0806184e-05  8.4762116e-06  -8.1873054e-06  -2.6139032e-06  0.00012787107  -1.1068274e-05  -2.0397747e-05  0.0000000   1.0521845e-05  2.5221360e-06  7.1943048e-05  -5.0806184e-05  8.4762116e-06  -8.1873054e-06  
-0.00013558781  1.0038933e-06  3.4414962e-05  -0.00032600932  -1.0521845e-05  0.0000000   4.3891887e-05  0.00021389649  0.00017024969  0.00023666204  0.00022220835  -0.00013558781  1.0038933e-06  3.4414962e-05  -0.00032600932  -1.0521845e-05  0.0000000   4.3891887e-05  0.00021389649  0.00017024969  0.00023666204  0.00022220835  
-5.3315950e-06  6.4349598e-07  4.3663188e-05  -3.4649937e-05  -2.5221360e-06  -4.3891887e-05  0.0000000   4.9363533e-05  6.9563874e-05  0.00022255827  0.00013537679  -5.3315950e-06  6.4349598e-07  4.3663188e-05  -3.4649937e-05  -2.5221360e-06  -4.3891887e-05  0.0000000   4.9363533e-05  6.9563874e-05  0.00022255827  0.00013537679  
-2.1001486e-05  -2.9709860e-05  -2.6709166e-05  -9.0754376e-05  -7.1943048e-05  -0.00021389649  -4.9363533e-05  0.0000000   0.0098985638  0.00067724705  3.5874358e-05  -2.1001486e-05  -2.9709860e-05  -2.6709166e-05  -9.0754376e-05  -7.1943048e-05  -0.00021389649  -4.9363533e-05  0.0000000   0.0098985638  0.00067724705  3.5874358e-05  
-3.2168974e-05  -6.7343795e-05  -7.6724821e-05  0.00016792519  5.0806184e-05  -0.00017024969  -6.9563874e-05  -0.0098985638  0.0000000   -0.00050369387  0.00011143461  -3.2168974e-05  -6.7343795e-05  -7.6724821e-05  0.00016792519  5.0806184e-05  -0.00017024969  -6.9563874e-05  -0.0098985638  0.0000000   -0.00050369387  0.00011143461  
-3.0708368e-05  -2.7014997e-06  0.00019286941  -0.00012943979  -8.4762116e-06  -0.00023666204  -0.00022255827  -0.00067724705  0.00050369387  0.0000000   0.00036859974  -3.0708368e-05  -2.7014997e-06  0.00019286941  -0.00012943979  -8.4762116e-06  -0.00023666204  -0.00022255827  -0.00067724705  0.00050369387  0.0000000   0.00036859974  
1.7437276e-05  -2.2334457e-06  -0.00014510532  0.00014822985  8.1873054e-06  -0.00022220835  -0.00013537679  -3.5874358e-05  -0.00011143461  -0.00036859974  0.0000000   1.7437276e-05  -2.2334457e-06  -0.00014510532  0.00014822985  8.1873054e-06  -0.00022220835  -0.00013537679  -3.5874358e-05  -0.00011143461  -0.00036859974  0.0000000   
0.0000000   -3.7091888e-07  -9.4092562e-05  -1.0940196e-05  2.6139032e-06  0.00013558781  5.3315950e-06  2.1001486e-05  3.2168974e-05  3.0708368e-05  -1.7437276e-05  0.0000000   -3.7091888e-07  -9.4092562e-05  -1.0940196e-05  2.6139032e-06  0.00013558781  5.3315950e-06  2.1001486e-05  3.2168974e-05  3.0708368e-05  -1.7437276e-05  
3.7091888e-07  0.0000000   -5.1028071e-06  9.9573931e-06  -0.00012787107  -1.0038933e-06  -6.4349598e-07  2.9709860e-05  6.7343795e-05  2.7014997e-06  2.2334457e-06  3.7091888e-07  0.0000000   -5.1028071e-06  9.9573931e-06  -0.00012787107  -1.0038933e-06  -6.4349598e-07  2.9709860e-05  6.7343795e-05  2.7014997e-06  2.2334457e-06  
9.4092562e-05  5.1028071e-06  0.0000000   0.00058071654  1.1068274e-05  -3.4414962e-05  -4.3663188e-05  2.6709166e-05  7.6724821e-05  -0.00019286941  0.00014510532  9.4092562e-05  5.1028071e-06  0.0000000   0.00058071654  1.1068274e-05  -3.4414962e-05  -4.3663188e-05  2.6709166e-05  7.6724821e-05  -0.00019286941  0.00014510532  
1.0940196e-05  -9.9573931e-06  -0.00058071654  0.0000000   2.0397747e-05  0.00032600932  3.4649937e-05  9.0754376e-05  -0.00016792519  0.00012943979  -0.00014822985  1.0940196e-05  -9.9573931e-06  -0.00058071654  0.0000000   2.0397747e-05  0.00032600932  3.4649937e-05  9.0754376e-05  -0.00016792519  0.00012943979  -0.00014822985  
-2.6139032e-06  0.00012787107  -1.1068274e-05  -2.0397747e-05  0.0000000   1.0521845e-05  2.5221360e-06  7.1943048e-05  -5.0806184e-05  8.4762116e-06  -8.1873054e-06  -2.6139032e-06  0.00012787107  -1.1068274e-05  -2.0397747e-05  0.0000000   1.0521845e-05  2.5221360e-06  7.1943048e-05  -5.0806184e-05  8.4762116e-06  -8.1873054e-06  
-0.00013558781  1.0038933e-06  3.4414962e-05  -0.00032600932  -1.0521845e-05  0.0000000   4.3891887e-05  0.00021389649  0.00017024969  0.00023666204  0.00022220835  -0.00013558781  1.0038933e-06  3.4414962e-05  -0.00032600932  -1.0521845e-05  0.0000000   4.3891887e-05  0.00021389649  0.00017024969  0.00023666204  0.00022220835  
-5.3315950e-06  6.4349598e-07  4.3663188e-05  -3.4649937e-05  -2.5221360e-06  -4.3891887e-05  0.0000000   4.9363533e-05  6.9563874e-05  0.00022255827  0.00013537679  -5.3315950e-06  6.4349598e-07  4.3663188e-05  -3.4649937e-05  -2.5221360e-06  -4.3891887e-05  0.0000000   4.9363533e-05  6.9563874e-05  0.00022255827  0.00013537679  
-2.1001486e-05  -2.9709860e-05  -2.6709166e-05  -9.0754376e-05  -7.1943048e-05  -0.00021389649  -4.9363533e-05  0.0000000   0.0098985638  0.00067724705  3.5874358e-05  -2.1001486e-05  -2.9709860e-05  -2.6709166e-05  -9.0754376e-05  -7.1943048e-05  -0.00021389649  -4.9363533e-05  0.0000000   0.0098985638  0.00067724705  3.5874358e-05  
-3.2168974e-05  -6.7343795e-05  -7.6724821e-05  0.00016792519  5.0806184e-05  -0.00017024969  -6.9563874e-05  -0.0098985638  0.0000000   -0.00050369387  0.00011143461  -3.2168974e-05  -6.7343795e-05  -7.6724821e-05  0.00016792519  5.0806184e-05  -0.00017024969  -6.9563874e-05  -0.0098985638  0.0000000   -0.00050369387  0.00011143461  
-3.0708368e-05  -2.7014997e-06  0.00019286941  -0.00012943979  -8.4762116e-06  -0.00023666204  -0.00022255827  -0.00067724705  0.00050369387  0.0000000   0.00036859974  -3.0708368e-05  -2.7014997e-06  0.00019286941  -0.00012943979  -8.4762116e-06  -0.00023666204  -0.00022255827  -0.00067724705  0.00050369387  0.0000000   0.00036859974  
1.7437276e-05  -2.2334457e-06  -0.00014510532  0.00014822985  8.1873054e-06  -0.00022220835  -0.00013537679  -3.5874358e-05  -0.00011143461  -0.00036859974  0.0000000   1.7437276e-05  -2.2334457e-06  -0.00014510532  0.00014822985  8.1873054e-06  -0.00022220835  -0.00013537679  -3.5874358e-05  -0.00011143461  -0.00036859974  0.0000000   
