0.0000000   -4.4312987e-05  1.3776241e-08  -6.0511237e-06  7.8578535e-05  2.1425446e-07  4.4306285e-05  -1.4462906e-07  2.5062798e-07  2.0902631e-07  -1.1249975e-05  0.0000000   -4.4312987e-05  1.3776241e-08  -6.0511237e-06  7.8578535e-05  2.1425446e-07  4.4306285e-05  -1.4462906e-07  2.5062798e-07  2.0902631e-07  -1.1249975e-05  
4.4312987e-05  0.0000000   -7.8201648e-07  -2.2921347e-05  0.00022335630  2.7181910e-06  3.0156735e-05  3.1233975e-07  1.5255813e-06  2.2108937e-06  5.0777440e-05  4.4312987e-05  0.0000000   -7.8201648e-07  -2.2921347e-05  0.00022335630  2.7181910e-06  3.0156735e-05  3.1233975e-07  1.5255813e-06  2.2108937e-06  5.0777440e-05  
-1.3776241e-08  7.8201648e-07  0.0000000   -0.0014616166  -0.00010713537  0.00017912856  -9.8690992e-07  0.00015941383  -2.4794250e-06  0.00013806164  -6.8503454e-07  -1.3776241e-08  7.8201648e-07  0.0000000   -0.0014616166  -0.00010713537  0.00017912856  -9.8690992e-07  0.00015941383  -2.4794250e-06  0.00013806164  -6.8503454e-07  
6.0511237e-06  2.2921347e-05  0.0014616166  0.0000000   9.3012933e-06  4.9651451e-05  -2.6437363e-06  4.9673420e-05  -9.7364601e-05  7.0204974e-05  1.3305200e-05  6.0511237e-06  2.2921347e-05  0.0014616166  0.0000000   9.3012933e-06  4.9651451e-05  -2.6437363e-06  4.9673420e-05  -9.7364601e-05  7.0204974e-05  1.3305200e-05  
-7.8578535e-05  -0.00022335630  0.00010713537  -9.3012933e-06  0.0000000   6.1806287e-06  6.1370606e-05  5.4435143e-06  -7.7297745e-06  5.4741218e-06  -0.00015108626  -7.8578535e-05  -0.00022335630  0.00010713537  -9.3012933e-06  0.0000000   6.1806287e-06  6.1370606e-05  5.4435143e-06  -7.7297745e-06  5.4741218e-06  -0.00015108626  
-2.1425446e-07  -2.7181910e-06  -0.00017912856  -4.9651451e-05  -6.1806287e-06  0.0000000   -6.9129278e-08  -0.00010821721  -9.6098968e-05  5.6967930e-05  -1.2025644e-06  -2.1425446e-07  -2.7181910e-06  -0.00017912856  -4.9651451e-05  -6.1806287e-06  0.0000000   -6.9129278e-08  -0.00010821721  -9.6098968e-05  5.6967930e-05  -1.2025644e-06  
-4.4306285e-05  -3.0156735e-05  9.8690992e-07  2.6437363e-06  -6.1370606e-05  6.9129278e-08  0.0000000   3.1710129e-06  1.5144086e-06  -9.7539247e-07  7.7688668e-05  -4.4306285e-05  -3.0156735e-05  9.8690992e-07  2.6437363e-06  -6.1370606e-05  6.9129278e-08  0.0000000   3.1710129e-06  1.5144086e-06  -9.7539247e-07  7.7688668e-05  
1.4462906e-07  -3.1233975e-07  -0.00015941383  -4.9673420e-05  -5.4435143e-06  0.00010821721  -3.1710129e-06  0.0000000   -0.00039618044  4.2655381e-05  6.4585139e-07  1.4462906e-07  -3.1233975e-07  -0.00015941383  -4.9673420e-05  -5.4435143e-06  0.00010821721  -3.1710129e-06  0.0000000   -0.00039618044  4.2655381e-05  6.4585139e-07  
-2.5062798e-07  -1.5255813e-06  2.4794250e-06  9.7364601e-05  7.7297745e-06  9.6098968e-05  -1.5144086e-06  0.00039618044  0.0000000   -4.6663633e-05  -3.8411978e-07  -2.5062798e-07  -1.5255813e-06  2.4794250e-06  9.7364601e-05  7.7297745e-06  9.6098968e-05  -1.5144086e-06  0.00039618044  0.0000000   -4.6663633e-05  -3.8411978e-07  
-2.0902631e-07  -2.2108937e-06  -0.00013806164  -7.0204974e-05  -5.4741218e-06  -5.6967930e-05  9.7539247e-07  -4.2655381e-05  4.6663633e-05  0.0000000   -1.4025984e-06  -2.0902631e-07  -2.2108937e-06  -0.00013806164  -7.0204974e-05  -5.4741218e-06  -5.6967930e-05  9.7539247e-07  -4.2655381e-05  4.6663633e-05  0.0000000   -1.4025984e-06  
1.1249975e-05  -5.0777440e-05  6.8503454e-07  -1.3305200e-05  0.00015108626  1.2025644e-06  -7.7688668e-05  -6.4585139e-07  3.8411978e-07  1.4025984e-06  0.0000000   1.1249975e-05  -5.0777440e-05  6.8503454e-07  -1.3305200e-05  0.00015108626  1.2025644e-06  -7.7688668e-05  -6.4585139e-07  3.8411978e-07  1.4025984e-06  0.0000000   
0.0000000   -4.4312987e-05  1.3776241e-08  -6.0511237e-06  7.8578535e-05  2.1425446e-07  4.4306285e-05  -1.4462906e-07  2.5062798e-07  2.0902631e-07  -1.1249975e-05  0.0000000   -4.4312987e-05  1.3776241e-08  -6.0511237e-06  7.8578535e-05  2.1425446e-07  4.4306285e-05  -1.4462906e-07  2.5062798e-07  2.0902631e-07  -1.1249975e-05  
4.4312987e-05  0.0000000   -7.8201648e-07  -2.2921347e-05  0.00022335630  2.7181910e-06  3.0156735e-05  3.1233975e-07  1.5255813e-06  2.2108937e-06  5.0777440e-05  4.4312987e-05  0.0000000   -7.8201648e-07  -2.2921347e-05  0.00022335630  2.7181910e-06  3.0156735e-05  3.1233975e-07  1.5255813e-06  2.2108937e-06  5.0777440e-05  
-1.3776241e-08  7.8201648e-07  0.0000000   -0.0014616166  -0.00010713537  0.00017912856  -9.8690992e-07  0.00015941383  -2.4794250e-06  0.00013806164  -6.8503454e-07  -1.3776241e-08  7.8201648e-07  0.0000000   -0.0014616166  -0.00010713537  0.00017912856  -9.8690992e-07  0.00015941383  -2.4794250e-06  0.00013806164  -6.8503454e-07  
6.0511237e-06  2.2921347e-05  0.0014616166  0.0000000   9.3012933e-06  4.9651451e-05  -2.6437363e-06  4.9673420e-05  -9.7364601e-05  7.0204974e-05  1.3305200e-05  6.0511237e-06  2.2921347e-05  0.0014616166  0.0000000   9.3012933e-06  4.9651451e-05  -2.6437363e-06  4.9673420e-05  -9.7364601e-05  7.0204974e-05  1.3305200e-05  
-7.8578535e-05  -0.00022335630  0.00010713537  -9.3012933e-06  0.0000000   6.1806287e-06  6.1370606e-05  5.4435143e-06  -7.7297745e-06  5.4741218e-06  -0.00015108626  -7.8578535e-05  -0.00022335630  0.00010713537  -9.3012933e-06  0.0000000   6.1806287e-06  6.1370606e-05  5.4435143e-06  -7.7297745e-06  5.4741218e-06  -0.00015108626  
-2.1425446e-07  -2.7181910e-06  -0.00017912856  -4.9651451e-05  -6.1806287e-06  0.0000000   -6.9129278e-08  -0.00010821721  -9.6098968e-05  5.6967930e-05  -1.2025644e-06  -2.1425446e-07  -2.7181910e-06  -0.00017912856  -4.9651451e-05  -6.1806287e-06  0.0000000   -6.9129278e-08  -0.00010821721  -9.6098968e-05  5.6967930e-05  -1.2025644e-06  
-4.4306285e-05  -3.0156735e-05  9.8690992e-07  2.6437363e-06  -6.1370606e-05  6.9129278e-08  0.0000000   3.1710129e-06  1.5144086e-06  -9.7539247e-07  7.7688668e-05  -4.4306285e-05  -3.0156735e-05  9.8690992e-07  2.6437363e-06  -6.1370606e-05  6.9129278e-08  0.0000000   3.1710129e-06  1.5144086e-06  -9.7539247e-07  7.7688668e-05  
1.4462906e-07  -3.1233975e-07  -0.00015941383  -4.9673420e-05  -5.4435143e-06  0.00010821721  -3.1710129e-06  0.0000000   -0.00039618044  4.2655381e-05  6.4585139e-07  1.4462906e-07  -3.1233975e-07  -0.00015941383  -4.9673420e-05  -5.4435143e-06  0.00010821721  -3.1710129e-06  0.0000000   -0.00039618044  4.2655381e-05  6.4585139e-07  
-2.5062798e-07  -1.5255813e-06  2.4794250e-06  9.7364601e-05  7.7297745e-06  9.6098968e-05  -1.5144086e-06  0.00039618044  0.0000000   -4.6663633e-05  -3.8411978e-07  -2.5062798e-07  -1.5255813e-06  2.4794250e-06  9.7364601e-05  7.7297745e-06  9.6098968e-05  -1.5144086e-06  0.00039618044  0.0000000   -4.6663633e-05  -3.8411978e-07  
-2.0902631e-07  -2.2108937e-06  -0.00013806164  -7.0204974e-05  -5.4741218e-06  -5.6967930e-05  9.7539247e-07  -4.2655381e-05  4.6663633e-05  0.0000000   -1.4025984e-06  -2.0902631e-07  -2.2108937e-06  -0.00013806164  -7.0204974e-05  -5.4741218e-06  -5.6967930e-05  9.7539247e-07  -4.2655381e-05  4.6663633e-05  0.0000000   -1.4025984e-06  
1.1249975e-05  -5.0777440e-05  6.8503454e-07  -1.3305200e-05  0.00015108626  1.2025644e-06  -7.7688668e-05  -6.4585139e-07  3.8411978e-07  1.4025984e-06  0.0000000   1.1249975e-05  -5.0777440e-05  6.8503454e-07  -1.3305200e-05  0.00015108626  1.2025644e-06  -7.7688668e-05  -6.4585139e-07  3.8411978e-07  1.4025984e-06  0.0000000   
