0.0000000   -0.00010622843  1.5804753e-05  -1.2010499e-05  -6.5247699e-06  -1.3125098e-06  -0.00016473785  0.00011699730  2.0193396e-05  8.3497789e-07  -8.0675826e-06  0.0000000   -0.00010622843  1.5804753e-05  -1.2010499e-05  -6.5247699e-06  -1.3125098e-06  -0.00016473785  0.00011699730  2.0193396e-05  8.3497789e-07  -8.0675826e-06  
0.00010622843  0.0000000   3.3661232e-05  -5.0619236e-05  -5.6869753e-05  -2.3236749e-06  0.00018282103  0.00013938367  -3.9020413e-05  2.1771980e-06  -0.00011039389  0.00010622843  0.0000000   3.3661232e-05  -5.0619236e-05  -5.6869753e-05  -2.3236749e-06  0.00018282103  0.00013938367  -3.9020413e-05  2.1771980e-06  -0.00011039389  
-1.5804753e-05  -3.3661232e-05  0.0000000   -0.0023899801  0.00087734564  -1.8903180e-05  9.7570946e-05  -0.00014858907  -5.4657953e-05  1.3998594e-05  0.00010180044  -1.5804753e-05  -3.3661232e-05  0.0000000   -0.0023899801  0.00087734564  -1.8903180e-05  9.7570946e-05  -0.00014858907  -5.4657953e-05  1.3998594e-05  0.00010180044  
1.2010499e-05  5.0619236e-05  0.0023899801  0.0000000   0.0015302866  -2.4666659e-05  0.00014014933  3.6117478e-05  -5.1647232e-05  -1.0271183e-05  0.00012070384  1.2010499e-05  5.0619236e-05  0.0023899801  0.0000000   0.0015302866  -2.4666659e-05  0.00014014933  3.6117478e-05  -5.1647232e-05  -1.0271183e-05  0.00012070384  
6.5247699e-06  5.6869753e-05  -0.00087734564  -0.0015302866  0.0000000   -3.5128682e-06  -0.00014834857  6.8573517e-05  0.00021214222  1.3809126e-05  -4.5683200e-05  6.5247699e-06  5.6869753e-05  -0.00087734564  -0.0015302866  0.0000000   -3.5128682e-06  -0.00014834857  6.8573517e-05  0.00021214222  1.3809126e-05  -4.5683200e-05  
1.3125098e-06  2.3236749e-06  1.8903180e-05  2.4666659e-05  3.5128682e-06  0.0000000   -3.8078102e-06  -3.2703989e-06  -3.8109196e-06  0.00021374468  1.6302113e-06  1.3125098e-06  2.3236749e-06  1.8903180e-05  2.4666659e-05  3.5128682e-06  0.0000000   -3.8078102e-06  -3.2703989e-06  -3.8109196e-06  0.00021374468  1.6302113e-06  
0.00016473785  -0.00018282103  -9.7570946e-05  -0.00014014933  0.00014834857  3.8078102e-06  0.0000000   -0.0019649891  -0.00087591033  -1.4604287e-05  5.7307751e-05  0.00016473785  -0.00018282103  -9.7570946e-05  -0.00014014933  0.00014834857  3.8078102e-06  0.0000000   -0.0019649891  -0.00087591033  -1.4604287e-05  5.7307751e-05  
-0.00011699730  -0.00013938367  0.00014858907  -3.6117478e-05  -6.8573517e-05  3.2703989e-06  0.0019649891  0.0000000   0.0012133375  1.3396064e-05  7.5089312e-05  -0.00011699730  -0.00013938367  0.00014858907  -3.6117478e-05  -6.8573517e-05  3.2703989e-06  0.0019649891  0.0000000   0.0012133375  1.3396064e-05  7.5089312e-05  
-2.0193396e-05  3.9020413e-05  5.4657953e-05  5.1647232e-05  -0.00021214222  3.8109196e-06  0.00087591033  -0.0012133375  0.0000000   -3.1942153e-06  -9.7235541e-05  -2.0193396e-05  3.9020413e-05  5.4657953e-05  5.1647232e-05  -0.00021214222  3.8109196e-06  0.00087591033  -0.0012133375  0.0000000   -3.1942153e-06  -9.7235541e-05  
-8.3497789e-07  -2.1771980e-06  -1.3998594e-05  1.0271183e-05  -1.3809126e-05  -0.00021374468  1.4604287e-05  -1.3396064e-05  3.1942153e-06  0.0000000   5.0767906e-07  -8.3497789e-07  -2.1771980e-06  -1.3998594e-05  1.0271183e-05  -1.3809126e-05  -0.00021374468  1.4604287e-05  -1.3396064e-05  3.1942153e-06  0.0000000   5.0767906e-07  
8.0675826e-06  0.00011039389  -0.00010180044  -0.00012070384  4.5683200e-05  -1.6302113e-06  -5.7307751e-05  -7.5089312e-05  9.7235541e-05  -5.0767906e-07  0.0000000   8.0675826e-06  0.00011039389  -0.00010180044  -0.00012070384  4.5683200e-05  -1.6302113e-06  -5.7307751e-05  -7.5089312e-05  9.7235541e-05  -5.0767906e-07  0.0000000   
0.0000000   -0.00010622843  1.5804753e-05  -1.2010499e-05  -6.5247699e-06  -1.3125098e-06  -0.00016473785  0.00011699730  2.0193396e-05  8.3497789e-07  -8.0675826e-06  0.0000000   -0.00010622843  1.5804753e-05  -1.2010499e-05  -6.5247699e-06  -1.3125098e-06  -0.00016473785  0.00011699730  2.0193396e-05  8.3497789e-07  -8.0675826e-06  
0.00010622843  0.0000000   3.3661232e-05  -5.0619236e-05  -5.6869753e-05  -2.3236749e-06  0.00018282103  0.00013938367  -3.9020413e-05  2.1771980e-06  -0.00011039389  0.00010622843  0.0000000   3.3661232e-05  -5.0619236e-05  -5.6869753e-05  -2.3236749e-06  0.00018282103  0.00013938367  -3.9020413e-05  2.1771980e-06  -0.00011039389  
-1.5804753e-05  -3.3661232e-05  0.0000000   -0.0023899801  0.00087734564  -1.8903180e-05  9.7570946e-05  -0.00014858907  -5.4657953e-05  1.3998594e-05  0.00010180044  -1.5804753e-05  -3.3661232e-05  0.0000000   -0.0023899801  0.00087734564  -1.8903180e-05  9.7570946e-05  -0.00014858907  -5.4657953e-05  1.3998594e-05  0.00010180044  
1.2010499e-05  5.0619236e-05  0.0023899801  0.0000000   0.0015302866  -2.4666659e-05  0.00014014933  3.6117478e-05  -5.1647232e-05  -1.0271183e-05  0.00012070384  1.2010499e-05  5.0619236e-05  0.0023899801  0.0000000   0.0015302866  -2.4666659e-05  0.00014014933  3.6117478e-05  -5.1647232e-05  -1.0271183e-05  0.00012070384  
6.5247699e-06  5.6869753e-05  -0.00087734564  -0.0015302866  0.0000000   -3.5128682e-06  -0.00014834857  6.8573517e-05  0.00021214222  1.3809126e-05  -4.5683200e-05  6.5247699e-06  5.6869753e-05  -0.00087734564  -0.0015302866  0.0000000   -3.5128682e-06  -0.00014834857  6.8573517e-05  0.00021214222  1.3809126e-05  -4.5683200e-05  
1.3125098e-06  2.3236749e-06  1.8903180e-05  2.4666659e-05  3.5128682e-06  0.0000000   -3.8078102e-06  -3.2703989e-06  -3.8109196e-06  0.00021374468  1.6302113e-06  1.3125098e-06  2.3236749e-06  1.8903180e-05  2.4666659e-05  3.5128682e-06  0.0000000   -3.8078102e-06  -3.2703989e-06  -3.8109196e-06  0.00021374468  1.6302113e-06  
0.00016473785  -0.00018282103  -9.7570946e-05  -0.00014014933  0.00014834857  3.8078102e-06  0.0000000   -0.0019649891  -0.00087591033  -1.4604287e-05  5.7307751e-05  0.00016473785  -0.00018282103  -9.7570946e-05  -0.00014014933  0.00014834857  3.8078102e-06  0.0000000   -0.0019649891  -0.00087591033  -1.4604287e-05  5.7307751e-05  
-0.00011699730  -0.00013938367  0.00014858907  -3.6117478e-05  -6.8573517e-05  3.2703989e-06  0.0019649891  0.0000000   0.0012133375  1.3396064e-05  7.5089312e-05  -0.00011699730  -0.00013938367  0.00014858907  -3.6117478e-05  -6.8573517e-05  3.2703989e-06  0.0019649891  0.0000000   0.0012133375  1.3396064e-05  7.5089312e-05  
-2.0193396e-05  3.9020413e-05  5.4657953e-05  5.1647232e-05  -0.00021214222  3.8109196e-06  0.00087591033  -0.0012133375  0.0000000   -3.1942153e-06  -9.7235541e-05  -2.0193396e-05  3.9020413e-05  5.4657953e-05  5.1647232e-05  -0.00021214222  3.8109196e-06  0.00087591033  -0.0012133375  0.0000000   -3.1942153e-06  -9.7235541e-05  
-8.3497789e-07  -2.1771980e-06  -1.3998594e-05  1.0271183e-05  -1.3809126e-05  -0.00021374468  1.4604287e-05  -1.3396064e-05  3.1942153e-06  0.0000000   5.0767906e-07  -8.3497789e-07  -2.1771980e-06  -1.3998594e-05  1.0271183e-05  -1.3809126e-05  -0.00021374468  1.4604287e-05  -1.3396064e-05  3.1942153e-06  0.0000000   5.0767906e-07  
8.0675826e-06  0.00011039389  -0.00010180044  -0.00012070384  4.5683200e-05  -1.6302113e-06  -5.7307751e-05  -7.5089312e-05  9.7235541e-05  -5.0767906e-07  0.0000000   8.0675826e-06  0.00011039389  -0.00010180044  -0.00012070384  4.5683200e-05  -1.6302113e-06  -5.7307751e-05  -7.5089312e-05  9.7235541e-05  -5.0767906e-07  0.0000000   
