0.0000000   3.8365422e-06  -6.8594336e-06  -7.7015318e-06  -9.3334305e-05  3.0871817e-05  -4.3421208e-05  -2.1327525e-07  2.3170123e-05  3.2891022e-07  1.2352446e-05  0.0000000   3.8365422e-06  -6.8594336e-06  -7.7015318e-06  -9.3334305e-05  3.0871817e-05  -4.3421208e-05  -2.1327525e-07  2.3170123e-05  3.2891022e-07  1.2352446e-05  
-3.8365422e-06  0.0000000   4.3787690e-09  -1.2390309e-05  1.5333730e-06  -3.2823633e-06  1.7453243e-07  -0.00025859372  -1.7249901e-06  -1.9029572e-05  -1.7912251e-06  -3.8365422e-06  0.0000000   4.3787690e-09  -1.2390309e-05  1.5333730e-06  -3.2823633e-06  1.7453243e-07  -0.00025859372  -1.7249901e-06  -1.9029572e-05  -1.7912251e-06  
6.8594336e-06  -4.3787690e-09  0.0000000   5.8495056e-06  7.1007844e-05  0.00019670141  9.4867542e-05  7.6341425e-07  9.7225212e-06  -6.2164047e-07  9.8421062e-05  6.8594336e-06  -4.3787690e-09  0.0000000   5.8495056e-06  7.1007844e-05  0.00019670141  9.4867542e-05  7.6341425e-07  9.7225212e-06  -6.2164047e-07  9.8421062e-05  
7.7015318e-06  1.2390309e-05  -5.8495056e-06  0.0000000   2.3219560e-06  4.5024917e-05  -3.3503128e-06  -4.8781575e-05  -3.3983311e-06  -1.9145027e-05  1.6738537e-05  7.7015318e-06  1.2390309e-05  -5.8495056e-06  0.0000000   2.3219560e-06  4.5024917e-05  -3.3503128e-06  -4.8781575e-05  -3.3983311e-06  -1.9145027e-05  1.6738537e-05  
9.3334305e-05  -1.5333730e-06  -7.1007844e-05  -2.3219560e-06  0.0000000   0.00051011083  -8.1380599e-05  4.6551785e-06  -5.3960501e-05  1.2615680e-06  0.00017055434  9.3334305e-05  -1.5333730e-06  -7.1007844e-05  -2.3219560e-06  0.0000000   0.00051011083  -8.1380599e-05  4.6551785e-06  -5.3960501e-05  1.2615680e-06  0.00017055434  
-3.0871817e-05  3.2823633e-06  -0.00019670141  -4.5024917e-05  -0.00051011083  0.0000000   -0.00043582889  3.1776744e-07  -0.00011246992  5.7104942e-06  1.9662535e-05  -3.0871817e-05  3.2823633e-06  -0.00019670141  -4.5024917e-05  -0.00051011083  0.0000000   -0.00043582889  3.1776744e-07  -0.00011246992  5.7104942e-06  1.9662535e-05  
4.3421208e-05  -1.7453243e-07  -9.4867542e-05  3.3503128e-06  8.1380599e-05  0.00043582889  0.0000000   3.1883455e-06  -0.00030039356  -1.7682233e-06  -9.0919821e-05  4.3421208e-05  -1.7453243e-07  -9.4867542e-05  3.3503128e-06  8.1380599e-05  0.00043582889  0.0000000   3.1883455e-06  -0.00030039356  -1.7682233e-06  -9.0919821e-05  
2.1327525e-07  0.00025859372  -7.6341425e-07  4.8781575e-05  -4.6551785e-06  -3.1776744e-07  -3.1883455e-06  0.0000000   8.3857548e-08  -6.4853154e-05  9.5300296e-07  2.1327525e-07  0.00025859372  -7.6341425e-07  4.8781575e-05  -4.6551785e-06  -3.1776744e-07  -3.1883455e-06  0.0000000   8.3857548e-08  -6.4853154e-05  9.5300296e-07  
-2.3170123e-05  1.7249901e-06  -9.7225212e-06  3.3983311e-06  5.3960501e-05  0.00011246992  0.00030039356  -8.3857548e-08  0.0000000   -1.3506659e-06  -0.00015569953  -2.3170123e-05  1.7249901e-06  -9.7225212e-06  3.3983311e-06  5.3960501e-05  0.00011246992  0.00030039356  -8.3857548e-08  0.0000000   -1.3506659e-06  -0.00015569953  
-3.2891022e-07  1.9029572e-05  6.2164047e-07  1.9145027e-05  -1.2615680e-06  -5.7104942e-06  1.7682233e-06  6.4853154e-05  1.3506659e-06  0.0000000   -1.8865520e-06  -3.2891022e-07  1.9029572e-05  6.2164047e-07  1.9145027e-05  -1.2615680e-06  -5.7104942e-06  1.7682233e-06  6.4853154e-05  1.3506659e-06  0.0000000   -1.8865520e-06  
-1.2352446e-05  1.7912251e-06  -9.8421062e-05  -1.6738537e-05  -0.00017055434  -1.9662535e-05  9.0919821e-05  -9.5300296e-07  0.00015569953  1.8865520e-06  0.0000000   -1.2352446e-05  1.7912251e-06  -9.8421062e-05  -1.6738537e-05  -0.00017055434  -1.9662535e-05  9.0919821e-05  -9.5300296e-07  0.00015569953  1.8865520e-06  0.0000000   
0.0000000   3.8365422e-06  -6.8594336e-06  -7.7015318e-06  -9.3334305e-05  3.0871817e-05  -4.3421208e-05  -2.1327525e-07  2.3170123e-05  3.2891022e-07  1.2352446e-05  0.0000000   3.8365422e-06  -6.8594336e-06  -7.7015318e-06  -9.3334305e-05  3.0871817e-05  -4.3421208e-05  -2.1327525e-07  2.3170123e-05  3.2891022e-07  1.2352446e-05  
-3.8365422e-06  0.0000000   4.3787690e-09  -1.2390309e-05  1.5333730e-06  -3.2823633e-06  1.7453243e-07  -0.00025859372  -1.7249901e-06  -1.9029572e-05  -1.7912251e-06  -3.8365422e-06  0.0000000   4.3787690e-09  -1.2390309e-05  1.5333730e-06  -3.2823633e-06  1.7453243e-07  -0.00025859372  -1.7249901e-06  -1.9029572e-05  -1.7912251e-06  
6.8594336e-06  -4.3787690e-09  0.0000000   5.8495056e-06  7.1007844e-05  0.00019670141  9.4867542e-05  7.6341425e-07  9.7225212e-06  -6.2164047e-07  9.8421062e-05  6.8594336e-06  -4.3787690e-09  0.0000000   5.8495056e-06  7.1007844e-05  0.00019670141  9.4867542e-05  7.6341425e-07  9.7225212e-06  -6.2164047e-07  9.8421062e-05  
7.7015318e-06  1.2390309e-05  -5.8495056e-06  0.0000000   2.3219560e-06  4.5024917e-05  -3.3503128e-06  -4.8781575e-05  -3.3983311e-06  -1.9145027e-05  1.6738537e-05  7.7015318e-06  1.2390309e-05  -5.8495056e-06  0.0000000   2.3219560e-06  4.5024917e-05  -3.3503128e-06  -4.8781575e-05  -3.3983311e-06  -1.9145027e-05  1.6738537e-05  
9.3334305e-05  -1.5333730e-06  -7.1007844e-05  -2.3219560e-06  0.0000000   0.00051011083  -8.1380599e-05  4.6551785e-06  -5.3960501e-05  1.2615680e-06  0.00017055434  9.3334305e-05  -1.5333730e-06  -7.1007844e-05  -2.3219560e-06  0.0000000   0.00051011083  -8.1380599e-05  4.6551785e-06  -5.3960501e-05  1.2615680e-06  0.00017055434  
-3.0871817e-05  3.2823633e-06  -0.00019670141  -4.5024917e-05  -0.00051011083  0.0000000   -0.00043582889  3.1776744e-07  -0.00011246992  5.7104942e-06  1.9662535e-05  -3.0871817e-05  3.2823633e-06  -0.00019670141  -4.5024917e-05  -0.00051011083  0.0000000   -0.00043582889  3.1776744e-07  -0.00011246992  5.7104942e-06  1.9662535e-05  
4.3421208e-05  -1.7453243e-07  -9.4867542e-05  3.3503128e-06  8.1380599e-05  0.00043582889  0.0000000   3.1883455e-06  -0.00030039356  -1.7682233e-06  -9.0919821e-05  4.3421208e-05  -1.7453243e-07  -9.4867542e-05  3.3503128e-06  8.1380599e-05  0.00043582889  0.0000000   3.1883455e-06  -0.00030039356  -1.7682233e-06  -9.0919821e-05  
2.1327525e-07  0.00025859372  -7.6341425e-07  4.8781575e-05  -4.6551785e-06  -3.1776744e-07  -3.1883455e-06  0.0000000   8.3857548e-08  -6.4853154e-05  9.5300296e-07  2.1327525e-07  0.00025859372  -7.6341425e-07  4.8781575e-05  -4.6551785e-06  -3.1776744e-07  -3.1883455e-06  0.0000000   8.3857548e-08  -6.4853154e-05  9.5300296e-07  
-2.3170123e-05  1.7249901e-06  -9.7225212e-06  3.3983311e-06  5.3960501e-05  0.00011246992  0.00030039356  -8.3857548e-08  0.0000000   -1.3506659e-06  -0.00015569953  -2.3170123e-05  1.7249901e-06  -9.7225212e-06  3.3983311e-06  5.3960501e-05  0.00011246992  0.00030039356  -8.3857548e-08  0.0000000   -1.3506659e-06  -0.00015569953  
-3.2891022e-07  1.9029572e-05  6.2164047e-07  1.9145027e-05  -1.2615680e-06  -5.7104942e-06  1.7682233e-06  6.4853154e-05  1.3506659e-06  0.0000000   -1.8865520e-06  -3.2891022e-07  1.9029572e-05  6.2164047e-07  1.9145027e-05  -1.2615680e-06  -5.7104942e-06  1.7682233e-06  6.4853154e-05  1.3506659e-06  0.0000000   -1.8865520e-06  
-1.2352446e-05  1.7912251e-06  -9.8421062e-05  -1.6738537e-05  -0.00017055434  -1.9662535e-05  9.0919821e-05  -9.5300296e-07  0.00015569953  1.8865520e-06  0.0000000   -1.2352446e-05  1.7912251e-06  -9.8421062e-05  -1.6738537e-05  -0.00017055434  -1.9662535e-05  9.0919821e-05  -9.5300296e-07  0.00015569953  1.8865520e-06  0.0000000   
