0.0000000   0.0020879591  -9.7427543e-05  0.00030987624  -8.2685301e-06  -7.5392860e-06  -7.1418501e-06  -0.00011549292  -1.3228236e-05  2.2962272e-06  1.3402773e-07  0.0000000   0.0020879591  -9.7427543e-05  0.00030987624  -8.2685301e-06  -7.5392860e-06  -7.1418501e-06  -0.00011549292  -1.3228236e-05  2.2962272e-06  1.3402773e-07  
-0.0020879591  0.0000000   -0.0016645234  0.00032068688  -2.1741022e-05  1.0742863e-05  9.0543902e-06  -2.0367395e-05  -2.1779821e-06  3.7894005e-06  -1.4884697e-06  -0.0020879591  0.0000000   -0.0016645234  0.00032068688  -2.1741022e-05  1.0742863e-05  9.0543902e-06  -2.0367395e-05  -2.1779821e-06  3.7894005e-06  -1.4884697e-06  
9.7427543e-05  0.0016645234  0.0000000   0.00013369928  -7.5107147e-06  -8.2669844e-06  -4.5892609e-06  -7.9063550e-05  -4.9159153e-06  1.6737924e-06  -9.5968661e-07  9.7427543e-05  0.0016645234  0.0000000   0.00013369928  -7.5107147e-06  -8.2669844e-06  -4.5892609e-06  -7.9063550e-05  -4.9159153e-06  1.6737924e-06  -9.5968661e-07  
-0.00030987624  -0.00032068688  -0.00013369928  0.0000000   -1.7907844e-06  -3.0828840e-07  3.3349347e-06  -7.9032772e-05  -9.1630312e-06  3.9819103e-07  8.8576435e-07  -0.00030987624  -0.00032068688  -0.00013369928  0.0000000   -1.7907844e-06  -3.0828840e-07  3.3349347e-06  -7.9032772e-05  -9.1630312e-06  3.9819103e-07  8.8576435e-07  
8.2685301e-06  2.1741022e-05  7.5107147e-06  1.7907844e-06  0.0000000   0.00022614493  -6.1826701e-05  1.8721148e-05  -0.00014228095  1.8243424e-05  -4.0111166e-05  8.2685301e-06  2.1741022e-05  7.5107147e-06  1.7907844e-06  0.0000000   0.00022614493  -6.1826701e-05  1.8721148e-05  -0.00014228095  1.8243424e-05  -4.0111166e-05  
7.5392860e-06  -1.0742863e-05  8.2669844e-06  3.0828840e-07  -0.00022614493  0.0000000   0.00059010629  -3.1034078e-05  0.00022342534  9.3326560e-06  9.8033793e-05  7.5392860e-06  -1.0742863e-05  8.2669844e-06  3.0828840e-07  -0.00022614493  0.0000000   0.00059010629  -3.1034078e-05  0.00022342534  9.3326560e-06  9.8033793e-05  
7.1418501e-06  -9.0543902e-06  4.5892609e-06  -3.3349347e-06  6.1826701e-05  -0.00059010629  0.0000000   2.5131756e-05  -0.00023410221  5.2765582e-05  0.00012233645  7.1418501e-06  -9.0543902e-06  4.5892609e-06  -3.3349347e-06  6.1826701e-05  -0.00059010629  0.0000000   2.5131756e-05  -0.00023410221  5.2765582e-05  0.00012233645  
0.00011549292  2.0367395e-05  7.9063550e-05  7.9032772e-05  -1.8721148e-05  3.1034078e-05  -2.5131756e-05  0.0000000   4.2247973e-06  -4.3550102e-05  4.4740101e-05  0.00011549292  2.0367395e-05  7.9063550e-05  7.9032772e-05  -1.8721148e-05  3.1034078e-05  -2.5131756e-05  0.0000000   4.2247973e-06  -4.3550102e-05  4.4740101e-05  
1.3228236e-05  2.1779821e-06  4.9159153e-06  9.1630312e-06  0.00014228095  -0.00022342534  0.00023410221  -4.2247973e-06  0.0000000   0.00033489117  -6.0626133e-05  1.3228236e-05  2.1779821e-06  4.9159153e-06  9.1630312e-06  0.00014228095  -0.00022342534  0.00023410221  -4.2247973e-06  0.0000000   0.00033489117  -6.0626133e-05  
-2.2962272e-06  -3.7894005e-06  -1.6737924e-06  -3.9819103e-07  -1.8243424e-05  -9.3326560e-06  -5.2765582e-05  4.3550102e-05  -0.00033489117  0.0000000   0.0051631181  -2.2962272e-06  -3.7894005e-06  -1.6737924e-06  -3.9819103e-07  -1.8243424e-05  -9.3326560e-06  -5.2765582e-05  4.3550102e-05  -0.00033489117  0.0000000   0.0051631181  
-1.3402773e-07  1.4884697e-06  9.5968661e-07  -8.8576435e-07  4.0111166e-05  -9.8033793e-05  -0.00012233645  -4.4740101e-05  6.0626133e-05  -0.0051631181  0.0000000   -1.3402773e-07  1.4884697e-06  9.5968661e-07  -8.8576435e-07  4.0111166e-05  -9.8033793e-05  -0.00012233645  -4.4740101e-05  6.0626133e-05  -0.0051631181  0.0000000   
0.0000000   0.0020879591  -9.7427543e-05  0.00030987624  -8.2685301e-06  -7.5392860e-06  -7.1418501e-06  -0.00011549292  -1.3228236e-05  2.2962272e-06  1.3402773e-07  0.0000000   0.0020879591  -9.7427543e-05  0.00030987624  -8.2685301e-06  -7.5392860e-06  -7.1418501e-06  -0.00011549292  -1.3228236e-05  2.2962272e-06  1.3402773e-07  
-0.0020879591  0.0000000   -0.0016645234  0.00032068688  -2.1741022e-05  1.0742863e-05  9.0543902e-06  -2.0367395e-05  -2.1779821e-06  3.7894005e-06  -1.4884697e-06  -0.0020879591  0.0000000   -0.0016645234  0.00032068688  -2.1741022e-05  1.0742863e-05  9.0543902e-06  -2.0367395e-05  -2.1779821e-06  3.7894005e-06  -1.4884697e-06  
9.7427543e-05  0.0016645234  0.0000000   0.00013369928  -7.5107147e-06  -8.2669844e-06  -4.5892609e-06  -7.9063550e-05  -4.9159153e-06  1.6737924e-06  -9.5968661e-07  9.7427543e-05  0.0016645234  0.0000000   0.00013369928  -7.5107147e-06  -8.2669844e-06  -4.5892609e-06  -7.9063550e-05  -4.9159153e-06  1.6737924e-06  -9.5968661e-07  
-0.00030987624  -0.00032068688  -0.00013369928  0.0000000   -1.7907844e-06  -3.0828840e-07  3.3349347e-06  -7.9032772e-05  -9.1630312e-06  3.9819103e-07  8.8576435e-07  -0.00030987624  -0.00032068688  -0.00013369928  0.0000000   -1.7907844e-06  -3.0828840e-07  3.3349347e-06  -7.9032772e-05  -9.1630312e-06  3.9819103e-07  8.8576435e-07  
8.2685301e-06  2.1741022e-05  7.5107147e-06  1.7907844e-06  0.0000000   0.00022614493  -6.1826701e-05  1.8721148e-05  -0.00014228095  1.8243424e-05  -4.0111166e-05  8.2685301e-06  2.1741022e-05  7.5107147e-06  1.7907844e-06  0.0000000   0.00022614493  -6.1826701e-05  1.8721148e-05  -0.00014228095  1.8243424e-05  -4.0111166e-05  
7.5392860e-06  -1.0742863e-05  8.2669844e-06  3.0828840e-07  -0.00022614493  0.0000000   0.00059010629  -3.1034078e-05  0.00022342534  9.3326560e-06  9.8033793e-05  7.5392860e-06  -1.0742863e-05  8.2669844e-06  3.0828840e-07  -0.00022614493  0.0000000   0.00059010629  -3.1034078e-05  0.00022342534  9.3326560e-06  9.8033793e-05  
7.1418501e-06  -9.0543902e-06  4.5892609e-06  -3.3349347e-06  6.1826701e-05  -0.00059010629  0.0000000   2.5131756e-05  -0.00023410221  5.2765582e-05  0.00012233645  7.1418501e-06  -9.0543902e-06  4.5892609e-06  -3.3349347e-06  6.1826701e-05  -0.00059010629  0.0000000   2.5131756e-05  -0.00023410221  5.2765582e-05  0.00012233645  
0.00011549292  2.0367395e-05  7.9063550e-05  7.9032772e-05  -1.8721148e-05  3.1034078e-05  -2.5131756e-05  0.0000000   4.2247973e-06  -4.3550102e-05  4.4740101e-05  0.00011549292  2.0367395e-05  7.9063550e-05  7.9032772e-05  -1.8721148e-05  3.1034078e-05  -2.5131756e-05  0.0000000   4.2247973e-06  -4.3550102e-05  4.4740101e-05  
1.3228236e-05  2.1779821e-06  4.9159153e-06  9.1630312e-06  0.00014228095  -0.00022342534  0.00023410221  -4.2247973e-06  0.0000000   0.00033489117  -6.0626133e-05  1.3228236e-05  2.1779821e-06  4.9159153e-06  9.1630312e-06  0.00014228095  -0.00022342534  0.00023410221  -4.2247973e-06  0.0000000   0.00033489117  -6.0626133e-05  
-2.2962272e-06  -3.7894005e-06  -1.6737924e-06  -3.9819103e-07  -1.8243424e-05  -9.3326560e-06  -5.2765582e-05  4.3550102e-05  -0.00033489117  0.0000000   0.0051631181  -2.2962272e-06  -3.7894005e-06  -1.6737924e-06  -3.9819103e-07  -1.8243424e-05  -9.3326560e-06  -5.2765582e-05  4.3550102e-05  -0.00033489117  0.0000000   0.0051631181  
-1.3402773e-07  1.4884697e-06  9.5968661e-07  -8.8576435e-07  4.0111166e-05  -9.8033793e-05  -0.00012233645  -4.4740101e-05  6.0626133e-05  -0.0051631181  0.0000000   -1.3402773e-07  1.4884697e-06  9.5968661e-07  -8.8576435e-07  4.0111166e-05  -9.8033793e-05  -0.00012233645  -4.4740101e-05  6.0626133e-05  -0.0051631181  0.0000000   
