0.0000000   5.9492166e-07  6.8381067e-06  1.7741107e-07  -3.2302146e-06  4.2956729e-06  -9.2056496e-07  1.3725653e-06  -7.8089762e-06  2.3459253e-07  5.0019697e-05  0.0000000   5.9492166e-07  6.8381067e-06  1.7741107e-07  -3.2302146e-06  4.2956729e-06  -9.2056496e-07  1.3725653e-06  -7.8089762e-06  2.3459253e-07  5.0019697e-05  
-5.9492166e-07  0.0000000   0.0013471292  1.6206963e-05  1.0020821e-05  -2.4982622e-05  -7.2036996e-05  2.4688185e-06  2.5910687e-06  8.9145654e-06  -2.5712826e-07  -5.9492166e-07  0.0000000   0.0013471292  1.6206963e-05  1.0020821e-05  -2.4982622e-05  -7.2036996e-05  2.4688185e-06  2.5910687e-06  8.9145654e-06  -2.5712826e-07  
-6.8381067e-06  -0.0013471292  0.0000000   -5.2505737e-05  -3.4085427e-06  4.0859153e-05  6.6559787e-05  8.0978044e-06  1.8038183e-06  2.0836681e-05  3.5424835e-07  -6.8381067e-06  -0.0013471292  0.0000000   -5.2505737e-05  -3.4085427e-06  4.0859153e-05  6.6559787e-05  8.0978044e-06  1.8038183e-06  2.0836681e-05  3.5424835e-07  
-1.7741107e-07  -1.6206963e-05  5.2505737e-05  0.0000000   9.8534899e-07  -4.9029180e-05  7.1433861e-05  -0.00016633536  -1.2187696e-05  -7.4108190e-05  -2.2564399e-07  -1.7741107e-07  -1.6206963e-05  5.2505737e-05  0.0000000   9.8534899e-07  -4.9029180e-05  7.1433861e-05  -0.00016633536  -1.2187696e-05  -7.4108190e-05  -2.2564399e-07  
3.2302146e-06  -1.0020821e-05  3.4085427e-06  -9.8534899e-07  0.0000000   1.4253545e-05  4.9191442e-06  8.9798287e-08  -2.5005356e-05  6.9380500e-07  -6.3607777e-06  3.2302146e-06  -1.0020821e-05  3.4085427e-06  -9.8534899e-07  0.0000000   1.4253545e-05  4.9191442e-06  8.9798287e-08  -2.5005356e-05  6.9380500e-07  -6.3607777e-06  
-4.2956729e-06  2.4982622e-05  -4.0859153e-05  4.9029180e-05  -1.4253545e-05  0.0000000   0.0096415134  -0.00037583807  -0.00010737607  -4.5923900e-05  2.8439459e-05  -4.2956729e-06  2.4982622e-05  -4.0859153e-05  4.9029180e-05  -1.4253545e-05  0.0000000   0.0096415134  -0.00037583807  -0.00010737607  -4.5923900e-05  2.8439459e-05  
9.2056496e-07  7.2036996e-05  -6.6559787e-05  -7.1433861e-05  -4.9191442e-06  -0.0096415134  0.0000000   0.00029651143  -2.4837137e-05  0.00012395553  -2.4550521e-05  9.2056496e-07  7.2036996e-05  -6.6559787e-05  -7.1433861e-05  -4.9191442e-06  -0.0096415134  0.0000000   0.00029651143  -2.4837137e-05  0.00012395553  -2.4550521e-05  
-1.3725653e-06  -2.4688185e-06  -8.0978044e-06  0.00016633536  -8.9798287e-08  0.00037583807  -0.00029651143  0.0000000   4.7015495e-06  -0.00017339898  4.5778651e-06  -1.3725653e-06  -2.4688185e-06  -8.0978044e-06  0.00016633536  -8.9798287e-08  0.00037583807  -0.00029651143  0.0000000   4.7015495e-06  -0.00017339898  4.5778651e-06  
7.8089762e-06  -2.5910687e-06  -1.8038183e-06  1.2187696e-05  2.5005356e-05  0.00010737607  2.4837137e-05  -4.7015495e-06  0.0000000   -1.3336482e-05  -7.3063077e-05  7.8089762e-06  -2.5910687e-06  -1.8038183e-06  1.2187696e-05  2.5005356e-05  0.00010737607  2.4837137e-05  -4.7015495e-06  0.0000000   -1.3336482e-05  -7.3063077e-05  
-2.3459253e-07  -8.9145654e-06  -2.0836681e-05  7.4108190e-05  -6.9380500e-07  4.5923900e-05  -0.00012395553  0.00017339898  1.3336482e-05  0.0000000   1.5633173e-07  -2.3459253e-07  -8.9145654e-06  -2.0836681e-05  7.4108190e-05  -6.9380500e-07  4.5923900e-05  -0.00012395553  0.00017339898  1.3336482e-05  0.0000000   1.5633173e-07  
-5.0019697e-05  2.5712826e-07  -3.5424835e-07  2.2564399e-07  6.3607777e-06  -2.8439459e-05  2.4550521e-05  -4.5778651e-06  7.3063077e-05  -1.5633173e-07  0.0000000   -5.0019697e-05  2.5712826e-07  -3.5424835e-07  2.2564399e-07  6.3607777e-06  -2.8439459e-05  2.4550521e-05  -4.5778651e-06  7.3063077e-05  -1.5633173e-07  0.0000000   
0.0000000   5.9492166e-07  6.8381067e-06  1.7741107e-07  -3.2302146e-06  4.2956729e-06  -9.2056496e-07  1.3725653e-06  -7.8089762e-06  2.3459253e-07  5.0019697e-05  0.0000000   5.9492166e-07  6.8381067e-06  1.7741107e-07  -3.2302146e-06  4.2956729e-06  -9.2056496e-07  1.3725653e-06  -7.8089762e-06  2.3459253e-07  5.0019697e-05  
-5.9492166e-07  0.0000000   0.0013471292  1.6206963e-05  1.0020821e-05  -2.4982622e-05  -7.2036996e-05  2.4688185e-06  2.5910687e-06  8.9145654e-06  -2.5712826e-07  -5.9492166e-07  0.0000000   0.0013471292  1.6206963e-05  1.0020821e-05  -2.4982622e-05  -7.2036996e-05  2.4688185e-06  2.5910687e-06  8.9145654e-06  -2.5712826e-07  
-6.8381067e-06  -0.0013471292  0.0000000   -5.2505737e-05  -3.4085427e-06  4.0859153e-05  6.6559787e-05  8.0978044e-06  1.8038183e-06  2.0836681e-05  3.5424835e-07  -6.8381067e-06  -0.0013471292  0.0000000   -5.2505737e-05  -3.4085427e-06  4.0859153e-05  6.6559787e-05  8.0978044e-06  1.8038183e-06  2.0836681e-05  3.5424835e-07  
-1.7741107e-07  -1.6206963e-05  5.2505737e-05  0.0000000   9.8534899e-07  -4.9029180e-05  7.1433861e-05  -0.00016633536  -1.2187696e-05  -7.4108190e-05  -2.2564399e-07  -1.7741107e-07  -1.6206963e-05  5.2505737e-05  0.0000000   9.8534899e-07  -4.9029180e-05  7.1433861e-05  -0.00016633536  -1.2187696e-05  -7.4108190e-05  -2.2564399e-07  
3.2302146e-06  -1.0020821e-05  3.4085427e-06  -9.8534899e-07  0.0000000   1.4253545e-05  4.9191442e-06  8.9798287e-08  -2.5005356e-05  6.9380500e-07  -6.3607777e-06  3.2302146e-06  -1.0020821e-05  3.4085427e-06  -9.8534899e-07  0.0000000   1.4253545e-05  4.9191442e-06  8.9798287e-08  -2.5005356e-05  6.9380500e-07  -6.3607777e-06  
-4.2956729e-06  2.4982622e-05  -4.0859153e-05  4.9029180e-05  -1.4253545e-05  0.0000000   0.0096415134  -0.00037583807  -0.00010737607  -4.5923900e-05  2.8439459e-05  -4.2956729e-06  2.4982622e-05  -4.0859153e-05  4.9029180e-05  -1.4253545e-05  0.0000000   0.0096415134  -0.00037583807  -0.00010737607  -4.5923900e-05  2.8439459e-05  
9.2056496e-07  7.2036996e-05  -6.6559787e-05  -7.1433861e-05  -4.9191442e-06  -0.0096415134  0.0000000   0.00029651143  -2.4837137e-05  0.00012395553  -2.4550521e-05  9.2056496e-07  7.2036996e-05  -6.6559787e-05  -7.1433861e-05  -4.9191442e-06  -0.0096415134  0.0000000   0.00029651143  -2.4837137e-05  0.00012395553  -2.4550521e-05  
-1.3725653e-06  -2.4688185e-06  -8.0978044e-06  0.00016633536  -8.9798287e-08  0.00037583807  -0.00029651143  0.0000000   4.7015495e-06  -0.00017339898  4.5778651e-06  -1.3725653e-06  -2.4688185e-06  -8.0978044e-06  0.00016633536  -8.9798287e-08  0.00037583807  -0.00029651143  0.0000000   4.7015495e-06  -0.00017339898  4.5778651e-06  
7.8089762e-06  -2.5910687e-06  -1.8038183e-06  1.2187696e-05  2.5005356e-05  0.00010737607  2.4837137e-05  -4.7015495e-06  0.0000000   -1.3336482e-05  -7.3063077e-05  7.8089762e-06  -2.5910687e-06  -1.8038183e-06  1.2187696e-05  2.5005356e-05  0.00010737607  2.4837137e-05  -4.7015495e-06  0.0000000   -1.3336482e-05  -7.3063077e-05  
-2.3459253e-07  -8.9145654e-06  -2.0836681e-05  7.4108190e-05  -6.9380500e-07  4.5923900e-05  -0.00012395553  0.00017339898  1.3336482e-05  0.0000000   1.5633173e-07  -2.3459253e-07  -8.9145654e-06  -2.0836681e-05  7.4108190e-05  -6.9380500e-07  4.5923900e-05  -0.00012395553  0.00017339898  1.3336482e-05  0.0000000   1.5633173e-07  
-5.0019697e-05  2.5712826e-07  -3.5424835e-07  2.2564399e-07  6.3607777e-06  -2.8439459e-05  2.4550521e-05  -4.5778651e-06  7.3063077e-05  -1.5633173e-07  0.0000000   -5.0019697e-05  2.5712826e-07  -3.5424835e-07  2.2564399e-07  6.3607777e-06  -2.8439459e-05  2.4550521e-05  -4.5778651e-06  7.3063077e-05  -1.5633173e-07  0.0000000   
