0.0000000   -4.5776099e-05  -6.3063787e-05  1.1775671e-06  -1.9420414e-05  -1.3370129e-06  -2.9434820e-08  -1.8758844e-06  -3.6074694e-05  -1.8867163e-05  -6.1430923e-08  0.0000000   -4.5776099e-05  -6.3063787e-05  1.1775671e-06  -1.9420414e-05  -1.3370129e-06  -2.9434820e-08  -1.8758844e-06  -3.6074694e-05  -1.8867163e-05  -6.1430923e-08  
4.5776099e-05  0.0000000   -0.00016072221  4.5380541e-08  4.9085671e-05  1.6637528e-06  -2.0962105e-07  8.6466203e-07  -2.7488720e-05  1.3788285e-05  -1.9118537e-07  4.5776099e-05  0.0000000   -0.00016072221  4.5380541e-08  4.9085671e-05  1.6637528e-06  -2.0962105e-07  8.6466203e-07  -2.7488720e-05  1.3788285e-05  -1.9118537e-07  
6.3063787e-05  0.00016072221  0.0000000   3.0544699e-06  -0.00031459014  -3.3990831e-07  -3.6024601e-07  -1.0338191e-06  -1.3714056e-05  -2.4275729e-06  -6.7861328e-08  6.3063787e-05  0.00016072221  0.0000000   3.0544699e-06  -0.00031459014  -3.3990831e-07  -3.6024601e-07  -1.0338191e-06  -1.3714056e-05  -2.4275729e-06  -6.7861328e-08  
-1.1775671e-06  -4.5380541e-08  -3.0544699e-06  0.0000000   -1.8622066e-07  0.00015033166  -0.00010347790  1.6421913e-06  1.1963348e-06  -1.7098006e-07  1.7930007e-05  -1.1775671e-06  -4.5380541e-08  -3.0544699e-06  0.0000000   -1.8622066e-07  0.00015033166  -0.00010347790  1.6421913e-06  1.1963348e-06  -1.7098006e-07  1.7930007e-05  
1.9420414e-05  -4.9085671e-05  0.00031459014  1.8622066e-07  0.0000000   2.8455461e-07  -1.5970345e-06  -4.3223627e-06  -8.7594354e-05  -1.0567869e-05  -2.4485222e-07  1.9420414e-05  -4.9085671e-05  0.00031459014  1.8622066e-07  0.0000000   2.8455461e-07  -1.5970345e-06  -4.3223627e-06  -8.7594354e-05  -1.0567869e-05  -2.4485222e-07  
1.3370129e-06  -1.6637528e-06  3.3990831e-07  -0.00015033166  -2.8455461e-07  0.0000000   0.00015465103  0.00060458608  -1.6191199e-05  5.4774447e-07  8.9246840e-05  1.3370129e-06  -1.6637528e-06  3.3990831e-07  -0.00015033166  -2.8455461e-07  0.0000000   0.00015465103  0.00060458608  -1.6191199e-05  5.4774447e-07  8.9246840e-05  
2.9434820e-08  2.0962105e-07  3.6024601e-07  0.00010347790  1.5970345e-06  -0.00015465103  0.0000000   -0.00020733728  5.1133679e-06  6.7529962e-07  0.00011567226  2.9434820e-08  2.0962105e-07  3.6024601e-07  0.00010347790  1.5970345e-06  -0.00015465103  0.0000000   -0.00020733728  5.1133679e-06  6.7529962e-07  0.00011567226  
1.8758844e-06  -8.6466203e-07  1.0338191e-06  -1.6421913e-06  4.3223627e-06  -0.00060458608  0.00020733728  0.0000000   -2.3300915e-06  1.0160949e-05  -1.6503254e-05  1.8758844e-06  -8.6466203e-07  1.0338191e-06  -1.6421913e-06  4.3223627e-06  -0.00060458608  0.00020733728  0.0000000   -2.3300915e-06  1.0160949e-05  -1.6503254e-05  
3.6074694e-05  2.7488720e-05  1.3714056e-05  -1.1963348e-06  8.7594354e-05  1.6191199e-05  -5.1133679e-06  2.3300915e-06  0.0000000   0.00033086549  -2.5800136e-06  3.6074694e-05  2.7488720e-05  1.3714056e-05  -1.1963348e-06  8.7594354e-05  1.6191199e-05  -5.1133679e-06  2.3300915e-06  0.0000000   0.00033086549  -2.5800136e-06  
1.8867163e-05  -1.3788285e-05  2.4275729e-06  1.7098006e-07  1.0567869e-05  -5.4774447e-07  -6.7529962e-07  -1.0160949e-05  -0.00033086549  0.0000000   2.2643863e-07  1.8867163e-05  -1.3788285e-05  2.4275729e-06  1.7098006e-07  1.0567869e-05  -5.4774447e-07  -6.7529962e-07  -1.0160949e-05  -0.00033086549  0.0000000   2.2643863e-07  
6.1430923e-08  1.9118537e-07  6.7861328e-08  -1.7930007e-05  2.4485222e-07  -8.9246840e-05  -0.00011567226  1.6503254e-05  2.5800136e-06  -2.2643863e-07  0.0000000   6.1430923e-08  1.9118537e-07  6.7861328e-08  -1.7930007e-05  2.4485222e-07  -8.9246840e-05  -0.00011567226  1.6503254e-05  2.5800136e-06  -2.2643863e-07  0.0000000   
0.0000000   -4.5776099e-05  -6.3063787e-05  1.1775671e-06  -1.9420414e-05  -1.3370129e-06  -2.9434820e-08  -1.8758844e-06  -3.6074694e-05  -1.8867163e-05  -6.1430923e-08  0.0000000   -4.5776099e-05  -6.3063787e-05  1.1775671e-06  -1.9420414e-05  -1.3370129e-06  -2.9434820e-08  -1.8758844e-06  -3.6074694e-05  -1.8867163e-05  -6.1430923e-08  
4.5776099e-05  0.0000000   -0.00016072221  4.5380541e-08  4.9085671e-05  1.6637528e-06  -2.0962105e-07  8.6466203e-07  -2.7488720e-05  1.3788285e-05  -1.9118537e-07  4.5776099e-05  0.0000000   -0.00016072221  4.5380541e-08  4.9085671e-05  1.6637528e-06  -2.0962105e-07  8.6466203e-07  -2.7488720e-05  1.3788285e-05  -1.9118537e-07  
6.3063787e-05  0.00016072221  0.0000000   3.0544699e-06  -0.00031459014  -3.3990831e-07  -3.6024601e-07  -1.0338191e-06  -1.3714056e-05  -2.4275729e-06  -6.7861328e-08  6.3063787e-05  0.00016072221  0.0000000   3.0544699e-06  -0.00031459014  -3.3990831e-07  -3.6024601e-07  -1.0338191e-06  -1.3714056e-05  -2.4275729e-06  -6.7861328e-08  
-1.1775671e-06  -4.5380541e-08  -3.0544699e-06  0.0000000   -1.8622066e-07  0.00015033166  -0.00010347790  1.6421913e-06  1.1963348e-06  -1.7098006e-07  1.7930007e-05  -1.1775671e-06  -4.5380541e-08  -3.0544699e-06  0.0000000   -1.8622066e-07  0.00015033166  -0.00010347790  1.6421913e-06  1.1963348e-06  -1.7098006e-07  1.7930007e-05  
1.9420414e-05  -4.9085671e-05  0.00031459014  1.8622066e-07  0.0000000   2.8455461e-07  -1.5970345e-06  -4.3223627e-06  -8.7594354e-05  -1.0567869e-05  -2.4485222e-07  1.9420414e-05  -4.9085671e-05  0.00031459014  1.8622066e-07  0.0000000   2.8455461e-07  -1.5970345e-06  -4.3223627e-06  -8.7594354e-05  -1.0567869e-05  -2.4485222e-07  
1.3370129e-06  -1.6637528e-06  3.3990831e-07  -0.00015033166  -2.8455461e-07  0.0000000   0.00015465103  0.00060458608  -1.6191199e-05  5.4774447e-07  8.9246840e-05  1.3370129e-06  -1.6637528e-06  3.3990831e-07  -0.00015033166  -2.8455461e-07  0.0000000   0.00015465103  0.00060458608  -1.6191199e-05  5.4774447e-07  8.9246840e-05  
2.9434820e-08  2.0962105e-07  3.6024601e-07  0.00010347790  1.5970345e-06  -0.00015465103  0.0000000   -0.00020733728  5.1133679e-06  6.7529962e-07  0.00011567226  2.9434820e-08  2.0962105e-07  3.6024601e-07  0.00010347790  1.5970345e-06  -0.00015465103  0.0000000   -0.00020733728  5.1133679e-06  6.7529962e-07  0.00011567226  
1.8758844e-06  -8.6466203e-07  1.0338191e-06  -1.6421913e-06  4.3223627e-06  -0.00060458608  0.00020733728  0.0000000   -2.3300915e-06  1.0160949e-05  -1.6503254e-05  1.8758844e-06  -8.6466203e-07  1.0338191e-06  -1.6421913e-06  4.3223627e-06  -0.00060458608  0.00020733728  0.0000000   -2.3300915e-06  1.0160949e-05  -1.6503254e-05  
3.6074694e-05  2.7488720e-05  1.3714056e-05  -1.1963348e-06  8.7594354e-05  1.6191199e-05  -5.1133679e-06  2.3300915e-06  0.0000000   0.00033086549  -2.5800136e-06  3.6074694e-05  2.7488720e-05  1.3714056e-05  -1.1963348e-06  8.7594354e-05  1.6191199e-05  -5.1133679e-06  2.3300915e-06  0.0000000   0.00033086549  -2.5800136e-06  
1.8867163e-05  -1.3788285e-05  2.4275729e-06  1.7098006e-07  1.0567869e-05  -5.4774447e-07  -6.7529962e-07  -1.0160949e-05  -0.00033086549  0.0000000   2.2643863e-07  1.8867163e-05  -1.3788285e-05  2.4275729e-06  1.7098006e-07  1.0567869e-05  -5.4774447e-07  -6.7529962e-07  -1.0160949e-05  -0.00033086549  0.0000000   2.2643863e-07  
6.1430923e-08  1.9118537e-07  6.7861328e-08  -1.7930007e-05  2.4485222e-07  -8.9246840e-05  -0.00011567226  1.6503254e-05  2.5800136e-06  -2.2643863e-07  0.0000000   6.1430923e-08  1.9118537e-07  6.7861328e-08  -1.7930007e-05  2.4485222e-07  -8.9246840e-05  -0.00011567226  1.6503254e-05  2.5800136e-06  -2.2643863e-07  0.0000000   
