0.0000000   0.00023330730  2.3254819e-06  -5.6682910e-06  -1.9020518e-06  9.9284460e-05  -1.6276920e-06  -1.0129006e-06  -4.3677489e-05  -1.5570712e-07  2.3924843e-06  0.0000000   0.00023330730  2.3254819e-06  -5.6682910e-06  -1.9020518e-06  9.9284460e-05  -1.6276920e-06  -1.0129006e-06  -4.3677489e-05  -1.5570712e-07  2.3924843e-06  
-0.00023330730  0.0000000   2.3030526e-06  -3.2997746e-05  -7.6367668e-06  -0.00010223556  -1.1834909e-06  -8.5324115e-06  2.1314961e-05  3.6519142e-06  1.7642932e-06  -0.00023330730  0.0000000   2.3030526e-06  -3.2997746e-05  -7.6367668e-06  -0.00010223556  -1.1834909e-06  -8.5324115e-06  2.1314961e-05  3.6519142e-06  1.7642932e-06  
-2.3254819e-06  -2.3030526e-06  0.0000000   -0.0014250657  -0.00035402778  1.9908652e-06  -9.1500038e-05  -1.4667961e-06  4.3911889e-06  1.6693466e-05  1.2258927e-05  -2.3254819e-06  -2.3030526e-06  0.0000000   -0.0014250657  -0.00035402778  1.9908652e-06  -9.1500038e-05  -1.4667961e-06  4.3911889e-06  1.6693466e-05  1.2258927e-05  
5.6682910e-06  3.2997746e-05  0.0014250657  0.0000000   -0.00013609973  2.3934333e-06  0.00011771860  2.3117652e-06  1.8977421e-06  2.7600498e-05  -5.7533361e-06  5.6682910e-06  3.2997746e-05  0.0014250657  0.0000000   -0.00013609973  2.3934333e-06  0.00011771860  2.3117652e-06  1.8977421e-06  2.7600498e-05  -5.7533361e-06  
1.9020518e-06  7.6367668e-06  0.00035402778  0.00013609973  0.0000000   -9.8255564e-07  -7.7133756e-05  1.5060402e-06  -7.5146552e-07  1.5680991e-05  3.2198081e-05  1.9020518e-06  7.6367668e-06  0.00035402778  0.00013609973  0.0000000   -9.8255564e-07  -7.7133756e-05  1.5060402e-06  -7.5146552e-07  1.5680991e-05  3.2198081e-05  
-9.9284460e-05  0.00010223556  -1.9908652e-06  -2.3934333e-06  9.8255564e-07  0.0000000   -1.5995498e-06  -4.5237737e-05  0.00016839509  9.1153915e-06  -1.7737581e-05  -9.9284460e-05  0.00010223556  -1.9908652e-06  -2.3934333e-06  9.8255564e-07  0.0000000   -1.5995498e-06  -4.5237737e-05  0.00016839509  9.1153915e-06  -1.7737581e-05  
1.6276920e-06  1.1834909e-06  9.1500038e-05  -0.00011771860  7.7133756e-05  1.5995498e-06  0.0000000   6.3777978e-08  -2.8324888e-06  0.00033573270  -0.00026977785  1.6276920e-06  1.1834909e-06  9.1500038e-05  -0.00011771860  7.7133756e-05  1.5995498e-06  0.0000000   6.3777978e-08  -2.8324888e-06  0.00033573270  -0.00026977785  
1.0129006e-06  8.5324115e-06  1.4667961e-06  -2.3117652e-06  -1.5060402e-06  4.5237737e-05  -6.3777978e-08  0.0000000   -0.00041221367  -6.0772845e-06  8.6657806e-06  1.0129006e-06  8.5324115e-06  1.4667961e-06  -2.3117652e-06  -1.5060402e-06  4.5237737e-05  -6.3777978e-08  0.0000000   -0.00041221367  -6.0772845e-06  8.6657806e-06  
4.3677489e-05  -2.1314961e-05  -4.3911889e-06  -1.8977421e-06  7.5146552e-07  -0.00016839509  2.8324888e-06  0.00041221367  0.0000000   1.2843443e-05  -1.2425103e-05  4.3677489e-05  -2.1314961e-05  -4.3911889e-06  -1.8977421e-06  7.5146552e-07  -0.00016839509  2.8324888e-06  0.00041221367  0.0000000   1.2843443e-05  -1.2425103e-05  
1.5570712e-07  -3.6519142e-06  -1.6693466e-05  -2.7600498e-05  -1.5680991e-05  -9.1153915e-06  -0.00033573270  6.0772845e-06  -1.2843443e-05  0.0000000   -0.0017940967  1.5570712e-07  -3.6519142e-06  -1.6693466e-05  -2.7600498e-05  -1.5680991e-05  -9.1153915e-06  -0.00033573270  6.0772845e-06  -1.2843443e-05  0.0000000   -0.0017940967  
-2.3924843e-06  -1.7642932e-06  -1.2258927e-05  5.7533361e-06  -3.2198081e-05  1.7737581e-05  0.00026977785  -8.6657806e-06  1.2425103e-05  0.0017940967  0.0000000   -2.3924843e-06  -1.7642932e-06  -1.2258927e-05  5.7533361e-06  -3.2198081e-05  1.7737581e-05  0.00026977785  -8.6657806e-06  1.2425103e-05  0.0017940967  0.0000000   
0.0000000   0.00023330730  2.3254819e-06  -5.6682910e-06  -1.9020518e-06  9.9284460e-05  -1.6276920e-06  -1.0129006e-06  -4.3677489e-05  -1.5570712e-07  2.3924843e-06  0.0000000   0.00023330730  2.3254819e-06  -5.6682910e-06  -1.9020518e-06  9.9284460e-05  -1.6276920e-06  -1.0129006e-06  -4.3677489e-05  -1.5570712e-07  2.3924843e-06  
-0.00023330730  0.0000000   2.3030526e-06  -3.2997746e-05  -7.6367668e-06  -0.00010223556  -1.1834909e-06  -8.5324115e-06  2.1314961e-05  3.6519142e-06  1.7642932e-06  -0.00023330730  0.0000000   2.3030526e-06  -3.2997746e-05  -7.6367668e-06  -0.00010223556  -1.1834909e-06  -8.5324115e-06  2.1314961e-05  3.6519142e-06  1.7642932e-06  
-2.3254819e-06  -2.3030526e-06  0.0000000   -0.0014250657  -0.00035402778  1.9908652e-06  -9.1500038e-05  -1.4667961e-06  4.3911889e-06  1.6693466e-05  1.2258927e-05  -2.3254819e-06  -2.3030526e-06  0.0000000   -0.0014250657  -0.00035402778  1.9908652e-06  -9.1500038e-05  -1.4667961e-06  4.3911889e-06  1.6693466e-05  1.2258927e-05  
5.6682910e-06  3.2997746e-05  0.0014250657  0.0000000   -0.00013609973  2.3934333e-06  0.00011771860  2.3117652e-06  1.8977421e-06  2.7600498e-05  -5.7533361e-06  5.6682910e-06  3.2997746e-05  0.0014250657  0.0000000   -0.00013609973  2.3934333e-06  0.00011771860  2.3117652e-06  1.8977421e-06  2.7600498e-05  -5.7533361e-06  
1.9020518e-06  7.6367668e-06  0.00035402778  0.00013609973  0.0000000   -9.8255564e-07  -7.7133756e-05  1.5060402e-06  -7.5146552e-07  1.5680991e-05  3.2198081e-05  1.9020518e-06  7.6367668e-06  0.00035402778  0.00013609973  0.0000000   -9.8255564e-07  -7.7133756e-05  1.5060402e-06  -7.5146552e-07  1.5680991e-05  3.2198081e-05  
-9.9284460e-05  0.00010223556  -1.9908652e-06  -2.3934333e-06  9.8255564e-07  0.0000000   -1.5995498e-06  -4.5237737e-05  0.00016839509  9.1153915e-06  -1.7737581e-05  -9.9284460e-05  0.00010223556  -1.9908652e-06  -2.3934333e-06  9.8255564e-07  0.0000000   -1.5995498e-06  -4.5237737e-05  0.00016839509  9.1153915e-06  -1.7737581e-05  
1.6276920e-06  1.1834909e-06  9.1500038e-05  -0.00011771860  7.7133756e-05  1.5995498e-06  0.0000000   6.3777978e-08  -2.8324888e-06  0.00033573270  -0.00026977785  1.6276920e-06  1.1834909e-06  9.1500038e-05  -0.00011771860  7.7133756e-05  1.5995498e-06  0.0000000   6.3777978e-08  -2.8324888e-06  0.00033573270  -0.00026977785  
1.0129006e-06  8.5324115e-06  1.4667961e-06  -2.3117652e-06  -1.5060402e-06  4.5237737e-05  -6.3777978e-08  0.0000000   -0.00041221367  -6.0772845e-06  8.6657806e-06  1.0129006e-06  8.5324115e-06  1.4667961e-06  -2.3117652e-06  -1.5060402e-06  4.5237737e-05  -6.3777978e-08  0.0000000   -0.00041221367  -6.0772845e-06  8.6657806e-06  
4.3677489e-05  -2.1314961e-05  -4.3911889e-06  -1.8977421e-06  7.5146552e-07  -0.00016839509  2.8324888e-06  0.00041221367  0.0000000   1.2843443e-05  -1.2425103e-05  4.3677489e-05  -2.1314961e-05  -4.3911889e-06  -1.8977421e-06  7.5146552e-07  -0.00016839509  2.8324888e-06  0.00041221367  0.0000000   1.2843443e-05  -1.2425103e-05  
1.5570712e-07  -3.6519142e-06  -1.6693466e-05  -2.7600498e-05  -1.5680991e-05  -9.1153915e-06  -0.00033573270  6.0772845e-06  -1.2843443e-05  0.0000000   -0.0017940967  1.5570712e-07  -3.6519142e-06  -1.6693466e-05  -2.7600498e-05  -1.5680991e-05  -9.1153915e-06  -0.00033573270  6.0772845e-06  -1.2843443e-05  0.0000000   -0.0017940967  
-2.3924843e-06  -1.7642932e-06  -1.2258927e-05  5.7533361e-06  -3.2198081e-05  1.7737581e-05  0.00026977785  -8.6657806e-06  1.2425103e-05  0.0017940967  0.0000000   -2.3924843e-06  -1.7642932e-06  -1.2258927e-05  5.7533361e-06  -3.2198081e-05  1.7737581e-05  0.00026977785  -8.6657806e-06  1.2425103e-05  0.0017940967  0.0000000   
