0.0000000   0.0018841331  0.00086916798  -0.00039868396  4.9353880e-05  -1.4623501e-05  -0.00027789604  -5.7176323e-07  -3.2238097e-05  1.0554617e-05  -1.6370232e-06  0.0000000   0.0018841331  0.00086916798  -0.00039868396  4.9353880e-05  -1.4623501e-05  -0.00027789604  -5.7176323e-07  -3.2238097e-05  1.0554617e-05  -1.6370232e-06  
-0.0018841331  0.0000000   0.0017422941  0.00032510370  3.0877696e-05  9.9205051e-06  0.00015172101  2.0416902e-07  1.8495447e-05  -2.4548458e-05  5.9494892e-06  -0.0018841331  0.0000000   0.0017422941  0.00032510370  3.0877696e-05  9.9205051e-06  0.00015172101  2.0416902e-07  1.8495447e-05  -2.4548458e-05  5.9494892e-06  
-0.00086916798  -0.0017422941  0.0000000   -0.00065584708  0.00021068607  -8.8565184e-06  -0.00016330989  5.4289203e-06  -0.00010917818  -2.6296501e-05  -8.2057261e-07  -0.00086916798  -0.0017422941  0.0000000   -0.00065584708  0.00021068607  -8.8565184e-06  -0.00016330989  5.4289203e-06  -0.00010917818  -2.6296501e-05  -8.2057261e-07  
0.00039868396  -0.00032510370  0.00065584708  0.0000000   -0.00049824391  -1.0817681e-05  -0.00024354466  -8.3594053e-07  2.2203491e-05  -9.6088796e-05  6.0082982e-06  0.00039868396  -0.00032510370  0.00065584708  0.0000000   -0.00049824391  -1.0817681e-05  -0.00024354466  -8.3594053e-07  2.2203491e-05  -9.6088796e-05  6.0082982e-06  
-4.9353880e-05  -3.0877696e-05  -0.00021068607  0.00049824391  0.0000000   -3.2325692e-06  -3.3959421e-05  -2.2615112e-06  -2.2644267e-06  1.1749495e-05  -3.0688862e-06  -4.9353880e-05  -3.0877696e-05  -0.00021068607  0.00049824391  0.0000000   -3.2325692e-06  -3.3959421e-05  -2.2615112e-06  -2.2644267e-06  1.1749495e-05  -3.0688862e-06  
1.4623501e-05  -9.9205051e-06  8.8565184e-06  1.0817681e-05  3.2325692e-06  0.0000000   2.3687934e-07  -0.00049016878  -4.7903480e-06  1.3469859e-05  0.00016890269  1.4623501e-05  -9.9205051e-06  8.8565184e-06  1.0817681e-05  3.2325692e-06  0.0000000   2.3687934e-07  -0.00049016878  -4.7903480e-06  1.3469859e-05  0.00016890269  
0.00027789604  -0.00015172101  0.00016330989  0.00024354466  3.3959421e-05  -2.3687934e-07  0.0000000   2.3784424e-05  0.00011984414  3.0519955e-05  -1.4147963e-05  0.00027789604  -0.00015172101  0.00016330989  0.00024354466  3.3959421e-05  -2.3687934e-07  0.0000000   2.3784424e-05  0.00011984414  3.0519955e-05  -1.4147963e-05  
5.7176323e-07  -2.0416902e-07  -5.4289203e-06  8.3594053e-07  2.2615112e-06  0.00049016878  -2.3784424e-05  0.0000000   3.7738075e-06  -3.9303623e-05  -0.00041120429  5.7176323e-07  -2.0416902e-07  -5.4289203e-06  8.3594053e-07  2.2615112e-06  0.00049016878  -2.3784424e-05  0.0000000   3.7738075e-06  -3.9303623e-05  -0.00041120429  
3.2238097e-05  -1.8495447e-05  0.00010917818  -2.2203491e-05  2.2644267e-06  4.7903480e-06  -0.00011984414  -3.7738075e-06  0.0000000   0.00015226723  -2.4364780e-05  3.2238097e-05  -1.8495447e-05  0.00010917818  -2.2203491e-05  2.2644267e-06  4.7903480e-06  -0.00011984414  -3.7738075e-06  0.0000000   0.00015226723  -2.4364780e-05  
-1.0554617e-05  2.4548458e-05  2.6296501e-05  9.6088796e-05  -1.1749495e-05  -1.3469859e-05  -3.0519955e-05  3.9303623e-05  -0.00015226723  0.0000000   -1.0979791e-06  -1.0554617e-05  2.4548458e-05  2.6296501e-05  9.6088796e-05  -1.1749495e-05  -1.3469859e-05  -3.0519955e-05  3.9303623e-05  -0.00015226723  0.0000000   -1.0979791e-06  
1.6370232e-06  -5.9494892e-06  8.2057261e-07  -6.0082982e-06  3.0688862e-06  -0.00016890269  1.4147963e-05  0.00041120429  2.4364780e-05  1.0979791e-06  0.0000000   1.6370232e-06  -5.9494892e-06  8.2057261e-07  -6.0082982e-06  3.0688862e-06  -0.00016890269  1.4147963e-05  0.00041120429  2.4364780e-05  1.0979791e-06  0.0000000   
0.0000000   0.0018841331  0.00086916798  -0.00039868396  4.9353880e-05  -1.4623501e-05  -0.00027789604  -5.7176323e-07  -3.2238097e-05  1.0554617e-05  -1.6370232e-06  0.0000000   0.0018841331  0.00086916798  -0.00039868396  4.9353880e-05  -1.4623501e-05  -0.00027789604  -5.7176323e-07  -3.2238097e-05  1.0554617e-05  -1.6370232e-06  
-0.0018841331  0.0000000   0.0017422941  0.00032510370  3.0877696e-05  9.9205051e-06  0.00015172101  2.0416902e-07  1.8495447e-05  -2.4548458e-05  5.9494892e-06  -0.0018841331  0.0000000   0.0017422941  0.00032510370  3.0877696e-05  9.9205051e-06  0.00015172101  2.0416902e-07  1.8495447e-05  -2.4548458e-05  5.9494892e-06  
-0.00086916798  -0.0017422941  0.0000000   -0.00065584708  0.00021068607  -8.8565184e-06  -0.00016330989  5.4289203e-06  -0.00010917818  -2.6296501e-05  -8.2057261e-07  -0.00086916798  -0.0017422941  0.0000000   -0.00065584708  0.00021068607  -8.8565184e-06  -0.00016330989  5.4289203e-06  -0.00010917818  -2.6296501e-05  -8.2057261e-07  
0.00039868396  -0.00032510370  0.00065584708  0.0000000   -0.00049824391  -1.0817681e-05  -0.00024354466  -8.3594053e-07  2.2203491e-05  -9.6088796e-05  6.0082982e-06  0.00039868396  -0.00032510370  0.00065584708  0.0000000   -0.00049824391  -1.0817681e-05  -0.00024354466  -8.3594053e-07  2.2203491e-05  -9.6088796e-05  6.0082982e-06  
-4.9353880e-05  -3.0877696e-05  -0.00021068607  0.00049824391  0.0000000   -3.2325692e-06  -3.3959421e-05  -2.2615112e-06  -2.2644267e-06  1.1749495e-05  -3.0688862e-06  -4.9353880e-05  -3.0877696e-05  -0.00021068607  0.00049824391  0.0000000   -3.2325692e-06  -3.3959421e-05  -2.2615112e-06  -2.2644267e-06  1.1749495e-05  -3.0688862e-06  
1.4623501e-05  -9.9205051e-06  8.8565184e-06  1.0817681e-05  3.2325692e-06  0.0000000   2.3687934e-07  -0.00049016878  -4.7903480e-06  1.3469859e-05  0.00016890269  1.4623501e-05  -9.9205051e-06  8.8565184e-06  1.0817681e-05  3.2325692e-06  0.0000000   2.3687934e-07  -0.00049016878  -4.7903480e-06  1.3469859e-05  0.00016890269  
0.00027789604  -0.00015172101  0.00016330989  0.00024354466  3.3959421e-05  -2.3687934e-07  0.0000000   2.3784424e-05  0.00011984414  3.0519955e-05  -1.4147963e-05  0.00027789604  -0.00015172101  0.00016330989  0.00024354466  3.3959421e-05  -2.3687934e-07  0.0000000   2.3784424e-05  0.00011984414  3.0519955e-05  -1.4147963e-05  
5.7176323e-07  -2.0416902e-07  -5.4289203e-06  8.3594053e-07  2.2615112e-06  0.00049016878  -2.3784424e-05  0.0000000   3.7738075e-06  -3.9303623e-05  -0.00041120429  5.7176323e-07  -2.0416902e-07  -5.4289203e-06  8.3594053e-07  2.2615112e-06  0.00049016878  -2.3784424e-05  0.0000000   3.7738075e-06  -3.9303623e-05  -0.00041120429  
3.2238097e-05  -1.8495447e-05  0.00010917818  -2.2203491e-05  2.2644267e-06  4.7903480e-06  -0.00011984414  -3.7738075e-06  0.0000000   0.00015226723  -2.4364780e-05  3.2238097e-05  -1.8495447e-05  0.00010917818  -2.2203491e-05  2.2644267e-06  4.7903480e-06  -0.00011984414  -3.7738075e-06  0.0000000   0.00015226723  -2.4364780e-05  
-1.0554617e-05  2.4548458e-05  2.6296501e-05  9.6088796e-05  -1.1749495e-05  -1.3469859e-05  -3.0519955e-05  3.9303623e-05  -0.00015226723  0.0000000   -1.0979791e-06  -1.0554617e-05  2.4548458e-05  2.6296501e-05  9.6088796e-05  -1.1749495e-05  -1.3469859e-05  -3.0519955e-05  3.9303623e-05  -0.00015226723  0.0000000   -1.0979791e-06  
1.6370232e-06  -5.9494892e-06  8.2057261e-07  -6.0082982e-06  3.0688862e-06  -0.00016890269  1.4147963e-05  0.00041120429  2.4364780e-05  1.0979791e-06  0.0000000   1.6370232e-06  -5.9494892e-06  8.2057261e-07  -6.0082982e-06  3.0688862e-06  -0.00016890269  1.4147963e-05  0.00041120429  2.4364780e-05  1.0979791e-06  0.0000000   
