0.0000000   -0.0013826065  2.4513874e-05  -3.5833745e-05  1.0780624e-06  0.00017308433  0.00019399437  -6.8656212e-07  5.0745334e-06  -4.7945278e-06  -2.8666020e-05  0.0000000   -0.0013826065  2.4513874e-05  -3.5833745e-05  1.0780624e-06  0.00017308433  0.00019399437  -6.8656212e-07  5.0745334e-06  -4.7945278e-06  -2.8666020e-05  
0.0013826065  0.0000000   -2.5506978e-05  -2.3527480e-05  2.4492933e-06  0.00012646015  5.0131854e-05  -9.9684177e-07  -1.3748038e-06  1.4611323e-05  1.7408196e-05  0.0013826065  0.0000000   -2.5506978e-05  -2.3527480e-05  2.4492933e-06  0.00012646015  5.0131854e-05  -9.9684177e-07  -1.3748038e-06  1.4611323e-05  1.7408196e-05  
-2.4513874e-05  2.5506978e-05  0.0000000   1.8264810e-07  -6.7568468e-06  2.0506573e-06  -7.5112541e-06  7.5892978e-05  -1.0415840e-05  6.4139097e-07  5.7611999e-07  -2.4513874e-05  2.5506978e-05  0.0000000   1.8264810e-07  -6.7568468e-06  2.0506573e-06  -7.5112541e-06  7.5892978e-05  -1.0415840e-05  6.4139097e-07  5.7611999e-07  
3.5833745e-05  2.3527480e-05  -1.8264810e-07  0.0000000   -4.6894375e-07  -1.9775071e-05  5.1841686e-05  3.4256391e-06  1.2546259e-06  3.8400075e-05  8.9655324e-06  3.5833745e-05  2.3527480e-05  -1.8264810e-07  0.0000000   -4.6894375e-07  -1.9775071e-05  5.1841686e-05  3.4256391e-06  1.2546259e-06  3.8400075e-05  8.9655324e-06  
-1.0780624e-06  -2.4492933e-06  6.7568468e-06  4.6894375e-07  0.0000000   1.5690906e-06  3.9724267e-06  0.00015245342  5.2907252e-06  2.5673324e-07  -1.4404809e-06  -1.0780624e-06  -2.4492933e-06  6.7568468e-06  4.6894375e-07  0.0000000   1.5690906e-06  3.9724267e-06  0.00015245342  5.2907252e-06  2.5673324e-07  -1.4404809e-06  
-0.00017308433  -0.00012646015  -2.0506573e-06  1.9775071e-05  -1.5690906e-06  0.0000000   -0.0022694701  2.7895528e-05  -2.9221591e-05  0.00068391453  0.00015039867  -0.00017308433  -0.00012646015  -2.0506573e-06  1.9775071e-05  -1.5690906e-06  0.0000000   -0.0022694701  2.7895528e-05  -2.9221591e-05  0.00068391453  0.00015039867  
-0.00019399437  -5.0131854e-05  7.5112541e-06  -5.1841686e-05  -3.9724267e-06  0.0022694701  0.0000000   2.6078160e-05  2.8676211e-05  0.00056691667  -0.00050220198  -0.00019399437  -5.0131854e-05  7.5112541e-06  -5.1841686e-05  -3.9724267e-06  0.0022694701  0.0000000   2.6078160e-05  2.8676211e-05  0.00056691667  -0.00050220198  
6.8656212e-07  9.9684177e-07  -7.5892978e-05  -3.4256391e-06  -0.00015245342  -2.7895528e-05  -2.6078160e-05  0.0000000   0.0017402364  -3.5100993e-06  3.2086710e-05  6.8656212e-07  9.9684177e-07  -7.5892978e-05  -3.4256391e-06  -0.00015245342  -2.7895528e-05  -2.6078160e-05  0.0000000   0.0017402364  -3.5100993e-06  3.2086710e-05  
-5.0745334e-06  1.3748038e-06  1.0415840e-05  -1.2546259e-06  -5.2907252e-06  2.9221591e-05  -2.8676211e-05  -0.0017402364  0.0000000   -2.9593127e-06  -1.2109997e-05  -5.0745334e-06  1.3748038e-06  1.0415840e-05  -1.2546259e-06  -5.2907252e-06  2.9221591e-05  -2.8676211e-05  -0.0017402364  0.0000000   -2.9593127e-06  -1.2109997e-05  
4.7945278e-06  -1.4611323e-05  -6.4139097e-07  -3.8400075e-05  -2.5673324e-07  -0.00068391453  -0.00056691667  3.5100993e-06  2.9593127e-06  0.0000000   -0.00017288408  4.7945278e-06  -1.4611323e-05  -6.4139097e-07  -3.8400075e-05  -2.5673324e-07  -0.00068391453  -0.00056691667  3.5100993e-06  2.9593127e-06  0.0000000   -0.00017288408  
2.8666020e-05  -1.7408196e-05  -5.7611999e-07  -8.9655324e-06  1.4404809e-06  -0.00015039867  0.00050220198  -3.2086710e-05  1.2109997e-05  0.00017288408  0.0000000   2.8666020e-05  -1.7408196e-05  -5.7611999e-07  -8.9655324e-06  1.4404809e-06  -0.00015039867  0.00050220198  -3.2086710e-05  1.2109997e-05  0.00017288408  0.0000000   
0.0000000   -0.0013826065  2.4513874e-05  -3.5833745e-05  1.0780624e-06  0.00017308433  0.00019399437  -6.8656212e-07  5.0745334e-06  -4.7945278e-06  -2.8666020e-05  0.0000000   -0.0013826065  2.4513874e-05  -3.5833745e-05  1.0780624e-06  0.00017308433  0.00019399437  -6.8656212e-07  5.0745334e-06  -4.7945278e-06  -2.8666020e-05  
0.0013826065  0.0000000   -2.5506978e-05  -2.3527480e-05  2.4492933e-06  0.00012646015  5.0131854e-05  -9.9684177e-07  -1.3748038e-06  1.4611323e-05  1.7408196e-05  0.0013826065  0.0000000   -2.5506978e-05  -2.3527480e-05  2.4492933e-06  0.00012646015  5.0131854e-05  -9.9684177e-07  -1.3748038e-06  1.4611323e-05  1.7408196e-05  
-2.4513874e-05  2.5506978e-05  0.0000000   1.8264810e-07  -6.7568468e-06  2.0506573e-06  -7.5112541e-06  7.5892978e-05  -1.0415840e-05  6.4139097e-07  5.7611999e-07  -2.4513874e-05  2.5506978e-05  0.0000000   1.8264810e-07  -6.7568468e-06  2.0506573e-06  -7.5112541e-06  7.5892978e-05  -1.0415840e-05  6.4139097e-07  5.7611999e-07  
3.5833745e-05  2.3527480e-05  -1.8264810e-07  0.0000000   -4.6894375e-07  -1.9775071e-05  5.1841686e-05  3.4256391e-06  1.2546259e-06  3.8400075e-05  8.9655324e-06  3.5833745e-05  2.3527480e-05  -1.8264810e-07  0.0000000   -4.6894375e-07  -1.9775071e-05  5.1841686e-05  3.4256391e-06  1.2546259e-06  3.8400075e-05  8.9655324e-06  
-1.0780624e-06  -2.4492933e-06  6.7568468e-06  4.6894375e-07  0.0000000   1.5690906e-06  3.9724267e-06  0.00015245342  5.2907252e-06  2.5673324e-07  -1.4404809e-06  -1.0780624e-06  -2.4492933e-06  6.7568468e-06  4.6894375e-07  0.0000000   1.5690906e-06  3.9724267e-06  0.00015245342  5.2907252e-06  2.5673324e-07  -1.4404809e-06  
-0.00017308433  -0.00012646015  -2.0506573e-06  1.9775071e-05  -1.5690906e-06  0.0000000   -0.0022694701  2.7895528e-05  -2.9221591e-05  0.00068391453  0.00015039867  -0.00017308433  -0.00012646015  -2.0506573e-06  1.9775071e-05  -1.5690906e-06  0.0000000   -0.0022694701  2.7895528e-05  -2.9221591e-05  0.00068391453  0.00015039867  
-0.00019399437  -5.0131854e-05  7.5112541e-06  -5.1841686e-05  -3.9724267e-06  0.0022694701  0.0000000   2.6078160e-05  2.8676211e-05  0.00056691667  -0.00050220198  -0.00019399437  -5.0131854e-05  7.5112541e-06  -5.1841686e-05  -3.9724267e-06  0.0022694701  0.0000000   2.6078160e-05  2.8676211e-05  0.00056691667  -0.00050220198  
6.8656212e-07  9.9684177e-07  -7.5892978e-05  -3.4256391e-06  -0.00015245342  -2.7895528e-05  -2.6078160e-05  0.0000000   0.0017402364  -3.5100993e-06  3.2086710e-05  6.8656212e-07  9.9684177e-07  -7.5892978e-05  -3.4256391e-06  -0.00015245342  -2.7895528e-05  -2.6078160e-05  0.0000000   0.0017402364  -3.5100993e-06  3.2086710e-05  
-5.0745334e-06  1.3748038e-06  1.0415840e-05  -1.2546259e-06  -5.2907252e-06  2.9221591e-05  -2.8676211e-05  -0.0017402364  0.0000000   -2.9593127e-06  -1.2109997e-05  -5.0745334e-06  1.3748038e-06  1.0415840e-05  -1.2546259e-06  -5.2907252e-06  2.9221591e-05  -2.8676211e-05  -0.0017402364  0.0000000   -2.9593127e-06  -1.2109997e-05  
4.7945278e-06  -1.4611323e-05  -6.4139097e-07  -3.8400075e-05  -2.5673324e-07  -0.00068391453  -0.00056691667  3.5100993e-06  2.9593127e-06  0.0000000   -0.00017288408  4.7945278e-06  -1.4611323e-05  -6.4139097e-07  -3.8400075e-05  -2.5673324e-07  -0.00068391453  -0.00056691667  3.5100993e-06  2.9593127e-06  0.0000000   -0.00017288408  
2.8666020e-05  -1.7408196e-05  -5.7611999e-07  -8.9655324e-06  1.4404809e-06  -0.00015039867  0.00050220198  -3.2086710e-05  1.2109997e-05  0.00017288408  0.0000000   2.8666020e-05  -1.7408196e-05  -5.7611999e-07  -8.9655324e-06  1.4404809e-06  -0.00015039867  0.00050220198  -3.2086710e-05  1.2109997e-05  0.00017288408  0.0000000   
