0.0000000   0.00056188927  -6.9748408e-05  -3.7182252e-06  -9.9126197e-07  -6.0815409e-05  -0.00019315852  -5.2383116e-05  -4.6734911e-05  -1.7030166e-07  1.3100574e-06  0.0000000   0.00056188927  -6.9748408e-05  -3.7182252e-06  -9.9126197e-07  -6.0815409e-05  -0.00019315852  -5.2383116e-05  -4.6734911e-05  -1.7030166e-07  1.3100574e-06  
-0.00056188927  0.0000000   -0.0013196018  7.7832603e-06  4.2009385e-08  2.3791682e-05  -0.00014743460  1.5779487e-05  -8.2928920e-05  -7.1245917e-07  4.0089123e-07  -0.00056188927  0.0000000   -0.0013196018  7.7832603e-06  4.2009385e-08  2.3791682e-05  -0.00014743460  1.5779487e-05  -8.2928920e-05  -7.1245917e-07  4.0089123e-07  
6.9748408e-05  0.0013196018  0.0000000   -1.0951151e-05  -1.1081756e-06  0.00015593929  7.1853186e-05  3.5736818e-06  -1.1529689e-05  1.2788125e-06  9.7502669e-07  6.9748408e-05  0.0013196018  0.0000000   -1.0951151e-05  -1.1081756e-06  0.00015593929  7.1853186e-05  3.5736818e-06  -1.1529689e-05  1.2788125e-06  9.7502669e-07  
3.7182252e-06  -7.7832603e-06  1.0951151e-05  0.0000000   -0.00020813082  -1.4830650e-06  1.7315898e-06  -9.8503170e-07  -3.5257993e-08  2.8205744e-05  -2.4682500e-05  3.7182252e-06  -7.7832603e-06  1.0951151e-05  0.0000000   -0.00020813082  -1.4830650e-06  1.7315898e-06  -9.8503170e-07  -3.5257993e-08  2.8205744e-05  -2.4682500e-05  
9.9126197e-07  -4.2009385e-08  1.1081756e-06  0.00020813082  0.0000000   -5.2013357e-07  5.8059765e-07  -1.1507607e-07  -6.5027518e-07  -6.1910470e-06  9.0545960e-06  9.9126197e-07  -4.2009385e-08  1.1081756e-06  0.00020813082  0.0000000   -5.2013357e-07  5.8059765e-07  -1.1507607e-07  -6.5027518e-07  -6.1910470e-06  9.0545960e-06  
6.0815409e-05  -2.3791682e-05  -0.00015593929  1.4830650e-06  5.2013357e-07  0.0000000   -6.4267102e-05  0.00032934934  -2.6615072e-05  -6.0046196e-07  7.9676126e-07  6.0815409e-05  -2.3791682e-05  -0.00015593929  1.4830650e-06  5.2013357e-07  0.0000000   -6.4267102e-05  0.00032934934  -2.6615072e-05  -6.0046196e-07  7.9676126e-07  
0.00019315852  0.00014743460  -7.1853186e-05  -1.7315898e-06  -5.8059765e-07  6.4267102e-05  0.0000000   0.00020709945  -5.7330715e-05  -4.3486688e-07  7.2664647e-07  0.00019315852  0.00014743460  -7.1853186e-05  -1.7315898e-06  -5.8059765e-07  6.4267102e-05  0.0000000   0.00020709945  -5.7330715e-05  -4.3486688e-07  7.2664647e-07  
5.2383116e-05  -1.5779487e-05  -3.5736818e-06  9.8503170e-07  1.1507607e-07  -0.00032934934  -0.00020709945  0.0000000   0.00031954929  3.5917769e-06  -1.6582571e-06  5.2383116e-05  -1.5779487e-05  -3.5736818e-06  9.8503170e-07  1.1507607e-07  -0.00032934934  -0.00020709945  0.0000000   0.00031954929  3.5917769e-06  -1.6582571e-06  
4.6734911e-05  8.2928920e-05  1.1529689e-05  3.5257993e-08  6.5027518e-07  2.6615072e-05  5.7330715e-05  -0.00031954929  0.0000000   -5.3172024e-07  -8.3560391e-07  4.6734911e-05  8.2928920e-05  1.1529689e-05  3.5257993e-08  6.5027518e-07  2.6615072e-05  5.7330715e-05  -0.00031954929  0.0000000   -5.3172024e-07  -8.3560391e-07  
1.7030166e-07  7.1245917e-07  -1.2788125e-06  -2.8205744e-05  6.1910470e-06  6.0046196e-07  4.3486688e-07  -3.5917769e-06  5.3172024e-07  0.0000000   3.0418100e-05  1.7030166e-07  7.1245917e-07  -1.2788125e-06  -2.8205744e-05  6.1910470e-06  6.0046196e-07  4.3486688e-07  -3.5917769e-06  5.3172024e-07  0.0000000   3.0418100e-05  
-1.3100574e-06  -4.0089123e-07  -9.7502669e-07  2.4682500e-05  -9.0545960e-06  -7.9676126e-07  -7.2664647e-07  1.6582571e-06  8.3560391e-07  -3.0418100e-05  0.0000000   -1.3100574e-06  -4.0089123e-07  -9.7502669e-07  2.4682500e-05  -9.0545960e-06  -7.9676126e-07  -7.2664647e-07  1.6582571e-06  8.3560391e-07  -3.0418100e-05  0.0000000   
0.0000000   0.00056188927  -6.9748408e-05  -3.7182252e-06  -9.9126197e-07  -6.0815409e-05  -0.00019315852  -5.2383116e-05  -4.6734911e-05  -1.7030166e-07  1.3100574e-06  0.0000000   0.00056188927  -6.9748408e-05  -3.7182252e-06  -9.9126197e-07  -6.0815409e-05  -0.00019315852  -5.2383116e-05  -4.6734911e-05  -1.7030166e-07  1.3100574e-06  
-0.00056188927  0.0000000   -0.0013196018  7.7832603e-06  4.2009385e-08  2.3791682e-05  -0.00014743460  1.5779487e-05  -8.2928920e-05  -7.1245917e-07  4.0089123e-07  -0.00056188927  0.0000000   -0.0013196018  7.7832603e-06  4.2009385e-08  2.3791682e-05  -0.00014743460  1.5779487e-05  -8.2928920e-05  -7.1245917e-07  4.0089123e-07  
6.9748408e-05  0.0013196018  0.0000000   -1.0951151e-05  -1.1081756e-06  0.00015593929  7.1853186e-05  3.5736818e-06  -1.1529689e-05  1.2788125e-06  9.7502669e-07  6.9748408e-05  0.0013196018  0.0000000   -1.0951151e-05  -1.1081756e-06  0.00015593929  7.1853186e-05  3.5736818e-06  -1.1529689e-05  1.2788125e-06  9.7502669e-07  
3.7182252e-06  -7.7832603e-06  1.0951151e-05  0.0000000   -0.00020813082  -1.4830650e-06  1.7315898e-06  -9.8503170e-07  -3.5257993e-08  2.8205744e-05  -2.4682500e-05  3.7182252e-06  -7.7832603e-06  1.0951151e-05  0.0000000   -0.00020813082  -1.4830650e-06  1.7315898e-06  -9.8503170e-07  -3.5257993e-08  2.8205744e-05  -2.4682500e-05  
9.9126197e-07  -4.2009385e-08  1.1081756e-06  0.00020813082  0.0000000   -5.2013357e-07  5.8059765e-07  -1.1507607e-07  -6.5027518e-07  -6.1910470e-06  9.0545960e-06  9.9126197e-07  -4.2009385e-08  1.1081756e-06  0.00020813082  0.0000000   -5.2013357e-07  5.8059765e-07  -1.1507607e-07  -6.5027518e-07  -6.1910470e-06  9.0545960e-06  
6.0815409e-05  -2.3791682e-05  -0.00015593929  1.4830650e-06  5.2013357e-07  0.0000000   -6.4267102e-05  0.00032934934  -2.6615072e-05  -6.0046196e-07  7.9676126e-07  6.0815409e-05  -2.3791682e-05  -0.00015593929  1.4830650e-06  5.2013357e-07  0.0000000   -6.4267102e-05  0.00032934934  -2.6615072e-05  -6.0046196e-07  7.9676126e-07  
0.00019315852  0.00014743460  -7.1853186e-05  -1.7315898e-06  -5.8059765e-07  6.4267102e-05  0.0000000   0.00020709945  -5.7330715e-05  -4.3486688e-07  7.2664647e-07  0.00019315852  0.00014743460  -7.1853186e-05  -1.7315898e-06  -5.8059765e-07  6.4267102e-05  0.0000000   0.00020709945  -5.7330715e-05  -4.3486688e-07  7.2664647e-07  
5.2383116e-05  -1.5779487e-05  -3.5736818e-06  9.8503170e-07  1.1507607e-07  -0.00032934934  -0.00020709945  0.0000000   0.00031954929  3.5917769e-06  -1.6582571e-06  5.2383116e-05  -1.5779487e-05  -3.5736818e-06  9.8503170e-07  1.1507607e-07  -0.00032934934  -0.00020709945  0.0000000   0.00031954929  3.5917769e-06  -1.6582571e-06  
4.6734911e-05  8.2928920e-05  1.1529689e-05  3.5257993e-08  6.5027518e-07  2.6615072e-05  5.7330715e-05  -0.00031954929  0.0000000   -5.3172024e-07  -8.3560391e-07  4.6734911e-05  8.2928920e-05  1.1529689e-05  3.5257993e-08  6.5027518e-07  2.6615072e-05  5.7330715e-05  -0.00031954929  0.0000000   -5.3172024e-07  -8.3560391e-07  
1.7030166e-07  7.1245917e-07  -1.2788125e-06  -2.8205744e-05  6.1910470e-06  6.0046196e-07  4.3486688e-07  -3.5917769e-06  5.3172024e-07  0.0000000   3.0418100e-05  1.7030166e-07  7.1245917e-07  -1.2788125e-06  -2.8205744e-05  6.1910470e-06  6.0046196e-07  4.3486688e-07  -3.5917769e-06  5.3172024e-07  0.0000000   3.0418100e-05  
-1.3100574e-06  -4.0089123e-07  -9.7502669e-07  2.4682500e-05  -9.0545960e-06  -7.9676126e-07  -7.2664647e-07  1.6582571e-06  8.3560391e-07  -3.0418100e-05  0.0000000   -1.3100574e-06  -4.0089123e-07  -9.7502669e-07  2.4682500e-05  -9.0545960e-06  -7.9676126e-07  -7.2664647e-07  1.6582571e-06  8.3560391e-07  -3.0418100e-05  0.0000000   
