0.0000000   0.0059017912  7.8622203e-05  0.00040576527  6.4827440e-06  7.6593010e-05  -9.3839817e-06  0.00010303143  -3.7875253e-06  2.3003501e-05  -3.3608361e-05  0.0000000   0.0059017912  7.8622203e-05  0.00040576527  6.4827440e-06  7.6593010e-05  -9.3839817e-06  0.00010303143  -3.7875253e-06  2.3003501e-05  -3.3608361e-05  
-0.0059017912  0.0000000   -7.1423861e-05  -0.00025070774  -2.3379502e-06  -0.00012703835  8.6348529e-07  -5.8235471e-05  4.0949576e-06  2.1143095e-06  -1.0912683e-05  -0.0059017912  0.0000000   -7.1423861e-05  -0.00025070774  -2.3379502e-06  -0.00012703835  8.6348529e-07  -5.8235471e-05  4.0949576e-06  2.1143095e-06  -1.0912683e-05  
-7.8622203e-05  7.1423861e-05  0.0000000   -2.1159813e-06  0.00025938011  -4.3654636e-06  -0.00012791788  3.0108211e-06  2.3670458e-05  -0.00017684948  -1.4926930e-06  -7.8622203e-05  7.1423861e-05  0.0000000   -2.1159813e-06  0.00025938011  -4.3654636e-06  -0.00012791788  3.0108211e-06  2.3670458e-05  -0.00017684948  -1.4926930e-06  
-0.00040576527  0.00025070774  2.1159813e-06  0.0000000   -8.5846326e-07  -4.9676718e-05  3.8332584e-07  8.3884410e-05  -1.4188492e-06  5.6450616e-06  0.00013394259  -0.00040576527  0.00025070774  2.1159813e-06  0.0000000   -8.5846326e-07  -4.9676718e-05  3.8332584e-07  8.3884410e-05  -1.4188492e-06  5.6450616e-06  0.00013394259  
-6.4827440e-06  2.3379502e-06  -0.00025938011  8.5846326e-07  0.0000000   4.0173688e-07  0.00033800903  -8.0112295e-06  -0.00012666021  -7.0994830e-05  2.3964688e-06  -6.4827440e-06  2.3379502e-06  -0.00025938011  8.5846326e-07  0.0000000   4.0173688e-07  0.00033800903  -8.0112295e-06  -0.00012666021  -7.0994830e-05  2.3964688e-06  
-7.6593010e-05  0.00012703835  4.3654636e-06  4.9676718e-05  -4.0173688e-07  0.0000000   -1.7515792e-06  -1.7612880e-07  -1.1223574e-06  1.2155064e-08  -6.8897970e-06  -7.6593010e-05  0.00012703835  4.3654636e-06  4.9676718e-05  -4.0173688e-07  0.0000000   -1.7515792e-06  -1.7612880e-07  -1.1223574e-06  1.2155064e-08  -6.8897970e-06  
9.3839817e-06  -8.6348529e-07  0.00012791788  -3.8332584e-07  -0.00033800903  1.7515792e-06  0.0000000   -1.2688700e-05  -0.00039701405  -1.1693342e-05  -1.1980579e-06  9.3839817e-06  -8.6348529e-07  0.00012791788  -3.8332584e-07  -0.00033800903  1.7515792e-06  0.0000000   -1.2688700e-05  -0.00039701405  -1.1693342e-05  -1.1980579e-06  
-0.00010303143  5.8235471e-05  -3.0108211e-06  -8.3884410e-05  8.0112295e-06  1.7612880e-07  1.2688700e-05  0.0000000   6.9266106e-06  4.4998165e-06  7.9497028e-05  -0.00010303143  5.8235471e-05  -3.0108211e-06  -8.3884410e-05  8.0112295e-06  1.7612880e-07  1.2688700e-05  0.0000000   6.9266106e-06  4.4998165e-06  7.9497028e-05  
3.7875253e-06  -4.0949576e-06  -2.3670458e-05  1.4188492e-06  0.00012666021  1.1223574e-06  0.00039701405  -6.9266106e-06  0.0000000   0.00011229313  3.6899673e-07  3.7875253e-06  -4.0949576e-06  -2.3670458e-05  1.4188492e-06  0.00012666021  1.1223574e-06  0.00039701405  -6.9266106e-06  0.0000000   0.00011229313  3.6899673e-07  
-2.3003501e-05  -2.1143095e-06  0.00017684948  -5.6450616e-06  7.0994830e-05  -1.2155064e-08  1.1693342e-05  -4.4998165e-06  -0.00011229313  0.0000000   -5.6248678e-07  -2.3003501e-05  -2.1143095e-06  0.00017684948  -5.6450616e-06  7.0994830e-05  -1.2155064e-08  1.1693342e-05  -4.4998165e-06  -0.00011229313  0.0000000   -5.6248678e-07  
3.3608361e-05  1.0912683e-05  1.4926930e-06  -0.00013394259  -2.3964688e-06  6.8897970e-06  1.1980579e-06  -7.9497028e-05  -3.6899673e-07  5.6248678e-07  0.0000000   3.3608361e-05  1.0912683e-05  1.4926930e-06  -0.00013394259  -2.3964688e-06  6.8897970e-06  1.1980579e-06  -7.9497028e-05  -3.6899673e-07  5.6248678e-07  0.0000000   
0.0000000   0.0059017912  7.8622203e-05  0.00040576527  6.4827440e-06  7.6593010e-05  -9.3839817e-06  0.00010303143  -3.7875253e-06  2.3003501e-05  -3.3608361e-05  0.0000000   0.0059017912  7.8622203e-05  0.00040576527  6.4827440e-06  7.6593010e-05  -9.3839817e-06  0.00010303143  -3.7875253e-06  2.3003501e-05  -3.3608361e-05  
-0.0059017912  0.0000000   -7.1423861e-05  -0.00025070774  -2.3379502e-06  -0.00012703835  8.6348529e-07  -5.8235471e-05  4.0949576e-06  2.1143095e-06  -1.0912683e-05  -0.0059017912  0.0000000   -7.1423861e-05  -0.00025070774  -2.3379502e-06  -0.00012703835  8.6348529e-07  -5.8235471e-05  4.0949576e-06  2.1143095e-06  -1.0912683e-05  
-7.8622203e-05  7.1423861e-05  0.0000000   -2.1159813e-06  0.00025938011  -4.3654636e-06  -0.00012791788  3.0108211e-06  2.3670458e-05  -0.00017684948  -1.4926930e-06  -7.8622203e-05  7.1423861e-05  0.0000000   -2.1159813e-06  0.00025938011  -4.3654636e-06  -0.00012791788  3.0108211e-06  2.3670458e-05  -0.00017684948  -1.4926930e-06  
-0.00040576527  0.00025070774  2.1159813e-06  0.0000000   -8.5846326e-07  -4.9676718e-05  3.8332584e-07  8.3884410e-05  -1.4188492e-06  5.6450616e-06  0.00013394259  -0.00040576527  0.00025070774  2.1159813e-06  0.0000000   -8.5846326e-07  -4.9676718e-05  3.8332584e-07  8.3884410e-05  -1.4188492e-06  5.6450616e-06  0.00013394259  
-6.4827440e-06  2.3379502e-06  -0.00025938011  8.5846326e-07  0.0000000   4.0173688e-07  0.00033800903  -8.0112295e-06  -0.00012666021  -7.0994830e-05  2.3964688e-06  -6.4827440e-06  2.3379502e-06  -0.00025938011  8.5846326e-07  0.0000000   4.0173688e-07  0.00033800903  -8.0112295e-06  -0.00012666021  -7.0994830e-05  2.3964688e-06  
-7.6593010e-05  0.00012703835  4.3654636e-06  4.9676718e-05  -4.0173688e-07  0.0000000   -1.7515792e-06  -1.7612880e-07  -1.1223574e-06  1.2155064e-08  -6.8897970e-06  -7.6593010e-05  0.00012703835  4.3654636e-06  4.9676718e-05  -4.0173688e-07  0.0000000   -1.7515792e-06  -1.7612880e-07  -1.1223574e-06  1.2155064e-08  -6.8897970e-06  
9.3839817e-06  -8.6348529e-07  0.00012791788  -3.8332584e-07  -0.00033800903  1.7515792e-06  0.0000000   -1.2688700e-05  -0.00039701405  -1.1693342e-05  -1.1980579e-06  9.3839817e-06  -8.6348529e-07  0.00012791788  -3.8332584e-07  -0.00033800903  1.7515792e-06  0.0000000   -1.2688700e-05  -0.00039701405  -1.1693342e-05  -1.1980579e-06  
-0.00010303143  5.8235471e-05  -3.0108211e-06  -8.3884410e-05  8.0112295e-06  1.7612880e-07  1.2688700e-05  0.0000000   6.9266106e-06  4.4998165e-06  7.9497028e-05  -0.00010303143  5.8235471e-05  -3.0108211e-06  -8.3884410e-05  8.0112295e-06  1.7612880e-07  1.2688700e-05  0.0000000   6.9266106e-06  4.4998165e-06  7.9497028e-05  
3.7875253e-06  -4.0949576e-06  -2.3670458e-05  1.4188492e-06  0.00012666021  1.1223574e-06  0.00039701405  -6.9266106e-06  0.0000000   0.00011229313  3.6899673e-07  3.7875253e-06  -4.0949576e-06  -2.3670458e-05  1.4188492e-06  0.00012666021  1.1223574e-06  0.00039701405  -6.9266106e-06  0.0000000   0.00011229313  3.6899673e-07  
-2.3003501e-05  -2.1143095e-06  0.00017684948  -5.6450616e-06  7.0994830e-05  -1.2155064e-08  1.1693342e-05  -4.4998165e-06  -0.00011229313  0.0000000   -5.6248678e-07  -2.3003501e-05  -2.1143095e-06  0.00017684948  -5.6450616e-06  7.0994830e-05  -1.2155064e-08  1.1693342e-05  -4.4998165e-06  -0.00011229313  0.0000000   -5.6248678e-07  
3.3608361e-05  1.0912683e-05  1.4926930e-06  -0.00013394259  -2.3964688e-06  6.8897970e-06  1.1980579e-06  -7.9497028e-05  -3.6899673e-07  5.6248678e-07  0.0000000   3.3608361e-05  1.0912683e-05  1.4926930e-06  -0.00013394259  -2.3964688e-06  6.8897970e-06  1.1980579e-06  -7.9497028e-05  -3.6899673e-07  5.6248678e-07  0.0000000   
