0.0000000   1.4295013e-05  -0.00096923947  -4.0079479e-05  0.00010765555  -6.4114148e-06  0.00016402072  -5.4284731e-05  -5.5464642e-06  -2.4575577e-06  9.0536460e-07  0.0000000   1.4295013e-05  -0.00096923947  -4.0079479e-05  0.00010765555  -6.4114148e-06  0.00016402072  -5.4284731e-05  -5.5464642e-06  -2.4575577e-06  9.0536460e-07  
-1.4295013e-05  0.0000000   -2.4914130e-05  -2.7437471e-05  1.8994418e-06  -9.3295685e-05  3.5020094e-06  -1.2559867e-06  3.7063101e-05  -1.6997923e-05  -1.4831155e-05  -1.4295013e-05  0.0000000   -2.4914130e-05  -2.7437471e-05  1.8994418e-06  -9.3295685e-05  3.5020094e-06  -1.2559867e-06  3.7063101e-05  -1.6997923e-05  -1.4831155e-05  
0.00096923947  2.4914130e-05  0.0000000   0.0016950363  5.3358622e-05  2.7859364e-06  -0.00010739071  -6.5925329e-05  -5.2244000e-06  1.0452639e-06  1.2350435e-06  0.00096923947  2.4914130e-05  0.0000000   0.0016950363  5.3358622e-05  2.7859364e-06  -0.00010739071  -6.5925329e-05  -5.2244000e-06  1.0452639e-06  1.2350435e-06  
4.0079479e-05  2.7437471e-05  -0.0016950363  0.0000000   -3.6049648e-05  -3.4959914e-06  2.4902858e-05  -2.7357566e-05  -1.6303445e-06  2.1603042e-06  -1.4485436e-06  4.0079479e-05  2.7437471e-05  -0.0016950363  0.0000000   -3.6049648e-05  -3.4959914e-06  2.4902858e-05  -2.7357566e-05  -1.6303445e-06  2.1603042e-06  -1.4485436e-06  
-0.00010765555  -1.8994418e-06  -5.3358622e-05  3.6049648e-05  0.0000000   3.2848687e-06  -9.9731109e-05  -0.00014621552  -6.5134222e-06  5.5011959e-08  -1.9375096e-06  -0.00010765555  -1.8994418e-06  -5.3358622e-05  3.6049648e-05  0.0000000   3.2848687e-06  -9.9731109e-05  -0.00014621552  -6.5134222e-06  5.5011959e-08  -1.9375096e-06  
6.4114148e-06  9.3295685e-05  -2.7859364e-06  3.4959914e-06  -3.2848687e-06  0.0000000   -2.2534285e-06  2.8749302e-05  3.8712074e-06  -0.00071884948  -9.1202913e-05  6.4114148e-06  9.3295685e-05  -2.7859364e-06  3.4959914e-06  -3.2848687e-06  0.0000000   -2.2534285e-06  2.8749302e-05  3.8712074e-06  -0.00071884948  -9.1202913e-05  
-0.00016402072  -3.5020094e-06  0.00010739071  -2.4902858e-05  9.9731109e-05  2.2534285e-06  0.0000000   -0.00057583670  -3.4362302e-05  -3.5115896e-05  -9.6526131e-06  -0.00016402072  -3.5020094e-06  0.00010739071  -2.4902858e-05  9.9731109e-05  2.2534285e-06  0.0000000   -0.00057583670  -3.4362302e-05  -3.5115896e-05  -9.6526131e-06  
5.4284731e-05  1.2559867e-06  6.5925329e-05  2.7357566e-05  0.00014621552  -2.8749302e-05  0.00057583670  0.0000000   -7.3807016e-07  -4.1428263e-07  3.8108418e-05  5.4284731e-05  1.2559867e-06  6.5925329e-05  2.7357566e-05  0.00014621552  -2.8749302e-05  0.00057583670  0.0000000   -7.3807016e-07  -4.1428263e-07  3.8108418e-05  
5.5464642e-06  -3.7063101e-05  5.2244000e-06  1.6303445e-06  6.5134222e-06  -3.8712074e-06  3.4362302e-05  7.3807016e-07  0.0000000   -2.7645481e-05  -0.00073595898  5.5464642e-06  -3.7063101e-05  5.2244000e-06  1.6303445e-06  6.5134222e-06  -3.8712074e-06  3.4362302e-05  7.3807016e-07  0.0000000   -2.7645481e-05  -0.00073595898  
2.4575577e-06  1.6997923e-05  -1.0452639e-06  -2.1603042e-06  -5.5011959e-08  0.00071884948  3.5115896e-05  4.1428263e-07  2.7645481e-05  0.0000000   0.00020391049  2.4575577e-06  1.6997923e-05  -1.0452639e-06  -2.1603042e-06  -5.5011959e-08  0.00071884948  3.5115896e-05  4.1428263e-07  2.7645481e-05  0.0000000   0.00020391049  
-9.0536460e-07  1.4831155e-05  -1.2350435e-06  1.4485436e-06  1.9375096e-06  9.1202913e-05  9.6526131e-06  -3.8108418e-05  0.00073595898  -0.00020391049  0.0000000   -9.0536460e-07  1.4831155e-05  -1.2350435e-06  1.4485436e-06  1.9375096e-06  9.1202913e-05  9.6526131e-06  -3.8108418e-05  0.00073595898  -0.00020391049  0.0000000   
0.0000000   1.4295013e-05  -0.00096923947  -4.0079479e-05  0.00010765555  -6.4114148e-06  0.00016402072  -5.4284731e-05  -5.5464642e-06  -2.4575577e-06  9.0536460e-07  0.0000000   1.4295013e-05  -0.00096923947  -4.0079479e-05  0.00010765555  -6.4114148e-06  0.00016402072  -5.4284731e-05  -5.5464642e-06  -2.4575577e-06  9.0536460e-07  
-1.4295013e-05  0.0000000   -2.4914130e-05  -2.7437471e-05  1.8994418e-06  -9.3295685e-05  3.5020094e-06  -1.2559867e-06  3.7063101e-05  -1.6997923e-05  -1.4831155e-05  -1.4295013e-05  0.0000000   -2.4914130e-05  -2.7437471e-05  1.8994418e-06  -9.3295685e-05  3.5020094e-06  -1.2559867e-06  3.7063101e-05  -1.6997923e-05  -1.4831155e-05  
0.00096923947  2.4914130e-05  0.0000000   0.0016950363  5.3358622e-05  2.7859364e-06  -0.00010739071  -6.5925329e-05  -5.2244000e-06  1.0452639e-06  1.2350435e-06  0.00096923947  2.4914130e-05  0.0000000   0.0016950363  5.3358622e-05  2.7859364e-06  -0.00010739071  -6.5925329e-05  -5.2244000e-06  1.0452639e-06  1.2350435e-06  
4.0079479e-05  2.7437471e-05  -0.0016950363  0.0000000   -3.6049648e-05  -3.4959914e-06  2.4902858e-05  -2.7357566e-05  -1.6303445e-06  2.1603042e-06  -1.4485436e-06  4.0079479e-05  2.7437471e-05  -0.0016950363  0.0000000   -3.6049648e-05  -3.4959914e-06  2.4902858e-05  -2.7357566e-05  -1.6303445e-06  2.1603042e-06  -1.4485436e-06  
-0.00010765555  -1.8994418e-06  -5.3358622e-05  3.6049648e-05  0.0000000   3.2848687e-06  -9.9731109e-05  -0.00014621552  -6.5134222e-06  5.5011959e-08  -1.9375096e-06  -0.00010765555  -1.8994418e-06  -5.3358622e-05  3.6049648e-05  0.0000000   3.2848687e-06  -9.9731109e-05  -0.00014621552  -6.5134222e-06  5.5011959e-08  -1.9375096e-06  
6.4114148e-06  9.3295685e-05  -2.7859364e-06  3.4959914e-06  -3.2848687e-06  0.0000000   -2.2534285e-06  2.8749302e-05  3.8712074e-06  -0.00071884948  -9.1202913e-05  6.4114148e-06  9.3295685e-05  -2.7859364e-06  3.4959914e-06  -3.2848687e-06  0.0000000   -2.2534285e-06  2.8749302e-05  3.8712074e-06  -0.00071884948  -9.1202913e-05  
-0.00016402072  -3.5020094e-06  0.00010739071  -2.4902858e-05  9.9731109e-05  2.2534285e-06  0.0000000   -0.00057583670  -3.4362302e-05  -3.5115896e-05  -9.6526131e-06  -0.00016402072  -3.5020094e-06  0.00010739071  -2.4902858e-05  9.9731109e-05  2.2534285e-06  0.0000000   -0.00057583670  -3.4362302e-05  -3.5115896e-05  -9.6526131e-06  
5.4284731e-05  1.2559867e-06  6.5925329e-05  2.7357566e-05  0.00014621552  -2.8749302e-05  0.00057583670  0.0000000   -7.3807016e-07  -4.1428263e-07  3.8108418e-05  5.4284731e-05  1.2559867e-06  6.5925329e-05  2.7357566e-05  0.00014621552  -2.8749302e-05  0.00057583670  0.0000000   -7.3807016e-07  -4.1428263e-07  3.8108418e-05  
5.5464642e-06  -3.7063101e-05  5.2244000e-06  1.6303445e-06  6.5134222e-06  -3.8712074e-06  3.4362302e-05  7.3807016e-07  0.0000000   -2.7645481e-05  -0.00073595898  5.5464642e-06  -3.7063101e-05  5.2244000e-06  1.6303445e-06  6.5134222e-06  -3.8712074e-06  3.4362302e-05  7.3807016e-07  0.0000000   -2.7645481e-05  -0.00073595898  
2.4575577e-06  1.6997923e-05  -1.0452639e-06  -2.1603042e-06  -5.5011959e-08  0.00071884948  3.5115896e-05  4.1428263e-07  2.7645481e-05  0.0000000   0.00020391049  2.4575577e-06  1.6997923e-05  -1.0452639e-06  -2.1603042e-06  -5.5011959e-08  0.00071884948  3.5115896e-05  4.1428263e-07  2.7645481e-05  0.0000000   0.00020391049  
-9.0536460e-07  1.4831155e-05  -1.2350435e-06  1.4485436e-06  1.9375096e-06  9.1202913e-05  9.6526131e-06  -3.8108418e-05  0.00073595898  -0.00020391049  0.0000000   -9.0536460e-07  1.4831155e-05  -1.2350435e-06  1.4485436e-06  1.9375096e-06  9.1202913e-05  9.6526131e-06  -3.8108418e-05  0.00073595898  -0.00020391049  0.0000000   
