0.0000000   -0.00022407745  -0.0013050867  9.6991106e-05  -6.7837864e-05  2.6260825e-06  -4.4402319e-05  -2.6168560e-06  -4.6205205e-05  2.0045940e-08  -3.0540511e-05  0.0000000   -0.00022407745  -0.0013050867  9.6991106e-05  -6.7837864e-05  2.6260825e-06  -4.4402319e-05  -2.6168560e-06  -4.6205205e-05  2.0045940e-08  -3.0540511e-05  
0.00022407745  0.0000000   -0.0061389275  0.00049486227  4.1218519e-05  1.5010537e-05  8.5743709e-05  1.3701699e-05  0.00010112730  1.4986381e-05  3.3875750e-05  0.00022407745  0.0000000   -0.0061389275  0.00049486227  4.1218519e-05  1.5010537e-05  8.5743709e-05  1.3701699e-05  0.00010112730  1.4986381e-05  3.3875750e-05  
0.0013050867  0.0061389275  0.0000000   -2.0000199e-05  0.00016907973  8.1580189e-06  -0.00016680137  -8.7613905e-07  4.4145578e-05  -1.3608198e-06  8.7063036e-06  0.0013050867  0.0061389275  0.0000000   -2.0000199e-05  0.00016907973  8.1580189e-06  -0.00016680137  -8.7613905e-07  4.4145578e-05  -1.3608198e-06  8.7063036e-06  
-9.6991106e-05  -0.00049486227  2.0000199e-05  0.0000000   0.00052522381  -3.1562512e-06  -9.7467807e-05  5.3020210e-06  8.2473558e-05  -1.0381139e-06  -7.6512017e-05  -9.6991106e-05  -0.00049486227  2.0000199e-05  0.0000000   0.00052522381  -3.1562512e-06  -9.7467807e-05  5.3020210e-06  8.2473558e-05  -1.0381139e-06  -7.6512017e-05  
6.7837864e-05  -4.1218519e-05  -0.00016907973  -0.00052522381  0.0000000   4.7327139e-06  0.00031704078  7.0029650e-06  7.9873920e-05  1.3566753e-06  3.6744882e-05  6.7837864e-05  -4.1218519e-05  -0.00016907973  -0.00052522381  0.0000000   4.7327139e-06  0.00031704078  7.0029650e-06  7.9873920e-05  1.3566753e-06  3.6744882e-05  
-2.6260825e-06  -1.5010537e-05  -8.1580189e-06  3.1562512e-06  -4.7327139e-06  0.0000000   9.4378377e-07  0.00017506659  -1.7650589e-05  0.00059229030  3.4930550e-06  -2.6260825e-06  -1.5010537e-05  -8.1580189e-06  3.1562512e-06  -4.7327139e-06  0.0000000   9.4378377e-07  0.00017506659  -1.7650589e-05  0.00059229030  3.4930550e-06  
4.4402319e-05  -8.5743709e-05  0.00016680137  9.7467807e-05  -0.00031704078  -9.4378377e-07  0.0000000   -1.6764778e-05  -0.00026652919  -1.5678974e-05  0.00010930047  4.4402319e-05  -8.5743709e-05  0.00016680137  9.7467807e-05  -0.00031704078  -9.4378377e-07  0.0000000   -1.6764778e-05  -0.00026652919  -1.5678974e-05  0.00010930047  
2.6168560e-06  -1.3701699e-05  8.7613905e-07  -5.3020210e-06  -7.0029650e-06  -0.00017506659  1.6764778e-05  0.0000000   8.7846833e-06  -0.00010406501  4.6842989e-06  2.6168560e-06  -1.3701699e-05  8.7613905e-07  -5.3020210e-06  -7.0029650e-06  -0.00017506659  1.6764778e-05  0.0000000   8.7846833e-06  -0.00010406501  4.6842989e-06  
4.6205205e-05  -0.00010112730  -4.4145578e-05  -8.2473558e-05  -7.9873920e-05  1.7650589e-05  0.00026652919  -8.7846833e-06  0.0000000   1.8888198e-06  0.00050541902  4.6205205e-05  -0.00010112730  -4.4145578e-05  -8.2473558e-05  -7.9873920e-05  1.7650589e-05  0.00026652919  -8.7846833e-06  0.0000000   1.8888198e-06  0.00050541902  
-2.0045940e-08  -1.4986381e-05  1.3608198e-06  1.0381139e-06  -1.3566753e-06  -0.00059229030  1.5678974e-05  0.00010406501  -1.8888198e-06  0.0000000   1.6170293e-05  -2.0045940e-08  -1.4986381e-05  1.3608198e-06  1.0381139e-06  -1.3566753e-06  -0.00059229030  1.5678974e-05  0.00010406501  -1.8888198e-06  0.0000000   1.6170293e-05  
3.0540511e-05  -3.3875750e-05  -8.7063036e-06  7.6512017e-05  -3.6744882e-05  -3.4930550e-06  -0.00010930047  -4.6842989e-06  -0.00050541902  -1.6170293e-05  0.0000000   3.0540511e-05  -3.3875750e-05  -8.7063036e-06  7.6512017e-05  -3.6744882e-05  -3.4930550e-06  -0.00010930047  -4.6842989e-06  -0.00050541902  -1.6170293e-05  0.0000000   
0.0000000   -0.00022407745  -0.0013050867  9.6991106e-05  -6.7837864e-05  2.6260825e-06  -4.4402319e-05  -2.6168560e-06  -4.6205205e-05  2.0045940e-08  -3.0540511e-05  0.0000000   -0.00022407745  -0.0013050867  9.6991106e-05  -6.7837864e-05  2.6260825e-06  -4.4402319e-05  -2.6168560e-06  -4.6205205e-05  2.0045940e-08  -3.0540511e-05  
0.00022407745  0.0000000   -0.0061389275  0.00049486227  4.1218519e-05  1.5010537e-05  8.5743709e-05  1.3701699e-05  0.00010112730  1.4986381e-05  3.3875750e-05  0.00022407745  0.0000000   -0.0061389275  0.00049486227  4.1218519e-05  1.5010537e-05  8.5743709e-05  1.3701699e-05  0.00010112730  1.4986381e-05  3.3875750e-05  
0.0013050867  0.0061389275  0.0000000   -2.0000199e-05  0.00016907973  8.1580189e-06  -0.00016680137  -8.7613905e-07  4.4145578e-05  -1.3608198e-06  8.7063036e-06  0.0013050867  0.0061389275  0.0000000   -2.0000199e-05  0.00016907973  8.1580189e-06  -0.00016680137  -8.7613905e-07  4.4145578e-05  -1.3608198e-06  8.7063036e-06  
-9.6991106e-05  -0.00049486227  2.0000199e-05  0.0000000   0.00052522381  -3.1562512e-06  -9.7467807e-05  5.3020210e-06  8.2473558e-05  -1.0381139e-06  -7.6512017e-05  -9.6991106e-05  -0.00049486227  2.0000199e-05  0.0000000   0.00052522381  -3.1562512e-06  -9.7467807e-05  5.3020210e-06  8.2473558e-05  -1.0381139e-06  -7.6512017e-05  
6.7837864e-05  -4.1218519e-05  -0.00016907973  -0.00052522381  0.0000000   4.7327139e-06  0.00031704078  7.0029650e-06  7.9873920e-05  1.3566753e-06  3.6744882e-05  6.7837864e-05  -4.1218519e-05  -0.00016907973  -0.00052522381  0.0000000   4.7327139e-06  0.00031704078  7.0029650e-06  7.9873920e-05  1.3566753e-06  3.6744882e-05  
-2.6260825e-06  -1.5010537e-05  -8.1580189e-06  3.1562512e-06  -4.7327139e-06  0.0000000   9.4378377e-07  0.00017506659  -1.7650589e-05  0.00059229030  3.4930550e-06  -2.6260825e-06  -1.5010537e-05  -8.1580189e-06  3.1562512e-06  -4.7327139e-06  0.0000000   9.4378377e-07  0.00017506659  -1.7650589e-05  0.00059229030  3.4930550e-06  
4.4402319e-05  -8.5743709e-05  0.00016680137  9.7467807e-05  -0.00031704078  -9.4378377e-07  0.0000000   -1.6764778e-05  -0.00026652919  -1.5678974e-05  0.00010930047  4.4402319e-05  -8.5743709e-05  0.00016680137  9.7467807e-05  -0.00031704078  -9.4378377e-07  0.0000000   -1.6764778e-05  -0.00026652919  -1.5678974e-05  0.00010930047  
2.6168560e-06  -1.3701699e-05  8.7613905e-07  -5.3020210e-06  -7.0029650e-06  -0.00017506659  1.6764778e-05  0.0000000   8.7846833e-06  -0.00010406501  4.6842989e-06  2.6168560e-06  -1.3701699e-05  8.7613905e-07  -5.3020210e-06  -7.0029650e-06  -0.00017506659  1.6764778e-05  0.0000000   8.7846833e-06  -0.00010406501  4.6842989e-06  
4.6205205e-05  -0.00010112730  -4.4145578e-05  -8.2473558e-05  -7.9873920e-05  1.7650589e-05  0.00026652919  -8.7846833e-06  0.0000000   1.8888198e-06  0.00050541902  4.6205205e-05  -0.00010112730  -4.4145578e-05  -8.2473558e-05  -7.9873920e-05  1.7650589e-05  0.00026652919  -8.7846833e-06  0.0000000   1.8888198e-06  0.00050541902  
-2.0045940e-08  -1.4986381e-05  1.3608198e-06  1.0381139e-06  -1.3566753e-06  -0.00059229030  1.5678974e-05  0.00010406501  -1.8888198e-06  0.0000000   1.6170293e-05  -2.0045940e-08  -1.4986381e-05  1.3608198e-06  1.0381139e-06  -1.3566753e-06  -0.00059229030  1.5678974e-05  0.00010406501  -1.8888198e-06  0.0000000   1.6170293e-05  
3.0540511e-05  -3.3875750e-05  -8.7063036e-06  7.6512017e-05  -3.6744882e-05  -3.4930550e-06  -0.00010930047  -4.6842989e-06  -0.00050541902  -1.6170293e-05  0.0000000   3.0540511e-05  -3.3875750e-05  -8.7063036e-06  7.6512017e-05  -3.6744882e-05  -3.4930550e-06  -0.00010930047  -4.6842989e-06  -0.00050541902  -1.6170293e-05  0.0000000   
