0.0000000   0.00023290716  -1.9860247e-06  7.1801639e-07  9.8383448e-07  -8.4659491e-05  6.4418317e-05  -7.1336597e-07  -3.1725686e-06  -4.1567788e-06  -1.7672738e-07  0.0000000   0.00023290716  -1.9860247e-06  7.1801639e-07  9.8383448e-07  -8.4659491e-05  6.4418317e-05  -7.1336597e-07  -3.1725686e-06  -4.1567788e-06  -1.7672738e-07  
-0.00023290716  0.0000000   -7.0061559e-07  -4.4909937e-06  3.7769076e-06  1.9312318e-05  0.00010967456  1.3287773e-06  -3.6485530e-07  -8.0475428e-06  -1.7755629e-06  -0.00023290716  0.0000000   -7.0061559e-07  -4.4909937e-06  3.7769076e-06  1.9312318e-05  0.00010967456  1.3287773e-06  -3.6485530e-07  -8.0475428e-06  -1.7755629e-06  
1.9860247e-06  7.0061559e-07  0.0000000   -0.00041516300  0.00039833328  1.6035812e-06  -8.0670828e-07  3.3195435e-05  -7.6508167e-05  -2.7895210e-07  -9.5315096e-05  1.9860247e-06  7.0061559e-07  0.0000000   -0.00041516300  0.00039833328  1.6035812e-06  -8.0670828e-07  3.3195435e-05  -7.6508167e-05  -2.7895210e-07  -9.5315096e-05  
-7.1801639e-07  4.4909937e-06  0.00041516300  0.0000000   -0.00035374370  -1.6745593e-06  6.3421661e-07  8.6687949e-05  -0.00012338456  -1.1126596e-06  1.4656462e-05  -7.1801639e-07  4.4909937e-06  0.00041516300  0.0000000   -0.00035374370  -1.6745593e-06  6.3421661e-07  8.6687949e-05  -0.00012338456  -1.1126596e-06  1.4656462e-05  
-9.8383448e-07  -3.7769076e-06  -0.00039833328  0.00035374370  0.0000000   3.0260320e-07  -2.5405299e-07  -0.00013944254  1.9226195e-05  1.1405050e-06  4.0700995e-06  -9.8383448e-07  -3.7769076e-06  -0.00039833328  0.00035374370  0.0000000   3.0260320e-07  -2.5405299e-07  -0.00013944254  1.9226195e-05  1.1405050e-06  4.0700995e-06  
8.4659491e-05  -1.9312318e-05  -1.6035812e-06  1.6745593e-06  -3.0260320e-07  0.0000000   -5.3686286e-05  -2.1529203e-05  -8.3625714e-06  -6.7006788e-05  -3.5722944e-06  8.4659491e-05  -1.9312318e-05  -1.6035812e-06  1.6745593e-06  -3.0260320e-07  0.0000000   -5.3686286e-05  -2.1529203e-05  -8.3625714e-06  -6.7006788e-05  -3.5722944e-06  
-6.4418317e-05  -0.00010967456  8.0670828e-07  -6.3421661e-07  2.5405299e-07  5.3686286e-05  0.0000000   4.7067060e-07  -9.7096704e-06  6.9336564e-05  -4.7407318e-07  -6.4418317e-05  -0.00010967456  8.0670828e-07  -6.3421661e-07  2.5405299e-07  5.3686286e-05  0.0000000   4.7067060e-07  -9.7096704e-06  6.9336564e-05  -4.7407318e-07  
7.1336597e-07  -1.3287773e-06  -3.3195435e-05  -8.6687949e-05  0.00013944254  2.1529203e-05  -4.7067060e-07  0.0000000   0.0023836298  3.0240582e-05  -6.4006921e-07  7.1336597e-07  -1.3287773e-06  -3.3195435e-05  -8.6687949e-05  0.00013944254  2.1529203e-05  -4.7067060e-07  0.0000000   0.0023836298  3.0240582e-05  -6.4006921e-07  
3.1725686e-06  3.6485530e-07  7.6508167e-05  0.00012338456  -1.9226195e-05  8.3625714e-06  9.7096704e-06  -0.0023836298  0.0000000   -5.1901979e-06  -0.00032876406  3.1725686e-06  3.6485530e-07  7.6508167e-05  0.00012338456  -1.9226195e-05  8.3625714e-06  9.7096704e-06  -0.0023836298  0.0000000   -5.1901979e-06  -0.00032876406  
4.1567788e-06  8.0475428e-06  2.7895210e-07  1.1126596e-06  -1.1405050e-06  6.7006788e-05  -6.9336564e-05  -3.0240582e-05  5.1901979e-06  0.0000000   -4.2941398e-06  4.1567788e-06  8.0475428e-06  2.7895210e-07  1.1126596e-06  -1.1405050e-06  6.7006788e-05  -6.9336564e-05  -3.0240582e-05  5.1901979e-06  0.0000000   -4.2941398e-06  
1.7672738e-07  1.7755629e-06  9.5315096e-05  -1.4656462e-05  -4.0700995e-06  3.5722944e-06  4.7407318e-07  6.4006921e-07  0.00032876406  4.2941398e-06  0.0000000   1.7672738e-07  1.7755629e-06  9.5315096e-05  -1.4656462e-05  -4.0700995e-06  3.5722944e-06  4.7407318e-07  6.4006921e-07  0.00032876406  4.2941398e-06  0.0000000   
0.0000000   0.00023290716  -1.9860247e-06  7.1801639e-07  9.8383448e-07  -8.4659491e-05  6.4418317e-05  -7.1336597e-07  -3.1725686e-06  -4.1567788e-06  -1.7672738e-07  0.0000000   0.00023290716  -1.9860247e-06  7.1801639e-07  9.8383448e-07  -8.4659491e-05  6.4418317e-05  -7.1336597e-07  -3.1725686e-06  -4.1567788e-06  -1.7672738e-07  
-0.00023290716  0.0000000   -7.0061559e-07  -4.4909937e-06  3.7769076e-06  1.9312318e-05  0.00010967456  1.3287773e-06  -3.6485530e-07  -8.0475428e-06  -1.7755629e-06  -0.00023290716  0.0000000   -7.0061559e-07  -4.4909937e-06  3.7769076e-06  1.9312318e-05  0.00010967456  1.3287773e-06  -3.6485530e-07  -8.0475428e-06  -1.7755629e-06  
1.9860247e-06  7.0061559e-07  0.0000000   -0.00041516300  0.00039833328  1.6035812e-06  -8.0670828e-07  3.3195435e-05  -7.6508167e-05  -2.7895210e-07  -9.5315096e-05  1.9860247e-06  7.0061559e-07  0.0000000   -0.00041516300  0.00039833328  1.6035812e-06  -8.0670828e-07  3.3195435e-05  -7.6508167e-05  -2.7895210e-07  -9.5315096e-05  
-7.1801639e-07  4.4909937e-06  0.00041516300  0.0000000   -0.00035374370  -1.6745593e-06  6.3421661e-07  8.6687949e-05  -0.00012338456  -1.1126596e-06  1.4656462e-05  -7.1801639e-07  4.4909937e-06  0.00041516300  0.0000000   -0.00035374370  -1.6745593e-06  6.3421661e-07  8.6687949e-05  -0.00012338456  -1.1126596e-06  1.4656462e-05  
-9.8383448e-07  -3.7769076e-06  -0.00039833328  0.00035374370  0.0000000   3.0260320e-07  -2.5405299e-07  -0.00013944254  1.9226195e-05  1.1405050e-06  4.0700995e-06  -9.8383448e-07  -3.7769076e-06  -0.00039833328  0.00035374370  0.0000000   3.0260320e-07  -2.5405299e-07  -0.00013944254  1.9226195e-05  1.1405050e-06  4.0700995e-06  
8.4659491e-05  -1.9312318e-05  -1.6035812e-06  1.6745593e-06  -3.0260320e-07  0.0000000   -5.3686286e-05  -2.1529203e-05  -8.3625714e-06  -6.7006788e-05  -3.5722944e-06  8.4659491e-05  -1.9312318e-05  -1.6035812e-06  1.6745593e-06  -3.0260320e-07  0.0000000   -5.3686286e-05  -2.1529203e-05  -8.3625714e-06  -6.7006788e-05  -3.5722944e-06  
-6.4418317e-05  -0.00010967456  8.0670828e-07  -6.3421661e-07  2.5405299e-07  5.3686286e-05  0.0000000   4.7067060e-07  -9.7096704e-06  6.9336564e-05  -4.7407318e-07  -6.4418317e-05  -0.00010967456  8.0670828e-07  -6.3421661e-07  2.5405299e-07  5.3686286e-05  0.0000000   4.7067060e-07  -9.7096704e-06  6.9336564e-05  -4.7407318e-07  
7.1336597e-07  -1.3287773e-06  -3.3195435e-05  -8.6687949e-05  0.00013944254  2.1529203e-05  -4.7067060e-07  0.0000000   0.0023836298  3.0240582e-05  -6.4006921e-07  7.1336597e-07  -1.3287773e-06  -3.3195435e-05  -8.6687949e-05  0.00013944254  2.1529203e-05  -4.7067060e-07  0.0000000   0.0023836298  3.0240582e-05  -6.4006921e-07  
3.1725686e-06  3.6485530e-07  7.6508167e-05  0.00012338456  -1.9226195e-05  8.3625714e-06  9.7096704e-06  -0.0023836298  0.0000000   -5.1901979e-06  -0.00032876406  3.1725686e-06  3.6485530e-07  7.6508167e-05  0.00012338456  -1.9226195e-05  8.3625714e-06  9.7096704e-06  -0.0023836298  0.0000000   -5.1901979e-06  -0.00032876406  
4.1567788e-06  8.0475428e-06  2.7895210e-07  1.1126596e-06  -1.1405050e-06  6.7006788e-05  -6.9336564e-05  -3.0240582e-05  5.1901979e-06  0.0000000   -4.2941398e-06  4.1567788e-06  8.0475428e-06  2.7895210e-07  1.1126596e-06  -1.1405050e-06  6.7006788e-05  -6.9336564e-05  -3.0240582e-05  5.1901979e-06  0.0000000   -4.2941398e-06  
1.7672738e-07  1.7755629e-06  9.5315096e-05  -1.4656462e-05  -4.0700995e-06  3.5722944e-06  4.7407318e-07  6.4006921e-07  0.00032876406  4.2941398e-06  0.0000000   1.7672738e-07  1.7755629e-06  9.5315096e-05  -1.4656462e-05  -4.0700995e-06  3.5722944e-06  4.7407318e-07  6.4006921e-07  0.00032876406  4.2941398e-06  0.0000000   
