0.0000000   1.4519636e-06  -1.8091205e-06  -0.00013226134  6.9174154e-06  -7.3930357e-07  -6.2110627e-05  2.2409494e-06  -2.7343796e-05  -1.0220075e-06  8.0245921e-05  0.0000000   1.4519636e-06  -1.8091205e-06  -0.00013226134  6.9174154e-06  -7.3930357e-07  -6.2110627e-05  2.2409494e-06  -2.7343796e-05  -1.0220075e-06  8.0245921e-05  
-1.4519636e-06  0.0000000   -0.00012654783  1.0370840e-06  1.7057645e-06  3.5466473e-05  -3.2517856e-07  5.8452406e-05  1.1643312e-06  2.4826862e-06  -1.7129699e-07  -1.4519636e-06  0.0000000   -0.00012654783  1.0370840e-06  1.7057645e-06  3.5466473e-05  -3.2517856e-07  5.8452406e-05  1.1643312e-06  2.4826862e-06  -1.7129699e-07  
1.8091205e-06  0.00012654783  0.0000000   4.0170196e-06  -7.4921594e-06  1.9590199e-05  3.3306429e-07  6.1676317e-05  1.3061968e-06  -1.1575502e-05  -7.3770671e-08  1.8091205e-06  0.00012654783  0.0000000   4.0170196e-06  -7.4921594e-06  1.9590199e-05  3.3306429e-07  6.1676317e-05  1.3061968e-06  -1.1575502e-05  -7.3770671e-08  
0.00013226134  -1.0370840e-06  -4.0170196e-06  0.0000000   -0.00066734308  3.1172546e-07  5.9934316e-05  1.3073936e-07  -2.6252425e-05  -2.5005126e-07  3.4033832e-05  0.00013226134  -1.0370840e-06  -4.0170196e-06  0.0000000   -0.00066734308  3.1172546e-07  5.9934316e-05  1.3073936e-07  -2.6252425e-05  -2.5005126e-07  3.4033832e-05  
-6.9174154e-06  -1.7057645e-06  7.4921594e-06  0.00066734308  0.0000000   7.9148466e-07  -6.7269702e-05  1.9956662e-06  -6.4542628e-05  -1.1419683e-06  -1.4497186e-05  -6.9174154e-06  -1.7057645e-06  7.4921594e-06  0.00066734308  0.0000000   7.9148466e-07  -6.7269702e-05  1.9956662e-06  -6.4542628e-05  -1.1419683e-06  -1.4497186e-05  
7.3930357e-07  -3.5466473e-05  -1.9590199e-05  -3.1172546e-07  -7.9148466e-07  0.0000000   1.2954217e-06  0.00052917854  1.4015201e-05  -0.00012944754  -7.7597531e-07  7.3930357e-07  -3.5466473e-05  -1.9590199e-05  -3.1172546e-07  -7.9148466e-07  0.0000000   1.2954217e-06  0.00052917854  1.4015201e-05  -0.00012944754  -7.7597531e-07  
6.2110627e-05  3.2517856e-07  -3.3306429e-07  -5.9934316e-05  6.7269702e-05  -1.2954217e-06  0.0000000   3.9974443e-06  -0.00013696471  5.1196840e-07  -0.00016921515  6.2110627e-05  3.2517856e-07  -3.3306429e-07  -5.9934316e-05  6.7269702e-05  -1.2954217e-06  0.0000000   3.9974443e-06  -0.00013696471  5.1196840e-07  -0.00016921515  
-2.2409494e-06  -5.8452406e-05  -6.1676317e-05  -1.3073936e-07  -1.9956662e-06  -0.00052917854  -3.9974443e-06  0.0000000   9.6639532e-07  -9.1434679e-05  1.6120180e-06  -2.2409494e-06  -5.8452406e-05  -6.1676317e-05  -1.3073936e-07  -1.9956662e-06  -0.00052917854  -3.9974443e-06  0.0000000   9.6639532e-07  -9.1434679e-05  1.6120180e-06  
2.7343796e-05  -1.1643312e-06  -1.3061968e-06  2.6252425e-05  6.4542628e-05  -1.4015201e-05  0.00013696471  -9.6639532e-07  0.0000000   -8.2010621e-07  -0.00012269448  2.7343796e-05  -1.1643312e-06  -1.3061968e-06  2.6252425e-05  6.4542628e-05  -1.4015201e-05  0.00013696471  -9.6639532e-07  0.0000000   -8.2010621e-07  -0.00012269448  
1.0220075e-06  -2.4826862e-06  1.1575502e-05  2.5005126e-07  1.1419683e-06  0.00012944754  -5.1196840e-07  9.1434679e-05  8.2010621e-07  0.0000000   -1.0184091e-06  1.0220075e-06  -2.4826862e-06  1.1575502e-05  2.5005126e-07  1.1419683e-06  0.00012944754  -5.1196840e-07  9.1434679e-05  8.2010621e-07  0.0000000   -1.0184091e-06  
-8.0245921e-05  1.7129699e-07  7.3770671e-08  -3.4033832e-05  1.4497186e-05  7.7597531e-07  0.00016921515  -1.6120180e-06  0.00012269448  1.0184091e-06  0.0000000   -8.0245921e-05  1.7129699e-07  7.3770671e-08  -3.4033832e-05  1.4497186e-05  7.7597531e-07  0.00016921515  -1.6120180e-06  0.00012269448  1.0184091e-06  0.0000000   
0.0000000   1.4519636e-06  -1.8091205e-06  -0.00013226134  6.9174154e-06  -7.3930357e-07  -6.2110627e-05  2.2409494e-06  -2.7343796e-05  -1.0220075e-06  8.0245921e-05  0.0000000   1.4519636e-06  -1.8091205e-06  -0.00013226134  6.9174154e-06  -7.3930357e-07  -6.2110627e-05  2.2409494e-06  -2.7343796e-05  -1.0220075e-06  8.0245921e-05  
-1.4519636e-06  0.0000000   -0.00012654783  1.0370840e-06  1.7057645e-06  3.5466473e-05  -3.2517856e-07  5.8452406e-05  1.1643312e-06  2.4826862e-06  -1.7129699e-07  -1.4519636e-06  0.0000000   -0.00012654783  1.0370840e-06  1.7057645e-06  3.5466473e-05  -3.2517856e-07  5.8452406e-05  1.1643312e-06  2.4826862e-06  -1.7129699e-07  
1.8091205e-06  0.00012654783  0.0000000   4.0170196e-06  -7.4921594e-06  1.9590199e-05  3.3306429e-07  6.1676317e-05  1.3061968e-06  -1.1575502e-05  -7.3770671e-08  1.8091205e-06  0.00012654783  0.0000000   4.0170196e-06  -7.4921594e-06  1.9590199e-05  3.3306429e-07  6.1676317e-05  1.3061968e-06  -1.1575502e-05  -7.3770671e-08  
0.00013226134  -1.0370840e-06  -4.0170196e-06  0.0000000   -0.00066734308  3.1172546e-07  5.9934316e-05  1.3073936e-07  -2.6252425e-05  -2.5005126e-07  3.4033832e-05  0.00013226134  -1.0370840e-06  -4.0170196e-06  0.0000000   -0.00066734308  3.1172546e-07  5.9934316e-05  1.3073936e-07  -2.6252425e-05  -2.5005126e-07  3.4033832e-05  
-6.9174154e-06  -1.7057645e-06  7.4921594e-06  0.00066734308  0.0000000   7.9148466e-07  -6.7269702e-05  1.9956662e-06  -6.4542628e-05  -1.1419683e-06  -1.4497186e-05  -6.9174154e-06  -1.7057645e-06  7.4921594e-06  0.00066734308  0.0000000   7.9148466e-07  -6.7269702e-05  1.9956662e-06  -6.4542628e-05  -1.1419683e-06  -1.4497186e-05  
7.3930357e-07  -3.5466473e-05  -1.9590199e-05  -3.1172546e-07  -7.9148466e-07  0.0000000   1.2954217e-06  0.00052917854  1.4015201e-05  -0.00012944754  -7.7597531e-07  7.3930357e-07  -3.5466473e-05  -1.9590199e-05  -3.1172546e-07  -7.9148466e-07  0.0000000   1.2954217e-06  0.00052917854  1.4015201e-05  -0.00012944754  -7.7597531e-07  
6.2110627e-05  3.2517856e-07  -3.3306429e-07  -5.9934316e-05  6.7269702e-05  -1.2954217e-06  0.0000000   3.9974443e-06  -0.00013696471  5.1196840e-07  -0.00016921515  6.2110627e-05  3.2517856e-07  -3.3306429e-07  -5.9934316e-05  6.7269702e-05  -1.2954217e-06  0.0000000   3.9974443e-06  -0.00013696471  5.1196840e-07  -0.00016921515  
-2.2409494e-06  -5.8452406e-05  -6.1676317e-05  -1.3073936e-07  -1.9956662e-06  -0.00052917854  -3.9974443e-06  0.0000000   9.6639532e-07  -9.1434679e-05  1.6120180e-06  -2.2409494e-06  -5.8452406e-05  -6.1676317e-05  -1.3073936e-07  -1.9956662e-06  -0.00052917854  -3.9974443e-06  0.0000000   9.6639532e-07  -9.1434679e-05  1.6120180e-06  
2.7343796e-05  -1.1643312e-06  -1.3061968e-06  2.6252425e-05  6.4542628e-05  -1.4015201e-05  0.00013696471  -9.6639532e-07  0.0000000   -8.2010621e-07  -0.00012269448  2.7343796e-05  -1.1643312e-06  -1.3061968e-06  2.6252425e-05  6.4542628e-05  -1.4015201e-05  0.00013696471  -9.6639532e-07  0.0000000   -8.2010621e-07  -0.00012269448  
1.0220075e-06  -2.4826862e-06  1.1575502e-05  2.5005126e-07  1.1419683e-06  0.00012944754  -5.1196840e-07  9.1434679e-05  8.2010621e-07  0.0000000   -1.0184091e-06  1.0220075e-06  -2.4826862e-06  1.1575502e-05  2.5005126e-07  1.1419683e-06  0.00012944754  -5.1196840e-07  9.1434679e-05  8.2010621e-07  0.0000000   -1.0184091e-06  
-8.0245921e-05  1.7129699e-07  7.3770671e-08  -3.4033832e-05  1.4497186e-05  7.7597531e-07  0.00016921515  -1.6120180e-06  0.00012269448  1.0184091e-06  0.0000000   -8.0245921e-05  1.7129699e-07  7.3770671e-08  -3.4033832e-05  1.4497186e-05  7.7597531e-07  0.00016921515  -1.6120180e-06  0.00012269448  1.0184091e-06  0.0000000   
