0.0000000   -0.0017030264  -6.6207296e-05  -0.00028656687  -4.5921688e-06  -6.5842152e-06  -6.8386143e-06  9.8352730e-05  8.0955489e-05  1.8404886e-06  -9.1480050e-08  0.0000000   -0.0017030264  -6.6207296e-05  -0.00028656687  -4.5921688e-06  -6.5842152e-06  -6.8386143e-06  9.8352730e-05  8.0955489e-05  1.8404886e-06  -9.1480050e-08  
0.0017030264  0.0000000   -8.3540517e-07  -0.00024143696  -2.3343101e-05  9.4444554e-06  6.2232316e-06  2.1972717e-05  9.5709128e-06  2.5957107e-06  -1.3865376e-06  0.0017030264  0.0000000   -8.3540517e-07  -0.00024143696  -2.3343101e-05  9.4444554e-06  6.2232316e-06  2.1972717e-05  9.5709128e-06  2.5957107e-06  -1.3865376e-06  
6.6207296e-05  8.3540517e-07  0.0000000   -7.1902057e-06  0.00052269022  -0.00012847760  -8.2281263e-05  3.2632562e-06  -4.9892596e-07  3.1870136e-05  -5.7090551e-07  6.6207296e-05  8.3540517e-07  0.0000000   -7.1902057e-06  0.00052269022  -0.00012847760  -8.2281263e-05  3.2632562e-06  -4.9892596e-07  3.1870136e-05  -5.7090551e-07  
0.00028656687  0.00024143696  7.1902057e-06  0.0000000   -3.2060047e-06  1.2249529e-06  2.3445129e-06  8.4053228e-05  8.3121632e-06  1.4291912e-06  5.1932724e-07  0.00028656687  0.00024143696  7.1902057e-06  0.0000000   -3.2060047e-06  1.2249529e-06  2.3445129e-06  8.4053228e-05  8.3121632e-06  1.4291912e-06  5.1932724e-07  
4.5921688e-06  2.3343101e-05  -0.00052269022  3.2060047e-06  0.0000000   -0.00022011005  5.8364758e-05  9.3389057e-06  -5.3075098e-06  -1.6415909e-05  4.6321395e-05  4.5921688e-06  2.3343101e-05  -0.00052269022  3.2060047e-06  0.0000000   -0.00022011005  5.8364758e-05  9.3389057e-06  -5.3075098e-06  -1.6415909e-05  4.6321395e-05  
6.5842152e-06  -9.4444554e-06  0.00012847760  -1.2249529e-06  0.00022011005  0.0000000   -0.00022103978  -1.0207444e-05  -2.6727500e-05  -6.7018694e-05  -6.4471061e-05  6.5842152e-06  -9.4444554e-06  0.00012847760  -1.2249529e-06  0.00022011005  0.0000000   -0.00022103978  -1.0207444e-05  -2.6727500e-05  -6.7018694e-05  -6.4471061e-05  
6.8386143e-06  -6.2232316e-06  8.2281263e-05  -2.3445129e-06  -5.8364758e-05  0.00022103978  0.0000000   9.5699229e-06  1.3840277e-05  -8.8444476e-05  -0.00014779552  6.8386143e-06  -6.2232316e-06  8.2281263e-05  -2.3445129e-06  -5.8364758e-05  0.00022103978  0.0000000   9.5699229e-06  1.3840277e-05  -8.8444476e-05  -0.00014779552  
-9.8352730e-05  -2.1972717e-05  -3.2632562e-06  -8.4053228e-05  -9.3389057e-06  1.0207444e-05  -9.5699229e-06  0.0000000   -0.0023803959  -1.1748740e-05  2.3898034e-05  -9.8352730e-05  -2.1972717e-05  -3.2632562e-06  -8.4053228e-05  -9.3389057e-06  1.0207444e-05  -9.5699229e-06  0.0000000   -0.0023803959  -1.1748740e-05  2.3898034e-05  
-8.0955489e-05  -9.5709128e-06  4.9892596e-07  -8.3121632e-06  5.3075098e-06  2.6727500e-05  -1.3840277e-05  0.0023803959  0.0000000   1.9272847e-05  1.3266621e-05  -8.0955489e-05  -9.5709128e-06  4.9892596e-07  -8.3121632e-06  5.3075098e-06  2.6727500e-05  -1.3840277e-05  0.0023803959  0.0000000   1.9272847e-05  1.3266621e-05  
-1.8404886e-06  -2.5957107e-06  -3.1870136e-05  -1.4291912e-06  1.6415909e-05  6.7018694e-05  8.8444476e-05  1.1748740e-05  -1.9272847e-05  0.0000000   -0.0031497506  -1.8404886e-06  -2.5957107e-06  -3.1870136e-05  -1.4291912e-06  1.6415909e-05  6.7018694e-05  8.8444476e-05  1.1748740e-05  -1.9272847e-05  0.0000000   -0.0031497506  
9.1480050e-08  1.3865376e-06  5.7090551e-07  -5.1932724e-07  -4.6321395e-05  6.4471061e-05  0.00014779552  -2.3898034e-05  -1.3266621e-05  0.0031497506  0.0000000   9.1480050e-08  1.3865376e-06  5.7090551e-07  -5.1932724e-07  -4.6321395e-05  6.4471061e-05  0.00014779552  -2.3898034e-05  -1.3266621e-05  0.0031497506  0.0000000   
0.0000000   -0.0017030264  -6.6207296e-05  -0.00028656687  -4.5921688e-06  -6.5842152e-06  -6.8386143e-06  9.8352730e-05  8.0955489e-05  1.8404886e-06  -9.1480050e-08  0.0000000   -0.0017030264  -6.6207296e-05  -0.00028656687  -4.5921688e-06  -6.5842152e-06  -6.8386143e-06  9.8352730e-05  8.0955489e-05  1.8404886e-06  -9.1480050e-08  
0.0017030264  0.0000000   -8.3540517e-07  -0.00024143696  -2.3343101e-05  9.4444554e-06  6.2232316e-06  2.1972717e-05  9.5709128e-06  2.5957107e-06  -1.3865376e-06  0.0017030264  0.0000000   -8.3540517e-07  -0.00024143696  -2.3343101e-05  9.4444554e-06  6.2232316e-06  2.1972717e-05  9.5709128e-06  2.5957107e-06  -1.3865376e-06  
6.6207296e-05  8.3540517e-07  0.0000000   -7.1902057e-06  0.00052269022  -0.00012847760  -8.2281263e-05  3.2632562e-06  -4.9892596e-07  3.1870136e-05  -5.7090551e-07  6.6207296e-05  8.3540517e-07  0.0000000   -7.1902057e-06  0.00052269022  -0.00012847760  -8.2281263e-05  3.2632562e-06  -4.9892596e-07  3.1870136e-05  -5.7090551e-07  
0.00028656687  0.00024143696  7.1902057e-06  0.0000000   -3.2060047e-06  1.2249529e-06  2.3445129e-06  8.4053228e-05  8.3121632e-06  1.4291912e-06  5.1932724e-07  0.00028656687  0.00024143696  7.1902057e-06  0.0000000   -3.2060047e-06  1.2249529e-06  2.3445129e-06  8.4053228e-05  8.3121632e-06  1.4291912e-06  5.1932724e-07  
4.5921688e-06  2.3343101e-05  -0.00052269022  3.2060047e-06  0.0000000   -0.00022011005  5.8364758e-05  9.3389057e-06  -5.3075098e-06  -1.6415909e-05  4.6321395e-05  4.5921688e-06  2.3343101e-05  -0.00052269022  3.2060047e-06  0.0000000   -0.00022011005  5.8364758e-05  9.3389057e-06  -5.3075098e-06  -1.6415909e-05  4.6321395e-05  
6.5842152e-06  -9.4444554e-06  0.00012847760  -1.2249529e-06  0.00022011005  0.0000000   -0.00022103978  -1.0207444e-05  -2.6727500e-05  -6.7018694e-05  -6.4471061e-05  6.5842152e-06  -9.4444554e-06  0.00012847760  -1.2249529e-06  0.00022011005  0.0000000   -0.00022103978  -1.0207444e-05  -2.6727500e-05  -6.7018694e-05  -6.4471061e-05  
6.8386143e-06  -6.2232316e-06  8.2281263e-05  -2.3445129e-06  -5.8364758e-05  0.00022103978  0.0000000   9.5699229e-06  1.3840277e-05  -8.8444476e-05  -0.00014779552  6.8386143e-06  -6.2232316e-06  8.2281263e-05  -2.3445129e-06  -5.8364758e-05  0.00022103978  0.0000000   9.5699229e-06  1.3840277e-05  -8.8444476e-05  -0.00014779552  
-9.8352730e-05  -2.1972717e-05  -3.2632562e-06  -8.4053228e-05  -9.3389057e-06  1.0207444e-05  -9.5699229e-06  0.0000000   -0.0023803959  -1.1748740e-05  2.3898034e-05  -9.8352730e-05  -2.1972717e-05  -3.2632562e-06  -8.4053228e-05  -9.3389057e-06  1.0207444e-05  -9.5699229e-06  0.0000000   -0.0023803959  -1.1748740e-05  2.3898034e-05  
-8.0955489e-05  -9.5709128e-06  4.9892596e-07  -8.3121632e-06  5.3075098e-06  2.6727500e-05  -1.3840277e-05  0.0023803959  0.0000000   1.9272847e-05  1.3266621e-05  -8.0955489e-05  -9.5709128e-06  4.9892596e-07  -8.3121632e-06  5.3075098e-06  2.6727500e-05  -1.3840277e-05  0.0023803959  0.0000000   1.9272847e-05  1.3266621e-05  
-1.8404886e-06  -2.5957107e-06  -3.1870136e-05  -1.4291912e-06  1.6415909e-05  6.7018694e-05  8.8444476e-05  1.1748740e-05  -1.9272847e-05  0.0000000   -0.0031497506  -1.8404886e-06  -2.5957107e-06  -3.1870136e-05  -1.4291912e-06  1.6415909e-05  6.7018694e-05  8.8444476e-05  1.1748740e-05  -1.9272847e-05  0.0000000   -0.0031497506  
9.1480050e-08  1.3865376e-06  5.7090551e-07  -5.1932724e-07  -4.6321395e-05  6.4471061e-05  0.00014779552  -2.3898034e-05  -1.3266621e-05  0.0031497506  0.0000000   9.1480050e-08  1.3865376e-06  5.7090551e-07  -5.1932724e-07  -4.6321395e-05  6.4471061e-05  0.00014779552  -2.3898034e-05  -1.3266621e-05  0.0031497506  0.0000000   
