0.0000000   8.6278429e-06  -0.00030460860  1.1029822e-05  1.5049879e-06  3.3649914e-06  -0.00015426287  4.1523801e-05  2.5640507e-05  1.4865045e-05  1.1578750e-06  0.0000000   8.6278429e-06  -0.00030460860  1.1029822e-05  1.5049879e-06  3.3649914e-06  -0.00015426287  4.1523801e-05  2.5640507e-05  1.4865045e-05  1.1578750e-06  
-8.6278429e-06  0.0000000   0.00080972664  -2.9180844e-05  -6.1095260e-06  -1.5394108e-06  0.00013343941  3.2730663e-05  -2.9004942e-05  -3.4714724e-05  -1.1100782e-06  -8.6278429e-06  0.0000000   0.00080972664  -2.9180844e-05  -6.1095260e-06  -1.5394108e-06  0.00013343941  3.2730663e-05  -2.9004942e-05  -3.4714724e-05  -1.1100782e-06  
0.00030460860  -0.00080972664  0.0000000   -2.2415617e-06  5.7505524e-06  -3.0861732e-06  -6.3961194e-05  -6.1559085e-05  -1.8111087e-05  -8.3053538e-05  -1.7718550e-06  0.00030460860  -0.00080972664  0.0000000   -2.2415617e-06  5.7505524e-06  -3.0861732e-06  -6.3961194e-05  -6.1559085e-05  -1.8111087e-05  -8.3053538e-05  -1.7718550e-06  
-1.1029822e-05  2.9180844e-05  2.2415617e-06  0.0000000   0.00016081440  -5.4914498e-05  8.0352917e-07  2.4814798e-06  1.4816263e-06  1.6855969e-06  -3.7075146e-06  -1.1029822e-05  2.9180844e-05  2.2415617e-06  0.0000000   0.00016081440  -5.4914498e-05  8.0352917e-07  2.4814798e-06  1.4816263e-06  1.6855969e-06  -3.7075146e-06  
-1.5049879e-06  6.1095260e-06  -5.7505524e-06  -0.00016081440  0.0000000   -4.8803150e-05  -5.6302366e-07  2.2423164e-06  -2.1736854e-06  6.2261420e-07  -4.0061623e-05  -1.5049879e-06  6.1095260e-06  -5.7505524e-06  -0.00016081440  0.0000000   -4.8803150e-05  -5.6302366e-07  2.2423164e-06  -2.1736854e-06  6.2261420e-07  -4.0061623e-05  
-3.3649914e-06  1.5394108e-06  3.0861732e-06  5.4914498e-05  4.8803150e-05  0.0000000   -1.7885608e-08  -1.0544104e-05  5.9767535e-06  -7.4010563e-06  -0.00017483548  -3.3649914e-06  1.5394108e-06  3.0861732e-06  5.4914498e-05  4.8803150e-05  0.0000000   -1.7885608e-08  -1.0544104e-05  5.9767535e-06  -7.4010563e-06  -0.00017483548  
0.00015426287  -0.00013343941  6.3961194e-05  -8.0352917e-07  5.6302366e-07  1.7885608e-08  0.0000000   0.00042460721  -0.00010415441  0.00040969903  -1.6755837e-06  0.00015426287  -0.00013343941  6.3961194e-05  -8.0352917e-07  5.6302366e-07  1.7885608e-08  0.0000000   0.00042460721  -0.00010415441  0.00040969903  -1.6755837e-06  
-4.1523801e-05  -3.2730663e-05  6.1559085e-05  -2.4814798e-06  -2.2423164e-06  1.0544104e-05  -0.00042460721  0.0000000   0.00096146767  6.2838581e-05  1.3789247e-05  -4.1523801e-05  -3.2730663e-05  6.1559085e-05  -2.4814798e-06  -2.2423164e-06  1.0544104e-05  -0.00042460721  0.0000000   0.00096146767  6.2838581e-05  1.3789247e-05  
-2.5640507e-05  2.9004942e-05  1.8111087e-05  -1.4816263e-06  2.1736854e-06  -5.9767535e-06  0.00010415441  -0.00096146767  0.0000000   -0.00014793863  -2.6631561e-06  -2.5640507e-05  2.9004942e-05  1.8111087e-05  -1.4816263e-06  2.1736854e-06  -5.9767535e-06  0.00010415441  -0.00096146767  0.0000000   -0.00014793863  -2.6631561e-06  
-1.4865045e-05  3.4714724e-05  8.3053538e-05  -1.6855969e-06  -6.2261420e-07  7.4010563e-06  -0.00040969903  -6.2838581e-05  0.00014793863  0.0000000   1.7889779e-06  -1.4865045e-05  3.4714724e-05  8.3053538e-05  -1.6855969e-06  -6.2261420e-07  7.4010563e-06  -0.00040969903  -6.2838581e-05  0.00014793863  0.0000000   1.7889779e-06  
-1.1578750e-06  1.1100782e-06  1.7718550e-06  3.7075146e-06  4.0061623e-05  0.00017483548  1.6755837e-06  -1.3789247e-05  2.6631561e-06  -1.7889779e-06  0.0000000   -1.1578750e-06  1.1100782e-06  1.7718550e-06  3.7075146e-06  4.0061623e-05  0.00017483548  1.6755837e-06  -1.3789247e-05  2.6631561e-06  -1.7889779e-06  0.0000000   
0.0000000   8.6278429e-06  -0.00030460860  1.1029822e-05  1.5049879e-06  3.3649914e-06  -0.00015426287  4.1523801e-05  2.5640507e-05  1.4865045e-05  1.1578750e-06  0.0000000   8.6278429e-06  -0.00030460860  1.1029822e-05  1.5049879e-06  3.3649914e-06  -0.00015426287  4.1523801e-05  2.5640507e-05  1.4865045e-05  1.1578750e-06  
-8.6278429e-06  0.0000000   0.00080972664  -2.9180844e-05  -6.1095260e-06  -1.5394108e-06  0.00013343941  3.2730663e-05  -2.9004942e-05  -3.4714724e-05  -1.1100782e-06  -8.6278429e-06  0.0000000   0.00080972664  -2.9180844e-05  -6.1095260e-06  -1.5394108e-06  0.00013343941  3.2730663e-05  -2.9004942e-05  -3.4714724e-05  -1.1100782e-06  
0.00030460860  -0.00080972664  0.0000000   -2.2415617e-06  5.7505524e-06  -3.0861732e-06  -6.3961194e-05  -6.1559085e-05  -1.8111087e-05  -8.3053538e-05  -1.7718550e-06  0.00030460860  -0.00080972664  0.0000000   -2.2415617e-06  5.7505524e-06  -3.0861732e-06  -6.3961194e-05  -6.1559085e-05  -1.8111087e-05  -8.3053538e-05  -1.7718550e-06  
-1.1029822e-05  2.9180844e-05  2.2415617e-06  0.0000000   0.00016081440  -5.4914498e-05  8.0352917e-07  2.4814798e-06  1.4816263e-06  1.6855969e-06  -3.7075146e-06  -1.1029822e-05  2.9180844e-05  2.2415617e-06  0.0000000   0.00016081440  -5.4914498e-05  8.0352917e-07  2.4814798e-06  1.4816263e-06  1.6855969e-06  -3.7075146e-06  
-1.5049879e-06  6.1095260e-06  -5.7505524e-06  -0.00016081440  0.0000000   -4.8803150e-05  -5.6302366e-07  2.2423164e-06  -2.1736854e-06  6.2261420e-07  -4.0061623e-05  -1.5049879e-06  6.1095260e-06  -5.7505524e-06  -0.00016081440  0.0000000   -4.8803150e-05  -5.6302366e-07  2.2423164e-06  -2.1736854e-06  6.2261420e-07  -4.0061623e-05  
-3.3649914e-06  1.5394108e-06  3.0861732e-06  5.4914498e-05  4.8803150e-05  0.0000000   -1.7885608e-08  -1.0544104e-05  5.9767535e-06  -7.4010563e-06  -0.00017483548  -3.3649914e-06  1.5394108e-06  3.0861732e-06  5.4914498e-05  4.8803150e-05  0.0000000   -1.7885608e-08  -1.0544104e-05  5.9767535e-06  -7.4010563e-06  -0.00017483548  
0.00015426287  -0.00013343941  6.3961194e-05  -8.0352917e-07  5.6302366e-07  1.7885608e-08  0.0000000   0.00042460721  -0.00010415441  0.00040969903  -1.6755837e-06  0.00015426287  -0.00013343941  6.3961194e-05  -8.0352917e-07  5.6302366e-07  1.7885608e-08  0.0000000   0.00042460721  -0.00010415441  0.00040969903  -1.6755837e-06  
-4.1523801e-05  -3.2730663e-05  6.1559085e-05  -2.4814798e-06  -2.2423164e-06  1.0544104e-05  -0.00042460721  0.0000000   0.00096146767  6.2838581e-05  1.3789247e-05  -4.1523801e-05  -3.2730663e-05  6.1559085e-05  -2.4814798e-06  -2.2423164e-06  1.0544104e-05  -0.00042460721  0.0000000   0.00096146767  6.2838581e-05  1.3789247e-05  
-2.5640507e-05  2.9004942e-05  1.8111087e-05  -1.4816263e-06  2.1736854e-06  -5.9767535e-06  0.00010415441  -0.00096146767  0.0000000   -0.00014793863  -2.6631561e-06  -2.5640507e-05  2.9004942e-05  1.8111087e-05  -1.4816263e-06  2.1736854e-06  -5.9767535e-06  0.00010415441  -0.00096146767  0.0000000   -0.00014793863  -2.6631561e-06  
-1.4865045e-05  3.4714724e-05  8.3053538e-05  -1.6855969e-06  -6.2261420e-07  7.4010563e-06  -0.00040969903  -6.2838581e-05  0.00014793863  0.0000000   1.7889779e-06  -1.4865045e-05  3.4714724e-05  8.3053538e-05  -1.6855969e-06  -6.2261420e-07  7.4010563e-06  -0.00040969903  -6.2838581e-05  0.00014793863  0.0000000   1.7889779e-06  
-1.1578750e-06  1.1100782e-06  1.7718550e-06  3.7075146e-06  4.0061623e-05  0.00017483548  1.6755837e-06  -1.3789247e-05  2.6631561e-06  -1.7889779e-06  0.0000000   -1.1578750e-06  1.1100782e-06  1.7718550e-06  3.7075146e-06  4.0061623e-05  0.00017483548  1.6755837e-06  -1.3789247e-05  2.6631561e-06  -1.7889779e-06  0.0000000   
