0.0000000   -5.8107789e-05  0.0012371707  -8.4445118e-06  -6.2185956e-06  3.4465383e-06  4.9552248e-08  7.0784166e-05  3.5771541e-05  9.2426071e-07  3.9132161e-05  0.0000000   -5.8107789e-05  0.0012371707  -8.4445118e-06  -6.2185956e-06  3.4465383e-06  4.9552248e-08  7.0784166e-05  3.5771541e-05  9.2426071e-07  3.9132161e-05  
5.8107789e-05  0.0000000   1.8091159e-05  0.00044871639  6.9756887e-05  2.2143461e-05  5.5243202e-05  -6.8274696e-06  1.4495258e-06  -4.5235858e-05  4.5730921e-06  5.8107789e-05  0.0000000   1.8091159e-05  0.00044871639  6.9756887e-05  2.2143461e-05  5.5243202e-05  -6.8274696e-06  1.4495258e-06  -4.5235858e-05  4.5730921e-06  
-0.0012371707  -1.8091159e-05  0.0000000   2.2578924e-05  5.7837848e-07  1.1593371e-06  3.7581096e-06  5.2695494e-05  -3.0925875e-05  7.0183267e-07  -5.6907995e-07  -0.0012371707  -1.8091159e-05  0.0000000   2.2578924e-05  5.7837848e-07  1.1593371e-06  3.7581096e-06  5.2695494e-05  -3.0925875e-05  7.0183267e-07  -5.6907995e-07  
8.4445118e-06  -0.00044871639  -2.2578924e-05  0.0000000   0.00057382454  0.00018716997  -9.6173488e-05  -5.0567775e-06  -2.1197486e-06  1.6733231e-05  3.1658771e-06  8.4445118e-06  -0.00044871639  -2.2578924e-05  0.0000000   0.00057382454  0.00018716997  -9.6173488e-05  -5.0567775e-06  -2.1197486e-06  1.6733231e-05  3.1658771e-06  
6.2185956e-06  -6.9756887e-05  -5.7837848e-07  -0.00057382454  0.0000000   -8.8492060e-05  0.00033352490  -6.1041513e-06  4.3392864e-06  -1.3041106e-05  7.5759692e-06  6.2185956e-06  -6.9756887e-05  -5.7837848e-07  -0.00057382454  0.0000000   -8.8492060e-05  0.00033352490  -6.1041513e-06  4.3392864e-06  -1.3041106e-05  7.5759692e-06  
-3.4465383e-06  -2.2143461e-05  -1.1593371e-06  -0.00018716997  8.8492060e-05  0.0000000   -0.00075671413  -1.2007717e-06  -1.4257484e-05  -0.00053692101  1.6204890e-06  -3.4465383e-06  -2.2143461e-05  -1.1593371e-06  -0.00018716997  8.8492060e-05  0.0000000   -0.00075671413  -1.2007717e-06  -1.4257484e-05  -0.00053692101  1.6204890e-06  
-4.9552248e-08  -5.5243202e-05  -3.7581096e-06  9.6173488e-05  -0.00033352490  0.00075671413  0.0000000   1.1824643e-05  2.4666185e-07  -9.6266697e-05  1.9835172e-05  -4.9552248e-08  -5.5243202e-05  -3.7581096e-06  9.6173488e-05  -0.00033352490  0.00075671413  0.0000000   1.1824643e-05  2.4666185e-07  -9.6266697e-05  1.9835172e-05  
-7.0784166e-05  6.8274696e-06  -5.2695494e-05  5.0567775e-06  6.1041513e-06  1.2007717e-06  -1.1824643e-05  0.0000000   0.0021435000  -2.1333134e-05  -0.00027745454  -7.0784166e-05  6.8274696e-06  -5.2695494e-05  5.0567775e-06  6.1041513e-06  1.2007717e-06  -1.1824643e-05  0.0000000   0.0021435000  -2.1333134e-05  -0.00027745454  
-3.5771541e-05  -1.4495258e-06  3.0925875e-05  2.1197486e-06  -4.3392864e-06  1.4257484e-05  -2.4666185e-07  -0.0021435000  0.0000000   2.2917194e-06  -0.00047747192  -3.5771541e-05  -1.4495258e-06  3.0925875e-05  2.1197486e-06  -4.3392864e-06  1.4257484e-05  -2.4666185e-07  -0.0021435000  0.0000000   2.2917194e-06  -0.00047747192  
-9.2426071e-07  4.5235858e-05  -7.0183267e-07  -1.6733231e-05  1.3041106e-05  0.00053692101  9.6266697e-05  2.1333134e-05  -2.2917194e-06  0.0000000   1.9873972e-05  -9.2426071e-07  4.5235858e-05  -7.0183267e-07  -1.6733231e-05  1.3041106e-05  0.00053692101  9.6266697e-05  2.1333134e-05  -2.2917194e-06  0.0000000   1.9873972e-05  
-3.9132161e-05  -4.5730921e-06  5.6907995e-07  -3.1658771e-06  -7.5759692e-06  -1.6204890e-06  -1.9835172e-05  0.00027745454  0.00047747192  -1.9873972e-05  0.0000000   -3.9132161e-05  -4.5730921e-06  5.6907995e-07  -3.1658771e-06  -7.5759692e-06  -1.6204890e-06  -1.9835172e-05  0.00027745454  0.00047747192  -1.9873972e-05  0.0000000   
0.0000000   -5.8107789e-05  0.0012371707  -8.4445118e-06  -6.2185956e-06  3.4465383e-06  4.9552248e-08  7.0784166e-05  3.5771541e-05  9.2426071e-07  3.9132161e-05  0.0000000   -5.8107789e-05  0.0012371707  -8.4445118e-06  -6.2185956e-06  3.4465383e-06  4.9552248e-08  7.0784166e-05  3.5771541e-05  9.2426071e-07  3.9132161e-05  
5.8107789e-05  0.0000000   1.8091159e-05  0.00044871639  6.9756887e-05  2.2143461e-05  5.5243202e-05  -6.8274696e-06  1.4495258e-06  -4.5235858e-05  4.5730921e-06  5.8107789e-05  0.0000000   1.8091159e-05  0.00044871639  6.9756887e-05  2.2143461e-05  5.5243202e-05  -6.8274696e-06  1.4495258e-06  -4.5235858e-05  4.5730921e-06  
-0.0012371707  -1.8091159e-05  0.0000000   2.2578924e-05  5.7837848e-07  1.1593371e-06  3.7581096e-06  5.2695494e-05  -3.0925875e-05  7.0183267e-07  -5.6907995e-07  -0.0012371707  -1.8091159e-05  0.0000000   2.2578924e-05  5.7837848e-07  1.1593371e-06  3.7581096e-06  5.2695494e-05  -3.0925875e-05  7.0183267e-07  -5.6907995e-07  
8.4445118e-06  -0.00044871639  -2.2578924e-05  0.0000000   0.00057382454  0.00018716997  -9.6173488e-05  -5.0567775e-06  -2.1197486e-06  1.6733231e-05  3.1658771e-06  8.4445118e-06  -0.00044871639  -2.2578924e-05  0.0000000   0.00057382454  0.00018716997  -9.6173488e-05  -5.0567775e-06  -2.1197486e-06  1.6733231e-05  3.1658771e-06  
6.2185956e-06  -6.9756887e-05  -5.7837848e-07  -0.00057382454  0.0000000   -8.8492060e-05  0.00033352490  -6.1041513e-06  4.3392864e-06  -1.3041106e-05  7.5759692e-06  6.2185956e-06  -6.9756887e-05  -5.7837848e-07  -0.00057382454  0.0000000   -8.8492060e-05  0.00033352490  -6.1041513e-06  4.3392864e-06  -1.3041106e-05  7.5759692e-06  
-3.4465383e-06  -2.2143461e-05  -1.1593371e-06  -0.00018716997  8.8492060e-05  0.0000000   -0.00075671413  -1.2007717e-06  -1.4257484e-05  -0.00053692101  1.6204890e-06  -3.4465383e-06  -2.2143461e-05  -1.1593371e-06  -0.00018716997  8.8492060e-05  0.0000000   -0.00075671413  -1.2007717e-06  -1.4257484e-05  -0.00053692101  1.6204890e-06  
-4.9552248e-08  -5.5243202e-05  -3.7581096e-06  9.6173488e-05  -0.00033352490  0.00075671413  0.0000000   1.1824643e-05  2.4666185e-07  -9.6266697e-05  1.9835172e-05  -4.9552248e-08  -5.5243202e-05  -3.7581096e-06  9.6173488e-05  -0.00033352490  0.00075671413  0.0000000   1.1824643e-05  2.4666185e-07  -9.6266697e-05  1.9835172e-05  
-7.0784166e-05  6.8274696e-06  -5.2695494e-05  5.0567775e-06  6.1041513e-06  1.2007717e-06  -1.1824643e-05  0.0000000   0.0021435000  -2.1333134e-05  -0.00027745454  -7.0784166e-05  6.8274696e-06  -5.2695494e-05  5.0567775e-06  6.1041513e-06  1.2007717e-06  -1.1824643e-05  0.0000000   0.0021435000  -2.1333134e-05  -0.00027745454  
-3.5771541e-05  -1.4495258e-06  3.0925875e-05  2.1197486e-06  -4.3392864e-06  1.4257484e-05  -2.4666185e-07  -0.0021435000  0.0000000   2.2917194e-06  -0.00047747192  -3.5771541e-05  -1.4495258e-06  3.0925875e-05  2.1197486e-06  -4.3392864e-06  1.4257484e-05  -2.4666185e-07  -0.0021435000  0.0000000   2.2917194e-06  -0.00047747192  
-9.2426071e-07  4.5235858e-05  -7.0183267e-07  -1.6733231e-05  1.3041106e-05  0.00053692101  9.6266697e-05  2.1333134e-05  -2.2917194e-06  0.0000000   1.9873972e-05  -9.2426071e-07  4.5235858e-05  -7.0183267e-07  -1.6733231e-05  1.3041106e-05  0.00053692101  9.6266697e-05  2.1333134e-05  -2.2917194e-06  0.0000000   1.9873972e-05  
-3.9132161e-05  -4.5730921e-06  5.6907995e-07  -3.1658771e-06  -7.5759692e-06  -1.6204890e-06  -1.9835172e-05  0.00027745454  0.00047747192  -1.9873972e-05  0.0000000   -3.9132161e-05  -4.5730921e-06  5.6907995e-07  -3.1658771e-06  -7.5759692e-06  -1.6204890e-06  -1.9835172e-05  0.00027745454  0.00047747192  -1.9873972e-05  0.0000000   
