0.0000000   2.6604969e-06  4.5314873e-06  1.6689210e-06  9.5304377e-06  0.00027912172  1.6745888e-06  -1.5542089e-06  3.2780877e-07  -3.3995132e-06  1.4984706e-06  0.0000000   2.6604969e-06  4.5314873e-06  1.6689210e-06  9.5304377e-06  0.00027912172  1.6745888e-06  -1.5542089e-06  3.2780877e-07  -3.3995132e-06  1.4984706e-06  
-2.6604969e-06  0.0000000   -3.4189082e-05  -0.00032558325  3.5687372e-06  -4.0142207e-06  6.0168492e-05  0.00023348860  0.00010469011  -0.00025864769  0.00015903475  -2.6604969e-06  0.0000000   -3.4189082e-05  -0.00032558325  3.5687372e-06  -4.0142207e-06  6.0168492e-05  0.00023348860  0.00010469011  -0.00025864769  0.00015903475  
-4.5314873e-06  3.4189082e-05  0.0000000   -0.0012998377  2.8636731e-05  6.0036901e-06  -8.6974648e-05  -2.3315384e-05  0.00023828354  0.00016817219  6.8634491e-05  -4.5314873e-06  3.4189082e-05  0.0000000   -0.0012998377  2.8636731e-05  6.0036901e-06  -8.6974648e-05  -2.3315384e-05  0.00023828354  0.00016817219  6.8634491e-05  
-1.6689210e-06  0.00032558325  0.0012998377  0.0000000   6.9606015e-05  -1.0819645e-05  9.2101397e-06  3.5568651e-06  -0.00011446140  0.00029308174  0.00014342274  -1.6689210e-06  0.00032558325  0.0012998377  0.0000000   6.9606015e-05  -1.0819645e-05  9.2101397e-06  3.5568651e-06  -0.00011446140  0.00029308174  0.00014342274  
-9.5304377e-06  -3.5687372e-06  -2.8636731e-05  -6.9606015e-05  0.0000000   -0.00024009830  6.3353037e-06  3.9137826e-06  1.5735708e-05  -1.0373586e-06  -7.1694187e-07  -9.5304377e-06  -3.5687372e-06  -2.8636731e-05  -6.9606015e-05  0.0000000   -0.00024009830  6.3353037e-06  3.9137826e-06  1.5735708e-05  -1.0373586e-06  -7.1694187e-07  
-0.00027912172  4.0142207e-06  -6.0036901e-06  1.0819645e-05  0.00024009830  0.0000000   7.2333385e-06  -4.6739209e-06  -2.9601463e-06  1.6554014e-06  -1.5359117e-06  -0.00027912172  4.0142207e-06  -6.0036901e-06  1.0819645e-05  0.00024009830  0.0000000   7.2333385e-06  -4.6739209e-06  -2.9601463e-06  1.6554014e-06  -1.5359117e-06  
-1.6745888e-06  -6.0168492e-05  8.6974648e-05  -9.2101397e-06  -6.3353037e-06  -7.2333385e-06  0.0000000   0.00056950817  0.0015768631  -0.00029817215  -7.3006841e-05  -1.6745888e-06  -6.0168492e-05  8.6974648e-05  -9.2101397e-06  -6.3353037e-06  -7.2333385e-06  0.0000000   0.00056950817  0.0015768631  -0.00029817215  -7.3006841e-05  
1.5542089e-06  -0.00023348860  2.3315384e-05  -3.5568651e-06  -3.9137826e-06  4.6739209e-06  -0.00056950817  0.0000000   0.00046693132  0.00080825136  -6.5695149e-05  1.5542089e-06  -0.00023348860  2.3315384e-05  -3.5568651e-06  -3.9137826e-06  4.6739209e-06  -0.00056950817  0.0000000   0.00046693132  0.00080825136  -6.5695149e-05  
-3.2780877e-07  -0.00010469011  -0.00023828354  0.00011446140  -1.5735708e-05  2.9601463e-06  -0.0015768631  -0.00046693132  0.0000000   0.00069197610  0.00012631884  -3.2780877e-07  -0.00010469011  -0.00023828354  0.00011446140  -1.5735708e-05  2.9601463e-06  -0.0015768631  -0.00046693132  0.0000000   0.00069197610  0.00012631884  
3.3995132e-06  0.00025864769  -0.00016817219  -0.00029308174  1.0373586e-06  -1.6554014e-06  0.00029817215  -0.00080825136  -0.00069197610  0.0000000   -1.3838029e-05  3.3995132e-06  0.00025864769  -0.00016817219  -0.00029308174  1.0373586e-06  -1.6554014e-06  0.00029817215  -0.00080825136  -0.00069197610  0.0000000   -1.3838029e-05  
-1.4984706e-06  -0.00015903475  -6.8634491e-05  -0.00014342274  7.1694187e-07  1.5359117e-06  7.3006841e-05  6.5695149e-05  -0.00012631884  1.3838029e-05  0.0000000   -1.4984706e-06  -0.00015903475  -6.8634491e-05  -0.00014342274  7.1694187e-07  1.5359117e-06  7.3006841e-05  6.5695149e-05  -0.00012631884  1.3838029e-05  0.0000000   
0.0000000   2.6604969e-06  4.5314873e-06  1.6689210e-06  9.5304377e-06  0.00027912172  1.6745888e-06  -1.5542089e-06  3.2780877e-07  -3.3995132e-06  1.4984706e-06  0.0000000   2.6604969e-06  4.5314873e-06  1.6689210e-06  9.5304377e-06  0.00027912172  1.6745888e-06  -1.5542089e-06  3.2780877e-07  -3.3995132e-06  1.4984706e-06  
-2.6604969e-06  0.0000000   -3.4189082e-05  -0.00032558325  3.5687372e-06  -4.0142207e-06  6.0168492e-05  0.00023348860  0.00010469011  -0.00025864769  0.00015903475  -2.6604969e-06  0.0000000   -3.4189082e-05  -0.00032558325  3.5687372e-06  -4.0142207e-06  6.0168492e-05  0.00023348860  0.00010469011  -0.00025864769  0.00015903475  
-4.5314873e-06  3.4189082e-05  0.0000000   -0.0012998377  2.8636731e-05  6.0036901e-06  -8.6974648e-05  -2.3315384e-05  0.00023828354  0.00016817219  6.8634491e-05  -4.5314873e-06  3.4189082e-05  0.0000000   -0.0012998377  2.8636731e-05  6.0036901e-06  -8.6974648e-05  -2.3315384e-05  0.00023828354  0.00016817219  6.8634491e-05  
-1.6689210e-06  0.00032558325  0.0012998377  0.0000000   6.9606015e-05  -1.0819645e-05  9.2101397e-06  3.5568651e-06  -0.00011446140  0.00029308174  0.00014342274  -1.6689210e-06  0.00032558325  0.0012998377  0.0000000   6.9606015e-05  -1.0819645e-05  9.2101397e-06  3.5568651e-06  -0.00011446140  0.00029308174  0.00014342274  
-9.5304377e-06  -3.5687372e-06  -2.8636731e-05  -6.9606015e-05  0.0000000   -0.00024009830  6.3353037e-06  3.9137826e-06  1.5735708e-05  -1.0373586e-06  -7.1694187e-07  -9.5304377e-06  -3.5687372e-06  -2.8636731e-05  -6.9606015e-05  0.0000000   -0.00024009830  6.3353037e-06  3.9137826e-06  1.5735708e-05  -1.0373586e-06  -7.1694187e-07  
-0.00027912172  4.0142207e-06  -6.0036901e-06  1.0819645e-05  0.00024009830  0.0000000   7.2333385e-06  -4.6739209e-06  -2.9601463e-06  1.6554014e-06  -1.5359117e-06  -0.00027912172  4.0142207e-06  -6.0036901e-06  1.0819645e-05  0.00024009830  0.0000000   7.2333385e-06  -4.6739209e-06  -2.9601463e-06  1.6554014e-06  -1.5359117e-06  
-1.6745888e-06  -6.0168492e-05  8.6974648e-05  -9.2101397e-06  -6.3353037e-06  -7.2333385e-06  0.0000000   0.00056950817  0.0015768631  -0.00029817215  -7.3006841e-05  -1.6745888e-06  -6.0168492e-05  8.6974648e-05  -9.2101397e-06  -6.3353037e-06  -7.2333385e-06  0.0000000   0.00056950817  0.0015768631  -0.00029817215  -7.3006841e-05  
1.5542089e-06  -0.00023348860  2.3315384e-05  -3.5568651e-06  -3.9137826e-06  4.6739209e-06  -0.00056950817  0.0000000   0.00046693132  0.00080825136  -6.5695149e-05  1.5542089e-06  -0.00023348860  2.3315384e-05  -3.5568651e-06  -3.9137826e-06  4.6739209e-06  -0.00056950817  0.0000000   0.00046693132  0.00080825136  -6.5695149e-05  
-3.2780877e-07  -0.00010469011  -0.00023828354  0.00011446140  -1.5735708e-05  2.9601463e-06  -0.0015768631  -0.00046693132  0.0000000   0.00069197610  0.00012631884  -3.2780877e-07  -0.00010469011  -0.00023828354  0.00011446140  -1.5735708e-05  2.9601463e-06  -0.0015768631  -0.00046693132  0.0000000   0.00069197610  0.00012631884  
3.3995132e-06  0.00025864769  -0.00016817219  -0.00029308174  1.0373586e-06  -1.6554014e-06  0.00029817215  -0.00080825136  -0.00069197610  0.0000000   -1.3838029e-05  3.3995132e-06  0.00025864769  -0.00016817219  -0.00029308174  1.0373586e-06  -1.6554014e-06  0.00029817215  -0.00080825136  -0.00069197610  0.0000000   -1.3838029e-05  
-1.4984706e-06  -0.00015903475  -6.8634491e-05  -0.00014342274  7.1694187e-07  1.5359117e-06  7.3006841e-05  6.5695149e-05  -0.00012631884  1.3838029e-05  0.0000000   -1.4984706e-06  -0.00015903475  -6.8634491e-05  -0.00014342274  7.1694187e-07  1.5359117e-06  7.3006841e-05  6.5695149e-05  -0.00012631884  1.3838029e-05  0.0000000   
