0.0000000   -2.1895173e-07  -5.1595186e-06  3.2785054e-06  -2.5032417e-06  -1.8123707e-06  -9.0580423e-07  0.00019679280  -6.5002947e-07  5.7803123e-07  -1.0192654e-05  0.0000000   -2.1895173e-07  -5.1595186e-06  3.2785054e-06  -2.5032417e-06  -1.8123707e-06  -9.0580423e-07  0.00019679280  -6.5002947e-07  5.7803123e-07  -1.0192654e-05  
2.1895173e-07  0.0000000   -0.00031555620  9.7240488e-05  -0.00011721763  -2.5227919e-05  4.5587200e-05  2.2283132e-07  -6.8681747e-05  -0.00011228934  -1.7646475e-06  2.1895173e-07  0.0000000   -0.00031555620  9.7240488e-05  -0.00011721763  -2.5227919e-05  4.5587200e-05  2.2283132e-07  -6.8681747e-05  -0.00011228934  -1.7646475e-06  
5.1595186e-06  0.00031555620  0.0000000   0.0014911012  0.0017451346  -0.00014490688  9.9764171e-05  -3.2580353e-06  -0.00016523775  -0.00015065174  -8.3780637e-07  5.1595186e-06  0.00031555620  0.0000000   0.0014911012  0.0017451346  -0.00014490688  9.9764171e-05  -3.2580353e-06  -0.00016523775  -0.00015065174  -8.3780637e-07  
-3.2785054e-06  -9.7240488e-05  -0.0014911012  0.0000000   -0.0022516244  -0.00041763972  -0.00010216770  3.2446744e-06  -4.5252906e-05  0.00016654766  -3.4978148e-06  -3.2785054e-06  -9.7240488e-05  -0.0014911012  0.0000000   -0.0022516244  -0.00041763972  -0.00010216770  3.2446744e-06  -4.5252906e-05  0.00016654766  -3.4978148e-06  
2.5032417e-06  0.00011721763  -0.0017451346  0.0022516244  0.0000000   -8.1776603e-05  7.9685478e-07  8.2530686e-07  0.00016440528  -0.00021017353  -5.9835393e-06  2.5032417e-06  0.00011721763  -0.0017451346  0.0022516244  0.0000000   -8.1776603e-05  7.9685478e-07  8.2530686e-07  0.00016440528  -0.00021017353  -5.9835393e-06  
1.8123707e-06  2.5227919e-05  0.00014490688  0.00041763972  8.1776603e-05  0.0000000   0.00024787925  9.0357444e-07  1.4456673e-05  0.00021369885  6.3203468e-07  1.8123707e-06  2.5227919e-05  0.00014490688  0.00041763972  8.1776603e-05  0.0000000   0.00024787925  9.0357444e-07  1.4456673e-05  0.00021369885  6.3203468e-07  
9.0580423e-07  -4.5587200e-05  -9.9764171e-05  0.00010216770  -7.9685478e-07  -0.00024787925  0.0000000   -2.1281794e-06  -0.00026774703  -7.0533848e-05  -2.2286632e-07  9.0580423e-07  -4.5587200e-05  -9.9764171e-05  0.00010216770  -7.9685478e-07  -0.00024787925  0.0000000   -2.1281794e-06  -0.00026774703  -7.0533848e-05  -2.2286632e-07  
-0.00019679280  -2.2283132e-07  3.2580353e-06  -3.2446744e-06  -8.2530686e-07  -9.0357444e-07  2.1281794e-06  0.0000000   -2.5995335e-06  1.1319475e-06  4.2940988e-05  -0.00019679280  -2.2283132e-07  3.2580353e-06  -3.2446744e-06  -8.2530686e-07  -9.0357444e-07  2.1281794e-06  0.0000000   -2.5995335e-06  1.1319475e-06  4.2940988e-05  
6.5002947e-07  6.8681747e-05  0.00016523775  4.5252906e-05  -0.00016440528  -1.4456673e-05  0.00026774703  2.5995335e-06  0.0000000   0.00041664159  1.4929309e-06  6.5002947e-07  6.8681747e-05  0.00016523775  4.5252906e-05  -0.00016440528  -1.4456673e-05  0.00026774703  2.5995335e-06  0.0000000   0.00041664159  1.4929309e-06  
-5.7803123e-07  0.00011228934  0.00015065174  -0.00016654766  0.00021017353  -0.00021369885  7.0533848e-05  -1.1319475e-06  -0.00041664159  0.0000000   2.4252804e-06  -5.7803123e-07  0.00011228934  0.00015065174  -0.00016654766  0.00021017353  -0.00021369885  7.0533848e-05  -1.1319475e-06  -0.00041664159  0.0000000   2.4252804e-06  
1.0192654e-05  1.7646475e-06  8.3780637e-07  3.4978148e-06  5.9835393e-06  -6.3203468e-07  2.2286632e-07  -4.2940988e-05  -1.4929309e-06  -2.4252804e-06  0.0000000   1.0192654e-05  1.7646475e-06  8.3780637e-07  3.4978148e-06  5.9835393e-06  -6.3203468e-07  2.2286632e-07  -4.2940988e-05  -1.4929309e-06  -2.4252804e-06  0.0000000   
0.0000000   -2.1895173e-07  -5.1595186e-06  3.2785054e-06  -2.5032417e-06  -1.8123707e-06  -9.0580423e-07  0.00019679280  -6.5002947e-07  5.7803123e-07  -1.0192654e-05  0.0000000   -2.1895173e-07  -5.1595186e-06  3.2785054e-06  -2.5032417e-06  -1.8123707e-06  -9.0580423e-07  0.00019679280  -6.5002947e-07  5.7803123e-07  -1.0192654e-05  
2.1895173e-07  0.0000000   -0.00031555620  9.7240488e-05  -0.00011721763  -2.5227919e-05  4.5587200e-05  2.2283132e-07  -6.8681747e-05  -0.00011228934  -1.7646475e-06  2.1895173e-07  0.0000000   -0.00031555620  9.7240488e-05  -0.00011721763  -2.5227919e-05  4.5587200e-05  2.2283132e-07  -6.8681747e-05  -0.00011228934  -1.7646475e-06  
5.1595186e-06  0.00031555620  0.0000000   0.0014911012  0.0017451346  -0.00014490688  9.9764171e-05  -3.2580353e-06  -0.00016523775  -0.00015065174  -8.3780637e-07  5.1595186e-06  0.00031555620  0.0000000   0.0014911012  0.0017451346  -0.00014490688  9.9764171e-05  -3.2580353e-06  -0.00016523775  -0.00015065174  -8.3780637e-07  
-3.2785054e-06  -9.7240488e-05  -0.0014911012  0.0000000   -0.0022516244  -0.00041763972  -0.00010216770  3.2446744e-06  -4.5252906e-05  0.00016654766  -3.4978148e-06  -3.2785054e-06  -9.7240488e-05  -0.0014911012  0.0000000   -0.0022516244  -0.00041763972  -0.00010216770  3.2446744e-06  -4.5252906e-05  0.00016654766  -3.4978148e-06  
2.5032417e-06  0.00011721763  -0.0017451346  0.0022516244  0.0000000   -8.1776603e-05  7.9685478e-07  8.2530686e-07  0.00016440528  -0.00021017353  -5.9835393e-06  2.5032417e-06  0.00011721763  -0.0017451346  0.0022516244  0.0000000   -8.1776603e-05  7.9685478e-07  8.2530686e-07  0.00016440528  -0.00021017353  -5.9835393e-06  
1.8123707e-06  2.5227919e-05  0.00014490688  0.00041763972  8.1776603e-05  0.0000000   0.00024787925  9.0357444e-07  1.4456673e-05  0.00021369885  6.3203468e-07  1.8123707e-06  2.5227919e-05  0.00014490688  0.00041763972  8.1776603e-05  0.0000000   0.00024787925  9.0357444e-07  1.4456673e-05  0.00021369885  6.3203468e-07  
9.0580423e-07  -4.5587200e-05  -9.9764171e-05  0.00010216770  -7.9685478e-07  -0.00024787925  0.0000000   -2.1281794e-06  -0.00026774703  -7.0533848e-05  -2.2286632e-07  9.0580423e-07  -4.5587200e-05  -9.9764171e-05  0.00010216770  -7.9685478e-07  -0.00024787925  0.0000000   -2.1281794e-06  -0.00026774703  -7.0533848e-05  -2.2286632e-07  
-0.00019679280  -2.2283132e-07  3.2580353e-06  -3.2446744e-06  -8.2530686e-07  -9.0357444e-07  2.1281794e-06  0.0000000   -2.5995335e-06  1.1319475e-06  4.2940988e-05  -0.00019679280  -2.2283132e-07  3.2580353e-06  -3.2446744e-06  -8.2530686e-07  -9.0357444e-07  2.1281794e-06  0.0000000   -2.5995335e-06  1.1319475e-06  4.2940988e-05  
6.5002947e-07  6.8681747e-05  0.00016523775  4.5252906e-05  -0.00016440528  -1.4456673e-05  0.00026774703  2.5995335e-06  0.0000000   0.00041664159  1.4929309e-06  6.5002947e-07  6.8681747e-05  0.00016523775  4.5252906e-05  -0.00016440528  -1.4456673e-05  0.00026774703  2.5995335e-06  0.0000000   0.00041664159  1.4929309e-06  
-5.7803123e-07  0.00011228934  0.00015065174  -0.00016654766  0.00021017353  -0.00021369885  7.0533848e-05  -1.1319475e-06  -0.00041664159  0.0000000   2.4252804e-06  -5.7803123e-07  0.00011228934  0.00015065174  -0.00016654766  0.00021017353  -0.00021369885  7.0533848e-05  -1.1319475e-06  -0.00041664159  0.0000000   2.4252804e-06  
1.0192654e-05  1.7646475e-06  8.3780637e-07  3.4978148e-06  5.9835393e-06  -6.3203468e-07  2.2286632e-07  -4.2940988e-05  -1.4929309e-06  -2.4252804e-06  0.0000000   1.0192654e-05  1.7646475e-06  8.3780637e-07  3.4978148e-06  5.9835393e-06  -6.3203468e-07  2.2286632e-07  -4.2940988e-05  -1.4929309e-06  -2.4252804e-06  0.0000000   
