0.0000000   0.0019682414  -3.4388625e-06  8.4012121e-05  5.0025710e-06  -2.0480514e-06  1.3574868e-05  2.0297158e-05  -5.8103586e-05  -4.1279929e-06  2.5562292e-06  0.0000000   0.0019682414  -3.4388625e-06  8.4012121e-05  5.0025710e-06  -2.0480514e-06  1.3574868e-05  2.0297158e-05  -5.8103586e-05  -4.1279929e-06  2.5562292e-06  
-0.0019682414  0.0000000   -2.6687163e-05  -5.1060900e-05  -3.1048165e-06  -9.0596328e-06  -1.8072406e-06  7.6882670e-05  -3.3995807e-05  1.1345684e-06  -9.6998266e-07  -0.0019682414  0.0000000   -2.6687163e-05  -5.1060900e-05  -3.1048165e-06  -9.0596328e-06  -1.8072406e-06  7.6882670e-05  -3.3995807e-05  1.1345684e-06  -9.6998266e-07  
3.4388625e-06  2.6687163e-05  0.0000000   5.5300820e-06  -0.00010426009  -9.1510435e-05  0.00023899635  -4.7583419e-06  -2.6549228e-06  -3.0765967e-05  1.0640267e-05  3.4388625e-06  2.6687163e-05  0.0000000   5.5300820e-06  -0.00010426009  -9.1510435e-05  0.00023899635  -4.7583419e-06  -2.6549228e-06  -3.0765967e-05  1.0640267e-05  
-8.4012121e-05  5.1060900e-05  -5.5300820e-06  0.0000000   9.4301906e-07  1.0479717e-05  -1.5751553e-05  7.7938739e-05  -3.5930545e-05  2.2069636e-06  6.6990847e-07  -8.4012121e-05  5.1060900e-05  -5.5300820e-06  0.0000000   9.4301906e-07  1.0479717e-05  -1.5751553e-05  7.7938739e-05  -3.5930545e-05  2.2069636e-06  6.6990847e-07  
-5.0025710e-06  3.1048165e-06  0.00010426009  -9.4301906e-07  0.0000000   -9.4573649e-05  -0.00014515467  3.1911628e-06  8.7064627e-06  -4.9679375e-05  -2.6972886e-05  -5.0025710e-06  3.1048165e-06  0.00010426009  -9.4301906e-07  0.0000000   -9.4573649e-05  -0.00014515467  3.1911628e-06  8.7064627e-06  -4.9679375e-05  -2.6972886e-05  
2.0480514e-06  9.0596328e-06  9.1510435e-05  -1.0479717e-05  9.4573649e-05  0.0000000   -0.0028329107  2.7755150e-05  -4.6274873e-05  0.00093747639  -3.9951145e-05  2.0480514e-06  9.0596328e-06  9.1510435e-05  -1.0479717e-05  9.4573649e-05  0.0000000   -0.0028329107  2.7755150e-05  -4.6274873e-05  0.00093747639  -3.9951145e-05  
-1.3574868e-05  1.8072406e-06  -0.00023899635  1.5751553e-05  0.00014515467  0.0028329107  0.0000000   -3.8092389e-05  -3.4126683e-05  -0.00039287351  0.00050781001  -1.3574868e-05  1.8072406e-06  -0.00023899635  1.5751553e-05  0.00014515467  0.0028329107  0.0000000   -3.8092389e-05  -3.4126683e-05  -0.00039287351  0.00050781001  
-2.0297158e-05  -7.6882670e-05  4.7583419e-06  -7.7938739e-05  -3.1911628e-06  -2.7755150e-05  3.8092389e-05  0.0000000   -0.0029951067  -3.3947797e-05  -5.8222691e-05  -2.0297158e-05  -7.6882670e-05  4.7583419e-06  -7.7938739e-05  -3.1911628e-06  -2.7755150e-05  3.8092389e-05  0.0000000   -0.0029951067  -3.3947797e-05  -5.8222691e-05  
5.8103586e-05  3.3995807e-05  2.6549228e-06  3.5930545e-05  -8.7064627e-06  4.6274873e-05  3.4126683e-05  0.0029951067  0.0000000   -1.7554338e-06  3.1104198e-05  5.8103586e-05  3.3995807e-05  2.6549228e-06  3.5930545e-05  -8.7064627e-06  4.6274873e-05  3.4126683e-05  0.0029951067  0.0000000   -1.7554338e-06  3.1104198e-05  
4.1279929e-06  -1.1345684e-06  3.0765967e-05  -2.2069636e-06  4.9679375e-05  -0.00093747639  0.00039287351  3.3947797e-05  1.7554338e-06  0.0000000   -0.00011091924  4.1279929e-06  -1.1345684e-06  3.0765967e-05  -2.2069636e-06  4.9679375e-05  -0.00093747639  0.00039287351  3.3947797e-05  1.7554338e-06  0.0000000   -0.00011091924  
-2.5562292e-06  9.6998266e-07  -1.0640267e-05  -6.6990847e-07  2.6972886e-05  3.9951145e-05  -0.00050781001  5.8222691e-05  -3.1104198e-05  0.00011091924  0.0000000   -2.5562292e-06  9.6998266e-07  -1.0640267e-05  -6.6990847e-07  2.6972886e-05  3.9951145e-05  -0.00050781001  5.8222691e-05  -3.1104198e-05  0.00011091924  0.0000000   
0.0000000   0.0019682414  -3.4388625e-06  8.4012121e-05  5.0025710e-06  -2.0480514e-06  1.3574868e-05  2.0297158e-05  -5.8103586e-05  -4.1279929e-06  2.5562292e-06  0.0000000   0.0019682414  -3.4388625e-06  8.4012121e-05  5.0025710e-06  -2.0480514e-06  1.3574868e-05  2.0297158e-05  -5.8103586e-05  -4.1279929e-06  2.5562292e-06  
-0.0019682414  0.0000000   -2.6687163e-05  -5.1060900e-05  -3.1048165e-06  -9.0596328e-06  -1.8072406e-06  7.6882670e-05  -3.3995807e-05  1.1345684e-06  -9.6998266e-07  -0.0019682414  0.0000000   -2.6687163e-05  -5.1060900e-05  -3.1048165e-06  -9.0596328e-06  -1.8072406e-06  7.6882670e-05  -3.3995807e-05  1.1345684e-06  -9.6998266e-07  
3.4388625e-06  2.6687163e-05  0.0000000   5.5300820e-06  -0.00010426009  -9.1510435e-05  0.00023899635  -4.7583419e-06  -2.6549228e-06  -3.0765967e-05  1.0640267e-05  3.4388625e-06  2.6687163e-05  0.0000000   5.5300820e-06  -0.00010426009  -9.1510435e-05  0.00023899635  -4.7583419e-06  -2.6549228e-06  -3.0765967e-05  1.0640267e-05  
-8.4012121e-05  5.1060900e-05  -5.5300820e-06  0.0000000   9.4301906e-07  1.0479717e-05  -1.5751553e-05  7.7938739e-05  -3.5930545e-05  2.2069636e-06  6.6990847e-07  -8.4012121e-05  5.1060900e-05  -5.5300820e-06  0.0000000   9.4301906e-07  1.0479717e-05  -1.5751553e-05  7.7938739e-05  -3.5930545e-05  2.2069636e-06  6.6990847e-07  
-5.0025710e-06  3.1048165e-06  0.00010426009  -9.4301906e-07  0.0000000   -9.4573649e-05  -0.00014515467  3.1911628e-06  8.7064627e-06  -4.9679375e-05  -2.6972886e-05  -5.0025710e-06  3.1048165e-06  0.00010426009  -9.4301906e-07  0.0000000   -9.4573649e-05  -0.00014515467  3.1911628e-06  8.7064627e-06  -4.9679375e-05  -2.6972886e-05  
2.0480514e-06  9.0596328e-06  9.1510435e-05  -1.0479717e-05  9.4573649e-05  0.0000000   -0.0028329107  2.7755150e-05  -4.6274873e-05  0.00093747639  -3.9951145e-05  2.0480514e-06  9.0596328e-06  9.1510435e-05  -1.0479717e-05  9.4573649e-05  0.0000000   -0.0028329107  2.7755150e-05  -4.6274873e-05  0.00093747639  -3.9951145e-05  
-1.3574868e-05  1.8072406e-06  -0.00023899635  1.5751553e-05  0.00014515467  0.0028329107  0.0000000   -3.8092389e-05  -3.4126683e-05  -0.00039287351  0.00050781001  -1.3574868e-05  1.8072406e-06  -0.00023899635  1.5751553e-05  0.00014515467  0.0028329107  0.0000000   -3.8092389e-05  -3.4126683e-05  -0.00039287351  0.00050781001  
-2.0297158e-05  -7.6882670e-05  4.7583419e-06  -7.7938739e-05  -3.1911628e-06  -2.7755150e-05  3.8092389e-05  0.0000000   -0.0029951067  -3.3947797e-05  -5.8222691e-05  -2.0297158e-05  -7.6882670e-05  4.7583419e-06  -7.7938739e-05  -3.1911628e-06  -2.7755150e-05  3.8092389e-05  0.0000000   -0.0029951067  -3.3947797e-05  -5.8222691e-05  
5.8103586e-05  3.3995807e-05  2.6549228e-06  3.5930545e-05  -8.7064627e-06  4.6274873e-05  3.4126683e-05  0.0029951067  0.0000000   -1.7554338e-06  3.1104198e-05  5.8103586e-05  3.3995807e-05  2.6549228e-06  3.5930545e-05  -8.7064627e-06  4.6274873e-05  3.4126683e-05  0.0029951067  0.0000000   -1.7554338e-06  3.1104198e-05  
4.1279929e-06  -1.1345684e-06  3.0765967e-05  -2.2069636e-06  4.9679375e-05  -0.00093747639  0.00039287351  3.3947797e-05  1.7554338e-06  0.0000000   -0.00011091924  4.1279929e-06  -1.1345684e-06  3.0765967e-05  -2.2069636e-06  4.9679375e-05  -0.00093747639  0.00039287351  3.3947797e-05  1.7554338e-06  0.0000000   -0.00011091924  
-2.5562292e-06  9.6998266e-07  -1.0640267e-05  -6.6990847e-07  2.6972886e-05  3.9951145e-05  -0.00050781001  5.8222691e-05  -3.1104198e-05  0.00011091924  0.0000000   -2.5562292e-06  9.6998266e-07  -1.0640267e-05  -6.6990847e-07  2.6972886e-05  3.9951145e-05  -0.00050781001  5.8222691e-05  -3.1104198e-05  0.00011091924  0.0000000   
