0.0000000   -2.9796202e-06  -2.3826845e-06  -1.7448430e-05  9.8830880e-05  -2.5621745e-07  4.1355720e-06  1.8028266e-05  -3.6483488e-07  1.9244358e-07  2.7312308e-06  0.0000000   -2.9796202e-06  -2.3826845e-06  -1.7448430e-05  9.8830880e-05  -2.5621745e-07  4.1355720e-06  1.8028266e-05  -3.6483488e-07  1.9244358e-07  2.7312308e-06  
2.9796202e-06  0.0000000   2.4425766e-07  2.8589792e-05  9.2632504e-06  -2.6086725e-05  1.8414319e-06  6.5285927e-07  -1.4571075e-05  4.7362361e-05  -1.8689078e-06  2.9796202e-06  0.0000000   2.4425766e-07  2.8589792e-05  9.2632504e-06  -2.6086725e-05  1.8414319e-06  6.5285927e-07  -1.4571075e-05  4.7362361e-05  -1.8689078e-06  
2.3826845e-06  -2.4425766e-07  0.0000000   -0.0015950069  -0.00024727614  -4.6118268e-06  -2.8909761e-05  -0.00015019090  -4.7957859e-06  1.9575157e-06  9.8175289e-05  2.3826845e-06  -2.4425766e-07  0.0000000   -0.0015950069  -0.00024727614  -4.6118268e-06  -2.8909761e-05  -0.00015019090  -4.7957859e-06  1.9575157e-06  9.8175289e-05  
1.7448430e-05  -2.8589792e-05  0.0015950069  0.0000000   0.0038637537  -4.1598302e-05  5.6000696e-06  -7.3284656e-05  4.0627960e-06  3.5830623e-05  -2.3366127e-05  1.7448430e-05  -2.8589792e-05  0.0015950069  0.0000000   0.0038637537  -4.1598302e-05  5.6000696e-06  -7.3284656e-05  4.0627960e-06  3.5830623e-05  -2.3366127e-05  
-9.8830880e-05  -9.2632504e-06  0.00024727614  -0.0038637537  0.0000000   -1.4026562e-05  8.5253477e-05  0.00013951482  -1.2930357e-05  8.8216170e-06  0.00019703596  -9.8830880e-05  -9.2632504e-06  0.00024727614  -0.0038637537  0.0000000   -1.4026562e-05  8.5253477e-05  0.00013951482  -1.2930357e-05  8.8216170e-06  0.00019703596  
2.5621745e-07  2.6086725e-05  4.6118268e-06  4.1598302e-05  1.4026562e-05  0.0000000   -3.7216332e-07  2.5949451e-06  8.7874133e-05  0.00024423120  3.5145205e-08  2.5621745e-07  2.6086725e-05  4.6118268e-06  4.1598302e-05  1.4026562e-05  0.0000000   -3.7216332e-07  2.5949451e-06  8.7874133e-05  0.00024423120  3.5145205e-08  
-4.1355720e-06  -1.8414319e-06  2.8909761e-05  -5.6000696e-06  -8.5253477e-05  3.7216332e-07  0.0000000   0.00019509116  -2.8848070e-06  -5.1966294e-06  8.4625873e-05  -4.1355720e-06  -1.8414319e-06  2.8909761e-05  -5.6000696e-06  -8.5253477e-05  3.7216332e-07  0.0000000   0.00019509116  -2.8848070e-06  -5.1966294e-06  8.4625873e-05  
-1.8028266e-05  -6.5285927e-07  0.00015019090  7.3284656e-05  -0.00013951482  -2.5949451e-06  -0.00019509116  0.0000000   6.5884148e-07  -1.5160363e-06  3.8733702e-06  -1.8028266e-05  -6.5285927e-07  0.00015019090  7.3284656e-05  -0.00013951482  -2.5949451e-06  -0.00019509116  0.0000000   6.5884148e-07  -1.5160363e-06  3.8733702e-06  
3.6483488e-07  1.4571075e-05  4.7957859e-06  -4.0627960e-06  1.2930357e-05  -8.7874133e-05  2.8848070e-06  -6.5884148e-07  0.0000000   -0.00014352329  -1.2650476e-06  3.6483488e-07  1.4571075e-05  4.7957859e-06  -4.0627960e-06  1.2930357e-05  -8.7874133e-05  2.8848070e-06  -6.5884148e-07  0.0000000   -0.00014352329  -1.2650476e-06  
-1.9244358e-07  -4.7362361e-05  -1.9575157e-06  -3.5830623e-05  -8.8216170e-06  -0.00024423120  5.1966294e-06  1.5160363e-06  0.00014352329  0.0000000   2.4950234e-06  -1.9244358e-07  -4.7362361e-05  -1.9575157e-06  -3.5830623e-05  -8.8216170e-06  -0.00024423120  5.1966294e-06  1.5160363e-06  0.00014352329  0.0000000   2.4950234e-06  
-2.7312308e-06  1.8689078e-06  -9.8175289e-05  2.3366127e-05  -0.00019703596  -3.5145205e-08  -8.4625873e-05  -3.8733702e-06  1.2650476e-06  -2.4950234e-06  0.0000000   -2.7312308e-06  1.8689078e-06  -9.8175289e-05  2.3366127e-05  -0.00019703596  -3.5145205e-08  -8.4625873e-05  -3.8733702e-06  1.2650476e-06  -2.4950234e-06  0.0000000   
0.0000000   -2.9796202e-06  -2.3826845e-06  -1.7448430e-05  9.8830880e-05  -2.5621745e-07  4.1355720e-06  1.8028266e-05  -3.6483488e-07  1.9244358e-07  2.7312308e-06  0.0000000   -2.9796202e-06  -2.3826845e-06  -1.7448430e-05  9.8830880e-05  -2.5621745e-07  4.1355720e-06  1.8028266e-05  -3.6483488e-07  1.9244358e-07  2.7312308e-06  
2.9796202e-06  0.0000000   2.4425766e-07  2.8589792e-05  9.2632504e-06  -2.6086725e-05  1.8414319e-06  6.5285927e-07  -1.4571075e-05  4.7362361e-05  -1.8689078e-06  2.9796202e-06  0.0000000   2.4425766e-07  2.8589792e-05  9.2632504e-06  -2.6086725e-05  1.8414319e-06  6.5285927e-07  -1.4571075e-05  4.7362361e-05  -1.8689078e-06  
2.3826845e-06  -2.4425766e-07  0.0000000   -0.0015950069  -0.00024727614  -4.6118268e-06  -2.8909761e-05  -0.00015019090  -4.7957859e-06  1.9575157e-06  9.8175289e-05  2.3826845e-06  -2.4425766e-07  0.0000000   -0.0015950069  -0.00024727614  -4.6118268e-06  -2.8909761e-05  -0.00015019090  -4.7957859e-06  1.9575157e-06  9.8175289e-05  
1.7448430e-05  -2.8589792e-05  0.0015950069  0.0000000   0.0038637537  -4.1598302e-05  5.6000696e-06  -7.3284656e-05  4.0627960e-06  3.5830623e-05  -2.3366127e-05  1.7448430e-05  -2.8589792e-05  0.0015950069  0.0000000   0.0038637537  -4.1598302e-05  5.6000696e-06  -7.3284656e-05  4.0627960e-06  3.5830623e-05  -2.3366127e-05  
-9.8830880e-05  -9.2632504e-06  0.00024727614  -0.0038637537  0.0000000   -1.4026562e-05  8.5253477e-05  0.00013951482  -1.2930357e-05  8.8216170e-06  0.00019703596  -9.8830880e-05  -9.2632504e-06  0.00024727614  -0.0038637537  0.0000000   -1.4026562e-05  8.5253477e-05  0.00013951482  -1.2930357e-05  8.8216170e-06  0.00019703596  
2.5621745e-07  2.6086725e-05  4.6118268e-06  4.1598302e-05  1.4026562e-05  0.0000000   -3.7216332e-07  2.5949451e-06  8.7874133e-05  0.00024423120  3.5145205e-08  2.5621745e-07  2.6086725e-05  4.6118268e-06  4.1598302e-05  1.4026562e-05  0.0000000   -3.7216332e-07  2.5949451e-06  8.7874133e-05  0.00024423120  3.5145205e-08  
-4.1355720e-06  -1.8414319e-06  2.8909761e-05  -5.6000696e-06  -8.5253477e-05  3.7216332e-07  0.0000000   0.00019509116  -2.8848070e-06  -5.1966294e-06  8.4625873e-05  -4.1355720e-06  -1.8414319e-06  2.8909761e-05  -5.6000696e-06  -8.5253477e-05  3.7216332e-07  0.0000000   0.00019509116  -2.8848070e-06  -5.1966294e-06  8.4625873e-05  
-1.8028266e-05  -6.5285927e-07  0.00015019090  7.3284656e-05  -0.00013951482  -2.5949451e-06  -0.00019509116  0.0000000   6.5884148e-07  -1.5160363e-06  3.8733702e-06  -1.8028266e-05  -6.5285927e-07  0.00015019090  7.3284656e-05  -0.00013951482  -2.5949451e-06  -0.00019509116  0.0000000   6.5884148e-07  -1.5160363e-06  3.8733702e-06  
3.6483488e-07  1.4571075e-05  4.7957859e-06  -4.0627960e-06  1.2930357e-05  -8.7874133e-05  2.8848070e-06  -6.5884148e-07  0.0000000   -0.00014352329  -1.2650476e-06  3.6483488e-07  1.4571075e-05  4.7957859e-06  -4.0627960e-06  1.2930357e-05  -8.7874133e-05  2.8848070e-06  -6.5884148e-07  0.0000000   -0.00014352329  -1.2650476e-06  
-1.9244358e-07  -4.7362361e-05  -1.9575157e-06  -3.5830623e-05  -8.8216170e-06  -0.00024423120  5.1966294e-06  1.5160363e-06  0.00014352329  0.0000000   2.4950234e-06  -1.9244358e-07  -4.7362361e-05  -1.9575157e-06  -3.5830623e-05  -8.8216170e-06  -0.00024423120  5.1966294e-06  1.5160363e-06  0.00014352329  0.0000000   2.4950234e-06  
-2.7312308e-06  1.8689078e-06  -9.8175289e-05  2.3366127e-05  -0.00019703596  -3.5145205e-08  -8.4625873e-05  -3.8733702e-06  1.2650476e-06  -2.4950234e-06  0.0000000   -2.7312308e-06  1.8689078e-06  -9.8175289e-05  2.3366127e-05  -0.00019703596  -3.5145205e-08  -8.4625873e-05  -3.8733702e-06  1.2650476e-06  -2.4950234e-06  0.0000000   
