0.0000000   -1.8901333e-05  -0.0011165785  -1.3501571e-05  -5.5509012e-06  -0.00016902633  5.9529851e-05  -7.2687213e-05  3.7176201e-07  -4.6968391e-05  -5.4586186e-07  0.0000000   -1.8901333e-05  -0.0011165785  -1.3501571e-05  -5.5509012e-06  -0.00016902633  5.9529851e-05  -7.2687213e-05  3.7176201e-07  -4.6968391e-05  -5.4586186e-07  
1.8901333e-05  0.0000000   3.1919277e-05  -0.00041206567  -8.1393269e-05  8.6844399e-06  5.3155083e-07  -3.2601885e-06  0.00011262439  4.4495625e-06  5.1807897e-05  1.8901333e-05  0.0000000   3.1919277e-05  -0.00041206567  -8.1393269e-05  8.6844399e-06  5.3155083e-07  -3.2601885e-06  0.00011262439  4.4495625e-06  5.1807897e-05  
0.0011165785  -3.1919277e-05  0.0000000   9.2019835e-06  2.0359879e-07  0.00010730664  0.00014797064  -4.4183553e-05  -5.3062598e-06  0.00013015421  2.1194875e-06  0.0011165785  -3.1919277e-05  0.0000000   9.2019835e-06  2.0359879e-07  0.00010730664  0.00014797064  -4.4183553e-05  -5.3062598e-06  0.00013015421  2.1194875e-06  
1.3501571e-05  0.00041206567  -9.2019835e-06  0.0000000   -0.00059773504  -2.1030210e-06  7.8415292e-07  -4.6093191e-06  8.8336076e-05  -8.2521029e-07  -8.2833807e-05  1.3501571e-05  0.00041206567  -9.2019835e-06  0.0000000   -0.00059773504  -2.1030210e-06  7.8415292e-07  -4.6093191e-06  8.8336076e-05  -8.2521029e-07  -8.2833807e-05  
5.5509012e-06  8.1393269e-05  -2.0359879e-07  0.00059773504  0.0000000   3.5131980e-06  1.2342731e-06  -5.4275422e-06  8.1187722e-05  1.4123897e-06  1.5511902e-05  5.5509012e-06  8.1393269e-05  -2.0359879e-07  0.00059773504  0.0000000   3.5131980e-06  1.2342731e-06  -5.4275422e-06  8.1187722e-05  1.4123897e-06  1.5511902e-05  
0.00016902633  -8.6844399e-06  -0.00010730664  2.1030210e-06  -3.5131980e-06  0.0000000   -0.00063095345  0.00017715440  1.1853288e-05  -0.00049735316  -8.9327123e-07  0.00016902633  -8.6844399e-06  -0.00010730664  2.1030210e-06  -3.5131980e-06  0.0000000   -0.00063095345  0.00017715440  1.1853288e-05  -0.00049735316  -8.9327123e-07  
-5.9529851e-05  -5.3155083e-07  -0.00014797064  -7.8415292e-07  -1.2342731e-06  0.00063095345  0.0000000   -4.5414212e-05  -4.7573675e-07  -7.5901318e-05  -1.9417661e-05  -5.9529851e-05  -5.3155083e-07  -0.00014797064  -7.8415292e-07  -1.2342731e-06  0.00063095345  0.0000000   -4.5414212e-05  -4.7573675e-07  -7.5901318e-05  -1.9417661e-05  
7.2687213e-05  3.2601885e-06  4.4183553e-05  4.6093191e-06  5.4275422e-06  -0.00017715440  4.5414212e-05  0.0000000   7.5260215e-06  -0.00012225054  -3.7281923e-06  7.2687213e-05  3.2601885e-06  4.4183553e-05  4.6093191e-06  5.4275422e-06  -0.00017715440  4.5414212e-05  0.0000000   7.5260215e-06  -0.00012225054  -3.7281923e-06  
-3.7176201e-07  -0.00011262439  5.3062598e-06  -8.8336076e-05  -8.1187722e-05  -1.1853288e-05  4.7573675e-07  -7.5260215e-06  0.0000000   -2.4751457e-06  -0.00047528679  -3.7176201e-07  -0.00011262439  5.3062598e-06  -8.8336076e-05  -8.1187722e-05  -1.1853288e-05  4.7573675e-07  -7.5260215e-06  0.0000000   -2.4751457e-06  -0.00047528679  
4.6968391e-05  -4.4495625e-06  -0.00013015421  8.2521029e-07  -1.4123897e-06  0.00049735316  7.5901318e-05  0.00012225054  2.4751457e-06  0.0000000   -2.2177121e-05  4.6968391e-05  -4.4495625e-06  -0.00013015421  8.2521029e-07  -1.4123897e-06  0.00049735316  7.5901318e-05  0.00012225054  2.4751457e-06  0.0000000   -2.2177121e-05  
5.4586186e-07  -5.1807897e-05  -2.1194875e-06  8.2833807e-05  -1.5511902e-05  8.9327123e-07  1.9417661e-05  3.7281923e-06  0.00047528679  2.2177121e-05  0.0000000   5.4586186e-07  -5.1807897e-05  -2.1194875e-06  8.2833807e-05  -1.5511902e-05  8.9327123e-07  1.9417661e-05  3.7281923e-06  0.00047528679  2.2177121e-05  0.0000000   
0.0000000   -1.8901333e-05  -0.0011165785  -1.3501571e-05  -5.5509012e-06  -0.00016902633  5.9529851e-05  -7.2687213e-05  3.7176201e-07  -4.6968391e-05  -5.4586186e-07  0.0000000   -1.8901333e-05  -0.0011165785  -1.3501571e-05  -5.5509012e-06  -0.00016902633  5.9529851e-05  -7.2687213e-05  3.7176201e-07  -4.6968391e-05  -5.4586186e-07  
1.8901333e-05  0.0000000   3.1919277e-05  -0.00041206567  -8.1393269e-05  8.6844399e-06  5.3155083e-07  -3.2601885e-06  0.00011262439  4.4495625e-06  5.1807897e-05  1.8901333e-05  0.0000000   3.1919277e-05  -0.00041206567  -8.1393269e-05  8.6844399e-06  5.3155083e-07  -3.2601885e-06  0.00011262439  4.4495625e-06  5.1807897e-05  
0.0011165785  -3.1919277e-05  0.0000000   9.2019835e-06  2.0359879e-07  0.00010730664  0.00014797064  -4.4183553e-05  -5.3062598e-06  0.00013015421  2.1194875e-06  0.0011165785  -3.1919277e-05  0.0000000   9.2019835e-06  2.0359879e-07  0.00010730664  0.00014797064  -4.4183553e-05  -5.3062598e-06  0.00013015421  2.1194875e-06  
1.3501571e-05  0.00041206567  -9.2019835e-06  0.0000000   -0.00059773504  -2.1030210e-06  7.8415292e-07  -4.6093191e-06  8.8336076e-05  -8.2521029e-07  -8.2833807e-05  1.3501571e-05  0.00041206567  -9.2019835e-06  0.0000000   -0.00059773504  -2.1030210e-06  7.8415292e-07  -4.6093191e-06  8.8336076e-05  -8.2521029e-07  -8.2833807e-05  
5.5509012e-06  8.1393269e-05  -2.0359879e-07  0.00059773504  0.0000000   3.5131980e-06  1.2342731e-06  -5.4275422e-06  8.1187722e-05  1.4123897e-06  1.5511902e-05  5.5509012e-06  8.1393269e-05  -2.0359879e-07  0.00059773504  0.0000000   3.5131980e-06  1.2342731e-06  -5.4275422e-06  8.1187722e-05  1.4123897e-06  1.5511902e-05  
0.00016902633  -8.6844399e-06  -0.00010730664  2.1030210e-06  -3.5131980e-06  0.0000000   -0.00063095345  0.00017715440  1.1853288e-05  -0.00049735316  -8.9327123e-07  0.00016902633  -8.6844399e-06  -0.00010730664  2.1030210e-06  -3.5131980e-06  0.0000000   -0.00063095345  0.00017715440  1.1853288e-05  -0.00049735316  -8.9327123e-07  
-5.9529851e-05  -5.3155083e-07  -0.00014797064  -7.8415292e-07  -1.2342731e-06  0.00063095345  0.0000000   -4.5414212e-05  -4.7573675e-07  -7.5901318e-05  -1.9417661e-05  -5.9529851e-05  -5.3155083e-07  -0.00014797064  -7.8415292e-07  -1.2342731e-06  0.00063095345  0.0000000   -4.5414212e-05  -4.7573675e-07  -7.5901318e-05  -1.9417661e-05  
7.2687213e-05  3.2601885e-06  4.4183553e-05  4.6093191e-06  5.4275422e-06  -0.00017715440  4.5414212e-05  0.0000000   7.5260215e-06  -0.00012225054  -3.7281923e-06  7.2687213e-05  3.2601885e-06  4.4183553e-05  4.6093191e-06  5.4275422e-06  -0.00017715440  4.5414212e-05  0.0000000   7.5260215e-06  -0.00012225054  -3.7281923e-06  
-3.7176201e-07  -0.00011262439  5.3062598e-06  -8.8336076e-05  -8.1187722e-05  -1.1853288e-05  4.7573675e-07  -7.5260215e-06  0.0000000   -2.4751457e-06  -0.00047528679  -3.7176201e-07  -0.00011262439  5.3062598e-06  -8.8336076e-05  -8.1187722e-05  -1.1853288e-05  4.7573675e-07  -7.5260215e-06  0.0000000   -2.4751457e-06  -0.00047528679  
4.6968391e-05  -4.4495625e-06  -0.00013015421  8.2521029e-07  -1.4123897e-06  0.00049735316  7.5901318e-05  0.00012225054  2.4751457e-06  0.0000000   -2.2177121e-05  4.6968391e-05  -4.4495625e-06  -0.00013015421  8.2521029e-07  -1.4123897e-06  0.00049735316  7.5901318e-05  0.00012225054  2.4751457e-06  0.0000000   -2.2177121e-05  
5.4586186e-07  -5.1807897e-05  -2.1194875e-06  8.2833807e-05  -1.5511902e-05  8.9327123e-07  1.9417661e-05  3.7281923e-06  0.00047528679  2.2177121e-05  0.0000000   5.4586186e-07  -5.1807897e-05  -2.1194875e-06  8.2833807e-05  -1.5511902e-05  8.9327123e-07  1.9417661e-05  3.7281923e-06  0.00047528679  2.2177121e-05  0.0000000   
