0.0000000   1.8552726e-05  3.6512520e-05  0.00015944743  -3.2835523e-07  -1.0033193e-06  -9.2003734e-05  1.6566842e-07  -5.1178993e-06  -2.3330484e-06  4.0813430e-05  0.0000000   1.8552726e-05  3.6512520e-05  0.00015944743  -3.2835523e-07  -1.0033193e-06  -9.2003734e-05  1.6566842e-07  -5.1178993e-06  -2.3330484e-06  4.0813430e-05  
-1.8552726e-05  0.0000000   -0.0019925631  -2.8710914e-06  -1.1965022e-05  9.6843604e-05  -2.2799836e-06  0.00013719792  8.5276126e-05  0.00023446656  -6.9216600e-06  -1.8552726e-05  0.0000000   -0.0019925631  -2.8710914e-06  -1.1965022e-05  9.6843604e-05  -2.2799836e-06  0.00013719792  8.5276126e-05  0.00023446656  -6.9216600e-06  
-3.6512520e-05  0.0019925631  0.0000000   -1.5715720e-05  7.0847071e-07  7.0065981e-05  -2.1705058e-06  -6.8682070e-05  -4.4077426e-06  0.00018985924  2.0894049e-06  -3.6512520e-05  0.0019925631  0.0000000   -1.5715720e-05  7.0847071e-07  7.0065981e-05  -2.1705058e-06  -6.8682070e-05  -4.4077426e-06  0.00018985924  2.0894049e-06  
-0.00015944743  2.8710914e-06  1.5715720e-05  0.0000000   -0.00037259160  8.1842897e-07  -0.00011835800  -6.5513346e-06  -1.4129774e-06  -5.9303499e-06  -0.00012089034  -0.00015944743  2.8710914e-06  1.5715720e-05  0.0000000   -0.00037259160  8.1842897e-07  -0.00011835800  -6.5513346e-06  -1.4129774e-06  -5.9303499e-06  -0.00012089034  
3.2835523e-07  1.1965022e-05  -7.0847071e-07  0.00037259160  0.0000000   5.7769968e-07  0.00032547507  -9.8749053e-06  -6.4380894e-06  -3.7510419e-06  -2.5332259e-05  3.2835523e-07  1.1965022e-05  -7.0847071e-07  0.00037259160  0.0000000   5.7769968e-07  0.00032547507  -9.8749053e-06  -6.4380894e-06  -3.7510419e-06  -2.5332259e-05  
1.0033193e-06  -9.6843604e-05  -7.0065981e-05  -8.1842897e-07  -5.7769968e-07  0.0000000   2.6763184e-06  0.00010124677  -9.7801682e-05  -0.00010678432  -2.0442598e-07  1.0033193e-06  -9.6843604e-05  -7.0065981e-05  -8.1842897e-07  -5.7769968e-07  0.0000000   2.6763184e-06  0.00010124677  -9.7801682e-05  -0.00010678432  -2.0442598e-07  
9.2003734e-05  2.2799836e-06  2.1705058e-06  0.00011835800  -0.00032547507  -2.6763184e-06  0.0000000   7.2794071e-06  2.2705797e-05  7.1876191e-06  -0.00019554154  9.2003734e-05  2.2799836e-06  2.1705058e-06  0.00011835800  -0.00032547507  -2.6763184e-06  0.0000000   7.2794071e-06  2.2705797e-05  7.1876191e-06  -0.00019554154  
-1.6566842e-07  -0.00013719792  6.8682070e-05  6.5513346e-06  9.8749053e-06  -0.00010124677  -7.2794071e-06  0.0000000   0.0011610223  5.5488464e-05  1.5919043e-05  -1.6566842e-07  -0.00013719792  6.8682070e-05  6.5513346e-06  9.8749053e-06  -0.00010124677  -7.2794071e-06  0.0000000   0.0011610223  5.5488464e-05  1.5919043e-05  
5.1178993e-06  -8.5276126e-05  4.4077426e-06  1.4129774e-06  6.4380894e-06  9.7801682e-05  -2.2705797e-05  -0.0011610223  0.0000000   -0.00088891349  -1.2015527e-05  5.1178993e-06  -8.5276126e-05  4.4077426e-06  1.4129774e-06  6.4380894e-06  9.7801682e-05  -2.2705797e-05  -0.0011610223  0.0000000   -0.00088891349  -1.2015527e-05  
2.3330484e-06  -0.00023446656  -0.00018985924  5.9303499e-06  3.7510419e-06  0.00010678432  -7.1876191e-06  -5.5488464e-05  0.00088891349  0.0000000   3.5762919e-06  2.3330484e-06  -0.00023446656  -0.00018985924  5.9303499e-06  3.7510419e-06  0.00010678432  -7.1876191e-06  -5.5488464e-05  0.00088891349  0.0000000   3.5762919e-06  
-4.0813430e-05  6.9216600e-06  -2.0894049e-06  0.00012089034  2.5332259e-05  2.0442598e-07  0.00019554154  -1.5919043e-05  1.2015527e-05  -3.5762919e-06  0.0000000   -4.0813430e-05  6.9216600e-06  -2.0894049e-06  0.00012089034  2.5332259e-05  2.0442598e-07  0.00019554154  -1.5919043e-05  1.2015527e-05  -3.5762919e-06  0.0000000   
0.0000000   1.8552726e-05  3.6512520e-05  0.00015944743  -3.2835523e-07  -1.0033193e-06  -9.2003734e-05  1.6566842e-07  -5.1178993e-06  -2.3330484e-06  4.0813430e-05  0.0000000   1.8552726e-05  3.6512520e-05  0.00015944743  -3.2835523e-07  -1.0033193e-06  -9.2003734e-05  1.6566842e-07  -5.1178993e-06  -2.3330484e-06  4.0813430e-05  
-1.8552726e-05  0.0000000   -0.0019925631  -2.8710914e-06  -1.1965022e-05  9.6843604e-05  -2.2799836e-06  0.00013719792  8.5276126e-05  0.00023446656  -6.9216600e-06  -1.8552726e-05  0.0000000   -0.0019925631  -2.8710914e-06  -1.1965022e-05  9.6843604e-05  -2.2799836e-06  0.00013719792  8.5276126e-05  0.00023446656  -6.9216600e-06  
-3.6512520e-05  0.0019925631  0.0000000   -1.5715720e-05  7.0847071e-07  7.0065981e-05  -2.1705058e-06  -6.8682070e-05  -4.4077426e-06  0.00018985924  2.0894049e-06  -3.6512520e-05  0.0019925631  0.0000000   -1.5715720e-05  7.0847071e-07  7.0065981e-05  -2.1705058e-06  -6.8682070e-05  -4.4077426e-06  0.00018985924  2.0894049e-06  
-0.00015944743  2.8710914e-06  1.5715720e-05  0.0000000   -0.00037259160  8.1842897e-07  -0.00011835800  -6.5513346e-06  -1.4129774e-06  -5.9303499e-06  -0.00012089034  -0.00015944743  2.8710914e-06  1.5715720e-05  0.0000000   -0.00037259160  8.1842897e-07  -0.00011835800  -6.5513346e-06  -1.4129774e-06  -5.9303499e-06  -0.00012089034  
3.2835523e-07  1.1965022e-05  -7.0847071e-07  0.00037259160  0.0000000   5.7769968e-07  0.00032547507  -9.8749053e-06  -6.4380894e-06  -3.7510419e-06  -2.5332259e-05  3.2835523e-07  1.1965022e-05  -7.0847071e-07  0.00037259160  0.0000000   5.7769968e-07  0.00032547507  -9.8749053e-06  -6.4380894e-06  -3.7510419e-06  -2.5332259e-05  
1.0033193e-06  -9.6843604e-05  -7.0065981e-05  -8.1842897e-07  -5.7769968e-07  0.0000000   2.6763184e-06  0.00010124677  -9.7801682e-05  -0.00010678432  -2.0442598e-07  1.0033193e-06  -9.6843604e-05  -7.0065981e-05  -8.1842897e-07  -5.7769968e-07  0.0000000   2.6763184e-06  0.00010124677  -9.7801682e-05  -0.00010678432  -2.0442598e-07  
9.2003734e-05  2.2799836e-06  2.1705058e-06  0.00011835800  -0.00032547507  -2.6763184e-06  0.0000000   7.2794071e-06  2.2705797e-05  7.1876191e-06  -0.00019554154  9.2003734e-05  2.2799836e-06  2.1705058e-06  0.00011835800  -0.00032547507  -2.6763184e-06  0.0000000   7.2794071e-06  2.2705797e-05  7.1876191e-06  -0.00019554154  
-1.6566842e-07  -0.00013719792  6.8682070e-05  6.5513346e-06  9.8749053e-06  -0.00010124677  -7.2794071e-06  0.0000000   0.0011610223  5.5488464e-05  1.5919043e-05  -1.6566842e-07  -0.00013719792  6.8682070e-05  6.5513346e-06  9.8749053e-06  -0.00010124677  -7.2794071e-06  0.0000000   0.0011610223  5.5488464e-05  1.5919043e-05  
5.1178993e-06  -8.5276126e-05  4.4077426e-06  1.4129774e-06  6.4380894e-06  9.7801682e-05  -2.2705797e-05  -0.0011610223  0.0000000   -0.00088891349  -1.2015527e-05  5.1178993e-06  -8.5276126e-05  4.4077426e-06  1.4129774e-06  6.4380894e-06  9.7801682e-05  -2.2705797e-05  -0.0011610223  0.0000000   -0.00088891349  -1.2015527e-05  
2.3330484e-06  -0.00023446656  -0.00018985924  5.9303499e-06  3.7510419e-06  0.00010678432  -7.1876191e-06  -5.5488464e-05  0.00088891349  0.0000000   3.5762919e-06  2.3330484e-06  -0.00023446656  -0.00018985924  5.9303499e-06  3.7510419e-06  0.00010678432  -7.1876191e-06  -5.5488464e-05  0.00088891349  0.0000000   3.5762919e-06  
-4.0813430e-05  6.9216600e-06  -2.0894049e-06  0.00012089034  2.5332259e-05  2.0442598e-07  0.00019554154  -1.5919043e-05  1.2015527e-05  -3.5762919e-06  0.0000000   -4.0813430e-05  6.9216600e-06  -2.0894049e-06  0.00012089034  2.5332259e-05  2.0442598e-07  0.00019554154  -1.5919043e-05  1.2015527e-05  -3.5762919e-06  0.0000000   
