0.0000000   -2.5357004e-06  1.6023649e-07  3.4477106e-05  5.0138936e-05  3.7540217e-07  -3.7368924e-05  1.1584601e-05  -1.7751743e-07  3.7395056e-05  -1.6071293e-05  0.0000000   -2.5357004e-06  1.6023649e-07  3.4477106e-05  5.0138936e-05  3.7540217e-07  -3.7368924e-05  1.1584601e-05  -1.7751743e-07  3.7395056e-05  -1.6071293e-05  
2.5357004e-06  0.0000000   7.0067185e-06  1.6013250e-05  2.3116680e-06  8.9414138e-05  1.8568995e-06  2.9590517e-07  4.1252708e-05  9.5674586e-07  6.8455993e-07  2.5357004e-06  0.0000000   7.0067185e-06  1.6013250e-05  2.3116680e-06  8.9414138e-05  1.8568995e-06  2.9590517e-07  4.1252708e-05  9.5674586e-07  6.8455993e-07  
-1.6023649e-07  -7.0067185e-06  0.0000000   -6.2491375e-05  -0.00010261873  0.00013457805  5.4471270e-06  -1.6077651e-06  -4.9477368e-05  -1.0556583e-06  6.8714746e-07  -1.6023649e-07  -7.0067185e-06  0.0000000   -6.2491375e-05  -0.00010261873  0.00013457805  5.4471270e-06  -1.6077651e-06  -4.9477368e-05  -1.0556583e-06  6.8714746e-07  
-3.4477106e-05  -1.6013250e-05  6.2491375e-05  0.0000000   0.0033952776  3.0720549e-05  -9.4672942e-05  1.6863917e-06  4.2011480e-07  -0.00014004350  -8.5451929e-05  -3.4477106e-05  -1.6013250e-05  6.2491375e-05  0.0000000   0.0033952776  3.0720549e-05  -9.4672942e-05  1.6863917e-06  4.2011480e-07  -0.00014004350  -8.5451929e-05  
-5.0138936e-05  -2.3116680e-06  0.00010261873  -0.0033952776  0.0000000   -1.5686927e-05  9.6299711e-05  -7.8215886e-05  1.0951168e-05  -0.00027289726  -0.00012484083  -5.0138936e-05  -2.3116680e-06  0.00010261873  -0.0033952776  0.0000000   -1.5686927e-05  9.6299711e-05  -7.8215886e-05  1.0951168e-05  -0.00027289726  -0.00012484083  
-3.7540217e-07  -8.9414138e-05  -0.00013457805  -3.0720549e-05  1.5686927e-05  0.0000000   7.3687451e-07  1.3588904e-06  2.9494741e-05  -3.6872392e-06  -1.3264280e-06  -3.7540217e-07  -8.9414138e-05  -0.00013457805  -3.0720549e-05  1.5686927e-05  0.0000000   7.3687451e-07  1.3588904e-06  2.9494741e-05  -3.6872392e-06  -1.3264280e-06  
3.7368924e-05  -1.8568995e-06  -5.4471270e-06  9.4672942e-05  -9.6299711e-05  -7.3687451e-07  0.0000000   -0.00032316412  8.8652674e-08  -1.0044663e-05  -5.2031290e-06  3.7368924e-05  -1.8568995e-06  -5.4471270e-06  9.4672942e-05  -9.6299711e-05  -7.3687451e-07  0.0000000   -0.00032316412  8.8652674e-08  -1.0044663e-05  -5.2031290e-06  
-1.1584601e-05  -2.9590517e-07  1.6077651e-06  -1.6863917e-06  7.8215886e-05  -1.3588904e-06  0.00032316412  0.0000000   1.7494378e-06  -1.3073011e-05  -3.6013853e-05  -1.1584601e-05  -2.9590517e-07  1.6077651e-06  -1.6863917e-06  7.8215886e-05  -1.3588904e-06  0.00032316412  0.0000000   1.7494378e-06  -1.3073011e-05  -3.6013853e-05  
1.7751743e-07  -4.1252708e-05  4.9477368e-05  -4.2011480e-07  -1.0951168e-05  -2.9494741e-05  -8.8652674e-08  -1.7494378e-06  0.0000000   -4.5904977e-07  -5.7081415e-07  1.7751743e-07  -4.1252708e-05  4.9477368e-05  -4.2011480e-07  -1.0951168e-05  -2.9494741e-05  -8.8652674e-08  -1.7494378e-06  0.0000000   -4.5904977e-07  -5.7081415e-07  
-3.7395056e-05  -9.5674586e-07  1.0556583e-06  0.00014004350  0.00027289726  3.6872392e-06  1.0044663e-05  1.3073011e-05  4.5904977e-07  0.0000000   -0.00021492043  -3.7395056e-05  -9.5674586e-07  1.0556583e-06  0.00014004350  0.00027289726  3.6872392e-06  1.0044663e-05  1.3073011e-05  4.5904977e-07  0.0000000   -0.00021492043  
1.6071293e-05  -6.8455993e-07  -6.8714746e-07  8.5451929e-05  0.00012484083  1.3264280e-06  5.2031290e-06  3.6013853e-05  5.7081415e-07  0.00021492043  0.0000000   1.6071293e-05  -6.8455993e-07  -6.8714746e-07  8.5451929e-05  0.00012484083  1.3264280e-06  5.2031290e-06  3.6013853e-05  5.7081415e-07  0.00021492043  0.0000000   
0.0000000   -2.5357004e-06  1.6023649e-07  3.4477106e-05  5.0138936e-05  3.7540217e-07  -3.7368924e-05  1.1584601e-05  -1.7751743e-07  3.7395056e-05  -1.6071293e-05  0.0000000   -2.5357004e-06  1.6023649e-07  3.4477106e-05  5.0138936e-05  3.7540217e-07  -3.7368924e-05  1.1584601e-05  -1.7751743e-07  3.7395056e-05  -1.6071293e-05  
2.5357004e-06  0.0000000   7.0067185e-06  1.6013250e-05  2.3116680e-06  8.9414138e-05  1.8568995e-06  2.9590517e-07  4.1252708e-05  9.5674586e-07  6.8455993e-07  2.5357004e-06  0.0000000   7.0067185e-06  1.6013250e-05  2.3116680e-06  8.9414138e-05  1.8568995e-06  2.9590517e-07  4.1252708e-05  9.5674586e-07  6.8455993e-07  
-1.6023649e-07  -7.0067185e-06  0.0000000   -6.2491375e-05  -0.00010261873  0.00013457805  5.4471270e-06  -1.6077651e-06  -4.9477368e-05  -1.0556583e-06  6.8714746e-07  -1.6023649e-07  -7.0067185e-06  0.0000000   -6.2491375e-05  -0.00010261873  0.00013457805  5.4471270e-06  -1.6077651e-06  -4.9477368e-05  -1.0556583e-06  6.8714746e-07  
-3.4477106e-05  -1.6013250e-05  6.2491375e-05  0.0000000   0.0033952776  3.0720549e-05  -9.4672942e-05  1.6863917e-06  4.2011480e-07  -0.00014004350  -8.5451929e-05  -3.4477106e-05  -1.6013250e-05  6.2491375e-05  0.0000000   0.0033952776  3.0720549e-05  -9.4672942e-05  1.6863917e-06  4.2011480e-07  -0.00014004350  -8.5451929e-05  
-5.0138936e-05  -2.3116680e-06  0.00010261873  -0.0033952776  0.0000000   -1.5686927e-05  9.6299711e-05  -7.8215886e-05  1.0951168e-05  -0.00027289726  -0.00012484083  -5.0138936e-05  -2.3116680e-06  0.00010261873  -0.0033952776  0.0000000   -1.5686927e-05  9.6299711e-05  -7.8215886e-05  1.0951168e-05  -0.00027289726  -0.00012484083  
-3.7540217e-07  -8.9414138e-05  -0.00013457805  -3.0720549e-05  1.5686927e-05  0.0000000   7.3687451e-07  1.3588904e-06  2.9494741e-05  -3.6872392e-06  -1.3264280e-06  -3.7540217e-07  -8.9414138e-05  -0.00013457805  -3.0720549e-05  1.5686927e-05  0.0000000   7.3687451e-07  1.3588904e-06  2.9494741e-05  -3.6872392e-06  -1.3264280e-06  
3.7368924e-05  -1.8568995e-06  -5.4471270e-06  9.4672942e-05  -9.6299711e-05  -7.3687451e-07  0.0000000   -0.00032316412  8.8652674e-08  -1.0044663e-05  -5.2031290e-06  3.7368924e-05  -1.8568995e-06  -5.4471270e-06  9.4672942e-05  -9.6299711e-05  -7.3687451e-07  0.0000000   -0.00032316412  8.8652674e-08  -1.0044663e-05  -5.2031290e-06  
-1.1584601e-05  -2.9590517e-07  1.6077651e-06  -1.6863917e-06  7.8215886e-05  -1.3588904e-06  0.00032316412  0.0000000   1.7494378e-06  -1.3073011e-05  -3.6013853e-05  -1.1584601e-05  -2.9590517e-07  1.6077651e-06  -1.6863917e-06  7.8215886e-05  -1.3588904e-06  0.00032316412  0.0000000   1.7494378e-06  -1.3073011e-05  -3.6013853e-05  
1.7751743e-07  -4.1252708e-05  4.9477368e-05  -4.2011480e-07  -1.0951168e-05  -2.9494741e-05  -8.8652674e-08  -1.7494378e-06  0.0000000   -4.5904977e-07  -5.7081415e-07  1.7751743e-07  -4.1252708e-05  4.9477368e-05  -4.2011480e-07  -1.0951168e-05  -2.9494741e-05  -8.8652674e-08  -1.7494378e-06  0.0000000   -4.5904977e-07  -5.7081415e-07  
-3.7395056e-05  -9.5674586e-07  1.0556583e-06  0.00014004350  0.00027289726  3.6872392e-06  1.0044663e-05  1.3073011e-05  4.5904977e-07  0.0000000   -0.00021492043  -3.7395056e-05  -9.5674586e-07  1.0556583e-06  0.00014004350  0.00027289726  3.6872392e-06  1.0044663e-05  1.3073011e-05  4.5904977e-07  0.0000000   -0.00021492043  
1.6071293e-05  -6.8455993e-07  -6.8714746e-07  8.5451929e-05  0.00012484083  1.3264280e-06  5.2031290e-06  3.6013853e-05  5.7081415e-07  0.00021492043  0.0000000   1.6071293e-05  -6.8455993e-07  -6.8714746e-07  8.5451929e-05  0.00012484083  1.3264280e-06  5.2031290e-06  3.6013853e-05  5.7081415e-07  0.00021492043  0.0000000   
