0.0000000   -5.3309500e-05  -0.00031436180  -0.00013441583  1.1929605e-05  1.3776846e-05  1.0591206e-06  -2.0821278e-05  6.9068155e-06  2.0402289e-06  -2.9954473e-05  0.0000000   -5.3309500e-05  -0.00031436180  -0.00013441583  1.1929605e-05  1.3776846e-05  1.0591206e-06  -2.0821278e-05  6.9068155e-06  2.0402289e-06  -2.9954473e-05  
5.3309500e-05  0.0000000   0.0034940014  -0.00018072314  9.6349550e-05  0.00014622142  -1.5335635e-05  9.3349560e-05  -2.1440701e-05  -1.6108697e-05  -2.3821616e-05  5.3309500e-05  0.0000000   0.0034940014  -0.00018072314  9.6349550e-05  0.00014622142  -1.5335635e-05  9.3349560e-05  -2.1440701e-05  -1.6108697e-05  -2.3821616e-05  
0.00031436180  -0.0034940014  0.0000000   0.0023405735  7.3470639e-06  -5.8274915e-05  -6.7120187e-06  0.00022981310  6.7790472e-06  -2.8653781e-05  0.00023462910  0.00031436180  -0.0034940014  0.0000000   0.0023405735  7.3470639e-06  -5.8274915e-05  -6.7120187e-06  0.00022981310  6.7790472e-06  -2.8653781e-05  0.00023462910  
0.00013441583  0.00018072314  -0.0023405735  0.0000000   0.00020881252  9.2827644e-05  2.7106414e-06  -6.9317370e-06  2.1318050e-06  -9.7484350e-06  0.00017011611  0.00013441583  0.00018072314  -0.0023405735  0.0000000   0.00020881252  9.2827644e-05  2.7106414e-06  -6.9317370e-06  2.1318050e-06  -9.7484350e-06  0.00017011611  
-1.1929605e-05  -9.6349550e-05  -7.3470639e-06  -0.00020881252  0.0000000   -2.9440180e-05  1.2694734e-05  -0.00038463045  9.3467665e-07  -6.1945719e-06  -1.1428721e-05  -1.1929605e-05  -9.6349550e-05  -7.3470639e-06  -0.00020881252  0.0000000   -2.9440180e-05  1.2694734e-05  -0.00038463045  9.3467665e-07  -6.1945719e-06  -1.1428721e-05  
-1.3776846e-05  -0.00014622142  5.8274915e-05  -9.2827644e-05  2.9440180e-05  0.0000000   -2.2175279e-06  9.2084119e-05  6.1834959e-06  3.0309325e-06  -4.2235929e-05  -1.3776846e-05  -0.00014622142  5.8274915e-05  -9.2827644e-05  2.9440180e-05  0.0000000   -2.2175279e-06  9.2084119e-05  6.1834959e-06  3.0309325e-06  -4.2235929e-05  
-1.0591206e-06  1.5335635e-05  6.7120187e-06  -2.7106414e-06  -1.2694734e-05  2.2175279e-06  0.0000000   -4.4012097e-06  0.00031902931  4.3483511e-05  1.1961864e-05  -1.0591206e-06  1.5335635e-05  6.7120187e-06  -2.7106414e-06  -1.2694734e-05  2.2175279e-06  0.0000000   -4.4012097e-06  0.00031902931  4.3483511e-05  1.1961864e-05  
2.0821278e-05  -9.3349560e-05  -0.00022981310  6.9317370e-06  0.00038463045  -9.2084119e-05  4.4012097e-06  0.0000000   1.2943958e-05  1.6228168e-05  -0.00034790913  2.0821278e-05  -9.3349560e-05  -0.00022981310  6.9317370e-06  0.00038463045  -9.2084119e-05  4.4012097e-06  0.0000000   1.2943958e-05  1.6228168e-05  -0.00034790913  
-6.9068155e-06  2.1440701e-05  -6.7790472e-06  -2.1318050e-06  -9.3467665e-07  -6.1834959e-06  -0.00031902931  -1.2943958e-05  0.0000000   -0.0023778944  -1.2049308e-05  -6.9068155e-06  2.1440701e-05  -6.7790472e-06  -2.1318050e-06  -9.3467665e-07  -6.1834959e-06  -0.00031902931  -1.2943958e-05  0.0000000   -0.0023778944  -1.2049308e-05  
-2.0402289e-06  1.6108697e-05  2.8653781e-05  9.7484350e-06  6.1945719e-06  -3.0309325e-06  -4.3483511e-05  -1.6228168e-05  0.0023778944  0.0000000   2.4005929e-05  -2.0402289e-06  1.6108697e-05  2.8653781e-05  9.7484350e-06  6.1945719e-06  -3.0309325e-06  -4.3483511e-05  -1.6228168e-05  0.0023778944  0.0000000   2.4005929e-05  
2.9954473e-05  2.3821616e-05  -0.00023462910  -0.00017011611  1.1428721e-05  4.2235929e-05  -1.1961864e-05  0.00034790913  1.2049308e-05  -2.4005929e-05  0.0000000   2.9954473e-05  2.3821616e-05  -0.00023462910  -0.00017011611  1.1428721e-05  4.2235929e-05  -1.1961864e-05  0.00034790913  1.2049308e-05  -2.4005929e-05  0.0000000   
0.0000000   -5.3309500e-05  -0.00031436180  -0.00013441583  1.1929605e-05  1.3776846e-05  1.0591206e-06  -2.0821278e-05  6.9068155e-06  2.0402289e-06  -2.9954473e-05  0.0000000   -5.3309500e-05  -0.00031436180  -0.00013441583  1.1929605e-05  1.3776846e-05  1.0591206e-06  -2.0821278e-05  6.9068155e-06  2.0402289e-06  -2.9954473e-05  
5.3309500e-05  0.0000000   0.0034940014  -0.00018072314  9.6349550e-05  0.00014622142  -1.5335635e-05  9.3349560e-05  -2.1440701e-05  -1.6108697e-05  -2.3821616e-05  5.3309500e-05  0.0000000   0.0034940014  -0.00018072314  9.6349550e-05  0.00014622142  -1.5335635e-05  9.3349560e-05  -2.1440701e-05  -1.6108697e-05  -2.3821616e-05  
0.00031436180  -0.0034940014  0.0000000   0.0023405735  7.3470639e-06  -5.8274915e-05  -6.7120187e-06  0.00022981310  6.7790472e-06  -2.8653781e-05  0.00023462910  0.00031436180  -0.0034940014  0.0000000   0.0023405735  7.3470639e-06  -5.8274915e-05  -6.7120187e-06  0.00022981310  6.7790472e-06  -2.8653781e-05  0.00023462910  
0.00013441583  0.00018072314  -0.0023405735  0.0000000   0.00020881252  9.2827644e-05  2.7106414e-06  -6.9317370e-06  2.1318050e-06  -9.7484350e-06  0.00017011611  0.00013441583  0.00018072314  -0.0023405735  0.0000000   0.00020881252  9.2827644e-05  2.7106414e-06  -6.9317370e-06  2.1318050e-06  -9.7484350e-06  0.00017011611  
-1.1929605e-05  -9.6349550e-05  -7.3470639e-06  -0.00020881252  0.0000000   -2.9440180e-05  1.2694734e-05  -0.00038463045  9.3467665e-07  -6.1945719e-06  -1.1428721e-05  -1.1929605e-05  -9.6349550e-05  -7.3470639e-06  -0.00020881252  0.0000000   -2.9440180e-05  1.2694734e-05  -0.00038463045  9.3467665e-07  -6.1945719e-06  -1.1428721e-05  
-1.3776846e-05  -0.00014622142  5.8274915e-05  -9.2827644e-05  2.9440180e-05  0.0000000   -2.2175279e-06  9.2084119e-05  6.1834959e-06  3.0309325e-06  -4.2235929e-05  -1.3776846e-05  -0.00014622142  5.8274915e-05  -9.2827644e-05  2.9440180e-05  0.0000000   -2.2175279e-06  9.2084119e-05  6.1834959e-06  3.0309325e-06  -4.2235929e-05  
-1.0591206e-06  1.5335635e-05  6.7120187e-06  -2.7106414e-06  -1.2694734e-05  2.2175279e-06  0.0000000   -4.4012097e-06  0.00031902931  4.3483511e-05  1.1961864e-05  -1.0591206e-06  1.5335635e-05  6.7120187e-06  -2.7106414e-06  -1.2694734e-05  2.2175279e-06  0.0000000   -4.4012097e-06  0.00031902931  4.3483511e-05  1.1961864e-05  
2.0821278e-05  -9.3349560e-05  -0.00022981310  6.9317370e-06  0.00038463045  -9.2084119e-05  4.4012097e-06  0.0000000   1.2943958e-05  1.6228168e-05  -0.00034790913  2.0821278e-05  -9.3349560e-05  -0.00022981310  6.9317370e-06  0.00038463045  -9.2084119e-05  4.4012097e-06  0.0000000   1.2943958e-05  1.6228168e-05  -0.00034790913  
-6.9068155e-06  2.1440701e-05  -6.7790472e-06  -2.1318050e-06  -9.3467665e-07  -6.1834959e-06  -0.00031902931  -1.2943958e-05  0.0000000   -0.0023778944  -1.2049308e-05  -6.9068155e-06  2.1440701e-05  -6.7790472e-06  -2.1318050e-06  -9.3467665e-07  -6.1834959e-06  -0.00031902931  -1.2943958e-05  0.0000000   -0.0023778944  -1.2049308e-05  
-2.0402289e-06  1.6108697e-05  2.8653781e-05  9.7484350e-06  6.1945719e-06  -3.0309325e-06  -4.3483511e-05  -1.6228168e-05  0.0023778944  0.0000000   2.4005929e-05  -2.0402289e-06  1.6108697e-05  2.8653781e-05  9.7484350e-06  6.1945719e-06  -3.0309325e-06  -4.3483511e-05  -1.6228168e-05  0.0023778944  0.0000000   2.4005929e-05  
2.9954473e-05  2.3821616e-05  -0.00023462910  -0.00017011611  1.1428721e-05  4.2235929e-05  -1.1961864e-05  0.00034790913  1.2049308e-05  -2.4005929e-05  0.0000000   2.9954473e-05  2.3821616e-05  -0.00023462910  -0.00017011611  1.1428721e-05  4.2235929e-05  -1.1961864e-05  0.00034790913  1.2049308e-05  -2.4005929e-05  0.0000000   
