0.0000000   0.00014021319  8.5626562e-06  1.5657563e-05  6.3948169e-07  -9.9914570e-06  0.00013043129  -3.1133179e-06  5.5095654e-06  -9.0612067e-05  3.3451810e-05  0.0000000   0.00014021319  8.5626562e-06  1.5657563e-05  6.3948169e-07  -9.9914570e-06  0.00013043129  -3.1133179e-06  5.5095654e-06  -9.0612067e-05  3.3451810e-05  
-0.00014021319  0.0000000   3.8139874e-06  -0.00015312629  -3.5039015e-06  -0.00014230867  -5.8549885e-05  -1.8358112e-05  -1.9547594e-05  0.00028804340  -1.5152909e-05  -0.00014021319  0.0000000   3.8139874e-06  -0.00015312629  -3.5039015e-06  -0.00014230867  -5.8549885e-05  -1.8358112e-05  -1.9547594e-05  0.00028804340  -1.5152909e-05  
-8.5626562e-06  -3.8139874e-06  0.0000000   0.0017603956  3.5690765e-05  -8.4914498e-06  3.0482891e-06  0.00020569159  0.00011730963  2.9359421e-05  4.4685399e-06  -8.5626562e-06  -3.8139874e-06  0.0000000   0.0017603956  3.5690765e-05  -8.4914498e-06  3.0482891e-06  0.00020569159  0.00011730963  2.9359421e-05  4.4685399e-06  
-1.5657563e-05  0.00015312629  -0.0017603956  0.0000000   0.00024160425  3.0485369e-06  -2.3647363e-07  -4.7840160e-05  0.00025512087  7.2350044e-06  -1.0994452e-05  -1.5657563e-05  0.00015312629  -0.0017603956  0.0000000   0.00024160425  3.0485369e-06  -2.3647363e-07  -4.7840160e-05  0.00025512087  7.2350044e-06  -1.0994452e-05  
-6.3948169e-07  3.5039015e-06  -3.5690765e-05  -0.00024160425  0.0000000   8.0085717e-07  -1.1835360e-05  -0.00036629900  9.0795928e-05  5.3716865e-06  -9.8517746e-07  -6.3948169e-07  3.5039015e-06  -3.5690765e-05  -0.00024160425  0.0000000   8.0085717e-07  -1.1835360e-05  -0.00036629900  9.0795928e-05  5.3716865e-06  -9.8517746e-07  
9.9914570e-06  0.00014230867  8.4914498e-06  -3.0485369e-06  -8.0085717e-07  0.0000000   -8.3598451e-06  1.3496694e-06  6.3337290e-06  -0.00010461252  4.3550452e-05  9.9914570e-06  0.00014230867  8.4914498e-06  -3.0485369e-06  -8.0085717e-07  0.0000000   -8.3598451e-06  1.3496694e-06  6.3337290e-06  -0.00010461252  4.3550452e-05  
-0.00013043129  5.8549885e-05  -3.0482891e-06  2.3647363e-07  1.1835360e-05  8.3598451e-06  0.0000000   3.8882182e-06  -1.6272618e-06  6.3895439e-07  0.00039814644  -0.00013043129  5.8549885e-05  -3.0482891e-06  2.3647363e-07  1.1835360e-05  8.3598451e-06  0.0000000   3.8882182e-06  -1.6272618e-06  6.3895439e-07  0.00039814644  
3.1133179e-06  1.8358112e-05  -0.00020569159  4.7840160e-05  0.00036629900  -1.3496694e-06  -3.8882182e-06  0.0000000   -0.00032156366  -1.1022854e-05  -1.2006050e-05  3.1133179e-06  1.8358112e-05  -0.00020569159  4.7840160e-05  0.00036629900  -1.3496694e-06  -3.8882182e-06  0.0000000   -0.00032156366  -1.1022854e-05  -1.2006050e-05  
-5.5095654e-06  1.9547594e-05  -0.00011730963  -0.00025512087  -9.0795928e-05  -6.3337290e-06  1.6272618e-06  0.00032156366  0.0000000   -7.0325962e-07  -1.1198935e-05  -5.5095654e-06  1.9547594e-05  -0.00011730963  -0.00025512087  -9.0795928e-05  -6.3337290e-06  1.6272618e-06  0.00032156366  0.0000000   -7.0325962e-07  -1.1198935e-05  
9.0612067e-05  -0.00028804340  -2.9359421e-05  -7.2350044e-06  -5.3716865e-06  0.00010461252  -6.3895439e-07  1.1022854e-05  7.0325962e-07  0.0000000   1.9792936e-05  9.0612067e-05  -0.00028804340  -2.9359421e-05  -7.2350044e-06  -5.3716865e-06  0.00010461252  -6.3895439e-07  1.1022854e-05  7.0325962e-07  0.0000000   1.9792936e-05  
-3.3451810e-05  1.5152909e-05  -4.4685399e-06  1.0994452e-05  9.8517746e-07  -4.3550452e-05  -0.00039814644  1.2006050e-05  1.1198935e-05  -1.9792936e-05  0.0000000   -3.3451810e-05  1.5152909e-05  -4.4685399e-06  1.0994452e-05  9.8517746e-07  -4.3550452e-05  -0.00039814644  1.2006050e-05  1.1198935e-05  -1.9792936e-05  0.0000000   
0.0000000   0.00014021319  8.5626562e-06  1.5657563e-05  6.3948169e-07  -9.9914570e-06  0.00013043129  -3.1133179e-06  5.5095654e-06  -9.0612067e-05  3.3451810e-05  0.0000000   0.00014021319  8.5626562e-06  1.5657563e-05  6.3948169e-07  -9.9914570e-06  0.00013043129  -3.1133179e-06  5.5095654e-06  -9.0612067e-05  3.3451810e-05  
-0.00014021319  0.0000000   3.8139874e-06  -0.00015312629  -3.5039015e-06  -0.00014230867  -5.8549885e-05  -1.8358112e-05  -1.9547594e-05  0.00028804340  -1.5152909e-05  -0.00014021319  0.0000000   3.8139874e-06  -0.00015312629  -3.5039015e-06  -0.00014230867  -5.8549885e-05  -1.8358112e-05  -1.9547594e-05  0.00028804340  -1.5152909e-05  
-8.5626562e-06  -3.8139874e-06  0.0000000   0.0017603956  3.5690765e-05  -8.4914498e-06  3.0482891e-06  0.00020569159  0.00011730963  2.9359421e-05  4.4685399e-06  -8.5626562e-06  -3.8139874e-06  0.0000000   0.0017603956  3.5690765e-05  -8.4914498e-06  3.0482891e-06  0.00020569159  0.00011730963  2.9359421e-05  4.4685399e-06  
-1.5657563e-05  0.00015312629  -0.0017603956  0.0000000   0.00024160425  3.0485369e-06  -2.3647363e-07  -4.7840160e-05  0.00025512087  7.2350044e-06  -1.0994452e-05  -1.5657563e-05  0.00015312629  -0.0017603956  0.0000000   0.00024160425  3.0485369e-06  -2.3647363e-07  -4.7840160e-05  0.00025512087  7.2350044e-06  -1.0994452e-05  
-6.3948169e-07  3.5039015e-06  -3.5690765e-05  -0.00024160425  0.0000000   8.0085717e-07  -1.1835360e-05  -0.00036629900  9.0795928e-05  5.3716865e-06  -9.8517746e-07  -6.3948169e-07  3.5039015e-06  -3.5690765e-05  -0.00024160425  0.0000000   8.0085717e-07  -1.1835360e-05  -0.00036629900  9.0795928e-05  5.3716865e-06  -9.8517746e-07  
9.9914570e-06  0.00014230867  8.4914498e-06  -3.0485369e-06  -8.0085717e-07  0.0000000   -8.3598451e-06  1.3496694e-06  6.3337290e-06  -0.00010461252  4.3550452e-05  9.9914570e-06  0.00014230867  8.4914498e-06  -3.0485369e-06  -8.0085717e-07  0.0000000   -8.3598451e-06  1.3496694e-06  6.3337290e-06  -0.00010461252  4.3550452e-05  
-0.00013043129  5.8549885e-05  -3.0482891e-06  2.3647363e-07  1.1835360e-05  8.3598451e-06  0.0000000   3.8882182e-06  -1.6272618e-06  6.3895439e-07  0.00039814644  -0.00013043129  5.8549885e-05  -3.0482891e-06  2.3647363e-07  1.1835360e-05  8.3598451e-06  0.0000000   3.8882182e-06  -1.6272618e-06  6.3895439e-07  0.00039814644  
3.1133179e-06  1.8358112e-05  -0.00020569159  4.7840160e-05  0.00036629900  -1.3496694e-06  -3.8882182e-06  0.0000000   -0.00032156366  -1.1022854e-05  -1.2006050e-05  3.1133179e-06  1.8358112e-05  -0.00020569159  4.7840160e-05  0.00036629900  -1.3496694e-06  -3.8882182e-06  0.0000000   -0.00032156366  -1.1022854e-05  -1.2006050e-05  
-5.5095654e-06  1.9547594e-05  -0.00011730963  -0.00025512087  -9.0795928e-05  -6.3337290e-06  1.6272618e-06  0.00032156366  0.0000000   -7.0325962e-07  -1.1198935e-05  -5.5095654e-06  1.9547594e-05  -0.00011730963  -0.00025512087  -9.0795928e-05  -6.3337290e-06  1.6272618e-06  0.00032156366  0.0000000   -7.0325962e-07  -1.1198935e-05  
9.0612067e-05  -0.00028804340  -2.9359421e-05  -7.2350044e-06  -5.3716865e-06  0.00010461252  -6.3895439e-07  1.1022854e-05  7.0325962e-07  0.0000000   1.9792936e-05  9.0612067e-05  -0.00028804340  -2.9359421e-05  -7.2350044e-06  -5.3716865e-06  0.00010461252  -6.3895439e-07  1.1022854e-05  7.0325962e-07  0.0000000   1.9792936e-05  
-3.3451810e-05  1.5152909e-05  -4.4685399e-06  1.0994452e-05  9.8517746e-07  -4.3550452e-05  -0.00039814644  1.2006050e-05  1.1198935e-05  -1.9792936e-05  0.0000000   -3.3451810e-05  1.5152909e-05  -4.4685399e-06  1.0994452e-05  9.8517746e-07  -4.3550452e-05  -0.00039814644  1.2006050e-05  1.1198935e-05  -1.9792936e-05  0.0000000   
