0.0000000   7.7787408e-07  7.3482501e-05  0.00014585752  2.1654700e-05  -1.7465423e-06  -8.3124597e-05  -9.3231375e-06  2.2491223e-07  1.7827101e-05  1.7797021e-07  0.0000000   7.7787408e-07  7.3482501e-05  0.00014585752  2.1654700e-05  -1.7465423e-06  -8.3124597e-05  -9.3231375e-06  2.2491223e-07  1.7827101e-05  1.7797021e-07  
-7.7787408e-07  0.0000000   1.9726474e-06  6.0852099e-07  8.8854145e-07  6.2142886e-05  -3.2796880e-07  -1.1811514e-06  -2.3925370e-05  3.6892864e-07  -4.9598064e-05  -7.7787408e-07  0.0000000   1.9726474e-06  6.0852099e-07  8.8854145e-07  6.2142886e-05  -3.2796880e-07  -1.1811514e-06  -2.3925370e-05  3.6892864e-07  -4.9598064e-05  
-7.3482501e-05  -1.9726474e-06  0.0000000   -0.00033289634  0.00028477366  1.1529774e-07  -6.9166356e-05  5.6515194e-05  3.6637497e-07  2.2274035e-06  -7.4127552e-08  -7.3482501e-05  -1.9726474e-06  0.0000000   -0.00033289634  0.00028477366  1.1529774e-07  -6.9166356e-05  5.6515194e-05  3.6637497e-07  2.2274035e-06  -7.4127552e-08  
-0.00014585752  -6.0852099e-07  0.00033289634  0.0000000   0.00048187900  -1.0217816e-06  -9.9753619e-05  2.7777962e-05  -6.9014193e-07  7.4722756e-05  4.8073764e-07  -0.00014585752  -6.0852099e-07  0.00033289634  0.0000000   0.00048187900  -1.0217816e-06  -9.9753619e-05  2.7777962e-05  -6.9014193e-07  7.4722756e-05  4.8073764e-07  
-2.1654700e-05  -8.8854145e-07  -0.00028477366  -0.00048187900  0.0000000   2.0059023e-07  -7.5775739e-05  -8.3862195e-05  -1.9256412e-06  1.7766786e-05  -4.2403743e-08  -2.1654700e-05  -8.8854145e-07  -0.00028477366  -0.00048187900  0.0000000   2.0059023e-07  -7.5775739e-05  -8.3862195e-05  -1.9256412e-06  1.7766786e-05  -4.2403743e-08  
1.7465423e-06  -6.2142886e-05  -1.1529774e-07  1.0217816e-06  -2.0059023e-07  0.0000000   2.3144546e-06  2.9725630e-06  -0.00013136127  1.0230201e-06  -8.8797644e-05  1.7465423e-06  -6.2142886e-05  -1.1529774e-07  1.0217816e-06  -2.0059023e-07  0.0000000   2.3144546e-06  2.9725630e-06  -0.00013136127  1.0230201e-06  -8.8797644e-05  
8.3124597e-05  3.2796880e-07  6.9166356e-05  9.9753619e-05  7.5775739e-05  -2.3144546e-06  0.0000000   -0.00018363171  -4.0015767e-06  7.4225431e-06  5.7333625e-07  8.3124597e-05  3.2796880e-07  6.9166356e-05  9.9753619e-05  7.5775739e-05  -2.3144546e-06  0.0000000   -0.00018363171  -4.0015767e-06  7.4225431e-06  5.7333625e-07  
9.3231375e-06  1.1811514e-06  -5.6515194e-05  -2.7777962e-05  8.3862195e-05  -2.9725630e-06  0.00018363171  0.0000000   4.6249964e-07  0.00011994134  -1.3957441e-07  9.3231375e-06  1.1811514e-06  -5.6515194e-05  -2.7777962e-05  8.3862195e-05  -2.9725630e-06  0.00018363171  0.0000000   4.6249964e-07  0.00011994134  -1.3957441e-07  
-2.2491223e-07  2.3925370e-05  -3.6637497e-07  6.9014193e-07  1.9256412e-06  0.00013136127  4.0015767e-06  -4.6249964e-07  0.0000000   1.9496887e-06  9.4857000e-05  -2.2491223e-07  2.3925370e-05  -3.6637497e-07  6.9014193e-07  1.9256412e-06  0.00013136127  4.0015767e-06  -4.6249964e-07  0.0000000   1.9496887e-06  9.4857000e-05  
-1.7827101e-05  -3.6892864e-07  -2.2274035e-06  -7.4722756e-05  -1.7766786e-05  -1.0230201e-06  -7.4225431e-06  -0.00011994134  -1.9496887e-06  0.0000000   3.5401893e-07  -1.7827101e-05  -3.6892864e-07  -2.2274035e-06  -7.4722756e-05  -1.7766786e-05  -1.0230201e-06  -7.4225431e-06  -0.00011994134  -1.9496887e-06  0.0000000   3.5401893e-07  
-1.7797021e-07  4.9598064e-05  7.4127552e-08  -4.8073764e-07  4.2403743e-08  8.8797644e-05  -5.7333625e-07  1.3957441e-07  -9.4857000e-05  -3.5401893e-07  0.0000000   -1.7797021e-07  4.9598064e-05  7.4127552e-08  -4.8073764e-07  4.2403743e-08  8.8797644e-05  -5.7333625e-07  1.3957441e-07  -9.4857000e-05  -3.5401893e-07  0.0000000   
0.0000000   7.7787408e-07  7.3482501e-05  0.00014585752  2.1654700e-05  -1.7465423e-06  -8.3124597e-05  -9.3231375e-06  2.2491223e-07  1.7827101e-05  1.7797021e-07  0.0000000   7.7787408e-07  7.3482501e-05  0.00014585752  2.1654700e-05  -1.7465423e-06  -8.3124597e-05  -9.3231375e-06  2.2491223e-07  1.7827101e-05  1.7797021e-07  
-7.7787408e-07  0.0000000   1.9726474e-06  6.0852099e-07  8.8854145e-07  6.2142886e-05  -3.2796880e-07  -1.1811514e-06  -2.3925370e-05  3.6892864e-07  -4.9598064e-05  -7.7787408e-07  0.0000000   1.9726474e-06  6.0852099e-07  8.8854145e-07  6.2142886e-05  -3.2796880e-07  -1.1811514e-06  -2.3925370e-05  3.6892864e-07  -4.9598064e-05  
-7.3482501e-05  -1.9726474e-06  0.0000000   -0.00033289634  0.00028477366  1.1529774e-07  -6.9166356e-05  5.6515194e-05  3.6637497e-07  2.2274035e-06  -7.4127552e-08  -7.3482501e-05  -1.9726474e-06  0.0000000   -0.00033289634  0.00028477366  1.1529774e-07  -6.9166356e-05  5.6515194e-05  3.6637497e-07  2.2274035e-06  -7.4127552e-08  
-0.00014585752  -6.0852099e-07  0.00033289634  0.0000000   0.00048187900  -1.0217816e-06  -9.9753619e-05  2.7777962e-05  -6.9014193e-07  7.4722756e-05  4.8073764e-07  -0.00014585752  -6.0852099e-07  0.00033289634  0.0000000   0.00048187900  -1.0217816e-06  -9.9753619e-05  2.7777962e-05  -6.9014193e-07  7.4722756e-05  4.8073764e-07  
-2.1654700e-05  -8.8854145e-07  -0.00028477366  -0.00048187900  0.0000000   2.0059023e-07  -7.5775739e-05  -8.3862195e-05  -1.9256412e-06  1.7766786e-05  -4.2403743e-08  -2.1654700e-05  -8.8854145e-07  -0.00028477366  -0.00048187900  0.0000000   2.0059023e-07  -7.5775739e-05  -8.3862195e-05  -1.9256412e-06  1.7766786e-05  -4.2403743e-08  
1.7465423e-06  -6.2142886e-05  -1.1529774e-07  1.0217816e-06  -2.0059023e-07  0.0000000   2.3144546e-06  2.9725630e-06  -0.00013136127  1.0230201e-06  -8.8797644e-05  1.7465423e-06  -6.2142886e-05  -1.1529774e-07  1.0217816e-06  -2.0059023e-07  0.0000000   2.3144546e-06  2.9725630e-06  -0.00013136127  1.0230201e-06  -8.8797644e-05  
8.3124597e-05  3.2796880e-07  6.9166356e-05  9.9753619e-05  7.5775739e-05  -2.3144546e-06  0.0000000   -0.00018363171  -4.0015767e-06  7.4225431e-06  5.7333625e-07  8.3124597e-05  3.2796880e-07  6.9166356e-05  9.9753619e-05  7.5775739e-05  -2.3144546e-06  0.0000000   -0.00018363171  -4.0015767e-06  7.4225431e-06  5.7333625e-07  
9.3231375e-06  1.1811514e-06  -5.6515194e-05  -2.7777962e-05  8.3862195e-05  -2.9725630e-06  0.00018363171  0.0000000   4.6249964e-07  0.00011994134  -1.3957441e-07  9.3231375e-06  1.1811514e-06  -5.6515194e-05  -2.7777962e-05  8.3862195e-05  -2.9725630e-06  0.00018363171  0.0000000   4.6249964e-07  0.00011994134  -1.3957441e-07  
-2.2491223e-07  2.3925370e-05  -3.6637497e-07  6.9014193e-07  1.9256412e-06  0.00013136127  4.0015767e-06  -4.6249964e-07  0.0000000   1.9496887e-06  9.4857000e-05  -2.2491223e-07  2.3925370e-05  -3.6637497e-07  6.9014193e-07  1.9256412e-06  0.00013136127  4.0015767e-06  -4.6249964e-07  0.0000000   1.9496887e-06  9.4857000e-05  
-1.7827101e-05  -3.6892864e-07  -2.2274035e-06  -7.4722756e-05  -1.7766786e-05  -1.0230201e-06  -7.4225431e-06  -0.00011994134  -1.9496887e-06  0.0000000   3.5401893e-07  -1.7827101e-05  -3.6892864e-07  -2.2274035e-06  -7.4722756e-05  -1.7766786e-05  -1.0230201e-06  -7.4225431e-06  -0.00011994134  -1.9496887e-06  0.0000000   3.5401893e-07  
-1.7797021e-07  4.9598064e-05  7.4127552e-08  -4.8073764e-07  4.2403743e-08  8.8797644e-05  -5.7333625e-07  1.3957441e-07  -9.4857000e-05  -3.5401893e-07  0.0000000   -1.7797021e-07  4.9598064e-05  7.4127552e-08  -4.8073764e-07  4.2403743e-08  8.8797644e-05  -5.7333625e-07  1.3957441e-07  -9.4857000e-05  -3.5401893e-07  0.0000000   
