0.0000000   7.9391116e-05  1.2483550e-06  1.4440414e-06  2.1781884e-05  -1.0944596e-06  0.00015484118  2.5061310e-06  -3.3701048e-05  3.1841385e-05  5.3175630e-07  0.0000000   7.9391116e-05  1.2483550e-06  1.4440414e-06  2.1781884e-05  -1.0944596e-06  0.00015484118  2.5061310e-06  -3.3701048e-05  3.1841385e-05  5.3175630e-07  
-7.9391116e-05  0.0000000   -1.9900487e-08  6.6946163e-05  7.2362856e-05  -1.4975385e-06  -0.00015881678  -2.0004574e-07  4.3867540e-05  0.00014961270  -3.1037210e-07  -7.9391116e-05  0.0000000   -1.9900487e-08  6.6946163e-05  7.2362856e-05  -1.4975385e-06  -0.00015881678  -2.0004574e-07  4.3867540e-05  0.00014961270  -3.1037210e-07  
-1.2483550e-06  1.9900487e-08  0.0000000   4.8527531e-05  7.9843750e-05  -0.00025673171  1.1056292e-05  -0.00011268482  -5.9873288e-06  -8.2008247e-06  0.00010397327  -1.2483550e-06  1.9900487e-08  0.0000000   4.8527531e-05  7.9843750e-05  -0.00025673171  1.1056292e-05  -0.00011268482  -5.9873288e-06  -8.2008247e-06  0.00010397327  
-1.4440414e-06  -6.6946163e-05  -4.8527531e-05  0.0000000   -0.0017557032  -2.0602548e-05  -0.00013479197  -1.5028988e-06  5.0317022e-05  0.00025616131  2.6351784e-06  -1.4440414e-06  -6.6946163e-05  -4.8527531e-05  0.0000000   -0.0017557032  -2.0602548e-05  -0.00013479197  -1.5028988e-06  5.0317022e-05  0.00025616131  2.6351784e-06  
-2.1781884e-05  -7.2362856e-05  -7.9843750e-05  0.0017557032  0.0000000   -3.9854550e-06  0.00011996091  -1.2866570e-07  -0.00021285229  0.00011992736  -5.9431729e-06  -2.1781884e-05  -7.2362856e-05  -7.9843750e-05  0.0017557032  0.0000000   -3.9854550e-06  0.00011996091  -1.2866570e-07  -0.00021285229  0.00011992736  -5.9431729e-06  
1.0944596e-06  1.4975385e-06  0.00025673171  2.0602548e-05  3.9854550e-06  0.0000000   -9.4963541e-07  6.4375295e-05  -2.4653167e-06  -3.9643572e-07  -0.00011107809  1.0944596e-06  1.4975385e-06  0.00025673171  2.0602548e-05  3.9854550e-06  0.0000000   -9.4963541e-07  6.4375295e-05  -2.4653167e-06  -3.9643572e-07  -0.00011107809  
-0.00015484118  0.00015881678  -1.1056292e-05  0.00013479197  -0.00011996091  9.4963541e-07  0.0000000   1.1922055e-05  0.00067101102  -0.00014857048  1.3441262e-06  -0.00015484118  0.00015881678  -1.1056292e-05  0.00013479197  -0.00011996091  9.4963541e-07  0.0000000   1.1922055e-05  0.00067101102  -0.00014857048  1.3441262e-06  
-2.5061310e-06  2.0004574e-07  0.00011268482  1.5028988e-06  1.2866570e-07  -6.4375295e-05  -1.1922055e-05  0.0000000   1.2752847e-05  -6.9832487e-06  6.9048792e-05  -2.5061310e-06  2.0004574e-07  0.00011268482  1.5028988e-06  1.2866570e-07  -6.4375295e-05  -1.1922055e-05  0.0000000   1.2752847e-05  -6.9832487e-06  6.9048792e-05  
3.3701048e-05  -4.3867540e-05  5.9873288e-06  -5.0317022e-05  0.00021285229  2.4653167e-06  -0.00067101102  -1.2752847e-05  0.0000000   -0.00024072946  1.7011026e-06  3.3701048e-05  -4.3867540e-05  5.9873288e-06  -5.0317022e-05  0.00021285229  2.4653167e-06  -0.00067101102  -1.2752847e-05  0.0000000   -0.00024072946  1.7011026e-06  
-3.1841385e-05  -0.00014961270  8.2008247e-06  -0.00025616131  -0.00011992736  3.9643572e-07  0.00014857048  6.9832487e-06  0.00024072946  0.0000000   4.1844136e-07  -3.1841385e-05  -0.00014961270  8.2008247e-06  -0.00025616131  -0.00011992736  3.9643572e-07  0.00014857048  6.9832487e-06  0.00024072946  0.0000000   4.1844136e-07  
-5.3175630e-07  3.1037210e-07  -0.00010397327  -2.6351784e-06  5.9431729e-06  0.00011107809  -1.3441262e-06  -6.9048792e-05  -1.7011026e-06  -4.1844136e-07  0.0000000   -5.3175630e-07  3.1037210e-07  -0.00010397327  -2.6351784e-06  5.9431729e-06  0.00011107809  -1.3441262e-06  -6.9048792e-05  -1.7011026e-06  -4.1844136e-07  0.0000000   
0.0000000   7.9391116e-05  1.2483550e-06  1.4440414e-06  2.1781884e-05  -1.0944596e-06  0.00015484118  2.5061310e-06  -3.3701048e-05  3.1841385e-05  5.3175630e-07  0.0000000   7.9391116e-05  1.2483550e-06  1.4440414e-06  2.1781884e-05  -1.0944596e-06  0.00015484118  2.5061310e-06  -3.3701048e-05  3.1841385e-05  5.3175630e-07  
-7.9391116e-05  0.0000000   -1.9900487e-08  6.6946163e-05  7.2362856e-05  -1.4975385e-06  -0.00015881678  -2.0004574e-07  4.3867540e-05  0.00014961270  -3.1037210e-07  -7.9391116e-05  0.0000000   -1.9900487e-08  6.6946163e-05  7.2362856e-05  -1.4975385e-06  -0.00015881678  -2.0004574e-07  4.3867540e-05  0.00014961270  -3.1037210e-07  
-1.2483550e-06  1.9900487e-08  0.0000000   4.8527531e-05  7.9843750e-05  -0.00025673171  1.1056292e-05  -0.00011268482  -5.9873288e-06  -8.2008247e-06  0.00010397327  -1.2483550e-06  1.9900487e-08  0.0000000   4.8527531e-05  7.9843750e-05  -0.00025673171  1.1056292e-05  -0.00011268482  -5.9873288e-06  -8.2008247e-06  0.00010397327  
-1.4440414e-06  -6.6946163e-05  -4.8527531e-05  0.0000000   -0.0017557032  -2.0602548e-05  -0.00013479197  -1.5028988e-06  5.0317022e-05  0.00025616131  2.6351784e-06  -1.4440414e-06  -6.6946163e-05  -4.8527531e-05  0.0000000   -0.0017557032  -2.0602548e-05  -0.00013479197  -1.5028988e-06  5.0317022e-05  0.00025616131  2.6351784e-06  
-2.1781884e-05  -7.2362856e-05  -7.9843750e-05  0.0017557032  0.0000000   -3.9854550e-06  0.00011996091  -1.2866570e-07  -0.00021285229  0.00011992736  -5.9431729e-06  -2.1781884e-05  -7.2362856e-05  -7.9843750e-05  0.0017557032  0.0000000   -3.9854550e-06  0.00011996091  -1.2866570e-07  -0.00021285229  0.00011992736  -5.9431729e-06  
1.0944596e-06  1.4975385e-06  0.00025673171  2.0602548e-05  3.9854550e-06  0.0000000   -9.4963541e-07  6.4375295e-05  -2.4653167e-06  -3.9643572e-07  -0.00011107809  1.0944596e-06  1.4975385e-06  0.00025673171  2.0602548e-05  3.9854550e-06  0.0000000   -9.4963541e-07  6.4375295e-05  -2.4653167e-06  -3.9643572e-07  -0.00011107809  
-0.00015484118  0.00015881678  -1.1056292e-05  0.00013479197  -0.00011996091  9.4963541e-07  0.0000000   1.1922055e-05  0.00067101102  -0.00014857048  1.3441262e-06  -0.00015484118  0.00015881678  -1.1056292e-05  0.00013479197  -0.00011996091  9.4963541e-07  0.0000000   1.1922055e-05  0.00067101102  -0.00014857048  1.3441262e-06  
-2.5061310e-06  2.0004574e-07  0.00011268482  1.5028988e-06  1.2866570e-07  -6.4375295e-05  -1.1922055e-05  0.0000000   1.2752847e-05  -6.9832487e-06  6.9048792e-05  -2.5061310e-06  2.0004574e-07  0.00011268482  1.5028988e-06  1.2866570e-07  -6.4375295e-05  -1.1922055e-05  0.0000000   1.2752847e-05  -6.9832487e-06  6.9048792e-05  
3.3701048e-05  -4.3867540e-05  5.9873288e-06  -5.0317022e-05  0.00021285229  2.4653167e-06  -0.00067101102  -1.2752847e-05  0.0000000   -0.00024072946  1.7011026e-06  3.3701048e-05  -4.3867540e-05  5.9873288e-06  -5.0317022e-05  0.00021285229  2.4653167e-06  -0.00067101102  -1.2752847e-05  0.0000000   -0.00024072946  1.7011026e-06  
-3.1841385e-05  -0.00014961270  8.2008247e-06  -0.00025616131  -0.00011992736  3.9643572e-07  0.00014857048  6.9832487e-06  0.00024072946  0.0000000   4.1844136e-07  -3.1841385e-05  -0.00014961270  8.2008247e-06  -0.00025616131  -0.00011992736  3.9643572e-07  0.00014857048  6.9832487e-06  0.00024072946  0.0000000   4.1844136e-07  
-5.3175630e-07  3.1037210e-07  -0.00010397327  -2.6351784e-06  5.9431729e-06  0.00011107809  -1.3441262e-06  -6.9048792e-05  -1.7011026e-06  -4.1844136e-07  0.0000000   -5.3175630e-07  3.1037210e-07  -0.00010397327  -2.6351784e-06  5.9431729e-06  0.00011107809  -1.3441262e-06  -6.9048792e-05  -1.7011026e-06  -4.1844136e-07  0.0000000   
