0.0000000   0.0049760918  -3.3027180e-05  0.00037471064  3.3988537e-05  2.8563122e-05  1.4901817e-05  9.0099277e-05  1.3772385e-05  -2.9178902e-05  1.2412296e-06  0.0000000   0.0049760918  -3.3027180e-05  0.00037471064  3.3988537e-05  2.8563122e-05  1.4901817e-05  9.0099277e-05  1.3772385e-05  -2.9178902e-05  1.2412296e-06  
-0.0049760918  0.0000000   4.5815039e-05  -0.00040677986  -5.4930239e-05  -0.00014282414  7.0961816e-05  -8.8808512e-05  -1.2401058e-05  -0.00018903882  1.8620245e-06  -0.0049760918  0.0000000   4.5815039e-05  -0.00040677986  -5.4930239e-05  -0.00014282414  7.0961816e-05  -8.8808512e-05  -1.2401058e-05  -0.00018903882  1.8620245e-06  
3.3027180e-05  -4.5815039e-05  0.0000000   2.5489615e-06  9.1740400e-06  4.0572833e-06  -5.9053869e-06  -3.3128106e-06  -3.1710696e-06  -7.9244784e-08  -8.0849422e-05  3.3027180e-05  -4.5815039e-05  0.0000000   2.5489615e-06  9.1740400e-06  4.0572833e-06  -5.9053869e-06  -3.3128106e-06  -3.1710696e-06  -7.9244784e-08  -8.0849422e-05  
-0.00037471064  0.00040677986  -2.5489615e-06  0.0000000   -0.00054191633  -5.6583192e-05  0.00019172328  0.00010492557  0.00026058720  -6.2866512e-05  2.3009020e-07  -0.00037471064  0.00040677986  -2.5489615e-06  0.0000000   -0.00054191633  -5.6583192e-05  0.00019172328  0.00010492557  0.00026058720  -6.2866512e-05  2.3009020e-07  
-3.3988537e-05  5.4930239e-05  -9.1740400e-06  0.00054191633  0.0000000   8.7940619e-05  -0.00031862029  0.00017743839  0.00012578536  6.6224200e-05  3.5697222e-06  -3.3988537e-05  5.4930239e-05  -9.1740400e-06  0.00054191633  0.0000000   8.7940619e-05  -0.00031862029  0.00017743839  0.00012578536  6.6224200e-05  3.5697222e-06  
-2.8563122e-05  0.00014282414  -4.0572833e-06  5.6583192e-05  -8.7940619e-05  0.0000000   6.8980251e-06  -1.6675839e-05  -0.00012583413  0.00032323871  -1.9260473e-06  -2.8563122e-05  0.00014282414  -4.0572833e-06  5.6583192e-05  -8.7940619e-05  0.0000000   6.8980251e-06  -1.6675839e-05  -0.00012583413  0.00032323871  -1.9260473e-06  
-1.4901817e-05  -7.0961816e-05  5.9053869e-06  -0.00019172328  0.00031862029  -6.8980251e-06  0.0000000   0.00026452107  0.00045481606  1.2506475e-05  -1.5408696e-06  -1.4901817e-05  -7.0961816e-05  5.9053869e-06  -0.00019172328  0.00031862029  -6.8980251e-06  0.0000000   0.00026452107  0.00045481606  1.2506475e-05  -1.5408696e-06  
-9.0099277e-05  8.8808512e-05  3.3128106e-06  -0.00010492557  -0.00017743839  1.6675839e-05  -0.00026452107  0.0000000   0.0018451943  -4.1964635e-05  9.5006261e-06  -9.0099277e-05  8.8808512e-05  3.3128106e-06  -0.00010492557  -0.00017743839  1.6675839e-05  -0.00026452107  0.0000000   0.0018451943  -4.1964635e-05  9.5006261e-06  
-1.3772385e-05  1.2401058e-05  3.1710696e-06  -0.00026058720  -0.00012578536  0.00012583413  -0.00045481606  -0.0018451943  0.0000000   -0.00016370084  4.1111121e-06  -1.3772385e-05  1.2401058e-05  3.1710696e-06  -0.00026058720  -0.00012578536  0.00012583413  -0.00045481606  -0.0018451943  0.0000000   -0.00016370084  4.1111121e-06  
2.9178902e-05  0.00018903882  7.9244784e-08  6.2866512e-05  -6.6224200e-05  -0.00032323871  -1.2506475e-05  4.1964635e-05  0.00016370084  0.0000000   -1.4647724e-07  2.9178902e-05  0.00018903882  7.9244784e-08  6.2866512e-05  -6.6224200e-05  -0.00032323871  -1.2506475e-05  4.1964635e-05  0.00016370084  0.0000000   -1.4647724e-07  
-1.2412296e-06  -1.8620245e-06  8.0849422e-05  -2.3009020e-07  -3.5697222e-06  1.9260473e-06  1.5408696e-06  -9.5006261e-06  -4.1111121e-06  1.4647724e-07  0.0000000   -1.2412296e-06  -1.8620245e-06  8.0849422e-05  -2.3009020e-07  -3.5697222e-06  1.9260473e-06  1.5408696e-06  -9.5006261e-06  -4.1111121e-06  1.4647724e-07  0.0000000   
0.0000000   0.0049760918  -3.3027180e-05  0.00037471064  3.3988537e-05  2.8563122e-05  1.4901817e-05  9.0099277e-05  1.3772385e-05  -2.9178902e-05  1.2412296e-06  0.0000000   0.0049760918  -3.3027180e-05  0.00037471064  3.3988537e-05  2.8563122e-05  1.4901817e-05  9.0099277e-05  1.3772385e-05  -2.9178902e-05  1.2412296e-06  
-0.0049760918  0.0000000   4.5815039e-05  -0.00040677986  -5.4930239e-05  -0.00014282414  7.0961816e-05  -8.8808512e-05  -1.2401058e-05  -0.00018903882  1.8620245e-06  -0.0049760918  0.0000000   4.5815039e-05  -0.00040677986  -5.4930239e-05  -0.00014282414  7.0961816e-05  -8.8808512e-05  -1.2401058e-05  -0.00018903882  1.8620245e-06  
3.3027180e-05  -4.5815039e-05  0.0000000   2.5489615e-06  9.1740400e-06  4.0572833e-06  -5.9053869e-06  -3.3128106e-06  -3.1710696e-06  -7.9244784e-08  -8.0849422e-05  3.3027180e-05  -4.5815039e-05  0.0000000   2.5489615e-06  9.1740400e-06  4.0572833e-06  -5.9053869e-06  -3.3128106e-06  -3.1710696e-06  -7.9244784e-08  -8.0849422e-05  
-0.00037471064  0.00040677986  -2.5489615e-06  0.0000000   -0.00054191633  -5.6583192e-05  0.00019172328  0.00010492557  0.00026058720  -6.2866512e-05  2.3009020e-07  -0.00037471064  0.00040677986  -2.5489615e-06  0.0000000   -0.00054191633  -5.6583192e-05  0.00019172328  0.00010492557  0.00026058720  -6.2866512e-05  2.3009020e-07  
-3.3988537e-05  5.4930239e-05  -9.1740400e-06  0.00054191633  0.0000000   8.7940619e-05  -0.00031862029  0.00017743839  0.00012578536  6.6224200e-05  3.5697222e-06  -3.3988537e-05  5.4930239e-05  -9.1740400e-06  0.00054191633  0.0000000   8.7940619e-05  -0.00031862029  0.00017743839  0.00012578536  6.6224200e-05  3.5697222e-06  
-2.8563122e-05  0.00014282414  -4.0572833e-06  5.6583192e-05  -8.7940619e-05  0.0000000   6.8980251e-06  -1.6675839e-05  -0.00012583413  0.00032323871  -1.9260473e-06  -2.8563122e-05  0.00014282414  -4.0572833e-06  5.6583192e-05  -8.7940619e-05  0.0000000   6.8980251e-06  -1.6675839e-05  -0.00012583413  0.00032323871  -1.9260473e-06  
-1.4901817e-05  -7.0961816e-05  5.9053869e-06  -0.00019172328  0.00031862029  -6.8980251e-06  0.0000000   0.00026452107  0.00045481606  1.2506475e-05  -1.5408696e-06  -1.4901817e-05  -7.0961816e-05  5.9053869e-06  -0.00019172328  0.00031862029  -6.8980251e-06  0.0000000   0.00026452107  0.00045481606  1.2506475e-05  -1.5408696e-06  
-9.0099277e-05  8.8808512e-05  3.3128106e-06  -0.00010492557  -0.00017743839  1.6675839e-05  -0.00026452107  0.0000000   0.0018451943  -4.1964635e-05  9.5006261e-06  -9.0099277e-05  8.8808512e-05  3.3128106e-06  -0.00010492557  -0.00017743839  1.6675839e-05  -0.00026452107  0.0000000   0.0018451943  -4.1964635e-05  9.5006261e-06  
-1.3772385e-05  1.2401058e-05  3.1710696e-06  -0.00026058720  -0.00012578536  0.00012583413  -0.00045481606  -0.0018451943  0.0000000   -0.00016370084  4.1111121e-06  -1.3772385e-05  1.2401058e-05  3.1710696e-06  -0.00026058720  -0.00012578536  0.00012583413  -0.00045481606  -0.0018451943  0.0000000   -0.00016370084  4.1111121e-06  
2.9178902e-05  0.00018903882  7.9244784e-08  6.2866512e-05  -6.6224200e-05  -0.00032323871  -1.2506475e-05  4.1964635e-05  0.00016370084  0.0000000   -1.4647724e-07  2.9178902e-05  0.00018903882  7.9244784e-08  6.2866512e-05  -6.6224200e-05  -0.00032323871  -1.2506475e-05  4.1964635e-05  0.00016370084  0.0000000   -1.4647724e-07  
-1.2412296e-06  -1.8620245e-06  8.0849422e-05  -2.3009020e-07  -3.5697222e-06  1.9260473e-06  1.5408696e-06  -9.5006261e-06  -4.1111121e-06  1.4647724e-07  0.0000000   -1.2412296e-06  -1.8620245e-06  8.0849422e-05  -2.3009020e-07  -3.5697222e-06  1.9260473e-06  1.5408696e-06  -9.5006261e-06  -4.1111121e-06  1.4647724e-07  0.0000000   
