0.0000000   0.0011813799  -0.0010265416  -3.6322834e-05  1.7183938e-07  -0.00018777578  0.00012999394  -1.1241473e-06  -1.0764399e-05  2.0558664e-06  -5.5473618e-07  0.0000000   0.0011813799  -0.0010265416  -3.6322834e-05  1.7183938e-07  -0.00018777578  0.00012999394  -1.1241473e-06  -1.0764399e-05  2.0558664e-06  -5.5473618e-07  
-0.0011813799  0.0000000   0.00070089997  8.5573265e-05  1.4537945e-06  5.6813282e-05  2.1178994e-05  -1.9236379e-06  -4.2644400e-05  -1.1086703e-07  7.4234296e-07  -0.0011813799  0.0000000   0.00070089997  8.5573265e-05  1.4537945e-06  5.6813282e-05  2.1178994e-05  -1.9236379e-06  -4.2644400e-05  -1.1086703e-07  7.4234296e-07  
0.0010265416  -0.00070089997  0.0000000   0.0012649804  -2.5439155e-06  6.9989453e-05  -0.00010204571  -2.4088539e-06  -2.6768645e-05  -1.3873477e-06  -1.6338912e-06  0.0010265416  -0.00070089997  0.0000000   0.0012649804  -2.5439155e-06  6.9989453e-05  -0.00010204571  -2.4088539e-06  -2.6768645e-05  -1.3873477e-06  -1.6338912e-06  
3.6322834e-05  -8.5573265e-05  -0.0012649804  0.0000000   2.6555384e-06  4.9497247e-05  4.0037550e-06  -3.4261718e-06  -3.0485103e-05  -2.0549239e-06  7.4379930e-07  3.6322834e-05  -8.5573265e-05  -0.0012649804  0.0000000   2.6555384e-06  4.9497247e-05  4.0037550e-06  -3.4261718e-06  -3.0485103e-05  -2.0549239e-06  7.4379930e-07  
-1.7183938e-07  -1.4537945e-06  2.5439155e-06  -2.6555384e-06  0.0000000   5.1951825e-06  -6.4864668e-06  0.00013033000  -6.7943450e-06  -4.5730919e-05  3.6938143e-05  -1.7183938e-07  -1.4537945e-06  2.5439155e-06  -2.6555384e-06  0.0000000   5.1951825e-06  -6.4864668e-06  0.00013033000  -6.7943450e-06  -4.5730919e-05  3.6938143e-05  
0.00018777578  -5.6813282e-05  -6.9989453e-05  -4.9497247e-05  -5.1951825e-06  0.0000000   0.0024075114  2.5921692e-05  -1.8094359e-06  1.7817084e-05  -1.6380481e-05  0.00018777578  -5.6813282e-05  -6.9989453e-05  -4.9497247e-05  -5.1951825e-06  0.0000000   0.0024075114  2.5921692e-05  -1.8094359e-06  1.7817084e-05  -1.6380481e-05  
-0.00012999394  -2.1178994e-05  0.00010204571  -4.0037550e-06  6.4864668e-06  -0.0024075114  0.0000000   -4.2674965e-05  -0.00046585218  3.6408961e-05  8.2074683e-06  -0.00012999394  -2.1178994e-05  0.00010204571  -4.0037550e-06  6.4864668e-06  -0.0024075114  0.0000000   -4.2674965e-05  -0.00046585218  3.6408961e-05  8.2074683e-06  
1.1241473e-06  1.9236379e-06  2.4088539e-06  3.4261718e-06  -0.00013033000  -2.5921692e-05  4.2674965e-05  0.0000000   9.5080079e-07  0.00010793257  0.00014580770  1.1241473e-06  1.9236379e-06  2.4088539e-06  3.4261718e-06  -0.00013033000  -2.5921692e-05  4.2674965e-05  0.0000000   9.5080079e-07  0.00010793257  0.00014580770  
1.0764399e-05  4.2644400e-05  2.6768645e-05  3.0485103e-05  6.7943450e-06  1.8094359e-06  0.00046585218  -9.5080079e-07  0.0000000   -8.6777733e-06  -2.6021760e-05  1.0764399e-05  4.2644400e-05  2.6768645e-05  3.0485103e-05  6.7943450e-06  1.8094359e-06  0.00046585218  -9.5080079e-07  0.0000000   -8.6777733e-06  -2.6021760e-05  
-2.0558664e-06  1.1086703e-07  1.3873477e-06  2.0549239e-06  4.5730919e-05  -1.7817084e-05  -3.6408961e-05  -0.00010793257  8.6777733e-06  0.0000000   0.00019733873  -2.0558664e-06  1.1086703e-07  1.3873477e-06  2.0549239e-06  4.5730919e-05  -1.7817084e-05  -3.6408961e-05  -0.00010793257  8.6777733e-06  0.0000000   0.00019733873  
5.5473618e-07  -7.4234296e-07  1.6338912e-06  -7.4379930e-07  -3.6938143e-05  1.6380481e-05  -8.2074683e-06  -0.00014580770  2.6021760e-05  -0.00019733873  0.0000000   5.5473618e-07  -7.4234296e-07  1.6338912e-06  -7.4379930e-07  -3.6938143e-05  1.6380481e-05  -8.2074683e-06  -0.00014580770  2.6021760e-05  -0.00019733873  0.0000000   
0.0000000   0.0011813799  -0.0010265416  -3.6322834e-05  1.7183938e-07  -0.00018777578  0.00012999394  -1.1241473e-06  -1.0764399e-05  2.0558664e-06  -5.5473618e-07  0.0000000   0.0011813799  -0.0010265416  -3.6322834e-05  1.7183938e-07  -0.00018777578  0.00012999394  -1.1241473e-06  -1.0764399e-05  2.0558664e-06  -5.5473618e-07  
-0.0011813799  0.0000000   0.00070089997  8.5573265e-05  1.4537945e-06  5.6813282e-05  2.1178994e-05  -1.9236379e-06  -4.2644400e-05  -1.1086703e-07  7.4234296e-07  -0.0011813799  0.0000000   0.00070089997  8.5573265e-05  1.4537945e-06  5.6813282e-05  2.1178994e-05  -1.9236379e-06  -4.2644400e-05  -1.1086703e-07  7.4234296e-07  
0.0010265416  -0.00070089997  0.0000000   0.0012649804  -2.5439155e-06  6.9989453e-05  -0.00010204571  -2.4088539e-06  -2.6768645e-05  -1.3873477e-06  -1.6338912e-06  0.0010265416  -0.00070089997  0.0000000   0.0012649804  -2.5439155e-06  6.9989453e-05  -0.00010204571  -2.4088539e-06  -2.6768645e-05  -1.3873477e-06  -1.6338912e-06  
3.6322834e-05  -8.5573265e-05  -0.0012649804  0.0000000   2.6555384e-06  4.9497247e-05  4.0037550e-06  -3.4261718e-06  -3.0485103e-05  -2.0549239e-06  7.4379930e-07  3.6322834e-05  -8.5573265e-05  -0.0012649804  0.0000000   2.6555384e-06  4.9497247e-05  4.0037550e-06  -3.4261718e-06  -3.0485103e-05  -2.0549239e-06  7.4379930e-07  
-1.7183938e-07  -1.4537945e-06  2.5439155e-06  -2.6555384e-06  0.0000000   5.1951825e-06  -6.4864668e-06  0.00013033000  -6.7943450e-06  -4.5730919e-05  3.6938143e-05  -1.7183938e-07  -1.4537945e-06  2.5439155e-06  -2.6555384e-06  0.0000000   5.1951825e-06  -6.4864668e-06  0.00013033000  -6.7943450e-06  -4.5730919e-05  3.6938143e-05  
0.00018777578  -5.6813282e-05  -6.9989453e-05  -4.9497247e-05  -5.1951825e-06  0.0000000   0.0024075114  2.5921692e-05  -1.8094359e-06  1.7817084e-05  -1.6380481e-05  0.00018777578  -5.6813282e-05  -6.9989453e-05  -4.9497247e-05  -5.1951825e-06  0.0000000   0.0024075114  2.5921692e-05  -1.8094359e-06  1.7817084e-05  -1.6380481e-05  
-0.00012999394  -2.1178994e-05  0.00010204571  -4.0037550e-06  6.4864668e-06  -0.0024075114  0.0000000   -4.2674965e-05  -0.00046585218  3.6408961e-05  8.2074683e-06  -0.00012999394  -2.1178994e-05  0.00010204571  -4.0037550e-06  6.4864668e-06  -0.0024075114  0.0000000   -4.2674965e-05  -0.00046585218  3.6408961e-05  8.2074683e-06  
1.1241473e-06  1.9236379e-06  2.4088539e-06  3.4261718e-06  -0.00013033000  -2.5921692e-05  4.2674965e-05  0.0000000   9.5080079e-07  0.00010793257  0.00014580770  1.1241473e-06  1.9236379e-06  2.4088539e-06  3.4261718e-06  -0.00013033000  -2.5921692e-05  4.2674965e-05  0.0000000   9.5080079e-07  0.00010793257  0.00014580770  
1.0764399e-05  4.2644400e-05  2.6768645e-05  3.0485103e-05  6.7943450e-06  1.8094359e-06  0.00046585218  -9.5080079e-07  0.0000000   -8.6777733e-06  -2.6021760e-05  1.0764399e-05  4.2644400e-05  2.6768645e-05  3.0485103e-05  6.7943450e-06  1.8094359e-06  0.00046585218  -9.5080079e-07  0.0000000   -8.6777733e-06  -2.6021760e-05  
-2.0558664e-06  1.1086703e-07  1.3873477e-06  2.0549239e-06  4.5730919e-05  -1.7817084e-05  -3.6408961e-05  -0.00010793257  8.6777733e-06  0.0000000   0.00019733873  -2.0558664e-06  1.1086703e-07  1.3873477e-06  2.0549239e-06  4.5730919e-05  -1.7817084e-05  -3.6408961e-05  -0.00010793257  8.6777733e-06  0.0000000   0.00019733873  
5.5473618e-07  -7.4234296e-07  1.6338912e-06  -7.4379930e-07  -3.6938143e-05  1.6380481e-05  -8.2074683e-06  -0.00014580770  2.6021760e-05  -0.00019733873  0.0000000   5.5473618e-07  -7.4234296e-07  1.6338912e-06  -7.4379930e-07  -3.6938143e-05  1.6380481e-05  -8.2074683e-06  -0.00014580770  2.6021760e-05  -0.00019733873  0.0000000   
