0.0000000   5.7298174e-06  9.0869418e-06  -6.1247254e-06  -3.0522163e-06  -0.00018008502  1.4900965e-05  -4.3192080e-07  2.5181890e-05  2.8931750e-05  -3.0974756e-05  0.0000000   5.7298174e-06  9.0869418e-06  -6.1247254e-06  -3.0522163e-06  -0.00018008502  1.4900965e-05  -4.3192080e-07  2.5181890e-05  2.8931750e-05  -3.0974756e-05  
-5.7298174e-06  0.0000000   7.7211531e-07  1.4695734e-06  -1.0028767e-06  -1.4392632e-06  -2.1082313e-05  -0.00022863085  -0.00010898774  0.00012390502  -3.1970411e-07  -5.7298174e-06  0.0000000   7.7211531e-07  1.4695734e-06  -1.0028767e-06  -1.4392632e-06  -2.1082313e-05  -0.00022863085  -0.00010898774  0.00012390502  -3.1970411e-07  
-9.0869418e-06  -7.7211531e-07  0.0000000   -0.00081448430  0.0013769244  0.00011563692  -0.00016517347  2.4859974e-05  -9.8547525e-05  -8.3039318e-05  9.9421663e-06  -9.0869418e-06  -7.7211531e-07  0.0000000   -0.00081448430  0.0013769244  0.00011563692  -0.00016517347  2.4859974e-05  -9.8547525e-05  -8.3039318e-05  9.9421663e-06  
6.1247254e-06  -1.4695734e-06  0.00081448430  0.0000000   -0.00041159854  0.00017994084  -4.2043818e-05  5.8425140e-06  0.00014997380  0.00011766266  -0.00010365738  6.1247254e-06  -1.4695734e-06  0.00081448430  0.0000000   -0.00041159854  0.00017994084  -4.2043818e-05  5.8425140e-06  0.00014997380  0.00011766266  -0.00010365738  
3.0522163e-06  1.0028767e-06  -0.0013769244  0.00041159854  0.0000000   0.00012229288  -9.7749189e-05  1.0759613e-05  -7.2729022e-05  -6.6750312e-05  -0.00010009245  3.0522163e-06  1.0028767e-06  -0.0013769244  0.00041159854  0.0000000   0.00012229288  -9.7749189e-05  1.0759613e-05  -7.2729022e-05  -6.6750312e-05  -0.00010009245  
0.00018008502  1.4392632e-06  -0.00011563692  -0.00017994084  -0.00012229288  0.0000000   3.6808522e-06  -1.6285078e-06  -5.8333866e-05  -3.0499332e-05  -3.1235876e-05  0.00018008502  1.4392632e-06  -0.00011563692  -0.00017994084  -0.00012229288  0.0000000   3.6808522e-06  -1.6285078e-06  -5.8333866e-05  -3.0499332e-05  -3.1235876e-05  
-1.4900965e-05  2.1082313e-05  0.00016517347  4.2043818e-05  9.7749189e-05  -3.6808522e-06  0.0000000   -1.6692373e-06  -0.00091606114  -0.00045177285  -9.8608596e-05  -1.4900965e-05  2.1082313e-05  0.00016517347  4.2043818e-05  9.7749189e-05  -3.6808522e-06  0.0000000   -1.6692373e-06  -0.00091606114  -0.00045177285  -9.8608596e-05  
4.3192080e-07  0.00022863085  -2.4859974e-05  -5.8425140e-06  -1.0759613e-05  1.6285078e-06  1.6692373e-06  0.0000000   -0.0013420151  0.0017844033  7.3792625e-06  4.3192080e-07  0.00022863085  -2.4859974e-05  -5.8425140e-06  -1.0759613e-05  1.6285078e-06  1.6692373e-06  0.0000000   -0.0013420151  0.0017844033  7.3792625e-06  
-2.5181890e-05  0.00010898774  9.8547525e-05  -0.00014997380  7.2729022e-05  5.8333866e-05  0.00091606114  0.0013420151  0.0000000   3.1899024e-05  9.2395763e-06  -2.5181890e-05  0.00010898774  9.8547525e-05  -0.00014997380  7.2729022e-05  5.8333866e-05  0.00091606114  0.0013420151  0.0000000   3.1899024e-05  9.2395763e-06  
-2.8931750e-05  -0.00012390502  8.3039318e-05  -0.00011766266  6.6750312e-05  3.0499332e-05  0.00045177285  -0.0017844033  -3.1899024e-05  0.0000000   3.9308482e-06  -2.8931750e-05  -0.00012390502  8.3039318e-05  -0.00011766266  6.6750312e-05  3.0499332e-05  0.00045177285  -0.0017844033  -3.1899024e-05  0.0000000   3.9308482e-06  
3.0974756e-05  3.1970411e-07  -9.9421663e-06  0.00010365738  0.00010009245  3.1235876e-05  9.8608596e-05  -7.3792625e-06  -9.2395763e-06  -3.9308482e-06  0.0000000   3.0974756e-05  3.1970411e-07  -9.9421663e-06  0.00010365738  0.00010009245  3.1235876e-05  9.8608596e-05  -7.3792625e-06  -9.2395763e-06  -3.9308482e-06  0.0000000   
0.0000000   5.7298174e-06  9.0869418e-06  -6.1247254e-06  -3.0522163e-06  -0.00018008502  1.4900965e-05  -4.3192080e-07  2.5181890e-05  2.8931750e-05  -3.0974756e-05  0.0000000   5.7298174e-06  9.0869418e-06  -6.1247254e-06  -3.0522163e-06  -0.00018008502  1.4900965e-05  -4.3192080e-07  2.5181890e-05  2.8931750e-05  -3.0974756e-05  
-5.7298174e-06  0.0000000   7.7211531e-07  1.4695734e-06  -1.0028767e-06  -1.4392632e-06  -2.1082313e-05  -0.00022863085  -0.00010898774  0.00012390502  -3.1970411e-07  -5.7298174e-06  0.0000000   7.7211531e-07  1.4695734e-06  -1.0028767e-06  -1.4392632e-06  -2.1082313e-05  -0.00022863085  -0.00010898774  0.00012390502  -3.1970411e-07  
-9.0869418e-06  -7.7211531e-07  0.0000000   -0.00081448430  0.0013769244  0.00011563692  -0.00016517347  2.4859974e-05  -9.8547525e-05  -8.3039318e-05  9.9421663e-06  -9.0869418e-06  -7.7211531e-07  0.0000000   -0.00081448430  0.0013769244  0.00011563692  -0.00016517347  2.4859974e-05  -9.8547525e-05  -8.3039318e-05  9.9421663e-06  
6.1247254e-06  -1.4695734e-06  0.00081448430  0.0000000   -0.00041159854  0.00017994084  -4.2043818e-05  5.8425140e-06  0.00014997380  0.00011766266  -0.00010365738  6.1247254e-06  -1.4695734e-06  0.00081448430  0.0000000   -0.00041159854  0.00017994084  -4.2043818e-05  5.8425140e-06  0.00014997380  0.00011766266  -0.00010365738  
3.0522163e-06  1.0028767e-06  -0.0013769244  0.00041159854  0.0000000   0.00012229288  -9.7749189e-05  1.0759613e-05  -7.2729022e-05  -6.6750312e-05  -0.00010009245  3.0522163e-06  1.0028767e-06  -0.0013769244  0.00041159854  0.0000000   0.00012229288  -9.7749189e-05  1.0759613e-05  -7.2729022e-05  -6.6750312e-05  -0.00010009245  
0.00018008502  1.4392632e-06  -0.00011563692  -0.00017994084  -0.00012229288  0.0000000   3.6808522e-06  -1.6285078e-06  -5.8333866e-05  -3.0499332e-05  -3.1235876e-05  0.00018008502  1.4392632e-06  -0.00011563692  -0.00017994084  -0.00012229288  0.0000000   3.6808522e-06  -1.6285078e-06  -5.8333866e-05  -3.0499332e-05  -3.1235876e-05  
-1.4900965e-05  2.1082313e-05  0.00016517347  4.2043818e-05  9.7749189e-05  -3.6808522e-06  0.0000000   -1.6692373e-06  -0.00091606114  -0.00045177285  -9.8608596e-05  -1.4900965e-05  2.1082313e-05  0.00016517347  4.2043818e-05  9.7749189e-05  -3.6808522e-06  0.0000000   -1.6692373e-06  -0.00091606114  -0.00045177285  -9.8608596e-05  
4.3192080e-07  0.00022863085  -2.4859974e-05  -5.8425140e-06  -1.0759613e-05  1.6285078e-06  1.6692373e-06  0.0000000   -0.0013420151  0.0017844033  7.3792625e-06  4.3192080e-07  0.00022863085  -2.4859974e-05  -5.8425140e-06  -1.0759613e-05  1.6285078e-06  1.6692373e-06  0.0000000   -0.0013420151  0.0017844033  7.3792625e-06  
-2.5181890e-05  0.00010898774  9.8547525e-05  -0.00014997380  7.2729022e-05  5.8333866e-05  0.00091606114  0.0013420151  0.0000000   3.1899024e-05  9.2395763e-06  -2.5181890e-05  0.00010898774  9.8547525e-05  -0.00014997380  7.2729022e-05  5.8333866e-05  0.00091606114  0.0013420151  0.0000000   3.1899024e-05  9.2395763e-06  
-2.8931750e-05  -0.00012390502  8.3039318e-05  -0.00011766266  6.6750312e-05  3.0499332e-05  0.00045177285  -0.0017844033  -3.1899024e-05  0.0000000   3.9308482e-06  -2.8931750e-05  -0.00012390502  8.3039318e-05  -0.00011766266  6.6750312e-05  3.0499332e-05  0.00045177285  -0.0017844033  -3.1899024e-05  0.0000000   3.9308482e-06  
3.0974756e-05  3.1970411e-07  -9.9421663e-06  0.00010365738  0.00010009245  3.1235876e-05  9.8608596e-05  -7.3792625e-06  -9.2395763e-06  -3.9308482e-06  0.0000000   3.0974756e-05  3.1970411e-07  -9.9421663e-06  0.00010365738  0.00010009245  3.1235876e-05  9.8608596e-05  -7.3792625e-06  -9.2395763e-06  -3.9308482e-06  0.0000000   
