0.0000000   -0.00065977332  3.4785729e-05  -4.8477856e-06  -5.8805804e-06  -0.00012807795  -3.7248477e-06  -2.2160949e-06  -7.2280579e-05  -2.0562301e-06  -1.3160532e-06  0.0000000   -0.00065977332  3.4785729e-05  -4.8477856e-06  -5.8805804e-06  -0.00012807795  -3.7248477e-06  -2.2160949e-06  -7.2280579e-05  -2.0562301e-06  -1.3160532e-06  
0.00065977332  0.0000000   -9.9817195e-07  -7.7458178e-06  -7.0197950e-07  -1.8316313e-06  9.8307958e-06  -1.4254766e-06  -6.1428695e-05  1.3491705e-06  -2.7551334e-06  0.00065977332  0.0000000   -9.9817195e-07  -7.7458178e-06  -7.0197950e-07  -1.8316313e-06  9.8307958e-06  -1.4254766e-06  -6.1428695e-05  1.3491705e-06  -2.7551334e-06  
-3.4785729e-05  9.9817195e-07  0.0000000   -0.00022638401  0.00015357275  -5.2323054e-06  0.00021461570  -4.9013340e-05  1.8455701e-06  1.3612844e-05  -1.1826497e-06  -3.4785729e-05  9.9817195e-07  0.0000000   -0.00022638401  0.00015357275  -5.2323054e-06  0.00021461570  -4.9013340e-05  1.8455701e-06  1.3612844e-05  -1.1826497e-06  
4.8477856e-06  7.7458178e-06  0.00022638401  0.0000000   0.00082567212  3.3072995e-06  -0.00015393357  -3.9207899e-05  -9.7244615e-07  -0.00010893034  -1.1017753e-06  4.8477856e-06  7.7458178e-06  0.00022638401  0.0000000   0.00082567212  3.3072995e-06  -0.00015393357  -3.9207899e-05  -9.7244615e-07  -0.00010893034  -1.1017753e-06  
5.8805804e-06  7.0197950e-07  -0.00015357275  -0.00082567212  0.0000000   1.3406775e-06  5.4784201e-05  0.00016577146  1.9936880e-06  2.1910653e-05  1.0966378e-06  5.8805804e-06  7.0197950e-07  -0.00015357275  -0.00082567212  0.0000000   1.3406775e-06  5.4784201e-05  0.00016577146  1.9936880e-06  2.1910653e-05  1.0966378e-06  
0.00012807795  1.8316313e-06  5.2323054e-06  -3.3072995e-06  -1.3406775e-06  0.0000000   -3.5232954e-06  1.0619905e-05  -0.00018573638  1.3124587e-06  -8.9733771e-05  0.00012807795  1.8316313e-06  5.2323054e-06  -3.3072995e-06  -1.3406775e-06  0.0000000   -3.5232954e-06  1.0619905e-05  -0.00018573638  1.3124587e-06  -8.9733771e-05  
3.7248477e-06  -9.8307958e-06  -0.00021461570  0.00015393357  -5.4784201e-05  3.5232954e-06  0.0000000   -0.00025013553  -6.4233662e-06  -9.5773922e-05  -7.8590528e-06  3.7248477e-06  -9.8307958e-06  -0.00021461570  0.00015393357  -5.4784201e-05  3.5232954e-06  0.0000000   -0.00025013553  -6.4233662e-06  -9.5773922e-05  -7.8590528e-06  
2.2160949e-06  1.4254766e-06  4.9013340e-05  3.9207899e-05  -0.00016577146  -1.0619905e-05  0.00025013553  0.0000000   -5.2272048e-06  0.00031079292  5.5104224e-06  2.2160949e-06  1.4254766e-06  4.9013340e-05  3.9207899e-05  -0.00016577146  -1.0619905e-05  0.00025013553  0.0000000   -5.2272048e-06  0.00031079292  5.5104224e-06  
7.2280579e-05  6.1428695e-05  -1.8455701e-06  9.7244615e-07  -1.9936880e-06  0.00018573638  6.4233662e-06  5.2272048e-06  0.0000000   -6.7249373e-06  0.00038359844  7.2280579e-05  6.1428695e-05  -1.8455701e-06  9.7244615e-07  -1.9936880e-06  0.00018573638  6.4233662e-06  5.2272048e-06  0.0000000   -6.7249373e-06  0.00038359844  
2.0562301e-06  -1.3491705e-06  -1.3612844e-05  0.00010893034  -2.1910653e-05  -1.3124587e-06  9.5773922e-05  -0.00031079292  6.7249373e-06  0.0000000   2.6997789e-06  2.0562301e-06  -1.3491705e-06  -1.3612844e-05  0.00010893034  -2.1910653e-05  -1.3124587e-06  9.5773922e-05  -0.00031079292  6.7249373e-06  0.0000000   2.6997789e-06  
1.3160532e-06  2.7551334e-06  1.1826497e-06  1.1017753e-06  -1.0966378e-06  8.9733771e-05  7.8590528e-06  -5.5104224e-06  -0.00038359844  -2.6997789e-06  0.0000000   1.3160532e-06  2.7551334e-06  1.1826497e-06  1.1017753e-06  -1.0966378e-06  8.9733771e-05  7.8590528e-06  -5.5104224e-06  -0.00038359844  -2.6997789e-06  0.0000000   
0.0000000   -0.00065977332  3.4785729e-05  -4.8477856e-06  -5.8805804e-06  -0.00012807795  -3.7248477e-06  -2.2160949e-06  -7.2280579e-05  -2.0562301e-06  -1.3160532e-06  0.0000000   -0.00065977332  3.4785729e-05  -4.8477856e-06  -5.8805804e-06  -0.00012807795  -3.7248477e-06  -2.2160949e-06  -7.2280579e-05  -2.0562301e-06  -1.3160532e-06  
0.00065977332  0.0000000   -9.9817195e-07  -7.7458178e-06  -7.0197950e-07  -1.8316313e-06  9.8307958e-06  -1.4254766e-06  -6.1428695e-05  1.3491705e-06  -2.7551334e-06  0.00065977332  0.0000000   -9.9817195e-07  -7.7458178e-06  -7.0197950e-07  -1.8316313e-06  9.8307958e-06  -1.4254766e-06  -6.1428695e-05  1.3491705e-06  -2.7551334e-06  
-3.4785729e-05  9.9817195e-07  0.0000000   -0.00022638401  0.00015357275  -5.2323054e-06  0.00021461570  -4.9013340e-05  1.8455701e-06  1.3612844e-05  -1.1826497e-06  -3.4785729e-05  9.9817195e-07  0.0000000   -0.00022638401  0.00015357275  -5.2323054e-06  0.00021461570  -4.9013340e-05  1.8455701e-06  1.3612844e-05  -1.1826497e-06  
4.8477856e-06  7.7458178e-06  0.00022638401  0.0000000   0.00082567212  3.3072995e-06  -0.00015393357  -3.9207899e-05  -9.7244615e-07  -0.00010893034  -1.1017753e-06  4.8477856e-06  7.7458178e-06  0.00022638401  0.0000000   0.00082567212  3.3072995e-06  -0.00015393357  -3.9207899e-05  -9.7244615e-07  -0.00010893034  -1.1017753e-06  
5.8805804e-06  7.0197950e-07  -0.00015357275  -0.00082567212  0.0000000   1.3406775e-06  5.4784201e-05  0.00016577146  1.9936880e-06  2.1910653e-05  1.0966378e-06  5.8805804e-06  7.0197950e-07  -0.00015357275  -0.00082567212  0.0000000   1.3406775e-06  5.4784201e-05  0.00016577146  1.9936880e-06  2.1910653e-05  1.0966378e-06  
0.00012807795  1.8316313e-06  5.2323054e-06  -3.3072995e-06  -1.3406775e-06  0.0000000   -3.5232954e-06  1.0619905e-05  -0.00018573638  1.3124587e-06  -8.9733771e-05  0.00012807795  1.8316313e-06  5.2323054e-06  -3.3072995e-06  -1.3406775e-06  0.0000000   -3.5232954e-06  1.0619905e-05  -0.00018573638  1.3124587e-06  -8.9733771e-05  
3.7248477e-06  -9.8307958e-06  -0.00021461570  0.00015393357  -5.4784201e-05  3.5232954e-06  0.0000000   -0.00025013553  -6.4233662e-06  -9.5773922e-05  -7.8590528e-06  3.7248477e-06  -9.8307958e-06  -0.00021461570  0.00015393357  -5.4784201e-05  3.5232954e-06  0.0000000   -0.00025013553  -6.4233662e-06  -9.5773922e-05  -7.8590528e-06  
2.2160949e-06  1.4254766e-06  4.9013340e-05  3.9207899e-05  -0.00016577146  -1.0619905e-05  0.00025013553  0.0000000   -5.2272048e-06  0.00031079292  5.5104224e-06  2.2160949e-06  1.4254766e-06  4.9013340e-05  3.9207899e-05  -0.00016577146  -1.0619905e-05  0.00025013553  0.0000000   -5.2272048e-06  0.00031079292  5.5104224e-06  
7.2280579e-05  6.1428695e-05  -1.8455701e-06  9.7244615e-07  -1.9936880e-06  0.00018573638  6.4233662e-06  5.2272048e-06  0.0000000   -6.7249373e-06  0.00038359844  7.2280579e-05  6.1428695e-05  -1.8455701e-06  9.7244615e-07  -1.9936880e-06  0.00018573638  6.4233662e-06  5.2272048e-06  0.0000000   -6.7249373e-06  0.00038359844  
2.0562301e-06  -1.3491705e-06  -1.3612844e-05  0.00010893034  -2.1910653e-05  -1.3124587e-06  9.5773922e-05  -0.00031079292  6.7249373e-06  0.0000000   2.6997789e-06  2.0562301e-06  -1.3491705e-06  -1.3612844e-05  0.00010893034  -2.1910653e-05  -1.3124587e-06  9.5773922e-05  -0.00031079292  6.7249373e-06  0.0000000   2.6997789e-06  
1.3160532e-06  2.7551334e-06  1.1826497e-06  1.1017753e-06  -1.0966378e-06  8.9733771e-05  7.8590528e-06  -5.5104224e-06  -0.00038359844  -2.6997789e-06  0.0000000   1.3160532e-06  2.7551334e-06  1.1826497e-06  1.1017753e-06  -1.0966378e-06  8.9733771e-05  7.8590528e-06  -5.5104224e-06  -0.00038359844  -2.6997789e-06  0.0000000   
