0.0000000   0.00011179729  4.2753795e-05  1.5591161e-05  -2.6045150e-05  1.2566287e-05  -4.1306627e-06  6.1549188e-06  -9.8315912e-05  1.1069897e-05  -3.0006211e-07  0.0000000   0.00011179729  4.2753795e-05  1.5591161e-05  -2.6045150e-05  1.2566287e-05  -4.1306627e-06  6.1549188e-06  -9.8315912e-05  1.1069897e-05  -3.0006211e-07  
-0.00011179729  0.0000000   -0.00085084591  -0.00028935248  -8.0589689e-05  5.7892894e-06  1.3825379e-05  -1.1114548e-06  -0.00047451009  4.1093336e-05  -2.9094440e-06  -0.00011179729  0.0000000   -0.00085084591  -0.00028935248  -8.0589689e-05  5.7892894e-06  1.3825379e-05  -1.1114548e-06  -0.00047451009  4.1093336e-05  -2.9094440e-06  
-4.2753795e-05  0.00085084591  0.0000000   -1.8939137e-06  -0.00047292831  1.5143255e-06  0.00010203119  -7.0668960e-05  9.5073960e-05  7.3705032e-05  0.00011196413  -4.2753795e-05  0.00085084591  0.0000000   -1.8939137e-06  -0.00047292831  1.5143255e-06  0.00010203119  -7.0668960e-05  9.5073960e-05  7.3705032e-05  0.00011196413  
-1.5591161e-05  0.00028935248  1.8939137e-06  0.0000000   -0.00016503916  4.3287909e-05  -0.00032083796  0.00020386845  8.2666401e-06  -0.00024237713  -0.00032641443  -1.5591161e-05  0.00028935248  1.8939137e-06  0.0000000   -0.00016503916  4.3287909e-05  -0.00032083796  0.00020386845  8.2666401e-06  -0.00024237713  -0.00032641443  
2.6045150e-05  8.0589689e-05  0.00047292831  0.00016503916  0.0000000   -3.6100535e-07  1.4169800e-05  -5.2178072e-06  0.00010871170  -3.2289440e-06  4.4679350e-06  2.6045150e-05  8.0589689e-05  0.00047292831  0.00016503916  0.0000000   -3.6100535e-07  1.4169800e-05  -5.2178072e-06  0.00010871170  -3.2289440e-06  4.4679350e-06  
-1.2566287e-05  -5.7892894e-06  -1.5143255e-06  -4.3287909e-05  3.6100535e-07  0.0000000   -0.0024615408  0.00044922233  -2.0090452e-05  -0.00012180467  2.3808927e-05  -1.2566287e-05  -5.7892894e-06  -1.5143255e-06  -4.3287909e-05  3.6100535e-07  0.0000000   -0.0024615408  0.00044922233  -2.0090452e-05  -0.00012180467  2.3808927e-05  
4.1306627e-06  -1.3825379e-05  -0.00010203119  0.00032083796  -1.4169800e-05  0.0024615408  0.0000000   0.0011291952  1.3067156e-06  -7.1500839e-05  -0.00035984906  4.1306627e-06  -1.3825379e-05  -0.00010203119  0.00032083796  -1.4169800e-05  0.0024615408  0.0000000   0.0011291952  1.3067156e-06  -7.1500839e-05  -0.00035984906  
-6.1549188e-06  1.1114548e-06  7.0668960e-05  -0.00020386845  5.2178072e-06  -0.00044922233  -0.0011291952  0.0000000   -1.4821049e-05  -0.00012234590  2.8850771e-05  -6.1549188e-06  1.1114548e-06  7.0668960e-05  -0.00020386845  5.2178072e-06  -0.00044922233  -0.0011291952  0.0000000   -1.4821049e-05  -0.00012234590  2.8850771e-05  
9.8315912e-05  0.00047451009  -9.5073960e-05  -8.2666401e-06  -0.00010871170  2.0090452e-05  -1.3067156e-06  1.4821049e-05  0.0000000   -1.5890550e-06  -4.6887202e-05  9.8315912e-05  0.00047451009  -9.5073960e-05  -8.2666401e-06  -0.00010871170  2.0090452e-05  -1.3067156e-06  1.4821049e-05  0.0000000   -1.5890550e-06  -4.6887202e-05  
-1.1069897e-05  -4.1093336e-05  -7.3705032e-05  0.00024237713  3.2289440e-06  0.00012180467  7.1500839e-05  0.00012234590  1.5890550e-06  0.0000000   -0.00050189443  -1.1069897e-05  -4.1093336e-05  -7.3705032e-05  0.00024237713  3.2289440e-06  0.00012180467  7.1500839e-05  0.00012234590  1.5890550e-06  0.0000000   -0.00050189443  
3.0006211e-07  2.9094440e-06  -0.00011196413  0.00032641443  -4.4679350e-06  -2.3808927e-05  0.00035984906  -2.8850771e-05  4.6887202e-05  0.00050189443  0.0000000   3.0006211e-07  2.9094440e-06  -0.00011196413  0.00032641443  -4.4679350e-06  -2.3808927e-05  0.00035984906  -2.8850771e-05  4.6887202e-05  0.00050189443  0.0000000   
0.0000000   0.00011179729  4.2753795e-05  1.5591161e-05  -2.6045150e-05  1.2566287e-05  -4.1306627e-06  6.1549188e-06  -9.8315912e-05  1.1069897e-05  -3.0006211e-07  0.0000000   0.00011179729  4.2753795e-05  1.5591161e-05  -2.6045150e-05  1.2566287e-05  -4.1306627e-06  6.1549188e-06  -9.8315912e-05  1.1069897e-05  -3.0006211e-07  
-0.00011179729  0.0000000   -0.00085084591  -0.00028935248  -8.0589689e-05  5.7892894e-06  1.3825379e-05  -1.1114548e-06  -0.00047451009  4.1093336e-05  -2.9094440e-06  -0.00011179729  0.0000000   -0.00085084591  -0.00028935248  -8.0589689e-05  5.7892894e-06  1.3825379e-05  -1.1114548e-06  -0.00047451009  4.1093336e-05  -2.9094440e-06  
-4.2753795e-05  0.00085084591  0.0000000   -1.8939137e-06  -0.00047292831  1.5143255e-06  0.00010203119  -7.0668960e-05  9.5073960e-05  7.3705032e-05  0.00011196413  -4.2753795e-05  0.00085084591  0.0000000   -1.8939137e-06  -0.00047292831  1.5143255e-06  0.00010203119  -7.0668960e-05  9.5073960e-05  7.3705032e-05  0.00011196413  
-1.5591161e-05  0.00028935248  1.8939137e-06  0.0000000   -0.00016503916  4.3287909e-05  -0.00032083796  0.00020386845  8.2666401e-06  -0.00024237713  -0.00032641443  -1.5591161e-05  0.00028935248  1.8939137e-06  0.0000000   -0.00016503916  4.3287909e-05  -0.00032083796  0.00020386845  8.2666401e-06  -0.00024237713  -0.00032641443  
2.6045150e-05  8.0589689e-05  0.00047292831  0.00016503916  0.0000000   -3.6100535e-07  1.4169800e-05  -5.2178072e-06  0.00010871170  -3.2289440e-06  4.4679350e-06  2.6045150e-05  8.0589689e-05  0.00047292831  0.00016503916  0.0000000   -3.6100535e-07  1.4169800e-05  -5.2178072e-06  0.00010871170  -3.2289440e-06  4.4679350e-06  
-1.2566287e-05  -5.7892894e-06  -1.5143255e-06  -4.3287909e-05  3.6100535e-07  0.0000000   -0.0024615408  0.00044922233  -2.0090452e-05  -0.00012180467  2.3808927e-05  -1.2566287e-05  -5.7892894e-06  -1.5143255e-06  -4.3287909e-05  3.6100535e-07  0.0000000   -0.0024615408  0.00044922233  -2.0090452e-05  -0.00012180467  2.3808927e-05  
4.1306627e-06  -1.3825379e-05  -0.00010203119  0.00032083796  -1.4169800e-05  0.0024615408  0.0000000   0.0011291952  1.3067156e-06  -7.1500839e-05  -0.00035984906  4.1306627e-06  -1.3825379e-05  -0.00010203119  0.00032083796  -1.4169800e-05  0.0024615408  0.0000000   0.0011291952  1.3067156e-06  -7.1500839e-05  -0.00035984906  
-6.1549188e-06  1.1114548e-06  7.0668960e-05  -0.00020386845  5.2178072e-06  -0.00044922233  -0.0011291952  0.0000000   -1.4821049e-05  -0.00012234590  2.8850771e-05  -6.1549188e-06  1.1114548e-06  7.0668960e-05  -0.00020386845  5.2178072e-06  -0.00044922233  -0.0011291952  0.0000000   -1.4821049e-05  -0.00012234590  2.8850771e-05  
9.8315912e-05  0.00047451009  -9.5073960e-05  -8.2666401e-06  -0.00010871170  2.0090452e-05  -1.3067156e-06  1.4821049e-05  0.0000000   -1.5890550e-06  -4.6887202e-05  9.8315912e-05  0.00047451009  -9.5073960e-05  -8.2666401e-06  -0.00010871170  2.0090452e-05  -1.3067156e-06  1.4821049e-05  0.0000000   -1.5890550e-06  -4.6887202e-05  
-1.1069897e-05  -4.1093336e-05  -7.3705032e-05  0.00024237713  3.2289440e-06  0.00012180467  7.1500839e-05  0.00012234590  1.5890550e-06  0.0000000   -0.00050189443  -1.1069897e-05  -4.1093336e-05  -7.3705032e-05  0.00024237713  3.2289440e-06  0.00012180467  7.1500839e-05  0.00012234590  1.5890550e-06  0.0000000   -0.00050189443  
3.0006211e-07  2.9094440e-06  -0.00011196413  0.00032641443  -4.4679350e-06  -2.3808927e-05  0.00035984906  -2.8850771e-05  4.6887202e-05  0.00050189443  0.0000000   3.0006211e-07  2.9094440e-06  -0.00011196413  0.00032641443  -4.4679350e-06  -2.3808927e-05  0.00035984906  -2.8850771e-05  4.6887202e-05  0.00050189443  0.0000000   
