0.0000000   -5.6833491e-05  5.7065139e-05  4.5417045e-07  -7.3501100e-07  -1.3093473e-07  0.00012284059  -1.1543815e-07  -4.5653375e-05  -3.0845938e-07  -6.1173554e-05  0.0000000   -5.6833491e-05  5.7065139e-05  4.5417045e-07  -7.3501100e-07  -1.3093473e-07  0.00012284059  -1.1543815e-07  -4.5653375e-05  -3.0845938e-07  -6.1173554e-05  
5.6833491e-05  0.0000000   0.00064472888  6.0270883e-06  -4.1358742e-06  1.5374689e-06  0.00011952827  2.1026251e-06  -0.00010037946  4.0795726e-07  1.7902893e-05  5.6833491e-05  0.0000000   0.00064472888  6.0270883e-06  -4.1358742e-06  1.5374689e-06  0.00011952827  2.1026251e-06  -0.00010037946  4.0795726e-07  1.7902893e-05  
-5.7065139e-05  -0.00064472888  0.0000000   -5.5289067e-06  -2.6707649e-06  3.2594554e-07  -1.5895486e-05  1.1231459e-06  -3.7060773e-05  -1.1472885e-07  8.4495121e-05  -5.7065139e-05  -0.00064472888  0.0000000   -5.5289067e-06  -2.6707649e-06  3.2594554e-07  -1.5895486e-05  1.1231459e-06  -3.7060773e-05  -1.1472885e-07  8.4495121e-05  
-4.5417045e-07  -6.0270883e-06  5.5289067e-06  0.0000000   0.00029785882  -7.4862158e-06  1.3001807e-06  -1.8278285e-05  -5.7981865e-07  -8.5707320e-06  3.4361406e-07  -4.5417045e-07  -6.0270883e-06  5.5289067e-06  0.0000000   0.00029785882  -7.4862158e-06  1.3001807e-06  -1.8278285e-05  -5.7981865e-07  -8.5707320e-06  3.4361406e-07  
7.3501100e-07  4.1358742e-06  2.6707649e-06  -0.00029785882  0.0000000   -0.00012975769  5.3987068e-07  -7.9966811e-05  -2.7113073e-07  2.4540106e-05  -5.3849259e-07  7.3501100e-07  4.1358742e-06  2.6707649e-06  -0.00029785882  0.0000000   -0.00012975769  5.3987068e-07  -7.9966811e-05  -2.7113073e-07  2.4540106e-05  -5.3849259e-07  
1.3093473e-07  -1.5374689e-06  -3.2594554e-07  7.4862158e-06  0.00012975769  0.0000000   -7.1917885e-07  -0.00028289246  -3.8981863e-06  0.00016879717  -3.0035168e-07  1.3093473e-07  -1.5374689e-06  -3.2594554e-07  7.4862158e-06  0.00012975769  0.0000000   -7.1917885e-07  -0.00028289246  -3.8981863e-06  0.00016879717  -3.0035168e-07  
-0.00012284059  -0.00011952827  1.5895486e-05  -1.3001807e-06  -5.3987068e-07  7.1917885e-07  0.0000000   3.8451432e-07  -6.4571269e-05  2.4909280e-06  0.00018109963  -0.00012284059  -0.00011952827  1.5895486e-05  -1.3001807e-06  -5.3987068e-07  7.1917885e-07  0.0000000   3.8451432e-07  -6.4571269e-05  2.4909280e-06  0.00018109963  
1.1543815e-07  -2.1026251e-06  -1.1231459e-06  1.8278285e-05  7.9966811e-05  0.00028289246  -3.8451432e-07  0.0000000   1.5179268e-06  0.00013657310  2.0801508e-06  1.1543815e-07  -2.1026251e-06  -1.1231459e-06  1.8278285e-05  7.9966811e-05  0.00028289246  -3.8451432e-07  0.0000000   1.5179268e-06  0.00013657310  2.0801508e-06  
4.5653375e-05  0.00010037946  3.7060773e-05  5.7981865e-07  2.7113073e-07  3.8981863e-06  6.4571269e-05  -1.5179268e-06  0.0000000   1.1946755e-06  -0.00019678115  4.5653375e-05  0.00010037946  3.7060773e-05  5.7981865e-07  2.7113073e-07  3.8981863e-06  6.4571269e-05  -1.5179268e-06  0.0000000   1.1946755e-06  -0.00019678115  
3.0845938e-07  -4.0795726e-07  1.1472885e-07  8.5707320e-06  -2.4540106e-05  -0.00016879717  -2.4909280e-06  -0.00013657310  -1.1946755e-06  0.0000000   1.2162844e-06  3.0845938e-07  -4.0795726e-07  1.1472885e-07  8.5707320e-06  -2.4540106e-05  -0.00016879717  -2.4909280e-06  -0.00013657310  -1.1946755e-06  0.0000000   1.2162844e-06  
6.1173554e-05  -1.7902893e-05  -8.4495121e-05  -3.4361406e-07  5.3849259e-07  3.0035168e-07  -0.00018109963  -2.0801508e-06  0.00019678115  -1.2162844e-06  0.0000000   6.1173554e-05  -1.7902893e-05  -8.4495121e-05  -3.4361406e-07  5.3849259e-07  3.0035168e-07  -0.00018109963  -2.0801508e-06  0.00019678115  -1.2162844e-06  0.0000000   
0.0000000   -5.6833491e-05  5.7065139e-05  4.5417045e-07  -7.3501100e-07  -1.3093473e-07  0.00012284059  -1.1543815e-07  -4.5653375e-05  -3.0845938e-07  -6.1173554e-05  0.0000000   -5.6833491e-05  5.7065139e-05  4.5417045e-07  -7.3501100e-07  -1.3093473e-07  0.00012284059  -1.1543815e-07  -4.5653375e-05  -3.0845938e-07  -6.1173554e-05  
5.6833491e-05  0.0000000   0.00064472888  6.0270883e-06  -4.1358742e-06  1.5374689e-06  0.00011952827  2.1026251e-06  -0.00010037946  4.0795726e-07  1.7902893e-05  5.6833491e-05  0.0000000   0.00064472888  6.0270883e-06  -4.1358742e-06  1.5374689e-06  0.00011952827  2.1026251e-06  -0.00010037946  4.0795726e-07  1.7902893e-05  
-5.7065139e-05  -0.00064472888  0.0000000   -5.5289067e-06  -2.6707649e-06  3.2594554e-07  -1.5895486e-05  1.1231459e-06  -3.7060773e-05  -1.1472885e-07  8.4495121e-05  -5.7065139e-05  -0.00064472888  0.0000000   -5.5289067e-06  -2.6707649e-06  3.2594554e-07  -1.5895486e-05  1.1231459e-06  -3.7060773e-05  -1.1472885e-07  8.4495121e-05  
-4.5417045e-07  -6.0270883e-06  5.5289067e-06  0.0000000   0.00029785882  -7.4862158e-06  1.3001807e-06  -1.8278285e-05  -5.7981865e-07  -8.5707320e-06  3.4361406e-07  -4.5417045e-07  -6.0270883e-06  5.5289067e-06  0.0000000   0.00029785882  -7.4862158e-06  1.3001807e-06  -1.8278285e-05  -5.7981865e-07  -8.5707320e-06  3.4361406e-07  
7.3501100e-07  4.1358742e-06  2.6707649e-06  -0.00029785882  0.0000000   -0.00012975769  5.3987068e-07  -7.9966811e-05  -2.7113073e-07  2.4540106e-05  -5.3849259e-07  7.3501100e-07  4.1358742e-06  2.6707649e-06  -0.00029785882  0.0000000   -0.00012975769  5.3987068e-07  -7.9966811e-05  -2.7113073e-07  2.4540106e-05  -5.3849259e-07  
1.3093473e-07  -1.5374689e-06  -3.2594554e-07  7.4862158e-06  0.00012975769  0.0000000   -7.1917885e-07  -0.00028289246  -3.8981863e-06  0.00016879717  -3.0035168e-07  1.3093473e-07  -1.5374689e-06  -3.2594554e-07  7.4862158e-06  0.00012975769  0.0000000   -7.1917885e-07  -0.00028289246  -3.8981863e-06  0.00016879717  -3.0035168e-07  
-0.00012284059  -0.00011952827  1.5895486e-05  -1.3001807e-06  -5.3987068e-07  7.1917885e-07  0.0000000   3.8451432e-07  -6.4571269e-05  2.4909280e-06  0.00018109963  -0.00012284059  -0.00011952827  1.5895486e-05  -1.3001807e-06  -5.3987068e-07  7.1917885e-07  0.0000000   3.8451432e-07  -6.4571269e-05  2.4909280e-06  0.00018109963  
1.1543815e-07  -2.1026251e-06  -1.1231459e-06  1.8278285e-05  7.9966811e-05  0.00028289246  -3.8451432e-07  0.0000000   1.5179268e-06  0.00013657310  2.0801508e-06  1.1543815e-07  -2.1026251e-06  -1.1231459e-06  1.8278285e-05  7.9966811e-05  0.00028289246  -3.8451432e-07  0.0000000   1.5179268e-06  0.00013657310  2.0801508e-06  
4.5653375e-05  0.00010037946  3.7060773e-05  5.7981865e-07  2.7113073e-07  3.8981863e-06  6.4571269e-05  -1.5179268e-06  0.0000000   1.1946755e-06  -0.00019678115  4.5653375e-05  0.00010037946  3.7060773e-05  5.7981865e-07  2.7113073e-07  3.8981863e-06  6.4571269e-05  -1.5179268e-06  0.0000000   1.1946755e-06  -0.00019678115  
3.0845938e-07  -4.0795726e-07  1.1472885e-07  8.5707320e-06  -2.4540106e-05  -0.00016879717  -2.4909280e-06  -0.00013657310  -1.1946755e-06  0.0000000   1.2162844e-06  3.0845938e-07  -4.0795726e-07  1.1472885e-07  8.5707320e-06  -2.4540106e-05  -0.00016879717  -2.4909280e-06  -0.00013657310  -1.1946755e-06  0.0000000   1.2162844e-06  
6.1173554e-05  -1.7902893e-05  -8.4495121e-05  -3.4361406e-07  5.3849259e-07  3.0035168e-07  -0.00018109963  -2.0801508e-06  0.00019678115  -1.2162844e-06  0.0000000   6.1173554e-05  -1.7902893e-05  -8.4495121e-05  -3.4361406e-07  5.3849259e-07  3.0035168e-07  -0.00018109963  -2.0801508e-06  0.00019678115  -1.2162844e-06  0.0000000   
