0.0000000   -7.6326537e-05  -2.0080734e-06  -3.7558904e-05  5.5109209e-05  -5.2512123e-08  -0.00017392540  -1.8229169e-06  -6.3905232e-05  -1.5502413e-06  7.7600136e-06  0.0000000   -7.6326537e-05  -2.0080734e-06  -3.7558904e-05  5.5109209e-05  -5.2512123e-08  -0.00017392540  -1.8229169e-06  -6.3905232e-05  -1.5502413e-06  7.7600136e-06  
7.6326537e-05  0.0000000   0.00017141265  -0.00010442968  -7.3167136e-05  5.6345639e-08  -0.00014769184  4.1263371e-07  -6.8370823e-05  -0.00013914752  0.00013877632  7.6326537e-05  0.0000000   0.00017141265  -0.00010442968  -7.3167136e-05  5.6345639e-08  -0.00014769184  4.1263371e-07  -6.8370823e-05  -0.00013914752  0.00013877632  
2.0080734e-06  -0.00017141265  0.0000000   0.0015851970  -0.0017138902  -1.8823387e-05  0.00010744073  -2.1940374e-06  0.00014387296  0.00014545278  5.9093045e-05  2.0080734e-06  -0.00017141265  0.0000000   0.0015851970  -0.0017138902  -1.8823387e-05  0.00010744073  -2.1940374e-06  0.00014387296  0.00014545278  5.9093045e-05  
3.7558904e-05  0.00010442968  -0.0015851970  0.0000000   0.0020241956  1.1665018e-05  -0.00010867609  2.2664965e-06  3.8840301e-05  -0.00025719720  -0.00011270265  3.7558904e-05  0.00010442968  -0.0015851970  0.0000000   0.0020241956  1.1665018e-05  -0.00010867609  2.2664965e-06  3.8840301e-05  -0.00025719720  -0.00011270265  
-5.5109209e-05  7.3167136e-05  0.0017138902  -0.0020241956  0.0000000   8.5851258e-06  6.3763377e-05  -5.7710317e-07  0.00023216916  -0.00016686717  -1.2111910e-05  -5.5109209e-05  7.3167136e-05  0.0017138902  -0.0020241956  0.0000000   8.5851258e-06  6.3763377e-05  -5.7710317e-07  0.00023216916  -0.00016686717  -1.2111910e-05  
5.2512123e-08  -5.6345639e-08  1.8823387e-05  -1.1665018e-05  -8.5851258e-06  0.0000000   1.0711747e-06  -9.1109824e-05  -3.2129433e-06  8.7420185e-07  2.5689240e-07  5.2512123e-08  -5.6345639e-08  1.8823387e-05  -1.1665018e-05  -8.5851258e-06  0.0000000   1.0711747e-06  -9.1109824e-05  -3.2129433e-06  8.7420185e-07  2.5689240e-07  
0.00017392540  0.00014769184  -0.00010744073  0.00010867609  -6.3763377e-05  -1.0711747e-06  0.0000000   -2.9345168e-06  0.00046616232  2.3103750e-05  5.0645900e-05  0.00017392540  0.00014769184  -0.00010744073  0.00010867609  -6.3763377e-05  -1.0711747e-06  0.0000000   -2.9345168e-06  0.00046616232  2.3103750e-05  5.0645900e-05  
1.8229169e-06  -4.1263371e-07  2.1940374e-06  -2.2664965e-06  5.7710317e-07  9.1109824e-05  2.9345168e-06  0.0000000   4.4820822e-06  -2.4254419e-06  -3.2190533e-07  1.8229169e-06  -4.1263371e-07  2.1940374e-06  -2.2664965e-06  5.7710317e-07  9.1109824e-05  2.9345168e-06  0.0000000   4.4820822e-06  -2.4254419e-06  -3.2190533e-07  
6.3905232e-05  6.8370823e-05  -0.00014387296  -3.8840301e-05  -0.00023216916  3.2129433e-06  -0.00046616232  -4.4820822e-06  0.0000000   0.00048767087  7.7377738e-05  6.3905232e-05  6.8370823e-05  -0.00014387296  -3.8840301e-05  -0.00023216916  3.2129433e-06  -0.00046616232  -4.4820822e-06  0.0000000   0.00048767087  7.7377738e-05  
1.5502413e-06  0.00013914752  -0.00014545278  0.00025719720  0.00016686717  -8.7420185e-07  -2.3103750e-05  2.4254419e-06  -0.00048767087  0.0000000   -0.00014752658  1.5502413e-06  0.00013914752  -0.00014545278  0.00025719720  0.00016686717  -8.7420185e-07  -2.3103750e-05  2.4254419e-06  -0.00048767087  0.0000000   -0.00014752658  
-7.7600136e-06  -0.00013877632  -5.9093045e-05  0.00011270265  1.2111910e-05  -2.5689240e-07  -5.0645900e-05  3.2190533e-07  -7.7377738e-05  0.00014752658  0.0000000   -7.7600136e-06  -0.00013877632  -5.9093045e-05  0.00011270265  1.2111910e-05  -2.5689240e-07  -5.0645900e-05  3.2190533e-07  -7.7377738e-05  0.00014752658  0.0000000   
0.0000000   -7.6326537e-05  -2.0080734e-06  -3.7558904e-05  5.5109209e-05  -5.2512123e-08  -0.00017392540  -1.8229169e-06  -6.3905232e-05  -1.5502413e-06  7.7600136e-06  0.0000000   -7.6326537e-05  -2.0080734e-06  -3.7558904e-05  5.5109209e-05  -5.2512123e-08  -0.00017392540  -1.8229169e-06  -6.3905232e-05  -1.5502413e-06  7.7600136e-06  
7.6326537e-05  0.0000000   0.00017141265  -0.00010442968  -7.3167136e-05  5.6345639e-08  -0.00014769184  4.1263371e-07  -6.8370823e-05  -0.00013914752  0.00013877632  7.6326537e-05  0.0000000   0.00017141265  -0.00010442968  -7.3167136e-05  5.6345639e-08  -0.00014769184  4.1263371e-07  -6.8370823e-05  -0.00013914752  0.00013877632  
2.0080734e-06  -0.00017141265  0.0000000   0.0015851970  -0.0017138902  -1.8823387e-05  0.00010744073  -2.1940374e-06  0.00014387296  0.00014545278  5.9093045e-05  2.0080734e-06  -0.00017141265  0.0000000   0.0015851970  -0.0017138902  -1.8823387e-05  0.00010744073  -2.1940374e-06  0.00014387296  0.00014545278  5.9093045e-05  
3.7558904e-05  0.00010442968  -0.0015851970  0.0000000   0.0020241956  1.1665018e-05  -0.00010867609  2.2664965e-06  3.8840301e-05  -0.00025719720  -0.00011270265  3.7558904e-05  0.00010442968  -0.0015851970  0.0000000   0.0020241956  1.1665018e-05  -0.00010867609  2.2664965e-06  3.8840301e-05  -0.00025719720  -0.00011270265  
-5.5109209e-05  7.3167136e-05  0.0017138902  -0.0020241956  0.0000000   8.5851258e-06  6.3763377e-05  -5.7710317e-07  0.00023216916  -0.00016686717  -1.2111910e-05  -5.5109209e-05  7.3167136e-05  0.0017138902  -0.0020241956  0.0000000   8.5851258e-06  6.3763377e-05  -5.7710317e-07  0.00023216916  -0.00016686717  -1.2111910e-05  
5.2512123e-08  -5.6345639e-08  1.8823387e-05  -1.1665018e-05  -8.5851258e-06  0.0000000   1.0711747e-06  -9.1109824e-05  -3.2129433e-06  8.7420185e-07  2.5689240e-07  5.2512123e-08  -5.6345639e-08  1.8823387e-05  -1.1665018e-05  -8.5851258e-06  0.0000000   1.0711747e-06  -9.1109824e-05  -3.2129433e-06  8.7420185e-07  2.5689240e-07  
0.00017392540  0.00014769184  -0.00010744073  0.00010867609  -6.3763377e-05  -1.0711747e-06  0.0000000   -2.9345168e-06  0.00046616232  2.3103750e-05  5.0645900e-05  0.00017392540  0.00014769184  -0.00010744073  0.00010867609  -6.3763377e-05  -1.0711747e-06  0.0000000   -2.9345168e-06  0.00046616232  2.3103750e-05  5.0645900e-05  
1.8229169e-06  -4.1263371e-07  2.1940374e-06  -2.2664965e-06  5.7710317e-07  9.1109824e-05  2.9345168e-06  0.0000000   4.4820822e-06  -2.4254419e-06  -3.2190533e-07  1.8229169e-06  -4.1263371e-07  2.1940374e-06  -2.2664965e-06  5.7710317e-07  9.1109824e-05  2.9345168e-06  0.0000000   4.4820822e-06  -2.4254419e-06  -3.2190533e-07  
6.3905232e-05  6.8370823e-05  -0.00014387296  -3.8840301e-05  -0.00023216916  3.2129433e-06  -0.00046616232  -4.4820822e-06  0.0000000   0.00048767087  7.7377738e-05  6.3905232e-05  6.8370823e-05  -0.00014387296  -3.8840301e-05  -0.00023216916  3.2129433e-06  -0.00046616232  -4.4820822e-06  0.0000000   0.00048767087  7.7377738e-05  
1.5502413e-06  0.00013914752  -0.00014545278  0.00025719720  0.00016686717  -8.7420185e-07  -2.3103750e-05  2.4254419e-06  -0.00048767087  0.0000000   -0.00014752658  1.5502413e-06  0.00013914752  -0.00014545278  0.00025719720  0.00016686717  -8.7420185e-07  -2.3103750e-05  2.4254419e-06  -0.00048767087  0.0000000   -0.00014752658  
-7.7600136e-06  -0.00013877632  -5.9093045e-05  0.00011270265  1.2111910e-05  -2.5689240e-07  -5.0645900e-05  3.2190533e-07  -7.7377738e-05  0.00014752658  0.0000000   -7.7600136e-06  -0.00013877632  -5.9093045e-05  0.00011270265  1.2111910e-05  -2.5689240e-07  -5.0645900e-05  3.2190533e-07  -7.7377738e-05  0.00014752658  0.0000000   
