0.0000000   -6.8703286e-06  0.00017237010  -7.8103361e-05  -6.9831774e-07  -0.00014842256  -5.2217969e-07  4.2601945e-05  2.7817102e-05  -0.00022912292  -4.2670410e-07  0.0000000   -6.8703286e-06  0.00017237010  -7.8103361e-05  -6.9831774e-07  -0.00014842256  -5.2217969e-07  4.2601945e-05  2.7817102e-05  -0.00022912292  -4.2670410e-07  
6.8703286e-06  0.0000000   -4.7527008e-06  6.7341377e-05  3.2572317e-05  -1.8400228e-06  1.8462625e-06  -1.0119159e-05  -1.2366987e-05  -1.8612236e-05  0.00014567571  6.8703286e-06  0.0000000   -4.7527008e-06  6.7341377e-05  3.2572317e-05  -1.8400228e-06  1.8462625e-06  -1.0119159e-05  -1.2366987e-05  -1.8612236e-05  0.00014567571  
-0.00017237010  4.7527008e-06  0.0000000   -0.0016223518  -2.0839170e-05  -1.9846775e-05  8.9224405e-06  0.00025854773  0.00011928598  -3.9564516e-05  1.1028970e-05  -0.00017237010  4.7527008e-06  0.0000000   -0.0016223518  -2.0839170e-05  -1.9846775e-05  8.9224405e-06  0.00025854773  0.00011928598  -3.9564516e-05  1.1028970e-05  
7.8103361e-05  -6.7341377e-05  0.0016223518  0.0000000   1.2564175e-06  1.0825578e-05  1.8751613e-06  -8.8337829e-05  -0.00041848733  -8.8964275e-05  9.4015319e-06  7.8103361e-05  -6.7341377e-05  0.0016223518  0.0000000   1.2564175e-06  1.0825578e-05  1.8751613e-06  -8.8337829e-05  -0.00041848733  -8.8964275e-05  9.4015319e-06  
6.9831774e-07  -3.2572317e-05  2.0839170e-05  -1.2564175e-06  0.0000000   -2.2825112e-07  5.2130937e-05  -2.5246127e-06  -1.4782755e-05  9.5330640e-06  2.4649976e-05  6.9831774e-07  -3.2572317e-05  2.0839170e-05  -1.2564175e-06  0.0000000   -2.2825112e-07  5.2130937e-05  -2.5246127e-06  -1.4782755e-05  9.5330640e-06  2.4649976e-05  
0.00014842256  1.8400228e-06  1.9846775e-05  -1.0825578e-05  2.2825112e-07  0.0000000   -2.1147961e-06  -5.4409891e-05  -0.00016204263  0.00014431262  1.5172914e-06  0.00014842256  1.8400228e-06  1.9846775e-05  -1.0825578e-05  2.2825112e-07  0.0000000   -2.1147961e-06  -5.4409891e-05  -0.00016204263  0.00014431262  1.5172914e-06  
5.2217969e-07  -1.8462625e-06  -8.9224405e-06  -1.8751613e-06  -5.2130937e-05  2.1147961e-06  0.0000000   3.2377588e-06  -1.9701941e-05  3.0140374e-05  0.00025559392  5.2217969e-07  -1.8462625e-06  -8.9224405e-06  -1.8751613e-06  -5.2130937e-05  2.1147961e-06  0.0000000   3.2377588e-06  -1.9701941e-05  3.0140374e-05  0.00025559392  
-4.2601945e-05  1.0119159e-05  -0.00025854773  8.8337829e-05  2.5246127e-06  5.4409891e-05  -3.2377588e-06  0.0000000   3.5100139e-06  -7.2545565e-05  -9.6212381e-06  -4.2601945e-05  1.0119159e-05  -0.00025854773  8.8337829e-05  2.5246127e-06  5.4409891e-05  -3.2377588e-06  0.0000000   3.5100139e-06  -7.2545565e-05  -9.6212381e-06  
-2.7817102e-05  1.2366987e-05  -0.00011928598  0.00041848733  1.4782755e-05  0.00016204263  1.9701941e-05  -3.5100139e-06  0.0000000   0.0033564645  -2.2190074e-05  -2.7817102e-05  1.2366987e-05  -0.00011928598  0.00041848733  1.4782755e-05  0.00016204263  1.9701941e-05  -3.5100139e-06  0.0000000   0.0033564645  -2.2190074e-05  
0.00022912292  1.8612236e-05  3.9564516e-05  8.8964275e-05  -9.5330640e-06  -0.00014431262  -3.0140374e-05  7.2545565e-05  -0.0033564645  0.0000000   2.8852913e-05  0.00022912292  1.8612236e-05  3.9564516e-05  8.8964275e-05  -9.5330640e-06  -0.00014431262  -3.0140374e-05  7.2545565e-05  -0.0033564645  0.0000000   2.8852913e-05  
4.2670410e-07  -0.00014567571  -1.1028970e-05  -9.4015319e-06  -2.4649976e-05  -1.5172914e-06  -0.00025559392  9.6212381e-06  2.2190074e-05  -2.8852913e-05  0.0000000   4.2670410e-07  -0.00014567571  -1.1028970e-05  -9.4015319e-06  -2.4649976e-05  -1.5172914e-06  -0.00025559392  9.6212381e-06  2.2190074e-05  -2.8852913e-05  0.0000000   
0.0000000   -6.8703286e-06  0.00017237010  -7.8103361e-05  -6.9831774e-07  -0.00014842256  -5.2217969e-07  4.2601945e-05  2.7817102e-05  -0.00022912292  -4.2670410e-07  0.0000000   -6.8703286e-06  0.00017237010  -7.8103361e-05  -6.9831774e-07  -0.00014842256  -5.2217969e-07  4.2601945e-05  2.7817102e-05  -0.00022912292  -4.2670410e-07  
6.8703286e-06  0.0000000   -4.7527008e-06  6.7341377e-05  3.2572317e-05  -1.8400228e-06  1.8462625e-06  -1.0119159e-05  -1.2366987e-05  -1.8612236e-05  0.00014567571  6.8703286e-06  0.0000000   -4.7527008e-06  6.7341377e-05  3.2572317e-05  -1.8400228e-06  1.8462625e-06  -1.0119159e-05  -1.2366987e-05  -1.8612236e-05  0.00014567571  
-0.00017237010  4.7527008e-06  0.0000000   -0.0016223518  -2.0839170e-05  -1.9846775e-05  8.9224405e-06  0.00025854773  0.00011928598  -3.9564516e-05  1.1028970e-05  -0.00017237010  4.7527008e-06  0.0000000   -0.0016223518  -2.0839170e-05  -1.9846775e-05  8.9224405e-06  0.00025854773  0.00011928598  -3.9564516e-05  1.1028970e-05  
7.8103361e-05  -6.7341377e-05  0.0016223518  0.0000000   1.2564175e-06  1.0825578e-05  1.8751613e-06  -8.8337829e-05  -0.00041848733  -8.8964275e-05  9.4015319e-06  7.8103361e-05  -6.7341377e-05  0.0016223518  0.0000000   1.2564175e-06  1.0825578e-05  1.8751613e-06  -8.8337829e-05  -0.00041848733  -8.8964275e-05  9.4015319e-06  
6.9831774e-07  -3.2572317e-05  2.0839170e-05  -1.2564175e-06  0.0000000   -2.2825112e-07  5.2130937e-05  -2.5246127e-06  -1.4782755e-05  9.5330640e-06  2.4649976e-05  6.9831774e-07  -3.2572317e-05  2.0839170e-05  -1.2564175e-06  0.0000000   -2.2825112e-07  5.2130937e-05  -2.5246127e-06  -1.4782755e-05  9.5330640e-06  2.4649976e-05  
0.00014842256  1.8400228e-06  1.9846775e-05  -1.0825578e-05  2.2825112e-07  0.0000000   -2.1147961e-06  -5.4409891e-05  -0.00016204263  0.00014431262  1.5172914e-06  0.00014842256  1.8400228e-06  1.9846775e-05  -1.0825578e-05  2.2825112e-07  0.0000000   -2.1147961e-06  -5.4409891e-05  -0.00016204263  0.00014431262  1.5172914e-06  
5.2217969e-07  -1.8462625e-06  -8.9224405e-06  -1.8751613e-06  -5.2130937e-05  2.1147961e-06  0.0000000   3.2377588e-06  -1.9701941e-05  3.0140374e-05  0.00025559392  5.2217969e-07  -1.8462625e-06  -8.9224405e-06  -1.8751613e-06  -5.2130937e-05  2.1147961e-06  0.0000000   3.2377588e-06  -1.9701941e-05  3.0140374e-05  0.00025559392  
-4.2601945e-05  1.0119159e-05  -0.00025854773  8.8337829e-05  2.5246127e-06  5.4409891e-05  -3.2377588e-06  0.0000000   3.5100139e-06  -7.2545565e-05  -9.6212381e-06  -4.2601945e-05  1.0119159e-05  -0.00025854773  8.8337829e-05  2.5246127e-06  5.4409891e-05  -3.2377588e-06  0.0000000   3.5100139e-06  -7.2545565e-05  -9.6212381e-06  
-2.7817102e-05  1.2366987e-05  -0.00011928598  0.00041848733  1.4782755e-05  0.00016204263  1.9701941e-05  -3.5100139e-06  0.0000000   0.0033564645  -2.2190074e-05  -2.7817102e-05  1.2366987e-05  -0.00011928598  0.00041848733  1.4782755e-05  0.00016204263  1.9701941e-05  -3.5100139e-06  0.0000000   0.0033564645  -2.2190074e-05  
0.00022912292  1.8612236e-05  3.9564516e-05  8.8964275e-05  -9.5330640e-06  -0.00014431262  -3.0140374e-05  7.2545565e-05  -0.0033564645  0.0000000   2.8852913e-05  0.00022912292  1.8612236e-05  3.9564516e-05  8.8964275e-05  -9.5330640e-06  -0.00014431262  -3.0140374e-05  7.2545565e-05  -0.0033564645  0.0000000   2.8852913e-05  
4.2670410e-07  -0.00014567571  -1.1028970e-05  -9.4015319e-06  -2.4649976e-05  -1.5172914e-06  -0.00025559392  9.6212381e-06  2.2190074e-05  -2.8852913e-05  0.0000000   4.2670410e-07  -0.00014567571  -1.1028970e-05  -9.4015319e-06  -2.4649976e-05  -1.5172914e-06  -0.00025559392  9.6212381e-06  2.2190074e-05  -2.8852913e-05  0.0000000   
