0.0000000   1.3749909e-06  0.00024285108  0.00034033178  2.0996106e-05  -1.0345748e-05  3.8454086e-06  7.4403756e-05  4.4977711e-06  -1.3256372e-05  -1.2233046e-06  0.0000000   1.3749909e-06  0.00024285108  0.00034033178  2.0996106e-05  -1.0345748e-05  3.8454086e-06  7.4403756e-05  4.4977711e-06  -1.3256372e-05  -1.2233046e-06  
-1.3749909e-06  0.0000000   2.8468115e-05  2.8691615e-05  -8.3002739e-06  0.00014375451  -5.8107617e-05  3.8133669e-06  3.5153178e-06  0.00019448328  1.2315108e-05  -1.3749909e-06  0.0000000   2.8468115e-05  2.8691615e-05  -8.3002739e-06  0.00014375451  -5.8107617e-05  3.8133669e-06  3.5153178e-06  0.00019448328  1.2315108e-05  
-0.00024285108  -2.8468115e-05  0.0000000   -0.0010095085  0.00023699843  4.1065613e-06  -6.5885862e-06  5.9119386e-05  -3.9445567e-06  2.3935668e-07  1.0545026e-08  -0.00024285108  -2.8468115e-05  0.0000000   -0.0010095085  0.00023699843  4.1065613e-06  -6.5885862e-06  5.9119386e-05  -3.9445567e-06  2.3935668e-07  1.0545026e-08  
-0.00034033178  -2.8691615e-05  0.0010095085  0.0000000   -0.00052492918  -3.4134176e-06  -2.3796449e-06  0.00011628563  3.9164193e-06  -8.4928167e-06  7.9338301e-07  -0.00034033178  -2.8691615e-05  0.0010095085  0.0000000   -0.00052492918  -3.4134176e-06  -2.3796449e-06  0.00011628563  3.9164193e-06  -8.4928167e-06  7.9338301e-07  
-2.0996106e-05  8.3002739e-06  -0.00023699843  0.00052492918  0.0000000   5.2198419e-08  -1.0489238e-06  0.00021635824  5.6060854e-06  -1.3992632e-06  -4.0861665e-06  -2.0996106e-05  8.3002739e-06  -0.00023699843  0.00052492918  0.0000000   5.2198419e-08  -1.0489238e-06  0.00021635824  5.6060854e-06  -1.3992632e-06  -4.0861665e-06  
1.0345748e-05  -0.00014375451  -4.1065613e-06  3.4134176e-06  -5.2198419e-08  0.0000000   3.5473137e-05  -3.2048475e-06  0.00010772468  -0.00029123609  -1.0400999e-05  1.0345748e-05  -0.00014375451  -4.1065613e-06  3.4134176e-06  -5.2198419e-08  0.0000000   3.5473137e-05  -3.2048475e-06  0.00010772468  -0.00029123609  -1.0400999e-05  
-3.8454086e-06  5.8107617e-05  6.5885862e-06  2.3796449e-06  1.0489238e-06  -3.5473137e-05  0.0000000   1.5694138e-05  -0.00050354642  -1.5581801e-05  -8.9737206e-05  -3.8454086e-06  5.8107617e-05  6.5885862e-06  2.3796449e-06  1.0489238e-06  -3.5473137e-05  0.0000000   1.5694138e-05  -0.00050354642  -1.5581801e-05  -8.9737206e-05  
-7.4403756e-05  -3.8133669e-06  -5.9119386e-05  -0.00011628563  -0.00021635824  3.2048475e-06  -1.5694138e-05  0.0000000   -8.8148893e-06  -1.0321396e-05  -9.9463234e-06  -7.4403756e-05  -3.8133669e-06  -5.9119386e-05  -0.00011628563  -0.00021635824  3.2048475e-06  -1.5694138e-05  0.0000000   -8.8148893e-06  -1.0321396e-05  -9.9463234e-06  
-4.4977711e-06  -3.5153178e-06  3.9445567e-06  -3.9164193e-06  -5.6060854e-06  -0.00010772468  0.00050354642  8.8148893e-06  0.0000000   0.00025225985  6.5973173e-05  -4.4977711e-06  -3.5153178e-06  3.9445567e-06  -3.9164193e-06  -5.6060854e-06  -0.00010772468  0.00050354642  8.8148893e-06  0.0000000   0.00025225985  6.5973173e-05  
1.3256372e-05  -0.00019448328  -2.3935668e-07  8.4928167e-06  1.3992632e-06  0.00029123609  1.5581801e-05  1.0321396e-05  -0.00025225985  0.0000000   -0.00019355183  1.3256372e-05  -0.00019448328  -2.3935668e-07  8.4928167e-06  1.3992632e-06  0.00029123609  1.5581801e-05  1.0321396e-05  -0.00025225985  0.0000000   -0.00019355183  
1.2233046e-06  -1.2315108e-05  -1.0545026e-08  -7.9338301e-07  4.0861665e-06  1.0400999e-05  8.9737206e-05  9.9463234e-06  -6.5973173e-05  0.00019355183  0.0000000   1.2233046e-06  -1.2315108e-05  -1.0545026e-08  -7.9338301e-07  4.0861665e-06  1.0400999e-05  8.9737206e-05  9.9463234e-06  -6.5973173e-05  0.00019355183  0.0000000   
0.0000000   1.3749909e-06  0.00024285108  0.00034033178  2.0996106e-05  -1.0345748e-05  3.8454086e-06  7.4403756e-05  4.4977711e-06  -1.3256372e-05  -1.2233046e-06  0.0000000   1.3749909e-06  0.00024285108  0.00034033178  2.0996106e-05  -1.0345748e-05  3.8454086e-06  7.4403756e-05  4.4977711e-06  -1.3256372e-05  -1.2233046e-06  
-1.3749909e-06  0.0000000   2.8468115e-05  2.8691615e-05  -8.3002739e-06  0.00014375451  -5.8107617e-05  3.8133669e-06  3.5153178e-06  0.00019448328  1.2315108e-05  -1.3749909e-06  0.0000000   2.8468115e-05  2.8691615e-05  -8.3002739e-06  0.00014375451  -5.8107617e-05  3.8133669e-06  3.5153178e-06  0.00019448328  1.2315108e-05  
-0.00024285108  -2.8468115e-05  0.0000000   -0.0010095085  0.00023699843  4.1065613e-06  -6.5885862e-06  5.9119386e-05  -3.9445567e-06  2.3935668e-07  1.0545026e-08  -0.00024285108  -2.8468115e-05  0.0000000   -0.0010095085  0.00023699843  4.1065613e-06  -6.5885862e-06  5.9119386e-05  -3.9445567e-06  2.3935668e-07  1.0545026e-08  
-0.00034033178  -2.8691615e-05  0.0010095085  0.0000000   -0.00052492918  -3.4134176e-06  -2.3796449e-06  0.00011628563  3.9164193e-06  -8.4928167e-06  7.9338301e-07  -0.00034033178  -2.8691615e-05  0.0010095085  0.0000000   -0.00052492918  -3.4134176e-06  -2.3796449e-06  0.00011628563  3.9164193e-06  -8.4928167e-06  7.9338301e-07  
-2.0996106e-05  8.3002739e-06  -0.00023699843  0.00052492918  0.0000000   5.2198419e-08  -1.0489238e-06  0.00021635824  5.6060854e-06  -1.3992632e-06  -4.0861665e-06  -2.0996106e-05  8.3002739e-06  -0.00023699843  0.00052492918  0.0000000   5.2198419e-08  -1.0489238e-06  0.00021635824  5.6060854e-06  -1.3992632e-06  -4.0861665e-06  
1.0345748e-05  -0.00014375451  -4.1065613e-06  3.4134176e-06  -5.2198419e-08  0.0000000   3.5473137e-05  -3.2048475e-06  0.00010772468  -0.00029123609  -1.0400999e-05  1.0345748e-05  -0.00014375451  -4.1065613e-06  3.4134176e-06  -5.2198419e-08  0.0000000   3.5473137e-05  -3.2048475e-06  0.00010772468  -0.00029123609  -1.0400999e-05  
-3.8454086e-06  5.8107617e-05  6.5885862e-06  2.3796449e-06  1.0489238e-06  -3.5473137e-05  0.0000000   1.5694138e-05  -0.00050354642  -1.5581801e-05  -8.9737206e-05  -3.8454086e-06  5.8107617e-05  6.5885862e-06  2.3796449e-06  1.0489238e-06  -3.5473137e-05  0.0000000   1.5694138e-05  -0.00050354642  -1.5581801e-05  -8.9737206e-05  
-7.4403756e-05  -3.8133669e-06  -5.9119386e-05  -0.00011628563  -0.00021635824  3.2048475e-06  -1.5694138e-05  0.0000000   -8.8148893e-06  -1.0321396e-05  -9.9463234e-06  -7.4403756e-05  -3.8133669e-06  -5.9119386e-05  -0.00011628563  -0.00021635824  3.2048475e-06  -1.5694138e-05  0.0000000   -8.8148893e-06  -1.0321396e-05  -9.9463234e-06  
-4.4977711e-06  -3.5153178e-06  3.9445567e-06  -3.9164193e-06  -5.6060854e-06  -0.00010772468  0.00050354642  8.8148893e-06  0.0000000   0.00025225985  6.5973173e-05  -4.4977711e-06  -3.5153178e-06  3.9445567e-06  -3.9164193e-06  -5.6060854e-06  -0.00010772468  0.00050354642  8.8148893e-06  0.0000000   0.00025225985  6.5973173e-05  
1.3256372e-05  -0.00019448328  -2.3935668e-07  8.4928167e-06  1.3992632e-06  0.00029123609  1.5581801e-05  1.0321396e-05  -0.00025225985  0.0000000   -0.00019355183  1.3256372e-05  -0.00019448328  -2.3935668e-07  8.4928167e-06  1.3992632e-06  0.00029123609  1.5581801e-05  1.0321396e-05  -0.00025225985  0.0000000   -0.00019355183  
1.2233046e-06  -1.2315108e-05  -1.0545026e-08  -7.9338301e-07  4.0861665e-06  1.0400999e-05  8.9737206e-05  9.9463234e-06  -6.5973173e-05  0.00019355183  0.0000000   1.2233046e-06  -1.2315108e-05  -1.0545026e-08  -7.9338301e-07  4.0861665e-06  1.0400999e-05  8.9737206e-05  9.9463234e-06  -6.5973173e-05  0.00019355183  0.0000000   
