0.0000000   1.9158591e-06  -9.2485350e-06  4.6043901e-05  8.6796206e-07  -2.9070224e-05  -7.3296902e-05  -6.5779223e-07  1.0432728e-06  3.9824648e-07  -9.5619990e-07  0.0000000   1.9158591e-06  -9.2485350e-06  4.6043901e-05  8.6796206e-07  -2.9070224e-05  -7.3296902e-05  -6.5779223e-07  1.0432728e-06  3.9824648e-07  -9.5619990e-07  
-1.9158591e-06  0.0000000   -0.00035069765  -1.0704877e-05  4.0375288e-05  -5.7966734e-07  6.0089965e-07  1.2759186e-05  1.9333066e-05  4.7921749e-06  -2.7796507e-05  -1.9158591e-06  0.0000000   -0.00035069765  -1.0704877e-05  4.0375288e-05  -5.7966734e-07  6.0089965e-07  1.2759186e-05  1.9333066e-05  4.7921749e-06  -2.7796507e-05  
9.2485350e-06  0.00035069765  0.0000000   -5.5437685e-07  -0.00017521713  -1.0793813e-06  1.1762477e-06  -3.1864582e-05  -3.4836438e-05  -1.0756659e-05  -6.4604929e-06  9.2485350e-06  0.00035069765  0.0000000   -5.5437685e-07  -0.00017521713  -1.0793813e-06  1.1762477e-06  -3.1864582e-05  -3.4836438e-05  -1.0756659e-05  -6.4604929e-06  
-4.6043901e-05  1.0704877e-05  5.5437685e-07  0.0000000   -3.9196370e-06  -1.3415737e-05  -8.5106106e-06  -7.3952836e-07  1.2381691e-06  3.6509639e-08  -8.5254314e-07  -4.6043901e-05  1.0704877e-05  5.5437685e-07  0.0000000   -3.9196370e-06  -1.3415737e-05  -8.5106106e-06  -7.3952836e-07  1.2381691e-06  3.6509639e-08  -8.5254314e-07  
-8.6796206e-07  -4.0375288e-05  0.00017521713  3.9196370e-06  0.0000000   1.9795952e-06  1.3108961e-06  -3.4562104e-05  -9.1267836e-06  7.1542962e-08  -3.5740694e-06  -8.6796206e-07  -4.0375288e-05  0.00017521713  3.9196370e-06  0.0000000   1.9795952e-06  1.3108961e-06  -3.4562104e-05  -9.1267836e-06  7.1542962e-08  -3.5740694e-06  
2.9070224e-05  5.7966734e-07  1.0793813e-06  1.3415737e-05  -1.9795952e-06  0.0000000   -0.00079792323  1.1137938e-06  -2.0607673e-05  -5.2008027e-06  -4.8792342e-06  2.9070224e-05  5.7966734e-07  1.0793813e-06  1.3415737e-05  -1.9795952e-06  0.0000000   -0.00079792323  1.1137938e-06  -2.0607673e-05  -5.2008027e-06  -4.8792342e-06  
7.3296902e-05  -6.0089965e-07  -1.1762477e-06  8.5106106e-06  -1.3108961e-06  0.00079792323  0.0000000   1.9622603e-05  2.0718251e-07  3.1184593e-06  6.8218173e-07  7.3296902e-05  -6.0089965e-07  -1.1762477e-06  8.5106106e-06  -1.3108961e-06  0.00079792323  0.0000000   1.9622603e-05  2.0718251e-07  3.1184593e-06  6.8218173e-07  
6.5779223e-07  -1.2759186e-05  3.1864582e-05  7.3952836e-07  3.4562104e-05  -1.1137938e-06  -1.9622603e-05  0.0000000   0.00058861217  0.00015896539  1.0987345e-05  6.5779223e-07  -1.2759186e-05  3.1864582e-05  7.3952836e-07  3.4562104e-05  -1.1137938e-06  -1.9622603e-05  0.0000000   0.00058861217  0.00015896539  1.0987345e-05  
-1.0432728e-06  -1.9333066e-05  3.4836438e-05  -1.2381691e-06  9.1267836e-06  2.0607673e-05  -2.0718251e-07  -0.00058861217  0.0000000   -0.00073938000  -3.6306311e-05  -1.0432728e-06  -1.9333066e-05  3.4836438e-05  -1.2381691e-06  9.1267836e-06  2.0607673e-05  -2.0718251e-07  -0.00058861217  0.0000000   -0.00073938000  -3.6306311e-05  
-3.9824648e-07  -4.7921749e-06  1.0756659e-05  -3.6509639e-08  -7.1542962e-08  5.2008027e-06  -3.1184593e-06  -0.00015896539  0.00073938000  0.0000000   -0.00052697558  -3.9824648e-07  -4.7921749e-06  1.0756659e-05  -3.6509639e-08  -7.1542962e-08  5.2008027e-06  -3.1184593e-06  -0.00015896539  0.00073938000  0.0000000   -0.00052697558  
9.5619990e-07  2.7796507e-05  6.4604929e-06  8.5254314e-07  3.5740694e-06  4.8792342e-06  -6.8218173e-07  -1.0987345e-05  3.6306311e-05  0.00052697558  0.0000000   9.5619990e-07  2.7796507e-05  6.4604929e-06  8.5254314e-07  3.5740694e-06  4.8792342e-06  -6.8218173e-07  -1.0987345e-05  3.6306311e-05  0.00052697558  0.0000000   
0.0000000   1.9158591e-06  -9.2485350e-06  4.6043901e-05  8.6796206e-07  -2.9070224e-05  -7.3296902e-05  -6.5779223e-07  1.0432728e-06  3.9824648e-07  -9.5619990e-07  0.0000000   1.9158591e-06  -9.2485350e-06  4.6043901e-05  8.6796206e-07  -2.9070224e-05  -7.3296902e-05  -6.5779223e-07  1.0432728e-06  3.9824648e-07  -9.5619990e-07  
-1.9158591e-06  0.0000000   -0.00035069765  -1.0704877e-05  4.0375288e-05  -5.7966734e-07  6.0089965e-07  1.2759186e-05  1.9333066e-05  4.7921749e-06  -2.7796507e-05  -1.9158591e-06  0.0000000   -0.00035069765  -1.0704877e-05  4.0375288e-05  -5.7966734e-07  6.0089965e-07  1.2759186e-05  1.9333066e-05  4.7921749e-06  -2.7796507e-05  
9.2485350e-06  0.00035069765  0.0000000   -5.5437685e-07  -0.00017521713  -1.0793813e-06  1.1762477e-06  -3.1864582e-05  -3.4836438e-05  -1.0756659e-05  -6.4604929e-06  9.2485350e-06  0.00035069765  0.0000000   -5.5437685e-07  -0.00017521713  -1.0793813e-06  1.1762477e-06  -3.1864582e-05  -3.4836438e-05  -1.0756659e-05  -6.4604929e-06  
-4.6043901e-05  1.0704877e-05  5.5437685e-07  0.0000000   -3.9196370e-06  -1.3415737e-05  -8.5106106e-06  -7.3952836e-07  1.2381691e-06  3.6509639e-08  -8.5254314e-07  -4.6043901e-05  1.0704877e-05  5.5437685e-07  0.0000000   -3.9196370e-06  -1.3415737e-05  -8.5106106e-06  -7.3952836e-07  1.2381691e-06  3.6509639e-08  -8.5254314e-07  
-8.6796206e-07  -4.0375288e-05  0.00017521713  3.9196370e-06  0.0000000   1.9795952e-06  1.3108961e-06  -3.4562104e-05  -9.1267836e-06  7.1542962e-08  -3.5740694e-06  -8.6796206e-07  -4.0375288e-05  0.00017521713  3.9196370e-06  0.0000000   1.9795952e-06  1.3108961e-06  -3.4562104e-05  -9.1267836e-06  7.1542962e-08  -3.5740694e-06  
2.9070224e-05  5.7966734e-07  1.0793813e-06  1.3415737e-05  -1.9795952e-06  0.0000000   -0.00079792323  1.1137938e-06  -2.0607673e-05  -5.2008027e-06  -4.8792342e-06  2.9070224e-05  5.7966734e-07  1.0793813e-06  1.3415737e-05  -1.9795952e-06  0.0000000   -0.00079792323  1.1137938e-06  -2.0607673e-05  -5.2008027e-06  -4.8792342e-06  
7.3296902e-05  -6.0089965e-07  -1.1762477e-06  8.5106106e-06  -1.3108961e-06  0.00079792323  0.0000000   1.9622603e-05  2.0718251e-07  3.1184593e-06  6.8218173e-07  7.3296902e-05  -6.0089965e-07  -1.1762477e-06  8.5106106e-06  -1.3108961e-06  0.00079792323  0.0000000   1.9622603e-05  2.0718251e-07  3.1184593e-06  6.8218173e-07  
6.5779223e-07  -1.2759186e-05  3.1864582e-05  7.3952836e-07  3.4562104e-05  -1.1137938e-06  -1.9622603e-05  0.0000000   0.00058861217  0.00015896539  1.0987345e-05  6.5779223e-07  -1.2759186e-05  3.1864582e-05  7.3952836e-07  3.4562104e-05  -1.1137938e-06  -1.9622603e-05  0.0000000   0.00058861217  0.00015896539  1.0987345e-05  
-1.0432728e-06  -1.9333066e-05  3.4836438e-05  -1.2381691e-06  9.1267836e-06  2.0607673e-05  -2.0718251e-07  -0.00058861217  0.0000000   -0.00073938000  -3.6306311e-05  -1.0432728e-06  -1.9333066e-05  3.4836438e-05  -1.2381691e-06  9.1267836e-06  2.0607673e-05  -2.0718251e-07  -0.00058861217  0.0000000   -0.00073938000  -3.6306311e-05  
-3.9824648e-07  -4.7921749e-06  1.0756659e-05  -3.6509639e-08  -7.1542962e-08  5.2008027e-06  -3.1184593e-06  -0.00015896539  0.00073938000  0.0000000   -0.00052697558  -3.9824648e-07  -4.7921749e-06  1.0756659e-05  -3.6509639e-08  -7.1542962e-08  5.2008027e-06  -3.1184593e-06  -0.00015896539  0.00073938000  0.0000000   -0.00052697558  
9.5619990e-07  2.7796507e-05  6.4604929e-06  8.5254314e-07  3.5740694e-06  4.8792342e-06  -6.8218173e-07  -1.0987345e-05  3.6306311e-05  0.00052697558  0.0000000   9.5619990e-07  2.7796507e-05  6.4604929e-06  8.5254314e-07  3.5740694e-06  4.8792342e-06  -6.8218173e-07  -1.0987345e-05  3.6306311e-05  0.00052697558  0.0000000   
