0.0000000   -0.00010697667  -2.2483779e-07  -1.4590142e-06  3.3002423e-08  1.8720822e-07  3.2059712e-06  9.0619092e-07  4.0068286e-07  2.2338936e-08  7.2070248e-07  0.0000000   -0.00010697667  -2.2483779e-07  -1.4590142e-06  3.3002423e-08  1.8720822e-07  3.2059712e-06  9.0619092e-07  4.0068286e-07  2.2338936e-08  7.2070248e-07  
0.00010697667  0.0000000   9.3376847e-07  5.9090196e-05  4.0878376e-06  -2.5164296e-06  -3.9633255e-05  3.2136774e-07  -2.4111756e-06  1.7533736e-06  -1.5743823e-06  0.00010697667  0.0000000   9.3376847e-07  5.9090196e-05  4.0878376e-06  -2.5164296e-06  -3.9633255e-05  3.2136774e-07  -2.4111756e-06  1.7533736e-06  -1.5743823e-06  
2.2483779e-07  -9.3376847e-07  0.0000000   5.1561051e-06  -8.6647407e-05  -0.00016380664  -2.3695384e-06  0.00015239645  -2.2136334e-05  0.00013521708  -8.1669594e-05  2.2483779e-07  -9.3376847e-07  0.0000000   5.1561051e-06  -8.6647407e-05  -0.00016380664  -2.3695384e-06  0.00015239645  -2.2136334e-05  0.00013521708  -8.1669594e-05  
1.4590142e-06  -5.9090196e-05  -5.1561051e-06  0.0000000   4.4801162e-06  3.4738029e-05  -7.6097756e-07  5.1525319e-06  -1.6035470e-06  -2.7952133e-05  1.4351284e-05  1.4590142e-06  -5.9090196e-05  -5.1561051e-06  0.0000000   4.4801162e-06  3.4738029e-05  -7.6097756e-07  5.1525319e-06  -1.6035470e-06  -2.7952133e-05  1.4351284e-05  
-3.3002423e-08  -4.0878376e-06  8.6647407e-05  -4.4801162e-06  0.0000000   -0.00044623859  -4.9106206e-06  -0.00013218240  2.9437005e-05  0.00035936556  -0.00017901592  -3.3002423e-08  -4.0878376e-06  8.6647407e-05  -4.4801162e-06  0.0000000   -0.00044623859  -4.9106206e-06  -0.00013218240  2.9437005e-05  0.00035936556  -0.00017901592  
-1.8720822e-07  2.5164296e-06  0.00016380664  -3.4738029e-05  0.00044623859  0.0000000   3.2569542e-07  -8.3756039e-05  8.3753160e-05  0.00022092752  5.7456360e-05  -1.8720822e-07  2.5164296e-06  0.00016380664  -3.4738029e-05  0.00044623859  0.0000000   3.2569542e-07  -8.3756039e-05  8.3753160e-05  0.00022092752  5.7456360e-05  
-3.2059712e-06  3.9633255e-05  2.3695384e-06  7.6097756e-07  4.9106206e-06  -3.2569542e-07  0.0000000   -2.6273175e-06  3.0600856e-06  3.7531032e-06  -1.0321813e-07  -3.2059712e-06  3.9633255e-05  2.3695384e-06  7.6097756e-07  4.9106206e-06  -3.2569542e-07  0.0000000   -2.6273175e-06  3.0600856e-06  3.7531032e-06  -1.0321813e-07  
-9.0619092e-07  -3.2136774e-07  -0.00015239645  -5.1525319e-06  0.00013218240  8.3756039e-05  2.6273175e-06  0.0000000   -0.00040446143  -9.7369257e-05  -6.5383885e-07  -9.0619092e-07  -3.2136774e-07  -0.00015239645  -5.1525319e-06  0.00013218240  8.3756039e-05  2.6273175e-06  0.0000000   -0.00040446143  -9.7369257e-05  -6.5383885e-07  
-4.0068286e-07  2.4111756e-06  2.2136334e-05  1.6035470e-06  -2.9437005e-05  -8.3753160e-05  -3.0600856e-06  0.00040446143  0.0000000   -9.4964418e-05  8.4227373e-05  -4.0068286e-07  2.4111756e-06  2.2136334e-05  1.6035470e-06  -2.9437005e-05  -8.3753160e-05  -3.0600856e-06  0.00040446143  0.0000000   -9.4964418e-05  8.4227373e-05  
-2.2338936e-08  -1.7533736e-06  -0.00013521708  2.7952133e-05  -0.00035936556  -0.00022092752  -3.7531032e-06  9.7369257e-05  9.4964418e-05  0.0000000   -3.9483168e-06  -2.2338936e-08  -1.7533736e-06  -0.00013521708  2.7952133e-05  -0.00035936556  -0.00022092752  -3.7531032e-06  9.7369257e-05  9.4964418e-05  0.0000000   -3.9483168e-06  
-7.2070248e-07  1.5743823e-06  8.1669594e-05  -1.4351284e-05  0.00017901592  -5.7456360e-05  1.0321813e-07  6.5383885e-07  -8.4227373e-05  3.9483168e-06  0.0000000   -7.2070248e-07  1.5743823e-06  8.1669594e-05  -1.4351284e-05  0.00017901592  -5.7456360e-05  1.0321813e-07  6.5383885e-07  -8.4227373e-05  3.9483168e-06  0.0000000   
0.0000000   -0.00010697667  -2.2483779e-07  -1.4590142e-06  3.3002423e-08  1.8720822e-07  3.2059712e-06  9.0619092e-07  4.0068286e-07  2.2338936e-08  7.2070248e-07  0.0000000   -0.00010697667  -2.2483779e-07  -1.4590142e-06  3.3002423e-08  1.8720822e-07  3.2059712e-06  9.0619092e-07  4.0068286e-07  2.2338936e-08  7.2070248e-07  
0.00010697667  0.0000000   9.3376847e-07  5.9090196e-05  4.0878376e-06  -2.5164296e-06  -3.9633255e-05  3.2136774e-07  -2.4111756e-06  1.7533736e-06  -1.5743823e-06  0.00010697667  0.0000000   9.3376847e-07  5.9090196e-05  4.0878376e-06  -2.5164296e-06  -3.9633255e-05  3.2136774e-07  -2.4111756e-06  1.7533736e-06  -1.5743823e-06  
2.2483779e-07  -9.3376847e-07  0.0000000   5.1561051e-06  -8.6647407e-05  -0.00016380664  -2.3695384e-06  0.00015239645  -2.2136334e-05  0.00013521708  -8.1669594e-05  2.2483779e-07  -9.3376847e-07  0.0000000   5.1561051e-06  -8.6647407e-05  -0.00016380664  -2.3695384e-06  0.00015239645  -2.2136334e-05  0.00013521708  -8.1669594e-05  
1.4590142e-06  -5.9090196e-05  -5.1561051e-06  0.0000000   4.4801162e-06  3.4738029e-05  -7.6097756e-07  5.1525319e-06  -1.6035470e-06  -2.7952133e-05  1.4351284e-05  1.4590142e-06  -5.9090196e-05  -5.1561051e-06  0.0000000   4.4801162e-06  3.4738029e-05  -7.6097756e-07  5.1525319e-06  -1.6035470e-06  -2.7952133e-05  1.4351284e-05  
-3.3002423e-08  -4.0878376e-06  8.6647407e-05  -4.4801162e-06  0.0000000   -0.00044623859  -4.9106206e-06  -0.00013218240  2.9437005e-05  0.00035936556  -0.00017901592  -3.3002423e-08  -4.0878376e-06  8.6647407e-05  -4.4801162e-06  0.0000000   -0.00044623859  -4.9106206e-06  -0.00013218240  2.9437005e-05  0.00035936556  -0.00017901592  
-1.8720822e-07  2.5164296e-06  0.00016380664  -3.4738029e-05  0.00044623859  0.0000000   3.2569542e-07  -8.3756039e-05  8.3753160e-05  0.00022092752  5.7456360e-05  -1.8720822e-07  2.5164296e-06  0.00016380664  -3.4738029e-05  0.00044623859  0.0000000   3.2569542e-07  -8.3756039e-05  8.3753160e-05  0.00022092752  5.7456360e-05  
-3.2059712e-06  3.9633255e-05  2.3695384e-06  7.6097756e-07  4.9106206e-06  -3.2569542e-07  0.0000000   -2.6273175e-06  3.0600856e-06  3.7531032e-06  -1.0321813e-07  -3.2059712e-06  3.9633255e-05  2.3695384e-06  7.6097756e-07  4.9106206e-06  -3.2569542e-07  0.0000000   -2.6273175e-06  3.0600856e-06  3.7531032e-06  -1.0321813e-07  
-9.0619092e-07  -3.2136774e-07  -0.00015239645  -5.1525319e-06  0.00013218240  8.3756039e-05  2.6273175e-06  0.0000000   -0.00040446143  -9.7369257e-05  -6.5383885e-07  -9.0619092e-07  -3.2136774e-07  -0.00015239645  -5.1525319e-06  0.00013218240  8.3756039e-05  2.6273175e-06  0.0000000   -0.00040446143  -9.7369257e-05  -6.5383885e-07  
-4.0068286e-07  2.4111756e-06  2.2136334e-05  1.6035470e-06  -2.9437005e-05  -8.3753160e-05  -3.0600856e-06  0.00040446143  0.0000000   -9.4964418e-05  8.4227373e-05  -4.0068286e-07  2.4111756e-06  2.2136334e-05  1.6035470e-06  -2.9437005e-05  -8.3753160e-05  -3.0600856e-06  0.00040446143  0.0000000   -9.4964418e-05  8.4227373e-05  
-2.2338936e-08  -1.7533736e-06  -0.00013521708  2.7952133e-05  -0.00035936556  -0.00022092752  -3.7531032e-06  9.7369257e-05  9.4964418e-05  0.0000000   -3.9483168e-06  -2.2338936e-08  -1.7533736e-06  -0.00013521708  2.7952133e-05  -0.00035936556  -0.00022092752  -3.7531032e-06  9.7369257e-05  9.4964418e-05  0.0000000   -3.9483168e-06  
-7.2070248e-07  1.5743823e-06  8.1669594e-05  -1.4351284e-05  0.00017901592  -5.7456360e-05  1.0321813e-07  6.5383885e-07  -8.4227373e-05  3.9483168e-06  0.0000000   -7.2070248e-07  1.5743823e-06  8.1669594e-05  -1.4351284e-05  0.00017901592  -5.7456360e-05  1.0321813e-07  6.5383885e-07  -8.4227373e-05  3.9483168e-06  0.0000000   
