0.0000000   -1.9282857e-06  -8.0535921e-05  3.6128263e-05  -2.3850232e-05  -2.5519852e-05  5.3361643e-07  -4.4096383e-05  -1.1237997e-06  -3.6897743e-07  -2.9165301e-05  0.0000000   -1.9282857e-06  -8.0535921e-05  3.6128263e-05  -2.3850232e-05  -2.5519852e-05  5.3361643e-07  -4.4096383e-05  -1.1237997e-06  -3.6897743e-07  -2.9165301e-05  
1.9282857e-06  0.0000000   8.6932623e-07  1.0722011e-05  1.6008038e-06  1.5598816e-06  -7.6602323e-05  -1.3523060e-06  1.6579790e-05  5.1695695e-06  -4.0531928e-07  1.9282857e-06  0.0000000   8.6932623e-07  1.0722011e-05  1.6008038e-06  1.5598816e-06  -7.6602323e-05  -1.3523060e-06  1.6579790e-05  5.1695695e-06  -4.0531928e-07  
8.0535921e-05  -8.6932623e-07  0.0000000   0.00099971506  0.00022904508  -4.7795283e-06  8.4761682e-07  3.4245766e-05  1.3240708e-06  1.7536856e-06  4.4060498e-06  8.0535921e-05  -8.6932623e-07  0.0000000   0.00099971506  0.00022904508  -4.7795283e-06  8.4761682e-07  3.4245766e-05  1.3240708e-06  1.7536856e-06  4.4060498e-06  
-3.6128263e-05  -1.0722011e-05  -0.00099971506  0.0000000   9.6611400e-05  -3.5999010e-05  1.0411614e-06  -9.6319927e-05  -1.8240131e-06  2.9691743e-07  1.5040861e-05  -3.6128263e-05  -1.0722011e-05  -0.00099971506  0.0000000   9.6611400e-05  -3.5999010e-05  1.0411614e-06  -9.6319927e-05  -1.8240131e-06  2.9691743e-07  1.5040861e-05  
2.3850232e-05  -1.6008038e-06  -0.00022904508  -9.6611400e-05  0.0000000   3.3064389e-05  1.1977620e-06  3.3159773e-05  1.2959685e-06  3.4194366e-07  1.5071970e-06  2.3850232e-05  -1.6008038e-06  -0.00022904508  -9.6611400e-05  0.0000000   3.3064389e-05  1.1977620e-06  3.3159773e-05  1.2959685e-06  3.4194366e-07  1.5071970e-06  
2.5519852e-05  -1.5598816e-06  4.7795283e-06  3.5999010e-05  -3.3064389e-05  0.0000000   -5.9592302e-06  0.0010986734  2.9697411e-05  3.4480985e-06  0.00011428093  2.5519852e-05  -1.5598816e-06  4.7795283e-06  3.5999010e-05  -3.3064389e-05  0.0000000   -5.9592302e-06  0.0010986734  2.9697411e-05  3.4480985e-06  0.00011428093  
-5.3361643e-07  7.6602323e-05  -8.4761682e-07  -1.0411614e-06  -1.1977620e-06  5.9592302e-06  0.0000000   3.2701340e-05  -0.00022061261  0.00015877626  1.8815762e-06  -5.3361643e-07  7.6602323e-05  -8.4761682e-07  -1.0411614e-06  -1.1977620e-06  5.9592302e-06  0.0000000   3.2701340e-05  -0.00022061261  0.00015877626  1.8815762e-06  
4.4096383e-05  1.3523060e-06  -3.4245766e-05  9.6319927e-05  -3.3159773e-05  -0.0010986734  -3.2701340e-05  0.0000000   -8.8628556e-06  1.9068920e-05  -5.1963364e-06  4.4096383e-05  1.3523060e-06  -3.4245766e-05  9.6319927e-05  -3.3159773e-05  -0.0010986734  -3.2701340e-05  0.0000000   -8.8628556e-06  1.9068920e-05  -5.1963364e-06  
1.1237997e-06  -1.6579790e-05  -1.3240708e-06  1.8240131e-06  -1.2959685e-06  -2.9697411e-05  0.00022061261  8.8628556e-06  0.0000000   -0.00066019687  5.3448044e-06  1.1237997e-06  -1.6579790e-05  -1.3240708e-06  1.8240131e-06  -1.2959685e-06  -2.9697411e-05  0.00022061261  8.8628556e-06  0.0000000   -0.00066019687  5.3448044e-06  
3.6897743e-07  -5.1695695e-06  -1.7536856e-06  -2.9691743e-07  -3.4194366e-07  -3.4480985e-06  -0.00015877626  -1.9068920e-05  0.00066019687  0.0000000   -9.7698342e-08  3.6897743e-07  -5.1695695e-06  -1.7536856e-06  -2.9691743e-07  -3.4194366e-07  -3.4480985e-06  -0.00015877626  -1.9068920e-05  0.00066019687  0.0000000   -9.7698342e-08  
2.9165301e-05  4.0531928e-07  -4.4060498e-06  -1.5040861e-05  -1.5071970e-06  -0.00011428093  -1.8815762e-06  5.1963364e-06  -5.3448044e-06  9.7698342e-08  0.0000000   2.9165301e-05  4.0531928e-07  -4.4060498e-06  -1.5040861e-05  -1.5071970e-06  -0.00011428093  -1.8815762e-06  5.1963364e-06  -5.3448044e-06  9.7698342e-08  0.0000000   
0.0000000   -1.9282857e-06  -8.0535921e-05  3.6128263e-05  -2.3850232e-05  -2.5519852e-05  5.3361643e-07  -4.4096383e-05  -1.1237997e-06  -3.6897743e-07  -2.9165301e-05  0.0000000   -1.9282857e-06  -8.0535921e-05  3.6128263e-05  -2.3850232e-05  -2.5519852e-05  5.3361643e-07  -4.4096383e-05  -1.1237997e-06  -3.6897743e-07  -2.9165301e-05  
1.9282857e-06  0.0000000   8.6932623e-07  1.0722011e-05  1.6008038e-06  1.5598816e-06  -7.6602323e-05  -1.3523060e-06  1.6579790e-05  5.1695695e-06  -4.0531928e-07  1.9282857e-06  0.0000000   8.6932623e-07  1.0722011e-05  1.6008038e-06  1.5598816e-06  -7.6602323e-05  -1.3523060e-06  1.6579790e-05  5.1695695e-06  -4.0531928e-07  
8.0535921e-05  -8.6932623e-07  0.0000000   0.00099971506  0.00022904508  -4.7795283e-06  8.4761682e-07  3.4245766e-05  1.3240708e-06  1.7536856e-06  4.4060498e-06  8.0535921e-05  -8.6932623e-07  0.0000000   0.00099971506  0.00022904508  -4.7795283e-06  8.4761682e-07  3.4245766e-05  1.3240708e-06  1.7536856e-06  4.4060498e-06  
-3.6128263e-05  -1.0722011e-05  -0.00099971506  0.0000000   9.6611400e-05  -3.5999010e-05  1.0411614e-06  -9.6319927e-05  -1.8240131e-06  2.9691743e-07  1.5040861e-05  -3.6128263e-05  -1.0722011e-05  -0.00099971506  0.0000000   9.6611400e-05  -3.5999010e-05  1.0411614e-06  -9.6319927e-05  -1.8240131e-06  2.9691743e-07  1.5040861e-05  
2.3850232e-05  -1.6008038e-06  -0.00022904508  -9.6611400e-05  0.0000000   3.3064389e-05  1.1977620e-06  3.3159773e-05  1.2959685e-06  3.4194366e-07  1.5071970e-06  2.3850232e-05  -1.6008038e-06  -0.00022904508  -9.6611400e-05  0.0000000   3.3064389e-05  1.1977620e-06  3.3159773e-05  1.2959685e-06  3.4194366e-07  1.5071970e-06  
2.5519852e-05  -1.5598816e-06  4.7795283e-06  3.5999010e-05  -3.3064389e-05  0.0000000   -5.9592302e-06  0.0010986734  2.9697411e-05  3.4480985e-06  0.00011428093  2.5519852e-05  -1.5598816e-06  4.7795283e-06  3.5999010e-05  -3.3064389e-05  0.0000000   -5.9592302e-06  0.0010986734  2.9697411e-05  3.4480985e-06  0.00011428093  
-5.3361643e-07  7.6602323e-05  -8.4761682e-07  -1.0411614e-06  -1.1977620e-06  5.9592302e-06  0.0000000   3.2701340e-05  -0.00022061261  0.00015877626  1.8815762e-06  -5.3361643e-07  7.6602323e-05  -8.4761682e-07  -1.0411614e-06  -1.1977620e-06  5.9592302e-06  0.0000000   3.2701340e-05  -0.00022061261  0.00015877626  1.8815762e-06  
4.4096383e-05  1.3523060e-06  -3.4245766e-05  9.6319927e-05  -3.3159773e-05  -0.0010986734  -3.2701340e-05  0.0000000   -8.8628556e-06  1.9068920e-05  -5.1963364e-06  4.4096383e-05  1.3523060e-06  -3.4245766e-05  9.6319927e-05  -3.3159773e-05  -0.0010986734  -3.2701340e-05  0.0000000   -8.8628556e-06  1.9068920e-05  -5.1963364e-06  
1.1237997e-06  -1.6579790e-05  -1.3240708e-06  1.8240131e-06  -1.2959685e-06  -2.9697411e-05  0.00022061261  8.8628556e-06  0.0000000   -0.00066019687  5.3448044e-06  1.1237997e-06  -1.6579790e-05  -1.3240708e-06  1.8240131e-06  -1.2959685e-06  -2.9697411e-05  0.00022061261  8.8628556e-06  0.0000000   -0.00066019687  5.3448044e-06  
3.6897743e-07  -5.1695695e-06  -1.7536856e-06  -2.9691743e-07  -3.4194366e-07  -3.4480985e-06  -0.00015877626  -1.9068920e-05  0.00066019687  0.0000000   -9.7698342e-08  3.6897743e-07  -5.1695695e-06  -1.7536856e-06  -2.9691743e-07  -3.4194366e-07  -3.4480985e-06  -0.00015877626  -1.9068920e-05  0.00066019687  0.0000000   -9.7698342e-08  
2.9165301e-05  4.0531928e-07  -4.4060498e-06  -1.5040861e-05  -1.5071970e-06  -0.00011428093  -1.8815762e-06  5.1963364e-06  -5.3448044e-06  9.7698342e-08  0.0000000   2.9165301e-05  4.0531928e-07  -4.4060498e-06  -1.5040861e-05  -1.5071970e-06  -0.00011428093  -1.8815762e-06  5.1963364e-06  -5.3448044e-06  9.7698342e-08  0.0000000   
