0.0000000   -1.7372394e-07  -0.00041883485  -8.8557385e-05  -4.2104415e-05  -0.00033424062  8.8255266e-06  2.2569802e-06  -1.8811581e-06  -3.7931737e-06  2.7478300e-06  0.0000000   -1.7372394e-07  -0.00041883485  -8.8557385e-05  -4.2104415e-05  -0.00033424062  8.8255266e-06  2.2569802e-06  -1.8811581e-06  -3.7931737e-06  2.7478300e-06  
1.7372394e-07  0.0000000   1.9600521e-05  1.2514675e-05  1.4779421e-06  5.6720056e-06  -9.2079921e-05  2.1957142e-06  -5.2751487e-05  6.5755481e-05  5.0020776e-06  1.7372394e-07  0.0000000   1.9600521e-05  1.2514675e-05  1.4779421e-06  5.6720056e-06  -9.2079921e-05  2.1957142e-06  -5.2751487e-05  6.5755481e-05  5.0020776e-06  
0.00041883485  -1.9600521e-05  0.0000000   0.0011307855  -8.6660805e-05  -0.00010590786  1.0512513e-05  1.2075986e-05  1.6824398e-06  -2.2262598e-06  -2.8235972e-06  0.00041883485  -1.9600521e-05  0.0000000   0.0011307855  -8.6660805e-05  -0.00010590786  1.0512513e-05  1.2075986e-05  1.6824398e-06  -2.2262598e-06  -2.8235972e-06  
8.8557385e-05  -1.2514675e-05  -0.0011307855  0.0000000   -8.8089860e-05  0.00016342875  -1.1985487e-05  -6.9529795e-05  -5.7927048e-06  1.9399101e-06  1.3997885e-06  8.8557385e-05  -1.2514675e-05  -0.0011307855  0.0000000   -8.8089860e-05  0.00016342875  -1.1985487e-05  -6.9529795e-05  -5.7927048e-06  1.9399101e-06  1.3997885e-06  
4.2104415e-05  -1.4779421e-06  8.6660805e-05  8.8089860e-05  0.0000000   -9.3483280e-05  5.1392811e-06  -8.9729505e-05  -6.5912040e-06  -1.6468633e-06  -1.2977300e-07  4.2104415e-05  -1.4779421e-06  8.6660805e-05  8.8089860e-05  0.0000000   -9.3483280e-05  5.1392811e-06  -8.9729505e-05  -6.5912040e-06  -1.6468633e-06  -1.2977300e-07  
0.00033424062  -5.6720056e-06  0.00010590786  -0.00016342875  9.3483280e-05  0.0000000   4.5873414e-06  0.00016885826  3.8139566e-05  9.7948471e-06  -1.8643923e-05  0.00033424062  -5.6720056e-06  0.00010590786  -0.00016342875  9.3483280e-05  0.0000000   4.5873414e-06  0.00016885826  3.8139566e-05  9.7948471e-06  -1.8643923e-05  
-8.8255266e-06  9.2079921e-05  -1.0512513e-05  1.1985487e-05  -5.1392811e-06  -4.5873414e-06  0.0000000   -3.5968332e-05  0.00044803619  0.00027087405  -0.00041096195  -8.8255266e-06  9.2079921e-05  -1.0512513e-05  1.1985487e-05  -5.1392811e-06  -4.5873414e-06  0.0000000   -3.5968332e-05  0.00044803619  0.00027087405  -0.00041096195  
-2.2569802e-06  -2.1957142e-06  -1.2075986e-05  6.9529795e-05  8.9729505e-05  -0.00016885826  3.5968332e-05  0.0000000   -7.4445970e-06  -3.6243874e-05  -4.6213458e-05  -2.2569802e-06  -2.1957142e-06  -1.2075986e-05  6.9529795e-05  8.9729505e-05  -0.00016885826  3.5968332e-05  0.0000000   -7.4445970e-06  -3.6243874e-05  -4.6213458e-05  
1.8811581e-06  5.2751487e-05  -1.6824398e-06  5.7927048e-06  6.5912040e-06  -3.8139566e-05  -0.00044803619  7.4445970e-06  0.0000000   0.00053468860  0.00083463596  1.8811581e-06  5.2751487e-05  -1.6824398e-06  5.7927048e-06  6.5912040e-06  -3.8139566e-05  -0.00044803619  7.4445970e-06  0.0000000   0.00053468860  0.00083463596  
3.7931737e-06  -6.5755481e-05  2.2262598e-06  -1.9399101e-06  1.6468633e-06  -9.7948471e-06  -0.00027087405  3.6243874e-05  -0.00053468860  0.0000000   0.00017344350  3.7931737e-06  -6.5755481e-05  2.2262598e-06  -1.9399101e-06  1.6468633e-06  -9.7948471e-06  -0.00027087405  3.6243874e-05  -0.00053468860  0.0000000   0.00017344350  
-2.7478300e-06  -5.0020776e-06  2.8235972e-06  -1.3997885e-06  1.2977300e-07  1.8643923e-05  0.00041096195  4.6213458e-05  -0.00083463596  -0.00017344350  0.0000000   -2.7478300e-06  -5.0020776e-06  2.8235972e-06  -1.3997885e-06  1.2977300e-07  1.8643923e-05  0.00041096195  4.6213458e-05  -0.00083463596  -0.00017344350  0.0000000   
0.0000000   -1.7372394e-07  -0.00041883485  -8.8557385e-05  -4.2104415e-05  -0.00033424062  8.8255266e-06  2.2569802e-06  -1.8811581e-06  -3.7931737e-06  2.7478300e-06  0.0000000   -1.7372394e-07  -0.00041883485  -8.8557385e-05  -4.2104415e-05  -0.00033424062  8.8255266e-06  2.2569802e-06  -1.8811581e-06  -3.7931737e-06  2.7478300e-06  
1.7372394e-07  0.0000000   1.9600521e-05  1.2514675e-05  1.4779421e-06  5.6720056e-06  -9.2079921e-05  2.1957142e-06  -5.2751487e-05  6.5755481e-05  5.0020776e-06  1.7372394e-07  0.0000000   1.9600521e-05  1.2514675e-05  1.4779421e-06  5.6720056e-06  -9.2079921e-05  2.1957142e-06  -5.2751487e-05  6.5755481e-05  5.0020776e-06  
0.00041883485  -1.9600521e-05  0.0000000   0.0011307855  -8.6660805e-05  -0.00010590786  1.0512513e-05  1.2075986e-05  1.6824398e-06  -2.2262598e-06  -2.8235972e-06  0.00041883485  -1.9600521e-05  0.0000000   0.0011307855  -8.6660805e-05  -0.00010590786  1.0512513e-05  1.2075986e-05  1.6824398e-06  -2.2262598e-06  -2.8235972e-06  
8.8557385e-05  -1.2514675e-05  -0.0011307855  0.0000000   -8.8089860e-05  0.00016342875  -1.1985487e-05  -6.9529795e-05  -5.7927048e-06  1.9399101e-06  1.3997885e-06  8.8557385e-05  -1.2514675e-05  -0.0011307855  0.0000000   -8.8089860e-05  0.00016342875  -1.1985487e-05  -6.9529795e-05  -5.7927048e-06  1.9399101e-06  1.3997885e-06  
4.2104415e-05  -1.4779421e-06  8.6660805e-05  8.8089860e-05  0.0000000   -9.3483280e-05  5.1392811e-06  -8.9729505e-05  -6.5912040e-06  -1.6468633e-06  -1.2977300e-07  4.2104415e-05  -1.4779421e-06  8.6660805e-05  8.8089860e-05  0.0000000   -9.3483280e-05  5.1392811e-06  -8.9729505e-05  -6.5912040e-06  -1.6468633e-06  -1.2977300e-07  
0.00033424062  -5.6720056e-06  0.00010590786  -0.00016342875  9.3483280e-05  0.0000000   4.5873414e-06  0.00016885826  3.8139566e-05  9.7948471e-06  -1.8643923e-05  0.00033424062  -5.6720056e-06  0.00010590786  -0.00016342875  9.3483280e-05  0.0000000   4.5873414e-06  0.00016885826  3.8139566e-05  9.7948471e-06  -1.8643923e-05  
-8.8255266e-06  9.2079921e-05  -1.0512513e-05  1.1985487e-05  -5.1392811e-06  -4.5873414e-06  0.0000000   -3.5968332e-05  0.00044803619  0.00027087405  -0.00041096195  -8.8255266e-06  9.2079921e-05  -1.0512513e-05  1.1985487e-05  -5.1392811e-06  -4.5873414e-06  0.0000000   -3.5968332e-05  0.00044803619  0.00027087405  -0.00041096195  
-2.2569802e-06  -2.1957142e-06  -1.2075986e-05  6.9529795e-05  8.9729505e-05  -0.00016885826  3.5968332e-05  0.0000000   -7.4445970e-06  -3.6243874e-05  -4.6213458e-05  -2.2569802e-06  -2.1957142e-06  -1.2075986e-05  6.9529795e-05  8.9729505e-05  -0.00016885826  3.5968332e-05  0.0000000   -7.4445970e-06  -3.6243874e-05  -4.6213458e-05  
1.8811581e-06  5.2751487e-05  -1.6824398e-06  5.7927048e-06  6.5912040e-06  -3.8139566e-05  -0.00044803619  7.4445970e-06  0.0000000   0.00053468860  0.00083463596  1.8811581e-06  5.2751487e-05  -1.6824398e-06  5.7927048e-06  6.5912040e-06  -3.8139566e-05  -0.00044803619  7.4445970e-06  0.0000000   0.00053468860  0.00083463596  
3.7931737e-06  -6.5755481e-05  2.2262598e-06  -1.9399101e-06  1.6468633e-06  -9.7948471e-06  -0.00027087405  3.6243874e-05  -0.00053468860  0.0000000   0.00017344350  3.7931737e-06  -6.5755481e-05  2.2262598e-06  -1.9399101e-06  1.6468633e-06  -9.7948471e-06  -0.00027087405  3.6243874e-05  -0.00053468860  0.0000000   0.00017344350  
-2.7478300e-06  -5.0020776e-06  2.8235972e-06  -1.3997885e-06  1.2977300e-07  1.8643923e-05  0.00041096195  4.6213458e-05  -0.00083463596  -0.00017344350  0.0000000   -2.7478300e-06  -5.0020776e-06  2.8235972e-06  -1.3997885e-06  1.2977300e-07  1.8643923e-05  0.00041096195  4.6213458e-05  -0.00083463596  -0.00017344350  0.0000000   
