0.0000000   9.2065573e-06  2.4655109e-05  1.5048935e-05  -4.7670435e-05  -7.9586368e-05  -0.00028962721  6.3556716e-06  -4.5057414e-06  0.00011641058  -5.2414707e-05  0.0000000   9.2065573e-06  2.4655109e-05  1.5048935e-05  -4.7670435e-05  -7.9586368e-05  -0.00028962721  6.3556716e-06  -4.5057414e-06  0.00011641058  -5.2414707e-05  
-9.2065573e-06  0.0000000   0.0014859954  0.00018695875  4.4365666e-06  1.7289668e-06  1.2680150e-05  -6.3323226e-06  0.00036342018  1.4376791e-05  -2.1375422e-06  -9.2065573e-06  0.0000000   0.0014859954  0.00018695875  4.4365666e-06  1.7289668e-06  1.2680150e-05  -6.3323226e-06  0.00036342018  1.4376791e-05  -2.1375422e-06  
-2.4655109e-05  -0.0014859954  0.0000000   -0.0042042170  -4.6633765e-05  -1.4591055e-06  1.2679069e-05  -5.8480273e-06  7.0274241e-05  1.8409792e-05  2.6778722e-05  -2.4655109e-05  -0.0014859954  0.0000000   -0.0042042170  -4.6633765e-05  -1.4591055e-06  1.2679069e-05  -5.8480273e-06  7.0274241e-05  1.8409792e-05  2.6778722e-05  
-1.5048935e-05  -0.00018695875  0.0042042170  0.0000000   6.9724230e-06  6.8562357e-06  1.3654218e-05  -2.3788223e-05  -0.00036839533  -2.6099925e-05  1.1972276e-05  -1.5048935e-05  -0.00018695875  0.0042042170  0.0000000   6.9724230e-06  6.8562357e-06  1.3654218e-05  -2.3788223e-05  -0.00036839533  -2.6099925e-05  1.1972276e-05  
4.7670435e-05  -4.4365666e-06  4.6633765e-05  -6.9724230e-06  0.0000000   -5.3271599e-05  0.00012835903  0.00056891491  -1.1742874e-05  0.00013820681  -2.5893387e-05  4.7670435e-05  -4.4365666e-06  4.6633765e-05  -6.9724230e-06  0.0000000   -5.3271599e-05  0.00012835903  0.00056891491  -1.1742874e-05  0.00013820681  -2.5893387e-05  
7.9586368e-05  -1.7289668e-06  1.4591055e-06  -6.8562357e-06  5.3271599e-05  0.0000000   0.00010143930  -0.00037112538  -1.2826523e-05  0.00016150529  -2.9623536e-05  7.9586368e-05  -1.7289668e-06  1.4591055e-06  -6.8562357e-06  5.3271599e-05  0.0000000   0.00010143930  -0.00037112538  -1.2826523e-05  0.00016150529  -2.9623536e-05  
0.00028962721  -1.2680150e-05  -1.2679069e-05  -1.3654218e-05  -0.00012835903  -0.00010143930  0.0000000   -0.0011630768  -1.4681438e-05  0.00030410139  0.00019051364  0.00028962721  -1.2680150e-05  -1.2679069e-05  -1.3654218e-05  -0.00012835903  -0.00010143930  0.0000000   -0.0011630768  -1.4681438e-05  0.00030410139  0.00019051364  
-6.3556716e-06  6.3323226e-06  5.8480273e-06  2.3788223e-05  -0.00056891491  0.00037112538  0.0011630768  0.0000000   -1.4052136e-05  7.9719038e-05  5.8769943e-05  -6.3556716e-06  6.3323226e-06  5.8480273e-06  2.3788223e-05  -0.00056891491  0.00037112538  0.0011630768  0.0000000   -1.4052136e-05  7.9719038e-05  5.8769943e-05  
4.5057414e-06  -0.00036342018  -7.0274241e-05  0.00036839533  1.1742874e-05  1.2826523e-05  1.4681438e-05  1.4052136e-05  0.0000000   -5.6660421e-06  -2.3798625e-05  4.5057414e-06  -0.00036342018  -7.0274241e-05  0.00036839533  1.1742874e-05  1.2826523e-05  1.4681438e-05  1.4052136e-05  0.0000000   -5.6660421e-06  -2.3798625e-05  
-0.00011641058  -1.4376791e-05  -1.8409792e-05  2.6099925e-05  -0.00013820681  -0.00016150529  -0.00030410139  -7.9719038e-05  5.6660421e-06  0.0000000   0.00040326518  -0.00011641058  -1.4376791e-05  -1.8409792e-05  2.6099925e-05  -0.00013820681  -0.00016150529  -0.00030410139  -7.9719038e-05  5.6660421e-06  0.0000000   0.00040326518  
5.2414707e-05  2.1375422e-06  -2.6778722e-05  -1.1972276e-05  2.5893387e-05  2.9623536e-05  -0.00019051364  -5.8769943e-05  2.3798625e-05  -0.00040326518  0.0000000   5.2414707e-05  2.1375422e-06  -2.6778722e-05  -1.1972276e-05  2.5893387e-05  2.9623536e-05  -0.00019051364  -5.8769943e-05  2.3798625e-05  -0.00040326518  0.0000000   
0.0000000   9.2065573e-06  2.4655109e-05  1.5048935e-05  -4.7670435e-05  -7.9586368e-05  -0.00028962721  6.3556716e-06  -4.5057414e-06  0.00011641058  -5.2414707e-05  0.0000000   9.2065573e-06  2.4655109e-05  1.5048935e-05  -4.7670435e-05  -7.9586368e-05  -0.00028962721  6.3556716e-06  -4.5057414e-06  0.00011641058  -5.2414707e-05  
-9.2065573e-06  0.0000000   0.0014859954  0.00018695875  4.4365666e-06  1.7289668e-06  1.2680150e-05  -6.3323226e-06  0.00036342018  1.4376791e-05  -2.1375422e-06  -9.2065573e-06  0.0000000   0.0014859954  0.00018695875  4.4365666e-06  1.7289668e-06  1.2680150e-05  -6.3323226e-06  0.00036342018  1.4376791e-05  -2.1375422e-06  
-2.4655109e-05  -0.0014859954  0.0000000   -0.0042042170  -4.6633765e-05  -1.4591055e-06  1.2679069e-05  -5.8480273e-06  7.0274241e-05  1.8409792e-05  2.6778722e-05  -2.4655109e-05  -0.0014859954  0.0000000   -0.0042042170  -4.6633765e-05  -1.4591055e-06  1.2679069e-05  -5.8480273e-06  7.0274241e-05  1.8409792e-05  2.6778722e-05  
-1.5048935e-05  -0.00018695875  0.0042042170  0.0000000   6.9724230e-06  6.8562357e-06  1.3654218e-05  -2.3788223e-05  -0.00036839533  -2.6099925e-05  1.1972276e-05  -1.5048935e-05  -0.00018695875  0.0042042170  0.0000000   6.9724230e-06  6.8562357e-06  1.3654218e-05  -2.3788223e-05  -0.00036839533  -2.6099925e-05  1.1972276e-05  
4.7670435e-05  -4.4365666e-06  4.6633765e-05  -6.9724230e-06  0.0000000   -5.3271599e-05  0.00012835903  0.00056891491  -1.1742874e-05  0.00013820681  -2.5893387e-05  4.7670435e-05  -4.4365666e-06  4.6633765e-05  -6.9724230e-06  0.0000000   -5.3271599e-05  0.00012835903  0.00056891491  -1.1742874e-05  0.00013820681  -2.5893387e-05  
7.9586368e-05  -1.7289668e-06  1.4591055e-06  -6.8562357e-06  5.3271599e-05  0.0000000   0.00010143930  -0.00037112538  -1.2826523e-05  0.00016150529  -2.9623536e-05  7.9586368e-05  -1.7289668e-06  1.4591055e-06  -6.8562357e-06  5.3271599e-05  0.0000000   0.00010143930  -0.00037112538  -1.2826523e-05  0.00016150529  -2.9623536e-05  
0.00028962721  -1.2680150e-05  -1.2679069e-05  -1.3654218e-05  -0.00012835903  -0.00010143930  0.0000000   -0.0011630768  -1.4681438e-05  0.00030410139  0.00019051364  0.00028962721  -1.2680150e-05  -1.2679069e-05  -1.3654218e-05  -0.00012835903  -0.00010143930  0.0000000   -0.0011630768  -1.4681438e-05  0.00030410139  0.00019051364  
-6.3556716e-06  6.3323226e-06  5.8480273e-06  2.3788223e-05  -0.00056891491  0.00037112538  0.0011630768  0.0000000   -1.4052136e-05  7.9719038e-05  5.8769943e-05  -6.3556716e-06  6.3323226e-06  5.8480273e-06  2.3788223e-05  -0.00056891491  0.00037112538  0.0011630768  0.0000000   -1.4052136e-05  7.9719038e-05  5.8769943e-05  
4.5057414e-06  -0.00036342018  -7.0274241e-05  0.00036839533  1.1742874e-05  1.2826523e-05  1.4681438e-05  1.4052136e-05  0.0000000   -5.6660421e-06  -2.3798625e-05  4.5057414e-06  -0.00036342018  -7.0274241e-05  0.00036839533  1.1742874e-05  1.2826523e-05  1.4681438e-05  1.4052136e-05  0.0000000   -5.6660421e-06  -2.3798625e-05  
-0.00011641058  -1.4376791e-05  -1.8409792e-05  2.6099925e-05  -0.00013820681  -0.00016150529  -0.00030410139  -7.9719038e-05  5.6660421e-06  0.0000000   0.00040326518  -0.00011641058  -1.4376791e-05  -1.8409792e-05  2.6099925e-05  -0.00013820681  -0.00016150529  -0.00030410139  -7.9719038e-05  5.6660421e-06  0.0000000   0.00040326518  
5.2414707e-05  2.1375422e-06  -2.6778722e-05  -1.1972276e-05  2.5893387e-05  2.9623536e-05  -0.00019051364  -5.8769943e-05  2.3798625e-05  -0.00040326518  0.0000000   5.2414707e-05  2.1375422e-06  -2.6778722e-05  -1.1972276e-05  2.5893387e-05  2.9623536e-05  -0.00019051364  -5.8769943e-05  2.3798625e-05  -0.00040326518  0.0000000   
