1.0000000   -4.3819270e-16  -1.3557007e-16  1.4786982e-16  -1.8727507e-16  -2.4296322e-16  2.4524018e-16  1.9859396e-16  -5.8967988e-16  8.6629448e-17  3.5239429e-16  1.0000000   -4.3819270e-16  -1.3557007e-16  1.4786982e-16  -1.8727507e-16  -2.4296322e-16  2.4524018e-16  1.9859396e-16  -5.8967988e-16  8.6629448e-17  3.5239429e-16  
-4.3819270e-16  1.0000000   7.2872277e-16  -2.6904816e-16  4.5139572e-16  3.0220272e-16  -4.2087627e-16  3.4535736e-16  2.9122899e-16  -3.4028532e-16  -2.9113200e-16  -4.3819270e-16  1.0000000   7.2872277e-16  -2.6904816e-16  4.5139572e-16  3.0220272e-16  -4.2087627e-16  3.4535736e-16  2.9122899e-16  -3.4028532e-16  -2.9113200e-16  
-1.3557007e-16  7.2872277e-16  1.0000000   -5.1800406e-16  -3.6706088e-16  -2.7074434e-16  3.8512471e-16  2.3207988e-16  1.5905807e-16  -8.5832644e-16  1.6393984e-16  -1.3557007e-16  7.2872277e-16  1.0000000   -5.1800406e-16  -3.6706088e-16  -2.7074434e-16  3.8512471e-16  2.3207988e-16  1.5905807e-16  -8.5832644e-16  1.6393984e-16  
1.4786982e-16  -2.6904816e-16  -5.1800406e-16  1.0000000   -1.8549238e-16  2.5505433e-16  -1.3055957e-16  6.8907718e-17  -2.6415972e-16  -1.5734696e-16  5.5067306e-17  1.4786982e-16  -2.6904816e-16  -5.1800406e-16  1.0000000   -1.8549238e-16  2.5505433e-16  -1.3055957e-16  6.8907718e-17  -2.6415972e-16  -1.5734696e-16  5.5067306e-17  
-1.8727507e-16  4.5139572e-16  -3.6706088e-16  -1.8549238e-16  1.0000000   5.6626651e-16  4.4458218e-17  -6.0688018e-17  4.0728393e-16  1.8860586e-16  -4.1318691e-16  -1.8727507e-16  4.5139572e-16  -3.6706088e-16  -1.8549238e-16  1.0000000   5.6626651e-16  4.4458218e-17  -6.0688018e-17  4.0728393e-16  1.8860586e-16  -4.1318691e-16  
-2.4296322e-16  3.0220272e-16  -2.7074434e-16  2.5505433e-16  5.6626651e-16  1.0000000   -2.5954593e-16  -4.8245461e-16  -1.9316099e-16  5.2835649e-16  -6.3562369e-16  -2.4296322e-16  3.0220272e-16  -2.7074434e-16  2.5505433e-16  5.6626651e-16  1.0000000   -2.5954593e-16  -4.8245461e-16  -1.9316099e-16  5.2835649e-16  -6.3562369e-16  
2.4524018e-16  -4.2087627e-16  3.8512471e-16  -1.3055957e-16  4.4458218e-17  -2.5954593e-16  1.0000000   -8.5137187e-17  2.0223843e-16  -6.2091327e-16  -1.6719287e-16  2.4524018e-16  -4.2087627e-16  3.8512471e-16  -1.3055957e-16  4.4458218e-17  -2.5954593e-16  1.0000000   -8.5137187e-17  2.0223843e-16  -6.2091327e-16  -1.6719287e-16  
1.9859396e-16  3.4535736e-16  2.3207988e-16  6.8907718e-17  -6.0688018e-17  -4.8245461e-16  -8.5137187e-17  1.0000000   -1.1034507e-16  -2.6823464e-16  1.5581965e-16  1.9859396e-16  3.4535736e-16  2.3207988e-16  6.8907718e-17  -6.0688018e-17  -4.8245461e-16  -8.5137187e-17  1.0000000   -1.1034507e-16  -2.6823464e-16  1.5581965e-16  
-5.8967988e-16  2.9122899e-16  1.5905807e-16  -2.6415972e-16  4.0728393e-16  -1.9316099e-16  2.0223843e-16  -1.1034507e-16  1.0000000   -2.1099337e-16  -1.5223977e-16  -5.8967988e-16  2.9122899e-16  1.5905807e-16  -2.6415972e-16  4.0728393e-16  -1.9316099e-16  2.0223843e-16  -1.1034507e-16  1.0000000   -2.1099337e-16  -1.5223977e-16  
8.6629448e-17  -3.4028532e-16  -8.5832644e-16  -1.5734696e-16  1.8860586e-16  5.2835649e-16  -6.2091327e-16  -2.6823464e-16  -2.1099337e-16  1.0000000   -3.7127995e-16  8.6629448e-17  -3.4028532e-16  -8.5832644e-16  -1.5734696e-16  1.8860586e-16  5.2835649e-16  -6.2091327e-16  -2.6823464e-16  -2.1099337e-16  1.0000000   -3.7127995e-16  
3.5239429e-16  -2.9113200e-16  1.6393984e-16  5.5067306e-17  -4.1318691e-16  -6.3562369e-16  -1.6719287e-16  1.5581965e-16  -1.5223977e-16  -3.7127995e-16  1.0000000   3.5239429e-16  -2.9113200e-16  1.6393984e-16  5.5067306e-17  -4.1318691e-16  -6.3562369e-16  -1.6719287e-16  1.5581965e-16  -1.5223977e-16  -3.7127995e-16  1.0000000   
1.0000000   -4.3819270e-16  -1.3557007e-16  1.4786982e-16  -1.8727507e-16  -2.4296322e-16  2.4524018e-16  1.9859396e-16  -5.8967988e-16  8.6629448e-17  3.5239429e-16  1.0000000   -4.3819270e-16  -1.3557007e-16  1.4786982e-16  -1.8727507e-16  -2.4296322e-16  2.4524018e-16  1.9859396e-16  -5.8967988e-16  8.6629448e-17  3.5239429e-16  
-4.3819270e-16  1.0000000   7.2872277e-16  -2.6904816e-16  4.5139572e-16  3.0220272e-16  -4.2087627e-16  3.4535736e-16  2.9122899e-16  -3.4028532e-16  -2.9113200e-16  -4.3819270e-16  1.0000000   7.2872277e-16  -2.6904816e-16  4.5139572e-16  3.0220272e-16  -4.2087627e-16  3.4535736e-16  2.9122899e-16  -3.4028532e-16  -2.9113200e-16  
-1.3557007e-16  7.2872277e-16  1.0000000   -5.1800406e-16  -3.6706088e-16  -2.7074434e-16  3.8512471e-16  2.3207988e-16  1.5905807e-16  -8.5832644e-16  1.6393984e-16  -1.3557007e-16  7.2872277e-16  1.0000000   -5.1800406e-16  -3.6706088e-16  -2.7074434e-16  3.8512471e-16  2.3207988e-16  1.5905807e-16  -8.5832644e-16  1.6393984e-16  
1.4786982e-16  -2.6904816e-16  -5.1800406e-16  1.0000000   -1.8549238e-16  2.5505433e-16  -1.3055957e-16  6.8907718e-17  -2.6415972e-16  -1.5734696e-16  5.5067306e-17  1.4786982e-16  -2.6904816e-16  -5.1800406e-16  1.0000000   -1.8549238e-16  2.5505433e-16  -1.3055957e-16  6.8907718e-17  -2.6415972e-16  -1.5734696e-16  5.5067306e-17  
-1.8727507e-16  4.5139572e-16  -3.6706088e-16  -1.8549238e-16  1.0000000   5.6626651e-16  4.4458218e-17  -6.0688018e-17  4.0728393e-16  1.8860586e-16  -4.1318691e-16  -1.8727507e-16  4.5139572e-16  -3.6706088e-16  -1.8549238e-16  1.0000000   5.6626651e-16  4.4458218e-17  -6.0688018e-17  4.0728393e-16  1.8860586e-16  -4.1318691e-16  
-2.4296322e-16  3.0220272e-16  -2.7074434e-16  2.5505433e-16  5.6626651e-16  1.0000000   -2.5954593e-16  -4.8245461e-16  -1.9316099e-16  5.2835649e-16  -6.3562369e-16  -2.4296322e-16  3.0220272e-16  -2.7074434e-16  2.5505433e-16  5.6626651e-16  1.0000000   -2.5954593e-16  -4.8245461e-16  -1.9316099e-16  5.2835649e-16  -6.3562369e-16  
2.4524018e-16  -4.2087627e-16  3.8512471e-16  -1.3055957e-16  4.4458218e-17  -2.5954593e-16  1.0000000   -8.5137187e-17  2.0223843e-16  -6.2091327e-16  -1.6719287e-16  2.4524018e-16  -4.2087627e-16  3.8512471e-16  -1.3055957e-16  4.4458218e-17  -2.5954593e-16  1.0000000   -8.5137187e-17  2.0223843e-16  -6.2091327e-16  -1.6719287e-16  
1.9859396e-16  3.4535736e-16  2.3207988e-16  6.8907718e-17  -6.0688018e-17  -4.8245461e-16  -8.5137187e-17  1.0000000   -1.1034507e-16  -2.6823464e-16  1.5581965e-16  1.9859396e-16  3.4535736e-16  2.3207988e-16  6.8907718e-17  -6.0688018e-17  -4.8245461e-16  -8.5137187e-17  1.0000000   -1.1034507e-16  -2.6823464e-16  1.5581965e-16  
-5.8967988e-16  2.9122899e-16  1.5905807e-16  -2.6415972e-16  4.0728393e-16  -1.9316099e-16  2.0223843e-16  -1.1034507e-16  1.0000000   -2.1099337e-16  -1.5223977e-16  -5.8967988e-16  2.9122899e-16  1.5905807e-16  -2.6415972e-16  4.0728393e-16  -1.9316099e-16  2.0223843e-16  -1.1034507e-16  1.0000000   -2.1099337e-16  -1.5223977e-16  
8.6629448e-17  -3.4028532e-16  -8.5832644e-16  -1.5734696e-16  1.8860586e-16  5.2835649e-16  -6.2091327e-16  -2.6823464e-16  -2.1099337e-16  1.0000000   -3.7127995e-16  8.6629448e-17  -3.4028532e-16  -8.5832644e-16  -1.5734696e-16  1.8860586e-16  5.2835649e-16  -6.2091327e-16  -2.6823464e-16  -2.1099337e-16  1.0000000   -3.7127995e-16  
3.5239429e-16  -2.9113200e-16  1.6393984e-16  5.5067306e-17  -4.1318691e-16  -6.3562369e-16  -1.6719287e-16  1.5581965e-16  -1.5223977e-16  -3.7127995e-16  1.0000000   3.5239429e-16  -2.9113200e-16  1.6393984e-16  5.5067306e-17  -4.1318691e-16  -6.3562369e-16  -1.6719287e-16  1.5581965e-16  -1.5223977e-16  -3.7127995e-16  1.0000000   
