1.0000000   4.1300310e-16  -9.5355581e-17  1.2042183e-16  -5.9094482e-16  1.7613796e-16  1.9476591e-16  -2.0631690e-16  -3.7076157e-16  -3.8204108e-16  6.3817792e-16  1.0000000   4.1300310e-16  -9.5355581e-17  1.2042183e-16  -5.9094482e-16  1.7613796e-16  1.9476591e-16  -2.0631690e-16  -3.7076157e-16  -3.8204108e-16  6.3817792e-16  
4.1300310e-16  1.0000000   -2.9692274e-16  -1.0497544e-16  -3.0481042e-16  1.1383593e-16  8.3695622e-16  -3.9830581e-16  -1.8314748e-16  -2.9107652e-16  8.3154347e-16  4.1300310e-16  1.0000000   -2.9692274e-16  -1.0497544e-16  -3.0481042e-16  1.1383593e-16  8.3695622e-16  -3.9830581e-16  -1.8314748e-16  -2.9107652e-16  8.3154347e-16  
-9.5355581e-17  -2.9692274e-16  1.0000000   6.0501658e-17  -1.7052568e-15  5.0385818e-16  4.8028653e-16  -8.6320111e-16  -1.9660228e-16  -1.3459565e-16  -2.1929069e-16  -9.5355581e-17  -2.9692274e-16  1.0000000   6.0501658e-17  -1.7052568e-15  5.0385818e-16  4.8028653e-16  -8.6320111e-16  -1.9660228e-16  -1.3459565e-16  -2.1929069e-16  
1.2042183e-16  -1.0497544e-16  6.0501658e-17  1.0000000   -2.1477905e-16  3.3869078e-16  1.3406673e-16  -4.9368108e-16  -5.5700294e-16  -3.6627473e-16  5.1467924e-16  1.2042183e-16  -1.0497544e-16  6.0501658e-17  1.0000000   -2.1477905e-16  3.3869078e-16  1.3406673e-16  -4.9368108e-16  -5.5700294e-16  -3.6627473e-16  5.1467924e-16  
-5.9094482e-16  -3.0481042e-16  -1.7052568e-15  -2.1477905e-16  1.0000000   4.1207983e-16  -3.0066790e-16  3.7420285e-16  8.5169592e-16  -6.0611256e-17  5.1858879e-16  -5.9094482e-16  -3.0481042e-16  -1.7052568e-15  -2.1477905e-16  1.0000000   4.1207983e-16  -3.0066790e-16  3.7420285e-16  8.5169592e-16  -6.0611256e-17  5.1858879e-16  
1.7613796e-16  1.1383593e-16  5.0385818e-16  3.3869078e-16  4.1207983e-16  1.0000000   -1.4094713e-16  9.2902489e-16  2.9407629e-16  1.0676236e-16  3.6952871e-18  1.7613796e-16  1.1383593e-16  5.0385818e-16  3.3869078e-16  4.1207983e-16  1.0000000   -1.4094713e-16  9.2902489e-16  2.9407629e-16  1.0676236e-16  3.6952871e-18  
1.9476591e-16  8.3695622e-16  4.8028653e-16  1.3406673e-16  -3.0066790e-16  -1.4094713e-16  1.0000000   -8.3095626e-17  -1.4978931e-16  -8.6429124e-18  8.3487961e-16  1.9476591e-16  8.3695622e-16  4.8028653e-16  1.3406673e-16  -3.0066790e-16  -1.4094713e-16  1.0000000   -8.3095626e-17  -1.4978931e-16  -8.6429124e-18  8.3487961e-16  
-2.0631690e-16  -3.9830581e-16  -8.6320111e-16  -4.9368108e-16  3.7420285e-16  9.2902489e-16  -8.3095626e-17  1.0000000   3.1423144e-16  -6.6801253e-18  1.2922906e-16  -2.0631690e-16  -3.9830581e-16  -8.6320111e-16  -4.9368108e-16  3.7420285e-16  9.2902489e-16  -8.3095626e-17  1.0000000   3.1423144e-16  -6.6801253e-18  1.2922906e-16  
-3.7076157e-16  -1.8314748e-16  -1.9660228e-16  -5.5700294e-16  8.5169592e-16  2.9407629e-16  -1.4978931e-16  3.1423144e-16  1.0000000   -1.8105329e-17  5.6508744e-16  -3.7076157e-16  -1.8314748e-16  -1.9660228e-16  -5.5700294e-16  8.5169592e-16  2.9407629e-16  -1.4978931e-16  3.1423144e-16  1.0000000   -1.8105329e-17  5.6508744e-16  
-3.8204108e-16  -2.9107652e-16  -1.3459565e-16  -3.6627473e-16  -6.0611256e-17  1.0676236e-16  -8.6429124e-18  -6.6801253e-18  -1.8105329e-17  1.0000000   2.3399285e-19  -3.8204108e-16  -2.9107652e-16  -1.3459565e-16  -3.6627473e-16  -6.0611256e-17  1.0676236e-16  -8.6429124e-18  -6.6801253e-18  -1.8105329e-17  1.0000000   2.3399285e-19  
6.3817792e-16  8.3154347e-16  -2.1929069e-16  5.1467924e-16  5.1858879e-16  3.6952871e-18  8.3487961e-16  1.2922906e-16  5.6508744e-16  2.3399285e-19  1.0000000   6.3817792e-16  8.3154347e-16  -2.1929069e-16  5.1467924e-16  5.1858879e-16  3.6952871e-18  8.3487961e-16  1.2922906e-16  5.6508744e-16  2.3399285e-19  1.0000000   
1.0000000   4.1300310e-16  -9.5355581e-17  1.2042183e-16  -5.9094482e-16  1.7613796e-16  1.9476591e-16  -2.0631690e-16  -3.7076157e-16  -3.8204108e-16  6.3817792e-16  1.0000000   4.1300310e-16  -9.5355581e-17  1.2042183e-16  -5.9094482e-16  1.7613796e-16  1.9476591e-16  -2.0631690e-16  -3.7076157e-16  -3.8204108e-16  6.3817792e-16  
4.1300310e-16  1.0000000   -2.9692274e-16  -1.0497544e-16  -3.0481042e-16  1.1383593e-16  8.3695622e-16  -3.9830581e-16  -1.8314748e-16  -2.9107652e-16  8.3154347e-16  4.1300310e-16  1.0000000   -2.9692274e-16  -1.0497544e-16  -3.0481042e-16  1.1383593e-16  8.3695622e-16  -3.9830581e-16  -1.8314748e-16  -2.9107652e-16  8.3154347e-16  
-9.5355581e-17  -2.9692274e-16  1.0000000   6.0501658e-17  -1.7052568e-15  5.0385818e-16  4.8028653e-16  -8.6320111e-16  -1.9660228e-16  -1.3459565e-16  -2.1929069e-16  -9.5355581e-17  -2.9692274e-16  1.0000000   6.0501658e-17  -1.7052568e-15  5.0385818e-16  4.8028653e-16  -8.6320111e-16  -1.9660228e-16  -1.3459565e-16  -2.1929069e-16  
1.2042183e-16  -1.0497544e-16  6.0501658e-17  1.0000000   -2.1477905e-16  3.3869078e-16  1.3406673e-16  -4.9368108e-16  -5.5700294e-16  -3.6627473e-16  5.1467924e-16  1.2042183e-16  -1.0497544e-16  6.0501658e-17  1.0000000   -2.1477905e-16  3.3869078e-16  1.3406673e-16  -4.9368108e-16  -5.5700294e-16  -3.6627473e-16  5.1467924e-16  
-5.9094482e-16  -3.0481042e-16  -1.7052568e-15  -2.1477905e-16  1.0000000   4.1207983e-16  -3.0066790e-16  3.7420285e-16  8.5169592e-16  -6.0611256e-17  5.1858879e-16  -5.9094482e-16  -3.0481042e-16  -1.7052568e-15  -2.1477905e-16  1.0000000   4.1207983e-16  -3.0066790e-16  3.7420285e-16  8.5169592e-16  -6.0611256e-17  5.1858879e-16  
1.7613796e-16  1.1383593e-16  5.0385818e-16  3.3869078e-16  4.1207983e-16  1.0000000   -1.4094713e-16  9.2902489e-16  2.9407629e-16  1.0676236e-16  3.6952871e-18  1.7613796e-16  1.1383593e-16  5.0385818e-16  3.3869078e-16  4.1207983e-16  1.0000000   -1.4094713e-16  9.2902489e-16  2.9407629e-16  1.0676236e-16  3.6952871e-18  
1.9476591e-16  8.3695622e-16  4.8028653e-16  1.3406673e-16  -3.0066790e-16  -1.4094713e-16  1.0000000   -8.3095626e-17  -1.4978931e-16  -8.6429124e-18  8.3487961e-16  1.9476591e-16  8.3695622e-16  4.8028653e-16  1.3406673e-16  -3.0066790e-16  -1.4094713e-16  1.0000000   -8.3095626e-17  -1.4978931e-16  -8.6429124e-18  8.3487961e-16  
-2.0631690e-16  -3.9830581e-16  -8.6320111e-16  -4.9368108e-16  3.7420285e-16  9.2902489e-16  -8.3095626e-17  1.0000000   3.1423144e-16  -6.6801253e-18  1.2922906e-16  -2.0631690e-16  -3.9830581e-16  -8.6320111e-16  -4.9368108e-16  3.7420285e-16  9.2902489e-16  -8.3095626e-17  1.0000000   3.1423144e-16  -6.6801253e-18  1.2922906e-16  
-3.7076157e-16  -1.8314748e-16  -1.9660228e-16  -5.5700294e-16  8.5169592e-16  2.9407629e-16  -1.4978931e-16  3.1423144e-16  1.0000000   -1.8105329e-17  5.6508744e-16  -3.7076157e-16  -1.8314748e-16  -1.9660228e-16  -5.5700294e-16  8.5169592e-16  2.9407629e-16  -1.4978931e-16  3.1423144e-16  1.0000000   -1.8105329e-17  5.6508744e-16  
-3.8204108e-16  -2.9107652e-16  -1.3459565e-16  -3.6627473e-16  -6.0611256e-17  1.0676236e-16  -8.6429124e-18  -6.6801253e-18  -1.8105329e-17  1.0000000   2.3399285e-19  -3.8204108e-16  -2.9107652e-16  -1.3459565e-16  -3.6627473e-16  -6.0611256e-17  1.0676236e-16  -8.6429124e-18  -6.6801253e-18  -1.8105329e-17  1.0000000   2.3399285e-19  
6.3817792e-16  8.3154347e-16  -2.1929069e-16  5.1467924e-16  5.1858879e-16  3.6952871e-18  8.3487961e-16  1.2922906e-16  5.6508744e-16  2.3399285e-19  1.0000000   6.3817792e-16  8.3154347e-16  -2.1929069e-16  5.1467924e-16  5.1858879e-16  3.6952871e-18  8.3487961e-16  1.2922906e-16  5.6508744e-16  2.3399285e-19  1.0000000   
