1.0000000   -1.9256096e-16  4.0939363e-16  5.0934998e-16  -1.2990545e-16  5.7508910e-16  -2.2079301e-16  4.6276891e-17  -6.9818597e-17  1.7796342e-16  -1.1738029e-16  1.0000000   -1.9256096e-16  4.0939363e-16  5.0934998e-16  -1.2990545e-16  5.7508910e-16  -2.2079301e-16  4.6276891e-17  -6.9818597e-17  1.7796342e-16  -1.1738029e-16  
-1.9256096e-16  1.0000000   -4.6950784e-16  -4.4684118e-17  -4.5412980e-17  -3.2031149e-16  -4.6818861e-17  -7.7906371e-17  2.7262774e-16  4.9213779e-17  1.8467204e-16  -1.9256096e-16  1.0000000   -4.6950784e-16  -4.4684118e-17  -4.5412980e-17  -3.2031149e-16  -4.6818861e-17  -7.7906371e-17  2.7262774e-16  4.9213779e-17  1.8467204e-16  
4.0939363e-16  -4.6950784e-16  1.0000000   -2.1605743e-17  9.9439291e-17  5.3306694e-17  -8.6264410e-17  -5.6934868e-17  4.7445036e-16  -3.1827041e-16  -3.4865938e-16  4.0939363e-16  -4.6950784e-16  1.0000000   -2.1605743e-17  9.9439291e-17  5.3306694e-17  -8.6264410e-17  -5.6934868e-17  4.7445036e-16  -3.1827041e-16  -3.4865938e-16  
5.0934998e-16  -4.4684118e-17  -2.1605743e-17  1.0000000   -6.7447449e-17  -3.6151992e-16  -1.3415852e-17  -2.4850437e-16  -2.7664029e-16  -5.3952011e-16  -2.8516391e-16  5.0934998e-16  -4.4684118e-17  -2.1605743e-17  1.0000000   -6.7447449e-17  -3.6151992e-16  -1.3415852e-17  -2.4850437e-16  -2.7664029e-16  -5.3952011e-16  -2.8516391e-16  
-1.2990545e-16  -4.5412980e-17  9.9439291e-17  -6.7447449e-17  1.0000000   4.7852608e-17  5.6211374e-16  -1.1054622e-15  3.1433866e-16  -3.1677926e-16  -1.9330095e-16  -1.2990545e-16  -4.5412980e-17  9.9439291e-17  -6.7447449e-17  1.0000000   4.7852608e-17  5.6211374e-16  -1.1054622e-15  3.1433866e-16  -3.1677926e-16  -1.9330095e-16  
5.7508910e-16  -3.2031149e-16  5.3306694e-17  -3.6151992e-16  4.7852608e-17  1.0000000   3.3535197e-17  1.2283655e-17  -2.5828566e-16  -8.0532954e-17  1.4667177e-16  5.7508910e-16  -3.2031149e-16  5.3306694e-17  -3.6151992e-16  4.7852608e-17  1.0000000   3.3535197e-17  1.2283655e-17  -2.5828566e-16  -8.0532954e-17  1.4667177e-16  
-2.2079301e-16  -4.6818861e-17  -8.6264410e-17  -1.3415852e-17  5.6211374e-16  3.3535197e-17  1.0000000   2.8003979e-16  2.7175596e-16  -2.6782541e-16  1.0928993e-15  -2.2079301e-16  -4.6818861e-17  -8.6264410e-17  -1.3415852e-17  5.6211374e-16  3.3535197e-17  1.0000000   2.8003979e-16  2.7175596e-16  -2.6782541e-16  1.0928993e-15  
4.6276891e-17  -7.7906371e-17  -5.6934868e-17  -2.4850437e-16  -1.1054622e-15  1.2283655e-17  2.8003979e-16  1.0000000   -2.8720346e-17  2.0160994e-16  -6.9147535e-17  4.6276891e-17  -7.7906371e-17  -5.6934868e-17  -2.4850437e-16  -1.1054622e-15  1.2283655e-17  2.8003979e-16  1.0000000   -2.8720346e-17  2.0160994e-16  -6.9147535e-17  
-6.9818597e-17  2.7262774e-16  4.7445036e-16  -2.7664029e-16  3.1433866e-16  -2.5828566e-16  2.7175596e-16  -2.8720346e-17  1.0000000   -4.8727773e-16  -2.8678164e-16  -6.9818597e-17  2.7262774e-16  4.7445036e-16  -2.7664029e-16  3.1433866e-16  -2.5828566e-16  2.7175596e-16  -2.8720346e-17  1.0000000   -4.8727773e-16  -2.8678164e-16  
1.7796342e-16  4.9213779e-17  -3.1827041e-16  -5.3952011e-16  -3.1677926e-16  -8.0532954e-17  -2.6782541e-16  2.0160994e-16  -4.8727773e-16  1.0000000   1.2967566e-16  1.7796342e-16  4.9213779e-17  -3.1827041e-16  -5.3952011e-16  -3.1677926e-16  -8.0532954e-17  -2.6782541e-16  2.0160994e-16  -4.8727773e-16  1.0000000   1.2967566e-16  
-1.1738029e-16  1.8467204e-16  -3.4865938e-16  -2.8516391e-16  -1.9330095e-16  1.4667177e-16  1.0928993e-15  -6.9147535e-17  -2.8678164e-16  1.2967566e-16  1.0000000   -1.1738029e-16  1.8467204e-16  -3.4865938e-16  -2.8516391e-16  -1.9330095e-16  1.4667177e-16  1.0928993e-15  -6.9147535e-17  -2.8678164e-16  1.2967566e-16  1.0000000   
1.0000000   -1.9256096e-16  4.0939363e-16  5.0934998e-16  -1.2990545e-16  5.7508910e-16  -2.2079301e-16  4.6276891e-17  -6.9818597e-17  1.7796342e-16  -1.1738029e-16  1.0000000   -1.9256096e-16  4.0939363e-16  5.0934998e-16  -1.2990545e-16  5.7508910e-16  -2.2079301e-16  4.6276891e-17  -6.9818597e-17  1.7796342e-16  -1.1738029e-16  
-1.9256096e-16  1.0000000   -4.6950784e-16  -4.4684118e-17  -4.5412980e-17  -3.2031149e-16  -4.6818861e-17  -7.7906371e-17  2.7262774e-16  4.9213779e-17  1.8467204e-16  -1.9256096e-16  1.0000000   -4.6950784e-16  -4.4684118e-17  -4.5412980e-17  -3.2031149e-16  -4.6818861e-17  -7.7906371e-17  2.7262774e-16  4.9213779e-17  1.8467204e-16  
4.0939363e-16  -4.6950784e-16  1.0000000   -2.1605743e-17  9.9439291e-17  5.3306694e-17  -8.6264410e-17  -5.6934868e-17  4.7445036e-16  -3.1827041e-16  -3.4865938e-16  4.0939363e-16  -4.6950784e-16  1.0000000   -2.1605743e-17  9.9439291e-17  5.3306694e-17  -8.6264410e-17  -5.6934868e-17  4.7445036e-16  -3.1827041e-16  -3.4865938e-16  
5.0934998e-16  -4.4684118e-17  -2.1605743e-17  1.0000000   -6.7447449e-17  -3.6151992e-16  -1.3415852e-17  -2.4850437e-16  -2.7664029e-16  -5.3952011e-16  -2.8516391e-16  5.0934998e-16  -4.4684118e-17  -2.1605743e-17  1.0000000   -6.7447449e-17  -3.6151992e-16  -1.3415852e-17  -2.4850437e-16  -2.7664029e-16  -5.3952011e-16  -2.8516391e-16  
-1.2990545e-16  -4.5412980e-17  9.9439291e-17  -6.7447449e-17  1.0000000   4.7852608e-17  5.6211374e-16  -1.1054622e-15  3.1433866e-16  -3.1677926e-16  -1.9330095e-16  -1.2990545e-16  -4.5412980e-17  9.9439291e-17  -6.7447449e-17  1.0000000   4.7852608e-17  5.6211374e-16  -1.1054622e-15  3.1433866e-16  -3.1677926e-16  -1.9330095e-16  
5.7508910e-16  -3.2031149e-16  5.3306694e-17  -3.6151992e-16  4.7852608e-17  1.0000000   3.3535197e-17  1.2283655e-17  -2.5828566e-16  -8.0532954e-17  1.4667177e-16  5.7508910e-16  -3.2031149e-16  5.3306694e-17  -3.6151992e-16  4.7852608e-17  1.0000000   3.3535197e-17  1.2283655e-17  -2.5828566e-16  -8.0532954e-17  1.4667177e-16  
-2.2079301e-16  -4.6818861e-17  -8.6264410e-17  -1.3415852e-17  5.6211374e-16  3.3535197e-17  1.0000000   2.8003979e-16  2.7175596e-16  -2.6782541e-16  1.0928993e-15  -2.2079301e-16  -4.6818861e-17  -8.6264410e-17  -1.3415852e-17  5.6211374e-16  3.3535197e-17  1.0000000   2.8003979e-16  2.7175596e-16  -2.6782541e-16  1.0928993e-15  
4.6276891e-17  -7.7906371e-17  -5.6934868e-17  -2.4850437e-16  -1.1054622e-15  1.2283655e-17  2.8003979e-16  1.0000000   -2.8720346e-17  2.0160994e-16  -6.9147535e-17  4.6276891e-17  -7.7906371e-17  -5.6934868e-17  -2.4850437e-16  -1.1054622e-15  1.2283655e-17  2.8003979e-16  1.0000000   -2.8720346e-17  2.0160994e-16  -6.9147535e-17  
-6.9818597e-17  2.7262774e-16  4.7445036e-16  -2.7664029e-16  3.1433866e-16  -2.5828566e-16  2.7175596e-16  -2.8720346e-17  1.0000000   -4.8727773e-16  -2.8678164e-16  -6.9818597e-17  2.7262774e-16  4.7445036e-16  -2.7664029e-16  3.1433866e-16  -2.5828566e-16  2.7175596e-16  -2.8720346e-17  1.0000000   -4.8727773e-16  -2.8678164e-16  
1.7796342e-16  4.9213779e-17  -3.1827041e-16  -5.3952011e-16  -3.1677926e-16  -8.0532954e-17  -2.6782541e-16  2.0160994e-16  -4.8727773e-16  1.0000000   1.2967566e-16  1.7796342e-16  4.9213779e-17  -3.1827041e-16  -5.3952011e-16  -3.1677926e-16  -8.0532954e-17  -2.6782541e-16  2.0160994e-16  -4.8727773e-16  1.0000000   1.2967566e-16  
-1.1738029e-16  1.8467204e-16  -3.4865938e-16  -2.8516391e-16  -1.9330095e-16  1.4667177e-16  1.0928993e-15  -6.9147535e-17  -2.8678164e-16  1.2967566e-16  1.0000000   -1.1738029e-16  1.8467204e-16  -3.4865938e-16  -2.8516391e-16  -1.9330095e-16  1.4667177e-16  1.0928993e-15  -6.9147535e-17  -2.8678164e-16  1.2967566e-16  1.0000000   
