1.0000000   -2.8821058e-16  -5.6500232e-16  3.1783387e-16  1.3761914e-16  3.1377573e-16  3.0858596e-16  1.6294373e-16  7.9552699e-17  -2.4989590e-16  2.2925921e-16  1.0000000   -2.8821058e-16  -5.6500232e-16  3.1783387e-16  1.3761914e-16  3.1377573e-16  3.0858596e-16  1.6294373e-16  7.9552699e-17  -2.4989590e-16  2.2925921e-16  
-2.8821058e-16  1.0000000   5.9888279e-16  2.1498713e-16  -2.1601712e-16  3.6268426e-16  -2.2422942e-16  2.0339972e-16  4.5377609e-16  -3.2666503e-16  6.5149793e-16  -2.8821058e-16  1.0000000   5.9888279e-16  2.1498713e-16  -2.1601712e-16  3.6268426e-16  -2.2422942e-16  2.0339972e-16  4.5377609e-16  -3.2666503e-16  6.5149793e-16  
-5.6500232e-16  5.9888279e-16  1.0000000   -2.4720530e-16  7.9878722e-16  -3.3563342e-16  7.3125625e-17  -2.3553869e-16  4.4109722e-16  4.7864350e-16  1.2784289e-16  -5.6500232e-16  5.9888279e-16  1.0000000   -2.4720530e-16  7.9878722e-16  -3.3563342e-16  7.3125625e-17  -2.3553869e-16  4.4109722e-16  4.7864350e-16  1.2784289e-16  
3.1783387e-16  2.1498713e-16  -2.4720530e-16  1.0000000   1.4774287e-16  -2.4260633e-16  3.3102132e-16  4.7151529e-16  -4.0373762e-16  -1.0403496e-15  -1.9265764e-18  3.1783387e-16  2.1498713e-16  -2.4720530e-16  1.0000000   1.4774287e-16  -2.4260633e-16  3.3102132e-16  4.7151529e-16  -4.0373762e-16  -1.0403496e-15  -1.9265764e-18  
1.3761914e-16  -2.1601712e-16  7.9878722e-16  1.4774287e-16  1.0000000   3.4138943e-16  3.2872459e-16  3.5873031e-16  -9.0908129e-16  2.4156321e-16  -5.2303988e-16  1.3761914e-16  -2.1601712e-16  7.9878722e-16  1.4774287e-16  1.0000000   3.4138943e-16  3.2872459e-16  3.5873031e-16  -9.0908129e-16  2.4156321e-16  -5.2303988e-16  
3.1377573e-16  3.6268426e-16  -3.3563342e-16  -2.4260633e-16  3.4138943e-16  1.0000000   3.2998032e-16  -5.8375393e-17  -8.5091606e-17  1.4821882e-15  -2.7470845e-16  3.1377573e-16  3.6268426e-16  -3.3563342e-16  -2.4260633e-16  3.4138943e-16  1.0000000   3.2998032e-16  -5.8375393e-17  -8.5091606e-17  1.4821882e-15  -2.7470845e-16  
3.0858596e-16  -2.2422942e-16  7.3125625e-17  3.3102132e-16  3.2872459e-16  3.2998032e-16  1.0000000   9.9212757e-17  -4.1618678e-16  -1.0180383e-16  -2.5330584e-16  3.0858596e-16  -2.2422942e-16  7.3125625e-17  3.3102132e-16  3.2872459e-16  3.2998032e-16  1.0000000   9.9212757e-17  -4.1618678e-16  -1.0180383e-16  -2.5330584e-16  
1.6294373e-16  2.0339972e-16  -2.3553869e-16  4.7151529e-16  3.5873031e-16  -5.8375393e-17  9.9212757e-17  1.0000000   1.0368054e-17  2.6402753e-16  -1.8659236e-16  1.6294373e-16  2.0339972e-16  -2.3553869e-16  4.7151529e-16  3.5873031e-16  -5.8375393e-17  9.9212757e-17  1.0000000   1.0368054e-17  2.6402753e-16  -1.8659236e-16  
7.9552699e-17  4.5377609e-16  4.4109722e-16  -4.0373762e-16  -9.0908129e-16  -8.5091606e-17  -4.1618678e-16  1.0368054e-17  1.0000000   -7.9099748e-17  -3.1342548e-17  7.9552699e-17  4.5377609e-16  4.4109722e-16  -4.0373762e-16  -9.0908129e-16  -8.5091606e-17  -4.1618678e-16  1.0368054e-17  1.0000000   -7.9099748e-17  -3.1342548e-17  
-2.4989590e-16  -3.2666503e-16  4.7864350e-16  -1.0403496e-15  2.4156321e-16  1.4821882e-15  -1.0180383e-16  2.6402753e-16  -7.9099748e-17  1.0000000   5.0186702e-17  -2.4989590e-16  -3.2666503e-16  4.7864350e-16  -1.0403496e-15  2.4156321e-16  1.4821882e-15  -1.0180383e-16  2.6402753e-16  -7.9099748e-17  1.0000000   5.0186702e-17  
2.2925921e-16  6.5149793e-16  1.2784289e-16  -1.9265764e-18  -5.2303988e-16  -2.7470845e-16  -2.5330584e-16  -1.8659236e-16  -3.1342548e-17  5.0186702e-17  1.0000000   2.2925921e-16  6.5149793e-16  1.2784289e-16  -1.9265764e-18  -5.2303988e-16  -2.7470845e-16  -2.5330584e-16  -1.8659236e-16  -3.1342548e-17  5.0186702e-17  1.0000000   
1.0000000   -2.8821058e-16  -5.6500232e-16  3.1783387e-16  1.3761914e-16  3.1377573e-16  3.0858596e-16  1.6294373e-16  7.9552699e-17  -2.4989590e-16  2.2925921e-16  1.0000000   -2.8821058e-16  -5.6500232e-16  3.1783387e-16  1.3761914e-16  3.1377573e-16  3.0858596e-16  1.6294373e-16  7.9552699e-17  -2.4989590e-16  2.2925921e-16  
-2.8821058e-16  1.0000000   5.9888279e-16  2.1498713e-16  -2.1601712e-16  3.6268426e-16  -2.2422942e-16  2.0339972e-16  4.5377609e-16  -3.2666503e-16  6.5149793e-16  -2.8821058e-16  1.0000000   5.9888279e-16  2.1498713e-16  -2.1601712e-16  3.6268426e-16  -2.2422942e-16  2.0339972e-16  4.5377609e-16  -3.2666503e-16  6.5149793e-16  
-5.6500232e-16  5.9888279e-16  1.0000000   -2.4720530e-16  7.9878722e-16  -3.3563342e-16  7.3125625e-17  -2.3553869e-16  4.4109722e-16  4.7864350e-16  1.2784289e-16  -5.6500232e-16  5.9888279e-16  1.0000000   -2.4720530e-16  7.9878722e-16  -3.3563342e-16  7.3125625e-17  -2.3553869e-16  4.4109722e-16  4.7864350e-16  1.2784289e-16  
3.1783387e-16  2.1498713e-16  -2.4720530e-16  1.0000000   1.4774287e-16  -2.4260633e-16  3.3102132e-16  4.7151529e-16  -4.0373762e-16  -1.0403496e-15  -1.9265764e-18  3.1783387e-16  2.1498713e-16  -2.4720530e-16  1.0000000   1.4774287e-16  -2.4260633e-16  3.3102132e-16  4.7151529e-16  -4.0373762e-16  -1.0403496e-15  -1.9265764e-18  
1.3761914e-16  -2.1601712e-16  7.9878722e-16  1.4774287e-16  1.0000000   3.4138943e-16  3.2872459e-16  3.5873031e-16  -9.0908129e-16  2.4156321e-16  -5.2303988e-16  1.3761914e-16  -2.1601712e-16  7.9878722e-16  1.4774287e-16  1.0000000   3.4138943e-16  3.2872459e-16  3.5873031e-16  -9.0908129e-16  2.4156321e-16  -5.2303988e-16  
3.1377573e-16  3.6268426e-16  -3.3563342e-16  -2.4260633e-16  3.4138943e-16  1.0000000   3.2998032e-16  -5.8375393e-17  -8.5091606e-17  1.4821882e-15  -2.7470845e-16  3.1377573e-16  3.6268426e-16  -3.3563342e-16  -2.4260633e-16  3.4138943e-16  1.0000000   3.2998032e-16  -5.8375393e-17  -8.5091606e-17  1.4821882e-15  -2.7470845e-16  
3.0858596e-16  -2.2422942e-16  7.3125625e-17  3.3102132e-16  3.2872459e-16  3.2998032e-16  1.0000000   9.9212757e-17  -4.1618678e-16  -1.0180383e-16  -2.5330584e-16  3.0858596e-16  -2.2422942e-16  7.3125625e-17  3.3102132e-16  3.2872459e-16  3.2998032e-16  1.0000000   9.9212757e-17  -4.1618678e-16  -1.0180383e-16  -2.5330584e-16  
1.6294373e-16  2.0339972e-16  -2.3553869e-16  4.7151529e-16  3.5873031e-16  -5.8375393e-17  9.9212757e-17  1.0000000   1.0368054e-17  2.6402753e-16  -1.8659236e-16  1.6294373e-16  2.0339972e-16  -2.3553869e-16  4.7151529e-16  3.5873031e-16  -5.8375393e-17  9.9212757e-17  1.0000000   1.0368054e-17  2.6402753e-16  -1.8659236e-16  
7.9552699e-17  4.5377609e-16  4.4109722e-16  -4.0373762e-16  -9.0908129e-16  -8.5091606e-17  -4.1618678e-16  1.0368054e-17  1.0000000   -7.9099748e-17  -3.1342548e-17  7.9552699e-17  4.5377609e-16  4.4109722e-16  -4.0373762e-16  -9.0908129e-16  -8.5091606e-17  -4.1618678e-16  1.0368054e-17  1.0000000   -7.9099748e-17  -3.1342548e-17  
-2.4989590e-16  -3.2666503e-16  4.7864350e-16  -1.0403496e-15  2.4156321e-16  1.4821882e-15  -1.0180383e-16  2.6402753e-16  -7.9099748e-17  1.0000000   5.0186702e-17  -2.4989590e-16  -3.2666503e-16  4.7864350e-16  -1.0403496e-15  2.4156321e-16  1.4821882e-15  -1.0180383e-16  2.6402753e-16  -7.9099748e-17  1.0000000   5.0186702e-17  
2.2925921e-16  6.5149793e-16  1.2784289e-16  -1.9265764e-18  -5.2303988e-16  -2.7470845e-16  -2.5330584e-16  -1.8659236e-16  -3.1342548e-17  5.0186702e-17  1.0000000   2.2925921e-16  6.5149793e-16  1.2784289e-16  -1.9265764e-18  -5.2303988e-16  -2.7470845e-16  -2.5330584e-16  -1.8659236e-16  -3.1342548e-17  5.0186702e-17  1.0000000   
