1.0000000   6.6558155e-17  -3.3277383e-16  7.0174986e-17  6.0291805e-17  1.7238306e-16  2.0444411e-16  1.4169125e-16  -1.5022320e-16  6.4461748e-17  -1.0347477e-15  1.0000000   6.6558155e-17  -3.3277383e-16  7.0174986e-17  6.0291805e-17  1.7238306e-16  2.0444411e-16  1.4169125e-16  -1.5022320e-16  6.4461748e-17  -1.0347477e-15  
6.6558155e-17  1.0000000   2.4848516e-16  -1.0662451e-16  -1.4766325e-17  4.9950295e-16  -2.3784262e-16  3.7869784e-18  7.1155860e-16  -1.1310516e-16  -4.1954558e-16  6.6558155e-17  1.0000000   2.4848516e-16  -1.0662451e-16  -1.4766325e-17  4.9950295e-16  -2.3784262e-16  3.7869784e-18  7.1155860e-16  -1.1310516e-16  -4.1954558e-16  
-3.3277383e-16  2.4848516e-16  1.0000000   -5.4767753e-16  1.5717840e-16  6.2227953e-16  -9.0492553e-17  3.6777895e-16  -4.9564760e-16  1.3232052e-16  4.5992449e-16  -3.3277383e-16  2.4848516e-16  1.0000000   -5.4767753e-16  1.5717840e-16  6.2227953e-16  -9.0492553e-17  3.6777895e-16  -4.9564760e-16  1.3232052e-16  4.5992449e-16  
7.0174986e-17  -1.0662451e-16  -5.4767753e-16  1.0000000   1.4052446e-16  6.4411308e-16  -3.7186864e-17  3.8812108e-17  6.1299594e-16  1.8146156e-16  -1.1007701e-16  7.0174986e-17  -1.0662451e-16  -5.4767753e-16  1.0000000   1.4052446e-16  6.4411308e-16  -3.7186864e-17  3.8812108e-17  6.1299594e-16  1.8146156e-16  -1.1007701e-16  
6.0291805e-17  -1.4766325e-17  1.5717840e-16  1.4052446e-16  1.0000000   -8.5619954e-16  6.8792458e-16  -1.4801562e-16  -5.0822019e-16  2.1131778e-16  -2.2008012e-16  6.0291805e-17  -1.4766325e-17  1.5717840e-16  1.4052446e-16  1.0000000   -8.5619954e-16  6.8792458e-16  -1.4801562e-16  -5.0822019e-16  2.1131778e-16  -2.2008012e-16  
1.7238306e-16  4.9950295e-16  6.2227953e-16  6.4411308e-16  -8.5619954e-16  1.0000000   -1.1848339e-16  -7.5684088e-17  -2.3116577e-16  9.7861105e-17  8.2697944e-17  1.7238306e-16  4.9950295e-16  6.2227953e-16  6.4411308e-16  -8.5619954e-16  1.0000000   -1.1848339e-16  -7.5684088e-17  -2.3116577e-16  9.7861105e-17  8.2697944e-17  
2.0444411e-16  -2.3784262e-16  -9.0492553e-17  -3.7186864e-17  6.8792458e-16  -1.1848339e-16  1.0000000   -2.8263880e-16  -3.6257922e-16  3.8583452e-16  -1.8122736e-16  2.0444411e-16  -2.3784262e-16  -9.0492553e-17  -3.7186864e-17  6.8792458e-16  -1.1848339e-16  1.0000000   -2.8263880e-16  -3.6257922e-16  3.8583452e-16  -1.8122736e-16  
1.4169125e-16  3.7869784e-18  3.6777895e-16  3.8812108e-17  -1.4801562e-16  -7.5684088e-17  -2.8263880e-16  1.0000000   2.2788686e-16  -3.5839023e-16  -5.9978636e-16  1.4169125e-16  3.7869784e-18  3.6777895e-16  3.8812108e-17  -1.4801562e-16  -7.5684088e-17  -2.8263880e-16  1.0000000   2.2788686e-16  -3.5839023e-16  -5.9978636e-16  
-1.5022320e-16  7.1155860e-16  -4.9564760e-16  6.1299594e-16  -5.0822019e-16  -2.3116577e-16  -3.6257922e-16  2.2788686e-16  1.0000000   4.8559658e-17  -4.9021100e-16  -1.5022320e-16  7.1155860e-16  -4.9564760e-16  6.1299594e-16  -5.0822019e-16  -2.3116577e-16  -3.6257922e-16  2.2788686e-16  1.0000000   4.8559658e-17  -4.9021100e-16  
6.4461748e-17  -1.1310516e-16  1.3232052e-16  1.8146156e-16  2.1131778e-16  9.7861105e-17  3.8583452e-16  -3.5839023e-16  4.8559658e-17  1.0000000   2.3273585e-16  6.4461748e-17  -1.1310516e-16  1.3232052e-16  1.8146156e-16  2.1131778e-16  9.7861105e-17  3.8583452e-16  -3.5839023e-16  4.8559658e-17  1.0000000   2.3273585e-16  
-1.0347477e-15  -4.1954558e-16  4.5992449e-16  -1.1007701e-16  -2.2008012e-16  8.2697944e-17  -1.8122736e-16  -5.9978636e-16  -4.9021100e-16  2.3273585e-16  1.0000000   -1.0347477e-15  -4.1954558e-16  4.5992449e-16  -1.1007701e-16  -2.2008012e-16  8.2697944e-17  -1.8122736e-16  -5.9978636e-16  -4.9021100e-16  2.3273585e-16  1.0000000   
1.0000000   6.6558155e-17  -3.3277383e-16  7.0174986e-17  6.0291805e-17  1.7238306e-16  2.0444411e-16  1.4169125e-16  -1.5022320e-16  6.4461748e-17  -1.0347477e-15  1.0000000   6.6558155e-17  -3.3277383e-16  7.0174986e-17  6.0291805e-17  1.7238306e-16  2.0444411e-16  1.4169125e-16  -1.5022320e-16  6.4461748e-17  -1.0347477e-15  
6.6558155e-17  1.0000000   2.4848516e-16  -1.0662451e-16  -1.4766325e-17  4.9950295e-16  -2.3784262e-16  3.7869784e-18  7.1155860e-16  -1.1310516e-16  -4.1954558e-16  6.6558155e-17  1.0000000   2.4848516e-16  -1.0662451e-16  -1.4766325e-17  4.9950295e-16  -2.3784262e-16  3.7869784e-18  7.1155860e-16  -1.1310516e-16  -4.1954558e-16  
-3.3277383e-16  2.4848516e-16  1.0000000   -5.4767753e-16  1.5717840e-16  6.2227953e-16  -9.0492553e-17  3.6777895e-16  -4.9564760e-16  1.3232052e-16  4.5992449e-16  -3.3277383e-16  2.4848516e-16  1.0000000   -5.4767753e-16  1.5717840e-16  6.2227953e-16  -9.0492553e-17  3.6777895e-16  -4.9564760e-16  1.3232052e-16  4.5992449e-16  
7.0174986e-17  -1.0662451e-16  -5.4767753e-16  1.0000000   1.4052446e-16  6.4411308e-16  -3.7186864e-17  3.8812108e-17  6.1299594e-16  1.8146156e-16  -1.1007701e-16  7.0174986e-17  -1.0662451e-16  -5.4767753e-16  1.0000000   1.4052446e-16  6.4411308e-16  -3.7186864e-17  3.8812108e-17  6.1299594e-16  1.8146156e-16  -1.1007701e-16  
6.0291805e-17  -1.4766325e-17  1.5717840e-16  1.4052446e-16  1.0000000   -8.5619954e-16  6.8792458e-16  -1.4801562e-16  -5.0822019e-16  2.1131778e-16  -2.2008012e-16  6.0291805e-17  -1.4766325e-17  1.5717840e-16  1.4052446e-16  1.0000000   -8.5619954e-16  6.8792458e-16  -1.4801562e-16  -5.0822019e-16  2.1131778e-16  -2.2008012e-16  
1.7238306e-16  4.9950295e-16  6.2227953e-16  6.4411308e-16  -8.5619954e-16  1.0000000   -1.1848339e-16  -7.5684088e-17  -2.3116577e-16  9.7861105e-17  8.2697944e-17  1.7238306e-16  4.9950295e-16  6.2227953e-16  6.4411308e-16  -8.5619954e-16  1.0000000   -1.1848339e-16  -7.5684088e-17  -2.3116577e-16  9.7861105e-17  8.2697944e-17  
2.0444411e-16  -2.3784262e-16  -9.0492553e-17  -3.7186864e-17  6.8792458e-16  -1.1848339e-16  1.0000000   -2.8263880e-16  -3.6257922e-16  3.8583452e-16  -1.8122736e-16  2.0444411e-16  -2.3784262e-16  -9.0492553e-17  -3.7186864e-17  6.8792458e-16  -1.1848339e-16  1.0000000   -2.8263880e-16  -3.6257922e-16  3.8583452e-16  -1.8122736e-16  
1.4169125e-16  3.7869784e-18  3.6777895e-16  3.8812108e-17  -1.4801562e-16  -7.5684088e-17  -2.8263880e-16  1.0000000   2.2788686e-16  -3.5839023e-16  -5.9978636e-16  1.4169125e-16  3.7869784e-18  3.6777895e-16  3.8812108e-17  -1.4801562e-16  -7.5684088e-17  -2.8263880e-16  1.0000000   2.2788686e-16  -3.5839023e-16  -5.9978636e-16  
-1.5022320e-16  7.1155860e-16  -4.9564760e-16  6.1299594e-16  -5.0822019e-16  -2.3116577e-16  -3.6257922e-16  2.2788686e-16  1.0000000   4.8559658e-17  -4.9021100e-16  -1.5022320e-16  7.1155860e-16  -4.9564760e-16  6.1299594e-16  -5.0822019e-16  -2.3116577e-16  -3.6257922e-16  2.2788686e-16  1.0000000   4.8559658e-17  -4.9021100e-16  
6.4461748e-17  -1.1310516e-16  1.3232052e-16  1.8146156e-16  2.1131778e-16  9.7861105e-17  3.8583452e-16  -3.5839023e-16  4.8559658e-17  1.0000000   2.3273585e-16  6.4461748e-17  -1.1310516e-16  1.3232052e-16  1.8146156e-16  2.1131778e-16  9.7861105e-17  3.8583452e-16  -3.5839023e-16  4.8559658e-17  1.0000000   2.3273585e-16  
-1.0347477e-15  -4.1954558e-16  4.5992449e-16  -1.1007701e-16  -2.2008012e-16  8.2697944e-17  -1.8122736e-16  -5.9978636e-16  -4.9021100e-16  2.3273585e-16  1.0000000   -1.0347477e-15  -4.1954558e-16  4.5992449e-16  -1.1007701e-16  -2.2008012e-16  8.2697944e-17  -1.8122736e-16  -5.9978636e-16  -4.9021100e-16  2.3273585e-16  1.0000000   
