1.0000000   2.0532333e-16  -2.6040387e-16  6.0893805e-16  3.2459033e-16  2.4368832e-16  5.5647926e-16  -3.5600052e-16  -2.0243844e-16  6.8669281e-16  2.2620862e-17  1.0000000   2.0532333e-16  -2.6040387e-16  6.0893805e-16  3.2459033e-16  2.4368832e-16  5.5647926e-16  -3.5600052e-16  -2.0243844e-16  6.8669281e-16  2.2620862e-17  
2.0532333e-16  1.0000000   3.1693432e-16  8.6846585e-16  8.9171605e-17  -2.9762027e-16  3.4415287e-16  4.3782646e-16  1.2236831e-16  2.8426256e-16  -6.6474468e-16  2.0532333e-16  1.0000000   3.1693432e-16  8.6846585e-16  8.9171605e-17  -2.9762027e-16  3.4415287e-16  4.3782646e-16  1.2236831e-16  2.8426256e-16  -6.6474468e-16  
-2.6040387e-16  3.1693432e-16  1.0000000   1.7763467e-16  -5.1069639e-16  -1.3596848e-16  1.9463885e-16  -3.3158058e-16  -1.3561527e-16  -5.2124290e-17  2.7347983e-16  -2.6040387e-16  3.1693432e-16  1.0000000   1.7763467e-16  -5.1069639e-16  -1.3596848e-16  1.9463885e-16  -3.3158058e-16  -1.3561527e-16  -5.2124290e-17  2.7347983e-16  
6.0893805e-16  8.6846585e-16  1.7763467e-16  1.0000000   -2.6199640e-16  2.3114894e-17  5.5902819e-16  -1.2817324e-16  -3.5147632e-16  4.1757793e-16  -1.1673342e-15  6.0893805e-16  8.6846585e-16  1.7763467e-16  1.0000000   -2.6199640e-16  2.3114894e-17  5.5902819e-16  -1.2817324e-16  -3.5147632e-16  4.1757793e-16  -1.1673342e-15  
3.2459033e-16  8.9171605e-17  -5.1069639e-16  -2.6199640e-16  1.0000000   2.5680303e-16  3.0265122e-16  -5.4144993e-17  -4.0170580e-16  1.8175760e-16  -1.8721037e-16  3.2459033e-16  8.9171605e-17  -5.1069639e-16  -2.6199640e-16  1.0000000   2.5680303e-16  3.0265122e-16  -5.4144993e-17  -4.0170580e-16  1.8175760e-16  -1.8721037e-16  
2.4368832e-16  -2.9762027e-16  -1.3596848e-16  2.3114894e-17  2.5680303e-16  1.0000000   -4.5175009e-16  2.9486752e-16  9.5863166e-17  -8.1973308e-17  4.2665050e-18  2.4368832e-16  -2.9762027e-16  -1.3596848e-16  2.3114894e-17  2.5680303e-16  1.0000000   -4.5175009e-16  2.9486752e-16  9.5863166e-17  -8.1973308e-17  4.2665050e-18  
5.5647926e-16  3.4415287e-16  1.9463885e-16  5.5902819e-16  3.0265122e-16  -4.5175009e-16  1.0000000   -2.0539056e-16  3.0593814e-16  -5.6041711e-16  -5.9255630e-16  5.5647926e-16  3.4415287e-16  1.9463885e-16  5.5902819e-16  3.0265122e-16  -4.5175009e-16  1.0000000   -2.0539056e-16  3.0593814e-16  -5.6041711e-16  -5.9255630e-16  
-3.5600052e-16  4.3782646e-16  -3.3158058e-16  -1.2817324e-16  -5.4144993e-17  2.9486752e-16  -2.0539056e-16  1.0000000   5.8364403e-16  1.3281477e-18  -9.2636436e-16  -3.5600052e-16  4.3782646e-16  -3.3158058e-16  -1.2817324e-16  -5.4144993e-17  2.9486752e-16  -2.0539056e-16  1.0000000   5.8364403e-16  1.3281477e-18  -9.2636436e-16  
-2.0243844e-16  1.2236831e-16  -1.3561527e-16  -3.5147632e-16  -4.0170580e-16  9.5863166e-17  3.0593814e-16  5.8364403e-16  1.0000000   2.1522430e-16  3.5003128e-16  -2.0243844e-16  1.2236831e-16  -1.3561527e-16  -3.5147632e-16  -4.0170580e-16  9.5863166e-17  3.0593814e-16  5.8364403e-16  1.0000000   2.1522430e-16  3.5003128e-16  
6.8669281e-16  2.8426256e-16  -5.2124290e-17  4.1757793e-16  1.8175760e-16  -8.1973308e-17  -5.6041711e-16  1.3281477e-18  2.1522430e-16  1.0000000   1.6892209e-16  6.8669281e-16  2.8426256e-16  -5.2124290e-17  4.1757793e-16  1.8175760e-16  -8.1973308e-17  -5.6041711e-16  1.3281477e-18  2.1522430e-16  1.0000000   1.6892209e-16  
2.2620862e-17  -6.6474468e-16  2.7347983e-16  -1.1673342e-15  -1.8721037e-16  4.2665050e-18  -5.9255630e-16  -9.2636436e-16  3.5003128e-16  1.6892209e-16  1.0000000   2.2620862e-17  -6.6474468e-16  2.7347983e-16  -1.1673342e-15  -1.8721037e-16  4.2665050e-18  -5.9255630e-16  -9.2636436e-16  3.5003128e-16  1.6892209e-16  1.0000000   
1.0000000   2.0532333e-16  -2.6040387e-16  6.0893805e-16  3.2459033e-16  2.4368832e-16  5.5647926e-16  -3.5600052e-16  -2.0243844e-16  6.8669281e-16  2.2620862e-17  1.0000000   2.0532333e-16  -2.6040387e-16  6.0893805e-16  3.2459033e-16  2.4368832e-16  5.5647926e-16  -3.5600052e-16  -2.0243844e-16  6.8669281e-16  2.2620862e-17  
2.0532333e-16  1.0000000   3.1693432e-16  8.6846585e-16  8.9171605e-17  -2.9762027e-16  3.4415287e-16  4.3782646e-16  1.2236831e-16  2.8426256e-16  -6.6474468e-16  2.0532333e-16  1.0000000   3.1693432e-16  8.6846585e-16  8.9171605e-17  -2.9762027e-16  3.4415287e-16  4.3782646e-16  1.2236831e-16  2.8426256e-16  -6.6474468e-16  
-2.6040387e-16  3.1693432e-16  1.0000000   1.7763467e-16  -5.1069639e-16  -1.3596848e-16  1.9463885e-16  -3.3158058e-16  -1.3561527e-16  -5.2124290e-17  2.7347983e-16  -2.6040387e-16  3.1693432e-16  1.0000000   1.7763467e-16  -5.1069639e-16  -1.3596848e-16  1.9463885e-16  -3.3158058e-16  -1.3561527e-16  -5.2124290e-17  2.7347983e-16  
6.0893805e-16  8.6846585e-16  1.7763467e-16  1.0000000   -2.6199640e-16  2.3114894e-17  5.5902819e-16  -1.2817324e-16  -3.5147632e-16  4.1757793e-16  -1.1673342e-15  6.0893805e-16  8.6846585e-16  1.7763467e-16  1.0000000   -2.6199640e-16  2.3114894e-17  5.5902819e-16  -1.2817324e-16  -3.5147632e-16  4.1757793e-16  -1.1673342e-15  
3.2459033e-16  8.9171605e-17  -5.1069639e-16  -2.6199640e-16  1.0000000   2.5680303e-16  3.0265122e-16  -5.4144993e-17  -4.0170580e-16  1.8175760e-16  -1.8721037e-16  3.2459033e-16  8.9171605e-17  -5.1069639e-16  -2.6199640e-16  1.0000000   2.5680303e-16  3.0265122e-16  -5.4144993e-17  -4.0170580e-16  1.8175760e-16  -1.8721037e-16  
2.4368832e-16  -2.9762027e-16  -1.3596848e-16  2.3114894e-17  2.5680303e-16  1.0000000   -4.5175009e-16  2.9486752e-16  9.5863166e-17  -8.1973308e-17  4.2665050e-18  2.4368832e-16  -2.9762027e-16  -1.3596848e-16  2.3114894e-17  2.5680303e-16  1.0000000   -4.5175009e-16  2.9486752e-16  9.5863166e-17  -8.1973308e-17  4.2665050e-18  
5.5647926e-16  3.4415287e-16  1.9463885e-16  5.5902819e-16  3.0265122e-16  -4.5175009e-16  1.0000000   -2.0539056e-16  3.0593814e-16  -5.6041711e-16  -5.9255630e-16  5.5647926e-16  3.4415287e-16  1.9463885e-16  5.5902819e-16  3.0265122e-16  -4.5175009e-16  1.0000000   -2.0539056e-16  3.0593814e-16  -5.6041711e-16  -5.9255630e-16  
-3.5600052e-16  4.3782646e-16  -3.3158058e-16  -1.2817324e-16  -5.4144993e-17  2.9486752e-16  -2.0539056e-16  1.0000000   5.8364403e-16  1.3281477e-18  -9.2636436e-16  -3.5600052e-16  4.3782646e-16  -3.3158058e-16  -1.2817324e-16  -5.4144993e-17  2.9486752e-16  -2.0539056e-16  1.0000000   5.8364403e-16  1.3281477e-18  -9.2636436e-16  
-2.0243844e-16  1.2236831e-16  -1.3561527e-16  -3.5147632e-16  -4.0170580e-16  9.5863166e-17  3.0593814e-16  5.8364403e-16  1.0000000   2.1522430e-16  3.5003128e-16  -2.0243844e-16  1.2236831e-16  -1.3561527e-16  -3.5147632e-16  -4.0170580e-16  9.5863166e-17  3.0593814e-16  5.8364403e-16  1.0000000   2.1522430e-16  3.5003128e-16  
6.8669281e-16  2.8426256e-16  -5.2124290e-17  4.1757793e-16  1.8175760e-16  -8.1973308e-17  -5.6041711e-16  1.3281477e-18  2.1522430e-16  1.0000000   1.6892209e-16  6.8669281e-16  2.8426256e-16  -5.2124290e-17  4.1757793e-16  1.8175760e-16  -8.1973308e-17  -5.6041711e-16  1.3281477e-18  2.1522430e-16  1.0000000   1.6892209e-16  
2.2620862e-17  -6.6474468e-16  2.7347983e-16  -1.1673342e-15  -1.8721037e-16  4.2665050e-18  -5.9255630e-16  -9.2636436e-16  3.5003128e-16  1.6892209e-16  1.0000000   2.2620862e-17  -6.6474468e-16  2.7347983e-16  -1.1673342e-15  -1.8721037e-16  4.2665050e-18  -5.9255630e-16  -9.2636436e-16  3.5003128e-16  1.6892209e-16  1.0000000   
