1.0000000   -3.7625204e-18  -1.3394556e-17  1.1256221e-16  1.4802324e-16  3.2874535e-16  -1.4147314e-16  -1.8590721e-16  -5.9291883e-16  -5.4637013e-17  7.5545556e-16  1.0000000   -3.7625204e-18  -1.3394556e-17  1.1256221e-16  1.4802324e-16  3.2874535e-16  -1.4147314e-16  -1.8590721e-16  -5.9291883e-16  -5.4637013e-17  7.5545556e-16  
-3.7625204e-18  1.0000000   2.5211893e-16  -4.1226449e-16  3.8152651e-16  -5.7474764e-16  8.1442620e-16  5.8667789e-16  -1.7197331e-16  3.5545229e-16  3.8789874e-17  -3.7625204e-18  1.0000000   2.5211893e-16  -4.1226449e-16  3.8152651e-16  -5.7474764e-16  8.1442620e-16  5.8667789e-16  -1.7197331e-16  3.5545229e-16  3.8789874e-17  
-1.3394556e-17  2.5211893e-16  1.0000000   6.8433761e-16  -1.1195531e-16  2.7323165e-16  -1.8989208e-16  -2.2655257e-16  1.5792082e-17  -4.2257457e-16  1.0194994e-16  -1.3394556e-17  2.5211893e-16  1.0000000   6.8433761e-16  -1.1195531e-16  2.7323165e-16  -1.8989208e-16  -2.2655257e-16  1.5792082e-17  -4.2257457e-16  1.0194994e-16  
1.1256221e-16  -4.1226449e-16  6.8433761e-16  1.0000000   -6.6416446e-16  1.5500279e-16  -1.7071949e-17  -4.8024481e-16  -3.0731287e-16  -1.7872395e-16  1.0433752e-17  1.1256221e-16  -4.1226449e-16  6.8433761e-16  1.0000000   -6.6416446e-16  1.5500279e-16  -1.7071949e-17  -4.8024481e-16  -3.0731287e-16  -1.7872395e-16  1.0433752e-17  
1.4802324e-16  3.8152651e-16  -1.1195531e-16  -6.6416446e-16  1.0000000   4.8151113e-16  -5.1962888e-16  1.3101011e-16  8.1004302e-17  -4.7871549e-17  -3.7979793e-17  1.4802324e-16  3.8152651e-16  -1.1195531e-16  -6.6416446e-16  1.0000000   4.8151113e-16  -5.1962888e-16  1.3101011e-16  8.1004302e-17  -4.7871549e-17  -3.7979793e-17  
3.2874535e-16  -5.7474764e-16  2.7323165e-16  1.5500279e-16  4.8151113e-16  1.0000000   1.1189729e-17  -8.5854561e-16  -3.9993381e-16  -2.5611058e-16  -1.7070806e-16  3.2874535e-16  -5.7474764e-16  2.7323165e-16  1.5500279e-16  4.8151113e-16  1.0000000   1.1189729e-17  -8.5854561e-16  -3.9993381e-16  -2.5611058e-16  -1.7070806e-16  
-1.4147314e-16  8.1442620e-16  -1.8989208e-16  -1.7071949e-17  -5.1962888e-16  1.1189729e-17  1.0000000   3.4585149e-17  6.0529779e-16  -5.6699962e-17  -8.5591409e-17  -1.4147314e-16  8.1442620e-16  -1.8989208e-16  -1.7071949e-17  -5.1962888e-16  1.1189729e-17  1.0000000   3.4585149e-17  6.0529779e-16  -5.6699962e-17  -8.5591409e-17  
-1.8590721e-16  5.8667789e-16  -2.2655257e-16  -4.8024481e-16  1.3101011e-16  -8.5854561e-16  3.4585149e-17  1.0000000   -2.2846247e-16  -1.7722132e-16  5.3101131e-16  -1.8590721e-16  5.8667789e-16  -2.2655257e-16  -4.8024481e-16  1.3101011e-16  -8.5854561e-16  3.4585149e-17  1.0000000   -2.2846247e-16  -1.7722132e-16  5.3101131e-16  
-5.9291883e-16  -1.7197331e-16  1.5792082e-17  -3.0731287e-16  8.1004302e-17  -3.9993381e-16  6.0529779e-16  -2.2846247e-16  1.0000000   -4.9700209e-16  4.1965189e-17  -5.9291883e-16  -1.7197331e-16  1.5792082e-17  -3.0731287e-16  8.1004302e-17  -3.9993381e-16  6.0529779e-16  -2.2846247e-16  1.0000000   -4.9700209e-16  4.1965189e-17  
-5.4637013e-17  3.5545229e-16  -4.2257457e-16  -1.7872395e-16  -4.7871549e-17  -2.5611058e-16  -5.6699962e-17  -1.7722132e-16  -4.9700209e-16  1.0000000   2.1690735e-16  -5.4637013e-17  3.5545229e-16  -4.2257457e-16  -1.7872395e-16  -4.7871549e-17  -2.5611058e-16  -5.6699962e-17  -1.7722132e-16  -4.9700209e-16  1.0000000   2.1690735e-16  
7.5545556e-16  3.8789874e-17  1.0194994e-16  1.0433752e-17  -3.7979793e-17  -1.7070806e-16  -8.5591409e-17  5.3101131e-16  4.1965189e-17  2.1690735e-16  1.0000000   7.5545556e-16  3.8789874e-17  1.0194994e-16  1.0433752e-17  -3.7979793e-17  -1.7070806e-16  -8.5591409e-17  5.3101131e-16  4.1965189e-17  2.1690735e-16  1.0000000   
1.0000000   -3.7625204e-18  -1.3394556e-17  1.1256221e-16  1.4802324e-16  3.2874535e-16  -1.4147314e-16  -1.8590721e-16  -5.9291883e-16  -5.4637013e-17  7.5545556e-16  1.0000000   -3.7625204e-18  -1.3394556e-17  1.1256221e-16  1.4802324e-16  3.2874535e-16  -1.4147314e-16  -1.8590721e-16  -5.9291883e-16  -5.4637013e-17  7.5545556e-16  
-3.7625204e-18  1.0000000   2.5211893e-16  -4.1226449e-16  3.8152651e-16  -5.7474764e-16  8.1442620e-16  5.8667789e-16  -1.7197331e-16  3.5545229e-16  3.8789874e-17  -3.7625204e-18  1.0000000   2.5211893e-16  -4.1226449e-16  3.8152651e-16  -5.7474764e-16  8.1442620e-16  5.8667789e-16  -1.7197331e-16  3.5545229e-16  3.8789874e-17  
-1.3394556e-17  2.5211893e-16  1.0000000   6.8433761e-16  -1.1195531e-16  2.7323165e-16  -1.8989208e-16  -2.2655257e-16  1.5792082e-17  -4.2257457e-16  1.0194994e-16  -1.3394556e-17  2.5211893e-16  1.0000000   6.8433761e-16  -1.1195531e-16  2.7323165e-16  -1.8989208e-16  -2.2655257e-16  1.5792082e-17  -4.2257457e-16  1.0194994e-16  
1.1256221e-16  -4.1226449e-16  6.8433761e-16  1.0000000   -6.6416446e-16  1.5500279e-16  -1.7071949e-17  -4.8024481e-16  -3.0731287e-16  -1.7872395e-16  1.0433752e-17  1.1256221e-16  -4.1226449e-16  6.8433761e-16  1.0000000   -6.6416446e-16  1.5500279e-16  -1.7071949e-17  -4.8024481e-16  -3.0731287e-16  -1.7872395e-16  1.0433752e-17  
1.4802324e-16  3.8152651e-16  -1.1195531e-16  -6.6416446e-16  1.0000000   4.8151113e-16  -5.1962888e-16  1.3101011e-16  8.1004302e-17  -4.7871549e-17  -3.7979793e-17  1.4802324e-16  3.8152651e-16  -1.1195531e-16  -6.6416446e-16  1.0000000   4.8151113e-16  -5.1962888e-16  1.3101011e-16  8.1004302e-17  -4.7871549e-17  -3.7979793e-17  
3.2874535e-16  -5.7474764e-16  2.7323165e-16  1.5500279e-16  4.8151113e-16  1.0000000   1.1189729e-17  -8.5854561e-16  -3.9993381e-16  -2.5611058e-16  -1.7070806e-16  3.2874535e-16  -5.7474764e-16  2.7323165e-16  1.5500279e-16  4.8151113e-16  1.0000000   1.1189729e-17  -8.5854561e-16  -3.9993381e-16  -2.5611058e-16  -1.7070806e-16  
-1.4147314e-16  8.1442620e-16  -1.8989208e-16  -1.7071949e-17  -5.1962888e-16  1.1189729e-17  1.0000000   3.4585149e-17  6.0529779e-16  -5.6699962e-17  -8.5591409e-17  -1.4147314e-16  8.1442620e-16  -1.8989208e-16  -1.7071949e-17  -5.1962888e-16  1.1189729e-17  1.0000000   3.4585149e-17  6.0529779e-16  -5.6699962e-17  -8.5591409e-17  
-1.8590721e-16  5.8667789e-16  -2.2655257e-16  -4.8024481e-16  1.3101011e-16  -8.5854561e-16  3.4585149e-17  1.0000000   -2.2846247e-16  -1.7722132e-16  5.3101131e-16  -1.8590721e-16  5.8667789e-16  -2.2655257e-16  -4.8024481e-16  1.3101011e-16  -8.5854561e-16  3.4585149e-17  1.0000000   -2.2846247e-16  -1.7722132e-16  5.3101131e-16  
-5.9291883e-16  -1.7197331e-16  1.5792082e-17  -3.0731287e-16  8.1004302e-17  -3.9993381e-16  6.0529779e-16  -2.2846247e-16  1.0000000   -4.9700209e-16  4.1965189e-17  -5.9291883e-16  -1.7197331e-16  1.5792082e-17  -3.0731287e-16  8.1004302e-17  -3.9993381e-16  6.0529779e-16  -2.2846247e-16  1.0000000   -4.9700209e-16  4.1965189e-17  
-5.4637013e-17  3.5545229e-16  -4.2257457e-16  -1.7872395e-16  -4.7871549e-17  -2.5611058e-16  -5.6699962e-17  -1.7722132e-16  -4.9700209e-16  1.0000000   2.1690735e-16  -5.4637013e-17  3.5545229e-16  -4.2257457e-16  -1.7872395e-16  -4.7871549e-17  -2.5611058e-16  -5.6699962e-17  -1.7722132e-16  -4.9700209e-16  1.0000000   2.1690735e-16  
7.5545556e-16  3.8789874e-17  1.0194994e-16  1.0433752e-17  -3.7979793e-17  -1.7070806e-16  -8.5591409e-17  5.3101131e-16  4.1965189e-17  2.1690735e-16  1.0000000   7.5545556e-16  3.8789874e-17  1.0194994e-16  1.0433752e-17  -3.7979793e-17  -1.7070806e-16  -8.5591409e-17  5.3101131e-16  4.1965189e-17  2.1690735e-16  1.0000000   
