1.0000000   2.4331424e-16  3.7621392e-17  -6.1103517e-16  -2.1323631e-16  -2.6647657e-18  -7.3618175e-17  8.9068903e-17  2.7374580e-16  -3.3414942e-16  2.3802854e-16  1.0000000   2.4331424e-16  3.7621392e-17  -6.1103517e-16  -2.1323631e-16  -2.6647657e-18  -7.3618175e-17  8.9068903e-17  2.7374580e-16  -3.3414942e-16  2.3802854e-16  
2.4331424e-16  1.0000000   2.6729755e-16  -2.8720277e-16  -2.9703857e-16  -2.1608192e-16  -2.2268157e-16  2.0739263e-16  5.1138238e-16  5.4750074e-16  -1.3388139e-16  2.4331424e-16  1.0000000   2.6729755e-16  -2.8720277e-16  -2.9703857e-16  -2.1608192e-16  -2.2268157e-16  2.0739263e-16  5.1138238e-16  5.4750074e-16  -1.3388139e-16  
3.7621392e-17  2.6729755e-16  1.0000000   9.2870598e-17  7.0409360e-16  3.8981483e-16  -8.4488106e-16  1.4047131e-16  2.7210171e-16  1.7331665e-16  -5.5410323e-16  3.7621392e-17  2.6729755e-16  1.0000000   9.2870598e-17  7.0409360e-16  3.8981483e-16  -8.4488106e-16  1.4047131e-16  2.7210171e-16  1.7331665e-16  -5.5410323e-16  
-6.1103517e-16  -2.8720277e-16  9.2870598e-17  1.0000000   9.5686771e-17  6.1681998e-17  2.5697286e-16  -1.4729395e-16  3.1097946e-16  -1.5094900e-16  8.5044278e-17  -6.1103517e-16  -2.8720277e-16  9.2870598e-17  1.0000000   9.5686771e-17  6.1681998e-17  2.5697286e-16  -1.4729395e-16  3.1097946e-16  -1.5094900e-16  8.5044278e-17  
-2.1323631e-16  -2.9703857e-16  7.0409360e-16  9.5686771e-17  1.0000000   -7.4990029e-16  -4.3272372e-17  -3.4341553e-16  3.3028864e-16  8.6720451e-17  -2.3927813e-16  -2.1323631e-16  -2.9703857e-16  7.0409360e-16  9.5686771e-17  1.0000000   -7.4990029e-16  -4.3272372e-17  -3.4341553e-16  3.3028864e-16  8.6720451e-17  -2.3927813e-16  
-2.6647657e-18  -2.1608192e-16  3.8981483e-16  6.1681998e-17  -7.4990029e-16  1.0000000   -2.7188826e-16  5.3989118e-16  2.4980643e-17  -6.7988714e-17  -1.4149855e-16  -2.6647657e-18  -2.1608192e-16  3.8981483e-16  6.1681998e-17  -7.4990029e-16  1.0000000   -2.7188826e-16  5.3989118e-16  2.4980643e-17  -6.7988714e-17  -1.4149855e-16  
-7.3618175e-17  -2.2268157e-16  -8.4488106e-16  2.5697286e-16  -4.3272372e-17  -2.7188826e-16  1.0000000   2.7517559e-16  -1.2316918e-16  -1.9132118e-16  4.5780776e-16  -7.3618175e-17  -2.2268157e-16  -8.4488106e-16  2.5697286e-16  -4.3272372e-17  -2.7188826e-16  1.0000000   2.7517559e-16  -1.2316918e-16  -1.9132118e-16  4.5780776e-16  
8.9068903e-17  2.0739263e-16  1.4047131e-16  -1.4729395e-16  -3.4341553e-16  5.3989118e-16  2.7517559e-16  1.0000000   -5.2332872e-17  8.7349542e-16  -1.1602678e-16  8.9068903e-17  2.0739263e-16  1.4047131e-16  -1.4729395e-16  -3.4341553e-16  5.3989118e-16  2.7517559e-16  1.0000000   -5.2332872e-17  8.7349542e-16  -1.1602678e-16  
2.7374580e-16  5.1138238e-16  2.7210171e-16  3.1097946e-16  3.3028864e-16  2.4980643e-17  -1.2316918e-16  -5.2332872e-17  1.0000000   -2.1002383e-16  -9.3230905e-17  2.7374580e-16  5.1138238e-16  2.7210171e-16  3.1097946e-16  3.3028864e-16  2.4980643e-17  -1.2316918e-16  -5.2332872e-17  1.0000000   -2.1002383e-16  -9.3230905e-17  
-3.3414942e-16  5.4750074e-16  1.7331665e-16  -1.5094900e-16  8.6720451e-17  -6.7988714e-17  -1.9132118e-16  8.7349542e-16  -2.1002383e-16  1.0000000   -1.1375717e-15  -3.3414942e-16  5.4750074e-16  1.7331665e-16  -1.5094900e-16  8.6720451e-17  -6.7988714e-17  -1.9132118e-16  8.7349542e-16  -2.1002383e-16  1.0000000   -1.1375717e-15  
2.3802854e-16  -1.3388139e-16  -5.5410323e-16  8.5044278e-17  -2.3927813e-16  -1.4149855e-16  4.5780776e-16  -1.1602678e-16  -9.3230905e-17  -1.1375717e-15  1.0000000   2.3802854e-16  -1.3388139e-16  -5.5410323e-16  8.5044278e-17  -2.3927813e-16  -1.4149855e-16  4.5780776e-16  -1.1602678e-16  -9.3230905e-17  -1.1375717e-15  1.0000000   
1.0000000   2.4331424e-16  3.7621392e-17  -6.1103517e-16  -2.1323631e-16  -2.6647657e-18  -7.3618175e-17  8.9068903e-17  2.7374580e-16  -3.3414942e-16  2.3802854e-16  1.0000000   2.4331424e-16  3.7621392e-17  -6.1103517e-16  -2.1323631e-16  -2.6647657e-18  -7.3618175e-17  8.9068903e-17  2.7374580e-16  -3.3414942e-16  2.3802854e-16  
2.4331424e-16  1.0000000   2.6729755e-16  -2.8720277e-16  -2.9703857e-16  -2.1608192e-16  -2.2268157e-16  2.0739263e-16  5.1138238e-16  5.4750074e-16  -1.3388139e-16  2.4331424e-16  1.0000000   2.6729755e-16  -2.8720277e-16  -2.9703857e-16  -2.1608192e-16  -2.2268157e-16  2.0739263e-16  5.1138238e-16  5.4750074e-16  -1.3388139e-16  
3.7621392e-17  2.6729755e-16  1.0000000   9.2870598e-17  7.0409360e-16  3.8981483e-16  -8.4488106e-16  1.4047131e-16  2.7210171e-16  1.7331665e-16  -5.5410323e-16  3.7621392e-17  2.6729755e-16  1.0000000   9.2870598e-17  7.0409360e-16  3.8981483e-16  -8.4488106e-16  1.4047131e-16  2.7210171e-16  1.7331665e-16  -5.5410323e-16  
-6.1103517e-16  -2.8720277e-16  9.2870598e-17  1.0000000   9.5686771e-17  6.1681998e-17  2.5697286e-16  -1.4729395e-16  3.1097946e-16  -1.5094900e-16  8.5044278e-17  -6.1103517e-16  -2.8720277e-16  9.2870598e-17  1.0000000   9.5686771e-17  6.1681998e-17  2.5697286e-16  -1.4729395e-16  3.1097946e-16  -1.5094900e-16  8.5044278e-17  
-2.1323631e-16  -2.9703857e-16  7.0409360e-16  9.5686771e-17  1.0000000   -7.4990029e-16  -4.3272372e-17  -3.4341553e-16  3.3028864e-16  8.6720451e-17  -2.3927813e-16  -2.1323631e-16  -2.9703857e-16  7.0409360e-16  9.5686771e-17  1.0000000   -7.4990029e-16  -4.3272372e-17  -3.4341553e-16  3.3028864e-16  8.6720451e-17  -2.3927813e-16  
-2.6647657e-18  -2.1608192e-16  3.8981483e-16  6.1681998e-17  -7.4990029e-16  1.0000000   -2.7188826e-16  5.3989118e-16  2.4980643e-17  -6.7988714e-17  -1.4149855e-16  -2.6647657e-18  -2.1608192e-16  3.8981483e-16  6.1681998e-17  -7.4990029e-16  1.0000000   -2.7188826e-16  5.3989118e-16  2.4980643e-17  -6.7988714e-17  -1.4149855e-16  
-7.3618175e-17  -2.2268157e-16  -8.4488106e-16  2.5697286e-16  -4.3272372e-17  -2.7188826e-16  1.0000000   2.7517559e-16  -1.2316918e-16  -1.9132118e-16  4.5780776e-16  -7.3618175e-17  -2.2268157e-16  -8.4488106e-16  2.5697286e-16  -4.3272372e-17  -2.7188826e-16  1.0000000   2.7517559e-16  -1.2316918e-16  -1.9132118e-16  4.5780776e-16  
8.9068903e-17  2.0739263e-16  1.4047131e-16  -1.4729395e-16  -3.4341553e-16  5.3989118e-16  2.7517559e-16  1.0000000   -5.2332872e-17  8.7349542e-16  -1.1602678e-16  8.9068903e-17  2.0739263e-16  1.4047131e-16  -1.4729395e-16  -3.4341553e-16  5.3989118e-16  2.7517559e-16  1.0000000   -5.2332872e-17  8.7349542e-16  -1.1602678e-16  
2.7374580e-16  5.1138238e-16  2.7210171e-16  3.1097946e-16  3.3028864e-16  2.4980643e-17  -1.2316918e-16  -5.2332872e-17  1.0000000   -2.1002383e-16  -9.3230905e-17  2.7374580e-16  5.1138238e-16  2.7210171e-16  3.1097946e-16  3.3028864e-16  2.4980643e-17  -1.2316918e-16  -5.2332872e-17  1.0000000   -2.1002383e-16  -9.3230905e-17  
-3.3414942e-16  5.4750074e-16  1.7331665e-16  -1.5094900e-16  8.6720451e-17  -6.7988714e-17  -1.9132118e-16  8.7349542e-16  -2.1002383e-16  1.0000000   -1.1375717e-15  -3.3414942e-16  5.4750074e-16  1.7331665e-16  -1.5094900e-16  8.6720451e-17  -6.7988714e-17  -1.9132118e-16  8.7349542e-16  -2.1002383e-16  1.0000000   -1.1375717e-15  
2.3802854e-16  -1.3388139e-16  -5.5410323e-16  8.5044278e-17  -2.3927813e-16  -1.4149855e-16  4.5780776e-16  -1.1602678e-16  -9.3230905e-17  -1.1375717e-15  1.0000000   2.3802854e-16  -1.3388139e-16  -5.5410323e-16  8.5044278e-17  -2.3927813e-16  -1.4149855e-16  4.5780776e-16  -1.1602678e-16  -9.3230905e-17  -1.1375717e-15  1.0000000   
