1.0000000   9.4951123e-17  -6.4376706e-16  -1.6632699e-16  6.4559157e-17  -1.0293674e-15  -6.3408781e-16  5.2903306e-16  -1.7193075e-17  -1.2473651e-16  -4.2207853e-16  1.0000000   9.4951123e-17  -6.4376706e-16  -1.6632699e-16  6.4559157e-17  -1.0293674e-15  -6.3408781e-16  5.2903306e-16  -1.7193075e-17  -1.2473651e-16  -4.2207853e-16  
9.4951123e-17  1.0000000   6.6486962e-16  -1.2857240e-16  -8.5476212e-17  1.4775727e-16  1.6005789e-16  5.3749534e-16  -5.6748243e-16  2.5211279e-16  5.3074873e-17  9.4951123e-17  1.0000000   6.6486962e-16  -1.2857240e-16  -8.5476212e-17  1.4775727e-16  1.6005789e-16  5.3749534e-16  -5.6748243e-16  2.5211279e-16  5.3074873e-17  
-6.4376706e-16  6.6486962e-16  1.0000000   -4.1686134e-16  7.1961971e-16  6.2910937e-16  -3.4409019e-17  6.3435144e-17  1.1378363e-16  -2.8090228e-16  3.1436209e-16  -6.4376706e-16  6.6486962e-16  1.0000000   -4.1686134e-16  7.1961971e-16  6.2910937e-16  -3.4409019e-17  6.3435144e-17  1.1378363e-16  -2.8090228e-16  3.1436209e-16  
-1.6632699e-16  -1.2857240e-16  -4.1686134e-16  1.0000000   1.7984839e-16  -4.1018100e-16  -1.0010659e-16  1.6227457e-16  1.4955044e-16  1.6445388e-16  -3.5140094e-16  -1.6632699e-16  -1.2857240e-16  -4.1686134e-16  1.0000000   1.7984839e-16  -4.1018100e-16  -1.0010659e-16  1.6227457e-16  1.4955044e-16  1.6445388e-16  -3.5140094e-16  
6.4559157e-17  -8.5476212e-17  7.1961971e-16  1.7984839e-16  1.0000000   -1.1515244e-16  -1.3449782e-16  7.6341216e-16  1.6194762e-16  -1.4562190e-16  3.5749449e-17  6.4559157e-17  -8.5476212e-17  7.1961971e-16  1.7984839e-16  1.0000000   -1.1515244e-16  -1.3449782e-16  7.6341216e-16  1.6194762e-16  -1.4562190e-16  3.5749449e-17  
-1.0293674e-15  1.4775727e-16  6.2910937e-16  -4.1018100e-16  -1.1515244e-16  1.0000000   3.5356087e-16  -5.4138619e-16  -2.8651165e-16  1.3260587e-16  2.8574529e-16  -1.0293674e-15  1.4775727e-16  6.2910937e-16  -4.1018100e-16  -1.1515244e-16  1.0000000   3.5356087e-16  -5.4138619e-16  -2.8651165e-16  1.3260587e-16  2.8574529e-16  
-6.3408781e-16  1.6005789e-16  -3.4409019e-17  -1.0010659e-16  -1.3449782e-16  3.5356087e-16  1.0000000   -4.3699785e-16  -7.2329414e-17  -1.9543570e-16  -6.6731797e-17  -6.3408781e-16  1.6005789e-16  -3.4409019e-17  -1.0010659e-16  -1.3449782e-16  3.5356087e-16  1.0000000   -4.3699785e-16  -7.2329414e-17  -1.9543570e-16  -6.6731797e-17  
5.2903306e-16  5.3749534e-16  6.3435144e-17  1.6227457e-16  7.6341216e-16  -5.4138619e-16  -4.3699785e-16  1.0000000   9.6148827e-17  -5.8566399e-17  -4.6528452e-16  5.2903306e-16  5.3749534e-16  6.3435144e-17  1.6227457e-16  7.6341216e-16  -5.4138619e-16  -4.3699785e-16  1.0000000   9.6148827e-17  -5.8566399e-17  -4.6528452e-16  
-1.7193075e-17  -5.6748243e-16  1.1378363e-16  1.4955044e-16  1.6194762e-16  -2.8651165e-16  -7.2329414e-17  9.6148827e-17  1.0000000   -3.6643011e-16  -6.6594641e-16  -1.7193075e-17  -5.6748243e-16  1.1378363e-16  1.4955044e-16  1.6194762e-16  -2.8651165e-16  -7.2329414e-17  9.6148827e-17  1.0000000   -3.6643011e-16  -6.6594641e-16  
-1.2473651e-16  2.5211279e-16  -2.8090228e-16  1.6445388e-16  -1.4562190e-16  1.3260587e-16  -1.9543570e-16  -5.8566399e-17  -3.6643011e-16  1.0000000   7.4235026e-17  -1.2473651e-16  2.5211279e-16  -2.8090228e-16  1.6445388e-16  -1.4562190e-16  1.3260587e-16  -1.9543570e-16  -5.8566399e-17  -3.6643011e-16  1.0000000   7.4235026e-17  
-4.2207853e-16  5.3074873e-17  3.1436209e-16  -3.5140094e-16  3.5749449e-17  2.8574529e-16  -6.6731797e-17  -4.6528452e-16  -6.6594641e-16  7.4235026e-17  1.0000000   -4.2207853e-16  5.3074873e-17  3.1436209e-16  -3.5140094e-16  3.5749449e-17  2.8574529e-16  -6.6731797e-17  -4.6528452e-16  -6.6594641e-16  7.4235026e-17  1.0000000   
1.0000000   9.4951123e-17  -6.4376706e-16  -1.6632699e-16  6.4559157e-17  -1.0293674e-15  -6.3408781e-16  5.2903306e-16  -1.7193075e-17  -1.2473651e-16  -4.2207853e-16  1.0000000   9.4951123e-17  -6.4376706e-16  -1.6632699e-16  6.4559157e-17  -1.0293674e-15  -6.3408781e-16  5.2903306e-16  -1.7193075e-17  -1.2473651e-16  -4.2207853e-16  
9.4951123e-17  1.0000000   6.6486962e-16  -1.2857240e-16  -8.5476212e-17  1.4775727e-16  1.6005789e-16  5.3749534e-16  -5.6748243e-16  2.5211279e-16  5.3074873e-17  9.4951123e-17  1.0000000   6.6486962e-16  -1.2857240e-16  -8.5476212e-17  1.4775727e-16  1.6005789e-16  5.3749534e-16  -5.6748243e-16  2.5211279e-16  5.3074873e-17  
-6.4376706e-16  6.6486962e-16  1.0000000   -4.1686134e-16  7.1961971e-16  6.2910937e-16  -3.4409019e-17  6.3435144e-17  1.1378363e-16  -2.8090228e-16  3.1436209e-16  -6.4376706e-16  6.6486962e-16  1.0000000   -4.1686134e-16  7.1961971e-16  6.2910937e-16  -3.4409019e-17  6.3435144e-17  1.1378363e-16  -2.8090228e-16  3.1436209e-16  
-1.6632699e-16  -1.2857240e-16  -4.1686134e-16  1.0000000   1.7984839e-16  -4.1018100e-16  -1.0010659e-16  1.6227457e-16  1.4955044e-16  1.6445388e-16  -3.5140094e-16  -1.6632699e-16  -1.2857240e-16  -4.1686134e-16  1.0000000   1.7984839e-16  -4.1018100e-16  -1.0010659e-16  1.6227457e-16  1.4955044e-16  1.6445388e-16  -3.5140094e-16  
6.4559157e-17  -8.5476212e-17  7.1961971e-16  1.7984839e-16  1.0000000   -1.1515244e-16  -1.3449782e-16  7.6341216e-16  1.6194762e-16  -1.4562190e-16  3.5749449e-17  6.4559157e-17  -8.5476212e-17  7.1961971e-16  1.7984839e-16  1.0000000   -1.1515244e-16  -1.3449782e-16  7.6341216e-16  1.6194762e-16  -1.4562190e-16  3.5749449e-17  
-1.0293674e-15  1.4775727e-16  6.2910937e-16  -4.1018100e-16  -1.1515244e-16  1.0000000   3.5356087e-16  -5.4138619e-16  -2.8651165e-16  1.3260587e-16  2.8574529e-16  -1.0293674e-15  1.4775727e-16  6.2910937e-16  -4.1018100e-16  -1.1515244e-16  1.0000000   3.5356087e-16  -5.4138619e-16  -2.8651165e-16  1.3260587e-16  2.8574529e-16  
-6.3408781e-16  1.6005789e-16  -3.4409019e-17  -1.0010659e-16  -1.3449782e-16  3.5356087e-16  1.0000000   -4.3699785e-16  -7.2329414e-17  -1.9543570e-16  -6.6731797e-17  -6.3408781e-16  1.6005789e-16  -3.4409019e-17  -1.0010659e-16  -1.3449782e-16  3.5356087e-16  1.0000000   -4.3699785e-16  -7.2329414e-17  -1.9543570e-16  -6.6731797e-17  
5.2903306e-16  5.3749534e-16  6.3435144e-17  1.6227457e-16  7.6341216e-16  -5.4138619e-16  -4.3699785e-16  1.0000000   9.6148827e-17  -5.8566399e-17  -4.6528452e-16  5.2903306e-16  5.3749534e-16  6.3435144e-17  1.6227457e-16  7.6341216e-16  -5.4138619e-16  -4.3699785e-16  1.0000000   9.6148827e-17  -5.8566399e-17  -4.6528452e-16  
-1.7193075e-17  -5.6748243e-16  1.1378363e-16  1.4955044e-16  1.6194762e-16  -2.8651165e-16  -7.2329414e-17  9.6148827e-17  1.0000000   -3.6643011e-16  -6.6594641e-16  -1.7193075e-17  -5.6748243e-16  1.1378363e-16  1.4955044e-16  1.6194762e-16  -2.8651165e-16  -7.2329414e-17  9.6148827e-17  1.0000000   -3.6643011e-16  -6.6594641e-16  
-1.2473651e-16  2.5211279e-16  -2.8090228e-16  1.6445388e-16  -1.4562190e-16  1.3260587e-16  -1.9543570e-16  -5.8566399e-17  -3.6643011e-16  1.0000000   7.4235026e-17  -1.2473651e-16  2.5211279e-16  -2.8090228e-16  1.6445388e-16  -1.4562190e-16  1.3260587e-16  -1.9543570e-16  -5.8566399e-17  -3.6643011e-16  1.0000000   7.4235026e-17  
-4.2207853e-16  5.3074873e-17  3.1436209e-16  -3.5140094e-16  3.5749449e-17  2.8574529e-16  -6.6731797e-17  -4.6528452e-16  -6.6594641e-16  7.4235026e-17  1.0000000   -4.2207853e-16  5.3074873e-17  3.1436209e-16  -3.5140094e-16  3.5749449e-17  2.8574529e-16  -6.6731797e-17  -4.6528452e-16  -6.6594641e-16  7.4235026e-17  1.0000000   
