1.0000000   -1.6833001e-16  2.2047844e-17  1.3737180e-16  -8.0020473e-17  2.2139535e-16  -7.1193966e-17  -1.4306535e-16  -3.9439728e-16  -4.5978642e-16  9.9888478e-17  1.0000000   -1.6833001e-16  2.2047844e-17  1.3737180e-16  -8.0020473e-17  2.2139535e-16  -7.1193966e-17  -1.4306535e-16  -3.9439728e-16  -4.5978642e-16  9.9888478e-17  
-1.6833001e-16  1.0000000   -1.8010462e-16  1.8930001e-16  8.8003208e-16  -1.5557285e-16  2.9983823e-16  -3.1496666e-16  -1.1276041e-16  -2.1377079e-16  -1.2614015e-16  -1.6833001e-16  1.0000000   -1.8010462e-16  1.8930001e-16  8.8003208e-16  -1.5557285e-16  2.9983823e-16  -3.1496666e-16  -1.1276041e-16  -2.1377079e-16  -1.2614015e-16  
2.2047844e-17  -1.8010462e-16  1.0000000   -6.2203813e-16  -4.4585273e-17  -2.0615226e-16  -4.7883154e-16  -3.7789316e-16  -5.4776083e-16  -4.7388635e-16  2.5294098e-16  2.2047844e-17  -1.8010462e-16  1.0000000   -6.2203813e-16  -4.4585273e-17  -2.0615226e-16  -4.7883154e-16  -3.7789316e-16  -5.4776083e-16  -4.7388635e-16  2.5294098e-16  
1.3737180e-16  1.8930001e-16  -6.2203813e-16  1.0000000   9.8883897e-17  6.5562087e-16  6.6160049e-17  -2.5211406e-16  3.0192897e-16  3.8994390e-16  -1.8355077e-16  1.3737180e-16  1.8930001e-16  -6.2203813e-16  1.0000000   9.8883897e-17  6.5562087e-16  6.6160049e-17  -2.5211406e-16  3.0192897e-16  3.8994390e-16  -1.8355077e-16  
-8.0020473e-17  8.8003208e-16  -4.4585273e-17  9.8883897e-17  1.0000000   2.4645482e-17  4.9318493e-18  -3.7324083e-17  -6.6448522e-16  2.3351915e-16  1.9499545e-17  -8.0020473e-17  8.8003208e-16  -4.4585273e-17  9.8883897e-17  1.0000000   2.4645482e-17  4.9318493e-18  -3.7324083e-17  -6.6448522e-16  2.3351915e-16  1.9499545e-17  
2.2139535e-16  -1.5557285e-16  -2.0615226e-16  6.5562087e-16  2.4645482e-17  1.0000000   -1.2270843e-15  -1.9221666e-16  -2.4784078e-17  1.0763332e-16  -2.6301728e-16  2.2139535e-16  -1.5557285e-16  -2.0615226e-16  6.5562087e-16  2.4645482e-17  1.0000000   -1.2270843e-15  -1.9221666e-16  -2.4784078e-17  1.0763332e-16  -2.6301728e-16  
-7.1193966e-17  2.9983823e-16  -4.7883154e-16  6.6160049e-17  4.9318493e-18  -1.2270843e-15  1.0000000   3.3446854e-16  1.0448681e-16  -3.3050357e-16  -1.5824693e-17  -7.1193966e-17  2.9983823e-16  -4.7883154e-16  6.6160049e-17  4.9318493e-18  -1.2270843e-15  1.0000000   3.3446854e-16  1.0448681e-16  -3.3050357e-16  -1.5824693e-17  
-1.4306535e-16  -3.1496666e-16  -3.7789316e-16  -2.5211406e-16  -3.7324083e-17  -1.9221666e-16  3.3446854e-16  1.0000000   4.7106578e-16  3.5151825e-16  6.9541998e-16  -1.4306535e-16  -3.1496666e-16  -3.7789316e-16  -2.5211406e-16  -3.7324083e-17  -1.9221666e-16  3.3446854e-16  1.0000000   4.7106578e-16  3.5151825e-16  6.9541998e-16  
-3.9439728e-16  -1.1276041e-16  -5.4776083e-16  3.0192897e-16  -6.6448522e-16  -2.4784078e-17  1.0448681e-16  4.7106578e-16  1.0000000   -4.5165988e-16  3.0750991e-16  -3.9439728e-16  -1.1276041e-16  -5.4776083e-16  3.0192897e-16  -6.6448522e-16  -2.4784078e-17  1.0448681e-16  4.7106578e-16  1.0000000   -4.5165988e-16  3.0750991e-16  
-4.5978642e-16  -2.1377079e-16  -4.7388635e-16  3.8994390e-16  2.3351915e-16  1.0763332e-16  -3.3050357e-16  3.5151825e-16  -4.5165988e-16  1.0000000   -3.8363139e-16  -4.5978642e-16  -2.1377079e-16  -4.7388635e-16  3.8994390e-16  2.3351915e-16  1.0763332e-16  -3.3050357e-16  3.5151825e-16  -4.5165988e-16  1.0000000   -3.8363139e-16  
9.9888478e-17  -1.2614015e-16  2.5294098e-16  -1.8355077e-16  1.9499545e-17  -2.6301728e-16  -1.5824693e-17  6.9541998e-16  3.0750991e-16  -3.8363139e-16  1.0000000   9.9888478e-17  -1.2614015e-16  2.5294098e-16  -1.8355077e-16  1.9499545e-17  -2.6301728e-16  -1.5824693e-17  6.9541998e-16  3.0750991e-16  -3.8363139e-16  1.0000000   
1.0000000   -1.6833001e-16  2.2047844e-17  1.3737180e-16  -8.0020473e-17  2.2139535e-16  -7.1193966e-17  -1.4306535e-16  -3.9439728e-16  -4.5978642e-16  9.9888478e-17  1.0000000   -1.6833001e-16  2.2047844e-17  1.3737180e-16  -8.0020473e-17  2.2139535e-16  -7.1193966e-17  -1.4306535e-16  -3.9439728e-16  -4.5978642e-16  9.9888478e-17  
-1.6833001e-16  1.0000000   -1.8010462e-16  1.8930001e-16  8.8003208e-16  -1.5557285e-16  2.9983823e-16  -3.1496666e-16  -1.1276041e-16  -2.1377079e-16  -1.2614015e-16  -1.6833001e-16  1.0000000   -1.8010462e-16  1.8930001e-16  8.8003208e-16  -1.5557285e-16  2.9983823e-16  -3.1496666e-16  -1.1276041e-16  -2.1377079e-16  -1.2614015e-16  
2.2047844e-17  -1.8010462e-16  1.0000000   -6.2203813e-16  -4.4585273e-17  -2.0615226e-16  -4.7883154e-16  -3.7789316e-16  -5.4776083e-16  -4.7388635e-16  2.5294098e-16  2.2047844e-17  -1.8010462e-16  1.0000000   -6.2203813e-16  -4.4585273e-17  -2.0615226e-16  -4.7883154e-16  -3.7789316e-16  -5.4776083e-16  -4.7388635e-16  2.5294098e-16  
1.3737180e-16  1.8930001e-16  -6.2203813e-16  1.0000000   9.8883897e-17  6.5562087e-16  6.6160049e-17  -2.5211406e-16  3.0192897e-16  3.8994390e-16  -1.8355077e-16  1.3737180e-16  1.8930001e-16  -6.2203813e-16  1.0000000   9.8883897e-17  6.5562087e-16  6.6160049e-17  -2.5211406e-16  3.0192897e-16  3.8994390e-16  -1.8355077e-16  
-8.0020473e-17  8.8003208e-16  -4.4585273e-17  9.8883897e-17  1.0000000   2.4645482e-17  4.9318493e-18  -3.7324083e-17  -6.6448522e-16  2.3351915e-16  1.9499545e-17  -8.0020473e-17  8.8003208e-16  -4.4585273e-17  9.8883897e-17  1.0000000   2.4645482e-17  4.9318493e-18  -3.7324083e-17  -6.6448522e-16  2.3351915e-16  1.9499545e-17  
2.2139535e-16  -1.5557285e-16  -2.0615226e-16  6.5562087e-16  2.4645482e-17  1.0000000   -1.2270843e-15  -1.9221666e-16  -2.4784078e-17  1.0763332e-16  -2.6301728e-16  2.2139535e-16  -1.5557285e-16  -2.0615226e-16  6.5562087e-16  2.4645482e-17  1.0000000   -1.2270843e-15  -1.9221666e-16  -2.4784078e-17  1.0763332e-16  -2.6301728e-16  
-7.1193966e-17  2.9983823e-16  -4.7883154e-16  6.6160049e-17  4.9318493e-18  -1.2270843e-15  1.0000000   3.3446854e-16  1.0448681e-16  -3.3050357e-16  -1.5824693e-17  -7.1193966e-17  2.9983823e-16  -4.7883154e-16  6.6160049e-17  4.9318493e-18  -1.2270843e-15  1.0000000   3.3446854e-16  1.0448681e-16  -3.3050357e-16  -1.5824693e-17  
-1.4306535e-16  -3.1496666e-16  -3.7789316e-16  -2.5211406e-16  -3.7324083e-17  -1.9221666e-16  3.3446854e-16  1.0000000   4.7106578e-16  3.5151825e-16  6.9541998e-16  -1.4306535e-16  -3.1496666e-16  -3.7789316e-16  -2.5211406e-16  -3.7324083e-17  -1.9221666e-16  3.3446854e-16  1.0000000   4.7106578e-16  3.5151825e-16  6.9541998e-16  
-3.9439728e-16  -1.1276041e-16  -5.4776083e-16  3.0192897e-16  -6.6448522e-16  -2.4784078e-17  1.0448681e-16  4.7106578e-16  1.0000000   -4.5165988e-16  3.0750991e-16  -3.9439728e-16  -1.1276041e-16  -5.4776083e-16  3.0192897e-16  -6.6448522e-16  -2.4784078e-17  1.0448681e-16  4.7106578e-16  1.0000000   -4.5165988e-16  3.0750991e-16  
-4.5978642e-16  -2.1377079e-16  -4.7388635e-16  3.8994390e-16  2.3351915e-16  1.0763332e-16  -3.3050357e-16  3.5151825e-16  -4.5165988e-16  1.0000000   -3.8363139e-16  -4.5978642e-16  -2.1377079e-16  -4.7388635e-16  3.8994390e-16  2.3351915e-16  1.0763332e-16  -3.3050357e-16  3.5151825e-16  -4.5165988e-16  1.0000000   -3.8363139e-16  
9.9888478e-17  -1.2614015e-16  2.5294098e-16  -1.8355077e-16  1.9499545e-17  -2.6301728e-16  -1.5824693e-17  6.9541998e-16  3.0750991e-16  -3.8363139e-16  1.0000000   9.9888478e-17  -1.2614015e-16  2.5294098e-16  -1.8355077e-16  1.9499545e-17  -2.6301728e-16  -1.5824693e-17  6.9541998e-16  3.0750991e-16  -3.8363139e-16  1.0000000   
