1.0000000   1.0115364e-15  1.0679815e-16  1.8812771e-16  1.0869614e-16  -1.9208166e-16  2.2667724e-16  3.7483325e-17  -1.0614424e-16  -4.1455487e-17  2.9413727e-16  1.0000000   1.0115364e-15  1.0679815e-16  1.8812771e-16  1.0869614e-16  -1.9208166e-16  2.2667724e-16  3.7483325e-17  -1.0614424e-16  -4.1455487e-17  2.9413727e-16  
1.0115364e-15  1.0000000   4.9315952e-16  -4.1642257e-17  -3.7320738e-16  2.8718652e-17  4.8396498e-17  -6.4335117e-17  -4.2201977e-16  -4.1181641e-16  6.3958357e-16  1.0115364e-15  1.0000000   4.9315952e-16  -4.1642257e-17  -3.7320738e-16  2.8718652e-17  4.8396498e-17  -6.4335117e-17  -4.2201977e-16  -4.1181641e-16  6.3958357e-16  
1.0679815e-16  4.9315952e-16  1.0000000   -1.7229582e-16  -7.2058109e-16  -1.7081266e-16  -7.3183223e-17  2.1202039e-16  2.6253913e-16  -1.6663362e-16  9.3733936e-17  1.0679815e-16  4.9315952e-16  1.0000000   -1.7229582e-16  -7.2058109e-16  -1.7081266e-16  -7.3183223e-17  2.1202039e-16  2.6253913e-16  -1.6663362e-16  9.3733936e-17  
1.8812771e-16  -4.1642257e-17  -1.7229582e-16  1.0000000   3.9148402e-16  -8.0825239e-16  5.5674502e-16  4.6535312e-16  7.6205183e-16  -4.5214449e-16  -1.1826232e-16  1.8812771e-16  -4.1642257e-17  -1.7229582e-16  1.0000000   3.9148402e-16  -8.0825239e-16  5.5674502e-16  4.6535312e-16  7.6205183e-16  -4.5214449e-16  -1.1826232e-16  
1.0869614e-16  -3.7320738e-16  -7.2058109e-16  3.9148402e-16  1.0000000   4.7117902e-17  4.2849438e-16  3.1866163e-16  -6.6080460e-16  -9.3907811e-16  -2.6956358e-16  1.0869614e-16  -3.7320738e-16  -7.2058109e-16  3.9148402e-16  1.0000000   4.7117902e-17  4.2849438e-16  3.1866163e-16  -6.6080460e-16  -9.3907811e-16  -2.6956358e-16  
-1.9208166e-16  2.8718652e-17  -1.7081266e-16  -8.0825239e-16  4.7117902e-17  1.0000000   1.5821601e-16  -2.9424506e-16  -1.6620480e-16  -3.7726339e-16  3.2212705e-16  -1.9208166e-16  2.8718652e-17  -1.7081266e-16  -8.0825239e-16  4.7117902e-17  1.0000000   1.5821601e-16  -2.9424506e-16  -1.6620480e-16  -3.7726339e-16  3.2212705e-16  
2.2667724e-16  4.8396498e-17  -7.3183223e-17  5.5674502e-16  4.2849438e-16  1.5821601e-16  1.0000000   -6.1273305e-17  -1.2832655e-16  -8.2090727e-17  2.7150540e-16  2.2667724e-16  4.8396498e-17  -7.3183223e-17  5.5674502e-16  4.2849438e-16  1.5821601e-16  1.0000000   -6.1273305e-17  -1.2832655e-16  -8.2090727e-17  2.7150540e-16  
3.7483325e-17  -6.4335117e-17  2.1202039e-16  4.6535312e-16  3.1866163e-16  -2.9424506e-16  -6.1273305e-17  1.0000000   -9.1817948e-17  -5.8616798e-17  -3.7349918e-18  3.7483325e-17  -6.4335117e-17  2.1202039e-16  4.6535312e-16  3.1866163e-16  -2.9424506e-16  -6.1273305e-17  1.0000000   -9.1817948e-17  -5.8616798e-17  -3.7349918e-18  
-1.0614424e-16  -4.2201977e-16  2.6253913e-16  7.6205183e-16  -6.6080460e-16  -1.6620480e-16  -1.2832655e-16  -9.1817948e-17  1.0000000   3.6929472e-16  4.0706286e-16  -1.0614424e-16  -4.2201977e-16  2.6253913e-16  7.6205183e-16  -6.6080460e-16  -1.6620480e-16  -1.2832655e-16  -9.1817948e-17  1.0000000   3.6929472e-16  4.0706286e-16  
-4.1455487e-17  -4.1181641e-16  -1.6663362e-16  -4.5214449e-16  -9.3907811e-16  -3.7726339e-16  -8.2090727e-17  -5.8616798e-17  3.6929472e-16  1.0000000   -3.6235222e-16  -4.1455487e-17  -4.1181641e-16  -1.6663362e-16  -4.5214449e-16  -9.3907811e-16  -3.7726339e-16  -8.2090727e-17  -5.8616798e-17  3.6929472e-16  1.0000000   -3.6235222e-16  
2.9413727e-16  6.3958357e-16  9.3733936e-17  -1.1826232e-16  -2.6956358e-16  3.2212705e-16  2.7150540e-16  -3.7349918e-18  4.0706286e-16  -3.6235222e-16  1.0000000   2.9413727e-16  6.3958357e-16  9.3733936e-17  -1.1826232e-16  -2.6956358e-16  3.2212705e-16  2.7150540e-16  -3.7349918e-18  4.0706286e-16  -3.6235222e-16  1.0000000   
1.0000000   1.0115364e-15  1.0679815e-16  1.8812771e-16  1.0869614e-16  -1.9208166e-16  2.2667724e-16  3.7483325e-17  -1.0614424e-16  -4.1455487e-17  2.9413727e-16  1.0000000   1.0115364e-15  1.0679815e-16  1.8812771e-16  1.0869614e-16  -1.9208166e-16  2.2667724e-16  3.7483325e-17  -1.0614424e-16  -4.1455487e-17  2.9413727e-16  
1.0115364e-15  1.0000000   4.9315952e-16  -4.1642257e-17  -3.7320738e-16  2.8718652e-17  4.8396498e-17  -6.4335117e-17  -4.2201977e-16  -4.1181641e-16  6.3958357e-16  1.0115364e-15  1.0000000   4.9315952e-16  -4.1642257e-17  -3.7320738e-16  2.8718652e-17  4.8396498e-17  -6.4335117e-17  -4.2201977e-16  -4.1181641e-16  6.3958357e-16  
1.0679815e-16  4.9315952e-16  1.0000000   -1.7229582e-16  -7.2058109e-16  -1.7081266e-16  -7.3183223e-17  2.1202039e-16  2.6253913e-16  -1.6663362e-16  9.3733936e-17  1.0679815e-16  4.9315952e-16  1.0000000   -1.7229582e-16  -7.2058109e-16  -1.7081266e-16  -7.3183223e-17  2.1202039e-16  2.6253913e-16  -1.6663362e-16  9.3733936e-17  
1.8812771e-16  -4.1642257e-17  -1.7229582e-16  1.0000000   3.9148402e-16  -8.0825239e-16  5.5674502e-16  4.6535312e-16  7.6205183e-16  -4.5214449e-16  -1.1826232e-16  1.8812771e-16  -4.1642257e-17  -1.7229582e-16  1.0000000   3.9148402e-16  -8.0825239e-16  5.5674502e-16  4.6535312e-16  7.6205183e-16  -4.5214449e-16  -1.1826232e-16  
1.0869614e-16  -3.7320738e-16  -7.2058109e-16  3.9148402e-16  1.0000000   4.7117902e-17  4.2849438e-16  3.1866163e-16  -6.6080460e-16  -9.3907811e-16  -2.6956358e-16  1.0869614e-16  -3.7320738e-16  -7.2058109e-16  3.9148402e-16  1.0000000   4.7117902e-17  4.2849438e-16  3.1866163e-16  -6.6080460e-16  -9.3907811e-16  -2.6956358e-16  
-1.9208166e-16  2.8718652e-17  -1.7081266e-16  -8.0825239e-16  4.7117902e-17  1.0000000   1.5821601e-16  -2.9424506e-16  -1.6620480e-16  -3.7726339e-16  3.2212705e-16  -1.9208166e-16  2.8718652e-17  -1.7081266e-16  -8.0825239e-16  4.7117902e-17  1.0000000   1.5821601e-16  -2.9424506e-16  -1.6620480e-16  -3.7726339e-16  3.2212705e-16  
2.2667724e-16  4.8396498e-17  -7.3183223e-17  5.5674502e-16  4.2849438e-16  1.5821601e-16  1.0000000   -6.1273305e-17  -1.2832655e-16  -8.2090727e-17  2.7150540e-16  2.2667724e-16  4.8396498e-17  -7.3183223e-17  5.5674502e-16  4.2849438e-16  1.5821601e-16  1.0000000   -6.1273305e-17  -1.2832655e-16  -8.2090727e-17  2.7150540e-16  
3.7483325e-17  -6.4335117e-17  2.1202039e-16  4.6535312e-16  3.1866163e-16  -2.9424506e-16  -6.1273305e-17  1.0000000   -9.1817948e-17  -5.8616798e-17  -3.7349918e-18  3.7483325e-17  -6.4335117e-17  2.1202039e-16  4.6535312e-16  3.1866163e-16  -2.9424506e-16  -6.1273305e-17  1.0000000   -9.1817948e-17  -5.8616798e-17  -3.7349918e-18  
-1.0614424e-16  -4.2201977e-16  2.6253913e-16  7.6205183e-16  -6.6080460e-16  -1.6620480e-16  -1.2832655e-16  -9.1817948e-17  1.0000000   3.6929472e-16  4.0706286e-16  -1.0614424e-16  -4.2201977e-16  2.6253913e-16  7.6205183e-16  -6.6080460e-16  -1.6620480e-16  -1.2832655e-16  -9.1817948e-17  1.0000000   3.6929472e-16  4.0706286e-16  
-4.1455487e-17  -4.1181641e-16  -1.6663362e-16  -4.5214449e-16  -9.3907811e-16  -3.7726339e-16  -8.2090727e-17  -5.8616798e-17  3.6929472e-16  1.0000000   -3.6235222e-16  -4.1455487e-17  -4.1181641e-16  -1.6663362e-16  -4.5214449e-16  -9.3907811e-16  -3.7726339e-16  -8.2090727e-17  -5.8616798e-17  3.6929472e-16  1.0000000   -3.6235222e-16  
2.9413727e-16  6.3958357e-16  9.3733936e-17  -1.1826232e-16  -2.6956358e-16  3.2212705e-16  2.7150540e-16  -3.7349918e-18  4.0706286e-16  -3.6235222e-16  1.0000000   2.9413727e-16  6.3958357e-16  9.3733936e-17  -1.1826232e-16  -2.6956358e-16  3.2212705e-16  2.7150540e-16  -3.7349918e-18  4.0706286e-16  -3.6235222e-16  1.0000000   
