1.0000000   -2.1706257e-16  8.7604806e-17  3.2367670e-17  -2.0032922e-16  2.6147187e-16  -1.7021254e-16  -2.2319318e-16  5.6725204e-16  3.5052510e-16  1.7422314e-16  1.0000000   -2.1706257e-16  8.7604806e-17  3.2367670e-17  -2.0032922e-16  2.6147187e-16  -1.7021254e-16  -2.2319318e-16  5.6725204e-16  3.5052510e-16  1.7422314e-16  
-2.1706257e-16  1.0000000   -1.9078909e-16  3.8434681e-16  -3.4288487e-16  -5.6017338e-16  1.2680168e-16  -4.4400620e-17  -5.6652592e-16  4.8253932e-17  4.8880810e-16  -2.1706257e-16  1.0000000   -1.9078909e-16  3.8434681e-16  -3.4288487e-16  -5.6017338e-16  1.2680168e-16  -4.4400620e-17  -5.6652592e-16  4.8253932e-17  4.8880810e-16  
8.7604806e-17  -1.9078909e-16  1.0000000   -3.7906937e-16  -7.3727865e-16  -5.2243108e-16  -5.2275147e-16  1.2231960e-16  -1.4844748e-15  2.4913828e-16  -5.3703223e-16  8.7604806e-17  -1.9078909e-16  1.0000000   -3.7906937e-16  -7.3727865e-16  -5.2243108e-16  -5.2275147e-16  1.2231960e-16  -1.4844748e-15  2.4913828e-16  -5.3703223e-16  
3.2367670e-17  3.8434681e-16  -3.7906937e-16  1.0000000   -8.4397833e-17  -3.5875657e-17  1.7284258e-16  7.3535758e-16  3.5182996e-16  -2.1980688e-16  9.7635370e-17  3.2367670e-17  3.8434681e-16  -3.7906937e-16  1.0000000   -8.4397833e-17  -3.5875657e-17  1.7284258e-16  7.3535758e-16  3.5182996e-16  -2.1980688e-16  9.7635370e-17  
-2.0032922e-16  -3.4288487e-16  -7.3727865e-16  -8.4397833e-17  1.0000000   -3.8859754e-16  -8.2417492e-16  -2.4136077e-16  1.4809058e-16  -2.5333464e-16  -6.1266317e-17  -2.0032922e-16  -3.4288487e-16  -7.3727865e-16  -8.4397833e-17  1.0000000   -3.8859754e-16  -8.2417492e-16  -2.4136077e-16  1.4809058e-16  -2.5333464e-16  -6.1266317e-17  
2.6147187e-16  -5.6017338e-16  -5.2243108e-16  -3.5875657e-17  -3.8859754e-16  1.0000000   -2.3267317e-16  -2.5620375e-16  1.0749219e-16  -1.9799993e-16  8.1377843e-17  2.6147187e-16  -5.6017338e-16  -5.2243108e-16  -3.5875657e-17  -3.8859754e-16  1.0000000   -2.3267317e-16  -2.5620375e-16  1.0749219e-16  -1.9799993e-16  8.1377843e-17  
-1.7021254e-16  1.2680168e-16  -5.2275147e-16  1.7284258e-16  -8.2417492e-16  -2.3267317e-16  1.0000000   -3.0611601e-16  -4.4709364e-16  -1.7745446e-17  2.3959132e-16  -1.7021254e-16  1.2680168e-16  -5.2275147e-16  1.7284258e-16  -8.2417492e-16  -2.3267317e-16  1.0000000   -3.0611601e-16  -4.4709364e-16  -1.7745446e-17  2.3959132e-16  
-2.2319318e-16  -4.4400620e-17  1.2231960e-16  7.3535758e-16  -2.4136077e-16  -2.5620375e-16  -3.0611601e-16  1.0000000   -7.7237123e-17  8.8451839e-17  -4.3041810e-16  -2.2319318e-16  -4.4400620e-17  1.2231960e-16  7.3535758e-16  -2.4136077e-16  -2.5620375e-16  -3.0611601e-16  1.0000000   -7.7237123e-17  8.8451839e-17  -4.3041810e-16  
5.6725204e-16  -5.6652592e-16  -1.4844748e-15  3.5182996e-16  1.4809058e-16  1.0749219e-16  -4.4709364e-16  -7.7237123e-17  1.0000000   3.1332061e-16  3.2077127e-16  5.6725204e-16  -5.6652592e-16  -1.4844748e-15  3.5182996e-16  1.4809058e-16  1.0749219e-16  -4.4709364e-16  -7.7237123e-17  1.0000000   3.1332061e-16  3.2077127e-16  
3.5052510e-16  4.8253932e-17  2.4913828e-16  -2.1980688e-16  -2.5333464e-16  -1.9799993e-16  -1.7745446e-17  8.8451839e-17  3.1332061e-16  1.0000000   3.9919990e-16  3.5052510e-16  4.8253932e-17  2.4913828e-16  -2.1980688e-16  -2.5333464e-16  -1.9799993e-16  -1.7745446e-17  8.8451839e-17  3.1332061e-16  1.0000000   3.9919990e-16  
1.7422314e-16  4.8880810e-16  -5.3703223e-16  9.7635370e-17  -6.1266317e-17  8.1377843e-17  2.3959132e-16  -4.3041810e-16  3.2077127e-16  3.9919990e-16  1.0000000   1.7422314e-16  4.8880810e-16  -5.3703223e-16  9.7635370e-17  -6.1266317e-17  8.1377843e-17  2.3959132e-16  -4.3041810e-16  3.2077127e-16  3.9919990e-16  1.0000000   
1.0000000   -2.1706257e-16  8.7604806e-17  3.2367670e-17  -2.0032922e-16  2.6147187e-16  -1.7021254e-16  -2.2319318e-16  5.6725204e-16  3.5052510e-16  1.7422314e-16  1.0000000   -2.1706257e-16  8.7604806e-17  3.2367670e-17  -2.0032922e-16  2.6147187e-16  -1.7021254e-16  -2.2319318e-16  5.6725204e-16  3.5052510e-16  1.7422314e-16  
-2.1706257e-16  1.0000000   -1.9078909e-16  3.8434681e-16  -3.4288487e-16  -5.6017338e-16  1.2680168e-16  -4.4400620e-17  -5.6652592e-16  4.8253932e-17  4.8880810e-16  -2.1706257e-16  1.0000000   -1.9078909e-16  3.8434681e-16  -3.4288487e-16  -5.6017338e-16  1.2680168e-16  -4.4400620e-17  -5.6652592e-16  4.8253932e-17  4.8880810e-16  
8.7604806e-17  -1.9078909e-16  1.0000000   -3.7906937e-16  -7.3727865e-16  -5.2243108e-16  -5.2275147e-16  1.2231960e-16  -1.4844748e-15  2.4913828e-16  -5.3703223e-16  8.7604806e-17  -1.9078909e-16  1.0000000   -3.7906937e-16  -7.3727865e-16  -5.2243108e-16  -5.2275147e-16  1.2231960e-16  -1.4844748e-15  2.4913828e-16  -5.3703223e-16  
3.2367670e-17  3.8434681e-16  -3.7906937e-16  1.0000000   -8.4397833e-17  -3.5875657e-17  1.7284258e-16  7.3535758e-16  3.5182996e-16  -2.1980688e-16  9.7635370e-17  3.2367670e-17  3.8434681e-16  -3.7906937e-16  1.0000000   -8.4397833e-17  -3.5875657e-17  1.7284258e-16  7.3535758e-16  3.5182996e-16  -2.1980688e-16  9.7635370e-17  
-2.0032922e-16  -3.4288487e-16  -7.3727865e-16  -8.4397833e-17  1.0000000   -3.8859754e-16  -8.2417492e-16  -2.4136077e-16  1.4809058e-16  -2.5333464e-16  -6.1266317e-17  -2.0032922e-16  -3.4288487e-16  -7.3727865e-16  -8.4397833e-17  1.0000000   -3.8859754e-16  -8.2417492e-16  -2.4136077e-16  1.4809058e-16  -2.5333464e-16  -6.1266317e-17  
2.6147187e-16  -5.6017338e-16  -5.2243108e-16  -3.5875657e-17  -3.8859754e-16  1.0000000   -2.3267317e-16  -2.5620375e-16  1.0749219e-16  -1.9799993e-16  8.1377843e-17  2.6147187e-16  -5.6017338e-16  -5.2243108e-16  -3.5875657e-17  -3.8859754e-16  1.0000000   -2.3267317e-16  -2.5620375e-16  1.0749219e-16  -1.9799993e-16  8.1377843e-17  
-1.7021254e-16  1.2680168e-16  -5.2275147e-16  1.7284258e-16  -8.2417492e-16  -2.3267317e-16  1.0000000   -3.0611601e-16  -4.4709364e-16  -1.7745446e-17  2.3959132e-16  -1.7021254e-16  1.2680168e-16  -5.2275147e-16  1.7284258e-16  -8.2417492e-16  -2.3267317e-16  1.0000000   -3.0611601e-16  -4.4709364e-16  -1.7745446e-17  2.3959132e-16  
-2.2319318e-16  -4.4400620e-17  1.2231960e-16  7.3535758e-16  -2.4136077e-16  -2.5620375e-16  -3.0611601e-16  1.0000000   -7.7237123e-17  8.8451839e-17  -4.3041810e-16  -2.2319318e-16  -4.4400620e-17  1.2231960e-16  7.3535758e-16  -2.4136077e-16  -2.5620375e-16  -3.0611601e-16  1.0000000   -7.7237123e-17  8.8451839e-17  -4.3041810e-16  
5.6725204e-16  -5.6652592e-16  -1.4844748e-15  3.5182996e-16  1.4809058e-16  1.0749219e-16  -4.4709364e-16  -7.7237123e-17  1.0000000   3.1332061e-16  3.2077127e-16  5.6725204e-16  -5.6652592e-16  -1.4844748e-15  3.5182996e-16  1.4809058e-16  1.0749219e-16  -4.4709364e-16  -7.7237123e-17  1.0000000   3.1332061e-16  3.2077127e-16  
3.5052510e-16  4.8253932e-17  2.4913828e-16  -2.1980688e-16  -2.5333464e-16  -1.9799993e-16  -1.7745446e-17  8.8451839e-17  3.1332061e-16  1.0000000   3.9919990e-16  3.5052510e-16  4.8253932e-17  2.4913828e-16  -2.1980688e-16  -2.5333464e-16  -1.9799993e-16  -1.7745446e-17  8.8451839e-17  3.1332061e-16  1.0000000   3.9919990e-16  
1.7422314e-16  4.8880810e-16  -5.3703223e-16  9.7635370e-17  -6.1266317e-17  8.1377843e-17  2.3959132e-16  -4.3041810e-16  3.2077127e-16  3.9919990e-16  1.0000000   1.7422314e-16  4.8880810e-16  -5.3703223e-16  9.7635370e-17  -6.1266317e-17  8.1377843e-17  2.3959132e-16  -4.3041810e-16  3.2077127e-16  3.9919990e-16  1.0000000   
