1.0000000   2.6140580e-16  2.5901548e-16  -4.2673520e-17  3.9433471e-16  3.3526295e-16  -2.3353927e-16  3.6444781e-16  2.0857932e-16  -3.5995512e-17  7.3391276e-16  1.0000000   2.6140580e-16  2.5901548e-16  -4.2673520e-17  3.9433471e-16  3.3526295e-16  -2.3353927e-16  3.6444781e-16  2.0857932e-16  -3.5995512e-17  7.3391276e-16  
2.6140580e-16  1.0000000   4.0981148e-17  -3.8488330e-17  1.0291802e-15  -8.1720892e-17  5.2604134e-17  3.5202181e-16  7.3126811e-16  1.3150610e-16  2.1978133e-16  2.6140580e-16  1.0000000   4.0981148e-17  -3.8488330e-17  1.0291802e-15  -8.1720892e-17  5.2604134e-17  3.5202181e-16  7.3126811e-16  1.3150610e-16  2.1978133e-16  
2.5901548e-16  4.0981148e-17  1.0000000   4.4161736e-16  -9.1253824e-17  -4.0835988e-16  -2.3018332e-16  -5.2468031e-16  -1.4938104e-16  2.5013756e-16  3.7220110e-17  2.5901548e-16  4.0981148e-17  1.0000000   4.4161736e-16  -9.1253824e-17  -4.0835988e-16  -2.3018332e-16  -5.2468031e-16  -1.4938104e-16  2.5013756e-16  3.7220110e-17  
-4.2673520e-17  -3.8488330e-17  4.4161736e-16  1.0000000   1.3491292e-16  -7.7590166e-16  4.1697145e-16  3.7289302e-17  -5.2153486e-16  -5.2082214e-16  3.8349586e-16  -4.2673520e-17  -3.8488330e-17  4.4161736e-16  1.0000000   1.3491292e-16  -7.7590166e-16  4.1697145e-16  3.7289302e-17  -5.2153486e-16  -5.2082214e-16  3.8349586e-16  
3.9433471e-16  1.0291802e-15  -9.1253824e-17  1.3491292e-16  1.0000000   1.0637357e-16  -1.6815679e-16  -6.7615358e-17  -3.4100234e-16  -4.8661905e-16  4.0935832e-16  3.9433471e-16  1.0291802e-15  -9.1253824e-17  1.3491292e-16  1.0000000   1.0637357e-16  -1.6815679e-16  -6.7615358e-17  -3.4100234e-16  -4.8661905e-16  4.0935832e-16  
3.3526295e-16  -8.1720892e-17  -4.0835988e-16  -7.7590166e-16  1.0637357e-16  1.0000000   2.6400577e-16  1.0113118e-16  5.0559513e-16  7.9482290e-17  -2.4342965e-16  3.3526295e-16  -8.1720892e-17  -4.0835988e-16  -7.7590166e-16  1.0637357e-16  1.0000000   2.6400577e-16  1.0113118e-16  5.0559513e-16  7.9482290e-17  -2.4342965e-16  
-2.3353927e-16  5.2604134e-17  -2.3018332e-16  4.1697145e-16  -1.6815679e-16  2.6400577e-16  1.0000000   6.0868357e-17  -4.3666115e-16  -5.1469459e-16  1.9765217e-16  -2.3353927e-16  5.2604134e-17  -2.3018332e-16  4.1697145e-16  -1.6815679e-16  2.6400577e-16  1.0000000   6.0868357e-17  -4.3666115e-16  -5.1469459e-16  1.9765217e-16  
3.6444781e-16  3.5202181e-16  -5.2468031e-16  3.7289302e-17  -6.7615358e-17  1.0113118e-16  6.0868357e-17  1.0000000   -5.6632221e-16  2.6544271e-16  1.0625393e-16  3.6444781e-16  3.5202181e-16  -5.2468031e-16  3.7289302e-17  -6.7615358e-17  1.0113118e-16  6.0868357e-17  1.0000000   -5.6632221e-16  2.6544271e-16  1.0625393e-16  
2.0857932e-16  7.3126811e-16  -1.4938104e-16  -5.2153486e-16  -3.4100234e-16  5.0559513e-16  -4.3666115e-16  -5.6632221e-16  1.0000000   -2.6674253e-16  5.4715279e-16  2.0857932e-16  7.3126811e-16  -1.4938104e-16  -5.2153486e-16  -3.4100234e-16  5.0559513e-16  -4.3666115e-16  -5.6632221e-16  1.0000000   -2.6674253e-16  5.4715279e-16  
-3.5995512e-17  1.3150610e-16  2.5013756e-16  -5.2082214e-16  -4.8661905e-16  7.9482290e-17  -5.1469459e-16  2.6544271e-16  -2.6674253e-16  1.0000000   -3.5142211e-16  -3.5995512e-17  1.3150610e-16  2.5013756e-16  -5.2082214e-16  -4.8661905e-16  7.9482290e-17  -5.1469459e-16  2.6544271e-16  -2.6674253e-16  1.0000000   -3.5142211e-16  
7.3391276e-16  2.1978133e-16  3.7220110e-17  3.8349586e-16  4.0935832e-16  -2.4342965e-16  1.9765217e-16  1.0625393e-16  5.4715279e-16  -3.5142211e-16  1.0000000   7.3391276e-16  2.1978133e-16  3.7220110e-17  3.8349586e-16  4.0935832e-16  -2.4342965e-16  1.9765217e-16  1.0625393e-16  5.4715279e-16  -3.5142211e-16  1.0000000   
1.0000000   2.6140580e-16  2.5901548e-16  -4.2673520e-17  3.9433471e-16  3.3526295e-16  -2.3353927e-16  3.6444781e-16  2.0857932e-16  -3.5995512e-17  7.3391276e-16  1.0000000   2.6140580e-16  2.5901548e-16  -4.2673520e-17  3.9433471e-16  3.3526295e-16  -2.3353927e-16  3.6444781e-16  2.0857932e-16  -3.5995512e-17  7.3391276e-16  
2.6140580e-16  1.0000000   4.0981148e-17  -3.8488330e-17  1.0291802e-15  -8.1720892e-17  5.2604134e-17  3.5202181e-16  7.3126811e-16  1.3150610e-16  2.1978133e-16  2.6140580e-16  1.0000000   4.0981148e-17  -3.8488330e-17  1.0291802e-15  -8.1720892e-17  5.2604134e-17  3.5202181e-16  7.3126811e-16  1.3150610e-16  2.1978133e-16  
2.5901548e-16  4.0981148e-17  1.0000000   4.4161736e-16  -9.1253824e-17  -4.0835988e-16  -2.3018332e-16  -5.2468031e-16  -1.4938104e-16  2.5013756e-16  3.7220110e-17  2.5901548e-16  4.0981148e-17  1.0000000   4.4161736e-16  -9.1253824e-17  -4.0835988e-16  -2.3018332e-16  -5.2468031e-16  -1.4938104e-16  2.5013756e-16  3.7220110e-17  
-4.2673520e-17  -3.8488330e-17  4.4161736e-16  1.0000000   1.3491292e-16  -7.7590166e-16  4.1697145e-16  3.7289302e-17  -5.2153486e-16  -5.2082214e-16  3.8349586e-16  -4.2673520e-17  -3.8488330e-17  4.4161736e-16  1.0000000   1.3491292e-16  -7.7590166e-16  4.1697145e-16  3.7289302e-17  -5.2153486e-16  -5.2082214e-16  3.8349586e-16  
3.9433471e-16  1.0291802e-15  -9.1253824e-17  1.3491292e-16  1.0000000   1.0637357e-16  -1.6815679e-16  -6.7615358e-17  -3.4100234e-16  -4.8661905e-16  4.0935832e-16  3.9433471e-16  1.0291802e-15  -9.1253824e-17  1.3491292e-16  1.0000000   1.0637357e-16  -1.6815679e-16  -6.7615358e-17  -3.4100234e-16  -4.8661905e-16  4.0935832e-16  
3.3526295e-16  -8.1720892e-17  -4.0835988e-16  -7.7590166e-16  1.0637357e-16  1.0000000   2.6400577e-16  1.0113118e-16  5.0559513e-16  7.9482290e-17  -2.4342965e-16  3.3526295e-16  -8.1720892e-17  -4.0835988e-16  -7.7590166e-16  1.0637357e-16  1.0000000   2.6400577e-16  1.0113118e-16  5.0559513e-16  7.9482290e-17  -2.4342965e-16  
-2.3353927e-16  5.2604134e-17  -2.3018332e-16  4.1697145e-16  -1.6815679e-16  2.6400577e-16  1.0000000   6.0868357e-17  -4.3666115e-16  -5.1469459e-16  1.9765217e-16  -2.3353927e-16  5.2604134e-17  -2.3018332e-16  4.1697145e-16  -1.6815679e-16  2.6400577e-16  1.0000000   6.0868357e-17  -4.3666115e-16  -5.1469459e-16  1.9765217e-16  
3.6444781e-16  3.5202181e-16  -5.2468031e-16  3.7289302e-17  -6.7615358e-17  1.0113118e-16  6.0868357e-17  1.0000000   -5.6632221e-16  2.6544271e-16  1.0625393e-16  3.6444781e-16  3.5202181e-16  -5.2468031e-16  3.7289302e-17  -6.7615358e-17  1.0113118e-16  6.0868357e-17  1.0000000   -5.6632221e-16  2.6544271e-16  1.0625393e-16  
2.0857932e-16  7.3126811e-16  -1.4938104e-16  -5.2153486e-16  -3.4100234e-16  5.0559513e-16  -4.3666115e-16  -5.6632221e-16  1.0000000   -2.6674253e-16  5.4715279e-16  2.0857932e-16  7.3126811e-16  -1.4938104e-16  -5.2153486e-16  -3.4100234e-16  5.0559513e-16  -4.3666115e-16  -5.6632221e-16  1.0000000   -2.6674253e-16  5.4715279e-16  
-3.5995512e-17  1.3150610e-16  2.5013756e-16  -5.2082214e-16  -4.8661905e-16  7.9482290e-17  -5.1469459e-16  2.6544271e-16  -2.6674253e-16  1.0000000   -3.5142211e-16  -3.5995512e-17  1.3150610e-16  2.5013756e-16  -5.2082214e-16  -4.8661905e-16  7.9482290e-17  -5.1469459e-16  2.6544271e-16  -2.6674253e-16  1.0000000   -3.5142211e-16  
7.3391276e-16  2.1978133e-16  3.7220110e-17  3.8349586e-16  4.0935832e-16  -2.4342965e-16  1.9765217e-16  1.0625393e-16  5.4715279e-16  -3.5142211e-16  1.0000000   7.3391276e-16  2.1978133e-16  3.7220110e-17  3.8349586e-16  4.0935832e-16  -2.4342965e-16  1.9765217e-16  1.0625393e-16  5.4715279e-16  -3.5142211e-16  1.0000000   
