1.0000000   2.4557327e-16  -3.5626036e-16  1.2046884e-16  7.8018511e-17  2.7350419e-16  -1.3905825e-16  1.1218782e-16  2.2202512e-16  -5.1065499e-18  -1.6564492e-16  1.0000000   2.4557327e-16  -3.5626036e-16  1.2046884e-16  7.8018511e-17  2.7350419e-16  -1.3905825e-16  1.1218782e-16  2.2202512e-16  -5.1065499e-18  -1.6564492e-16  
2.4557327e-16  1.0000000   2.9725626e-16  -5.6242675e-16  3.9216334e-16  -3.7238707e-16  7.4581886e-17  4.5552479e-16  1.0490604e-16  4.4371556e-16  4.5875580e-16  2.4557327e-16  1.0000000   2.9725626e-16  -5.6242675e-16  3.9216334e-16  -3.7238707e-16  7.4581886e-17  4.5552479e-16  1.0490604e-16  4.4371556e-16  4.5875580e-16  
-3.5626036e-16  2.9725626e-16  1.0000000   -1.9562743e-16  -9.0771629e-16  1.0027256e-16  -3.3446859e-16  -4.5523998e-17  -3.3130900e-16  4.9003347e-16  7.3411988e-16  -3.5626036e-16  2.9725626e-16  1.0000000   -1.9562743e-16  -9.0771629e-16  1.0027256e-16  -3.3446859e-16  -4.5523998e-17  -3.3130900e-16  4.9003347e-16  7.3411988e-16  
1.2046884e-16  -5.6242675e-16  -1.9562743e-16  1.0000000   2.1491696e-16  -2.8143857e-16  5.0337982e-16  1.8934638e-16  -1.9954239e-16  -5.6229250e-16  -7.8239819e-16  1.2046884e-16  -5.6242675e-16  -1.9562743e-16  1.0000000   2.1491696e-16  -2.8143857e-16  5.0337982e-16  1.8934638e-16  -1.9954239e-16  -5.6229250e-16  -7.8239819e-16  
7.8018511e-17  3.9216334e-16  -9.0771629e-16  2.1491696e-16  1.0000000   -1.7588373e-16  2.5440889e-16  1.6064679e-16  2.0946701e-16  2.2434133e-16  -7.9713551e-16  7.8018511e-17  3.9216334e-16  -9.0771629e-16  2.1491696e-16  1.0000000   -1.7588373e-16  2.5440889e-16  1.6064679e-16  2.0946701e-16  2.2434133e-16  -7.9713551e-16  
2.7350419e-16  -3.7238707e-16  1.0027256e-16  -2.8143857e-16  -1.7588373e-16  1.0000000   2.2109143e-16  2.9884191e-16  -6.7244483e-17  -4.6360690e-16  5.8567717e-16  2.7350419e-16  -3.7238707e-16  1.0027256e-16  -2.8143857e-16  -1.7588373e-16  1.0000000   2.2109143e-16  2.9884191e-16  -6.7244483e-17  -4.6360690e-16  5.8567717e-16  
-1.3905825e-16  7.4581886e-17  -3.3446859e-16  5.0337982e-16  2.5440889e-16  2.2109143e-16  1.0000000   1.9495649e-16  -1.3963148e-16  -2.8490546e-16  -1.8351816e-16  -1.3905825e-16  7.4581886e-17  -3.3446859e-16  5.0337982e-16  2.5440889e-16  2.2109143e-16  1.0000000   1.9495649e-16  -1.3963148e-16  -2.8490546e-16  -1.8351816e-16  
1.1218782e-16  4.5552479e-16  -4.5523998e-17  1.8934638e-16  1.6064679e-16  2.9884191e-16  1.9495649e-16  1.0000000   -1.0348329e-16  1.0085621e-17  -1.2228953e-16  1.1218782e-16  4.5552479e-16  -4.5523998e-17  1.8934638e-16  1.6064679e-16  2.9884191e-16  1.9495649e-16  1.0000000   -1.0348329e-16  1.0085621e-17  -1.2228953e-16  
2.2202512e-16  1.0490604e-16  -3.3130900e-16  -1.9954239e-16  2.0946701e-16  -6.7244483e-17  -1.3963148e-16  -1.0348329e-16  1.0000000   9.9086327e-16  6.8152271e-18  2.2202512e-16  1.0490604e-16  -3.3130900e-16  -1.9954239e-16  2.0946701e-16  -6.7244483e-17  -1.3963148e-16  -1.0348329e-16  1.0000000   9.9086327e-16  6.8152271e-18  
-5.1065499e-18  4.4371556e-16  4.9003347e-16  -5.6229250e-16  2.2434133e-16  -4.6360690e-16  -2.8490546e-16  1.0085621e-17  9.9086327e-16  1.0000000   3.0878120e-16  -5.1065499e-18  4.4371556e-16  4.9003347e-16  -5.6229250e-16  2.2434133e-16  -4.6360690e-16  -2.8490546e-16  1.0085621e-17  9.9086327e-16  1.0000000   3.0878120e-16  
-1.6564492e-16  4.5875580e-16  7.3411988e-16  -7.8239819e-16  -7.9713551e-16  5.8567717e-16  -1.8351816e-16  -1.2228953e-16  6.8152271e-18  3.0878120e-16  1.0000000   -1.6564492e-16  4.5875580e-16  7.3411988e-16  -7.8239819e-16  -7.9713551e-16  5.8567717e-16  -1.8351816e-16  -1.2228953e-16  6.8152271e-18  3.0878120e-16  1.0000000   
1.0000000   2.4557327e-16  -3.5626036e-16  1.2046884e-16  7.8018511e-17  2.7350419e-16  -1.3905825e-16  1.1218782e-16  2.2202512e-16  -5.1065499e-18  -1.6564492e-16  1.0000000   2.4557327e-16  -3.5626036e-16  1.2046884e-16  7.8018511e-17  2.7350419e-16  -1.3905825e-16  1.1218782e-16  2.2202512e-16  -5.1065499e-18  -1.6564492e-16  
2.4557327e-16  1.0000000   2.9725626e-16  -5.6242675e-16  3.9216334e-16  -3.7238707e-16  7.4581886e-17  4.5552479e-16  1.0490604e-16  4.4371556e-16  4.5875580e-16  2.4557327e-16  1.0000000   2.9725626e-16  -5.6242675e-16  3.9216334e-16  -3.7238707e-16  7.4581886e-17  4.5552479e-16  1.0490604e-16  4.4371556e-16  4.5875580e-16  
-3.5626036e-16  2.9725626e-16  1.0000000   -1.9562743e-16  -9.0771629e-16  1.0027256e-16  -3.3446859e-16  -4.5523998e-17  -3.3130900e-16  4.9003347e-16  7.3411988e-16  -3.5626036e-16  2.9725626e-16  1.0000000   -1.9562743e-16  -9.0771629e-16  1.0027256e-16  -3.3446859e-16  -4.5523998e-17  -3.3130900e-16  4.9003347e-16  7.3411988e-16  
1.2046884e-16  -5.6242675e-16  -1.9562743e-16  1.0000000   2.1491696e-16  -2.8143857e-16  5.0337982e-16  1.8934638e-16  -1.9954239e-16  -5.6229250e-16  -7.8239819e-16  1.2046884e-16  -5.6242675e-16  -1.9562743e-16  1.0000000   2.1491696e-16  -2.8143857e-16  5.0337982e-16  1.8934638e-16  -1.9954239e-16  -5.6229250e-16  -7.8239819e-16  
7.8018511e-17  3.9216334e-16  -9.0771629e-16  2.1491696e-16  1.0000000   -1.7588373e-16  2.5440889e-16  1.6064679e-16  2.0946701e-16  2.2434133e-16  -7.9713551e-16  7.8018511e-17  3.9216334e-16  -9.0771629e-16  2.1491696e-16  1.0000000   -1.7588373e-16  2.5440889e-16  1.6064679e-16  2.0946701e-16  2.2434133e-16  -7.9713551e-16  
2.7350419e-16  -3.7238707e-16  1.0027256e-16  -2.8143857e-16  -1.7588373e-16  1.0000000   2.2109143e-16  2.9884191e-16  -6.7244483e-17  -4.6360690e-16  5.8567717e-16  2.7350419e-16  -3.7238707e-16  1.0027256e-16  -2.8143857e-16  -1.7588373e-16  1.0000000   2.2109143e-16  2.9884191e-16  -6.7244483e-17  -4.6360690e-16  5.8567717e-16  
-1.3905825e-16  7.4581886e-17  -3.3446859e-16  5.0337982e-16  2.5440889e-16  2.2109143e-16  1.0000000   1.9495649e-16  -1.3963148e-16  -2.8490546e-16  -1.8351816e-16  -1.3905825e-16  7.4581886e-17  -3.3446859e-16  5.0337982e-16  2.5440889e-16  2.2109143e-16  1.0000000   1.9495649e-16  -1.3963148e-16  -2.8490546e-16  -1.8351816e-16  
1.1218782e-16  4.5552479e-16  -4.5523998e-17  1.8934638e-16  1.6064679e-16  2.9884191e-16  1.9495649e-16  1.0000000   -1.0348329e-16  1.0085621e-17  -1.2228953e-16  1.1218782e-16  4.5552479e-16  -4.5523998e-17  1.8934638e-16  1.6064679e-16  2.9884191e-16  1.9495649e-16  1.0000000   -1.0348329e-16  1.0085621e-17  -1.2228953e-16  
2.2202512e-16  1.0490604e-16  -3.3130900e-16  -1.9954239e-16  2.0946701e-16  -6.7244483e-17  -1.3963148e-16  -1.0348329e-16  1.0000000   9.9086327e-16  6.8152271e-18  2.2202512e-16  1.0490604e-16  -3.3130900e-16  -1.9954239e-16  2.0946701e-16  -6.7244483e-17  -1.3963148e-16  -1.0348329e-16  1.0000000   9.9086327e-16  6.8152271e-18  
-5.1065499e-18  4.4371556e-16  4.9003347e-16  -5.6229250e-16  2.2434133e-16  -4.6360690e-16  -2.8490546e-16  1.0085621e-17  9.9086327e-16  1.0000000   3.0878120e-16  -5.1065499e-18  4.4371556e-16  4.9003347e-16  -5.6229250e-16  2.2434133e-16  -4.6360690e-16  -2.8490546e-16  1.0085621e-17  9.9086327e-16  1.0000000   3.0878120e-16  
-1.6564492e-16  4.5875580e-16  7.3411988e-16  -7.8239819e-16  -7.9713551e-16  5.8567717e-16  -1.8351816e-16  -1.2228953e-16  6.8152271e-18  3.0878120e-16  1.0000000   -1.6564492e-16  4.5875580e-16  7.3411988e-16  -7.8239819e-16  -7.9713551e-16  5.8567717e-16  -1.8351816e-16  -1.2228953e-16  6.8152271e-18  3.0878120e-16  1.0000000   
