1.0000000   9.0941862e-16  -1.1619937e-16  4.1577459e-16  7.1328644e-18  1.1662034e-16  1.4255141e-16  -1.1863035e-16  -7.0353032e-16  2.6358395e-17  1.1547198e-15  1.0000000   9.0941862e-16  -1.1619937e-16  4.1577459e-16  7.1328644e-18  1.1662034e-16  1.4255141e-16  -1.1863035e-16  -7.0353032e-16  2.6358395e-17  1.1547198e-15  
9.0941862e-16  1.0000000   -5.0455635e-18  -1.2666192e-16  -2.2351167e-16  -4.6025865e-17  -2.0728082e-16  -6.6754412e-16  -2.6114386e-16  1.8180038e-16  2.6912863e-16  9.0941862e-16  1.0000000   -5.0455635e-18  -1.2666192e-16  -2.2351167e-16  -4.6025865e-17  -2.0728082e-16  -6.6754412e-16  -2.6114386e-16  1.8180038e-16  2.6912863e-16  
-1.1619937e-16  -5.0455635e-18  1.0000000   3.5492057e-16  -2.6300585e-17  1.6227118e-16  -2.1508708e-17  -3.1999544e-16  -8.6975884e-17  -1.8540662e-16  -9.5076886e-16  -1.1619937e-16  -5.0455635e-18  1.0000000   3.5492057e-16  -2.6300585e-17  1.6227118e-16  -2.1508708e-17  -3.1999544e-16  -8.6975884e-17  -1.8540662e-16  -9.5076886e-16  
4.1577459e-16  -1.2666192e-16  3.5492057e-16  1.0000000   2.5460709e-16  1.5008238e-16  -2.5079121e-16  1.6365693e-16  -1.2053745e-16  7.1381161e-17  -5.8208528e-17  4.1577459e-16  -1.2666192e-16  3.5492057e-16  1.0000000   2.5460709e-16  1.5008238e-16  -2.5079121e-16  1.6365693e-16  -1.2053745e-16  7.1381161e-17  -5.8208528e-17  
7.1328644e-18  -2.2351167e-16  -2.6300585e-17  2.5460709e-16  1.0000000   -1.0864680e-16  1.6479026e-18  8.0259823e-16  3.6800617e-17  2.3994951e-16  -3.6331572e-17  7.1328644e-18  -2.2351167e-16  -2.6300585e-17  2.5460709e-16  1.0000000   -1.0864680e-16  1.6479026e-18  8.0259823e-16  3.6800617e-17  2.3994951e-16  -3.6331572e-17  
1.1662034e-16  -4.6025865e-17  1.6227118e-16  1.5008238e-16  -1.0864680e-16  1.0000000   6.1484428e-16  1.7178358e-17  8.5909300e-16  1.5156426e-16  8.4856184e-17  1.1662034e-16  -4.6025865e-17  1.6227118e-16  1.5008238e-16  -1.0864680e-16  1.0000000   6.1484428e-16  1.7178358e-17  8.5909300e-16  1.5156426e-16  8.4856184e-17  
1.4255141e-16  -2.0728082e-16  -2.1508708e-17  -2.5079121e-16  1.6479026e-18  6.1484428e-16  1.0000000   -5.7986118e-16  2.1185988e-17  4.1992294e-17  7.8173624e-16  1.4255141e-16  -2.0728082e-16  -2.1508708e-17  -2.5079121e-16  1.6479026e-18  6.1484428e-16  1.0000000   -5.7986118e-16  2.1185988e-17  4.1992294e-17  7.8173624e-16  
-1.1863035e-16  -6.6754412e-16  -3.1999544e-16  1.6365693e-16  8.0259823e-16  1.7178358e-17  -5.7986118e-16  1.0000000   -2.4057123e-16  -5.2849689e-16  6.8484731e-18  -1.1863035e-16  -6.6754412e-16  -3.1999544e-16  1.6365693e-16  8.0259823e-16  1.7178358e-17  -5.7986118e-16  1.0000000   -2.4057123e-16  -5.2849689e-16  6.8484731e-18  
-7.0353032e-16  -2.6114386e-16  -8.6975884e-17  -1.2053745e-16  3.6800617e-17  8.5909300e-16  2.1185988e-17  -2.4057123e-16  1.0000000   -2.2610888e-16  -6.7441377e-16  -7.0353032e-16  -2.6114386e-16  -8.6975884e-17  -1.2053745e-16  3.6800617e-17  8.5909300e-16  2.1185988e-17  -2.4057123e-16  1.0000000   -2.2610888e-16  -6.7441377e-16  
2.6358395e-17  1.8180038e-16  -1.8540662e-16  7.1381161e-17  2.3994951e-16  1.5156426e-16  4.1992294e-17  -5.2849689e-16  -2.2610888e-16  1.0000000   5.4508772e-16  2.6358395e-17  1.8180038e-16  -1.8540662e-16  7.1381161e-17  2.3994951e-16  1.5156426e-16  4.1992294e-17  -5.2849689e-16  -2.2610888e-16  1.0000000   5.4508772e-16  
1.1547198e-15  2.6912863e-16  -9.5076886e-16  -5.8208528e-17  -3.6331572e-17  8.4856184e-17  7.8173624e-16  6.8484731e-18  -6.7441377e-16  5.4508772e-16  1.0000000   1.1547198e-15  2.6912863e-16  -9.5076886e-16  -5.8208528e-17  -3.6331572e-17  8.4856184e-17  7.8173624e-16  6.8484731e-18  -6.7441377e-16  5.4508772e-16  1.0000000   
1.0000000   9.0941862e-16  -1.1619937e-16  4.1577459e-16  7.1328644e-18  1.1662034e-16  1.4255141e-16  -1.1863035e-16  -7.0353032e-16  2.6358395e-17  1.1547198e-15  1.0000000   9.0941862e-16  -1.1619937e-16  4.1577459e-16  7.1328644e-18  1.1662034e-16  1.4255141e-16  -1.1863035e-16  -7.0353032e-16  2.6358395e-17  1.1547198e-15  
9.0941862e-16  1.0000000   -5.0455635e-18  -1.2666192e-16  -2.2351167e-16  -4.6025865e-17  -2.0728082e-16  -6.6754412e-16  -2.6114386e-16  1.8180038e-16  2.6912863e-16  9.0941862e-16  1.0000000   -5.0455635e-18  -1.2666192e-16  -2.2351167e-16  -4.6025865e-17  -2.0728082e-16  -6.6754412e-16  -2.6114386e-16  1.8180038e-16  2.6912863e-16  
-1.1619937e-16  -5.0455635e-18  1.0000000   3.5492057e-16  -2.6300585e-17  1.6227118e-16  -2.1508708e-17  -3.1999544e-16  -8.6975884e-17  -1.8540662e-16  -9.5076886e-16  -1.1619937e-16  -5.0455635e-18  1.0000000   3.5492057e-16  -2.6300585e-17  1.6227118e-16  -2.1508708e-17  -3.1999544e-16  -8.6975884e-17  -1.8540662e-16  -9.5076886e-16  
4.1577459e-16  -1.2666192e-16  3.5492057e-16  1.0000000   2.5460709e-16  1.5008238e-16  -2.5079121e-16  1.6365693e-16  -1.2053745e-16  7.1381161e-17  -5.8208528e-17  4.1577459e-16  -1.2666192e-16  3.5492057e-16  1.0000000   2.5460709e-16  1.5008238e-16  -2.5079121e-16  1.6365693e-16  -1.2053745e-16  7.1381161e-17  -5.8208528e-17  
7.1328644e-18  -2.2351167e-16  -2.6300585e-17  2.5460709e-16  1.0000000   -1.0864680e-16  1.6479026e-18  8.0259823e-16  3.6800617e-17  2.3994951e-16  -3.6331572e-17  7.1328644e-18  -2.2351167e-16  -2.6300585e-17  2.5460709e-16  1.0000000   -1.0864680e-16  1.6479026e-18  8.0259823e-16  3.6800617e-17  2.3994951e-16  -3.6331572e-17  
1.1662034e-16  -4.6025865e-17  1.6227118e-16  1.5008238e-16  -1.0864680e-16  1.0000000   6.1484428e-16  1.7178358e-17  8.5909300e-16  1.5156426e-16  8.4856184e-17  1.1662034e-16  -4.6025865e-17  1.6227118e-16  1.5008238e-16  -1.0864680e-16  1.0000000   6.1484428e-16  1.7178358e-17  8.5909300e-16  1.5156426e-16  8.4856184e-17  
1.4255141e-16  -2.0728082e-16  -2.1508708e-17  -2.5079121e-16  1.6479026e-18  6.1484428e-16  1.0000000   -5.7986118e-16  2.1185988e-17  4.1992294e-17  7.8173624e-16  1.4255141e-16  -2.0728082e-16  -2.1508708e-17  -2.5079121e-16  1.6479026e-18  6.1484428e-16  1.0000000   -5.7986118e-16  2.1185988e-17  4.1992294e-17  7.8173624e-16  
-1.1863035e-16  -6.6754412e-16  -3.1999544e-16  1.6365693e-16  8.0259823e-16  1.7178358e-17  -5.7986118e-16  1.0000000   -2.4057123e-16  -5.2849689e-16  6.8484731e-18  -1.1863035e-16  -6.6754412e-16  -3.1999544e-16  1.6365693e-16  8.0259823e-16  1.7178358e-17  -5.7986118e-16  1.0000000   -2.4057123e-16  -5.2849689e-16  6.8484731e-18  
-7.0353032e-16  -2.6114386e-16  -8.6975884e-17  -1.2053745e-16  3.6800617e-17  8.5909300e-16  2.1185988e-17  -2.4057123e-16  1.0000000   -2.2610888e-16  -6.7441377e-16  -7.0353032e-16  -2.6114386e-16  -8.6975884e-17  -1.2053745e-16  3.6800617e-17  8.5909300e-16  2.1185988e-17  -2.4057123e-16  1.0000000   -2.2610888e-16  -6.7441377e-16  
2.6358395e-17  1.8180038e-16  -1.8540662e-16  7.1381161e-17  2.3994951e-16  1.5156426e-16  4.1992294e-17  -5.2849689e-16  -2.2610888e-16  1.0000000   5.4508772e-16  2.6358395e-17  1.8180038e-16  -1.8540662e-16  7.1381161e-17  2.3994951e-16  1.5156426e-16  4.1992294e-17  -5.2849689e-16  -2.2610888e-16  1.0000000   5.4508772e-16  
1.1547198e-15  2.6912863e-16  -9.5076886e-16  -5.8208528e-17  -3.6331572e-17  8.4856184e-17  7.8173624e-16  6.8484731e-18  -6.7441377e-16  5.4508772e-16  1.0000000   1.1547198e-15  2.6912863e-16  -9.5076886e-16  -5.8208528e-17  -3.6331572e-17  8.4856184e-17  7.8173624e-16  6.8484731e-18  -6.7441377e-16  5.4508772e-16  1.0000000   
