1.0000000   -7.4273778e-17  5.3136579e-16  -5.1829057e-16  -4.1019180e-16  7.4517692e-16  4.3075013e-16  -4.0863410e-16  1.7624723e-16  -4.4258827e-16  2.6618995e-16  1.0000000   -7.4273778e-17  5.3136579e-16  -5.1829057e-16  -4.1019180e-16  7.4517692e-16  4.3075013e-16  -4.0863410e-16  1.7624723e-16  -4.4258827e-16  2.6618995e-16  
-7.4273778e-17  1.0000000   2.0211244e-16  -1.1250715e-16  2.1333711e-16  5.0031303e-16  1.5203733e-16  -4.4103735e-16  -4.7355706e-17  2.7607662e-17  -1.6597356e-16  -7.4273778e-17  1.0000000   2.0211244e-16  -1.1250715e-16  2.1333711e-16  5.0031303e-16  1.5203733e-16  -4.4103735e-16  -4.7355706e-17  2.7607662e-17  -1.6597356e-16  
5.3136579e-16  2.0211244e-16  1.0000000   -3.5572758e-16  -2.0451653e-16  7.0994490e-17  3.8928618e-16  -2.0932048e-16  -7.5598135e-16  4.3433097e-17  -1.6904279e-16  5.3136579e-16  2.0211244e-16  1.0000000   -3.5572758e-16  -2.0451653e-16  7.0994490e-17  3.8928618e-16  -2.0932048e-16  -7.5598135e-16  4.3433097e-17  -1.6904279e-16  
-5.1829057e-16  -1.1250715e-16  -3.5572758e-16  1.0000000   -4.2576535e-16  -9.2679063e-16  1.2083772e-17  5.6518866e-16  5.6821935e-17  2.3354498e-16  -5.8081049e-17  -5.1829057e-16  -1.1250715e-16  -3.5572758e-16  1.0000000   -4.2576535e-16  -9.2679063e-16  1.2083772e-17  5.6518866e-16  5.6821935e-17  2.3354498e-16  -5.8081049e-17  
-4.1019180e-16  2.1333711e-16  -2.0451653e-16  -4.2576535e-16  1.0000000   1.0650518e-15  -2.9367564e-16  -1.2117636e-15  2.8220173e-16  3.7292849e-17  6.0105077e-16  -4.1019180e-16  2.1333711e-16  -2.0451653e-16  -4.2576535e-16  1.0000000   1.0650518e-15  -2.9367564e-16  -1.2117636e-15  2.8220173e-16  3.7292849e-17  6.0105077e-16  
7.4517692e-16  5.0031303e-16  7.0994490e-17  -9.2679063e-16  1.0650518e-15  1.0000000   4.6011677e-16  -1.0347655e-15  2.6736150e-16  -4.9208289e-16  3.3598091e-16  7.4517692e-16  5.0031303e-16  7.0994490e-17  -9.2679063e-16  1.0650518e-15  1.0000000   4.6011677e-16  -1.0347655e-15  2.6736150e-16  -4.9208289e-16  3.3598091e-16  
4.3075013e-16  1.5203733e-16  3.8928618e-16  1.2083772e-17  -2.9367564e-16  4.6011677e-16  1.0000000   -3.4844394e-16  -1.8287865e-16  -1.1890543e-16  2.1667611e-16  4.3075013e-16  1.5203733e-16  3.8928618e-16  1.2083772e-17  -2.9367564e-16  4.6011677e-16  1.0000000   -3.4844394e-16  -1.8287865e-16  -1.1890543e-16  2.1667611e-16  
-4.0863410e-16  -4.4103735e-16  -2.0932048e-16  5.6518866e-16  -1.2117636e-15  -1.0347655e-15  -3.4844394e-16  1.0000000   -4.5263725e-16  9.0382439e-17  -6.9719197e-16  -4.0863410e-16  -4.4103735e-16  -2.0932048e-16  5.6518866e-16  -1.2117636e-15  -1.0347655e-15  -3.4844394e-16  1.0000000   -4.5263725e-16  9.0382439e-17  -6.9719197e-16  
1.7624723e-16  -4.7355706e-17  -7.5598135e-16  5.6821935e-17  2.8220173e-16  2.6736150e-16  -1.8287865e-16  -4.5263725e-16  1.0000000   1.0101480e-15  -4.2407340e-17  1.7624723e-16  -4.7355706e-17  -7.5598135e-16  5.6821935e-17  2.8220173e-16  2.6736150e-16  -1.8287865e-16  -4.5263725e-16  1.0000000   1.0101480e-15  -4.2407340e-17  
-4.4258827e-16  2.7607662e-17  4.3433097e-17  2.3354498e-16  3.7292849e-17  -4.9208289e-16  -1.1890543e-16  9.0382439e-17  1.0101480e-15  1.0000000   4.3563635e-16  -4.4258827e-16  2.7607662e-17  4.3433097e-17  2.3354498e-16  3.7292849e-17  -4.9208289e-16  -1.1890543e-16  9.0382439e-17  1.0101480e-15  1.0000000   4.3563635e-16  
2.6618995e-16  -1.6597356e-16  -1.6904279e-16  -5.8081049e-17  6.0105077e-16  3.3598091e-16  2.1667611e-16  -6.9719197e-16  -4.2407340e-17  4.3563635e-16  1.0000000   2.6618995e-16  -1.6597356e-16  -1.6904279e-16  -5.8081049e-17  6.0105077e-16  3.3598091e-16  2.1667611e-16  -6.9719197e-16  -4.2407340e-17  4.3563635e-16  1.0000000   
1.0000000   -7.4273778e-17  5.3136579e-16  -5.1829057e-16  -4.1019180e-16  7.4517692e-16  4.3075013e-16  -4.0863410e-16  1.7624723e-16  -4.4258827e-16  2.6618995e-16  1.0000000   -7.4273778e-17  5.3136579e-16  -5.1829057e-16  -4.1019180e-16  7.4517692e-16  4.3075013e-16  -4.0863410e-16  1.7624723e-16  -4.4258827e-16  2.6618995e-16  
-7.4273778e-17  1.0000000   2.0211244e-16  -1.1250715e-16  2.1333711e-16  5.0031303e-16  1.5203733e-16  -4.4103735e-16  -4.7355706e-17  2.7607662e-17  -1.6597356e-16  -7.4273778e-17  1.0000000   2.0211244e-16  -1.1250715e-16  2.1333711e-16  5.0031303e-16  1.5203733e-16  -4.4103735e-16  -4.7355706e-17  2.7607662e-17  -1.6597356e-16  
5.3136579e-16  2.0211244e-16  1.0000000   -3.5572758e-16  -2.0451653e-16  7.0994490e-17  3.8928618e-16  -2.0932048e-16  -7.5598135e-16  4.3433097e-17  -1.6904279e-16  5.3136579e-16  2.0211244e-16  1.0000000   -3.5572758e-16  -2.0451653e-16  7.0994490e-17  3.8928618e-16  -2.0932048e-16  -7.5598135e-16  4.3433097e-17  -1.6904279e-16  
-5.1829057e-16  -1.1250715e-16  -3.5572758e-16  1.0000000   -4.2576535e-16  -9.2679063e-16  1.2083772e-17  5.6518866e-16  5.6821935e-17  2.3354498e-16  -5.8081049e-17  -5.1829057e-16  -1.1250715e-16  -3.5572758e-16  1.0000000   -4.2576535e-16  -9.2679063e-16  1.2083772e-17  5.6518866e-16  5.6821935e-17  2.3354498e-16  -5.8081049e-17  
-4.1019180e-16  2.1333711e-16  -2.0451653e-16  -4.2576535e-16  1.0000000   1.0650518e-15  -2.9367564e-16  -1.2117636e-15  2.8220173e-16  3.7292849e-17  6.0105077e-16  -4.1019180e-16  2.1333711e-16  -2.0451653e-16  -4.2576535e-16  1.0000000   1.0650518e-15  -2.9367564e-16  -1.2117636e-15  2.8220173e-16  3.7292849e-17  6.0105077e-16  
7.4517692e-16  5.0031303e-16  7.0994490e-17  -9.2679063e-16  1.0650518e-15  1.0000000   4.6011677e-16  -1.0347655e-15  2.6736150e-16  -4.9208289e-16  3.3598091e-16  7.4517692e-16  5.0031303e-16  7.0994490e-17  -9.2679063e-16  1.0650518e-15  1.0000000   4.6011677e-16  -1.0347655e-15  2.6736150e-16  -4.9208289e-16  3.3598091e-16  
4.3075013e-16  1.5203733e-16  3.8928618e-16  1.2083772e-17  -2.9367564e-16  4.6011677e-16  1.0000000   -3.4844394e-16  -1.8287865e-16  -1.1890543e-16  2.1667611e-16  4.3075013e-16  1.5203733e-16  3.8928618e-16  1.2083772e-17  -2.9367564e-16  4.6011677e-16  1.0000000   -3.4844394e-16  -1.8287865e-16  -1.1890543e-16  2.1667611e-16  
-4.0863410e-16  -4.4103735e-16  -2.0932048e-16  5.6518866e-16  -1.2117636e-15  -1.0347655e-15  -3.4844394e-16  1.0000000   -4.5263725e-16  9.0382439e-17  -6.9719197e-16  -4.0863410e-16  -4.4103735e-16  -2.0932048e-16  5.6518866e-16  -1.2117636e-15  -1.0347655e-15  -3.4844394e-16  1.0000000   -4.5263725e-16  9.0382439e-17  -6.9719197e-16  
1.7624723e-16  -4.7355706e-17  -7.5598135e-16  5.6821935e-17  2.8220173e-16  2.6736150e-16  -1.8287865e-16  -4.5263725e-16  1.0000000   1.0101480e-15  -4.2407340e-17  1.7624723e-16  -4.7355706e-17  -7.5598135e-16  5.6821935e-17  2.8220173e-16  2.6736150e-16  -1.8287865e-16  -4.5263725e-16  1.0000000   1.0101480e-15  -4.2407340e-17  
-4.4258827e-16  2.7607662e-17  4.3433097e-17  2.3354498e-16  3.7292849e-17  -4.9208289e-16  -1.1890543e-16  9.0382439e-17  1.0101480e-15  1.0000000   4.3563635e-16  -4.4258827e-16  2.7607662e-17  4.3433097e-17  2.3354498e-16  3.7292849e-17  -4.9208289e-16  -1.1890543e-16  9.0382439e-17  1.0101480e-15  1.0000000   4.3563635e-16  
2.6618995e-16  -1.6597356e-16  -1.6904279e-16  -5.8081049e-17  6.0105077e-16  3.3598091e-16  2.1667611e-16  -6.9719197e-16  -4.2407340e-17  4.3563635e-16  1.0000000   2.6618995e-16  -1.6597356e-16  -1.6904279e-16  -5.8081049e-17  6.0105077e-16  3.3598091e-16  2.1667611e-16  -6.9719197e-16  -4.2407340e-17  4.3563635e-16  1.0000000   
