1.0000000   -4.1661316e-17  3.4655104e-16  4.8645081e-16  -1.9195630e-16  2.0914130e-16  -2.4468410e-16  1.8037821e-16  -2.5082975e-17  3.0036371e-16  3.0767392e-16  1.0000000   -4.1661316e-17  3.4655104e-16  4.8645081e-16  -1.9195630e-16  2.0914130e-16  -2.4468410e-16  1.8037821e-16  -2.5082975e-17  3.0036371e-16  3.0767392e-16  
-4.1661316e-17  1.0000000   -3.4976902e-18  -1.9781567e-16  -1.9375021e-16  4.9684837e-16  3.1308709e-16  2.1506288e-16  -2.0118969e-16  2.6827810e-17  -9.4596640e-17  -4.1661316e-17  1.0000000   -3.4976902e-18  -1.9781567e-16  -1.9375021e-16  4.9684837e-16  3.1308709e-16  2.1506288e-16  -2.0118969e-16  2.6827810e-17  -9.4596640e-17  
3.4655104e-16  -3.4976902e-18  1.0000000   -2.0913703e-16  8.5158575e-18  -9.4531954e-17  -3.3423179e-17  4.2226805e-16  -6.1218742e-16  4.3395705e-16  -3.4474601e-16  3.4655104e-16  -3.4976902e-18  1.0000000   -2.0913703e-16  8.5158575e-18  -9.4531954e-17  -3.3423179e-17  4.2226805e-16  -6.1218742e-16  4.3395705e-16  -3.4474601e-16  
4.8645081e-16  -1.9781567e-16  -2.0913703e-16  1.0000000   4.6054545e-16  7.9019326e-17  -7.3647207e-16  -2.0373260e-18  1.2275625e-16  7.9458043e-17  5.8563540e-17  4.8645081e-16  -1.9781567e-16  -2.0913703e-16  1.0000000   4.6054545e-16  7.9019326e-17  -7.3647207e-16  -2.0373260e-18  1.2275625e-16  7.9458043e-17  5.8563540e-17  
-1.9195630e-16  -1.9375021e-16  8.5158575e-18  4.6054545e-16  1.0000000   -3.6073085e-16  3.2639059e-16  -1.5074857e-17  -6.4282453e-16  -3.9000753e-16  -1.7570153e-16  -1.9195630e-16  -1.9375021e-16  8.5158575e-18  4.6054545e-16  1.0000000   -3.6073085e-16  3.2639059e-16  -1.5074857e-17  -6.4282453e-16  -3.9000753e-16  -1.7570153e-16  
2.0914130e-16  4.9684837e-16  -9.4531954e-17  7.9019326e-17  -3.6073085e-16  1.0000000   6.2163483e-17  2.6194123e-16  -1.8564022e-16  -6.1305095e-17  3.1000797e-16  2.0914130e-16  4.9684837e-16  -9.4531954e-17  7.9019326e-17  -3.6073085e-16  1.0000000   6.2163483e-17  2.6194123e-16  -1.8564022e-16  -6.1305095e-17  3.1000797e-16  
-2.4468410e-16  3.1308709e-16  -3.3423179e-17  -7.3647207e-16  3.2639059e-16  6.2163483e-17  1.0000000   2.9590588e-16  6.6215445e-16  -3.7410565e-16  1.7846984e-16  -2.4468410e-16  3.1308709e-16  -3.3423179e-17  -7.3647207e-16  3.2639059e-16  6.2163483e-17  1.0000000   2.9590588e-16  6.6215445e-16  -3.7410565e-16  1.7846984e-16  
1.8037821e-16  2.1506288e-16  4.2226805e-16  -2.0373260e-18  -1.5074857e-17  2.6194123e-16  2.9590588e-16  1.0000000   -1.7178463e-16  -2.8413551e-16  3.2857086e-16  1.8037821e-16  2.1506288e-16  4.2226805e-16  -2.0373260e-18  -1.5074857e-17  2.6194123e-16  2.9590588e-16  1.0000000   -1.7178463e-16  -2.8413551e-16  3.2857086e-16  
-2.5082975e-17  -2.0118969e-16  -6.1218742e-16  1.2275625e-16  -6.4282453e-16  -1.8564022e-16  6.6215445e-16  -1.7178463e-16  1.0000000   -5.9769159e-16  -5.5404912e-16  -2.5082975e-17  -2.0118969e-16  -6.1218742e-16  1.2275625e-16  -6.4282453e-16  -1.8564022e-16  6.6215445e-16  -1.7178463e-16  1.0000000   -5.9769159e-16  -5.5404912e-16  
3.0036371e-16  2.6827810e-17  4.3395705e-16  7.9458043e-17  -3.9000753e-16  -6.1305095e-17  -3.7410565e-16  -2.8413551e-16  -5.9769159e-16  1.0000000   -2.2004222e-17  3.0036371e-16  2.6827810e-17  4.3395705e-16  7.9458043e-17  -3.9000753e-16  -6.1305095e-17  -3.7410565e-16  -2.8413551e-16  -5.9769159e-16  1.0000000   -2.2004222e-17  
3.0767392e-16  -9.4596640e-17  -3.4474601e-16  5.8563540e-17  -1.7570153e-16  3.1000797e-16  1.7846984e-16  3.2857086e-16  -5.5404912e-16  -2.2004222e-17  1.0000000   3.0767392e-16  -9.4596640e-17  -3.4474601e-16  5.8563540e-17  -1.7570153e-16  3.1000797e-16  1.7846984e-16  3.2857086e-16  -5.5404912e-16  -2.2004222e-17  1.0000000   
1.0000000   -4.1661316e-17  3.4655104e-16  4.8645081e-16  -1.9195630e-16  2.0914130e-16  -2.4468410e-16  1.8037821e-16  -2.5082975e-17  3.0036371e-16  3.0767392e-16  1.0000000   -4.1661316e-17  3.4655104e-16  4.8645081e-16  -1.9195630e-16  2.0914130e-16  -2.4468410e-16  1.8037821e-16  -2.5082975e-17  3.0036371e-16  3.0767392e-16  
-4.1661316e-17  1.0000000   -3.4976902e-18  -1.9781567e-16  -1.9375021e-16  4.9684837e-16  3.1308709e-16  2.1506288e-16  -2.0118969e-16  2.6827810e-17  -9.4596640e-17  -4.1661316e-17  1.0000000   -3.4976902e-18  -1.9781567e-16  -1.9375021e-16  4.9684837e-16  3.1308709e-16  2.1506288e-16  -2.0118969e-16  2.6827810e-17  -9.4596640e-17  
3.4655104e-16  -3.4976902e-18  1.0000000   -2.0913703e-16  8.5158575e-18  -9.4531954e-17  -3.3423179e-17  4.2226805e-16  -6.1218742e-16  4.3395705e-16  -3.4474601e-16  3.4655104e-16  -3.4976902e-18  1.0000000   -2.0913703e-16  8.5158575e-18  -9.4531954e-17  -3.3423179e-17  4.2226805e-16  -6.1218742e-16  4.3395705e-16  -3.4474601e-16  
4.8645081e-16  -1.9781567e-16  -2.0913703e-16  1.0000000   4.6054545e-16  7.9019326e-17  -7.3647207e-16  -2.0373260e-18  1.2275625e-16  7.9458043e-17  5.8563540e-17  4.8645081e-16  -1.9781567e-16  -2.0913703e-16  1.0000000   4.6054545e-16  7.9019326e-17  -7.3647207e-16  -2.0373260e-18  1.2275625e-16  7.9458043e-17  5.8563540e-17  
-1.9195630e-16  -1.9375021e-16  8.5158575e-18  4.6054545e-16  1.0000000   -3.6073085e-16  3.2639059e-16  -1.5074857e-17  -6.4282453e-16  -3.9000753e-16  -1.7570153e-16  -1.9195630e-16  -1.9375021e-16  8.5158575e-18  4.6054545e-16  1.0000000   -3.6073085e-16  3.2639059e-16  -1.5074857e-17  -6.4282453e-16  -3.9000753e-16  -1.7570153e-16  
2.0914130e-16  4.9684837e-16  -9.4531954e-17  7.9019326e-17  -3.6073085e-16  1.0000000   6.2163483e-17  2.6194123e-16  -1.8564022e-16  -6.1305095e-17  3.1000797e-16  2.0914130e-16  4.9684837e-16  -9.4531954e-17  7.9019326e-17  -3.6073085e-16  1.0000000   6.2163483e-17  2.6194123e-16  -1.8564022e-16  -6.1305095e-17  3.1000797e-16  
-2.4468410e-16  3.1308709e-16  -3.3423179e-17  -7.3647207e-16  3.2639059e-16  6.2163483e-17  1.0000000   2.9590588e-16  6.6215445e-16  -3.7410565e-16  1.7846984e-16  -2.4468410e-16  3.1308709e-16  -3.3423179e-17  -7.3647207e-16  3.2639059e-16  6.2163483e-17  1.0000000   2.9590588e-16  6.6215445e-16  -3.7410565e-16  1.7846984e-16  
1.8037821e-16  2.1506288e-16  4.2226805e-16  -2.0373260e-18  -1.5074857e-17  2.6194123e-16  2.9590588e-16  1.0000000   -1.7178463e-16  -2.8413551e-16  3.2857086e-16  1.8037821e-16  2.1506288e-16  4.2226805e-16  -2.0373260e-18  -1.5074857e-17  2.6194123e-16  2.9590588e-16  1.0000000   -1.7178463e-16  -2.8413551e-16  3.2857086e-16  
-2.5082975e-17  -2.0118969e-16  -6.1218742e-16  1.2275625e-16  -6.4282453e-16  -1.8564022e-16  6.6215445e-16  -1.7178463e-16  1.0000000   -5.9769159e-16  -5.5404912e-16  -2.5082975e-17  -2.0118969e-16  -6.1218742e-16  1.2275625e-16  -6.4282453e-16  -1.8564022e-16  6.6215445e-16  -1.7178463e-16  1.0000000   -5.9769159e-16  -5.5404912e-16  
3.0036371e-16  2.6827810e-17  4.3395705e-16  7.9458043e-17  -3.9000753e-16  -6.1305095e-17  -3.7410565e-16  -2.8413551e-16  -5.9769159e-16  1.0000000   -2.2004222e-17  3.0036371e-16  2.6827810e-17  4.3395705e-16  7.9458043e-17  -3.9000753e-16  -6.1305095e-17  -3.7410565e-16  -2.8413551e-16  -5.9769159e-16  1.0000000   -2.2004222e-17  
3.0767392e-16  -9.4596640e-17  -3.4474601e-16  5.8563540e-17  -1.7570153e-16  3.1000797e-16  1.7846984e-16  3.2857086e-16  -5.5404912e-16  -2.2004222e-17  1.0000000   3.0767392e-16  -9.4596640e-17  -3.4474601e-16  5.8563540e-17  -1.7570153e-16  3.1000797e-16  1.7846984e-16  3.2857086e-16  -5.5404912e-16  -2.2004222e-17  1.0000000   
