1.0000000   1.2527556e-15  3.9037377e-16  -3.9464244e-16  -1.3253789e-16  1.3253202e-16  6.1912603e-16  3.0522672e-16  -2.7126124e-16  4.8019685e-16  -8.7768283e-17  1.0000000   1.2527556e-15  3.9037377e-16  -3.9464244e-16  -1.3253789e-16  1.3253202e-16  6.1912603e-16  3.0522672e-16  -2.7126124e-16  4.8019685e-16  -8.7768283e-17  
1.2527556e-15  1.0000000   -3.5503725e-16  -8.4699907e-17  3.7094728e-16  -2.8960903e-17  6.0249623e-16  5.8718950e-16  5.4980612e-16  -1.5351964e-16  1.6936932e-16  1.2527556e-15  1.0000000   -3.5503725e-16  -8.4699907e-17  3.7094728e-16  -2.8960903e-17  6.0249623e-16  5.8718950e-16  5.4980612e-16  -1.5351964e-16  1.6936932e-16  
3.9037377e-16  -3.5503725e-16  1.0000000   -5.8293654e-17  2.1782405e-16  -2.4878946e-16  -5.3580763e-16  -2.1271544e-16  2.0137234e-16  2.1622009e-16  1.6945656e-16  3.9037377e-16  -3.5503725e-16  1.0000000   -5.8293654e-17  2.1782405e-16  -2.4878946e-16  -5.3580763e-16  -2.1271544e-16  2.0137234e-16  2.1622009e-16  1.6945656e-16  
-3.9464244e-16  -8.4699907e-17  -5.8293654e-17  1.0000000   4.2891313e-17  5.9779011e-16  -1.5822364e-16  5.0251738e-16  6.3600559e-16  2.4068187e-16  2.1417397e-16  -3.9464244e-16  -8.4699907e-17  -5.8293654e-17  1.0000000   4.2891313e-17  5.9779011e-16  -1.5822364e-16  5.0251738e-16  6.3600559e-16  2.4068187e-16  2.1417397e-16  
-1.3253789e-16  3.7094728e-16  2.1782405e-16  4.2891313e-17  1.0000000   -1.3435213e-17  2.0829472e-16  2.7703165e-16  4.2035577e-16  -9.7760731e-17  7.2719388e-16  -1.3253789e-16  3.7094728e-16  2.1782405e-16  4.2891313e-17  1.0000000   -1.3435213e-17  2.0829472e-16  2.7703165e-16  4.2035577e-16  -9.7760731e-17  7.2719388e-16  
1.3253202e-16  -2.8960903e-17  -2.4878946e-16  5.9779011e-16  -1.3435213e-17  1.0000000   -9.2793921e-16  6.8793581e-17  1.9968865e-16  -1.4953583e-16  -4.3452367e-17  1.3253202e-16  -2.8960903e-17  -2.4878946e-16  5.9779011e-16  -1.3435213e-17  1.0000000   -9.2793921e-16  6.8793581e-17  1.9968865e-16  -1.4953583e-16  -4.3452367e-17  
6.1912603e-16  6.0249623e-16  -5.3580763e-16  -1.5822364e-16  2.0829472e-16  -9.2793921e-16  1.0000000   -4.7770726e-17  2.1947725e-16  -2.8721511e-16  -2.2691737e-16  6.1912603e-16  6.0249623e-16  -5.3580763e-16  -1.5822364e-16  2.0829472e-16  -9.2793921e-16  1.0000000   -4.7770726e-17  2.1947725e-16  -2.8721511e-16  -2.2691737e-16  
3.0522672e-16  5.8718950e-16  -2.1271544e-16  5.0251738e-16  2.7703165e-16  6.8793581e-17  -4.7770726e-17  1.0000000   5.4880143e-16  2.3110288e-16  -1.3440507e-17  3.0522672e-16  5.8718950e-16  -2.1271544e-16  5.0251738e-16  2.7703165e-16  6.8793581e-17  -4.7770726e-17  1.0000000   5.4880143e-16  2.3110288e-16  -1.3440507e-17  
-2.7126124e-16  5.4980612e-16  2.0137234e-16  6.3600559e-16  4.2035577e-16  1.9968865e-16  2.1947725e-16  5.4880143e-16  1.0000000   2.3562424e-16  1.8619224e-16  -2.7126124e-16  5.4980612e-16  2.0137234e-16  6.3600559e-16  4.2035577e-16  1.9968865e-16  2.1947725e-16  5.4880143e-16  1.0000000   2.3562424e-16  1.8619224e-16  
4.8019685e-16  -1.5351964e-16  2.1622009e-16  2.4068187e-16  -9.7760731e-17  -1.4953583e-16  -2.8721511e-16  2.3110288e-16  2.3562424e-16  1.0000000   3.7674247e-16  4.8019685e-16  -1.5351964e-16  2.1622009e-16  2.4068187e-16  -9.7760731e-17  -1.4953583e-16  -2.8721511e-16  2.3110288e-16  2.3562424e-16  1.0000000   3.7674247e-16  
-8.7768283e-17  1.6936932e-16  1.6945656e-16  2.1417397e-16  7.2719388e-16  -4.3452367e-17  -2.2691737e-16  -1.3440507e-17  1.8619224e-16  3.7674247e-16  1.0000000   -8.7768283e-17  1.6936932e-16  1.6945656e-16  2.1417397e-16  7.2719388e-16  -4.3452367e-17  -2.2691737e-16  -1.3440507e-17  1.8619224e-16  3.7674247e-16  1.0000000   
1.0000000   1.2527556e-15  3.9037377e-16  -3.9464244e-16  -1.3253789e-16  1.3253202e-16  6.1912603e-16  3.0522672e-16  -2.7126124e-16  4.8019685e-16  -8.7768283e-17  1.0000000   1.2527556e-15  3.9037377e-16  -3.9464244e-16  -1.3253789e-16  1.3253202e-16  6.1912603e-16  3.0522672e-16  -2.7126124e-16  4.8019685e-16  -8.7768283e-17  
1.2527556e-15  1.0000000   -3.5503725e-16  -8.4699907e-17  3.7094728e-16  -2.8960903e-17  6.0249623e-16  5.8718950e-16  5.4980612e-16  -1.5351964e-16  1.6936932e-16  1.2527556e-15  1.0000000   -3.5503725e-16  -8.4699907e-17  3.7094728e-16  -2.8960903e-17  6.0249623e-16  5.8718950e-16  5.4980612e-16  -1.5351964e-16  1.6936932e-16  
3.9037377e-16  -3.5503725e-16  1.0000000   -5.8293654e-17  2.1782405e-16  -2.4878946e-16  -5.3580763e-16  -2.1271544e-16  2.0137234e-16  2.1622009e-16  1.6945656e-16  3.9037377e-16  -3.5503725e-16  1.0000000   -5.8293654e-17  2.1782405e-16  -2.4878946e-16  -5.3580763e-16  -2.1271544e-16  2.0137234e-16  2.1622009e-16  1.6945656e-16  
-3.9464244e-16  -8.4699907e-17  -5.8293654e-17  1.0000000   4.2891313e-17  5.9779011e-16  -1.5822364e-16  5.0251738e-16  6.3600559e-16  2.4068187e-16  2.1417397e-16  -3.9464244e-16  -8.4699907e-17  -5.8293654e-17  1.0000000   4.2891313e-17  5.9779011e-16  -1.5822364e-16  5.0251738e-16  6.3600559e-16  2.4068187e-16  2.1417397e-16  
-1.3253789e-16  3.7094728e-16  2.1782405e-16  4.2891313e-17  1.0000000   -1.3435213e-17  2.0829472e-16  2.7703165e-16  4.2035577e-16  -9.7760731e-17  7.2719388e-16  -1.3253789e-16  3.7094728e-16  2.1782405e-16  4.2891313e-17  1.0000000   -1.3435213e-17  2.0829472e-16  2.7703165e-16  4.2035577e-16  -9.7760731e-17  7.2719388e-16  
1.3253202e-16  -2.8960903e-17  -2.4878946e-16  5.9779011e-16  -1.3435213e-17  1.0000000   -9.2793921e-16  6.8793581e-17  1.9968865e-16  -1.4953583e-16  -4.3452367e-17  1.3253202e-16  -2.8960903e-17  -2.4878946e-16  5.9779011e-16  -1.3435213e-17  1.0000000   -9.2793921e-16  6.8793581e-17  1.9968865e-16  -1.4953583e-16  -4.3452367e-17  
6.1912603e-16  6.0249623e-16  -5.3580763e-16  -1.5822364e-16  2.0829472e-16  -9.2793921e-16  1.0000000   -4.7770726e-17  2.1947725e-16  -2.8721511e-16  -2.2691737e-16  6.1912603e-16  6.0249623e-16  -5.3580763e-16  -1.5822364e-16  2.0829472e-16  -9.2793921e-16  1.0000000   -4.7770726e-17  2.1947725e-16  -2.8721511e-16  -2.2691737e-16  
3.0522672e-16  5.8718950e-16  -2.1271544e-16  5.0251738e-16  2.7703165e-16  6.8793581e-17  -4.7770726e-17  1.0000000   5.4880143e-16  2.3110288e-16  -1.3440507e-17  3.0522672e-16  5.8718950e-16  -2.1271544e-16  5.0251738e-16  2.7703165e-16  6.8793581e-17  -4.7770726e-17  1.0000000   5.4880143e-16  2.3110288e-16  -1.3440507e-17  
-2.7126124e-16  5.4980612e-16  2.0137234e-16  6.3600559e-16  4.2035577e-16  1.9968865e-16  2.1947725e-16  5.4880143e-16  1.0000000   2.3562424e-16  1.8619224e-16  -2.7126124e-16  5.4980612e-16  2.0137234e-16  6.3600559e-16  4.2035577e-16  1.9968865e-16  2.1947725e-16  5.4880143e-16  1.0000000   2.3562424e-16  1.8619224e-16  
4.8019685e-16  -1.5351964e-16  2.1622009e-16  2.4068187e-16  -9.7760731e-17  -1.4953583e-16  -2.8721511e-16  2.3110288e-16  2.3562424e-16  1.0000000   3.7674247e-16  4.8019685e-16  -1.5351964e-16  2.1622009e-16  2.4068187e-16  -9.7760731e-17  -1.4953583e-16  -2.8721511e-16  2.3110288e-16  2.3562424e-16  1.0000000   3.7674247e-16  
-8.7768283e-17  1.6936932e-16  1.6945656e-16  2.1417397e-16  7.2719388e-16  -4.3452367e-17  -2.2691737e-16  -1.3440507e-17  1.8619224e-16  3.7674247e-16  1.0000000   -8.7768283e-17  1.6936932e-16  1.6945656e-16  2.1417397e-16  7.2719388e-16  -4.3452367e-17  -2.2691737e-16  -1.3440507e-17  1.8619224e-16  3.7674247e-16  1.0000000   
