1.0000000   -9.4558523e-17  -3.3895749e-16  -2.6011704e-16  -2.5651885e-16  -9.1018812e-17  2.6577480e-16  7.0121623e-17  2.1108442e-16  -2.3419233e-16  6.1037724e-17  1.0000000   -9.4558523e-17  -3.3895749e-16  -2.6011704e-16  -2.5651885e-16  -9.1018812e-17  2.6577480e-16  7.0121623e-17  2.1108442e-16  -2.3419233e-16  6.1037724e-17  
-9.4558523e-17  1.0000000   -4.7436407e-16  5.9981156e-17  -2.4168264e-16  -6.6398929e-16  -1.8236323e-16  -4.2171208e-16  -3.3194395e-16  -4.4015866e-16  -3.0434656e-16  -9.4558523e-17  1.0000000   -4.7436407e-16  5.9981156e-17  -2.4168264e-16  -6.6398929e-16  -1.8236323e-16  -4.2171208e-16  -3.3194395e-16  -4.4015866e-16  -3.0434656e-16  
-3.3895749e-16  -4.7436407e-16  1.0000000   -5.0733250e-17  2.3135911e-16  -2.0175202e-16  3.5877775e-16  -1.6460984e-16  -5.0818091e-16  1.0887613e-16  -8.5880671e-17  -3.3895749e-16  -4.7436407e-16  1.0000000   -5.0733250e-17  2.3135911e-16  -2.0175202e-16  3.5877775e-16  -1.6460984e-16  -5.0818091e-16  1.0887613e-16  -8.5880671e-17  
-2.6011704e-16  5.9981156e-17  -5.0733250e-17  1.0000000   -1.7327753e-17  1.2559217e-16  3.7205160e-16  -1.0149657e-16  -4.4488500e-17  1.7667392e-16  -4.9766023e-16  -2.6011704e-16  5.9981156e-17  -5.0733250e-17  1.0000000   -1.7327753e-17  1.2559217e-16  3.7205160e-16  -1.0149657e-16  -4.4488500e-17  1.7667392e-16  -4.9766023e-16  
-2.5651885e-16  -2.4168264e-16  2.3135911e-16  -1.7327753e-17  1.0000000   2.8025303e-17  4.3165646e-17  5.6103270e-16  -1.1438375e-16  -1.5160683e-16  3.9963353e-16  -2.5651885e-16  -2.4168264e-16  2.3135911e-16  -1.7327753e-17  1.0000000   2.8025303e-17  4.3165646e-17  5.6103270e-16  -1.1438375e-16  -1.5160683e-16  3.9963353e-16  
-9.1018812e-17  -6.6398929e-16  -2.0175202e-16  1.2559217e-16  2.8025303e-17  1.0000000   -2.0705127e-16  -6.1805622e-16  7.8461721e-17  3.3206873e-16  -3.7841853e-16  -9.1018812e-17  -6.6398929e-16  -2.0175202e-16  1.2559217e-16  2.8025303e-17  1.0000000   -2.0705127e-16  -6.1805622e-16  7.8461721e-17  3.3206873e-16  -3.7841853e-16  
2.6577480e-16  -1.8236323e-16  3.5877775e-16  3.7205160e-16  4.3165646e-17  -2.0705127e-16  1.0000000   2.1629833e-17  -2.9043489e-17  6.1565743e-17  2.8069486e-16  2.6577480e-16  -1.8236323e-16  3.5877775e-16  3.7205160e-16  4.3165646e-17  -2.0705127e-16  1.0000000   2.1629833e-17  -2.9043489e-17  6.1565743e-17  2.8069486e-16  
7.0121623e-17  -4.2171208e-16  -1.6460984e-16  -1.0149657e-16  5.6103270e-16  -6.1805622e-16  2.1629833e-17  1.0000000   -1.8353023e-16  4.9560745e-16  -3.8209487e-16  7.0121623e-17  -4.2171208e-16  -1.6460984e-16  -1.0149657e-16  5.6103270e-16  -6.1805622e-16  2.1629833e-17  1.0000000   -1.8353023e-16  4.9560745e-16  -3.8209487e-16  
2.1108442e-16  -3.3194395e-16  -5.0818091e-16  -4.4488500e-17  -1.1438375e-16  7.8461721e-17  -2.9043489e-17  -1.8353023e-16  1.0000000   4.4794194e-16  2.0108880e-16  2.1108442e-16  -3.3194395e-16  -5.0818091e-16  -4.4488500e-17  -1.1438375e-16  7.8461721e-17  -2.9043489e-17  -1.8353023e-16  1.0000000   4.4794194e-16  2.0108880e-16  
-2.3419233e-16  -4.4015866e-16  1.0887613e-16  1.7667392e-16  -1.5160683e-16  3.3206873e-16  6.1565743e-17  4.9560745e-16  4.4794194e-16  1.0000000   -9.1951779e-17  -2.3419233e-16  -4.4015866e-16  1.0887613e-16  1.7667392e-16  -1.5160683e-16  3.3206873e-16  6.1565743e-17  4.9560745e-16  4.4794194e-16  1.0000000   -9.1951779e-17  
6.1037724e-17  -3.0434656e-16  -8.5880671e-17  -4.9766023e-16  3.9963353e-16  -3.7841853e-16  2.8069486e-16  -3.8209487e-16  2.0108880e-16  -9.1951779e-17  1.0000000   6.1037724e-17  -3.0434656e-16  -8.5880671e-17  -4.9766023e-16  3.9963353e-16  -3.7841853e-16  2.8069486e-16  -3.8209487e-16  2.0108880e-16  -9.1951779e-17  1.0000000   
1.0000000   -9.4558523e-17  -3.3895749e-16  -2.6011704e-16  -2.5651885e-16  -9.1018812e-17  2.6577480e-16  7.0121623e-17  2.1108442e-16  -2.3419233e-16  6.1037724e-17  1.0000000   -9.4558523e-17  -3.3895749e-16  -2.6011704e-16  -2.5651885e-16  -9.1018812e-17  2.6577480e-16  7.0121623e-17  2.1108442e-16  -2.3419233e-16  6.1037724e-17  
-9.4558523e-17  1.0000000   -4.7436407e-16  5.9981156e-17  -2.4168264e-16  -6.6398929e-16  -1.8236323e-16  -4.2171208e-16  -3.3194395e-16  -4.4015866e-16  -3.0434656e-16  -9.4558523e-17  1.0000000   -4.7436407e-16  5.9981156e-17  -2.4168264e-16  -6.6398929e-16  -1.8236323e-16  -4.2171208e-16  -3.3194395e-16  -4.4015866e-16  -3.0434656e-16  
-3.3895749e-16  -4.7436407e-16  1.0000000   -5.0733250e-17  2.3135911e-16  -2.0175202e-16  3.5877775e-16  -1.6460984e-16  -5.0818091e-16  1.0887613e-16  -8.5880671e-17  -3.3895749e-16  -4.7436407e-16  1.0000000   -5.0733250e-17  2.3135911e-16  -2.0175202e-16  3.5877775e-16  -1.6460984e-16  -5.0818091e-16  1.0887613e-16  -8.5880671e-17  
-2.6011704e-16  5.9981156e-17  -5.0733250e-17  1.0000000   -1.7327753e-17  1.2559217e-16  3.7205160e-16  -1.0149657e-16  -4.4488500e-17  1.7667392e-16  -4.9766023e-16  -2.6011704e-16  5.9981156e-17  -5.0733250e-17  1.0000000   -1.7327753e-17  1.2559217e-16  3.7205160e-16  -1.0149657e-16  -4.4488500e-17  1.7667392e-16  -4.9766023e-16  
-2.5651885e-16  -2.4168264e-16  2.3135911e-16  -1.7327753e-17  1.0000000   2.8025303e-17  4.3165646e-17  5.6103270e-16  -1.1438375e-16  -1.5160683e-16  3.9963353e-16  -2.5651885e-16  -2.4168264e-16  2.3135911e-16  -1.7327753e-17  1.0000000   2.8025303e-17  4.3165646e-17  5.6103270e-16  -1.1438375e-16  -1.5160683e-16  3.9963353e-16  
-9.1018812e-17  -6.6398929e-16  -2.0175202e-16  1.2559217e-16  2.8025303e-17  1.0000000   -2.0705127e-16  -6.1805622e-16  7.8461721e-17  3.3206873e-16  -3.7841853e-16  -9.1018812e-17  -6.6398929e-16  -2.0175202e-16  1.2559217e-16  2.8025303e-17  1.0000000   -2.0705127e-16  -6.1805622e-16  7.8461721e-17  3.3206873e-16  -3.7841853e-16  
2.6577480e-16  -1.8236323e-16  3.5877775e-16  3.7205160e-16  4.3165646e-17  -2.0705127e-16  1.0000000   2.1629833e-17  -2.9043489e-17  6.1565743e-17  2.8069486e-16  2.6577480e-16  -1.8236323e-16  3.5877775e-16  3.7205160e-16  4.3165646e-17  -2.0705127e-16  1.0000000   2.1629833e-17  -2.9043489e-17  6.1565743e-17  2.8069486e-16  
7.0121623e-17  -4.2171208e-16  -1.6460984e-16  -1.0149657e-16  5.6103270e-16  -6.1805622e-16  2.1629833e-17  1.0000000   -1.8353023e-16  4.9560745e-16  -3.8209487e-16  7.0121623e-17  -4.2171208e-16  -1.6460984e-16  -1.0149657e-16  5.6103270e-16  -6.1805622e-16  2.1629833e-17  1.0000000   -1.8353023e-16  4.9560745e-16  -3.8209487e-16  
2.1108442e-16  -3.3194395e-16  -5.0818091e-16  -4.4488500e-17  -1.1438375e-16  7.8461721e-17  -2.9043489e-17  -1.8353023e-16  1.0000000   4.4794194e-16  2.0108880e-16  2.1108442e-16  -3.3194395e-16  -5.0818091e-16  -4.4488500e-17  -1.1438375e-16  7.8461721e-17  -2.9043489e-17  -1.8353023e-16  1.0000000   4.4794194e-16  2.0108880e-16  
-2.3419233e-16  -4.4015866e-16  1.0887613e-16  1.7667392e-16  -1.5160683e-16  3.3206873e-16  6.1565743e-17  4.9560745e-16  4.4794194e-16  1.0000000   -9.1951779e-17  -2.3419233e-16  -4.4015866e-16  1.0887613e-16  1.7667392e-16  -1.5160683e-16  3.3206873e-16  6.1565743e-17  4.9560745e-16  4.4794194e-16  1.0000000   -9.1951779e-17  
6.1037724e-17  -3.0434656e-16  -8.5880671e-17  -4.9766023e-16  3.9963353e-16  -3.7841853e-16  2.8069486e-16  -3.8209487e-16  2.0108880e-16  -9.1951779e-17  1.0000000   6.1037724e-17  -3.0434656e-16  -8.5880671e-17  -4.9766023e-16  3.9963353e-16  -3.7841853e-16  2.8069486e-16  -3.8209487e-16  2.0108880e-16  -9.1951779e-17  1.0000000   
