1.0000000   5.2586834e-16  4.2223258e-16  -1.2287330e-16  -2.1797350e-16  -2.2947375e-16  -1.8959681e-16  8.6769426e-17  -2.6108687e-16  -2.1383559e-16  -1.1782324e-16  1.0000000   5.2586834e-16  4.2223258e-16  -1.2287330e-16  -2.1797350e-16  -2.2947375e-16  -1.8959681e-16  8.6769426e-17  -2.6108687e-16  -2.1383559e-16  -1.1782324e-16  
5.2586834e-16  1.0000000   -3.8270643e-17  -7.8275162e-17  -8.3771558e-19  4.5290852e-17  -4.5721229e-16  2.3777379e-16  7.4436324e-16  -2.2259518e-16  -3.3548603e-16  5.2586834e-16  1.0000000   -3.8270643e-17  -7.8275162e-17  -8.3771558e-19  4.5290852e-17  -4.5721229e-16  2.3777379e-16  7.4436324e-16  -2.2259518e-16  -3.3548603e-16  
4.2223258e-16  -3.8270643e-17  1.0000000   1.5510952e-16  -3.0452343e-16  -1.9527858e-16  -5.5713592e-17  2.9183101e-16  7.5810783e-16  3.5322206e-16  1.4382281e-16  4.2223258e-16  -3.8270643e-17  1.0000000   1.5510952e-16  -3.0452343e-16  -1.9527858e-16  -5.5713592e-17  2.9183101e-16  7.5810783e-16  3.5322206e-16  1.4382281e-16  
-1.2287330e-16  -7.8275162e-17  1.5510952e-16  1.0000000   3.4514856e-16  4.3482352e-16  2.6602552e-17  -4.4426508e-17  -5.0956020e-16  -3.3782215e-16  6.2759551e-16  -1.2287330e-16  -7.8275162e-17  1.5510952e-16  1.0000000   3.4514856e-16  4.3482352e-16  2.6602552e-17  -4.4426508e-17  -5.0956020e-16  -3.3782215e-16  6.2759551e-16  
-2.1797350e-16  -8.3771558e-19  -3.0452343e-16  3.4514856e-16  1.0000000   4.0072562e-16  -2.1177772e-16  5.2679308e-17  3.2633215e-17  2.5059385e-16  -2.5736884e-16  -2.1797350e-16  -8.3771558e-19  -3.0452343e-16  3.4514856e-16  1.0000000   4.0072562e-16  -2.1177772e-16  5.2679308e-17  3.2633215e-17  2.5059385e-16  -2.5736884e-16  
-2.2947375e-16  4.5290852e-17  -1.9527858e-16  4.3482352e-16  4.0072562e-16  1.0000000   -7.8580199e-16  -1.2799303e-16  -1.7066274e-16  -6.4478901e-17  -8.4255214e-17  -2.2947375e-16  4.5290852e-17  -1.9527858e-16  4.3482352e-16  4.0072562e-16  1.0000000   -7.8580199e-16  -1.2799303e-16  -1.7066274e-16  -6.4478901e-17  -8.4255214e-17  
-1.8959681e-16  -4.5721229e-16  -5.5713592e-17  2.6602552e-17  -2.1177772e-16  -7.8580199e-16  1.0000000   6.1313221e-17  1.8484800e-17  1.5425508e-16  8.8430028e-17  -1.8959681e-16  -4.5721229e-16  -5.5713592e-17  2.6602552e-17  -2.1177772e-16  -7.8580199e-16  1.0000000   6.1313221e-17  1.8484800e-17  1.5425508e-16  8.8430028e-17  
8.6769426e-17  2.3777379e-16  2.9183101e-16  -4.4426508e-17  5.2679308e-17  -1.2799303e-16  6.1313221e-17  1.0000000   -3.8525970e-17  -1.8704002e-16  6.2947253e-18  8.6769426e-17  2.3777379e-16  2.9183101e-16  -4.4426508e-17  5.2679308e-17  -1.2799303e-16  6.1313221e-17  1.0000000   -3.8525970e-17  -1.8704002e-16  6.2947253e-18  
-2.6108687e-16  7.4436324e-16  7.5810783e-16  -5.0956020e-16  3.2633215e-17  -1.7066274e-16  1.8484800e-17  -3.8525970e-17  1.0000000   -3.2539152e-16  1.5594724e-16  -2.6108687e-16  7.4436324e-16  7.5810783e-16  -5.0956020e-16  3.2633215e-17  -1.7066274e-16  1.8484800e-17  -3.8525970e-17  1.0000000   -3.2539152e-16  1.5594724e-16  
-2.1383559e-16  -2.2259518e-16  3.5322206e-16  -3.3782215e-16  2.5059385e-16  -6.4478901e-17  1.5425508e-16  -1.8704002e-16  -3.2539152e-16  1.0000000   -2.2858878e-16  -2.1383559e-16  -2.2259518e-16  3.5322206e-16  -3.3782215e-16  2.5059385e-16  -6.4478901e-17  1.5425508e-16  -1.8704002e-16  -3.2539152e-16  1.0000000   -2.2858878e-16  
-1.1782324e-16  -3.3548603e-16  1.4382281e-16  6.2759551e-16  -2.5736884e-16  -8.4255214e-17  8.8430028e-17  6.2947253e-18  1.5594724e-16  -2.2858878e-16  1.0000000   -1.1782324e-16  -3.3548603e-16  1.4382281e-16  6.2759551e-16  -2.5736884e-16  -8.4255214e-17  8.8430028e-17  6.2947253e-18  1.5594724e-16  -2.2858878e-16  1.0000000   
1.0000000   5.2586834e-16  4.2223258e-16  -1.2287330e-16  -2.1797350e-16  -2.2947375e-16  -1.8959681e-16  8.6769426e-17  -2.6108687e-16  -2.1383559e-16  -1.1782324e-16  1.0000000   5.2586834e-16  4.2223258e-16  -1.2287330e-16  -2.1797350e-16  -2.2947375e-16  -1.8959681e-16  8.6769426e-17  -2.6108687e-16  -2.1383559e-16  -1.1782324e-16  
5.2586834e-16  1.0000000   -3.8270643e-17  -7.8275162e-17  -8.3771558e-19  4.5290852e-17  -4.5721229e-16  2.3777379e-16  7.4436324e-16  -2.2259518e-16  -3.3548603e-16  5.2586834e-16  1.0000000   -3.8270643e-17  -7.8275162e-17  -8.3771558e-19  4.5290852e-17  -4.5721229e-16  2.3777379e-16  7.4436324e-16  -2.2259518e-16  -3.3548603e-16  
4.2223258e-16  -3.8270643e-17  1.0000000   1.5510952e-16  -3.0452343e-16  -1.9527858e-16  -5.5713592e-17  2.9183101e-16  7.5810783e-16  3.5322206e-16  1.4382281e-16  4.2223258e-16  -3.8270643e-17  1.0000000   1.5510952e-16  -3.0452343e-16  -1.9527858e-16  -5.5713592e-17  2.9183101e-16  7.5810783e-16  3.5322206e-16  1.4382281e-16  
-1.2287330e-16  -7.8275162e-17  1.5510952e-16  1.0000000   3.4514856e-16  4.3482352e-16  2.6602552e-17  -4.4426508e-17  -5.0956020e-16  -3.3782215e-16  6.2759551e-16  -1.2287330e-16  -7.8275162e-17  1.5510952e-16  1.0000000   3.4514856e-16  4.3482352e-16  2.6602552e-17  -4.4426508e-17  -5.0956020e-16  -3.3782215e-16  6.2759551e-16  
-2.1797350e-16  -8.3771558e-19  -3.0452343e-16  3.4514856e-16  1.0000000   4.0072562e-16  -2.1177772e-16  5.2679308e-17  3.2633215e-17  2.5059385e-16  -2.5736884e-16  -2.1797350e-16  -8.3771558e-19  -3.0452343e-16  3.4514856e-16  1.0000000   4.0072562e-16  -2.1177772e-16  5.2679308e-17  3.2633215e-17  2.5059385e-16  -2.5736884e-16  
-2.2947375e-16  4.5290852e-17  -1.9527858e-16  4.3482352e-16  4.0072562e-16  1.0000000   -7.8580199e-16  -1.2799303e-16  -1.7066274e-16  -6.4478901e-17  -8.4255214e-17  -2.2947375e-16  4.5290852e-17  -1.9527858e-16  4.3482352e-16  4.0072562e-16  1.0000000   -7.8580199e-16  -1.2799303e-16  -1.7066274e-16  -6.4478901e-17  -8.4255214e-17  
-1.8959681e-16  -4.5721229e-16  -5.5713592e-17  2.6602552e-17  -2.1177772e-16  -7.8580199e-16  1.0000000   6.1313221e-17  1.8484800e-17  1.5425508e-16  8.8430028e-17  -1.8959681e-16  -4.5721229e-16  -5.5713592e-17  2.6602552e-17  -2.1177772e-16  -7.8580199e-16  1.0000000   6.1313221e-17  1.8484800e-17  1.5425508e-16  8.8430028e-17  
8.6769426e-17  2.3777379e-16  2.9183101e-16  -4.4426508e-17  5.2679308e-17  -1.2799303e-16  6.1313221e-17  1.0000000   -3.8525970e-17  -1.8704002e-16  6.2947253e-18  8.6769426e-17  2.3777379e-16  2.9183101e-16  -4.4426508e-17  5.2679308e-17  -1.2799303e-16  6.1313221e-17  1.0000000   -3.8525970e-17  -1.8704002e-16  6.2947253e-18  
-2.6108687e-16  7.4436324e-16  7.5810783e-16  -5.0956020e-16  3.2633215e-17  -1.7066274e-16  1.8484800e-17  -3.8525970e-17  1.0000000   -3.2539152e-16  1.5594724e-16  -2.6108687e-16  7.4436324e-16  7.5810783e-16  -5.0956020e-16  3.2633215e-17  -1.7066274e-16  1.8484800e-17  -3.8525970e-17  1.0000000   -3.2539152e-16  1.5594724e-16  
-2.1383559e-16  -2.2259518e-16  3.5322206e-16  -3.3782215e-16  2.5059385e-16  -6.4478901e-17  1.5425508e-16  -1.8704002e-16  -3.2539152e-16  1.0000000   -2.2858878e-16  -2.1383559e-16  -2.2259518e-16  3.5322206e-16  -3.3782215e-16  2.5059385e-16  -6.4478901e-17  1.5425508e-16  -1.8704002e-16  -3.2539152e-16  1.0000000   -2.2858878e-16  
-1.1782324e-16  -3.3548603e-16  1.4382281e-16  6.2759551e-16  -2.5736884e-16  -8.4255214e-17  8.8430028e-17  6.2947253e-18  1.5594724e-16  -2.2858878e-16  1.0000000   -1.1782324e-16  -3.3548603e-16  1.4382281e-16  6.2759551e-16  -2.5736884e-16  -8.4255214e-17  8.8430028e-17  6.2947253e-18  1.5594724e-16  -2.2858878e-16  1.0000000   
