1.0000000   4.1774267e-16  4.8992174e-16  -1.6113108e-17  2.7277171e-16  3.8936072e-16  -1.7645814e-16  -2.3574621e-16  5.5531734e-16  6.5537057e-17  -4.0183158e-16  1.0000000   4.1774267e-16  4.8992174e-16  -1.6113108e-17  2.7277171e-16  3.8936072e-16  -1.7645814e-16  -2.3574621e-16  5.5531734e-16  6.5537057e-17  -4.0183158e-16  
4.1774267e-16  1.0000000   -3.1888991e-17  -3.6486945e-16  1.6427188e-16  -6.7038592e-16  7.9075184e-17  8.3625191e-16  -4.3432948e-16  -1.5543626e-16  -2.7907443e-16  4.1774267e-16  1.0000000   -3.1888991e-17  -3.6486945e-16  1.6427188e-16  -6.7038592e-16  7.9075184e-17  8.3625191e-16  -4.3432948e-16  -1.5543626e-16  -2.7907443e-16  
4.8992174e-16  -3.1888991e-17  1.0000000   1.3409590e-17  -5.0478113e-16  -1.5856229e-16  -3.0640062e-16  7.0101082e-17  3.8917818e-16  3.5035729e-16  3.7159579e-16  4.8992174e-16  -3.1888991e-17  1.0000000   1.3409590e-17  -5.0478113e-16  -1.5856229e-16  -3.0640062e-16  7.0101082e-17  3.8917818e-16  3.5035729e-16  3.7159579e-16  
-1.6113108e-17  -3.6486945e-16  1.3409590e-17  1.0000000   4.7774988e-17  -7.8386907e-16  6.9545270e-16  2.4371383e-16  2.0719379e-16  -1.2748852e-16  2.4191632e-16  -1.6113108e-17  -3.6486945e-16  1.3409590e-17  1.0000000   4.7774988e-17  -7.8386907e-16  6.9545270e-16  2.4371383e-16  2.0719379e-16  -1.2748852e-16  2.4191632e-16  
2.7277171e-16  1.6427188e-16  -5.0478113e-16  4.7774988e-17  1.0000000   -4.6982165e-17  -2.2286877e-16  3.8119871e-17  5.2719754e-17  1.4331988e-16  -4.6056644e-16  2.7277171e-16  1.6427188e-16  -5.0478113e-16  4.7774988e-17  1.0000000   -4.6982165e-17  -2.2286877e-16  3.8119871e-17  5.2719754e-17  1.4331988e-16  -4.6056644e-16  
3.8936072e-16  -6.7038592e-16  -1.5856229e-16  -7.8386907e-16  -4.6982165e-17  1.0000000   2.9370020e-16  7.2131632e-17  -1.1336223e-16  -3.7150119e-16  -1.9127256e-16  3.8936072e-16  -6.7038592e-16  -1.5856229e-16  -7.8386907e-16  -4.6982165e-17  1.0000000   2.9370020e-16  7.2131632e-17  -1.1336223e-16  -3.7150119e-16  -1.9127256e-16  
-1.7645814e-16  7.9075184e-17  -3.0640062e-16  6.9545270e-16  -2.2286877e-16  2.9370020e-16  1.0000000   -1.5670110e-16  -2.6186108e-16  1.1956982e-16  2.4674557e-16  -1.7645814e-16  7.9075184e-17  -3.0640062e-16  6.9545270e-16  -2.2286877e-16  2.9370020e-16  1.0000000   -1.5670110e-16  -2.6186108e-16  1.1956982e-16  2.4674557e-16  
-2.3574621e-16  8.3625191e-16  7.0101082e-17  2.4371383e-16  3.8119871e-17  7.2131632e-17  -1.5670110e-16  1.0000000   2.7380128e-17  -3.6204094e-17  -4.9499324e-16  -2.3574621e-16  8.3625191e-16  7.0101082e-17  2.4371383e-16  3.8119871e-17  7.2131632e-17  -1.5670110e-16  1.0000000   2.7380128e-17  -3.6204094e-17  -4.9499324e-16  
5.5531734e-16  -4.3432948e-16  3.8917818e-16  2.0719379e-16  5.2719754e-17  -1.1336223e-16  -2.6186108e-16  2.7380128e-17  1.0000000   4.1981737e-16  -4.1283147e-16  5.5531734e-16  -4.3432948e-16  3.8917818e-16  2.0719379e-16  5.2719754e-17  -1.1336223e-16  -2.6186108e-16  2.7380128e-17  1.0000000   4.1981737e-16  -4.1283147e-16  
6.5537057e-17  -1.5543626e-16  3.5035729e-16  -1.2748852e-16  1.4331988e-16  -3.7150119e-16  1.1956982e-16  -3.6204094e-17  4.1981737e-16  1.0000000   3.0171671e-16  6.5537057e-17  -1.5543626e-16  3.5035729e-16  -1.2748852e-16  1.4331988e-16  -3.7150119e-16  1.1956982e-16  -3.6204094e-17  4.1981737e-16  1.0000000   3.0171671e-16  
-4.0183158e-16  -2.7907443e-16  3.7159579e-16  2.4191632e-16  -4.6056644e-16  -1.9127256e-16  2.4674557e-16  -4.9499324e-16  -4.1283147e-16  3.0171671e-16  1.0000000   -4.0183158e-16  -2.7907443e-16  3.7159579e-16  2.4191632e-16  -4.6056644e-16  -1.9127256e-16  2.4674557e-16  -4.9499324e-16  -4.1283147e-16  3.0171671e-16  1.0000000   
1.0000000   4.1774267e-16  4.8992174e-16  -1.6113108e-17  2.7277171e-16  3.8936072e-16  -1.7645814e-16  -2.3574621e-16  5.5531734e-16  6.5537057e-17  -4.0183158e-16  1.0000000   4.1774267e-16  4.8992174e-16  -1.6113108e-17  2.7277171e-16  3.8936072e-16  -1.7645814e-16  -2.3574621e-16  5.5531734e-16  6.5537057e-17  -4.0183158e-16  
4.1774267e-16  1.0000000   -3.1888991e-17  -3.6486945e-16  1.6427188e-16  -6.7038592e-16  7.9075184e-17  8.3625191e-16  -4.3432948e-16  -1.5543626e-16  -2.7907443e-16  4.1774267e-16  1.0000000   -3.1888991e-17  -3.6486945e-16  1.6427188e-16  -6.7038592e-16  7.9075184e-17  8.3625191e-16  -4.3432948e-16  -1.5543626e-16  -2.7907443e-16  
4.8992174e-16  -3.1888991e-17  1.0000000   1.3409590e-17  -5.0478113e-16  -1.5856229e-16  -3.0640062e-16  7.0101082e-17  3.8917818e-16  3.5035729e-16  3.7159579e-16  4.8992174e-16  -3.1888991e-17  1.0000000   1.3409590e-17  -5.0478113e-16  -1.5856229e-16  -3.0640062e-16  7.0101082e-17  3.8917818e-16  3.5035729e-16  3.7159579e-16  
-1.6113108e-17  -3.6486945e-16  1.3409590e-17  1.0000000   4.7774988e-17  -7.8386907e-16  6.9545270e-16  2.4371383e-16  2.0719379e-16  -1.2748852e-16  2.4191632e-16  -1.6113108e-17  -3.6486945e-16  1.3409590e-17  1.0000000   4.7774988e-17  -7.8386907e-16  6.9545270e-16  2.4371383e-16  2.0719379e-16  -1.2748852e-16  2.4191632e-16  
2.7277171e-16  1.6427188e-16  -5.0478113e-16  4.7774988e-17  1.0000000   -4.6982165e-17  -2.2286877e-16  3.8119871e-17  5.2719754e-17  1.4331988e-16  -4.6056644e-16  2.7277171e-16  1.6427188e-16  -5.0478113e-16  4.7774988e-17  1.0000000   -4.6982165e-17  -2.2286877e-16  3.8119871e-17  5.2719754e-17  1.4331988e-16  -4.6056644e-16  
3.8936072e-16  -6.7038592e-16  -1.5856229e-16  -7.8386907e-16  -4.6982165e-17  1.0000000   2.9370020e-16  7.2131632e-17  -1.1336223e-16  -3.7150119e-16  -1.9127256e-16  3.8936072e-16  -6.7038592e-16  -1.5856229e-16  -7.8386907e-16  -4.6982165e-17  1.0000000   2.9370020e-16  7.2131632e-17  -1.1336223e-16  -3.7150119e-16  -1.9127256e-16  
-1.7645814e-16  7.9075184e-17  -3.0640062e-16  6.9545270e-16  -2.2286877e-16  2.9370020e-16  1.0000000   -1.5670110e-16  -2.6186108e-16  1.1956982e-16  2.4674557e-16  -1.7645814e-16  7.9075184e-17  -3.0640062e-16  6.9545270e-16  -2.2286877e-16  2.9370020e-16  1.0000000   -1.5670110e-16  -2.6186108e-16  1.1956982e-16  2.4674557e-16  
-2.3574621e-16  8.3625191e-16  7.0101082e-17  2.4371383e-16  3.8119871e-17  7.2131632e-17  -1.5670110e-16  1.0000000   2.7380128e-17  -3.6204094e-17  -4.9499324e-16  -2.3574621e-16  8.3625191e-16  7.0101082e-17  2.4371383e-16  3.8119871e-17  7.2131632e-17  -1.5670110e-16  1.0000000   2.7380128e-17  -3.6204094e-17  -4.9499324e-16  
5.5531734e-16  -4.3432948e-16  3.8917818e-16  2.0719379e-16  5.2719754e-17  -1.1336223e-16  -2.6186108e-16  2.7380128e-17  1.0000000   4.1981737e-16  -4.1283147e-16  5.5531734e-16  -4.3432948e-16  3.8917818e-16  2.0719379e-16  5.2719754e-17  -1.1336223e-16  -2.6186108e-16  2.7380128e-17  1.0000000   4.1981737e-16  -4.1283147e-16  
6.5537057e-17  -1.5543626e-16  3.5035729e-16  -1.2748852e-16  1.4331988e-16  -3.7150119e-16  1.1956982e-16  -3.6204094e-17  4.1981737e-16  1.0000000   3.0171671e-16  6.5537057e-17  -1.5543626e-16  3.5035729e-16  -1.2748852e-16  1.4331988e-16  -3.7150119e-16  1.1956982e-16  -3.6204094e-17  4.1981737e-16  1.0000000   3.0171671e-16  
-4.0183158e-16  -2.7907443e-16  3.7159579e-16  2.4191632e-16  -4.6056644e-16  -1.9127256e-16  2.4674557e-16  -4.9499324e-16  -4.1283147e-16  3.0171671e-16  1.0000000   -4.0183158e-16  -2.7907443e-16  3.7159579e-16  2.4191632e-16  -4.6056644e-16  -1.9127256e-16  2.4674557e-16  -4.9499324e-16  -4.1283147e-16  3.0171671e-16  1.0000000   
