1.0000000   -3.1421280e-16  -2.0751090e-16  -2.0343307e-16  2.4702212e-16  -5.0325446e-16  -4.2473779e-16  -8.0268230e-17  -3.1680597e-16  -3.6110370e-16  3.2096831e-16  1.0000000   -3.1421280e-16  -2.0751090e-16  -2.0343307e-16  2.4702212e-16  -5.0325446e-16  -4.2473779e-16  -8.0268230e-17  -3.1680597e-16  -3.6110370e-16  3.2096831e-16  
-3.1421280e-16  1.0000000   5.5975325e-17  7.0321903e-16  2.0325826e-16  6.0883034e-17  -2.6084930e-16  -3.4280948e-16  -1.9139927e-16  -1.6851890e-16  2.2173459e-16  -3.1421280e-16  1.0000000   5.5975325e-17  7.0321903e-16  2.0325826e-16  6.0883034e-17  -2.6084930e-16  -3.4280948e-16  -1.9139927e-16  -1.6851890e-16  2.2173459e-16  
-2.0751090e-16  5.5975325e-17  1.0000000   -7.1605878e-16  -4.0391613e-16  -1.5591674e-16  -2.2230041e-16  2.4962527e-16  -4.6669194e-16  2.4128877e-16  -3.3481434e-16  -2.0751090e-16  5.5975325e-17  1.0000000   -7.1605878e-16  -4.0391613e-16  -1.5591674e-16  -2.2230041e-16  2.4962527e-16  -4.6669194e-16  2.4128877e-16  -3.3481434e-16  
-2.0343307e-16  7.0321903e-16  -7.1605878e-16  1.0000000   -1.6774344e-16  2.5175090e-17  2.9584108e-16  -2.7332906e-16  -5.7184184e-16  -1.2555167e-16  -7.8104421e-16  -2.0343307e-16  7.0321903e-16  -7.1605878e-16  1.0000000   -1.6774344e-16  2.5175090e-17  2.9584108e-16  -2.7332906e-16  -5.7184184e-16  -1.2555167e-16  -7.8104421e-16  
2.4702212e-16  2.0325826e-16  -4.0391613e-16  -1.6774344e-16  1.0000000   -5.8333804e-16  2.3242923e-16  1.0770786e-16  -3.9856463e-16  -1.8217053e-16  -5.0929931e-16  2.4702212e-16  2.0325826e-16  -4.0391613e-16  -1.6774344e-16  1.0000000   -5.8333804e-16  2.3242923e-16  1.0770786e-16  -3.9856463e-16  -1.8217053e-16  -5.0929931e-16  
-5.0325446e-16  6.0883034e-17  -1.5591674e-16  2.5175090e-17  -5.8333804e-16  1.0000000   -1.5430187e-16  1.6543909e-16  2.2842599e-16  1.2447996e-17  2.1212246e-17  -5.0325446e-16  6.0883034e-17  -1.5591674e-16  2.5175090e-17  -5.8333804e-16  1.0000000   -1.5430187e-16  1.6543909e-16  2.2842599e-16  1.2447996e-17  2.1212246e-17  
-4.2473779e-16  -2.6084930e-16  -2.2230041e-16  2.9584108e-16  2.3242923e-16  -1.5430187e-16  1.0000000   3.7987268e-16  -5.3140428e-16  3.8937787e-16  -9.0795007e-16  -4.2473779e-16  -2.6084930e-16  -2.2230041e-16  2.9584108e-16  2.3242923e-16  -1.5430187e-16  1.0000000   3.7987268e-16  -5.3140428e-16  3.8937787e-16  -9.0795007e-16  
-8.0268230e-17  -3.4280948e-16  2.4962527e-16  -2.7332906e-16  1.0770786e-16  1.6543909e-16  3.7987268e-16  1.0000000   3.0491323e-16  7.5280900e-17  -7.1444942e-16  -8.0268230e-17  -3.4280948e-16  2.4962527e-16  -2.7332906e-16  1.0770786e-16  1.6543909e-16  3.7987268e-16  1.0000000   3.0491323e-16  7.5280900e-17  -7.1444942e-16  
-3.1680597e-16  -1.9139927e-16  -4.6669194e-16  -5.7184184e-16  -3.9856463e-16  2.2842599e-16  -5.3140428e-16  3.0491323e-16  1.0000000   -5.8076920e-17  -4.2603041e-16  -3.1680597e-16  -1.9139927e-16  -4.6669194e-16  -5.7184184e-16  -3.9856463e-16  2.2842599e-16  -5.3140428e-16  3.0491323e-16  1.0000000   -5.8076920e-17  -4.2603041e-16  
-3.6110370e-16  -1.6851890e-16  2.4128877e-16  -1.2555167e-16  -1.8217053e-16  1.2447996e-17  3.8937787e-16  7.5280900e-17  -5.8076920e-17  1.0000000   -1.9442625e-16  -3.6110370e-16  -1.6851890e-16  2.4128877e-16  -1.2555167e-16  -1.8217053e-16  1.2447996e-17  3.8937787e-16  7.5280900e-17  -5.8076920e-17  1.0000000   -1.9442625e-16  
3.2096831e-16  2.2173459e-16  -3.3481434e-16  -7.8104421e-16  -5.0929931e-16  2.1212246e-17  -9.0795007e-16  -7.1444942e-16  -4.2603041e-16  -1.9442625e-16  1.0000000   3.2096831e-16  2.2173459e-16  -3.3481434e-16  -7.8104421e-16  -5.0929931e-16  2.1212246e-17  -9.0795007e-16  -7.1444942e-16  -4.2603041e-16  -1.9442625e-16  1.0000000   
1.0000000   -3.1421280e-16  -2.0751090e-16  -2.0343307e-16  2.4702212e-16  -5.0325446e-16  -4.2473779e-16  -8.0268230e-17  -3.1680597e-16  -3.6110370e-16  3.2096831e-16  1.0000000   -3.1421280e-16  -2.0751090e-16  -2.0343307e-16  2.4702212e-16  -5.0325446e-16  -4.2473779e-16  -8.0268230e-17  -3.1680597e-16  -3.6110370e-16  3.2096831e-16  
-3.1421280e-16  1.0000000   5.5975325e-17  7.0321903e-16  2.0325826e-16  6.0883034e-17  -2.6084930e-16  -3.4280948e-16  -1.9139927e-16  -1.6851890e-16  2.2173459e-16  -3.1421280e-16  1.0000000   5.5975325e-17  7.0321903e-16  2.0325826e-16  6.0883034e-17  -2.6084930e-16  -3.4280948e-16  -1.9139927e-16  -1.6851890e-16  2.2173459e-16  
-2.0751090e-16  5.5975325e-17  1.0000000   -7.1605878e-16  -4.0391613e-16  -1.5591674e-16  -2.2230041e-16  2.4962527e-16  -4.6669194e-16  2.4128877e-16  -3.3481434e-16  -2.0751090e-16  5.5975325e-17  1.0000000   -7.1605878e-16  -4.0391613e-16  -1.5591674e-16  -2.2230041e-16  2.4962527e-16  -4.6669194e-16  2.4128877e-16  -3.3481434e-16  
-2.0343307e-16  7.0321903e-16  -7.1605878e-16  1.0000000   -1.6774344e-16  2.5175090e-17  2.9584108e-16  -2.7332906e-16  -5.7184184e-16  -1.2555167e-16  -7.8104421e-16  -2.0343307e-16  7.0321903e-16  -7.1605878e-16  1.0000000   -1.6774344e-16  2.5175090e-17  2.9584108e-16  -2.7332906e-16  -5.7184184e-16  -1.2555167e-16  -7.8104421e-16  
2.4702212e-16  2.0325826e-16  -4.0391613e-16  -1.6774344e-16  1.0000000   -5.8333804e-16  2.3242923e-16  1.0770786e-16  -3.9856463e-16  -1.8217053e-16  -5.0929931e-16  2.4702212e-16  2.0325826e-16  -4.0391613e-16  -1.6774344e-16  1.0000000   -5.8333804e-16  2.3242923e-16  1.0770786e-16  -3.9856463e-16  -1.8217053e-16  -5.0929931e-16  
-5.0325446e-16  6.0883034e-17  -1.5591674e-16  2.5175090e-17  -5.8333804e-16  1.0000000   -1.5430187e-16  1.6543909e-16  2.2842599e-16  1.2447996e-17  2.1212246e-17  -5.0325446e-16  6.0883034e-17  -1.5591674e-16  2.5175090e-17  -5.8333804e-16  1.0000000   -1.5430187e-16  1.6543909e-16  2.2842599e-16  1.2447996e-17  2.1212246e-17  
-4.2473779e-16  -2.6084930e-16  -2.2230041e-16  2.9584108e-16  2.3242923e-16  -1.5430187e-16  1.0000000   3.7987268e-16  -5.3140428e-16  3.8937787e-16  -9.0795007e-16  -4.2473779e-16  -2.6084930e-16  -2.2230041e-16  2.9584108e-16  2.3242923e-16  -1.5430187e-16  1.0000000   3.7987268e-16  -5.3140428e-16  3.8937787e-16  -9.0795007e-16  
-8.0268230e-17  -3.4280948e-16  2.4962527e-16  -2.7332906e-16  1.0770786e-16  1.6543909e-16  3.7987268e-16  1.0000000   3.0491323e-16  7.5280900e-17  -7.1444942e-16  -8.0268230e-17  -3.4280948e-16  2.4962527e-16  -2.7332906e-16  1.0770786e-16  1.6543909e-16  3.7987268e-16  1.0000000   3.0491323e-16  7.5280900e-17  -7.1444942e-16  
-3.1680597e-16  -1.9139927e-16  -4.6669194e-16  -5.7184184e-16  -3.9856463e-16  2.2842599e-16  -5.3140428e-16  3.0491323e-16  1.0000000   -5.8076920e-17  -4.2603041e-16  -3.1680597e-16  -1.9139927e-16  -4.6669194e-16  -5.7184184e-16  -3.9856463e-16  2.2842599e-16  -5.3140428e-16  3.0491323e-16  1.0000000   -5.8076920e-17  -4.2603041e-16  
-3.6110370e-16  -1.6851890e-16  2.4128877e-16  -1.2555167e-16  -1.8217053e-16  1.2447996e-17  3.8937787e-16  7.5280900e-17  -5.8076920e-17  1.0000000   -1.9442625e-16  -3.6110370e-16  -1.6851890e-16  2.4128877e-16  -1.2555167e-16  -1.8217053e-16  1.2447996e-17  3.8937787e-16  7.5280900e-17  -5.8076920e-17  1.0000000   -1.9442625e-16  
3.2096831e-16  2.2173459e-16  -3.3481434e-16  -7.8104421e-16  -5.0929931e-16  2.1212246e-17  -9.0795007e-16  -7.1444942e-16  -4.2603041e-16  -1.9442625e-16  1.0000000   3.2096831e-16  2.2173459e-16  -3.3481434e-16  -7.8104421e-16  -5.0929931e-16  2.1212246e-17  -9.0795007e-16  -7.1444942e-16  -4.2603041e-16  -1.9442625e-16  1.0000000   
