1.0000000   -2.7271210e-16  2.9734393e-16  -5.6218593e-16  -6.9474913e-17  5.7114309e-16  -4.5805340e-16  -2.5647649e-16  -3.0022236e-17  -1.8472486e-16  1.0542680e-16  1.0000000   -2.7271210e-16  2.9734393e-16  -5.6218593e-16  -6.9474913e-17  5.7114309e-16  -4.5805340e-16  -2.5647649e-16  -3.0022236e-17  -1.8472486e-16  1.0542680e-16  
-2.7271210e-16  1.0000000   -1.3714183e-16  -3.5189776e-16  -1.7335689e-16  1.5754585e-16  -2.8632149e-16  4.4947454e-16  2.5692627e-18  3.4316444e-16  -2.3726261e-16  -2.7271210e-16  1.0000000   -1.3714183e-16  -3.5189776e-16  -1.7335689e-16  1.5754585e-16  -2.8632149e-16  4.4947454e-16  2.5692627e-18  3.4316444e-16  -2.3726261e-16  
2.9734393e-16  -1.3714183e-16  1.0000000   2.5769303e-16  -1.6926646e-16  -3.2289676e-16  1.0018145e-16  2.9048709e-16  -7.3829059e-17  -3.5533874e-16  1.8458748e-16  2.9734393e-16  -1.3714183e-16  1.0000000   2.5769303e-16  -1.6926646e-16  -3.2289676e-16  1.0018145e-16  2.9048709e-16  -7.3829059e-17  -3.5533874e-16  1.8458748e-16  
-5.6218593e-16  -3.5189776e-16  2.5769303e-16  1.0000000   -6.9204259e-17  -2.0558026e-17  -3.5205866e-16  3.1611735e-16  1.6360812e-17  2.7316400e-16  -3.0817981e-16  -5.6218593e-16  -3.5189776e-16  2.5769303e-16  1.0000000   -6.9204259e-17  -2.0558026e-17  -3.5205866e-16  3.1611735e-16  1.6360812e-17  2.7316400e-16  -3.0817981e-16  
-6.9474913e-17  -1.7335689e-16  -1.6926646e-16  -6.9204259e-17  1.0000000   9.5471353e-17  8.5531693e-17  7.4215333e-17  -2.3089070e-16  8.1650175e-16  -6.2880761e-16  -6.9474913e-17  -1.7335689e-16  -1.6926646e-16  -6.9204259e-17  1.0000000   9.5471353e-17  8.5531693e-17  7.4215333e-17  -2.3089070e-16  8.1650175e-16  -6.2880761e-16  
5.7114309e-16  1.5754585e-16  -3.2289676e-16  -2.0558026e-17  9.5471353e-17  1.0000000   -5.7116596e-17  4.3020449e-16  -5.5647600e-17  -3.3587229e-16  4.5137502e-16  5.7114309e-16  1.5754585e-16  -3.2289676e-16  -2.0558026e-17  9.5471353e-17  1.0000000   -5.7116596e-17  4.3020449e-16  -5.5647600e-17  -3.3587229e-16  4.5137502e-16  
-4.5805340e-16  -2.8632149e-16  1.0018145e-16  -3.5205866e-16  8.5531693e-17  -5.7116596e-17  1.0000000   1.5144949e-16  -1.2087150e-16  1.0276797e-16  4.4678108e-16  -4.5805340e-16  -2.8632149e-16  1.0018145e-16  -3.5205866e-16  8.5531693e-17  -5.7116596e-17  1.0000000   1.5144949e-16  -1.2087150e-16  1.0276797e-16  4.4678108e-16  
-2.5647649e-16  4.4947454e-16  2.9048709e-16  3.1611735e-16  7.4215333e-17  4.3020449e-16  1.5144949e-16  1.0000000   4.8903871e-17  -1.4995660e-16  5.8267905e-16  -2.5647649e-16  4.4947454e-16  2.9048709e-16  3.1611735e-16  7.4215333e-17  4.3020449e-16  1.5144949e-16  1.0000000   4.8903871e-17  -1.4995660e-16  5.8267905e-16  
-3.0022236e-17  2.5692627e-18  -7.3829059e-17  1.6360812e-17  -2.3089070e-16  -5.5647600e-17  -1.2087150e-16  4.8903871e-17  1.0000000   8.3360647e-16  5.6201490e-16  -3.0022236e-17  2.5692627e-18  -7.3829059e-17  1.6360812e-17  -2.3089070e-16  -5.5647600e-17  -1.2087150e-16  4.8903871e-17  1.0000000   8.3360647e-16  5.6201490e-16  
-1.8472486e-16  3.4316444e-16  -3.5533874e-16  2.7316400e-16  8.1650175e-16  -3.3587229e-16  1.0276797e-16  -1.4995660e-16  8.3360647e-16  1.0000000   3.9923034e-16  -1.8472486e-16  3.4316444e-16  -3.5533874e-16  2.7316400e-16  8.1650175e-16  -3.3587229e-16  1.0276797e-16  -1.4995660e-16  8.3360647e-16  1.0000000   3.9923034e-16  
1.0542680e-16  -2.3726261e-16  1.8458748e-16  -3.0817981e-16  -6.2880761e-16  4.5137502e-16  4.4678108e-16  5.8267905e-16  5.6201490e-16  3.9923034e-16  1.0000000   1.0542680e-16  -2.3726261e-16  1.8458748e-16  -3.0817981e-16  -6.2880761e-16  4.5137502e-16  4.4678108e-16  5.8267905e-16  5.6201490e-16  3.9923034e-16  1.0000000   
1.0000000   -2.7271210e-16  2.9734393e-16  -5.6218593e-16  -6.9474913e-17  5.7114309e-16  -4.5805340e-16  -2.5647649e-16  -3.0022236e-17  -1.8472486e-16  1.0542680e-16  1.0000000   -2.7271210e-16  2.9734393e-16  -5.6218593e-16  -6.9474913e-17  5.7114309e-16  -4.5805340e-16  -2.5647649e-16  -3.0022236e-17  -1.8472486e-16  1.0542680e-16  
-2.7271210e-16  1.0000000   -1.3714183e-16  -3.5189776e-16  -1.7335689e-16  1.5754585e-16  -2.8632149e-16  4.4947454e-16  2.5692627e-18  3.4316444e-16  -2.3726261e-16  -2.7271210e-16  1.0000000   -1.3714183e-16  -3.5189776e-16  -1.7335689e-16  1.5754585e-16  -2.8632149e-16  4.4947454e-16  2.5692627e-18  3.4316444e-16  -2.3726261e-16  
2.9734393e-16  -1.3714183e-16  1.0000000   2.5769303e-16  -1.6926646e-16  -3.2289676e-16  1.0018145e-16  2.9048709e-16  -7.3829059e-17  -3.5533874e-16  1.8458748e-16  2.9734393e-16  -1.3714183e-16  1.0000000   2.5769303e-16  -1.6926646e-16  -3.2289676e-16  1.0018145e-16  2.9048709e-16  -7.3829059e-17  -3.5533874e-16  1.8458748e-16  
-5.6218593e-16  -3.5189776e-16  2.5769303e-16  1.0000000   -6.9204259e-17  -2.0558026e-17  -3.5205866e-16  3.1611735e-16  1.6360812e-17  2.7316400e-16  -3.0817981e-16  -5.6218593e-16  -3.5189776e-16  2.5769303e-16  1.0000000   -6.9204259e-17  -2.0558026e-17  -3.5205866e-16  3.1611735e-16  1.6360812e-17  2.7316400e-16  -3.0817981e-16  
-6.9474913e-17  -1.7335689e-16  -1.6926646e-16  -6.9204259e-17  1.0000000   9.5471353e-17  8.5531693e-17  7.4215333e-17  -2.3089070e-16  8.1650175e-16  -6.2880761e-16  -6.9474913e-17  -1.7335689e-16  -1.6926646e-16  -6.9204259e-17  1.0000000   9.5471353e-17  8.5531693e-17  7.4215333e-17  -2.3089070e-16  8.1650175e-16  -6.2880761e-16  
5.7114309e-16  1.5754585e-16  -3.2289676e-16  -2.0558026e-17  9.5471353e-17  1.0000000   -5.7116596e-17  4.3020449e-16  -5.5647600e-17  -3.3587229e-16  4.5137502e-16  5.7114309e-16  1.5754585e-16  -3.2289676e-16  -2.0558026e-17  9.5471353e-17  1.0000000   -5.7116596e-17  4.3020449e-16  -5.5647600e-17  -3.3587229e-16  4.5137502e-16  
-4.5805340e-16  -2.8632149e-16  1.0018145e-16  -3.5205866e-16  8.5531693e-17  -5.7116596e-17  1.0000000   1.5144949e-16  -1.2087150e-16  1.0276797e-16  4.4678108e-16  -4.5805340e-16  -2.8632149e-16  1.0018145e-16  -3.5205866e-16  8.5531693e-17  -5.7116596e-17  1.0000000   1.5144949e-16  -1.2087150e-16  1.0276797e-16  4.4678108e-16  
-2.5647649e-16  4.4947454e-16  2.9048709e-16  3.1611735e-16  7.4215333e-17  4.3020449e-16  1.5144949e-16  1.0000000   4.8903871e-17  -1.4995660e-16  5.8267905e-16  -2.5647649e-16  4.4947454e-16  2.9048709e-16  3.1611735e-16  7.4215333e-17  4.3020449e-16  1.5144949e-16  1.0000000   4.8903871e-17  -1.4995660e-16  5.8267905e-16  
-3.0022236e-17  2.5692627e-18  -7.3829059e-17  1.6360812e-17  -2.3089070e-16  -5.5647600e-17  -1.2087150e-16  4.8903871e-17  1.0000000   8.3360647e-16  5.6201490e-16  -3.0022236e-17  2.5692627e-18  -7.3829059e-17  1.6360812e-17  -2.3089070e-16  -5.5647600e-17  -1.2087150e-16  4.8903871e-17  1.0000000   8.3360647e-16  5.6201490e-16  
-1.8472486e-16  3.4316444e-16  -3.5533874e-16  2.7316400e-16  8.1650175e-16  -3.3587229e-16  1.0276797e-16  -1.4995660e-16  8.3360647e-16  1.0000000   3.9923034e-16  -1.8472486e-16  3.4316444e-16  -3.5533874e-16  2.7316400e-16  8.1650175e-16  -3.3587229e-16  1.0276797e-16  -1.4995660e-16  8.3360647e-16  1.0000000   3.9923034e-16  
1.0542680e-16  -2.3726261e-16  1.8458748e-16  -3.0817981e-16  -6.2880761e-16  4.5137502e-16  4.4678108e-16  5.8267905e-16  5.6201490e-16  3.9923034e-16  1.0000000   1.0542680e-16  -2.3726261e-16  1.8458748e-16  -3.0817981e-16  -6.2880761e-16  4.5137502e-16  4.4678108e-16  5.8267905e-16  5.6201490e-16  3.9923034e-16  1.0000000   
