1.0000000   1.3967732e-16  -1.0416552e-16  2.7312302e-16  1.4956654e-16  5.4022025e-16  -2.6788539e-16  -5.5888637e-17  4.1620880e-16  -1.1568114e-16  3.1835395e-16  1.0000000   1.3967732e-16  -1.0416552e-16  2.7312302e-16  1.4956654e-16  5.4022025e-16  -2.6788539e-16  -5.5888637e-17  4.1620880e-16  -1.1568114e-16  3.1835395e-16  
1.3967732e-16  1.0000000   2.4580388e-16  -7.4585486e-18  -8.8700231e-17  2.8207383e-16  -3.0542653e-16  1.8626339e-16  -1.8386290e-16  3.0115409e-17  -4.9072684e-16  1.3967732e-16  1.0000000   2.4580388e-16  -7.4585486e-18  -8.8700231e-17  2.8207383e-16  -3.0542653e-16  1.8626339e-16  -1.8386290e-16  3.0115409e-17  -4.9072684e-16  
-1.0416552e-16  2.4580388e-16  1.0000000   7.2290048e-16  4.2072868e-16  1.3912304e-16  -5.2940067e-16  -2.0651701e-16  -1.9570823e-16  5.6973723e-16  3.9156978e-16  -1.0416552e-16  2.4580388e-16  1.0000000   7.2290048e-16  4.2072868e-16  1.3912304e-16  -5.2940067e-16  -2.0651701e-16  -1.9570823e-16  5.6973723e-16  3.9156978e-16  
2.7312302e-16  -7.4585486e-18  7.2290048e-16  1.0000000   6.2837986e-17  3.6118226e-16  -1.0640428e-16  2.4613570e-16  3.9671042e-16  5.5809307e-17  -5.8810853e-16  2.7312302e-16  -7.4585486e-18  7.2290048e-16  1.0000000   6.2837986e-17  3.6118226e-16  -1.0640428e-16  2.4613570e-16  3.9671042e-16  5.5809307e-17  -5.8810853e-16  
1.4956654e-16  -8.8700231e-17  4.2072868e-16  6.2837986e-17  1.0000000   -1.0205455e-16  1.9332680e-16  -1.0021670e-17  -3.8593320e-16  5.3849357e-16  -6.2541016e-16  1.4956654e-16  -8.8700231e-17  4.2072868e-16  6.2837986e-17  1.0000000   -1.0205455e-16  1.9332680e-16  -1.0021670e-17  -3.8593320e-16  5.3849357e-16  -6.2541016e-16  
5.4022025e-16  2.8207383e-16  1.3912304e-16  3.6118226e-16  -1.0205455e-16  1.0000000   1.6396610e-16  -2.1842375e-16  -1.9934963e-16  3.6192193e-16  6.8081755e-16  5.4022025e-16  2.8207383e-16  1.3912304e-16  3.6118226e-16  -1.0205455e-16  1.0000000   1.6396610e-16  -2.1842375e-16  -1.9934963e-16  3.6192193e-16  6.8081755e-16  
-2.6788539e-16  -3.0542653e-16  -5.2940067e-16  -1.0640428e-16  1.9332680e-16  1.6396610e-16  1.0000000   -7.9756199e-17  -1.2906792e-16  1.1593446e-16  2.2233048e-16  -2.6788539e-16  -3.0542653e-16  -5.2940067e-16  -1.0640428e-16  1.9332680e-16  1.6396610e-16  1.0000000   -7.9756199e-17  -1.2906792e-16  1.1593446e-16  2.2233048e-16  
-5.5888637e-17  1.8626339e-16  -2.0651701e-16  2.4613570e-16  -1.0021670e-17  -2.1842375e-16  -7.9756199e-17  1.0000000   4.7518294e-16  -1.3477438e-16  -6.5490470e-17  -5.5888637e-17  1.8626339e-16  -2.0651701e-16  2.4613570e-16  -1.0021670e-17  -2.1842375e-16  -7.9756199e-17  1.0000000   4.7518294e-16  -1.3477438e-16  -6.5490470e-17  
4.1620880e-16  -1.8386290e-16  -1.9570823e-16  3.9671042e-16  -3.8593320e-16  -1.9934963e-16  -1.2906792e-16  4.7518294e-16  1.0000000   2.5611651e-16  1.5803094e-17  4.1620880e-16  -1.8386290e-16  -1.9570823e-16  3.9671042e-16  -3.8593320e-16  -1.9934963e-16  -1.2906792e-16  4.7518294e-16  1.0000000   2.5611651e-16  1.5803094e-17  
-1.1568114e-16  3.0115409e-17  5.6973723e-16  5.5809307e-17  5.3849357e-16  3.6192193e-16  1.1593446e-16  -1.3477438e-16  2.5611651e-16  1.0000000   -1.2192362e-16  -1.1568114e-16  3.0115409e-17  5.6973723e-16  5.5809307e-17  5.3849357e-16  3.6192193e-16  1.1593446e-16  -1.3477438e-16  2.5611651e-16  1.0000000   -1.2192362e-16  
3.1835395e-16  -4.9072684e-16  3.9156978e-16  -5.8810853e-16  -6.2541016e-16  6.8081755e-16  2.2233048e-16  -6.5490470e-17  1.5803094e-17  -1.2192362e-16  1.0000000   3.1835395e-16  -4.9072684e-16  3.9156978e-16  -5.8810853e-16  -6.2541016e-16  6.8081755e-16  2.2233048e-16  -6.5490470e-17  1.5803094e-17  -1.2192362e-16  1.0000000   
1.0000000   1.3967732e-16  -1.0416552e-16  2.7312302e-16  1.4956654e-16  5.4022025e-16  -2.6788539e-16  -5.5888637e-17  4.1620880e-16  -1.1568114e-16  3.1835395e-16  1.0000000   1.3967732e-16  -1.0416552e-16  2.7312302e-16  1.4956654e-16  5.4022025e-16  -2.6788539e-16  -5.5888637e-17  4.1620880e-16  -1.1568114e-16  3.1835395e-16  
1.3967732e-16  1.0000000   2.4580388e-16  -7.4585486e-18  -8.8700231e-17  2.8207383e-16  -3.0542653e-16  1.8626339e-16  -1.8386290e-16  3.0115409e-17  -4.9072684e-16  1.3967732e-16  1.0000000   2.4580388e-16  -7.4585486e-18  -8.8700231e-17  2.8207383e-16  -3.0542653e-16  1.8626339e-16  -1.8386290e-16  3.0115409e-17  -4.9072684e-16  
-1.0416552e-16  2.4580388e-16  1.0000000   7.2290048e-16  4.2072868e-16  1.3912304e-16  -5.2940067e-16  -2.0651701e-16  -1.9570823e-16  5.6973723e-16  3.9156978e-16  -1.0416552e-16  2.4580388e-16  1.0000000   7.2290048e-16  4.2072868e-16  1.3912304e-16  -5.2940067e-16  -2.0651701e-16  -1.9570823e-16  5.6973723e-16  3.9156978e-16  
2.7312302e-16  -7.4585486e-18  7.2290048e-16  1.0000000   6.2837986e-17  3.6118226e-16  -1.0640428e-16  2.4613570e-16  3.9671042e-16  5.5809307e-17  -5.8810853e-16  2.7312302e-16  -7.4585486e-18  7.2290048e-16  1.0000000   6.2837986e-17  3.6118226e-16  -1.0640428e-16  2.4613570e-16  3.9671042e-16  5.5809307e-17  -5.8810853e-16  
1.4956654e-16  -8.8700231e-17  4.2072868e-16  6.2837986e-17  1.0000000   -1.0205455e-16  1.9332680e-16  -1.0021670e-17  -3.8593320e-16  5.3849357e-16  -6.2541016e-16  1.4956654e-16  -8.8700231e-17  4.2072868e-16  6.2837986e-17  1.0000000   -1.0205455e-16  1.9332680e-16  -1.0021670e-17  -3.8593320e-16  5.3849357e-16  -6.2541016e-16  
5.4022025e-16  2.8207383e-16  1.3912304e-16  3.6118226e-16  -1.0205455e-16  1.0000000   1.6396610e-16  -2.1842375e-16  -1.9934963e-16  3.6192193e-16  6.8081755e-16  5.4022025e-16  2.8207383e-16  1.3912304e-16  3.6118226e-16  -1.0205455e-16  1.0000000   1.6396610e-16  -2.1842375e-16  -1.9934963e-16  3.6192193e-16  6.8081755e-16  
-2.6788539e-16  -3.0542653e-16  -5.2940067e-16  -1.0640428e-16  1.9332680e-16  1.6396610e-16  1.0000000   -7.9756199e-17  -1.2906792e-16  1.1593446e-16  2.2233048e-16  -2.6788539e-16  -3.0542653e-16  -5.2940067e-16  -1.0640428e-16  1.9332680e-16  1.6396610e-16  1.0000000   -7.9756199e-17  -1.2906792e-16  1.1593446e-16  2.2233048e-16  
-5.5888637e-17  1.8626339e-16  -2.0651701e-16  2.4613570e-16  -1.0021670e-17  -2.1842375e-16  -7.9756199e-17  1.0000000   4.7518294e-16  -1.3477438e-16  -6.5490470e-17  -5.5888637e-17  1.8626339e-16  -2.0651701e-16  2.4613570e-16  -1.0021670e-17  -2.1842375e-16  -7.9756199e-17  1.0000000   4.7518294e-16  -1.3477438e-16  -6.5490470e-17  
4.1620880e-16  -1.8386290e-16  -1.9570823e-16  3.9671042e-16  -3.8593320e-16  -1.9934963e-16  -1.2906792e-16  4.7518294e-16  1.0000000   2.5611651e-16  1.5803094e-17  4.1620880e-16  -1.8386290e-16  -1.9570823e-16  3.9671042e-16  -3.8593320e-16  -1.9934963e-16  -1.2906792e-16  4.7518294e-16  1.0000000   2.5611651e-16  1.5803094e-17  
-1.1568114e-16  3.0115409e-17  5.6973723e-16  5.5809307e-17  5.3849357e-16  3.6192193e-16  1.1593446e-16  -1.3477438e-16  2.5611651e-16  1.0000000   -1.2192362e-16  -1.1568114e-16  3.0115409e-17  5.6973723e-16  5.5809307e-17  5.3849357e-16  3.6192193e-16  1.1593446e-16  -1.3477438e-16  2.5611651e-16  1.0000000   -1.2192362e-16  
3.1835395e-16  -4.9072684e-16  3.9156978e-16  -5.8810853e-16  -6.2541016e-16  6.8081755e-16  2.2233048e-16  -6.5490470e-17  1.5803094e-17  -1.2192362e-16  1.0000000   3.1835395e-16  -4.9072684e-16  3.9156978e-16  -5.8810853e-16  -6.2541016e-16  6.8081755e-16  2.2233048e-16  -6.5490470e-17  1.5803094e-17  -1.2192362e-16  1.0000000   
