1.0000000   -3.4903644e-16  4.0287259e-16  -2.6937257e-16  5.1955392e-16  6.7293266e-16  3.9119963e-16  -1.7607359e-16  -8.9885442e-17  -1.6895660e-16  1.0990549e-16  1.0000000   -3.4903644e-16  4.0287259e-16  -2.6937257e-16  5.1955392e-16  6.7293266e-16  3.9119963e-16  -1.7607359e-16  -8.9885442e-17  -1.6895660e-16  1.0990549e-16  
-3.4903644e-16  1.0000000   -5.1053704e-16  7.4798515e-17  -1.0871753e-16  3.9269072e-16  1.3817606e-16  -5.0847875e-16  -3.4996627e-16  1.7113634e-16  -1.5141010e-16  -3.4903644e-16  1.0000000   -5.1053704e-16  7.4798515e-17  -1.0871753e-16  3.9269072e-16  1.3817606e-16  -5.0847875e-16  -3.4996627e-16  1.7113634e-16  -1.5141010e-16  
4.0287259e-16  -5.1053704e-16  1.0000000   -8.4800227e-17  8.6398880e-16  -7.4184100e-16  4.2108464e-16  1.4421202e-16  1.2199392e-17  -2.2388939e-16  -3.2306811e-16  4.0287259e-16  -5.1053704e-16  1.0000000   -8.4800227e-17  8.6398880e-16  -7.4184100e-16  4.2108464e-16  1.4421202e-16  1.2199392e-17  -2.2388939e-16  -3.2306811e-16  
-2.6937257e-16  7.4798515e-17  -8.4800227e-17  1.0000000   7.6007654e-17  1.8711278e-16  -6.3589643e-16  1.1941216e-16  -1.2985354e-16  7.4623603e-18  -2.1800849e-16  -2.6937257e-16  7.4798515e-17  -8.4800227e-17  1.0000000   7.6007654e-17  1.8711278e-16  -6.3589643e-16  1.1941216e-16  -1.2985354e-16  7.4623603e-18  -2.1800849e-16  
5.1955392e-16  -1.0871753e-16  8.6398880e-16  7.6007654e-17  1.0000000   -3.6027752e-17  2.0679632e-16  -4.5383178e-17  1.4909474e-17  -5.0313122e-17  -5.4826749e-16  5.1955392e-16  -1.0871753e-16  8.6398880e-16  7.6007654e-17  1.0000000   -3.6027752e-17  2.0679632e-16  -4.5383178e-17  1.4909474e-17  -5.0313122e-17  -5.4826749e-16  
6.7293266e-16  3.9269072e-16  -7.4184100e-16  1.8711278e-16  -3.6027752e-17  1.0000000   3.6863371e-16  -2.7880619e-17  -3.7323302e-16  3.7025007e-16  1.4402154e-16  6.7293266e-16  3.9269072e-16  -7.4184100e-16  1.8711278e-16  -3.6027752e-17  1.0000000   3.6863371e-16  -2.7880619e-17  -3.7323302e-16  3.7025007e-16  1.4402154e-16  
3.9119963e-16  1.3817606e-16  4.2108464e-16  -6.3589643e-16  2.0679632e-16  3.6863371e-16  1.0000000   -2.8347143e-16  8.8801240e-17  5.6948566e-17  5.1510615e-16  3.9119963e-16  1.3817606e-16  4.2108464e-16  -6.3589643e-16  2.0679632e-16  3.6863371e-16  1.0000000   -2.8347143e-16  8.8801240e-17  5.6948566e-17  5.1510615e-16  
-1.7607359e-16  -5.0847875e-16  1.4421202e-16  1.1941216e-16  -4.5383178e-17  -2.7880619e-17  -2.8347143e-16  1.0000000   -3.5162455e-17  5.9724293e-17  -1.3335179e-16  -1.7607359e-16  -5.0847875e-16  1.4421202e-16  1.1941216e-16  -4.5383178e-17  -2.7880619e-17  -2.8347143e-16  1.0000000   -3.5162455e-17  5.9724293e-17  -1.3335179e-16  
-8.9885442e-17  -3.4996627e-16  1.2199392e-17  -1.2985354e-16  1.4909474e-17  -3.7323302e-16  8.8801240e-17  -3.5162455e-17  1.0000000   2.0082579e-16  6.6141457e-16  -8.9885442e-17  -3.4996627e-16  1.2199392e-17  -1.2985354e-16  1.4909474e-17  -3.7323302e-16  8.8801240e-17  -3.5162455e-17  1.0000000   2.0082579e-16  6.6141457e-16  
-1.6895660e-16  1.7113634e-16  -2.2388939e-16  7.4623603e-18  -5.0313122e-17  3.7025007e-16  5.6948566e-17  5.9724293e-17  2.0082579e-16  1.0000000   -9.1696547e-16  -1.6895660e-16  1.7113634e-16  -2.2388939e-16  7.4623603e-18  -5.0313122e-17  3.7025007e-16  5.6948566e-17  5.9724293e-17  2.0082579e-16  1.0000000   -9.1696547e-16  
1.0990549e-16  -1.5141010e-16  -3.2306811e-16  -2.1800849e-16  -5.4826749e-16  1.4402154e-16  5.1510615e-16  -1.3335179e-16  6.6141457e-16  -9.1696547e-16  1.0000000   1.0990549e-16  -1.5141010e-16  -3.2306811e-16  -2.1800849e-16  -5.4826749e-16  1.4402154e-16  5.1510615e-16  -1.3335179e-16  6.6141457e-16  -9.1696547e-16  1.0000000   
1.0000000   -3.4903644e-16  4.0287259e-16  -2.6937257e-16  5.1955392e-16  6.7293266e-16  3.9119963e-16  -1.7607359e-16  -8.9885442e-17  -1.6895660e-16  1.0990549e-16  1.0000000   -3.4903644e-16  4.0287259e-16  -2.6937257e-16  5.1955392e-16  6.7293266e-16  3.9119963e-16  -1.7607359e-16  -8.9885442e-17  -1.6895660e-16  1.0990549e-16  
-3.4903644e-16  1.0000000   -5.1053704e-16  7.4798515e-17  -1.0871753e-16  3.9269072e-16  1.3817606e-16  -5.0847875e-16  -3.4996627e-16  1.7113634e-16  -1.5141010e-16  -3.4903644e-16  1.0000000   -5.1053704e-16  7.4798515e-17  -1.0871753e-16  3.9269072e-16  1.3817606e-16  -5.0847875e-16  -3.4996627e-16  1.7113634e-16  -1.5141010e-16  
4.0287259e-16  -5.1053704e-16  1.0000000   -8.4800227e-17  8.6398880e-16  -7.4184100e-16  4.2108464e-16  1.4421202e-16  1.2199392e-17  -2.2388939e-16  -3.2306811e-16  4.0287259e-16  -5.1053704e-16  1.0000000   -8.4800227e-17  8.6398880e-16  -7.4184100e-16  4.2108464e-16  1.4421202e-16  1.2199392e-17  -2.2388939e-16  -3.2306811e-16  
-2.6937257e-16  7.4798515e-17  -8.4800227e-17  1.0000000   7.6007654e-17  1.8711278e-16  -6.3589643e-16  1.1941216e-16  -1.2985354e-16  7.4623603e-18  -2.1800849e-16  -2.6937257e-16  7.4798515e-17  -8.4800227e-17  1.0000000   7.6007654e-17  1.8711278e-16  -6.3589643e-16  1.1941216e-16  -1.2985354e-16  7.4623603e-18  -2.1800849e-16  
5.1955392e-16  -1.0871753e-16  8.6398880e-16  7.6007654e-17  1.0000000   -3.6027752e-17  2.0679632e-16  -4.5383178e-17  1.4909474e-17  -5.0313122e-17  -5.4826749e-16  5.1955392e-16  -1.0871753e-16  8.6398880e-16  7.6007654e-17  1.0000000   -3.6027752e-17  2.0679632e-16  -4.5383178e-17  1.4909474e-17  -5.0313122e-17  -5.4826749e-16  
6.7293266e-16  3.9269072e-16  -7.4184100e-16  1.8711278e-16  -3.6027752e-17  1.0000000   3.6863371e-16  -2.7880619e-17  -3.7323302e-16  3.7025007e-16  1.4402154e-16  6.7293266e-16  3.9269072e-16  -7.4184100e-16  1.8711278e-16  -3.6027752e-17  1.0000000   3.6863371e-16  -2.7880619e-17  -3.7323302e-16  3.7025007e-16  1.4402154e-16  
3.9119963e-16  1.3817606e-16  4.2108464e-16  -6.3589643e-16  2.0679632e-16  3.6863371e-16  1.0000000   -2.8347143e-16  8.8801240e-17  5.6948566e-17  5.1510615e-16  3.9119963e-16  1.3817606e-16  4.2108464e-16  -6.3589643e-16  2.0679632e-16  3.6863371e-16  1.0000000   -2.8347143e-16  8.8801240e-17  5.6948566e-17  5.1510615e-16  
-1.7607359e-16  -5.0847875e-16  1.4421202e-16  1.1941216e-16  -4.5383178e-17  -2.7880619e-17  -2.8347143e-16  1.0000000   -3.5162455e-17  5.9724293e-17  -1.3335179e-16  -1.7607359e-16  -5.0847875e-16  1.4421202e-16  1.1941216e-16  -4.5383178e-17  -2.7880619e-17  -2.8347143e-16  1.0000000   -3.5162455e-17  5.9724293e-17  -1.3335179e-16  
-8.9885442e-17  -3.4996627e-16  1.2199392e-17  -1.2985354e-16  1.4909474e-17  -3.7323302e-16  8.8801240e-17  -3.5162455e-17  1.0000000   2.0082579e-16  6.6141457e-16  -8.9885442e-17  -3.4996627e-16  1.2199392e-17  -1.2985354e-16  1.4909474e-17  -3.7323302e-16  8.8801240e-17  -3.5162455e-17  1.0000000   2.0082579e-16  6.6141457e-16  
-1.6895660e-16  1.7113634e-16  -2.2388939e-16  7.4623603e-18  -5.0313122e-17  3.7025007e-16  5.6948566e-17  5.9724293e-17  2.0082579e-16  1.0000000   -9.1696547e-16  -1.6895660e-16  1.7113634e-16  -2.2388939e-16  7.4623603e-18  -5.0313122e-17  3.7025007e-16  5.6948566e-17  5.9724293e-17  2.0082579e-16  1.0000000   -9.1696547e-16  
1.0990549e-16  -1.5141010e-16  -3.2306811e-16  -2.1800849e-16  -5.4826749e-16  1.4402154e-16  5.1510615e-16  -1.3335179e-16  6.6141457e-16  -9.1696547e-16  1.0000000   1.0990549e-16  -1.5141010e-16  -3.2306811e-16  -2.1800849e-16  -5.4826749e-16  1.4402154e-16  5.1510615e-16  -1.3335179e-16  6.6141457e-16  -9.1696547e-16  1.0000000   
