1.0000000   -6.9522061e-16  -2.5451477e-16  4.9583106e-16  6.7516679e-17  3.2422134e-16  4.2336930e-16  2.2171723e-16  -5.3745426e-16  1.9351315e-17  5.1515443e-16  1.0000000   -6.9522061e-16  -2.5451477e-16  4.9583106e-16  6.7516679e-17  3.2422134e-16  4.2336930e-16  2.2171723e-16  -5.3745426e-16  1.9351315e-17  5.1515443e-16  
-6.9522061e-16  1.0000000   -1.6342484e-16  3.1571120e-16  3.1614658e-17  -3.0034772e-16  -1.3735656e-16  3.6573083e-16  -2.3574070e-16  -1.9150060e-16  5.5484893e-16  -6.9522061e-16  1.0000000   -1.6342484e-16  3.1571120e-16  3.1614658e-17  -3.0034772e-16  -1.3735656e-16  3.6573083e-16  -2.3574070e-16  -1.9150060e-16  5.5484893e-16  
-2.5451477e-16  -1.6342484e-16  1.0000000   -1.3438432e-16  -3.2256920e-17  9.9681378e-17  3.1571057e-16  -3.7794610e-18  -5.3512153e-17  4.8538334e-16  1.1213573e-16  -2.5451477e-16  -1.6342484e-16  1.0000000   -1.3438432e-16  -3.2256920e-17  9.9681378e-17  3.1571057e-16  -3.7794610e-18  -5.3512153e-17  4.8538334e-16  1.1213573e-16  
4.9583106e-16  3.1571120e-16  -1.3438432e-16  1.0000000   -1.8109750e-16  -4.8742680e-16  -1.5873821e-17  3.2243114e-16  1.0609681e-16  -8.3234370e-16  1.6063472e-16  4.9583106e-16  3.1571120e-16  -1.3438432e-16  1.0000000   -1.8109750e-16  -4.8742680e-16  -1.5873821e-17  3.2243114e-16  1.0609681e-16  -8.3234370e-16  1.6063472e-16  
6.7516679e-17  3.1614658e-17  -3.2256920e-17  -1.8109750e-16  1.0000000   -9.0181692e-17  2.4789054e-16  -2.3361486e-16  3.6922124e-16  5.1991645e-16  7.0348627e-17  6.7516679e-17  3.1614658e-17  -3.2256920e-17  -1.8109750e-16  1.0000000   -9.0181692e-17  2.4789054e-16  -2.3361486e-16  3.6922124e-16  5.1991645e-16  7.0348627e-17  
3.2422134e-16  -3.0034772e-16  9.9681378e-17  -4.8742680e-16  -9.0181692e-17  1.0000000   1.6778452e-17  4.8279396e-16  -7.1053274e-16  -4.2073863e-16  -3.3210934e-16  3.2422134e-16  -3.0034772e-16  9.9681378e-17  -4.8742680e-16  -9.0181692e-17  1.0000000   1.6778452e-17  4.8279396e-16  -7.1053274e-16  -4.2073863e-16  -3.3210934e-16  
4.2336930e-16  -1.3735656e-16  3.1571057e-16  -1.5873821e-17  2.4789054e-16  1.6778452e-17  1.0000000   -1.8596672e-16  -1.4721814e-16  -1.3276299e-16  -3.0136755e-16  4.2336930e-16  -1.3735656e-16  3.1571057e-16  -1.5873821e-17  2.4789054e-16  1.6778452e-17  1.0000000   -1.8596672e-16  -1.4721814e-16  -1.3276299e-16  -3.0136755e-16  
2.2171723e-16  3.6573083e-16  -3.7794610e-18  3.2243114e-16  -2.3361486e-16  4.8279396e-16  -1.8596672e-16  1.0000000   -4.0499695e-16  6.8892154e-17  1.4755737e-17  2.2171723e-16  3.6573083e-16  -3.7794610e-18  3.2243114e-16  -2.3361486e-16  4.8279396e-16  -1.8596672e-16  1.0000000   -4.0499695e-16  6.8892154e-17  1.4755737e-17  
-5.3745426e-16  -2.3574070e-16  -5.3512153e-17  1.0609681e-16  3.6922124e-16  -7.1053274e-16  -1.4721814e-16  -4.0499695e-16  1.0000000   -2.9379168e-16  -4.8645780e-16  -5.3745426e-16  -2.3574070e-16  -5.3512153e-17  1.0609681e-16  3.6922124e-16  -7.1053274e-16  -1.4721814e-16  -4.0499695e-16  1.0000000   -2.9379168e-16  -4.8645780e-16  
1.9351315e-17  -1.9150060e-16  4.8538334e-16  -8.3234370e-16  5.1991645e-16  -4.2073863e-16  -1.3276299e-16  6.8892154e-17  -2.9379168e-16  1.0000000   -2.4131884e-16  1.9351315e-17  -1.9150060e-16  4.8538334e-16  -8.3234370e-16  5.1991645e-16  -4.2073863e-16  -1.3276299e-16  6.8892154e-17  -2.9379168e-16  1.0000000   -2.4131884e-16  
5.1515443e-16  5.5484893e-16  1.1213573e-16  1.6063472e-16  7.0348627e-17  -3.3210934e-16  -3.0136755e-16  1.4755737e-17  -4.8645780e-16  -2.4131884e-16  1.0000000   5.1515443e-16  5.5484893e-16  1.1213573e-16  1.6063472e-16  7.0348627e-17  -3.3210934e-16  -3.0136755e-16  1.4755737e-17  -4.8645780e-16  -2.4131884e-16  1.0000000   
1.0000000   -6.9522061e-16  -2.5451477e-16  4.9583106e-16  6.7516679e-17  3.2422134e-16  4.2336930e-16  2.2171723e-16  -5.3745426e-16  1.9351315e-17  5.1515443e-16  1.0000000   -6.9522061e-16  -2.5451477e-16  4.9583106e-16  6.7516679e-17  3.2422134e-16  4.2336930e-16  2.2171723e-16  -5.3745426e-16  1.9351315e-17  5.1515443e-16  
-6.9522061e-16  1.0000000   -1.6342484e-16  3.1571120e-16  3.1614658e-17  -3.0034772e-16  -1.3735656e-16  3.6573083e-16  -2.3574070e-16  -1.9150060e-16  5.5484893e-16  -6.9522061e-16  1.0000000   -1.6342484e-16  3.1571120e-16  3.1614658e-17  -3.0034772e-16  -1.3735656e-16  3.6573083e-16  -2.3574070e-16  -1.9150060e-16  5.5484893e-16  
-2.5451477e-16  -1.6342484e-16  1.0000000   -1.3438432e-16  -3.2256920e-17  9.9681378e-17  3.1571057e-16  -3.7794610e-18  -5.3512153e-17  4.8538334e-16  1.1213573e-16  -2.5451477e-16  -1.6342484e-16  1.0000000   -1.3438432e-16  -3.2256920e-17  9.9681378e-17  3.1571057e-16  -3.7794610e-18  -5.3512153e-17  4.8538334e-16  1.1213573e-16  
4.9583106e-16  3.1571120e-16  -1.3438432e-16  1.0000000   -1.8109750e-16  -4.8742680e-16  -1.5873821e-17  3.2243114e-16  1.0609681e-16  -8.3234370e-16  1.6063472e-16  4.9583106e-16  3.1571120e-16  -1.3438432e-16  1.0000000   -1.8109750e-16  -4.8742680e-16  -1.5873821e-17  3.2243114e-16  1.0609681e-16  -8.3234370e-16  1.6063472e-16  
6.7516679e-17  3.1614658e-17  -3.2256920e-17  -1.8109750e-16  1.0000000   -9.0181692e-17  2.4789054e-16  -2.3361486e-16  3.6922124e-16  5.1991645e-16  7.0348627e-17  6.7516679e-17  3.1614658e-17  -3.2256920e-17  -1.8109750e-16  1.0000000   -9.0181692e-17  2.4789054e-16  -2.3361486e-16  3.6922124e-16  5.1991645e-16  7.0348627e-17  
3.2422134e-16  -3.0034772e-16  9.9681378e-17  -4.8742680e-16  -9.0181692e-17  1.0000000   1.6778452e-17  4.8279396e-16  -7.1053274e-16  -4.2073863e-16  -3.3210934e-16  3.2422134e-16  -3.0034772e-16  9.9681378e-17  -4.8742680e-16  -9.0181692e-17  1.0000000   1.6778452e-17  4.8279396e-16  -7.1053274e-16  -4.2073863e-16  -3.3210934e-16  
4.2336930e-16  -1.3735656e-16  3.1571057e-16  -1.5873821e-17  2.4789054e-16  1.6778452e-17  1.0000000   -1.8596672e-16  -1.4721814e-16  -1.3276299e-16  -3.0136755e-16  4.2336930e-16  -1.3735656e-16  3.1571057e-16  -1.5873821e-17  2.4789054e-16  1.6778452e-17  1.0000000   -1.8596672e-16  -1.4721814e-16  -1.3276299e-16  -3.0136755e-16  
2.2171723e-16  3.6573083e-16  -3.7794610e-18  3.2243114e-16  -2.3361486e-16  4.8279396e-16  -1.8596672e-16  1.0000000   -4.0499695e-16  6.8892154e-17  1.4755737e-17  2.2171723e-16  3.6573083e-16  -3.7794610e-18  3.2243114e-16  -2.3361486e-16  4.8279396e-16  -1.8596672e-16  1.0000000   -4.0499695e-16  6.8892154e-17  1.4755737e-17  
-5.3745426e-16  -2.3574070e-16  -5.3512153e-17  1.0609681e-16  3.6922124e-16  -7.1053274e-16  -1.4721814e-16  -4.0499695e-16  1.0000000   -2.9379168e-16  -4.8645780e-16  -5.3745426e-16  -2.3574070e-16  -5.3512153e-17  1.0609681e-16  3.6922124e-16  -7.1053274e-16  -1.4721814e-16  -4.0499695e-16  1.0000000   -2.9379168e-16  -4.8645780e-16  
1.9351315e-17  -1.9150060e-16  4.8538334e-16  -8.3234370e-16  5.1991645e-16  -4.2073863e-16  -1.3276299e-16  6.8892154e-17  -2.9379168e-16  1.0000000   -2.4131884e-16  1.9351315e-17  -1.9150060e-16  4.8538334e-16  -8.3234370e-16  5.1991645e-16  -4.2073863e-16  -1.3276299e-16  6.8892154e-17  -2.9379168e-16  1.0000000   -2.4131884e-16  
5.1515443e-16  5.5484893e-16  1.1213573e-16  1.6063472e-16  7.0348627e-17  -3.3210934e-16  -3.0136755e-16  1.4755737e-17  -4.8645780e-16  -2.4131884e-16  1.0000000   5.1515443e-16  5.5484893e-16  1.1213573e-16  1.6063472e-16  7.0348627e-17  -3.3210934e-16  -3.0136755e-16  1.4755737e-17  -4.8645780e-16  -2.4131884e-16  1.0000000   
