1.0000000   8.0607890e-17  -2.4296208e-16  5.6285339e-17  6.2384400e-17  -9.0029438e-17  3.7100043e-18  -1.3130535e-16  2.3453665e-16  3.8696192e-16  1.7987592e-16  1.0000000   8.0607890e-17  -2.4296208e-16  5.6285339e-17  6.2384400e-17  -9.0029438e-17  3.7100043e-18  -1.3130535e-16  2.3453665e-16  3.8696192e-16  1.7987592e-16  
8.0607890e-17  1.0000000   6.2635874e-16  1.1990853e-16  3.0059590e-16  1.8516098e-16  5.2940110e-16  9.2498962e-17  3.7889075e-16  -5.6322228e-16  -2.2562120e-16  8.0607890e-17  1.0000000   6.2635874e-16  1.1990853e-16  3.0059590e-16  1.8516098e-16  5.2940110e-16  9.2498962e-17  3.7889075e-16  -5.6322228e-16  -2.2562120e-16  
-2.4296208e-16  6.2635874e-16  1.0000000   -1.7634035e-17  5.0459606e-16  1.7230556e-16  1.2200576e-15  8.4977310e-16  1.5367232e-16  8.7563344e-16  -4.6646824e-16  -2.4296208e-16  6.2635874e-16  1.0000000   -1.7634035e-17  5.0459606e-16  1.7230556e-16  1.2200576e-15  8.4977310e-16  1.5367232e-16  8.7563344e-16  -4.6646824e-16  
5.6285339e-17  1.1990853e-16  -1.7634035e-17  1.0000000   8.7465152e-17  -1.4204757e-15  9.8838263e-16  2.5541813e-16  -2.4048245e-16  -4.0410629e-16  7.0135524e-16  5.6285339e-17  1.1990853e-16  -1.7634035e-17  1.0000000   8.7465152e-17  -1.4204757e-15  9.8838263e-16  2.5541813e-16  -2.4048245e-16  -4.0410629e-16  7.0135524e-16  
6.2384400e-17  3.0059590e-16  5.0459606e-16  8.7465152e-17  1.0000000   1.4691363e-17  -3.1264992e-16  4.5717121e-16  -3.3988849e-16  -3.3298983e-16  -1.0014682e-15  6.2384400e-17  3.0059590e-16  5.0459606e-16  8.7465152e-17  1.0000000   1.4691363e-17  -3.1264992e-16  4.5717121e-16  -3.3988849e-16  -3.3298983e-16  -1.0014682e-15  
-9.0029438e-17  1.8516098e-16  1.7230556e-16  -1.4204757e-15  1.4691363e-17  1.0000000   -2.2966960e-16  3.6232512e-16  4.7072077e-16  8.3940965e-17  -2.1142281e-16  -9.0029438e-17  1.8516098e-16  1.7230556e-16  -1.4204757e-15  1.4691363e-17  1.0000000   -2.2966960e-16  3.6232512e-16  4.7072077e-16  8.3940965e-17  -2.1142281e-16  
3.7100043e-18  5.2940110e-16  1.2200576e-15  9.8838263e-16  -3.1264992e-16  -2.2966960e-16  1.0000000   -2.4542462e-17  -8.7994018e-18  -7.8504708e-17  -1.5462288e-15  3.7100043e-18  5.2940110e-16  1.2200576e-15  9.8838263e-16  -3.1264992e-16  -2.2966960e-16  1.0000000   -2.4542462e-17  -8.7994018e-18  -7.8504708e-17  -1.5462288e-15  
-1.3130535e-16  9.2498962e-17  8.4977310e-16  2.5541813e-16  4.5717121e-16  3.6232512e-16  -2.4542462e-17  1.0000000   1.6529933e-16  7.2545153e-16  -7.8279270e-16  -1.3130535e-16  9.2498962e-17  8.4977310e-16  2.5541813e-16  4.5717121e-16  3.6232512e-16  -2.4542462e-17  1.0000000   1.6529933e-16  7.2545153e-16  -7.8279270e-16  
2.3453665e-16  3.7889075e-16  1.5367232e-16  -2.4048245e-16  -3.3988849e-16  4.7072077e-16  -8.7994018e-18  1.6529933e-16  1.0000000   3.6876426e-16  6.0326534e-17  2.3453665e-16  3.7889075e-16  1.5367232e-16  -2.4048245e-16  -3.3988849e-16  4.7072077e-16  -8.7994018e-18  1.6529933e-16  1.0000000   3.6876426e-16  6.0326534e-17  
3.8696192e-16  -5.6322228e-16  8.7563344e-16  -4.0410629e-16  -3.3298983e-16  8.3940965e-17  -7.8504708e-17  7.2545153e-16  3.6876426e-16  1.0000000   1.2038371e-16  3.8696192e-16  -5.6322228e-16  8.7563344e-16  -4.0410629e-16  -3.3298983e-16  8.3940965e-17  -7.8504708e-17  7.2545153e-16  3.6876426e-16  1.0000000   1.2038371e-16  
1.7987592e-16  -2.2562120e-16  -4.6646824e-16  7.0135524e-16  -1.0014682e-15  -2.1142281e-16  -1.5462288e-15  -7.8279270e-16  6.0326534e-17  1.2038371e-16  1.0000000   1.7987592e-16  -2.2562120e-16  -4.6646824e-16  7.0135524e-16  -1.0014682e-15  -2.1142281e-16  -1.5462288e-15  -7.8279270e-16  6.0326534e-17  1.2038371e-16  1.0000000   
1.0000000   8.0607890e-17  -2.4296208e-16  5.6285339e-17  6.2384400e-17  -9.0029438e-17  3.7100043e-18  -1.3130535e-16  2.3453665e-16  3.8696192e-16  1.7987592e-16  1.0000000   8.0607890e-17  -2.4296208e-16  5.6285339e-17  6.2384400e-17  -9.0029438e-17  3.7100043e-18  -1.3130535e-16  2.3453665e-16  3.8696192e-16  1.7987592e-16  
8.0607890e-17  1.0000000   6.2635874e-16  1.1990853e-16  3.0059590e-16  1.8516098e-16  5.2940110e-16  9.2498962e-17  3.7889075e-16  -5.6322228e-16  -2.2562120e-16  8.0607890e-17  1.0000000   6.2635874e-16  1.1990853e-16  3.0059590e-16  1.8516098e-16  5.2940110e-16  9.2498962e-17  3.7889075e-16  -5.6322228e-16  -2.2562120e-16  
-2.4296208e-16  6.2635874e-16  1.0000000   -1.7634035e-17  5.0459606e-16  1.7230556e-16  1.2200576e-15  8.4977310e-16  1.5367232e-16  8.7563344e-16  -4.6646824e-16  -2.4296208e-16  6.2635874e-16  1.0000000   -1.7634035e-17  5.0459606e-16  1.7230556e-16  1.2200576e-15  8.4977310e-16  1.5367232e-16  8.7563344e-16  -4.6646824e-16  
5.6285339e-17  1.1990853e-16  -1.7634035e-17  1.0000000   8.7465152e-17  -1.4204757e-15  9.8838263e-16  2.5541813e-16  -2.4048245e-16  -4.0410629e-16  7.0135524e-16  5.6285339e-17  1.1990853e-16  -1.7634035e-17  1.0000000   8.7465152e-17  -1.4204757e-15  9.8838263e-16  2.5541813e-16  -2.4048245e-16  -4.0410629e-16  7.0135524e-16  
6.2384400e-17  3.0059590e-16  5.0459606e-16  8.7465152e-17  1.0000000   1.4691363e-17  -3.1264992e-16  4.5717121e-16  -3.3988849e-16  -3.3298983e-16  -1.0014682e-15  6.2384400e-17  3.0059590e-16  5.0459606e-16  8.7465152e-17  1.0000000   1.4691363e-17  -3.1264992e-16  4.5717121e-16  -3.3988849e-16  -3.3298983e-16  -1.0014682e-15  
-9.0029438e-17  1.8516098e-16  1.7230556e-16  -1.4204757e-15  1.4691363e-17  1.0000000   -2.2966960e-16  3.6232512e-16  4.7072077e-16  8.3940965e-17  -2.1142281e-16  -9.0029438e-17  1.8516098e-16  1.7230556e-16  -1.4204757e-15  1.4691363e-17  1.0000000   -2.2966960e-16  3.6232512e-16  4.7072077e-16  8.3940965e-17  -2.1142281e-16  
3.7100043e-18  5.2940110e-16  1.2200576e-15  9.8838263e-16  -3.1264992e-16  -2.2966960e-16  1.0000000   -2.4542462e-17  -8.7994018e-18  -7.8504708e-17  -1.5462288e-15  3.7100043e-18  5.2940110e-16  1.2200576e-15  9.8838263e-16  -3.1264992e-16  -2.2966960e-16  1.0000000   -2.4542462e-17  -8.7994018e-18  -7.8504708e-17  -1.5462288e-15  
-1.3130535e-16  9.2498962e-17  8.4977310e-16  2.5541813e-16  4.5717121e-16  3.6232512e-16  -2.4542462e-17  1.0000000   1.6529933e-16  7.2545153e-16  -7.8279270e-16  -1.3130535e-16  9.2498962e-17  8.4977310e-16  2.5541813e-16  4.5717121e-16  3.6232512e-16  -2.4542462e-17  1.0000000   1.6529933e-16  7.2545153e-16  -7.8279270e-16  
2.3453665e-16  3.7889075e-16  1.5367232e-16  -2.4048245e-16  -3.3988849e-16  4.7072077e-16  -8.7994018e-18  1.6529933e-16  1.0000000   3.6876426e-16  6.0326534e-17  2.3453665e-16  3.7889075e-16  1.5367232e-16  -2.4048245e-16  -3.3988849e-16  4.7072077e-16  -8.7994018e-18  1.6529933e-16  1.0000000   3.6876426e-16  6.0326534e-17  
3.8696192e-16  -5.6322228e-16  8.7563344e-16  -4.0410629e-16  -3.3298983e-16  8.3940965e-17  -7.8504708e-17  7.2545153e-16  3.6876426e-16  1.0000000   1.2038371e-16  3.8696192e-16  -5.6322228e-16  8.7563344e-16  -4.0410629e-16  -3.3298983e-16  8.3940965e-17  -7.8504708e-17  7.2545153e-16  3.6876426e-16  1.0000000   1.2038371e-16  
1.7987592e-16  -2.2562120e-16  -4.6646824e-16  7.0135524e-16  -1.0014682e-15  -2.1142281e-16  -1.5462288e-15  -7.8279270e-16  6.0326534e-17  1.2038371e-16  1.0000000   1.7987592e-16  -2.2562120e-16  -4.6646824e-16  7.0135524e-16  -1.0014682e-15  -2.1142281e-16  -1.5462288e-15  -7.8279270e-16  6.0326534e-17  1.2038371e-16  1.0000000   
