1.0000000   1.0919271e-16  -2.5443853e-16  -7.6490463e-17  9.1374526e-17  3.4063515e-16  -4.3488704e-16  2.5333485e-16  -2.6767512e-17  2.4156533e-17  9.3272727e-16  1.0000000   1.0919271e-16  -2.5443853e-16  -7.6490463e-17  9.1374526e-17  3.4063515e-16  -4.3488704e-16  2.5333485e-16  -2.6767512e-17  2.4156533e-17  9.3272727e-16  
1.0919271e-16  1.0000000   2.4315934e-16  4.1867483e-16  -4.9123083e-16  2.8265617e-16  5.4713500e-16  -2.9683359e-16  -6.8863779e-18  1.6028743e-16  -3.0152933e-16  1.0919271e-16  1.0000000   2.4315934e-16  4.1867483e-16  -4.9123083e-16  2.8265617e-16  5.4713500e-16  -2.9683359e-16  -6.8863779e-18  1.6028743e-16  -3.0152933e-16  
-2.5443853e-16  2.4315934e-16  1.0000000   -2.6644438e-16  -3.1132103e-16  -3.7077597e-17  6.2824857e-17  1.9012417e-16  -9.4255921e-17  5.2637168e-16  -9.7584760e-17  -2.5443853e-16  2.4315934e-16  1.0000000   -2.6644438e-16  -3.1132103e-16  -3.7077597e-17  6.2824857e-17  1.9012417e-16  -9.4255921e-17  5.2637168e-16  -9.7584760e-17  
-7.6490463e-17  4.1867483e-16  -2.6644438e-16  1.0000000   6.3759812e-16  -6.6771184e-17  1.5239817e-16  -6.2335950e-16  -2.6336711e-16  -2.8618067e-16  -3.8907950e-16  -7.6490463e-17  4.1867483e-16  -2.6644438e-16  1.0000000   6.3759812e-16  -6.6771184e-17  1.5239817e-16  -6.2335950e-16  -2.6336711e-16  -2.8618067e-16  -3.8907950e-16  
9.1374526e-17  -4.9123083e-16  -3.1132103e-16  6.3759812e-16  1.0000000   3.7881897e-16  -2.1914309e-16  -4.2422671e-16  -3.9384682e-16  1.8190011e-16  -3.5146404e-16  9.1374526e-17  -4.9123083e-16  -3.1132103e-16  6.3759812e-16  1.0000000   3.7881897e-16  -2.1914309e-16  -4.2422671e-16  -3.9384682e-16  1.8190011e-16  -3.5146404e-16  
3.4063515e-16  2.8265617e-16  -3.7077597e-17  -6.6771184e-17  3.7881897e-16  1.0000000   2.3624257e-16  -4.3729685e-16  -1.8105859e-17  5.6629235e-16  -1.0937101e-16  3.4063515e-16  2.8265617e-16  -3.7077597e-17  -6.6771184e-17  3.7881897e-16  1.0000000   2.3624257e-16  -4.3729685e-16  -1.8105859e-17  5.6629235e-16  -1.0937101e-16  
-4.3488704e-16  5.4713500e-16  6.2824857e-17  1.5239817e-16  -2.1914309e-16  2.3624257e-16  1.0000000   1.6595578e-16  1.0580087e-16  2.0504317e-16  3.5530576e-16  -4.3488704e-16  5.4713500e-16  6.2824857e-17  1.5239817e-16  -2.1914309e-16  2.3624257e-16  1.0000000   1.6595578e-16  1.0580087e-16  2.0504317e-16  3.5530576e-16  
2.5333485e-16  -2.9683359e-16  1.9012417e-16  -6.2335950e-16  -4.2422671e-16  -4.3729685e-16  1.6595578e-16  1.0000000   1.7514053e-16  1.3211734e-16  1.2752568e-16  2.5333485e-16  -2.9683359e-16  1.9012417e-16  -6.2335950e-16  -4.2422671e-16  -4.3729685e-16  1.6595578e-16  1.0000000   1.7514053e-16  1.3211734e-16  1.2752568e-16  
-2.6767512e-17  -6.8863779e-18  -9.4255921e-17  -2.6336711e-16  -3.9384682e-16  -1.8105859e-17  1.0580087e-16  1.7514053e-16  1.0000000   -5.0473867e-16  -1.1563593e-16  -2.6767512e-17  -6.8863779e-18  -9.4255921e-17  -2.6336711e-16  -3.9384682e-16  -1.8105859e-17  1.0580087e-16  1.7514053e-16  1.0000000   -5.0473867e-16  -1.1563593e-16  
2.4156533e-17  1.6028743e-16  5.2637168e-16  -2.8618067e-16  1.8190011e-16  5.6629235e-16  2.0504317e-16  1.3211734e-16  -5.0473867e-16  1.0000000   -3.7053033e-16  2.4156533e-17  1.6028743e-16  5.2637168e-16  -2.8618067e-16  1.8190011e-16  5.6629235e-16  2.0504317e-16  1.3211734e-16  -5.0473867e-16  1.0000000   -3.7053033e-16  
9.3272727e-16  -3.0152933e-16  -9.7584760e-17  -3.8907950e-16  -3.5146404e-16  -1.0937101e-16  3.5530576e-16  1.2752568e-16  -1.1563593e-16  -3.7053033e-16  1.0000000   9.3272727e-16  -3.0152933e-16  -9.7584760e-17  -3.8907950e-16  -3.5146404e-16  -1.0937101e-16  3.5530576e-16  1.2752568e-16  -1.1563593e-16  -3.7053033e-16  1.0000000   
1.0000000   1.0919271e-16  -2.5443853e-16  -7.6490463e-17  9.1374526e-17  3.4063515e-16  -4.3488704e-16  2.5333485e-16  -2.6767512e-17  2.4156533e-17  9.3272727e-16  1.0000000   1.0919271e-16  -2.5443853e-16  -7.6490463e-17  9.1374526e-17  3.4063515e-16  -4.3488704e-16  2.5333485e-16  -2.6767512e-17  2.4156533e-17  9.3272727e-16  
1.0919271e-16  1.0000000   2.4315934e-16  4.1867483e-16  -4.9123083e-16  2.8265617e-16  5.4713500e-16  -2.9683359e-16  -6.8863779e-18  1.6028743e-16  -3.0152933e-16  1.0919271e-16  1.0000000   2.4315934e-16  4.1867483e-16  -4.9123083e-16  2.8265617e-16  5.4713500e-16  -2.9683359e-16  -6.8863779e-18  1.6028743e-16  -3.0152933e-16  
-2.5443853e-16  2.4315934e-16  1.0000000   -2.6644438e-16  -3.1132103e-16  -3.7077597e-17  6.2824857e-17  1.9012417e-16  -9.4255921e-17  5.2637168e-16  -9.7584760e-17  -2.5443853e-16  2.4315934e-16  1.0000000   -2.6644438e-16  -3.1132103e-16  -3.7077597e-17  6.2824857e-17  1.9012417e-16  -9.4255921e-17  5.2637168e-16  -9.7584760e-17  
-7.6490463e-17  4.1867483e-16  -2.6644438e-16  1.0000000   6.3759812e-16  -6.6771184e-17  1.5239817e-16  -6.2335950e-16  -2.6336711e-16  -2.8618067e-16  -3.8907950e-16  -7.6490463e-17  4.1867483e-16  -2.6644438e-16  1.0000000   6.3759812e-16  -6.6771184e-17  1.5239817e-16  -6.2335950e-16  -2.6336711e-16  -2.8618067e-16  -3.8907950e-16  
9.1374526e-17  -4.9123083e-16  -3.1132103e-16  6.3759812e-16  1.0000000   3.7881897e-16  -2.1914309e-16  -4.2422671e-16  -3.9384682e-16  1.8190011e-16  -3.5146404e-16  9.1374526e-17  -4.9123083e-16  -3.1132103e-16  6.3759812e-16  1.0000000   3.7881897e-16  -2.1914309e-16  -4.2422671e-16  -3.9384682e-16  1.8190011e-16  -3.5146404e-16  
3.4063515e-16  2.8265617e-16  -3.7077597e-17  -6.6771184e-17  3.7881897e-16  1.0000000   2.3624257e-16  -4.3729685e-16  -1.8105859e-17  5.6629235e-16  -1.0937101e-16  3.4063515e-16  2.8265617e-16  -3.7077597e-17  -6.6771184e-17  3.7881897e-16  1.0000000   2.3624257e-16  -4.3729685e-16  -1.8105859e-17  5.6629235e-16  -1.0937101e-16  
-4.3488704e-16  5.4713500e-16  6.2824857e-17  1.5239817e-16  -2.1914309e-16  2.3624257e-16  1.0000000   1.6595578e-16  1.0580087e-16  2.0504317e-16  3.5530576e-16  -4.3488704e-16  5.4713500e-16  6.2824857e-17  1.5239817e-16  -2.1914309e-16  2.3624257e-16  1.0000000   1.6595578e-16  1.0580087e-16  2.0504317e-16  3.5530576e-16  
2.5333485e-16  -2.9683359e-16  1.9012417e-16  -6.2335950e-16  -4.2422671e-16  -4.3729685e-16  1.6595578e-16  1.0000000   1.7514053e-16  1.3211734e-16  1.2752568e-16  2.5333485e-16  -2.9683359e-16  1.9012417e-16  -6.2335950e-16  -4.2422671e-16  -4.3729685e-16  1.6595578e-16  1.0000000   1.7514053e-16  1.3211734e-16  1.2752568e-16  
-2.6767512e-17  -6.8863779e-18  -9.4255921e-17  -2.6336711e-16  -3.9384682e-16  -1.8105859e-17  1.0580087e-16  1.7514053e-16  1.0000000   -5.0473867e-16  -1.1563593e-16  -2.6767512e-17  -6.8863779e-18  -9.4255921e-17  -2.6336711e-16  -3.9384682e-16  -1.8105859e-17  1.0580087e-16  1.7514053e-16  1.0000000   -5.0473867e-16  -1.1563593e-16  
2.4156533e-17  1.6028743e-16  5.2637168e-16  -2.8618067e-16  1.8190011e-16  5.6629235e-16  2.0504317e-16  1.3211734e-16  -5.0473867e-16  1.0000000   -3.7053033e-16  2.4156533e-17  1.6028743e-16  5.2637168e-16  -2.8618067e-16  1.8190011e-16  5.6629235e-16  2.0504317e-16  1.3211734e-16  -5.0473867e-16  1.0000000   -3.7053033e-16  
9.3272727e-16  -3.0152933e-16  -9.7584760e-17  -3.8907950e-16  -3.5146404e-16  -1.0937101e-16  3.5530576e-16  1.2752568e-16  -1.1563593e-16  -3.7053033e-16  1.0000000   9.3272727e-16  -3.0152933e-16  -9.7584760e-17  -3.8907950e-16  -3.5146404e-16  -1.0937101e-16  3.5530576e-16  1.2752568e-16  -1.1563593e-16  -3.7053033e-16  1.0000000   
