1.0000000   1.0844520e-16  4.1458536e-16  2.8864088e-16  2.5238787e-16  -2.2651948e-16  9.7300369e-17  -1.0420305e-16  4.6993547e-16  -3.1046976e-16  2.4242168e-16  1.0000000   1.0844520e-16  4.1458536e-16  2.8864088e-16  2.5238787e-16  -2.2651948e-16  9.7300369e-17  -1.0420305e-16  4.6993547e-16  -3.1046976e-16  2.4242168e-16  
1.0844520e-16  1.0000000   7.0851214e-16  -2.1242062e-16  7.0435025e-18  6.4586262e-17  -5.5336408e-16  -2.4547396e-16  -7.0819874e-16  -6.8053253e-16  1.0517100e-16  1.0844520e-16  1.0000000   7.0851214e-16  -2.1242062e-16  7.0435025e-18  6.4586262e-17  -5.5336408e-16  -2.4547396e-16  -7.0819874e-16  -6.8053253e-16  1.0517100e-16  
4.1458536e-16  7.0851214e-16  1.0000000   2.0566976e-16  4.4799700e-16  7.3617963e-17  7.7196042e-16  4.4309860e-16  -2.1967334e-16  7.1861216e-17  1.7556918e-16  4.1458536e-16  7.0851214e-16  1.0000000   2.0566976e-16  4.4799700e-16  7.3617963e-17  7.7196042e-16  4.4309860e-16  -2.1967334e-16  7.1861216e-17  1.7556918e-16  
2.8864088e-16  -2.1242062e-16  2.0566976e-16  1.0000000   -8.7976865e-17  -6.0948298e-16  3.1129308e-16  -7.6331962e-17  -8.4579734e-17  4.1621187e-16  -3.0170805e-16  2.8864088e-16  -2.1242062e-16  2.0566976e-16  1.0000000   -8.7976865e-17  -6.0948298e-16  3.1129308e-16  -7.6331962e-17  -8.4579734e-17  4.1621187e-16  -3.0170805e-16  
2.5238787e-16  7.0435025e-18  4.4799700e-16  -8.7976865e-17  1.0000000   -6.3474066e-16  -6.4468355e-16  1.6170431e-16  4.7886690e-17  1.8996048e-16  -3.6892816e-16  2.5238787e-16  7.0435025e-18  4.4799700e-16  -8.7976865e-17  1.0000000   -6.3474066e-16  -6.4468355e-16  1.6170431e-16  4.7886690e-17  1.8996048e-16  -3.6892816e-16  
-2.2651948e-16  6.4586262e-17  7.3617963e-17  -6.0948298e-16  -6.3474066e-16  1.0000000   -9.9436882e-16  -9.8850863e-17  -7.4953548e-17  2.8696396e-16  2.9334953e-16  -2.2651948e-16  6.4586262e-17  7.3617963e-17  -6.0948298e-16  -6.3474066e-16  1.0000000   -9.9436882e-16  -9.8850863e-17  -7.4953548e-17  2.8696396e-16  2.9334953e-16  
9.7300369e-17  -5.5336408e-16  7.7196042e-16  3.1129308e-16  -6.4468355e-16  -9.9436882e-16  1.0000000   2.6256052e-16  6.6987918e-17  -1.2298622e-16  1.1207538e-15  9.7300369e-17  -5.5336408e-16  7.7196042e-16  3.1129308e-16  -6.4468355e-16  -9.9436882e-16  1.0000000   2.6256052e-16  6.6987918e-17  -1.2298622e-16  1.1207538e-15  
-1.0420305e-16  -2.4547396e-16  4.4309860e-16  -7.6331962e-17  1.6170431e-16  -9.8850863e-17  2.6256052e-16  1.0000000   9.6548521e-17  9.2139418e-16  -2.2124331e-16  -1.0420305e-16  -2.4547396e-16  4.4309860e-16  -7.6331962e-17  1.6170431e-16  -9.8850863e-17  2.6256052e-16  1.0000000   9.6548521e-17  9.2139418e-16  -2.2124331e-16  
4.6993547e-16  -7.0819874e-16  -2.1967334e-16  -8.4579734e-17  4.7886690e-17  -7.4953548e-17  6.6987918e-17  9.6548521e-17  1.0000000   -2.0541587e-16  -4.4077202e-16  4.6993547e-16  -7.0819874e-16  -2.1967334e-16  -8.4579734e-17  4.7886690e-17  -7.4953548e-17  6.6987918e-17  9.6548521e-17  1.0000000   -2.0541587e-16  -4.4077202e-16  
-3.1046976e-16  -6.8053253e-16  7.1861216e-17  4.1621187e-16  1.8996048e-16  2.8696396e-16  -1.2298622e-16  9.2139418e-16  -2.0541587e-16  1.0000000   4.9010173e-17  -3.1046976e-16  -6.8053253e-16  7.1861216e-17  4.1621187e-16  1.8996048e-16  2.8696396e-16  -1.2298622e-16  9.2139418e-16  -2.0541587e-16  1.0000000   4.9010173e-17  
2.4242168e-16  1.0517100e-16  1.7556918e-16  -3.0170805e-16  -3.6892816e-16  2.9334953e-16  1.1207538e-15  -2.2124331e-16  -4.4077202e-16  4.9010173e-17  1.0000000   2.4242168e-16  1.0517100e-16  1.7556918e-16  -3.0170805e-16  -3.6892816e-16  2.9334953e-16  1.1207538e-15  -2.2124331e-16  -4.4077202e-16  4.9010173e-17  1.0000000   
1.0000000   1.0844520e-16  4.1458536e-16  2.8864088e-16  2.5238787e-16  -2.2651948e-16  9.7300369e-17  -1.0420305e-16  4.6993547e-16  -3.1046976e-16  2.4242168e-16  1.0000000   1.0844520e-16  4.1458536e-16  2.8864088e-16  2.5238787e-16  -2.2651948e-16  9.7300369e-17  -1.0420305e-16  4.6993547e-16  -3.1046976e-16  2.4242168e-16  
1.0844520e-16  1.0000000   7.0851214e-16  -2.1242062e-16  7.0435025e-18  6.4586262e-17  -5.5336408e-16  -2.4547396e-16  -7.0819874e-16  -6.8053253e-16  1.0517100e-16  1.0844520e-16  1.0000000   7.0851214e-16  -2.1242062e-16  7.0435025e-18  6.4586262e-17  -5.5336408e-16  -2.4547396e-16  -7.0819874e-16  -6.8053253e-16  1.0517100e-16  
4.1458536e-16  7.0851214e-16  1.0000000   2.0566976e-16  4.4799700e-16  7.3617963e-17  7.7196042e-16  4.4309860e-16  -2.1967334e-16  7.1861216e-17  1.7556918e-16  4.1458536e-16  7.0851214e-16  1.0000000   2.0566976e-16  4.4799700e-16  7.3617963e-17  7.7196042e-16  4.4309860e-16  -2.1967334e-16  7.1861216e-17  1.7556918e-16  
2.8864088e-16  -2.1242062e-16  2.0566976e-16  1.0000000   -8.7976865e-17  -6.0948298e-16  3.1129308e-16  -7.6331962e-17  -8.4579734e-17  4.1621187e-16  -3.0170805e-16  2.8864088e-16  -2.1242062e-16  2.0566976e-16  1.0000000   -8.7976865e-17  -6.0948298e-16  3.1129308e-16  -7.6331962e-17  -8.4579734e-17  4.1621187e-16  -3.0170805e-16  
2.5238787e-16  7.0435025e-18  4.4799700e-16  -8.7976865e-17  1.0000000   -6.3474066e-16  -6.4468355e-16  1.6170431e-16  4.7886690e-17  1.8996048e-16  -3.6892816e-16  2.5238787e-16  7.0435025e-18  4.4799700e-16  -8.7976865e-17  1.0000000   -6.3474066e-16  -6.4468355e-16  1.6170431e-16  4.7886690e-17  1.8996048e-16  -3.6892816e-16  
-2.2651948e-16  6.4586262e-17  7.3617963e-17  -6.0948298e-16  -6.3474066e-16  1.0000000   -9.9436882e-16  -9.8850863e-17  -7.4953548e-17  2.8696396e-16  2.9334953e-16  -2.2651948e-16  6.4586262e-17  7.3617963e-17  -6.0948298e-16  -6.3474066e-16  1.0000000   -9.9436882e-16  -9.8850863e-17  -7.4953548e-17  2.8696396e-16  2.9334953e-16  
9.7300369e-17  -5.5336408e-16  7.7196042e-16  3.1129308e-16  -6.4468355e-16  -9.9436882e-16  1.0000000   2.6256052e-16  6.6987918e-17  -1.2298622e-16  1.1207538e-15  9.7300369e-17  -5.5336408e-16  7.7196042e-16  3.1129308e-16  -6.4468355e-16  -9.9436882e-16  1.0000000   2.6256052e-16  6.6987918e-17  -1.2298622e-16  1.1207538e-15  
-1.0420305e-16  -2.4547396e-16  4.4309860e-16  -7.6331962e-17  1.6170431e-16  -9.8850863e-17  2.6256052e-16  1.0000000   9.6548521e-17  9.2139418e-16  -2.2124331e-16  -1.0420305e-16  -2.4547396e-16  4.4309860e-16  -7.6331962e-17  1.6170431e-16  -9.8850863e-17  2.6256052e-16  1.0000000   9.6548521e-17  9.2139418e-16  -2.2124331e-16  
4.6993547e-16  -7.0819874e-16  -2.1967334e-16  -8.4579734e-17  4.7886690e-17  -7.4953548e-17  6.6987918e-17  9.6548521e-17  1.0000000   -2.0541587e-16  -4.4077202e-16  4.6993547e-16  -7.0819874e-16  -2.1967334e-16  -8.4579734e-17  4.7886690e-17  -7.4953548e-17  6.6987918e-17  9.6548521e-17  1.0000000   -2.0541587e-16  -4.4077202e-16  
-3.1046976e-16  -6.8053253e-16  7.1861216e-17  4.1621187e-16  1.8996048e-16  2.8696396e-16  -1.2298622e-16  9.2139418e-16  -2.0541587e-16  1.0000000   4.9010173e-17  -3.1046976e-16  -6.8053253e-16  7.1861216e-17  4.1621187e-16  1.8996048e-16  2.8696396e-16  -1.2298622e-16  9.2139418e-16  -2.0541587e-16  1.0000000   4.9010173e-17  
2.4242168e-16  1.0517100e-16  1.7556918e-16  -3.0170805e-16  -3.6892816e-16  2.9334953e-16  1.1207538e-15  -2.2124331e-16  -4.4077202e-16  4.9010173e-17  1.0000000   2.4242168e-16  1.0517100e-16  1.7556918e-16  -3.0170805e-16  -3.6892816e-16  2.9334953e-16  1.1207538e-15  -2.2124331e-16  -4.4077202e-16  4.9010173e-17  1.0000000   
