1.0000000   8.2890221e-17  4.1149708e-16  9.7755225e-17  1.5353404e-16  1.0183962e-16  -7.3174329e-17  -2.0774330e-17  -4.4124074e-16  -1.0933755e-16  -3.5101723e-16  1.0000000   8.2890221e-17  4.1149708e-16  9.7755225e-17  1.5353404e-16  1.0183962e-16  -7.3174329e-17  -2.0774330e-17  -4.4124074e-16  -1.0933755e-16  -3.5101723e-16  
8.2890221e-17  1.0000000   5.1523002e-16  4.5699418e-16  3.7868387e-16  3.8662226e-16  5.8262166e-16  3.6649167e-16  7.5281996e-16  2.2067241e-16  3.1185890e-16  8.2890221e-17  1.0000000   5.1523002e-16  4.5699418e-16  3.7868387e-16  3.8662226e-16  5.8262166e-16  3.6649167e-16  7.5281996e-16  2.2067241e-16  3.1185890e-16  
4.1149708e-16  5.1523002e-16  1.0000000   1.3167720e-16  -2.7008366e-16  -1.2688384e-16  3.4156180e-16  2.9284004e-16  -5.2466539e-16  2.9908945e-16  2.7489819e-17  4.1149708e-16  5.1523002e-16  1.0000000   1.3167720e-16  -2.7008366e-16  -1.2688384e-16  3.4156180e-16  2.9284004e-16  -5.2466539e-16  2.9908945e-16  2.7489819e-17  
9.7755225e-17  4.5699418e-16  1.3167720e-16  1.0000000   1.7374806e-16  3.6055609e-16  7.9900364e-16  1.3831370e-16  8.5392991e-16  7.8522686e-16  -1.4657397e-16  9.7755225e-17  4.5699418e-16  1.3167720e-16  1.0000000   1.7374806e-16  3.6055609e-16  7.9900364e-16  1.3831370e-16  8.5392991e-16  7.8522686e-16  -1.4657397e-16  
1.5353404e-16  3.7868387e-16  -2.7008366e-16  1.7374806e-16  1.0000000   4.0672193e-17  -5.1920155e-16  2.6798344e-16  3.5720666e-16  -1.2986074e-17  5.3449600e-16  1.5353404e-16  3.7868387e-16  -2.7008366e-16  1.7374806e-16  1.0000000   4.0672193e-17  -5.1920155e-16  2.6798344e-16  3.5720666e-16  -1.2986074e-17  5.3449600e-16  
1.0183962e-16  3.8662226e-16  -1.2688384e-16  3.6055609e-16  4.0672193e-17  1.0000000   -5.4869481e-16  3.2296339e-16  2.6220964e-19  -9.6841870e-16  8.6866447e-16  1.0183962e-16  3.8662226e-16  -1.2688384e-16  3.6055609e-16  4.0672193e-17  1.0000000   -5.4869481e-16  3.2296339e-16  2.6220964e-19  -9.6841870e-16  8.6866447e-16  
-7.3174329e-17  5.8262166e-16  3.4156180e-16  7.9900364e-16  -5.1920155e-16  -5.4869481e-16  1.0000000   -1.9529467e-16  2.7766201e-16  2.4291317e-16  -4.3313030e-16  -7.3174329e-17  5.8262166e-16  3.4156180e-16  7.9900364e-16  -5.1920155e-16  -5.4869481e-16  1.0000000   -1.9529467e-16  2.7766201e-16  2.4291317e-16  -4.3313030e-16  
-2.0774330e-17  3.6649167e-16  2.9284004e-16  1.3831370e-16  2.6798344e-16  3.2296339e-16  -1.9529467e-16  1.0000000   6.4059302e-17  -5.8285714e-16  -2.3183038e-16  -2.0774330e-17  3.6649167e-16  2.9284004e-16  1.3831370e-16  2.6798344e-16  3.2296339e-16  -1.9529467e-16  1.0000000   6.4059302e-17  -5.8285714e-16  -2.3183038e-16  
-4.4124074e-16  7.5281996e-16  -5.2466539e-16  8.5392991e-16  3.5720666e-16  2.6220964e-19  2.7766201e-16  6.4059302e-17  1.0000000   4.1060954e-16  -4.3935758e-17  -4.4124074e-16  7.5281996e-16  -5.2466539e-16  8.5392991e-16  3.5720666e-16  2.6220964e-19  2.7766201e-16  6.4059302e-17  1.0000000   4.1060954e-16  -4.3935758e-17  
-1.0933755e-16  2.2067241e-16  2.9908945e-16  7.8522686e-16  -1.2986074e-17  -9.6841870e-16  2.4291317e-16  -5.8285714e-16  4.1060954e-16  1.0000000   -2.4450453e-16  -1.0933755e-16  2.2067241e-16  2.9908945e-16  7.8522686e-16  -1.2986074e-17  -9.6841870e-16  2.4291317e-16  -5.8285714e-16  4.1060954e-16  1.0000000   -2.4450453e-16  
-3.5101723e-16  3.1185890e-16  2.7489819e-17  -1.4657397e-16  5.3449600e-16  8.6866447e-16  -4.3313030e-16  -2.3183038e-16  -4.3935758e-17  -2.4450453e-16  1.0000000   -3.5101723e-16  3.1185890e-16  2.7489819e-17  -1.4657397e-16  5.3449600e-16  8.6866447e-16  -4.3313030e-16  -2.3183038e-16  -4.3935758e-17  -2.4450453e-16  1.0000000   
1.0000000   8.2890221e-17  4.1149708e-16  9.7755225e-17  1.5353404e-16  1.0183962e-16  -7.3174329e-17  -2.0774330e-17  -4.4124074e-16  -1.0933755e-16  -3.5101723e-16  1.0000000   8.2890221e-17  4.1149708e-16  9.7755225e-17  1.5353404e-16  1.0183962e-16  -7.3174329e-17  -2.0774330e-17  -4.4124074e-16  -1.0933755e-16  -3.5101723e-16  
8.2890221e-17  1.0000000   5.1523002e-16  4.5699418e-16  3.7868387e-16  3.8662226e-16  5.8262166e-16  3.6649167e-16  7.5281996e-16  2.2067241e-16  3.1185890e-16  8.2890221e-17  1.0000000   5.1523002e-16  4.5699418e-16  3.7868387e-16  3.8662226e-16  5.8262166e-16  3.6649167e-16  7.5281996e-16  2.2067241e-16  3.1185890e-16  
4.1149708e-16  5.1523002e-16  1.0000000   1.3167720e-16  -2.7008366e-16  -1.2688384e-16  3.4156180e-16  2.9284004e-16  -5.2466539e-16  2.9908945e-16  2.7489819e-17  4.1149708e-16  5.1523002e-16  1.0000000   1.3167720e-16  -2.7008366e-16  -1.2688384e-16  3.4156180e-16  2.9284004e-16  -5.2466539e-16  2.9908945e-16  2.7489819e-17  
9.7755225e-17  4.5699418e-16  1.3167720e-16  1.0000000   1.7374806e-16  3.6055609e-16  7.9900364e-16  1.3831370e-16  8.5392991e-16  7.8522686e-16  -1.4657397e-16  9.7755225e-17  4.5699418e-16  1.3167720e-16  1.0000000   1.7374806e-16  3.6055609e-16  7.9900364e-16  1.3831370e-16  8.5392991e-16  7.8522686e-16  -1.4657397e-16  
1.5353404e-16  3.7868387e-16  -2.7008366e-16  1.7374806e-16  1.0000000   4.0672193e-17  -5.1920155e-16  2.6798344e-16  3.5720666e-16  -1.2986074e-17  5.3449600e-16  1.5353404e-16  3.7868387e-16  -2.7008366e-16  1.7374806e-16  1.0000000   4.0672193e-17  -5.1920155e-16  2.6798344e-16  3.5720666e-16  -1.2986074e-17  5.3449600e-16  
1.0183962e-16  3.8662226e-16  -1.2688384e-16  3.6055609e-16  4.0672193e-17  1.0000000   -5.4869481e-16  3.2296339e-16  2.6220964e-19  -9.6841870e-16  8.6866447e-16  1.0183962e-16  3.8662226e-16  -1.2688384e-16  3.6055609e-16  4.0672193e-17  1.0000000   -5.4869481e-16  3.2296339e-16  2.6220964e-19  -9.6841870e-16  8.6866447e-16  
-7.3174329e-17  5.8262166e-16  3.4156180e-16  7.9900364e-16  -5.1920155e-16  -5.4869481e-16  1.0000000   -1.9529467e-16  2.7766201e-16  2.4291317e-16  -4.3313030e-16  -7.3174329e-17  5.8262166e-16  3.4156180e-16  7.9900364e-16  -5.1920155e-16  -5.4869481e-16  1.0000000   -1.9529467e-16  2.7766201e-16  2.4291317e-16  -4.3313030e-16  
-2.0774330e-17  3.6649167e-16  2.9284004e-16  1.3831370e-16  2.6798344e-16  3.2296339e-16  -1.9529467e-16  1.0000000   6.4059302e-17  -5.8285714e-16  -2.3183038e-16  -2.0774330e-17  3.6649167e-16  2.9284004e-16  1.3831370e-16  2.6798344e-16  3.2296339e-16  -1.9529467e-16  1.0000000   6.4059302e-17  -5.8285714e-16  -2.3183038e-16  
-4.4124074e-16  7.5281996e-16  -5.2466539e-16  8.5392991e-16  3.5720666e-16  2.6220964e-19  2.7766201e-16  6.4059302e-17  1.0000000   4.1060954e-16  -4.3935758e-17  -4.4124074e-16  7.5281996e-16  -5.2466539e-16  8.5392991e-16  3.5720666e-16  2.6220964e-19  2.7766201e-16  6.4059302e-17  1.0000000   4.1060954e-16  -4.3935758e-17  
-1.0933755e-16  2.2067241e-16  2.9908945e-16  7.8522686e-16  -1.2986074e-17  -9.6841870e-16  2.4291317e-16  -5.8285714e-16  4.1060954e-16  1.0000000   -2.4450453e-16  -1.0933755e-16  2.2067241e-16  2.9908945e-16  7.8522686e-16  -1.2986074e-17  -9.6841870e-16  2.4291317e-16  -5.8285714e-16  4.1060954e-16  1.0000000   -2.4450453e-16  
-3.5101723e-16  3.1185890e-16  2.7489819e-17  -1.4657397e-16  5.3449600e-16  8.6866447e-16  -4.3313030e-16  -2.3183038e-16  -4.3935758e-17  -2.4450453e-16  1.0000000   -3.5101723e-16  3.1185890e-16  2.7489819e-17  -1.4657397e-16  5.3449600e-16  8.6866447e-16  -4.3313030e-16  -2.3183038e-16  -4.3935758e-17  -2.4450453e-16  1.0000000   
