1.0000000   2.3158728e-16  -6.5142763e-17  -3.2583918e-16  -2.5283891e-16  9.8614964e-17  2.1145330e-17  3.6195412e-17  1.0677528e-16  1.3891340e-16  5.6323625e-16  1.0000000   2.3158728e-16  -6.5142763e-17  -3.2583918e-16  -2.5283891e-16  9.8614964e-17  2.1145330e-17  3.6195412e-17  1.0677528e-16  1.3891340e-16  5.6323625e-16  
2.3158728e-16  1.0000000   -3.5880972e-16  1.0135723e-16  -1.1218210e-15  -1.2847097e-16  -8.8163424e-18  -6.7537325e-17  -2.0813325e-16  -4.7057847e-16  1.5973983e-16  2.3158728e-16  1.0000000   -3.5880972e-16  1.0135723e-16  -1.1218210e-15  -1.2847097e-16  -8.8163424e-18  -6.7537325e-17  -2.0813325e-16  -4.7057847e-16  1.5973983e-16  
-6.5142763e-17  -3.5880972e-16  1.0000000   -3.4796664e-16  8.1036786e-16  -3.0050908e-16  -3.4657804e-16  3.1025038e-16  1.2469077e-16  3.6303197e-16  3.3688808e-16  -6.5142763e-17  -3.5880972e-16  1.0000000   -3.4796664e-16  8.1036786e-16  -3.0050908e-16  -3.4657804e-16  3.1025038e-16  1.2469077e-16  3.6303197e-16  3.3688808e-16  
-3.2583918e-16  1.0135723e-16  -3.4796664e-16  1.0000000   9.5333791e-16  -4.3993854e-16  -5.6872672e-16  -6.7779322e-16  -2.8924603e-16  -3.6450284e-16  7.4397021e-18  -3.2583918e-16  1.0135723e-16  -3.4796664e-16  1.0000000   9.5333791e-16  -4.3993854e-16  -5.6872672e-16  -6.7779322e-16  -2.8924603e-16  -3.6450284e-16  7.4397021e-18  
-2.5283891e-16  -1.1218210e-15  8.1036786e-16  9.5333791e-16  1.0000000   6.5234581e-16  -5.4927503e-16  -2.1720932e-16  -1.4392180e-16  4.7477637e-16  5.7488761e-16  -2.5283891e-16  -1.1218210e-15  8.1036786e-16  9.5333791e-16  1.0000000   6.5234581e-16  -5.4927503e-16  -2.1720932e-16  -1.4392180e-16  4.7477637e-16  5.7488761e-16  
9.8614964e-17  -1.2847097e-16  -3.0050908e-16  -4.3993854e-16  6.5234581e-16  1.0000000   -5.7888635e-16  -4.1640394e-16  -3.3192257e-16  -6.7153450e-16  4.4797879e-16  9.8614964e-17  -1.2847097e-16  -3.0050908e-16  -4.3993854e-16  6.5234581e-16  1.0000000   -5.7888635e-16  -4.1640394e-16  -3.3192257e-16  -6.7153450e-16  4.4797879e-16  
2.1145330e-17  -8.8163424e-18  -3.4657804e-16  -5.6872672e-16  -5.4927503e-16  -5.7888635e-16  1.0000000   1.5736835e-16  6.7083051e-17  -5.2611376e-16  -5.4277511e-16  2.1145330e-17  -8.8163424e-18  -3.4657804e-16  -5.6872672e-16  -5.4927503e-16  -5.7888635e-16  1.0000000   1.5736835e-16  6.7083051e-17  -5.2611376e-16  -5.4277511e-16  
3.6195412e-17  -6.7537325e-17  3.1025038e-16  -6.7779322e-16  -2.1720932e-16  -4.1640394e-16  1.5736835e-16  1.0000000   2.5337297e-17  -7.9835650e-16  6.4751434e-18  3.6195412e-17  -6.7537325e-17  3.1025038e-16  -6.7779322e-16  -2.1720932e-16  -4.1640394e-16  1.5736835e-16  1.0000000   2.5337297e-17  -7.9835650e-16  6.4751434e-18  
1.0677528e-16  -2.0813325e-16  1.2469077e-16  -2.8924603e-16  -1.4392180e-16  -3.3192257e-16  6.7083051e-17  2.5337297e-17  1.0000000   2.0233415e-16  1.6913977e-16  1.0677528e-16  -2.0813325e-16  1.2469077e-16  -2.8924603e-16  -1.4392180e-16  -3.3192257e-16  6.7083051e-17  2.5337297e-17  1.0000000   2.0233415e-16  1.6913977e-16  
1.3891340e-16  -4.7057847e-16  3.6303197e-16  -3.6450284e-16  4.7477637e-16  -6.7153450e-16  -5.2611376e-16  -7.9835650e-16  2.0233415e-16  1.0000000   1.4558972e-16  1.3891340e-16  -4.7057847e-16  3.6303197e-16  -3.6450284e-16  4.7477637e-16  -6.7153450e-16  -5.2611376e-16  -7.9835650e-16  2.0233415e-16  1.0000000   1.4558972e-16  
5.6323625e-16  1.5973983e-16  3.3688808e-16  7.4397021e-18  5.7488761e-16  4.4797879e-16  -5.4277511e-16  6.4751434e-18  1.6913977e-16  1.4558972e-16  1.0000000   5.6323625e-16  1.5973983e-16  3.3688808e-16  7.4397021e-18  5.7488761e-16  4.4797879e-16  -5.4277511e-16  6.4751434e-18  1.6913977e-16  1.4558972e-16  1.0000000   
1.0000000   2.3158728e-16  -6.5142763e-17  -3.2583918e-16  -2.5283891e-16  9.8614964e-17  2.1145330e-17  3.6195412e-17  1.0677528e-16  1.3891340e-16  5.6323625e-16  1.0000000   2.3158728e-16  -6.5142763e-17  -3.2583918e-16  -2.5283891e-16  9.8614964e-17  2.1145330e-17  3.6195412e-17  1.0677528e-16  1.3891340e-16  5.6323625e-16  
2.3158728e-16  1.0000000   -3.5880972e-16  1.0135723e-16  -1.1218210e-15  -1.2847097e-16  -8.8163424e-18  -6.7537325e-17  -2.0813325e-16  -4.7057847e-16  1.5973983e-16  2.3158728e-16  1.0000000   -3.5880972e-16  1.0135723e-16  -1.1218210e-15  -1.2847097e-16  -8.8163424e-18  -6.7537325e-17  -2.0813325e-16  -4.7057847e-16  1.5973983e-16  
-6.5142763e-17  -3.5880972e-16  1.0000000   -3.4796664e-16  8.1036786e-16  -3.0050908e-16  -3.4657804e-16  3.1025038e-16  1.2469077e-16  3.6303197e-16  3.3688808e-16  -6.5142763e-17  -3.5880972e-16  1.0000000   -3.4796664e-16  8.1036786e-16  -3.0050908e-16  -3.4657804e-16  3.1025038e-16  1.2469077e-16  3.6303197e-16  3.3688808e-16  
-3.2583918e-16  1.0135723e-16  -3.4796664e-16  1.0000000   9.5333791e-16  -4.3993854e-16  -5.6872672e-16  -6.7779322e-16  -2.8924603e-16  -3.6450284e-16  7.4397021e-18  -3.2583918e-16  1.0135723e-16  -3.4796664e-16  1.0000000   9.5333791e-16  -4.3993854e-16  -5.6872672e-16  -6.7779322e-16  -2.8924603e-16  -3.6450284e-16  7.4397021e-18  
-2.5283891e-16  -1.1218210e-15  8.1036786e-16  9.5333791e-16  1.0000000   6.5234581e-16  -5.4927503e-16  -2.1720932e-16  -1.4392180e-16  4.7477637e-16  5.7488761e-16  -2.5283891e-16  -1.1218210e-15  8.1036786e-16  9.5333791e-16  1.0000000   6.5234581e-16  -5.4927503e-16  -2.1720932e-16  -1.4392180e-16  4.7477637e-16  5.7488761e-16  
9.8614964e-17  -1.2847097e-16  -3.0050908e-16  -4.3993854e-16  6.5234581e-16  1.0000000   -5.7888635e-16  -4.1640394e-16  -3.3192257e-16  -6.7153450e-16  4.4797879e-16  9.8614964e-17  -1.2847097e-16  -3.0050908e-16  -4.3993854e-16  6.5234581e-16  1.0000000   -5.7888635e-16  -4.1640394e-16  -3.3192257e-16  -6.7153450e-16  4.4797879e-16  
2.1145330e-17  -8.8163424e-18  -3.4657804e-16  -5.6872672e-16  -5.4927503e-16  -5.7888635e-16  1.0000000   1.5736835e-16  6.7083051e-17  -5.2611376e-16  -5.4277511e-16  2.1145330e-17  -8.8163424e-18  -3.4657804e-16  -5.6872672e-16  -5.4927503e-16  -5.7888635e-16  1.0000000   1.5736835e-16  6.7083051e-17  -5.2611376e-16  -5.4277511e-16  
3.6195412e-17  -6.7537325e-17  3.1025038e-16  -6.7779322e-16  -2.1720932e-16  -4.1640394e-16  1.5736835e-16  1.0000000   2.5337297e-17  -7.9835650e-16  6.4751434e-18  3.6195412e-17  -6.7537325e-17  3.1025038e-16  -6.7779322e-16  -2.1720932e-16  -4.1640394e-16  1.5736835e-16  1.0000000   2.5337297e-17  -7.9835650e-16  6.4751434e-18  
1.0677528e-16  -2.0813325e-16  1.2469077e-16  -2.8924603e-16  -1.4392180e-16  -3.3192257e-16  6.7083051e-17  2.5337297e-17  1.0000000   2.0233415e-16  1.6913977e-16  1.0677528e-16  -2.0813325e-16  1.2469077e-16  -2.8924603e-16  -1.4392180e-16  -3.3192257e-16  6.7083051e-17  2.5337297e-17  1.0000000   2.0233415e-16  1.6913977e-16  
1.3891340e-16  -4.7057847e-16  3.6303197e-16  -3.6450284e-16  4.7477637e-16  -6.7153450e-16  -5.2611376e-16  -7.9835650e-16  2.0233415e-16  1.0000000   1.4558972e-16  1.3891340e-16  -4.7057847e-16  3.6303197e-16  -3.6450284e-16  4.7477637e-16  -6.7153450e-16  -5.2611376e-16  -7.9835650e-16  2.0233415e-16  1.0000000   1.4558972e-16  
5.6323625e-16  1.5973983e-16  3.3688808e-16  7.4397021e-18  5.7488761e-16  4.4797879e-16  -5.4277511e-16  6.4751434e-18  1.6913977e-16  1.4558972e-16  1.0000000   5.6323625e-16  1.5973983e-16  3.3688808e-16  7.4397021e-18  5.7488761e-16  4.4797879e-16  -5.4277511e-16  6.4751434e-18  1.6913977e-16  1.4558972e-16  1.0000000   
