1.0000000   7.9197581e-17  -3.8257175e-16  -1.3633673e-16  -4.7431304e-17  -4.4506330e-16  -5.2168759e-17  -4.6521760e-16  1.3802741e-16  7.3911036e-16  1.1472214e-16  1.0000000   7.9197581e-17  -3.8257175e-16  -1.3633673e-16  -4.7431304e-17  -4.4506330e-16  -5.2168759e-17  -4.6521760e-16  1.3802741e-16  7.3911036e-16  1.1472214e-16  
7.9197581e-17  1.0000000   5.9875009e-16  -4.7460924e-17  2.9976792e-16  3.4353856e-16  1.1704428e-16  4.4155489e-16  -3.3460618e-16  -9.0749659e-16  1.3042391e-16  7.9197581e-17  1.0000000   5.9875009e-16  -4.7460924e-17  2.9976792e-16  3.4353856e-16  1.1704428e-16  4.4155489e-16  -3.3460618e-16  -9.0749659e-16  1.3042391e-16  
-3.8257175e-16  5.9875009e-16  1.0000000   1.1218083e-16  2.6450171e-16  -3.6126654e-16  -2.2894506e-16  -1.5903488e-16  3.0708650e-16  4.2898619e-16  2.1591447e-16  -3.8257175e-16  5.9875009e-16  1.0000000   1.1218083e-16  2.6450171e-16  -3.6126654e-16  -2.2894506e-16  -1.5903488e-16  3.0708650e-16  4.2898619e-16  2.1591447e-16  
-1.3633673e-16  -4.7460924e-17  1.1218083e-16  1.0000000   -1.3120223e-16  1.1228800e-15  -2.2854934e-16  5.1529631e-16  -3.4492622e-16  7.5556916e-16  -2.5593355e-16  -1.3633673e-16  -4.7460924e-17  1.1218083e-16  1.0000000   -1.3120223e-16  1.1228800e-15  -2.2854934e-16  5.1529631e-16  -3.4492622e-16  7.5556916e-16  -2.5593355e-16  
-4.7431304e-17  2.9976792e-16  2.6450171e-16  -1.3120223e-16  1.0000000   -1.6547593e-16  -3.7121981e-16  3.2072903e-17  6.1193048e-16  4.0574665e-16  -1.1328632e-16  -4.7431304e-17  2.9976792e-16  2.6450171e-16  -1.3120223e-16  1.0000000   -1.6547593e-16  -3.7121981e-16  3.2072903e-17  6.1193048e-16  4.0574665e-16  -1.1328632e-16  
-4.4506330e-16  3.4353856e-16  -3.6126654e-16  1.1228800e-15  -1.6547593e-16  1.0000000   8.9885781e-16  3.3949165e-16  -1.0290111e-16  -6.7400699e-16  -4.4056002e-16  -4.4506330e-16  3.4353856e-16  -3.6126654e-16  1.1228800e-15  -1.6547593e-16  1.0000000   8.9885781e-16  3.3949165e-16  -1.0290111e-16  -6.7400699e-16  -4.4056002e-16  
-5.2168759e-17  1.1704428e-16  -2.2894506e-16  -2.2854934e-16  -3.7121981e-16  8.9885781e-16  1.0000000   -7.6268541e-17  8.5325440e-17  7.2518244e-16  -1.3380283e-16  -5.2168759e-17  1.1704428e-16  -2.2894506e-16  -2.2854934e-16  -3.7121981e-16  8.9885781e-16  1.0000000   -7.6268541e-17  8.5325440e-17  7.2518244e-16  -1.3380283e-16  
-4.6521760e-16  4.4155489e-16  -1.5903488e-16  5.1529631e-16  3.2072903e-17  3.3949165e-16  -7.6268541e-17  1.0000000   -1.2428472e-16  1.3104277e-16  -1.1220063e-17  -4.6521760e-16  4.4155489e-16  -1.5903488e-16  5.1529631e-16  3.2072903e-17  3.3949165e-16  -7.6268541e-17  1.0000000   -1.2428472e-16  1.3104277e-16  -1.1220063e-17  
1.3802741e-16  -3.3460618e-16  3.0708650e-16  -3.4492622e-16  6.1193048e-16  -1.0290111e-16  8.5325440e-17  -1.2428472e-16  1.0000000   -2.1612617e-16  -5.0352932e-17  1.3802741e-16  -3.3460618e-16  3.0708650e-16  -3.4492622e-16  6.1193048e-16  -1.0290111e-16  8.5325440e-17  -1.2428472e-16  1.0000000   -2.1612617e-16  -5.0352932e-17  
7.3911036e-16  -9.0749659e-16  4.2898619e-16  7.5556916e-16  4.0574665e-16  -6.7400699e-16  7.2518244e-16  1.3104277e-16  -2.1612617e-16  1.0000000   1.0400643e-15  7.3911036e-16  -9.0749659e-16  4.2898619e-16  7.5556916e-16  4.0574665e-16  -6.7400699e-16  7.2518244e-16  1.3104277e-16  -2.1612617e-16  1.0000000   1.0400643e-15  
1.1472214e-16  1.3042391e-16  2.1591447e-16  -2.5593355e-16  -1.1328632e-16  -4.4056002e-16  -1.3380283e-16  -1.1220063e-17  -5.0352932e-17  1.0400643e-15  1.0000000   1.1472214e-16  1.3042391e-16  2.1591447e-16  -2.5593355e-16  -1.1328632e-16  -4.4056002e-16  -1.3380283e-16  -1.1220063e-17  -5.0352932e-17  1.0400643e-15  1.0000000   
1.0000000   7.9197581e-17  -3.8257175e-16  -1.3633673e-16  -4.7431304e-17  -4.4506330e-16  -5.2168759e-17  -4.6521760e-16  1.3802741e-16  7.3911036e-16  1.1472214e-16  1.0000000   7.9197581e-17  -3.8257175e-16  -1.3633673e-16  -4.7431304e-17  -4.4506330e-16  -5.2168759e-17  -4.6521760e-16  1.3802741e-16  7.3911036e-16  1.1472214e-16  
7.9197581e-17  1.0000000   5.9875009e-16  -4.7460924e-17  2.9976792e-16  3.4353856e-16  1.1704428e-16  4.4155489e-16  -3.3460618e-16  -9.0749659e-16  1.3042391e-16  7.9197581e-17  1.0000000   5.9875009e-16  -4.7460924e-17  2.9976792e-16  3.4353856e-16  1.1704428e-16  4.4155489e-16  -3.3460618e-16  -9.0749659e-16  1.3042391e-16  
-3.8257175e-16  5.9875009e-16  1.0000000   1.1218083e-16  2.6450171e-16  -3.6126654e-16  -2.2894506e-16  -1.5903488e-16  3.0708650e-16  4.2898619e-16  2.1591447e-16  -3.8257175e-16  5.9875009e-16  1.0000000   1.1218083e-16  2.6450171e-16  -3.6126654e-16  -2.2894506e-16  -1.5903488e-16  3.0708650e-16  4.2898619e-16  2.1591447e-16  
-1.3633673e-16  -4.7460924e-17  1.1218083e-16  1.0000000   -1.3120223e-16  1.1228800e-15  -2.2854934e-16  5.1529631e-16  -3.4492622e-16  7.5556916e-16  -2.5593355e-16  -1.3633673e-16  -4.7460924e-17  1.1218083e-16  1.0000000   -1.3120223e-16  1.1228800e-15  -2.2854934e-16  5.1529631e-16  -3.4492622e-16  7.5556916e-16  -2.5593355e-16  
-4.7431304e-17  2.9976792e-16  2.6450171e-16  -1.3120223e-16  1.0000000   -1.6547593e-16  -3.7121981e-16  3.2072903e-17  6.1193048e-16  4.0574665e-16  -1.1328632e-16  -4.7431304e-17  2.9976792e-16  2.6450171e-16  -1.3120223e-16  1.0000000   -1.6547593e-16  -3.7121981e-16  3.2072903e-17  6.1193048e-16  4.0574665e-16  -1.1328632e-16  
-4.4506330e-16  3.4353856e-16  -3.6126654e-16  1.1228800e-15  -1.6547593e-16  1.0000000   8.9885781e-16  3.3949165e-16  -1.0290111e-16  -6.7400699e-16  -4.4056002e-16  -4.4506330e-16  3.4353856e-16  -3.6126654e-16  1.1228800e-15  -1.6547593e-16  1.0000000   8.9885781e-16  3.3949165e-16  -1.0290111e-16  -6.7400699e-16  -4.4056002e-16  
-5.2168759e-17  1.1704428e-16  -2.2894506e-16  -2.2854934e-16  -3.7121981e-16  8.9885781e-16  1.0000000   -7.6268541e-17  8.5325440e-17  7.2518244e-16  -1.3380283e-16  -5.2168759e-17  1.1704428e-16  -2.2894506e-16  -2.2854934e-16  -3.7121981e-16  8.9885781e-16  1.0000000   -7.6268541e-17  8.5325440e-17  7.2518244e-16  -1.3380283e-16  
-4.6521760e-16  4.4155489e-16  -1.5903488e-16  5.1529631e-16  3.2072903e-17  3.3949165e-16  -7.6268541e-17  1.0000000   -1.2428472e-16  1.3104277e-16  -1.1220063e-17  -4.6521760e-16  4.4155489e-16  -1.5903488e-16  5.1529631e-16  3.2072903e-17  3.3949165e-16  -7.6268541e-17  1.0000000   -1.2428472e-16  1.3104277e-16  -1.1220063e-17  
1.3802741e-16  -3.3460618e-16  3.0708650e-16  -3.4492622e-16  6.1193048e-16  -1.0290111e-16  8.5325440e-17  -1.2428472e-16  1.0000000   -2.1612617e-16  -5.0352932e-17  1.3802741e-16  -3.3460618e-16  3.0708650e-16  -3.4492622e-16  6.1193048e-16  -1.0290111e-16  8.5325440e-17  -1.2428472e-16  1.0000000   -2.1612617e-16  -5.0352932e-17  
7.3911036e-16  -9.0749659e-16  4.2898619e-16  7.5556916e-16  4.0574665e-16  -6.7400699e-16  7.2518244e-16  1.3104277e-16  -2.1612617e-16  1.0000000   1.0400643e-15  7.3911036e-16  -9.0749659e-16  4.2898619e-16  7.5556916e-16  4.0574665e-16  -6.7400699e-16  7.2518244e-16  1.3104277e-16  -2.1612617e-16  1.0000000   1.0400643e-15  
1.1472214e-16  1.3042391e-16  2.1591447e-16  -2.5593355e-16  -1.1328632e-16  -4.4056002e-16  -1.3380283e-16  -1.1220063e-17  -5.0352932e-17  1.0400643e-15  1.0000000   1.1472214e-16  1.3042391e-16  2.1591447e-16  -2.5593355e-16  -1.1328632e-16  -4.4056002e-16  -1.3380283e-16  -1.1220063e-17  -5.0352932e-17  1.0400643e-15  1.0000000   
