1.0000000   -1.6277093e-16  3.9768282e-16  -1.0306845e-16  -4.4280426e-16  -2.3273585e-16  6.4444172e-17  -1.4450382e-18  4.9105380e-16  -8.8115143e-17  1.2360582e-16  1.0000000   -1.6277093e-16  3.9768282e-16  -1.0306845e-16  -4.4280426e-16  -2.3273585e-16  6.4444172e-17  -1.4450382e-18  4.9105380e-16  -8.8115143e-17  1.2360582e-16  
-1.6277093e-16  1.0000000   -9.7102163e-17  1.4067523e-16  -1.7186087e-16  -1.4833410e-16  3.1544947e-16  -6.3808178e-16  -4.7332413e-16  -1.1627230e-15  1.0580289e-16  -1.6277093e-16  1.0000000   -9.7102163e-17  1.4067523e-16  -1.7186087e-16  -1.4833410e-16  3.1544947e-16  -6.3808178e-16  -4.7332413e-16  -1.1627230e-15  1.0580289e-16  
3.9768282e-16  -9.7102163e-17  1.0000000   -6.1710162e-16  -1.6958870e-16  -1.1854514e-15  -1.0737413e-16  -3.8386347e-16  4.7458388e-16  -3.4866078e-16  1.7053695e-16  3.9768282e-16  -9.7102163e-17  1.0000000   -6.1710162e-16  -1.6958870e-16  -1.1854514e-15  -1.0737413e-16  -3.8386347e-16  4.7458388e-16  -3.4866078e-16  1.7053695e-16  
-1.0306845e-16  1.4067523e-16  -6.1710162e-16  1.0000000   3.5920761e-16  -8.8646371e-16  3.9113440e-17  -3.1384985e-16  3.2168188e-16  -1.7632748e-16  -7.4797424e-16  -1.0306845e-16  1.4067523e-16  -6.1710162e-16  1.0000000   3.5920761e-16  -8.8646371e-16  3.9113440e-17  -3.1384985e-16  3.2168188e-16  -1.7632748e-16  -7.4797424e-16  
-4.4280426e-16  -1.7186087e-16  -1.6958870e-16  3.5920761e-16  1.0000000   3.4832536e-17  5.8263585e-17  2.4883626e-16  -9.4401822e-19  -2.5200416e-16  -4.6646570e-16  -4.4280426e-16  -1.7186087e-16  -1.6958870e-16  3.5920761e-16  1.0000000   3.4832536e-17  5.8263585e-17  2.4883626e-16  -9.4401822e-19  -2.5200416e-16  -4.6646570e-16  
-2.3273585e-16  -1.4833410e-16  -1.1854514e-15  -8.8646371e-16  3.4832536e-17  1.0000000   2.0412393e-16  -2.4629177e-17  3.1159441e-16  -5.8900130e-16  3.7931829e-17  -2.3273585e-16  -1.4833410e-16  -1.1854514e-15  -8.8646371e-16  3.4832536e-17  1.0000000   2.0412393e-16  -2.4629177e-17  3.1159441e-16  -5.8900130e-16  3.7931829e-17  
6.4444172e-17  3.1544947e-16  -1.0737413e-16  3.9113440e-17  5.8263585e-17  2.0412393e-16  1.0000000   -2.1210383e-16  -1.6583698e-16  2.3187103e-16  -3.7213291e-16  6.4444172e-17  3.1544947e-16  -1.0737413e-16  3.9113440e-17  5.8263585e-17  2.0412393e-16  1.0000000   -2.1210383e-16  -1.6583698e-16  2.3187103e-16  -3.7213291e-16  
-1.4450382e-18  -6.3808178e-16  -3.8386347e-16  -3.1384985e-16  2.4883626e-16  -2.4629177e-17  -2.1210383e-16  1.0000000   -2.6609561e-16  -2.3788073e-17  5.5653537e-16  -1.4450382e-18  -6.3808178e-16  -3.8386347e-16  -3.1384985e-16  2.4883626e-16  -2.4629177e-17  -2.1210383e-16  1.0000000   -2.6609561e-16  -2.3788073e-17  5.5653537e-16  
4.9105380e-16  -4.7332413e-16  4.7458388e-16  3.2168188e-16  -9.4401822e-19  3.1159441e-16  -1.6583698e-16  -2.6609561e-16  1.0000000   7.4108310e-16  -1.5544685e-16  4.9105380e-16  -4.7332413e-16  4.7458388e-16  3.2168188e-16  -9.4401822e-19  3.1159441e-16  -1.6583698e-16  -2.6609561e-16  1.0000000   7.4108310e-16  -1.5544685e-16  
-8.8115143e-17  -1.1627230e-15  -3.4866078e-16  -1.7632748e-16  -2.5200416e-16  -5.8900130e-16  2.3187103e-16  -2.3788073e-17  7.4108310e-16  1.0000000   -1.7089059e-16  -8.8115143e-17  -1.1627230e-15  -3.4866078e-16  -1.7632748e-16  -2.5200416e-16  -5.8900130e-16  2.3187103e-16  -2.3788073e-17  7.4108310e-16  1.0000000   -1.7089059e-16  
1.2360582e-16  1.0580289e-16  1.7053695e-16  -7.4797424e-16  -4.6646570e-16  3.7931829e-17  -3.7213291e-16  5.5653537e-16  -1.5544685e-16  -1.7089059e-16  1.0000000   1.2360582e-16  1.0580289e-16  1.7053695e-16  -7.4797424e-16  -4.6646570e-16  3.7931829e-17  -3.7213291e-16  5.5653537e-16  -1.5544685e-16  -1.7089059e-16  1.0000000   
1.0000000   -1.6277093e-16  3.9768282e-16  -1.0306845e-16  -4.4280426e-16  -2.3273585e-16  6.4444172e-17  -1.4450382e-18  4.9105380e-16  -8.8115143e-17  1.2360582e-16  1.0000000   -1.6277093e-16  3.9768282e-16  -1.0306845e-16  -4.4280426e-16  -2.3273585e-16  6.4444172e-17  -1.4450382e-18  4.9105380e-16  -8.8115143e-17  1.2360582e-16  
-1.6277093e-16  1.0000000   -9.7102163e-17  1.4067523e-16  -1.7186087e-16  -1.4833410e-16  3.1544947e-16  -6.3808178e-16  -4.7332413e-16  -1.1627230e-15  1.0580289e-16  -1.6277093e-16  1.0000000   -9.7102163e-17  1.4067523e-16  -1.7186087e-16  -1.4833410e-16  3.1544947e-16  -6.3808178e-16  -4.7332413e-16  -1.1627230e-15  1.0580289e-16  
3.9768282e-16  -9.7102163e-17  1.0000000   -6.1710162e-16  -1.6958870e-16  -1.1854514e-15  -1.0737413e-16  -3.8386347e-16  4.7458388e-16  -3.4866078e-16  1.7053695e-16  3.9768282e-16  -9.7102163e-17  1.0000000   -6.1710162e-16  -1.6958870e-16  -1.1854514e-15  -1.0737413e-16  -3.8386347e-16  4.7458388e-16  -3.4866078e-16  1.7053695e-16  
-1.0306845e-16  1.4067523e-16  -6.1710162e-16  1.0000000   3.5920761e-16  -8.8646371e-16  3.9113440e-17  -3.1384985e-16  3.2168188e-16  -1.7632748e-16  -7.4797424e-16  -1.0306845e-16  1.4067523e-16  -6.1710162e-16  1.0000000   3.5920761e-16  -8.8646371e-16  3.9113440e-17  -3.1384985e-16  3.2168188e-16  -1.7632748e-16  -7.4797424e-16  
-4.4280426e-16  -1.7186087e-16  -1.6958870e-16  3.5920761e-16  1.0000000   3.4832536e-17  5.8263585e-17  2.4883626e-16  -9.4401822e-19  -2.5200416e-16  -4.6646570e-16  -4.4280426e-16  -1.7186087e-16  -1.6958870e-16  3.5920761e-16  1.0000000   3.4832536e-17  5.8263585e-17  2.4883626e-16  -9.4401822e-19  -2.5200416e-16  -4.6646570e-16  
-2.3273585e-16  -1.4833410e-16  -1.1854514e-15  -8.8646371e-16  3.4832536e-17  1.0000000   2.0412393e-16  -2.4629177e-17  3.1159441e-16  -5.8900130e-16  3.7931829e-17  -2.3273585e-16  -1.4833410e-16  -1.1854514e-15  -8.8646371e-16  3.4832536e-17  1.0000000   2.0412393e-16  -2.4629177e-17  3.1159441e-16  -5.8900130e-16  3.7931829e-17  
6.4444172e-17  3.1544947e-16  -1.0737413e-16  3.9113440e-17  5.8263585e-17  2.0412393e-16  1.0000000   -2.1210383e-16  -1.6583698e-16  2.3187103e-16  -3.7213291e-16  6.4444172e-17  3.1544947e-16  -1.0737413e-16  3.9113440e-17  5.8263585e-17  2.0412393e-16  1.0000000   -2.1210383e-16  -1.6583698e-16  2.3187103e-16  -3.7213291e-16  
-1.4450382e-18  -6.3808178e-16  -3.8386347e-16  -3.1384985e-16  2.4883626e-16  -2.4629177e-17  -2.1210383e-16  1.0000000   -2.6609561e-16  -2.3788073e-17  5.5653537e-16  -1.4450382e-18  -6.3808178e-16  -3.8386347e-16  -3.1384985e-16  2.4883626e-16  -2.4629177e-17  -2.1210383e-16  1.0000000   -2.6609561e-16  -2.3788073e-17  5.5653537e-16  
4.9105380e-16  -4.7332413e-16  4.7458388e-16  3.2168188e-16  -9.4401822e-19  3.1159441e-16  -1.6583698e-16  -2.6609561e-16  1.0000000   7.4108310e-16  -1.5544685e-16  4.9105380e-16  -4.7332413e-16  4.7458388e-16  3.2168188e-16  -9.4401822e-19  3.1159441e-16  -1.6583698e-16  -2.6609561e-16  1.0000000   7.4108310e-16  -1.5544685e-16  
-8.8115143e-17  -1.1627230e-15  -3.4866078e-16  -1.7632748e-16  -2.5200416e-16  -5.8900130e-16  2.3187103e-16  -2.3788073e-17  7.4108310e-16  1.0000000   -1.7089059e-16  -8.8115143e-17  -1.1627230e-15  -3.4866078e-16  -1.7632748e-16  -2.5200416e-16  -5.8900130e-16  2.3187103e-16  -2.3788073e-17  7.4108310e-16  1.0000000   -1.7089059e-16  
1.2360582e-16  1.0580289e-16  1.7053695e-16  -7.4797424e-16  -4.6646570e-16  3.7931829e-17  -3.7213291e-16  5.5653537e-16  -1.5544685e-16  -1.7089059e-16  1.0000000   1.2360582e-16  1.0580289e-16  1.7053695e-16  -7.4797424e-16  -4.6646570e-16  3.7931829e-17  -3.7213291e-16  5.5653537e-16  -1.5544685e-16  -1.7089059e-16  1.0000000   
