1.0000000   5.7016075e-16  -1.2581023e-16  1.1696509e-16  2.1764088e-17  6.1905805e-16  5.9073581e-16  5.4012538e-16  -5.3989711e-16  -4.4919851e-17  -5.6377327e-16  1.0000000   5.7016075e-16  -1.2581023e-16  1.1696509e-16  2.1764088e-17  6.1905805e-16  5.9073581e-16  5.4012538e-16  -5.3989711e-16  -4.4919851e-17  -5.6377327e-16  
5.7016075e-16  1.0000000   2.1665578e-16  2.1601754e-16  -5.4229590e-17  1.0113658e-16  -3.7188050e-16  1.8100099e-16  -1.2107912e-16  1.4102548e-16  -3.5488309e-16  5.7016075e-16  1.0000000   2.1665578e-16  2.1601754e-16  -5.4229590e-17  1.0113658e-16  -3.7188050e-16  1.8100099e-16  -1.2107912e-16  1.4102548e-16  -3.5488309e-16  
-1.2581023e-16  2.1665578e-16  1.0000000   3.2739094e-16  -3.0750186e-16  1.5483551e-16  -4.6781397e-16  -8.9635779e-17  -9.8963941e-17  -8.0750044e-16  1.2833820e-17  -1.2581023e-16  2.1665578e-16  1.0000000   3.2739094e-16  -3.0750186e-16  1.5483551e-16  -4.6781397e-16  -8.9635779e-17  -9.8963941e-17  -8.0750044e-16  1.2833820e-17  
1.1696509e-16  2.1601754e-16  3.2739094e-16  1.0000000   -3.0017249e-16  3.7456813e-16  3.1194275e-16  -3.4145592e-17  -8.3667373e-17  -4.3000644e-16  -2.2022433e-17  1.1696509e-16  2.1601754e-16  3.2739094e-16  1.0000000   -3.0017249e-16  3.7456813e-16  3.1194275e-16  -3.4145592e-17  -8.3667373e-17  -4.3000644e-16  -2.2022433e-17  
2.1764088e-17  -5.4229590e-17  -3.0750186e-16  -3.0017249e-16  1.0000000   -1.2453333e-16  -2.9116609e-16  2.8218214e-17  3.2994517e-16  4.9088545e-16  -2.8394260e-16  2.1764088e-17  -5.4229590e-17  -3.0750186e-16  -3.0017249e-16  1.0000000   -1.2453333e-16  -2.9116609e-16  2.8218214e-17  3.2994517e-16  4.9088545e-16  -2.8394260e-16  
6.1905805e-16  1.0113658e-16  1.5483551e-16  3.7456813e-16  -1.2453333e-16  1.0000000   2.0233923e-16  -4.9264071e-16  -2.3569666e-16  -1.2537845e-16  -2.5807315e-16  6.1905805e-16  1.0113658e-16  1.5483551e-16  3.7456813e-16  -1.2453333e-16  1.0000000   2.0233923e-16  -4.9264071e-16  -2.3569666e-16  -1.2537845e-16  -2.5807315e-16  
5.9073581e-16  -3.7188050e-16  -4.6781397e-16  3.1194275e-16  -2.9116609e-16  2.0233923e-16  1.0000000   9.3480250e-17  1.6293399e-16  -2.0284279e-16  6.7020360e-16  5.9073581e-16  -3.7188050e-16  -4.6781397e-16  3.1194275e-16  -2.9116609e-16  2.0233923e-16  1.0000000   9.3480250e-17  1.6293399e-16  -2.0284279e-16  6.7020360e-16  
5.4012538e-16  1.8100099e-16  -8.9635779e-17  -3.4145592e-17  2.8218214e-17  -4.9264071e-16  9.3480250e-17  1.0000000   -9.8415996e-16  -2.6650536e-16  2.3497054e-16  5.4012538e-16  1.8100099e-16  -8.9635779e-17  -3.4145592e-17  2.8218214e-17  -4.9264071e-16  9.3480250e-17  1.0000000   -9.8415996e-16  -2.6650536e-16  2.3497054e-16  
-5.3989711e-16  -1.2107912e-16  -9.8963941e-17  -8.3667373e-17  3.2994517e-16  -2.3569666e-16  1.6293399e-16  -9.8415996e-16  1.0000000   -7.8875285e-17  -3.2659261e-17  -5.3989711e-16  -1.2107912e-16  -9.8963941e-17  -8.3667373e-17  3.2994517e-16  -2.3569666e-16  1.6293399e-16  -9.8415996e-16  1.0000000   -7.8875285e-17  -3.2659261e-17  
-4.4919851e-17  1.4102548e-16  -8.0750044e-16  -4.3000644e-16  4.9088545e-16  -1.2537845e-16  -2.0284279e-16  -2.6650536e-16  -7.8875285e-17  1.0000000   -1.4667223e-17  -4.4919851e-17  1.4102548e-16  -8.0750044e-16  -4.3000644e-16  4.9088545e-16  -1.2537845e-16  -2.0284279e-16  -2.6650536e-16  -7.8875285e-17  1.0000000   -1.4667223e-17  
-5.6377327e-16  -3.5488309e-16  1.2833820e-17  -2.2022433e-17  -2.8394260e-16  -2.5807315e-16  6.7020360e-16  2.3497054e-16  -3.2659261e-17  -1.4667223e-17  1.0000000   -5.6377327e-16  -3.5488309e-16  1.2833820e-17  -2.2022433e-17  -2.8394260e-16  -2.5807315e-16  6.7020360e-16  2.3497054e-16  -3.2659261e-17  -1.4667223e-17  1.0000000   
1.0000000   5.7016075e-16  -1.2581023e-16  1.1696509e-16  2.1764088e-17  6.1905805e-16  5.9073581e-16  5.4012538e-16  -5.3989711e-16  -4.4919851e-17  -5.6377327e-16  1.0000000   5.7016075e-16  -1.2581023e-16  1.1696509e-16  2.1764088e-17  6.1905805e-16  5.9073581e-16  5.4012538e-16  -5.3989711e-16  -4.4919851e-17  -5.6377327e-16  
5.7016075e-16  1.0000000   2.1665578e-16  2.1601754e-16  -5.4229590e-17  1.0113658e-16  -3.7188050e-16  1.8100099e-16  -1.2107912e-16  1.4102548e-16  -3.5488309e-16  5.7016075e-16  1.0000000   2.1665578e-16  2.1601754e-16  -5.4229590e-17  1.0113658e-16  -3.7188050e-16  1.8100099e-16  -1.2107912e-16  1.4102548e-16  -3.5488309e-16  
-1.2581023e-16  2.1665578e-16  1.0000000   3.2739094e-16  -3.0750186e-16  1.5483551e-16  -4.6781397e-16  -8.9635779e-17  -9.8963941e-17  -8.0750044e-16  1.2833820e-17  -1.2581023e-16  2.1665578e-16  1.0000000   3.2739094e-16  -3.0750186e-16  1.5483551e-16  -4.6781397e-16  -8.9635779e-17  -9.8963941e-17  -8.0750044e-16  1.2833820e-17  
1.1696509e-16  2.1601754e-16  3.2739094e-16  1.0000000   -3.0017249e-16  3.7456813e-16  3.1194275e-16  -3.4145592e-17  -8.3667373e-17  -4.3000644e-16  -2.2022433e-17  1.1696509e-16  2.1601754e-16  3.2739094e-16  1.0000000   -3.0017249e-16  3.7456813e-16  3.1194275e-16  -3.4145592e-17  -8.3667373e-17  -4.3000644e-16  -2.2022433e-17  
2.1764088e-17  -5.4229590e-17  -3.0750186e-16  -3.0017249e-16  1.0000000   -1.2453333e-16  -2.9116609e-16  2.8218214e-17  3.2994517e-16  4.9088545e-16  -2.8394260e-16  2.1764088e-17  -5.4229590e-17  -3.0750186e-16  -3.0017249e-16  1.0000000   -1.2453333e-16  -2.9116609e-16  2.8218214e-17  3.2994517e-16  4.9088545e-16  -2.8394260e-16  
6.1905805e-16  1.0113658e-16  1.5483551e-16  3.7456813e-16  -1.2453333e-16  1.0000000   2.0233923e-16  -4.9264071e-16  -2.3569666e-16  -1.2537845e-16  -2.5807315e-16  6.1905805e-16  1.0113658e-16  1.5483551e-16  3.7456813e-16  -1.2453333e-16  1.0000000   2.0233923e-16  -4.9264071e-16  -2.3569666e-16  -1.2537845e-16  -2.5807315e-16  
5.9073581e-16  -3.7188050e-16  -4.6781397e-16  3.1194275e-16  -2.9116609e-16  2.0233923e-16  1.0000000   9.3480250e-17  1.6293399e-16  -2.0284279e-16  6.7020360e-16  5.9073581e-16  -3.7188050e-16  -4.6781397e-16  3.1194275e-16  -2.9116609e-16  2.0233923e-16  1.0000000   9.3480250e-17  1.6293399e-16  -2.0284279e-16  6.7020360e-16  
5.4012538e-16  1.8100099e-16  -8.9635779e-17  -3.4145592e-17  2.8218214e-17  -4.9264071e-16  9.3480250e-17  1.0000000   -9.8415996e-16  -2.6650536e-16  2.3497054e-16  5.4012538e-16  1.8100099e-16  -8.9635779e-17  -3.4145592e-17  2.8218214e-17  -4.9264071e-16  9.3480250e-17  1.0000000   -9.8415996e-16  -2.6650536e-16  2.3497054e-16  
-5.3989711e-16  -1.2107912e-16  -9.8963941e-17  -8.3667373e-17  3.2994517e-16  -2.3569666e-16  1.6293399e-16  -9.8415996e-16  1.0000000   -7.8875285e-17  -3.2659261e-17  -5.3989711e-16  -1.2107912e-16  -9.8963941e-17  -8.3667373e-17  3.2994517e-16  -2.3569666e-16  1.6293399e-16  -9.8415996e-16  1.0000000   -7.8875285e-17  -3.2659261e-17  
-4.4919851e-17  1.4102548e-16  -8.0750044e-16  -4.3000644e-16  4.9088545e-16  -1.2537845e-16  -2.0284279e-16  -2.6650536e-16  -7.8875285e-17  1.0000000   -1.4667223e-17  -4.4919851e-17  1.4102548e-16  -8.0750044e-16  -4.3000644e-16  4.9088545e-16  -1.2537845e-16  -2.0284279e-16  -2.6650536e-16  -7.8875285e-17  1.0000000   -1.4667223e-17  
-5.6377327e-16  -3.5488309e-16  1.2833820e-17  -2.2022433e-17  -2.8394260e-16  -2.5807315e-16  6.7020360e-16  2.3497054e-16  -3.2659261e-17  -1.4667223e-17  1.0000000   -5.6377327e-16  -3.5488309e-16  1.2833820e-17  -2.2022433e-17  -2.8394260e-16  -2.5807315e-16  6.7020360e-16  2.3497054e-16  -3.2659261e-17  -1.4667223e-17  1.0000000   
