1.0000000   -1.5870518e-16  1.0383497e-15  3.2353694e-16  2.1025581e-16  6.9461445e-16  -1.0513373e-16  -4.4858950e-16  -1.2846440e-16  -9.0134470e-17  -1.7009438e-16  1.0000000   -1.5870518e-16  1.0383497e-15  3.2353694e-16  2.1025581e-16  6.9461445e-16  -1.0513373e-16  -4.4858950e-16  -1.2846440e-16  -9.0134470e-17  -1.7009438e-16  
-1.5870518e-16  1.0000000   2.1285006e-16  5.2135174e-16  -5.5541123e-16  1.4506032e-16  3.9362542e-16  -4.6562793e-16  6.0592502e-18  3.0549810e-16  8.7824611e-18  -1.5870518e-16  1.0000000   2.1285006e-16  5.2135174e-16  -5.5541123e-16  1.4506032e-16  3.9362542e-16  -4.6562793e-16  6.0592502e-18  3.0549810e-16  8.7824611e-18  
1.0383497e-15  2.1285006e-16  1.0000000   -3.5394680e-16  3.0155630e-16  -6.7294227e-17  4.5932162e-16  2.3318817e-18  2.7572024e-16  -4.8896586e-16  3.2947993e-16  1.0383497e-15  2.1285006e-16  1.0000000   -3.5394680e-16  3.0155630e-16  -6.7294227e-17  4.5932162e-16  2.3318817e-18  2.7572024e-16  -4.8896586e-16  3.2947993e-16  
3.2353694e-16  5.2135174e-16  -3.5394680e-16  1.0000000   2.2911709e-16  -9.9882866e-17  -3.9975646e-16  4.4133784e-16  -2.8035414e-16  -1.8988192e-16  -8.5301872e-16  3.2353694e-16  5.2135174e-16  -3.5394680e-16  1.0000000   2.2911709e-16  -9.9882866e-17  -3.9975646e-16  4.4133784e-16  -2.8035414e-16  -1.8988192e-16  -8.5301872e-16  
2.1025581e-16  -5.5541123e-16  3.0155630e-16  2.2911709e-16  1.0000000   3.4863876e-16  -2.8300742e-16  9.9186415e-16  -1.6449825e-16  1.7337113e-16  -4.5326263e-16  2.1025581e-16  -5.5541123e-16  3.0155630e-16  2.2911709e-16  1.0000000   3.4863876e-16  -2.8300742e-16  9.9186415e-16  -1.6449825e-16  1.7337113e-16  -4.5326263e-16  
6.9461445e-16  1.4506032e-16  -6.7294227e-17  -9.9882866e-17  3.4863876e-16  1.0000000   1.6065248e-16  1.7892978e-16  2.3656444e-16  6.8186152e-19  3.8698140e-16  6.9461445e-16  1.4506032e-16  -6.7294227e-17  -9.9882866e-17  3.4863876e-16  1.0000000   1.6065248e-16  1.7892978e-16  2.3656444e-16  6.8186152e-19  3.8698140e-16  
-1.0513373e-16  3.9362542e-16  4.5932162e-16  -3.9975646e-16  -2.8300742e-16  1.6065248e-16  1.0000000   -6.0718096e-16  -2.6490595e-16  -2.4104567e-16  5.8429624e-16  -1.0513373e-16  3.9362542e-16  4.5932162e-16  -3.9975646e-16  -2.8300742e-16  1.6065248e-16  1.0000000   -6.0718096e-16  -2.6490595e-16  -2.4104567e-16  5.8429624e-16  
-4.4858950e-16  -4.6562793e-16  2.3318817e-18  4.4133784e-16  9.9186415e-16  1.7892978e-16  -6.0718096e-16  1.0000000   -2.8613620e-16  2.6900559e-16  3.0160472e-16  -4.4858950e-16  -4.6562793e-16  2.3318817e-18  4.4133784e-16  9.9186415e-16  1.7892978e-16  -6.0718096e-16  1.0000000   -2.8613620e-16  2.6900559e-16  3.0160472e-16  
-1.2846440e-16  6.0592502e-18  2.7572024e-16  -2.8035414e-16  -1.6449825e-16  2.3656444e-16  -2.6490595e-16  -2.8613620e-16  1.0000000   6.2098526e-17  -2.3053188e-16  -1.2846440e-16  6.0592502e-18  2.7572024e-16  -2.8035414e-16  -1.6449825e-16  2.3656444e-16  -2.6490595e-16  -2.8613620e-16  1.0000000   6.2098526e-17  -2.3053188e-16  
-9.0134470e-17  3.0549810e-16  -4.8896586e-16  -1.8988192e-16  1.7337113e-16  6.8186152e-19  -2.4104567e-16  2.6900559e-16  6.2098526e-17  1.0000000   -1.8425508e-16  -9.0134470e-17  3.0549810e-16  -4.8896586e-16  -1.8988192e-16  1.7337113e-16  6.8186152e-19  -2.4104567e-16  2.6900559e-16  6.2098526e-17  1.0000000   -1.8425508e-16  
-1.7009438e-16  8.7824611e-18  3.2947993e-16  -8.5301872e-16  -4.5326263e-16  3.8698140e-16  5.8429624e-16  3.0160472e-16  -2.3053188e-16  -1.8425508e-16  1.0000000   -1.7009438e-16  8.7824611e-18  3.2947993e-16  -8.5301872e-16  -4.5326263e-16  3.8698140e-16  5.8429624e-16  3.0160472e-16  -2.3053188e-16  -1.8425508e-16  1.0000000   
1.0000000   -1.5870518e-16  1.0383497e-15  3.2353694e-16  2.1025581e-16  6.9461445e-16  -1.0513373e-16  -4.4858950e-16  -1.2846440e-16  -9.0134470e-17  -1.7009438e-16  1.0000000   -1.5870518e-16  1.0383497e-15  3.2353694e-16  2.1025581e-16  6.9461445e-16  -1.0513373e-16  -4.4858950e-16  -1.2846440e-16  -9.0134470e-17  -1.7009438e-16  
-1.5870518e-16  1.0000000   2.1285006e-16  5.2135174e-16  -5.5541123e-16  1.4506032e-16  3.9362542e-16  -4.6562793e-16  6.0592502e-18  3.0549810e-16  8.7824611e-18  -1.5870518e-16  1.0000000   2.1285006e-16  5.2135174e-16  -5.5541123e-16  1.4506032e-16  3.9362542e-16  -4.6562793e-16  6.0592502e-18  3.0549810e-16  8.7824611e-18  
1.0383497e-15  2.1285006e-16  1.0000000   -3.5394680e-16  3.0155630e-16  -6.7294227e-17  4.5932162e-16  2.3318817e-18  2.7572024e-16  -4.8896586e-16  3.2947993e-16  1.0383497e-15  2.1285006e-16  1.0000000   -3.5394680e-16  3.0155630e-16  -6.7294227e-17  4.5932162e-16  2.3318817e-18  2.7572024e-16  -4.8896586e-16  3.2947993e-16  
3.2353694e-16  5.2135174e-16  -3.5394680e-16  1.0000000   2.2911709e-16  -9.9882866e-17  -3.9975646e-16  4.4133784e-16  -2.8035414e-16  -1.8988192e-16  -8.5301872e-16  3.2353694e-16  5.2135174e-16  -3.5394680e-16  1.0000000   2.2911709e-16  -9.9882866e-17  -3.9975646e-16  4.4133784e-16  -2.8035414e-16  -1.8988192e-16  -8.5301872e-16  
2.1025581e-16  -5.5541123e-16  3.0155630e-16  2.2911709e-16  1.0000000   3.4863876e-16  -2.8300742e-16  9.9186415e-16  -1.6449825e-16  1.7337113e-16  -4.5326263e-16  2.1025581e-16  -5.5541123e-16  3.0155630e-16  2.2911709e-16  1.0000000   3.4863876e-16  -2.8300742e-16  9.9186415e-16  -1.6449825e-16  1.7337113e-16  -4.5326263e-16  
6.9461445e-16  1.4506032e-16  -6.7294227e-17  -9.9882866e-17  3.4863876e-16  1.0000000   1.6065248e-16  1.7892978e-16  2.3656444e-16  6.8186152e-19  3.8698140e-16  6.9461445e-16  1.4506032e-16  -6.7294227e-17  -9.9882866e-17  3.4863876e-16  1.0000000   1.6065248e-16  1.7892978e-16  2.3656444e-16  6.8186152e-19  3.8698140e-16  
-1.0513373e-16  3.9362542e-16  4.5932162e-16  -3.9975646e-16  -2.8300742e-16  1.6065248e-16  1.0000000   -6.0718096e-16  -2.6490595e-16  -2.4104567e-16  5.8429624e-16  -1.0513373e-16  3.9362542e-16  4.5932162e-16  -3.9975646e-16  -2.8300742e-16  1.6065248e-16  1.0000000   -6.0718096e-16  -2.6490595e-16  -2.4104567e-16  5.8429624e-16  
-4.4858950e-16  -4.6562793e-16  2.3318817e-18  4.4133784e-16  9.9186415e-16  1.7892978e-16  -6.0718096e-16  1.0000000   -2.8613620e-16  2.6900559e-16  3.0160472e-16  -4.4858950e-16  -4.6562793e-16  2.3318817e-18  4.4133784e-16  9.9186415e-16  1.7892978e-16  -6.0718096e-16  1.0000000   -2.8613620e-16  2.6900559e-16  3.0160472e-16  
-1.2846440e-16  6.0592502e-18  2.7572024e-16  -2.8035414e-16  -1.6449825e-16  2.3656444e-16  -2.6490595e-16  -2.8613620e-16  1.0000000   6.2098526e-17  -2.3053188e-16  -1.2846440e-16  6.0592502e-18  2.7572024e-16  -2.8035414e-16  -1.6449825e-16  2.3656444e-16  -2.6490595e-16  -2.8613620e-16  1.0000000   6.2098526e-17  -2.3053188e-16  
-9.0134470e-17  3.0549810e-16  -4.8896586e-16  -1.8988192e-16  1.7337113e-16  6.8186152e-19  -2.4104567e-16  2.6900559e-16  6.2098526e-17  1.0000000   -1.8425508e-16  -9.0134470e-17  3.0549810e-16  -4.8896586e-16  -1.8988192e-16  1.7337113e-16  6.8186152e-19  -2.4104567e-16  2.6900559e-16  6.2098526e-17  1.0000000   -1.8425508e-16  
-1.7009438e-16  8.7824611e-18  3.2947993e-16  -8.5301872e-16  -4.5326263e-16  3.8698140e-16  5.8429624e-16  3.0160472e-16  -2.3053188e-16  -1.8425508e-16  1.0000000   -1.7009438e-16  8.7824611e-18  3.2947993e-16  -8.5301872e-16  -4.5326263e-16  3.8698140e-16  5.8429624e-16  3.0160472e-16  -2.3053188e-16  -1.8425508e-16  1.0000000   
