1.0000000   -4.3347080e-16  4.8237341e-16  -1.3446987e-16  -3.3711742e-16  -1.7517827e-16  2.8676470e-16  1.9641974e-16  7.2591655e-16  -5.5812695e-17  1.4864666e-16  1.0000000   -4.3347080e-16  4.8237341e-16  -1.3446987e-16  -3.3711742e-16  -1.7517827e-16  2.8676470e-16  1.9641974e-16  7.2591655e-16  -5.5812695e-17  1.4864666e-16  
-4.3347080e-16  1.0000000   -4.7512725e-18  1.6483431e-16  1.6317073e-16  -6.9116830e-17  -1.2302285e-16  3.4891172e-16  -3.1455754e-16  -2.8550093e-17  -6.0189314e-17  -4.3347080e-16  1.0000000   -4.7512725e-18  1.6483431e-16  1.6317073e-16  -6.9116830e-17  -1.2302285e-16  3.4891172e-16  -3.1455754e-16  -2.8550093e-17  -6.0189314e-17  
4.8237341e-16  -4.7512725e-18  1.0000000   -2.3423108e-17  3.1441524e-16  3.7972360e-16  -3.5822421e-16  -9.5425461e-17  -2.5781896e-16  -1.7709468e-16  -5.4977775e-16  4.8237341e-16  -4.7512725e-18  1.0000000   -2.3423108e-17  3.1441524e-16  3.7972360e-16  -3.5822421e-16  -9.5425461e-17  -2.5781896e-16  -1.7709468e-16  -5.4977775e-16  
-1.3446987e-16  1.6483431e-16  -2.3423108e-17  1.0000000   3.3156258e-17  -5.4268257e-16  -1.4475962e-16  2.1856033e-16  -6.5388826e-18  1.0899196e-16  2.8992244e-17  -1.3446987e-16  1.6483431e-16  -2.3423108e-17  1.0000000   3.3156258e-17  -5.4268257e-16  -1.4475962e-16  2.1856033e-16  -6.5388826e-18  1.0899196e-16  2.8992244e-17  
-3.3711742e-16  1.6317073e-16  3.1441524e-16  3.3156258e-17  1.0000000   -7.2288333e-17  2.9417497e-16  -3.9515273e-16  2.3264268e-16  7.5186456e-17  -7.7490407e-16  -3.3711742e-16  1.6317073e-16  3.1441524e-16  3.3156258e-17  1.0000000   -7.2288333e-17  2.9417497e-16  -3.9515273e-16  2.3264268e-16  7.5186456e-17  -7.7490407e-16  
-1.7517827e-16  -6.9116830e-17  3.7972360e-16  -5.4268257e-16  -7.2288333e-17  1.0000000   -3.7721850e-16  -4.8308788e-16  2.1689009e-16  -1.2195157e-17  -3.4378653e-16  -1.7517827e-16  -6.9116830e-17  3.7972360e-16  -5.4268257e-16  -7.2288333e-17  1.0000000   -3.7721850e-16  -4.8308788e-16  2.1689009e-16  -1.2195157e-17  -3.4378653e-16  
2.8676470e-16  -1.2302285e-16  -3.5822421e-16  -1.4475962e-16  2.9417497e-16  -3.7721850e-16  1.0000000   7.9122195e-17  5.0117563e-17  -1.9303627e-16  -5.5654639e-16  2.8676470e-16  -1.2302285e-16  -3.5822421e-16  -1.4475962e-16  2.9417497e-16  -3.7721850e-16  1.0000000   7.9122195e-17  5.0117563e-17  -1.9303627e-16  -5.5654639e-16  
1.9641974e-16  3.4891172e-16  -9.5425461e-17  2.1856033e-16  -3.9515273e-16  -4.8308788e-16  7.9122195e-17  1.0000000   -5.1694254e-16  -7.0273284e-16  3.2576019e-16  1.9641974e-16  3.4891172e-16  -9.5425461e-17  2.1856033e-16  -3.9515273e-16  -4.8308788e-16  7.9122195e-17  1.0000000   -5.1694254e-16  -7.0273284e-16  3.2576019e-16  
7.2591655e-16  -3.1455754e-16  -2.5781896e-16  -6.5388826e-18  2.3264268e-16  2.1689009e-16  5.0117563e-17  -5.1694254e-16  1.0000000   4.1137246e-16  1.3290238e-16  7.2591655e-16  -3.1455754e-16  -2.5781896e-16  -6.5388826e-18  2.3264268e-16  2.1689009e-16  5.0117563e-17  -5.1694254e-16  1.0000000   4.1137246e-16  1.3290238e-16  
-5.5812695e-17  -2.8550093e-17  -1.7709468e-16  1.0899196e-16  7.5186456e-17  -1.2195157e-17  -1.9303627e-16  -7.0273284e-16  4.1137246e-16  1.0000000   -2.4033882e-16  -5.5812695e-17  -2.8550093e-17  -1.7709468e-16  1.0899196e-16  7.5186456e-17  -1.2195157e-17  -1.9303627e-16  -7.0273284e-16  4.1137246e-16  1.0000000   -2.4033882e-16  
1.4864666e-16  -6.0189314e-17  -5.4977775e-16  2.8992244e-17  -7.7490407e-16  -3.4378653e-16  -5.5654639e-16  3.2576019e-16  1.3290238e-16  -2.4033882e-16  1.0000000   1.4864666e-16  -6.0189314e-17  -5.4977775e-16  2.8992244e-17  -7.7490407e-16  -3.4378653e-16  -5.5654639e-16  3.2576019e-16  1.3290238e-16  -2.4033882e-16  1.0000000   
1.0000000   -4.3347080e-16  4.8237341e-16  -1.3446987e-16  -3.3711742e-16  -1.7517827e-16  2.8676470e-16  1.9641974e-16  7.2591655e-16  -5.5812695e-17  1.4864666e-16  1.0000000   -4.3347080e-16  4.8237341e-16  -1.3446987e-16  -3.3711742e-16  -1.7517827e-16  2.8676470e-16  1.9641974e-16  7.2591655e-16  -5.5812695e-17  1.4864666e-16  
-4.3347080e-16  1.0000000   -4.7512725e-18  1.6483431e-16  1.6317073e-16  -6.9116830e-17  -1.2302285e-16  3.4891172e-16  -3.1455754e-16  -2.8550093e-17  -6.0189314e-17  -4.3347080e-16  1.0000000   -4.7512725e-18  1.6483431e-16  1.6317073e-16  -6.9116830e-17  -1.2302285e-16  3.4891172e-16  -3.1455754e-16  -2.8550093e-17  -6.0189314e-17  
4.8237341e-16  -4.7512725e-18  1.0000000   -2.3423108e-17  3.1441524e-16  3.7972360e-16  -3.5822421e-16  -9.5425461e-17  -2.5781896e-16  -1.7709468e-16  -5.4977775e-16  4.8237341e-16  -4.7512725e-18  1.0000000   -2.3423108e-17  3.1441524e-16  3.7972360e-16  -3.5822421e-16  -9.5425461e-17  -2.5781896e-16  -1.7709468e-16  -5.4977775e-16  
-1.3446987e-16  1.6483431e-16  -2.3423108e-17  1.0000000   3.3156258e-17  -5.4268257e-16  -1.4475962e-16  2.1856033e-16  -6.5388826e-18  1.0899196e-16  2.8992244e-17  -1.3446987e-16  1.6483431e-16  -2.3423108e-17  1.0000000   3.3156258e-17  -5.4268257e-16  -1.4475962e-16  2.1856033e-16  -6.5388826e-18  1.0899196e-16  2.8992244e-17  
-3.3711742e-16  1.6317073e-16  3.1441524e-16  3.3156258e-17  1.0000000   -7.2288333e-17  2.9417497e-16  -3.9515273e-16  2.3264268e-16  7.5186456e-17  -7.7490407e-16  -3.3711742e-16  1.6317073e-16  3.1441524e-16  3.3156258e-17  1.0000000   -7.2288333e-17  2.9417497e-16  -3.9515273e-16  2.3264268e-16  7.5186456e-17  -7.7490407e-16  
-1.7517827e-16  -6.9116830e-17  3.7972360e-16  -5.4268257e-16  -7.2288333e-17  1.0000000   -3.7721850e-16  -4.8308788e-16  2.1689009e-16  -1.2195157e-17  -3.4378653e-16  -1.7517827e-16  -6.9116830e-17  3.7972360e-16  -5.4268257e-16  -7.2288333e-17  1.0000000   -3.7721850e-16  -4.8308788e-16  2.1689009e-16  -1.2195157e-17  -3.4378653e-16  
2.8676470e-16  -1.2302285e-16  -3.5822421e-16  -1.4475962e-16  2.9417497e-16  -3.7721850e-16  1.0000000   7.9122195e-17  5.0117563e-17  -1.9303627e-16  -5.5654639e-16  2.8676470e-16  -1.2302285e-16  -3.5822421e-16  -1.4475962e-16  2.9417497e-16  -3.7721850e-16  1.0000000   7.9122195e-17  5.0117563e-17  -1.9303627e-16  -5.5654639e-16  
1.9641974e-16  3.4891172e-16  -9.5425461e-17  2.1856033e-16  -3.9515273e-16  -4.8308788e-16  7.9122195e-17  1.0000000   -5.1694254e-16  -7.0273284e-16  3.2576019e-16  1.9641974e-16  3.4891172e-16  -9.5425461e-17  2.1856033e-16  -3.9515273e-16  -4.8308788e-16  7.9122195e-17  1.0000000   -5.1694254e-16  -7.0273284e-16  3.2576019e-16  
7.2591655e-16  -3.1455754e-16  -2.5781896e-16  -6.5388826e-18  2.3264268e-16  2.1689009e-16  5.0117563e-17  -5.1694254e-16  1.0000000   4.1137246e-16  1.3290238e-16  7.2591655e-16  -3.1455754e-16  -2.5781896e-16  -6.5388826e-18  2.3264268e-16  2.1689009e-16  5.0117563e-17  -5.1694254e-16  1.0000000   4.1137246e-16  1.3290238e-16  
-5.5812695e-17  -2.8550093e-17  -1.7709468e-16  1.0899196e-16  7.5186456e-17  -1.2195157e-17  -1.9303627e-16  -7.0273284e-16  4.1137246e-16  1.0000000   -2.4033882e-16  -5.5812695e-17  -2.8550093e-17  -1.7709468e-16  1.0899196e-16  7.5186456e-17  -1.2195157e-17  -1.9303627e-16  -7.0273284e-16  4.1137246e-16  1.0000000   -2.4033882e-16  
1.4864666e-16  -6.0189314e-17  -5.4977775e-16  2.8992244e-17  -7.7490407e-16  -3.4378653e-16  -5.5654639e-16  3.2576019e-16  1.3290238e-16  -2.4033882e-16  1.0000000   1.4864666e-16  -6.0189314e-17  -5.4977775e-16  2.8992244e-17  -7.7490407e-16  -3.4378653e-16  -5.5654639e-16  3.2576019e-16  1.3290238e-16  -2.4033882e-16  1.0000000   
