1.0000000   -2.7289707e-17  2.1729826e-16  4.8407806e-16  -1.7544128e-16  5.2384329e-17  -4.2527830e-17  -5.7796234e-17  6.2157395e-17  -4.0060799e-16  3.2143122e-16  1.0000000   -2.7289707e-17  2.1729826e-16  4.8407806e-16  -1.7544128e-16  5.2384329e-17  -4.2527830e-17  -5.7796234e-17  6.2157395e-17  -4.0060799e-16  3.2143122e-16  
-2.7289707e-17  1.0000000   -3.6237509e-16  7.3007040e-16  -4.4907230e-16  5.7865056e-16  -4.4808001e-16  6.4534890e-16  -3.8834047e-16  7.3790292e-16  1.7948628e-16  -2.7289707e-17  1.0000000   -3.6237509e-16  7.3007040e-16  -4.4907230e-16  5.7865056e-16  -4.4808001e-16  6.4534890e-16  -3.8834047e-16  7.3790292e-16  1.7948628e-16  
2.1729826e-16  -3.6237509e-16  1.0000000   -4.3897313e-16  5.5538765e-16  -3.0128962e-16  -3.7335052e-16  -5.0977069e-16  -1.2166082e-16  -6.0586191e-16  6.2611744e-16  2.1729826e-16  -3.6237509e-16  1.0000000   -4.3897313e-16  5.5538765e-16  -3.0128962e-16  -3.7335052e-16  -5.0977069e-16  -1.2166082e-16  -6.0586191e-16  6.2611744e-16  
4.8407806e-16  7.3007040e-16  -4.3897313e-16  1.0000000   6.6391480e-16  -9.9521331e-16  5.5550792e-16  -1.6197970e-16  -8.7897032e-17  7.5040343e-17  -1.8381377e-16  4.8407806e-16  7.3007040e-16  -4.3897313e-16  1.0000000   6.6391480e-16  -9.9521331e-16  5.5550792e-16  -1.6197970e-16  -8.7897032e-17  7.5040343e-17  -1.8381377e-16  
-1.7544128e-16  -4.4907230e-16  5.5538765e-16  6.6391480e-16  1.0000000   2.2167615e-16  -2.2594773e-16  -8.1908997e-16  -2.5244229e-16  -1.6374047e-17  -2.0711734e-16  -1.7544128e-16  -4.4907230e-16  5.5538765e-16  6.6391480e-16  1.0000000   2.2167615e-16  -2.2594773e-16  -8.1908997e-16  -2.5244229e-16  -1.6374047e-17  -2.0711734e-16  
5.2384329e-17  5.7865056e-16  -3.0128962e-16  -9.9521331e-16  2.2167615e-16  1.0000000   -4.1371207e-17  6.5551732e-16  1.7643707e-16  -3.5705001e-16  9.0032826e-17  5.2384329e-17  5.7865056e-16  -3.0128962e-16  -9.9521331e-16  2.2167615e-16  1.0000000   -4.1371207e-17  6.5551732e-16  1.7643707e-16  -3.5705001e-16  9.0032826e-17  
-4.2527830e-17  -4.4808001e-16  -3.7335052e-16  5.5550792e-16  -2.2594773e-16  -4.1371207e-17  1.0000000   -5.4908339e-16  -1.3836008e-16  1.1039582e-16  -9.3624881e-17  -4.2527830e-17  -4.4808001e-16  -3.7335052e-16  5.5550792e-16  -2.2594773e-16  -4.1371207e-17  1.0000000   -5.4908339e-16  -1.3836008e-16  1.1039582e-16  -9.3624881e-17  
-5.7796234e-17  6.4534890e-16  -5.0977069e-16  -1.6197970e-16  -8.1908997e-16  6.5551732e-16  -5.4908339e-16  1.0000000   1.3753966e-15  -5.3254830e-16  1.2509957e-16  -5.7796234e-17  6.4534890e-16  -5.0977069e-16  -1.6197970e-16  -8.1908997e-16  6.5551732e-16  -5.4908339e-16  1.0000000   1.3753966e-15  -5.3254830e-16  1.2509957e-16  
6.2157395e-17  -3.8834047e-16  -1.2166082e-16  -8.7897032e-17  -2.5244229e-16  1.7643707e-16  -1.3836008e-16  1.3753966e-15  1.0000000   1.3433784e-15  -4.1196125e-16  6.2157395e-17  -3.8834047e-16  -1.2166082e-16  -8.7897032e-17  -2.5244229e-16  1.7643707e-16  -1.3836008e-16  1.3753966e-15  1.0000000   1.3433784e-15  -4.1196125e-16  
-4.0060799e-16  7.3790292e-16  -6.0586191e-16  7.5040343e-17  -1.6374047e-17  -3.5705001e-16  1.1039582e-16  -5.3254830e-16  1.3433784e-15  1.0000000   7.2694062e-16  -4.0060799e-16  7.3790292e-16  -6.0586191e-16  7.5040343e-17  -1.6374047e-17  -3.5705001e-16  1.1039582e-16  -5.3254830e-16  1.3433784e-15  1.0000000   7.2694062e-16  
3.2143122e-16  1.7948628e-16  6.2611744e-16  -1.8381377e-16  -2.0711734e-16  9.0032826e-17  -9.3624881e-17  1.2509957e-16  -4.1196125e-16  7.2694062e-16  1.0000000   3.2143122e-16  1.7948628e-16  6.2611744e-16  -1.8381377e-16  -2.0711734e-16  9.0032826e-17  -9.3624881e-17  1.2509957e-16  -4.1196125e-16  7.2694062e-16  1.0000000   
1.0000000   -2.7289707e-17  2.1729826e-16  4.8407806e-16  -1.7544128e-16  5.2384329e-17  -4.2527830e-17  -5.7796234e-17  6.2157395e-17  -4.0060799e-16  3.2143122e-16  1.0000000   -2.7289707e-17  2.1729826e-16  4.8407806e-16  -1.7544128e-16  5.2384329e-17  -4.2527830e-17  -5.7796234e-17  6.2157395e-17  -4.0060799e-16  3.2143122e-16  
-2.7289707e-17  1.0000000   -3.6237509e-16  7.3007040e-16  -4.4907230e-16  5.7865056e-16  -4.4808001e-16  6.4534890e-16  -3.8834047e-16  7.3790292e-16  1.7948628e-16  -2.7289707e-17  1.0000000   -3.6237509e-16  7.3007040e-16  -4.4907230e-16  5.7865056e-16  -4.4808001e-16  6.4534890e-16  -3.8834047e-16  7.3790292e-16  1.7948628e-16  
2.1729826e-16  -3.6237509e-16  1.0000000   -4.3897313e-16  5.5538765e-16  -3.0128962e-16  -3.7335052e-16  -5.0977069e-16  -1.2166082e-16  -6.0586191e-16  6.2611744e-16  2.1729826e-16  -3.6237509e-16  1.0000000   -4.3897313e-16  5.5538765e-16  -3.0128962e-16  -3.7335052e-16  -5.0977069e-16  -1.2166082e-16  -6.0586191e-16  6.2611744e-16  
4.8407806e-16  7.3007040e-16  -4.3897313e-16  1.0000000   6.6391480e-16  -9.9521331e-16  5.5550792e-16  -1.6197970e-16  -8.7897032e-17  7.5040343e-17  -1.8381377e-16  4.8407806e-16  7.3007040e-16  -4.3897313e-16  1.0000000   6.6391480e-16  -9.9521331e-16  5.5550792e-16  -1.6197970e-16  -8.7897032e-17  7.5040343e-17  -1.8381377e-16  
-1.7544128e-16  -4.4907230e-16  5.5538765e-16  6.6391480e-16  1.0000000   2.2167615e-16  -2.2594773e-16  -8.1908997e-16  -2.5244229e-16  -1.6374047e-17  -2.0711734e-16  -1.7544128e-16  -4.4907230e-16  5.5538765e-16  6.6391480e-16  1.0000000   2.2167615e-16  -2.2594773e-16  -8.1908997e-16  -2.5244229e-16  -1.6374047e-17  -2.0711734e-16  
5.2384329e-17  5.7865056e-16  -3.0128962e-16  -9.9521331e-16  2.2167615e-16  1.0000000   -4.1371207e-17  6.5551732e-16  1.7643707e-16  -3.5705001e-16  9.0032826e-17  5.2384329e-17  5.7865056e-16  -3.0128962e-16  -9.9521331e-16  2.2167615e-16  1.0000000   -4.1371207e-17  6.5551732e-16  1.7643707e-16  -3.5705001e-16  9.0032826e-17  
-4.2527830e-17  -4.4808001e-16  -3.7335052e-16  5.5550792e-16  -2.2594773e-16  -4.1371207e-17  1.0000000   -5.4908339e-16  -1.3836008e-16  1.1039582e-16  -9.3624881e-17  -4.2527830e-17  -4.4808001e-16  -3.7335052e-16  5.5550792e-16  -2.2594773e-16  -4.1371207e-17  1.0000000   -5.4908339e-16  -1.3836008e-16  1.1039582e-16  -9.3624881e-17  
-5.7796234e-17  6.4534890e-16  -5.0977069e-16  -1.6197970e-16  -8.1908997e-16  6.5551732e-16  -5.4908339e-16  1.0000000   1.3753966e-15  -5.3254830e-16  1.2509957e-16  -5.7796234e-17  6.4534890e-16  -5.0977069e-16  -1.6197970e-16  -8.1908997e-16  6.5551732e-16  -5.4908339e-16  1.0000000   1.3753966e-15  -5.3254830e-16  1.2509957e-16  
6.2157395e-17  -3.8834047e-16  -1.2166082e-16  -8.7897032e-17  -2.5244229e-16  1.7643707e-16  -1.3836008e-16  1.3753966e-15  1.0000000   1.3433784e-15  -4.1196125e-16  6.2157395e-17  -3.8834047e-16  -1.2166082e-16  -8.7897032e-17  -2.5244229e-16  1.7643707e-16  -1.3836008e-16  1.3753966e-15  1.0000000   1.3433784e-15  -4.1196125e-16  
-4.0060799e-16  7.3790292e-16  -6.0586191e-16  7.5040343e-17  -1.6374047e-17  -3.5705001e-16  1.1039582e-16  -5.3254830e-16  1.3433784e-15  1.0000000   7.2694062e-16  -4.0060799e-16  7.3790292e-16  -6.0586191e-16  7.5040343e-17  -1.6374047e-17  -3.5705001e-16  1.1039582e-16  -5.3254830e-16  1.3433784e-15  1.0000000   7.2694062e-16  
3.2143122e-16  1.7948628e-16  6.2611744e-16  -1.8381377e-16  -2.0711734e-16  9.0032826e-17  -9.3624881e-17  1.2509957e-16  -4.1196125e-16  7.2694062e-16  1.0000000   3.2143122e-16  1.7948628e-16  6.2611744e-16  -1.8381377e-16  -2.0711734e-16  9.0032826e-17  -9.3624881e-17  1.2509957e-16  -4.1196125e-16  7.2694062e-16  1.0000000   
