1.0000000   2.1939127e-16  1.8311804e-16  1.6456082e-16  1.9709472e-16  -3.5012848e-16  -2.4689062e-16  -1.5533081e-16  -2.7077843e-17  -4.1612442e-16  4.5089533e-16  1.0000000   2.1939127e-16  1.8311804e-16  1.6456082e-16  1.9709472e-16  -3.5012848e-16  -2.4689062e-16  -1.5533081e-16  -2.7077843e-17  -4.1612442e-16  4.5089533e-16  
2.1939127e-16  1.0000000   -5.6351408e-17  -1.9011951e-16  -2.4418859e-16  5.4467268e-16  -7.8669032e-17  3.1483791e-16  8.0363945e-17  1.4184075e-16  -2.1220547e-16  2.1939127e-16  1.0000000   -5.6351408e-17  -1.9011951e-16  -2.4418859e-16  5.4467268e-16  -7.8669032e-17  3.1483791e-16  8.0363945e-17  1.4184075e-16  -2.1220547e-16  
1.8311804e-16  -5.6351408e-17  1.0000000   1.2287378e-16  -3.4529129e-16  -6.1998577e-17  2.1791415e-16  2.8885941e-16  9.7436741e-17  7.1050818e-17  -5.1642074e-16  1.8311804e-16  -5.6351408e-17  1.0000000   1.2287378e-16  -3.4529129e-16  -6.1998577e-17  2.1791415e-16  2.8885941e-16  9.7436741e-17  7.1050818e-17  -5.1642074e-16  
1.6456082e-16  -1.9011951e-16  1.2287378e-16  1.0000000   2.0657948e-16  1.0888990e-16  1.9815997e-16  -2.0241377e-16  3.9953485e-16  -1.8570181e-16  2.4942410e-16  1.6456082e-16  -1.9011951e-16  1.2287378e-16  1.0000000   2.0657948e-16  1.0888990e-16  1.9815997e-16  -2.0241377e-16  3.9953485e-16  -1.8570181e-16  2.4942410e-16  
1.9709472e-16  -2.4418859e-16  -3.4529129e-16  2.0657948e-16  1.0000000   -5.6628811e-17  -2.8847443e-16  2.6878897e-17  1.9060994e-16  1.4457412e-16  1.4311130e-16  1.9709472e-16  -2.4418859e-16  -3.4529129e-16  2.0657948e-16  1.0000000   -5.6628811e-17  -2.8847443e-16  2.6878897e-17  1.9060994e-16  1.4457412e-16  1.4311130e-16  
-3.5012848e-16  5.4467268e-16  -6.1998577e-17  1.0888990e-16  -5.6628811e-17  1.0000000   -7.7964301e-17  -4.2063656e-17  5.6702927e-17  -4.8738149e-16  -7.1813740e-16  -3.5012848e-16  5.4467268e-16  -6.1998577e-17  1.0888990e-16  -5.6628811e-17  1.0000000   -7.7964301e-17  -4.2063656e-17  5.6702927e-17  -4.8738149e-16  -7.1813740e-16  
-2.4689062e-16  -7.8669032e-17  2.1791415e-16  1.9815997e-16  -2.8847443e-16  -7.7964301e-17  1.0000000   4.2358170e-16  -1.5653931e-16  -3.0350948e-16  -4.2153696e-16  -2.4689062e-16  -7.8669032e-17  2.1791415e-16  1.9815997e-16  -2.8847443e-16  -7.7964301e-17  1.0000000   4.2358170e-16  -1.5653931e-16  -3.0350948e-16  -4.2153696e-16  
-1.5533081e-16  3.1483791e-16  2.8885941e-16  -2.0241377e-16  2.6878897e-17  -4.2063656e-17  4.2358170e-16  1.0000000   4.9553418e-16  -3.7476973e-17  3.3545723e-16  -1.5533081e-16  3.1483791e-16  2.8885941e-16  -2.0241377e-16  2.6878897e-17  -4.2063656e-17  4.2358170e-16  1.0000000   4.9553418e-16  -3.7476973e-17  3.3545723e-16  
-2.7077843e-17  8.0363945e-17  9.7436741e-17  3.9953485e-16  1.9060994e-16  5.6702927e-17  -1.5653931e-16  4.9553418e-16  1.0000000   -1.7205696e-16  -6.2283180e-17  -2.7077843e-17  8.0363945e-17  9.7436741e-17  3.9953485e-16  1.9060994e-16  5.6702927e-17  -1.5653931e-16  4.9553418e-16  1.0000000   -1.7205696e-16  -6.2283180e-17  
-4.1612442e-16  1.4184075e-16  7.1050818e-17  -1.8570181e-16  1.4457412e-16  -4.8738149e-16  -3.0350948e-16  -3.7476973e-17  -1.7205696e-16  1.0000000   1.1327033e-16  -4.1612442e-16  1.4184075e-16  7.1050818e-17  -1.8570181e-16  1.4457412e-16  -4.8738149e-16  -3.0350948e-16  -3.7476973e-17  -1.7205696e-16  1.0000000   1.1327033e-16  
4.5089533e-16  -2.1220547e-16  -5.1642074e-16  2.4942410e-16  1.4311130e-16  -7.1813740e-16  -4.2153696e-16  3.3545723e-16  -6.2283180e-17  1.1327033e-16  1.0000000   4.5089533e-16  -2.1220547e-16  -5.1642074e-16  2.4942410e-16  1.4311130e-16  -7.1813740e-16  -4.2153696e-16  3.3545723e-16  -6.2283180e-17  1.1327033e-16  1.0000000   
1.0000000   2.1939127e-16  1.8311804e-16  1.6456082e-16  1.9709472e-16  -3.5012848e-16  -2.4689062e-16  -1.5533081e-16  -2.7077843e-17  -4.1612442e-16  4.5089533e-16  1.0000000   2.1939127e-16  1.8311804e-16  1.6456082e-16  1.9709472e-16  -3.5012848e-16  -2.4689062e-16  -1.5533081e-16  -2.7077843e-17  -4.1612442e-16  4.5089533e-16  
2.1939127e-16  1.0000000   -5.6351408e-17  -1.9011951e-16  -2.4418859e-16  5.4467268e-16  -7.8669032e-17  3.1483791e-16  8.0363945e-17  1.4184075e-16  -2.1220547e-16  2.1939127e-16  1.0000000   -5.6351408e-17  -1.9011951e-16  -2.4418859e-16  5.4467268e-16  -7.8669032e-17  3.1483791e-16  8.0363945e-17  1.4184075e-16  -2.1220547e-16  
1.8311804e-16  -5.6351408e-17  1.0000000   1.2287378e-16  -3.4529129e-16  -6.1998577e-17  2.1791415e-16  2.8885941e-16  9.7436741e-17  7.1050818e-17  -5.1642074e-16  1.8311804e-16  -5.6351408e-17  1.0000000   1.2287378e-16  -3.4529129e-16  -6.1998577e-17  2.1791415e-16  2.8885941e-16  9.7436741e-17  7.1050818e-17  -5.1642074e-16  
1.6456082e-16  -1.9011951e-16  1.2287378e-16  1.0000000   2.0657948e-16  1.0888990e-16  1.9815997e-16  -2.0241377e-16  3.9953485e-16  -1.8570181e-16  2.4942410e-16  1.6456082e-16  -1.9011951e-16  1.2287378e-16  1.0000000   2.0657948e-16  1.0888990e-16  1.9815997e-16  -2.0241377e-16  3.9953485e-16  -1.8570181e-16  2.4942410e-16  
1.9709472e-16  -2.4418859e-16  -3.4529129e-16  2.0657948e-16  1.0000000   -5.6628811e-17  -2.8847443e-16  2.6878897e-17  1.9060994e-16  1.4457412e-16  1.4311130e-16  1.9709472e-16  -2.4418859e-16  -3.4529129e-16  2.0657948e-16  1.0000000   -5.6628811e-17  -2.8847443e-16  2.6878897e-17  1.9060994e-16  1.4457412e-16  1.4311130e-16  
-3.5012848e-16  5.4467268e-16  -6.1998577e-17  1.0888990e-16  -5.6628811e-17  1.0000000   -7.7964301e-17  -4.2063656e-17  5.6702927e-17  -4.8738149e-16  -7.1813740e-16  -3.5012848e-16  5.4467268e-16  -6.1998577e-17  1.0888990e-16  -5.6628811e-17  1.0000000   -7.7964301e-17  -4.2063656e-17  5.6702927e-17  -4.8738149e-16  -7.1813740e-16  
-2.4689062e-16  -7.8669032e-17  2.1791415e-16  1.9815997e-16  -2.8847443e-16  -7.7964301e-17  1.0000000   4.2358170e-16  -1.5653931e-16  -3.0350948e-16  -4.2153696e-16  -2.4689062e-16  -7.8669032e-17  2.1791415e-16  1.9815997e-16  -2.8847443e-16  -7.7964301e-17  1.0000000   4.2358170e-16  -1.5653931e-16  -3.0350948e-16  -4.2153696e-16  
-1.5533081e-16  3.1483791e-16  2.8885941e-16  -2.0241377e-16  2.6878897e-17  -4.2063656e-17  4.2358170e-16  1.0000000   4.9553418e-16  -3.7476973e-17  3.3545723e-16  -1.5533081e-16  3.1483791e-16  2.8885941e-16  -2.0241377e-16  2.6878897e-17  -4.2063656e-17  4.2358170e-16  1.0000000   4.9553418e-16  -3.7476973e-17  3.3545723e-16  
-2.7077843e-17  8.0363945e-17  9.7436741e-17  3.9953485e-16  1.9060994e-16  5.6702927e-17  -1.5653931e-16  4.9553418e-16  1.0000000   -1.7205696e-16  -6.2283180e-17  -2.7077843e-17  8.0363945e-17  9.7436741e-17  3.9953485e-16  1.9060994e-16  5.6702927e-17  -1.5653931e-16  4.9553418e-16  1.0000000   -1.7205696e-16  -6.2283180e-17  
-4.1612442e-16  1.4184075e-16  7.1050818e-17  -1.8570181e-16  1.4457412e-16  -4.8738149e-16  -3.0350948e-16  -3.7476973e-17  -1.7205696e-16  1.0000000   1.1327033e-16  -4.1612442e-16  1.4184075e-16  7.1050818e-17  -1.8570181e-16  1.4457412e-16  -4.8738149e-16  -3.0350948e-16  -3.7476973e-17  -1.7205696e-16  1.0000000   1.1327033e-16  
4.5089533e-16  -2.1220547e-16  -5.1642074e-16  2.4942410e-16  1.4311130e-16  -7.1813740e-16  -4.2153696e-16  3.3545723e-16  -6.2283180e-17  1.1327033e-16  1.0000000   4.5089533e-16  -2.1220547e-16  -5.1642074e-16  2.4942410e-16  1.4311130e-16  -7.1813740e-16  -4.2153696e-16  3.3545723e-16  -6.2283180e-17  1.1327033e-16  1.0000000   
