1.0000000   3.8467493e-16  -2.5518138e-17  3.9900800e-16  2.1565247e-16  -1.6020082e-16  -2.6092130e-16  -1.0273599e-16  1.5759800e-16  2.5566715e-16  -2.9665466e-16  1.0000000   3.8467493e-16  -2.5518138e-17  3.9900800e-16  2.1565247e-16  -1.6020082e-16  -2.6092130e-16  -1.0273599e-16  1.5759800e-16  2.5566715e-16  -2.9665466e-16  
3.8467493e-16  1.0000000   2.2141441e-16  -3.0318274e-17  5.0883641e-16  -4.3766277e-16  -6.4215262e-16  -1.0412407e-16  -1.3594879e-16  -8.4715153e-17  1.7302850e-16  3.8467493e-16  1.0000000   2.2141441e-16  -3.0318274e-17  5.0883641e-16  -4.3766277e-16  -6.4215262e-16  -1.0412407e-16  -1.3594879e-16  -8.4715153e-17  1.7302850e-16  
-2.5518138e-17  2.2141441e-16  1.0000000   -1.1452987e-16  -3.5508511e-16  6.5394395e-16  9.7616312e-17  1.3252762e-16  1.2219435e-16  2.5687121e-17  -2.2684559e-16  -2.5518138e-17  2.2141441e-16  1.0000000   -1.1452987e-16  -3.5508511e-16  6.5394395e-16  9.7616312e-17  1.3252762e-16  1.2219435e-16  2.5687121e-17  -2.2684559e-16  
3.9900800e-16  -3.0318274e-17  -1.1452987e-16  1.0000000   -1.2043199e-16  -2.2730383e-16  -3.4561062e-17  -4.6535948e-16  7.4912801e-16  -7.2659418e-16  4.0462425e-16  3.9900800e-16  -3.0318274e-17  -1.1452987e-16  1.0000000   -1.2043199e-16  -2.2730383e-16  -3.4561062e-17  -4.6535948e-16  7.4912801e-16  -7.2659418e-16  4.0462425e-16  
2.1565247e-16  5.0883641e-16  -3.5508511e-16  -1.2043199e-16  1.0000000   -3.2644734e-16  1.0563771e-16  -1.3616732e-16  1.7945367e-16  2.1751806e-16  4.2885278e-16  2.1565247e-16  5.0883641e-16  -3.5508511e-16  -1.2043199e-16  1.0000000   -3.2644734e-16  1.0563771e-16  -1.3616732e-16  1.7945367e-16  2.1751806e-16  4.2885278e-16  
-1.6020082e-16  -4.3766277e-16  6.5394395e-16  -2.2730383e-16  -3.2644734e-16  1.0000000   5.9777106e-16  2.5105464e-16  -1.7486572e-16  2.2083928e-16  2.9381032e-17  -1.6020082e-16  -4.3766277e-16  6.5394395e-16  -2.2730383e-16  -3.2644734e-16  1.0000000   5.9777106e-16  2.5105464e-16  -1.7486572e-16  2.2083928e-16  2.9381032e-17  
-2.6092130e-16  -6.4215262e-16  9.7616312e-17  -3.4561062e-17  1.0563771e-16  5.9777106e-16  1.0000000   3.1038379e-16  -2.0864285e-16  -1.8755088e-16  -1.1896154e-16  -2.6092130e-16  -6.4215262e-16  9.7616312e-17  -3.4561062e-17  1.0563771e-16  5.9777106e-16  1.0000000   3.1038379e-16  -2.0864285e-16  -1.8755088e-16  -1.1896154e-16  
-1.0273599e-16  -1.0412407e-16  1.3252762e-16  -4.6535948e-16  -1.3616732e-16  2.5105464e-16  3.1038379e-16  1.0000000   3.0232596e-16  3.7086745e-16  -1.1236299e-15  -1.0273599e-16  -1.0412407e-16  1.3252762e-16  -4.6535948e-16  -1.3616732e-16  2.5105464e-16  3.1038379e-16  1.0000000   3.0232596e-16  3.7086745e-16  -1.1236299e-15  
1.5759800e-16  -1.3594879e-16  1.2219435e-16  7.4912801e-16  1.7945367e-16  -1.7486572e-16  -2.0864285e-16  3.0232596e-16  1.0000000   -2.3458577e-17  6.5986408e-16  1.5759800e-16  -1.3594879e-16  1.2219435e-16  7.4912801e-16  1.7945367e-16  -1.7486572e-16  -2.0864285e-16  3.0232596e-16  1.0000000   -2.3458577e-17  6.5986408e-16  
2.5566715e-16  -8.4715153e-17  2.5687121e-17  -7.2659418e-16  2.1751806e-16  2.2083928e-16  -1.8755088e-16  3.7086745e-16  -2.3458577e-17  1.0000000   2.5014408e-16  2.5566715e-16  -8.4715153e-17  2.5687121e-17  -7.2659418e-16  2.1751806e-16  2.2083928e-16  -1.8755088e-16  3.7086745e-16  -2.3458577e-17  1.0000000   2.5014408e-16  
-2.9665466e-16  1.7302850e-16  -2.2684559e-16  4.0462425e-16  4.2885278e-16  2.9381032e-17  -1.1896154e-16  -1.1236299e-15  6.5986408e-16  2.5014408e-16  1.0000000   -2.9665466e-16  1.7302850e-16  -2.2684559e-16  4.0462425e-16  4.2885278e-16  2.9381032e-17  -1.1896154e-16  -1.1236299e-15  6.5986408e-16  2.5014408e-16  1.0000000   
1.0000000   3.8467493e-16  -2.5518138e-17  3.9900800e-16  2.1565247e-16  -1.6020082e-16  -2.6092130e-16  -1.0273599e-16  1.5759800e-16  2.5566715e-16  -2.9665466e-16  1.0000000   3.8467493e-16  -2.5518138e-17  3.9900800e-16  2.1565247e-16  -1.6020082e-16  -2.6092130e-16  -1.0273599e-16  1.5759800e-16  2.5566715e-16  -2.9665466e-16  
3.8467493e-16  1.0000000   2.2141441e-16  -3.0318274e-17  5.0883641e-16  -4.3766277e-16  -6.4215262e-16  -1.0412407e-16  -1.3594879e-16  -8.4715153e-17  1.7302850e-16  3.8467493e-16  1.0000000   2.2141441e-16  -3.0318274e-17  5.0883641e-16  -4.3766277e-16  -6.4215262e-16  -1.0412407e-16  -1.3594879e-16  -8.4715153e-17  1.7302850e-16  
-2.5518138e-17  2.2141441e-16  1.0000000   -1.1452987e-16  -3.5508511e-16  6.5394395e-16  9.7616312e-17  1.3252762e-16  1.2219435e-16  2.5687121e-17  -2.2684559e-16  -2.5518138e-17  2.2141441e-16  1.0000000   -1.1452987e-16  -3.5508511e-16  6.5394395e-16  9.7616312e-17  1.3252762e-16  1.2219435e-16  2.5687121e-17  -2.2684559e-16  
3.9900800e-16  -3.0318274e-17  -1.1452987e-16  1.0000000   -1.2043199e-16  -2.2730383e-16  -3.4561062e-17  -4.6535948e-16  7.4912801e-16  -7.2659418e-16  4.0462425e-16  3.9900800e-16  -3.0318274e-17  -1.1452987e-16  1.0000000   -1.2043199e-16  -2.2730383e-16  -3.4561062e-17  -4.6535948e-16  7.4912801e-16  -7.2659418e-16  4.0462425e-16  
2.1565247e-16  5.0883641e-16  -3.5508511e-16  -1.2043199e-16  1.0000000   -3.2644734e-16  1.0563771e-16  -1.3616732e-16  1.7945367e-16  2.1751806e-16  4.2885278e-16  2.1565247e-16  5.0883641e-16  -3.5508511e-16  -1.2043199e-16  1.0000000   -3.2644734e-16  1.0563771e-16  -1.3616732e-16  1.7945367e-16  2.1751806e-16  4.2885278e-16  
-1.6020082e-16  -4.3766277e-16  6.5394395e-16  -2.2730383e-16  -3.2644734e-16  1.0000000   5.9777106e-16  2.5105464e-16  -1.7486572e-16  2.2083928e-16  2.9381032e-17  -1.6020082e-16  -4.3766277e-16  6.5394395e-16  -2.2730383e-16  -3.2644734e-16  1.0000000   5.9777106e-16  2.5105464e-16  -1.7486572e-16  2.2083928e-16  2.9381032e-17  
-2.6092130e-16  -6.4215262e-16  9.7616312e-17  -3.4561062e-17  1.0563771e-16  5.9777106e-16  1.0000000   3.1038379e-16  -2.0864285e-16  -1.8755088e-16  -1.1896154e-16  -2.6092130e-16  -6.4215262e-16  9.7616312e-17  -3.4561062e-17  1.0563771e-16  5.9777106e-16  1.0000000   3.1038379e-16  -2.0864285e-16  -1.8755088e-16  -1.1896154e-16  
-1.0273599e-16  -1.0412407e-16  1.3252762e-16  -4.6535948e-16  -1.3616732e-16  2.5105464e-16  3.1038379e-16  1.0000000   3.0232596e-16  3.7086745e-16  -1.1236299e-15  -1.0273599e-16  -1.0412407e-16  1.3252762e-16  -4.6535948e-16  -1.3616732e-16  2.5105464e-16  3.1038379e-16  1.0000000   3.0232596e-16  3.7086745e-16  -1.1236299e-15  
1.5759800e-16  -1.3594879e-16  1.2219435e-16  7.4912801e-16  1.7945367e-16  -1.7486572e-16  -2.0864285e-16  3.0232596e-16  1.0000000   -2.3458577e-17  6.5986408e-16  1.5759800e-16  -1.3594879e-16  1.2219435e-16  7.4912801e-16  1.7945367e-16  -1.7486572e-16  -2.0864285e-16  3.0232596e-16  1.0000000   -2.3458577e-17  6.5986408e-16  
2.5566715e-16  -8.4715153e-17  2.5687121e-17  -7.2659418e-16  2.1751806e-16  2.2083928e-16  -1.8755088e-16  3.7086745e-16  -2.3458577e-17  1.0000000   2.5014408e-16  2.5566715e-16  -8.4715153e-17  2.5687121e-17  -7.2659418e-16  2.1751806e-16  2.2083928e-16  -1.8755088e-16  3.7086745e-16  -2.3458577e-17  1.0000000   2.5014408e-16  
-2.9665466e-16  1.7302850e-16  -2.2684559e-16  4.0462425e-16  4.2885278e-16  2.9381032e-17  -1.1896154e-16  -1.1236299e-15  6.5986408e-16  2.5014408e-16  1.0000000   -2.9665466e-16  1.7302850e-16  -2.2684559e-16  4.0462425e-16  4.2885278e-16  2.9381032e-17  -1.1896154e-16  -1.1236299e-15  6.5986408e-16  2.5014408e-16  1.0000000   
