1.0000000   7.4409134e-16  -1.9897143e-16  -2.5059216e-16  4.2922696e-16  3.0145564e-16  -2.2047675e-16  -2.5128249e-16  3.7474432e-17  3.8909644e-16  -2.0586289e-17  1.0000000   7.4409134e-16  -1.9897143e-16  -2.5059216e-16  4.2922696e-16  3.0145564e-16  -2.2047675e-16  -2.5128249e-16  3.7474432e-17  3.8909644e-16  -2.0586289e-17  
7.4409134e-16  1.0000000   -5.4392771e-16  -1.0458375e-15  -1.0273647e-15  -1.8032781e-16  -1.8319036e-16  -3.0656875e-17  -2.0714191e-18  3.2305201e-16  1.2385125e-16  7.4409134e-16  1.0000000   -5.4392771e-16  -1.0458375e-15  -1.0273647e-15  -1.8032781e-16  -1.8319036e-16  -3.0656875e-17  -2.0714191e-18  3.2305201e-16  1.2385125e-16  
-1.9897143e-16  -5.4392771e-16  1.0000000   5.4590342e-16  1.3085590e-16  1.1281534e-15  8.4782281e-16  1.3629321e-16  -4.5541573e-16  -6.4910252e-16  5.3777719e-16  -1.9897143e-16  -5.4392771e-16  1.0000000   5.4590342e-16  1.3085590e-16  1.1281534e-15  8.4782281e-16  1.3629321e-16  -4.5541573e-16  -6.4910252e-16  5.3777719e-16  
-2.5059216e-16  -1.0458375e-15  5.4590342e-16  1.0000000   -2.5767708e-17  -7.4712541e-18  -1.1191423e-18  -2.7415047e-16  -2.2879927e-16  -3.6829236e-16  8.2989218e-17  -2.5059216e-16  -1.0458375e-15  5.4590342e-16  1.0000000   -2.5767708e-17  -7.4712541e-18  -1.1191423e-18  -2.7415047e-16  -2.2879927e-16  -3.6829236e-16  8.2989218e-17  
4.2922696e-16  -1.0273647e-15  1.3085590e-16  -2.5767708e-17  1.0000000   1.6344083e-17  -2.6654221e-17  -6.9892945e-16  2.5769262e-16  -2.0763104e-16  4.2187484e-16  4.2922696e-16  -1.0273647e-15  1.3085590e-16  -2.5767708e-17  1.0000000   1.6344083e-17  -2.6654221e-17  -6.9892945e-16  2.5769262e-16  -2.0763104e-16  4.2187484e-16  
3.0145564e-16  -1.8032781e-16  1.1281534e-15  -7.4712541e-18  1.6344083e-17  1.0000000   2.7061263e-16  -7.1476875e-18  1.1337875e-16  -2.3726113e-16  -5.9968662e-17  3.0145564e-16  -1.8032781e-16  1.1281534e-15  -7.4712541e-18  1.6344083e-17  1.0000000   2.7061263e-16  -7.1476875e-18  1.1337875e-16  -2.3726113e-16  -5.9968662e-17  
-2.2047675e-16  -1.8319036e-16  8.4782281e-16  -1.1191423e-18  -2.6654221e-17  2.7061263e-16  1.0000000   2.0426538e-16  -2.3149072e-16  1.1065575e-16  -2.7500682e-16  -2.2047675e-16  -1.8319036e-16  8.4782281e-16  -1.1191423e-18  -2.6654221e-17  2.7061263e-16  1.0000000   2.0426538e-16  -2.3149072e-16  1.1065575e-16  -2.7500682e-16  
-2.5128249e-16  -3.0656875e-17  1.3629321e-16  -2.7415047e-16  -6.9892945e-16  -7.1476875e-18  2.0426538e-16  1.0000000   2.7347687e-16  5.2481738e-17  3.1008124e-16  -2.5128249e-16  -3.0656875e-17  1.3629321e-16  -2.7415047e-16  -6.9892945e-16  -7.1476875e-18  2.0426538e-16  1.0000000   2.7347687e-16  5.2481738e-17  3.1008124e-16  
3.7474432e-17  -2.0714191e-18  -4.5541573e-16  -2.2879927e-16  2.5769262e-16  1.1337875e-16  -2.3149072e-16  2.7347687e-16  1.0000000   1.4534382e-15  3.6450199e-16  3.7474432e-17  -2.0714191e-18  -4.5541573e-16  -2.2879927e-16  2.5769262e-16  1.1337875e-16  -2.3149072e-16  2.7347687e-16  1.0000000   1.4534382e-15  3.6450199e-16  
3.8909644e-16  3.2305201e-16  -6.4910252e-16  -3.6829236e-16  -2.0763104e-16  -2.3726113e-16  1.1065575e-16  5.2481738e-17  1.4534382e-15  1.0000000   1.0773941e-16  3.8909644e-16  3.2305201e-16  -6.4910252e-16  -3.6829236e-16  -2.0763104e-16  -2.3726113e-16  1.1065575e-16  5.2481738e-17  1.4534382e-15  1.0000000   1.0773941e-16  
-2.0586289e-17  1.2385125e-16  5.3777719e-16  8.2989218e-17  4.2187484e-16  -5.9968662e-17  -2.7500682e-16  3.1008124e-16  3.6450199e-16  1.0773941e-16  1.0000000   -2.0586289e-17  1.2385125e-16  5.3777719e-16  8.2989218e-17  4.2187484e-16  -5.9968662e-17  -2.7500682e-16  3.1008124e-16  3.6450199e-16  1.0773941e-16  1.0000000   
1.0000000   7.4409134e-16  -1.9897143e-16  -2.5059216e-16  4.2922696e-16  3.0145564e-16  -2.2047675e-16  -2.5128249e-16  3.7474432e-17  3.8909644e-16  -2.0586289e-17  1.0000000   7.4409134e-16  -1.9897143e-16  -2.5059216e-16  4.2922696e-16  3.0145564e-16  -2.2047675e-16  -2.5128249e-16  3.7474432e-17  3.8909644e-16  -2.0586289e-17  
7.4409134e-16  1.0000000   -5.4392771e-16  -1.0458375e-15  -1.0273647e-15  -1.8032781e-16  -1.8319036e-16  -3.0656875e-17  -2.0714191e-18  3.2305201e-16  1.2385125e-16  7.4409134e-16  1.0000000   -5.4392771e-16  -1.0458375e-15  -1.0273647e-15  -1.8032781e-16  -1.8319036e-16  -3.0656875e-17  -2.0714191e-18  3.2305201e-16  1.2385125e-16  
-1.9897143e-16  -5.4392771e-16  1.0000000   5.4590342e-16  1.3085590e-16  1.1281534e-15  8.4782281e-16  1.3629321e-16  -4.5541573e-16  -6.4910252e-16  5.3777719e-16  -1.9897143e-16  -5.4392771e-16  1.0000000   5.4590342e-16  1.3085590e-16  1.1281534e-15  8.4782281e-16  1.3629321e-16  -4.5541573e-16  -6.4910252e-16  5.3777719e-16  
-2.5059216e-16  -1.0458375e-15  5.4590342e-16  1.0000000   -2.5767708e-17  -7.4712541e-18  -1.1191423e-18  -2.7415047e-16  -2.2879927e-16  -3.6829236e-16  8.2989218e-17  -2.5059216e-16  -1.0458375e-15  5.4590342e-16  1.0000000   -2.5767708e-17  -7.4712541e-18  -1.1191423e-18  -2.7415047e-16  -2.2879927e-16  -3.6829236e-16  8.2989218e-17  
4.2922696e-16  -1.0273647e-15  1.3085590e-16  -2.5767708e-17  1.0000000   1.6344083e-17  -2.6654221e-17  -6.9892945e-16  2.5769262e-16  -2.0763104e-16  4.2187484e-16  4.2922696e-16  -1.0273647e-15  1.3085590e-16  -2.5767708e-17  1.0000000   1.6344083e-17  -2.6654221e-17  -6.9892945e-16  2.5769262e-16  -2.0763104e-16  4.2187484e-16  
3.0145564e-16  -1.8032781e-16  1.1281534e-15  -7.4712541e-18  1.6344083e-17  1.0000000   2.7061263e-16  -7.1476875e-18  1.1337875e-16  -2.3726113e-16  -5.9968662e-17  3.0145564e-16  -1.8032781e-16  1.1281534e-15  -7.4712541e-18  1.6344083e-17  1.0000000   2.7061263e-16  -7.1476875e-18  1.1337875e-16  -2.3726113e-16  -5.9968662e-17  
-2.2047675e-16  -1.8319036e-16  8.4782281e-16  -1.1191423e-18  -2.6654221e-17  2.7061263e-16  1.0000000   2.0426538e-16  -2.3149072e-16  1.1065575e-16  -2.7500682e-16  -2.2047675e-16  -1.8319036e-16  8.4782281e-16  -1.1191423e-18  -2.6654221e-17  2.7061263e-16  1.0000000   2.0426538e-16  -2.3149072e-16  1.1065575e-16  -2.7500682e-16  
-2.5128249e-16  -3.0656875e-17  1.3629321e-16  -2.7415047e-16  -6.9892945e-16  -7.1476875e-18  2.0426538e-16  1.0000000   2.7347687e-16  5.2481738e-17  3.1008124e-16  -2.5128249e-16  -3.0656875e-17  1.3629321e-16  -2.7415047e-16  -6.9892945e-16  -7.1476875e-18  2.0426538e-16  1.0000000   2.7347687e-16  5.2481738e-17  3.1008124e-16  
3.7474432e-17  -2.0714191e-18  -4.5541573e-16  -2.2879927e-16  2.5769262e-16  1.1337875e-16  -2.3149072e-16  2.7347687e-16  1.0000000   1.4534382e-15  3.6450199e-16  3.7474432e-17  -2.0714191e-18  -4.5541573e-16  -2.2879927e-16  2.5769262e-16  1.1337875e-16  -2.3149072e-16  2.7347687e-16  1.0000000   1.4534382e-15  3.6450199e-16  
3.8909644e-16  3.2305201e-16  -6.4910252e-16  -3.6829236e-16  -2.0763104e-16  -2.3726113e-16  1.1065575e-16  5.2481738e-17  1.4534382e-15  1.0000000   1.0773941e-16  3.8909644e-16  3.2305201e-16  -6.4910252e-16  -3.6829236e-16  -2.0763104e-16  -2.3726113e-16  1.1065575e-16  5.2481738e-17  1.4534382e-15  1.0000000   1.0773941e-16  
-2.0586289e-17  1.2385125e-16  5.3777719e-16  8.2989218e-17  4.2187484e-16  -5.9968662e-17  -2.7500682e-16  3.1008124e-16  3.6450199e-16  1.0773941e-16  1.0000000   -2.0586289e-17  1.2385125e-16  5.3777719e-16  8.2989218e-17  4.2187484e-16  -5.9968662e-17  -2.7500682e-16  3.1008124e-16  3.6450199e-16  1.0773941e-16  1.0000000   
