1.0000000   -1.7736192e-16  3.0141286e-16  -3.9577614e-17  4.0362602e-17  -2.0466857e-16  1.2187407e-16  2.9473443e-16  -5.5878446e-17  -2.8380178e-16  4.2249156e-16  1.0000000   -1.7736192e-16  3.0141286e-16  -3.9577614e-17  4.0362602e-17  -2.0466857e-16  1.2187407e-16  2.9473443e-16  -5.5878446e-17  -2.8380178e-16  4.2249156e-16  
-1.7736192e-16  1.0000000   -6.1059937e-16  -5.5869658e-17  -2.2190252e-16  3.2992950e-16  -2.9149580e-16  -4.0375858e-16  -7.9473565e-16  3.8195765e-16  5.4692070e-16  -1.7736192e-16  1.0000000   -6.1059937e-16  -5.5869658e-17  -2.2190252e-16  3.2992950e-16  -2.9149580e-16  -4.0375858e-16  -7.9473565e-16  3.8195765e-16  5.4692070e-16  
3.0141286e-16  -6.1059937e-16  1.0000000   -4.7732001e-17  6.1429370e-17  1.8447531e-17  -1.4684756e-16  -3.2189158e-16  -1.0384327e-16  -5.6653799e-17  4.8335512e-17  3.0141286e-16  -6.1059937e-16  1.0000000   -4.7732001e-17  6.1429370e-17  1.8447531e-17  -1.4684756e-16  -3.2189158e-16  -1.0384327e-16  -5.6653799e-17  4.8335512e-17  
-3.9577614e-17  -5.5869658e-17  -4.7732001e-17  1.0000000   1.5099590e-16  2.5416049e-16  -4.6464585e-16  -2.3992081e-16  2.6400768e-16  -3.1355233e-16  -6.9150690e-16  -3.9577614e-17  -5.5869658e-17  -4.7732001e-17  1.0000000   1.5099590e-16  2.5416049e-16  -4.6464585e-16  -2.3992081e-16  2.6400768e-16  -3.1355233e-16  -6.9150690e-16  
4.0362602e-17  -2.2190252e-16  6.1429370e-17  1.5099590e-16  1.0000000   -1.9901039e-17  -4.9946568e-17  1.5620897e-16  -1.3220596e-17  -5.4248225e-17  6.0941056e-17  4.0362602e-17  -2.2190252e-16  6.1429370e-17  1.5099590e-16  1.0000000   -1.9901039e-17  -4.9946568e-17  1.5620897e-16  -1.3220596e-17  -5.4248225e-17  6.0941056e-17  
-2.0466857e-16  3.2992950e-16  1.8447531e-17  2.5416049e-16  -1.9901039e-17  1.0000000   6.0155009e-16  -1.4949708e-16  -3.3178281e-17  2.9837583e-17  2.2428924e-16  -2.0466857e-16  3.2992950e-16  1.8447531e-17  2.5416049e-16  -1.9901039e-17  1.0000000   6.0155009e-16  -1.4949708e-16  -3.3178281e-17  2.9837583e-17  2.2428924e-16  
1.2187407e-16  -2.9149580e-16  -1.4684756e-16  -4.6464585e-16  -4.9946568e-17  6.0155009e-16  1.0000000   1.4506562e-16  -3.8050594e-16  -4.9167298e-17  5.1133833e-16  1.2187407e-16  -2.9149580e-16  -1.4684756e-16  -4.6464585e-16  -4.9946568e-17  6.0155009e-16  1.0000000   1.4506562e-16  -3.8050594e-16  -4.9167298e-17  5.1133833e-16  
2.9473443e-16  -4.0375858e-16  -3.2189158e-16  -2.3992081e-16  1.5620897e-16  -1.4949708e-16  1.4506562e-16  1.0000000   -1.9208759e-16  8.7362978e-18  9.0543672e-16  2.9473443e-16  -4.0375858e-16  -3.2189158e-16  -2.3992081e-16  1.5620897e-16  -1.4949708e-16  1.4506562e-16  1.0000000   -1.9208759e-16  8.7362978e-18  9.0543672e-16  
-5.5878446e-17  -7.9473565e-16  -1.0384327e-16  2.6400768e-16  -1.3220596e-17  -3.3178281e-17  -3.8050594e-16  -1.9208759e-16  1.0000000   -1.3222205e-16  -5.1342023e-16  -5.5878446e-17  -7.9473565e-16  -1.0384327e-16  2.6400768e-16  -1.3220596e-17  -3.3178281e-17  -3.8050594e-16  -1.9208759e-16  1.0000000   -1.3222205e-16  -5.1342023e-16  
-2.8380178e-16  3.8195765e-16  -5.6653799e-17  -3.1355233e-16  -5.4248225e-17  2.9837583e-17  -4.9167298e-17  8.7362978e-18  -1.3222205e-16  1.0000000   9.3939342e-17  -2.8380178e-16  3.8195765e-16  -5.6653799e-17  -3.1355233e-16  -5.4248225e-17  2.9837583e-17  -4.9167298e-17  8.7362978e-18  -1.3222205e-16  1.0000000   9.3939342e-17  
4.2249156e-16  5.4692070e-16  4.8335512e-17  -6.9150690e-16  6.0941056e-17  2.2428924e-16  5.1133833e-16  9.0543672e-16  -5.1342023e-16  9.3939342e-17  1.0000000   4.2249156e-16  5.4692070e-16  4.8335512e-17  -6.9150690e-16  6.0941056e-17  2.2428924e-16  5.1133833e-16  9.0543672e-16  -5.1342023e-16  9.3939342e-17  1.0000000   
1.0000000   -1.7736192e-16  3.0141286e-16  -3.9577614e-17  4.0362602e-17  -2.0466857e-16  1.2187407e-16  2.9473443e-16  -5.5878446e-17  -2.8380178e-16  4.2249156e-16  1.0000000   -1.7736192e-16  3.0141286e-16  -3.9577614e-17  4.0362602e-17  -2.0466857e-16  1.2187407e-16  2.9473443e-16  -5.5878446e-17  -2.8380178e-16  4.2249156e-16  
-1.7736192e-16  1.0000000   -6.1059937e-16  -5.5869658e-17  -2.2190252e-16  3.2992950e-16  -2.9149580e-16  -4.0375858e-16  -7.9473565e-16  3.8195765e-16  5.4692070e-16  -1.7736192e-16  1.0000000   -6.1059937e-16  -5.5869658e-17  -2.2190252e-16  3.2992950e-16  -2.9149580e-16  -4.0375858e-16  -7.9473565e-16  3.8195765e-16  5.4692070e-16  
3.0141286e-16  -6.1059937e-16  1.0000000   -4.7732001e-17  6.1429370e-17  1.8447531e-17  -1.4684756e-16  -3.2189158e-16  -1.0384327e-16  -5.6653799e-17  4.8335512e-17  3.0141286e-16  -6.1059937e-16  1.0000000   -4.7732001e-17  6.1429370e-17  1.8447531e-17  -1.4684756e-16  -3.2189158e-16  -1.0384327e-16  -5.6653799e-17  4.8335512e-17  
-3.9577614e-17  -5.5869658e-17  -4.7732001e-17  1.0000000   1.5099590e-16  2.5416049e-16  -4.6464585e-16  -2.3992081e-16  2.6400768e-16  -3.1355233e-16  -6.9150690e-16  -3.9577614e-17  -5.5869658e-17  -4.7732001e-17  1.0000000   1.5099590e-16  2.5416049e-16  -4.6464585e-16  -2.3992081e-16  2.6400768e-16  -3.1355233e-16  -6.9150690e-16  
4.0362602e-17  -2.2190252e-16  6.1429370e-17  1.5099590e-16  1.0000000   -1.9901039e-17  -4.9946568e-17  1.5620897e-16  -1.3220596e-17  -5.4248225e-17  6.0941056e-17  4.0362602e-17  -2.2190252e-16  6.1429370e-17  1.5099590e-16  1.0000000   -1.9901039e-17  -4.9946568e-17  1.5620897e-16  -1.3220596e-17  -5.4248225e-17  6.0941056e-17  
-2.0466857e-16  3.2992950e-16  1.8447531e-17  2.5416049e-16  -1.9901039e-17  1.0000000   6.0155009e-16  -1.4949708e-16  -3.3178281e-17  2.9837583e-17  2.2428924e-16  -2.0466857e-16  3.2992950e-16  1.8447531e-17  2.5416049e-16  -1.9901039e-17  1.0000000   6.0155009e-16  -1.4949708e-16  -3.3178281e-17  2.9837583e-17  2.2428924e-16  
1.2187407e-16  -2.9149580e-16  -1.4684756e-16  -4.6464585e-16  -4.9946568e-17  6.0155009e-16  1.0000000   1.4506562e-16  -3.8050594e-16  -4.9167298e-17  5.1133833e-16  1.2187407e-16  -2.9149580e-16  -1.4684756e-16  -4.6464585e-16  -4.9946568e-17  6.0155009e-16  1.0000000   1.4506562e-16  -3.8050594e-16  -4.9167298e-17  5.1133833e-16  
2.9473443e-16  -4.0375858e-16  -3.2189158e-16  -2.3992081e-16  1.5620897e-16  -1.4949708e-16  1.4506562e-16  1.0000000   -1.9208759e-16  8.7362978e-18  9.0543672e-16  2.9473443e-16  -4.0375858e-16  -3.2189158e-16  -2.3992081e-16  1.5620897e-16  -1.4949708e-16  1.4506562e-16  1.0000000   -1.9208759e-16  8.7362978e-18  9.0543672e-16  
-5.5878446e-17  -7.9473565e-16  -1.0384327e-16  2.6400768e-16  -1.3220596e-17  -3.3178281e-17  -3.8050594e-16  -1.9208759e-16  1.0000000   -1.3222205e-16  -5.1342023e-16  -5.5878446e-17  -7.9473565e-16  -1.0384327e-16  2.6400768e-16  -1.3220596e-17  -3.3178281e-17  -3.8050594e-16  -1.9208759e-16  1.0000000   -1.3222205e-16  -5.1342023e-16  
-2.8380178e-16  3.8195765e-16  -5.6653799e-17  -3.1355233e-16  -5.4248225e-17  2.9837583e-17  -4.9167298e-17  8.7362978e-18  -1.3222205e-16  1.0000000   9.3939342e-17  -2.8380178e-16  3.8195765e-16  -5.6653799e-17  -3.1355233e-16  -5.4248225e-17  2.9837583e-17  -4.9167298e-17  8.7362978e-18  -1.3222205e-16  1.0000000   9.3939342e-17  
4.2249156e-16  5.4692070e-16  4.8335512e-17  -6.9150690e-16  6.0941056e-17  2.2428924e-16  5.1133833e-16  9.0543672e-16  -5.1342023e-16  9.3939342e-17  1.0000000   4.2249156e-16  5.4692070e-16  4.8335512e-17  -6.9150690e-16  6.0941056e-17  2.2428924e-16  5.1133833e-16  9.0543672e-16  -5.1342023e-16  9.3939342e-17  1.0000000   
