1.0000000   -7.5748166e-16  -5.5958067e-16  3.7589152e-17  2.9434840e-16  -2.8441725e-17  -1.5231939e-16  -8.4515055e-17  2.8908980e-16  -1.5509274e-16  -2.9656169e-16  1.0000000   -7.5748166e-16  -5.5958067e-16  3.7589152e-17  2.9434840e-16  -2.8441725e-17  -1.5231939e-16  -8.4515055e-17  2.8908980e-16  -1.5509274e-16  -2.9656169e-16  
-7.5748166e-16  1.0000000   3.0088643e-16  -3.3468389e-16  2.8845389e-16  -1.3617833e-16  -2.3045141e-16  5.0239536e-16  -3.1255939e-16  -2.7049658e-16  -2.6278350e-17  -7.5748166e-16  1.0000000   3.0088643e-16  -3.3468389e-16  2.8845389e-16  -1.3617833e-16  -2.3045141e-16  5.0239536e-16  -3.1255939e-16  -2.7049658e-16  -2.6278350e-17  
-5.5958067e-16  3.0088643e-16  1.0000000   -7.5656093e-16  -5.4408166e-16  -3.1690001e-16  -5.5252891e-16  2.5059046e-16  -2.2306867e-16  9.0684406e-17  1.9886470e-16  -5.5958067e-16  3.0088643e-16  1.0000000   -7.5656093e-16  -5.4408166e-16  -3.1690001e-16  -5.5252891e-16  2.5059046e-16  -2.2306867e-16  9.0684406e-17  1.9886470e-16  
3.7589152e-17  -3.3468389e-16  -7.5656093e-16  1.0000000   -7.4983168e-16  -2.3706864e-16  -3.7385451e-16  -2.5704459e-16  -5.7652339e-16  -4.9034017e-16  1.2790282e-16  3.7589152e-17  -3.3468389e-16  -7.5656093e-16  1.0000000   -7.4983168e-16  -2.3706864e-16  -3.7385451e-16  -2.5704459e-16  -5.7652339e-16  -4.9034017e-16  1.2790282e-16  
2.9434840e-16  2.8845389e-16  -5.4408166e-16  -7.4983168e-16  1.0000000   2.1283947e-16  4.7840463e-16  4.6570407e-16  3.0156025e-16  -1.1169654e-16  1.1891241e-16  2.9434840e-16  2.8845389e-16  -5.4408166e-16  -7.4983168e-16  1.0000000   2.1283947e-16  4.7840463e-16  4.6570407e-16  3.0156025e-16  -1.1169654e-16  1.1891241e-16  
-2.8441725e-17  -1.3617833e-16  -3.1690001e-16  -2.3706864e-16  2.1283947e-16  1.0000000   -6.7760179e-16  2.7883335e-16  -1.0857268e-17  3.0559011e-16  7.0707939e-16  -2.8441725e-17  -1.3617833e-16  -3.1690001e-16  -2.3706864e-16  2.1283947e-16  1.0000000   -6.7760179e-16  2.7883335e-16  -1.0857268e-17  3.0559011e-16  7.0707939e-16  
-1.5231939e-16  -2.3045141e-16  -5.5252891e-16  -3.7385451e-16  4.7840463e-16  -6.7760179e-16  1.0000000   -1.6654722e-16  5.4603301e-16  3.3930922e-16  1.6038368e-16  -1.5231939e-16  -2.3045141e-16  -5.5252891e-16  -3.7385451e-16  4.7840463e-16  -6.7760179e-16  1.0000000   -1.6654722e-16  5.4603301e-16  3.3930922e-16  1.6038368e-16  
-8.4515055e-17  5.0239536e-16  2.5059046e-16  -2.5704459e-16  4.6570407e-16  2.7883335e-16  -1.6654722e-16  1.0000000   4.7671673e-16  1.6128990e-17  -8.2668404e-17  -8.4515055e-17  5.0239536e-16  2.5059046e-16  -2.5704459e-16  4.6570407e-16  2.7883335e-16  -1.6654722e-16  1.0000000   4.7671673e-16  1.6128990e-17  -8.2668404e-17  
2.8908980e-16  -3.1255939e-16  -2.2306867e-16  -5.7652339e-16  3.0156025e-16  -1.0857268e-17  5.4603301e-16  4.7671673e-16  1.0000000   2.9372434e-16  -4.5988637e-16  2.8908980e-16  -3.1255939e-16  -2.2306867e-16  -5.7652339e-16  3.0156025e-16  -1.0857268e-17  5.4603301e-16  4.7671673e-16  1.0000000   2.9372434e-16  -4.5988637e-16  
-1.5509274e-16  -2.7049658e-16  9.0684406e-17  -4.9034017e-16  -1.1169654e-16  3.0559011e-16  3.3930922e-16  1.6128990e-17  2.9372434e-16  1.0000000   8.2604262e-16  -1.5509274e-16  -2.7049658e-16  9.0684406e-17  -4.9034017e-16  -1.1169654e-16  3.0559011e-16  3.3930922e-16  1.6128990e-17  2.9372434e-16  1.0000000   8.2604262e-16  
-2.9656169e-16  -2.6278350e-17  1.9886470e-16  1.2790282e-16  1.1891241e-16  7.0707939e-16  1.6038368e-16  -8.2668404e-17  -4.5988637e-16  8.2604262e-16  1.0000000   -2.9656169e-16  -2.6278350e-17  1.9886470e-16  1.2790282e-16  1.1891241e-16  7.0707939e-16  1.6038368e-16  -8.2668404e-17  -4.5988637e-16  8.2604262e-16  1.0000000   
1.0000000   -7.5748166e-16  -5.5958067e-16  3.7589152e-17  2.9434840e-16  -2.8441725e-17  -1.5231939e-16  -8.4515055e-17  2.8908980e-16  -1.5509274e-16  -2.9656169e-16  1.0000000   -7.5748166e-16  -5.5958067e-16  3.7589152e-17  2.9434840e-16  -2.8441725e-17  -1.5231939e-16  -8.4515055e-17  2.8908980e-16  -1.5509274e-16  -2.9656169e-16  
-7.5748166e-16  1.0000000   3.0088643e-16  -3.3468389e-16  2.8845389e-16  -1.3617833e-16  -2.3045141e-16  5.0239536e-16  -3.1255939e-16  -2.7049658e-16  -2.6278350e-17  -7.5748166e-16  1.0000000   3.0088643e-16  -3.3468389e-16  2.8845389e-16  -1.3617833e-16  -2.3045141e-16  5.0239536e-16  -3.1255939e-16  -2.7049658e-16  -2.6278350e-17  
-5.5958067e-16  3.0088643e-16  1.0000000   -7.5656093e-16  -5.4408166e-16  -3.1690001e-16  -5.5252891e-16  2.5059046e-16  -2.2306867e-16  9.0684406e-17  1.9886470e-16  -5.5958067e-16  3.0088643e-16  1.0000000   -7.5656093e-16  -5.4408166e-16  -3.1690001e-16  -5.5252891e-16  2.5059046e-16  -2.2306867e-16  9.0684406e-17  1.9886470e-16  
3.7589152e-17  -3.3468389e-16  -7.5656093e-16  1.0000000   -7.4983168e-16  -2.3706864e-16  -3.7385451e-16  -2.5704459e-16  -5.7652339e-16  -4.9034017e-16  1.2790282e-16  3.7589152e-17  -3.3468389e-16  -7.5656093e-16  1.0000000   -7.4983168e-16  -2.3706864e-16  -3.7385451e-16  -2.5704459e-16  -5.7652339e-16  -4.9034017e-16  1.2790282e-16  
2.9434840e-16  2.8845389e-16  -5.4408166e-16  -7.4983168e-16  1.0000000   2.1283947e-16  4.7840463e-16  4.6570407e-16  3.0156025e-16  -1.1169654e-16  1.1891241e-16  2.9434840e-16  2.8845389e-16  -5.4408166e-16  -7.4983168e-16  1.0000000   2.1283947e-16  4.7840463e-16  4.6570407e-16  3.0156025e-16  -1.1169654e-16  1.1891241e-16  
-2.8441725e-17  -1.3617833e-16  -3.1690001e-16  -2.3706864e-16  2.1283947e-16  1.0000000   -6.7760179e-16  2.7883335e-16  -1.0857268e-17  3.0559011e-16  7.0707939e-16  -2.8441725e-17  -1.3617833e-16  -3.1690001e-16  -2.3706864e-16  2.1283947e-16  1.0000000   -6.7760179e-16  2.7883335e-16  -1.0857268e-17  3.0559011e-16  7.0707939e-16  
-1.5231939e-16  -2.3045141e-16  -5.5252891e-16  -3.7385451e-16  4.7840463e-16  -6.7760179e-16  1.0000000   -1.6654722e-16  5.4603301e-16  3.3930922e-16  1.6038368e-16  -1.5231939e-16  -2.3045141e-16  -5.5252891e-16  -3.7385451e-16  4.7840463e-16  -6.7760179e-16  1.0000000   -1.6654722e-16  5.4603301e-16  3.3930922e-16  1.6038368e-16  
-8.4515055e-17  5.0239536e-16  2.5059046e-16  -2.5704459e-16  4.6570407e-16  2.7883335e-16  -1.6654722e-16  1.0000000   4.7671673e-16  1.6128990e-17  -8.2668404e-17  -8.4515055e-17  5.0239536e-16  2.5059046e-16  -2.5704459e-16  4.6570407e-16  2.7883335e-16  -1.6654722e-16  1.0000000   4.7671673e-16  1.6128990e-17  -8.2668404e-17  
2.8908980e-16  -3.1255939e-16  -2.2306867e-16  -5.7652339e-16  3.0156025e-16  -1.0857268e-17  5.4603301e-16  4.7671673e-16  1.0000000   2.9372434e-16  -4.5988637e-16  2.8908980e-16  -3.1255939e-16  -2.2306867e-16  -5.7652339e-16  3.0156025e-16  -1.0857268e-17  5.4603301e-16  4.7671673e-16  1.0000000   2.9372434e-16  -4.5988637e-16  
-1.5509274e-16  -2.7049658e-16  9.0684406e-17  -4.9034017e-16  -1.1169654e-16  3.0559011e-16  3.3930922e-16  1.6128990e-17  2.9372434e-16  1.0000000   8.2604262e-16  -1.5509274e-16  -2.7049658e-16  9.0684406e-17  -4.9034017e-16  -1.1169654e-16  3.0559011e-16  3.3930922e-16  1.6128990e-17  2.9372434e-16  1.0000000   8.2604262e-16  
-2.9656169e-16  -2.6278350e-17  1.9886470e-16  1.2790282e-16  1.1891241e-16  7.0707939e-16  1.6038368e-16  -8.2668404e-17  -4.5988637e-16  8.2604262e-16  1.0000000   -2.9656169e-16  -2.6278350e-17  1.9886470e-16  1.2790282e-16  1.1891241e-16  7.0707939e-16  1.6038368e-16  -8.2668404e-17  -4.5988637e-16  8.2604262e-16  1.0000000   
