1.0000000   7.7236191e-16  -1.1613542e-16  -8.9716036e-17  -4.4474481e-16  -2.8976997e-16  -8.9767196e-16  2.5362919e-17  -8.7865269e-17  1.6322325e-17  6.7711390e-16  1.0000000   7.7236191e-16  -1.1613542e-16  -8.9716036e-17  -4.4474481e-16  -2.8976997e-16  -8.9767196e-16  2.5362919e-17  -8.7865269e-17  1.6322325e-17  6.7711390e-16  
7.7236191e-16  1.0000000   -6.7063516e-17  -2.4807393e-16  -8.2946548e-17  5.2520839e-16  -2.7231209e-16  9.5141282e-17  -3.3855335e-16  -2.4806207e-16  1.0705383e-15  7.7236191e-16  1.0000000   -6.7063516e-17  -2.4807393e-16  -8.2946548e-17  5.2520839e-16  -2.7231209e-16  9.5141282e-17  -3.3855335e-16  -2.4806207e-16  1.0705383e-15  
-1.1613542e-16  -6.7063516e-17  1.0000000   1.2698506e-17  -1.9869064e-17  -1.5485753e-16  -1.7603378e-16  -1.1994219e-16  6.4536563e-16  3.2015177e-16  6.0596970e-16  -1.1613542e-16  -6.7063516e-17  1.0000000   1.2698506e-17  -1.9869064e-17  -1.5485753e-16  -1.7603378e-16  -1.1994219e-16  6.4536563e-16  3.2015177e-16  6.0596970e-16  
-8.9716036e-17  -2.4807393e-16  1.2698506e-17  1.0000000   -7.6214331e-17  2.5321245e-16  -1.0315294e-16  1.9205625e-17  1.3953555e-16  -2.7464366e-16  -1.6263541e-16  -8.9716036e-17  -2.4807393e-16  1.2698506e-17  1.0000000   -7.6214331e-17  2.5321245e-16  -1.0315294e-16  1.9205625e-17  1.3953555e-16  -2.7464366e-16  -1.6263541e-16  
-4.4474481e-16  -8.2946548e-17  -1.9869064e-17  -7.6214331e-17  1.0000000   2.2358282e-16  -2.8060084e-16  1.2951769e-16  -5.0018651e-16  3.8415485e-16  3.9646828e-16  -4.4474481e-16  -8.2946548e-17  -1.9869064e-17  -7.6214331e-17  1.0000000   2.2358282e-16  -2.8060084e-16  1.2951769e-16  -5.0018651e-16  3.8415485e-16  3.9646828e-16  
-2.8976997e-16  5.2520839e-16  -1.5485753e-16  2.5321245e-16  2.2358282e-16  1.0000000   -5.1645970e-16  3.6418520e-16  -7.2396457e-16  1.6284293e-16  -1.9919420e-16  -2.8976997e-16  5.2520839e-16  -1.5485753e-16  2.5321245e-16  2.2358282e-16  1.0000000   -5.1645970e-16  3.6418520e-16  -7.2396457e-16  1.6284293e-16  -1.9919420e-16  
-8.9767196e-16  -2.7231209e-16  -1.7603378e-16  -1.0315294e-16  -2.8060084e-16  -5.1645970e-16  1.0000000   2.1743336e-17  1.7178972e-16  2.7927248e-16  1.4654348e-16  -8.9767196e-16  -2.7231209e-16  -1.7603378e-16  -1.0315294e-16  -2.8060084e-16  -5.1645970e-16  1.0000000   2.1743336e-17  1.7178972e-16  2.7927248e-16  1.4654348e-16  
2.5362919e-17  9.5141282e-17  -1.1994219e-16  1.9205625e-17  1.2951769e-16  3.6418520e-16  2.1743336e-17  1.0000000   2.8524025e-16  6.7624442e-16  -2.5379839e-16  2.5362919e-17  9.5141282e-17  -1.1994219e-16  1.9205625e-17  1.2951769e-16  3.6418520e-16  2.1743336e-17  1.0000000   2.8524025e-16  6.7624442e-16  -2.5379839e-16  
-8.7865269e-17  -3.3855335e-16  6.4536563e-16  1.3953555e-16  -5.0018651e-16  -7.2396457e-16  1.7178972e-16  2.8524025e-16  1.0000000   3.1056251e-16  -8.4285496e-17  -8.7865269e-17  -3.3855335e-16  6.4536563e-16  1.3953555e-16  -5.0018651e-16  -7.2396457e-16  1.7178972e-16  2.8524025e-16  1.0000000   3.1056251e-16  -8.4285496e-17  
1.6322325e-17  -2.4806207e-16  3.2015177e-16  -2.7464366e-16  3.8415485e-16  1.6284293e-16  2.7927248e-16  6.7624442e-16  3.1056251e-16  1.0000000   3.9498840e-17  1.6322325e-17  -2.4806207e-16  3.2015177e-16  -2.7464366e-16  3.8415485e-16  1.6284293e-16  2.7927248e-16  6.7624442e-16  3.1056251e-16  1.0000000   3.9498840e-17  
6.7711390e-16  1.0705383e-15  6.0596970e-16  -1.6263541e-16  3.9646828e-16  -1.9919420e-16  1.4654348e-16  -2.5379839e-16  -8.4285496e-17  3.9498840e-17  1.0000000   6.7711390e-16  1.0705383e-15  6.0596970e-16  -1.6263541e-16  3.9646828e-16  -1.9919420e-16  1.4654348e-16  -2.5379839e-16  -8.4285496e-17  3.9498840e-17  1.0000000   
1.0000000   7.7236191e-16  -1.1613542e-16  -8.9716036e-17  -4.4474481e-16  -2.8976997e-16  -8.9767196e-16  2.5362919e-17  -8.7865269e-17  1.6322325e-17  6.7711390e-16  1.0000000   7.7236191e-16  -1.1613542e-16  -8.9716036e-17  -4.4474481e-16  -2.8976997e-16  -8.9767196e-16  2.5362919e-17  -8.7865269e-17  1.6322325e-17  6.7711390e-16  
7.7236191e-16  1.0000000   -6.7063516e-17  -2.4807393e-16  -8.2946548e-17  5.2520839e-16  -2.7231209e-16  9.5141282e-17  -3.3855335e-16  -2.4806207e-16  1.0705383e-15  7.7236191e-16  1.0000000   -6.7063516e-17  -2.4807393e-16  -8.2946548e-17  5.2520839e-16  -2.7231209e-16  9.5141282e-17  -3.3855335e-16  -2.4806207e-16  1.0705383e-15  
-1.1613542e-16  -6.7063516e-17  1.0000000   1.2698506e-17  -1.9869064e-17  -1.5485753e-16  -1.7603378e-16  -1.1994219e-16  6.4536563e-16  3.2015177e-16  6.0596970e-16  -1.1613542e-16  -6.7063516e-17  1.0000000   1.2698506e-17  -1.9869064e-17  -1.5485753e-16  -1.7603378e-16  -1.1994219e-16  6.4536563e-16  3.2015177e-16  6.0596970e-16  
-8.9716036e-17  -2.4807393e-16  1.2698506e-17  1.0000000   -7.6214331e-17  2.5321245e-16  -1.0315294e-16  1.9205625e-17  1.3953555e-16  -2.7464366e-16  -1.6263541e-16  -8.9716036e-17  -2.4807393e-16  1.2698506e-17  1.0000000   -7.6214331e-17  2.5321245e-16  -1.0315294e-16  1.9205625e-17  1.3953555e-16  -2.7464366e-16  -1.6263541e-16  
-4.4474481e-16  -8.2946548e-17  -1.9869064e-17  -7.6214331e-17  1.0000000   2.2358282e-16  -2.8060084e-16  1.2951769e-16  -5.0018651e-16  3.8415485e-16  3.9646828e-16  -4.4474481e-16  -8.2946548e-17  -1.9869064e-17  -7.6214331e-17  1.0000000   2.2358282e-16  -2.8060084e-16  1.2951769e-16  -5.0018651e-16  3.8415485e-16  3.9646828e-16  
-2.8976997e-16  5.2520839e-16  -1.5485753e-16  2.5321245e-16  2.2358282e-16  1.0000000   -5.1645970e-16  3.6418520e-16  -7.2396457e-16  1.6284293e-16  -1.9919420e-16  -2.8976997e-16  5.2520839e-16  -1.5485753e-16  2.5321245e-16  2.2358282e-16  1.0000000   -5.1645970e-16  3.6418520e-16  -7.2396457e-16  1.6284293e-16  -1.9919420e-16  
-8.9767196e-16  -2.7231209e-16  -1.7603378e-16  -1.0315294e-16  -2.8060084e-16  -5.1645970e-16  1.0000000   2.1743336e-17  1.7178972e-16  2.7927248e-16  1.4654348e-16  -8.9767196e-16  -2.7231209e-16  -1.7603378e-16  -1.0315294e-16  -2.8060084e-16  -5.1645970e-16  1.0000000   2.1743336e-17  1.7178972e-16  2.7927248e-16  1.4654348e-16  
2.5362919e-17  9.5141282e-17  -1.1994219e-16  1.9205625e-17  1.2951769e-16  3.6418520e-16  2.1743336e-17  1.0000000   2.8524025e-16  6.7624442e-16  -2.5379839e-16  2.5362919e-17  9.5141282e-17  -1.1994219e-16  1.9205625e-17  1.2951769e-16  3.6418520e-16  2.1743336e-17  1.0000000   2.8524025e-16  6.7624442e-16  -2.5379839e-16  
-8.7865269e-17  -3.3855335e-16  6.4536563e-16  1.3953555e-16  -5.0018651e-16  -7.2396457e-16  1.7178972e-16  2.8524025e-16  1.0000000   3.1056251e-16  -8.4285496e-17  -8.7865269e-17  -3.3855335e-16  6.4536563e-16  1.3953555e-16  -5.0018651e-16  -7.2396457e-16  1.7178972e-16  2.8524025e-16  1.0000000   3.1056251e-16  -8.4285496e-17  
1.6322325e-17  -2.4806207e-16  3.2015177e-16  -2.7464366e-16  3.8415485e-16  1.6284293e-16  2.7927248e-16  6.7624442e-16  3.1056251e-16  1.0000000   3.9498840e-17  1.6322325e-17  -2.4806207e-16  3.2015177e-16  -2.7464366e-16  3.8415485e-16  1.6284293e-16  2.7927248e-16  6.7624442e-16  3.1056251e-16  1.0000000   3.9498840e-17  
6.7711390e-16  1.0705383e-15  6.0596970e-16  -1.6263541e-16  3.9646828e-16  -1.9919420e-16  1.4654348e-16  -2.5379839e-16  -8.4285496e-17  3.9498840e-17  1.0000000   6.7711390e-16  1.0705383e-15  6.0596970e-16  -1.6263541e-16  3.9646828e-16  -1.9919420e-16  1.4654348e-16  -2.5379839e-16  -8.4285496e-17  3.9498840e-17  1.0000000   
