1.0000000   1.8215232e-16  -1.6477173e-16  -2.0584274e-16  9.3155334e-17  -1.9728138e-17  2.7242136e-16  8.0544959e-17  -4.0721080e-16  -7.8719219e-17  -1.8990902e-16  1.0000000   1.8215232e-16  -1.6477173e-16  -2.0584274e-16  9.3155334e-17  -1.9728138e-17  2.7242136e-16  8.0544959e-17  -4.0721080e-16  -7.8719219e-17  -1.8990902e-16  
1.8215232e-16  1.0000000   2.9450489e-16  4.3930093e-17  1.9309069e-16  7.1137342e-16  -9.1363007e-16  -3.8955892e-17  -8.0503451e-16  3.1352078e-17  -1.9916455e-16  1.8215232e-16  1.0000000   2.9450489e-16  4.3930093e-17  1.9309069e-16  7.1137342e-16  -9.1363007e-16  -3.8955892e-17  -8.0503451e-16  3.1352078e-17  -1.9916455e-16  
-1.6477173e-16  2.9450489e-16  1.0000000   1.3227648e-16  -3.8346997e-16  1.8199773e-17  3.5463237e-16  -4.7539788e-16  -1.9960374e-16  1.6728943e-16  -2.9425925e-17  -1.6477173e-16  2.9450489e-16  1.0000000   1.3227648e-16  -3.8346997e-16  1.8199773e-17  3.5463237e-16  -4.7539788e-16  -1.9960374e-16  1.6728943e-16  -2.9425925e-17  
-2.0584274e-16  4.3930093e-17  1.3227648e-16  1.0000000   3.1446098e-19  -5.5560787e-16  5.2910125e-16  -2.0326843e-16  -3.6529736e-16  -7.9928994e-17  5.5480150e-16  -2.0584274e-16  4.3930093e-17  1.3227648e-16  1.0000000   3.1446098e-19  -5.5560787e-16  5.2910125e-16  -2.0326843e-16  -3.6529736e-16  -7.9928994e-17  5.5480150e-16  
9.3155334e-17  1.9309069e-16  -3.8346997e-16  3.1446098e-19  1.0000000   -2.9714128e-17  4.4686070e-17  -1.7107292e-16  -1.1049968e-17  3.2374954e-16  -1.8328268e-16  9.3155334e-17  1.9309069e-16  -3.8346997e-16  3.1446098e-19  1.0000000   -2.9714128e-17  4.4686070e-17  -1.7107292e-16  -1.1049968e-17  3.2374954e-16  -1.8328268e-16  
-1.9728138e-17  7.1137342e-16  1.8199773e-17  -5.5560787e-16  -2.9714128e-17  1.0000000   -3.8097806e-16  -8.0957652e-16  -1.4423912e-18  -8.0787673e-16  2.6162222e-16  -1.9728138e-17  7.1137342e-16  1.8199773e-17  -5.5560787e-16  -2.9714128e-17  1.0000000   -3.8097806e-16  -8.0957652e-16  -1.4423912e-18  -8.0787673e-16  2.6162222e-16  
2.7242136e-16  -9.1363007e-16  3.5463237e-16  5.2910125e-16  4.4686070e-17  -3.8097806e-16  1.0000000   6.0811322e-16  2.0654051e-16  -4.5382331e-17  -3.0191007e-17  2.7242136e-16  -9.1363007e-16  3.5463237e-16  5.2910125e-16  4.4686070e-17  -3.8097806e-16  1.0000000   6.0811322e-16  2.0654051e-16  -4.5382331e-17  -3.0191007e-17  
8.0544959e-17  -3.8955892e-17  -4.7539788e-16  -2.0326843e-16  -1.7107292e-16  -8.0957652e-16  6.0811322e-16  1.0000000   -8.4248353e-16  -3.0771818e-16  -3.2971181e-17  8.0544959e-17  -3.8955892e-17  -4.7539788e-16  -2.0326843e-16  -1.7107292e-16  -8.0957652e-16  6.0811322e-16  1.0000000   -8.4248353e-16  -3.0771818e-16  -3.2971181e-17  
-4.0721080e-16  -8.0503451e-16  -1.9960374e-16  -3.6529736e-16  -1.1049968e-17  -1.4423912e-18  2.0654051e-16  -8.4248353e-16  1.0000000   2.9132428e-17  2.0747225e-17  -4.0721080e-16  -8.0503451e-16  -1.9960374e-16  -3.6529736e-16  -1.1049968e-17  -1.4423912e-18  2.0654051e-16  -8.4248353e-16  1.0000000   2.9132428e-17  2.0747225e-17  
-7.8719219e-17  3.1352078e-17  1.6728943e-16  -7.9928994e-17  3.2374954e-16  -8.0787673e-16  -4.5382331e-17  -3.0771818e-16  2.9132428e-17  1.0000000   -3.7090387e-16  -7.8719219e-17  3.1352078e-17  1.6728943e-16  -7.9928994e-17  3.2374954e-16  -8.0787673e-16  -4.5382331e-17  -3.0771818e-16  2.9132428e-17  1.0000000   -3.7090387e-16  
-1.8990902e-16  -1.9916455e-16  -2.9425925e-17  5.5480150e-16  -1.8328268e-16  2.6162222e-16  -3.0191007e-17  -3.2971181e-17  2.0747225e-17  -3.7090387e-16  1.0000000   -1.8990902e-16  -1.9916455e-16  -2.9425925e-17  5.5480150e-16  -1.8328268e-16  2.6162222e-16  -3.0191007e-17  -3.2971181e-17  2.0747225e-17  -3.7090387e-16  1.0000000   
1.0000000   1.8215232e-16  -1.6477173e-16  -2.0584274e-16  9.3155334e-17  -1.9728138e-17  2.7242136e-16  8.0544959e-17  -4.0721080e-16  -7.8719219e-17  -1.8990902e-16  1.0000000   1.8215232e-16  -1.6477173e-16  -2.0584274e-16  9.3155334e-17  -1.9728138e-17  2.7242136e-16  8.0544959e-17  -4.0721080e-16  -7.8719219e-17  -1.8990902e-16  
1.8215232e-16  1.0000000   2.9450489e-16  4.3930093e-17  1.9309069e-16  7.1137342e-16  -9.1363007e-16  -3.8955892e-17  -8.0503451e-16  3.1352078e-17  -1.9916455e-16  1.8215232e-16  1.0000000   2.9450489e-16  4.3930093e-17  1.9309069e-16  7.1137342e-16  -9.1363007e-16  -3.8955892e-17  -8.0503451e-16  3.1352078e-17  -1.9916455e-16  
-1.6477173e-16  2.9450489e-16  1.0000000   1.3227648e-16  -3.8346997e-16  1.8199773e-17  3.5463237e-16  -4.7539788e-16  -1.9960374e-16  1.6728943e-16  -2.9425925e-17  -1.6477173e-16  2.9450489e-16  1.0000000   1.3227648e-16  -3.8346997e-16  1.8199773e-17  3.5463237e-16  -4.7539788e-16  -1.9960374e-16  1.6728943e-16  -2.9425925e-17  
-2.0584274e-16  4.3930093e-17  1.3227648e-16  1.0000000   3.1446098e-19  -5.5560787e-16  5.2910125e-16  -2.0326843e-16  -3.6529736e-16  -7.9928994e-17  5.5480150e-16  -2.0584274e-16  4.3930093e-17  1.3227648e-16  1.0000000   3.1446098e-19  -5.5560787e-16  5.2910125e-16  -2.0326843e-16  -3.6529736e-16  -7.9928994e-17  5.5480150e-16  
9.3155334e-17  1.9309069e-16  -3.8346997e-16  3.1446098e-19  1.0000000   -2.9714128e-17  4.4686070e-17  -1.7107292e-16  -1.1049968e-17  3.2374954e-16  -1.8328268e-16  9.3155334e-17  1.9309069e-16  -3.8346997e-16  3.1446098e-19  1.0000000   -2.9714128e-17  4.4686070e-17  -1.7107292e-16  -1.1049968e-17  3.2374954e-16  -1.8328268e-16  
-1.9728138e-17  7.1137342e-16  1.8199773e-17  -5.5560787e-16  -2.9714128e-17  1.0000000   -3.8097806e-16  -8.0957652e-16  -1.4423912e-18  -8.0787673e-16  2.6162222e-16  -1.9728138e-17  7.1137342e-16  1.8199773e-17  -5.5560787e-16  -2.9714128e-17  1.0000000   -3.8097806e-16  -8.0957652e-16  -1.4423912e-18  -8.0787673e-16  2.6162222e-16  
2.7242136e-16  -9.1363007e-16  3.5463237e-16  5.2910125e-16  4.4686070e-17  -3.8097806e-16  1.0000000   6.0811322e-16  2.0654051e-16  -4.5382331e-17  -3.0191007e-17  2.7242136e-16  -9.1363007e-16  3.5463237e-16  5.2910125e-16  4.4686070e-17  -3.8097806e-16  1.0000000   6.0811322e-16  2.0654051e-16  -4.5382331e-17  -3.0191007e-17  
8.0544959e-17  -3.8955892e-17  -4.7539788e-16  -2.0326843e-16  -1.7107292e-16  -8.0957652e-16  6.0811322e-16  1.0000000   -8.4248353e-16  -3.0771818e-16  -3.2971181e-17  8.0544959e-17  -3.8955892e-17  -4.7539788e-16  -2.0326843e-16  -1.7107292e-16  -8.0957652e-16  6.0811322e-16  1.0000000   -8.4248353e-16  -3.0771818e-16  -3.2971181e-17  
-4.0721080e-16  -8.0503451e-16  -1.9960374e-16  -3.6529736e-16  -1.1049968e-17  -1.4423912e-18  2.0654051e-16  -8.4248353e-16  1.0000000   2.9132428e-17  2.0747225e-17  -4.0721080e-16  -8.0503451e-16  -1.9960374e-16  -3.6529736e-16  -1.1049968e-17  -1.4423912e-18  2.0654051e-16  -8.4248353e-16  1.0000000   2.9132428e-17  2.0747225e-17  
-7.8719219e-17  3.1352078e-17  1.6728943e-16  -7.9928994e-17  3.2374954e-16  -8.0787673e-16  -4.5382331e-17  -3.0771818e-16  2.9132428e-17  1.0000000   -3.7090387e-16  -7.8719219e-17  3.1352078e-17  1.6728943e-16  -7.9928994e-17  3.2374954e-16  -8.0787673e-16  -4.5382331e-17  -3.0771818e-16  2.9132428e-17  1.0000000   -3.7090387e-16  
-1.8990902e-16  -1.9916455e-16  -2.9425925e-17  5.5480150e-16  -1.8328268e-16  2.6162222e-16  -3.0191007e-17  -3.2971181e-17  2.0747225e-17  -3.7090387e-16  1.0000000   -1.8990902e-16  -1.9916455e-16  -2.9425925e-17  5.5480150e-16  -1.8328268e-16  2.6162222e-16  -3.0191007e-17  -3.2971181e-17  2.0747225e-17  -3.7090387e-16  1.0000000   
