1.0000000   9.6244119e-17  -5.2719881e-16  -1.8308390e-16  2.9218825e-16  1.0520855e-15  -2.1372039e-16  3.7274617e-16  -3.2056512e-16  2.9323836e-16  3.8077307e-17  1.0000000   9.6244119e-17  -5.2719881e-16  -1.8308390e-16  2.9218825e-16  1.0520855e-15  -2.1372039e-16  3.7274617e-16  -3.2056512e-16  2.9323836e-16  3.8077307e-17  
9.6244119e-17  1.0000000   8.0489083e-16  -1.7057200e-16  2.9965569e-16  9.4783030e-17  4.8454477e-16  -1.2195072e-16  2.2741479e-16  -9.1745410e-16  -9.0106730e-17  9.6244119e-17  1.0000000   8.0489083e-16  -1.7057200e-16  2.9965569e-16  9.4783030e-17  4.8454477e-16  -1.2195072e-16  2.2741479e-16  -9.1745410e-16  -9.0106730e-17  
-5.2719881e-16  8.0489083e-16  1.0000000   9.9480612e-17  2.7728534e-16  1.0714818e-16  -8.3145283e-17  -5.5472082e-17  2.7740107e-16  -2.9136405e-16  2.2041674e-16  -5.2719881e-16  8.0489083e-16  1.0000000   9.9480612e-17  2.7728534e-16  1.0714818e-16  -8.3145283e-17  -5.5472082e-17  2.7740107e-16  -2.9136405e-16  2.2041674e-16  
-1.8308390e-16  -1.7057200e-16  9.9480612e-17  1.0000000   3.7666613e-16  -3.7465981e-17  2.3382472e-16  -5.2664273e-17  -3.6524130e-16  1.2518776e-16  -1.6709207e-16  -1.8308390e-16  -1.7057200e-16  9.9480612e-17  1.0000000   3.7666613e-16  -3.7465981e-17  2.3382472e-16  -5.2664273e-17  -3.6524130e-16  1.2518776e-16  -1.6709207e-16  
2.9218825e-16  2.9965569e-16  2.7728534e-16  3.7666613e-16  1.0000000   -5.6809037e-16  8.4175127e-16  4.4645667e-16  -3.3076171e-16  -3.6794476e-16  -3.9620898e-16  2.9218825e-16  2.9965569e-16  2.7728534e-16  3.7666613e-16  1.0000000   -5.6809037e-16  8.4175127e-16  4.4645667e-16  -3.3076171e-16  -3.6794476e-16  -3.9620898e-16  
1.0520855e-15  9.4783030e-17  1.0714818e-16  -3.7465981e-17  -5.6809037e-16  1.0000000   -2.9340798e-16  -6.6817495e-16  -4.9591178e-16  1.2180578e-15  2.1630283e-16  1.0520855e-15  9.4783030e-17  1.0714818e-16  -3.7465981e-17  -5.6809037e-16  1.0000000   -2.9340798e-16  -6.6817495e-16  -4.9591178e-16  1.2180578e-15  2.1630283e-16  
-2.1372039e-16  4.8454477e-16  -8.3145283e-17  2.3382472e-16  8.4175127e-16  -2.9340798e-16  1.0000000   -4.6920204e-16  -1.9271270e-17  2.0011916e-16  3.6941817e-16  -2.1372039e-16  4.8454477e-16  -8.3145283e-17  2.3382472e-16  8.4175127e-16  -2.9340798e-16  1.0000000   -4.6920204e-16  -1.9271270e-17  2.0011916e-16  3.6941817e-16  
3.7274617e-16  -1.2195072e-16  -5.5472082e-17  -5.2664273e-17  4.4645667e-16  -6.6817495e-16  -4.6920204e-16  1.0000000   4.3864236e-17  -1.0561739e-16  -9.2118221e-17  3.7274617e-16  -1.2195072e-16  -5.5472082e-17  -5.2664273e-17  4.4645667e-16  -6.6817495e-16  -4.6920204e-16  1.0000000   4.3864236e-17  -1.0561739e-16  -9.2118221e-17  
-3.2056512e-16  2.2741479e-16  2.7740107e-16  -3.6524130e-16  -3.3076171e-16  -4.9591178e-16  -1.9271270e-17  4.3864236e-17  1.0000000   6.8009609e-16  -5.0023648e-17  -3.2056512e-16  2.2741479e-16  2.7740107e-16  -3.6524130e-16  -3.3076171e-16  -4.9591178e-16  -1.9271270e-17  4.3864236e-17  1.0000000   6.8009609e-16  -5.0023648e-17  
2.9323836e-16  -9.1745410e-16  -2.9136405e-16  1.2518776e-16  -3.6794476e-16  1.2180578e-15  2.0011916e-16  -1.0561739e-16  6.8009609e-16  1.0000000   9.3486095e-16  2.9323836e-16  -9.1745410e-16  -2.9136405e-16  1.2518776e-16  -3.6794476e-16  1.2180578e-15  2.0011916e-16  -1.0561739e-16  6.8009609e-16  1.0000000   9.3486095e-16  
3.8077307e-17  -9.0106730e-17  2.2041674e-16  -1.6709207e-16  -3.9620898e-16  2.1630283e-16  3.6941817e-16  -9.2118221e-17  -5.0023648e-17  9.3486095e-16  1.0000000   3.8077307e-17  -9.0106730e-17  2.2041674e-16  -1.6709207e-16  -3.9620898e-16  2.1630283e-16  3.6941817e-16  -9.2118221e-17  -5.0023648e-17  9.3486095e-16  1.0000000   
1.0000000   9.6244119e-17  -5.2719881e-16  -1.8308390e-16  2.9218825e-16  1.0520855e-15  -2.1372039e-16  3.7274617e-16  -3.2056512e-16  2.9323836e-16  3.8077307e-17  1.0000000   9.6244119e-17  -5.2719881e-16  -1.8308390e-16  2.9218825e-16  1.0520855e-15  -2.1372039e-16  3.7274617e-16  -3.2056512e-16  2.9323836e-16  3.8077307e-17  
9.6244119e-17  1.0000000   8.0489083e-16  -1.7057200e-16  2.9965569e-16  9.4783030e-17  4.8454477e-16  -1.2195072e-16  2.2741479e-16  -9.1745410e-16  -9.0106730e-17  9.6244119e-17  1.0000000   8.0489083e-16  -1.7057200e-16  2.9965569e-16  9.4783030e-17  4.8454477e-16  -1.2195072e-16  2.2741479e-16  -9.1745410e-16  -9.0106730e-17  
-5.2719881e-16  8.0489083e-16  1.0000000   9.9480612e-17  2.7728534e-16  1.0714818e-16  -8.3145283e-17  -5.5472082e-17  2.7740107e-16  -2.9136405e-16  2.2041674e-16  -5.2719881e-16  8.0489083e-16  1.0000000   9.9480612e-17  2.7728534e-16  1.0714818e-16  -8.3145283e-17  -5.5472082e-17  2.7740107e-16  -2.9136405e-16  2.2041674e-16  
-1.8308390e-16  -1.7057200e-16  9.9480612e-17  1.0000000   3.7666613e-16  -3.7465981e-17  2.3382472e-16  -5.2664273e-17  -3.6524130e-16  1.2518776e-16  -1.6709207e-16  -1.8308390e-16  -1.7057200e-16  9.9480612e-17  1.0000000   3.7666613e-16  -3.7465981e-17  2.3382472e-16  -5.2664273e-17  -3.6524130e-16  1.2518776e-16  -1.6709207e-16  
2.9218825e-16  2.9965569e-16  2.7728534e-16  3.7666613e-16  1.0000000   -5.6809037e-16  8.4175127e-16  4.4645667e-16  -3.3076171e-16  -3.6794476e-16  -3.9620898e-16  2.9218825e-16  2.9965569e-16  2.7728534e-16  3.7666613e-16  1.0000000   -5.6809037e-16  8.4175127e-16  4.4645667e-16  -3.3076171e-16  -3.6794476e-16  -3.9620898e-16  
1.0520855e-15  9.4783030e-17  1.0714818e-16  -3.7465981e-17  -5.6809037e-16  1.0000000   -2.9340798e-16  -6.6817495e-16  -4.9591178e-16  1.2180578e-15  2.1630283e-16  1.0520855e-15  9.4783030e-17  1.0714818e-16  -3.7465981e-17  -5.6809037e-16  1.0000000   -2.9340798e-16  -6.6817495e-16  -4.9591178e-16  1.2180578e-15  2.1630283e-16  
-2.1372039e-16  4.8454477e-16  -8.3145283e-17  2.3382472e-16  8.4175127e-16  -2.9340798e-16  1.0000000   -4.6920204e-16  -1.9271270e-17  2.0011916e-16  3.6941817e-16  -2.1372039e-16  4.8454477e-16  -8.3145283e-17  2.3382472e-16  8.4175127e-16  -2.9340798e-16  1.0000000   -4.6920204e-16  -1.9271270e-17  2.0011916e-16  3.6941817e-16  
3.7274617e-16  -1.2195072e-16  -5.5472082e-17  -5.2664273e-17  4.4645667e-16  -6.6817495e-16  -4.6920204e-16  1.0000000   4.3864236e-17  -1.0561739e-16  -9.2118221e-17  3.7274617e-16  -1.2195072e-16  -5.5472082e-17  -5.2664273e-17  4.4645667e-16  -6.6817495e-16  -4.6920204e-16  1.0000000   4.3864236e-17  -1.0561739e-16  -9.2118221e-17  
-3.2056512e-16  2.2741479e-16  2.7740107e-16  -3.6524130e-16  -3.3076171e-16  -4.9591178e-16  -1.9271270e-17  4.3864236e-17  1.0000000   6.8009609e-16  -5.0023648e-17  -3.2056512e-16  2.2741479e-16  2.7740107e-16  -3.6524130e-16  -3.3076171e-16  -4.9591178e-16  -1.9271270e-17  4.3864236e-17  1.0000000   6.8009609e-16  -5.0023648e-17  
2.9323836e-16  -9.1745410e-16  -2.9136405e-16  1.2518776e-16  -3.6794476e-16  1.2180578e-15  2.0011916e-16  -1.0561739e-16  6.8009609e-16  1.0000000   9.3486095e-16  2.9323836e-16  -9.1745410e-16  -2.9136405e-16  1.2518776e-16  -3.6794476e-16  1.2180578e-15  2.0011916e-16  -1.0561739e-16  6.8009609e-16  1.0000000   9.3486095e-16  
3.8077307e-17  -9.0106730e-17  2.2041674e-16  -1.6709207e-16  -3.9620898e-16  2.1630283e-16  3.6941817e-16  -9.2118221e-17  -5.0023648e-17  9.3486095e-16  1.0000000   3.8077307e-17  -9.0106730e-17  2.2041674e-16  -1.6709207e-16  -3.9620898e-16  2.1630283e-16  3.6941817e-16  -9.2118221e-17  -5.0023648e-17  9.3486095e-16  1.0000000   
