1.0000000   -1.3512632e-16  -2.3119764e-16  9.3438322e-17  -2.2352522e-16  -2.7476394e-16  7.7106934e-16  -6.2591754e-16  -4.0433965e-17  3.9087691e-16  3.4864723e-16  1.0000000   -1.3512632e-16  -2.3119764e-16  9.3438322e-17  -2.2352522e-16  -2.7476394e-16  7.7106934e-16  -6.2591754e-16  -4.0433965e-17  3.9087691e-16  3.4864723e-16  
-1.3512632e-16  1.0000000   -2.7481582e-16  5.6793093e-16  -1.9204333e-16  -5.5034547e-16  1.5648934e-18  3.9786429e-16  -2.4429108e-16  3.8536484e-16  1.1026804e-15  -1.3512632e-16  1.0000000   -2.7481582e-16  5.6793093e-16  -1.9204333e-16  -5.5034547e-16  1.5648934e-18  3.9786429e-16  -2.4429108e-16  3.8536484e-16  1.1026804e-15  
-2.3119764e-16  -2.7481582e-16  1.0000000   -3.7603954e-16  -1.0281826e-15  2.6783478e-16  -2.9054607e-16  8.6742527e-17  2.2141145e-16  -3.6404290e-16  -2.6960000e-17  -2.3119764e-16  -2.7481582e-16  1.0000000   -3.7603954e-16  -1.0281826e-15  2.6783478e-16  -2.9054607e-16  8.6742527e-17  2.2141145e-16  -3.6404290e-16  -2.6960000e-17  
9.3438322e-17  5.6793093e-16  -3.7603954e-16  1.0000000   6.7022636e-16  5.3882262e-16  -5.9444137e-17  4.3914741e-17  -5.5355985e-16  4.0172454e-16  -6.4523190e-16  9.3438322e-17  5.6793093e-16  -3.7603954e-16  1.0000000   6.7022636e-16  5.3882262e-16  -5.9444137e-17  4.3914741e-17  -5.5355985e-16  4.0172454e-16  -6.4523190e-16  
-2.2352522e-16  -1.9204333e-16  -1.0281826e-15  6.7022636e-16  1.0000000   -5.3557936e-16  2.1050431e-16  -5.4549176e-16  6.1443982e-16  -4.9390385e-16  2.8079534e-16  -2.2352522e-16  -1.9204333e-16  -1.0281826e-15  6.7022636e-16  1.0000000   -5.3557936e-16  2.1050431e-16  -5.4549176e-16  6.1443982e-16  -4.9390385e-16  2.8079534e-16  
-2.7476394e-16  -5.5034547e-16  2.6783478e-16  5.3882262e-16  -5.3557936e-16  1.0000000   -2.9064326e-16  1.9915269e-16  -2.1853450e-18  -2.7313255e-16  2.9336986e-16  -2.7476394e-16  -5.5034547e-16  2.6783478e-16  5.3882262e-16  -5.3557936e-16  1.0000000   -2.9064326e-16  1.9915269e-16  -2.1853450e-18  -2.7313255e-16  2.9336986e-16  
7.7106934e-16  1.5648934e-18  -2.9054607e-16  -5.9444137e-17  2.1050431e-16  -2.9064326e-16  1.0000000   2.7796879e-16  -6.3889154e-17  4.6531755e-17  -8.7710262e-19  7.7106934e-16  1.5648934e-18  -2.9054607e-16  -5.9444137e-17  2.1050431e-16  -2.9064326e-16  1.0000000   2.7796879e-16  -6.3889154e-17  4.6531755e-17  -8.7710262e-19  
-6.2591754e-16  3.9786429e-16  8.6742527e-17  4.3914741e-17  -5.4549176e-16  1.9915269e-16  2.7796879e-16  1.0000000   3.0211378e-16  -5.4383412e-16  3.6296124e-16  -6.2591754e-16  3.9786429e-16  8.6742527e-17  4.3914741e-17  -5.4549176e-16  1.9915269e-16  2.7796879e-16  1.0000000   3.0211378e-16  -5.4383412e-16  3.6296124e-16  
-4.0433965e-17  -2.4429108e-16  2.2141145e-16  -5.5355985e-16  6.1443982e-16  -2.1853450e-18  -6.3889154e-17  3.0211378e-16  1.0000000   -6.3056860e-16  -2.8646654e-17  -4.0433965e-17  -2.4429108e-16  2.2141145e-16  -5.5355985e-16  6.1443982e-16  -2.1853450e-18  -6.3889154e-17  3.0211378e-16  1.0000000   -6.3056860e-16  -2.8646654e-17  
3.9087691e-16  3.8536484e-16  -3.6404290e-16  4.0172454e-16  -4.9390385e-16  -2.7313255e-16  4.6531755e-17  -5.4383412e-16  -6.3056860e-16  1.0000000   -1.5279797e-16  3.9087691e-16  3.8536484e-16  -3.6404290e-16  4.0172454e-16  -4.9390385e-16  -2.7313255e-16  4.6531755e-17  -5.4383412e-16  -6.3056860e-16  1.0000000   -1.5279797e-16  
3.4864723e-16  1.1026804e-15  -2.6960000e-17  -6.4523190e-16  2.8079534e-16  2.9336986e-16  -8.7710262e-19  3.6296124e-16  -2.8646654e-17  -1.5279797e-16  1.0000000   3.4864723e-16  1.1026804e-15  -2.6960000e-17  -6.4523190e-16  2.8079534e-16  2.9336986e-16  -8.7710262e-19  3.6296124e-16  -2.8646654e-17  -1.5279797e-16  1.0000000   
1.0000000   -1.3512632e-16  -2.3119764e-16  9.3438322e-17  -2.2352522e-16  -2.7476394e-16  7.7106934e-16  -6.2591754e-16  -4.0433965e-17  3.9087691e-16  3.4864723e-16  1.0000000   -1.3512632e-16  -2.3119764e-16  9.3438322e-17  -2.2352522e-16  -2.7476394e-16  7.7106934e-16  -6.2591754e-16  -4.0433965e-17  3.9087691e-16  3.4864723e-16  
-1.3512632e-16  1.0000000   -2.7481582e-16  5.6793093e-16  -1.9204333e-16  -5.5034547e-16  1.5648934e-18  3.9786429e-16  -2.4429108e-16  3.8536484e-16  1.1026804e-15  -1.3512632e-16  1.0000000   -2.7481582e-16  5.6793093e-16  -1.9204333e-16  -5.5034547e-16  1.5648934e-18  3.9786429e-16  -2.4429108e-16  3.8536484e-16  1.1026804e-15  
-2.3119764e-16  -2.7481582e-16  1.0000000   -3.7603954e-16  -1.0281826e-15  2.6783478e-16  -2.9054607e-16  8.6742527e-17  2.2141145e-16  -3.6404290e-16  -2.6960000e-17  -2.3119764e-16  -2.7481582e-16  1.0000000   -3.7603954e-16  -1.0281826e-15  2.6783478e-16  -2.9054607e-16  8.6742527e-17  2.2141145e-16  -3.6404290e-16  -2.6960000e-17  
9.3438322e-17  5.6793093e-16  -3.7603954e-16  1.0000000   6.7022636e-16  5.3882262e-16  -5.9444137e-17  4.3914741e-17  -5.5355985e-16  4.0172454e-16  -6.4523190e-16  9.3438322e-17  5.6793093e-16  -3.7603954e-16  1.0000000   6.7022636e-16  5.3882262e-16  -5.9444137e-17  4.3914741e-17  -5.5355985e-16  4.0172454e-16  -6.4523190e-16  
-2.2352522e-16  -1.9204333e-16  -1.0281826e-15  6.7022636e-16  1.0000000   -5.3557936e-16  2.1050431e-16  -5.4549176e-16  6.1443982e-16  -4.9390385e-16  2.8079534e-16  -2.2352522e-16  -1.9204333e-16  -1.0281826e-15  6.7022636e-16  1.0000000   -5.3557936e-16  2.1050431e-16  -5.4549176e-16  6.1443982e-16  -4.9390385e-16  2.8079534e-16  
-2.7476394e-16  -5.5034547e-16  2.6783478e-16  5.3882262e-16  -5.3557936e-16  1.0000000   -2.9064326e-16  1.9915269e-16  -2.1853450e-18  -2.7313255e-16  2.9336986e-16  -2.7476394e-16  -5.5034547e-16  2.6783478e-16  5.3882262e-16  -5.3557936e-16  1.0000000   -2.9064326e-16  1.9915269e-16  -2.1853450e-18  -2.7313255e-16  2.9336986e-16  
7.7106934e-16  1.5648934e-18  -2.9054607e-16  -5.9444137e-17  2.1050431e-16  -2.9064326e-16  1.0000000   2.7796879e-16  -6.3889154e-17  4.6531755e-17  -8.7710262e-19  7.7106934e-16  1.5648934e-18  -2.9054607e-16  -5.9444137e-17  2.1050431e-16  -2.9064326e-16  1.0000000   2.7796879e-16  -6.3889154e-17  4.6531755e-17  -8.7710262e-19  
-6.2591754e-16  3.9786429e-16  8.6742527e-17  4.3914741e-17  -5.4549176e-16  1.9915269e-16  2.7796879e-16  1.0000000   3.0211378e-16  -5.4383412e-16  3.6296124e-16  -6.2591754e-16  3.9786429e-16  8.6742527e-17  4.3914741e-17  -5.4549176e-16  1.9915269e-16  2.7796879e-16  1.0000000   3.0211378e-16  -5.4383412e-16  3.6296124e-16  
-4.0433965e-17  -2.4429108e-16  2.2141145e-16  -5.5355985e-16  6.1443982e-16  -2.1853450e-18  -6.3889154e-17  3.0211378e-16  1.0000000   -6.3056860e-16  -2.8646654e-17  -4.0433965e-17  -2.4429108e-16  2.2141145e-16  -5.5355985e-16  6.1443982e-16  -2.1853450e-18  -6.3889154e-17  3.0211378e-16  1.0000000   -6.3056860e-16  -2.8646654e-17  
3.9087691e-16  3.8536484e-16  -3.6404290e-16  4.0172454e-16  -4.9390385e-16  -2.7313255e-16  4.6531755e-17  -5.4383412e-16  -6.3056860e-16  1.0000000   -1.5279797e-16  3.9087691e-16  3.8536484e-16  -3.6404290e-16  4.0172454e-16  -4.9390385e-16  -2.7313255e-16  4.6531755e-17  -5.4383412e-16  -6.3056860e-16  1.0000000   -1.5279797e-16  
3.4864723e-16  1.1026804e-15  -2.6960000e-17  -6.4523190e-16  2.8079534e-16  2.9336986e-16  -8.7710262e-19  3.6296124e-16  -2.8646654e-17  -1.5279797e-16  1.0000000   3.4864723e-16  1.1026804e-15  -2.6960000e-17  -6.4523190e-16  2.8079534e-16  2.9336986e-16  -8.7710262e-19  3.6296124e-16  -2.8646654e-17  -1.5279797e-16  1.0000000   
