1.0000000   -1.6144422e-16  4.4958984e-16  3.5816958e-16  2.1856330e-16  6.0351521e-16  -4.2707062e-16  3.8665699e-16  4.4577481e-16  3.3354569e-16  1.6921749e-16  1.0000000   -1.6144422e-16  4.4958984e-16  3.5816958e-16  2.1856330e-16  6.0351521e-16  -4.2707062e-16  3.8665699e-16  4.4577481e-16  3.3354569e-16  1.6921749e-16  
-1.6144422e-16  1.0000000   5.1144612e-16  2.0308462e-17  -1.7132321e-16  4.1245422e-16  3.7998067e-16  -8.8360783e-17  -3.3827754e-16  -4.8864936e-16  -1.1045574e-16  -1.6144422e-16  1.0000000   5.1144612e-16  2.0308462e-17  -1.7132321e-16  4.1245422e-16  3.7998067e-16  -8.8360783e-17  -3.3827754e-16  -4.8864936e-16  -1.1045574e-16  
4.4958984e-16  5.1144612e-16  1.0000000   1.4366335e-16  -1.3304982e-17  -1.9304156e-16  4.2652683e-16  1.7920358e-16  4.2284118e-16  -8.4642044e-17  -7.2157360e-17  4.4958984e-16  5.1144612e-16  1.0000000   1.4366335e-16  -1.3304982e-17  -1.9304156e-16  4.2652683e-16  1.7920358e-16  4.2284118e-16  -8.4642044e-17  -7.2157360e-17  
3.5816958e-16  2.0308462e-17  1.4366335e-16  1.0000000   3.7125867e-16  -4.6667661e-16  9.0487047e-17  8.4472055e-17  -2.3730475e-16  -2.6435364e-16  4.9998116e-16  3.5816958e-16  2.0308462e-17  1.4366335e-16  1.0000000   3.7125867e-16  -4.6667661e-16  9.0487047e-17  8.4472055e-17  -2.3730475e-16  -2.6435364e-16  4.9998116e-16  
2.1856330e-16  -1.7132321e-16  -1.3304982e-17  3.7125867e-16  1.0000000   4.2688428e-16  5.6433655e-16  2.0989138e-16  4.7969255e-16  -8.8476350e-17  -2.0490892e-16  2.1856330e-16  -1.7132321e-16  -1.3304982e-17  3.7125867e-16  1.0000000   4.2688428e-16  5.6433655e-16  2.0989138e-16  4.7969255e-16  -8.8476350e-17  -2.0490892e-16  
6.0351521e-16  4.1245422e-16  -1.9304156e-16  -4.6667661e-16  4.2688428e-16  1.0000000   1.3245732e-16  7.1621718e-17  5.3789769e-17  1.4050890e-16  3.5276540e-17  6.0351521e-16  4.1245422e-16  -1.9304156e-16  -4.6667661e-16  4.2688428e-16  1.0000000   1.3245732e-16  7.1621718e-17  5.3789769e-17  1.4050890e-16  3.5276540e-17  
-4.2707062e-16  3.7998067e-16  4.2652683e-16  9.0487047e-17  5.6433655e-16  1.3245732e-16  1.0000000   -2.8135216e-16  1.3437500e-16  -5.6405195e-17  2.4738465e-16  -4.2707062e-16  3.7998067e-16  4.2652683e-16  9.0487047e-17  5.6433655e-16  1.3245732e-16  1.0000000   -2.8135216e-16  1.3437500e-16  -5.6405195e-17  2.4738465e-16  
3.8665699e-16  -8.8360783e-17  1.7920358e-16  8.4472055e-17  2.0989138e-16  7.1621718e-17  -2.8135216e-16  1.0000000   5.6587942e-16  3.6020881e-16  7.0095862e-16  3.8665699e-16  -8.8360783e-17  1.7920358e-16  8.4472055e-17  2.0989138e-16  7.1621718e-17  -2.8135216e-16  1.0000000   5.6587942e-16  3.6020881e-16  7.0095862e-16  
4.4577481e-16  -3.3827754e-16  4.2284118e-16  -2.3730475e-16  4.7969255e-16  5.3789769e-17  1.3437500e-16  5.6587942e-16  1.0000000   -4.3970333e-16  4.1598212e-17  4.4577481e-16  -3.3827754e-16  4.2284118e-16  -2.3730475e-16  4.7969255e-16  5.3789769e-17  1.3437500e-16  5.6587942e-16  1.0000000   -4.3970333e-16  4.1598212e-17  
3.3354569e-16  -4.8864936e-16  -8.4642044e-17  -2.6435364e-16  -8.8476350e-17  1.4050890e-16  -5.6405195e-17  3.6020881e-16  -4.3970333e-16  1.0000000   -4.4486414e-16  3.3354569e-16  -4.8864936e-16  -8.4642044e-17  -2.6435364e-16  -8.8476350e-17  1.4050890e-16  -5.6405195e-17  3.6020881e-16  -4.3970333e-16  1.0000000   -4.4486414e-16  
1.6921749e-16  -1.1045574e-16  -7.2157360e-17  4.9998116e-16  -2.0490892e-16  3.5276540e-17  2.4738465e-16  7.0095862e-16  4.1598212e-17  -4.4486414e-16  1.0000000   1.6921749e-16  -1.1045574e-16  -7.2157360e-17  4.9998116e-16  -2.0490892e-16  3.5276540e-17  2.4738465e-16  7.0095862e-16  4.1598212e-17  -4.4486414e-16  1.0000000   
1.0000000   -1.6144422e-16  4.4958984e-16  3.5816958e-16  2.1856330e-16  6.0351521e-16  -4.2707062e-16  3.8665699e-16  4.4577481e-16  3.3354569e-16  1.6921749e-16  1.0000000   -1.6144422e-16  4.4958984e-16  3.5816958e-16  2.1856330e-16  6.0351521e-16  -4.2707062e-16  3.8665699e-16  4.4577481e-16  3.3354569e-16  1.6921749e-16  
-1.6144422e-16  1.0000000   5.1144612e-16  2.0308462e-17  -1.7132321e-16  4.1245422e-16  3.7998067e-16  -8.8360783e-17  -3.3827754e-16  -4.8864936e-16  -1.1045574e-16  -1.6144422e-16  1.0000000   5.1144612e-16  2.0308462e-17  -1.7132321e-16  4.1245422e-16  3.7998067e-16  -8.8360783e-17  -3.3827754e-16  -4.8864936e-16  -1.1045574e-16  
4.4958984e-16  5.1144612e-16  1.0000000   1.4366335e-16  -1.3304982e-17  -1.9304156e-16  4.2652683e-16  1.7920358e-16  4.2284118e-16  -8.4642044e-17  -7.2157360e-17  4.4958984e-16  5.1144612e-16  1.0000000   1.4366335e-16  -1.3304982e-17  -1.9304156e-16  4.2652683e-16  1.7920358e-16  4.2284118e-16  -8.4642044e-17  -7.2157360e-17  
3.5816958e-16  2.0308462e-17  1.4366335e-16  1.0000000   3.7125867e-16  -4.6667661e-16  9.0487047e-17  8.4472055e-17  -2.3730475e-16  -2.6435364e-16  4.9998116e-16  3.5816958e-16  2.0308462e-17  1.4366335e-16  1.0000000   3.7125867e-16  -4.6667661e-16  9.0487047e-17  8.4472055e-17  -2.3730475e-16  -2.6435364e-16  4.9998116e-16  
2.1856330e-16  -1.7132321e-16  -1.3304982e-17  3.7125867e-16  1.0000000   4.2688428e-16  5.6433655e-16  2.0989138e-16  4.7969255e-16  -8.8476350e-17  -2.0490892e-16  2.1856330e-16  -1.7132321e-16  -1.3304982e-17  3.7125867e-16  1.0000000   4.2688428e-16  5.6433655e-16  2.0989138e-16  4.7969255e-16  -8.8476350e-17  -2.0490892e-16  
6.0351521e-16  4.1245422e-16  -1.9304156e-16  -4.6667661e-16  4.2688428e-16  1.0000000   1.3245732e-16  7.1621718e-17  5.3789769e-17  1.4050890e-16  3.5276540e-17  6.0351521e-16  4.1245422e-16  -1.9304156e-16  -4.6667661e-16  4.2688428e-16  1.0000000   1.3245732e-16  7.1621718e-17  5.3789769e-17  1.4050890e-16  3.5276540e-17  
-4.2707062e-16  3.7998067e-16  4.2652683e-16  9.0487047e-17  5.6433655e-16  1.3245732e-16  1.0000000   -2.8135216e-16  1.3437500e-16  -5.6405195e-17  2.4738465e-16  -4.2707062e-16  3.7998067e-16  4.2652683e-16  9.0487047e-17  5.6433655e-16  1.3245732e-16  1.0000000   -2.8135216e-16  1.3437500e-16  -5.6405195e-17  2.4738465e-16  
3.8665699e-16  -8.8360783e-17  1.7920358e-16  8.4472055e-17  2.0989138e-16  7.1621718e-17  -2.8135216e-16  1.0000000   5.6587942e-16  3.6020881e-16  7.0095862e-16  3.8665699e-16  -8.8360783e-17  1.7920358e-16  8.4472055e-17  2.0989138e-16  7.1621718e-17  -2.8135216e-16  1.0000000   5.6587942e-16  3.6020881e-16  7.0095862e-16  
4.4577481e-16  -3.3827754e-16  4.2284118e-16  -2.3730475e-16  4.7969255e-16  5.3789769e-17  1.3437500e-16  5.6587942e-16  1.0000000   -4.3970333e-16  4.1598212e-17  4.4577481e-16  -3.3827754e-16  4.2284118e-16  -2.3730475e-16  4.7969255e-16  5.3789769e-17  1.3437500e-16  5.6587942e-16  1.0000000   -4.3970333e-16  4.1598212e-17  
3.3354569e-16  -4.8864936e-16  -8.4642044e-17  -2.6435364e-16  -8.8476350e-17  1.4050890e-16  -5.6405195e-17  3.6020881e-16  -4.3970333e-16  1.0000000   -4.4486414e-16  3.3354569e-16  -4.8864936e-16  -8.4642044e-17  -2.6435364e-16  -8.8476350e-17  1.4050890e-16  -5.6405195e-17  3.6020881e-16  -4.3970333e-16  1.0000000   -4.4486414e-16  
1.6921749e-16  -1.1045574e-16  -7.2157360e-17  4.9998116e-16  -2.0490892e-16  3.5276540e-17  2.4738465e-16  7.0095862e-16  4.1598212e-17  -4.4486414e-16  1.0000000   1.6921749e-16  -1.1045574e-16  -7.2157360e-17  4.9998116e-16  -2.0490892e-16  3.5276540e-17  2.4738465e-16  7.0095862e-16  4.1598212e-17  -4.4486414e-16  1.0000000   
