1.0000000   -7.6852824e-16  2.5428522e-16  -3.0398318e-16  3.7830524e-16  2.8653431e-17  -3.7376006e-16  4.2470020e-16  -1.6772269e-16  -9.4012187e-18  1.3217610e-16  1.0000000   -7.6852824e-16  2.5428522e-16  -3.0398318e-16  3.7830524e-16  2.8653431e-17  -3.7376006e-16  4.2470020e-16  -1.6772269e-16  -9.4012187e-18  1.3217610e-16  
-7.6852824e-16  1.0000000   -4.5172267e-17  -5.4514469e-16  3.0139259e-16  6.3100693e-16  7.7198583e-17  -2.5645405e-17  -3.2619112e-16  3.4420581e-16  -1.6736948e-17  -7.6852824e-16  1.0000000   -4.5172267e-17  -5.4514469e-16  3.0139259e-16  6.3100693e-16  7.7198583e-17  -2.5645405e-17  -3.2619112e-16  3.4420581e-16  -1.6736948e-17  
2.5428522e-16  -4.5172267e-17  1.0000000   -1.0165161e-15  2.9745514e-16  1.3449697e-16  1.0019864e-15  -2.8087687e-16  2.5388457e-16  -1.0192390e-16  2.3645073e-16  2.5428522e-16  -4.5172267e-17  1.0000000   -1.0165161e-15  2.9745514e-16  1.3449697e-16  1.0019864e-15  -2.8087687e-16  2.5388457e-16  -1.0192390e-16  2.3645073e-16  
-3.0398318e-16  -5.4514469e-16  -1.0165161e-15  1.0000000   -2.0393030e-16  -1.3959272e-16  8.2405808e-16  -8.2755225e-16  1.4911401e-16  -3.5796682e-16  4.0410036e-16  -3.0398318e-16  -5.4514469e-16  -1.0165161e-15  1.0000000   -2.0393030e-16  -1.3959272e-16  8.2405808e-16  -8.2755225e-16  1.4911401e-16  -3.5796682e-16  4.0410036e-16  
3.7830524e-16  3.0139259e-16  2.9745514e-16  -2.0393030e-16  1.0000000   3.3796932e-16  1.5375374e-16  1.4668684e-16  2.8062186e-16  2.5026991e-17  1.7819340e-16  3.7830524e-16  3.0139259e-16  2.9745514e-16  -2.0393030e-16  1.0000000   3.3796932e-16  1.5375374e-16  1.4668684e-16  2.8062186e-16  2.5026991e-17  1.7819340e-16  
2.8653431e-17  6.3100693e-16  1.3449697e-16  -1.3959272e-16  3.3796932e-16  1.0000000   5.1834435e-16  5.1405413e-16  4.4137193e-17  -2.0640584e-16  2.0436364e-16  2.8653431e-17  6.3100693e-16  1.3449697e-16  -1.3959272e-16  3.3796932e-16  1.0000000   5.1834435e-16  5.1405413e-16  4.4137193e-17  -2.0640584e-16  2.0436364e-16  
-3.7376006e-16  7.7198583e-17  1.0019864e-15  8.2405808e-16  1.5375374e-16  5.1834435e-16  1.0000000   -1.7876715e-16  -7.8586870e-17  -1.6507359e-16  -4.1537945e-16  -3.7376006e-16  7.7198583e-17  1.0019864e-15  8.2405808e-16  1.5375374e-16  5.1834435e-16  1.0000000   -1.7876715e-16  -7.8586870e-17  -1.6507359e-16  -4.1537945e-16  
4.2470020e-16  -2.5645405e-17  -2.8087687e-16  -8.2755225e-16  1.4668684e-16  5.1405413e-16  -1.7876715e-16  1.0000000   -2.8327492e-16  -1.5398763e-16  8.4684956e-16  4.2470020e-16  -2.5645405e-17  -2.8087687e-16  -8.2755225e-16  1.4668684e-16  5.1405413e-16  -1.7876715e-16  1.0000000   -2.8327492e-16  -1.5398763e-16  8.4684956e-16  
-1.6772269e-16  -3.2619112e-16  2.5388457e-16  1.4911401e-16  2.8062186e-16  4.4137193e-17  -7.8586870e-17  -2.8327492e-16  1.0000000   -9.3932057e-16  -3.7849667e-18  -1.6772269e-16  -3.2619112e-16  2.5388457e-16  1.4911401e-16  2.8062186e-16  4.4137193e-17  -7.8586870e-17  -2.8327492e-16  1.0000000   -9.3932057e-16  -3.7849667e-18  
-9.4012187e-18  3.4420581e-16  -1.0192390e-16  -3.5796682e-16  2.5026991e-17  -2.0640584e-16  -1.6507359e-16  -1.5398763e-16  -9.3932057e-16  1.0000000   4.4975417e-16  -9.4012187e-18  3.4420581e-16  -1.0192390e-16  -3.5796682e-16  2.5026991e-17  -2.0640584e-16  -1.6507359e-16  -1.5398763e-16  -9.3932057e-16  1.0000000   4.4975417e-16  
1.3217610e-16  -1.6736948e-17  2.3645073e-16  4.0410036e-16  1.7819340e-16  2.0436364e-16  -4.1537945e-16  8.4684956e-16  -3.7849667e-18  4.4975417e-16  1.0000000   1.3217610e-16  -1.6736948e-17  2.3645073e-16  4.0410036e-16  1.7819340e-16  2.0436364e-16  -4.1537945e-16  8.4684956e-16  -3.7849667e-18  4.4975417e-16  1.0000000   
1.0000000   -7.6852824e-16  2.5428522e-16  -3.0398318e-16  3.7830524e-16  2.8653431e-17  -3.7376006e-16  4.2470020e-16  -1.6772269e-16  -9.4012187e-18  1.3217610e-16  1.0000000   -7.6852824e-16  2.5428522e-16  -3.0398318e-16  3.7830524e-16  2.8653431e-17  -3.7376006e-16  4.2470020e-16  -1.6772269e-16  -9.4012187e-18  1.3217610e-16  
-7.6852824e-16  1.0000000   -4.5172267e-17  -5.4514469e-16  3.0139259e-16  6.3100693e-16  7.7198583e-17  -2.5645405e-17  -3.2619112e-16  3.4420581e-16  -1.6736948e-17  -7.6852824e-16  1.0000000   -4.5172267e-17  -5.4514469e-16  3.0139259e-16  6.3100693e-16  7.7198583e-17  -2.5645405e-17  -3.2619112e-16  3.4420581e-16  -1.6736948e-17  
2.5428522e-16  -4.5172267e-17  1.0000000   -1.0165161e-15  2.9745514e-16  1.3449697e-16  1.0019864e-15  -2.8087687e-16  2.5388457e-16  -1.0192390e-16  2.3645073e-16  2.5428522e-16  -4.5172267e-17  1.0000000   -1.0165161e-15  2.9745514e-16  1.3449697e-16  1.0019864e-15  -2.8087687e-16  2.5388457e-16  -1.0192390e-16  2.3645073e-16  
-3.0398318e-16  -5.4514469e-16  -1.0165161e-15  1.0000000   -2.0393030e-16  -1.3959272e-16  8.2405808e-16  -8.2755225e-16  1.4911401e-16  -3.5796682e-16  4.0410036e-16  -3.0398318e-16  -5.4514469e-16  -1.0165161e-15  1.0000000   -2.0393030e-16  -1.3959272e-16  8.2405808e-16  -8.2755225e-16  1.4911401e-16  -3.5796682e-16  4.0410036e-16  
3.7830524e-16  3.0139259e-16  2.9745514e-16  -2.0393030e-16  1.0000000   3.3796932e-16  1.5375374e-16  1.4668684e-16  2.8062186e-16  2.5026991e-17  1.7819340e-16  3.7830524e-16  3.0139259e-16  2.9745514e-16  -2.0393030e-16  1.0000000   3.3796932e-16  1.5375374e-16  1.4668684e-16  2.8062186e-16  2.5026991e-17  1.7819340e-16  
2.8653431e-17  6.3100693e-16  1.3449697e-16  -1.3959272e-16  3.3796932e-16  1.0000000   5.1834435e-16  5.1405413e-16  4.4137193e-17  -2.0640584e-16  2.0436364e-16  2.8653431e-17  6.3100693e-16  1.3449697e-16  -1.3959272e-16  3.3796932e-16  1.0000000   5.1834435e-16  5.1405413e-16  4.4137193e-17  -2.0640584e-16  2.0436364e-16  
-3.7376006e-16  7.7198583e-17  1.0019864e-15  8.2405808e-16  1.5375374e-16  5.1834435e-16  1.0000000   -1.7876715e-16  -7.8586870e-17  -1.6507359e-16  -4.1537945e-16  -3.7376006e-16  7.7198583e-17  1.0019864e-15  8.2405808e-16  1.5375374e-16  5.1834435e-16  1.0000000   -1.7876715e-16  -7.8586870e-17  -1.6507359e-16  -4.1537945e-16  
4.2470020e-16  -2.5645405e-17  -2.8087687e-16  -8.2755225e-16  1.4668684e-16  5.1405413e-16  -1.7876715e-16  1.0000000   -2.8327492e-16  -1.5398763e-16  8.4684956e-16  4.2470020e-16  -2.5645405e-17  -2.8087687e-16  -8.2755225e-16  1.4668684e-16  5.1405413e-16  -1.7876715e-16  1.0000000   -2.8327492e-16  -1.5398763e-16  8.4684956e-16  
-1.6772269e-16  -3.2619112e-16  2.5388457e-16  1.4911401e-16  2.8062186e-16  4.4137193e-17  -7.8586870e-17  -2.8327492e-16  1.0000000   -9.3932057e-16  -3.7849667e-18  -1.6772269e-16  -3.2619112e-16  2.5388457e-16  1.4911401e-16  2.8062186e-16  4.4137193e-17  -7.8586870e-17  -2.8327492e-16  1.0000000   -9.3932057e-16  -3.7849667e-18  
-9.4012187e-18  3.4420581e-16  -1.0192390e-16  -3.5796682e-16  2.5026991e-17  -2.0640584e-16  -1.6507359e-16  -1.5398763e-16  -9.3932057e-16  1.0000000   4.4975417e-16  -9.4012187e-18  3.4420581e-16  -1.0192390e-16  -3.5796682e-16  2.5026991e-17  -2.0640584e-16  -1.6507359e-16  -1.5398763e-16  -9.3932057e-16  1.0000000   4.4975417e-16  
1.3217610e-16  -1.6736948e-17  2.3645073e-16  4.0410036e-16  1.7819340e-16  2.0436364e-16  -4.1537945e-16  8.4684956e-16  -3.7849667e-18  4.4975417e-16  1.0000000   1.3217610e-16  -1.6736948e-17  2.3645073e-16  4.0410036e-16  1.7819340e-16  2.0436364e-16  -4.1537945e-16  8.4684956e-16  -3.7849667e-18  4.4975417e-16  1.0000000   
