1.0000000   -8.2690236e-16  -1.4700892e-16  -3.8043638e-16  3.7121558e-16  -2.4387010e-16  -3.0835896e-16  3.1896974e-16  2.3363625e-16  -4.2082291e-17  -1.0926619e-15  1.0000000   -8.2690236e-16  -1.4700892e-16  -3.8043638e-16  3.7121558e-16  -2.4387010e-16  -3.0835896e-16  3.1896974e-16  2.3363625e-16  -4.2082291e-17  -1.0926619e-15  
-8.2690236e-16  1.0000000   -1.2050875e-16  2.0184456e-16  -6.2971394e-16  3.7263160e-16  -1.3307915e-15  -4.3012926e-16  -6.2439415e-16  5.7170150e-16  -7.6347738e-16  -8.2690236e-16  1.0000000   -1.2050875e-16  2.0184456e-16  -6.2971394e-16  3.7263160e-16  -1.3307915e-15  -4.3012926e-16  -6.2439415e-16  5.7170150e-16  -7.6347738e-16  
-1.4700892e-16  -1.2050875e-16  1.0000000   -4.0906112e-16  -1.8241617e-16  -3.8300797e-16  8.5287112e-17  -1.0856019e-16  8.0514717e-17  -3.1808247e-16  2.7933961e-16  -1.4700892e-16  -1.2050875e-16  1.0000000   -4.0906112e-16  -1.8241617e-16  -3.8300797e-16  8.5287112e-17  -1.0856019e-16  8.0514717e-17  -3.1808247e-16  2.7933961e-16  
-3.8043638e-16  2.0184456e-16  -4.0906112e-16  1.0000000   5.3006898e-16  4.6094305e-16  4.1821828e-17  -8.9282990e-17  -5.1381866e-17  -6.1534572e-16  5.2696461e-17  -3.8043638e-16  2.0184456e-16  -4.0906112e-16  1.0000000   5.3006898e-16  4.6094305e-16  4.1821828e-17  -8.9282990e-17  -5.1381866e-17  -6.1534572e-16  5.2696461e-17  
3.7121558e-16  -6.2971394e-16  -1.8241617e-16  5.3006898e-16  1.0000000   -6.4730978e-16  5.2951841e-17  2.2701266e-16  1.1159320e-16  -1.1260265e-16  3.3651348e-16  3.7121558e-16  -6.2971394e-16  -1.8241617e-16  5.3006898e-16  1.0000000   -6.4730978e-16  5.2951841e-17  2.2701266e-16  1.1159320e-16  -1.1260265e-16  3.3651348e-16  
-2.4387010e-16  3.7263160e-16  -3.8300797e-16  4.6094305e-16  -6.4730978e-16  1.0000000   9.9845703e-17  -3.9869841e-18  -1.0912042e-15  -2.8857693e-16  1.0263286e-16  -2.4387010e-16  3.7263160e-16  -3.8300797e-16  4.6094305e-16  -6.4730978e-16  1.0000000   9.9845703e-17  -3.9869841e-18  -1.0912042e-15  -2.8857693e-16  1.0263286e-16  
-3.0835896e-16  -1.3307915e-15  8.5287112e-17  4.1821828e-17  5.2951841e-17  9.9845703e-17  1.0000000   -4.9600492e-16  -1.1157414e-16  -2.7999542e-16  8.8547151e-16  -3.0835896e-16  -1.3307915e-15  8.5287112e-17  4.1821828e-17  5.2951841e-17  9.9845703e-17  1.0000000   -4.9600492e-16  -1.1157414e-16  -2.7999542e-16  8.8547151e-16  
3.1896974e-16  -4.3012926e-16  -1.0856019e-16  -8.9282990e-17  2.2701266e-16  -3.9869841e-18  -4.9600492e-16  1.0000000   1.8015396e-16  6.4266084e-17  1.1245506e-16  3.1896974e-16  -4.3012926e-16  -1.0856019e-16  -8.9282990e-17  2.2701266e-16  -3.9869841e-18  -4.9600492e-16  1.0000000   1.8015396e-16  6.4266084e-17  1.1245506e-16  
2.3363625e-16  -6.2439415e-16  8.0514717e-17  -5.1381866e-17  1.1159320e-16  -1.0912042e-15  -1.1157414e-16  1.8015396e-16  1.0000000   -9.6378373e-17  -1.6234964e-16  2.3363625e-16  -6.2439415e-16  8.0514717e-17  -5.1381866e-17  1.1159320e-16  -1.0912042e-15  -1.1157414e-16  1.8015396e-16  1.0000000   -9.6378373e-17  -1.6234964e-16  
-4.2082291e-17  5.7170150e-16  -3.1808247e-16  -6.1534572e-16  -1.1260265e-16  -2.8857693e-16  -2.7999542e-16  6.4266084e-17  -9.6378373e-17  1.0000000   -9.2350647e-16  -4.2082291e-17  5.7170150e-16  -3.1808247e-16  -6.1534572e-16  -1.1260265e-16  -2.8857693e-16  -2.7999542e-16  6.4266084e-17  -9.6378373e-17  1.0000000   -9.2350647e-16  
-1.0926619e-15  -7.6347738e-16  2.7933961e-16  5.2696461e-17  3.3651348e-16  1.0263286e-16  8.8547151e-16  1.1245506e-16  -1.6234964e-16  -9.2350647e-16  1.0000000   -1.0926619e-15  -7.6347738e-16  2.7933961e-16  5.2696461e-17  3.3651348e-16  1.0263286e-16  8.8547151e-16  1.1245506e-16  -1.6234964e-16  -9.2350647e-16  1.0000000   
1.0000000   -8.2690236e-16  -1.4700892e-16  -3.8043638e-16  3.7121558e-16  -2.4387010e-16  -3.0835896e-16  3.1896974e-16  2.3363625e-16  -4.2082291e-17  -1.0926619e-15  1.0000000   -8.2690236e-16  -1.4700892e-16  -3.8043638e-16  3.7121558e-16  -2.4387010e-16  -3.0835896e-16  3.1896974e-16  2.3363625e-16  -4.2082291e-17  -1.0926619e-15  
-8.2690236e-16  1.0000000   -1.2050875e-16  2.0184456e-16  -6.2971394e-16  3.7263160e-16  -1.3307915e-15  -4.3012926e-16  -6.2439415e-16  5.7170150e-16  -7.6347738e-16  -8.2690236e-16  1.0000000   -1.2050875e-16  2.0184456e-16  -6.2971394e-16  3.7263160e-16  -1.3307915e-15  -4.3012926e-16  -6.2439415e-16  5.7170150e-16  -7.6347738e-16  
-1.4700892e-16  -1.2050875e-16  1.0000000   -4.0906112e-16  -1.8241617e-16  -3.8300797e-16  8.5287112e-17  -1.0856019e-16  8.0514717e-17  -3.1808247e-16  2.7933961e-16  -1.4700892e-16  -1.2050875e-16  1.0000000   -4.0906112e-16  -1.8241617e-16  -3.8300797e-16  8.5287112e-17  -1.0856019e-16  8.0514717e-17  -3.1808247e-16  2.7933961e-16  
-3.8043638e-16  2.0184456e-16  -4.0906112e-16  1.0000000   5.3006898e-16  4.6094305e-16  4.1821828e-17  -8.9282990e-17  -5.1381866e-17  -6.1534572e-16  5.2696461e-17  -3.8043638e-16  2.0184456e-16  -4.0906112e-16  1.0000000   5.3006898e-16  4.6094305e-16  4.1821828e-17  -8.9282990e-17  -5.1381866e-17  -6.1534572e-16  5.2696461e-17  
3.7121558e-16  -6.2971394e-16  -1.8241617e-16  5.3006898e-16  1.0000000   -6.4730978e-16  5.2951841e-17  2.2701266e-16  1.1159320e-16  -1.1260265e-16  3.3651348e-16  3.7121558e-16  -6.2971394e-16  -1.8241617e-16  5.3006898e-16  1.0000000   -6.4730978e-16  5.2951841e-17  2.2701266e-16  1.1159320e-16  -1.1260265e-16  3.3651348e-16  
-2.4387010e-16  3.7263160e-16  -3.8300797e-16  4.6094305e-16  -6.4730978e-16  1.0000000   9.9845703e-17  -3.9869841e-18  -1.0912042e-15  -2.8857693e-16  1.0263286e-16  -2.4387010e-16  3.7263160e-16  -3.8300797e-16  4.6094305e-16  -6.4730978e-16  1.0000000   9.9845703e-17  -3.9869841e-18  -1.0912042e-15  -2.8857693e-16  1.0263286e-16  
-3.0835896e-16  -1.3307915e-15  8.5287112e-17  4.1821828e-17  5.2951841e-17  9.9845703e-17  1.0000000   -4.9600492e-16  -1.1157414e-16  -2.7999542e-16  8.8547151e-16  -3.0835896e-16  -1.3307915e-15  8.5287112e-17  4.1821828e-17  5.2951841e-17  9.9845703e-17  1.0000000   -4.9600492e-16  -1.1157414e-16  -2.7999542e-16  8.8547151e-16  
3.1896974e-16  -4.3012926e-16  -1.0856019e-16  -8.9282990e-17  2.2701266e-16  -3.9869841e-18  -4.9600492e-16  1.0000000   1.8015396e-16  6.4266084e-17  1.1245506e-16  3.1896974e-16  -4.3012926e-16  -1.0856019e-16  -8.9282990e-17  2.2701266e-16  -3.9869841e-18  -4.9600492e-16  1.0000000   1.8015396e-16  6.4266084e-17  1.1245506e-16  
2.3363625e-16  -6.2439415e-16  8.0514717e-17  -5.1381866e-17  1.1159320e-16  -1.0912042e-15  -1.1157414e-16  1.8015396e-16  1.0000000   -9.6378373e-17  -1.6234964e-16  2.3363625e-16  -6.2439415e-16  8.0514717e-17  -5.1381866e-17  1.1159320e-16  -1.0912042e-15  -1.1157414e-16  1.8015396e-16  1.0000000   -9.6378373e-17  -1.6234964e-16  
-4.2082291e-17  5.7170150e-16  -3.1808247e-16  -6.1534572e-16  -1.1260265e-16  -2.8857693e-16  -2.7999542e-16  6.4266084e-17  -9.6378373e-17  1.0000000   -9.2350647e-16  -4.2082291e-17  5.7170150e-16  -3.1808247e-16  -6.1534572e-16  -1.1260265e-16  -2.8857693e-16  -2.7999542e-16  6.4266084e-17  -9.6378373e-17  1.0000000   -9.2350647e-16  
-1.0926619e-15  -7.6347738e-16  2.7933961e-16  5.2696461e-17  3.3651348e-16  1.0263286e-16  8.8547151e-16  1.1245506e-16  -1.6234964e-16  -9.2350647e-16  1.0000000   -1.0926619e-15  -7.6347738e-16  2.7933961e-16  5.2696461e-17  3.3651348e-16  1.0263286e-16  8.8547151e-16  1.1245506e-16  -1.6234964e-16  -9.2350647e-16  1.0000000   
