1.0000000   -3.2922434e-16  3.9732621e-17  8.9921018e-17  3.8147738e-16  -2.1364119e-16  4.0137080e-16  -9.2611618e-17  -1.3679688e-16  3.2915531e-16  -8.2820340e-17  1.0000000   -3.2922434e-16  3.9732621e-17  8.9921018e-17  3.8147738e-16  -2.1364119e-16  4.0137080e-16  -9.2611618e-17  -1.3679688e-16  3.2915531e-16  -8.2820340e-17  
-3.2922434e-16  1.0000000   4.0881579e-16  -9.0697747e-17  4.1183716e-16  -5.8899029e-16  -9.6570015e-17  9.0021603e-17  5.2470642e-16  2.9396278e-16  8.0850481e-16  -3.2922434e-16  1.0000000   4.0881579e-16  -9.0697747e-17  4.1183716e-16  -5.8899029e-16  -9.6570015e-17  9.0021603e-17  5.2470642e-16  2.9396278e-16  8.0850481e-16  
3.9732621e-17  4.0881579e-16  1.0000000   -1.8117527e-16  -1.7460441e-16  -8.9738906e-17  5.1433619e-16  4.2942876e-17  3.5677250e-16  4.6922661e-17  -4.2723283e-16  3.9732621e-17  4.0881579e-16  1.0000000   -1.8117527e-16  -1.7460441e-16  -8.9738906e-17  5.1433619e-16  4.2942876e-17  3.5677250e-16  4.6922661e-17  -4.2723283e-16  
8.9921018e-17  -9.0697747e-17  -1.8117527e-16  1.0000000   2.2353708e-16  -2.3597025e-16  3.2792457e-16  3.8661040e-16  -3.3739334e-16  -5.6226471e-17  8.2356166e-17  8.9921018e-17  -9.0697747e-17  -1.8117527e-16  1.0000000   2.2353708e-16  -2.3597025e-16  3.2792457e-16  3.8661040e-16  -3.3739334e-16  -5.6226471e-17  8.2356166e-17  
3.8147738e-16  4.1183716e-16  -1.7460441e-16  2.2353708e-16  1.0000000   -3.2944288e-16  1.1027886e-15  3.3540557e-16  -5.7363411e-16  -4.2047690e-16  1.8616048e-16  3.8147738e-16  4.1183716e-16  -1.7460441e-16  2.2353708e-16  1.0000000   -3.2944288e-16  1.1027886e-15  3.3540557e-16  -5.7363411e-16  -4.2047690e-16  1.8616048e-16  
-2.1364119e-16  -5.8899029e-16  -8.9738906e-17  -2.3597025e-16  -3.2944288e-16  1.0000000   6.8145918e-17  1.1004292e-16  -8.6179408e-17  1.0334141e-16  -7.8957023e-17  -2.1364119e-16  -5.8899029e-16  -8.9738906e-17  -2.3597025e-16  -3.2944288e-16  1.0000000   6.8145918e-17  1.1004292e-16  -8.6179408e-17  1.0334141e-16  -7.8957023e-17  
4.0137080e-16  -9.6570015e-17  5.1433619e-16  3.2792457e-16  1.1027886e-15  6.8145918e-17  1.0000000   1.6075140e-16  -2.4546591e-16  4.3695804e-16  -3.8473571e-16  4.0137080e-16  -9.6570015e-17  5.1433619e-16  3.2792457e-16  1.1027886e-15  6.8145918e-17  1.0000000   1.6075140e-16  -2.4546591e-16  4.3695804e-16  -3.8473571e-16  
-9.2611618e-17  9.0021603e-17  4.2942876e-17  3.8661040e-16  3.3540557e-16  1.1004292e-16  1.6075140e-16  1.0000000   3.7949389e-16  -7.4115743e-16  3.2439774e-17  -9.2611618e-17  9.0021603e-17  4.2942876e-17  3.8661040e-16  3.3540557e-16  1.1004292e-16  1.6075140e-16  1.0000000   3.7949389e-16  -7.4115743e-16  3.2439774e-17  
-1.3679688e-16  5.2470642e-16  3.5677250e-16  -3.3739334e-16  -5.7363411e-16  -8.6179408e-17  -2.4546591e-16  3.7949389e-16  1.0000000   -7.3581117e-17  6.0674294e-17  -1.3679688e-16  5.2470642e-16  3.5677250e-16  -3.3739334e-16  -5.7363411e-16  -8.6179408e-17  -2.4546591e-16  3.7949389e-16  1.0000000   -7.3581117e-17  6.0674294e-17  
3.2915531e-16  2.9396278e-16  4.6922661e-17  -5.6226471e-17  -4.2047690e-16  1.0334141e-16  4.3695804e-16  -7.4115743e-16  -7.3581117e-17  1.0000000   -3.7846449e-16  3.2915531e-16  2.9396278e-16  4.6922661e-17  -5.6226471e-17  -4.2047690e-16  1.0334141e-16  4.3695804e-16  -7.4115743e-16  -7.3581117e-17  1.0000000   -3.7846449e-16  
-8.2820340e-17  8.0850481e-16  -4.2723283e-16  8.2356166e-17  1.8616048e-16  -7.8957023e-17  -3.8473571e-16  3.2439774e-17  6.0674294e-17  -3.7846449e-16  1.0000000   -8.2820340e-17  8.0850481e-16  -4.2723283e-16  8.2356166e-17  1.8616048e-16  -7.8957023e-17  -3.8473571e-16  3.2439774e-17  6.0674294e-17  -3.7846449e-16  1.0000000   
1.0000000   -3.2922434e-16  3.9732621e-17  8.9921018e-17  3.8147738e-16  -2.1364119e-16  4.0137080e-16  -9.2611618e-17  -1.3679688e-16  3.2915531e-16  -8.2820340e-17  1.0000000   -3.2922434e-16  3.9732621e-17  8.9921018e-17  3.8147738e-16  -2.1364119e-16  4.0137080e-16  -9.2611618e-17  -1.3679688e-16  3.2915531e-16  -8.2820340e-17  
-3.2922434e-16  1.0000000   4.0881579e-16  -9.0697747e-17  4.1183716e-16  -5.8899029e-16  -9.6570015e-17  9.0021603e-17  5.2470642e-16  2.9396278e-16  8.0850481e-16  -3.2922434e-16  1.0000000   4.0881579e-16  -9.0697747e-17  4.1183716e-16  -5.8899029e-16  -9.6570015e-17  9.0021603e-17  5.2470642e-16  2.9396278e-16  8.0850481e-16  
3.9732621e-17  4.0881579e-16  1.0000000   -1.8117527e-16  -1.7460441e-16  -8.9738906e-17  5.1433619e-16  4.2942876e-17  3.5677250e-16  4.6922661e-17  -4.2723283e-16  3.9732621e-17  4.0881579e-16  1.0000000   -1.8117527e-16  -1.7460441e-16  -8.9738906e-17  5.1433619e-16  4.2942876e-17  3.5677250e-16  4.6922661e-17  -4.2723283e-16  
8.9921018e-17  -9.0697747e-17  -1.8117527e-16  1.0000000   2.2353708e-16  -2.3597025e-16  3.2792457e-16  3.8661040e-16  -3.3739334e-16  -5.6226471e-17  8.2356166e-17  8.9921018e-17  -9.0697747e-17  -1.8117527e-16  1.0000000   2.2353708e-16  -2.3597025e-16  3.2792457e-16  3.8661040e-16  -3.3739334e-16  -5.6226471e-17  8.2356166e-17  
3.8147738e-16  4.1183716e-16  -1.7460441e-16  2.2353708e-16  1.0000000   -3.2944288e-16  1.1027886e-15  3.3540557e-16  -5.7363411e-16  -4.2047690e-16  1.8616048e-16  3.8147738e-16  4.1183716e-16  -1.7460441e-16  2.2353708e-16  1.0000000   -3.2944288e-16  1.1027886e-15  3.3540557e-16  -5.7363411e-16  -4.2047690e-16  1.8616048e-16  
-2.1364119e-16  -5.8899029e-16  -8.9738906e-17  -2.3597025e-16  -3.2944288e-16  1.0000000   6.8145918e-17  1.1004292e-16  -8.6179408e-17  1.0334141e-16  -7.8957023e-17  -2.1364119e-16  -5.8899029e-16  -8.9738906e-17  -2.3597025e-16  -3.2944288e-16  1.0000000   6.8145918e-17  1.1004292e-16  -8.6179408e-17  1.0334141e-16  -7.8957023e-17  
4.0137080e-16  -9.6570015e-17  5.1433619e-16  3.2792457e-16  1.1027886e-15  6.8145918e-17  1.0000000   1.6075140e-16  -2.4546591e-16  4.3695804e-16  -3.8473571e-16  4.0137080e-16  -9.6570015e-17  5.1433619e-16  3.2792457e-16  1.1027886e-15  6.8145918e-17  1.0000000   1.6075140e-16  -2.4546591e-16  4.3695804e-16  -3.8473571e-16  
-9.2611618e-17  9.0021603e-17  4.2942876e-17  3.8661040e-16  3.3540557e-16  1.1004292e-16  1.6075140e-16  1.0000000   3.7949389e-16  -7.4115743e-16  3.2439774e-17  -9.2611618e-17  9.0021603e-17  4.2942876e-17  3.8661040e-16  3.3540557e-16  1.1004292e-16  1.6075140e-16  1.0000000   3.7949389e-16  -7.4115743e-16  3.2439774e-17  
-1.3679688e-16  5.2470642e-16  3.5677250e-16  -3.3739334e-16  -5.7363411e-16  -8.6179408e-17  -2.4546591e-16  3.7949389e-16  1.0000000   -7.3581117e-17  6.0674294e-17  -1.3679688e-16  5.2470642e-16  3.5677250e-16  -3.3739334e-16  -5.7363411e-16  -8.6179408e-17  -2.4546591e-16  3.7949389e-16  1.0000000   -7.3581117e-17  6.0674294e-17  
3.2915531e-16  2.9396278e-16  4.6922661e-17  -5.6226471e-17  -4.2047690e-16  1.0334141e-16  4.3695804e-16  -7.4115743e-16  -7.3581117e-17  1.0000000   -3.7846449e-16  3.2915531e-16  2.9396278e-16  4.6922661e-17  -5.6226471e-17  -4.2047690e-16  1.0334141e-16  4.3695804e-16  -7.4115743e-16  -7.3581117e-17  1.0000000   -3.7846449e-16  
-8.2820340e-17  8.0850481e-16  -4.2723283e-16  8.2356166e-17  1.8616048e-16  -7.8957023e-17  -3.8473571e-16  3.2439774e-17  6.0674294e-17  -3.7846449e-16  1.0000000   -8.2820340e-17  8.0850481e-16  -4.2723283e-16  8.2356166e-17  1.8616048e-16  -7.8957023e-17  -3.8473571e-16  3.2439774e-17  6.0674294e-17  -3.7846449e-16  1.0000000   
