1.0000000   -6.2793199e-17  5.2762233e-16  2.6004293e-16  -2.3930057e-16  4.4214950e-16  -2.5882405e-16  5.1698656e-18  3.8090521e-16  1.6817267e-16  -1.5304276e-16  1.0000000   -6.2793199e-17  5.2762233e-16  2.6004293e-16  -2.3930057e-16  4.4214950e-16  -2.5882405e-16  5.1698656e-18  3.8090521e-16  1.6817267e-16  -1.5304276e-16  
-6.2793199e-17  1.0000000   6.7209354e-16  3.2242055e-16  -1.3301382e-16  2.2121409e-16  -2.5704147e-16  2.0277461e-16  -1.2177962e-16  -4.6003206e-16  4.4265603e-16  -6.2793199e-17  1.0000000   6.7209354e-16  3.2242055e-16  -1.3301382e-16  2.2121409e-16  -2.5704147e-16  2.0277461e-16  -1.2177962e-16  -4.6003206e-16  4.4265603e-16  
5.2762233e-16  6.7209354e-16  1.0000000   -2.4976757e-16  -3.9135590e-16  2.7949461e-16  -1.8808102e-16  7.0499569e-16  1.0416472e-16  -1.3377615e-16  -2.0162433e-16  5.2762233e-16  6.7209354e-16  1.0000000   -2.4976757e-16  -3.9135590e-16  2.7949461e-16  -1.8808102e-16  7.0499569e-16  1.0416472e-16  -1.3377615e-16  -2.0162433e-16  
2.6004293e-16  3.2242055e-16  -2.4976757e-16  1.0000000   5.7713860e-17  6.9498503e-16  -3.0140143e-16  6.7038126e-16  -3.1914634e-16  8.6318587e-17  -4.3142776e-17  2.6004293e-16  3.2242055e-16  -2.4976757e-16  1.0000000   5.7713860e-17  6.9498503e-16  -3.0140143e-16  6.7038126e-16  -3.1914634e-16  8.6318587e-17  -4.3142776e-17  
-2.3930057e-16  -1.3301382e-16  -3.9135590e-16  5.7713860e-17  1.0000000   6.0821243e-16  1.1105449e-16  2.1676335e-16  -1.9667173e-16  3.1335391e-16  -7.5608702e-17  -2.3930057e-16  -1.3301382e-16  -3.9135590e-16  5.7713860e-17  1.0000000   6.0821243e-16  1.1105449e-16  2.1676335e-16  -1.9667173e-16  3.1335391e-16  -7.5608702e-17  
4.4214950e-16  2.2121409e-16  2.7949461e-16  6.9498503e-16  6.0821243e-16  1.0000000   4.3394853e-16  -2.8994870e-16  4.2427033e-17  2.7500619e-16  -2.3579195e-16  4.4214950e-16  2.2121409e-16  2.7949461e-16  6.9498503e-16  6.0821243e-16  1.0000000   4.3394853e-16  -2.8994870e-16  4.2427033e-17  2.7500619e-16  -2.3579195e-16  
-2.5882405e-16  -2.5704147e-16  -1.8808102e-16  -3.0140143e-16  1.1105449e-16  4.3394853e-16  1.0000000   5.0961060e-16  -1.0530737e-17  1.7188522e-16  2.3319452e-16  -2.5882405e-16  -2.5704147e-16  -1.8808102e-16  -3.0140143e-16  1.1105449e-16  4.3394853e-16  1.0000000   5.0961060e-16  -1.0530737e-17  1.7188522e-16  2.3319452e-16  
5.1698656e-18  2.0277461e-16  7.0499569e-16  6.7038126e-16  2.1676335e-16  -2.8994870e-16  5.0961060e-16  1.0000000   3.7577643e-16  1.2849490e-16  1.4229815e-15  5.1698656e-18  2.0277461e-16  7.0499569e-16  6.7038126e-16  2.1676335e-16  -2.8994870e-16  5.0961060e-16  1.0000000   3.7577643e-16  1.2849490e-16  1.4229815e-15  
3.8090521e-16  -1.2177962e-16  1.0416472e-16  -3.1914634e-16  -1.9667173e-16  4.2427033e-17  -1.0530737e-17  3.7577643e-16  1.0000000   4.2793460e-16  -6.9807373e-17  3.8090521e-16  -1.2177962e-16  1.0416472e-16  -3.1914634e-16  -1.9667173e-16  4.2427033e-17  -1.0530737e-17  3.7577643e-16  1.0000000   4.2793460e-16  -6.9807373e-17  
1.6817267e-16  -4.6003206e-16  -1.3377615e-16  8.6318587e-17  3.1335391e-16  2.7500619e-16  1.7188522e-16  1.2849490e-16  4.2793460e-16  1.0000000   -1.1616887e-16  1.6817267e-16  -4.6003206e-16  -1.3377615e-16  8.6318587e-17  3.1335391e-16  2.7500619e-16  1.7188522e-16  1.2849490e-16  4.2793460e-16  1.0000000   -1.1616887e-16  
-1.5304276e-16  4.4265603e-16  -2.0162433e-16  -4.3142776e-17  -7.5608702e-17  -2.3579195e-16  2.3319452e-16  1.4229815e-15  -6.9807373e-17  -1.1616887e-16  1.0000000   -1.5304276e-16  4.4265603e-16  -2.0162433e-16  -4.3142776e-17  -7.5608702e-17  -2.3579195e-16  2.3319452e-16  1.4229815e-15  -6.9807373e-17  -1.1616887e-16  1.0000000   
1.0000000   -6.2793199e-17  5.2762233e-16  2.6004293e-16  -2.3930057e-16  4.4214950e-16  -2.5882405e-16  5.1698656e-18  3.8090521e-16  1.6817267e-16  -1.5304276e-16  1.0000000   -6.2793199e-17  5.2762233e-16  2.6004293e-16  -2.3930057e-16  4.4214950e-16  -2.5882405e-16  5.1698656e-18  3.8090521e-16  1.6817267e-16  -1.5304276e-16  
-6.2793199e-17  1.0000000   6.7209354e-16  3.2242055e-16  -1.3301382e-16  2.2121409e-16  -2.5704147e-16  2.0277461e-16  -1.2177962e-16  -4.6003206e-16  4.4265603e-16  -6.2793199e-17  1.0000000   6.7209354e-16  3.2242055e-16  -1.3301382e-16  2.2121409e-16  -2.5704147e-16  2.0277461e-16  -1.2177962e-16  -4.6003206e-16  4.4265603e-16  
5.2762233e-16  6.7209354e-16  1.0000000   -2.4976757e-16  -3.9135590e-16  2.7949461e-16  -1.8808102e-16  7.0499569e-16  1.0416472e-16  -1.3377615e-16  -2.0162433e-16  5.2762233e-16  6.7209354e-16  1.0000000   -2.4976757e-16  -3.9135590e-16  2.7949461e-16  -1.8808102e-16  7.0499569e-16  1.0416472e-16  -1.3377615e-16  -2.0162433e-16  
2.6004293e-16  3.2242055e-16  -2.4976757e-16  1.0000000   5.7713860e-17  6.9498503e-16  -3.0140143e-16  6.7038126e-16  -3.1914634e-16  8.6318587e-17  -4.3142776e-17  2.6004293e-16  3.2242055e-16  -2.4976757e-16  1.0000000   5.7713860e-17  6.9498503e-16  -3.0140143e-16  6.7038126e-16  -3.1914634e-16  8.6318587e-17  -4.3142776e-17  
-2.3930057e-16  -1.3301382e-16  -3.9135590e-16  5.7713860e-17  1.0000000   6.0821243e-16  1.1105449e-16  2.1676335e-16  -1.9667173e-16  3.1335391e-16  -7.5608702e-17  -2.3930057e-16  -1.3301382e-16  -3.9135590e-16  5.7713860e-17  1.0000000   6.0821243e-16  1.1105449e-16  2.1676335e-16  -1.9667173e-16  3.1335391e-16  -7.5608702e-17  
4.4214950e-16  2.2121409e-16  2.7949461e-16  6.9498503e-16  6.0821243e-16  1.0000000   4.3394853e-16  -2.8994870e-16  4.2427033e-17  2.7500619e-16  -2.3579195e-16  4.4214950e-16  2.2121409e-16  2.7949461e-16  6.9498503e-16  6.0821243e-16  1.0000000   4.3394853e-16  -2.8994870e-16  4.2427033e-17  2.7500619e-16  -2.3579195e-16  
-2.5882405e-16  -2.5704147e-16  -1.8808102e-16  -3.0140143e-16  1.1105449e-16  4.3394853e-16  1.0000000   5.0961060e-16  -1.0530737e-17  1.7188522e-16  2.3319452e-16  -2.5882405e-16  -2.5704147e-16  -1.8808102e-16  -3.0140143e-16  1.1105449e-16  4.3394853e-16  1.0000000   5.0961060e-16  -1.0530737e-17  1.7188522e-16  2.3319452e-16  
5.1698656e-18  2.0277461e-16  7.0499569e-16  6.7038126e-16  2.1676335e-16  -2.8994870e-16  5.0961060e-16  1.0000000   3.7577643e-16  1.2849490e-16  1.4229815e-15  5.1698656e-18  2.0277461e-16  7.0499569e-16  6.7038126e-16  2.1676335e-16  -2.8994870e-16  5.0961060e-16  1.0000000   3.7577643e-16  1.2849490e-16  1.4229815e-15  
3.8090521e-16  -1.2177962e-16  1.0416472e-16  -3.1914634e-16  -1.9667173e-16  4.2427033e-17  -1.0530737e-17  3.7577643e-16  1.0000000   4.2793460e-16  -6.9807373e-17  3.8090521e-16  -1.2177962e-16  1.0416472e-16  -3.1914634e-16  -1.9667173e-16  4.2427033e-17  -1.0530737e-17  3.7577643e-16  1.0000000   4.2793460e-16  -6.9807373e-17  
1.6817267e-16  -4.6003206e-16  -1.3377615e-16  8.6318587e-17  3.1335391e-16  2.7500619e-16  1.7188522e-16  1.2849490e-16  4.2793460e-16  1.0000000   -1.1616887e-16  1.6817267e-16  -4.6003206e-16  -1.3377615e-16  8.6318587e-17  3.1335391e-16  2.7500619e-16  1.7188522e-16  1.2849490e-16  4.2793460e-16  1.0000000   -1.1616887e-16  
-1.5304276e-16  4.4265603e-16  -2.0162433e-16  -4.3142776e-17  -7.5608702e-17  -2.3579195e-16  2.3319452e-16  1.4229815e-15  -6.9807373e-17  -1.1616887e-16  1.0000000   -1.5304276e-16  4.4265603e-16  -2.0162433e-16  -4.3142776e-17  -7.5608702e-17  -2.3579195e-16  2.3319452e-16  1.4229815e-15  -6.9807373e-17  -1.1616887e-16  1.0000000   
