1.0000000   -2.2092186e-16  -1.8965407e-16  1.2500766e-16  -1.6328932e-16  -3.5704895e-16  1.8540196e-16  1.0423079e-16  -1.3038315e-16  -8.6970802e-17  4.6629884e-16  1.0000000   -2.2092186e-16  -1.8965407e-16  1.2500766e-16  -1.6328932e-16  -3.5704895e-16  1.8540196e-16  1.0423079e-16  -1.3038315e-16  -8.6970802e-17  4.6629884e-16  
-2.2092186e-16  1.0000000   1.6545476e-16  -3.6983153e-16  7.0744700e-16  1.1127853e-15  7.3190815e-16  1.2549344e-16  -2.7216291e-16  -4.7517362e-16  8.8095492e-16  -2.2092186e-16  1.0000000   1.6545476e-16  -3.6983153e-16  7.0744700e-16  1.1127853e-15  7.3190815e-16  1.2549344e-16  -2.7216291e-16  -4.7517362e-16  8.8095492e-16  
-1.8965407e-16  1.6545476e-16  1.0000000   -5.2510198e-16  1.0791200e-18  -6.1720792e-16  4.5913040e-16  -7.4274202e-17  3.6681143e-16  8.5551556e-16  1.3297962e-15  -1.8965407e-16  1.6545476e-16  1.0000000   -5.2510198e-16  1.0791200e-18  -6.1720792e-16  4.5913040e-16  -7.4274202e-17  3.6681143e-16  8.5551556e-16  1.3297962e-15  
1.2500766e-16  -3.6983153e-16  -5.2510198e-16  1.0000000   -8.8198153e-17  -2.8229999e-16  -2.3363371e-16  7.6129627e-17  -7.4174739e-16  8.0618012e-16  1.5004257e-16  1.2500766e-16  -3.6983153e-16  -5.2510198e-16  1.0000000   -8.8198153e-17  -2.8229999e-16  -2.3363371e-16  7.6129627e-17  -7.4174739e-16  8.0618012e-16  1.5004257e-16  
-1.6328932e-16  7.0744700e-16  1.0791200e-18  -8.8198153e-17  1.0000000   -2.1106515e-16  3.0517030e-16  1.0469378e-15  4.7380503e-16  -4.0908091e-17  2.9500929e-16  -1.6328932e-16  7.0744700e-16  1.0791200e-18  -8.8198153e-17  1.0000000   -2.1106515e-16  3.0517030e-16  1.0469378e-15  4.7380503e-16  -4.0908091e-17  2.9500929e-16  
-3.5704895e-16  1.1127853e-15  -6.1720792e-16  -2.8229999e-16  -2.1106515e-16  1.0000000   1.2103889e-16  6.5403713e-16  2.5992466e-16  -5.8193027e-16  6.4555769e-17  -3.5704895e-16  1.1127853e-15  -6.1720792e-16  -2.8229999e-16  -2.1106515e-16  1.0000000   1.2103889e-16  6.5403713e-16  2.5992466e-16  -5.8193027e-16  6.4555769e-17  
1.8540196e-16  7.3190815e-16  4.5913040e-16  -2.3363371e-16  3.0517030e-16  1.2103889e-16  1.0000000   -2.7412697e-16  -2.5552813e-16  -2.6049397e-16  6.3174258e-16  1.8540196e-16  7.3190815e-16  4.5913040e-16  -2.3363371e-16  3.0517030e-16  1.2103889e-16  1.0000000   -2.7412697e-16  -2.5552813e-16  -2.6049397e-16  6.3174258e-16  
1.0423079e-16  1.2549344e-16  -7.4274202e-17  7.6129627e-17  1.0469378e-15  6.5403713e-16  -2.7412697e-16  1.0000000   3.9699582e-16  3.5205908e-16  -7.8310949e-17  1.0423079e-16  1.2549344e-16  -7.4274202e-17  7.6129627e-17  1.0469378e-15  6.5403713e-16  -2.7412697e-16  1.0000000   3.9699582e-16  3.5205908e-16  -7.8310949e-17  
-1.3038315e-16  -2.7216291e-16  3.6681143e-16  -7.4174739e-16  4.7380503e-16  2.5992466e-16  -2.5552813e-16  3.9699582e-16  1.0000000   2.1661174e-16  4.3071488e-16  -1.3038315e-16  -2.7216291e-16  3.6681143e-16  -7.4174739e-16  4.7380503e-16  2.5992466e-16  -2.5552813e-16  3.9699582e-16  1.0000000   2.1661174e-16  4.3071488e-16  
-8.6970802e-17  -4.7517362e-16  8.5551556e-16  8.0618012e-16  -4.0908091e-17  -5.8193027e-16  -2.6049397e-16  3.5205908e-16  2.1661174e-16  1.0000000   -2.4305949e-16  -8.6970802e-17  -4.7517362e-16  8.5551556e-16  8.0618012e-16  -4.0908091e-17  -5.8193027e-16  -2.6049397e-16  3.5205908e-16  2.1661174e-16  1.0000000   -2.4305949e-16  
4.6629884e-16  8.8095492e-16  1.3297962e-15  1.5004257e-16  2.9500929e-16  6.4555769e-17  6.3174258e-16  -7.8310949e-17  4.3071488e-16  -2.4305949e-16  1.0000000   4.6629884e-16  8.8095492e-16  1.3297962e-15  1.5004257e-16  2.9500929e-16  6.4555769e-17  6.3174258e-16  -7.8310949e-17  4.3071488e-16  -2.4305949e-16  1.0000000   
1.0000000   -2.2092186e-16  -1.8965407e-16  1.2500766e-16  -1.6328932e-16  -3.5704895e-16  1.8540196e-16  1.0423079e-16  -1.3038315e-16  -8.6970802e-17  4.6629884e-16  1.0000000   -2.2092186e-16  -1.8965407e-16  1.2500766e-16  -1.6328932e-16  -3.5704895e-16  1.8540196e-16  1.0423079e-16  -1.3038315e-16  -8.6970802e-17  4.6629884e-16  
-2.2092186e-16  1.0000000   1.6545476e-16  -3.6983153e-16  7.0744700e-16  1.1127853e-15  7.3190815e-16  1.2549344e-16  -2.7216291e-16  -4.7517362e-16  8.8095492e-16  -2.2092186e-16  1.0000000   1.6545476e-16  -3.6983153e-16  7.0744700e-16  1.1127853e-15  7.3190815e-16  1.2549344e-16  -2.7216291e-16  -4.7517362e-16  8.8095492e-16  
-1.8965407e-16  1.6545476e-16  1.0000000   -5.2510198e-16  1.0791200e-18  -6.1720792e-16  4.5913040e-16  -7.4274202e-17  3.6681143e-16  8.5551556e-16  1.3297962e-15  -1.8965407e-16  1.6545476e-16  1.0000000   -5.2510198e-16  1.0791200e-18  -6.1720792e-16  4.5913040e-16  -7.4274202e-17  3.6681143e-16  8.5551556e-16  1.3297962e-15  
1.2500766e-16  -3.6983153e-16  -5.2510198e-16  1.0000000   -8.8198153e-17  -2.8229999e-16  -2.3363371e-16  7.6129627e-17  -7.4174739e-16  8.0618012e-16  1.5004257e-16  1.2500766e-16  -3.6983153e-16  -5.2510198e-16  1.0000000   -8.8198153e-17  -2.8229999e-16  -2.3363371e-16  7.6129627e-17  -7.4174739e-16  8.0618012e-16  1.5004257e-16  
-1.6328932e-16  7.0744700e-16  1.0791200e-18  -8.8198153e-17  1.0000000   -2.1106515e-16  3.0517030e-16  1.0469378e-15  4.7380503e-16  -4.0908091e-17  2.9500929e-16  -1.6328932e-16  7.0744700e-16  1.0791200e-18  -8.8198153e-17  1.0000000   -2.1106515e-16  3.0517030e-16  1.0469378e-15  4.7380503e-16  -4.0908091e-17  2.9500929e-16  
-3.5704895e-16  1.1127853e-15  -6.1720792e-16  -2.8229999e-16  -2.1106515e-16  1.0000000   1.2103889e-16  6.5403713e-16  2.5992466e-16  -5.8193027e-16  6.4555769e-17  -3.5704895e-16  1.1127853e-15  -6.1720792e-16  -2.8229999e-16  -2.1106515e-16  1.0000000   1.2103889e-16  6.5403713e-16  2.5992466e-16  -5.8193027e-16  6.4555769e-17  
1.8540196e-16  7.3190815e-16  4.5913040e-16  -2.3363371e-16  3.0517030e-16  1.2103889e-16  1.0000000   -2.7412697e-16  -2.5552813e-16  -2.6049397e-16  6.3174258e-16  1.8540196e-16  7.3190815e-16  4.5913040e-16  -2.3363371e-16  3.0517030e-16  1.2103889e-16  1.0000000   -2.7412697e-16  -2.5552813e-16  -2.6049397e-16  6.3174258e-16  
1.0423079e-16  1.2549344e-16  -7.4274202e-17  7.6129627e-17  1.0469378e-15  6.5403713e-16  -2.7412697e-16  1.0000000   3.9699582e-16  3.5205908e-16  -7.8310949e-17  1.0423079e-16  1.2549344e-16  -7.4274202e-17  7.6129627e-17  1.0469378e-15  6.5403713e-16  -2.7412697e-16  1.0000000   3.9699582e-16  3.5205908e-16  -7.8310949e-17  
-1.3038315e-16  -2.7216291e-16  3.6681143e-16  -7.4174739e-16  4.7380503e-16  2.5992466e-16  -2.5552813e-16  3.9699582e-16  1.0000000   2.1661174e-16  4.3071488e-16  -1.3038315e-16  -2.7216291e-16  3.6681143e-16  -7.4174739e-16  4.7380503e-16  2.5992466e-16  -2.5552813e-16  3.9699582e-16  1.0000000   2.1661174e-16  4.3071488e-16  
-8.6970802e-17  -4.7517362e-16  8.5551556e-16  8.0618012e-16  -4.0908091e-17  -5.8193027e-16  -2.6049397e-16  3.5205908e-16  2.1661174e-16  1.0000000   -2.4305949e-16  -8.6970802e-17  -4.7517362e-16  8.5551556e-16  8.0618012e-16  -4.0908091e-17  -5.8193027e-16  -2.6049397e-16  3.5205908e-16  2.1661174e-16  1.0000000   -2.4305949e-16  
4.6629884e-16  8.8095492e-16  1.3297962e-15  1.5004257e-16  2.9500929e-16  6.4555769e-17  6.3174258e-16  -7.8310949e-17  4.3071488e-16  -2.4305949e-16  1.0000000   4.6629884e-16  8.8095492e-16  1.3297962e-15  1.5004257e-16  2.9500929e-16  6.4555769e-17  6.3174258e-16  -7.8310949e-17  4.3071488e-16  -2.4305949e-16  1.0000000   
