1.0000000   4.6079511e-16  5.1380500e-16  4.6832912e-16  5.5474941e-17  -4.3006749e-16  -3.0366396e-17  -1.1134015e-16  -4.8386757e-19  -1.8205787e-16  -2.4471735e-17  1.0000000   4.6079511e-16  5.1380500e-16  4.6832912e-16  5.5474941e-17  -4.3006749e-16  -3.0366396e-17  -1.1134015e-16  -4.8386757e-19  -1.8205787e-16  -2.4471735e-17  
4.6079511e-16  1.0000000   2.9523797e-16  4.9247773e-17  1.6848528e-16  -5.9354260e-16  -1.1721791e-17  -2.2351961e-16  -1.8462184e-16  1.2136802e-16  -9.2561431e-17  4.6079511e-16  1.0000000   2.9523797e-16  4.9247773e-17  1.6848528e-16  -5.9354260e-16  -1.1721791e-17  -2.2351961e-16  -1.8462184e-16  1.2136802e-16  -9.2561431e-17  
5.1380500e-16  2.9523797e-16  1.0000000   9.0954342e-17  2.1647685e-16  -1.5646789e-16  -3.8403129e-16  1.3791417e-19  -3.2066317e-16  -4.6357129e-16  -4.5143680e-17  5.1380500e-16  2.9523797e-16  1.0000000   9.0954342e-17  2.1647685e-16  -1.5646789e-16  -3.8403129e-16  1.3791417e-19  -3.2066317e-16  -4.6357129e-16  -4.5143680e-17  
4.6832912e-16  4.9247773e-17  9.0954342e-17  1.0000000   1.6682491e-16  -5.5093830e-16  2.2441999e-16  -7.4949869e-17  -7.3585956e-16  -6.2251495e-16  -1.0328759e-16  4.6832912e-16  4.9247773e-17  9.0954342e-17  1.0000000   1.6682491e-16  -5.5093830e-16  2.2441999e-16  -7.4949869e-17  -7.3585956e-16  -6.2251495e-16  -1.0328759e-16  
5.5474941e-17  1.6848528e-16  2.1647685e-16  1.6682491e-16  1.0000000   -6.2153780e-18  -2.8344191e-16  6.2377216e-16  3.0295851e-16  -4.0654212e-16  2.7377087e-16  5.5474941e-17  1.6848528e-16  2.1647685e-16  1.6682491e-16  1.0000000   -6.2153780e-18  -2.8344191e-16  6.2377216e-16  3.0295851e-16  -4.0654212e-16  2.7377087e-16  
-4.3006749e-16  -5.9354260e-16  -1.5646789e-16  -5.5093830e-16  -6.2153780e-18  1.0000000   1.9865126e-16  -2.8788572e-17  9.6480216e-16  2.1946465e-17  1.7358977e-16  -4.3006749e-16  -5.9354260e-16  -1.5646789e-16  -5.5093830e-16  -6.2153780e-18  1.0000000   1.9865126e-16  -2.8788572e-17  9.6480216e-16  2.1946465e-17  1.7358977e-16  
-3.0366396e-17  -1.1721791e-17  -3.8403129e-16  2.2441999e-16  -2.8344191e-16  1.9865126e-16  1.0000000   -5.8868155e-17  9.7598948e-17  -1.2342778e-15  -4.2841698e-16  -3.0366396e-17  -1.1721791e-17  -3.8403129e-16  2.2441999e-16  -2.8344191e-16  1.9865126e-16  1.0000000   -5.8868155e-17  9.7598948e-17  -1.2342778e-15  -4.2841698e-16  
-1.1134015e-16  -2.2351961e-16  1.3791417e-19  -7.4949869e-17  6.2377216e-16  -2.8788572e-17  -5.8868155e-17  1.0000000   7.7019859e-17  -7.5351373e-16  -4.9348394e-16  -1.1134015e-16  -2.2351961e-16  1.3791417e-19  -7.4949869e-17  6.2377216e-16  -2.8788572e-17  -5.8868155e-17  1.0000000   7.7019859e-17  -7.5351373e-16  -4.9348394e-16  
-4.8386757e-19  -1.8462184e-16  -3.2066317e-16  -7.3585956e-16  3.0295851e-16  9.6480216e-16  9.7598948e-17  7.7019859e-17  1.0000000   6.4590328e-16  6.2040081e-16  -4.8386757e-19  -1.8462184e-16  -3.2066317e-16  -7.3585956e-16  3.0295851e-16  9.6480216e-16  9.7598948e-17  7.7019859e-17  1.0000000   6.4590328e-16  6.2040081e-16  
-1.8205787e-16  1.2136802e-16  -4.6357129e-16  -6.2251495e-16  -4.0654212e-16  2.1946465e-17  -1.2342778e-15  -7.5351373e-16  6.4590328e-16  1.0000000   -6.4547976e-16  -1.8205787e-16  1.2136802e-16  -4.6357129e-16  -6.2251495e-16  -4.0654212e-16  2.1946465e-17  -1.2342778e-15  -7.5351373e-16  6.4590328e-16  1.0000000   -6.4547976e-16  
-2.4471735e-17  -9.2561431e-17  -4.5143680e-17  -1.0328759e-16  2.7377087e-16  1.7358977e-16  -4.2841698e-16  -4.9348394e-16  6.2040081e-16  -6.4547976e-16  1.0000000   -2.4471735e-17  -9.2561431e-17  -4.5143680e-17  -1.0328759e-16  2.7377087e-16  1.7358977e-16  -4.2841698e-16  -4.9348394e-16  6.2040081e-16  -6.4547976e-16  1.0000000   
1.0000000   4.6079511e-16  5.1380500e-16  4.6832912e-16  5.5474941e-17  -4.3006749e-16  -3.0366396e-17  -1.1134015e-16  -4.8386757e-19  -1.8205787e-16  -2.4471735e-17  1.0000000   4.6079511e-16  5.1380500e-16  4.6832912e-16  5.5474941e-17  -4.3006749e-16  -3.0366396e-17  -1.1134015e-16  -4.8386757e-19  -1.8205787e-16  -2.4471735e-17  
4.6079511e-16  1.0000000   2.9523797e-16  4.9247773e-17  1.6848528e-16  -5.9354260e-16  -1.1721791e-17  -2.2351961e-16  -1.8462184e-16  1.2136802e-16  -9.2561431e-17  4.6079511e-16  1.0000000   2.9523797e-16  4.9247773e-17  1.6848528e-16  -5.9354260e-16  -1.1721791e-17  -2.2351961e-16  -1.8462184e-16  1.2136802e-16  -9.2561431e-17  
5.1380500e-16  2.9523797e-16  1.0000000   9.0954342e-17  2.1647685e-16  -1.5646789e-16  -3.8403129e-16  1.3791417e-19  -3.2066317e-16  -4.6357129e-16  -4.5143680e-17  5.1380500e-16  2.9523797e-16  1.0000000   9.0954342e-17  2.1647685e-16  -1.5646789e-16  -3.8403129e-16  1.3791417e-19  -3.2066317e-16  -4.6357129e-16  -4.5143680e-17  
4.6832912e-16  4.9247773e-17  9.0954342e-17  1.0000000   1.6682491e-16  -5.5093830e-16  2.2441999e-16  -7.4949869e-17  -7.3585956e-16  -6.2251495e-16  -1.0328759e-16  4.6832912e-16  4.9247773e-17  9.0954342e-17  1.0000000   1.6682491e-16  -5.5093830e-16  2.2441999e-16  -7.4949869e-17  -7.3585956e-16  -6.2251495e-16  -1.0328759e-16  
5.5474941e-17  1.6848528e-16  2.1647685e-16  1.6682491e-16  1.0000000   -6.2153780e-18  -2.8344191e-16  6.2377216e-16  3.0295851e-16  -4.0654212e-16  2.7377087e-16  5.5474941e-17  1.6848528e-16  2.1647685e-16  1.6682491e-16  1.0000000   -6.2153780e-18  -2.8344191e-16  6.2377216e-16  3.0295851e-16  -4.0654212e-16  2.7377087e-16  
-4.3006749e-16  -5.9354260e-16  -1.5646789e-16  -5.5093830e-16  -6.2153780e-18  1.0000000   1.9865126e-16  -2.8788572e-17  9.6480216e-16  2.1946465e-17  1.7358977e-16  -4.3006749e-16  -5.9354260e-16  -1.5646789e-16  -5.5093830e-16  -6.2153780e-18  1.0000000   1.9865126e-16  -2.8788572e-17  9.6480216e-16  2.1946465e-17  1.7358977e-16  
-3.0366396e-17  -1.1721791e-17  -3.8403129e-16  2.2441999e-16  -2.8344191e-16  1.9865126e-16  1.0000000   -5.8868155e-17  9.7598948e-17  -1.2342778e-15  -4.2841698e-16  -3.0366396e-17  -1.1721791e-17  -3.8403129e-16  2.2441999e-16  -2.8344191e-16  1.9865126e-16  1.0000000   -5.8868155e-17  9.7598948e-17  -1.2342778e-15  -4.2841698e-16  
-1.1134015e-16  -2.2351961e-16  1.3791417e-19  -7.4949869e-17  6.2377216e-16  -2.8788572e-17  -5.8868155e-17  1.0000000   7.7019859e-17  -7.5351373e-16  -4.9348394e-16  -1.1134015e-16  -2.2351961e-16  1.3791417e-19  -7.4949869e-17  6.2377216e-16  -2.8788572e-17  -5.8868155e-17  1.0000000   7.7019859e-17  -7.5351373e-16  -4.9348394e-16  
-4.8386757e-19  -1.8462184e-16  -3.2066317e-16  -7.3585956e-16  3.0295851e-16  9.6480216e-16  9.7598948e-17  7.7019859e-17  1.0000000   6.4590328e-16  6.2040081e-16  -4.8386757e-19  -1.8462184e-16  -3.2066317e-16  -7.3585956e-16  3.0295851e-16  9.6480216e-16  9.7598948e-17  7.7019859e-17  1.0000000   6.4590328e-16  6.2040081e-16  
-1.8205787e-16  1.2136802e-16  -4.6357129e-16  -6.2251495e-16  -4.0654212e-16  2.1946465e-17  -1.2342778e-15  -7.5351373e-16  6.4590328e-16  1.0000000   -6.4547976e-16  -1.8205787e-16  1.2136802e-16  -4.6357129e-16  -6.2251495e-16  -4.0654212e-16  2.1946465e-17  -1.2342778e-15  -7.5351373e-16  6.4590328e-16  1.0000000   -6.4547976e-16  
-2.4471735e-17  -9.2561431e-17  -4.5143680e-17  -1.0328759e-16  2.7377087e-16  1.7358977e-16  -4.2841698e-16  -4.9348394e-16  6.2040081e-16  -6.4547976e-16  1.0000000   -2.4471735e-17  -9.2561431e-17  -4.5143680e-17  -1.0328759e-16  2.7377087e-16  1.7358977e-16  -4.2841698e-16  -4.9348394e-16  6.2040081e-16  -6.4547976e-16  1.0000000   
