1.0000000   -3.9128687e-17  -4.0081176e-17  6.2895182e-16  -5.0083364e-16  -2.0947548e-17  -2.3731195e-16  -8.5674503e-16  -2.2963995e-16  3.1840561e-16  -1.6544936e-16  1.0000000   -3.9128687e-17  -4.0081176e-17  6.2895182e-16  -5.0083364e-16  -2.0947548e-17  -2.3731195e-16  -8.5674503e-16  -2.2963995e-16  3.1840561e-16  -1.6544936e-16  
-3.9128687e-17  1.0000000   -1.4226003e-16  -1.7360808e-16  -4.2240601e-16  3.2113052e-16  -1.7310897e-16  -5.0312148e-16  2.7538396e-16  5.1278898e-17  -6.6739293e-16  -3.9128687e-17  1.0000000   -1.4226003e-16  -1.7360808e-16  -4.2240601e-16  3.2113052e-16  -1.7310897e-16  -5.0312148e-16  2.7538396e-16  5.1278898e-17  -6.6739293e-16  
-4.0081176e-17  -1.4226003e-16  1.0000000   6.3617871e-16  2.6622881e-16  1.6456728e-16  1.8231537e-16  5.9459087e-16  7.5655310e-16  9.8915184e-17  -4.7706124e-16  -4.0081176e-17  -1.4226003e-16  1.0000000   6.3617871e-16  2.6622881e-16  1.6456728e-16  1.8231537e-16  5.9459087e-16  7.5655310e-16  9.8915184e-17  -4.7706124e-16  
6.2895182e-16  -1.7360808e-16  6.3617871e-16  1.0000000   6.5310433e-16  -1.3194656e-16  -3.1246622e-16  -6.4325461e-16  4.2414592e-16  2.5956848e-16  2.4441813e-16  6.2895182e-16  -1.7360808e-16  6.3617871e-16  1.0000000   6.5310433e-16  -1.3194656e-16  -3.1246622e-16  -6.4325461e-16  4.2414592e-16  2.5956848e-16  2.4441813e-16  
-5.0083364e-16  -4.2240601e-16  2.6622881e-16  6.5310433e-16  1.0000000   -1.0064625e-16  1.6599305e-17  -2.7048727e-16  9.8436833e-16  4.0373698e-16  -1.6839566e-16  -5.0083364e-16  -4.2240601e-16  2.6622881e-16  6.5310433e-16  1.0000000   -1.0064625e-16  1.6599305e-17  -2.7048727e-16  9.8436833e-16  4.0373698e-16  -1.6839566e-16  
-2.0947548e-17  3.2113052e-16  1.6456728e-16  -1.3194656e-16  -1.0064625e-16  1.0000000   2.5446987e-16  4.6649493e-17  -4.5217679e-16  9.1912657e-17  -6.8259209e-17  -2.0947548e-17  3.2113052e-16  1.6456728e-16  -1.3194656e-16  -1.0064625e-16  1.0000000   2.5446987e-16  4.6649493e-17  -4.5217679e-16  9.1912657e-17  -6.8259209e-17  
-2.3731195e-16  -1.7310897e-16  1.8231537e-16  -3.1246622e-16  1.6599305e-17  2.5446987e-16  1.0000000   -2.9241271e-17  -1.3443006e-16  3.0567153e-16  -4.6158213e-17  -2.3731195e-16  -1.7310897e-16  1.8231537e-16  -3.1246622e-16  1.6599305e-17  2.5446987e-16  1.0000000   -2.9241271e-17  -1.3443006e-16  3.0567153e-16  -4.6158213e-17  
-8.5674503e-16  -5.0312148e-16  5.9459087e-16  -6.4325461e-16  -2.7048727e-16  4.6649493e-17  -2.9241271e-17  1.0000000   -1.8574988e-16  1.2964284e-16  5.2877387e-16  -8.5674503e-16  -5.0312148e-16  5.9459087e-16  -6.4325461e-16  -2.7048727e-16  4.6649493e-17  -2.9241271e-17  1.0000000   -1.8574988e-16  1.2964284e-16  5.2877387e-16  
-2.2963995e-16  2.7538396e-16  7.5655310e-16  4.2414592e-16  9.8436833e-16  -4.5217679e-16  -1.3443006e-16  -1.8574988e-16  1.0000000   2.7341435e-16  4.1007321e-16  -2.2963995e-16  2.7538396e-16  7.5655310e-16  4.2414592e-16  9.8436833e-16  -4.5217679e-16  -1.3443006e-16  -1.8574988e-16  1.0000000   2.7341435e-16  4.1007321e-16  
3.1840561e-16  5.1278898e-17  9.8915184e-17  2.5956848e-16  4.0373698e-16  9.1912657e-17  3.0567153e-16  1.2964284e-16  2.7341435e-16  1.0000000   4.9400253e-16  3.1840561e-16  5.1278898e-17  9.8915184e-17  2.5956848e-16  4.0373698e-16  9.1912657e-17  3.0567153e-16  1.2964284e-16  2.7341435e-16  1.0000000   4.9400253e-16  
-1.6544936e-16  -6.6739293e-16  -4.7706124e-16  2.4441813e-16  -1.6839566e-16  -6.8259209e-17  -4.6158213e-17  5.2877387e-16  4.1007321e-16  4.9400253e-16  1.0000000   -1.6544936e-16  -6.6739293e-16  -4.7706124e-16  2.4441813e-16  -1.6839566e-16  -6.8259209e-17  -4.6158213e-17  5.2877387e-16  4.1007321e-16  4.9400253e-16  1.0000000   
1.0000000   -3.9128687e-17  -4.0081176e-17  6.2895182e-16  -5.0083364e-16  -2.0947548e-17  -2.3731195e-16  -8.5674503e-16  -2.2963995e-16  3.1840561e-16  -1.6544936e-16  1.0000000   -3.9128687e-17  -4.0081176e-17  6.2895182e-16  -5.0083364e-16  -2.0947548e-17  -2.3731195e-16  -8.5674503e-16  -2.2963995e-16  3.1840561e-16  -1.6544936e-16  
-3.9128687e-17  1.0000000   -1.4226003e-16  -1.7360808e-16  -4.2240601e-16  3.2113052e-16  -1.7310897e-16  -5.0312148e-16  2.7538396e-16  5.1278898e-17  -6.6739293e-16  -3.9128687e-17  1.0000000   -1.4226003e-16  -1.7360808e-16  -4.2240601e-16  3.2113052e-16  -1.7310897e-16  -5.0312148e-16  2.7538396e-16  5.1278898e-17  -6.6739293e-16  
-4.0081176e-17  -1.4226003e-16  1.0000000   6.3617871e-16  2.6622881e-16  1.6456728e-16  1.8231537e-16  5.9459087e-16  7.5655310e-16  9.8915184e-17  -4.7706124e-16  -4.0081176e-17  -1.4226003e-16  1.0000000   6.3617871e-16  2.6622881e-16  1.6456728e-16  1.8231537e-16  5.9459087e-16  7.5655310e-16  9.8915184e-17  -4.7706124e-16  
6.2895182e-16  -1.7360808e-16  6.3617871e-16  1.0000000   6.5310433e-16  -1.3194656e-16  -3.1246622e-16  -6.4325461e-16  4.2414592e-16  2.5956848e-16  2.4441813e-16  6.2895182e-16  -1.7360808e-16  6.3617871e-16  1.0000000   6.5310433e-16  -1.3194656e-16  -3.1246622e-16  -6.4325461e-16  4.2414592e-16  2.5956848e-16  2.4441813e-16  
-5.0083364e-16  -4.2240601e-16  2.6622881e-16  6.5310433e-16  1.0000000   -1.0064625e-16  1.6599305e-17  -2.7048727e-16  9.8436833e-16  4.0373698e-16  -1.6839566e-16  -5.0083364e-16  -4.2240601e-16  2.6622881e-16  6.5310433e-16  1.0000000   -1.0064625e-16  1.6599305e-17  -2.7048727e-16  9.8436833e-16  4.0373698e-16  -1.6839566e-16  
-2.0947548e-17  3.2113052e-16  1.6456728e-16  -1.3194656e-16  -1.0064625e-16  1.0000000   2.5446987e-16  4.6649493e-17  -4.5217679e-16  9.1912657e-17  -6.8259209e-17  -2.0947548e-17  3.2113052e-16  1.6456728e-16  -1.3194656e-16  -1.0064625e-16  1.0000000   2.5446987e-16  4.6649493e-17  -4.5217679e-16  9.1912657e-17  -6.8259209e-17  
-2.3731195e-16  -1.7310897e-16  1.8231537e-16  -3.1246622e-16  1.6599305e-17  2.5446987e-16  1.0000000   -2.9241271e-17  -1.3443006e-16  3.0567153e-16  -4.6158213e-17  -2.3731195e-16  -1.7310897e-16  1.8231537e-16  -3.1246622e-16  1.6599305e-17  2.5446987e-16  1.0000000   -2.9241271e-17  -1.3443006e-16  3.0567153e-16  -4.6158213e-17  
-8.5674503e-16  -5.0312148e-16  5.9459087e-16  -6.4325461e-16  -2.7048727e-16  4.6649493e-17  -2.9241271e-17  1.0000000   -1.8574988e-16  1.2964284e-16  5.2877387e-16  -8.5674503e-16  -5.0312148e-16  5.9459087e-16  -6.4325461e-16  -2.7048727e-16  4.6649493e-17  -2.9241271e-17  1.0000000   -1.8574988e-16  1.2964284e-16  5.2877387e-16  
-2.2963995e-16  2.7538396e-16  7.5655310e-16  4.2414592e-16  9.8436833e-16  -4.5217679e-16  -1.3443006e-16  -1.8574988e-16  1.0000000   2.7341435e-16  4.1007321e-16  -2.2963995e-16  2.7538396e-16  7.5655310e-16  4.2414592e-16  9.8436833e-16  -4.5217679e-16  -1.3443006e-16  -1.8574988e-16  1.0000000   2.7341435e-16  4.1007321e-16  
3.1840561e-16  5.1278898e-17  9.8915184e-17  2.5956848e-16  4.0373698e-16  9.1912657e-17  3.0567153e-16  1.2964284e-16  2.7341435e-16  1.0000000   4.9400253e-16  3.1840561e-16  5.1278898e-17  9.8915184e-17  2.5956848e-16  4.0373698e-16  9.1912657e-17  3.0567153e-16  1.2964284e-16  2.7341435e-16  1.0000000   4.9400253e-16  
-1.6544936e-16  -6.6739293e-16  -4.7706124e-16  2.4441813e-16  -1.6839566e-16  -6.8259209e-17  -4.6158213e-17  5.2877387e-16  4.1007321e-16  4.9400253e-16  1.0000000   -1.6544936e-16  -6.6739293e-16  -4.7706124e-16  2.4441813e-16  -1.6839566e-16  -6.8259209e-17  -4.6158213e-17  5.2877387e-16  4.1007321e-16  4.9400253e-16  1.0000000   
