1.0000000   2.9724355e-16  1.2103593e-16  1.1262082e-15  -1.8820691e-16  8.5627408e-17  -5.3017063e-17  2.2896825e-16  -1.8762288e-16  3.3470507e-17  -4.1528967e-16  1.0000000   2.9724355e-16  1.2103593e-16  1.1262082e-15  -1.8820691e-16  8.5627408e-17  -5.3017063e-17  2.2896825e-16  -1.8762288e-16  3.3470507e-17  -4.1528967e-16  
2.9724355e-16  1.0000000   7.7431835e-16  3.3287304e-16  -3.6901012e-16  -2.3594315e-17  2.7535940e-16  3.2475540e-16  1.9238744e-16  -1.8797699e-17  2.6045236e-16  2.9724355e-16  1.0000000   7.7431835e-16  3.3287304e-16  -3.6901012e-16  -2.3594315e-17  2.7535940e-16  3.2475540e-16  1.9238744e-16  -1.8797699e-17  2.6045236e-16  
1.2103593e-16  7.7431835e-16  1.0000000   -3.9779452e-16  -1.2244132e-15  -3.1637009e-16  1.5470676e-16  -6.0831302e-16  1.1823286e-15  -5.5946299e-16  -6.4991695e-16  1.2103593e-16  7.7431835e-16  1.0000000   -3.9779452e-16  -1.2244132e-15  -3.1637009e-16  1.5470676e-16  -6.0831302e-16  1.1823286e-15  -5.5946299e-16  -6.4991695e-16  
1.1262082e-15  3.3287304e-16  -3.9779452e-16  1.0000000   -8.8683079e-17  -2.3545822e-17  -3.7012545e-16  7.2605123e-17  2.2997326e-16  2.3758004e-17  2.2704141e-16  1.1262082e-15  3.3287304e-16  -3.9779452e-16  1.0000000   -8.8683079e-17  -2.3545822e-17  -3.7012545e-16  7.2605123e-17  2.2997326e-16  2.3758004e-17  2.2704141e-16  
-1.8820691e-16  -3.6901012e-16  -1.2244132e-15  -8.8683079e-17  1.0000000   -5.3659749e-17  -5.1945227e-16  1.7198411e-16  -9.7815746e-16  -3.4326352e-16  4.4415337e-17  -1.8820691e-16  -3.6901012e-16  -1.2244132e-15  -8.8683079e-17  1.0000000   -5.3659749e-17  -5.1945227e-16  1.7198411e-16  -9.7815746e-16  -3.4326352e-16  4.4415337e-17  
8.5627408e-17  -2.3594315e-17  -3.1637009e-16  -2.3545822e-17  -5.3659749e-17  1.0000000   -4.1077964e-16  -4.0686042e-16  -1.5693932e-17  -2.4470930e-16  1.7300447e-16  8.5627408e-17  -2.3594315e-17  -3.1637009e-16  -2.3545822e-17  -5.3659749e-17  1.0000000   -4.1077964e-16  -4.0686042e-16  -1.5693932e-17  -2.4470930e-16  1.7300447e-16  
-5.3017063e-17  2.7535940e-16  1.5470676e-16  -3.7012545e-16  -5.1945227e-16  -4.1077964e-16  1.0000000   5.3820304e-16  9.4808398e-18  1.2274159e-16  3.9366491e-16  -5.3017063e-17  2.7535940e-16  1.5470676e-16  -3.7012545e-16  -5.1945227e-16  -4.1077964e-16  1.0000000   5.3820304e-16  9.4808398e-18  1.2274159e-16  3.9366491e-16  
2.2896825e-16  3.2475540e-16  -6.0831302e-16  7.2605123e-17  1.7198411e-16  -4.0686042e-16  5.3820304e-16  1.0000000   2.9728464e-16  1.6643446e-16  6.0989252e-16  2.2896825e-16  3.2475540e-16  -6.0831302e-16  7.2605123e-17  1.7198411e-16  -4.0686042e-16  5.3820304e-16  1.0000000   2.9728464e-16  1.6643446e-16  6.0989252e-16  
-1.8762288e-16  1.9238744e-16  1.1823286e-15  2.2997326e-16  -9.7815746e-16  -1.5693932e-17  9.4808398e-18  2.9728464e-16  1.0000000   2.3134746e-16  3.2598804e-17  -1.8762288e-16  1.9238744e-16  1.1823286e-15  2.2997326e-16  -9.7815746e-16  -1.5693932e-17  9.4808398e-18  2.9728464e-16  1.0000000   2.3134746e-16  3.2598804e-17  
3.3470507e-17  -1.8797699e-17  -5.5946299e-16  2.3758004e-17  -3.4326352e-16  -2.4470930e-16  1.2274159e-16  1.6643446e-16  2.3134746e-16  1.0000000   1.6462244e-17  3.3470507e-17  -1.8797699e-17  -5.5946299e-16  2.3758004e-17  -3.4326352e-16  -2.4470930e-16  1.2274159e-16  1.6643446e-16  2.3134746e-16  1.0000000   1.6462244e-17  
-4.1528967e-16  2.6045236e-16  -6.4991695e-16  2.2704141e-16  4.4415337e-17  1.7300447e-16  3.9366491e-16  6.0989252e-16  3.2598804e-17  1.6462244e-17  1.0000000   -4.1528967e-16  2.6045236e-16  -6.4991695e-16  2.2704141e-16  4.4415337e-17  1.7300447e-16  3.9366491e-16  6.0989252e-16  3.2598804e-17  1.6462244e-17  1.0000000   
1.0000000   2.9724355e-16  1.2103593e-16  1.1262082e-15  -1.8820691e-16  8.5627408e-17  -5.3017063e-17  2.2896825e-16  -1.8762288e-16  3.3470507e-17  -4.1528967e-16  1.0000000   2.9724355e-16  1.2103593e-16  1.1262082e-15  -1.8820691e-16  8.5627408e-17  -5.3017063e-17  2.2896825e-16  -1.8762288e-16  3.3470507e-17  -4.1528967e-16  
2.9724355e-16  1.0000000   7.7431835e-16  3.3287304e-16  -3.6901012e-16  -2.3594315e-17  2.7535940e-16  3.2475540e-16  1.9238744e-16  -1.8797699e-17  2.6045236e-16  2.9724355e-16  1.0000000   7.7431835e-16  3.3287304e-16  -3.6901012e-16  -2.3594315e-17  2.7535940e-16  3.2475540e-16  1.9238744e-16  -1.8797699e-17  2.6045236e-16  
1.2103593e-16  7.7431835e-16  1.0000000   -3.9779452e-16  -1.2244132e-15  -3.1637009e-16  1.5470676e-16  -6.0831302e-16  1.1823286e-15  -5.5946299e-16  -6.4991695e-16  1.2103593e-16  7.7431835e-16  1.0000000   -3.9779452e-16  -1.2244132e-15  -3.1637009e-16  1.5470676e-16  -6.0831302e-16  1.1823286e-15  -5.5946299e-16  -6.4991695e-16  
1.1262082e-15  3.3287304e-16  -3.9779452e-16  1.0000000   -8.8683079e-17  -2.3545822e-17  -3.7012545e-16  7.2605123e-17  2.2997326e-16  2.3758004e-17  2.2704141e-16  1.1262082e-15  3.3287304e-16  -3.9779452e-16  1.0000000   -8.8683079e-17  -2.3545822e-17  -3.7012545e-16  7.2605123e-17  2.2997326e-16  2.3758004e-17  2.2704141e-16  
-1.8820691e-16  -3.6901012e-16  -1.2244132e-15  -8.8683079e-17  1.0000000   -5.3659749e-17  -5.1945227e-16  1.7198411e-16  -9.7815746e-16  -3.4326352e-16  4.4415337e-17  -1.8820691e-16  -3.6901012e-16  -1.2244132e-15  -8.8683079e-17  1.0000000   -5.3659749e-17  -5.1945227e-16  1.7198411e-16  -9.7815746e-16  -3.4326352e-16  4.4415337e-17  
8.5627408e-17  -2.3594315e-17  -3.1637009e-16  -2.3545822e-17  -5.3659749e-17  1.0000000   -4.1077964e-16  -4.0686042e-16  -1.5693932e-17  -2.4470930e-16  1.7300447e-16  8.5627408e-17  -2.3594315e-17  -3.1637009e-16  -2.3545822e-17  -5.3659749e-17  1.0000000   -4.1077964e-16  -4.0686042e-16  -1.5693932e-17  -2.4470930e-16  1.7300447e-16  
-5.3017063e-17  2.7535940e-16  1.5470676e-16  -3.7012545e-16  -5.1945227e-16  -4.1077964e-16  1.0000000   5.3820304e-16  9.4808398e-18  1.2274159e-16  3.9366491e-16  -5.3017063e-17  2.7535940e-16  1.5470676e-16  -3.7012545e-16  -5.1945227e-16  -4.1077964e-16  1.0000000   5.3820304e-16  9.4808398e-18  1.2274159e-16  3.9366491e-16  
2.2896825e-16  3.2475540e-16  -6.0831302e-16  7.2605123e-17  1.7198411e-16  -4.0686042e-16  5.3820304e-16  1.0000000   2.9728464e-16  1.6643446e-16  6.0989252e-16  2.2896825e-16  3.2475540e-16  -6.0831302e-16  7.2605123e-17  1.7198411e-16  -4.0686042e-16  5.3820304e-16  1.0000000   2.9728464e-16  1.6643446e-16  6.0989252e-16  
-1.8762288e-16  1.9238744e-16  1.1823286e-15  2.2997326e-16  -9.7815746e-16  -1.5693932e-17  9.4808398e-18  2.9728464e-16  1.0000000   2.3134746e-16  3.2598804e-17  -1.8762288e-16  1.9238744e-16  1.1823286e-15  2.2997326e-16  -9.7815746e-16  -1.5693932e-17  9.4808398e-18  2.9728464e-16  1.0000000   2.3134746e-16  3.2598804e-17  
3.3470507e-17  -1.8797699e-17  -5.5946299e-16  2.3758004e-17  -3.4326352e-16  -2.4470930e-16  1.2274159e-16  1.6643446e-16  2.3134746e-16  1.0000000   1.6462244e-17  3.3470507e-17  -1.8797699e-17  -5.5946299e-16  2.3758004e-17  -3.4326352e-16  -2.4470930e-16  1.2274159e-16  1.6643446e-16  2.3134746e-16  1.0000000   1.6462244e-17  
-4.1528967e-16  2.6045236e-16  -6.4991695e-16  2.2704141e-16  4.4415337e-17  1.7300447e-16  3.9366491e-16  6.0989252e-16  3.2598804e-17  1.6462244e-17  1.0000000   -4.1528967e-16  2.6045236e-16  -6.4991695e-16  2.2704141e-16  4.4415337e-17  1.7300447e-16  3.9366491e-16  6.0989252e-16  3.2598804e-17  1.6462244e-17  1.0000000   
