1.0000000   2.8504183e-16  -3.1959061e-16  -4.7094990e-16  1.7678319e-16  4.1301327e-18  2.9681305e-16  2.4045275e-16  -5.5765600e-16  4.6459249e-16  -4.9491796e-16  1.0000000   2.8504183e-16  -3.1959061e-16  -4.7094990e-16  1.7678319e-16  4.1301327e-18  2.9681305e-16  2.4045275e-16  -5.5765600e-16  4.6459249e-16  -4.9491796e-16  
2.8504183e-16  1.0000000   1.1173000e-17  7.5025255e-17  -4.9086274e-16  -3.7217145e-16  3.7033996e-16  -4.1669680e-16  -3.9239394e-16  3.8484518e-17  1.5404692e-16  2.8504183e-16  1.0000000   1.1173000e-17  7.5025255e-17  -4.9086274e-16  -3.7217145e-16  3.7033996e-16  -4.1669680e-16  -3.9239394e-16  3.8484518e-17  1.5404692e-16  
-3.1959061e-16  1.1173000e-17  1.0000000   1.9295612e-16  6.3903850e-16  -7.4772045e-16  5.7435123e-16  -1.9936847e-16  -1.9071116e-16  -2.4166655e-16  -6.2345098e-16  -3.1959061e-16  1.1173000e-17  1.0000000   1.9295612e-16  6.3903850e-16  -7.4772045e-16  5.7435123e-16  -1.9936847e-16  -1.9071116e-16  -2.4166655e-16  -6.2345098e-16  
-4.7094990e-16  7.5025255e-17  1.9295612e-16  1.0000000   -2.7729508e-16  2.1555774e-16  -1.8387444e-16  -3.1152506e-16  -3.6881985e-16  1.6129413e-17  5.5254236e-17  -4.7094990e-16  7.5025255e-17  1.9295612e-16  1.0000000   -2.7729508e-16  2.1555774e-16  -1.8387444e-16  -3.1152506e-16  -3.6881985e-16  1.6129413e-17  5.5254236e-17  
1.7678319e-16  -4.9086274e-16  6.3903850e-16  -2.7729508e-16  1.0000000   7.4454196e-17  -3.1874681e-16  -2.0265157e-16  -2.6416988e-16  -2.9935817e-16  -1.5349762e-16  1.7678319e-16  -4.9086274e-16  6.3903850e-16  -2.7729508e-16  1.0000000   7.4454196e-17  -3.1874681e-16  -2.0265157e-16  -2.6416988e-16  -2.9935817e-16  -1.5349762e-16  
4.1301327e-18  -3.7217145e-16  -7.4772045e-16  2.1555774e-16  7.4454196e-17  1.0000000   -2.5928377e-16  8.8272692e-17  1.0980258e-16  -6.3522389e-17  -1.1108354e-15  4.1301327e-18  -3.7217145e-16  -7.4772045e-16  2.1555774e-16  7.4454196e-17  1.0000000   -2.5928377e-16  8.8272692e-17  1.0980258e-16  -6.3522389e-17  -1.1108354e-15  
2.9681305e-16  3.7033996e-16  5.7435123e-16  -1.8387444e-16  -3.1874681e-16  -2.5928377e-16  1.0000000   -1.5368248e-17  -2.9410466e-16  -1.4963853e-16  -1.6543189e-16  2.9681305e-16  3.7033996e-16  5.7435123e-16  -1.8387444e-16  -3.1874681e-16  -2.5928377e-16  1.0000000   -1.5368248e-17  -2.9410466e-16  -1.4963853e-16  -1.6543189e-16  
2.4045275e-16  -4.1669680e-16  -1.9936847e-16  -3.1152506e-16  -2.0265157e-16  8.8272692e-17  -1.5368248e-17  1.0000000   -1.1785871e-16  1.6131488e-16  3.1747007e-16  2.4045275e-16  -4.1669680e-16  -1.9936847e-16  -3.1152506e-16  -2.0265157e-16  8.8272692e-17  -1.5368248e-17  1.0000000   -1.1785871e-16  1.6131488e-16  3.1747007e-16  
-5.5765600e-16  -3.9239394e-16  -1.9071116e-16  -3.6881985e-16  -2.6416988e-16  1.0980258e-16  -2.9410466e-16  -1.1785871e-16  1.0000000   -1.5733129e-16  7.5315629e-17  -5.5765600e-16  -3.9239394e-16  -1.9071116e-16  -3.6881985e-16  -2.6416988e-16  1.0980258e-16  -2.9410466e-16  -1.1785871e-16  1.0000000   -1.5733129e-16  7.5315629e-17  
4.6459249e-16  3.8484518e-17  -2.4166655e-16  1.6129413e-17  -2.9935817e-16  -6.3522389e-17  -1.4963853e-16  1.6131488e-16  -1.5733129e-16  1.0000000   2.6646555e-16  4.6459249e-16  3.8484518e-17  -2.4166655e-16  1.6129413e-17  -2.9935817e-16  -6.3522389e-17  -1.4963853e-16  1.6131488e-16  -1.5733129e-16  1.0000000   2.6646555e-16  
-4.9491796e-16  1.5404692e-16  -6.2345098e-16  5.5254236e-17  -1.5349762e-16  -1.1108354e-15  -1.6543189e-16  3.1747007e-16  7.5315629e-17  2.6646555e-16  1.0000000   -4.9491796e-16  1.5404692e-16  -6.2345098e-16  5.5254236e-17  -1.5349762e-16  -1.1108354e-15  -1.6543189e-16  3.1747007e-16  7.5315629e-17  2.6646555e-16  1.0000000   
1.0000000   2.8504183e-16  -3.1959061e-16  -4.7094990e-16  1.7678319e-16  4.1301327e-18  2.9681305e-16  2.4045275e-16  -5.5765600e-16  4.6459249e-16  -4.9491796e-16  1.0000000   2.8504183e-16  -3.1959061e-16  -4.7094990e-16  1.7678319e-16  4.1301327e-18  2.9681305e-16  2.4045275e-16  -5.5765600e-16  4.6459249e-16  -4.9491796e-16  
2.8504183e-16  1.0000000   1.1173000e-17  7.5025255e-17  -4.9086274e-16  -3.7217145e-16  3.7033996e-16  -4.1669680e-16  -3.9239394e-16  3.8484518e-17  1.5404692e-16  2.8504183e-16  1.0000000   1.1173000e-17  7.5025255e-17  -4.9086274e-16  -3.7217145e-16  3.7033996e-16  -4.1669680e-16  -3.9239394e-16  3.8484518e-17  1.5404692e-16  
-3.1959061e-16  1.1173000e-17  1.0000000   1.9295612e-16  6.3903850e-16  -7.4772045e-16  5.7435123e-16  -1.9936847e-16  -1.9071116e-16  -2.4166655e-16  -6.2345098e-16  -3.1959061e-16  1.1173000e-17  1.0000000   1.9295612e-16  6.3903850e-16  -7.4772045e-16  5.7435123e-16  -1.9936847e-16  -1.9071116e-16  -2.4166655e-16  -6.2345098e-16  
-4.7094990e-16  7.5025255e-17  1.9295612e-16  1.0000000   -2.7729508e-16  2.1555774e-16  -1.8387444e-16  -3.1152506e-16  -3.6881985e-16  1.6129413e-17  5.5254236e-17  -4.7094990e-16  7.5025255e-17  1.9295612e-16  1.0000000   -2.7729508e-16  2.1555774e-16  -1.8387444e-16  -3.1152506e-16  -3.6881985e-16  1.6129413e-17  5.5254236e-17  
1.7678319e-16  -4.9086274e-16  6.3903850e-16  -2.7729508e-16  1.0000000   7.4454196e-17  -3.1874681e-16  -2.0265157e-16  -2.6416988e-16  -2.9935817e-16  -1.5349762e-16  1.7678319e-16  -4.9086274e-16  6.3903850e-16  -2.7729508e-16  1.0000000   7.4454196e-17  -3.1874681e-16  -2.0265157e-16  -2.6416988e-16  -2.9935817e-16  -1.5349762e-16  
4.1301327e-18  -3.7217145e-16  -7.4772045e-16  2.1555774e-16  7.4454196e-17  1.0000000   -2.5928377e-16  8.8272692e-17  1.0980258e-16  -6.3522389e-17  -1.1108354e-15  4.1301327e-18  -3.7217145e-16  -7.4772045e-16  2.1555774e-16  7.4454196e-17  1.0000000   -2.5928377e-16  8.8272692e-17  1.0980258e-16  -6.3522389e-17  -1.1108354e-15  
2.9681305e-16  3.7033996e-16  5.7435123e-16  -1.8387444e-16  -3.1874681e-16  -2.5928377e-16  1.0000000   -1.5368248e-17  -2.9410466e-16  -1.4963853e-16  -1.6543189e-16  2.9681305e-16  3.7033996e-16  5.7435123e-16  -1.8387444e-16  -3.1874681e-16  -2.5928377e-16  1.0000000   -1.5368248e-17  -2.9410466e-16  -1.4963853e-16  -1.6543189e-16  
2.4045275e-16  -4.1669680e-16  -1.9936847e-16  -3.1152506e-16  -2.0265157e-16  8.8272692e-17  -1.5368248e-17  1.0000000   -1.1785871e-16  1.6131488e-16  3.1747007e-16  2.4045275e-16  -4.1669680e-16  -1.9936847e-16  -3.1152506e-16  -2.0265157e-16  8.8272692e-17  -1.5368248e-17  1.0000000   -1.1785871e-16  1.6131488e-16  3.1747007e-16  
-5.5765600e-16  -3.9239394e-16  -1.9071116e-16  -3.6881985e-16  -2.6416988e-16  1.0980258e-16  -2.9410466e-16  -1.1785871e-16  1.0000000   -1.5733129e-16  7.5315629e-17  -5.5765600e-16  -3.9239394e-16  -1.9071116e-16  -3.6881985e-16  -2.6416988e-16  1.0980258e-16  -2.9410466e-16  -1.1785871e-16  1.0000000   -1.5733129e-16  7.5315629e-17  
4.6459249e-16  3.8484518e-17  -2.4166655e-16  1.6129413e-17  -2.9935817e-16  -6.3522389e-17  -1.4963853e-16  1.6131488e-16  -1.5733129e-16  1.0000000   2.6646555e-16  4.6459249e-16  3.8484518e-17  -2.4166655e-16  1.6129413e-17  -2.9935817e-16  -6.3522389e-17  -1.4963853e-16  1.6131488e-16  -1.5733129e-16  1.0000000   2.6646555e-16  
-4.9491796e-16  1.5404692e-16  -6.2345098e-16  5.5254236e-17  -1.5349762e-16  -1.1108354e-15  -1.6543189e-16  3.1747007e-16  7.5315629e-17  2.6646555e-16  1.0000000   -4.9491796e-16  1.5404692e-16  -6.2345098e-16  5.5254236e-17  -1.5349762e-16  -1.1108354e-15  -1.6543189e-16  3.1747007e-16  7.5315629e-17  2.6646555e-16  1.0000000   
