0.0000000   -4.6848711e-07  -7.0454542e-07  -2.1105456e-06  3.2860692e-05  3.1514939e-05  -3.3644740e-05  4.9086593e-05  3.3562818e-05  3.9864795e-05  -9.9543755e-07  0.0000000   -4.6848711e-07  -7.0454542e-07  -2.1105456e-06  3.2860692e-05  3.1514939e-05  -3.3644740e-05  4.9086593e-05  3.3562818e-05  3.9864795e-05  -9.9543755e-07  
4.6848711e-07  0.0000000   0.00047624786  4.8051524e-05  1.9869341e-05  -1.2302825e-06  5.0099425e-08  -2.2006618e-06  2.7902560e-06  6.1080700e-07  -4.4664925e-05  4.6848711e-07  0.0000000   0.00047624786  4.8051524e-05  1.9869341e-05  -1.2302825e-06  5.0099425e-08  -2.2006618e-06  2.7902560e-06  6.1080700e-07  -4.4664925e-05  
7.0454542e-07  -0.00047624786  0.0000000   0.00047680405  3.8345597e-05  -5.8632212e-07  -4.9565728e-06  -4.3620864e-06  8.5938320e-06  5.3577884e-06  0.00010939507  7.0454542e-07  -0.00047624786  0.0000000   0.00047680405  3.8345597e-05  -5.8632212e-07  -4.9565728e-06  -4.3620864e-06  8.5938320e-06  5.3577884e-06  0.00010939507  
2.1105456e-06  -4.8051524e-05  -0.00047680405  0.0000000   -1.5636942e-05  3.1742603e-06  -8.8333865e-06  -5.5304560e-06  1.6306290e-05  1.8448641e-05  7.3696310e-05  2.1105456e-06  -4.8051524e-05  -0.00047680405  0.0000000   -1.5636942e-05  3.1742603e-06  -8.8333865e-06  -5.5304560e-06  1.6306290e-05  1.8448641e-05  7.3696310e-05  
-3.2860692e-05  -1.9869341e-05  -3.8345597e-05  1.5636942e-05  0.0000000   -3.3976242e-05  0.00012748637  7.3801670e-05  -0.00019468219  -0.00017449728  1.1422333e-05  -3.2860692e-05  -1.9869341e-05  -3.8345597e-05  1.5636942e-05  0.0000000   -3.3976242e-05  0.00012748637  7.3801670e-05  -0.00019468219  -0.00017449728  1.1422333e-05  
-3.1514939e-05  1.2302825e-06  5.8632212e-07  -3.1742603e-06  3.3976242e-05  0.0000000   0.00025393355  -0.00012242455  1.2378773e-05  0.00025117342  -3.3355835e-06  -3.1514939e-05  1.2302825e-06  5.8632212e-07  -3.1742603e-06  3.3976242e-05  0.0000000   0.00025393355  -0.00012242455  1.2378773e-05  0.00025117342  -3.3355835e-06  
3.3644740e-05  -5.0099425e-08  4.9565728e-06  8.8333865e-06  -0.00012748637  -0.00025393355  0.0000000   -2.9240111e-05  -5.7253997e-05  -0.00022709053  4.3582612e-06  3.3644740e-05  -5.0099425e-08  4.9565728e-06  8.8333865e-06  -0.00012748637  -0.00025393355  0.0000000   -2.9240111e-05  -5.7253997e-05  -0.00022709053  4.3582612e-06  
-4.9086593e-05  2.2006618e-06  4.3620864e-06  5.5304560e-06  -7.3801670e-05  0.00012242455  2.9240111e-05  0.0000000   -0.00039612181  -0.00040212865  3.5436473e-06  -4.9086593e-05  2.2006618e-06  4.3620864e-06  5.5304560e-06  -7.3801670e-05  0.00012242455  2.9240111e-05  0.0000000   -0.00039612181  -0.00040212865  3.5436473e-06  
-3.3562818e-05  -2.7902560e-06  -8.5938320e-06  -1.6306290e-05  0.00019468219  -1.2378773e-05  5.7253997e-05  0.00039612181  0.0000000   -0.00015429461  -1.0190184e-06  -3.3562818e-05  -2.7902560e-06  -8.5938320e-06  -1.6306290e-05  0.00019468219  -1.2378773e-05  5.7253997e-05  0.00039612181  0.0000000   -0.00015429461  -1.0190184e-06  
-3.9864795e-05  -6.1080700e-07  -5.3577884e-06  -1.8448641e-05  0.00017449728  -0.00025117342  0.00022709053  0.00040212865  0.00015429461  0.0000000   -7.7567859e-07  -3.9864795e-05  -6.1080700e-07  -5.3577884e-06  -1.8448641e-05  0.00017449728  -0.00025117342  0.00022709053  0.00040212865  0.00015429461  0.0000000   -7.7567859e-07  
9.9543755e-07  4.4664925e-05  -0.00010939507  -7.3696310e-05  -1.1422333e-05  3.3355835e-06  -4.3582612e-06  -3.5436473e-06  1.0190184e-06  7.7567859e-07  0.0000000   9.9543755e-07  4.4664925e-05  -0.00010939507  -7.3696310e-05  -1.1422333e-05  3.3355835e-06  -4.3582612e-06  -3.5436473e-06  1.0190184e-06  7.7567859e-07  0.0000000   
0.0000000   -4.6848711e-07  -7.0454542e-07  -2.1105456e-06  3.2860692e-05  3.1514939e-05  -3.3644740e-05  4.9086593e-05  3.3562818e-05  3.9864795e-05  -9.9543755e-07  0.0000000   -4.6848711e-07  -7.0454542e-07  -2.1105456e-06  3.2860692e-05  3.1514939e-05  -3.3644740e-05  4.9086593e-05  3.3562818e-05  3.9864795e-05  -9.9543755e-07  
4.6848711e-07  0.0000000   0.00047624786  4.8051524e-05  1.9869341e-05  -1.2302825e-06  5.0099425e-08  -2.2006618e-06  2.7902560e-06  6.1080700e-07  -4.4664925e-05  4.6848711e-07  0.0000000   0.00047624786  4.8051524e-05  1.9869341e-05  -1.2302825e-06  5.0099425e-08  -2.2006618e-06  2.7902560e-06  6.1080700e-07  -4.4664925e-05  
7.0454542e-07  -0.00047624786  0.0000000   0.00047680405  3.8345597e-05  -5.8632212e-07  -4.9565728e-06  -4.3620864e-06  8.5938320e-06  5.3577884e-06  0.00010939507  7.0454542e-07  -0.00047624786  0.0000000   0.00047680405  3.8345597e-05  -5.8632212e-07  -4.9565728e-06  -4.3620864e-06  8.5938320e-06  5.3577884e-06  0.00010939507  
2.1105456e-06  -4.8051524e-05  -0.00047680405  0.0000000   -1.5636942e-05  3.1742603e-06  -8.8333865e-06  -5.5304560e-06  1.6306290e-05  1.8448641e-05  7.3696310e-05  2.1105456e-06  -4.8051524e-05  -0.00047680405  0.0000000   -1.5636942e-05  3.1742603e-06  -8.8333865e-06  -5.5304560e-06  1.6306290e-05  1.8448641e-05  7.3696310e-05  
-3.2860692e-05  -1.9869341e-05  -3.8345597e-05  1.5636942e-05  0.0000000   -3.3976242e-05  0.00012748637  7.3801670e-05  -0.00019468219  -0.00017449728  1.1422333e-05  -3.2860692e-05  -1.9869341e-05  -3.8345597e-05  1.5636942e-05  0.0000000   -3.3976242e-05  0.00012748637  7.3801670e-05  -0.00019468219  -0.00017449728  1.1422333e-05  
-3.1514939e-05  1.2302825e-06  5.8632212e-07  -3.1742603e-06  3.3976242e-05  0.0000000   0.00025393355  -0.00012242455  1.2378773e-05  0.00025117342  -3.3355835e-06  -3.1514939e-05  1.2302825e-06  5.8632212e-07  -3.1742603e-06  3.3976242e-05  0.0000000   0.00025393355  -0.00012242455  1.2378773e-05  0.00025117342  -3.3355835e-06  
3.3644740e-05  -5.0099425e-08  4.9565728e-06  8.8333865e-06  -0.00012748637  -0.00025393355  0.0000000   -2.9240111e-05  -5.7253997e-05  -0.00022709053  4.3582612e-06  3.3644740e-05  -5.0099425e-08  4.9565728e-06  8.8333865e-06  -0.00012748637  -0.00025393355  0.0000000   -2.9240111e-05  -5.7253997e-05  -0.00022709053  4.3582612e-06  
-4.9086593e-05  2.2006618e-06  4.3620864e-06  5.5304560e-06  -7.3801670e-05  0.00012242455  2.9240111e-05  0.0000000   -0.00039612181  -0.00040212865  3.5436473e-06  -4.9086593e-05  2.2006618e-06  4.3620864e-06  5.5304560e-06  -7.3801670e-05  0.00012242455  2.9240111e-05  0.0000000   -0.00039612181  -0.00040212865  3.5436473e-06  
-3.3562818e-05  -2.7902560e-06  -8.5938320e-06  -1.6306290e-05  0.00019468219  -1.2378773e-05  5.7253997e-05  0.00039612181  0.0000000   -0.00015429461  -1.0190184e-06  -3.3562818e-05  -2.7902560e-06  -8.5938320e-06  -1.6306290e-05  0.00019468219  -1.2378773e-05  5.7253997e-05  0.00039612181  0.0000000   -0.00015429461  -1.0190184e-06  
-3.9864795e-05  -6.1080700e-07  -5.3577884e-06  -1.8448641e-05  0.00017449728  -0.00025117342  0.00022709053  0.00040212865  0.00015429461  0.0000000   -7.7567859e-07  -3.9864795e-05  -6.1080700e-07  -5.3577884e-06  -1.8448641e-05  0.00017449728  -0.00025117342  0.00022709053  0.00040212865  0.00015429461  0.0000000   -7.7567859e-07  
9.9543755e-07  4.4664925e-05  -0.00010939507  -7.3696310e-05  -1.1422333e-05  3.3355835e-06  -4.3582612e-06  -3.5436473e-06  1.0190184e-06  7.7567859e-07  0.0000000   9.9543755e-07  4.4664925e-05  -0.00010939507  -7.3696310e-05  -1.1422333e-05  3.3355835e-06  -4.3582612e-06  -3.5436473e-06  1.0190184e-06  7.7567859e-07  0.0000000   
