0.0000000   -0.0014005321  0.00015287539  5.3473139e-06  0.00013134107  -0.00010846561  5.8251209e-06  8.7771633e-05  8.3359855e-05  9.2672920e-06  -3.7838153e-08  0.0000000   -0.0014005321  0.00015287539  5.3473139e-06  0.00013134107  -0.00010846561  5.8251209e-06  8.7771633e-05  8.3359855e-05  9.2672920e-06  -3.7838153e-08  
0.0014005321  0.0000000   -0.0016991963  -1.9910900e-05  -9.4562710e-05  -0.00014027098  -4.2009758e-06  2.0344043e-05  1.9630277e-05  5.4599440e-05  7.5865594e-07  0.0014005321  0.0000000   -0.0016991963  -1.9910900e-05  -9.4562710e-05  -0.00014027098  -4.2009758e-06  2.0344043e-05  1.9630277e-05  5.4599440e-05  7.5865594e-07  
-0.00015287539  0.0016991963  0.0000000   -3.9607790e-06  -0.00055703465  0.00010049889  -6.4134362e-06  -7.2318474e-05  -7.7785491e-07  -2.9282571e-05  1.0509813e-06  -0.00015287539  0.0016991963  0.0000000   -3.9607790e-06  -0.00055703465  0.00010049889  -6.4134362e-06  -7.2318474e-05  -7.7785491e-07  -2.9282571e-05  1.0509813e-06  
-5.3473139e-06  1.9910900e-05  3.9607790e-06  0.0000000   -4.7992210e-06  1.6614928e-06  0.00018337877  -1.0433130e-06  9.0788394e-07  1.7462302e-06  9.8746854e-08  -5.3473139e-06  1.9910900e-05  3.9607790e-06  0.0000000   -4.7992210e-06  1.6614928e-06  0.00018337877  -1.0433130e-06  9.0788394e-07  1.7462302e-06  9.8746854e-08  
-0.00013134107  9.4562710e-05  0.00055703465  4.7992210e-06  0.0000000   0.00020788579  1.1295704e-06  9.3847105e-05  0.00016472583  1.3670584e-05  -2.4256367e-07  -0.00013134107  9.4562710e-05  0.00055703465  4.7992210e-06  0.0000000   0.00020788579  1.1295704e-06  9.3847105e-05  0.00016472583  1.3670584e-05  -2.4256367e-07  
0.00010846561  0.00014027098  -0.00010049889  -1.6614928e-06  -0.00020788579  0.0000000   3.5210480e-06  0.00055050427  -0.00015940404  0.00011155115  5.6340519e-06  0.00010846561  0.00014027098  -0.00010049889  -1.6614928e-06  -0.00020788579  0.0000000   3.5210480e-06  0.00055050427  -0.00015940404  0.00011155115  5.6340519e-06  
-5.8251209e-06  4.2009758e-06  6.4134362e-06  -0.00018337877  -1.1295704e-06  -3.5210480e-06  0.0000000   -4.7632643e-06  -5.3153706e-06  6.4094982e-06  -0.00017461718  -5.8251209e-06  4.2009758e-06  6.4134362e-06  -0.00018337877  -1.1295704e-06  -3.5210480e-06  0.0000000   -4.7632643e-06  -5.3153706e-06  6.4094982e-06  -0.00017461718  
-8.7771633e-05  -2.0344043e-05  7.2318474e-05  1.0433130e-06  -9.3847105e-05  -0.00055050427  4.7632643e-06  0.0000000   -0.00093622323  -0.00021966000  -1.2025698e-05  -8.7771633e-05  -2.0344043e-05  7.2318474e-05  1.0433130e-06  -9.3847105e-05  -0.00055050427  4.7632643e-06  0.0000000   -0.00093622323  -0.00021966000  -1.2025698e-05  
-8.3359855e-05  -1.9630277e-05  7.7785491e-07  -9.0788394e-07  -0.00016472583  0.00015940404  5.3153706e-06  0.00093622323  0.0000000   -0.00020623861  -4.4411843e-06  -8.3359855e-05  -1.9630277e-05  7.7785491e-07  -9.0788394e-07  -0.00016472583  0.00015940404  5.3153706e-06  0.00093622323  0.0000000   -0.00020623861  -4.4411843e-06  
-9.2672920e-06  -5.4599440e-05  2.9282571e-05  -1.7462302e-06  -1.3670584e-05  -0.00011155115  -6.4094982e-06  0.00021966000  0.00020623861  0.0000000   3.8942848e-06  -9.2672920e-06  -5.4599440e-05  2.9282571e-05  -1.7462302e-06  -1.3670584e-05  -0.00011155115  -6.4094982e-06  0.00021966000  0.00020623861  0.0000000   3.8942848e-06  
3.7838153e-08  -7.5865594e-07  -1.0509813e-06  -9.8746854e-08  2.4256367e-07  -5.6340519e-06  0.00017461718  1.2025698e-05  4.4411843e-06  -3.8942848e-06  0.0000000   3.7838153e-08  -7.5865594e-07  -1.0509813e-06  -9.8746854e-08  2.4256367e-07  -5.6340519e-06  0.00017461718  1.2025698e-05  4.4411843e-06  -3.8942848e-06  0.0000000   
0.0000000   -0.0014005321  0.00015287539  5.3473139e-06  0.00013134107  -0.00010846561  5.8251209e-06  8.7771633e-05  8.3359855e-05  9.2672920e-06  -3.7838153e-08  0.0000000   -0.0014005321  0.00015287539  5.3473139e-06  0.00013134107  -0.00010846561  5.8251209e-06  8.7771633e-05  8.3359855e-05  9.2672920e-06  -3.7838153e-08  
0.0014005321  0.0000000   -0.0016991963  -1.9910900e-05  -9.4562710e-05  -0.00014027098  -4.2009758e-06  2.0344043e-05  1.9630277e-05  5.4599440e-05  7.5865594e-07  0.0014005321  0.0000000   -0.0016991963  -1.9910900e-05  -9.4562710e-05  -0.00014027098  -4.2009758e-06  2.0344043e-05  1.9630277e-05  5.4599440e-05  7.5865594e-07  
-0.00015287539  0.0016991963  0.0000000   -3.9607790e-06  -0.00055703465  0.00010049889  -6.4134362e-06  -7.2318474e-05  -7.7785491e-07  -2.9282571e-05  1.0509813e-06  -0.00015287539  0.0016991963  0.0000000   -3.9607790e-06  -0.00055703465  0.00010049889  -6.4134362e-06  -7.2318474e-05  -7.7785491e-07  -2.9282571e-05  1.0509813e-06  
-5.3473139e-06  1.9910900e-05  3.9607790e-06  0.0000000   -4.7992210e-06  1.6614928e-06  0.00018337877  -1.0433130e-06  9.0788394e-07  1.7462302e-06  9.8746854e-08  -5.3473139e-06  1.9910900e-05  3.9607790e-06  0.0000000   -4.7992210e-06  1.6614928e-06  0.00018337877  -1.0433130e-06  9.0788394e-07  1.7462302e-06  9.8746854e-08  
-0.00013134107  9.4562710e-05  0.00055703465  4.7992210e-06  0.0000000   0.00020788579  1.1295704e-06  9.3847105e-05  0.00016472583  1.3670584e-05  -2.4256367e-07  -0.00013134107  9.4562710e-05  0.00055703465  4.7992210e-06  0.0000000   0.00020788579  1.1295704e-06  9.3847105e-05  0.00016472583  1.3670584e-05  -2.4256367e-07  
0.00010846561  0.00014027098  -0.00010049889  -1.6614928e-06  -0.00020788579  0.0000000   3.5210480e-06  0.00055050427  -0.00015940404  0.00011155115  5.6340519e-06  0.00010846561  0.00014027098  -0.00010049889  -1.6614928e-06  -0.00020788579  0.0000000   3.5210480e-06  0.00055050427  -0.00015940404  0.00011155115  5.6340519e-06  
-5.8251209e-06  4.2009758e-06  6.4134362e-06  -0.00018337877  -1.1295704e-06  -3.5210480e-06  0.0000000   -4.7632643e-06  -5.3153706e-06  6.4094982e-06  -0.00017461718  -5.8251209e-06  4.2009758e-06  6.4134362e-06  -0.00018337877  -1.1295704e-06  -3.5210480e-06  0.0000000   -4.7632643e-06  -5.3153706e-06  6.4094982e-06  -0.00017461718  
-8.7771633e-05  -2.0344043e-05  7.2318474e-05  1.0433130e-06  -9.3847105e-05  -0.00055050427  4.7632643e-06  0.0000000   -0.00093622323  -0.00021966000  -1.2025698e-05  -8.7771633e-05  -2.0344043e-05  7.2318474e-05  1.0433130e-06  -9.3847105e-05  -0.00055050427  4.7632643e-06  0.0000000   -0.00093622323  -0.00021966000  -1.2025698e-05  
-8.3359855e-05  -1.9630277e-05  7.7785491e-07  -9.0788394e-07  -0.00016472583  0.00015940404  5.3153706e-06  0.00093622323  0.0000000   -0.00020623861  -4.4411843e-06  -8.3359855e-05  -1.9630277e-05  7.7785491e-07  -9.0788394e-07  -0.00016472583  0.00015940404  5.3153706e-06  0.00093622323  0.0000000   -0.00020623861  -4.4411843e-06  
-9.2672920e-06  -5.4599440e-05  2.9282571e-05  -1.7462302e-06  -1.3670584e-05  -0.00011155115  -6.4094982e-06  0.00021966000  0.00020623861  0.0000000   3.8942848e-06  -9.2672920e-06  -5.4599440e-05  2.9282571e-05  -1.7462302e-06  -1.3670584e-05  -0.00011155115  -6.4094982e-06  0.00021966000  0.00020623861  0.0000000   3.8942848e-06  
3.7838153e-08  -7.5865594e-07  -1.0509813e-06  -9.8746854e-08  2.4256367e-07  -5.6340519e-06  0.00017461718  1.2025698e-05  4.4411843e-06  -3.8942848e-06  0.0000000   3.7838153e-08  -7.5865594e-07  -1.0509813e-06  -9.8746854e-08  2.4256367e-07  -5.6340519e-06  0.00017461718  1.2025698e-05  4.4411843e-06  -3.8942848e-06  0.0000000   
