0.0000000   0.00064218588  9.3796622e-08  0.00016602395  -9.3760881e-07  -2.2119873e-06  -1.0315629e-06  4.1126786e-07  2.7934022e-05  5.1488073e-07  -1.1486517e-06  0.0000000   0.00064218588  9.3796622e-08  0.00016602395  -9.3760881e-07  -2.2119873e-06  -1.0315629e-06  4.1126786e-07  2.7934022e-05  5.1488073e-07  -1.1486517e-06  
-0.00064218588  0.0000000   -8.2798792e-08  -0.00016232189  -3.5888282e-05  2.1909352e-06  -5.7271034e-07  3.0479506e-08  4.2371500e-05  5.0241930e-07  -3.8694935e-07  -0.00064218588  0.0000000   -8.2798792e-08  -0.00016232189  -3.5888282e-05  2.1909352e-06  -5.7271034e-07  3.0479506e-08  4.2371500e-05  5.0241930e-07  -3.8694935e-07  
-9.3796622e-08  8.2798792e-08  0.0000000   3.6345667e-06  4.3046076e-06  -6.8700692e-05  2.9932834e-05  -0.00010930633  3.3051819e-06  -2.2786478e-05  9.9970671e-05  -9.3796622e-08  8.2798792e-08  0.0000000   3.6345667e-06  4.3046076e-06  -6.8700692e-05  2.9932834e-05  -0.00010930633  3.3051819e-06  -2.2786478e-05  9.9970671e-05  
-0.00016602395  0.00016232189  -3.6345667e-06  0.0000000   -0.00057358760  2.4240626e-06  -3.2161172e-07  7.0956034e-07  2.7928577e-05  -1.3902525e-06  1.1786997e-06  -0.00016602395  0.00016232189  -3.6345667e-06  0.0000000   -0.00057358760  2.4240626e-06  -3.2161172e-07  7.0956034e-07  2.7928577e-05  -1.3902525e-06  1.1786997e-06  
9.3760881e-07  3.5888282e-05  -4.3046076e-06  0.00057358760  0.0000000   -1.7181941e-06  -1.4310524e-06  -3.7605283e-06  -7.0522337e-05  -2.7410401e-06  -1.3098429e-06  9.3760881e-07  3.5888282e-05  -4.3046076e-06  0.00057358760  0.0000000   -1.7181941e-06  -1.4310524e-06  -3.7605283e-06  -7.0522337e-05  -2.7410401e-06  -1.3098429e-06  
2.2119873e-06  -2.1909352e-06  6.8700692e-05  -2.4240626e-06  1.7181941e-06  0.0000000   -6.4810700e-05  -0.00032321542  1.6813115e-05  -0.00020803075  -0.00012750941  2.2119873e-06  -2.1909352e-06  6.8700692e-05  -2.4240626e-06  1.7181941e-06  0.0000000   -6.4810700e-05  -0.00032321542  1.6813115e-05  -0.00020803075  -0.00012750941  
1.0315629e-06  5.7271034e-07  -2.9932834e-05  3.2161172e-07  1.4310524e-06  6.4810700e-05  0.0000000   -0.00022594112  8.7119007e-06  9.0160610e-05  0.00042493274  1.0315629e-06  5.7271034e-07  -2.9932834e-05  3.2161172e-07  1.4310524e-06  6.4810700e-05  0.0000000   -0.00022594112  8.7119007e-06  9.0160610e-05  0.00042493274  
-4.1126786e-07  -3.0479506e-08  0.00010930633  -7.0956034e-07  3.7605283e-06  0.00032321542  0.00022594112  0.0000000   -3.2906796e-06  -0.00010727345  -1.9679761e-05  -4.1126786e-07  -3.0479506e-08  0.00010930633  -7.0956034e-07  3.7605283e-06  0.00032321542  0.00022594112  0.0000000   -3.2906796e-06  -0.00010727345  -1.9679761e-05  
-2.7934022e-05  -4.2371500e-05  -3.3051819e-06  -2.7928577e-05  7.0522337e-05  -1.6813115e-05  -8.7119007e-06  3.2906796e-06  0.0000000   7.4860909e-06  -4.9134020e-06  -2.7934022e-05  -4.2371500e-05  -3.3051819e-06  -2.7928577e-05  7.0522337e-05  -1.6813115e-05  -8.7119007e-06  3.2906796e-06  0.0000000   7.4860909e-06  -4.9134020e-06  
-5.1488073e-07  -5.0241930e-07  2.2786478e-05  1.3902525e-06  2.7410401e-06  0.00020803075  -9.0160610e-05  0.00010727345  -7.4860909e-06  0.0000000   0.00045527970  -5.1488073e-07  -5.0241930e-07  2.2786478e-05  1.3902525e-06  2.7410401e-06  0.00020803075  -9.0160610e-05  0.00010727345  -7.4860909e-06  0.0000000   0.00045527970  
1.1486517e-06  3.8694935e-07  -9.9970671e-05  -1.1786997e-06  1.3098429e-06  0.00012750941  -0.00042493274  1.9679761e-05  4.9134020e-06  -0.00045527970  0.0000000   1.1486517e-06  3.8694935e-07  -9.9970671e-05  -1.1786997e-06  1.3098429e-06  0.00012750941  -0.00042493274  1.9679761e-05  4.9134020e-06  -0.00045527970  0.0000000   
0.0000000   0.00064218588  9.3796622e-08  0.00016602395  -9.3760881e-07  -2.2119873e-06  -1.0315629e-06  4.1126786e-07  2.7934022e-05  5.1488073e-07  -1.1486517e-06  0.0000000   0.00064218588  9.3796622e-08  0.00016602395  -9.3760881e-07  -2.2119873e-06  -1.0315629e-06  4.1126786e-07  2.7934022e-05  5.1488073e-07  -1.1486517e-06  
-0.00064218588  0.0000000   -8.2798792e-08  -0.00016232189  -3.5888282e-05  2.1909352e-06  -5.7271034e-07  3.0479506e-08  4.2371500e-05  5.0241930e-07  -3.8694935e-07  -0.00064218588  0.0000000   -8.2798792e-08  -0.00016232189  -3.5888282e-05  2.1909352e-06  -5.7271034e-07  3.0479506e-08  4.2371500e-05  5.0241930e-07  -3.8694935e-07  
-9.3796622e-08  8.2798792e-08  0.0000000   3.6345667e-06  4.3046076e-06  -6.8700692e-05  2.9932834e-05  -0.00010930633  3.3051819e-06  -2.2786478e-05  9.9970671e-05  -9.3796622e-08  8.2798792e-08  0.0000000   3.6345667e-06  4.3046076e-06  -6.8700692e-05  2.9932834e-05  -0.00010930633  3.3051819e-06  -2.2786478e-05  9.9970671e-05  
-0.00016602395  0.00016232189  -3.6345667e-06  0.0000000   -0.00057358760  2.4240626e-06  -3.2161172e-07  7.0956034e-07  2.7928577e-05  -1.3902525e-06  1.1786997e-06  -0.00016602395  0.00016232189  -3.6345667e-06  0.0000000   -0.00057358760  2.4240626e-06  -3.2161172e-07  7.0956034e-07  2.7928577e-05  -1.3902525e-06  1.1786997e-06  
9.3760881e-07  3.5888282e-05  -4.3046076e-06  0.00057358760  0.0000000   -1.7181941e-06  -1.4310524e-06  -3.7605283e-06  -7.0522337e-05  -2.7410401e-06  -1.3098429e-06  9.3760881e-07  3.5888282e-05  -4.3046076e-06  0.00057358760  0.0000000   -1.7181941e-06  -1.4310524e-06  -3.7605283e-06  -7.0522337e-05  -2.7410401e-06  -1.3098429e-06  
2.2119873e-06  -2.1909352e-06  6.8700692e-05  -2.4240626e-06  1.7181941e-06  0.0000000   -6.4810700e-05  -0.00032321542  1.6813115e-05  -0.00020803075  -0.00012750941  2.2119873e-06  -2.1909352e-06  6.8700692e-05  -2.4240626e-06  1.7181941e-06  0.0000000   -6.4810700e-05  -0.00032321542  1.6813115e-05  -0.00020803075  -0.00012750941  
1.0315629e-06  5.7271034e-07  -2.9932834e-05  3.2161172e-07  1.4310524e-06  6.4810700e-05  0.0000000   -0.00022594112  8.7119007e-06  9.0160610e-05  0.00042493274  1.0315629e-06  5.7271034e-07  -2.9932834e-05  3.2161172e-07  1.4310524e-06  6.4810700e-05  0.0000000   -0.00022594112  8.7119007e-06  9.0160610e-05  0.00042493274  
-4.1126786e-07  -3.0479506e-08  0.00010930633  -7.0956034e-07  3.7605283e-06  0.00032321542  0.00022594112  0.0000000   -3.2906796e-06  -0.00010727345  -1.9679761e-05  -4.1126786e-07  -3.0479506e-08  0.00010930633  -7.0956034e-07  3.7605283e-06  0.00032321542  0.00022594112  0.0000000   -3.2906796e-06  -0.00010727345  -1.9679761e-05  
-2.7934022e-05  -4.2371500e-05  -3.3051819e-06  -2.7928577e-05  7.0522337e-05  -1.6813115e-05  -8.7119007e-06  3.2906796e-06  0.0000000   7.4860909e-06  -4.9134020e-06  -2.7934022e-05  -4.2371500e-05  -3.3051819e-06  -2.7928577e-05  7.0522337e-05  -1.6813115e-05  -8.7119007e-06  3.2906796e-06  0.0000000   7.4860909e-06  -4.9134020e-06  
-5.1488073e-07  -5.0241930e-07  2.2786478e-05  1.3902525e-06  2.7410401e-06  0.00020803075  -9.0160610e-05  0.00010727345  -7.4860909e-06  0.0000000   0.00045527970  -5.1488073e-07  -5.0241930e-07  2.2786478e-05  1.3902525e-06  2.7410401e-06  0.00020803075  -9.0160610e-05  0.00010727345  -7.4860909e-06  0.0000000   0.00045527970  
1.1486517e-06  3.8694935e-07  -9.9970671e-05  -1.1786997e-06  1.3098429e-06  0.00012750941  -0.00042493274  1.9679761e-05  4.9134020e-06  -0.00045527970  0.0000000   1.1486517e-06  3.8694935e-07  -9.9970671e-05  -1.1786997e-06  1.3098429e-06  0.00012750941  -0.00042493274  1.9679761e-05  4.9134020e-06  -0.00045527970  0.0000000   
