0.0000000   0.00019854377  5.9001333e-05  -0.00012047923  -1.1874376e-05  -5.1963875e-07  8.1446267e-05  -8.4230768e-05  4.6348495e-06  -6.7534991e-06  -5.1860770e-05  0.0000000   0.00019854377  5.9001333e-05  -0.00012047923  -1.1874376e-05  -5.1963875e-07  8.1446267e-05  -8.4230768e-05  4.6348495e-06  -6.7534991e-06  -5.1860770e-05  
-0.00019854377  0.0000000   0.00029917483  -7.4058860e-05  -4.3850716e-06  6.3886143e-07  0.00012493632  1.0386957e-05  3.3194373e-07  -9.1414865e-06  -7.0499262e-05  -0.00019854377  0.0000000   0.00029917483  -7.4058860e-05  -4.3850716e-06  6.3886143e-07  0.00012493632  1.0386957e-05  3.3194373e-07  -9.1414865e-06  -7.0499262e-05  
-5.9001333e-05  -0.00029917483  0.0000000   0.00044413809  -0.00045187852  1.9072368e-06  -5.5729497e-05  -5.1749177e-05  6.6739810e-07  1.4262232e-05  9.7779641e-05  -5.9001333e-05  -0.00029917483  0.0000000   0.00044413809  -0.00045187852  1.9072368e-06  -5.5729497e-05  -5.1749177e-05  6.6739810e-07  1.4262232e-05  9.7779641e-05  
0.00012047923  7.4058860e-05  -0.00044413809  0.0000000   0.00046381130  -1.9185205e-06  4.3923552e-05  -8.9416606e-05  2.7892888e-06  -4.6397090e-05  -1.6270231e-05  0.00012047923  7.4058860e-05  -0.00044413809  0.0000000   0.00046381130  -1.9185205e-06  4.3923552e-05  -8.9416606e-05  2.7892888e-06  -4.6397090e-05  -1.6270231e-05  
1.1874376e-05  4.3850716e-06  0.00045187852  -0.00046381130  0.0000000   2.9837982e-07  -3.6549376e-07  0.00015904716  -8.9999676e-06  7.8839828e-05  -4.0158938e-06  1.1874376e-05  4.3850716e-06  0.00045187852  -0.00046381130  0.0000000   2.9837982e-07  -3.6549376e-07  0.00015904716  -8.9999676e-06  7.8839828e-05  -4.0158938e-06  
5.1963875e-07  -6.3886143e-07  -1.9072368e-06  1.9185205e-06  -2.9837982e-07  0.0000000   1.6270530e-06  -3.1465978e-05  -0.00044697671  5.0573344e-06  -3.4302076e-06  5.1963875e-07  -6.3886143e-07  -1.9072368e-06  1.9185205e-06  -2.9837982e-07  0.0000000   1.6270530e-06  -3.1465978e-05  -0.00044697671  5.0573344e-06  -3.4302076e-06  
-8.1446267e-05  -0.00012493632  5.5729497e-05  -4.3923552e-05  3.6549376e-07  -1.6270530e-06  0.0000000   -0.00021507471  1.5607530e-05  6.4460615e-05  -7.6989319e-05  -8.1446267e-05  -0.00012493632  5.5729497e-05  -4.3923552e-05  3.6549376e-07  -1.6270530e-06  0.0000000   -0.00021507471  1.5607530e-05  6.4460615e-05  -7.6989319e-05  
8.4230768e-05  -1.0386957e-05  5.1749177e-05  8.9416606e-05  -0.00015904716  3.1465978e-05  0.00021507471  0.0000000   5.7762781e-06  -0.00010295105  -1.4917836e-05  8.4230768e-05  -1.0386957e-05  5.1749177e-05  8.9416606e-05  -0.00015904716  3.1465978e-05  0.00021507471  0.0000000   5.7762781e-06  -0.00010295105  -1.4917836e-05  
-4.6348495e-06  -3.3194373e-07  -6.6739810e-07  -2.7892888e-06  8.9999676e-06  0.00044697671  -1.5607530e-05  -5.7762781e-06  0.0000000   5.2656529e-06  -2.5205753e-06  -4.6348495e-06  -3.3194373e-07  -6.6739810e-07  -2.7892888e-06  8.9999676e-06  0.00044697671  -1.5607530e-05  -5.7762781e-06  0.0000000   5.2656529e-06  -2.5205753e-06  
6.7534991e-06  9.1414865e-06  -1.4262232e-05  4.6397090e-05  -7.8839828e-05  -5.0573344e-06  -6.4460615e-05  0.00010295105  -5.2656529e-06  0.0000000   -0.00026132575  6.7534991e-06  9.1414865e-06  -1.4262232e-05  4.6397090e-05  -7.8839828e-05  -5.0573344e-06  -6.4460615e-05  0.00010295105  -5.2656529e-06  0.0000000   -0.00026132575  
5.1860770e-05  7.0499262e-05  -9.7779641e-05  1.6270231e-05  4.0158938e-06  3.4302076e-06  7.6989319e-05  1.4917836e-05  2.5205753e-06  0.00026132575  0.0000000   5.1860770e-05  7.0499262e-05  -9.7779641e-05  1.6270231e-05  4.0158938e-06  3.4302076e-06  7.6989319e-05  1.4917836e-05  2.5205753e-06  0.00026132575  0.0000000   
0.0000000   0.00019854377  5.9001333e-05  -0.00012047923  -1.1874376e-05  -5.1963875e-07  8.1446267e-05  -8.4230768e-05  4.6348495e-06  -6.7534991e-06  -5.1860770e-05  0.0000000   0.00019854377  5.9001333e-05  -0.00012047923  -1.1874376e-05  -5.1963875e-07  8.1446267e-05  -8.4230768e-05  4.6348495e-06  -6.7534991e-06  -5.1860770e-05  
-0.00019854377  0.0000000   0.00029917483  -7.4058860e-05  -4.3850716e-06  6.3886143e-07  0.00012493632  1.0386957e-05  3.3194373e-07  -9.1414865e-06  -7.0499262e-05  -0.00019854377  0.0000000   0.00029917483  -7.4058860e-05  -4.3850716e-06  6.3886143e-07  0.00012493632  1.0386957e-05  3.3194373e-07  -9.1414865e-06  -7.0499262e-05  
-5.9001333e-05  -0.00029917483  0.0000000   0.00044413809  -0.00045187852  1.9072368e-06  -5.5729497e-05  -5.1749177e-05  6.6739810e-07  1.4262232e-05  9.7779641e-05  -5.9001333e-05  -0.00029917483  0.0000000   0.00044413809  -0.00045187852  1.9072368e-06  -5.5729497e-05  -5.1749177e-05  6.6739810e-07  1.4262232e-05  9.7779641e-05  
0.00012047923  7.4058860e-05  -0.00044413809  0.0000000   0.00046381130  -1.9185205e-06  4.3923552e-05  -8.9416606e-05  2.7892888e-06  -4.6397090e-05  -1.6270231e-05  0.00012047923  7.4058860e-05  -0.00044413809  0.0000000   0.00046381130  -1.9185205e-06  4.3923552e-05  -8.9416606e-05  2.7892888e-06  -4.6397090e-05  -1.6270231e-05  
1.1874376e-05  4.3850716e-06  0.00045187852  -0.00046381130  0.0000000   2.9837982e-07  -3.6549376e-07  0.00015904716  -8.9999676e-06  7.8839828e-05  -4.0158938e-06  1.1874376e-05  4.3850716e-06  0.00045187852  -0.00046381130  0.0000000   2.9837982e-07  -3.6549376e-07  0.00015904716  -8.9999676e-06  7.8839828e-05  -4.0158938e-06  
5.1963875e-07  -6.3886143e-07  -1.9072368e-06  1.9185205e-06  -2.9837982e-07  0.0000000   1.6270530e-06  -3.1465978e-05  -0.00044697671  5.0573344e-06  -3.4302076e-06  5.1963875e-07  -6.3886143e-07  -1.9072368e-06  1.9185205e-06  -2.9837982e-07  0.0000000   1.6270530e-06  -3.1465978e-05  -0.00044697671  5.0573344e-06  -3.4302076e-06  
-8.1446267e-05  -0.00012493632  5.5729497e-05  -4.3923552e-05  3.6549376e-07  -1.6270530e-06  0.0000000   -0.00021507471  1.5607530e-05  6.4460615e-05  -7.6989319e-05  -8.1446267e-05  -0.00012493632  5.5729497e-05  -4.3923552e-05  3.6549376e-07  -1.6270530e-06  0.0000000   -0.00021507471  1.5607530e-05  6.4460615e-05  -7.6989319e-05  
8.4230768e-05  -1.0386957e-05  5.1749177e-05  8.9416606e-05  -0.00015904716  3.1465978e-05  0.00021507471  0.0000000   5.7762781e-06  -0.00010295105  -1.4917836e-05  8.4230768e-05  -1.0386957e-05  5.1749177e-05  8.9416606e-05  -0.00015904716  3.1465978e-05  0.00021507471  0.0000000   5.7762781e-06  -0.00010295105  -1.4917836e-05  
-4.6348495e-06  -3.3194373e-07  -6.6739810e-07  -2.7892888e-06  8.9999676e-06  0.00044697671  -1.5607530e-05  -5.7762781e-06  0.0000000   5.2656529e-06  -2.5205753e-06  -4.6348495e-06  -3.3194373e-07  -6.6739810e-07  -2.7892888e-06  8.9999676e-06  0.00044697671  -1.5607530e-05  -5.7762781e-06  0.0000000   5.2656529e-06  -2.5205753e-06  
6.7534991e-06  9.1414865e-06  -1.4262232e-05  4.6397090e-05  -7.8839828e-05  -5.0573344e-06  -6.4460615e-05  0.00010295105  -5.2656529e-06  0.0000000   -0.00026132575  6.7534991e-06  9.1414865e-06  -1.4262232e-05  4.6397090e-05  -7.8839828e-05  -5.0573344e-06  -6.4460615e-05  0.00010295105  -5.2656529e-06  0.0000000   -0.00026132575  
5.1860770e-05  7.0499262e-05  -9.7779641e-05  1.6270231e-05  4.0158938e-06  3.4302076e-06  7.6989319e-05  1.4917836e-05  2.5205753e-06  0.00026132575  0.0000000   5.1860770e-05  7.0499262e-05  -9.7779641e-05  1.6270231e-05  4.0158938e-06  3.4302076e-06  7.6989319e-05  1.4917836e-05  2.5205753e-06  0.00026132575  0.0000000   
