0.0000000   3.0537418e-05  -2.0019020e-07  3.8022916e-05  -2.7114595e-06  -7.1913959e-05  -4.4545768e-05  -4.3087124e-05  -1.7379848e-05  1.7703428e-07  9.4946233e-06  0.0000000   3.0537418e-05  -2.0019020e-07  3.8022916e-05  -2.7114595e-06  -7.1913959e-05  -4.4545768e-05  -4.3087124e-05  -1.7379848e-05  1.7703428e-07  9.4946233e-06  
-3.0537418e-05  0.0000000   -1.3380640e-06  3.1573900e-05  -3.1957899e-06  3.3005659e-05  -3.5009283e-05  -0.00021641489  -3.2858981e-05  1.9011721e-06  -6.5507692e-05  -3.0537418e-05  0.0000000   -1.3380640e-06  3.1573900e-05  -3.1957899e-06  3.3005659e-05  -3.5009283e-05  -0.00021641489  -3.2858981e-05  1.9011721e-06  -6.5507692e-05  
2.0019020e-07  1.3380640e-06  0.0000000   4.2452947e-05  0.00058220299  -2.6847598e-06  -1.6705236e-06  1.8497700e-06  -1.4554029e-06  -0.00012836404  -7.8266221e-07  2.0019020e-07  1.3380640e-06  0.0000000   4.2452947e-05  0.00058220299  -2.6847598e-06  -1.6705236e-06  1.8497700e-06  -1.4554029e-06  -0.00012836404  -7.8266221e-07  
-3.8022916e-05  -3.1573900e-05  -4.2452947e-05  0.0000000   -1.3328858e-05  0.00012468525  3.3034951e-05  4.9817752e-05  -9.0438216e-05  2.5367129e-05  -6.5914446e-05  -3.8022916e-05  -3.1573900e-05  -4.2452947e-05  0.0000000   -1.3328858e-05  0.00012468525  3.3034951e-05  4.9817752e-05  -9.0438216e-05  2.5367129e-05  -6.5914446e-05  
2.7114595e-06  3.1957899e-06  -0.00058220299  1.3328858e-05  0.0000000   -1.1401572e-05  3.0760899e-06  -5.7261080e-06  6.8088340e-06  0.00031455984  6.7465870e-06  2.7114595e-06  3.1957899e-06  -0.00058220299  1.3328858e-05  0.0000000   -1.1401572e-05  3.0760899e-06  -5.7261080e-06  6.8088340e-06  0.00031455984  6.7465870e-06  
7.1913959e-05  -3.3005659e-05  2.6847598e-06  -0.00012468525  1.1401572e-05  0.0000000   0.00040668223  -0.00012549678  -8.2028568e-05  -4.7042032e-06  3.8598163e-05  7.1913959e-05  -3.3005659e-05  2.6847598e-06  -0.00012468525  1.1401572e-05  0.0000000   0.00040668223  -0.00012549678  -8.2028568e-05  -4.7042032e-06  3.8598163e-05  
4.4545768e-05  3.5009283e-05  1.6705236e-06  -3.3034951e-05  -3.0760899e-06  -0.00040668223  0.0000000   -0.00011673981  0.00025495282  -2.9054580e-07  -6.7644035e-05  4.4545768e-05  3.5009283e-05  1.6705236e-06  -3.3034951e-05  -3.0760899e-06  -0.00040668223  0.0000000   -0.00011673981  0.00025495282  -2.9054580e-07  -6.7644035e-05  
4.3087124e-05  0.00021641489  -1.8497700e-06  -4.9817752e-05  5.7261080e-06  0.00012549678  0.00011673981  0.0000000   -0.00038272235  -2.5599381e-07  -2.3977302e-05  4.3087124e-05  0.00021641489  -1.8497700e-06  -4.9817752e-05  5.7261080e-06  0.00012549678  0.00011673981  0.0000000   -0.00038272235  -2.5599381e-07  -2.3977302e-05  
1.7379848e-05  3.2858981e-05  1.4554029e-06  9.0438216e-05  -6.8088340e-06  8.2028568e-05  -0.00025495282  0.00038272235  0.0000000   4.3381082e-07  6.6892058e-05  1.7379848e-05  3.2858981e-05  1.4554029e-06  9.0438216e-05  -6.8088340e-06  8.2028568e-05  -0.00025495282  0.00038272235  0.0000000   4.3381082e-07  6.6892058e-05  
-1.7703428e-07  -1.9011721e-06  0.00012836404  -2.5367129e-05  -0.00031455984  4.7042032e-06  2.9054580e-07  2.5599381e-07  -4.3381082e-07  0.0000000   -1.1401925e-06  -1.7703428e-07  -1.9011721e-06  0.00012836404  -2.5367129e-05  -0.00031455984  4.7042032e-06  2.9054580e-07  2.5599381e-07  -4.3381082e-07  0.0000000   -1.1401925e-06  
-9.4946233e-06  6.5507692e-05  7.8266221e-07  6.5914446e-05  -6.7465870e-06  -3.8598163e-05  6.7644035e-05  2.3977302e-05  -6.6892058e-05  1.1401925e-06  0.0000000   -9.4946233e-06  6.5507692e-05  7.8266221e-07  6.5914446e-05  -6.7465870e-06  -3.8598163e-05  6.7644035e-05  2.3977302e-05  -6.6892058e-05  1.1401925e-06  0.0000000   
0.0000000   3.0537418e-05  -2.0019020e-07  3.8022916e-05  -2.7114595e-06  -7.1913959e-05  -4.4545768e-05  -4.3087124e-05  -1.7379848e-05  1.7703428e-07  9.4946233e-06  0.0000000   3.0537418e-05  -2.0019020e-07  3.8022916e-05  -2.7114595e-06  -7.1913959e-05  -4.4545768e-05  -4.3087124e-05  -1.7379848e-05  1.7703428e-07  9.4946233e-06  
-3.0537418e-05  0.0000000   -1.3380640e-06  3.1573900e-05  -3.1957899e-06  3.3005659e-05  -3.5009283e-05  -0.00021641489  -3.2858981e-05  1.9011721e-06  -6.5507692e-05  -3.0537418e-05  0.0000000   -1.3380640e-06  3.1573900e-05  -3.1957899e-06  3.3005659e-05  -3.5009283e-05  -0.00021641489  -3.2858981e-05  1.9011721e-06  -6.5507692e-05  
2.0019020e-07  1.3380640e-06  0.0000000   4.2452947e-05  0.00058220299  -2.6847598e-06  -1.6705236e-06  1.8497700e-06  -1.4554029e-06  -0.00012836404  -7.8266221e-07  2.0019020e-07  1.3380640e-06  0.0000000   4.2452947e-05  0.00058220299  -2.6847598e-06  -1.6705236e-06  1.8497700e-06  -1.4554029e-06  -0.00012836404  -7.8266221e-07  
-3.8022916e-05  -3.1573900e-05  -4.2452947e-05  0.0000000   -1.3328858e-05  0.00012468525  3.3034951e-05  4.9817752e-05  -9.0438216e-05  2.5367129e-05  -6.5914446e-05  -3.8022916e-05  -3.1573900e-05  -4.2452947e-05  0.0000000   -1.3328858e-05  0.00012468525  3.3034951e-05  4.9817752e-05  -9.0438216e-05  2.5367129e-05  -6.5914446e-05  
2.7114595e-06  3.1957899e-06  -0.00058220299  1.3328858e-05  0.0000000   -1.1401572e-05  3.0760899e-06  -5.7261080e-06  6.8088340e-06  0.00031455984  6.7465870e-06  2.7114595e-06  3.1957899e-06  -0.00058220299  1.3328858e-05  0.0000000   -1.1401572e-05  3.0760899e-06  -5.7261080e-06  6.8088340e-06  0.00031455984  6.7465870e-06  
7.1913959e-05  -3.3005659e-05  2.6847598e-06  -0.00012468525  1.1401572e-05  0.0000000   0.00040668223  -0.00012549678  -8.2028568e-05  -4.7042032e-06  3.8598163e-05  7.1913959e-05  -3.3005659e-05  2.6847598e-06  -0.00012468525  1.1401572e-05  0.0000000   0.00040668223  -0.00012549678  -8.2028568e-05  -4.7042032e-06  3.8598163e-05  
4.4545768e-05  3.5009283e-05  1.6705236e-06  -3.3034951e-05  -3.0760899e-06  -0.00040668223  0.0000000   -0.00011673981  0.00025495282  -2.9054580e-07  -6.7644035e-05  4.4545768e-05  3.5009283e-05  1.6705236e-06  -3.3034951e-05  -3.0760899e-06  -0.00040668223  0.0000000   -0.00011673981  0.00025495282  -2.9054580e-07  -6.7644035e-05  
4.3087124e-05  0.00021641489  -1.8497700e-06  -4.9817752e-05  5.7261080e-06  0.00012549678  0.00011673981  0.0000000   -0.00038272235  -2.5599381e-07  -2.3977302e-05  4.3087124e-05  0.00021641489  -1.8497700e-06  -4.9817752e-05  5.7261080e-06  0.00012549678  0.00011673981  0.0000000   -0.00038272235  -2.5599381e-07  -2.3977302e-05  
1.7379848e-05  3.2858981e-05  1.4554029e-06  9.0438216e-05  -6.8088340e-06  8.2028568e-05  -0.00025495282  0.00038272235  0.0000000   4.3381082e-07  6.6892058e-05  1.7379848e-05  3.2858981e-05  1.4554029e-06  9.0438216e-05  -6.8088340e-06  8.2028568e-05  -0.00025495282  0.00038272235  0.0000000   4.3381082e-07  6.6892058e-05  
-1.7703428e-07  -1.9011721e-06  0.00012836404  -2.5367129e-05  -0.00031455984  4.7042032e-06  2.9054580e-07  2.5599381e-07  -4.3381082e-07  0.0000000   -1.1401925e-06  -1.7703428e-07  -1.9011721e-06  0.00012836404  -2.5367129e-05  -0.00031455984  4.7042032e-06  2.9054580e-07  2.5599381e-07  -4.3381082e-07  0.0000000   -1.1401925e-06  
-9.4946233e-06  6.5507692e-05  7.8266221e-07  6.5914446e-05  -6.7465870e-06  -3.8598163e-05  6.7644035e-05  2.3977302e-05  -6.6892058e-05  1.1401925e-06  0.0000000   -9.4946233e-06  6.5507692e-05  7.8266221e-07  6.5914446e-05  -6.7465870e-06  -3.8598163e-05  6.7644035e-05  2.3977302e-05  -6.6892058e-05  1.1401925e-06  0.0000000   
