0.0000000   -4.1875181e-05  1.1863654e-06  1.3776582e-06  -1.2171467e-06  1.8206215e-07  6.6469266e-07  1.0737406e-06  3.6926551e-05  4.9734821e-05  6.8698169e-06  0.0000000   -4.1875181e-05  1.1863654e-06  1.3776582e-06  -1.2171467e-06  1.8206215e-07  6.6469266e-07  1.0737406e-06  3.6926551e-05  4.9734821e-05  6.8698169e-06  
4.1875181e-05  0.0000000   5.8871808e-06  1.2109733e-05  2.3192500e-05  -1.8407127e-06  3.6119660e-07  -2.3523450e-06  -2.0404786e-05  -4.0774747e-05  6.2699467e-05  4.1875181e-05  0.0000000   5.8871808e-06  1.2109733e-05  2.3192500e-05  -1.8407127e-06  3.6119660e-07  -2.3523450e-06  -2.0404786e-05  -4.0774747e-05  6.2699467e-05  
-1.1863654e-06  -5.8871808e-06  0.0000000   0.00039152956  0.0017475678  -7.8253481e-05  3.0304050e-05  -0.00010625416  -1.1947388e-05  -6.7596973e-06  1.8184926e-06  -1.1863654e-06  -5.8871808e-06  0.0000000   0.00039152956  0.0017475678  -7.8253481e-05  3.0304050e-05  -0.00010625416  -1.1947388e-05  -6.7596973e-06  1.8184926e-06  
-1.3776582e-06  -1.2109733e-05  -0.00039152956  0.0000000   0.0025661061  -0.00032161446  -1.9354611e-05  8.4426634e-05  -1.6289495e-05  -1.6035946e-05  5.4416291e-06  -1.3776582e-06  -1.2109733e-05  -0.00039152956  0.0000000   0.0025661061  -0.00032161446  -1.9354611e-05  8.4426634e-05  -1.6289495e-05  -1.6035946e-05  5.4416291e-06  
1.2171467e-06  -2.3192500e-05  -0.0017475678  -0.0025661061  0.0000000   2.5712535e-06  -0.00015789817  -8.3449277e-05  1.4831239e-05  -1.1360646e-05  1.3217248e-05  1.2171467e-06  -2.3192500e-05  -0.0017475678  -0.0025661061  0.0000000   2.5712535e-06  -0.00015789817  -8.3449277e-05  1.4831239e-05  -1.1360646e-05  1.3217248e-05  
-1.8206215e-07  1.8407127e-06  7.8253481e-05  0.00032161446  -2.5712535e-06  0.0000000   -0.00018670508  0.00013167713  -2.2289843e-06  4.4505718e-06  -4.3960299e-06  -1.8206215e-07  1.8407127e-06  7.8253481e-05  0.00032161446  -2.5712535e-06  0.0000000   -0.00018670508  0.00013167713  -2.2289843e-06  4.4505718e-06  -4.3960299e-06  
-6.6469266e-07  -3.6119660e-07  -3.0304050e-05  1.9354611e-05  0.00015789817  0.00018670508  0.0000000   2.1881251e-05  -8.2761529e-07  -1.8130562e-06  4.5292411e-06  -6.6469266e-07  -3.6119660e-07  -3.0304050e-05  1.9354611e-05  0.00015789817  0.00018670508  0.0000000   2.1881251e-05  -8.2761529e-07  -1.8130562e-06  4.5292411e-06  
-1.0737406e-06  2.3523450e-06  0.00010625416  -8.4426634e-05  8.3449277e-05  -0.00013167713  -2.1881251e-05  0.0000000   2.8909228e-06  -1.5520098e-06  4.7061918e-06  -1.0737406e-06  2.3523450e-06  0.00010625416  -8.4426634e-05  8.3449277e-05  -0.00013167713  -2.1881251e-05  0.0000000   2.8909228e-06  -1.5520098e-06  4.7061918e-06  
-3.6926551e-05  2.0404786e-05  1.1947388e-05  1.6289495e-05  -1.4831239e-05  2.2289843e-06  8.2761529e-07  -2.8909228e-06  0.0000000   -0.00018408284  0.00020937894  -3.6926551e-05  2.0404786e-05  1.1947388e-05  1.6289495e-05  -1.4831239e-05  2.2289843e-06  8.2761529e-07  -2.8909228e-06  0.0000000   -0.00018408284  0.00020937894  
-4.9734821e-05  4.0774747e-05  6.7596973e-06  1.6035946e-05  1.1360646e-05  -4.4505718e-06  1.8130562e-06  1.5520098e-06  0.00018408284  0.0000000   0.00049077972  -4.9734821e-05  4.0774747e-05  6.7596973e-06  1.6035946e-05  1.1360646e-05  -4.4505718e-06  1.8130562e-06  1.5520098e-06  0.00018408284  0.0000000   0.00049077972  
-6.8698169e-06  -6.2699467e-05  -1.8184926e-06  -5.4416291e-06  -1.3217248e-05  4.3960299e-06  -4.5292411e-06  -4.7061918e-06  -0.00020937894  -0.00049077972  0.0000000   -6.8698169e-06  -6.2699467e-05  -1.8184926e-06  -5.4416291e-06  -1.3217248e-05  4.3960299e-06  -4.5292411e-06  -4.7061918e-06  -0.00020937894  -0.00049077972  0.0000000   
0.0000000   -4.1875181e-05  1.1863654e-06  1.3776582e-06  -1.2171467e-06  1.8206215e-07  6.6469266e-07  1.0737406e-06  3.6926551e-05  4.9734821e-05  6.8698169e-06  0.0000000   -4.1875181e-05  1.1863654e-06  1.3776582e-06  -1.2171467e-06  1.8206215e-07  6.6469266e-07  1.0737406e-06  3.6926551e-05  4.9734821e-05  6.8698169e-06  
4.1875181e-05  0.0000000   5.8871808e-06  1.2109733e-05  2.3192500e-05  -1.8407127e-06  3.6119660e-07  -2.3523450e-06  -2.0404786e-05  -4.0774747e-05  6.2699467e-05  4.1875181e-05  0.0000000   5.8871808e-06  1.2109733e-05  2.3192500e-05  -1.8407127e-06  3.6119660e-07  -2.3523450e-06  -2.0404786e-05  -4.0774747e-05  6.2699467e-05  
-1.1863654e-06  -5.8871808e-06  0.0000000   0.00039152956  0.0017475678  -7.8253481e-05  3.0304050e-05  -0.00010625416  -1.1947388e-05  -6.7596973e-06  1.8184926e-06  -1.1863654e-06  -5.8871808e-06  0.0000000   0.00039152956  0.0017475678  -7.8253481e-05  3.0304050e-05  -0.00010625416  -1.1947388e-05  -6.7596973e-06  1.8184926e-06  
-1.3776582e-06  -1.2109733e-05  -0.00039152956  0.0000000   0.0025661061  -0.00032161446  -1.9354611e-05  8.4426634e-05  -1.6289495e-05  -1.6035946e-05  5.4416291e-06  -1.3776582e-06  -1.2109733e-05  -0.00039152956  0.0000000   0.0025661061  -0.00032161446  -1.9354611e-05  8.4426634e-05  -1.6289495e-05  -1.6035946e-05  5.4416291e-06  
1.2171467e-06  -2.3192500e-05  -0.0017475678  -0.0025661061  0.0000000   2.5712535e-06  -0.00015789817  -8.3449277e-05  1.4831239e-05  -1.1360646e-05  1.3217248e-05  1.2171467e-06  -2.3192500e-05  -0.0017475678  -0.0025661061  0.0000000   2.5712535e-06  -0.00015789817  -8.3449277e-05  1.4831239e-05  -1.1360646e-05  1.3217248e-05  
-1.8206215e-07  1.8407127e-06  7.8253481e-05  0.00032161446  -2.5712535e-06  0.0000000   -0.00018670508  0.00013167713  -2.2289843e-06  4.4505718e-06  -4.3960299e-06  -1.8206215e-07  1.8407127e-06  7.8253481e-05  0.00032161446  -2.5712535e-06  0.0000000   -0.00018670508  0.00013167713  -2.2289843e-06  4.4505718e-06  -4.3960299e-06  
-6.6469266e-07  -3.6119660e-07  -3.0304050e-05  1.9354611e-05  0.00015789817  0.00018670508  0.0000000   2.1881251e-05  -8.2761529e-07  -1.8130562e-06  4.5292411e-06  -6.6469266e-07  -3.6119660e-07  -3.0304050e-05  1.9354611e-05  0.00015789817  0.00018670508  0.0000000   2.1881251e-05  -8.2761529e-07  -1.8130562e-06  4.5292411e-06  
-1.0737406e-06  2.3523450e-06  0.00010625416  -8.4426634e-05  8.3449277e-05  -0.00013167713  -2.1881251e-05  0.0000000   2.8909228e-06  -1.5520098e-06  4.7061918e-06  -1.0737406e-06  2.3523450e-06  0.00010625416  -8.4426634e-05  8.3449277e-05  -0.00013167713  -2.1881251e-05  0.0000000   2.8909228e-06  -1.5520098e-06  4.7061918e-06  
-3.6926551e-05  2.0404786e-05  1.1947388e-05  1.6289495e-05  -1.4831239e-05  2.2289843e-06  8.2761529e-07  -2.8909228e-06  0.0000000   -0.00018408284  0.00020937894  -3.6926551e-05  2.0404786e-05  1.1947388e-05  1.6289495e-05  -1.4831239e-05  2.2289843e-06  8.2761529e-07  -2.8909228e-06  0.0000000   -0.00018408284  0.00020937894  
-4.9734821e-05  4.0774747e-05  6.7596973e-06  1.6035946e-05  1.1360646e-05  -4.4505718e-06  1.8130562e-06  1.5520098e-06  0.00018408284  0.0000000   0.00049077972  -4.9734821e-05  4.0774747e-05  6.7596973e-06  1.6035946e-05  1.1360646e-05  -4.4505718e-06  1.8130562e-06  1.5520098e-06  0.00018408284  0.0000000   0.00049077972  
-6.8698169e-06  -6.2699467e-05  -1.8184926e-06  -5.4416291e-06  -1.3217248e-05  4.3960299e-06  -4.5292411e-06  -4.7061918e-06  -0.00020937894  -0.00049077972  0.0000000   -6.8698169e-06  -6.2699467e-05  -1.8184926e-06  -5.4416291e-06  -1.3217248e-05  4.3960299e-06  -4.5292411e-06  -4.7061918e-06  -0.00020937894  -0.00049077972  0.0000000   
