0.0000000   2.2896555e-06  5.0124363e-06  -7.4810822e-05  -5.8034827e-06  -0.00028561730  1.0101008e-06  -1.8319571e-06  -1.2125430e-06  6.7663548e-06  1.1363904e-06  0.0000000   2.2896555e-06  5.0124363e-06  -7.4810822e-05  -5.8034827e-06  -0.00028561730  1.0101008e-06  -1.8319571e-06  -1.2125430e-06  6.7663548e-06  1.1363904e-06  
-2.2896555e-06  0.0000000   6.9364343e-05  5.1273276e-06  -5.8126496e-05  -4.5584643e-06  -1.9563914e-05  -0.00025335386  -0.00011681764  8.3273699e-06  -0.00015301334  -2.2896555e-06  0.0000000   6.9364343e-05  5.1273276e-06  -5.8126496e-05  -4.5584643e-06  -1.9563914e-05  -0.00025335386  -0.00011681764  8.3273699e-06  -0.00015301334  
-5.0124363e-06  -6.9364343e-05  0.0000000   4.4940846e-05  -0.0023019039  7.6363866e-07  9.9092158e-05  2.6267545e-07  -0.00017731313  -2.8358357e-06  -8.2936027e-05  -5.0124363e-06  -6.9364343e-05  0.0000000   4.4940846e-05  -0.0023019039  7.6363866e-07  9.9092158e-05  2.6267545e-07  -0.00017731313  -2.8358357e-06  -8.2936027e-05  
7.4810822e-05  -5.1273276e-06  -4.4940846e-05  0.0000000   -8.8907333e-05  0.00022040219  -1.4591670e-05  3.3147302e-06  1.1855151e-06  0.00025299569  -5.4105831e-06  7.4810822e-05  -5.1273276e-06  -4.4940846e-05  0.0000000   -8.8907333e-05  0.00022040219  -1.4591670e-05  3.3147302e-06  1.1855151e-06  0.00025299569  -5.4105831e-06  
5.8034827e-06  5.8126496e-05  0.0023019039  8.8907333e-05  0.0000000   1.7605990e-05  0.00020258222  4.5446277e-05  -0.00029538863  -9.6891747e-07  0.00015403332  5.8034827e-06  5.8126496e-05  0.0023019039  8.8907333e-05  0.0000000   1.7605990e-05  0.00020258222  4.5446277e-05  -0.00029538863  -9.6891747e-07  0.00015403332  
0.00028561730  4.5584643e-06  -7.6363866e-07  -0.00022040219  -1.7605990e-05  0.0000000   1.7336513e-05  -1.2759740e-05  -1.3733144e-06  -0.00054029828  -1.5959898e-06  0.00028561730  4.5584643e-06  -7.6363866e-07  -0.00022040219  -1.7605990e-05  0.0000000   1.7336513e-05  -1.2759740e-05  -1.3733144e-06  -0.00054029828  -1.5959898e-06  
-1.0101008e-06  1.9563914e-05  -9.9092158e-05  1.4591670e-05  -0.00020258222  -1.7336513e-05  0.0000000   -0.0012738472  -0.0034952662  9.0595114e-05  7.2241829e-05  -1.0101008e-06  1.9563914e-05  -9.9092158e-05  1.4591670e-05  -0.00020258222  -1.7336513e-05  0.0000000   -0.0012738472  -0.0034952662  9.0595114e-05  7.2241829e-05  
1.8319571e-06  0.00025335386  -2.6267545e-07  -3.3147302e-06  -4.5446277e-05  1.2759740e-05  0.0012738472  0.0000000   -0.00076707041  2.4057925e-05  6.3004602e-05  1.8319571e-06  0.00025335386  -2.6267545e-07  -3.3147302e-06  -4.5446277e-05  1.2759740e-05  0.0012738472  0.0000000   -0.00076707041  2.4057925e-05  6.3004602e-05  
1.2125430e-06  0.00011681764  0.00017731313  -1.1855151e-06  0.00029538863  1.3733144e-06  0.0034952662  0.00076707041  0.0000000   1.4939920e-05  -0.00010344084  1.2125430e-06  0.00011681764  0.00017731313  -1.1855151e-06  0.00029538863  1.3733144e-06  0.0034952662  0.00076707041  0.0000000   1.4939920e-05  -0.00010344084  
-6.7663548e-06  -8.3273699e-06  2.8358357e-06  -0.00025299569  9.6891747e-07  0.00054029828  -9.0595114e-05  -2.4057925e-05  -1.4939920e-05  0.0000000   8.8053311e-08  -6.7663548e-06  -8.3273699e-06  2.8358357e-06  -0.00025299569  9.6891747e-07  0.00054029828  -9.0595114e-05  -2.4057925e-05  -1.4939920e-05  0.0000000   8.8053311e-08  
-1.1363904e-06  0.00015301334  8.2936027e-05  5.4105831e-06  -0.00015403332  1.5959898e-06  -7.2241829e-05  -6.3004602e-05  0.00010344084  -8.8053311e-08  0.0000000   -1.1363904e-06  0.00015301334  8.2936027e-05  5.4105831e-06  -0.00015403332  1.5959898e-06  -7.2241829e-05  -6.3004602e-05  0.00010344084  -8.8053311e-08  0.0000000   
0.0000000   2.2896555e-06  5.0124363e-06  -7.4810822e-05  -5.8034827e-06  -0.00028561730  1.0101008e-06  -1.8319571e-06  -1.2125430e-06  6.7663548e-06  1.1363904e-06  0.0000000   2.2896555e-06  5.0124363e-06  -7.4810822e-05  -5.8034827e-06  -0.00028561730  1.0101008e-06  -1.8319571e-06  -1.2125430e-06  6.7663548e-06  1.1363904e-06  
-2.2896555e-06  0.0000000   6.9364343e-05  5.1273276e-06  -5.8126496e-05  -4.5584643e-06  -1.9563914e-05  -0.00025335386  -0.00011681764  8.3273699e-06  -0.00015301334  -2.2896555e-06  0.0000000   6.9364343e-05  5.1273276e-06  -5.8126496e-05  -4.5584643e-06  -1.9563914e-05  -0.00025335386  -0.00011681764  8.3273699e-06  -0.00015301334  
-5.0124363e-06  -6.9364343e-05  0.0000000   4.4940846e-05  -0.0023019039  7.6363866e-07  9.9092158e-05  2.6267545e-07  -0.00017731313  -2.8358357e-06  -8.2936027e-05  -5.0124363e-06  -6.9364343e-05  0.0000000   4.4940846e-05  -0.0023019039  7.6363866e-07  9.9092158e-05  2.6267545e-07  -0.00017731313  -2.8358357e-06  -8.2936027e-05  
7.4810822e-05  -5.1273276e-06  -4.4940846e-05  0.0000000   -8.8907333e-05  0.00022040219  -1.4591670e-05  3.3147302e-06  1.1855151e-06  0.00025299569  -5.4105831e-06  7.4810822e-05  -5.1273276e-06  -4.4940846e-05  0.0000000   -8.8907333e-05  0.00022040219  -1.4591670e-05  3.3147302e-06  1.1855151e-06  0.00025299569  -5.4105831e-06  
5.8034827e-06  5.8126496e-05  0.0023019039  8.8907333e-05  0.0000000   1.7605990e-05  0.00020258222  4.5446277e-05  -0.00029538863  -9.6891747e-07  0.00015403332  5.8034827e-06  5.8126496e-05  0.0023019039  8.8907333e-05  0.0000000   1.7605990e-05  0.00020258222  4.5446277e-05  -0.00029538863  -9.6891747e-07  0.00015403332  
0.00028561730  4.5584643e-06  -7.6363866e-07  -0.00022040219  -1.7605990e-05  0.0000000   1.7336513e-05  -1.2759740e-05  -1.3733144e-06  -0.00054029828  -1.5959898e-06  0.00028561730  4.5584643e-06  -7.6363866e-07  -0.00022040219  -1.7605990e-05  0.0000000   1.7336513e-05  -1.2759740e-05  -1.3733144e-06  -0.00054029828  -1.5959898e-06  
-1.0101008e-06  1.9563914e-05  -9.9092158e-05  1.4591670e-05  -0.00020258222  -1.7336513e-05  0.0000000   -0.0012738472  -0.0034952662  9.0595114e-05  7.2241829e-05  -1.0101008e-06  1.9563914e-05  -9.9092158e-05  1.4591670e-05  -0.00020258222  -1.7336513e-05  0.0000000   -0.0012738472  -0.0034952662  9.0595114e-05  7.2241829e-05  
1.8319571e-06  0.00025335386  -2.6267545e-07  -3.3147302e-06  -4.5446277e-05  1.2759740e-05  0.0012738472  0.0000000   -0.00076707041  2.4057925e-05  6.3004602e-05  1.8319571e-06  0.00025335386  -2.6267545e-07  -3.3147302e-06  -4.5446277e-05  1.2759740e-05  0.0012738472  0.0000000   -0.00076707041  2.4057925e-05  6.3004602e-05  
1.2125430e-06  0.00011681764  0.00017731313  -1.1855151e-06  0.00029538863  1.3733144e-06  0.0034952662  0.00076707041  0.0000000   1.4939920e-05  -0.00010344084  1.2125430e-06  0.00011681764  0.00017731313  -1.1855151e-06  0.00029538863  1.3733144e-06  0.0034952662  0.00076707041  0.0000000   1.4939920e-05  -0.00010344084  
-6.7663548e-06  -8.3273699e-06  2.8358357e-06  -0.00025299569  9.6891747e-07  0.00054029828  -9.0595114e-05  -2.4057925e-05  -1.4939920e-05  0.0000000   8.8053311e-08  -6.7663548e-06  -8.3273699e-06  2.8358357e-06  -0.00025299569  9.6891747e-07  0.00054029828  -9.0595114e-05  -2.4057925e-05  -1.4939920e-05  0.0000000   8.8053311e-08  
-1.1363904e-06  0.00015301334  8.2936027e-05  5.4105831e-06  -0.00015403332  1.5959898e-06  -7.2241829e-05  -6.3004602e-05  0.00010344084  -8.8053311e-08  0.0000000   -1.1363904e-06  0.00015301334  8.2936027e-05  5.4105831e-06  -0.00015403332  1.5959898e-06  -7.2241829e-05  -6.3004602e-05  0.00010344084  -8.8053311e-08  0.0000000   
