0.0000000   -0.0011200036  -0.00011734003  2.9100963e-06  -5.1879176e-06  1.0152834e-06  -3.7322387e-07  -2.9679405e-05  6.9952698e-05  -3.0850935e-06  -5.9880644e-06  0.0000000   -0.0011200036  -0.00011734003  2.9100963e-06  -5.1879176e-06  1.0152834e-06  -3.7322387e-07  -2.9679405e-05  6.9952698e-05  -3.0850935e-06  -5.9880644e-06  
0.0011200036  0.0000000   -1.3981539e-05  -8.1303487e-05  8.7449484e-06  5.3837186e-06  -7.7090879e-05  -6.8258043e-05  -7.5776346e-05  -1.6707630e-06  -1.1567244e-07  0.0011200036  0.0000000   -1.3981539e-05  -8.1303487e-05  8.7449484e-06  5.3837186e-06  -7.7090879e-05  -6.8258043e-05  -7.5776346e-05  -1.6707630e-06  -1.1567244e-07  
0.00011734003  1.3981539e-05  0.0000000   0.00080033990  -9.6580028e-05  -0.00011160758  -1.5099806e-05  -1.6682783e-06  -6.9266135e-06  2.2198530e-05  3.6402536e-06  0.00011734003  1.3981539e-05  0.0000000   0.00080033990  -9.6580028e-05  -0.00011160758  -1.5099806e-05  -1.6682783e-06  -6.9266135e-06  2.2198530e-05  3.6402536e-06  
-2.9100963e-06  8.1303487e-05  -0.00080033990  0.0000000   -0.00017514211  0.00017923486  8.3322300e-06  -3.4374890e-06  4.4524927e-06  -2.3544249e-05  -2.0850465e-06  -2.9100963e-06  8.1303487e-05  -0.00080033990  0.0000000   -0.00017514211  0.00017923486  8.3322300e-06  -3.4374890e-06  4.4524927e-06  -2.3544249e-05  -2.0850465e-06  
5.1879176e-06  -8.7449484e-06  9.6580028e-05  0.00017514211  0.0000000   -9.2501282e-05  -3.9799517e-06  -5.6460387e-06  3.6667165e-06  3.6943329e-05  -4.0666135e-07  5.1879176e-06  -8.7449484e-06  9.6580028e-05  0.00017514211  0.0000000   -9.2501282e-05  -3.9799517e-06  -5.6460387e-06  3.6667165e-06  3.6943329e-05  -4.0666135e-07  
-1.0152834e-06  -5.3837186e-06  0.00011160758  -0.00017923486  9.2501282e-05  0.0000000   -3.1727705e-06  -8.1949193e-06  -2.5373769e-05  -0.00074815203  9.4942313e-06  -1.0152834e-06  -5.3837186e-06  0.00011160758  -0.00017923486  9.2501282e-05  0.0000000   -3.1727705e-06  -8.1949193e-06  -2.5373769e-05  -0.00074815203  9.4942313e-06  
3.7322387e-07  7.7090879e-05  1.5099806e-05  -8.3322300e-06  3.9799517e-06  3.1727705e-06  0.0000000   0.00013779394  0.00036410294  -3.0663228e-05  -0.00029128129  3.7322387e-07  7.7090879e-05  1.5099806e-05  -8.3322300e-06  3.9799517e-06  3.1727705e-06  0.0000000   0.00013779394  0.00036410294  -3.0663228e-05  -0.00029128129  
2.9679405e-05  6.8258043e-05  1.6682783e-06  3.4374890e-06  5.6460387e-06  8.1949193e-06  -0.00013779394  0.0000000   0.0027743502  -3.0413494e-05  -0.00022916336  2.9679405e-05  6.8258043e-05  1.6682783e-06  3.4374890e-06  5.6460387e-06  8.1949193e-06  -0.00013779394  0.0000000   0.0027743502  -3.0413494e-05  -0.00022916336  
-6.9952698e-05  7.5776346e-05  6.9266135e-06  -4.4524927e-06  -3.6667165e-06  2.5373769e-05  -0.00036410294  -0.0027743502  0.0000000   -2.0009245e-06  0.00067549540  -6.9952698e-05  7.5776346e-05  6.9266135e-06  -4.4524927e-06  -3.6667165e-06  2.5373769e-05  -0.00036410294  -0.0027743502  0.0000000   -2.0009245e-06  0.00067549540  
3.0850935e-06  1.6707630e-06  -2.2198530e-05  2.3544249e-05  -3.6943329e-05  0.00074815203  3.0663228e-05  3.0413494e-05  2.0009245e-06  0.0000000   -1.2920830e-05  3.0850935e-06  1.6707630e-06  -2.2198530e-05  2.3544249e-05  -3.6943329e-05  0.00074815203  3.0663228e-05  3.0413494e-05  2.0009245e-06  0.0000000   -1.2920830e-05  
5.9880644e-06  1.1567244e-07  -3.6402536e-06  2.0850465e-06  4.0666135e-07  -9.4942313e-06  0.00029128129  0.00022916336  -0.00067549540  1.2920830e-05  0.0000000   5.9880644e-06  1.1567244e-07  -3.6402536e-06  2.0850465e-06  4.0666135e-07  -9.4942313e-06  0.00029128129  0.00022916336  -0.00067549540  1.2920830e-05  0.0000000   
0.0000000   -0.0011200036  -0.00011734003  2.9100963e-06  -5.1879176e-06  1.0152834e-06  -3.7322387e-07  -2.9679405e-05  6.9952698e-05  -3.0850935e-06  -5.9880644e-06  0.0000000   -0.0011200036  -0.00011734003  2.9100963e-06  -5.1879176e-06  1.0152834e-06  -3.7322387e-07  -2.9679405e-05  6.9952698e-05  -3.0850935e-06  -5.9880644e-06  
0.0011200036  0.0000000   -1.3981539e-05  -8.1303487e-05  8.7449484e-06  5.3837186e-06  -7.7090879e-05  -6.8258043e-05  -7.5776346e-05  -1.6707630e-06  -1.1567244e-07  0.0011200036  0.0000000   -1.3981539e-05  -8.1303487e-05  8.7449484e-06  5.3837186e-06  -7.7090879e-05  -6.8258043e-05  -7.5776346e-05  -1.6707630e-06  -1.1567244e-07  
0.00011734003  1.3981539e-05  0.0000000   0.00080033990  -9.6580028e-05  -0.00011160758  -1.5099806e-05  -1.6682783e-06  -6.9266135e-06  2.2198530e-05  3.6402536e-06  0.00011734003  1.3981539e-05  0.0000000   0.00080033990  -9.6580028e-05  -0.00011160758  -1.5099806e-05  -1.6682783e-06  -6.9266135e-06  2.2198530e-05  3.6402536e-06  
-2.9100963e-06  8.1303487e-05  -0.00080033990  0.0000000   -0.00017514211  0.00017923486  8.3322300e-06  -3.4374890e-06  4.4524927e-06  -2.3544249e-05  -2.0850465e-06  -2.9100963e-06  8.1303487e-05  -0.00080033990  0.0000000   -0.00017514211  0.00017923486  8.3322300e-06  -3.4374890e-06  4.4524927e-06  -2.3544249e-05  -2.0850465e-06  
5.1879176e-06  -8.7449484e-06  9.6580028e-05  0.00017514211  0.0000000   -9.2501282e-05  -3.9799517e-06  -5.6460387e-06  3.6667165e-06  3.6943329e-05  -4.0666135e-07  5.1879176e-06  -8.7449484e-06  9.6580028e-05  0.00017514211  0.0000000   -9.2501282e-05  -3.9799517e-06  -5.6460387e-06  3.6667165e-06  3.6943329e-05  -4.0666135e-07  
-1.0152834e-06  -5.3837186e-06  0.00011160758  -0.00017923486  9.2501282e-05  0.0000000   -3.1727705e-06  -8.1949193e-06  -2.5373769e-05  -0.00074815203  9.4942313e-06  -1.0152834e-06  -5.3837186e-06  0.00011160758  -0.00017923486  9.2501282e-05  0.0000000   -3.1727705e-06  -8.1949193e-06  -2.5373769e-05  -0.00074815203  9.4942313e-06  
3.7322387e-07  7.7090879e-05  1.5099806e-05  -8.3322300e-06  3.9799517e-06  3.1727705e-06  0.0000000   0.00013779394  0.00036410294  -3.0663228e-05  -0.00029128129  3.7322387e-07  7.7090879e-05  1.5099806e-05  -8.3322300e-06  3.9799517e-06  3.1727705e-06  0.0000000   0.00013779394  0.00036410294  -3.0663228e-05  -0.00029128129  
2.9679405e-05  6.8258043e-05  1.6682783e-06  3.4374890e-06  5.6460387e-06  8.1949193e-06  -0.00013779394  0.0000000   0.0027743502  -3.0413494e-05  -0.00022916336  2.9679405e-05  6.8258043e-05  1.6682783e-06  3.4374890e-06  5.6460387e-06  8.1949193e-06  -0.00013779394  0.0000000   0.0027743502  -3.0413494e-05  -0.00022916336  
-6.9952698e-05  7.5776346e-05  6.9266135e-06  -4.4524927e-06  -3.6667165e-06  2.5373769e-05  -0.00036410294  -0.0027743502  0.0000000   -2.0009245e-06  0.00067549540  -6.9952698e-05  7.5776346e-05  6.9266135e-06  -4.4524927e-06  -3.6667165e-06  2.5373769e-05  -0.00036410294  -0.0027743502  0.0000000   -2.0009245e-06  0.00067549540  
3.0850935e-06  1.6707630e-06  -2.2198530e-05  2.3544249e-05  -3.6943329e-05  0.00074815203  3.0663228e-05  3.0413494e-05  2.0009245e-06  0.0000000   -1.2920830e-05  3.0850935e-06  1.6707630e-06  -2.2198530e-05  2.3544249e-05  -3.6943329e-05  0.00074815203  3.0663228e-05  3.0413494e-05  2.0009245e-06  0.0000000   -1.2920830e-05  
5.9880644e-06  1.1567244e-07  -3.6402536e-06  2.0850465e-06  4.0666135e-07  -9.4942313e-06  0.00029128129  0.00022916336  -0.00067549540  1.2920830e-05  0.0000000   5.9880644e-06  1.1567244e-07  -3.6402536e-06  2.0850465e-06  4.0666135e-07  -9.4942313e-06  0.00029128129  0.00022916336  -0.00067549540  1.2920830e-05  0.0000000   
