0.0000000   0.00083388945  0.00016839484  -0.00024172275  -6.9055853e-05  -4.5526917e-06  1.5231280e-06  2.7083792e-06  -1.0350858e-06  -1.1830509e-05  2.8758668e-06  0.0000000   0.00083388945  0.00016839484  -0.00024172275  -6.9055853e-05  -4.5526917e-06  1.5231280e-06  2.7083792e-06  -1.0350858e-06  -1.1830509e-05  2.8758668e-06  
-0.00083388945  0.0000000   0.0010546276  -0.00030418328  5.0156737e-05  -1.0771161e-06  -2.5860248e-06  2.3667374e-07  -3.5993218e-06  -5.3690726e-05  1.0509041e-05  -0.00083388945  0.0000000   0.0010546276  -0.00030418328  5.0156737e-05  -1.0771161e-06  -2.5860248e-06  2.3667374e-07  -3.5993218e-06  -5.3690726e-05  1.0509041e-05  
-0.00016839484  -0.0010546276  0.0000000   0.00056002390  0.00038435506  5.6058167e-06  -3.8011982e-06  -1.4813870e-06  2.0533735e-06  1.0135876e-05  3.2895797e-06  -0.00016839484  -0.0010546276  0.0000000   0.00056002390  0.00038435506  5.6058167e-06  -3.8011982e-06  -1.4813870e-06  2.0533735e-06  1.0135876e-05  3.2895797e-06  
0.00024172275  0.00030418328  -0.00056002390  0.0000000   0.00010547042  1.5353595e-07  5.1520003e-06  8.2235125e-07  4.9167327e-07  -1.6405198e-05  -6.2852468e-06  0.00024172275  0.00030418328  -0.00056002390  0.0000000   0.00010547042  1.5353595e-07  5.1520003e-06  8.2235125e-07  4.9167327e-07  -1.6405198e-05  -6.2852468e-06  
6.9055853e-05  -5.0156737e-05  -0.00038435506  -0.00010547042  0.0000000   -1.6842349e-06  2.7328227e-06  3.3054146e-06  -5.5519129e-07  -2.7084341e-05  -5.4953097e-05  6.9055853e-05  -5.0156737e-05  -0.00038435506  -0.00010547042  0.0000000   -1.6842349e-06  2.7328227e-06  3.3054146e-06  -5.5519129e-07  -2.7084341e-05  -5.4953097e-05  
4.5526917e-06  1.0771161e-06  -5.6058167e-06  -1.5353595e-07  1.6842349e-06  0.0000000   -0.0010103691  -8.2591428e-05  1.2695762e-05  2.7386414e-06  -1.1221002e-05  4.5526917e-06  1.0771161e-06  -5.6058167e-06  -1.5353595e-07  1.6842349e-06  0.0000000   -0.0010103691  -8.2591428e-05  1.2695762e-05  2.7386414e-06  -1.1221002e-05  
-1.5231280e-06  2.5860248e-06  3.8011982e-06  -5.1520003e-06  -2.7328227e-06  0.0010103691  0.0000000   -0.00023774336  3.8928753e-05  1.0655422e-05  4.4346512e-06  -1.5231280e-06  2.5860248e-06  3.8011982e-06  -5.1520003e-06  -2.7328227e-06  0.0010103691  0.0000000   -0.00023774336  3.8928753e-05  1.0655422e-05  4.4346512e-06  
-2.7083792e-06  -2.3667374e-07  1.4813870e-06  -8.2235125e-07  -3.3054146e-06  8.2591428e-05  0.00023774336  0.0000000   0.00092268985  -4.7603866e-06  5.6149115e-06  -2.7083792e-06  -2.3667374e-07  1.4813870e-06  -8.2235125e-07  -3.3054146e-06  8.2591428e-05  0.00023774336  0.0000000   0.00092268985  -4.7603866e-06  5.6149115e-06  
1.0350858e-06  3.5993218e-06  -2.0533735e-06  -4.9167327e-07  5.5519129e-07  -1.2695762e-05  -3.8928753e-05  -0.00092268985  0.0000000   6.8822795e-06  2.8028137e-06  1.0350858e-06  3.5993218e-06  -2.0533735e-06  -4.9167327e-07  5.5519129e-07  -1.2695762e-05  -3.8928753e-05  -0.00092268985  0.0000000   6.8822795e-06  2.8028137e-06  
1.1830509e-05  5.3690726e-05  -1.0135876e-05  1.6405198e-05  2.7084341e-05  -2.7386414e-06  -1.0655422e-05  4.7603866e-06  -6.8822795e-06  0.0000000   0.0016052806  1.1830509e-05  5.3690726e-05  -1.0135876e-05  1.6405198e-05  2.7084341e-05  -2.7386414e-06  -1.0655422e-05  4.7603866e-06  -6.8822795e-06  0.0000000   0.0016052806  
-2.8758668e-06  -1.0509041e-05  -3.2895797e-06  6.2852468e-06  5.4953097e-05  1.1221002e-05  -4.4346512e-06  -5.6149115e-06  -2.8028137e-06  -0.0016052806  0.0000000   -2.8758668e-06  -1.0509041e-05  -3.2895797e-06  6.2852468e-06  5.4953097e-05  1.1221002e-05  -4.4346512e-06  -5.6149115e-06  -2.8028137e-06  -0.0016052806  0.0000000   
0.0000000   0.00083388945  0.00016839484  -0.00024172275  -6.9055853e-05  -4.5526917e-06  1.5231280e-06  2.7083792e-06  -1.0350858e-06  -1.1830509e-05  2.8758668e-06  0.0000000   0.00083388945  0.00016839484  -0.00024172275  -6.9055853e-05  -4.5526917e-06  1.5231280e-06  2.7083792e-06  -1.0350858e-06  -1.1830509e-05  2.8758668e-06  
-0.00083388945  0.0000000   0.0010546276  -0.00030418328  5.0156737e-05  -1.0771161e-06  -2.5860248e-06  2.3667374e-07  -3.5993218e-06  -5.3690726e-05  1.0509041e-05  -0.00083388945  0.0000000   0.0010546276  -0.00030418328  5.0156737e-05  -1.0771161e-06  -2.5860248e-06  2.3667374e-07  -3.5993218e-06  -5.3690726e-05  1.0509041e-05  
-0.00016839484  -0.0010546276  0.0000000   0.00056002390  0.00038435506  5.6058167e-06  -3.8011982e-06  -1.4813870e-06  2.0533735e-06  1.0135876e-05  3.2895797e-06  -0.00016839484  -0.0010546276  0.0000000   0.00056002390  0.00038435506  5.6058167e-06  -3.8011982e-06  -1.4813870e-06  2.0533735e-06  1.0135876e-05  3.2895797e-06  
0.00024172275  0.00030418328  -0.00056002390  0.0000000   0.00010547042  1.5353595e-07  5.1520003e-06  8.2235125e-07  4.9167327e-07  -1.6405198e-05  -6.2852468e-06  0.00024172275  0.00030418328  -0.00056002390  0.0000000   0.00010547042  1.5353595e-07  5.1520003e-06  8.2235125e-07  4.9167327e-07  -1.6405198e-05  -6.2852468e-06  
6.9055853e-05  -5.0156737e-05  -0.00038435506  -0.00010547042  0.0000000   -1.6842349e-06  2.7328227e-06  3.3054146e-06  -5.5519129e-07  -2.7084341e-05  -5.4953097e-05  6.9055853e-05  -5.0156737e-05  -0.00038435506  -0.00010547042  0.0000000   -1.6842349e-06  2.7328227e-06  3.3054146e-06  -5.5519129e-07  -2.7084341e-05  -5.4953097e-05  
4.5526917e-06  1.0771161e-06  -5.6058167e-06  -1.5353595e-07  1.6842349e-06  0.0000000   -0.0010103691  -8.2591428e-05  1.2695762e-05  2.7386414e-06  -1.1221002e-05  4.5526917e-06  1.0771161e-06  -5.6058167e-06  -1.5353595e-07  1.6842349e-06  0.0000000   -0.0010103691  -8.2591428e-05  1.2695762e-05  2.7386414e-06  -1.1221002e-05  
-1.5231280e-06  2.5860248e-06  3.8011982e-06  -5.1520003e-06  -2.7328227e-06  0.0010103691  0.0000000   -0.00023774336  3.8928753e-05  1.0655422e-05  4.4346512e-06  -1.5231280e-06  2.5860248e-06  3.8011982e-06  -5.1520003e-06  -2.7328227e-06  0.0010103691  0.0000000   -0.00023774336  3.8928753e-05  1.0655422e-05  4.4346512e-06  
-2.7083792e-06  -2.3667374e-07  1.4813870e-06  -8.2235125e-07  -3.3054146e-06  8.2591428e-05  0.00023774336  0.0000000   0.00092268985  -4.7603866e-06  5.6149115e-06  -2.7083792e-06  -2.3667374e-07  1.4813870e-06  -8.2235125e-07  -3.3054146e-06  8.2591428e-05  0.00023774336  0.0000000   0.00092268985  -4.7603866e-06  5.6149115e-06  
1.0350858e-06  3.5993218e-06  -2.0533735e-06  -4.9167327e-07  5.5519129e-07  -1.2695762e-05  -3.8928753e-05  -0.00092268985  0.0000000   6.8822795e-06  2.8028137e-06  1.0350858e-06  3.5993218e-06  -2.0533735e-06  -4.9167327e-07  5.5519129e-07  -1.2695762e-05  -3.8928753e-05  -0.00092268985  0.0000000   6.8822795e-06  2.8028137e-06  
1.1830509e-05  5.3690726e-05  -1.0135876e-05  1.6405198e-05  2.7084341e-05  -2.7386414e-06  -1.0655422e-05  4.7603866e-06  -6.8822795e-06  0.0000000   0.0016052806  1.1830509e-05  5.3690726e-05  -1.0135876e-05  1.6405198e-05  2.7084341e-05  -2.7386414e-06  -1.0655422e-05  4.7603866e-06  -6.8822795e-06  0.0000000   0.0016052806  
-2.8758668e-06  -1.0509041e-05  -3.2895797e-06  6.2852468e-06  5.4953097e-05  1.1221002e-05  -4.4346512e-06  -5.6149115e-06  -2.8028137e-06  -0.0016052806  0.0000000   -2.8758668e-06  -1.0509041e-05  -3.2895797e-06  6.2852468e-06  5.4953097e-05  1.1221002e-05  -4.4346512e-06  -5.6149115e-06  -2.8028137e-06  -0.0016052806  0.0000000   
