0.0000000   -4.6549487e-05  1.7313276e-05  5.9940821e-07  1.3018579e-05  -1.2428863e-07  5.2251202e-06  1.0408124e-05  -1.1974613e-07  9.4143699e-05  3.7568560e-05  0.0000000   -4.6549487e-05  1.7313276e-05  5.9940821e-07  1.3018579e-05  -1.2428863e-07  5.2251202e-06  1.0408124e-05  -1.1974613e-07  9.4143699e-05  3.7568560e-05  
4.6549487e-05  0.0000000   -0.00012105028  -5.1040306e-07  -5.4214181e-05  1.8000042e-06  -4.0733956e-06  -0.00012274236  2.6416867e-05  -8.5046819e-05  -5.9060693e-05  4.6549487e-05  0.0000000   -0.00012105028  -5.1040306e-07  -5.4214181e-05  1.8000042e-06  -4.0733956e-06  -0.00012274236  2.6416867e-05  -8.5046819e-05  -5.9060693e-05  
-1.7313276e-05  0.00012105028  0.0000000   -7.7605808e-07  -0.0022799534  -4.4770106e-07  -4.5996977e-05  0.00023494610  -1.1034374e-05  4.0606275e-05  -2.4708234e-05  -1.7313276e-05  0.00012105028  0.0000000   -7.7605808e-07  -0.0022799534  -4.4770106e-07  -4.5996977e-05  0.00023494610  -1.1034374e-05  4.0606275e-05  -2.4708234e-05  
-5.9940821e-07  5.1040306e-07  7.7605808e-07  0.0000000   3.6043749e-06  0.00021746996  -0.00017408523  -1.8640050e-05  2.7061438e-05  3.9073439e-06  -7.7979957e-07  -5.9940821e-07  5.1040306e-07  7.7605808e-07  0.0000000   3.6043749e-06  0.00021746996  -0.00017408523  -1.8640050e-05  2.7061438e-05  3.9073439e-06  -7.7979957e-07  
-1.3018579e-05  5.4214181e-05  0.0022799534  -3.6043749e-06  0.0000000   -4.3515111e-06  -3.3247815e-05  -5.4232113e-05  -1.1866345e-05  5.5019836e-05  9.4895109e-05  -1.3018579e-05  5.4214181e-05  0.0022799534  -3.6043749e-06  0.0000000   -4.3515111e-06  -3.3247815e-05  -5.4232113e-05  -1.1866345e-05  5.5019836e-05  9.4895109e-05  
1.2428863e-07  -1.8000042e-06  4.4770106e-07  -0.00021746996  4.3515111e-06  0.0000000   5.0044037e-06  -8.3037352e-06  -9.5400363e-05  -2.6479531e-06  9.2625911e-07  1.2428863e-07  -1.8000042e-06  4.4770106e-07  -0.00021746996  4.3515111e-06  0.0000000   5.0044037e-06  -8.3037352e-06  -9.5400363e-05  -2.6479531e-06  9.2625911e-07  
-5.2251202e-06  4.0733956e-06  4.5996977e-05  0.00017408523  3.3247815e-05  -5.0044037e-06  0.0000000   0.00052136945  0.0047838639  -2.5658625e-05  -1.2603346e-05  -5.2251202e-06  4.0733956e-06  4.5996977e-05  0.00017408523  3.3247815e-05  -5.0044037e-06  0.0000000   0.00052136945  0.0047838639  -2.5658625e-05  -1.2603346e-05  
-1.0408124e-05  0.00012274236  -0.00023494610  1.8640050e-05  5.4232113e-05  8.3037352e-06  -0.00052136945  0.0000000   0.00041108129  0.0014490626  -5.2708541e-06  -1.0408124e-05  0.00012274236  -0.00023494610  1.8640050e-05  5.4232113e-05  8.3037352e-06  -0.00052136945  0.0000000   0.00041108129  0.0014490626  -5.2708541e-06  
1.1974613e-07  -2.6416867e-05  1.1034374e-05  -2.7061438e-05  1.1866345e-05  9.5400363e-05  -0.0047838639  -0.00041108129  0.0000000   -7.9713069e-05  -5.9964432e-06  1.1974613e-07  -2.6416867e-05  1.1034374e-05  -2.7061438e-05  1.1866345e-05  9.5400363e-05  -0.0047838639  -0.00041108129  0.0000000   -7.9713069e-05  -5.9964432e-06  
-9.4143699e-05  8.5046819e-05  -4.0606275e-05  -3.9073439e-06  -5.5019836e-05  2.6479531e-06  2.5658625e-05  -0.0014490626  7.9713069e-05  0.0000000   -5.1508749e-05  -9.4143699e-05  8.5046819e-05  -4.0606275e-05  -3.9073439e-06  -5.5019836e-05  2.6479531e-06  2.5658625e-05  -0.0014490626  7.9713069e-05  0.0000000   -5.1508749e-05  
-3.7568560e-05  5.9060693e-05  2.4708234e-05  7.7979957e-07  -9.4895109e-05  -9.2625911e-07  1.2603346e-05  5.2708541e-06  5.9964432e-06  5.1508749e-05  0.0000000   -3.7568560e-05  5.9060693e-05  2.4708234e-05  7.7979957e-07  -9.4895109e-05  -9.2625911e-07  1.2603346e-05  5.2708541e-06  5.9964432e-06  5.1508749e-05  0.0000000   
0.0000000   -4.6549487e-05  1.7313276e-05  5.9940821e-07  1.3018579e-05  -1.2428863e-07  5.2251202e-06  1.0408124e-05  -1.1974613e-07  9.4143699e-05  3.7568560e-05  0.0000000   -4.6549487e-05  1.7313276e-05  5.9940821e-07  1.3018579e-05  -1.2428863e-07  5.2251202e-06  1.0408124e-05  -1.1974613e-07  9.4143699e-05  3.7568560e-05  
4.6549487e-05  0.0000000   -0.00012105028  -5.1040306e-07  -5.4214181e-05  1.8000042e-06  -4.0733956e-06  -0.00012274236  2.6416867e-05  -8.5046819e-05  -5.9060693e-05  4.6549487e-05  0.0000000   -0.00012105028  -5.1040306e-07  -5.4214181e-05  1.8000042e-06  -4.0733956e-06  -0.00012274236  2.6416867e-05  -8.5046819e-05  -5.9060693e-05  
-1.7313276e-05  0.00012105028  0.0000000   -7.7605808e-07  -0.0022799534  -4.4770106e-07  -4.5996977e-05  0.00023494610  -1.1034374e-05  4.0606275e-05  -2.4708234e-05  -1.7313276e-05  0.00012105028  0.0000000   -7.7605808e-07  -0.0022799534  -4.4770106e-07  -4.5996977e-05  0.00023494610  -1.1034374e-05  4.0606275e-05  -2.4708234e-05  
-5.9940821e-07  5.1040306e-07  7.7605808e-07  0.0000000   3.6043749e-06  0.00021746996  -0.00017408523  -1.8640050e-05  2.7061438e-05  3.9073439e-06  -7.7979957e-07  -5.9940821e-07  5.1040306e-07  7.7605808e-07  0.0000000   3.6043749e-06  0.00021746996  -0.00017408523  -1.8640050e-05  2.7061438e-05  3.9073439e-06  -7.7979957e-07  
-1.3018579e-05  5.4214181e-05  0.0022799534  -3.6043749e-06  0.0000000   -4.3515111e-06  -3.3247815e-05  -5.4232113e-05  -1.1866345e-05  5.5019836e-05  9.4895109e-05  -1.3018579e-05  5.4214181e-05  0.0022799534  -3.6043749e-06  0.0000000   -4.3515111e-06  -3.3247815e-05  -5.4232113e-05  -1.1866345e-05  5.5019836e-05  9.4895109e-05  
1.2428863e-07  -1.8000042e-06  4.4770106e-07  -0.00021746996  4.3515111e-06  0.0000000   5.0044037e-06  -8.3037352e-06  -9.5400363e-05  -2.6479531e-06  9.2625911e-07  1.2428863e-07  -1.8000042e-06  4.4770106e-07  -0.00021746996  4.3515111e-06  0.0000000   5.0044037e-06  -8.3037352e-06  -9.5400363e-05  -2.6479531e-06  9.2625911e-07  
-5.2251202e-06  4.0733956e-06  4.5996977e-05  0.00017408523  3.3247815e-05  -5.0044037e-06  0.0000000   0.00052136945  0.0047838639  -2.5658625e-05  -1.2603346e-05  -5.2251202e-06  4.0733956e-06  4.5996977e-05  0.00017408523  3.3247815e-05  -5.0044037e-06  0.0000000   0.00052136945  0.0047838639  -2.5658625e-05  -1.2603346e-05  
-1.0408124e-05  0.00012274236  -0.00023494610  1.8640050e-05  5.4232113e-05  8.3037352e-06  -0.00052136945  0.0000000   0.00041108129  0.0014490626  -5.2708541e-06  -1.0408124e-05  0.00012274236  -0.00023494610  1.8640050e-05  5.4232113e-05  8.3037352e-06  -0.00052136945  0.0000000   0.00041108129  0.0014490626  -5.2708541e-06  
1.1974613e-07  -2.6416867e-05  1.1034374e-05  -2.7061438e-05  1.1866345e-05  9.5400363e-05  -0.0047838639  -0.00041108129  0.0000000   -7.9713069e-05  -5.9964432e-06  1.1974613e-07  -2.6416867e-05  1.1034374e-05  -2.7061438e-05  1.1866345e-05  9.5400363e-05  -0.0047838639  -0.00041108129  0.0000000   -7.9713069e-05  -5.9964432e-06  
-9.4143699e-05  8.5046819e-05  -4.0606275e-05  -3.9073439e-06  -5.5019836e-05  2.6479531e-06  2.5658625e-05  -0.0014490626  7.9713069e-05  0.0000000   -5.1508749e-05  -9.4143699e-05  8.5046819e-05  -4.0606275e-05  -3.9073439e-06  -5.5019836e-05  2.6479531e-06  2.5658625e-05  -0.0014490626  7.9713069e-05  0.0000000   -5.1508749e-05  
-3.7568560e-05  5.9060693e-05  2.4708234e-05  7.7979957e-07  -9.4895109e-05  -9.2625911e-07  1.2603346e-05  5.2708541e-06  5.9964432e-06  5.1508749e-05  0.0000000   -3.7568560e-05  5.9060693e-05  2.4708234e-05  7.7979957e-07  -9.4895109e-05  -9.2625911e-07  1.2603346e-05  5.2708541e-06  5.9964432e-06  5.1508749e-05  0.0000000   
