0.0000000   4.8261089e-05  6.4741466e-06  0.00014535895  2.6490012e-08  4.0903272e-07  4.8294814e-07  3.8416116e-06  -5.3065849e-05  0.00012256454  2.8132875e-05  0.0000000   4.8261089e-05  6.4741466e-06  0.00014535895  2.6490012e-08  4.0903272e-07  4.8294814e-07  3.8416116e-06  -5.3065849e-05  0.00012256454  2.8132875e-05  
-4.8261089e-05  0.0000000   1.7929265e-05  0.00029075329  -2.9869439e-06  -2.5472295e-06  -1.3610742e-05  1.2791078e-05  0.00025297494  -0.00025715056  5.2024273e-05  -4.8261089e-05  0.0000000   1.7929265e-05  0.00029075329  -2.9869439e-06  -2.5472295e-06  -1.3610742e-05  1.2791078e-05  0.00025297494  -0.00025715056  5.2024273e-05  
-6.4741466e-06  -1.7929265e-05  0.0000000   -1.4475036e-05  -1.8450430e-05  -4.4414746e-05  -0.00018867624  0.00023155695  6.3503672e-08  2.6769612e-05  -1.2162257e-05  -6.4741466e-06  -1.7929265e-05  0.0000000   -1.4475036e-05  -1.8450430e-05  -4.4414746e-05  -0.00018867624  0.00023155695  6.3503672e-08  2.6769612e-05  -1.2162257e-05  
-0.00014535895  -0.00029075329  1.4475036e-05  0.0000000   3.3548070e-06  3.6494878e-06  7.1422680e-06  -1.4295260e-05  0.00026247116  3.9984273e-05  -0.00018354147  -0.00014535895  -0.00029075329  1.4475036e-05  0.0000000   3.3548070e-06  3.6494878e-06  7.1422680e-06  -1.4295260e-05  0.00026247116  3.9984273e-05  -0.00018354147  
-2.6490012e-08  2.9869439e-06  1.8450430e-05  -3.3548070e-06  0.0000000   -1.0903424e-05  -0.00017353765  -0.00039267874  -5.0312790e-07  6.8620662e-06  2.1273680e-07  -2.6490012e-08  2.9869439e-06  1.8450430e-05  -3.3548070e-06  0.0000000   -1.0903424e-05  -0.00017353765  -0.00039267874  -5.0312790e-07  6.8620662e-06  2.1273680e-07  
-4.0903272e-07  2.5472295e-06  4.4414746e-05  -3.6494878e-06  1.0903424e-05  0.0000000   -7.8212081e-05  7.4254014e-05  -5.7322710e-06  -1.4772562e-06  6.7765510e-07  -4.0903272e-07  2.5472295e-06  4.4414746e-05  -3.6494878e-06  1.0903424e-05  0.0000000   -7.8212081e-05  7.4254014e-05  -5.7322710e-06  -1.4772562e-06  6.7765510e-07  
-4.8294814e-07  1.3610742e-05  0.00018867624  -7.1422680e-06  0.00017353765  7.8212081e-05  0.0000000   0.0015508105  -8.1920020e-06  1.9655302e-05  9.1382420e-06  -4.8294814e-07  1.3610742e-05  0.00018867624  -7.1422680e-06  0.00017353765  7.8212081e-05  0.0000000   0.0015508105  -8.1920020e-06  1.9655302e-05  9.1382420e-06  
-3.8416116e-06  -1.2791078e-05  -0.00023155695  1.4295260e-05  0.00039267874  -7.4254014e-05  -0.0015508105  0.0000000   -1.1164751e-05  -2.0496105e-05  1.0361001e-05  -3.8416116e-06  -1.2791078e-05  -0.00023155695  1.4295260e-05  0.00039267874  -7.4254014e-05  -0.0015508105  0.0000000   -1.1164751e-05  -2.0496105e-05  1.0361001e-05  
5.3065849e-05  -0.00025297494  -6.3503672e-08  -0.00026247116  5.0312790e-07  5.7322710e-06  8.1920020e-06  1.1164751e-05  0.0000000   -0.0028801862  -0.00049068341  5.3065849e-05  -0.00025297494  -6.3503672e-08  -0.00026247116  5.0312790e-07  5.7322710e-06  8.1920020e-06  1.1164751e-05  0.0000000   -0.0028801862  -0.00049068341  
-0.00012256454  0.00025715056  -2.6769612e-05  -3.9984273e-05  -6.8620662e-06  1.4772562e-06  -1.9655302e-05  2.0496105e-05  0.0028801862  0.0000000   -9.8840932e-05  -0.00012256454  0.00025715056  -2.6769612e-05  -3.9984273e-05  -6.8620662e-06  1.4772562e-06  -1.9655302e-05  2.0496105e-05  0.0028801862  0.0000000   -9.8840932e-05  
-2.8132875e-05  -5.2024273e-05  1.2162257e-05  0.00018354147  -2.1273680e-07  -6.7765510e-07  -9.1382420e-06  -1.0361001e-05  0.00049068341  9.8840932e-05  0.0000000   -2.8132875e-05  -5.2024273e-05  1.2162257e-05  0.00018354147  -2.1273680e-07  -6.7765510e-07  -9.1382420e-06  -1.0361001e-05  0.00049068341  9.8840932e-05  0.0000000   
0.0000000   4.8261089e-05  6.4741466e-06  0.00014535895  2.6490012e-08  4.0903272e-07  4.8294814e-07  3.8416116e-06  -5.3065849e-05  0.00012256454  2.8132875e-05  0.0000000   4.8261089e-05  6.4741466e-06  0.00014535895  2.6490012e-08  4.0903272e-07  4.8294814e-07  3.8416116e-06  -5.3065849e-05  0.00012256454  2.8132875e-05  
-4.8261089e-05  0.0000000   1.7929265e-05  0.00029075329  -2.9869439e-06  -2.5472295e-06  -1.3610742e-05  1.2791078e-05  0.00025297494  -0.00025715056  5.2024273e-05  -4.8261089e-05  0.0000000   1.7929265e-05  0.00029075329  -2.9869439e-06  -2.5472295e-06  -1.3610742e-05  1.2791078e-05  0.00025297494  -0.00025715056  5.2024273e-05  
-6.4741466e-06  -1.7929265e-05  0.0000000   -1.4475036e-05  -1.8450430e-05  -4.4414746e-05  -0.00018867624  0.00023155695  6.3503672e-08  2.6769612e-05  -1.2162257e-05  -6.4741466e-06  -1.7929265e-05  0.0000000   -1.4475036e-05  -1.8450430e-05  -4.4414746e-05  -0.00018867624  0.00023155695  6.3503672e-08  2.6769612e-05  -1.2162257e-05  
-0.00014535895  -0.00029075329  1.4475036e-05  0.0000000   3.3548070e-06  3.6494878e-06  7.1422680e-06  -1.4295260e-05  0.00026247116  3.9984273e-05  -0.00018354147  -0.00014535895  -0.00029075329  1.4475036e-05  0.0000000   3.3548070e-06  3.6494878e-06  7.1422680e-06  -1.4295260e-05  0.00026247116  3.9984273e-05  -0.00018354147  
-2.6490012e-08  2.9869439e-06  1.8450430e-05  -3.3548070e-06  0.0000000   -1.0903424e-05  -0.00017353765  -0.00039267874  -5.0312790e-07  6.8620662e-06  2.1273680e-07  -2.6490012e-08  2.9869439e-06  1.8450430e-05  -3.3548070e-06  0.0000000   -1.0903424e-05  -0.00017353765  -0.00039267874  -5.0312790e-07  6.8620662e-06  2.1273680e-07  
-4.0903272e-07  2.5472295e-06  4.4414746e-05  -3.6494878e-06  1.0903424e-05  0.0000000   -7.8212081e-05  7.4254014e-05  -5.7322710e-06  -1.4772562e-06  6.7765510e-07  -4.0903272e-07  2.5472295e-06  4.4414746e-05  -3.6494878e-06  1.0903424e-05  0.0000000   -7.8212081e-05  7.4254014e-05  -5.7322710e-06  -1.4772562e-06  6.7765510e-07  
-4.8294814e-07  1.3610742e-05  0.00018867624  -7.1422680e-06  0.00017353765  7.8212081e-05  0.0000000   0.0015508105  -8.1920020e-06  1.9655302e-05  9.1382420e-06  -4.8294814e-07  1.3610742e-05  0.00018867624  -7.1422680e-06  0.00017353765  7.8212081e-05  0.0000000   0.0015508105  -8.1920020e-06  1.9655302e-05  9.1382420e-06  
-3.8416116e-06  -1.2791078e-05  -0.00023155695  1.4295260e-05  0.00039267874  -7.4254014e-05  -0.0015508105  0.0000000   -1.1164751e-05  -2.0496105e-05  1.0361001e-05  -3.8416116e-06  -1.2791078e-05  -0.00023155695  1.4295260e-05  0.00039267874  -7.4254014e-05  -0.0015508105  0.0000000   -1.1164751e-05  -2.0496105e-05  1.0361001e-05  
5.3065849e-05  -0.00025297494  -6.3503672e-08  -0.00026247116  5.0312790e-07  5.7322710e-06  8.1920020e-06  1.1164751e-05  0.0000000   -0.0028801862  -0.00049068341  5.3065849e-05  -0.00025297494  -6.3503672e-08  -0.00026247116  5.0312790e-07  5.7322710e-06  8.1920020e-06  1.1164751e-05  0.0000000   -0.0028801862  -0.00049068341  
-0.00012256454  0.00025715056  -2.6769612e-05  -3.9984273e-05  -6.8620662e-06  1.4772562e-06  -1.9655302e-05  2.0496105e-05  0.0028801862  0.0000000   -9.8840932e-05  -0.00012256454  0.00025715056  -2.6769612e-05  -3.9984273e-05  -6.8620662e-06  1.4772562e-06  -1.9655302e-05  2.0496105e-05  0.0028801862  0.0000000   -9.8840932e-05  
-2.8132875e-05  -5.2024273e-05  1.2162257e-05  0.00018354147  -2.1273680e-07  -6.7765510e-07  -9.1382420e-06  -1.0361001e-05  0.00049068341  9.8840932e-05  0.0000000   -2.8132875e-05  -5.2024273e-05  1.2162257e-05  0.00018354147  -2.1273680e-07  -6.7765510e-07  -9.1382420e-06  -1.0361001e-05  0.00049068341  9.8840932e-05  0.0000000   
