0.0000000   -3.1891479e-06  -2.7314096e-07  -2.2689612e-06  -3.1297337e-05  3.7749881e-07  2.8692641e-07  5.6613099e-07  -3.2841311e-07  -3.0624419e-05  6.8482933e-06  0.0000000   -3.1891479e-06  -2.7314096e-07  -2.2689612e-06  -3.1297337e-05  3.7749881e-07  2.8692641e-07  5.6613099e-07  -3.2841311e-07  -3.0624419e-05  6.8482933e-06  
3.1891479e-06  0.0000000   3.9929503e-06  1.5633832e-05  0.00010548925  4.8522664e-07  3.1408016e-07  1.9616087e-06  -2.2228956e-06  -4.5500332e-05  -2.6342572e-05  3.1891479e-06  0.0000000   3.9929503e-06  1.5633832e-05  0.00010548925  4.8522664e-07  3.1408016e-07  1.9616087e-06  -2.2228956e-06  -4.5500332e-05  -2.6342572e-05  
2.7314096e-07  -3.9929503e-06  0.0000000   -0.00054682801  5.2011843e-05  -5.3026326e-05  3.2641511e-06  -0.00014830285  0.00010890666  3.8748993e-06  1.8589970e-06  2.7314096e-07  -3.9929503e-06  0.0000000   -0.00054682801  5.2011843e-05  -5.3026326e-05  3.2641511e-06  -0.00014830285  0.00010890666  3.8748993e-06  1.8589970e-06  
2.2689612e-06  -1.5633832e-05  0.00054682801  0.0000000   -1.4406209e-05  -0.00019757041  -5.9175052e-05  5.2657644e-05  0.00014924856  1.7674939e-05  9.8258446e-06  2.2689612e-06  -1.5633832e-05  0.00054682801  0.0000000   -1.4406209e-05  -0.00019757041  -5.9175052e-05  5.2657644e-05  0.00014924856  1.7674939e-05  9.8258446e-06  
3.1297337e-05  -0.00010548925  -5.2011843e-05  1.4406209e-05  0.0000000   1.9381122e-05  4.9771249e-06  -2.4132863e-06  -1.8161971e-05  0.00015340445  0.00010001017  3.1297337e-05  -0.00010548925  -5.2011843e-05  1.4406209e-05  0.0000000   1.9381122e-05  4.9771249e-06  -2.4132863e-06  -1.8161971e-05  0.00015340445  0.00010001017  
-3.7749881e-07  -4.8522664e-07  5.3026326e-05  0.00019757041  -1.9381122e-05  0.0000000   0.00033649708  -9.7833410e-05  -1.7157912e-05  4.1320102e-06  2.2137620e-06  -3.7749881e-07  -4.8522664e-07  5.3026326e-05  0.00019757041  -1.9381122e-05  0.0000000   0.00033649708  -9.7833410e-05  -1.7157912e-05  4.1320102e-06  2.2137620e-06  
-2.8692641e-07  -3.1408016e-07  -3.2641511e-06  5.9175052e-05  -4.9771249e-06  -0.00033649708  0.0000000   -6.1707106e-05  -4.2046006e-05  -4.6264432e-07  -4.1268278e-06  -2.8692641e-07  -3.1408016e-07  -3.2641511e-06  5.9175052e-05  -4.9771249e-06  -0.00033649708  0.0000000   -6.1707106e-05  -4.2046006e-05  -4.6264432e-07  -4.1268278e-06  
-5.6613099e-07  -1.9616087e-06  0.00014830285  -5.2657644e-05  2.4132863e-06  9.7833410e-05  6.1707106e-05  0.0000000   -0.00035803467  -4.0530250e-07  -2.8321075e-06  -5.6613099e-07  -1.9616087e-06  0.00014830285  -5.2657644e-05  2.4132863e-06  9.7833410e-05  6.1707106e-05  0.0000000   -0.00035803467  -4.0530250e-07  -2.8321075e-06  
3.2841311e-07  2.2228956e-06  -0.00010890666  -0.00014924856  1.8161971e-05  1.7157912e-05  4.2046006e-05  0.00035803467  0.0000000   5.1018519e-06  1.0023631e-06  3.2841311e-07  2.2228956e-06  -0.00010890666  -0.00014924856  1.8161971e-05  1.7157912e-05  4.2046006e-05  0.00035803467  0.0000000   5.1018519e-06  1.0023631e-06  
3.0624419e-05  4.5500332e-05  -3.8748993e-06  -1.7674939e-05  -0.00015340445  -4.1320102e-06  4.6264432e-07  4.0530250e-07  -5.1018519e-06  0.0000000   0.00045797960  3.0624419e-05  4.5500332e-05  -3.8748993e-06  -1.7674939e-05  -0.00015340445  -4.1320102e-06  4.6264432e-07  4.0530250e-07  -5.1018519e-06  0.0000000   0.00045797960  
-6.8482933e-06  2.6342572e-05  -1.8589970e-06  -9.8258446e-06  -0.00010001017  -2.2137620e-06  4.1268278e-06  2.8321075e-06  -1.0023631e-06  -0.00045797960  0.0000000   -6.8482933e-06  2.6342572e-05  -1.8589970e-06  -9.8258446e-06  -0.00010001017  -2.2137620e-06  4.1268278e-06  2.8321075e-06  -1.0023631e-06  -0.00045797960  0.0000000   
0.0000000   -3.1891479e-06  -2.7314096e-07  -2.2689612e-06  -3.1297337e-05  3.7749881e-07  2.8692641e-07  5.6613099e-07  -3.2841311e-07  -3.0624419e-05  6.8482933e-06  0.0000000   -3.1891479e-06  -2.7314096e-07  -2.2689612e-06  -3.1297337e-05  3.7749881e-07  2.8692641e-07  5.6613099e-07  -3.2841311e-07  -3.0624419e-05  6.8482933e-06  
3.1891479e-06  0.0000000   3.9929503e-06  1.5633832e-05  0.00010548925  4.8522664e-07  3.1408016e-07  1.9616087e-06  -2.2228956e-06  -4.5500332e-05  -2.6342572e-05  3.1891479e-06  0.0000000   3.9929503e-06  1.5633832e-05  0.00010548925  4.8522664e-07  3.1408016e-07  1.9616087e-06  -2.2228956e-06  -4.5500332e-05  -2.6342572e-05  
2.7314096e-07  -3.9929503e-06  0.0000000   -0.00054682801  5.2011843e-05  -5.3026326e-05  3.2641511e-06  -0.00014830285  0.00010890666  3.8748993e-06  1.8589970e-06  2.7314096e-07  -3.9929503e-06  0.0000000   -0.00054682801  5.2011843e-05  -5.3026326e-05  3.2641511e-06  -0.00014830285  0.00010890666  3.8748993e-06  1.8589970e-06  
2.2689612e-06  -1.5633832e-05  0.00054682801  0.0000000   -1.4406209e-05  -0.00019757041  -5.9175052e-05  5.2657644e-05  0.00014924856  1.7674939e-05  9.8258446e-06  2.2689612e-06  -1.5633832e-05  0.00054682801  0.0000000   -1.4406209e-05  -0.00019757041  -5.9175052e-05  5.2657644e-05  0.00014924856  1.7674939e-05  9.8258446e-06  
3.1297337e-05  -0.00010548925  -5.2011843e-05  1.4406209e-05  0.0000000   1.9381122e-05  4.9771249e-06  -2.4132863e-06  -1.8161971e-05  0.00015340445  0.00010001017  3.1297337e-05  -0.00010548925  -5.2011843e-05  1.4406209e-05  0.0000000   1.9381122e-05  4.9771249e-06  -2.4132863e-06  -1.8161971e-05  0.00015340445  0.00010001017  
-3.7749881e-07  -4.8522664e-07  5.3026326e-05  0.00019757041  -1.9381122e-05  0.0000000   0.00033649708  -9.7833410e-05  -1.7157912e-05  4.1320102e-06  2.2137620e-06  -3.7749881e-07  -4.8522664e-07  5.3026326e-05  0.00019757041  -1.9381122e-05  0.0000000   0.00033649708  -9.7833410e-05  -1.7157912e-05  4.1320102e-06  2.2137620e-06  
-2.8692641e-07  -3.1408016e-07  -3.2641511e-06  5.9175052e-05  -4.9771249e-06  -0.00033649708  0.0000000   -6.1707106e-05  -4.2046006e-05  -4.6264432e-07  -4.1268278e-06  -2.8692641e-07  -3.1408016e-07  -3.2641511e-06  5.9175052e-05  -4.9771249e-06  -0.00033649708  0.0000000   -6.1707106e-05  -4.2046006e-05  -4.6264432e-07  -4.1268278e-06  
-5.6613099e-07  -1.9616087e-06  0.00014830285  -5.2657644e-05  2.4132863e-06  9.7833410e-05  6.1707106e-05  0.0000000   -0.00035803467  -4.0530250e-07  -2.8321075e-06  -5.6613099e-07  -1.9616087e-06  0.00014830285  -5.2657644e-05  2.4132863e-06  9.7833410e-05  6.1707106e-05  0.0000000   -0.00035803467  -4.0530250e-07  -2.8321075e-06  
3.2841311e-07  2.2228956e-06  -0.00010890666  -0.00014924856  1.8161971e-05  1.7157912e-05  4.2046006e-05  0.00035803467  0.0000000   5.1018519e-06  1.0023631e-06  3.2841311e-07  2.2228956e-06  -0.00010890666  -0.00014924856  1.8161971e-05  1.7157912e-05  4.2046006e-05  0.00035803467  0.0000000   5.1018519e-06  1.0023631e-06  
3.0624419e-05  4.5500332e-05  -3.8748993e-06  -1.7674939e-05  -0.00015340445  -4.1320102e-06  4.6264432e-07  4.0530250e-07  -5.1018519e-06  0.0000000   0.00045797960  3.0624419e-05  4.5500332e-05  -3.8748993e-06  -1.7674939e-05  -0.00015340445  -4.1320102e-06  4.6264432e-07  4.0530250e-07  -5.1018519e-06  0.0000000   0.00045797960  
-6.8482933e-06  2.6342572e-05  -1.8589970e-06  -9.8258446e-06  -0.00010001017  -2.2137620e-06  4.1268278e-06  2.8321075e-06  -1.0023631e-06  -0.00045797960  0.0000000   -6.8482933e-06  2.6342572e-05  -1.8589970e-06  -9.8258446e-06  -0.00010001017  -2.2137620e-06  4.1268278e-06  2.8321075e-06  -1.0023631e-06  -0.00045797960  0.0000000   
