1.0000000   3.6229293e-17  -3.7635029e-16  -1.4411757e-16  -1.9348943e-16  -1.6554158e-16  -1.6764900e-16  7.7719508e-18  2.5614118e-16  3.4286623e-16  -4.7341137e-16  1.0000000   3.6229293e-17  -3.7635029e-16  -1.4411757e-16  -1.9348943e-16  -1.6554158e-16  -1.6764900e-16  7.7719508e-18  2.5614118e-16  3.4286623e-16  -4.7341137e-16  
3.6229293e-17  1.0000000   5.8465602e-17  -5.2911099e-16  2.8082446e-16  2.4926253e-16  -4.4315790e-16  3.8059308e-18  -3.9429378e-16  -1.0650762e-16  5.4194015e-16  3.6229293e-17  1.0000000   5.8465602e-17  -5.2911099e-16  2.8082446e-16  2.4926253e-16  -4.4315790e-16  3.8059308e-18  -3.9429378e-16  -1.0650762e-16  5.4194015e-16  
-3.7635029e-16  5.8465602e-17  1.0000000   1.2405189e-15  -5.4940378e-16  -2.8656014e-16  -1.0464499e-16  -3.9054529e-16  -4.6950163e-16  2.9973023e-16  9.0595997e-16  -3.7635029e-16  5.8465602e-17  1.0000000   1.2405189e-15  -5.4940378e-16  -2.8656014e-16  -1.0464499e-16  -3.9054529e-16  -4.6950163e-16  2.9973023e-16  9.0595997e-16  
-1.4411757e-16  -5.2911099e-16  1.2405189e-15  1.0000000   -6.3285728e-16  -5.0889189e-16  -1.3000092e-16  3.2216898e-18  -1.0227219e-16  -4.7516600e-16  2.1412760e-16  -1.4411757e-16  -5.2911099e-16  1.2405189e-15  1.0000000   -6.3285728e-16  -5.0889189e-16  -1.3000092e-16  3.2216898e-18  -1.0227219e-16  -4.7516600e-16  2.1412760e-16  
-1.9348943e-16  2.8082446e-16  -5.4940378e-16  -6.3285728e-16  1.0000000   -1.3494505e-16  -1.0584270e-16  2.6835571e-16  4.7767708e-16  -2.9995279e-16  -2.9025998e-16  -1.9348943e-16  2.8082446e-16  -5.4940378e-16  -6.3285728e-16  1.0000000   -1.3494505e-16  -1.0584270e-16  2.6835571e-16  4.7767708e-16  -2.9995279e-16  -2.9025998e-16  
-1.6554158e-16  2.4926253e-16  -2.8656014e-16  -5.0889189e-16  -1.3494505e-16  1.0000000   8.8102438e-17  -2.1607768e-16  -3.3764745e-17  -2.7945523e-16  -1.0874760e-16  -1.6554158e-16  2.4926253e-16  -2.8656014e-16  -5.0889189e-16  -1.3494505e-16  1.0000000   8.8102438e-17  -2.1607768e-16  -3.3764745e-17  -2.7945523e-16  -1.0874760e-16  
-1.6764900e-16  -4.4315790e-16  -1.0464499e-16  -1.3000092e-16  -1.0584270e-16  8.8102438e-17  1.0000000   -9.5639761e-17  -2.0726600e-16  2.0463215e-16  -6.3108190e-17  -1.6764900e-16  -4.4315790e-16  -1.0464499e-16  -1.3000092e-16  -1.0584270e-16  8.8102438e-17  1.0000000   -9.5639761e-17  -2.0726600e-16  2.0463215e-16  -6.3108190e-17  
7.7719508e-18  3.8059308e-18  -3.9054529e-16  3.2216898e-18  2.6835571e-16  -2.1607768e-16  -9.5639761e-17  1.0000000   -3.5068117e-16  3.8143164e-16  2.1085382e-16  7.7719508e-18  3.8059308e-18  -3.9054529e-16  3.2216898e-18  2.6835571e-16  -2.1607768e-16  -9.5639761e-17  1.0000000   -3.5068117e-16  3.8143164e-16  2.1085382e-16  
2.5614118e-16  -3.9429378e-16  -4.6950163e-16  -1.0227219e-16  4.7767708e-16  -3.3764745e-17  -2.0726600e-16  -3.5068117e-16  1.0000000   4.4797773e-16  2.9911592e-16  2.5614118e-16  -3.9429378e-16  -4.6950163e-16  -1.0227219e-16  4.7767708e-16  -3.3764745e-17  -2.0726600e-16  -3.5068117e-16  1.0000000   4.4797773e-16  2.9911592e-16  
3.4286623e-16  -1.0650762e-16  2.9973023e-16  -4.7516600e-16  -2.9995279e-16  -2.7945523e-16  2.0463215e-16  3.8143164e-16  4.4797773e-16  1.0000000   -1.2585808e-16  3.4286623e-16  -1.0650762e-16  2.9973023e-16  -4.7516600e-16  -2.9995279e-16  -2.7945523e-16  2.0463215e-16  3.8143164e-16  4.4797773e-16  1.0000000   -1.2585808e-16  
-4.7341137e-16  5.4194015e-16  9.0595997e-16  2.1412760e-16  -2.9025998e-16  -1.0874760e-16  -6.3108190e-17  2.1085382e-16  2.9911592e-16  -1.2585808e-16  1.0000000   -4.7341137e-16  5.4194015e-16  9.0595997e-16  2.1412760e-16  -2.9025998e-16  -1.0874760e-16  -6.3108190e-17  2.1085382e-16  2.9911592e-16  -1.2585808e-16  1.0000000   
1.0000000   3.6229293e-17  -3.7635029e-16  -1.4411757e-16  -1.9348943e-16  -1.6554158e-16  -1.6764900e-16  7.7719508e-18  2.5614118e-16  3.4286623e-16  -4.7341137e-16  1.0000000   3.6229293e-17  -3.7635029e-16  -1.4411757e-16  -1.9348943e-16  -1.6554158e-16  -1.6764900e-16  7.7719508e-18  2.5614118e-16  3.4286623e-16  -4.7341137e-16  
3.6229293e-17  1.0000000   5.8465602e-17  -5.2911099e-16  2.8082446e-16  2.4926253e-16  -4.4315790e-16  3.8059308e-18  -3.9429378e-16  -1.0650762e-16  5.4194015e-16  3.6229293e-17  1.0000000   5.8465602e-17  -5.2911099e-16  2.8082446e-16  2.4926253e-16  -4.4315790e-16  3.8059308e-18  -3.9429378e-16  -1.0650762e-16  5.4194015e-16  
-3.7635029e-16  5.8465602e-17  1.0000000   1.2405189e-15  -5.4940378e-16  -2.8656014e-16  -1.0464499e-16  -3.9054529e-16  -4.6950163e-16  2.9973023e-16  9.0595997e-16  -3.7635029e-16  5.8465602e-17  1.0000000   1.2405189e-15  -5.4940378e-16  -2.8656014e-16  -1.0464499e-16  -3.9054529e-16  -4.6950163e-16  2.9973023e-16  9.0595997e-16  
-1.4411757e-16  -5.2911099e-16  1.2405189e-15  1.0000000   -6.3285728e-16  -5.0889189e-16  -1.3000092e-16  3.2216898e-18  -1.0227219e-16  -4.7516600e-16  2.1412760e-16  -1.4411757e-16  -5.2911099e-16  1.2405189e-15  1.0000000   -6.3285728e-16  -5.0889189e-16  -1.3000092e-16  3.2216898e-18  -1.0227219e-16  -4.7516600e-16  2.1412760e-16  
-1.9348943e-16  2.8082446e-16  -5.4940378e-16  -6.3285728e-16  1.0000000   -1.3494505e-16  -1.0584270e-16  2.6835571e-16  4.7767708e-16  -2.9995279e-16  -2.9025998e-16  -1.9348943e-16  2.8082446e-16  -5.4940378e-16  -6.3285728e-16  1.0000000   -1.3494505e-16  -1.0584270e-16  2.6835571e-16  4.7767708e-16  -2.9995279e-16  -2.9025998e-16  
-1.6554158e-16  2.4926253e-16  -2.8656014e-16  -5.0889189e-16  -1.3494505e-16  1.0000000   8.8102438e-17  -2.1607768e-16  -3.3764745e-17  -2.7945523e-16  -1.0874760e-16  -1.6554158e-16  2.4926253e-16  -2.8656014e-16  -5.0889189e-16  -1.3494505e-16  1.0000000   8.8102438e-17  -2.1607768e-16  -3.3764745e-17  -2.7945523e-16  -1.0874760e-16  
-1.6764900e-16  -4.4315790e-16  -1.0464499e-16  -1.3000092e-16  -1.0584270e-16  8.8102438e-17  1.0000000   -9.5639761e-17  -2.0726600e-16  2.0463215e-16  -6.3108190e-17  -1.6764900e-16  -4.4315790e-16  -1.0464499e-16  -1.3000092e-16  -1.0584270e-16  8.8102438e-17  1.0000000   -9.5639761e-17  -2.0726600e-16  2.0463215e-16  -6.3108190e-17  
7.7719508e-18  3.8059308e-18  -3.9054529e-16  3.2216898e-18  2.6835571e-16  -2.1607768e-16  -9.5639761e-17  1.0000000   -3.5068117e-16  3.8143164e-16  2.1085382e-16  7.7719508e-18  3.8059308e-18  -3.9054529e-16  3.2216898e-18  2.6835571e-16  -2.1607768e-16  -9.5639761e-17  1.0000000   -3.5068117e-16  3.8143164e-16  2.1085382e-16  
2.5614118e-16  -3.9429378e-16  -4.6950163e-16  -1.0227219e-16  4.7767708e-16  -3.3764745e-17  -2.0726600e-16  -3.5068117e-16  1.0000000   4.4797773e-16  2.9911592e-16  2.5614118e-16  -3.9429378e-16  -4.6950163e-16  -1.0227219e-16  4.7767708e-16  -3.3764745e-17  -2.0726600e-16  -3.5068117e-16  1.0000000   4.4797773e-16  2.9911592e-16  
3.4286623e-16  -1.0650762e-16  2.9973023e-16  -4.7516600e-16  -2.9995279e-16  -2.7945523e-16  2.0463215e-16  3.8143164e-16  4.4797773e-16  1.0000000   -1.2585808e-16  3.4286623e-16  -1.0650762e-16  2.9973023e-16  -4.7516600e-16  -2.9995279e-16  -2.7945523e-16  2.0463215e-16  3.8143164e-16  4.4797773e-16  1.0000000   -1.2585808e-16  
-4.7341137e-16  5.4194015e-16  9.0595997e-16  2.1412760e-16  -2.9025998e-16  -1.0874760e-16  -6.3108190e-17  2.1085382e-16  2.9911592e-16  -1.2585808e-16  1.0000000   -4.7341137e-16  5.4194015e-16  9.0595997e-16  2.1412760e-16  -2.9025998e-16  -1.0874760e-16  -6.3108190e-17  2.1085382e-16  2.9911592e-16  -1.2585808e-16  1.0000000   
