1.0000000   -1.4089715e-16  4.6987967e-16  2.3651786e-16  -2.8652922e-16  3.1072218e-16  1.4719569e-16  -7.1751314e-17  -2.4238695e-17  3.3877083e-17  -2.5015170e-16  1.0000000   -1.4089715e-16  4.6987967e-16  2.3651786e-16  -2.8652922e-16  3.1072218e-16  1.4719569e-16  -7.1751314e-17  -2.4238695e-17  3.3877083e-17  -2.5015170e-16  
-1.4089715e-16  1.0000000   -1.4685285e-16  -2.0255776e-16  -3.3530628e-16  4.5379367e-17  -1.7264734e-16  1.0909573e-16  1.3999718e-16  7.4180922e-17  -4.6153650e-16  -1.4089715e-16  1.0000000   -1.4685285e-16  -2.0255776e-16  -3.3530628e-16  4.5379367e-17  -1.7264734e-16  1.0909573e-16  1.3999718e-16  7.4180922e-17  -4.6153650e-16  
4.6987967e-16  -1.4685285e-16  1.0000000   -5.4605249e-17  -4.3565464e-16  -3.3036826e-17  -9.3422228e-17  -1.1817491e-16  9.9683919e-17  2.6596411e-17  1.6190643e-16  4.6987967e-16  -1.4685285e-16  1.0000000   -5.4605249e-17  -4.3565464e-16  -3.3036826e-17  -9.3422228e-17  -1.1817491e-16  9.9683919e-17  2.6596411e-17  1.6190643e-16  
2.3651786e-16  -2.0255776e-16  -5.4605249e-17  1.0000000   -2.7470554e-16  -1.0369549e-15  1.6577430e-16  -1.6601062e-16  -1.8599827e-16  1.7719876e-16  -2.3664184e-16  2.3651786e-16  -2.0255776e-16  -5.4605249e-17  1.0000000   -2.7470554e-16  -1.0369549e-15  1.6577430e-16  -1.6601062e-16  -1.8599827e-16  1.7719876e-16  -2.3664184e-16  
-2.8652922e-16  -3.3530628e-16  -4.3565464e-16  -2.7470554e-16  1.0000000   3.3454482e-16  5.0407749e-16  3.3251492e-16  -9.6775685e-17  -6.7563636e-17  -3.1011001e-17  -2.8652922e-16  -3.3530628e-16  -4.3565464e-16  -2.7470554e-16  1.0000000   3.3454482e-16  5.0407749e-16  3.3251492e-16  -9.6775685e-17  -6.7563636e-17  -3.1011001e-17  
3.1072218e-16  4.5379367e-17  -3.3036826e-17  -1.0369549e-15  3.3454482e-16  1.0000000   1.0965858e-16  -1.6894072e-16  -2.0958306e-16  -6.9344046e-17  -7.0484195e-16  3.1072218e-16  4.5379367e-17  -3.3036826e-17  -1.0369549e-15  3.3454482e-16  1.0000000   1.0965858e-16  -1.6894072e-16  -2.0958306e-16  -6.9344046e-17  -7.0484195e-16  
1.4719569e-16  -1.7264734e-16  -9.3422228e-17  1.6577430e-16  5.0407749e-16  1.0965858e-16  1.0000000   4.3428480e-16  -1.6812079e-16  -4.0306063e-17  -1.4531867e-16  1.4719569e-16  -1.7264734e-16  -9.3422228e-17  1.6577430e-16  5.0407749e-16  1.0965858e-16  1.0000000   4.3428480e-16  -1.6812079e-16  -4.0306063e-17  -1.4531867e-16  
-7.1751314e-17  1.0909573e-16  -1.1817491e-16  -1.6601062e-16  3.3251492e-16  -1.6894072e-16  4.3428480e-16  1.0000000   1.9885581e-16  3.1739971e-16  -6.5852344e-16  -7.1751314e-17  1.0909573e-16  -1.1817491e-16  -1.6601062e-16  3.3251492e-16  -1.6894072e-16  4.3428480e-16  1.0000000   1.9885581e-16  3.1739971e-16  -6.5852344e-16  
-2.4238695e-17  1.3999718e-16  9.9683919e-17  -1.8599827e-16  -9.6775685e-17  -2.0958306e-16  -1.6812079e-16  1.9885581e-16  1.0000000   -5.5636597e-16  -2.3026082e-16  -2.4238695e-17  1.3999718e-16  9.9683919e-17  -1.8599827e-16  -9.6775685e-17  -2.0958306e-16  -1.6812079e-16  1.9885581e-16  1.0000000   -5.5636597e-16  -2.3026082e-16  
3.3877083e-17  7.4180922e-17  2.6596411e-17  1.7719876e-16  -6.7563636e-17  -6.9344046e-17  -4.0306063e-17  3.1739971e-16  -5.5636597e-16  1.0000000   7.5392814e-17  3.3877083e-17  7.4180922e-17  2.6596411e-17  1.7719876e-16  -6.7563636e-17  -6.9344046e-17  -4.0306063e-17  3.1739971e-16  -5.5636597e-16  1.0000000   7.5392814e-17  
-2.5015170e-16  -4.6153650e-16  1.6190643e-16  -2.3664184e-16  -3.1011001e-17  -7.0484195e-16  -1.4531867e-16  -6.5852344e-16  -2.3026082e-16  7.5392814e-17  1.0000000   -2.5015170e-16  -4.6153650e-16  1.6190643e-16  -2.3664184e-16  -3.1011001e-17  -7.0484195e-16  -1.4531867e-16  -6.5852344e-16  -2.3026082e-16  7.5392814e-17  1.0000000   
1.0000000   -1.4089715e-16  4.6987967e-16  2.3651786e-16  -2.8652922e-16  3.1072218e-16  1.4719569e-16  -7.1751314e-17  -2.4238695e-17  3.3877083e-17  -2.5015170e-16  1.0000000   -1.4089715e-16  4.6987967e-16  2.3651786e-16  -2.8652922e-16  3.1072218e-16  1.4719569e-16  -7.1751314e-17  -2.4238695e-17  3.3877083e-17  -2.5015170e-16  
-1.4089715e-16  1.0000000   -1.4685285e-16  -2.0255776e-16  -3.3530628e-16  4.5379367e-17  -1.7264734e-16  1.0909573e-16  1.3999718e-16  7.4180922e-17  -4.6153650e-16  -1.4089715e-16  1.0000000   -1.4685285e-16  -2.0255776e-16  -3.3530628e-16  4.5379367e-17  -1.7264734e-16  1.0909573e-16  1.3999718e-16  7.4180922e-17  -4.6153650e-16  
4.6987967e-16  -1.4685285e-16  1.0000000   -5.4605249e-17  -4.3565464e-16  -3.3036826e-17  -9.3422228e-17  -1.1817491e-16  9.9683919e-17  2.6596411e-17  1.6190643e-16  4.6987967e-16  -1.4685285e-16  1.0000000   -5.4605249e-17  -4.3565464e-16  -3.3036826e-17  -9.3422228e-17  -1.1817491e-16  9.9683919e-17  2.6596411e-17  1.6190643e-16  
2.3651786e-16  -2.0255776e-16  -5.4605249e-17  1.0000000   -2.7470554e-16  -1.0369549e-15  1.6577430e-16  -1.6601062e-16  -1.8599827e-16  1.7719876e-16  -2.3664184e-16  2.3651786e-16  -2.0255776e-16  -5.4605249e-17  1.0000000   -2.7470554e-16  -1.0369549e-15  1.6577430e-16  -1.6601062e-16  -1.8599827e-16  1.7719876e-16  -2.3664184e-16  
-2.8652922e-16  -3.3530628e-16  -4.3565464e-16  -2.7470554e-16  1.0000000   3.3454482e-16  5.0407749e-16  3.3251492e-16  -9.6775685e-17  -6.7563636e-17  -3.1011001e-17  -2.8652922e-16  -3.3530628e-16  -4.3565464e-16  -2.7470554e-16  1.0000000   3.3454482e-16  5.0407749e-16  3.3251492e-16  -9.6775685e-17  -6.7563636e-17  -3.1011001e-17  
3.1072218e-16  4.5379367e-17  -3.3036826e-17  -1.0369549e-15  3.3454482e-16  1.0000000   1.0965858e-16  -1.6894072e-16  -2.0958306e-16  -6.9344046e-17  -7.0484195e-16  3.1072218e-16  4.5379367e-17  -3.3036826e-17  -1.0369549e-15  3.3454482e-16  1.0000000   1.0965858e-16  -1.6894072e-16  -2.0958306e-16  -6.9344046e-17  -7.0484195e-16  
1.4719569e-16  -1.7264734e-16  -9.3422228e-17  1.6577430e-16  5.0407749e-16  1.0965858e-16  1.0000000   4.3428480e-16  -1.6812079e-16  -4.0306063e-17  -1.4531867e-16  1.4719569e-16  -1.7264734e-16  -9.3422228e-17  1.6577430e-16  5.0407749e-16  1.0965858e-16  1.0000000   4.3428480e-16  -1.6812079e-16  -4.0306063e-17  -1.4531867e-16  
-7.1751314e-17  1.0909573e-16  -1.1817491e-16  -1.6601062e-16  3.3251492e-16  -1.6894072e-16  4.3428480e-16  1.0000000   1.9885581e-16  3.1739971e-16  -6.5852344e-16  -7.1751314e-17  1.0909573e-16  -1.1817491e-16  -1.6601062e-16  3.3251492e-16  -1.6894072e-16  4.3428480e-16  1.0000000   1.9885581e-16  3.1739971e-16  -6.5852344e-16  
-2.4238695e-17  1.3999718e-16  9.9683919e-17  -1.8599827e-16  -9.6775685e-17  -2.0958306e-16  -1.6812079e-16  1.9885581e-16  1.0000000   -5.5636597e-16  -2.3026082e-16  -2.4238695e-17  1.3999718e-16  9.9683919e-17  -1.8599827e-16  -9.6775685e-17  -2.0958306e-16  -1.6812079e-16  1.9885581e-16  1.0000000   -5.5636597e-16  -2.3026082e-16  
3.3877083e-17  7.4180922e-17  2.6596411e-17  1.7719876e-16  -6.7563636e-17  -6.9344046e-17  -4.0306063e-17  3.1739971e-16  -5.5636597e-16  1.0000000   7.5392814e-17  3.3877083e-17  7.4180922e-17  2.6596411e-17  1.7719876e-16  -6.7563636e-17  -6.9344046e-17  -4.0306063e-17  3.1739971e-16  -5.5636597e-16  1.0000000   7.5392814e-17  
-2.5015170e-16  -4.6153650e-16  1.6190643e-16  -2.3664184e-16  -3.1011001e-17  -7.0484195e-16  -1.4531867e-16  -6.5852344e-16  -2.3026082e-16  7.5392814e-17  1.0000000   -2.5015170e-16  -4.6153650e-16  1.6190643e-16  -2.3664184e-16  -3.1011001e-17  -7.0484195e-16  -1.4531867e-16  -6.5852344e-16  -2.3026082e-16  7.5392814e-17  1.0000000   
