1.0000000   -8.1288905e-17  -6.8508025e-18  -1.5209417e-15  6.9233021e-16  2.9388994e-16  -1.9670223e-16  -2.8366117e-16  8.0773062e-18  6.6795324e-17  -4.5615392e-16  1.0000000   -8.1288905e-17  -6.8508025e-18  -1.5209417e-15  6.9233021e-16  2.9388994e-16  -1.9670223e-16  -2.8366117e-16  8.0773062e-18  6.6795324e-17  -4.5615392e-16  
-8.1288905e-17  1.0000000   -9.5048955e-17  2.0396633e-16  -1.2051521e-16  -2.9120421e-16  -1.0161558e-16  -4.3048883e-16  -7.9649049e-17  -6.2223220e-16  -1.0324234e-16  -8.1288905e-17  1.0000000   -9.5048955e-17  2.0396633e-16  -1.2051521e-16  -2.9120421e-16  -1.0161558e-16  -4.3048883e-16  -7.9649049e-17  -6.2223220e-16  -1.0324234e-16  
-6.8508025e-18  -9.5048955e-17  1.0000000   -1.5398148e-16  -3.1503516e-16  5.0305223e-16  3.0308459e-16  -9.6754879e-17  3.9914501e-16  -3.4395038e-16  4.3540633e-16  -6.8508025e-18  -9.5048955e-17  1.0000000   -1.5398148e-16  -3.1503516e-16  5.0305223e-16  3.0308459e-16  -9.6754879e-17  3.9914501e-16  -3.4395038e-16  4.3540633e-16  
-1.5209417e-15  2.0396633e-16  -1.5398148e-16  1.0000000   5.9121788e-16  1.7736065e-16  -7.2622000e-16  4.1664704e-17  6.3850191e-17  2.3876811e-16  -6.6379738e-16  -1.5209417e-15  2.0396633e-16  -1.5398148e-16  1.0000000   5.9121788e-16  1.7736065e-16  -7.2622000e-16  4.1664704e-17  6.3850191e-17  2.3876811e-16  -6.6379738e-16  
6.9233021e-16  -1.2051521e-16  -3.1503516e-16  5.9121788e-16  1.0000000   -2.9094332e-16  2.5770130e-16  -2.9854947e-17  -2.8965901e-16  -3.5475791e-16  3.1340651e-16  6.9233021e-16  -1.2051521e-16  -3.1503516e-16  5.9121788e-16  1.0000000   -2.9094332e-16  2.5770130e-16  -2.9854947e-17  -2.8965901e-16  -3.5475791e-16  3.1340651e-16  
2.9388994e-16  -2.9120421e-16  5.0305223e-16  1.7736065e-16  -2.9094332e-16  1.0000000   -5.7931209e-16  -1.1023626e-16  -7.2531431e-17  -4.0808777e-16  -1.9029813e-16  2.9388994e-16  -2.9120421e-16  5.0305223e-16  1.7736065e-16  -2.9094332e-16  1.0000000   -5.7931209e-16  -1.1023626e-16  -7.2531431e-17  -4.0808777e-16  -1.9029813e-16  
-1.9670223e-16  -1.0161558e-16  3.0308459e-16  -7.2622000e-16  2.5770130e-16  -5.7931209e-16  1.0000000   2.5976468e-16  -7.6230424e-17  1.4693512e-16  7.1616101e-16  -1.9670223e-16  -1.0161558e-16  3.0308459e-16  -7.2622000e-16  2.5770130e-16  -5.7931209e-16  1.0000000   2.5976468e-16  -7.6230424e-17  1.4693512e-16  7.1616101e-16  
-2.8366117e-16  -4.3048883e-16  -9.6754879e-17  4.1664704e-17  -2.9854947e-17  -1.1023626e-16  2.5976468e-16  1.0000000   -2.1873943e-16  7.0440065e-16  -4.3708806e-17  -2.8366117e-16  -4.3048883e-16  -9.6754879e-17  4.1664704e-17  -2.9854947e-17  -1.1023626e-16  2.5976468e-16  1.0000000   -2.1873943e-16  7.0440065e-16  -4.3708806e-17  
8.0773062e-18  -7.9649049e-17  3.9914501e-16  6.3850191e-17  -2.8965901e-16  -7.2531431e-17  -7.6230424e-17  -2.1873943e-16  1.0000000   4.7510311e-16  5.3945496e-16  8.0773062e-18  -7.9649049e-17  3.9914501e-16  6.3850191e-17  -2.8965901e-16  -7.2531431e-17  -7.6230424e-17  -2.1873943e-16  1.0000000   4.7510311e-16  5.3945496e-16  
6.6795324e-17  -6.2223220e-16  -3.4395038e-16  2.3876811e-16  -3.5475791e-16  -4.0808777e-16  1.4693512e-16  7.0440065e-16  4.7510311e-16  1.0000000   -7.7305722e-16  6.6795324e-17  -6.2223220e-16  -3.4395038e-16  2.3876811e-16  -3.5475791e-16  -4.0808777e-16  1.4693512e-16  7.0440065e-16  4.7510311e-16  1.0000000   -7.7305722e-16  
-4.5615392e-16  -1.0324234e-16  4.3540633e-16  -6.6379738e-16  3.1340651e-16  -1.9029813e-16  7.1616101e-16  -4.3708806e-17  5.3945496e-16  -7.7305722e-16  1.0000000   -4.5615392e-16  -1.0324234e-16  4.3540633e-16  -6.6379738e-16  3.1340651e-16  -1.9029813e-16  7.1616101e-16  -4.3708806e-17  5.3945496e-16  -7.7305722e-16  1.0000000   
1.0000000   -8.1288905e-17  -6.8508025e-18  -1.5209417e-15  6.9233021e-16  2.9388994e-16  -1.9670223e-16  -2.8366117e-16  8.0773062e-18  6.6795324e-17  -4.5615392e-16  1.0000000   -8.1288905e-17  -6.8508025e-18  -1.5209417e-15  6.9233021e-16  2.9388994e-16  -1.9670223e-16  -2.8366117e-16  8.0773062e-18  6.6795324e-17  -4.5615392e-16  
-8.1288905e-17  1.0000000   -9.5048955e-17  2.0396633e-16  -1.2051521e-16  -2.9120421e-16  -1.0161558e-16  -4.3048883e-16  -7.9649049e-17  -6.2223220e-16  -1.0324234e-16  -8.1288905e-17  1.0000000   -9.5048955e-17  2.0396633e-16  -1.2051521e-16  -2.9120421e-16  -1.0161558e-16  -4.3048883e-16  -7.9649049e-17  -6.2223220e-16  -1.0324234e-16  
-6.8508025e-18  -9.5048955e-17  1.0000000   -1.5398148e-16  -3.1503516e-16  5.0305223e-16  3.0308459e-16  -9.6754879e-17  3.9914501e-16  -3.4395038e-16  4.3540633e-16  -6.8508025e-18  -9.5048955e-17  1.0000000   -1.5398148e-16  -3.1503516e-16  5.0305223e-16  3.0308459e-16  -9.6754879e-17  3.9914501e-16  -3.4395038e-16  4.3540633e-16  
-1.5209417e-15  2.0396633e-16  -1.5398148e-16  1.0000000   5.9121788e-16  1.7736065e-16  -7.2622000e-16  4.1664704e-17  6.3850191e-17  2.3876811e-16  -6.6379738e-16  -1.5209417e-15  2.0396633e-16  -1.5398148e-16  1.0000000   5.9121788e-16  1.7736065e-16  -7.2622000e-16  4.1664704e-17  6.3850191e-17  2.3876811e-16  -6.6379738e-16  
6.9233021e-16  -1.2051521e-16  -3.1503516e-16  5.9121788e-16  1.0000000   -2.9094332e-16  2.5770130e-16  -2.9854947e-17  -2.8965901e-16  -3.5475791e-16  3.1340651e-16  6.9233021e-16  -1.2051521e-16  -3.1503516e-16  5.9121788e-16  1.0000000   -2.9094332e-16  2.5770130e-16  -2.9854947e-17  -2.8965901e-16  -3.5475791e-16  3.1340651e-16  
2.9388994e-16  -2.9120421e-16  5.0305223e-16  1.7736065e-16  -2.9094332e-16  1.0000000   -5.7931209e-16  -1.1023626e-16  -7.2531431e-17  -4.0808777e-16  -1.9029813e-16  2.9388994e-16  -2.9120421e-16  5.0305223e-16  1.7736065e-16  -2.9094332e-16  1.0000000   -5.7931209e-16  -1.1023626e-16  -7.2531431e-17  -4.0808777e-16  -1.9029813e-16  
-1.9670223e-16  -1.0161558e-16  3.0308459e-16  -7.2622000e-16  2.5770130e-16  -5.7931209e-16  1.0000000   2.5976468e-16  -7.6230424e-17  1.4693512e-16  7.1616101e-16  -1.9670223e-16  -1.0161558e-16  3.0308459e-16  -7.2622000e-16  2.5770130e-16  -5.7931209e-16  1.0000000   2.5976468e-16  -7.6230424e-17  1.4693512e-16  7.1616101e-16  
-2.8366117e-16  -4.3048883e-16  -9.6754879e-17  4.1664704e-17  -2.9854947e-17  -1.1023626e-16  2.5976468e-16  1.0000000   -2.1873943e-16  7.0440065e-16  -4.3708806e-17  -2.8366117e-16  -4.3048883e-16  -9.6754879e-17  4.1664704e-17  -2.9854947e-17  -1.1023626e-16  2.5976468e-16  1.0000000   -2.1873943e-16  7.0440065e-16  -4.3708806e-17  
8.0773062e-18  -7.9649049e-17  3.9914501e-16  6.3850191e-17  -2.8965901e-16  -7.2531431e-17  -7.6230424e-17  -2.1873943e-16  1.0000000   4.7510311e-16  5.3945496e-16  8.0773062e-18  -7.9649049e-17  3.9914501e-16  6.3850191e-17  -2.8965901e-16  -7.2531431e-17  -7.6230424e-17  -2.1873943e-16  1.0000000   4.7510311e-16  5.3945496e-16  
6.6795324e-17  -6.2223220e-16  -3.4395038e-16  2.3876811e-16  -3.5475791e-16  -4.0808777e-16  1.4693512e-16  7.0440065e-16  4.7510311e-16  1.0000000   -7.7305722e-16  6.6795324e-17  -6.2223220e-16  -3.4395038e-16  2.3876811e-16  -3.5475791e-16  -4.0808777e-16  1.4693512e-16  7.0440065e-16  4.7510311e-16  1.0000000   -7.7305722e-16  
-4.5615392e-16  -1.0324234e-16  4.3540633e-16  -6.6379738e-16  3.1340651e-16  -1.9029813e-16  7.1616101e-16  -4.3708806e-17  5.3945496e-16  -7.7305722e-16  1.0000000   -4.5615392e-16  -1.0324234e-16  4.3540633e-16  -6.6379738e-16  3.1340651e-16  -1.9029813e-16  7.1616101e-16  -4.3708806e-17  5.3945496e-16  -7.7305722e-16  1.0000000   
