1.0000000   4.0000284e-17  4.0622938e-16  6.1437841e-16  3.5502327e-16  -4.9854496e-16  5.0792542e-17  -6.7179877e-17  -3.5894715e-16  -9.2699286e-18  1.0761045e-16  1.0000000   4.0000284e-17  4.0622938e-16  6.1437841e-16  3.5502327e-16  -4.9854496e-16  5.0792542e-17  -6.7179877e-17  -3.5894715e-16  -9.2699286e-18  1.0761045e-16  
4.0000284e-17  1.0000000   1.8784014e-16  -2.2653748e-16  -2.9115164e-16  1.0420225e-15  7.1674435e-16  -2.3870151e-16  -8.7592312e-17  2.8653092e-16  -4.1750169e-16  4.0000284e-17  1.0000000   1.8784014e-16  -2.2653748e-16  -2.9115164e-16  1.0420225e-15  7.1674435e-16  -2.3870151e-16  -8.7592312e-17  2.8653092e-16  -4.1750169e-16  
4.0622938e-16  1.8784014e-16  1.0000000   3.9114626e-16  2.0482188e-16  -5.3857319e-16  2.9708749e-16  -8.3951129e-17  5.7662869e-16  -2.0938909e-16  -1.8937190e-16  4.0622938e-16  1.8784014e-16  1.0000000   3.9114626e-16  2.0482188e-16  -5.3857319e-16  2.9708749e-16  -8.3951129e-17  5.7662869e-16  -2.0938909e-16  -1.8937190e-16  
6.1437841e-16  -2.2653748e-16  3.9114626e-16  1.0000000   -8.9328095e-18  -4.5169620e-17  1.0969903e-16  4.9419439e-16  9.2425721e-17  -4.9850409e-16  -1.4482993e-16  6.1437841e-16  -2.2653748e-16  3.9114626e-16  1.0000000   -8.9328095e-18  -4.5169620e-17  1.0969903e-16  4.9419439e-16  9.2425721e-17  -4.9850409e-16  -1.4482993e-16  
3.5502327e-16  -2.9115164e-16  2.0482188e-16  -8.9328095e-18  1.0000000   -4.7767237e-16  -2.1359122e-16  8.3403099e-17  -1.3356968e-16  6.6572978e-16  -1.4592684e-16  3.5502327e-16  -2.9115164e-16  2.0482188e-16  -8.9328095e-18  1.0000000   -4.7767237e-16  -2.1359122e-16  8.3403099e-17  -1.3356968e-16  6.6572978e-16  -1.4592684e-16  
-4.9854496e-16  1.0420225e-15  -5.3857319e-16  -4.5169620e-17  -4.7767237e-16  1.0000000   -4.2639512e-16  -2.3749957e-17  -4.6807274e-16  7.4981051e-16  -4.3780253e-16  -4.9854496e-16  1.0420225e-15  -5.3857319e-16  -4.5169620e-17  -4.7767237e-16  1.0000000   -4.2639512e-16  -2.3749957e-17  -4.6807274e-16  7.4981051e-16  -4.3780253e-16  
5.0792542e-17  7.1674435e-16  2.9708749e-16  1.0969903e-16  -2.1359122e-16  -4.2639512e-16  1.0000000   -1.6684950e-16  4.9230058e-16  -1.8639002e-16  5.5206495e-16  5.0792542e-17  7.1674435e-16  2.9708749e-16  1.0969903e-16  -2.1359122e-16  -4.2639512e-16  1.0000000   -1.6684950e-16  4.9230058e-16  -1.8639002e-16  5.5206495e-16  
-6.7179877e-17  -2.3870151e-16  -8.3951129e-17  4.9419439e-16  8.3403099e-17  -2.3749957e-17  -1.6684950e-16  1.0000000   -7.3183308e-16  1.4901342e-16  -7.7462010e-17  -6.7179877e-17  -2.3870151e-16  -8.3951129e-17  4.9419439e-16  8.3403099e-17  -2.3749957e-17  -1.6684950e-16  1.0000000   -7.3183308e-16  1.4901342e-16  -7.7462010e-17  
-3.5894715e-16  -8.7592312e-17  5.7662869e-16  9.2425721e-17  -1.3356968e-16  -4.6807274e-16  4.9230058e-16  -7.3183308e-16  1.0000000   1.6645722e-16  3.7233070e-16  -3.5894715e-16  -8.7592312e-17  5.7662869e-16  9.2425721e-17  -1.3356968e-16  -4.6807274e-16  4.9230058e-16  -7.3183308e-16  1.0000000   1.6645722e-16  3.7233070e-16  
-9.2699286e-18  2.8653092e-16  -2.0938909e-16  -4.9850409e-16  6.6572978e-16  7.4981051e-16  -1.8639002e-16  1.4901342e-16  1.6645722e-16  1.0000000   1.0452556e-16  -9.2699286e-18  2.8653092e-16  -2.0938909e-16  -4.9850409e-16  6.6572978e-16  7.4981051e-16  -1.8639002e-16  1.4901342e-16  1.6645722e-16  1.0000000   1.0452556e-16  
1.0761045e-16  -4.1750169e-16  -1.8937190e-16  -1.4482993e-16  -1.4592684e-16  -4.3780253e-16  5.5206495e-16  -7.7462010e-17  3.7233070e-16  1.0452556e-16  1.0000000   1.0761045e-16  -4.1750169e-16  -1.8937190e-16  -1.4482993e-16  -1.4592684e-16  -4.3780253e-16  5.5206495e-16  -7.7462010e-17  3.7233070e-16  1.0452556e-16  1.0000000   
1.0000000   4.0000284e-17  4.0622938e-16  6.1437841e-16  3.5502327e-16  -4.9854496e-16  5.0792542e-17  -6.7179877e-17  -3.5894715e-16  -9.2699286e-18  1.0761045e-16  1.0000000   4.0000284e-17  4.0622938e-16  6.1437841e-16  3.5502327e-16  -4.9854496e-16  5.0792542e-17  -6.7179877e-17  -3.5894715e-16  -9.2699286e-18  1.0761045e-16  
4.0000284e-17  1.0000000   1.8784014e-16  -2.2653748e-16  -2.9115164e-16  1.0420225e-15  7.1674435e-16  -2.3870151e-16  -8.7592312e-17  2.8653092e-16  -4.1750169e-16  4.0000284e-17  1.0000000   1.8784014e-16  -2.2653748e-16  -2.9115164e-16  1.0420225e-15  7.1674435e-16  -2.3870151e-16  -8.7592312e-17  2.8653092e-16  -4.1750169e-16  
4.0622938e-16  1.8784014e-16  1.0000000   3.9114626e-16  2.0482188e-16  -5.3857319e-16  2.9708749e-16  -8.3951129e-17  5.7662869e-16  -2.0938909e-16  -1.8937190e-16  4.0622938e-16  1.8784014e-16  1.0000000   3.9114626e-16  2.0482188e-16  -5.3857319e-16  2.9708749e-16  -8.3951129e-17  5.7662869e-16  -2.0938909e-16  -1.8937190e-16  
6.1437841e-16  -2.2653748e-16  3.9114626e-16  1.0000000   -8.9328095e-18  -4.5169620e-17  1.0969903e-16  4.9419439e-16  9.2425721e-17  -4.9850409e-16  -1.4482993e-16  6.1437841e-16  -2.2653748e-16  3.9114626e-16  1.0000000   -8.9328095e-18  -4.5169620e-17  1.0969903e-16  4.9419439e-16  9.2425721e-17  -4.9850409e-16  -1.4482993e-16  
3.5502327e-16  -2.9115164e-16  2.0482188e-16  -8.9328095e-18  1.0000000   -4.7767237e-16  -2.1359122e-16  8.3403099e-17  -1.3356968e-16  6.6572978e-16  -1.4592684e-16  3.5502327e-16  -2.9115164e-16  2.0482188e-16  -8.9328095e-18  1.0000000   -4.7767237e-16  -2.1359122e-16  8.3403099e-17  -1.3356968e-16  6.6572978e-16  -1.4592684e-16  
-4.9854496e-16  1.0420225e-15  -5.3857319e-16  -4.5169620e-17  -4.7767237e-16  1.0000000   -4.2639512e-16  -2.3749957e-17  -4.6807274e-16  7.4981051e-16  -4.3780253e-16  -4.9854496e-16  1.0420225e-15  -5.3857319e-16  -4.5169620e-17  -4.7767237e-16  1.0000000   -4.2639512e-16  -2.3749957e-17  -4.6807274e-16  7.4981051e-16  -4.3780253e-16  
5.0792542e-17  7.1674435e-16  2.9708749e-16  1.0969903e-16  -2.1359122e-16  -4.2639512e-16  1.0000000   -1.6684950e-16  4.9230058e-16  -1.8639002e-16  5.5206495e-16  5.0792542e-17  7.1674435e-16  2.9708749e-16  1.0969903e-16  -2.1359122e-16  -4.2639512e-16  1.0000000   -1.6684950e-16  4.9230058e-16  -1.8639002e-16  5.5206495e-16  
-6.7179877e-17  -2.3870151e-16  -8.3951129e-17  4.9419439e-16  8.3403099e-17  -2.3749957e-17  -1.6684950e-16  1.0000000   -7.3183308e-16  1.4901342e-16  -7.7462010e-17  -6.7179877e-17  -2.3870151e-16  -8.3951129e-17  4.9419439e-16  8.3403099e-17  -2.3749957e-17  -1.6684950e-16  1.0000000   -7.3183308e-16  1.4901342e-16  -7.7462010e-17  
-3.5894715e-16  -8.7592312e-17  5.7662869e-16  9.2425721e-17  -1.3356968e-16  -4.6807274e-16  4.9230058e-16  -7.3183308e-16  1.0000000   1.6645722e-16  3.7233070e-16  -3.5894715e-16  -8.7592312e-17  5.7662869e-16  9.2425721e-17  -1.3356968e-16  -4.6807274e-16  4.9230058e-16  -7.3183308e-16  1.0000000   1.6645722e-16  3.7233070e-16  
-9.2699286e-18  2.8653092e-16  -2.0938909e-16  -4.9850409e-16  6.6572978e-16  7.4981051e-16  -1.8639002e-16  1.4901342e-16  1.6645722e-16  1.0000000   1.0452556e-16  -9.2699286e-18  2.8653092e-16  -2.0938909e-16  -4.9850409e-16  6.6572978e-16  7.4981051e-16  -1.8639002e-16  1.4901342e-16  1.6645722e-16  1.0000000   1.0452556e-16  
1.0761045e-16  -4.1750169e-16  -1.8937190e-16  -1.4482993e-16  -1.4592684e-16  -4.3780253e-16  5.5206495e-16  -7.7462010e-17  3.7233070e-16  1.0452556e-16  1.0000000   1.0761045e-16  -4.1750169e-16  -1.8937190e-16  -1.4482993e-16  -1.4592684e-16  -4.3780253e-16  5.5206495e-16  -7.7462010e-17  3.7233070e-16  1.0452556e-16  1.0000000   
