1.0000000   -1.7639800e-16  -2.8484850e-16  8.4470361e-18  1.2576406e-16  3.3142028e-16  -3.0409775e-16  -3.5853888e-16  2.9727299e-16  -4.8032242e-16  6.1293422e-17  1.0000000   -1.7639800e-16  -2.8484850e-16  8.4470361e-18  1.2576406e-16  3.3142028e-16  -3.0409775e-16  -3.5853888e-16  2.9727299e-16  -4.8032242e-16  6.1293422e-17  
-1.7639800e-16  1.0000000   4.3817861e-17  4.9740485e-16  -2.4095631e-16  8.3501990e-17  2.5809094e-18  4.1505461e-16  3.2170523e-16  -4.2978356e-16  -6.9446241e-16  -1.7639800e-16  1.0000000   4.3817861e-17  4.9740485e-16  -2.4095631e-16  8.3501990e-17  2.5809094e-18  4.1505461e-16  3.2170523e-16  -4.2978356e-16  -6.9446241e-16  
-2.8484850e-16  4.3817861e-17  1.0000000   -5.6301433e-16  -4.1904393e-16  3.8773420e-16  -1.4565663e-16  -4.7561154e-16  3.0245027e-16  -4.5934607e-16  -4.0211492e-16  -2.8484850e-16  4.3817861e-17  1.0000000   -5.6301433e-16  -4.1904393e-16  3.8773420e-16  -1.4565663e-16  -4.7561154e-16  3.0245027e-16  -4.5934607e-16  -4.0211492e-16  
8.4470361e-18  4.9740485e-16  -5.6301433e-16  1.0000000   5.4508307e-16  8.0803767e-17  1.1531507e-16  -6.1836793e-17  1.2156109e-16  5.3410086e-17  -3.5558485e-16  8.4470361e-18  4.9740485e-16  -5.6301433e-16  1.0000000   5.4508307e-16  8.0803767e-17  1.1531507e-16  -6.1836793e-17  1.2156109e-16  5.3410086e-17  -3.5558485e-16  
1.2576406e-16  -2.4095631e-16  -4.1904393e-16  5.4508307e-16  1.0000000   -5.6186660e-16  -6.6975742e-17  2.1340106e-16  -8.5619742e-16  2.5589003e-16  3.5823480e-16  1.2576406e-16  -2.4095631e-16  -4.1904393e-16  5.4508307e-16  1.0000000   -5.6186660e-16  -6.6975742e-17  2.1340106e-16  -8.5619742e-16  2.5589003e-16  3.5823480e-16  
3.3142028e-16  8.3501990e-17  3.8773420e-16  8.0803767e-17  -5.6186660e-16  1.0000000   -5.8288572e-17  -1.1775452e-17  -1.0942215e-16  -8.7894523e-16  -6.3480291e-16  3.3142028e-16  8.3501990e-17  3.8773420e-16  8.0803767e-17  -5.6186660e-16  1.0000000   -5.8288572e-17  -1.1775452e-17  -1.0942215e-16  -8.7894523e-16  -6.3480291e-16  
-3.0409775e-16  2.5809094e-18  -1.4565663e-16  1.1531507e-16  -6.6975742e-17  -5.8288572e-17  1.0000000   3.6961638e-16  7.3357288e-17  -7.4097807e-17  -4.5167185e-17  -3.0409775e-16  2.5809094e-18  -1.4565663e-16  1.1531507e-16  -6.6975742e-17  -5.8288572e-17  1.0000000   3.6961638e-16  7.3357288e-17  -7.4097807e-17  -4.5167185e-17  
-3.5853888e-16  4.1505461e-16  -4.7561154e-16  -6.1836793e-17  2.1340106e-16  -1.1775452e-17  3.6961638e-16  1.0000000   -1.3978373e-17  -1.9973333e-16  4.7875742e-16  -3.5853888e-16  4.1505461e-16  -4.7561154e-16  -6.1836793e-17  2.1340106e-16  -1.1775452e-17  3.6961638e-16  1.0000000   -1.3978373e-17  -1.9973333e-16  4.7875742e-16  
2.9727299e-16  3.2170523e-16  3.0245027e-16  1.2156109e-16  -8.5619742e-16  -1.0942215e-16  7.3357288e-17  -1.3978373e-17  1.0000000   7.2463827e-17  -2.2882616e-16  2.9727299e-16  3.2170523e-16  3.0245027e-16  1.2156109e-16  -8.5619742e-16  -1.0942215e-16  7.3357288e-17  -1.3978373e-17  1.0000000   7.2463827e-17  -2.2882616e-16  
-4.8032242e-16  -4.2978356e-16  -4.5934607e-16  5.3410086e-17  2.5589003e-16  -8.7894523e-16  -7.4097807e-17  -1.9973333e-16  7.2463827e-17  1.0000000   4.5167270e-16  -4.8032242e-16  -4.2978356e-16  -4.5934607e-16  5.3410086e-17  2.5589003e-16  -8.7894523e-16  -7.4097807e-17  -1.9973333e-16  7.2463827e-17  1.0000000   4.5167270e-16  
6.1293422e-17  -6.9446241e-16  -4.0211492e-16  -3.5558485e-16  3.5823480e-16  -6.3480291e-16  -4.5167185e-17  4.7875742e-16  -2.2882616e-16  4.5167270e-16  1.0000000   6.1293422e-17  -6.9446241e-16  -4.0211492e-16  -3.5558485e-16  3.5823480e-16  -6.3480291e-16  -4.5167185e-17  4.7875742e-16  -2.2882616e-16  4.5167270e-16  1.0000000   
1.0000000   -1.7639800e-16  -2.8484850e-16  8.4470361e-18  1.2576406e-16  3.3142028e-16  -3.0409775e-16  -3.5853888e-16  2.9727299e-16  -4.8032242e-16  6.1293422e-17  1.0000000   -1.7639800e-16  -2.8484850e-16  8.4470361e-18  1.2576406e-16  3.3142028e-16  -3.0409775e-16  -3.5853888e-16  2.9727299e-16  -4.8032242e-16  6.1293422e-17  
-1.7639800e-16  1.0000000   4.3817861e-17  4.9740485e-16  -2.4095631e-16  8.3501990e-17  2.5809094e-18  4.1505461e-16  3.2170523e-16  -4.2978356e-16  -6.9446241e-16  -1.7639800e-16  1.0000000   4.3817861e-17  4.9740485e-16  -2.4095631e-16  8.3501990e-17  2.5809094e-18  4.1505461e-16  3.2170523e-16  -4.2978356e-16  -6.9446241e-16  
-2.8484850e-16  4.3817861e-17  1.0000000   -5.6301433e-16  -4.1904393e-16  3.8773420e-16  -1.4565663e-16  -4.7561154e-16  3.0245027e-16  -4.5934607e-16  -4.0211492e-16  -2.8484850e-16  4.3817861e-17  1.0000000   -5.6301433e-16  -4.1904393e-16  3.8773420e-16  -1.4565663e-16  -4.7561154e-16  3.0245027e-16  -4.5934607e-16  -4.0211492e-16  
8.4470361e-18  4.9740485e-16  -5.6301433e-16  1.0000000   5.4508307e-16  8.0803767e-17  1.1531507e-16  -6.1836793e-17  1.2156109e-16  5.3410086e-17  -3.5558485e-16  8.4470361e-18  4.9740485e-16  -5.6301433e-16  1.0000000   5.4508307e-16  8.0803767e-17  1.1531507e-16  -6.1836793e-17  1.2156109e-16  5.3410086e-17  -3.5558485e-16  
1.2576406e-16  -2.4095631e-16  -4.1904393e-16  5.4508307e-16  1.0000000   -5.6186660e-16  -6.6975742e-17  2.1340106e-16  -8.5619742e-16  2.5589003e-16  3.5823480e-16  1.2576406e-16  -2.4095631e-16  -4.1904393e-16  5.4508307e-16  1.0000000   -5.6186660e-16  -6.6975742e-17  2.1340106e-16  -8.5619742e-16  2.5589003e-16  3.5823480e-16  
3.3142028e-16  8.3501990e-17  3.8773420e-16  8.0803767e-17  -5.6186660e-16  1.0000000   -5.8288572e-17  -1.1775452e-17  -1.0942215e-16  -8.7894523e-16  -6.3480291e-16  3.3142028e-16  8.3501990e-17  3.8773420e-16  8.0803767e-17  -5.6186660e-16  1.0000000   -5.8288572e-17  -1.1775452e-17  -1.0942215e-16  -8.7894523e-16  -6.3480291e-16  
-3.0409775e-16  2.5809094e-18  -1.4565663e-16  1.1531507e-16  -6.6975742e-17  -5.8288572e-17  1.0000000   3.6961638e-16  7.3357288e-17  -7.4097807e-17  -4.5167185e-17  -3.0409775e-16  2.5809094e-18  -1.4565663e-16  1.1531507e-16  -6.6975742e-17  -5.8288572e-17  1.0000000   3.6961638e-16  7.3357288e-17  -7.4097807e-17  -4.5167185e-17  
-3.5853888e-16  4.1505461e-16  -4.7561154e-16  -6.1836793e-17  2.1340106e-16  -1.1775452e-17  3.6961638e-16  1.0000000   -1.3978373e-17  -1.9973333e-16  4.7875742e-16  -3.5853888e-16  4.1505461e-16  -4.7561154e-16  -6.1836793e-17  2.1340106e-16  -1.1775452e-17  3.6961638e-16  1.0000000   -1.3978373e-17  -1.9973333e-16  4.7875742e-16  
2.9727299e-16  3.2170523e-16  3.0245027e-16  1.2156109e-16  -8.5619742e-16  -1.0942215e-16  7.3357288e-17  -1.3978373e-17  1.0000000   7.2463827e-17  -2.2882616e-16  2.9727299e-16  3.2170523e-16  3.0245027e-16  1.2156109e-16  -8.5619742e-16  -1.0942215e-16  7.3357288e-17  -1.3978373e-17  1.0000000   7.2463827e-17  -2.2882616e-16  
-4.8032242e-16  -4.2978356e-16  -4.5934607e-16  5.3410086e-17  2.5589003e-16  -8.7894523e-16  -7.4097807e-17  -1.9973333e-16  7.2463827e-17  1.0000000   4.5167270e-16  -4.8032242e-16  -4.2978356e-16  -4.5934607e-16  5.3410086e-17  2.5589003e-16  -8.7894523e-16  -7.4097807e-17  -1.9973333e-16  7.2463827e-17  1.0000000   4.5167270e-16  
6.1293422e-17  -6.9446241e-16  -4.0211492e-16  -3.5558485e-16  3.5823480e-16  -6.3480291e-16  -4.5167185e-17  4.7875742e-16  -2.2882616e-16  4.5167270e-16  1.0000000   6.1293422e-17  -6.9446241e-16  -4.0211492e-16  -3.5558485e-16  3.5823480e-16  -6.3480291e-16  -4.5167185e-17  4.7875742e-16  -2.2882616e-16  4.5167270e-16  1.0000000   
