1.0000000   -1.2332387e-16  3.5630229e-17  2.5197668e-16  4.4680988e-20  1.0789563e-16  -1.1894825e-16  2.7662698e-16  2.3734562e-16  3.8204998e-17  -8.6981813e-18  1.0000000   -1.2332387e-16  3.5630229e-17  2.5197668e-16  4.4680988e-20  1.0789563e-16  -1.1894825e-16  2.7662698e-16  2.3734562e-16  3.8204998e-17  -8.6981813e-18  
-1.2332387e-16  1.0000000   7.5955603e-16  -1.4273819e-16  1.2047148e-16  -3.9541280e-16  2.3958038e-16  2.8496348e-16  -3.4781087e-16  -1.6517248e-16  -2.3688314e-16  -1.2332387e-16  1.0000000   7.5955603e-16  -1.4273819e-16  1.2047148e-16  -3.9541280e-16  2.3958038e-16  2.8496348e-16  -3.4781087e-16  -1.6517248e-16  -2.3688314e-16  
3.5630229e-17  7.5955603e-16  1.0000000   7.2938080e-17  -2.7260403e-16  -4.6733818e-16  8.6758355e-17  -1.1016341e-16  4.5804702e-16  -8.7084940e-17  9.9152724e-17  3.5630229e-17  7.5955603e-16  1.0000000   7.2938080e-17  -2.7260403e-16  -4.6733818e-16  8.6758355e-17  -1.1016341e-16  4.5804702e-16  -8.7084940e-17  9.9152724e-17  
2.5197668e-16  -1.4273819e-16  7.2938080e-17  1.0000000   2.0078839e-16  -1.2245847e-16  9.7838698e-17  -2.1539746e-16  -3.1306481e-16  -6.7410164e-17  -2.1096838e-16  2.5197668e-16  -1.4273819e-16  7.2938080e-17  1.0000000   2.0078839e-16  -1.2245847e-16  9.7838698e-17  -2.1539746e-16  -3.1306481e-16  -6.7410164e-17  -2.1096838e-16  
4.4680988e-20  1.2047148e-16  -2.7260403e-16  2.0078839e-16  1.0000000   -1.8590723e-16  1.5604464e-18  2.0879923e-16  -1.1876639e-15  6.8319248e-16  6.7744808e-16  4.4680988e-20  1.2047148e-16  -2.7260403e-16  2.0078839e-16  1.0000000   -1.8590723e-16  1.5604464e-18  2.0879923e-16  -1.1876639e-15  6.8319248e-16  6.7744808e-16  
1.0789563e-16  -3.9541280e-16  -4.6733818e-16  -1.2245847e-16  -1.8590723e-16  1.0000000   1.2878797e-16  1.1923228e-16  3.7840345e-16  3.5656064e-17  2.0346158e-16  1.0789563e-16  -3.9541280e-16  -4.6733818e-16  -1.2245847e-16  -1.8590723e-16  1.0000000   1.2878797e-16  1.1923228e-16  3.7840345e-16  3.5656064e-17  2.0346158e-16  
-1.1894825e-16  2.3958038e-16  8.6758355e-17  9.7838698e-17  1.5604464e-18  1.2878797e-16  1.0000000   -3.7615378e-16  -3.0160895e-16  -3.0101433e-17  -1.6746519e-16  -1.1894825e-16  2.3958038e-16  8.6758355e-17  9.7838698e-17  1.5604464e-18  1.2878797e-16  1.0000000   -3.7615378e-16  -3.0160895e-16  -3.0101433e-17  -1.6746519e-16  
2.7662698e-16  2.8496348e-16  -1.1016341e-16  -2.1539746e-16  2.0879923e-16  1.1923228e-16  -3.7615378e-16  1.0000000   5.5671749e-16  -1.8132434e-16  -4.7559884e-16  2.7662698e-16  2.8496348e-16  -1.1016341e-16  -2.1539746e-16  2.0879923e-16  1.1923228e-16  -3.7615378e-16  1.0000000   5.5671749e-16  -1.8132434e-16  -4.7559884e-16  
2.3734562e-16  -3.4781087e-16  4.5804702e-16  -3.1306481e-16  -1.1876639e-15  3.7840345e-16  -3.0160895e-16  5.5671749e-16  1.0000000   5.6150831e-16  3.4480085e-16  2.3734562e-16  -3.4781087e-16  4.5804702e-16  -3.1306481e-16  -1.1876639e-15  3.7840345e-16  -3.0160895e-16  5.5671749e-16  1.0000000   5.6150831e-16  3.4480085e-16  
3.8204998e-17  -1.6517248e-16  -8.7084940e-17  -6.7410164e-17  6.8319248e-16  3.5656064e-17  -3.0101433e-17  -1.8132434e-16  5.6150831e-16  1.0000000   -1.5995540e-16  3.8204998e-17  -1.6517248e-16  -8.7084940e-17  -6.7410164e-17  6.8319248e-16  3.5656064e-17  -3.0101433e-17  -1.8132434e-16  5.6150831e-16  1.0000000   -1.5995540e-16  
-8.6981813e-18  -2.3688314e-16  9.9152724e-17  -2.1096838e-16  6.7744808e-16  2.0346158e-16  -1.6746519e-16  -4.7559884e-16  3.4480085e-16  -1.5995540e-16  1.0000000   -8.6981813e-18  -2.3688314e-16  9.9152724e-17  -2.1096838e-16  6.7744808e-16  2.0346158e-16  -1.6746519e-16  -4.7559884e-16  3.4480085e-16  -1.5995540e-16  1.0000000   
1.0000000   -1.2332387e-16  3.5630229e-17  2.5197668e-16  4.4680988e-20  1.0789563e-16  -1.1894825e-16  2.7662698e-16  2.3734562e-16  3.8204998e-17  -8.6981813e-18  1.0000000   -1.2332387e-16  3.5630229e-17  2.5197668e-16  4.4680988e-20  1.0789563e-16  -1.1894825e-16  2.7662698e-16  2.3734562e-16  3.8204998e-17  -8.6981813e-18  
-1.2332387e-16  1.0000000   7.5955603e-16  -1.4273819e-16  1.2047148e-16  -3.9541280e-16  2.3958038e-16  2.8496348e-16  -3.4781087e-16  -1.6517248e-16  -2.3688314e-16  -1.2332387e-16  1.0000000   7.5955603e-16  -1.4273819e-16  1.2047148e-16  -3.9541280e-16  2.3958038e-16  2.8496348e-16  -3.4781087e-16  -1.6517248e-16  -2.3688314e-16  
3.5630229e-17  7.5955603e-16  1.0000000   7.2938080e-17  -2.7260403e-16  -4.6733818e-16  8.6758355e-17  -1.1016341e-16  4.5804702e-16  -8.7084940e-17  9.9152724e-17  3.5630229e-17  7.5955603e-16  1.0000000   7.2938080e-17  -2.7260403e-16  -4.6733818e-16  8.6758355e-17  -1.1016341e-16  4.5804702e-16  -8.7084940e-17  9.9152724e-17  
2.5197668e-16  -1.4273819e-16  7.2938080e-17  1.0000000   2.0078839e-16  -1.2245847e-16  9.7838698e-17  -2.1539746e-16  -3.1306481e-16  -6.7410164e-17  -2.1096838e-16  2.5197668e-16  -1.4273819e-16  7.2938080e-17  1.0000000   2.0078839e-16  -1.2245847e-16  9.7838698e-17  -2.1539746e-16  -3.1306481e-16  -6.7410164e-17  -2.1096838e-16  
4.4680988e-20  1.2047148e-16  -2.7260403e-16  2.0078839e-16  1.0000000   -1.8590723e-16  1.5604464e-18  2.0879923e-16  -1.1876639e-15  6.8319248e-16  6.7744808e-16  4.4680988e-20  1.2047148e-16  -2.7260403e-16  2.0078839e-16  1.0000000   -1.8590723e-16  1.5604464e-18  2.0879923e-16  -1.1876639e-15  6.8319248e-16  6.7744808e-16  
1.0789563e-16  -3.9541280e-16  -4.6733818e-16  -1.2245847e-16  -1.8590723e-16  1.0000000   1.2878797e-16  1.1923228e-16  3.7840345e-16  3.5656064e-17  2.0346158e-16  1.0789563e-16  -3.9541280e-16  -4.6733818e-16  -1.2245847e-16  -1.8590723e-16  1.0000000   1.2878797e-16  1.1923228e-16  3.7840345e-16  3.5656064e-17  2.0346158e-16  
-1.1894825e-16  2.3958038e-16  8.6758355e-17  9.7838698e-17  1.5604464e-18  1.2878797e-16  1.0000000   -3.7615378e-16  -3.0160895e-16  -3.0101433e-17  -1.6746519e-16  -1.1894825e-16  2.3958038e-16  8.6758355e-17  9.7838698e-17  1.5604464e-18  1.2878797e-16  1.0000000   -3.7615378e-16  -3.0160895e-16  -3.0101433e-17  -1.6746519e-16  
2.7662698e-16  2.8496348e-16  -1.1016341e-16  -2.1539746e-16  2.0879923e-16  1.1923228e-16  -3.7615378e-16  1.0000000   5.5671749e-16  -1.8132434e-16  -4.7559884e-16  2.7662698e-16  2.8496348e-16  -1.1016341e-16  -2.1539746e-16  2.0879923e-16  1.1923228e-16  -3.7615378e-16  1.0000000   5.5671749e-16  -1.8132434e-16  -4.7559884e-16  
2.3734562e-16  -3.4781087e-16  4.5804702e-16  -3.1306481e-16  -1.1876639e-15  3.7840345e-16  -3.0160895e-16  5.5671749e-16  1.0000000   5.6150831e-16  3.4480085e-16  2.3734562e-16  -3.4781087e-16  4.5804702e-16  -3.1306481e-16  -1.1876639e-15  3.7840345e-16  -3.0160895e-16  5.5671749e-16  1.0000000   5.6150831e-16  3.4480085e-16  
3.8204998e-17  -1.6517248e-16  -8.7084940e-17  -6.7410164e-17  6.8319248e-16  3.5656064e-17  -3.0101433e-17  -1.8132434e-16  5.6150831e-16  1.0000000   -1.5995540e-16  3.8204998e-17  -1.6517248e-16  -8.7084940e-17  -6.7410164e-17  6.8319248e-16  3.5656064e-17  -3.0101433e-17  -1.8132434e-16  5.6150831e-16  1.0000000   -1.5995540e-16  
-8.6981813e-18  -2.3688314e-16  9.9152724e-17  -2.1096838e-16  6.7744808e-16  2.0346158e-16  -1.6746519e-16  -4.7559884e-16  3.4480085e-16  -1.5995540e-16  1.0000000   -8.6981813e-18  -2.3688314e-16  9.9152724e-17  -2.1096838e-16  6.7744808e-16  2.0346158e-16  -1.6746519e-16  -4.7559884e-16  3.4480085e-16  -1.5995540e-16  1.0000000   
