1.0000000   1.4352327e-16  6.2101332e-16  -2.9710274e-16  -1.7016574e-17  1.1413195e-16  -2.5289651e-17  -5.8088842e-16  -7.6116710e-17  1.2568603e-16  -5.9240849e-17  1.0000000   1.4352327e-16  6.2101332e-16  -2.9710274e-16  -1.7016574e-17  1.1413195e-16  -2.5289651e-17  -5.8088842e-16  -7.6116710e-17  1.2568603e-16  -5.9240849e-17  
1.4352327e-16  1.0000000   2.6860275e-16  3.7565133e-16  3.5955737e-16  1.7129550e-16  -3.3198567e-16  -2.8670091e-16  1.2763357e-17  -1.9111202e-16  2.8692807e-16  1.4352327e-16  1.0000000   2.6860275e-16  3.7565133e-16  3.5955737e-16  1.7129550e-16  -3.3198567e-16  -2.8670091e-16  1.2763357e-17  -1.9111202e-16  2.8692807e-16  
6.2101332e-16  2.6860275e-16  1.0000000   1.0677607e-16  3.1688227e-16  8.9088493e-17  3.6560653e-16  2.4963051e-16  1.4760314e-16  -3.9590638e-17  6.7406247e-16  6.2101332e-16  2.6860275e-16  1.0000000   1.0677607e-16  3.1688227e-16  8.9088493e-17  3.6560653e-16  2.4963051e-16  1.4760314e-16  -3.9590638e-17  6.7406247e-16  
-2.9710274e-16  3.7565133e-16  1.0677607e-16  1.0000000   -2.6953260e-16  3.4247647e-16  -6.3670932e-16  -8.2936686e-16  -2.0243934e-16  -1.7997383e-16  5.8720813e-16  -2.9710274e-16  3.7565133e-16  1.0677607e-16  1.0000000   -2.6953260e-16  3.4247647e-16  -6.3670932e-16  -8.2936686e-16  -2.0243934e-16  -1.7997383e-16  5.8720813e-16  
-1.7016574e-17  3.5955737e-16  3.1688227e-16  -2.6953260e-16  1.0000000   2.0531733e-16  -5.9382187e-16  5.2849668e-16  1.0768399e-16  -1.9088650e-16  -3.5244670e-16  -1.7016574e-17  3.5955737e-16  3.1688227e-16  -2.6953260e-16  1.0000000   2.0531733e-16  -5.9382187e-16  5.2849668e-16  1.0768399e-16  -1.9088650e-16  -3.5244670e-16  
1.1413195e-16  1.7129550e-16  8.9088493e-17  3.4247647e-16  2.0531733e-16  1.0000000   -1.7513936e-16  -2.2334708e-16  1.1709718e-16  -8.8750021e-17  2.4987914e-16  1.1413195e-16  1.7129550e-16  8.9088493e-17  3.4247647e-16  2.0531733e-16  1.0000000   -1.7513936e-16  -2.2334708e-16  1.1709718e-16  -8.8750021e-17  2.4987914e-16  
-2.5289651e-17  -3.3198567e-16  3.6560653e-16  -6.3670932e-16  -5.9382187e-16  -1.7513936e-16  1.0000000   -8.4957405e-17  5.7272217e-16  -7.1726750e-18  -2.3762832e-16  -2.5289651e-17  -3.3198567e-16  3.6560653e-16  -6.3670932e-16  -5.9382187e-16  -1.7513936e-16  1.0000000   -8.4957405e-17  5.7272217e-16  -7.1726750e-18  -2.3762832e-16  
-5.8088842e-16  -2.8670091e-16  2.4963051e-16  -8.2936686e-16  5.2849668e-16  -2.2334708e-16  -8.4957405e-17  1.0000000   4.6076475e-16  -2.0795845e-16  -7.2900738e-16  -5.8088842e-16  -2.8670091e-16  2.4963051e-16  -8.2936686e-16  5.2849668e-16  -2.2334708e-16  -8.4957405e-17  1.0000000   4.6076475e-16  -2.0795845e-16  -7.2900738e-16  
-7.6116710e-17  1.2763357e-17  1.4760314e-16  -2.0243934e-16  1.0768399e-16  1.1709718e-16  5.7272217e-16  4.6076475e-16  1.0000000   -5.6412437e-16  4.2290322e-16  -7.6116710e-17  1.2763357e-17  1.4760314e-16  -2.0243934e-16  1.0768399e-16  1.1709718e-16  5.7272217e-16  4.6076475e-16  1.0000000   -5.6412437e-16  4.2290322e-16  
1.2568603e-16  -1.9111202e-16  -3.9590638e-17  -1.7997383e-16  -1.9088650e-16  -8.8750021e-17  -7.1726750e-18  -2.0795845e-16  -5.6412437e-16  1.0000000   -6.4946421e-16  1.2568603e-16  -1.9111202e-16  -3.9590638e-17  -1.7997383e-16  -1.9088650e-16  -8.8750021e-17  -7.1726750e-18  -2.0795845e-16  -5.6412437e-16  1.0000000   -6.4946421e-16  
-5.9240849e-17  2.8692807e-16  6.7406247e-16  5.8720813e-16  -3.5244670e-16  2.4987914e-16  -2.3762832e-16  -7.2900738e-16  4.2290322e-16  -6.4946421e-16  1.0000000   -5.9240849e-17  2.8692807e-16  6.7406247e-16  5.8720813e-16  -3.5244670e-16  2.4987914e-16  -2.3762832e-16  -7.2900738e-16  4.2290322e-16  -6.4946421e-16  1.0000000   
1.0000000   1.4352327e-16  6.2101332e-16  -2.9710274e-16  -1.7016574e-17  1.1413195e-16  -2.5289651e-17  -5.8088842e-16  -7.6116710e-17  1.2568603e-16  -5.9240849e-17  1.0000000   1.4352327e-16  6.2101332e-16  -2.9710274e-16  -1.7016574e-17  1.1413195e-16  -2.5289651e-17  -5.8088842e-16  -7.6116710e-17  1.2568603e-16  -5.9240849e-17  
1.4352327e-16  1.0000000   2.6860275e-16  3.7565133e-16  3.5955737e-16  1.7129550e-16  -3.3198567e-16  -2.8670091e-16  1.2763357e-17  -1.9111202e-16  2.8692807e-16  1.4352327e-16  1.0000000   2.6860275e-16  3.7565133e-16  3.5955737e-16  1.7129550e-16  -3.3198567e-16  -2.8670091e-16  1.2763357e-17  -1.9111202e-16  2.8692807e-16  
6.2101332e-16  2.6860275e-16  1.0000000   1.0677607e-16  3.1688227e-16  8.9088493e-17  3.6560653e-16  2.4963051e-16  1.4760314e-16  -3.9590638e-17  6.7406247e-16  6.2101332e-16  2.6860275e-16  1.0000000   1.0677607e-16  3.1688227e-16  8.9088493e-17  3.6560653e-16  2.4963051e-16  1.4760314e-16  -3.9590638e-17  6.7406247e-16  
-2.9710274e-16  3.7565133e-16  1.0677607e-16  1.0000000   -2.6953260e-16  3.4247647e-16  -6.3670932e-16  -8.2936686e-16  -2.0243934e-16  -1.7997383e-16  5.8720813e-16  -2.9710274e-16  3.7565133e-16  1.0677607e-16  1.0000000   -2.6953260e-16  3.4247647e-16  -6.3670932e-16  -8.2936686e-16  -2.0243934e-16  -1.7997383e-16  5.8720813e-16  
-1.7016574e-17  3.5955737e-16  3.1688227e-16  -2.6953260e-16  1.0000000   2.0531733e-16  -5.9382187e-16  5.2849668e-16  1.0768399e-16  -1.9088650e-16  -3.5244670e-16  -1.7016574e-17  3.5955737e-16  3.1688227e-16  -2.6953260e-16  1.0000000   2.0531733e-16  -5.9382187e-16  5.2849668e-16  1.0768399e-16  -1.9088650e-16  -3.5244670e-16  
1.1413195e-16  1.7129550e-16  8.9088493e-17  3.4247647e-16  2.0531733e-16  1.0000000   -1.7513936e-16  -2.2334708e-16  1.1709718e-16  -8.8750021e-17  2.4987914e-16  1.1413195e-16  1.7129550e-16  8.9088493e-17  3.4247647e-16  2.0531733e-16  1.0000000   -1.7513936e-16  -2.2334708e-16  1.1709718e-16  -8.8750021e-17  2.4987914e-16  
-2.5289651e-17  -3.3198567e-16  3.6560653e-16  -6.3670932e-16  -5.9382187e-16  -1.7513936e-16  1.0000000   -8.4957405e-17  5.7272217e-16  -7.1726750e-18  -2.3762832e-16  -2.5289651e-17  -3.3198567e-16  3.6560653e-16  -6.3670932e-16  -5.9382187e-16  -1.7513936e-16  1.0000000   -8.4957405e-17  5.7272217e-16  -7.1726750e-18  -2.3762832e-16  
-5.8088842e-16  -2.8670091e-16  2.4963051e-16  -8.2936686e-16  5.2849668e-16  -2.2334708e-16  -8.4957405e-17  1.0000000   4.6076475e-16  -2.0795845e-16  -7.2900738e-16  -5.8088842e-16  -2.8670091e-16  2.4963051e-16  -8.2936686e-16  5.2849668e-16  -2.2334708e-16  -8.4957405e-17  1.0000000   4.6076475e-16  -2.0795845e-16  -7.2900738e-16  
-7.6116710e-17  1.2763357e-17  1.4760314e-16  -2.0243934e-16  1.0768399e-16  1.1709718e-16  5.7272217e-16  4.6076475e-16  1.0000000   -5.6412437e-16  4.2290322e-16  -7.6116710e-17  1.2763357e-17  1.4760314e-16  -2.0243934e-16  1.0768399e-16  1.1709718e-16  5.7272217e-16  4.6076475e-16  1.0000000   -5.6412437e-16  4.2290322e-16  
1.2568603e-16  -1.9111202e-16  -3.9590638e-17  -1.7997383e-16  -1.9088650e-16  -8.8750021e-17  -7.1726750e-18  -2.0795845e-16  -5.6412437e-16  1.0000000   -6.4946421e-16  1.2568603e-16  -1.9111202e-16  -3.9590638e-17  -1.7997383e-16  -1.9088650e-16  -8.8750021e-17  -7.1726750e-18  -2.0795845e-16  -5.6412437e-16  1.0000000   -6.4946421e-16  
-5.9240849e-17  2.8692807e-16  6.7406247e-16  5.8720813e-16  -3.5244670e-16  2.4987914e-16  -2.3762832e-16  -7.2900738e-16  4.2290322e-16  -6.4946421e-16  1.0000000   -5.9240849e-17  2.8692807e-16  6.7406247e-16  5.8720813e-16  -3.5244670e-16  2.4987914e-16  -2.3762832e-16  -7.2900738e-16  4.2290322e-16  -6.4946421e-16  1.0000000   
