1.0000000   9.7177380e-16  -6.5618795e-17  2.5533300e-16  -3.2889315e-16  8.1346503e-17  -3.3308554e-16  -6.9642964e-16  -2.4369392e-16  -2.4966211e-16  3.5602065e-17  1.0000000   9.7177380e-16  -6.5618795e-17  2.5533300e-16  -3.2889315e-16  8.1346503e-17  -3.3308554e-16  -6.9642964e-16  -2.4369392e-16  -2.4966211e-16  3.5602065e-17  
9.7177380e-16  1.0000000   3.3774062e-17  -3.6932331e-17  -5.6341244e-17  6.1545446e-16  -5.0845058e-17  -6.2362377e-17  -4.2279014e-16  1.9750437e-16  -6.7891724e-16  9.7177380e-16  1.0000000   3.3774062e-17  -3.6932331e-17  -5.6341244e-17  6.1545446e-16  -5.0845058e-17  -6.2362377e-17  -4.2279014e-16  1.9750437e-16  -6.7891724e-16  
-6.5618795e-17  3.3774062e-17  1.0000000   -6.1569131e-17  -5.7211295e-16  -2.8422445e-16  -4.0003164e-16  -1.9964874e-16  -2.1322614e-16  -1.5197507e-16  -7.3040286e-17  -6.5618795e-17  3.3774062e-17  1.0000000   -6.1569131e-17  -5.7211295e-16  -2.8422445e-16  -4.0003164e-16  -1.9964874e-16  -2.1322614e-16  -1.5197507e-16  -7.3040286e-17  
2.5533300e-16  -3.6932331e-17  -6.1569131e-17  1.0000000   3.1156074e-16  3.1528769e-16  4.8588436e-16  -4.4612548e-16  -5.7780945e-16  -8.0966185e-17  -1.1867016e-16  2.5533300e-16  -3.6932331e-17  -6.1569131e-17  1.0000000   3.1156074e-16  3.1528769e-16  4.8588436e-16  -4.4612548e-16  -5.7780945e-16  -8.0966185e-17  -1.1867016e-16  
-3.2889315e-16  -5.6341244e-17  -5.7211295e-16  3.1156074e-16  1.0000000   -1.3347643e-15  2.5580099e-16  -1.7027956e-16  -1.1162370e-16  -9.7569937e-17  -6.3035133e-17  -3.2889315e-16  -5.6341244e-17  -5.7211295e-16  3.1156074e-16  1.0000000   -1.3347643e-15  2.5580099e-16  -1.7027956e-16  -1.1162370e-16  -9.7569937e-17  -6.3035133e-17  
8.1346503e-17  6.1545446e-16  -2.8422445e-16  3.1528769e-16  -1.3347643e-15  1.0000000   5.4913908e-16  -1.6371686e-16  -5.7909440e-16  2.2577663e-17  1.3691991e-16  8.1346503e-17  6.1545446e-16  -2.8422445e-16  3.1528769e-16  -1.3347643e-15  1.0000000   5.4913908e-16  -1.6371686e-16  -5.7909440e-16  2.2577663e-17  1.3691991e-16  
-3.3308554e-16  -5.0845058e-17  -4.0003164e-16  4.8588436e-16  2.5580099e-16  5.4913908e-16  1.0000000   -3.1029485e-16  6.4094560e-17  2.6089928e-16  -4.6903751e-16  -3.3308554e-16  -5.0845058e-17  -4.0003164e-16  4.8588436e-16  2.5580099e-16  5.4913908e-16  1.0000000   -3.1029485e-16  6.4094560e-17  2.6089928e-16  -4.6903751e-16  
-6.9642964e-16  -6.2362377e-17  -1.9964874e-16  -4.4612548e-16  -1.7027956e-16  -1.6371686e-16  -3.1029485e-16  1.0000000   -7.4725734e-16  -1.2430928e-16  8.3104308e-17  -6.9642964e-16  -6.2362377e-17  -1.9964874e-16  -4.4612548e-16  -1.7027956e-16  -1.6371686e-16  -3.1029485e-16  1.0000000   -7.4725734e-16  -1.2430928e-16  8.3104308e-17  
-2.4369392e-16  -4.2279014e-16  -2.1322614e-16  -5.7780945e-16  -1.1162370e-16  -5.7909440e-16  6.4094560e-17  -7.4725734e-16  1.0000000   3.1092451e-16  -2.0930883e-16  -2.4369392e-16  -4.2279014e-16  -2.1322614e-16  -5.7780945e-16  -1.1162370e-16  -5.7909440e-16  6.4094560e-17  -7.4725734e-16  1.0000000   3.1092451e-16  -2.0930883e-16  
-2.4966211e-16  1.9750437e-16  -1.5197507e-16  -8.0966185e-17  -9.7569937e-17  2.2577663e-17  2.6089928e-16  -1.2430928e-16  3.1092451e-16  1.0000000   1.7012318e-16  -2.4966211e-16  1.9750437e-16  -1.5197507e-16  -8.0966185e-17  -9.7569937e-17  2.2577663e-17  2.6089928e-16  -1.2430928e-16  3.1092451e-16  1.0000000   1.7012318e-16  
3.5602065e-17  -6.7891724e-16  -7.3040286e-17  -1.1867016e-16  -6.3035133e-17  1.3691991e-16  -4.6903751e-16  8.3104308e-17  -2.0930883e-16  1.7012318e-16  1.0000000   3.5602065e-17  -6.7891724e-16  -7.3040286e-17  -1.1867016e-16  -6.3035133e-17  1.3691991e-16  -4.6903751e-16  8.3104308e-17  -2.0930883e-16  1.7012318e-16  1.0000000   
1.0000000   9.7177380e-16  -6.5618795e-17  2.5533300e-16  -3.2889315e-16  8.1346503e-17  -3.3308554e-16  -6.9642964e-16  -2.4369392e-16  -2.4966211e-16  3.5602065e-17  1.0000000   9.7177380e-16  -6.5618795e-17  2.5533300e-16  -3.2889315e-16  8.1346503e-17  -3.3308554e-16  -6.9642964e-16  -2.4369392e-16  -2.4966211e-16  3.5602065e-17  
9.7177380e-16  1.0000000   3.3774062e-17  -3.6932331e-17  -5.6341244e-17  6.1545446e-16  -5.0845058e-17  -6.2362377e-17  -4.2279014e-16  1.9750437e-16  -6.7891724e-16  9.7177380e-16  1.0000000   3.3774062e-17  -3.6932331e-17  -5.6341244e-17  6.1545446e-16  -5.0845058e-17  -6.2362377e-17  -4.2279014e-16  1.9750437e-16  -6.7891724e-16  
-6.5618795e-17  3.3774062e-17  1.0000000   -6.1569131e-17  -5.7211295e-16  -2.8422445e-16  -4.0003164e-16  -1.9964874e-16  -2.1322614e-16  -1.5197507e-16  -7.3040286e-17  -6.5618795e-17  3.3774062e-17  1.0000000   -6.1569131e-17  -5.7211295e-16  -2.8422445e-16  -4.0003164e-16  -1.9964874e-16  -2.1322614e-16  -1.5197507e-16  -7.3040286e-17  
2.5533300e-16  -3.6932331e-17  -6.1569131e-17  1.0000000   3.1156074e-16  3.1528769e-16  4.8588436e-16  -4.4612548e-16  -5.7780945e-16  -8.0966185e-17  -1.1867016e-16  2.5533300e-16  -3.6932331e-17  -6.1569131e-17  1.0000000   3.1156074e-16  3.1528769e-16  4.8588436e-16  -4.4612548e-16  -5.7780945e-16  -8.0966185e-17  -1.1867016e-16  
-3.2889315e-16  -5.6341244e-17  -5.7211295e-16  3.1156074e-16  1.0000000   -1.3347643e-15  2.5580099e-16  -1.7027956e-16  -1.1162370e-16  -9.7569937e-17  -6.3035133e-17  -3.2889315e-16  -5.6341244e-17  -5.7211295e-16  3.1156074e-16  1.0000000   -1.3347643e-15  2.5580099e-16  -1.7027956e-16  -1.1162370e-16  -9.7569937e-17  -6.3035133e-17  
8.1346503e-17  6.1545446e-16  -2.8422445e-16  3.1528769e-16  -1.3347643e-15  1.0000000   5.4913908e-16  -1.6371686e-16  -5.7909440e-16  2.2577663e-17  1.3691991e-16  8.1346503e-17  6.1545446e-16  -2.8422445e-16  3.1528769e-16  -1.3347643e-15  1.0000000   5.4913908e-16  -1.6371686e-16  -5.7909440e-16  2.2577663e-17  1.3691991e-16  
-3.3308554e-16  -5.0845058e-17  -4.0003164e-16  4.8588436e-16  2.5580099e-16  5.4913908e-16  1.0000000   -3.1029485e-16  6.4094560e-17  2.6089928e-16  -4.6903751e-16  -3.3308554e-16  -5.0845058e-17  -4.0003164e-16  4.8588436e-16  2.5580099e-16  5.4913908e-16  1.0000000   -3.1029485e-16  6.4094560e-17  2.6089928e-16  -4.6903751e-16  
-6.9642964e-16  -6.2362377e-17  -1.9964874e-16  -4.4612548e-16  -1.7027956e-16  -1.6371686e-16  -3.1029485e-16  1.0000000   -7.4725734e-16  -1.2430928e-16  8.3104308e-17  -6.9642964e-16  -6.2362377e-17  -1.9964874e-16  -4.4612548e-16  -1.7027956e-16  -1.6371686e-16  -3.1029485e-16  1.0000000   -7.4725734e-16  -1.2430928e-16  8.3104308e-17  
-2.4369392e-16  -4.2279014e-16  -2.1322614e-16  -5.7780945e-16  -1.1162370e-16  -5.7909440e-16  6.4094560e-17  -7.4725734e-16  1.0000000   3.1092451e-16  -2.0930883e-16  -2.4369392e-16  -4.2279014e-16  -2.1322614e-16  -5.7780945e-16  -1.1162370e-16  -5.7909440e-16  6.4094560e-17  -7.4725734e-16  1.0000000   3.1092451e-16  -2.0930883e-16  
-2.4966211e-16  1.9750437e-16  -1.5197507e-16  -8.0966185e-17  -9.7569937e-17  2.2577663e-17  2.6089928e-16  -1.2430928e-16  3.1092451e-16  1.0000000   1.7012318e-16  -2.4966211e-16  1.9750437e-16  -1.5197507e-16  -8.0966185e-17  -9.7569937e-17  2.2577663e-17  2.6089928e-16  -1.2430928e-16  3.1092451e-16  1.0000000   1.7012318e-16  
3.5602065e-17  -6.7891724e-16  -7.3040286e-17  -1.1867016e-16  -6.3035133e-17  1.3691991e-16  -4.6903751e-16  8.3104308e-17  -2.0930883e-16  1.7012318e-16  1.0000000   3.5602065e-17  -6.7891724e-16  -7.3040286e-17  -1.1867016e-16  -6.3035133e-17  1.3691991e-16  -4.6903751e-16  8.3104308e-17  -2.0930883e-16  1.7012318e-16  1.0000000   
