1.0000000   5.1835071e-16  2.7951664e-17  -1.1148754e-16  -5.2234736e-17  -1.5773002e-16  1.0680750e-16  7.8736078e-18  -5.0178137e-17  9.2271956e-18  3.4666691e-17  1.0000000   5.1835071e-16  2.7951664e-17  -1.1148754e-16  -5.2234736e-17  -1.5773002e-16  1.0680750e-16  7.8736078e-18  -5.0178137e-17  9.2271956e-18  3.4666691e-17  
5.1835071e-16  1.0000000   -3.0705698e-16  -3.6320526e-16  -2.4457404e-16  5.5460675e-16  3.1986423e-17  3.3931852e-17  -2.7389486e-16  1.9075592e-16  -3.0661380e-17  5.1835071e-16  1.0000000   -3.0705698e-16  -3.6320526e-16  -2.4457404e-16  5.5460675e-16  3.1986423e-17  3.3931852e-17  -2.7389486e-16  1.9075592e-16  -3.0661380e-17  
2.7951664e-17  -3.0705698e-16  1.0000000   7.2934298e-17  3.1853007e-16  -4.1406533e-16  -1.7482051e-17  8.9633016e-17  -6.7301362e-16  2.0755848e-16  -1.1400061e-17  2.7951664e-17  -3.0705698e-16  1.0000000   7.2934298e-17  3.1853007e-16  -4.1406533e-16  -1.7482051e-17  8.9633016e-17  -6.7301362e-16  2.0755848e-16  -1.1400061e-17  
-1.1148754e-16  -3.6320526e-16  7.2934298e-17  1.0000000   1.7351069e-16  1.6979088e-16  -5.3187956e-17  1.8719681e-16  -3.0700572e-16  -1.1706831e-16  9.6783205e-17  -1.1148754e-16  -3.6320526e-16  7.2934298e-17  1.0000000   1.7351069e-16  1.6979088e-16  -5.3187956e-17  1.8719681e-16  -3.0700572e-16  -1.1706831e-16  9.6783205e-17  
-5.2234736e-17  -2.4457404e-16  3.1853007e-16  1.7351069e-16  1.0000000   -3.7712178e-16  -3.3148096e-16  -4.1493001e-16  -1.0365973e-17  -9.6725178e-17  -9.7116633e-17  -5.2234736e-17  -2.4457404e-16  3.1853007e-16  1.7351069e-16  1.0000000   -3.7712178e-16  -3.3148096e-16  -4.1493001e-16  -1.0365973e-17  -9.6725178e-17  -9.7116633e-17  
-1.5773002e-16  5.5460675e-16  -4.1406533e-16  1.6979088e-16  -3.7712178e-16  1.0000000   3.2179794e-17  -7.6709074e-17  -4.6487683e-16  4.1658480e-16  -6.7910387e-17  -1.5773002e-16  5.5460675e-16  -4.1406533e-16  1.6979088e-16  -3.7712178e-16  1.0000000   3.2179794e-17  -7.6709074e-17  -4.6487683e-16  4.1658480e-16  -6.7910387e-17  
1.0680750e-16  3.1986423e-17  -1.7482051e-17  -5.3187956e-17  -3.3148096e-16  3.2179794e-17  1.0000000   -5.2115454e-16  3.1380483e-17  5.6949855e-18  2.2554449e-17  1.0680750e-16  3.1986423e-17  -1.7482051e-17  -5.3187956e-17  -3.3148096e-16  3.2179794e-17  1.0000000   -5.2115454e-16  3.1380483e-17  5.6949855e-18  2.2554449e-17  
7.8736078e-18  3.3931852e-17  8.9633016e-17  1.8719681e-16  -4.1493001e-16  -7.6709074e-17  -5.2115454e-16  1.0000000   9.3967294e-17  -8.2780530e-17  4.9102754e-16  7.8736078e-18  3.3931852e-17  8.9633016e-17  1.8719681e-16  -4.1493001e-16  -7.6709074e-17  -5.2115454e-16  1.0000000   9.3967294e-17  -8.2780530e-17  4.9102754e-16  
-5.0178137e-17  -2.7389486e-16  -6.7301362e-16  -3.0700572e-16  -1.0365973e-17  -4.6487683e-16  3.1380483e-17  9.3967294e-17  1.0000000   -1.2900651e-16  6.4092442e-17  -5.0178137e-17  -2.7389486e-16  -6.7301362e-16  -3.0700572e-16  -1.0365973e-17  -4.6487683e-16  3.1380483e-17  9.3967294e-17  1.0000000   -1.2900651e-16  6.4092442e-17  
9.2271956e-18  1.9075592e-16  2.0755848e-16  -1.1706831e-16  -9.6725178e-17  4.1658480e-16  5.6949855e-18  -8.2780530e-17  -1.2900651e-16  1.0000000   -1.6101249e-17  9.2271956e-18  1.9075592e-16  2.0755848e-16  -1.1706831e-16  -9.6725178e-17  4.1658480e-16  5.6949855e-18  -8.2780530e-17  -1.2900651e-16  1.0000000   -1.6101249e-17  
3.4666691e-17  -3.0661380e-17  -1.1400061e-17  9.6783205e-17  -9.7116633e-17  -6.7910387e-17  2.2554449e-17  4.9102754e-16  6.4092442e-17  -1.6101249e-17  1.0000000   3.4666691e-17  -3.0661380e-17  -1.1400061e-17  9.6783205e-17  -9.7116633e-17  -6.7910387e-17  2.2554449e-17  4.9102754e-16  6.4092442e-17  -1.6101249e-17  1.0000000   
1.0000000   5.1835071e-16  2.7951664e-17  -1.1148754e-16  -5.2234736e-17  -1.5773002e-16  1.0680750e-16  7.8736078e-18  -5.0178137e-17  9.2271956e-18  3.4666691e-17  1.0000000   5.1835071e-16  2.7951664e-17  -1.1148754e-16  -5.2234736e-17  -1.5773002e-16  1.0680750e-16  7.8736078e-18  -5.0178137e-17  9.2271956e-18  3.4666691e-17  
5.1835071e-16  1.0000000   -3.0705698e-16  -3.6320526e-16  -2.4457404e-16  5.5460675e-16  3.1986423e-17  3.3931852e-17  -2.7389486e-16  1.9075592e-16  -3.0661380e-17  5.1835071e-16  1.0000000   -3.0705698e-16  -3.6320526e-16  -2.4457404e-16  5.5460675e-16  3.1986423e-17  3.3931852e-17  -2.7389486e-16  1.9075592e-16  -3.0661380e-17  
2.7951664e-17  -3.0705698e-16  1.0000000   7.2934298e-17  3.1853007e-16  -4.1406533e-16  -1.7482051e-17  8.9633016e-17  -6.7301362e-16  2.0755848e-16  -1.1400061e-17  2.7951664e-17  -3.0705698e-16  1.0000000   7.2934298e-17  3.1853007e-16  -4.1406533e-16  -1.7482051e-17  8.9633016e-17  -6.7301362e-16  2.0755848e-16  -1.1400061e-17  
-1.1148754e-16  -3.6320526e-16  7.2934298e-17  1.0000000   1.7351069e-16  1.6979088e-16  -5.3187956e-17  1.8719681e-16  -3.0700572e-16  -1.1706831e-16  9.6783205e-17  -1.1148754e-16  -3.6320526e-16  7.2934298e-17  1.0000000   1.7351069e-16  1.6979088e-16  -5.3187956e-17  1.8719681e-16  -3.0700572e-16  -1.1706831e-16  9.6783205e-17  
-5.2234736e-17  -2.4457404e-16  3.1853007e-16  1.7351069e-16  1.0000000   -3.7712178e-16  -3.3148096e-16  -4.1493001e-16  -1.0365973e-17  -9.6725178e-17  -9.7116633e-17  -5.2234736e-17  -2.4457404e-16  3.1853007e-16  1.7351069e-16  1.0000000   -3.7712178e-16  -3.3148096e-16  -4.1493001e-16  -1.0365973e-17  -9.6725178e-17  -9.7116633e-17  
-1.5773002e-16  5.5460675e-16  -4.1406533e-16  1.6979088e-16  -3.7712178e-16  1.0000000   3.2179794e-17  -7.6709074e-17  -4.6487683e-16  4.1658480e-16  -6.7910387e-17  -1.5773002e-16  5.5460675e-16  -4.1406533e-16  1.6979088e-16  -3.7712178e-16  1.0000000   3.2179794e-17  -7.6709074e-17  -4.6487683e-16  4.1658480e-16  -6.7910387e-17  
1.0680750e-16  3.1986423e-17  -1.7482051e-17  -5.3187956e-17  -3.3148096e-16  3.2179794e-17  1.0000000   -5.2115454e-16  3.1380483e-17  5.6949855e-18  2.2554449e-17  1.0680750e-16  3.1986423e-17  -1.7482051e-17  -5.3187956e-17  -3.3148096e-16  3.2179794e-17  1.0000000   -5.2115454e-16  3.1380483e-17  5.6949855e-18  2.2554449e-17  
7.8736078e-18  3.3931852e-17  8.9633016e-17  1.8719681e-16  -4.1493001e-16  -7.6709074e-17  -5.2115454e-16  1.0000000   9.3967294e-17  -8.2780530e-17  4.9102754e-16  7.8736078e-18  3.3931852e-17  8.9633016e-17  1.8719681e-16  -4.1493001e-16  -7.6709074e-17  -5.2115454e-16  1.0000000   9.3967294e-17  -8.2780530e-17  4.9102754e-16  
-5.0178137e-17  -2.7389486e-16  -6.7301362e-16  -3.0700572e-16  -1.0365973e-17  -4.6487683e-16  3.1380483e-17  9.3967294e-17  1.0000000   -1.2900651e-16  6.4092442e-17  -5.0178137e-17  -2.7389486e-16  -6.7301362e-16  -3.0700572e-16  -1.0365973e-17  -4.6487683e-16  3.1380483e-17  9.3967294e-17  1.0000000   -1.2900651e-16  6.4092442e-17  
9.2271956e-18  1.9075592e-16  2.0755848e-16  -1.1706831e-16  -9.6725178e-17  4.1658480e-16  5.6949855e-18  -8.2780530e-17  -1.2900651e-16  1.0000000   -1.6101249e-17  9.2271956e-18  1.9075592e-16  2.0755848e-16  -1.1706831e-16  -9.6725178e-17  4.1658480e-16  5.6949855e-18  -8.2780530e-17  -1.2900651e-16  1.0000000   -1.6101249e-17  
3.4666691e-17  -3.0661380e-17  -1.1400061e-17  9.6783205e-17  -9.7116633e-17  -6.7910387e-17  2.2554449e-17  4.9102754e-16  6.4092442e-17  -1.6101249e-17  1.0000000   3.4666691e-17  -3.0661380e-17  -1.1400061e-17  9.6783205e-17  -9.7116633e-17  -6.7910387e-17  2.2554449e-17  4.9102754e-16  6.4092442e-17  -1.6101249e-17  1.0000000   
