1.0000000   1.5380102e-15  2.0713132e-16  -2.1051140e-16  6.2014670e-16  8.1028866e-17  -1.0937567e-16  -6.8723171e-17  1.7793071e-16  9.7578619e-17  -4.6942608e-16  1.0000000   1.5380102e-15  2.0713132e-16  -2.1051140e-16  6.2014670e-16  8.1028866e-17  -1.0937567e-16  -6.8723171e-17  1.7793071e-16  9.7578619e-17  -4.6942608e-16  
1.5380102e-15  1.0000000   5.4609908e-17  -4.2627441e-16  -2.4986456e-16  -8.0751357e-18  9.3366324e-16  7.6702645e-17  2.1244010e-16  1.5626996e-16  -4.7380058e-16  1.5380102e-15  1.0000000   5.4609908e-17  -4.2627441e-16  -2.4986456e-16  -8.0751357e-18  9.3366324e-16  7.6702645e-17  2.1244010e-16  1.5626996e-16  -4.7380058e-16  
2.0713132e-16  5.4609908e-17  1.0000000   7.6116498e-17  9.5290190e-16  -8.8432442e-16  3.3558747e-16  1.1456989e-16  -2.5769945e-16  1.1136916e-16  4.1777338e-16  2.0713132e-16  5.4609908e-17  1.0000000   7.6116498e-17  9.5290190e-16  -8.8432442e-16  3.3558747e-16  1.1456989e-16  -2.5769945e-16  1.1136916e-16  4.1777338e-16  
-2.1051140e-16  -4.2627441e-16  7.6116498e-17  1.0000000   9.9608195e-16  5.3305732e-16  -1.3552654e-16  -5.0524753e-16  -1.7166160e-16  2.9027946e-16  6.7056634e-17  -2.1051140e-16  -4.2627441e-16  7.6116498e-17  1.0000000   9.9608195e-16  5.3305732e-16  -1.3552654e-16  -5.0524753e-16  -1.7166160e-16  2.9027946e-16  6.7056634e-17  
6.2014670e-16  -2.4986456e-16  9.5290190e-16  9.9608195e-16  1.0000000   7.2631381e-17  -1.4734816e-16  3.9193909e-16  3.8718998e-16  9.2669640e-17  -4.1394098e-16  6.2014670e-16  -2.4986456e-16  9.5290190e-16  9.9608195e-16  1.0000000   7.2631381e-17  -1.4734816e-16  3.9193909e-16  3.8718998e-16  9.2669640e-17  -4.1394098e-16  
8.1028866e-17  -8.0751357e-18  -8.8432442e-16  5.3305732e-16  7.2631381e-17  1.0000000   -1.9700419e-16  5.0425227e-16  2.4904156e-16  -6.6129726e-16  -2.4721842e-16  8.1028866e-17  -8.0751357e-18  -8.8432442e-16  5.3305732e-16  7.2631381e-17  1.0000000   -1.9700419e-16  5.0425227e-16  2.4904156e-16  -6.6129726e-16  -2.4721842e-16  
-1.0937567e-16  9.3366324e-16  3.3558747e-16  -1.3552654e-16  -1.4734816e-16  -1.9700419e-16  1.0000000   4.0949278e-16  1.6496136e-16  -1.9947457e-16  -2.4397132e-16  -1.0937567e-16  9.3366324e-16  3.3558747e-16  -1.3552654e-16  -1.4734816e-16  -1.9700419e-16  1.0000000   4.0949278e-16  1.6496136e-16  -1.9947457e-16  -2.4397132e-16  
-6.8723171e-17  7.6702645e-17  1.1456989e-16  -5.0524753e-16  3.9193909e-16  5.0425227e-16  4.0949278e-16  1.0000000   -2.1670406e-16  7.5187896e-16  4.5829014e-16  -6.8723171e-17  7.6702645e-17  1.1456989e-16  -5.0524753e-16  3.9193909e-16  5.0425227e-16  4.0949278e-16  1.0000000   -2.1670406e-16  7.5187896e-16  4.5829014e-16  
1.7793071e-16  2.1244010e-16  -2.5769945e-16  -1.7166160e-16  3.8718998e-16  2.4904156e-16  1.6496136e-16  -2.1670406e-16  1.0000000   2.4194130e-16  -9.4141042e-17  1.7793071e-16  2.1244010e-16  -2.5769945e-16  -1.7166160e-16  3.8718998e-16  2.4904156e-16  1.6496136e-16  -2.1670406e-16  1.0000000   2.4194130e-16  -9.4141042e-17  
9.7578619e-17  1.5626996e-16  1.1136916e-16  2.9027946e-16  9.2669640e-17  -6.6129726e-16  -1.9947457e-16  7.5187896e-16  2.4194130e-16  1.0000000   -4.5083498e-16  9.7578619e-17  1.5626996e-16  1.1136916e-16  2.9027946e-16  9.2669640e-17  -6.6129726e-16  -1.9947457e-16  7.5187896e-16  2.4194130e-16  1.0000000   -4.5083498e-16  
-4.6942608e-16  -4.7380058e-16  4.1777338e-16  6.7056634e-17  -4.1394098e-16  -2.4721842e-16  -2.4397132e-16  4.5829014e-16  -9.4141042e-17  -4.5083498e-16  1.0000000   -4.6942608e-16  -4.7380058e-16  4.1777338e-16  6.7056634e-17  -4.1394098e-16  -2.4721842e-16  -2.4397132e-16  4.5829014e-16  -9.4141042e-17  -4.5083498e-16  1.0000000   
1.0000000   1.5380102e-15  2.0713132e-16  -2.1051140e-16  6.2014670e-16  8.1028866e-17  -1.0937567e-16  -6.8723171e-17  1.7793071e-16  9.7578619e-17  -4.6942608e-16  1.0000000   1.5380102e-15  2.0713132e-16  -2.1051140e-16  6.2014670e-16  8.1028866e-17  -1.0937567e-16  -6.8723171e-17  1.7793071e-16  9.7578619e-17  -4.6942608e-16  
1.5380102e-15  1.0000000   5.4609908e-17  -4.2627441e-16  -2.4986456e-16  -8.0751357e-18  9.3366324e-16  7.6702645e-17  2.1244010e-16  1.5626996e-16  -4.7380058e-16  1.5380102e-15  1.0000000   5.4609908e-17  -4.2627441e-16  -2.4986456e-16  -8.0751357e-18  9.3366324e-16  7.6702645e-17  2.1244010e-16  1.5626996e-16  -4.7380058e-16  
2.0713132e-16  5.4609908e-17  1.0000000   7.6116498e-17  9.5290190e-16  -8.8432442e-16  3.3558747e-16  1.1456989e-16  -2.5769945e-16  1.1136916e-16  4.1777338e-16  2.0713132e-16  5.4609908e-17  1.0000000   7.6116498e-17  9.5290190e-16  -8.8432442e-16  3.3558747e-16  1.1456989e-16  -2.5769945e-16  1.1136916e-16  4.1777338e-16  
-2.1051140e-16  -4.2627441e-16  7.6116498e-17  1.0000000   9.9608195e-16  5.3305732e-16  -1.3552654e-16  -5.0524753e-16  -1.7166160e-16  2.9027946e-16  6.7056634e-17  -2.1051140e-16  -4.2627441e-16  7.6116498e-17  1.0000000   9.9608195e-16  5.3305732e-16  -1.3552654e-16  -5.0524753e-16  -1.7166160e-16  2.9027946e-16  6.7056634e-17  
6.2014670e-16  -2.4986456e-16  9.5290190e-16  9.9608195e-16  1.0000000   7.2631381e-17  -1.4734816e-16  3.9193909e-16  3.8718998e-16  9.2669640e-17  -4.1394098e-16  6.2014670e-16  -2.4986456e-16  9.5290190e-16  9.9608195e-16  1.0000000   7.2631381e-17  -1.4734816e-16  3.9193909e-16  3.8718998e-16  9.2669640e-17  -4.1394098e-16  
8.1028866e-17  -8.0751357e-18  -8.8432442e-16  5.3305732e-16  7.2631381e-17  1.0000000   -1.9700419e-16  5.0425227e-16  2.4904156e-16  -6.6129726e-16  -2.4721842e-16  8.1028866e-17  -8.0751357e-18  -8.8432442e-16  5.3305732e-16  7.2631381e-17  1.0000000   -1.9700419e-16  5.0425227e-16  2.4904156e-16  -6.6129726e-16  -2.4721842e-16  
-1.0937567e-16  9.3366324e-16  3.3558747e-16  -1.3552654e-16  -1.4734816e-16  -1.9700419e-16  1.0000000   4.0949278e-16  1.6496136e-16  -1.9947457e-16  -2.4397132e-16  -1.0937567e-16  9.3366324e-16  3.3558747e-16  -1.3552654e-16  -1.4734816e-16  -1.9700419e-16  1.0000000   4.0949278e-16  1.6496136e-16  -1.9947457e-16  -2.4397132e-16  
-6.8723171e-17  7.6702645e-17  1.1456989e-16  -5.0524753e-16  3.9193909e-16  5.0425227e-16  4.0949278e-16  1.0000000   -2.1670406e-16  7.5187896e-16  4.5829014e-16  -6.8723171e-17  7.6702645e-17  1.1456989e-16  -5.0524753e-16  3.9193909e-16  5.0425227e-16  4.0949278e-16  1.0000000   -2.1670406e-16  7.5187896e-16  4.5829014e-16  
1.7793071e-16  2.1244010e-16  -2.5769945e-16  -1.7166160e-16  3.8718998e-16  2.4904156e-16  1.6496136e-16  -2.1670406e-16  1.0000000   2.4194130e-16  -9.4141042e-17  1.7793071e-16  2.1244010e-16  -2.5769945e-16  -1.7166160e-16  3.8718998e-16  2.4904156e-16  1.6496136e-16  -2.1670406e-16  1.0000000   2.4194130e-16  -9.4141042e-17  
9.7578619e-17  1.5626996e-16  1.1136916e-16  2.9027946e-16  9.2669640e-17  -6.6129726e-16  -1.9947457e-16  7.5187896e-16  2.4194130e-16  1.0000000   -4.5083498e-16  9.7578619e-17  1.5626996e-16  1.1136916e-16  2.9027946e-16  9.2669640e-17  -6.6129726e-16  -1.9947457e-16  7.5187896e-16  2.4194130e-16  1.0000000   -4.5083498e-16  
-4.6942608e-16  -4.7380058e-16  4.1777338e-16  6.7056634e-17  -4.1394098e-16  -2.4721842e-16  -2.4397132e-16  4.5829014e-16  -9.4141042e-17  -4.5083498e-16  1.0000000   -4.6942608e-16  -4.7380058e-16  4.1777338e-16  6.7056634e-17  -4.1394098e-16  -2.4721842e-16  -2.4397132e-16  4.5829014e-16  -9.4141042e-17  -4.5083498e-16  1.0000000   
