1.0000000   1.0908408e-16  -2.6002493e-16  1.7139458e-16  -2.4539392e-17  -2.9414913e-17  -5.0697463e-16  5.5128462e-16  1.4378215e-16  2.6532884e-16  2.5197928e-16  1.0000000   1.0908408e-16  -2.6002493e-16  1.7139458e-16  -2.4539392e-17  -2.9414913e-17  -5.0697463e-16  5.5128462e-16  1.4378215e-16  2.6532884e-16  2.5197928e-16  
1.0908408e-16  1.0000000   5.4259745e-16  -2.0612706e-16  -1.2264402e-16  -2.9849102e-16  5.9153816e-17  1.9306337e-16  9.1250859e-17  1.0844489e-16  -4.4653428e-16  1.0908408e-16  1.0000000   5.4259745e-16  -2.0612706e-16  -1.2264402e-16  -2.9849102e-16  5.9153816e-17  1.9306337e-16  9.1250859e-17  1.0844489e-16  -4.4653428e-16  
-2.6002493e-16  5.4259745e-16  1.0000000   6.4313364e-16  1.9583359e-16  2.9080060e-16  1.9806171e-17  2.9060726e-16  -2.9603399e-16  2.5433583e-16  8.6348370e-16  -2.6002493e-16  5.4259745e-16  1.0000000   6.4313364e-16  1.9583359e-16  2.9080060e-16  1.9806171e-17  2.9060726e-16  -2.9603399e-16  2.5433583e-16  8.6348370e-16  
1.7139458e-16  -2.0612706e-16  6.4313364e-16  1.0000000   6.3571411e-16  3.0877908e-16  -2.0002302e-16  -1.4551162e-15  -1.4311437e-16  -5.6136951e-16  -9.9772328e-16  1.7139458e-16  -2.0612706e-16  6.4313364e-16  1.0000000   6.3571411e-16  3.0877908e-16  -2.0002302e-16  -1.4551162e-15  -1.4311437e-16  -5.6136951e-16  -9.9772328e-16  
-2.4539392e-17  -1.2264402e-16  1.9583359e-16  6.3571411e-16  1.0000000   1.8356475e-16  -5.3081522e-16  6.4912328e-16  3.1198765e-17  7.2977076e-17  -3.4595091e-16  -2.4539392e-17  -1.2264402e-16  1.9583359e-16  6.3571411e-16  1.0000000   1.8356475e-16  -5.3081522e-16  6.4912328e-16  3.1198765e-17  7.2977076e-17  -3.4595091e-16  
-2.9414913e-17  -2.9849102e-16  2.9080060e-16  3.0877908e-16  1.8356475e-16  1.0000000   -2.0280510e-17  -6.8186152e-18  1.8128983e-16  -2.1693146e-16  6.4692671e-17  -2.9414913e-17  -2.9849102e-16  2.9080060e-16  3.0877908e-16  1.8356475e-16  1.0000000   -2.0280510e-17  -6.8186152e-18  1.8128983e-16  -2.1693146e-16  6.4692671e-17  
-5.0697463e-16  5.9153816e-17  1.9806171e-17  -2.0002302e-16  -5.3081522e-16  -2.0280510e-17  1.0000000   -1.9174793e-16  -1.3666834e-16  6.7082468e-17  1.7906869e-16  -5.0697463e-16  5.9153816e-17  1.9806171e-17  -2.0002302e-16  -5.3081522e-16  -2.0280510e-17  1.0000000   -1.9174793e-16  -1.3666834e-16  6.7082468e-17  1.7906869e-16  
5.5128462e-16  1.9306337e-16  2.9060726e-16  -1.4551162e-15  6.4912328e-16  -6.8186152e-18  -1.9174793e-16  1.0000000   -4.2410050e-16  1.9953666e-16  -1.4068794e-17  5.5128462e-16  1.9306337e-16  2.9060726e-16  -1.4551162e-15  6.4912328e-16  -6.8186152e-18  -1.9174793e-16  1.0000000   -4.2410050e-16  1.9953666e-16  -1.4068794e-17  
1.4378215e-16  9.1250859e-17  -2.9603399e-16  -1.4311437e-16  3.1198765e-17  1.8128983e-16  -1.3666834e-16  -4.2410050e-16  1.0000000   -3.6574089e-16  -4.3628666e-16  1.4378215e-16  9.1250859e-17  -2.9603399e-16  -1.4311437e-16  3.1198765e-17  1.8128983e-16  -1.3666834e-16  -4.2410050e-16  1.0000000   -3.6574089e-16  -4.3628666e-16  
2.6532884e-16  1.0844489e-16  2.5433583e-16  -5.6136951e-16  7.2977076e-17  -2.1693146e-16  6.7082468e-17  1.9953666e-16  -3.6574089e-16  1.0000000   -1.0800909e-16  2.6532884e-16  1.0844489e-16  2.5433583e-16  -5.6136951e-16  7.2977076e-17  -2.1693146e-16  6.7082468e-17  1.9953666e-16  -3.6574089e-16  1.0000000   -1.0800909e-16  
2.5197928e-16  -4.4653428e-16  8.6348370e-16  -9.9772328e-16  -3.4595091e-16  6.4692671e-17  1.7906869e-16  -1.4068794e-17  -4.3628666e-16  -1.0800909e-16  1.0000000   2.5197928e-16  -4.4653428e-16  8.6348370e-16  -9.9772328e-16  -3.4595091e-16  6.4692671e-17  1.7906869e-16  -1.4068794e-17  -4.3628666e-16  -1.0800909e-16  1.0000000   
1.0000000   1.0908408e-16  -2.6002493e-16  1.7139458e-16  -2.4539392e-17  -2.9414913e-17  -5.0697463e-16  5.5128462e-16  1.4378215e-16  2.6532884e-16  2.5197928e-16  1.0000000   1.0908408e-16  -2.6002493e-16  1.7139458e-16  -2.4539392e-17  -2.9414913e-17  -5.0697463e-16  5.5128462e-16  1.4378215e-16  2.6532884e-16  2.5197928e-16  
1.0908408e-16  1.0000000   5.4259745e-16  -2.0612706e-16  -1.2264402e-16  -2.9849102e-16  5.9153816e-17  1.9306337e-16  9.1250859e-17  1.0844489e-16  -4.4653428e-16  1.0908408e-16  1.0000000   5.4259745e-16  -2.0612706e-16  -1.2264402e-16  -2.9849102e-16  5.9153816e-17  1.9306337e-16  9.1250859e-17  1.0844489e-16  -4.4653428e-16  
-2.6002493e-16  5.4259745e-16  1.0000000   6.4313364e-16  1.9583359e-16  2.9080060e-16  1.9806171e-17  2.9060726e-16  -2.9603399e-16  2.5433583e-16  8.6348370e-16  -2.6002493e-16  5.4259745e-16  1.0000000   6.4313364e-16  1.9583359e-16  2.9080060e-16  1.9806171e-17  2.9060726e-16  -2.9603399e-16  2.5433583e-16  8.6348370e-16  
1.7139458e-16  -2.0612706e-16  6.4313364e-16  1.0000000   6.3571411e-16  3.0877908e-16  -2.0002302e-16  -1.4551162e-15  -1.4311437e-16  -5.6136951e-16  -9.9772328e-16  1.7139458e-16  -2.0612706e-16  6.4313364e-16  1.0000000   6.3571411e-16  3.0877908e-16  -2.0002302e-16  -1.4551162e-15  -1.4311437e-16  -5.6136951e-16  -9.9772328e-16  
-2.4539392e-17  -1.2264402e-16  1.9583359e-16  6.3571411e-16  1.0000000   1.8356475e-16  -5.3081522e-16  6.4912328e-16  3.1198765e-17  7.2977076e-17  -3.4595091e-16  -2.4539392e-17  -1.2264402e-16  1.9583359e-16  6.3571411e-16  1.0000000   1.8356475e-16  -5.3081522e-16  6.4912328e-16  3.1198765e-17  7.2977076e-17  -3.4595091e-16  
-2.9414913e-17  -2.9849102e-16  2.9080060e-16  3.0877908e-16  1.8356475e-16  1.0000000   -2.0280510e-17  -6.8186152e-18  1.8128983e-16  -2.1693146e-16  6.4692671e-17  -2.9414913e-17  -2.9849102e-16  2.9080060e-16  3.0877908e-16  1.8356475e-16  1.0000000   -2.0280510e-17  -6.8186152e-18  1.8128983e-16  -2.1693146e-16  6.4692671e-17  
-5.0697463e-16  5.9153816e-17  1.9806171e-17  -2.0002302e-16  -5.3081522e-16  -2.0280510e-17  1.0000000   -1.9174793e-16  -1.3666834e-16  6.7082468e-17  1.7906869e-16  -5.0697463e-16  5.9153816e-17  1.9806171e-17  -2.0002302e-16  -5.3081522e-16  -2.0280510e-17  1.0000000   -1.9174793e-16  -1.3666834e-16  6.7082468e-17  1.7906869e-16  
5.5128462e-16  1.9306337e-16  2.9060726e-16  -1.4551162e-15  6.4912328e-16  -6.8186152e-18  -1.9174793e-16  1.0000000   -4.2410050e-16  1.9953666e-16  -1.4068794e-17  5.5128462e-16  1.9306337e-16  2.9060726e-16  -1.4551162e-15  6.4912328e-16  -6.8186152e-18  -1.9174793e-16  1.0000000   -4.2410050e-16  1.9953666e-16  -1.4068794e-17  
1.4378215e-16  9.1250859e-17  -2.9603399e-16  -1.4311437e-16  3.1198765e-17  1.8128983e-16  -1.3666834e-16  -4.2410050e-16  1.0000000   -3.6574089e-16  -4.3628666e-16  1.4378215e-16  9.1250859e-17  -2.9603399e-16  -1.4311437e-16  3.1198765e-17  1.8128983e-16  -1.3666834e-16  -4.2410050e-16  1.0000000   -3.6574089e-16  -4.3628666e-16  
2.6532884e-16  1.0844489e-16  2.5433583e-16  -5.6136951e-16  7.2977076e-17  -2.1693146e-16  6.7082468e-17  1.9953666e-16  -3.6574089e-16  1.0000000   -1.0800909e-16  2.6532884e-16  1.0844489e-16  2.5433583e-16  -5.6136951e-16  7.2977076e-17  -2.1693146e-16  6.7082468e-17  1.9953666e-16  -3.6574089e-16  1.0000000   -1.0800909e-16  
2.5197928e-16  -4.4653428e-16  8.6348370e-16  -9.9772328e-16  -3.4595091e-16  6.4692671e-17  1.7906869e-16  -1.4068794e-17  -4.3628666e-16  -1.0800909e-16  1.0000000   2.5197928e-16  -4.4653428e-16  8.6348370e-16  -9.9772328e-16  -3.4595091e-16  6.4692671e-17  1.7906869e-16  -1.4068794e-17  -4.3628666e-16  -1.0800909e-16  1.0000000   
