1.0000000   3.0460491e-16  -4.4161503e-16  9.4393352e-17  -3.9243036e-17  -6.9120430e-16  -6.6847840e-18  -1.1880823e-16  3.6760383e-17  1.6334183e-16  1.9283044e-16  1.0000000   3.0460491e-16  -4.4161503e-16  9.4393352e-17  -3.9243036e-17  -6.9120430e-16  -6.6847840e-18  -1.1880823e-16  3.6760383e-17  1.6334183e-16  1.9283044e-16  
3.0460491e-16  1.0000000   -4.6187981e-16  2.2676851e-16  1.9570484e-16  3.7173576e-16  -1.3647861e-16  -5.3984247e-16  2.4992660e-16  -9.7521444e-17  1.6187350e-16  3.0460491e-16  1.0000000   -4.6187981e-16  2.2676851e-16  1.9570484e-16  3.7173576e-16  -1.3647861e-16  -5.3984247e-16  2.4992660e-16  -9.7521444e-17  1.6187350e-16  
-4.4161503e-16  -4.6187981e-16  1.0000000   -3.3412353e-16  -5.2867985e-17  2.4148825e-16  -1.3959619e-16  5.0731514e-16  7.6614977e-17  -4.5889026e-16  -2.0870405e-16  -4.4161503e-16  -4.6187981e-16  1.0000000   -3.3412353e-16  -5.2867985e-17  2.4148825e-16  -1.3959619e-16  5.0731514e-16  7.6614977e-17  -4.5889026e-16  -2.0870405e-16  
9.4393352e-17  2.2676851e-16  -3.3412353e-16  1.0000000   1.1617099e-16  -3.4417405e-16  3.4785949e-16  1.0875204e-16  -1.0562416e-16  2.0098715e-16  -5.1838787e-16  9.4393352e-17  2.2676851e-16  -3.3412353e-16  1.0000000   1.1617099e-16  -3.4417405e-16  3.4785949e-16  1.0875204e-16  -1.0562416e-16  2.0098715e-16  -5.1838787e-16  
-3.9243036e-17  1.9570484e-16  -5.2867985e-17  1.1617099e-16  1.0000000   1.7917330e-16  6.0112234e-16  1.1871497e-15  1.0512822e-16  -2.0526573e-16  6.6028188e-16  -3.9243036e-17  1.9570484e-16  -5.2867985e-17  1.1617099e-16  1.0000000   1.7917330e-16  6.0112234e-16  1.1871497e-15  1.0512822e-16  -2.0526573e-16  6.6028188e-16  
-6.9120430e-16  3.7173576e-16  2.4148825e-16  -3.4417405e-16  1.7917330e-16  1.0000000   -3.6930779e-16  -1.5684424e-16  6.8237821e-17  -2.7345612e-17  -1.7554927e-16  -6.9120430e-16  3.7173576e-16  2.4148825e-16  -3.4417405e-16  1.7917330e-16  1.0000000   -3.6930779e-16  -1.5684424e-16  6.8237821e-17  -2.7345612e-17  -1.7554927e-16  
-6.6847840e-18  -1.3647861e-16  -1.3959619e-16  3.4785949e-16  6.0112234e-16  -3.6930779e-16  1.0000000   -7.4818844e-17  1.7521406e-17  -2.5677380e-17  -5.7560336e-17  -6.6847840e-18  -1.3647861e-16  -1.3959619e-16  3.4785949e-16  6.0112234e-16  -3.6930779e-16  1.0000000   -7.4818844e-17  1.7521406e-17  -2.5677380e-17  -5.7560336e-17  
-1.1880823e-16  -5.3984247e-16  5.0731514e-16  1.0875204e-16  1.1871497e-15  -1.5684424e-16  -7.4818844e-17  1.0000000   7.2270545e-17  6.3346206e-17  -8.6997441e-16  -1.1880823e-16  -5.3984247e-16  5.0731514e-16  1.0875204e-16  1.1871497e-15  -1.5684424e-16  -7.4818844e-17  1.0000000   7.2270545e-17  6.3346206e-17  -8.6997441e-16  
3.6760383e-17  2.4992660e-16  7.6614977e-17  -1.0562416e-16  1.0512822e-16  6.8237821e-17  1.7521406e-17  7.2270545e-17  1.0000000   4.1338596e-16  2.5221465e-16  3.6760383e-17  2.4992660e-16  7.6614977e-17  -1.0562416e-16  1.0512822e-16  6.8237821e-17  1.7521406e-17  7.2270545e-17  1.0000000   4.1338596e-16  2.5221465e-16  
1.6334183e-16  -9.7521444e-17  -4.5889026e-16  2.0098715e-16  -2.0526573e-16  -2.7345612e-17  -2.5677380e-17  6.3346206e-17  4.1338596e-16  1.0000000   2.8696375e-16  1.6334183e-16  -9.7521444e-17  -4.5889026e-16  2.0098715e-16  -2.0526573e-16  -2.7345612e-17  -2.5677380e-17  6.3346206e-17  4.1338596e-16  1.0000000   2.8696375e-16  
1.9283044e-16  1.6187350e-16  -2.0870405e-16  -5.1838787e-16  6.6028188e-16  -1.7554927e-16  -5.7560336e-17  -8.6997441e-16  2.5221465e-16  2.8696375e-16  1.0000000   1.9283044e-16  1.6187350e-16  -2.0870405e-16  -5.1838787e-16  6.6028188e-16  -1.7554927e-16  -5.7560336e-17  -8.6997441e-16  2.5221465e-16  2.8696375e-16  1.0000000   
1.0000000   3.0460491e-16  -4.4161503e-16  9.4393352e-17  -3.9243036e-17  -6.9120430e-16  -6.6847840e-18  -1.1880823e-16  3.6760383e-17  1.6334183e-16  1.9283044e-16  1.0000000   3.0460491e-16  -4.4161503e-16  9.4393352e-17  -3.9243036e-17  -6.9120430e-16  -6.6847840e-18  -1.1880823e-16  3.6760383e-17  1.6334183e-16  1.9283044e-16  
3.0460491e-16  1.0000000   -4.6187981e-16  2.2676851e-16  1.9570484e-16  3.7173576e-16  -1.3647861e-16  -5.3984247e-16  2.4992660e-16  -9.7521444e-17  1.6187350e-16  3.0460491e-16  1.0000000   -4.6187981e-16  2.2676851e-16  1.9570484e-16  3.7173576e-16  -1.3647861e-16  -5.3984247e-16  2.4992660e-16  -9.7521444e-17  1.6187350e-16  
-4.4161503e-16  -4.6187981e-16  1.0000000   -3.3412353e-16  -5.2867985e-17  2.4148825e-16  -1.3959619e-16  5.0731514e-16  7.6614977e-17  -4.5889026e-16  -2.0870405e-16  -4.4161503e-16  -4.6187981e-16  1.0000000   -3.3412353e-16  -5.2867985e-17  2.4148825e-16  -1.3959619e-16  5.0731514e-16  7.6614977e-17  -4.5889026e-16  -2.0870405e-16  
9.4393352e-17  2.2676851e-16  -3.3412353e-16  1.0000000   1.1617099e-16  -3.4417405e-16  3.4785949e-16  1.0875204e-16  -1.0562416e-16  2.0098715e-16  -5.1838787e-16  9.4393352e-17  2.2676851e-16  -3.3412353e-16  1.0000000   1.1617099e-16  -3.4417405e-16  3.4785949e-16  1.0875204e-16  -1.0562416e-16  2.0098715e-16  -5.1838787e-16  
-3.9243036e-17  1.9570484e-16  -5.2867985e-17  1.1617099e-16  1.0000000   1.7917330e-16  6.0112234e-16  1.1871497e-15  1.0512822e-16  -2.0526573e-16  6.6028188e-16  -3.9243036e-17  1.9570484e-16  -5.2867985e-17  1.1617099e-16  1.0000000   1.7917330e-16  6.0112234e-16  1.1871497e-15  1.0512822e-16  -2.0526573e-16  6.6028188e-16  
-6.9120430e-16  3.7173576e-16  2.4148825e-16  -3.4417405e-16  1.7917330e-16  1.0000000   -3.6930779e-16  -1.5684424e-16  6.8237821e-17  -2.7345612e-17  -1.7554927e-16  -6.9120430e-16  3.7173576e-16  2.4148825e-16  -3.4417405e-16  1.7917330e-16  1.0000000   -3.6930779e-16  -1.5684424e-16  6.8237821e-17  -2.7345612e-17  -1.7554927e-16  
-6.6847840e-18  -1.3647861e-16  -1.3959619e-16  3.4785949e-16  6.0112234e-16  -3.6930779e-16  1.0000000   -7.4818844e-17  1.7521406e-17  -2.5677380e-17  -5.7560336e-17  -6.6847840e-18  -1.3647861e-16  -1.3959619e-16  3.4785949e-16  6.0112234e-16  -3.6930779e-16  1.0000000   -7.4818844e-17  1.7521406e-17  -2.5677380e-17  -5.7560336e-17  
-1.1880823e-16  -5.3984247e-16  5.0731514e-16  1.0875204e-16  1.1871497e-15  -1.5684424e-16  -7.4818844e-17  1.0000000   7.2270545e-17  6.3346206e-17  -8.6997441e-16  -1.1880823e-16  -5.3984247e-16  5.0731514e-16  1.0875204e-16  1.1871497e-15  -1.5684424e-16  -7.4818844e-17  1.0000000   7.2270545e-17  6.3346206e-17  -8.6997441e-16  
3.6760383e-17  2.4992660e-16  7.6614977e-17  -1.0562416e-16  1.0512822e-16  6.8237821e-17  1.7521406e-17  7.2270545e-17  1.0000000   4.1338596e-16  2.5221465e-16  3.6760383e-17  2.4992660e-16  7.6614977e-17  -1.0562416e-16  1.0512822e-16  6.8237821e-17  1.7521406e-17  7.2270545e-17  1.0000000   4.1338596e-16  2.5221465e-16  
1.6334183e-16  -9.7521444e-17  -4.5889026e-16  2.0098715e-16  -2.0526573e-16  -2.7345612e-17  -2.5677380e-17  6.3346206e-17  4.1338596e-16  1.0000000   2.8696375e-16  1.6334183e-16  -9.7521444e-17  -4.5889026e-16  2.0098715e-16  -2.0526573e-16  -2.7345612e-17  -2.5677380e-17  6.3346206e-17  4.1338596e-16  1.0000000   2.8696375e-16  
1.9283044e-16  1.6187350e-16  -2.0870405e-16  -5.1838787e-16  6.6028188e-16  -1.7554927e-16  -5.7560336e-17  -8.6997441e-16  2.5221465e-16  2.8696375e-16  1.0000000   1.9283044e-16  1.6187350e-16  -2.0870405e-16  -5.1838787e-16  6.6028188e-16  -1.7554927e-16  -5.7560336e-17  -8.6997441e-16  2.5221465e-16  2.8696375e-16  1.0000000   
