1.0000000   -1.8104736e-16  9.7283852e-18  -6.9563851e-17  1.5400330e-16  -3.6679082e-16  1.4032498e-16  -3.0267875e-17  1.7393313e-16  -3.3151525e-16  -1.9114283e-16  1.0000000   -1.8104736e-16  9.7283852e-18  -6.9563851e-17  1.5400330e-16  -3.6679082e-16  1.4032498e-16  -3.0267875e-17  1.7393313e-16  -3.3151525e-16  -1.9114283e-16  
-1.8104736e-16  1.0000000   -1.5715889e-17  -4.8539975e-16  -6.8771876e-17  -2.4477377e-16  7.3852040e-16  -5.5409507e-17  -1.0291175e-16  2.7563977e-16  3.1310785e-17  -1.8104736e-16  1.0000000   -1.5715889e-17  -4.8539975e-16  -6.8771876e-17  -2.4477377e-16  7.3852040e-16  -5.5409507e-17  -1.0291175e-16  2.7563977e-16  3.1310785e-17  
9.7283852e-18  -1.5715889e-17  1.0000000   -8.6862779e-17  2.6794881e-16  -5.0674672e-16  5.8426977e-16  -2.6646513e-16  2.7430728e-16  -7.6157770e-16  1.1356171e-16  9.7283852e-18  -1.5715889e-17  1.0000000   -8.6862779e-17  2.6794881e-16  -5.0674672e-16  5.8426977e-16  -2.6646513e-16  2.7430728e-16  -7.6157770e-16  1.1356171e-16  
-6.9563851e-17  -4.8539975e-16  -8.6862779e-17  1.0000000   -5.2682400e-16  -2.4305955e-16  2.6260562e-17  1.8561668e-16  3.5625613e-16  -3.3004438e-16  2.1984910e-16  -6.9563851e-17  -4.8539975e-16  -8.6862779e-17  1.0000000   -5.2682400e-16  -2.4305955e-16  2.6260562e-17  1.8561668e-16  3.5625613e-16  -3.3004438e-16  2.1984910e-16  
1.5400330e-16  -6.8771876e-17  2.6794881e-16  -5.2682400e-16  1.0000000   -1.5568180e-16  -1.3798590e-16  7.0415204e-16  5.5967490e-17  7.5324734e-17  -7.1934273e-17  1.5400330e-16  -6.8771876e-17  2.6794881e-16  -5.2682400e-16  1.0000000   -1.5568180e-16  -1.3798590e-16  7.0415204e-16  5.5967490e-17  7.5324734e-17  -7.1934273e-17  
-3.6679082e-16  -2.4477377e-16  -5.0674672e-16  -2.4305955e-16  -1.5568180e-16  1.0000000   -1.7960889e-16  -4.2525977e-17  -2.3746902e-16  -6.6309086e-16  -3.6535443e-17  -3.6679082e-16  -2.4477377e-16  -5.0674672e-16  -2.4305955e-16  -1.5568180e-16  1.0000000   -1.7960889e-16  -4.2525977e-17  -2.3746902e-16  -6.6309086e-16  -3.6535443e-17  
1.4032498e-16  7.3852040e-16  5.8426977e-16  2.6260562e-17  -1.3798590e-16  -1.7960889e-16  1.0000000   1.4274199e-16  1.5260993e-17  1.6318174e-16  5.5697498e-17  1.4032498e-16  7.3852040e-16  5.8426977e-16  2.6260562e-17  -1.3798590e-16  -1.7960889e-16  1.0000000   1.4274199e-16  1.5260993e-17  1.6318174e-16  5.5697498e-17  
-3.0267875e-17  -5.5409507e-17  -2.6646513e-16  1.8561668e-16  7.0415204e-16  -4.2525977e-17  1.4274199e-16  1.0000000   -2.3011259e-16  1.6088036e-16  4.7079277e-16  -3.0267875e-17  -5.5409507e-17  -2.6646513e-16  1.8561668e-16  7.0415204e-16  -4.2525977e-17  1.4274199e-16  1.0000000   -2.3011259e-16  1.6088036e-16  4.7079277e-16  
1.7393313e-16  -1.0291175e-16  2.7430728e-16  3.5625613e-16  5.5967490e-17  -2.3746902e-16  1.5260993e-17  -2.3011259e-16  1.0000000   -6.5379191e-17  4.1832035e-16  1.7393313e-16  -1.0291175e-16  2.7430728e-16  3.5625613e-16  5.5967490e-17  -2.3746902e-16  1.5260993e-17  -2.3011259e-16  1.0000000   -6.5379191e-17  4.1832035e-16  
-3.3151525e-16  2.7563977e-16  -7.6157770e-16  -3.3004438e-16  7.5324734e-17  -6.6309086e-16  1.6318174e-16  1.6088036e-16  -6.5379191e-17  1.0000000   -1.2318044e-15  -3.3151525e-16  2.7563977e-16  -7.6157770e-16  -3.3004438e-16  7.5324734e-17  -6.6309086e-16  1.6318174e-16  1.6088036e-16  -6.5379191e-17  1.0000000   -1.2318044e-15  
-1.9114283e-16  3.1310785e-17  1.1356171e-16  2.1984910e-16  -7.1934273e-17  -3.6535443e-17  5.5697498e-17  4.7079277e-16  4.1832035e-16  -1.2318044e-15  1.0000000   -1.9114283e-16  3.1310785e-17  1.1356171e-16  2.1984910e-16  -7.1934273e-17  -3.6535443e-17  5.5697498e-17  4.7079277e-16  4.1832035e-16  -1.2318044e-15  1.0000000   
1.0000000   -1.8104736e-16  9.7283852e-18  -6.9563851e-17  1.5400330e-16  -3.6679082e-16  1.4032498e-16  -3.0267875e-17  1.7393313e-16  -3.3151525e-16  -1.9114283e-16  1.0000000   -1.8104736e-16  9.7283852e-18  -6.9563851e-17  1.5400330e-16  -3.6679082e-16  1.4032498e-16  -3.0267875e-17  1.7393313e-16  -3.3151525e-16  -1.9114283e-16  
-1.8104736e-16  1.0000000   -1.5715889e-17  -4.8539975e-16  -6.8771876e-17  -2.4477377e-16  7.3852040e-16  -5.5409507e-17  -1.0291175e-16  2.7563977e-16  3.1310785e-17  -1.8104736e-16  1.0000000   -1.5715889e-17  -4.8539975e-16  -6.8771876e-17  -2.4477377e-16  7.3852040e-16  -5.5409507e-17  -1.0291175e-16  2.7563977e-16  3.1310785e-17  
9.7283852e-18  -1.5715889e-17  1.0000000   -8.6862779e-17  2.6794881e-16  -5.0674672e-16  5.8426977e-16  -2.6646513e-16  2.7430728e-16  -7.6157770e-16  1.1356171e-16  9.7283852e-18  -1.5715889e-17  1.0000000   -8.6862779e-17  2.6794881e-16  -5.0674672e-16  5.8426977e-16  -2.6646513e-16  2.7430728e-16  -7.6157770e-16  1.1356171e-16  
-6.9563851e-17  -4.8539975e-16  -8.6862779e-17  1.0000000   -5.2682400e-16  -2.4305955e-16  2.6260562e-17  1.8561668e-16  3.5625613e-16  -3.3004438e-16  2.1984910e-16  -6.9563851e-17  -4.8539975e-16  -8.6862779e-17  1.0000000   -5.2682400e-16  -2.4305955e-16  2.6260562e-17  1.8561668e-16  3.5625613e-16  -3.3004438e-16  2.1984910e-16  
1.5400330e-16  -6.8771876e-17  2.6794881e-16  -5.2682400e-16  1.0000000   -1.5568180e-16  -1.3798590e-16  7.0415204e-16  5.5967490e-17  7.5324734e-17  -7.1934273e-17  1.5400330e-16  -6.8771876e-17  2.6794881e-16  -5.2682400e-16  1.0000000   -1.5568180e-16  -1.3798590e-16  7.0415204e-16  5.5967490e-17  7.5324734e-17  -7.1934273e-17  
-3.6679082e-16  -2.4477377e-16  -5.0674672e-16  -2.4305955e-16  -1.5568180e-16  1.0000000   -1.7960889e-16  -4.2525977e-17  -2.3746902e-16  -6.6309086e-16  -3.6535443e-17  -3.6679082e-16  -2.4477377e-16  -5.0674672e-16  -2.4305955e-16  -1.5568180e-16  1.0000000   -1.7960889e-16  -4.2525977e-17  -2.3746902e-16  -6.6309086e-16  -3.6535443e-17  
1.4032498e-16  7.3852040e-16  5.8426977e-16  2.6260562e-17  -1.3798590e-16  -1.7960889e-16  1.0000000   1.4274199e-16  1.5260993e-17  1.6318174e-16  5.5697498e-17  1.4032498e-16  7.3852040e-16  5.8426977e-16  2.6260562e-17  -1.3798590e-16  -1.7960889e-16  1.0000000   1.4274199e-16  1.5260993e-17  1.6318174e-16  5.5697498e-17  
-3.0267875e-17  -5.5409507e-17  -2.6646513e-16  1.8561668e-16  7.0415204e-16  -4.2525977e-17  1.4274199e-16  1.0000000   -2.3011259e-16  1.6088036e-16  4.7079277e-16  -3.0267875e-17  -5.5409507e-17  -2.6646513e-16  1.8561668e-16  7.0415204e-16  -4.2525977e-17  1.4274199e-16  1.0000000   -2.3011259e-16  1.6088036e-16  4.7079277e-16  
1.7393313e-16  -1.0291175e-16  2.7430728e-16  3.5625613e-16  5.5967490e-17  -2.3746902e-16  1.5260993e-17  -2.3011259e-16  1.0000000   -6.5379191e-17  4.1832035e-16  1.7393313e-16  -1.0291175e-16  2.7430728e-16  3.5625613e-16  5.5967490e-17  -2.3746902e-16  1.5260993e-17  -2.3011259e-16  1.0000000   -6.5379191e-17  4.1832035e-16  
-3.3151525e-16  2.7563977e-16  -7.6157770e-16  -3.3004438e-16  7.5324734e-17  -6.6309086e-16  1.6318174e-16  1.6088036e-16  -6.5379191e-17  1.0000000   -1.2318044e-15  -3.3151525e-16  2.7563977e-16  -7.6157770e-16  -3.3004438e-16  7.5324734e-17  -6.6309086e-16  1.6318174e-16  1.6088036e-16  -6.5379191e-17  1.0000000   -1.2318044e-15  
-1.9114283e-16  3.1310785e-17  1.1356171e-16  2.1984910e-16  -7.1934273e-17  -3.6535443e-17  5.5697498e-17  4.7079277e-16  4.1832035e-16  -1.2318044e-15  1.0000000   -1.9114283e-16  3.1310785e-17  1.1356171e-16  2.1984910e-16  -7.1934273e-17  -3.6535443e-17  5.5697498e-17  4.7079277e-16  4.1832035e-16  -1.2318044e-15  1.0000000   
