1.0000000   -3.0746618e-16  -2.9941175e-16  -5.0250230e-19  -2.8509202e-16  -2.9473676e-16  5.1787954e-16  3.4176954e-16  -1.2423591e-16  -5.8785781e-17  -2.5346614e-16  1.0000000   -3.0746618e-16  -2.9941175e-16  -5.0250230e-19  -2.8509202e-16  -2.9473676e-16  5.1787954e-16  3.4176954e-16  -1.2423591e-16  -5.8785781e-17  -2.5346614e-16  
-3.0746618e-16  1.0000000   -2.8630561e-16  4.6558267e-16  -2.4594936e-16  7.0721999e-16  -5.1380172e-16  -1.4785722e-16  -4.2704437e-16  1.5384659e-16  -2.9446253e-17  -3.0746618e-16  1.0000000   -2.8630561e-16  4.6558267e-16  -2.4594936e-16  7.0721999e-16  -5.1380172e-16  -1.4785722e-16  -4.2704437e-16  1.5384659e-16  -2.9446253e-17  
-2.9941175e-16  -2.8630561e-16  1.0000000   2.6364155e-16  4.0031878e-16  -6.2244555e-16  -4.4598402e-16  1.4141080e-15  -1.9590602e-17  1.6693579e-16  -3.0004956e-16  -2.9941175e-16  -2.8630561e-16  1.0000000   2.6364155e-16  4.0031878e-16  -6.2244555e-16  -4.4598402e-16  1.4141080e-15  -1.9590602e-17  1.6693579e-16  -3.0004956e-16  
-5.0250230e-19  4.6558267e-16  2.6364155e-16  1.0000000   1.9935556e-16  -2.4640908e-16  -1.7328854e-16  4.7587285e-16  5.5399131e-16  -6.0971930e-16  -4.1996741e-17  -5.0250230e-19  4.6558267e-16  2.6364155e-16  1.0000000   1.9935556e-16  -2.4640908e-16  -1.7328854e-16  4.7587285e-16  5.5399131e-16  -6.0971930e-16  -4.1996741e-17  
-2.8509202e-16  -2.4594936e-16  4.0031878e-16  1.9935556e-16  1.0000000   -8.0209192e-16  -4.1124847e-16  1.7869134e-16  2.1358148e-16  -5.7922019e-16  5.3305816e-16  -2.8509202e-16  -2.4594936e-16  4.0031878e-16  1.9935556e-16  1.0000000   -8.0209192e-16  -4.1124847e-16  1.7869134e-16  2.1358148e-16  -5.7922019e-16  5.3305816e-16  
-2.9473676e-16  7.0721999e-16  -6.2244555e-16  -2.4640908e-16  -8.0209192e-16  1.0000000   -1.6961835e-17  -3.5163218e-16  -3.8316848e-16  3.0049426e-16  -4.1296922e-16  -2.9473676e-16  7.0721999e-16  -6.2244555e-16  -2.4640908e-16  -8.0209192e-16  1.0000000   -1.6961835e-17  -3.5163218e-16  -3.8316848e-16  3.0049426e-16  -4.1296922e-16  
5.1787954e-16  -5.1380172e-16  -4.4598402e-16  -1.7328854e-16  -4.1124847e-16  -1.6961835e-17  1.0000000   -8.3243518e-16  3.9364162e-17  4.9903475e-16  -7.3108642e-16  5.1787954e-16  -5.1380172e-16  -4.4598402e-16  -1.7328854e-16  -4.1124847e-16  -1.6961835e-17  1.0000000   -8.3243518e-16  3.9364162e-17  4.9903475e-16  -7.3108642e-16  
3.4176954e-16  -1.4785722e-16  1.4141080e-15  4.7587285e-16  1.7869134e-16  -3.5163218e-16  -8.3243518e-16  1.0000000   8.2478690e-16  2.5402603e-16  -1.0349337e-15  3.4176954e-16  -1.4785722e-16  1.4141080e-15  4.7587285e-16  1.7869134e-16  -3.5163218e-16  -8.3243518e-16  1.0000000   8.2478690e-16  2.5402603e-16  -1.0349337e-15  
-1.2423591e-16  -4.2704437e-16  -1.9590602e-17  5.5399131e-16  2.1358148e-16  -3.8316848e-16  3.9364162e-17  8.2478690e-16  1.0000000   -6.7257381e-17  -4.0867646e-16  -1.2423591e-16  -4.2704437e-16  -1.9590602e-17  5.5399131e-16  2.1358148e-16  -3.8316848e-16  3.9364162e-17  8.2478690e-16  1.0000000   -6.7257381e-17  -4.0867646e-16  
-5.8785781e-17  1.5384659e-16  1.6693579e-16  -6.0971930e-16  -5.7922019e-16  3.0049426e-16  4.9903475e-16  2.5402603e-16  -6.7257381e-17  1.0000000   2.7344087e-16  -5.8785781e-17  1.5384659e-16  1.6693579e-16  -6.0971930e-16  -5.7922019e-16  3.0049426e-16  4.9903475e-16  2.5402603e-16  -6.7257381e-17  1.0000000   2.7344087e-16  
-2.5346614e-16  -2.9446253e-17  -3.0004956e-16  -4.1996741e-17  5.3305816e-16  -4.1296922e-16  -7.3108642e-16  -1.0349337e-15  -4.0867646e-16  2.7344087e-16  1.0000000   -2.5346614e-16  -2.9446253e-17  -3.0004956e-16  -4.1996741e-17  5.3305816e-16  -4.1296922e-16  -7.3108642e-16  -1.0349337e-15  -4.0867646e-16  2.7344087e-16  1.0000000   
1.0000000   -3.0746618e-16  -2.9941175e-16  -5.0250230e-19  -2.8509202e-16  -2.9473676e-16  5.1787954e-16  3.4176954e-16  -1.2423591e-16  -5.8785781e-17  -2.5346614e-16  1.0000000   -3.0746618e-16  -2.9941175e-16  -5.0250230e-19  -2.8509202e-16  -2.9473676e-16  5.1787954e-16  3.4176954e-16  -1.2423591e-16  -5.8785781e-17  -2.5346614e-16  
-3.0746618e-16  1.0000000   -2.8630561e-16  4.6558267e-16  -2.4594936e-16  7.0721999e-16  -5.1380172e-16  -1.4785722e-16  -4.2704437e-16  1.5384659e-16  -2.9446253e-17  -3.0746618e-16  1.0000000   -2.8630561e-16  4.6558267e-16  -2.4594936e-16  7.0721999e-16  -5.1380172e-16  -1.4785722e-16  -4.2704437e-16  1.5384659e-16  -2.9446253e-17  
-2.9941175e-16  -2.8630561e-16  1.0000000   2.6364155e-16  4.0031878e-16  -6.2244555e-16  -4.4598402e-16  1.4141080e-15  -1.9590602e-17  1.6693579e-16  -3.0004956e-16  -2.9941175e-16  -2.8630561e-16  1.0000000   2.6364155e-16  4.0031878e-16  -6.2244555e-16  -4.4598402e-16  1.4141080e-15  -1.9590602e-17  1.6693579e-16  -3.0004956e-16  
-5.0250230e-19  4.6558267e-16  2.6364155e-16  1.0000000   1.9935556e-16  -2.4640908e-16  -1.7328854e-16  4.7587285e-16  5.5399131e-16  -6.0971930e-16  -4.1996741e-17  -5.0250230e-19  4.6558267e-16  2.6364155e-16  1.0000000   1.9935556e-16  -2.4640908e-16  -1.7328854e-16  4.7587285e-16  5.5399131e-16  -6.0971930e-16  -4.1996741e-17  
-2.8509202e-16  -2.4594936e-16  4.0031878e-16  1.9935556e-16  1.0000000   -8.0209192e-16  -4.1124847e-16  1.7869134e-16  2.1358148e-16  -5.7922019e-16  5.3305816e-16  -2.8509202e-16  -2.4594936e-16  4.0031878e-16  1.9935556e-16  1.0000000   -8.0209192e-16  -4.1124847e-16  1.7869134e-16  2.1358148e-16  -5.7922019e-16  5.3305816e-16  
-2.9473676e-16  7.0721999e-16  -6.2244555e-16  -2.4640908e-16  -8.0209192e-16  1.0000000   -1.6961835e-17  -3.5163218e-16  -3.8316848e-16  3.0049426e-16  -4.1296922e-16  -2.9473676e-16  7.0721999e-16  -6.2244555e-16  -2.4640908e-16  -8.0209192e-16  1.0000000   -1.6961835e-17  -3.5163218e-16  -3.8316848e-16  3.0049426e-16  -4.1296922e-16  
5.1787954e-16  -5.1380172e-16  -4.4598402e-16  -1.7328854e-16  -4.1124847e-16  -1.6961835e-17  1.0000000   -8.3243518e-16  3.9364162e-17  4.9903475e-16  -7.3108642e-16  5.1787954e-16  -5.1380172e-16  -4.4598402e-16  -1.7328854e-16  -4.1124847e-16  -1.6961835e-17  1.0000000   -8.3243518e-16  3.9364162e-17  4.9903475e-16  -7.3108642e-16  
3.4176954e-16  -1.4785722e-16  1.4141080e-15  4.7587285e-16  1.7869134e-16  -3.5163218e-16  -8.3243518e-16  1.0000000   8.2478690e-16  2.5402603e-16  -1.0349337e-15  3.4176954e-16  -1.4785722e-16  1.4141080e-15  4.7587285e-16  1.7869134e-16  -3.5163218e-16  -8.3243518e-16  1.0000000   8.2478690e-16  2.5402603e-16  -1.0349337e-15  
-1.2423591e-16  -4.2704437e-16  -1.9590602e-17  5.5399131e-16  2.1358148e-16  -3.8316848e-16  3.9364162e-17  8.2478690e-16  1.0000000   -6.7257381e-17  -4.0867646e-16  -1.2423591e-16  -4.2704437e-16  -1.9590602e-17  5.5399131e-16  2.1358148e-16  -3.8316848e-16  3.9364162e-17  8.2478690e-16  1.0000000   -6.7257381e-17  -4.0867646e-16  
-5.8785781e-17  1.5384659e-16  1.6693579e-16  -6.0971930e-16  -5.7922019e-16  3.0049426e-16  4.9903475e-16  2.5402603e-16  -6.7257381e-17  1.0000000   2.7344087e-16  -5.8785781e-17  1.5384659e-16  1.6693579e-16  -6.0971930e-16  -5.7922019e-16  3.0049426e-16  4.9903475e-16  2.5402603e-16  -6.7257381e-17  1.0000000   2.7344087e-16  
-2.5346614e-16  -2.9446253e-17  -3.0004956e-16  -4.1996741e-17  5.3305816e-16  -4.1296922e-16  -7.3108642e-16  -1.0349337e-15  -4.0867646e-16  2.7344087e-16  1.0000000   -2.5346614e-16  -2.9446253e-17  -3.0004956e-16  -4.1996741e-17  5.3305816e-16  -4.1296922e-16  -7.3108642e-16  -1.0349337e-15  -4.0867646e-16  2.7344087e-16  1.0000000   
