1.0000000   5.5025886e-16  -6.1203213e-17  -3.6321450e-16  -1.1176536e-16  5.8772059e-16  4.3829381e-16  -7.2976971e-17  1.1879722e-16  -2.0878600e-16  8.6198901e-16  1.0000000   5.5025886e-16  -6.1203213e-17  -3.6321450e-16  -1.1176536e-16  5.8772059e-16  4.3829381e-16  -7.2976971e-17  1.1879722e-16  -2.0878600e-16  8.6198901e-16  
5.5025886e-16  1.0000000   -6.9018203e-16  -8.5303841e-17  3.9122768e-16  -4.4559227e-16  -2.7886781e-16  -3.3277383e-16  5.6710868e-17  8.3829792e-18  -2.8044769e-16  5.5025886e-16  1.0000000   -6.9018203e-16  -8.5303841e-17  3.9122768e-16  -4.4559227e-16  -2.7886781e-16  -3.3277383e-16  5.6710868e-17  8.3829792e-18  -2.8044769e-16  
-6.1203213e-17  -6.9018203e-16  1.0000000   -8.9151912e-17  -1.4441746e-15  3.2749851e-16  -2.5804234e-16  -1.2500512e-16  -4.5781707e-17  -6.7357436e-17  1.6051656e-16  -6.1203213e-17  -6.9018203e-16  1.0000000   -8.9151912e-17  -1.4441746e-15  3.2749851e-16  -2.5804234e-16  -1.2500512e-16  -4.5781707e-17  -6.7357436e-17  1.6051656e-16  
-3.6321450e-16  -8.5303841e-17  -8.9151912e-17  1.0000000   9.1622045e-16  4.6488810e-16  -9.8727513e-17  -4.0585880e-16  7.8098132e-17  -4.4157564e-16  1.7765658e-16  -3.6321450e-16  -8.5303841e-17  -8.9151912e-17  1.0000000   9.1622045e-16  4.6488810e-16  -9.8727513e-17  -4.0585880e-16  7.8098132e-17  -4.4157564e-16  1.7765658e-16  
-1.1176536e-16  3.9122768e-16  -1.4441746e-15  9.1622045e-16  1.0000000   -2.6118790e-16  5.2173206e-16  -6.1060488e-17  5.8452028e-16  -1.8460919e-16  1.4449736e-16  -1.1176536e-16  3.9122768e-16  -1.4441746e-15  9.1622045e-16  1.0000000   -2.6118790e-16  5.2173206e-16  -6.1060488e-17  5.8452028e-16  -1.8460919e-16  1.4449736e-16  
5.8772059e-16  -4.4559227e-16  3.2749851e-16  4.6488810e-16  -2.6118790e-16  1.0000000   1.3593947e-16  -1.9198002e-16  4.9654151e-16  3.0960198e-16  -1.9281487e-16  5.8772059e-16  -4.4559227e-16  3.2749851e-16  4.6488810e-16  -2.6118790e-16  1.0000000   1.3593947e-16  -1.9198002e-16  4.9654151e-16  3.0960198e-16  -1.9281487e-16  
4.3829381e-16  -2.7886781e-16  -2.5804234e-16  -9.8727513e-17  5.2173206e-16  1.3593947e-16  1.0000000   2.7075408e-16  -1.1911782e-15  -7.7051411e-17  -2.1205782e-16  4.3829381e-16  -2.7886781e-16  -2.5804234e-16  -9.8727513e-17  5.2173206e-16  1.3593947e-16  1.0000000   2.7075408e-16  -1.1911782e-15  -7.7051411e-17  -2.1205782e-16  
-7.2976971e-17  -3.3277383e-16  -1.2500512e-16  -4.0585880e-16  -6.1060488e-17  -1.9198002e-16  2.7075408e-16  1.0000000   -4.8866220e-16  -4.6529299e-16  -3.7581010e-16  -7.2976971e-17  -3.3277383e-16  -1.2500512e-16  -4.0585880e-16  -6.1060488e-17  -1.9198002e-16  2.7075408e-16  1.0000000   -4.8866220e-16  -4.6529299e-16  -3.7581010e-16  
1.1879722e-16  5.6710868e-17  -4.5781707e-17  7.8098132e-17  5.8452028e-16  4.9654151e-16  -1.1911782e-15  -4.8866220e-16  1.0000000   5.5982345e-16  4.4431293e-16  1.1879722e-16  5.6710868e-17  -4.5781707e-17  7.8098132e-17  5.8452028e-16  4.9654151e-16  -1.1911782e-15  -4.8866220e-16  1.0000000   5.5982345e-16  4.4431293e-16  
-2.0878600e-16  8.3829792e-18  -6.7357436e-17  -4.4157564e-16  -1.8460919e-16  3.0960198e-16  -7.7051411e-17  -4.6529299e-16  5.5982345e-16  1.0000000   1.4023350e-16  -2.0878600e-16  8.3829792e-18  -6.7357436e-17  -4.4157564e-16  -1.8460919e-16  3.0960198e-16  -7.7051411e-17  -4.6529299e-16  5.5982345e-16  1.0000000   1.4023350e-16  
8.6198901e-16  -2.8044769e-16  1.6051656e-16  1.7765658e-16  1.4449736e-16  -1.9281487e-16  -2.1205782e-16  -3.7581010e-16  4.4431293e-16  1.4023350e-16  1.0000000   8.6198901e-16  -2.8044769e-16  1.6051656e-16  1.7765658e-16  1.4449736e-16  -1.9281487e-16  -2.1205782e-16  -3.7581010e-16  4.4431293e-16  1.4023350e-16  1.0000000   
1.0000000   5.5025886e-16  -6.1203213e-17  -3.6321450e-16  -1.1176536e-16  5.8772059e-16  4.3829381e-16  -7.2976971e-17  1.1879722e-16  -2.0878600e-16  8.6198901e-16  1.0000000   5.5025886e-16  -6.1203213e-17  -3.6321450e-16  -1.1176536e-16  5.8772059e-16  4.3829381e-16  -7.2976971e-17  1.1879722e-16  -2.0878600e-16  8.6198901e-16  
5.5025886e-16  1.0000000   -6.9018203e-16  -8.5303841e-17  3.9122768e-16  -4.4559227e-16  -2.7886781e-16  -3.3277383e-16  5.6710868e-17  8.3829792e-18  -2.8044769e-16  5.5025886e-16  1.0000000   -6.9018203e-16  -8.5303841e-17  3.9122768e-16  -4.4559227e-16  -2.7886781e-16  -3.3277383e-16  5.6710868e-17  8.3829792e-18  -2.8044769e-16  
-6.1203213e-17  -6.9018203e-16  1.0000000   -8.9151912e-17  -1.4441746e-15  3.2749851e-16  -2.5804234e-16  -1.2500512e-16  -4.5781707e-17  -6.7357436e-17  1.6051656e-16  -6.1203213e-17  -6.9018203e-16  1.0000000   -8.9151912e-17  -1.4441746e-15  3.2749851e-16  -2.5804234e-16  -1.2500512e-16  -4.5781707e-17  -6.7357436e-17  1.6051656e-16  
-3.6321450e-16  -8.5303841e-17  -8.9151912e-17  1.0000000   9.1622045e-16  4.6488810e-16  -9.8727513e-17  -4.0585880e-16  7.8098132e-17  -4.4157564e-16  1.7765658e-16  -3.6321450e-16  -8.5303841e-17  -8.9151912e-17  1.0000000   9.1622045e-16  4.6488810e-16  -9.8727513e-17  -4.0585880e-16  7.8098132e-17  -4.4157564e-16  1.7765658e-16  
-1.1176536e-16  3.9122768e-16  -1.4441746e-15  9.1622045e-16  1.0000000   -2.6118790e-16  5.2173206e-16  -6.1060488e-17  5.8452028e-16  -1.8460919e-16  1.4449736e-16  -1.1176536e-16  3.9122768e-16  -1.4441746e-15  9.1622045e-16  1.0000000   -2.6118790e-16  5.2173206e-16  -6.1060488e-17  5.8452028e-16  -1.8460919e-16  1.4449736e-16  
5.8772059e-16  -4.4559227e-16  3.2749851e-16  4.6488810e-16  -2.6118790e-16  1.0000000   1.3593947e-16  -1.9198002e-16  4.9654151e-16  3.0960198e-16  -1.9281487e-16  5.8772059e-16  -4.4559227e-16  3.2749851e-16  4.6488810e-16  -2.6118790e-16  1.0000000   1.3593947e-16  -1.9198002e-16  4.9654151e-16  3.0960198e-16  -1.9281487e-16  
4.3829381e-16  -2.7886781e-16  -2.5804234e-16  -9.8727513e-17  5.2173206e-16  1.3593947e-16  1.0000000   2.7075408e-16  -1.1911782e-15  -7.7051411e-17  -2.1205782e-16  4.3829381e-16  -2.7886781e-16  -2.5804234e-16  -9.8727513e-17  5.2173206e-16  1.3593947e-16  1.0000000   2.7075408e-16  -1.1911782e-15  -7.7051411e-17  -2.1205782e-16  
-7.2976971e-17  -3.3277383e-16  -1.2500512e-16  -4.0585880e-16  -6.1060488e-17  -1.9198002e-16  2.7075408e-16  1.0000000   -4.8866220e-16  -4.6529299e-16  -3.7581010e-16  -7.2976971e-17  -3.3277383e-16  -1.2500512e-16  -4.0585880e-16  -6.1060488e-17  -1.9198002e-16  2.7075408e-16  1.0000000   -4.8866220e-16  -4.6529299e-16  -3.7581010e-16  
1.1879722e-16  5.6710868e-17  -4.5781707e-17  7.8098132e-17  5.8452028e-16  4.9654151e-16  -1.1911782e-15  -4.8866220e-16  1.0000000   5.5982345e-16  4.4431293e-16  1.1879722e-16  5.6710868e-17  -4.5781707e-17  7.8098132e-17  5.8452028e-16  4.9654151e-16  -1.1911782e-15  -4.8866220e-16  1.0000000   5.5982345e-16  4.4431293e-16  
-2.0878600e-16  8.3829792e-18  -6.7357436e-17  -4.4157564e-16  -1.8460919e-16  3.0960198e-16  -7.7051411e-17  -4.6529299e-16  5.5982345e-16  1.0000000   1.4023350e-16  -2.0878600e-16  8.3829792e-18  -6.7357436e-17  -4.4157564e-16  -1.8460919e-16  3.0960198e-16  -7.7051411e-17  -4.6529299e-16  5.5982345e-16  1.0000000   1.4023350e-16  
8.6198901e-16  -2.8044769e-16  1.6051656e-16  1.7765658e-16  1.4449736e-16  -1.9281487e-16  -2.1205782e-16  -3.7581010e-16  4.4431293e-16  1.4023350e-16  1.0000000   8.6198901e-16  -2.8044769e-16  1.6051656e-16  1.7765658e-16  1.4449736e-16  -1.9281487e-16  -2.1205782e-16  -3.7581010e-16  4.4431293e-16  1.4023350e-16  1.0000000   
