1.0000000   -9.2763660e-17  9.2191489e-17  4.6532263e-16  -4.9140616e-18  -1.8660221e-16  -7.2785287e-16  -2.1662783e-16  -2.9215183e-16  -1.4758194e-16  1.5735780e-15  1.0000000   -9.2763660e-17  9.2191489e-17  4.6532263e-16  -4.9140616e-18  -1.8660221e-16  -7.2785287e-16  -2.1662783e-16  -2.9215183e-16  -1.4758194e-16  1.5735780e-15  
-9.2763660e-17  1.0000000   -5.5600090e-17  4.2762289e-16  -4.4050901e-16  -3.2457985e-16  5.8298525e-17  -1.3685765e-16  -8.6264165e-17  -2.6503153e-16  2.6526277e-16  -9.2763660e-17  1.0000000   -5.5600090e-17  4.2762289e-16  -4.4050901e-16  -3.2457985e-16  5.8298525e-17  -1.3685765e-16  -8.6264165e-17  -2.6503153e-16  2.6526277e-16  
9.2191489e-17  -5.5600090e-17  1.0000000   4.8499455e-16  2.6747924e-16  3.8354202e-16  -2.0223547e-16  5.4890488e-17  5.8290266e-17  -2.3223208e-16  -1.7178506e-16  9.2191489e-17  -5.5600090e-17  1.0000000   4.8499455e-16  2.6747924e-16  3.8354202e-16  -2.0223547e-16  5.4890488e-17  5.8290266e-17  -2.3223208e-16  -1.7178506e-16  
4.6532263e-16  4.2762289e-16  4.8499455e-16  1.0000000   5.9511836e-16  -4.7869686e-16  5.1085658e-16  3.8078451e-16  6.3756170e-17  -4.1230176e-16  4.8671360e-17  4.6532263e-16  4.2762289e-16  4.8499455e-16  1.0000000   5.9511836e-16  -4.7869686e-16  5.1085658e-16  3.8078451e-16  6.3756170e-17  -4.1230176e-16  4.8671360e-17  
-4.9140616e-18  -4.4050901e-16  2.6747924e-16  5.9511836e-16  1.0000000   2.1153526e-16  -1.7177913e-16  -5.7832445e-17  1.9076622e-16  -4.3512262e-16  -7.7875786e-17  -4.9140616e-18  -4.4050901e-16  2.6747924e-16  5.9511836e-16  1.0000000   2.1153526e-16  -1.7177913e-16  -5.7832445e-17  1.9076622e-16  -4.3512262e-16  -7.7875786e-17  
-1.8660221e-16  -3.2457985e-16  3.8354202e-16  -4.7869686e-16  2.1153526e-16  1.0000000   1.9389092e-16  -9.6806654e-16  -2.9635396e-16  -6.4636068e-16  -2.1101962e-16  -1.8660221e-16  -3.2457985e-16  3.8354202e-16  -4.7869686e-16  2.1153526e-16  1.0000000   1.9389092e-16  -9.6806654e-16  -2.9635396e-16  -6.4636068e-16  -2.1101962e-16  
-7.2785287e-16  5.8298525e-17  -2.0223547e-16  5.1085658e-16  -1.7177913e-16  1.9389092e-16  1.0000000   4.4604755e-17  -4.0685872e-16  2.9697123e-16  4.4346939e-16  -7.2785287e-16  5.8298525e-17  -2.0223547e-16  5.1085658e-16  -1.7177913e-16  1.9389092e-16  1.0000000   4.4604755e-17  -4.0685872e-16  2.9697123e-16  4.4346939e-16  
-2.1662783e-16  -1.3685765e-16  5.4890488e-17  3.8078451e-16  -5.7832445e-17  -9.6806654e-16  4.4604755e-17  1.0000000   3.7559537e-16  5.1869502e-16  -4.6151236e-16  -2.1662783e-16  -1.3685765e-16  5.4890488e-17  3.8078451e-16  -5.7832445e-17  -9.6806654e-16  4.4604755e-17  1.0000000   3.7559537e-16  5.1869502e-16  -4.6151236e-16  
-2.9215183e-16  -8.6264165e-17  5.8290266e-17  6.3756170e-17  1.9076622e-16  -2.9635396e-16  -4.0685872e-16  3.7559537e-16  1.0000000   3.8316065e-16  -1.7651193e-16  -2.9215183e-16  -8.6264165e-17  5.8290266e-17  6.3756170e-17  1.9076622e-16  -2.9635396e-16  -4.0685872e-16  3.7559537e-16  1.0000000   3.8316065e-16  -1.7651193e-16  
-1.4758194e-16  -2.6503153e-16  -2.3223208e-16  -4.1230176e-16  -4.3512262e-16  -6.4636068e-16  2.9697123e-16  5.1869502e-16  3.8316065e-16  1.0000000   -4.4195638e-16  -1.4758194e-16  -2.6503153e-16  -2.3223208e-16  -4.1230176e-16  -4.3512262e-16  -6.4636068e-16  2.9697123e-16  5.1869502e-16  3.8316065e-16  1.0000000   -4.4195638e-16  
1.5735780e-15  2.6526277e-16  -1.7178506e-16  4.8671360e-17  -7.7875786e-17  -2.1101962e-16  4.4346939e-16  -4.6151236e-16  -1.7651193e-16  -4.4195638e-16  1.0000000   1.5735780e-15  2.6526277e-16  -1.7178506e-16  4.8671360e-17  -7.7875786e-17  -2.1101962e-16  4.4346939e-16  -4.6151236e-16  -1.7651193e-16  -4.4195638e-16  1.0000000   
1.0000000   -9.2763660e-17  9.2191489e-17  4.6532263e-16  -4.9140616e-18  -1.8660221e-16  -7.2785287e-16  -2.1662783e-16  -2.9215183e-16  -1.4758194e-16  1.5735780e-15  1.0000000   -9.2763660e-17  9.2191489e-17  4.6532263e-16  -4.9140616e-18  -1.8660221e-16  -7.2785287e-16  -2.1662783e-16  -2.9215183e-16  -1.4758194e-16  1.5735780e-15  
-9.2763660e-17  1.0000000   -5.5600090e-17  4.2762289e-16  -4.4050901e-16  -3.2457985e-16  5.8298525e-17  -1.3685765e-16  -8.6264165e-17  -2.6503153e-16  2.6526277e-16  -9.2763660e-17  1.0000000   -5.5600090e-17  4.2762289e-16  -4.4050901e-16  -3.2457985e-16  5.8298525e-17  -1.3685765e-16  -8.6264165e-17  -2.6503153e-16  2.6526277e-16  
9.2191489e-17  -5.5600090e-17  1.0000000   4.8499455e-16  2.6747924e-16  3.8354202e-16  -2.0223547e-16  5.4890488e-17  5.8290266e-17  -2.3223208e-16  -1.7178506e-16  9.2191489e-17  -5.5600090e-17  1.0000000   4.8499455e-16  2.6747924e-16  3.8354202e-16  -2.0223547e-16  5.4890488e-17  5.8290266e-17  -2.3223208e-16  -1.7178506e-16  
4.6532263e-16  4.2762289e-16  4.8499455e-16  1.0000000   5.9511836e-16  -4.7869686e-16  5.1085658e-16  3.8078451e-16  6.3756170e-17  -4.1230176e-16  4.8671360e-17  4.6532263e-16  4.2762289e-16  4.8499455e-16  1.0000000   5.9511836e-16  -4.7869686e-16  5.1085658e-16  3.8078451e-16  6.3756170e-17  -4.1230176e-16  4.8671360e-17  
-4.9140616e-18  -4.4050901e-16  2.6747924e-16  5.9511836e-16  1.0000000   2.1153526e-16  -1.7177913e-16  -5.7832445e-17  1.9076622e-16  -4.3512262e-16  -7.7875786e-17  -4.9140616e-18  -4.4050901e-16  2.6747924e-16  5.9511836e-16  1.0000000   2.1153526e-16  -1.7177913e-16  -5.7832445e-17  1.9076622e-16  -4.3512262e-16  -7.7875786e-17  
-1.8660221e-16  -3.2457985e-16  3.8354202e-16  -4.7869686e-16  2.1153526e-16  1.0000000   1.9389092e-16  -9.6806654e-16  -2.9635396e-16  -6.4636068e-16  -2.1101962e-16  -1.8660221e-16  -3.2457985e-16  3.8354202e-16  -4.7869686e-16  2.1153526e-16  1.0000000   1.9389092e-16  -9.6806654e-16  -2.9635396e-16  -6.4636068e-16  -2.1101962e-16  
-7.2785287e-16  5.8298525e-17  -2.0223547e-16  5.1085658e-16  -1.7177913e-16  1.9389092e-16  1.0000000   4.4604755e-17  -4.0685872e-16  2.9697123e-16  4.4346939e-16  -7.2785287e-16  5.8298525e-17  -2.0223547e-16  5.1085658e-16  -1.7177913e-16  1.9389092e-16  1.0000000   4.4604755e-17  -4.0685872e-16  2.9697123e-16  4.4346939e-16  
-2.1662783e-16  -1.3685765e-16  5.4890488e-17  3.8078451e-16  -5.7832445e-17  -9.6806654e-16  4.4604755e-17  1.0000000   3.7559537e-16  5.1869502e-16  -4.6151236e-16  -2.1662783e-16  -1.3685765e-16  5.4890488e-17  3.8078451e-16  -5.7832445e-17  -9.6806654e-16  4.4604755e-17  1.0000000   3.7559537e-16  5.1869502e-16  -4.6151236e-16  
-2.9215183e-16  -8.6264165e-17  5.8290266e-17  6.3756170e-17  1.9076622e-16  -2.9635396e-16  -4.0685872e-16  3.7559537e-16  1.0000000   3.8316065e-16  -1.7651193e-16  -2.9215183e-16  -8.6264165e-17  5.8290266e-17  6.3756170e-17  1.9076622e-16  -2.9635396e-16  -4.0685872e-16  3.7559537e-16  1.0000000   3.8316065e-16  -1.7651193e-16  
-1.4758194e-16  -2.6503153e-16  -2.3223208e-16  -4.1230176e-16  -4.3512262e-16  -6.4636068e-16  2.9697123e-16  5.1869502e-16  3.8316065e-16  1.0000000   -4.4195638e-16  -1.4758194e-16  -2.6503153e-16  -2.3223208e-16  -4.1230176e-16  -4.3512262e-16  -6.4636068e-16  2.9697123e-16  5.1869502e-16  3.8316065e-16  1.0000000   -4.4195638e-16  
1.5735780e-15  2.6526277e-16  -1.7178506e-16  4.8671360e-17  -7.7875786e-17  -2.1101962e-16  4.4346939e-16  -4.6151236e-16  -1.7651193e-16  -4.4195638e-16  1.0000000   1.5735780e-15  2.6526277e-16  -1.7178506e-16  4.8671360e-17  -7.7875786e-17  -2.1101962e-16  4.4346939e-16  -4.6151236e-16  -1.7651193e-16  -4.4195638e-16  1.0000000   
