1.0000000   2.0073834e-17  1.9587637e-17  3.2650579e-16  9.3931083e-17  -5.2822245e-17  -5.2510961e-17  -1.1170332e-16  8.2838128e-17  4.4496658e-16  2.6536431e-16  1.0000000   2.0073834e-17  1.9587637e-17  3.2650579e-16  9.3931083e-17  -5.2822245e-17  -5.2510961e-17  -1.1170332e-16  8.2838128e-17  4.4496658e-16  2.6536431e-16  
2.0073834e-17  1.0000000   2.3050223e-16  6.9700901e-16  2.0162137e-17  -4.6168801e-16  -1.9118635e-16  7.3173694e-16  2.8047040e-16  1.5086821e-16  6.4215262e-17  2.0073834e-17  1.0000000   2.3050223e-16  6.9700901e-16  2.0162137e-17  -4.6168801e-16  -1.9118635e-16  7.3173694e-16  2.8047040e-16  1.5086821e-16  6.4215262e-17  
1.9587637e-17  2.3050223e-16  1.0000000   -1.0840815e-16  1.8057578e-16  -1.2364034e-16  1.7648440e-16  8.9626462e-16  2.8887127e-16  -1.7451605e-16  2.3865693e-16  1.9587637e-17  2.3050223e-16  1.0000000   -1.0840815e-16  1.8057578e-16  -1.2364034e-16  1.7648440e-16  8.9626462e-16  2.8887127e-16  -1.7451605e-16  2.3865693e-16  
3.2650579e-16  6.9700901e-16  -1.0840815e-16  1.0000000   1.5537888e-16  6.5133657e-17  7.0083506e-17  -9.7322380e-16  5.4257542e-17  -5.5864209e-16  4.6071816e-16  3.2650579e-16  6.9700901e-16  -1.0840815e-16  1.0000000   1.5537888e-16  6.5133657e-17  7.0083506e-17  -9.7322380e-16  5.4257542e-17  -5.5864209e-16  4.6071816e-16  
9.3931083e-17  2.0162137e-17  1.8057578e-16  1.5537888e-16  1.0000000   -1.2409544e-16  -2.9470860e-16  4.3241350e-17  -2.4948466e-16  2.2080931e-16  -2.4422077e-17  9.3931083e-17  2.0162137e-17  1.8057578e-16  1.5537888e-16  1.0000000   -1.2409544e-16  -2.9470860e-16  4.3241350e-17  -2.4948466e-16  2.2080931e-16  -2.4422077e-17  
-5.2822245e-17  -4.6168801e-16  -1.2364034e-16  6.5133657e-17  -1.2409544e-16  1.0000000   -2.5327492e-16  -2.8471827e-16  -6.6451376e-17  1.5844810e-17  4.0395679e-16  -5.2822245e-17  -4.6168801e-16  -1.2364034e-16  6.5133657e-17  -1.2409544e-16  1.0000000   -2.5327492e-16  -2.8471827e-16  -6.6451376e-17  1.5844810e-17  4.0395679e-16  
-5.2510961e-17  -1.9118635e-16  1.7648440e-16  7.0083506e-17  -2.9470860e-16  -2.5327492e-16  1.0000000   1.8479294e-16  -8.7848328e-17  3.5599471e-17  -2.5572560e-16  -5.2510961e-17  -1.9118635e-16  1.7648440e-16  7.0083506e-17  -2.9470860e-16  -2.5327492e-16  1.0000000   1.8479294e-16  -8.7848328e-17  3.5599471e-17  -2.5572560e-16  
-1.1170332e-16  7.3173694e-16  8.9626462e-16  -9.7322380e-16  4.3241350e-17  -2.8471827e-16  1.8479294e-16  1.0000000   -2.7788515e-16  -3.1908499e-16  6.0370156e-17  -1.1170332e-16  7.3173694e-16  8.9626462e-16  -9.7322380e-16  4.3241350e-17  -2.8471827e-16  1.8479294e-16  1.0000000   -2.7788515e-16  -3.1908499e-16  6.0370156e-17  
8.2838128e-17  2.8047040e-16  2.8887127e-16  5.4257542e-17  -2.4948466e-16  -6.6451376e-17  -8.7848328e-17  -2.7788515e-16  1.0000000   -1.3071201e-17  4.5234863e-16  8.2838128e-17  2.8047040e-16  2.8887127e-16  5.4257542e-17  -2.4948466e-16  -6.6451376e-17  -8.7848328e-17  -2.7788515e-16  1.0000000   -1.3071201e-17  4.5234863e-16  
4.4496658e-16  1.5086821e-16  -1.7451605e-16  -5.5864209e-16  2.2080931e-16  1.5844810e-17  3.5599471e-17  -3.1908499e-16  -1.3071201e-17  1.0000000   -3.8817508e-17  4.4496658e-16  1.5086821e-16  -1.7451605e-16  -5.5864209e-16  2.2080931e-16  1.5844810e-17  3.5599471e-17  -3.1908499e-16  -1.3071201e-17  1.0000000   -3.8817508e-17  
2.6536431e-16  6.4215262e-17  2.3865693e-16  4.6071816e-16  -2.4422077e-17  4.0395679e-16  -2.5572560e-16  6.0370156e-17  4.5234863e-16  -3.8817508e-17  1.0000000   2.6536431e-16  6.4215262e-17  2.3865693e-16  4.6071816e-16  -2.4422077e-17  4.0395679e-16  -2.5572560e-16  6.0370156e-17  4.5234863e-16  -3.8817508e-17  1.0000000   
1.0000000   2.0073834e-17  1.9587637e-17  3.2650579e-16  9.3931083e-17  -5.2822245e-17  -5.2510961e-17  -1.1170332e-16  8.2838128e-17  4.4496658e-16  2.6536431e-16  1.0000000   2.0073834e-17  1.9587637e-17  3.2650579e-16  9.3931083e-17  -5.2822245e-17  -5.2510961e-17  -1.1170332e-16  8.2838128e-17  4.4496658e-16  2.6536431e-16  
2.0073834e-17  1.0000000   2.3050223e-16  6.9700901e-16  2.0162137e-17  -4.6168801e-16  -1.9118635e-16  7.3173694e-16  2.8047040e-16  1.5086821e-16  6.4215262e-17  2.0073834e-17  1.0000000   2.3050223e-16  6.9700901e-16  2.0162137e-17  -4.6168801e-16  -1.9118635e-16  7.3173694e-16  2.8047040e-16  1.5086821e-16  6.4215262e-17  
1.9587637e-17  2.3050223e-16  1.0000000   -1.0840815e-16  1.8057578e-16  -1.2364034e-16  1.7648440e-16  8.9626462e-16  2.8887127e-16  -1.7451605e-16  2.3865693e-16  1.9587637e-17  2.3050223e-16  1.0000000   -1.0840815e-16  1.8057578e-16  -1.2364034e-16  1.7648440e-16  8.9626462e-16  2.8887127e-16  -1.7451605e-16  2.3865693e-16  
3.2650579e-16  6.9700901e-16  -1.0840815e-16  1.0000000   1.5537888e-16  6.5133657e-17  7.0083506e-17  -9.7322380e-16  5.4257542e-17  -5.5864209e-16  4.6071816e-16  3.2650579e-16  6.9700901e-16  -1.0840815e-16  1.0000000   1.5537888e-16  6.5133657e-17  7.0083506e-17  -9.7322380e-16  5.4257542e-17  -5.5864209e-16  4.6071816e-16  
9.3931083e-17  2.0162137e-17  1.8057578e-16  1.5537888e-16  1.0000000   -1.2409544e-16  -2.9470860e-16  4.3241350e-17  -2.4948466e-16  2.2080931e-16  -2.4422077e-17  9.3931083e-17  2.0162137e-17  1.8057578e-16  1.5537888e-16  1.0000000   -1.2409544e-16  -2.9470860e-16  4.3241350e-17  -2.4948466e-16  2.2080931e-16  -2.4422077e-17  
-5.2822245e-17  -4.6168801e-16  -1.2364034e-16  6.5133657e-17  -1.2409544e-16  1.0000000   -2.5327492e-16  -2.8471827e-16  -6.6451376e-17  1.5844810e-17  4.0395679e-16  -5.2822245e-17  -4.6168801e-16  -1.2364034e-16  6.5133657e-17  -1.2409544e-16  1.0000000   -2.5327492e-16  -2.8471827e-16  -6.6451376e-17  1.5844810e-17  4.0395679e-16  
-5.2510961e-17  -1.9118635e-16  1.7648440e-16  7.0083506e-17  -2.9470860e-16  -2.5327492e-16  1.0000000   1.8479294e-16  -8.7848328e-17  3.5599471e-17  -2.5572560e-16  -5.2510961e-17  -1.9118635e-16  1.7648440e-16  7.0083506e-17  -2.9470860e-16  -2.5327492e-16  1.0000000   1.8479294e-16  -8.7848328e-17  3.5599471e-17  -2.5572560e-16  
-1.1170332e-16  7.3173694e-16  8.9626462e-16  -9.7322380e-16  4.3241350e-17  -2.8471827e-16  1.8479294e-16  1.0000000   -2.7788515e-16  -3.1908499e-16  6.0370156e-17  -1.1170332e-16  7.3173694e-16  8.9626462e-16  -9.7322380e-16  4.3241350e-17  -2.8471827e-16  1.8479294e-16  1.0000000   -2.7788515e-16  -3.1908499e-16  6.0370156e-17  
8.2838128e-17  2.8047040e-16  2.8887127e-16  5.4257542e-17  -2.4948466e-16  -6.6451376e-17  -8.7848328e-17  -2.7788515e-16  1.0000000   -1.3071201e-17  4.5234863e-16  8.2838128e-17  2.8047040e-16  2.8887127e-16  5.4257542e-17  -2.4948466e-16  -6.6451376e-17  -8.7848328e-17  -2.7788515e-16  1.0000000   -1.3071201e-17  4.5234863e-16  
4.4496658e-16  1.5086821e-16  -1.7451605e-16  -5.5864209e-16  2.2080931e-16  1.5844810e-17  3.5599471e-17  -3.1908499e-16  -1.3071201e-17  1.0000000   -3.8817508e-17  4.4496658e-16  1.5086821e-16  -1.7451605e-16  -5.5864209e-16  2.2080931e-16  1.5844810e-17  3.5599471e-17  -3.1908499e-16  -1.3071201e-17  1.0000000   -3.8817508e-17  
2.6536431e-16  6.4215262e-17  2.3865693e-16  4.6071816e-16  -2.4422077e-17  4.0395679e-16  -2.5572560e-16  6.0370156e-17  4.5234863e-16  -3.8817508e-17  1.0000000   2.6536431e-16  6.4215262e-17  2.3865693e-16  4.6071816e-16  -2.4422077e-17  4.0395679e-16  -2.5572560e-16  6.0370156e-17  4.5234863e-16  -3.8817508e-17  1.0000000   
