1.0000000   6.9749119e-16  1.1337705e-16  -5.7576218e-17  -5.5166276e-17  2.1921128e-16  4.6272563e-17  -2.0141914e-16  4.0184259e-16  -1.4086920e-16  4.1154705e-16  1.0000000   6.9749119e-16  1.1337705e-16  -5.7576218e-17  -5.5166276e-17  2.1921128e-16  4.6272563e-17  -2.0141914e-16  4.0184259e-16  -1.4086920e-16  4.1154705e-16  
6.9749119e-16  1.0000000   -7.7922796e-16  -8.6194708e-16  -2.1391394e-16  2.2484490e-16  2.9734245e-17  -6.0852859e-16  -1.7391026e-16  -3.9724744e-16  9.0293712e-19  6.9749119e-16  1.0000000   -7.7922796e-16  -8.6194708e-16  -2.1391394e-16  2.2484490e-16  2.9734245e-17  -6.0852859e-16  -1.7391026e-16  -3.9724744e-16  9.0293712e-19  
1.1337705e-16  -7.7922796e-16  1.0000000   -8.7283188e-16  -4.5550743e-16  8.3259104e-18  2.8424943e-17  2.3590037e-16  -8.6940309e-17  -5.5098350e-16  -2.5943793e-16  1.1337705e-16  -7.7922796e-16  1.0000000   -8.7283188e-16  -4.5550743e-16  8.3259104e-18  2.8424943e-17  2.3590037e-16  -8.6940309e-17  -5.5098350e-16  -2.5943793e-16  
-5.7576218e-17  -8.6194708e-16  -8.7283188e-16  1.0000000   -6.1791054e-16  -7.4085313e-17  2.0553509e-16  -2.5879504e-17  -4.8180250e-16  3.4449677e-17  -8.1108783e-16  -5.7576218e-17  -8.6194708e-16  -8.7283188e-16  1.0000000   -6.1791054e-16  -7.4085313e-17  2.0553509e-16  -2.5879504e-17  -4.8180250e-16  3.4449677e-17  -8.1108783e-16  
-5.5166276e-17  -2.1391394e-16  -4.5550743e-16  -6.1791054e-16  1.0000000   -1.5403421e-16  -7.1012479e-16  1.6821463e-16  1.1560814e-16  -3.7472949e-17  1.5496468e-17  -5.5166276e-17  -2.1391394e-16  -4.5550743e-16  -6.1791054e-16  1.0000000   -1.5403421e-16  -7.1012479e-16  1.6821463e-16  1.1560814e-16  -3.7472949e-17  1.5496468e-17  
2.1921128e-16  2.2484490e-16  8.3259104e-18  -7.4085313e-17  -1.5403421e-16  1.0000000   2.2307142e-16  6.1755933e-16  8.8045136e-16  6.5468511e-16  -2.4886252e-17  2.1921128e-16  2.2484490e-16  8.3259104e-18  -7.4085313e-17  -1.5403421e-16  1.0000000   2.2307142e-16  6.1755933e-16  8.8045136e-16  6.5468511e-16  -2.4886252e-17  
4.6272563e-17  2.9734245e-17  2.8424943e-17  2.0553509e-16  -7.1012479e-16  2.2307142e-16  1.0000000   8.3082037e-16  3.7602927e-16  1.8971833e-16  -7.8485935e-16  4.6272563e-17  2.9734245e-17  2.8424943e-17  2.0553509e-16  -7.1012479e-16  2.2307142e-16  1.0000000   8.3082037e-16  3.7602927e-16  1.8971833e-16  -7.8485935e-16  
-2.0141914e-16  -6.0852859e-16  2.3590037e-16  -2.5879504e-17  1.6821463e-16  6.1755933e-16  8.3082037e-16  1.0000000   -8.7890452e-16  8.2304482e-16  -3.2757088e-16  -2.0141914e-16  -6.0852859e-16  2.3590037e-16  -2.5879504e-17  1.6821463e-16  6.1755933e-16  8.3082037e-16  1.0000000   -8.7890452e-16  8.2304482e-16  -3.2757088e-16  
4.0184259e-16  -1.7391026e-16  -8.6940309e-17  -4.8180250e-16  1.1560814e-16  8.8045136e-16  3.7602927e-16  -8.7890452e-16  1.0000000   5.9048869e-16  -3.2243220e-16  4.0184259e-16  -1.7391026e-16  -8.6940309e-17  -4.8180250e-16  1.1560814e-16  8.8045136e-16  3.7602927e-16  -8.7890452e-16  1.0000000   5.9048869e-16  -3.2243220e-16  
-1.4086920e-16  -3.9724744e-16  -5.5098350e-16  3.4449677e-17  -3.7472949e-17  6.5468511e-16  1.8971833e-16  8.2304482e-16  5.9048869e-16  1.0000000   -3.9803942e-16  -1.4086920e-16  -3.9724744e-16  -5.5098350e-16  3.4449677e-17  -3.7472949e-17  6.5468511e-16  1.8971833e-16  8.2304482e-16  5.9048869e-16  1.0000000   -3.9803942e-16  
4.1154705e-16  9.0293712e-19  -2.5943793e-16  -8.1108783e-16  1.5496468e-17  -2.4886252e-17  -7.8485935e-16  -3.2757088e-16  -3.2243220e-16  -3.9803942e-16  1.0000000   4.1154705e-16  9.0293712e-19  -2.5943793e-16  -8.1108783e-16  1.5496468e-17  -2.4886252e-17  -7.8485935e-16  -3.2757088e-16  -3.2243220e-16  -3.9803942e-16  1.0000000   
1.0000000   6.9749119e-16  1.1337705e-16  -5.7576218e-17  -5.5166276e-17  2.1921128e-16  4.6272563e-17  -2.0141914e-16  4.0184259e-16  -1.4086920e-16  4.1154705e-16  1.0000000   6.9749119e-16  1.1337705e-16  -5.7576218e-17  -5.5166276e-17  2.1921128e-16  4.6272563e-17  -2.0141914e-16  4.0184259e-16  -1.4086920e-16  4.1154705e-16  
6.9749119e-16  1.0000000   -7.7922796e-16  -8.6194708e-16  -2.1391394e-16  2.2484490e-16  2.9734245e-17  -6.0852859e-16  -1.7391026e-16  -3.9724744e-16  9.0293712e-19  6.9749119e-16  1.0000000   -7.7922796e-16  -8.6194708e-16  -2.1391394e-16  2.2484490e-16  2.9734245e-17  -6.0852859e-16  -1.7391026e-16  -3.9724744e-16  9.0293712e-19  
1.1337705e-16  -7.7922796e-16  1.0000000   -8.7283188e-16  -4.5550743e-16  8.3259104e-18  2.8424943e-17  2.3590037e-16  -8.6940309e-17  -5.5098350e-16  -2.5943793e-16  1.1337705e-16  -7.7922796e-16  1.0000000   -8.7283188e-16  -4.5550743e-16  8.3259104e-18  2.8424943e-17  2.3590037e-16  -8.6940309e-17  -5.5098350e-16  -2.5943793e-16  
-5.7576218e-17  -8.6194708e-16  -8.7283188e-16  1.0000000   -6.1791054e-16  -7.4085313e-17  2.0553509e-16  -2.5879504e-17  -4.8180250e-16  3.4449677e-17  -8.1108783e-16  -5.7576218e-17  -8.6194708e-16  -8.7283188e-16  1.0000000   -6.1791054e-16  -7.4085313e-17  2.0553509e-16  -2.5879504e-17  -4.8180250e-16  3.4449677e-17  -8.1108783e-16  
-5.5166276e-17  -2.1391394e-16  -4.5550743e-16  -6.1791054e-16  1.0000000   -1.5403421e-16  -7.1012479e-16  1.6821463e-16  1.1560814e-16  -3.7472949e-17  1.5496468e-17  -5.5166276e-17  -2.1391394e-16  -4.5550743e-16  -6.1791054e-16  1.0000000   -1.5403421e-16  -7.1012479e-16  1.6821463e-16  1.1560814e-16  -3.7472949e-17  1.5496468e-17  
2.1921128e-16  2.2484490e-16  8.3259104e-18  -7.4085313e-17  -1.5403421e-16  1.0000000   2.2307142e-16  6.1755933e-16  8.8045136e-16  6.5468511e-16  -2.4886252e-17  2.1921128e-16  2.2484490e-16  8.3259104e-18  -7.4085313e-17  -1.5403421e-16  1.0000000   2.2307142e-16  6.1755933e-16  8.8045136e-16  6.5468511e-16  -2.4886252e-17  
4.6272563e-17  2.9734245e-17  2.8424943e-17  2.0553509e-16  -7.1012479e-16  2.2307142e-16  1.0000000   8.3082037e-16  3.7602927e-16  1.8971833e-16  -7.8485935e-16  4.6272563e-17  2.9734245e-17  2.8424943e-17  2.0553509e-16  -7.1012479e-16  2.2307142e-16  1.0000000   8.3082037e-16  3.7602927e-16  1.8971833e-16  -7.8485935e-16  
-2.0141914e-16  -6.0852859e-16  2.3590037e-16  -2.5879504e-17  1.6821463e-16  6.1755933e-16  8.3082037e-16  1.0000000   -8.7890452e-16  8.2304482e-16  -3.2757088e-16  -2.0141914e-16  -6.0852859e-16  2.3590037e-16  -2.5879504e-17  1.6821463e-16  6.1755933e-16  8.3082037e-16  1.0000000   -8.7890452e-16  8.2304482e-16  -3.2757088e-16  
4.0184259e-16  -1.7391026e-16  -8.6940309e-17  -4.8180250e-16  1.1560814e-16  8.8045136e-16  3.7602927e-16  -8.7890452e-16  1.0000000   5.9048869e-16  -3.2243220e-16  4.0184259e-16  -1.7391026e-16  -8.6940309e-17  -4.8180250e-16  1.1560814e-16  8.8045136e-16  3.7602927e-16  -8.7890452e-16  1.0000000   5.9048869e-16  -3.2243220e-16  
-1.4086920e-16  -3.9724744e-16  -5.5098350e-16  3.4449677e-17  -3.7472949e-17  6.5468511e-16  1.8971833e-16  8.2304482e-16  5.9048869e-16  1.0000000   -3.9803942e-16  -1.4086920e-16  -3.9724744e-16  -5.5098350e-16  3.4449677e-17  -3.7472949e-17  6.5468511e-16  1.8971833e-16  8.2304482e-16  5.9048869e-16  1.0000000   -3.9803942e-16  
4.1154705e-16  9.0293712e-19  -2.5943793e-16  -8.1108783e-16  1.5496468e-17  -2.4886252e-17  -7.8485935e-16  -3.2757088e-16  -3.2243220e-16  -3.9803942e-16  1.0000000   4.1154705e-16  9.0293712e-19  -2.5943793e-16  -8.1108783e-16  1.5496468e-17  -2.4886252e-17  -7.8485935e-16  -3.2757088e-16  -3.2243220e-16  -3.9803942e-16  1.0000000   
